Ticker,Name,buy,sell,diff,Branch,Date,Branch_Code
2002,中鋼,750,15,735,國票-敦北法人,2023-01-03,0037003700390063
1513,中興電,493,113,380,國票-敦北法人,2023-01-03,0037003700390063
2610,華航,262,6,256,國票-敦北法人,2023-01-03,0037003700390063
5876,上海商銀,245,0,245,國票-敦北法人,2023-01-03,0037003700390063
2618,長榮航,192,22,170,國票-敦北法人,2023-01-03,0037003700390063
1477,聚陽,126,15,111,國票-敦北法人,2023-01-03,0037003700390063
3481,群創,138,38,100,國票-敦北法人,2023-01-03,0037003700390063
1722,台肥,100,0,100,國票-敦北法人,2023-01-03,0037003700390063
5425,台半,102,3,99,國票-敦北法人,2023-01-03,0037003700390063
2330,台積電,120,23,97,國票-敦北法人,2023-01-03,0037003700390063
3034,聯詠,99,16,83,國票-敦北法人,2023-01-03,0037003700390063
8436,大江,84,1,83,國票-敦北法人,2023-01-03,0037003700390063
8299,群聯,83,1,82,國票-敦北法人,2023-01-03,0037003700390063
1102,亞泥,73,0,73,國票-敦北法人,2023-01-03,0037003700390063
2891,中信金,82,11,71,國票-敦北法人,2023-01-03,0037003700390063
1326,台化,66,0,66,國票-敦北法人,2023-01-03,0037003700390063
1519,華城,110,47,63,國票-敦北法人,2023-01-03,0037003700390063
2883,凱基金,62,0,62,國票-敦北法人,2023-01-03,0037003700390063
8069,元太,110,48,62,國票-敦北法人,2023-01-03,0037003700390063
1802,台玻,61,2,59,國票-敦北法人,2023-01-03,0037003700390063
2884,玉山金,65,11,54,國票-敦北法人,2023-01-03,0037003700390063
6180,橘子,82,29,53,國票-敦北法人,2023-01-03,0037003700390063
2885,元大金,59,10,49,國票-敦北法人,2023-01-03,0037003700390063
2890,永豐金,49,0,49,國票-敦北法人,2023-01-03,0037003700390063
2886,兆豐金,47,0,47,國票-敦北法人,2023-01-03,0037003700390063
2530,華建,45,0,45,國票-敦北法人,2023-01-03,0037003700390063
6806,森崴能源,78,33,45,國票-敦北法人,2023-01-03,0037003700390063
2887,台新金,87,43,44,國票-敦北法人,2023-01-03,0037003700390063
6143,振曜,52,10,42,國票-敦北法人,2023-01-03,0037003700390063
2892,第一金,41,0,41,國票-敦北法人,2023-01-03,0037003700390063
3703,欣陸,40,0,40,國票-敦北法人,2023-01-03,0037003700390063
5880,合庫金,40,0,40,國票-敦北法人,2023-01-03,0037003700390063
2880,華南金,40,0,40,國票-敦北法人,2023-01-03,0037003700390063
2345,智邦,39,0,39,國票-敦北法人,2023-01-03,0037003700390063
3653,健策,41,3,38,國票-敦北法人,2023-01-03,0037003700390063
4102,永日,30,0,30,國票-敦北法人,2023-01-03,0037003700390063
6116,彩晶,36,6,30,國票-敦北法人,2023-01-03,0037003700390063
1402,遠東新,30,0,30,國票-敦北法人,2023-01-03,0037003700390063
2303,聯電,99,70,29,國票-敦北法人,2023-01-03,0037003700390063
6223,旺矽,70,42,28,國票-敦北法人,2023-01-03,0037003700390063
4979,華星光,50,22,28,國票-敦北法人,2023-01-03,0037003700390063
1101,台泥,31,4,27,國票-敦北法人,2023-01-03,0037003700390063
2801,彰銀,27,0,27,國票-敦北法人,2023-01-03,0037003700390063
3515,華擎,38,12,26,國票-敦北法人,2023-01-03,0037003700390063
00632R,元大台灣50反1,55,30,25,國票-敦北法人,2023-01-03,0037003700390063
8171,天宇,41,17,24,國票-敦北法人,2023-01-03,0037003700390063
1303,南亞,23,0,23,國票-敦北法人,2023-01-03,0037003700390063
2881,富邦金,45,22,23,國票-敦北法人,2023-01-03,0037003700390063
3443,創意,37,14,23,國票-敦北法人,2023-01-03,0037003700390063
6533,晶心科,29,7,22,國票-敦北法人,2023-01-03,0037003700390063
8044,網家,979,7,972,國票-敦北法人,2023-01-04,0037003700390063
8069,元太,517,34,483,國票-敦北法人,2023-01-04,0037003700390063
3443,創意,400,17,383,國票-敦北法人,2023-01-04,0037003700390063
00680L,元大美債20正2,300,0,300,國票-敦北法人,2023-01-04,0037003700390063
1605,華新,292,106,186,國票-敦北法人,2023-01-04,0037003700390063
8086,宏捷科,123,2,121,國票-敦北法人,2023-01-04,0037003700390063
3587,閎康,109,0,109,國票-敦北法人,2023-01-04,0037003700390063
006208,富邦台50,108,0,108,國票-敦北法人,2023-01-04,0037003700390063
1909,榮成,118,28,90,國票-敦北法人,2023-01-04,0037003700390063
2201,裕隆,195,111,84,國票-敦北法人,2023-01-04,0037003700390063
3479,安勤,82,17,65,國票-敦北法人,2023-01-04,0037003700390063
3105,穩懋,59,0,59,國票-敦北法人,2023-01-04,0037003700390063
1210,大成,50,0,50,國票-敦北法人,2023-01-04,0037003700390063
2882,國泰金,77,30,47,國票-敦北法人,2023-01-04,0037003700390063
5388,中磊,40,0,40,國票-敦北法人,2023-01-04,0037003700390063
1781,合世,40,0,40,國票-敦北法人,2023-01-04,0037003700390063
2368,金像電,49,17,32,國票-敦北法人,2023-01-04,0037003700390063
4915,致伸,32,0,32,國票-敦北法人,2023-01-04,0037003700390063
6223,旺矽,33,3,30,國票-敦北法人,2023-01-04,0037003700390063
1736,喬山,30,0,30,國票-敦北法人,2023-01-04,0037003700390063
00632R,元大台灣50反1,30,0,30,國票-敦北法人,2023-01-04,0037003700390063
5272,笙科,30,0,30,國票-敦北法人,2023-01-04,0037003700390063
8358,金居,52,23,29,國票-敦北法人,2023-01-04,0037003700390063
3708,上緯投控,41,13,28,國票-敦北法人,2023-01-04,0037003700390063
3038,全台,27,1,26,國票-敦北法人,2023-01-04,0037003700390063
3447,展達,24,0,24,國票-敦北法人,2023-01-04,0037003700390063
3661,世芯-KY,34,11,23,國票-敦北法人,2023-01-04,0037003700390063
0050,元大台灣50,23,1,22,國票-敦北法人,2023-01-04,0037003700390063
2406,國碩,23,1,22,國票-敦北法人,2023-01-04,0037003700390063
0056,元大高股息,22,2,20,國票-敦北法人,2023-01-04,0037003700390063
6279,胡連,20,0,20,國票-敦北法人,2023-01-04,0037003700390063
9933,中鼎,20,0,20,國票-敦北法人,2023-01-04,0037003700390063
6517,保勝光學,21,2,19,國票-敦北法人,2023-01-04,0037003700390063
2701,萬企,19,0,19,國票-敦北法人,2023-01-04,0037003700390063
3529,力旺,20,1,19,國票-敦北法人,2023-01-04,0037003700390063
1707,葡萄王,18,0,18,國票-敦北法人,2023-01-04,0037003700390063
2314,台揚,16,0,16,國票-敦北法人,2023-01-04,0037003700390063
4746,台耀,16,1,15,國票-敦北法人,2023-01-04,0037003700390063
2063,世鎧,15,0,15,國票-敦北法人,2023-01-04,0037003700390063
6235,華孚,156,141,15,國票-敦北法人,2023-01-04,0037003700390063
00650L,復華香港正2,15,0,15,國票-敦北法人,2023-01-04,0037003700390063
1321,大洋,15,0,15,國票-敦北法人,2023-01-04,0037003700390063
00893,國泰智能電動車,14,0,14,國票-敦北法人,2023-01-04,0037003700390063
3704,合勤控,29,15,14,國票-敦北法人,2023-01-04,0037003700390063
5483,中美晶,19,6,13,國票-敦北法人,2023-01-04,0037003700390063
1718,中纖,12,0,12,國票-敦北法人,2023-01-04,0037003700390063
4763,材料-KY,26,15,11,國票-敦北法人,2023-01-04,0037003700390063
8299,群聯,11,0,11,國票-敦北法人,2023-01-04,0037003700390063
2498,宏達電,35,24,11,國票-敦北法人,2023-01-04,0037003700390063
00720B,元大投資級公司債,10,0,10,國票-敦北法人,2023-01-04,0037003700390063
2748,雲品,2339,1146,1193,國票-敦北法人,2023-01-05,0037003700390063
2338,光罩,418,29,389,國票-敦北法人,2023-01-05,0037003700390063
8171,天宇,449,177,272,國票-敦北法人,2023-01-05,0037003700390063
5347,世界,203,7,196,國票-敦北法人,2023-01-05,0037003700390063
3231,緯創,156,6,150,國票-敦北法人,2023-01-05,0037003700390063
1909,榮成,217,72,145,國票-敦北法人,2023-01-05,0037003700390063
1701,中化,162,23,139,國票-敦北法人,2023-01-05,0037003700390063
3044,健鼎,134,0,134,國票-敦北法人,2023-01-05,0037003700390063
6781,AES-KY,134,8,126,國票-敦北法人,2023-01-05,0037003700390063
2002,中鋼,106,6,100,國票-敦北法人,2023-01-05,0037003700390063
5014,建錩,90,1,89,國票-敦北法人,2023-01-05,0037003700390063
2204,中華,137,71,66,國票-敦北法人,2023-01-05,0037003700390063
4968,立積,68,8,60,國票-敦北法人,2023-01-05,0037003700390063
2031,新光鋼,50,0,50,國票-敦北法人,2023-01-05,0037003700390063
8084,巨虹,50,0,50,國票-敦北法人,2023-01-05,0037003700390063
6180,橘子,76,35,41,國票-敦北法人,2023-01-05,0037003700390063
6118,建達,71,31,40,國票-敦北法人,2023-01-05,0037003700390063
6245,立端,40,0,40,國票-敦北法人,2023-01-05,0037003700390063
3704,合勤控,80,41,39,國票-敦北法人,2023-01-05,0037003700390063
3034,聯詠,45,7,38,國票-敦北法人,2023-01-05,0037003700390063
3081,聯亞,30,0,30,國票-敦北法人,2023-01-05,0037003700390063
1102,亞泥,31,1,30,國票-敦北法人,2023-01-05,0037003700390063
3038,全台,30,0,30,國票-敦北法人,2023-01-05,0037003700390063
9103,美德醫療-DR,30,0,30,國票-敦北法人,2023-01-05,0037003700390063
2501,國建,30,1,29,國票-敦北法人,2023-01-05,0037003700390063
2345,智邦,29,0,29,國票-敦北法人,2023-01-05,0037003700390063
6111,大宇資,101,74,27,國票-敦北法人,2023-01-05,0037003700390063
6669,緯穎,40,15,25,國票-敦北法人,2023-01-05,0037003700390063
2330,台積電,47,24,23,國票-敦北法人,2023-01-05,0037003700390063
0056,元大高股息,21,0,21,國票-敦北法人,2023-01-05,0037003700390063
9914,美利達,20,0,20,國票-敦北法人,2023-01-05,0037003700390063
6719,力智,22,2,20,國票-敦北法人,2023-01-05,0037003700390063
5483,中美晶,20,1,19,國票-敦北法人,2023-01-05,0037003700390063
2614,東森,32,13,19,國票-敦北法人,2023-01-05,0037003700390063
2382,廣達,22,4,18,國票-敦北法人,2023-01-05,0037003700390063
6806,森崴能源,122,105,17,國票-敦北法人,2023-01-05,0037003700390063
2618,長榮航,26,10,16,國票-敦北法人,2023-01-05,0037003700390063
8069,元太,126,111,15,國票-敦北法人,2023-01-05,0037003700390063
4532,瑞智,15,0,15,國票-敦北法人,2023-01-05,0037003700390063
2337,旺宏,15,0,15,國票-敦北法人,2023-01-05,0037003700390063
2317,鴻海,14,1,13,國票-敦北法人,2023-01-05,0037003700390063
5269,祥碩,16,3,13,國票-敦北法人,2023-01-05,0037003700390063
2327,國巨,18,5,13,國票-敦北法人,2023-01-05,0037003700390063
1605,華新,116,103,13,國票-敦北法人,2023-01-05,0037003700390063
2007,燁興,27,15,12,國票-敦北法人,2023-01-05,0037003700390063
00632R,元大台灣50反1,32,20,12,國票-敦北法人,2023-01-05,0037003700390063
6782,視陽,11,0,11,國票-敦北法人,2023-01-05,0037003700390063
1707,葡萄王,12,1,11,國票-敦北法人,2023-01-05,0037003700390063
6266,泰詠,10,0,10,國票-敦北法人,2023-01-05,0037003700390063
6533,晶心科,17,7,10,國票-敦北法人,2023-01-05,0037003700390063
8358,金居,1362,102,1260,國票-敦北法人,2023-01-06,0037003700390063
2408,南亞科,1066,64,1002,國票-敦北法人,2023-01-06,0037003700390063
6770,力積電,506,43,463,國票-敦北法人,2023-01-06,0037003700390063
3481,群創,474,28,446,國票-敦北法人,2023-01-06,0037003700390063
5880,合庫金,405,0,405,國票-敦北法人,2023-01-06,0037003700390063
6789,采鈺,402,7,395,國票-敦北法人,2023-01-06,0037003700390063
3034,聯詠,335,11,324,國票-敦北法人,2023-01-06,0037003700390063
2376,技嘉,310,11,299,國票-敦北法人,2023-01-06,0037003700390063
2330,台積電,302,14,288,國票-敦北法人,2023-01-06,0037003700390063
1305,華夏,202,0,202,國票-敦北法人,2023-01-06,0037003700390063
00680L,元大美債20正2,202,0,202,國票-敦北法人,2023-01-06,0037003700390063
2375,凱美,160,0,160,國票-敦北法人,2023-01-06,0037003700390063
2606,裕民,103,2,101,國票-敦北法人,2023-01-06,0037003700390063
2637,慧洋-KY,105,6,99,國票-敦北法人,2023-01-06,0037003700390063
5347,世界,203,109,94,國票-敦北法人,2023-01-06,0037003700390063
2472,立隆電,92,0,92,國票-敦北法人,2023-01-06,0037003700390063
2308,台達電,132,49,83,國票-敦北法人,2023-01-06,0037003700390063
8069,元太,93,12,81,國票-敦北法人,2023-01-06,0037003700390063
6285,啟��,77,1,76,國票-敦北法人,2023-01-06,0037003700390063
4536,拓凱,70,0,70,國票-敦北法人,2023-01-06,0037003700390063
2368,金像電,116,52,64,國票-敦北法人,2023-01-06,0037003700390063
1609,大亞,83,29,54,國票-敦北法人,2023-01-06,0037003700390063
3665,貿聯-KY,42,0,42,國票-敦北法人,2023-01-06,0037003700390063
2614,東森,60,20,40,國票-敦北法人,2023-01-06,0037003700390063
5483,中美晶,40,2,38,國票-敦北法人,2023-01-06,0037003700390063
2618,長榮航,54,16,38,國票-敦北法人,2023-01-06,0037003700390063
2436,偉詮電,31,0,31,國票-敦北法人,2023-01-06,0037003700390063
1529,樂事綠能,181,150,31,國票-敦北法人,2023-01-06,0037003700390063
00878,國泰永續高股息,31,1,30,國票-敦北法人,2023-01-06,0037003700390063
6244,茂迪,32,2,30,國票-敦北法人,2023-01-06,0037003700390063
6180,橘子,77,49,28,國票-敦北法人,2023-01-06,0037003700390063
2883,凱基金,26,0,26,國票-敦北法人,2023-01-06,0037003700390063
3708,上緯投控,42,18,24,國票-敦北法人,2023-01-06,0037003700390063
2357,華碩,22,0,22,國票-敦北法人,2023-01-06,0037003700390063
6121,新普,22,0,22,國票-敦北法人,2023-01-06,0037003700390063
1737,臺鹽,22,0,22,國票-敦北法人,2023-01-06,0037003700390063
3443,創意,46,25,21,國票-敦北法人,2023-01-06,0037003700390063
5475,德宏,21,0,21,國票-敦北法人,2023-01-06,0037003700390063
2706,第一店,21,0,21,國票-敦北法人,2023-01-06,0037003700390063
1781,合世,20,0,20,國票-敦北法人,2023-01-06,0037003700390063
8033,雷虎,20,0,20,國票-敦北法人,2023-01-06,0037003700390063
2892,第一金,20,0,20,國票-敦北法人,2023-01-06,0037003700390063
6245,立端,25,5,20,國票-敦北法人,2023-01-06,0037003700390063
0050,元大台灣50,20,0,20,國票-敦北法人,2023-01-06,0037003700390063
3008,大立光,19,1,18,國票-敦北法人,2023-01-06,0037003700390063
3711,日月光投控,34,16,18,國票-敦北法人,2023-01-06,0037003700390063
8171,天宇,130,112,18,國票-敦北法人,2023-01-06,0037003700390063
2498,宏達電,85,69,16,國票-敦北法人,2023-01-06,0037003700390063
2371,大同,15,0,15,國票-敦北法人,2023-01-06,0037003700390063
8028,昇陽半導體,22,7,15,國票-敦北法人,2023-01-06,0037003700390063
2303,聯電,3767,356,3411,國票-敦北法人,2023-01-09,0037003700390063
2880,華南金,3331,1,3330,國票-敦北法人,2023-01-09,0037003700390063
2002,中鋼,1121,75,1046,國票-敦北法人,2023-01-09,0037003700390063
2428,興勤,1010,2,1008,國票-敦北法人,2023-01-09,0037003700390063
5880,合庫金,670,25,645,國票-敦北法人,2023-01-09,0037003700390063
2014,中鴻,437,75,362,國票-敦北法人,2023-01-09,0037003700390063
6533,晶心科,385,43,342,國票-敦北法人,2023-01-09,0037003700390063
3037,欣興,377,70,307,國票-敦北法人,2023-01-09,0037003700390063
2409,友達,432,148,284,國票-敦北法人,2023-01-09,0037003700390063
2379,瑞昱,293,11,282,國票-敦北法人,2023-01-09,0037003700390063
2610,華航,258,45,213,國票-敦北法人,2023-01-09,0037003700390063
2337,旺宏,204,4,200,國票-敦北法人,2023-01-09,0037003700390063
2313,華通,258,58,200,國票-敦北法人,2023-01-09,0037003700390063
8069,元太,562,378,184,國票-敦北法人,2023-01-09,0037003700390063
2891,中信金,217,44,173,國票-敦北法人,2023-01-09,0037003700390063
6180,橘子,152,21,131,國票-敦北法人,2023-01-09,0037003700390063
6245,立端,151,21,130,國票-敦北法人,2023-01-09,0037003700390063
2892,第一金,151,24,127,國票-敦北法人,2023-01-09,0037003700390063
2472,立隆電,115,0,115,國票-敦北法人,2023-01-09,0037003700390063
2376,技嘉,90,6,84,國票-敦北法人,2023-01-09,0037003700390063
2375,凱美,82,0,82,國票-敦北法人,2023-01-09,0037003700390063
2105,正新,79,0,79,國票-敦北法人,2023-01-09,0037003700390063
5269,祥碩,79,1,78,國票-敦北法人,2023-01-09,0037003700390063
6505,台塑化,75,0,75,國票-敦北法人,2023-01-09,0037003700390063
1301,台塑,75,2,73,國票-敦北法人,2023-01-09,0037003700390063
6443,元晶,78,6,72,國票-敦北法人,2023-01-09,0037003700390063
5388,中磊,60,0,60,國票-敦北法人,2023-01-09,0037003700390063
00637L,元大滬深300正2,75,16,59,國票-敦北法人,2023-01-09,0037003700390063
8070,長華*,54,0,54,國票-敦北法人,2023-01-09,0037003700390063
2338,光罩,91,40,51,國票-敦北法人,2023-01-09,0037003700390063
3044,健鼎,46,0,46,國票-敦北法人,2023-01-09,0037003700390063
8028,昇陽半導體,43,2,41,國票-敦北法人,2023-01-09,0037003700390063
6670,復盛應用,41,0,41,國票-敦北法人,2023-01-09,0037003700390063
2753,八方雲集,40,0,40,國票-敦北法人,2023-01-09,0037003700390063
2013,中鋼構,39,0,39,國票-敦北法人,2023-01-09,0037003700390063
3479,安勤,107,71,36,國票-敦北法人,2023-01-09,0037003700390063
2236,百達-KY,30,0,30,國票-敦北法人,2023-01-09,0037003700390063
1737,臺鹽,30,0,30,國票-敦北法人,2023-01-09,0037003700390063
4961,天鈺,127,99,28,國票-敦北法人,2023-01-09,0037003700390063
2408,南亞科,85,57,28,國票-敦北法人,2023-01-09,0037003700390063
3004,豐達科,26,0,26,國票-敦北法人,2023-01-09,0037003700390063
6196,帆宣,24,0,24,國票-敦北法人,2023-01-09,0037003700390063
1752,南光,39,16,23,國票-敦北法人,2023-01-09,0037003700390063
1451,年興,23,0,23,國票-敦北法人,2023-01-09,0037003700390063
5876,上海商銀,47,24,23,國票-敦北法人,2023-01-09,0037003700390063
3592,瑞鼎,22,0,22,國票-敦北法人,2023-01-09,0037003700390063
6133,金橋,22,1,21,國票-敦北法人,2023-01-09,0037003700390063
2103,台橡,20,0,20,國票-敦北法人,2023-01-09,0037003700390063
9941,裕融,20,0,20,國票-敦北法人,2023-01-09,0037003700390063
2458,義隆,53,34,19,國票-敦北法人,2023-01-09,0037003700390063
2455,全新,1248,68,1180,國票-敦北法人,2023-01-10,0037003700390063
5880,合庫金,790,0,790,國票-敦北法人,2023-01-10,0037003700390063
1909,榮成,553,8,545,國票-敦北法人,2023-01-10,0037003700390063
6271,同欣電,460,6,454,國票-敦北法人,2023-01-10,0037003700390063
2610,華航,309,98,211,國票-敦北法人,2023-01-10,0037003700390063
2330,台積電,211,22,189,國票-敦北法人,2023-01-10,0037003700390063
1402,遠東新,160,10,150,國票-敦北法人,2023-01-10,0037003700390063
4743,合一,137,17,120,國票-敦北法人,2023-01-10,0037003700390063
6443,元晶,191,85,106,國票-敦北法人,2023-01-10,0037003700390063
6143,振曜,111,12,99,國票-敦北法人,2023-01-10,0037003700390063
2375,凱美,89,0,89,國票-敦北法人,2023-01-10,0037003700390063
8299,群聯,86,3,83,國票-敦北法人,2023-01-10,0037003700390063
1216,統一,71,0,71,國票-敦北法人,2023-01-10,0037003700390063
2472,立隆電,70,0,70,國票-敦北法人,2023-01-10,0037003700390063
3034,聯詠,100,36,64,國票-敦北法人,2023-01-10,0037003700390063
3665,貿聯-KY,61,0,61,國票-敦北法人,2023-01-10,0037003700390063
2103,台橡,60,0,60,國票-敦北法人,2023-01-10,0037003700390063
6531,愛普*,67,17,50,國票-敦北法人,2023-01-10,0037003700390063
8114,振樺電,50,0,50,國票-敦北法人,2023-01-10,0037003700390063
2031,新光鋼,50,0,50,國票-敦北法人,2023-01-10,0037003700390063
1305,華夏,169,120,49,國票-敦北法人,2023-01-10,0037003700390063
00900,富邦特選高股息30,46,0,46,國票-敦北法人,2023-01-10,0037003700390063
8358,金居,171,131,40,國票-敦北法人,2023-01-10,0037003700390063
00632R,元大台灣50反1,49,10,39,國票-敦北法人,2023-01-10,0037003700390063
6176,瑞儀,42,3,39,國票-敦北法人,2023-01-10,0037003700390063
8069,元太,113,74,39,國票-敦北法人,2023-01-10,0037003700390063
6223,旺矽,133,102,31,國票-敦北法人,2023-01-10,0037003700390063
2013,中鋼構,31,0,31,國票-敦北法人,2023-01-10,0037003700390063
8033,雷虎,30,0,30,國票-敦北法人,2023-01-10,0037003700390063
5340,建榮,29,0,29,國票-敦北法人,2023-01-10,0037003700390063
2338,光罩,63,37,26,國票-敦北法人,2023-01-10,0037003700390063
1304,台聚,35,9,26,國票-敦北法人,2023-01-10,0037003700390063
1432,大魯閣,25,0,25,國票-敦北法人,2023-01-10,0037003700390063
3257,虹冠電,24,0,24,國票-敦北法人,2023-01-10,0037003700390063
6104,創惟,44,21,23,國票-敦北法人,2023-01-10,0037003700390063
4167,松瑞藥,26,4,22,國票-敦北法人,2023-01-10,0037003700390063
6491,晶碩,21,0,21,國票-敦北法人,2023-01-10,0037003700390063
6508,惠光,20,0,20,國票-敦北法人,2023-01-10,0037003700390063
00633L,富邦上証正2,20,0,20,國票-敦北法人,2023-01-10,0037003700390063
2376,技嘉,41,22,19,國票-敦北法人,2023-01-10,0037003700390063
2618,長榮航,31,15,16,國票-敦北法人,2023-01-10,0037003700390063
5347,世界,83,67,16,國票-敦北法人,2023-01-10,0037003700390063
6442,光聖,15,0,15,國票-敦北法人,2023-01-10,0037003700390063
1308,亞聚,31,17,14,國票-敦北法人,2023-01-10,0037003700390063
0056,元大高股息,21,8,13,國票-敦北法人,2023-01-10,0037003700390063
1795,美時,43,31,12,國票-敦北法人,2023-01-10,0037003700390063
3443,創意,35,24,11,國票-敦北法人,2023-01-10,0037003700390063
00719B,元大美債1-3,11,0,11,國票-敦北法人,2023-01-10,0037003700390063
8420,明揚,11,1,10,國票-敦北法人,2023-01-10,0037003700390063
1760,寶齡富錦,14,4,10,國票-敦北法人,2023-01-10,0037003700390063
1402,遠東新,2432,53,2379,國票-敦北法人,2023-01-11,0037003700390063
0050,元大台灣50,2168,20,2148,國票-敦北法人,2023-01-11,0037003700390063
2468,華經,1365,7,1358,國票-敦北法人,2023-01-11,0037003700390063
2412,中華電,550,0,550,國票-敦北法人,2023-01-11,0037003700390063
1305,華夏,603,74,529,國票-敦北法人,2023-01-11,0037003700390063
4979,華星光,210,1,209,國票-敦北法人,2023-01-11,0037003700390063
2376,技嘉,142,11,131,國票-敦北法人,2023-01-11,0037003700390063
2338,光罩,170,59,111,國票-敦北法人,2023-01-11,0037003700390063
5321,美而快,101,1,100,國票-敦北法人,2023-01-11,0037003700390063
2883B,凱基金乙特,100,0,100,國票-敦北法人,2023-01-11,0037003700390063
2637,慧洋-KY,99,3,96,國票-敦北法人,2023-01-11,0037003700390063
6245,立端,95,2,93,國票-敦北法人,2023-01-11,0037003700390063
2375,凱美,91,0,91,國票-敦北法人,2023-01-11,0037003700390063
1445,大宇,89,11,78,國票-敦北法人,2023-01-11,0037003700390063
8069,元太,156,93,63,國票-敦北法人,2023-01-11,0037003700390063
2404,漢唐,68,7,61,國票-敦北法人,2023-01-11,0037003700390063
2368,金像電,60,7,53,國票-敦北法人,2023-01-11,0037003700390063
2013,中鋼構,50,0,50,國票-敦北法人,2023-01-11,0037003700390063
3207,耀勝,50,1,49,國票-敦北法人,2023-01-11,0037003700390063
6235,華孚,53,4,49,國票-敦北法人,2023-01-11,0037003700390063
00891,中信關鍵半導體,42,0,42,國票-敦北法人,2023-01-11,0037003700390063
3454,晶睿,88,48,40,國票-敦北法人,2023-01-11,0037003700390063
00881,國泰台灣5G+,35,0,35,國票-敦北法人,2023-01-11,0037003700390063
4958,臻鼎-KY,31,1,30,國票-敦北法人,2023-01-11,0037003700390063
8114,振樺電,30,0,30,國票-敦北法人,2023-01-11,0037003700390063
1513,中興電,69,40,29,國票-敦北法人,2023-01-11,0037003700390063
5483,中美晶,72,44,28,國票-敦北法人,2023-01-11,0037003700390063
6223,旺矽,48,26,22,國票-敦北法人,2023-01-11,0037003700390063
8050,廣積,34,14,20,國票-敦北法人,2023-01-11,0037003700390063
1752,南光,21,1,20,國票-敦北法人,2023-01-11,0037003700390063
1342,八貫,24,4,20,國票-敦北法人,2023-01-11,0037003700390063
2454,聯發科,43,23,20,國票-敦北法人,2023-01-11,0037003700390063
1605,華新,56,40,16,國票-敦北法人,2023-01-11,0037003700390063
8916,光隆,16,0,16,國票-敦北法人,2023-01-11,0037003700390063
1737,臺鹽,15,0,15,國票-敦北法人,2023-01-11,0037003700390063
1590,亞德客-KY,15,0,15,國票-敦北法人,2023-01-11,0037003700390063
8996,高力,38,24,14,國票-敦北法人,2023-01-11,0037003700390063
6226,光鼎,13,0,13,國票-敦北法人,2023-01-11,0037003700390063
2884,玉山金,74,62,12,國票-敦北法人,2023-01-11,0037003700390063
3346,麗清,15,4,11,國票-敦北法人,2023-01-11,0037003700390063
2356,英業達,11,1,10,國票-敦北法人,2023-01-11,0037003700390063
6239,力成,10,0,10,國票-敦北法人,2023-01-11,0037003700390063
9910,豐泰,10,0,10,國票-敦北法人,2023-01-11,0037003700390063
1795,美時,54,44,10,國票-敦北法人,2023-01-11,0037003700390063
2641,正德,10,0,10,國票-敦北法人,2023-01-11,0037003700390063
8084,巨虹,11,1,10,國票-敦北法人,2023-01-11,0037003700390063
3508,位速,9,0,9,國票-敦北法人,2023-01-11,0037003700390063
1321,大洋,8,0,8,國票-敦北法人,2023-01-11,0037003700390063
1476,儒鴻,9,1,8,國票-敦北法人,2023-01-11,0037003700390063
2359,所羅門,22,15,7,國票-敦北法人,2023-01-11,0037003700390063
2303,聯電,1197,210,987,國票-敦北法人,2023-01-12,0037003700390063
1101,台泥,388,22,366,國票-敦北法人,2023-01-12,0037003700390063
2412,中華電,300,0,300,國票-敦北法人,2023-01-12,0037003700390063
1909,榮成,362,69,293,國票-敦北法人,2023-01-12,0037003700390063
2002,中鋼,255,5,250,國票-敦北法人,2023-01-12,0037003700390063
3708,上緯投控,305,99,206,國票-敦北法人,2023-01-12,0037003700390063
1301,台塑,200,0,200,國票-敦北法人,2023-01-12,0037003700390063
2889,國票金,212,33,179,國票-敦北法人,2023-01-12,0037003700390063
2376,技嘉,139,3,136,國票-敦北法人,2023-01-12,0037003700390063
6505,台塑化,126,0,126,國票-敦北法人,2023-01-12,0037003700390063
2014,中鴻,215,97,118,國票-敦北法人,2023-01-12,0037003700390063
2753,八方雲集,106,0,106,國票-敦北法人,2023-01-12,0037003700390063
4919,新唐,111,8,103,國票-敦北法人,2023-01-12,0037003700390063
2375,凱美,73,0,73,國票-敦北法人,2023-01-12,0037003700390063
1308,亞聚,66,0,66,國票-敦北法人,2023-01-12,0037003700390063
2013,中鋼構,55,0,55,國票-敦北法人,2023-01-12,0037003700390063
8070,長華*,50,0,50,國票-敦北法人,2023-01-12,0037003700390063
00712,復華富時不動產,48,0,48,國票-敦北法人,2023-01-12,0037003700390063
6245,立端,60,14,46,國票-敦北法人,2023-01-12,0037003700390063
6104,創惟,40,7,33,國票-敦北法人,2023-01-12,0037003700390063
3037,欣興,83,51,32,國票-敦北法人,2023-01-12,0037003700390063
2472,立隆電,40,9,31,國票-敦北法人,2023-01-12,0037003700390063
8069,元太,56,28,28,國票-敦北法人,2023-01-12,0037003700390063
1781,合世,25,0,25,國票-敦北法人,2023-01-12,0037003700390063
1752,南光,27,3,24,國票-敦北法人,2023-01-12,0037003700390063
3533,嘉澤,30,6,24,國票-敦北法人,2023-01-12,0037003700390063
00882,中信中國高股息,21,0,21,國票-敦北法人,2023-01-12,0037003700390063
00878,國泰永續高股息,20,0,20,國票-敦北法人,2023-01-12,0037003700390063
8114,振樺電,20,0,20,國票-敦北法人,2023-01-12,0037003700390063
4958,臻鼎-KY,20,0,20,國票-敦北法人,2023-01-12,0037003700390063
5299,杰力,22,2,20,國票-敦北法人,2023-01-12,0037003700390063
2731,雄獅,21,1,20,國票-敦北法人,2023-01-12,0037003700390063
2330,台積電,27,8,19,國票-敦北法人,2023-01-12,0037003700390063
4979,華星光,213,194,19,國票-敦北法人,2023-01-12,0037003700390063
2888,新光金,152,133,19,國票-敦北法人,2023-01-12,0037003700390063
5009,榮剛,57,40,17,國票-敦北法人,2023-01-12,0037003700390063
3693,營邦,30,15,15,國票-敦北法人,2023-01-12,0037003700390063
2436,偉詮電,29,14,15,國票-敦北法人,2023-01-12,0037003700390063
00772B,中信高評級公司債,14,0,14,國票-敦北法人,2023-01-12,0037003700390063
00773B,中信優先金融債,14,0,14,國票-敦北法人,2023-01-12,0037003700390063
8299,群聯,14,0,14,國票-敦北法人,2023-01-12,0037003700390063
6180,橘子,15,2,13,國票-敦北法人,2023-01-12,0037003700390063
9941,裕融,12,1,11,國票-敦北法人,2023-01-12,0037003700390063
2892,第一金,11,0,11,國票-敦北法人,2023-01-12,0037003700390063
3022,威強電,11,0,11,國票-敦北法人,2023-01-12,0037003700390063
2618,長榮航,130,120,10,國票-敦北法人,2023-01-12,0037003700390063
2327,國巨,10,0,10,國票-敦北法人,2023-01-12,0037003700390063
4702,中美實,10,0,10,國票-敦北法人,2023-01-12,0037003700390063
2460,建通,10,0,10,國票-敦北法人,2023-01-12,0037003700390063
00905,FT臺灣Smart,10,0,10,國票-敦北法人,2023-01-12,0037003700390063
2338,光罩,2040,72,1968,國票-敦北法人,2023-01-13,0037003700390063
2606,裕民,959,1,958,國票-敦北法人,2023-01-13,0037003700390063
2330,台積電,351,93,258,國票-敦北法人,2023-01-13,0037003700390063
1305,華夏,206,3,203,國票-敦北法人,2023-01-13,0037003700390063
00680L,元大美債20正2,160,5,155,國票-敦北法人,2023-01-13,0037003700390063
1909,榮成,240,97,143,國票-敦北法人,2023-01-13,0037003700390063
5876,上海商銀,125,0,125,國票-敦北法人,2023-01-13,0037003700390063
2027,大成鋼,128,3,125,國票-敦北法人,2023-01-13,0037003700390063
1513,中興電,109,7,102,國票-敦北法人,2023-01-13,0037003700390063
6741,91APP*-KY,100,1,99,國票-敦北法人,2023-01-13,0037003700390063
2368,金像電,106,8,98,國票-敦北法人,2023-01-13,0037003700390063
2482,連宇,80,0,80,國票-敦北法人,2023-01-13,0037003700390063
2013,中鋼構,80,0,80,國票-敦北法人,2023-01-13,0037003700390063
1560,中砂,86,7,79,國票-敦北法人,2023-01-13,0037003700390063
3105,穩懋,120,61,59,國票-敦北法人,2023-01-13,0037003700390063
1504,東元,56,0,56,國票-敦北法人,2023-01-13,0037003700390063
2230,泰茂,74,24,50,國票-敦北法人,2023-01-13,0037003700390063
3017,奇鋐,50,3,47,國票-敦北法人,2023-01-13,0037003700390063
1904,正隆,45,0,45,國票-敦北法人,2023-01-13,0037003700390063
4105,東洋,41,0,41,國票-敦北法人,2023-01-13,0037003700390063
6443,元晶,155,117,38,國票-敦北法人,2023-01-13,0037003700390063
6414,樺漢,35,0,35,國票-敦北法人,2023-01-13,0037003700390063
4763,材料-KY,225,194,31,國票-敦北法人,2023-01-13,0037003700390063
2031,新光鋼,38,11,27,國票-敦北法人,2023-01-13,0037003700390063
1468,昶和,25,0,25,國票-敦北法人,2023-01-13,0037003700390063
2412,中華電,25,1,24,國票-敦北法人,2023-01-13,0037003700390063
1781,合世,20,0,20,國票-敦北法人,2023-01-13,0037003700390063
00637L,元大滬深300正2,53,34,19,國票-敦北法人,2023-01-13,0037003700390063
4702,中美實,17,0,17,國票-敦北法人,2023-01-13,0037003700390063
3443,創意,40,23,17,國票-敦北法人,2023-01-13,0037003700390063
3027,盛達,19,5,14,國票-敦北法人,2023-01-13,0037003700390063
00720B,元大投資級公司債,14,0,14,國票-敦北法人,2023-01-13,0037003700390063
0052,富邦科技,14,0,14,國票-敦北法人,2023-01-13,0037003700390063
2605,新興,13,0,13,國票-敦北法人,2023-01-13,0037003700390063
3081,聯亞,12,0,12,國票-敦北法人,2023-01-13,0037003700390063
1304,台聚,19,7,12,國票-敦北法人,2023-01-13,0037003700390063
4919,新唐,41,29,12,國票-敦北法人,2023-01-13,0037003700390063
6104,創惟,30,19,11,國票-敦北法人,2023-01-13,0037003700390063
2498,宏達電,120,109,11,國票-敦北法人,2023-01-13,0037003700390063
2029,盛餘,10,0,10,國票-敦北法人,2023-01-13,0037003700390063
2454,聯發科,50,40,10,國票-敦北法人,2023-01-13,0037003700390063
1737,臺鹽,10,0,10,國票-敦北法人,2023-01-13,0037003700390063
2891,中信金,24,14,10,國票-敦北法人,2023-01-13,0037003700390063
00664R,國泰臺灣加權反1,10,0,10,國票-敦北法人,2023-01-13,0037003700390063
2633,台灣高鐵,16,6,10,國票-敦北法人,2023-01-13,0037003700390063
3529,力旺,10,0,10,國票-敦北法人,2023-01-13,0037003700390063
00719B,元大美債1-3,10,0,10,國票-敦北法人,2023-01-13,0037003700390063
00877,復華中國5G,10,0,10,國票-敦北法人,2023-01-13,0037003700390063
2486,一詮,24,14,10,國票-敦北法人,2023-01-13,0037003700390063
4924,欣厚-KY,10,0,10,國票-敦北法人,2023-01-13,0037003700390063
00713,元大台灣高息低波,1000,0,1000,國票-敦北法人,2023-01-16,0037003700390063
2618,長榮航,966,167,799,國票-敦北法人,2023-01-16,0037003700390063
2891,中信金,523,21,502,國票-敦北法人,2023-01-16,0037003700390063
1909,榮成,464,223,241,國票-敦北法人,2023-01-16,0037003700390063
8110,華東,171,3,168,國票-敦北法人,2023-01-16,0037003700390063
2377,微星,130,2,128,國票-敦北法人,2023-01-16,0037003700390063
3693,營邦,147,32,115,國票-敦北法人,2023-01-16,0037003700390063
006208,富邦台50,110,0,110,國票-敦北法人,2023-01-16,0037003700390063
2338,光罩,169,68,101,國票-敦北法人,2023-01-16,0037003700390063
8155,博智,100,0,100,國票-敦北法人,2023-01-16,0037003700390063
4979,華星光,104,14,90,國票-敦北法人,2023-01-16,0037003700390063
2330,台積電,139,53,86,國票-敦北法人,2023-01-16,0037003700390063
2201,裕隆,133,47,86,國票-敦北法人,2023-01-16,0037003700390063
6770,力積電,111,47,64,國票-敦北法人,2023-01-16,0037003700390063
2368,金像電,74,16,58,國票-敦北法人,2023-01-16,0037003700390063
1904,正隆,51,0,51,國票-敦北法人,2023-01-16,0037003700390063
8114,振樺電,50,0,50,國票-敦北法人,2023-01-16,0037003700390063
1707,葡萄王,50,0,50,國票-敦北法人,2023-01-16,0037003700390063
6488,環球晶,52,3,49,國票-敦北法人,2023-01-16,0037003700390063
00632R,元大台灣50反1,45,0,45,國票-敦北法人,2023-01-16,0037003700390063
2412,中華電,55,10,45,國票-敦北法人,2023-01-16,0037003700390063
3264,欣銓,45,2,43,國票-敦北法人,2023-01-16,0037003700390063
4953,緯軟,42,0,42,國票-敦北法人,2023-01-16,0037003700390063
1442,名軒,40,0,40,國票-敦北法人,2023-01-16,0037003700390063
1432,大魯閣,40,0,40,國票-敦北法人,2023-01-16,0037003700390063
6245,立端,180,140,40,國票-敦北法人,2023-01-16,0037003700390063
1308,亞聚,47,13,34,國票-敦北法人,2023-01-16,0037003700390063
6180,橘子,32,0,32,國票-敦北法人,2023-01-16,0037003700390063
3293,鈊象,32,1,31,國票-敦北法人,2023-01-16,0037003700390063
2308,台達電,32,2,30,國票-敦北法人,2023-01-16,0037003700390063
1720,生達,30,0,30,國票-敦北法人,2023-01-16,0037003700390063
1752,南光,37,8,29,國票-敦北法人,2023-01-16,0037003700390063
3479,安勤,25,1,24,國票-敦北法人,2023-01-16,0037003700390063
00637L,元大滬深300正2,118,95,23,國票-敦北法人,2023-01-16,0037003700390063
2883,凱基金,25,4,21,國票-敦北法人,2023-01-16,0037003700390063
8081,致新,20,0,20,國票-敦北法人,2023-01-16,0037003700390063
3702,大聯大,20,0,20,國票-敦北法人,2023-01-16,0037003700390063
2382,廣達,23,3,20,國票-敦北法人,2023-01-16,0037003700390063
2358,廷鑫,110,90,20,國票-敦北法人,2023-01-16,0037003700390063
00679B,元大美債20年,22,3,19,國票-敦北法人,2023-01-16,0037003700390063
2236,百達-KY,20,1,19,國票-敦北法人,2023-01-16,0037003700390063
2606,裕民,20,2,18,國票-敦北法人,2023-01-16,0037003700390063
2882,國泰金,86,68,18,國票-敦北法人,2023-01-16,0037003700390063
1560,中砂,32,16,16,國票-敦北法人,2023-01-16,0037003700390063
5483,中美晶,25,10,15,國票-敦北法人,2023-01-16,0037003700390063
00772B,中信高評級公司債,15,0,15,國票-敦北法人,2023-01-16,0037003700390063
3680,家登,52,39,13,國票-敦北法人,2023-01-16,0037003700390063
00885,富邦越南,12,0,12,國票-敦北法人,2023-01-16,0037003700390063
3008,大立光,17,5,12,國票-敦北法人,2023-01-16,0037003700390063
2002,中鋼,33,22,11,國票-敦北法人,2023-01-16,0037003700390063
2308,台達電,333,2,331,國票-敦北法人,2023-01-17,0037003700390063
2610,華航,209,0,209,國票-敦北法人,2023-01-17,0037003700390063
3443,創意,227,20,207,國票-敦北法人,2023-01-17,0037003700390063
2344,華邦電,200,8,192,國票-敦北法人,2023-01-17,0037003700390063
4979,華星光,195,8,187,國票-敦北法人,2023-01-17,0037003700390063
0050,元大台灣50,171,1,170,國票-敦北法人,2023-01-17,0037003700390063
2014,中鴻,168,10,158,國票-敦北法人,2023-01-17,0037003700390063
2368,金像電,105,0,105,國票-敦北法人,2023-01-17,0037003700390063
1904,正隆,100,0,100,國票-敦北法人,2023-01-17,0037003700390063
3708,上緯投控,100,0,100,國票-敦北法人,2023-01-17,0037003700390063
2889,國票金,100,0,100,國票-敦北法人,2023-01-17,0037003700390063
4977,眾達-KY,100,4,96,國票-敦北法人,2023-01-17,0037003700390063
1513,中興電,300,210,90,國票-敦北法人,2023-01-17,0037003700390063
2412,中華電,90,0,90,國票-敦北法人,2023-01-17,0037003700390063
6223,旺矽,90,1,89,國票-敦北法人,2023-01-17,0037003700390063
2201,裕隆,276,210,66,國票-敦北法人,2023-01-17,0037003700390063
1514,亞力,75,10,65,國票-敦北法人,2023-01-17,0037003700390063
5258,虹堡,60,0,60,國票-敦北法人,2023-01-17,0037003700390063
3558,神準,57,0,57,國票-敦北法人,2023-01-17,0037003700390063
1605,華新,85,32,53,國票-敦北法人,2023-01-17,0037003700390063
8070,長華*,53,0,53,國票-敦北法人,2023-01-17,0037003700390063
6719,力智,60,8,52,國票-敦北法人,2023-01-17,0037003700390063
2482,連宇,60,10,50,國票-敦北法人,2023-01-17,0037003700390063
8210,勤誠,55,10,45,國票-敦北法人,2023-01-17,0037003700390063
00632R,元大台灣50反1,53,10,43,國票-敦北法人,2023-01-17,0037003700390063
1101,台泥,45,9,36,國票-敦北法人,2023-01-17,0037003700390063
1560,中砂,36,2,34,國票-敦北法人,2023-01-17,0037003700390063
0052,富邦科技,33,0,33,國票-敦北法人,2023-01-17,0037003700390063
6505,台塑化,30,0,30,國票-敦北法人,2023-01-17,0037003700390063
2358,廷鑫,30,0,30,國票-敦北法人,2023-01-17,0037003700390063
3162,精確,28,3,25,國票-敦北法人,2023-01-17,0037003700390063
2637,慧洋-KY,27,3,24,國票-敦北法人,2023-01-17,0037003700390063
5225,東科-KY,22,0,22,國票-敦北法人,2023-01-17,0037003700390063
3037,欣興,20,0,20,國票-敦北法人,2023-01-17,0037003700390063
1445,大宇,20,0,20,國票-敦北法人,2023-01-17,0037003700390063
6830,汎銓,19,0,19,國票-敦北法人,2023-01-17,0037003700390063
8097,常珵,18,0,18,國票-敦北法人,2023-01-17,0037003700390063
6456,GIS-KY,18,0,18,國票-敦北法人,2023-01-17,0037003700390063
2049,上銀,22,4,18,國票-敦北法人,2023-01-17,0037003700390063
4961,天鈺,19,3,16,國票-敦北法人,2023-01-17,0037003700390063
2345,智邦,15,0,15,國票-敦北法人,2023-01-17,0037003700390063
00725B,國泰投資級公司債,15,0,15,國票-敦北法人,2023-01-17,0037003700390063
1321,大洋,14,0,14,國票-敦北法人,2023-01-17,0037003700390063
2377,微星,13,0,13,國票-敦北法人,2023-01-17,0037003700390063
6517,保勝光學,14,1,13,國票-敦北法人,2023-01-17,0037003700390063
6415,矽力*-KY,17,4,13,國票-敦北法人,2023-01-17,0037003700390063
6669,緯穎,11,0,11,國票-敦北法人,2023-01-17,0037003700390063
6788,華景電,10,0,10,國票-敦北法人,2023-01-17,0037003700390063
5321,美而快,54,44,10,國票-敦北法人,2023-01-17,0037003700390063
1760,寶齡富錦,16,6,10,國票-敦北法人,2023-01-17,0037003700390063
2027,大成鋼,771,12,759,國票-敦北法人,2023-01-30,0037003700390063
2455,全新,761,3,758,國票-敦北法人,2023-01-30,0037003700390063
2352,佳世達,650,1,649,國票-敦北法人,2023-01-30,0037003700390063
2303,聯電,573,242,331,國票-敦北法人,2023-01-30,0037003700390063
2049,上銀,291,11,280,國票-敦北法人,2023-01-30,0037003700390063
2482,連宇,365,124,241,國票-敦北法人,2023-01-30,0037003700390063
2497,怡利電,211,1,210,國票-敦北法人,2023-01-30,0037003700390063
1514,亞力,211,1,210,國票-敦北法人,2023-01-30,0037003700390063
2038,海光,202,2,200,國票-敦北法人,2023-01-30,0037003700390063
2338,光罩,203,3,200,國票-敦北法人,2023-01-30,0037003700390063
2379,瑞昱,181,0,181,國票-敦北法人,2023-01-30,0037003700390063
2408,南亞科,191,15,176,國票-敦北法人,2023-01-30,0037003700390063
2317,鴻海,200,25,175,國票-敦北法人,2023-01-30,0037003700390063
1513,中興電,293,128,165,國票-敦北法人,2023-01-30,0037003700390063
4746,台耀,150,1,149,國票-敦北法人,2023-01-30,0037003700390063
3037,欣興,154,11,143,國票-敦北法人,2023-01-30,0037003700390063
5425,台半,154,22,132,國票-敦北法人,2023-01-30,0037003700390063
1305,華夏,160,28,132,國票-敦北法人,2023-01-30,0037003700390063
1904,正隆,126,1,125,國票-敦北法人,2023-01-30,0037003700390063
8069,元太,125,3,122,國票-敦北法人,2023-01-30,0037003700390063
1309,台達化,115,0,115,國票-敦北法人,2023-01-30,0037003700390063
6282,康舒,130,15,115,國票-敦北法人,2023-01-30,0037003700390063
1701,中化,106,1,105,國票-敦北法人,2023-01-30,0037003700390063
2312,金寶,100,0,100,國票-敦北法人,2023-01-30,0037003700390063
3624,光頡,104,9,95,國票-敦北法人,2023-01-30,0037003700390063
2028,威致,95,2,93,國票-敦北法人,2023-01-30,0037003700390063
1476,儒鴻,87,0,87,國票-敦北法人,2023-01-30,0037003700390063
2606,裕民,86,3,83,國票-敦北法人,2023-01-30,0037003700390063
3665,貿聯-KY,84,5,79,國票-敦北法人,2023-01-30,0037003700390063
2618,長榮航,84,6,78,國票-敦北法人,2023-01-30,0037003700390063
2376,技嘉,110,34,76,國票-敦北法人,2023-01-30,0037003700390063
2002,中鋼,100,33,67,國票-敦北法人,2023-01-30,0037003700390063
00637L,元大滬深300正2,103,38,65,國票-敦北法人,2023-01-30,0037003700390063
1734,杏輝,64,0,64,國票-敦北法人,2023-01-30,0037003700390063
3264,欣銓,64,2,62,國票-敦北法人,2023-01-30,0037003700390063
2013,中鋼構,60,0,60,國票-敦北法人,2023-01-30,0037003700390063
2530,華建,61,2,59,國票-敦北法人,2023-01-30,0037003700390063
2882A,國泰特,50,0,50,國票-敦北法人,2023-01-30,0037003700390063
2892,第一金,50,0,50,國票-敦北法人,2023-01-30,0037003700390063
3661,世芯-KY,63,17,46,國票-敦北法人,2023-01-30,0037003700390063
1720,生達,46,2,44,國票-敦北法人,2023-01-30,0037003700390063
8110,華東,40,0,40,國票-敦北法人,2023-01-30,0037003700390063
9910,豐泰,40,0,40,國票-敦北法人,2023-01-30,0037003700390063
5483,中美晶,41,1,40,國票-敦北法人,2023-01-30,0037003700390063
6830,汎銓,37,1,36,國票-敦北法人,2023-01-30,0037003700390063
5009,榮剛,31,0,31,國票-敦北法人,2023-01-30,0037003700390063
1737,臺鹽,30,0,30,國票-敦北法人,2023-01-30,0037003700390063
3447,展達,30,0,30,國票-敦北法人,2023-01-30,0037003700390063
3587,閎康,30,2,28,國票-敦北法人,2023-01-30,0037003700390063
3443,創意,28,3,25,國票-敦北法人,2023-01-30,0037003700390063
2356,英業達,1453,30,1423,國票-敦北法人,2023-01-31,0037003700390063
2882,國泰金,1479,310,1169,國票-敦北法人,2023-01-31,0037003700390063
6443,元晶,857,56,801,國票-敦北法人,2023-01-31,0037003700390063
2303,聯電,1116,339,777,國票-敦北法人,2023-01-31,0037003700390063
2027,大成鋼,782,25,757,國票-敦北法人,2023-01-31,0037003700390063
3036,文曄,642,2,640,國票-敦北法人,2023-01-31,0037003700390063
3231,緯創,671,85,586,國票-敦北法人,2023-01-31,0037003700390063
1609,大亞,582,120,462,國票-敦北法人,2023-01-31,0037003700390063
3027,盛達,494,70,424,國票-敦北法人,2023-01-31,0037003700390063
2337,旺宏,431,92,339,國票-敦北法人,2023-01-31,0037003700390063
2606,裕民,354,16,338,國票-敦北法人,2023-01-31,0037003700390063
1514,亞力,322,32,290,國票-敦北法人,2023-01-31,0037003700390063
6282,康舒,564,274,290,國票-敦北法人,2023-01-31,0037003700390063
5258,虹堡,303,38,265,國票-敦北法人,2023-01-31,0037003700390063
3034,聯詠,257,11,246,國票-敦北法人,2023-01-31,0037003700390063
5425,台半,419,194,225,國票-敦北法人,2023-01-31,0037003700390063
6271,同欣電,193,9,184,國票-敦北法人,2023-01-31,0037003700390063
8016,矽創,235,57,178,國票-敦北法人,2023-01-31,0037003700390063
2204,中華,213,45,168,國票-敦北法人,2023-01-31,0037003700390063
2889,國票金,153,5,148,國票-敦北法人,2023-01-31,0037003700390063
6679,鈺太,154,8,146,國票-敦北法人,2023-01-31,0037003700390063
1513,中興電,247,116,131,國票-敦北法人,2023-01-31,0037003700390063
3481,群創,240,127,113,國票-敦北法人,2023-01-31,0037003700390063
1605,華新,383,272,111,國票-敦北法人,2023-01-31,0037003700390063
8289,泰藝,103,0,103,國票-敦北法人,2023-01-31,0037003700390063
00905,FT臺灣Smart,102,0,102,國票-敦北法人,2023-01-31,0037003700390063
1477,聚陽,100,0,100,國票-敦北法人,2023-01-31,0037003700390063
3037,欣興,167,68,99,國票-敦北法人,2023-01-31,0037003700390063
2330,台積電,79,3,76,國票-敦北法人,2023-01-31,0037003700390063
1904,正隆,70,0,70,國票-敦北法人,2023-01-31,0037003700390063
5607,遠雄港,60,1,59,國票-敦北法人,2023-01-31,0037003700390063
4137,麗豐-KY,59,0,59,國票-敦北法人,2023-01-31,0037003700390063
3023,信邦,50,0,50,國票-敦北法人,2023-01-31,0037003700390063
6732,昇佳電子,58,9,49,國票-敦北法人,2023-01-31,0037003700390063
1519,華城,66,18,48,國票-敦北法人,2023-01-31,0037003700390063
3013,晟銘電,124,77,47,國票-敦北法人,2023-01-31,0037003700390063
3011,今皓,46,0,46,國票-敦北法人,2023-01-31,0037003700390063
3548,兆利,42,0,42,國票-敦北法人,2023-01-31,0037003700390063
3675,德微,46,5,41,國票-敦北法人,2023-01-31,0037003700390063
2723,美食-KY,39,1,38,國票-敦北法人,2023-01-31,0037003700390063
1313,聯成,53,16,37,國票-敦北法人,2023-01-31,0037003700390063
9958,世紀鋼,36,0,36,國票-敦北法人,2023-01-31,0037003700390063
6788,華景電,62,32,30,國票-敦北法人,2023-01-31,0037003700390063
2032,新鋼,30,0,30,國票-敦北法人,2023-01-31,0037003700390063
3236,千如,30,0,30,國票-敦北法人,2023-01-31,0037003700390063
00637L,元大滬深300正2,33,3,30,國票-敦北法人,2023-01-31,0037003700390063
00753L,中信中國50正2,30,0,30,國票-敦北法人,2023-01-31,0037003700390063
2329,華泰,30,0,30,國票-敦北法人,2023-01-31,0037003700390063
6146,耕興,30,0,30,國票-敦北法人,2023-01-31,0037003700390063
4743,合一,47,20,27,國票-敦北法人,2023-01-31,0037003700390063
2468,華經,4089,9,4080,國票-敦北法人,2023-02-01,0037003700390063
2882,國泰金,3075,74,3001,國票-敦北法人,2023-02-01,0037003700390063
6282,康舒,3406,927,2479,國票-敦北法人,2023-02-01,0037003700390063
2303,聯電,2108,608,1500,國票-敦北法人,2023-02-01,0037003700390063
2356,英業達,1420,13,1407,國票-敦北法人,2023-02-01,0037003700390063
2027,大成鋼,812,69,743,國票-敦北法人,2023-02-01,0037003700390063
6116,彩晶,628,178,450,國票-敦北法人,2023-02-01,0037003700390063
3105,穩懋,424,19,405,國票-敦北法人,2023-02-01,0037003700390063
6679,鈺太,347,4,343,國票-敦北法人,2023-02-01,0037003700390063
1101,台泥,320,14,306,國票-敦北法人,2023-02-01,0037003700390063
9958,世紀鋼,304,21,283,國票-敦北法人,2023-02-01,0037003700390063
2351,順德,305,66,239,國票-敦北法人,2023-02-01,0037003700390063
3207,耀勝,249,23,226,國票-敦北法人,2023-02-01,0037003700390063
2883B,凱基金乙特,200,0,200,國票-敦北法人,2023-02-01,0037003700390063
8069,元太,233,35,198,國票-敦北法人,2023-02-01,0037003700390063
6491,晶碩,200,5,195,國票-敦北法人,2023-02-01,0037003700390063
2606,裕民,234,68,166,國票-敦北法人,2023-02-01,0037003700390063
3231,緯創,215,64,151,國票-敦北法人,2023-02-01,0037003700390063
6799,來頡,150,0,150,國票-敦北法人,2023-02-01,0037003700390063
1909,榮成,162,20,142,國票-敦北法人,2023-02-01,0037003700390063
6239,力成,148,7,141,國票-敦北法人,2023-02-01,0037003700390063
2454,聯發科,135,13,122,國票-敦北法人,2023-02-01,0037003700390063
3017,奇鋐,194,74,120,國票-敦北法人,2023-02-01,0037003700390063
2382,廣達,133,22,111,國票-敦北法人,2023-02-01,0037003700390063
5321,美而快,110,0,110,國票-敦北法人,2023-02-01,0037003700390063
1736,喬山,102,0,102,國票-敦北法人,2023-02-01,0037003700390063
4977,眾達-KY,130,30,100,國票-敦北法人,2023-02-01,0037003700390063
3045,台灣大,100,0,100,國票-敦北法人,2023-02-01,0037003700390063
5009,榮剛,110,13,97,國票-敦北法人,2023-02-01,0037003700390063
3591,艾笛森,101,13,88,國票-敦北法人,2023-02-01,0037003700390063
2929,淘帝-KY,133,76,57,國票-敦北法人,2023-02-01,0037003700390063
6143,振曜,59,4,55,國票-敦北法人,2023-02-01,0037003700390063
1605,華新,532,481,51,國票-敦北法人,2023-02-01,0037003700390063
8070,長華*,50,0,50,國票-敦北法人,2023-02-01,0037003700390063
1709,和益,50,0,50,國票-敦北法人,2023-02-01,0037003700390063
2882A,國泰特,50,0,50,國票-敦北法人,2023-02-01,0037003700390063
3013,晟銘電,77,29,48,國票-敦北法人,2023-02-01,0037003700390063
4167,松瑞藥,59,13,46,國票-敦北法人,2023-02-01,0037003700390063
2482,連宇,165,120,45,國票-敦北法人,2023-02-01,0037003700390063
6806,森崴能源,61,16,45,國票-敦北法人,2023-02-01,0037003700390063
3481,群創,263,223,40,國票-敦北法人,2023-02-01,0037003700390063
4763,材料-KY,136,96,40,國票-敦北法人,2023-02-01,0037003700390063
5269,祥碩,38,4,34,國票-敦北法人,2023-02-01,0037003700390063
2723,美食-KY,39,6,33,國票-敦北法人,2023-02-01,0037003700390063
8016,矽創,87,55,32,國票-敦北法人,2023-02-01,0037003700390063
2031,新光鋼,52,21,31,國票-敦北法人,2023-02-01,0037003700390063
6244,茂迪,56,25,31,國票-敦北法人,2023-02-01,0037003700390063
3661,世芯-KY,35,4,31,國票-敦北法人,2023-02-01,0037003700390063
6138,茂達,31,1,30,國票-敦北法人,2023-02-01,0037003700390063
2603,長榮,55,25,30,國票-敦北法人,2023-02-01,0037003700390063
3701,大眾控,1276,10,1266,國票-敦北法人,2023-02-02,0037003700390063
6282,康舒,1570,403,1167,國票-敦北法人,2023-02-02,0037003700390063
6770,力積電,879,151,728,國票-敦北法人,2023-02-02,0037003700390063
2337,旺宏,647,56,591,國票-敦北法人,2023-02-02,0037003700390063
00632R,元大台灣50反1,528,0,528,國票-敦北法人,2023-02-02,0037003700390063
2344,華邦電,728,306,422,國票-敦北法人,2023-02-02,0037003700390063
4979,華星光,438,37,401,國票-敦北法人,2023-02-02,0037003700390063
2368,金像電,388,70,318,國票-敦北法人,2023-02-02,0037003700390063
8069,元太,449,209,240,國票-敦北法人,2023-02-02,0037003700390063
2330,台積電,314,77,237,國票-敦北法人,2023-02-02,0037003700390063
6796,晉弘,233,0,233,國票-敦北法人,2023-02-02,0037003700390063
4919,新唐,285,79,206,國票-敦北法人,2023-02-02,0037003700390063
2883B,凱基金乙特,200,0,200,國票-敦北法人,2023-02-02,0037003700390063
2308,台達電,214,16,198,國票-敦北法人,2023-02-02,0037003700390063
2338,光罩,278,81,197,國票-敦北法人,2023-02-02,0037003700390063
2388,威盛,214,35,179,國票-敦北法人,2023-02-02,0037003700390063
9942,茂順,170,0,170,國票-敦北法人,2023-02-02,0037003700390063
8110,華東,157,2,155,國票-敦北法人,2023-02-02,0037003700390063
3708,上緯投控,169,19,150,國票-敦北法人,2023-02-02,0037003700390063
6205,詮欣,146,16,130,國票-敦北法人,2023-02-02,0037003700390063
3704,合勤控,212,87,125,國票-敦北法人,2023-02-02,0037003700390063
3035,智原,191,66,125,國票-敦北法人,2023-02-02,0037003700390063
2610,華航,409,285,124,國票-敦北法人,2023-02-02,0037003700390063
2618,長榮航,511,389,122,國票-敦北法人,2023-02-02,0037003700390063
1785,光洋科,114,7,107,國票-敦北法人,2023-02-02,0037003700390063
1609,大亞,337,234,103,國票-敦北法人,2023-02-02,0037003700390063
6799,來頡,101,2,99,國票-敦北法人,2023-02-02,0037003700390063
2889,國票金,119,29,90,國票-敦北法人,2023-02-02,0037003700390063
3152,璟德,63,0,63,國票-敦北法人,2023-02-02,0037003700390063
6491,晶碩,56,0,56,國票-敦北法人,2023-02-02,0037003700390063
2230,泰茂,70,15,55,國票-敦北法人,2023-02-02,0037003700390063
2454,聯發科,66,11,55,國票-敦北法人,2023-02-02,0037003700390063
8070,長華*,54,0,54,國票-敦北法人,2023-02-02,0037003700390063
5351,鈺創,95,43,52,國票-敦北法人,2023-02-02,0037003700390063
6806,森崴能源,64,13,51,國票-敦北法人,2023-02-02,0037003700390063
2748,雲品,51,1,50,國票-敦北法人,2023-02-02,0037003700390063
6284,佳邦,60,10,50,國票-敦北法人,2023-02-02,0037003700390063
2303,聯電,184,135,49,國票-敦北法人,2023-02-02,0037003700390063
5269,祥碩,67,18,49,國票-敦北法人,2023-02-02,0037003700390063
2013,中鋼構,40,0,40,國票-敦北法人,2023-02-02,0037003700390063
2458,義隆,53,16,37,國票-敦北法人,2023-02-02,0037003700390063
3034,聯詠,53,17,36,國票-敦北法人,2023-02-02,0037003700390063
6166,凌華,30,0,30,國票-敦北法人,2023-02-02,0037003700390063
5299,杰力,30,0,30,國票-敦北法人,2023-02-02,0037003700390063
3059,華晶科,93,63,30,國票-敦北法人,2023-02-02,0037003700390063
3564,其陽,30,0,30,國票-敦北法人,2023-02-02,0037003700390063
4958,臻鼎-KY,30,0,30,國票-敦北法人,2023-02-02,0037003700390063
3686,達能,30,0,30,國票-敦北法人,2023-02-02,0037003700390063
3653,健策,43,14,29,國票-敦北法人,2023-02-02,0037003700390063
5425,台半,222,194,28,國票-敦北法人,2023-02-02,0037003700390063
6104,創惟,1232,223,1009,國票-敦北法人,2023-02-03,0037003700390063
3711,日月光投控,1038,81,957,國票-敦北法人,2023-02-03,0037003700390063
2344,華邦電,1054,363,691,國票-敦北法人,2023-02-03,0037003700390063
1722,台肥,550,0,550,國票-敦北法人,2023-02-03,0037003700390063
2368,金像電,564,48,516,國票-敦北法人,2023-02-03,0037003700390063
8069,元太,735,235,500,國票-敦北法人,2023-02-03,0037003700390063
8358,金居,385,68,317,國票-敦北法人,2023-02-03,0037003700390063
6282,康舒,952,659,293,國票-敦北法人,2023-02-03,0037003700390063
6147,頎邦,296,11,285,國票-敦北法人,2023-02-03,0037003700390063
2883B,凱基金乙特,200,0,200,國票-敦北法人,2023-02-03,0037003700390063
00680L,元大美債20正2,200,2,198,國票-敦北法人,2023-02-03,0037003700390063
6279,胡連,182,13,169,國票-敦北法人,2023-02-03,0037003700390063
6235,華孚,156,33,123,國票-敦北法人,2023-02-03,0037003700390063
4919,新唐,374,265,109,國票-敦北法人,2023-02-03,0037003700390063
3260,威剛,109,7,102,國票-敦北法人,2023-02-03,0037003700390063
3035,智原,255,160,95,國票-敦北法人,2023-02-03,0037003700390063
2615,萬海,141,57,84,國票-敦北法人,2023-02-03,0037003700390063
6196,帆宣,98,14,84,國票-敦北法人,2023-02-03,0037003700390063
3701,大眾控,1007,931,76,國票-敦北法人,2023-02-03,0037003700390063
3207,耀勝,127,51,76,國票-敦北法人,2023-02-03,0037003700390063
6505,台塑化,65,0,65,國票-敦北法人,2023-02-03,0037003700390063
6116,彩晶,156,94,62,國票-敦北法人,2023-02-03,0037003700390063
4979,華星光,108,54,54,國票-敦北法人,2023-02-03,0037003700390063
1336,台翰,52,1,51,國票-敦北法人,2023-02-03,0037003700390063
3013,晟銘電,64,13,51,國票-敦北法人,2023-02-03,0037003700390063
9942,茂順,50,0,50,國票-敦北法人,2023-02-03,0037003700390063
2425,承啟,50,0,50,國票-敦北法人,2023-02-03,0037003700390063
3003,健和興,50,0,50,國票-敦北法人,2023-02-03,0037003700390063
3017,奇鋐,72,25,47,國票-敦北法人,2023-02-03,0037003700390063
1513,中興電,151,105,46,國票-敦北法人,2023-02-03,0037003700390063
2013,中鋼構,43,0,43,國票-敦北法人,2023-02-03,0037003700390063
6829,千附精密,40,0,40,國票-敦北法人,2023-02-03,0037003700390063
1605,華新,105,69,36,國票-敦北法人,2023-02-03,0037003700390063
3432,台端,37,3,34,國票-敦北法人,2023-02-03,0037003700390063
1584,精剛,127,94,33,國票-敦北法人,2023-02-03,0037003700390063
1409,新纖,32,0,32,國票-敦北法人,2023-02-03,0037003700390063
1460,宏遠,30,0,30,國票-敦北法人,2023-02-03,0037003700390063
1477,聚陽,39,9,30,國票-敦北法人,2023-02-03,0037003700390063
1309,台達化,30,0,30,國票-敦北法人,2023-02-03,0037003700390063
6271,同欣電,50,21,29,國票-敦北法人,2023-02-03,0037003700390063
6781,AES-KY,29,2,27,國票-敦北法人,2023-02-03,0037003700390063
2731,雄獅,27,1,26,國票-敦北法人,2023-02-03,0037003700390063
3483,力致,24,0,24,國票-敦北法人,2023-02-03,0037003700390063
6143,振曜,68,44,24,國票-敦北法人,2023-02-03,0037003700390063
2498,宏達電,296,273,23,國票-敦北法人,2023-02-03,0037003700390063
2049,上銀,40,18,22,國票-敦北法人,2023-02-03,0037003700390063
2014,中鴻,120,98,22,國票-敦北法人,2023-02-03,0037003700390063
1723,中碳,20,0,20,國票-敦北法人,2023-02-03,0037003700390063
4105,東洋,20,0,20,國票-敦北法人,2023-02-03,0037003700390063
6205,詮欣,42,22,20,國票-敦北法人,2023-02-03,0037003700390063
2303,聯電,2192,394,1798,國票-敦北法人,2023-02-06,0037003700390063
9958,世紀鋼,344,11,333,國票-敦北法人,2023-02-06,0037003700390063
3231,緯創,311,28,283,國票-敦北法人,2023-02-06,0037003700390063
2609,陽明,338,135,203,國票-敦北法人,2023-02-06,0037003700390063
2881,富邦金,210,43,167,國票-敦北法人,2023-02-06,0037003700390063
3711,日月光投控,212,61,151,國票-敦北法人,2023-02-06,0037003700390063
2615,萬海,237,114,123,國票-敦北法人,2023-02-06,0037003700390063
2637,慧洋-KY,121,5,116,國票-敦北法人,2023-02-06,0037003700390063
6282,康舒,381,268,113,國票-敦北法人,2023-02-06,0037003700390063
1785,光洋科,149,42,107,國票-敦北法人,2023-02-06,0037003700390063
5871,中租-KY,100,0,100,國票-敦北法人,2023-02-06,0037003700390063
1314,中石化,105,5,100,國票-敦北法人,2023-02-06,0037003700390063
2883B,凱基金乙特,100,0,100,國票-敦北法人,2023-02-06,0037003700390063
6223,旺矽,93,0,93,國票-敦北法人,2023-02-06,0037003700390063
8069,元太,139,48,91,國票-敦北法人,2023-02-06,0037003700390063
3548,兆利,80,0,80,國票-敦北法人,2023-02-06,0037003700390063
2481,強茂,138,61,77,國票-敦北法人,2023-02-06,0037003700390063
2915,潤泰全,69,0,69,國票-敦北法人,2023-02-06,0037003700390063
6505,台塑化,65,0,65,國票-敦北法人,2023-02-06,0037003700390063
2049,上銀,65,5,60,國票-敦北法人,2023-02-06,0037003700390063
8215,明基材,76,17,59,國票-敦北法人,2023-02-06,0037003700390063
2606,裕民,59,2,57,國票-敦北法人,2023-02-06,0037003700390063
5285,界霖,71,17,54,國票-敦北法人,2023-02-06,0037003700390063
1605,華新,209,155,54,國票-敦北法人,2023-02-06,0037003700390063
3653,健策,51,0,51,國票-敦北法人,2023-02-06,0037003700390063
2013,中鋼構,50,0,50,國票-敦北法人,2023-02-06,0037003700390063
3003,健和興,50,0,50,國票-敦北法人,2023-02-06,0037003700390063
3481,群創,169,124,45,國票-敦北法人,2023-02-06,0037003700390063
4155,訊映,62,18,44,國票-敦北法人,2023-02-06,0037003700390063
3035,智原,232,190,42,國票-敦北法人,2023-02-06,0037003700390063
1313,聯成,52,12,40,國票-敦北法人,2023-02-06,0037003700390063
8454,富邦媒,39,1,38,國票-敦北法人,2023-02-06,0037003700390063
6235,華孚,121,83,38,國票-敦北法人,2023-02-06,0037003700390063
2379,瑞昱,45,15,30,國票-敦北法人,2023-02-06,0037003700390063
00671R,富邦NASDAQ反1,30,0,30,國票-敦北法人,2023-02-06,0037003700390063
3558,神準,66,36,30,國票-敦北法人,2023-02-06,0037003700390063
00878,國泰永續高股息,29,0,29,國票-敦北法人,2023-02-06,0037003700390063
3034,聯詠,35,7,28,國票-敦北法人,2023-02-06,0037003700390063
8436,大江,38,12,26,國票-敦北法人,2023-02-06,0037003700390063
4167,松瑞藥,44,19,25,國票-敦北法人,2023-02-06,0037003700390063
6770,力積電,106,83,23,國票-敦北法人,2023-02-06,0037003700390063
2328,廣宇,33,11,22,國票-敦北法人,2023-02-06,0037003700390063
00636,國泰中國A50,21,0,21,國票-敦北法人,2023-02-06,0037003700390063
3508,位速,21,0,21,國票-敦北法人,2023-02-06,0037003700390063
1712,興農,20,0,20,國票-敦北法人,2023-02-06,0037003700390063
00885,富邦越南,20,0,20,國票-敦北法人,2023-02-06,0037003700390063
6781,AES-KY,20,0,20,國票-敦北法人,2023-02-06,0037003700390063
6712,長聖,21,1,20,國票-敦北法人,2023-02-06,0037003700390063
2812,台中銀,20,0,20,國票-敦北法人,2023-02-06,0037003700390063
1723,中碳,20,0,20,國票-敦北法人,2023-02-06,0037003700390063
2425,承啟,2726,52,2674,國票-敦北法人,2023-02-07,0037003700390063
2303,聯電,1133,90,1043,國票-敦北法人,2023-02-07,0037003700390063
2412,中華電,807,0,807,國票-敦北法人,2023-02-07,0037003700390063
6443,元晶,721,30,691,國票-敦北法人,2023-02-07,0037003700390063
6282,康舒,696,244,452,國票-敦北法人,2023-02-07,0037003700390063
3037,欣興,387,129,258,國票-敦北法人,2023-02-07,0037003700390063
5347,世界,217,4,213,國票-敦北法人,2023-02-07,0037003700390063
2301,光寶科,162,12,150,國票-敦北法人,2023-02-07,0037003700390063
2881,富邦金,146,8,138,國票-敦北法人,2023-02-07,0037003700390063
2345,智邦,127,5,122,國票-敦北法人,2023-02-07,0037003700390063
6235,華孚,596,478,118,國票-敦北法人,2023-02-07,0037003700390063
2013,中鋼構,115,0,115,國票-敦北法人,2023-02-07,0037003700390063
6116,彩晶,119,15,104,國票-敦北法人,2023-02-07,0037003700390063
4155,訊映,98,1,97,國票-敦北法人,2023-02-07,0037003700390063
1605,華新,306,226,80,國票-敦北法人,2023-02-07,0037003700390063
4961,天鈺,103,25,78,國票-敦北法人,2023-02-07,0037003700390063
2481,強茂,95,19,76,國票-敦北法人,2023-02-07,0037003700390063
3011,今皓,66,0,66,國票-敦北法人,2023-02-07,0037003700390063
2358,廷鑫,60,0,60,國票-敦北法人,2023-02-07,0037003700390063
1513,中興電,55,0,55,國票-敦北法人,2023-02-07,0037003700390063
2530,華建,55,0,55,國票-敦北法人,2023-02-07,0037003700390063
6223,旺矽,64,12,52,國票-敦北法人,2023-02-07,0037003700390063
2002,中鋼,70,18,52,國票-敦北法人,2023-02-07,0037003700390063
8046,南電,80,29,51,國票-敦北法人,2023-02-07,0037003700390063
2027,大成鋼,58,8,50,國票-敦北法人,2023-02-07,0037003700390063
3624,光頡,50,0,50,國票-敦北法人,2023-02-07,0037003700390063
6782,視陽,58,8,50,國票-敦北法人,2023-02-07,0037003700390063
2610,華航,130,83,47,國票-敦北法人,2023-02-07,0037003700390063
5285,界霖,43,1,42,國票-敦北法人,2023-02-07,0037003700390063
3264,欣銓,55,15,40,國票-敦北法人,2023-02-07,0037003700390063
3257,虹冠電,38,0,38,國票-敦北法人,2023-02-07,0037003700390063
2882B,國泰金乙特,35,0,35,國票-敦北法人,2023-02-07,0037003700390063
3558,神準,77,43,34,國票-敦北法人,2023-02-07,0037003700390063
2498,宏達電,327,297,30,國票-敦北法人,2023-02-07,0037003700390063
3653,健策,32,2,30,國票-敦北法人,2023-02-07,0037003700390063
3533,嘉澤,30,0,30,國票-敦北法人,2023-02-07,0037003700390063
1416,廣豐,30,0,30,國票-敦北法人,2023-02-07,0037003700390063
5284,jpp-KY,31,1,30,國票-敦北法人,2023-02-07,0037003700390063
3022,威強電,31,4,27,國票-敦北法人,2023-02-07,0037003700390063
2317,鴻海,101,75,26,國票-敦北法人,2023-02-07,0037003700390063
4114,健喬,93,67,26,國票-敦北法人,2023-02-07,0037003700390063
6143,振曜,29,3,26,國票-敦北法人,2023-02-07,0037003700390063
3324,雙鴻,25,1,24,國票-敦北法人,2023-02-07,0037003700390063
3035,智原,78,55,23,國票-敦北法人,2023-02-07,0037003700390063
5439,高技,23,0,23,國票-敦北法人,2023-02-07,0037003700390063
6138,茂達,29,7,22,國票-敦北法人,2023-02-07,0037003700390063
8033,雷虎,44,22,22,國票-敦北法人,2023-02-07,0037003700390063
1584,精剛,96,76,20,國票-敦北法人,2023-02-07,0037003700390063
8227,巨有科技,38,21,17,國票-敦北法人,2023-02-07,0037003700390063
6679,鈺太,23,6,17,國票-敦北法人,2023-02-07,0037003700390063
00892,富邦台灣半導體,2000,0,2000,國票-敦北法人,2023-02-08,0037003700390063
1513,中興電,644,44,600,國票-敦北法人,2023-02-08,0037003700390063
1584,精剛,704,106,598,國票-敦北法人,2023-02-08,0037003700390063
00637L,元大滬深300正2,510,141,369,國票-敦北法人,2023-02-08,0037003700390063
3034,聯詠,374,16,358,國票-敦北法人,2023-02-08,0037003700390063
6781,AES-KY,306,8,298,國票-敦北法人,2023-02-08,0037003700390063
2352,佳世達,250,0,250,國票-敦北法人,2023-02-08,0037003700390063
3035,智原,315,103,212,國票-敦北法人,2023-02-08,0037003700390063
00680L,元大美債20正2,201,0,201,國票-敦北法人,2023-02-08,0037003700390063
2405,輔信,159,9,150,國票-敦北法人,2023-02-08,0037003700390063
3665,貿聯-KY,150,0,150,國票-敦北法人,2023-02-08,0037003700390063
2049,上銀,155,33,122,國票-敦北法人,2023-02-08,0037003700390063
5347,世界,196,82,114,國票-敦北法人,2023-02-08,0037003700390063
5351,鈺創,118,18,100,國票-敦北法人,2023-02-08,0037003700390063
3092,鴻碩,100,0,100,國票-敦北法人,2023-02-08,0037003700390063
6515,穎崴,100,1,99,國票-敦北法人,2023-02-08,0037003700390063
2883B,凱基金乙特,98,0,98,國票-敦北法人,2023-02-08,0037003700390063
2013,中鋼構,80,0,80,國票-敦北法人,2023-02-08,0037003700390063
4155,訊映,61,0,61,國票-敦北法人,2023-02-08,0037003700390063
3708,上緯投控,60,2,58,國票-敦北法人,2023-02-08,0037003700390063
6472,保瑞,95,39,56,國票-敦北法人,2023-02-08,0037003700390063
2358,廷鑫,52,0,52,國票-敦北法人,2023-02-08,0037003700390063
00878,國泰永續高股息,61,10,51,國票-敦北法人,2023-02-08,0037003700390063
4960,誠美材,64,13,51,國票-敦北法人,2023-02-08,0037003700390063
1722,台肥,50,0,50,國票-敦北法人,2023-02-08,0037003700390063
6104,創惟,78,28,50,國票-敦北法人,2023-02-08,0037003700390063
2338,光罩,52,3,49,國票-敦北法人,2023-02-08,0037003700390063
1760,寶齡富錦,59,11,48,國票-敦北法人,2023-02-08,0037003700390063
3218,大學光,49,3,46,國票-敦北法人,2023-02-08,0037003700390063
2530,華建,45,0,45,國票-敦北法人,2023-02-08,0037003700390063
8358,金居,72,27,45,國票-敦北法人,2023-02-08,0037003700390063
6488,環球晶,41,0,41,國票-敦北法人,2023-02-08,0037003700390063
1605,華新,83,43,40,國票-敦北法人,2023-02-08,0037003700390063
4702,中美實,40,0,40,國票-敦北法人,2023-02-08,0037003700390063
1309,台達化,40,0,40,國票-敦北法人,2023-02-08,0037003700390063
6679,鈺太,41,3,38,國票-敦北法人,2023-02-08,0037003700390063
2383,台光電,40,2,38,國票-敦北法人,2023-02-08,0037003700390063
6146,耕興,36,0,36,國票-敦北法人,2023-02-08,0037003700390063
6782,視陽,37,2,35,國票-敦北法人,2023-02-08,0037003700390063
3059,華晶科,40,7,33,國票-敦北法人,2023-02-08,0037003700390063
8341,日友,32,1,31,國票-敦北法人,2023-02-08,0037003700390063
5225,東科-KY,31,0,31,國票-敦北法人,2023-02-08,0037003700390063
8069,元太,273,243,30,國票-敦北法人,2023-02-08,0037003700390063
2371,大同,30,0,30,國票-敦北法人,2023-02-08,0037003700390063
2610,華航,151,121,30,國票-敦北法人,2023-02-08,0037003700390063
5285,界霖,72,45,27,國票-敦北法人,2023-02-08,0037003700390063
3624,光頡,48,21,27,國票-敦北法人,2023-02-08,0037003700390063
6789,采鈺,30,3,27,國票-敦北法人,2023-02-08,0037003700390063
6732,昇佳電子,28,2,26,國票-敦北法人,2023-02-08,0037003700390063
3257,虹冠電,26,0,26,國票-敦北法人,2023-02-08,0037003700390063
00671R,富邦NASDAQ反1,15000,0,15000,國票-敦北法人,2023-02-09,0037003700390063
3594,磐儀,2021,10,2011,國票-敦北法人,2023-02-09,0037003700390063
3479,安勤,1611,105,1506,國票-敦北法人,2023-02-09,0037003700390063
6282,康舒,1233,157,1076,國票-敦北法人,2023-02-09,0037003700390063
2634,漢翔,1192,135,1057,國票-敦北法人,2023-02-09,0037003700390063
2409,友達,1050,259,791,國票-敦北法人,2023-02-09,0037003700390063
2606,裕民,571,3,568,國票-敦北法人,2023-02-09,0037003700390063
2637,慧洋-KY,477,2,475,國票-敦北法人,2023-02-09,0037003700390063
6643,M31,250,2,248,國票-敦北法人,2023-02-09,0037003700390063
5425,台半,337,100,237,國票-敦北法人,2023-02-09,0037003700390063
2049,上銀,244,16,228,國票-敦北法人,2023-02-09,0037003700390063
2013,中鋼構,150,0,150,國票-敦北法人,2023-02-09,0037003700390063
3680,家登,144,16,128,國票-敦北法人,2023-02-09,0037003700390063
3045,台灣大,100,0,100,國票-敦北法人,2023-02-09,0037003700390063
4746,台耀,107,12,95,國票-敦北法人,2023-02-09,0037003700390063
2330,台積電,500,427,73,國票-敦北法人,2023-02-09,0037003700390063
3624,光頡,111,42,69,國票-敦北法人,2023-02-09,0037003700390063
3533,嘉澤,66,0,66,國票-敦北法人,2023-02-09,0037003700390063
3454,晶睿,71,13,58,國票-敦北法人,2023-02-09,0037003700390063
6271,同欣電,60,2,58,國票-敦北法人,2023-02-09,0037003700390063
6104,創惟,87,30,57,國票-敦北法人,2023-02-09,0037003700390063
4919,新唐,99,47,52,國票-敦北法人,2023-02-09,0037003700390063
3037,欣興,90,39,51,國票-敦北法人,2023-02-09,0037003700390063
2351,順德,54,3,51,國票-敦北法人,2023-02-09,0037003700390063
1722,台肥,50,0,50,國票-敦北法人,2023-02-09,0037003700390063
2727,王品,55,6,49,國票-敦北法人,2023-02-09,0037003700390063
3008,大立光,39,1,38,國票-敦北法人,2023-02-09,0037003700390063
3092,鴻碩,35,0,35,國票-敦北法人,2023-02-09,0037003700390063
2880,華南金,34,0,34,國票-敦北法人,2023-02-09,0037003700390063
2371,大同,37,5,32,國票-敦北法人,2023-02-09,0037003700390063
3034,聯詠,92,61,31,國票-敦北法人,2023-02-09,0037003700390063
3017,奇鋐,60,29,31,國票-敦北法人,2023-02-09,0037003700390063
3035,智原,149,118,31,國票-敦北法人,2023-02-09,0037003700390063
4763,材料-KY,54,24,30,國票-敦北法人,2023-02-09,0037003700390063
2358,廷鑫,33,3,30,國票-敦北法人,2023-02-09,0037003700390063
8227,巨有科技,34,8,26,國票-敦北法人,2023-02-09,0037003700390063
00632R,元大台灣50反1,25,0,25,國票-敦北法人,2023-02-09,0037003700390063
00878,國泰永續高股息,25,0,25,國票-敦北法人,2023-02-09,0037003700390063
1519,華城,34,11,23,國票-敦北法人,2023-02-09,0037003700390063
6782,視陽,24,2,22,國票-敦北法人,2023-02-09,0037003700390063
6415,矽力*-KY,25,3,22,國票-敦北法人,2023-02-09,0037003700390063
6138,茂達,77,56,21,國票-敦北法人,2023-02-09,0037003700390063
8016,矽創,33,12,21,國票-敦北法人,2023-02-09,0037003700390063
8054,安國,20,0,20,國票-敦北法人,2023-02-09,0037003700390063
2367,燿華,84,64,20,國票-敦北法人,2023-02-09,0037003700390063
2425,承啟,140,120,20,國票-敦北法人,2023-02-09,0037003700390063
6830,汎銓,21,3,18,國票-敦北法人,2023-02-09,0037003700390063
4541,晟田,20,3,17,國票-敦北法人,2023-02-09,0037003700390063
1760,寶齡富錦,47,32,15,國票-敦北法人,2023-02-09,0037003700390063
2368,金像電,42,28,14,國票-敦北法人,2023-02-09,0037003700390063
2891,中信金,1006,38,968,國票-敦北法人,2023-02-10,0037003700390063
00637L,元大滬深300正2,511,5,506,國票-敦北法人,2023-02-10,0037003700390063
9939,宏全,500,7,493,國票-敦北法人,2023-02-10,0037003700390063
00715L,期街口布蘭特正2,602,201,401,國票-敦北法人,2023-02-10,0037003700390063
00679B,元大美債20年,308,2,306,國票-敦北法人,2023-02-10,0037003700390063
8155,博智,283,1,282,國票-敦北法人,2023-02-10,0037003700390063
3034,聯詠,296,20,276,國票-敦北法人,2023-02-10,0037003700390063
3217,優群,348,88,260,國票-敦北法人,2023-02-10,0037003700390063
00780B,國泰A級金融債,200,0,200,國票-敦北法人,2023-02-10,0037003700390063
8069,元太,192,33,159,國票-敦北法人,2023-02-10,0037003700390063
3653,健策,130,0,130,國票-敦北法人,2023-02-10,0037003700390063
3675,德微,132,3,129,國票-敦北法人,2023-02-10,0037003700390063
1722,台肥,125,0,125,國票-敦北法人,2023-02-10,0037003700390063
2634,漢翔,426,309,117,國票-敦北法人,2023-02-10,0037003700390063
4931,新盛力,144,40,104,國票-敦北法人,2023-02-10,0037003700390063
3624,光頡,171,69,102,國票-敦北法人,2023-02-10,0037003700390063
6414,樺漢,100,0,100,國票-敦北法人,2023-02-10,0037003700390063
8349,�矬�,112,12,100,國票-敦北法人,2023-02-10,0037003700390063
2013,中鋼構,80,0,80,國票-敦北法人,2023-02-10,0037003700390063
3479,安勤,1227,1148,79,國票-敦北法人,2023-02-10,0037003700390063
3591,艾笛森,73,1,72,國票-敦北法人,2023-02-10,0037003700390063
1584,精剛,219,152,67,國票-敦北法人,2023-02-10,0037003700390063
6712,長聖,96,34,62,國票-敦北法人,2023-02-10,0037003700390063
4739,康普,61,0,61,國票-敦北法人,2023-02-10,0037003700390063
8289,泰藝,74,14,60,國票-敦北法人,2023-02-10,0037003700390063
6679,鈺太,59,0,59,國票-敦北法人,2023-02-10,0037003700390063
6290,良維,57,0,57,國票-敦北法人,2023-02-10,0037003700390063
5871,中租-KY,54,0,54,國票-敦北法人,2023-02-10,0037003700390063
4977,眾達-KY,70,16,54,國票-敦北法人,2023-02-10,0037003700390063
2002,中鋼,71,19,52,國票-敦北法人,2023-02-10,0037003700390063
1605,華新,149,98,51,國票-敦北法人,2023-02-10,0037003700390063
2103,台橡,50,0,50,國票-敦北法人,2023-02-10,0037003700390063
3661,世芯-KY,64,16,48,國票-敦北法人,2023-02-10,0037003700390063
3035,智原,145,98,47,國票-敦北法人,2023-02-10,0037003700390063
2618,長榮航,111,69,42,國票-敦北法人,2023-02-10,0037003700390063
3257,虹冠電,39,0,39,國票-敦北法人,2023-02-10,0037003700390063
2884,玉山金,51,13,38,國票-敦北法人,2023-02-10,0037003700390063
3443,創意,77,42,35,國票-敦北法人,2023-02-10,0037003700390063
6271,同欣電,38,3,35,國票-敦北法人,2023-02-10,0037003700390063
5425,台半,121,86,35,國票-敦北法人,2023-02-10,0037003700390063
1609,大亞,48,14,34,國票-敦北法人,2023-02-10,0037003700390063
4155,訊映,44,11,33,國票-敦北法人,2023-02-10,0037003700390063
1513,中興電,121,88,33,國票-敦北法人,2023-02-10,0037003700390063
6233,旺玖,31,0,31,國票-敦北法人,2023-02-10,0037003700390063
3552,同致,48,18,30,國票-敦北法人,2023-02-10,0037003700390063
4702,中美實,30,0,30,國票-敦北法人,2023-02-10,0037003700390063
1752,南光,40,10,30,國票-敦北法人,2023-02-10,0037003700390063
4746,台耀,35,6,29,國票-敦北法人,2023-02-10,0037003700390063
2610,華航,89,62,27,國票-敦北法人,2023-02-10,0037003700390063
4164,承業醫,23,0,23,國票-敦北法人,2023-02-10,0037003700390063
8222,寶一,660,81,579,國票-敦北法人,2023-02-13,0037003700390063
2014,中鴻,547,58,489,國票-敦北法人,2023-02-13,0037003700390063
3217,優群,343,65,278,國票-敦北法人,2023-02-13,0037003700390063
8358,金居,269,16,253,國票-敦北法人,2023-02-13,0037003700390063
2637,慧洋-KY,197,0,197,國票-敦北法人,2023-02-13,0037003700390063
2408,南亞科,155,3,152,國票-敦北法人,2023-02-13,0037003700390063
2049,上銀,158,22,136,國票-敦北法人,2023-02-13,0037003700390063
3479,安勤,392,268,124,國票-敦北法人,2023-02-13,0037003700390063
2388,威盛,147,28,119,國票-敦北法人,2023-02-13,0037003700390063
4919,新唐,124,9,115,國票-敦北法人,2023-02-13,0037003700390063
3711,日月光投控,154,46,108,國票-敦北法人,2023-02-13,0037003700390063
00900,富邦特選高股息30,107,0,107,國票-敦北法人,2023-02-13,0037003700390063
6271,同欣電,103,0,103,國票-敦北法人,2023-02-13,0037003700390063
1513,中興電,131,32,99,國票-敦北法人,2023-02-13,0037003700390063
4960,誠美材,114,16,98,國票-敦北法人,2023-02-13,0037003700390063
9938,百和,152,58,94,國票-敦北法人,2023-02-13,0037003700390063
2834,臺企銀,127,37,90,國票-敦北法人,2023-02-13,0037003700390063
2013,中鋼構,80,0,80,國票-敦北法人,2023-02-13,0037003700390063
8033,雷虎,82,4,78,國票-敦北法人,2023-02-13,0037003700390063
1722,台肥,70,0,70,國票-敦北法人,2023-02-13,0037003700390063
8069,元太,63,10,53,國票-敦北法人,2023-02-13,0037003700390063
4114,健喬,90,39,51,國票-敦北法人,2023-02-13,0037003700390063
3034,聯詠,91,40,51,國票-敦北法人,2023-02-13,0037003700390063
2481,強茂,53,3,50,國票-敦北法人,2023-02-13,0037003700390063
3094,聯傑,50,15,35,國票-敦北法人,2023-02-13,0037003700390063
2347,聯強,64,34,30,國票-敦北法人,2023-02-13,0037003700390063
4702,中美實,30,0,30,國票-敦北法人,2023-02-13,0037003700390063
3587,閎康,33,4,29,國票-敦北法人,2023-02-13,0037003700390063
8349,�矬�,30,1,29,國票-敦北法人,2023-02-13,0037003700390063
00673R,期元大S＆P原油反1,26,0,26,國票-敦北法人,2023-02-13,0037003700390063
2610,華航,99,75,24,國票-敦北法人,2023-02-13,0037003700390063
1605,華新,48,26,22,國票-敦北法人,2023-02-13,0037003700390063
8097,常珵,21,0,21,國票-敦北法人,2023-02-13,0037003700390063
3529,力旺,20,0,20,國票-敦北法人,2023-02-13,0037003700390063
1591,駿吉-KY,20,0,20,國票-敦北法人,2023-02-13,0037003700390063
1447,力鵬,18,0,18,國票-敦北法人,2023-02-13,0037003700390063
8050,廣積,22,5,17,國票-敦北法人,2023-02-13,0037003700390063
3701,大眾控,16,0,16,國票-敦北法人,2023-02-13,0037003700390063
6235,華孚,188,172,16,國票-敦北法人,2023-02-13,0037003700390063
3702,大聯大,20,5,15,國票-敦北法人,2023-02-13,0037003700390063
6290,良維,20,6,14,國票-敦北法人,2023-02-13,0037003700390063
3008,大立光,15,1,14,國票-敦北法人,2023-02-13,0037003700390063
00893,國泰智能電動車,23,10,13,國票-敦北法人,2023-02-13,0037003700390063
00679B,元大美債20年,12,0,12,國票-敦北法人,2023-02-13,0037003700390063
3027,盛達,15,3,12,國票-敦北法人,2023-02-13,0037003700390063
3481,群創,180,169,11,國票-敦北法人,2023-02-13,0037003700390063
2892,第一金,10,0,10,國票-敦北法人,2023-02-13,0037003700390063
3059,華晶科,10,0,10,國票-敦北法人,2023-02-13,0037003700390063
4142,國光生,10,0,10,國票-敦北法人,2023-02-13,0037003700390063
1815,富喬,10,0,10,國票-敦北法人,2023-02-13,0037003700390063
2471,資通,1252,0,1252,國票-敦北法人,2023-02-14,0037003700390063
2618,長榮航,1127,348,779,國票-敦北法人,2023-02-14,0037003700390063
2723,美食-KY,600,2,598,國票-敦北法人,2023-02-14,0037003700390063
1513,中興電,560,14,546,國票-敦北法人,2023-02-14,0037003700390063
3479,安勤,391,20,371,國票-敦北法人,2023-02-14,0037003700390063
1402,遠東新,313,13,300,國票-敦北法人,2023-02-14,0037003700390063
3037,欣興,258,12,246,國票-敦北法人,2023-02-14,0037003700390063
2412,中華電,168,11,157,國票-敦北法人,2023-02-14,0037003700390063
3045,台灣大,130,0,130,國票-敦北法人,2023-02-14,0037003700390063
2455,全新,118,0,118,國票-敦北法人,2023-02-14,0037003700390063
8299,群聯,106,0,106,國票-敦北法人,2023-02-14,0037003700390063
2344,華邦電,129,23,106,國票-敦北法人,2023-02-14,0037003700390063
00680L,元大美債20正2,100,0,100,國票-敦北法人,2023-02-14,0037003700390063
8081,致新,89,0,89,國票-敦北法人,2023-02-14,0037003700390063
2754,亞洲藏壽司,93,13,80,國票-敦北法人,2023-02-14,0037003700390063
2013,中鋼構,80,0,80,國票-敦北法人,2023-02-14,0037003700390063
3017,奇鋐,59,2,57,國票-敦北法人,2023-02-14,0037003700390063
3034,聯詠,62,6,56,國票-敦北法人,2023-02-14,0037003700390063
5289,宜鼎,55,0,55,國票-敦北法人,2023-02-14,0037003700390063
3533,嘉澤,51,0,51,國票-敦北法人,2023-02-14,0037003700390063
1432,大魯閣,40,1,39,國票-敦北法人,2023-02-14,0037003700390063
6782,視陽,66,29,37,國票-敦北法人,2023-02-14,0037003700390063
00753L,中信中國50正2,30,0,30,國票-敦北法人,2023-02-14,0037003700390063
6244,茂迪,30,0,30,國票-敦北法人,2023-02-14,0037003700390063
1409,新纖,30,0,30,國票-敦北法人,2023-02-14,0037003700390063
2371,大同,26,0,26,國票-敦北法人,2023-02-14,0037003700390063
1783,和康生,25,0,25,國票-敦北法人,2023-02-14,0037003700390063
00632R,元大台灣50反1,34,10,24,國票-敦北法人,2023-02-14,0037003700390063
1795,美時,176,153,23,國票-敦北法人,2023-02-14,0037003700390063
1701,中化,109,86,23,國票-敦北法人,2023-02-14,0037003700390063
5425,台半,29,9,20,國票-敦北法人,2023-02-14,0037003700390063
2449,京元電子,20,1,19,國票-敦北法人,2023-02-14,0037003700390063
3675,德微,21,2,19,國票-敦北法人,2023-02-14,0037003700390063
6643,M31,43,27,16,國票-敦北法人,2023-02-14,0037003700390063
9103,美德醫療-DR,16,0,16,國票-敦北法人,2023-02-14,0037003700390063
00637L,元大滬深300正2,31,15,16,國票-敦北法人,2023-02-14,0037003700390063
8349,�矬�,102,87,15,國票-敦北法人,2023-02-14,0037003700390063
6541,泰福-KY,14,0,14,國票-敦北法人,2023-02-14,0037003700390063
2208,台船,36,22,14,國票-敦北法人,2023-02-14,0037003700390063
4961,天鈺,13,0,13,國票-敦北法人,2023-02-14,0037003700390063
8476,台境*,13,0,13,國票-敦北法人,2023-02-14,0037003700390063
2727,王品,33,21,12,國票-敦北法人,2023-02-14,0037003700390063
6138,茂達,15,3,12,國票-敦北法人,2023-02-14,0037003700390063
2498,宏達電,29,17,12,國票-敦北法人,2023-02-14,0037003700390063
8215,明基材,16,4,12,國票-敦北法人,2023-02-14,0037003700390063
2603,長榮,98,87,11,國票-敦北法人,2023-02-14,0037003700390063
8097,常珵,11,0,11,國票-敦北法人,2023-02-14,0037003700390063
00720B,元大投資級公司債,11,0,11,國票-敦北法人,2023-02-14,0037003700390063
2102,泰豐,20,10,10,國票-敦北法人,2023-02-14,0037003700390063
4904,遠傳,10,0,10,國票-敦北法人,2023-02-14,0037003700390063
3481,群創,6500,224,6276,國票-敦北法人,2023-02-15,0037003700390063
1503,士電,2851,4,2847,國票-敦北法人,2023-02-15,0037003700390063
2455,全新,710,5,705,國票-敦北法人,2023-02-15,0037003700390063
3564,其陽,600,0,600,國票-敦北法人,2023-02-15,0037003700390063
00637L,元大滬深300正2,508,5,503,國票-敦北法人,2023-02-15,0037003700390063
1101,台泥,433,9,424,國票-敦北法人,2023-02-15,0037003700390063
4904,遠傳,300,0,300,國票-敦北法人,2023-02-15,0037003700390063
3035,智原,214,17,197,國票-敦北法人,2023-02-15,0037003700390063
2049,上銀,156,7,149,國票-敦北法人,2023-02-15,0037003700390063
2409,友達,295,147,148,國票-敦北法人,2023-02-15,0037003700390063
2834,臺企銀,136,37,99,國票-敦北法人,2023-02-15,0037003700390063
5388,中磊,100,1,99,國票-敦北法人,2023-02-15,0037003700390063
3037,欣興,149,59,90,國票-敦北法人,2023-02-15,0037003700390063
6116,彩晶,105,17,88,國票-敦北法人,2023-02-15,0037003700390063
2634,漢翔,114,32,82,國票-敦北法人,2023-02-15,0037003700390063
2013,中鋼構,80,0,80,國票-敦北法人,2023-02-15,0037003700390063
6290,良維,137,78,59,國票-敦北法人,2023-02-15,0037003700390063
2701,萬企,54,0,54,國票-敦北法人,2023-02-15,0037003700390063
2530,華建,50,0,50,國票-敦北法人,2023-02-15,0037003700390063
1722,台肥,48,0,48,國票-敦北法人,2023-02-15,0037003700390063
3675,德微,208,160,48,國票-敦北法人,2023-02-15,0037003700390063
1409,新纖,44,0,44,國票-敦北法人,2023-02-15,0037003700390063
8454,富邦媒,43,0,43,國票-敦北法人,2023-02-15,0037003700390063
3017,奇鋐,52,9,43,國票-敦北法人,2023-02-15,0037003700390063
00878,國泰永續高股息,45,4,41,國票-敦北法人,2023-02-15,0037003700390063
8436,大江,50,10,40,國票-敦北法人,2023-02-15,0037003700390063
6782,視陽,40,0,40,國票-敦北法人,2023-02-15,0037003700390063
2748,雲品,44,10,34,國票-敦北法人,2023-02-15,0037003700390063
6223,旺矽,32,0,32,國票-敦北法人,2023-02-15,0037003700390063
6244,茂迪,30,0,30,國票-敦北法人,2023-02-15,0037003700390063
6505,台塑化,30,0,30,國票-敦北法人,2023-02-15,0037003700390063
6541,泰福-KY,32,3,29,國票-敦北法人,2023-02-15,0037003700390063
6830,汎銓,25,0,25,國票-敦北法人,2023-02-15,0037003700390063
2337,旺宏,42,19,23,國票-敦北法人,2023-02-15,0037003700390063
8464,億豐,22,0,22,國票-敦北法人,2023-02-15,0037003700390063
4126,太醫,22,0,22,國票-敦北法人,2023-02-15,0037003700390063
9103,美德醫療-DR,21,0,21,國票-敦北法人,2023-02-15,0037003700390063
3465,進泰電子,20,0,20,國票-敦北法人,2023-02-15,0037003700390063
1589,永冠-KY,20,0,20,國票-敦北法人,2023-02-15,0037003700390063
6129,普誠,20,0,20,國票-敦北法人,2023-02-15,0037003700390063
2027,大成鋼,53,33,20,國票-敦北法人,2023-02-15,0037003700390063
00631L,元大台灣50正2,19,0,19,國票-敦北法人,2023-02-15,0037003700390063
6191,精成科,27,8,19,國票-敦北法人,2023-02-15,0037003700390063
5425,台半,49,31,18,國票-敦北法人,2023-02-15,0037003700390063
2206,三陽工業,36,18,18,國票-敦北法人,2023-02-15,0037003700390063
6138,茂達,16,0,16,國票-敦北法人,2023-02-15,0037003700390063
5410,國眾,30,14,16,國票-敦北法人,2023-02-15,0037003700390063
1701,中化,64,48,16,國票-敦北法人,2023-02-15,0037003700390063
3594,磐儀,39,23,16,國票-敦北法人,2023-02-15,0037003700390063
8227,巨有科技,23,8,15,國票-敦北法人,2023-02-15,0037003700390063
2303,聯電,2484,19,2465,國票-敦北法人,2023-02-16,0037003700390063
2409,友達,1408,333,1075,國票-敦北法人,2023-02-16,0037003700390063
2886,兆豐金,700,10,690,國票-敦北法人,2023-02-16,0037003700390063
3481,群創,1016,457,559,國票-敦北法人,2023-02-16,0037003700390063
8261,富鼎,550,0,550,國票-敦北法人,2023-02-16,0037003700390063
2412,中華電,510,10,500,國票-敦北法人,2023-02-16,0037003700390063
2102,泰豐,321,0,321,國票-敦北法人,2023-02-16,0037003700390063
9939,宏全,250,1,249,國票-敦北法人,2023-02-16,0037003700390063
3035,智原,273,59,214,國票-敦北法人,2023-02-16,0037003700390063
8358,金居,168,6,162,國票-敦北法人,2023-02-16,0037003700390063
2883,凱基金,153,10,143,國票-敦北法人,2023-02-16,0037003700390063
3675,德微,214,77,137,國票-敦北法人,2023-02-16,0037003700390063
5388,中磊,131,4,127,國票-敦北法人,2023-02-16,0037003700390063
6235,華孚,176,53,123,國票-敦北法人,2023-02-16,0037003700390063
00878,國泰永續高股息,114,0,114,國票-敦北法人,2023-02-16,0037003700390063
4919,新唐,121,20,101,國票-敦北法人,2023-02-16,0037003700390063
5425,台半,150,69,81,國票-敦北法人,2023-02-16,0037003700390063
2472,立隆電,80,0,80,國票-敦北法人,2023-02-16,0037003700390063
2347,聯強,93,14,79,國票-敦北法人,2023-02-16,0037003700390063
6411,晶焱,78,9,69,國票-敦北法人,2023-02-16,0037003700390063
2317,鴻海,98,29,69,國票-敦北法人,2023-02-16,0037003700390063
3022,威強電,71,4,67,國票-敦北法人,2023-02-16,0037003700390063
3290,東浦,66,6,60,國票-敦北法人,2023-02-16,0037003700390063
3558,神準,83,33,50,國票-敦北法人,2023-02-16,0037003700390063
3624,光頡,74,24,50,國票-敦北法人,2023-02-16,0037003700390063
8046,南電,70,22,48,國票-敦北法人,2023-02-16,0037003700390063
6679,鈺太,47,1,46,國票-敦北法人,2023-02-16,0037003700390063
6782,視陽,40,0,40,國票-敦北法人,2023-02-16,0037003700390063
2634,漢翔,103,66,37,國票-敦北法人,2023-02-16,0037003700390063
8016,矽創,43,8,35,國票-敦北法人,2023-02-16,0037003700390063
6533,晶心科,36,2,34,國票-敦北法人,2023-02-16,0037003700390063
3443,創意,75,42,33,國票-敦北法人,2023-02-16,0037003700390063
3037,欣興,132,100,32,國票-敦北法人,2023-02-16,0037003700390063
1722,台肥,30,0,30,國票-敦北法人,2023-02-16,0037003700390063
6143,振曜,42,17,25,國票-敦北法人,2023-02-16,0037003700390063
8436,大江,29,4,25,國票-敦北法人,2023-02-16,0037003700390063
6245,立端,28,6,22,國票-敦北法人,2023-02-16,0037003700390063
2436,偉詮電,22,1,21,國票-敦北法人,2023-02-16,0037003700390063
2013,中鋼構,20,0,20,國票-敦北法人,2023-02-16,0037003700390063
1760,寶齡富錦,24,4,20,國票-敦北法人,2023-02-16,0037003700390063
8081,致新,19,0,19,國票-敦北法人,2023-02-16,0037003700390063
3034,聯詠,28,9,19,國票-敦北法人,2023-02-16,0037003700390063
3594,磐儀,18,0,18,國票-敦北法人,2023-02-16,0037003700390063
6180,橘子,42,26,16,國票-敦北法人,2023-02-16,0037003700390063
4927,泰鼎-KY,15,0,15,國票-敦北法人,2023-02-16,0037003700390063
8215,明基材,15,0,15,國票-敦北法人,2023-02-16,0037003700390063
3653,健策,66,51,15,國票-敦北法人,2023-02-16,0037003700390063
5871,中租-KY,15,0,15,國票-敦北法人,2023-02-16,0037003700390063
1519,華城,87,75,12,國票-敦北法人,2023-02-16,0037003700390063
00632R,元大台灣50反1,13,1,12,國票-敦北法人,2023-02-16,0037003700390063
1503,士電,4725,1710,3015,國票-敦北法人,2023-02-17,0037003700390063
2748,雲品,1280,27,1253,國票-敦北法人,2023-02-17,0037003700390063
00637L,元大滬深300正2,512,3,509,國票-敦北法人,2023-02-17,0037003700390063
4961,天鈺,559,116,443,國票-敦北法人,2023-02-17,0037003700390063
3017,奇鋐,369,1,368,國票-敦北法人,2023-02-17,0037003700390063
3680,家登,356,11,345,國票-敦北法人,2023-02-17,0037003700390063
1326,台化,250,0,250,國票-敦北法人,2023-02-17,0037003700390063
1513,中興電,342,147,195,國票-敦北法人,2023-02-17,0037003700390063
2351,順德,181,0,181,國票-敦北法人,2023-02-17,0037003700390063
2330,台積電,380,234,146,國票-敦北法人,2023-02-17,0037003700390063
2408,南亞科,153,12,141,國票-敦北法人,2023-02-17,0037003700390063
3481,群創,581,456,125,國票-敦北法人,2023-02-17,0037003700390063
6245,立端,179,56,123,國票-敦北法人,2023-02-17,0037003700390063
006208,富邦台50,121,0,121,國票-敦北法人,2023-02-17,0037003700390063
6005,群益證,100,0,100,國票-敦北法人,2023-02-17,0037003700390063
2707,晶華,122,38,84,國票-敦北法人,2023-02-17,0037003700390063
6411,晶焱,461,382,79,國票-敦北法人,2023-02-17,0037003700390063
5388,中磊,88,11,77,國票-敦北法人,2023-02-17,0037003700390063
8097,常珵,106,31,75,國票-敦北法人,2023-02-17,0037003700390063
2379,瑞昱,80,10,70,國票-敦北法人,2023-02-17,0037003700390063
2313,華通,75,12,63,國票-敦北法人,2023-02-17,0037003700390063
6285,啟��,61,1,60,國票-敦北法人,2023-02-17,0037003700390063
6719,力智,59,0,59,國票-敦北法人,2023-02-17,0037003700390063
8016,矽創,60,3,57,國票-敦北法人,2023-02-17,0037003700390063
6679,鈺太,53,0,53,國票-敦北法人,2023-02-17,0037003700390063
2743,山富,84,32,52,國票-敦北法人,2023-02-17,0037003700390063
00878,國泰永續高股息,56,5,51,國票-敦北法人,2023-02-17,0037003700390063
4746,台耀,50,0,50,國票-敦北法人,2023-02-17,0037003700390063
2497,怡利電,65,15,50,國票-敦北法人,2023-02-17,0037003700390063
2637,慧洋-KY,50,0,50,國票-敦北法人,2023-02-17,0037003700390063
2701,萬企,50,0,50,國票-敦北法人,2023-02-17,0037003700390063
2368,金像電,72,24,48,國票-敦北法人,2023-02-17,0037003700390063
4743,合一,40,0,40,國票-敦北法人,2023-02-17,0037003700390063
3011,今皓,70,30,40,國票-敦北法人,2023-02-17,0037003700390063
2727,王品,59,21,38,國票-敦北法人,2023-02-17,0037003700390063
9910,豐泰,38,1,37,國票-敦北法人,2023-02-17,0037003700390063
3290,東浦,54,17,37,國票-敦北法人,2023-02-17,0037003700390063
9914,美利達,31,0,31,國票-敦北法人,2023-02-17,0037003700390063
8155,博智,30,0,30,國票-敦北法人,2023-02-17,0037003700390063
5351,鈺創,42,12,30,國票-敦北法人,2023-02-17,0037003700390063
1522,堤維西,39,10,29,國票-敦北法人,2023-02-17,0037003700390063
5274,信驊,27,0,27,國票-敦北法人,2023-02-17,0037003700390063
6491,晶碩,22,0,22,國票-敦北法人,2023-02-17,0037003700390063
2013,中鋼構,20,0,20,國票-敦北法人,2023-02-17,0037003700390063
6123,上奇,20,0,20,國票-敦北法人,2023-02-17,0037003700390063
2706,第一店,19,0,19,國票-敦北法人,2023-02-17,0037003700390063
4977,眾達-KY,52,33,19,國票-敦北法人,2023-02-17,0037003700390063
8215,明基材,16,0,16,國票-敦北法人,2023-02-17,0037003700390063
6456,GIS-KY,15,0,15,國票-敦北法人,2023-02-17,0037003700390063
5706,鳳凰,120,105,15,國票-敦北法人,2023-02-17,0037003700390063
2208,台船,2901,72,2829,國票-敦北法人,2023-02-20,0037003700390063
3594,磐儀,2271,28,2243,國票-敦北法人,2023-02-20,0037003700390063
2303,聯電,1218,28,1190,國票-敦北法人,2023-02-20,0037003700390063
3481,群創,1949,828,1121,國票-敦北法人,2023-02-20,0037003700390063
5258,虹堡,1098,72,1026,國票-敦北法人,2023-02-20,0037003700390063
4164,承業醫,559,22,537,國票-敦北法人,2023-02-20,0037003700390063
00637L,元大滬深300正2,540,44,496,國票-敦北法人,2023-02-20,0037003700390063
1504,東元,446,47,399,國票-敦北法人,2023-02-20,0037003700390063
2618,長榮航,877,581,296,國票-敦北法人,2023-02-20,0037003700390063
3037,欣興,271,10,261,國票-敦北法人,2023-02-20,0037003700390063
2701,萬企,222,0,222,國票-敦北法人,2023-02-20,0037003700390063
4919,新唐,240,43,197,國票-敦北法人,2023-02-20,0037003700390063
5225,東科-KY,193,0,193,國票-敦北法人,2023-02-20,0037003700390063
5425,台半,240,58,182,國票-敦北法人,2023-02-20,0037003700390063
2409,友達,424,247,177,國票-敦北法人,2023-02-20,0037003700390063
3548,兆利,174,0,174,國票-敦北法人,2023-02-20,0037003700390063
1513,中興電,372,222,150,國票-敦北法人,2023-02-20,0037003700390063
1477,聚陽,143,0,143,國票-敦北法人,2023-02-20,0037003700390063
6782,視陽,123,2,121,國票-敦北法人,2023-02-20,0037003700390063
1313,聯成,120,2,118,國票-敦北法人,2023-02-20,0037003700390063
2706,第一店,110,0,110,國票-敦北法人,2023-02-20,0037003700390063
3025,星通,86,5,81,國票-敦北法人,2023-02-20,0037003700390063
00715L,期街口布蘭特正2,120,40,80,國票-敦北法人,2023-02-20,0037003700390063
6104,創惟,163,83,80,國票-敦北法人,2023-02-20,0037003700390063
6531,愛普*,205,131,74,國票-敦北法人,2023-02-20,0037003700390063
2610,華航,566,495,71,國票-敦北法人,2023-02-20,0037003700390063
3189,景碩,75,10,65,國票-敦北法人,2023-02-20,0037003700390063
1590,亞德客-KY,64,0,64,國票-敦北法人,2023-02-20,0037003700390063
6285,啟��,59,0,59,國票-敦北法人,2023-02-20,0037003700390063
2327,國巨,68,10,58,國票-敦北法人,2023-02-20,0037003700390063
2344,華邦電,118,61,57,國票-敦北法人,2023-02-20,0037003700390063
8215,明基材,69,14,55,國票-敦北法人,2023-02-20,0037003700390063
3432,台端,58,3,55,國票-敦北法人,2023-02-20,0037003700390063
5388,中磊,64,12,52,國票-敦北法人,2023-02-20,0037003700390063
1326,台化,50,0,50,國票-敦北法人,2023-02-20,0037003700390063
2342,茂矽,46,0,46,國票-敦北法人,2023-02-20,0037003700390063
2023,燁輝,45,1,44,國票-敦北法人,2023-02-20,0037003700390063
9907,統一實,52,10,42,國票-敦北法人,2023-02-20,0037003700390063
4142,國光生,40,0,40,國票-敦北法人,2023-02-20,0037003700390063
3596,智易,40,0,40,國票-敦北法人,2023-02-20,0037003700390063
1783,和康生,53,13,40,國票-敦北法人,2023-02-20,0037003700390063
8097,常珵,37,0,37,國票-敦北法人,2023-02-20,0037003700390063
6290,良維,95,59,36,國票-敦北法人,2023-02-20,0037003700390063
4927,泰鼎-KY,45,10,35,國票-敦北法人,2023-02-20,0037003700390063
6643,M31,33,0,33,國票-敦北法人,2023-02-20,0037003700390063
6245,立端,98,69,29,國票-敦北法人,2023-02-20,0037003700390063
2436,偉詮電,32,3,29,國票-敦北法人,2023-02-20,0037003700390063
2834,臺企銀,50,22,28,國票-敦北法人,2023-02-20,0037003700390063
2453,凌群,34,6,28,國票-敦北法人,2023-02-20,0037003700390063
1308,亞聚,29,2,27,國票-敦北法人,2023-02-20,0037003700390063
2208,台船,5131,102,5029,國票-敦北法人,2023-02-21,0037003700390063
2230,泰茂,865,1,864,國票-敦北法人,2023-02-21,0037003700390063
3711,日月光投控,500,0,500,國票-敦北法人,2023-02-21,0037003700390063
9939,宏全,456,1,455,國票-敦北法人,2023-02-21,0037003700390063
4904,遠傳,450,0,450,國票-敦北法人,2023-02-21,0037003700390063
2884,玉山金,457,18,439,國票-敦北法人,2023-02-21,0037003700390063
2382,廣達,472,105,367,國票-敦北法人,2023-02-21,0037003700390063
6732,昇佳電子,330,0,330,國票-敦北法人,2023-02-21,0037003700390063
1519,華城,2789,2488,301,國票-敦北法人,2023-02-21,0037003700390063
3479,安勤,359,75,284,國票-敦北法人,2023-02-21,0037003700390063
1308,亞聚,150,0,150,國票-敦北法人,2023-02-21,0037003700390063
3217,優群,284,135,149,國票-敦北法人,2023-02-21,0037003700390063
4114,健喬,171,28,143,國票-敦北法人,2023-02-21,0037003700390063
3011,今皓,132,3,129,國票-敦北法人,2023-02-21,0037003700390063
2883B,凱基金乙特,124,3,121,國票-敦北法人,2023-02-21,0037003700390063
006208,富邦台50,120,0,120,國票-敦北法人,2023-02-21,0037003700390063
00715L,期街口布蘭特正2,204,90,114,國票-敦北法人,2023-02-21,0037003700390063
4979,華星光,215,102,113,國票-敦北法人,2023-02-21,0037003700390063
5269,祥碩,109,5,104,國票-敦北法人,2023-02-21,0037003700390063
5274,信驊,168,65,103,國票-敦北法人,2023-02-21,0037003700390063
5009,榮剛,266,166,100,國票-敦北法人,2023-02-21,0037003700390063
3045,台灣大,100,0,100,國票-敦北法人,2023-02-21,0037003700390063
2308,台達電,100,0,100,國票-敦北法人,2023-02-21,0037003700390063
2102,泰豐,95,0,95,國票-敦北法人,2023-02-21,0037003700390063
3362,先進光,93,3,90,國票-敦北法人,2023-02-21,0037003700390063
00753L,中信中國50正2,90,0,90,國票-敦北法人,2023-02-21,0037003700390063
6239,力成,75,0,75,國票-敦北法人,2023-02-21,0037003700390063
8069,元太,129,65,64,國票-敦北法人,2023-02-21,0037003700390063
3189,景碩,75,14,61,國票-敦北法人,2023-02-21,0037003700390063
1477,聚陽,61,0,61,國票-敦北法人,2023-02-21,0037003700390063
3023,信邦,60,0,60,國票-敦北法人,2023-02-21,0037003700390063
1609,大亞,120,61,59,國票-敦北法人,2023-02-21,0037003700390063
6669,緯穎,59,1,58,國票-敦北法人,2023-02-21,0037003700390063
2754,亞洲藏壽司,55,0,55,國票-敦北法人,2023-02-21,0037003700390063
3532,台勝科,50,0,50,國票-敦北法人,2023-02-21,0037003700390063
2610,華航,499,449,50,國票-敦北法人,2023-02-21,0037003700390063
3706,神達,49,0,49,國票-敦北法人,2023-02-21,0037003700390063
6245,立端,87,38,49,國票-敦北法人,2023-02-21,0037003700390063
3034,聯詠,52,6,46,國票-敦北法人,2023-02-21,0037003700390063
6231,系微,45,0,45,國票-敦北法人,2023-02-21,0037003700390063
5285,界霖,43,0,43,國票-敦北法人,2023-02-21,0037003700390063
3218,大學光,39,0,39,國票-敦北法人,2023-02-21,0037003700390063
2002,中鋼,83,48,35,國票-敦北法人,2023-02-21,0037003700390063
2634,漢翔,123,90,33,國票-敦北法人,2023-02-21,0037003700390063
2882B,國泰金乙特,35,2,33,國票-敦北法人,2023-02-21,0037003700390063
2618,長榮航,489,457,32,國票-敦北法人,2023-02-21,0037003700390063
2906,高林,61,29,32,國票-敦北法人,2023-02-21,0037003700390063
2013,中鋼構,30,0,30,國票-敦北法人,2023-02-21,0037003700390063
2344,華邦電,130,102,28,國票-敦北法人,2023-02-21,0037003700390063
3432,台端,28,0,28,國票-敦北法人,2023-02-21,0037003700390063
3481,群創,9075,829,8246,國票-敦北法人,2023-02-22,0037003700390063
8033,雷虎,1526,4,1522,國票-敦北法人,2023-02-22,0037003700390063
2208,台船,1254,132,1122,國票-敦北法人,2023-02-22,0037003700390063
6282,康舒,455,138,317,國票-敦北法人,2023-02-22,0037003700390063
2368,金像電,284,58,226,國票-敦北法人,2023-02-22,0037003700390063
3432,台端,200,10,190,國票-敦北法人,2023-02-22,0037003700390063
3290,東浦,170,0,170,國票-敦北法人,2023-02-22,0037003700390063
1108,幸福,174,24,150,國票-敦北法人,2023-02-22,0037003700390063
2102,泰豐,144,0,144,國票-敦北法人,2023-02-22,0037003700390063
3217,優群,168,35,133,國票-敦北法人,2023-02-22,0037003700390063
2701,萬企,115,0,115,國票-敦北法人,2023-02-22,0037003700390063
5225,東科-KY,102,0,102,國票-敦北法人,2023-02-22,0037003700390063
9938,百和,92,0,92,國票-敦北法人,2023-02-22,0037003700390063
5258,虹堡,148,60,88,國票-敦北法人,2023-02-22,0037003700390063
6235,華孚,259,172,87,國票-敦北法人,2023-02-22,0037003700390063
1722,台肥,75,0,75,國票-敦北法人,2023-02-22,0037003700390063
2707,晶華,72,8,64,國票-敦北法人,2023-02-22,0037003700390063
3011,今皓,69,5,64,國票-敦北法人,2023-02-22,0037003700390063
6290,良維,109,50,59,國票-敦北法人,2023-02-22,0037003700390063
2706,第一店,57,0,57,國票-敦北法人,2023-02-22,0037003700390063
2327,國巨,55,0,55,國票-敦北法人,2023-02-22,0037003700390063
00753L,中信中國50正2,50,0,50,國票-敦北法人,2023-02-22,0037003700390063
2344,華邦電,63,18,45,國票-敦北法人,2023-02-22,0037003700390063
5439,高技,40,0,40,國票-敦北法人,2023-02-22,0037003700390063
2712,遠雄來,36,0,36,國票-敦北法人,2023-02-22,0037003700390063
3532,台勝科,35,0,35,國票-敦北法人,2023-02-22,0037003700390063
3675,德微,51,16,35,國票-敦北法人,2023-02-22,0037003700390063
3138,耀登,35,2,33,國票-敦北法人,2023-02-22,0037003700390063
1309,台達化,30,0,30,國票-敦北法人,2023-02-22,0037003700390063
1305,華夏,30,1,29,國票-敦北法人,2023-02-22,0037003700390063
1513,中興電,194,166,28,國票-敦北法人,2023-02-22,0037003700390063
3708,上緯投控,28,3,25,國票-敦北法人,2023-02-22,0037003700390063
3189,景碩,41,18,23,國票-敦北法人,2023-02-22,0037003700390063
8478,東哥遊艇,62,40,22,國票-敦北法人,2023-02-22,0037003700390063
8097,常珵,22,0,22,國票-敦北法人,2023-02-22,0037003700390063
8111,立��,21,1,20,國票-敦北法人,2023-02-22,0037003700390063
8462,柏文,20,0,20,國票-敦北法人,2023-02-22,0037003700390063
2313,華通,38,18,20,國票-敦北法人,2023-02-22,0037003700390063
2013,中鋼構,20,0,20,國票-敦北法人,2023-02-22,0037003700390063
8081,致新,20,0,20,國票-敦北法人,2023-02-22,0037003700390063
8261,富鼎,20,0,20,國票-敦北法人,2023-02-22,0037003700390063
6806,森崴能源,24,4,20,國票-敦北法人,2023-02-22,0037003700390063
2367,燿華,23,3,20,國票-敦北法人,2023-02-22,0037003700390063
3533,嘉澤,17,0,17,國票-敦北法人,2023-02-22,0037003700390063
2379,瑞昱,30,14,16,國票-敦北法人,2023-02-22,0037003700390063
2330,台積電,20,4,16,國票-敦北法人,2023-02-22,0037003700390063
6116,彩晶,96,81,15,國票-敦北法人,2023-02-22,0037003700390063
1437,勤益控,32,17,15,國票-敦北法人,2023-02-22,0037003700390063
5425,台半,36,21,15,國票-敦北法人,2023-02-22,0037003700390063
6531,愛普*,35,22,13,國票-敦北法人,2023-02-22,0037003700390063
4967,十銓,1911,17,1894,國票-敦北法人,2023-02-23,0037003700390063
4147,中裕,2184,812,1372,國票-敦北法人,2023-02-23,0037003700390063
2208,台船,954,65,889,國票-敦北法人,2023-02-23,0037003700390063
2368,金像電,754,15,739,國票-敦北法人,2023-02-23,0037003700390063
2330,台積電,636,73,563,國票-敦北法人,2023-02-23,0037003700390063
2606,裕民,569,6,563,國票-敦北法人,2023-02-23,0037003700390063
00715L,期街口布蘭特正2,539,0,539,國票-敦北法人,2023-02-23,0037003700390063
6732,昇佳電子,301,11,290,國票-敦北法人,2023-02-23,0037003700390063
2102,泰豐,277,0,277,國票-敦北法人,2023-02-23,0037003700390063
2701,萬企,208,10,198,國票-敦北法人,2023-02-23,0037003700390063
4164,承業醫,181,16,165,國票-敦北法人,2023-02-23,0037003700390063
6248,沛波,150,0,150,國票-敦北法人,2023-02-23,0037003700390063
3443,創意,152,5,147,國票-敦北法人,2023-02-23,0037003700390063
3290,東浦,175,29,146,國票-敦北法人,2023-02-23,0037003700390063
8436,大江,141,3,138,國票-敦北法人,2023-02-23,0037003700390063
3594,磐儀,173,44,129,國票-敦北法人,2023-02-23,0037003700390063
8150,南茂,131,10,121,國票-敦北法人,2023-02-23,0037003700390063
3034,聯詠,109,2,107,國票-敦北法人,2023-02-23,0037003700390063
6515,穎崴,100,0,100,國票-敦北法人,2023-02-23,0037003700390063
4919,新唐,107,12,95,國票-敦北法人,2023-02-23,0037003700390063
6235,華孚,232,140,92,國票-敦北法人,2023-02-23,0037003700390063
2605,新興,107,15,92,國票-敦北法人,2023-02-23,0037003700390063
2031,新光鋼,86,0,86,國票-敦北法人,2023-02-23,0037003700390063
6806,森崴能源,79,0,79,國票-敦北法人,2023-02-23,0037003700390063
5871,中租-KY,89,10,79,國票-敦北法人,2023-02-23,0037003700390063
6782,視陽,74,0,74,國票-敦北法人,2023-02-23,0037003700390063
2637,慧洋-KY,93,27,66,國票-敦北法人,2023-02-23,0037003700390063
5225,東科-KY,57,0,57,國票-敦北法人,2023-02-23,0037003700390063
3533,嘉澤,52,0,52,國票-敦北法人,2023-02-23,0037003700390063
3532,台勝科,50,0,50,國票-敦北法人,2023-02-23,0037003700390063
2103,台橡,50,0,50,國票-敦北法人,2023-02-23,0037003700390063
8070,長華*,46,0,46,國票-敦北法人,2023-02-23,0037003700390063
3432,台端,45,0,45,國票-敦北法人,2023-02-23,0037003700390063
1590,亞德客-KY,43,0,43,國票-敦北法人,2023-02-23,0037003700390063
3189,景碩,44,4,40,國票-敦北法人,2023-02-23,0037003700390063
1413,宏洲,39,0,39,國票-敦北法人,2023-02-23,0037003700390063
6643,M31,44,6,38,國票-敦北法人,2023-02-23,0037003700390063
2014,中鴻,71,36,35,國票-敦北法人,2023-02-23,0037003700390063
2379,瑞昱,69,35,34,國票-敦北法人,2023-02-23,0037003700390063
6245,立端,37,4,33,國票-敦北法人,2023-02-23,0037003700390063
8462,柏文,31,0,31,國票-敦北法人,2023-02-23,0037003700390063
5009,榮剛,111,80,31,國票-敦北法人,2023-02-23,0037003700390063
2436,偉詮電,54,23,31,國票-敦北法人,2023-02-23,0037003700390063
2013,中鋼構,30,0,30,國票-敦北法人,2023-02-23,0037003700390063
4707,磐亞,30,0,30,國票-敦北法人,2023-02-23,0037003700390063
2603,長榮,102,72,30,國票-敦北法人,2023-02-23,0037003700390063
2344,華邦電,104,78,26,國票-敦北法人,2023-02-23,0037003700390063
2706,第一店,65,40,25,國票-敦北法人,2023-02-23,0037003700390063
6290,良維,82,58,24,國票-敦北法人,2023-02-23,0037003700390063
3557,嘉威,23,0,23,國票-敦北法人,2023-02-23,0037003700390063
3231,緯創,3620,38,3582,國票-敦北法人,2023-02-24,0037003700390063
2208,台船,1021,90,931,國票-敦北法人,2023-02-24,0037003700390063
2368,金像電,805,63,742,國票-敦北法人,2023-02-24,0037003700390063
00637L,元大滬深300正2,650,37,613,國票-敦北法人,2023-02-24,0037003700390063
3653,健策,550,25,525,國票-敦北法人,2023-02-24,0037003700390063
3017,奇鋐,540,40,500,國票-敦北法人,2023-02-24,0037003700390063
4147,中裕,2633,2153,480,國票-敦北法人,2023-02-24,0037003700390063
2409,友達,534,136,398,國票-敦北法人,2023-02-24,0037003700390063
1504,東元,368,22,346,國票-敦北法人,2023-02-24,0037003700390063
2102,泰豐,314,0,314,國票-敦北法人,2023-02-24,0037003700390063
3491,昇達科,268,21,247,國票-敦北法人,2023-02-24,0037003700390063
2641,正德,259,50,209,國票-敦北法人,2023-02-24,0037003700390063
3594,磐儀,237,32,205,國票-敦北法人,2023-02-24,0037003700390063
8069,元太,339,156,183,國票-敦北法人,2023-02-24,0037003700390063
8289,泰藝,159,20,139,國票-敦北法人,2023-02-24,0037003700390063
5608,四維航,390,252,138,國票-敦北法人,2023-02-24,0037003700390063
5512,力麒,337,205,132,國票-敦北法人,2023-02-24,0037003700390063
2634,漢翔,164,32,132,國票-敦北法人,2023-02-24,0037003700390063
3362,先進光,122,12,110,國票-敦北法人,2023-02-24,0037003700390063
1605,華新,260,153,107,國票-敦北法人,2023-02-24,0037003700390063
00632R,元大台灣50反1,105,5,100,國票-敦北法人,2023-02-24,0037003700390063
2383,台光電,101,13,88,國票-敦北法人,2023-02-24,0037003700390063
5225,東科-KY,90,2,88,國票-敦北法人,2023-02-24,0037003700390063
3022,威強電,83,0,83,國票-敦北法人,2023-02-24,0037003700390063
4164,承業醫,82,0,82,國票-敦北法人,2023-02-24,0037003700390063
5871,中租-KY,98,18,80,國票-敦北法人,2023-02-24,0037003700390063
2327,國巨,77,0,77,國票-敦北法人,2023-02-24,0037003700390063
6205,詮欣,68,6,62,國票-敦北法人,2023-02-24,0037003700390063
2601,益航,104,46,58,國票-敦北法人,2023-02-24,0037003700390063
00882,中信中國高股息,56,0,56,國票-敦北法人,2023-02-24,0037003700390063
2915,潤泰全,51,0,51,國票-敦北法人,2023-02-24,0037003700390063
3680,家登,50,0,50,國票-敦北法人,2023-02-24,0037003700390063
1722,台肥,50,0,50,國票-敦北法人,2023-02-24,0037003700390063
1590,亞德客-KY,50,2,48,國票-敦北法人,2023-02-24,0037003700390063
8436,大江,53,8,45,國票-敦北法人,2023-02-24,0037003700390063
2211,長榮鋼,44,0,44,國票-敦北法人,2023-02-24,0037003700390063
3207,耀勝,50,13,37,國票-敦北法人,2023-02-24,0037003700390063
2013,中鋼構,30,0,30,國票-敦北法人,2023-02-24,0037003700390063
6830,汎銓,30,0,30,國票-敦北法人,2023-02-24,0037003700390063
0050,元大台灣50,31,3,28,國票-敦北法人,2023-02-24,0037003700390063
2462,良得電,26,0,26,國票-敦北法人,2023-02-24,0037003700390063
2313,華通,43,18,25,國票-敦北法人,2023-02-24,0037003700390063
3532,台勝科,25,0,25,國票-敦北法人,2023-02-24,0037003700390063
3162,精確,41,19,22,國票-敦北法人,2023-02-24,0037003700390063
2317,鴻海,77,56,21,國票-敦北法人,2023-02-24,0037003700390063
3004,豐達科,20,0,20,國票-敦北法人,2023-02-24,0037003700390063
2515,中工,20,0,20,國票-敦北法人,2023-02-24,0037003700390063
6689,伊雲谷,20,0,20,國票-敦北法人,2023-02-24,0037003700390063
8462,柏文,19,0,19,國票-敦北法人,2023-02-24,0037003700390063
2408,南亞科,40,22,18,國票-敦北法人,2023-02-24,0037003700390063
3231,緯創,1608,117,1491,國票-敦北法人,2023-03-01,0037003700390063
8931,大汽電,1202,642,560,國票-敦北法人,2023-03-01,0037003700390063
00878,國泰永續高股息,538,5,533,國票-敦北法人,2023-03-01,0037003700390063
00632R,元大台灣50反1,426,4,422,國票-敦北法人,2023-03-01,0037003700390063
00679B,元大美債20年,402,0,402,國票-敦北法人,2023-03-01,0037003700390063
9939,宏全,302,0,302,國票-敦北法人,2023-03-01,0037003700390063
2102,泰豐,258,15,243,國票-敦北法人,2023-03-01,0037003700390063
3661,世芯-KY,238,16,222,國票-敦北法人,2023-03-01,0037003700390063
5225,東科-KY,216,1,215,國票-敦北法人,2023-03-01,0037003700390063
2208,台船,251,46,205,國票-敦北法人,2023-03-01,0037003700390063
2845,遠東銀,200,0,200,國票-敦北法人,2023-03-01,0037003700390063
2103,台橡,150,0,150,國票-敦北法人,2023-03-01,0037003700390063
6541,泰福-KY,150,2,148,國票-敦北法人,2023-03-01,0037003700390063
2634,漢翔,165,22,143,國票-敦北法人,2023-03-01,0037003700390063
2454,聯發科,161,22,139,國票-敦北法人,2023-03-01,0037003700390063
8070,長華*,133,0,133,國票-敦北法人,2023-03-01,0037003700390063
1785,光洋科,121,0,121,國票-敦北法人,2023-03-01,0037003700390063
1722,台肥,120,0,120,國票-敦北法人,2023-03-01,0037003700390063
4164,承業醫,117,6,111,國票-敦北法人,2023-03-01,0037003700390063
2388,威盛,417,307,110,國票-敦北法人,2023-03-01,0037003700390063
3491,昇達科,207,101,106,國票-敦北法人,2023-03-01,0037003700390063
1434,福懋,100,0,100,國票-敦北法人,2023-03-01,0037003700390063
2344,華邦電,191,101,90,國票-敦北法人,2023-03-01,0037003700390063
6290,良維,62,1,61,國票-敦北法人,2023-03-01,0037003700390063
8069,元太,114,53,61,國票-敦北法人,2023-03-01,0037003700390063
1476,儒鴻,60,0,60,國票-敦北法人,2023-03-01,0037003700390063
1217,愛之味,60,3,57,國票-敦北法人,2023-03-01,0037003700390063
2637,慧洋-KY,161,104,57,國票-敦北法人,2023-03-01,0037003700390063
2504,國產,55,0,55,國票-敦北法人,2023-03-01,0037003700390063
2605,新興,290,237,53,國票-敦北法人,2023-03-01,0037003700390063
5608,四維航,379,327,52,國票-敦北法人,2023-03-01,0037003700390063
6461,益得,50,0,50,國票-敦北法人,2023-03-01,0037003700390063
2006,東和鋼鐵,59,10,49,國票-敦北法人,2023-03-01,0037003700390063
8462,柏文,42,0,42,國票-敦北法人,2023-03-01,0037003700390063
3017,奇鋐,133,92,41,國票-敦北法人,2023-03-01,0037003700390063
8358,金居,50,9,41,國票-敦北法人,2023-03-01,0037003700390063
3094,聯傑,52,12,40,國票-敦北法人,2023-03-01,0037003700390063
2002,中鋼,151,112,39,國票-敦北法人,2023-03-01,0037003700390063
3481,群創,337,301,36,國票-敦北法人,2023-03-01,0037003700390063
2013,中鋼構,30,0,30,國票-敦北法人,2023-03-01,0037003700390063
6830,汎銓,30,0,30,國票-敦北法人,2023-03-01,0037003700390063
2701,萬企,30,0,30,國票-敦北法人,2023-03-01,0037003700390063
1258,其祥-KY,30,0,30,國票-敦北法人,2023-03-01,0037003700390063
2515,中工,30,0,30,國票-敦北法人,2023-03-01,0037003700390063
4953,緯軟,48,19,29,國票-敦北法人,2023-03-01,0037003700390063
2618,長榮航,166,139,27,國票-敦北法人,2023-03-01,0037003700390063
2413,環科,25,0,25,國票-敦北法人,2023-03-01,0037003700390063
3037,欣興,121,96,25,國票-敦北法人,2023-03-01,0037003700390063
8928,鉅明,24,0,24,國票-敦北法人,2023-03-01,0037003700390063
3092,鴻碩,21,0,21,國票-敦北法人,2023-03-01,0037003700390063
6799,來頡,932,1,931,國票-敦北法人,2023-03-02,0037003700390063
3558,神準,806,12,794,國票-敦北法人,2023-03-02,0037003700390063
2618,長榮航,531,16,515,國票-敦北法人,2023-03-02,0037003700390063
2308,台達電,495,25,470,國票-敦北法人,2023-03-02,0037003700390063
2301,光寶科,439,6,433,國票-敦北法人,2023-03-02,0037003700390063
8046,南電,355,27,328,國票-敦北法人,2023-03-02,0037003700390063
2102,泰豐,206,0,206,國票-敦北法人,2023-03-02,0037003700390063
2607,榮運,200,0,200,國票-敦北法人,2023-03-02,0037003700390063
6271,同欣電,172,1,171,國票-敦北法人,2023-03-02,0037003700390063
3491,昇達科,188,33,155,國票-敦北法人,2023-03-02,0037003700390063
2454,聯發科,227,76,151,國票-敦北法人,2023-03-02,0037003700390063
3594,磐儀,133,5,128,國票-敦北法人,2023-03-02,0037003700390063
2388,威盛,267,165,102,國票-敦北法人,2023-03-02,0037003700390063
2049,上銀,114,14,100,國票-敦北法人,2023-03-02,0037003700390063
2014,中鴻,217,118,99,國票-敦北法人,2023-03-02,0037003700390063
4164,承業醫,167,71,96,國票-敦北法人,2023-03-02,0037003700390063
6282,康舒,112,24,88,國票-敦北法人,2023-03-02,0037003700390063
6205,詮欣,83,0,83,國票-敦北法人,2023-03-02,0037003700390063
2383,台光電,80,0,80,國票-敦北法人,2023-03-02,0037003700390063
8070,長華*,78,0,78,國票-敦北法人,2023-03-02,0037003700390063
2344,華邦電,193,117,76,國票-敦北法人,2023-03-02,0037003700390063
2637,慧洋-KY,273,200,73,國票-敦北法人,2023-03-02,0037003700390063
3454,晶睿,96,34,62,國票-敦北法人,2023-03-02,0037003700390063
1305,華夏,52,2,50,國票-敦北法人,2023-03-02,0037003700390063
2606,裕民,158,109,49,國票-敦北法人,2023-03-02,0037003700390063
2603,長榮,71,28,43,國票-敦北法人,2023-03-02,0037003700390063
3675,德微,57,18,39,國票-敦北法人,2023-03-02,0037003700390063
5289,宜鼎,38,0,38,國票-敦北法人,2023-03-02,0037003700390063
00632R,元大台灣50反1,38,0,38,國票-敦北法人,2023-03-02,0037003700390063
3290,東浦,84,48,36,國票-敦北法人,2023-03-02,0037003700390063
6138,茂達,33,0,33,國票-敦北法人,2023-03-02,0037003700390063
4919,新唐,47,16,31,國票-敦北法人,2023-03-02,0037003700390063
2013,中鋼構,30,0,30,國票-敦北法人,2023-03-02,0037003700390063
3548,兆利,30,1,29,國票-敦北法人,2023-03-02,0037003700390063
2347,聯強,34,5,29,國票-敦北法人,2023-03-02,0037003700390063
2707,晶華,24,0,24,國票-敦北法人,2023-03-02,0037003700390063
8033,雷虎,26,2,24,國票-敦北法人,2023-03-02,0037003700390063
8462,柏文,22,0,22,國票-敦北法人,2023-03-02,0037003700390063
5483,中美晶,32,10,22,國票-敦北法人,2023-03-02,0037003700390063
6578,達邦蛋白,21,0,21,國票-敦北法人,2023-03-02,0037003700390063
3481,群創,270,250,20,國票-敦北法人,2023-03-02,0037003700390063
3706,神達,71,51,20,國票-敦北法人,2023-03-02,0037003700390063
2345,智邦,24,4,20,國票-敦北法人,2023-03-02,0037003700390063
4155,訊映,20,0,20,國票-敦北法人,2023-03-02,0037003700390063
5351,鈺創,20,1,19,國票-敦北法人,2023-03-02,0037003700390063
4953,緯軟,36,17,19,國票-敦北法人,2023-03-02,0037003700390063
5258,虹堡,90,72,18,國票-敦北法人,2023-03-02,0037003700390063
3027,盛達,52,35,17,國票-敦北法人,2023-03-02,0037003700390063
4157,太景*-KY,17,0,17,國票-敦北法人,2023-03-02,0037003700390063
00878,國泰永續高股息,17,0,17,國票-敦北法人,2023-03-02,0037003700390063
3356,奇偶,2220,5,2215,國票-敦北法人,2023-03-03,0037003700390063
8289,泰藝,1926,4,1922,國票-敦北法人,2023-03-03,0037003700390063
3675,德微,988,93,895,國票-敦北法人,2023-03-03,0037003700390063
3454,晶睿,541,33,508,國票-敦北法人,2023-03-03,0037003700390063
3035,智原,442,22,420,國票-敦北法人,2023-03-03,0037003700390063
3037,欣興,475,126,349,國票-敦北法人,2023-03-03,0037003700390063
6811,宏�硌穈T,306,13,293,國票-敦北法人,2023-03-03,0037003700390063
2375,凱美,291,6,285,國票-敦北法人,2023-03-03,0037003700390063
3481,群創,790,543,247,國票-敦北法人,2023-03-03,0037003700390063
6806,森崴能源,200,1,199,國票-敦北法人,2023-03-03,0037003700390063
8046,南電,207,18,189,國票-敦北法人,2023-03-03,0037003700390063
5608,四維航,402,215,187,國票-敦北法人,2023-03-03,0037003700390063
2603,長榮,294,110,184,國票-敦北法人,2023-03-03,0037003700390063
2388,威盛,276,123,153,國票-敦北法人,2023-03-03,0037003700390063
3293,鈊象,152,2,150,國票-敦北法人,2023-03-03,0037003700390063
9945,潤泰新,170,48,122,國票-敦北法人,2023-03-03,0037003700390063
4919,新唐,125,9,116,國票-敦北法人,2023-03-03,0037003700390063
2301,光寶科,162,51,111,國票-敦北法人,2023-03-03,0037003700390063
00637L,元大滬深300正2,114,8,106,國票-敦北法人,2023-03-03,0037003700390063
4164,承業醫,321,217,104,國票-敦北法人,2023-03-03,0037003700390063
2472,立隆電,100,0,100,國票-敦北法人,2023-03-03,0037003700390063
5512,力麒,185,87,98,國票-敦北法人,2023-03-03,0037003700390063
6188,廣明,93,9,84,國票-敦北法人,2023-03-03,0037003700390063
2732,六角,83,1,82,國票-敦北法人,2023-03-03,0037003700390063
2308,台達電,88,8,80,國票-敦北法人,2023-03-03,0037003700390063
2701,萬企,92,15,77,國票-敦北法人,2023-03-03,0037003700390063
6719,力智,79,4,75,國票-敦北法人,2023-03-03,0037003700390063
3034,聯詠,125,56,69,國票-敦北法人,2023-03-03,0037003700390063
1476,儒鴻,60,0,60,國票-敦北法人,2023-03-03,0037003700390063
4532,瑞智,50,0,50,國票-敦北法人,2023-03-03,0037003700390063
3022,威強電,50,0,50,國票-敦北法人,2023-03-03,0037003700390063
2892,第一金,50,0,50,國票-敦北法人,2023-03-03,0037003700390063
1609,大亞,82,33,49,國票-敦北法人,2023-03-03,0037003700390063
3491,昇達科,70,22,48,國票-敦北法人,2023-03-03,0037003700390063
2006,東和鋼鐵,44,4,40,國票-敦北法人,2023-03-03,0037003700390063
2845,遠東銀,37,0,37,國票-敦北法人,2023-03-03,0037003700390063
5425,台半,230,194,36,國票-敦北法人,2023-03-03,0037003700390063
8454,富邦媒,35,1,34,國票-敦北法人,2023-03-03,0037003700390063
2495,普安,69,37,32,國票-敦北法人,2023-03-03,0037003700390063
1612,宏泰,30,0,30,國票-敦北法人,2023-03-03,0037003700390063
2013,中鋼構,30,0,30,國票-敦北法人,2023-03-03,0037003700390063
6288,聯嘉,61,32,29,國票-敦北法人,2023-03-03,0037003700390063
1513,中興電,96,68,28,國票-敦北法人,2023-03-03,0037003700390063
8112,至上,88,61,27,國票-敦北法人,2023-03-03,0037003700390063
2637,慧洋-KY,274,248,26,國票-敦北法人,2023-03-03,0037003700390063
8462,柏文,25,0,25,國票-敦北法人,2023-03-03,0037003700390063
4207,環泰,30,5,25,國票-敦北法人,2023-03-03,0037003700390063
3652,精聯,77,52,25,國票-敦北法人,2023-03-03,0037003700390063
8436,大江,35,11,24,國票-敦北法人,2023-03-03,0037003700390063
3624,光頡,20,0,20,國票-敦北法人,2023-03-03,0037003700390063
2482,連宇,2642,16,2626,國票-敦北法人,2023-03-06,0037003700390063
00892,富邦台灣半導體,2000,0,2000,國票-敦北法人,2023-03-06,0037003700390063
00893,國泰智能電動車,1500,7,1493,國票-敦北法人,2023-03-06,0037003700390063
1712,興農,463,19,444,國票-敦北法人,2023-03-06,0037003700390063
6282,康舒,635,200,435,國票-敦北法人,2023-03-06,0037003700390063
4979,華星光,371,33,338,國票-敦北法人,2023-03-06,0037003700390063
00637L,元大滬深300正2,284,15,269,國票-敦北法人,2023-03-06,0037003700390063
3293,鈊象,219,15,204,國票-敦北法人,2023-03-06,0037003700390063
6274,台燿,193,0,193,國票-敦北法人,2023-03-06,0037003700390063
2102,泰豐,241,50,191,國票-敦北法人,2023-03-06,0037003700390063
1514,亞力,186,5,181,國票-敦北法人,2023-03-06,0037003700390063
3558,神準,247,66,181,國票-敦北法人,2023-03-06,0037003700390063
4919,新唐,226,61,165,國票-敦北法人,2023-03-06,0037003700390063
6196,帆宣,152,0,152,國票-敦北法人,2023-03-06,0037003700390063
3008,大立光,158,6,152,國票-敦北法人,2023-03-06,0037003700390063
6213,聯茂,143,0,143,國票-敦北法人,2023-03-06,0037003700390063
3675,德微,240,107,133,國票-敦北法人,2023-03-06,0037003700390063
9939,宏全,148,15,133,國票-敦北法人,2023-03-06,0037003700390063
6517,保勝光學,136,3,133,國票-敦北法人,2023-03-06,0037003700390063
2374,佳能,128,0,128,國票-敦北法人,2023-03-06,0037003700390063
5285,界霖,119,7,112,國票-敦北法人,2023-03-06,0037003700390063
2388,威盛,176,68,108,國票-敦北法人,2023-03-06,0037003700390063
3491,昇達科,127,20,107,國票-敦北法人,2023-03-06,0037003700390063
2603,長榮,312,207,105,國票-敦北法人,2023-03-06,0037003700390063
4164,承業醫,244,144,100,國票-敦北法人,2023-03-06,0037003700390063
2915,潤泰全,102,2,100,國票-敦北法人,2023-03-06,0037003700390063
4736,泰博,100,2,98,國票-敦北法人,2023-03-06,0037003700390063
3138,耀登,100,11,89,國票-敦北法人,2023-03-06,0037003700390063
8069,元太,125,37,88,國票-敦北法人,2023-03-06,0037003700390063
3006,晶豪科,171,90,81,國票-敦北法人,2023-03-06,0037003700390063
6782,視陽,70,0,70,國票-敦北法人,2023-03-06,0037003700390063
6670,復盛應用,70,0,70,國票-敦北法人,2023-03-06,0037003700390063
3680,家登,79,16,63,國票-敦北法人,2023-03-06,0037003700390063
2707,晶華,71,9,62,國票-敦北法人,2023-03-06,0037003700390063
1321,大洋,60,0,60,國票-敦北法人,2023-03-06,0037003700390063
3011,今皓,61,1,60,國票-敦北法人,2023-03-06,0037003700390063
2344,華邦電,934,876,58,國票-敦北法人,2023-03-06,0037003700390063
4510,高鋒,50,0,50,國票-敦北法人,2023-03-06,0037003700390063
5340,建榮,50,0,50,國票-敦北法人,2023-03-06,0037003700390063
6719,力智,61,12,49,國票-敦北法人,2023-03-06,0037003700390063
9907,統一實,56,8,48,國票-敦北法人,2023-03-06,0037003700390063
2884,玉山金,43,1,42,國票-敦北法人,2023-03-06,0037003700390063
2883,凱基金,43,1,42,國票-敦北法人,2023-03-06,0037003700390063
3218,大學光,42,0,42,國票-敦北法人,2023-03-06,0037003700390063
3027,盛達,60,19,41,國票-敦北法人,2023-03-06,0037003700390063
6415,矽力*-KY,44,6,38,國票-敦北法人,2023-03-06,0037003700390063
2891,中信金,71,34,37,國票-敦北法人,2023-03-06,0037003700390063
5608,四維航,365,328,37,國票-敦北法人,2023-03-06,0037003700390063
5512,力麒,91,56,35,國票-敦北法人,2023-03-06,0037003700390063
2002,中鋼,61,26,35,國票-敦北法人,2023-03-06,0037003700390063
5009,榮剛,1412,178,1234,國票-敦北法人,2023-03-07,0037003700390063
2352,佳世達,724,21,703,國票-敦北法人,2023-03-07,0037003700390063
2883,凱基金,632,0,632,國票-敦北法人,2023-03-07,0037003700390063
6770,力積電,811,187,624,國票-敦北法人,2023-03-07,0037003700390063
1605,華新,540,33,507,國票-敦北法人,2023-03-07,0037003700390063
2882,國泰金,494,2,492,國票-敦北法人,2023-03-07,0037003700390063
8069,元太,492,17,475,國票-敦北法人,2023-03-07,0037003700390063
2881,富邦金,474,0,474,國票-敦北法人,2023-03-07,0037003700390063
1712,興農,472,2,470,國票-敦北法人,2023-03-07,0037003700390063
2880,華南金,452,0,452,國票-敦北法人,2023-03-07,0037003700390063
1504,東元,536,89,447,國票-敦北法人,2023-03-07,0037003700390063
1514,亞力,465,36,429,國票-敦北法人,2023-03-07,0037003700390063
4164,承業醫,443,62,381,國票-敦北法人,2023-03-07,0037003700390063
2834,臺企銀,302,0,302,國票-敦北法人,2023-03-07,0037003700390063
5285,界霖,270,4,266,國票-敦北法人,2023-03-07,0037003700390063
4919,新唐,250,22,228,國票-敦北法人,2023-03-07,0037003700390063
6290,良維,217,1,216,國票-敦北法人,2023-03-07,0037003700390063
6196,帆宣,200,1,199,國票-敦北法人,2023-03-07,0037003700390063
6274,台燿,204,17,187,國票-敦北法人,2023-03-07,0037003700390063
6213,聯茂,150,0,150,國票-敦北法人,2023-03-07,0037003700390063
2103,台橡,150,0,150,國票-敦北法人,2023-03-07,0037003700390063
2330,台積電,181,32,149,國票-敦北法人,2023-03-07,0037003700390063
2102,泰豐,146,0,146,國票-敦北法人,2023-03-07,0037003700390063
2603,長榮,159,17,142,國票-敦北法人,2023-03-07,0037003700390063
3217,優群,289,186,103,國票-敦北法人,2023-03-07,0037003700390063
2634,漢翔,100,0,100,國票-敦北法人,2023-03-07,0037003700390063
3045,台灣大,100,2,98,國票-敦北法人,2023-03-07,0037003700390063
2308,台達電,100,2,98,國票-敦北法人,2023-03-07,0037003700390063
00637L,元大滬深300正2,110,13,97,國票-敦北法人,2023-03-07,0037003700390063
3675,德微,111,16,95,國票-敦北法人,2023-03-07,0037003700390063
2344,華邦電,169,78,91,國票-敦北法人,2023-03-07,0037003700390063
2609,陽明,101,10,91,國票-敦北法人,2023-03-07,0037003700390063
1722,台肥,80,0,80,國票-敦北法人,2023-03-07,0037003700390063
1210,大成,78,3,75,國票-敦北法人,2023-03-07,0037003700390063
4551,智伸科,63,0,63,國票-敦北法人,2023-03-07,0037003700390063
6271,同欣電,65,3,62,國票-敦北法人,2023-03-07,0037003700390063
1584,精剛,185,127,58,國票-敦北法人,2023-03-07,0037003700390063
1215,卜蜂,60,3,57,國票-敦北法人,2023-03-07,0037003700390063
2317,鴻海,105,57,48,國票-敦北法人,2023-03-07,0037003700390063
9105,泰金寶-DR,46,0,46,國票-敦北法人,2023-03-07,0037003700390063
3006,晶豪科,68,22,46,國票-敦北法人,2023-03-07,0037003700390063
2383,台光電,50,6,44,國票-敦北法人,2023-03-07,0037003700390063
8033,雷虎,37,0,37,國票-敦北法人,2023-03-07,0037003700390063
6515,穎崴,49,13,36,國票-敦北法人,2023-03-07,0037003700390063
6456,GIS-KY,34,0,34,國票-敦北法人,2023-03-07,0037003700390063
6269,台郡,32,0,32,國票-敦北法人,2023-03-07,0037003700390063
0052,富邦科技,31,0,31,國票-敦北法人,2023-03-07,0037003700390063
6244,茂迪,51,20,31,國票-敦北法人,2023-03-07,0037003700390063
6548,長科*,79,52,27,國票-敦北法人,2023-03-07,0037003700390063
1321,大洋,37,10,27,國票-敦北法人,2023-03-07,0037003700390063
2453,凌群,2346,33,2313,國票-敦北法人,2023-03-08,0037003700390063
2303,聯電,1099,39,1060,國票-敦北法人,2023-03-08,0037003700390063
2412,中華電,925,3,922,國票-敦北法人,2023-03-08,0037003700390063
00637L,元大滬深300正2,886,24,862,國票-敦北法人,2023-03-08,0037003700390063
5009,榮剛,872,11,861,國票-敦北法人,2023-03-08,0037003700390063
5285,界霖,866,64,802,國票-敦北法人,2023-03-08,0037003700390063
1712,興農,496,11,485,國票-敦北法人,2023-03-08,0037003700390063
8069,元太,514,72,442,國票-敦北法人,2023-03-08,0037003700390063
2376,技嘉,414,15,399,國票-敦北法人,2023-03-08,0037003700390063
1504,東元,348,39,309,國票-敦北法人,2023-03-08,0037003700390063
00715L,期街口布蘭特正2,301,2,299,國票-敦北法人,2023-03-08,0037003700390063
2375,凱美,282,17,265,國票-敦北法人,2023-03-08,0037003700390063
1215,卜蜂,261,2,259,國票-敦北法人,2023-03-08,0037003700390063
00632R,元大台灣50反1,257,0,257,國票-敦北法人,2023-03-08,0037003700390063
1722,台肥,241,0,241,國票-敦北法人,2023-03-08,0037003700390063
3037,欣興,272,72,200,國票-敦北法人,2023-03-08,0037003700390063
2892,第一金,200,2,198,國票-敦北法人,2023-03-08,0037003700390063
1609,大亞,482,315,167,國票-敦北法人,2023-03-08,0037003700390063
3675,德微,230,67,163,國票-敦北法人,2023-03-08,0037003700390063
2103,台橡,150,1,149,國票-敦北法人,2023-03-08,0037003700390063
1476,儒鴻,135,0,135,國票-敦北法人,2023-03-08,0037003700390063
8028,昇陽半導體,136,1,135,國票-敦北法人,2023-03-08,0037003700390063
2027,大成鋼,194,65,129,國票-敦北法人,2023-03-08,0037003700390063
2634,漢翔,319,196,123,國票-敦北法人,2023-03-08,0037003700390063
2408,南亞科,129,18,111,國票-敦北法人,2023-03-08,0037003700390063
2344,華邦電,184,75,109,國票-敦北法人,2023-03-08,0037003700390063
9907,統一實,169,61,108,國票-敦北法人,2023-03-08,0037003700390063
1326,台化,100,0,100,國票-敦北法人,2023-03-08,0037003700390063
9904,寶成,107,7,100,國票-敦北法人,2023-03-08,0037003700390063
3035,智原,111,12,99,國票-敦北法人,2023-03-08,0037003700390063
1584,精剛,149,54,95,國票-敦北法人,2023-03-08,0037003700390063
2368,金像電,134,39,95,國票-敦北法人,2023-03-08,0037003700390063
3217,優群,115,27,88,國票-敦北法人,2023-03-08,0037003700390063
6196,帆宣,115,30,85,國票-敦北法人,2023-03-08,0037003700390063
2486,一詮,114,38,76,國票-敦北法人,2023-03-08,0037003700390063
1210,大成,80,4,76,國票-敦北法人,2023-03-08,0037003700390063
2351,順德,93,17,76,國票-敦北法人,2023-03-08,0037003700390063
5425,台半,555,485,70,國票-敦北法人,2023-03-08,0037003700390063
8931,大汽電,70,1,69,國票-敦北法人,2023-03-08,0037003700390063
3558,神準,87,19,68,國票-敦北法人,2023-03-08,0037003700390063
3702,大聯大,111,49,62,國票-敦北法人,2023-03-08,0037003700390063
2603,長榮,159,108,51,國票-敦北法人,2023-03-08,0037003700390063
1477,聚陽,59,9,50,國票-敦北法人,2023-03-08,0037003700390063
8462,柏文,47,0,47,國票-敦北法人,2023-03-08,0037003700390063
1514,亞力,119,74,45,國票-敦北法人,2023-03-08,0037003700390063
6282,康舒,210,165,45,國票-敦北法人,2023-03-08,0037003700390063
3093,港建*,43,1,42,國票-敦北法人,2023-03-08,0037003700390063
6515,穎崴,43,2,41,國票-敦北法人,2023-03-08,0037003700390063
3491,昇達科,124,84,40,國票-敦北法人,2023-03-08,0037003700390063
2034,允強,40,0,40,國票-敦北法人,2023-03-08,0037003700390063
2303,聯電,2477,179,2298,國票-敦北法人,2023-03-09,0037003700390063
2453,凌群,2724,1032,1692,國票-敦北法人,2023-03-09,0037003700390063
1712,興農,521,12,509,國票-敦北法人,2023-03-09,0037003700390063
3231,緯創,542,94,448,國票-敦北法人,2023-03-09,0037003700390063
8069,元太,480,44,436,國票-敦北法人,2023-03-09,0037003700390063
2301,光寶科,481,78,403,國票-敦北法人,2023-03-09,0037003700390063
1722,台肥,400,0,400,國票-敦北法人,2023-03-09,0037003700390063
2382,廣達,306,7,299,國票-敦北法人,2023-03-09,0037003700390063
3046,建��,228,1,227,國票-敦北法人,2023-03-09,0037003700390063
3594,磐儀,333,119,214,國票-敦北法人,2023-03-09,0037003700390063
6147,頎邦,220,7,213,國票-敦北法人,2023-03-09,0037003700390063
1504,東元,350,140,210,國票-敦北法人,2023-03-09,0037003700390063
2102,泰豐,172,0,172,國票-敦北法人,2023-03-09,0037003700390063
4967,十銓,185,31,154,國票-敦北法人,2023-03-09,0037003700390063
2103,台橡,150,0,150,國票-敦北法人,2023-03-09,0037003700390063
5009,榮剛,548,403,145,國票-敦北法人,2023-03-09,0037003700390063
1440,南紡,143,0,143,國票-敦北法人,2023-03-09,0037003700390063
6205,詮欣,157,18,139,國票-敦北法人,2023-03-09,0037003700390063
4904,遠傳,135,0,135,國票-敦北法人,2023-03-09,0037003700390063
6515,穎崴,138,11,127,國票-敦北法人,2023-03-09,0037003700390063
1210,大成,125,0,125,國票-敦北法人,2023-03-09,0037003700390063
2368,金像電,143,27,116,國票-敦北法人,2023-03-09,0037003700390063
00715L,期街口布蘭特正2,112,0,112,國票-敦北法人,2023-03-09,0037003700390063
8462,柏文,110,0,110,國票-敦北法人,2023-03-09,0037003700390063
5880,合庫金,102,0,102,國票-敦北法人,2023-03-09,0037003700390063
1215,卜蜂,100,0,100,國票-敦北法人,2023-03-09,0037003700390063
3035,智原,151,52,99,國票-敦北法人,2023-03-09,0037003700390063
2610,華航,212,115,97,國票-敦北法人,2023-03-09,0037003700390063
2634,漢翔,408,318,90,國票-敦北法人,2023-03-09,0037003700390063
6470,宇智,86,8,78,國票-敦北法人,2023-03-09,0037003700390063
5285,界霖,83,6,77,國票-敦北法人,2023-03-09,0037003700390063
8046,南電,107,30,77,國票-敦北法人,2023-03-09,0037003700390063
1313,聯成,70,0,70,國票-敦北法人,2023-03-09,0037003700390063
5269,祥碩,60,1,59,國票-敦北法人,2023-03-09,0037003700390063
3675,德微,87,30,57,國票-敦北法人,2023-03-09,0037003700390063
6235,華孚,128,75,53,國票-敦北法人,2023-03-09,0037003700390063
8936,國統,99,49,50,國票-敦北法人,2023-03-09,0037003700390063
8931,大汽電,142,94,48,國票-敦北法人,2023-03-09,0037003700390063
1702,南僑,46,0,46,國票-敦北法人,2023-03-09,0037003700390063
3374,精材,67,24,43,國票-敦北法人,2023-03-09,0037003700390063
3162,精確,67,27,40,國票-敦北法人,2023-03-09,0037003700390063
6282,康舒,248,208,40,國票-敦北法人,2023-03-09,0037003700390063
2883,凱基金,40,1,39,國票-敦北法人,2023-03-09,0037003700390063
8033,雷虎,49,11,38,國票-敦北法人,2023-03-09,0037003700390063
2317,鴻海,105,69,36,國票-敦北法人,2023-03-09,0037003700390063
5344,立衛,35,0,35,國票-敦北法人,2023-03-09,0037003700390063
6416,瑞祺電通,35,0,35,國票-敦北法人,2023-03-09,0037003700390063
2383,台光電,33,0,33,國票-敦北法人,2023-03-09,0037003700390063
2471,資通,43,10,33,國票-敦北法人,2023-03-09,0037003700390063
5425,台半,100,67,33,國票-敦北法人,2023-03-09,0037003700390063
8069,元太,855,56,799,國票-敦北法人,2023-03-10,0037003700390063
1712,興農,527,0,527,國票-敦北法人,2023-03-10,0037003700390063
1605,華新,571,131,440,國票-敦北法人,2023-03-10,0037003700390063
5425,台半,425,99,326,國票-敦北法人,2023-03-10,0037003700390063
6147,頎邦,211,13,198,國票-敦北法人,2023-03-10,0037003700390063
00715L,期街口布蘭特正2,193,60,133,國票-敦北法人,2023-03-10,0037003700390063
5285,界霖,148,33,115,國票-敦北法人,2023-03-10,0037003700390063
2345,智邦,110,12,98,國票-敦北法人,2023-03-10,0037003700390063
4702,中美實,87,0,87,國票-敦北法人,2023-03-10,0037003700390063
8462,柏文,76,0,76,國票-敦北法人,2023-03-10,0037003700390063
2331,精英,175,104,71,國票-敦北法人,2023-03-10,0037003700390063
2413,環科,78,8,70,國票-敦北法人,2023-03-10,0037003700390063
3209,全科,110,42,68,國票-敦北法人,2023-03-10,0037003700390063
1303,南亞,65,1,64,國票-敦北法人,2023-03-10,0037003700390063
3491,昇達科,81,17,64,國票-敦北法人,2023-03-10,0037003700390063
2609,陽明,301,240,61,國票-敦北法人,2023-03-10,0037003700390063
3290,東浦,58,0,58,國票-敦北法人,2023-03-10,0037003700390063
3594,磐儀,69,12,57,國票-敦北法人,2023-03-10,0037003700390063
1504,東元,265,212,53,國票-敦北法人,2023-03-10,0037003700390063
6830,汎銓,50,0,50,國票-敦北法人,2023-03-10,0037003700390063
4977,眾達-KY,77,27,50,國票-敦北法人,2023-03-10,0037003700390063
3675,德微,63,13,50,國票-敦北法人,2023-03-10,0037003700390063
2743,山富,48,7,41,國票-敦北法人,2023-03-10,0037003700390063
3701,大眾控,69,29,40,國票-敦北法人,2023-03-10,0037003700390063
00878,國泰永續高股息,38,2,36,國票-敦北法人,2023-03-10,0037003700390063
2352,佳世達,81,46,35,國票-敦北法人,2023-03-10,0037003700390063
8103,瀚荃,36,3,33,國票-敦北法人,2023-03-10,0037003700390063
6770,力積電,31,0,31,國票-敦北法人,2023-03-10,0037003700390063
5289,宜鼎,31,1,30,國票-敦北法人,2023-03-10,0037003700390063
2313,華通,51,21,30,國票-敦北法人,2023-03-10,0037003700390063
00753L,中信中國50正2,30,0,30,國票-敦北法人,2023-03-10,0037003700390063
2359,所羅門,383,353,30,國票-敦北法人,2023-03-10,0037003700390063
2701,萬企,29,0,29,國票-敦北法人,2023-03-10,0037003700390063
2371,大同,62,37,25,國票-敦北法人,2023-03-10,0037003700390063
2471,資通,60,35,25,國票-敦北法人,2023-03-10,0037003700390063
2402,毅嘉,51,27,24,國票-敦北法人,2023-03-10,0037003700390063
4542,科嶠,24,0,24,國票-敦北法人,2023-03-10,0037003700390063
0050,元大台灣50,23,0,23,國票-敦北法人,2023-03-10,0037003700390063
2330,台積電,28,6,22,國票-敦北法人,2023-03-10,0037003700390063
4989,榮科,20,0,20,國票-敦北法人,2023-03-10,0037003700390063
6239,力成,20,0,20,國票-敦北法人,2023-03-10,0037003700390063
6690,安�硌穈T,20,0,20,國票-敦北法人,2023-03-10,0037003700390063
2014,中鴻,73,53,20,國票-敦北法人,2023-03-10,0037003700390063
3138,耀登,19,0,19,國票-敦北法人,2023-03-10,0037003700390063
8046,南電,64,46,18,國票-敦北法人,2023-03-10,0037003700390063
4164,承業醫,29,11,18,國票-敦北法人,2023-03-10,0037003700390063
1513,中興電,172,155,17,國票-敦北法人,2023-03-10,0037003700390063
4746,台耀,44,27,17,國票-敦北法人,2023-03-10,0037003700390063
3022,威強電,57,40,17,國票-敦北法人,2023-03-10,0037003700390063
2383,台光電,17,0,17,國票-敦北法人,2023-03-10,0037003700390063
2301,光寶科,1021,5,1016,國票-敦北法人,2023-03-13,0037003700390063
1712,興農,562,0,562,國票-敦北法人,2023-03-13,0037003700390063
1319,東陽,247,42,205,國票-敦北法人,2023-03-13,0037003700390063
00878,國泰永續高股息,197,0,197,國票-敦北法人,2023-03-13,0037003700390063
2006,東和鋼鐵,150,0,150,國票-敦北法人,2023-03-13,0037003700390063
2324,仁寶,196,52,144,國票-敦北法人,2023-03-13,0037003700390063
8069,元太,421,284,137,國票-敦北法人,2023-03-13,0037003700390063
1101,台泥,224,91,133,國票-敦北法人,2023-03-13,0037003700390063
2430,燦坤,131,0,131,國票-敦北法人,2023-03-13,0037003700390063
3491,昇達科,278,152,126,國票-敦北法人,2023-03-13,0037003700390063
6806,森崴能源,121,2,119,國票-敦北法人,2023-03-13,0037003700390063
2303,聯電,186,76,110,國票-敦北法人,2023-03-13,0037003700390063
6412,群電,111,2,109,國票-敦北法人,2023-03-13,0037003700390063
8931,大汽電,449,340,109,國票-敦北法人,2023-03-13,0037003700390063
3217,優群,163,55,108,國票-敦北法人,2023-03-13,0037003700390063
1605,華新,199,107,92,國票-敦北法人,2023-03-13,0037003700390063
3533,嘉澤,66,0,66,國票-敦北法人,2023-03-13,0037003700390063
2723,美食-KY,72,12,60,國票-敦北法人,2023-03-13,0037003700390063
4977,眾達-KY,66,14,52,國票-敦北法人,2023-03-13,0037003700390063
2515,中工,50,0,50,國票-敦北法人,2023-03-13,0037003700390063
1809,中釉,50,0,50,國票-敦北法人,2023-03-13,0037003700390063
3675,德微,56,9,47,國票-敦北法人,2023-03-13,0037003700390063
5608,四維航,53,7,46,國票-敦北法人,2023-03-13,0037003700390063
2453,凌群,57,15,42,國票-敦北法人,2023-03-13,0037003700390063
2634,漢翔,59,19,40,國票-敦北法人,2023-03-13,0037003700390063
6753,龍德造船,32,1,31,國票-敦北法人,2023-03-13,0037003700390063
6414,樺漢,30,0,30,國票-敦北法人,2023-03-13,0037003700390063
4510,高鋒,30,2,28,國票-敦北法人,2023-03-13,0037003700390063
5258,虹堡,33,5,28,國票-敦北法人,2023-03-13,0037003700390063
5512,力麒,40,13,27,國票-敦北法人,2023-03-13,0037003700390063
2383,台光電,26,1,25,國票-敦北法人,2023-03-13,0037003700390063
8046,南電,36,13,23,國票-敦北法人,2023-03-13,0037003700390063
2352,佳世達,39,17,22,國票-敦北法人,2023-03-13,0037003700390063
2308,台達電,31,10,21,國票-敦北法人,2023-03-13,0037003700390063
6282,康舒,72,51,21,國票-敦北法人,2023-03-13,0037003700390063
6248,沛波,20,0,20,國票-敦北法人,2023-03-13,0037003700390063
2377,微星,27,7,20,國票-敦北法人,2023-03-13,0037003700390063
6129,普誠,29,9,20,國票-敦北法人,2023-03-13,0037003700390063
3594,磐儀,28,8,20,國票-敦北法人,2023-03-13,0037003700390063
2376,技嘉,45,27,18,國票-敦北法人,2023-03-13,0037003700390063
8462,柏文,17,0,17,國票-敦北法人,2023-03-13,0037003700390063
6188,廣明,39,22,17,國票-敦北法人,2023-03-13,0037003700390063
2344,華邦電,40,24,16,國票-敦北法人,2023-03-13,0037003700390063
1216,統一,16,0,16,國票-敦北法人,2023-03-13,0037003700390063
00679B,元大美債20年,16,0,16,國票-敦北法人,2023-03-13,0037003700390063
00712,復華富時不動產,17,1,16,國票-敦北法人,2023-03-13,0037003700390063
00687B,國泰20年美債,15,0,15,國票-敦北法人,2023-03-13,0037003700390063
2834,臺企銀,127,112,15,國票-敦北法人,2023-03-13,0037003700390063
2312,金寶,42,28,14,國票-敦北法人,2023-03-13,0037003700390063
2637,慧洋-KY,17,3,14,國票-敦北法人,2023-03-13,0037003700390063
00893,國泰智能電動車,2522,0,2522,國票-敦北法人,2023-03-14,0037003700390063
00900,富邦特選高股息30,1987,5,1982,國票-敦北法人,2023-03-14,0037003700390063
1712,興農,592,0,592,國票-敦北法人,2023-03-14,0037003700390063
8069,元太,549,52,497,國票-敦北法人,2023-03-14,0037003700390063
6282,康舒,443,47,396,國票-敦北法人,2023-03-14,0037003700390063
6741,91APP*-KY,200,0,200,國票-敦北法人,2023-03-14,0037003700390063
00680L,元大美債20正2,200,12,188,國票-敦北法人,2023-03-14,0037003700390063
2027,大成鋼,282,118,164,國票-敦北法人,2023-03-14,0037003700390063
2430,燦坤,134,0,134,國票-敦北法人,2023-03-14,0037003700390063
6235,華孚,157,34,123,國票-敦北法人,2023-03-14,0037003700390063
6412,群電,116,0,116,國票-敦北法人,2023-03-14,0037003700390063
2884,玉山金,163,55,108,國票-敦北法人,2023-03-14,0037003700390063
2603,長榮,260,156,104,國票-敦北法人,2023-03-14,0037003700390063
00679B,元大美債20年,106,4,102,國票-敦北法人,2023-03-14,0037003700390063
2313,華通,136,35,101,國票-敦北法人,2023-03-14,0037003700390063
1810,和成,101,0,101,國票-敦北法人,2023-03-14,0037003700390063
5876,上海商銀,100,0,100,國票-敦北法人,2023-03-14,0037003700390063
2618,長榮航,192,135,57,國票-敦北法人,2023-03-14,0037003700390063
2345,智邦,61,5,56,國票-敦北法人,2023-03-14,0037003700390063
3491,昇達科,126,70,56,國票-敦北法人,2023-03-14,0037003700390063
5880,合庫金,55,0,55,國票-敦北法人,2023-03-14,0037003700390063
4958,臻鼎-KY,54,2,52,國票-敦北法人,2023-03-14,0037003700390063
2645,長榮航太,53,4,49,國票-敦北法人,2023-03-14,0037003700390063
00878,國泰永續高股息,46,0,46,國票-敦北法人,2023-03-14,0037003700390063
2609,陽明,302,258,44,國票-敦北法人,2023-03-14,0037003700390063
8084,巨虹,41,0,41,國票-敦北法人,2023-03-14,0037003700390063
5483,中美晶,43,2,41,國票-敦北法人,2023-03-14,0037003700390063
1781,合世,40,0,40,國票-敦北法人,2023-03-14,0037003700390063
6573,虹揚-KY,35,0,35,國票-敦北法人,2023-03-14,0037003700390063
8436,大江,33,0,33,國票-敦北法人,2023-03-14,0037003700390063
1605,華新,39,8,31,國票-敦北法人,2023-03-14,0037003700390063
4743,合一,32,2,30,國票-敦北法人,2023-03-14,0037003700390063
4744,皇將,30,0,30,國票-敦北法人,2023-03-14,0037003700390063
5269,祥碩,31,2,29,國票-敦北法人,2023-03-14,0037003700390063
3088,艾訊,26,0,26,國票-敦北法人,2023-03-14,0037003700390063
2610,華航,190,164,26,國票-敦北法人,2023-03-14,0037003700390063
8383,千附,24,0,24,國票-敦北法人,2023-03-14,0037003700390063
6472,保瑞,30,6,24,國票-敦北法人,2023-03-14,0037003700390063
2388,威盛,102,80,22,國票-敦北法人,2023-03-14,0037003700390063
3675,德微,28,6,22,國票-敦北法人,2023-03-14,0037003700390063
3189,景碩,30,9,21,國票-敦北法人,2023-03-14,0037003700390063
1809,中釉,20,0,20,國票-敦北法人,2023-03-14,0037003700390063
2301,光寶科,20,0,20,國票-敦北法人,2023-03-14,0037003700390063
2707,晶華,39,20,19,國票-敦北法人,2023-03-14,0037003700390063
8462,柏文,18,0,18,國票-敦北法人,2023-03-14,0037003700390063
00637L,元大滬深300正2,24,6,18,國票-敦北法人,2023-03-14,0037003700390063
3264,欣銓,40,23,17,國票-敦北法人,2023-03-14,0037003700390063
00713,元大台灣高息低波,17,0,17,國票-敦北法人,2023-03-14,0037003700390063
3521,鴻翊,15,0,15,國票-敦北法人,2023-03-14,0037003700390063
2436,偉詮電,20,5,15,國票-敦北法人,2023-03-14,0037003700390063
6282,康舒,1639,40,1599,國票-敦北法人,2023-03-15,0037003700390063
2303,聯電,1052,33,1019,國票-敦北法人,2023-03-15,0037003700390063
2301,光寶科,1000,0,1000,國票-敦北法人,2023-03-15,0037003700390063
1712,興農,613,0,613,國票-敦北法人,2023-03-15,0037003700390063
3017,奇鋐,555,6,549,國票-敦北法人,2023-03-15,0037003700390063
2308,台達電,537,89,448,國票-敦北法人,2023-03-15,0037003700390063
1504,東元,578,131,447,國票-敦北法人,2023-03-15,0037003700390063
3029,零壹,421,0,421,國票-敦北法人,2023-03-15,0037003700390063
5388,中磊,317,22,295,國票-敦北法人,2023-03-15,0037003700390063
2330,台積電,293,2,291,國票-敦北法人,2023-03-15,0037003700390063
3264,欣銓,265,11,254,國票-敦北法人,2023-03-15,0037003700390063
8069,元太,276,44,232,國票-敦北法人,2023-03-15,0037003700390063
4164,承業醫,214,2,212,國票-敦北法人,2023-03-15,0037003700390063
2360,致茂,213,13,200,國票-敦北法人,2023-03-15,0037003700390063
2883,凱基金,196,0,196,國票-敦北法人,2023-03-15,0037003700390063
2006,東和鋼鐵,162,0,162,國票-敦北法人,2023-03-15,0037003700390063
1305,華夏,178,24,154,國票-敦北法人,2023-03-15,0037003700390063
1440,南紡,150,0,150,國票-敦北法人,2023-03-15,0037003700390063
2430,燦坤,138,0,138,國票-敦北法人,2023-03-15,0037003700390063
1477,聚陽,135,0,135,國票-敦北法人,2023-03-15,0037003700390063
2884,玉山金,166,32,134,國票-敦北法人,2023-03-15,0037003700390063
2103,台橡,126,0,126,國票-敦北法人,2023-03-15,0037003700390063
6412,群電,121,0,121,國票-敦北法人,2023-03-15,0037003700390063
1216,統一,114,0,114,國票-敦北法人,2023-03-15,0037003700390063
3217,優群,360,263,97,國票-敦北法人,2023-03-15,0037003700390063
1402,遠東新,88,0,88,國票-敦北法人,2023-03-15,0037003700390063
3034,聯詠,100,16,84,國票-敦北法人,2023-03-15,0037003700390063
5289,宜鼎,69,1,68,國票-敦北法人,2023-03-15,0037003700390063
6515,穎崴,70,4,66,國票-敦北法人,2023-03-15,0037003700390063
2890,永豐金,61,0,61,國票-敦北法人,2023-03-15,0037003700390063
2313,華通,99,39,60,國票-敦北法人,2023-03-15,0037003700390063
5009,榮剛,63,3,60,國票-敦北法人,2023-03-15,0037003700390063
2891,中信金,310,252,58,國票-敦北法人,2023-03-15,0037003700390063
1781,合世,56,0,56,國票-敦北法人,2023-03-15,0037003700390063
2515,中工,118,62,56,國票-敦北法人,2023-03-15,0037003700390063
3231,緯創,85,30,55,國票-敦北法人,2023-03-15,0037003700390063
00878,國泰永續高股息,57,2,55,國票-敦北法人,2023-03-15,0037003700390063
3711,日月光投控,91,40,51,國票-敦北法人,2023-03-15,0037003700390063
1609,大亞,132,86,46,國票-敦北法人,2023-03-15,0037003700390063
3443,創意,57,13,44,國票-敦北法人,2023-03-15,0037003700390063
3162,精確,98,54,44,國票-敦北法人,2023-03-15,0037003700390063
2888,新光金,301,258,43,國票-敦北法人,2023-03-15,0037003700390063
5285,界霖,56,15,41,國票-敦北法人,2023-03-15,0037003700390063
2618,長榮航,113,73,40,國票-敦北法人,2023-03-15,0037003700390063
2887,台新金,80,40,40,國票-敦北法人,2023-03-15,0037003700390063
2002,中鋼,69,32,37,國票-敦北法人,2023-03-15,0037003700390063
2880,華南金,36,0,36,國票-敦北法人,2023-03-15,0037003700390063
6146,耕興,43,7,36,國票-敦北法人,2023-03-15,0037003700390063
9945,潤泰新,35,0,35,國票-敦北法人,2023-03-15,0037003700390063
2886,兆豐金,35,0,35,國票-敦北法人,2023-03-15,0037003700390063
6282,康舒,1598,28,1570,國票-敦北法人,2023-03-16,0037003700390063
1301,台塑,802,0,802,國票-敦北法人,2023-03-16,0037003700390063
4164,承業醫,1012,381,631,國票-敦北法人,2023-03-16,0037003700390063
2891,中信金,500,206,294,國票-敦北法人,2023-03-16,0037003700390063
2890,永豐金,253,0,253,國票-敦北法人,2023-03-16,0037003700390063
5425,台半,353,175,178,國票-敦北法人,2023-03-16,0037003700390063
2313,華通,209,43,166,國票-敦北法人,2023-03-16,0037003700390063
6449,鈺邦,150,0,150,國票-敦北法人,2023-03-16,0037003700390063
3029,零壹,138,1,137,國票-敦北法人,2023-03-16,0037003700390063
6412,群電,124,0,124,國票-敦北法人,2023-03-16,0037003700390063
4966,譜瑞-KY,124,21,103,國票-敦北法人,2023-03-16,0037003700390063
2352,佳世達,131,31,100,國票-敦北法人,2023-03-16,0037003700390063
2430,燦坤,98,0,98,國票-敦北法人,2023-03-16,0037003700390063
00680L,元大美債20正2,100,6,94,國票-敦北法人,2023-03-16,0037003700390063
8070,長華*,85,0,85,國票-敦北法人,2023-03-16,0037003700390063
3661,世芯-KY,121,55,66,國票-敦北法人,2023-03-16,0037003700390063
2388,威盛,131,77,54,國票-敦北法人,2023-03-16,0037003700390063
00642U,期元大S＆P石油,53,0,53,國票-敦北法人,2023-03-16,0037003700390063
2412,中華電,51,0,51,國票-敦北法人,2023-03-16,0037003700390063
1216,統一,50,0,50,國票-敦北法人,2023-03-16,0037003700390063
9105,泰金寶-DR,50,0,50,國票-敦北法人,2023-03-16,0037003700390063
1529,樂事綠能,54,4,50,國票-敦北法人,2023-03-16,0037003700390063
6269,台郡,50,0,50,國票-敦北法人,2023-03-16,0037003700390063
5285,界霖,55,6,49,國票-敦北法人,2023-03-16,0037003700390063
3045,台灣大,50,3,47,國票-敦北法人,2023-03-16,0037003700390063
2330,台積電,45,0,45,國票-敦北法人,2023-03-16,0037003700390063
6129,普誠,71,27,44,國票-敦北法人,2023-03-16,0037003700390063
2303,聯電,94,50,44,國票-敦北法人,2023-03-16,0037003700390063
3479,安勤,50,10,40,國票-敦北法人,2023-03-16,0037003700390063
1907,永豐餘,40,0,40,國票-敦北法人,2023-03-16,0037003700390063
2102,泰豐,40,0,40,國票-敦北法人,2023-03-16,0037003700390063
00878,國泰永續高股息,36,1,35,國票-敦北法人,2023-03-16,0037003700390063
2884,玉山金,182,149,33,國票-敦北法人,2023-03-16,0037003700390063
1781,合世,33,0,33,國票-敦北法人,2023-03-16,0037003700390063
2701,萬企,34,1,33,國票-敦北法人,2023-03-16,0037003700390063
6248,沛波,30,0,30,國票-敦北法人,2023-03-16,0037003700390063
6244,茂迪,231,201,30,國票-敦北法人,2023-03-16,0037003700390063
3027,盛達,231,201,30,國票-敦北法人,2023-03-16,0037003700390063
8462,柏文,34,6,28,國票-敦北法人,2023-03-16,0037003700390063
2327,國巨,52,24,28,國票-敦北法人,2023-03-16,0037003700390063
5515,建國,30,2,28,國票-敦北法人,2023-03-16,0037003700390063
2438,翔耀,26,0,26,國票-敦北法人,2023-03-16,0037003700390063
5007,三星,25,0,25,國票-敦北法人,2023-03-16,0037003700390063
4958,臻鼎-KY,46,21,25,國票-敦北法人,2023-03-16,0037003700390063
00772B,中信高評級公司債,24,0,24,國票-敦北法人,2023-03-16,0037003700390063
8069,元太,45,21,24,國票-敦北法人,2023-03-16,0037003700390063
8916,光隆,21,0,21,國票-敦北法人,2023-03-16,0037003700390063
2454,聯發科,87,66,21,國票-敦北法人,2023-03-16,0037003700390063
4702,中美實,20,0,20,國票-敦北法人,2023-03-16,0037003700390063
4726,永昕,20,0,20,國票-敦北法人,2023-03-16,0037003700390063
2103,台橡,5183,11,5172,國票-敦北法人,2023-03-17,0037003700390063
2882,國泰金,2156,28,2128,國票-敦北法人,2023-03-17,0037003700390063
2031,新光鋼,2056,12,2044,國票-敦北法人,2023-03-17,0037003700390063
2108,南帝,1281,19,1262,國票-敦北法人,2023-03-17,0037003700390063
6231,系微,1071,19,1052,國票-敦北法人,2023-03-17,0037003700390063
2382,廣達,1037,39,998,國票-敦北法人,2023-03-17,0037003700390063
2890,永豐金,675,0,675,國票-敦北法人,2023-03-17,0037003700390063
5388,中磊,313,13,300,國票-敦北法人,2023-03-17,0037003700390063
2409,友達,497,245,252,國票-敦北法人,2023-03-17,0037003700390063
2377,微星,255,34,221,國票-敦北法人,2023-03-17,0037003700390063
3217,優群,314,118,196,國票-敦北法人,2023-03-17,0037003700390063
1477,聚陽,170,0,170,國票-敦北法人,2023-03-17,0037003700390063
6220,岳豐,168,0,168,國票-敦北法人,2023-03-17,0037003700390063
6412,群電,130,0,130,國票-敦北法人,2023-03-17,0037003700390063
3675,德微,143,23,120,國票-敦北法人,2023-03-17,0037003700390063
2834,臺企銀,667,561,106,國票-敦北法人,2023-03-17,0037003700390063
3624,光頡,147,49,98,國票-敦北法人,2023-03-17,0037003700390063
2102,泰豐,97,0,97,國票-敦北法人,2023-03-17,0037003700390063
9945,潤泰新,380,290,90,國票-敦北法人,2023-03-17,0037003700390063
5425,台半,110,25,85,國票-敦北法人,2023-03-17,0037003700390063
2605,新興,80,10,70,國票-敦北法人,2023-03-17,0037003700390063
8069,元太,70,9,61,國票-敦北法人,2023-03-17,0037003700390063
6517,保勝光學,62,1,61,國票-敦北法人,2023-03-17,0037003700390063
1609,大亞,120,61,59,國票-敦北法人,2023-03-17,0037003700390063
6472,保瑞,152,94,58,國票-敦北法人,2023-03-17,0037003700390063
8046,南電,68,11,57,國票-敦北法人,2023-03-17,0037003700390063
00878,國泰永續高股息,56,1,55,國票-敦北法人,2023-03-17,0037003700390063
3035,智原,115,62,53,國票-敦北法人,2023-03-17,0037003700390063
2014,中鴻,98,45,53,國票-敦北法人,2023-03-17,0037003700390063
3481,群創,168,125,43,國票-敦北法人,2023-03-17,0037003700390063
2049,上銀,102,61,41,國票-敦北法人,2023-03-17,0037003700390063
2388,威盛,115,74,41,國票-敦北法人,2023-03-17,0037003700390063
3558,神準,53,16,37,國票-敦北法人,2023-03-17,0037003700390063
3162,精確,50,14,36,國票-敦北法人,2023-03-17,0037003700390063
6274,台燿,42,6,36,國票-敦北法人,2023-03-17,0037003700390063
2891,中信金,268,234,34,國票-敦北法人,2023-03-17,0037003700390063
2634,漢翔,41,8,33,國票-敦北法人,2023-03-17,0037003700390063
00637L,元大滬深300正2,35,4,31,國票-敦北法人,2023-03-17,0037003700390063
6732,昇佳電子,31,1,30,國票-敦北法人,2023-03-17,0037003700390063
8462,柏文,26,0,26,國票-敦北法人,2023-03-17,0037003700390063
8349,�矬�,25,0,25,國票-敦北法人,2023-03-17,0037003700390063
5007,三星,25,0,25,國票-敦北法人,2023-03-17,0037003700390063
6491,晶碩,21,0,21,國票-敦北法人,2023-03-17,0037003700390063
2327,國巨,36,16,20,國票-敦北法人,2023-03-17,0037003700390063
3290,東浦,20,0,20,國票-敦北法人,2023-03-17,0037003700390063
6180,橘子,19,1,18,國票-敦北法人,2023-03-17,0037003700390063
8478,東哥遊艇,23,5,18,國票-敦北法人,2023-03-17,0037003700390063
00642U,期元大S＆P石油,17,0,17,國票-敦北法人,2023-03-17,0037003700390063
1529,樂事綠能,15,0,15,國票-敦北法人,2023-03-17,0037003700390063
3680,家登,19,4,15,國票-敦北法人,2023-03-17,0037003700390063
3005,神基,908,200,708,國票-敦北法人,2023-03-20,0037003700390063
2891,中信金,675,317,358,國票-敦北法人,2023-03-20,0037003700390063
6231,系微,1579,1253,326,國票-敦北法人,2023-03-20,0037003700390063
3029,零壹,321,17,304,國票-敦北法人,2023-03-20,0037003700390063
5009,榮剛,304,0,304,國票-敦北法人,2023-03-20,0037003700390063
2455,全新,319,81,238,國票-敦北法人,2023-03-20,0037003700390063
2049,上銀,254,25,229,國票-敦北法人,2023-03-20,0037003700390063
1504,東元,249,34,215,國票-敦北法人,2023-03-20,0037003700390063
2834,臺企銀,384,186,198,國票-敦北法人,2023-03-20,0037003700390063
00878,國泰永續高股息,176,0,176,國票-敦北法人,2023-03-20,0037003700390063
6412,群電,140,5,135,國票-敦北法人,2023-03-20,0037003700390063
3680,家登,167,36,131,國票-敦北法人,2023-03-20,0037003700390063
2303,聯電,569,440,129,國票-敦北法人,2023-03-20,0037003700390063
2006,東和鋼鐵,125,0,125,國票-敦北法人,2023-03-20,0037003700390063
4958,臻鼎-KY,141,16,125,國票-敦北法人,2023-03-20,0037003700390063
3211,順達,119,0,119,國票-敦北法人,2023-03-20,0037003700390063
8084,巨虹,111,1,110,國票-敦北法人,2023-03-20,0037003700390063
6747,亨泰光,104,0,104,國票-敦北法人,2023-03-20,0037003700390063
3162,精確,141,40,101,國票-敦北法人,2023-03-20,0037003700390063
6679,鈺太,101,1,100,國票-敦北法人,2023-03-20,0037003700390063
2382,廣達,123,23,100,國票-敦北法人,2023-03-20,0037003700390063
2457,飛宏,169,69,100,國票-敦北法人,2023-03-20,0037003700390063
1216,統一,100,1,99,國票-敦北法人,2023-03-20,0037003700390063
2301,光寶科,100,1,99,國票-敦北法人,2023-03-20,0037003700390063
8069,元太,96,1,95,國票-敦北法人,2023-03-20,0037003700390063
3131,弘塑,114,23,91,國票-敦北法人,2023-03-20,0037003700390063
6269,台郡,90,0,90,國票-敦北法人,2023-03-20,0037003700390063
2727,王品,94,4,90,國票-敦北法人,2023-03-20,0037003700390063
3017,奇鋐,113,23,90,國票-敦北法人,2023-03-20,0037003700390063
8016,矽創,89,3,86,國票-敦北法人,2023-03-20,0037003700390063
2408,南亞科,81,0,81,國票-敦北法人,2023-03-20,0037003700390063
3217,優群,80,0,80,國票-敦北法人,2023-03-20,0037003700390063
6147,頎邦,73,1,72,國票-敦北法人,2023-03-20,0037003700390063
6806,森崴能源,71,0,71,國票-敦北法人,2023-03-20,0037003700390063
8462,柏文,69,0,69,國票-敦北法人,2023-03-20,0037003700390063
5388,中磊,62,1,61,國票-敦北法人,2023-03-20,0037003700390063
4915,致伸,60,0,60,國票-敦北法人,2023-03-20,0037003700390063
2317,鴻海,81,30,51,國票-敦北法人,2023-03-20,0037003700390063
2548,華固,50,0,50,國票-敦北法人,2023-03-20,0037003700390063
3702,大聯大,59,10,49,國票-敦北法人,2023-03-20,0037003700390063
5347,世界,68,23,45,國票-敦北法人,2023-03-20,0037003700390063
4967,十銓,61,18,43,國票-敦北法人,2023-03-20,0037003700390063
2430,燦坤,40,0,40,國票-敦北法人,2023-03-20,0037003700390063
4164,承業醫,40,0,40,國票-敦北法人,2023-03-20,0037003700390063
00642U,期元大S＆P石油,39,0,39,國票-敦北法人,2023-03-20,0037003700390063
2731,雄獅,39,2,37,國票-敦北法人,2023-03-20,0037003700390063
8436,大江,34,0,34,國票-敦北法人,2023-03-20,0037003700390063
3481,群創,305,272,33,國票-敦北法人,2023-03-20,0037003700390063
2406,國碩,69,38,31,國票-敦北法人,2023-03-20,0037003700390063
6491,晶碩,30,0,30,國票-敦北法人,2023-03-20,0037003700390063
3005,神基,968,22,946,國票-敦北法人,2023-03-21,0037003700390063
5211,蒙恬,563,0,563,國票-敦北法人,2023-03-21,0037003700390063
3162,精確,327,113,214,國票-敦北法人,2023-03-21,0037003700390063
2457,飛宏,595,404,191,國票-敦北法人,2023-03-21,0037003700390063
6412,群電,142,0,142,國票-敦北法人,2023-03-21,0037003700390063
1560,中砂,122,2,120,國票-敦北法人,2023-03-21,0037003700390063
3211,順達,119,0,119,國票-敦北法人,2023-03-21,0037003700390063
2102,泰豐,103,0,103,國票-敦北法人,2023-03-21,0037003700390063
8462,柏文,98,0,98,國票-敦北法人,2023-03-21,0037003700390063
00712,復華富時不動產,117,23,94,國票-敦北法人,2023-03-21,0037003700390063
2454,聯發科,97,5,92,國票-敦北法人,2023-03-21,0037003700390063
3231,緯創,242,167,75,國票-敦北法人,2023-03-21,0037003700390063
6806,森崴能源,78,3,75,國票-敦北法人,2023-03-21,0037003700390063
6220,岳豐,72,0,72,國票-敦北法人,2023-03-21,0037003700390063
6244,茂迪,432,364,68,國票-敦北法人,2023-03-21,0037003700390063
5285,界霖,59,3,56,國票-敦北法人,2023-03-21,0037003700390063
3545,敦泰,120,69,51,國票-敦北法人,2023-03-21,0037003700390063
6510,精測,50,3,47,國票-敦北法人,2023-03-21,0037003700390063
5425,台半,102,61,41,國票-敦北法人,2023-03-21,0037003700390063
6223,旺矽,46,8,38,國票-敦北法人,2023-03-21,0037003700390063
5488,松普,33,0,33,國票-敦北法人,2023-03-21,0037003700390063
4155,訊映,38,8,30,國票-敦北法人,2023-03-21,0037003700390063
3675,德微,46,16,30,國票-敦北法人,2023-03-21,0037003700390063
4967,十銓,77,47,30,國票-敦北法人,2023-03-21,0037003700390063
6235,華孚,55,26,29,國票-敦北法人,2023-03-21,0037003700390063
3290,東浦,31,2,29,國票-敦北法人,2023-03-21,0037003700390063
6683,雍智科技,29,0,29,國票-敦北法人,2023-03-21,0037003700390063
1584,精剛,40,13,27,國票-敦北法人,2023-03-21,0037003700390063
5007,三星,26,0,26,國票-敦北法人,2023-03-21,0037003700390063
3131,弘塑,49,26,23,國票-敦北法人,2023-03-21,0037003700390063
2206,三陽工業,22,0,22,國票-敦北法人,2023-03-21,0037003700390063
6517,保勝光學,21,0,21,國票-敦北法人,2023-03-21,0037003700390063
00650L,復華香港正2,20,0,20,國票-敦北法人,2023-03-21,0037003700390063
2834,臺企銀,43,23,20,國票-敦北法人,2023-03-21,0037003700390063
5351,鈺創,23,5,18,國票-敦北法人,2023-03-21,0037003700390063
6409,旭隼,17,0,17,國票-敦北法人,2023-03-21,0037003700390063
8936,國統,89,72,17,國票-敦北法人,2023-03-21,0037003700390063
2402,毅嘉,114,97,17,國票-敦北法人,2023-03-21,0037003700390063
2609,陽明,18,1,17,國票-敦北法人,2023-03-21,0037003700390063
9945,潤泰新,96,79,17,國票-敦北法人,2023-03-21,0037003700390063
3169,亞信,31,15,16,國票-敦北法人,2023-03-21,0037003700390063
00632R,元大台灣50反1,25,9,16,國票-敦北法人,2023-03-21,0037003700390063
4934,太極,16,0,16,國票-敦北法人,2023-03-21,0037003700390063
5009,榮剛,26,12,14,國票-敦北法人,2023-03-21,0037003700390063
00878,國泰永續高股息,14,0,14,國票-敦北法人,2023-03-21,0037003700390063
8358,金居,14,1,13,國票-敦北法人,2023-03-21,0037003700390063
1781,合世,13,0,13,國票-敦北法人,2023-03-21,0037003700390063
5309,系統電,12,0,12,國票-敦北法人,2023-03-21,0037003700390063
8916,光隆,12,0,12,國票-敦北法人,2023-03-21,0037003700390063
8938,明安,12,0,12,國票-敦北法人,2023-03-21,0037003700390063
3479,安勤,1300,140,1160,國票-敦北法人,2023-03-22,0037003700390063
3005,神基,1006,22,984,國票-敦北法人,2023-03-22,0037003700390063
3217,優群,713,44,669,國票-敦北法人,2023-03-22,0037003700390063
5425,台半,764,117,647,國票-敦北法人,2023-03-22,0037003700390063
3231,緯創,769,294,475,國票-敦北法人,2023-03-22,0037003700390063
3034,聯詠,373,0,373,國票-敦北法人,2023-03-22,0037003700390063
3017,奇鋐,522,240,282,國票-敦北法人,2023-03-22,0037003700390063
1560,中砂,258,3,255,國票-敦北法人,2023-03-22,0037003700390063
8478,東哥遊艇,233,5,228,國票-敦北法人,2023-03-22,0037003700390063
3558,神準,306,93,213,國票-敦北法人,2023-03-22,0037003700390063
2883,凱基金,219,6,213,國票-敦北法人,2023-03-22,0037003700390063
8462,柏文,187,0,187,國票-敦北法人,2023-03-22,0037003700390063
2330,台積電,196,48,148,國票-敦北法人,2023-03-22,0037003700390063
6412,群電,145,0,145,國票-敦北法人,2023-03-22,0037003700390063
3011,今皓,129,1,128,國票-敦北法人,2023-03-22,0037003700390063
2603,長榮,144,20,124,國票-敦北法人,2023-03-22,0037003700390063
3211,順達,120,0,120,國票-敦北法人,2023-03-22,0037003700390063
3324,雙鴻,205,95,110,國票-敦北法人,2023-03-22,0037003700390063
1216,統一,107,0,107,國票-敦北法人,2023-03-22,0037003700390063
1513,中興電,106,0,106,國票-敦北法人,2023-03-22,0037003700390063
2345,智邦,114,8,106,國票-敦北法人,2023-03-22,0037003700390063
3045,台灣大,102,0,102,國票-敦北法人,2023-03-22,0037003700390063
2834,臺企銀,282,188,94,國票-敦北法人,2023-03-22,0037003700390063
1519,華城,117,27,90,國票-敦北法人,2023-03-22,0037003700390063
3189,景碩,102,14,88,國票-敦北法人,2023-03-22,0037003700390063
2723,美食-KY,80,0,80,國票-敦北法人,2023-03-22,0037003700390063
3675,德微,91,11,80,國票-敦北法人,2023-03-22,0037003700390063
00637L,元大滬深300正2,206,133,73,國票-敦北法人,2023-03-22,0037003700390063
6138,茂達,132,60,72,國票-敦北法人,2023-03-22,0037003700390063
8069,元太,89,20,69,國票-敦北法人,2023-03-22,0037003700390063
6517,保勝光學,67,2,65,國票-敦北法人,2023-03-22,0037003700390063
3037,欣興,151,87,64,國票-敦北法人,2023-03-22,0037003700390063
8046,南電,67,5,62,國票-敦北法人,2023-03-22,0037003700390063
2102,泰豐,60,0,60,國票-敦北法人,2023-03-22,0037003700390063
6799,來頡,57,1,56,國票-敦北法人,2023-03-22,0037003700390063
2412,中華電,106,50,56,國票-敦北法人,2023-03-22,0037003700390063
3596,智易,50,0,50,國票-敦北法人,2023-03-22,0037003700390063
2548,華固,51,1,50,國票-敦北法人,2023-03-22,0037003700390063
2204,中華,89,39,50,國票-敦北法人,2023-03-22,0037003700390063
6411,晶焱,52,2,50,國票-敦北法人,2023-03-22,0037003700390063
5534,長虹,50,0,50,國票-敦北法人,2023-03-22,0037003700390063
9103,美德醫療-DR,49,0,49,國票-敦北法人,2023-03-22,0037003700390063
1605,華新,90,44,46,國票-敦北法人,2023-03-22,0037003700390063
2891,中信金,66,21,45,國票-敦北法人,2023-03-22,0037003700390063
8936,國統,63,19,44,國票-敦北法人,2023-03-22,0037003700390063
8454,富邦媒,44,0,44,國票-敦北法人,2023-03-22,0037003700390063
6535,順藥,46,3,43,國票-敦北法人,2023-03-22,0037003700390063
1802,台玻,40,0,40,國票-敦北法人,2023-03-22,0037003700390063
6104,創惟,57,18,39,國票-敦北法人,2023-03-22,0037003700390063
2727,王品,67,29,38,國票-敦北法人,2023-03-22,0037003700390063
5353,台林,561,62,499,國票-敦北法人,2023-03-23,0037003700390063
4919,新唐,360,50,310,國票-敦北法人,2023-03-23,0037003700390063
2457,飛宏,665,361,304,國票-敦北法人,2023-03-23,0037003700390063
8289,泰藝,314,11,303,國票-敦北法人,2023-03-23,0037003700390063
2892,第一金,300,0,300,國票-敦北法人,2023-03-23,0037003700390063
6245,立端,325,43,282,國票-敦北法人,2023-03-23,0037003700390063
2889,國票金,300,29,271,國票-敦北法人,2023-03-23,0037003700390063
8255,朋程,267,0,267,國票-敦北法人,2023-03-23,0037003700390063
2382,廣達,230,15,215,國票-敦北法人,2023-03-23,0037003700390063
3037,欣興,302,89,213,國票-敦北法人,2023-03-23,0037003700390063
3481,群創,408,209,199,國票-敦北法人,2023-03-23,0037003700390063
2454,聯發科,191,7,184,國票-敦北法人,2023-03-23,0037003700390063
3290,東浦,252,70,182,國票-敦北法人,2023-03-23,0037003700390063
5425,台半,206,28,178,國票-敦北法人,2023-03-23,0037003700390063
3005,神基,164,0,164,國票-敦北法人,2023-03-23,0037003700390063
2342,茂矽,165,2,163,國票-敦北法人,2023-03-23,0037003700390063
3558,神準,242,93,149,國票-敦北法人,2023-03-23,0037003700390063
6412,群電,149,0,149,國票-敦北法人,2023-03-23,0037003700390063
2313,華通,167,22,145,國票-敦北法人,2023-03-23,0037003700390063
5475,德宏,180,45,135,國票-敦北法人,2023-03-23,0037003700390063
00715L,期街口布蘭特正2,154,20,134,國票-敦北法人,2023-03-23,0037003700390063
2376,技嘉,174,43,131,國票-敦北法人,2023-03-23,0037003700390063
3211,順達,124,0,124,國票-敦北法人,2023-03-23,0037003700390063
2316,楠梓電,100,0,100,國票-敦北法人,2023-03-23,0037003700390063
4967,十銓,208,110,98,國票-敦北法人,2023-03-23,0037003700390063
8462,柏文,102,5,97,國票-敦北法人,2023-03-23,0037003700390063
6223,旺矽,167,73,94,國票-敦北法人,2023-03-23,0037003700390063
6488,環球晶,86,7,79,國票-敦北法人,2023-03-23,0037003700390063
1560,中砂,88,11,77,國票-敦北法人,2023-03-23,0037003700390063
8046,南電,83,8,75,國票-敦北法人,2023-03-23,0037003700390063
2727,王品,245,175,70,國票-敦北法人,2023-03-23,0037003700390063
4147,中裕,64,1,63,國票-敦北法人,2023-03-23,0037003700390063
6147,頎邦,60,1,59,國票-敦北法人,2023-03-23,0037003700390063
00632R,元大台灣50反1,58,0,58,國票-敦北法人,2023-03-23,0037003700390063
4953,緯軟,71,21,50,國票-敦北法人,2023-03-23,0037003700390063
1477,聚陽,50,0,50,國票-敦北法人,2023-03-23,0037003700390063
6290,良維,77,36,41,國票-敦北法人,2023-03-23,0037003700390063
2633,台灣高鐵,40,0,40,國票-敦北法人,2023-03-23,0037003700390063
3257,虹冠電,37,0,37,國票-敦北法人,2023-03-23,0037003700390063
8069,元太,54,22,32,國票-敦北法人,2023-03-23,0037003700390063
006208,富邦台50,31,0,31,國票-敦北法人,2023-03-23,0037003700390063
5274,信驊,29,0,29,國票-敦北法人,2023-03-23,0037003700390063
8033,雷虎,29,1,28,國票-敦北法人,2023-03-23,0037003700390063
1781,合世,27,0,27,國票-敦北法人,2023-03-23,0037003700390063
5007,三星,27,0,27,國票-敦北法人,2023-03-23,0037003700390063
5288,豐祥-KY,25,0,25,國票-敦北法人,2023-03-23,0037003700390063
2430,燦坤,24,0,24,國票-敦北法人,2023-03-23,0037003700390063
6535,順藥,24,0,24,國票-敦北法人,2023-03-23,0037003700390063
1519,華城,28,5,23,國票-敦北法人,2023-03-23,0037003700390063
6747,亨泰光,25,2,23,國票-敦北法人,2023-03-23,0037003700390063
4904,遠傳,1633,0,1633,國票-敦北法人,2023-03-24,0037003700390063
3005,神基,1079,0,1079,國票-敦北法人,2023-03-24,0037003700390063
3706,神達,1039,0,1039,國票-敦北法人,2023-03-24,0037003700390063
2360,致茂,906,20,886,國票-敦北法人,2023-03-24,0037003700390063
8938,明安,682,0,682,國票-敦北法人,2023-03-24,0037003700390063
00715L,期街口布蘭特正2,540,0,540,國票-敦北法人,2023-03-24,0037003700390063
6223,旺矽,548,152,396,國票-敦北法人,2023-03-24,0037003700390063
2356,英業達,357,117,240,國票-敦北法人,2023-03-24,0037003700390063
2892,第一金,228,0,228,國票-敦北法人,2023-03-24,0037003700390063
4190,佐登-KY,210,0,210,國票-敦北法人,2023-03-24,0037003700390063
8046,南電,202,10,192,國票-敦北法人,2023-03-24,0037003700390063
2889,國票金,513,341,172,國票-敦北法人,2023-03-24,0037003700390063
6799,來頡,169,1,168,國票-敦北法人,2023-03-24,0037003700390063
3499,環天科,170,2,168,國票-敦北法人,2023-03-24,0037003700390063
6412,群電,153,0,153,國票-敦北法人,2023-03-24,0037003700390063
0056,元大高股息,138,0,138,國票-敦北法人,2023-03-24,0037003700390063
3211,順達,124,0,124,國票-敦北法人,2023-03-24,0037003700390063
2376,技嘉,139,21,118,國票-敦北法人,2023-03-24,0037003700390063
3035,智原,169,57,112,國票-敦北法人,2023-03-24,0037003700390063
3189,景碩,145,40,105,國票-敦北法人,2023-03-24,0037003700390063
6515,穎崴,122,18,104,國票-敦北法人,2023-03-24,0037003700390063
3443,創意,132,34,98,國票-敦北法人,2023-03-24,0037003700390063
3037,欣興,283,186,97,國票-敦北法人,2023-03-24,0037003700390063
2454,聯發科,93,10,83,國票-敦北法人,2023-03-24,0037003700390063
8358,金居,90,10,80,國票-敦北法人,2023-03-24,0037003700390063
2330,台積電,156,77,79,國票-敦北法人,2023-03-24,0037003700390063
2883,凱基金,77,0,77,國票-敦北法人,2023-03-24,0037003700390063
8086,宏捷科,77,0,77,國票-敦北法人,2023-03-24,0037003700390063
2888,新光金,133,57,76,國票-敦北法人,2023-03-24,0037003700390063
00878,國泰永續高股息,83,8,75,國票-敦北法人,2023-03-24,0037003700390063
3558,神準,231,159,72,國票-敦北法人,2023-03-24,0037003700390063
6282,康舒,104,38,66,國票-敦北法人,2023-03-24,0037003700390063
4966,譜瑞-KY,66,0,66,國票-敦北法人,2023-03-24,0037003700390063
2313,華通,114,51,63,國票-敦北法人,2023-03-24,0037003700390063
2351,順德,79,19,60,國票-敦北法人,2023-03-24,0037003700390063
2890,永豐金,52,0,52,國票-敦北法人,2023-03-24,0037003700390063
2887,台新金,81,30,51,國票-敦北法人,2023-03-24,0037003700390063
1301,台塑,50,0,50,國票-敦北法人,2023-03-24,0037003700390063
5534,長虹,50,0,50,國票-敦北法人,2023-03-24,0037003700390063
6235,華孚,51,2,49,國票-敦北法人,2023-03-24,0037003700390063
2891,中信金,136,87,49,國票-敦北法人,2023-03-24,0037003700390063
2412,中華電,101,53,48,國票-敦北法人,2023-03-24,0037003700390063
3209,全科,45,0,45,國票-敦北法人,2023-03-24,0037003700390063
1101,台泥,63,19,44,國票-敦北法人,2023-03-24,0037003700390063
6548,長科*,51,13,38,國票-敦北法人,2023-03-24,0037003700390063
8436,大江,34,0,34,國票-敦北法人,2023-03-24,0037003700390063
1102,亞泥,36,4,32,國票-敦北法人,2023-03-24,0037003700390063
2801,彰銀,30,0,30,國票-敦北法人,2023-03-24,0037003700390063
2731,雄獅,35,5,30,國票-敦北法人,2023-03-24,0037003700390063
6283,淳安,30,0,30,國票-敦北法人,2023-03-24,0037003700390063
2890,永豐金,513,22,491,國票-敦北法人,2023-03-27,0037003700390063
6235,華孚,798,367,431,國票-敦北法人,2023-03-27,0037003700390063
2891,中信金,410,0,410,國票-敦北法人,2023-03-27,0037003700390063
3105,穩懋,303,2,301,國票-敦北法人,2023-03-27,0037003700390063
6285,啟��,255,14,241,國票-敦北法人,2023-03-27,0037003700390063
2368,金像電,208,7,201,國票-敦北法人,2023-03-27,0037003700390063
2382,廣達,255,55,200,國票-敦北法人,2023-03-27,0037003700390063
8255,朋程,199,7,192,國票-敦北法人,2023-03-27,0037003700390063
8086,宏捷科,201,23,178,國票-敦北法人,2023-03-27,0037003700390063
2731,雄獅,210,32,178,國票-敦北法人,2023-03-27,0037003700390063
2883,凱基金,178,1,177,國票-敦北法人,2023-03-27,0037003700390063
8033,雷虎,221,70,151,國票-敦北法人,2023-03-27,0037003700390063
2408,南亞科,279,132,147,國票-敦北法人,2023-03-27,0037003700390063
1785,光洋科,137,0,137,國票-敦北法人,2023-03-27,0037003700390063
3211,順達,126,0,126,國票-敦北法人,2023-03-27,0037003700390063
6799,來頡,106,0,106,國票-敦北法人,2023-03-27,0037003700390063
3081,聯亞,101,0,101,國票-敦北法人,2023-03-27,0037003700390063
2330,台積電,103,2,101,國票-敦北法人,2023-03-27,0037003700390063
3045,台灣大,100,0,100,國票-敦北法人,2023-03-27,0037003700390063
4904,遠傳,100,0,100,國票-敦北法人,2023-03-27,0037003700390063
1762,中化生,100,1,99,國票-敦北法人,2023-03-27,0037003700390063
8289,泰藝,92,6,86,國票-敦北法人,2023-03-27,0037003700390063
2231,為升,76,5,71,國票-敦北法人,2023-03-27,0037003700390063
5289,宜鼎,68,1,67,國票-敦北法人,2023-03-27,0037003700390063
2413,環科,124,59,65,國票-敦北法人,2023-03-27,0037003700390063
3324,雙鴻,55,1,54,國票-敦北法人,2023-03-27,0037003700390063
2880,華南金,56,3,53,國票-敦北法人,2023-03-27,0037003700390063
3217,優群,242,196,46,國票-敦北法人,2023-03-27,0037003700390063
6782,視陽,38,0,38,國票-敦北法人,2023-03-27,0037003700390063
3289,宜特,40,5,35,國票-敦北法人,2023-03-27,0037003700390063
2634,漢翔,42,10,32,國票-敦北法人,2023-03-27,0037003700390063
9921,巨大,42,11,31,國票-敦北法人,2023-03-27,0037003700390063
6288,聯嘉,43,13,30,國票-敦北法人,2023-03-27,0037003700390063
8499,鼎炫-KY,30,0,30,國票-敦北法人,2023-03-27,0037003700390063
3017,奇鋐,86,56,30,國票-敦北法人,2023-03-27,0037003700390063
8299,群聯,44,15,29,國票-敦北法人,2023-03-27,0037003700390063
6217,中探針,27,0,27,國票-敦北法人,2023-03-27,0037003700390063
3715,定穎投控,124,98,26,國票-敦北法人,2023-03-27,0037003700390063
2239,英利-KY,26,0,26,國票-敦北法人,2023-03-27,0037003700390063
3044,健鼎,30,5,25,國票-敦北法人,2023-03-27,0037003700390063
00713,元大台灣高息低波,25,0,25,國票-敦北法人,2023-03-27,0037003700390063
2327,國巨,31,6,25,國票-敦北法人,2023-03-27,0037003700390063
3624,光頡,28,4,24,國票-敦北法人,2023-03-27,0037003700390063
6806,森崴能源,40,17,23,國票-敦北法人,2023-03-27,0037003700390063
0056,元大高股息,22,0,22,國票-敦北法人,2023-03-27,0037003700390063
3218,大學光,21,0,21,國票-敦北法人,2023-03-27,0037003700390063
2404,漢唐,50,30,20,國票-敦北法人,2023-03-27,0037003700390063
3036,文曄,20,0,20,國票-敦北法人,2023-03-27,0037003700390063
6669,緯穎,22,2,20,國票-敦北法人,2023-03-27,0037003700390063
00878,國泰永續高股息,19,0,19,國票-敦北法人,2023-03-27,0037003700390063
00900,富邦特選高股息30,2353,0,2353,國票-敦北法人,2023-03-28,0037003700390063
2303,聯電,971,19,952,國票-敦北法人,2023-03-28,0037003700390063
3715,定穎投控,1035,134,901,國票-敦北法人,2023-03-28,0037003700390063
6235,華孚,703,218,485,國票-敦北法人,2023-03-28,0037003700390063
2342,茂矽,328,32,296,國票-敦北法人,2023-03-28,0037003700390063
6485,點序,319,32,287,國票-敦北法人,2023-03-28,0037003700390063
3217,優群,743,495,248,國票-敦北法人,2023-03-28,0037003700390063
2330,台積電,265,40,225,國票-敦北法人,2023-03-28,0037003700390063
5009,榮剛,281,64,217,國票-敦北法人,2023-03-28,0037003700390063
3322,建舜電,232,23,209,國票-敦北法人,2023-03-28,0037003700390063
2618,長榮航,210,15,195,國票-敦北法人,2023-03-28,0037003700390063
00632R,元大台灣50反1,165,5,160,國票-敦北法人,2023-03-28,0037003700390063
3211,順達,130,0,130,國票-敦北法人,2023-03-28,0037003700390063
8255,朋程,211,102,109,國票-敦北法人,2023-03-28,0037003700390063
2313,華通,138,32,106,國票-敦北法人,2023-03-28,0037003700390063
3045,台灣大,101,0,101,國票-敦北法人,2023-03-28,0037003700390063
2834,臺企銀,116,18,98,國票-敦北法人,2023-03-28,0037003700390063
3027,盛達,74,4,70,國票-敦北法人,2023-03-28,0037003700390063
5534,長虹,115,50,65,國票-敦北法人,2023-03-28,0037003700390063
2634,漢翔,63,2,61,國票-敦北法人,2023-03-28,0037003700390063
2731,雄獅,109,51,58,國票-敦北法人,2023-03-28,0037003700390063
6861,睿生光電,51,1,50,國票-敦北法人,2023-03-28,0037003700390063
3047,訊舟,136,93,43,國票-敦北法人,2023-03-28,0037003700390063
6548,長科*,40,0,40,國票-敦北法人,2023-03-28,0037003700390063
2371,大同,67,27,40,國票-敦北法人,2023-03-28,0037003700390063
8155,博智,63,27,36,國票-敦北法人,2023-03-28,0037003700390063
00637L,元大滬深300正2,44,12,32,國票-敦北法人,2023-03-28,0037003700390063
00713,元大台灣高息低波,30,0,30,國票-敦北法人,2023-03-28,0037003700390063
1442,名軒,30,0,30,國票-敦北法人,2023-03-28,0037003700390063
6491,晶碩,30,0,30,國票-敦北法人,2023-03-28,0037003700390063
8046,南電,64,37,27,國票-敦北法人,2023-03-28,0037003700390063
6517,保勝光學,31,4,27,國票-敦北法人,2023-03-28,0037003700390063
00701,國泰股利精選30,25,0,25,國票-敦北法人,2023-03-28,0037003700390063
6140,訊達,22,0,22,國票-敦北法人,2023-03-28,0037003700390063
1907,永豐餘,44,24,20,國票-敦北法人,2023-03-28,0037003700390063
3257,虹冠電,20,0,20,國票-敦北法人,2023-03-28,0037003700390063
00907,永豐優息存股,20,0,20,國票-敦北法人,2023-03-28,0037003700390063
2851,中再保,19,0,19,國票-敦北法人,2023-03-28,0037003700390063
5225,東科-KY,30,11,19,國票-敦北法人,2023-03-28,0037003700390063
4919,新唐,56,37,19,國票-敦北法人,2023-03-28,0037003700390063
2454,聯發科,28,10,18,國票-敦北法人,2023-03-28,0037003700390063
5222,全訊,24,6,18,國票-敦北法人,2023-03-28,0037003700390063
6168,宏齊,43,26,17,國票-敦北法人,2023-03-28,0037003700390063
6160,欣技,16,0,16,國票-敦北法人,2023-03-28,0037003700390063
00878,國泰永續高股息,15,0,15,國票-敦北法人,2023-03-28,0037003700390063
5274,信驊,16,1,15,國票-敦北法人,2023-03-28,0037003700390063
8926,台汽電,18,3,15,國票-敦北法人,2023-03-28,0037003700390063
6129,普誠,29,14,15,國票-敦北法人,2023-03-28,0037003700390063
2461,光群雷,43,28,15,國票-敦北法人,2023-03-28,0037003700390063
4105,東洋,20,6,14,國票-敦北法人,2023-03-28,0037003700390063
2723,美食-KY,555,47,508,國票-敦北法人,2023-03-29,0037003700390063
2108,南帝,464,2,462,國票-敦北法人,2023-03-29,0037003700390063
2208,台船,466,37,429,國票-敦北法人,2023-03-29,0037003700390063
2303,聯電,210,4,206,國票-敦北法人,2023-03-29,0037003700390063
2317,鴻海,224,21,203,國票-敦北法人,2023-03-29,0037003700390063
6589,台康生技,200,0,200,國票-敦北法人,2023-03-29,0037003700390063
2731,雄獅,306,112,194,國票-敦北法人,2023-03-29,0037003700390063
1795,美時,173,11,162,國票-敦北法人,2023-03-29,0037003700390063
3211,順達,132,0,132,國票-敦北法人,2023-03-29,0037003700390063
1101,台泥,151,30,121,國票-敦北法人,2023-03-29,0037003700390063
2002,中鋼,136,27,109,國票-敦北法人,2023-03-29,0037003700390063
2342,茂矽,304,199,105,國票-敦北法人,2023-03-29,0037003700390063
2015,豐興,101,0,101,國票-敦北法人,2023-03-29,0037003700390063
00922,國泰台灣領袖50,100,0,100,國票-敦北法人,2023-03-29,0037003700390063
3081,聯亞,99,2,97,國票-敦北法人,2023-03-29,0037003700390063
6285,啟��,90,1,89,國票-敦北法人,2023-03-29,0037003700390063
3078,僑威,88,2,86,國票-敦北法人,2023-03-29,0037003700390063
2748,雲品,86,10,76,國票-敦北法人,2023-03-29,0037003700390063
5607,遠雄港,70,0,70,國票-敦北法人,2023-03-29,0037003700390063
2892,第一金,71,4,67,國票-敦北法人,2023-03-29,0037003700390063
2376,技嘉,76,10,66,國票-敦北法人,2023-03-29,0037003700390063
3023,信邦,63,0,63,國票-敦北法人,2023-03-29,0037003700390063
3558,神準,108,47,61,國票-敦北法人,2023-03-29,0037003700390063
2912,統一超,60,0,60,國票-敦北法人,2023-03-29,0037003700390063
3006,晶豪科,60,1,59,國票-敦北法人,2023-03-29,0037003700390063
1301,台塑,50,0,50,國票-敦北法人,2023-03-29,0037003700390063
2515,中工,50,2,48,國票-敦北法人,2023-03-29,0037003700390063
8436,大江,40,1,39,國票-敦北法人,2023-03-29,0037003700390063
8429,金麗-KY,35,0,35,國票-敦北法人,2023-03-29,0037003700390063
6770,力積電,35,1,34,國票-敦北法人,2023-03-29,0037003700390063
3272,東碩,42,10,32,國票-敦北法人,2023-03-29,0037003700390063
3499,環天科,58,28,30,國票-敦北法人,2023-03-29,0037003700390063
3479,安勤,45,15,30,國票-敦北法人,2023-03-29,0037003700390063
2329,華泰,55,27,28,國票-敦北法人,2023-03-29,0037003700390063
2426,鼎元,35,10,25,國票-敦北法人,2023-03-29,0037003700390063
8255,朋程,221,199,22,國票-敦北法人,2023-03-29,0037003700390063
8358,金居,24,3,21,國票-敦北法人,2023-03-29,0037003700390063
3056,富華新,23,3,20,國票-敦北法人,2023-03-29,0037003700390063
5450,南良,20,0,20,國票-敦北法人,2023-03-29,0037003700390063
6156,松上,20,1,19,國票-敦北法人,2023-03-29,0037003700390063
8088,品安,37,18,19,國票-敦北法人,2023-03-29,0037003700390063
3338,泰碩,20,3,17,國票-敦北法人,2023-03-29,0037003700390063
6182,合晶,52,35,17,國票-敦北法人,2023-03-29,0037003700390063
6281,全國電,17,0,17,國票-敦北法人,2023-03-29,0037003700390063
6288,聯嘉,45,29,16,國票-敦北法人,2023-03-29,0037003700390063
3046,建��,17,1,16,國票-敦北法人,2023-03-29,0037003700390063
1760,寶齡富錦,33,18,15,國票-敦北法人,2023-03-29,0037003700390063
2609,陽明,44,30,14,國票-敦北法人,2023-03-29,0037003700390063
1584,精剛,107,94,13,國票-敦北法人,2023-03-29,0037003700390063
8069,元太,27,15,12,國票-敦北法人,2023-03-29,0037003700390063
1584,精剛,894,54,840,國票-敦北法人,2023-03-30,0037003700390063
00637L,元大滬深300正2,662,158,504,國票-敦北法人,2023-03-30,0037003700390063
2889,國票金,506,20,486,國票-敦北法人,2023-03-30,0037003700390063
2618,長榮航,453,149,304,國票-敦北法人,2023-03-30,0037003700390063
3322,建舜電,551,269,282,國票-敦北法人,2023-03-30,0037003700390063
3231,緯創,447,169,278,國票-敦北法人,2023-03-30,0037003700390063
2482,連宇,264,5,259,國票-敦北法人,2023-03-30,0037003700390063
5876,上海商銀,230,0,230,國票-敦北法人,2023-03-30,0037003700390063
8150,南茂,200,0,200,國票-敦北法人,2023-03-30,0037003700390063
5309,系統電,327,130,197,國票-敦北法人,2023-03-30,0037003700390063
4919,新唐,193,7,186,國票-敦北法人,2023-03-30,0037003700390063
5381,合正,185,0,185,國票-敦北法人,2023-03-30,0037003700390063
3035,智原,276,98,178,國票-敦北法人,2023-03-30,0037003700390063
2103,台橡,173,0,173,國票-敦北法人,2023-03-30,0037003700390063
6235,華孚,195,27,168,國票-敦北法人,2023-03-30,0037003700390063
2049,上銀,152,1,151,國票-敦北法人,2023-03-30,0037003700390063
3702,大聯大,151,0,151,國票-敦北法人,2023-03-30,0037003700390063
1305,華夏,150,0,150,國票-敦北法人,2023-03-30,0037003700390063
3211,順達,136,1,135,國票-敦北法人,2023-03-30,0037003700390063
1102,亞泥,136,6,130,國票-敦北法人,2023-03-30,0037003700390063
3037,欣興,194,65,129,國票-敦北法人,2023-03-30,0037003700390063
2542,興富發,105,0,105,國票-敦北法人,2023-03-30,0037003700390063
5289,宜鼎,152,51,101,國票-敦北法人,2023-03-30,0037003700390063
2892,第一金,100,0,100,國票-敦北法人,2023-03-30,0037003700390063
2313,華通,102,3,99,國票-敦北法人,2023-03-30,0037003700390063
8255,朋程,131,32,99,國票-敦北法人,2023-03-30,0037003700390063
3447,展達,138,47,91,國票-敦北法人,2023-03-30,0037003700390063
8299,群聯,89,0,89,國票-敦北法人,2023-03-30,0037003700390063
2208,台船,102,19,83,國票-敦北法人,2023-03-30,0037003700390063
5388,中磊,91,17,74,國票-敦北法人,2023-03-30,0037003700390063
5871,中租-KY,80,18,62,國票-敦北法人,2023-03-30,0037003700390063
6239,力成,60,0,60,國票-敦北法人,2023-03-30,0037003700390063
00679B,元大美債20年,59,0,59,國票-敦北法人,2023-03-30,0037003700390063
2105,正新,53,0,53,國票-敦北法人,2023-03-30,0037003700390063
1609,大亞,104,54,50,國票-敦北法人,2023-03-30,0037003700390063
6438,迅得,49,0,49,國票-敦北法人,2023-03-30,0037003700390063
4770,上品,50,1,49,國票-敦北法人,2023-03-30,0037003700390063
5285,界霖,53,9,44,國票-敦北法人,2023-03-30,0037003700390063
8422,可寧衛,37,0,37,國票-敦北法人,2023-03-30,0037003700390063
5351,鈺創,51,16,35,國票-敦北法人,2023-03-30,0037003700390063
2308,台達電,40,10,30,國票-敦北法人,2023-03-30,0037003700390063
3479,安勤,42,12,30,國票-敦北法人,2023-03-30,0037003700390063
00715L,期街口布蘭特正2,30,0,30,國票-敦北法人,2023-03-30,0037003700390063
9910,豐泰,30,0,30,國票-敦北法人,2023-03-30,0037003700390063
5425,台半,30,4,26,國票-敦北法人,2023-03-30,0037003700390063
6806,森崴能源,26,1,25,國票-敦北法人,2023-03-30,0037003700390063
3558,神準,32,8,24,國票-敦北法人,2023-03-30,0037003700390063
2344,華邦電,32,8,24,國票-敦北法人,2023-03-30,0037003700390063
1215,卜蜂,24,0,24,國票-敦北法人,2023-03-30,0037003700390063
2356,英業達,35,11,24,國票-敦北法人,2023-03-30,0037003700390063
2208,台船,665,17,648,國票-敦北法人,2023-03-31,0037003700390063
00637L,元大滬深300正2,635,85,550,國票-敦北法人,2023-03-31,0037003700390063
2408,南亞科,629,89,540,國票-敦北法人,2023-03-31,0037003700390063
3034,聯詠,508,18,490,國票-敦北法人,2023-03-31,0037003700390063
3712,永崴投控,567,77,490,國票-敦北法人,2023-03-31,0037003700390063
3078,僑威,451,31,420,國票-敦北法人,2023-03-31,0037003700390063
1102,亞泥,403,3,400,國票-敦北法人,2023-03-31,0037003700390063
2606,裕民,372,1,371,國票-敦北法人,2023-03-31,0037003700390063
2002,中鋼,318,12,306,國票-敦北法人,2023-03-31,0037003700390063
1210,大成,260,0,260,國票-敦北法人,2023-03-31,0037003700390063
3046,建��,273,22,251,國票-敦北法人,2023-03-31,0037003700390063
2344,華邦電,610,371,239,國票-敦北法人,2023-03-31,0037003700390063
2382,廣達,223,33,190,國票-敦北法人,2023-03-31,0037003700390063
3211,順達,153,0,153,國票-敦北法人,2023-03-31,0037003700390063
2889,國票金,150,3,147,國票-敦北法人,2023-03-31,0037003700390063
4164,承業醫,202,55,147,國票-敦北法人,2023-03-31,0037003700390063
006208,富邦台50,145,0,145,國票-敦北法人,2023-03-31,0037003700390063
2354,鴻準,110,1,109,國票-敦北法人,2023-03-31,0037003700390063
1785,光洋科,103,0,103,國票-敦北法人,2023-03-31,0037003700390063
1215,卜蜂,102,0,102,國票-敦北法人,2023-03-31,0037003700390063
2393,億光,106,15,91,國票-敦北法人,2023-03-31,0037003700390063
4938,和碩,84,9,75,國票-敦北法人,2023-03-31,0037003700390063
8070,長華*,125,55,70,國票-敦北法人,2023-03-31,0037003700390063
8299,群聯,62,4,58,國票-敦北法人,2023-03-31,0037003700390063
8436,大江,51,1,50,國票-敦北法人,2023-03-31,0037003700390063
2542,興富發,50,0,50,國票-敦北法人,2023-03-31,0037003700390063
4114,健喬,58,9,49,國票-敦北法人,2023-03-31,0037003700390063
8086,宏捷科,101,52,49,國票-敦北法人,2023-03-31,0037003700390063
2022,聚亨,40,0,40,國票-敦北法人,2023-03-31,0037003700390063
6531,愛普*,41,3,38,國票-敦北法人,2023-03-31,0037003700390063
6133,金橋,30,0,30,國票-敦北法人,2023-03-31,0037003700390063
2352,佳世達,46,16,30,國票-敦北法人,2023-03-31,0037003700390063
8277,商丞,29,0,29,國票-敦北法人,2023-03-31,0037003700390063
3680,家登,27,0,27,國票-敦北法人,2023-03-31,0037003700390063
2701,萬企,27,0,27,國票-敦北法人,2023-03-31,0037003700390063
4919,新唐,40,13,27,國票-敦北法人,2023-03-31,0037003700390063
1477,聚陽,25,0,25,國票-敦北法人,2023-03-31,0037003700390063
2723,美食-KY,44,23,21,國票-敦北法人,2023-03-31,0037003700390063
3594,磐儀,22,1,21,國票-敦北法人,2023-03-31,0037003700390063
3011,今皓,20,0,20,國票-敦北法人,2023-03-31,0037003700390063
2438,翔耀,35,15,20,國票-敦北法人,2023-03-31,0037003700390063
2412,中華電,20,0,20,國票-敦北法人,2023-03-31,0037003700390063
3518,柏騰,20,0,20,國票-敦北法人,2023-03-31,0037003700390063
2888,新光金,20,0,20,國票-敦北法人,2023-03-31,0037003700390063
3162,精確,24,4,20,國票-敦北法人,2023-03-31,0037003700390063
1447,力鵬,20,0,20,國票-敦北法人,2023-03-31,0037003700390063
0050,元大台灣50,20,0,20,國票-敦北法人,2023-03-31,0037003700390063
1560,中砂,34,15,19,國票-敦北法人,2023-03-31,0037003700390063
8046,南電,39,20,19,國票-敦北法人,2023-03-31,0037003700390063
00664R,國泰臺灣加權反1,18,0,18,國票-敦北法人,2023-03-31,0037003700390063
1609,大亞,514,25,489,國票-敦北法人,2023-04-06,0037003700390063
4968,立積,406,8,398,國票-敦北法人,2023-04-06,0037003700390063
2382,廣達,340,36,304,國票-敦北法人,2023-04-06,0037003700390063
2606,裕民,326,56,270,國票-敦北法人,2023-04-06,0037003700390063
1301,台塑,253,0,253,國票-敦北法人,2023-04-06,0037003700390063
5388,中磊,267,40,227,國票-敦北法人,2023-04-06,0037003700390063
2535,達欣工,208,0,208,國票-敦北法人,2023-04-06,0037003700390063
3712,永崴投控,200,0,200,國票-敦北法人,2023-04-06,0037003700390063
6414,樺漢,239,40,199,國票-敦北法人,2023-04-06,0037003700390063
2102,泰豐,160,0,160,國票-敦北法人,2023-04-06,0037003700390063
3211,順達,152,10,142,國票-敦北法人,2023-04-06,0037003700390063
2317,鴻海,115,5,110,國票-敦北法人,2023-04-06,0037003700390063
00878,國泰永續高股息,105,0,105,國票-敦北法人,2023-04-06,0037003700390063
6285,啟��,105,2,103,國票-敦北法人,2023-04-06,0037003700390063
2002,中鋼,164,63,101,國票-敦北法人,2023-04-06,0037003700390063
4770,上品,100,0,100,國票-敦北法人,2023-04-06,0037003700390063
1762,中化生,106,7,99,國票-敦北法人,2023-04-06,0037003700390063
5289,宜鼎,104,5,99,國票-敦北法人,2023-04-06,0037003700390063
3624,光頡,79,1,78,國票-敦北法人,2023-04-06,0037003700390063
3078,僑威,113,46,67,國票-敦北法人,2023-04-06,0037003700390063
6589,台康生技,105,46,59,國票-敦北法人,2023-04-06,0037003700390063
0056,元大高股息,53,0,53,國票-敦北法人,2023-04-06,0037003700390063
6417,韋僑,57,7,50,國票-敦北法人,2023-04-06,0037003700390063
2897,王道銀行,50,0,50,國票-敦北法人,2023-04-06,0037003700390063
2301,光寶科,50,0,50,國票-敦北法人,2023-04-06,0037003700390063
6129,普誠,43,0,43,國票-敦北法人,2023-04-06,0037003700390063
5222,全訊,39,1,38,國票-敦北法人,2023-04-06,0037003700390063
8299,群聯,59,22,37,國票-敦北法人,2023-04-06,0037003700390063
3023,信邦,36,0,36,國票-敦北法人,2023-04-06,0037003700390063
2609,陽明,69,36,33,國票-敦北法人,2023-04-06,0037003700390063
3037,欣興,179,146,33,國票-敦北法人,2023-04-06,0037003700390063
1584,精剛,52,21,31,國票-敦北法人,2023-04-06,0037003700390063
00715L,期街口布蘭特正2,237,207,30,國票-敦北法人,2023-04-06,0037003700390063
1313,聯成,30,0,30,國票-敦北法人,2023-04-06,0037003700390063
8936,國統,32,2,30,國票-敦北法人,2023-04-06,0037003700390063
1795,美時,86,57,29,國票-敦北法人,2023-04-06,0037003700390063
9802,鈺齊-KY,27,0,27,國票-敦北法人,2023-04-06,0037003700390063
2208,台船,103,77,26,國票-敦北法人,2023-04-06,0037003700390063
00772B,中信高評級公司債,25,0,25,國票-敦北法人,2023-04-06,0037003700390063
2707,晶華,24,0,24,國票-敦北法人,2023-04-06,0037003700390063
2454,聯發科,49,27,22,國票-敦北法人,2023-04-06,0037003700390063
2889,國票金,79,58,21,國票-敦北法人,2023-04-06,0037003700390063
3004,豐達科,33,12,21,國票-敦北法人,2023-04-06,0037003700390063
1447,力鵬,20,0,20,國票-敦北法人,2023-04-06,0037003700390063
2308,台達電,48,28,20,國票-敦北法人,2023-04-06,0037003700390063
1309,台達化,20,0,20,國票-敦北法人,2023-04-06,0037003700390063
00637L,元大滬深300正2,23,3,20,國票-敦北法人,2023-04-06,0037003700390063
3413,京鼎,20,0,20,國票-敦北法人,2023-04-06,0037003700390063
4566,時碩工業,19,0,19,國票-敦北法人,2023-04-06,0037003700390063
3443,創意,21,4,17,國票-敦北法人,2023-04-06,0037003700390063
1513,中興電,1330,32,1298,國票-敦北法人,2023-04-07,0037003700390063
2344,華邦電,1079,121,958,國票-敦北法人,2023-04-07,0037003700390063
2360,致茂,666,0,666,國票-敦北法人,2023-04-07,0037003700390063
4967,十銓,661,24,637,國票-敦北法人,2023-04-07,0037003700390063
2606,裕民,570,6,564,國票-敦北法人,2023-04-07,0037003700390063
00712,復華富時不動產,334,0,334,國票-敦北法人,2023-04-07,0037003700390063
1216,統一,250,0,250,國票-敦北法人,2023-04-07,0037003700390063
2408,南亞科,348,101,247,國票-敦北法人,2023-04-07,0037003700390063
2535,達欣工,219,0,219,國票-敦北法人,2023-04-07,0037003700390063
2884,玉山金,171,0,171,國票-敦北法人,2023-04-07,0037003700390063
1795,美時,275,118,157,國票-敦北法人,2023-04-07,0037003700390063
3491,昇達科,168,38,130,國票-敦北法人,2023-04-07,0037003700390063
4968,立積,379,263,116,國票-敦北法人,2023-04-07,0037003700390063
3545,敦泰,121,10,111,國票-敦北法人,2023-04-07,0037003700390063
1402,遠東新,110,0,110,國票-敦北法人,2023-04-07,0037003700390063
8299,群聯,119,18,101,國票-敦北法人,2023-04-07,0037003700390063
1762,中化生,101,0,101,國票-敦北法人,2023-04-07,0037003700390063
2308,台達電,112,12,100,國票-敦北法人,2023-04-07,0037003700390063
2317,鴻海,100,1,99,國票-敦北法人,2023-04-07,0037003700390063
6548,長科*,271,192,79,國票-敦北法人,2023-04-07,0037003700390063
4763,材料-KY,73,3,70,國票-敦北法人,2023-04-07,0037003700390063
4977,眾達-KY,94,30,64,國票-敦北法人,2023-04-07,0037003700390063
3034,聯詠,68,6,62,國票-敦北法人,2023-04-07,0037003700390063
5381,合正,60,0,60,國票-敦北法人,2023-04-07,0037003700390063
6266,泰詠,58,11,47,國票-敦北法人,2023-04-07,0037003700390063
2101,南港,55,8,47,國票-敦北法人,2023-04-07,0037003700390063
8150,南茂,69,28,41,國票-敦北法人,2023-04-07,0037003700390063
6732,昇佳電子,39,0,39,國票-敦北法人,2023-04-07,0037003700390063
2867,三商壽,135,100,35,國票-敦北法人,2023-04-07,0037003700390063
4966,譜瑞-KY,39,5,34,國票-敦北法人,2023-04-07,0037003700390063
6235,華孚,511,479,32,國票-敦北法人,2023-04-07,0037003700390063
00907,永豐優息存股,35,3,32,國票-敦北法人,2023-04-07,0037003700390063
00671R,富邦NASDAQ反1,30,0,30,國票-敦北法人,2023-04-07,0037003700390063
3218,大學光,30,0,30,國票-敦北法人,2023-04-07,0037003700390063
6244,茂迪,84,58,26,國票-敦北法人,2023-04-07,0037003700390063
00878,國泰永續高股息,24,0,24,國票-敦北法人,2023-04-07,0037003700390063
1504,東元,41,21,20,國票-敦北法人,2023-04-07,0037003700390063
6005,群益證,20,0,20,國票-敦北法人,2023-04-07,0037003700390063
3024,憶聲,20,0,20,國票-敦北法人,2023-04-07,0037003700390063
6782,視陽,20,1,19,國票-敦北法人,2023-04-07,0037003700390063
9962,有益,18,0,18,國票-敦北法人,2023-04-07,0037003700390063
2206,三陽工業,22,4,18,國票-敦北法人,2023-04-07,0037003700390063
8222,寶一,27,11,16,國票-敦北法人,2023-04-07,0037003700390063
6515,穎崴,17,2,15,國票-敦北法人,2023-04-07,0037003700390063
2454,聯發科,68,54,14,國票-敦北法人,2023-04-07,0037003700390063
2883,凱基金,16,2,14,國票-敦北法人,2023-04-07,0037003700390063
2455,全新,14,0,14,國票-敦北法人,2023-04-07,0037003700390063
1519,華城,31,19,12,國票-敦北法人,2023-04-07,0037003700390063
6143,振曜,15,4,11,國票-敦北法人,2023-04-07,0037003700390063
4564,元翎,11,0,11,國票-敦北法人,2023-04-07,0037003700390063
2313,華通,2588,2,2586,國票-敦北法人,2023-04-10,0037003700390063
2891,中信金,1201,0,1201,國票-敦北法人,2023-04-10,0037003700390063
3231,緯創,1347,660,687,國票-敦北法人,2023-04-10,0037003700390063
2497,怡利電,402,10,392,國票-敦北法人,2023-04-10,0037003700390063
8069,元太,501,125,376,國票-敦北法人,2023-04-10,0037003700390063
4919,新唐,374,1,373,國票-敦北法人,2023-04-10,0037003700390063
1513,中興電,417,78,339,國票-敦北法人,2023-04-10,0037003700390063
4967,十銓,510,209,301,國票-敦北法人,2023-04-10,0037003700390063
00637L,元大滬深300正2,267,6,261,國票-敦北法人,2023-04-10,0037003700390063
2535,達欣工,227,2,225,國票-敦北法人,2023-04-10,0037003700390063
2002,中鋼,226,24,202,國票-敦北法人,2023-04-10,0037003700390063
5534,長虹,200,0,200,國票-敦北法人,2023-04-10,0037003700390063
5425,台半,213,23,190,國票-敦北法人,2023-04-10,0037003700390063
1503,士電,231,42,189,國票-敦北法人,2023-04-10,0037003700390063
4904,遠傳,160,0,160,國票-敦北法人,2023-04-10,0037003700390063
2327,國巨,153,6,147,國票-敦北法人,2023-04-10,0037003700390063
2344,華邦電,465,332,133,國票-敦北法人,2023-04-10,0037003700390063
8150,南茂,158,28,130,國票-敦北法人,2023-04-10,0037003700390063
1101,台泥,141,12,129,國票-敦北法人,2023-04-10,0037003700390063
6274,台燿,125,3,122,國票-敦北法人,2023-04-10,0037003700390063
3025,星通,110,5,105,國票-敦北法人,2023-04-10,0037003700390063
3293,鈊象,100,0,100,國票-敦北法人,2023-04-10,0037003700390063
2382,廣達,110,12,98,國票-敦北法人,2023-04-10,0037003700390063
2349,錸德,100,2,98,國票-敦北法人,2023-04-10,0037003700390063
3363,上詮,100,6,94,國票-敦北法人,2023-04-10,0037003700390063
2368,金像電,100,15,85,國票-敦北法人,2023-04-10,0037003700390063
2049,上銀,85,7,78,國票-敦北法人,2023-04-10,0037003700390063
2457,飛宏,103,31,72,國票-敦北法人,2023-04-10,0037003700390063
6235,華孚,117,56,61,國票-敦北法人,2023-04-10,0037003700390063
1609,大亞,267,212,55,國票-敦北法人,2023-04-10,0037003700390063
5009,榮剛,83,32,51,國票-敦北法人,2023-04-10,0037003700390063
4190,佐登-KY,56,5,51,國票-敦北法人,2023-04-10,0037003700390063
6138,茂達,67,17,50,國票-敦北法人,2023-04-10,0037003700390063
6414,樺漢,50,0,50,國票-敦北法人,2023-04-10,0037003700390063
3017,奇鋐,101,51,50,國票-敦北法人,2023-04-10,0037003700390063
3322,建舜電,49,0,49,國票-敦北法人,2023-04-10,0037003700390063
6669,緯穎,51,2,49,國票-敦北法人,2023-04-10,0037003700390063
3441,聯一光,65,18,47,國票-敦北法人,2023-04-10,0037003700390063
6446,藥華藥,45,2,43,國票-敦北法人,2023-04-10,0037003700390063
3443,創意,63,27,36,國票-敦北法人,2023-04-10,0037003700390063
1474,弘裕,35,0,35,國票-敦北法人,2023-04-10,0037003700390063
5222,全訊,99,74,25,國票-敦北法人,2023-04-10,0037003700390063
6163,華電網,75,54,21,國票-敦北法人,2023-04-10,0037003700390063
9938,百和,20,0,20,國票-敦北法人,2023-04-10,0037003700390063
5347,世界,20,0,20,國票-敦北法人,2023-04-10,0037003700390063
2351,順德,30,10,20,國票-敦北法人,2023-04-10,0037003700390063
6859,伯特光,19,0,19,國票-敦北法人,2023-04-10,0037003700390063
3034,聯詠,26,7,19,國票-敦北法人,2023-04-10,0037003700390063
3037,欣興,33,16,17,國票-敦北法人,2023-04-10,0037003700390063
00679B,元大美債20年,82,66,16,國票-敦北法人,2023-04-10,0037003700390063
5388,中磊,1904,31,1873,國票-敦北法人,2023-04-11,0037003700390063
6274,台燿,1277,0,1277,國票-敦北法人,2023-04-11,0037003700390063
2313,華通,1159,45,1114,國票-敦北法人,2023-04-11,0037003700390063
2801,彰銀,665,0,665,國票-敦北法人,2023-04-11,0037003700390063
6282,康舒,528,3,525,國票-敦北法人,2023-04-11,0037003700390063
3025,星通,402,0,402,國票-敦北法人,2023-04-11,0037003700390063
6235,華孚,533,162,371,國票-敦北法人,2023-04-11,0037003700390063
1762,中化生,337,29,308,國票-敦北法人,2023-04-11,0037003700390063
4938,和碩,301,2,299,國票-敦北法人,2023-04-11,0037003700390063
2388,威盛,276,0,276,國票-敦北法人,2023-04-11,0037003700390063
2301,光寶科,250,0,250,國票-敦北法人,2023-04-11,0037003700390063
2535,達欣工,239,8,231,國票-敦北法人,2023-04-11,0037003700390063
3363,上詮,166,11,155,國票-敦北法人,2023-04-11,0037003700390063
5289,宜鼎,161,10,151,國票-敦北法人,2023-04-11,0037003700390063
8069,元太,181,31,150,國票-敦北法人,2023-04-11,0037003700390063
2002,中鋼,150,3,147,國票-敦北法人,2023-04-11,0037003700390063
8150,南茂,131,1,130,國票-敦北法人,2023-04-11,0037003700390063
5871,中租-KY,121,1,120,國票-敦北法人,2023-04-11,0037003700390063
2442,新美齊,110,0,110,國票-敦北法人,2023-04-11,0037003700390063
3044,健鼎,174,65,109,國票-敦北法人,2023-04-11,0037003700390063
3035,智原,160,55,105,國票-敦北法人,2023-04-11,0037003700390063
0050,元大台灣50,100,0,100,國票-敦北法人,2023-04-11,0037003700390063
2049,上銀,109,10,99,國票-敦北法人,2023-04-11,0037003700390063
4966,譜瑞-KY,91,3,88,國票-敦北法人,2023-04-11,0037003700390063
6782,視陽,73,0,73,國票-敦北法人,2023-04-11,0037003700390063
2382,廣達,65,1,64,國票-敦北法人,2023-04-11,0037003700390063
3324,雙鴻,72,10,62,國票-敦北法人,2023-04-11,0037003700390063
1504,東元,119,64,55,國票-敦北法人,2023-04-11,0037003700390063
2888,新光金,63,9,54,國票-敦北法人,2023-04-11,0037003700390063
3034,聯詠,54,2,52,國票-敦北法人,2023-04-11,0037003700390063
3056,富華新,50,0,50,國票-敦北法人,2023-04-11,0037003700390063
3017,奇鋐,150,101,49,國票-敦北法人,2023-04-11,0037003700390063
6163,華電網,81,35,46,國票-敦北法人,2023-04-11,0037003700390063
6116,彩晶,45,0,45,國票-敦北法人,2023-04-11,0037003700390063
6578,達邦蛋白,40,2,38,國票-敦北法人,2023-04-11,0037003700390063
2867,三商壽,47,10,37,國票-敦北法人,2023-04-11,0037003700390063
3037,欣興,43,7,36,國票-敦北法人,2023-04-11,0037003700390063
2059,川湖,35,0,35,國票-敦北法人,2023-04-11,0037003700390063
1584,精剛,66,31,35,國票-敦北法人,2023-04-11,0037003700390063
4190,佐登-KY,61,30,31,國票-敦北法人,2023-04-11,0037003700390063
6732,昇佳電子,30,0,30,國票-敦北法人,2023-04-11,0037003700390063
5905,南仁湖,30,0,30,國票-敦北法人,2023-04-11,0037003700390063
2731,雄獅,37,7,30,國票-敦北法人,2023-04-11,0037003700390063
5469,瀚宇博,30,2,28,國票-敦北法人,2023-04-11,0037003700390063
8222,寶一,98,70,28,國票-敦北法人,2023-04-11,0037003700390063
5269,祥碩,28,0,28,國票-敦北法人,2023-04-11,0037003700390063
5222,全訊,58,31,27,國票-敦北法人,2023-04-11,0037003700390063
2371,大同,30,3,27,國票-敦北法人,2023-04-11,0037003700390063
4164,承業醫,44,18,26,國票-敦北法人,2023-04-11,0037003700390063
6863,永道-KY,29,3,26,國票-敦北法人,2023-04-11,0037003700390063
3231,緯創,2914,1088,1826,國票-敦北法人,2023-04-12,0037003700390063
2382,廣達,1450,1,1449,國票-敦北法人,2023-04-12,0037003700390063
1513,中興電,2516,1422,1094,國票-敦北法人,2023-04-12,0037003700390063
00673R,期元大S＆P原油反1,940,0,940,國票-敦北法人,2023-04-12,0037003700390063
5009,榮剛,840,26,814,國票-敦北法人,2023-04-12,0037003700390063
3169,亞信,662,16,646,國票-敦北法人,2023-04-12,0037003700390063
2457,飛宏,570,19,551,國票-敦北法人,2023-04-12,0037003700390063
4129,聯合,467,2,465,國票-敦北法人,2023-04-12,0037003700390063
3363,上詮,403,14,389,國票-敦北法人,2023-04-12,0037003700390063
2515,中工,328,64,264,國票-敦北法人,2023-04-12,0037003700390063
2535,達欣工,255,0,255,國票-敦北法人,2023-04-12,0037003700390063
3481,群創,496,245,251,國票-敦北法人,2023-04-12,0037003700390063
2247,汎德永業,222,0,222,國票-敦北法人,2023-04-12,0037003700390063
00713,元大台灣高息低波,202,3,199,國票-敦北法人,2023-04-12,0037003700390063
2634,漢翔,307,133,174,國票-敦北法人,2023-04-12,0037003700390063
2614,東森,117,2,115,國票-敦北法人,2023-04-12,0037003700390063
2344,華邦電,441,345,96,國票-敦北法人,2023-04-12,0037003700390063
8936,國統,100,11,89,國票-敦北法人,2023-04-12,0037003700390063
1584,精剛,143,55,88,國票-敦北法人,2023-04-12,0037003700390063
6782,視陽,89,2,87,國票-敦北法人,2023-04-12,0037003700390063
3624,光頡,181,99,82,國票-敦北法人,2023-04-12,0037003700390063
5381,合正,80,0,80,國票-敦北法人,2023-04-12,0037003700390063
3443,創意,104,28,76,國票-敦北法人,2023-04-12,0037003700390063
6235,華孚,307,235,72,國票-敦北法人,2023-04-12,0037003700390063
3092,鴻碩,67,0,67,國票-敦北法人,2023-04-12,0037003700390063
6806,森崴能源,213,147,66,國票-敦北法人,2023-04-12,0037003700390063
4967,十銓,506,446,60,國票-敦北法人,2023-04-12,0037003700390063
3576,聯合再生,65,5,60,國票-敦北法人,2023-04-12,0037003700390063
3260,威剛,55,0,55,國票-敦北法人,2023-04-12,0037003700390063
4168,醣聯,54,0,54,國票-敦北法人,2023-04-12,0037003700390063
2408,南亞科,133,82,51,國票-敦北法人,2023-04-12,0037003700390063
00676R,富邦臺灣加權反1,50,0,50,國票-敦北法人,2023-04-12,0037003700390063
00637L,元大滬深300正2,52,3,49,國票-敦北法人,2023-04-12,0037003700390063
9958,世紀鋼,109,60,49,國票-敦北法人,2023-04-12,0037003700390063
6477,安集,66,18,48,國票-敦北法人,2023-04-12,0037003700390063
4968,立積,56,9,47,國票-敦北法人,2023-04-12,0037003700390063
3006,晶豪科,70,26,44,國票-敦北法人,2023-04-12,0037003700390063
5269,祥碩,41,1,40,國票-敦北法人,2023-04-12,0037003700390063
6485,點序,40,2,38,國票-敦北法人,2023-04-12,0037003700390063
3017,奇鋐,40,3,37,國票-敦北法人,2023-04-12,0037003700390063
6274,台燿,35,1,34,國票-敦北法人,2023-04-12,0037003700390063
3056,富華新,56,23,33,國票-敦北法人,2023-04-12,0037003700390063
4961,天鈺,90,60,30,國票-敦北法人,2023-04-12,0037003700390063
5371,中光電,30,0,30,國票-敦北法人,2023-04-12,0037003700390063
3686,達能,30,0,30,國票-敦北法人,2023-04-12,0037003700390063
2356,英業達,27,0,27,國票-敦北法人,2023-04-12,0037003700390063
2428,興勤,29,2,27,國票-敦北法人,2023-04-12,0037003700390063
4763,材料-KY,29,4,25,國票-敦北法人,2023-04-12,0037003700390063
5289,宜鼎,35,10,25,國票-敦北法人,2023-04-12,0037003700390063
2867,三商壽,30,5,25,國票-敦北法人,2023-04-12,0037003700390063
1513,中興電,1146,517,629,國票-敦北法人,2023-04-13,0037003700390063
1584,精剛,766,225,541,國票-敦北法人,2023-04-13,0037003700390063
3289,宜特,423,6,417,國票-敦北法人,2023-04-13,0037003700390063
2457,飛宏,678,302,376,國票-敦北法人,2023-04-13,0037003700390063
2535,達欣工,338,0,338,國票-敦北法人,2023-04-13,0037003700390063
2247,汎德永業,295,60,235,國票-敦北法人,2023-04-13,0037003700390063
3322,建舜電,208,0,208,國票-敦北法人,2023-04-13,0037003700390063
8261,富鼎,212,11,201,國票-敦北法人,2023-04-13,0037003700390063
2515,中工,301,103,198,國票-敦北法人,2023-04-13,0037003700390063
3011,今皓,243,46,197,國票-敦北法人,2023-04-13,0037003700390063
00637L,元大滬深300正2,184,23,161,國票-敦北法人,2023-04-13,0037003700390063
2382,廣達,148,1,147,國票-敦北法人,2023-04-13,0037003700390063
3712,永崴投控,150,6,144,國票-敦北法人,2023-04-13,0037003700390063
3711,日月光投控,186,63,123,國票-敦北法人,2023-04-13,0037003700390063
2413,環科,133,19,114,國票-敦北法人,2023-04-13,0037003700390063
2368,金像電,100,0,100,國票-敦北法人,2023-04-13,0037003700390063
2102,泰豐,100,0,100,國票-敦北法人,2023-04-13,0037003700390063
9942,茂順,102,5,97,國票-敦北法人,2023-04-13,0037003700390063
1609,大亞,546,449,97,國票-敦北法人,2023-04-13,0037003700390063
4147,中裕,147,51,96,國票-敦北法人,2023-04-13,0037003700390063
2002,中鋼,104,15,89,國票-敦北法人,2023-04-13,0037003700390063
1504,東元,341,270,71,國票-敦北法人,2023-04-13,0037003700390063
5215,科嘉-KY,66,0,66,國票-敦北法人,2023-04-13,0037003700390063
4770,上品,60,0,60,國票-敦北法人,2023-04-13,0037003700390063
2367,燿華,55,0,55,國票-敦北法人,2023-04-13,0037003700390063
6244,茂迪,188,134,54,國票-敦北法人,2023-04-13,0037003700390063
2883,凱基金,64,11,53,國票-敦北法人,2023-04-13,0037003700390063
00679B,元大美債20年,53,1,52,國票-敦北法人,2023-04-13,0037003700390063
2887,台新金,52,0,52,國票-敦北法人,2023-04-13,0037003700390063
2357,華碩,51,0,51,國票-敦北法人,2023-04-13,0037003700390063
3045,台灣大,50,0,50,國票-敦北法人,2023-04-13,0037003700390063
2402,毅嘉,132,83,49,國票-敦北法人,2023-04-13,0037003700390063
3169,亞信,258,210,48,國票-敦北法人,2023-04-13,0037003700390063
2356,英業達,46,2,44,國票-敦北法人,2023-04-13,0037003700390063
3529,力旺,44,1,43,國票-敦北法人,2023-04-13,0037003700390063
2890,永豐金,45,3,42,國票-敦北法人,2023-04-13,0037003700390063
1605,華新,288,247,41,國票-敦北法人,2023-04-13,0037003700390063
7402,邑錡,49,10,39,國票-敦北法人,2023-04-13,0037003700390063
4572,駐龍,97,60,37,國票-敦北法人,2023-04-13,0037003700390063
3363,上詮,46,10,36,國票-敦北法人,2023-04-13,0037003700390063
00878,國泰永續高股息,57,21,36,國票-敦北法人,2023-04-13,0037003700390063
2801,彰銀,36,0,36,國票-敦北法人,2023-04-13,0037003700390063
1752,南光,52,17,35,國票-敦北法人,2023-04-13,0037003700390063
2408,南亞科,198,164,34,國票-敦北法人,2023-04-13,0037003700390063
2609,陽明,61,27,34,國票-敦北法人,2023-04-13,0037003700390063
2885,元大金,62,29,33,國票-敦北法人,2023-04-13,0037003700390063
8383,千附,56,24,32,國票-敦北法人,2023-04-13,0037003700390063
6806,森崴能源,174,144,30,國票-敦北法人,2023-04-13,0037003700390063
3338,泰碩,30,0,30,國票-敦北法人,2023-04-13,0037003700390063
9105,泰金寶-DR,30,0,30,國票-敦北法人,2023-04-13,0037003700390063
1503,士電,831,153,678,國票-敦北法人,2023-04-14,0037003700390063
00673R,期元大S＆P原油反1,600,0,600,國票-敦北法人,2023-04-14,0037003700390063
4967,十銓,607,147,460,國票-敦北法人,2023-04-14,0037003700390063
1752,南光,422,38,384,國票-敦北法人,2023-04-14,0037003700390063
2457,飛宏,563,214,349,國票-敦北法人,2023-04-14,0037003700390063
2535,達欣工,332,0,332,國票-敦北法人,2023-04-14,0037003700390063
1513,中興電,729,401,328,國票-敦北法人,2023-04-14,0037003700390063
2645,長榮航太,321,20,301,國票-敦北法人,2023-04-14,0037003700390063
6239,力成,255,5,250,國票-敦北法人,2023-04-14,0037003700390063
3006,晶豪科,339,115,224,國票-敦北法人,2023-04-14,0037003700390063
00713,元大台灣高息低波,213,22,191,國票-敦北法人,2023-04-14,0037003700390063
1609,大亞,432,284,148,國票-敦北法人,2023-04-14,0037003700390063
3701,大眾控,120,2,118,國票-敦北法人,2023-04-14,0037003700390063
3624,光頡,152,35,117,國票-敦北法人,2023-04-14,0037003700390063
2515,中工,1141,1038,103,國票-敦北法人,2023-04-14,0037003700390063
6446,藥華藥,104,2,102,國票-敦北法人,2023-04-14,0037003700390063
2308,台達電,109,8,101,國票-敦北法人,2023-04-14,0037003700390063
4968,立積,180,81,99,國票-敦北法人,2023-04-14,0037003700390063
4919,新唐,82,1,81,國票-敦北法人,2023-04-14,0037003700390063
8016,矽創,83,4,79,國票-敦北法人,2023-04-14,0037003700390063
6782,視陽,87,12,75,國票-敦北法人,2023-04-14,0037003700390063
3289,宜特,131,57,74,國票-敦北法人,2023-04-14,0037003700390063
2102,泰豐,71,0,71,國票-敦北法人,2023-04-14,0037003700390063
1618,合機,79,13,66,國票-敦北法人,2023-04-14,0037003700390063
5876,上海商銀,64,0,64,國票-敦北法人,2023-04-14,0037003700390063
2402,毅嘉,153,89,64,國票-敦北法人,2023-04-14,0037003700390063
6274,台燿,63,0,63,國票-敦北法人,2023-04-14,0037003700390063
3049,精金,71,9,62,國票-敦北法人,2023-04-14,0037003700390063
2338,光罩,65,5,60,國票-敦北法人,2023-04-14,0037003700390063
8996,高力,60,3,57,國票-敦北法人,2023-04-14,0037003700390063
2313,華通,55,0,55,國票-敦北法人,2023-04-14,0037003700390063
2368,金像電,56,5,51,國票-敦北法人,2023-04-14,0037003700390063
1101,台泥,96,48,48,國票-敦北法人,2023-04-14,0037003700390063
3037,欣興,83,38,45,國票-敦北法人,2023-04-14,0037003700390063
6485,點序,47,8,39,國票-敦北法人,2023-04-14,0037003700390063
2201,裕隆,179,142,37,國票-敦北法人,2023-04-14,0037003700390063
2352,佳世達,61,24,37,國票-敦北法人,2023-04-14,0037003700390063
2913,農林,41,5,36,國票-敦北法人,2023-04-14,0037003700390063
2027,大成鋼,57,21,36,國票-敦北法人,2023-04-14,0037003700390063
1810,和成,36,0,36,國票-敦北法人,2023-04-14,0037003700390063
1504,東元,339,307,32,國票-敦北法人,2023-04-14,0037003700390063
3479,安勤,52,20,32,國票-敦北法人,2023-04-14,0037003700390063
2101,南港,30,0,30,國票-敦北法人,2023-04-14,0037003700390063
5202,力新,30,0,30,國票-敦北法人,2023-04-14,0037003700390063
6781,AES-KY,32,2,30,國票-敦北法人,2023-04-14,0037003700390063
9945,潤泰新,34,5,29,國票-敦北法人,2023-04-14,0037003700390063
2707,晶華,79,50,29,國票-敦北法人,2023-04-14,0037003700390063
2247,汎德永業,31,3,28,國票-敦北法人,2023-04-14,0037003700390063
7402,邑錡,28,2,26,國票-敦北法人,2023-04-14,0037003700390063
8940,新天地,25,0,25,國票-敦北法人,2023-04-14,0037003700390063
2801,彰銀,875,0,875,國票-敦北法人,2023-04-17,0037003700390063
3231,緯創,774,79,695,國票-敦北法人,2023-04-17,0037003700390063
1514,亞力,664,14,650,國票-敦北法人,2023-04-17,0037003700390063
2413,環科,652,163,489,國票-敦北法人,2023-04-17,0037003700390063
4938,和碩,375,28,347,國票-敦北法人,2023-04-17,0037003700390063
2412,中華電,300,0,300,國票-敦北法人,2023-04-17,0037003700390063
2535,達欣工,287,1,286,國票-敦北法人,2023-04-17,0037003700390063
4755,三福化,271,1,270,國票-敦北法人,2023-04-17,0037003700390063
2204,中華,220,9,211,國票-敦北法人,2023-04-17,0037003700390063
6806,森崴能源,291,82,209,國票-敦北法人,2023-04-17,0037003700390063
3046,建��,200,1,199,國票-敦北法人,2023-04-17,0037003700390063
2421,建準,190,0,190,國票-敦北法人,2023-04-17,0037003700390063
2308,台達電,284,107,177,國票-敦北法人,2023-04-17,0037003700390063
4904,遠傳,165,0,165,國票-敦北法人,2023-04-17,0037003700390063
1605,華新,506,352,154,國票-敦北法人,2023-04-17,0037003700390063
6235,華孚,469,322,147,國票-敦北法人,2023-04-17,0037003700390063
3491,昇達科,116,10,106,國票-敦北法人,2023-04-17,0037003700390063
3702,大聯大,104,3,101,國票-敦北法人,2023-04-17,0037003700390063
5371,中光電,101,10,91,國票-敦北法人,2023-04-17,0037003700390063
4744,皇將,95,14,81,國票-敦北法人,2023-04-17,0037003700390063
6282,康舒,93,17,76,國票-敦北法人,2023-04-17,0037003700390063
2247,汎德永業,74,0,74,國票-敦北法人,2023-04-17,0037003700390063
00715L,期街口布蘭特正2,70,0,70,國票-敦北法人,2023-04-17,0037003700390063
8028,昇陽半導體,86,16,70,國票-敦北法人,2023-04-17,0037003700390063
4919,新唐,70,1,69,國票-敦北法人,2023-04-17,0037003700390063
2312,金寶,61,0,61,國票-敦北法人,2023-04-17,0037003700390063
6438,迅得,55,0,55,國票-敦北法人,2023-04-17,0037003700390063
4541,晟田,118,65,53,國票-敦北法人,2023-04-17,0037003700390063
3548,兆利,72,20,52,國票-敦北法人,2023-04-17,0037003700390063
3703,欣陸,52,0,52,國票-敦北法人,2023-04-17,0037003700390063
2880,華南金,50,1,49,國票-敦北法人,2023-04-17,0037003700390063
2353,宏��,57,11,46,國票-敦北法人,2023-04-17,0037003700390063
2634,漢翔,253,207,46,國票-敦北法人,2023-04-17,0037003700390063
6690,安�硌穈T,46,0,46,國票-敦北法人,2023-04-17,0037003700390063
3011,今皓,50,5,45,國票-敦北法人,2023-04-17,0037003700390063
3374,精材,40,0,40,國票-敦北法人,2023-04-17,0037003700390063
4968,立積,220,181,39,國票-敦北法人,2023-04-17,0037003700390063
2314,台揚,42,5,37,國票-敦北法人,2023-04-17,0037003700390063
3481,群創,480,443,37,國票-敦北法人,2023-04-17,0037003700390063
8150,南茂,36,0,36,國票-敦北法人,2023-04-17,0037003700390063
6505,台塑化,37,1,36,國票-敦北法人,2023-04-17,0037003700390063
3532,台勝科,35,0,35,國票-敦北法人,2023-04-17,0037003700390063
2354,鴻準,33,0,33,國票-敦北法人,2023-04-17,0037003700390063
4746,台耀,34,1,33,國票-敦北法人,2023-04-17,0037003700390063
2201,裕隆,167,134,33,國票-敦北法人,2023-04-17,0037003700390063
1314,中石化,70,40,30,國票-敦北法人,2023-04-17,0037003700390063
4121,優盛,30,0,30,國票-敦北法人,2023-04-17,0037003700390063
2441,超豐,28,0,28,國票-敦北法人,2023-04-17,0037003700390063
1301,台塑,30,2,28,國票-敦北法人,2023-04-17,0037003700390063
4967,十銓,94,67,27,國票-敦北法人,2023-04-17,0037003700390063
2408,南亞科,1044,7,1037,國票-敦北法人,2023-04-18,0037003700390063
2201,裕隆,1187,158,1029,國票-敦北法人,2023-04-18,0037003700390063
00637L,元大滬深300正2,937,75,862,國票-敦北法人,2023-04-18,0037003700390063
2314,台揚,390,17,373,國票-敦北法人,2023-04-18,0037003700390063
1605,華新,661,321,340,國票-敦北法人,2023-04-18,0037003700390063
6235,華孚,530,213,317,國票-敦北法人,2023-04-18,0037003700390063
2002,中鋼,303,0,303,國票-敦北法人,2023-04-18,0037003700390063
2535,達欣工,300,0,300,國票-敦北法人,2023-04-18,0037003700390063
2421,建準,264,51,213,國票-敦北法人,2023-04-18,0037003700390063
4572,駐龍,235,34,201,國票-敦北法人,2023-04-18,0037003700390063
1301,台塑,200,0,200,國票-敦北法人,2023-04-18,0037003700390063
3703,欣陸,216,16,200,國票-敦北法人,2023-04-18,0037003700390063
8086,宏捷科,169,4,165,國票-敦北法人,2023-04-18,0037003700390063
5478,智冠,165,2,163,國票-敦北法人,2023-04-18,0037003700390063
4968,立積,156,14,142,國票-敦北法人,2023-04-18,0037003700390063
2603,長榮,346,226,120,國票-敦北法人,2023-04-18,0037003700390063
3491,昇達科,114,3,111,國票-敦北法人,2023-04-18,0037003700390063
6741,91APP*-KY,111,16,95,國票-敦北法人,2023-04-18,0037003700390063
2368,金像電,110,24,86,國票-敦北法人,2023-04-18,0037003700390063
0056,元大高股息,102,21,81,國票-敦北法人,2023-04-18,0037003700390063
3481,群創,363,284,79,國票-敦北法人,2023-04-18,0037003700390063
4770,上品,68,0,68,國票-敦北法人,2023-04-18,0037003700390063
2247,汎德永業,64,1,63,國票-敦北法人,2023-04-18,0037003700390063
1609,大亞,190,129,61,國票-敦北法人,2023-04-18,0037003700390063
4919,新唐,59,3,56,國票-敦北法人,2023-04-18,0037003700390063
9945,潤泰新,62,9,53,國票-敦北法人,2023-04-18,0037003700390063
1210,大成,52,2,50,國票-敦北法人,2023-04-18,0037003700390063
1504,東元,102,52,50,國票-敦北法人,2023-04-18,0037003700390063
2377,微星,50,0,50,國票-敦北法人,2023-04-18,0037003700390063
2359,所羅門,192,148,44,國票-敦北法人,2023-04-18,0037003700390063
8261,富鼎,44,2,42,國票-敦北法人,2023-04-18,0037003700390063
3374,精材,41,0,41,國票-敦北法人,2023-04-18,0037003700390063
2031,新光鋼,46,6,40,國票-敦北法人,2023-04-18,0037003700390063
1736,喬山,40,0,40,國票-敦北法人,2023-04-18,0037003700390063
3011,今皓,40,2,38,國票-敦北法人,2023-04-18,0037003700390063
4566,時碩工業,60,24,36,國票-敦北法人,2023-04-18,0037003700390063
4147,中裕,63,29,34,國票-敦北法人,2023-04-18,0037003700390063
3363,上詮,65,33,32,國票-敦北法人,2023-04-18,0037003700390063
8046,南電,52,20,32,國票-敦北法人,2023-04-18,0037003700390063
4744,皇將,41,10,31,國票-敦北法人,2023-04-18,0037003700390063
5607,遠雄港,30,0,30,國票-敦北法人,2023-04-18,0037003700390063
3178,公準,31,1,30,國票-敦北法人,2023-04-18,0037003700390063
1810,和成,30,0,30,國票-敦北法人,2023-04-18,0037003700390063
6719,力智,60,31,29,國票-敦北法人,2023-04-18,0037003700390063
2404,漢唐,25,0,25,國票-敦北法人,2023-04-18,0037003700390063
2208,台船,382,357,25,國票-敦北法人,2023-04-18,0037003700390063
4743,合一,25,1,24,國票-敦北法人,2023-04-18,0037003700390063
2748,雲品,86,62,24,國票-敦北法人,2023-04-18,0037003700390063
5215,科嘉-KY,22,0,22,國票-敦北法人,2023-04-18,0037003700390063
3169,亞信,36,15,21,國票-敦北法人,2023-04-18,0037003700390063
2303,聯電,1159,232,927,國票-敦北法人,2023-04-19,0037003700390063
8086,宏捷科,506,0,506,國票-敦北法人,2023-04-19,0037003700390063
2535,達欣工,477,0,477,國票-敦北法人,2023-04-19,0037003700390063
6235,華孚,605,219,386,國票-敦北法人,2023-04-19,0037003700390063
1605,華新,322,6,316,國票-敦北法人,2023-04-19,0037003700390063
6438,迅得,217,2,215,國票-敦北法人,2023-04-19,0037003700390063
6806,森崴能源,304,133,171,國票-敦北法人,2023-04-19,0037003700390063
5478,智冠,171,6,165,國票-敦北法人,2023-04-19,0037003700390063
3711,日月光投控,133,20,113,國票-敦北法人,2023-04-19,0037003700390063
4904,遠傳,109,0,109,國票-敦北法人,2023-04-19,0037003700390063
4968,立積,135,33,102,國票-敦北法人,2023-04-19,0037003700390063
3592,瑞鼎,133,32,101,國票-敦北法人,2023-04-19,0037003700390063
3004,豐達科,114,14,100,國票-敦北法人,2023-04-19,0037003700390063
2495,普安,102,3,99,國票-敦北法人,2023-04-19,0037003700390063
2891,中信金,98,6,92,國票-敦北法人,2023-04-19,0037003700390063
1604,聲寶,89,2,87,國票-敦北法人,2023-04-19,0037003700390063
2883,凱基金,87,1,86,國票-敦北法人,2023-04-19,0037003700390063
2330,台積電,143,59,84,國票-敦北法人,2023-04-19,0037003700390063
3011,今皓,86,3,83,國票-敦北法人,2023-04-19,0037003700390063
2317,鴻海,114,34,80,國票-敦北法人,2023-04-19,0037003700390063
3058,立德,91,12,79,國票-敦北法人,2023-04-19,0037003700390063
2356,英業達,79,4,75,國票-敦北法人,2023-04-19,0037003700390063
2515,中工,296,228,68,國票-敦北法人,2023-04-19,0037003700390063
2002,中鋼,115,49,66,國票-敦北法人,2023-04-19,0037003700390063
2884,玉山金,116,54,62,國票-敦北法人,2023-04-19,0037003700390063
2885,元大金,88,27,61,國票-敦北法人,2023-04-19,0037003700390063
9945,潤泰新,68,8,60,國票-敦北法人,2023-04-19,0037003700390063
2890,永豐金,58,1,57,國票-敦北法人,2023-04-19,0037003700390063
2882,國泰金,92,35,57,國票-敦北法人,2023-04-19,0037003700390063
6192,巨路,54,0,54,國票-敦北法人,2023-04-19,0037003700390063
2382,廣達,59,6,53,國票-敦北法人,2023-04-19,0037003700390063
2880,華南金,52,0,52,國票-敦北法人,2023-04-19,0037003700390063
5880,合庫金,51,0,51,國票-敦北法人,2023-04-19,0037003700390063
2887,台新金,103,52,51,國票-敦北法人,2023-04-19,0037003700390063
1752,南光,121,71,50,國票-敦北法人,2023-04-19,0037003700390063
2892,第一金,55,5,50,國票-敦北法人,2023-04-19,0037003700390063
4755,三福化,50,0,50,國票-敦北法人,2023-04-19,0037003700390063
6712,長聖,53,4,49,國票-敦北法人,2023-04-19,0037003700390063
3576,聯合再生,123,75,48,國票-敦北法人,2023-04-19,0037003700390063
2723,美食-KY,55,8,47,國票-敦北法人,2023-04-19,0037003700390063
3005,神基,55,8,47,國票-敦北法人,2023-04-19,0037003700390063
2610,華航,77,32,45,國票-敦北法人,2023-04-19,0037003700390063
6443,元晶,159,116,43,國票-敦北法人,2023-04-19,0037003700390063
6741,91APP*-KY,90,47,43,國票-敦北法人,2023-04-19,0037003700390063
6163,華電網,123,83,40,國票-敦北法人,2023-04-19,0037003700390063
2634,漢翔,154,115,39,國票-敦北法人,2023-04-19,0037003700390063
2881,富邦金,57,20,37,國票-敦北法人,2023-04-19,0037003700390063
4164,承業醫,51,15,36,國票-敦北法人,2023-04-19,0037003700390063
2204,中華,55,19,36,國票-敦北法人,2023-04-19,0037003700390063
3545,敦泰,62,28,34,國票-敦北法人,2023-04-19,0037003700390063
2303,聯電,1506,0,1506,國票-敦北法人,2023-04-20,0037003700390063
3231,緯創,1008,5,1003,國票-敦北法人,2023-04-20,0037003700390063
2002,中鋼,657,28,629,國票-敦北法人,2023-04-20,0037003700390063
6282,康舒,485,47,438,國票-敦北法人,2023-04-20,0037003700390063
1301,台塑,423,0,423,國票-敦北法人,2023-04-20,0037003700390063
1216,統一,300,0,300,國票-敦北法人,2023-04-20,0037003700390063
1101,台泥,307,7,300,國票-敦北法人,2023-04-20,0037003700390063
2368,金像電,301,26,275,國票-敦北法人,2023-04-20,0037003700390063
1605,華新,288,84,204,國票-敦北法人,2023-04-20,0037003700390063
2204,中華,283,89,194,國票-敦北法人,2023-04-20,0037003700390063
5478,智冠,178,0,178,國票-敦北法人,2023-04-20,0037003700390063
6235,華孚,240,104,136,國票-敦北法人,2023-04-20,0037003700390063
0050,元大台灣50,110,4,106,國票-敦北法人,2023-04-20,0037003700390063
1305,華夏,101,0,101,國票-敦北法人,2023-04-20,0037003700390063
2103,台橡,100,0,100,國票-敦北法人,2023-04-20,0037003700390063
1308,亞聚,103,3,100,國票-敦北法人,2023-04-20,0037003700390063
1604,聲寶,90,0,90,國票-敦北法人,2023-04-20,0037003700390063
8086,宏捷科,106,16,90,國票-敦北法人,2023-04-20,0037003700390063
4938,和碩,80,4,76,國票-敦北法人,2023-04-20,0037003700390063
1722,台肥,68,0,68,國票-敦北法人,2023-04-20,0037003700390063
6690,安�硌穈T,61,1,60,國票-敦北法人,2023-04-20,0037003700390063
2912,統一超,60,0,60,國票-敦北法人,2023-04-20,0037003700390063
4572,駐龍,73,15,58,國票-敦北法人,2023-04-20,0037003700390063
6192,巨路,56,0,56,國票-敦北法人,2023-04-20,0037003700390063
00712,復華富時不動產,56,0,56,國票-敦北法人,2023-04-20,0037003700390063
6244,茂迪,109,54,55,國票-敦北法人,2023-04-20,0037003700390063
1711,永光,53,0,53,國票-敦北法人,2023-04-20,0037003700390063
9938,百和,50,0,50,國票-敦北法人,2023-04-20,0037003700390063
2441,超豐,45,0,45,國票-敦北法人,2023-04-20,0037003700390063
2247,汎德永業,43,0,43,國票-敦北法人,2023-04-20,0037003700390063
5534,長虹,41,0,41,國票-敦北法人,2023-04-20,0037003700390063
6806,森崴能源,133,92,41,國票-敦北法人,2023-04-20,0037003700390063
3011,今皓,45,6,39,國票-敦北法人,2023-04-20,0037003700390063
2402,毅嘉,41,3,38,國票-敦北法人,2023-04-20,0037003700390063
2618,長榮航,85,52,33,國票-敦北法人,2023-04-20,0037003700390063
8150,南茂,32,1,31,國票-敦北法人,2023-04-20,0037003700390063
3209,全科,30,0,30,國票-敦北法人,2023-04-20,0037003700390063
8443,阿瘦,35,6,29,國票-敦北法人,2023-04-20,0037003700390063
4121,優盛,41,12,29,國票-敦北法人,2023-04-20,0037003700390063
1590,亞德客-KY,25,0,25,國票-敦北法人,2023-04-20,0037003700390063
3149,正達,24,0,24,國票-敦北法人,2023-04-20,0037003700390063
5222,全訊,39,15,24,國票-敦北法人,2023-04-20,0037003700390063
4114,健喬,77,54,23,國票-敦北法人,2023-04-20,0037003700390063
6741,91APP*-KY,47,25,22,國票-敦北法人,2023-04-20,0037003700390063
2515,中工,239,217,22,國票-敦北法人,2023-04-20,0037003700390063
2317,鴻海,42,20,22,國票-敦北法人,2023-04-20,0037003700390063
9802,鈺齊-KY,21,0,21,國票-敦北法人,2023-04-20,0037003700390063
1108,幸福,20,0,20,國票-敦北法人,2023-04-20,0037003700390063
4924,欣厚-KY,20,0,20,國票-敦北法人,2023-04-20,0037003700390063
6168,宏齊,20,0,20,國票-敦北法人,2023-04-20,0037003700390063
6282,康舒,1610,244,1366,國票-敦北法人,2023-04-21,0037003700390063
1101,台泥,648,48,600,國票-敦北法人,2023-04-21,0037003700390063
2368,金像電,608,10,598,國票-敦北法人,2023-04-21,0037003700390063
3481,群創,692,195,497,國票-敦北法人,2023-04-21,0037003700390063
5009,榮剛,389,35,354,國票-敦北法人,2023-04-21,0037003700390063
3231,緯創,357,127,230,國票-敦北法人,2023-04-21,0037003700390063
3711,日月光投控,206,0,206,國票-敦北法人,2023-04-21,0037003700390063
5452,佶優,200,0,200,國票-敦北法人,2023-04-21,0037003700390063
8069,元太,244,57,187,國票-敦北法人,2023-04-21,0037003700390063
2376,技嘉,185,3,182,國票-敦北法人,2023-04-21,0037003700390063
5478,智冠,184,9,175,國票-敦北法人,2023-04-21,0037003700390063
9945,潤泰新,156,0,156,國票-敦北法人,2023-04-21,0037003700390063
3653,健策,137,4,133,國票-敦北法人,2023-04-21,0037003700390063
2344,華邦電,151,23,128,國票-敦北法人,2023-04-21,0037003700390063
3017,奇鋐,150,24,126,國票-敦北法人,2023-04-21,0037003700390063
2408,南亞科,123,22,101,國票-敦北法人,2023-04-21,0037003700390063
2330,台積電,110,18,92,國票-敦北法人,2023-04-21,0037003700390063
1604,聲寶,91,1,90,國票-敦北法人,2023-04-21,0037003700390063
4966,譜瑞-KY,86,0,86,國票-敦北法人,2023-04-21,0037003700390063
2377,微星,80,0,80,國票-敦北法人,2023-04-21,0037003700390063
2247,汎德永業,79,0,79,國票-敦北法人,2023-04-21,0037003700390063
2421,建準,79,0,79,國票-敦北法人,2023-04-21,0037003700390063
3023,信邦,80,1,79,國票-敦北法人,2023-04-21,0037003700390063
00637L,元大滬深300正2,112,36,76,國票-敦北法人,2023-04-21,0037003700390063
0056,元大高股息,75,0,75,國票-敦北法人,2023-04-21,0037003700390063
2103,台橡,65,0,65,國票-敦北法人,2023-04-21,0037003700390063
2476,鉅祥,72,12,60,國票-敦北法人,2023-04-21,0037003700390063
6192,巨路,59,0,59,國票-敦北法人,2023-04-21,0037003700390063
2402,毅嘉,90,33,57,國票-敦北法人,2023-04-21,0037003700390063
2495,普安,76,20,56,國票-敦北法人,2023-04-21,0037003700390063
3675,德微,73,18,55,國票-敦北法人,2023-04-21,0037003700390063
2454,聯發科,54,1,53,國票-敦北法人,2023-04-21,0037003700390063
3029,零壹,84,31,53,國票-敦北法人,2023-04-21,0037003700390063
3037,欣興,96,44,52,國票-敦北法人,2023-04-21,0037003700390063
2387,精元,51,0,51,國票-敦北法人,2023-04-21,0037003700390063
2357,華碩,50,0,50,國票-敦北法人,2023-04-21,0037003700390063
3011,今皓,52,7,45,國票-敦北法人,2023-04-21,0037003700390063
3038,全台,75,31,44,國票-敦北法人,2023-04-21,0037003700390063
2367,燿華,78,38,40,國票-敦北法人,2023-04-21,0037003700390063
3207,耀勝,40,0,40,國票-敦北法人,2023-04-21,0037003700390063
3025,星通,45,6,39,國票-敦北法人,2023-04-21,0037003700390063
5534,長虹,38,0,38,國票-敦北法人,2023-04-21,0037003700390063
2338,光罩,54,17,37,國票-敦北法人,2023-04-21,0037003700390063
2453,凌群,128,91,37,國票-敦北法人,2023-04-21,0037003700390063
4164,承業醫,52,16,36,國票-敦北法人,2023-04-21,0037003700390063
4741,泓瀚,35,0,35,國票-敦北法人,2023-04-21,0037003700390063
2352,佳世達,38,3,35,國票-敦北法人,2023-04-21,0037003700390063
2351,順德,92,57,35,國票-敦北法人,2023-04-21,0037003700390063
1590,亞德客-KY,36,3,33,國票-敦北法人,2023-04-21,0037003700390063
2427,三商電,41,9,32,國票-敦北法人,2023-04-21,0037003700390063
9904,寶成,3145,11,3134,國票-敦北法人,2023-04-24,0037003700390063
6176,瑞儀,692,1,691,國票-敦北法人,2023-04-24,0037003700390063
8046,南電,369,3,366,國票-敦北法人,2023-04-24,0037003700390063
6269,台郡,368,6,362,國票-敦北法人,2023-04-24,0037003700390063
1605,華新,325,18,307,國票-敦北法人,2023-04-24,0037003700390063
2412,中華電,250,0,250,國票-敦北法人,2023-04-24,0037003700390063
1710,東聯,299,60,239,國票-敦北法人,2023-04-24,0037003700390063
00637L,元大滬深300正2,783,548,235,國票-敦北法人,2023-04-24,0037003700390063
5434,崇越,208,0,208,國票-敦北法人,2023-04-24,0037003700390063
3045,台灣大,200,0,200,國票-敦北法人,2023-04-24,0037003700390063
2883,凱基金,200,0,200,國票-敦北法人,2023-04-24,0037003700390063
5478,智冠,194,0,194,國票-敦北法人,2023-04-24,0037003700390063
6235,華孚,236,50,186,國票-敦北法人,2023-04-24,0037003700390063
6271,同欣電,218,37,181,國票-敦北法人,2023-04-24,0037003700390063
3548,兆利,186,7,179,國票-敦北法人,2023-04-24,0037003700390063
2204,中華,212,38,174,國票-敦北法人,2023-04-24,0037003700390063
1720,生達,183,23,160,國票-敦北法人,2023-04-24,0037003700390063
2031,新光鋼,128,5,123,國票-敦北法人,2023-04-24,0037003700390063
3078,僑威,117,7,110,國票-敦北法人,2023-04-24,0037003700390063
6799,來頡,105,3,102,國票-敦北法人,2023-04-24,0037003700390063
4123,晟德,115,15,100,國票-敦北法人,2023-04-24,0037003700390063
6669,緯穎,112,16,96,國票-敦北法人,2023-04-24,0037003700390063
1604,聲寶,95,0,95,國票-敦北法人,2023-04-24,0037003700390063
1308,亞聚,98,9,89,國票-敦北法人,2023-04-24,0037003700390063
3363,上詮,82,2,80,國票-敦北法人,2023-04-24,0037003700390063
2351,順德,66,2,64,國票-敦北法人,2023-04-24,0037003700390063
6192,巨路,62,0,62,國票-敦北法人,2023-04-24,0037003700390063
3037,欣興,64,2,62,國票-敦北法人,2023-04-24,0037003700390063
9938,百和,50,0,50,國票-敦北法人,2023-04-24,0037003700390063
1781,合世,47,0,47,國票-敦北法人,2023-04-24,0037003700390063
2344,華邦電,40,0,40,國票-敦北法人,2023-04-24,0037003700390063
3675,德微,66,28,38,國票-敦北法人,2023-04-24,0037003700390063
2330,台積電,79,42,37,國票-敦北法人,2023-04-24,0037003700390063
6417,韋僑,38,1,37,國票-敦北法人,2023-04-24,0037003700390063
2453,凌群,40,7,33,國票-敦北法人,2023-04-24,0037003700390063
2317,鴻海,32,0,32,國票-敦北法人,2023-04-24,0037003700390063
3044,健鼎,41,11,30,國票-敦北法人,2023-04-24,0037003700390063
5227,立凱-KY,30,0,30,國票-敦北法人,2023-04-24,0037003700390063
1584,精剛,32,3,29,國票-敦北法人,2023-04-24,0037003700390063
3058,立德,29,1,28,國票-敦北法人,2023-04-24,0037003700390063
2449,京元電子,54,29,25,國票-敦北法人,2023-04-24,0037003700390063
3703,欣陸,23,0,23,國票-敦北法人,2023-04-24,0037003700390063
6167,久正,37,15,22,國票-敦北法人,2023-04-24,0037003700390063
4566,時碩工業,25,3,22,國票-敦北法人,2023-04-24,0037003700390063
3376,新日興,27,6,21,國票-敦北法人,2023-04-24,0037003700390063
3324,雙鴻,20,0,20,國票-敦北法人,2023-04-24,0037003700390063
00891,中信關鍵半導體,20,0,20,國票-敦北法人,2023-04-24,0037003700390063
2495,普安,34,15,19,國票-敦北法人,2023-04-24,0037003700390063
8926,台汽電,30,12,18,國票-敦北法人,2023-04-24,0037003700390063
1711,永光,113,96,17,國票-敦北法人,2023-04-24,0037003700390063
9904,寶成,2237,4,2233,國票-敦北法人,2023-04-25,0037003700390063
00671R,富邦NASDAQ反1,2000,0,2000,國票-敦北法人,2023-04-25,0037003700390063
00669R,國泰美國道瓊反1,2000,0,2000,國票-敦北法人,2023-04-25,0037003700390063
00648R,元大S＆P500反1,2000,0,2000,國票-敦北法人,2023-04-25,0037003700390063
4938,和碩,1695,22,1673,國票-敦北法人,2023-04-25,0037003700390063
4904,遠傳,1491,0,1491,國票-敦北法人,2023-04-25,0037003700390063
8046,南電,814,84,730,國票-敦北法人,2023-04-25,0037003700390063
6477,安集,505,19,486,國票-敦北法人,2023-04-25,0037003700390063
6176,瑞儀,499,107,392,國票-敦北法人,2023-04-25,0037003700390063
6269,台郡,288,29,259,國票-敦北法人,2023-04-25,0037003700390063
3037,欣興,319,100,219,國票-敦北法人,2023-04-25,0037003700390063
5478,智冠,200,0,200,國票-敦北法人,2023-04-25,0037003700390063
1301,台塑,201,1,200,國票-敦北法人,2023-04-25,0037003700390063
2385,群光,189,6,183,國票-敦北法人,2023-04-25,0037003700390063
5434,崇越,149,0,149,國票-敦北法人,2023-04-25,0037003700390063
3034,聯詠,147,9,138,國票-敦北法人,2023-04-25,0037003700390063
2330,台積電,216,82,134,國票-敦北法人,2023-04-25,0037003700390063
6271,同欣電,154,25,129,國票-敦北法人,2023-04-25,0037003700390063
1604,聲寶,106,0,106,國票-敦北法人,2023-04-25,0037003700390063
1605,華新,190,85,105,國票-敦北法人,2023-04-25,0037003700390063
3711,日月光投控,103,2,101,國票-敦北法人,2023-04-25,0037003700390063
1308,亞聚,100,0,100,國票-敦北法人,2023-04-25,0037003700390063
3363,上詮,95,0,95,國票-敦北法人,2023-04-25,0037003700390063
4919,新唐,109,19,90,國票-敦北法人,2023-04-25,0037003700390063
2303,聯電,387,308,79,國票-敦北法人,2023-04-25,0037003700390063
1216,統一,150,75,75,國票-敦北法人,2023-04-25,0037003700390063
6550,北極星藥業-KY,75,3,72,國票-敦北法人,2023-04-25,0037003700390063
2208,台船,93,25,68,國票-敦北法人,2023-04-25,0037003700390063
6669,緯穎,88,20,68,國票-敦北法人,2023-04-25,0037003700390063
4966,譜瑞-KY,69,3,66,國票-敦北法人,2023-04-25,0037003700390063
6192,巨路,65,2,63,國票-敦北法人,2023-04-25,0037003700390063
1504,東元,105,46,59,國票-敦北法人,2023-04-25,0037003700390063
1535,中宇,51,0,51,國票-敦北法人,2023-04-25,0037003700390063
1326,台化,50,0,50,國票-敦北法人,2023-04-25,0037003700390063
6806,森崴能源,190,142,48,國票-敦北法人,2023-04-25,0037003700390063
0056,元大高股息,44,0,44,國票-敦北法人,2023-04-25,0037003700390063
5425,台半,135,91,44,國票-敦北法人,2023-04-25,0037003700390063
6138,茂達,42,2,40,國票-敦北法人,2023-04-25,0037003700390063
2247,汎德永業,33,0,33,國票-敦北法人,2023-04-25,0037003700390063
2059,川湖,32,0,32,國票-敦北法人,2023-04-25,0037003700390063
6209,今國光,50,20,30,國票-敦北法人,2023-04-25,0037003700390063
4572,駐龍,30,0,30,國票-敦北法人,2023-04-25,0037003700390063
1781,合世,30,0,30,國票-敦北法人,2023-04-25,0037003700390063
00878,國泰永續高股息,28,0,28,國票-敦北法人,2023-04-25,0037003700390063
4741,泓瀚,45,18,27,國票-敦北法人,2023-04-25,0037003700390063
1590,亞德客-KY,23,0,23,國票-敦北法人,2023-04-25,0037003700390063
2883,凱基金,23,0,23,國票-敦北法人,2023-04-25,0037003700390063
6288,聯嘉,40,18,22,國票-敦北法人,2023-04-25,0037003700390063
4114,健喬,56,35,21,國票-敦北法人,2023-04-25,0037003700390063
6625,必應,20,0,20,國票-敦北法人,2023-04-25,0037003700390063
2883,凱基金,9687,6,9681,國票-敦北法人,2023-04-26,0037003700390063
3363,上詮,1056,381,675,國票-敦北法人,2023-04-26,0037003700390063
3044,健鼎,650,4,646,國票-敦北法人,2023-04-26,0037003700390063
4958,臻鼎-KY,552,5,547,國票-敦北法人,2023-04-26,0037003700390063
6282,康舒,481,232,249,國票-敦北法人,2023-04-26,0037003700390063
3037,欣興,261,44,217,國票-敦北法人,2023-04-26,0037003700390063
8069,元太,211,6,205,國票-敦北法人,2023-04-26,0037003700390063
2357,華碩,170,0,170,國票-敦北法人,2023-04-26,0037003700390063
3532,台勝科,166,14,152,國票-敦北法人,2023-04-26,0037003700390063
1101,台泥,210,83,127,國票-敦北法人,2023-04-26,0037003700390063
1604,聲寶,113,1,112,國票-敦北法人,2023-04-26,0037003700390063
1477,聚陽,105,0,105,國票-敦北法人,2023-04-26,0037003700390063
1301,台塑,100,0,100,國票-敦北法人,2023-04-26,0037003700390063
1216,統一,90,0,90,國票-敦北法人,2023-04-26,0037003700390063
1519,華城,109,20,89,國票-敦北法人,2023-04-26,0037003700390063
9910,豐泰,82,0,82,國票-敦北法人,2023-04-26,0037003700390063
1760,寶齡富錦,81,1,80,國票-敦北法人,2023-04-26,0037003700390063
6274,台燿,82,5,77,國票-敦北法人,2023-04-26,0037003700390063
2383,台光電,87,10,77,國票-敦北法人,2023-04-26,0037003700390063
2610,華航,283,208,75,國票-敦北法人,2023-04-26,0037003700390063
6806,森崴能源,111,42,69,國票-敦北法人,2023-04-26,0037003700390063
6192,巨路,67,0,67,國票-敦北法人,2023-04-26,0037003700390063
1313,聯成,55,0,55,國票-敦北法人,2023-04-26,0037003700390063
1709,和益,99,44,55,國票-敦北法人,2023-04-26,0037003700390063
2618,長榮航,161,111,50,國票-敦北法人,2023-04-26,0037003700390063
1795,美時,79,31,48,國票-敦北法人,2023-04-26,0037003700390063
2317,鴻海,50,3,47,國票-敦北法人,2023-04-26,0037003700390063
2204,中華,77,36,41,國票-敦北法人,2023-04-26,0037003700390063
2247,汎德永業,41,0,41,國票-敦北法人,2023-04-26,0037003700390063
6244,茂迪,52,16,36,國票-敦北法人,2023-04-26,0037003700390063
3529,力旺,35,0,35,國票-敦北法人,2023-04-26,0037003700390063
2345,智邦,38,3,35,國票-敦北法人,2023-04-26,0037003700390063
9914,美利達,35,0,35,國票-敦北法人,2023-04-26,0037003700390063
2408,南亞科,50,17,33,國票-敦北法人,2023-04-26,0037003700390063
00893,國泰智能電動車,28,0,28,國票-敦北法人,2023-04-26,0037003700390063
6235,華孚,37,10,27,國票-敦北法人,2023-04-26,0037003700390063
1503,士電,136,111,25,國票-敦北法人,2023-04-26,0037003700390063
3680,家登,24,0,24,國票-敦北法人,2023-04-26,0037003700390063
8155,博智,22,1,21,國票-敦北法人,2023-04-26,0037003700390063
3558,神準,23,3,20,國票-敦北法人,2023-04-26,0037003700390063
6147,頎邦,27,9,18,國票-敦北法人,2023-04-26,0037003700390063
3376,新日興,16,0,16,國票-敦北法人,2023-04-26,0037003700390063
8436,大江,15,0,15,國票-敦北法人,2023-04-26,0037003700390063
6209,今國光,33,18,15,國票-敦北法人,2023-04-26,0037003700390063
6461,益得,14,0,14,國票-敦北法人,2023-04-26,0037003700390063
2344,華邦電,37,24,13,國票-敦北法人,2023-04-26,0037003700390063
1611,中電,12,0,12,國票-敦北法人,2023-04-26,0037003700390063
3548,兆利,12,0,12,國票-敦北法人,2023-04-26,0037003700390063
2337,旺宏,106,95,11,國票-敦北法人,2023-04-26,0037003700390063
1312,國喬,10,0,10,國票-敦北法人,2023-04-26,0037003700390063
2618,長榮航,1550,10,1540,國票-敦北法人,2023-04-27,0037003700390063
2002,中鋼,513,0,513,國票-敦北法人,2023-04-27,0037003700390063
8069,元太,283,4,279,國票-敦北法人,2023-04-27,0037003700390063
2383,台光電,255,4,251,國票-敦北法人,2023-04-27,0037003700390063
2208,台船,240,2,238,國票-敦北法人,2023-04-27,0037003700390063
2887,台新金,180,11,169,國票-敦北法人,2023-04-27,0037003700390063
2382,廣達,100,1,99,國票-敦北法人,2023-04-27,0037003700390063
3078,僑威,95,1,94,國票-敦北法人,2023-04-27,0037003700390063
2377,微星,80,0,80,國票-敦北法人,2023-04-27,0037003700390063
3675,德微,76,0,76,國票-敦北法人,2023-04-27,0037003700390063
3653,健策,70,4,66,國票-敦北法人,2023-04-27,0037003700390063
2308,台達電,63,2,61,國票-敦北法人,2023-04-27,0037003700390063
2357,華碩,50,0,50,國票-敦北法人,2023-04-27,0037003700390063
6412,群電,53,6,47,國票-敦北法人,2023-04-27,0037003700390063
00715L,期街口布蘭特正2,47,0,47,國票-敦北法人,2023-04-27,0037003700390063
2247,汎德永業,41,0,41,國票-敦北法人,2023-04-27,0037003700390063
2634,漢翔,76,36,40,國票-敦北法人,2023-04-27,0037003700390063
2344,華邦電,42,5,37,國票-敦北法人,2023-04-27,0037003700390063
4114,健喬,31,0,31,國票-敦北法人,2023-04-27,0037003700390063
1513,中興電,30,0,30,國票-敦北法人,2023-04-27,0037003700390063
00637L,元大滬深300正2,35,5,30,國票-敦北法人,2023-04-27,0037003700390063
6129,普誠,30,1,29,國票-敦北法人,2023-04-27,0037003700390063
3661,世芯-KY,51,25,26,國票-敦北法人,2023-04-27,0037003700390063
8215,明基材,49,23,26,國票-敦北法人,2023-04-27,0037003700390063
3443,創意,24,1,23,國票-敦北法人,2023-04-27,0037003700390063
2317,鴻海,21,1,20,國票-敦北法人,2023-04-27,0037003700390063
2461,光群雷,20,0,20,國票-敦北法人,2023-04-27,0037003700390063
9955,佳龍,34,14,20,國票-敦北法人,2023-04-27,0037003700390063
4931,新盛力,20,1,19,國票-敦北法人,2023-04-27,0037003700390063
4572,駐龍,19,4,15,國票-敦北法人,2023-04-27,0037003700390063
4164,承業醫,25,10,15,國票-敦北法人,2023-04-27,0037003700390063
5309,系統電,15,0,15,國票-敦北法人,2023-04-27,0037003700390063
4121,優盛,26,12,14,國票-敦北法人,2023-04-27,0037003700390063
3558,神準,14,1,13,國票-敦北法人,2023-04-27,0037003700390063
00642U,期元大S＆P石油,13,0,13,國票-敦北法人,2023-04-27,0037003700390063
2482,連宇,15,2,13,國票-敦北法人,2023-04-27,0037003700390063
1313,聯成,12,0,12,國票-敦北法人,2023-04-27,0037003700390063
1736,喬山,12,0,12,國票-敦北法人,2023-04-27,0037003700390063
6782,視陽,11,0,11,國票-敦北法人,2023-04-27,0037003700390063
2913,農林,11,1,10,國票-敦北法人,2023-04-27,0037003700390063
1710,東聯,46,36,10,國票-敦北法人,2023-04-27,0037003700390063
6167,久正,10,0,10,國票-敦北法人,2023-04-27,0037003700390063
3663,鑫科,10,0,10,國票-敦北法人,2023-04-27,0037003700390063
8076,伍豐,10,0,10,國票-敦北法人,2023-04-27,0037003700390063
2063,世鎧,10,0,10,國票-敦北法人,2023-04-27,0037003700390063
6589,台康生技,10,0,10,國票-敦北法人,2023-04-27,0037003700390063
2327,國巨,8,0,8,國票-敦北法人,2023-04-27,0037003700390063
0050,元大台灣50,11,4,7,國票-敦北法人,2023-04-27,0037003700390063
3037,欣興,7,0,7,國票-敦北法人,2023-04-27,0037003700390063
4108,懷特,7,0,7,國票-敦北法人,2023-04-27,0037003700390063
8085,福華,1442,0,1442,國票-敦北法人,2023-04-28,0037003700390063
8069,元太,1120,56,1064,國票-敦北法人,2023-04-28,0037003700390063
2303,聯電,1005,5,1000,國票-敦北法人,2023-04-28,0037003700390063
1402,遠東新,625,0,625,國票-敦北法人,2023-04-28,0037003700390063
2368,金像電,502,0,502,國票-敦北法人,2023-04-28,0037003700390063
5347,世界,251,0,251,國票-敦北法人,2023-04-28,0037003700390063
3037,欣興,322,76,246,國票-敦北法人,2023-04-28,0037003700390063
1519,華城,204,0,204,國票-敦北法人,2023-04-28,0037003700390063
00637L,元大滬深300正2,200,20,180,國票-敦北法人,2023-04-28,0037003700390063
1319,東陽,157,1,156,國票-敦北法人,2023-04-28,0037003700390063
4123,晟德,141,3,138,國票-敦北法人,2023-04-28,0037003700390063
4961,天鈺,120,11,109,國票-敦北法人,2023-04-28,0037003700390063
3011,今皓,103,0,103,國票-敦北法人,2023-04-28,0037003700390063
2308,台達電,103,1,102,國票-敦北法人,2023-04-28,0037003700390063
2637,慧洋-KY,100,0,100,國票-敦北法人,2023-04-28,0037003700390063
3029,零壹,106,9,97,國票-敦北法人,2023-04-28,0037003700390063
6806,森崴能源,135,42,93,國票-敦北法人,2023-04-28,0037003700390063
6811,宏�硌穈T,100,10,90,國票-敦北法人,2023-04-28,0037003700390063
2471,資通,103,15,88,國票-敦北法人,2023-04-28,0037003700390063
2727,王品,86,6,80,國票-敦北法人,2023-04-28,0037003700390063
6235,華孚,88,11,77,國票-敦北法人,2023-04-28,0037003700390063
1104,環泥,83,14,69,國票-敦北法人,2023-04-28,0037003700390063
4919,新唐,69,1,68,國票-敦北法人,2023-04-28,0037003700390063
2201,裕隆,73,5,68,國票-敦北法人,2023-04-28,0037003700390063
2402,毅嘉,101,39,62,國票-敦北法人,2023-04-28,0037003700390063
4741,泓瀚,55,0,55,國票-敦北法人,2023-04-28,0037003700390063
4958,臻鼎-KY,50,0,50,國票-敦北法人,2023-04-28,0037003700390063
6112,邁達特,56,7,49,國票-敦北法人,2023-04-28,0037003700390063
5269,祥碩,49,0,49,國票-敦北法人,2023-04-28,0037003700390063
6290,良維,57,9,48,國票-敦北法人,2023-04-28,0037003700390063
5009,榮剛,77,36,41,國票-敦北法人,2023-04-28,0037003700390063
2801,彰銀,42,1,41,國票-敦北法人,2023-04-28,0037003700390063
2915,潤泰全,40,0,40,國票-敦北法人,2023-04-28,0037003700390063
6517,保勝光學,45,6,39,國票-敦北法人,2023-04-28,0037003700390063
00878,國泰永續高股息,34,0,34,國票-敦北法人,2023-04-28,0037003700390063
2301,光寶科,31,0,31,國票-敦北法人,2023-04-28,0037003700390063
2832,台產,31,0,31,國票-敦北法人,2023-04-28,0037003700390063
8155,博智,32,2,30,國票-敦北法人,2023-04-28,0037003700390063
3712,永崴投控,30,0,30,國票-敦北法人,2023-04-28,0037003700390063
6127,九豪,32,3,29,國票-敦北法人,2023-04-28,0037003700390063
2302,麗正,28,0,28,國票-敦北法人,2023-04-28,0037003700390063
4966,譜瑞-KY,32,5,27,國票-敦北法人,2023-04-28,0037003700390063
3481,群創,27,0,27,國票-敦北法人,2023-04-28,0037003700390063
6446,藥華藥,30,7,23,國票-敦北法人,2023-04-28,0037003700390063
2382,廣達,23,2,21,國票-敦北法人,2023-04-28,0037003700390063
9945,潤泰新,20,0,20,國票-敦北法人,2023-04-28,0037003700390063
3715,定穎投控,20,1,19,國票-敦北法人,2023-04-28,0037003700390063
8936,國統,20,1,19,國票-敦北法人,2023-04-28,0037003700390063
1309,台達化,19,0,19,國票-敦北法人,2023-04-28,0037003700390063
2059,川湖,18,0,18,國票-敦北法人,2023-04-28,0037003700390063
2382,廣達,747,18,729,國票-敦北法人,2023-05-02,0037003700390063
2913,農林,592,1,591,國票-敦北法人,2023-05-02,0037003700390063
2891,中信金,500,2,498,國票-敦北法人,2023-05-02,0037003700390063
5425,台半,521,24,497,國票-敦北法人,2023-05-02,0037003700390063
2206,三陽工業,445,13,432,國票-敦北法人,2023-05-02,0037003700390063
3231,緯創,548,120,428,國票-敦北法人,2023-05-02,0037003700390063
1513,中興電,430,23,407,國票-敦北法人,2023-05-02,0037003700390063
3363,上詮,316,7,309,國票-敦北法人,2023-05-02,0037003700390063
3017,奇鋐,216,42,174,國票-敦北法人,2023-05-02,0037003700390063
8155,博智,168,0,168,國票-敦北法人,2023-05-02,0037003700390063
4142,國光生,161,1,160,國票-敦北法人,2023-05-02,0037003700390063
2454,聯發科,151,1,150,國票-敦北法人,2023-05-02,0037003700390063
3715,定穎投控,125,0,125,國票-敦北法人,2023-05-02,0037003700390063
2892,第一金,312,200,112,國票-敦北法人,2023-05-02,0037003700390063
5011,久陽,110,0,110,國票-敦北法人,2023-05-02,0037003700390063
1609,大亞,119,13,106,國票-敦北法人,2023-05-02,0037003700390063
1519,華城,326,221,105,國票-敦北法人,2023-05-02,0037003700390063
2408,南亞科,100,0,100,國票-敦北法人,2023-05-02,0037003700390063
2357,華碩,100,1,99,國票-敦北法人,2023-05-02,0037003700390063
4763,材料-KY,105,8,97,國票-敦北法人,2023-05-02,0037003700390063
2457,飛宏,127,32,95,國票-敦北法人,2023-05-02,0037003700390063
2301,光寶科,113,20,93,國票-敦北法人,2023-05-02,0037003700390063
3105,穩懋,89,0,89,國票-敦北法人,2023-05-02,0037003700390063
6517,保勝光學,81,1,80,國票-敦北法人,2023-05-02,0037003700390063
2308,台達電,78,0,78,國票-敦北法人,2023-05-02,0037003700390063
2247,汎德永業,77,0,77,國票-敦北法人,2023-05-02,0037003700390063
1215,卜蜂,85,10,75,國票-敦北法人,2023-05-02,0037003700390063
4121,優盛,96,26,70,國票-敦北法人,2023-05-02,0037003700390063
2915,潤泰全,80,10,70,國票-敦北法人,2023-05-02,0037003700390063
6223,旺矽,78,10,68,國票-敦北法人,2023-05-02,0037003700390063
6806,森崴能源,71,6,65,國票-敦北法人,2023-05-02,0037003700390063
8093,保銳,63,1,62,國票-敦北法人,2023-05-02,0037003700390063
4572,駐龍,102,42,60,國票-敦北法人,2023-05-02,0037003700390063
3013,晟銘電,70,13,57,國票-敦北法人,2023-05-02,0037003700390063
3034,聯詠,55,0,55,國票-敦北法人,2023-05-02,0037003700390063
3078,僑威,71,17,54,國票-敦北法人,2023-05-02,0037003700390063
2801,彰銀,63,11,52,國票-敦北法人,2023-05-02,0037003700390063
2881,富邦金,50,0,50,國票-敦北法人,2023-05-02,0037003700390063
3045,台灣大,51,2,49,國票-敦北法人,2023-05-02,0037003700390063
1503,士電,60,14,46,國票-敦北法人,2023-05-02,0037003700390063
3529,力旺,41,0,41,國票-敦北法人,2023-05-02,0037003700390063
5347,世界,40,1,39,國票-敦北法人,2023-05-02,0037003700390063
1310,台苯,45,7,38,國票-敦北法人,2023-05-02,0037003700390063
2887,台新金,34,0,34,國票-敦北法人,2023-05-02,0037003700390063
1711,永光,57,24,33,國票-敦北法人,2023-05-02,0037003700390063
1760,寶齡富錦,40,7,33,國票-敦北法人,2023-05-02,0037003700390063
2534,宏盛,32,0,32,國票-敦北法人,2023-05-02,0037003700390063
9945,潤泰新,30,0,30,國票-敦北法人,2023-05-02,0037003700390063
2609,陽明,32,2,30,國票-敦北法人,2023-05-02,0037003700390063
3701,大眾控,31,4,27,國票-敦北法人,2023-05-02,0037003700390063
2408,南亞科,1237,0,1237,國票-敦北法人,2023-05-03,0037003700390063
2382,廣達,1041,233,808,國票-敦北法人,2023-05-03,0037003700390063
3231,緯創,1412,661,751,國票-敦北法人,2023-05-03,0037003700390063
2383,台光電,622,6,616,國票-敦北法人,2023-05-03,0037003700390063
2301,光寶科,585,23,562,國票-敦北法人,2023-05-03,0037003700390063
3037,欣興,658,245,413,國票-敦北法人,2023-05-03,0037003700390063
6477,安集,404,1,403,國票-敦北法人,2023-05-03,0037003700390063
1301,台塑,360,1,359,國票-敦北法人,2023-05-03,0037003700390063
8121,越峰,359,84,275,國票-敦北法人,2023-05-03,0037003700390063
3711,日月光投控,312,56,256,國票-敦北法人,2023-05-03,0037003700390063
5425,台半,327,88,239,國票-敦北法人,2023-05-03,0037003700390063
2913,農林,223,14,209,國票-敦北法人,2023-05-03,0037003700390063
1216,統一,200,0,200,國票-敦北法人,2023-05-03,0037003700390063
5347,世界,200,14,186,國票-敦北法人,2023-05-03,0037003700390063
1303,南亞,180,0,180,國票-敦北法人,2023-05-03,0037003700390063
2206,三陽工業,234,84,150,國票-敦北法人,2023-05-03,0037003700390063
3034,聯詠,131,0,131,國票-敦北法人,2023-05-03,0037003700390063
1402,遠東新,127,12,115,國票-敦北法人,2023-05-03,0037003700390063
1513,中興電,158,60,98,國票-敦北法人,2023-05-03,0037003700390063
00878,國泰永續高股息,74,0,74,國票-敦北法人,2023-05-03,0037003700390063
2330,台積電,63,9,54,國票-敦北法人,2023-05-03,0037003700390063
8069,元太,180,126,54,國票-敦北法人,2023-05-03,0037003700390063
00642U,期元大S＆P石油,43,0,43,國票-敦北法人,2023-05-03,0037003700390063
3230,錦明,42,0,42,國票-敦北法人,2023-05-03,0037003700390063
9945,潤泰新,55,16,39,國票-敦北法人,2023-05-03,0037003700390063
1711,永光,131,93,38,國票-敦北法人,2023-05-03,0037003700390063
8422,可寧衛,35,0,35,國票-敦北法人,2023-05-03,0037003700390063
3363,上詮,189,155,34,國票-敦北法人,2023-05-03,0037003700390063
1504,東元,97,64,33,國票-敦北法人,2023-05-03,0037003700390063
4919,新唐,38,6,32,國票-敦北法人,2023-05-03,0037003700390063
4541,晟田,31,0,31,國票-敦北法人,2023-05-03,0037003700390063
4909,新復興,69,38,31,國票-敦北法人,2023-05-03,0037003700390063
1215,卜蜂,101,71,30,國票-敦北法人,2023-05-03,0037003700390063
2104,國際中橡,36,6,30,國票-敦北法人,2023-05-03,0037003700390063
6235,華孚,36,7,29,國票-敦北法人,2023-05-03,0037003700390063
6592,和潤企業,30,1,29,國票-敦北法人,2023-05-03,0037003700390063
3105,穩懋,43,18,25,國票-敦北法人,2023-05-03,0037003700390063
6026,福邦證,25,0,25,國票-敦北法人,2023-05-03,0037003700390063
6180,橘子,27,2,25,國票-敦北法人,2023-05-03,0037003700390063
9914,美利達,24,0,24,國票-敦北法人,2023-05-03,0037003700390063
6282,康舒,60,37,23,國票-敦北法人,2023-05-03,0037003700390063
3479,安勤,71,48,23,國票-敦北法人,2023-05-03,0037003700390063
3712,永崴投控,142,120,22,國票-敦北法人,2023-05-03,0037003700390063
2801,彰銀,20,0,20,國票-敦北法人,2023-05-03,0037003700390063
2618,長榮航,37,17,20,國票-敦北法人,2023-05-03,0037003700390063
4168,醣聯,38,19,19,國票-敦北法人,2023-05-03,0037003700390063
8996,高力,49,31,18,國票-敦北法人,2023-05-03,0037003700390063
3419,譁裕,104,87,17,國票-敦北法人,2023-05-03,0037003700390063
1795,美時,36,20,16,國票-敦北法人,2023-05-03,0037003700390063
4746,台耀,18,3,15,國票-敦北法人,2023-05-03,0037003700390063
2301,光寶科,1034,6,1028,國票-敦北法人,2023-05-04,0037003700390063
1513,中興電,801,52,749,國票-敦北法人,2023-05-04,0037003700390063
2891,中信金,566,66,500,國票-敦北法人,2023-05-04,0037003700390063
2881,富邦金,454,0,454,國票-敦北法人,2023-05-04,0037003700390063
1904,正隆,432,53,379,國票-敦北法人,2023-05-04,0037003700390063
2603,長榮,451,121,330,國票-敦北法人,2023-05-04,0037003700390063
3363,上詮,347,51,296,國票-敦北法人,2023-05-04,0037003700390063
2345,智邦,235,14,221,國票-敦北法人,2023-05-04,0037003700390063
1795,美時,280,64,216,國票-敦北法人,2023-05-04,0037003700390063
5222,全訊,358,147,211,國票-敦北法人,2023-05-04,0037003700390063
2892,第一金,200,39,161,國票-敦北法人,2023-05-04,0037003700390063
00878,國泰永續高股息,160,5,155,國票-敦北法人,2023-05-04,0037003700390063
6234,高僑,337,188,149,國票-敦北法人,2023-05-04,0037003700390063
2882,國泰金,161,14,147,國票-敦北法人,2023-05-04,0037003700390063
2454,聯發科,132,16,116,國票-敦北法人,2023-05-04,0037003700390063
5009,榮剛,143,33,110,國票-敦北法人,2023-05-04,0037003700390063
2618,長榮航,208,102,106,國票-敦北法人,2023-05-04,0037003700390063
3005,神基,127,26,101,國票-敦北法人,2023-05-04,0037003700390063
3702,大聯大,112,12,100,國票-敦北法人,2023-05-04,0037003700390063
3675,德微,100,0,100,國票-敦北法人,2023-05-04,0037003700390063
1503,士電,396,297,99,國票-敦北法人,2023-05-04,0037003700390063
1519,華城,136,38,98,國票-敦北法人,2023-05-04,0037003700390063
2367,燿華,100,3,97,國票-敦北法人,2023-05-04,0037003700390063
4958,臻鼎-KY,90,0,90,國票-敦北法人,2023-05-04,0037003700390063
1102,亞泥,88,9,79,國票-敦北法人,2023-05-04,0037003700390063
8222,寶一,178,112,66,國票-敦北法人,2023-05-04,0037003700390063
6121,新普,63,0,63,國票-敦北法人,2023-05-04,0037003700390063
8069,元太,211,150,61,國票-敦北法人,2023-05-04,0037003700390063
2609,陽明,100,41,59,國票-敦北法人,2023-05-04,0037003700390063
1760,寶齡富錦,63,6,57,國票-敦北法人,2023-05-04,0037003700390063
3011,今皓,80,27,53,國票-敦北法人,2023-05-04,0037003700390063
2208,台船,68,20,48,國票-敦北法人,2023-05-04,0037003700390063
3715,定穎投控,156,110,46,國票-敦北法人,2023-05-04,0037003700390063
2534,宏盛,45,0,45,國票-敦北法人,2023-05-04,0037003700390063
6806,森崴能源,117,75,42,國票-敦北法人,2023-05-04,0037003700390063
8155,博智,36,1,35,國票-敦北法人,2023-05-04,0037003700390063
3017,奇鋐,186,152,34,國票-敦北法人,2023-05-04,0037003700390063
00642U,期元大S＆P石油,33,0,33,國票-敦北法人,2023-05-04,0037003700390063
6148,驊宏資,123,91,32,國票-敦北法人,2023-05-04,0037003700390063
6438,迅得,31,0,31,國票-敦北法人,2023-05-04,0037003700390063
2610,華航,48,20,28,國票-敦北法人,2023-05-04,0037003700390063
4123,晟德,56,30,26,國票-敦北法人,2023-05-04,0037003700390063
4977,眾達-KY,49,23,26,國票-敦北法人,2023-05-04,0037003700390063
2344,華邦電,121,96,25,國票-敦北法人,2023-05-04,0037003700390063
4916,事欣科,47,22,25,國票-敦北法人,2023-05-04,0037003700390063
6235,華孚,40,15,25,國票-敦北法人,2023-05-04,0037003700390063
4541,晟田,75,50,25,國票-敦北法人,2023-05-04,0037003700390063
4909,新復興,86,64,22,國票-敦北法人,2023-05-04,0037003700390063
1313,聯成,22,0,22,國票-敦北法人,2023-05-04,0037003700390063
5274,信驊,20,0,20,國票-敦北法人,2023-05-04,0037003700390063
2382,廣達,1216,310,906,國票-敦北法人,2023-05-05,0037003700390063
6274,台燿,611,24,587,國票-敦北法人,2023-05-05,0037003700390063
3596,智易,504,7,497,國票-敦北法人,2023-05-05,0037003700390063
3715,定穎投控,480,37,443,國票-敦北法人,2023-05-05,0037003700390063
1319,東陽,408,20,388,國票-敦北法人,2023-05-05,0037003700390063
2882,國泰金,348,12,336,國票-敦北法人,2023-05-05,0037003700390063
2727,王品,326,7,319,國票-敦北法人,2023-05-05,0037003700390063
00715L,期街口布蘭特正2,422,110,312,國票-敦北法人,2023-05-05,0037003700390063
4915,致伸,196,16,180,國票-敦北法人,2023-05-05,0037003700390063
2548,華固,173,0,173,國票-敦北法人,2023-05-05,0037003700390063
2633,台灣高鐵,145,5,140,國票-敦北法人,2023-05-05,0037003700390063
1503,士電,251,147,104,國票-敦北法人,2023-05-05,0037003700390063
3017,奇鋐,392,294,98,國票-敦北法人,2023-05-05,0037003700390063
6446,藥華藥,83,16,67,國票-敦北法人,2023-05-05,0037003700390063
2891,中信金,138,72,66,國票-敦北法人,2023-05-05,0037003700390063
3617,碩天,65,0,65,國票-敦北法人,2023-05-05,0037003700390063
6205,詮欣,68,3,65,國票-敦北法人,2023-05-05,0037003700390063
3078,僑威,112,47,65,國票-敦北法人,2023-05-05,0037003700390063
2883,凱基金,62,0,62,國票-敦北法人,2023-05-05,0037003700390063
2731,雄獅,63,7,56,國票-敦北法人,2023-05-05,0037003700390063
2884,玉山金,104,48,56,國票-敦北法人,2023-05-05,0037003700390063
2501,國建,50,0,50,國票-敦北法人,2023-05-05,0037003700390063
2002,中鋼,166,118,48,國票-敦北法人,2023-05-05,0037003700390063
2886,兆豐金,48,0,48,國票-敦北法人,2023-05-05,0037003700390063
2344,華邦電,121,74,47,國票-敦北法人,2023-05-05,0037003700390063
6257,矽格,48,1,47,國票-敦北法人,2023-05-05,0037003700390063
2317,鴻海,46,0,46,國票-敦北法人,2023-05-05,0037003700390063
2303,聯電,166,120,46,國票-敦北法人,2023-05-05,0037003700390063
2887,台新金,50,4,46,國票-敦北法人,2023-05-05,0037003700390063
2885,元大金,56,10,46,國票-敦北法人,2023-05-05,0037003700390063
2890,永豐金,44,0,44,國票-敦北法人,2023-05-05,0037003700390063
2892,第一金,40,0,40,國票-敦北法人,2023-05-05,0037003700390063
1513,中興電,271,231,40,國票-敦北法人,2023-05-05,0037003700390063
2880,華南金,39,1,38,國票-敦北法人,2023-05-05,0037003700390063
4968,立積,57,22,35,國票-敦北法人,2023-05-05,0037003700390063
00878,國泰永續高股息,35,0,35,國票-敦北法人,2023-05-05,0037003700390063
3037,欣興,132,100,32,國票-敦北法人,2023-05-05,0037003700390063
5880,合庫金,39,7,32,國票-敦北法人,2023-05-05,0037003700390063
2352,佳世達,103,71,32,國票-敦北法人,2023-05-05,0037003700390063
8936,國統,36,5,31,國票-敦北法人,2023-05-05,0037003700390063
1731,美吾華,30,0,30,國票-敦北法人,2023-05-05,0037003700390063
2515,中工,72,42,30,國票-敦北法人,2023-05-05,0037003700390063
4909,新復興,61,31,30,國票-敦北法人,2023-05-05,0037003700390063
3231,緯創,63,34,29,國票-敦北法人,2023-05-05,0037003700390063
6235,華孚,30,1,29,國票-敦北法人,2023-05-05,0037003700390063
8097,常珵,26,0,26,國票-敦北法人,2023-05-05,0037003700390063
3058,立德,27,1,26,國票-敦北法人,2023-05-05,0037003700390063
2732,六角,40,14,26,國票-敦北法人,2023-05-05,0037003700390063
2881,富邦金,42,17,25,國票-敦北法人,2023-05-05,0037003700390063
1101,台泥,95,70,25,國票-敦北法人,2023-05-05,0037003700390063
3231,緯創,1088,195,893,國票-敦北法人,2023-05-08,0037003700390063
4961,天鈺,571,2,569,國票-敦北法人,2023-05-08,0037003700390063
1605,華新,747,203,544,國票-敦北法人,2023-05-08,0037003700390063
1216,統一,300,0,300,國票-敦北法人,2023-05-08,0037003700390063
2382,廣達,316,18,298,國票-敦北法人,2023-05-08,0037003700390063
2002,中鋼,312,14,298,國票-敦北法人,2023-05-08,0037003700390063
3481,群創,811,531,280,國票-敦北法人,2023-05-08,0037003700390063
2408,南亞科,350,76,274,國票-敦北法人,2023-05-08,0037003700390063
1503,士電,387,155,232,國票-敦北法人,2023-05-08,0037003700390063
5284,jpp-KY,235,4,231,國票-敦北法人,2023-05-08,0037003700390063
4123,晟德,229,19,210,國票-敦北法人,2023-05-08,0037003700390063
0050,元大台灣50,200,0,200,國票-敦北法人,2023-05-08,0037003700390063
3037,欣興,504,308,196,國票-敦北法人,2023-05-08,0037003700390063
8926,台汽電,237,45,192,國票-敦北法人,2023-05-08,0037003700390063
2548,華固,189,0,189,國票-敦北法人,2023-05-08,0037003700390063
2912,統一超,173,1,172,國票-敦北法人,2023-05-08,0037003700390063
2352,佳世達,204,37,167,國票-敦北法人,2023-05-08,0037003700390063
2890,永豐金,156,4,152,國票-敦北法人,2023-05-08,0037003700390063
4572,駐龍,101,5,96,國票-敦北法人,2023-05-08,0037003700390063
6873,泓德能源,91,0,91,國票-敦北法人,2023-05-08,0037003700390063
8476,台境*,90,0,90,國票-敦北法人,2023-05-08,0037003700390063
2371,大同,151,71,80,國票-敦北法人,2023-05-08,0037003700390063
1301,台塑,80,0,80,國票-敦北法人,2023-05-08,0037003700390063
1611,中電,69,2,67,國票-敦北法人,2023-05-08,0037003700390063
2102,泰豐,65,0,65,國票-敦北法人,2023-05-08,0037003700390063
3011,今皓,130,70,60,國票-敦北法人,2023-05-08,0037003700390063
6223,旺矽,73,16,57,國票-敦北法人,2023-05-08,0037003700390063
2409,友達,295,242,53,國票-敦北法人,2023-05-08,0037003700390063
8069,元太,173,120,53,國票-敦北法人,2023-05-08,0037003700390063
2376,技嘉,76,26,50,國票-敦北法人,2023-05-08,0037003700390063
2357,華碩,50,0,50,國票-敦北法人,2023-05-08,0037003700390063
6589,台康生技,71,22,49,國票-敦北法人,2023-05-08,0037003700390063
3479,安勤,128,79,49,國票-敦北法人,2023-05-08,0037003700390063
2882,國泰金,129,80,49,國票-敦北法人,2023-05-08,0037003700390063
2421,建準,425,377,48,國票-敦北法人,2023-05-08,0037003700390063
8076,伍豐,45,0,45,國票-敦北法人,2023-05-08,0037003700390063
2634,漢翔,71,27,44,國票-敦北法人,2023-05-08,0037003700390063
2892,第一金,112,69,43,國票-敦北法人,2023-05-08,0037003700390063
00715L,期街口布蘭特正2,105,62,43,國票-敦北法人,2023-05-08,0037003700390063
2014,中鴻,56,15,41,國票-敦北法人,2023-05-08,0037003700390063
2633,台灣高鐵,51,11,40,國票-敦北法人,2023-05-08,0037003700390063
4967,十銓,64,29,35,國票-敦北法人,2023-05-08,0037003700390063
2104,國際中橡,35,0,35,國票-敦北法人,2023-05-08,0037003700390063
3105,穩懋,38,3,35,國票-敦北法人,2023-05-08,0037003700390063
5289,宜鼎,37,2,35,國票-敦北法人,2023-05-08,0037003700390063
00896,中信綠能及電動車,34,0,34,國票-敦北法人,2023-05-08,0037003700390063
3045,台灣大,31,0,31,國票-敦北法人,2023-05-08,0037003700390063
2367,燿華,28,0,28,國票-敦北法人,2023-05-08,0037003700390063
3711,日月光投控,28,0,28,國票-敦北法人,2023-05-08,0037003700390063
3058,立德,28,2,26,國票-敦北法人,2023-05-08,0037003700390063
2421,建準,1005,231,774,國票-敦北法人,2023-05-09,0037003700390063
3264,欣銓,534,34,500,國票-敦北法人,2023-05-09,0037003700390063
1722,台肥,513,13,500,國票-敦北法人,2023-05-09,0037003700390063
2317,鴻海,510,52,458,國票-敦北法人,2023-05-09,0037003700390063
2834,臺企銀,452,0,452,國票-敦北法人,2023-05-09,0037003700390063
2376,技嘉,345,34,311,國票-敦北法人,2023-05-09,0037003700390063
8299,群聯,282,11,271,國票-敦北法人,2023-05-09,0037003700390063
00687B,國泰20年美債,205,0,205,國票-敦北法人,2023-05-09,0037003700390063
3006,晶豪科,313,109,204,國票-敦北法人,2023-05-09,0037003700390063
2548,華固,193,0,193,國票-敦北法人,2023-05-09,0037003700390063
2892,第一金,180,5,175,國票-敦北法人,2023-05-09,0037003700390063
3189,景碩,161,20,141,國票-敦北法人,2023-05-09,0037003700390063
4915,致伸,146,8,138,國票-敦北法人,2023-05-09,0037003700390063
2330,台積電,138,9,129,國票-敦北法人,2023-05-09,0037003700390063
2313,華通,150,50,100,國票-敦北法人,2023-05-09,0037003700390063
1305,華夏,100,0,100,國票-敦北法人,2023-05-09,0037003700390063
5876,上海商銀,100,0,100,國票-敦北法人,2023-05-09,0037003700390063
1308,亞聚,100,0,100,國票-敦北法人,2023-05-09,0037003700390063
1504,東元,343,248,95,國票-敦北法人,2023-05-09,0037003700390063
1503,士電,206,132,74,國票-敦北法人,2023-05-09,0037003700390063
8097,常珵,78,10,68,國票-敦北法人,2023-05-09,0037003700390063
6244,茂迪,64,5,59,國票-敦北法人,2023-05-09,0037003700390063
2204,中華,57,0,57,國票-敦北法人,2023-05-09,0037003700390063
3105,穩懋,57,7,50,國票-敦北法人,2023-05-09,0037003700390063
1402,遠東新,94,44,50,國票-敦北法人,2023-05-09,0037003700390063
5443,均豪,46,0,46,國票-敦北法人,2023-05-09,0037003700390063
2385,群光,55,10,45,國票-敦北法人,2023-05-09,0037003700390063
3673,TPK-KY,53,10,43,國票-敦北法人,2023-05-09,0037003700390063
3058,立德,46,3,43,國票-敦北法人,2023-05-09,0037003700390063
3037,欣興,339,299,40,國票-敦北法人,2023-05-09,0037003700390063
2402,毅嘉,167,127,40,國票-敦北法人,2023-05-09,0037003700390063
1609,大亞,319,286,33,國票-敦北法人,2023-05-09,0037003700390063
6235,華孚,33,1,32,國票-敦北法人,2023-05-09,0037003700390063
2314,台揚,32,0,32,國票-敦北法人,2023-05-09,0037003700390063
5211,蒙恬,31,0,31,國票-敦北法人,2023-05-09,0037003700390063
4147,中裕,30,0,30,國票-敦北法人,2023-05-09,0037003700390063
1795,美時,66,36,30,國票-敦北法人,2023-05-09,0037003700390063
5284,jpp-KY,53,24,29,國票-敦北法人,2023-05-09,0037003700390063
2428,興勤,26,0,26,國票-敦北法人,2023-05-09,0037003700390063
2915,潤泰全,39,14,25,國票-敦北法人,2023-05-09,0037003700390063
6223,旺矽,52,27,25,國票-敦北法人,2023-05-09,0037003700390063
3532,台勝科,25,0,25,國票-敦北法人,2023-05-09,0037003700390063
2745,五福,25,0,25,國票-敦北法人,2023-05-09,0037003700390063
1101,台泥,343,319,24,國票-敦北法人,2023-05-09,0037003700390063
1313,聯成,23,0,23,國票-敦北法人,2023-05-09,0037003700390063
8033,雷虎,100,77,23,國票-敦北法人,2023-05-09,0037003700390063
3338,泰碩,34,14,20,國票-敦北法人,2023-05-09,0037003700390063
6443,元晶,191,171,20,國票-敦北法人,2023-05-09,0037003700390063
6129,普誠,48,28,20,國票-敦北法人,2023-05-09,0037003700390063
3712,永崴投控,74,57,17,國票-敦北法人,2023-05-09,0037003700390063
1722,台肥,506,6,500,國票-敦北法人,2023-05-10,0037003700390063
2352,佳世達,468,51,417,國票-敦北法人,2023-05-10,0037003700390063
2892,第一金,300,6,294,國票-敦北法人,2023-05-10,0037003700390063
2618,長榮航,538,249,289,國票-敦北法人,2023-05-10,0037003700390063
3037,欣興,444,199,245,國票-敦北法人,2023-05-10,0037003700390063
2408,南亞科,204,4,200,國票-敦北法人,2023-05-10,0037003700390063
2548,華固,200,1,199,國票-敦北法人,2023-05-10,0037003700390063
00878,國泰永續高股息,151,0,151,國票-敦北法人,2023-05-10,0037003700390063
00637L,元大滬深300正2,167,21,146,國票-敦北法人,2023-05-10,0037003700390063
6689,伊雲谷,122,19,103,國票-敦北法人,2023-05-10,0037003700390063
3711,日月光投控,163,63,100,國票-敦北法人,2023-05-10,0037003700390063
9939,宏全,92,8,84,國票-敦北法人,2023-05-10,0037003700390063
3034,聯詠,124,44,80,國票-敦北法人,2023-05-10,0037003700390063
3715,定穎投控,111,31,80,國票-敦北法人,2023-05-10,0037003700390063
8097,常珵,81,1,80,國票-敦北法人,2023-05-10,0037003700390063
2204,中華,88,14,74,國票-敦北法人,2023-05-10,0037003700390063
1513,中興電,151,87,64,國票-敦北法人,2023-05-10,0037003700390063
6781,AES-KY,63,0,63,國票-敦北法人,2023-05-10,0037003700390063
3675,德微,57,0,57,國票-敦北法人,2023-05-10,0037003700390063
2882,國泰金,163,109,54,國票-敦北法人,2023-05-10,0037003700390063
2915,潤泰全,69,16,53,國票-敦北法人,2023-05-10,0037003700390063
3045,台灣大,50,0,50,國票-敦北法人,2023-05-10,0037003700390063
2385,群光,61,15,46,國票-敦北法人,2023-05-10,0037003700390063
4958,臻鼎-KY,61,16,45,國票-敦北法人,2023-05-10,0037003700390063
6245,立端,90,51,39,國票-敦北法人,2023-05-10,0037003700390063
2301,光寶科,50,12,38,國票-敦北法人,2023-05-10,0037003700390063
6147,頎邦,47,12,35,國票-敦北法人,2023-05-10,0037003700390063
6282,康舒,266,243,23,國票-敦北法人,2023-05-10,0037003700390063
6806,森崴能源,238,215,23,國票-敦北法人,2023-05-10,0037003700390063
8222,寶一,39,16,23,國票-敦北法人,2023-05-10,0037003700390063
6214,精誠,24,1,23,國票-敦北法人,2023-05-10,0037003700390063
2007,燁興,20,0,20,國票-敦北法人,2023-05-10,0037003700390063
2102,泰豐,20,0,20,國票-敦北法人,2023-05-10,0037003700390063
2357,華碩,23,3,20,國票-敦北法人,2023-05-10,0037003700390063
1434,福懋,20,0,20,國票-敦北法人,2023-05-10,0037003700390063
2395,研華,19,0,19,國票-敦北法人,2023-05-10,0037003700390063
4979,華星光,18,0,18,國票-敦北法人,2023-05-10,0037003700390063
3202,樺晟,140,122,18,國票-敦北法人,2023-05-10,0037003700390063
2330,台積電,21,6,15,國票-敦北法人,2023-05-10,0037003700390063
8905,裕國,15,0,15,國票-敦北法人,2023-05-10,0037003700390063
8183,精星,15,0,15,國票-敦北法人,2023-05-10,0037003700390063
4121,優盛,21,7,14,國票-敦北法人,2023-05-10,0037003700390063
6209,今國光,17,4,13,國票-敦北法人,2023-05-10,0037003700390063
3209,全科,17,4,13,國票-敦北法人,2023-05-10,0037003700390063
6223,旺矽,23,11,12,國票-敦北法人,2023-05-10,0037003700390063
8091,翔名,12,0,12,國票-敦北法人,2023-05-10,0037003700390063
00751B,元大AAA至A公司債,11,0,11,國票-敦北法人,2023-05-10,0037003700390063
2421,建準,259,248,11,國票-敦北法人,2023-05-10,0037003700390063
6472,保瑞,16,6,10,國票-敦北法人,2023-05-10,0037003700390063
4968,立積,53,43,10,國票-敦北法人,2023-05-10,0037003700390063
2382,廣達,1447,38,1409,國票-敦北法人,2023-05-11,0037003700390063
3037,欣興,661,138,523,國票-敦北法人,2023-05-11,0037003700390063
3596,智易,468,11,457,國票-敦北法人,2023-05-11,0037003700390063
2882,國泰金,611,197,414,國票-敦北法人,2023-05-11,0037003700390063
5439,高技,358,21,337,國票-敦北法人,2023-05-11,0037003700390063
2301,光寶科,333,8,325,國票-敦北法人,2023-05-11,0037003700390063
0056,元大高股息,301,0,301,國票-敦北法人,2023-05-11,0037003700390063
1722,台肥,315,15,300,國票-敦北法人,2023-05-11,0037003700390063
8069,元太,214,13,201,國票-敦北法人,2023-05-11,0037003700390063
2317,鴻海,201,0,201,國票-敦北法人,2023-05-11,0037003700390063
2548,華固,198,2,196,國票-敦北法人,2023-05-11,0037003700390063
3011,今皓,184,2,182,國票-敦北法人,2023-05-11,0037003700390063
2912,統一超,173,2,171,國票-敦北法人,2023-05-11,0037003700390063
8358,金居,162,23,139,國票-敦北法人,2023-05-11,0037003700390063
1785,光洋科,132,1,131,國票-敦北法人,2023-05-11,0037003700390063
2915,潤泰全,145,21,124,國票-敦北法人,2023-05-11,0037003700390063
3189,景碩,146,36,110,國票-敦北法人,2023-05-11,0037003700390063
1101,台泥,435,325,110,國票-敦北法人,2023-05-11,0037003700390063
2618,長榮航,329,220,109,國票-敦北法人,2023-05-11,0037003700390063
9921,巨大,104,4,100,國票-敦北法人,2023-05-11,0037003700390063
0050,元大台灣50,100,0,100,國票-敦北法人,2023-05-11,0037003700390063
1519,華城,214,133,81,國票-敦北法人,2023-05-11,0037003700390063
2731,雄獅,76,15,61,國票-敦北法人,2023-05-11,0037003700390063
00637L,元大滬深300正2,63,3,60,國票-敦北法人,2023-05-11,0037003700390063
6245,立端,100,40,60,國票-敦北法人,2023-05-11,0037003700390063
2330,台積電,57,6,51,國票-敦北法人,2023-05-11,0037003700390063
2358,廷鑫,52,1,51,國票-敦北法人,2023-05-11,0037003700390063
9945,潤泰新,76,26,50,國票-敦北法人,2023-05-11,0037003700390063
4746,台耀,53,12,41,國票-敦北法人,2023-05-11,0037003700390063
2308,台達電,41,1,40,國票-敦北法人,2023-05-11,0037003700390063
2610,華航,242,208,34,國票-敦北法人,2023-05-11,0037003700390063
1784,訊聯,44,16,28,國票-敦北法人,2023-05-11,0037003700390063
6589,台康生技,65,38,27,國票-敦北法人,2023-05-11,0037003700390063
4958,臻鼎-KY,33,8,25,國票-敦北法人,2023-05-11,0037003700390063
4164,承業醫,47,22,25,國票-敦北法人,2023-05-11,0037003700390063
6223,旺矽,39,15,24,國票-敦北法人,2023-05-11,0037003700390063
2206,三陽工業,84,62,22,國票-敦北法人,2023-05-11,0037003700390063
4114,健喬,119,98,21,國票-敦北法人,2023-05-11,0037003700390063
3024,憶聲,20,0,20,國票-敦北法人,2023-05-11,0037003700390063
1727,中華化,20,0,20,國票-敦北法人,2023-05-11,0037003700390063
2357,華碩,23,3,20,國票-敦北法人,2023-05-11,0037003700390063
5302,太欣,20,0,20,國票-敦北法人,2023-05-11,0037003700390063
5227,立凱-KY,20,0,20,國票-敦北法人,2023-05-11,0037003700390063
00688L,國泰20年美債正2,20,0,20,國票-敦北法人,2023-05-11,0037003700390063
3296,勝德,20,0,20,國票-敦北法人,2023-05-11,0037003700390063
8415,大國鋼,20,0,20,國票-敦北法人,2023-05-11,0037003700390063
1609,大亞,372,354,18,國票-敦北法人,2023-05-11,0037003700390063
2351,順德,85,67,18,國票-敦北法人,2023-05-11,0037003700390063
2312,金寶,15,0,15,國票-敦北法人,2023-05-11,0037003700390063
2701,萬企,15,0,15,國票-敦北法人,2023-05-11,0037003700390063
2382,廣達,2642,601,2041,國票-敦北法人,2023-05-12,0037003700390063
2206,三陽工業,437,43,394,國票-敦北法人,2023-05-12,0037003700390063
0050,元大台灣50,256,0,256,國票-敦北法人,2023-05-12,0037003700390063
2548,華固,200,0,200,國票-敦北法人,2023-05-12,0037003700390063
2457,飛宏,209,10,199,國票-敦北法人,2023-05-12,0037003700390063
2912,統一超,170,0,170,國票-敦北法人,2023-05-12,0037003700390063
2317,鴻海,166,0,166,國票-敦北法人,2023-05-12,0037003700390063
3037,欣興,265,103,162,國票-敦北法人,2023-05-12,0037003700390063
3479,安勤,186,33,153,國票-敦北法人,2023-05-12,0037003700390063
3624,光頡,137,0,137,國票-敦北法人,2023-05-12,0037003700390063
00637L,元大滬深300正2,159,24,135,國票-敦北法人,2023-05-12,0037003700390063
2618,長榮航,407,275,132,國票-敦北法人,2023-05-12,0037003700390063
6179,亞通,120,0,120,國票-敦北法人,2023-05-12,0037003700390063
1402,遠東新,129,9,120,國票-敦北法人,2023-05-12,0037003700390063
2308,台達電,142,33,109,國票-敦北法人,2023-05-12,0037003700390063
2002,中鋼,160,56,104,國票-敦北法人,2023-05-12,0037003700390063
6235,華孚,321,219,102,國票-敦北法人,2023-05-12,0037003700390063
2881,富邦金,155,54,101,國票-敦北法人,2023-05-12,0037003700390063
1513,中興電,114,17,97,國票-敦北法人,2023-05-12,0037003700390063
6515,穎崴,95,0,95,國票-敦北法人,2023-05-12,0037003700390063
3533,嘉澤,75,0,75,國票-敦北法人,2023-05-12,0037003700390063
6223,旺矽,96,22,74,國票-敦北法人,2023-05-12,0037003700390063
1303,南亞,71,0,71,國票-敦北法人,2023-05-12,0037003700390063
9910,豐泰,70,0,70,國票-敦北法人,2023-05-12,0037003700390063
2412,中華電,60,0,60,國票-敦北法人,2023-05-12,0037003700390063
5234,達興材料,55,0,55,國票-敦北法人,2023-05-12,0037003700390063
2376,技嘉,95,46,49,國票-敦北法人,2023-05-12,0037003700390063
1108,幸福,40,0,40,國票-敦北法人,2023-05-12,0037003700390063
2102,泰豐,40,0,40,國票-敦北法人,2023-05-12,0037003700390063
4123,晟德,61,25,36,國票-敦北法人,2023-05-12,0037003700390063
8255,朋程,35,0,35,國票-敦北法人,2023-05-12,0037003700390063
3058,立德,35,3,32,國票-敦北法人,2023-05-12,0037003700390063
1504,東元,36,5,31,國票-敦北法人,2023-05-12,0037003700390063
3023,信邦,30,0,30,國票-敦北法人,2023-05-12,0037003700390063
2357,華碩,44,16,28,國票-敦北法人,2023-05-12,0037003700390063
5452,佶優,30,5,25,國票-敦北法人,2023-05-12,0037003700390063
3162,精確,28,3,25,國票-敦北法人,2023-05-12,0037003700390063
1519,華城,29,6,23,國票-敦北法人,2023-05-12,0037003700390063
2014,中鴻,77,55,22,國票-敦北法人,2023-05-12,0037003700390063
2421,建準,27,6,21,國票-敦北法人,2023-05-12,0037003700390063
6589,台康生技,46,25,21,國票-敦北法人,2023-05-12,0037003700390063
4931,新盛力,20,0,20,國票-敦北法人,2023-05-12,0037003700390063
4116,明基醫,20,0,20,國票-敦北法人,2023-05-12,0037003700390063
4114,健喬,124,104,20,國票-敦北法人,2023-05-12,0037003700390063
3025,星通,25,5,20,國票-敦北法人,2023-05-12,0037003700390063
2637,慧洋-KY,23,3,20,國票-敦北法人,2023-05-12,0037003700390063
4550,長佳,20,0,20,國票-敦北法人,2023-05-12,0037003700390063
6548,長科*,22,3,19,國票-敦北法人,2023-05-12,0037003700390063
8222,寶一,34,15,19,國票-敦北法人,2023-05-12,0037003700390063
6811,宏�硌穈T,20,1,19,國票-敦北法人,2023-05-12,0037003700390063
2382,廣達,649,223,426,國票-敦北法人,2023-05-15,0037003700390063
00637L,元大滬深300正2,243,13,230,國票-敦北法人,2023-05-15,0037003700390063
2408,南亞科,242,18,224,國票-敦北法人,2023-05-15,0037003700390063
2548,華固,205,0,205,國票-敦北法人,2023-05-15,0037003700390063
8069,元太,168,14,154,國票-敦北法人,2023-05-15,0037003700390063
2618,長榮航,389,252,137,國票-敦北法人,2023-05-15,0037003700390063
3711,日月光投控,100,0,100,國票-敦北法人,2023-05-15,0037003700390063
1608,華榮,93,10,83,國票-敦北法人,2023-05-15,0037003700390063
3443,創意,129,49,80,國票-敦北法人,2023-05-15,0037003700390063
2376,技嘉,118,57,61,國票-敦北法人,2023-05-15,0037003700390063
6179,亞通,60,0,60,國票-敦北法人,2023-05-15,0037003700390063
2356,英業達,93,40,53,國票-敦北法人,2023-05-15,0037003700390063
2367,燿華,50,0,50,國票-敦北法人,2023-05-15,0037003700390063
1731,美吾華,40,0,40,國票-敦北法人,2023-05-15,0037003700390063
2102,泰豐,39,0,39,國票-敦北法人,2023-05-15,0037003700390063
4766,南寶,37,0,37,國票-敦北法人,2023-05-15,0037003700390063
2732,六角,40,5,35,國票-敦北法人,2023-05-15,0037003700390063
2736,富野,35,3,32,國票-敦北法人,2023-05-15,0037003700390063
2731,雄獅,76,46,30,國票-敦北法人,2023-05-15,0037003700390063
1307,三芳,30,0,30,國票-敦北法人,2023-05-15,0037003700390063
9944,新麗,30,0,30,國票-敦北法人,2023-05-15,0037003700390063
3363,上詮,68,42,26,國票-敦北法人,2023-05-15,0037003700390063
9921,巨大,47,22,25,國票-敦北法人,2023-05-15,0037003700390063
2630,亞航,29,4,25,國票-敦北法人,2023-05-15,0037003700390063
2303,聯電,320,296,24,國票-敦北法人,2023-05-15,0037003700390063
00753L,中信中國50正2,20,0,20,國票-敦北法人,2023-05-15,0037003700390063
2201,裕隆,34,16,18,國票-敦北法人,2023-05-15,0037003700390063
2816,旺旺保,18,0,18,國票-敦北法人,2023-05-15,0037003700390063
4175,杏一,21,3,18,國票-敦北法人,2023-05-15,0037003700390063
3712,永崴投控,17,0,17,國票-敦北法人,2023-05-15,0037003700390063
2204,中華,28,12,16,國票-敦北法人,2023-05-15,0037003700390063
1514,亞力,75,60,15,國票-敦北法人,2023-05-15,0037003700390063
4533,協易機,35,20,15,國票-敦北法人,2023-05-15,0037003700390063
4164,承業醫,15,0,15,國票-敦北法人,2023-05-15,0037003700390063
3346,麗清,15,0,15,國票-敦北法人,2023-05-15,0037003700390063
2438,翔耀,15,0,15,國票-敦北法人,2023-05-15,0037003700390063
6712,長聖,35,22,13,國票-敦北法人,2023-05-15,0037003700390063
4763,材料-KY,52,40,12,國票-敦北法人,2023-05-15,0037003700390063
2331,精英,100,89,11,國票-敦北法人,2023-05-15,0037003700390063
00900,富邦特選高股息30,11,0,11,國票-敦北法人,2023-05-15,0037003700390063
1784,訊聯,23,12,11,國票-敦北法人,2023-05-15,0037003700390063
1722,台肥,14,4,10,國票-敦北法人,2023-05-15,0037003700390063
5880,合庫金,10,0,10,國票-敦北法人,2023-05-15,0037003700390063
5351,鈺創,41,31,10,國票-敦北法人,2023-05-15,0037003700390063
3023,信邦,10,0,10,國票-敦北法人,2023-05-15,0037003700390063
4138,曜亞,10,0,10,國票-敦北法人,2023-05-15,0037003700390063
6470,宇智,10,0,10,國票-敦北法人,2023-05-15,0037003700390063
8938,明安,10,0,10,國票-敦北法人,2023-05-15,0037003700390063
2528,皇普,10,0,10,國票-敦北法人,2023-05-15,0037003700390063
4147,中裕,74,64,10,國票-敦北法人,2023-05-15,0037003700390063
00680L,元大美債20正2,1010,0,1010,國票-敦北法人,2023-05-16,0037003700390063
2002,中鋼,702,0,702,國票-敦北法人,2023-05-16,0037003700390063
1216,統一,700,30,670,國票-敦北法人,2023-05-16,0037003700390063
2313,華通,568,68,500,國票-敦北法人,2023-05-16,0037003700390063
3017,奇鋐,538,52,486,國票-敦北法人,2023-05-16,0037003700390063
2618,長榮航,407,69,338,國票-敦北法人,2023-05-16,0037003700390063
00632R,元大台灣50反1,324,0,324,國票-敦北法人,2023-05-16,0037003700390063
1101,台泥,328,6,322,國票-敦北法人,2023-05-16,0037003700390063
00878,國泰永續高股息,223,5,218,國票-敦北法人,2023-05-16,0037003700390063
2883,凱基金,200,2,198,國票-敦北法人,2023-05-16,0037003700390063
2352,佳世達,182,12,170,國票-敦北法人,2023-05-16,0037003700390063
2912,統一超,169,0,169,國票-敦北法人,2023-05-16,0037003700390063
5483,中美晶,157,7,150,國票-敦北法人,2023-05-16,0037003700390063
6235,華孚,296,166,130,國票-敦北法人,2023-05-16,0037003700390063
0050,元大台灣50,124,0,124,國票-敦北法人,2023-05-16,0037003700390063
3231,緯創,349,225,124,國票-敦北法人,2023-05-16,0037003700390063
2368,金像電,172,49,123,國票-敦北法人,2023-05-16,0037003700390063
1402,遠東新,138,18,120,國票-敦北法人,2023-05-16,0037003700390063
2317,鴻海,108,0,108,國票-敦北法人,2023-05-16,0037003700390063
9910,豐泰,101,0,101,國票-敦北法人,2023-05-16,0037003700390063
3515,華擎,100,2,98,國票-敦北法人,2023-05-16,0037003700390063
2204,中華,114,17,97,國票-敦北法人,2023-05-16,0037003700390063
2059,川湖,95,4,91,國票-敦北法人,2023-05-16,0037003700390063
9938,百和,90,0,90,國票-敦北法人,2023-05-16,0037003700390063
3715,定穎投控,242,152,90,國票-敦北法人,2023-05-16,0037003700390063
2376,技嘉,170,88,82,國票-敦北法人,2023-05-16,0037003700390063
3540,曜越,101,22,79,國票-敦北法人,2023-05-16,0037003700390063
5706,鳳凰,91,20,71,國票-敦北法人,2023-05-16,0037003700390063
1210,大成,75,5,70,國票-敦北法人,2023-05-16,0037003700390063
3711,日月光投控,71,2,69,國票-敦北法人,2023-05-16,0037003700390063
2421,建準,96,35,61,國票-敦北法人,2023-05-16,0037003700390063
8905,裕國,50,1,49,國票-敦北法人,2023-05-16,0037003700390063
2633,台灣高鐵,64,18,46,國票-敦北法人,2023-05-16,0037003700390063
1609,大亞,180,135,45,國票-敦北法人,2023-05-16,0037003700390063
9944,新麗,43,0,43,國票-敦北法人,2023-05-16,0037003700390063
3362,先進光,46,8,38,國票-敦北法人,2023-05-16,0037003700390063
2495,普安,64,29,35,國票-敦北法人,2023-05-16,0037003700390063
3675,德微,40,8,32,國票-敦北法人,2023-05-16,0037003700390063
2454,聯發科,41,10,31,國票-敦北法人,2023-05-16,0037003700390063
6288,聯嘉,37,7,30,國票-敦北法人,2023-05-16,0037003700390063
6781,AES-KY,31,1,30,國票-敦北法人,2023-05-16,0037003700390063
4770,上品,28,0,28,國票-敦北法人,2023-05-16,0037003700390063
1513,中興電,67,41,26,國票-敦北法人,2023-05-16,0037003700390063
4938,和碩,22,2,20,國票-敦北法人,2023-05-16,0037003700390063
4746,台耀,23,5,18,國票-敦北法人,2023-05-16,0037003700390063
3701,大眾控,47,30,17,國票-敦北法人,2023-05-16,0037003700390063
2201,裕隆,21,4,17,國票-敦北法人,2023-05-16,0037003700390063
4572,駐龍,20,4,16,國票-敦北法人,2023-05-16,0037003700390063
5464,霖宏,15,0,15,國票-敦北法人,2023-05-16,0037003700390063
3014,聯陽,18,4,14,國票-敦北法人,2023-05-16,0037003700390063
2376,技嘉,995,41,954,國票-敦北法人,2023-05-17,0037003700390063
00878,國泰永續高股息,341,29,312,國票-敦北法人,2023-05-17,0037003700390063
8069,元太,495,194,301,國票-敦北法人,2023-05-17,0037003700390063
9939,宏全,331,50,281,國票-敦北法人,2023-05-17,0037003700390063
2891,中信金,316,48,268,國票-敦北法人,2023-05-17,0037003700390063
2883,凱基金,212,2,210,國票-敦北法人,2023-05-17,0037003700390063
1605,華新,200,2,198,國票-敦北法人,2023-05-17,0037003700390063
5371,中光電,200,5,195,國票-敦北法人,2023-05-17,0037003700390063
3711,日月光投控,166,18,148,國票-敦北法人,2023-05-17,0037003700390063
1710,東聯,145,2,143,國票-敦北法人,2023-05-17,0037003700390063
2886,兆豐金,130,5,125,國票-敦北法人,2023-05-17,0037003700390063
4147,中裕,126,6,120,國票-敦北法人,2023-05-17,0037003700390063
2301,光寶科,148,45,103,國票-敦北法人,2023-05-17,0037003700390063
1102,亞泥,114,14,100,國票-敦北法人,2023-05-17,0037003700390063
1308,亞聚,97,0,97,國票-敦北法人,2023-05-17,0037003700390063
2882,國泰金,199,103,96,國票-敦北法人,2023-05-17,0037003700390063
2421,建準,119,27,92,國票-敦北法人,2023-05-17,0037003700390063
6417,韋僑,94,4,90,國票-敦北法人,2023-05-17,0037003700390063
3038,全台,65,2,63,國票-敦北法人,2023-05-17,0037003700390063
2402,毅嘉,381,318,63,國票-敦北法人,2023-05-17,0037003700390063
5234,達興材料,63,0,63,國票-敦北法人,2023-05-17,0037003700390063
3037,欣興,134,79,55,國票-敦北法人,2023-05-17,0037003700390063
00632R,元大台灣50反1,85,31,54,國票-敦北法人,2023-05-17,0037003700390063
2634,漢翔,57,4,53,國票-敦北法人,2023-05-17,0037003700390063
8436,大江,50,0,50,國票-敦北法人,2023-05-17,0037003700390063
2454,聯發科,64,16,48,國票-敦北法人,2023-05-17,0037003700390063
3702,大聯大,56,11,45,國票-敦北法人,2023-05-17,0037003700390063
5324,士開,43,0,43,國票-敦北法人,2023-05-17,0037003700390063
6223,旺矽,65,22,43,國票-敦北法人,2023-05-17,0037003700390063
3558,神準,41,3,38,國票-敦北法人,2023-05-17,0037003700390063
1795,美時,78,41,37,國票-敦北法人,2023-05-17,0037003700390063
5225,東科-KY,51,15,36,國票-敦北法人,2023-05-17,0037003700390063
1504,東元,83,47,36,國票-敦北法人,2023-05-17,0037003700390063
3006,晶豪科,74,38,36,國票-敦北法人,2023-05-17,0037003700390063
4979,華星光,34,0,34,國票-敦北法人,2023-05-17,0037003700390063
3715,定穎投控,101,67,34,國票-敦北法人,2023-05-17,0037003700390063
00637L,元大滬深300正2,38,5,33,國票-敦北法人,2023-05-17,0037003700390063
3231,緯創,106,81,25,國票-敦北法人,2023-05-17,0037003700390063
1781,合世,25,0,25,國票-敦北法人,2023-05-17,0037003700390063
1305,華夏,24,0,24,國票-敦北法人,2023-05-17,0037003700390063
2408,南亞科,36,13,23,國票-敦北法人,2023-05-17,0037003700390063
3701,大眾控,22,1,21,國票-敦北法人,2023-05-17,0037003700390063
1905,華紙,42,21,21,國票-敦北法人,2023-05-17,0037003700390063
1301,台塑,24,3,21,國票-敦北法人,2023-05-17,0037003700390063
2816,旺旺保,20,0,20,國票-敦北法人,2023-05-17,0037003700390063
3036,文曄,20,0,20,國票-敦北法人,2023-05-17,0037003700390063
8088,品安,35,15,20,國票-敦北法人,2023-05-17,0037003700390063
2371,大同,177,158,19,國票-敦北法人,2023-05-17,0037003700390063
2204,中華,20,1,19,國票-敦北法人,2023-05-17,0037003700390063
0050,元大台灣50,18,0,18,國票-敦北法人,2023-05-17,0037003700390063
1513,中興電,752,48,704,國票-敦北法人,2023-05-18,0037003700390063
3231,緯創,555,34,521,國票-敦北法人,2023-05-18,0037003700390063
2376,技嘉,798,394,404,國票-敦北法人,2023-05-18,0037003700390063
2834,臺企銀,412,16,396,國票-敦北法人,2023-05-18,0037003700390063
8069,元太,531,181,350,國票-敦北法人,2023-05-18,0037003700390063
1503,士電,306,20,286,國票-敦北法人,2023-05-18,0037003700390063
2201,裕隆,380,118,262,國票-敦北法人,2023-05-18,0037003700390063
3045,台灣大,260,0,260,國票-敦北法人,2023-05-18,0037003700390063
2204,中華,298,67,231,國票-敦北法人,2023-05-18,0037003700390063
2548,華固,224,1,223,國票-敦北法人,2023-05-18,0037003700390063
4904,遠傳,180,0,180,國票-敦北法人,2023-05-18,0037003700390063
2408,南亞科,201,26,175,國票-敦北法人,2023-05-18,0037003700390063
2301,光寶科,169,5,164,國票-敦北法人,2023-05-18,0037003700390063
1710,東聯,150,20,130,國票-敦北法人,2023-05-18,0037003700390063
9910,豐泰,125,0,125,國票-敦北法人,2023-05-18,0037003700390063
3017,奇鋐,289,172,117,國票-敦北法人,2023-05-18,0037003700390063
8924,大田,102,0,102,國票-敦北法人,2023-05-18,0037003700390063
1308,亞聚,100,0,100,國票-敦北法人,2023-05-18,0037003700390063
1305,華夏,100,0,100,國票-敦北法人,2023-05-18,0037003700390063
2382,廣達,359,269,90,國票-敦北法人,2023-05-18,0037003700390063
2383,台光電,110,25,85,國票-敦北法人,2023-05-18,0037003700390063
00878,國泰永續高股息,103,21,82,國票-敦北法人,2023-05-18,0037003700390063
6285,啟��,189,112,77,國票-敦北法人,2023-05-18,0037003700390063
00632R,元大台灣50反1,96,20,76,國票-敦北法人,2023-05-18,0037003700390063
6214,精誠,94,20,74,國票-敦北法人,2023-05-18,0037003700390063
2357,華碩,91,22,69,國票-敦北法人,2023-05-18,0037003700390063
2480,敦陽科,68,0,68,國票-敦北法人,2023-05-18,0037003700390063
6811,宏�硌穈T,65,7,58,國票-敦北法人,2023-05-18,0037003700390063
6472,保瑞,74,24,50,國票-敦北法人,2023-05-18,0037003700390063
3006,晶豪科,133,84,49,國票-敦北法人,2023-05-18,0037003700390063
4979,華星光,71,27,44,國票-敦北法人,2023-05-18,0037003700390063
1795,美時,54,11,43,國票-敦北法人,2023-05-18,0037003700390063
3163,波若威,44,2,42,國票-敦北法人,2023-05-18,0037003700390063
2891,中信金,77,37,40,國票-敦北法人,2023-05-18,0037003700390063
4968,立積,42,3,39,國票-敦北法人,2023-05-18,0037003700390063
2630,亞航,146,112,34,國票-敦北法人,2023-05-18,0037003700390063
00671R,富邦NASDAQ反1,30,0,30,國票-敦北法人,2023-05-18,0037003700390063
3701,大眾控,48,18,30,國票-敦北法人,2023-05-18,0037003700390063
00637L,元大滬深300正2,43,13,30,國票-敦北法人,2023-05-18,0037003700390063
9914,美利達,30,0,30,國票-敦北法人,2023-05-18,0037003700390063
1722,台肥,36,6,30,國票-敦北法人,2023-05-18,0037003700390063
3704,合勤控,104,74,30,國票-敦北法人,2023-05-18,0037003700390063
5009,榮剛,111,82,29,國票-敦北法人,2023-05-18,0037003700390063
6282,康舒,372,343,29,國票-敦北法人,2023-05-18,0037003700390063
3675,德微,82,53,29,國票-敦北法人,2023-05-18,0037003700390063
3011,今皓,27,0,27,國票-敦北法人,2023-05-18,0037003700390063
8222,寶一,278,252,26,國票-敦北法人,2023-05-18,0037003700390063
8436,大江,26,1,25,國票-敦北法人,2023-05-18,0037003700390063
3178,公準,25,2,23,國票-敦北法人,2023-05-18,0037003700390063
3038,全台,26,4,22,國票-敦北法人,2023-05-18,0037003700390063
3231,緯創,1877,56,1821,國票-敦北法人,2023-05-19,0037003700390063
3025,星通,816,88,728,國票-敦北法人,2023-05-19,0037003700390063
2891,中信金,695,102,593,國票-敦北法人,2023-05-19,0037003700390063
2834,臺企銀,384,45,339,國票-敦北法人,2023-05-19,0037003700390063
2376,技嘉,397,74,323,國票-敦北法人,2023-05-19,0037003700390063
6517,保勝光學,339,75,264,國票-敦北法人,2023-05-19,0037003700390063
3715,定穎投控,343,97,246,國票-敦北法人,2023-05-19,0037003700390063
2548,華固,230,0,230,國票-敦北法人,2023-05-19,0037003700390063
3017,奇鋐,246,43,203,國票-敦北法人,2023-05-19,0037003700390063
3078,僑威,336,133,203,國票-敦北法人,2023-05-19,0037003700390063
00882,中信中國高股息,200,0,200,國票-敦北法人,2023-05-19,0037003700390063
00637L,元大滬深300正2,265,73,192,國票-敦北法人,2023-05-19,0037003700390063
2031,新光鋼,212,25,187,國票-敦北法人,2023-05-19,0037003700390063
1710,東聯,162,16,146,國票-敦北法人,2023-05-19,0037003700390063
6112,邁達特,255,111,144,國票-敦北法人,2023-05-19,0037003700390063
2382,廣達,403,261,142,國票-敦北法人,2023-05-19,0037003700390063
1305,華夏,125,0,125,國票-敦北法人,2023-05-19,0037003700390063
1308,亞聚,100,0,100,國票-敦北法人,2023-05-19,0037003700390063
2301,光寶科,109,15,94,國票-敦北法人,2023-05-19,0037003700390063
6138,茂達,81,0,81,國票-敦北法人,2023-05-19,0037003700390063
5258,虹堡,143,70,73,國票-敦北法人,2023-05-19,0037003700390063
8215,明基材,77,8,69,國票-敦北法人,2023-05-19,0037003700390063
4979,華星光,70,8,62,國票-敦北法人,2023-05-19,0037003700390063
6235,華孚,250,188,62,國票-敦北法人,2023-05-19,0037003700390063
2454,聯發科,64,7,57,國票-敦北法人,2023-05-19,0037003700390063
5243,乙盛-KY,89,32,57,國票-敦北法人,2023-05-19,0037003700390063
9914,美利達,51,0,51,國票-敦北法人,2023-05-19,0037003700390063
2357,華碩,56,6,50,國票-敦北法人,2023-05-19,0037003700390063
2408,南亞科,74,24,50,國票-敦北法人,2023-05-19,0037003700390063
3693,營邦,73,24,49,國票-敦北法人,2023-05-19,0037003700390063
3178,公準,48,4,44,國票-敦北法人,2023-05-19,0037003700390063
00900,富邦特選高股息30,44,0,44,國票-敦北法人,2023-05-19,0037003700390063
00891,中信關鍵半導體,39,0,39,國票-敦北法人,2023-05-19,0037003700390063
8074,鉅橡,38,0,38,國票-敦北法人,2023-05-19,0037003700390063
6811,宏�硌穈T,36,0,36,國票-敦北法人,2023-05-19,0037003700390063
6245,立端,103,70,33,國票-敦北法人,2023-05-19,0037003700390063
4768,晶呈科技,34,4,30,國票-敦北法人,2023-05-19,0037003700390063
3034,聯詠,48,21,27,國票-敦北法人,2023-05-19,0037003700390063
2471,資通,74,47,27,國票-敦北法人,2023-05-19,0037003700390063
8436,大江,31,5,26,國票-敦北法人,2023-05-19,0037003700390063
6679,鈺太,27,1,26,國票-敦北法人,2023-05-19,0037003700390063
2371,大同,267,243,24,國票-敦北法人,2023-05-19,0037003700390063
3443,創意,39,15,24,國票-敦北法人,2023-05-19,0037003700390063
1905,華紙,81,59,22,國票-敦北法人,2023-05-19,0037003700390063
2880,華南金,22,0,22,國票-敦北法人,2023-05-19,0037003700390063
2816,旺旺保,21,0,21,國票-敦北法人,2023-05-19,0037003700390063
5706,鳳凰,52,31,21,國票-敦北法人,2023-05-19,0037003700390063
2402,毅嘉,73,53,20,國票-敦北法人,2023-05-19,0037003700390063
1810,和成,28,8,20,國票-敦北法人,2023-05-19,0037003700390063
3289,宜特,24,4,20,國票-敦北法人,2023-05-19,0037003700390063
2408,南亞科,1633,363,1270,國票-敦北法人,2023-05-22,0037003700390063
2301,光寶科,752,8,744,國票-敦北法人,2023-05-22,0037003700390063
4958,臻鼎-KY,403,8,395,國票-敦北法人,2023-05-22,0037003700390063
2618,長榮航,1116,753,363,國票-敦北法人,2023-05-22,0037003700390063
9910,豐泰,307,0,307,國票-敦北法人,2023-05-22,0037003700390063
3037,欣興,846,600,246,國票-敦北法人,2023-05-22,0037003700390063
2548,華固,235,1,234,國票-敦北法人,2023-05-22,0037003700390063
2455,全新,200,0,200,國票-敦北法人,2023-05-22,0037003700390063
2352,佳世達,261,61,200,國票-敦北法人,2023-05-22,0037003700390063
1589,永冠-KY,109,5,104,國票-敦北法人,2023-05-22,0037003700390063
8261,富鼎,100,0,100,國票-敦北法人,2023-05-22,0037003700390063
1308,亞聚,100,0,100,國票-敦北法人,2023-05-22,0037003700390063
5425,台半,98,3,95,國票-敦北法人,2023-05-22,0037003700390063
3017,奇鋐,206,112,94,國票-敦北法人,2023-05-22,0037003700390063
2731,雄獅,104,10,94,國票-敦北法人,2023-05-22,0037003700390063
2383,台光電,124,33,91,國票-敦北法人,2023-05-22,0037003700390063
1319,東陽,139,49,90,國票-敦北法人,2023-05-22,0037003700390063
6203,海韻電,91,3,88,國票-敦北法人,2023-05-22,0037003700390063
1710,東聯,87,5,82,國票-敦北法人,2023-05-22,0037003700390063
8069,元太,94,14,80,國票-敦北法人,2023-05-22,0037003700390063
3178,公準,80,0,80,國票-敦北法人,2023-05-22,0037003700390063
2208,台船,81,4,77,國票-敦北法人,2023-05-22,0037003700390063
2313,華通,195,134,61,國票-敦北法人,2023-05-22,0037003700390063
6799,來頡,64,4,60,國票-敦北法人,2023-05-22,0037003700390063
2376,技嘉,305,248,57,國票-敦北法人,2023-05-22,0037003700390063
9904,寶成,72,20,52,國票-敦北法人,2023-05-22,0037003700390063
2027,大成鋼,58,11,47,國票-敦北法人,2023-05-22,0037003700390063
4142,國光生,45,0,45,國票-敦北法人,2023-05-22,0037003700390063
6548,長科*,40,1,39,國票-敦北法人,2023-05-22,0037003700390063
2467,志聖,39,0,39,國票-敦北法人,2023-05-22,0037003700390063
8074,鉅橡,38,0,38,國票-敦北法人,2023-05-22,0037003700390063
6441,廣錠,37,4,33,國票-敦北法人,2023-05-22,0037003700390063
2427,三商電,67,35,32,國票-敦北法人,2023-05-22,0037003700390063
3363,上詮,128,96,32,國票-敦北法人,2023-05-22,0037003700390063
6191,精成科,59,28,31,國票-敦北法人,2023-05-22,0037003700390063
6689,伊雲谷,33,4,29,國票-敦北法人,2023-05-22,0037003700390063
6593,台灣銘板,24,0,24,國票-敦北法人,2023-05-22,0037003700390063
2630,亞航,33,11,22,國票-敦北法人,2023-05-22,0037003700390063
6811,宏�硌穈T,24,2,22,國票-敦北法人,2023-05-22,0037003700390063
8464,億豐,21,0,21,國票-敦北法人,2023-05-22,0037003700390063
3162,精確,20,0,20,國票-敦北法人,2023-05-22,0037003700390063
3027,盛達,22,2,20,國票-敦北法人,2023-05-22,0037003700390063
1313,聯成,20,0,20,國票-敦北法人,2023-05-22,0037003700390063
2701,萬企,20,0,20,國票-敦北法人,2023-05-22,0037003700390063
4977,眾達-KY,39,19,20,國票-敦北法人,2023-05-22,0037003700390063
4754,國碳科,19,0,19,國票-敦北法人,2023-05-22,0037003700390063
3438,類比科,19,0,19,國票-敦北法人,2023-05-22,0037003700390063
4966,譜瑞-KY,17,0,17,國票-敦北法人,2023-05-22,0037003700390063
4915,致伸,39,23,16,國票-敦北法人,2023-05-22,0037003700390063
5269,祥碩,15,0,15,國票-敦北法人,2023-05-22,0037003700390063
3231,緯創,883,343,540,國票-敦北法人,2023-05-23,0037003700390063
2376,技嘉,438,64,374,國票-敦北法人,2023-05-23,0037003700390063
2891,中信金,453,123,330,國票-敦北法人,2023-05-23,0037003700390063
2618,長榮航,1029,707,322,國票-敦北法人,2023-05-23,0037003700390063
2382,廣達,468,148,320,國票-敦北法人,2023-05-23,0037003700390063
00687B,國泰20年美債,304,0,304,國票-敦北法人,2023-05-23,0037003700390063
2548,華固,249,3,246,國票-敦北法人,2023-05-23,0037003700390063
00680L,元大美債20正2,200,10,190,國票-敦北法人,2023-05-23,0037003700390063
3587,閎康,188,0,188,國票-敦北法人,2023-05-23,0037003700390063
2731,雄獅,239,55,184,國票-敦北法人,2023-05-23,0037003700390063
2231,為升,176,4,172,國票-敦北法人,2023-05-23,0037003700390063
2383,台光電,194,24,170,國票-敦北法人,2023-05-23,0037003700390063
3078,僑威,247,83,164,國票-敦北法人,2023-05-23,0037003700390063
1210,大成,136,8,128,國票-敦北法人,2023-05-23,0037003700390063
2645,長榮航太,124,10,114,國票-敦北法人,2023-05-23,0037003700390063
9904,寶成,126,26,100,國票-敦北法人,2023-05-23,0037003700390063
2748,雲品,104,5,99,國票-敦北法人,2023-05-23,0037003700390063
2301,光寶科,130,40,90,國票-敦北法人,2023-05-23,0037003700390063
2408,南亞科,114,26,88,國票-敦北法人,2023-05-23,0037003700390063
006208,富邦台50,82,0,82,國票-敦北法人,2023-05-23,0037003700390063
3363,上詮,132,52,80,國票-敦北法人,2023-05-23,0037003700390063
8081,致新,75,0,75,國票-敦北法人,2023-05-23,0037003700390063
1519,華城,121,63,58,國票-敦北法人,2023-05-23,0037003700390063
6274,台燿,110,53,57,國票-敦北法人,2023-05-23,0037003700390063
00712,復華富時不動產,56,0,56,國票-敦北法人,2023-05-23,0037003700390063
2739,寒舍,64,9,55,國票-敦北法人,2023-05-23,0037003700390063
3703,欣陸,51,0,51,國票-敦北法人,2023-05-23,0037003700390063
2495,普安,50,0,50,國票-敦北法人,2023-05-23,0037003700390063
2206,三陽工業,170,121,49,國票-敦北法人,2023-05-23,0037003700390063
6285,啟��,119,70,49,國票-敦北法人,2023-05-23,0037003700390063
8464,億豐,50,2,48,國票-敦北法人,2023-05-23,0037003700390063
3704,合勤控,50,4,46,國票-敦北法人,2023-05-23,0037003700390063
2530,華建,98,52,46,國票-敦北法人,2023-05-23,0037003700390063
4979,華星光,50,4,46,國票-敦北法人,2023-05-23,0037003700390063
2467,志聖,43,0,43,國票-敦北法人,2023-05-23,0037003700390063
8074,鉅橡,41,0,41,國票-敦北法人,2023-05-23,0037003700390063
1810,和成,63,23,40,國票-敦北法人,2023-05-23,0037003700390063
3205,佰研,44,6,38,國票-敦北法人,2023-05-23,0037003700390063
00679B,元大美債20年,37,0,37,國票-敦北法人,2023-05-23,0037003700390063
3624,光頡,36,1,35,國票-敦北法人,2023-05-23,0037003700390063
6126,信音,35,0,35,國票-敦北法人,2023-05-23,0037003700390063
5706,鳳凰,74,39,35,國票-敦北法人,2023-05-23,0037003700390063
8091,翔名,36,3,33,國票-敦北法人,2023-05-23,0037003700390063
2201,裕隆,164,133,31,國票-敦北法人,2023-05-23,0037003700390063
3041,揚智,31,0,31,國票-敦北法人,2023-05-23,0037003700390063
3094,聯傑,33,3,30,國票-敦北法人,2023-05-23,0037003700390063
4919,新唐,30,0,30,國票-敦北法人,2023-05-23,0037003700390063
3038,全台,62,33,29,國票-敦北法人,2023-05-23,0037003700390063
3029,零壹,30,2,28,國票-敦北法人,2023-05-23,0037003700390063
5512,力麒,35,10,25,國票-敦北法人,2023-05-23,0037003700390063
1216,統一,1000,0,1000,國票-敦北法人,2023-05-24,0037003700390063
2618,長榮航,1191,224,967,國票-敦北法人,2023-05-24,0037003700390063
2368,金像電,599,54,545,國票-敦北法人,2023-05-24,0037003700390063
2376,技嘉,542,45,497,國票-敦北法人,2023-05-24,0037003700390063
3003,健和興,514,27,487,國票-敦北法人,2023-05-24,0037003700390063
00651R,復華香港反1,450,0,450,國票-敦北法人,2023-05-24,0037003700390063
1210,大成,268,18,250,國票-敦北法人,2023-05-24,0037003700390063
00637L,元大滬深300正2,271,23,248,國票-敦北法人,2023-05-24,0037003700390063
4114,健喬,300,52,248,國票-敦北法人,2023-05-24,0037003700390063
3231,緯創,525,311,214,國票-敦北法人,2023-05-24,0037003700390063
1301,台塑,200,0,200,國票-敦北法人,2023-05-24,0037003700390063
1519,華城,275,113,162,國票-敦北法人,2023-05-24,0037003700390063
1305,華夏,125,0,125,國票-敦北法人,2023-05-24,0037003700390063
1710,東聯,132,13,119,國票-敦北法人,2023-05-24,0037003700390063
3017,奇鋐,107,2,105,國票-敦北法人,2023-05-24,0037003700390063
1308,亞聚,100,0,100,國票-敦北法人,2023-05-24,0037003700390063
9921,巨大,103,3,100,國票-敦北法人,2023-05-24,0037003700390063
2880,華南金,100,1,99,國票-敦北法人,2023-05-24,0037003700390063
3711,日月光投控,110,14,96,國票-敦北法人,2023-05-24,0037003700390063
2231,為升,73,3,70,國票-敦北法人,2023-05-24,0037003700390063
00687B,國泰20年美債,69,0,69,國票-敦北法人,2023-05-24,0037003700390063
4123,晟德,75,11,64,國票-敦北法人,2023-05-24,0037003700390063
6167,久正,62,0,62,國票-敦北法人,2023-05-24,0037003700390063
00679B,元大美債20年,59,2,57,國票-敦北法人,2023-05-24,0037003700390063
2548,華固,62,5,57,國票-敦北法人,2023-05-24,0037003700390063
2603,長榮,56,1,55,國票-敦北法人,2023-05-24,0037003700390063
4966,譜瑞-KY,55,0,55,國票-敦北法人,2023-05-24,0037003700390063
6285,啟��,72,19,53,國票-敦北法人,2023-05-24,0037003700390063
2408,南亞科,69,18,51,國票-敦北法人,2023-05-24,0037003700390063
4164,承業醫,57,7,50,國票-敦北法人,2023-05-24,0037003700390063
8422,可寧衛,50,2,48,國票-敦北法人,2023-05-24,0037003700390063
1477,聚陽,47,0,47,國票-敦北法人,2023-05-24,0037003700390063
2467,志聖,47,0,47,國票-敦北法人,2023-05-24,0037003700390063
2352,佳世達,59,14,45,國票-敦北法人,2023-05-24,0037003700390063
8074,鉅橡,43,0,43,國票-敦北法人,2023-05-24,0037003700390063
6278,台表科,45,3,42,國票-敦北法人,2023-05-24,0037003700390063
2748,雲品,80,39,41,國票-敦北法人,2023-05-24,0037003700390063
8091,翔名,51,11,40,國票-敦北法人,2023-05-24,0037003700390063
2351,順德,42,2,40,國票-敦北法人,2023-05-24,0037003700390063
3011,今皓,39,0,39,國票-敦北法人,2023-05-24,0037003700390063
2308,台達電,45,6,39,國票-敦北法人,2023-05-24,0037003700390063
6234,高僑,82,46,36,國票-敦北法人,2023-05-24,0037003700390063
5340,建榮,34,0,34,國票-敦北法人,2023-05-24,0037003700390063
3029,零壹,39,6,33,國票-敦北法人,2023-05-24,0037003700390063
3162,精確,51,19,32,國票-敦北法人,2023-05-24,0037003700390063
1432,大魯閣,31,0,31,國票-敦北法人,2023-05-24,0037003700390063
2454,聯發科,64,35,29,國票-敦北法人,2023-05-24,0037003700390063
2421,建準,58,32,26,國票-敦北法人,2023-05-24,0037003700390063
1616,億泰,25,0,25,國票-敦北法人,2023-05-24,0037003700390063
5258,虹堡,74,52,22,國票-敦北法人,2023-05-24,0037003700390063
2356,英業達,1513,90,1423,國票-敦北法人,2023-05-25,0037003700390063
3037,欣興,1111,205,906,國票-敦北法人,2023-05-25,0037003700390063
2603,長榮,476,73,403,國票-敦北法人,2023-05-25,0037003700390063
3231,緯創,1925,1528,397,國票-敦北法人,2023-05-25,0037003700390063
2376,技嘉,421,42,379,國票-敦北法人,2023-05-25,0037003700390063
2383,台光電,476,107,369,國票-敦北法人,2023-05-25,0037003700390063
1101,台泥,453,152,301,國票-敦北法人,2023-05-25,0037003700390063
2891,中信金,361,151,210,國票-敦北法人,2023-05-25,0037003700390063
3443,創意,221,15,206,國票-敦北法人,2023-05-25,0037003700390063
4958,臻鼎-KY,204,4,200,國票-敦北法人,2023-05-25,0037003700390063
1303,南亞,190,0,190,國票-敦北法人,2023-05-25,0037003700390063
6531,愛普*,261,79,182,國票-敦北法人,2023-05-25,0037003700390063
1102,亞泥,178,26,152,國票-敦北法人,2023-05-25,0037003700390063
1301,台塑,150,0,150,國票-敦北法人,2023-05-25,0037003700390063
2618,長榮航,685,544,141,國票-敦北法人,2023-05-25,0037003700390063
2382,廣達,504,386,118,國票-敦北法人,2023-05-25,0037003700390063
1402,遠東新,150,35,115,國票-敦北法人,2023-05-25,0037003700390063
1605,華新,280,180,100,國票-敦北法人,2023-05-25,0037003700390063
0050,元大台灣50,100,0,100,國票-敦北法人,2023-05-25,0037003700390063
2323,中環,100,4,96,國票-敦北法人,2023-05-25,0037003700390063
5483,中美晶,106,11,95,國票-敦北法人,2023-05-25,0037003700390063
3013,晟銘電,136,45,91,國票-敦北法人,2023-05-25,0037003700390063
00637L,元大滬深300正2,123,34,89,國票-敦北法人,2023-05-25,0037003700390063
1432,大魯閣,67,0,67,國票-敦北法人,2023-05-25,0037003700390063
2636,台驊控股,60,0,60,國票-敦北法人,2023-05-25,0037003700390063
1519,華城,60,0,60,國票-敦北法人,2023-05-25,0037003700390063
2421,建準,63,3,60,國票-敦北法人,2023-05-25,0037003700390063
2467,志聖,53,0,53,國票-敦北法人,2023-05-25,0037003700390063
3189,景碩,78,26,52,國票-敦北法人,2023-05-25,0037003700390063
9904,寶成,66,16,50,國票-敦北法人,2023-05-25,0037003700390063
1532,勤美,50,0,50,國票-敦北法人,2023-05-25,0037003700390063
2884,玉山金,190,144,46,國票-敦北法人,2023-05-25,0037003700390063
2748,雲品,86,42,44,國票-敦北法人,2023-05-25,0037003700390063
2313,華通,68,25,43,國票-敦北法人,2023-05-25,0037003700390063
00882,中信中國高股息,42,0,42,國票-敦北法人,2023-05-25,0037003700390063
8210,勤誠,41,0,41,國票-敦北法人,2023-05-25,0037003700390063
00679B,元大美債20年,40,1,39,國票-敦北法人,2023-05-25,0037003700390063
2368,金像電,98,63,35,國票-敦北法人,2023-05-25,0037003700390063
4564,元翎,50,16,34,國票-敦北法人,2023-05-25,0037003700390063
4950,牧東,32,0,32,國票-敦北法人,2023-05-25,0037003700390063
3363,上詮,50,19,31,國票-敦北法人,2023-05-25,0037003700390063
3078,僑威,79,48,31,國票-敦北法人,2023-05-25,0037003700390063
00876,元大全球5G,30,0,30,國票-敦北法人,2023-05-25,0037003700390063
2308,台達電,59,29,30,國票-敦北法人,2023-05-25,0037003700390063
3675,德微,45,15,30,國票-敦北法人,2023-05-25,0037003700390063
2206,三陽工業,124,95,29,國票-敦北法人,2023-05-25,0037003700390063
1612,宏泰,30,1,29,國票-敦北法人,2023-05-25,0037003700390063
00725B,國泰投資級公司債,25,0,25,國票-敦北法人,2023-05-25,0037003700390063
4754,國碳科,23,0,23,國票-敦北法人,2023-05-25,0037003700390063
6282,康舒,134,112,22,國票-敦北法人,2023-05-25,0037003700390063
2303,聯電,3023,46,2977,國票-敦北法人,2023-05-26,0037003700390063
2382,廣達,906,224,682,國票-敦北法人,2023-05-26,0037003700390063
2201,裕隆,557,1,556,國票-敦北法人,2023-05-26,0037003700390063
2002,中鋼,512,0,512,國票-敦北法人,2023-05-26,0037003700390063
1216,統一,501,0,501,國票-敦北法人,2023-05-26,0037003700390063
2376,技嘉,519,108,411,國票-敦北法人,2023-05-26,0037003700390063
3443,創意,395,33,362,國票-敦北法人,2023-05-26,0037003700390063
3037,欣興,383,52,331,國票-敦北法人,2023-05-26,0037003700390063
1301,台塑,300,0,300,國票-敦北法人,2023-05-26,0037003700390063
1432,大魯閣,184,0,184,國票-敦北法人,2023-05-26,0037003700390063
5439,高技,171,1,170,國票-敦北法人,2023-05-26,0037003700390063
3711,日月光投控,181,30,151,國票-敦北法人,2023-05-26,0037003700390063
1710,東聯,150,0,150,國票-敦北法人,2023-05-26,0037003700390063
8996,高力,163,23,140,國票-敦北法人,2023-05-26,0037003700390063
3515,華擎,136,5,131,國票-敦北法人,2023-05-26,0037003700390063
1308,亞聚,125,0,125,國票-敦北法人,2023-05-26,0037003700390063
1305,華夏,125,0,125,國票-敦北法人,2023-05-26,0037003700390063
2891,中信金,116,0,116,國票-敦北法人,2023-05-26,0037003700390063
6285,啟��,106,0,106,國票-敦北法人,2023-05-26,0037003700390063
3680,家登,100,0,100,國票-敦北法人,2023-05-26,0037003700390063
3583,辛耘,100,4,96,國票-敦北法人,2023-05-26,0037003700390063
6869,雲豹能源,89,0,89,國票-敦北法人,2023-05-26,0037003700390063
4979,華星光,197,116,81,國票-敦北法人,2023-05-26,0037003700390063
2371,大同,105,25,80,國票-敦北法人,2023-05-26,0037003700390063
2618,長榮航,122,45,77,國票-敦北法人,2023-05-26,0037003700390063
00676R,富邦臺灣加權反1,70,0,70,國票-敦北法人,2023-05-26,0037003700390063
3491,昇達科,70,0,70,國票-敦北法人,2023-05-26,0037003700390063
2630,亞航,74,18,56,國票-敦北法人,2023-05-26,0037003700390063
2467,志聖,55,0,55,國票-敦北法人,2023-05-26,0037003700390063
9933,中鼎,50,0,50,國票-敦北法人,2023-05-26,0037003700390063
2442,新美齊,50,1,49,國票-敦北法人,2023-05-26,0037003700390063
6288,聯嘉,48,0,48,國票-敦北法人,2023-05-26,0037003700390063
2345,智邦,49,3,46,國票-敦北法人,2023-05-26,0037003700390063
4164,承業醫,41,0,41,國票-敦北法人,2023-05-26,0037003700390063
2884,玉山金,44,3,41,國票-敦北法人,2023-05-26,0037003700390063
5876,上海商銀,30,0,30,國票-敦北法人,2023-05-26,0037003700390063
3715,定穎投控,33,5,28,國票-敦北法人,2023-05-26,0037003700390063
3264,欣銓,37,11,26,國票-敦北法人,2023-05-26,0037003700390063
5289,宜鼎,25,0,25,國票-敦北法人,2023-05-26,0037003700390063
00772B,中信高評級公司債,25,0,25,國票-敦北法人,2023-05-26,0037003700390063
1560,中砂,31,6,25,國票-敦北法人,2023-05-26,0037003700390063
2324,仁寶,23,1,22,國票-敦北法人,2023-05-26,0037003700390063
2701,萬企,22,0,22,國票-敦北法人,2023-05-26,0037003700390063
1612,宏泰,51,30,21,國票-敦北法人,2023-05-26,0037003700390063
3526,凡甲,21,0,21,國票-敦北法人,2023-05-26,0037003700390063
00895,富邦未來車,20,0,20,國票-敦北法人,2023-05-26,0037003700390063
00679B,元大美債20年,23,3,20,國票-敦北法人,2023-05-26,0037003700390063
6697,東捷資訊,20,0,20,國票-敦北法人,2023-05-26,0037003700390063
4754,國碳科,20,0,20,國票-敦北法人,2023-05-26,0037003700390063
6197,佳必琪,20,0,20,國票-敦北法人,2023-05-26,0037003700390063
2885,元大金,2026,26,2000,國票-敦北法人,2023-05-29,0037003700390063
2886,兆豐金,1314,0,1314,國票-敦北法人,2023-05-29,0037003700390063
2421,建準,854,199,655,國票-敦北法人,2023-05-29,0037003700390063
1605,華新,629,7,622,國票-敦北法人,2023-05-29,0037003700390063
2201,裕隆,611,12,599,國票-敦北法人,2023-05-29,0037003700390063
00895,富邦未來車,516,2,514,國票-敦北法人,2023-05-29,0037003700390063
3045,台灣大,500,0,500,國票-敦北法人,2023-05-29,0037003700390063
2891,中信金,393,16,377,國票-敦北法人,2023-05-29,0037003700390063
3042,晶技,300,3,297,國票-敦北法人,2023-05-29,0037003700390063
2618,長榮航,1056,775,281,國票-敦北法人,2023-05-29,0037003700390063
2881,富邦金,321,47,274,國票-敦北法人,2023-05-29,0037003700390063
5289,宜鼎,215,17,198,國票-敦北法人,2023-05-29,0037003700390063
1216,統一,168,0,168,國票-敦北法人,2023-05-29,0037003700390063
2371,大同,393,252,141,國票-敦北法人,2023-05-29,0037003700390063
4919,新唐,126,6,120,國票-敦北法人,2023-05-29,0037003700390063
1301,台塑,113,0,113,國票-敦北法人,2023-05-29,0037003700390063
2883,凱基金,96,0,96,國票-敦北法人,2023-05-29,0037003700390063
2356,英業達,105,10,95,國票-敦北法人,2023-05-29,0037003700390063
1810,和成,80,0,80,國票-敦北法人,2023-05-29,0037003700390063
3706,神達,144,66,78,國票-敦北法人,2023-05-29,0037003700390063
9904,寶成,74,4,70,國票-敦北法人,2023-05-29,0037003700390063
3406,玉晶光,72,3,69,國票-敦北法人,2023-05-29,0037003700390063
3207,耀勝,72,3,69,國票-敦北法人,2023-05-29,0037003700390063
0056,元大高股息,68,3,65,國票-敦北法人,2023-05-29,0037003700390063
1432,大魯閣,93,29,64,國票-敦北法人,2023-05-29,0037003700390063
5328,華容,66,3,63,國票-敦北法人,2023-05-29,0037003700390063
3189,景碩,101,40,61,國票-敦北法人,2023-05-29,0037003700390063
5269,祥碩,62,2,60,國票-敦北法人,2023-05-29,0037003700390063
2467,志聖,59,0,59,國票-敦北法人,2023-05-29,0037003700390063
00632R,元大台灣50反1,72,18,54,國票-敦北法人,2023-05-29,0037003700390063
3037,欣興,304,254,50,國票-敦北法人,2023-05-29,0037003700390063
3202,樺晟,83,34,49,國票-敦北法人,2023-05-29,0037003700390063
3013,晟銘電,103,55,48,國票-敦北法人,2023-05-29,0037003700390063
00853B,統一美債10年Aa-,45,0,45,國票-敦北法人,2023-05-29,0037003700390063
00680L,元大美債20正2,40,0,40,國票-敦北法人,2023-05-29,0037003700390063
2454,聯發科,94,54,40,國票-敦北法人,2023-05-29,0037003700390063
2204,中華,71,32,39,國票-敦北法人,2023-05-29,0037003700390063
3380,明泰,43,5,38,國票-敦北法人,2023-05-29,0037003700390063
3105,穩懋,72,38,34,國票-敦北法人,2023-05-29,0037003700390063
8422,可寧衛,35,1,34,國票-敦北法人,2023-05-29,0037003700390063
9958,世紀鋼,50,19,31,國票-敦北法人,2023-05-29,0037003700390063
4938,和碩,61,31,30,國票-敦北法人,2023-05-29,0037003700390063
2367,燿華,30,0,30,國票-敦北法人,2023-05-29,0037003700390063
6147,頎邦,35,5,30,國票-敦北法人,2023-05-29,0037003700390063
8054,安國,30,0,30,國票-敦北法人,2023-05-29,0037003700390063
00722B,群益投資級電信債,25,0,25,國票-敦北法人,2023-05-29,0037003700390063
2412,中華電,25,0,25,國票-敦北法人,2023-05-29,0037003700390063
2353,宏��,40,15,25,國票-敦北法人,2023-05-29,0037003700390063
2528,皇普,24,0,24,國票-敦北法人,2023-05-29,0037003700390063
3661,世芯-KY,27,4,23,國票-敦北法人,2023-05-29,0037003700390063
2449,京元電子,1581,87,1494,國票-敦北法人,2023-05-30,0037003700390063
2382,廣達,1951,1126,825,國票-敦北法人,2023-05-30,0037003700390063
2371,大同,442,164,278,國票-敦北法人,2023-05-30,0037003700390063
00637L,元大滬深300正2,328,109,219,國票-敦北法人,2023-05-30,0037003700390063
2618,長榮航,1098,896,202,國票-敦北法人,2023-05-30,0037003700390063
5243,乙盛-KY,234,34,200,國票-敦北法人,2023-05-30,0037003700390063
9945,潤泰新,199,19,180,國票-敦北法人,2023-05-30,0037003700390063
1210,大成,180,6,174,國票-敦北法人,2023-05-30,0037003700390063
8299,群聯,159,0,159,國票-敦北法人,2023-05-30,0037003700390063
2368,金像電,280,144,136,國票-敦北法人,2023-05-30,0037003700390063
2421,建準,258,139,119,國票-敦北法人,2023-05-30,0037003700390063
4966,譜瑞-KY,129,17,112,國票-敦北法人,2023-05-30,0037003700390063
4904,遠傳,111,0,111,國票-敦北法人,2023-05-30,0037003700390063
1477,聚陽,103,0,103,國票-敦北法人,2023-05-30,0037003700390063
2451,創見,100,1,99,國票-敦北法人,2023-05-30,0037003700390063
0056,元大高股息,101,5,96,國票-敦北法人,2023-05-30,0037003700390063
3715,定穎投控,113,23,90,國票-敦北法人,2023-05-30,0037003700390063
6235,華孚,213,140,73,國票-敦北法人,2023-05-30,0037003700390063
2467,志聖,92,23,69,國票-敦北法人,2023-05-30,0037003700390063
00679B,元大美債20年,70,3,67,國票-敦北法人,2023-05-30,0037003700390063
8069,元太,70,11,59,國票-敦北法人,2023-05-30,0037003700390063
3661,世芯-KY,89,33,56,國票-敦北法人,2023-05-30,0037003700390063
1476,儒鴻,50,0,50,國票-敦北法人,2023-05-30,0037003700390063
6782,視陽,46,0,46,國票-敦北法人,2023-05-30,0037003700390063
1707,葡萄王,45,0,45,國票-敦北法人,2023-05-30,0037003700390063
3260,威剛,60,15,45,國票-敦北法人,2023-05-30,0037003700390063
9958,世紀鋼,82,38,44,國票-敦北法人,2023-05-30,0037003700390063
5225,東科-KY,40,0,40,國票-敦北法人,2023-05-30,0037003700390063
1905,華紙,77,43,34,國票-敦北法人,2023-05-30,0037003700390063
2049,上銀,33,0,33,國票-敦北法人,2023-05-30,0037003700390063
8150,南茂,48,15,33,國票-敦北法人,2023-05-30,0037003700390063
2454,聯發科,78,45,33,國票-敦北法人,2023-05-30,0037003700390063
6121,新普,31,0,31,國票-敦北法人,2023-05-30,0037003700390063
2340,台亞,30,0,30,國票-敦北法人,2023-05-30,0037003700390063
8099,大世科,55,25,30,國票-敦北法人,2023-05-30,0037003700390063
2601,益航,27,0,27,國票-敦北法人,2023-05-30,0037003700390063
6188,廣明,124,97,27,國票-敦北法人,2023-05-30,0037003700390063
6679,鈺太,35,9,26,國票-敦北法人,2023-05-30,0037003700390063
3532,台勝科,31,7,24,國票-敦北法人,2023-05-30,0037003700390063
4564,元翎,67,43,24,國票-敦北法人,2023-05-30,0037003700390063
3034,聯詠,58,35,23,國票-敦北法人,2023-05-30,0037003700390063
3706,神達,90,67,23,國票-敦北法人,2023-05-30,0037003700390063
4105,東洋,22,0,22,國票-敦北法人,2023-05-30,0037003700390063
3564,其陽,21,0,21,國票-敦北法人,2023-05-30,0037003700390063
8210,勤誠,22,2,20,國票-敦北法人,2023-05-30,0037003700390063
5328,華容,32,12,20,國票-敦北法人,2023-05-30,0037003700390063
5347,世界,45,25,20,國票-敦北法人,2023-05-30,0037003700390063
1432,大魯閣,20,0,20,國票-敦北法人,2023-05-30,0037003700390063
2753,八方雲集,20,0,20,國票-敦北法人,2023-05-30,0037003700390063
2630,亞航,74,54,20,國票-敦北法人,2023-05-30,0037003700390063
3264,欣銓,388,22,366,國票-敦北法人,2023-05-31,0037003700390063
4977,眾達-KY,326,1,325,國票-敦北法人,2023-05-31,0037003700390063
2388,威盛,203,3,200,國票-敦北法人,2023-05-31,0037003700390063
3231,緯創,210,48,162,國票-敦北法人,2023-05-31,0037003700390063
3260,威剛,179,43,136,國票-敦北法人,2023-05-31,0037003700390063
2610,華航,136,7,129,國票-敦北法人,2023-05-31,0037003700390063
2421,建準,132,4,128,國票-敦北法人,2023-05-31,0037003700390063
4904,遠傳,116,0,116,國票-敦北法人,2023-05-31,0037003700390063
9910,豐泰,115,0,115,國票-敦北法人,2023-05-31,0037003700390063
3596,智易,110,0,110,國票-敦北法人,2023-05-31,0037003700390063
6223,旺矽,107,5,102,國票-敦北法人,2023-05-31,0037003700390063
2352,佳世達,101,0,101,國票-敦北法人,2023-05-31,0037003700390063
2323,中環,101,3,98,國票-敦北法人,2023-05-31,0037003700390063
2455,全新,101,4,97,國票-敦北法人,2023-05-31,0037003700390063
4915,致伸,82,0,82,國票-敦北法人,2023-05-31,0037003700390063
2467,志聖,77,0,77,國票-敦北法人,2023-05-31,0037003700390063
2528,皇普,90,23,67,國票-敦北法人,2023-05-31,0037003700390063
5009,榮剛,65,3,62,國票-敦北法人,2023-05-31,0037003700390063
2371,大同,129,70,59,國票-敦北法人,2023-05-31,0037003700390063
6235,華孚,69,11,58,國票-敦北法人,2023-05-31,0037003700390063
00712,復華富時不動產,55,0,55,國票-敦北法人,2023-05-31,0037003700390063
2408,南亞科,54,3,51,國票-敦北法人,2023-05-31,0037003700390063
3013,晟銘電,53,2,51,國票-敦北法人,2023-05-31,0037003700390063
2515,中工,95,50,45,國票-敦北法人,2023-05-31,0037003700390063
3290,東浦,40,0,40,國票-敦北法人,2023-05-31,0037003700390063
5706,鳳凰,44,4,40,國票-敦北法人,2023-05-31,0037003700390063
6451,訊芯-KY,37,0,37,國票-敦北法人,2023-05-31,0037003700390063
6188,廣明,51,16,35,國票-敦北法人,2023-05-31,0037003700390063
3006,晶豪科,54,20,34,國票-敦北法人,2023-05-31,0037003700390063
8088,品安,34,1,33,國票-敦北法人,2023-05-31,0037003700390063
00722B,群益投資級電信債,32,0,32,國票-敦北法人,2023-05-31,0037003700390063
4564,元翎,39,7,32,國票-敦北法人,2023-05-31,0037003700390063
8299,群聯,41,10,31,國票-敦北法人,2023-05-31,0037003700390063
8210,勤誠,59,28,31,國票-敦北法人,2023-05-31,0037003700390063
00751B,元大AAA至A公司債,31,1,30,國票-敦北法人,2023-05-31,0037003700390063
00772B,中信高評級公司債,30,0,30,國票-敦北法人,2023-05-31,0037003700390063
3587,閎康,31,2,29,國票-敦北法人,2023-05-31,0037003700390063
00882,中信中國高股息,29,0,29,國票-敦北法人,2023-05-31,0037003700390063
1608,華榮,36,13,23,國票-敦北法人,2023-05-31,0037003700390063
3306,鼎天,21,0,21,國票-敦北法人,2023-05-31,0037003700390063
1802,台玻,20,0,20,國票-敦北法人,2023-05-31,0037003700390063
3693,營邦,26,6,20,國票-敦北法人,2023-05-31,0037003700390063
3037,欣興,23,5,18,國票-敦北法人,2023-05-31,0037003700390063
6781,AES-KY,21,3,18,國票-敦北法人,2023-05-31,0037003700390063
4129,聯合,17,0,17,國票-敦北法人,2023-05-31,0037003700390063
2890,永豐金,16,0,16,國票-敦北法人,2023-05-31,0037003700390063
5351,鈺創,17,1,16,國票-敦北法人,2023-05-31,0037003700390063
6285,啟��,15,0,15,國票-敦北法人,2023-05-31,0037003700390063
6414,樺漢,14,0,14,國票-敦北法人,2023-05-31,0037003700390063
4147,中裕,18,4,14,國票-敦北法人,2023-05-31,0037003700390063
2618,長榮航,2796,633,2163,國票-敦北法人,2023-06-01,0037003700390063
4147,中裕,715,12,703,國票-敦北法人,2023-06-01,0037003700390063
2913,農林,746,150,596,國票-敦北法人,2023-06-01,0037003700390063
00715L,期街口布蘭特正2,475,0,475,國票-敦北法人,2023-06-01,0037003700390063
2891,中信金,663,251,412,國票-敦北法人,2023-06-01,0037003700390063
3624,光頡,201,0,201,國票-敦北法人,2023-06-01,0037003700390063
2360,致茂,203,24,179,國票-敦北法人,2023-06-01,0037003700390063
1905,華紙,199,38,161,國票-敦北法人,2023-06-01,0037003700390063
6282,康舒,357,229,128,國票-敦北法人,2023-06-01,0037003700390063
2455,全新,128,11,117,國票-敦北法人,2023-06-01,0037003700390063
2356,英業達,318,227,91,國票-敦北法人,2023-06-01,0037003700390063
6515,穎崴,90,0,90,國票-敦北法人,2023-06-01,0037003700390063
2467,志聖,83,0,83,國票-敦北法人,2023-06-01,0037003700390063
4958,臻鼎-KY,80,0,80,國票-敦北法人,2023-06-01,0037003700390063
9942,茂順,80,0,80,國票-敦北法人,2023-06-01,0037003700390063
3362,先進光,72,33,39,國票-敦北法人,2023-06-01,0037003700390063
8299,群聯,36,0,36,國票-敦北法人,2023-06-01,0037003700390063
6548,長科*,36,0,36,國票-敦北法人,2023-06-01,0037003700390063
2371,大同,430,400,30,國票-敦北法人,2023-06-01,0037003700390063
4968,立積,39,9,30,國票-敦北法人,2023-06-01,0037003700390063
2367,燿華,30,0,30,國票-敦北法人,2023-06-01,0037003700390063
2912,統一超,31,1,30,國票-敦北法人,2023-06-01,0037003700390063
1310,台苯,30,0,30,國票-敦北法人,2023-06-01,0037003700390063
2601,益航,29,0,29,國票-敦北法人,2023-06-01,0037003700390063
2427,三商電,29,1,28,國票-敦北法人,2023-06-01,0037003700390063
3044,健鼎,55,27,28,國票-敦北法人,2023-06-01,0037003700390063
9919,康那香,53,27,26,國票-敦北法人,2023-06-01,0037003700390063
2206,三陽工業,112,88,24,國票-敦北法人,2023-06-01,0037003700390063
3541,西柏,22,0,22,國票-敦北法人,2023-06-01,0037003700390063
8215,明基材,25,4,21,國票-敦北法人,2023-06-01,0037003700390063
6188,廣明,96,75,21,國票-敦北法人,2023-06-01,0037003700390063
8478,東哥遊艇,24,4,20,國票-敦北法人,2023-06-01,0037003700390063
4754,國碳科,20,0,20,國票-敦北法人,2023-06-01,0037003700390063
1612,宏泰,24,4,20,國票-敦北法人,2023-06-01,0037003700390063
00753L,中信中國50正2,20,0,20,國票-敦北法人,2023-06-01,0037003700390063
00642U,期元大S＆P石油,20,0,20,國票-敦北法人,2023-06-01,0037003700390063
00676R,富邦臺灣加權反1,20,0,20,國票-敦北法人,2023-06-01,0037003700390063
2331,精英,91,72,19,國票-敦北法人,2023-06-01,0037003700390063
6789,采鈺,18,0,18,國票-敦北法人,2023-06-01,0037003700390063
2314,台揚,17,0,17,國票-敦北法人,2023-06-01,0037003700390063
2352,佳世達,122,105,17,國票-敦北法人,2023-06-01,0037003700390063
3406,玉晶光,38,22,16,國票-敦北法人,2023-06-01,0037003700390063
3661,世芯-KY,29,13,16,國票-敦北法人,2023-06-01,0037003700390063
8261,富鼎,16,1,15,國票-敦北法人,2023-06-01,0037003700390063
6223,旺矽,18,3,15,國票-敦北法人,2023-06-01,0037003700390063
00637L,元大滬深300正2,34,19,15,國票-敦北法人,2023-06-01,0037003700390063
2731,雄獅,59,44,15,國票-敦北法人,2023-06-01,0037003700390063
1708,東鹼,15,0,15,國票-敦北法人,2023-06-01,0037003700390063
8210,勤誠,58,43,15,國票-敦北法人,2023-06-01,0037003700390063
8112,至上,17,2,15,國票-敦北法人,2023-06-01,0037003700390063
2347,聯強,1110,0,1110,國票-敦北法人,2023-06-02,0037003700390063
2382,廣達,1596,904,692,國票-敦北法人,2023-06-02,0037003700390063
2449,京元電子,644,18,626,國票-敦北法人,2023-06-02,0037003700390063
2891,中信金,784,169,615,國票-敦北法人,2023-06-02,0037003700390063
2206,三陽工業,517,12,505,國票-敦北法人,2023-06-02,0037003700390063
1605,華新,509,25,484,國票-敦北法人,2023-06-02,0037003700390063
2308,台達電,464,22,442,國票-敦北法人,2023-06-02,0037003700390063
2301,光寶科,476,35,441,國票-敦北法人,2023-06-02,0037003700390063
3231,緯創,401,88,313,國票-敦北法人,2023-06-02,0037003700390063
1519,華城,279,35,244,國票-敦北法人,2023-06-02,0037003700390063
2345,智邦,241,15,226,國票-敦北法人,2023-06-02,0037003700390063
4938,和碩,283,69,214,國票-敦北法人,2023-06-02,0037003700390063
3037,欣興,326,117,209,國票-敦北法人,2023-06-02,0037003700390063
2727,王品,189,5,184,國票-敦北法人,2023-06-02,0037003700390063
5289,宜鼎,178,7,171,國票-敦北法人,2023-06-02,0037003700390063
3013,晟銘電,232,72,160,國票-敦北法人,2023-06-02,0037003700390063
3017,奇鋐,247,92,155,國票-敦北法人,2023-06-02,0037003700390063
3711,日月光投控,200,58,142,國票-敦北法人,2023-06-02,0037003700390063
3515,華擎,128,8,120,國票-敦北法人,2023-06-02,0037003700390063
2489,瑞軒,166,51,115,國票-敦北法人,2023-06-02,0037003700390063
4979,華星光,278,165,113,國票-敦北法人,2023-06-02,0037003700390063
2707,晶華,100,4,96,國票-敦北法人,2023-06-02,0037003700390063
2467,志聖,92,0,92,國票-敦北法人,2023-06-02,0037003700390063
2312,金寶,112,22,90,國票-敦北法人,2023-06-02,0037003700390063
2421,建準,281,197,84,國票-敦北法人,2023-06-02,0037003700390063
2353,宏��,178,100,78,國票-敦北法人,2023-06-02,0037003700390063
9939,宏全,127,52,75,國票-敦北法人,2023-06-02,0037003700390063
3661,世芯-KY,95,22,73,國票-敦北法人,2023-06-02,0037003700390063
4543,萬在,107,47,60,國票-敦北法人,2023-06-02,0037003700390063
8422,可寧衛,61,1,60,國票-敦北法人,2023-06-02,0037003700390063
1319,東陽,91,33,58,國票-敦北法人,2023-06-02,0037003700390063
3293,鈊象,63,7,56,國票-敦北法人,2023-06-02,0037003700390063
3044,健鼎,69,20,49,國票-敦北法人,2023-06-02,0037003700390063
2103,台橡,58,12,46,國票-敦北法人,2023-06-02,0037003700390063
8210,勤誠,147,103,44,國票-敦北法人,2023-06-02,0037003700390063
2359,所羅門,72,33,39,國票-敦北法人,2023-06-02,0037003700390063
1702,南僑,35,0,35,國票-敦北法人,2023-06-02,0037003700390063
6830,汎銓,45,10,35,國票-敦北法人,2023-06-02,0037003700390063
3047,訊舟,35,1,34,國票-敦北法人,2023-06-02,0037003700390063
2457,飛宏,233,201,32,國票-敦北法人,2023-06-02,0037003700390063
1504,東元,147,115,32,國票-敦北法人,2023-06-02,0037003700390063
1529,樂事綠能,37,6,31,國票-敦北法人,2023-06-02,0037003700390063
1904,正隆,92,61,31,國票-敦北法人,2023-06-02,0037003700390063
1514,亞力,52,22,30,國票-敦北法人,2023-06-02,0037003700390063
2495,普安,35,5,30,國票-敦北法人,2023-06-02,0037003700390063
911868,同方友友-DR,100,70,30,國票-敦北法人,2023-06-02,0037003700390063
6806,森崴能源,76,46,30,國票-敦北法人,2023-06-02,0037003700390063
2323,中環,267,239,28,國票-敦北法人,2023-06-02,0037003700390063
2530,華建,32,5,27,國票-敦北法人,2023-06-02,0037003700390063
3078,僑威,100,73,27,國票-敦北法人,2023-06-02,0037003700390063
1605,華新,1008,64,944,國票-敦北法人,2023-06-05,0037003700390063
00715L,期街口布蘭特正2,510,32,478,國票-敦北法人,2023-06-05,0037003700390063
2368,金像電,393,50,343,國票-敦北法人,2023-06-05,0037003700390063
8069,元太,322,18,304,國票-敦北法人,2023-06-05,0037003700390063
8213,志超,272,0,272,國票-敦北法人,2023-06-05,0037003700390063
2515,中工,579,332,247,國票-敦北法人,2023-06-05,0037003700390063
2385,群光,594,398,196,國票-敦北法人,2023-06-05,0037003700390063
2313,華通,233,54,179,國票-敦北法人,2023-06-05,0037003700390063
00637L,元大滬深300正2,195,19,176,國票-敦北法人,2023-06-05,0037003700390063
3483,力致,183,18,165,國票-敦北法人,2023-06-05,0037003700390063
2347,聯強,161,5,156,國票-敦北法人,2023-06-05,0037003700390063
2323,中環,297,145,152,國票-敦北法人,2023-06-05,0037003700390063
9945,潤泰新,171,22,149,國票-敦北法人,2023-06-05,0037003700390063
2618,長榮航,1874,1743,131,國票-敦北法人,2023-06-05,0037003700390063
1476,儒鴻,121,0,121,國票-敦北法人,2023-06-05,0037003700390063
3515,華擎,120,1,119,國票-敦北法人,2023-06-05,0037003700390063
4927,泰鼎-KY,115,1,114,國票-敦北法人,2023-06-05,0037003700390063
3711,日月光投控,179,65,114,國票-敦北法人,2023-06-05,0037003700390063
9907,統一實,116,13,103,國票-敦北法人,2023-06-05,0037003700390063
1589,永冠-KY,112,10,102,國票-敦北法人,2023-06-05,0037003700390063
2206,三陽工業,213,111,102,國票-敦北法人,2023-06-05,0037003700390063
3037,欣興,233,132,101,國票-敦北法人,2023-06-05,0037003700390063
00919,群益台灣精選高息,101,0,101,國票-敦北法人,2023-06-05,0037003700390063
1609,大亞,114,13,101,國票-敦北法人,2023-06-05,0037003700390063
1513,中興電,284,183,101,國票-敦北法人,2023-06-05,0037003700390063
8261,富鼎,100,0,100,國票-敦北法人,2023-06-05,0037003700390063
6235,華孚,183,93,90,國票-敦北法人,2023-06-05,0037003700390063
6274,台燿,126,42,84,國票-敦北法人,2023-06-05,0037003700390063
1590,亞德客-KY,78,0,78,國票-敦北法人,2023-06-05,0037003700390063
2383,台光電,186,115,71,國票-敦北法人,2023-06-05,0037003700390063
4129,聯合,140,70,70,國票-敦北法人,2023-06-05,0037003700390063
3406,玉晶光,83,15,68,國票-敦北法人,2023-06-05,0037003700390063
3062,建漢,67,3,64,國票-敦北法人,2023-06-05,0037003700390063
2388,威盛,118,57,61,國票-敦北法人,2023-06-05,0037003700390063
4938,和碩,102,44,58,國票-敦北法人,2023-06-05,0037003700390063
2610,華航,544,488,56,國票-敦北法人,2023-06-05,0037003700390063
2356,英業達,101,48,53,國票-敦北法人,2023-06-05,0037003700390063
2352,佳世達,118,73,45,國票-敦北法人,2023-06-05,0037003700390063
6190,萬泰科,51,6,45,國票-敦北法人,2023-06-05,0037003700390063
8112,至上,48,5,43,國票-敦北法人,2023-06-05,0037003700390063
2913,農林,111,71,40,國票-敦北法人,2023-06-05,0037003700390063
3033,威健,40,3,37,國票-敦北法人,2023-06-05,0037003700390063
2360,致茂,39,2,37,國票-敦北法人,2023-06-05,0037003700390063
9924,福興,32,0,32,國票-敦北法人,2023-06-05,0037003700390063
2337,旺宏,83,51,32,國票-敦北法人,2023-06-05,0037003700390063
3034,聯詠,74,44,30,國票-敦北法人,2023-06-05,0037003700390063
6283,淳安,30,0,30,國票-敦北法人,2023-06-05,0037003700390063
5478,智冠,31,1,30,國票-敦北法人,2023-06-05,0037003700390063
4979,華星光,225,196,29,國票-敦北法人,2023-06-05,0037003700390063
2303,聯電,147,119,28,國票-敦北法人,2023-06-05,0037003700390063
2347,聯強,1179,5,1174,國票-敦北法人,2023-06-06,0037003700390063
3481,群創,1365,285,1080,國票-敦北法人,2023-06-06,0037003700390063
3231,緯創,782,78,704,國票-敦北法人,2023-06-06,0037003700390063
2206,三陽工業,495,273,222,國票-敦北法人,2023-06-06,0037003700390063
4123,晟德,202,18,184,國票-敦北法人,2023-06-06,0037003700390063
006208,富邦台50,175,0,175,國票-敦北法人,2023-06-06,0037003700390063
3034,聯詠,168,4,164,國票-敦北法人,2023-06-06,0037003700390063
1710,東聯,179,29,150,國票-敦北法人,2023-06-06,0037003700390063
2002,中鋼,160,16,144,國票-敦北法人,2023-06-06,0037003700390063
4927,泰鼎-KY,143,0,143,國票-敦北法人,2023-06-06,0037003700390063
1605,華新,125,11,114,國票-敦北法人,2023-06-06,0037003700390063
6515,穎崴,105,1,104,國票-敦北法人,2023-06-06,0037003700390063
2467,志聖,103,0,103,國票-敦北法人,2023-06-06,0037003700390063
8069,元太,115,20,95,國票-敦北法人,2023-06-06,0037003700390063
2731,雄獅,113,22,91,國票-敦北法人,2023-06-06,0037003700390063
2888,新光金,374,288,86,國票-敦北法人,2023-06-06,0037003700390063
3217,優群,76,1,75,國票-敦北法人,2023-06-06,0037003700390063
2323,中環,306,232,74,國票-敦北法人,2023-06-06,0037003700390063
3515,華擎,60,0,60,國票-敦北法人,2023-06-06,0037003700390063
3017,奇鋐,99,47,52,國票-敦北法人,2023-06-06,0037003700390063
3583,辛耘,71,20,51,國票-敦北法人,2023-06-06,0037003700390063
6703,軒郁,33,0,33,國票-敦北法人,2023-06-06,0037003700390063
2618,長榮航,364,332,32,國票-敦北法人,2023-06-06,0037003700390063
3541,西柏,31,0,31,國票-敦北法人,2023-06-06,0037003700390063
3094,聯傑,42,11,31,國票-敦北法人,2023-06-06,0037003700390063
9924,福興,32,1,31,國票-敦北法人,2023-06-06,0037003700390063
3661,世芯-KY,50,20,30,國票-敦北法人,2023-06-06,0037003700390063
9958,世紀鋼,32,4,28,國票-敦北法人,2023-06-06,0037003700390063
4440,宜新實業,27,0,27,國票-敦北法人,2023-06-06,0037003700390063
4906,正文,55,29,26,國票-敦北法人,2023-06-06,0037003700390063
5209,新鼎,25,0,25,國票-敦北法人,2023-06-06,0037003700390063
3346,麗清,31,6,25,國票-敦北法人,2023-06-06,0037003700390063
9914,美利達,24,0,24,國票-敦北法人,2023-06-06,0037003700390063
3013,晟銘電,101,78,23,國票-敦北法人,2023-06-06,0037003700390063
2887,台新金,157,134,23,國票-敦北法人,2023-06-06,0037003700390063
4533,協易機,30,8,22,國票-敦北法人,2023-06-06,0037003700390063
3564,其陽,22,1,21,國票-敦北法人,2023-06-06,0037003700390063
5706,鳳凰,35,15,20,國票-敦北法人,2023-06-06,0037003700390063
2362,藍天,20,0,20,國票-敦北法人,2023-06-06,0037003700390063
1701,中化,20,0,20,國票-敦北法人,2023-06-06,0037003700390063
1590,亞德客-KY,20,0,20,國票-敦北法人,2023-06-06,0037003700390063
5478,智冠,20,0,20,國票-敦北法人,2023-06-06,0037003700390063
3702,大聯大,29,10,19,國票-敦北法人,2023-06-06,0037003700390063
1104,環泥,45,26,19,國票-敦北法人,2023-06-06,0037003700390063
2461,光群雷,21,2,19,國票-敦北法人,2023-06-06,0037003700390063
3679,新至陞,18,0,18,國票-敦北法人,2023-06-06,0037003700390063
1904,正隆,51,34,17,國票-敦北法人,2023-06-06,0037003700390063
2734,易飛網,16,0,16,國票-敦北法人,2023-06-06,0037003700390063
3529,力旺,15,0,15,國票-敦北法人,2023-06-06,0037003700390063
3628,盈正,15,0,15,國票-敦北法人,2023-06-06,0037003700390063
2303,聯電,703,15,688,國票-敦北法人,2023-06-07,0037003700390063
00679B,元大美債20年,503,0,503,國票-敦北法人,2023-06-07,0037003700390063
6274,台燿,448,60,388,國票-敦北法人,2023-06-07,0037003700390063
3231,緯創,843,473,370,國票-敦北法人,2023-06-07,0037003700390063
4979,華星光,448,121,327,國票-敦北法人,2023-06-07,0037003700390063
3045,台灣大,300,0,300,國票-敦北法人,2023-06-07,0037003700390063
2421,建準,293,50,243,國票-敦北法人,2023-06-07,0037003700390063
8358,金居,235,49,186,國票-敦北法人,2023-06-07,0037003700390063
3027,盛達,207,32,175,國票-敦北法人,2023-06-07,0037003700390063
1519,華城,163,33,130,國票-敦北法人,2023-06-07,0037003700390063
4123,晟德,134,17,117,國票-敦北法人,2023-06-07,0037003700390063
6414,樺漢,102,0,102,國票-敦北法人,2023-06-07,0037003700390063
2376,技嘉,430,336,94,國票-敦北法人,2023-06-07,0037003700390063
2731,雄獅,142,57,85,國票-敦北法人,2023-06-07,0037003700390063
8069,元太,79,5,74,國票-敦北法人,2023-06-07,0037003700390063
9958,世紀鋼,70,5,65,國票-敦北法人,2023-06-07,0037003700390063
8261,富鼎,62,0,62,國票-敦北法人,2023-06-07,0037003700390063
1605,華新,64,4,60,國票-敦北法人,2023-06-07,0037003700390063
5340,建榮,79,20,59,國票-敦北法人,2023-06-07,0037003700390063
3230,錦明,50,0,50,國票-敦北法人,2023-06-07,0037003700390063
9904,寶成,66,16,50,國票-敦北法人,2023-06-07,0037003700390063
5483,中美晶,50,1,49,國票-敦北法人,2023-06-07,0037003700390063
4754,國碳科,45,0,45,國票-敦北法人,2023-06-07,0037003700390063
5511,德昌,53,11,42,國票-敦北法人,2023-06-07,0037003700390063
2312,金寶,68,27,41,國票-敦北法人,2023-06-07,0037003700390063
8076,伍豐,43,3,40,國票-敦北法人,2023-06-07,0037003700390063
8034,榮群,40,0,40,國票-敦北法人,2023-06-07,0037003700390063
2727,王品,43,7,36,國票-敦北法人,2023-06-07,0037003700390063
9924,福興,34,0,34,國票-敦北法人,2023-06-07,0037003700390063
3217,優群,37,4,33,國票-敦北法人,2023-06-07,0037003700390063
3078,僑威,59,26,33,國票-敦北法人,2023-06-07,0037003700390063
3541,西柏,32,0,32,國票-敦北法人,2023-06-07,0037003700390063
2618,長榮航,752,721,31,國票-敦北法人,2023-06-07,0037003700390063
6873,泓德能源,30,0,30,國票-敦北法人,2023-06-07,0037003700390063
5324,士開,30,0,30,國票-敦北法人,2023-06-07,0037003700390063
2530,華建,30,0,30,國票-敦北法人,2023-06-07,0037003700390063
2104,國際中橡,30,0,30,國票-敦北法人,2023-06-07,0037003700390063
3325,旭品,36,7,29,國票-敦北法人,2023-06-07,0037003700390063
5443,均豪,27,1,26,國票-敦北法人,2023-06-07,0037003700390063
4564,元翎,51,26,25,國票-敦北法人,2023-06-07,0037003700390063
00731,復華富時高息低波,25,0,25,國票-敦北法人,2023-06-07,0037003700390063
6282,康舒,240,215,25,國票-敦北法人,2023-06-07,0037003700390063
2331,精英,64,40,24,國票-敦北法人,2023-06-07,0037003700390063
6689,伊雲谷,23,1,22,國票-敦北法人,2023-06-07,0037003700390063
6285,啟��,26,4,22,國票-敦北法人,2023-06-07,0037003700390063
4945,陞達科技,21,0,21,國票-敦北法人,2023-06-07,0037003700390063
00632R,元大台灣50反1,22,1,21,國票-敦北法人,2023-06-07,0037003700390063
3105,穩懋,25,5,20,國票-敦北法人,2023-06-07,0037003700390063
00676R,富邦臺灣加權反1,20,0,20,國票-敦北法人,2023-06-07,0037003700390063
3289,宜特,31,12,19,國票-敦北法人,2023-06-07,0037003700390063
6282,康舒,1252,173,1079,國票-敦北法人,2023-06-08,0037003700390063
1216,統一,600,0,600,國票-敦北法人,2023-06-08,0037003700390063
2382,廣達,629,48,581,國票-敦北法人,2023-06-08,0037003700390063
1605,華新,829,321,508,國票-敦北法人,2023-06-08,0037003700390063
00919,群益台灣精選高息,398,0,398,國票-敦北法人,2023-06-08,0037003700390063
3515,華擎,380,62,318,國票-敦北法人,2023-06-08,0037003700390063
3017,奇鋐,382,79,303,國票-敦北法人,2023-06-08,0037003700390063
3046,建��,323,40,283,國票-敦北法人,2023-06-08,0037003700390063
6679,鈺太,273,20,253,國票-敦北法人,2023-06-08,0037003700390063
2313,華通,266,16,250,國票-敦北法人,2023-06-08,0037003700390063
2383,台光電,289,43,246,國票-敦北法人,2023-06-08,0037003700390063
3260,威剛,211,10,201,國票-敦北法人,2023-06-08,0037003700390063
3045,台灣大,200,0,200,國票-敦北法人,2023-06-08,0037003700390063
3027,盛達,219,39,180,國票-敦北法人,2023-06-08,0037003700390063
3131,弘塑,135,5,130,國票-敦北法人,2023-06-08,0037003700390063
3030,德律,122,0,122,國票-敦北法人,2023-06-08,0037003700390063
4904,遠傳,120,0,120,國票-敦北法人,2023-06-08,0037003700390063
6274,台燿,187,72,115,國票-敦北法人,2023-06-08,0037003700390063
9945,潤泰新,150,40,110,國票-敦北法人,2023-06-08,0037003700390063
9910,豐泰,105,0,105,國票-敦北法人,2023-06-08,0037003700390063
2312,金寶,111,11,100,國票-敦北法人,2023-06-08,0037003700390063
8255,朋程,100,0,100,國票-敦北法人,2023-06-08,0037003700390063
4966,譜瑞-KY,100,5,95,國票-敦北法人,2023-06-08,0037003700390063
2376,技嘉,132,42,90,國票-敦北法人,2023-06-08,0037003700390063
2360,致茂,90,0,90,國票-敦北法人,2023-06-08,0037003700390063
1519,華城,140,57,83,國票-敦北法人,2023-06-08,0037003700390063
6732,昇佳電子,81,0,81,國票-敦北法人,2023-06-08,0037003700390063
3661,世芯-KY,93,25,68,國票-敦北法人,2023-06-08,0037003700390063
1609,大亞,421,357,64,國票-敦北法人,2023-06-08,0037003700390063
2888,新光金,448,386,62,國票-敦北法人,2023-06-08,0037003700390063
5302,太欣,60,0,60,國票-敦北法人,2023-06-08,0037003700390063
3217,優群,56,6,50,國票-敦北法人,2023-06-08,0037003700390063
2454,聯發科,84,34,50,國票-敦北法人,2023-06-08,0037003700390063
4123,晟德,68,26,42,國票-敦北法人,2023-06-08,0037003700390063
4979,華星光,106,65,41,國票-敦北法人,2023-06-08,0037003700390063
3483,力致,62,22,40,國票-敦北法人,2023-06-08,0037003700390063
3056,富華新,57,18,39,國票-敦北法人,2023-06-08,0037003700390063
2368,金像電,97,58,39,國票-敦北法人,2023-06-08,0037003700390063
1227,佳格,37,0,37,國票-敦北法人,2023-06-08,0037003700390063
9924,福興,36,0,36,國票-敦北法人,2023-06-08,0037003700390063
1504,東元,117,83,34,國票-敦北法人,2023-06-08,0037003700390063
6223,旺矽,88,56,32,國票-敦北法人,2023-06-08,0037003700390063
1444,力麗,33,2,31,國票-敦北法人,2023-06-08,0037003700390063
6112,邁達特,49,20,29,國票-敦北法人,2023-06-08,0037003700390063
00878,國泰永續高股息,28,0,28,國票-敦北法人,2023-06-08,0037003700390063
00679B,元大美債20年,27,0,27,國票-敦北法人,2023-06-08,0037003700390063
4927,泰鼎-KY,28,2,26,國票-敦北法人,2023-06-08,0037003700390063
1104,環泥,60,35,25,國票-敦北法人,2023-06-08,0037003700390063
6441,廣錠,28,5,23,國票-敦北法人,2023-06-08,0037003700390063
1513,中興電,240,217,23,國票-敦北法人,2023-06-08,0037003700390063
3231,緯創,1543,334,1209,國票-敦北法人,2023-06-09,0037003700390063
5425,台半,1004,32,972,國票-敦北法人,2023-06-09,0037003700390063
2303,聯電,940,71,869,國票-敦北法人,2023-06-09,0037003700390063
2886,兆豐金,800,4,796,國票-敦北法人,2023-06-09,0037003700390063
3017,奇鋐,683,30,653,國票-敦北法人,2023-06-09,0037003700390063
3037,欣興,604,51,553,國票-敦北法人,2023-06-09,0037003700390063
2385,群光,668,171,497,國票-敦北法人,2023-06-09,0037003700390063
3027,盛達,431,23,408,國票-敦北法人,2023-06-09,0037003700390063
2888,新光金,680,404,276,國票-敦北法人,2023-06-09,0037003700390063
00929,復華台灣科技優息,244,17,227,國票-敦北法人,2023-06-09,0037003700390063
6274,台燿,278,61,217,國票-敦北法人,2023-06-09,0037003700390063
3324,雙鴻,209,3,206,國票-敦北法人,2023-06-09,0037003700390063
3045,台灣大,200,0,200,國票-敦北法人,2023-06-09,0037003700390063
5243,乙盛-KY,176,6,170,國票-敦北法人,2023-06-09,0037003700390063
1210,大成,169,0,169,國票-敦北法人,2023-06-09,0037003700390063
6732,昇佳電子,151,0,151,國票-敦北法人,2023-06-09,0037003700390063
4533,協易機,158,8,150,國票-敦北法人,2023-06-09,0037003700390063
9958,世紀鋼,157,22,135,國票-敦北法人,2023-06-09,0037003700390063
1519,華城,151,21,130,國票-敦北法人,2023-06-09,0037003700390063
3030,德律,124,0,124,國票-敦北法人,2023-06-09,0037003700390063
2329,華泰,163,43,120,國票-敦北法人,2023-06-09,0037003700390063
2360,致茂,113,4,109,國票-敦北法人,2023-06-09,0037003700390063
1612,宏泰,113,5,108,國票-敦北法人,2023-06-09,0037003700390063
2882,國泰金,228,127,101,國票-敦北法人,2023-06-09,0037003700390063
6414,樺漢,100,0,100,國票-敦北法人,2023-06-09,0037003700390063
2908,特力,97,0,97,國票-敦北法人,2023-06-09,0037003700390063
2382,廣達,320,224,96,國票-敦北法人,2023-06-09,0037003700390063
6279,胡連,100,5,95,國票-敦北法人,2023-06-09,0037003700390063
6235,華孚,173,79,94,國票-敦北法人,2023-06-09,0037003700390063
8038,長園科,75,5,70,國票-敦北法人,2023-06-09,0037003700390063
8069,元太,63,9,54,國票-敦北法人,2023-06-09,0037003700390063
3078,僑威,62,9,53,國票-敦北法人,2023-06-09,0037003700390063
2454,聯發科,65,16,49,國票-敦北法人,2023-06-09,0037003700390063
6205,詮欣,45,5,40,國票-敦北法人,2023-06-09,0037003700390063
2436,偉詮電,42,2,40,國票-敦北法人,2023-06-09,0037003700390063
4979,華星光,542,503,39,國票-敦北法人,2023-06-09,0037003700390063
9924,福興,38,0,38,國票-敦北法人,2023-06-09,0037003700390063
5512,力麒,77,45,32,國票-敦北法人,2023-06-09,0037003700390063
3217,優群,34,2,32,國票-敦北法人,2023-06-09,0037003700390063
1815,富喬,43,12,31,國票-敦北法人,2023-06-09,0037003700390063
00632R,元大台灣50反1,30,0,30,國票-敦北法人,2023-06-09,0037003700390063
3162,精確,31,1,30,國票-敦北法人,2023-06-09,0037003700390063
6743,安普新,25,0,25,國票-敦北法人,2023-06-09,0037003700390063
2103,台橡,25,0,25,國票-敦北法人,2023-06-09,0037003700390063
1590,亞德客-KY,25,0,25,國票-敦北法人,2023-06-09,0037003700390063
8076,伍豐,26,1,25,國票-敦北法人,2023-06-09,0037003700390063
2705,六福,40,17,23,國票-敦北法人,2023-06-09,0037003700390063
1802,台玻,53,31,22,國票-敦北法人,2023-06-09,0037003700390063
00715L,期街口布蘭特正2,21,0,21,國票-敦北法人,2023-06-09,0037003700390063
3306,鼎天,21,0,21,國票-敦北法人,2023-06-09,0037003700390063
4906,正文,1480,15,1465,國票-敦北法人,2023-06-12,0037003700390063
2385,群光,694,159,535,國票-敦北法人,2023-06-12,0037003700390063
2317,鴻海,432,13,419,國票-敦北法人,2023-06-12,0037003700390063
3017,奇鋐,399,36,363,國票-敦北法人,2023-06-12,0037003700390063
2382,廣達,726,372,354,國票-敦北法人,2023-06-12,0037003700390063
2480,敦陽科,335,0,335,國票-敦北法人,2023-06-12,0037003700390063
2330,台積電,259,15,244,國票-敦北法人,2023-06-12,0037003700390063
3515,華擎,303,64,239,國票-敦北法人,2023-06-12,0037003700390063
00929,復華台灣科技優息,165,0,165,國票-敦北法人,2023-06-12,0037003700390063
3030,德律,138,0,138,國票-敦北法人,2023-06-12,0037003700390063
6743,安普新,114,3,111,國票-敦北法人,2023-06-12,0037003700390063
3025,星通,108,3,105,國票-敦北法人,2023-06-12,0037003700390063
2908,特力,97,0,97,國票-敦北法人,2023-06-12,0037003700390063
2383,台光電,111,19,92,國票-敦北法人,2023-06-12,0037003700390063
4979,華星光,240,150,90,國票-敦北法人,2023-06-12,0037003700390063
2356,英業達,308,227,81,國票-敦北法人,2023-06-12,0037003700390063
3707,漢磊,98,19,79,國票-敦北法人,2023-06-12,0037003700390063
3217,優群,93,15,78,國票-敦北法人,2023-06-12,0037003700390063
6279,胡連,74,8,66,國票-敦北法人,2023-06-12,0037003700390063
8069,元太,88,27,61,國票-敦北法人,2023-06-12,0037003700390063
3308,聯德,76,16,60,國票-敦北法人,2023-06-12,0037003700390063
4974,亞泰,60,0,60,國票-敦北法人,2023-06-12,0037003700390063
3680,家登,52,2,50,國票-敦北法人,2023-06-12,0037003700390063
8299,群聯,50,0,50,國票-敦北法人,2023-06-12,0037003700390063
2455,全新,156,110,46,國票-敦北法人,2023-06-12,0037003700390063
2454,聯發科,53,7,46,國票-敦北法人,2023-06-12,0037003700390063
3005,神基,76,31,45,國票-敦北法人,2023-06-12,0037003700390063
3044,健鼎,79,35,44,國票-敦北法人,2023-06-12,0037003700390063
9924,福興,43,0,43,國票-敦北法人,2023-06-12,0037003700390063
3346,麗清,108,65,43,國票-敦北法人,2023-06-12,0037003700390063
8112,至上,55,14,41,國票-敦北法人,2023-06-12,0037003700390063
3163,波若威,41,0,41,國票-敦北法人,2023-06-12,0037003700390063
8916,光隆,40,0,40,國票-敦北法人,2023-06-12,0037003700390063
2345,智邦,39,3,36,國票-敦北法人,2023-06-12,0037003700390063
00715L,期街口布蘭特正2,34,0,34,國票-敦北法人,2023-06-12,0037003700390063
6167,久正,39,5,34,國票-敦北法人,2023-06-12,0037003700390063
8114,振樺電,38,5,33,國票-敦北法人,2023-06-12,0037003700390063
2705,六福,84,53,31,國票-敦北法人,2023-06-12,0037003700390063
6187,萬潤,41,10,31,國票-敦北法人,2023-06-12,0037003700390063
3443,創意,33,3,30,國票-敦北法人,2023-06-12,0037003700390063
4989,榮科,30,0,30,國票-敦北法人,2023-06-12,0037003700390063
4438,廣越,30,0,30,國票-敦北法人,2023-06-12,0037003700390063
2392,正崴,39,11,28,國票-敦北法人,2023-06-12,0037003700390063
6596,寬宏藝術,57,33,24,國票-敦北法人,2023-06-12,0037003700390063
6274,台燿,41,17,24,國票-敦北法人,2023-06-12,0037003700390063
3027,盛達,159,136,23,國票-敦北法人,2023-06-12,0037003700390063
4129,聯合,43,21,22,國票-敦北法人,2023-06-12,0037003700390063
3679,新至陞,21,0,21,國票-敦北法人,2023-06-12,0037003700390063
4532,瑞智,21,1,20,國票-敦北法人,2023-06-12,0037003700390063
6120,達運,20,0,20,國票-敦北法人,2023-06-12,0037003700390063
2610,華航,1687,177,1510,國票-敦北法人,2023-06-13,0037003700390063
2356,英業達,1291,348,943,國票-敦北法人,2023-06-13,0037003700390063
3231,緯創,1246,519,727,國票-敦北法人,2023-06-13,0037003700390063
4906,正文,525,18,507,國票-敦北法人,2023-06-13,0037003700390063
2890,永豐金,500,0,500,國票-敦北法人,2023-06-13,0037003700390063
2449,京元電子,531,76,455,國票-敦北法人,2023-06-13,0037003700390063
6282,康舒,454,37,417,國票-敦北法人,2023-06-13,0037003700390063
1301,台塑,401,1,400,國票-敦北法人,2023-06-13,0037003700390063
2382,廣達,1037,637,400,國票-敦北法人,2023-06-13,0037003700390063
5425,台半,312,21,291,國票-敦北法人,2023-06-13,0037003700390063
8069,元太,350,61,289,國票-敦北法人,2023-06-13,0037003700390063
3587,閎康,289,0,289,國票-敦北法人,2023-06-13,0037003700390063
2308,台達電,471,191,280,國票-敦北法人,2023-06-13,0037003700390063
2344,華邦電,391,141,250,國票-敦北法人,2023-06-13,0037003700390063
3078,僑威,407,173,234,國票-敦北法人,2023-06-13,0037003700390063
2888,新光金,682,471,211,國票-敦北法人,2023-06-13,0037003700390063
6285,啟��,176,15,161,國票-敦北法人,2023-06-13,0037003700390063
2458,義隆,142,4,138,國票-敦北法人,2023-06-13,0037003700390063
00919,群益台灣精選高息,136,0,136,國票-敦北法人,2023-06-13,0037003700390063
6279,胡連,139,7,132,國票-敦北法人,2023-06-13,0037003700390063
3030,德律,148,17,131,國票-敦北法人,2023-06-13,0037003700390063
1305,華夏,125,0,125,國票-敦北法人,2023-06-13,0037003700390063
2323,中環,267,150,117,國票-敦北法人,2023-06-13,0037003700390063
3017,奇鋐,207,93,114,國票-敦北法人,2023-06-13,0037003700390063
2908,特力,97,0,97,國票-敦北法人,2023-06-13,0037003700390063
4979,華星光,328,242,86,國票-敦北法人,2023-06-13,0037003700390063
2545,皇翔,86,1,85,國票-敦北法人,2023-06-13,0037003700390063
9910,豐泰,76,0,76,國票-敦北法人,2023-06-13,0037003700390063
3035,智原,102,29,73,國票-敦北法人,2023-06-13,0037003700390063
2457,飛宏,74,2,72,國票-敦北法人,2023-06-13,0037003700390063
2360,致茂,108,37,71,國票-敦北法人,2023-06-13,0037003700390063
3037,欣興,149,83,66,國票-敦北法人,2023-06-13,0037003700390063
4974,亞泰,61,0,61,國票-敦北法人,2023-06-13,0037003700390063
6625,必應,59,2,57,國票-敦北法人,2023-06-13,0037003700390063
6187,萬潤,73,18,55,國票-敦北法人,2023-06-13,0037003700390063
9950,萬國通,55,0,55,國票-敦北法人,2023-06-13,0037003700390063
5340,建榮,73,18,55,國票-敦北法人,2023-06-13,0037003700390063
6679,鈺太,54,1,53,國票-敦北法人,2023-06-13,0037003700390063
4510,高鋒,53,1,52,國票-敦北法人,2023-06-13,0037003700390063
00632R,元大台灣50反1,94,42,52,國票-敦北法人,2023-06-13,0037003700390063
5258,虹堡,71,19,52,國票-敦北法人,2023-06-13,0037003700390063
2881,富邦金,155,104,51,國票-敦北法人,2023-06-13,0037003700390063
00929,復華台灣科技優息,50,0,50,國票-敦北法人,2023-06-13,0037003700390063
6239,力成,55,5,50,國票-敦北法人,2023-06-13,0037003700390063
00642U,期元大S＆P石油,45,0,45,國票-敦北法人,2023-06-13,0037003700390063
1806,冠軍,45,0,45,國票-敦北法人,2023-06-13,0037003700390063
3443,創意,48,8,40,國票-敦北法人,2023-06-13,0037003700390063
2345,智邦,40,0,40,國票-敦北法人,2023-06-13,0037003700390063
1589,永冠-KY,44,5,39,國票-敦北法人,2023-06-13,0037003700390063
5381,合正,35,0,35,國票-敦北法人,2023-06-13,0037003700390063
2303,聯電,2576,81,2495,國票-敦北法人,2023-06-14,0037003700390063
2385,群光,1561,200,1361,國票-敦北法人,2023-06-14,0037003700390063
00715L,期街口布蘭特正2,1310,42,1268,國票-敦北法人,2023-06-14,0037003700390063
6282,康舒,1051,238,813,國票-敦北法人,2023-06-14,0037003700390063
2308,台達電,826,161,665,國票-敦北法人,2023-06-14,0037003700390063
2610,華航,764,221,543,國票-敦北法人,2023-06-14,0037003700390063
3078,僑威,547,73,474,國票-敦北法人,2023-06-14,0037003700390063
2421,建準,404,0,404,國票-敦北法人,2023-06-14,0037003700390063
2382,廣達,373,91,282,國票-敦北法人,2023-06-14,0037003700390063
3260,威剛,305,33,272,國票-敦北法人,2023-06-14,0037003700390063
2383,台光電,279,28,251,國票-敦北法人,2023-06-14,0037003700390063
2890,永豐金,250,1,249,國票-敦北法人,2023-06-14,0037003700390063
2351,順德,200,0,200,國票-敦北法人,2023-06-14,0037003700390063
4938,和碩,215,20,195,國票-敦北法人,2023-06-14,0037003700390063
2743,山富,230,39,191,國票-敦北法人,2023-06-14,0037003700390063
2618,長榮航,1534,1354,180,國票-敦北法人,2023-06-14,0037003700390063
2603,長榮,191,44,147,國票-敦北法人,2023-06-14,0037003700390063
2376,技嘉,162,20,142,國票-敦北法人,2023-06-14,0037003700390063
3030,德律,141,5,136,國票-敦北法人,2023-06-14,0037003700390063
3017,奇鋐,108,3,105,國票-敦北法人,2023-06-14,0037003700390063
1589,永冠-KY,103,1,102,國票-敦北法人,2023-06-14,0037003700390063
2908,特力,100,0,100,國票-敦北法人,2023-06-14,0037003700390063
00919,群益台灣精選高息,93,0,93,國票-敦北法人,2023-06-14,0037003700390063
2545,皇翔,87,0,87,國票-敦北法人,2023-06-14,0037003700390063
2504,國產,70,4,66,國票-敦北法人,2023-06-14,0037003700390063
4974,亞泰,63,0,63,國票-敦北法人,2023-06-14,0037003700390063
2888,新光金,368,306,62,國票-敦北法人,2023-06-14,0037003700390063
2405,輔信,66,5,61,國票-敦北法人,2023-06-14,0037003700390063
1210,大成,179,128,51,國票-敦北法人,2023-06-14,0037003700390063
2606,裕民,53,3,50,國票-敦北法人,2023-06-14,0037003700390063
8069,元太,75,28,47,國票-敦北法人,2023-06-14,0037003700390063
1605,華新,66,20,46,國票-敦北法人,2023-06-14,0037003700390063
6657,華安,41,0,41,國票-敦北法人,2023-06-14,0037003700390063
1319,東陽,60,21,39,國票-敦北法人,2023-06-14,0037003700390063
00895,富邦未來車,40,1,39,國票-敦北法人,2023-06-14,0037003700390063
4510,高鋒,41,2,39,國票-敦北法人,2023-06-14,0037003700390063
3374,精材,57,20,37,國票-敦北法人,2023-06-14,0037003700390063
8150,南茂,42,7,35,國票-敦北法人,2023-06-14,0037003700390063
2317,鴻海,47,14,33,國票-敦北法人,2023-06-14,0037003700390063
6716,應廣,32,0,32,國票-敦北法人,2023-06-14,0037003700390063
4755,三福化,30,0,30,國票-敦北法人,2023-06-14,0037003700390063
3027,盛達,67,40,27,國票-敦北法人,2023-06-14,0037003700390063
0056,元大高股息,39,13,26,國票-敦北法人,2023-06-14,0037003700390063
5234,達興材料,24,0,24,國票-敦北法人,2023-06-14,0037003700390063
1802,台玻,52,30,22,國票-敦北法人,2023-06-14,0037003700390063
3679,新至陞,21,0,21,國票-敦北法人,2023-06-14,0037003700390063
8033,雷虎,21,0,21,國票-敦北法人,2023-06-14,0037003700390063
1477,聚陽,20,0,20,國票-敦北法人,2023-06-14,0037003700390063
00676R,富邦臺灣加權反1,20,0,20,國票-敦北法人,2023-06-14,0037003700390063
5274,信驊,19,0,19,國票-敦北法人,2023-06-14,0037003700390063
2610,華航,1339,653,686,國票-敦北法人,2023-06-15,0037003700390063
2301,光寶科,655,28,627,國票-敦北法人,2023-06-15,0037003700390063
3231,緯創,1476,866,610,國票-敦北法人,2023-06-15,0037003700390063
2618,長榮航,2480,1899,581,國票-敦北法人,2023-06-15,0037003700390063
2408,南亞科,402,67,335,國票-敦北法人,2023-06-15,0037003700390063
1102,亞泥,249,6,243,國票-敦北法人,2023-06-15,0037003700390063
6412,群電,215,0,215,國票-敦北法人,2023-06-15,0037003700390063
5425,台半,251,36,215,國票-敦北法人,2023-06-15,0037003700390063
3035,智原,221,22,199,國票-敦北法人,2023-06-15,0037003700390063
3596,智易,185,4,181,國票-敦北法人,2023-06-15,0037003700390063
1402,遠東新,117,0,117,國票-敦北法人,2023-06-15,0037003700390063
2458,義隆,116,3,113,國票-敦北法人,2023-06-15,0037003700390063
1519,華城,148,38,110,國票-敦北法人,2023-06-15,0037003700390063
4114,健喬,118,17,101,國票-敦北法人,2023-06-15,0037003700390063
9933,中鼎,100,0,100,國票-敦北法人,2023-06-15,0037003700390063
1301,台塑,100,5,95,國票-敦北法人,2023-06-15,0037003700390063
2468,華經,110,16,94,國票-敦北法人,2023-06-15,0037003700390063
2545,皇翔,89,0,89,國票-敦北法人,2023-06-15,0037003700390063
5340,建榮,70,9,61,國票-敦北法人,2023-06-15,0037003700390063
1589,永冠-KY,68,8,60,國票-敦北法人,2023-06-15,0037003700390063
2401,凌陽,107,54,53,國票-敦北法人,2023-06-15,0037003700390063
2352,佳世達,148,95,53,國票-敦北法人,2023-06-15,0037003700390063
2427,三商電,75,23,52,國票-敦北法人,2023-06-15,0037003700390063
4526,東台,115,65,50,國票-敦北法人,2023-06-15,0037003700390063
2606,裕民,71,21,50,國票-敦北法人,2023-06-15,0037003700390063
3652,精聯,46,0,46,國票-敦北法人,2023-06-15,0037003700390063
8150,南茂,61,15,46,國票-敦北法人,2023-06-15,0037003700390063
2201,裕隆,54,9,45,國票-敦北法人,2023-06-15,0037003700390063
3078,僑威,161,117,44,國票-敦北法人,2023-06-15,0037003700390063
4979,華星光,144,102,42,國票-敦北法人,2023-06-15,0037003700390063
6279,胡連,58,16,42,國票-敦北法人,2023-06-15,0037003700390063
9921,巨大,37,0,37,國票-敦北法人,2023-06-15,0037003700390063
3027,盛達,60,28,32,國票-敦北法人,2023-06-15,0037003700390063
3094,聯傑,30,0,30,國票-敦北法人,2023-06-15,0037003700390063
6670,復盛應用,30,0,30,國票-敦北法人,2023-06-15,0037003700390063
3529,力旺,33,4,29,國票-敦北法人,2023-06-15,0037003700390063
1605,華新,47,23,24,國票-敦北法人,2023-06-15,0037003700390063
1528,恩德,24,0,24,國票-敦北法人,2023-06-15,0037003700390063
3661,世芯-KY,36,12,24,國票-敦北法人,2023-06-15,0037003700390063
3501,維熹,23,0,23,國票-敦北法人,2023-06-15,0037003700390063
1522,堤維西,67,45,22,國票-敦北法人,2023-06-15,0037003700390063
4973,廣穎,25,3,22,國票-敦北法人,2023-06-15,0037003700390063
3305,昇貿,20,0,20,國票-敦北法人,2023-06-15,0037003700390063
6550,北極星藥業-KY,39,19,20,國票-敦北法人,2023-06-15,0037003700390063
3217,優群,41,21,20,國票-敦北法人,2023-06-15,0037003700390063
3287,廣寰科,20,0,20,國票-敦北法人,2023-06-15,0037003700390063
3207,耀勝,28,9,19,國票-敦北法人,2023-06-15,0037003700390063
6239,力成,20,1,19,國票-敦北法人,2023-06-15,0037003700390063
00632R,元大台灣50反1,19,0,19,國票-敦北法人,2023-06-15,0037003700390063
2453,凌群,98,81,17,國票-敦北法人,2023-06-15,0037003700390063
6282,康舒,1850,198,1652,國票-敦北法人,2023-06-16,0037003700390063
00900,富邦特選高股息30,855,0,855,國票-敦北法人,2023-06-16,0037003700390063
3035,智原,833,52,781,國票-敦北法人,2023-06-16,0037003700390063
2301,光寶科,768,95,673,國票-敦北法人,2023-06-16,0037003700390063
00919,群益台灣精選高息,610,23,587,國票-敦北法人,2023-06-16,0037003700390063
2376,技嘉,649,188,461,國票-敦北法人,2023-06-16,0037003700390063
6148,驊宏資,326,1,325,國票-敦北法人,2023-06-16,0037003700390063
1301,台塑,304,0,304,國票-敦北法人,2023-06-16,0037003700390063
2890,永豐金,300,2,298,國票-敦北法人,2023-06-16,0037003700390063
2382,廣達,657,400,257,國票-敦北法人,2023-06-16,0037003700390063
1589,永冠-KY,170,9,161,國票-敦北法人,2023-06-16,0037003700390063
1504,東元,186,33,153,國票-敦北法人,2023-06-16,0037003700390063
1303,南亞,150,0,150,國票-敦北法人,2023-06-16,0037003700390063
1319,東陽,171,28,143,國票-敦北法人,2023-06-16,0037003700390063
2356,英業達,405,274,131,國票-敦北法人,2023-06-16,0037003700390063
2408,南亞科,173,52,121,國票-敦北法人,2023-06-16,0037003700390063
1909,榮成,120,1,119,國票-敦北法人,2023-06-16,0037003700390063
1402,遠東新,118,3,115,國票-敦北法人,2023-06-16,0037003700390063
3706,神達,320,207,113,國票-敦北法人,2023-06-16,0037003700390063
8478,東哥遊艇,105,4,101,國票-敦北法人,2023-06-16,0037003700390063
2545,皇翔,90,0,90,國票-敦北法人,2023-06-16,0037003700390063
2383,台光電,103,20,83,國票-敦北法人,2023-06-16,0037003700390063
2455,全新,200,130,70,國票-敦北法人,2023-06-16,0037003700390063
2345,智邦,73,5,68,國票-敦北法人,2023-06-16,0037003700390063
4916,事欣科,122,60,62,國票-敦北法人,2023-06-16,0037003700390063
6271,同欣電,78,17,61,國票-敦北法人,2023-06-16,0037003700390063
6806,森崴能源,79,28,51,國票-敦北法人,2023-06-16,0037003700390063
4564,元翎,65,15,50,國票-敦北法人,2023-06-16,0037003700390063
2421,建準,53,5,48,國票-敦北法人,2023-06-16,0037003700390063
3661,世芯-KY,47,3,44,國票-敦北法人,2023-06-16,0037003700390063
4526,東台,42,0,42,國票-敦北法人,2023-06-16,0037003700390063
1210,大成,40,0,40,國票-敦北法人,2023-06-16,0037003700390063
8150,南茂,42,2,40,國票-敦北法人,2023-06-16,0037003700390063
3652,精聯,65,28,37,國票-敦北法人,2023-06-16,0037003700390063
8210,勤誠,40,4,36,國票-敦北法人,2023-06-16,0037003700390063
1815,富喬,62,26,36,國票-敦北法人,2023-06-16,0037003700390063
3515,華擎,55,20,35,國票-敦北法人,2023-06-16,0037003700390063
6488,環球晶,39,4,35,國票-敦北法人,2023-06-16,0037003700390063
4971,IET-KY,34,0,34,國票-敦北法人,2023-06-16,0037003700390063
6223,旺矽,95,63,32,國票-敦北法人,2023-06-16,0037003700390063
6005,群益證,66,35,31,國票-敦北法人,2023-06-16,0037003700390063
6414,樺漢,31,1,30,國票-敦北法人,2023-06-16,0037003700390063
4746,台耀,30,0,30,國票-敦北法人,2023-06-16,0037003700390063
1609,大亞,166,137,29,國票-敦北法人,2023-06-16,0037003700390063
1785,光洋科,60,34,26,國票-敦北法人,2023-06-16,0037003700390063
5258,虹堡,119,93,26,國票-敦北法人,2023-06-16,0037003700390063
8299,群聯,28,3,25,國票-敦北法人,2023-06-16,0037003700390063
1477,聚陽,36,12,24,國票-敦北法人,2023-06-16,0037003700390063
4207,環泰,36,12,24,國票-敦北法人,2023-06-16,0037003700390063
2206,三陽工業,85,64,21,國票-敦北法人,2023-06-16,0037003700390063
2337,旺宏,5638,37,5601,國票-敦北法人,2023-06-19,0037003700390063
3231,緯創,3737,1118,2619,國票-敦北法人,2023-06-19,0037003700390063
2105,正新,2508,0,2508,國票-敦北法人,2023-06-19,0037003700390063
2454,聯發科,750,10,740,國票-敦北法人,2023-06-19,0037003700390063
3481,群創,993,260,733,國票-敦北法人,2023-06-19,0037003700390063
6282,康舒,520,1,519,國票-敦北法人,2023-06-19,0037003700390063
2301,光寶科,509,35,474,國票-敦北法人,2023-06-19,0037003700390063
2888,新光金,301,12,289,國票-敦北法人,2023-06-19,0037003700390063
2382,廣達,544,272,272,國票-敦北法人,2023-06-19,0037003700390063
2890,永豐金,232,0,232,國票-敦北法人,2023-06-19,0037003700390063
2891,中信金,226,0,226,國票-敦北法人,2023-06-19,0037003700390063
3034,聯詠,265,58,207,國票-敦北法人,2023-06-19,0037003700390063
3706,神達,472,272,200,國票-敦北法人,2023-06-19,0037003700390063
2324,仁寶,183,1,182,國票-敦北法人,2023-06-19,0037003700390063
5388,中磊,173,5,168,國票-敦北法人,2023-06-19,0037003700390063
6182,合晶,186,23,163,國票-敦北法人,2023-06-19,0037003700390063
2634,漢翔,170,16,154,國票-敦北法人,2023-06-19,0037003700390063
3515,華擎,234,80,154,國票-敦北法人,2023-06-19,0037003700390063
3693,營邦,205,64,141,國票-敦北法人,2023-06-19,0037003700390063
1305,華夏,127,0,127,國票-敦北法人,2023-06-19,0037003700390063
1308,亞聚,125,0,125,國票-敦北法人,2023-06-19,0037003700390063
3014,聯陽,119,0,119,國票-敦北法人,2023-06-19,0037003700390063
5425,台半,155,36,119,國票-敦北法人,2023-06-19,0037003700390063
6024,群益期,99,0,99,國票-敦北法人,2023-06-19,0037003700390063
2545,皇翔,93,0,93,國票-敦北法人,2023-06-19,0037003700390063
3105,穩懋,103,13,90,國票-敦北法人,2023-06-19,0037003700390063
9914,美利達,86,0,86,國票-敦北法人,2023-06-19,0037003700390063
1589,永冠-KY,84,4,80,國票-敦北法人,2023-06-19,0037003700390063
2344,華邦電,301,226,75,國票-敦北法人,2023-06-19,0037003700390063
6414,樺漢,73,0,73,國票-敦北法人,2023-06-19,0037003700390063
5871,中租-KY,93,23,70,國票-敦北法人,2023-06-19,0037003700390063
1513,中興電,227,168,59,國票-敦北法人,2023-06-19,0037003700390063
3049,精金,55,0,55,國票-敦北法人,2023-06-19,0037003700390063
3023,信邦,52,1,51,國票-敦北法人,2023-06-19,0037003700390063
3035,智原,81,30,51,國票-敦北法人,2023-06-19,0037003700390063
6533,晶心科,56,5,51,國票-敦北法人,2023-06-19,0037003700390063
3675,德微,50,0,50,國票-敦北法人,2023-06-19,0037003700390063
2610,華航,910,863,47,國票-敦北法人,2023-06-19,0037003700390063
3017,奇鋐,138,93,45,國票-敦北法人,2023-06-19,0037003700390063
8069,元太,108,64,44,國票-敦北法人,2023-06-19,0037003700390063
2356,英業達,208,169,39,國票-敦北法人,2023-06-19,0037003700390063
5258,虹堡,129,91,38,國票-敦北法人,2023-06-19,0037003700390063
3715,定穎投控,38,2,36,國票-敦北法人,2023-06-19,0037003700390063
6127,九豪,35,0,35,國票-敦北法人,2023-06-19,0037003700390063
2421,建準,153,119,34,國票-敦北法人,2023-06-19,0037003700390063
3078,僑威,66,34,32,國票-敦北法人,2023-06-19,0037003700390063
3037,欣興,76,47,29,國票-敦北法人,2023-06-19,0037003700390063
1519,華城,154,127,27,國票-敦北法人,2023-06-19,0037003700390063
8222,寶一,49,22,27,國票-敦北法人,2023-06-19,0037003700390063
4977,眾達-KY,39,13,26,國票-敦北法人,2023-06-19,0037003700390063
2303,聯電,3528,10,3518,國票-敦北法人,2023-06-20,0037003700390063
3231,緯創,834,218,616,國票-敦北法人,2023-06-20,0037003700390063
5347,世界,533,31,502,國票-敦北法人,2023-06-20,0037003700390063
2002,中鋼,501,12,489,國票-敦北法人,2023-06-20,0037003700390063
2385,群光,384,24,360,國票-敦北法人,2023-06-20,0037003700390063
6182,合晶,206,6,200,國票-敦北法人,2023-06-20,0037003700390063
9914,美利達,200,0,200,國票-敦北法人,2023-06-20,0037003700390063
2301,光寶科,331,132,199,國票-敦北法人,2023-06-20,0037003700390063
6111,大宇資,201,40,161,國票-敦北法人,2023-06-20,0037003700390063
3035,智原,183,31,152,國票-敦北法人,2023-06-20,0037003700390063
2887E,台新戊特,150,0,150,國票-敦北法人,2023-06-20,0037003700390063
2383,台光電,157,21,136,國票-敦北法人,2023-06-20,0037003700390063
6285,啟��,161,35,126,國票-敦北法人,2023-06-20,0037003700390063
4904,遠傳,121,0,121,國票-敦北法人,2023-06-20,0037003700390063
00929,復華台灣科技優息,106,0,106,國票-敦北法人,2023-06-20,0037003700390063
4938,和碩,140,35,105,國票-敦北法人,2023-06-20,0037003700390063
5371,中光電,95,14,81,國票-敦北法人,2023-06-20,0037003700390063
1528,恩德,142,72,70,國票-敦北法人,2023-06-20,0037003700390063
2206,三陽工業,215,159,56,國票-敦北法人,2023-06-20,0037003700390063
9945,潤泰新,83,32,51,國票-敦北法人,2023-06-20,0037003700390063
9910,豐泰,50,0,50,國票-敦北法人,2023-06-20,0037003700390063
2382,廣達,336,288,48,國票-敦北法人,2023-06-20,0037003700390063
1476,儒鴻,53,5,48,國票-敦北法人,2023-06-20,0037003700390063
4979,華星光,221,176,45,國票-敦北法人,2023-06-20,0037003700390063
9958,世紀鋼,47,2,45,國票-敦北法人,2023-06-20,0037003700390063
2402,毅嘉,76,35,41,國票-敦北法人,2023-06-20,0037003700390063
3715,定穎投控,112,77,35,國票-敦北法人,2023-06-20,0037003700390063
2201,裕隆,120,88,32,國票-敦北法人,2023-06-20,0037003700390063
6239,力成,34,4,30,國票-敦北法人,2023-06-20,0037003700390063
1612,宏泰,73,44,29,國票-敦北法人,2023-06-20,0037003700390063
3017,奇鋐,84,56,28,國票-敦北法人,2023-06-20,0037003700390063
6112,邁達特,44,19,25,國票-敦北法人,2023-06-20,0037003700390063
2356,英業達,354,330,24,國票-敦北法人,2023-06-20,0037003700390063
5269,祥碩,23,1,22,國票-敦北法人,2023-06-20,0037003700390063
5905,南仁湖,22,2,20,國票-敦北法人,2023-06-20,0037003700390063
1519,華城,40,21,19,國票-敦北法人,2023-06-20,0037003700390063
3056,富華新,32,13,19,國票-敦北法人,2023-06-20,0037003700390063
3025,星通,110,92,18,國票-敦北法人,2023-06-20,0037003700390063
00878,國泰永續高股息,19,2,17,國票-敦北法人,2023-06-20,0037003700390063
5607,遠雄港,17,0,17,國票-敦北法人,2023-06-20,0037003700390063
00680L,元大美債20正2,17,0,17,國票-敦北法人,2023-06-20,0037003700390063
8940,新天地,17,0,17,國票-敦北法人,2023-06-20,0037003700390063
8210,勤誠,17,1,16,國票-敦北法人,2023-06-20,0037003700390063
6120,達運,45,29,16,國票-敦北法人,2023-06-20,0037003700390063
2705,六福,44,29,15,國票-敦北法人,2023-06-20,0037003700390063
3260,威剛,18,3,15,國票-敦北法人,2023-06-20,0037003700390063
6550,北極星藥業-KY,21,6,15,國票-敦北法人,2023-06-20,0037003700390063
5301,寶得利,15,0,15,國票-敦北法人,2023-06-20,0037003700390063
6657,華安,15,0,15,國票-敦北法人,2023-06-20,0037003700390063
1905,華紙,33,18,15,國票-敦北法人,2023-06-20,0037003700390063
3481,群創,12099,104,11995,國票-敦北法人,2023-06-21,0037003700390063
2303,聯電,6936,36,6900,國票-敦北法人,2023-06-21,0037003700390063
6282,康舒,2874,153,2721,國票-敦北法人,2023-06-21,0037003700390063
2408,南亞科,1063,10,1053,國票-敦北法人,2023-06-21,0037003700390063
2382,廣達,897,350,547,國票-敦北法人,2023-06-21,0037003700390063
5347,世界,501,1,500,國票-敦北法人,2023-06-21,0037003700390063
8213,志超,301,0,301,國票-敦北法人,2023-06-21,0037003700390063
1477,聚陽,283,11,272,國票-敦北法人,2023-06-21,0037003700390063
2405,輔信,267,6,261,國票-敦北法人,2023-06-21,0037003700390063
3675,德微,220,0,220,國票-敦北法人,2023-06-21,0037003700390063
4967,十銓,217,5,212,國票-敦北法人,2023-06-21,0037003700390063
4979,華星光,348,158,190,國票-敦北法人,2023-06-21,0037003700390063
9914,美利達,200,50,150,國票-敦北法人,2023-06-21,0037003700390063
2887E,台新戊特,140,0,140,國票-敦北法人,2023-06-21,0037003700390063
2356,英業達,223,98,125,國票-敦北法人,2023-06-21,0037003700390063
2383,台光電,101,0,101,國票-敦北法人,2023-06-21,0037003700390063
6695,芯鼎,103,18,85,國票-敦北法人,2023-06-21,0037003700390063
2376,技嘉,127,45,82,國票-敦北法人,2023-06-21,0037003700390063
3038,全台,61,0,61,國票-敦北法人,2023-06-21,0037003700390063
4906,正文,60,0,60,國票-敦北法人,2023-06-21,0037003700390063
6669,緯穎,59,0,59,國票-敦北法人,2023-06-21,0037003700390063
1471,首利,58,0,58,國票-敦北法人,2023-06-21,0037003700390063
3047,訊舟,50,0,50,國票-敦北法人,2023-06-21,0037003700390063
1514,亞力,57,12,45,國票-敦北法人,2023-06-21,0037003700390063
5009,榮剛,45,0,45,國票-敦北法人,2023-06-21,0037003700390063
3217,優群,46,1,45,國票-敦北法人,2023-06-21,0037003700390063
6414,樺漢,76,32,44,國票-敦北法人,2023-06-21,0037003700390063
1795,美時,115,73,42,國票-敦北法人,2023-06-21,0037003700390063
1762,中化生,41,0,41,國票-敦北法人,2023-06-21,0037003700390063
6573,虹揚-KY,38,1,37,國票-敦北法人,2023-06-21,0037003700390063
4108,懷特,36,0,36,國票-敦北法人,2023-06-21,0037003700390063
3665,貿聯-KY,50,14,36,國票-敦北法人,2023-06-21,0037003700390063
3105,穩懋,35,0,35,國票-敦北法人,2023-06-21,0037003700390063
3017,奇鋐,43,12,31,國票-敦北法人,2023-06-21,0037003700390063
2867,三商壽,30,0,30,國票-敦北法人,2023-06-21,0037003700390063
4127,天良,30,0,30,國票-敦北法人,2023-06-21,0037003700390063
2312,金寶,61,32,29,國票-敦北法人,2023-06-21,0037003700390063
1504,東元,56,30,26,國票-敦北法人,2023-06-21,0037003700390063
2340,台亞,45,19,26,國票-敦北法人,2023-06-21,0037003700390063
1337,再生-KY,25,0,25,國票-敦北法人,2023-06-21,0037003700390063
6125,廣運,30,5,25,國票-敦北法人,2023-06-21,0037003700390063
3693,營邦,49,25,24,國票-敦北法人,2023-06-21,0037003700390063
9910,豐泰,24,0,24,國票-敦北法人,2023-06-21,0037003700390063
2609,陽明,22,0,22,國票-敦北法人,2023-06-21,0037003700390063
2388,威盛,22,0,22,國票-敦北法人,2023-06-21,0037003700390063
2332,友訊,23,3,20,國票-敦北法人,2023-06-21,0037003700390063
3615,安可,20,0,20,國票-敦北法人,2023-06-21,0037003700390063
5289,宜鼎,20,0,20,國票-敦北法人,2023-06-21,0037003700390063
3062,建漢,20,0,20,國票-敦北法人,2023-06-21,0037003700390063
6143,振曜,19,0,19,國票-敦北法人,2023-06-21,0037003700390063
3231,緯創,2103,96,2007,國票-敦北法人,2023-06-26,0037003700390063
2385,群光,626,26,600,國票-敦北法人,2023-06-26,0037003700390063
3035,智原,419,91,328,國票-敦北法人,2023-06-26,0037003700390063
2887E,台新戊特,440,120,320,國票-敦北法人,2023-06-26,0037003700390063
8213,志超,314,0,314,國票-敦北法人,2023-06-26,0037003700390063
00715L,期街口布蘭特正2,273,0,273,國票-敦北法人,2023-06-26,0037003700390063
3443,創意,182,2,180,國票-敦北法人,2023-06-26,0037003700390063
6111,大宇資,183,11,172,國票-敦北法人,2023-06-26,0037003700390063
3023,信邦,171,0,171,國票-敦北法人,2023-06-26,0037003700390063
5533,皇鼎,139,0,139,國票-敦北法人,2023-06-26,0037003700390063
2421,建準,136,24,112,國票-敦北法人,2023-06-26,0037003700390063
1503,士電,119,9,110,國票-敦北法人,2023-06-26,0037003700390063
4904,遠傳,101,0,101,國票-敦北法人,2023-06-26,0037003700390063
2317,鴻海,116,27,89,國票-敦北法人,2023-06-26,0037003700390063
0056,元大高股息,105,30,75,國票-敦北法人,2023-06-26,0037003700390063
2308,台達電,79,24,55,國票-敦北法人,2023-06-26,0037003700390063
1504,東元,230,177,53,國票-敦北法人,2023-06-26,0037003700390063
4551,智伸科,54,1,53,國票-敦北法人,2023-06-26,0037003700390063
5340,建榮,55,5,50,國票-敦北法人,2023-06-26,0037003700390063
1907,永豐餘,145,96,49,國票-敦北法人,2023-06-26,0037003700390063
6830,汎銓,41,0,41,國票-敦北法人,2023-06-26,0037003700390063
2405,輔信,79,38,41,國票-敦北法人,2023-06-26,0037003700390063
5009,榮剛,46,13,33,國票-敦北法人,2023-06-26,0037003700390063
1319,東陽,32,1,31,國票-敦北法人,2023-06-26,0037003700390063
00661,元大日經225,30,0,30,國票-敦北法人,2023-06-26,0037003700390063
4564,元翎,36,6,30,國票-敦北法人,2023-06-26,0037003700390063
3105,穩懋,65,37,28,國票-敦北法人,2023-06-26,0037003700390063
4207,環泰,32,4,28,國票-敦北法人,2023-06-26,0037003700390063
6188,廣明,53,26,27,國票-敦北法人,2023-06-26,0037003700390063
5225,東科-KY,26,0,26,國票-敦北法人,2023-06-26,0037003700390063
2102,泰豐,25,0,25,國票-敦北法人,2023-06-26,0037003700390063
3715,定穎投控,44,19,25,國票-敦北法人,2023-06-26,0037003700390063
6243,迅杰,23,0,23,國票-敦北法人,2023-06-26,0037003700390063
3363,上詮,23,0,23,國票-敦北法人,2023-06-26,0037003700390063
1605,華新,255,232,23,國票-敦北法人,2023-06-26,0037003700390063
1905,華紙,150,128,22,國票-敦北法人,2023-06-26,0037003700390063
5425,台半,51,30,21,國票-敦北法人,2023-06-26,0037003700390063
2705,六福,73,52,21,國票-敦北法人,2023-06-26,0037003700390063
1316,上曜,20,0,20,國票-敦北法人,2023-06-26,0037003700390063
6143,振曜,22,2,20,國票-敦北法人,2023-06-26,0037003700390063
2417,圓剛,20,0,20,國票-敦北法人,2023-06-26,0037003700390063
2520,冠德,20,0,20,國票-敦北法人,2023-06-26,0037003700390063
2515,中工,38,18,20,國票-敦北法人,2023-06-26,0037003700390063
2890,永豐金,20,2,18,國票-敦北法人,2023-06-26,0037003700390063
6223,旺矽,22,4,18,國票-敦北法人,2023-06-26,0037003700390063
3038,全台,28,11,17,國票-敦北法人,2023-06-26,0037003700390063
2495,普安,19,3,16,國票-敦北法人,2023-06-26,0037003700390063
3693,營邦,36,20,16,國票-敦北法人,2023-06-26,0037003700390063
2059,川湖,20,4,16,國票-敦北法人,2023-06-26,0037003700390063
2801,彰銀,15,0,15,國票-敦北法人,2023-06-26,0037003700390063
3481,群創,2003,566,1437,國票-敦北法人,2023-06-27,0037003700390063
3231,緯創,1915,1043,872,國票-敦北法人,2023-06-27,0037003700390063
5009,榮剛,620,0,620,國票-敦北法人,2023-06-27,0037003700390063
3035,智原,1179,682,497,國票-敦北法人,2023-06-27,0037003700390063
2603,長榮,430,31,399,國票-敦北法人,2023-06-27,0037003700390063
2474,可成,383,2,381,國票-敦北法人,2023-06-27,0037003700390063
3711,日月光投控,356,10,346,國票-敦北法人,2023-06-27,0037003700390063
9933,中鼎,200,0,200,國票-敦北法人,2023-06-27,0037003700390063
5340,建榮,201,1,200,國票-敦北法人,2023-06-27,0037003700390063
6239,力成,215,16,199,國票-敦北法人,2023-06-27,0037003700390063
2330,台積電,204,7,197,國票-敦北法人,2023-06-27,0037003700390063
2383,台光電,194,5,189,國票-敦北法人,2023-06-27,0037003700390063
2731,雄獅,207,27,180,國票-敦北法人,2023-06-27,0037003700390063
5533,皇鼎,154,0,154,國票-敦北法人,2023-06-27,0037003700390063
6589,台康生技,152,1,151,國票-敦北法人,2023-06-27,0037003700390063
6271,同欣電,158,9,149,國票-敦北法人,2023-06-27,0037003700390063
3042,晶技,140,0,140,國票-敦北法人,2023-06-27,0037003700390063
2887E,台新戊特,120,0,120,國票-敦北法人,2023-06-27,0037003700390063
9914,美利達,122,7,115,國票-敦北法人,2023-06-27,0037003700390063
3260,威剛,103,3,100,國票-敦北法人,2023-06-27,0037003700390063
1477,聚陽,110,25,85,國票-敦北法人,2023-06-27,0037003700390063
8422,可寧衛,82,0,82,國票-敦北法人,2023-06-27,0037003700390063
6235,華孚,62,2,60,國票-敦北法人,2023-06-27,0037003700390063
3374,精材,61,4,57,國票-敦北法人,2023-06-27,0037003700390063
8210,勤誠,71,15,56,國票-敦北法人,2023-06-27,0037003700390063
5425,台半,95,45,50,國票-敦北法人,2023-06-27,0037003700390063
006208,富邦台50,48,0,48,國票-敦北法人,2023-06-27,0037003700390063
8936,國統,62,16,46,國票-敦北法人,2023-06-27,0037003700390063
2388,威盛,59,16,43,國票-敦北法人,2023-06-27,0037003700390063
2303,聯電,49,9,40,國票-敦北法人,2023-06-27,0037003700390063
3105,穩懋,54,16,38,國票-敦北法人,2023-06-27,0037003700390063
3665,貿聯-KY,49,12,37,國票-敦北法人,2023-06-27,0037003700390063
2705,六福,58,23,35,國票-敦北法人,2023-06-27,0037003700390063
2634,漢翔,86,54,32,國票-敦北法人,2023-06-27,0037003700390063
2427,三商電,185,154,31,國票-敦北法人,2023-06-27,0037003700390063
00642U,期元大S＆P石油,30,0,30,國票-敦北法人,2023-06-27,0037003700390063
3706,神達,157,128,29,國票-敦北法人,2023-06-27,0037003700390063
6546,正基,28,0,28,國票-敦北法人,2023-06-27,0037003700390063
2405,輔信,70,43,27,國票-敦北法人,2023-06-27,0037003700390063
3034,聯詠,27,2,25,國票-敦北法人,2023-06-27,0037003700390063
2313,華通,31,7,24,國票-敦北法人,2023-06-27,0037003700390063
3027,盛達,47,23,24,國票-敦北法人,2023-06-27,0037003700390063
4747,強生,28,4,24,國票-敦北法人,2023-06-27,0037003700390063
6146,耕興,23,0,23,國票-敦北法人,2023-06-27,0037003700390063
8069,元太,28,7,21,國票-敦北法人,2023-06-27,0037003700390063
6278,台表科,20,0,20,國票-敦北法人,2023-06-27,0037003700390063
3037,欣興,193,176,17,國票-敦北法人,2023-06-27,0037003700390063
2323,中環,402,385,17,國票-敦北法人,2023-06-27,0037003700390063
6669,緯穎,29,12,17,國票-敦北法人,2023-06-27,0037003700390063
8358,金居,65,49,16,國票-敦北法人,2023-06-27,0037003700390063
3711,日月光投控,3020,3,3017,國票-敦北法人,2023-06-28,0037003700390063
00885,富邦越南,1750,2,1748,國票-敦北法人,2023-06-28,0037003700390063
2886,兆豐金,850,4,846,國票-敦北法人,2023-06-28,0037003700390063
2317,鴻海,517,7,510,國票-敦北法人,2023-06-28,0037003700390063
3037,欣興,666,160,506,國票-敦北法人,2023-06-28,0037003700390063
3207,耀勝,367,12,355,國票-敦北法人,2023-06-28,0037003700390063
4967,十銓,472,120,352,國票-敦北法人,2023-06-28,0037003700390063
5388,中磊,306,40,266,國票-敦北法人,2023-06-28,0037003700390063
00715L,期街口布蘭特正2,835,640,195,國票-敦北法人,2023-06-28,0037003700390063
2887E,台新戊特,160,0,160,國票-敦北法人,2023-06-28,0037003700390063
2707,晶華,108,6,102,國票-敦北法人,2023-06-28,0037003700390063
3260,威剛,117,19,98,國票-敦北法人,2023-06-28,0037003700390063
3163,波若威,67,2,65,國票-敦北法人,2023-06-28,0037003700390063
2606,裕民,85,29,56,國票-敦北法人,2023-06-28,0037003700390063
6235,華孚,59,5,54,國票-敦北法人,2023-06-28,0037003700390063
6414,樺漢,52,0,52,國票-敦北法人,2023-06-28,0037003700390063
2489,瑞軒,50,0,50,國票-敦北法人,2023-06-28,0037003700390063
3481,群創,599,550,49,國票-敦北法人,2023-06-28,0037003700390063
8069,元太,134,86,48,國票-敦北法人,2023-06-28,0037003700390063
6841,長佳智能,50,4,46,國票-敦北法人,2023-06-28,0037003700390063
8016,矽創,44,1,43,國票-敦北法人,2023-06-28,0037003700390063
2382,廣達,108,67,41,國票-敦北法人,2023-06-28,0037003700390063
2731,雄獅,40,0,40,國票-敦北法人,2023-06-28,0037003700390063
4744,皇將,51,11,40,國票-敦北法人,2023-06-28,0037003700390063
2421,建準,35,3,32,國票-敦北法人,2023-06-28,0037003700390063
00919,群益台灣精選高息,32,0,32,國票-敦北法人,2023-06-28,0037003700390063
5225,東科-KY,30,0,30,國票-敦北法人,2023-06-28,0037003700390063
5512,力麒,30,0,30,國票-敦北法人,2023-06-28,0037003700390063
3665,貿聯-KY,45,16,29,國票-敦北法人,2023-06-28,0037003700390063
3374,精材,49,21,28,國票-敦北法人,2023-06-28,0037003700390063
2408,南亞科,28,1,27,國票-敦北法人,2023-06-28,0037003700390063
3017,奇鋐,37,10,27,國票-敦北法人,2023-06-28,0037003700390063
2634,漢翔,49,23,26,國票-敦北法人,2023-06-28,0037003700390063
8299,群聯,27,1,26,國票-敦北法人,2023-06-28,0037003700390063
3661,世芯-KY,31,6,25,國票-敦北法人,2023-06-28,0037003700390063
6285,啟��,91,67,24,國票-敦北法人,2023-06-28,0037003700390063
6190,萬泰科,28,4,24,國票-敦北法人,2023-06-28,0037003700390063
6781,AES-KY,28,6,22,國票-敦北法人,2023-06-28,0037003700390063
3025,星通,51,30,21,國票-敦北法人,2023-06-28,0037003700390063
4572,駐龍,27,6,21,國票-敦北法人,2023-06-28,0037003700390063
6176,瑞儀,20,0,20,國票-敦北法人,2023-06-28,0037003700390063
6129,普誠,20,0,20,國票-敦北法人,2023-06-28,0037003700390063
1217,愛之味,20,0,20,國票-敦北法人,2023-06-28,0037003700390063
6179,亞通,20,2,18,國票-敦北法人,2023-06-28,0037003700390063
6111,大宇資,71,53,18,國票-敦北法人,2023-06-28,0037003700390063
1476,儒鴻,18,0,18,國票-敦北法人,2023-06-28,0037003700390063
2419,仲琦,31,13,18,國票-敦北法人,2023-06-28,0037003700390063
3035,智原,74,58,16,國票-敦北法人,2023-06-28,0037003700390063
6223,旺矽,28,12,16,國票-敦北法人,2023-06-28,0037003700390063
2102,泰豐,15,0,15,國票-敦北法人,2023-06-28,0037003700390063
3231,緯創,1671,142,1529,國票-敦北法人,2023-06-29,0037003700390063
3711,日月光投控,1516,0,1516,國票-敦北法人,2023-06-29,0037003700390063
4904,遠傳,948,1,947,國票-敦北法人,2023-06-29,0037003700390063
3260,威剛,1301,405,896,國票-敦北法人,2023-06-29,0037003700390063
3035,智原,679,141,538,國票-敦北法人,2023-06-29,0037003700390063
3665,貿聯-KY,469,17,452,國票-敦北法人,2023-06-29,0037003700390063
3078,僑威,458,13,445,國票-敦北法人,2023-06-29,0037003700390063
6182,合晶,434,25,409,國票-敦北法人,2023-06-29,0037003700390063
2338,光罩,290,2,288,國票-敦北法人,2023-06-29,0037003700390063
3515,華擎,205,0,205,國票-敦北法人,2023-06-29,0037003700390063
3675,德微,200,0,200,國票-敦北法人,2023-06-29,0037003700390063
4155,訊映,177,15,162,國票-敦北法人,2023-06-29,0037003700390063
1308,亞聚,150,0,150,國票-敦北法人,2023-06-29,0037003700390063
1589,永冠-KY,100,0,100,國票-敦北法人,2023-06-29,0037003700390063
2887E,台新戊特,90,0,90,國票-敦北法人,2023-06-29,0037003700390063
2530,華建,77,0,77,國票-敦北法人,2023-06-29,0037003700390063
2618,長榮航,1069,998,71,國票-敦北法人,2023-06-29,0037003700390063
2323,中環,101,33,68,國票-敦北法人,2023-06-29,0037003700390063
4967,十銓,244,185,59,國票-敦北法人,2023-06-29,0037003700390063
2308,台達電,60,1,59,國票-敦北法人,2023-06-29,0037003700390063
2010,春源,60,5,55,國票-敦北法人,2023-06-29,0037003700390063
9910,豐泰,50,0,50,國票-敦北法人,2023-06-29,0037003700390063
3591,艾笛森,55,5,50,國票-敦北法人,2023-06-29,0037003700390063
0056,元大高股息,50,0,50,國票-敦北法人,2023-06-29,0037003700390063
0050,元大台灣50,40,1,39,國票-敦北法人,2023-06-29,0037003700390063
2356,英業達,83,46,37,國票-敦北法人,2023-06-29,0037003700390063
1795,美時,92,56,36,國票-敦北法人,2023-06-29,0037003700390063
0051,元大中型100,35,0,35,國票-敦北法人,2023-06-29,0037003700390063
4971,IET-KY,33,0,33,國票-敦北法人,2023-06-29,0037003700390063
1471,首利,33,0,33,國票-敦北法人,2023-06-29,0037003700390063
2383,台光電,40,9,31,國票-敦北法人,2023-06-29,0037003700390063
3042,晶技,32,2,30,國票-敦北法人,2023-06-29,0037003700390063
4167,松瑞藥,30,0,30,國票-敦北法人,2023-06-29,0037003700390063
6235,華孚,29,0,29,國票-敦北法人,2023-06-29,0037003700390063
6669,緯穎,30,2,28,國票-敦北法人,2023-06-29,0037003700390063
6781,AES-KY,27,0,27,國票-敦北法人,2023-06-29,0037003700390063
6741,91APP*-KY,31,6,25,國票-敦北法人,2023-06-29,0037003700390063
5381,合正,25,0,25,國票-敦北法人,2023-06-29,0037003700390063
2352,佳世達,33,8,25,國票-敦北法人,2023-06-29,0037003700390063
2610,華航,109,86,23,國票-敦北法人,2023-06-29,0037003700390063
9958,世紀鋼,52,30,22,國票-敦北法人,2023-06-29,0037003700390063
3287,廣寰科,18,0,18,國票-敦北法人,2023-06-29,0037003700390063
1444,力麗,24,8,16,國票-敦北法人,2023-06-29,0037003700390063
2204,中華,48,32,16,國票-敦北法人,2023-06-29,0037003700390063
6550,北極星藥業-KY,18,2,16,國票-敦北法人,2023-06-29,0037003700390063
1605,華新,416,400,16,國票-敦北法人,2023-06-29,0037003700390063
2634,漢翔,82,67,15,國票-敦北法人,2023-06-29,0037003700390063
2748,雲品,15,0,15,國票-敦北法人,2023-06-29,0037003700390063
6239,力成,16,1,15,國票-敦北法人,2023-06-29,0037003700390063
2303,聯電,360,346,14,國票-敦北法人,2023-06-29,0037003700390063
6274,台燿,1801,2,1799,國票-敦北法人,2023-06-30,0037003700390063
4979,華星光,641,131,510,國票-敦北法人,2023-06-30,0037003700390063
3711,日月光投控,508,0,508,國票-敦北法人,2023-06-30,0037003700390063
3231,緯創,560,130,430,國票-敦北法人,2023-06-30,0037003700390063
6282,康舒,438,35,403,國票-敦北法人,2023-06-30,0037003700390063
2301,光寶科,416,27,389,國票-敦北法人,2023-06-30,0037003700390063
00715L,期街口布蘭特正2,352,43,309,國票-敦北法人,2023-06-30,0037003700390063
3346,麗清,202,2,200,國票-敦北法人,2023-06-30,0037003700390063
00878,國泰永續高股息,200,5,195,國票-敦北法人,2023-06-30,0037003700390063
00687B,國泰20年美債,153,0,153,國票-敦北法人,2023-06-30,0037003700390063
2618,長榮航,371,275,96,國票-敦北法人,2023-06-30,0037003700390063
2376,技嘉,119,34,85,國票-敦北法人,2023-06-30,0037003700390063
3017,奇鋐,376,293,83,國票-敦北法人,2023-06-30,0037003700390063
5452,佶優,88,10,78,國票-敦北法人,2023-06-30,0037003700390063
3013,晟銘電,87,17,70,國票-敦北法人,2023-06-30,0037003700390063
4108,懷特,54,0,54,國票-敦北法人,2023-06-30,0037003700390063
3078,僑威,123,69,54,國票-敦北法人,2023-06-30,0037003700390063
2634,漢翔,49,0,49,國票-敦北法人,2023-06-30,0037003700390063
4147,中裕,76,29,47,國票-敦北法人,2023-06-30,0037003700390063
2354,鴻準,44,0,44,國票-敦北法人,2023-06-30,0037003700390063
2603,長榮,262,218,44,國票-敦北法人,2023-06-30,0037003700390063
6470,宇智,80,39,41,國票-敦北法人,2023-06-30,0037003700390063
4503,金雨,43,9,34,國票-敦北法人,2023-06-30,0037003700390063
2530,華建,33,0,33,國票-敦北法人,2023-06-30,0037003700390063
2340,台亞,39,9,30,國票-敦北法人,2023-06-30,0037003700390063
6492,生華科,30,0,30,國票-敦北法人,2023-06-30,0037003700390063
1504,東元,77,48,29,國票-敦北法人,2023-06-30,0037003700390063
3356,奇偶,108,79,29,國票-敦北法人,2023-06-30,0037003700390063
3035,智原,72,44,28,國票-敦北法人,2023-06-30,0037003700390063
3454,晶睿,42,15,27,國票-敦北法人,2023-06-30,0037003700390063
4966,譜瑞-KY,26,0,26,國票-敦北法人,2023-06-30,0037003700390063
1477,聚陽,39,15,24,國票-敦北法人,2023-06-30,0037003700390063
4967,十銓,65,41,24,國票-敦北法人,2023-06-30,0037003700390063
6188,廣明,535,511,24,國票-敦北法人,2023-06-30,0037003700390063
00680L,元大美債20正2,22,0,22,國票-敦北法人,2023-06-30,0037003700390063
2031,新光鋼,28,7,21,國票-敦北法人,2023-06-30,0037003700390063
4121,優盛,49,28,21,國票-敦北法人,2023-06-30,0037003700390063
2103,台橡,20,0,20,國票-敦北法人,2023-06-30,0037003700390063
4551,智伸科,20,0,20,國票-敦北法人,2023-06-30,0037003700390063
1731,美吾華,20,0,20,國票-敦北法人,2023-06-30,0037003700390063
2371,大同,252,232,20,國票-敦北法人,2023-06-30,0037003700390063
1444,力麗,27,7,20,國票-敦北法人,2023-06-30,0037003700390063
2402,毅嘉,30,12,18,國票-敦北法人,2023-06-30,0037003700390063
9958,世紀鋼,90,73,17,國票-敦北法人,2023-06-30,0037003700390063
3583,辛耘,21,4,17,國票-敦北法人,2023-06-30,0037003700390063
1516,川飛,17,0,17,國票-敦北法人,2023-06-30,0037003700390063
2344,華邦電,417,401,16,國票-敦北法人,2023-06-30,0037003700390063
2412,中華電,15,0,15,國票-敦北法人,2023-06-30,0037003700390063
6278,台表科,15,0,15,國票-敦北法人,2023-06-30,0037003700390063
6235,華孚,22,7,15,國票-敦北法人,2023-06-30,0037003700390063
2317,鴻海,3034,418,2616,國票-敦北法人,2023-07-03,0037003700390063
2301,光寶科,2060,64,1996,國票-敦北法人,2023-07-03,0037003700390063
2618,長榮航,1871,183,1688,國票-敦北法人,2023-07-03,0037003700390063
9907,統一實,988,6,982,國票-敦北法人,2023-07-03,0037003700390063
8112,至上,938,4,934,國票-敦北法人,2023-07-03,0037003700390063
2609,陽明,856,142,714,國票-敦北法人,2023-07-03,0037003700390063
6266,泰詠,421,11,410,國票-敦北法人,2023-07-03,0037003700390063
2449,京元電子,422,16,406,國票-敦北法人,2023-07-03,0037003700390063
2451,創見,325,5,320,國票-敦北法人,2023-07-03,0037003700390063
2603,長榮,506,220,286,國票-敦北法人,2023-07-03,0037003700390063
2376,技嘉,285,55,230,國票-敦北法人,2023-07-03,0037003700390063
3704,合勤控,252,35,217,國票-敦北法人,2023-07-03,0037003700390063
2371,大同,231,20,211,國票-敦北法人,2023-07-03,0037003700390063
3189,景碩,206,9,197,國票-敦北法人,2023-07-03,0037003700390063
2395,研華,180,0,180,國票-敦北法人,2023-07-03,0037003700390063
1304,台聚,157,2,155,國票-敦北法人,2023-07-03,0037003700390063
1795,美時,177,25,152,國票-敦北法人,2023-07-03,0037003700390063
2421,建準,157,11,146,國票-敦北法人,2023-07-03,0037003700390063
2368,金像電,145,8,137,國票-敦北法人,2023-07-03,0037003700390063
3090,日電貿,132,1,131,國票-敦北法人,2023-07-03,0037003700390063
8210,勤誠,135,7,128,國票-敦北法人,2023-07-03,0037003700390063
5536,聖暉*,118,0,118,國票-敦北法人,2023-07-03,0037003700390063
3443,創意,108,1,107,國票-敦北法人,2023-07-03,0037003700390063
1605,華新,219,121,98,國票-敦北法人,2023-07-03,0037003700390063
5508,永信建,91,0,91,國票-敦北法人,2023-07-03,0037003700390063
9945,潤泰新,81,7,74,國票-敦北法人,2023-07-03,0037003700390063
2610,華航,75,7,68,國票-敦北法人,2023-07-03,0037003700390063
4744,皇將,60,3,57,國票-敦北法人,2023-07-03,0037003700390063
1905,華紙,63,8,55,國票-敦北法人,2023-07-03,0037003700390063
1217,愛之味,89,35,54,國票-敦北法人,2023-07-03,0037003700390063
2408,南亞科,72,22,50,國票-敦北法人,2023-07-03,0037003700390063
2102,泰豐,49,0,49,國票-敦北法人,2023-07-03,0037003700390063
2308,台達電,56,9,47,國票-敦北法人,2023-07-03,0037003700390063
00676R,富邦臺灣加權反1,45,0,45,國票-敦北法人,2023-07-03,0037003700390063
5388,中磊,69,24,45,國票-敦北法人,2023-07-03,0037003700390063
6657,華安,48,6,42,國票-敦北法人,2023-07-03,0037003700390063
2419,仲琦,53,11,42,國票-敦北法人,2023-07-03,0037003700390063
2303,聯電,419,378,41,國票-敦北法人,2023-07-03,0037003700390063
1907,永豐餘,49,9,40,國票-敦北法人,2023-07-03,0037003700390063
1476,儒鴻,39,0,39,國票-敦北法人,2023-07-03,0037003700390063
2027,大成鋼,43,6,37,國票-敦北法人,2023-07-03,0037003700390063
0056,元大高股息,62,29,33,國票-敦北法人,2023-07-03,0037003700390063
2401,凌陽,34,4,30,國票-敦北法人,2023-07-03,0037003700390063
2340,台亞,72,47,25,國票-敦北法人,2023-07-03,0037003700390063
6203,海韻電,25,0,25,國票-敦北法人,2023-07-03,0037003700390063
2413,環科,22,0,22,國票-敦北法人,2023-07-03,0037003700390063
2331,精英,41,19,22,國票-敦北法人,2023-07-03,0037003700390063
8046,南電,30,9,21,國票-敦北法人,2023-07-03,0037003700390063
2104,國際中橡,35,15,20,國票-敦北法人,2023-07-03,0037003700390063
1216,統一,22,2,20,國票-敦北法人,2023-07-03,0037003700390063
5009,榮剛,2500,91,2409,國票-敦北法人,2023-07-04,0037003700390063
2382,廣達,2882,766,2116,國票-敦北法人,2023-07-04,0037003700390063
2368,金像電,567,25,542,國票-敦北法人,2023-07-04,0037003700390063
3711,日月光投控,563,63,500,國票-敦北法人,2023-07-04,0037003700390063
2301,光寶科,669,178,491,國票-敦北法人,2023-07-04,0037003700390063
4979,華星光,544,173,371,國票-敦北法人,2023-07-04,0037003700390063
2888,新光金,658,351,307,國票-敦北法人,2023-07-04,0037003700390063
1605,華新,367,73,294,國票-敦北法人,2023-07-04,0037003700390063
3035,智原,465,236,229,國票-敦北法人,2023-07-04,0037003700390063
0056,元大高股息,232,10,222,國票-敦北法人,2023-07-04,0037003700390063
2308,台達電,287,70,217,國票-敦北法人,2023-07-04,0037003700390063
5243,乙盛-KY,187,26,161,國票-敦北法人,2023-07-04,0037003700390063
2408,南亞科,171,18,153,國票-敦北法人,2023-07-04,0037003700390063
2356,英業達,684,540,144,國票-敦北法人,2023-07-04,0037003700390063
2915,潤泰全,124,3,121,國票-敦北法人,2023-07-04,0037003700390063
5425,台半,120,10,110,國票-敦北法人,2023-07-04,0037003700390063
3289,宜特,135,29,106,國票-敦北法人,2023-07-04,0037003700390063
1795,美時,104,0,104,國票-敦北法人,2023-07-04,0037003700390063
2402,毅嘉,92,14,78,國票-敦北法人,2023-07-04,0037003700390063
6873,泓德能源,76,0,76,國票-敦北法人,2023-07-04,0037003700390063
3025,星通,237,180,57,國票-敦北法人,2023-07-04,0037003700390063
1303,南亞,56,0,56,國票-敦北法人,2023-07-04,0037003700390063
2881,富邦金,119,66,53,國票-敦北法人,2023-07-04,0037003700390063
3706,神達,103,55,48,國票-敦北法人,2023-07-04,0037003700390063
2530,華建,46,0,46,國票-敦北法人,2023-07-04,0037003700390063
2618,長榮航,77,33,44,國票-敦北法人,2023-07-04,0037003700390063
4510,高鋒,40,0,40,國票-敦北法人,2023-07-04,0037003700390063
1326,台化,40,0,40,國票-敦北法人,2023-07-04,0037003700390063
2458,義隆,38,0,38,國票-敦北法人,2023-07-04,0037003700390063
6147,頎邦,38,0,38,國票-敦北法人,2023-07-04,0037003700390063
0050,元大台灣50,37,0,37,國票-敦北法人,2023-07-04,0037003700390063
3324,雙鴻,41,4,37,國票-敦北法人,2023-07-04,0037003700390063
3479,安勤,31,1,30,國票-敦北法人,2023-07-04,0037003700390063
2105,正新,45,20,25,國票-敦北法人,2023-07-04,0037003700390063
6743,安普新,27,3,24,國票-敦北法人,2023-07-04,0037003700390063
5284,jpp-KY,36,12,24,國票-敦北法人,2023-07-04,0037003700390063
8390,金益鼎,23,0,23,國票-敦北法人,2023-07-04,0037003700390063
8210,勤誠,56,33,23,國票-敦北法人,2023-07-04,0037003700390063
2367,燿華,22,0,22,國票-敦北法人,2023-07-04,0037003700390063
3013,晟銘電,33,13,20,國票-敦北法人,2023-07-04,0037003700390063
4977,眾達-KY,23,3,20,國票-敦北法人,2023-07-04,0037003700390063
6266,泰詠,30,10,20,國票-敦北法人,2023-07-04,0037003700390063
6126,信音,20,0,20,國票-敦北法人,2023-07-04,0037003700390063
6770,力積電,36,16,20,國票-敦北法人,2023-07-04,0037003700390063
6188,廣明,134,114,20,國票-敦北法人,2023-07-04,0037003700390063
3374,精材,56,36,20,國票-敦北法人,2023-07-04,0037003700390063
1736,喬山,18,0,18,國票-敦北法人,2023-07-04,0037003700390063
3036,文曄,23,5,18,國票-敦北法人,2023-07-04,0037003700390063
6112,邁達特,47,30,17,國票-敦北法人,2023-07-04,0037003700390063
2312,金寶,58,42,16,國票-敦北法人,2023-07-04,0037003700390063
2301,光寶科,1129,6,1123,國票-敦北法人,2023-07-05,0037003700390063
3231,緯創,1247,149,1098,國票-敦北法人,2023-07-05,0037003700390063
2002,中鋼,1001,0,1001,國票-敦北法人,2023-07-05,0037003700390063
1605,華新,1006,12,994,國票-敦北法人,2023-07-05,0037003700390063
2382,廣達,954,27,927,國票-敦北法人,2023-07-05,0037003700390063
2376,技嘉,494,29,465,國票-敦北法人,2023-07-05,0037003700390063
3189,景碩,301,0,301,國票-敦北法人,2023-07-05,0037003700390063
2887E,台新戊特,200,0,200,國票-敦北法人,2023-07-05,0037003700390063
6138,茂達,150,2,148,國票-敦北法人,2023-07-05,0037003700390063
00929,復華台灣科技優息,149,20,129,國票-敦北法人,2023-07-05,0037003700390063
3706,神達,116,4,112,國票-敦北法人,2023-07-05,0037003700390063
2383,台光電,116,6,110,國票-敦北法人,2023-07-05,0037003700390063
2368,金像電,108,0,108,國票-敦北法人,2023-07-05,0037003700390063
3034,聯詠,101,0,101,國票-敦北法人,2023-07-05,0037003700390063
2915,潤泰全,79,0,79,國票-敦北法人,2023-07-05,0037003700390063
4979,華星光,119,40,79,國票-敦北法人,2023-07-05,0037003700390063
4763,材料-KY,87,12,75,國票-敦北法人,2023-07-05,0037003700390063
2634,漢翔,96,22,74,國票-敦北法人,2023-07-05,0037003700390063
6412,群電,76,3,73,國票-敦北法人,2023-07-05,0037003700390063
2356,英業達,132,66,66,國票-敦北法人,2023-07-05,0037003700390063
6491,晶碩,62,0,62,國票-敦北法人,2023-07-05,0037003700390063
4526,東台,61,2,59,國票-敦北法人,2023-07-05,0037003700390063
8210,勤誠,58,2,56,國票-敦北法人,2023-07-05,0037003700390063
4123,晟德,65,9,56,國票-敦北法人,2023-07-05,0037003700390063
2597,潤弘,50,0,50,國票-敦北法人,2023-07-05,0037003700390063
6873,泓德能源,50,0,50,國票-敦北法人,2023-07-05,0037003700390063
3591,艾笛森,50,0,50,國票-敦北法人,2023-07-05,0037003700390063
9945,潤泰新,50,0,50,國票-敦北法人,2023-07-05,0037003700390063
5530,龍巖,46,0,46,國票-敦北法人,2023-07-05,0037003700390063
6417,韋僑,45,0,45,國票-敦北法人,2023-07-05,0037003700390063
6806,森崴能源,45,1,44,國票-敦北法人,2023-07-05,0037003700390063
3515,華擎,42,2,40,國票-敦北法人,2023-07-05,0037003700390063
6670,復盛應用,35,0,35,國票-敦北法人,2023-07-05,0037003700390063
2449,京元電子,37,4,33,國票-敦北法人,2023-07-05,0037003700390063
3715,定穎投控,42,12,30,國票-敦北法人,2023-07-05,0037003700390063
6592,和潤企業,30,0,30,國票-敦北法人,2023-07-05,0037003700390063
00895,富邦未來車,30,0,30,國票-敦北法人,2023-07-05,0037003700390063
2495,普安,34,4,30,國票-敦北法人,2023-07-05,0037003700390063
1760,寶齡富錦,30,2,28,國票-敦北法人,2023-07-05,0037003700390063
5269,祥碩,28,2,26,國票-敦北法人,2023-07-05,0037003700390063
2371,大同,27,2,25,國票-敦北法人,2023-07-05,0037003700390063
2313,華通,29,4,25,國票-敦北法人,2023-07-05,0037003700390063
2329,華泰,31,8,23,國票-敦北法人,2023-07-05,0037003700390063
4108,懷特,23,0,23,國票-敦北法人,2023-07-05,0037003700390063
6469,大樹,25,2,23,國票-敦北法人,2023-07-05,0037003700390063
3362,先進光,25,4,21,國票-敦北法人,2023-07-05,0037003700390063
2340,台亞,24,3,21,國票-敦北法人,2023-07-05,0037003700390063
006208,富邦台50,20,0,20,國票-敦北法人,2023-07-05,0037003700390063
2809,京城銀,20,0,20,國票-敦北法人,2023-07-05,0037003700390063
4157,太景*-KY,25,5,20,國票-敦北法人,2023-07-05,0037003700390063
3481,群創,3621,590,3031,國票-敦北法人,2023-07-06,0037003700390063
6446,藥華藥,730,23,707,國票-敦北法人,2023-07-06,0037003700390063
2382,廣達,867,329,538,國票-敦北法人,2023-07-06,0037003700390063
2383,台光電,532,14,518,國票-敦北法人,2023-07-06,0037003700390063
2363,矽統,433,0,433,國票-敦北法人,2023-07-06,0037003700390063
2885,元大金,558,154,404,國票-敦北法人,2023-07-06,0037003700390063
2303,聯電,478,169,309,國票-敦北法人,2023-07-06,0037003700390063
3035,智原,295,71,224,國票-敦北法人,2023-07-06,0037003700390063
006208,富邦台50,202,0,202,國票-敦北法人,2023-07-06,0037003700390063
2301,光寶科,331,189,142,國票-敦北法人,2023-07-06,0037003700390063
8131,福懋科,134,0,134,國票-敦北法人,2023-07-06,0037003700390063
3163,波若威,169,36,133,國票-敦北法人,2023-07-06,0037003700390063
8215,明基材,172,44,128,國票-敦北法人,2023-07-06,0037003700390063
6117,迎廣,108,0,108,國票-敦北法人,2023-07-06,0037003700390063
3189,景碩,106,6,100,國票-敦北法人,2023-07-06,0037003700390063
3045,台灣大,100,1,99,國票-敦北法人,2023-07-06,0037003700390063
3305,昇貿,100,5,95,國票-敦北法人,2023-07-06,0037003700390063
00929,復華台灣科技優息,89,2,87,國票-敦北法人,2023-07-06,0037003700390063
4510,高鋒,62,2,60,國票-敦北法人,2023-07-06,0037003700390063
3078,僑威,97,40,57,國票-敦北法人,2023-07-06,0037003700390063
2454,聯發科,175,125,50,國票-敦北法人,2023-07-06,0037003700390063
3711,日月光投控,128,80,48,國票-敦北法人,2023-07-06,0037003700390063
00878,國泰永續高股息,45,0,45,國票-敦北法人,2023-07-06,0037003700390063
4108,懷特,45,0,45,國票-敦北法人,2023-07-06,0037003700390063
8383,千附,45,0,45,國票-敦北法人,2023-07-06,0037003700390063
6669,緯穎,46,6,40,國票-敦北法人,2023-07-06,0037003700390063
3357,臺慶科,40,0,40,國票-敦北法人,2023-07-06,0037003700390063
2427,三商電,56,17,39,國票-敦北法人,2023-07-06,0037003700390063
2317,鴻海,84,47,37,國票-敦北法人,2023-07-06,0037003700390063
0056,元大高股息,36,1,35,國票-敦北法人,2023-07-06,0037003700390063
2380,虹光,35,1,34,國票-敦北法人,2023-07-06,0037003700390063
6282,康舒,266,232,34,國票-敦北法人,2023-07-06,0037003700390063
6188,廣明,77,44,33,國票-敦北法人,2023-07-06,0037003700390063
5426,振發,41,8,33,國票-敦北法人,2023-07-06,0037003700390063
5876,上海商銀,37,6,31,國票-敦北法人,2023-07-06,0037003700390063
2884,玉山金,110,80,30,國票-敦北法人,2023-07-06,0037003700390063
5478,智冠,31,1,30,國票-敦北法人,2023-07-06,0037003700390063
2413,環科,31,4,27,國票-敦北法人,2023-07-06,0037003700390063
6187,萬潤,33,6,27,國票-敦北法人,2023-07-06,0037003700390063
2610,華航,28,3,25,國票-敦北法人,2023-07-06,0037003700390063
9914,美利達,25,0,25,國票-敦北法人,2023-07-06,0037003700390063
3689,湧德,24,0,24,國票-敦北法人,2023-07-06,0037003700390063
6203,海韻電,27,3,24,國票-敦北法人,2023-07-06,0037003700390063
1528,恩德,49,26,23,國票-敦北法人,2023-07-06,0037003700390063
3027,盛達,43,20,23,國票-敦北法人,2023-07-06,0037003700390063
6550,北極星藥業-KY,55,32,23,國票-敦北法人,2023-07-06,0037003700390063
2340,台亞,143,121,22,國票-敦北法人,2023-07-06,0037003700390063
3675,德微,23,1,22,國票-敦北法人,2023-07-06,0037003700390063
3024,憶聲,20,0,20,國票-敦北法人,2023-07-06,0037003700390063
6278,台表科,20,0,20,國票-敦北法人,2023-07-06,0037003700390063
2313,華通,953,60,893,國票-敦北法人,2023-07-07,0037003700390063
3105,穩懋,931,42,889,國票-敦北法人,2023-07-07,0037003700390063
00651R,復華香港反1,800,0,800,國票-敦北法人,2023-07-07,0037003700390063
2303,聯電,678,4,674,國票-敦北法人,2023-07-07,0037003700390063
3702,大聯大,610,12,598,國票-敦北法人,2023-07-07,0037003700390063
2337,旺宏,546,48,498,國票-敦北法人,2023-07-07,0037003700390063
6147,頎邦,528,46,482,國票-敦北法人,2023-07-07,0037003700390063
2347,聯強,484,21,463,國票-敦北法人,2023-07-07,0037003700390063
5371,中光電,444,10,434,國票-敦北法人,2023-07-07,0037003700390063
6182,合晶,468,34,434,國票-敦北法人,2023-07-07,0037003700390063
6191,精成科,385,33,352,國票-敦北法人,2023-07-07,0037003700390063
2353,宏��,371,24,347,國票-敦北法人,2023-07-07,0037003700390063
6176,瑞儀,347,5,342,國票-敦北法人,2023-07-07,0037003700390063
2352,佳世達,409,86,323,國票-敦北法人,2023-07-07,0037003700390063
1216,統一,303,0,303,國票-敦北法人,2023-07-07,0037003700390063
3014,聯陽,222,12,210,國票-敦北法人,2023-07-07,0037003700390063
3044,健鼎,215,11,204,國票-敦北法人,2023-07-07,0037003700390063
6285,啟��,231,31,200,國票-敦北法人,2023-07-07,0037003700390063
9910,豐泰,175,0,175,國票-敦北法人,2023-07-07,0037003700390063
4958,臻鼎-KY,164,2,162,國票-敦北法人,2023-07-07,0037003700390063
1710,東聯,183,32,151,國票-敦北法人,2023-07-07,0037003700390063
3346,麗清,173,47,126,國票-敦北法人,2023-07-07,0037003700390063
1503,士電,148,37,111,國票-敦北法人,2023-07-07,0037003700390063
6446,藥華藥,123,12,111,國票-敦北法人,2023-07-07,0037003700390063
2885,元大金,170,65,105,國票-敦北法人,2023-07-07,0037003700390063
2376,技嘉,171,68,103,國票-敦北法人,2023-07-07,0037003700390063
2425,承啟,128,27,101,國票-敦北法人,2023-07-07,0037003700390063
3481,群創,871,771,100,國票-敦北法人,2023-07-07,0037003700390063
5347,世界,96,30,66,國票-敦北法人,2023-07-07,0037003700390063
00929,復華台灣科技優息,66,0,66,國票-敦北法人,2023-07-07,0037003700390063
4915,致伸,73,22,51,國票-敦北法人,2023-07-07,0037003700390063
1303,南亞,50,0,50,國票-敦北法人,2023-07-07,0037003700390063
5392,能率,50,0,50,國票-敦北法人,2023-07-07,0037003700390063
2530,華建,50,0,50,國票-敦北法人,2023-07-07,0037003700390063
2597,潤弘,50,0,50,國票-敦北法人,2023-07-07,0037003700390063
6505,台塑化,50,0,50,國票-敦北法人,2023-07-07,0037003700390063
3234,光環,50,1,49,國票-敦北法人,2023-07-07,0037003700390063
2458,義隆,43,0,43,國票-敦北法人,2023-07-07,0037003700390063
4763,材料-KY,66,23,43,國票-敦北法人,2023-07-07,0037003700390063
5381,合正,42,0,42,國票-敦北法人,2023-07-07,0037003700390063
3043,科風,36,0,36,國票-敦北法人,2023-07-07,0037003700390063
5530,龍巖,34,0,34,國票-敦北法人,2023-07-07,0037003700390063
00878,國泰永續高股息,33,0,33,國票-敦北法人,2023-07-07,0037003700390063
8358,金居,33,1,32,國票-敦北法人,2023-07-07,0037003700390063
1476,儒鴻,34,2,32,國票-敦北法人,2023-07-07,0037003700390063
4207,環泰,32,0,32,國票-敦北法人,2023-07-07,0037003700390063
0056,元大高股息,36,5,31,國票-敦北法人,2023-07-07,0037003700390063
2515,中工,78,48,30,國票-敦北法人,2023-07-07,0037003700390063
2528,皇普,30,0,30,國票-敦北法人,2023-07-07,0037003700390063
2201,裕隆,83,53,30,國票-敦北法人,2023-07-07,0037003700390063
2382,廣達,879,47,832,國票-敦北法人,2023-07-10,0037003700390063
2891,中信金,950,270,680,國票-敦北法人,2023-07-10,0037003700390063
1605,華新,502,0,502,國票-敦北法人,2023-07-10,0037003700390063
2449,京元電子,500,0,500,國票-敦北法人,2023-07-10,0037003700390063
00673R,期元大S＆P原油反1,328,0,328,國票-敦北法人,2023-07-10,0037003700390063
3264,欣銓,319,5,314,國票-敦北法人,2023-07-10,0037003700390063
2303,聯電,482,170,312,國票-敦北法人,2023-07-10,0037003700390063
00715L,期街口布蘭特正2,310,5,305,國票-敦北法人,2023-07-10,0037003700390063
2892,第一金,277,0,277,國票-敦北法人,2023-07-10,0037003700390063
1101,台泥,223,0,223,國票-敦北法人,2023-07-10,0037003700390063
2383,台光電,410,197,213,國票-敦北法人,2023-07-10,0037003700390063
4979,華星光,299,147,152,國票-敦北法人,2023-07-10,0037003700390063
2376,技嘉,197,68,129,國票-敦北法人,2023-07-10,0037003700390063
2340,台亞,142,14,128,國票-敦北法人,2023-07-10,0037003700390063
1519,華城,124,2,122,國票-敦北法人,2023-07-10,0037003700390063
3045,台灣大,97,0,97,國票-敦北法人,2023-07-10,0037003700390063
1618,合機,92,0,92,國票-敦北法人,2023-07-10,0037003700390063
6235,華孚,113,27,86,國票-敦北法人,2023-07-10,0037003700390063
2313,華通,136,68,68,國票-敦北法人,2023-07-10,0037003700390063
8488,吉源-KY,60,0,60,國票-敦北法人,2023-07-10,0037003700390063
3558,神準,67,8,59,國票-敦北法人,2023-07-10,0037003700390063
2324,仁寶,256,199,57,國票-敦北法人,2023-07-10,0037003700390063
1515,力山,60,7,53,國票-敦北法人,2023-07-10,0037003700390063
2419,仲琦,169,116,53,國票-敦北法人,2023-07-10,0037003700390063
4934,太極,91,40,51,國票-敦北法人,2023-07-10,0037003700390063
1590,亞德客-KY,50,0,50,國票-敦北法人,2023-07-10,0037003700390063
1533,車王電,48,0,48,國票-敦北法人,2023-07-10,0037003700390063
2301,光寶科,93,54,39,國票-敦北法人,2023-07-10,0037003700390063
2356,英業達,44,6,38,國票-敦北法人,2023-07-10,0037003700390063
1308,亞聚,35,0,35,國票-敦北法人,2023-07-10,0037003700390063
3035,智原,161,127,34,國票-敦北法人,2023-07-10,0037003700390063
6703,軒郁,38,5,33,國票-敦北法人,2023-07-10,0037003700390063
2323,中環,97,64,33,國票-敦北法人,2023-07-10,0037003700390063
6120,達運,34,2,32,國票-敦北法人,2023-07-10,0037003700390063
1440,南紡,31,0,31,國票-敦北法人,2023-07-10,0037003700390063
00862B,中信投資級公司債,30,0,30,國票-敦北法人,2023-07-10,0037003700390063
00751B,元大AAA至A公司債,30,0,30,國票-敦北法人,2023-07-10,0037003700390063
2887F,台新戊特二,27,0,27,國票-敦北法人,2023-07-10,0037003700390063
3231,緯創,181,156,25,國票-敦北法人,2023-07-10,0037003700390063
8936,國統,34,9,25,國票-敦北法人,2023-07-10,0037003700390063
2881A,富邦特,25,0,25,國票-敦北法人,2023-07-10,0037003700390063
2327,國巨,39,14,25,國票-敦北法人,2023-07-10,0037003700390063
3033,威健,72,47,25,國票-敦北法人,2023-07-10,0037003700390063
2317,鴻海,23,1,22,國票-敦北法人,2023-07-10,0037003700390063
2618,長榮航,292,271,21,國票-敦北法人,2023-07-10,0037003700390063
2455,全新,26,5,21,國票-敦北法人,2023-07-10,0037003700390063
00895,富邦未來車,20,0,20,國票-敦北法人,2023-07-10,0037003700390063
8289,泰藝,20,0,20,國票-敦北法人,2023-07-10,0037003700390063
2883,凱基金,25,5,20,國票-敦北法人,2023-07-10,0037003700390063
4147,中裕,33,13,20,國票-敦北法人,2023-07-10,0037003700390063
2834,臺企銀,312,0,312,國票-敦北法人,2023-07-11,0037003700390063
2383,台光電,333,27,306,國票-敦北法人,2023-07-11,0037003700390063
3105,穩懋,261,19,242,國票-敦北法人,2023-07-11,0037003700390063
2603,長榮,548,310,238,國票-敦北法人,2023-07-11,0037003700390063
8155,博智,230,4,226,國票-敦北法人,2023-07-11,0037003700390063
3515,華擎,249,26,223,國票-敦北法人,2023-07-11,0037003700390063
4968,立積,209,10,199,國票-敦北法人,2023-07-11,0037003700390063
2327,國巨,169,1,168,國票-敦北法人,2023-07-11,0037003700390063
8131,福懋科,156,0,156,國票-敦北法人,2023-07-11,0037003700390063
3305,昇貿,190,41,149,國票-敦北法人,2023-07-11,0037003700390063
2887F,台新戊特二,118,0,118,國票-敦北法人,2023-07-11,0037003700390063
2382,廣達,500,387,113,國票-敦北法人,2023-07-11,0037003700390063
2317,鴻海,100,0,100,國票-敦北法人,2023-07-11,0037003700390063
2376,技嘉,189,101,88,國票-敦北法人,2023-07-11,0037003700390063
3078,僑威,88,12,76,國票-敦北法人,2023-07-11,0037003700390063
3017,奇鋐,75,6,69,國票-敦北法人,2023-07-11,0037003700390063
6235,華孚,194,134,60,國票-敦北法人,2023-07-11,0037003700390063
00712,復華富時不動產,60,2,58,國票-敦北法人,2023-07-11,0037003700390063
8930,青鋼,58,0,58,國票-敦北法人,2023-07-11,0037003700390063
2634,漢翔,54,0,54,國票-敦北法人,2023-07-11,0037003700390063
2329,華泰,117,64,53,國票-敦北法人,2023-07-11,0037003700390063
2486,一詮,64,12,52,國票-敦北法人,2023-07-11,0037003700390063
2812,台中銀,50,0,50,國票-敦北法人,2023-07-11,0037003700390063
6669,緯穎,56,7,49,國票-敦北法人,2023-07-11,0037003700390063
2368,金像電,86,39,47,國票-敦北法人,2023-07-11,0037003700390063
3016,嘉晶,52,6,46,國票-敦北法人,2023-07-11,0037003700390063
3715,定穎投控,46,1,45,國票-敦北法人,2023-07-11,0037003700390063
4979,華星光,45,2,43,國票-敦北法人,2023-07-11,0037003700390063
3231,緯創,274,235,39,國票-敦北法人,2023-07-11,0037003700390063
3707,漢磊,89,51,38,國票-敦北法人,2023-07-11,0037003700390063
1301,台塑,33,0,33,國票-敦北法人,2023-07-11,0037003700390063
6139,亞翔,33,1,32,國票-敦北法人,2023-07-11,0037003700390063
1303,南亞,31,0,31,國票-敦北法人,2023-07-11,0037003700390063
3217,優群,31,0,31,國票-敦北法人,2023-07-11,0037003700390063
2530,華建,30,0,30,國票-敦北法人,2023-07-11,0037003700390063
1737,臺鹽,34,5,29,國票-敦北法人,2023-07-11,0037003700390063
1471,首利,32,5,27,國票-敦北法人,2023-07-11,0037003700390063
5258,虹堡,31,5,26,國票-敦北法人,2023-07-11,0037003700390063
5530,龍巖,22,0,22,國票-敦北法人,2023-07-11,0037003700390063
1309,台達化,20,0,20,國票-敦北法人,2023-07-11,0037003700390063
1802,台玻,32,12,20,國票-敦北法人,2023-07-11,0037003700390063
2617,台航,20,0,20,國票-敦北法人,2023-07-11,0037003700390063
5608,四維航,20,0,20,國票-敦北法人,2023-07-11,0037003700390063
3234,光環,20,0,20,國票-敦北法人,2023-07-11,0037003700390063
2353,宏��,39,22,17,國票-敦北法人,2023-07-11,0037003700390063
2609,陽明,401,385,16,國票-敦北法人,2023-07-11,0037003700390063
4746,台耀,63,47,16,國票-敦北法人,2023-07-11,0037003700390063
3033,威健,22,7,15,國票-敦北法人,2023-07-11,0037003700390063
6290,良維,16,1,15,國票-敦北法人,2023-07-11,0037003700390063
00882,中信中國高股息,15,0,15,國票-敦北法人,2023-07-11,0037003700390063
1605,華新,772,92,680,國票-敦北法人,2023-07-12,0037003700390063
2368,金像電,650,36,614,國票-敦北法人,2023-07-12,0037003700390063
2345,智邦,627,17,610,國票-敦北法人,2023-07-12,0037003700390063
2382,廣達,954,384,570,國票-敦北法人,2023-07-12,0037003700390063
3231,緯創,700,266,434,國票-敦北法人,2023-07-12,0037003700390063
2388,威盛,444,12,432,國票-敦北法人,2023-07-12,0037003700390063
2301,光寶科,455,181,274,國票-敦北法人,2023-07-12,0037003700390063
3105,穩懋,263,22,241,國票-敦北法人,2023-07-12,0037003700390063
1402,遠東新,207,0,207,國票-敦北法人,2023-07-12,0037003700390063
2330,台積電,203,1,202,國票-敦北法人,2023-07-12,0037003700390063
2303,聯電,492,361,131,國票-敦北法人,2023-07-12,0037003700390063
2383,台光電,137,13,124,國票-敦北法人,2023-07-12,0037003700390063
8155,博智,138,19,119,國票-敦北法人,2023-07-12,0037003700390063
1301,台塑,115,0,115,國票-敦北法人,2023-07-12,0037003700390063
2880,華南金,114,2,112,國票-敦北法人,2023-07-12,0037003700390063
2408,南亞科,153,56,97,國票-敦北法人,2023-07-12,0037003700390063
3017,奇鋐,178,91,87,國票-敦北法人,2023-07-12,0037003700390063
1519,華城,73,12,61,國票-敦北法人,2023-07-12,0037003700390063
3518,柏騰,60,0,60,國票-敦北法人,2023-07-12,0037003700390063
2329,華泰,79,23,56,國票-敦北法人,2023-07-12,0037003700390063
2387,精元,52,1,51,國票-敦北法人,2023-07-12,0037003700390063
00929,復華台灣科技優息,51,0,51,國票-敦北法人,2023-07-12,0037003700390063
2344,華邦電,143,93,50,國票-敦北法人,2023-07-12,0037003700390063
2324,仁寶,57,7,50,國票-敦北法人,2023-07-12,0037003700390063
9945,潤泰新,76,27,49,國票-敦北法人,2023-07-12,0037003700390063
1504,東元,56,10,46,國票-敦北法人,2023-07-12,0037003700390063
5530,龍巖,44,0,44,國票-敦北法人,2023-07-12,0037003700390063
3706,神達,197,154,43,國票-敦北法人,2023-07-12,0037003700390063
3324,雙鴻,44,5,39,國票-敦北法人,2023-07-12,0037003700390063
3529,力旺,38,0,38,國票-敦北法人,2023-07-12,0037003700390063
6274,台燿,76,38,38,國票-敦北法人,2023-07-12,0037003700390063
2834,臺企銀,81,44,37,國票-敦北法人,2023-07-12,0037003700390063
6679,鈺太,36,0,36,國票-敦北法人,2023-07-12,0037003700390063
2530,華建,35,0,35,國票-敦北法人,2023-07-12,0037003700390063
4979,華星光,35,5,30,國票-敦北法人,2023-07-12,0037003700390063
1701,中化,30,0,30,國票-敦北法人,2023-07-12,0037003700390063
2455,全新,74,44,30,國票-敦北法人,2023-07-12,0037003700390063
1314,中石化,27,0,27,國票-敦北法人,2023-07-12,0037003700390063
2887E,台新戊特,25,0,25,國票-敦北法人,2023-07-12,0037003700390063
4108,懷特,25,0,25,國票-敦北法人,2023-07-12,0037003700390063
2610,華航,47,22,25,國票-敦北法人,2023-07-12,0037003700390063
00882,中信中國高股息,20,0,20,國票-敦北法人,2023-07-12,0037003700390063
2425,承啟,55,35,20,國票-敦北法人,2023-07-12,0037003700390063
2891,中信金,76,56,20,國票-敦北法人,2023-07-12,0037003700390063
1467,南緯,20,0,20,國票-敦北法人,2023-07-12,0037003700390063
2884,玉山金,57,37,20,國票-敦北法人,2023-07-12,0037003700390063
2883,凱基金,20,1,19,國票-敦北法人,2023-07-12,0037003700390063
5425,台半,85,66,19,國票-敦北法人,2023-07-12,0037003700390063
6531,愛普*,38,19,19,國票-敦北法人,2023-07-12,0037003700390063
6190,萬泰科,22,5,17,國票-敦北法人,2023-07-12,0037003700390063
3481,群創,7939,249,7690,國票-敦北法人,2023-07-13,0037003700390063
2382,廣達,2652,1042,1610,國票-敦北法人,2023-07-13,0037003700390063
8215,明基材,1101,0,1101,國票-敦北法人,2023-07-13,0037003700390063
2885,元大金,1131,133,998,國票-敦北法人,2023-07-13,0037003700390063
1605,華新,1113,132,981,國票-敦北法人,2023-07-13,0037003700390063
00900,富邦特選高股息30,800,8,792,國票-敦北法人,2023-07-13,0037003700390063
2903,遠百,446,37,409,國票-敦北法人,2023-07-13,0037003700390063
4306,炎洲,324,0,324,國票-敦北法人,2023-07-13,0037003700390063
1434,福懋,303,0,303,國票-敦北法人,2023-07-13,0037003700390063
2603,長榮,679,436,243,國票-敦北法人,2023-07-13,0037003700390063
6592,和潤企業,228,2,226,國票-敦北法人,2023-07-13,0037003700390063
6188,廣明,264,45,219,國票-敦北法人,2023-07-13,0037003700390063
2383,台光電,215,9,206,國票-敦北法人,2023-07-13,0037003700390063
4164,承業醫,205,5,200,國票-敦北法人,2023-07-13,0037003700390063
2301,光寶科,737,543,194,國票-敦北法人,2023-07-13,0037003700390063
3305,昇貿,188,16,172,國票-敦北法人,2023-07-13,0037003700390063
5876,上海商銀,150,5,145,國票-敦北法人,2023-07-13,0037003700390063
2409,友達,368,223,145,國票-敦北法人,2023-07-13,0037003700390063
2368,金像電,164,25,139,國票-敦北法人,2023-07-13,0037003700390063
3048,益登,126,0,126,國票-敦北法人,2023-07-13,0037003700390063
8069,元太,106,8,98,國票-敦北法人,2023-07-13,0037003700390063
3665,貿聯-KY,102,5,97,國票-敦北法人,2023-07-13,0037003700390063
0052,富邦科技,94,0,94,國票-敦北法人,2023-07-13,0037003700390063
1312,國喬,91,0,91,國票-敦北法人,2023-07-13,0037003700390063
6274,台燿,139,51,88,國票-敦北法人,2023-07-13,0037003700390063
3479,安勤,85,2,83,國票-敦北法人,2023-07-13,0037003700390063
4726,永昕,80,0,80,國票-敦北法人,2023-07-13,0037003700390063
2308,台達電,97,33,64,國票-敦北法人,2023-07-13,0037003700390063
8155,博智,155,91,64,國票-敦北法人,2023-07-13,0037003700390063
3443,創意,69,6,63,國票-敦北法人,2023-07-13,0037003700390063
00671R,富邦NASDAQ反1,60,0,60,國票-敦北法人,2023-07-13,0037003700390063
2331,精英,66,10,56,國票-敦北法人,2023-07-13,0037003700390063
3035,智原,100,44,56,國票-敦北法人,2023-07-13,0037003700390063
2345,智邦,63,7,56,國票-敦北法人,2023-07-13,0037003700390063
2610,華航,1042,988,54,國票-敦北法人,2023-07-13,0037003700390063
6669,緯穎,106,54,52,國票-敦北法人,2023-07-13,0037003700390063
3017,奇鋐,255,206,49,國票-敦北法人,2023-07-13,0037003700390063
2338,光罩,55,7,48,國票-敦北法人,2023-07-13,0037003700390063
1319,東陽,58,11,47,國票-敦北法人,2023-07-13,0037003700390063
4168,醣聯,47,2,45,國票-敦北法人,2023-07-13,0037003700390063
8201,無敵,44,1,43,國票-敦北法人,2023-07-13,0037003700390063
5530,龍巖,41,0,41,國票-敦北法人,2023-07-13,0037003700390063
00632R,元大台灣50反1,162,122,40,國票-敦北法人,2023-07-13,0037003700390063
1519,華城,37,1,36,國票-敦北法人,2023-07-13,0037003700390063
5258,虹堡,55,20,35,國票-敦北法人,2023-07-13,0037003700390063
4128,中天,47,13,34,國票-敦北法人,2023-07-13,0037003700390063
6161,捷波,35,1,34,國票-敦北法人,2023-07-13,0037003700390063
2353,宏��,108,75,33,國票-敦北法人,2023-07-13,0037003700390063
6235,華孚,69,38,31,國票-敦北法人,2023-07-13,0037003700390063
1590,亞德客-KY,31,0,31,國票-敦北法人,2023-07-13,0037003700390063
2618,長榮航,1604,463,1141,國票-敦北法人,2023-07-14,0037003700390063
2353,宏��,874,122,752,國票-敦北法人,2023-07-14,0037003700390063
2382,廣達,1734,1042,692,國票-敦北法人,2023-07-14,0037003700390063
00736,國泰新興市場,673,0,673,國票-敦北法人,2023-07-14,0037003700390063
2388,威盛,528,29,499,國票-敦北法人,2023-07-14,0037003700390063
2303,聯電,274,1,273,國票-敦北法人,2023-07-14,0037003700390063
00735,國泰臺韓科技,194,0,194,國票-敦北法人,2023-07-14,0037003700390063
5483,中美晶,220,34,186,國票-敦北法人,2023-07-14,0037003700390063
2347,聯強,195,9,186,國票-敦北法人,2023-07-14,0037003700390063
3231,緯創,293,120,173,國票-敦北法人,2023-07-14,0037003700390063
6188,廣明,238,72,166,國票-敦北法人,2023-07-14,0037003700390063
2313,華通,185,22,163,國票-敦北法人,2023-07-14,0037003700390063
6239,力成,168,8,160,國票-敦北法人,2023-07-14,0037003700390063
3035,智原,191,32,159,國票-敦北法人,2023-07-14,0037003700390063
4938,和碩,224,67,157,國票-敦北法人,2023-07-14,0037003700390063
6841,長佳智能,151,6,145,國票-敦北法人,2023-07-14,0037003700390063
3014,聯陽,160,15,145,國票-敦北法人,2023-07-14,0037003700390063
6235,華孚,255,112,143,國票-敦北法人,2023-07-14,0037003700390063
2337,旺宏,141,0,141,國票-敦北法人,2023-07-14,0037003700390063
8112,至上,173,45,128,國票-敦北法人,2023-07-14,0037003700390063
3540,曜越,131,4,127,國票-敦北法人,2023-07-14,0037003700390063
2385,群光,118,1,117,國票-敦北法人,2023-07-14,0037003700390063
8936,國統,120,11,109,國票-敦北法人,2023-07-14,0037003700390063
3324,雙鴻,110,15,95,國票-敦北法人,2023-07-14,0037003700390063
5530,龍巖,80,0,80,國票-敦北法人,2023-07-14,0037003700390063
2383,台光電,122,43,79,國票-敦北法人,2023-07-14,0037003700390063
9914,美利達,74,1,73,國票-敦北法人,2023-07-14,0037003700390063
2301,光寶科,495,428,67,國票-敦北法人,2023-07-14,0037003700390063
00671R,富邦NASDAQ反1,60,0,60,國票-敦北法人,2023-07-14,0037003700390063
2610,華航,663,606,57,國票-敦北法人,2023-07-14,0037003700390063
2458,義隆,58,2,56,國票-敦北法人,2023-07-14,0037003700390063
2328,廣宇,104,48,56,國票-敦北法人,2023-07-14,0037003700390063
9921,巨大,50,1,49,國票-敦北法人,2023-07-14,0037003700390063
1560,中砂,98,52,46,國票-敦北法人,2023-07-14,0037003700390063
6488,環球晶,48,2,46,國票-敦北法人,2023-07-14,0037003700390063
2329,華泰,165,124,41,國票-敦北法人,2023-07-14,0037003700390063
00632R,元大台灣50反1,40,0,40,國票-敦北法人,2023-07-14,0037003700390063
3711,日月光投控,43,4,39,國票-敦北法人,2023-07-14,0037003700390063
2474,可成,44,6,38,國票-敦北法人,2023-07-14,0037003700390063
6266,泰詠,40,3,37,國票-敦北法人,2023-07-14,0037003700390063
2323,中環,86,50,36,國票-敦北法人,2023-07-14,0037003700390063
6285,啟��,111,76,35,國票-敦北法人,2023-07-14,0037003700390063
6414,樺漢,39,5,34,國票-敦北法人,2023-07-14,0037003700390063
2356,英業達,322,288,34,國票-敦北法人,2023-07-14,0037003700390063
6121,新普,67,34,33,國票-敦北法人,2023-07-14,0037003700390063
8081,致新,32,1,31,國票-敦北法人,2023-07-14,0037003700390063
2495,普安,31,1,30,國票-敦北法人,2023-07-14,0037003700390063
2404,漢唐,30,0,30,國票-敦北法人,2023-07-14,0037003700390063
2379,瑞昱,33,3,30,國票-敦北法人,2023-07-14,0037003700390063
3287,廣寰科,49,21,28,國票-敦北法人,2023-07-14,0037003700390063
2884,玉山金,1629,33,1596,國票-敦北法人,2023-07-17,0037003700390063
00673R,期元大S＆P原油反1,820,0,820,國票-敦北法人,2023-07-17,0037003700390063
1216,統一,640,1,639,國票-敦北法人,2023-07-17,0037003700390063
5876,上海商銀,497,0,497,國票-敦北法人,2023-07-17,0037003700390063
8936,國統,553,128,425,國票-敦北法人,2023-07-17,0037003700390063
2312,金寶,653,233,420,國票-敦北法人,2023-07-17,0037003700390063
2801,彰銀,400,2,398,國票-敦北法人,2023-07-17,0037003700390063
1722,台肥,312,1,311,國票-敦北法人,2023-07-17,0037003700390063
2324,仁寶,378,142,236,國票-敦北法人,2023-07-17,0037003700390063
6592,和潤企業,224,0,224,國票-敦北法人,2023-07-17,0037003700390063
3481,群創,369,156,213,國票-敦北法人,2023-07-17,0037003700390063
1605,華新,188,54,134,國票-敦北法人,2023-07-17,0037003700390063
6282,康舒,177,99,78,國票-敦北法人,2023-07-17,0037003700390063
2352,佳世達,85,9,76,國票-敦北法人,2023-07-17,0037003700390063
6446,藥華藥,72,4,68,國票-敦北法人,2023-07-17,0037003700390063
9105,泰金寶-DR,65,0,65,國票-敦北法人,2023-07-17,0037003700390063
00929,復華台灣科技優息,58,1,57,國票-敦北法人,2023-07-17,0037003700390063
2408,南亞科,60,11,49,國票-敦北法人,2023-07-17,0037003700390063
1504,東元,116,73,43,國票-敦北法人,2023-07-17,0037003700390063
2301,光寶科,406,367,39,國票-敦北法人,2023-07-17,0037003700390063
8050,廣積,40,5,35,國票-敦北法人,2023-07-17,0037003700390063
2530,華建,35,0,35,國票-敦北法人,2023-07-17,0037003700390063
3163,波若威,95,64,31,國票-敦北法人,2023-07-17,0037003700390063
2353,宏��,251,223,28,國票-敦北法人,2023-07-17,0037003700390063
1217,愛之味,47,19,28,國票-敦北法人,2023-07-17,0037003700390063
1514,亞力,72,45,27,國票-敦北法人,2023-07-17,0037003700390063
3374,精材,68,41,27,國票-敦北法人,2023-07-17,0037003700390063
2371,大同,73,47,26,國票-敦北法人,2023-07-17,0037003700390063
4702,中美實,25,0,25,國票-敦北法人,2023-07-17,0037003700390063
6271,同欣電,27,3,24,國票-敦北法人,2023-07-17,0037003700390063
6274,台燿,29,5,24,國票-敦北法人,2023-07-17,0037003700390063
6187,萬潤,66,44,22,國票-敦北法人,2023-07-17,0037003700390063
3362,先進光,49,28,21,國票-敦北法人,2023-07-17,0037003700390063
4977,眾達-KY,26,5,21,國票-敦北法人,2023-07-17,0037003700390063
6283,淳安,21,0,21,國票-敦北法人,2023-07-17,0037003700390063
1789,神隆,21,0,21,國票-敦北法人,2023-07-17,0037003700390063
1503,士電,26,5,21,國票-敦北法人,2023-07-17,0037003700390063
8097,常珵,20,0,20,國票-敦北法人,2023-07-17,0037003700390063
6609,瀧澤科,20,0,20,國票-敦北法人,2023-07-17,0037003700390063
00751B,元大AAA至A公司債,20,0,20,國票-敦北法人,2023-07-17,0037003700390063
00637L,元大滬深300正2,23,4,19,國票-敦北法人,2023-07-17,0037003700390063
6657,華安,18,0,18,國票-敦北法人,2023-07-17,0037003700390063
1210,大成,35,17,18,國票-敦北法人,2023-07-17,0037003700390063
3057,喬鼎,19,1,18,國票-敦北法人,2023-07-17,0037003700390063
2323,中環,146,129,17,國票-敦北法人,2023-07-17,0037003700390063
8210,勤誠,48,32,16,國票-敦北法人,2023-07-17,0037003700390063
5483,中美晶,45,29,16,國票-敦北法人,2023-07-17,0037003700390063
2885,元大金,23,7,16,國票-敦北法人,2023-07-17,0037003700390063
8443,阿瘦,30,14,16,國票-敦北法人,2023-07-17,0037003700390063
6124,業強,20,4,16,國票-敦北法人,2023-07-17,0037003700390063
2002,中鋼,7668,15,7653,國票-敦北法人,2023-07-18,0037003700390063
2027,大成鋼,3475,32,3443,國票-敦北法人,2023-07-18,0037003700390063
5469,瀚宇博,1599,24,1575,國票-敦北法人,2023-07-18,0037003700390063
6191,精成科,1538,9,1529,國票-敦北法人,2023-07-18,0037003700390063
2356,英業達,1491,247,1244,國票-敦北法人,2023-07-18,0037003700390063
4904,遠傳,1081,0,1081,國票-敦北法人,2023-07-18,0037003700390063
8050,廣積,694,34,660,國票-敦北法人,2023-07-18,0037003700390063
1216,統一,625,0,625,國票-敦北法人,2023-07-18,0037003700390063
4915,致伸,637,17,620,國票-敦北法人,2023-07-18,0037003700390063
8112,至上,551,5,546,國票-敦北法人,2023-07-18,0037003700390063
6147,頎邦,550,6,544,國票-敦北法人,2023-07-18,0037003700390063
3711,日月光投控,598,106,492,國票-敦北法人,2023-07-18,0037003700390063
2891,中信金,491,29,462,國票-敦北法人,2023-07-18,0037003700390063
1319,東陽,391,13,378,國票-敦北法人,2023-07-18,0037003700390063
2421,建準,442,64,378,國票-敦北法人,2023-07-18,0037003700390063
2801,彰銀,300,0,300,國票-敦北法人,2023-07-18,0037003700390063
00632R,元大台灣50反1,292,0,292,國票-敦北法人,2023-07-18,0037003700390063
2886,兆豐金,200,4,196,國票-敦北法人,2023-07-18,0037003700390063
3704,合勤控,297,109,188,國票-敦北法人,2023-07-18,0037003700390063
1618,合機,185,10,175,國票-敦北法人,2023-07-18,0037003700390063
2376,技嘉,491,326,165,國票-敦北法人,2023-07-18,0037003700390063
3035,智原,220,59,161,國票-敦北法人,2023-07-18,0037003700390063
2324,仁寶,327,187,140,國票-敦北法人,2023-07-18,0037003700390063
1432,大魯閣,140,0,140,國票-敦北法人,2023-07-18,0037003700390063
2881,富邦金,141,9,132,國票-敦北法人,2023-07-18,0037003700390063
6811,宏�硌穈T,127,4,123,國票-敦北法人,2023-07-18,0037003700390063
2630,亞航,136,14,122,國票-敦北法人,2023-07-18,0037003700390063
6669,緯穎,135,15,120,國票-敦北法人,2023-07-18,0037003700390063
2609,陽明,133,15,118,國票-敦北法人,2023-07-18,0037003700390063
2454,聯發科,141,23,118,國票-敦北法人,2023-07-18,0037003700390063
4746,台耀,125,22,103,國票-敦北法人,2023-07-18,0037003700390063
3501,維熹,98,9,89,國票-敦北法人,2023-07-18,0037003700390063
006208,富邦台50,85,0,85,國票-敦北法人,2023-07-18,0037003700390063
3363,上詮,156,74,82,國票-敦北法人,2023-07-18,0037003700390063
9105,泰金寶-DR,60,0,60,國票-敦北法人,2023-07-18,0037003700390063
2408,南亞科,128,78,50,國票-敦北法人,2023-07-18,0037003700390063
2360,致茂,60,13,47,國票-敦北法人,2023-07-18,0037003700390063
2404,漢唐,52,9,43,國票-敦北法人,2023-07-18,0037003700390063
6446,藥華藥,57,16,41,國票-敦北法人,2023-07-18,0037003700390063
6670,復盛應用,33,0,33,國票-敦北法人,2023-07-18,0037003700390063
1309,台達化,30,0,30,國票-敦北法人,2023-07-18,0037003700390063
2603,長榮,35,5,30,國票-敦北法人,2023-07-18,0037003700390063
6194,育富,29,0,29,國票-敦北法人,2023-07-18,0037003700390063
2405,輔信,30,2,28,國票-敦北法人,2023-07-18,0037003700390063
1476,儒鴻,26,0,26,國票-敦北法人,2023-07-18,0037003700390063
3260,威剛,58,32,26,國票-敦北法人,2023-07-18,0037003700390063
5484,慧友,24,1,23,國票-敦北法人,2023-07-18,0037003700390063
2855,統一證,22,0,22,國票-敦北法人,2023-07-18,0037003700390063
3231,緯創,149,127,22,國票-敦北法人,2023-07-18,0037003700390063
2449,京元電子,148,128,20,國票-敦北法人,2023-07-18,0037003700390063
2890,永豐金,3000,2,2998,國票-敦北法人,2023-07-19,0037003700390063
2356,英業達,2136,655,1481,國票-敦北法人,2023-07-19,0037003700390063
2408,南亞科,841,43,798,國票-敦北法人,2023-07-19,0037003700390063
2337,旺宏,774,24,750,國票-敦北法人,2023-07-19,0037003700390063
00715L,期街口布蘭特正2,650,0,650,國票-敦北法人,2023-07-19,0037003700390063
2301,光寶科,721,126,595,國票-敦北法人,2023-07-19,0037003700390063
6446,藥華藥,513,11,502,國票-敦北法人,2023-07-19,0037003700390063
00673R,期元大S＆P原油反1,400,0,400,國票-敦北法人,2023-07-19,0037003700390063
1504,東元,527,133,394,國票-敦北法人,2023-07-19,0037003700390063
2421,建準,661,295,366,國票-敦北法人,2023-07-19,0037003700390063
1216,統一,365,1,364,國票-敦北法人,2023-07-19,0037003700390063
2912,統一超,340,0,340,國票-敦北法人,2023-07-19,0037003700390063
2383,台光電,305,11,294,國票-敦北法人,2023-07-19,0037003700390063
4123,晟德,255,30,225,國票-敦北法人,2023-07-19,0037003700390063
1519,華城,133,0,133,國票-敦北法人,2023-07-19,0037003700390063
3501,維熹,96,0,96,國票-敦北法人,2023-07-19,0037003700390063
1432,大魯閣,89,0,89,國票-敦北法人,2023-07-19,0037003700390063
2618,長榮航,819,746,73,國票-敦北法人,2023-07-19,0037003700390063
2880,華南金,58,0,58,國票-敦北法人,2023-07-19,0037003700390063
3017,奇鋐,93,35,58,國票-敦北法人,2023-07-19,0037003700390063
1795,美時,65,7,58,國票-敦北法人,2023-07-19,0037003700390063
006208,富邦台50,56,0,56,國票-敦北法人,2023-07-19,0037003700390063
0050,元大台灣50,54,0,54,國票-敦北法人,2023-07-19,0037003700390063
2317,鴻海,263,215,48,國票-敦北法人,2023-07-19,0037003700390063
2340,台亞,66,20,46,國票-敦北法人,2023-07-19,0037003700390063
4168,醣聯,44,0,44,國票-敦北法人,2023-07-19,0037003700390063
2324,仁寶,73,31,42,國票-敦北法人,2023-07-19,0037003700390063
2379,瑞昱,42,0,42,國票-敦北法人,2023-07-19,0037003700390063
3706,神達,512,470,42,國票-敦北法人,2023-07-19,0037003700390063
0056,元大高股息,115,74,41,國票-敦北法人,2023-07-19,0037003700390063
6223,旺矽,50,9,41,國票-敦北法人,2023-07-19,0037003700390063
8227,巨有科技,45,5,40,國票-敦北法人,2023-07-19,0037003700390063
3481,群創,325,285,40,國票-敦北法人,2023-07-19,0037003700390063
2883,凱基金,40,0,40,國票-敦北法人,2023-07-19,0037003700390063
8443,阿瘦,35,0,35,國票-敦北法人,2023-07-19,0037003700390063
2353,宏��,229,195,34,國票-敦北法人,2023-07-19,0037003700390063
5009,榮剛,144,110,34,國票-敦北法人,2023-07-19,0037003700390063
2477,美隆電,34,0,34,國票-敦北法人,2023-07-19,0037003700390063
2419,仲琦,169,136,33,國票-敦北法人,2023-07-19,0037003700390063
3205,佰研,32,1,31,國票-敦北法人,2023-07-19,0037003700390063
00679B,元大美債20年,35,4,31,國票-敦北法人,2023-07-19,0037003700390063
00882,中信中國高股息,32,1,31,國票-敦北法人,2023-07-19,0037003700390063
6472,保瑞,49,19,30,國票-敦北法人,2023-07-19,0037003700390063
2376,技嘉,155,127,28,國票-敦北法人,2023-07-19,0037003700390063
8112,至上,48,23,25,國票-敦北法人,2023-07-19,0037003700390063
3189,景碩,74,50,24,國票-敦北法人,2023-07-19,0037003700390063
6235,華孚,254,230,24,國票-敦北法人,2023-07-19,0037003700390063
00752,中信中國50,33,10,23,國票-敦北法人,2023-07-19,0037003700390063
3055,蔚華科,23,1,22,國票-敦北法人,2023-07-19,0037003700390063
2458,義隆,27,5,22,國票-敦北法人,2023-07-19,0037003700390063
2392,正崴,654,15,639,國票-敦北法人,2023-07-20,0037003700390063
6257,矽格,588,1,587,國票-敦北法人,2023-07-20,0037003700390063
1605,華新,520,5,515,國票-敦北法人,2023-07-20,0037003700390063
2301,光寶科,538,113,425,國票-敦北法人,2023-07-20,0037003700390063
3037,欣興,395,165,230,國票-敦北法人,2023-07-20,0037003700390063
2303,聯電,501,314,187,國票-敦北法人,2023-07-20,0037003700390063
1101,台泥,193,38,155,國票-敦北法人,2023-07-20,0037003700390063
1102,亞泥,136,0,136,國票-敦北法人,2023-07-20,0037003700390063
6770,力積電,208,76,132,國票-敦北法人,2023-07-20,0037003700390063
6446,藥華藥,132,19,113,國票-敦北法人,2023-07-20,0037003700390063
1432,大魯閣,102,0,102,國票-敦北法人,2023-07-20,0037003700390063
2330,台積電,102,0,102,國票-敦北法人,2023-07-20,0037003700390063
8358,金居,106,9,97,國票-敦北法人,2023-07-20,0037003700390063
8936,國統,94,5,89,國票-敦北法人,2023-07-20,0037003700390063
8155,博智,102,15,87,國票-敦北法人,2023-07-20,0037003700390063
2881,富邦金,77,0,77,國票-敦北法人,2023-07-20,0037003700390063
3711,日月光投控,80,11,69,國票-敦北法人,2023-07-20,0037003700390063
2886,兆豐金,53,0,53,國票-敦北法人,2023-07-20,0037003700390063
00929,復華台灣科技優息,50,0,50,國票-敦北法人,2023-07-20,0037003700390063
3035,智原,181,133,48,國票-敦北法人,2023-07-20,0037003700390063
3231,緯創,105,58,47,國票-敦北法人,2023-07-20,0037003700390063
2356,英業達,54,10,44,國票-敦北法人,2023-07-20,0037003700390063
2059,川湖,80,37,43,國票-敦北法人,2023-07-20,0037003700390063
3189,景碩,65,24,41,國票-敦北法人,2023-07-20,0037003700390063
5347,世界,72,32,40,國票-敦北法人,2023-07-20,0037003700390063
3044,健鼎,96,60,36,國票-敦北法人,2023-07-20,0037003700390063
6530,創威,63,27,36,國票-敦北法人,2023-07-20,0037003700390063
5388,中磊,53,20,33,國票-敦北法人,2023-07-20,0037003700390063
2324,仁寶,155,125,30,國票-敦北法人,2023-07-20,0037003700390063
00885,富邦越南,30,0,30,國票-敦北法人,2023-07-20,0037003700390063
3264,欣銓,72,42,30,國票-敦北法人,2023-07-20,0037003700390063
6187,萬潤,51,22,29,國票-敦北法人,2023-07-20,0037003700390063
2801,彰銀,29,0,29,國票-敦北法人,2023-07-20,0037003700390063
2312,金寶,135,106,29,國票-敦北法人,2023-07-20,0037003700390063
0056,元大高股息,32,4,28,國票-敦北法人,2023-07-20,0037003700390063
5608,四維航,26,0,26,國票-敦北法人,2023-07-20,0037003700390063
4953,緯軟,26,1,25,國票-敦北法人,2023-07-20,0037003700390063
6509,聚和,25,0,25,國票-敦北法人,2023-07-20,0037003700390063
6235,華孚,137,113,24,國票-敦北法人,2023-07-20,0037003700390063
2891,中信金,44,23,21,國票-敦北法人,2023-07-20,0037003700390063
00895,富邦未來車,21,0,21,國票-敦北法人,2023-07-20,0037003700390063
3032,偉訓,94,73,21,國票-敦北法人,2023-07-20,0037003700390063
8033,雷虎,31,10,21,國票-敦北法人,2023-07-20,0037003700390063
2845,遠東銀,20,0,20,國票-敦北法人,2023-07-20,0037003700390063
2329,華泰,57,37,20,國票-敦北法人,2023-07-20,0037003700390063
5512,力麒,20,0,20,國票-敦北法人,2023-07-20,0037003700390063
9105,泰金寶-DR,51,31,20,國票-敦北法人,2023-07-20,0037003700390063
2884,玉山金,36,16,20,國票-敦北法人,2023-07-20,0037003700390063
00725B,國泰投資級公司債,19,0,19,國票-敦北法人,2023-07-20,0037003700390063
2317,鴻海,29,11,18,國票-敦北法人,2023-07-20,0037003700390063
6282,康舒,979,59,920,國票-敦北法人,2023-07-21,0037003700390063
2376,技嘉,934,26,908,國票-敦北法人,2023-07-21,0037003700390063
2392,正崴,673,5,668,國票-敦北法人,2023-07-21,0037003700390063
4915,致伸,754,123,631,國票-敦北法人,2023-07-21,0037003700390063
6257,矽格,601,6,595,國票-敦北法人,2023-07-21,0037003700390063
2382,廣達,1802,1377,425,國票-敦北法人,2023-07-21,0037003700390063
2357,華碩,453,96,357,國票-敦北法人,2023-07-21,0037003700390063
2301,光寶科,396,185,211,國票-敦北法人,2023-07-21,0037003700390063
2421,建準,258,51,207,國票-敦北法人,2023-07-21,0037003700390063
3588,通嘉,195,6,189,國票-敦北法人,2023-07-21,0037003700390063
2316,楠梓電,199,22,177,國票-敦北法人,2023-07-21,0037003700390063
2330,台積電,198,38,160,國票-敦北法人,2023-07-21,0037003700390063
2313,華通,197,59,138,國票-敦北法人,2023-07-21,0037003700390063
2610,華航,646,532,114,國票-敦北法人,2023-07-21,0037003700390063
2883,凱基金,110,3,107,國票-敦北法人,2023-07-21,0037003700390063
00632R,元大台灣50反1,110,3,107,國票-敦北法人,2023-07-21,0037003700390063
4919,新唐,121,17,104,國票-敦北法人,2023-07-21,0037003700390063
5234,達興材料,96,1,95,國票-敦北法人,2023-07-21,0037003700390063
2303,聯電,472,378,94,國票-敦北法人,2023-07-21,0037003700390063
6589,台康生技,96,3,93,國票-敦北法人,2023-07-21,0037003700390063
6669,緯穎,93,3,90,國票-敦北法人,2023-07-21,0037003700390063
2891,中信金,125,52,73,國票-敦北法人,2023-07-21,0037003700390063
2882,國泰金,84,18,66,國票-敦北法人,2023-07-21,0037003700390063
2002,中鋼,67,2,65,國票-敦北法人,2023-07-21,0037003700390063
3231,緯創,184,123,61,國票-敦北法人,2023-07-21,0037003700390063
2890,永豐金,61,1,60,國票-敦北法人,2023-07-21,0037003700390063
2886,兆豐金,60,1,59,國票-敦北法人,2023-07-21,0037003700390063
2892,第一金,54,0,54,國票-敦北法人,2023-07-21,0037003700390063
2885,元大金,74,20,54,國票-敦北法人,2023-07-21,0037003700390063
2880,華南金,53,0,53,國票-敦北法人,2023-07-21,0037003700390063
5880,合庫金,52,0,52,國票-敦北法人,2023-07-21,0037003700390063
2528,皇普,50,0,50,國票-敦北法人,2023-07-21,0037003700390063
1101,台泥,153,109,44,國票-敦北法人,2023-07-21,0037003700390063
3324,雙鴻,51,9,42,國票-敦北法人,2023-07-21,0037003700390063
2027,大成鋼,78,41,37,國票-敦北法人,2023-07-21,0037003700390063
2801,彰銀,36,0,36,國票-敦北法人,2023-07-21,0037003700390063
2332,友訊,39,6,33,國票-敦北法人,2023-07-21,0037003700390063
3515,華擎,38,5,33,國票-敦北法人,2023-07-21,0037003700390063
1303,南亞,30,0,30,國票-敦北法人,2023-07-21,0037003700390063
2412,中華電,29,0,29,國票-敦北法人,2023-07-21,0037003700390063
3105,穩懋,53,24,29,國票-敦北法人,2023-07-21,0037003700390063
4979,華星光,28,0,28,國票-敦北法人,2023-07-21,0037003700390063
0050,元大台灣50,27,0,27,國票-敦北法人,2023-07-21,0037003700390063
3583,辛耘,90,63,27,國票-敦北法人,2023-07-21,0037003700390063
6213,聯茂,30,4,26,國票-敦北法人,2023-07-21,0037003700390063
006208,富邦台50,26,0,26,國票-敦北法人,2023-07-21,0037003700390063
2356,英業達,37,13,24,國票-敦北法人,2023-07-21,0037003700390063
1301,台塑,24,0,24,國票-敦北法人,2023-07-21,0037003700390063
1605,華新,263,240,23,國票-敦北法人,2023-07-21,0037003700390063
2888,新光金,67,44,23,國票-敦北法人,2023-07-21,0037003700390063
2887,台新金,5357,9,5348,國票-敦北法人,2023-07-24,0037003700390063
2301,光寶科,2822,249,2573,國票-敦北法人,2023-07-24,0037003700390063
00632R,元大台灣50反1,2151,0,2151,國票-敦北法人,2023-07-24,0037003700390063
2891,中信金,1041,169,872,國票-敦北法人,2023-07-24,0037003700390063
6282,康舒,808,171,637,國票-敦北法人,2023-07-24,0037003700390063
2455,全新,614,19,595,國票-敦北法人,2023-07-24,0037003700390063
2382,廣達,1029,466,563,國票-敦北法人,2023-07-24,0037003700390063
6274,台燿,443,36,407,國票-敦北法人,2023-07-24,0037003700390063
2357,華碩,683,286,397,國票-敦北法人,2023-07-24,0037003700390063
1605,華新,529,281,248,國票-敦北法人,2023-07-24,0037003700390063
1326,台化,247,0,247,國票-敦北法人,2023-07-24,0037003700390063
2360,致茂,209,4,205,國票-敦北法人,2023-07-24,0037003700390063
2376,技嘉,227,42,185,國票-敦北法人,2023-07-24,0037003700390063
1795,美時,167,2,165,國票-敦北法人,2023-07-24,0037003700390063
5340,建榮,168,42,126,國票-敦北法人,2023-07-24,0037003700390063
1301,台塑,125,0,125,國票-敦北法人,2023-07-24,0037003700390063
2883,凱基金,105,1,104,國票-敦北法人,2023-07-24,0037003700390063
2884,玉山金,95,0,95,國票-敦北法人,2023-07-24,0037003700390063
2890,永豐金,93,0,93,國票-敦北法人,2023-07-24,0037003700390063
1210,大成,103,15,88,國票-敦北法人,2023-07-24,0037003700390063
0050,元大台灣50,85,0,85,國票-敦北法人,2023-07-24,0037003700390063
2885,元大金,173,93,80,國票-敦北法人,2023-07-24,0037003700390063
3059,華晶科,80,0,80,國票-敦北法人,2023-07-24,0037003700390063
00706L,期元大S＆P日圓正2,80,0,80,國票-敦北法人,2023-07-24,0037003700390063
2330,台積電,170,91,79,國票-敦北法人,2023-07-24,0037003700390063
2317,鴻海,79,1,78,國票-敦北法人,2023-07-24,0037003700390063
8210,勤誠,138,61,77,國票-敦北法人,2023-07-24,0037003700390063
1101,台泥,75,1,74,國票-敦北法人,2023-07-24,0037003700390063
2303,聯電,268,195,73,國票-敦北法人,2023-07-24,0037003700390063
2002,中鋼,80,10,70,國票-敦北法人,2023-07-24,0037003700390063
2886,兆豐金,72,2,70,國票-敦北法人,2023-07-24,0037003700390063
2892,第一金,67,0,67,國票-敦北法人,2023-07-24,0037003700390063
2880,華南金,66,0,66,國票-敦北法人,2023-07-24,0037003700390063
5880,合庫金,66,0,66,國票-敦北法人,2023-07-24,0037003700390063
00772B,中信高評級公司債,65,0,65,國票-敦北法人,2023-07-24,0037003700390063
2408,南亞科,81,18,63,國票-敦北法人,2023-07-24,0037003700390063
2882,國泰金,137,77,60,國票-敦北法人,2023-07-24,0037003700390063
2345,智邦,59,1,58,國票-敦北法人,2023-07-24,0037003700390063
00751B,元大AAA至A公司債,55,0,55,國票-敦北法人,2023-07-24,0037003700390063
2881,富邦金,108,56,52,國票-敦北法人,2023-07-24,0037003700390063
2347,聯強,64,14,50,國票-敦北法人,2023-07-24,0037003700390063
00929,復華台灣科技優息,50,1,49,國票-敦北法人,2023-07-24,0037003700390063
2801,彰銀,43,0,43,國票-敦北法人,2023-07-24,0037003700390063
2449,京元電子,51,13,38,國票-敦北法人,2023-07-24,0037003700390063
1432,大魯閣,36,0,36,國票-敦北法人,2023-07-24,0037003700390063
1303,南亞,36,0,36,國票-敦北法人,2023-07-24,0037003700390063
00692,富邦公司治理,33,0,33,國票-敦北法人,2023-07-24,0037003700390063
2412,中華電,33,0,33,國票-敦北法人,2023-07-24,0037003700390063
3711,日月光投控,63,31,32,國票-敦北法人,2023-07-24,0037003700390063
1216,統一,32,0,32,國票-敦北法人,2023-07-24,0037003700390063
2887,台新金,5569,468,5101,國票-敦北法人,2023-07-25,0037003700390063
2027,大成鋼,2535,5,2530,國票-敦北法人,2023-07-25,0037003700390063
2884,玉山金,1682,21,1661,國票-敦北法人,2023-07-25,0037003700390063
2382,廣達,843,385,458,國票-敦北法人,2023-07-25,0037003700390063
6274,台燿,355,5,350,國票-敦北法人,2023-07-25,0037003700390063
00900,富邦特選高股息30,310,0,310,國票-敦北法人,2023-07-25,0037003700390063
4967,十銓,301,1,300,國票-敦北法人,2023-07-25,0037003700390063
2308,台達電,256,3,253,國票-敦北法人,2023-07-25,0037003700390063
2324,仁寶,286,34,252,國票-敦北法人,2023-07-25,0037003700390063
2383,台光電,317,104,213,國票-敦北法人,2023-07-25,0037003700390063
2301,光寶科,909,705,204,國票-敦北法人,2023-07-25,0037003700390063
2313,華通,210,10,200,國票-敦北法人,2023-07-25,0037003700390063
00878,國泰永續高股息,231,52,179,國票-敦北法人,2023-07-25,0037003700390063
2376,技嘉,266,120,146,國票-敦北法人,2023-07-25,0037003700390063
6811,宏�硌穈T,136,12,124,國票-敦北法人,2023-07-25,0037003700390063
0050,元大台灣50,114,0,114,國票-敦北法人,2023-07-25,0037003700390063
2330,台積電,145,41,104,國票-敦北法人,2023-07-25,0037003700390063
8936,國統,129,34,95,國票-敦北法人,2023-07-25,0037003700390063
2883,凱基金,87,1,86,國票-敦北法人,2023-07-25,0037003700390063
2338,光罩,96,16,80,國票-敦北法人,2023-07-25,0037003700390063
2002,中鋼,117,41,76,國票-敦北法人,2023-07-25,0037003700390063
2317,鴻海,129,53,76,國票-敦北法人,2023-07-25,0037003700390063
3037,欣興,362,294,68,國票-敦北法人,2023-07-25,0037003700390063
3324,雙鴻,96,36,60,國票-敦北法人,2023-07-25,0037003700390063
2408,南亞科,119,59,60,國票-敦北法人,2023-07-25,0037003700390063
3094,聯傑,53,2,51,國票-敦北法人,2023-07-25,0037003700390063
4533,協易機,54,5,49,國票-敦北法人,2023-07-25,0037003700390063
2885,元大金,75,28,47,國票-敦北法人,2023-07-25,0037003700390063
8358,金居,69,24,45,國票-敦北法人,2023-07-25,0037003700390063
1101,台泥,67,25,42,國票-敦北法人,2023-07-25,0037003700390063
00895,富邦未來車,40,0,40,國票-敦北法人,2023-07-25,0037003700390063
3207,耀勝,39,0,39,國票-敦北法人,2023-07-25,0037003700390063
2801,彰銀,38,0,38,國票-敦北法人,2023-07-25,0037003700390063
2886,兆豐金,61,23,38,國票-敦北法人,2023-07-25,0037003700390063
1605,華新,98,61,37,國票-敦北法人,2023-07-25,0037003700390063
2303,聯電,90,53,37,國票-敦北法人,2023-07-25,0037003700390063
2880,華南金,54,17,37,國票-敦北法人,2023-07-25,0037003700390063
1618,合機,54,17,37,國票-敦北法人,2023-07-25,0037003700390063
2882,國泰金,50,14,36,國票-敦北法人,2023-07-25,0037003700390063
5880,合庫金,54,19,35,國票-敦北法人,2023-07-25,0037003700390063
1432,大魯閣,34,0,34,國票-敦北法人,2023-07-25,0037003700390063
3689,湧德,104,70,34,國票-敦北法人,2023-07-25,0037003700390063
1303,南亞,30,0,30,國票-敦北法人,2023-07-25,0037003700390063
2312,金寶,113,85,28,國票-敦北法人,2023-07-25,0037003700390063
1210,大成,43,17,26,國票-敦北法人,2023-07-25,0037003700390063
00632R,元大台灣50反1,25,0,25,國票-敦北法人,2023-07-25,0037003700390063
2890,永豐金,60,35,25,國票-敦北法人,2023-07-25,0037003700390063
6411,晶焱,26,1,25,國票-敦北法人,2023-07-25,0037003700390063
6799,來頡,25,0,25,國票-敦北法人,2023-07-25,0037003700390063
2412,中華電,29,4,25,國票-敦北法人,2023-07-25,0037003700390063
2892,第一金,1708,1,1707,國票-敦北法人,2023-07-26,0037003700390063
6282,康舒,1571,222,1349,國票-敦北法人,2023-07-26,0037003700390063
2891,中信金,968,70,898,國票-敦北法人,2023-07-26,0037003700390063
2881,富邦金,398,18,380,國票-敦北法人,2023-07-26,0037003700390063
2317,鴻海,195,19,176,國票-敦北法人,2023-07-26,0037003700390063
2885,元大金,203,33,170,國票-敦北法人,2023-07-26,0037003700390063
1605,華新,279,127,152,國票-敦北法人,2023-07-26,0037003700390063
2883,凱基金,160,14,146,國票-敦北法人,2023-07-26,0037003700390063
2002,中鋼,142,2,140,國票-敦北法人,2023-07-26,0037003700390063
3163,波若威,201,63,138,國票-敦北法人,2023-07-26,0037003700390063
5014,建錩,124,0,124,國票-敦北法人,2023-07-26,0037003700390063
2303,聯電,237,115,122,國票-敦北法人,2023-07-26,0037003700390063
2603,長榮,207,85,122,國票-敦北法人,2023-07-26,0037003700390063
2351,順德,126,11,115,國票-敦北法人,2023-07-26,0037003700390063
2886,兆豐金,114,3,111,國票-敦北法人,2023-07-26,0037003700390063
2890,永豐金,115,9,106,國票-敦北法人,2023-07-26,0037003700390063
3481,群創,282,176,106,國票-敦北法人,2023-07-26,0037003700390063
2880,華南金,104,0,104,國票-敦北法人,2023-07-26,0037003700390063
5880,合庫金,103,3,100,國票-敦北法人,2023-07-26,0037003700390063
2882,國泰金,120,35,85,國票-敦北法人,2023-07-26,0037003700390063
1101,台泥,99,25,74,國票-敦北法人,2023-07-26,0037003700390063
6538,倉和,73,0,73,國票-敦北法人,2023-07-26,0037003700390063
1304,台聚,69,0,69,國票-敦北法人,2023-07-26,0037003700390063
2801,彰銀,68,0,68,國票-敦北法人,2023-07-26,0037003700390063
2301,光寶科,173,106,67,國票-敦北法人,2023-07-26,0037003700390063
4967,十銓,62,2,60,國票-敦北法人,2023-07-26,0037003700390063
1303,南亞,59,1,58,國票-敦北法人,2023-07-26,0037003700390063
4532,瑞智,56,6,50,國票-敦北法人,2023-07-26,0037003700390063
1216,統一,51,1,50,國票-敦北法人,2023-07-26,0037003700390063
8478,東哥遊艇,47,0,47,國票-敦北法人,2023-07-26,0037003700390063
1402,遠東新,52,11,41,國票-敦北法人,2023-07-26,0037003700390063
6126,信音,64,25,39,國票-敦北法人,2023-07-26,0037003700390063
3564,其陽,41,2,39,國票-敦北法人,2023-07-26,0037003700390063
1301,台塑,38,0,38,國票-敦北法人,2023-07-26,0037003700390063
3711,日月光投控,117,79,38,國票-敦北法人,2023-07-26,0037003700390063
5876,上海商銀,38,0,38,國票-敦北法人,2023-07-26,0037003700390063
3306,鼎天,42,6,36,國票-敦北法人,2023-07-26,0037003700390063
1326,台化,35,0,35,國票-敦北法人,2023-07-26,0037003700390063
1608,華榮,33,0,33,國票-敦北法人,2023-07-26,0037003700390063
3231,緯創,89,56,33,國票-敦北法人,2023-07-26,0037003700390063
6873,泓德能源,30,0,30,國票-敦北法人,2023-07-26,0037003700390063
2427,三商電,30,0,30,國票-敦北法人,2023-07-26,0037003700390063
2359,所羅門,47,18,29,國票-敦北法人,2023-07-26,0037003700390063
2884,玉山金,155,127,28,國票-敦北法人,2023-07-26,0037003700390063
6015,宏遠證,32,4,28,國票-敦北法人,2023-07-26,0037003700390063
006208,富邦台50,27,0,27,國票-敦北法人,2023-07-26,0037003700390063
3017,奇鋐,61,35,26,國票-敦北法人,2023-07-26,0037003700390063
2723,美食-KY,25,0,25,國票-敦北法人,2023-07-26,0037003700390063
1702,南僑,55,30,25,國票-敦北法人,2023-07-26,0037003700390063
2308,台達電,32,11,21,國票-敦北法人,2023-07-26,0037003700390063
2610,華航,7923,86,7837,國票-敦北法人,2023-07-27,0037003700390063
2027,大成鋼,2768,7,2761,國票-敦北法人,2023-07-27,0037003700390063
6239,力成,1202,0,1202,國票-敦北法人,2023-07-27,0037003700390063
2409,友達,1500,485,1015,國票-敦北法人,2023-07-27,0037003700390063
3033,威健,1009,9,1000,國票-敦北法人,2023-07-27,0037003700390063
2892,第一金,999,0,999,國票-敦北法人,2023-07-27,0037003700390063
2883B,凱基金乙特,900,0,900,國票-敦北法人,2023-07-27,0037003700390063
6282,康舒,817,17,800,國票-敦北法人,2023-07-27,0037003700390063
2891,中信金,756,52,704,國票-敦北法人,2023-07-27,0037003700390063
00673R,期元大S＆P原油反1,520,0,520,國票-敦北法人,2023-07-27,0037003700390063
2603,長榮,585,185,400,國票-敦北法人,2023-07-27,0037003700390063
4904,遠傳,388,0,388,國票-敦北法人,2023-07-27,0037003700390063
6180,橘子,270,0,270,國票-敦北法人,2023-07-27,0037003700390063
3037,欣興,394,183,211,國票-敦北法人,2023-07-27,0037003700390063
6117,迎廣,202,3,199,國票-敦北法人,2023-07-27,0037003700390063
2408,南亞科,151,2,149,國票-敦北法人,2023-07-27,0037003700390063
2376,技嘉,256,118,138,國票-敦北法人,2023-07-27,0037003700390063
3163,波若威,265,131,134,國票-敦北法人,2023-07-27,0037003700390063
4123,晟德,124,11,113,國票-敦北法人,2023-07-27,0037003700390063
3131,弘塑,124,15,109,國票-敦北法人,2023-07-27,0037003700390063
2303,聯電,113,11,102,國票-敦北法人,2023-07-27,0037003700390063
5014,建錩,102,0,102,國票-敦北法人,2023-07-27,0037003700390063
2888,新光金,481,379,102,國票-敦北法人,2023-07-27,0037003700390063
3045,台灣大,100,0,100,國票-敦北法人,2023-07-27,0037003700390063
1905,華紙,110,11,99,國票-敦北法人,2023-07-27,0037003700390063
1802,台玻,117,37,80,國票-敦北法人,2023-07-27,0037003700390063
6531,愛普*,87,13,74,國票-敦北法人,2023-07-27,0037003700390063
3056,富華新,72,13,59,國票-敦北法人,2023-07-27,0037003700390063
2618,長榮航,139,81,58,國票-敦北法人,2023-07-27,0037003700390063
3558,神準,57,2,55,國票-敦北法人,2023-07-27,0037003700390063
2002,中鋼,53,1,52,國票-敦北法人,2023-07-27,0037003700390063
1605,華新,50,1,49,國票-敦北法人,2023-07-27,0037003700390063
3078,僑威,40,0,40,國票-敦北法人,2023-07-27,0037003700390063
1907,永豐餘,67,30,37,國票-敦北法人,2023-07-27,0037003700390063
6538,倉和,33,1,32,國票-敦北法人,2023-07-27,0037003700390063
1313,聯成,70,39,31,國票-敦北法人,2023-07-27,0037003700390063
5425,台半,31,2,29,國票-敦北法人,2023-07-27,0037003700390063
1471,首利,27,0,27,國票-敦北法人,2023-07-27,0037003700390063
3257,虹冠電,25,0,25,國票-敦北法人,2023-07-27,0037003700390063
3706,神達,25,1,24,國票-敦北法人,2023-07-27,0037003700390063
3014,聯陽,37,13,24,國票-敦北法人,2023-07-27,0037003700390063
1432,大魯閣,20,0,20,國票-敦北法人,2023-07-27,0037003700390063
2530,華建,20,0,20,國票-敦北法人,2023-07-27,0037003700390063
2887F,台新戊特二,20,0,20,國票-敦北法人,2023-07-27,0037003700390063
2385,群光,53,33,20,國票-敦北法人,2023-07-27,0037003700390063
6188,廣明,182,162,20,國票-敦北法人,2023-07-27,0037003700390063
00645,富邦日本,19,0,19,國票-敦北法人,2023-07-27,0037003700390063
1785,光洋科,21,3,18,國票-敦北法人,2023-07-27,0037003700390063
2356,英業達,35,18,17,國票-敦北法人,2023-07-27,0037003700390063
6116,彩晶,148,131,17,國票-敦北法人,2023-07-27,0037003700390063
3033,威健,1500,2,1498,國票-敦北法人,2023-07-28,0037003700390063
3231,緯創,1368,290,1078,國票-敦北法人,2023-07-28,0037003700390063
6282,康舒,1162,86,1076,國票-敦北法人,2023-07-28,0037003700390063
6274,台燿,816,93,723,國票-敦北法人,2023-07-28,0037003700390063
2393,億光,666,0,666,國票-敦北法人,2023-07-28,0037003700390063
2890,永豐金,564,10,554,國票-敦北法人,2023-07-28,0037003700390063
6217,中探針,508,19,489,國票-敦北法人,2023-07-28,0037003700390063
2891,中信金,591,103,488,國票-敦北法人,2023-07-28,0037003700390063
2002,中鋼,501,133,368,國票-敦北法人,2023-07-28,0037003700390063
2382,廣達,890,575,315,國票-敦北法人,2023-07-28,0037003700390063
2886,兆豐金,305,1,304,國票-敦北法人,2023-07-28,0037003700390063
00632R,元大台灣50反1,280,0,280,國票-敦北法人,2023-07-28,0037003700390063
4979,華星光,293,42,251,國票-敦北法人,2023-07-28,0037003700390063
1304,台聚,250,0,250,國票-敦北法人,2023-07-28,0037003700390063
3702,大聯大,257,43,214,國票-敦北法人,2023-07-28,0037003700390063
2014,中鴻,247,47,200,國票-敦北法人,2023-07-28,0037003700390063
1102,亞泥,217,20,197,國票-敦北法人,2023-07-28,0037003700390063
2329,華泰,441,248,193,國票-敦北法人,2023-07-28,0037003700390063
6770,力積電,196,6,190,國票-敦北法人,2023-07-28,0037003700390063
2344,華邦電,194,32,162,國票-敦北法人,2023-07-28,0037003700390063
1216,統一,158,0,158,國票-敦北法人,2023-07-28,0037003700390063
1101,台泥,194,46,148,國票-敦北法人,2023-07-28,0037003700390063
1605,華新,137,0,137,國票-敦北法人,2023-07-28,0037003700390063
2351,順德,103,3,100,國票-敦北法人,2023-07-28,0037003700390063
6239,力成,79,0,79,國票-敦北法人,2023-07-28,0037003700390063
1802,台玻,128,51,77,國票-敦北法人,2023-07-28,0037003700390063
2603,長榮,135,61,74,國票-敦北法人,2023-07-28,0037003700390063
2376,技嘉,93,22,71,國票-敦北法人,2023-07-28,0037003700390063
2356,英業達,77,8,69,國票-敦北法人,2023-07-28,0037003700390063
5483,中美晶,90,25,65,國票-敦北法人,2023-07-28,0037003700390063
2474,可成,77,13,64,國票-敦北法人,2023-07-28,0037003700390063
1432,大魯閣,63,0,63,國票-敦北法人,2023-07-28,0037003700390063
2616,山隆,58,0,58,國票-敦北法人,2023-07-28,0037003700390063
1795,美時,72,20,52,國票-敦北法人,2023-07-28,0037003700390063
6830,汎銓,48,3,45,國票-敦北法人,2023-07-28,0037003700390063
2352,佳世達,193,150,43,國票-敦北法人,2023-07-28,0037003700390063
2103,台橡,42,0,42,國票-敦北法人,2023-07-28,0037003700390063
2530,華建,42,0,42,國票-敦北法人,2023-07-28,0037003700390063
3694,海華,40,2,38,國票-敦北法人,2023-07-28,0037003700390063
2379,瑞昱,38,2,36,國票-敦北法人,2023-07-28,0037003700390063
3163,波若威,94,58,36,國票-敦北法人,2023-07-28,0037003700390063
8930,青鋼,34,0,34,國票-敦北法人,2023-07-28,0037003700390063
6133,金橋,35,2,33,國票-敦北法人,2023-07-28,0037003700390063
3583,辛耘,45,13,32,國票-敦北法人,2023-07-28,0037003700390063
1313,聯成,55,24,31,國票-敦北法人,2023-07-28,0037003700390063
6121,新普,31,2,29,國票-敦北法人,2023-07-28,0037003700390063
2383,台光電,161,134,27,國票-敦北法人,2023-07-28,0037003700390063
1477,聚陽,27,0,27,國票-敦北法人,2023-07-28,0037003700390063
00764B,群益25年美債,25,0,25,國票-敦北法人,2023-07-28,0037003700390063
6782,視陽,25,0,25,國票-敦北法人,2023-07-28,0037003700390063
2301,光寶科,3199,430,2769,國票-敦北法人,2023-07-31,0037003700390063
2371,大同,2636,13,2623,國票-敦北法人,2023-07-31,0037003700390063
2449,京元電子,2060,22,2038,國票-敦北法人,2023-07-31,0037003700390063
3231,緯創,2557,789,1768,國票-敦北法人,2023-07-31,0037003700390063
2882,國泰金,1310,86,1224,國票-敦北法人,2023-07-31,0037003700390063
6770,力積電,817,74,743,國票-敦北法人,2023-07-31,0037003700390063
00673R,期元大S＆P原油反1,500,30,470,國票-敦北法人,2023-07-31,0037003700390063
5347,世界,461,41,420,國票-敦北法人,2023-07-31,0037003700390063
8021,尖點,411,0,411,國票-敦北法人,2023-07-31,0037003700390063
00632R,元大台灣50反1,360,7,353,國票-敦北法人,2023-07-31,0037003700390063
6187,萬潤,351,15,336,國票-敦北法人,2023-07-31,0037003700390063
6239,力成,311,2,309,國票-敦北法人,2023-07-31,0037003700390063
6548,長科*,230,5,225,國票-敦北法人,2023-07-31,0037003700390063
9910,豐泰,176,0,176,國票-敦北法人,2023-07-31,0037003700390063
2420,新巨,156,7,149,國票-敦北法人,2023-07-31,0037003700390063
6189,豐藝,133,0,133,國票-敦北法人,2023-07-31,0037003700390063
2363,矽統,154,32,122,國票-敦北法人,2023-07-31,0037003700390063
2603,長榮,467,346,121,國票-敦北法人,2023-07-31,0037003700390063
6121,新普,121,1,120,國票-敦北法人,2023-07-31,0037003700390063
4958,臻鼎-KY,100,0,100,國票-敦北法人,2023-07-31,0037003700390063
2408,南亞科,140,48,92,國票-敦北法人,2023-07-31,0037003700390063
1605,華新,186,96,90,國票-敦北法人,2023-07-31,0037003700390063
4746,台耀,82,11,71,國票-敦北法人,2023-07-31,0037003700390063
2049,上銀,66,0,66,國票-敦北法人,2023-07-31,0037003700390063
3017,奇鋐,161,98,63,國票-敦北法人,2023-07-31,0037003700390063
5340,建榮,126,70,56,國票-敦北法人,2023-07-31,0037003700390063
00751B,元大AAA至A公司債,55,0,55,國票-敦北法人,2023-07-31,0037003700390063
4569,六方科-KY,55,0,55,國票-敦北法人,2023-07-31,0037003700390063
9921,巨大,55,0,55,國票-敦北法人,2023-07-31,0037003700390063
00655L,國泰中國A50正2,50,0,50,國票-敦北法人,2023-07-31,0037003700390063
00772B,中信高評級公司債,50,0,50,國票-敦北法人,2023-07-31,0037003700390063
8027,鈦昇,101,55,46,國票-敦北法人,2023-07-31,0037003700390063
6274,台燿,125,79,46,國票-敦北法人,2023-07-31,0037003700390063
8070,長華*,41,0,41,國票-敦北法人,2023-07-31,0037003700390063
6290,良維,57,17,40,國票-敦北法人,2023-07-31,0037003700390063
00636,國泰中國A50,40,0,40,國票-敦北法人,2023-07-31,0037003700390063
3163,波若威,119,80,39,國票-敦北法人,2023-07-31,0037003700390063
2913,農林,56,20,36,國票-敦北法人,2023-07-31,0037003700390063
2816,旺旺保,40,4,36,國票-敦北法人,2023-07-31,0037003700390063
1513,中興電,84,48,36,國票-敦北法人,2023-07-31,0037003700390063
6176,瑞儀,48,13,35,國票-敦北法人,2023-07-31,0037003700390063
1477,聚陽,51,18,33,國票-敦北法人,2023-07-31,0037003700390063
2427,三商電,69,38,31,國票-敦北法人,2023-07-31,0037003700390063
5443,均豪,61,31,30,國票-敦北法人,2023-07-31,0037003700390063
4726,永昕,31,1,30,國票-敦北法人,2023-07-31,0037003700390063
6203,海韻電,45,15,30,國票-敦北法人,2023-07-31,0037003700390063
3034,聯詠,33,3,30,國票-敦北法人,2023-07-31,0037003700390063
2609,陽明,167,138,29,國票-敦北法人,2023-07-31,0037003700390063
2425,承啟,32,5,27,國票-敦北法人,2023-07-31,0037003700390063
3481,群創,645,619,26,國票-敦北法人,2023-07-31,0037003700390063
3481,群創,1199,139,1060,國票-敦北法人,2023-08-01,0037003700390063
2382,廣達,2215,1397,818,國票-敦北法人,2023-08-01,0037003700390063
2393,億光,695,0,695,國票-敦北法人,2023-08-01,0037003700390063
2301,光寶科,807,120,687,國票-敦北法人,2023-08-01,0037003700390063
1519,華城,640,16,624,國票-敦北法人,2023-08-01,0037003700390063
1319,東陽,560,14,546,國票-敦北法人,2023-08-01,0037003700390063
2371,大同,508,36,472,國票-敦北法人,2023-08-01,0037003700390063
2454,聯發科,527,87,440,國票-敦北法人,2023-08-01,0037003700390063
8021,尖點,426,3,423,國票-敦北法人,2023-08-01,0037003700390063
9938,百和,373,0,373,國票-敦北法人,2023-08-01,0037003700390063
2891,中信金,349,7,342,國票-敦北法人,2023-08-01,0037003700390063
3034,聯詠,267,6,261,國票-敦北法人,2023-08-01,0037003700390063
3260,威剛,265,7,258,國票-敦北法人,2023-08-01,0037003700390063
2881,富邦金,434,185,249,國票-敦北法人,2023-08-01,0037003700390063
3033,威健,239,2,237,國票-敦北法人,2023-08-01,0037003700390063
2420,新巨,175,0,175,國票-敦北法人,2023-08-01,0037003700390063
6176,瑞儀,219,58,161,國票-敦北法人,2023-08-01,0037003700390063
5340,建榮,177,17,160,國票-敦北法人,2023-08-01,0037003700390063
3558,神準,170,24,146,國票-敦北法人,2023-08-01,0037003700390063
1802,台玻,241,110,131,國票-敦北法人,2023-08-01,0037003700390063
6189,豐藝,129,0,129,國票-敦北法人,2023-08-01,0037003700390063
6285,啟��,155,29,126,國票-敦北法人,2023-08-01,0037003700390063
3163,波若威,346,230,116,國票-敦北法人,2023-08-01,0037003700390063
3325,旭品,143,35,108,國票-敦北法人,2023-08-01,0037003700390063
2308,台達電,192,93,99,國票-敦北法人,2023-08-01,0037003700390063
2002,中鋼,184,91,93,國票-敦北法人,2023-08-01,0037003700390063
8069,元太,140,50,90,國票-敦北法人,2023-08-01,0037003700390063
6274,台燿,128,38,90,國票-敦北法人,2023-08-01,0037003700390063
1608,華榮,103,13,90,國票-敦北法人,2023-08-01,0037003700390063
00632R,元大台灣50反1,85,9,76,國票-敦北法人,2023-08-01,0037003700390063
6770,力積電,127,54,73,國票-敦北法人,2023-08-01,0037003700390063
2890,永豐金,84,11,73,國票-敦北法人,2023-08-01,0037003700390063
3209,全科,68,0,68,國票-敦北法人,2023-08-01,0037003700390063
00676R,富邦臺灣加權反1,60,0,60,國票-敦北法人,2023-08-01,0037003700390063
1101,台泥,84,24,60,國票-敦北法人,2023-08-01,0037003700390063
2616,山隆,60,0,60,國票-敦北法人,2023-08-01,0037003700390063
4979,華星光,193,142,51,國票-敦北法人,2023-08-01,0037003700390063
1218,泰山,51,0,51,國票-敦北法人,2023-08-01,0037003700390063
3037,欣興,59,11,48,國票-敦北法人,2023-08-01,0037003700390063
2886,兆豐金,45,2,43,國票-敦北法人,2023-08-01,0037003700390063
3131,弘塑,38,5,33,國票-敦北法人,2023-08-01,0037003700390063
9927,泰銘,33,0,33,國票-敦北法人,2023-08-01,0037003700390063
1102,亞泥,43,10,33,國票-敦北法人,2023-08-01,0037003700390063
3217,優群,66,33,33,國票-敦北法人,2023-08-01,0037003700390063
3702,大聯大,32,0,32,國票-敦北法人,2023-08-01,0037003700390063
00679B,元大美債20年,31,0,31,國票-敦北法人,2023-08-01,0037003700390063
2888,新光金,167,136,31,國票-敦北法人,2023-08-01,0037003700390063
1309,台達化,30,0,30,國票-敦北法人,2023-08-01,0037003700390063
2402,毅嘉,31,1,30,國票-敦北法人,2023-08-01,0037003700390063
3533,嘉澤,30,1,29,國票-敦北法人,2023-08-01,0037003700390063
6282,康舒,1415,65,1350,國票-敦北法人,2023-08-02,0037003700390063
3017,奇鋐,1260,38,1222,國票-敦北法人,2023-08-02,0037003700390063
00688L,國泰20年美債正2,1000,0,1000,國票-敦北法人,2023-08-02,0037003700390063
1210,大成,668,38,630,國票-敦北法人,2023-08-02,0037003700390063
00673R,期元大S＆P原油反1,603,10,593,國票-敦北法人,2023-08-02,0037003700390063
1605,華新,865,277,588,國票-敦北法人,2023-08-02,0037003700390063
3325,旭品,661,130,531,國票-敦北法人,2023-08-02,0037003700390063
2031,新光鋼,517,0,517,國票-敦北法人,2023-08-02,0037003700390063
8021,尖點,443,3,440,國票-敦北法人,2023-08-02,0037003700390063
1101,台泥,521,106,415,國票-敦北法人,2023-08-02,0037003700390063
2388,威盛,449,48,401,國票-敦北法人,2023-08-02,0037003700390063
9938,百和,368,0,368,國票-敦北法人,2023-08-02,0037003700390063
2882,國泰金,359,111,248,國票-敦北法人,2023-08-02,0037003700390063
2383,台光電,265,49,216,國票-敦北法人,2023-08-02,0037003700390063
00929,復華台灣科技優息,211,0,211,國票-敦北法人,2023-08-02,0037003700390063
2382,廣達,724,513,211,國票-敦北法人,2023-08-02,0037003700390063
2420,新巨,187,0,187,國票-敦北法人,2023-08-02,0037003700390063
2368,金像電,204,34,170,國票-敦北法人,2023-08-02,0037003700390063
6189,豐藝,138,0,138,國票-敦北法人,2023-08-02,0037003700390063
2206,三陽工業,160,25,135,國票-敦北法人,2023-08-02,0037003700390063
00885,富邦越南,120,0,120,國票-敦北法人,2023-08-02,0037003700390063
2330,台積電,116,2,114,國票-敦北法人,2023-08-02,0037003700390063
6285,啟��,264,162,102,國票-敦北法人,2023-08-02,0037003700390063
4114,健喬,95,19,76,國票-敦北法人,2023-08-02,0037003700390063
2408,南亞科,128,58,70,國票-敦北法人,2023-08-02,0037003700390063
2883,凱基金,70,1,69,國票-敦北法人,2023-08-02,0037003700390063
2913,農林,128,63,65,國票-敦北法人,2023-08-02,0037003700390063
2301,光寶科,547,487,60,國票-敦北法人,2023-08-02,0037003700390063
2458,義隆,55,0,55,國票-敦北法人,2023-08-02,0037003700390063
3702,大聯大,88,36,52,國票-敦北法人,2023-08-02,0037003700390063
2313,華通,96,47,49,國票-敦北法人,2023-08-02,0037003700390063
00893,國泰智能電動車,50,1,49,國票-敦北法人,2023-08-02,0037003700390063
8478,東哥遊艇,56,8,48,國票-敦北法人,2023-08-02,0037003700390063
2317,鴻海,48,3,45,國票-敦北法人,2023-08-02,0037003700390063
3037,欣興,335,290,45,國票-敦北法人,2023-08-02,0037003700390063
3034,聯詠,65,23,42,國票-敦北法人,2023-08-02,0037003700390063
00751B,元大AAA至A公司債,42,0,42,國票-敦北法人,2023-08-02,0037003700390063
3481,群創,569,529,40,國票-敦北法人,2023-08-02,0037003700390063
0056,元大高股息,56,20,36,國票-敦北法人,2023-08-02,0037003700390063
2454,聯發科,71,36,35,國票-敦北法人,2023-08-02,0037003700390063
006208,富邦台50,33,0,33,國票-敦北法人,2023-08-02,0037003700390063
3533,嘉澤,101,70,31,國票-敦北法人,2023-08-02,0037003700390063
4702,中美實,29,0,29,國票-敦北法人,2023-08-02,0037003700390063
5871,中租-KY,34,5,29,國票-敦北法人,2023-08-02,0037003700390063
1795,美時,57,30,27,國票-敦北法人,2023-08-02,0037003700390063
6579,研揚,27,2,25,國票-敦北法人,2023-08-02,0037003700390063
1616,億泰,24,0,24,國票-敦北法人,2023-08-02,0037003700390063
00679B,元大美債20年,22,0,22,國票-敦北法人,2023-08-02,0037003700390063
5347,世界,56,35,21,國票-敦北法人,2023-08-02,0037003700390063
6416,瑞祺電通,21,0,21,國票-敦北法人,2023-08-02,0037003700390063
2014,中鴻,1356,55,1301,國票-敦北法人,2023-08-04,0037003700390063
6282,康舒,1088,3,1085,國票-敦北法人,2023-08-04,0037003700390063
2347,聯強,728,2,726,國票-敦北法人,2023-08-04,0037003700390063
2313,華通,752,36,716,國票-敦北法人,2023-08-04,0037003700390063
2303,聯電,862,158,704,國票-敦北法人,2023-08-04,0037003700390063
3702,大聯大,695,0,695,國票-敦北法人,2023-08-04,0037003700390063
8112,至上,691,17,674,國票-敦北法人,2023-08-04,0037003700390063
6182,合晶,673,0,673,國票-敦北法人,2023-08-04,0037003700390063
2353,宏��,667,4,663,國票-敦北法人,2023-08-04,0037003700390063
6191,精成科,657,11,646,國票-敦北法人,2023-08-04,0037003700390063
6147,頎邦,591,7,584,國票-敦北法人,2023-08-04,0037003700390063
00673R,期元大S＆P原油反1,550,0,550,國票-敦北法人,2023-08-04,0037003700390063
3481,群創,418,0,418,國票-敦北法人,2023-08-04,0037003700390063
2388,威盛,443,32,411,國票-敦北法人,2023-08-04,0037003700390063
2618,長榮航,465,205,260,國票-敦北法人,2023-08-04,0037003700390063
1210,大成,260,36,224,國票-敦北法人,2023-08-04,0037003700390063
5425,台半,223,22,201,國票-敦北法人,2023-08-04,0037003700390063
3131,弘塑,182,2,180,國票-敦北法人,2023-08-04,0037003700390063
6274,台燿,369,205,164,國票-敦北法人,2023-08-04,0037003700390063
2383,台光電,183,29,154,國票-敦北法人,2023-08-04,0037003700390063
3587,閎康,156,2,154,國票-敦北法人,2023-08-04,0037003700390063
3017,奇鋐,188,35,153,國票-敦北法人,2023-08-04,0037003700390063
6189,豐藝,135,0,135,國票-敦北法人,2023-08-04,0037003700390063
8103,瀚荃,132,0,132,國票-敦北法人,2023-08-04,0037003700390063
1605,華新,155,27,128,國票-敦北法人,2023-08-04,0037003700390063
00929,復華台灣科技優息,114,0,114,國票-敦北法人,2023-08-04,0037003700390063
2881,富邦金,161,47,114,國票-敦北法人,2023-08-04,0037003700390063
1519,華城,112,16,96,國票-敦北法人,2023-08-04,0037003700390063
1802,台玻,203,117,86,國票-敦北法人,2023-08-04,0037003700390063
00688L,國泰20年美債正2,70,0,70,國票-敦北法人,2023-08-04,0037003700390063
00772B,中信高評級公司債,61,0,61,國票-敦北法人,2023-08-04,0037003700390063
5864,致和證,61,1,60,國票-敦北法人,2023-08-04,0037003700390063
2371,大同,54,1,53,國票-敦北法人,2023-08-04,0037003700390063
00850,元大臺灣ESG永續,50,0,50,國票-敦北法人,2023-08-04,0037003700390063
2891,中信金,70,22,48,國票-敦北法人,2023-08-04,0037003700390063
0056,元大高股息,49,6,43,國票-敦北法人,2023-08-04,0037003700390063
00679B,元大美債20年,41,2,39,國票-敦北法人,2023-08-04,0037003700390063
2352,佳世達,65,29,36,國票-敦北法人,2023-08-04,0037003700390063
00751B,元大AAA至A公司債,32,1,31,國票-敦北法人,2023-08-04,0037003700390063
2101,南港,30,0,30,國票-敦北法人,2023-08-04,0037003700390063
2344,華邦電,239,210,29,國票-敦北法人,2023-08-04,0037003700390063
6669,緯穎,41,12,29,國票-敦北法人,2023-08-04,0037003700390063
00680L,元大美債20正2,41,13,28,國票-敦北法人,2023-08-04,0037003700390063
2312,金寶,81,53,28,國票-敦北法人,2023-08-04,0037003700390063
9105,泰金寶-DR,25,0,25,國票-敦北法人,2023-08-04,0037003700390063
2892,第一金,25,0,25,國票-敦北法人,2023-08-04,0037003700390063
00923,群益台ESG低碳50,25,1,24,國票-敦北法人,2023-08-04,0037003700390063
00720B,元大投資級公司債,25,1,24,國票-敦北法人,2023-08-04,0037003700390063
3583,辛耘,35,13,22,國票-敦北法人,2023-08-04,0037003700390063
3693,營邦,27,5,22,國票-敦北法人,2023-08-04,0037003700390063
2376,技嘉,916,55,861,國票-敦北法人,2023-08-07,0037003700390063
6191,精成科,795,2,793,國票-敦北法人,2023-08-07,0037003700390063
6282,康舒,765,4,761,國票-敦北法人,2023-08-07,0037003700390063
3702,大聯大,655,4,651,國票-敦北法人,2023-08-07,0037003700390063
2347,聯強,641,1,640,國票-敦北法人,2023-08-07,0037003700390063
3264,欣銓,631,5,626,國票-敦北法人,2023-08-07,0037003700390063
6770,力積電,629,7,622,國票-敦北法人,2023-08-07,0037003700390063
6182,合晶,587,11,576,國票-敦北法人,2023-08-07,0037003700390063
8112,至上,579,5,574,國票-敦北法人,2023-08-07,0037003700390063
4915,致伸,584,94,490,國票-敦北法人,2023-08-07,0037003700390063
2385,群光,442,3,439,國票-敦北法人,2023-08-07,0037003700390063
6176,瑞儀,433,61,372,國票-敦北法人,2023-08-07,0037003700390063
2449,京元電子,349,67,282,國票-敦北法人,2023-08-07,0037003700390063
8016,矽創,266,3,263,國票-敦北法人,2023-08-07,0037003700390063
6239,力成,263,3,260,國票-敦北法人,2023-08-07,0037003700390063
3711,日月光投控,249,0,249,國票-敦北法人,2023-08-07,0037003700390063
2618,長榮航,951,718,233,國票-敦北法人,2023-08-07,0037003700390063
3231,緯創,468,249,219,國票-敦北法人,2023-08-07,0037003700390063
3596,智易,252,39,213,國票-敦北法人,2023-08-07,0037003700390063
9910,豐泰,156,3,153,國票-敦北法人,2023-08-07,0037003700390063
2383,台光電,197,53,144,國票-敦北法人,2023-08-07,0037003700390063
6189,豐藝,141,2,139,國票-敦北法人,2023-08-07,0037003700390063
6274,台燿,200,68,132,國票-敦北法人,2023-08-07,0037003700390063
00688L,國泰20年美債正2,250,125,125,國票-敦北法人,2023-08-07,0037003700390063
8103,瀚荃,120,0,120,國票-敦北法人,2023-08-07,0037003700390063
2332,友訊,117,2,115,國票-敦北法人,2023-08-07,0037003700390063
8050,廣積,109,7,102,國票-敦北法人,2023-08-07,0037003700390063
6121,新普,101,0,101,國票-敦北法人,2023-08-07,0037003700390063
4768,晶呈科技,100,0,100,國票-敦北法人,2023-08-07,0037003700390063
2454,聯發科,93,6,87,國票-敦北法人,2023-08-07,0037003700390063
5340,建榮,87,1,86,國票-敦北法人,2023-08-07,0037003700390063
6203,海韻電,112,26,86,國票-敦北法人,2023-08-07,0037003700390063
2882,國泰金,95,18,77,國票-敦北法人,2023-08-07,0037003700390063
6285,啟��,106,31,75,國票-敦北法人,2023-08-07,0037003700390063
3017,奇鋐,83,15,68,國票-敦北法人,2023-08-07,0037003700390063
2345,智邦,67,0,67,國票-敦北法人,2023-08-07,0037003700390063
3653,健策,69,5,64,國票-敦北法人,2023-08-07,0037003700390063
3706,神達,152,88,64,國票-敦北法人,2023-08-07,0037003700390063
2308,台達電,102,43,59,國票-敦北法人,2023-08-07,0037003700390063
2382,廣達,357,304,53,國票-敦北法人,2023-08-07,0037003700390063
8936,國統,77,27,50,國票-敦北法人,2023-08-07,0037003700390063
9921,巨大,48,0,48,國票-敦北法人,2023-08-07,0037003700390063
5009,榮剛,120,74,46,國票-敦北法人,2023-08-07,0037003700390063
3533,嘉澤,51,6,45,國票-敦北法人,2023-08-07,0037003700390063
00923,群益台ESG低碳50,44,0,44,國票-敦北法人,2023-08-07,0037003700390063
2891,中信金,43,0,43,國票-敦北法人,2023-08-07,0037003700390063
6488,環球晶,40,0,40,國票-敦北法人,2023-08-07,0037003700390063
3324,雙鴻,65,27,38,國票-敦北法人,2023-08-07,0037003700390063
2313,華通,48,12,36,國票-敦北法人,2023-08-07,0037003700390063
2002,中鋼,94,59,35,國票-敦北法人,2023-08-07,0037003700390063
3231,緯創,2016,1014,1002,國票-敦北法人,2023-08-08,0037003700390063
2301,光寶科,1218,234,984,國票-敦北法人,2023-08-08,0037003700390063
6274,台燿,469,164,305,國票-敦北法人,2023-08-08,0037003700390063
6202,盛群,293,0,293,國票-敦北法人,2023-08-08,0037003700390063
1101,台泥,366,88,278,國票-敦北法人,2023-08-08,0037003700390063
3704,合勤控,229,4,225,國票-敦北法人,2023-08-08,0037003700390063
1605,華新,267,60,207,國票-敦北法人,2023-08-08,0037003700390063
2610,華航,465,266,199,國票-敦北法人,2023-08-08,0037003700390063
1709,和益,189,0,189,國票-敦北法人,2023-08-08,0037003700390063
3017,奇鋐,249,86,163,國票-敦北法人,2023-08-08,0037003700390063
2206,三陽工業,233,81,152,國票-敦北法人,2023-08-08,0037003700390063
2449,京元電子,174,29,145,國票-敦北法人,2023-08-08,0037003700390063
3325,旭品,188,89,99,國票-敦北法人,2023-08-08,0037003700390063
2618,長榮航,116,18,98,國票-敦北法人,2023-08-08,0037003700390063
5904,寶雅,95,0,95,國票-敦北法人,2023-08-08,0037003700390063
6282,康舒,113,20,93,國票-敦北法人,2023-08-08,0037003700390063
6271,同欣電,86,0,86,國票-敦北法人,2023-08-08,0037003700390063
2368,金像電,103,22,81,國票-敦北法人,2023-08-08,0037003700390063
1565,精華,78,0,78,國票-敦北法人,2023-08-08,0037003700390063
1527,鑽全,75,0,75,國票-敦北法人,2023-08-08,0037003700390063
1569,濱川,64,0,64,國票-敦北法人,2023-08-08,0037003700390063
2376,技嘉,179,123,56,國票-敦北法人,2023-08-08,0037003700390063
8027,鈦昇,106,53,53,國票-敦北法人,2023-08-08,0037003700390063
1432,大魯閣,44,0,44,國票-敦北法人,2023-08-08,0037003700390063
00900,富邦特選高股息30,40,0,40,國票-敦北法人,2023-08-08,0037003700390063
6409,旭隼,40,0,40,國票-敦北法人,2023-08-08,0037003700390063
2059,川湖,72,34,38,國票-敦北法人,2023-08-08,0037003700390063
2303,聯電,294,263,31,國票-敦北法人,2023-08-08,0037003700390063
2382,廣達,809,779,30,國票-敦北法人,2023-08-08,0037003700390063
1305,華夏,53,23,30,國票-敦北法人,2023-08-08,0037003700390063
1537,廣隆,30,0,30,國票-敦北法人,2023-08-08,0037003700390063
2731,雄獅,40,14,26,國票-敦北法人,2023-08-08,0037003700390063
00923,群益台ESG低碳50,26,0,26,國票-敦北法人,2023-08-08,0037003700390063
2890,永豐金,23,0,23,國票-敦北法人,2023-08-08,0037003700390063
1609,大亞,55,33,22,國票-敦北法人,2023-08-08,0037003700390063
5864,致和證,21,0,21,國票-敦北法人,2023-08-08,0037003700390063
4979,華星光,20,0,20,國票-敦北法人,2023-08-08,0037003700390063
3078,僑威,115,95,20,國票-敦北法人,2023-08-08,0037003700390063
3323,加百裕,23,3,20,國票-敦北法人,2023-08-08,0037003700390063
2402,毅嘉,50,30,20,國票-敦北法人,2023-08-08,0037003700390063
6829,千附精密,20,0,20,國票-敦北法人,2023-08-08,0037003700390063
2329,華泰,24,6,18,國票-敦北法人,2023-08-08,0037003700390063
2357,華碩,25,7,18,國票-敦北法人,2023-08-08,0037003700390063
5434,崇越,18,0,18,國票-敦北法人,2023-08-08,0037003700390063
00929,復華台灣科技優息,17,0,17,國票-敦北法人,2023-08-08,0037003700390063
2352,佳世達,245,228,17,國票-敦北法人,2023-08-08,0037003700390063
3711,日月光投控,65,48,17,國票-敦北法人,2023-08-08,0037003700390063
3693,營邦,24,8,16,國票-敦北法人,2023-08-08,0037003700390063
8054,安國,15,0,15,國票-敦北法人,2023-08-08,0037003700390063
4702,中美實,15,0,15,國票-敦北法人,2023-08-08,0037003700390063
6282,康舒,1081,75,1006,國票-敦北法人,2023-08-09,0037003700390063
2368,金像電,744,19,725,國票-敦北法人,2023-08-09,0037003700390063
3702,大聯大,676,4,672,國票-敦北法人,2023-08-09,0037003700390063
00673R,期元大S＆P原油反1,330,0,330,國票-敦北法人,2023-08-09,0037003700390063
00892,富邦台灣半導體,300,0,300,國票-敦北法人,2023-08-09,0037003700390063
6202,盛群,297,0,297,國票-敦北法人,2023-08-09,0037003700390063
6274,台燿,349,87,262,國票-敦北法人,2023-08-09,0037003700390063
00891,中信關鍵半導體,250,0,250,國票-敦北法人,2023-08-09,0037003700390063
6239,力成,269,22,247,國票-敦北法人,2023-08-09,0037003700390063
6569,醫揚,246,0,246,國票-敦北法人,2023-08-09,0037003700390063
1709,和益,195,0,195,國票-敦北法人,2023-08-09,0037003700390063
5483,中美晶,232,49,183,國票-敦北法人,2023-08-09,0037003700390063
3483,力致,170,1,169,國票-敦北法人,2023-08-09,0037003700390063
6189,豐藝,166,0,166,國票-敦北法人,2023-08-09,0037003700390063
2383,台光電,229,65,164,國票-敦北法人,2023-08-09,0037003700390063
3587,閎康,152,2,150,國票-敦北法人,2023-08-09,0037003700390063
00900,富邦特選高股息30,135,0,135,國票-敦北法人,2023-08-09,0037003700390063
2017,官田鋼,130,0,130,國票-敦北法人,2023-08-09,0037003700390063
6451,訊芯-KY,104,1,103,國票-敦北法人,2023-08-09,0037003700390063
2303,聯電,231,129,102,國票-敦北法人,2023-08-09,0037003700390063
2408,南亞科,105,5,100,國票-敦北法人,2023-08-09,0037003700390063
6271,同欣電,101,3,98,國票-敦北法人,2023-08-09,0037003700390063
2363,矽統,262,174,88,國票-敦北法人,2023-08-09,0037003700390063
1565,精華,79,0,79,國票-敦北法人,2023-08-09,0037003700390063
1527,鑽全,76,0,76,國票-敦北法人,2023-08-09,0037003700390063
1464,得力,78,4,74,國票-敦北法人,2023-08-09,0037003700390063
1569,濱川,65,0,65,國票-敦北法人,2023-08-09,0037003700390063
1802,台玻,270,208,62,國票-敦北法人,2023-08-09,0037003700390063
2603,長榮,138,78,60,國票-敦北法人,2023-08-09,0037003700390063
3032,偉訓,62,6,56,國票-敦北法人,2023-08-09,0037003700390063
3325,旭品,105,52,53,國票-敦北法人,2023-08-09,0037003700390063
1795,美時,87,41,46,國票-敦北法人,2023-08-09,0037003700390063
00931B,統一美債20年,42,0,42,國票-敦北法人,2023-08-09,0037003700390063
1304,台聚,40,0,40,國票-敦北法人,2023-08-09,0037003700390063
9910,豐泰,43,5,38,國票-敦北法人,2023-08-09,0037003700390063
00929,復華台灣科技優息,37,0,37,國票-敦北法人,2023-08-09,0037003700390063
00885,富邦越南,50,17,33,國票-敦北法人,2023-08-09,0037003700390063
2376,技嘉,149,117,32,國票-敦北法人,2023-08-09,0037003700390063
1537,廣隆,30,0,30,國票-敦北法人,2023-08-09,0037003700390063
3044,健鼎,119,91,28,國票-敦北法人,2023-08-09,0037003700390063
6531,愛普*,72,45,27,國票-敦北法人,2023-08-09,0037003700390063
2382,廣達,254,229,25,國票-敦北法人,2023-08-09,0037003700390063
3260,威剛,59,34,25,國票-敦北法人,2023-08-09,0037003700390063
3481,群創,576,553,23,國票-敦北法人,2023-08-09,0037003700390063
3596,智易,50,27,23,國票-敦北法人,2023-08-09,0037003700390063
1781,合世,23,0,23,國票-敦北法人,2023-08-09,0037003700390063
6244,茂迪,25,3,22,國票-敦北法人,2023-08-09,0037003700390063
3035,智原,23,2,21,國票-敦北法人,2023-08-09,0037003700390063
4702,中美實,20,0,20,國票-敦北法人,2023-08-09,0037003700390063
3055,蔚華科,22,2,20,國票-敦北法人,2023-08-09,0037003700390063
2888,新光金,4304,1856,2448,國票-敦北法人,2023-08-10,0037003700390063
2610,華航,1247,494,753,國票-敦北法人,2023-08-10,0037003700390063
1513,中興電,716,78,638,國票-敦北法人,2023-08-10,0037003700390063
2881,富邦金,546,13,533,國票-敦北法人,2023-08-10,0037003700390063
3036,文曄,469,0,469,國票-敦北法人,2023-08-10,0037003700390063
00892,富邦台灣半導體,300,0,300,國票-敦北法人,2023-08-10,0037003700390063
2368,金像電,299,17,282,國票-敦北法人,2023-08-10,0037003700390063
6274,台燿,346,95,251,國票-敦北法人,2023-08-10,0037003700390063
00688L,國泰20年美債正2,250,0,250,國票-敦北法人,2023-08-10,0037003700390063
1709,和益,201,0,201,國票-敦北法人,2023-08-10,0037003700390063
6189,豐藝,177,0,177,國票-敦北法人,2023-08-10,0037003700390063
2382,廣達,282,105,177,國票-敦北法人,2023-08-10,0037003700390063
2383,台光電,231,67,164,國票-敦北法人,2023-08-10,0037003700390063
1519,華城,222,71,151,國票-敦北法人,2023-08-10,0037003700390063
8150,南茂,132,7,125,國票-敦北法人,2023-08-10,0037003700390063
1305,華夏,133,13,120,國票-敦北法人,2023-08-10,0037003700390063
1802,台玻,170,58,112,國票-敦北法人,2023-08-10,0037003700390063
2388,威盛,166,66,100,國票-敦北法人,2023-08-10,0037003700390063
00878,國泰永續高股息,137,44,93,國票-敦北法人,2023-08-10,0037003700390063
1464,得力,77,0,77,國票-敦北法人,2023-08-10,0037003700390063
1527,鑽全,76,0,76,國票-敦北法人,2023-08-10,0037003700390063
6271,同欣電,75,3,72,國票-敦北法人,2023-08-10,0037003700390063
1569,濱川,65,0,65,國票-敦北法人,2023-08-10,0037003700390063
6239,力成,76,15,61,國票-敦北法人,2023-08-10,0037003700390063
2395,研華,52,0,52,國票-敦北法人,2023-08-10,0037003700390063
8422,可寧衛,50,0,50,國票-敦北法人,2023-08-10,0037003700390063
6569,醫揚,53,3,50,國票-敦北法人,2023-08-10,0037003700390063
3056,富華新,82,32,50,國票-敦北法人,2023-08-10,0037003700390063
5483,中美晶,60,18,42,國票-敦北法人,2023-08-10,0037003700390063
2330,台積電,50,14,36,國票-敦北法人,2023-08-10,0037003700390063
2371,大同,74,39,35,國票-敦北法人,2023-08-10,0037003700390063
5009,榮剛,131,97,34,國票-敦北法人,2023-08-10,0037003700390063
00900,富邦特選高股息30,32,0,32,國票-敦北法人,2023-08-10,0037003700390063
1537,廣隆,31,0,31,國票-敦北法人,2023-08-10,0037003700390063
0056,元大高股息,36,5,31,國票-敦北法人,2023-08-10,0037003700390063
2376,技嘉,35,5,30,國票-敦北法人,2023-08-10,0037003700390063
3047,訊舟,45,15,30,國票-敦北法人,2023-08-10,0037003700390063
2887F,台新戊特二,27,0,27,國票-敦北法人,2023-08-10,0037003700390063
8069,元太,58,37,21,國票-敦北法人,2023-08-10,0037003700390063
2618,長榮航,598,577,21,國票-敦北法人,2023-08-10,0037003700390063
5347,世界,38,18,20,國票-敦北法人,2023-08-10,0037003700390063
3290,東浦,20,0,20,國票-敦北法人,2023-08-10,0037003700390063
2013,中鋼構,20,0,20,國票-敦北法人,2023-08-10,0037003700390063
2402,毅嘉,153,133,20,國票-敦北法人,2023-08-10,0037003700390063
2323,中環,189,170,19,國票-敦北法人,2023-08-10,0037003700390063
1609,大亞,160,141,19,國票-敦北法人,2023-08-10,0037003700390063
2313,華通,81,63,18,國票-敦北法人,2023-08-10,0037003700390063
1781,合世,18,0,18,國票-敦北法人,2023-08-10,0037003700390063
3217,優群,28,10,18,國票-敦北法人,2023-08-10,0037003700390063
4927,泰鼎-KY,18,0,18,國票-敦北法人,2023-08-10,0037003700390063
2890,永豐金,1882,0,1882,國票-敦北法人,2023-08-11,0037003700390063
2891,中信金,1833,229,1604,國票-敦北法人,2023-08-11,0037003700390063
2886,兆豐金,1020,0,1020,國票-敦北法人,2023-08-11,0037003700390063
3036,文曄,480,0,480,國票-敦北法人,2023-08-11,0037003700390063
00688L,國泰20年美債正2,450,0,450,國票-敦北法人,2023-08-11,0037003700390063
6271,同欣電,375,16,359,國票-敦北法人,2023-08-11,0037003700390063
2618,長榮航,695,379,316,國票-敦北法人,2023-08-11,0037003700390063
3231,緯創,692,434,258,國票-敦北法人,2023-08-11,0037003700390063
00632R,元大台灣50反1,296,40,256,國票-敦北法人,2023-08-11,0037003700390063
00673R,期元大S＆P原油反1,220,0,220,國票-敦北法人,2023-08-11,0037003700390063
1709,和益,211,0,211,國票-敦北法人,2023-08-11,0037003700390063
2474,可成,222,14,208,國票-敦北法人,2023-08-11,0037003700390063
2357,華碩,208,8,200,國票-敦北法人,2023-08-11,0037003700390063
2368,金像電,224,29,195,國票-敦北法人,2023-08-11,0037003700390063
2376,技嘉,179,15,164,國票-敦北法人,2023-08-11,0037003700390063
1605,華新,210,47,163,國票-敦北法人,2023-08-11,0037003700390063
1476,儒鴻,108,1,107,國票-敦北法人,2023-08-11,0037003700390063
1909,榮成,121,21,100,國票-敦北法人,2023-08-11,0037003700390063
4919,新唐,101,4,97,國票-敦北法人,2023-08-11,0037003700390063
8155,博智,102,12,90,國票-敦北法人,2023-08-11,0037003700390063
1527,鑽全,77,0,77,國票-敦北法人,2023-08-11,0037003700390063
3131,弘塑,79,3,76,國票-敦北法人,2023-08-11,0037003700390063
1464,得力,75,0,75,國票-敦北法人,2023-08-11,0037003700390063
1569,濱川,71,0,71,國票-敦北法人,2023-08-11,0037003700390063
1432,大魯閣,66,0,66,國票-敦北法人,2023-08-11,0037003700390063
2317,鴻海,63,0,63,國票-敦北法人,2023-08-11,0037003700390063
3078,僑威,58,6,52,國票-敦北法人,2023-08-11,0037003700390063
3047,訊舟,56,6,50,國票-敦北法人,2023-08-11,0037003700390063
4114,健喬,67,17,50,國票-敦北法人,2023-08-11,0037003700390063
2228,劍麟,40,0,40,國票-敦北法人,2023-08-11,0037003700390063
5864,致和證,47,7,40,國票-敦北法人,2023-08-11,0037003700390063
1537,廣隆,31,0,31,國票-敦北法人,2023-08-11,0037003700390063
2887F,台新戊特二,30,0,30,國票-敦北法人,2023-08-11,0037003700390063
6235,華孚,88,59,29,國票-敦北法人,2023-08-11,0037003700390063
1313,聯成,30,1,29,國票-敦北法人,2023-08-11,0037003700390063
2892,第一金,32,6,26,國票-敦北法人,2023-08-11,0037003700390063
8027,鈦昇,35,10,25,國票-敦北法人,2023-08-11,0037003700390063
9105,泰金寶-DR,25,0,25,國票-敦北法人,2023-08-11,0037003700390063
00878,國泰永續高股息,24,0,24,國票-敦北法人,2023-08-11,0037003700390063
3035,智原,54,30,24,國票-敦北法人,2023-08-11,0037003700390063
3044,健鼎,86,63,23,國票-敦北法人,2023-08-11,0037003700390063
1609,大亞,108,87,21,國票-敦北法人,2023-08-11,0037003700390063
3055,蔚華科,23,2,21,國票-敦北法人,2023-08-11,0037003700390063
2013,中鋼構,20,0,20,國票-敦北法人,2023-08-11,0037003700390063
3290,東浦,20,0,20,國票-敦北法人,2023-08-11,0037003700390063
1781,合世,20,0,20,國票-敦北法人,2023-08-11,0037003700390063
3021,鴻名,20,0,20,國票-敦北法人,2023-08-11,0037003700390063
8422,可寧衛,18,0,18,國票-敦北法人,2023-08-11,0037003700390063
8299,群聯,31,14,17,國票-敦北法人,2023-08-11,0037003700390063
2383,台光電,57,40,17,國票-敦北法人,2023-08-11,0037003700390063
3231,緯創,1700,756,944,國票-敦北法人,2023-08-14,0037003700390063
3036,文曄,496,0,496,國票-敦北法人,2023-08-14,0037003700390063
6271,同欣電,476,18,458,國票-敦北法人,2023-08-14,0037003700390063
2382,廣達,1049,696,353,國票-敦北法人,2023-08-14,0037003700390063
6282,康舒,397,92,305,國票-敦北法人,2023-08-14,0037003700390063
00892,富邦台灣半導體,300,0,300,國票-敦北法人,2023-08-14,0037003700390063
00891,中信關鍵半導體,250,0,250,國票-敦北法人,2023-08-14,0037003700390063
1709,和益,221,0,221,國票-敦北法人,2023-08-14,0037003700390063
1108,幸福,139,0,139,國票-敦北法人,2023-08-14,0037003700390063
1605,華新,125,8,117,國票-敦北法人,2023-08-14,0037003700390063
3035,智原,124,14,110,國票-敦北法人,2023-08-14,0037003700390063
00929,復華台灣科技優息,106,0,106,國票-敦北法人,2023-08-14,0037003700390063
00878,國泰永續高股息,103,2,101,國票-敦北法人,2023-08-14,0037003700390063
2103,台橡,100,3,97,國票-敦北法人,2023-08-14,0037003700390063
2887F,台新戊特二,87,0,87,國票-敦北法人,2023-08-14,0037003700390063
1565,精華,82,0,82,國票-敦北法人,2023-08-14,0037003700390063
1527,鑽全,78,0,78,國票-敦北法人,2023-08-14,0037003700390063
1569,濱川,73,0,73,國票-敦北法人,2023-08-14,0037003700390063
1464,得力,76,4,72,國票-敦北法人,2023-08-14,0037003700390063
3005,神基,83,20,63,國票-敦北法人,2023-08-14,0037003700390063
3483,力致,76,14,62,國票-敦北法人,2023-08-14,0037003700390063
2637,慧洋-KY,71,20,51,國票-敦北法人,2023-08-14,0037003700390063
2357,華碩,77,29,48,國票-敦北法人,2023-08-14,0037003700390063
2610,華航,568,527,41,國票-敦北法人,2023-08-14,0037003700390063
9945,潤泰新,71,30,41,國票-敦北法人,2023-08-14,0037003700390063
1905,華紙,37,0,37,國票-敦北法人,2023-08-14,0037003700390063
2330,台積電,56,20,36,國票-敦北法人,2023-08-14,0037003700390063
4702,中美實,35,0,35,國票-敦北法人,2023-08-14,0037003700390063
2301,光寶科,37,3,34,國票-敦北法人,2023-08-14,0037003700390063
00637L,元大滬深300正2,47,13,34,國票-敦北法人,2023-08-14,0037003700390063
1537,廣隆,33,0,33,國票-敦北法人,2023-08-14,0037003700390063
2442,新美齊,30,0,30,國票-敦北法人,2023-08-14,0037003700390063
9105,泰金寶-DR,30,0,30,國票-敦北法人,2023-08-14,0037003700390063
6542,隆中,30,0,30,國票-敦北法人,2023-08-14,0037003700390063
2723,美食-KY,27,0,27,國票-敦北法人,2023-08-14,0037003700390063
6125,廣運,82,56,26,國票-敦北法人,2023-08-14,0037003700390063
00687B,國泰20年美債,25,0,25,國票-敦北法人,2023-08-14,0037003700390063
2383,台光電,35,13,22,國票-敦北法人,2023-08-14,0037003700390063
6664,群翊,21,0,21,國票-敦北法人,2023-08-14,0037003700390063
5880,合庫金,21,0,21,國票-敦北法人,2023-08-14,0037003700390063
2317,鴻海,115,95,20,國票-敦北法人,2023-08-14,0037003700390063
6414,樺漢,21,1,20,國票-敦北法人,2023-08-14,0037003700390063
2801,彰銀,20,0,20,國票-敦北法人,2023-08-14,0037003700390063
2892,第一金,19,0,19,國票-敦北法人,2023-08-14,0037003700390063
3013,晟銘電,21,6,15,國票-敦北法人,2023-08-14,0037003700390063
1101,台泥,151,137,14,國票-敦北法人,2023-08-14,0037003700390063
2030,彰源,14,0,14,國票-敦北法人,2023-08-14,0037003700390063
00919,群益台灣精選高息,13,0,13,國票-敦北法人,2023-08-14,0037003700390063
2731,雄獅,31,18,13,國票-敦北法人,2023-08-14,0037003700390063
2002,中鋼,171,159,12,國票-敦北法人,2023-08-14,0037003700390063
2449,京元電子,1191,0,1191,國票-敦北法人,2023-08-15,0037003700390063
2337,旺宏,430,17,413,國票-敦北法人,2023-08-15,0037003700390063
8112,至上,350,3,347,國票-敦北法人,2023-08-15,0037003700390063
2303,聯電,385,60,325,國票-敦北法人,2023-08-15,0037003700390063
00688L,國泰20年美債正2,300,0,300,國票-敦北法人,2023-08-15,0037003700390063
6147,頎邦,298,2,296,國票-敦北法人,2023-08-15,0037003700390063
6182,合晶,271,4,267,國票-敦北法人,2023-08-15,0037003700390063
2347,聯強,266,1,265,國票-敦北法人,2023-08-15,0037003700390063
2313,華通,289,27,262,國票-敦北法人,2023-08-15,0037003700390063
3264,欣銓,259,4,255,國票-敦北法人,2023-08-15,0037003700390063
5469,瀚宇博,248,2,246,國票-敦北法人,2023-08-15,0037003700390063
4915,致伸,241,0,241,國票-敦北法人,2023-08-15,0037003700390063
1709,和益,233,0,233,國票-敦北法人,2023-08-15,0037003700390063
8050,廣積,283,50,233,國票-敦北法人,2023-08-15,0037003700390063
6191,精成科,221,3,218,國票-敦北法人,2023-08-15,0037003700390063
2887,台新金,313,107,206,國票-敦北法人,2023-08-15,0037003700390063
6285,啟��,232,42,190,國票-敦北法人,2023-08-15,0037003700390063
9939,宏全,183,0,183,國票-敦北法人,2023-08-15,0037003700390063
4938,和碩,188,12,176,國票-敦北法人,2023-08-15,0037003700390063
6176,瑞儀,186,13,173,國票-敦北法人,2023-08-15,0037003700390063
3044,健鼎,205,34,171,國票-敦北法人,2023-08-15,0037003700390063
2301,光寶科,227,60,167,國票-敦北法人,2023-08-15,0037003700390063
9910,豐泰,361,204,157,國票-敦北法人,2023-08-15,0037003700390063
5371,中光電,152,0,152,國票-敦北法人,2023-08-15,0037003700390063
2421,建準,155,12,143,國票-敦北法人,2023-08-15,0037003700390063
3711,日月光投控,189,49,140,國票-敦北法人,2023-08-15,0037003700390063
2376,技嘉,182,45,137,國票-敦北法人,2023-08-15,0037003700390063
3715,定穎投控,142,10,132,國票-敦北法人,2023-08-15,0037003700390063
4958,臻鼎-KY,141,16,125,國票-敦北法人,2023-08-15,0037003700390063
6235,華孚,143,19,124,國票-敦北法人,2023-08-15,0037003700390063
4919,新唐,129,14,115,國票-敦北法人,2023-08-15,0037003700390063
3231,緯創,595,487,108,國票-敦北法人,2023-08-15,0037003700390063
2382,廣達,330,223,107,國票-敦北法人,2023-08-15,0037003700390063
6274,台燿,127,27,100,國票-敦北法人,2023-08-15,0037003700390063
2383,台光電,136,39,97,國票-敦北法人,2023-08-15,0037003700390063
3596,智易,96,11,85,國票-敦北法人,2023-08-15,0037003700390063
3005,神基,165,81,84,國票-敦北法人,2023-08-15,0037003700390063
1527,鑽全,79,0,79,國票-敦北法人,2023-08-15,0037003700390063
1569,濱川,76,0,76,國票-敦北法人,2023-08-15,0037003700390063
1464,得力,75,0,75,國票-敦北法人,2023-08-15,0037003700390063
3014,聯陽,78,7,71,國票-敦北法人,2023-08-15,0037003700390063
8069,元太,116,49,67,國票-敦北法人,2023-08-15,0037003700390063
2474,可成,68,2,66,國票-敦北法人,2023-08-15,0037003700390063
6669,緯穎,67,5,62,國票-敦北法人,2023-08-15,0037003700390063
6811,宏�硌穈T,67,7,60,國票-敦北法人,2023-08-15,0037003700390063
3034,聯詠,64,10,54,國票-敦北法人,2023-08-15,0037003700390063
5347,世界,61,11,50,國票-敦北法人,2023-08-15,0037003700390063
3035,智原,135,89,46,國票-敦北法人,2023-08-15,0037003700390063
2912,統一超,46,0,46,國票-敦北法人,2023-08-15,0037003700390063
3043,科風,45,0,45,國票-敦北法人,2023-08-15,0037003700390063
2356,英業達,2035,53,1982,國票-敦北法人,2023-08-16,0037003700390063
2449,京元電子,475,7,468,國票-敦北法人,2023-08-16,0037003700390063
2303,聯電,695,248,447,國票-敦北法人,2023-08-16,0037003700390063
2421,建準,497,104,393,國票-敦北法人,2023-08-16,0037003700390063
2382,廣達,843,477,366,國票-敦北法人,2023-08-16,0037003700390063
1709,和益,237,0,237,國票-敦北法人,2023-08-16,0037003700390063
3163,波若威,245,66,179,國票-敦北法人,2023-08-16,0037003700390063
1802,台玻,268,124,144,國票-敦北法人,2023-08-16,0037003700390063
6271,同欣電,153,9,144,國票-敦北法人,2023-08-16,0037003700390063
8027,鈦昇,152,12,140,國票-敦北法人,2023-08-16,0037003700390063
3711,日月光投控,177,73,104,國票-敦北法人,2023-08-16,0037003700390063
2354,鴻準,119,17,102,國票-敦北法人,2023-08-16,0037003700390063
2103,台橡,100,0,100,國票-敦北法人,2023-08-16,0037003700390063
2105,正新,100,0,100,國票-敦北法人,2023-08-16,0037003700390063
6829,千附精密,100,0,100,國票-敦北法人,2023-08-16,0037003700390063
6811,宏�硌穈T,100,1,99,國票-敦北法人,2023-08-16,0037003700390063
1108,幸福,96,0,96,國票-敦北法人,2023-08-16,0037003700390063
3131,弘塑,96,1,95,國票-敦北法人,2023-08-16,0037003700390063
2317,鴻海,175,91,84,國票-敦北法人,2023-08-16,0037003700390063
3231,緯創,749,667,82,國票-敦北法人,2023-08-16,0037003700390063
6282,康舒,319,241,78,國票-敦北法人,2023-08-16,0037003700390063
1527,鑽全,78,0,78,國票-敦北法人,2023-08-16,0037003700390063
6261,久元,77,0,77,國票-敦北法人,2023-08-16,0037003700390063
1605,華新,103,26,77,國票-敦北法人,2023-08-16,0037003700390063
3078,僑威,101,26,75,國票-敦北法人,2023-08-16,0037003700390063
00891,中信關鍵半導體,73,0,73,國票-敦北法人,2023-08-16,0037003700390063
1464,得力,73,0,73,國票-敦北法人,2023-08-16,0037003700390063
2330,台積電,81,11,70,國票-敦北法人,2023-08-16,0037003700390063
3689,湧德,63,6,57,國票-敦北法人,2023-08-16,0037003700390063
2377,微星,62,12,50,國票-敦北法人,2023-08-16,0037003700390063
2363,矽統,260,216,44,國票-敦北法人,2023-08-16,0037003700390063
6179,亞通,42,0,42,國票-敦北法人,2023-08-16,0037003700390063
6569,醫揚,41,0,41,國票-敦北法人,2023-08-16,0037003700390063
00772B,中信高評級公司債,48,7,41,國票-敦北法人,2023-08-16,0037003700390063
8069,元太,92,55,37,國票-敦北法人,2023-08-16,0037003700390063
3324,雙鴻,40,3,37,國票-敦北法人,2023-08-16,0037003700390063
1537,廣隆,35,0,35,國票-敦北法人,2023-08-16,0037003700390063
3481,群創,94,65,29,國票-敦北法人,2023-08-16,0037003700390063
3043,科風,68,41,27,國票-敦北法人,2023-08-16,0037003700390063
00712,復華富時不動產,26,0,26,國票-敦北法人,2023-08-16,0037003700390063
1477,聚陽,126,101,25,國票-敦北法人,2023-08-16,0037003700390063
2376,技嘉,150,125,25,國票-敦北法人,2023-08-16,0037003700390063
4128,中天,24,0,24,國票-敦北法人,2023-08-16,0037003700390063
3715,定穎投控,55,31,24,國票-敦北法人,2023-08-16,0037003700390063
2723,美食-KY,24,0,24,國票-敦北法人,2023-08-16,0037003700390063
2884,玉山金,50,28,22,國票-敦北法人,2023-08-16,0037003700390063
2228,劍麟,22,0,22,國票-敦北法人,2023-08-16,0037003700390063
9939,宏全,20,0,20,國票-敦北法人,2023-08-16,0037003700390063
2731,雄獅,27,8,19,國票-敦北法人,2023-08-16,0037003700390063
00929,復華台灣科技優息,17,0,17,國票-敦北法人,2023-08-16,0037003700390063
2324,仁寶,1740,332,1408,國票-敦北法人,2023-08-17,0037003700390063
3715,定穎投控,1529,146,1383,國票-敦北法人,2023-08-17,0037003700390063
4904,遠傳,768,0,768,國票-敦北法人,2023-08-17,0037003700390063
2891,中信金,792,120,672,國票-敦北法人,2023-08-17,0037003700390063
1319,東陽,621,32,589,國票-敦北法人,2023-08-17,0037003700390063
4746,台耀,407,5,402,國票-敦北法人,2023-08-17,0037003700390063
6282,康舒,412,37,375,國票-敦北法人,2023-08-17,0037003700390063
2363,矽統,463,121,342,國票-敦北法人,2023-08-17,0037003700390063
3035,智原,356,89,267,國票-敦北法人,2023-08-17,0037003700390063
2383,台光電,282,43,239,國票-敦北法人,2023-08-17,0037003700390063
1709,和益,239,0,239,國票-敦北法人,2023-08-17,0037003700390063
5340,建榮,352,130,222,國票-敦北法人,2023-08-17,0037003700390063
3231,緯創,1589,1398,191,國票-敦北法人,2023-08-17,0037003700390063
3324,雙鴻,162,7,155,國票-敦北法人,2023-08-17,0037003700390063
6669,緯穎,142,4,138,國票-敦北法人,2023-08-17,0037003700390063
5534,長虹,113,0,113,國票-敦北法人,2023-08-17,0037003700390063
2368,金像電,235,126,109,國票-敦北法人,2023-08-17,0037003700390063
5876,上海商銀,100,5,95,國票-敦北法人,2023-08-17,0037003700390063
1527,鑽全,79,0,79,國票-敦北法人,2023-08-17,0037003700390063
6261,久元,79,0,79,國票-敦北法人,2023-08-17,0037003700390063
3483,力致,166,89,77,國票-敦北法人,2023-08-17,0037003700390063
6271,同欣電,76,0,76,國票-敦北法人,2023-08-17,0037003700390063
1464,得力,72,0,72,國票-敦北法人,2023-08-17,0037003700390063
6806,森崴能源,72,1,71,國票-敦北法人,2023-08-17,0037003700390063
00637L,元大滬深300正2,66,6,60,國票-敦北法人,2023-08-17,0037003700390063
2637,慧洋-KY,63,4,59,國票-敦北法人,2023-08-17,0037003700390063
3014,聯陽,50,0,50,國票-敦北法人,2023-08-17,0037003700390063
3017,奇鋐,66,16,50,國票-敦北法人,2023-08-17,0037003700390063
2301,光寶科,97,50,47,國票-敦北法人,2023-08-17,0037003700390063
00720B,元大投資級公司債,45,0,45,國票-敦北法人,2023-08-17,0037003700390063
2421,建準,171,127,44,國票-敦北法人,2023-08-17,0037003700390063
1537,廣隆,36,0,36,國票-敦北法人,2023-08-17,0037003700390063
6757,台灣虎航,35,0,35,國票-敦北法人,2023-08-17,0037003700390063
2376,技嘉,75,40,35,國票-敦北法人,2023-08-17,0037003700390063
3056,富華新,44,12,32,國票-敦北法人,2023-08-17,0037003700390063
2329,華泰,182,151,31,國票-敦北法人,2023-08-17,0037003700390063
3306,鼎天,76,45,31,國票-敦北法人,2023-08-17,0037003700390063
6515,穎崴,30,0,30,國票-敦北法人,2023-08-17,0037003700390063
3533,嘉澤,30,1,29,國票-敦北法人,2023-08-17,0037003700390063
3044,健鼎,93,65,28,國票-敦北法人,2023-08-17,0037003700390063
3078,僑威,88,62,26,國票-敦北法人,2023-08-17,0037003700390063
3362,先進光,34,13,21,國票-敦北法人,2023-08-17,0037003700390063
6274,台燿,46,25,21,國票-敦北法人,2023-08-17,0037003700390063
3706,神達,104,83,21,國票-敦北法人,2023-08-17,0037003700390063
6196,帆宣,20,0,20,國票-敦北法人,2023-08-17,0037003700390063
5210,寶碩,20,0,20,國票-敦北法人,2023-08-17,0037003700390063
2002,中鋼,157,139,18,國票-敦北法人,2023-08-17,0037003700390063
4533,協易機,30,15,15,國票-敦北法人,2023-08-17,0037003700390063
3583,辛耘,31,16,15,國票-敦北法人,2023-08-17,0037003700390063
5388,中磊,45,32,13,國票-敦北法人,2023-08-17,0037003700390063
3715,定穎投控,2224,175,2049,國票-敦北法人,2023-08-18,0037003700390063
2408,南亞科,1005,4,1001,國票-敦北法人,2023-08-18,0037003700390063
1409,新纖,431,2,429,國票-敦北法人,2023-08-18,0037003700390063
2441,超豐,427,0,427,國票-敦北法人,2023-08-18,0037003700390063
1709,和益,242,0,242,國票-敦北法人,2023-08-18,0037003700390063
6282,康舒,261,64,197,國票-敦北法人,2023-08-18,0037003700390063
5289,宜鼎,190,0,190,國票-敦北法人,2023-08-18,0037003700390063
3312,弘憶股,152,0,152,國票-敦北法人,2023-08-18,0037003700390063
5234,達興材料,182,50,132,國票-敦北法人,2023-08-18,0037003700390063
5534,長虹,123,0,123,國票-敦北法人,2023-08-18,0037003700390063
3653,健策,116,1,115,國票-敦北法人,2023-08-18,0037003700390063
2324,仁寶,513,401,112,國票-敦北法人,2023-08-18,0037003700390063
00878,國泰永續高股息,143,34,109,國票-敦北法人,2023-08-18,0037003700390063
6472,保瑞,125,25,100,國票-敦北法人,2023-08-18,0037003700390063
3483,力致,146,49,97,國票-敦北法人,2023-08-18,0037003700390063
1569,濱川,92,0,92,國票-敦北法人,2023-08-18,0037003700390063
3324,雙鴻,102,10,92,國票-敦北法人,2023-08-18,0037003700390063
1464,得力,84,2,82,國票-敦北法人,2023-08-18,0037003700390063
00688L,國泰20年美債正2,550,470,80,國票-敦北法人,2023-08-18,0037003700390063
6271,同欣電,84,4,80,國票-敦北法人,2023-08-18,0037003700390063
1527,鑽全,79,0,79,國票-敦北法人,2023-08-18,0037003700390063
6261,久元,75,0,75,國票-敦北法人,2023-08-18,0037003700390063
2905,三商,74,0,74,國票-敦北法人,2023-08-18,0037003700390063
1605,華新,135,67,68,國票-敦北法人,2023-08-18,0037003700390063
3014,聯陽,103,38,65,國票-敦北法人,2023-08-18,0037003700390063
8069,元太,125,63,62,國票-敦北法人,2023-08-18,0037003700390063
2606,裕民,73,12,61,國票-敦北法人,2023-08-18,0037003700390063
2376,技嘉,104,51,53,國票-敦北法人,2023-08-18,0037003700390063
00881,國泰台灣5G+,51,0,51,國票-敦北法人,2023-08-18,0037003700390063
2228,劍麟,50,0,50,國票-敦北法人,2023-08-18,0037003700390063
9910,豐泰,58,8,50,國票-敦北法人,2023-08-18,0037003700390063
2338,光罩,55,6,49,國票-敦北法人,2023-08-18,0037003700390063
2887,台新金,122,73,49,國票-敦北法人,2023-08-18,0037003700390063
0056,元大高股息,44,0,44,國票-敦北法人,2023-08-18,0037003700390063
1313,聯成,41,0,41,國票-敦北法人,2023-08-18,0037003700390063
00676R,富邦臺灣加權反1,40,0,40,國票-敦北法人,2023-08-18,0037003700390063
2610,華航,532,492,40,國票-敦北法人,2023-08-18,0037003700390063
1537,廣隆,36,0,36,國票-敦北法人,2023-08-18,0037003700390063
8210,勤誠,103,73,30,國票-敦北法人,2023-08-18,0037003700390063
6770,力積電,31,1,30,國票-敦北法人,2023-08-18,0037003700390063
1810,和成,30,0,30,國票-敦北法人,2023-08-18,0037003700390063
00929,復華台灣科技優息,27,0,27,國票-敦北法人,2023-08-18,0037003700390063
3533,嘉澤,54,27,27,國票-敦北法人,2023-08-18,0037003700390063
2371,大同,145,119,26,國票-敦北法人,2023-08-18,0037003700390063
6274,台燿,59,35,24,國票-敦北法人,2023-08-18,0037003700390063
1795,美時,41,17,24,國票-敦北法人,2023-08-18,0037003700390063
6806,森崴能源,24,0,24,國票-敦北法人,2023-08-18,0037003700390063
00712,復華富時不動產,20,0,20,國票-敦北法人,2023-08-18,0037003700390063
00753L,中信中國50正2,20,0,20,國票-敦北法人,2023-08-18,0037003700390063
2345,智邦,22,2,20,國票-敦北法人,2023-08-18,0037003700390063
2382,廣達,590,64,526,國票-敦北法人,2023-08-21,0037003700390063
6282,康舒,503,4,499,國票-敦北法人,2023-08-21,0037003700390063
2441,超豐,437,0,437,國票-敦北法人,2023-08-21,0037003700390063
1409,新纖,433,0,433,國票-敦北法人,2023-08-21,0037003700390063
8358,金居,329,23,306,國票-敦北法人,2023-08-21,0037003700390063
1709,和益,245,0,245,國票-敦北法人,2023-08-21,0037003700390063
2363,矽統,466,237,229,國票-敦北法人,2023-08-21,0037003700390063
3231,緯創,406,201,205,國票-敦北法人,2023-08-21,0037003700390063
3483,力致,267,64,203,國票-敦北法人,2023-08-21,0037003700390063
3312,弘憶股,159,0,159,國票-敦北法人,2023-08-21,0037003700390063
1737,臺鹽,158,0,158,國票-敦北法人,2023-08-21,0037003700390063
1476,儒鴻,139,0,139,國票-敦北法人,2023-08-21,0037003700390063
5534,長虹,125,0,125,國票-敦北法人,2023-08-21,0037003700390063
2402,毅嘉,130,10,120,國票-敦北法人,2023-08-21,0037003700390063
6117,迎廣,102,5,97,國票-敦北法人,2023-08-21,0037003700390063
6271,同欣電,83,0,83,國票-敦北法人,2023-08-21,0037003700390063
1527,鑽全,79,0,79,國票-敦北法人,2023-08-21,0037003700390063
6261,久元,75,0,75,國票-敦北法人,2023-08-21,0037003700390063
3163,波若威,99,24,75,國票-敦北法人,2023-08-21,0037003700390063
5469,瀚宇博,78,4,74,國票-敦北法人,2023-08-21,0037003700390063
1464,得力,72,0,72,國票-敦北法人,2023-08-21,0037003700390063
9951,皇田,60,0,60,國票-敦北法人,2023-08-21,0037003700390063
00712,復華富時不動產,54,1,53,國票-敦北法人,2023-08-21,0037003700390063
00895,富邦未來車,52,0,52,國票-敦北法人,2023-08-21,0037003700390063
3014,聯陽,59,8,51,國票-敦北法人,2023-08-21,0037003700390063
00637L,元大滬深300正2,56,6,50,國票-敦北法人,2023-08-21,0037003700390063
6125,廣運,54,7,47,國票-敦北法人,2023-08-21,0037003700390063
5274,信驊,45,1,44,國票-敦北法人,2023-08-21,0037003700390063
2905,三商,43,0,43,國票-敦北法人,2023-08-21,0037003700390063
3017,奇鋐,87,47,40,國票-敦北法人,2023-08-21,0037003700390063
3035,智原,156,118,38,國票-敦北法人,2023-08-21,0037003700390063
1537,廣隆,37,0,37,國票-敦北法人,2023-08-21,0037003700390063
2816,旺旺保,35,0,35,國票-敦北法人,2023-08-21,0037003700390063
2884,玉山金,45,11,34,國票-敦北法人,2023-08-21,0037003700390063
00885,富邦越南,32,0,32,國票-敦北法人,2023-08-21,0037003700390063
3044,健鼎,36,6,30,國票-敦北法人,2023-08-21,0037003700390063
2610,華航,395,368,27,國票-敦北法人,2023-08-21,0037003700390063
2345,智邦,26,3,23,國票-敦北法人,2023-08-21,0037003700390063
3308,聯德,49,27,22,國票-敦北法人,2023-08-21,0037003700390063
6470,宇智,20,0,20,國票-敦北法人,2023-08-21,0037003700390063
3078,僑威,48,28,20,國票-敦北法人,2023-08-21,0037003700390063
6005,群益證,20,0,20,國票-敦北法人,2023-08-21,0037003700390063
2388,威盛,38,19,19,國票-敦北法人,2023-08-21,0037003700390063
2344,華邦電,136,117,19,國票-敦北法人,2023-08-21,0037003700390063
3533,嘉澤,56,38,18,國票-敦北法人,2023-08-21,0037003700390063
3443,創意,43,26,17,國票-敦北法人,2023-08-21,0037003700390063
3034,聯詠,35,18,17,國票-敦北法人,2023-08-21,0037003700390063
2413,環科,15,0,15,國票-敦北法人,2023-08-21,0037003700390063
2317,鴻海,30,15,15,國票-敦北法人,2023-08-21,0037003700390063
6446,藥華藥,25,10,15,國票-敦北法人,2023-08-21,0037003700390063
6282,康舒,937,75,862,國票-敦北法人,2023-08-22,0037003700390063
2313,華通,726,50,676,國票-敦北法人,2023-08-22,0037003700390063
2337,旺宏,692,39,653,國票-敦北法人,2023-08-22,0037003700390063
5469,瀚宇博,695,61,634,國票-敦北法人,2023-08-22,0037003700390063
2353,宏��,561,15,546,國票-敦北法人,2023-08-22,0037003700390063
2352,佳世達,578,34,544,國票-敦北法人,2023-08-22,0037003700390063
6182,合晶,509,6,503,國票-敦北法人,2023-08-22,0037003700390063
2634,漢翔,582,80,502,國票-敦北法人,2023-08-22,0037003700390063
3702,大聯大,526,28,498,國票-敦北法人,2023-08-22,0037003700390063
6191,精成科,497,23,474,國票-敦北法人,2023-08-22,0037003700390063
1409,新纖,437,0,437,國票-敦北法人,2023-08-22,0037003700390063
5371,中光電,423,12,411,國票-敦北法人,2023-08-22,0037003700390063
2441,超豐,453,150,303,國票-敦北法人,2023-08-22,0037003700390063
3711,日月光投控,314,42,272,國票-敦北法人,2023-08-22,0037003700390063
6239,力成,277,9,268,國票-敦北法人,2023-08-22,0037003700390063
2385,群光,273,9,264,國票-敦北法人,2023-08-22,0037003700390063
1709,和益,254,0,254,國票-敦北法人,2023-08-22,0037003700390063
6176,瑞儀,262,13,249,國票-敦北法人,2023-08-22,0037003700390063
2382,廣達,463,242,221,國票-敦北法人,2023-08-22,0037003700390063
3312,弘憶股,162,0,162,國票-敦北法人,2023-08-22,0037003700390063
2330,台積電,164,4,160,國票-敦北法人,2023-08-22,0037003700390063
8016,矽創,150,0,150,國票-敦北法人,2023-08-22,0037003700390063
2301,光寶科,539,391,148,國票-敦北法人,2023-08-22,0037003700390063
1737,臺鹽,142,0,142,國票-敦北法人,2023-08-22,0037003700390063
8081,致新,134,0,134,國票-敦北法人,2023-08-22,0037003700390063
5534,長虹,130,0,130,國票-敦北法人,2023-08-22,0037003700390063
6271,同欣電,126,6,120,國票-敦北法人,2023-08-22,0037003700390063
1605,華新,249,138,111,國票-敦北法人,2023-08-22,0037003700390063
6121,新普,104,0,104,國票-敦北法人,2023-08-22,0037003700390063
8069,元太,132,33,99,國票-敦北法人,2023-08-22,0037003700390063
4979,華星光,227,129,98,國票-敦北法人,2023-08-22,0037003700390063
6414,樺漢,94,1,93,國票-敦北法人,2023-08-22,0037003700390063
2606,裕民,154,65,89,國票-敦北法人,2023-08-22,0037003700390063
2891,中信金,334,251,83,國票-敦北法人,2023-08-22,0037003700390063
1527,鑽全,80,0,80,國票-敦北法人,2023-08-22,0037003700390063
5876,上海商銀,79,0,79,國票-敦北法人,2023-08-22,0037003700390063
2421,建準,291,214,77,國票-敦北法人,2023-08-22,0037003700390063
3483,力致,142,65,77,國票-敦北法人,2023-08-22,0037003700390063
6261,久元,76,0,76,國票-敦北法人,2023-08-22,0037003700390063
1464,得力,73,0,73,國票-敦北法人,2023-08-22,0037003700390063
2332,友訊,143,74,69,國票-敦北法人,2023-08-22,0037003700390063
3306,鼎天,116,53,63,國票-敦北法人,2023-08-22,0037003700390063
2345,智邦,114,57,57,國票-敦北法人,2023-08-22,0037003700390063
3035,智原,160,104,56,國票-敦北法人,2023-08-22,0037003700390063
00637L,元大滬深300正2,62,12,50,國票-敦北法人,2023-08-22,0037003700390063
1537,廣隆,50,0,50,國票-敦北法人,2023-08-22,0037003700390063
2883,凱基金,41,0,41,國票-敦北法人,2023-08-22,0037003700390063
3017,奇鋐,96,57,39,國票-敦北法人,2023-08-22,0037003700390063
2383,台光電,69,30,39,國票-敦北法人,2023-08-22,0037003700390063
1303,南亞,36,0,36,國票-敦北法人,2023-08-22,0037003700390063
2363,矽統,1504,329,1175,國票-敦北法人,2023-08-23,0037003700390063
2883,凱基金,786,0,786,國票-敦北法人,2023-08-23,0037003700390063
1108,幸福,513,0,513,國票-敦北法人,2023-08-23,0037003700390063
6282,康舒,716,208,508,國票-敦北法人,2023-08-23,0037003700390063
9939,宏全,498,3,495,國票-敦北法人,2023-08-23,0037003700390063
1409,新纖,441,3,438,國票-敦北法人,2023-08-23,0037003700390063
2441,超豐,463,101,362,國票-敦北法人,2023-08-23,0037003700390063
2355,敬鵬,361,25,336,國票-敦北法人,2023-08-23,0037003700390063
2634,漢翔,373,49,324,國票-敦北法人,2023-08-23,0037003700390063
3052,夆典,300,0,300,國票-敦北法人,2023-08-23,0037003700390063
2368,金像電,333,54,279,國票-敦北法人,2023-08-23,0037003700390063
1709,和益,262,0,262,國票-敦北法人,2023-08-23,0037003700390063
1722,台肥,206,10,196,國票-敦北法人,2023-08-23,0037003700390063
3312,弘憶股,168,0,168,國票-敦北法人,2023-08-23,0037003700390063
3004,豐達科,163,0,163,國票-敦北法人,2023-08-23,0037003700390063
2345,智邦,143,11,132,國票-敦北法人,2023-08-23,0037003700390063
3715,定穎投控,161,52,109,國票-敦北法人,2023-08-23,0037003700390063
1477,聚陽,129,20,109,國票-敦北法人,2023-08-23,0037003700390063
2408,南亞科,117,17,100,國票-敦北法人,2023-08-23,0037003700390063
6261,久元,82,0,82,國票-敦北法人,2023-08-23,0037003700390063
1527,鑽全,81,0,81,國票-敦北法人,2023-08-23,0037003700390063
1513,中興電,129,49,80,國票-敦北法人,2023-08-23,0037003700390063
1464,得力,77,2,75,國票-敦北法人,2023-08-23,0037003700390063
2449,京元電子,95,31,64,國票-敦北法人,2023-08-23,0037003700390063
2630,亞航,87,27,60,國票-敦北法人,2023-08-23,0037003700390063
2357,華碩,92,36,56,國票-敦北法人,2023-08-23,0037003700390063
2382,廣達,612,557,55,國票-敦北法人,2023-08-23,0037003700390063
6271,同欣電,53,4,49,國票-敦北法人,2023-08-23,0037003700390063
6235,華孚,92,43,49,國票-敦北法人,2023-08-23,0037003700390063
5388,中磊,53,10,43,國票-敦北法人,2023-08-23,0037003700390063
9945,潤泰新,59,17,42,國票-敦北法人,2023-08-23,0037003700390063
2885,元大金,57,18,39,國票-敦北法人,2023-08-23,0037003700390063
1471,首利,50,11,39,國票-敦北法人,2023-08-23,0037003700390063
3017,奇鋐,77,39,38,國票-敦北法人,2023-08-23,0037003700390063
3051,力特,79,46,33,國票-敦北法人,2023-08-23,0037003700390063
4566,時碩工業,46,16,30,國票-敦北法人,2023-08-23,0037003700390063
2905,三商,30,0,30,國票-敦北法人,2023-08-23,0037003700390063
5426,振發,30,0,30,國票-敦北法人,2023-08-23,0037003700390063
2359,所羅門,69,40,29,國票-敦北法人,2023-08-23,0037003700390063
6257,矽格,44,16,28,國票-敦北法人,2023-08-23,0037003700390063
2610,華航,512,485,27,國票-敦北法人,2023-08-23,0037003700390063
2308,台達電,47,20,27,國票-敦北法人,2023-08-23,0037003700390063
4438,廣越,27,0,27,國票-敦北法人,2023-08-23,0037003700390063
3013,晟銘電,145,120,25,國票-敦北法人,2023-08-23,0037003700390063
3290,東浦,25,0,25,國票-敦北法人,2023-08-23,0037003700390063
8234,新漢,20,0,20,國票-敦北法人,2023-08-23,0037003700390063
2419,仲琦,30,10,20,國票-敦北法人,2023-08-23,0037003700390063
4726,永昕,20,1,19,國票-敦北法人,2023-08-23,0037003700390063
2002,中鋼,67,49,18,國票-敦北法人,2023-08-23,0037003700390063
1519,華城,162,144,18,國票-敦北法人,2023-08-23,0037003700390063
00885,富邦越南,5000,0,5000,國票-敦北法人,2023-08-24,0037003700390063
2886,兆豐金,2632,1,2631,國票-敦北法人,2023-08-24,0037003700390063
2382,廣達,1559,698,861,國票-敦北法人,2023-08-24,0037003700390063
1722,台肥,668,16,652,國票-敦北法人,2023-08-24,0037003700390063
1108,幸福,481,0,481,國票-敦北法人,2023-08-24,0037003700390063
2441,超豐,470,1,469,國票-敦北法人,2023-08-24,0037003700390063
3044,健鼎,482,18,464,國票-敦北法人,2023-08-24,0037003700390063
1409,新纖,456,0,456,國票-敦北法人,2023-08-24,0037003700390063
00662,富邦NASDAQ,428,0,428,國票-敦北法人,2023-08-24,0037003700390063
6285,啟��,498,111,387,國票-敦北法人,2023-08-24,0037003700390063
2383,台光電,415,42,373,國票-敦北法人,2023-08-24,0037003700390063
6274,台燿,477,119,358,國票-敦北法人,2023-08-24,0037003700390063
3052,夆典,347,0,347,國票-敦北法人,2023-08-24,0037003700390063
6168,宏齊,272,0,272,國票-敦北法人,2023-08-24,0037003700390063
00688L,國泰20年美債正2,235,0,235,國票-敦北法人,2023-08-24,0037003700390063
1513,中興電,244,29,215,國票-敦北法人,2023-08-24,0037003700390063
2376,技嘉,404,231,173,國票-敦北法人,2023-08-24,0037003700390063
00645,富邦日本,161,0,161,國票-敦北法人,2023-08-24,0037003700390063
5534,長虹,140,0,140,國票-敦北法人,2023-08-24,0037003700390063
2301,光寶科,424,285,139,國票-敦北法人,2023-08-24,0037003700390063
2368,金像電,171,59,112,國票-敦北法人,2023-08-24,0037003700390063
2324,仁寶,514,405,109,國票-敦北法人,2023-08-24,0037003700390063
2345,智邦,109,4,105,國票-敦北法人,2023-08-24,0037003700390063
2360,致茂,119,20,99,國票-敦北法人,2023-08-24,0037003700390063
6271,同欣電,101,3,98,國票-敦北法人,2023-08-24,0037003700390063
4979,華星光,200,106,94,國票-敦北法人,2023-08-24,0037003700390063
0050,元大台灣50,92,0,92,國票-敦北法人,2023-08-24,0037003700390063
6261,久元,84,0,84,國票-敦北法人,2023-08-24,0037003700390063
1301,台塑,85,1,84,國票-敦北法人,2023-08-24,0037003700390063
6235,華孚,155,80,75,國票-敦北法人,2023-08-24,0037003700390063
3290,東浦,68,0,68,國票-敦北法人,2023-08-24,0037003700390063
006208,富邦台50,65,0,65,國票-敦北法人,2023-08-24,0037003700390063
2485,兆赫,73,13,60,國票-敦北法人,2023-08-24,0037003700390063
4938,和碩,83,26,57,國票-敦北法人,2023-08-24,0037003700390063
2883,凱基金,52,0,52,國票-敦北法人,2023-08-24,0037003700390063
2395,研華,51,0,51,國票-敦北法人,2023-08-24,0037003700390063
2912,統一超,50,0,50,國票-敦北法人,2023-08-24,0037003700390063
2609,陽明,210,161,49,國票-敦北法人,2023-08-24,0037003700390063
3037,欣興,171,127,44,國票-敦北法人,2023-08-24,0037003700390063
3324,雙鴻,54,16,38,國票-敦北法人,2023-08-24,0037003700390063
8033,雷虎,47,14,33,國票-敦北法人,2023-08-24,0037003700390063
1477,聚陽,39,7,32,國票-敦北法人,2023-08-24,0037003700390063
3163,波若威,343,312,31,國票-敦北法人,2023-08-24,0037003700390063
2211,長榮鋼,46,16,30,國票-敦北法人,2023-08-24,0037003700390063
2887,台新金,39,9,30,國票-敦北法人,2023-08-24,0037003700390063
2427,三商電,30,0,30,國票-敦北法人,2023-08-24,0037003700390063
0056,元大高股息,116,87,29,國票-敦北法人,2023-08-24,0037003700390063
4953,緯軟,32,3,29,國票-敦北法人,2023-08-24,0037003700390063
4438,廣越,26,0,26,國票-敦北法人,2023-08-24,0037003700390063
9914,美利達,25,0,25,國票-敦北法人,2023-08-24,0037003700390063
1108,幸福,553,0,553,國票-敦北法人,2023-08-25,0037003700390063
00929,復華台灣科技優息,535,5,530,國票-敦北法人,2023-08-25,0037003700390063
2449,京元電子,646,148,498,國票-敦北法人,2023-08-25,0037003700390063
2441,超豐,496,15,481,國票-敦北法人,2023-08-25,0037003700390063
1409,新纖,452,0,452,國票-敦北法人,2023-08-25,0037003700390063
6168,宏齊,346,101,245,國票-敦北法人,2023-08-25,0037003700390063
3017,奇鋐,237,5,232,國票-敦北法人,2023-08-25,0037003700390063
3052,夆典,218,0,218,國票-敦北法人,2023-08-25,0037003700390063
2419,仲琦,225,19,206,國票-敦北法人,2023-08-25,0037003700390063
3037,欣興,477,273,204,國票-敦北法人,2023-08-25,0037003700390063
2301,光寶科,274,76,198,國票-敦北法人,2023-08-25,0037003700390063
5534,長虹,143,0,143,國票-敦北法人,2023-08-25,0037003700390063
6216,居易,137,3,134,國票-敦北法人,2023-08-25,0037003700390063
1513,中興電,213,95,118,國票-敦北法人,2023-08-25,0037003700390063
3231,緯創,185,68,117,國票-敦北法人,2023-08-25,0037003700390063
3715,定穎投控,174,64,110,國票-敦北法人,2023-08-25,0037003700390063
2363,矽統,1373,1271,102,國票-敦北法人,2023-08-25,0037003700390063
6179,亞通,101,0,101,國票-敦北法人,2023-08-25,0037003700390063
00900,富邦特選高股息30,90,0,90,國票-敦北法人,2023-08-25,0037003700390063
2376,技嘉,185,99,86,國票-敦北法人,2023-08-25,0037003700390063
2881,富邦金,112,31,81,國票-敦北法人,2023-08-25,0037003700390063
2059,川湖,71,1,70,國票-敦北法人,2023-08-25,0037003700390063
8069,元太,107,45,62,國票-敦北法人,2023-08-25,0037003700390063
6271,同欣電,56,6,50,國票-敦北法人,2023-08-25,0037003700390063
8996,高力,51,10,41,國票-敦北法人,2023-08-25,0037003700390063
2468,華經,44,9,35,國票-敦北法人,2023-08-25,0037003700390063
2891,中信金,158,125,33,國票-敦北法人,2023-08-25,0037003700390063
2303,聯電,247,216,31,國票-敦北法人,2023-08-25,0037003700390063
2383,台光電,42,11,31,國票-敦北法人,2023-08-25,0037003700390063
2884,玉山金,30,0,30,國票-敦北法人,2023-08-25,0037003700390063
2610,華航,345,316,29,國票-敦北法人,2023-08-25,0037003700390063
4438,廣越,26,0,26,國票-敦北法人,2023-08-25,0037003700390063
5876,上海商銀,26,0,26,國票-敦北法人,2023-08-25,0037003700390063
2885,元大金,54,28,26,國票-敦北法人,2023-08-25,0037003700390063
2605,新興,67,42,25,國票-敦北法人,2023-08-25,0037003700390063
1737,臺鹽,27,2,25,國票-敦北法人,2023-08-25,0037003700390063
8050,廣積,44,20,24,國票-敦北法人,2023-08-25,0037003700390063
00895,富邦未來車,21,0,21,國票-敦北法人,2023-08-25,0037003700390063
2705,六福,20,0,20,國票-敦北法人,2023-08-25,0037003700390063
2353,宏��,168,148,20,國票-敦北法人,2023-08-25,0037003700390063
00885,富邦越南,20,0,20,國票-敦北法人,2023-08-25,0037003700390063
2460,建通,29,10,19,國票-敦北法人,2023-08-25,0037003700390063
1301,台塑,21,2,19,國票-敦北法人,2023-08-25,0037003700390063
2890,永豐金,18,0,18,國票-敦北法人,2023-08-25,0037003700390063
2892,第一金,17,0,17,國票-敦北法人,2023-08-25,0037003700390063
00919,群益台灣精選高息,17,0,17,國票-敦北法人,2023-08-25,0037003700390063
6274,台燿,48,31,17,國票-敦北法人,2023-08-25,0037003700390063
00878,國泰永續高股息,20,3,17,國票-敦北法人,2023-08-25,0037003700390063
4763,材料-KY,42,25,17,國票-敦北法人,2023-08-25,0037003700390063
3308,聯德,18,2,16,國票-敦北法人,2023-08-25,0037003700390063
3715,定穎投控,1074,309,765,國票-敦北法人,2023-08-28,0037003700390063
6282,康舒,576,75,501,國票-敦北法人,2023-08-28,0037003700390063
2441,超豐,482,0,482,國票-敦北法人,2023-08-28,0037003700390063
1409,新纖,449,0,449,國票-敦北法人,2023-08-28,0037003700390063
4938,和碩,320,23,297,國票-敦北法人,2023-08-28,0037003700390063
2201,裕隆,258,8,250,國票-敦北法人,2023-08-28,0037003700390063
2449,京元電子,364,156,208,國票-敦北法人,2023-08-28,0037003700390063
5425,台半,211,7,204,國票-敦北法人,2023-08-28,0037003700390063
2439,美律,190,0,190,國票-敦北法人,2023-08-28,0037003700390063
6168,宏齊,109,0,109,國票-敦北法人,2023-08-28,0037003700390063
6216,居易,109,0,109,國票-敦北法人,2023-08-28,0037003700390063
6271,同欣電,109,3,106,國票-敦北法人,2023-08-28,0037003700390063
2382,廣達,405,325,80,國票-敦北法人,2023-08-28,0037003700390063
3290,東浦,57,0,57,國票-敦北法人,2023-08-28,0037003700390063
8210,勤誠,66,14,52,國票-敦北法人,2023-08-28,0037003700390063
1904,正隆,50,0,50,國票-敦北法人,2023-08-28,0037003700390063
1605,華新,66,16,50,國票-敦北法人,2023-08-28,0037003700390063
5483,中美晶,50,1,49,國票-敦北法人,2023-08-28,0037003700390063
2363,矽統,504,455,49,國票-敦北法人,2023-08-28,0037003700390063
2618,長榮航,616,572,44,國票-敦北法人,2023-08-28,0037003700390063
4916,事欣科,53,10,43,國票-敦北法人,2023-08-28,0037003700390063
2485,兆赫,116,77,39,國票-敦北法人,2023-08-28,0037003700390063
2308,台達電,72,38,34,國票-敦北法人,2023-08-28,0037003700390063
3044,健鼎,41,8,33,國票-敦北法人,2023-08-28,0037003700390063
2331,精英,156,125,31,國票-敦北法人,2023-08-28,0037003700390063
2376,技嘉,99,68,31,國票-敦北法人,2023-08-28,0037003700390063
6415,矽力*-KY,40,10,30,國票-敦北法人,2023-08-28,0037003700390063
6116,彩晶,101,71,30,國票-敦北法人,2023-08-28,0037003700390063
2610,華航,346,318,28,國票-敦北法人,2023-08-28,0037003700390063
4438,廣越,26,0,26,國票-敦北法人,2023-08-28,0037003700390063
3455,由田,25,0,25,國票-敦北法人,2023-08-28,0037003700390063
2401,凌陽,73,49,24,國票-敦北法人,2023-08-28,0037003700390063
2329,華泰,126,106,20,國票-敦北法人,2023-08-28,0037003700390063
4909,新復興,20,0,20,國票-敦北法人,2023-08-28,0037003700390063
5301,寶得利,20,0,20,國票-敦北法人,2023-08-28,0037003700390063
2236,百達-KY,20,0,20,國票-敦北法人,2023-08-28,0037003700390063
6488,環球晶,21,1,20,國票-敦北法人,2023-08-28,0037003700390063
1618,合機,19,0,19,國票-敦北法人,2023-08-28,0037003700390063
8222,寶一,24,7,17,國票-敦北法人,2023-08-28,0037003700390063
2630,亞航,50,33,17,國票-敦北法人,2023-08-28,0037003700390063
4541,晟田,16,0,16,國票-敦北法人,2023-08-28,0037003700390063
1471,首利,20,4,16,國票-敦北法人,2023-08-28,0037003700390063
2303,聯電,96,80,16,國票-敦北法人,2023-08-28,0037003700390063
2369,菱生,56,41,15,國票-敦北法人,2023-08-28,0037003700390063
6799,來頡,15,0,15,國票-敦北法人,2023-08-28,0037003700390063
1810,和成,15,1,14,國票-敦北法人,2023-08-28,0037003700390063
00900,富邦特選高股息30,12,0,12,國票-敦北法人,2023-08-28,0037003700390063
00919,群益台灣精選高息,12,0,12,國票-敦北法人,2023-08-28,0037003700390063
5222,全訊,14,2,12,國票-敦北法人,2023-08-28,0037003700390063
2605,新興,17,6,11,國票-敦北法人,2023-08-28,0037003700390063
6274,台燿,516,17,499,國票-敦北法人,2023-08-29,0037003700390063
2436,偉詮電,504,27,477,國票-敦北法人,2023-08-29,0037003700390063
1409,新纖,462,0,462,國票-敦北法人,2023-08-29,0037003700390063
2409,友達,422,22,400,國票-敦北法人,2023-08-29,0037003700390063
3034,聯詠,259,5,254,國票-敦北法人,2023-08-29,0037003700390063
2439,美律,191,0,191,國票-敦北法人,2023-08-29,0037003700390063
5340,建榮,191,21,170,國票-敦北法人,2023-08-29,0037003700390063
3231,緯創,640,488,152,國票-敦北法人,2023-08-29,0037003700390063
2890,永豐金,143,0,143,國票-敦北法人,2023-08-29,0037003700390063
2484,希華,138,10,128,國票-敦北法人,2023-08-29,0037003700390063
2891,中信金,167,46,121,國票-敦北法人,2023-08-29,0037003700390063
2317,鴻海,110,4,106,國票-敦北法人,2023-08-29,0037003700390063
2402,毅嘉,105,2,103,國票-敦北法人,2023-08-29,0037003700390063
1308,亞聚,100,0,100,國票-敦北法人,2023-08-29,0037003700390063
4938,和碩,145,45,100,國票-敦北法人,2023-08-29,0037003700390063
5452,佶優,102,2,100,國票-敦北法人,2023-08-29,0037003700390063
5289,宜鼎,95,1,94,國票-敦北法人,2023-08-29,0037003700390063
2344,華邦電,92,0,92,國票-敦北法人,2023-08-29,0037003700390063
1513,中興電,103,22,81,國票-敦北法人,2023-08-29,0037003700390063
2645,長榮航太,105,25,80,國票-敦北法人,2023-08-29,0037003700390063
2363,矽統,1398,1318,80,國票-敦北法人,2023-08-29,0037003700390063
2886,兆豐金,76,4,72,國票-敦北法人,2023-08-29,0037003700390063
5269,祥碩,60,0,60,國票-敦北法人,2023-08-29,0037003700390063
2376,技嘉,160,105,55,國票-敦北法人,2023-08-29,0037003700390063
3702,大聯大,64,10,54,國票-敦北法人,2023-08-29,0037003700390063
00712,復華富時不動產,58,5,53,國票-敦北法人,2023-08-29,0037003700390063
2027,大成鋼,96,46,50,國票-敦北法人,2023-08-29,0037003700390063
9938,百和,50,0,50,國票-敦北法人,2023-08-29,0037003700390063
1108,幸福,50,0,50,國票-敦北法人,2023-08-29,0037003700390063
6643,M31,51,2,49,國票-敦北法人,2023-08-29,0037003700390063
1102,亞泥,55,7,48,國票-敦北法人,2023-08-29,0037003700390063
6770,力積電,57,11,46,國票-敦北法人,2023-08-29,0037003700390063
4736,泰博,45,0,45,國票-敦北法人,2023-08-29,0037003700390063
3533,嘉澤,46,5,41,國票-敦北法人,2023-08-29,0037003700390063
1216,統一,39,0,39,國票-敦北法人,2023-08-29,0037003700390063
9910,豐泰,36,0,36,國票-敦北法人,2023-08-29,0037003700390063
6139,亞翔,45,10,35,國票-敦北法人,2023-08-29,0037003700390063
6271,同欣電,35,2,33,國票-敦北法人,2023-08-29,0037003700390063
2352,佳世達,63,30,33,國票-敦北法人,2023-08-29,0037003700390063
6863,永道-KY,32,0,32,國票-敦北法人,2023-08-29,0037003700390063
2408,南亞科,39,7,32,國票-敦北法人,2023-08-29,0037003700390063
2303,聯電,270,239,31,國票-敦北法人,2023-08-29,0037003700390063
9904,寶成,36,6,30,國票-敦北法人,2023-08-29,0037003700390063
5301,寶得利,30,0,30,國票-敦北法人,2023-08-29,0037003700390063
3689,湧德,28,0,28,國票-敦北法人,2023-08-29,0037003700390063
3483,力致,27,1,26,國票-敦北法人,2023-08-29,0037003700390063
8033,雷虎,31,5,26,國票-敦北法人,2023-08-29,0037003700390063
1304,台聚,24,0,24,國票-敦北法人,2023-08-29,0037003700390063
8069,元太,26,2,24,國票-敦北法人,2023-08-29,0037003700390063
6147,頎邦,30,7,23,國票-敦北法人,2023-08-29,0037003700390063
2458,義隆,552,35,517,國票-敦北法人,2023-08-30,0037003700390063
1409,新纖,494,0,494,國票-敦北法人,2023-08-30,0037003700390063
1795,美時,356,6,350,國票-敦北法人,2023-08-30,0037003700390063
5425,台半,248,4,244,國票-敦北法人,2023-08-30,0037003700390063
2409,友達,412,208,204,國票-敦北法人,2023-08-30,0037003700390063
2439,美律,189,0,189,國票-敦北法人,2023-08-30,0037003700390063
2357,華碩,194,28,166,國票-敦北法人,2023-08-30,0037003700390063
3617,碩天,171,18,153,國票-敦北法人,2023-08-30,0037003700390063
2454,聯發科,177,39,138,國票-敦北法人,2023-08-30,0037003700390063
5289,宜鼎,130,1,129,國票-敦北法人,2023-08-30,0037003700390063
2455,全新,138,17,121,國票-敦北法人,2023-08-30,0037003700390063
3035,智原,245,134,111,國票-敦北法人,2023-08-30,0037003700390063
2368,金像電,237,129,108,國票-敦北法人,2023-08-30,0037003700390063
3715,定穎投控,302,199,103,國票-敦北法人,2023-08-30,0037003700390063
3037,欣興,210,108,102,國票-敦北法人,2023-08-30,0037003700390063
3711,日月光投控,135,34,101,國票-敦北法人,2023-08-30,0037003700390063
2337,旺宏,181,81,100,國票-敦北法人,2023-08-30,0037003700390063
00929,復華台灣科技優息,106,28,78,國票-敦北法人,2023-08-30,0037003700390063
6235,華孚,136,71,65,國票-敦北法人,2023-08-30,0037003700390063
3653,健策,64,5,59,國票-敦北法人,2023-08-30,0037003700390063
6414,樺漢,55,0,55,國票-敦北法人,2023-08-30,0037003700390063
3483,力致,61,10,51,國票-敦北法人,2023-08-30,0037003700390063
2006,東和鋼鐵,50,0,50,國票-敦北法人,2023-08-30,0037003700390063
8069,元太,91,42,49,國票-敦北法人,2023-08-30,0037003700390063
00712,復華富時不動產,50,3,47,國票-敦北法人,2023-08-30,0037003700390063
00891,中信關鍵半導體,44,0,44,國票-敦北法人,2023-08-30,0037003700390063
4147,中裕,45,5,40,國票-敦北法人,2023-08-30,0037003700390063
2059,川湖,38,0,38,國票-敦北法人,2023-08-30,0037003700390063
6213,聯茂,132,95,37,國票-敦北法人,2023-08-30,0037003700390063
4736,泰博,35,0,35,國票-敦北法人,2023-08-30,0037003700390063
2408,南亞科,38,6,32,國票-敦北法人,2023-08-30,0037003700390063
1101,台泥,94,63,31,國票-敦北法人,2023-08-30,0037003700390063
00637L,元大滬深300正2,35,5,30,國票-敦北法人,2023-08-30,0037003700390063
6147,頎邦,33,3,30,國票-敦北法人,2023-08-30,0037003700390063
2383,台光電,56,28,28,國票-敦北法人,2023-08-30,0037003700390063
2530,華建,28,0,28,國票-敦北法人,2023-08-30,0037003700390063
1504,東元,45,18,27,國票-敦北法人,2023-08-30,0037003700390063
6271,同欣電,27,0,27,國票-敦北法人,2023-08-30,0037003700390063
3257,虹冠電,51,25,26,國票-敦北法人,2023-08-30,0037003700390063
3308,聯德,50,25,25,國票-敦北法人,2023-08-30,0037003700390063
2371,大同,119,95,24,國票-敦北法人,2023-08-30,0037003700390063
2905,三商,24,0,24,國票-敦北法人,2023-08-30,0037003700390063
2390,云辰,22,0,22,國票-敦北法人,2023-08-30,0037003700390063
006208,富邦台50,22,0,22,國票-敦北法人,2023-08-30,0037003700390063
2402,毅嘉,149,127,22,國票-敦北法人,2023-08-30,0037003700390063
6670,復盛應用,21,0,21,國票-敦北法人,2023-08-30,0037003700390063
8443,阿瘦,20,0,20,國票-敦北法人,2023-08-30,0037003700390063
4551,智伸科,20,0,20,國票-敦北法人,2023-08-30,0037003700390063
6799,來頡,18,0,18,國票-敦北法人,2023-08-30,0037003700390063
8033,雷虎,17,0,17,國票-敦北法人,2023-08-30,0037003700390063
2379,瑞昱,616,14,602,國票-敦北法人,2023-08-31,0037003700390063
3715,定穎投控,878,396,482,國票-敦北法人,2023-08-31,0037003700390063
8358,金居,445,136,309,國票-敦北法人,2023-08-31,0037003700390063
6122,擎邦,285,5,280,國票-敦北法人,2023-08-31,0037003700390063
2105,正新,300,73,227,國票-敦北法人,2023-08-31,0037003700390063
1326,台化,157,0,157,國票-敦北法人,2023-08-31,0037003700390063
00632R,元大台灣50反1,270,120,150,國票-敦北法人,2023-08-31,0037003700390063
2376,技嘉,300,192,108,國票-敦北法人,2023-08-31,0037003700390063
3034,聯詠,102,0,102,國票-敦北法人,2023-08-31,0037003700390063
3029,零壹,99,0,99,國票-敦北法人,2023-08-31,0037003700390063
3044,健鼎,105,12,93,國票-敦北法人,2023-08-31,0037003700390063
6613,朋億*,90,0,90,國票-敦北法人,2023-08-31,0037003700390063
3596,智易,97,9,88,國票-敦北法人,2023-08-31,0037003700390063
2301,光寶科,269,181,88,國票-敦北法人,2023-08-31,0037003700390063
3014,聯陽,99,13,86,國票-敦北法人,2023-08-31,0037003700390063
4919,新唐,96,11,85,國票-敦北法人,2023-08-31,0037003700390063
8016,矽創,77,0,77,國票-敦北法人,2023-08-31,0037003700390063
2905,三商,75,0,75,國票-敦北法人,2023-08-31,0037003700390063
5483,中美晶,73,0,73,國票-敦北法人,2023-08-31,0037003700390063
2530,華建,62,0,62,國票-敦北法人,2023-08-31,0037003700390063
2313,華通,99,39,60,國票-敦北法人,2023-08-31,0037003700390063
6585,鼎基,60,0,60,國票-敦北法人,2023-08-31,0037003700390063
2618,長榮航,407,348,59,國票-敦北法人,2023-08-31,0037003700390063
00637L,元大滬深300正2,60,5,55,國票-敦北法人,2023-08-31,0037003700390063
2474,可成,55,0,55,國票-敦北法人,2023-08-31,0037003700390063
3484,崧騰,44,0,44,國票-敦北法人,2023-08-31,0037003700390063
6126,信音,66,23,43,國票-敦北法人,2023-08-31,0037003700390063
3217,優群,63,28,35,國票-敦北法人,2023-08-31,0037003700390063
2204,中華,39,4,35,國票-敦北法人,2023-08-31,0037003700390063
6547,高端疫苗,37,2,35,國票-敦北法人,2023-08-31,0037003700390063
1524,耿鼎,30,0,30,國票-敦北法人,2023-08-31,0037003700390063
2357,華碩,40,11,29,國票-敦北法人,2023-08-31,0037003700390063
8069,元太,54,25,29,國票-敦北法人,2023-08-31,0037003700390063
6271,同欣電,29,0,29,國票-敦北法人,2023-08-31,0037003700390063
2401,凌陽,117,89,28,國票-敦北法人,2023-08-31,0037003700390063
3035,智原,64,37,27,國票-敦北法人,2023-08-31,0037003700390063
2049,上銀,25,0,25,國票-敦北法人,2023-08-31,0037003700390063
3078,僑威,28,3,25,國票-敦北法人,2023-08-31,0037003700390063
2454,聯發科,33,9,24,國票-敦北法人,2023-08-31,0037003700390063
2409,友達,103,80,23,國票-敦北法人,2023-08-31,0037003700390063
6770,力積電,44,22,22,國票-敦北法人,2023-08-31,0037003700390063
3338,泰碩,30,9,21,國票-敦北法人,2023-08-31,0037003700390063
00706L,期元大S＆P日圓正2,20,0,20,國票-敦北法人,2023-08-31,0037003700390063
00878,國泰永續高股息,19,0,19,國票-敦北法人,2023-08-31,0037003700390063
2201,裕隆,64,45,19,國票-敦北法人,2023-08-31,0037003700390063
2516,新建,18,0,18,國票-敦北法人,2023-08-31,0037003700390063
3176,基亞,18,0,18,國票-敦北法人,2023-08-31,0037003700390063
4933,友輝,18,2,16,國票-敦北法人,2023-08-31,0037003700390063
5381,合正,18,2,16,國票-敦北法人,2023-08-31,0037003700390063
8201,無敵,20,5,15,國票-敦北法人,2023-08-31,0037003700390063
2888,新光金,642,15,627,國票-敦北法人,2023-09-01,0037003700390063
2379,瑞昱,552,19,533,國票-敦北法人,2023-09-01,0037003700390063
6122,擎邦,300,16,284,國票-敦北法人,2023-09-01,0037003700390063
3715,定穎投控,432,208,224,國票-敦北法人,2023-09-01,0037003700390063
5425,台半,204,11,193,國票-敦北法人,2023-09-01,0037003700390063
2344,華邦電,212,25,187,國票-敦北法人,2023-09-01,0037003700390063
6271,同欣電,146,1,145,國票-敦北法人,2023-09-01,0037003700390063
00929,復華台灣科技優息,139,0,139,國票-敦北法人,2023-09-01,0037003700390063
2327,國巨,106,5,101,國票-敦北法人,2023-09-01,0037003700390063
2905,三商,100,0,100,國票-敦北法人,2023-09-01,0037003700390063
00919,群益台灣精選高息,79,3,76,國票-敦北法人,2023-09-01,0037003700390063
2492,華新科,91,19,72,國票-敦北法人,2023-09-01,0037003700390063
8155,博智,62,0,62,國票-敦北法人,2023-09-01,0037003700390063
8105,凌巨,60,0,60,國票-敦北法人,2023-09-01,0037003700390063
2352,佳世達,70,18,52,國票-敦北法人,2023-09-01,0037003700390063
2204,中華,59,7,52,國票-敦北法人,2023-09-01,0037003700390063
3029,零壹,52,1,51,國票-敦北法人,2023-09-01,0037003700390063
2376,技嘉,129,83,46,國票-敦北法人,2023-09-01,0037003700390063
3484,崧騰,45,0,45,國票-敦北法人,2023-09-01,0037003700390063
5301,寶得利,45,0,45,國票-敦北法人,2023-09-01,0037003700390063
3588,通嘉,45,6,39,國票-敦北法人,2023-09-01,0037003700390063
2618,長榮航,41,2,39,國票-敦北法人,2023-09-01,0037003700390063
2329,華泰,292,254,38,國票-敦北法人,2023-09-01,0037003700390063
2401,凌陽,101,65,36,國票-敦北法人,2023-09-01,0037003700390063
8996,高力,38,8,30,國票-敦北法人,2023-09-01,0037003700390063
9914,美利達,30,0,30,國票-敦北法人,2023-09-01,0037003700390063
9950,萬國通,49,20,29,國票-敦北法人,2023-09-01,0037003700390063
6569,醫揚,25,0,25,國票-敦北法人,2023-09-01,0037003700390063
3357,臺慶科,25,0,25,國票-敦北法人,2023-09-01,0037003700390063
6414,樺漢,25,0,25,國票-敦北法人,2023-09-01,0037003700390063
00632R,元大台灣50反1,24,0,24,國票-敦北法人,2023-09-01,0037003700390063
1513,中興電,93,70,23,國票-敦北法人,2023-09-01,0037003700390063
1402,遠東新,20,0,20,國票-敦北法人,2023-09-01,0037003700390063
2415,錩新,20,0,20,國票-敦北法人,2023-09-01,0037003700390063
1101,台泥,20,0,20,國票-敦北法人,2023-09-01,0037003700390063
2382,廣達,325,305,20,國票-敦北法人,2023-09-01,0037003700390063
2486,一詮,21,3,18,國票-敦北法人,2023-09-01,0037003700390063
6223,旺矽,36,19,17,國票-敦北法人,2023-09-01,0037003700390063
2816,旺旺保,16,0,16,國票-敦北法人,2023-09-01,0037003700390063
1522,堤維西,34,18,16,國票-敦北法人,2023-09-01,0037003700390063
5536,聖暉*,16,0,16,國票-敦北法人,2023-09-01,0037003700390063
5215,科嘉-KY,16,0,16,國票-敦北法人,2023-09-01,0037003700390063
1731,美吾華,15,0,15,國票-敦北法人,2023-09-01,0037003700390063
0052,富邦科技,15,0,15,國票-敦北法人,2023-09-01,0037003700390063
4909,新復興,22,7,15,國票-敦北法人,2023-09-01,0037003700390063
0050,元大台灣50,14,0,14,國票-敦北法人,2023-09-01,0037003700390063
1590,亞德客-KY,14,0,14,國票-敦北法人,2023-09-01,0037003700390063
1609,大亞,117,103,14,國票-敦北法人,2023-09-01,0037003700390063
6719,力智,15,1,14,國票-敦北法人,2023-09-01,0037003700390063
2356,英業達,105,92,13,國票-敦北法人,2023-09-01,0037003700390063
2363,矽統,933,347,586,國票-敦北法人,2023-09-04,0037003700390063
2455,全新,487,29,458,國票-敦北法人,2023-09-04,0037003700390063
6274,台燿,466,99,367,國票-敦北法人,2023-09-04,0037003700390063
00688L,國泰20年美債正2,360,0,360,國票-敦北法人,2023-09-04,0037003700390063
00661,元大日經225,300,0,300,國票-敦北法人,2023-09-04,0037003700390063
3715,定穎投控,232,19,213,國票-敦北法人,2023-09-04,0037003700390063
6285,啟��,157,0,157,國票-敦北法人,2023-09-04,0037003700390063
2905,三商,120,0,120,國票-敦北法人,2023-09-04,0037003700390063
00929,復華台灣科技優息,105,4,101,國票-敦北法人,2023-09-04,0037003700390063
4979,華星光,80,0,80,國票-敦北法人,2023-09-04,0037003700390063
6271,同欣電,128,50,78,國票-敦北法人,2023-09-04,0037003700390063
3290,東浦,79,13,66,國票-敦北法人,2023-09-04,0037003700390063
6177,達麗,60,0,60,國票-敦北法人,2023-09-04,0037003700390063
4966,譜瑞-KY,59,0,59,國票-敦北法人,2023-09-04,0037003700390063
2634,漢翔,229,170,59,國票-敦北法人,2023-09-04,0037003700390063
1736,喬山,61,5,56,國票-敦北法人,2023-09-04,0037003700390063
3034,聯詠,59,7,52,國票-敦北法人,2023-09-04,0037003700390063
0050,元大台灣50,48,0,48,國票-敦北法人,2023-09-04,0037003700390063
4147,中裕,49,9,40,國票-敦北法人,2023-09-04,0037003700390063
2371,大同,351,313,38,國票-敦北法人,2023-09-04,0037003700390063
1319,東陽,49,13,36,國票-敦北法人,2023-09-04,0037003700390063
6288,聯嘉,35,0,35,國票-敦北法人,2023-09-04,0037003700390063
6213,聯茂,85,51,34,國票-敦北法人,2023-09-04,0037003700390063
2887,台新金,33,0,33,國票-敦北法人,2023-09-04,0037003700390063
2383,台光電,50,18,32,國票-敦北法人,2023-09-04,0037003700390063
2458,義隆,58,27,31,國票-敦北法人,2023-09-04,0037003700390063
6782,視陽,33,2,31,國票-敦北法人,2023-09-04,0037003700390063
2436,偉詮電,91,60,31,國票-敦北法人,2023-09-04,0037003700390063
5225,東科-KY,33,3,30,國票-敦北法人,2023-09-04,0037003700390063
6485,點序,30,0,30,國票-敦北法人,2023-09-04,0037003700390063
1210,大成,41,11,30,國票-敦北法人,2023-09-04,0037003700390063
006208,富邦台50,29,0,29,國票-敦北法人,2023-09-04,0037003700390063
6122,擎邦,70,44,26,國票-敦北法人,2023-09-04,0037003700390063
2382,廣達,61,35,26,國票-敦北法人,2023-09-04,0037003700390063
2049,上銀,25,0,25,國票-敦北法人,2023-09-04,0037003700390063
9914,美利達,25,1,24,國票-敦北法人,2023-09-04,0037003700390063
3014,聯陽,27,4,23,國票-敦北法人,2023-09-04,0037003700390063
3484,崧騰,23,0,23,國票-敦北法人,2023-09-04,0037003700390063
3693,營邦,24,2,22,國票-敦北法人,2023-09-04,0037003700390063
1477,聚陽,24,3,21,國票-敦北法人,2023-09-04,0037003700390063
2645,長榮航太,56,35,21,國票-敦北法人,2023-09-04,0037003700390063
3035,智原,50,30,20,國票-敦北法人,2023-09-04,0037003700390063
6679,鈺太,20,0,20,國票-敦北法人,2023-09-04,0037003700390063
6799,來頡,23,3,20,國票-敦北法人,2023-09-04,0037003700390063
00679B,元大美債20年,20,0,20,國票-敦北法人,2023-09-04,0037003700390063
2354,鴻準,39,19,20,國票-敦北法人,2023-09-04,0037003700390063
6414,樺漢,26,6,20,國票-敦北法人,2023-09-04,0037003700390063
6770,力積電,81,62,19,國票-敦北法人,2023-09-04,0037003700390063
6173,信昌電,32,13,19,國票-敦北法人,2023-09-04,0037003700390063
5864,致和證,27,8,19,國票-敦北法人,2023-09-04,0037003700390063
6274,台燿,800,65,735,國票-敦北法人,2023-09-05,0037003700390063
8112,至上,699,4,695,國票-敦北法人,2023-09-05,0037003700390063
4915,致伸,512,10,502,國票-敦北法人,2023-09-05,0037003700390063
5469,瀚宇博,523,24,499,國票-敦北法人,2023-09-05,0037003700390063
3044,健鼎,422,25,397,國票-敦北法人,2023-09-05,0037003700390063
8016,矽創,361,2,359,國票-敦北法人,2023-09-05,0037003700390063
2371,大同,484,126,358,國票-敦北法人,2023-09-05,0037003700390063
6191,精成科,317,6,311,國票-敦北法人,2023-09-05,0037003700390063
8086,宏捷科,423,115,308,國票-敦北法人,2023-09-05,0037003700390063
2515,中工,300,1,299,國票-敦北法人,2023-09-05,0037003700390063
00929,復華台灣科技優息,238,0,238,國票-敦北法人,2023-09-05,0037003700390063
2458,義隆,238,20,218,國票-敦北法人,2023-09-05,0037003700390063
4919,新唐,210,3,207,國票-敦北法人,2023-09-05,0037003700390063
6121,新普,186,0,186,國票-敦北法人,2023-09-05,0037003700390063
2404,漢唐,157,0,157,國票-敦北法人,2023-09-05,0037003700390063
2382,廣達,165,9,156,國票-敦北法人,2023-09-05,0037003700390063
2474,可成,149,1,148,國票-敦北法人,2023-09-05,0037003700390063
5425,台半,144,10,134,國票-敦北法人,2023-09-05,0037003700390063
2905,三商,130,0,130,國票-敦北法人,2023-09-05,0037003700390063
6414,樺漢,129,0,129,國票-敦北法人,2023-09-05,0037003700390063
2317,鴻海,132,3,129,國票-敦北法人,2023-09-05,0037003700390063
2330,台積電,116,1,115,國票-敦北法人,2023-09-05,0037003700390063
3324,雙鴻,115,5,110,國票-敦北法人,2023-09-05,0037003700390063
2906,高林,103,4,99,國票-敦北法人,2023-09-05,0037003700390063
2379,瑞昱,99,1,98,國票-敦北法人,2023-09-05,0037003700390063
3704,合勤控,106,11,95,國票-敦北法人,2023-09-05,0037003700390063
3034,聯詠,95,3,92,國票-敦北法人,2023-09-05,0037003700390063
3711,日月光投控,138,47,91,國票-敦北法人,2023-09-05,0037003700390063
2401,凌陽,109,20,89,國票-敦北法人,2023-09-05,0037003700390063
3483,力致,104,17,87,國票-敦北法人,2023-09-05,0037003700390063
5871,中租-KY,91,6,85,國票-敦北法人,2023-09-05,0037003700390063
6271,同欣電,86,1,85,國票-敦北法人,2023-09-05,0037003700390063
2618,長榮航,322,244,78,國票-敦北法人,2023-09-05,0037003700390063
2383,台光電,94,23,71,國票-敦北法人,2023-09-05,0037003700390063
4961,天鈺,71,1,70,國票-敦北法人,2023-09-05,0037003700390063
8081,致新,116,50,66,國票-敦北法人,2023-09-05,0037003700390063
4768,晶呈科技,53,0,53,國票-敦北法人,2023-09-05,0037003700390063
2324,仁寶,196,144,52,國票-敦北法人,2023-09-05,0037003700390063
2891,中信金,66,18,48,國票-敦北法人,2023-09-05,0037003700390063
3035,智原,65,23,42,國票-敦北法人,2023-09-05,0037003700390063
2884,玉山金,42,1,41,國票-敦北法人,2023-09-05,0037003700390063
2883,凱基金,41,0,41,國票-敦北法人,2023-09-05,0037003700390063
2614,東森,46,5,41,國票-敦北法人,2023-09-05,0037003700390063
2356,英業達,47,9,38,國票-敦北法人,2023-09-05,0037003700390063
2881,富邦金,35,0,35,國票-敦北法人,2023-09-05,0037003700390063
2485,兆赫,69,35,34,國票-敦北法人,2023-09-05,0037003700390063
2402,毅嘉,321,287,34,國票-敦北法人,2023-09-05,0037003700390063
6223,旺矽,38,6,32,國票-敦北法人,2023-09-05,0037003700390063
2887,台新金,31,0,31,國票-敦北法人,2023-09-05,0037003700390063
2890,永豐金,30,1,29,國票-敦北法人,2023-09-05,0037003700390063
1216,統一,500,0,500,國票-敦北法人,2023-09-06,0037003700390063
8358,金居,563,109,454,國票-敦北法人,2023-09-06,0037003700390063
3044,健鼎,450,15,435,國票-敦北法人,2023-09-06,0037003700390063
00688L,國泰20年美債正2,360,0,360,國票-敦北法人,2023-09-06,0037003700390063
2382,廣達,543,214,329,國票-敦北法人,2023-09-06,0037003700390063
00929,復華台灣科技優息,297,2,295,國票-敦北法人,2023-09-06,0037003700390063
1477,聚陽,443,244,199,國票-敦北法人,2023-09-06,0037003700390063
9958,世紀鋼,169,8,161,國票-敦北法人,2023-09-06,0037003700390063
4967,十銓,171,11,160,國票-敦北法人,2023-09-06,0037003700390063
3017,奇鋐,147,16,131,國票-敦北法人,2023-09-06,0037003700390063
3293,鈊象,124,0,124,國票-敦北法人,2023-09-06,0037003700390063
6274,台燿,305,182,123,國票-敦北法人,2023-09-06,0037003700390063
2301,光寶科,179,68,111,國票-敦北法人,2023-09-06,0037003700390063
6235,華孚,115,15,100,國票-敦北法人,2023-09-06,0037003700390063
3231,緯創,161,70,91,國票-敦北法人,2023-09-06,0037003700390063
2618,長榮航,313,240,73,國票-敦北法人,2023-09-06,0037003700390063
6213,聯茂,129,64,65,國票-敦北法人,2023-09-06,0037003700390063
4966,譜瑞-KY,73,9,64,國票-敦北法人,2023-09-06,0037003700390063
3617,碩天,58,6,52,國票-敦北法人,2023-09-06,0037003700390063
00673R,期元大S＆P原油反1,50,0,50,國票-敦北法人,2023-09-06,0037003700390063
3029,零壹,50,0,50,國票-敦北法人,2023-09-06,0037003700390063
4977,眾達-KY,42,1,41,國票-敦北法人,2023-09-06,0037003700390063
00637L,元大滬深300正2,44,5,39,國票-敦北法人,2023-09-06,0037003700390063
3665,貿聯-KY,38,0,38,國票-敦北法人,2023-09-06,0037003700390063
6569,醫揚,34,0,34,國票-敦北法人,2023-09-06,0037003700390063
3481,群創,580,549,31,國票-敦北法人,2023-09-06,0037003700390063
4147,中裕,56,26,30,國票-敦北法人,2023-09-06,0037003700390063
4909,新復興,34,6,28,國票-敦北法人,2023-09-06,0037003700390063
1802,台玻,215,189,26,國票-敦北法人,2023-09-06,0037003700390063
2492,華新科,39,15,24,國票-敦北法人,2023-09-06,0037003700390063
6515,穎崴,23,0,23,國票-敦北法人,2023-09-06,0037003700390063
6643,M31,22,0,22,國票-敦北法人,2023-09-06,0037003700390063
2059,川湖,22,0,22,國票-敦北法人,2023-09-06,0037003700390063
8112,至上,130,109,21,國票-敦北法人,2023-09-06,0037003700390063
2316,楠梓電,21,1,20,國票-敦北法人,2023-09-06,0037003700390063
3034,聯詠,23,3,20,國票-敦北法人,2023-09-06,0037003700390063
3588,通嘉,44,24,20,國票-敦北法人,2023-09-06,0037003700390063
2605,新興,34,15,19,國票-敦北法人,2023-09-06,0037003700390063
8213,志超,18,0,18,國票-敦北法人,2023-09-06,0037003700390063
1528,恩德,18,0,18,國票-敦北法人,2023-09-06,0037003700390063
2816,旺旺保,26,10,16,國票-敦北法人,2023-09-06,0037003700390063
6488,環球晶,15,0,15,國票-敦北法人,2023-09-06,0037003700390063
8071,能率網通,15,0,15,國票-敦北法人,2023-09-06,0037003700390063
6271,同欣電,18,3,15,國票-敦北法人,2023-09-06,0037003700390063
8942,森鉅,14,0,14,國票-敦北法人,2023-09-06,0037003700390063
5274,信驊,14,0,14,國票-敦北法人,2023-09-06,0037003700390063
2504,國產,13,0,13,國票-敦北法人,2023-09-06,0037003700390063
00650L,復華香港正2,12,0,12,國票-敦北法人,2023-09-06,0037003700390063
6188,廣明,26,15,11,國票-敦北法人,2023-09-06,0037003700390063
2010,春源,11,0,11,國票-敦北法人,2023-09-06,0037003700390063
2409,友達,910,155,755,國票-敦北法人,2023-09-07,0037003700390063
4977,眾達-KY,646,19,627,國票-敦北法人,2023-09-07,0037003700390063
2379,瑞昱,509,1,508,國票-敦北法人,2023-09-07,0037003700390063
00688L,國泰20年美債正2,360,0,360,國票-敦北法人,2023-09-07,0037003700390063
5388,中磊,364,26,338,國票-敦北法人,2023-09-07,0037003700390063
2488,漢平,289,0,289,國票-敦北法人,2023-09-07,0037003700390063
2890,永豐金,136,1,135,國票-敦北法人,2023-09-07,0037003700390063
00929,復華台灣科技優息,143,8,135,國票-敦北法人,2023-09-07,0037003700390063
2313,華通,275,143,132,國票-敦北法人,2023-09-07,0037003700390063
2801,彰銀,114,0,114,國票-敦北法人,2023-09-07,0037003700390063
3702,大聯大,105,4,101,國票-敦北法人,2023-09-07,0037003700390063
6147,頎邦,113,13,100,國票-敦北法人,2023-09-07,0037003700390063
9910,豐泰,113,15,98,國票-敦北法人,2023-09-07,0037003700390063
6191,精成科,162,64,98,國票-敦北法人,2023-09-07,0037003700390063
2891,中信金,151,54,97,國票-敦北法人,2023-09-07,0037003700390063
8069,元太,124,32,92,國票-敦北法人,2023-09-07,0037003700390063
2615,萬海,116,27,89,國票-敦北法人,2023-09-07,0037003700390063
8112,至上,188,99,89,國票-敦北法人,2023-09-07,0037003700390063
2027,大成鋼,125,40,85,國票-敦北法人,2023-09-07,0037003700390063
3264,欣銓,88,6,82,國票-敦北法人,2023-09-07,0037003700390063
2337,旺宏,122,41,81,國票-敦北法人,2023-09-07,0037003700390063
5469,瀚宇博,100,19,81,國票-敦北法人,2023-09-07,0037003700390063
9938,百和,81,0,81,國票-敦北法人,2023-09-07,0037003700390063
2352,佳世達,172,92,80,國票-敦北法人,2023-09-07,0037003700390063
4915,致伸,117,40,77,國票-敦北法人,2023-09-07,0037003700390063
2880,華南金,76,0,76,國票-敦北法人,2023-09-07,0037003700390063
9904,寶成,99,24,75,國票-敦北法人,2023-09-07,0037003700390063
8050,廣積,93,19,74,國票-敦北法人,2023-09-07,0037003700390063
5371,中光電,86,15,71,國票-敦北法人,2023-09-07,0037003700390063
6274,台燿,178,107,71,國票-敦北法人,2023-09-07,0037003700390063
6271,同欣電,74,4,70,國票-敦北法人,2023-09-07,0037003700390063
2892,第一金,67,0,67,國票-敦北法人,2023-09-07,0037003700390063
6239,力成,70,5,65,國票-敦北法人,2023-09-07,0037003700390063
2330,台積電,64,1,63,國票-敦北法人,2023-09-07,0037003700390063
2385,群光,68,5,63,國票-敦北法人,2023-09-07,0037003700390063
2884,玉山金,107,47,60,國票-敦北法人,2023-09-07,0037003700390063
2886,兆豐金,60,0,60,國票-敦北法人,2023-09-07,0037003700390063
3231,緯創,155,95,60,國票-敦北法人,2023-09-07,0037003700390063
2324,仁寶,144,88,56,國票-敦北法人,2023-09-07,0037003700390063
2887,台新金,149,95,54,國票-敦北法人,2023-09-07,0037003700390063
3035,智原,196,142,54,國票-敦北法人,2023-09-07,0037003700390063
4938,和碩,60,6,54,國票-敦北法人,2023-09-07,0037003700390063
8016,矽創,56,2,54,國票-敦北法人,2023-09-07,0037003700390063
00919,群益台灣精選高息,54,0,54,國票-敦北法人,2023-09-07,0037003700390063
5880,合庫金,53,0,53,國票-敦北法人,2023-09-07,0037003700390063
6182,合晶,67,14,53,國票-敦北法人,2023-09-07,0037003700390063
6176,瑞儀,62,9,53,國票-敦北法人,2023-09-07,0037003700390063
1102,亞泥,82,30,52,國票-敦北法人,2023-09-07,0037003700390063
5876,上海商銀,51,0,51,國票-敦北法人,2023-09-07,0037003700390063
3045,台灣大,51,0,51,國票-敦北法人,2023-09-07,0037003700390063
00893,國泰智能電動車,2500,0,2500,國票-敦北法人,2023-09-08,0037003700390063
00830,國泰費城半導體,1000,0,1000,國票-敦北法人,2023-09-08,0037003700390063
00688L,國泰20年美債正2,360,0,360,國票-敦北法人,2023-09-08,0037003700390063
2303,聯電,230,47,183,國票-敦北法人,2023-09-08,0037003700390063
3014,聯陽,199,22,177,國票-敦北法人,2023-09-08,0037003700390063
9910,豐泰,157,25,132,國票-敦北法人,2023-09-08,0037003700390063
2727,王品,126,0,126,國票-敦北法人,2023-09-08,0037003700390063
6799,來頡,130,37,93,國票-敦北法人,2023-09-08,0037003700390063
4966,譜瑞-KY,71,0,71,國票-敦北法人,2023-09-08,0037003700390063
6285,啟��,156,92,64,國票-敦北法人,2023-09-08,0037003700390063
2376,技嘉,84,27,57,國票-敦北法人,2023-09-08,0037003700390063
8261,富鼎,55,0,55,國票-敦北法人,2023-09-08,0037003700390063
5206,坤悅,50,0,50,國票-敦北法人,2023-09-08,0037003700390063
00932,兆豐永續高息等權,50,0,50,國票-敦北法人,2023-09-08,0037003700390063
2317,鴻海,50,1,49,國票-敦北法人,2023-09-08,0037003700390063
3548,兆利,46,2,44,國票-敦北法人,2023-09-08,0037003700390063
2884,玉山金,81,39,42,國票-敦北法人,2023-09-08,0037003700390063
2530,華建,40,0,40,國票-敦北法人,2023-09-08,0037003700390063
3715,定穎投控,212,176,36,國票-敦北法人,2023-09-08,0037003700390063
00919,群益台灣精選高息,33,0,33,國票-敦北法人,2023-09-08,0037003700390063
2308,台達電,70,38,32,國票-敦北法人,2023-09-08,0037003700390063
00931B,統一美債20年,30,0,30,國票-敦北法人,2023-09-08,0037003700390063
00929,復華台灣科技優息,34,4,30,國票-敦北法人,2023-09-08,0037003700390063
1477,聚陽,31,1,30,國票-敦北法人,2023-09-08,0037003700390063
3324,雙鴻,87,58,29,國票-敦北法人,2023-09-08,0037003700390063
2382,廣達,624,596,28,國票-敦北法人,2023-09-08,0037003700390063
8227,巨有科技,28,2,26,國票-敦北法人,2023-09-08,0037003700390063
3287,廣寰科,25,0,25,國票-敦北法人,2023-09-08,0037003700390063
1101,台泥,118,97,21,國票-敦北法人,2023-09-08,0037003700390063
3443,創意,30,10,20,國票-敦北法人,2023-09-08,0037003700390063
2395,研華,20,0,20,國票-敦北法人,2023-09-08,0037003700390063
6451,訊芯-KY,43,23,20,國票-敦北法人,2023-09-08,0037003700390063
5269,祥碩,21,2,19,國票-敦北法人,2023-09-08,0037003700390063
2634,漢翔,47,29,18,國票-敦北法人,2023-09-08,0037003700390063
3213,茂訊,49,32,17,國票-敦北法人,2023-09-08,0037003700390063
6274,台燿,104,88,16,國票-敦北法人,2023-09-08,0037003700390063
3094,聯傑,15,0,15,國票-敦北法人,2023-09-08,0037003700390063
2329,華泰,76,62,14,國票-敦北法人,2023-09-08,0037003700390063
8033,雷虎,15,1,14,國票-敦北法人,2023-09-08,0037003700390063
4564,元翎,15,1,14,國票-敦北法人,2023-09-08,0037003700390063
8068,全達,13,0,13,國票-敦北法人,2023-09-08,0037003700390063
00902,中信電池及儲能,13,0,13,國票-敦北法人,2023-09-08,0037003700390063
6515,穎崴,13,0,13,國票-敦北法人,2023-09-08,0037003700390063
6523,達爾膚,14,1,13,國票-敦北法人,2023-09-08,0037003700390063
8358,金居,31,19,12,國票-敦北法人,2023-09-08,0037003700390063
2618,長榮航,221,209,12,國票-敦北法人,2023-09-08,0037003700390063
6792,詠業,11,0,11,國票-敦北法人,2023-09-08,0037003700390063
2405,輔信,13,2,11,國票-敦北法人,2023-09-08,0037003700390063
3416,融程電,10,0,10,國票-敦北法人,2023-09-08,0037003700390063
5225,東科-KY,20,10,10,國票-敦北法人,2023-09-08,0037003700390063
2337,旺宏,1059,28,1031,國票-敦北法人,2023-09-11,0037003700390063
2313,華通,861,27,834,國票-敦北法人,2023-09-11,0037003700390063
8112,至上,815,22,793,國票-敦北法人,2023-09-11,0037003700390063
3711,日月光投控,515,2,513,國票-敦北法人,2023-09-11,0037003700390063
8050,廣積,513,2,511,國票-敦北法人,2023-09-11,0037003700390063
4958,臻鼎-KY,465,0,465,國票-敦北法人,2023-09-11,0037003700390063
4938,和碩,398,0,398,國票-敦北法人,2023-09-11,0037003700390063
6176,瑞儀,394,5,389,國票-敦北法人,2023-09-11,0037003700390063
6285,啟��,375,7,368,國票-敦北法人,2023-09-11,0037003700390063
3044,健鼎,353,25,328,國票-敦北法人,2023-09-11,0037003700390063
3189,景碩,322,11,311,國票-敦北法人,2023-09-11,0037003700390063
6451,訊芯-KY,307,22,285,國票-敦北法人,2023-09-11,0037003700390063
2488,漢平,274,0,274,國票-敦北法人,2023-09-11,0037003700390063
3715,定穎投控,294,51,243,國票-敦北法人,2023-09-11,0037003700390063
3363,上詮,217,16,201,國票-敦北法人,2023-09-11,0037003700390063
8261,富鼎,114,1,113,國票-敦北法人,2023-09-11,0037003700390063
2458,義隆,119,14,105,國票-敦北法人,2023-09-11,0037003700390063
00919,群益台灣精選高息,93,0,93,國票-敦北法人,2023-09-11,0037003700390063
1517,利奇,91,0,91,國票-敦北法人,2023-09-11,0037003700390063
8086,宏捷科,96,10,86,國票-敦北法人,2023-09-11,0037003700390063
2383,台光電,117,35,82,國票-敦北法人,2023-09-11,0037003700390063
2301,光寶科,295,223,72,國票-敦北法人,2023-09-11,0037003700390063
4977,眾達-KY,59,4,55,國票-敦北法人,2023-09-11,0037003700390063
3014,聯陽,84,30,54,國票-敦北法人,2023-09-11,0037003700390063
00932,兆豐永續高息等權,70,21,49,國票-敦北法人,2023-09-11,0037003700390063
3188,鑫龍騰,40,0,40,國票-敦北法人,2023-09-11,0037003700390063
2352,佳世達,34,2,32,國票-敦北法人,2023-09-11,0037003700390063
2330,台積電,33,2,31,國票-敦北法人,2023-09-11,0037003700390063
2495,普安,31,0,31,國票-敦北法人,2023-09-11,0037003700390063
2618,長榮航,31,1,30,國票-敦北法人,2023-09-11,0037003700390063
6415,矽力*-KY,25,0,25,國票-敦北法人,2023-09-11,0037003700390063
8299,群聯,25,1,24,國票-敦北法人,2023-09-11,0037003700390063
2630,亞航,27,6,21,國票-敦北法人,2023-09-11,0037003700390063
1560,中砂,20,0,20,國票-敦北法人,2023-09-11,0037003700390063
3213,茂訊,29,9,20,國票-敦北法人,2023-09-11,0037003700390063
6782,視陽,20,1,19,國票-敦北法人,2023-09-11,0037003700390063
3481,群創,18,0,18,國票-敦北法人,2023-09-11,0037003700390063
3545,敦泰,20,2,18,國票-敦北法人,2023-09-11,0037003700390063
2312,金寶,47,30,17,國票-敦北法人,2023-09-11,0037003700390063
6585,鼎基,17,0,17,國票-敦北法人,2023-09-11,0037003700390063
6799,來頡,31,15,16,國票-敦北法人,2023-09-11,0037003700390063
6788,華景電,15,0,15,國票-敦北法人,2023-09-11,0037003700390063
2614,東森,15,0,15,國票-敦北法人,2023-09-11,0037003700390063
00673R,期元大S＆P原油反1,15,0,15,國票-敦北法人,2023-09-11,0037003700390063
6703,軒郁,14,0,14,國票-敦北法人,2023-09-11,0037003700390063
6770,力積電,14,0,14,國票-敦北法人,2023-09-11,0037003700390063
6284,佳邦,14,1,13,國票-敦北法人,2023-09-11,0037003700390063
3209,全科,12,0,12,國票-敦北法人,2023-09-11,0037003700390063
5215,科嘉-KY,14,2,12,國票-敦北法人,2023-09-11,0037003700390063
2454,聯發科,12,0,12,國票-敦北法人,2023-09-11,0037003700390063
2313,華通,1513,26,1487,國票-敦北法人,2023-09-12,0037003700390063
00929,復華台灣科技優息,663,0,663,國票-敦北法人,2023-09-12,0037003700390063
1319,東陽,580,101,479,國票-敦北法人,2023-09-12,0037003700390063
2382,廣達,411,36,375,國票-敦北法人,2023-09-12,0037003700390063
2368,金像電,301,3,298,國票-敦北法人,2023-09-12,0037003700390063
2363,矽統,292,70,222,國票-敦北法人,2023-09-12,0037003700390063
2402,毅嘉,242,21,221,國票-敦北法人,2023-09-12,0037003700390063
2634,漢翔,177,2,175,國票-敦北法人,2023-09-12,0037003700390063
2421,建準,168,1,167,國票-敦北法人,2023-09-12,0037003700390063
2376,技嘉,292,131,161,國票-敦北法人,2023-09-12,0037003700390063
3533,嘉澤,140,10,130,國票-敦北法人,2023-09-12,0037003700390063
1301,台塑,130,0,130,國票-敦北法人,2023-09-12,0037003700390063
1515,力山,133,13,120,國票-敦北法人,2023-09-12,0037003700390063
2383,台光電,121,5,116,國票-敦北法人,2023-09-12,0037003700390063
2727,王品,100,0,100,國票-敦北法人,2023-09-12,0037003700390063
3260,威剛,107,7,100,國票-敦北法人,2023-09-12,0037003700390063
5425,台半,102,8,94,國票-敦北法人,2023-09-12,0037003700390063
3704,合勤控,144,68,76,國票-敦北法人,2023-09-12,0037003700390063
3363,上詮,86,16,70,國票-敦北法人,2023-09-12,0037003700390063
1517,利奇,69,0,69,國票-敦北法人,2023-09-12,0037003700390063
3017,奇鋐,65,10,55,國票-敦北法人,2023-09-12,0037003700390063
8069,元太,56,2,54,國票-敦北法人,2023-09-12,0037003700390063
3443,創意,51,1,50,國票-敦北法人,2023-09-12,0037003700390063
2401,凌陽,50,0,50,國票-敦北法人,2023-09-12,0037003700390063
3162,精確,50,0,50,國票-敦北法人,2023-09-12,0037003700390063
6523,達爾膚,43,0,43,國票-敦北法人,2023-09-12,0037003700390063
2385,群光,40,0,40,國票-敦北法人,2023-09-12,0037003700390063
9938,百和,40,0,40,國票-敦北法人,2023-09-12,0037003700390063
5371,中光電,35,0,35,國票-敦北法人,2023-09-12,0037003700390063
2417,圓剛,32,0,32,國票-敦北法人,2023-09-12,0037003700390063
00673R,期元大S＆P原油反1,30,0,30,國票-敦北法人,2023-09-12,0037003700390063
00655L,國泰中國A50正2,30,0,30,國票-敦北法人,2023-09-12,0037003700390063
3693,營邦,39,9,30,國票-敦北法人,2023-09-12,0037003700390063
1471,首利,31,2,29,國票-敦北法人,2023-09-12,0037003700390063
5347,世界,29,2,27,國票-敦北法人,2023-09-12,0037003700390063
6415,矽力*-KY,26,1,25,國票-敦北法人,2023-09-12,0037003700390063
1519,華城,25,0,25,國票-敦北法人,2023-09-12,0037003700390063
6005,群益證,24,0,24,國票-敦北法人,2023-09-12,0037003700390063
3479,安勤,23,0,23,國票-敦北法人,2023-09-12,0037003700390063
6235,華孚,47,25,22,國票-敦北法人,2023-09-12,0037003700390063
3323,加百裕,21,0,21,國票-敦北法人,2023-09-12,0037003700390063
6799,來頡,28,10,18,國票-敦北法人,2023-09-12,0037003700390063
3231,緯創,63,46,17,國票-敦北法人,2023-09-12,0037003700390063
4966,譜瑞-KY,21,4,17,國票-敦北法人,2023-09-12,0037003700390063
2308,台達電,16,0,16,國票-敦北法人,2023-09-12,0037003700390063
0056,元大高股息,15,0,15,國票-敦北法人,2023-09-12,0037003700390063
2327,國巨,19,4,15,國票-敦北法人,2023-09-12,0037003700390063
6120,達運,38,24,14,國票-敦北法人,2023-09-12,0037003700390063
6139,亞翔,13,0,13,國票-敦北法人,2023-09-12,0037003700390063
00919,群益台灣精選高息,22,9,13,國票-敦北法人,2023-09-12,0037003700390063
2382,廣達,1168,6,1162,國票-敦北法人,2023-09-13,0037003700390063
4908,前鼎,1055,25,1030,國票-敦北法人,2023-09-13,0037003700390063
2454,聯發科,582,2,580,國票-敦北法人,2023-09-13,0037003700390063
2363,矽統,736,158,578,國票-敦北法人,2023-09-13,0037003700390063
3715,定穎投控,528,174,354,國票-敦北法人,2023-09-13,0037003700390063
2354,鴻準,182,1,181,國票-敦北法人,2023-09-13,0037003700390063
1215,卜蜂,180,2,178,國票-敦北法人,2023-09-13,0037003700390063
3035,智原,245,73,172,國票-敦北法人,2023-09-13,0037003700390063
9939,宏全,156,0,156,國票-敦北法人,2023-09-13,0037003700390063
2317,鴻海,165,18,147,國票-敦北法人,2023-09-13,0037003700390063
00919,群益台灣精選高息,100,0,100,國票-敦北法人,2023-09-13,0037003700390063
6176,瑞儀,98,5,93,國票-敦北法人,2023-09-13,0037003700390063
2401,凌陽,80,0,80,國票-敦北法人,2023-09-13,0037003700390063
3363,上詮,180,101,79,國票-敦北法人,2023-09-13,0037003700390063
6679,鈺太,80,5,75,國票-敦北法人,2023-09-13,0037003700390063
2458,義隆,72,1,71,國票-敦北法人,2023-09-13,0037003700390063
2374,佳能,71,0,71,國票-敦北法人,2023-09-13,0037003700390063
6715,嘉基,66,0,66,國票-敦北法人,2023-09-13,0037003700390063
2379,瑞昱,60,1,59,國票-敦北法人,2023-09-13,0037003700390063
6121,新普,90,32,58,國票-敦北法人,2023-09-13,0037003700390063
2383,台光電,79,27,52,國票-敦北法人,2023-09-13,0037003700390063
2308,台達電,52,1,51,國票-敦北法人,2023-09-13,0037003700390063
2402,毅嘉,58,7,51,國票-敦北法人,2023-09-13,0037003700390063
3323,加百裕,52,4,48,國票-敦北法人,2023-09-13,0037003700390063
1515,力山,87,44,43,國票-敦北法人,2023-09-13,0037003700390063
2385,群光,81,41,40,國票-敦北法人,2023-09-13,0037003700390063
3443,創意,46,6,40,國票-敦北法人,2023-09-13,0037003700390063
4966,譜瑞-KY,39,0,39,國票-敦北法人,2023-09-13,0037003700390063
2357,華碩,33,1,32,國票-敦北法人,2023-09-13,0037003700390063
6806,森崴能源,30,0,30,國票-敦北法人,2023-09-13,0037003700390063
5269,祥碩,27,2,25,國票-敦北法人,2023-09-13,0037003700390063
4702,中美實,23,0,23,國票-敦北法人,2023-09-13,0037003700390063
2497,怡利電,55,33,22,國票-敦北法人,2023-09-13,0037003700390063
3025,星通,27,6,21,國票-敦北法人,2023-09-13,0037003700390063
2201,裕隆,22,1,21,國票-敦北法人,2023-09-13,0037003700390063
6515,穎崴,20,0,20,國票-敦北法人,2023-09-13,0037003700390063
3209,全科,19,1,18,國票-敦北法人,2023-09-13,0037003700390063
3548,兆利,36,18,18,國票-敦北法人,2023-09-13,0037003700390063
9950,萬國通,18,0,18,國票-敦北法人,2023-09-13,0037003700390063
2419,仲琦,17,0,17,國票-敦北法人,2023-09-13,0037003700390063
2884,玉山金,15,0,15,國票-敦北法人,2023-09-13,0037003700390063
2736,富野,15,0,15,國票-敦北法人,2023-09-13,0037003700390063
6542,隆中,14,0,14,國票-敦北法人,2023-09-13,0037003700390063
2313,華通,14,0,14,國票-敦北法人,2023-09-13,0037003700390063
8442,威宏-KY,12,0,12,國票-敦北法人,2023-09-13,0037003700390063
3661,世芯-KY,15,3,12,國票-敦北法人,2023-09-13,0037003700390063
2610,華航,18,7,11,國票-敦北法人,2023-09-13,0037003700390063
4120,友華,10,0,10,國票-敦北法人,2023-09-13,0037003700390063
00881,國泰台灣5G+,10,0,10,國票-敦北法人,2023-09-13,0037003700390063
1471,首利,10,0,10,國票-敦北法人,2023-09-13,0037003700390063
00929,復華台灣科技優息,731,0,731,國票-敦北法人,2023-09-14,0037003700390063
1326,台化,518,0,518,國票-敦北法人,2023-09-14,0037003700390063
3715,定穎投控,518,124,394,國票-敦北法人,2023-09-14,0037003700390063
6235,華孚,418,37,381,國票-敦北法人,2023-09-14,0037003700390063
2486,一詮,415,76,339,國票-敦北法人,2023-09-14,0037003700390063
3017,奇鋐,241,5,236,國票-敦北法人,2023-09-14,0037003700390063
3548,兆利,205,0,205,國票-敦北法人,2023-09-14,0037003700390063
3617,碩天,200,3,197,國票-敦北法人,2023-09-14,0037003700390063
8210,勤誠,169,7,162,國票-敦北法人,2023-09-14,0037003700390063
6451,訊芯-KY,164,14,150,國票-敦北法人,2023-09-14,0037003700390063
3596,智易,151,1,150,國票-敦北法人,2023-09-14,0037003700390063
2382,廣達,260,112,148,國票-敦北法人,2023-09-14,0037003700390063
3035,智原,151,19,132,國票-敦北法人,2023-09-14,0037003700390063
4979,華星光,203,82,121,國票-敦北法人,2023-09-14,0037003700390063
8227,巨有科技,114,2,112,國票-敦北法人,2023-09-14,0037003700390063
00632R,元大台灣50反1,103,0,103,國票-敦北法人,2023-09-14,0037003700390063
3231,緯創,139,60,79,國票-敦北法人,2023-09-14,0037003700390063
1476,儒鴻,78,0,78,國票-敦北法人,2023-09-14,0037003700390063
3081,聯亞,82,4,78,國票-敦北法人,2023-09-14,0037003700390063
8358,金居,83,6,77,國票-敦北法人,2023-09-14,0037003700390063
2455,全新,72,0,72,國票-敦北法人,2023-09-14,0037003700390063
5425,台半,61,2,59,國票-敦北法人,2023-09-14,0037003700390063
3324,雙鴻,67,9,58,國票-敦北法人,2023-09-14,0037003700390063
8261,富鼎,56,0,56,國票-敦北法人,2023-09-14,0037003700390063
6285,啟��,68,14,54,國票-敦北法人,2023-09-14,0037003700390063
2912,統一超,50,0,50,國票-敦北法人,2023-09-14,0037003700390063
00900,富邦特選高股息30,47,0,47,國票-敦北法人,2023-09-14,0037003700390063
2059,川湖,45,0,45,國票-敦北法人,2023-09-14,0037003700390063
00907,永豐優息存股,42,0,42,國票-敦北法人,2023-09-14,0037003700390063
2357,華碩,42,1,41,國票-敦北法人,2023-09-14,0037003700390063
6799,來頡,75,38,37,國票-敦北法人,2023-09-14,0037003700390063
2371,大同,41,5,36,國票-敦北法人,2023-09-14,0037003700390063
2233,宇隆,53,18,35,國票-敦北法人,2023-09-14,0037003700390063
5439,高技,36,1,35,國票-敦北法人,2023-09-14,0037003700390063
4977,眾達-KY,366,334,32,國票-敦北法人,2023-09-14,0037003700390063
1229,聯華,30,0,30,國票-敦北法人,2023-09-14,0037003700390063
3014,聯陽,34,5,29,國票-敦北法人,2023-09-14,0037003700390063
2345,智邦,27,1,26,國票-敦北法人,2023-09-14,0037003700390063
6188,廣明,26,1,25,國票-敦北法人,2023-09-14,0037003700390063
00919,群益台灣精選高息,31,6,25,國票-敦北法人,2023-09-14,0037003700390063
2204,中華,25,2,23,國票-敦北法人,2023-09-14,0037003700390063
3162,精確,27,5,22,國票-敦北法人,2023-09-14,0037003700390063
2630,亞航,45,25,20,國票-敦北法人,2023-09-14,0037003700390063
4966,譜瑞-KY,41,21,20,國票-敦北法人,2023-09-14,0037003700390063
2462,良得電,18,0,18,國票-敦北法人,2023-09-14,0037003700390063
3682,亞太電,18,0,18,國票-敦北法人,2023-09-14,0037003700390063
5321,美而快,19,1,18,國票-敦北法人,2023-09-14,0037003700390063
5289,宜鼎,17,0,17,國票-敦北法人,2023-09-14,0037003700390063
1785,光洋科,20,3,17,國票-敦北法人,2023-09-14,0037003700390063
2388,威盛,24,7,17,國票-敦北法人,2023-09-14,0037003700390063
1326,台化,1424,0,1424,國票-敦北法人,2023-09-15,0037003700390063
2337,旺宏,1380,6,1374,國票-敦北法人,2023-09-15,0037003700390063
3702,大聯大,1059,4,1055,國票-敦北法人,2023-09-15,0037003700390063
6182,合晶,1026,2,1024,國票-敦北法人,2023-09-15,0037003700390063
3044,健鼎,977,11,966,國票-敦北法人,2023-09-15,0037003700390063
2449,京元電子,941,4,937,國票-敦北法人,2023-09-15,0037003700390063
8112,至上,944,8,936,國票-敦北法人,2023-09-15,0037003700390063
2313,華通,968,113,855,國票-敦北法人,2023-09-15,0037003700390063
2352,佳世達,775,10,765,國票-敦北法人,2023-09-15,0037003700390063
3715,定穎投控,891,211,680,國票-敦北法人,2023-09-15,0037003700390063
6285,啟��,683,6,677,國票-敦北法人,2023-09-15,0037003700390063
6176,瑞儀,516,3,513,國票-敦北法人,2023-09-15,0037003700390063
8016,矽創,447,5,442,國票-敦北法人,2023-09-15,0037003700390063
3189,景碩,411,3,408,國票-敦北法人,2023-09-15,0037003700390063
00929,復華台灣科技優息,408,2,406,國票-敦北法人,2023-09-15,0037003700390063
3711,日月光投控,439,38,401,國票-敦北法人,2023-09-15,0037003700390063
2301,光寶科,380,3,377,國票-敦北法人,2023-09-15,0037003700390063
00688L,國泰20年美債正2,360,0,360,國票-敦北法人,2023-09-15,0037003700390063
3014,聯陽,388,46,342,國票-敦北法人,2023-09-15,0037003700390063
2455,全新,336,0,336,國票-敦北法人,2023-09-15,0037003700390063
1304,台聚,256,0,256,國票-敦北法人,2023-09-15,0037003700390063
8054,安國,260,51,209,國票-敦北法人,2023-09-15,0037003700390063
2103,台橡,208,0,208,國票-敦北法人,2023-09-15,0037003700390063
2404,漢唐,231,36,195,國票-敦北法人,2023-09-15,0037003700390063
3363,上詮,335,186,149,國票-敦北法人,2023-09-15,0037003700390063
3034,聯詠,157,9,148,國票-敦北法人,2023-09-15,0037003700390063
2363,矽統,358,219,139,國票-敦北法人,2023-09-15,0037003700390063
6235,華孚,132,0,132,國票-敦北法人,2023-09-15,0037003700390063
1215,卜蜂,130,0,130,國票-敦北法人,2023-09-15,0037003700390063
2379,瑞昱,133,7,126,國票-敦北法人,2023-09-15,0037003700390063
2454,聯發科,127,20,107,國票-敦北法人,2023-09-15,0037003700390063
2486,一詮,202,97,105,國票-敦北法人,2023-09-15,0037003700390063
2458,義隆,107,4,103,國票-敦北法人,2023-09-15,0037003700390063
2382,廣達,116,15,101,國票-敦北法人,2023-09-15,0037003700390063
8227,巨有科技,114,18,96,國票-敦北法人,2023-09-15,0037003700390063
6223,旺矽,92,3,89,國票-敦北法人,2023-09-15,0037003700390063
6442,光聖,73,10,63,國票-敦北法人,2023-09-15,0037003700390063
8938,明安,52,0,52,國票-敦北法人,2023-09-15,0037003700390063
2645,長榮航太,51,0,51,國票-敦北法人,2023-09-15,0037003700390063
2031,新光鋼,50,0,50,國票-敦北法人,2023-09-15,0037003700390063
9958,世紀鋼,69,19,50,國票-敦北法人,2023-09-15,0037003700390063
6531,愛普*,57,9,48,國票-敦北法人,2023-09-15,0037003700390063
2344,華邦電,102,61,41,國票-敦北法人,2023-09-15,0037003700390063
2108,南帝,40,0,40,國票-敦北法人,2023-09-15,0037003700390063
2383,台光電,87,48,39,國票-敦北法人,2023-09-15,0037003700390063
00896,中信綠能及電動車,37,0,37,國票-敦北法人,2023-09-15,0037003700390063
3533,嘉澤,34,1,33,國票-敦北法人,2023-09-15,0037003700390063
6213,聯茂,32,0,32,國票-敦北法人,2023-09-15,0037003700390063
1229,聯華,31,0,31,國票-敦北法人,2023-09-15,0037003700390063
3704,合勤控,32,1,31,國票-敦北法人,2023-09-15,0037003700390063
2313,華通,1465,639,826,國票-敦北法人,2023-09-18,0037003700390063
2367,燿華,1201,598,603,國票-敦北法人,2023-09-18,0037003700390063
00688L,國泰20年美債正2,360,0,360,國票-敦北法人,2023-09-18,0037003700390063
0056,元大高股息,205,0,205,國票-敦北法人,2023-09-18,0037003700390063
2363,矽統,503,319,184,國票-敦北法人,2023-09-18,0037003700390063
1319,東陽,123,10,113,國票-敦北法人,2023-09-18,0037003700390063
3491,昇達科,109,1,108,國票-敦北法人,2023-09-18,0037003700390063
1402,遠東新,102,1,101,國票-敦北法人,2023-09-18,0037003700390063
00919,群益台灣精選高息,90,1,89,國票-敦北法人,2023-09-18,0037003700390063
2395,研華,87,0,87,國票-敦北法人,2023-09-18,0037003700390063
2603,長榮,91,8,83,國票-敦北法人,2023-09-18,0037003700390063
2454,聯發科,84,2,82,國票-敦北法人,2023-09-18,0037003700390063
2486,一詮,78,0,78,國票-敦北法人,2023-09-18,0037003700390063
4966,譜瑞-KY,63,1,62,國票-敦北法人,2023-09-18,0037003700390063
9938,百和,61,0,61,國票-敦北法人,2023-09-18,0037003700390063
4129,聯合,61,0,61,國票-敦北法人,2023-09-18,0037003700390063
1522,堤維西,72,12,60,國票-敦北法人,2023-09-18,0037003700390063
2330,台積電,59,1,58,國票-敦北法人,2023-09-18,0037003700390063
2883,凱基金,50,0,50,國票-敦北法人,2023-09-18,0037003700390063
5263,智崴,46,0,46,國票-敦北法人,2023-09-18,0037003700390063
1723,中碳,37,0,37,國票-敦北法人,2023-09-18,0037003700390063
4702,中美實,33,0,33,國票-敦北法人,2023-09-18,0037003700390063
2887,台新金,33,0,33,國票-敦北法人,2023-09-18,0037003700390063
2890,永豐金,34,3,31,國票-敦北法人,2023-09-18,0037003700390063
3202,樺晟,31,0,31,國票-敦北法人,2023-09-18,0037003700390063
2002,中鋼,30,0,30,國票-敦北法人,2023-09-18,0037003700390063
6150,撼訊,30,0,30,國票-敦北法人,2023-09-18,0037003700390063
00878,國泰永續高股息,30,0,30,國票-敦北法人,2023-09-18,0037003700390063
2382,廣達,34,4,30,國票-敦北法人,2023-09-18,0037003700390063
6770,力積電,30,4,26,國票-敦北法人,2023-09-18,0037003700390063
5269,祥碩,31,7,24,國票-敦北法人,2023-09-18,0037003700390063
6531,愛普*,44,20,24,國票-敦北法人,2023-09-18,0037003700390063
3450,聯鈞,42,18,24,國票-敦北法人,2023-09-18,0037003700390063
3529,力旺,23,1,22,國票-敦北法人,2023-09-18,0037003700390063
9914,美利達,22,0,22,國票-敦北法人,2023-09-18,0037003700390063
2059,川湖,22,1,21,國票-敦北法人,2023-09-18,0037003700390063
4979,華星光,44,24,20,國票-敦北法人,2023-09-18,0037003700390063
1477,聚陽,20,0,20,國票-敦北法人,2023-09-18,0037003700390063
6235,華孚,23,3,20,國票-敦北法人,2023-09-18,0037003700390063
4961,天鈺,21,1,20,國票-敦北法人,2023-09-18,0037003700390063
8358,金居,20,2,18,國票-敦北法人,2023-09-18,0037003700390063
1471,首利,17,1,16,國票-敦北法人,2023-09-18,0037003700390063
2915,潤泰全,15,0,15,國票-敦北法人,2023-09-18,0037003700390063
8210,勤誠,23,9,14,國票-敦北法人,2023-09-18,0037003700390063
2303,聯電,13,1,12,國票-敦北法人,2023-09-18,0037003700390063
2634,漢翔,22,10,12,國票-敦北法人,2023-09-18,0037003700390063
0050,元大台灣50,11,0,11,國票-敦北法人,2023-09-18,0037003700390063
4944,兆遠,15,4,11,國票-敦北法人,2023-09-18,0037003700390063
00882,中信中國高股息,10,0,10,國票-敦北法人,2023-09-18,0037003700390063
6488,環球晶,11,1,10,國票-敦北法人,2023-09-18,0037003700390063
2344,華邦電,800,10,790,國票-敦北法人,2023-09-19,0037003700390063
2354,鴻準,745,63,682,國票-敦北法人,2023-09-19,0037003700390063
1514,亞力,575,25,550,國票-敦北法人,2023-09-19,0037003700390063
2882,國泰金,528,0,528,國票-敦北法人,2023-09-19,0037003700390063
0056,元大高股息,402,0,402,國票-敦北法人,2023-09-19,0037003700390063
2881,富邦金,367,0,367,國票-敦北法人,2023-09-19,0037003700390063
3265,台星科,346,10,336,國票-敦北法人,2023-09-19,0037003700390063
6285,啟��,215,10,205,國票-敦北法人,2023-09-19,0037003700390063
00878,國泰永續高股息,205,0,205,國票-敦北法人,2023-09-19,0037003700390063
2385,群光,201,1,200,國票-敦北法人,2023-09-19,0037003700390063
3617,碩天,196,9,187,國票-敦北法人,2023-09-19,0037003700390063
3042,晶技,172,3,169,國票-敦北法人,2023-09-19,0037003700390063
4129,聯合,165,0,165,國票-敦北法人,2023-09-19,0037003700390063
2303,聯電,157,2,155,國票-敦北法人,2023-09-19,0037003700390063
00744B,國泰中國政金債5+,150,0,150,國票-敦北法人,2023-09-19,0037003700390063
2330,台積電,136,1,135,國票-敦北法人,2023-09-19,0037003700390063
2345,智邦,135,5,130,國票-敦北法人,2023-09-19,0037003700390063
1723,中碳,120,1,119,國票-敦北法人,2023-09-19,0037003700390063
2353,宏��,100,2,98,國票-敦北法人,2023-09-19,0037003700390063
6451,訊芯-KY,114,32,82,國票-敦北法人,2023-09-19,0037003700390063
5483,中美晶,100,22,78,國票-敦北法人,2023-09-19,0037003700390063
2002,中鋼,79,2,77,國票-敦北法人,2023-09-19,0037003700390063
2884,玉山金,77,0,77,國票-敦北法人,2023-09-19,0037003700390063
2883,凱基金,78,3,75,國票-敦北法人,2023-09-19,0037003700390063
2368,金像電,305,238,67,國票-敦北法人,2023-09-19,0037003700390063
2887,台新金,60,0,60,國票-敦北法人,2023-09-19,0037003700390063
2885,元大金,61,1,60,國票-敦北法人,2023-09-19,0037003700390063
2890,永豐金,58,0,58,國票-敦北法人,2023-09-19,0037003700390063
2317,鴻海,62,5,57,國票-敦北法人,2023-09-19,0037003700390063
2371,大同,61,4,57,國票-敦北法人,2023-09-19,0037003700390063
2892,第一金,55,0,55,國票-敦北法人,2023-09-19,0037003700390063
5880,合庫金,54,0,54,國票-敦北法人,2023-09-19,0037003700390063
2880,華南金,53,0,53,國票-敦北法人,2023-09-19,0037003700390063
2313,華通,523,472,51,國票-敦北法人,2023-09-19,0037003700390063
3443,創意,52,2,50,國票-敦北法人,2023-09-19,0037003700390063
2382,廣達,55,11,44,國票-敦北法人,2023-09-19,0037003700390063
00929,復華台灣科技優息,44,1,43,國票-敦北法人,2023-09-19,0037003700390063
1101,台泥,41,0,41,國票-敦北法人,2023-09-19,0037003700390063
3036,文曄,49,15,34,國票-敦北法人,2023-09-19,0037003700390063
2801,彰銀,34,0,34,國票-敦北法人,2023-09-19,0037003700390063
6235,華孚,38,7,31,國票-敦北法人,2023-09-19,0037003700390063
1477,聚陽,30,0,30,國票-敦北法人,2023-09-19,0037003700390063
1108,幸福,30,0,30,國票-敦北法人,2023-09-19,0037003700390063
2412,中華電,29,0,29,國票-敦北法人,2023-09-19,0037003700390063
1303,南亞,31,2,29,國票-敦北法人,2023-09-19,0037003700390063
1216,統一,24,0,24,國票-敦北法人,2023-09-19,0037003700390063
8027,鈦昇,24,0,24,國票-敦北法人,2023-09-19,0037003700390063
00919,群益台灣精選高息,23,1,22,國票-敦北法人,2023-09-19,0037003700390063
4938,和碩,21,0,21,國票-敦北法人,2023-09-19,0037003700390063
2618,長榮航,26,6,20,國票-敦北法人,2023-09-19,0037003700390063
2337,旺宏,1133,0,1133,國票-敦北法人,2023-09-20,0037003700390063
00861,元大全球未來通訊,1000,0,1000,國票-敦北法人,2023-09-20,0037003700390063
2303,聯電,875,0,875,國票-敦北法人,2023-09-20,0037003700390063
3702,大聯大,869,0,869,國票-敦北法人,2023-09-20,0037003700390063
6182,合晶,844,3,841,國票-敦北法人,2023-09-20,0037003700390063
8112,至上,847,8,839,國票-敦北法人,2023-09-20,0037003700390063
2353,宏��,838,0,838,國票-敦北法人,2023-09-20,0037003700390063
6191,精成科,809,0,809,國票-敦北法人,2023-09-20,0037003700390063
2313,華通,967,331,636,國票-敦北法人,2023-09-20,0037003700390063
00876,元大全球5G,489,0,489,國票-敦北法人,2023-09-20,0037003700390063
00688L,國泰20年美債正2,360,0,360,國票-敦北法人,2023-09-20,0037003700390063
6176,瑞儀,380,147,233,國票-敦北法人,2023-09-20,0037003700390063
2330,台積電,207,0,207,國票-敦北法人,2023-09-20,0037003700390063
2637,慧洋-KY,201,2,199,國票-敦北法人,2023-09-20,0037003700390063
3231,緯創,425,238,187,國票-敦北法人,2023-09-20,0037003700390063
2354,鴻準,269,93,176,國票-敦北法人,2023-09-20,0037003700390063
2376,技嘉,153,14,139,國票-敦北法人,2023-09-20,0037003700390063
6285,啟��,278,145,133,國票-敦北法人,2023-09-20,0037003700390063
3034,聯詠,112,0,112,國票-敦北法人,2023-09-20,0037003700390063
0056,元大高股息,102,0,102,國票-敦北法人,2023-09-20,0037003700390063
00932,兆豐永續高息等權,90,0,90,國票-敦北法人,2023-09-20,0037003700390063
2454,聯發科,113,23,90,國票-敦北法人,2023-09-20,0037003700390063
5234,達興材料,82,0,82,國票-敦北法人,2023-09-20,0037003700390063
2408,南亞科,74,8,66,國票-敦北法人,2023-09-20,0037003700390063
2723,美食-KY,59,0,59,國票-敦北法人,2023-09-20,0037003700390063
2460,建通,60,2,58,國票-敦北法人,2023-09-20,0037003700390063
1514,亞力,55,0,55,國票-敦北法人,2023-09-20,0037003700390063
3029,零壹,51,0,51,國票-敦北法人,2023-09-20,0037003700390063
4129,聯合,35,1,34,國票-敦北法人,2023-09-20,0037003700390063
4961,天鈺,40,6,34,國票-敦北法人,2023-09-20,0037003700390063
3036,文曄,39,7,32,國票-敦北法人,2023-09-20,0037003700390063
2368,金像電,26,3,23,國票-敦北法人,2023-09-20,0037003700390063
9910,豐泰,22,0,22,國票-敦北法人,2023-09-20,0037003700390063
2352,佳世達,21,0,21,國票-敦北法人,2023-09-20,0037003700390063
1101,台泥,21,0,21,國票-敦北法人,2023-09-20,0037003700390063
2104,國際中橡,20,0,20,國票-敦北法人,2023-09-20,0037003700390063
3545,敦泰,22,3,19,國票-敦北法人,2023-09-20,0037003700390063
3276,宇環,34,16,18,國票-敦北法人,2023-09-20,0037003700390063
2367,燿華,60,44,16,國票-敦北法人,2023-09-20,0037003700390063
3138,耀登,16,1,15,國票-敦北法人,2023-09-20,0037003700390063
00919,群益台灣精選高息,15,0,15,國票-敦北法人,2023-09-20,0037003700390063
6117,迎廣,15,0,15,國票-敦北法人,2023-09-20,0037003700390063
6205,詮欣,15,0,15,國票-敦北法人,2023-09-20,0037003700390063
1524,耿鼎,15,0,15,國票-敦北法人,2023-09-20,0037003700390063
2913,農林,15,0,15,國票-敦北法人,2023-09-20,0037003700390063
2385,群光,15,1,14,國票-敦北法人,2023-09-20,0037003700390063
6150,撼訊,13,0,13,國票-敦北法人,2023-09-20,0037003700390063
5263,智崴,12,0,12,國票-敦北法人,2023-09-20,0037003700390063
2610,華航,13,1,12,國票-敦北法人,2023-09-20,0037003700390063
3037,欣興,32,21,11,國票-敦北法人,2023-09-20,0037003700390063
1605,華新,1457,0,1457,國票-敦北法人,2023-09-21,0037003700390063
00929,復華台灣科技優息,390,5,385,國票-敦北法人,2023-09-21,0037003700390063
2376,技嘉,190,41,149,國票-敦北法人,2023-09-21,0037003700390063
2313,華通,421,283,138,國票-敦北法人,2023-09-21,0037003700390063
6271,同欣電,131,11,120,國票-敦北法人,2023-09-21,0037003700390063
2317,鴻海,101,1,100,國票-敦北法人,2023-09-21,0037003700390063
2303,聯電,101,2,99,國票-敦北法人,2023-09-21,0037003700390063
2884,玉山金,83,0,83,國票-敦北法人,2023-09-21,0037003700390063
0050,元大台灣50,108,30,78,國票-敦北法人,2023-09-21,0037003700390063
3450,聯鈞,138,61,77,國票-敦北法人,2023-09-21,0037003700390063
3037,欣興,87,13,74,國票-敦北法人,2023-09-21,0037003700390063
2353,宏��,60,0,60,國票-敦北法人,2023-09-21,0037003700390063
3231,緯創,240,188,52,國票-敦北法人,2023-09-21,0037003700390063
2330,台積電,52,8,44,國票-敦北法人,2023-09-21,0037003700390063
00637L,元大滬深300正2,40,0,40,國票-敦北法人,2023-09-21,0037003700390063
1101,台泥,38,0,38,國票-敦北法人,2023-09-21,0037003700390063
4129,聯合,35,0,35,國票-敦北法人,2023-09-21,0037003700390063
00919,群益台灣精選高息,33,0,33,國票-敦北法人,2023-09-21,0037003700390063
6531,愛普*,57,26,31,國票-敦北法人,2023-09-21,0037003700390063
2352,佳世達,30,0,30,國票-敦北法人,2023-09-21,0037003700390063
2610,華航,35,7,28,國票-敦北法人,2023-09-21,0037003700390063
8069,元太,30,4,26,國票-敦北法人,2023-09-21,0037003700390063
00923,群益台ESG低碳50,26,0,26,國票-敦北法人,2023-09-21,0037003700390063
1590,亞德客-KY,26,0,26,國票-敦北法人,2023-09-21,0037003700390063
2201,裕隆,25,0,25,國票-敦北法人,2023-09-21,0037003700390063
00878,國泰永續高股息,24,1,23,國票-敦北法人,2023-09-21,0037003700390063
6285,啟��,52,29,23,國票-敦北法人,2023-09-21,0037003700390063
2606,裕民,33,10,23,國票-敦北法人,2023-09-21,0037003700390063
2010,春源,21,0,21,國票-敦北法人,2023-09-21,0037003700390063
4105,東洋,20,0,20,國票-敦北法人,2023-09-21,0037003700390063
6605,帝寶,20,0,20,國票-敦北法人,2023-09-21,0037003700390063
3024,憶聲,20,0,20,國票-敦北法人,2023-09-21,0037003700390063
00932,兆豐永續高息等權,20,0,20,國票-敦北法人,2023-09-21,0037003700390063
3706,神達,25,8,17,國票-敦北法人,2023-09-21,0037003700390063
8028,昇陽半導體,22,6,16,國票-敦北法人,2023-09-21,0037003700390063
3443,創意,17,2,15,國票-敦北法人,2023-09-21,0037003700390063
3287,廣寰科,15,0,15,國票-敦北法人,2023-09-21,0037003700390063
5328,華容,15,0,15,國票-敦北法人,2023-09-21,0037003700390063
1809,中釉,28,14,14,國票-敦北法人,2023-09-21,0037003700390063
1477,聚陽,13,0,13,國票-敦北法人,2023-09-21,0037003700390063
4702,中美實,13,0,13,國票-敦北法人,2023-09-21,0037003700390063
3206,志豐,13,0,13,國票-敦北法人,2023-09-21,0037003700390063
5371,中光電,12,0,12,國票-敦北法人,2023-09-21,0037003700390063
3645,達邁,12,0,12,國票-敦北法人,2023-09-21,0037003700390063
2382,廣達,70,59,11,國票-敦北法人,2023-09-21,0037003700390063
2363,矽統,167,157,10,國票-敦北法人,2023-09-21,0037003700390063
2913,農林,10,0,10,國票-敦北法人,2023-09-21,0037003700390063
1723,中碳,10,0,10,國票-敦北法人,2023-09-21,0037003700390063
5439,高技,10,0,10,國票-敦北法人,2023-09-21,0037003700390063
2328,廣宇,10,0,10,國票-敦北法人,2023-09-21,0037003700390063
2408,南亞科,554,0,554,國票-敦北法人,2023-09-22,0037003700390063
2376,技嘉,408,61,347,國票-敦北法人,2023-09-22,0037003700390063
3450,聯鈞,489,161,328,國票-敦北法人,2023-09-22,0037003700390063
2382,廣達,309,13,296,國票-敦北法人,2023-09-22,0037003700390063
1584,精剛,308,31,277,國票-敦北法人,2023-09-22,0037003700390063
2313,華通,260,7,253,國票-敦北法人,2023-09-22,0037003700390063
3017,奇鋐,179,26,153,國票-敦北法人,2023-09-22,0037003700390063
3715,定穎投控,504,353,151,國票-敦北法人,2023-09-22,0037003700390063
3491,昇達科,100,2,98,國票-敦北法人,2023-09-22,0037003700390063
1815,富喬,103,5,98,國票-敦北法人,2023-09-22,0037003700390063
2345,智邦,90,0,90,國票-敦北法人,2023-09-22,0037003700390063
2204,中華,60,1,59,國票-敦北法人,2023-09-22,0037003700390063
3617,碩天,54,1,53,國票-敦北法人,2023-09-22,0037003700390063
6271,同欣電,55,4,51,國票-敦北法人,2023-09-22,0037003700390063
2371,大同,50,0,50,國票-敦北法人,2023-09-22,0037003700390063
1560,中砂,52,4,48,國票-敦北法人,2023-09-22,0037003700390063
2330,台積電,59,19,40,國票-敦北法人,2023-09-22,0037003700390063
8033,雷虎,40,0,40,國票-敦北法人,2023-09-22,0037003700390063
00862B,中信投資級公司債,30,0,30,國票-敦北法人,2023-09-22,0037003700390063
6531,愛普*,39,11,28,國票-敦北法人,2023-09-22,0037003700390063
3042,晶技,30,3,27,國票-敦北法人,2023-09-22,0037003700390063
3363,上詮,78,52,26,國票-敦北法人,2023-09-22,0037003700390063
2405,輔信,22,0,22,國票-敦北法人,2023-09-22,0037003700390063
3276,宇環,20,0,20,國票-敦北法人,2023-09-22,0037003700390063
2356,英業達,20,0,20,國票-敦北法人,2023-09-22,0037003700390063
00751B,元大AAA至A公司債,15,0,15,國票-敦北法人,2023-09-22,0037003700390063
6117,迎廣,15,0,15,國票-敦北法人,2023-09-22,0037003700390063
1101,台泥,15,0,15,國票-敦北法人,2023-09-22,0037003700390063
3029,零壹,32,17,15,國票-敦北法人,2023-09-22,0037003700390063
00724B,群益投資級金融債,15,0,15,國票-敦北法人,2023-09-22,0037003700390063
2383,台光電,38,24,14,國票-敦北法人,2023-09-22,0037003700390063
2618,長榮航,14,0,14,國票-敦北法人,2023-09-22,0037003700390063
1444,力麗,23,10,13,國票-敦北法人,2023-09-22,0037003700390063
00712,復華富時不動產,13,0,13,國票-敦北法人,2023-09-22,0037003700390063
2542,興富發,12,0,12,國票-敦北法人,2023-09-22,0037003700390063
3037,欣興,19,8,11,國票-敦北法人,2023-09-22,0037003700390063
1524,耿鼎,10,0,10,國票-敦北法人,2023-09-22,0037003700390063
9103,美德醫療-DR,10,0,10,國票-敦北法人,2023-09-22,0037003700390063
00931B,統一美債20年,10,0,10,國票-敦北法人,2023-09-22,0037003700390063
6156,松上,10,0,10,國票-敦北法人,2023-09-22,0037003700390063
6118,建達,10,0,10,國票-敦北法人,2023-09-22,0037003700390063
2887,台新金,9,0,9,國票-敦北法人,2023-09-22,0037003700390063
00696B,富邦美債20年,9,0,9,國票-敦北法人,2023-09-22,0037003700390063
3163,波若威,11,4,7,國票-敦北法人,2023-09-22,0037003700390063
2412,中華電,296,289,7,國票-敦北法人,2023-09-22,0037003700390063
6569,醫揚,7,0,7,國票-敦北法人,2023-09-22,0037003700390063
4702,中美實,7,0,7,國票-敦北法人,2023-09-22,0037003700390063
5222,全訊,7,0,7,國票-敦北法人,2023-09-22,0037003700390063
00687B,國泰20年美債,7,0,7,國票-敦北法人,2023-09-22,0037003700390063
6446,藥華藥,7,1,6,國票-敦北法人,2023-09-22,0037003700390063
2883,凱基金,1000,1,999,國票-敦北法人,2023-09-25,0037003700390063
1584,精剛,620,22,598,國票-敦北法人,2023-09-25,0037003700390063
8046,南電,471,0,471,國票-敦北法人,2023-09-25,0037003700390063
00632R,元大台灣50反1,279,0,279,國票-敦北法人,2023-09-25,0037003700390063
5425,台半,200,1,199,國票-敦北法人,2023-09-25,0037003700390063
9927,泰銘,166,0,166,國票-敦北法人,2023-09-25,0037003700390063
3450,聯鈞,184,80,104,國票-敦北法人,2023-09-25,0037003700390063
3017,奇鋐,111,10,101,國票-敦北法人,2023-09-25,0037003700390063
6271,同欣電,106,5,101,國票-敦北法人,2023-09-25,0037003700390063
4979,華星光,90,1,89,國票-敦北法人,2023-09-25,0037003700390063
2449,京元電子,94,12,82,國票-敦北法人,2023-09-25,0037003700390063
6274,台燿,99,19,80,國票-敦北法人,2023-09-25,0037003700390063
2458,義隆,71,0,71,國票-敦北法人,2023-09-25,0037003700390063
2530,華建,70,0,70,國票-敦北法人,2023-09-25,0037003700390063
6235,華孚,75,7,68,國票-敦北法人,2023-09-25,0037003700390063
1522,堤維西,61,0,61,國票-敦北法人,2023-09-25,0037003700390063
8299,群聯,60,0,60,國票-敦北法人,2023-09-25,0037003700390063
3715,定穎投控,423,369,54,國票-敦北法人,2023-09-25,0037003700390063
8210,勤誠,53,4,49,國票-敦北法人,2023-09-25,0037003700390063
1101,台泥,47,0,47,國票-敦北法人,2023-09-25,0037003700390063
8155,博智,45,0,45,國票-敦北法人,2023-09-25,0037003700390063
3615,安可,47,8,39,國票-敦北法人,2023-09-25,0037003700390063
3231,緯創,75,36,39,國票-敦北法人,2023-09-25,0037003700390063
3035,智原,44,11,33,國票-敦北法人,2023-09-25,0037003700390063
2367,燿華,35,3,32,國票-敦北法人,2023-09-25,0037003700390063
4702,中美實,25,0,25,國票-敦北法人,2023-09-25,0037003700390063
5289,宜鼎,25,0,25,國票-敦北法人,2023-09-25,0037003700390063
8069,元太,25,0,25,國票-敦北法人,2023-09-25,0037003700390063
2497,怡利電,25,0,25,國票-敦北法人,2023-09-25,0037003700390063
1723,中碳,20,0,20,國票-敦北法人,2023-09-25,0037003700390063
3363,上詮,181,163,18,國票-敦北法人,2023-09-25,0037003700390063
6569,醫揚,18,0,18,國票-敦北法人,2023-09-25,0037003700390063
2059,川湖,18,0,18,國票-敦北法人,2023-09-25,0037003700390063
8443,阿瘦,17,0,17,國票-敦北法人,2023-09-25,0037003700390063
9904,寶成,16,0,16,國票-敦北法人,2023-09-25,0037003700390063
1313,聯成,16,0,16,國票-敦北法人,2023-09-25,0037003700390063
1307,三芳,196,181,15,國票-敦北法人,2023-09-25,0037003700390063
1476,儒鴻,15,0,15,國票-敦北法人,2023-09-25,0037003700390063
8088,品安,19,7,12,國票-敦北法人,2023-09-25,0037003700390063
3293,鈊象,11,0,11,國票-敦北法人,2023-09-25,0037003700390063
4768,晶呈科技,12,2,10,國票-敦北法人,2023-09-25,0037003700390063
8033,雷虎,10,0,10,國票-敦北法人,2023-09-25,0037003700390063
00882,中信中國高股息,10,0,10,國票-敦北法人,2023-09-25,0037003700390063
8932,智通*,10,0,10,國票-敦北法人,2023-09-25,0037003700390063
6168,宏齊,10,0,10,國票-敦北法人,2023-09-25,0037003700390063
3583,辛耘,10,1,9,國票-敦北法人,2023-09-25,0037003700390063
6108,競國,9,0,9,國票-敦北法人,2023-09-25,0037003700390063
4566,時碩工業,8,0,8,國票-敦北法人,2023-09-25,0037003700390063
4908,前鼎,15,7,8,國票-敦北法人,2023-09-25,0037003700390063
2408,南亞科,8,0,8,國票-敦北法人,2023-09-25,0037003700390063
00876,元大全球5G,580,0,580,國票-敦北法人,2023-09-26,0037003700390063
4979,華星光,544,7,537,國票-敦北法人,2023-09-26,0037003700390063
6806,森崴能源,359,2,357,國票-敦北法人,2023-09-26,0037003700390063
00861,元大全球未來通訊,316,0,316,國票-敦北法人,2023-09-26,0037003700390063
1519,華城,312,24,288,國票-敦北法人,2023-09-26,0037003700390063
3450,聯鈞,264,39,225,國票-敦北法人,2023-09-26,0037003700390063
2421,建準,259,54,205,國票-敦北法人,2023-09-26,0037003700390063
00929,復華台灣科技優息,363,200,163,國票-敦北法人,2023-09-26,0037003700390063
3017,奇鋐,230,71,159,國票-敦北法人,2023-09-26,0037003700390063
2645,長榮航太,151,0,151,國票-敦北法人,2023-09-26,0037003700390063
6271,同欣電,132,8,124,國票-敦北法人,2023-09-26,0037003700390063
1584,精剛,105,13,92,國票-敦北法人,2023-09-26,0037003700390063
6213,聯茂,88,12,76,國票-敦北法人,2023-09-26,0037003700390063
6732,昇佳電子,75,2,73,國票-敦北法人,2023-09-26,0037003700390063
2352,佳世達,63,1,62,國票-敦北法人,2023-09-26,0037003700390063
2303,聯電,55,0,55,國票-敦北法人,2023-09-26,0037003700390063
9930,中聯資源,55,1,54,國票-敦北法人,2023-09-26,0037003700390063
3324,雙鴻,52,7,45,國票-敦北法人,2023-09-26,0037003700390063
6274,台燿,52,9,43,國票-敦北法人,2023-09-26,0037003700390063
4953,緯軟,40,0,40,國票-敦北法人,2023-09-26,0037003700390063
8996,高力,46,19,27,國票-敦北法人,2023-09-26,0037003700390063
4961,天鈺,29,4,25,國票-敦北法人,2023-09-26,0037003700390063
1590,亞德客-KY,25,0,25,國票-敦北法人,2023-09-26,0037003700390063
2376,技嘉,73,49,24,國票-敦北法人,2023-09-26,0037003700390063
2371,大同,23,1,22,國票-敦北法人,2023-09-26,0037003700390063
00637L,元大滬深300正2,22,0,22,國票-敦北法人,2023-09-26,0037003700390063
6016,康和證,20,0,20,國票-敦北法人,2023-09-26,0037003700390063
2363,矽統,81,62,19,國票-敦北法人,2023-09-26,0037003700390063
6669,緯穎,27,8,19,國票-敦北法人,2023-09-26,0037003700390063
1524,耿鼎,43,26,17,國票-敦北法人,2023-09-26,0037003700390063
8069,元太,17,0,17,國票-敦北法人,2023-09-26,0037003700390063
9951,皇田,17,0,17,國票-敦北法人,2023-09-26,0037003700390063
6569,醫揚,17,0,17,國票-敦北法人,2023-09-26,0037003700390063
00931B,統一美債20年,15,0,15,國票-敦北法人,2023-09-26,0037003700390063
6124,業強,15,0,15,國票-敦北法人,2023-09-26,0037003700390063
5381,合正,15,0,15,國票-敦北法人,2023-09-26,0037003700390063
6770,力積電,13,0,13,國票-敦北法人,2023-09-26,0037003700390063
2458,義隆,13,0,13,國票-敦北法人,2023-09-26,0037003700390063
2882,國泰金,13,0,13,國票-敦北法人,2023-09-26,0037003700390063
2610,華航,14,1,13,國票-敦北法人,2023-09-26,0037003700390063
00772B,中信高評級公司債,11,0,11,國票-敦北法人,2023-09-26,0037003700390063
1802,台玻,11,0,11,國票-敦北法人,2023-09-26,0037003700390063
5009,榮剛,11,0,11,國票-敦北法人,2023-09-26,0037003700390063
00919,群益台灣精選高息,11,0,11,國票-敦北法人,2023-09-26,0037003700390063
4129,聯合,10,0,10,國票-敦北法人,2023-09-26,0037003700390063
6168,宏齊,10,0,10,國票-敦北法人,2023-09-26,0037003700390063
4702,中美實,10,0,10,國票-敦北法人,2023-09-26,0037003700390063
1718,中纖,10,0,10,國票-敦北法人,2023-09-26,0037003700390063
00706L,期元大S＆P日圓正2,10,0,10,國票-敦北法人,2023-09-26,0037003700390063
5347,世界,10,0,10,國票-敦北法人,2023-09-26,0037003700390063
3036,文曄,946,54,892,國票-敦北法人,2023-09-27,0037003700390063
1560,中砂,332,29,303,國票-敦北法人,2023-09-27,0037003700390063
6271,同欣電,299,1,298,國票-敦北法人,2023-09-27,0037003700390063
3017,奇鋐,232,30,202,國票-敦北法人,2023-09-27,0037003700390063
3231,緯創,225,26,199,國票-敦北法人,2023-09-27,0037003700390063
00929,復華台灣科技優息,168,0,168,國票-敦北法人,2023-09-27,0037003700390063
4979,華星光,176,21,155,國票-敦北法人,2023-09-27,0037003700390063
2892,第一金,128,0,128,國票-敦北法人,2023-09-27,0037003700390063
3715,定穎投控,319,201,118,國票-敦北法人,2023-09-27,0037003700390063
2303,聯電,110,4,106,國票-敦北法人,2023-09-27,0037003700390063
2317,鴻海,101,1,100,國票-敦北法人,2023-09-27,0037003700390063
2880,華南金,100,0,100,國票-敦北法人,2023-09-27,0037003700390063
2383,台光電,107,10,97,國票-敦北法人,2023-09-27,0037003700390063
4961,天鈺,86,3,83,國票-敦北法人,2023-09-27,0037003700390063
1477,聚陽,54,0,54,國票-敦北法人,2023-09-27,0037003700390063
3711,日月光投控,50,0,50,國票-敦北法人,2023-09-27,0037003700390063
2382,廣達,61,12,49,國票-敦北法人,2023-09-27,0037003700390063
2408,南亞科,41,0,41,國票-敦北法人,2023-09-27,0037003700390063
2357,華碩,43,3,40,國票-敦北法人,2023-09-27,0037003700390063
2368,金像電,41,3,38,國票-敦北法人,2023-09-27,0037003700390063
00637L,元大滬深300正2,36,0,36,國票-敦北法人,2023-09-27,0037003700390063
2393,億光,31,0,31,國票-敦北法人,2023-09-27,0037003700390063
2330,台積電,32,2,30,國票-敦北法人,2023-09-27,0037003700390063
2002,中鋼,31,2,29,國票-敦北法人,2023-09-27,0037003700390063
6405,悅城,23,0,23,國票-敦北法人,2023-09-27,0037003700390063
6515,穎崴,22,0,22,國票-敦北法人,2023-09-27,0037003700390063
2883,凱基金,21,0,21,國票-敦北法人,2023-09-27,0037003700390063
00891,中信關鍵半導體,20,0,20,國票-敦北法人,2023-09-27,0037003700390063
00655L,國泰中國A50正2,20,0,20,國票-敦北法人,2023-09-27,0037003700390063
3689,湧德,20,0,20,國票-敦北法人,2023-09-27,0037003700390063
00885,富邦越南,20,0,20,國票-敦北法人,2023-09-27,0037003700390063
00919,群益台灣精選高息,19,0,19,國票-敦北法人,2023-09-27,0037003700390063
3443,創意,19,1,18,國票-敦北法人,2023-09-27,0037003700390063
9910,豐泰,110,93,17,國票-敦北法人,2023-09-27,0037003700390063
6510,精測,16,0,16,國票-敦北法人,2023-09-27,0037003700390063
00712,復華富時不動產,16,0,16,國票-敦北法人,2023-09-27,0037003700390063
00673R,期元大S＆P原油反1,15,0,15,國票-敦北法人,2023-09-27,0037003700390063
8033,雷虎,19,5,14,國票-敦北法人,2023-09-27,0037003700390063
6426,統新,14,0,14,國票-敦北法人,2023-09-27,0037003700390063
1301,台塑,14,0,14,國票-敦北法人,2023-09-27,0037003700390063
4702,中美實,13,1,12,國票-敦北法人,2023-09-27,0037003700390063
00679B,元大美債20年,11,0,11,國票-敦北法人,2023-09-27,0037003700390063
6235,華孚,106,95,11,國票-敦北法人,2023-09-27,0037003700390063
5347,世界,10,0,10,國票-敦北法人,2023-09-27,0037003700390063
3221,台嘉碩,10,0,10,國票-敦北法人,2023-09-27,0037003700390063
00650L,復華香港正2,10,0,10,國票-敦北法人,2023-09-27,0037003700390063
00921,兆豐龍頭等權重,10,0,10,國票-敦北法人,2023-09-27,0037003700390063
3324,雙鴻,14,4,10,國票-敦北法人,2023-09-27,0037003700390063
2412,中華電,10,0,10,國票-敦北法人,2023-09-27,0037003700390063
6443,元晶,10,0,10,國票-敦北法人,2023-09-27,0037003700390063
00893,國泰智能電動車,2400,0,2400,國票-敦北法人,2023-09-28,0037003700390063
2382,廣達,1462,358,1104,國票-敦北法人,2023-09-28,0037003700390063
00830,國泰費城半導體,1000,0,1000,國票-敦北法人,2023-09-28,0037003700390063
3036,文曄,900,10,890,國票-敦北法人,2023-09-28,0037003700390063
00757,統一FANG+,600,0,600,國票-敦北法人,2023-09-28,0037003700390063
2002,中鋼,319,2,317,國票-敦北法人,2023-09-28,0037003700390063
3034,聯詠,216,0,216,國票-敦北法人,2023-09-28,0037003700390063
1519,華城,207,11,196,國票-敦北法人,2023-09-28,0037003700390063
3711,日月光投控,151,2,149,國票-敦北法人,2023-09-28,0037003700390063
2368,金像電,126,7,119,國票-敦北法人,2023-09-28,0037003700390063
2547,日勝生,100,0,100,國票-敦北法人,2023-09-28,0037003700390063
3017,奇鋐,174,76,98,國票-敦北法人,2023-09-28,0037003700390063
2449,京元電子,100,2,98,國票-敦北法人,2023-09-28,0037003700390063
6669,緯穎,94,8,86,國票-敦北法人,2023-09-28,0037003700390063
6271,同欣電,79,2,77,國票-敦北法人,2023-09-28,0037003700390063
3653,健策,71,0,71,國票-敦北法人,2023-09-28,0037003700390063
2379,瑞昱,68,0,68,國票-敦北法人,2023-09-28,0037003700390063
3630,新鉅科,66,6,60,國票-敦北法人,2023-09-28,0037003700390063
2301,光寶科,56,1,55,國票-敦北法人,2023-09-28,0037003700390063
00680L,元大美債20正2,50,0,50,國票-敦北法人,2023-09-28,0037003700390063
5483,中美晶,50,0,50,國票-敦北法人,2023-09-28,0037003700390063
3231,緯創,99,50,49,國票-敦北法人,2023-09-28,0037003700390063
2204,中華,42,0,42,國票-敦北法人,2023-09-28,0037003700390063
2610,華航,47,5,42,國票-敦北法人,2023-09-28,0037003700390063
4768,晶呈科技,40,0,40,國票-敦北法人,2023-09-28,0037003700390063
2353,宏��,40,0,40,國票-敦北法人,2023-09-28,0037003700390063
2618,長榮航,39,0,39,國票-敦北法人,2023-09-28,0037003700390063
00637L,元大滬深300正2,37,5,32,國票-敦北法人,2023-09-28,0037003700390063
3306,鼎天,34,3,31,國票-敦北法人,2023-09-28,0037003700390063
8996,高力,29,0,29,國票-敦北法人,2023-09-28,0037003700390063
2316,楠梓電,67,39,28,國票-敦北法人,2023-09-28,0037003700390063
5426,振發,29,1,28,國票-敦北法人,2023-09-28,0037003700390063
8227,巨有科技,47,20,27,國票-敦北法人,2023-09-28,0037003700390063
6156,松上,27,1,26,國票-敦北法人,2023-09-28,0037003700390063
6569,醫揚,28,2,26,國票-敦北法人,2023-09-28,0037003700390063
00655L,國泰中國A50正2,25,0,25,國票-敦北法人,2023-09-28,0037003700390063
00929,復華台灣科技優息,24,0,24,國票-敦北法人,2023-09-28,0037003700390063
6418,詠昇,45,22,23,國票-敦北法人,2023-09-28,0037003700390063
4979,華星光,35,13,22,國票-敦北法人,2023-09-28,0037003700390063
3533,嘉澤,21,0,21,國票-敦北法人,2023-09-28,0037003700390063
1515,力山,20,0,20,國票-敦北法人,2023-09-28,0037003700390063
5324,士開,20,0,20,國票-敦北法人,2023-09-28,0037003700390063
9105,泰金寶-DR,20,0,20,國票-敦北法人,2023-09-28,0037003700390063
2351,順德,20,0,20,國票-敦北法人,2023-09-28,0037003700390063
8033,雷虎,19,0,19,國票-敦北法人,2023-09-28,0037003700390063
6235,華孚,61,44,17,國票-敦北法人,2023-09-28,0037003700390063
2363,矽統,52,36,16,國票-敦北法人,2023-09-28,0037003700390063
2417,圓剛,19,4,15,國票-敦北法人,2023-09-28,0037003700390063
00673R,期元大S＆P原油反1,15,0,15,國票-敦北法人,2023-09-28,0037003700390063
8299,群聯,14,0,14,國票-敦北法人,2023-09-28,0037003700390063
1815,富喬,2652,10,2642,國票-敦北法人,2023-10-02,0037003700390063
6117,迎廣,764,11,753,國票-敦北法人,2023-10-02,0037003700390063
2002,中鋼,554,0,554,國票-敦北法人,2023-10-02,0037003700390063
00882,中信中國高股息,502,0,502,國票-敦北法人,2023-10-02,0037003700390063
3231,緯創,570,125,445,國票-敦北法人,2023-10-02,0037003700390063
00878,國泰永續高股息,431,16,415,國票-敦北法人,2023-10-02,0037003700390063
6271,同欣電,319,1,318,國票-敦北法人,2023-10-02,0037003700390063
00929,復華台灣科技優息,310,4,306,國票-敦北法人,2023-10-02,0037003700390063
00632R,元大台灣50反1,293,0,293,國票-敦北法人,2023-10-02,0037003700390063
8069,元太,244,0,244,國票-敦北法人,2023-10-02,0037003700390063
3017,奇鋐,223,42,181,國票-敦北法人,2023-10-02,0037003700390063
2368,金像電,242,108,134,國票-敦北法人,2023-10-02,0037003700390063
2376,技嘉,147,27,120,國票-敦北法人,2023-10-02,0037003700390063
3706,神達,148,48,100,國票-敦北法人,2023-10-02,0037003700390063
8046,南電,88,0,88,國票-敦北法人,2023-10-02,0037003700390063
6147,頎邦,86,0,86,國票-敦北法人,2023-10-02,0037003700390063
2301,光寶科,86,8,78,國票-敦北法人,2023-10-02,0037003700390063
2367,燿華,68,10,58,國票-敦北法人,2023-10-02,0037003700390063
6274,台燿,67,11,56,國票-敦北法人,2023-10-02,0037003700390063
3013,晟銘電,58,7,51,國票-敦北法人,2023-10-02,0037003700390063
2388,威盛,51,3,48,國票-敦北法人,2023-10-02,0037003700390063
6235,華孚,58,11,47,國票-敦北法人,2023-10-02,0037003700390063
00891,中信關鍵半導體,44,0,44,國票-敦北法人,2023-10-02,0037003700390063
2883,凱基金,45,2,43,國票-敦北法人,2023-10-02,0037003700390063
1519,華城,51,12,39,國票-敦北法人,2023-10-02,0037003700390063
2327,國巨,40,2,38,國票-敦北法人,2023-10-02,0037003700390063
6223,旺矽,52,21,31,國票-敦北法人,2023-10-02,0037003700390063
00919,群益台灣精選高息,30,0,30,國票-敦北法人,2023-10-02,0037003700390063
2352,佳世達,30,0,30,國票-敦北法人,2023-10-02,0037003700390063
2204,中華,22,0,22,國票-敦北法人,2023-10-02,0037003700390063
3221,台嘉碩,21,0,21,國票-敦北法人,2023-10-02,0037003700390063
5543,桓鼎-KY,20,0,20,國票-敦北法人,2023-10-02,0037003700390063
2316,楠梓電,30,11,19,國票-敦北法人,2023-10-02,0037003700390063
2329,華泰,38,19,19,國票-敦北法人,2023-10-02,0037003700390063
3680,家登,19,2,17,國票-敦北法人,2023-10-02,0037003700390063
6156,松上,16,0,16,國票-敦北法人,2023-10-02,0037003700390063
4763,材料-KY,16,2,14,國票-敦北法人,2023-10-02,0037003700390063
3234,光環,22,9,13,國票-敦北法人,2023-10-02,0037003700390063
8443,阿瘦,13,0,13,國票-敦北法人,2023-10-02,0037003700390063
00751B,元大AAA至A公司債,13,0,13,國票-敦北法人,2023-10-02,0037003700390063
2059,川湖,16,4,12,國票-敦北法人,2023-10-02,0037003700390063
2323,中環,12,0,12,國票-敦北法人,2023-10-02,0037003700390063
2233,宇隆,11,0,11,國票-敦北法人,2023-10-02,0037003700390063
2605,新興,11,0,11,國票-敦北法人,2023-10-02,0037003700390063
2356,英業達,38,27,11,國票-敦北法人,2023-10-02,0037003700390063
4923,力士,10,0,10,國票-敦北法人,2023-10-02,0037003700390063
6569,醫揚,10,0,10,國票-敦北法人,2023-10-02,0037003700390063
1524,耿鼎,15,5,10,國票-敦北法人,2023-10-02,0037003700390063
6191,精成科,12,2,10,國票-敦北法人,2023-10-02,0037003700390063
00706L,期元大S＆P日圓正2,10,0,10,國票-敦北法人,2023-10-02,0037003700390063
2301,光寶科,1392,2,1390,國票-敦北法人,2023-10-03,0037003700390063
3231,緯創,1157,405,752,國票-敦北法人,2023-10-03,0037003700390063
3006,晶豪科,740,10,730,國票-敦北法人,2023-10-03,0037003700390063
8358,金居,777,106,671,國票-敦北法人,2023-10-03,0037003700390063
6191,精成科,494,0,494,國票-敦北法人,2023-10-03,0037003700390063
3044,健鼎,448,20,428,國票-敦北法人,2023-10-03,0037003700390063
2303,聯電,399,0,399,國票-敦北法人,2023-10-03,0037003700390063
2352,佳世達,383,0,383,國票-敦北法人,2023-10-03,0037003700390063
5469,瀚宇博,374,1,373,國票-敦北法人,2023-10-03,0037003700390063
3234,光環,325,28,297,國票-敦北法人,2023-10-03,0037003700390063
2449,京元電子,274,5,269,國票-敦北法人,2023-10-03,0037003700390063
8050,廣積,246,0,246,國票-敦北法人,2023-10-03,0037003700390063
6147,頎邦,244,0,244,國票-敦北法人,2023-10-03,0037003700390063
2454,聯發科,257,18,239,國票-敦北法人,2023-10-03,0037003700390063
0056,元大高股息,214,1,213,國票-敦北法人,2023-10-03,0037003700390063
3189,景碩,206,0,206,國票-敦北法人,2023-10-03,0037003700390063
00882,中信中國高股息,204,0,204,國票-敦北法人,2023-10-03,0037003700390063
1304,台聚,189,0,189,國票-敦北法人,2023-10-03,0037003700390063
3596,智易,186,0,186,國票-敦北法人,2023-10-03,0037003700390063
2385,群光,180,0,180,國票-敦北法人,2023-10-03,0037003700390063
6285,啟��,255,79,176,國票-敦北法人,2023-10-03,0037003700390063
8069,元太,170,0,170,國票-敦北法人,2023-10-03,0037003700390063
2103,台橡,153,0,153,國票-敦北法人,2023-10-03,0037003700390063
6585,鼎基,140,4,136,國票-敦北法人,2023-10-03,0037003700390063
3122,笙泉,149,13,136,國票-敦北法人,2023-10-03,0037003700390063
2404,漢唐,135,0,135,國票-敦北法人,2023-10-03,0037003700390063
00637L,元大滬深300正2,130,0,130,國票-敦北法人,2023-10-03,0037003700390063
5371,中光電,128,0,128,國票-敦北法人,2023-10-03,0037003700390063
4967,十銓,156,35,121,國票-敦北法人,2023-10-03,0037003700390063
3711,日月光投控,119,0,119,國票-敦北法人,2023-10-03,0037003700390063
00929,復華台灣科技優息,121,11,110,國票-敦北法人,2023-10-03,0037003700390063
6546,正基,96,0,96,國票-敦北法人,2023-10-03,0037003700390063
1215,卜蜂,220,125,95,國票-敦北法人,2023-10-03,0037003700390063
6271,同欣電,90,2,88,國票-敦北法人,2023-10-03,0037003700390063
3029,零壹,81,0,81,國票-敦北法人,2023-10-03,0037003700390063
6414,樺漢,77,0,77,國票-敦北法人,2023-10-03,0037003700390063
2059,川湖,82,9,73,國票-敦北法人,2023-10-03,0037003700390063
3529,力旺,75,7,68,國票-敦北法人,2023-10-03,0037003700390063
2108,南帝,64,0,64,國票-敦北法人,2023-10-03,0037003700390063
6213,聯茂,70,9,61,國票-敦北法人,2023-10-03,0037003700390063
2031,新光鋼,60,0,60,國票-敦北法人,2023-10-03,0037003700390063
3017,奇鋐,107,47,60,國票-敦北法人,2023-10-03,0037003700390063
2376,技嘉,63,7,56,國票-敦北法人,2023-10-03,0037003700390063
00932,兆豐永續高息等權,51,0,51,國票-敦北法人,2023-10-03,0037003700390063
6146,耕興,50,1,49,國票-敦北法人,2023-10-03,0037003700390063
6669,緯穎,75,27,48,國票-敦北法人,2023-10-03,0037003700390063
3665,貿聯-KY,30,0,30,國票-敦北法人,2023-10-03,0037003700390063
4533,協易機,30,0,30,國票-敦北法人,2023-10-03,0037003700390063
2409,友達,30,1,29,國票-敦北法人,2023-10-03,0037003700390063
8938,明安,28,0,28,國票-敦北法人,2023-10-03,0037003700390063
2337,旺宏,962,1,961,國票-敦北法人,2023-10-04,0037003700390063
2313,華通,759,10,749,國票-敦北法人,2023-10-04,0037003700390063
3702,大聯大,736,0,736,國票-敦北法人,2023-10-04,0037003700390063
8112,至上,716,4,712,國票-敦北法人,2023-10-04,0037003700390063
5371,中光電,458,0,458,國票-敦北法人,2023-10-04,0037003700390063
2368,金像電,482,75,407,國票-敦北法人,2023-10-04,0037003700390063
2385,群光,380,1,379,國票-敦北法人,2023-10-04,0037003700390063
6176,瑞儀,357,0,357,國票-敦北法人,2023-10-04,0037003700390063
2344,華邦電,345,6,339,國票-敦北法人,2023-10-04,0037003700390063
2330,台積電,342,7,335,國票-敦北法人,2023-10-04,0037003700390063
2352,佳世達,315,0,315,國票-敦北法人,2023-10-04,0037003700390063
3044,健鼎,261,1,260,國票-敦北法人,2023-10-04,0037003700390063
3596,智易,259,0,259,國票-敦北法人,2023-10-04,0037003700390063
3122,笙泉,399,152,247,國票-敦北法人,2023-10-04,0037003700390063
3014,聯陽,238,0,238,國票-敦北法人,2023-10-04,0037003700390063
2376,技嘉,233,9,224,國票-敦北法人,2023-10-04,0037003700390063
2347,聯強,223,0,223,國票-敦北法人,2023-10-04,0037003700390063
2353,宏��,222,5,217,國票-敦北法人,2023-10-04,0037003700390063
5469,瀚宇博,190,0,190,國票-敦北法人,2023-10-04,0037003700390063
3231,緯創,287,101,186,國票-敦北法人,2023-10-04,0037003700390063
4915,致伸,180,0,180,國票-敦北法人,2023-10-04,0037003700390063
3669,圓展,183,29,154,國票-敦北法人,2023-10-04,0037003700390063
8050,廣積,120,0,120,國票-敦北法人,2023-10-04,0037003700390063
3711,日月光投控,120,1,119,國票-敦北法人,2023-10-04,0037003700390063
1514,亞力,128,15,113,國票-敦北法人,2023-10-04,0037003700390063
3264,欣銓,110,0,110,國票-敦北法人,2023-10-04,0037003700390063
1519,華城,129,24,105,國票-敦北法人,2023-10-04,0037003700390063
2538,基泰,108,5,103,國票-敦北法人,2023-10-04,0037003700390063
6442,光聖,100,0,100,國票-敦北法人,2023-10-04,0037003700390063
6271,同欣電,96,0,96,國票-敦北法人,2023-10-04,0037003700390063
3034,聯詠,96,1,95,國票-敦北法人,2023-10-04,0037003700390063
2379,瑞昱,94,0,94,國票-敦北法人,2023-10-04,0037003700390063
2891,中信金,89,0,89,國票-敦北法人,2023-10-04,0037003700390063
1584,精剛,80,0,80,國票-敦北法人,2023-10-04,0037003700390063
6285,啟��,82,6,76,國票-敦北法人,2023-10-04,0037003700390063
8210,勤誠,78,3,75,國票-敦北法人,2023-10-04,0037003700390063
3036,文曄,82,8,74,國票-敦北法人,2023-10-04,0037003700390063
2454,聯發科,76,11,65,國票-敦北法人,2023-10-04,0037003700390063
8069,元太,65,0,65,國票-敦北法人,2023-10-04,0037003700390063
4938,和碩,61,0,61,國票-敦北法人,2023-10-04,0037003700390063
3037,欣興,61,2,59,國票-敦北法人,2023-10-04,0037003700390063
2884,玉山金,47,0,47,國票-敦北法人,2023-10-04,0037003700390063
3234,光環,52,5,47,國票-敦北法人,2023-10-04,0037003700390063
2395,研華,43,0,43,國票-敦北法人,2023-10-04,0037003700390063
2530,華建,66,26,40,國票-敦北法人,2023-10-04,0037003700390063
6505,台塑化,40,0,40,國票-敦北法人,2023-10-04,0037003700390063
2417,圓剛,56,22,34,國票-敦北法人,2023-10-04,0037003700390063
8086,宏捷科,40,8,32,國票-敦北法人,2023-10-04,0037003700390063
2377,微星,30,1,29,國票-敦北法人,2023-10-04,0037003700390063
2363,矽統,68,40,28,國票-敦北法人,2023-10-04,0037003700390063
2881,富邦金,1005,0,1005,國票-敦北法人,2023-10-05,0037003700390063
2455,全新,622,14,608,國票-敦北法人,2023-10-05,0037003700390063
2301,光寶科,322,4,318,國票-敦北法人,2023-10-05,0037003700390063
00632R,元大台灣50反1,296,6,290,國票-敦北法人,2023-10-05,0037003700390063
8069,元太,446,162,284,國票-敦北法人,2023-10-05,0037003700390063
3276,宇環,241,0,241,國票-敦北法人,2023-10-05,0037003700390063
1477,聚陽,217,0,217,國票-敦北法人,2023-10-05,0037003700390063
3013,晟銘電,221,23,198,國票-敦北法人,2023-10-05,0037003700390063
6279,胡連,200,8,192,國票-敦北法人,2023-10-05,0037003700390063
5272,笙科,196,6,190,國票-敦北法人,2023-10-05,0037003700390063
3037,欣興,155,2,153,國票-敦北法人,2023-10-05,0037003700390063
2486,一詮,215,71,144,國票-敦北法人,2023-10-05,0037003700390063
5381,合正,152,10,142,國票-敦北法人,2023-10-05,0037003700390063
2538,基泰,141,11,130,國票-敦北法人,2023-10-05,0037003700390063
9910,豐泰,129,8,121,國票-敦北法人,2023-10-05,0037003700390063
3530,晶相光,127,13,114,國票-敦北法人,2023-10-05,0037003700390063
3680,家登,110,11,99,國票-敦北法人,2023-10-05,0037003700390063
4967,十銓,101,7,94,國票-敦北法人,2023-10-05,0037003700390063
4966,譜瑞-KY,79,0,79,國票-敦北法人,2023-10-05,0037003700390063
3260,威剛,76,4,72,國票-敦北法人,2023-10-05,0037003700390063
00680L,元大美債20正2,70,0,70,國票-敦北法人,2023-10-05,0037003700390063
2374,佳能,60,0,60,國票-敦北法人,2023-10-05,0037003700390063
2442,新美齊,60,0,60,國票-敦北法人,2023-10-05,0037003700390063
4979,華星光,80,23,57,國票-敦北法人,2023-10-05,0037003700390063
3443,創意,52,1,51,國票-敦北法人,2023-10-05,0037003700390063
6120,達運,50,0,50,國票-敦北法人,2023-10-05,0037003700390063
00637L,元大滬深300正2,53,3,50,國票-敦北法人,2023-10-05,0037003700390063
4536,拓凱,50,1,49,國票-敦北法人,2023-10-05,0037003700390063
3036,文曄,52,4,48,國票-敦北法人,2023-10-05,0037003700390063
2059,川湖,49,2,47,國票-敦北法人,2023-10-05,0037003700390063
1324,地球,53,7,46,國票-敦北法人,2023-10-05,0037003700390063
3533,嘉澤,55,10,45,國票-敦北法人,2023-10-05,0037003700390063
3035,智原,66,23,43,國票-敦北法人,2023-10-05,0037003700390063
3706,神達,50,8,42,國票-敦北法人,2023-10-05,0037003700390063
2454,聯發科,46,4,42,國票-敦北法人,2023-10-05,0037003700390063
1519,華城,105,65,40,國票-敦北法人,2023-10-05,0037003700390063
4744,皇將,40,0,40,國票-敦北法人,2023-10-05,0037003700390063
9938,百和,38,0,38,國票-敦北法人,2023-10-05,0037003700390063
8299,群聯,38,0,38,國票-敦北法人,2023-10-05,0037003700390063
2363,矽統,95,58,37,國票-敦北法人,2023-10-05,0037003700390063
2449,京元電子,37,2,35,國票-敦北法人,2023-10-05,0037003700390063
5274,信驊,37,2,35,國票-敦北法人,2023-10-05,0037003700390063
3017,奇鋐,88,55,33,國票-敦北法人,2023-10-05,0037003700390063
9951,皇田,33,0,33,國票-敦北法人,2023-10-05,0037003700390063
3526,凡甲,31,0,31,國票-敦北法人,2023-10-05,0037003700390063
6213,聯茂,32,2,30,國票-敦北法人,2023-10-05,0037003700390063
3653,健策,31,3,28,國票-敦北法人,2023-10-05,0037003700390063
1524,耿鼎,57,30,27,國票-敦北法人,2023-10-05,0037003700390063
2308,台達電,27,1,26,國票-敦北法人,2023-10-05,0037003700390063
6122,擎邦,32,6,26,國票-敦北法人,2023-10-05,0037003700390063
8227,巨有科技,259,9,250,國票-敦北法人,2023-10-06,0037003700390063
6290,良維,229,18,211,國票-敦北法人,2023-10-06,0037003700390063
8358,金居,185,2,183,國票-敦北法人,2023-10-06,0037003700390063
3013,晟銘電,407,224,183,國票-敦北法人,2023-10-06,0037003700390063
0056,元大高股息,179,21,158,國票-敦北法人,2023-10-06,0037003700390063
2383,台光電,120,3,117,國票-敦北法人,2023-10-06,0037003700390063
2891,中信金,114,0,114,國票-敦北法人,2023-10-06,0037003700390063
2530,華建,108,0,108,國票-敦北法人,2023-10-06,0037003700390063
6271,同欣電,110,4,106,國票-敦北法人,2023-10-06,0037003700390063
6189,豐藝,102,1,101,國票-敦北法人,2023-10-06,0037003700390063
2363,矽統,124,29,95,國票-敦北法人,2023-10-06,0037003700390063
1339,昭輝,94,6,88,國票-敦北法人,2023-10-06,0037003700390063
3006,晶豪科,108,26,82,國票-敦北法人,2023-10-06,0037003700390063
6781,AES-KY,66,0,66,國票-敦北法人,2023-10-06,0037003700390063
00929,復華台灣科技優息,145,81,64,國票-敦北法人,2023-10-06,0037003700390063
3037,欣興,62,3,59,國票-敦北法人,2023-10-06,0037003700390063
6274,台燿,56,1,55,國票-敦北法人,2023-10-06,0037003700390063
4919,新唐,56,3,53,國票-敦北法人,2023-10-06,0037003700390063
3231,緯創,148,100,48,國票-敦北法人,2023-10-06,0037003700390063
4967,十銓,49,11,38,國票-敦北法人,2023-10-06,0037003700390063
6530,創威,41,4,37,國票-敦北法人,2023-10-06,0037003700390063
2303,聯電,36,1,35,國票-敦北法人,2023-10-06,0037003700390063
3051,力特,30,0,30,國票-敦北法人,2023-10-06,0037003700390063
5258,虹堡,29,0,29,國票-敦北法人,2023-10-06,0037003700390063
2454,聯發科,30,2,28,國票-敦北法人,2023-10-06,0037003700390063
1477,聚陽,26,0,26,國票-敦北法人,2023-10-06,0037003700390063
1210,大成,25,2,23,國票-敦北法人,2023-10-06,0037003700390063
6156,松上,25,2,23,國票-敦北法人,2023-10-06,0037003700390063
2013,中鋼構,20,0,20,國票-敦北法人,2023-10-06,0037003700390063
2392,正崴,20,0,20,國票-敦北法人,2023-10-06,0037003700390063
3325,旭品,54,37,17,國票-敦北法人,2023-10-06,0037003700390063
2471,資通,17,0,17,國票-敦北法人,2023-10-06,0037003700390063
4161,聿新科,15,0,15,國票-敦北法人,2023-10-06,0037003700390063
2425,承啟,15,0,15,國票-敦北法人,2023-10-06,0037003700390063
00712,復華富時不動產,15,0,15,國票-敦北法人,2023-10-06,0037003700390063
8289,泰藝,14,0,14,國票-敦北法人,2023-10-06,0037003700390063
2415,錩新,15,3,12,國票-敦北法人,2023-10-06,0037003700390063
3289,宜特,12,0,12,國票-敦北法人,2023-10-06,0037003700390063
3615,安可,15,4,11,國票-敦北法人,2023-10-06,0037003700390063
4979,華星光,15,4,11,國票-敦北法人,2023-10-06,0037003700390063
6451,訊芯-KY,29,18,11,國票-敦北法人,2023-10-06,0037003700390063
1909,榮成,12,1,11,國票-敦北法人,2023-10-06,0037003700390063
2376,技嘉,25,14,11,國票-敦北法人,2023-10-06,0037003700390063
5347,世界,11,0,11,國票-敦北法人,2023-10-06,0037003700390063
5269,祥碩,23,12,11,國票-敦北法人,2023-10-06,0037003700390063
2498,宏達電,11,0,11,國票-敦北法人,2023-10-06,0037003700390063
2313,華通,11,0,11,國票-敦北法人,2023-10-06,0037003700390063
6441,廣錠,10,0,10,國票-敦北法人,2023-10-06,0037003700390063
4702,中美實,10,0,10,國票-敦北法人,2023-10-06,0037003700390063
6016,康和證,10,0,10,國票-敦北法人,2023-10-06,0037003700390063
6274,台燿,459,8,451,國票-敦北法人,2023-10-11,0037003700390063
9958,世紀鋼,327,2,325,國票-敦北法人,2023-10-11,0037003700390063
00878,國泰永續高股息,310,2,308,國票-敦北法人,2023-10-11,0037003700390063
3017,奇鋐,305,67,238,國票-敦北法人,2023-10-11,0037003700390063
2383,台光電,232,10,222,國票-敦北法人,2023-10-11,0037003700390063
3234,光環,256,56,200,國票-敦北法人,2023-10-11,0037003700390063
2301,光寶科,201,2,199,國票-敦北法人,2023-10-11,0037003700390063
2834,臺企銀,201,8,193,國票-敦北法人,2023-10-11,0037003700390063
2376,技嘉,247,100,147,國票-敦北法人,2023-10-11,0037003700390063
2363,矽統,346,209,137,國票-敦北法人,2023-10-11,0037003700390063
2345,智邦,143,7,136,國票-敦北法人,2023-10-11,0037003700390063
00680L,元大美債20正2,240,120,120,國票-敦北法人,2023-10-11,0037003700390063
6271,同欣電,107,1,106,國票-敦北法人,2023-10-11,0037003700390063
2351,順德,85,1,84,國票-敦北法人,2023-10-11,0037003700390063
4944,兆遠,82,0,82,國票-敦北法人,2023-10-11,0037003700390063
3029,零壹,80,0,80,國票-敦北法人,2023-10-11,0037003700390063
2308,台達電,75,1,74,國票-敦北法人,2023-10-11,0037003700390063
2891,中信金,74,1,73,國票-敦北法人,2023-10-11,0037003700390063
00679B,元大美債20年,54,0,54,國票-敦北法人,2023-10-11,0037003700390063
3035,智原,102,50,52,國票-敦北法人,2023-10-11,0037003700390063
6585,鼎基,52,2,50,國票-敦北法人,2023-10-11,0037003700390063
3483,力致,55,13,42,國票-敦北法人,2023-10-11,0037003700390063
3661,世芯-KY,39,0,39,國票-敦北法人,2023-10-11,0037003700390063
3443,創意,42,8,34,國票-敦北法人,2023-10-11,0037003700390063
9802,鈺齊-KY,34,0,34,國票-敦北法人,2023-10-11,0037003700390063
6230,尼得科超眾,35,2,33,國票-敦北法人,2023-10-11,0037003700390063
4966,譜瑞-KY,31,1,30,國票-敦北法人,2023-10-11,0037003700390063
4702,中美實,30,0,30,國票-敦北法人,2023-10-11,0037003700390063
4989,榮科,30,2,28,國票-敦北法人,2023-10-11,0037003700390063
2610,華航,26,0,26,國票-敦北法人,2023-10-11,0037003700390063
6138,茂達,28,2,26,國票-敦北法人,2023-10-11,0037003700390063
00632R,元大台灣50反1,26,0,26,國票-敦北法人,2023-10-11,0037003700390063
2609,陽明,28,3,25,國票-敦北法人,2023-10-11,0037003700390063
00673R,期元大S＆P原油反1,25,0,25,國票-敦北法人,2023-10-11,0037003700390063
6290,良維,22,0,22,國票-敦北法人,2023-10-11,0037003700390063
4967,十銓,23,2,21,國票-敦北法人,2023-10-11,0037003700390063
4763,材料-KY,21,0,21,國票-敦北法人,2023-10-11,0037003700390063
00676R,富邦臺灣加權反1,20,0,20,國票-敦北法人,2023-10-11,0037003700390063
6799,來頡,20,0,20,國票-敦北法人,2023-10-11,0037003700390063
2495,普安,20,0,20,國票-敦北法人,2023-10-11,0037003700390063
3325,旭品,33,14,19,國票-敦北法人,2023-10-11,0037003700390063
6416,瑞祺電通,20,1,19,國票-敦北法人,2023-10-11,0037003700390063
3027,盛達,16,0,16,國票-敦北法人,2023-10-11,0037003700390063
1529,樂事綠能,15,0,15,國票-敦北法人,2023-10-11,0037003700390063
1526,日馳,14,0,14,國票-敦北法人,2023-10-11,0037003700390063
00713,元大台灣高息低波,13,0,13,國票-敦北法人,2023-10-11,0037003700390063
2211,長榮鋼,12,0,12,國票-敦北法人,2023-10-11,0037003700390063
6451,訊芯-KY,14,2,12,國票-敦北法人,2023-10-11,0037003700390063
3694,海華,11,0,11,國票-敦北法人,2023-10-11,0037003700390063
4916,事欣科,13,2,11,國票-敦北法人,2023-10-11,0037003700390063
2891,中信金,794,16,778,國票-敦北法人,2023-10-12,0037003700390063
2330,台積電,666,103,563,國票-敦北法人,2023-10-12,0037003700390063
8227,巨有科技,447,50,397,國票-敦北法人,2023-10-12,0037003700390063
00688L,國泰20年美債正2,315,0,315,國票-敦北法人,2023-10-12,0037003700390063
6284,佳邦,269,3,266,國票-敦北法人,2023-10-12,0037003700390063
5483,中美晶,266,0,266,國票-敦北法人,2023-10-12,0037003700390063
2382,廣達,255,12,243,國票-敦北法人,2023-10-12,0037003700390063
3711,日月光投控,216,0,216,國票-敦北法人,2023-10-12,0037003700390063
2002,中鋼,200,2,198,國票-敦北法人,2023-10-12,0037003700390063
2303,聯電,150,2,148,國票-敦北法人,2023-10-12,0037003700390063
1560,中砂,161,20,141,國票-敦北法人,2023-10-12,0037003700390063
2351,順德,128,0,128,國票-敦北法人,2023-10-12,0037003700390063
4967,十銓,122,4,118,國票-敦北法人,2023-10-12,0037003700390063
6643,M31,104,1,103,國票-敦北法人,2023-10-12,0037003700390063
6274,台燿,106,5,101,國票-敦北法人,2023-10-12,0037003700390063
3675,德微,98,0,98,國票-敦北法人,2023-10-12,0037003700390063
3017,奇鋐,114,18,96,國票-敦北法人,2023-10-12,0037003700390063
3217,優群,101,8,93,國票-敦北法人,2023-10-12,0037003700390063
3443,創意,115,27,88,國票-敦北法人,2023-10-12,0037003700390063
6579,研揚,82,0,82,國票-敦北法人,2023-10-12,0037003700390063
3234,光環,70,1,69,國票-敦北法人,2023-10-12,0037003700390063
4979,華星光,77,12,65,國票-敦北法人,2023-10-12,0037003700390063
6139,亞翔,51,1,50,國票-敦北法人,2023-10-12,0037003700390063
1785,光洋科,45,0,45,國票-敦北法人,2023-10-12,0037003700390063
6271,同欣電,45,0,45,國票-敦北法人,2023-10-12,0037003700390063
00888,永豐台灣ESG,44,0,44,國票-敦北法人,2023-10-12,0037003700390063
2313,華通,56,13,43,國票-敦北法人,2023-10-12,0037003700390063
2345,智邦,192,150,42,國票-敦北法人,2023-10-12,0037003700390063
00900,富邦特選高股息30,50,9,41,國票-敦北法人,2023-10-12,0037003700390063
2488,漢平,45,4,41,國票-敦北法人,2023-10-12,0037003700390063
6148,驊宏資,41,1,40,國票-敦北法人,2023-10-12,0037003700390063
3169,亞信,39,0,39,國票-敦北法人,2023-10-12,0037003700390063
4763,材料-KY,43,5,38,國票-敦北法人,2023-10-12,0037003700390063
3715,定穎投控,74,38,36,國票-敦北法人,2023-10-12,0037003700390063
6531,愛普*,41,7,34,國票-敦北法人,2023-10-12,0037003700390063
2395,研華,31,0,31,國票-敦北法人,2023-10-12,0037003700390063
2368,金像電,33,3,30,國票-敦北法人,2023-10-12,0037003700390063
2233,宇隆,43,14,29,國票-敦北法人,2023-10-12,0037003700390063
3324,雙鴻,29,2,27,國票-敦北法人,2023-10-12,0037003700390063
6863,永道-KY,26,0,26,國票-敦北法人,2023-10-12,0037003700390063
4977,眾達-KY,26,1,25,國票-敦北法人,2023-10-12,0037003700390063
3006,晶豪科,158,133,25,國票-敦北法人,2023-10-12,0037003700390063
1524,耿鼎,33,8,25,國票-敦北法人,2023-10-12,0037003700390063
4968,立積,25,1,24,國票-敦北法人,2023-10-12,0037003700390063
2530,華建,23,0,23,國票-敦北法人,2023-10-12,0037003700390063
00722B,群益投資級電信債,20,0,20,國票-敦北法人,2023-10-12,0037003700390063
4966,譜瑞-KY,21,1,20,國票-敦北法人,2023-10-12,0037003700390063
9914,美利達,20,0,20,國票-敦北法人,2023-10-12,0037003700390063
2388,威盛,22,2,20,國票-敦北法人,2023-10-12,0037003700390063
2383,台光電,19,0,19,國票-敦北法人,2023-10-12,0037003700390063
2363,矽統,1413,340,1073,國票-敦北法人,2023-10-13,0037003700390063
3260,威剛,828,24,804,國票-敦北法人,2023-10-13,0037003700390063
3231,緯創,553,50,503,國票-敦北法人,2023-10-13,0037003700390063
2377,微星,326,0,326,國票-敦北法人,2023-10-13,0037003700390063
1815,富喬,362,47,315,國票-敦北法人,2023-10-13,0037003700390063
2530,華建,343,70,273,國票-敦北法人,2023-10-13,0037003700390063
2368,金像電,265,2,263,國票-敦北法人,2023-10-13,0037003700390063
3346,麗清,259,0,259,國票-敦北法人,2023-10-13,0037003700390063
2353,宏��,250,0,250,國票-敦北法人,2023-10-13,0037003700390063
6530,創威,225,2,223,國票-敦北法人,2023-10-13,0037003700390063
4958,臻鼎-KY,200,0,200,國票-敦北法人,2023-10-13,0037003700390063
4503,金雨,174,4,170,國票-敦北法人,2023-10-13,0037003700390063
5215,科嘉-KY,172,5,167,國票-敦北法人,2023-10-13,0037003700390063
2201,裕隆,183,62,121,國票-敦北法人,2023-10-13,0037003700390063
4967,十銓,118,9,109,國票-敦北法人,2023-10-13,0037003700390063
5439,高技,115,13,102,國票-敦北法人,2023-10-13,0037003700390063
3450,聯鈞,108,24,84,國票-敦北法人,2023-10-13,0037003700390063
3491,昇達科,82,3,79,國票-敦北法人,2023-10-13,0037003700390063
8299,群聯,123,48,75,國票-敦北法人,2023-10-13,0037003700390063
6415,矽力*-KY,59,0,59,國票-敦北法人,2023-10-13,0037003700390063
4908,前鼎,81,22,59,國票-敦北法人,2023-10-13,0037003700390063
6579,研揚,58,0,58,國票-敦北法人,2023-10-13,0037003700390063
2360,致茂,51,0,51,國票-敦北法人,2023-10-13,0037003700390063
1560,中砂,53,2,51,國票-敦北法人,2023-10-13,0037003700390063
8069,元太,50,0,50,國票-敦北法人,2023-10-13,0037003700390063
6147,頎邦,49,0,49,國票-敦北法人,2023-10-13,0037003700390063
3443,創意,55,12,43,國票-敦北法人,2023-10-13,0037003700390063
6569,醫揚,42,0,42,國票-敦北法人,2023-10-13,0037003700390063
8454,富邦媒,42,0,42,國票-敦北法人,2023-10-13,0037003700390063
2308,台達電,40,0,40,國票-敦北法人,2023-10-13,0037003700390063
1612,宏泰,40,0,40,國票-敦北法人,2023-10-13,0037003700390063
2059,川湖,40,0,40,國票-敦北法人,2023-10-13,0037003700390063
5871,中租-KY,36,0,36,國票-敦北法人,2023-10-13,0037003700390063
2454,聯發科,63,28,35,國票-敦北法人,2023-10-13,0037003700390063
9910,豐泰,34,0,34,國票-敦北法人,2023-10-13,0037003700390063
00637L,元大滬深300正2,30,0,30,國票-敦北法人,2023-10-13,0037003700390063
6239,力成,32,3,29,國票-敦北法人,2023-10-13,0037003700390063
1785,光洋科,35,8,27,國票-敦北法人,2023-10-13,0037003700390063
6160,欣技,23,0,23,國票-敦北法人,2023-10-13,0037003700390063
3027,盛達,23,0,23,國票-敦北法人,2023-10-13,0037003700390063
2881,富邦金,22,0,22,國票-敦北法人,2023-10-13,0037003700390063
1314,中石化,35,13,22,國票-敦北法人,2023-10-13,0037003700390063
3017,奇鋐,36,15,21,國票-敦北法人,2023-10-13,0037003700390063
2241,艾姆勒,21,0,21,國票-敦北法人,2023-10-13,0037003700390063
2610,華航,25,5,20,國票-敦北法人,2023-10-13,0037003700390063
1476,儒鴻,20,0,20,國票-敦北法人,2023-10-13,0037003700390063
2884,玉山金,20,0,20,國票-敦北法人,2023-10-13,0037003700390063
3042,晶技,18,0,18,國票-敦北法人,2023-10-13,0037003700390063
2345,智邦,19,3,16,國票-敦北法人,2023-10-13,0037003700390063
6271,同欣電,18,2,16,國票-敦北法人,2023-10-13,0037003700390063
2891,中信金,1501,66,1435,國票-敦北法人,2023-10-16,0037003700390063
5347,世界,520,1,519,國票-敦北法人,2023-10-16,0037003700390063
2515,中工,933,524,409,國票-敦北法人,2023-10-16,0037003700390063
00922,國泰台灣領袖50,400,0,400,國票-敦北法人,2023-10-16,0037003700390063
3037,欣興,408,74,334,國票-敦北法人,2023-10-16,0037003700390063
6271,同欣電,323,0,323,國票-敦北法人,2023-10-16,0037003700390063
9802,鈺齊-KY,292,1,291,國票-敦北法人,2023-10-16,0037003700390063
8054,安國,282,2,280,國票-敦北法人,2023-10-16,0037003700390063
2455,全新,213,0,213,國票-敦北法人,2023-10-16,0037003700390063
4967,十銓,227,54,173,國票-敦北法人,2023-10-16,0037003700390063
6530,創威,298,200,98,國票-敦北法人,2023-10-16,0037003700390063
3483,力致,112,21,91,國票-敦北法人,2023-10-16,0037003700390063
4960,誠美材,100,12,88,國票-敦北法人,2023-10-16,0037003700390063
2313,華通,112,24,88,國票-敦北法人,2023-10-16,0037003700390063
0050,元大台灣50,75,0,75,國票-敦北法人,2023-10-16,0037003700390063
1519,華城,67,4,63,國票-敦北法人,2023-10-16,0037003700390063
6531,愛普*,81,21,60,國票-敦北法人,2023-10-16,0037003700390063
3715,定穎投控,80,21,59,國票-敦北法人,2023-10-16,0037003700390063
8299,群聯,58,0,58,國票-敦北法人,2023-10-16,0037003700390063
2363,矽統,131,74,57,國票-敦北法人,2023-10-16,0037003700390063
4763,材料-KY,57,3,54,國票-敦北法人,2023-10-16,0037003700390063
2383,台光電,78,27,51,國票-敦北法人,2023-10-16,0037003700390063
3694,海華,50,0,50,國票-敦北法人,2023-10-16,0037003700390063
00673R,期元大S＆P原油反1,50,0,50,國票-敦北法人,2023-10-16,0037003700390063
6643,M31,53,8,45,國票-敦北法人,2023-10-16,0037003700390063
2465,麗臺,46,1,45,國票-敦北法人,2023-10-16,0037003700390063
2618,長榮航,49,8,41,國票-敦北法人,2023-10-16,0037003700390063
3443,創意,56,18,38,國票-敦北法人,2023-10-16,0037003700390063
6139,亞翔,44,7,37,國票-敦北法人,2023-10-16,0037003700390063
2338,光罩,35,0,35,國票-敦北法人,2023-10-16,0037003700390063
6488,環球晶,32,1,31,國票-敦北法人,2023-10-16,0037003700390063
1605,華新,23,0,23,國票-敦北法人,2023-10-16,0037003700390063
9910,豐泰,29,6,23,國票-敦北法人,2023-10-16,0037003700390063
5353,台林,21,0,21,國票-敦北法人,2023-10-16,0037003700390063
6416,瑞祺電通,20,0,20,國票-敦北法人,2023-10-16,0037003700390063
8390,金益鼎,20,0,20,國票-敦北法人,2023-10-16,0037003700390063
3176,基亞,20,0,20,國票-敦北法人,2023-10-16,0037003700390063
6285,啟��,26,7,19,國票-敦北法人,2023-10-16,0037003700390063
2059,川湖,18,0,18,國票-敦北法人,2023-10-16,0037003700390063
3706,神達,22,4,18,國票-敦北法人,2023-10-16,0037003700390063
2371,大同,19,1,18,國票-敦北法人,2023-10-16,0037003700390063
0056,元大高股息,18,1,17,國票-敦北法人,2023-10-16,0037003700390063
2516,新建,18,1,17,國票-敦北法人,2023-10-16,0037003700390063
2610,華航,17,1,16,國票-敦北法人,2023-10-16,0037003700390063
1522,堤維西,15,0,15,國票-敦北法人,2023-10-16,0037003700390063
2883,凱基金,15,0,15,國票-敦北法人,2023-10-16,0037003700390063
2392,正崴,15,0,15,國票-敦北法人,2023-10-16,0037003700390063
2530,華建,14,0,14,國票-敦北法人,2023-10-16,0037003700390063
9958,世紀鋼,15,3,12,國票-敦北法人,2023-10-16,0037003700390063
2352,佳世達,30,18,12,國票-敦北法人,2023-10-16,0037003700390063
2303,聯電,2514,55,2459,國票-敦北法人,2023-10-17,0037003700390063
00893,國泰智能電動車,2100,0,2100,國票-敦北法人,2023-10-17,0037003700390063
00830,國泰費城半導體,1400,0,1400,國票-敦北法人,2023-10-17,0037003700390063
2515,中工,506,30,476,國票-敦北法人,2023-10-17,0037003700390063
2368,金像電,303,4,299,國票-敦北法人,2023-10-17,0037003700390063
6168,宏齊,301,5,296,國票-敦北法人,2023-10-17,0037003700390063
6451,訊芯-KY,287,3,284,國票-敦北法人,2023-10-17,0037003700390063
2383,台光電,261,17,244,國票-敦北法人,2023-10-17,0037003700390063
0050,元大台灣50,223,20,203,國票-敦北法人,2023-10-17,0037003700390063
3017,奇鋐,222,22,200,國票-敦北法人,2023-10-17,0037003700390063
3588,通嘉,189,1,188,國票-敦北法人,2023-10-17,0037003700390063
2352,佳世達,170,0,170,國票-敦北法人,2023-10-17,0037003700390063
6104,創惟,144,3,141,國票-敦北法人,2023-10-17,0037003700390063
3260,威剛,137,2,135,國票-敦北法人,2023-10-17,0037003700390063
3680,家登,115,5,110,國票-敦北法人,2023-10-17,0037003700390063
6643,M31,101,10,91,國票-敦北法人,2023-10-17,0037003700390063
6811,宏�硌穈T,88,0,88,國票-敦北法人,2023-10-17,0037003700390063
3035,智原,135,50,85,國票-敦北法人,2023-10-17,0037003700390063
6290,良維,100,31,69,國票-敦北法人,2023-10-17,0037003700390063
3653,健策,67,1,66,國票-敦北法人,2023-10-17,0037003700390063
2395,研華,60,0,60,國票-敦北法人,2023-10-17,0037003700390063
8069,元太,60,0,60,國票-敦北法人,2023-10-17,0037003700390063
1314,中石化,70,14,56,國票-敦北法人,2023-10-17,0037003700390063
2377,微星,51,0,51,國票-敦北法人,2023-10-17,0037003700390063
9904,寶成,50,0,50,國票-敦北法人,2023-10-17,0037003700390063
5381,合正,44,0,44,國票-敦北法人,2023-10-17,0037003700390063
1612,宏泰,40,0,40,國票-敦北法人,2023-10-17,0037003700390063
2201,裕隆,40,2,38,國票-敦北法人,2023-10-17,0037003700390063
2618,長榮航,51,14,37,國票-敦北法人,2023-10-17,0037003700390063
8086,宏捷科,33,0,33,國票-敦北法人,2023-10-17,0037003700390063
5274,信驊,32,1,31,國票-敦北法人,2023-10-17,0037003700390063
2465,麗臺,31,0,31,國票-敦北法人,2023-10-17,0037003700390063
00862B,中信投資級公司債,30,0,30,國票-敦北法人,2023-10-17,0037003700390063
8227,巨有科技,31,1,30,國票-敦北法人,2023-10-17,0037003700390063
1519,華城,51,24,27,國票-敦北法人,2023-10-17,0037003700390063
8210,勤誠,27,2,25,國票-敦北法人,2023-10-17,0037003700390063
3078,僑威,40,16,24,國票-敦北法人,2023-10-17,0037003700390063
4763,材料-KY,25,3,22,國票-敦北法人,2023-10-17,0037003700390063
6202,盛群,23,1,22,國票-敦北法人,2023-10-17,0037003700390063
00931B,統一美債20年,22,0,22,國票-敦北法人,2023-10-17,0037003700390063
4123,晟德,22,0,22,國票-敦北法人,2023-10-17,0037003700390063
8176,智捷,21,0,21,國票-敦北法人,2023-10-17,0037003700390063
2454,聯發科,26,5,21,國票-敦北法人,2023-10-17,0037003700390063
5353,台林,20,0,20,國票-敦北法人,2023-10-17,0037003700390063
1723,中碳,20,0,20,國票-敦北法人,2023-10-17,0037003700390063
00637L,元大滬深300正2,78,58,20,國票-敦北法人,2023-10-17,0037003700390063
2206,三陽工業,20,0,20,國票-敦北法人,2023-10-17,0037003700390063
1608,華榮,19,0,19,國票-敦北法人,2023-10-17,0037003700390063
00679B,元大美債20年,19,0,19,國票-敦北法人,2023-10-17,0037003700390063
2460,建通,17,0,17,國票-敦北法人,2023-10-17,0037003700390063
2347,聯強,360,0,360,國票-敦北法人,2023-10-18,0037003700390063
5469,瀚宇博,360,0,360,國票-敦北法人,2023-10-18,0037003700390063
4919,新唐,348,1,347,國票-敦北法人,2023-10-18,0037003700390063
4908,前鼎,344,14,330,國票-敦北法人,2023-10-18,0037003700390063
2352,佳世達,415,101,314,國票-敦北法人,2023-10-18,0037003700390063
2330,台積電,278,0,278,國票-敦北法人,2023-10-18,0037003700390063
5371,中光電,240,0,240,國票-敦北法人,2023-10-18,0037003700390063
4938,和碩,240,0,240,國票-敦北法人,2023-10-18,0037003700390063
6147,頎邦,240,0,240,國票-敦北法人,2023-10-18,0037003700390063
6285,啟��,246,7,239,國票-敦北法人,2023-10-18,0037003700390063
2233,宇隆,204,1,203,國票-敦北法人,2023-10-18,0037003700390063
3035,智原,242,40,202,國票-敦北法人,2023-10-18,0037003700390063
3044,健鼎,200,0,200,國票-敦北法人,2023-10-18,0037003700390063
1326,台化,200,0,200,國票-敦北法人,2023-10-18,0037003700390063
3596,智易,200,0,200,國票-敦北法人,2023-10-18,0037003700390063
4979,華星光,241,44,197,國票-敦北法人,2023-10-18,0037003700390063
3189,景碩,200,4,196,國票-敦北法人,2023-10-18,0037003700390063
0050,元大台灣50,200,5,195,國票-敦北法人,2023-10-18,0037003700390063
6530,創威,229,55,174,國票-敦北法人,2023-10-18,0037003700390063
2353,宏��,135,0,135,國票-敦北法人,2023-10-18,0037003700390063
3014,聯陽,122,4,118,國票-敦北法人,2023-10-18,0037003700390063
2002,中鋼,118,0,118,國票-敦北法人,2023-10-18,0037003700390063
2379,瑞昱,91,7,84,國票-敦北法人,2023-10-18,0037003700390063
00713,元大台灣高息低波,81,0,81,國票-敦北法人,2023-10-18,0037003700390063
2404,漢唐,121,40,81,國票-敦北法人,2023-10-18,0037003700390063
2303,聯電,368,311,57,國票-敦北法人,2023-10-18,0037003700390063
4137,麗豐-KY,53,0,53,國票-敦北法人,2023-10-18,0037003700390063
00878,國泰永續高股息,51,1,50,國票-敦北法人,2023-10-18,0037003700390063
2395,研華,50,0,50,國票-敦北法人,2023-10-18,0037003700390063
2454,聯發科,56,12,44,國票-敦北法人,2023-10-18,0037003700390063
6416,瑞祺電通,41,0,41,國票-敦北法人,2023-10-18,0037003700390063
0056,元大高股息,49,8,41,國票-敦北法人,2023-10-18,0037003700390063
1210,大成,50,10,40,國票-敦北法人,2023-10-18,0037003700390063
00673R,期元大S＆P原油反1,40,0,40,國票-敦北法人,2023-10-18,0037003700390063
1314,中石化,50,10,40,國票-敦北法人,2023-10-18,0037003700390063
3037,欣興,53,19,34,國票-敦北法人,2023-10-18,0037003700390063
00929,復華台灣科技優息,50,17,33,國票-敦北法人,2023-10-18,0037003700390063
2383,台光電,34,2,32,國票-敦北法人,2023-10-18,0037003700390063
2206,三陽工業,33,2,31,國票-敦北法人,2023-10-18,0037003700390063
6643,M31,37,10,27,國票-敦北法人,2023-10-18,0037003700390063
2634,漢翔,27,0,27,國票-敦北法人,2023-10-18,0037003700390063
6515,穎崴,27,0,27,國票-敦北法人,2023-10-18,0037003700390063
6546,正基,25,0,25,國票-敦北法人,2023-10-18,0037003700390063
3041,揚智,25,0,25,國票-敦北法人,2023-10-18,0037003700390063
8210,勤誠,29,5,24,國票-敦北法人,2023-10-18,0037003700390063
3078,僑威,28,4,24,國票-敦北法人,2023-10-18,0037003700390063
2610,華航,33,12,21,國票-敦北法人,2023-10-18,0037003700390063
00932,兆豐永續高息等權,21,0,21,國票-敦北法人,2023-10-18,0037003700390063
1477,聚陽,22,1,21,國票-敦北法人,2023-10-18,0037003700390063
3529,力旺,20,0,20,國票-敦北法人,2023-10-18,0037003700390063
2303,聯電,1087,171,916,國票-敦北法人,2023-10-19,0037003700390063
2449,京元電子,778,41,737,國票-敦北法人,2023-10-19,0037003700390063
3041,揚智,511,46,465,國票-敦北法人,2023-10-19,0037003700390063
2618,長榮航,397,5,392,國票-敦北法人,2023-10-19,0037003700390063
4908,前鼎,433,42,391,國票-敦北法人,2023-10-19,0037003700390063
00637L,元大滬深300正2,347,20,327,國票-敦北法人,2023-10-19,0037003700390063
3122,笙泉,283,7,276,國票-敦北法人,2023-10-19,0037003700390063
2454,聯發科,266,4,262,國票-敦北法人,2023-10-19,0037003700390063
00830,國泰費城半導體,203,0,203,國票-敦北法人,2023-10-19,0037003700390063
3363,上詮,205,5,200,國票-敦北法人,2023-10-19,0037003700390063
2607,榮運,189,20,169,國票-敦北法人,2023-10-19,0037003700390063
6732,昇佳電子,171,3,168,國票-敦北法人,2023-10-19,0037003700390063
2637,慧洋-KY,132,0,132,國票-敦北法人,2023-10-19,0037003700390063
6285,啟��,122,8,114,國票-敦北法人,2023-10-19,0037003700390063
00933B,國泰10Y+金融債,107,0,107,國票-敦北法人,2023-10-19,0037003700390063
2609,陽明,80,3,77,國票-敦北法人,2023-10-19,0037003700390063
00919,群益台灣精選高息,76,0,76,國票-敦北法人,2023-10-19,0037003700390063
00712,復華富時不動產,70,0,70,國票-敦北法人,2023-10-19,0037003700390063
4743,合一,68,2,66,國票-敦北法人,2023-10-19,0037003700390063
1101,台泥,58,0,58,國票-敦北法人,2023-10-19,0037003700390063
4128,中天,61,7,54,國票-敦北法人,2023-10-19,0037003700390063
3017,奇鋐,67,15,52,國票-敦北法人,2023-10-19,0037003700390063
2330,台積電,55,4,51,國票-敦北法人,2023-10-19,0037003700390063
2450,神腦,46,0,46,國票-敦北法人,2023-10-19,0037003700390063
4726,永昕,38,0,38,國票-敦北法人,2023-10-19,0037003700390063
3680,家登,38,0,38,國票-敦北法人,2023-10-19,0037003700390063
5289,宜鼎,37,0,37,國票-敦北法人,2023-10-19,0037003700390063
00679B,元大美債20年,46,10,36,國票-敦北法人,2023-10-19,0037003700390063
6451,訊芯-KY,39,4,35,國票-敦北法人,2023-10-19,0037003700390063
2387,精元,35,0,35,國票-敦北法人,2023-10-19,0037003700390063
2476,鉅祥,34,0,34,國票-敦北法人,2023-10-19,0037003700390063
8996,高力,37,4,33,國票-敦北法人,2023-10-19,0037003700390063
00725B,國泰投資級公司債,31,0,31,國票-敦北法人,2023-10-19,0037003700390063
2308,台達電,30,0,30,國票-敦北法人,2023-10-19,0037003700390063
8024,佑華,30,0,30,國票-敦北法人,2023-10-19,0037003700390063
1460,宏遠,90,60,30,國票-敦北法人,2023-10-19,0037003700390063
2383,台光電,30,4,26,國票-敦北法人,2023-10-19,0037003700390063
2420,新巨,27,2,25,國票-敦北法人,2023-10-19,0037003700390063
2376,技嘉,27,3,24,國票-敦北法人,2023-10-19,0037003700390063
2356,英業達,25,2,23,國票-敦北法人,2023-10-19,0037003700390063
6113,亞矽,29,8,21,國票-敦北法人,2023-10-19,0037003700390063
2546,根基,21,0,21,國票-敦北法人,2023-10-19,0037003700390063
2610,華航,20,0,20,國票-敦北法人,2023-10-19,0037003700390063
2880,華南金,20,0,20,國票-敦北法人,2023-10-19,0037003700390063
5236,凌陽創新,20,0,20,國票-敦北法人,2023-10-19,0037003700390063
2401,凌陽,21,1,20,國票-敦北法人,2023-10-19,0037003700390063
1795,美時,21,2,19,國票-敦北法人,2023-10-19,0037003700390063
2887,台新金,20,2,18,國票-敦北法人,2023-10-19,0037003700390063
00751B,元大AAA至A公司債,17,0,17,國票-敦北法人,2023-10-19,0037003700390063
2884,玉山金,16,0,16,國票-敦北法人,2023-10-19,0037003700390063
2369,菱生,328,52,276,國票-敦北法人,2023-10-20,0037003700390063
3231,緯創,311,72,239,國票-敦北法人,2023-10-20,0037003700390063
3533,嘉澤,201,1,200,國票-敦北法人,2023-10-20,0037003700390063
2308,台達電,179,0,179,國票-敦北法人,2023-10-20,0037003700390063
6176,瑞儀,150,0,150,國票-敦北法人,2023-10-20,0037003700390063
3017,奇鋐,154,24,130,國票-敦北法人,2023-10-20,0037003700390063
2303,聯電,133,15,118,國票-敦北法人,2023-10-20,0037003700390063
2301,光寶科,113,2,111,國票-敦北法人,2023-10-20,0037003700390063
5215,科嘉-KY,121,11,110,國票-敦北法人,2023-10-20,0037003700390063
6182,合晶,103,0,103,國票-敦北法人,2023-10-20,0037003700390063
0050,元大台灣50,78,0,78,國票-敦北法人,2023-10-20,0037003700390063
00712,復華富時不動產,66,0,66,國票-敦北法人,2023-10-20,0037003700390063
2360,致茂,58,1,57,國票-敦北法人,2023-10-20,0037003700390063
00878,國泰永續高股息,56,0,56,國票-敦北法人,2023-10-20,0037003700390063
2401,凌陽,61,5,56,國票-敦北法人,2023-10-20,0037003700390063
3680,家登,53,0,53,國票-敦北法人,2023-10-20,0037003700390063
6451,訊芯-KY,50,0,50,國票-敦北法人,2023-10-20,0037003700390063
1815,富喬,51,2,49,國票-敦北法人,2023-10-20,0037003700390063
3041,揚智,568,527,41,國票-敦北法人,2023-10-20,0037003700390063
2382,廣達,70,29,41,國票-敦北法人,2023-10-20,0037003700390063
3374,精材,41,0,41,國票-敦北法人,2023-10-20,0037003700390063
9939,宏全,40,0,40,國票-敦北法人,2023-10-20,0037003700390063
00673R,期元大S＆P原油反1,40,0,40,國票-敦北法人,2023-10-20,0037003700390063
8054,安國,36,1,35,國票-敦北法人,2023-10-20,0037003700390063
1785,光洋科,67,32,35,國票-敦北法人,2023-10-20,0037003700390063
4967,十銓,47,13,34,國票-敦北法人,2023-10-20,0037003700390063
2891,中信金,31,0,31,國票-敦北法人,2023-10-20,0037003700390063
00905,FT臺灣Smart,31,0,31,國票-敦北法人,2023-10-20,0037003700390063
4979,華星光,35,6,29,國票-敦北法人,2023-10-20,0037003700390063
2454,聯發科,29,0,29,國票-敦北法人,2023-10-20,0037003700390063
0056,元大高股息,28,0,28,國票-敦北法人,2023-10-20,0037003700390063
2885,元大金,31,5,26,國票-敦北法人,2023-10-20,0037003700390063
2493,揚博,35,10,25,國票-敦北法人,2023-10-20,0037003700390063
2353,宏��,25,2,23,國票-敦北法人,2023-10-20,0037003700390063
2882,國泰金,21,0,21,國票-敦北法人,2023-10-20,0037003700390063
2516,新建,20,0,20,國票-敦北法人,2023-10-20,0037003700390063
2363,矽統,20,2,18,國票-敦北法人,2023-10-20,0037003700390063
1721,三晃,17,0,17,國票-敦北法人,2023-10-20,0037003700390063
6684,安格,16,0,16,國票-敦北法人,2023-10-20,0037003700390063
2412,中華電,16,0,16,國票-敦北法人,2023-10-20,0037003700390063
5328,華容,15,0,15,國票-敦北法人,2023-10-20,0037003700390063
4401,東隆興,20,5,15,國票-敦北法人,2023-10-20,0037003700390063
2883,凱基金,41,26,15,國票-敦北法人,2023-10-20,0037003700390063
2886,兆豐金,15,1,14,國票-敦北法人,2023-10-20,0037003700390063
6669,緯穎,16,2,14,國票-敦北法人,2023-10-20,0037003700390063
2409,友達,14,0,14,國票-敦北法人,2023-10-20,0037003700390063
2890,永豐金,15,1,14,國票-敦北法人,2023-10-20,0037003700390063
2002,中鋼,19,5,14,國票-敦北法人,2023-10-20,0037003700390063
2486,一詮,13,0,13,國票-敦北法人,2023-10-20,0037003700390063
2887,台新金,13,0,13,國票-敦北法人,2023-10-20,0037003700390063
2449,京元電子,915,13,902,國票-敦北法人,2023-10-23,0037003700390063
2313,華通,805,6,799,國票-敦北法人,2023-10-23,0037003700390063
2337,旺宏,593,0,593,國票-敦北法人,2023-10-23,0037003700390063
6147,頎邦,582,0,582,國票-敦北法人,2023-10-23,0037003700390063
2345,智邦,465,4,461,國票-敦北法人,2023-10-23,0037003700390063
3702,大聯大,455,0,455,國票-敦北法人,2023-10-23,0037003700390063
2303,聯電,449,3,446,國票-敦北法人,2023-10-23,0037003700390063
6182,合晶,440,0,440,國票-敦北法人,2023-10-23,0037003700390063
2353,宏��,435,0,435,國票-敦北法人,2023-10-23,0037003700390063
2347,聯強,341,0,341,國票-敦北法人,2023-10-23,0037003700390063
2352,佳世達,330,10,320,國票-敦北法人,2023-10-23,0037003700390063
5371,中光電,283,0,283,國票-敦北法人,2023-10-23,0037003700390063
2382,廣達,254,14,240,國票-敦北法人,2023-10-23,0037003700390063
3653,健策,215,0,215,國票-敦北法人,2023-10-23,0037003700390063
2369,菱生,433,230,203,國票-敦北法人,2023-10-23,0037003700390063
2892,第一金,202,0,202,國票-敦北法人,2023-10-23,0037003700390063
3264,欣銓,200,0,200,國票-敦北法人,2023-10-23,0037003700390063
2501,國建,157,0,157,國票-敦北法人,2023-10-23,0037003700390063
2412,中華電,385,250,135,國票-敦北法人,2023-10-23,0037003700390063
3450,聯鈞,171,48,123,國票-敦北法人,2023-10-23,0037003700390063
3533,嘉澤,111,0,111,國票-敦北法人,2023-10-23,0037003700390063
2330,台積電,105,2,103,國票-敦北法人,2023-10-23,0037003700390063
3665,貿聯-KY,100,0,100,國票-敦北法人,2023-10-23,0037003700390063
3711,日月光投控,104,5,99,國票-敦北法人,2023-10-23,0037003700390063
2383,台光電,89,4,85,國票-敦北法人,2023-10-23,0037003700390063
8227,巨有科技,85,0,85,國票-敦北法人,2023-10-23,0037003700390063
8110,華東,411,334,77,國票-敦北法人,2023-10-23,0037003700390063
3122,笙泉,59,3,56,國票-敦北法人,2023-10-23,0037003700390063
1815,富喬,50,0,50,國票-敦北法人,2023-10-23,0037003700390063
8210,勤誠,51,2,49,國票-敦北法人,2023-10-23,0037003700390063
3037,欣興,51,5,46,國票-敦北法人,2023-10-23,0037003700390063
3231,緯創,73,33,40,國票-敦北法人,2023-10-23,0037003700390063
3017,奇鋐,31,0,31,國票-敦北法人,2023-10-23,0037003700390063
3234,光環,31,0,31,國票-敦北法人,2023-10-23,0037003700390063
6585,鼎基,30,0,30,國票-敦北法人,2023-10-23,0037003700390063
3260,威剛,36,7,29,國票-敦北法人,2023-10-23,0037003700390063
1314,中石化,30,5,25,國票-敦北法人,2023-10-23,0037003700390063
9945,潤泰新,25,0,25,國票-敦北法人,2023-10-23,0037003700390063
3035,智原,27,4,23,國票-敦北法人,2023-10-23,0037003700390063
00888,永豐台灣ESG,23,0,23,國票-敦北法人,2023-10-23,0037003700390063
00929,復華台灣科技優息,22,0,22,國票-敦北法人,2023-10-23,0037003700390063
2634,漢翔,22,1,21,國票-敦北法人,2023-10-23,0037003700390063
5457,宣德,20,0,20,國票-敦北法人,2023-10-23,0037003700390063
1442,名軒,20,0,20,國票-敦北法人,2023-10-23,0037003700390063
2618,長榮航,20,0,20,國票-敦北法人,2023-10-23,0037003700390063
5355,佳總,20,0,20,國票-敦北法人,2023-10-23,0037003700390063
1905,華紙,20,0,20,國票-敦北法人,2023-10-23,0037003700390063
3491,昇達科,20,1,19,國票-敦北法人,2023-10-23,0037003700390063
8176,智捷,29,11,18,國票-敦北法人,2023-10-23,0037003700390063
6214,精誠,16,0,16,國票-敦北法人,2023-10-23,0037003700390063
2317,鴻海,629,12,617,國票-敦北法人,2023-10-24,0037003700390063
2412,中華電,306,0,306,國票-敦北法人,2023-10-24,0037003700390063
2308,台達電,171,4,167,國票-敦北法人,2023-10-24,0037003700390063
2303,聯電,164,3,161,國票-敦北法人,2023-10-24,0037003700390063
3491,昇達科,111,2,109,國票-敦北法人,2023-10-24,0037003700390063
00637L,元大滬深300正2,129,23,106,國票-敦北法人,2023-10-24,0037003700390063
6290,良維,102,0,102,國票-敦北法人,2023-10-24,0037003700390063
3035,智原,106,11,95,國票-敦北法人,2023-10-24,0037003700390063
5439,高技,93,0,93,國票-敦北法人,2023-10-24,0037003700390063
2501,國建,90,0,90,國票-敦北法人,2023-10-24,0037003700390063
3701,大眾控,88,6,82,國票-敦北法人,2023-10-24,0037003700390063
3680,家登,72,0,72,國票-敦北法人,2023-10-24,0037003700390063
8110,華東,150,84,66,國票-敦北法人,2023-10-24,0037003700390063
1795,美時,127,72,55,國票-敦北法人,2023-10-24,0037003700390063
1591,駿吉-KY,50,0,50,國票-敦北法人,2023-10-24,0037003700390063
5258,虹堡,49,1,48,國票-敦北法人,2023-10-24,0037003700390063
1460,宏遠,45,0,45,國票-敦北法人,2023-10-24,0037003700390063
3062,建漢,50,5,45,國票-敦北法人,2023-10-24,0037003700390063
3017,奇鋐,130,87,43,國票-敦北法人,2023-10-24,0037003700390063
8358,金居,35,0,35,國票-敦北法人,2023-10-24,0037003700390063
6176,瑞儀,35,0,35,國票-敦北法人,2023-10-24,0037003700390063
2884,玉山金,32,0,32,國票-敦北法人,2023-10-24,0037003700390063
2328,廣宇,30,0,30,國票-敦北法人,2023-10-24,0037003700390063
6113,亞矽,30,2,28,國票-敦北法人,2023-10-24,0037003700390063
4702,中美實,25,0,25,國票-敦北法人,2023-10-24,0037003700390063
2025,千興,25,0,25,國票-敦北法人,2023-10-24,0037003700390063
6129,普誠,33,10,23,國票-敦北法人,2023-10-24,0037003700390063
1101,台泥,23,0,23,國票-敦北法人,2023-10-24,0037003700390063
00929,復華台灣科技優息,22,1,21,國票-敦北法人,2023-10-24,0037003700390063
5347,世界,20,0,20,國票-敦北法人,2023-10-24,0037003700390063
2371,大同,20,0,20,國票-敦北法人,2023-10-24,0037003700390063
4137,麗豐-KY,20,0,20,國票-敦北法人,2023-10-24,0037003700390063
006205,富邦上証,20,0,20,國票-敦北法人,2023-10-24,0037003700390063
2354,鴻準,20,1,19,國票-敦北法人,2023-10-24,0037003700390063
00712,復華富時不動產,19,0,19,國票-敦北法人,2023-10-24,0037003700390063
2376,技嘉,50,32,18,國票-敦北法人,2023-10-24,0037003700390063
6770,力積電,16,0,16,國票-敦北法人,2023-10-24,0037003700390063
8048,德勝,15,0,15,國票-敦北法人,2023-10-24,0037003700390063
3034,聯詠,15,0,15,國票-敦北法人,2023-10-24,0037003700390063
2421,建準,15,0,15,國票-敦北法人,2023-10-24,0037003700390063
3325,旭品,16,2,14,國票-敦北法人,2023-10-24,0037003700390063
6679,鈺太,13,0,13,國票-敦北法人,2023-10-24,0037003700390063
2484,希華,13,0,13,國票-敦北法人,2023-10-24,0037003700390063
5388,中磊,13,0,13,國票-敦北法人,2023-10-24,0037003700390063
4979,華星光,290,277,13,國票-敦北法人,2023-10-24,0037003700390063
1524,耿鼎,25,13,12,國票-敦北法人,2023-10-24,0037003700390063
1723,中碳,15,3,12,國票-敦北法人,2023-10-24,0037003700390063
6147,頎邦,13,1,12,國票-敦北法人,2023-10-24,0037003700390063
2457,飛宏,13,1,12,國票-敦北法人,2023-10-24,0037003700390063
6589,台康生技,20,8,12,國票-敦北法人,2023-10-24,0037003700390063
3041,揚智,522,5,517,國票-敦北法人,2023-10-25,0037003700390063
2892,第一金,412,0,412,國票-敦北法人,2023-10-25,0037003700390063
8210,勤誠,221,5,216,國票-敦北法人,2023-10-25,0037003700390063
1795,美時,215,7,208,國票-敦北法人,2023-10-25,0037003700390063
3711,日月光投控,142,0,142,國票-敦北法人,2023-10-25,0037003700390063
006208,富邦台50,142,0,142,國票-敦北法人,2023-10-25,0037003700390063
3715,定穎投控,169,41,128,國票-敦北法人,2023-10-25,0037003700390063
2891,中信金,118,0,118,國票-敦北法人,2023-10-25,0037003700390063
2382,廣達,133,17,116,國票-敦北法人,2023-10-25,0037003700390063
00715L,期街口布蘭特正2,114,0,114,國票-敦北法人,2023-10-25,0037003700390063
3491,昇達科,111,0,111,國票-敦北法人,2023-10-25,0037003700390063
2884,玉山金,97,0,97,國票-敦北法人,2023-10-25,0037003700390063
2883,凱基金,102,10,92,國票-敦北法人,2023-10-25,0037003700390063
2317,鴻海,97,12,85,國票-敦北法人,2023-10-25,0037003700390063
2886,兆豐金,82,0,82,國票-敦北法人,2023-10-25,0037003700390063
2303,聯電,93,12,81,國票-敦北法人,2023-10-25,0037003700390063
3044,健鼎,80,1,79,國票-敦北法人,2023-10-25,0037003700390063
2885,元大金,78,0,78,國票-敦北法人,2023-10-25,0037003700390063
2002,中鋼,81,3,78,國票-敦北法人,2023-10-25,0037003700390063
5880,合庫金,77,0,77,國票-敦北法人,2023-10-25,0037003700390063
2887,台新金,76,0,76,國票-敦北法人,2023-10-25,0037003700390063
2816,旺旺保,75,0,75,國票-敦北法人,2023-10-25,0037003700390063
2890,永豐金,74,0,74,國票-敦北法人,2023-10-25,0037003700390063
6669,緯穎,71,0,71,國票-敦北法人,2023-10-25,0037003700390063
2880,華南金,70,0,70,國票-敦北法人,2023-10-25,0037003700390063
2395,研華,63,0,63,國票-敦北法人,2023-10-25,0037003700390063
2618,長榮航,65,3,62,國票-敦北法人,2023-10-25,0037003700390063
2882,國泰金,59,0,59,國票-敦北法人,2023-10-25,0037003700390063
1101,台泥,56,1,55,國票-敦北法人,2023-10-25,0037003700390063
3324,雙鴻,51,1,50,國票-敦北法人,2023-10-25,0037003700390063
2881,富邦金,50,1,49,國票-敦北法人,2023-10-25,0037003700390063
2801,彰銀,44,0,44,國票-敦北法人,2023-10-25,0037003700390063
6589,台康生技,40,0,40,國票-敦北法人,2023-10-25,0037003700390063
1303,南亞,40,0,40,國票-敦北法人,2023-10-25,0037003700390063
5439,高技,52,15,37,國票-敦北法人,2023-10-25,0037003700390063
6684,安格,35,0,35,國票-敦北法人,2023-10-25,0037003700390063
6243,迅杰,37,4,33,國票-敦北法人,2023-10-25,0037003700390063
2454,聯發科,33,1,32,國票-敦北法人,2023-10-25,0037003700390063
1216,統一,31,0,31,國票-敦北法人,2023-10-25,0037003700390063
2462,良得電,31,0,31,國票-敦北法人,2023-10-25,0037003700390063
6288,聯嘉,30,0,30,國票-敦北法人,2023-10-25,0037003700390063
2465,麗臺,29,0,29,國票-敦北法人,2023-10-25,0037003700390063
6285,啟��,34,5,29,國票-敦北法人,2023-10-25,0037003700390063
5269,祥碩,33,4,29,國票-敦北法人,2023-10-25,0037003700390063
6593,台灣銘板,33,5,28,國票-敦北法人,2023-10-25,0037003700390063
2233,宇隆,32,4,28,國票-敦北法人,2023-10-25,0037003700390063
1301,台塑,26,0,26,國票-敦北法人,2023-10-25,0037003700390063
1723,中碳,25,0,25,國票-敦北法人,2023-10-25,0037003700390063
2412,中華電,25,0,25,國票-敦北法人,2023-10-25,0037003700390063
5876,上海商銀,24,0,24,國票-敦北法人,2023-10-25,0037003700390063
0056,元大高股息,429,0,429,國票-敦北法人,2023-10-26,0037003700390063
3711,日月光投控,344,0,344,國票-敦北法人,2023-10-26,0037003700390063
4908,前鼎,307,8,299,國票-敦北法人,2023-10-26,0037003700390063
2393,億光,200,0,200,國票-敦北法人,2023-10-26,0037003700390063
2382,廣達,164,25,139,國票-敦北法人,2023-10-26,0037003700390063
2303,聯電,120,1,119,國票-敦北法人,2023-10-26,0037003700390063
00881,國泰台灣5G+,110,0,110,國票-敦北法人,2023-10-26,0037003700390063
2454,聯發科,101,2,99,國票-敦北法人,2023-10-26,0037003700390063
2317,鴻海,112,16,96,國票-敦北法人,2023-10-26,0037003700390063
6182,合晶,76,2,74,國票-敦北法人,2023-10-26,0037003700390063
3231,緯創,128,62,66,國票-敦北法人,2023-10-26,0037003700390063
4967,十銓,81,24,57,國票-敦北法人,2023-10-26,0037003700390063
00893,國泰智能電動車,57,0,57,國票-敦北法人,2023-10-26,0037003700390063
00929,復華台灣科技優息,56,0,56,國票-敦北法人,2023-10-26,0037003700390063
2360,致茂,50,0,50,國票-敦北法人,2023-10-26,0037003700390063
2352,佳世達,50,3,47,國票-敦北法人,2023-10-26,0037003700390063
00878,國泰永續高股息,46,1,45,國票-敦北法人,2023-10-26,0037003700390063
2330,台積電,46,6,40,國票-敦北法人,2023-10-26,0037003700390063
6442,光聖,42,4,38,國票-敦北法人,2023-10-26,0037003700390063
8358,金居,37,0,37,國票-敦北法人,2023-10-26,0037003700390063
2884,玉山金,35,0,35,國票-敦北法人,2023-10-26,0037003700390063
3704,合勤控,43,8,35,國票-敦北法人,2023-10-26,0037003700390063
2377,微星,35,1,34,國票-敦北法人,2023-10-26,0037003700390063
3017,奇鋐,52,19,33,國票-敦北法人,2023-10-26,0037003700390063
8069,元太,32,0,32,國票-敦北法人,2023-10-26,0037003700390063
8936,國統,51,19,32,國票-敦北法人,2023-10-26,0037003700390063
2530,華建,32,0,32,國票-敦北法人,2023-10-26,0037003700390063
4951,精拓科,32,2,30,國票-敦北法人,2023-10-26,0037003700390063
4979,華星光,50,22,28,國票-敦北法人,2023-10-26,0037003700390063
1460,宏遠,25,0,25,國票-敦北法人,2023-10-26,0037003700390063
3041,揚智,32,9,23,國票-敦北法人,2023-10-26,0037003700390063
2492,華新科,22,0,22,國票-敦北法人,2023-10-26,0037003700390063
6279,胡連,22,0,22,國票-敦北法人,2023-10-26,0037003700390063
6550,北極星藥業-KY,21,0,21,國票-敦北法人,2023-10-26,0037003700390063
6456,GIS-KY,20,0,20,國票-敦北法人,2023-10-26,0037003700390063
2610,華航,21,1,20,國票-敦北法人,2023-10-26,0037003700390063
2401,凌陽,22,2,20,國票-敦北法人,2023-10-26,0037003700390063
2486,一詮,25,6,19,國票-敦北法人,2023-10-26,0037003700390063
3037,欣興,19,2,17,國票-敦北法人,2023-10-26,0037003700390063
3406,玉晶光,18,1,17,國票-敦北法人,2023-10-26,0037003700390063
00919,群益台灣精選高息,16,0,16,國票-敦北法人,2023-10-26,0037003700390063
8054,安國,17,1,16,國票-敦北法人,2023-10-26,0037003700390063
2748,雲品,15,0,15,國票-敦北法人,2023-10-26,0037003700390063
8040,九暘,16,1,15,國票-敦北法人,2023-10-26,0037003700390063
2462,良得電,25,10,15,國票-敦北法人,2023-10-26,0037003700390063
6703,軒郁,15,1,14,國票-敦北法人,2023-10-26,0037003700390063
6669,緯穎,13,0,13,國票-敦北法人,2023-10-26,0037003700390063
00902,中信電池及儲能,13,0,13,國票-敦北法人,2023-10-26,0037003700390063
5347,世界,16,5,11,國票-敦北法人,2023-10-26,0037003700390063
00706L,期元大S＆P日圓正2,11,0,11,國票-敦北法人,2023-10-26,0037003700390063
2313,華通,496,10,486,國票-敦北法人,2023-10-27,0037003700390063
4979,華星光,511,26,485,國票-敦北法人,2023-10-27,0037003700390063
2449,京元電子,479,4,475,國票-敦北法人,2023-10-27,0037003700390063
8112,至上,468,0,468,國票-敦北法人,2023-10-27,0037003700390063
2353,宏��,460,0,460,國票-敦北法人,2023-10-27,0037003700390063
6147,頎邦,404,0,404,國票-敦北法人,2023-10-27,0037003700390063
2352,佳世達,365,1,364,國票-敦北法人,2023-10-27,0037003700390063
3264,欣銓,363,16,347,國票-敦北法人,2023-10-27,0037003700390063
1795,美時,489,145,344,國票-敦北法人,2023-10-27,0037003700390063
5469,瀚宇博,336,0,336,國票-敦北法人,2023-10-27,0037003700390063
6274,台燿,145,3,142,國票-敦北法人,2023-10-27,0037003700390063
2337,旺宏,629,505,124,國票-敦北法人,2023-10-27,0037003700390063
6117,迎廣,112,1,111,國票-敦北法人,2023-10-27,0037003700390063
3491,昇達科,125,16,109,國票-敦北法人,2023-10-27,0037003700390063
00715L,期街口布蘭特正2,108,0,108,國票-敦北法人,2023-10-27,0037003700390063
3533,嘉澤,100,0,100,國票-敦北法人,2023-10-27,0037003700390063
2474,可成,99,0,99,國票-敦北法人,2023-10-27,0037003700390063
2301,光寶科,104,8,96,國票-敦北法人,2023-10-27,0037003700390063
6216,居易,98,2,96,國票-敦北法人,2023-10-27,0037003700390063
3231,緯創,257,183,74,國票-敦北法人,2023-10-27,0037003700390063
2465,麗臺,73,1,72,國票-敦北法人,2023-10-27,0037003700390063
1210,大成,70,0,70,國票-敦北法人,2023-10-27,0037003700390063
3017,奇鋐,72,8,64,國票-敦北法人,2023-10-27,0037003700390063
4743,合一,61,0,61,國票-敦北法人,2023-10-27,0037003700390063
2379,瑞昱,59,1,58,國票-敦北法人,2023-10-27,0037003700390063
1723,中碳,57,0,57,國票-敦北法人,2023-10-27,0037003700390063
8210,勤誠,60,5,55,國票-敦北法人,2023-10-27,0037003700390063
2230,泰茂,57,2,55,國票-敦北法人,2023-10-27,0037003700390063
2637,慧洋-KY,51,0,51,國票-敦北法人,2023-10-27,0037003700390063
6189,豐藝,41,0,41,國票-敦北法人,2023-10-27,0037003700390063
3034,聯詠,40,0,40,國票-敦北法人,2023-10-27,0037003700390063
3481,群創,38,0,38,國票-敦北法人,2023-10-27,0037003700390063
5258,虹堡,48,11,37,國票-敦北法人,2023-10-27,0037003700390063
3290,東浦,62,27,35,國票-敦北法人,2023-10-27,0037003700390063
2486,一詮,33,0,33,國票-敦北法人,2023-10-27,0037003700390063
3260,威剛,33,1,32,國票-敦北法人,2023-10-27,0037003700390063
3596,智易,31,0,31,國票-敦北法人,2023-10-27,0037003700390063
2913,農林,28,0,28,國票-敦北法人,2023-10-27,0037003700390063
4162,智擎,39,12,27,國票-敦北法人,2023-10-27,0037003700390063
1905,華紙,28,2,26,國票-敦北法人,2023-10-27,0037003700390063
2390,云辰,32,7,25,國票-敦北法人,2023-10-27,0037003700390063
0050,元大台灣50,24,0,24,國票-敦北法人,2023-10-27,0037003700390063
6472,保瑞,27,3,24,國票-敦北法人,2023-10-27,0037003700390063
3037,欣興,51,31,20,國票-敦北法人,2023-10-27,0037003700390063
2530,華建,20,0,20,國票-敦北法人,2023-10-27,0037003700390063
1785,光洋科,21,1,20,國票-敦北法人,2023-10-27,0037003700390063
6593,台灣銘板,26,7,19,國票-敦北法人,2023-10-27,0037003700390063
6290,良維,23,4,19,國票-敦北法人,2023-10-27,0037003700390063
6492,生華科,42,24,18,國票-敦北法人,2023-10-27,0037003700390063
6271,同欣電,17,1,16,國票-敦北法人,2023-10-27,0037003700390063
2449,京元電子,1005,6,999,國票-敦北法人,2023-10-30,0037003700390063
3711,日月光投控,797,1,796,國票-敦北法人,2023-10-30,0037003700390063
3034,聯詠,202,23,179,國票-敦北法人,2023-10-30,0037003700390063
3105,穩懋,141,3,138,國票-敦北法人,2023-10-30,0037003700390063
5439,高技,72,0,72,國票-敦北法人,2023-10-30,0037003700390063
6472,保瑞,112,40,72,國票-敦北法人,2023-10-30,0037003700390063
2353,宏��,60,0,60,國票-敦北法人,2023-10-30,0037003700390063
6274,台燿,60,6,54,國票-敦北法人,2023-10-30,0037003700390063
4958,臻鼎-KY,50,1,49,國票-敦北法人,2023-10-30,0037003700390063
3576,聯合再生,58,12,46,國票-敦北法人,2023-10-30,0037003700390063
3443,創意,67,23,44,國票-敦北法人,2023-10-30,0037003700390063
3231,緯創,65,24,41,國票-敦北法人,2023-10-30,0037003700390063
1460,宏遠,40,0,40,國票-敦北法人,2023-10-30,0037003700390063
2330,台積電,36,2,34,國票-敦北法人,2023-10-30,0037003700390063
6235,華孚,35,1,34,國票-敦北法人,2023-10-30,0037003700390063
3661,世芯-KY,37,3,34,國票-敦北法人,2023-10-30,0037003700390063
2884,玉山金,32,1,31,國票-敦北法人,2023-10-30,0037003700390063
3268,海德威,30,0,30,國票-敦北法人,2023-10-30,0037003700390063
3260,威剛,45,15,30,國票-敦北法人,2023-10-30,0037003700390063
2369,菱生,26,1,25,國票-敦北法人,2023-10-30,0037003700390063
2317,鴻海,39,17,22,國票-敦北法人,2023-10-30,0037003700390063
8016,矽創,26,5,21,國票-敦北法人,2023-10-30,0037003700390063
006205,富邦上証,20,0,20,國票-敦北法人,2023-10-30,0037003700390063
6179,亞通,20,0,20,國票-敦北法人,2023-10-30,0037003700390063
6143,振曜,20,0,20,國票-敦北法人,2023-10-30,0037003700390063
3545,敦泰,21,2,19,國票-敦北法人,2023-10-30,0037003700390063
3131,弘塑,20,1,19,國票-敦北法人,2023-10-30,0037003700390063
2344,華邦電,36,17,19,國票-敦北法人,2023-10-30,0037003700390063
2303,聯電,34,16,18,國票-敦北法人,2023-10-30,0037003700390063
2723,美食-KY,17,0,17,國票-敦北法人,2023-10-30,0037003700390063
5880,合庫金,16,0,16,國票-敦北法人,2023-10-30,0037003700390063
2301,光寶科,18,2,16,國票-敦北法人,2023-10-30,0037003700390063
3189,景碩,21,5,16,國票-敦北法人,2023-10-30,0037003700390063
1524,耿鼎,24,9,15,國票-敦北法人,2023-10-30,0037003700390063
2230,泰茂,17,2,15,國票-敦北法人,2023-10-30,0037003700390063
4908,前鼎,21,6,15,國票-敦北法人,2023-10-30,0037003700390063
6806,森崴能源,15,0,15,國票-敦北法人,2023-10-30,0037003700390063
00929,復華台灣科技優息,14,0,14,國票-敦北法人,2023-10-30,0037003700390063
5347,世界,14,0,14,國票-敦北法人,2023-10-30,0037003700390063
3094,聯傑,195,182,13,國票-敦北法人,2023-10-30,0037003700390063
2883,凱基金,15,2,13,國票-敦北法人,2023-10-30,0037003700390063
00885,富邦越南,13,0,13,國票-敦北法人,2023-10-30,0037003700390063
2406,國碩,15,3,12,國票-敦北法人,2023-10-30,0037003700390063
2367,燿華,13,1,12,國票-敦北法人,2023-10-30,0037003700390063
6901,鑽石投資,11,0,11,國票-敦北法人,2023-10-30,0037003700390063
5272,笙科,12,1,11,國票-敦北法人,2023-10-30,0037003700390063
1101,台泥,10,0,10,國票-敦北法人,2023-10-30,0037003700390063
4503,金雨,10,0,10,國票-敦北法人,2023-10-30,0037003700390063
8227,巨有科技,22,12,10,國票-敦北法人,2023-10-30,0037003700390063
6168,宏齊,40,30,10,國票-敦北法人,2023-10-30,0037003700390063
8086,宏捷科,746,5,741,國票-敦北法人,2023-10-31,0037003700390063
3704,合勤控,426,1,425,國票-敦北法人,2023-10-31,0037003700390063
3231,緯創,260,37,223,國票-敦北法人,2023-10-31,0037003700390063
2412,中華電,200,0,200,國票-敦北法人,2023-10-31,0037003700390063
2330,台積電,131,3,128,國票-敦北法人,2023-10-31,0037003700390063
2303,聯電,110,3,107,國票-敦北法人,2023-10-31,0037003700390063
2352,佳世達,100,0,100,國票-敦北法人,2023-10-31,0037003700390063
2317,鴻海,103,13,90,國票-敦北法人,2023-10-31,0037003700390063
2530,華建,66,0,66,國票-敦北法人,2023-10-31,0037003700390063
5289,宜鼎,66,2,64,國票-敦北法人,2023-10-31,0037003700390063
0056,元大高股息,61,1,60,國票-敦北法人,2023-10-31,0037003700390063
9933,中鼎,60,0,60,國票-敦北法人,2023-10-31,0037003700390063
00715L,期街口布蘭特正2,55,0,55,國票-敦北法人,2023-10-31,0037003700390063
00893,國泰智能電動車,52,0,52,國票-敦北法人,2023-10-31,0037003700390063
6191,精成科,66,16,50,國票-敦北法人,2023-10-31,0037003700390063
2308,台達電,65,15,50,國票-敦北法人,2023-10-31,0037003700390063
2618,長榮航,55,12,43,國票-敦北法人,2023-10-31,0037003700390063
3234,光環,40,0,40,國票-敦北法人,2023-10-31,0037003700390063
6271,同欣電,37,3,34,國票-敦北法人,2023-10-31,0037003700390063
2371,大同,40,8,32,國票-敦北法人,2023-10-31,0037003700390063
8358,金居,33,2,31,國票-敦北法人,2023-10-31,0037003700390063
3260,威剛,29,5,24,國票-敦北法人,2023-10-31,0037003700390063
3437,榮創,23,0,23,國票-敦北法人,2023-10-31,0037003700390063
6757,台灣虎航,20,0,20,國票-敦北法人,2023-10-31,0037003700390063
2357,華碩,50,30,20,國票-敦北法人,2023-10-31,0037003700390063
3078,僑威,32,12,20,國票-敦北法人,2023-10-31,0037003700390063
5371,中光電,20,0,20,國票-敦北法人,2023-10-31,0037003700390063
5340,建榮,20,0,20,國票-敦北法人,2023-10-31,0037003700390063
00878,國泰永續高股息,20,0,20,國票-敦北法人,2023-10-31,0037003700390063
2354,鴻準,19,0,19,國票-敦北法人,2023-10-31,0037003700390063
3491,昇達科,34,16,18,國票-敦北法人,2023-10-31,0037003700390063
4108,懷特,18,0,18,國票-敦北法人,2023-10-31,0037003700390063
3709,鑫聯大投控,15,0,15,國票-敦北法人,2023-10-31,0037003700390063
3041,揚智,15,0,15,國票-敦北法人,2023-10-31,0037003700390063
8299,群聯,14,0,14,國票-敦北法人,2023-10-31,0037003700390063
3715,定穎投控,141,127,14,國票-敦北法人,2023-10-31,0037003700390063
9945,潤泰新,13,0,13,國票-敦北法人,2023-10-31,0037003700390063
5269,祥碩,14,3,11,國票-敦北法人,2023-10-31,0037003700390063
6679,鈺太,37,26,11,國票-敦北法人,2023-10-31,0037003700390063
6278,台表科,56,46,10,國票-敦北法人,2023-10-31,0037003700390063
2809,京城銀,10,0,10,國票-敦北法人,2023-10-31,0037003700390063
4967,十銓,37,27,10,國票-敦北法人,2023-10-31,0037003700390063
2438,翔耀,10,0,10,國票-敦北法人,2023-10-31,0037003700390063
2324,仁寶,10,0,10,國票-敦北法人,2023-10-31,0037003700390063
3163,波若威,10,0,10,國票-敦北法人,2023-10-31,0037003700390063
3530,晶相光,26,16,10,國票-敦北法人,2023-10-31,0037003700390063
3152,璟德,10,0,10,國票-敦北法人,2023-10-31,0037003700390063
1582,信錦,10,1,9,國票-敦北法人,2023-10-31,0037003700390063
2535,達欣工,9,0,9,國票-敦北法人,2023-10-31,0037003700390063
1522,堤維西,17,8,9,國票-敦北法人,2023-10-31,0037003700390063
3702,大聯大,1506,4,1502,國票-敦北法人,2023-11-01,0037003700390063
2731,雄獅,541,7,534,國票-敦北法人,2023-11-01,0037003700390063
6274,台燿,304,56,248,國票-敦北法人,2023-11-01,0037003700390063
2748,雲品,202,4,198,國票-敦北法人,2023-11-01,0037003700390063
3715,定穎投控,239,96,143,國票-敦北法人,2023-11-01,0037003700390063
6235,華孚,121,0,121,國票-敦北法人,2023-11-01,0037003700390063
2308,台達電,103,2,101,國票-敦北法人,2023-11-01,0037003700390063
2530,華建,100,0,100,國票-敦北法人,2023-11-01,0037003700390063
6415,矽力*-KY,121,21,100,國票-敦北法人,2023-11-01,0037003700390063
2327,國巨,62,1,61,國票-敦北法人,2023-11-01,0037003700390063
6411,晶焱,50,0,50,國票-敦北法人,2023-11-01,0037003700390063
2727,王品,48,0,48,國票-敦北法人,2023-11-01,0037003700390063
6488,環球晶,49,1,48,國票-敦北法人,2023-11-01,0037003700390063
2884,玉山金,41,0,41,國票-敦北法人,2023-11-01,0037003700390063
00878,國泰永續高股息,41,1,40,國票-敦北法人,2023-11-01,0037003700390063
3443,創意,36,4,32,國票-敦北法人,2023-11-01,0037003700390063
2486,一詮,31,3,28,國票-敦北法人,2023-11-01,0037003700390063
3714,富采,26,1,25,國票-敦北法人,2023-11-01,0037003700390063
5706,鳳凰,25,0,25,國票-敦北法人,2023-11-01,0037003700390063
2317,鴻海,45,20,25,國票-敦北法人,2023-11-01,0037003700390063
6531,愛普*,28,4,24,國票-敦北法人,2023-11-01,0037003700390063
6492,生華科,26,2,24,國票-敦北法人,2023-11-01,0037003700390063
1815,富喬,41,18,23,國票-敦北法人,2023-11-01,0037003700390063
2492,華新科,42,19,23,國票-敦北法人,2023-11-01,0037003700390063
6416,瑞祺電通,20,0,20,國票-敦北法人,2023-11-01,0037003700390063
2405,輔信,21,1,20,國票-敦北法人,2023-11-01,0037003700390063
00929,復華台灣科技優息,16,0,16,國票-敦北法人,2023-11-01,0037003700390063
3661,世芯-KY,32,16,16,國票-敦北法人,2023-11-01,0037003700390063
1524,耿鼎,26,11,15,國票-敦北法人,2023-11-01,0037003700390063
9910,豐泰,15,0,15,國票-敦北法人,2023-11-01,0037003700390063
2485,兆赫,15,1,14,國票-敦北法人,2023-11-01,0037003700390063
2543,皇昌,27,14,13,國票-敦北法人,2023-11-01,0037003700390063
2312,金寶,13,0,13,國票-敦北法人,2023-11-01,0037003700390063
00715L,期街口布蘭特正2,13,0,13,國票-敦北法人,2023-11-01,0037003700390063
3013,晟銘電,14,3,11,國票-敦北法人,2023-11-01,0037003700390063
4908,前鼎,28,17,11,國票-敦北法人,2023-11-01,0037003700390063
8054,安國,34,23,11,國票-敦北法人,2023-11-01,0037003700390063
3529,力旺,10,0,10,國票-敦北法人,2023-11-01,0037003700390063
3152,璟德,10,0,10,國票-敦北法人,2023-11-01,0037003700390063
2890,永豐金,10,0,10,國票-敦北法人,2023-11-01,0037003700390063
2013,中鋼構,10,0,10,國票-敦北法人,2023-11-01,0037003700390063
6153,嘉聯益,10,0,10,國票-敦北法人,2023-11-01,0037003700390063
1409,新纖,10,0,10,國票-敦北法人,2023-11-01,0037003700390063
3532,台勝科,10,0,10,國票-敦北法人,2023-11-01,0037003700390063
00934,中信成長高股息,20,10,10,國票-敦北法人,2023-11-01,0037003700390063
3078,僑威,10,0,10,國票-敦北法人,2023-11-01,0037003700390063
6541,泰福-KY,20,10,10,國票-敦北法人,2023-11-01,0037003700390063
6284,佳邦,20,11,9,國票-敦北法人,2023-11-01,0037003700390063
00935,野村臺灣新科技50,9,0,9,國票-敦北法人,2023-11-01,0037003700390063
2388,威盛,13,5,8,國票-敦北法人,2023-11-01,0037003700390063
2303,聯電,1715,24,1691,國票-敦北法人,2023-11-02,0037003700390063
4967,十銓,1196,90,1106,國票-敦北法人,2023-11-02,0037003700390063
2313,華通,1165,157,1008,國票-敦北法人,2023-11-02,0037003700390063
6235,華孚,531,23,508,國票-敦北法人,2023-11-02,0037003700390063
1815,富喬,397,92,305,國票-敦北法人,2023-11-02,0037003700390063
2317,鴻海,308,7,301,國票-敦北法人,2023-11-02,0037003700390063
3044,健鼎,272,2,270,國票-敦北法人,2023-11-02,0037003700390063
8054,安國,386,118,268,國票-敦北法人,2023-11-02,0037003700390063
3034,聯詠,294,43,251,國票-敦北法人,2023-11-02,0037003700390063
8086,宏捷科,214,0,214,國票-敦北法人,2023-11-02,0037003700390063
1477,聚陽,185,0,185,國票-敦北法人,2023-11-02,0037003700390063
6274,台燿,184,8,176,國票-敦北法人,2023-11-02,0037003700390063
2465,麗臺,181,10,171,國票-敦北法人,2023-11-02,0037003700390063
1560,中砂,165,1,164,國票-敦北法人,2023-11-02,0037003700390063
3035,智原,161,12,149,國票-敦北法人,2023-11-02,0037003700390063
8227,巨有科技,146,2,144,國票-敦北法人,2023-11-02,0037003700390063
3653,健策,128,1,127,國票-敦北法人,2023-11-02,0037003700390063
3704,合勤控,121,4,117,國票-敦北法人,2023-11-02,0037003700390063
6491,晶碩,111,0,111,國票-敦北法人,2023-11-02,0037003700390063
00715L,期街口布蘭特正2,100,0,100,國票-敦北法人,2023-11-02,0037003700390063
8046,南電,100,0,100,國票-敦北法人,2023-11-02,0037003700390063
6223,旺矽,100,2,98,國票-敦北法人,2023-11-02,0037003700390063
6284,佳邦,107,22,85,國票-敦北法人,2023-11-02,0037003700390063
3017,奇鋐,89,4,85,國票-敦北法人,2023-11-02,0037003700390063
00935,野村臺灣新科技50,77,0,77,國票-敦北法人,2023-11-02,0037003700390063
3715,定穎投控,164,100,64,國票-敦北法人,2023-11-02,0037003700390063
2308,台達電,84,24,60,國票-敦北法人,2023-11-02,0037003700390063
9938,百和,54,0,54,國票-敦北法人,2023-11-02,0037003700390063
2301,光寶科,52,6,46,國票-敦北法人,2023-11-02,0037003700390063
6679,鈺太,45,1,44,國票-敦北法人,2023-11-02,0037003700390063
3491,昇達科,90,48,42,國票-敦北法人,2023-11-02,0037003700390063
3037,欣興,50,8,42,國票-敦北法人,2023-11-02,0037003700390063
2395,研華,40,0,40,國票-敦北法人,2023-11-02,0037003700390063
2383,台光電,53,16,37,國票-敦北法人,2023-11-02,0037003700390063
3587,閎康,33,1,32,國票-敦北法人,2023-11-02,0037003700390063
3217,優群,30,0,30,國票-敦北法人,2023-11-02,0037003700390063
2367,燿華,48,23,25,國票-敦北法人,2023-11-02,0037003700390063
6643,M31,25,1,24,國票-敦北法人,2023-11-02,0037003700390063
5607,遠雄港,20,0,20,國票-敦北法人,2023-11-02,0037003700390063
2801,彰銀,20,0,20,國票-敦北法人,2023-11-02,0037003700390063
3711,日月光投控,20,0,20,國票-敦北法人,2023-11-02,0037003700390063
3450,聯鈞,122,102,20,國票-敦北法人,2023-11-02,0037003700390063
3661,世芯-KY,51,34,17,國票-敦北法人,2023-11-02,0037003700390063
3481,群創,22,5,17,國票-敦北法人,2023-11-02,0037003700390063
6732,昇佳電子,18,1,17,國票-敦北法人,2023-11-02,0037003700390063
8016,矽創,16,0,16,國票-敦北法人,2023-11-02,0037003700390063
2618,長榮航,25,9,16,國票-敦北法人,2023-11-02,0037003700390063
3406,玉晶光,15,1,14,國票-敦北法人,2023-11-02,0037003700390063
00885,富邦越南,13,0,13,國票-敦北法人,2023-11-02,0037003700390063
2371,大同,13,0,13,國票-敦北法人,2023-11-02,0037003700390063
2303,聯電,8894,35,8859,國票-敦北法人,2023-11-03,0037003700390063
2634,漢翔,600,11,589,國票-敦北法人,2023-11-03,0037003700390063
1504,東元,600,31,569,國票-敦北法人,2023-11-03,0037003700390063
6139,亞翔,299,4,295,國票-敦北法人,2023-11-03,0037003700390063
8110,華東,202,0,202,國票-敦北法人,2023-11-03,0037003700390063
5388,中磊,202,2,200,國票-敦北法人,2023-11-03,0037003700390063
00631L,元大台灣50正2,200,0,200,國票-敦北法人,2023-11-03,0037003700390063
2382,廣達,195,10,185,國票-敦北法人,2023-11-03,0037003700390063
2368,金像電,142,5,137,國票-敦北法人,2023-11-03,0037003700390063
2449,京元電子,131,8,123,國票-敦北法人,2023-11-03,0037003700390063
3105,穩懋,150,50,100,國票-敦北法人,2023-11-03,0037003700390063
2345,智邦,110,22,88,國票-敦北法人,2023-11-03,0037003700390063
3044,健鼎,90,2,88,國票-敦北法人,2023-11-03,0037003700390063
6143,振曜,81,0,81,國票-敦北法人,2023-11-03,0037003700390063
3711,日月光投控,82,1,81,國票-敦北法人,2023-11-03,0037003700390063
8261,富鼎,80,2,78,國票-敦北法人,2023-11-03,0037003700390063
2455,全新,68,1,67,國票-敦北法人,2023-11-03,0037003700390063
9938,百和,55,0,55,國票-敦北法人,2023-11-03,0037003700390063
00935,野村臺灣新科技50,53,0,53,國票-敦北法人,2023-11-03,0037003700390063
1319,東陽,52,0,52,國票-敦北法人,2023-11-03,0037003700390063
3290,東浦,48,0,48,國票-敦北法人,2023-11-03,0037003700390063
3217,優群,62,15,47,國票-敦北法人,2023-11-03,0037003700390063
3715,定穎投控,45,1,44,國票-敦北法人,2023-11-03,0037003700390063
2618,長榮航,255,211,44,國票-敦北法人,2023-11-03,0037003700390063
2374,佳能,40,0,40,國票-敦北法人,2023-11-03,0037003700390063
0050,元大台灣50,41,1,40,國票-敦北法人,2023-11-03,0037003700390063
6770,力積電,51,13,38,國票-敦北法人,2023-11-03,0037003700390063
3661,世芯-KY,35,1,34,國票-敦北法人,2023-11-03,0037003700390063
6669,緯穎,42,8,34,國票-敦北法人,2023-11-03,0037003700390063
2353,宏��,32,0,32,國票-敦北法人,2023-11-03,0037003700390063
1723,中碳,30,0,30,國票-敦北法人,2023-11-03,0037003700390063
6239,力成,30,0,30,國票-敦北法人,2023-11-03,0037003700390063
8068,全達,30,1,29,國票-敦北法人,2023-11-03,0037003700390063
00893,國泰智能電動車,60,32,28,國票-敦北法人,2023-11-03,0037003700390063
2905,三商,25,0,25,國票-敦北法人,2023-11-03,0037003700390063
9939,宏全,25,0,25,國票-敦北法人,2023-11-03,0037003700390063
2388,威盛,111,86,25,國票-敦北法人,2023-11-03,0037003700390063
2363,矽統,155,131,24,國票-敦北法人,2023-11-03,0037003700390063
2204,中華,21,0,21,國票-敦北法人,2023-11-03,0037003700390063
2488,漢平,20,0,20,國票-敦北法人,2023-11-03,0037003700390063
1785,光洋科,20,0,20,國票-敦北法人,2023-11-03,0037003700390063
3709,鑫聯大投控,20,0,20,國票-敦北法人,2023-11-03,0037003700390063
1321,大洋,20,0,20,國票-敦北法人,2023-11-03,0037003700390063
1612,宏泰,20,0,20,國票-敦北法人,2023-11-03,0037003700390063
3703,欣陸,20,0,20,國票-敦北法人,2023-11-03,0037003700390063
8054,安國,19,0,19,國票-敦北法人,2023-11-03,0037003700390063
3694,海華,22,3,19,國票-敦北法人,2023-11-03,0037003700390063
2417,圓剛,21,6,15,國票-敦北法人,2023-11-03,0037003700390063
4906,正文,16,1,15,國票-敦北法人,2023-11-03,0037003700390063
2329,華泰,27,13,14,國票-敦北法人,2023-11-03,0037003700390063
1815,富喬,1023,16,1007,國票-敦北法人,2023-11-06,0037003700390063
2449,京元電子,586,6,580,國票-敦北法人,2023-11-06,0037003700390063
5258,虹堡,323,26,297,國票-敦北法人,2023-11-06,0037003700390063
1584,精剛,300,10,290,國票-敦北法人,2023-11-06,0037003700390063
2368,金像電,254,3,251,國票-敦北法人,2023-11-06,0037003700390063
00632R,元大台灣50反1,213,0,213,國票-敦北法人,2023-11-06,0037003700390063
3231,緯創,231,31,200,國票-敦北法人,2023-11-06,0037003700390063
2379,瑞昱,157,0,157,國票-敦北法人,2023-11-06,0037003700390063
2454,聯發科,153,23,130,國票-敦北法人,2023-11-06,0037003700390063
3044,健鼎,115,0,115,國票-敦北法人,2023-11-06,0037003700390063
8086,宏捷科,90,1,89,國票-敦北法人,2023-11-06,0037003700390063
4763,材料-KY,92,5,87,國票-敦北法人,2023-11-06,0037003700390063
2363,矽統,136,49,87,國票-敦北法人,2023-11-06,0037003700390063
4967,十銓,105,24,81,國票-敦北法人,2023-11-06,0037003700390063
00935,野村臺灣新科技50,81,0,81,國票-敦北法人,2023-11-06,0037003700390063
2337,旺宏,78,0,78,國票-敦北法人,2023-11-06,0037003700390063
00715L,期街口布蘭特正2,77,0,77,國票-敦北法人,2023-11-06,0037003700390063
2317,鴻海,111,40,71,國票-敦北法人,2023-11-06,0037003700390063
2303,聯電,185,117,68,國票-敦北法人,2023-11-06,0037003700390063
4979,華星光,72,6,66,國票-敦北法人,2023-11-06,0037003700390063
3105,穩懋,137,71,66,國票-敦北法人,2023-11-06,0037003700390063
3034,聯詠,78,13,65,國票-敦北法人,2023-11-06,0037003700390063
8112,至上,61,0,61,國票-敦北法人,2023-11-06,0037003700390063
0050,元大台灣50,62,2,60,國票-敦北法人,2023-11-06,0037003700390063
6182,合晶,59,0,59,國票-敦北法人,2023-11-06,0037003700390063
2486,一詮,58,1,57,國票-敦北法人,2023-11-06,0037003700390063
4162,智擎,58,2,56,國票-敦北法人,2023-11-06,0037003700390063
6147,頎邦,52,0,52,國票-敦北法人,2023-11-06,0037003700390063
6191,精成科,56,4,52,國票-敦北法人,2023-11-06,0037003700390063
3217,優群,50,0,50,國票-敦北法人,2023-11-06,0037003700390063
9904,寶成,50,0,50,國票-敦北法人,2023-11-06,0037003700390063
2352,佳世達,46,0,46,國票-敦北法人,2023-11-06,0037003700390063
3264,欣銓,46,0,46,國票-敦北法人,2023-11-06,0037003700390063
3592,瑞鼎,45,0,45,國票-敦北法人,2023-11-06,0037003700390063
2105,正新,50,5,45,國票-敦北法人,2023-11-06,0037003700390063
2347,聯強,44,1,43,國票-敦北法人,2023-11-06,0037003700390063
00862B,中信投資級公司債,40,0,40,國票-敦北法人,2023-11-06,0037003700390063
4915,致伸,41,1,40,國票-敦北法人,2023-11-06,0037003700390063
5469,瀚宇博,42,2,40,國票-敦北法人,2023-11-06,0037003700390063
5371,中光電,39,0,39,國票-敦北法人,2023-11-06,0037003700390063
1723,中碳,37,1,36,國票-敦北法人,2023-11-06,0037003700390063
00929,復華台灣科技優息,37,1,36,國票-敦北法人,2023-11-06,0037003700390063
2385,群光,33,0,33,國票-敦北法人,2023-11-06,0037003700390063
6531,愛普*,60,28,32,國票-敦北法人,2023-11-06,0037003700390063
6239,力成,32,0,32,國票-敦北法人,2023-11-06,0037003700390063
2421,建準,34,4,30,國票-敦北法人,2023-11-06,0037003700390063
6176,瑞儀,30,0,30,國票-敦北法人,2023-11-06,0037003700390063
4401,東隆興,30,0,30,國票-敦北法人,2023-11-06,0037003700390063
4938,和碩,29,0,29,國票-敦北法人,2023-11-06,0037003700390063
3290,東浦,29,0,29,國票-敦北法人,2023-11-06,0037003700390063
8085,福華,1500,0,1500,國票-敦北法人,2023-11-07,0037003700390063
2891,中信金,751,0,751,國票-敦北法人,2023-11-07,0037003700390063
2886,兆豐金,500,0,500,國票-敦北法人,2023-11-07,0037003700390063
6290,良維,433,3,430,國票-敦北法人,2023-11-07,0037003700390063
1605,華新,310,4,306,國票-敦北法人,2023-11-07,0037003700390063
6117,迎廣,300,5,295,國票-敦北法人,2023-11-07,0037003700390063
3231,緯創,330,51,279,國票-敦北法人,2023-11-07,0037003700390063
3036,文曄,280,20,260,國票-敦北法人,2023-11-07,0037003700390063
6491,晶碩,212,4,208,國票-敦北法人,2023-11-07,0037003700390063
1101,台泥,200,0,200,國票-敦北法人,2023-11-07,0037003700390063
00688L,國泰20年美債正2,200,0,200,國票-敦北法人,2023-11-07,0037003700390063
2455,全新,246,75,171,國票-敦北法人,2023-11-07,0037003700390063
2645,長榮航太,150,0,150,國票-敦北法人,2023-11-07,0037003700390063
3217,優群,234,96,138,國票-敦北法人,2023-11-07,0037003700390063
5388,中磊,128,1,127,國票-敦北法人,2023-11-07,0037003700390063
5289,宜鼎,111,1,110,國票-敦北法人,2023-11-07,0037003700390063
2618,長榮航,100,5,95,國票-敦北法人,2023-11-07,0037003700390063
6901,鑽石投資,118,28,90,國票-敦北法人,2023-11-07,0037003700390063
6806,森崴能源,80,1,79,國票-敦北法人,2023-11-07,0037003700390063
3617,碩天,100,24,76,國票-敦北法人,2023-11-07,0037003700390063
3289,宜特,70,0,70,國票-敦北法人,2023-11-07,0037003700390063
2743,山富,139,71,68,國票-敦北法人,2023-11-07,0037003700390063
2368,金像電,65,0,65,國票-敦北法人,2023-11-07,0037003700390063
8155,博智,65,2,63,國票-敦北法人,2023-11-07,0037003700390063
3324,雙鴻,60,4,56,國票-敦北法人,2023-11-07,0037003700390063
2059,川湖,68,12,56,國票-敦北法人,2023-11-07,0037003700390063
2486,一詮,54,1,53,國票-敦北法人,2023-11-07,0037003700390063
3587,閎康,50,0,50,國票-敦北法人,2023-11-07,0037003700390063
8261,富鼎,49,0,49,國票-敦北法人,2023-11-07,0037003700390063
4168,醣聯,49,0,49,國票-敦北法人,2023-11-07,0037003700390063
1723,中碳,37,0,37,國票-敦北法人,2023-11-07,0037003700390063
3715,定穎投控,46,10,36,國票-敦北法人,2023-11-07,0037003700390063
2458,義隆,36,2,34,國票-敦北法人,2023-11-07,0037003700390063
4979,華星光,32,1,31,國票-敦北法人,2023-11-07,0037003700390063
6732,昇佳電子,31,1,30,國票-敦北法人,2023-11-07,0037003700390063
8464,億豐,30,0,30,國票-敦北法人,2023-11-07,0037003700390063
3325,旭品,32,3,29,國票-敦北法人,2023-11-07,0037003700390063
5222,全訊,29,0,29,國票-敦北法人,2023-11-07,0037003700390063
9938,百和,25,0,25,國票-敦北法人,2023-11-07,0037003700390063
3376,新日興,30,8,22,國票-敦北法人,2023-11-07,0037003700390063
1612,宏泰,20,0,20,國票-敦北法人,2023-11-07,0037003700390063
6126,信音,20,0,20,國票-敦北法人,2023-11-07,0037003700390063
4916,事欣科,20,0,20,國票-敦北法人,2023-11-07,0037003700390063
2353,宏��,20,0,20,國票-敦北法人,2023-11-07,0037003700390063
2488,漢平,84,65,19,國票-敦北法人,2023-11-07,0037003700390063
6538,倉和,18,1,17,國票-敦北法人,2023-11-07,0037003700390063
8016,矽創,20,4,16,國票-敦北法人,2023-11-07,0037003700390063
2610,華航,22,6,16,國票-敦北法人,2023-11-07,0037003700390063
2305,全友,30,15,15,國票-敦北法人,2023-11-07,0037003700390063
2371,大同,15,0,15,國票-敦北法人,2023-11-07,0037003700390063
2884,玉山金,1000,0,1000,國票-敦北法人,2023-11-08,0037003700390063
2329,華泰,872,85,787,國票-敦北法人,2023-11-08,0037003700390063
9938,百和,410,20,390,國票-敦北法人,2023-11-08,0037003700390063
3122,笙泉,402,21,381,國票-敦北法人,2023-11-08,0037003700390063
00715L,期街口布蘭特正2,312,0,312,國票-敦北法人,2023-11-08,0037003700390063
2301,光寶科,316,15,301,國票-敦北法人,2023-11-08,0037003700390063
3013,晟銘電,311,22,289,國票-敦北法人,2023-11-08,0037003700390063
1449,佳和,289,19,270,國票-敦北法人,2023-11-08,0037003700390063
5258,虹堡,459,211,248,國票-敦北法人,2023-11-08,0037003700390063
2303,聯電,261,44,217,國票-敦北法人,2023-11-08,0037003700390063
1815,富喬,256,45,211,國票-敦北法人,2023-11-08,0037003700390063
1560,中砂,239,35,204,國票-敦北法人,2023-11-08,0037003700390063
3227,原相,207,10,197,國票-敦北法人,2023-11-08,0037003700390063
3036,文曄,214,32,182,國票-敦北法人,2023-11-08,0037003700390063
6446,藥華藥,180,14,166,國票-敦北法人,2023-11-08,0037003700390063
3231,緯創,402,239,163,國票-敦北法人,2023-11-08,0037003700390063
3264,欣銓,153,1,152,國票-敦北法人,2023-11-08,0037003700390063
8086,宏捷科,166,20,146,國票-敦北法人,2023-11-08,0037003700390063
3617,碩天,240,110,130,國票-敦北法人,2023-11-08,0037003700390063
3260,威剛,130,1,129,國票-敦北法人,2023-11-08,0037003700390063
4979,華星光,136,22,114,國票-敦北法人,2023-11-08,0037003700390063
00878,國泰永續高股息,131,25,106,國票-敦北法人,2023-11-08,0037003700390063
5347,世界,127,25,102,國票-敦北法人,2023-11-08,0037003700390063
3701,大眾控,100,0,100,國票-敦北法人,2023-11-08,0037003700390063
00929,復華台灣科技優息,109,12,97,國票-敦北法人,2023-11-08,0037003700390063
6239,力成,100,4,96,國票-敦北法人,2023-11-08,0037003700390063
2455,全新,94,11,83,國票-敦北法人,2023-11-08,0037003700390063
5388,中磊,75,0,75,國票-敦北法人,2023-11-08,0037003700390063
3363,上詮,74,0,74,國票-敦北法人,2023-11-08,0037003700390063
5321,美而快,73,0,73,國票-敦北法人,2023-11-08,0037003700390063
3035,智原,98,29,69,國票-敦北法人,2023-11-08,0037003700390063
2618,長榮航,98,33,65,國票-敦北法人,2023-11-08,0037003700390063
3034,聯詠,68,6,62,國票-敦北法人,2023-11-08,0037003700390063
2634,漢翔,67,7,60,國票-敦北法人,2023-11-08,0037003700390063
00936,台新永續高息中小,79,20,59,國票-敦北法人,2023-11-08,0037003700390063
6274,台燿,67,11,56,國票-敦北法人,2023-11-08,0037003700390063
6806,森崴能源,67,15,52,國票-敦北法人,2023-11-08,0037003700390063
6585,鼎基,169,118,51,國票-敦北法人,2023-11-08,0037003700390063
00931B,統一美債20年,50,0,50,國票-敦北法人,2023-11-08,0037003700390063
2880,華南金,100,55,45,國票-敦北法人,2023-11-08,0037003700390063
8046,南電,41,0,41,國票-敦北法人,2023-11-08,0037003700390063
4968,立積,70,30,40,國票-敦北法人,2023-11-08,0037003700390063
8261,富鼎,37,0,37,國票-敦北法人,2023-11-08,0037003700390063
6933,AMAX-KY,35,0,35,國票-敦北法人,2023-11-08,0037003700390063
9958,世紀鋼,50,16,34,國票-敦北法人,2023-11-08,0037003700390063
2233,宇隆,36,4,32,國票-敦北法人,2023-11-08,0037003700390063
3189,景碩,35,3,32,國票-敦北法人,2023-11-08,0037003700390063
1723,中碳,30,0,30,國票-敦北法人,2023-11-08,0037003700390063
2395,研華,30,0,30,國票-敦北法人,2023-11-08,0037003700390063
2617,台航,30,0,30,國票-敦北法人,2023-11-08,0037003700390063
1584,精剛,432,0,432,國票-敦北法人,2023-11-09,0037003700390063
2317,鴻海,506,83,423,國票-敦北法人,2023-11-09,0037003700390063
2301,光寶科,426,5,421,國票-敦北法人,2023-11-09,0037003700390063
5386,青雲,416,3,413,國票-敦北法人,2023-11-09,0037003700390063
1319,東陽,401,2,399,國票-敦北法人,2023-11-09,0037003700390063
00688L,國泰20年美債正2,315,0,315,國票-敦北法人,2023-11-09,0037003700390063
2382,廣達,311,11,300,國票-敦北法人,2023-11-09,0037003700390063
00715L,期街口布蘭特正2,248,0,248,國票-敦北法人,2023-11-09,0037003700390063
1815,富喬,263,30,233,國票-敦北法人,2023-11-09,0037003700390063
3231,緯創,313,85,228,國票-敦北法人,2023-11-09,0037003700390063
1560,中砂,177,1,176,國票-敦北法人,2023-11-09,0037003700390063
1477,聚陽,159,1,158,國票-敦北法人,2023-11-09,0037003700390063
1313,聯成,152,0,152,國票-敦北法人,2023-11-09,0037003700390063
2462,良得電,175,24,151,國票-敦北法人,2023-11-09,0037003700390063
6161,捷波,151,0,151,國票-敦北法人,2023-11-09,0037003700390063
3044,健鼎,150,0,150,國票-敦北法人,2023-11-09,0037003700390063
3680,家登,156,10,146,國票-敦北法人,2023-11-09,0037003700390063
00679B,元大美債20年,160,14,146,國票-敦北法人,2023-11-09,0037003700390063
4129,聯合,128,0,128,國票-敦北法人,2023-11-09,0037003700390063
3017,奇鋐,114,8,106,國票-敦北法人,2023-11-09,0037003700390063
5388,中磊,106,1,105,國票-敦北法人,2023-11-09,0037003700390063
2354,鴻準,102,0,102,國票-敦北法人,2023-11-09,0037003700390063
1590,亞德客-KY,100,0,100,國票-敦北法人,2023-11-09,0037003700390063
3483,力致,102,7,95,國票-敦北法人,2023-11-09,0037003700390063
4979,華星光,127,48,79,國票-敦北法人,2023-11-09,0037003700390063
6446,藥華藥,110,42,68,國票-敦北法人,2023-11-09,0037003700390063
6643,M31,73,7,66,國票-敦北法人,2023-11-09,0037003700390063
3701,大眾控,57,0,57,國票-敦北法人,2023-11-09,0037003700390063
6274,台燿,57,12,45,國票-敦北法人,2023-11-09,0037003700390063
5258,虹堡,54,14,40,國票-敦北法人,2023-11-09,0037003700390063
6284,佳邦,42,10,32,國票-敦北法人,2023-11-09,0037003700390063
5347,世界,31,0,31,國票-敦北法人,2023-11-09,0037003700390063
3706,神達,31,0,31,國票-敦北法人,2023-11-09,0037003700390063
6205,詮欣,30,0,30,國票-敦北法人,2023-11-09,0037003700390063
6234,高僑,30,0,30,國票-敦北法人,2023-11-09,0037003700390063
8069,元太,33,4,29,國票-敦北法人,2023-11-09,0037003700390063
5269,祥碩,30,4,26,國票-敦北法人,2023-11-09,0037003700390063
3715,定穎投控,25,0,25,國票-敦北法人,2023-11-09,0037003700390063
6569,醫揚,23,0,23,國票-敦北法人,2023-11-09,0037003700390063
8358,金居,22,0,22,國票-敦北法人,2023-11-09,0037003700390063
3043,科風,26,5,21,國票-敦北法人,2023-11-09,0037003700390063
2421,建準,24,3,21,國票-敦北法人,2023-11-09,0037003700390063
8028,昇陽半導體,20,0,20,國票-敦北法人,2023-11-09,0037003700390063
4906,正文,20,0,20,國票-敦北法人,2023-11-09,0037003700390063
00632R,元大台灣50反1,20,0,20,國票-敦北法人,2023-11-09,0037003700390063
1723,中碳,20,1,19,國票-敦北法人,2023-11-09,0037003700390063
00878,國泰永續高股息,18,0,18,國票-敦北法人,2023-11-09,0037003700390063
6290,良維,20,2,18,國票-敦北法人,2023-11-09,0037003700390063
6426,統新,18,0,18,國票-敦北法人,2023-11-09,0037003700390063
2454,聯發科,16,1,15,國票-敦北法人,2023-11-09,0037003700390063
4129,聯合,848,148,700,國票-敦北法人,2023-11-10,0037003700390063
6805,富世達,457,6,451,國票-敦北法人,2023-11-10,0037003700390063
2313,華通,459,45,414,國票-敦北法人,2023-11-10,0037003700390063
2301,光寶科,400,1,399,國票-敦北法人,2023-11-10,0037003700390063
2382,廣達,369,47,322,國票-敦北法人,2023-11-10,0037003700390063
3711,日月光投控,190,23,167,國票-敦北法人,2023-11-10,0037003700390063
2352,佳世達,152,2,150,國票-敦北法人,2023-11-10,0037003700390063
3231,緯創,217,72,145,國票-敦北法人,2023-11-10,0037003700390063
8069,元太,144,6,138,國票-敦北法人,2023-11-10,0037003700390063
8464,億豐,134,0,134,國票-敦北法人,2023-11-10,0037003700390063
6138,茂達,121,3,118,國票-敦北法人,2023-11-10,0037003700390063
2355,敬鵬,109,0,109,國票-敦北法人,2023-11-10,0037003700390063
3017,奇鋐,109,7,102,國票-敦北法人,2023-11-10,0037003700390063
2353,宏��,85,0,85,國票-敦北法人,2023-11-10,0037003700390063
5258,虹堡,103,26,77,國票-敦北法人,2023-11-10,0037003700390063
1513,中興電,50,2,48,國票-敦北法人,2023-11-10,0037003700390063
6806,森崴能源,48,2,46,國票-敦北法人,2023-11-10,0037003700390063
00679B,元大美債20年,45,0,45,國票-敦北法人,2023-11-10,0037003700390063
6426,統新,44,0,44,國票-敦北法人,2023-11-10,0037003700390063
9938,百和,39,0,39,國票-敦北法人,2023-11-10,0037003700390063
6139,亞翔,42,3,39,國票-敦北法人,2023-11-10,0037003700390063
2329,華泰,51,14,37,國票-敦北法人,2023-11-10,0037003700390063
3552,同致,35,0,35,國票-敦北法人,2023-11-10,0037003700390063
2376,技嘉,55,24,31,國票-敦北法人,2023-11-10,0037003700390063
2486,一詮,37,7,30,國票-敦北法人,2023-11-10,0037003700390063
9910,豐泰,30,0,30,國票-敦北法人,2023-11-10,0037003700390063
1210,大成,30,1,29,國票-敦北法人,2023-11-10,0037003700390063
5483,中美晶,30,3,27,國票-敦北法人,2023-11-10,0037003700390063
00931B,統一美債20年,22,0,22,國票-敦北法人,2023-11-10,0037003700390063
00936,台新永續高息中小,21,0,21,國票-敦北法人,2023-11-10,0037003700390063
3051,力特,23,2,21,國票-敦北法人,2023-11-10,0037003700390063
3443,創意,25,5,20,國票-敦北法人,2023-11-10,0037003700390063
6558,興能高,23,3,20,國票-敦北法人,2023-11-10,0037003700390063
6669,緯穎,20,0,20,國票-敦北法人,2023-11-10,0037003700390063
1815,富喬,29,11,18,國票-敦北法人,2023-11-10,0037003700390063
2363,矽統,33,15,18,國票-敦北法人,2023-11-10,0037003700390063
2634,漢翔,17,0,17,國票-敦北法人,2023-11-10,0037003700390063
2025,千興,17,1,16,國票-敦北法人,2023-11-10,0037003700390063
2454,聯發科,18,3,15,國票-敦北法人,2023-11-10,0037003700390063
3227,原相,16,1,15,國票-敦北法人,2023-11-10,0037003700390063
2316,楠梓電,46,32,14,國票-敦北法人,2023-11-10,0037003700390063
1524,耿鼎,20,6,14,國票-敦北法人,2023-11-10,0037003700390063
6412,群電,14,1,13,國票-敦北法人,2023-11-10,0037003700390063
3532,台勝科,13,0,13,國票-敦北法人,2023-11-10,0037003700390063
6224,聚鼎,12,0,12,國票-敦北法人,2023-11-10,0037003700390063
6443,元晶,12,0,12,國票-敦北法人,2023-11-10,0037003700390063
1460,宏遠,11,0,11,國票-敦北法人,2023-11-10,0037003700390063
8926,台汽電,10,0,10,國票-敦北法人,2023-11-10,0037003700390063
4102,永日,10,0,10,國票-敦北法人,2023-11-10,0037003700390063
00725B,國泰投資級公司債,10,0,10,國票-敦北法人,2023-11-10,0037003700390063
00715L,期街口布蘭特正2,1795,3,1792,國票-敦北法人,2023-11-13,0037003700390063
6122,擎邦,608,118,490,國票-敦北法人,2023-11-13,0037003700390063
2330,台積電,434,69,365,國票-敦北法人,2023-11-13,0037003700390063
3260,威剛,238,33,205,國票-敦北法人,2023-11-13,0037003700390063
6223,旺矽,202,10,192,國票-敦北法人,2023-11-13,0037003700390063
2379,瑞昱,181,0,181,國票-敦北法人,2023-11-13,0037003700390063
9938,百和,178,0,178,國票-敦北法人,2023-11-13,0037003700390063
6805,富世達,161,8,153,國票-敦北法人,2023-11-13,0037003700390063
00632R,元大台灣50反1,150,0,150,國票-敦北法人,2023-11-13,0037003700390063
00900,富邦特選高股息30,105,0,105,國票-敦北法人,2023-11-13,0037003700390063
1560,中砂,186,82,104,國票-敦北法人,2023-11-13,0037003700390063
3231,緯創,227,125,102,國票-敦北法人,2023-11-13,0037003700390063
8046,南電,77,0,77,國票-敦北法人,2023-11-13,0037003700390063
3588,通嘉,74,1,73,國票-敦北法人,2023-11-13,0037003700390063
9914,美利達,68,0,68,國票-敦北法人,2023-11-13,0037003700390063
3035,智原,110,54,56,國票-敦北法人,2023-11-13,0037003700390063
3006,晶豪科,57,2,55,國票-敦北法人,2023-11-13,0037003700390063
3037,欣興,62,9,53,國票-敦北法人,2023-11-13,0037003700390063
1519,華城,51,0,51,國票-敦北法人,2023-11-13,0037003700390063
6643,M31,51,1,50,國票-敦北法人,2023-11-13,0037003700390063
4770,上品,51,1,50,國票-敦北法人,2023-11-13,0037003700390063
2454,聯發科,77,27,50,國票-敦北法人,2023-11-13,0037003700390063
2618,長榮航,47,4,43,國票-敦北法人,2023-11-13,0037003700390063
6235,華孚,44,1,43,國票-敦北法人,2023-11-13,0037003700390063
3491,昇達科,40,0,40,國票-敦北法人,2023-11-13,0037003700390063
6274,台燿,38,3,35,國票-敦北法人,2023-11-13,0037003700390063
8048,德勝,32,0,32,國票-敦北法人,2023-11-13,0037003700390063
2486,一詮,42,11,31,國票-敦北法人,2023-11-13,0037003700390063
2402,毅嘉,224,194,30,國票-敦北法人,2023-11-13,0037003700390063
3529,力旺,28,0,28,國票-敦北法人,2023-11-13,0037003700390063
2338,光罩,25,0,25,國票-敦北法人,2023-11-13,0037003700390063
2421,建準,52,27,25,國票-敦北法人,2023-11-13,0037003700390063
9105,泰金寶-DR,24,0,24,國票-敦北法人,2023-11-13,0037003700390063
2327,國巨,22,0,22,國票-敦北法人,2023-11-13,0037003700390063
3078,僑威,24,2,22,國票-敦北法人,2023-11-13,0037003700390063
6143,振曜,23,1,22,國票-敦北法人,2023-11-13,0037003700390063
6488,環球晶,22,0,22,國票-敦北法人,2023-11-13,0037003700390063
3227,原相,20,0,20,國票-敦北法人,2023-11-13,0037003700390063
2610,華航,28,8,20,國票-敦北法人,2023-11-13,0037003700390063
4908,前鼎,25,7,18,國票-敦北法人,2023-11-13,0037003700390063
6531,愛普*,40,22,18,國票-敦北法人,2023-11-13,0037003700390063
2233,宇隆,20,3,17,國票-敦北法人,2023-11-13,0037003700390063
9927,泰銘,16,0,16,國票-敦北法人,2023-11-13,0037003700390063
2504,國產,16,0,16,國票-敦北法人,2023-11-13,0037003700390063
3715,定穎投控,15,0,15,國票-敦北法人,2023-11-13,0037003700390063
6684,安格,15,0,15,國票-敦北法人,2023-11-13,0037003700390063
00720B,元大投資級公司債,15,0,15,國票-敦北法人,2023-11-13,0037003700390063
2636,台驊控股,15,0,15,國票-敦北法人,2023-11-13,0037003700390063
1515,力山,39,25,14,國票-敦北法人,2023-11-13,0037003700390063
3217,優群,23,9,14,國票-敦北法人,2023-11-13,0037003700390063
2889,國票金,500,5,495,國票-敦北法人,2023-11-14,0037003700390063
3231,緯創,636,194,442,國票-敦北法人,2023-11-14,0037003700390063
2465,麗臺,306,4,302,國票-敦北法人,2023-11-14,0037003700390063
3363,上詮,234,10,224,國票-敦北法人,2023-11-14,0037003700390063
3276,宇環,215,1,214,國票-敦北法人,2023-11-14,0037003700390063
1519,華城,230,47,183,國票-敦北法人,2023-11-14,0037003700390063
4770,上品,150,0,150,國票-敦北法人,2023-11-14,0037003700390063
2313,華通,154,11,143,國票-敦北法人,2023-11-14,0037003700390063
00632R,元大台灣50反1,130,0,130,國票-敦北法人,2023-11-14,0037003700390063
8996,高力,122,10,112,國票-敦北法人,2023-11-14,0037003700390063
2301,光寶科,102,1,101,國票-敦北法人,2023-11-14,0037003700390063
3450,聯鈞,129,52,77,國票-敦北法人,2023-11-14,0037003700390063
3715,定穎投控,69,0,69,國票-敦北法人,2023-11-14,0037003700390063
2455,全新,55,0,55,國票-敦北法人,2023-11-14,0037003700390063
4979,華星光,54,1,53,國票-敦北法人,2023-11-14,0037003700390063
4908,前鼎,71,19,52,國票-敦北法人,2023-11-14,0037003700390063
2739,寒舍,50,1,49,國票-敦北法人,2023-11-14,0037003700390063
6138,茂達,52,3,49,國票-敦北法人,2023-11-14,0037003700390063
2357,華碩,49,4,45,國票-敦北法人,2023-11-14,0037003700390063
5347,世界,94,53,41,國票-敦北法人,2023-11-14,0037003700390063
2515,中工,40,0,40,國票-敦北法人,2023-11-14,0037003700390063
4967,十銓,58,19,39,國票-敦北法人,2023-11-14,0037003700390063
6585,鼎基,127,88,39,國票-敦北法人,2023-11-14,0037003700390063
2379,瑞昱,40,1,39,國票-敦北法人,2023-11-14,0037003700390063
2360,致茂,36,0,36,國票-敦北法人,2023-11-14,0037003700390063
6531,愛普*,52,18,34,國票-敦北法人,2023-11-14,0037003700390063
6491,晶碩,57,25,32,國票-敦北法人,2023-11-14,0037003700390063
4183,福永生技,32,0,32,國票-敦北法人,2023-11-14,0037003700390063
3587,閎康,30,0,30,國票-敦北法人,2023-11-14,0037003700390063
00662,富邦NASDAQ,30,0,30,國票-敦北法人,2023-11-14,0037003700390063
2630,亞航,30,0,30,國票-敦北法人,2023-11-14,0037003700390063
5388,中磊,40,11,29,國票-敦北法人,2023-11-14,0037003700390063
2368,金像電,39,11,28,國票-敦北法人,2023-11-14,0037003700390063
6505,台塑化,23,0,23,國票-敦北法人,2023-11-14,0037003700390063
1616,億泰,20,0,20,國票-敦北法人,2023-11-14,0037003700390063
6224,聚鼎,20,0,20,國票-敦北法人,2023-11-14,0037003700390063
6120,達運,20,0,20,國票-敦北法人,2023-11-14,0037003700390063
4551,智伸科,20,0,20,國票-敦北法人,2023-11-14,0037003700390063
2233,宇隆,20,0,20,國票-敦北法人,2023-11-14,0037003700390063
5009,榮剛,21,1,20,國票-敦北法人,2023-11-14,0037003700390063
2486,一詮,25,5,20,國票-敦北法人,2023-11-14,0037003700390063
8034,榮群,22,2,20,國票-敦北法人,2023-11-14,0037003700390063
3024,憶聲,20,1,19,國票-敦北法人,2023-11-14,0037003700390063
3491,昇達科,20,1,19,國票-敦北法人,2023-11-14,0037003700390063
6799,來頡,19,0,19,國票-敦北法人,2023-11-14,0037003700390063
1504,東元,18,0,18,國票-敦北法人,2023-11-14,0037003700390063
3588,通嘉,54,36,18,國票-敦北法人,2023-11-14,0037003700390063
2427,三商電,17,0,17,國票-敦北法人,2023-11-14,0037003700390063
4961,天鈺,20,3,17,國票-敦北法人,2023-11-14,0037003700390063
2618,長榮航,19,3,16,國票-敦北法人,2023-11-14,0037003700390063
2891,中信金,3956,47,3909,國票-敦北法人,2023-11-15,0037003700390063
00680L,元大美債20正2,365,0,365,國票-敦北法人,2023-11-15,0037003700390063
1795,美時,331,2,329,國票-敦北法人,2023-11-15,0037003700390063
8996,高力,384,67,317,國票-敦北法人,2023-11-15,0037003700390063
2303,聯電,505,248,257,國票-敦北法人,2023-11-15,0037003700390063
5425,台半,250,1,249,國票-敦北法人,2023-11-15,0037003700390063
2002,中鋼,227,2,225,國票-敦北法人,2023-11-15,0037003700390063
00713,元大台灣高息低波,200,0,200,國票-敦北法人,2023-11-15,0037003700390063
2543,皇昌,182,4,178,國票-敦北法人,2023-11-15,0037003700390063
2357,華碩,183,6,177,國票-敦北法人,2023-11-15,0037003700390063
6667,信紘科,177,5,172,國票-敦北法人,2023-11-15,0037003700390063
2739,寒舍,167,0,167,國票-敦北法人,2023-11-15,0037003700390063
3324,雙鴻,153,6,147,國票-敦北法人,2023-11-15,0037003700390063
2344,華邦電,274,169,105,國票-敦北法人,2023-11-15,0037003700390063
2454,聯發科,102,9,93,國票-敦北法人,2023-11-15,0037003700390063
00632R,元大台灣50反1,90,0,90,國票-敦北法人,2023-11-15,0037003700390063
6235,華孚,160,72,88,國票-敦北法人,2023-11-15,0037003700390063
2486,一詮,91,10,81,國票-敦北法人,2023-11-15,0037003700390063
5258,虹堡,128,53,75,國票-敦北法人,2023-11-15,0037003700390063
2516,新建,75,0,75,國票-敦北法人,2023-11-15,0037003700390063
3006,晶豪科,84,16,68,國票-敦北法人,2023-11-15,0037003700390063
6414,樺漢,67,0,67,國票-敦北法人,2023-11-15,0037003700390063
4919,新唐,73,8,65,國票-敦北法人,2023-11-15,0037003700390063
2412,中華電,165,101,64,國票-敦北法人,2023-11-15,0037003700390063
3406,玉晶光,61,0,61,國票-敦北法人,2023-11-15,0037003700390063
6284,佳邦,61,1,60,國票-敦北法人,2023-11-15,0037003700390063
3701,大眾控,92,42,50,國票-敦北法人,2023-11-15,0037003700390063
2495,普安,50,0,50,國票-敦北法人,2023-11-15,0037003700390063
2421,建準,59,10,49,國票-敦北法人,2023-11-15,0037003700390063
6274,台燿,78,30,48,國票-敦北法人,2023-11-15,0037003700390063
6138,茂達,48,4,44,國票-敦北法人,2023-11-15,0037003700390063
2401,凌陽,44,3,41,國票-敦北法人,2023-11-15,0037003700390063
5269,祥碩,92,51,41,國票-敦北法人,2023-11-15,0037003700390063
6245,立端,40,0,40,國票-敦北法人,2023-11-15,0037003700390063
3059,華晶科,40,0,40,國票-敦北法人,2023-11-15,0037003700390063
2354,鴻準,40,1,39,國票-敦北法人,2023-11-15,0037003700390063
3290,東浦,35,0,35,國票-敦北法人,2023-11-15,0037003700390063
3041,揚智,38,6,32,國票-敦北法人,2023-11-15,0037003700390063
00878,國泰永續高股息,35,5,30,國票-敦北法人,2023-11-15,0037003700390063
2066,世德,30,0,30,國票-敦北法人,2023-11-15,0037003700390063
4971,IET-KY,26,0,26,國票-敦北法人,2023-11-15,0037003700390063
2352,佳世達,26,1,25,國票-敦北法人,2023-11-15,0037003700390063
2455,全新,24,0,24,國票-敦北法人,2023-11-15,0037003700390063
6691,洋基工程,25,2,23,國票-敦北法人,2023-11-15,0037003700390063
2388,威盛,96,74,22,國票-敦北法人,2023-11-15,0037003700390063
2417,圓剛,67,46,21,國票-敦北法人,2023-11-15,0037003700390063
8088,品安,28,7,21,國票-敦北法人,2023-11-15,0037003700390063
2369,菱生,77,57,20,國票-敦北法人,2023-11-15,0037003700390063
4129,聯合,20,0,20,國票-敦北法人,2023-11-15,0037003700390063
3035,智原,27,8,19,國票-敦北法人,2023-11-15,0037003700390063
2421,建準,903,57,846,國票-敦北法人,2023-11-16,0037003700390063
2739,寒舍,798,1,797,國票-敦北法人,2023-11-16,0037003700390063
2618,長榮航,1346,829,517,國票-敦北法人,2023-11-16,0037003700390063
2412,中華電,500,0,500,國票-敦北法人,2023-11-16,0037003700390063
6147,頎邦,430,12,418,國票-敦北法人,2023-11-16,0037003700390063
2303,聯電,431,122,309,國票-敦北法人,2023-11-16,0037003700390063
00637L,元大滬深300正2,210,3,207,國票-敦北法人,2023-11-16,0037003700390063
1305,華夏,210,21,189,國票-敦北法人,2023-11-16,0037003700390063
6805,富世達,170,0,170,國票-敦北法人,2023-11-16,0037003700390063
3231,緯創,399,229,170,國票-敦北法人,2023-11-16,0037003700390063
6569,醫揚,140,0,140,國票-敦北法人,2023-11-16,0037003700390063
6243,迅杰,140,5,135,國票-敦北法人,2023-11-16,0037003700390063
4770,上品,172,48,124,國票-敦北法人,2023-11-16,0037003700390063
00632R,元大台灣50反1,104,0,104,國票-敦北法人,2023-11-16,0037003700390063
2409,友達,153,53,100,國票-敦北法人,2023-11-16,0037003700390063
3481,群創,183,84,99,國票-敦北法人,2023-11-16,0037003700390063
1795,美時,149,69,80,國票-敦北法人,2023-11-16,0037003700390063
6415,矽力*-KY,91,25,66,國票-敦北法人,2023-11-16,0037003700390063
6584,南俊國際,63,5,58,國票-敦北法人,2023-11-16,0037003700390063
4979,華星光,58,0,58,國票-敦北法人,2023-11-16,0037003700390063
2362,藍天,50,0,50,國票-敦北法人,2023-11-16,0037003700390063
9938,百和,48,0,48,國票-敦北法人,2023-11-16,0037003700390063
6245,立端,50,2,48,國票-敦北法人,2023-11-16,0037003700390063
2439,美律,50,6,44,國票-敦北法人,2023-11-16,0037003700390063
2352,佳世達,117,76,41,國票-敦北法人,2023-11-16,0037003700390063
00676R,富邦臺灣加權反1,40,0,40,國票-敦北法人,2023-11-16,0037003700390063
6414,樺漢,40,1,39,國票-敦北法人,2023-11-16,0037003700390063
9958,世紀鋼,41,6,35,國票-敦北法人,2023-11-16,0037003700390063
2743,山富,41,7,34,國票-敦北法人,2023-11-16,0037003700390063
8069,元太,70,37,33,國票-敦北法人,2023-11-16,0037003700390063
6285,啟��,74,42,32,國票-敦北法人,2023-11-16,0037003700390063
4919,新唐,40,9,31,國票-敦北法人,2023-11-16,0037003700390063
6138,茂達,38,7,31,國票-敦北法人,2023-11-16,0037003700390063
6426,統新,31,0,31,國票-敦北法人,2023-11-16,0037003700390063
3041,揚智,58,28,30,國票-敦北法人,2023-11-16,0037003700390063
5347,世界,125,96,29,國票-敦北法人,2023-11-16,0037003700390063
3023,信邦,27,0,27,國票-敦北法人,2023-11-16,0037003700390063
3376,新日興,144,117,27,國票-敦北法人,2023-11-16,0037003700390063
8240,華宏,26,0,26,國票-敦北法人,2023-11-16,0037003700390063
6101,寬魚國際,25,0,25,國票-敦北法人,2023-11-16,0037003700390063
6922,宸曜,25,0,25,國票-敦北法人,2023-11-16,0037003700390063
3006,晶豪科,92,70,22,國票-敦北法人,2023-11-16,0037003700390063
3450,聯鈞,85,64,21,國票-敦北法人,2023-11-16,0037003700390063
3122,笙泉,28,8,20,國票-敦北法人,2023-11-16,0037003700390063
1519,華城,126,106,20,國票-敦北法人,2023-11-16,0037003700390063
2486,一詮,76,56,20,國票-敦北法人,2023-11-16,0037003700390063
2889,國票金,20,0,20,國票-敦北法人,2023-11-16,0037003700390063
3443,創意,30,13,17,國票-敦北法人,2023-11-16,0037003700390063
6121,新普,17,0,17,國票-敦北法人,2023-11-16,0037003700390063
3034,聯詠,36,21,15,國票-敦北法人,2023-11-16,0037003700390063
00715L,期街口布蘭特正2,874,0,874,國票-敦北法人,2023-11-17,0037003700390063
2303,聯電,942,122,820,國票-敦北法人,2023-11-17,0037003700390063
2355,敬鵬,863,70,793,國票-敦北法人,2023-11-17,0037003700390063
2330,台積電,441,0,441,國票-敦北法人,2023-11-17,0037003700390063
2543,皇昌,444,6,438,國票-敦北法人,2023-11-17,0037003700390063
2313,華通,483,66,417,國票-敦北法人,2023-11-17,0037003700390063
2834,臺企銀,301,0,301,國票-敦北法人,2023-11-17,0037003700390063
6243,迅杰,271,12,259,國票-敦北法人,2023-11-17,0037003700390063
2748,雲品,253,15,238,國票-敦北法人,2023-11-17,0037003700390063
2388,威盛,315,101,214,國票-敦北法人,2023-11-17,0037003700390063
00919,群益台灣精選高息,200,0,200,國票-敦北法人,2023-11-17,0037003700390063
006208,富邦台50,173,1,172,國票-敦北法人,2023-11-17,0037003700390063
2731,雄獅,203,56,147,國票-敦北法人,2023-11-17,0037003700390063
3035,智原,193,47,146,國票-敦北法人,2023-11-17,0037003700390063
1795,美時,221,78,143,國票-敦北法人,2023-11-17,0037003700390063
2883,凱基金,108,4,104,國票-敦北法人,2023-11-17,0037003700390063
00637L,元大滬深300正2,117,15,102,國票-敦北法人,2023-11-17,0037003700390063
2363,矽統,117,18,99,國票-敦北法人,2023-11-17,0037003700390063
2610,華航,115,32,83,國票-敦北法人,2023-11-17,0037003700390063
2376,技嘉,83,1,82,國票-敦北法人,2023-11-17,0037003700390063
2723,美食-KY,72,0,72,國票-敦北法人,2023-11-17,0037003700390063
2393,億光,70,0,70,國票-敦北法人,2023-11-17,0037003700390063
2353,宏��,60,0,60,國票-敦北法人,2023-11-17,0037003700390063
6533,晶心科,61,1,60,國票-敦北法人,2023-11-17,0037003700390063
1515,力山,70,13,57,國票-敦北法人,2023-11-17,0037003700390063
3483,力致,64,13,51,國票-敦北法人,2023-11-17,0037003700390063
3545,敦泰,67,17,50,國票-敦北法人,2023-11-17,0037003700390063
2002,中鋼,50,1,49,國票-敦北法人,2023-11-17,0037003700390063
1504,東元,51,3,48,國票-敦北法人,2023-11-17,0037003700390063
6719,力智,43,0,43,國票-敦北法人,2023-11-17,0037003700390063
2702,華園,47,5,42,國票-敦北法人,2023-11-17,0037003700390063
3042,晶技,40,0,40,國票-敦北法人,2023-11-17,0037003700390063
2383,台光電,40,1,39,國票-敦北法人,2023-11-17,0037003700390063
6515,穎崴,44,5,39,國票-敦北法人,2023-11-17,0037003700390063
5706,鳳凰,49,12,37,國票-敦北法人,2023-11-17,0037003700390063
6933,AMAX-KY,40,6,34,國票-敦北法人,2023-11-17,0037003700390063
8068,全達,30,0,30,國票-敦北法人,2023-11-17,0037003700390063
3587,閎康,30,0,30,國票-敦北法人,2023-11-17,0037003700390063
3548,兆利,59,30,29,國票-敦北法人,2023-11-17,0037003700390063
3376,新日興,36,9,27,國票-敦北法人,2023-11-17,0037003700390063
3217,優群,41,14,27,國票-敦北法人,2023-11-17,0037003700390063
3149,正達,27,0,27,國票-敦北法人,2023-11-17,0037003700390063
4961,天鈺,48,22,26,國票-敦北法人,2023-11-17,0037003700390063
3006,晶豪科,27,2,25,國票-敦北法人,2023-11-17,0037003700390063
6245,立端,25,1,24,國票-敦北法人,2023-11-17,0037003700390063
3036,文曄,25,2,23,國票-敦北法人,2023-11-17,0037003700390063
2405,輔信,42,19,23,國票-敦北法人,2023-11-17,0037003700390063
8240,華宏,23,0,23,國票-敦北法人,2023-11-17,0037003700390063
3005,神基,25,3,22,國票-敦北法人,2023-11-17,0037003700390063
2308,台達電,22,0,22,國票-敦北法人,2023-11-17,0037003700390063
2618,長榮航,736,25,711,國票-敦北法人,2023-11-20,0037003700390063
3037,欣興,501,2,499,國票-敦北法人,2023-11-20,0037003700390063
4919,新唐,451,1,450,國票-敦北法人,2023-11-20,0037003700390063
2368,金像電,333,1,332,國票-敦北法人,2023-11-20,0037003700390063
3005,神基,313,27,286,國票-敦北法人,2023-11-20,0037003700390063
6127,九豪,287,4,283,國票-敦北法人,2023-11-20,0037003700390063
6138,茂達,227,18,209,國票-敦北法人,2023-11-20,0037003700390063
6274,台燿,260,78,182,國票-敦北法人,2023-11-20,0037003700390063
2312,金寶,182,0,182,國票-敦北法人,2023-11-20,0037003700390063
6121,新普,170,0,170,國票-敦北法人,2023-11-20,0037003700390063
6233,旺玖,156,0,156,國票-敦北法人,2023-11-20,0037003700390063
4960,誠美材,150,0,150,國票-敦北法人,2023-11-20,0037003700390063
6237,驊訊,157,13,144,國票-敦北法人,2023-11-20,0037003700390063
5258,虹堡,159,20,139,國票-敦北法人,2023-11-20,0037003700390063
2204,中華,118,1,117,國票-敦北法人,2023-11-20,0037003700390063
3588,通嘉,105,2,103,國票-敦北法人,2023-11-20,0037003700390063
6732,昇佳電子,101,7,94,國票-敦北法人,2023-11-20,0037003700390063
5439,高技,94,1,93,國票-敦北法人,2023-11-20,0037003700390063
6117,迎廣,92,0,92,國票-敦北法人,2023-11-20,0037003700390063
5351,鈺創,91,7,84,國票-敦北法人,2023-11-20,0037003700390063
6235,華孚,101,29,72,國票-敦北法人,2023-11-20,0037003700390063
3548,兆利,107,35,72,國票-敦北法人,2023-11-20,0037003700390063
2530,華建,70,0,70,國票-敦北法人,2023-11-20,0037003700390063
3402,漢科,60,0,60,國票-敦北法人,2023-11-20,0037003700390063
3059,華晶科,102,44,58,國票-敦北法人,2023-11-20,0037003700390063
5425,台半,60,3,57,國票-敦北法人,2023-11-20,0037003700390063
1301,台塑,53,0,53,國票-敦北法人,2023-11-20,0037003700390063
8464,億豐,50,0,50,國票-敦北法人,2023-11-20,0037003700390063
3149,正達,58,17,41,國票-敦北法人,2023-11-20,0037003700390063
2345,智邦,44,6,38,國票-敦北法人,2023-11-20,0037003700390063
6245,立端,36,0,36,國票-敦北法人,2023-11-20,0037003700390063
6805,富世達,36,0,36,國票-敦北法人,2023-11-20,0037003700390063
2395,研華,32,0,32,國票-敦北法人,2023-11-20,0037003700390063
6584,南俊國際,30,0,30,國票-敦北法人,2023-11-20,0037003700390063
2603,長榮,43,14,29,國票-敦北法人,2023-11-20,0037003700390063
3228,金麗科,29,0,29,國票-敦北法人,2023-11-20,0037003700390063
3533,嘉澤,31,6,25,國票-敦北法人,2023-11-20,0037003700390063
2401,凌陽,37,13,24,國票-敦北法人,2023-11-20,0037003700390063
6108,競國,32,8,24,國票-敦北法人,2023-11-20,0037003700390063
8068,全達,22,0,22,國票-敦北法人,2023-11-20,0037003700390063
3715,定穎投控,86,65,21,國票-敦北法人,2023-11-20,0037003700390063
5483,中美晶,50,29,21,國票-敦北法人,2023-11-20,0037003700390063
6112,邁達特,20,0,20,國票-敦北法人,2023-11-20,0037003700390063
2106,建大,20,0,20,國票-敦北法人,2023-11-20,0037003700390063
5222,全訊,20,0,20,國票-敦北法人,2023-11-20,0037003700390063
1409,新纖,20,0,20,國票-敦北法人,2023-11-20,0037003700390063
2369,菱生,21,1,20,國票-敦北法人,2023-11-20,0037003700390063
3163,波若威,21,2,19,國票-敦北法人,2023-11-20,0037003700390063
3305,昇貿,20,1,19,國票-敦北法人,2023-11-20,0037003700390063
2484,希華,26,8,18,國票-敦北法人,2023-11-20,0037003700390063
2313,華通,3728,594,3134,國票-敦北法人,2023-11-21,0037003700390063
5347,世界,1209,92,1117,國票-敦北法人,2023-11-21,0037003700390063
3231,緯創,594,161,433,國票-敦北法人,2023-11-21,0037003700390063
2408,南亞科,205,2,203,國票-敦北法人,2023-11-21,0037003700390063
2376,技嘉,213,23,190,國票-敦北法人,2023-11-21,0037003700390063
2330,台積電,201,18,183,國票-敦北法人,2023-11-21,0037003700390063
00919,群益台灣精選高息,201,20,181,國票-敦北法人,2023-11-21,0037003700390063
2356,英業達,159,39,120,國票-敦北法人,2023-11-21,0037003700390063
6585,鼎基,164,46,118,國票-敦北法人,2023-11-21,0037003700390063
2383,台光電,116,5,111,國票-敦北法人,2023-11-21,0037003700390063
5258,虹堡,136,29,107,國票-敦北法人,2023-11-21,0037003700390063
00632R,元大台灣50反1,113,10,103,國票-敦北法人,2023-11-21,0037003700390063
2106,建大,150,50,100,國票-敦北法人,2023-11-21,0037003700390063
3413,京鼎,100,2,98,國票-敦北法人,2023-11-21,0037003700390063
8261,富鼎,90,0,90,國票-敦北法人,2023-11-21,0037003700390063
6138,茂達,105,20,85,國票-敦北法人,2023-11-21,0037003700390063
006208,富邦台50,85,0,85,國票-敦北法人,2023-11-21,0037003700390063
3483,力致,127,57,70,國票-敦北法人,2023-11-21,0037003700390063
3036,文曄,77,8,69,國票-敦北法人,2023-11-21,0037003700390063
2029,盛餘,58,10,48,國票-敦北法人,2023-11-21,0037003700390063
3588,通嘉,53,11,42,國票-敦北法人,2023-11-21,0037003700390063
2345,智邦,43,3,40,國票-敦北法人,2023-11-21,0037003700390063
5530,龍巖,40,0,40,國票-敦北法人,2023-11-21,0037003700390063
4968,立積,39,1,38,國票-敦北法人,2023-11-21,0037003700390063
00935,野村臺灣新科技50,37,0,37,國票-敦北法人,2023-11-21,0037003700390063
3665,貿聯-KY,34,0,34,國票-敦北法人,2023-11-21,0037003700390063
4979,華星光,463,430,33,國票-敦北法人,2023-11-21,0037003700390063
2421,建準,47,15,32,國票-敦北法人,2023-11-21,0037003700390063
6732,昇佳電子,43,11,32,國票-敦北法人,2023-11-21,0037003700390063
1524,耿鼎,33,2,31,國票-敦北法人,2023-11-21,0037003700390063
2455,全新,32,1,31,國票-敦北法人,2023-11-21,0037003700390063
6684,安格,30,1,29,國票-敦北法人,2023-11-21,0037003700390063
6643,M31,30,1,29,國票-敦北法人,2023-11-21,0037003700390063
8086,宏捷科,29,0,29,國票-敦北法人,2023-11-21,0037003700390063
3701,大眾控,61,33,28,國票-敦北法人,2023-11-21,0037003700390063
2436,偉詮電,60,32,28,國票-敦北法人,2023-11-21,0037003700390063
3481,群創,27,1,26,國票-敦北法人,2023-11-21,0037003700390063
6789,采鈺,28,3,25,國票-敦北法人,2023-11-21,0037003700390063
6806,森崴能源,88,65,23,國票-敦北法人,2023-11-21,0037003700390063
2025,千興,23,0,23,國票-敦北法人,2023-11-21,0037003700390063
2363,矽統,65,42,23,國票-敦北法人,2023-11-21,0037003700390063
3504,揚明光,24,2,22,國票-敦北法人,2023-11-21,0037003700390063
8467,波力-KY,23,1,22,國票-敦北法人,2023-11-21,0037003700390063
4908,前鼎,36,15,21,國票-敦北法人,2023-11-21,0037003700390063
00921,兆豐龍頭等權重,20,0,20,國票-敦北法人,2023-11-21,0037003700390063
3047,訊舟,23,5,18,國票-敦北法人,2023-11-21,0037003700390063
6669,緯穎,19,1,18,國票-敦北法人,2023-11-21,0037003700390063
0056,元大高股息,23,5,18,國票-敦北法人,2023-11-21,0037003700390063
0052,富邦科技,17,0,17,國票-敦北法人,2023-11-21,0037003700390063
6451,訊芯-KY,23,6,17,國票-敦北法人,2023-11-21,0037003700390063
2886,兆豐金,1460,1,1459,國票-敦北法人,2023-11-22,0037003700390063
6282,康舒,1241,148,1093,國票-敦北法人,2023-11-22,0037003700390063
2610,華航,535,20,515,國票-敦北法人,2023-11-22,0037003700390063
3059,華晶科,502,27,475,國票-敦北法人,2023-11-22,0037003700390063
5258,虹堡,402,92,310,國票-敦北法人,2023-11-22,0037003700390063
2882,國泰金,239,10,229,國票-敦北法人,2023-11-22,0037003700390063
2377,微星,219,0,219,國票-敦北法人,2023-11-22,0037003700390063
8069,元太,200,0,200,國票-敦北法人,2023-11-22,0037003700390063
3362,先進光,165,7,158,國票-敦北法人,2023-11-22,0037003700390063
3694,海華,165,15,150,國票-敦北法人,2023-11-22,0037003700390063
6243,迅杰,153,9,144,國票-敦北法人,2023-11-22,0037003700390063
2356,英業達,253,131,122,國票-敦北法人,2023-11-22,0037003700390063
6789,采鈺,179,59,120,國票-敦北法人,2023-11-22,0037003700390063
3530,晶相光,145,30,115,國票-敦北法人,2023-11-22,0037003700390063
2436,偉詮電,159,53,106,國票-敦北法人,2023-11-22,0037003700390063
8996,高力,112,12,100,國票-敦北法人,2023-11-22,0037003700390063
2388,威盛,147,48,99,國票-敦北法人,2023-11-22,0037003700390063
6245,立端,102,11,91,國票-敦北法人,2023-11-22,0037003700390063
4967,十銓,89,3,86,國票-敦北法人,2023-11-22,0037003700390063
3548,兆利,84,2,82,國票-敦北法人,2023-11-22,0037003700390063
2313,華通,166,85,81,國票-敦北法人,2023-11-22,0037003700390063
2353,宏��,61,1,60,國票-敦北法人,2023-11-22,0037003700390063
3227,原相,62,3,59,國票-敦北法人,2023-11-22,0037003700390063
2002,中鋼,58,0,58,國票-敦北法人,2023-11-22,0037003700390063
3231,緯創,146,91,55,國票-敦北法人,2023-11-22,0037003700390063
2029,盛餘,55,0,55,國票-敦北法人,2023-11-22,0037003700390063
3450,聯鈞,74,20,54,國票-敦北法人,2023-11-22,0037003700390063
5009,榮剛,66,17,49,國票-敦北法人,2023-11-22,0037003700390063
1216,統一,50,2,48,國票-敦北法人,2023-11-22,0037003700390063
2495,普安,50,3,47,國票-敦北法人,2023-11-22,0037003700390063
9958,世紀鋼,48,4,44,國票-敦北法人,2023-11-22,0037003700390063
3169,亞信,55,15,40,國票-敦北法人,2023-11-22,0037003700390063
3017,奇鋐,122,82,40,國票-敦北法人,2023-11-22,0037003700390063
00905,FT臺灣Smart,40,0,40,國票-敦北法人,2023-11-22,0037003700390063
3019,亞光,40,0,40,國票-敦北法人,2023-11-22,0037003700390063
6533,晶心科,70,31,39,國票-敦北法人,2023-11-22,0037003700390063
6515,穎崴,41,4,37,國票-敦北法人,2023-11-22,0037003700390063
3701,大眾控,71,35,36,國票-敦北法人,2023-11-22,0037003700390063
2363,矽統,99,63,36,國票-敦北法人,2023-11-22,0037003700390063
6291,沛亨,36,0,36,國票-敦北法人,2023-11-22,0037003700390063
3588,通嘉,49,18,31,國票-敦北法人,2023-11-22,0037003700390063
3033,威健,30,0,30,國票-敦北法人,2023-11-22,0037003700390063
00706L,期元大S＆P日圓正2,30,0,30,國票-敦北法人,2023-11-22,0037003700390063
5533,皇鼎,58,29,29,國票-敦北法人,2023-11-22,0037003700390063
3037,欣興,36,9,27,國票-敦北法人,2023-11-22,0037003700390063
3294,英濟,27,0,27,國票-敦北法人,2023-11-22,0037003700390063
2439,美律,53,30,23,國票-敦北法人,2023-11-22,0037003700390063
8289,泰藝,22,0,22,國票-敦北法人,2023-11-22,0037003700390063
6223,旺矽,25,3,22,國票-敦北法人,2023-11-22,0037003700390063
6411,晶焱,28,8,20,國票-敦北法人,2023-11-22,0037003700390063
4919,新唐,837,2,835,國票-敦北法人,2023-11-23,0037003700390063
2312,金寶,647,104,543,國票-敦北法人,2023-11-23,0037003700390063
00900,富邦特選高股息30,300,0,300,國票-敦北法人,2023-11-23,0037003700390063
0050,元大台灣50,300,4,296,國票-敦北法人,2023-11-23,0037003700390063
6235,華孚,252,0,252,國票-敦北法人,2023-11-23,0037003700390063
6485,點序,293,48,245,國票-敦北法人,2023-11-23,0037003700390063
6789,采鈺,433,189,244,國票-敦北法人,2023-11-23,0037003700390063
0056,元大高股息,204,13,191,國票-敦北法人,2023-11-23,0037003700390063
3530,晶相光,314,146,168,國票-敦北法人,2023-11-23,0037003700390063
2618,長榮航,166,17,149,國票-敦北法人,2023-11-23,0037003700390063
2417,圓剛,163,28,135,國票-敦北法人,2023-11-23,0037003700390063
1326,台化,100,0,100,國票-敦北法人,2023-11-23,0037003700390063
4128,中天,95,0,95,國票-敦北法人,2023-11-23,0037003700390063
8086,宏捷科,95,3,92,國票-敦北法人,2023-11-23,0037003700390063
5351,鈺創,168,85,83,國票-敦北法人,2023-11-23,0037003700390063
2481,強茂,80,1,79,國票-敦北法人,2023-11-23,0037003700390063
3059,華晶科,198,125,73,國票-敦北法人,2023-11-23,0037003700390063
8442,威宏-KY,66,0,66,國票-敦北法人,2023-11-23,0037003700390063
4968,立積,176,111,65,國票-敦北法人,2023-11-23,0037003700390063
2369,菱生,114,52,62,國票-敦北法人,2023-11-23,0037003700390063
2455,全新,99,37,62,國票-敦北法人,2023-11-23,0037003700390063
1785,光洋科,60,2,58,國票-敦北法人,2023-11-23,0037003700390063
2301,光寶科,54,0,54,國票-敦北法人,2023-11-23,0037003700390063
8261,富鼎,56,3,53,國票-敦北法人,2023-11-23,0037003700390063
2436,偉詮電,77,24,53,國票-敦北法人,2023-11-23,0037003700390063
1513,中興電,56,5,51,國票-敦北法人,2023-11-23,0037003700390063
1229,聯華,50,0,50,國票-敦北法人,2023-11-23,0037003700390063
2002,中鋼,52,3,49,國票-敦北法人,2023-11-23,0037003700390063
4162,智擎,48,0,48,國票-敦北法人,2023-11-23,0037003700390063
6585,鼎基,50,4,46,國票-敦北法人,2023-11-23,0037003700390063
2357,華碩,42,1,41,國票-敦北法人,2023-11-23,0037003700390063
2457,飛宏,102,61,41,國票-敦北法人,2023-11-23,0037003700390063
4714,永捷,40,0,40,國票-敦北法人,2023-11-23,0037003700390063
6104,創惟,40,6,34,國票-敦北法人,2023-11-23,0037003700390063
6269,台郡,32,0,32,國票-敦北法人,2023-11-23,0037003700390063
3105,穩懋,48,18,30,國票-敦北法人,2023-11-23,0037003700390063
3047,訊舟,38,8,30,國票-敦北法人,2023-11-23,0037003700390063
1612,宏泰,30,0,30,國票-敦北法人,2023-11-23,0037003700390063
3287,廣寰科,30,0,30,國票-敦北法人,2023-11-23,0037003700390063
6901,鑽石投資,33,4,29,國票-敦北法人,2023-11-23,0037003700390063
8426,紅木-KY,28,0,28,國票-敦北法人,2023-11-23,0037003700390063
1795,美時,27,1,26,國票-敦北法人,2023-11-23,0037003700390063
2360,致茂,26,1,25,國票-敦北法人,2023-11-23,0037003700390063
2206,三陽工業,24,0,24,國票-敦北法人,2023-11-23,0037003700390063
1471,首利,35,12,23,國票-敦北法人,2023-11-23,0037003700390063
1524,耿鼎,23,0,23,國票-敦北法人,2023-11-23,0037003700390063
4188,安克,21,0,21,國票-敦北法人,2023-11-23,0037003700390063
2323,中環,20,0,20,國票-敦北法人,2023-11-23,0037003700390063
3527,聚積,20,0,20,國票-敦北法人,2023-11-23,0037003700390063
3709,鑫聯大投控,20,0,20,國票-敦北法人,2023-11-23,0037003700390063
8086,宏捷科,954,126,828,國票-敦北法人,2023-11-24,0037003700390063
1514,亞力,571,21,550,國票-敦北法人,2023-11-24,0037003700390063
5258,虹堡,632,85,547,國票-敦北法人,2023-11-24,0037003700390063
2834,臺企銀,443,0,443,國票-敦北法人,2023-11-24,0037003700390063
2368,金像電,250,1,249,國票-敦北法人,2023-11-24,0037003700390063
1584,精剛,215,7,208,國票-敦北法人,2023-11-24,0037003700390063
2412,中華電,150,0,150,國票-敦北法人,2023-11-24,0037003700390063
8996,高力,141,16,125,國票-敦北法人,2023-11-24,0037003700390063
3704,合勤控,103,2,101,國票-敦北法人,2023-11-24,0037003700390063
2204,中華,100,0,100,國票-敦北法人,2023-11-24,0037003700390063
3362,先進光,115,15,100,國票-敦北法人,2023-11-24,0037003700390063
2327,國巨,104,6,98,國票-敦北法人,2023-11-24,0037003700390063
6138,茂達,101,12,89,國票-敦北法人,2023-11-24,0037003700390063
3217,優群,97,15,82,國票-敦北法人,2023-11-24,0037003700390063
1795,美時,85,3,82,國票-敦北法人,2023-11-24,0037003700390063
2457,飛宏,298,222,76,國票-敦北法人,2023-11-24,0037003700390063
8936,國統,124,58,66,國票-敦北法人,2023-11-24,0037003700390063
9958,世紀鋼,88,28,60,國票-敦北法人,2023-11-24,0037003700390063
6143,振曜,59,0,59,國票-敦北法人,2023-11-24,0037003700390063
1477,聚陽,55,0,55,國票-敦北法人,2023-11-24,0037003700390063
4968,立積,74,23,51,國票-敦北法人,2023-11-24,0037003700390063
2883,凱基金,50,0,50,國票-敦北法人,2023-11-24,0037003700390063
6488,環球晶,54,4,50,國票-敦北法人,2023-11-24,0037003700390063
6703,軒郁,47,0,47,國票-敦北法人,2023-11-24,0037003700390063
1519,華城,253,208,45,國票-敦北法人,2023-11-24,0037003700390063
6509,聚和,40,0,40,國票-敦北法人,2023-11-24,0037003700390063
6168,宏齊,35,0,35,國票-敦北法人,2023-11-24,0037003700390063
6239,力成,34,0,34,國票-敦北法人,2023-11-24,0037003700390063
2739,寒舍,30,0,30,國票-敦北法人,2023-11-24,0037003700390063
3171,炎洲流通,30,0,30,國票-敦北法人,2023-11-24,0037003700390063
8426,紅木-KY,30,0,30,國票-敦北法人,2023-11-24,0037003700390063
2029,盛餘,27,2,25,國票-敦北法人,2023-11-24,0037003700390063
2462,良得電,25,0,25,國票-敦北法人,2023-11-24,0037003700390063
3707,漢磊,24,0,24,國票-敦北法人,2023-11-24,0037003700390063
2633,台灣高鐵,23,0,23,國票-敦北法人,2023-11-24,0037003700390063
2886,兆豐金,22,0,22,國票-敦北法人,2023-11-24,0037003700390063
1524,耿鼎,22,0,22,國票-敦北法人,2023-11-24,0037003700390063
6462,神盾,33,11,22,國票-敦北法人,2023-11-24,0037003700390063
9103,美德醫療-DR,31,10,21,國票-敦北法人,2023-11-24,0037003700390063
1101,台泥,20,0,20,國票-敦北法人,2023-11-24,0037003700390063
3324,雙鴻,20,0,20,國票-敦北法人,2023-11-24,0037003700390063
6684,安格,20,0,20,國票-敦北法人,2023-11-24,0037003700390063
2401,凌陽,29,10,19,國票-敦北法人,2023-11-24,0037003700390063
2382,廣達,16,0,16,國票-敦北法人,2023-11-24,0037003700390063
4909,新復興,21,5,16,國票-敦北法人,2023-11-24,0037003700390063
00719B,元大美債1-3,16,0,16,國票-敦北法人,2023-11-24,0037003700390063
8089,康全電訊,16,1,15,國票-敦北法人,2023-11-24,0037003700390063
2427,三商電,15,0,15,國票-敦北法人,2023-11-24,0037003700390063
5457,宣德,14,0,14,國票-敦北法人,2023-11-24,0037003700390063
3231,緯創,22,9,13,國票-敦北法人,2023-11-24,0037003700390063
2014,中鴻,1000,2,998,國票-敦北法人,2023-11-27,0037003700390063
9802,鈺齊-KY,512,0,512,國票-敦北法人,2023-11-27,0037003700390063
2637,慧洋-KY,491,9,482,國票-敦北法人,2023-11-27,0037003700390063
4114,健喬,354,3,351,國票-敦北法人,2023-11-27,0037003700390063
3264,欣銓,200,1,199,國票-敦北法人,2023-11-27,0037003700390063
3017,奇鋐,203,26,177,國票-敦北法人,2023-11-27,0037003700390063
2371,大同,140,17,123,國票-敦北法人,2023-11-27,0037003700390063
2327,國巨,103,0,103,國票-敦北法人,2023-11-27,0037003700390063
2739,寒舍,103,0,103,國票-敦北法人,2023-11-27,0037003700390063
3035,智原,313,211,102,國票-敦北法人,2023-11-27,0037003700390063
2377,微星,102,0,102,國票-敦北法人,2023-11-27,0037003700390063
2308,台達電,103,3,100,國票-敦北法人,2023-11-27,0037003700390063
4770,上品,100,0,100,國票-敦北法人,2023-11-27,0037003700390063
3583,辛耘,104,13,91,國票-敦北法人,2023-11-27,0037003700390063
1457,宜進,95,5,90,國票-敦北法人,2023-11-27,0037003700390063
3034,聯詠,89,13,76,國票-敦北法人,2023-11-27,0037003700390063
8054,安國,89,16,73,國票-敦北法人,2023-11-27,0037003700390063
3715,定穎投控,165,101,64,國票-敦北法人,2023-11-27,0037003700390063
4736,泰博,51,2,49,國票-敦北法人,2023-11-27,0037003700390063
2059,川湖,53,6,47,國票-敦北法人,2023-11-27,0037003700390063
3036,文曄,46,1,45,國票-敦北法人,2023-11-27,0037003700390063
2495,普安,45,0,45,國票-敦北法人,2023-11-27,0037003700390063
6274,台燿,43,2,41,國票-敦北法人,2023-11-27,0037003700390063
3552,同致,40,0,40,國票-敦北法人,2023-11-27,0037003700390063
4919,新唐,48,11,37,國票-敦北法人,2023-11-27,0037003700390063
2066,世德,33,0,33,國票-敦北法人,2023-11-27,0037003700390063
2329,華泰,61,29,32,國票-敦北法人,2023-11-27,0037003700390063
6901,鑽石投資,32,0,32,國票-敦北法人,2023-11-27,0037003700390063
6127,九豪,40,8,32,國票-敦北法人,2023-11-27,0037003700390063
2353,宏��,53,23,30,國票-敦北法人,2023-11-27,0037003700390063
3491,昇達科,28,1,27,國票-敦北法人,2023-11-27,0037003700390063
6462,神盾,64,38,26,國票-敦北法人,2023-11-27,0037003700390063
2731,雄獅,38,12,26,國票-敦北法人,2023-11-27,0037003700390063
2476,鉅祥,28,2,26,國票-敦北法人,2023-11-27,0037003700390063
00935,野村臺灣新科技50,25,0,25,國票-敦北法人,2023-11-27,0037003700390063
2606,裕民,129,106,23,國票-敦北法人,2023-11-27,0037003700390063
1714,和桐,22,0,22,國票-敦北法人,2023-11-27,0037003700390063
1809,中釉,22,0,22,國票-敦北法人,2023-11-27,0037003700390063
4121,優盛,21,0,21,國票-敦北法人,2023-11-27,0037003700390063
3231,緯創,38,17,21,國票-敦北法人,2023-11-27,0037003700390063
2481,強茂,20,0,20,國票-敦北法人,2023-11-27,0037003700390063
9938,百和,20,0,20,國票-敦北法人,2023-11-27,0037003700390063
2354,鴻準,20,0,20,國票-敦北法人,2023-11-27,0037003700390063
3479,安勤,20,0,20,國票-敦北法人,2023-11-27,0037003700390063
9103,美德醫療-DR,20,0,20,國票-敦北法人,2023-11-27,0037003700390063
4961,天鈺,20,2,18,國票-敦北法人,2023-11-27,0037003700390063
3373,熱映,18,0,18,國票-敦北法人,2023-11-27,0037003700390063
6491,晶碩,51,34,17,國票-敦北法人,2023-11-27,0037003700390063
3078,僑威,18,2,16,國票-敦北法人,2023-11-27,0037003700390063
1781,合世,15,0,15,國票-敦北法人,2023-11-27,0037003700390063
2329,華泰,1195,41,1154,國票-敦北法人,2023-11-28,0037003700390063
3122,笙泉,700,130,570,國票-敦北法人,2023-11-28,0037003700390063
9919,康那香,554,8,546,國票-敦北法人,2023-11-28,0037003700390063
2634,漢翔,454,20,434,國票-敦北法人,2023-11-28,0037003700390063
6243,迅杰,408,3,405,國票-敦北法人,2023-11-28,0037003700390063
2313,華通,647,329,318,國票-敦北法人,2023-11-28,0037003700390063
4945,陞達科技,317,1,316,國票-敦北法人,2023-11-28,0037003700390063
6276,安鈦克,269,3,266,國票-敦北法人,2023-11-28,0037003700390063
2408,南亞科,286,37,249,國票-敦北法人,2023-11-28,0037003700390063
2421,建準,217,0,217,國票-敦北法人,2023-11-28,0037003700390063
2327,國巨,191,19,172,國票-敦北法人,2023-11-28,0037003700390063
6494,九齊,168,10,158,國票-敦北法人,2023-11-28,0037003700390063
2367,燿華,168,25,143,國票-敦北法人,2023-11-28,0037003700390063
1442,名軒,130,0,130,國票-敦北法人,2023-11-28,0037003700390063
8086,宏捷科,353,224,129,國票-敦北法人,2023-11-28,0037003700390063
00632R,元大台灣50反1,125,0,125,國票-敦北法人,2023-11-28,0037003700390063
4114,健喬,540,427,113,國票-敦北法人,2023-11-28,0037003700390063
2303,聯電,115,2,113,國票-敦北法人,2023-11-28,0037003700390063
2383,台光電,120,10,110,國票-敦北法人,2023-11-28,0037003700390063
2883,凱基金,108,0,108,國票-敦北法人,2023-11-28,0037003700390063
3037,欣興,111,10,101,國票-敦北法人,2023-11-28,0037003700390063
6530,創威,100,0,100,國票-敦北法人,2023-11-28,0037003700390063
2368,金像電,101,1,100,國票-敦北法人,2023-11-28,0037003700390063
00929,復華台灣科技優息,102,8,94,國票-敦北法人,2023-11-28,0037003700390063
6485,點序,103,12,91,國票-敦北法人,2023-11-28,0037003700390063
4919,新唐,90,0,90,國票-敦北法人,2023-11-28,0037003700390063
00679B,元大美債20年,69,0,69,國票-敦北法人,2023-11-28,0037003700390063
3363,上詮,68,0,68,國票-敦北法人,2023-11-28,0037003700390063
1795,美時,77,11,66,國票-敦北法人,2023-11-28,0037003700390063
3022,威強電,61,0,61,國票-敦北法人,2023-11-28,0037003700390063
2312,金寶,81,22,59,國票-敦北法人,2023-11-28,0037003700390063
4967,十銓,58,1,57,國票-敦北法人,2023-11-28,0037003700390063
3152,璟德,58,3,55,國票-敦北法人,2023-11-28,0037003700390063
2404,漢唐,50,0,50,國票-敦北法人,2023-11-28,0037003700390063
00761B,國泰A級公司債,50,0,50,國票-敦北法人,2023-11-28,0037003700390063
8210,勤誠,47,0,47,國票-敦北法人,2023-11-28,0037003700390063
3545,敦泰,52,5,47,國票-敦北法人,2023-11-28,0037003700390063
2612,中航,54,11,43,國票-敦北法人,2023-11-28,0037003700390063
6585,鼎基,52,12,40,國票-敦北法人,2023-11-28,0037003700390063
6550,北極星藥業-KY,60,21,39,國票-敦北法人,2023-11-28,0037003700390063
2645,長榮航太,40,1,39,國票-敦北法人,2023-11-28,0037003700390063
5608,四維航,39,1,38,國票-敦北法人,2023-11-28,0037003700390063
3548,兆利,79,43,36,國票-敦北法人,2023-11-28,0037003700390063
6451,訊芯-KY,35,2,33,國票-敦北法人,2023-11-28,0037003700390063
2731,雄獅,33,0,33,國票-敦北法人,2023-11-28,0037003700390063
1101,台泥,52,21,31,國票-敦北法人,2023-11-28,0037003700390063
6533,晶心科,44,14,30,國票-敦北法人,2023-11-28,0037003700390063
3105,穩懋,31,1,30,國票-敦北法人,2023-11-28,0037003700390063
2388,威盛,43,15,28,國票-敦北法人,2023-11-28,0037003700390063
6233,旺玖,25,0,25,國票-敦北法人,2023-11-28,0037003700390063
2408,南亞科,3367,59,3308,國票-敦北法人,2023-11-29,0037003700390063
2371,大同,1023,16,1007,國票-敦北法人,2023-11-29,0037003700390063
2344,華邦電,1022,21,1001,國票-敦北法人,2023-11-29,0037003700390063
2303,聯電,1005,56,949,國票-敦北法人,2023-11-29,0037003700390063
3231,緯創,1012,240,772,國票-敦北法人,2023-11-29,0037003700390063
6117,迎廣,609,10,599,國票-敦北法人,2023-11-29,0037003700390063
2369,菱生,635,228,407,國票-敦北法人,2023-11-29,0037003700390063
2472,立隆電,340,7,333,國票-敦北法人,2023-11-29,0037003700390063
3227,原相,351,45,306,國票-敦北法人,2023-11-29,0037003700390063
8046,南電,301,4,297,國票-敦北法人,2023-11-29,0037003700390063
6271,同欣電,362,68,294,國票-敦北法人,2023-11-29,0037003700390063
2436,偉詮電,321,41,280,國票-敦北法人,2023-11-29,0037003700390063
2377,微星,255,8,247,國票-敦北法人,2023-11-29,0037003700390063
8210,勤誠,261,25,236,國票-敦北法人,2023-11-29,0037003700390063
6643,M31,204,1,203,國票-敦北法人,2023-11-29,0037003700390063
6104,創惟,210,9,201,國票-敦北法人,2023-11-29,0037003700390063
2388,威盛,207,10,197,國票-敦北法人,2023-11-29,0037003700390063
3147,大綜,201,6,195,國票-敦北法人,2023-11-29,0037003700390063
3035,智原,212,47,165,國票-敦北法人,2023-11-29,0037003700390063
1504,東元,150,0,150,國票-敦北法人,2023-11-29,0037003700390063
2308,台達電,152,2,150,國票-敦北法人,2023-11-29,0037003700390063
2412,中華電,150,3,147,國票-敦北法人,2023-11-29,0037003700390063
6515,穎崴,142,1,141,國票-敦北法人,2023-11-29,0037003700390063
3693,營邦,119,1,118,國票-敦北法人,2023-11-29,0037003700390063
2481,強茂,106,3,103,國票-敦北法人,2023-11-29,0037003700390063
6415,矽力*-KY,107,7,100,國票-敦北法人,2023-11-29,0037003700390063
2301,光寶科,102,5,97,國票-敦北法人,2023-11-29,0037003700390063
2449,京元電子,103,11,92,國票-敦北法人,2023-11-29,0037003700390063
00929,復華台灣科技優息,110,20,90,國票-敦北法人,2023-11-29,0037003700390063
9938,百和,90,0,90,國票-敦北法人,2023-11-29,0037003700390063
1325,恆大,395,305,90,國票-敦北法人,2023-11-29,0037003700390063
5478,智冠,88,0,88,國票-敦北法人,2023-11-29,0037003700390063
5347,世界,106,21,85,國票-敦北法人,2023-11-29,0037003700390063
1591,駿吉-KY,81,0,81,國票-敦北法人,2023-11-29,0037003700390063
2883,凱基金,91,12,79,國票-敦北法人,2023-11-29,0037003700390063
2368,金像電,75,3,72,國票-敦北法人,2023-11-29,0037003700390063
6789,采鈺,105,43,62,國票-敦北法人,2023-11-29,0037003700390063
2645,長榮航太,61,0,61,國票-敦北法人,2023-11-29,0037003700390063
2360,致茂,55,0,55,國票-敦北法人,2023-11-29,0037003700390063
6426,統新,80,25,55,國票-敦北法人,2023-11-29,0037003700390063
1513,中興電,55,2,53,國票-敦北法人,2023-11-29,0037003700390063
6269,台郡,50,0,50,國票-敦北法人,2023-11-29,0037003700390063
5381,合正,66,18,48,國票-敦北法人,2023-11-29,0037003700390063
4919,新唐,60,15,45,國票-敦北法人,2023-11-29,0037003700390063
2338,光罩,70,27,43,國票-敦北法人,2023-11-29,0037003700390063
2393,億光,40,0,40,國票-敦北法人,2023-11-29,0037003700390063
4979,華星光,163,125,38,國票-敦北法人,2023-11-29,0037003700390063
2731,雄獅,35,0,35,國票-敦北法人,2023-11-29,0037003700390063
6811,宏�硌穈T,33,0,33,國票-敦北法人,2023-11-29,0037003700390063
2610,華航,42,10,32,國票-敦北法人,2023-11-29,0037003700390063
00878,國泰永續高股息,1200,6,1194,國票-敦北法人,2023-11-30,0037003700390063
9919,康那香,1018,187,831,國票-敦北法人,2023-11-30,0037003700390063
5478,智冠,617,4,613,國票-敦北法人,2023-11-30,0037003700390063
2383,台光電,571,20,551,國票-敦北法人,2023-11-30,0037003700390063
2356,英業達,500,10,490,國票-敦北法人,2023-11-30,0037003700390063
1582,信錦,457,1,456,國票-敦北法人,2023-11-30,0037003700390063
3035,智原,349,25,324,國票-敦北法人,2023-11-30,0037003700390063
3033,威健,321,0,321,國票-敦北法人,2023-11-30,0037003700390063
2368,金像電,308,40,268,國票-敦北法人,2023-11-30,0037003700390063
8086,宏捷科,250,20,230,國票-敦北法人,2023-11-30,0037003700390063
00929,復華台灣科技優息,213,1,212,國票-敦北法人,2023-11-30,0037003700390063
6111,大宇資,247,41,206,國票-敦北法人,2023-11-30,0037003700390063
2029,盛餘,156,3,153,國票-敦北法人,2023-11-30,0037003700390063
8932,智通*,142,0,142,國票-敦北法人,2023-11-30,0037003700390063
6233,旺玖,156,15,141,國票-敦北法人,2023-11-30,0037003700390063
3548,兆利,146,13,133,國票-敦北法人,2023-11-30,0037003700390063
2834,臺企銀,124,0,124,國票-敦北法人,2023-11-30,0037003700390063
1519,華城,212,101,111,國票-敦北法人,2023-11-30,0037003700390063
3715,定穎投控,442,343,99,國票-敦北法人,2023-11-30,0037003700390063
6117,迎廣,702,609,93,國票-敦北法人,2023-11-30,0037003700390063
6693,廣閎科,91,0,91,國票-敦北法人,2023-11-30,0037003700390063
3704,合勤控,181,91,90,國票-敦北法人,2023-11-30,0037003700390063
2327,國巨,102,16,86,國票-敦北法人,2023-11-30,0037003700390063
1795,美時,108,23,85,國票-敦北法人,2023-11-30,0037003700390063
6214,精誠,81,0,81,國票-敦北法人,2023-11-30,0037003700390063
6180,橘子,155,93,62,國票-敦北法人,2023-11-30,0037003700390063
3042,晶技,56,0,56,國票-敦北法人,2023-11-30,0037003700390063
6770,力積電,60,4,56,國票-敦北法人,2023-11-30,0037003700390063
8096,擎亞,62,7,55,國票-敦北法人,2023-11-30,0037003700390063
00919,群益台灣精選高息,52,0,52,國票-敦北法人,2023-11-30,0037003700390063
8069,元太,50,2,48,國票-敦北法人,2023-11-30,0037003700390063
2883,凱基金,46,2,44,國票-敦北法人,2023-11-30,0037003700390063
2472,立隆電,39,1,38,國票-敦北法人,2023-11-30,0037003700390063
6538,倉和,35,1,34,國票-敦北法人,2023-11-30,0037003700390063
6509,聚和,33,0,33,國票-敦北法人,2023-11-30,0037003700390063
4503,金雨,30,1,29,國票-敦北法人,2023-11-30,0037003700390063
3362,先進光,28,1,27,國票-敦北法人,2023-11-30,0037003700390063
5439,高技,30,4,26,國票-敦北法人,2023-11-30,0037003700390063
1618,合機,27,3,24,國票-敦北法人,2023-11-30,0037003700390063
4908,前鼎,38,14,24,國票-敦北法人,2023-11-30,0037003700390063
6799,來頡,23,0,23,國票-敦北法人,2023-11-30,0037003700390063
1471,首利,20,0,20,國票-敦北法人,2023-11-30,0037003700390063
2439,美律,20,0,20,國票-敦北法人,2023-11-30,0037003700390063
2645,長榮航太,20,0,20,國票-敦北法人,2023-11-30,0037003700390063
00637L,元大滬深300正2,20,0,20,國票-敦北法人,2023-11-30,0037003700390063
6625,必應,20,2,18,國票-敦北法人,2023-11-30,0037003700390063
2417,圓剛,16,1,15,國票-敦北法人,2023-11-30,0037003700390063
3596,智易,15,0,15,國票-敦北法人,2023-11-30,0037003700390063
3515,華擎,17,3,14,國票-敦北法人,2023-11-30,0037003700390063
2409,友達,13,0,13,國票-敦北法人,2023-11-30,0037003700390063
3231,緯創,842,1,841,國票-敦北法人,2023-12-01,0037003700390063
2329,華泰,942,192,750,國票-敦北法人,2023-12-01,0037003700390063
3005,神基,721,12,709,國票-敦北法人,2023-12-01,0037003700390063
2355,敬鵬,742,61,681,國票-敦北法人,2023-12-01,0037003700390063
2481,強茂,663,6,657,國票-敦北法人,2023-12-01,0037003700390063
3715,定穎投控,950,341,609,國票-敦北法人,2023-12-01,0037003700390063
2338,光罩,582,9,573,國票-敦北法人,2023-12-01,0037003700390063
5478,智冠,519,1,518,國票-敦北法人,2023-12-01,0037003700390063
6143,振曜,457,8,449,國票-敦北法人,2023-12-01,0037003700390063
2641,正德,551,102,449,國票-敦北法人,2023-12-01,0037003700390063
2313,華通,525,86,439,國票-敦北法人,2023-12-01,0037003700390063
5439,高技,415,8,407,國票-敦北法人,2023-12-01,0037003700390063
4909,新復興,405,9,396,國票-敦北法人,2023-12-01,0037003700390063
3363,上詮,368,43,325,國票-敦北法人,2023-12-01,0037003700390063
00715L,期街口布蘭特正2,316,0,316,國票-敦北法人,2023-12-01,0037003700390063
2368,金像電,235,3,232,國票-敦北法人,2023-12-01,0037003700390063
6117,迎廣,1012,802,210,國票-敦北法人,2023-12-01,0037003700390063
2367,燿華,347,174,173,國票-敦北法人,2023-12-01,0037003700390063
3583,辛耘,174,6,168,國票-敦北法人,2023-12-01,0037003700390063
1795,美時,171,39,132,國票-敦北法人,2023-12-01,0037003700390063
4938,和碩,100,2,98,國票-敦北法人,2023-12-01,0037003700390063
8436,大江,119,27,92,國票-敦北法人,2023-12-01,0037003700390063
4919,新唐,114,34,80,國票-敦北法人,2023-12-01,0037003700390063
2382,廣達,119,40,79,國票-敦北法人,2023-12-01,0037003700390063
3264,欣銓,75,2,73,國票-敦北法人,2023-12-01,0037003700390063
3050,鈺德,75,3,72,國票-敦北法人,2023-12-01,0037003700390063
8299,群聯,61,1,60,國票-敦北法人,2023-12-01,0037003700390063
00712,復華富時不動產,63,5,58,國票-敦北法人,2023-12-01,0037003700390063
2383,台光電,68,13,55,國票-敦北法人,2023-12-01,0037003700390063
1905,華紙,60,5,55,國票-敦北法人,2023-12-01,0037003700390063
6285,啟��,53,0,53,國票-敦北法人,2023-12-01,0037003700390063
6415,矽力*-KY,50,0,50,國票-敦北法人,2023-12-01,0037003700390063
2436,偉詮電,74,29,45,國票-敦北法人,2023-12-01,0037003700390063
00919,群益台灣精選高息,44,2,42,國票-敦北法人,2023-12-01,0037003700390063
4109,加捷生醫,50,10,40,國票-敦北法人,2023-12-01,0037003700390063
3289,宜特,40,0,40,國票-敦北法人,2023-12-01,0037003700390063
3178,公準,35,1,34,國票-敦北法人,2023-12-01,0037003700390063
2530,華建,32,0,32,國票-敦北法人,2023-12-01,0037003700390063
3483,力致,31,0,31,國票-敦北法人,2023-12-01,0037003700390063
2031,新光鋼,30,0,30,國票-敦北法人,2023-12-01,0037003700390063
4167,松瑞藥,72,42,30,國票-敦北法人,2023-12-01,0037003700390063
4971,IET-KY,29,0,29,國票-敦北法人,2023-12-01,0037003700390063
8050,廣積,30,1,29,國票-敦北法人,2023-12-01,0037003700390063
3362,先進光,34,5,29,國票-敦北法人,2023-12-01,0037003700390063
3548,兆利,35,10,25,國票-敦北法人,2023-12-01,0037003700390063
3276,宇環,23,0,23,國票-敦北法人,2023-12-01,0037003700390063
2439,美律,23,0,23,國票-敦北法人,2023-12-01,0037003700390063
5210,寶碩,21,0,21,國票-敦北法人,2023-12-01,0037003700390063
6491,晶碩,21,0,21,國票-敦北法人,2023-12-01,0037003700390063
2492,華新科,30,10,20,國票-敦北法人,2023-12-01,0037003700390063
2301,光寶科,2009,3,2006,國票-敦北法人,2023-12-04,0037003700390063
2739,寒舍,1475,0,1475,國票-敦北法人,2023-12-04,0037003700390063
2605,新興,1369,60,1309,國票-敦北法人,2023-12-04,0037003700390063
5388,中磊,888,1,887,國票-敦北法人,2023-12-04,0037003700390063
2367,燿華,869,33,836,國票-敦北法人,2023-12-04,0037003700390063
2617,台航,673,14,659,國票-敦北法人,2023-12-04,0037003700390063
4909,新復興,1021,426,595,國票-敦北法人,2023-12-04,0037003700390063
2641,正德,964,382,582,國票-敦北法人,2023-12-04,0037003700390063
1727,中華化,536,3,533,國票-敦北法人,2023-12-04,0037003700390063
2612,中航,404,12,392,國票-敦北法人,2023-12-04,0037003700390063
6194,育富,338,0,338,國票-敦北法人,2023-12-04,0037003700390063
9934,成霖,236,0,236,國票-敦北法人,2023-12-04,0037003700390063
6569,醫揚,218,0,218,國票-敦北法人,2023-12-04,0037003700390063
3450,聯鈞,211,10,201,國票-敦北法人,2023-12-04,0037003700390063
00680L,元大美債20正2,200,7,193,國票-敦北法人,2023-12-04,0037003700390063
4919,新唐,192,26,166,國票-敦北法人,2023-12-04,0037003700390063
3105,穩懋,241,83,158,國票-敦北法人,2023-12-04,0037003700390063
2356,英業達,150,0,150,國票-敦北法人,2023-12-04,0037003700390063
2618,長榮航,185,48,137,國票-敦北法人,2023-12-04,0037003700390063
1795,美時,161,28,133,國票-敦北法人,2023-12-04,0037003700390063
3035,智原,134,9,125,國票-敦北法人,2023-12-04,0037003700390063
1519,華城,147,22,125,國票-敦北法人,2023-12-04,0037003700390063
8996,高力,122,3,119,國票-敦北法人,2023-12-04,0037003700390063
8936,國統,124,11,113,國票-敦北法人,2023-12-04,0037003700390063
2417,圓剛,124,15,109,國票-敦北法人,2023-12-04,0037003700390063
2312,金寶,107,2,105,國票-敦北法人,2023-12-04,0037003700390063
2330,台積電,105,0,105,國票-敦北法人,2023-12-04,0037003700390063
1449,佳和,102,0,102,國票-敦北法人,2023-12-04,0037003700390063
0050,元大台灣50,100,2,98,國票-敦北法人,2023-12-04,0037003700390063
6143,振曜,90,1,89,國票-敦北法人,2023-12-04,0037003700390063
5608,四維航,108,22,86,國票-敦北法人,2023-12-04,0037003700390063
8390,金益鼎,91,6,85,國票-敦北法人,2023-12-04,0037003700390063
6811,宏�硌穈T,99,20,79,國票-敦北法人,2023-12-04,0037003700390063
2645,長榮航太,81,3,78,國票-敦北法人,2023-12-04,0037003700390063
2353,宏��,75,0,75,國票-敦北法人,2023-12-04,0037003700390063
1504,東元,72,0,72,國票-敦北法人,2023-12-04,0037003700390063
2467,志聖,72,0,72,國票-敦北法人,2023-12-04,0037003700390063
3013,晟銘電,81,11,70,國票-敦北法人,2023-12-04,0037003700390063
3583,辛耘,71,5,66,國票-敦北法人,2023-12-04,0037003700390063
8932,智通*,65,0,65,國票-敦北法人,2023-12-04,0037003700390063
2376,技嘉,67,3,64,國票-敦北法人,2023-12-04,0037003700390063
5230,雷笛克光學,67,6,61,國票-敦北法人,2023-12-04,0037003700390063
4967,十銓,59,1,58,國票-敦北法人,2023-12-04,0037003700390063
6491,晶碩,73,20,53,國票-敦北法人,2023-12-04,0037003700390063
2630,亞航,53,2,51,國票-敦北法人,2023-12-04,0037003700390063
2731,雄獅,50,0,50,國票-敦北法人,2023-12-04,0037003700390063
1503,士電,54,4,50,國票-敦北法人,2023-12-04,0037003700390063
2105,正新,50,0,50,國票-敦北法人,2023-12-04,0037003700390063
2883,凱基金,47,1,46,國票-敦北法人,2023-12-04,0037003700390063
00715L,期街口布蘭特正2,64,20,44,國票-敦北法人,2023-12-04,0037003700390063
1514,亞力,1147,377,770,國票-敦北法人,2023-12-05,0037003700390063
6117,迎廣,746,80,666,國票-敦北法人,2023-12-05,0037003700390063
2739,寒舍,301,0,301,國票-敦北法人,2023-12-05,0037003700390063
9958,世紀鋼,347,61,286,國票-敦北法人,2023-12-05,0037003700390063
1503,士電,458,225,233,國票-敦北法人,2023-12-05,0037003700390063
2303,聯電,213,0,213,國票-敦北法人,2023-12-05,0037003700390063
2367,燿華,541,371,170,國票-敦北法人,2023-12-05,0037003700390063
1519,華城,192,48,144,國票-敦北法人,2023-12-05,0037003700390063
2606,裕民,206,90,116,國票-敦北法人,2023-12-05,0037003700390063
3675,德微,111,0,111,國票-敦北法人,2023-12-05,0037003700390063
00929,復華台灣科技優息,107,0,107,國票-敦北法人,2023-12-05,0037003700390063
2356,英業達,102,1,101,國票-敦北法人,2023-12-05,0037003700390063
00671R,富邦NASDAQ反1,100,0,100,國票-敦北法人,2023-12-05,0037003700390063
3450,聯鈞,91,1,90,國票-敦北法人,2023-12-05,0037003700390063
2457,飛宏,81,0,81,國票-敦北法人,2023-12-05,0037003700390063
4909,新復興,143,82,61,國票-敦北法人,2023-12-05,0037003700390063
3050,鈺德,63,4,59,國票-敦北法人,2023-12-05,0037003700390063
3645,達邁,58,0,58,國票-敦北法人,2023-12-05,0037003700390063
8996,高力,65,10,55,國票-敦北法人,2023-12-05,0037003700390063
6806,森崴能源,74,20,54,國票-敦北法人,2023-12-05,0037003700390063
00937B,群益ESG投等債20,422,370,52,國票-敦北法人,2023-12-05,0037003700390063
6811,宏�硌穈T,94,43,51,國票-敦北法人,2023-12-05,0037003700390063
5439,高技,51,1,50,國票-敦北法人,2023-12-05,0037003700390063
3217,優群,59,10,49,國票-敦北法人,2023-12-05,0037003700390063
2630,亞航,50,1,49,國票-敦北法人,2023-12-05,0037003700390063
3188,鑫龍騰,42,0,42,國票-敦北法人,2023-12-05,0037003700390063
3376,新日興,46,6,40,國票-敦北法人,2023-12-05,0037003700390063
6116,彩晶,40,0,40,國票-敦北法人,2023-12-05,0037003700390063
2601,益航,57,18,39,國票-敦北法人,2023-12-05,0037003700390063
4768,晶呈科技,45,10,35,國票-敦北法人,2023-12-05,0037003700390063
5388,中磊,35,1,34,國票-敦北法人,2023-12-05,0037003700390063
6491,晶碩,32,0,32,國票-敦北法人,2023-12-05,0037003700390063
6143,振曜,54,23,31,國票-敦北法人,2023-12-05,0037003700390063
3712,永崴投控,32,4,28,國票-敦北法人,2023-12-05,0037003700390063
1529,樂事綠能,28,0,28,國票-敦北法人,2023-12-05,0037003700390063
5478,智冠,27,0,27,國票-敦北法人,2023-12-05,0037003700390063
2611,志信,31,5,26,國票-敦北法人,2023-12-05,0037003700390063
1477,聚陽,31,6,25,國票-敦北法人,2023-12-05,0037003700390063
2377,微星,25,0,25,國票-敦北法人,2023-12-05,0037003700390063
1795,美時,39,14,25,國票-敦北法人,2023-12-05,0037003700390063
3037,欣興,21,0,21,國票-敦北法人,2023-12-05,0037003700390063
00637L,元大滬深300正2,23,3,20,國票-敦北法人,2023-12-05,0037003700390063
1723,中碳,20,0,20,國票-敦北法人,2023-12-05,0037003700390063
2323,中環,20,0,20,國票-敦北法人,2023-12-05,0037003700390063
2010,春源,20,0,20,國票-敦北法人,2023-12-05,0037003700390063
2634,漢翔,20,0,20,國票-敦北法人,2023-12-05,0037003700390063
5381,合正,20,0,20,國票-敦北法人,2023-12-05,0037003700390063
3047,訊舟,20,1,19,國票-敦北法人,2023-12-05,0037003700390063
5521,工信,20,1,19,國票-敦北法人,2023-12-05,0037003700390063
2344,華邦電,19,0,19,國票-敦北法人,2023-12-05,0037003700390063
3041,揚智,1021,15,1006,國票-敦北法人,2023-12-06,0037003700390063
2891,中信金,1000,5,995,國票-敦北法人,2023-12-06,0037003700390063
8054,安國,670,75,595,國票-敦北法人,2023-12-06,0037003700390063
6243,迅杰,720,181,539,國票-敦北法人,2023-12-06,0037003700390063
2368,金像電,510,3,507,國票-敦北法人,2023-12-06,0037003700390063
00680L,元大美債20正2,407,0,407,國票-敦北法人,2023-12-06,0037003700390063
6695,芯鼎,315,0,315,國票-敦北法人,2023-12-06,0037003700390063
5439,高技,390,89,301,國票-敦北法人,2023-12-06,0037003700390063
6485,點序,296,15,281,國票-敦北法人,2023-12-06,0037003700390063
6462,神盾,254,25,229,國票-敦北法人,2023-12-06,0037003700390063
3715,定穎投控,241,19,222,國票-敦北法人,2023-12-06,0037003700390063
6112,邁達特,235,28,207,國票-敦北法人,2023-12-06,0037003700390063
3231,緯創,266,66,200,國票-敦北法人,2023-12-06,0037003700390063
2102,泰豐,200,0,200,國票-敦北法人,2023-12-06,0037003700390063
1210,大成,207,24,183,國票-敦北法人,2023-12-06,0037003700390063
6233,旺玖,198,15,183,國票-敦北法人,2023-12-06,0037003700390063
2367,燿華,225,53,172,國票-敦北法人,2023-12-06,0037003700390063
4561,健椿,133,0,133,國票-敦北法人,2023-12-06,0037003700390063
5272,笙科,150,22,128,國票-敦北法人,2023-12-06,0037003700390063
2408,南亞科,128,3,125,國票-敦北法人,2023-12-06,0037003700390063
3450,聯鈞,257,135,122,國票-敦北法人,2023-12-06,0037003700390063
8150,南茂,120,0,120,國票-敦北法人,2023-12-06,0037003700390063
3017,奇鋐,119,2,117,國票-敦北法人,2023-12-06,0037003700390063
2425,承啟,110,1,109,國票-敦北法人,2023-12-06,0037003700390063
3540,曜越,110,7,103,國票-敦北法人,2023-12-06,0037003700390063
2327,國巨,101,0,101,國票-敦北法人,2023-12-06,0037003700390063
1477,聚陽,154,54,100,國票-敦北法人,2023-12-06,0037003700390063
2393,億光,100,2,98,國票-敦北法人,2023-12-06,0037003700390063
6531,愛普*,87,3,84,國票-敦北法人,2023-12-06,0037003700390063
1727,中華化,75,0,75,國票-敦北法人,2023-12-06,0037003700390063
6811,宏�硌穈T,163,95,68,國票-敦北法人,2023-12-06,0037003700390063
6684,安格,73,8,65,國票-敦北法人,2023-12-06,0037003700390063
3287,廣寰科,65,0,65,國票-敦北法人,2023-12-06,0037003700390063
3479,安勤,64,2,62,國票-敦北法人,2023-12-06,0037003700390063
4967,十銓,238,183,55,國票-敦北法人,2023-12-06,0037003700390063
3013,晟銘電,118,63,55,國票-敦北法人,2023-12-06,0037003700390063
2376,技嘉,79,28,51,國票-敦北法人,2023-12-06,0037003700390063
3645,達邁,46,0,46,國票-敦北法人,2023-12-06,0037003700390063
1522,堤維西,58,12,46,國票-敦北法人,2023-12-06,0037003700390063
6274,台燿,52,6,46,國票-敦北法人,2023-12-06,0037003700390063
2887E,台新戊特,45,0,45,國票-敦北法人,2023-12-06,0037003700390063
1504,東元,40,4,36,國票-敦北法人,2023-12-06,0037003700390063
2409,友達,36,0,36,國票-敦北法人,2023-12-06,0037003700390063
6104,創惟,39,4,35,國票-敦北法人,2023-12-06,0037003700390063
1325,恆大,35,1,34,國票-敦北法人,2023-12-06,0037003700390063
6643,M31,68,34,34,國票-敦北法人,2023-12-06,0037003700390063
2465,麗臺,39,5,34,國票-敦北法人,2023-12-06,0037003700390063
00687B,國泰20年美債,32,0,32,國票-敦北法人,2023-12-06,0037003700390063
3217,優群,49,18,31,國票-敦北法人,2023-12-06,0037003700390063
8426,紅木-KY,30,0,30,國票-敦北法人,2023-12-06,0037003700390063
2356,英業達,515,15,500,國票-敦北法人,2023-12-07,0037003700390063
2376,技嘉,524,72,452,國票-敦北法人,2023-12-07,0037003700390063
00715L,期街口布蘭特正2,350,0,350,國票-敦北法人,2023-12-07,0037003700390063
2382,廣達,300,1,299,國票-敦北法人,2023-12-07,0037003700390063
2330,台積電,324,36,288,國票-敦北法人,2023-12-07,0037003700390063
2327,國巨,266,0,266,國票-敦北法人,2023-12-07,0037003700390063
2634,漢翔,261,10,251,國票-敦北法人,2023-12-07,0037003700390063
1477,聚陽,265,19,246,國票-敦北法人,2023-12-07,0037003700390063
00632R,元大台灣50反1,220,0,220,國票-敦北法人,2023-12-07,0037003700390063
3264,欣銓,211,0,211,國票-敦北法人,2023-12-07,0037003700390063
2308,台達電,150,0,150,國票-敦北法人,2023-12-07,0037003700390063
2739,寒舍,126,0,126,國票-敦北法人,2023-12-07,0037003700390063
2465,麗臺,122,0,122,國票-敦北法人,2023-12-07,0037003700390063
5269,祥碩,119,10,109,國票-敦北法人,2023-12-07,0037003700390063
00918,大華優利高填息30,103,1,102,國票-敦北法人,2023-12-07,0037003700390063
8936,國統,248,152,96,國票-敦北法人,2023-12-07,0037003700390063
1795,美時,127,34,93,國票-敦北法人,2023-12-07,0037003700390063
6121,新普,88,0,88,國票-敦北法人,2023-12-07,0037003700390063
8261,富鼎,100,17,83,國票-敦北法人,2023-12-07,0037003700390063
2611,志信,87,10,77,國票-敦北法人,2023-12-07,0037003700390063
00687B,國泰20年美債,69,0,69,國票-敦北法人,2023-12-07,0037003700390063
2530,華建,70,10,60,國票-敦北法人,2023-12-07,0037003700390063
6139,亞翔,57,0,57,國票-敦北法人,2023-12-07,0037003700390063
2345,智邦,57,0,57,國票-敦北法人,2023-12-07,0037003700390063
1514,亞力,137,83,54,國票-敦北法人,2023-12-07,0037003700390063
9958,世紀鋼,53,0,53,國票-敦北法人,2023-12-07,0037003700390063
6538,倉和,73,21,52,國票-敦北法人,2023-12-07,0037003700390063
2498,宏達電,51,0,51,國票-敦北法人,2023-12-07,0037003700390063
0056,元大高股息,51,0,51,國票-敦北法人,2023-12-07,0037003700390063
6806,森崴能源,57,7,50,國票-敦北法人,2023-12-07,0037003700390063
3406,玉晶光,50,0,50,國票-敦北法人,2023-12-07,0037003700390063
8155,博智,58,9,49,國票-敦北法人,2023-12-07,0037003700390063
3661,世芯-KY,53,5,48,國票-敦北法人,2023-12-07,0037003700390063
1529,樂事綠能,67,22,45,國票-敦北法人,2023-12-07,0037003700390063
4129,聯合,42,0,42,國票-敦北法人,2023-12-07,0037003700390063
8473,山林水,40,0,40,國票-敦北法人,2023-12-07,0037003700390063
00919,群益台灣精選高息,37,0,37,國票-敦北法人,2023-12-07,0037003700390063
00929,復華台灣科技優息,40,4,36,國票-敦北法人,2023-12-07,0037003700390063
1612,宏泰,35,0,35,國票-敦北法人,2023-12-07,0037003700390063
6584,南俊國際,35,0,35,國票-敦北法人,2023-12-07,0037003700390063
6485,點序,46,15,31,國票-敦北法人,2023-12-07,0037003700390063
5608,四維航,28,0,28,國票-敦北法人,2023-12-07,0037003700390063
9945,潤泰新,30,2,28,國票-敦北法人,2023-12-07,0037003700390063
3362,先進光,33,5,28,國票-敦北法人,2023-12-07,0037003700390063
1325,恆大,31,5,26,國票-敦北法人,2023-12-07,0037003700390063
2329,華泰,63,39,24,國票-敦北法人,2023-12-07,0037003700390063
3324,雙鴻,29,5,24,國票-敦北法人,2023-12-07,0037003700390063
2888,新光金,24,0,24,國票-敦北法人,2023-12-07,0037003700390063
2605,新興,51,27,24,國票-敦北法人,2023-12-07,0037003700390063
2314,台揚,25,3,22,國票-敦北法人,2023-12-07,0037003700390063
00715L,期街口布蘭特正2,1207,0,1207,國票-敦北法人,2023-12-08,0037003700390063
00688L,國泰20年美債正2,1200,0,1200,國票-敦北法人,2023-12-08,0037003700390063
2382,廣達,595,2,593,國票-敦北法人,2023-12-08,0037003700390063
1618,合機,514,3,511,國票-敦北法人,2023-12-08,0037003700390063
2324,仁寶,502,0,502,國票-敦北法人,2023-12-08,0037003700390063
6278,台表科,481,0,481,國票-敦北法人,2023-12-08,0037003700390063
8261,富鼎,445,1,444,國票-敦北法人,2023-12-08,0037003700390063
3443,創意,382,30,352,國票-敦北法人,2023-12-08,0037003700390063
1524,耿鼎,322,41,281,國票-敦北法人,2023-12-08,0037003700390063
1503,士電,293,31,262,國票-敦北法人,2023-12-08,0037003700390063
2014,中鴻,200,0,200,國票-敦北法人,2023-12-08,0037003700390063
4938,和碩,200,0,200,國票-敦北法人,2023-12-08,0037003700390063
1795,美時,215,25,190,國票-敦北法人,2023-12-08,0037003700390063
8210,勤誠,162,4,158,國票-敦北法人,2023-12-08,0037003700390063
3035,智原,157,23,134,國票-敦北法人,2023-12-08,0037003700390063
6515,穎崴,203,87,116,國票-敦北法人,2023-12-08,0037003700390063
2739,寒舍,107,1,106,國票-敦北法人,2023-12-08,0037003700390063
3006,晶豪科,113,11,102,國票-敦北法人,2023-12-08,0037003700390063
3711,日月光投控,100,1,99,國票-敦北法人,2023-12-08,0037003700390063
1504,東元,90,3,87,國票-敦北法人,2023-12-08,0037003700390063
3041,揚智,185,99,86,國票-敦北法人,2023-12-08,0037003700390063
6462,神盾,111,28,83,國票-敦北法人,2023-12-08,0037003700390063
2618,長榮航,202,121,81,國票-敦北法人,2023-12-08,0037003700390063
6684,安格,98,18,80,國票-敦北法人,2023-12-08,0037003700390063
1101,台泥,70,2,68,國票-敦北法人,2023-12-08,0037003700390063
5608,四維航,64,1,63,國票-敦北法人,2023-12-08,0037003700390063
3059,華晶科,60,0,60,國票-敦北法人,2023-12-08,0037003700390063
3680,家登,60,4,56,國票-敦北法人,2023-12-08,0037003700390063
2368,金像電,457,404,53,國票-敦北法人,2023-12-08,0037003700390063
2355,敬鵬,75,24,51,國票-敦北法人,2023-12-08,0037003700390063
2612,中航,50,0,50,國票-敦北法人,2023-12-08,0037003700390063
2495,普安,50,0,50,國票-敦北法人,2023-12-08,0037003700390063
5289,宜鼎,50,5,45,國票-敦北法人,2023-12-08,0037003700390063
1723,中碳,45,0,45,國票-敦北法人,2023-12-08,0037003700390063
00632R,元大台灣50反1,39,0,39,國票-敦北法人,2023-12-08,0037003700390063
3231,緯創,64,26,38,國票-敦北法人,2023-12-08,0037003700390063
8299,群聯,38,1,37,國票-敦北法人,2023-12-08,0037003700390063
3588,通嘉,45,10,35,國票-敦北法人,2023-12-08,0037003700390063
3017,奇鋐,54,19,35,國票-敦北法人,2023-12-08,0037003700390063
2356,英業達,34,0,34,國票-敦北法人,2023-12-08,0037003700390063
3037,欣興,34,1,33,國票-敦北法人,2023-12-08,0037003700390063
6485,點序,77,44,33,國票-敦北法人,2023-12-08,0037003700390063
2884,玉山金,32,0,32,國票-敦北法人,2023-12-08,0037003700390063
2388,威盛,40,9,31,國票-敦北法人,2023-12-08,0037003700390063
6245,立端,30,0,30,國票-敦北法人,2023-12-08,0037003700390063
6683,雍智科技,29,0,29,國票-敦北法人,2023-12-08,0037003700390063
00919,群益台灣精選高息,54,26,28,國票-敦北法人,2023-12-08,0037003700390063
3479,安勤,37,10,27,國票-敦北法人,2023-12-08,0037003700390063
2454,聯發科,27,1,26,國票-敦北法人,2023-12-08,0037003700390063
2421,建準,27,3,24,國票-敦北法人,2023-12-08,0037003700390063
00715L,期街口布蘭特正2,1332,0,1332,國票-敦北法人,2023-12-11,0037003700390063
5521,工信,756,20,736,國票-敦北法人,2023-12-11,0037003700390063
3287,廣寰科,505,0,505,國票-敦北法人,2023-12-11,0037003700390063
6668,中揚光,467,1,466,國票-敦北法人,2023-12-11,0037003700390063
2887,台新金,401,1,400,國票-敦北法人,2023-12-11,0037003700390063
4979,華星光,526,145,381,國票-敦北法人,2023-12-11,0037003700390063
5426,振發,390,16,374,國票-敦北法人,2023-12-11,0037003700390063
6180,橘子,300,0,300,國票-敦北法人,2023-12-11,0037003700390063
2371,大同,245,7,238,國票-敦北法人,2023-12-11,0037003700390063
6643,M31,261,29,232,國票-敦北法人,2023-12-11,0037003700390063
8112,至上,244,19,225,國票-敦北法人,2023-12-11,0037003700390063
2301,光寶科,205,3,202,國票-敦北法人,2023-12-11,0037003700390063
3675,德微,100,0,100,國票-敦北法人,2023-12-11,0037003700390063
00936,台新永續高息中小,100,0,100,國票-敦北法人,2023-12-11,0037003700390063
8085,福華,100,0,100,國票-敦北法人,2023-12-11,0037003700390063
6569,醫揚,91,1,90,國票-敦北法人,2023-12-11,0037003700390063
1591,駿吉-KY,80,2,78,國票-敦北法人,2023-12-11,0037003700390063
6139,亞翔,115,52,63,國票-敦北法人,2023-12-11,0037003700390063
2912,統一超,60,0,60,國票-敦北法人,2023-12-11,0037003700390063
2618,長榮航,98,41,57,國票-敦北法人,2023-12-11,0037003700390063
3037,欣興,98,42,56,國票-敦北法人,2023-12-11,0037003700390063
3044,健鼎,47,0,47,國票-敦北法人,2023-12-11,0037003700390063
2345,智邦,44,0,44,國票-敦北法人,2023-12-11,0037003700390063
2530,華建,56,13,43,國票-敦北法人,2023-12-11,0037003700390063
3059,華晶科,41,0,41,國票-敦北法人,2023-12-11,0037003700390063
2605,新興,43,4,39,國票-敦北法人,2023-12-11,0037003700390063
6538,倉和,38,7,31,國票-敦北法人,2023-12-11,0037003700390063
2458,義隆,35,4,31,國票-敦北法人,2023-12-11,0037003700390063
1416,廣豐,30,0,30,國票-敦北法人,2023-12-11,0037003700390063
3437,榮創,31,1,30,國票-敦北法人,2023-12-11,0037003700390063
6231,系微,31,1,30,國票-敦北法人,2023-12-11,0037003700390063
6462,神盾,178,149,29,國票-敦北法人,2023-12-11,0037003700390063
4967,十銓,72,45,27,國票-敦北法人,2023-12-11,0037003700390063
3362,先進光,28,2,26,國票-敦北法人,2023-12-11,0037003700390063
1727,中華化,25,0,25,國票-敦北法人,2023-12-11,0037003700390063
2612,中航,23,0,23,國票-敦北法人,2023-12-11,0037003700390063
2365,昆盈,24,2,22,國票-敦北法人,2023-12-11,0037003700390063
2313,華通,23,2,21,國票-敦北法人,2023-12-11,0037003700390063
3228,金麗科,37,17,20,國票-敦北法人,2023-12-11,0037003700390063
6189,豐藝,20,0,20,國票-敦北法人,2023-12-11,0037003700390063
8096,擎亞,36,17,19,國票-敦北法人,2023-12-11,0037003700390063
2363,矽統,35,17,18,國票-敦北法人,2023-12-11,0037003700390063
3529,力旺,18,0,18,國票-敦北法人,2023-12-11,0037003700390063
3693,營邦,18,2,16,國票-敦北法人,2023-12-11,0037003700390063
2606,裕民,18,2,16,國票-敦北法人,2023-12-11,0037003700390063
9914,美利達,15,0,15,國票-敦北法人,2023-12-11,0037003700390063
2462,良得電,15,0,15,國票-敦北法人,2023-12-11,0037003700390063
3013,晟銘電,23,8,15,國票-敦北法人,2023-12-11,0037003700390063
2887E,台新戊特,14,0,14,國票-敦北法人,2023-12-11,0037003700390063
8034,榮群,13,0,13,國票-敦北法人,2023-12-11,0037003700390063
2885,元大金,2000,0,2000,國票-敦北法人,2023-12-12,0037003700390063
1519,華城,997,21,976,國票-敦北法人,2023-12-12,0037003700390063
6285,啟��,860,68,792,國票-敦北法人,2023-12-12,0037003700390063
3712,永崴投控,462,21,441,國票-敦北法人,2023-12-12,0037003700390063
2634,漢翔,420,4,416,國票-敦北法人,2023-12-12,0037003700390063
00937B,群益ESG投等債20,400,0,400,國票-敦北法人,2023-12-12,0037003700390063
4909,新復興,367,10,357,國票-敦北法人,2023-12-12,0037003700390063
3035,智原,373,146,227,國票-敦北法人,2023-12-12,0037003700390063
3675,德微,202,4,198,國票-敦北法人,2023-12-12,0037003700390063
1524,耿鼎,187,11,176,國票-敦北法人,2023-12-12,0037003700390063
2029,盛餘,165,18,147,國票-敦北法人,2023-12-12,0037003700390063
8936,國統,183,65,118,國票-敦北法人,2023-12-12,0037003700390063
5483,中美晶,114,2,112,國票-敦北法人,2023-12-12,0037003700390063
3450,聯鈞,109,1,108,國票-敦北法人,2023-12-12,0037003700390063
3152,璟德,100,0,100,國票-敦北法人,2023-12-12,0037003700390063
1590,亞德客-KY,100,0,100,國票-敦北法人,2023-12-12,0037003700390063
6668,中揚光,564,467,97,國票-敦北法人,2023-12-12,0037003700390063
1513,中興電,94,2,92,國票-敦北法人,2023-12-12,0037003700390063
2363,矽統,90,0,90,國票-敦北法人,2023-12-12,0037003700390063
2610,華航,82,15,67,國票-敦北法人,2023-12-12,0037003700390063
3362,先進光,76,10,66,國票-敦北法人,2023-12-12,0037003700390063
2204,中華,63,3,60,國票-敦北法人,2023-12-12,0037003700390063
0056,元大高股息,57,2,55,國票-敦北法人,2023-12-12,0037003700390063
4770,上品,56,1,55,國票-敦北法人,2023-12-12,0037003700390063
6789,采鈺,56,1,55,國票-敦北法人,2023-12-12,0037003700390063
00637L,元大滬深300正2,56,5,51,國票-敦北法人,2023-12-12,0037003700390063
4979,華星光,149,100,49,國票-敦北法人,2023-12-12,0037003700390063
6937,天虹,42,0,42,國票-敦北法人,2023-12-12,0037003700390063
1612,宏泰,51,12,39,國票-敦北法人,2023-12-12,0037003700390063
1723,中碳,35,0,35,國票-敦北法人,2023-12-12,0037003700390063
6569,醫揚,32,0,32,國票-敦北法人,2023-12-12,0037003700390063
3548,兆利,32,0,32,國票-敦北法人,2023-12-12,0037003700390063
6426,統新,31,0,31,國票-敦北法人,2023-12-12,0037003700390063
5009,榮剛,35,5,30,國票-敦北法人,2023-12-12,0037003700390063
3413,京鼎,30,0,30,國票-敦北法人,2023-12-12,0037003700390063
3059,華晶科,30,0,30,國票-敦北法人,2023-12-12,0037003700390063
6538,倉和,46,17,29,國票-敦北法人,2023-12-12,0037003700390063
6139,亞翔,292,264,28,國票-敦北法人,2023-12-12,0037003700390063
6117,迎廣,30,2,28,國票-敦北法人,2023-12-12,0037003700390063
6643,M31,45,19,26,國票-敦北法人,2023-12-12,0037003700390063
2323,中環,25,0,25,國票-敦北法人,2023-12-12,0037003700390063
2887E,台新戊特,24,0,24,國票-敦北法人,2023-12-12,0037003700390063
3622,洋華,31,8,23,國票-敦北法人,2023-12-12,0037003700390063
00751B,元大AAA至A公司債,23,0,23,國票-敦北法人,2023-12-12,0037003700390063
3624,光頡,22,0,22,國票-敦北法人,2023-12-12,0037003700390063
1608,華榮,26,4,22,國票-敦北法人,2023-12-12,0037003700390063
8201,無敵,21,0,21,國票-敦北法人,2023-12-12,0037003700390063
8299,群聯,23,2,21,國票-敦北法人,2023-12-12,0037003700390063
3402,漢科,20,0,20,國票-敦北法人,2023-12-12,0037003700390063
2313,華通,56,37,19,國票-敦北法人,2023-12-12,0037003700390063
2387,精元,807,15,792,國票-敦北法人,2023-12-13,0037003700390063
2465,麗臺,762,3,759,國票-敦北法人,2023-12-13,0037003700390063
2365,昆盈,654,5,649,國票-敦北法人,2023-12-13,0037003700390063
2425,承啟,642,21,621,國票-敦北法人,2023-12-13,0037003700390063
2313,華通,1142,528,614,國票-敦北法人,2023-12-13,0037003700390063
3702,大聯大,550,0,550,國票-敦北法人,2023-12-13,0037003700390063
2337,旺宏,509,5,504,國票-敦北法人,2023-12-13,0037003700390063
2449,京元電子,502,4,498,國票-敦北法人,2023-12-13,0037003700390063
2352,佳世達,383,4,379,國票-敦北法人,2023-12-13,0037003700390063
2303,聯電,383,21,362,國票-敦北法人,2023-12-13,0037003700390063
2606,裕民,319,19,300,國票-敦北法人,2023-12-13,0037003700390063
2347,聯強,293,0,293,國票-敦北法人,2023-12-13,0037003700390063
6239,力成,405,127,278,國票-敦北法人,2023-12-13,0037003700390063
5469,瀚宇博,273,0,273,國票-敦北法人,2023-12-13,0037003700390063
3044,健鼎,262,19,243,國票-敦北法人,2023-12-13,0037003700390063
3005,神基,306,65,241,國票-敦北法人,2023-12-13,0037003700390063
00712,復華富時不動產,203,0,203,國票-敦北法人,2023-12-13,0037003700390063
6546,正基,213,33,180,國票-敦北法人,2023-12-13,0037003700390063
6643,M31,174,12,162,國票-敦北法人,2023-12-13,0037003700390063
2603,長榮,163,10,153,國票-敦北法人,2023-12-13,0037003700390063
2530,華建,145,0,145,國票-敦北法人,2023-12-13,0037003700390063
2363,矽統,157,38,119,國票-敦北法人,2023-12-13,0037003700390063
3035,智原,266,155,111,國票-敦北法人,2023-12-13,0037003700390063
8068,全達,116,7,109,國票-敦北法人,2023-12-13,0037003700390063
2327,國巨,101,0,101,國票-敦北法人,2023-12-13,0037003700390063
0056,元大高股息,101,7,94,國票-敦北法人,2023-12-13,0037003700390063
9939,宏全,100,17,83,國票-敦北法人,2023-12-13,0037003700390063
3715,定穎投控,78,2,76,國票-敦北法人,2023-12-13,0037003700390063
3017,奇鋐,90,20,70,國票-敦北法人,2023-12-13,0037003700390063
3563,牧德,70,0,70,國票-敦北法人,2023-12-13,0037003700390063
2059,川湖,70,0,70,國票-敦北法人,2023-12-13,0037003700390063
3264,欣銓,283,214,69,國票-敦北法人,2023-12-13,0037003700390063
4129,聯合,69,3,66,國票-敦北法人,2023-12-13,0037003700390063
3596,智易,56,0,56,國票-敦北法人,2023-12-13,0037003700390063
2610,華航,67,12,55,國票-敦北法人,2023-12-13,0037003700390063
2329,華泰,103,52,51,國票-敦北法人,2023-12-13,0037003700390063
00918,大華優利高填息30,51,0,51,國票-敦北法人,2023-12-13,0037003700390063
4770,上品,100,50,50,國票-敦北法人,2023-12-13,0037003700390063
3034,聯詠,51,2,49,國票-敦北法人,2023-12-13,0037003700390063
3025,星通,48,4,44,國票-敦北法人,2023-12-13,0037003700390063
3706,神達,58,18,40,國票-敦北法人,2023-12-13,0037003700390063
2308,台達電,40,0,40,國票-敦北法人,2023-12-13,0037003700390063
2419,仲琦,97,58,39,國票-敦北法人,2023-12-13,0037003700390063
2002,中鋼,36,0,36,國票-敦北法人,2023-12-13,0037003700390063
5515,建國,37,5,32,國票-敦北法人,2023-12-13,0037003700390063
00900,富邦特選高股息30,94,62,32,國票-敦北法人,2023-12-13,0037003700390063
1220,台榮,30,0,30,國票-敦北法人,2023-12-13,0037003700390063
6116,彩晶,30,0,30,國票-敦北法人,2023-12-13,0037003700390063
00933B,國泰10Y+金融債,30,0,30,國票-敦北法人,2023-12-13,0037003700390063
006205,富邦上証,30,0,30,國票-敦北法人,2023-12-13,0037003700390063
5425,台半,640,51,589,國票-敦北法人,2023-12-14,0037003700390063
00632R,元大台灣50反1,427,0,427,國票-敦北法人,2023-12-14,0037003700390063
6138,茂達,409,3,406,國票-敦北法人,2023-12-14,0037003700390063
00715L,期街口布蘭特正2,400,0,400,國票-敦北法人,2023-12-14,0037003700390063
2363,矽統,698,333,365,國票-敦北法人,2023-12-14,0037003700390063
2201,裕隆,340,1,339,國票-敦北法人,2023-12-14,0037003700390063
1504,東元,300,3,297,國票-敦北法人,2023-12-14,0037003700390063
00929,復華台灣科技優息,371,110,261,國票-敦北法人,2023-12-14,0037003700390063
2606,裕民,265,4,261,國票-敦北法人,2023-12-14,0037003700390063
3711,日月光投控,215,4,211,國票-敦北法人,2023-12-14,0037003700390063
2465,麗臺,270,67,203,國票-敦北法人,2023-12-14,0037003700390063
9958,世紀鋼,203,10,193,國票-敦北法人,2023-12-14,0037003700390063
2481,強茂,192,0,192,國票-敦北法人,2023-12-14,0037003700390063
1809,中釉,161,0,161,國票-敦北法人,2023-12-14,0037003700390063
3645,達邁,140,3,137,國票-敦北法人,2023-12-14,0037003700390063
2379,瑞昱,140,3,137,國票-敦北法人,2023-12-14,0037003700390063
6147,頎邦,563,435,128,國票-敦北法人,2023-12-14,0037003700390063
00680L,元大美債20正2,120,2,118,國票-敦北法人,2023-12-14,0037003700390063
3715,定穎投控,133,26,107,國票-敦北法人,2023-12-14,0037003700390063
2308,台達電,104,1,103,國票-敦北法人,2023-12-14,0037003700390063
00637L,元大滬深300正2,105,3,102,國票-敦北法人,2023-12-14,0037003700390063
2313,華通,373,274,99,國票-敦北法人,2023-12-14,0037003700390063
5534,長虹,70,0,70,國票-敦北法人,2023-12-14,0037003700390063
00687B,國泰20年美債,47,3,44,國票-敦北法人,2023-12-14,0037003700390063
3008,大立光,45,4,41,國票-敦北法人,2023-12-14,0037003700390063
2887E,台新戊特,40,0,40,國票-敦北法人,2023-12-14,0037003700390063
00764B,群益25年美債,40,0,40,國票-敦北法人,2023-12-14,0037003700390063
3714,富采,38,0,38,國票-敦北法人,2023-12-14,0037003700390063
6691,洋基工程,38,0,38,國票-敦北法人,2023-12-14,0037003700390063
3041,揚智,50,14,36,國票-敦北法人,2023-12-14,0037003700390063
2454,聯發科,41,6,35,國票-敦北法人,2023-12-14,0037003700390063
00919,群益台灣精選高息,35,0,35,國票-敦北法人,2023-12-14,0037003700390063
2376,技嘉,61,27,34,國票-敦北法人,2023-12-14,0037003700390063
00921,兆豐龍頭等權重,33,0,33,國票-敦北法人,2023-12-14,0037003700390063
3489,森寶,30,0,30,國票-敦北法人,2023-12-14,0037003700390063
6117,迎廣,29,0,29,國票-敦北法人,2023-12-14,0037003700390063
8163,達方,26,0,26,國票-敦北法人,2023-12-14,0037003700390063
8070,長華*,25,0,25,國票-敦北法人,2023-12-14,0037003700390063
1722,台肥,25,0,25,國票-敦北法人,2023-12-14,0037003700390063
0056,元大高股息,52,28,24,國票-敦北法人,2023-12-14,0037003700390063
6416,瑞祺電通,24,0,24,國票-敦北法人,2023-12-14,0037003700390063
3044,健鼎,23,1,22,國票-敦北法人,2023-12-14,0037003700390063
0050,元大台灣50,25,3,22,國票-敦北法人,2023-12-14,0037003700390063
6223,旺矽,50,29,21,國票-敦北法人,2023-12-14,0037003700390063
6643,M31,30,10,20,國票-敦北法人,2023-12-14,0037003700390063
00664R,國泰臺灣加權反1,20,0,20,國票-敦北法人,2023-12-14,0037003700390063
1409,新纖,20,0,20,國票-敦北法人,2023-12-14,0037003700390063
2486,一詮,20,0,20,國票-敦北法人,2023-12-14,0037003700390063
8150,南茂,20,1,19,國票-敦北法人,2023-12-14,0037003700390063
6789,采鈺,35,17,18,國票-敦北法人,2023-12-14,0037003700390063
2356,英業達,2051,127,1924,國票-敦北法人,2023-12-15,0037003700390063
6257,矽格,1507,4,1503,國票-敦北法人,2023-12-15,0037003700390063
3044,健鼎,804,2,802,國票-敦北法人,2023-12-15,0037003700390063
2515,中工,552,37,515,國票-敦北法人,2023-12-15,0037003700390063
2031,新光鋼,660,212,448,國票-敦北法人,2023-12-15,0037003700390063
1504,東元,541,116,425,國票-敦北法人,2023-12-15,0037003700390063
1584,精剛,480,82,398,國票-敦北法人,2023-12-15,0037003700390063
3702,大聯大,381,0,381,國票-敦北法人,2023-12-15,0037003700390063
2030,彰源,288,0,288,國票-敦北法人,2023-12-15,0037003700390063
2014,中鴻,282,19,263,國票-敦北法人,2023-12-15,0037003700390063
9939,宏全,250,1,249,國票-敦北法人,2023-12-15,0037003700390063
2383,台光電,301,69,232,國票-敦北法人,2023-12-15,0037003700390063
6683,雍智科技,242,16,226,國票-敦北法人,2023-12-15,0037003700390063
3005,神基,210,17,193,國票-敦北法人,2023-12-15,0037003700390063
3532,台勝科,200,38,162,國票-敦北法人,2023-12-15,0037003700390063
3086,華義,147,0,147,國票-敦北法人,2023-12-15,0037003700390063
3515,華擎,156,13,143,國票-敦北法人,2023-12-15,0037003700390063
2481,強茂,133,35,98,國票-敦北法人,2023-12-15,0037003700390063
00687B,國泰20年美債,97,3,94,國票-敦北法人,2023-12-15,0037003700390063
00937B,群益ESG投等債20,100,8,92,國票-敦北法人,2023-12-15,0037003700390063
6285,啟��,103,14,89,國票-敦北法人,2023-12-15,0037003700390063
9921,巨大,85,2,83,國票-敦北法人,2023-12-15,0037003700390063
3023,信邦,76,0,76,國票-敦北法人,2023-12-15,0037003700390063
00688L,國泰20年美債正2,75,0,75,國票-敦北法人,2023-12-15,0037003700390063
1809,中釉,80,5,75,國票-敦北法人,2023-12-15,0037003700390063
2023,燁輝,77,6,71,國票-敦北法人,2023-12-15,0037003700390063
2465,麗臺,58,0,58,國票-敦北法人,2023-12-15,0037003700390063
8112,至上,63,5,58,國票-敦北法人,2023-12-15,0037003700390063
5426,振發,59,3,56,國票-敦北法人,2023-12-15,0037003700390063
6546,正基,61,7,54,國票-敦北法人,2023-12-15,0037003700390063
00671R,富邦NASDAQ反1,50,0,50,國票-敦北法人,2023-12-15,0037003700390063
00795B,中信美國公債20年,50,0,50,國票-敦北法人,2023-12-15,0037003700390063
2376,技嘉,55,11,44,國票-敦北法人,2023-12-15,0037003700390063
00632R,元大台灣50反1,44,1,43,國票-敦北法人,2023-12-15,0037003700390063
6182,合晶,52,10,42,國票-敦北法人,2023-12-15,0037003700390063
6248,沛波,40,0,40,國票-敦北法人,2023-12-15,0037003700390063
6416,瑞祺電通,40,0,40,國票-敦北法人,2023-12-15,0037003700390063
6244,茂迪,44,5,39,國票-敦北法人,2023-12-15,0037003700390063
3035,智原,57,20,37,國票-敦北法人,2023-12-15,0037003700390063
3260,威剛,43,6,37,國票-敦北法人,2023-12-15,0037003700390063
2022,聚亨,56,21,35,國票-敦北法人,2023-12-15,0037003700390063
6443,元晶,44,10,34,國票-敦北法人,2023-12-15,0037003700390063
00878,國泰永續高股息,34,1,33,國票-敦北法人,2023-12-15,0037003700390063
3707,漢磊,36,4,32,國票-敦北法人,2023-12-15,0037003700390063
3653,健策,30,0,30,國票-敦北法人,2023-12-15,0037003700390063
2887E,台新戊特,30,0,30,國票-敦北法人,2023-12-15,0037003700390063
2002,中鋼,62,32,30,國票-敦北法人,2023-12-15,0037003700390063
6477,安集,30,0,30,國票-敦北法人,2023-12-15,0037003700390063
2032,新鋼,40,11,29,國票-敦北法人,2023-12-15,0037003700390063
2359,所羅門,30,1,29,國票-敦北法人,2023-12-15,0037003700390063
00937B,群益ESG投等債20,4439,118,4321,國票-敦北法人,2023-12-18,0037003700390063
2408,南亞科,2939,1,2938,國票-敦北法人,2023-12-18,0037003700390063
2337,旺宏,1201,5,1196,國票-敦北法人,2023-12-18,0037003700390063
2352,佳世達,1103,0,1103,國票-敦北法人,2023-12-18,0037003700390063
1605,華新,1010,20,990,國票-敦北法人,2023-12-18,0037003700390063
4938,和碩,794,2,792,國票-敦北法人,2023-12-18,0037003700390063
2014,中鴻,1068,319,749,國票-敦北法人,2023-12-18,0037003700390063
2449,京元電子,605,2,603,國票-敦北法人,2023-12-18,0037003700390063
2603,長榮,644,47,597,國票-敦北法人,2023-12-18,0037003700390063
3702,大聯大,400,0,400,國票-敦北法人,2023-12-18,0037003700390063
3086,華義,329,7,322,國票-敦北法人,2023-12-18,0037003700390063
2883,凱基金,308,1,307,國票-敦北法人,2023-12-18,0037003700390063
3006,晶豪科,389,112,277,國票-敦北法人,2023-12-18,0037003700390063
00919,群益台灣精選高息,240,0,240,國票-敦北法人,2023-12-18,0037003700390063
2308,台達電,250,10,240,國票-敦北法人,2023-12-18,0037003700390063
2887,台新金,233,0,233,國票-敦北法人,2023-12-18,0037003700390063
2890,永豐金,223,0,223,國票-敦北法人,2023-12-18,0037003700390063
6239,力成,216,0,216,國票-敦北法人,2023-12-18,0037003700390063
00931B,統一美債20年,182,0,182,國票-敦北法人,2023-12-18,0037003700390063
2634,漢翔,150,0,150,國票-敦北法人,2023-12-18,0037003700390063
2609,陽明,304,155,149,國票-敦北法人,2023-12-18,0037003700390063
2029,盛餘,147,0,147,國票-敦北法人,2023-12-18,0037003700390063
6179,亞通,139,0,139,國票-敦北法人,2023-12-18,0037003700390063
2356,英業達,210,97,113,國票-敦北法人,2023-12-18,0037003700390063
2610,華航,114,10,104,國票-敦北法人,2023-12-18,0037003700390063
9958,世紀鋼,161,58,103,國票-敦北法人,2023-12-18,0037003700390063
2385,群光,100,0,100,國票-敦北法人,2023-12-18,0037003700390063
2303,聯電,100,11,89,國票-敦北法人,2023-12-18,0037003700390063
4702,中美實,83,0,83,國票-敦北法人,2023-12-18,0037003700390063
5534,長虹,80,0,80,國票-敦北法人,2023-12-18,0037003700390063
6806,森崴能源,79,0,79,國票-敦北法人,2023-12-18,0037003700390063
3711,日月光投控,75,0,75,國票-敦北法人,2023-12-18,0037003700390063
2324,仁寶,114,49,65,國票-敦北法人,2023-12-18,0037003700390063
2313,華通,75,14,61,國票-敦北法人,2023-12-18,0037003700390063
00933B,國泰10Y+金融債,54,0,54,國票-敦北法人,2023-12-18,0037003700390063
3034,聯詠,76,22,54,國票-敦北法人,2023-12-18,0037003700390063
6235,華孚,54,3,51,國票-敦北法人,2023-12-18,0037003700390063
2101,南港,51,0,51,國票-敦北法人,2023-12-18,0037003700390063
3035,智原,77,26,51,國票-敦北法人,2023-12-18,0037003700390063
00857B,永豐20年美公債,50,0,50,國票-敦北法人,2023-12-18,0037003700390063
2002,中鋼,57,9,48,國票-敦北法人,2023-12-18,0037003700390063
3515,華擎,122,76,46,國票-敦北法人,2023-12-18,0037003700390063
6116,彩晶,45,0,45,國票-敦北法人,2023-12-18,0037003700390063
3011,今皓,42,0,42,國票-敦北法人,2023-12-18,0037003700390063
2530,華建,40,0,40,國票-敦北法人,2023-12-18,0037003700390063
2033,佳大,40,2,38,國票-敦北法人,2023-12-18,0037003700390063
00680L,元大美債20正2,300,262,38,國票-敦北法人,2023-12-18,0037003700390063
00687B,國泰20年美債,38,0,38,國票-敦北法人,2023-12-18,0037003700390063
00751B,元大AAA至A公司債,41,4,37,國票-敦北法人,2023-12-18,0037003700390063
2611,志信,36,0,36,國票-敦北法人,2023-12-18,0037003700390063
00878,國泰永續高股息,2803,0,2803,國票-敦北法人,2023-12-19,0037003700390063
00937B,群益ESG投等債20,900,10,890,國票-敦北法人,2023-12-19,0037003700390063
2313,華通,621,113,508,國票-敦北法人,2023-12-19,0037003700390063
2330,台積電,314,10,304,國票-敦北法人,2023-12-19,0037003700390063
2383,台光電,300,4,296,國票-敦北法人,2023-12-19,0037003700390063
3017,奇鋐,250,0,250,國票-敦北法人,2023-12-19,0037003700390063
1732,毛寶,262,14,248,國票-敦北法人,2023-12-19,0037003700390063
2618,長榮航,191,0,191,國票-敦北法人,2023-12-19,0037003700390063
1795,美時,191,22,169,國票-敦北法人,2023-12-19,0037003700390063
00929,復華台灣科技優息,172,42,130,國票-敦北法人,2023-12-19,0037003700390063
2610,華航,137,11,126,國票-敦北法人,2023-12-19,0037003700390063
006208,富邦台50,124,0,124,國票-敦北法人,2023-12-19,0037003700390063
2356,英業達,190,67,123,國票-敦北法人,2023-12-19,0037003700390063
2603,長榮,147,27,120,國票-敦北法人,2023-12-19,0037003700390063
2634,漢翔,111,0,111,國票-敦北法人,2023-12-19,0037003700390063
1325,恆大,120,11,109,國票-敦北法人,2023-12-19,0037003700390063
1476,儒鴻,107,0,107,國票-敦北法人,2023-12-19,0037003700390063
00795B,中信美國公債20年,100,0,100,國票-敦北法人,2023-12-19,0037003700390063
3023,信邦,100,0,100,國票-敦北法人,2023-12-19,0037003700390063
00764B,群益25年美債,100,0,100,國票-敦北法人,2023-12-19,0037003700390063
00687B,國泰20年美債,106,9,97,國票-敦北法人,2023-12-19,0037003700390063
2891,中信金,95,2,93,國票-敦北法人,2023-12-19,0037003700390063
3036,文曄,90,0,90,國票-敦北法人,2023-12-19,0037003700390063
2886,兆豐金,79,0,79,國票-敦北法人,2023-12-19,0037003700390063
2609,陽明,393,319,74,國票-敦北法人,2023-12-19,0037003700390063
9919,康那香,88,22,66,國票-敦北法人,2023-12-19,0037003700390063
00715L,期街口布蘭特正2,250,187,63,國票-敦北法人,2023-12-19,0037003700390063
2449,京元電子,63,2,61,國票-敦北法人,2023-12-19,0037003700390063
2530,華建,60,0,60,國票-敦北法人,2023-12-19,0037003700390063
9103,美德醫療-DR,55,0,55,國票-敦北法人,2023-12-19,0037003700390063
8112,至上,52,1,51,國票-敦北法人,2023-12-19,0037003700390063
2025,千興,44,0,44,國票-敦北法人,2023-12-19,0037003700390063
00671R,富邦NASDAQ反1,40,0,40,國票-敦北法人,2023-12-19,0037003700390063
4167,松瑞藥,51,11,40,國票-敦北法人,2023-12-19,0037003700390063
2412,中華電,39,0,39,國票-敦北法人,2023-12-19,0037003700390063
3035,智原,55,20,35,國票-敦北法人,2023-12-19,0037003700390063
4736,泰博,33,0,33,國票-敦北法人,2023-12-19,0037003700390063
2636,台驊控股,69,36,33,國票-敦北法人,2023-12-19,0037003700390063
6278,台表科,29,0,29,國票-敦北法人,2023-12-19,0037003700390063
3005,神基,30,2,28,國票-敦北法人,2023-12-19,0037003700390063
2881,富邦金,33,6,27,國票-敦北法人,2023-12-19,0037003700390063
3231,緯創,38,11,27,國票-敦北法人,2023-12-19,0037003700390063
2317,鴻海,26,0,26,國票-敦北法人,2023-12-19,0037003700390063
1905,華紙,31,6,25,國票-敦北法人,2023-12-19,0037003700390063
2323,中環,25,0,25,國票-敦北法人,2023-12-19,0037003700390063
2344,華邦電,24,0,24,國票-敦北法人,2023-12-19,0037003700390063
1305,華夏,23,0,23,國票-敦北法人,2023-12-19,0037003700390063
3006,晶豪科,32,10,22,國票-敦北法人,2023-12-19,0037003700390063
3305,昇貿,22,0,22,國票-敦北法人,2023-12-19,0037003700390063
00931B,統一美債20年,27,5,22,國票-敦北法人,2023-12-19,0037003700390063
2356,英業達,1975,589,1386,國票-敦北法人,2023-12-20,0037003700390063
2353,宏��,1411,147,1264,國票-敦北法人,2023-12-20,0037003700390063
2324,仁寶,1438,226,1212,國票-敦北法人,2023-12-20,0037003700390063
4968,立積,595,32,563,國票-敦北法人,2023-12-20,0037003700390063
4979,華星光,464,17,447,國票-敦北法人,2023-12-20,0037003700390063
2331,精英,427,17,410,國票-敦北法人,2023-12-20,0037003700390063
3231,緯創,447,149,298,國票-敦北法人,2023-12-20,0037003700390063
1503,士電,271,0,271,國票-敦北法人,2023-12-20,0037003700390063
3017,奇鋐,217,3,214,國票-敦北法人,2023-12-20,0037003700390063
2371,大同,207,8,199,國票-敦北法人,2023-12-20,0037003700390063
5009,榮剛,183,0,183,國票-敦北法人,2023-12-20,0037003700390063
3036,文曄,181,1,180,國票-敦北法人,2023-12-20,0037003700390063
3548,兆利,174,17,157,國票-敦北法人,2023-12-20,0037003700390063
8210,勤誠,126,0,126,國票-敦北法人,2023-12-20,0037003700390063
6239,力成,129,3,126,國票-敦北法人,2023-12-20,0037003700390063
00929,復華台灣科技優息,115,3,112,國票-敦北法人,2023-12-20,0037003700390063
3006,晶豪科,106,1,105,國票-敦北法人,2023-12-20,0037003700390063
1732,毛寶,330,228,102,國票-敦北法人,2023-12-20,0037003700390063
2501,國建,100,0,100,國票-敦北法人,2023-12-20,0037003700390063
2455,全新,99,0,99,國票-敦北法人,2023-12-20,0037003700390063
8086,宏捷科,96,0,96,國票-敦北法人,2023-12-20,0037003700390063
1402,遠東新,90,0,90,國票-敦北法人,2023-12-20,0037003700390063
9919,康那香,87,0,87,國票-敦北法人,2023-12-20,0037003700390063
4958,臻鼎-KY,85,0,85,國票-敦北法人,2023-12-20,0037003700390063
9105,泰金寶-DR,97,20,77,國票-敦北法人,2023-12-20,0037003700390063
3265,台星科,72,0,72,國票-敦北法人,2023-12-20,0037003700390063
9939,宏全,70,0,70,國票-敦北法人,2023-12-20,0037003700390063
5371,中光電,60,0,60,國票-敦北法人,2023-12-20,0037003700390063
3675,德微,60,2,58,國票-敦北法人,2023-12-20,0037003700390063
2458,義隆,87,29,58,國票-敦北法人,2023-12-20,0037003700390063
2454,聯發科,59,3,56,國票-敦北法人,2023-12-20,0037003700390063
2912,統一超,51,0,51,國票-敦北法人,2023-12-20,0037003700390063
5388,中磊,50,0,50,國票-敦北法人,2023-12-20,0037003700390063
1809,中釉,50,0,50,國票-敦北法人,2023-12-20,0037003700390063
6138,茂達,175,126,49,國票-敦北法人,2023-12-20,0037003700390063
3035,智原,60,12,48,國票-敦北法人,2023-12-20,0037003700390063
2645,長榮航太,46,1,45,國票-敦北法人,2023-12-20,0037003700390063
5426,振發,40,1,39,國票-敦北法人,2023-12-20,0037003700390063
6789,采鈺,35,0,35,國票-敦北法人,2023-12-20,0037003700390063
5871,中租-KY,30,0,30,國票-敦北法人,2023-12-20,0037003700390063
2038,海光,49,19,30,國票-敦北法人,2023-12-20,0037003700390063
5269,祥碩,30,1,29,國票-敦北法人,2023-12-20,0037003700390063
00931B,統一美債20年,27,0,27,國票-敦北法人,2023-12-20,0037003700390063
2408,南亞科,75,50,25,國票-敦北法人,2023-12-20,0037003700390063
2049,上銀,39,15,24,國票-敦北法人,2023-12-20,0037003700390063
6245,立端,21,1,20,國票-敦北法人,2023-12-20,0037003700390063
6592,和潤企業,20,0,20,國票-敦北法人,2023-12-20,0037003700390063
6182,合晶,20,0,20,國票-敦北法人,2023-12-20,0037003700390063
3217,優群,21,1,20,國票-敦北法人,2023-12-20,0037003700390063
3712,永崴投控,20,0,20,國票-敦北法人,2023-12-20,0037003700390063
2603,長榮,3066,181,2885,國票-敦北法人,2023-12-21,0037003700390063
2609,陽明,2714,259,2455,國票-敦北法人,2023-12-21,0037003700390063
3005,神基,1174,8,1166,國票-敦北法人,2023-12-21,0037003700390063
3596,智易,423,0,423,國票-敦北法人,2023-12-21,0037003700390063
2530,華建,230,0,230,國票-敦北法人,2023-12-21,0037003700390063
2890,永豐金,203,1,202,國票-敦北法人,2023-12-21,0037003700390063
2887,台新金,200,0,200,國票-敦北法人,2023-12-21,0037003700390063
2618,長榮航,192,15,177,國票-敦北法人,2023-12-21,0037003700390063
2377,微星,175,5,170,國票-敦北法人,2023-12-21,0037003700390063
3293,鈊象,178,18,160,國票-敦北法人,2023-12-21,0037003700390063
2357,華碩,159,4,155,國票-敦北法人,2023-12-21,0037003700390063
3006,晶豪科,188,41,147,國票-敦北法人,2023-12-21,0037003700390063
2303,聯電,106,0,106,國票-敦北法人,2023-12-21,0037003700390063
00646,元大S＆P500,102,0,102,國票-敦北法人,2023-12-21,0037003700390063
3042,晶技,100,0,100,國票-敦北法人,2023-12-21,0037003700390063
00637L,元大滬深300正2,105,6,99,國票-敦北法人,2023-12-21,0037003700390063
2501,國建,100,3,97,國票-敦北法人,2023-12-21,0037003700390063
4572,駐龍,64,1,63,國票-敦北法人,2023-12-21,0037003700390063
2330,台積電,61,1,60,國票-敦北法人,2023-12-21,0037003700390063
00929,復華台灣科技優息,57,0,57,國票-敦北法人,2023-12-21,0037003700390063
6182,合晶,45,0,45,國票-敦北法人,2023-12-21,0037003700390063
5425,台半,42,3,39,國票-敦北法人,2023-12-21,0037003700390063
2421,建準,35,0,35,國票-敦北法人,2023-12-21,0037003700390063
00919,群益台灣精選高息,35,0,35,國票-敦北法人,2023-12-21,0037003700390063
3489,森寶,30,0,30,國票-敦北法人,2023-12-21,0037003700390063
3443,創意,28,0,28,國票-敦北法人,2023-12-21,0037003700390063
2331,精英,59,31,28,國票-敦北法人,2023-12-21,0037003700390063
6715,嘉基,30,2,28,國票-敦北法人,2023-12-21,0037003700390063
4102,永日,25,0,25,國票-敦北法人,2023-12-21,0037003700390063
6719,力智,23,0,23,國票-敦北法人,2023-12-21,0037003700390063
2641,正德,25,3,22,國票-敦北法人,2023-12-21,0037003700390063
8431,匯鑽科,15,0,15,國票-敦北法人,2023-12-21,0037003700390063
1722,台肥,15,0,15,國票-敦北法人,2023-12-21,0037003700390063
2634,漢翔,52,37,15,國票-敦北法人,2023-12-21,0037003700390063
6799,來頡,19,4,15,國票-敦北法人,2023-12-21,0037003700390063
2376,技嘉,27,13,14,國票-敦北法人,2023-12-21,0037003700390063
3034,聯詠,26,12,14,國票-敦北法人,2023-12-21,0037003700390063
2029,盛餘,13,0,13,國票-敦北法人,2023-12-21,0037003700390063
5210,寶碩,12,0,12,國票-敦北法人,2023-12-21,0037003700390063
4908,前鼎,10,0,10,國票-敦北法人,2023-12-21,0037003700390063
3624,光頡,10,0,10,國票-敦北法人,2023-12-21,0037003700390063
00650L,復華香港正2,10,0,10,國票-敦北法人,2023-12-21,0037003700390063
5272,笙科,10,0,10,國票-敦北法人,2023-12-21,0037003700390063
1312,國喬,10,0,10,國票-敦北法人,2023-12-21,0037003700390063
6683,雍智科技,32,23,9,國票-敦北法人,2023-12-21,0037003700390063
2031,新光鋼,11,2,9,國票-敦北法人,2023-12-21,0037003700390063
3694,海華,9,1,8,國票-敦北法人,2023-12-21,0037003700390063
3515,華擎,12,5,7,國票-敦北法人,2023-12-21,0037003700390063
4163,鐿鈦,7,0,7,國票-敦北法人,2023-12-21,0037003700390063
8011,台通,17,10,7,國票-敦北法人,2023-12-21,0037003700390063
2606,裕民,811,10,801,國票-敦北法人,2023-12-22,0037003700390063
2421,建準,702,59,643,國票-敦北法人,2023-12-22,0037003700390063
6117,迎廣,296,1,295,國票-敦北法人,2023-12-22,0037003700390063
8088,品安,281,25,256,國票-敦北法人,2023-12-22,0037003700390063
6237,驊訊,227,20,207,國票-敦北法人,2023-12-22,0037003700390063
2618,長榮航,204,44,160,國票-敦北法人,2023-12-22,0037003700390063
3346,麗清,216,57,159,國票-敦北法人,2023-12-22,0037003700390063
00680L,元大美債20正2,150,11,139,國票-敦北法人,2023-12-22,0037003700390063
2501,國建,100,0,100,國票-敦北法人,2023-12-22,0037003700390063
2104,國際中橡,100,0,100,國票-敦北法人,2023-12-22,0037003700390063
8255,朋程,100,1,99,國票-敦北法人,2023-12-22,0037003700390063
2356,英業達,180,84,96,國票-敦北法人,2023-12-22,0037003700390063
8069,元太,110,15,95,國票-敦北法人,2023-12-22,0037003700390063
2376,技嘉,213,120,93,國票-敦北法人,2023-12-22,0037003700390063
8089,康全電訊,90,0,90,國票-敦北法人,2023-12-22,0037003700390063
6548,長科*,75,0,75,國票-敦北法人,2023-12-22,0037003700390063
1722,台肥,75,0,75,國票-敦北法人,2023-12-22,0037003700390063
5371,中光電,67,1,66,國票-敦北法人,2023-12-22,0037003700390063
2301,光寶科,65,3,62,國票-敦北法人,2023-12-22,0037003700390063
00688L,國泰20年美債正2,55,0,55,國票-敦北法人,2023-12-22,0037003700390063
1608,華榮,50,0,50,國票-敦北法人,2023-12-22,0037003700390063
6546,正基,180,132,48,國票-敦北法人,2023-12-22,0037003700390063
9934,成霖,47,0,47,國票-敦北法人,2023-12-22,0037003700390063
1560,中砂,43,0,43,國票-敦北法人,2023-12-22,0037003700390063
3217,優群,42,0,42,國票-敦北法人,2023-12-22,0037003700390063
4168,醣聯,45,3,42,國票-敦北法人,2023-12-22,0037003700390063
8277,商丞,41,1,40,國票-敦北法人,2023-12-22,0037003700390063
2382,廣達,47,10,37,國票-敦北法人,2023-12-22,0037003700390063
2530,華建,34,0,34,國票-敦北法人,2023-12-22,0037003700390063
00679B,元大美債20年,83,50,33,國票-敦北法人,2023-12-22,0037003700390063
2241,艾姆勒,30,0,30,國票-敦北法人,2023-12-22,0037003700390063
6285,啟��,32,5,27,國票-敦北法人,2023-12-22,0037003700390063
6789,采鈺,27,0,27,國票-敦北法人,2023-12-22,0037003700390063
6683,雍智科技,30,6,24,國票-敦北法人,2023-12-22,0037003700390063
5534,長虹,24,0,24,國票-敦北法人,2023-12-22,0037003700390063
6182,合晶,28,5,23,國票-敦北法人,2023-12-22,0037003700390063
2313,華通,25,2,23,國票-敦北法人,2023-12-22,0037003700390063
8210,勤誠,103,82,21,國票-敦北法人,2023-12-22,0037003700390063
2367,燿華,21,0,21,國票-敦北法人,2023-12-22,0037003700390063
1409,新纖,20,0,20,國票-敦北法人,2023-12-22,0037003700390063
4702,中美實,20,0,20,國票-敦北法人,2023-12-22,0037003700390063
3481,群創,36,16,20,國票-敦北法人,2023-12-22,0037003700390063
6282,康舒,20,0,20,國票-敦北法人,2023-12-22,0037003700390063
3017,奇鋐,23,6,17,國票-敦北法人,2023-12-22,0037003700390063
6799,來頡,29,13,16,國票-敦北法人,2023-12-22,0037003700390063
1471,首利,15,0,15,國票-敦北法人,2023-12-22,0037003700390063
6118,建達,15,0,15,國票-敦北法人,2023-12-22,0037003700390063
00687B,國泰20年美債,14,0,14,國票-敦北法人,2023-12-22,0037003700390063
8112,至上,14,1,13,國票-敦北法人,2023-12-22,0037003700390063
5258,虹堡,13,0,13,國票-敦北法人,2023-12-22,0037003700390063
2891,中信金,4452,0,4452,國票-敦北法人,2023-12-25,0037003700390063
2609,陽明,1634,603,1031,國票-敦北法人,2023-12-25,0037003700390063
2353,宏��,1613,608,1005,國票-敦北法人,2023-12-25,0037003700390063
2618,長榮航,729,49,680,國票-敦北法人,2023-12-25,0037003700390063
3231,緯創,494,39,455,國票-敦北法人,2023-12-25,0037003700390063
2377,微星,378,4,374,國票-敦北法人,2023-12-25,0037003700390063
3036,文曄,248,1,247,國票-敦北法人,2023-12-25,0037003700390063
6147,頎邦,236,0,236,國票-敦北法人,2023-12-25,0037003700390063
2368,金像電,216,0,216,國票-敦北法人,2023-12-25,0037003700390063
8210,勤誠,302,95,207,國票-敦北法人,2023-12-25,0037003700390063
1519,華城,132,0,132,國票-敦北法人,2023-12-25,0037003700390063
2357,華碩,106,5,101,國票-敦北法人,2023-12-25,0037003700390063
2360,致茂,100,0,100,國票-敦北法人,2023-12-25,0037003700390063
1560,中砂,127,30,97,國票-敦北法人,2023-12-25,0037003700390063
2382,廣達,112,29,83,國票-敦北法人,2023-12-25,0037003700390063
8089,康全電訊,81,1,80,國票-敦北法人,2023-12-25,0037003700390063
6269,台郡,78,0,78,國票-敦北法人,2023-12-25,0037003700390063
2337,旺宏,78,0,78,國票-敦北法人,2023-12-25,0037003700390063
8069,元太,92,18,74,國票-敦北法人,2023-12-25,0037003700390063
2330,台積電,70,2,68,國票-敦北法人,2023-12-25,0037003700390063
2345,智邦,165,100,65,國票-敦北法人,2023-12-25,0037003700390063
3362,先進光,64,0,64,國票-敦北法人,2023-12-25,0037003700390063
3086,華義,61,1,60,國票-敦北法人,2023-12-25,0037003700390063
2388,威盛,65,5,60,國票-敦北法人,2023-12-25,0037003700390063
3443,創意,60,2,58,國票-敦北法人,2023-12-25,0037003700390063
00919,群益台灣精選高息,50,0,50,國票-敦北法人,2023-12-25,0037003700390063
8086,宏捷科,50,1,49,國票-敦北法人,2023-12-25,0037003700390063
6488,環球晶,50,2,48,國票-敦北法人,2023-12-25,0037003700390063
4966,譜瑞-KY,41,0,41,國票-敦北法人,2023-12-25,0037003700390063
3346,麗清,44,3,41,國票-敦北法人,2023-12-25,0037003700390063
3152,璟德,40,0,40,國票-敦北法人,2023-12-25,0037003700390063
2630,亞航,45,6,39,國票-敦北法人,2023-12-25,0037003700390063
2027,大成鋼,40,2,38,國票-敦北法人,2023-12-25,0037003700390063
8050,廣積,39,1,38,國票-敦北法人,2023-12-25,0037003700390063
2032,新鋼,33,1,32,國票-敦北法人,2023-12-25,0037003700390063
2530,華建,30,0,30,國票-敦北法人,2023-12-25,0037003700390063
6683,雍智科技,30,0,30,國票-敦北法人,2023-12-25,0037003700390063
5388,中磊,30,0,30,國票-敦北法人,2023-12-25,0037003700390063
2354,鴻準,28,0,28,國票-敦北法人,2023-12-25,0037003700390063
6679,鈺太,29,2,27,國票-敦北法人,2023-12-25,0037003700390063
8358,金居,25,0,25,國票-敦北法人,2023-12-25,0037003700390063
2049,上銀,25,0,25,國票-敦北法人,2023-12-25,0037003700390063
2605,新興,30,10,20,國票-敦北法人,2023-12-25,0037003700390063
2324,仁寶,387,367,20,國票-敦北法人,2023-12-25,0037003700390063
6695,芯鼎,18,0,18,國票-敦北法人,2023-12-25,0037003700390063
3211,順達,20,3,17,國票-敦北法人,2023-12-25,0037003700390063
2408,南亞科,20,3,17,國票-敦北法人,2023-12-25,0037003700390063
8112,至上,27,11,16,國票-敦北法人,2023-12-25,0037003700390063
6669,緯穎,18,2,16,國票-敦北法人,2023-12-25,0037003700390063
1310,台苯,15,0,15,國票-敦北法人,2023-12-25,0037003700390063
2344,華邦電,892,8,884,國票-敦北法人,2023-12-26,0037003700390063
5425,台半,600,11,589,國票-敦北法人,2023-12-26,0037003700390063
2408,南亞科,545,5,540,國票-敦北法人,2023-12-26,0037003700390063
2324,仁寶,553,78,475,國票-敦北法人,2023-12-26,0037003700390063
2377,微星,354,9,345,國票-敦北法人,2023-12-26,0037003700390063
3017,奇鋐,261,2,259,國票-敦北法人,2023-12-26,0037003700390063
3006,晶豪科,227,25,202,國票-敦北法人,2023-12-26,0037003700390063
2330,台積電,191,12,179,國票-敦北法人,2023-12-26,0037003700390063
6667,信紘科,183,11,172,國票-敦北法人,2023-12-26,0037003700390063
2455,全新,168,0,168,國票-敦北法人,2023-12-26,0037003700390063
3390,旭軟,168,1,167,國票-敦北法人,2023-12-26,0037003700390063
3481,群創,146,6,140,國票-敦北法人,2023-12-26,0037003700390063
9934,成霖,131,0,131,國票-敦北法人,2023-12-26,0037003700390063
8086,宏捷科,169,51,118,國票-敦北法人,2023-12-26,0037003700390063
00632R,元大台灣50反1,113,3,110,國票-敦北法人,2023-12-26,0037003700390063
3231,緯創,102,13,89,國票-敦北法人,2023-12-26,0037003700390063
2405,輔信,116,36,80,國票-敦北法人,2023-12-26,0037003700390063
2308,台達電,80,2,78,國票-敦北法人,2023-12-26,0037003700390063
2454,聯發科,83,6,77,國票-敦北法人,2023-12-26,0037003700390063
2059,川湖,111,35,76,國票-敦北法人,2023-12-26,0037003700390063
2025,千興,70,0,70,國票-敦北法人,2023-12-26,0037003700390063
8299,群聯,90,33,57,國票-敦北法人,2023-12-26,0037003700390063
3023,信邦,53,0,53,國票-敦北法人,2023-12-26,0037003700390063
6546,正基,45,0,45,國票-敦北法人,2023-12-26,0037003700390063
6288,聯嘉,52,8,44,國票-敦北法人,2023-12-26,0037003700390063
8932,智通*,50,9,41,國票-敦北法人,2023-12-26,0037003700390063
6719,力智,40,0,40,國票-敦北法人,2023-12-26,0037003700390063
1560,中砂,144,110,34,國票-敦北法人,2023-12-26,0037003700390063
2883,凱基金,30,0,30,國票-敦北法人,2023-12-26,0037003700390063
6456,GIS-KY,27,0,27,國票-敦北法人,2023-12-26,0037003700390063
3305,昇貿,25,2,23,國票-敦北法人,2023-12-26,0037003700390063
6683,雍智科技,22,0,22,國票-敦北法人,2023-12-26,0037003700390063
6415,矽力*-KY,22,0,22,國票-敦北法人,2023-12-26,0037003700390063
8112,至上,26,5,21,國票-敦北法人,2023-12-26,0037003700390063
3217,優群,20,0,20,國票-敦北法人,2023-12-26,0037003700390063
2101,南港,20,0,20,國票-敦北法人,2023-12-26,0037003700390063
00933B,國泰10Y+金融債,20,0,20,國票-敦北法人,2023-12-26,0037003700390063
2014,中鴻,23,4,19,國票-敦北法人,2023-12-26,0037003700390063
3086,華義,18,0,18,國票-敦北法人,2023-12-26,0037003700390063
6584,南俊國際,16,0,16,國票-敦北法人,2023-12-26,0037003700390063
2329,華泰,16,0,16,國票-敦北法人,2023-12-26,0037003700390063
6271,同欣電,15,1,14,國票-敦北法人,2023-12-26,0037003700390063
1733,五鼎,15,2,13,國票-敦北法人,2023-12-26,0037003700390063
2382,廣達,20,8,12,國票-敦北法人,2023-12-26,0037003700390063
0056,元大高股息,13,2,11,國票-敦北法人,2023-12-26,0037003700390063
4128,中天,11,0,11,國票-敦北法人,2023-12-26,0037003700390063
00934,中信成長高股息,11,0,11,國票-敦北法人,2023-12-26,0037003700390063
00720B,元大投資級公司債,10,0,10,國票-敦北法人,2023-12-26,0037003700390063
8916,光隆,10,0,10,國票-敦北法人,2023-12-26,0037003700390063
00664R,國泰臺灣加權反1,10,0,10,國票-敦北法人,2023-12-26,0037003700390063
2885,元大金,2500,69,2431,國票-敦北法人,2023-12-27,0037003700390063
2324,仁寶,1940,23,1917,國票-敦北法人,2023-12-27,0037003700390063
2408,南亞科,863,157,706,國票-敦北法人,2023-12-27,0037003700390063
5876,上海商銀,701,19,682,國票-敦北法人,2023-12-27,0037003700390063
2303,聯電,1141,494,647,國票-敦北法人,2023-12-27,0037003700390063
2344,華邦電,676,35,641,國票-敦北法人,2023-12-27,0037003700390063
3036,文曄,481,0,481,國票-敦北法人,2023-12-27,0037003700390063
3260,威剛,460,1,459,國票-敦北法人,2023-12-27,0037003700390063
00632R,元大台灣50反1,314,0,314,國票-敦北法人,2023-12-27,0037003700390063
2606,裕民,295,0,295,國票-敦北法人,2023-12-27,0037003700390063
2356,英業達,290,15,275,國票-敦北法人,2023-12-27,0037003700390063
00929,復華台灣科技優息,263,10,253,國票-敦北法人,2023-12-27,0037003700390063
8086,宏捷科,250,0,250,國票-敦北法人,2023-12-27,0037003700390063
2337,旺宏,244,71,173,國票-敦北法人,2023-12-27,0037003700390063
2455,全新,168,0,168,國票-敦北法人,2023-12-27,0037003700390063
5478,智冠,156,1,155,國票-敦北法人,2023-12-27,0037003700390063
5347,世界,153,1,152,國票-敦北法人,2023-12-27,0037003700390063
2387,精元,140,0,140,國票-敦北法人,2023-12-27,0037003700390063
1519,華城,105,5,100,國票-敦北法人,2023-12-27,0037003700390063
2428,興勤,97,0,97,國票-敦北法人,2023-12-27,0037003700390063
3227,原相,91,2,89,國票-敦北法人,2023-12-27,0037003700390063
3376,新日興,118,32,86,國票-敦北法人,2023-12-27,0037003700390063
6719,力智,105,35,70,國票-敦北法人,2023-12-27,0037003700390063
3017,奇鋐,80,19,61,國票-敦北法人,2023-12-27,0037003700390063
6669,緯穎,61,5,56,國票-敦北法人,2023-12-27,0037003700390063
1476,儒鴻,54,0,54,國票-敦北法人,2023-12-27,0037003700390063
1319,東陽,54,0,54,國票-敦北法人,2023-12-27,0037003700390063
8050,廣積,55,1,54,國票-敦北法人,2023-12-27,0037003700390063
8069,元太,60,6,54,國票-敦北法人,2023-12-27,0037003700390063
1773,勝一,50,0,50,國票-敦北法人,2023-12-27,0037003700390063
3362,先進光,45,0,45,國票-敦北法人,2023-12-27,0037003700390063
2301,光寶科,57,13,44,國票-敦北法人,2023-12-27,0037003700390063
4938,和碩,50,12,38,國票-敦北法人,2023-12-27,0037003700390063
5206,坤悅,38,0,38,國票-敦北法人,2023-12-27,0037003700390063
3086,華義,37,0,37,國票-敦北法人,2023-12-27,0037003700390063
2362,藍天,52,16,36,國票-敦北法人,2023-12-27,0037003700390063
3706,神達,37,3,34,國票-敦北法人,2023-12-27,0037003700390063
8112,至上,37,5,32,國票-敦北法人,2023-12-27,0037003700390063
3675,德微,33,3,30,國票-敦北法人,2023-12-27,0037003700390063
6179,亞通,32,3,29,國票-敦北法人,2023-12-27,0037003700390063
2449,京元電子,29,0,29,國票-敦北法人,2023-12-27,0037003700390063
00918,大華優利高填息30,27,0,27,國票-敦北法人,2023-12-27,0037003700390063
00915,凱基優選高股息30,26,0,26,國票-敦北法人,2023-12-27,0037003700390063
00935,野村臺灣新科技50,25,0,25,國票-敦北法人,2023-12-27,0037003700390063
9910,豐泰,27,2,25,國票-敦北法人,2023-12-27,0037003700390063
5258,虹堡,24,0,24,國票-敦北法人,2023-12-27,0037003700390063
3588,通嘉,33,10,23,國票-敦北法人,2023-12-27,0037003700390063
2610,華航,33,10,23,國票-敦北法人,2023-12-27,0037003700390063
2025,千興,23,0,23,國票-敦北法人,2023-12-27,0037003700390063
2014,中鴻,28,6,22,國票-敦北法人,2023-12-27,0037003700390063
2885,元大金,1651,9,1642,國票-敦北法人,2023-12-28,0037003700390063
2382,廣達,1185,14,1171,國票-敦北法人,2023-12-28,0037003700390063
4915,致伸,700,0,700,國票-敦北法人,2023-12-28,0037003700390063
2344,華邦電,567,25,542,國票-敦北法人,2023-12-28,0037003700390063
2303,聯電,536,82,454,國票-敦北法人,2023-12-28,0037003700390063
6278,台表科,420,0,420,國票-敦北法人,2023-12-28,0037003700390063
3006,晶豪科,349,13,336,國票-敦北法人,2023-12-28,0037003700390063
1503,士電,274,9,265,國票-敦北法人,2023-12-28,0037003700390063
00876,元大全球5G,230,0,230,國票-敦北法人,2023-12-28,0037003700390063
00917,中信特選金融,220,0,220,國票-敦北法人,2023-12-28,0037003700390063
4967,十銓,202,0,202,國票-敦北法人,2023-12-28,0037003700390063
00715L,期街口布蘭特正2,202,0,202,國票-敦北法人,2023-12-28,0037003700390063
6147,頎邦,200,0,200,國票-敦北法人,2023-12-28,0037003700390063
00770,國泰北美科技,200,0,200,國票-敦北法人,2023-12-28,0037003700390063
5483,中美晶,179,0,179,國票-敦北法人,2023-12-28,0037003700390063
6121,新普,170,4,166,國票-敦北法人,2023-12-28,0037003700390063
00929,復華台灣科技優息,154,0,154,國票-敦北法人,2023-12-28,0037003700390063
00875,國泰網路資安,150,0,150,國票-敦北法人,2023-12-28,0037003700390063
00657,國泰日經225,140,0,140,國票-敦北法人,2023-12-28,0037003700390063
2609,陽明,217,96,121,國票-敦北法人,2023-12-28,0037003700390063
8105,凌巨,105,0,105,國票-敦北法人,2023-12-28,0037003700390063
2312,金寶,100,0,100,國票-敦北法人,2023-12-28,0037003700390063
00632R,元大台灣50反1,71,0,71,國票-敦北法人,2023-12-28,0037003700390063
9958,世紀鋼,64,2,62,國票-敦北法人,2023-12-28,0037003700390063
00919,群益台灣精選高息,58,0,58,國票-敦北法人,2023-12-28,0037003700390063
2357,華碩,53,2,51,國票-敦北法人,2023-12-28,0037003700390063
6161,捷波,50,0,50,國票-敦北法人,2023-12-28,0037003700390063
3044,健鼎,58,10,48,國票-敦北法人,2023-12-28,0037003700390063
6667,信紘科,72,29,43,國票-敦北法人,2023-12-28,0037003700390063
3231,緯創,58,16,42,國票-敦北法人,2023-12-28,0037003700390063
6546,正基,55,15,40,國票-敦北法人,2023-12-28,0037003700390063
6669,緯穎,38,2,36,國票-敦北法人,2023-12-28,0037003700390063
6126,信音,34,4,30,國票-敦北法人,2023-12-28,0037003700390063
2387,精元,30,0,30,國票-敦北法人,2023-12-28,0037003700390063
4736,泰博,30,0,30,國票-敦北法人,2023-12-28,0037003700390063
9934,成霖,40,10,30,國票-敦北法人,2023-12-28,0037003700390063
3443,創意,28,2,26,國票-敦北法人,2023-12-28,0037003700390063
2029,盛餘,21,0,21,國票-敦北法人,2023-12-28,0037003700390063
6789,采鈺,28,9,19,國票-敦北法人,2023-12-28,0037003700390063
3086,華義,18,0,18,國票-敦北法人,2023-12-28,0037003700390063
6683,雍智科技,18,1,17,國票-敦北法人,2023-12-28,0037003700390063
4129,聯合,15,0,15,國票-敦北法人,2023-12-28,0037003700390063
6415,矽力*-KY,15,2,13,國票-敦北法人,2023-12-28,0037003700390063
0056,元大高股息,17,5,12,國票-敦北法人,2023-12-28,0037003700390063
3036,文曄,12,0,12,國票-敦北法人,2023-12-28,0037003700390063
3338,泰碩,17,6,11,國票-敦北法人,2023-12-28,0037003700390063
6805,富世達,10,0,10,國票-敦北法人,2023-12-28,0037003700390063
5351,鈺創,23,13,10,國票-敦北法人,2023-12-28,0037003700390063
00751B,元大AAA至A公司債,10,0,10,國票-敦北法人,2023-12-28,0037003700390063
2615,萬海,10,0,10,國票-敦北法人,2023-12-28,0037003700390063
2885,元大金,1679,13,1666,國票-敦北法人,2023-12-29,0037003700390063
2324,仁寶,1541,267,1274,國票-敦北法人,2023-12-29,0037003700390063
2352,佳世達,961,143,818,國票-敦北法人,2023-12-29,0037003700390063
2344,華邦電,531,45,486,國票-敦北法人,2023-12-29,0037003700390063
2515,中工,634,212,422,國票-敦北法人,2023-12-29,0037003700390063
3711,日月光投控,380,59,321,國票-敦北法人,2023-12-29,0037003700390063
00715L,期街口布蘭特正2,309,0,309,國票-敦北法人,2023-12-29,0037003700390063
2486,一詮,606,387,219,國票-敦北法人,2023-12-29,0037003700390063
2382,廣達,335,123,212,國票-敦北法人,2023-12-29,0037003700390063
2408,南亞科,184,9,175,國票-敦北法人,2023-12-29,0037003700390063
2308,台達電,152,1,151,國票-敦北法人,2023-12-29,0037003700390063
6715,嘉基,133,10,123,國票-敦北法人,2023-12-29,0037003700390063
3006,晶豪科,117,10,107,國票-敦北法人,2023-12-29,0037003700390063
5388,中磊,100,0,100,國票-敦北法人,2023-12-29,0037003700390063
4958,臻鼎-KY,90,0,90,國票-敦北法人,2023-12-29,0037003700390063
4967,十銓,90,0,90,國票-敦北法人,2023-12-29,0037003700390063
2303,聯電,104,23,81,國票-敦北法人,2023-12-29,0037003700390063
1216,統一,80,3,77,國票-敦北法人,2023-12-29,0037003700390063
5534,長虹,65,0,65,國票-敦北法人,2023-12-29,0037003700390063
00632R,元大台灣50反1,61,0,61,國票-敦北法人,2023-12-29,0037003700390063
9958,世紀鋼,59,0,59,國票-敦北法人,2023-12-29,0037003700390063
2454,聯發科,54,2,52,國票-敦北法人,2023-12-29,0037003700390063
2327,國巨,50,0,50,國票-敦北法人,2023-12-29,0037003700390063
9934,成霖,50,1,49,國票-敦北法人,2023-12-29,0037003700390063
6282,康舒,51,5,46,國票-敦北法人,2023-12-29,0037003700390063
9910,豐泰,43,0,43,國票-敦北法人,2023-12-29,0037003700390063
3324,雙鴻,45,5,40,國票-敦北法人,2023-12-29,0037003700390063
5478,智冠,39,0,39,國票-敦北法人,2023-12-29,0037003700390063
4979,華星光,50,15,35,國票-敦北法人,2023-12-29,0037003700390063
00919,群益台灣精選高息,33,0,33,國票-敦北法人,2023-12-29,0037003700390063
2530,華建,38,8,30,國票-敦北法人,2023-12-29,0037003700390063
2383,台光電,30,0,30,國票-敦北法人,2023-12-29,0037003700390063
2363,矽統,29,0,29,國票-敦北法人,2023-12-29,0037003700390063
3533,嘉澤,29,0,29,國票-敦北法人,2023-12-29,0037003700390063
3338,泰碩,29,3,26,國票-敦北法人,2023-12-29,0037003700390063
3260,威剛,29,4,25,國票-敦北法人,2023-12-29,0037003700390063
2330,台積電,153,128,25,國票-敦北法人,2023-12-29,0037003700390063
2387,精元,26,2,24,國票-敦北法人,2023-12-29,0037003700390063
8942,森鉅,20,0,20,國票-敦北法人,2023-12-29,0037003700390063
6683,雍智科技,20,0,20,國票-敦北法人,2023-12-29,0037003700390063
6412,群電,20,0,20,國票-敦北法人,2023-12-29,0037003700390063
6782,視陽,20,0,20,國票-敦北法人,2023-12-29,0037003700390063
8299,群聯,23,5,18,國票-敦北法人,2023-12-29,0037003700390063
5521,工信,20,3,17,國票-敦北法人,2023-12-29,0037003700390063
6140,訊達,18,1,17,國票-敦北法人,2023-12-29,0037003700390063
3548,兆利,17,1,16,國票-敦北法人,2023-12-29,0037003700390063
2371,大同,16,1,15,國票-敦北法人,2023-12-29,0037003700390063
2630,亞航,15,0,15,國票-敦北法人,2023-12-29,0037003700390063
6811,宏�硌穈T,15,0,15,國票-敦北法人,2023-12-29,0037003700390063
1609,大亞,14,0,14,國票-敦北法人,2023-12-29,0037003700390063
00688L,國泰20年美債正2,1000,0,1000,國票-敦北法人,2024-01-02,0037003700390063
2356,英業達,644,13,631,國票-敦北法人,2024-01-02,0037003700390063
6113,亞矽,410,6,404,國票-敦北法人,2024-01-02,0037003700390063
3390,旭軟,374,9,365,國票-敦北法人,2024-01-02,0037003700390063
6274,台燿,310,7,303,國票-敦北法人,2024-01-02,0037003700390063
3231,緯創,415,135,280,國票-敦北法人,2024-01-02,0037003700390063
2421,建準,352,104,248,國票-敦北法人,2024-01-02,0037003700390063
6108,競國,255,12,243,國票-敦北法人,2024-01-02,0037003700390063
6668,中揚光,130,0,130,國票-敦北法人,2024-01-02,0037003700390063
00929,復華台灣科技優息,129,0,129,國票-敦北法人,2024-01-02,0037003700390063
5223,安力-KY,100,20,80,國票-敦北法人,2024-01-02,0037003700390063
3017,奇鋐,90,10,80,國票-敦北法人,2024-01-02,0037003700390063
2344,華邦電,250,176,74,國票-敦北法人,2024-01-02,0037003700390063
4979,華星光,94,22,72,國票-敦北法人,2024-01-02,0037003700390063
6121,新普,81,16,65,國票-敦北法人,2024-01-02,0037003700390063
2454,聯發科,64,3,61,國票-敦北法人,2024-01-02,0037003700390063
2739,寒舍,60,0,60,國票-敦北法人,2024-01-02,0037003700390063
00661,元大日經225,51,0,51,國票-敦北法人,2024-01-02,0037003700390063
2634,漢翔,50,0,50,國票-敦北法人,2024-01-02,0037003700390063
1325,恆大,63,13,50,國票-敦北法人,2024-01-02,0037003700390063
2609,陽明,375,329,46,國票-敦北法人,2024-01-02,0037003700390063
3035,智原,53,7,46,國票-敦北法人,2024-01-02,0037003700390063
6290,良維,41,1,40,國票-敦北法人,2024-01-02,0037003700390063
2301,光寶科,34,0,34,國票-敦北法人,2024-01-02,0037003700390063
2501,國建,48,16,32,國票-敦北法人,2024-01-02,0037003700390063
1416,廣豐,30,0,30,國票-敦北法人,2024-01-02,0037003700390063
5521,工信,53,27,26,國票-敦北法人,2024-01-02,0037003700390063
2357,華碩,27,2,25,國票-敦北法人,2024-01-02,0037003700390063
8033,雷虎,21,0,21,國票-敦北法人,2024-01-02,0037003700390063
4702,中美實,19,0,19,國票-敦北法人,2024-01-02,0037003700390063
6869,雲豹能源,19,0,19,國票-敦北法人,2024-01-02,0037003700390063
3709,鑫聯大投控,18,0,18,國票-敦北法人,2024-01-02,0037003700390063
2467,志聖,21,4,17,國票-敦北法人,2024-01-02,0037003700390063
5608,四維航,16,0,16,國票-敦北法人,2024-01-02,0037003700390063
3583,辛耘,15,0,15,國票-敦北法人,2024-01-02,0037003700390063
1529,樂事綠能,15,0,15,國票-敦北法人,2024-01-02,0037003700390063
1442,名軒,15,0,15,國票-敦北法人,2024-01-02,0037003700390063
6669,緯穎,16,2,14,國票-敦北法人,2024-01-02,0037003700390063
6472,保瑞,14,0,14,國票-敦北法人,2024-01-02,0037003700390063
5425,台半,12,0,12,國票-敦北法人,2024-01-02,0037003700390063
3402,漢科,20,8,12,國票-敦北法人,2024-01-02,0037003700390063
6163,華電網,12,1,11,國票-敦北法人,2024-01-02,0037003700390063
6625,必應,13,2,11,國票-敦北法人,2024-01-02,0037003700390063
6257,矽格,11,0,11,國票-敦北法人,2024-01-02,0037003700390063
2481,強茂,11,0,11,國票-敦北法人,2024-01-02,0037003700390063
3059,華晶科,11,0,11,國票-敦北法人,2024-01-02,0037003700390063
3122,笙泉,10,0,10,國票-敦北法人,2024-01-02,0037003700390063
6152,百一,10,0,10,國票-敦北法人,2024-01-02,0037003700390063
3548,兆利,13,3,10,國票-敦北法人,2024-01-02,0037003700390063
2338,光罩,10,0,10,國票-敦北法人,2024-01-02,0037003700390063
2885,元大金,2288,0,2288,國票-敦北法人,2024-01-03,0037003700390063
2892,第一金,2006,46,1960,國票-敦北法人,2024-01-03,0037003700390063
5876,上海商銀,750,0,750,國票-敦北法人,2024-01-03,0037003700390063
2891,中信金,635,5,630,國票-敦北法人,2024-01-03,0037003700390063
3035,智原,660,34,626,國票-敦北法人,2024-01-03,0037003700390063
2337,旺宏,592,0,592,國票-敦北法人,2024-01-03,0037003700390063
2352,佳世達,585,0,585,國票-敦北法人,2024-01-03,0037003700390063
2449,京元電子,545,0,545,國票-敦北法人,2024-01-03,0037003700390063
6147,頎邦,525,0,525,國票-敦北法人,2024-01-03,0037003700390063
3711,日月光投控,1011,520,491,國票-敦北法人,2024-01-03,0037003700390063
6176,瑞儀,397,7,390,國票-敦北法人,2024-01-03,0037003700390063
2353,宏��,342,2,340,國票-敦北法人,2024-01-03,0037003700390063
6140,訊達,302,23,279,國票-敦北法人,2024-01-03,0037003700390063
1325,恆大,252,0,252,國票-敦北法人,2024-01-03,0037003700390063
2347,聯強,401,151,250,國票-敦北法人,2024-01-03,0037003700390063
2474,可成,248,0,248,國票-敦北法人,2024-01-03,0037003700390063
6285,啟��,248,2,246,國票-敦北法人,2024-01-03,0037003700390063
8112,至上,250,17,233,國票-敦北法人,2024-01-03,0037003700390063
1732,毛寶,205,0,205,國票-敦北法人,2024-01-03,0037003700390063
6546,正基,202,0,202,國票-敦北法人,2024-01-03,0037003700390063
2454,聯發科,342,144,198,國票-敦北法人,2024-01-03,0037003700390063
2301,光寶科,194,1,193,國票-敦北法人,2024-01-03,0037003700390063
5483,中美晶,505,313,192,國票-敦北法人,2024-01-03,0037003700390063
5469,瀚宇博,180,0,180,國票-敦北法人,2024-01-03,0037003700390063
4919,新唐,164,0,164,國票-敦北法人,2024-01-03,0037003700390063
3264,欣銓,132,2,130,國票-敦北法人,2024-01-03,0037003700390063
6191,精成科,126,0,126,國票-敦北法人,2024-01-03,0037003700390063
2382,廣達,123,6,117,國票-敦北法人,2024-01-03,0037003700390063
6164,華興,112,7,105,國票-敦北法人,2024-01-03,0037003700390063
8150,南茂,100,0,100,國票-敦北法人,2024-01-03,0037003700390063
6213,聯茂,101,12,89,國票-敦北法人,2024-01-03,0037003700390063
00713,元大台灣高息低波,83,0,83,國票-敦北法人,2024-01-03,0037003700390063
6223,旺矽,94,15,79,國票-敦北法人,2024-01-03,0037003700390063
2603,長榮,157,81,76,國票-敦北法人,2024-01-03,0037003700390063
2501,國建,70,0,70,國票-敦北法人,2024-01-03,0037003700390063
2059,川湖,58,0,58,國票-敦北法人,2024-01-03,0037003700390063
3661,世芯-KY,62,7,55,國票-敦北法人,2024-01-03,0037003700390063
9919,康那香,63,9,54,國票-敦北法人,2024-01-03,0037003700390063
5347,世界,51,0,51,國票-敦北法人,2024-01-03,0037003700390063
3533,嘉澤,51,0,51,國票-敦北法人,2024-01-03,0037003700390063
5388,中磊,51,1,50,國票-敦北法人,2024-01-03,0037003700390063
00929,復華台灣科技優息,52,3,49,國票-敦北法人,2024-01-03,0037003700390063
00751B,元大AAA至A公司債,49,0,49,國票-敦北法人,2024-01-03,0037003700390063
6182,合晶,50,2,48,國票-敦北法人,2024-01-03,0037003700390063
3228,金麗科,47,0,47,國票-敦北法人,2024-01-03,0037003700390063
00632R,元大台灣50反1,50,3,47,國票-敦北法人,2024-01-03,0037003700390063
2362,藍天,141,105,36,國票-敦北法人,2024-01-03,0037003700390063
6695,芯鼎,79,43,36,國票-敦北法人,2024-01-03,0037003700390063
3189,景碩,35,0,35,國票-敦北法人,2024-01-03,0037003700390063
3034,聯詠,75,46,29,國票-敦北法人,2024-01-03,0037003700390063
2337,旺宏,1500,0,1500,國票-敦北法人,2024-01-04,0037003700390063
2352,佳世達,1311,29,1282,國票-敦北法人,2024-01-04,0037003700390063
2347,聯強,1100,0,1100,國票-敦北法人,2024-01-04,0037003700390063
2449,京元電子,1003,29,974,國票-敦北法人,2024-01-04,0037003700390063
6239,力成,902,1,901,國票-敦北法人,2024-01-04,0037003700390063
3702,大聯大,850,0,850,國票-敦北法人,2024-01-04,0037003700390063
2618,長榮航,868,82,786,國票-敦北法人,2024-01-04,0037003700390063
5469,瀚宇博,703,0,703,國票-敦北法人,2024-01-04,0037003700390063
3044,健鼎,650,0,650,國票-敦北法人,2024-01-04,0037003700390063
2609,陽明,1219,606,613,國票-敦北法人,2024-01-04,0037003700390063
2303,聯電,611,4,607,國票-敦北法人,2024-01-04,0037003700390063
3189,景碩,601,0,601,國票-敦北法人,2024-01-04,0037003700390063
2353,宏��,523,6,517,國票-敦北法人,2024-01-04,0037003700390063
6182,合晶,501,0,501,國票-敦北法人,2024-01-04,0037003700390063
2385,群光,500,0,500,國票-敦北法人,2024-01-04,0037003700390063
4915,致伸,500,0,500,國票-敦北法人,2024-01-04,0037003700390063
4938,和碩,500,0,500,國票-敦北法人,2024-01-04,0037003700390063
6147,頎邦,500,2,498,國票-敦北法人,2024-01-04,0037003700390063
6191,精成科,452,1,451,國票-敦北法人,2024-01-04,0037003700390063
3264,欣銓,402,2,400,國票-敦北法人,2024-01-04,0037003700390063
2603,長榮,417,37,380,國票-敦北法人,2024-01-04,0037003700390063
6285,啟��,351,0,351,國票-敦北法人,2024-01-04,0037003700390063
6113,亞矽,578,258,320,國票-敦北法人,2024-01-04,0037003700390063
3481,群創,331,23,308,國票-敦北法人,2024-01-04,0037003700390063
6462,神盾,312,10,302,國票-敦北法人,2024-01-04,0037003700390063
2363,矽統,250,6,244,國票-敦北法人,2024-01-04,0037003700390063
6271,同欣電,240,0,240,國票-敦北法人,2024-01-04,0037003700390063
2611,志信,293,68,225,國票-敦北法人,2024-01-04,0037003700390063
5388,中磊,200,0,200,國票-敦北法人,2024-01-04,0037003700390063
9958,世紀鋼,209,11,198,國票-敦北法人,2024-01-04,0037003700390063
4958,臻鼎-KY,200,3,197,國票-敦北法人,2024-01-04,0037003700390063
8155,博智,154,0,154,國票-敦北法人,2024-01-04,0037003700390063
00712,復華富時不動產,100,0,100,國票-敦北法人,2024-01-04,0037003700390063
00687B,國泰20年美債,96,0,96,國票-敦北法人,2024-01-04,0037003700390063
3032,偉訓,90,0,90,國票-敦北法人,2024-01-04,0037003700390063
2301,光寶科,90,0,90,國票-敦北法人,2024-01-04,0037003700390063
2605,新興,89,2,87,國票-敦北法人,2024-01-04,0037003700390063
3017,奇鋐,117,34,83,國票-敦北法人,2024-01-04,0037003700390063
8096,擎亞,87,5,82,國票-敦北法人,2024-01-04,0037003700390063
00919,群益台灣精選高息,74,0,74,國票-敦北法人,2024-01-04,0037003700390063
1325,恆大,270,196,74,國票-敦北法人,2024-01-04,0037003700390063
1795,美時,72,1,71,國票-敦北法人,2024-01-04,0037003700390063
00881,國泰台灣5G+,65,0,65,國票-敦北法人,2024-01-04,0037003700390063
00720B,元大投資級公司債,62,0,62,國票-敦北法人,2024-01-04,0037003700390063
1732,毛寶,250,190,60,國票-敦北法人,2024-01-04,0037003700390063
3661,世芯-KY,52,2,50,國票-敦北法人,2024-01-04,0037003700390063
2201,裕隆,50,0,50,國票-敦北法人,2024-01-04,0037003700390063
2387,精元,48,0,48,國票-敦北法人,2024-01-04,0037003700390063
4979,華星光,50,4,46,國票-敦北法人,2024-01-04,0037003700390063
4702,中美實,39,0,39,國票-敦北法人,2024-01-04,0037003700390063
2884,玉山金,1600,0,1600,國票-敦北法人,2024-01-05,0037003700390063
2002,中鋼,1502,1,1501,國票-敦北法人,2024-01-05,0037003700390063
2344,華邦電,1510,10,1500,國票-敦北法人,2024-01-05,0037003700390063
2313,華通,721,21,700,國票-敦北法人,2024-01-05,0037003700390063
5225,東科-KY,508,5,503,國票-敦北法人,2024-01-05,0037003700390063
3035,智原,688,236,452,國票-敦北法人,2024-01-05,0037003700390063
3037,欣興,302,1,301,國票-敦北法人,2024-01-05,0037003700390063
3017,奇鋐,207,15,192,國票-敦北法人,2024-01-05,0037003700390063
3481,群創,371,191,180,國票-敦北法人,2024-01-05,0037003700390063
2301,光寶科,149,0,149,國票-敦北法人,2024-01-05,0037003700390063
6121,新普,137,0,137,國票-敦北法人,2024-01-05,0037003700390063
3305,昇貿,122,1,121,國票-敦北法人,2024-01-05,0037003700390063
2204,中華,120,0,120,國票-敦北法人,2024-01-05,0037003700390063
2376,技嘉,116,2,114,國票-敦北法人,2024-01-05,0037003700390063
2618,長榮航,121,10,111,國票-敦北法人,2024-01-05,0037003700390063
3105,穩懋,105,0,105,國票-敦北法人,2024-01-05,0037003700390063
6715,嘉基,101,0,101,國票-敦北法人,2024-01-05,0037003700390063
5425,台半,101,1,100,國票-敦北法人,2024-01-05,0037003700390063
3413,京鼎,100,0,100,國票-敦北法人,2024-01-05,0037003700390063
00680L,元大美債20正2,105,20,85,國票-敦北法人,2024-01-05,0037003700390063
6643,M31,81,0,81,國票-敦北法人,2024-01-05,0037003700390063
2610,華航,86,10,76,國票-敦北法人,2024-01-05,0037003700390063
2486,一詮,114,38,76,國票-敦北法人,2024-01-05,0037003700390063
6223,旺矽,71,0,71,國票-敦北法人,2024-01-05,0037003700390063
6239,力成,70,0,70,國票-敦北法人,2024-01-05,0037003700390063
6219,富旺,65,0,65,國票-敦北法人,2024-01-05,0037003700390063
00929,復華台灣科技優息,63,0,63,國票-敦北法人,2024-01-05,0037003700390063
00891,中信關鍵半導體,53,0,53,國票-敦北法人,2024-01-05,0037003700390063
6213,聯茂,51,1,50,國票-敦北法人,2024-01-05,0037003700390063
6546,正基,47,0,47,國票-敦北法人,2024-01-05,0037003700390063
00706L,期元大S＆P日圓正2,46,0,46,國票-敦北法人,2024-01-05,0037003700390063
3030,德律,42,2,40,國票-敦北法人,2024-01-05,0037003700390063
1476,儒鴻,40,0,40,國票-敦北法人,2024-01-05,0037003700390063
9103,美德醫療-DR,83,43,40,國票-敦北法人,2024-01-05,0037003700390063
6180,橘子,35,0,35,國票-敦北法人,2024-01-05,0037003700390063
2353,宏��,53,19,34,國票-敦北法人,2024-01-05,0037003700390063
1210,大成,31,0,31,國票-敦北法人,2024-01-05,0037003700390063
6592,和潤企業,28,0,28,國票-敦北法人,2024-01-05,0037003700390063
2387,精元,49,23,26,國票-敦北法人,2024-01-05,0037003700390063
00919,群益台灣精選高息,22,0,22,國票-敦北法人,2024-01-05,0037003700390063
2327,國巨,21,0,21,國票-敦北法人,2024-01-05,0037003700390063
1519,華城,27,6,21,國票-敦北法人,2024-01-05,0037003700390063
2883,凱基金,21,0,21,國票-敦北法人,2024-01-05,0037003700390063
3047,訊舟,20,0,20,國票-敦北法人,2024-01-05,0037003700390063
2834,臺企銀,20,0,20,國票-敦北法人,2024-01-05,0037003700390063
1409,新纖,20,0,20,國票-敦北法人,2024-01-05,0037003700390063
3702,大聯大,20,0,20,國票-敦北法人,2024-01-05,0037003700390063
3694,海華,20,1,19,國票-敦北法人,2024-01-05,0037003700390063
5274,信驊,17,0,17,國票-敦北法人,2024-01-05,0037003700390063
6462,神盾,25,9,16,國票-敦北法人,2024-01-05,0037003700390063
3481,群創,2242,226,2016,國票-敦北法人,2024-01-08,0037003700390063
2362,藍天,730,68,662,國票-敦北法人,2024-01-08,0037003700390063
2313,華通,389,33,356,國票-敦北法人,2024-01-08,0037003700390063
6138,茂達,268,0,268,國票-敦北法人,2024-01-08,0037003700390063
2887,台新金,250,0,250,國票-敦北法人,2024-01-08,0037003700390063
6213,聯茂,208,0,208,國票-敦北法人,2024-01-08,0037003700390063
3260,威剛,201,20,181,國票-敦北法人,2024-01-08,0037003700390063
3046,建��,179,1,178,國票-敦北法人,2024-01-08,0037003700390063
2360,致茂,172,0,172,國票-敦北法人,2024-01-08,0037003700390063
4736,泰博,170,0,170,國票-敦北法人,2024-01-08,0037003700390063
6531,愛普*,191,30,161,國票-敦北法人,2024-01-08,0037003700390063
2301,光寶科,160,1,159,國票-敦北法人,2024-01-08,0037003700390063
2486,一詮,160,9,151,國票-敦北法人,2024-01-08,0037003700390063
3231,緯創,153,48,105,國票-敦北法人,2024-01-08,0037003700390063
2609,陽明,343,240,103,國票-敦北法人,2024-01-08,0037003700390063
1514,亞力,105,5,100,國票-敦北法人,2024-01-08,0037003700390063
6143,振曜,100,0,100,國票-敦北法人,2024-01-08,0037003700390063
4746,台耀,100,0,100,國票-敦北法人,2024-01-08,0037003700390063
00936,台新永續高息中小,100,1,99,國票-敦北法人,2024-01-08,0037003700390063
4956,光鋐,85,3,82,國票-敦北法人,2024-01-08,0037003700390063
5388,中磊,80,2,78,國票-敦北法人,2024-01-08,0037003700390063
1477,聚陽,76,0,76,國票-敦北法人,2024-01-08,0037003700390063
9939,宏全,69,0,69,國票-敦北法人,2024-01-08,0037003700390063
2727,王品,63,0,63,國票-敦北法人,2024-01-08,0037003700390063
4763,材料-KY,88,34,54,國票-敦北法人,2024-01-08,0037003700390063
5234,達興材料,50,0,50,國票-敦北法人,2024-01-08,0037003700390063
3293,鈊象,52,3,49,國票-敦北法人,2024-01-08,0037003700390063
3702,大聯大,46,0,46,國票-敦北法人,2024-01-08,0037003700390063
2498,宏達電,139,94,45,國票-敦北法人,2024-01-08,0037003700390063
2421,建準,43,1,42,國票-敦北法人,2024-01-08,0037003700390063
2449,京元電子,55,15,40,國票-敦北法人,2024-01-08,0037003700390063
2707,晶華,36,0,36,國票-敦北法人,2024-01-08,0037003700390063
00687B,國泰20年美債,36,0,36,國票-敦北法人,2024-01-08,0037003700390063
00637L,元大滬深300正2,36,3,33,國票-敦北法人,2024-01-08,0037003700390063
00680L,元大美債20正2,32,0,32,國票-敦北法人,2024-01-08,0037003700390063
3390,旭軟,30,0,30,國票-敦北法人,2024-01-08,0037003700390063
3025,星通,33,3,30,國票-敦北法人,2024-01-08,0037003700390063
6643,M31,30,2,28,國票-敦北法人,2024-01-08,0037003700390063
2317,鴻海,27,0,27,國票-敦北法人,2024-01-08,0037003700390063
2530,華建,25,0,25,國票-敦北法人,2024-01-08,0037003700390063
6695,芯鼎,40,16,24,國票-敦北法人,2024-01-08,0037003700390063
2409,友達,51,28,23,國票-敦北法人,2024-01-08,0037003700390063
5244,弘凱,21,0,21,國票-敦北法人,2024-01-08,0037003700390063
2436,偉詮電,21,0,21,國票-敦北法人,2024-01-08,0037003700390063
6187,萬潤,28,7,21,國票-敦北法人,2024-01-08,0037003700390063
6108,競國,20,0,20,國票-敦北法人,2024-01-08,0037003700390063
6683,雍智科技,20,0,20,國票-敦北法人,2024-01-08,0037003700390063
4707,磐亞,20,0,20,國票-敦北法人,2024-01-08,0037003700390063
3276,宇環,20,0,20,國票-敦北法人,2024-01-08,0037003700390063
2105,正新,20,0,20,國票-敦北法人,2024-01-08,0037003700390063
3231,緯創,1324,122,1202,國票-敦北法人,2024-01-09,0037003700390063
8210,勤誠,469,38,431,國票-敦北法人,2024-01-09,0037003700390063
4956,光鋐,494,98,396,國票-敦北法人,2024-01-09,0037003700390063
3036,文曄,353,0,353,國票-敦北法人,2024-01-09,0037003700390063
2362,藍天,348,15,333,國票-敦北法人,2024-01-09,0037003700390063
5426,振發,343,26,317,國票-敦北法人,2024-01-09,0037003700390063
00715L,期街口布蘭特正2,270,0,270,國票-敦北法人,2024-01-09,0037003700390063
6138,茂達,270,3,267,國票-敦北法人,2024-01-09,0037003700390063
3287,廣寰科,495,252,243,國票-敦北法人,2024-01-09,0037003700390063
2356,英業達,258,34,224,國票-敦北法人,2024-01-09,0037003700390063
2530,華建,243,53,190,國票-敦北法人,2024-01-09,0037003700390063
1402,遠東新,150,0,150,國票-敦北法人,2024-01-09,0037003700390063
00919,群益台灣精選高息,147,0,147,國票-敦北法人,2024-01-09,0037003700390063
5483,中美晶,150,20,130,國票-敦北法人,2024-01-09,0037003700390063
5388,中磊,130,0,130,國票-敦北法人,2024-01-09,0037003700390063
2382,廣達,285,167,118,國票-敦北法人,2024-01-09,0037003700390063
6223,旺矽,135,18,117,國票-敦北法人,2024-01-09,0037003700390063
00937B,群益ESG投等債20,116,7,109,國票-敦北法人,2024-01-09,0037003700390063
8070,長華*,108,0,108,國票-敦北法人,2024-01-09,0037003700390063
2845,遠東銀,100,0,100,國票-敦北法人,2024-01-09,0037003700390063
1519,華城,118,24,94,國票-敦北法人,2024-01-09,0037003700390063
4746,台耀,88,1,87,國票-敦北法人,2024-01-09,0037003700390063
2609,陽明,222,152,70,國票-敦北法人,2024-01-09,0037003700390063
2330,台積電,80,11,69,國票-敦北法人,2024-01-09,0037003700390063
6715,嘉基,60,0,60,國票-敦北法人,2024-01-09,0037003700390063
00712,復華富時不動產,60,0,60,國票-敦北法人,2024-01-09,0037003700390063
3443,創意,61,1,60,國票-敦北法人,2024-01-09,0037003700390063
1723,中碳,50,0,50,國票-敦北法人,2024-01-09,0037003700390063
3228,金麗科,47,0,47,國票-敦北法人,2024-01-09,0037003700390063
2352,佳世達,60,18,42,國票-敦北法人,2024-01-09,0037003700390063
3059,華晶科,40,0,40,國票-敦北法人,2024-01-09,0037003700390063
00933B,國泰10Y+金融債,39,0,39,國票-敦北法人,2024-01-09,0037003700390063
00680L,元大美債20正2,31,0,31,國票-敦北法人,2024-01-09,0037003700390063
2495,普安,30,0,30,國票-敦北法人,2024-01-09,0037003700390063
5258,虹堡,27,0,27,國票-敦北法人,2024-01-09,0037003700390063
5512,力麒,25,0,25,國票-敦北法人,2024-01-09,0037003700390063
3055,蔚華科,32,8,24,國票-敦北法人,2024-01-09,0037003700390063
3693,營邦,26,4,22,國票-敦北法人,2024-01-09,0037003700390063
4720,德淵,21,0,21,國票-敦北法人,2024-01-09,0037003700390063
5244,弘凱,21,0,21,國票-敦北法人,2024-01-09,0037003700390063
4735,豪展,20,0,20,國票-敦北法人,2024-01-09,0037003700390063
3031,佰鴻,20,0,20,國票-敦北法人,2024-01-09,0037003700390063
4971,IET-KY,20,0,20,國票-敦北法人,2024-01-09,0037003700390063
6282,康舒,20,0,20,國票-敦北法人,2024-01-09,0037003700390063
2324,仁寶,47,28,19,國票-敦北法人,2024-01-09,0037003700390063
00773B,中信優先金融債,17,0,17,國票-敦北法人,2024-01-09,0037003700390063
6219,富旺,20,4,16,國票-敦北法人,2024-01-09,0037003700390063
2610,華航,25,9,16,國票-敦北法人,2024-01-09,0037003700390063
00929,復華台灣科技優息,15,0,15,國票-敦北法人,2024-01-09,0037003700390063
5014,建錩,15,0,15,國票-敦北法人,2024-01-09,0037003700390063
2382,廣達,1771,4,1767,國票-敦北法人,2024-01-10,0037003700390063
2329,華泰,706,6,700,國票-敦北法人,2024-01-10,0037003700390063
8096,擎亞,751,88,663,國票-敦北法人,2024-01-10,0037003700390063
3036,文曄,648,6,642,國票-敦北法人,2024-01-10,0037003700390063
6140,訊達,414,11,403,國票-敦北法人,2024-01-10,0037003700390063
6138,茂達,387,1,386,國票-敦北法人,2024-01-10,0037003700390063
1101,台泥,301,0,301,國票-敦北法人,2024-01-10,0037003700390063
3287,廣寰科,712,420,292,國票-敦北法人,2024-01-10,0037003700390063
3499,環天科,246,1,245,國票-敦北法人,2024-01-10,0037003700390063
2317,鴻海,258,26,232,國票-敦北法人,2024-01-10,0037003700390063
6462,神盾,244,23,221,國票-敦北法人,2024-01-10,0037003700390063
3548,兆利,208,7,201,國票-敦北法人,2024-01-10,0037003700390063
2458,義隆,152,5,147,國票-敦北法人,2024-01-10,0037003700390063
2357,華碩,142,2,140,國票-敦北法人,2024-01-10,0037003700390063
2049,上銀,126,0,126,國票-敦北法人,2024-01-10,0037003700390063
6451,訊芯-KY,110,0,110,國票-敦北法人,2024-01-10,0037003700390063
6005,群益證,100,0,100,國票-敦北法人,2024-01-10,0037003700390063
2891,中信金,101,2,99,國票-敦北法人,2024-01-10,0037003700390063
2520,冠德,82,0,82,國票-敦北法人,2024-01-10,0037003700390063
2356,英業達,106,34,72,國票-敦北法人,2024-01-10,0037003700390063
2387,精元,52,0,52,國票-敦北法人,2024-01-10,0037003700390063
00929,復華台灣科技優息,52,0,52,國票-敦北法人,2024-01-10,0037003700390063
4979,華星光,56,8,48,國票-敦北法人,2024-01-10,0037003700390063
6282,康舒,40,0,40,國票-敦北法人,2024-01-10,0037003700390063
00857B,永豐20年美公債,40,0,40,國票-敦北法人,2024-01-10,0037003700390063
8210,勤誠,139,105,34,國票-敦北法人,2024-01-10,0037003700390063
3661,世芯-KY,34,4,30,國票-敦北法人,2024-01-10,0037003700390063
5876,上海商銀,30,0,30,國票-敦北法人,2024-01-10,0037003700390063
1229,聯華,30,0,30,國票-敦北法人,2024-01-10,0037003700390063
00637L,元大滬深300正2,33,6,27,國票-敦北法人,2024-01-10,0037003700390063
3017,奇鋐,92,66,26,國票-敦北法人,2024-01-10,0037003700390063
6120,達運,48,22,26,國票-敦北法人,2024-01-10,0037003700390063
6715,嘉基,25,0,25,國票-敦北法人,2024-01-10,0037003700390063
2371,大同,77,52,25,國票-敦北法人,2024-01-10,0037003700390063
3588,通嘉,31,7,24,國票-敦北法人,2024-01-10,0037003700390063
6168,宏齊,22,0,22,國票-敦北法人,2024-01-10,0037003700390063
1904,正隆,20,0,20,國票-敦北法人,2024-01-10,0037003700390063
2603,長榮,33,14,19,國票-敦北法人,2024-01-10,0037003700390063
00919,群益台灣精選高息,19,1,18,國票-敦北法人,2024-01-10,0037003700390063
2888,新光金,18,0,18,國票-敦北法人,2024-01-10,0037003700390063
00878,國泰永續高股息,18,1,17,國票-敦北法人,2024-01-10,0037003700390063
9919,康那香,23,7,16,國票-敦北法人,2024-01-10,0037003700390063
00904,新光臺灣半導體30,16,0,16,國票-敦北法人,2024-01-10,0037003700390063
00688L,國泰20年美債正2,16,0,16,國票-敦北法人,2024-01-10,0037003700390063
00680L,元大美債20正2,15,0,15,國票-敦北法人,2024-01-10,0037003700390063
2316,楠梓電,15,0,15,國票-敦北法人,2024-01-10,0037003700390063
1301,台塑,13,0,13,國票-敦北法人,2024-01-10,0037003700390063
6669,緯穎,17,4,13,國票-敦北法人,2024-01-10,0037003700390063
2423,固緯,13,1,12,國票-敦北法人,2024-01-10,0037003700390063
6643,M31,12,0,12,國票-敦北法人,2024-01-10,0037003700390063
2486,一詮,1316,177,1139,國票-敦北法人,2024-01-11,0037003700390063
2330,台積電,732,11,721,國票-敦北法人,2024-01-11,0037003700390063
2376,技嘉,707,8,699,國票-敦北法人,2024-01-11,0037003700390063
4909,新復興,508,43,465,國票-敦北法人,2024-01-11,0037003700390063
6538,倉和,400,5,395,國票-敦北法人,2024-01-11,0037003700390063
2881,富邦金,302,0,302,國票-敦北法人,2024-01-11,0037003700390063
3032,偉訓,312,12,300,國票-敦北法人,2024-01-11,0037003700390063
00715L,期街口布蘭特正2,240,0,240,國票-敦北法人,2024-01-11,0037003700390063
6140,訊達,248,11,237,國票-敦北法人,2024-01-11,0037003700390063
2382,廣達,353,117,236,國票-敦北法人,2024-01-11,0037003700390063
3228,金麗科,258,23,235,國票-敦北法人,2024-01-11,0037003700390063
3217,優群,240,9,231,國票-敦北法人,2024-01-11,0037003700390063
2377,微星,180,0,180,國票-敦北法人,2024-01-11,0037003700390063
3711,日月光投控,134,0,134,國票-敦北法人,2024-01-11,0037003700390063
8227,巨有科技,159,32,127,國票-敦北法人,2024-01-11,0037003700390063
6223,旺矽,125,2,123,國票-敦北法人,2024-01-11,0037003700390063
3035,智原,241,126,115,國票-敦北法人,2024-01-11,0037003700390063
3481,群創,135,21,114,國票-敦北法人,2024-01-11,0037003700390063
6164,華興,108,3,105,國票-敦北法人,2024-01-11,0037003700390063
3548,兆利,218,116,102,國票-敦北法人,2024-01-11,0037003700390063
3363,上詮,104,3,101,國票-敦北法人,2024-01-11,0037003700390063
2329,華泰,109,11,98,國票-敦北法人,2024-01-11,0037003700390063
4979,華星光,126,38,88,國票-敦北法人,2024-01-11,0037003700390063
2357,華碩,82,0,82,國票-敦北法人,2024-01-11,0037003700390063
5439,高技,81,0,81,國票-敦北法人,2024-01-11,0037003700390063
3006,晶豪科,82,2,80,國票-敦北法人,2024-01-11,0037003700390063
6274,台燿,83,4,79,國票-敦北法人,2024-01-11,0037003700390063
00637L,元大滬深300正2,93,15,78,國票-敦北法人,2024-01-11,0037003700390063
2530,華建,79,1,78,國票-敦北法人,2024-01-11,0037003700390063
3706,神達,96,20,76,國票-敦北法人,2024-01-11,0037003700390063
5269,祥碩,118,61,57,國票-敦北法人,2024-01-11,0037003700390063
4906,正文,50,0,50,國票-敦北法人,2024-01-11,0037003700390063
6546,正基,59,14,45,國票-敦北法人,2024-01-11,0037003700390063
00857B,永豐20年美公債,45,0,45,國票-敦北法人,2024-01-11,0037003700390063
00891,中信關鍵半導體,40,0,40,國票-敦北法人,2024-01-11,0037003700390063
1477,聚陽,39,1,38,國票-敦北法人,2024-01-11,0037003700390063
3529,力旺,38,0,38,國票-敦北法人,2024-01-11,0037003700390063
6805,富世達,36,0,36,國票-敦北法人,2024-01-11,0037003700390063
00929,復華台灣科技優息,39,7,32,國票-敦北法人,2024-01-11,0037003700390063
1815,富喬,30,0,30,國票-敦北法人,2024-01-11,0037003700390063
5512,力麒,35,6,29,國票-敦北法人,2024-01-11,0037003700390063
5351,鈺創,30,2,28,國票-敦北法人,2024-01-11,0037003700390063
1301,台塑,27,0,27,國票-敦北法人,2024-01-11,0037003700390063
5258,虹堡,27,4,23,國票-敦北法人,2024-01-11,0037003700390063
2353,宏��,37,17,20,國票-敦北法人,2024-01-11,0037003700390063
5425,台半,21,1,20,國票-敦北法人,2024-01-11,0037003700390063
5328,華容,20,0,20,國票-敦北法人,2024-01-11,0037003700390063
00687B,國泰20年美債,20,0,20,國票-敦北法人,2024-01-11,0037003700390063
8069,元太,20,0,20,國票-敦北法人,2024-01-11,0037003700390063
6668,中揚光,18,1,17,國票-敦北法人,2024-01-11,0037003700390063
2603,長榮,1003,4,999,國票-敦北法人,2024-01-12,0037003700390063
4979,華星光,705,5,700,國票-敦北法人,2024-01-12,0037003700390063
3036,文曄,514,81,433,國票-敦北法人,2024-01-12,0037003700390063
2376,技嘉,424,0,424,國票-敦北法人,2024-01-12,0037003700390063
00830,國泰費城半導體,347,0,347,國票-敦北法人,2024-01-12,0037003700390063
5388,中磊,300,0,300,國票-敦北法人,2024-01-12,0037003700390063
3231,緯創,488,259,229,國票-敦北法人,2024-01-12,0037003700390063
2382,廣達,404,179,225,國票-敦北法人,2024-01-12,0037003700390063
6223,旺矽,204,3,201,國票-敦北法人,2024-01-12,0037003700390063
9958,世紀鋼,125,0,125,國票-敦北法人,2024-01-12,0037003700390063
3548,兆利,121,4,117,國票-敦北法人,2024-01-12,0037003700390063
00937B,群益ESG投等債20,112,2,110,國票-敦北法人,2024-01-12,0037003700390063
2530,華建,101,0,101,國票-敦北法人,2024-01-12,0037003700390063
00929,復華台灣科技優息,64,6,58,國票-敦北法人,2024-01-12,0037003700390063
3131,弘塑,59,10,49,國票-敦北法人,2024-01-12,0037003700390063
3035,智原,121,74,47,國票-敦北法人,2024-01-12,0037003700390063
6805,富世達,49,3,46,國票-敦北法人,2024-01-12,0037003700390063
2327,國巨,45,0,45,國票-敦北法人,2024-01-12,0037003700390063
6643,M31,44,1,43,國票-敦北法人,2024-01-12,0037003700390063
2634,漢翔,51,10,41,國票-敦北法人,2024-01-12,0037003700390063
6477,安集,40,0,40,國票-敦北法人,2024-01-12,0037003700390063
3228,金麗科,40,5,35,國票-敦北法人,2024-01-12,0037003700390063
8227,巨有科技,91,59,32,國票-敦北法人,2024-01-12,0037003700390063
00676R,富邦臺灣加權反1,30,0,30,國票-敦北法人,2024-01-12,0037003700390063
5244,弘凱,30,0,30,國票-敦北法人,2024-01-12,0037003700390063
1101,台泥,30,0,30,國票-敦北法人,2024-01-12,0037003700390063
8176,智捷,30,0,30,國票-敦北法人,2024-01-12,0037003700390063
5425,台半,29,0,29,國票-敦北法人,2024-01-12,0037003700390063
5876,上海商銀,27,0,27,國票-敦北法人,2024-01-12,0037003700390063
2330,台積電,30,4,26,國票-敦北法人,2024-01-12,0037003700390063
4702,中美實,25,0,25,國票-敦北法人,2024-01-12,0037003700390063
6108,競國,35,15,20,國票-敦北法人,2024-01-12,0037003700390063
5439,高技,20,0,20,國票-敦北法人,2024-01-12,0037003700390063
2465,麗臺,20,0,20,國票-敦北法人,2024-01-12,0037003700390063
1442,名軒,20,0,20,國票-敦北法人,2024-01-12,0037003700390063
2387,精元,20,0,20,國票-敦北法人,2024-01-12,0037003700390063
2377,微星,18,0,18,國票-敦北法人,2024-01-12,0037003700390063
3027,盛達,17,0,17,國票-敦北法人,2024-01-12,0037003700390063
00722B,群益投資級電信債,16,0,16,國票-敦北法人,2024-01-12,0037003700390063
2331,精英,19,4,15,國票-敦北法人,2024-01-12,0037003700390063
3008,大立光,21,6,15,國票-敦北法人,2024-01-12,0037003700390063
6593,台灣銘板,23,9,14,國票-敦北法人,2024-01-12,0037003700390063
6695,芯鼎,36,23,13,國票-敦北法人,2024-01-12,0037003700390063
6416,瑞祺電通,13,0,13,國票-敦北法人,2024-01-12,0037003700390063
3661,世芯-KY,13,1,12,國票-敦北法人,2024-01-12,0037003700390063
6669,緯穎,14,2,12,國票-敦北法人,2024-01-12,0037003700390063
8916,光隆,10,0,10,國票-敦北法人,2024-01-12,0037003700390063
1524,耿鼎,10,0,10,國票-敦北法人,2024-01-12,0037003700390063
6244,茂迪,10,0,10,國票-敦北法人,2024-01-12,0037003700390063
2883,凱基金,10,0,10,國票-敦北法人,2024-01-12,0037003700390063
00929,復華台灣科技優息,1220,0,1220,國票-敦北法人,2024-01-15,0037003700390063
00919,群益台灣精選高息,1110,12,1098,國票-敦北法人,2024-01-15,0037003700390063
8096,擎亞,884,61,823,國票-敦北法人,2024-01-15,0037003700390063
2603,長榮,636,53,583,國票-敦北法人,2024-01-15,0037003700390063
4909,新復興,570,69,501,國票-敦北法人,2024-01-15,0037003700390063
3025,星通,478,7,471,國票-敦北法人,2024-01-15,0037003700390063
2408,南亞科,622,225,397,國票-敦北法人,2024-01-15,0037003700390063
2330,台積電,502,127,375,國票-敦北法人,2024-01-15,0037003700390063
6243,迅杰,342,3,339,國票-敦北法人,2024-01-15,0037003700390063
3036,文曄,340,2,338,國票-敦北法人,2024-01-15,0037003700390063
1528,恩德,327,8,319,國票-敦北法人,2024-01-15,0037003700390063
3034,聯詠,293,38,255,國票-敦北法人,2024-01-15,0037003700390063
6698,旭暉應材,248,5,243,國票-敦北法人,2024-01-15,0037003700390063
6830,汎銓,215,0,215,國票-敦北法人,2024-01-15,0037003700390063
2383,台光電,162,2,160,國票-敦北法人,2024-01-15,0037003700390063
2301,光寶科,151,0,151,國票-敦北法人,2024-01-15,0037003700390063
00715L,期街口布蘭特正2,144,0,144,國票-敦北法人,2024-01-15,0037003700390063
9958,世紀鋼,156,14,142,國票-敦北法人,2024-01-15,0037003700390063
1795,美時,138,12,126,國票-敦北法人,2024-01-15,0037003700390063
9904,寶成,122,10,112,國票-敦北法人,2024-01-15,0037003700390063
0056,元大高股息,114,4,110,國票-敦北法人,2024-01-15,0037003700390063
4908,前鼎,100,0,100,國票-敦北法人,2024-01-15,0037003700390063
1560,中砂,168,74,94,國票-敦北法人,2024-01-15,0037003700390063
4938,和碩,96,4,92,國票-敦北法人,2024-01-15,0037003700390063
2382,廣達,96,9,87,國票-敦北法人,2024-01-15,0037003700390063
3231,緯創,137,57,80,國票-敦北法人,2024-01-15,0037003700390063
9914,美利達,76,0,76,國票-敦北法人,2024-01-15,0037003700390063
2609,陽明,76,14,62,國票-敦北法人,2024-01-15,0037003700390063
3545,敦泰,60,0,60,國票-敦北法人,2024-01-15,0037003700390063
5347,世界,50,0,50,國票-敦北法人,2024-01-15,0037003700390063
3481,群創,50,0,50,國票-敦北法人,2024-01-15,0037003700390063
00632R,元大台灣50反1,50,0,50,國票-敦北法人,2024-01-15,0037003700390063
8926,台汽電,47,0,47,國票-敦北法人,2024-01-15,0037003700390063
3149,正達,45,0,45,國票-敦北法人,2024-01-15,0037003700390063
2888,新光金,35,0,35,國票-敦北法人,2024-01-15,0037003700390063
6113,亞矽,46,14,32,國票-敦北法人,2024-01-15,0037003700390063
6223,旺矽,130,99,31,國票-敦北法人,2024-01-15,0037003700390063
00934,中信成長高股息,30,0,30,國票-敦北法人,2024-01-15,0037003700390063
8131,福懋科,30,0,30,國票-敦北法人,2024-01-15,0037003700390063
00720B,元大投資級公司債,30,1,29,國票-敦北法人,2024-01-15,0037003700390063
00751B,元大AAA至A公司債,30,1,29,國票-敦北法人,2024-01-15,0037003700390063
00936,台新永續高息中小,28,0,28,國票-敦北法人,2024-01-15,0037003700390063
2610,華航,31,8,23,國票-敦北法人,2024-01-15,0037003700390063
2368,金像電,56,34,22,國票-敦北法人,2024-01-15,0037003700390063
1612,宏泰,52,30,22,國票-敦北法人,2024-01-15,0037003700390063
00641R,富邦日本反1,21,0,21,國票-敦北法人,2024-01-15,0037003700390063
2324,仁寶,20,1,19,國票-敦北法人,2024-01-15,0037003700390063
1514,亞力,59,41,18,國票-敦北法人,2024-01-15,0037003700390063
6176,瑞儀,18,1,17,國票-敦北法人,2024-01-15,0037003700390063
4906,正文,22,6,16,國票-敦北法人,2024-01-15,0037003700390063
2891,中信金,4002,24,3978,國票-敦北法人,2024-01-16,0037003700390063
2885,元大金,3015,44,2971,國票-敦北法人,2024-01-16,0037003700390063
3481,群創,2898,50,2848,國票-敦北法人,2024-01-16,0037003700390063
2329,華泰,1072,19,1053,國票-敦北法人,2024-01-16,0037003700390063
2449,京元電子,616,4,612,國票-敦北法人,2024-01-16,0037003700390063
3264,欣銓,605,3,602,國票-敦北法人,2024-01-16,0037003700390063
3036,文曄,496,7,489,國票-敦北法人,2024-01-16,0037003700390063
00645,富邦日本,400,0,400,國票-敦北法人,2024-01-16,0037003700390063
00662,富邦NASDAQ,381,0,381,國票-敦北法人,2024-01-16,0037003700390063
2303,聯電,337,16,321,國票-敦北法人,2024-01-16,0037003700390063
2301,光寶科,300,41,259,國票-敦北法人,2024-01-16,0037003700390063
00632R,元大台灣50反1,257,25,232,國票-敦北法人,2024-01-16,0037003700390063
2486,一詮,760,529,231,國票-敦北法人,2024-01-16,0037003700390063
6462,神盾,221,0,221,國票-敦北法人,2024-01-16,0037003700390063
2317,鴻海,203,0,203,國票-敦北法人,2024-01-16,0037003700390063
4938,和碩,200,1,199,國票-敦北法人,2024-01-16,0037003700390063
2382,廣達,204,6,198,國票-敦北法人,2024-01-16,0037003700390063
1402,遠東新,190,0,190,國票-敦北法人,2024-01-16,0037003700390063
00937B,群益ESG投等債20,178,6,172,國票-敦北法人,2024-01-16,0037003700390063
2383,台光電,167,2,165,國票-敦北法人,2024-01-16,0037003700390063
6274,台燿,253,91,162,國票-敦北法人,2024-01-16,0037003700390063
2374,佳能,152,1,151,國票-敦北法人,2024-01-16,0037003700390063
1504,東元,125,0,125,國票-敦北法人,2024-01-16,0037003700390063
9904,寶成,121,0,121,國票-敦北法人,2024-01-16,0037003700390063
6285,啟��,117,6,111,國票-敦北法人,2024-01-16,0037003700390063
8210,勤誠,116,10,106,國票-敦北法人,2024-01-16,0037003700390063
2476,鉅祥,103,3,100,國票-敦北法人,2024-01-16,0037003700390063
1528,恩德,418,329,89,國票-敦北法人,2024-01-16,0037003700390063
00661,元大日經225,84,0,84,國票-敦北法人,2024-01-16,0037003700390063
2368,金像電,79,1,78,國票-敦北法人,2024-01-16,0037003700390063
8299,群聯,76,6,70,國票-敦北法人,2024-01-16,0037003700390063
00637L,元大滬深300正2,68,6,62,國票-敦北法人,2024-01-16,0037003700390063
00680L,元大美債20正2,50,0,50,國票-敦北法人,2024-01-16,0037003700390063
00688L,國泰20年美債正2,50,0,50,國票-敦北法人,2024-01-16,0037003700390063
3035,智原,185,136,49,國票-敦北法人,2024-01-16,0037003700390063
3363,上詮,50,2,48,國票-敦北法人,2024-01-16,0037003700390063
8926,台汽電,45,0,45,國票-敦北法人,2024-01-16,0037003700390063
8436,大江,40,1,39,國票-敦北法人,2024-01-16,0037003700390063
4123,晟德,86,47,39,國票-敦北法人,2024-01-16,0037003700390063
2618,長榮航,39,2,37,國票-敦北法人,2024-01-16,0037003700390063
3322,建舜電,31,0,31,國票-敦北法人,2024-01-16,0037003700390063
2376,技嘉,30,0,30,國票-敦北法人,2024-01-16,0037003700390063
8131,福懋科,30,0,30,國票-敦北法人,2024-01-16,0037003700390063
6218,豪勉,30,1,29,國票-敦北法人,2024-01-16,0037003700390063
3346,麗清,32,3,29,國票-敦北法人,2024-01-16,0037003700390063
0056,元大高股息,31,3,28,國票-敦北法人,2024-01-16,0037003700390063
5371,中光電,26,0,26,國票-敦北法人,2024-01-16,0037003700390063
1723,中碳,24,0,24,國票-敦北法人,2024-01-16,0037003700390063
5457,宣德,26,2,24,國票-敦北法人,2024-01-16,0037003700390063
5483,中美晶,35,12,23,國票-敦北法人,2024-01-16,0037003700390063
3481,群創,12401,2123,10278,國票-敦北法人,2024-01-17,0037003700390063
5426,振發,1339,113,1226,國票-敦北法人,2024-01-17,0037003700390063
2891,中信金,921,4,917,國票-敦北法人,2024-01-17,0037003700390063
2881,富邦金,654,0,654,國票-敦北法人,2024-01-17,0037003700390063
6187,萬潤,478,48,430,國票-敦北法人,2024-01-17,0037003700390063
3231,緯創,740,325,415,國票-敦北法人,2024-01-17,0037003700390063
2330,台積電,408,24,384,國票-敦北法人,2024-01-17,0037003700390063
2382,廣達,422,92,330,國票-敦北法人,2024-01-17,0037003700390063
2486,一詮,518,220,298,國票-敦北法人,2024-01-17,0037003700390063
2886,兆豐金,254,0,254,國票-敦北法人,2024-01-17,0037003700390063
3287,廣寰科,269,28,241,國票-敦北法人,2024-01-17,0037003700390063
1560,中砂,204,7,197,國票-敦北法人,2024-01-17,0037003700390063
1402,遠東新,180,52,128,國票-敦北法人,2024-01-17,0037003700390063
6233,旺玖,122,0,122,國票-敦北法人,2024-01-17,0037003700390063
2308,台達電,113,0,113,國票-敦北法人,2024-01-17,0037003700390063
9904,寶成,110,1,109,國票-敦北法人,2024-01-17,0037003700390063
3711,日月光投控,102,0,102,國票-敦北法人,2024-01-17,0037003700390063
3491,昇達科,101,0,101,國票-敦北法人,2024-01-17,0037003700390063
2104,國際中橡,100,0,100,國票-敦北法人,2024-01-17,0037003700390063
6805,富世達,100,0,100,國票-敦北法人,2024-01-17,0037003700390063
1102,亞泥,97,0,97,國票-敦北法人,2024-01-17,0037003700390063
2520,冠德,93,0,93,國票-敦北法人,2024-01-17,0037003700390063
4702,中美實,93,0,93,國票-敦北法人,2024-01-17,0037003700390063
2809,京城銀,92,1,91,國票-敦北法人,2024-01-17,0037003700390063
4960,誠美材,90,6,84,國票-敦北法人,2024-01-17,0037003700390063
2534,宏盛,79,0,79,國票-敦北法人,2024-01-17,0037003700390063
2617,台航,69,0,69,國票-敦北法人,2024-01-17,0037003700390063
6789,采鈺,72,3,69,國票-敦北法人,2024-01-17,0037003700390063
00919,群益台灣精選高息,68,0,68,國票-敦北法人,2024-01-17,0037003700390063
8210,勤誠,66,5,61,國票-敦北法人,2024-01-17,0037003700390063
2106,建大,60,0,60,國票-敦北法人,2024-01-17,0037003700390063
00929,復華台灣科技優息,67,10,57,國票-敦北法人,2024-01-17,0037003700390063
0056,元大高股息,57,0,57,國票-敦北法人,2024-01-17,0037003700390063
6116,彩晶,50,0,50,國票-敦北法人,2024-01-17,0037003700390063
4958,臻鼎-KY,45,0,45,國票-敦北法人,2024-01-17,0037003700390063
6143,振曜,45,0,45,國票-敦北法人,2024-01-17,0037003700390063
6239,力成,47,3,44,國票-敦北法人,2024-01-17,0037003700390063
00882,中信中國高股息,48,7,41,國票-敦北法人,2024-01-17,0037003700390063
8131,福懋科,40,0,40,國票-敦北法人,2024-01-17,0037003700390063
00650L,復華香港正2,39,0,39,國票-敦北法人,2024-01-17,0037003700390063
8926,台汽電,38,0,38,國票-敦北法人,2024-01-17,0037003700390063
2610,華航,47,9,38,國票-敦北法人,2024-01-17,0037003700390063
6223,旺矽,48,10,38,國票-敦北法人,2024-01-17,0037003700390063
2634,漢翔,37,0,37,國票-敦北法人,2024-01-17,0037003700390063
1308,亞聚,36,1,35,國票-敦北法人,2024-01-17,0037003700390063
00665L,富邦�琤肭磪囓�2,32,0,32,國票-敦北法人,2024-01-17,0037003700390063
2357,華碩,63,31,32,國票-敦北法人,2024-01-17,0037003700390063
3587,閎康,31,1,30,國票-敦北法人,2024-01-17,0037003700390063
5876,上海商銀,30,0,30,國票-敦北法人,2024-01-17,0037003700390063
3346,麗清,31,1,30,國票-敦北法人,2024-01-17,0037003700390063
2337,旺宏,2047,1,2046,國票-敦北法人,2024-01-18,0037003700390063
00770,國泰北美科技,1702,0,1702,國票-敦北法人,2024-01-18,0037003700390063
2412,中華電,1312,0,1312,國票-敦北法人,2024-01-18,0037003700390063
2352,佳世達,1159,0,1159,國票-敦北法人,2024-01-18,0037003700390063
6147,頎邦,657,0,657,國票-敦北法人,2024-01-18,0037003700390063
2303,聯電,555,10,545,國票-敦北法人,2024-01-18,0037003700390063
2353,宏��,562,23,539,國票-敦北法人,2024-01-18,0037003700390063
2362,藍天,432,9,423,國票-敦北法人,2024-01-18,0037003700390063
2347,聯強,426,6,420,國票-敦北法人,2024-01-18,0037003700390063
2449,京元電子,419,3,416,國票-敦北法人,2024-01-18,0037003700390063
3264,欣銓,416,2,414,國票-敦北法人,2024-01-18,0037003700390063
4938,和碩,403,0,403,國票-敦北法人,2024-01-18,0037003700390063
8112,至上,476,100,376,國票-敦北法人,2024-01-18,0037003700390063
4915,致伸,355,0,355,國票-敦北法人,2024-01-18,0037003700390063
5469,瀚宇博,343,0,343,國票-敦北法人,2024-01-18,0037003700390063
5371,中光電,335,0,335,國票-敦北法人,2024-01-18,0037003700390063
3189,景碩,323,0,323,國票-敦北法人,2024-01-18,0037003700390063
6191,精成科,316,0,316,國票-敦北法人,2024-01-18,0037003700390063
2887,台新金,300,0,300,國票-敦北法人,2024-01-18,0037003700390063
6462,神盾,291,23,268,國票-敦北法人,2024-01-18,0037003700390063
4958,臻鼎-KY,217,0,217,國票-敦北法人,2024-01-18,0037003700390063
2615,萬海,215,3,212,國票-敦北法人,2024-01-18,0037003700390063
2301,光寶科,198,4,194,國票-敦北法人,2024-01-18,0037003700390063
6182,合晶,198,5,193,國票-敦北法人,2024-01-18,0037003700390063
6187,萬潤,206,31,175,國票-敦北法人,2024-01-18,0037003700390063
3014,聯陽,163,0,163,國票-敦北法人,2024-01-18,0037003700390063
6176,瑞儀,159,0,159,國票-敦北法人,2024-01-18,0037003700390063
6285,啟��,173,16,157,國票-敦北法人,2024-01-18,0037003700390063
00637L,元大滬深300正2,176,21,155,國票-敦北法人,2024-01-18,0037003700390063
6239,力成,261,120,141,國票-敦北法人,2024-01-18,0037003700390063
3596,智易,134,0,134,國票-敦北法人,2024-01-18,0037003700390063
4919,新唐,144,10,134,國票-敦北法人,2024-01-18,0037003700390063
00919,群益台灣精選高息,123,0,123,國票-敦北法人,2024-01-18,0037003700390063
2404,漢唐,119,0,119,國票-敦北法人,2024-01-18,0037003700390063
2474,可成,115,1,114,國票-敦北法人,2024-01-18,0037003700390063
6414,樺漢,113,0,113,國票-敦北法人,2024-01-18,0037003700390063
2385,群光,111,0,111,國票-敦北法人,2024-01-18,0037003700390063
6668,中揚光,106,6,100,國票-敦北法人,2024-01-18,0037003700390063
9904,寶成,100,0,100,國票-敦北法人,2024-01-18,0037003700390063
3702,大聯大,100,1,99,國票-敦北法人,2024-01-18,0037003700390063
2382,廣達,81,3,78,國票-敦北法人,2024-01-18,0037003700390063
3231,緯創,123,45,78,國票-敦北法人,2024-01-18,0037003700390063
3661,世芯-KY,75,2,73,國票-敦北法人,2024-01-18,0037003700390063
8050,廣積,71,0,71,國票-敦北法人,2024-01-18,0037003700390063
3711,日月光投控,233,164,69,國票-敦北法人,2024-01-18,0037003700390063
6121,新普,69,0,69,國票-敦北法人,2024-01-18,0037003700390063
3036,文曄,76,8,68,國票-敦北法人,2024-01-18,0037003700390063
2106,建大,68,0,68,國票-敦北法人,2024-01-18,0037003700390063
2379,瑞昱,69,1,68,國票-敦北法人,2024-01-18,0037003700390063
6233,旺玖,125,60,65,國票-敦北法人,2024-01-18,0037003700390063
3231,緯創,1941,177,1764,國票-敦北法人,2024-01-19,0037003700390063
2329,華泰,1473,468,1005,國票-敦北法人,2024-01-19,0037003700390063
6233,旺玖,793,43,750,國票-敦北法人,2024-01-19,0037003700390063
4979,華星光,554,11,543,國票-敦北法人,2024-01-19,0037003700390063
6140,訊達,407,1,406,國票-敦北法人,2024-01-19,0037003700390063
00632R,元大台灣50反1,314,4,310,國票-敦北法人,2024-01-19,0037003700390063
2886,兆豐金,400,100,300,國票-敦北法人,2024-01-19,0037003700390063
2324,仁寶,709,421,288,國票-敦北法人,2024-01-19,0037003700390063
3623,富晶通,251,7,244,國票-敦北法人,2024-01-19,0037003700390063
3035,智原,255,44,211,國票-敦北法人,2024-01-19,0037003700390063
00878,國泰永續高股息,210,38,172,國票-敦北法人,2024-01-19,0037003700390063
3583,辛耘,110,0,110,國票-敦北法人,2024-01-19,0037003700390063
5388,中磊,100,0,100,國票-敦北法人,2024-01-19,0037003700390063
3711,日月光投控,100,5,95,國票-敦北法人,2024-01-19,0037003700390063
00650L,復華香港正2,88,0,88,國票-敦北法人,2024-01-19,0037003700390063
3481,群創,119,36,83,國票-敦北法人,2024-01-19,0037003700390063
6164,華興,80,0,80,國票-敦北法人,2024-01-19,0037003700390063
4746,台耀,78,2,76,國票-敦北法人,2024-01-19,0037003700390063
006208,富邦台50,60,0,60,國票-敦北法人,2024-01-19,0037003700390063
00706L,期元大S＆P日圓正2,58,0,58,國票-敦北法人,2024-01-19,0037003700390063
4909,新復興,62,5,57,國票-敦北法人,2024-01-19,0037003700390063
6285,啟��,226,176,50,國票-敦北法人,2024-01-19,0037003700390063
1612,宏泰,50,0,50,國票-敦北法人,2024-01-19,0037003700390063
00680L,元大美債20正2,57,10,47,國票-敦北法人,2024-01-19,0037003700390063
3017,奇鋐,50,7,43,國票-敦北法人,2024-01-19,0037003700390063
2303,聯電,40,0,40,國票-敦北法人,2024-01-19,0037003700390063
3491,昇達科,35,0,35,國票-敦北法人,2024-01-19,0037003700390063
6546,正基,35,0,35,國票-敦北法人,2024-01-19,0037003700390063
00929,復華台灣科技優息,34,1,33,國票-敦北法人,2024-01-19,0037003700390063
2731,雄獅,30,0,30,國票-敦北法人,2024-01-19,0037003700390063
6683,雍智科技,30,0,30,國票-敦北法人,2024-01-19,0037003700390063
6116,彩晶,30,0,30,國票-敦北法人,2024-01-19,0037003700390063
00712,復華富時不動產,30,2,28,國票-敦北法人,2024-01-19,0037003700390063
2059,川湖,31,3,28,國票-敦北法人,2024-01-19,0037003700390063
6244,茂迪,25,0,25,國票-敦北法人,2024-01-19,0037003700390063
8431,匯鑽科,44,20,24,國票-敦北法人,2024-01-19,0037003700390063
3188,鑫龍騰,20,0,20,國票-敦北法人,2024-01-19,0037003700390063
00882,中信中國高股息,20,0,20,國票-敦北法人,2024-01-19,0037003700390063
00733,富邦臺灣中小,20,0,20,國票-敦北法人,2024-01-19,0037003700390063
2739,寒舍,20,0,20,國票-敦北法人,2024-01-19,0037003700390063
6462,神盾,81,62,19,國票-敦北法人,2024-01-19,0037003700390063
2316,楠梓電,19,0,19,國票-敦北法人,2024-01-19,0037003700390063
6113,亞矽,18,0,18,國票-敦北法人,2024-01-19,0037003700390063
3443,創意,21,3,18,國票-敦北法人,2024-01-19,0037003700390063
6166,凌華,16,0,16,國票-敦北法人,2024-01-19,0037003700390063
9914,美利達,16,0,16,國票-敦北法人,2024-01-19,0037003700390063
2888,新光金,16,0,16,國票-敦北法人,2024-01-19,0037003700390063
2330,台積電,201,186,15,國票-敦北法人,2024-01-19,0037003700390063
00679B,元大美債20年,15,0,15,國票-敦北法人,2024-01-19,0037003700390063
3529,力旺,15,0,15,國票-敦北法人,2024-01-19,0037003700390063
2892,第一金,2500,0,2500,國票-敦北法人,2024-01-22,0037003700390063
2368,金像電,1030,51,979,國票-敦北法人,2024-01-22,0037003700390063
2408,南亞科,948,5,943,國票-敦北法人,2024-01-22,0037003700390063
2376,技嘉,684,68,616,國票-敦北法人,2024-01-22,0037003700390063
6237,驊訊,554,0,554,國票-敦北法人,2024-01-22,0037003700390063
5876,上海商銀,502,0,502,國票-敦北法人,2024-01-22,0037003700390063
3615,安可,435,1,434,國票-敦北法人,2024-01-22,0037003700390063
6112,邁達特,235,4,231,國票-敦北法人,2024-01-22,0037003700390063
9910,豐泰,192,0,192,國票-敦北法人,2024-01-22,0037003700390063
2317,鴻海,192,30,162,國票-敦北法人,2024-01-22,0037003700390063
00715L,期街口布蘭特正2,150,1,149,國票-敦北法人,2024-01-22,0037003700390063
8054,安國,147,16,131,國票-敦北法人,2024-01-22,0037003700390063
00632R,元大台灣50反1,135,6,129,國票-敦北法人,2024-01-22,0037003700390063
2357,華碩,101,0,101,國票-敦北法人,2024-01-22,0037003700390063
6451,訊芯-KY,100,0,100,國票-敦北法人,2024-01-22,0037003700390063
00671R,富邦NASDAQ反1,100,0,100,國票-敦北法人,2024-01-22,0037003700390063
3045,台灣大,100,1,99,國票-敦北法人,2024-01-22,0037003700390063
4968,立積,99,3,96,國票-敦北法人,2024-01-22,0037003700390063
2356,英業達,388,292,96,國票-敦北法人,2024-01-22,0037003700390063
3036,文曄,99,12,87,國票-敦北法人,2024-01-22,0037003700390063
3491,昇達科,65,1,64,國票-敦北法人,2024-01-22,0037003700390063
3231,緯創,755,691,64,國票-敦北法人,2024-01-22,0037003700390063
00650L,復華香港正2,63,0,63,國票-敦北法人,2024-01-22,0037003700390063
2049,上銀,65,5,60,國票-敦北法人,2024-01-22,0037003700390063
9933,中鼎,55,0,55,國票-敦北法人,2024-01-22,0037003700390063
5269,祥碩,72,21,51,國票-敦北法人,2024-01-22,0037003700390063
3032,偉訓,86,36,50,國票-敦北法人,2024-01-22,0037003700390063
6462,神盾,55,5,50,國票-敦北法人,2024-01-22,0037003700390063
00665L,富邦�琤肭磪囓�2,45,0,45,國票-敦北法人,2024-01-22,0037003700390063
6442,光聖,45,0,45,國票-敦北法人,2024-01-22,0037003700390063
3711,日月光投控,60,18,42,國票-敦北法人,2024-01-22,0037003700390063
2002,中鋼,42,1,41,國票-敦北法人,2024-01-22,0037003700390063
00676R,富邦臺灣加權反1,40,0,40,國票-敦北法人,2024-01-22,0037003700390063
1217,愛之味,40,0,40,國票-敦北法人,2024-01-22,0037003700390063
00882,中信中國高股息,39,0,39,國票-敦北法人,2024-01-22,0037003700390063
00637L,元大滬深300正2,43,4,39,國票-敦北法人,2024-01-22,0037003700390063
5383,金利,38,0,38,國票-敦北法人,2024-01-22,0037003700390063
9958,世紀鋼,36,4,32,國票-敦北法人,2024-01-22,0037003700390063
6669,緯穎,50,19,31,國票-敦北法人,2024-01-22,0037003700390063
6026,福邦證,30,0,30,國票-敦北法人,2024-01-22,0037003700390063
2603,長榮,220,190,30,國票-敦北法人,2024-01-22,0037003700390063
3228,金麗科,30,0,30,國票-敦北法人,2024-01-22,0037003700390063
3042,晶技,25,0,25,國票-敦北法人,2024-01-22,0037003700390063
4188,安克,25,0,25,國票-敦北法人,2024-01-22,0037003700390063
6546,正基,26,3,23,國票-敦北法人,2024-01-22,0037003700390063
2303,聯電,50,28,22,國票-敦北法人,2024-01-22,0037003700390063
3031,佰鴻,20,0,20,國票-敦北法人,2024-01-22,0037003700390063
4129,聯合,20,0,20,國票-敦北法人,2024-01-22,0037003700390063
4979,華星光,23,4,19,國票-敦北法人,2024-01-22,0037003700390063
6805,富世達,21,2,19,國票-敦北法人,2024-01-22,0037003700390063
00937B,群益ESG投等債20,1405,0,1405,國票-敦北法人,2024-01-23,0037003700390063
2303,聯電,1055,10,1045,國票-敦北法人,2024-01-23,0037003700390063
3231,緯創,1060,82,978,國票-敦北法人,2024-01-23,0037003700390063
00922,國泰台灣領袖50,600,0,600,國票-敦北法人,2024-01-23,0037003700390063
00935,野村臺灣新科技50,514,0,514,國票-敦北法人,2024-01-23,0037003700390063
4909,新復興,439,4,435,國票-敦北法人,2024-01-23,0037003700390063
3055,蔚華科,390,13,377,國票-敦北法人,2024-01-23,0037003700390063
3483,力致,339,1,338,國票-敦北法人,2024-01-23,0037003700390063
2892,第一金,250,0,250,國票-敦北法人,2024-01-23,0037003700390063
6274,台燿,253,3,250,國票-敦北法人,2024-01-23,0037003700390063
6462,神盾,345,106,239,國票-敦北法人,2024-01-23,0037003700390063
3324,雙鴻,186,5,181,國票-敦北法人,2024-01-23,0037003700390063
2357,華碩,162,0,162,國票-敦北法人,2024-01-23,0037003700390063
00632R,元大台灣50反1,148,20,128,國票-敦北法人,2024-01-23,0037003700390063
5439,高技,111,0,111,國票-敦北法人,2024-01-23,0037003700390063
8069,元太,121,12,109,國票-敦北法人,2024-01-23,0037003700390063
6451,訊芯-KY,100,0,100,國票-敦北法人,2024-01-23,0037003700390063
00713,元大台灣高息低波,100,0,100,國票-敦北法人,2024-01-23,0037003700390063
2006,東和鋼鐵,100,0,100,國票-敦北法人,2024-01-23,0037003700390063
00878,國泰永續高股息,100,1,99,國票-敦北法人,2024-01-23,0037003700390063
2376,技嘉,146,47,99,國票-敦北法人,2024-01-23,0037003700390063
5383,金利,83,0,83,國票-敦北法人,2024-01-23,0037003700390063
2362,藍天,73,4,69,國票-敦北法人,2024-01-23,0037003700390063
3481,群創,170,105,65,國票-敦北法人,2024-01-23,0037003700390063
5426,振發,86,24,62,國票-敦北法人,2024-01-23,0037003700390063
2308,台達電,62,1,61,國票-敦北法人,2024-01-23,0037003700390063
5269,祥碩,62,1,61,國票-敦北法人,2024-01-23,0037003700390063
6643,M31,64,7,57,國票-敦北法人,2024-01-23,0037003700390063
2449,京元電子,64,10,54,國票-敦北法人,2024-01-23,0037003700390063
6113,亞矽,55,1,54,國票-敦北法人,2024-01-23,0037003700390063
2609,陽明,62,8,54,國票-敦北法人,2024-01-23,0037003700390063
3041,揚智,52,2,50,國票-敦北法人,2024-01-23,0037003700390063
8155,博智,36,0,36,國票-敦北法人,2024-01-23,0037003700390063
2329,華泰,77,44,33,國票-敦北法人,2024-01-23,0037003700390063
6126,信音,30,0,30,國票-敦北法人,2024-01-23,0037003700390063
6121,新普,30,0,30,國票-敦北法人,2024-01-23,0037003700390063
2356,英業達,52,25,27,國票-敦北法人,2024-01-23,0037003700390063
2382,廣達,36,13,23,國票-敦北法人,2024-01-23,0037003700390063
6176,瑞儀,23,0,23,國票-敦北法人,2024-01-23,0037003700390063
5234,達興材料,23,1,22,國票-敦北法人,2024-01-23,0037003700390063
8089,康全電訊,40,20,20,國票-敦北法人,2024-01-23,0037003700390063
3047,訊舟,20,0,20,國票-敦北法人,2024-01-23,0037003700390063
6509,聚和,20,0,20,國票-敦北法人,2024-01-23,0037003700390063
8105,凌巨,25,5,20,國票-敦北法人,2024-01-23,0037003700390063
2059,川湖,25,6,19,國票-敦北法人,2024-01-23,0037003700390063
2408,南亞科,20,1,19,國票-敦北法人,2024-01-23,0037003700390063
8936,國統,26,8,18,國票-敦北法人,2024-01-23,0037003700390063
3042,晶技,17,0,17,國票-敦北法人,2024-01-23,0037003700390063
9958,世紀鋼,50,33,17,國票-敦北法人,2024-01-23,0037003700390063
2882,國泰金,15,0,15,國票-敦北法人,2024-01-23,0037003700390063
3231,緯創,5093,117,4976,國票-敦北法人,2024-01-24,0037003700390063
3481,群創,3248,41,3207,國票-敦北法人,2024-01-24,0037003700390063
8096,擎亞,510,7,503,國票-敦北法人,2024-01-24,0037003700390063
00830,國泰費城半導體,346,0,346,國票-敦北法人,2024-01-24,0037003700390063
6113,亞矽,403,67,336,國票-敦北法人,2024-01-24,0037003700390063
3036,文曄,422,150,272,國票-敦北法人,2024-01-24,0037003700390063
1402,遠東新,231,0,231,國票-敦北法人,2024-01-24,0037003700390063
2377,微星,195,2,193,國票-敦北法人,2024-01-24,0037003700390063
2421,建準,189,0,189,國票-敦北法人,2024-01-24,0037003700390063
00937B,群益ESG投等債20,153,0,153,國票-敦北法人,2024-01-24,0037003700390063
00929,復華台灣科技優息,140,10,130,國票-敦北法人,2024-01-24,0037003700390063
4909,新復興,596,477,119,國票-敦北法人,2024-01-24,0037003700390063
00632R,元大台灣50反1,115,0,115,國票-敦北法人,2024-01-24,0037003700390063
2467,志聖,129,18,111,國票-敦北法人,2024-01-24,0037003700390063
6233,旺玖,126,15,111,國票-敦北法人,2024-01-24,0037003700390063
9904,寶成,110,2,108,國票-敦北法人,2024-01-24,0037003700390063
2454,聯發科,105,3,102,國票-敦北法人,2024-01-24,0037003700390063
6112,邁達特,100,0,100,國票-敦北法人,2024-01-24,0037003700390063
3548,兆利,104,5,99,國票-敦北法人,2024-01-24,0037003700390063
00935,野村臺灣新科技50,86,0,86,國票-敦北法人,2024-01-24,0037003700390063
6669,緯穎,81,1,80,國票-敦北法人,2024-01-24,0037003700390063
2460,建通,74,4,70,國票-敦北法人,2024-01-24,0037003700390063
3653,健策,71,1,70,國票-敦北法人,2024-01-24,0037003700390063
5425,台半,60,2,58,國票-敦北法人,2024-01-24,0037003700390063
2884,玉山金,54,0,54,國票-敦北法人,2024-01-24,0037003700390063
1503,士電,54,4,50,國票-敦北法人,2024-01-24,0037003700390063
3545,敦泰,50,1,49,國票-敦北法人,2024-01-24,0037003700390063
8926,台汽電,50,3,47,國票-敦北法人,2024-01-24,0037003700390063
6785,昱展新藥,47,1,46,國票-敦北法人,2024-01-24,0037003700390063
5371,中光電,44,0,44,國票-敦北法人,2024-01-24,0037003700390063
4979,華星光,55,12,43,國票-敦北法人,2024-01-24,0037003700390063
1477,聚陽,41,0,41,國票-敦北法人,2024-01-24,0037003700390063
5439,高技,52,12,40,國票-敦北法人,2024-01-24,0037003700390063
5383,金利,40,0,40,國票-敦北法人,2024-01-24,0037003700390063
2356,英業達,63,25,38,國票-敦北法人,2024-01-24,0037003700390063
9921,巨大,36,0,36,國票-敦北法人,2024-01-24,0037003700390063
8131,福懋科,36,0,36,國票-敦北法人,2024-01-24,0037003700390063
4123,晟德,50,16,34,國票-敦北法人,2024-01-24,0037003700390063
2383,台光電,34,1,33,國票-敦北法人,2024-01-24,0037003700390063
006205,富邦上証,30,0,30,國票-敦北法人,2024-01-24,0037003700390063
6176,瑞儀,30,0,30,國票-敦北法人,2024-01-24,0037003700390063
3712,永崴投控,31,2,29,國票-敦北法人,2024-01-24,0037003700390063
8034,榮群,33,8,25,國票-敦北法人,2024-01-24,0037003700390063
2303,聯電,47,24,23,國票-敦北法人,2024-01-24,0037003700390063
9914,美利達,23,0,23,國票-敦北法人,2024-01-24,0037003700390063
8931,大汽電,21,0,21,國票-敦北法人,2024-01-24,0037003700390063
00919,群益台灣精選高息,21,0,21,國票-敦北法人,2024-01-24,0037003700390063
6229,研通,20,0,20,國票-敦北法人,2024-01-24,0037003700390063
4160,訊聯基因,20,0,20,國票-敦北法人,2024-01-24,0037003700390063
5398,慕康生醫,20,0,20,國票-敦北法人,2024-01-24,0037003700390063
2303,聯電,4115,906,3209,國票-敦北法人,2024-01-25,0037003700390063
3481,群創,1492,6,1486,國票-敦北法人,2024-01-25,0037003700390063
3231,緯創,1363,122,1241,國票-敦北法人,2024-01-25,0037003700390063
1319,東陽,626,26,600,國票-敦北法人,2024-01-25,0037003700390063
5426,振發,505,65,440,國票-敦北法人,2024-01-25,0037003700390063
2377,微星,301,3,298,國票-敦北法人,2024-01-25,0037003700390063
3623,富晶通,240,6,234,國票-敦北法人,2024-01-25,0037003700390063
1402,遠東新,224,0,224,國票-敦北法人,2024-01-25,0037003700390063
2603,長榮,202,2,200,國票-敦北法人,2024-01-25,0037003700390063
6462,神盾,212,19,193,國票-敦北法人,2024-01-25,0037003700390063
3548,兆利,211,90,121,國票-敦北法人,2024-01-25,0037003700390063
2454,聯發科,121,5,116,國票-敦北法人,2024-01-25,0037003700390063
2383,台光電,111,0,111,國票-敦北法人,2024-01-25,0037003700390063
9904,寶成,110,0,110,國票-敦北法人,2024-01-25,0037003700390063
8227,巨有科技,100,2,98,國票-敦北法人,2024-01-25,0037003700390063
3563,牧德,105,10,95,國票-敦北法人,2024-01-25,0037003700390063
2376,技嘉,99,16,83,國票-敦北法人,2024-01-25,0037003700390063
2204,中華,73,0,73,國票-敦北法人,2024-01-25,0037003700390063
00632R,元大台灣50反1,71,0,71,國票-敦北法人,2024-01-25,0037003700390063
6679,鈺太,69,0,69,國票-敦北法人,2024-01-25,0037003700390063
3694,海華,87,18,69,國票-敦北法人,2024-01-25,0037003700390063
6229,研通,56,0,56,國票-敦北法人,2024-01-25,0037003700390063
2344,華邦電,167,116,51,國票-敦北法人,2024-01-25,0037003700390063
8926,台汽電,40,0,40,國票-敦北法人,2024-01-25,0037003700390063
9958,世紀鋼,40,1,39,國票-敦北法人,2024-01-25,0037003700390063
1477,聚陽,37,0,37,國票-敦北法人,2024-01-25,0037003700390063
2301,光寶科,203,167,36,國票-敦北法人,2024-01-25,0037003700390063
3017,奇鋐,58,25,33,國票-敦北法人,2024-01-25,0037003700390063
5315,光聯,30,0,30,國票-敦北法人,2024-01-25,0037003700390063
8131,福懋科,29,0,29,國票-敦北法人,2024-01-25,0037003700390063
2104,國際中橡,25,0,25,國票-敦北法人,2024-01-25,0037003700390063
5371,中光電,30,6,24,國票-敦北法人,2024-01-25,0037003700390063
1535,中宇,24,0,24,國票-敦北法人,2024-01-25,0037003700390063
6176,瑞儀,23,1,22,國票-敦北法人,2024-01-25,0037003700390063
8931,大汽電,21,0,21,國票-敦北法人,2024-01-25,0037003700390063
2374,佳能,20,0,20,國票-敦北法人,2024-01-25,0037003700390063
2323,中環,20,0,20,國票-敦北法人,2024-01-25,0037003700390063
4123,晟德,18,0,18,國票-敦北法人,2024-01-25,0037003700390063
1338,廣華-KY,16,0,16,國票-敦北法人,2024-01-25,0037003700390063
5388,中磊,16,0,16,國票-敦北法人,2024-01-25,0037003700390063
2458,義隆,17,3,14,國票-敦北法人,2024-01-25,0037003700390063
6667,信紘科,13,0,13,國票-敦北法人,2024-01-25,0037003700390063
2059,川湖,12,0,12,國票-敦北法人,2024-01-25,0037003700390063
4729,熒茂,15,3,12,國票-敦北法人,2024-01-25,0037003700390063
5434,崇越,12,0,12,國票-敦北法人,2024-01-25,0037003700390063
00679B,元大美債20年,11,0,11,國票-敦北法人,2024-01-25,0037003700390063
6270,倍微,13,2,11,國票-敦北法人,2024-01-25,0037003700390063
3005,神基,24,14,10,國票-敦北法人,2024-01-25,0037003700390063
1537,廣隆,10,0,10,國票-敦北法人,2024-01-25,0037003700390063
00877,復華中國5G,10,0,10,國票-敦北法人,2024-01-25,0037003700390063
6462,神盾,589,22,567,國票-敦北法人,2024-01-26,0037003700390063
00929,復華台灣科技優息,362,0,362,國票-敦北法人,2024-01-26,0037003700390063
00919,群益台灣精選高息,304,0,304,國票-敦北法人,2024-01-26,0037003700390063
1519,華城,303,3,300,國票-敦北法人,2024-01-26,0037003700390063
3036,文曄,205,3,202,國票-敦北法人,2024-01-26,0037003700390063
0056,元大高股息,202,1,201,國票-敦北法人,2024-01-26,0037003700390063
1402,遠東新,180,0,180,國票-敦北法人,2024-01-26,0037003700390063
2383,台光電,145,2,143,國票-敦北法人,2024-01-26,0037003700390063
2486,一詮,147,9,138,國票-敦北法人,2024-01-26,0037003700390063
3533,嘉澤,111,10,101,國票-敦北法人,2024-01-26,0037003700390063
2006,東和鋼鐵,100,0,100,國票-敦北法人,2024-01-26,0037003700390063
9904,寶成,90,0,90,國票-敦北法人,2024-01-26,0037003700390063
00637L,元大滬深300正2,81,6,75,國票-敦北法人,2024-01-26,0037003700390063
2421,建準,67,7,60,國票-敦北法人,2024-01-26,0037003700390063
6164,華興,60,0,60,國票-敦北法人,2024-01-26,0037003700390063
3324,雙鴻,192,140,52,國票-敦北法人,2024-01-26,0037003700390063
3532,台勝科,50,0,50,國票-敦北法人,2024-01-26,0037003700390063
2912,統一超,50,0,50,國票-敦北法人,2024-01-26,0037003700390063
4770,上品,48,0,48,國票-敦北法人,2024-01-26,0037003700390063
8069,元太,78,32,46,國票-敦北法人,2024-01-26,0037003700390063
3615,安可,87,45,42,國票-敦北法人,2024-01-26,0037003700390063
6805,富世達,39,3,36,國票-敦北法人,2024-01-26,0037003700390063
2467,志聖,35,2,33,國票-敦北法人,2024-01-26,0037003700390063
2356,英業達,43,11,32,國票-敦北法人,2024-01-26,0037003700390063
3228,金麗科,34,2,32,國票-敦北法人,2024-01-26,0037003700390063
3005,神基,42,11,31,國票-敦北法人,2024-01-26,0037003700390063
1477,聚陽,30,0,30,國票-敦北法人,2024-01-26,0037003700390063
2543,皇昌,30,0,30,國票-敦北法人,2024-01-26,0037003700390063
8926,台汽電,30,0,30,國票-敦北法人,2024-01-26,0037003700390063
6233,旺玖,40,11,29,國票-敦北法人,2024-01-26,0037003700390063
3712,永崴投控,28,0,28,國票-敦北法人,2024-01-26,0037003700390063
6679,鈺太,27,0,27,國票-敦北法人,2024-01-26,0037003700390063
3312,弘憶股,27,0,27,國票-敦北法人,2024-01-26,0037003700390063
8054,安國,38,13,25,國票-敦北法人,2024-01-26,0037003700390063
5371,中光電,25,0,25,國票-敦北法人,2024-01-26,0037003700390063
2059,川湖,26,1,25,國票-敦北法人,2024-01-26,0037003700390063
8131,福懋科,25,0,25,國票-敦北法人,2024-01-26,0037003700390063
3306,鼎天,25,0,25,國票-敦北法人,2024-01-26,0037003700390063
6669,緯穎,23,3,20,國票-敦北法人,2024-01-26,0037003700390063
6176,瑞儀,20,0,20,國票-敦北法人,2024-01-26,0037003700390063
6683,雍智科技,20,0,20,國票-敦北法人,2024-01-26,0037003700390063
00712,復華富時不動產,20,0,20,國票-敦北法人,2024-01-26,0037003700390063
3044,健鼎,20,0,20,國票-敦北法人,2024-01-26,0037003700390063
2329,華泰,73,55,18,國票-敦北法人,2024-01-26,0037003700390063
6257,矽格,23,7,16,國票-敦北法人,2024-01-26,0037003700390063
00673R,期元大S＆P原油反1,15,0,15,國票-敦北法人,2024-01-26,0037003700390063
2440,太空梭,20,5,15,國票-敦北法人,2024-01-26,0037003700390063
2104,國際中橡,15,0,15,國票-敦北法人,2024-01-26,0037003700390063
2458,義隆,14,0,14,國票-敦北法人,2024-01-26,0037003700390063
5244,弘凱,19,6,13,國票-敦北法人,2024-01-26,0037003700390063
3481,群創,3129,31,3098,國票-敦北法人,2024-01-29,0037003700390063
2890,永豐金,3000,0,3000,國票-敦北法人,2024-01-29,0037003700390063
2892,第一金,2000,0,2000,國票-敦北法人,2024-01-29,0037003700390063
4960,誠美材,1010,30,980,國票-敦北法人,2024-01-29,0037003700390063
5876,上海商銀,500,0,500,國票-敦北法人,2024-01-29,0037003700390063
6113,亞矽,422,12,410,國票-敦北法人,2024-01-29,0037003700390063
8040,九暘,337,5,332,國票-敦北法人,2024-01-29,0037003700390063
3036,文曄,354,40,314,國票-敦北法人,2024-01-29,0037003700390063
2356,英業達,330,25,305,國票-敦北法人,2024-01-29,0037003700390063
5871,中租-KY,302,0,302,國票-敦北法人,2024-01-29,0037003700390063
00929,復華台灣科技優息,302,5,297,國票-敦北法人,2024-01-29,0037003700390063
00715L,期街口布蘭特正2,301,10,291,國票-敦北法人,2024-01-29,0037003700390063
00878,國泰永續高股息,201,2,199,國票-敦北法人,2024-01-29,0037003700390063
2330,台積電,233,50,183,國票-敦北法人,2024-01-29,0037003700390063
2467,志聖,298,135,163,國票-敦北法人,2024-01-29,0037003700390063
00632R,元大台灣50反1,164,10,154,國票-敦北法人,2024-01-29,0037003700390063
3289,宜特,150,0,150,國票-敦北法人,2024-01-29,0037003700390063
1402,遠東新,144,0,144,國票-敦北法人,2024-01-29,0037003700390063
6239,力成,135,2,133,國票-敦北法人,2024-01-29,0037003700390063
6789,采鈺,112,0,112,國票-敦北法人,2024-01-29,0037003700390063
6781,AES-KY,106,0,106,國票-敦北法人,2024-01-29,0037003700390063
6451,訊芯-KY,101,0,101,國票-敦北法人,2024-01-29,0037003700390063
2376,技嘉,108,8,100,國票-敦北法人,2024-01-29,0037003700390063
00919,群益台灣精選高息,101,7,94,國票-敦北法人,2024-01-29,0037003700390063
2543,皇昌,93,3,90,國票-敦北法人,2024-01-29,0037003700390063
9904,寶成,120,30,90,國票-敦北法人,2024-01-29,0037003700390063
2303,聯電,100,16,84,國票-敦北法人,2024-01-29,0037003700390063
2345,智邦,70,0,70,國票-敦北法人,2024-01-29,0037003700390063
2347,聯強,50,0,50,國票-敦北法人,2024-01-29,0037003700390063
3363,上詮,70,21,49,國票-敦北法人,2024-01-29,0037003700390063
2501,國建,50,2,48,國票-敦北法人,2024-01-29,0037003700390063
2408,南亞科,48,0,48,國票-敦北法人,2024-01-29,0037003700390063
3715,定穎投控,52,6,46,國票-敦北法人,2024-01-29,0037003700390063
1519,華城,44,2,42,國票-敦北法人,2024-01-29,0037003700390063
2610,華航,62,20,42,國票-敦北法人,2024-01-29,0037003700390063
1476,儒鴻,40,0,40,國票-敦北法人,2024-01-29,0037003700390063
6732,昇佳電子,34,1,33,國票-敦北法人,2024-01-29,0037003700390063
8926,台汽電,30,0,30,國票-敦北法人,2024-01-29,0037003700390063
1477,聚陽,30,0,30,國票-敦北法人,2024-01-29,0037003700390063
3324,雙鴻,34,6,28,國票-敦北法人,2024-01-29,0037003700390063
8131,福懋科,28,0,28,國票-敦北法人,2024-01-29,0037003700390063
00937B,群益ESG投等債20,27,0,27,國票-敦北法人,2024-01-29,0037003700390063
5371,中光電,27,0,27,國票-敦北法人,2024-01-29,0037003700390063
8064,東捷,42,15,27,國票-敦北法人,2024-01-29,0037003700390063
3443,創意,27,2,25,國票-敦北法人,2024-01-29,0037003700390063
6176,瑞儀,24,0,24,國票-敦北法人,2024-01-29,0037003700390063
3434,哲固,22,0,22,國票-敦北法人,2024-01-29,0037003700390063
8931,大汽電,22,0,22,國票-敦北法人,2024-01-29,0037003700390063
6138,茂達,21,0,21,國票-敦北法人,2024-01-29,0037003700390063
2884,玉山金,20,0,20,國票-敦北法人,2024-01-29,0037003700390063
6282,康舒,2068,122,1946,國票-敦北法人,2024-01-30,0037003700390063
3360,尚立,1033,23,1010,國票-敦北法人,2024-01-30,0037003700390063
00764B,群益25年美債,1000,0,1000,國票-敦北法人,2024-01-30,0037003700390063
3055,蔚華科,951,23,928,國票-敦北法人,2024-01-30,0037003700390063
00830,國泰費城半導體,919,0,919,國票-敦北法人,2024-01-30,0037003700390063
00646,元大S＆P500,535,0,535,國票-敦北法人,2024-01-30,0037003700390063
2376,技嘉,575,79,496,國票-敦北法人,2024-01-30,0037003700390063
3231,緯創,486,74,412,國票-敦北法人,2024-01-30,0037003700390063
3324,雙鴻,370,13,357,國票-敦北法人,2024-01-30,0037003700390063
0056,元大高股息,352,0,352,國票-敦北法人,2024-01-30,0037003700390063
6451,訊芯-KY,317,1,316,國票-敦北法人,2024-01-30,0037003700390063
4960,誠美材,405,93,312,國票-敦北法人,2024-01-30,0037003700390063
00919,群益台灣精選高息,300,3,297,國票-敦北法人,2024-01-30,0037003700390063
00876,元大全球5G,283,0,283,國票-敦北法人,2024-01-30,0037003700390063
3289,宜特,242,13,229,國票-敦北法人,2024-01-30,0037003700390063
1402,遠東新,210,0,210,國票-敦北法人,2024-01-30,0037003700390063
1504,東元,205,5,200,國票-敦北法人,2024-01-30,0037003700390063
2360,致茂,167,0,167,國票-敦北法人,2024-01-30,0037003700390063
4938,和碩,163,11,152,國票-敦北法人,2024-01-30,0037003700390063
00679B,元大美債20年,151,1,150,國票-敦北法人,2024-01-30,0037003700390063
00929,復華台灣科技優息,152,7,145,國票-敦北法人,2024-01-30,0037003700390063
9904,寶成,130,1,129,國票-敦北法人,2024-01-30,0037003700390063
2377,微星,119,0,119,國票-敦北法人,2024-01-30,0037003700390063
5483,中美晶,120,1,119,國票-敦北法人,2024-01-30,0037003700390063
5388,中磊,100,0,100,國票-敦北法人,2024-01-30,0037003700390063
2365,昆盈,108,8,100,國票-敦北法人,2024-01-30,0037003700390063
00637L,元大滬深300正2,101,5,96,國票-敦北法人,2024-01-30,0037003700390063
2383,台光電,190,104,86,國票-敦北法人,2024-01-30,0037003700390063
2059,川湖,79,4,75,國票-敦北法人,2024-01-30,0037003700390063
2330,台積電,110,44,66,國票-敦北法人,2024-01-30,0037003700390063
00720B,元大投資級公司債,53,0,53,國票-敦北法人,2024-01-30,0037003700390063
9939,宏全,110,59,51,國票-敦北法人,2024-01-30,0037003700390063
00687B,國泰20年美債,49,0,49,國票-敦北法人,2024-01-30,0037003700390063
1477,聚陽,48,0,48,國票-敦北法人,2024-01-30,0037003700390063
5274,信驊,48,1,47,國票-敦北法人,2024-01-30,0037003700390063
8926,台汽電,40,0,40,國票-敦北法人,2024-01-30,0037003700390063
00900,富邦特選高股息30,40,0,40,國票-敦北法人,2024-01-30,0037003700390063
2501,國建,40,1,39,國票-敦北法人,2024-01-30,0037003700390063
4939,亞電,40,1,39,國票-敦北法人,2024-01-30,0037003700390063
3044,健鼎,40,2,38,國票-敦北法人,2024-01-30,0037003700390063
4542,科嶠,34,1,33,國票-敦北法人,2024-01-30,0037003700390063
2610,華航,41,9,32,國票-敦北法人,2024-01-30,0037003700390063
00937B,群益ESG投等債20,31,0,31,國票-敦北法人,2024-01-30,0037003700390063
6116,彩晶,30,0,30,國票-敦北法人,2024-01-30,0037003700390063
6120,達運,32,4,28,國票-敦北法人,2024-01-30,0037003700390063
6176,瑞儀,28,1,27,國票-敦北法人,2024-01-30,0037003700390063
8131,福懋科,27,0,27,國票-敦北法人,2024-01-30,0037003700390063
00878,國泰永續高股息,30,4,26,國票-敦北法人,2024-01-30,0037003700390063
5371,中光電,25,0,25,國票-敦北法人,2024-01-30,0037003700390063
6640,均華,24,0,24,國票-敦北法人,2024-01-30,0037003700390063
00830,國泰費城半導體,999,0,999,國票-敦北法人,2024-01-31,0037003700390063
2357,華碩,573,1,572,國票-敦北法人,2024-01-31,0037003700390063
6442,光聖,502,12,490,國票-敦北法人,2024-01-31,0037003700390063
3354,律勝,480,6,474,國票-敦北法人,2024-01-31,0037003700390063
2376,技嘉,340,37,303,國票-敦北法人,2024-01-31,0037003700390063
4908,前鼎,308,10,298,國票-敦北法人,2024-01-31,0037003700390063
1402,遠東新,296,0,296,國票-敦北法人,2024-01-31,0037003700390063
6233,旺玖,206,0,206,國票-敦北法人,2024-01-31,0037003700390063
00751B,元大AAA至A公司債,200,0,200,國票-敦北法人,2024-01-31,0037003700390063
6139,亞翔,179,15,164,國票-敦北法人,2024-01-31,0037003700390063
2360,致茂,150,0,150,國票-敦北法人,2024-01-31,0037003700390063
00679B,元大美債20年,150,2,148,國票-敦北法人,2024-01-31,0037003700390063
1560,中砂,154,26,128,國票-敦北法人,2024-01-31,0037003700390063
9904,寶成,124,0,124,國票-敦北法人,2024-01-31,0037003700390063
6785,昱展新藥,110,0,110,國票-敦北法人,2024-01-31,0037003700390063
2379,瑞昱,113,3,110,國票-敦北法人,2024-01-31,0037003700390063
2317,鴻海,101,0,101,國票-敦北法人,2024-01-31,0037003700390063
2347,聯強,100,1,99,國票-敦北法人,2024-01-31,0037003700390063
2412,中華電,91,0,91,國票-敦北法人,2024-01-31,0037003700390063
6585,鼎基,96,20,76,國票-敦北法人,2024-01-31,0037003700390063
9939,宏全,75,0,75,國票-敦北法人,2024-01-31,0037003700390063
6683,雍智科技,100,40,60,國票-敦北法人,2024-01-31,0037003700390063
2303,聯電,74,16,58,國票-敦北法人,2024-01-31,0037003700390063
6805,富世達,65,9,56,國票-敦北法人,2024-01-31,0037003700390063
4766,南寶,54,0,54,國票-敦北法人,2024-01-31,0037003700390063
5383,金利,52,0,52,國票-敦北法人,2024-01-31,0037003700390063
8926,台汽電,47,0,47,國票-敦北法人,2024-01-31,0037003700390063
00637L,元大滬深300正2,56,13,43,國票-敦北法人,2024-01-31,0037003700390063
8131,福懋科,40,0,40,國票-敦北法人,2024-01-31,0037003700390063
8050,廣積,35,0,35,國票-敦北法人,2024-01-31,0037003700390063
1477,聚陽,35,0,35,國票-敦北法人,2024-01-31,0037003700390063
5274,信驊,35,0,35,國票-敦北法人,2024-01-31,0037003700390063
2368,金像電,44,13,31,國票-敦北法人,2024-01-31,0037003700390063
2543,皇昌,30,0,30,國票-敦北法人,2024-01-31,0037003700390063
2327,國巨,31,1,30,國票-敦北法人,2024-01-31,0037003700390063
6530,創威,38,9,29,國票-敦北法人,2024-01-31,0037003700390063
3712,永崴投控,28,0,28,國票-敦北法人,2024-01-31,0037003700390063
00929,復華台灣科技優息,28,0,28,國票-敦北法人,2024-01-31,0037003700390063
00882,中信中國高股息,25,0,25,國票-敦北法人,2024-01-31,0037003700390063
2618,長榮航,24,0,24,國票-敦北法人,2024-01-31,0037003700390063
2383,台光電,26,3,23,國票-敦北法人,2024-01-31,0037003700390063
6243,迅杰,25,3,22,國票-敦北法人,2024-01-31,0037003700390063
3228,金麗科,22,0,22,國票-敦北法人,2024-01-31,0037003700390063
00937B,群益ESG投等債20,21,0,21,國票-敦北法人,2024-01-31,0037003700390063
2892,第一金,21,0,21,國票-敦北法人,2024-01-31,0037003700390063
8931,大汽電,21,0,21,國票-敦北法人,2024-01-31,0037003700390063
2059,川湖,30,10,20,國票-敦北法人,2024-01-31,0037003700390063
5269,祥碩,20,1,19,國票-敦北法人,2024-01-31,0037003700390063
1537,廣隆,18,0,18,國票-敦北法人,2024-01-31,0037003700390063
6205,詮欣,28,10,18,國票-敦北法人,2024-01-31,0037003700390063
3376,新日興,1482,31,1451,國票-敦北法人,2024-02-01,0037003700390063
3622,洋華,488,6,482,國票-敦北法人,2024-02-01,0037003700390063
1402,遠東新,330,0,330,國票-敦北法人,2024-02-01,0037003700390063
6805,富世達,262,5,257,國票-敦北法人,2024-02-01,0037003700390063
00751B,元大AAA至A公司債,250,0,250,國票-敦北法人,2024-02-01,0037003700390063
3715,定穎投控,219,2,217,國票-敦北法人,2024-02-01,0037003700390063
6789,采鈺,173,20,153,國票-敦北法人,2024-02-01,0037003700390063
2376,技嘉,164,17,147,國票-敦北法人,2024-02-01,0037003700390063
2383,台光電,146,3,143,國票-敦北法人,2024-02-01,0037003700390063
3231,緯創,234,107,127,國票-敦北法人,2024-02-01,0037003700390063
1618,合機,120,0,120,國票-敦北法人,2024-02-01,0037003700390063
5383,金利,114,0,114,國票-敦北法人,2024-02-01,0037003700390063
6285,啟��,103,3,100,國票-敦北法人,2024-02-01,0037003700390063
6138,茂達,82,0,82,國票-敦北法人,2024-02-01,0037003700390063
1476,儒鴻,80,0,80,國票-敦北法人,2024-02-01,0037003700390063
9904,寶成,79,0,79,國票-敦北法人,2024-02-01,0037003700390063
1519,華城,79,12,67,國票-敦北法人,2024-02-01,0037003700390063
00679B,元大美債20年,65,2,63,國票-敦北法人,2024-02-01,0037003700390063
3034,聯詠,53,0,53,國票-敦北法人,2024-02-01,0037003700390063
3081,聯亞,54,4,50,國票-敦北法人,2024-02-01,0037003700390063
3234,光環,50,1,49,國票-敦北法人,2024-02-01,0037003700390063
6669,緯穎,46,0,46,國票-敦北法人,2024-02-01,0037003700390063
2379,瑞昱,46,1,45,國票-敦北法人,2024-02-01,0037003700390063
00878,國泰永續高股息,44,2,42,國票-敦北法人,2024-02-01,0037003700390063
6290,良維,42,0,42,國票-敦北法人,2024-02-01,0037003700390063
8227,巨有科技,44,3,41,國票-敦北法人,2024-02-01,0037003700390063
3036,文曄,68,27,41,國票-敦北法人,2024-02-01,0037003700390063
8926,台汽電,36,0,36,國票-敦北法人,2024-02-01,0037003700390063
1477,聚陽,34,0,34,國票-敦北法人,2024-02-01,0037003700390063
4129,聯合,33,0,33,國票-敦北法人,2024-02-01,0037003700390063
1590,亞德客-KY,31,0,31,國票-敦北法人,2024-02-01,0037003700390063
2440,太空梭,30,0,30,國票-敦北法人,2024-02-01,0037003700390063
1418,東華,30,0,30,國票-敦北法人,2024-02-01,0037003700390063
6585,鼎基,30,0,30,國票-敦北法人,2024-02-01,0037003700390063
8131,福懋科,30,0,30,國票-敦北法人,2024-02-01,0037003700390063
6179,亞通,35,7,28,國票-敦北法人,2024-02-01,0037003700390063
6176,瑞儀,28,0,28,國票-敦北法人,2024-02-01,0037003700390063
00933B,國泰10Y+金融債,28,1,27,國票-敦北法人,2024-02-01,0037003700390063
3228,金麗科,24,0,24,國票-敦北法人,2024-02-01,0037003700390063
00929,復華台灣科技優息,28,5,23,國票-敦北法人,2024-02-01,0037003700390063
3680,家登,22,0,22,國票-敦北法人,2024-02-01,0037003700390063
1229,聯華,20,0,20,國票-敦北法人,2024-02-01,0037003700390063
00708L,期元大S＆P黃金正2,20,0,20,國票-敦北法人,2024-02-01,0037003700390063
5371,中光電,20,0,20,國票-敦北法人,2024-02-01,0037003700390063
3374,精材,20,0,20,國票-敦北法人,2024-02-01,0037003700390063
2465,麗臺,20,0,20,國票-敦北法人,2024-02-01,0037003700390063
6550,北極星藥業-KY,19,1,18,國票-敦北法人,2024-02-01,0037003700390063
3044,健鼎,19,1,18,國票-敦北法人,2024-02-01,0037003700390063
2548,華固,18,0,18,國票-敦北法人,2024-02-01,0037003700390063
3615,安可,21,3,18,國票-敦北法人,2024-02-01,0037003700390063
00830,國泰費城半導體,1117,0,1117,國票-敦北法人,2024-02-02,0037003700390063
2376,技嘉,1103,22,1081,國票-敦北法人,2024-02-02,0037003700390063
2365,昆盈,1048,4,1044,國票-敦北法人,2024-02-02,0037003700390063
2303,聯電,891,19,872,國票-敦北法人,2024-02-02,0037003700390063
2886,兆豐金,700,0,700,國票-敦北法人,2024-02-02,0037003700390063
2337,旺宏,661,0,661,國票-敦北法人,2024-02-02,0037003700390063
2353,宏��,555,1,554,國票-敦北法人,2024-02-02,0037003700390063
2421,建準,594,49,545,國票-敦北法人,2024-02-02,0037003700390063
00662,富邦NASDAQ,522,0,522,國票-敦北法人,2024-02-02,0037003700390063
00922,國泰台灣領袖50,504,0,504,國票-敦北法人,2024-02-02,0037003700390063
2347,聯強,436,0,436,國票-敦北法人,2024-02-02,0037003700390063
2449,京元電子,437,7,430,國票-敦北法人,2024-02-02,0037003700390063
2352,佳世達,426,13,413,國票-敦北法人,2024-02-02,0037003700390063
2371,大同,390,30,360,國票-敦北法人,2024-02-02,0037003700390063
1402,遠東新,300,0,300,國票-敦北法人,2024-02-02,0037003700390063
2356,英業達,309,24,285,國票-敦北法人,2024-02-02,0037003700390063
4938,和碩,284,0,284,國票-敦北法人,2024-02-02,0037003700390063
6147,頎邦,269,0,269,國票-敦北法人,2024-02-02,0037003700390063
3653,健策,256,0,256,國票-敦北法人,2024-02-02,0037003700390063
3711,日月光投控,244,1,243,國票-敦北法人,2024-02-02,0037003700390063
4958,臻鼎-KY,225,0,225,國票-敦北法人,2024-02-02,0037003700390063
2301,光寶科,225,3,222,國票-敦北法人,2024-02-02,0037003700390063
2329,華泰,250,39,211,國票-敦北法人,2024-02-02,0037003700390063
4968,立積,230,26,204,國票-敦北法人,2024-02-02,0037003700390063
3217,優群,200,0,200,國票-敦北法人,2024-02-02,0037003700390063
00751B,元大AAA至A公司債,200,0,200,國票-敦北法人,2024-02-02,0037003700390063
3044,健鼎,195,1,194,國票-敦北法人,2024-02-02,0037003700390063
6182,合晶,193,0,193,國票-敦北法人,2024-02-02,0037003700390063
6176,瑞儀,189,0,189,國票-敦北法人,2024-02-02,0037003700390063
5469,瀚宇博,188,0,188,國票-敦北法人,2024-02-02,0037003700390063
6285,啟��,180,0,180,國票-敦北法人,2024-02-02,0037003700390063
3231,緯創,378,198,180,國票-敦北法人,2024-02-02,0037003700390063
5371,中光電,169,0,169,國票-敦北法人,2024-02-02,0037003700390063
3264,欣銓,174,5,169,國票-敦北法人,2024-02-02,0037003700390063
8112,至上,178,11,167,國票-敦北法人,2024-02-02,0037003700390063
6191,精成科,169,3,166,國票-敦北法人,2024-02-02,0037003700390063
4915,致伸,165,0,165,國票-敦北法人,2024-02-02,0037003700390063
3189,景碩,162,4,158,國票-敦北法人,2024-02-02,0037003700390063
6239,力成,129,0,129,國票-敦北法人,2024-02-02,0037003700390063
2330,台積電,131,4,127,國票-敦北法人,2024-02-02,0037003700390063
2313,華通,433,313,120,國票-敦北法人,2024-02-02,0037003700390063
2474,可成,119,0,119,國票-敦北法人,2024-02-02,0037003700390063
9904,寶成,108,0,108,國票-敦北法人,2024-02-02,0037003700390063
3702,大聯大,100,0,100,國票-敦北法人,2024-02-02,0037003700390063
00637L,元大滬深300正2,98,6,92,國票-敦北法人,2024-02-02,0037003700390063
3530,晶相光,93,7,86,國票-敦北法人,2024-02-02,0037003700390063
00715L,期街口布蘭特正2,85,0,85,國票-敦北法人,2024-02-02,0037003700390063
8050,廣積,79,1,78,國票-敦北法人,2024-02-02,0037003700390063
3596,智易,78,1,77,國票-敦北法人,2024-02-02,0037003700390063
2404,漢唐,68,0,68,國票-敦北法人,2024-02-02,0037003700390063
3231,緯創,1173,221,952,國票-敦北法人,2024-02-05,0037003700390063
8996,高力,727,17,710,國票-敦北法人,2024-02-05,0037003700390063
3036,文曄,661,8,653,國票-敦北法人,2024-02-05,0037003700390063
2377,微星,507,1,506,國票-敦北法人,2024-02-05,0037003700390063
00688L,國泰20年美債正2,505,0,505,國票-敦北法人,2024-02-05,0037003700390063
3548,兆利,380,49,331,國票-敦北法人,2024-02-05,0037003700390063
2330,台積電,323,19,304,國票-敦北法人,2024-02-05,0037003700390063
6112,邁達特,278,7,271,國票-敦北法人,2024-02-05,0037003700390063
00715L,期街口布蘭特正2,260,2,258,國票-敦北法人,2024-02-05,0037003700390063
1603,華電,245,0,245,國票-敦北法人,2024-02-05,0037003700390063
3376,新日興,306,65,241,國票-敦北法人,2024-02-05,0037003700390063
2382,廣達,224,19,205,國票-敦北法人,2024-02-05,0037003700390063
00751B,元大AAA至A公司債,201,0,201,國票-敦北法人,2024-02-05,0037003700390063
3044,健鼎,186,2,184,國票-敦北法人,2024-02-05,0037003700390063
00687B,國泰20年美債,165,0,165,國票-敦北法人,2024-02-05,0037003700390063
2204,中華,155,0,155,國票-敦北法人,2024-02-05,0037003700390063
00861,元大全球未來通訊,132,0,132,國票-敦北法人,2024-02-05,0037003700390063
2368,金像電,114,10,104,國票-敦北法人,2024-02-05,0037003700390063
1590,亞德客-KY,100,0,100,國票-敦北法人,2024-02-05,0037003700390063
00929,復華台灣科技優息,71,0,71,國票-敦北法人,2024-02-05,0037003700390063
2357,華碩,63,1,62,國票-敦北法人,2024-02-05,0037003700390063
1503,士電,62,0,62,國票-敦北法人,2024-02-05,0037003700390063
00919,群益台灣精選高息,59,0,59,國票-敦北法人,2024-02-05,0037003700390063
00706L,期元大S＆P日圓正2,58,0,58,國票-敦北法人,2024-02-05,0037003700390063
2360,致茂,56,0,56,國票-敦北法人,2024-02-05,0037003700390063
6533,晶心科,56,1,55,國票-敦北法人,2024-02-05,0037003700390063
5426,振發,71,16,55,國票-敦北法人,2024-02-05,0037003700390063
00712,復華富時不動產,53,0,53,國票-敦北法人,2024-02-05,0037003700390063
2371,大同,54,2,52,國票-敦北法人,2024-02-05,0037003700390063
6179,亞通,51,1,50,國票-敦北法人,2024-02-05,0037003700390063
5340,建榮,50,2,48,國票-敦北法人,2024-02-05,0037003700390063
1513,中興電,43,0,43,國票-敦北法人,2024-02-05,0037003700390063
8027,鈦昇,35,0,35,國票-敦北法人,2024-02-05,0037003700390063
00933B,國泰10Y+金融債,38,5,33,國票-敦北法人,2024-02-05,0037003700390063
00632R,元大台灣50反1,50,20,30,國票-敦北法人,2024-02-05,0037003700390063
2352,佳世達,30,1,29,國票-敦北法人,2024-02-05,0037003700390063
2002,中鋼,25,0,25,國票-敦北法人,2024-02-05,0037003700390063
6244,茂迪,26,3,23,國票-敦北法人,2024-02-05,0037003700390063
8210,勤誠,35,13,22,國票-敦北法人,2024-02-05,0037003700390063
3035,智原,53,31,22,國票-敦北法人,2024-02-05,0037003700390063
5234,達興材料,24,3,21,國票-敦北法人,2024-02-05,0037003700390063
2344,華邦電,20,0,20,國票-敦北法人,2024-02-05,0037003700390063
3645,達邁,20,0,20,國票-敦北法人,2024-02-05,0037003700390063
2530,華建,20,0,20,國票-敦北法人,2024-02-05,0037003700390063
2883,凱基金,20,0,20,國票-敦北法人,2024-02-05,0037003700390063
5490,同亨,20,0,20,國票-敦北法人,2024-02-05,0037003700390063
3709,鑫聯大投控,20,0,20,國票-敦北法人,2024-02-05,0037003700390063
6285,啟��,43,25,18,國票-敦北法人,2024-02-05,0037003700390063
00937B,群益ESG投等債20,18,0,18,國票-敦北法人,2024-02-05,0037003700390063
4714,永捷,28,10,18,國票-敦北法人,2024-02-05,0037003700390063
2891,中信金,1400,4,1396,國票-敦北法人,2024-02-15,0037003700390063
2365,昆盈,1634,566,1068,國票-敦北法人,2024-02-15,0037003700390063
00688L,國泰20年美債正2,1020,0,1020,國票-敦北法人,2024-02-15,0037003700390063
4714,永捷,1033,32,1001,國票-敦北法人,2024-02-15,0037003700390063
4909,新復興,820,0,820,國票-敦北法人,2024-02-15,0037003700390063
2412,中華電,635,0,635,國票-敦北法人,2024-02-15,0037003700390063
00632R,元大台灣50反1,610,1,609,國票-敦北法人,2024-02-15,0037003700390063
4908,前鼎,518,3,515,國票-敦北法人,2024-02-15,0037003700390063
2324,仁寶,520,20,500,國票-敦北法人,2024-02-15,0037003700390063
6290,良維,500,10,490,國票-敦北法人,2024-02-15,0037003700390063
2329,華泰,596,122,474,國票-敦北法人,2024-02-15,0037003700390063
3406,玉晶光,401,2,399,國票-敦北法人,2024-02-15,0037003700390063
6282,康舒,598,230,368,國票-敦北法人,2024-02-15,0037003700390063
00662,富邦NASDAQ,300,0,300,國票-敦北法人,2024-02-15,0037003700390063
2330,台積電,405,116,289,國票-敦北法人,2024-02-15,0037003700390063
2382,廣達,285,34,251,國票-敦北法人,2024-02-15,0037003700390063
6442,光聖,251,5,246,國票-敦北法人,2024-02-15,0037003700390063
2301,光寶科,225,2,223,國票-敦北法人,2024-02-15,0037003700390063
6138,茂達,208,0,208,國票-敦北法人,2024-02-15,0037003700390063
3231,緯創,666,458,208,國票-敦北法人,2024-02-15,0037003700390063
00751B,元大AAA至A公司債,196,0,196,國票-敦北法人,2024-02-15,0037003700390063
00795B,中信美國公債20年,191,0,191,國票-敦北法人,2024-02-15,0037003700390063
00720B,元大投資級公司債,192,2,190,國票-敦北法人,2024-02-15,0037003700390063
2308,台達電,216,60,156,國票-敦北法人,2024-02-15,0037003700390063
6488,環球晶,131,0,131,國票-敦北法人,2024-02-15,0037003700390063
3548,兆利,156,27,129,國票-敦北法人,2024-02-15,0037003700390063
2530,華建,120,0,120,國票-敦北法人,2024-02-15,0037003700390063
00878,國泰永續高股息,109,7,102,國票-敦北法人,2024-02-15,0037003700390063
3376,新日興,118,16,102,國票-敦北法人,2024-02-15,0037003700390063
2006,東和鋼鐵,100,0,100,國票-敦北法人,2024-02-15,0037003700390063
2049,上銀,100,0,100,國票-敦北法人,2024-02-15,0037003700390063
5234,達興材料,100,0,100,國票-敦北法人,2024-02-15,0037003700390063
5383,金利,100,1,99,國票-敦北法人,2024-02-15,0037003700390063
00931B,統一美債20年,96,0,96,國票-敦北法人,2024-02-15,0037003700390063
8163,達方,95,0,95,國票-敦北法人,2024-02-15,0037003700390063
00680L,元大美債20正2,84,0,84,國票-敦北法人,2024-02-15,0037003700390063
3034,聯詠,211,135,76,國票-敦北法人,2024-02-15,0037003700390063
5269,祥碩,80,5,75,國票-敦北法人,2024-02-15,0037003700390063
5426,振發,94,19,75,國票-敦北法人,2024-02-15,0037003700390063
3680,家登,103,28,75,國票-敦北法人,2024-02-15,0037003700390063
5347,世界,70,0,70,國票-敦北法人,2024-02-15,0037003700390063
00706L,期元大S＆P日圓正2,66,0,66,國票-敦北法人,2024-02-15,0037003700390063
6533,晶心科,71,5,66,國票-敦北法人,2024-02-15,0037003700390063
8054,安國,81,16,65,國票-敦北法人,2024-02-15,0037003700390063
00934,中信成長高股息,59,0,59,國票-敦北法人,2024-02-15,0037003700390063
00687B,國泰20年美債,80,25,55,國票-敦北法人,2024-02-15,0037003700390063
3563,牧德,56,1,55,國票-敦北法人,2024-02-15,0037003700390063
2371,大同,57,6,51,國票-敦北法人,2024-02-15,0037003700390063
2501,國建,50,0,50,國票-敦北法人,2024-02-15,0037003700390063
3005,神基,50,1,49,國票-敦北法人,2024-02-15,0037003700390063
2369,菱生,1867,25,1842,國票-敦北法人,2024-02-16,0037003700390063
2892,第一金,1001,1,1000,國票-敦北法人,2024-02-16,0037003700390063
2890,永豐金,1000,1,999,國票-敦北法人,2024-02-16,0037003700390063
3715,定穎投控,650,11,639,國票-敦北法人,2024-02-16,0037003700390063
00929,復華台灣科技優息,638,17,621,國票-敦北法人,2024-02-16,0037003700390063
2105,正新,584,5,579,國票-敦北法人,2024-02-16,0037003700390063
8358,金居,586,20,566,國票-敦北法人,2024-02-16,0037003700390063
00878,國泰永續高股息,527,1,526,國票-敦北法人,2024-02-16,0037003700390063
00919,群益台灣精選高息,516,16,500,國票-敦北法人,2024-02-16,0037003700390063
3363,上詮,429,15,414,國票-敦北法人,2024-02-16,0037003700390063
00713,元大台灣高息低波,401,0,401,國票-敦北法人,2024-02-16,0037003700390063
3450,聯鈞,421,41,380,國票-敦北法人,2024-02-16,0037003700390063
3376,新日興,372,2,370,國票-敦北法人,2024-02-16,0037003700390063
2317,鴻海,311,10,301,國票-敦北法人,2024-02-16,0037003700390063
2376,技嘉,423,206,217,國票-敦北法人,2024-02-16,0037003700390063
2330,台積電,209,8,201,國票-敦北法人,2024-02-16,0037003700390063
6425,易發,183,0,183,國票-敦北法人,2024-02-16,0037003700390063
2421,建準,166,2,164,國票-敦北法人,2024-02-16,0037003700390063
2357,華碩,161,3,158,國票-敦北法人,2024-02-16,0037003700390063
2353,宏��,171,20,151,國票-敦北法人,2024-02-16,0037003700390063
4909,新復興,659,517,142,國票-敦北法人,2024-02-16,0037003700390063
9958,世紀鋼,125,3,122,國票-敦北法人,2024-02-16,0037003700390063
6451,訊芯-KY,128,7,121,國票-敦北法人,2024-02-16,0037003700390063
5383,金利,112,0,112,國票-敦北法人,2024-02-16,0037003700390063
5258,虹堡,103,1,102,國票-敦北法人,2024-02-16,0037003700390063
1737,臺鹽,77,0,77,國票-敦北法人,2024-02-16,0037003700390063
2365,昆盈,1722,1652,70,國票-敦北法人,2024-02-16,0037003700390063
2881,富邦金,70,0,70,國票-敦北法人,2024-02-16,0037003700390063
7402,邑錡,60,0,60,國票-敦北法人,2024-02-16,0037003700390063
6806,森崴能源,65,9,56,國票-敦北法人,2024-02-16,0037003700390063
2327,國巨,61,5,56,國票-敦北法人,2024-02-16,0037003700390063
1815,富喬,107,53,54,國票-敦北法人,2024-02-16,0037003700390063
00931B,統一美債20年,54,0,54,國票-敦北法人,2024-02-16,0037003700390063
6164,華興,130,77,53,國票-敦北法人,2024-02-16,0037003700390063
2530,華建,100,50,50,國票-敦北法人,2024-02-16,0037003700390063
3413,京鼎,64,14,50,國票-敦北法人,2024-02-16,0037003700390063
2354,鴻準,50,0,50,國票-敦北法人,2024-02-16,0037003700390063
8059,凱碩,49,3,46,國票-敦北法人,2024-02-16,0037003700390063
4714,永捷,1072,1029,43,國票-敦北法人,2024-02-16,0037003700390063
1503,士電,49,6,43,國票-敦北法人,2024-02-16,0037003700390063
5284,jpp-KY,55,13,42,國票-敦北法人,2024-02-16,0037003700390063
8054,安國,47,5,42,國票-敦北法人,2024-02-16,0037003700390063
1809,中釉,55,14,41,國票-敦北法人,2024-02-16,0037003700390063
6189,豐藝,43,2,41,國票-敦北法人,2024-02-16,0037003700390063
6213,聯茂,43,5,38,國票-敦北法人,2024-02-16,0037003700390063
2355,敬鵬,41,5,36,國票-敦北法人,2024-02-16,0037003700390063
5340,建榮,31,0,31,國票-敦北法人,2024-02-16,0037003700390063
3038,全台,31,1,30,國票-敦北法人,2024-02-16,0037003700390063
2888,新光金,30,0,30,國票-敦北法人,2024-02-16,0037003700390063
1316,上曜,27,0,27,國票-敦北法人,2024-02-16,0037003700390063
3481,群創,2113,238,1875,國票-敦北法人,2024-02-19,0037003700390063
3037,欣興,943,40,903,國票-敦北法人,2024-02-19,0037003700390063
00688L,國泰20年美債正2,650,0,650,國票-敦北法人,2024-02-19,0037003700390063
6164,華興,514,67,447,國票-敦北法人,2024-02-19,0037003700390063
3312,弘憶股,370,16,354,國票-敦北法人,2024-02-19,0037003700390063
6442,光聖,366,31,335,國票-敦北法人,2024-02-19,0037003700390063
4945,陞達科技,247,0,247,國票-敦北法人,2024-02-19,0037003700390063
6806,森崴能源,248,8,240,國票-敦北法人,2024-02-19,0037003700390063
2049,上銀,201,0,201,國票-敦北法人,2024-02-19,0037003700390063
3583,辛耘,163,0,163,國票-敦北法人,2024-02-19,0037003700390063
2489,瑞軒,169,8,161,國票-敦北法人,2024-02-19,0037003700390063
1504,東元,160,2,158,國票-敦北法人,2024-02-19,0037003700390063
8358,金居,152,2,150,國票-敦北法人,2024-02-19,0037003700390063
1503,士電,168,56,112,國票-敦北法人,2024-02-19,0037003700390063
6789,采鈺,148,37,111,國票-敦北法人,2024-02-19,0037003700390063
00919,群益台灣精選高息,111,0,111,國票-敦北法人,2024-02-19,0037003700390063
3479,安勤,107,0,107,國票-敦北法人,2024-02-19,0037003700390063
3055,蔚華科,105,1,104,國票-敦北法人,2024-02-19,0037003700390063
3708,上緯投控,100,2,98,國票-敦北法人,2024-02-19,0037003700390063
00937B,群益ESG投等債20,93,0,93,國票-敦北法人,2024-02-19,0037003700390063
1513,中興電,108,22,86,國票-敦北法人,2024-02-19,0037003700390063
00733,富邦臺灣中小,80,0,80,國票-敦北法人,2024-02-19,0037003700390063
2883,凱基金,82,5,77,國票-敦北法人,2024-02-19,0037003700390063
5426,振發,113,49,64,國票-敦北法人,2024-02-19,0037003700390063
6125,廣運,78,15,63,國票-敦北法人,2024-02-19,0037003700390063
00637L,元大滬深300正2,92,32,60,國票-敦北法人,2024-02-19,0037003700390063
00933B,國泰10Y+金融債,60,0,60,國票-敦北法人,2024-02-19,0037003700390063
4714,永捷,1733,1674,59,國票-敦北法人,2024-02-19,0037003700390063
2376,技嘉,64,13,51,國票-敦北法人,2024-02-19,0037003700390063
1445,大宇,50,0,50,國票-敦北法人,2024-02-19,0037003700390063
5484,慧友,50,0,50,國票-敦北法人,2024-02-19,0037003700390063
8059,凱碩,55,7,48,國票-敦北法人,2024-02-19,0037003700390063
1609,大亞,55,7,48,國票-敦北法人,2024-02-19,0037003700390063
1806,冠軍,53,12,41,國票-敦北法人,2024-02-19,0037003700390063
2455,全新,76,36,40,國票-敦北法人,2024-02-19,0037003700390063
9934,成霖,38,0,38,國票-敦北法人,2024-02-19,0037003700390063
3443,創意,38,1,37,國票-敦北法人,2024-02-19,0037003700390063
2609,陽明,80,43,37,國票-敦北法人,2024-02-19,0037003700390063
3535,晶彩科,35,0,35,國票-敦北法人,2024-02-19,0037003700390063
6108,競國,40,5,35,國票-敦北法人,2024-02-19,0037003700390063
3289,宜特,35,0,35,國票-敦北法人,2024-02-19,0037003700390063
3217,優群,40,10,30,國票-敦北法人,2024-02-19,0037003700390063
6462,神盾,29,1,28,國票-敦北法人,2024-02-19,0037003700390063
6248,沛波,28,0,28,國票-敦北法人,2024-02-19,0037003700390063
6187,萬潤,29,1,28,國票-敦北法人,2024-02-19,0037003700390063
2486,一詮,31,4,27,國票-敦北法人,2024-02-19,0037003700390063
3131,弘塑,32,5,27,國票-敦北法人,2024-02-19,0037003700390063
6695,芯鼎,36,10,26,國票-敦北法人,2024-02-19,0037003700390063
6546,正基,25,0,25,國票-敦北法人,2024-02-19,0037003700390063
6274,台燿,29,5,24,國票-敦北法人,2024-02-19,0037003700390063
1316,上曜,1274,53,1221,國票-敦北法人,2024-02-20,0037003700390063
2344,華邦電,1142,2,1140,國票-敦北法人,2024-02-20,0037003700390063
2881,富邦金,631,2,629,國票-敦北法人,2024-02-20,0037003700390063
3041,揚智,1040,459,581,國票-敦北法人,2024-02-20,0037003700390063
4979,華星光,642,82,560,國票-敦北法人,2024-02-20,0037003700390063
3055,蔚華科,549,113,436,國票-敦北法人,2024-02-20,0037003700390063
3045,台灣大,344,0,344,國票-敦北法人,2024-02-20,0037003700390063
4729,熒茂,251,3,248,國票-敦北法人,2024-02-20,0037003700390063
2379,瑞昱,337,107,230,國票-敦北法人,2024-02-20,0037003700390063
00929,復華台灣科技優息,227,9,218,國票-敦北法人,2024-02-20,0037003700390063
2360,致茂,220,10,210,國票-敦北法人,2024-02-20,0037003700390063
6451,訊芯-KY,218,9,209,國票-敦北法人,2024-02-20,0037003700390063
3047,訊舟,230,24,206,國票-敦北法人,2024-02-20,0037003700390063
0056,元大高股息,204,2,202,國票-敦北法人,2024-02-20,0037003700390063
2014,中鴻,200,0,200,國票-敦北法人,2024-02-20,0037003700390063
00770,國泰北美科技,200,0,200,國票-敦北法人,2024-02-20,0037003700390063
3264,欣銓,200,1,199,國票-敦北法人,2024-02-20,0037003700390063
5443,均豪,202,3,199,國票-敦北法人,2024-02-20,0037003700390063
6425,易發,183,1,182,國票-敦北法人,2024-02-20,0037003700390063
2382,廣達,518,348,170,國票-敦北法人,2024-02-20,0037003700390063
3044,健鼎,142,2,140,國票-敦北法人,2024-02-20,0037003700390063
2408,南亞科,136,7,129,國票-敦北法人,2024-02-20,0037003700390063
2313,華通,160,46,114,國票-敦北法人,2024-02-20,0037003700390063
00937B,群益ESG投等債20,111,0,111,國票-敦北法人,2024-02-20,0037003700390063
8086,宏捷科,152,47,105,國票-敦北法人,2024-02-20,0037003700390063
00713,元大台灣高息低波,100,0,100,國票-敦北法人,2024-02-20,0037003700390063
5880,合庫金,101,2,99,國票-敦北法人,2024-02-20,0037003700390063
8016,矽創,104,6,98,國票-敦北法人,2024-02-20,0037003700390063
5269,祥碩,102,14,88,國票-敦北法人,2024-02-20,0037003700390063
2530,華建,81,0,81,國票-敦北法人,2024-02-20,0037003700390063
6164,華興,591,510,81,國票-敦北法人,2024-02-20,0037003700390063
2409,友達,100,22,78,國票-敦北法人,2024-02-20,0037003700390063
2345,智邦,70,0,70,國票-敦北法人,2024-02-20,0037003700390063
3305,昇貿,63,8,55,國票-敦北法人,2024-02-20,0037003700390063
2308,台達電,55,2,53,國票-敦北法人,2024-02-20,0037003700390063
6719,力智,50,1,49,國票-敦北法人,2024-02-20,0037003700390063
8089,康全電訊,60,11,49,國票-敦北法人,2024-02-20,0037003700390063
3712,永崴投控,80,33,47,國票-敦北法人,2024-02-20,0037003700390063
00676R,富邦臺灣加權反1,45,0,45,國票-敦北法人,2024-02-20,0037003700390063
6125,廣運,55,10,45,國票-敦北法人,2024-02-20,0037003700390063
2330,台積電,50,8,42,國票-敦北法人,2024-02-20,0037003700390063
4961,天鈺,53,12,41,國票-敦北法人,2024-02-20,0037003700390063
2356,英業達,46,6,40,國票-敦北法人,2024-02-20,0037003700390063
8059,凱碩,45,5,40,國票-敦北法人,2024-02-20,0037003700390063
3372,典範,40,2,38,國票-敦北法人,2024-02-20,0037003700390063
6446,藥華藥,45,9,36,國票-敦北法人,2024-02-20,0037003700390063
2610,華航,46,11,35,國票-敦北法人,2024-02-20,0037003700390063
00933B,國泰10Y+金融債,34,0,34,國票-敦北法人,2024-02-20,0037003700390063
2329,華泰,73,39,34,國票-敦北法人,2024-02-20,0037003700390063
2062,橋椿,32,0,32,國票-敦北法人,2024-02-20,0037003700390063
2344,華邦電,1230,12,1218,國票-敦北法人,2024-02-21,0037003700390063
00650L,復華香港正2,784,0,784,國票-敦北法人,2024-02-21,0037003700390063
4909,新復興,727,28,699,國票-敦北法人,2024-02-21,0037003700390063
3025,星通,606,14,592,國票-敦北法人,2024-02-21,0037003700390063
1809,中釉,630,45,585,國票-敦北法人,2024-02-21,0037003700390063
00878,國泰永續高股息,544,0,544,國票-敦北法人,2024-02-21,0037003700390063
6126,信音,650,113,537,國票-敦北法人,2024-02-21,0037003700390063
2303,聯電,531,2,529,國票-敦北法人,2024-02-21,0037003700390063
8182,加高,499,1,498,國票-敦北法人,2024-02-21,0037003700390063
2543,皇昌,440,68,372,國票-敦北法人,2024-02-21,0037003700390063
1513,中興電,418,67,351,國票-敦北法人,2024-02-21,0037003700390063
8299,群聯,394,53,341,國票-敦北法人,2024-02-21,0037003700390063
3588,通嘉,341,10,331,國票-敦北法人,2024-02-21,0037003700390063
3663,鑫科,305,0,305,國票-敦北法人,2024-02-21,0037003700390063
8086,宏捷科,321,23,298,國票-敦北法人,2024-02-21,0037003700390063
2356,英業達,241,6,235,國票-敦北法人,2024-02-21,0037003700390063
2408,南亞科,205,1,204,國票-敦北法人,2024-02-21,0037003700390063
6274,台燿,207,9,198,國票-敦北法人,2024-02-21,0037003700390063
2371,大同,200,4,196,國票-敦北法人,2024-02-21,0037003700390063
3376,新日興,174,3,171,國票-敦北法人,2024-02-21,0037003700390063
3081,聯亞,167,10,157,國票-敦北法人,2024-02-21,0037003700390063
6491,晶碩,150,0,150,國票-敦北法人,2024-02-21,0037003700390063
4908,前鼎,117,11,106,國票-敦北法人,2024-02-21,0037003700390063
6546,正基,106,4,102,國票-敦北法人,2024-02-21,0037003700390063
4904,遠傳,85,1,84,國票-敦北法人,2024-02-21,0037003700390063
2489,瑞軒,102,29,73,國票-敦北法人,2024-02-21,0037003700390063
2330,台積電,80,10,70,國票-敦北法人,2024-02-21,0037003700390063
5439,高技,71,1,70,國票-敦北法人,2024-02-21,0037003700390063
2912,統一超,70,0,70,國票-敦北法人,2024-02-21,0037003700390063
1503,士電,81,16,65,國票-敦北法人,2024-02-21,0037003700390063
3533,嘉澤,64,1,63,國票-敦北法人,2024-02-21,0037003700390063
3036,文曄,66,3,63,國票-敦北法人,2024-02-21,0037003700390063
3305,昇貿,66,11,55,國票-敦北法人,2024-02-21,0037003700390063
2329,華泰,117,62,55,國票-敦北法人,2024-02-21,0037003700390063
3689,湧德,55,4,51,國票-敦北法人,2024-02-21,0037003700390063
3034,聯詠,57,7,50,國票-敦北法人,2024-02-21,0037003700390063
3324,雙鴻,51,1,50,國票-敦北法人,2024-02-21,0037003700390063
2474,可成,47,0,47,國票-敦北法人,2024-02-21,0037003700390063
1514,亞力,54,10,44,國票-敦北法人,2024-02-21,0037003700390063
4714,永捷,46,3,43,國票-敦北法人,2024-02-21,0037003700390063
6164,華興,74,34,40,國票-敦北法人,2024-02-21,0037003700390063
3027,盛達,52,13,39,國票-敦北法人,2024-02-21,0037003700390063
1210,大成,40,3,37,國票-敦北法人,2024-02-21,0037003700390063
3217,優群,41,4,37,國票-敦北法人,2024-02-21,0037003700390063
3712,永崴投控,68,31,37,國票-敦北法人,2024-02-21,0037003700390063
6425,易發,205,170,35,國票-敦北法人,2024-02-21,0037003700390063
3481,群創,41,7,34,國票-敦北法人,2024-02-21,0037003700390063
00933B,國泰10Y+金融債,38,4,34,國票-敦北法人,2024-02-21,0037003700390063
00632R,元大台灣50反1,30,0,30,國票-敦北法人,2024-02-21,0037003700390063
00929,復華台灣科技優息,30,0,30,國票-敦北法人,2024-02-21,0037003700390063
00929,復華台灣科技優息,4107,10,4097,國票-敦北法人,2024-02-22,0037003700390063
00919,群益台灣精選高息,3078,22,3056,國票-敦北法人,2024-02-22,0037003700390063
00878,國泰永續高股息,1510,16,1494,國票-敦北法人,2024-02-22,0037003700390063
2303,聯電,564,30,534,國票-敦北法人,2024-02-22,0037003700390063
8059,凱碩,474,5,469,國票-敦北法人,2024-02-22,0037003700390063
00935,野村臺灣新科技50,400,0,400,國票-敦北法人,2024-02-22,0037003700390063
00665L,富邦�琤肭磪囓�2,371,0,371,國票-敦北法人,2024-02-22,0037003700390063
2379,瑞昱,390,27,363,國票-敦北法人,2024-02-22,0037003700390063
2376,技嘉,301,37,264,國票-敦北法人,2024-02-22,0037003700390063
2408,南亞科,260,9,251,國票-敦北法人,2024-02-22,0037003700390063
2308,台達電,250,1,249,國票-敦北法人,2024-02-22,0037003700390063
3147,大綜,247,0,247,國票-敦北法人,2024-02-22,0037003700390063
00713,元大台灣高息低波,200,0,200,國票-敦北法人,2024-02-22,0037003700390063
006205,富邦上証,175,0,175,國票-敦北法人,2024-02-22,0037003700390063
3019,亞光,150,1,149,國票-敦北法人,2024-02-22,0037003700390063
2371,大同,190,45,145,國票-敦北法人,2024-02-22,0037003700390063
6526,達發,145,3,142,國票-敦北法人,2024-02-22,0037003700390063
3689,湧德,173,36,137,國票-敦北法人,2024-02-22,0037003700390063
2324,仁寶,117,6,111,國票-敦北法人,2024-02-22,0037003700390063
5284,jpp-KY,111,7,104,國票-敦北法人,2024-02-22,0037003700390063
2344,華邦電,101,1,100,國票-敦北法人,2024-02-22,0037003700390063
1618,合機,100,0,100,國票-敦北法人,2024-02-22,0037003700390063
1737,臺鹽,94,0,94,國票-敦北法人,2024-02-22,0037003700390063
00720B,元大投資級公司債,88,0,88,國票-敦北法人,2024-02-22,0037003700390063
00632R,元大台灣50反1,80,0,80,國票-敦北法人,2024-02-22,0037003700390063
1514,亞力,107,29,78,國票-敦北法人,2024-02-22,0037003700390063
2367,燿華,93,23,70,國票-敦北法人,2024-02-22,0037003700390063
6269,台郡,69,0,69,國票-敦北法人,2024-02-22,0037003700390063
2458,義隆,72,5,67,國票-敦北法人,2024-02-22,0037003700390063
6788,華景電,70,3,67,國票-敦北法人,2024-02-22,0037003700390063
2313,華通,128,67,61,國票-敦北法人,2024-02-22,0037003700390063
4966,譜瑞-KY,57,0,57,國票-敦北法人,2024-02-22,0037003700390063
6239,力成,54,0,54,國票-敦北法人,2024-02-22,0037003700390063
00933B,國泰10Y+金融債,53,0,53,國票-敦北法人,2024-02-22,0037003700390063
2884,玉山金,52,0,52,國票-敦北法人,2024-02-22,0037003700390063
8926,台汽電,53,1,52,國票-敦北法人,2024-02-22,0037003700390063
2609,陽明,58,8,50,國票-敦北法人,2024-02-22,0037003700390063
6462,神盾,50,1,49,國票-敦北法人,2024-02-22,0037003700390063
6189,豐藝,63,23,40,國票-敦北法人,2024-02-22,0037003700390063
3527,聚積,38,0,38,國票-敦北法人,2024-02-22,0037003700390063
5211,蒙恬,35,0,35,國票-敦北法人,2024-02-22,0037003700390063
2105,正新,35,0,35,國票-敦北法人,2024-02-22,0037003700390063
1210,大成,30,0,30,國票-敦北法人,2024-02-22,0037003700390063
00687B,國泰20年美債,29,0,29,國票-敦北法人,2024-02-22,0037003700390063
9958,世紀鋼,27,4,23,國票-敦北法人,2024-02-22,0037003700390063
5388,中磊,46,24,22,國票-敦北法人,2024-02-22,0037003700390063
4931,新盛力,22,0,22,國票-敦北法人,2024-02-22,0037003700390063
3041,揚智,427,405,22,國票-敦北法人,2024-02-22,0037003700390063
8089,康全電訊,22,0,22,國票-敦北法人,2024-02-22,0037003700390063
8464,億豐,21,0,21,國票-敦北法人,2024-02-22,0037003700390063
2890,永豐金,3000,0,3000,國票-敦北法人,2024-02-23,0037003700390063
00919,群益台灣精選高息,510,3,507,國票-敦北法人,2024-02-23,0037003700390063
8147,正淩,754,257,497,國票-敦北法人,2024-02-23,0037003700390063
3689,湧德,430,10,420,國票-敦北法人,2024-02-23,0037003700390063
00929,復華台灣科技優息,479,60,419,國票-敦北法人,2024-02-23,0037003700390063
4908,前鼎,474,120,354,國票-敦北法人,2024-02-23,0037003700390063
2454,聯發科,369,20,349,國票-敦北法人,2024-02-23,0037003700390063
6104,創惟,605,287,318,國票-敦北法人,2024-02-23,0037003700390063
3312,弘憶股,277,1,276,國票-敦北法人,2024-02-23,0037003700390063
2885,元大金,257,0,257,國票-敦北法人,2024-02-23,0037003700390063
2331,精英,228,6,222,國票-敦北法人,2024-02-23,0037003700390063
6288,聯嘉,266,69,197,國票-敦北法人,2024-02-23,0037003700390063
1513,中興電,265,71,194,國票-敦北法人,2024-02-23,0037003700390063
5876,上海商銀,100,0,100,國票-敦北法人,2024-02-23,0037003700390063
6285,啟��,107,12,95,國票-敦北法人,2024-02-23,0037003700390063
4904,遠傳,85,0,85,國票-敦北法人,2024-02-23,0037003700390063
3583,辛耘,106,21,85,國票-敦北法人,2024-02-23,0037003700390063
8096,擎亞,123,40,83,國票-敦北法人,2024-02-23,0037003700390063
6292,迅德,80,3,77,國票-敦北法人,2024-02-23,0037003700390063
3036,文曄,70,0,70,國票-敦北法人,2024-02-23,0037003700390063
6683,雍智科技,69,0,69,國票-敦北法人,2024-02-23,0037003700390063
1809,中釉,68,0,68,國票-敦北法人,2024-02-23,0037003700390063
1737,臺鹽,60,0,60,國票-敦北法人,2024-02-23,0037003700390063
6290,良維,63,6,57,國票-敦北法人,2024-02-23,0037003700390063
3535,晶彩科,124,68,56,國票-敦北法人,2024-02-23,0037003700390063
3044,健鼎,56,2,54,國票-敦北法人,2024-02-23,0037003700390063
6719,力智,60,6,54,國票-敦北法人,2024-02-23,0037003700390063
4906,正文,51,0,51,國票-敦北法人,2024-02-23,0037003700390063
9939,宏全,50,0,50,國票-敦北法人,2024-02-23,0037003700390063
8049,晶采,50,0,50,國票-敦北法人,2024-02-23,0037003700390063
2618,長榮航,69,20,49,國票-敦北法人,2024-02-23,0037003700390063
2474,可成,47,0,47,國票-敦北法人,2024-02-23,0037003700390063
3680,家登,64,19,45,國票-敦北法人,2024-02-23,0037003700390063
1815,富喬,65,20,45,國票-敦北法人,2024-02-23,0037003700390063
9910,豐泰,40,0,40,國票-敦北法人,2024-02-23,0037003700390063
5258,虹堡,43,6,37,國票-敦北法人,2024-02-23,0037003700390063
00632R,元大台灣50反1,125,92,33,國票-敦北法人,2024-02-23,0037003700390063
00687B,國泰20年美債,32,0,32,國票-敦北法人,2024-02-23,0037003700390063
1215,卜蜂,32,0,32,國票-敦北法人,2024-02-23,0037003700390063
6695,芯鼎,35,3,32,國票-敦北法人,2024-02-23,0037003700390063
6223,旺矽,34,3,31,國票-敦北法人,2024-02-23,0037003700390063
3450,聯鈞,102,72,30,國票-敦北法人,2024-02-23,0037003700390063
8942,森鉅,30,0,30,國票-敦北法人,2024-02-23,0037003700390063
2882,國泰金,36,6,30,國票-敦北法人,2024-02-23,0037003700390063
9907,統一實,30,0,30,國票-敦北法人,2024-02-23,0037003700390063
6488,環球晶,30,0,30,國票-敦北法人,2024-02-23,0037003700390063
5388,中磊,31,3,28,國票-敦北法人,2024-02-23,0037003700390063
6462,神盾,32,6,26,國票-敦北法人,2024-02-23,0037003700390063
6274,台燿,36,13,23,國票-敦北法人,2024-02-23,0037003700390063
6491,晶碩,22,0,22,國票-敦北法人,2024-02-23,0037003700390063
2303,聯電,2110,2,2108,國票-敦北法人,2024-02-26,0037003700390063
00688L,國泰20年美債正2,500,0,500,國票-敦北法人,2024-02-26,0037003700390063
2637,慧洋-KY,470,7,463,國票-敦北法人,2024-02-26,0037003700390063
2891,中信金,450,5,445,國票-敦北法人,2024-02-26,0037003700390063
2377,微星,425,0,425,國票-敦北法人,2024-02-26,0037003700390063
4909,新復興,701,344,357,國票-敦北法人,2024-02-26,0037003700390063
3005,神基,356,15,341,國票-敦北法人,2024-02-26,0037003700390063
3037,欣興,343,39,304,國票-敦北法人,2024-02-26,0037003700390063
2382,廣達,284,16,268,國票-敦北法人,2024-02-26,0037003700390063
6806,森崴能源,449,212,237,國票-敦北法人,2024-02-26,0037003700390063
1513,中興電,349,127,222,國票-敦北法人,2024-02-26,0037003700390063
6285,啟��,211,3,208,國票-敦北法人,2024-02-26,0037003700390063
3588,通嘉,196,12,184,國票-敦北法人,2024-02-26,0037003700390063
6799,來頡,215,32,183,國票-敦北法人,2024-02-26,0037003700390063
1712,興農,164,0,164,國票-敦北法人,2024-02-26,0037003700390063
2886,兆豐金,150,0,150,國票-敦北法人,2024-02-26,0037003700390063
2353,宏��,155,12,143,國票-敦北法人,2024-02-26,0037003700390063
2371,大同,224,90,134,國票-敦北法人,2024-02-26,0037003700390063
2409,友達,150,17,133,國票-敦北法人,2024-02-26,0037003700390063
6122,擎邦,128,1,127,國票-敦北法人,2024-02-26,0037003700390063
5483,中美晶,125,3,122,國票-敦北法人,2024-02-26,0037003700390063
1504,東元,120,2,118,國票-敦北法人,2024-02-26,0037003700390063
8059,凱碩,152,37,115,國票-敦北法人,2024-02-26,0037003700390063
2408,南亞科,109,0,109,國票-敦北法人,2024-02-26,0037003700390063
6125,廣運,117,12,105,國票-敦北法人,2024-02-26,0037003700390063
6532,瑞耘,110,7,103,國票-敦北法人,2024-02-26,0037003700390063
3044,健鼎,102,1,101,國票-敦北法人,2024-02-26,0037003700390063
00715L,期街口布蘭特正2,100,0,100,國票-敦北法人,2024-02-26,0037003700390063
00893,國泰智能電動車,100,1,99,國票-敦北法人,2024-02-26,0037003700390063
2881,富邦金,101,7,94,國票-敦北法人,2024-02-26,0037003700390063
8182,加高,98,5,93,國票-敦北法人,2024-02-26,0037003700390063
6488,環球晶,92,0,92,國票-敦北法人,2024-02-26,0037003700390063
2344,華邦電,92,1,91,國票-敦北法人,2024-02-26,0037003700390063
3346,麗清,90,0,90,國票-敦北法人,2024-02-26,0037003700390063
2356,英業達,95,10,85,國票-敦北法人,2024-02-26,0037003700390063
6292,迅德,119,37,82,國票-敦北法人,2024-02-26,0037003700390063
6732,昇佳電子,83,5,78,國票-敦北法人,2024-02-26,0037003700390063
2327,國巨,78,0,78,國票-敦北法人,2024-02-26,0037003700390063
3017,奇鋐,140,72,68,國票-敦北法人,2024-02-26,0037003700390063
1316,上曜,64,13,51,國票-敦北法人,2024-02-26,0037003700390063
2605,新興,60,12,48,國票-敦北法人,2024-02-26,0037003700390063
5443,均豪,48,0,48,國票-敦北法人,2024-02-26,0037003700390063
6239,力成,60,13,47,國票-敦北法人,2024-02-26,0037003700390063
3324,雙鴻,49,4,45,國票-敦北法人,2024-02-26,0037003700390063
8064,東捷,42,0,42,國票-敦北法人,2024-02-26,0037003700390063
1609,大亞,60,19,41,國票-敦北法人,2024-02-26,0037003700390063
1535,中宇,40,0,40,國票-敦北法人,2024-02-26,0037003700390063
2884,玉山金,38,0,38,國票-敦北法人,2024-02-26,0037003700390063
6770,力積電,38,0,38,國票-敦北法人,2024-02-26,0037003700390063
2347,聯強,38,0,38,國票-敦北法人,2024-02-26,0037003700390063
00919,群益台灣精選高息,2780,17,2763,國票-敦北法人,2024-02-27,0037003700390063
00929,復華台灣科技優息,2087,1,2086,國票-敦北法人,2024-02-27,0037003700390063
2303,聯電,2023,42,1981,國票-敦北法人,2024-02-27,0037003700390063
00878,國泰永續高股息,1645,0,1645,國票-敦北法人,2024-02-27,0037003700390063
00935,野村臺灣新科技50,1005,0,1005,國票-敦北法人,2024-02-27,0037003700390063
2412,中華電,802,0,802,國票-敦北法人,2024-02-27,0037003700390063
3034,聯詠,752,12,740,國票-敦北法人,2024-02-27,0037003700390063
2357,華碩,602,0,602,國票-敦北法人,2024-02-27,0037003700390063
3231,緯創,425,21,404,國票-敦北法人,2024-02-27,0037003700390063
00713,元大台灣高息低波,301,0,301,國票-敦北法人,2024-02-27,0037003700390063
00632R,元大台灣50反1,305,10,295,國票-敦北法人,2024-02-27,0037003700390063
6668,中揚光,301,9,292,國票-敦北法人,2024-02-27,0037003700390063
00753L,中信中國50正2,221,0,221,國票-敦北法人,2024-02-27,0037003700390063
3005,神基,294,75,219,國票-敦北法人,2024-02-27,0037003700390063
1712,興農,215,0,215,國票-敦北法人,2024-02-27,0037003700390063
2882,國泰金,200,0,200,國票-敦北法人,2024-02-27,0037003700390063
3260,威剛,202,3,199,國票-敦北法人,2024-02-27,0037003700390063
4915,致伸,166,0,166,國票-敦北法人,2024-02-27,0037003700390063
2301,光寶科,167,6,161,國票-敦北法人,2024-02-27,0037003700390063
2409,友達,150,5,145,國票-敦北法人,2024-02-27,0037003700390063
2603,長榮,126,3,123,國票-敦北法人,2024-02-27,0037003700390063
8163,達方,112,1,111,國票-敦北法人,2024-02-27,0037003700390063
6208,日揚,117,13,104,國票-敦北法人,2024-02-27,0037003700390063
00937B,群益ESG投等債20,542,440,102,國票-敦北法人,2024-02-27,0037003700390063
2880,華南金,102,0,102,國票-敦北法人,2024-02-27,0037003700390063
2467,志聖,122,20,102,國票-敦北法人,2024-02-27,0037003700390063
3035,智原,108,8,100,國票-敦北法人,2024-02-27,0037003700390063
1319,東陽,101,1,100,國票-敦北法人,2024-02-27,0037003700390063
2634,漢翔,101,1,100,國票-敦北法人,2024-02-27,0037003700390063
2006,東和鋼鐵,100,1,99,國票-敦北法人,2024-02-27,0037003700390063
5347,世界,96,5,91,國票-敦北法人,2024-02-27,0037003700390063
3264,欣銓,76,0,76,國票-敦北法人,2024-02-27,0037003700390063
8464,億豐,76,0,76,國票-敦北法人,2024-02-27,0037003700390063
2353,宏��,85,10,75,國票-敦北法人,2024-02-27,0037003700390063
5536,聖暉*,70,0,70,國票-敦北法人,2024-02-27,0037003700390063
2441,超豐,65,0,65,國票-敦北法人,2024-02-27,0037003700390063
5876,上海商銀,65,1,64,國票-敦北法人,2024-02-27,0037003700390063
8027,鈦昇,72,11,61,國票-敦北法人,2024-02-27,0037003700390063
6285,啟��,61,3,58,國票-敦北法人,2024-02-27,0037003700390063
2618,長榮航,60,3,57,國票-敦北法人,2024-02-27,0037003700390063
00933B,國泰10Y+金融債,55,0,55,國票-敦北法人,2024-02-27,0037003700390063
6585,鼎基,55,0,55,國票-敦北法人,2024-02-27,0037003700390063
6271,同欣電,53,1,52,國票-敦北法人,2024-02-27,0037003700390063
2645,長榮航太,51,1,50,國票-敦北法人,2024-02-27,0037003700390063
3023,信邦,50,0,50,國票-敦北法人,2024-02-27,0037003700390063
1707,葡萄王,49,0,49,國票-敦北法人,2024-02-27,0037003700390063
2379,瑞昱,49,1,48,國票-敦北法人,2024-02-27,0037003700390063
3041,揚智,50,3,47,國票-敦北法人,2024-02-27,0037003700390063
2383,台光電,56,13,43,國票-敦北法人,2024-02-27,0037003700390063
2404,漢唐,40,1,39,國票-敦北法人,2024-02-27,0037003700390063
2303,聯電,2010,13,1997,國票-敦北法人,2024-02-29,0037003700390063
6806,森崴能源,688,37,651,國票-敦北法人,2024-02-29,0037003700390063
4909,新復興,745,130,615,國票-敦北法人,2024-02-29,0037003700390063
8085,福華,492,15,477,國票-敦北法人,2024-02-29,0037003700390063
2885,元大金,350,2,348,國票-敦北法人,2024-02-29,0037003700390063
3005,神基,452,201,251,國票-敦北法人,2024-02-29,0037003700390063
2049,上銀,250,0,250,國票-敦北法人,2024-02-29,0037003700390063
9904,寶成,204,3,201,國票-敦北法人,2024-02-29,0037003700390063
6438,迅得,193,6,187,國票-敦北法人,2024-02-29,0037003700390063
3037,欣興,334,156,178,國票-敦北法人,2024-02-29,0037003700390063
6005,群益證,200,33,167,國票-敦北法人,2024-02-29,0037003700390063
2031,新光鋼,164,0,164,國票-敦北法人,2024-02-29,0037003700390063
6138,茂達,267,113,154,國票-敦北法人,2024-02-29,0037003700390063
00929,復華台灣科技優息,150,0,150,國票-敦北法人,2024-02-29,0037003700390063
8996,高力,145,2,143,國票-敦北法人,2024-02-29,0037003700390063
1513,中興電,251,108,143,國票-敦北法人,2024-02-29,0037003700390063
1725,元禎,146,20,126,國票-敦北法人,2024-02-29,0037003700390063
2313,華通,126,1,125,國票-敦北法人,2024-02-29,0037003700390063
7402,邑錡,123,12,111,國票-敦北法人,2024-02-29,0037003700390063
2201,裕隆,110,0,110,國票-敦北法人,2024-02-29,0037003700390063
3588,通嘉,116,11,105,國票-敦北法人,2024-02-29,0037003700390063
2605,新興,120,18,102,國票-敦北法人,2024-02-29,0037003700390063
3035,智原,107,6,101,國票-敦北法人,2024-02-29,0037003700390063
4906,正文,100,0,100,國票-敦北法人,2024-02-29,0037003700390063
5876,上海商銀,100,0,100,國票-敦北法人,2024-02-29,0037003700390063
6173,信昌電,96,1,95,國票-敦北法人,2024-02-29,0037003700390063
6116,彩晶,90,0,90,國票-敦北法人,2024-02-29,0037003700390063
3324,雙鴻,101,13,88,國票-敦北法人,2024-02-29,0037003700390063
3711,日月光投控,86,0,86,國票-敦北法人,2024-02-29,0037003700390063
2357,華碩,80,0,80,國票-敦北法人,2024-02-29,0037003700390063
1319,東陽,83,7,76,國票-敦北法人,2024-02-29,0037003700390063
6462,神盾,128,53,75,國票-敦北法人,2024-02-29,0037003700390063
1514,亞力,106,33,73,國票-敦北法人,2024-02-29,0037003700390063
6244,茂迪,66,2,64,國票-敦北法人,2024-02-29,0037003700390063
2204,中華,63,0,63,國票-敦北法人,2024-02-29,0037003700390063
6125,廣運,90,32,58,國票-敦北法人,2024-02-29,0037003700390063
6414,樺漢,103,48,55,國票-敦北法人,2024-02-29,0037003700390063
3006,晶豪科,53,0,53,國票-敦北法人,2024-02-29,0037003700390063
6271,同欣電,51,0,51,國票-敦北法人,2024-02-29,0037003700390063
3041,揚智,51,0,51,國票-敦北法人,2024-02-29,0037003700390063
6179,亞通,82,31,51,國票-敦北法人,2024-02-29,0037003700390063
1737,臺鹽,50,0,50,國票-敦北法人,2024-02-29,0037003700390063
6488,環球晶,51,1,50,國票-敦北法人,2024-02-29,0037003700390063
00720B,元大投資級公司債,50,0,50,國票-敦北法人,2024-02-29,0037003700390063
9940,信義,50,0,50,國票-敦北法人,2024-02-29,0037003700390063
8049,晶采,50,0,50,國票-敦北法人,2024-02-29,0037003700390063
6143,振曜,50,3,47,國票-敦北法人,2024-02-29,0037003700390063
3017,奇鋐,83,39,44,國票-敦北法人,2024-02-29,0037003700390063
2329,華泰,61,18,43,國票-敦北法人,2024-02-29,0037003700390063
5443,均豪,49,6,43,國票-敦北法人,2024-02-29,0037003700390063
3005,神基,1707,19,1688,國票-敦北法人,2024-03-01,0037003700390063
00673R,期元大S＆P原油反1,900,0,900,國票-敦北法人,2024-03-01,0037003700390063
2324,仁寶,517,17,500,國票-敦北法人,2024-03-01,0037003700390063
00646,元大S＆P500,500,0,500,國票-敦北法人,2024-03-01,0037003700390063
3372,典範,493,7,486,國票-敦北法人,2024-03-01,0037003700390063
8996,高力,394,70,324,國票-敦北法人,2024-03-01,0037003700390063
00715L,期街口布蘭特正2,396,103,293,國票-敦北法人,2024-03-01,0037003700390063
3037,欣興,278,1,277,國票-敦北法人,2024-03-01,0037003700390063
2455,全新,263,10,253,國票-敦北法人,2024-03-01,0037003700390063
3450,聯鈞,263,14,249,國票-敦北法人,2024-03-01,0037003700390063
3044,健鼎,284,45,239,國票-敦北法人,2024-03-01,0037003700390063
2301,光寶科,214,8,206,國票-敦北法人,2024-03-01,0037003700390063
8299,群聯,180,0,180,國票-敦北法人,2024-03-01,0037003700390063
1316,上曜,210,38,172,國票-敦北法人,2024-03-01,0037003700390063
3376,新日興,239,82,157,國票-敦北法人,2024-03-01,0037003700390063
2603,長榮,161,11,150,國票-敦北法人,2024-03-01,0037003700390063
2376,技嘉,141,15,126,國票-敦北法人,2024-03-01,0037003700390063
2337,旺宏,125,0,125,國票-敦北法人,2024-03-01,0037003700390063
00929,復華台灣科技優息,127,5,122,國票-敦北法人,2024-03-01,0037003700390063
3035,智原,158,38,120,國票-敦北法人,2024-03-01,0037003700390063
00830,國泰費城半導體,109,1,108,國票-敦北法人,2024-03-01,0037003700390063
2345,智邦,107,0,107,國票-敦北法人,2024-03-01,0037003700390063
1504,東元,101,0,101,國票-敦北法人,2024-03-01,0037003700390063
00751B,元大AAA至A公司債,100,0,100,國票-敦北法人,2024-03-01,0037003700390063
4938,和碩,100,1,99,國票-敦北法人,2024-03-01,0037003700390063
6125,廣運,201,102,99,國票-敦北法人,2024-03-01,0037003700390063
8227,巨有科技,95,0,95,國票-敦北法人,2024-03-01,0037003700390063
3017,奇鋐,134,50,84,國票-敦北法人,2024-03-01,0037003700390063
1513,中興電,307,226,81,國票-敦北法人,2024-03-01,0037003700390063
3036,文曄,281,204,77,國票-敦北法人,2024-03-01,0037003700390063
6462,神盾,83,13,70,國票-敦北法人,2024-03-01,0037003700390063
2354,鴻準,63,0,63,國票-敦北法人,2024-03-01,0037003700390063
1737,臺鹽,60,0,60,國票-敦北法人,2024-03-01,0037003700390063
8099,大世科,55,0,55,國票-敦北法人,2024-03-01,0037003700390063
7402,邑錡,156,102,54,國票-敦北法人,2024-03-01,0037003700390063
8024,佑華,50,0,50,國票-敦北法人,2024-03-01,0037003700390063
3078,僑威,51,1,50,國票-敦北法人,2024-03-01,0037003700390063
00931B,統一美債20年,50,0,50,國票-敦北法人,2024-03-01,0037003700390063
2327,國巨,51,2,49,國票-敦北法人,2024-03-01,0037003700390063
2387,精元,50,1,49,國票-敦北法人,2024-03-01,0037003700390063
6732,昇佳電子,45,0,45,國票-敦北法人,2024-03-01,0037003700390063
3013,晟銘電,69,27,42,國票-敦北法人,2024-03-01,0037003700390063
5386,青雲,43,1,42,國票-敦北法人,2024-03-01,0037003700390063
6271,同欣電,41,0,41,國票-敦北法人,2024-03-01,0037003700390063
4968,立積,59,19,40,國票-敦北法人,2024-03-01,0037003700390063
6116,彩晶,40,0,40,國票-敦北法人,2024-03-01,0037003700390063
1590,亞德客-KY,41,6,35,國票-敦北法人,2024-03-01,0037003700390063
3587,閎康,37,2,35,國票-敦北法人,2024-03-01,0037003700390063
3363,上詮,40,5,35,國票-敦北法人,2024-03-01,0037003700390063
00687B,國泰20年美債,34,0,34,國票-敦北法人,2024-03-01,0037003700390063
2317,鴻海,1510,14,1496,國票-敦北法人,2024-03-04,0037003700390063
00687B,國泰20年美債,802,0,802,國票-敦北法人,2024-03-04,0037003700390063
2324,仁寶,1038,249,789,國票-敦北法人,2024-03-04,0037003700390063
4906,正文,778,6,772,國票-敦北法人,2024-03-04,0037003700390063
3372,典範,805,177,628,國票-敦北法人,2024-03-04,0037003700390063
2367,燿華,709,153,556,國票-敦北法人,2024-03-04,0037003700390063
3013,晟銘電,582,82,500,國票-敦北法人,2024-03-04,0037003700390063
2485,兆赫,422,0,422,國票-敦北法人,2024-03-04,0037003700390063
2419,仲琦,426,7,419,國票-敦北法人,2024-03-04,0037003700390063
3289,宜特,328,7,321,國票-敦北法人,2024-03-04,0037003700390063
3363,上詮,337,35,302,國票-敦北法人,2024-03-04,0037003700390063
1712,興農,281,0,281,國票-敦北法人,2024-03-04,0037003700390063
1905,華紙,316,37,279,國票-敦北法人,2024-03-04,0037003700390063
5469,瀚宇博,229,1,228,國票-敦北法人,2024-03-04,0037003700390063
00632R,元大台灣50反1,227,0,227,國票-敦北法人,2024-03-04,0037003700390063
2606,裕民,220,0,220,國票-敦北法人,2024-03-04,0037003700390063
1503,士電,205,2,203,國票-敦北法人,2024-03-04,0037003700390063
3689,湧德,220,18,202,國票-敦北法人,2024-03-04,0037003700390063
2603,長榮,205,17,188,國票-敦北法人,2024-03-04,0037003700390063
5251,天鉞電,173,6,167,國票-敦北法人,2024-03-04,0037003700390063
2467,志聖,187,38,149,國票-敦北法人,2024-03-04,0037003700390063
2204,中華,150,5,145,國票-敦北法人,2024-03-04,0037003700390063
2371,大同,157,13,144,國票-敦北法人,2024-03-04,0037003700390063
2230,泰茂,128,0,128,國票-敦北法人,2024-03-04,0037003700390063
2383,台光電,115,3,112,國票-敦北法人,2024-03-04,0037003700390063
2301,光寶科,120,12,108,國票-敦北法人,2024-03-04,0037003700390063
00919,群益台灣精選高息,112,7,105,國票-敦北法人,2024-03-04,0037003700390063
3701,大眾控,106,2,104,國票-敦北法人,2024-03-04,0037003700390063
00933B,國泰10Y+金融債,102,1,101,國票-敦北法人,2024-03-04,0037003700390063
2880,華南金,101,0,101,國票-敦北法人,2024-03-04,0037003700390063
4770,上品,100,0,100,國票-敦北法人,2024-03-04,0037003700390063
3704,合勤控,100,0,100,國票-敦北法人,2024-03-04,0037003700390063
4938,和碩,100,0,100,國票-敦北法人,2024-03-04,0037003700390063
4303,信立,94,1,93,國票-敦北法人,2024-03-04,0037003700390063
3515,華擎,112,24,88,國票-敦北法人,2024-03-04,0037003700390063
00929,復華台灣科技優息,118,30,88,國票-敦北法人,2024-03-04,0037003700390063
3645,達邁,82,2,80,國票-敦北法人,2024-03-04,0037003700390063
4543,萬在,88,12,76,國票-敦北法人,2024-03-04,0037003700390063
2330,台積電,189,113,76,國票-敦北法人,2024-03-04,0037003700390063
6223,旺矽,78,3,75,國票-敦北法人,2024-03-04,0037003700390063
4979,華星光,112,38,74,國票-敦北法人,2024-03-04,0037003700390063
2408,南亞科,69,2,67,國票-敦北法人,2024-03-04,0037003700390063
2417,圓剛,70,4,66,國票-敦北法人,2024-03-04,0037003700390063
1737,臺鹽,60,0,60,國票-敦北法人,2024-03-04,0037003700390063
2455,全新,55,3,52,國票-敦北法人,2024-03-04,0037003700390063
3131,弘塑,55,4,51,國票-敦北法人,2024-03-04,0037003700390063
2387,精元,58,8,50,國票-敦北法人,2024-03-04,0037003700390063
2345,智邦,51,1,50,國票-敦北法人,2024-03-04,0037003700390063
6505,台塑化,200,153,47,國票-敦北法人,2024-03-04,0037003700390063
00679B,元大美債20年,46,0,46,國票-敦北法人,2024-03-04,0037003700390063
2382,廣達,1629,53,1576,國票-敦北法人,2024-03-05,0037003700390063
00878,國泰永續高股息,1004,0,1004,國票-敦北法人,2024-03-05,0037003700390063
1504,東元,903,1,902,國票-敦北法人,2024-03-05,0037003700390063
1316,上曜,508,5,503,國票-敦北法人,2024-03-05,0037003700390063
00895,富邦未來車,500,0,500,國票-敦北法人,2024-03-05,0037003700390063
2049,上銀,456,3,453,國票-敦北法人,2024-03-05,0037003700390063
00715L,期街口布蘭特正2,450,0,450,國票-敦北法人,2024-03-05,0037003700390063
00646,元大S＆P500,316,0,316,國票-敦北法人,2024-03-05,0037003700390063
5425,台半,305,0,305,國票-敦北法人,2024-03-05,0037003700390063
1712,興農,303,0,303,國票-敦北法人,2024-03-05,0037003700390063
3689,湧德,636,338,298,國票-敦北法人,2024-03-05,0037003700390063
6275,元山,219,2,217,國票-敦北法人,2024-03-05,0037003700390063
6223,旺矽,204,3,201,國票-敦北法人,2024-03-05,0037003700390063
8996,高力,221,22,199,國票-敦北法人,2024-03-05,0037003700390063
3207,耀勝,207,9,198,國票-敦北法人,2024-03-05,0037003700390063
3044,健鼎,175,4,171,國票-敦北法人,2024-03-05,0037003700390063
2330,台積電,242,81,161,國票-敦北法人,2024-03-05,0037003700390063
3515,華擎,249,111,138,國票-敦北法人,2024-03-05,0037003700390063
6163,華電網,145,9,136,國票-敦北法人,2024-03-05,0037003700390063
2230,泰茂,120,1,119,國票-敦北法人,2024-03-05,0037003700390063
2408,南亞科,124,20,104,國票-敦北法人,2024-03-05,0037003700390063
2838,聯邦銀,101,0,101,國票-敦北法人,2024-03-05,0037003700390063
2618,長榮航,104,7,97,國票-敦北法人,2024-03-05,0037003700390063
2376,技嘉,101,6,95,國票-敦北法人,2024-03-05,0037003700390063
8210,勤誠,103,12,91,國票-敦北法人,2024-03-05,0037003700390063
6531,愛普*,65,0,65,國票-敦北法人,2024-03-05,0037003700390063
8227,巨有科技,66,6,60,國票-敦北法人,2024-03-05,0037003700390063
3293,鈊象,51,1,50,國票-敦北法人,2024-03-05,0037003700390063
8147,正淩,49,0,49,國票-敦北法人,2024-03-05,0037003700390063
6451,訊芯-KY,49,1,48,國票-敦北法人,2024-03-05,0037003700390063
00919,群益台灣精選高息,82,39,43,國票-敦北法人,2024-03-05,0037003700390063
2371,大同,66,24,42,國票-敦北法人,2024-03-05,0037003700390063
2454,聯發科,53,13,40,國票-敦北法人,2024-03-05,0037003700390063
00712,復華富時不動產,38,0,38,國票-敦北法人,2024-03-05,0037003700390063
6121,新普,40,2,38,國票-敦北法人,2024-03-05,0037003700390063
5439,高技,36,0,36,國票-敦北法人,2024-03-05,0037003700390063
5498,凱崴,40,5,35,國票-敦北法人,2024-03-05,0037003700390063
3017,奇鋐,39,5,34,國票-敦北法人,2024-03-05,0037003700390063
2486,一詮,41,8,33,國票-敦北法人,2024-03-05,0037003700390063
2313,華通,52,20,32,國票-敦北法人,2024-03-05,0037003700390063
8096,擎亞,32,1,31,國票-敦北法人,2024-03-05,0037003700390063
1795,美時,43,12,31,國票-敦北法人,2024-03-05,0037003700390063
8054,安國,58,28,30,國票-敦北法人,2024-03-05,0037003700390063
6156,松上,30,0,30,國票-敦北法人,2024-03-05,0037003700390063
6290,良維,50,21,29,國票-敦北法人,2024-03-05,0037003700390063
6197,佳必琪,29,0,29,國票-敦北法人,2024-03-05,0037003700390063
6770,力積電,28,0,28,國票-敦北法人,2024-03-05,0037003700390063
3450,聯鈞,35,10,25,國票-敦北法人,2024-03-05,0037003700390063
6799,來頡,24,0,24,國票-敦北法人,2024-03-05,0037003700390063
1326,台化,22,0,22,國票-敦北法人,2024-03-05,0037003700390063
1815,富喬,1340,30,1310,國票-敦北法人,2024-03-06,0037003700390063
00646,元大S＆P500,593,0,593,國票-敦北法人,2024-03-06,0037003700390063
2486,一詮,719,173,546,國票-敦北法人,2024-03-06,0037003700390063
6147,頎邦,549,110,439,國票-敦北法人,2024-03-06,0037003700390063
1712,興農,321,0,321,國票-敦北法人,2024-03-06,0037003700390063
3264,欣銓,324,80,244,國票-敦北法人,2024-03-06,0037003700390063
6290,良維,227,5,222,國票-敦北法人,2024-03-06,0037003700390063
6121,新普,251,30,221,國票-敦北法人,2024-03-06,0037003700390063
2467,志聖,314,109,205,國票-敦北法人,2024-03-06,0037003700390063
2301,光寶科,253,54,199,國票-敦北法人,2024-03-06,0037003700390063
3293,鈊象,193,8,185,國票-敦北法人,2024-03-06,0037003700390063
6217,中探針,198,18,180,國票-敦北法人,2024-03-06,0037003700390063
00919,群益台灣精選高息,184,5,179,國票-敦北法人,2024-03-06,0037003700390063
2211,長榮鋼,178,2,176,國票-敦北法人,2024-03-06,0037003700390063
2345,智邦,171,2,169,國票-敦北法人,2024-03-06,0037003700390063
2449,京元電子,370,212,158,國票-敦北法人,2024-03-06,0037003700390063
2204,中華,154,2,152,國票-敦北法人,2024-03-06,0037003700390063
5009,榮剛,152,1,151,國票-敦北法人,2024-03-06,0037003700390063
2104,國際中橡,114,0,114,國票-敦北法人,2024-03-06,0037003700390063
4966,譜瑞-KY,113,0,113,國票-敦北法人,2024-03-06,0037003700390063
2417,圓剛,105,4,101,國票-敦北法人,2024-03-06,0037003700390063
3548,兆利,108,9,99,國票-敦北法人,2024-03-06,0037003700390063
4306,炎洲,100,4,96,國票-敦北法人,2024-03-06,0037003700390063
3376,新日興,122,26,96,國票-敦北法人,2024-03-06,0037003700390063
00878,國泰永續高股息,103,14,89,國票-敦北法人,2024-03-06,0037003700390063
2404,漢唐,118,31,87,國票-敦北法人,2024-03-06,0037003700390063
00929,復華台灣科技優息,170,84,86,國票-敦北法人,2024-03-06,0037003700390063
00665L,富邦�琤肭磪囓�2,84,0,84,國票-敦北法人,2024-03-06,0037003700390063
2330,台積電,295,211,84,國票-敦北法人,2024-03-06,0037003700390063
2201,裕隆,75,0,75,國票-敦北法人,2024-03-06,0037003700390063
2324,仁寶,70,5,65,國票-敦北法人,2024-03-06,0037003700390063
2385,群光,222,161,61,國票-敦北法人,2024-03-06,0037003700390063
4909,新復興,75,14,61,國票-敦北法人,2024-03-06,0037003700390063
2382,廣達,67,7,60,國票-敦北法人,2024-03-06,0037003700390063
3481,群創,57,0,57,國票-敦北法人,2024-03-06,0037003700390063
2379,瑞昱,89,33,56,國票-敦北法人,2024-03-06,0037003700390063
8271,宇瞻,56,0,56,國票-敦北法人,2024-03-06,0037003700390063
3010,華立,55,0,55,國票-敦北法人,2024-03-06,0037003700390063
00712,復華富時不動產,50,0,50,國票-敦北法人,2024-03-06,0037003700390063
6223,旺矽,51,1,50,國票-敦北法人,2024-03-06,0037003700390063
1210,大成,50,0,50,國票-敦北法人,2024-03-06,0037003700390063
3512,皇龍,50,0,50,國票-敦北法人,2024-03-06,0037003700390063
6197,佳必琪,79,30,49,國票-敦北法人,2024-03-06,0037003700390063
2383,台光電,63,14,49,國票-敦北法人,2024-03-06,0037003700390063
2367,燿華,1388,1339,49,國票-敦北法人,2024-03-06,0037003700390063
2323,中環,58,11,47,國票-敦北法人,2024-03-06,0037003700390063
3551,世禾,52,6,46,國票-敦北法人,2024-03-06,0037003700390063
1513,中興電,77,31,46,國票-敦北法人,2024-03-06,0037003700390063
6451,訊芯-KY,50,5,45,國票-敦北法人,2024-03-06,0037003700390063
2605,新興,43,0,43,國票-敦北法人,2024-03-06,0037003700390063
00688L,國泰20年美債正2,1600,50,1550,國票-敦北法人,2024-03-07,0037003700390063
00881,國泰台灣5G+,1500,0,1500,國票-敦北法人,2024-03-07,0037003700390063
00646,元大S＆P500,648,0,648,國票-敦北法人,2024-03-07,0037003700390063
2303,聯電,645,18,627,國票-敦北法人,2024-03-07,0037003700390063
00919,群益台灣精選高息,474,30,444,國票-敦北法人,2024-03-07,0037003700390063
2323,中環,441,0,441,國票-敦北法人,2024-03-07,0037003700390063
8040,九暘,430,1,429,國票-敦北法人,2024-03-07,0037003700390063
1712,興農,340,0,340,國票-敦北法人,2024-03-07,0037003700390063
3037,欣興,304,1,303,國票-敦北法人,2024-03-07,0037003700390063
2467,志聖,336,36,300,國票-敦北法人,2024-03-07,0037003700390063
2317,鴻海,254,4,250,國票-敦北法人,2024-03-07,0037003700390063
3005,神基,257,27,230,國票-敦北法人,2024-03-07,0037003700390063
3540,曜越,240,45,195,國票-敦北法人,2024-03-07,0037003700390063
4966,譜瑞-KY,135,0,135,國票-敦北法人,2024-03-07,0037003700390063
5234,達興材料,164,36,128,國票-敦北法人,2024-03-07,0037003700390063
6274,台燿,323,198,125,國票-敦北法人,2024-03-07,0037003700390063
00632R,元大台灣50反1,129,16,113,國票-敦北法人,2024-03-07,0037003700390063
3548,兆利,251,139,112,國票-敦北法人,2024-03-07,0037003700390063
6235,華孚,101,0,101,國票-敦北法人,2024-03-07,0037003700390063
2404,漢唐,99,1,98,國票-敦北法人,2024-03-07,0037003700390063
8996,高力,212,131,81,國票-敦北法人,2024-03-07,0037003700390063
2515,中工,103,24,79,國票-敦北法人,2024-03-07,0037003700390063
1319,東陽,81,6,75,國票-敦北法人,2024-03-07,0037003700390063
2201,裕隆,75,0,75,國票-敦北法人,2024-03-07,0037003700390063
2454,聯發科,140,75,65,國票-敦北法人,2024-03-07,0037003700390063
6683,雍智科技,54,0,54,國票-敦北法人,2024-03-07,0037003700390063
3711,日月光投控,66,13,53,國票-敦北法人,2024-03-07,0037003700390063
3032,偉訓,52,1,51,國票-敦北法人,2024-03-07,0037003700390063
6016,康和證,50,1,49,國票-敦北法人,2024-03-07,0037003700390063
5426,振發,52,5,47,國票-敦北法人,2024-03-07,0037003700390063
6179,亞通,45,0,45,國票-敦北法人,2024-03-07,0037003700390063
3234,光環,46,1,45,國票-敦北法人,2024-03-07,0037003700390063
6116,彩晶,42,0,42,國票-敦北法人,2024-03-07,0037003700390063
8033,雷虎,40,0,40,國票-敦北法人,2024-03-07,0037003700390063
4979,華星光,52,16,36,國票-敦北法人,2024-03-07,0037003700390063
2330,台積電,91,56,35,國票-敦北法人,2024-03-07,0037003700390063
00937B,群益ESG投等債20,49,14,35,國票-敦北法人,2024-03-07,0037003700390063
2547,日勝生,35,0,35,國票-敦北法人,2024-03-07,0037003700390063
2371,大同,253,218,35,國票-敦北法人,2024-03-07,0037003700390063
3289,宜特,47,13,34,國票-敦北法人,2024-03-07,0037003700390063
8112,至上,77,43,34,國票-敦北法人,2024-03-07,0037003700390063
3583,辛耘,38,6,32,國票-敦北法人,2024-03-07,0037003700390063
6176,瑞儀,69,38,31,國票-敦北法人,2024-03-07,0037003700390063
6170,統振,31,0,31,國票-敦北法人,2024-03-07,0037003700390063
3363,上詮,29,0,29,國票-敦北法人,2024-03-07,0037003700390063
3702,大聯大,30,2,28,國票-敦北法人,2024-03-07,0037003700390063
8028,昇陽半導體,28,2,26,國票-敦北法人,2024-03-07,0037003700390063
6015,宏遠證,25,0,25,國票-敦北法人,2024-03-07,0037003700390063
2449,京元電子,36,11,25,國票-敦北法人,2024-03-07,0037003700390063
3036,文曄,30,6,24,國票-敦北法人,2024-03-07,0037003700390063
2885,元大金,1005,41,964,國票-敦北法人,2024-03-08,0037003700390063
2301,光寶科,705,59,646,國票-敦北法人,2024-03-08,0037003700390063
2303,聯電,863,340,523,國票-敦北法人,2024-03-08,0037003700390063
1712,興農,358,0,358,國票-敦北法人,2024-03-08,0037003700390063
2892,第一金,256,2,254,國票-敦北法人,2024-03-08,0037003700390063
3707,漢磊,255,2,253,國票-敦北法人,2024-03-08,0037003700390063
00751B,元大AAA至A公司債,250,0,250,國票-敦北法人,2024-03-08,0037003700390063
00679B,元大美債20年,251,4,247,國票-敦北法人,2024-03-08,0037003700390063
2382,廣達,573,334,239,國票-敦北法人,2024-03-08,0037003700390063
6182,合晶,234,22,212,國票-敦北法人,2024-03-08,0037003700390063
3034,聯詠,197,9,188,國票-敦北法人,2024-03-08,0037003700390063
3037,欣興,162,5,157,國票-敦北法人,2024-03-08,0037003700390063
2727,王品,152,2,150,國票-敦北法人,2024-03-08,0037003700390063
3163,波若威,172,34,138,國票-敦北法人,2024-03-08,0037003700390063
1102,亞泥,125,0,125,國票-敦北法人,2024-03-08,0037003700390063
4958,臻鼎-KY,120,0,120,國票-敦北法人,2024-03-08,0037003700390063
3289,宜特,122,12,110,國票-敦北法人,2024-03-08,0037003700390063
00632R,元大台灣50反1,179,72,107,國票-敦北法人,2024-03-08,0037003700390063
2371,大同,114,10,104,國票-敦北法人,2024-03-08,0037003700390063
4938,和碩,100,6,94,國票-敦北法人,2024-03-08,0037003700390063
4766,南寶,100,20,80,國票-敦北法人,2024-03-08,0037003700390063
2201,裕隆,75,0,75,國票-敦北法人,2024-03-08,0037003700390063
2385,群光,69,2,67,國票-敦北法人,2024-03-08,0037003700390063
3013,晟銘電,77,13,64,國票-敦北法人,2024-03-08,0037003700390063
3010,華立,52,0,52,國票-敦北法人,2024-03-08,0037003700390063
00915,凱基優選高股息30,56,5,51,國票-敦北法人,2024-03-08,0037003700390063
2345,智邦,52,2,50,國票-敦北法人,2024-03-08,0037003700390063
6462,神盾,59,9,50,國票-敦北法人,2024-03-08,0037003700390063
3564,其陽,53,7,46,國票-敦北法人,2024-03-08,0037003700390063
6116,彩晶,40,0,40,國票-敦北法人,2024-03-08,0037003700390063
3293,鈊象,40,5,35,國票-敦北法人,2024-03-08,0037003700390063
5234,達興材料,47,12,35,國票-敦北法人,2024-03-08,0037003700390063
6550,北極星藥業-KY,36,2,34,國票-敦北法人,2024-03-08,0037003700390063
6223,旺矽,54,22,32,國票-敦北法人,2024-03-08,0037003700390063
2836,高雄銀,31,0,31,國票-敦北法人,2024-03-08,0037003700390063
8064,東捷,31,0,31,國票-敦北法人,2024-03-08,0037003700390063
3188,鑫龍騰,70,40,30,國票-敦北法人,2024-03-08,0037003700390063
2313,華通,94,65,29,國票-敦北法人,2024-03-08,0037003700390063
3363,上詮,27,0,27,國票-敦北法人,2024-03-08,0037003700390063
1809,中釉,27,1,26,國票-敦北法人,2024-03-08,0037003700390063
4702,中美實,25,0,25,國票-敦北法人,2024-03-08,0037003700390063
00676R,富邦臺灣加權反1,25,0,25,國票-敦北法人,2024-03-08,0037003700390063
2454,聯發科,39,14,25,國票-敦北法人,2024-03-08,0037003700390063
3231,緯創,50,26,24,國票-敦北法人,2024-03-08,0037003700390063
2352,佳世達,23,0,23,國票-敦北法人,2024-03-08,0037003700390063
3491,昇達科,23,1,22,國票-敦北法人,2024-03-08,0037003700390063
3189,景碩,22,0,22,國票-敦北法人,2024-03-08,0037003700390063
2883,凱基金,31,10,21,國票-敦北法人,2024-03-08,0037003700390063
2317,鴻海,22,2,20,國票-敦北法人,2024-03-08,0037003700390063
8147,正淩,30,10,20,國票-敦北法人,2024-03-08,0037003700390063
3231,緯創,3925,145,3780,國票-敦北法人,2024-03-11,0037003700390063
8069,元太,1134,4,1130,國票-敦北法人,2024-03-11,0037003700390063
3533,嘉澤,403,1,402,國票-敦北法人,2024-03-11,0037003700390063
1712,興農,371,0,371,國票-敦北法人,2024-03-11,0037003700390063
00687B,國泰20年美債,316,0,316,國票-敦北法人,2024-03-11,0037003700390063
00632R,元大台灣50反1,322,20,302,國票-敦北法人,2024-03-11,0037003700390063
3016,嘉晶,301,2,299,國票-敦北法人,2024-03-11,0037003700390063
2406,國碩,265,4,261,國票-敦北法人,2024-03-11,0037003700390063
00715L,期街口布蘭特正2,225,0,225,國票-敦北法人,2024-03-11,0037003700390063
00679B,元大美債20年,226,3,223,國票-敦北法人,2024-03-11,0037003700390063
6217,中探針,225,25,200,國票-敦北法人,2024-03-11,0037003700390063
00751B,元大AAA至A公司債,200,0,200,國票-敦北法人,2024-03-11,0037003700390063
1316,上曜,178,29,149,國票-敦北法人,2024-03-11,0037003700390063
5258,虹堡,118,0,118,國票-敦北法人,2024-03-11,0037003700390063
6223,旺矽,118,1,117,國票-敦北法人,2024-03-11,0037003700390063
2404,漢唐,128,11,117,國票-敦北法人,2024-03-11,0037003700390063
00665L,富邦�琤肭磪囓�2,111,0,111,國票-敦北法人,2024-03-11,0037003700390063
00753L,中信中國50正2,104,0,104,國票-敦北法人,2024-03-11,0037003700390063
4906,正文,102,0,102,國票-敦北法人,2024-03-11,0037003700390063
8049,晶采,100,0,100,國票-敦北法人,2024-03-11,0037003700390063
00646,元大S＆P500,100,0,100,國票-敦北法人,2024-03-11,0037003700390063
00725B,國泰投資級公司債,100,0,100,國票-敦北法人,2024-03-11,0037003700390063
4961,天鈺,100,2,98,國票-敦北法人,2024-03-11,0037003700390063
5269,祥碩,89,0,89,國票-敦北法人,2024-03-11,0037003700390063
2376,技嘉,108,21,87,國票-敦北法人,2024-03-11,0037003700390063
5234,達興材料,89,5,84,國票-敦北法人,2024-03-11,0037003700390063
3017,奇鋐,120,45,75,國票-敦北法人,2024-03-11,0037003700390063
2301,光寶科,123,49,74,國票-敦北法人,2024-03-11,0037003700390063
6451,訊芯-KY,66,1,65,國票-敦北法人,2024-03-11,0037003700390063
2603,長榮,81,18,63,國票-敦北法人,2024-03-11,0037003700390063
00709,富邦歐洲,61,0,61,國票-敦北法人,2024-03-11,0037003700390063
6643,M31,60,0,60,國票-敦北法人,2024-03-11,0037003700390063
3035,智原,66,8,58,國票-敦北法人,2024-03-11,0037003700390063
00918,大華優利高填息30,55,0,55,國票-敦北法人,2024-03-11,0037003700390063
00919,群益台灣精選高息,203,152,51,國票-敦北法人,2024-03-11,0037003700390063
2455,全新,53,2,51,國票-敦北法人,2024-03-11,0037003700390063
3324,雙鴻,69,19,50,國票-敦北法人,2024-03-11,0037003700390063
3704,合勤控,50,0,50,國票-敦北法人,2024-03-11,0037003700390063
9924,福興,50,0,50,國票-敦北法人,2024-03-11,0037003700390063
4979,華星光,50,1,49,國票-敦北法人,2024-03-11,0037003700390063
5876,上海商銀,50,1,49,國票-敦北法人,2024-03-11,0037003700390063
4167,松瑞藥,40,0,40,國票-敦北法人,2024-03-11,0037003700390063
2345,智邦,40,0,40,國票-敦北法人,2024-03-11,0037003700390063
2352,佳世達,40,0,40,國票-敦北法人,2024-03-11,0037003700390063
2379,瑞昱,168,131,37,國票-敦北法人,2024-03-11,0037003700390063
9904,寶成,36,1,35,國票-敦北法人,2024-03-11,0037003700390063
1215,卜蜂,32,0,32,國票-敦北法人,2024-03-11,0037003700390063
6257,矽格,32,0,32,國票-敦北法人,2024-03-11,0037003700390063
2634,漢翔,30,0,30,國票-敦北法人,2024-03-11,0037003700390063
9939,宏全,30,0,30,國票-敦北法人,2024-03-11,0037003700390063
2317,鴻海,2492,374,2118,國票-敦北法人,2024-03-12,0037003700390063
9958,世紀鋼,1207,86,1121,國票-敦北法人,2024-03-12,0037003700390063
1712,興農,383,0,383,國票-敦北法人,2024-03-12,0037003700390063
1455,集盛,426,70,356,國票-敦北法人,2024-03-12,0037003700390063
00687B,國泰20年美債,350,0,350,國票-敦北法人,2024-03-12,0037003700390063
3231,緯創,419,83,336,國票-敦北法人,2024-03-12,0037003700390063
8040,九暘,606,292,314,國票-敦北法人,2024-03-12,0037003700390063
8112,至上,343,32,311,國票-敦北法人,2024-03-12,0037003700390063
3005,神基,304,13,291,國票-敦北法人,2024-03-12,0037003700390063
1319,東陽,287,3,284,國票-敦北法人,2024-03-12,0037003700390063
00919,群益台灣精選高息,279,11,268,國票-敦北法人,2024-03-12,0037003700390063
00646,元大S＆P500,249,0,249,國票-敦北法人,2024-03-12,0037003700390063
8996,高力,228,14,214,國票-敦北法人,2024-03-12,0037003700390063
1513,中興電,279,73,206,國票-敦北法人,2024-03-12,0037003700390063
5234,達興材料,212,14,198,國票-敦北法人,2024-03-12,0037003700390063
8069,元太,171,6,165,國票-敦北法人,2024-03-12,0037003700390063
2382,廣達,210,49,161,國票-敦北法人,2024-03-12,0037003700390063
2884,玉山金,150,0,150,國票-敦北法人,2024-03-12,0037003700390063
6147,頎邦,148,3,145,國票-敦北法人,2024-03-12,0037003700390063
00725B,國泰投資級公司債,133,0,133,國票-敦北法人,2024-03-12,0037003700390063
2371,大同,328,201,127,國票-敦北法人,2024-03-12,0037003700390063
2352,佳世達,104,0,104,國票-敦北法人,2024-03-12,0037003700390063
8049,晶采,100,0,100,國票-敦北法人,2024-03-12,0037003700390063
4906,正文,101,1,100,國票-敦北法人,2024-03-12,0037003700390063
00751B,元大AAA至A公司債,100,0,100,國票-敦北法人,2024-03-12,0037003700390063
8059,凱碩,91,15,76,國票-敦北法人,2024-03-12,0037003700390063
00918,大華優利高填息30,74,0,74,國票-敦北法人,2024-03-12,0037003700390063
2412,中華電,80,9,71,國票-敦北法人,2024-03-12,0037003700390063
3034,聯詠,70,0,70,國票-敦北法人,2024-03-12,0037003700390063
4909,新復興,132,63,69,國票-敦北法人,2024-03-12,0037003700390063
2328,廣宇,75,10,65,國票-敦北法人,2024-03-12,0037003700390063
2383,台光電,56,4,52,國票-敦北法人,2024-03-12,0037003700390063
2707,晶華,50,0,50,國票-敦北法人,2024-03-12,0037003700390063
4908,前鼎,70,20,50,國票-敦北法人,2024-03-12,0037003700390063
1519,華城,62,12,50,國票-敦北法人,2024-03-12,0037003700390063
1215,卜蜂,50,0,50,國票-敦北法人,2024-03-12,0037003700390063
5426,振發,50,0,50,國票-敦北法人,2024-03-12,0037003700390063
6239,力成,62,12,50,國票-敦北法人,2024-03-12,0037003700390063
00929,復華台灣科技優息,51,6,45,國票-敦北法人,2024-03-12,0037003700390063
6125,廣運,55,11,44,國票-敦北法人,2024-03-12,0037003700390063
1524,耿鼎,55,12,43,國票-敦北法人,2024-03-12,0037003700390063
3188,鑫龍騰,40,2,38,國票-敦北法人,2024-03-12,0037003700390063
3443,創意,38,1,37,國票-敦北法人,2024-03-12,0037003700390063
6592,和潤企業,36,0,36,國票-敦北法人,2024-03-12,0037003700390063
5347,世界,51,16,35,國票-敦北法人,2024-03-12,0037003700390063
1503,士電,56,23,33,國票-敦北法人,2024-03-12,0037003700390063
3017,奇鋐,53,20,33,國票-敦北法人,2024-03-12,0037003700390063
4770,上品,32,1,31,國票-敦北法人,2024-03-12,0037003700390063
9939,宏全,31,0,31,國票-敦北法人,2024-03-12,0037003700390063
8942,森鉅,30,0,30,國票-敦北法人,2024-03-12,0037003700390063
5347,世界,4023,65,3958,國票-敦北法人,2024-03-13,0037003700390063
2354,鴻準,3537,426,3111,國票-敦北法人,2024-03-13,0037003700390063
2886,兆豐金,1501,19,1482,國票-敦北法人,2024-03-13,0037003700390063
6278,台表科,1088,23,1065,國票-敦北法人,2024-03-13,0037003700390063
2609,陽明,953,7,946,國票-敦北法人,2024-03-13,0037003700390063
3005,神基,1166,667,499,國票-敦北法人,2024-03-13,0037003700390063
1712,興農,393,0,393,國票-敦北法人,2024-03-13,0037003700390063
00918,大華優利高填息30,395,21,374,國票-敦北法人,2024-03-13,0037003700390063
1519,華城,338,4,334,國票-敦北法人,2024-03-13,0037003700390063
1503,士電,350,66,284,國票-敦北法人,2024-03-13,0037003700390063
00687B,國泰20年美債,217,0,217,國票-敦北法人,2024-03-13,0037003700390063
00736,國泰新興市場,217,0,217,國票-敦北法人,2024-03-13,0037003700390063
5258,虹堡,155,0,155,國票-敦北法人,2024-03-13,0037003700390063
00632R,元大台灣50反1,147,0,147,國票-敦北法人,2024-03-13,0037003700390063
6121,新普,116,0,116,國票-敦北法人,2024-03-13,0037003700390063
4906,正文,110,0,110,國票-敦北法人,2024-03-13,0037003700390063
00709,富邦歐洲,108,0,108,國票-敦北法人,2024-03-13,0037003700390063
00679B,元大美債20年,108,2,106,國票-敦北法人,2024-03-13,0037003700390063
8049,晶采,100,0,100,國票-敦北法人,2024-03-13,0037003700390063
00751B,元大AAA至A公司債,100,0,100,國票-敦北法人,2024-03-13,0037003700390063
5483,中美晶,101,2,99,國票-敦北法人,2024-03-13,0037003700390063
2883,凱基金,116,24,92,國票-敦北法人,2024-03-13,0037003700390063
1504,東元,126,45,81,國票-敦北法人,2024-03-13,0037003700390063
2412,中華電,80,0,80,國票-敦北法人,2024-03-13,0037003700390063
4766,南寶,78,0,78,國票-敦北法人,2024-03-13,0037003700390063
1608,華榮,138,63,75,國票-敦北法人,2024-03-13,0037003700390063
3376,新日興,58,0,58,國票-敦北法人,2024-03-13,0037003700390063
6805,富世達,57,0,57,國票-敦北法人,2024-03-13,0037003700390063
4961,天鈺,57,2,55,國票-敦北法人,2024-03-13,0037003700390063
5522,遠雄,51,0,51,國票-敦北法人,2024-03-13,0037003700390063
2352,佳世達,50,0,50,國票-敦北法人,2024-03-13,0037003700390063
2707,晶華,50,0,50,國票-敦北法人,2024-03-13,0037003700390063
1215,卜蜂,50,0,50,國票-敦北法人,2024-03-13,0037003700390063
3533,嘉澤,55,6,49,國票-敦北法人,2024-03-13,0037003700390063
8105,凌巨,35,0,35,國票-敦北法人,2024-03-13,0037003700390063
2371,大同,51,16,35,國票-敦北法人,2024-03-13,0037003700390063
4958,臻鼎-KY,32,2,30,國票-敦北法人,2024-03-13,0037003700390063
9939,宏全,30,0,30,國票-敦北法人,2024-03-13,0037003700390063
8942,森鉅,30,0,30,國票-敦北法人,2024-03-13,0037003700390063
9940,信義,30,0,30,國票-敦北法人,2024-03-13,0037003700390063
2603,長榮,39,9,30,國票-敦北法人,2024-03-13,0037003700390063
4503,金雨,29,0,29,國票-敦北法人,2024-03-13,0037003700390063
2882,國泰金,42,13,29,國票-敦北法人,2024-03-13,0037003700390063
2356,英業達,58,29,29,國票-敦北法人,2024-03-13,0037003700390063
2408,南亞科,30,3,27,國票-敦北法人,2024-03-13,0037003700390063
4702,中美實,26,0,26,國票-敦北法人,2024-03-13,0037003700390063
6451,訊芯-KY,30,7,23,國票-敦北法人,2024-03-13,0037003700390063
2312,金寶,20,0,20,國票-敦北法人,2024-03-13,0037003700390063
6164,華興,20,0,20,國票-敦北法人,2024-03-13,0037003700390063
00665L,富邦�琤肭磪囓�2,20,0,20,國票-敦北法人,2024-03-13,0037003700390063
2885,元大金,1415,16,1399,國票-敦北法人,2024-03-14,0037003700390063
2006,東和鋼鐵,500,0,500,國票-敦北法人,2024-03-14,0037003700390063
8112,至上,361,0,361,國票-敦北法人,2024-03-14,0037003700390063
4714,永捷,248,3,245,國票-敦北法人,2024-03-14,0037003700390063
2049,上銀,223,3,220,國票-敦北法人,2024-03-14,0037003700390063
2486,一詮,236,19,217,國票-敦北法人,2024-03-14,0037003700390063
3665,貿聯-KY,213,0,213,國票-敦北法人,2024-03-14,0037003700390063
00679B,元大美債20年,207,0,207,國票-敦北法人,2024-03-14,0037003700390063
00736,國泰新興市場,190,0,190,國票-敦北法人,2024-03-14,0037003700390063
6278,台表科,192,7,185,國票-敦北法人,2024-03-14,0037003700390063
2301,光寶科,504,349,155,國票-敦北法人,2024-03-14,0037003700390063
2353,宏��,130,0,130,國票-敦北法人,2024-03-14,0037003700390063
6217,中探針,124,12,112,國票-敦北法人,2024-03-14,0037003700390063
4906,正文,102,1,101,國票-敦北法人,2024-03-14,0037003700390063
8049,晶采,100,0,100,國票-敦北法人,2024-03-14,0037003700390063
2317,鴻海,154,56,98,國票-敦北法人,2024-03-14,0037003700390063
6269,台郡,98,1,97,國票-敦北法人,2024-03-14,0037003700390063
6239,力成,230,143,87,國票-敦北法人,2024-03-14,0037003700390063
2412,中華電,80,1,79,國票-敦北法人,2024-03-14,0037003700390063
1616,億泰,83,6,77,國票-敦北法人,2024-03-14,0037003700390063
2357,華碩,61,0,61,國票-敦北法人,2024-03-14,0037003700390063
2430,燦坤,56,0,56,國票-敦北法人,2024-03-14,0037003700390063
8070,長華*,55,0,55,國票-敦北法人,2024-03-14,0037003700390063
4702,中美實,54,0,54,國票-敦北法人,2024-03-14,0037003700390063
1215,卜蜂,50,0,50,國票-敦北法人,2024-03-14,0037003700390063
00709,富邦歐洲,50,0,50,國票-敦北法人,2024-03-14,0037003700390063
2707,晶華,50,0,50,國票-敦北法人,2024-03-14,0037003700390063
2330,台積電,54,4,50,國票-敦北法人,2024-03-14,0037003700390063
5483,中美晶,56,9,47,國票-敦北法人,2024-03-14,0037003700390063
3540,曜越,96,50,46,國票-敦北法人,2024-03-14,0037003700390063
3312,弘憶股,45,0,45,國票-敦北法人,2024-03-14,0037003700390063
5347,世界,66,23,43,國票-敦北法人,2024-03-14,0037003700390063
3035,智原,50,7,43,國票-敦北法人,2024-03-14,0037003700390063
3596,智易,43,2,41,國票-敦北法人,2024-03-14,0037003700390063
1723,中碳,38,0,38,國票-敦北法人,2024-03-14,0037003700390063
8926,台汽電,39,2,37,國票-敦北法人,2024-03-14,0037003700390063
6643,M31,52,16,36,國票-敦北法人,2024-03-14,0037003700390063
2204,中華,36,0,36,國票-敦北法人,2024-03-14,0037003700390063
3491,昇達科,33,0,33,國票-敦北法人,2024-03-14,0037003700390063
9802,鈺齊-KY,32,1,31,國票-敦北法人,2024-03-14,0037003700390063
8299,群聯,30,0,30,國票-敦北法人,2024-03-14,0037003700390063
9940,信義,30,0,30,國票-敦北法人,2024-03-14,0037003700390063
2104,國際中橡,30,0,30,國票-敦北法人,2024-03-14,0037003700390063
9939,宏全,30,0,30,國票-敦北法人,2024-03-14,0037003700390063
8942,森鉅,30,0,30,國票-敦北法人,2024-03-14,0037003700390063
4961,天鈺,30,0,30,國票-敦北法人,2024-03-14,0037003700390063
6015,宏遠證,30,0,30,國票-敦北法人,2024-03-14,0037003700390063
1560,中砂,28,0,28,國票-敦北法人,2024-03-14,0037003700390063
5880,合庫金,24,0,24,國票-敦北法人,2024-03-14,0037003700390063
3376,新日興,30,6,24,國票-敦北法人,2024-03-14,0037003700390063
2317,鴻海,3279,1665,1614,國票-敦北法人,2024-03-15,0037003700390063
00715L,期街口布蘭特正2,478,0,478,國票-敦北法人,2024-03-15,0037003700390063
2880,華南金,382,17,365,國票-敦北法人,2024-03-15,0037003700390063
2354,鴻準,482,179,303,國票-敦北法人,2024-03-15,0037003700390063
2897,王道銀行,300,0,300,國票-敦北法人,2024-03-15,0037003700390063
2313,華通,128,6,122,國票-敦北法人,2024-03-15,0037003700390063
6442,光聖,127,5,122,國票-敦北法人,2024-03-15,0037003700390063
00919,群益台灣精選高息,132,19,113,國票-敦北法人,2024-03-15,0037003700390063
8049,晶采,100,0,100,國票-敦北法人,2024-03-15,0037003700390063
4906,正文,101,5,96,國票-敦北法人,2024-03-15,0037003700390063
2208,台船,91,0,91,國票-敦北法人,2024-03-15,0037003700390063
3312,弘憶股,91,1,90,國票-敦北法人,2024-03-15,0037003700390063
9924,福興,85,0,85,國票-敦北法人,2024-03-15,0037003700390063
00929,復華台灣科技優息,104,23,81,國票-敦北法人,2024-03-15,0037003700390063
00941,中信上游半導體,94,13,81,國票-敦北法人,2024-03-15,0037003700390063
2412,中華電,81,1,80,國票-敦北法人,2024-03-15,0037003700390063
4702,中美實,76,0,76,國票-敦北法人,2024-03-15,0037003700390063
3711,日月光投控,102,32,70,國票-敦北法人,2024-03-15,0037003700390063
8996,高力,71,1,70,國票-敦北法人,2024-03-15,0037003700390063
2353,宏��,75,5,70,國票-敦北法人,2024-03-15,0037003700390063
6679,鈺太,69,1,68,國票-敦北法人,2024-03-15,0037003700390063
4961,天鈺,84,22,62,國票-敦北法人,2024-03-15,0037003700390063
3231,緯創,109,50,59,國票-敦北法人,2024-03-15,0037003700390063
2345,智邦,76,18,58,國票-敦北法人,2024-03-15,0037003700390063
2707,晶華,50,0,50,國票-敦北法人,2024-03-15,0037003700390063
8027,鈦昇,50,0,50,國票-敦北法人,2024-03-15,0037003700390063
1215,卜蜂,50,0,50,國票-敦北法人,2024-03-15,0037003700390063
3163,波若威,61,15,46,國票-敦北法人,2024-03-15,0037003700390063
2618,長榮航,83,38,45,國票-敦北法人,2024-03-15,0037003700390063
2530,華建,40,0,40,國票-敦北法人,2024-03-15,0037003700390063
2882,國泰金,34,1,33,國票-敦北法人,2024-03-15,0037003700390063
8105,凌巨,32,0,32,國票-敦北法人,2024-03-15,0037003700390063
3374,精材,31,0,31,國票-敦北法人,2024-03-15,0037003700390063
8942,森鉅,30,0,30,國票-敦北法人,2024-03-15,0037003700390063
9940,信義,30,0,30,國票-敦北法人,2024-03-15,0037003700390063
9939,宏全,30,0,30,國票-敦北法人,2024-03-15,0037003700390063
00687B,國泰20年美債,31,3,28,國票-敦北法人,2024-03-15,0037003700390063
6542,隆中,28,0,28,國票-敦北法人,2024-03-15,0037003700390063
2609,陽明,51,26,25,國票-敦北法人,2024-03-15,0037003700390063
6231,系微,25,0,25,國票-敦北法人,2024-03-15,0037003700390063
8086,宏捷科,29,6,23,國票-敦北法人,2024-03-15,0037003700390063
1319,東陽,34,13,21,國票-敦北法人,2024-03-15,0037003700390063
4766,南寶,21,0,21,國票-敦北法人,2024-03-15,0037003700390063
2845,遠東銀,20,0,20,國票-敦北法人,2024-03-15,0037003700390063
2323,中環,26,6,20,國票-敦北法人,2024-03-15,0037003700390063
2762,世界健身-KY,20,0,20,國票-敦北法人,2024-03-15,0037003700390063
3529,力旺,21,2,19,國票-敦北法人,2024-03-15,0037003700390063
9934,成霖,20,3,17,國票-敦北法人,2024-03-15,0037003700390063
6462,神盾,27,11,16,國票-敦北法人,2024-03-15,0037003700390063
1616,億泰,15,0,15,國票-敦北法人,2024-03-15,0037003700390063
2317,鴻海,2751,62,2689,國票-敦北法人,2024-03-18,0037003700390063
00881,國泰台灣5G+,1500,0,1500,國票-敦北法人,2024-03-18,0037003700390063
00673R,期元大S＆P原油反1,1228,20,1208,國票-敦北法人,2024-03-18,0037003700390063
2204,中華,714,7,707,國票-敦北法人,2024-03-18,0037003700390063
2421,建準,511,0,511,國票-敦北法人,2024-03-18,0037003700390063
2383,台光電,507,7,500,國票-敦北法人,2024-03-18,0037003700390063
3588,通嘉,503,3,500,國票-敦北法人,2024-03-18,0037003700390063
2891,中信金,321,0,321,國票-敦北法人,2024-03-18,0037003700390063
00830,國泰費城半導體,245,0,245,國票-敦北法人,2024-03-18,0037003700390063
00709,富邦歐洲,230,0,230,國票-敦北法人,2024-03-18,0037003700390063
1503,士電,236,7,229,國票-敦北法人,2024-03-18,0037003700390063
3037,欣興,254,68,186,國票-敦北法人,2024-03-18,0037003700390063
2345,智邦,180,0,180,國票-敦北法人,2024-03-18,0037003700390063
00665L,富邦�琤肭磪囓�2,179,0,179,國票-敦北法人,2024-03-18,0037003700390063
3207,耀勝,162,0,162,國票-敦北法人,2024-03-18,0037003700390063
00753L,中信中國50正2,145,0,145,國票-敦北法人,2024-03-18,0037003700390063
00715L,期街口布蘭特正2,152,15,137,國票-敦北法人,2024-03-18,0037003700390063
8016,矽創,112,1,111,國票-敦北法人,2024-03-18,0037003700390063
00687B,國泰20年美債,112,2,110,國票-敦北法人,2024-03-18,0037003700390063
00751B,元大AAA至A公司債,101,0,101,國票-敦北法人,2024-03-18,0037003700390063
8049,晶采,100,0,100,國票-敦北法人,2024-03-18,0037003700390063
4906,正文,100,0,100,國票-敦北法人,2024-03-18,0037003700390063
3023,信邦,100,0,100,國票-敦北法人,2024-03-18,0037003700390063
3563,牧德,103,9,94,國票-敦北法人,2024-03-18,0037003700390063
5493,三聯,84,0,84,國票-敦北法人,2024-03-18,0037003700390063
2834,臺企銀,95,16,79,國票-敦北法人,2024-03-18,0037003700390063
2330,台積電,70,3,67,國票-敦北法人,2024-03-18,0037003700390063
5388,中磊,66,0,66,國票-敦北法人,2024-03-18,0037003700390063
5009,榮剛,60,0,60,國票-敦北法人,2024-03-18,0037003700390063
00918,大華優利高填息30,53,0,53,國票-敦北法人,2024-03-18,0037003700390063
1215,卜蜂,50,0,50,國票-敦北法人,2024-03-18,0037003700390063
2707,晶華,50,0,50,國票-敦北法人,2024-03-18,0037003700390063
2530,華建,50,0,50,國票-敦北法人,2024-03-18,0037003700390063
5234,達興材料,45,0,45,國票-敦北法人,2024-03-18,0037003700390063
3413,京鼎,44,1,43,國票-敦北法人,2024-03-18,0037003700390063
2618,長榮航,45,3,42,國票-敦北法人,2024-03-18,0037003700390063
2610,華航,39,0,39,國票-敦北法人,2024-03-18,0037003700390063
3376,新日興,39,1,38,國票-敦北法人,2024-03-18,0037003700390063
00919,群益台灣精選高息,43,8,35,國票-敦北法人,2024-03-18,0037003700390063
3217,優群,46,12,34,國票-敦北法人,2024-03-18,0037003700390063
6770,力積電,33,2,31,國票-敦北法人,2024-03-18,0037003700390063
8942,森鉅,30,0,30,國票-敦北法人,2024-03-18,0037003700390063
8996,高力,45,15,30,國票-敦北法人,2024-03-18,0037003700390063
9940,信義,30,0,30,國票-敦北法人,2024-03-18,0037003700390063
9939,宏全,30,0,30,國票-敦北法人,2024-03-18,0037003700390063
9924,福興,29,0,29,國票-敦北法人,2024-03-18,0037003700390063
2025,千興,29,0,29,國票-敦北法人,2024-03-18,0037003700390063
2352,佳世達,28,0,28,國票-敦北法人,2024-03-18,0037003700390063
6805,富世達,27,0,27,國票-敦北法人,2024-03-18,0037003700390063
2316,楠梓電,26,0,26,國票-敦北法人,2024-03-18,0037003700390063
00881,國泰台灣5G+,1666,1,1665,國票-敦北法人,2024-03-19,0037003700390063
00673R,期元大S＆P原油反1,1140,0,1140,國票-敦北法人,2024-03-19,0037003700390063
00919,群益台灣精選高息,625,41,584,國票-敦北法人,2024-03-19,0037003700390063
00929,復華台灣科技優息,303,27,276,國票-敦北法人,2024-03-19,0037003700390063
1504,東元,211,8,203,國票-敦北法人,2024-03-19,0037003700390063
2208,台船,200,0,200,國票-敦北法人,2024-03-19,0037003700390063
5871,中租-KY,201,3,198,國票-敦北法人,2024-03-19,0037003700390063
2606,裕民,253,73,180,國票-敦北法人,2024-03-19,0037003700390063
4938,和碩,185,15,170,國票-敦北法人,2024-03-19,0037003700390063
2049,上銀,170,3,167,國票-敦北法人,2024-03-19,0037003700390063
6605,帝寶,154,0,154,國票-敦北法人,2024-03-19,0037003700390063
2367,燿華,251,102,149,國票-敦北法人,2024-03-19,0037003700390063
2301,光寶科,160,24,136,國票-敦北法人,2024-03-19,0037003700390063
5483,中美晶,159,25,134,國票-敦北法人,2024-03-19,0037003700390063
3207,耀勝,285,158,127,國票-敦北法人,2024-03-19,0037003700390063
2464,盟立,125,15,110,國票-敦北法人,2024-03-19,0037003700390063
4906,正文,100,0,100,國票-敦北法人,2024-03-19,0037003700390063
8049,晶采,100,1,99,國票-敦北法人,2024-03-19,0037003700390063
00665L,富邦�琤肭磪囓�2,90,0,90,國票-敦北法人,2024-03-19,0037003700390063
00687B,國泰20年美債,82,0,82,國票-敦北法人,2024-03-19,0037003700390063
2412,中華電,80,0,80,國票-敦北法人,2024-03-19,0037003700390063
5314,世紀,77,0,77,國票-敦北法人,2024-03-19,0037003700390063
00753L,中信中國50正2,72,0,72,國票-敦北法人,2024-03-19,0037003700390063
2327,國巨,60,0,60,國票-敦北法人,2024-03-19,0037003700390063
6515,穎崴,60,0,60,國票-敦北法人,2024-03-19,0037003700390063
6188,廣明,65,6,59,國票-敦北法人,2024-03-19,0037003700390063
2634,漢翔,55,0,55,國票-敦北法人,2024-03-19,0037003700390063
3312,弘憶股,80,26,54,國票-敦北法人,2024-03-19,0037003700390063
1316,上曜,60,8,52,國票-敦北法人,2024-03-19,0037003700390063
2707,晶華,52,1,51,國票-敦北法人,2024-03-19,0037003700390063
2355,敬鵬,50,0,50,國票-敦北法人,2024-03-19,0037003700390063
1215,卜蜂,50,0,50,國票-敦北法人,2024-03-19,0037003700390063
3533,嘉澤,51,2,49,國票-敦北法人,2024-03-19,0037003700390063
6668,中揚光,55,10,45,國票-敦北法人,2024-03-19,0037003700390063
3376,新日興,49,5,44,國票-敦北法人,2024-03-19,0037003700390063
1101,台泥,38,0,38,國票-敦北法人,2024-03-19,0037003700390063
3483,力致,39,1,38,國票-敦北法人,2024-03-19,0037003700390063
6753,龍德造船,56,19,37,國票-敦北法人,2024-03-19,0037003700390063
3041,揚智,46,10,36,國票-敦北法人,2024-03-19,0037003700390063
9924,福興,36,0,36,國票-敦北法人,2024-03-19,0037003700390063
2356,英業達,42,7,35,國票-敦北法人,2024-03-19,0037003700390063
00941,中信上游半導體,45,10,35,國票-敦北法人,2024-03-19,0037003700390063
8213,志超,35,0,35,國票-敦北法人,2024-03-19,0037003700390063
3289,宜特,33,0,33,國票-敦北法人,2024-03-19,0037003700390063
4127,天良,30,0,30,國票-敦北法人,2024-03-19,0037003700390063
5493,三聯,80,50,30,國票-敦北法人,2024-03-19,0037003700390063
9940,信義,30,0,30,國票-敦北法人,2024-03-19,0037003700390063
9939,宏全,30,0,30,國票-敦北法人,2024-03-19,0037003700390063
2404,漢唐,29,0,29,國票-敦北法人,2024-03-19,0037003700390063
2371,大同,48,19,29,國票-敦北法人,2024-03-19,0037003700390063
1785,光洋科,2692,11,2681,國票-敦北法人,2024-03-20,0037003700390063
9958,世紀鋼,1200,2,1198,國票-敦北法人,2024-03-20,0037003700390063
2362,藍天,515,4,511,國票-敦北法人,2024-03-20,0037003700390063
2353,宏��,488,15,473,國票-敦北法人,2024-03-20,0037003700390063
00830,國泰費城半導體,416,0,416,國票-敦北法人,2024-03-20,0037003700390063
3711,日月光投控,400,11,389,國票-敦北法人,2024-03-20,0037003700390063
2352,佳世達,365,2,363,國票-敦北法人,2024-03-20,0037003700390063
3037,欣興,404,52,352,國票-敦北法人,2024-03-20,0037003700390063
2301,光寶科,346,36,310,國票-敦北法人,2024-03-20,0037003700390063
00646,元大S＆P500,271,0,271,國票-敦北法人,2024-03-20,0037003700390063
00939,統一台灣高息動能,438,233,205,國票-敦北法人,2024-03-20,0037003700390063
1560,中砂,205,1,204,國票-敦北法人,2024-03-20,0037003700390063
00701,國泰股利精選30,200,2,198,國票-敦北法人,2024-03-20,0037003700390063
8016,矽創,205,8,197,國票-敦北法人,2024-03-20,0037003700390063
3706,神達,1047,855,192,國票-敦北法人,2024-03-20,0037003700390063
2382,廣達,181,4,177,國票-敦北法人,2024-03-20,0037003700390063
2376,技嘉,118,3,115,國票-敦北法人,2024-03-20,0037003700390063
2530,華建,105,0,105,國票-敦北法人,2024-03-20,0037003700390063
8049,晶采,100,0,100,國票-敦北法人,2024-03-20,0037003700390063
4906,正文,101,1,100,國票-敦北法人,2024-03-20,0037003700390063
1215,卜蜂,100,0,100,國票-敦北法人,2024-03-20,0037003700390063
3450,聯鈞,101,2,99,國票-敦北法人,2024-03-20,0037003700390063
3029,零壹,100,1,99,國票-敦北法人,2024-03-20,0037003700390063
4958,臻鼎-KY,97,3,94,國票-敦北法人,2024-03-20,0037003700390063
2308,台達電,161,70,91,國票-敦北法人,2024-03-20,0037003700390063
6239,力成,89,3,86,國票-敦北法人,2024-03-20,0037003700390063
00665L,富邦�琤肭磪囓�2,90,5,85,國票-敦北法人,2024-03-20,0037003700390063
2412,中華電,80,0,80,國票-敦北法人,2024-03-20,0037003700390063
2104,國際中橡,80,2,78,國票-敦北法人,2024-03-20,0037003700390063
00753L,中信中國50正2,75,0,75,國票-敦北法人,2024-03-20,0037003700390063
9914,美利達,71,0,71,國票-敦北法人,2024-03-20,0037003700390063
5234,達興材料,72,2,70,國票-敦北法人,2024-03-20,0037003700390063
2383,台光電,71,14,57,國票-敦北法人,2024-03-20,0037003700390063
2884,玉山金,55,0,55,國票-敦北法人,2024-03-20,0037003700390063
6753,龍德造船,66,12,54,國票-敦北法人,2024-03-20,0037003700390063
3036,文曄,65,12,53,國票-敦北法人,2024-03-20,0037003700390063
2344,華邦電,52,0,52,國票-敦北法人,2024-03-20,0037003700390063
4168,醣聯,50,0,50,國票-敦北法人,2024-03-20,0037003700390063
2707,晶華,50,0,50,國票-敦北法人,2024-03-20,0037003700390063
4129,聯合,53,5,48,國票-敦北法人,2024-03-20,0037003700390063
6285,啟��,50,5,45,國票-敦北法人,2024-03-20,0037003700390063
1101,台泥,46,1,45,國票-敦北法人,2024-03-20,0037003700390063
3376,新日興,44,0,44,國票-敦北法人,2024-03-20,0037003700390063
6188,廣明,100,57,43,國票-敦北法人,2024-03-20,0037003700390063
8213,志超,41,0,41,國票-敦北法人,2024-03-20,0037003700390063
3406,玉晶光,61,23,38,國票-敦北法人,2024-03-20,0037003700390063
2317,鴻海,108,71,37,國票-敦北法人,2024-03-20,0037003700390063
4127,天良,41,5,36,國票-敦北法人,2024-03-20,0037003700390063
3034,聯詠,36,3,33,國票-敦北法人,2024-03-20,0037003700390063
3594,磐儀,35,5,30,國票-敦北法人,2024-03-20,0037003700390063
4938,和碩,1430,295,1135,國票-敦北法人,2024-03-21,0037003700390063
2347,聯強,1056,60,996,國票-敦北法人,2024-03-21,0037003700390063
2303,聯電,1012,107,905,國票-敦北法人,2024-03-21,0037003700390063
2885,元大金,735,12,723,國票-敦北法人,2024-03-21,0037003700390063
2317,鴻海,772,81,691,國票-敦北法人,2024-03-21,0037003700390063
2344,華邦電,677,39,638,國票-敦北法人,2024-03-21,0037003700390063
1785,光洋科,546,47,499,國票-敦北法人,2024-03-21,0037003700390063
1313,聯成,500,5,495,國票-敦北法人,2024-03-21,0037003700390063
00900,富邦特選高股息30,500,5,495,國票-敦北法人,2024-03-21,0037003700390063
2455,全新,490,23,467,國票-敦北法人,2024-03-21,0037003700390063
00673R,期元大S＆P原油反1,456,0,456,國票-敦北法人,2024-03-21,0037003700390063
2236,百達-KY,533,88,445,國票-敦北法人,2024-03-21,0037003700390063
2369,菱生,417,11,406,國票-敦北法人,2024-03-21,0037003700390063
2352,佳世達,401,60,341,國票-敦北法人,2024-03-21,0037003700390063
3034,聯詠,394,107,287,國票-敦北法人,2024-03-21,0037003700390063
2379,瑞昱,363,138,225,國票-敦北法人,2024-03-21,0037003700390063
00830,國泰費城半導體,221,0,221,國票-敦北法人,2024-03-21,0037003700390063
00632R,元大台灣50反1,192,1,191,國票-敦北法人,2024-03-21,0037003700390063
8299,群聯,191,3,188,國票-敦北法人,2024-03-21,0037003700390063
6188,廣明,208,34,174,國票-敦北法人,2024-03-21,0037003700390063
1809,中釉,172,0,172,國票-敦北法人,2024-03-21,0037003700390063
5483,中美晶,386,215,171,國票-敦北法人,2024-03-21,0037003700390063
1504,東元,206,40,166,國票-敦北法人,2024-03-21,0037003700390063
2603,長榮,247,89,158,國票-敦北法人,2024-03-21,0037003700390063
2382,廣達,167,17,150,國票-敦北法人,2024-03-21,0037003700390063
2345,智邦,143,0,143,國票-敦北法人,2024-03-21,0037003700390063
00753L,中信中國50正2,127,1,126,國票-敦北法人,2024-03-21,0037003700390063
1570,力肯,121,1,120,國票-敦北法人,2024-03-21,0037003700390063
2454,聯發科,130,15,115,國票-敦北法人,2024-03-21,0037003700390063
8996,高力,138,24,114,國票-敦北法人,2024-03-21,0037003700390063
3450,聯鈞,110,1,109,國票-敦北法人,2024-03-21,0037003700390063
00646,元大S＆P500,107,1,106,國票-敦北法人,2024-03-21,0037003700390063
2376,技嘉,104,1,103,國票-敦北法人,2024-03-21,0037003700390063
0056,元大高股息,200,104,96,國票-敦北法人,2024-03-21,0037003700390063
00878,國泰永續高股息,101,6,95,國票-敦北法人,2024-03-21,0037003700390063
6443,元晶,95,14,81,國票-敦北法人,2024-03-21,0037003700390063
6414,樺漢,78,11,67,國票-敦北法人,2024-03-21,0037003700390063
2912,統一超,66,0,66,國票-敦北法人,2024-03-21,0037003700390063
1597,直得,60,0,60,國票-敦北法人,2024-03-21,0037003700390063
3324,雙鴻,58,2,56,國票-敦北法人,2024-03-21,0037003700390063
2357,華碩,50,0,50,國票-敦北法人,2024-03-21,0037003700390063
5234,達興材料,50,2,48,國票-敦北法人,2024-03-21,0037003700390063
6789,采鈺,45,0,45,國票-敦北法人,2024-03-21,0037003700390063
3131,弘塑,47,7,40,國票-敦北法人,2024-03-21,0037003700390063
2530,華建,39,0,39,國票-敦北法人,2024-03-21,0037003700390063
2301,光寶科,58,20,38,國票-敦北法人,2024-03-21,0037003700390063
2330,台積電,56,19,37,國票-敦北法人,2024-03-21,0037003700390063
2204,中華,35,0,35,國票-敦北法人,2024-03-21,0037003700390063
1503,士電,55,21,34,國票-敦北法人,2024-03-21,0037003700390063
2883,凱基金,50,18,32,國票-敦北法人,2024-03-21,0037003700390063
2308,台達電,2310,183,2127,國票-敦北法人,2024-03-22,0037003700390063
1609,大亞,1873,49,1824,國票-敦北法人,2024-03-22,0037003700390063
2317,鴻海,2237,1558,679,國票-敦北法人,2024-03-22,0037003700390063
2891,中信金,623,1,622,國票-敦北法人,2024-03-22,0037003700390063
3706,神達,680,69,611,國票-敦北法人,2024-03-22,0037003700390063
3062,建漢,411,11,400,國票-敦北法人,2024-03-22,0037003700390063
2834,臺企銀,366,15,351,國票-敦北法人,2024-03-22,0037003700390063
2515,中工,300,0,300,國票-敦北法人,2024-03-22,0037003700390063
6274,台燿,267,24,243,國票-敦北法人,2024-03-22,0037003700390063
6147,頎邦,207,1,206,國票-敦北法人,2024-03-22,0037003700390063
8996,高力,243,45,198,國票-敦北法人,2024-03-22,0037003700390063
3231,緯創,194,71,123,國票-敦北法人,2024-03-22,0037003700390063
00939,統一台灣高息動能,119,1,118,國票-敦北法人,2024-03-22,0037003700390063
3324,雙鴻,103,3,100,國票-敦北法人,2024-03-22,0037003700390063
8049,晶采,100,0,100,國票-敦北法人,2024-03-22,0037003700390063
4906,正文,103,3,100,國票-敦北法人,2024-03-22,0037003700390063
2345,智邦,176,83,93,國票-敦北法人,2024-03-22,0037003700390063
6189,豐藝,116,30,86,國票-敦北法人,2024-03-22,0037003700390063
3533,嘉澤,74,1,73,國票-敦北法人,2024-03-22,0037003700390063
2352,佳世達,111,40,71,國票-敦北法人,2024-03-22,0037003700390063
2606,裕民,80,10,70,國票-敦北法人,2024-03-22,0037003700390063
2312,金寶,60,0,60,國票-敦北法人,2024-03-22,0037003700390063
3014,聯陽,56,4,52,國票-敦北法人,2024-03-22,0037003700390063
2368,金像電,64,12,52,國票-敦北法人,2024-03-22,0037003700390063
2356,英業達,361,311,50,國票-敦北法人,2024-03-22,0037003700390063
1215,卜蜂,50,0,50,國票-敦北法人,2024-03-22,0037003700390063
2707,晶華,50,0,50,國票-敦北法人,2024-03-22,0037003700390063
6282,康舒,50,0,50,國票-敦北法人,2024-03-22,0037003700390063
2881,富邦金,48,0,48,國票-敦北法人,2024-03-22,0037003700390063
1513,中興電,50,3,47,國票-敦北法人,2024-03-22,0037003700390063
2886,兆豐金,42,0,42,國票-敦北法人,2024-03-22,0037003700390063
8088,品安,42,0,42,國票-敦北法人,2024-03-22,0037003700390063
3042,晶技,51,15,36,國票-敦北法人,2024-03-22,0037003700390063
3622,洋華,36,2,34,國票-敦北法人,2024-03-22,0037003700390063
00941,中信上游半導體,87,53,34,國票-敦北法人,2024-03-22,0037003700390063
9921,巨大,31,0,31,國票-敦北法人,2024-03-22,0037003700390063
2412,中華電,30,0,30,國票-敦北法人,2024-03-22,0037003700390063
9939,宏全,30,0,30,國票-敦北法人,2024-03-22,0037003700390063
9940,信義,30,0,30,國票-敦北法人,2024-03-22,0037003700390063
2404,漢唐,29,0,29,國票-敦北法人,2024-03-22,0037003700390063
4908,前鼎,40,11,29,國票-敦北法人,2024-03-22,0037003700390063
2883,凱基金,27,0,27,國票-敦北法人,2024-03-22,0037003700390063
6538,倉和,42,15,27,國票-敦北法人,2024-03-22,0037003700390063
1809,中釉,27,1,26,國票-敦北法人,2024-03-22,0037003700390063
1616,億泰,26,0,26,國票-敦北法人,2024-03-22,0037003700390063
8033,雷虎,37,11,26,國票-敦北法人,2024-03-22,0037003700390063
2454,聯發科,26,1,25,國票-敦北法人,2024-03-22,0037003700390063
3704,合勤控,81,56,25,國票-敦北法人,2024-03-22,0037003700390063
2059,川湖,28,4,24,國票-敦北法人,2024-03-22,0037003700390063
00679B,元大美債20年,22,0,22,國票-敦北法人,2024-03-22,0037003700390063
2317,鴻海,1053,77,976,國票-敦北法人,2024-03-25,0037003700390063
2834,臺企銀,701,0,701,國票-敦北法人,2024-03-25,0037003700390063
1815,富喬,651,2,649,國票-敦北法人,2024-03-25,0037003700390063
8150,南茂,502,2,500,國票-敦北法人,2024-03-25,0037003700390063
1785,光洋科,374,5,369,國票-敦北法人,2024-03-25,0037003700390063
6125,廣運,370,20,350,國票-敦北法人,2024-03-25,0037003700390063
00688L,國泰20年美債正2,600,300,300,國票-敦北法人,2024-03-25,0037003700390063
00632R,元大台灣50反1,317,20,297,國票-敦北法人,2024-03-25,0037003700390063
2382,廣達,234,9,225,國票-敦北法人,2024-03-25,0037003700390063
1319,東陽,126,3,123,國票-敦北法人,2024-03-25,0037003700390063
6753,龍德造船,107,4,103,國票-敦北法人,2024-03-25,0037003700390063
8049,晶采,100,0,100,國票-敦北法人,2024-03-25,0037003700390063
3037,欣興,97,7,90,國票-敦北法人,2024-03-25,0037003700390063
6546,正基,80,5,75,國票-敦北法人,2024-03-25,0037003700390063
2211,長榮鋼,67,0,67,國票-敦北法人,2024-03-25,0037003700390063
2049,上銀,65,2,63,國票-敦北法人,2024-03-25,0037003700390063
1597,直得,61,0,61,國票-敦北法人,2024-03-25,0037003700390063
8086,宏捷科,66,10,56,國票-敦北法人,2024-03-25,0037003700390063
5269,祥碩,60,5,55,國票-敦北法人,2024-03-25,0037003700390063
1215,卜蜂,50,0,50,國票-敦北法人,2024-03-25,0037003700390063
1808,潤隆,50,0,50,國票-敦北法人,2024-03-25,0037003700390063
4906,正文,51,2,49,國票-敦北法人,2024-03-25,0037003700390063
5426,振發,44,0,44,國票-敦北法人,2024-03-25,0037003700390063
3163,波若威,69,26,43,國票-敦北法人,2024-03-25,0037003700390063
4526,東台,49,7,42,國票-敦北法人,2024-03-25,0037003700390063
00939,統一台灣高息動能,56,15,41,國票-敦北法人,2024-03-25,0037003700390063
6414,樺漢,85,44,41,國票-敦北法人,2024-03-25,0037003700390063
3653,健策,40,0,40,國票-敦北法人,2024-03-25,0037003700390063
4503,金雨,40,0,40,國票-敦北法人,2024-03-25,0037003700390063
6197,佳必琪,68,31,37,國票-敦北法人,2024-03-25,0037003700390063
3702,大聯大,32,0,32,國票-敦北法人,2024-03-25,0037003700390063
3228,金麗科,31,0,31,國票-敦北法人,2024-03-25,0037003700390063
3188,鑫龍騰,30,0,30,國票-敦北法人,2024-03-25,0037003700390063
2707,晶華,30,0,30,國票-敦北法人,2024-03-25,0037003700390063
9939,宏全,30,0,30,國票-敦北法人,2024-03-25,0037003700390063
6215,和椿,30,2,28,國票-敦北法人,2024-03-25,0037003700390063
2412,中華電,30,2,28,國票-敦北法人,2024-03-25,0037003700390063
5439,高技,44,19,25,國票-敦北法人,2024-03-25,0037003700390063
2421,建準,44,19,25,國票-敦北法人,2024-03-25,0037003700390063
3533,嘉澤,24,1,23,國票-敦北法人,2024-03-25,0037003700390063
3715,定穎投控,31,10,21,國票-敦北法人,2024-03-25,0037003700390063
6282,康舒,21,1,20,國票-敦北法人,2024-03-25,0037003700390063
2377,微星,20,0,20,國票-敦北法人,2024-03-25,0037003700390063
3363,上詮,20,1,19,國票-敦北法人,2024-03-25,0037003700390063
00929,復華台灣科技優息,23,5,18,國票-敦北法人,2024-03-25,0037003700390063
9940,信義,18,0,18,國票-敦北法人,2024-03-25,0037003700390063
2634,漢翔,19,1,18,國票-敦北法人,2024-03-25,0037003700390063
2303,聯電,19,4,15,國票-敦北法人,2024-03-25,0037003700390063
3376,新日興,31,16,15,國票-敦北法人,2024-03-25,0037003700390063
2543,皇昌,15,0,15,國票-敦北法人,2024-03-25,0037003700390063
2885,元大金,2255,1,2254,國票-敦北法人,2024-03-26,0037003700390063
2618,長榮航,1010,2,1008,國票-敦北法人,2024-03-26,0037003700390063
2317,鴻海,4034,3255,779,國票-敦北法人,2024-03-26,0037003700390063
2834,臺企銀,605,4,601,國票-敦北法人,2024-03-26,0037003700390063
2606,裕民,473,0,473,國票-敦北法人,2024-03-26,0037003700390063
8150,南茂,440,0,440,國票-敦北法人,2024-03-26,0037003700390063
2337,旺宏,403,0,403,國票-敦北法人,2024-03-26,0037003700390063
00929,復華台灣科技優息,411,56,355,國票-敦北法人,2024-03-26,0037003700390063
1216,統一,312,0,312,國票-敦北法人,2024-03-26,0037003700390063
2345,智邦,425,201,224,國票-敦北法人,2024-03-26,0037003700390063
1815,富喬,313,122,191,國票-敦北法人,2024-03-26,0037003700390063
00632R,元大台灣50反1,183,0,183,國票-敦北法人,2024-03-26,0037003700390063
2412,中華電,160,2,158,國票-敦北法人,2024-03-26,0037003700390063
2377,微星,157,0,157,國票-敦北法人,2024-03-26,0037003700390063
3324,雙鴻,114,10,104,國票-敦北法人,2024-03-26,0037003700390063
00939,統一台灣高息動能,121,19,102,國票-敦北法人,2024-03-26,0037003700390063
4714,永捷,100,0,100,國票-敦北法人,2024-03-26,0037003700390063
8049,晶采,100,0,100,國票-敦北法人,2024-03-26,0037003700390063
2382,廣達,156,58,98,國票-敦北法人,2024-03-26,0037003700390063
2455,全新,95,0,95,國票-敦北法人,2024-03-26,0037003700390063
9924,福興,86,0,86,國票-敦北法人,2024-03-26,0037003700390063
1616,億泰,77,6,71,國票-敦北法人,2024-03-26,0037003700390063
1303,南亞,72,3,69,國票-敦北法人,2024-03-26,0037003700390063
2603,長榮,80,18,62,國票-敦北法人,2024-03-26,0037003700390063
6657,華安,60,0,60,國票-敦北法人,2024-03-26,0037003700390063
3548,兆利,53,1,52,國票-敦北法人,2024-03-26,0037003700390063
1215,卜蜂,50,0,50,國票-敦北法人,2024-03-26,0037003700390063
6188,廣明,64,16,48,國票-敦北法人,2024-03-26,0037003700390063
1513,中興電,106,68,38,國票-敦北法人,2024-03-26,0037003700390063
1795,美時,33,1,32,國票-敦北法人,2024-03-26,0037003700390063
6282,康舒,31,0,31,國票-敦北法人,2024-03-26,0037003700390063
1504,東元,69,38,31,國票-敦北法人,2024-03-26,0037003700390063
9940,信義,30,0,30,國票-敦北法人,2024-03-26,0037003700390063
4979,華星光,59,32,27,國票-敦北法人,2024-03-26,0037003700390063
2344,華邦電,31,7,24,國票-敦北法人,2024-03-26,0037003700390063
1603,華電,34,11,23,國票-敦北法人,2024-03-26,0037003700390063
3484,崧騰,56,33,23,國票-敦北法人,2024-03-26,0037003700390063
00664R,國泰臺灣加權反1,21,0,21,國票-敦北法人,2024-03-26,0037003700390063
5234,達興材料,33,13,20,國票-敦北法人,2024-03-26,0037003700390063
3017,奇鋐,36,16,20,國票-敦北法人,2024-03-26,0037003700390063
2313,華通,20,2,18,國票-敦北法人,2024-03-26,0037003700390063
4746,台耀,20,2,18,國票-敦北法人,2024-03-26,0037003700390063
3540,曜越,46,28,18,國票-敦北法人,2024-03-26,0037003700390063
6462,神盾,25,8,17,國票-敦北法人,2024-03-26,0037003700390063
3673,TPK-KY,18,1,17,國票-敦北法人,2024-03-26,0037003700390063
2230,泰茂,16,0,16,國票-敦北法人,2024-03-26,0037003700390063
2409,友達,31,15,16,國票-敦北法人,2024-03-26,0037003700390063
4572,駐龍,15,0,15,國票-敦北法人,2024-03-26,0037003700390063
6198,瑞築,15,0,15,國票-敦北法人,2024-03-26,0037003700390063
1609,大亞,62,48,14,國票-敦北法人,2024-03-26,0037003700390063
2891,中信金,2077,7,2070,國票-敦北法人,2024-03-27,0037003700390063
00941,中信上游半導體,1011,15,996,國票-敦北法人,2024-03-27,0037003700390063
1785,光洋科,875,2,873,國票-敦北法人,2024-03-27,0037003700390063
2412,中華電,451,1,450,國票-敦北法人,2024-03-27,0037003700390063
2352,佳世達,435,2,433,國票-敦北法人,2024-03-27,0037003700390063
2834,臺企銀,220,11,209,國票-敦北法人,2024-03-27,0037003700390063
6191,精成科,210,4,206,國票-敦北法人,2024-03-27,0037003700390063
3479,安勤,201,1,200,國票-敦北法人,2024-03-27,0037003700390063
6805,富世達,121,0,121,國票-敦北法人,2024-03-27,0037003700390063
2049,上銀,121,7,114,國票-敦北法人,2024-03-27,0037003700390063
3062,建漢,125,14,111,國票-敦北法人,2024-03-27,0037003700390063
2376,技嘉,112,3,109,國票-敦北法人,2024-03-27,0037003700390063
2883,凱基金,113,12,101,國票-敦北法人,2024-03-27,0037003700390063
3450,聯鈞,104,4,100,國票-敦北法人,2024-03-27,0037003700390063
2371,大同,232,139,93,國票-敦北法人,2024-03-27,0037003700390063
6215,和椿,90,0,90,國票-敦北法人,2024-03-27,0037003700390063
6605,帝寶,99,25,74,國票-敦北法人,2024-03-27,0037003700390063
5515,建國,75,3,72,國票-敦北法人,2024-03-27,0037003700390063
8996,高力,102,38,64,國票-敦北法人,2024-03-27,0037003700390063
3548,兆利,67,4,63,國票-敦北法人,2024-03-27,0037003700390063
2382,廣達,55,2,53,國票-敦北法人,2024-03-27,0037003700390063
2606,裕民,51,1,50,國票-敦北法人,2024-03-27,0037003700390063
3406,玉晶光,53,3,50,國票-敦北法人,2024-03-27,0037003700390063
2454,聯發科,53,3,50,國票-敦北法人,2024-03-27,0037003700390063
2383,台光電,47,0,47,國票-敦北法人,2024-03-27,0037003700390063
4961,天鈺,59,13,46,國票-敦北法人,2024-03-27,0037003700390063
8033,雷虎,44,0,44,國票-敦北法人,2024-03-27,0037003700390063
2330,台積電,49,10,39,國票-敦北法人,2024-03-27,0037003700390063
2357,華碩,30,0,30,國票-敦北法人,2024-03-27,0037003700390063
3036,文曄,31,1,30,國票-敦北法人,2024-03-27,0037003700390063
5272,笙科,30,0,30,國票-敦北法人,2024-03-27,0037003700390063
2303,聯電,32,3,29,國票-敦北法人,2024-03-27,0037003700390063
2887E,台新戊特,27,0,27,國票-敦北法人,2024-03-27,0037003700390063
6472,保瑞,37,10,27,國票-敦北法人,2024-03-27,0037003700390063
9917,中保科,25,0,25,國票-敦北法人,2024-03-27,0037003700390063
6223,旺矽,25,0,25,國票-敦北法人,2024-03-27,0037003700390063
2404,漢唐,37,12,25,國票-敦北法人,2024-03-27,0037003700390063
6108,競國,24,0,24,國票-敦北法人,2024-03-27,0037003700390063
00939,統一台灣高息動能,29,6,23,國票-敦北法人,2024-03-27,0037003700390063
5309,系統電,45,22,23,國票-敦北法人,2024-03-27,0037003700390063
8069,元太,21,0,21,國票-敦北法人,2024-03-27,0037003700390063
2377,微星,20,0,20,國票-敦北法人,2024-03-27,0037003700390063
4746,台耀,31,11,20,國票-敦北法人,2024-03-27,0037003700390063
4915,致伸,20,0,20,國票-敦北法人,2024-03-27,0037003700390063
6129,普誠,20,0,20,國票-敦北法人,2024-03-27,0037003700390063
4526,東台,43,24,19,國票-敦北法人,2024-03-27,0037003700390063
2356,英業達,58,40,18,國票-敦北法人,2024-03-27,0037003700390063
2344,華邦電,17,0,17,國票-敦北法人,2024-03-27,0037003700390063
3346,麗清,17,0,17,國票-敦北法人,2024-03-27,0037003700390063
6781,AES-KY,15,0,15,國票-敦北法人,2024-03-27,0037003700390063
2618,長榮航,1381,1,1380,國票-敦北法人,2024-03-28,0037003700390063
2317,鴻海,1262,267,995,國票-敦北法人,2024-03-28,0037003700390063
8150,南茂,884,12,872,國票-敦北法人,2024-03-28,0037003700390063
3062,建漢,1009,222,787,國票-敦北法人,2024-03-28,0037003700390063
5469,瀚宇博,609,10,599,國票-敦北法人,2024-03-28,0037003700390063
6213,聯茂,630,31,599,國票-敦北法人,2024-03-28,0037003700390063
4915,致伸,905,404,501,國票-敦北法人,2024-03-28,0037003700390063
2474,可成,445,2,443,國票-敦北法人,2024-03-28,0037003700390063
6191,精成科,426,4,422,國票-敦北法人,2024-03-28,0037003700390063
9904,寶成,579,216,363,國票-敦北法人,2024-03-28,0037003700390063
6605,帝寶,311,25,286,國票-敦北法人,2024-03-28,0037003700390063
2515,中工,335,57,278,國票-敦北法人,2024-03-28,0037003700390063
6147,頎邦,264,0,264,國票-敦北法人,2024-03-28,0037003700390063
2382,廣達,517,271,246,國票-敦北法人,2024-03-28,0037003700390063
00939,統一台灣高息動能,245,12,233,國票-敦北法人,2024-03-28,0037003700390063
2454,聯發科,223,1,222,國票-敦北法人,2024-03-28,0037003700390063
1808,潤隆,212,11,201,國票-敦北法人,2024-03-28,0037003700390063
1723,中碳,215,19,196,國票-敦北法人,2024-03-28,0037003700390063
2412,中華電,185,0,185,國票-敦北法人,2024-03-28,0037003700390063
2313,華通,200,17,183,國票-敦北法人,2024-03-28,0037003700390063
4904,遠傳,185,3,182,國票-敦北法人,2024-03-28,0037003700390063
2301,光寶科,243,69,174,國票-敦北法人,2024-03-28,0037003700390063
9921,巨大,160,2,158,國票-敦北法人,2024-03-28,0037003700390063
4961,天鈺,124,4,120,國票-敦北法人,2024-03-28,0037003700390063
2492,華新科,115,8,107,國票-敦北法人,2024-03-28,0037003700390063
8936,國統,113,8,105,國票-敦北法人,2024-03-28,0037003700390063
4958,臻鼎-KY,118,19,99,國票-敦北法人,2024-03-28,0037003700390063
2606,裕民,95,0,95,國票-敦北法人,2024-03-28,0037003700390063
6546,正基,90,1,89,國票-敦北法人,2024-03-28,0037003700390063
00933B,國泰10Y+金融債,83,0,83,國票-敦北法人,2024-03-28,0037003700390063
2883,凱基金,89,12,77,國票-敦北法人,2024-03-28,0037003700390063
5269,祥碩,69,4,65,國票-敦北法人,2024-03-28,0037003700390063
6278,台表科,65,2,63,國票-敦北法人,2024-03-28,0037003700390063
1809,中釉,60,0,60,國票-敦北法人,2024-03-28,0037003700390063
2376,技嘉,58,0,58,國票-敦北法人,2024-03-28,0037003700390063
3376,新日興,67,12,55,國票-敦北法人,2024-03-28,0037003700390063
6223,旺矽,58,3,55,國票-敦北法人,2024-03-28,0037003700390063
2345,智邦,51,0,51,國票-敦北法人,2024-03-28,0037003700390063
2204,中華,50,0,50,國票-敦北法人,2024-03-28,0037003700390063
2377,微星,46,0,46,國票-敦北法人,2024-03-28,0037003700390063
3548,兆利,57,11,46,國票-敦北法人,2024-03-28,0037003700390063
3702,大聯大,53,7,46,國票-敦北法人,2024-03-28,0037003700390063
2367,燿華,49,9,40,國票-敦北法人,2024-03-28,0037003700390063
3188,鑫龍騰,40,0,40,國票-敦北法人,2024-03-28,0037003700390063
3706,神達,87,51,36,國票-敦北法人,2024-03-28,0037003700390063
5347,世界,33,0,33,國票-敦北法人,2024-03-28,0037003700390063
5521,工信,30,0,30,國票-敦北法人,2024-03-28,0037003700390063
3050,鈺德,30,0,30,國票-敦北法人,2024-03-28,0037003700390063
2357,華碩,30,0,30,國票-敦北法人,2024-03-28,0037003700390063
00941,中信上游半導體,50,20,30,國票-敦北法人,2024-03-28,0037003700390063
2356,英業達,1306,136,1170,國票-敦北法人,2024-03-29,0037003700390063
2618,長榮航,405,108,297,國票-敦北法人,2024-03-29,0037003700390063
00715L,期街口布蘭特正2,230,0,230,國票-敦北法人,2024-03-29,0037003700390063
1477,聚陽,201,1,200,國票-敦北法人,2024-03-29,0037003700390063
2347,聯強,210,10,200,國票-敦北法人,2024-03-29,0037003700390063
00751B,元大AAA至A公司債,200,2,198,國票-敦北法人,2024-03-29,0037003700390063
1215,卜蜂,196,0,196,國票-敦北法人,2024-03-29,0037003700390063
1455,集盛,263,100,163,國票-敦北法人,2024-03-29,0037003700390063
3062,建漢,177,21,156,國票-敦北法人,2024-03-29,0037003700390063
1795,美時,152,0,152,國票-敦北法人,2024-03-29,0037003700390063
2204,中華,130,0,130,國票-敦北法人,2024-03-29,0037003700390063
6213,聯茂,132,14,118,國票-敦北法人,2024-03-29,0037003700390063
3563,牧德,120,4,116,國票-敦北法人,2024-03-29,0037003700390063
8049,晶采,100,0,100,國票-敦北法人,2024-03-29,0037003700390063
2464,盟立,102,2,100,國票-敦北法人,2024-03-29,0037003700390063
2376,技嘉,132,39,93,國票-敦北法人,2024-03-29,0037003700390063
8261,富鼎,93,0,93,國票-敦北法人,2024-03-29,0037003700390063
6668,中揚光,83,4,79,國票-敦北法人,2024-03-29,0037003700390063
4961,天鈺,75,0,75,國票-敦北法人,2024-03-29,0037003700390063
9933,中鼎,60,0,60,國票-敦北法人,2024-03-29,0037003700390063
2104,國際中橡,58,0,58,國票-敦北法人,2024-03-29,0037003700390063
9940,信義,50,0,50,國票-敦北法人,2024-03-29,0037003700390063
6177,達麗,50,0,50,國票-敦北法人,2024-03-29,0037003700390063
6472,保瑞,50,0,50,國票-敦北法人,2024-03-29,0037003700390063
3032,偉訓,51,2,49,國票-敦北法人,2024-03-29,0037003700390063
8299,群聯,49,6,43,國票-敦北法人,2024-03-29,0037003700390063
3008,大立光,40,0,40,國票-敦北法人,2024-03-29,0037003700390063
00939,統一台灣高息動能,49,15,34,國票-敦北法人,2024-03-29,0037003700390063
6542,隆中,34,0,34,國票-敦北法人,2024-03-29,0037003700390063
1442,名軒,32,0,32,國票-敦北法人,2024-03-29,0037003700390063
6491,晶碩,33,2,31,國票-敦北法人,2024-03-29,0037003700390063
2634,漢翔,31,0,31,國票-敦北法人,2024-03-29,0037003700390063
8050,廣積,31,0,31,國票-敦北法人,2024-03-29,0037003700390063
3188,鑫龍騰,30,0,30,國票-敦北法人,2024-03-29,0037003700390063
2412,中華電,30,3,27,國票-敦北法人,2024-03-29,0037003700390063
3005,神基,136,109,27,國票-敦北法人,2024-03-29,0037003700390063
3234,光環,27,0,27,國票-敦北法人,2024-03-29,0037003700390063
4771,望隼,25,0,25,國票-敦北法人,2024-03-29,0037003700390063
6719,力智,33,10,23,國票-敦北法人,2024-03-29,0037003700390063
2345,智邦,23,1,22,國票-敦北法人,2024-03-29,0037003700390063
8089,康全電訊,21,0,21,國票-敦北法人,2024-03-29,0037003700390063
2354,鴻準,22,1,21,國票-敦北法人,2024-03-29,0037003700390063
00929,復華台灣科技優息,22,2,20,國票-敦北法人,2024-03-29,0037003700390063
6187,萬潤,20,0,20,國票-敦北法人,2024-03-29,0037003700390063
2353,宏��,24,4,20,國票-敦北法人,2024-03-29,0037003700390063
5258,虹堡,20,1,19,國票-敦北法人,2024-03-29,0037003700390063
3707,漢磊,20,2,18,國票-敦北法人,2024-03-29,0037003700390063
6679,鈺太,17,0,17,國票-敦北法人,2024-03-29,0037003700390063
4979,華星光,22,5,17,國票-敦北法人,2024-03-29,0037003700390063
1504,東元,33,17,16,國票-敦北法人,2024-03-29,0037003700390063
3231,緯創,1675,444,1231,國票-敦北法人,2024-04-01,0037003700390063
2609,陽明,1063,10,1053,國票-敦北法人,2024-04-01,0037003700390063
00940,元大台灣價值高息,860,23,837,國票-敦北法人,2024-04-01,0037003700390063
6197,佳必琪,643,3,640,國票-敦北法人,2024-04-01,0037003700390063
2412,中華電,501,0,501,國票-敦北法人,2024-04-01,0037003700390063
2548,華固,500,28,472,國票-敦北法人,2024-04-01,0037003700390063
4909,新復興,389,15,374,國票-敦北法人,2024-04-01,0037003700390063
2885,元大金,355,0,355,國票-敦北法人,2024-04-01,0037003700390063
2354,鴻準,348,35,313,國票-敦北法人,2024-04-01,0037003700390063
3037,欣興,252,2,250,國票-敦北法人,2024-04-01,0037003700390063
2492,華新科,236,37,199,國票-敦北法人,2024-04-01,0037003700390063
3666,光耀,202,4,198,國票-敦北法人,2024-04-01,0037003700390063
3363,上詮,177,10,167,國票-敦北法人,2024-04-01,0037003700390063
2049,上銀,166,6,160,國票-敦北法人,2024-04-01,0037003700390063
1455,集盛,150,0,150,國票-敦北法人,2024-04-01,0037003700390063
6278,台表科,154,4,150,國票-敦北法人,2024-04-01,0037003700390063
1560,中砂,152,3,149,國票-敦北法人,2024-04-01,0037003700390063
4961,天鈺,135,0,135,國票-敦北法人,2024-04-01,0037003700390063
2382,廣達,447,334,113,國票-敦北法人,2024-04-01,0037003700390063
2464,盟立,119,17,102,國票-敦北法人,2024-04-01,0037003700390063
8049,晶采,100,2,98,國票-敦北法人,2024-04-01,0037003700390063
3548,兆利,135,40,95,國票-敦北法人,2024-04-01,0037003700390063
2327,國巨,102,7,95,國票-敦北法人,2024-04-01,0037003700390063
2317,鴻海,195,103,92,國票-敦北法人,2024-04-01,0037003700390063
5347,世界,58,0,58,國票-敦北法人,2024-04-01,0037003700390063
8033,雷虎,65,7,58,國票-敦北法人,2024-04-01,0037003700390063
5258,虹堡,58,4,54,國票-敦北法人,2024-04-01,0037003700390063
00919,群益台灣精選高息,55,3,52,國票-敦北法人,2024-04-01,0037003700390063
9940,信義,50,0,50,國票-敦北法人,2024-04-01,0037003700390063
3661,世芯-KY,48,1,47,國票-敦北法人,2024-04-01,0037003700390063
2455,全新,48,1,47,國票-敦北法人,2024-04-01,0037003700390063
6584,南俊國際,44,1,43,國票-敦北法人,2024-04-01,0037003700390063
8261,富鼎,43,0,43,國票-敦北法人,2024-04-01,0037003700390063
6542,隆中,42,0,42,國票-敦北法人,2024-04-01,0037003700390063
6548,長科*,36,0,36,國票-敦北法人,2024-04-01,0037003700390063
2025,千興,36,0,36,國票-敦北法人,2024-04-01,0037003700390063
1319,東陽,38,3,35,國票-敦北法人,2024-04-01,0037003700390063
1815,富喬,153,118,35,國票-敦北法人,2024-04-01,0037003700390063
2371,大同,163,131,32,國票-敦北法人,2024-04-01,0037003700390063
1786,科妍,30,0,30,國票-敦北法人,2024-04-01,0037003700390063
6217,中探針,30,0,30,國票-敦北法人,2024-04-01,0037003700390063
6472,保瑞,35,5,30,國票-敦北法人,2024-04-01,0037003700390063
5443,均豪,37,7,30,國票-敦北法人,2024-04-01,0037003700390063
1809,中釉,30,1,29,國票-敦北法人,2024-04-01,0037003700390063
6753,龍德造船,29,0,29,國票-敦北法人,2024-04-01,0037003700390063
4128,中天,28,0,28,國票-敦北法人,2024-04-01,0037003700390063
00939,統一台灣高息動能,32,6,26,國票-敦北法人,2024-04-01,0037003700390063
3680,家登,26,0,26,國票-敦北法人,2024-04-01,0037003700390063
2330,台積電,27,2,25,國票-敦北法人,2024-04-01,0037003700390063
3017,奇鋐,29,4,25,國票-敦北法人,2024-04-01,0037003700390063
2353,宏��,2387,11,2376,國票-敦北法人,2024-04-02,0037003700390063
2337,旺宏,1852,0,1852,國票-敦北法人,2024-04-02,0037003700390063
2352,佳世達,1811,0,1811,國票-敦北法人,2024-04-02,0037003700390063
2449,京元電子,1220,5,1215,國票-敦北法人,2024-04-02,0037003700390063
2382,廣達,1639,573,1066,國票-敦北法人,2024-04-02,0037003700390063
2609,陽明,1049,0,1049,國票-敦北法人,2024-04-02,0037003700390063
3711,日月光投控,1030,13,1017,國票-敦北法人,2024-04-02,0037003700390063
4958,臻鼎-KY,1072,89,983,國票-敦北法人,2024-04-02,0037003700390063
2301,光寶科,889,9,880,國票-敦北法人,2024-04-02,0037003700390063
2385,群光,758,0,758,國票-敦北法人,2024-04-02,0037003700390063
5443,均豪,742,46,696,國票-敦北法人,2024-04-02,0037003700390063
6147,頎邦,745,67,678,國票-敦北法人,2024-04-02,0037003700390063
6239,力成,758,137,621,國票-敦北法人,2024-04-02,0037003700390063
2855,統一證,588,2,586,國票-敦北法人,2024-04-02,0037003700390063
5371,中光電,577,24,553,國票-敦北法人,2024-04-02,0037003700390063
6182,合晶,542,1,541,國票-敦北法人,2024-04-02,0037003700390063
2347,聯強,500,0,500,國票-敦北法人,2024-04-02,0037003700390063
00929,復華台灣科技優息,522,33,489,國票-敦北法人,2024-04-02,0037003700390063
00941,中信上游半導體,441,10,431,國票-敦北法人,2024-04-02,0037003700390063
5469,瀚宇博,433,2,431,國票-敦北法人,2024-04-02,0037003700390063
2313,華通,400,5,395,國票-敦北法人,2024-04-02,0037003700390063
2374,佳能,371,15,356,國票-敦北法人,2024-04-02,0037003700390063
2885,元大金,350,0,350,國票-敦北法人,2024-04-02,0037003700390063
5483,中美晶,341,0,341,國票-敦北法人,2024-04-02,0037003700390063
3044,健鼎,311,1,310,國票-敦北法人,2024-04-02,0037003700390063
3702,大聯大,300,0,300,國票-敦北法人,2024-04-02,0037003700390063
4938,和碩,302,5,297,國票-敦北法人,2024-04-02,0037003700390063
2317,鴻海,944,656,288,國票-敦北法人,2024-04-02,0037003700390063
6191,精成科,265,2,263,國票-敦北法人,2024-04-02,0037003700390063
00940,元大台灣價值高息,273,53,220,國票-敦北法人,2024-04-02,0037003700390063
6285,啟��,221,3,218,國票-敦北法人,2024-04-02,0037003700390063
3264,欣銓,209,0,209,國票-敦北法人,2024-04-02,0037003700390063
8464,億豐,200,0,200,國票-敦北法人,2024-04-02,0037003700390063
5234,達興材料,204,14,190,國票-敦北法人,2024-04-02,0037003700390063
2049,上銀,185,0,185,國票-敦北法人,2024-04-02,0037003700390063
6213,聯茂,277,96,181,國票-敦北法人,2024-04-02,0037003700390063
3231,緯創,568,388,180,國票-敦北法人,2024-04-02,0037003700390063
3551,世禾,193,20,173,國票-敦北法人,2024-04-02,0037003700390063
3587,閎康,178,6,172,國票-敦北法人,2024-04-02,0037003700390063
6278,台表科,173,2,171,國票-敦北法人,2024-04-02,0037003700390063
8299,群聯,165,1,164,國票-敦北法人,2024-04-02,0037003700390063
5269,祥碩,157,3,154,國票-敦北法人,2024-04-02,0037003700390063
2474,可成,300,149,151,國票-敦北法人,2024-04-02,0037003700390063
1604,聲寶,146,0,146,國票-敦北法人,2024-04-02,0037003700390063
2535,達欣工,141,0,141,國票-敦北法人,2024-04-02,0037003700390063
3596,智易,120,0,120,國票-敦北法人,2024-04-02,0037003700390063
3715,定穎投控,151,40,111,國票-敦北法人,2024-04-02,0037003700390063
2404,漢唐,110,2,108,國票-敦北法人,2024-04-02,0037003700390063
8050,廣積,108,0,108,國票-敦北法人,2024-04-02,0037003700390063
6414,樺漢,107,4,103,國票-敦北法人,2024-04-02,0037003700390063
3481,群創,1611,10,1601,國票-敦北法人,2024-04-03,0037003700390063
2317,鴻海,1645,101,1544,國票-敦北法人,2024-04-03,0037003700390063
2609,陽明,773,9,764,國票-敦北法人,2024-04-03,0037003700390063
2374,佳能,480,45,435,國票-敦北法人,2024-04-03,0037003700390063
3231,緯創,651,228,423,國票-敦北法人,2024-04-03,0037003700390063
4147,中裕,352,1,351,國票-敦北法人,2024-04-03,0037003700390063
2885,元大金,350,1,349,國票-敦北法人,2024-04-03,0037003700390063
6117,迎廣,339,19,320,國票-敦北法人,2024-04-03,0037003700390063
2363,矽統,240,2,238,國票-敦北法人,2024-04-03,0037003700390063
00940,元大台灣價值高息,247,20,227,國票-敦北法人,2024-04-03,0037003700390063
1215,卜蜂,183,0,183,國票-敦北法人,2024-04-03,0037003700390063
2066,世德,166,5,161,國票-敦北法人,2024-04-03,0037003700390063
1604,聲寶,152,0,152,國票-敦北法人,2024-04-03,0037003700390063
2535,達欣工,144,2,142,國票-敦北法人,2024-04-03,0037003700390063
00929,復華台灣科技優息,113,0,113,國票-敦北法人,2024-04-03,0037003700390063
3548,兆利,159,53,106,國票-敦北法人,2024-04-03,0037003700390063
00687B,國泰20年美債,103,0,103,國票-敦北法人,2024-04-03,0037003700390063
00751B,元大AAA至A公司債,101,0,101,國票-敦北法人,2024-04-03,0037003700390063
8086,宏捷科,118,17,101,國票-敦北法人,2024-04-03,0037003700390063
6472,保瑞,116,16,100,國票-敦北法人,2024-04-03,0037003700390063
8049,晶采,100,0,100,國票-敦北法人,2024-04-03,0037003700390063
2015,豐興,76,0,76,國票-敦北法人,2024-04-03,0037003700390063
4720,德淵,59,0,59,國票-敦北法人,2024-04-03,0037003700390063
3036,文曄,57,1,56,國票-敦北法人,2024-04-03,0037003700390063
9940,信義,50,0,50,國票-敦北法人,2024-04-03,0037003700390063
2883,凱基金,46,3,43,國票-敦北法人,2024-04-03,0037003700390063
3047,訊舟,40,0,40,國票-敦北法人,2024-04-03,0037003700390063
2330,台積電,138,100,38,國票-敦北法人,2024-04-03,0037003700390063
2412,中華電,35,0,35,國票-敦北法人,2024-04-03,0037003700390063
2834,臺企銀,32,0,32,國票-敦北法人,2024-04-03,0037003700390063
9904,寶成,33,1,32,國票-敦北法人,2024-04-03,0037003700390063
6217,中探針,30,0,30,國票-敦北法人,2024-04-03,0037003700390063
00850,元大臺灣ESG永續,30,0,30,國票-敦北法人,2024-04-03,0037003700390063
6669,緯穎,43,13,30,國票-敦北法人,2024-04-03,0037003700390063
6197,佳必琪,27,0,27,國票-敦北法人,2024-04-03,0037003700390063
00941,中信上游半導體,22,0,22,國票-敦北法人,2024-04-03,0037003700390063
6239,力成,21,0,21,國票-敦北法人,2024-04-03,0037003700390063
2355,敬鵬,21,0,21,國票-敦北法人,2024-04-03,0037003700390063
006208,富邦台50,20,0,20,國票-敦北法人,2024-04-03,0037003700390063
3707,漢磊,20,0,20,國票-敦北法人,2024-04-03,0037003700390063
3188,鑫龍騰,20,0,20,國票-敦北法人,2024-04-03,0037003700390063
1608,華榮,25,5,20,國票-敦北法人,2024-04-03,0037003700390063
6542,隆中,20,0,20,國票-敦北法人,2024-04-03,0037003700390063
6550,北極星藥業-KY,21,1,20,國票-敦北法人,2024-04-03,0037003700390063
2345,智邦,20,1,19,國票-敦北法人,2024-04-03,0037003700390063
00919,群益台灣精選高息,18,1,17,國票-敦北法人,2024-04-03,0037003700390063
1519,華城,16,0,16,國票-敦北法人,2024-04-03,0037003700390063
4526,東台,17,1,16,國票-敦北法人,2024-04-03,0037003700390063
00679B,元大美債20年,15,0,15,國票-敦北法人,2024-04-03,0037003700390063
2887,台新金,15,0,15,國票-敦北法人,2024-04-03,0037003700390063
3211,順達,621,1,620,國票-敦北法人,2024-04-08,0037003700390063
3715,定穎投控,413,9,404,國票-敦北法人,2024-04-08,0037003700390063
1514,亞力,410,23,387,國票-敦北法人,2024-04-08,0037003700390063
6213,聯茂,367,10,357,國票-敦北法人,2024-04-08,0037003700390063
6117,迎廣,687,340,347,國票-敦北法人,2024-04-08,0037003700390063
2382,廣達,361,49,312,國票-敦北法人,2024-04-08,0037003700390063
2308,台達電,311,13,298,國票-敦北法人,2024-04-08,0037003700390063
4716,大立,283,6,277,國票-敦北法人,2024-04-08,0037003700390063
2363,矽統,263,14,249,國票-敦北法人,2024-04-08,0037003700390063
2376,技嘉,263,30,233,國票-敦北法人,2024-04-08,0037003700390063
6278,台表科,202,15,187,國票-敦北法人,2024-04-08,0037003700390063
00940,元大台灣價值高息,201,30,171,國票-敦北法人,2024-04-08,0037003700390063
6578,達邦蛋白,168,0,168,國票-敦北法人,2024-04-08,0037003700390063
2603,長榮,179,14,165,國票-敦北法人,2024-04-08,0037003700390063
1604,聲寶,157,0,157,國票-敦北法人,2024-04-08,0037003700390063
2535,達欣工,156,0,156,國票-敦北法人,2024-04-08,0037003700390063
2371,大同,153,8,145,國票-敦北法人,2024-04-08,0037003700390063
8096,擎亞,152,8,144,國票-敦北法人,2024-04-08,0037003700390063
3491,昇達科,142,0,142,國票-敦北法人,2024-04-08,0037003700390063
1733,五鼎,128,0,128,國票-敦北法人,2024-04-08,0037003700390063
2618,長榮航,125,7,118,國票-敦北法人,2024-04-08,0037003700390063
6274,台燿,196,89,107,國票-敦北法人,2024-04-08,0037003700390063
8464,億豐,100,0,100,國票-敦北法人,2024-04-08,0037003700390063
9910,豐泰,100,0,100,國票-敦北法人,2024-04-08,0037003700390063
2015,豐興,87,0,87,國票-敦北法人,2024-04-08,0037003700390063
2464,盟立,126,43,83,國票-敦北法人,2024-04-08,0037003700390063
2377,微星,83,2,81,國票-敦北法人,2024-04-08,0037003700390063
2607,榮運,79,0,79,國票-敦北法人,2024-04-08,0037003700390063
2385,群光,72,3,69,國票-敦北法人,2024-04-08,0037003700390063
2501,國建,100,32,68,國票-敦北法人,2024-04-08,0037003700390063
6189,豐藝,72,5,67,國票-敦北法人,2024-04-08,0037003700390063
3312,弘憶股,66,0,66,國票-敦北法人,2024-04-08,0037003700390063
1808,潤隆,70,4,66,國票-敦北法人,2024-04-08,0037003700390063
00687B,國泰20年美債,64,0,64,國票-敦北法人,2024-04-08,0037003700390063
6207,雷科,90,27,63,國票-敦北法人,2024-04-08,0037003700390063
6742,澤米,54,0,54,國票-敦北法人,2024-04-08,0037003700390063
3035,智原,52,1,51,國票-敦北法人,2024-04-08,0037003700390063
1215,卜蜂,50,0,50,國票-敦北法人,2024-04-08,0037003700390063
9940,信義,50,0,50,國票-敦北法人,2024-04-08,0037003700390063
3444,利機,49,0,49,國票-敦北法人,2024-04-08,0037003700390063
2393,億光,48,0,48,國票-敦北法人,2024-04-08,0037003700390063
3037,欣興,75,28,47,國票-敦北法人,2024-04-08,0037003700390063
00929,復華台灣科技優息,44,0,44,國票-敦北法人,2024-04-08,0037003700390063
3017,奇鋐,58,18,40,國票-敦北法人,2024-04-08,0037003700390063
2515,中工,54,15,39,國票-敦北法人,2024-04-08,0037003700390063
6188,廣明,45,8,37,國票-敦北法人,2024-04-08,0037003700390063
00919,群益台灣精選高息,38,2,36,國票-敦北法人,2024-04-08,0037003700390063
3013,晟銘電,39,3,36,國票-敦北法人,2024-04-08,0037003700390063
6668,中揚光,43,8,35,國票-敦北法人,2024-04-08,0037003700390063
6449,鈺邦,34,0,34,國票-敦北法人,2024-04-08,0037003700390063
2363,矽統,1899,560,1339,國票-敦北法人,2024-04-09,0037003700390063
2609,陽明,867,5,862,國票-敦北法人,2024-04-09,0037003700390063
00919,群益台灣精選高息,706,0,706,國票-敦北法人,2024-04-09,0037003700390063
3211,順達,637,0,637,國票-敦北法人,2024-04-09,0037003700390063
1608,華榮,562,9,553,國票-敦北法人,2024-04-09,0037003700390063
00929,復華台灣科技優息,529,1,528,國票-敦北法人,2024-04-09,0037003700390063
2884,玉山金,501,0,501,國票-敦北法人,2024-04-09,0037003700390063
2501,國建,560,82,478,國票-敦北法人,2024-04-09,0037003700390063
00900,富邦特選高股息30,500,30,470,國票-敦北法人,2024-04-09,0037003700390063
4533,協易機,432,29,403,國票-敦北法人,2024-04-09,0037003700390063
5443,均豪,421,22,399,國票-敦北法人,2024-04-09,0037003700390063
3715,定穎投控,317,12,305,國票-敦北法人,2024-04-09,0037003700390063
2317,鴻海,458,187,271,國票-敦北法人,2024-04-09,0037003700390063
8033,雷虎,290,37,253,國票-敦北法人,2024-04-09,0037003700390063
5347,世界,263,18,245,國票-敦北法人,2024-04-09,0037003700390063
8155,博智,237,3,234,國票-敦北法人,2024-04-09,0037003700390063
2535,達欣工,172,6,166,國票-敦北法人,2024-04-09,0037003700390063
1604,聲寶,161,0,161,國票-敦北法人,2024-04-09,0037003700390063
2618,長榮航,170,11,159,國票-敦北法人,2024-04-09,0037003700390063
3017,奇鋐,152,8,144,國票-敦北法人,2024-04-09,0037003700390063
2106,建大,180,54,126,國票-敦北法人,2024-04-09,0037003700390063
8112,至上,132,26,106,國票-敦北法人,2024-04-09,0037003700390063
2313,華通,109,6,103,國票-敦北法人,2024-04-09,0037003700390063
2015,豐興,93,0,93,國票-敦北法人,2024-04-09,0037003700390063
2537,聯上發,113,27,86,國票-敦北法人,2024-04-09,0037003700390063
3305,昇貿,83,0,83,國票-敦北法人,2024-04-09,0037003700390063
4714,永捷,77,3,74,國票-敦北法人,2024-04-09,0037003700390063
2330,台積電,87,22,65,國票-敦北法人,2024-04-09,0037003700390063
3312,弘憶股,86,25,61,國票-敦北法人,2024-04-09,0037003700390063
1513,中興電,94,35,59,國票-敦北法人,2024-04-09,0037003700390063
6542,隆中,54,0,54,國票-敦北法人,2024-04-09,0037003700390063
00664R,國泰臺灣加權反1,53,0,53,國票-敦北法人,2024-04-09,0037003700390063
00632R,元大台灣50反1,63,11,52,國票-敦北法人,2024-04-09,0037003700390063
4168,醣聯,53,2,51,國票-敦北法人,2024-04-09,0037003700390063
9955,佳龍,51,0,51,國票-敦北法人,2024-04-09,0037003700390063
2881,富邦金,50,0,50,國票-敦北法人,2024-04-09,0037003700390063
1815,富喬,50,4,46,國票-敦北法人,2024-04-09,0037003700390063
1440,南紡,50,7,43,國票-敦北法人,2024-04-09,0037003700390063
3491,昇達科,39,0,39,國票-敦北法人,2024-04-09,0037003700390063
3037,欣興,39,5,34,國票-敦北法人,2024-04-09,0037003700390063
3624,光頡,31,0,31,國票-敦北法人,2024-04-09,0037003700390063
3019,亞光,31,0,31,國票-敦北法人,2024-04-09,0037003700390063
2809,京城銀,30,0,30,國票-敦北法人,2024-04-09,0037003700390063
3363,上詮,29,3,26,國票-敦北法人,2024-04-09,0037003700390063
5014,建錩,25,0,25,國票-敦北法人,2024-04-09,0037003700390063
9924,福興,21,0,21,國票-敦北法人,2024-04-09,0037003700390063
2356,英業達,21,1,20,國票-敦北法人,2024-04-09,0037003700390063
00733,富邦臺灣中小,20,0,20,國票-敦北法人,2024-04-09,0037003700390063
6216,居易,20,0,20,國票-敦北法人,2024-04-09,0037003700390063
6669,緯穎,19,1,18,國票-敦北法人,2024-04-09,0037003700390063
2363,矽統,2522,379,2143,國票-敦北法人,2024-04-10,0037003700390063
3260,威剛,954,30,924,國票-敦北法人,2024-04-10,0037003700390063
00919,群益台灣精選高息,907,86,821,國票-敦北法人,2024-04-10,0037003700390063
00929,復華台灣科技優息,685,0,685,國票-敦北法人,2024-04-10,0037003700390063
3450,聯鈞,428,23,405,國票-敦北法人,2024-04-10,0037003700390063
2618,長榮航,330,6,324,國票-敦北法人,2024-04-10,0037003700390063
3715,定穎投控,317,13,304,國票-敦北法人,2024-04-10,0037003700390063
3211,順達,256,0,256,國票-敦北法人,2024-04-10,0037003700390063
6213,聯茂,784,588,196,國票-敦北法人,2024-04-10,0037003700390063
2535,達欣工,190,0,190,國票-敦北法人,2024-04-10,0037003700390063
5371,中光電,201,13,188,國票-敦北法人,2024-04-10,0037003700390063
1604,聲寶,173,0,173,國票-敦北法人,2024-04-10,0037003700390063
2515,中工,159,18,141,國票-敦北法人,2024-04-10,0037003700390063
3167,大量,187,66,121,國票-敦北法人,2024-04-10,0037003700390063
9933,中鼎,118,10,108,國票-敦北法人,2024-04-10,0037003700390063
6472,保瑞,113,7,106,國票-敦北法人,2024-04-10,0037003700390063
3707,漢磊,141,39,102,國票-敦北法人,2024-04-10,0037003700390063
2520,冠德,100,0,100,國票-敦北法人,2024-04-10,0037003700390063
2015,豐興,97,0,97,國票-敦北法人,2024-04-10,0037003700390063
00940,元大台灣價值高息,109,14,95,國票-敦北法人,2024-04-10,0037003700390063
4714,永捷,101,6,95,國票-敦北法人,2024-04-10,0037003700390063
3231,緯創,127,67,60,國票-敦北法人,2024-04-10,0037003700390063
2204,中華,55,0,55,國票-敦北法人,2024-04-10,0037003700390063
2049,上銀,50,0,50,國票-敦北法人,2024-04-10,0037003700390063
3017,奇鋐,50,6,44,國票-敦北法人,2024-04-10,0037003700390063
1440,南紡,42,0,42,國票-敦北法人,2024-04-10,0037003700390063
3060,銘異,55,14,41,國票-敦北法人,2024-04-10,0037003700390063
2344,華邦電,52,15,37,國票-敦北法人,2024-04-10,0037003700390063
2356,英業達,38,1,37,國票-敦北法人,2024-04-10,0037003700390063
4128,中天,40,9,31,國票-敦北法人,2024-04-10,0037003700390063
2406,國碩,42,11,31,國票-敦北法人,2024-04-10,0037003700390063
8936,國統,29,5,24,國票-敦北法人,2024-04-10,0037003700390063
2834,臺企銀,33,10,23,國票-敦北法人,2024-04-10,0037003700390063
1524,耿鼎,23,0,23,國票-敦北法人,2024-04-10,0037003700390063
3437,榮創,22,0,22,國票-敦北法人,2024-04-10,0037003700390063
8040,九暘,26,4,22,國票-敦北法人,2024-04-10,0037003700390063
3013,晟銘電,65,43,22,國票-敦北法人,2024-04-10,0037003700390063
00706L,期元大S＆P日圓正2,20,0,20,國票-敦北法人,2024-04-10,0037003700390063
1584,精剛,20,0,20,國票-敦北法人,2024-04-10,0037003700390063
5258,虹堡,20,0,20,國票-敦北法人,2024-04-10,0037003700390063
5009,榮剛,50,30,20,國票-敦北法人,2024-04-10,0037003700390063
1795,美時,20,2,18,國票-敦北法人,2024-04-10,0037003700390063
00941,中信上游半導體,17,0,17,國票-敦北法人,2024-04-10,0037003700390063
6542,隆中,16,0,16,國票-敦北法人,2024-04-10,0037003700390063
2486,一詮,26,10,16,國票-敦北法人,2024-04-10,0037003700390063
2360,致茂,17,1,16,國票-敦北法人,2024-04-10,0037003700390063
8358,金居,16,0,16,國票-敦北法人,2024-04-10,0037003700390063
8070,長華*,15,0,15,國票-敦北法人,2024-04-10,0037003700390063
6223,旺矽,18,4,14,國票-敦北法人,2024-04-10,0037003700390063
4967,十銓,18,5,13,國票-敦北法人,2024-04-10,0037003700390063
5706,鳳凰,809,6,803,國票-敦北法人,2024-04-11,0037003700390063
00929,復華台灣科技優息,742,0,742,國票-敦北法人,2024-04-11,0037003700390063
6290,良維,611,40,571,國票-敦北法人,2024-04-11,0037003700390063
2412,中華電,559,0,559,國票-敦北法人,2024-04-11,0037003700390063
2363,矽統,884,444,440,國票-敦北法人,2024-04-11,0037003700390063
6415,矽力*-KY,443,5,438,國票-敦北法人,2024-04-11,0037003700390063
00919,群益台灣精選高息,402,0,402,國票-敦北法人,2024-04-11,0037003700390063
3312,弘憶股,353,14,339,國票-敦北法人,2024-04-11,0037003700390063
8358,金居,370,33,337,國票-敦北法人,2024-04-11,0037003700390063
2610,華航,351,18,333,國票-敦北法人,2024-04-11,0037003700390063
2383,台光電,302,2,300,國票-敦北法人,2024-04-11,0037003700390063
4967,十銓,289,2,287,國票-敦北法人,2024-04-11,0037003700390063
8210,勤誠,204,5,199,國票-敦北法人,2024-04-11,0037003700390063
3402,漢科,176,3,173,國票-敦北法人,2024-04-11,0037003700390063
3036,文曄,160,20,140,國票-敦北法人,2024-04-11,0037003700390063
1519,華城,140,3,137,國票-敦北法人,2024-04-11,0037003700390063
3037,欣興,131,2,129,國票-敦北法人,2024-04-11,0037003700390063
3014,聯陽,112,0,112,國票-敦北法人,2024-04-11,0037003700390063
5534,長虹,111,0,111,國票-敦北法人,2024-04-11,0037003700390063
6414,樺漢,103,0,103,國票-敦北法人,2024-04-11,0037003700390063
2301,光寶科,101,1,100,國票-敦北法人,2024-04-11,0037003700390063
3703,欣陸,100,1,99,國票-敦北法人,2024-04-11,0037003700390063
00665L,富邦�琤肭磪囓�2,85,0,85,國票-敦北法人,2024-04-11,0037003700390063
2204,中華,74,0,74,國票-敦北法人,2024-04-11,0037003700390063
3034,聯詠,58,0,58,國票-敦北法人,2024-04-11,0037003700390063
00687B,國泰20年美債,57,0,57,國票-敦北法人,2024-04-11,0037003700390063
2371,大同,85,30,55,國票-敦北法人,2024-04-11,0037003700390063
00941,中信上游半導體,72,18,54,國票-敦北法人,2024-04-11,0037003700390063
2330,台積電,58,8,50,國票-敦北法人,2024-04-11,0037003700390063
1440,南紡,50,0,50,國票-敦北法人,2024-04-11,0037003700390063
2206,三陽工業,44,0,44,國票-敦北法人,2024-04-11,0037003700390063
6213,聯茂,41,1,40,國票-敦北法人,2024-04-11,0037003700390063
00720B,元大投資級公司債,35,0,35,國票-敦北法人,2024-04-11,0037003700390063
00940,元大台灣價值高息,35,0,35,國票-敦北法人,2024-04-11,0037003700390063
9924,福興,33,0,33,國票-敦北法人,2024-04-11,0037003700390063
6805,富世達,31,0,31,國票-敦北法人,2024-04-11,0037003700390063
3437,榮創,31,0,31,國票-敦北法人,2024-04-11,0037003700390063
2104,國際中橡,31,0,31,國票-敦北法人,2024-04-11,0037003700390063
2374,佳能,52,22,30,國票-敦北法人,2024-04-11,0037003700390063
5388,中磊,30,1,29,國票-敦北法人,2024-04-11,0037003700390063
8171,天宇,41,13,28,國票-敦北法人,2024-04-11,0037003700390063
8069,元太,35,8,27,國票-敦北法人,2024-04-11,0037003700390063
3019,亞光,31,5,26,國票-敦北法人,2024-04-11,0037003700390063
2465,麗臺,31,6,25,國票-敦北法人,2024-04-11,0037003700390063
2303,聯電,29,9,20,國票-敦北法人,2024-04-11,0037003700390063
5351,鈺創,23,3,20,國票-敦北法人,2024-04-11,0037003700390063
00680L,元大美債20正2,20,0,20,國票-敦北法人,2024-04-11,0037003700390063
1529,樂事綠能,22,2,20,國票-敦北法人,2024-04-11,0037003700390063
1316,上曜,20,0,20,國票-敦北法人,2024-04-11,0037003700390063
2756,聯發國際,20,0,20,國票-敦北法人,2024-04-11,0037003700390063
2890,永豐金,5001,16,4985,國票-敦北法人,2024-04-12,0037003700390063
2363,矽統,2308,649,1659,國票-敦北法人,2024-04-12,0037003700390063
1609,大亞,1088,95,993,國票-敦北法人,2024-04-12,0037003700390063
2374,佳能,914,112,802,國票-敦北法人,2024-04-12,0037003700390063
3036,文曄,517,7,510,國票-敦北法人,2024-04-12,0037003700390063
3060,銘異,432,5,427,國票-敦北法人,2024-04-12,0037003700390063
2371,大同,685,368,317,國票-敦北法人,2024-04-12,0037003700390063
9939,宏全,315,1,314,國票-敦北法人,2024-04-12,0037003700390063
5234,達興材料,304,4,300,國票-敦北法人,2024-04-12,0037003700390063
2610,華航,276,15,261,國票-敦北法人,2024-04-12,0037003700390063
1216,統一,250,7,243,國票-敦北法人,2024-04-12,0037003700390063
00929,復華台灣科技優息,243,5,238,國票-敦北法人,2024-04-12,0037003700390063
6415,矽力*-KY,243,12,231,國票-敦北法人,2024-04-12,0037003700390063
00919,群益台灣精選高息,175,0,175,國票-敦北法人,2024-04-12,0037003700390063
6285,啟��,150,1,149,國票-敦北法人,2024-04-12,0037003700390063
2025,千興,124,0,124,國票-敦北法人,2024-04-12,0037003700390063
6223,旺矽,139,19,120,國票-敦北法人,2024-04-12,0037003700390063
3034,聯詠,126,6,120,國票-敦北法人,2024-04-12,0037003700390063
2388,威盛,130,18,112,國票-敦北法人,2024-04-12,0037003700390063
2377,微星,106,0,106,國票-敦北法人,2024-04-12,0037003700390063
6515,穎崴,106,0,106,國票-敦北法人,2024-04-12,0037003700390063
3260,威剛,100,3,97,國票-敦北法人,2024-04-12,0037003700390063
2101,南港,114,20,94,國票-敦北法人,2024-04-12,0037003700390063
3055,蔚華科,94,1,93,國票-敦北法人,2024-04-12,0037003700390063
2353,宏��,123,37,86,國票-敦北法人,2024-04-12,0037003700390063
1608,華榮,89,14,75,國票-敦北法人,2024-04-12,0037003700390063
6462,神盾,90,16,74,國票-敦北法人,2024-04-12,0037003700390063
2104,國際中橡,67,0,67,國票-敦北法人,2024-04-12,0037003700390063
6284,佳邦,66,5,61,國票-敦北法人,2024-04-12,0037003700390063
2408,南亞科,69,17,52,國票-敦北法人,2024-04-12,0037003700390063
3661,世芯-KY,52,2,50,國票-敦北法人,2024-04-12,0037003700390063
2845,遠東銀,50,0,50,國票-敦北法人,2024-04-12,0037003700390063
9924,福興,50,0,50,國票-敦北法人,2024-04-12,0037003700390063
2912,統一超,150,102,48,國票-敦北法人,2024-04-12,0037003700390063
1503,士電,52,5,47,國票-敦北法人,2024-04-12,0037003700390063
6664,群翊,45,2,43,國票-敦北法人,2024-04-12,0037003700390063
00680L,元大美債20正2,40,0,40,國票-敦北法人,2024-04-12,0037003700390063
3481,群創,38,0,38,國票-敦北法人,2024-04-12,0037003700390063
1440,南紡,35,0,35,國票-敦北法人,2024-04-12,0037003700390063
2360,致茂,33,0,33,國票-敦北法人,2024-04-12,0037003700390063
00671R,富邦NASDAQ反1,30,0,30,國票-敦北法人,2024-04-12,0037003700390063
8024,佑華,30,0,30,國票-敦北法人,2024-04-12,0037003700390063
1316,上曜,30,0,30,國票-敦北法人,2024-04-12,0037003700390063
3533,嘉澤,30,0,30,國票-敦北法人,2024-04-12,0037003700390063
4533,協易機,31,5,26,國票-敦北法人,2024-04-12,0037003700390063
1514,亞力,570,544,26,國票-敦北法人,2024-04-12,0037003700390063
2327,國巨,25,0,25,國票-敦北法人,2024-04-12,0037003700390063
6215,和椿,26,1,25,國票-敦北法人,2024-04-12,0037003700390063
4306,炎洲,24,0,24,國票-敦北法人,2024-04-12,0037003700390063
1513,中興電,221,198,23,國票-敦北法人,2024-04-12,0037003700390063
5009,榮剛,1006,34,972,國票-敦北法人,2024-04-15,0037003700390063
2885,元大金,1000,29,971,國票-敦北法人,2024-04-15,0037003700390063
00715L,期街口布蘭特正2,570,0,570,國票-敦北法人,2024-04-15,0037003700390063
2363,矽統,584,16,568,國票-敦北法人,2024-04-15,0037003700390063
00929,復華台灣科技優息,512,160,352,國票-敦北法人,2024-04-15,0037003700390063
00919,群益台灣精選高息,357,17,340,國票-敦北法人,2024-04-15,0037003700390063
00671R,富邦NASDAQ反1,308,0,308,國票-敦北法人,2024-04-15,0037003700390063
2357,華碩,300,0,300,國票-敦北法人,2024-04-15,0037003700390063
2204,中華,300,0,300,國票-敦北法人,2024-04-15,0037003700390063
3413,京鼎,150,0,150,國票-敦北法人,2024-04-15,0037003700390063
3017,奇鋐,142,13,129,國票-敦北法人,2024-04-15,0037003700390063
8261,富鼎,126,0,126,國票-敦北法人,2024-04-15,0037003700390063
4766,南寶,125,0,125,國票-敦北法人,2024-04-15,0037003700390063
6278,台表科,82,1,81,國票-敦北法人,2024-04-15,0037003700390063
1513,中興電,409,336,73,國票-敦北法人,2024-04-15,0037003700390063
2727,王品,71,0,71,國票-敦北法人,2024-04-15,0037003700390063
5512,力麒,60,0,60,國票-敦北法人,2024-04-15,0037003700390063
8033,雷虎,84,26,58,國票-敦北法人,2024-04-15,0037003700390063
2509,全坤建,50,0,50,國票-敦北法人,2024-04-15,0037003700390063
2408,南亞科,62,20,42,國票-敦北法人,2024-04-15,0037003700390063
2630,亞航,47,8,39,國票-敦北法人,2024-04-15,0037003700390063
4588,玖鼎電力,40,2,38,國票-敦北法人,2024-04-15,0037003700390063
3034,聯詠,34,0,34,國票-敦北法人,2024-04-15,0037003700390063
2883,凱基金,32,0,32,國票-敦北法人,2024-04-15,0037003700390063
4961,天鈺,31,1,30,國票-敦北法人,2024-04-15,0037003700390063
3689,湧德,30,1,29,國票-敦北法人,2024-04-15,0037003700390063
006208,富邦台50,29,2,27,國票-敦北法人,2024-04-15,0037003700390063
1795,美時,27,2,25,國票-敦北法人,2024-04-15,0037003700390063
8404,百和興業-KY,25,0,25,國票-敦北法人,2024-04-15,0037003700390063
2884,玉山金,24,0,24,國票-敦北法人,2024-04-15,0037003700390063
00712,復華富時不動產,24,0,24,國票-敦北法人,2024-04-15,0037003700390063
3010,華立,23,0,23,國票-敦北法人,2024-04-15,0037003700390063
1101,台泥,24,1,23,國票-敦北法人,2024-04-15,0037003700390063
3376,新日興,55,32,23,國票-敦北法人,2024-04-15,0037003700390063
6005,群益證,23,0,23,國票-敦北法人,2024-04-15,0037003700390063
2436,偉詮電,23,0,23,國票-敦北法人,2024-04-15,0037003700390063
8916,光隆,23,0,23,國票-敦北法人,2024-04-15,0037003700390063
2344,華邦電,33,11,22,國票-敦北法人,2024-04-15,0037003700390063
8996,高力,21,0,21,國票-敦北法人,2024-04-15,0037003700390063
1810,和成,37,16,21,國票-敦北法人,2024-04-15,0037003700390063
00891,中信關鍵半導體,21,0,21,國票-敦北法人,2024-04-15,0037003700390063
2009,第一銅,27,7,20,國票-敦北法人,2024-04-15,0037003700390063
1316,上曜,20,0,20,國票-敦北法人,2024-04-15,0037003700390063
00676R,富邦臺灣加權反1,20,0,20,國票-敦北法人,2024-04-15,0037003700390063
2367,燿華,32,12,20,國票-敦北法人,2024-04-15,0037003700390063
0056,元大高股息,20,1,19,國票-敦北法人,2024-04-15,0037003700390063
8121,越峰,17,0,17,國票-敦北法人,2024-04-15,0037003700390063
3481,群創,17,1,16,國票-敦北法人,2024-04-15,0037003700390063
1504,東元,41,25,16,國票-敦北法人,2024-04-15,0037003700390063
9955,佳龍,17,2,15,國票-敦北法人,2024-04-15,0037003700390063
2886,兆豐金,2839,0,2839,國票-敦北法人,2024-04-16,0037003700390063
3045,台灣大,500,0,500,國票-敦北法人,2024-04-16,0037003700390063
00919,群益台灣精選高息,493,3,490,國票-敦北法人,2024-04-16,0037003700390063
00929,復華台灣科技優息,426,36,390,國票-敦北法人,2024-04-16,0037003700390063
6278,台表科,256,1,255,國票-敦北法人,2024-04-16,0037003700390063
8054,安國,233,32,201,國票-敦北法人,2024-04-16,0037003700390063
2834,臺企銀,201,0,201,國票-敦北法人,2024-04-16,0037003700390063
00940,元大台灣價值高息,294,180,114,國票-敦北法人,2024-04-16,0037003700390063
8261,富鼎,112,0,112,國票-敦北法人,2024-04-16,0037003700390063
2377,微星,106,0,106,國票-敦北法人,2024-04-16,0037003700390063
2371,大同,157,55,102,國票-敦北法人,2024-04-16,0037003700390063
3131,弘塑,101,20,81,國票-敦北法人,2024-04-16,0037003700390063
2317,鴻海,109,29,80,國票-敦北法人,2024-04-16,0037003700390063
2344,華邦電,87,20,67,國票-敦北法人,2024-04-16,0037003700390063
2106,建大,65,0,65,國票-敦北法人,2024-04-16,0037003700390063
3024,憶聲,61,0,61,國票-敦北法人,2024-04-16,0037003700390063
2867,三商壽,66,7,59,國票-敦北法人,2024-04-16,0037003700390063
4128,中天,58,0,58,國票-敦北法人,2024-04-16,0037003700390063
1319,東陽,57,0,57,國票-敦北法人,2024-04-16,0037003700390063
4961,天鈺,50,0,50,國票-敦北法人,2024-04-16,0037003700390063
2603,長榮,46,0,46,國票-敦北法人,2024-04-16,0037003700390063
2636,台驊控股,45,0,45,國票-敦北法人,2024-04-16,0037003700390063
2883,凱基金,45,0,45,國票-敦北法人,2024-04-16,0037003700390063
1442,名軒,45,0,45,國票-敦北法人,2024-04-16,0037003700390063
6120,達運,42,0,42,國票-敦北法人,2024-04-16,0037003700390063
00937B,群益ESG投等債20,39,0,39,國票-敦北法人,2024-04-16,0037003700390063
00891,中信關鍵半導體,37,0,37,國票-敦北法人,2024-04-16,0037003700390063
2308,台達電,37,1,36,國票-敦北法人,2024-04-16,0037003700390063
2104,國際中橡,35,0,35,國票-敦北法人,2024-04-16,0037003700390063
2014,中鴻,40,6,34,國票-敦北法人,2024-04-16,0037003700390063
6719,力智,33,2,31,國票-敦北法人,2024-04-16,0037003700390063
3312,弘憶股,32,1,31,國票-敦北法人,2024-04-16,0037003700390063
00676R,富邦臺灣加權反1,30,0,30,國票-敦北法人,2024-04-16,0037003700390063
6026,福邦證,30,0,30,國票-敦北法人,2024-04-16,0037003700390063
2882,國泰金,29,2,27,國票-敦北法人,2024-04-16,0037003700390063
00941,中信上游半導體,41,14,27,國票-敦北法人,2024-04-16,0037003700390063
4105,東洋,27,0,27,國票-敦北法人,2024-04-16,0037003700390063
2363,矽統,38,11,27,國票-敦北法人,2024-04-16,0037003700390063
9924,福興,52,26,26,國票-敦北法人,2024-04-16,0037003700390063
2356,英業達,27,3,24,國票-敦北法人,2024-04-16,0037003700390063
3661,世芯-KY,31,7,24,國票-敦北法人,2024-04-16,0037003700390063
1815,富喬,34,11,23,國票-敦北法人,2024-04-16,0037003700390063
6643,M31,27,4,23,國票-敦北法人,2024-04-16,0037003700390063
0056,元大高股息,27,5,22,國票-敦北法人,2024-04-16,0037003700390063
1785,光洋科,26,4,22,國票-敦北法人,2024-04-16,0037003700390063
2836,高雄銀,22,0,22,國票-敦北法人,2024-04-16,0037003700390063
2501,國建,24,3,21,國票-敦北法人,2024-04-16,0037003700390063
8112,至上,25,4,21,國票-敦北法人,2024-04-16,0037003700390063
2438,翔耀,20,0,20,國票-敦北法人,2024-04-16,0037003700390063
6164,華興,20,0,20,國票-敦北法人,2024-04-16,0037003700390063
2303,聯電,2320,13,2307,國票-敦北法人,2024-04-17,0037003700390063
2353,宏��,2182,4,2178,國票-敦北法人,2024-04-17,0037003700390063
1609,大亞,1918,33,1885,國票-敦北法人,2024-04-17,0037003700390063
2337,旺宏,1697,0,1697,國票-敦北法人,2024-04-17,0037003700390063
2352,佳世達,1408,1,1407,國票-敦北法人,2024-04-17,0037003700390063
1608,華榮,851,17,834,國票-敦北法人,2024-04-17,0037003700390063
3702,大聯大,600,0,600,國票-敦北法人,2024-04-17,0037003700390063
2449,京元電子,501,0,501,國票-敦北法人,2024-04-17,0037003700390063
2347,聯強,501,0,501,國票-敦北法人,2024-04-17,0037003700390063
3711,日月光投控,409,2,407,國票-敦北法人,2024-04-17,0037003700390063
4938,和碩,405,1,404,國票-敦北法人,2024-04-17,0037003700390063
2313,華通,400,0,400,國票-敦北法人,2024-04-17,0037003700390063
2317,鴻海,360,32,328,國票-敦北法人,2024-04-17,0037003700390063
4958,臻鼎-KY,301,3,298,國票-敦北法人,2024-04-17,0037003700390063
1513,中興電,395,108,287,國票-敦北法人,2024-04-17,0037003700390063
3036,文曄,241,8,233,國票-敦北法人,2024-04-17,0037003700390063
2374,佳能,260,31,229,國票-敦北法人,2024-04-17,0037003700390063
5425,台半,200,0,200,國票-敦北法人,2024-04-17,0037003700390063
3034,聯詠,160,0,160,國票-敦北法人,2024-04-17,0037003700390063
1617,榮星,401,244,157,國票-敦北法人,2024-04-17,0037003700390063
2501,國建,176,28,148,國票-敦北法人,2024-04-17,0037003700390063
2301,光寶科,147,4,143,國票-敦北法人,2024-04-17,0037003700390063
8054,安國,453,323,130,國票-敦北法人,2024-04-17,0037003700390063
1503,士電,129,10,119,國票-敦北法人,2024-04-17,0037003700390063
6223,旺矽,114,1,113,國票-敦北法人,2024-04-17,0037003700390063
1605,華新,135,30,105,國票-敦北法人,2024-04-17,0037003700390063
6414,樺漢,100,0,100,國票-敦北法人,2024-04-17,0037003700390063
00939,統一台灣高息動能,106,10,96,國票-敦北法人,2024-04-17,0037003700390063
2330,台積電,99,7,92,國票-敦北法人,2024-04-17,0037003700390063
00929,復華台灣科技優息,217,136,81,國票-敦北法人,2024-04-17,0037003700390063
1519,華城,87,8,79,國票-敦北法人,2024-04-17,0037003700390063
8040,九暘,67,0,67,國票-敦北法人,2024-04-17,0037003700390063
3231,緯創,97,31,66,國票-敦北法人,2024-04-17,0037003700390063
2884,玉山金,156,101,55,國票-敦北法人,2024-04-17,0037003700390063
3675,德微,55,3,52,國票-敦北法人,2024-04-17,0037003700390063
00933B,國泰10Y+金融債,52,0,52,國票-敦北法人,2024-04-17,0037003700390063
2883,凱基金,52,0,52,國票-敦北法人,2024-04-17,0037003700390063
2891,中信金,51,0,51,國票-敦北法人,2024-04-17,0037003700390063
2106,建大,50,0,50,國票-敦北法人,2024-04-17,0037003700390063
6274,台燿,58,10,48,國票-敦北法人,2024-04-17,0037003700390063
3680,家登,48,0,48,國票-敦北法人,2024-04-17,0037003700390063
2885,元大金,48,0,48,國票-敦北法人,2024-04-17,0037003700390063
3413,京鼎,40,0,40,國票-敦北法人,2024-04-17,0037003700390063
2880,華南金,38,0,38,國票-敦北法人,2024-04-17,0037003700390063
2344,華邦電,50,12,38,國票-敦北法人,2024-04-17,0037003700390063
00919,群益台灣精選高息,35,0,35,國票-敦北法人,2024-04-17,0037003700390063
2890,永豐金,34,0,34,國票-敦北法人,2024-04-17,0037003700390063
2886,兆豐金,33,0,33,國票-敦北法人,2024-04-17,0037003700390063
2104,國際中橡,31,0,31,國票-敦北法人,2024-04-17,0037003700390063
2002,中鋼,70,39,31,國票-敦北法人,2024-04-17,0037003700390063
2511,太子,560,10,550,國票-敦北法人,2024-04-18,0037003700390063
1519,華城,267,40,227,國票-敦北法人,2024-04-18,0037003700390063
9921,巨大,209,0,209,國票-敦北法人,2024-04-18,0037003700390063
2457,飛宏,202,4,198,國票-敦北法人,2024-04-18,0037003700390063
8054,安國,440,244,196,國票-敦北法人,2024-04-18,0037003700390063
2323,中環,172,3,169,國票-敦北法人,2024-04-18,0037003700390063
2880,華南金,166,0,166,國票-敦北法人,2024-04-18,0037003700390063
2027,大成鋼,174,25,149,國票-敦北法人,2024-04-18,0037003700390063
2303,聯電,161,30,131,國票-敦北法人,2024-04-18,0037003700390063
2206,三陽工業,127,0,127,國票-敦北法人,2024-04-18,0037003700390063
3596,智易,111,0,111,國票-敦北法人,2024-04-18,0037003700390063
6274,台燿,113,13,100,國票-敦北法人,2024-04-18,0037003700390063
1605,華新,106,23,83,國票-敦北法人,2024-04-18,0037003700390063
3413,京鼎,71,0,71,國票-敦北法人,2024-04-18,0037003700390063
00632R,元大台灣50反1,70,0,70,國票-敦北法人,2024-04-18,0037003700390063
1321,大洋,65,0,65,國票-敦北法人,2024-04-18,0037003700390063
1101,台泥,65,1,64,國票-敦北法人,2024-04-18,0037003700390063
1442,名軒,58,1,57,國票-敦北法人,2024-04-18,0037003700390063
8936,國統,82,26,56,國票-敦北法人,2024-04-18,0037003700390063
2106,建大,54,0,54,國票-敦北法人,2024-04-18,0037003700390063
4303,信立,52,0,52,國票-敦北法人,2024-04-18,0037003700390063
00676R,富邦臺灣加權反1,50,0,50,國票-敦北法人,2024-04-18,0037003700390063
2104,國際中橡,50,0,50,國票-敦北法人,2024-04-18,0037003700390063
2006,東和鋼鐵,115,66,49,國票-敦北法人,2024-04-18,0037003700390063
3338,泰碩,50,2,48,國票-敦北法人,2024-04-18,0037003700390063
6223,旺矽,64,17,47,國票-敦北法人,2024-04-18,0037003700390063
2101,南港,60,21,39,國票-敦北法人,2024-04-18,0037003700390063
2204,中華,90,51,39,國票-敦北法人,2024-04-18,0037003700390063
2345,智邦,39,2,37,國票-敦北法人,2024-04-18,0037003700390063
3122,笙泉,37,0,37,國票-敦北法人,2024-04-18,0037003700390063
2020,美亞,37,0,37,國票-敦北法人,2024-04-18,0037003700390063
3703,欣陸,42,6,36,國票-敦北法人,2024-04-18,0037003700390063
4770,上品,62,25,37,國票-敦北法人,2024-04-18,0037003700390063
00671R,富邦NASDAQ反1,36,0,36,國票-敦北法人,2024-04-18,0037003700390063
3045,台灣大,36,0,36,國票-敦北法人,2024-04-18,0037003700390063
8996,高力,36,1,35,國票-敦北法人,2024-04-18,0037003700390063
2420,新巨,33,0,33,國票-敦北法人,2024-04-18,0037003700390063
1795,美時,31,1,30,國票-敦北法人,2024-04-18,0037003700390063
2547,日勝生,32,2,30,國票-敦北法人,2024-04-18,0037003700390063
2514,龍邦,30,1,29,國票-敦北法人,2024-04-18,0037003700390063
2316,楠梓電,29,0,29,國票-敦北法人,2024-04-18,0037003700390063
3052,夆典,26,0,26,國票-敦北法人,2024-04-18,0037003700390063
3036,文曄,72,47,25,國票-敦北法人,2024-04-18,0037003700390063
3015,全漢,24,1,23,國票-敦北法人,2024-04-18,0037003700390063
1587,吉茂,26,4,22,國票-敦北法人,2024-04-18,0037003700390063
3005,神基,23,2,21,國票-敦北法人,2024-04-18,0037003700390063
00680L,元大美債20正2,20,0,20,國票-敦北法人,2024-04-18,0037003700390063
4127,天良,20,0,20,國票-敦北法人,2024-04-18,0037003700390063
6016,康和證,20,0,20,國票-敦北法人,2024-04-18,0037003700390063
00688L,國泰20年美債正2,20,0,20,國票-敦北法人,2024-04-18,0037003700390063
2891,中信金,3013,390,2623,國票-敦北法人,2024-04-19,0037003700390063
2347,聯強,1800,1,1799,國票-敦北法人,2024-04-19,0037003700390063
4958,臻鼎-KY,1100,0,1100,國票-敦北法人,2024-04-19,0037003700390063
5512,力麒,1125,32,1093,國票-敦北法人,2024-04-19,0037003700390063
2885,元大金,1000,0,1000,國票-敦北法人,2024-04-19,0037003700390063
2337,旺宏,861,0,861,國票-敦北法人,2024-04-19,0037003700390063
3702,大聯大,785,2,783,國票-敦北法人,2024-04-19,0037003700390063
2330,台積電,554,88,466,國票-敦北法人,2024-04-19,0037003700390063
2474,可成,450,0,450,國票-敦北法人,2024-04-19,0037003700390063
2353,宏��,445,4,441,國票-敦北法人,2024-04-19,0037003700390063
2412,中華電,411,0,411,國票-敦北法人,2024-04-19,0037003700390063
2605,新興,429,26,403,國票-敦北法人,2024-04-19,0037003700390063
00713,元大台灣高息低波,402,0,402,國票-敦北法人,2024-04-19,0037003700390063
5469,瀚宇博,372,0,372,國票-敦北法人,2024-04-19,0037003700390063
5371,中光電,345,3,342,國票-敦北法人,2024-04-19,0037003700390063
8112,至上,303,0,303,國票-敦北法人,2024-04-19,0037003700390063
3264,欣銓,302,0,302,國票-敦北法人,2024-04-19,0037003700390063
6191,精成科,300,0,300,國票-敦北法人,2024-04-19,0037003700390063
3034,聯詠,295,1,294,國票-敦北法人,2024-04-19,0037003700390063
1618,合機,268,5,263,國票-敦北法人,2024-04-19,0037003700390063
1216,統一,250,0,250,國票-敦北法人,2024-04-19,0037003700390063
5230,雷笛克光學,320,74,246,國票-敦北法人,2024-04-19,0037003700390063
00919,群益台灣精選高息,240,11,229,國票-敦北法人,2024-04-19,0037003700390063
2357,華碩,235,9,226,國票-敦北法人,2024-04-19,0037003700390063
00929,復華台灣科技優息,281,60,221,國票-敦北法人,2024-04-19,0037003700390063
9910,豐泰,200,0,200,國票-敦北法人,2024-04-19,0037003700390063
2609,陽明,223,29,194,國票-敦北法人,2024-04-19,0037003700390063
2881,富邦金,175,0,175,國票-敦北法人,2024-04-19,0037003700390063
1513,中興電,175,26,149,國票-敦北法人,2024-04-19,0037003700390063
5251,天鉞電,160,15,145,國票-敦北法人,2024-04-19,0037003700390063
2104,國際中橡,126,0,126,國票-敦北法人,2024-04-19,0037003700390063
2834,臺企銀,131,6,125,國票-敦北法人,2024-04-19,0037003700390063
6239,力成,122,1,121,國票-敦北法人,2024-04-19,0037003700390063
2404,漢唐,115,0,115,國票-敦北法人,2024-04-19,0037003700390063
2371,大同,292,177,115,國票-敦北法人,2024-04-19,0037003700390063
3706,神達,107,0,107,國票-敦北法人,2024-04-19,0037003700390063
3653,健策,107,0,107,國票-敦北法人,2024-04-19,0037003700390063
2427,三商電,115,8,107,國票-敦北法人,2024-04-19,0037003700390063
2408,南亞科,105,1,104,國票-敦北法人,2024-04-19,0037003700390063
2377,微星,101,0,101,國票-敦北法人,2024-04-19,0037003700390063
4919,新唐,101,0,101,國票-敦北法人,2024-04-19,0037003700390063
5483,中美晶,100,0,100,國票-敦北法人,2024-04-19,0037003700390063
3413,京鼎,100,1,99,國票-敦北法人,2024-04-19,0037003700390063
2603,長榮,153,61,92,國票-敦北法人,2024-04-19,0037003700390063
2368,金像電,87,1,86,國票-敦北法人,2024-04-19,0037003700390063
3014,聯陽,84,0,84,國票-敦北法人,2024-04-19,0037003700390063
8054,安國,320,248,72,國票-敦北法人,2024-04-19,0037003700390063
00941,中信上游半導體,79,7,72,國票-敦北法人,2024-04-19,0037003700390063
6143,振曜,122,50,72,國票-敦北法人,2024-04-19,0037003700390063
2395,研華,67,0,67,國票-敦北法人,2024-04-19,0037003700390063
2609,陽明,823,7,816,國票-敦北法人,2024-04-22,0037003700390063
6138,茂達,750,0,750,國票-敦北法人,2024-04-22,0037003700390063
2511,太子,833,253,580,國票-敦北法人,2024-04-22,0037003700390063
8299,群聯,203,3,200,國票-敦北法人,2024-04-22,0037003700390063
1810,和成,156,1,155,國票-敦北法人,2024-04-22,0037003700390063
2317,鴻海,163,9,154,國票-敦北法人,2024-04-22,0037003700390063
00929,復華台灣科技優息,170,24,146,國票-敦北法人,2024-04-22,0037003700390063
2548,華固,130,7,123,國票-敦北法人,2024-04-22,0037003700390063
6271,同欣電,103,0,103,國票-敦北法人,2024-04-22,0037003700390063
9914,美利達,100,0,100,國票-敦北法人,2024-04-22,0037003700390063
6462,神盾,100,0,100,國票-敦北法人,2024-04-22,0037003700390063
1503,士電,360,261,99,國票-敦北法人,2024-04-22,0037003700390063
0056,元大高股息,76,4,72,國票-敦北法人,2024-04-22,0037003700390063
00662,富邦NASDAQ,71,0,71,國票-敦北法人,2024-04-22,0037003700390063
9939,宏全,71,0,71,國票-敦北法人,2024-04-22,0037003700390063
2371,大同,1625,1559,66,國票-敦北法人,2024-04-22,0037003700390063
4909,新復興,62,0,62,國票-敦北法人,2024-04-22,0037003700390063
8064,東捷,52,2,50,國票-敦北法人,2024-04-22,0037003700390063
2383,台光電,53,4,49,國票-敦北法人,2024-04-22,0037003700390063
8261,富鼎,43,0,43,國票-敦北法人,2024-04-22,0037003700390063
1808,潤隆,54,11,43,國票-敦北法人,2024-04-22,0037003700390063
2535,達欣工,46,6,40,國票-敦北法人,2024-04-22,0037003700390063
2520,冠德,60,21,39,國票-敦北法人,2024-04-22,0037003700390063
2308,台達電,41,3,38,國票-敦北法人,2024-04-22,0037003700390063
1609,大亞,125,87,38,國票-敦北法人,2024-04-22,0037003700390063
1736,喬山,37,0,37,國票-敦北法人,2024-04-22,0037003700390063
2101,南港,61,25,36,國票-敦北法人,2024-04-22,0037003700390063
1519,華城,48,12,36,國票-敦北法人,2024-04-22,0037003700390063
2454,聯發科,32,1,31,國票-敦北法人,2024-04-22,0037003700390063
2303,聯電,53,22,31,國票-敦北法人,2024-04-22,0037003700390063
00940,元大台灣價值高息,56,26,30,國票-敦北法人,2024-04-22,0037003700390063
00939,統一台灣高息動能,30,0,30,國票-敦北法人,2024-04-22,0037003700390063
2104,國際中橡,30,0,30,國票-敦北法人,2024-04-22,0037003700390063
9940,信義,30,0,30,國票-敦北法人,2024-04-22,0037003700390063
2506,太設,30,0,30,國票-敦北法人,2024-04-22,0037003700390063
00891,中信關鍵半導體,36,8,28,國票-敦北法人,2024-04-22,0037003700390063
2330,台積電,81,53,28,國票-敦北法人,2024-04-22,0037003700390063
3466,德晉,26,0,26,國票-敦北法人,2024-04-22,0037003700390063
3686,達能,23,0,23,國票-敦北法人,2024-04-22,0037003700390063
1409,新纖,30,7,23,國票-敦北法人,2024-04-22,0037003700390063
1815,富喬,30,8,22,國票-敦北法人,2024-04-22,0037003700390063
00688L,國泰20年美債正2,21,0,21,國票-敦北法人,2024-04-22,0037003700390063
2312,金寶,20,0,20,國票-敦北法人,2024-04-22,0037003700390063
2634,漢翔,51,31,20,國票-敦北法人,2024-04-22,0037003700390063
00632R,元大台灣50反1,20,0,20,國票-敦北法人,2024-04-22,0037003700390063
6223,旺矽,25,6,19,國票-敦北法人,2024-04-22,0037003700390063
00680L,元大美債20正2,15,0,15,國票-敦北法人,2024-04-22,0037003700390063
1102,亞泥,25,10,15,國票-敦北法人,2024-04-22,0037003700390063
1436,華友聯,15,0,15,國票-敦北法人,2024-04-22,0037003700390063
2356,英業達,14,0,14,國票-敦北法人,2024-04-22,0037003700390063
2618,長榮航,4385,608,3777,國票-敦北法人,2024-04-23,0037003700390063
1216,統一,611,1,610,國票-敦北法人,2024-04-23,0037003700390063
3045,台灣大,500,0,500,國票-敦北法人,2024-04-23,0037003700390063
2363,矽統,470,20,450,國票-敦北法人,2024-04-23,0037003700390063
2412,中華電,260,0,260,國票-敦北法人,2024-04-23,0037003700390063
2368,金像電,181,37,144,國票-敦北法人,2024-04-23,0037003700390063
6192,巨路,132,0,132,國票-敦北法人,2024-04-23,0037003700390063
2371,大同,367,239,128,國票-敦北法人,2024-04-23,0037003700390063
2324,仁寶,102,0,102,國票-敦北法人,2024-04-23,0037003700390063
3005,神基,101,0,101,國票-敦北法人,2024-04-23,0037003700390063
3036,文曄,100,0,100,國票-敦北法人,2024-04-23,0037003700390063
4961,天鈺,88,2,86,國票-敦北法人,2024-04-23,0037003700390063
2530,華建,75,0,75,國票-敦北法人,2024-04-23,0037003700390063
1808,潤隆,71,3,68,國票-敦北法人,2024-04-23,0037003700390063
3044,健鼎,59,6,53,國票-敦北法人,2024-04-23,0037003700390063
2206,三陽工業,64,11,53,國票-敦北法人,2024-04-23,0037003700390063
3376,新日興,52,0,52,國票-敦北法人,2024-04-23,0037003700390063
6668,中揚光,55,5,50,國票-敦北法人,2024-04-23,0037003700390063
8446,華研,50,0,50,國票-敦北法人,2024-04-23,0037003700390063
3563,牧德,50,0,50,國票-敦北法人,2024-04-23,0037003700390063
1316,上曜,48,0,48,國票-敦北法人,2024-04-23,0037003700390063
6271,同欣電,45,0,45,國票-敦北法人,2024-04-23,0037003700390063
2317,鴻海,165,121,44,國票-敦北法人,2024-04-23,0037003700390063
5521,工信,40,0,40,國票-敦北法人,2024-04-23,0037003700390063
1321,大洋,76,37,39,國票-敦北法人,2024-04-23,0037003700390063
2537,聯上發,40,1,39,國票-敦北法人,2024-04-23,0037003700390063
6491,晶碩,50,11,39,國票-敦北法人,2024-04-23,0037003700390063
1905,華紙,40,2,38,國票-敦北法人,2024-04-23,0037003700390063
00940,元大台灣價值高息,37,1,36,國票-敦北法人,2024-04-23,0037003700390063
00900,富邦特選高股息30,36,0,36,國票-敦北法人,2024-04-23,0037003700390063
2408,南亞科,31,0,31,國票-敦北法人,2024-04-23,0037003700390063
2383,台光電,34,3,31,國票-敦北法人,2024-04-23,0037003700390063
2312,金寶,30,0,30,國票-敦北法人,2024-04-23,0037003700390063
3321,同泰,30,0,30,國票-敦北法人,2024-04-23,0037003700390063
2002,中鋼,34,4,30,國票-敦北法人,2024-04-23,0037003700390063
0056,元大高股息,31,2,29,國票-敦北法人,2024-04-23,0037003700390063
3312,弘憶股,54,25,29,國票-敦北法人,2024-04-23,0037003700390063
1414,東和,36,7,29,國票-敦北法人,2024-04-23,0037003700390063
3686,達能,48,23,25,國票-敦北法人,2024-04-23,0037003700390063
5234,達興材料,25,0,25,國票-敦北法人,2024-04-23,0037003700390063
3466,德晉,25,0,25,國票-敦北法人,2024-04-23,0037003700390063
2603,長榮,75,51,24,國票-敦北法人,2024-04-23,0037003700390063
6125,廣運,63,40,23,國票-敦北法人,2024-04-23,0037003700390063
2367,燿華,25,3,22,國票-敦北法人,2024-04-23,0037003700390063
3231,緯創,29,7,22,國票-敦北法人,2024-04-23,0037003700390063
8040,九暘,20,0,20,國票-敦北法人,2024-04-23,0037003700390063
00941,中信上游半導體,20,1,19,國票-敦北法人,2024-04-23,0037003700390063
6550,北極星藥業-KY,19,0,19,國票-敦北法人,2024-04-23,0037003700390063
00632R,元大台灣50反1,18,0,18,國票-敦北法人,2024-04-23,0037003700390063
2338,光罩,18,0,18,國票-敦北法人,2024-04-23,0037003700390063
00929,復華台灣科技優息,1136,3,1133,國票-敦北法人,2024-04-24,0037003700390063
2317,鴻海,1250,138,1112,國票-敦北法人,2024-04-24,0037003700390063
6285,啟��,956,4,952,國票-敦北法人,2024-04-24,0037003700390063
9939,宏全,758,0,758,國票-敦北法人,2024-04-24,0037003700390063
2610,華航,656,19,637,國票-敦北法人,2024-04-24,0037003700390063
6548,長科*,414,0,414,國票-敦北法人,2024-04-24,0037003700390063
00919,群益台灣精選高息,432,52,380,國票-敦北法人,2024-04-24,0037003700390063
5230,雷笛克光學,362,0,362,國票-敦北法人,2024-04-24,0037003700390063
2885,元大金,300,0,300,國票-敦北法人,2024-04-24,0037003700390063
8454,富邦媒,296,1,295,國票-敦北法人,2024-04-24,0037003700390063
5522,遠雄,165,2,163,國票-敦北法人,2024-04-24,0037003700390063
6223,旺矽,154,12,142,國票-敦北法人,2024-04-24,0037003700390063
6192,巨路,136,0,136,國票-敦北法人,2024-04-24,0037003700390063
8358,金居,124,2,122,國票-敦北法人,2024-04-24,0037003700390063
2383,台光電,119,1,118,國票-敦北法人,2024-04-24,0037003700390063
2324,仁寶,112,0,112,國票-敦北法人,2024-04-24,0037003700390063
8040,九暘,110,0,110,國票-敦北法人,2024-04-24,0037003700390063
3376,新日興,100,0,100,國票-敦北法人,2024-04-24,0037003700390063
5876,上海商銀,100,0,100,國票-敦北法人,2024-04-24,0037003700390063
5234,達興材料,96,0,96,國票-敦北法人,2024-04-24,0037003700390063
2408,南亞科,104,13,91,國票-敦北法人,2024-04-24,0037003700390063
1809,中釉,91,1,90,國票-敦北法人,2024-04-24,0037003700390063
3037,欣興,94,9,85,國票-敦北法人,2024-04-24,0037003700390063
2368,金像電,80,0,80,國票-敦北法人,2024-04-24,0037003700390063
2603,長榮,97,19,78,國票-敦北法人,2024-04-24,0037003700390063
2731,雄獅,75,3,72,國票-敦北法人,2024-04-24,0037003700390063
00940,元大台灣價值高息,116,53,63,國票-敦北法人,2024-04-24,0037003700390063
00632R,元大台灣50反1,63,0,63,國票-敦北法人,2024-04-24,0037003700390063
6526,達發,60,0,60,國票-敦北法人,2024-04-24,0037003700390063
2412,中華電,60,0,60,國票-敦北法人,2024-04-24,0037003700390063
3036,文曄,71,11,60,國票-敦北法人,2024-04-24,0037003700390063
1795,美時,62,3,59,國票-敦北法人,2024-04-24,0037003700390063
3466,德晉,56,0,56,國票-敦北法人,2024-04-24,0037003700390063
8210,勤誠,56,4,52,國票-敦北法人,2024-04-24,0037003700390063
2881,富邦金,52,0,52,國票-敦北法人,2024-04-24,0037003700390063
6451,訊芯-KY,51,0,51,國票-敦北法人,2024-04-24,0037003700390063
3034,聯詠,50,0,50,國票-敦北法人,2024-04-24,0037003700390063
9940,信義,50,0,50,國票-敦北法人,2024-04-24,0037003700390063
00939,統一台灣高息動能,49,1,48,國票-敦北法人,2024-04-24,0037003700390063
3563,牧德,60,14,46,國票-敦北法人,2024-04-24,0037003700390063
8069,元太,46,0,46,國票-敦北法人,2024-04-24,0037003700390063
2101,南港,66,21,45,國票-敦北法人,2024-04-24,0037003700390063
2886,兆豐金,45,0,45,國票-敦北法人,2024-04-24,0037003700390063
3481,群創,42,0,42,國票-敦北法人,2024-04-24,0037003700390063
8996,高力,47,6,41,國票-敦北法人,2024-04-24,0037003700390063
2025,千興,40,0,40,國票-敦北法人,2024-04-24,0037003700390063
6274,台燿,93,53,40,國票-敦北法人,2024-04-24,0037003700390063
2515,中工,51,13,38,國票-敦北法人,2024-04-24,0037003700390063
2912,統一超,37,0,37,國票-敦北法人,2024-04-24,0037003700390063
3017,奇鋐,38,3,35,國票-敦北法人,2024-04-24,0037003700390063
1440,南紡,954,223,731,國票-敦北法人,2024-04-25,0037003700390063
2206,三陽工業,447,52,395,國票-敦北法人,2024-04-25,0037003700390063
2885,元大金,353,0,353,國票-敦北法人,2024-04-25,0037003700390063
1216,統一,318,0,318,國票-敦北法人,2024-04-25,0037003700390063
2486,一詮,257,53,204,國票-敦北法人,2024-04-25,0037003700390063
3231,緯創,183,4,179,國票-敦北法人,2024-04-25,0037003700390063
2536,宏普,185,10,175,國票-敦北法人,2024-04-25,0037003700390063
3711,日月光投控,164,20,144,國票-敦北法人,2024-04-25,0037003700390063
1795,美時,143,4,139,國票-敦北法人,2024-04-25,0037003700390063
3376,新日興,133,1,132,國票-敦北法人,2024-04-25,0037003700390063
1725,元禎,124,0,124,國票-敦北法人,2024-04-25,0037003700390063
5522,遠雄,152,33,119,國票-敦北法人,2024-04-25,0037003700390063
2330,台積電,120,2,118,國票-敦北法人,2024-04-25,0037003700390063
5876,上海商銀,115,0,115,國票-敦北法人,2024-04-25,0037003700390063
6425,易發,105,9,96,國票-敦北法人,2024-04-25,0037003700390063
2618,長榮航,174,78,96,國票-敦北法人,2024-04-25,0037003700390063
2867,三商壽,88,0,88,國票-敦北法人,2024-04-25,0037003700390063
2881,富邦金,88,0,88,國票-敦北法人,2024-04-25,0037003700390063
6230,尼得科超眾,85,1,84,國票-敦北法人,2024-04-25,0037003700390063
2891,中信金,72,0,72,國票-敦北法人,2024-04-25,0037003700390063
2883,凱基金,70,0,70,國票-敦北法人,2024-04-25,0037003700390063
2834,臺企銀,98,31,67,國票-敦北法人,2024-04-25,0037003700390063
2241,艾姆勒,61,0,61,國票-敦北法人,2024-04-25,0037003700390063
2884,玉山金,57,0,57,國票-敦北法人,2024-04-25,0037003700390063
2412,中華電,55,0,55,國票-敦北法人,2024-04-25,0037003700390063
3312,弘憶股,55,2,53,國票-敦北法人,2024-04-25,0037003700390063
6451,訊芯-KY,67,14,53,國票-敦北法人,2024-04-25,0037003700390063
2303,聯電,63,12,51,國票-敦北法人,2024-04-25,0037003700390063
2020,美亞,50,0,50,國票-敦北法人,2024-04-25,0037003700390063
1736,喬山,52,2,50,國票-敦北法人,2024-04-25,0037003700390063
3036,文曄,51,1,50,國票-敦北法人,2024-04-25,0037003700390063
9940,信義,50,0,50,國票-敦北法人,2024-04-25,0037003700390063
6239,力成,53,5,48,國票-敦北法人,2024-04-25,0037003700390063
8069,元太,50,2,48,國票-敦北法人,2024-04-25,0037003700390063
2002,中鋼,47,0,47,國票-敦北法人,2024-04-25,0037003700390063
2887,台新金,47,0,47,國票-敦北法人,2024-04-25,0037003700390063
2890,永豐金,46,0,46,國票-敦北法人,2024-04-25,0037003700390063
2886,兆豐金,45,0,45,國票-敦北法人,2024-04-25,0037003700390063
00939,統一台灣高息動能,50,5,45,國票-敦北法人,2024-04-25,0037003700390063
6491,晶碩,58,15,43,國票-敦北法人,2024-04-25,0037003700390063
8261,富鼎,43,0,43,國票-敦北法人,2024-04-25,0037003700390063
2880,華南金,42,0,42,國票-敦北法人,2024-04-25,0037003700390063
1477,聚陽,50,8,42,國票-敦北法人,2024-04-25,0037003700390063
6207,雷科,49,8,41,國票-敦北法人,2024-04-25,0037003700390063
5880,合庫金,41,0,41,國票-敦北法人,2024-04-25,0037003700390063
2892,第一金,41,0,41,國票-敦北法人,2024-04-25,0037003700390063
2208,台船,40,0,40,國票-敦北法人,2024-04-25,0037003700390063
2101,南港,49,10,39,國票-敦北法人,2024-04-25,0037003700390063
2359,所羅門,54,15,39,國票-敦北法人,2024-04-25,0037003700390063
6143,振曜,62,24,38,國票-敦北法人,2024-04-25,0037003700390063
2609,陽明,4050,874,3176,國票-敦北法人,2024-04-26,0037003700390063
2886,兆豐金,3000,0,3000,國票-敦北法人,2024-04-26,0037003700390063
2618,長榮航,3444,497,2947,國票-敦北法人,2024-04-26,0037003700390063
6449,鈺邦,507,5,502,國票-敦北法人,2024-04-26,0037003700390063
5531,鄉林,404,0,404,國票-敦北法人,2024-04-26,0037003700390063
6215,和椿,299,1,298,國票-敦北法人,2024-04-26,0037003700390063
3363,上詮,384,106,278,國票-敦北法人,2024-04-26,0037003700390063
1587,吉茂,261,9,252,國票-敦北法人,2024-04-26,0037003700390063
6451,訊芯-KY,239,13,226,國票-敦北法人,2024-04-26,0037003700390063
5371,中光電,317,162,155,國票-敦北法人,2024-04-26,0037003700390063
2323,中環,176,54,122,國票-敦北法人,2024-04-26,0037003700390063
2881,富邦金,120,1,119,國票-敦北法人,2024-04-26,0037003700390063
6425,易發,118,15,103,國票-敦北法人,2024-04-26,0037003700390063
3466,德晉,301,200,101,國票-敦北法人,2024-04-26,0037003700390063
2377,微星,100,0,100,國票-敦北法人,2024-04-26,0037003700390063
2884,玉山金,100,0,100,國票-敦北法人,2024-04-26,0037003700390063
2211,長榮鋼,100,0,100,國票-敦北法人,2024-04-26,0037003700390063
8150,南茂,100,0,100,國票-敦北法人,2024-04-26,0037003700390063
5876,上海商銀,100,0,100,國票-敦北法人,2024-04-26,0037003700390063
2486,一詮,177,81,96,國票-敦北法人,2024-04-26,0037003700390063
3324,雙鴻,111,21,90,國票-敦北法人,2024-04-26,0037003700390063
6146,耕興,80,0,80,國票-敦北法人,2024-04-26,0037003700390063
5706,鳳凰,80,0,80,國票-敦北法人,2024-04-26,0037003700390063
6415,矽力*-KY,120,40,80,國票-敦北法人,2024-04-26,0037003700390063
3711,日月光投控,77,0,77,國票-敦北法人,2024-04-26,0037003700390063
3661,世芯-KY,76,4,72,國票-敦北法人,2024-04-26,0037003700390063
2317,鴻海,520,449,71,國票-敦北法人,2024-04-26,0037003700390063
2208,台船,60,0,60,國票-敦北法人,2024-04-26,0037003700390063
2885,元大金,1061,1005,56,國票-敦北法人,2024-04-26,0037003700390063
2611,志信,56,1,55,國票-敦北法人,2024-04-26,0037003700390063
2351,順德,51,0,51,國票-敦北法人,2024-04-26,0037003700390063
3443,創意,57,6,51,國票-敦北法人,2024-04-26,0037003700390063
3042,晶技,50,0,50,國票-敦北法人,2024-04-26,0037003700390063
9940,信義,50,0,50,國票-敦北法人,2024-04-26,0037003700390063
2049,上銀,50,0,50,國票-敦北法人,2024-04-26,0037003700390063
2506,太設,50,1,49,國票-敦北法人,2024-04-26,0037003700390063
00888,永豐台灣ESG,43,0,43,國票-敦北法人,2024-04-26,0037003700390063
00891,中信關鍵半導體,41,0,41,國票-敦北法人,2024-04-26,0037003700390063
2345,智邦,40,0,40,國票-敦北法人,2024-04-26,0037003700390063
1519,華城,48,11,37,國票-敦北法人,2024-04-26,0037003700390063
2705,六福,30,0,30,國票-敦北法人,2024-04-26,0037003700390063
1316,上曜,34,4,30,國票-敦北法人,2024-04-26,0037003700390063
8069,元太,37,10,27,國票-敦北法人,2024-04-26,0037003700390063
2206,三陽工業,56,29,27,國票-敦北法人,2024-04-26,0037003700390063
8261,富鼎,27,0,27,國票-敦北法人,2024-04-26,0037003700390063
9924,福興,50,25,25,國票-敦北法人,2024-04-26,0037003700390063
6239,力成,25,1,24,國票-敦北法人,2024-04-26,0037003700390063
3131,弘塑,24,0,24,國票-敦北法人,2024-04-26,0037003700390063
4726,永昕,28,5,23,國票-敦北法人,2024-04-26,0037003700390063
00940,元大台灣價值高息,23,0,23,國票-敦北法人,2024-04-26,0037003700390063
2449,京元電子,4193,2,4191,國票-敦北法人,2024-04-29,0037003700390063
2891,中信金,929,59,870,國票-敦北法人,2024-04-29,0037003700390063
00632R,元大台灣50反1,371,60,311,國票-敦北法人,2024-04-29,0037003700390063
2885,元大金,327,23,304,國票-敦北法人,2024-04-29,0037003700390063
6451,訊芯-KY,296,28,268,國票-敦北法人,2024-04-29,0037003700390063
2888,新光金,728,498,230,國票-敦北法人,2024-04-29,0037003700390063
3287,廣寰科,230,8,222,國票-敦北法人,2024-04-29,0037003700390063
00919,群益台灣精選高息,201,2,199,國票-敦北法人,2024-04-29,0037003700390063
6143,振曜,176,2,174,國票-敦北法人,2024-04-29,0037003700390063
6552,易華電,241,70,171,國票-敦北法人,2024-04-29,0037003700390063
6274,台燿,206,51,155,國票-敦北法人,2024-04-29,0037003700390063
3711,日月光投控,154,3,151,國票-敦北法人,2024-04-29,0037003700390063
5512,力麒,150,0,150,國票-敦北法人,2024-04-29,0037003700390063
5876,上海商銀,150,0,150,國票-敦北法人,2024-04-29,0037003700390063
2527,宏璟,121,0,121,國票-敦北法人,2024-04-29,0037003700390063
3363,上詮,143,28,115,國票-敦北法人,2024-04-29,0037003700390063
2609,陽明,471,359,112,國票-敦北法人,2024-04-29,0037003700390063
2515,中工,288,179,109,國票-敦北法人,2024-04-29,0037003700390063
3163,波若威,131,28,103,國票-敦北法人,2024-04-29,0037003700390063
4958,臻鼎-KY,95,0,95,國票-敦北法人,2024-04-29,0037003700390063
6239,力成,93,1,92,國票-敦北法人,2024-04-29,0037003700390063
2385,群光,91,0,91,國票-敦北法人,2024-04-29,0037003700390063
2101,南港,130,45,85,國票-敦北法人,2024-04-29,0037003700390063
6147,頎邦,90,18,72,國票-敦北法人,2024-04-29,0037003700390063
5483,中美晶,70,0,70,國票-敦北法人,2024-04-29,0037003700390063
2360,致茂,70,0,70,國票-敦北法人,2024-04-29,0037003700390063
6415,矽力*-KY,67,0,67,國票-敦北法人,2024-04-29,0037003700390063
1612,宏泰,76,9,67,國票-敦北法人,2024-04-29,0037003700390063
5371,中光電,74,10,64,國票-敦北法人,2024-04-29,0037003700390063
6176,瑞儀,65,2,63,國票-敦北法人,2024-04-29,0037003700390063
2474,可成,61,0,61,國票-敦北法人,2024-04-29,0037003700390063
2889,國票金,110,52,58,國票-敦北法人,2024-04-29,0037003700390063
3044,健鼎,67,12,55,國票-敦北法人,2024-04-29,0037003700390063
9924,福興,50,0,50,國票-敦北法人,2024-04-29,0037003700390063
00706L,期元大S＆P日圓正2,50,0,50,國票-敦北法人,2024-04-29,0037003700390063
9940,信義,50,0,50,國票-敦北法人,2024-04-29,0037003700390063
2383,台光電,55,6,49,國票-敦北法人,2024-04-29,0037003700390063
2530,華建,56,12,44,國票-敦北法人,2024-04-29,0037003700390063
2881,富邦金,54,11,43,國票-敦北法人,2024-04-29,0037003700390063
2371,大同,79,37,42,國票-敦北法人,2024-04-29,0037003700390063
2454,聯發科,44,2,42,國票-敦北法人,2024-04-29,0037003700390063
00900,富邦特選高股息30,42,0,42,國票-敦北法人,2024-04-29,0037003700390063
3402,漢科,42,0,42,國票-敦北法人,2024-04-29,0037003700390063
3706,神達,40,1,39,國票-敦北法人,2024-04-29,0037003700390063
2313,華通,132,93,39,國票-敦北法人,2024-04-29,0037003700390063
5234,達興材料,37,0,37,國票-敦北法人,2024-04-29,0037003700390063
2357,華碩,36,0,36,國票-敦北法人,2024-04-29,0037003700390063
2059,川湖,38,3,35,國票-敦北法人,2024-04-29,0037003700390063
1414,東和,40,8,32,國票-敦北法人,2024-04-29,0037003700390063
4919,新唐,33,1,32,國票-敦北法人,2024-04-29,0037003700390063
2618,長榮航,4476,7,4469,國票-敦北法人,2024-04-30,0037003700390063
2886,兆豐金,2252,12,2240,國票-敦北法人,2024-04-30,0037003700390063
6177,達麗,1537,88,1449,國票-敦北法人,2024-04-30,0037003700390063
2609,陽明,1041,29,1012,國票-敦北法人,2024-04-30,0037003700390063
6113,亞矽,410,1,409,國票-敦北法人,2024-04-30,0037003700390063
2363,矽統,359,67,292,國票-敦北法人,2024-04-30,0037003700390063
00662,富邦NASDAQ,241,0,241,國票-敦北法人,2024-04-30,0037003700390063
3466,德晉,253,13,240,國票-敦北法人,2024-04-30,0037003700390063
3363,上詮,268,55,213,國票-敦北法人,2024-04-30,0037003700390063
2383,台光電,189,4,185,國票-敦北法人,2024-04-30,0037003700390063
2359,所羅門,183,4,179,國票-敦北法人,2024-04-30,0037003700390063
1216,統一,150,0,150,國票-敦北法人,2024-04-30,0037003700390063
6274,台燿,139,12,127,國票-敦北法人,2024-04-30,0037003700390063
2501,國建,243,123,120,國票-敦北法人,2024-04-30,0037003700390063
2377,微星,105,0,105,國票-敦北法人,2024-04-30,0037003700390063
3234,光環,101,22,79,國票-敦北法人,2024-04-30,0037003700390063
2455,全新,75,1,74,國票-敦北法人,2024-04-30,0037003700390063
2105,正新,64,0,64,國票-敦北法人,2024-04-30,0037003700390063
8255,朋程,62,1,61,國票-敦北法人,2024-04-30,0037003700390063
6275,元山,60,1,59,國票-敦北法人,2024-04-30,0037003700390063
2101,南港,131,74,57,國票-敦北法人,2024-04-30,0037003700390063
5234,達興材料,55,0,55,國票-敦北法人,2024-04-30,0037003700390063
3081,聯亞,56,2,54,國票-敦北法人,2024-04-30,0037003700390063
2303,聯電,64,11,53,國票-敦北法人,2024-04-30,0037003700390063
2316,楠梓電,60,9,51,國票-敦北法人,2024-04-30,0037003700390063
3293,鈊象,50,0,50,國票-敦北法人,2024-04-30,0037003700390063
3042,晶技,50,3,47,國票-敦北法人,2024-04-30,0037003700390063
2308,台達電,50,4,46,國票-敦北法人,2024-04-30,0037003700390063
2535,達欣工,45,2,43,國票-敦北法人,2024-04-30,0037003700390063
1795,美時,46,4,42,國票-敦北法人,2024-04-30,0037003700390063
2313,華通,41,0,41,國票-敦北法人,2024-04-30,0037003700390063
1516,川飛,44,3,41,國票-敦北法人,2024-04-30,0037003700390063
5512,力麒,40,0,40,國票-敦北法人,2024-04-30,0037003700390063
2530,華建,38,1,37,國票-敦北法人,2024-04-30,0037003700390063
3013,晟銘電,63,27,36,國票-敦北法人,2024-04-30,0037003700390063
5301,寶得利,40,5,35,國票-敦北法人,2024-04-30,0037003700390063
6288,聯嘉,35,0,35,國票-敦北法人,2024-04-30,0037003700390063
3036,文曄,36,4,32,國票-敦北法人,2024-04-30,0037003700390063
3005,神基,31,0,31,國票-敦北法人,2024-04-30,0037003700390063
6180,橘子,30,0,30,國票-敦北法人,2024-04-30,0037003700390063
6235,華孚,88,61,27,國票-敦北法人,2024-04-30,0037003700390063
3708,上緯投控,27,3,24,國票-敦北法人,2024-04-30,0037003700390063
5508,永信建,31,8,23,國票-敦北法人,2024-04-30,0037003700390063
6442,光聖,42,21,21,國票-敦北法人,2024-04-30,0037003700390063
00676R,富邦臺灣加權反1,20,0,20,國票-敦北法人,2024-04-30,0037003700390063
1417,嘉裕,20,0,20,國票-敦北法人,2024-04-30,0037003700390063
3715,定穎投控,25,7,18,國票-敦北法人,2024-04-30,0037003700390063
00919,群益台灣精選高息,24,6,18,國票-敦北法人,2024-04-30,0037003700390063
5519,隆大,20,3,17,國票-敦北法人,2024-04-30,0037003700390063
6116,彩晶,17,0,17,國票-敦北法人,2024-04-30,0037003700390063
2891,中信金,3029,0,3029,國票-敦北法人,2024-05-02,0037003700390063
5531,鄉林,571,20,551,國票-敦北法人,2024-05-02,0037003700390063
2324,仁寶,550,0,550,國票-敦北法人,2024-05-02,0037003700390063
9945,潤泰新,413,46,367,國票-敦北法人,2024-05-02,0037003700390063
1532,勤美,344,4,340,國票-敦北法人,2024-05-02,0037003700390063
3266,昇陽,284,0,284,國票-敦北法人,2024-05-02,0037003700390063
00795B,中信美國公債20年,250,0,250,國票-敦北法人,2024-05-02,0037003700390063
2383,台光電,250,42,208,國票-敦北法人,2024-05-02,0037003700390063
2356,英業達,201,0,201,國票-敦北法人,2024-05-02,0037003700390063
00919,群益台灣精選高息,174,0,174,國票-敦北法人,2024-05-02,0037003700390063
6143,振曜,153,23,130,國票-敦北法人,2024-05-02,0037003700390063
5371,中光電,125,2,123,國票-敦北法人,2024-05-02,0037003700390063
4967,十銓,157,35,122,國票-敦北法人,2024-05-02,0037003700390063
1314,中石化,261,142,119,國票-敦北法人,2024-05-02,0037003700390063
2303,聯電,137,22,115,國票-敦北法人,2024-05-02,0037003700390063
5519,隆大,140,26,114,國票-敦北法人,2024-05-02,0037003700390063
2204,中華,114,0,114,國票-敦北法人,2024-05-02,0037003700390063
6442,光聖,320,209,111,國票-敦北法人,2024-05-02,0037003700390063
3481,群創,104,1,103,國票-敦北法人,2024-05-02,0037003700390063
2352,佳世達,100,0,100,國票-敦北法人,2024-05-02,0037003700390063
2845,遠東銀,100,0,100,國票-敦北法人,2024-05-02,0037003700390063
1440,南紡,80,0,80,國票-敦北法人,2024-05-02,0037003700390063
3131,弘塑,79,0,79,國票-敦北法人,2024-05-02,0037003700390063
1321,大洋,62,1,61,國票-敦北法人,2024-05-02,0037003700390063
3466,德晉,69,10,59,國票-敦北法人,2024-05-02,0037003700390063
6177,達麗,78,25,53,國票-敦北法人,2024-05-02,0037003700390063
2455,全新,51,0,51,國票-敦北法人,2024-05-02,0037003700390063
6180,橘子,50,0,50,國票-敦北法人,2024-05-02,0037003700390063
9924,福興,50,0,50,國票-敦北法人,2024-05-02,0037003700390063
4908,前鼎,45,0,45,國票-敦北法人,2024-05-02,0037003700390063
1605,華新,42,0,42,國票-敦北法人,2024-05-02,0037003700390063
00878,國泰永續高股息,35,1,34,國票-敦北法人,2024-05-02,0037003700390063
2883B,凱基金乙特,30,0,30,國票-敦北法人,2024-05-02,0037003700390063
6415,矽力*-KY,34,4,30,國票-敦北法人,2024-05-02,0037003700390063
2104,國際中橡,29,0,29,國票-敦北法人,2024-05-02,0037003700390063
00671R,富邦NASDAQ反1,28,0,28,國票-敦北法人,2024-05-02,0037003700390063
4919,新唐,28,1,27,國票-敦北法人,2024-05-02,0037003700390063
6274,台燿,37,11,26,國票-敦北法人,2024-05-02,0037003700390063
00929,復華台灣科技優息,25,0,25,國票-敦北法人,2024-05-02,0037003700390063
8210,勤誠,24,0,24,國票-敦北法人,2024-05-02,0037003700390063
2515,中工,130,107,23,國票-敦北法人,2024-05-02,0037003700390063
2401,凌陽,23,0,23,國票-敦北法人,2024-05-02,0037003700390063
8096,擎亞,64,42,22,國票-敦北法人,2024-05-02,0037003700390063
3491,昇達科,26,4,22,國票-敦北法人,2024-05-02,0037003700390063
2884,玉山金,20,0,20,國票-敦北法人,2024-05-02,0037003700390063
6140,訊達,21,1,20,國票-敦北法人,2024-05-02,0037003700390063
2385,群光,19,0,19,國票-敦北法人,2024-05-02,0037003700390063
6282,康舒,20,1,19,國票-敦北法人,2024-05-02,0037003700390063
2392,正崴,19,0,19,國票-敦北法人,2024-05-02,0037003700390063
3363,上詮,124,106,18,國票-敦北法人,2024-05-02,0037003700390063
00941,中信上游半導體,5512,0,5512,國票-敦北法人,2024-05-03,0037003700390063
00895,富邦未來車,1100,0,1100,國票-敦北法人,2024-05-03,0037003700390063
00757,統一FANG+,1100,0,1100,國票-敦北法人,2024-05-03,0037003700390063
2303,聯電,909,10,899,國票-敦北法人,2024-05-03,0037003700390063
6269,台郡,730,11,719,國票-敦北法人,2024-05-03,0037003700390063
4915,致伸,573,0,573,國票-敦北法人,2024-05-03,0037003700390063
5009,榮剛,484,34,450,國票-敦北法人,2024-05-03,0037003700390063
5483,中美晶,399,0,399,國票-敦北法人,2024-05-03,0037003700390063
2834,臺企銀,297,0,297,國票-敦北法人,2024-05-03,0037003700390063
6176,瑞儀,259,8,251,國票-敦北法人,2024-05-03,0037003700390063
6442,光聖,414,174,240,國票-敦北法人,2024-05-03,0037003700390063
6121,新普,223,0,223,國票-敦北法人,2024-05-03,0037003700390063
8163,達方,201,8,193,國票-敦北法人,2024-05-03,0037003700390063
2486,一詮,225,36,189,國票-敦北法人,2024-05-03,0037003700390063
2845,遠東銀,180,0,180,國票-敦北法人,2024-05-03,0037003700390063
3034,聯詠,144,1,143,國票-敦北法人,2024-05-03,0037003700390063
1785,光洋科,120,0,120,國票-敦北法人,2024-05-03,0037003700390063
9904,寶成,131,26,105,國票-敦北法人,2024-05-03,0037003700390063
1795,美時,105,8,97,國票-敦北法人,2024-05-03,0037003700390063
5434,崇越,91,0,91,國票-敦北法人,2024-05-03,0037003700390063
3090,日電貿,80,1,79,國票-敦北法人,2024-05-03,0037003700390063
2313,華通,70,0,70,國票-敦北法人,2024-05-03,0037003700390063
8299,群聯,73,3,70,國票-敦北法人,2024-05-03,0037003700390063
2454,聯發科,72,3,69,國票-敦北法人,2024-05-03,0037003700390063
00929,復華台灣科技優息,69,1,68,國票-敦北法人,2024-05-03,0037003700390063
00937B,群益ESG投等債20,68,0,68,國票-敦北法人,2024-05-03,0037003700390063
2354,鴻準,67,0,67,國票-敦北法人,2024-05-03,0037003700390063
6284,佳邦,71,5,66,國票-敦北法人,2024-05-03,0037003700390063
5269,祥碩,65,0,65,國票-敦北法人,2024-05-03,0037003700390063
1504,東元,66,1,65,國票-敦北法人,2024-05-03,0037003700390063
2903,遠百,66,1,65,國票-敦北法人,2024-05-03,0037003700390063
5371,中光電,77,14,63,國票-敦北法人,2024-05-03,0037003700390063
1321,大洋,62,0,62,國票-敦北法人,2024-05-03,0037003700390063
3017,奇鋐,70,10,60,國票-敦北法人,2024-05-03,0037003700390063
6691,洋基工程,60,0,60,國票-敦北法人,2024-05-03,0037003700390063
2458,義隆,59,0,59,國票-敦北法人,2024-05-03,0037003700390063
2323,中環,68,12,56,國票-敦北法人,2024-05-03,0037003700390063
3706,神達,55,0,55,國票-敦北法人,2024-05-03,0037003700390063
6451,訊芯-KY,406,352,54,國票-敦北法人,2024-05-03,0037003700390063
00679B,元大美債20年,51,0,51,國票-敦北法人,2024-05-03,0037003700390063
00864B,中信美國公債0-1,50,0,50,國票-敦北法人,2024-05-03,0037003700390063
2455,全新,50,0,50,國票-敦北法人,2024-05-03,0037003700390063
6274,台燿,76,26,50,國票-敦北法人,2024-05-03,0037003700390063
2104,國際中橡,50,0,50,國票-敦北法人,2024-05-03,0037003700390063
1612,宏泰,50,3,47,國票-敦北法人,2024-05-03,0037003700390063
2809,京城銀,47,0,47,國票-敦北法人,2024-05-03,0037003700390063
2855,統一證,44,1,43,國票-敦北法人,2024-05-03,0037003700390063
2230,泰茂,40,0,40,國票-敦北法人,2024-05-03,0037003700390063
1319,東陽,40,0,40,國票-敦北法人,2024-05-03,0037003700390063
00940,元大台灣價值高息,40,0,40,國票-敦北法人,2024-05-03,0037003700390063
2618,長榮航,3406,44,3362,國票-敦北法人,2024-05-06,0037003700390063
2880,華南金,1485,86,1399,國票-敦北法人,2024-05-06,0037003700390063
2891,中信金,1002,35,967,國票-敦北法人,2024-05-06,0037003700390063
2303,聯電,930,3,927,國票-敦北法人,2024-05-06,0037003700390063
2486,一詮,673,89,584,國票-敦北法人,2024-05-06,0037003700390063
8096,擎亞,912,346,566,國票-敦北法人,2024-05-06,0037003700390063
2520,冠德,630,71,559,國票-敦北法人,2024-05-06,0037003700390063
3013,晟銘電,472,30,442,國票-敦北法人,2024-05-06,0037003700390063
2889,國票金,366,18,348,國票-敦北法人,2024-05-06,0037003700390063
3062,建漢,331,5,326,國票-敦北法人,2024-05-06,0037003700390063
6239,力成,272,0,272,國票-敦北法人,2024-05-06,0037003700390063
3260,威剛,262,23,239,國票-敦北法人,2024-05-06,0037003700390063
3312,弘憶股,206,6,200,國票-敦北法人,2024-05-06,0037003700390063
00878,國泰永續高股息,208,31,177,國票-敦北法人,2024-05-06,0037003700390063
2603,長榮,172,12,160,國票-敦北法人,2024-05-06,0037003700390063
2546,根基,163,9,154,國票-敦北法人,2024-05-06,0037003700390063
3033,威健,221,73,148,國票-敦北法人,2024-05-06,0037003700390063
2809,京城銀,136,1,135,國票-敦北法人,2024-05-06,0037003700390063
2393,億光,135,1,134,國票-敦北法人,2024-05-06,0037003700390063
2524,京城,122,6,116,國票-敦北法人,2024-05-06,0037003700390063
2317,鴻海,391,304,87,國票-敦北法人,2024-05-06,0037003700390063
6143,振曜,101,20,81,國票-敦北法人,2024-05-06,0037003700390063
4967,十銓,97,17,80,國票-敦北法人,2024-05-06,0037003700390063
8054,安國,113,35,78,國票-敦北法人,2024-05-06,0037003700390063
2501,國建,84,11,73,國票-敦北法人,2024-05-06,0037003700390063
2367,燿華,156,87,69,國票-敦北法人,2024-05-06,0037003700390063
2884,玉山金,95,27,68,國票-敦北法人,2024-05-06,0037003700390063
3376,新日興,119,60,59,國票-敦北法人,2024-05-06,0037003700390063
2345,智邦,56,0,56,國票-敦北法人,2024-05-06,0037003700390063
1314,中石化,78,23,55,國票-敦北法人,2024-05-06,0037003700390063
00919,群益台灣精選高息,55,1,54,國票-敦北法人,2024-05-06,0037003700390063
8358,金居,52,0,52,國票-敦北法人,2024-05-06,0037003700390063
2020,美亞,52,1,51,國票-敦北法人,2024-05-06,0037003700390063
6442,光聖,213,165,48,國票-敦北法人,2024-05-06,0037003700390063
00632R,元大台灣50反1,47,0,47,國票-敦北法人,2024-05-06,0037003700390063
6757,台灣虎航,50,3,47,國票-敦北法人,2024-05-06,0037003700390063
00882,中信中國高股息,50,5,45,國票-敦北法人,2024-05-06,0037003700390063
6125,廣運,64,19,45,國票-敦北法人,2024-05-06,0037003700390063
1582,信錦,50,8,42,國票-敦北法人,2024-05-06,0037003700390063
8940,新天地,41,0,41,國票-敦北法人,2024-05-06,0037003700390063
3491,昇達科,40,1,39,國票-敦北法人,2024-05-06,0037003700390063
1101,台泥,50,11,39,國票-敦北法人,2024-05-06,0037003700390063
3466,德晉,48,10,38,國票-敦北法人,2024-05-06,0037003700390063
00929,復華台灣科技優息,38,0,38,國票-敦北法人,2024-05-06,0037003700390063
6005,群益證,38,1,37,國票-敦北法人,2024-05-06,0037003700390063
4533,協易機,94,57,37,國票-敦北法人,2024-05-06,0037003700390063
2027,大成鋼,36,0,36,國票-敦北法人,2024-05-06,0037003700390063
6207,雷科,54,19,35,國票-敦北法人,2024-05-06,0037003700390063
6177,達麗,48,14,34,國票-敦北法人,2024-05-06,0037003700390063
2903,遠百,30,0,30,國票-敦北法人,2024-05-06,0037003700390063
2891,中信金,7382,9,7373,國票-敦北法人,2024-05-07,0037003700390063
00830,國泰費城半導體,2000,1,1999,國票-敦北法人,2024-05-07,0037003700390063
2885,元大金,1003,13,990,國票-敦北法人,2024-05-07,0037003700390063
2618,長榮航,830,112,718,國票-敦北法人,2024-05-07,0037003700390063
00757,統一FANG+,365,0,365,國票-敦北法人,2024-05-07,0037003700390063
6914,阜爾運通,271,0,271,國票-敦北法人,2024-05-07,0037003700390063
4909,新復興,249,12,237,國票-敦北法人,2024-05-07,0037003700390063
6177,達麗,273,94,179,國票-敦北法人,2024-05-07,0037003700390063
6415,矽力*-KY,167,2,165,國票-敦北法人,2024-05-07,0037003700390063
3260,威剛,181,30,151,國票-敦北法人,2024-05-07,0037003700390063
2834,臺企銀,151,0,151,國票-敦北法人,2024-05-07,0037003700390063
2317,鴻海,252,117,135,國票-敦北法人,2024-05-07,0037003700390063
2530,華建,122,0,122,國票-敦北法人,2024-05-07,0037003700390063
2501,國建,165,57,108,國票-敦北法人,2024-05-07,0037003700390063
8112,至上,114,7,107,國票-敦北法人,2024-05-07,0037003700390063
3293,鈊象,100,0,100,國票-敦北法人,2024-05-07,0037003700390063
9914,美利達,90,0,90,國票-敦北法人,2024-05-07,0037003700390063
5371,中光電,85,4,81,國票-敦北法人,2024-05-07,0037003700390063
6442,光聖,102,22,80,國票-敦北法人,2024-05-07,0037003700390063
00637L,元大滬深300正2,70,1,69,國票-敦北法人,2024-05-07,0037003700390063
2543,皇昌,71,6,65,國票-敦北法人,2024-05-07,0037003700390063
4968,立積,71,14,57,國票-敦北法人,2024-05-07,0037003700390063
2392,正崴,51,0,51,國票-敦北法人,2024-05-07,0037003700390063
8996,高力,51,0,51,國票-敦北法人,2024-05-07,0037003700390063
8932,智通*,59,10,49,國票-敦北法人,2024-05-07,0037003700390063
6176,瑞儀,49,1,48,國票-敦北法人,2024-05-07,0037003700390063
3413,京鼎,45,0,45,國票-敦北法人,2024-05-07,0037003700390063
2515,中工,58,15,43,國票-敦北法人,2024-05-07,0037003700390063
6005,群益證,45,3,42,國票-敦北法人,2024-05-07,0037003700390063
3708,上緯投控,64,23,41,國票-敦北法人,2024-05-07,0037003700390063
2535,達欣工,40,0,40,國票-敦北法人,2024-05-07,0037003700390063
1314,中石化,45,7,38,國票-敦北法人,2024-05-07,0037003700390063
2404,漢唐,37,1,36,國票-敦北法人,2024-05-07,0037003700390063
2323,中環,36,0,36,國票-敦北法人,2024-05-07,0037003700390063
3374,精材,35,0,35,國票-敦北法人,2024-05-07,0037003700390063
00878,國泰永續高股息,32,0,32,國票-敦北法人,2024-05-07,0037003700390063
2208,台船,30,0,30,國票-敦北法人,2024-05-07,0037003700390063
2363,矽統,47,17,30,國票-敦北法人,2024-05-07,0037003700390063
2903,遠百,30,0,30,國票-敦北法人,2024-05-07,0037003700390063
5519,隆大,29,0,29,國票-敦北法人,2024-05-07,0037003700390063
3363,上詮,171,142,29,國票-敦北法人,2024-05-07,0037003700390063
4303,信立,33,7,26,國票-敦北法人,2024-05-07,0037003700390063
5512,力麒,28,3,25,國票-敦北法人,2024-05-07,0037003700390063
3661,世芯-KY,27,2,25,國票-敦北法人,2024-05-07,0037003700390063
2809,京城銀,24,0,24,國票-敦北法人,2024-05-07,0037003700390063
2880,華南金,46,23,23,國票-敦北法人,2024-05-07,0037003700390063
6125,廣運,28,5,23,國票-敦北法人,2024-05-07,0037003700390063
1102,亞泥,22,0,22,國票-敦北法人,2024-05-07,0037003700390063
2101,南港,33,12,21,國票-敦北法人,2024-05-07,0037003700390063
3673,TPK-KY,21,0,21,國票-敦北法人,2024-05-07,0037003700390063
2886,兆豐金,1661,0,1661,國票-敦北法人,2024-05-08,0037003700390063
2617,台航,1315,3,1312,國票-敦北法人,2024-05-08,0037003700390063
00688L,國泰20年美債正2,500,0,500,國票-敦北法人,2024-05-08,0037003700390063
1736,喬山,347,0,347,國票-敦北法人,2024-05-08,0037003700390063
4766,南寶,314,0,314,國票-敦北法人,2024-05-08,0037003700390063
2615,萬海,323,40,283,國票-敦北法人,2024-05-08,0037003700390063
3363,上詮,278,42,236,國票-敦北法人,2024-05-08,0037003700390063
2354,鴻準,180,4,176,國票-敦北法人,2024-05-08,0037003700390063
5871,中租-KY,140,0,140,國票-敦北法人,2024-05-08,0037003700390063
1515,力山,130,10,120,國票-敦北法人,2024-05-08,0037003700390063
1314,中石化,115,1,114,國票-敦北法人,2024-05-08,0037003700390063
6442,光聖,156,59,97,國票-敦北法人,2024-05-08,0037003700390063
6005,群益證,88,1,87,國票-敦北法人,2024-05-08,0037003700390063
3413,京鼎,84,0,84,國票-敦北法人,2024-05-08,0037003700390063
2501,國建,92,10,82,國票-敦北法人,2024-05-08,0037003700390063
6472,保瑞,75,0,75,國票-敦北法人,2024-05-08,0037003700390063
6214,精誠,72,0,72,國票-敦北法人,2024-05-08,0037003700390063
1519,華城,72,8,64,國票-敦北法人,2024-05-08,0037003700390063
2204,中華,64,1,63,國票-敦北法人,2024-05-08,0037003700390063
2317,鴻海,344,290,54,國票-敦北法人,2024-05-08,0037003700390063
6285,啟��,53,0,53,國票-敦北法人,2024-05-08,0037003700390063
6196,帆宣,51,0,51,國票-敦北法人,2024-05-08,0037003700390063
3260,威剛,80,30,50,國票-敦北法人,2024-05-08,0037003700390063
5426,振發,52,2,50,國票-敦北法人,2024-05-08,0037003700390063
2834,臺企銀,41,0,41,國票-敦北法人,2024-05-08,0037003700390063
2313,華通,51,10,41,國票-敦北法人,2024-05-08,0037003700390063
2371,大同,96,64,32,國票-敦北法人,2024-05-08,0037003700390063
6753,龍德造船,31,0,31,國票-敦北法人,2024-05-08,0037003700390063
9103,美德醫療-DR,30,0,30,國票-敦北法人,2024-05-08,0037003700390063
00665L,富邦�琤肭磪囓�2,30,0,30,國票-敦北法人,2024-05-08,0037003700390063
8071,能率網通,30,0,30,國票-敦北法人,2024-05-08,0037003700390063
2530,華建,28,0,28,國票-敦北法人,2024-05-08,0037003700390063
1503,士電,37,10,27,國票-敦北法人,2024-05-08,0037003700390063
4736,泰博,29,4,25,國票-敦北法人,2024-05-08,0037003700390063
2428,興勤,25,2,23,國票-敦北法人,2024-05-08,0037003700390063
2605,新興,37,16,21,國票-敦北法人,2024-05-08,0037003700390063
5864,致和證,20,0,20,國票-敦北法人,2024-05-08,0037003700390063
00676R,富邦臺灣加權反1,20,0,20,國票-敦北法人,2024-05-08,0037003700390063
5234,達興材料,18,0,18,國票-敦北法人,2024-05-08,0037003700390063
8096,擎亞,39,21,18,國票-敦北法人,2024-05-08,0037003700390063
8033,雷虎,17,0,17,國票-敦北法人,2024-05-08,0037003700390063
2641,正德,20,3,17,國票-敦北法人,2024-05-08,0037003700390063
2888,新光金,22,5,17,國票-敦北法人,2024-05-08,0037003700390063
2359,所羅門,59,42,17,國票-敦北法人,2024-05-08,0037003700390063
2603,長榮,32,15,17,國票-敦北法人,2024-05-08,0037003700390063
2520,冠德,28,12,16,國票-敦北法人,2024-05-08,0037003700390063
3592,瑞鼎,16,0,16,國票-敦北法人,2024-05-08,0037003700390063
1615,大山,19,4,15,國票-敦北法人,2024-05-08,0037003700390063
3533,嘉澤,15,0,15,國票-敦北法人,2024-05-08,0037003700390063
3615,安可,15,0,15,國票-敦北法人,2024-05-08,0037003700390063
2317,鴻海,1972,31,1941,國票-敦北法人,2024-05-09,0037003700390063
2449,京元電子,664,1,663,國票-敦北法人,2024-05-09,0037003700390063
3702,大聯大,501,0,501,國票-敦北法人,2024-05-09,0037003700390063
2347,聯強,499,0,499,國票-敦北法人,2024-05-09,0037003700390063
4938,和碩,363,0,363,國票-敦北法人,2024-05-09,0037003700390063
3711,日月光投控,307,5,302,國票-敦北法人,2024-05-09,0037003700390063
2617,台航,286,0,286,國票-敦北法人,2024-05-09,0037003700390063
4958,臻鼎-KY,284,0,284,國票-敦北法人,2024-05-09,0037003700390063
2301,光寶科,263,3,260,國票-敦北法人,2024-05-09,0037003700390063
2313,華通,354,120,234,國票-敦北法人,2024-05-09,0037003700390063
2385,群光,226,0,226,國票-敦北法人,2024-05-09,0037003700390063
6239,力成,235,12,223,國票-敦北法人,2024-05-09,0037003700390063
6147,頎邦,223,3,220,國票-敦北法人,2024-05-09,0037003700390063
3689,湧德,214,20,194,國票-敦北法人,2024-05-09,0037003700390063
2201,裕隆,201,25,176,國票-敦北法人,2024-05-09,0037003700390063
5483,中美晶,174,0,174,國票-敦北法人,2024-05-09,0037003700390063
5469,瀚宇博,157,0,157,國票-敦北法人,2024-05-09,0037003700390063
2474,可成,153,0,153,國票-敦北法人,2024-05-09,0037003700390063
1102,亞泥,150,0,150,國票-敦北法人,2024-05-09,0037003700390063
6182,合晶,161,12,149,國票-敦北法人,2024-05-09,0037003700390063
3044,健鼎,178,37,141,國票-敦北法人,2024-05-09,0037003700390063
2888,新光金,152,16,136,國票-敦北法人,2024-05-09,0037003700390063
2357,華碩,146,10,136,國票-敦北法人,2024-05-09,0037003700390063
2330,台積電,106,9,97,國票-敦北法人,2024-05-09,0037003700390063
3363,上詮,110,14,96,國票-敦北法人,2024-05-09,0037003700390063
4542,科嶠,80,1,79,國票-敦北法人,2024-05-09,0037003700390063
2634,漢翔,77,0,77,國票-敦北法人,2024-05-09,0037003700390063
2367,燿華,167,99,68,國票-敦北法人,2024-05-09,0037003700390063
2530,華建,55,0,55,國票-敦北法人,2024-05-09,0037003700390063
3715,定穎投控,64,12,52,國票-敦北法人,2024-05-09,0037003700390063
1808,潤隆,101,50,51,國票-敦北法人,2024-05-09,0037003700390063
2891,中信金,50,0,50,國票-敦北法人,2024-05-09,0037003700390063
1515,力山,43,1,42,國票-敦北法人,2024-05-09,0037003700390063
2371,大同,71,30,41,國票-敦北法人,2024-05-09,0037003700390063
8464,億豐,40,0,40,國票-敦北法人,2024-05-09,0037003700390063
4968,立積,39,0,39,國票-敦北法人,2024-05-09,0037003700390063
1314,中石化,40,2,38,國票-敦北法人,2024-05-09,0037003700390063
3680,家登,35,0,35,國票-敦北法人,2024-05-09,0037003700390063
6770,力積電,33,0,33,國票-敦北法人,2024-05-09,0037003700390063
2884,玉山金,30,0,30,國票-敦北法人,2024-05-09,0037003700390063
2208,台船,30,0,30,國票-敦北法人,2024-05-09,0037003700390063
2511,太子,28,0,28,國票-敦北法人,2024-05-09,0037003700390063
3264,欣銓,27,0,27,國票-敦北法人,2024-05-09,0037003700390063
2427,三商電,33,7,26,國票-敦北法人,2024-05-09,0037003700390063
4736,泰博,25,1,24,國票-敦北法人,2024-05-09,0037003700390063
2637,慧洋-KY,23,0,23,國票-敦北法人,2024-05-09,0037003700390063
2536,宏普,25,2,23,國票-敦北法人,2024-05-09,0037003700390063
8112,至上,25,4,21,國票-敦北法人,2024-05-09,0037003700390063
00929,復華台灣科技優息,21,0,21,國票-敦北法人,2024-05-09,0037003700390063
3694,海華,21,0,21,國票-敦北法人,2024-05-09,0037003700390063
2353,宏��,1220,6,1214,國票-敦北法人,2024-05-10,0037003700390063
2882,國泰金,1110,34,1076,國票-敦北法人,2024-05-10,0037003700390063
2337,旺宏,1002,0,1002,國票-敦北法人,2024-05-10,0037003700390063
2610,華航,1022,78,944,國票-敦北法人,2024-05-10,0037003700390063
2609,陽明,1201,326,875,國票-敦北法人,2024-05-10,0037003700390063
2606,裕民,897,54,843,國票-敦北法人,2024-05-10,0037003700390063
4938,和碩,748,1,747,國票-敦北法人,2024-05-10,0037003700390063
2301,光寶科,691,7,684,國票-敦北法人,2024-05-10,0037003700390063
2449,京元電子,659,1,658,國票-敦北法人,2024-05-10,0037003700390063
2352,佳世達,642,5,637,國票-敦北法人,2024-05-10,0037003700390063
1736,喬山,585,3,582,國票-敦北法人,2024-05-10,0037003700390063
2603,長榮,825,259,566,國票-敦北法人,2024-05-10,0037003700390063
2303,聯電,505,5,500,國票-敦北法人,2024-05-10,0037003700390063
2330,台積電,555,110,445,國票-敦北法人,2024-05-10,0037003700390063
2313,華通,410,6,404,國票-敦北法人,2024-05-10,0037003700390063
4958,臻鼎-KY,407,4,403,國票-敦北法人,2024-05-10,0037003700390063
00715L,期街口布蘭特正2,365,0,365,國票-敦北法人,2024-05-10,0037003700390063
3702,大聯大,343,3,340,國票-敦北法人,2024-05-10,0037003700390063
3264,欣銓,301,0,301,國票-敦北法人,2024-05-10,0037003700390063
5483,中美晶,296,0,296,國票-敦北法人,2024-05-10,0037003700390063
00671R,富邦NASDAQ反1,320,42,278,國票-敦北法人,2024-05-10,0037003700390063
9921,巨大,277,0,277,國票-敦北法人,2024-05-10,0037003700390063
2385,群光,271,0,271,國票-敦北法人,2024-05-10,0037003700390063
2615,萬海,321,76,245,國票-敦北法人,2024-05-10,0037003700390063
2474,可成,212,0,212,國票-敦北法人,2024-05-10,0037003700390063
2454,聯發科,201,0,201,國票-敦北法人,2024-05-10,0037003700390063
3711,日月光投控,180,1,179,國票-敦北法人,2024-05-10,0037003700390063
2347,聯強,366,200,166,國票-敦北法人,2024-05-10,0037003700390063
6239,力成,169,4,165,國票-敦北法人,2024-05-10,0037003700390063
2379,瑞昱,150,0,150,國票-敦北法人,2024-05-10,0037003700390063
00929,復華台灣科技優息,148,0,148,國票-敦北法人,2024-05-10,0037003700390063
3483,力致,126,0,126,國票-敦北法人,2024-05-10,0037003700390063
2368,金像電,109,2,107,國票-敦北法人,2024-05-10,0037003700390063
3617,碩天,100,0,100,國票-敦北法人,2024-05-10,0037003700390063
9802,鈺齊-KY,87,0,87,國票-敦北法人,2024-05-10,0037003700390063
3044,健鼎,109,34,75,國票-敦北法人,2024-05-10,0037003700390063
00753L,中信中國50正2,73,0,73,國票-敦北法人,2024-05-10,0037003700390063
00665L,富邦�琤肭磪囓�2,70,0,70,國票-敦北法人,2024-05-10,0037003700390063
9934,成霖,100,33,67,國票-敦北法人,2024-05-10,0037003700390063
6592,和潤企業,65,0,65,國票-敦北法人,2024-05-10,0037003700390063
3034,聯詠,64,0,64,國票-敦北法人,2024-05-10,0037003700390063
2731,雄獅,65,4,61,國票-敦北法人,2024-05-10,0037003700390063
6177,達麗,60,0,60,國票-敦北法人,2024-05-10,0037003700390063
3481,群創,56,5,51,國票-敦北法人,2024-05-10,0037003700390063
00676R,富邦臺灣加權反1,50,0,50,國票-敦北法人,2024-05-10,0037003700390063
5269,祥碩,51,1,50,國票-敦北法人,2024-05-10,0037003700390063
2101,南港,62,16,46,國票-敦北法人,2024-05-10,0037003700390063
2520,冠德,47,3,44,國票-敦北法人,2024-05-10,0037003700390063
9933,中鼎,43,0,43,國票-敦北法人,2024-05-10,0037003700390063
2027,大成鋼,42,0,42,國票-敦北法人,2024-05-10,0037003700390063
2374,佳能,925,33,892,國票-敦北法人,2024-05-13,0037003700390063
1522,堤維西,670,16,654,國票-敦北法人,2024-05-13,0037003700390063
1513,中興電,368,141,227,國票-敦北法人,2024-05-13,0037003700390063
3363,上詮,275,62,213,國票-敦北法人,2024-05-13,0037003700390063
3034,聯詠,202,1,201,國票-敦北法人,2024-05-13,0037003700390063
2615,萬海,488,308,180,國票-敦北法人,2024-05-13,0037003700390063
2618,長榮航,266,109,157,國票-敦北法人,2024-05-13,0037003700390063
2201,裕隆,151,0,151,國票-敦北法人,2024-05-13,0037003700390063
3047,訊舟,124,8,116,國票-敦北法人,2024-05-13,0037003700390063
00632R,元大台灣50反1,107,0,107,國票-敦北法人,2024-05-13,0037003700390063
6274,台燿,86,14,72,國票-敦北法人,2024-05-13,0037003700390063
2348,海悅,58,2,56,國票-敦北法人,2024-05-13,0037003700390063
6146,耕興,50,0,50,國票-敦北法人,2024-05-13,0037003700390063
2376,技嘉,58,10,48,國票-敦北法人,2024-05-13,0037003700390063
2204,中華,45,1,44,國票-敦北法人,2024-05-13,0037003700390063
2049,上銀,44,0,44,國票-敦北法人,2024-05-13,0037003700390063
1210,大成,43,0,43,國票-敦北法人,2024-05-13,0037003700390063
9958,世紀鋼,45,2,43,國票-敦北法人,2024-05-13,0037003700390063
00753L,中信中國50正2,42,0,42,國票-敦北法人,2024-05-13,0037003700390063
00665L,富邦�琤肭磪囓�2,40,0,40,國票-敦北法人,2024-05-13,0037003700390063
2371,大同,84,45,39,國票-敦北法人,2024-05-13,0037003700390063
4906,正文,38,0,38,國票-敦北法人,2024-05-13,0037003700390063
6863,永道-KY,46,10,36,國票-敦北法人,2024-05-13,0037003700390063
00650L,復華香港正2,30,0,30,國票-敦北法人,2024-05-13,0037003700390063
4416,三圓,27,0,27,國票-敦北法人,2024-05-13,0037003700390063
6125,廣運,29,4,25,國票-敦北法人,2024-05-13,0037003700390063
8112,至上,27,4,23,國票-敦北法人,2024-05-13,0037003700390063
3030,德律,24,1,23,國票-敦北法人,2024-05-13,0037003700390063
00937B,群益ESG投等債20,21,0,21,國票-敦北法人,2024-05-13,0037003700390063
4770,上品,21,0,21,國票-敦北法人,2024-05-13,0037003700390063
1587,吉茂,25,4,21,國票-敦北法人,2024-05-13,0037003700390063
6177,達麗,21,1,20,國票-敦北法人,2024-05-13,0037003700390063
2031,新光鋼,20,0,20,國票-敦北法人,2024-05-13,0037003700390063
5608,四維航,32,13,19,國票-敦北法人,2024-05-13,0037003700390063
6446,藥華藥,18,0,18,國票-敦北法人,2024-05-13,0037003700390063
1417,嘉裕,16,0,16,國票-敦北法人,2024-05-13,0037003700390063
00929,復華台灣科技優息,16,0,16,國票-敦北法人,2024-05-13,0037003700390063
1476,儒鴻,15,0,15,國票-敦北法人,2024-05-13,0037003700390063
5392,能率,20,5,15,國票-敦北法人,2024-05-13,0037003700390063
3041,揚智,15,0,15,國票-敦北法人,2024-05-13,0037003700390063
00878,國泰永續高股息,18,4,14,國票-敦北法人,2024-05-13,0037003700390063
6191,精成科,14,0,14,國票-敦北法人,2024-05-13,0037003700390063
2520,冠德,13,0,13,國票-敦北法人,2024-05-13,0037003700390063
8996,高力,17,4,13,國票-敦北法人,2024-05-13,0037003700390063
1504,東元,14,1,13,國票-敦北法人,2024-05-13,0037003700390063
00944,野村趨勢動能高息,13,0,13,國票-敦北法人,2024-05-13,0037003700390063
2903,遠百,13,0,13,國票-敦北法人,2024-05-13,0037003700390063
2634,漢翔,13,0,13,國票-敦北法人,2024-05-13,0037003700390063
8086,宏捷科,12,0,12,國票-敦北法人,2024-05-13,0037003700390063
6668,中揚光,12,0,12,國票-敦北法人,2024-05-13,0037003700390063
2367,燿華,2518,63,2455,國票-敦北法人,2024-05-14,0037003700390063
2363,矽統,769,64,705,國票-敦北法人,2024-05-14,0037003700390063
2603,長榮,1066,595,471,國票-敦北法人,2024-05-14,0037003700390063
2534,宏盛,418,0,418,國票-敦北法人,2024-05-14,0037003700390063
8069,元太,386,1,385,國票-敦北法人,2024-05-14,0037003700390063
2610,華航,364,1,363,國票-敦北法人,2024-05-14,0037003700390063
6274,台燿,253,0,253,國票-敦北法人,2024-05-14,0037003700390063
2382,廣達,280,34,246,國票-敦北法人,2024-05-14,0037003700390063
3363,上詮,287,104,183,國票-敦北法人,2024-05-14,0037003700390063
2357,華碩,144,3,141,國票-敦北法人,2024-05-14,0037003700390063
6446,藥華藥,161,25,136,國票-敦北法人,2024-05-14,0037003700390063
3047,訊舟,122,12,110,國票-敦北法人,2024-05-14,0037003700390063
6679,鈺太,100,0,100,國票-敦北法人,2024-05-14,0037003700390063
2476,鉅祥,123,23,100,國票-敦北法人,2024-05-14,0037003700390063
3005,神基,101,3,98,國票-敦北法人,2024-05-14,0037003700390063
2530,華建,80,0,80,國票-敦北法人,2024-05-14,0037003700390063
2515,中工,83,6,77,國票-敦北法人,2024-05-14,0037003700390063
6223,旺矽,71,3,68,國票-敦北法人,2024-05-14,0037003700390063
3703,欣陸,51,0,51,國票-敦北法人,2024-05-14,0037003700390063
2353,宏��,127,81,46,國票-敦北法人,2024-05-14,0037003700390063
5312,寶島科,45,0,45,國票-敦北法人,2024-05-14,0037003700390063
6668,中揚光,45,0,45,國票-敦北法人,2024-05-14,0037003700390063
2324,仁寶,59,17,42,國票-敦北法人,2024-05-14,0037003700390063
1309,台達化,40,0,40,國票-敦北法人,2024-05-14,0037003700390063
2359,所羅門,53,16,37,國票-敦北法人,2024-05-14,0037003700390063
2027,大成鋼,38,2,36,國票-敦北法人,2024-05-14,0037003700390063
9914,美利達,37,2,35,國票-敦北法人,2024-05-14,0037003700390063
8112,至上,52,21,31,國票-敦北法人,2024-05-14,0037003700390063
1514,亞力,39,8,31,國票-敦北法人,2024-05-14,0037003700390063
6753,龍德造船,35,8,27,國票-敦北法人,2024-05-14,0037003700390063
8046,南電,26,0,26,國票-敦北法人,2024-05-14,0037003700390063
6125,廣運,39,14,25,國票-敦北法人,2024-05-14,0037003700390063
3036,文曄,26,2,24,國票-敦北法人,2024-05-14,0037003700390063
2543,皇昌,22,0,22,國票-敦北法人,2024-05-14,0037003700390063
00632R,元大台灣50反1,52,30,22,國票-敦北法人,2024-05-14,0037003700390063
2836,高雄銀,21,0,21,國票-敦北法人,2024-05-14,0037003700390063
3362,先進光,23,3,20,國票-敦北法人,2024-05-14,0037003700390063
5392,能率,50,30,20,國票-敦北法人,2024-05-14,0037003700390063
6770,力積電,22,2,20,國票-敦北法人,2024-05-14,0037003700390063
2405,輔信,20,0,20,國票-敦北法人,2024-05-14,0037003700390063
9912,偉聯,19,0,19,國票-敦北法人,2024-05-14,0037003700390063
2883,凱基金,18,0,18,國票-敦北法人,2024-05-14,0037003700390063
3059,華晶科,16,0,16,國票-敦北法人,2024-05-14,0037003700390063
8054,安國,57,42,15,國票-敦北法人,2024-05-14,0037003700390063
2511,太子,20,5,15,國票-敦北法人,2024-05-14,0037003700390063
2605,新興,80,66,14,國票-敦北法人,2024-05-14,0037003700390063
1587,吉茂,15,1,14,國票-敦北法人,2024-05-14,0037003700390063
2607,榮運,15,1,14,國票-敦北法人,2024-05-14,0037003700390063
9945,潤泰新,13,0,13,國票-敦北法人,2024-05-14,0037003700390063
4162,智擎,13,0,13,國票-敦北法人,2024-05-14,0037003700390063
2374,佳能,714,7,707,國票-敦北法人,2024-05-15,0037003700390063
5392,能率,682,27,655,國票-敦北法人,2024-05-15,0037003700390063
2882,國泰金,450,36,414,國票-敦北法人,2024-05-15,0037003700390063
00922,國泰台灣領袖50,400,1,399,國票-敦北法人,2024-05-15,0037003700390063
2323,中環,378,4,374,國票-敦北法人,2024-05-15,0037003700390063
2359,所羅門,395,54,341,國票-敦北法人,2024-05-15,0037003700390063
5371,中光電,358,34,324,國票-敦北法人,2024-05-15,0037003700390063
2027,大成鋼,320,0,320,國票-敦北法人,2024-05-15,0037003700390063
2317,鴻海,380,78,302,國票-敦北法人,2024-05-15,0037003700390063
1718,中纖,269,0,269,國票-敦北法人,2024-05-15,0037003700390063
5871,中租-KY,252,13,239,國票-敦北法人,2024-05-15,0037003700390063
2603,長榮,271,36,235,國票-敦北法人,2024-05-15,0037003700390063
4533,協易機,231,7,224,國票-敦北法人,2024-05-15,0037003700390063
00919,群益台灣精選高息,212,0,212,國票-敦北法人,2024-05-15,0037003700390063
1591,駿吉-KY,208,3,205,國票-敦北法人,2024-05-15,0037003700390063
8936,國統,204,1,203,國票-敦北法人,2024-05-15,0037003700390063
3030,德律,204,1,203,國票-敦北法人,2024-05-15,0037003700390063
6462,神盾,210,11,199,國票-敦北法人,2024-05-15,0037003700390063
3289,宜特,191,0,191,國票-敦北法人,2024-05-15,0037003700390063
3548,兆利,187,0,187,國票-敦北法人,2024-05-15,0037003700390063
2618,長榮航,155,1,154,國票-敦北法人,2024-05-15,0037003700390063
00676R,富邦臺灣加權反1,150,0,150,國票-敦北法人,2024-05-15,0037003700390063
00632R,元大台灣50反1,142,0,142,國票-敦北法人,2024-05-15,0037003700390063
2897,王道銀行,100,0,100,國票-敦北法人,2024-05-15,0037003700390063
6446,藥華藥,100,0,100,國票-敦北法人,2024-05-15,0037003700390063
1314,中石化,100,6,94,國票-敦北法人,2024-05-15,0037003700390063
3036,文曄,101,8,93,國票-敦北法人,2024-05-15,0037003700390063
4542,科嶠,84,2,82,國票-敦北法人,2024-05-15,0037003700390063
8054,安國,227,149,78,國票-敦北法人,2024-05-15,0037003700390063
3443,創意,71,3,68,國票-敦北法人,2024-05-15,0037003700390063
3406,玉晶光,76,19,57,國票-敦北法人,2024-05-15,0037003700390063
2345,智邦,55,0,55,國票-敦北法人,2024-05-15,0037003700390063
1532,勤美,75,22,53,國票-敦北法人,2024-05-15,0037003700390063
6451,訊芯-KY,278,225,53,國票-敦北法人,2024-05-15,0037003700390063
8112,至上,80,28,52,國票-敦北法人,2024-05-15,0037003700390063
00940,元大台灣價值高息,63,12,51,國票-敦北法人,2024-05-15,0037003700390063
3551,世禾,46,0,46,國票-敦北法人,2024-05-15,0037003700390063
9802,鈺齊-KY,50,5,45,國票-敦北法人,2024-05-15,0037003700390063
00664R,國泰臺灣加權反1,39,0,39,國票-敦北法人,2024-05-15,0037003700390063
2330,台積電,46,9,37,國票-敦北法人,2024-05-15,0037003700390063
2356,英業達,50,15,35,國票-敦北法人,2024-05-15,0037003700390063
6023,元大期,35,0,35,國票-敦北法人,2024-05-15,0037003700390063
5904,寶雅,30,0,30,國票-敦北法人,2024-05-15,0037003700390063
3338,泰碩,30,0,30,國票-敦北法人,2024-05-15,0037003700390063
6215,和椿,56,27,29,國票-敦北法人,2024-05-15,0037003700390063
2352,佳世達,28,0,28,國票-敦北法人,2024-05-15,0037003700390063
8183,精星,25,0,25,國票-敦北法人,2024-05-15,0037003700390063
3661,世芯-KY,28,4,24,國票-敦北法人,2024-05-15,0037003700390063
2515,中工,24,0,24,國票-敦北法人,2024-05-15,0037003700390063
2362,藍天,95,73,22,國票-敦北法人,2024-05-15,0037003700390063
2603,長榮,1361,387,974,國票-敦北法人,2024-05-16,0037003700390063
6177,達麗,902,7,895,國票-敦北法人,2024-05-16,0037003700390063
2882,國泰金,654,38,616,國票-敦北法人,2024-05-16,0037003700390063
6415,矽力*-KY,514,10,504,國票-敦北法人,2024-05-16,0037003700390063
00632R,元大台灣50反1,415,0,415,國票-敦北法人,2024-05-16,0037003700390063
1587,吉茂,415,17,398,國票-敦北法人,2024-05-16,0037003700390063
5230,雷笛克光學,240,1,239,國票-敦北法人,2024-05-16,0037003700390063
6125,廣運,235,4,231,國票-敦北法人,2024-05-16,0037003700390063
3060,銘異,211,2,209,國票-敦北法人,2024-05-16,0037003700390063
2454,聯發科,279,74,205,國票-敦北法人,2024-05-16,0037003700390063
9910,豐泰,200,0,200,國票-敦北法人,2024-05-16,0037003700390063
5425,台半,202,2,200,國票-敦北法人,2024-05-16,0037003700390063
2324,仁寶,195,26,169,國票-敦北法人,2024-05-16,0037003700390063
2889,國票金,193,24,169,國票-敦北法人,2024-05-16,0037003700390063
2353,宏��,175,16,159,國票-敦北法人,2024-05-16,0037003700390063
2313,華通,314,156,158,國票-敦北法人,2024-05-16,0037003700390063
2317,鴻海,193,36,157,國票-敦北法人,2024-05-16,0037003700390063
8112,至上,160,5,155,國票-敦北法人,2024-05-16,0037003700390063
2880,華南金,138,5,133,國票-敦北法人,2024-05-16,0037003700390063
2392,正崴,141,12,129,國票-敦北法人,2024-05-16,0037003700390063
3293,鈊象,128,0,128,國票-敦北法人,2024-05-16,0037003700390063
2489,瑞軒,160,33,127,國票-敦北法人,2024-05-16,0037003700390063
2371,大同,137,19,118,國票-敦北法人,2024-05-16,0037003700390063
5392,能率,807,691,116,國票-敦北法人,2024-05-16,0037003700390063
2387,精元,109,0,109,國票-敦北法人,2024-05-16,0037003700390063
2368,金像電,106,3,103,國票-敦北法人,2024-05-16,0037003700390063
2441,超豐,100,0,100,國票-敦北法人,2024-05-16,0037003700390063
6668,中揚光,92,0,92,國票-敦北法人,2024-05-16,0037003700390063
3231,緯創,97,18,79,國票-敦北法人,2024-05-16,0037003700390063
2374,佳能,845,770,75,國票-敦北法人,2024-05-16,0037003700390063
2745,五福,74,1,73,國票-敦北法人,2024-05-16,0037003700390063
2101,南港,116,47,69,國票-敦北法人,2024-05-16,0037003700390063
2504,國產,70,12,58,國票-敦北法人,2024-05-16,0037003700390063
2809,京城銀,54,0,54,國票-敦北法人,2024-05-16,0037003700390063
2345,智邦,69,20,49,國票-敦北法人,2024-05-16,0037003700390063
6446,藥華藥,57,9,48,國票-敦北法人,2024-05-16,0037003700390063
5371,中光電,50,5,45,國票-敦北法人,2024-05-16,0037003700390063
3406,玉晶光,42,0,42,國票-敦北法人,2024-05-16,0037003700390063
2883,凱基金,46,4,42,國票-敦北法人,2024-05-16,0037003700390063
5289,宜鼎,40,0,40,國票-敦北法人,2024-05-16,0037003700390063
2031,新光鋼,38,0,38,國票-敦北法人,2024-05-16,0037003700390063
6669,緯穎,39,1,38,國票-敦北法人,2024-05-16,0037003700390063
9933,中鼎,36,0,36,國票-敦北法人,2024-05-16,0037003700390063
2356,英業達,43,8,35,國票-敦北法人,2024-05-16,0037003700390063
6679,鈺太,35,0,35,國票-敦北法人,2024-05-16,0037003700390063
1316,上曜,32,0,32,國票-敦北法人,2024-05-16,0037003700390063
5521,工信,30,0,30,國票-敦北法人,2024-05-16,0037003700390063
00857B,永豐20年美公債,30,0,30,國票-敦北法人,2024-05-16,0037003700390063
2641,正德,40,11,29,國票-敦北法人,2024-05-16,0037003700390063
2887,台新金,28,0,28,國票-敦北法人,2024-05-16,0037003700390063
2603,長榮,2907,431,2476,國票-敦北法人,2024-05-17,0037003700390063
1216,統一,584,1,583,國票-敦北法人,2024-05-17,0037003700390063
2363,矽統,606,170,436,國票-敦北法人,2024-05-17,0037003700390063
2489,瑞軒,413,7,406,國票-敦北法人,2024-05-17,0037003700390063
8071,能率網通,400,0,400,國票-敦北法人,2024-05-17,0037003700390063
1102,亞泥,335,0,335,國票-敦北法人,2024-05-17,0037003700390063
6446,藥華藥,319,27,292,國票-敦北法人,2024-05-17,0037003700390063
3363,上詮,176,9,167,國票-敦北法人,2024-05-17,0037003700390063
00715L,期街口布蘭特正2,140,0,140,國票-敦北法人,2024-05-17,0037003700390063
2867,三商壽,129,8,121,國票-敦北法人,2024-05-17,0037003700390063
5864,致和證,100,0,100,國票-敦北法人,2024-05-17,0037003700390063
5522,遠雄,120,20,100,國票-敦北法人,2024-05-17,0037003700390063
2376,技嘉,111,18,93,國票-敦北法人,2024-05-17,0037003700390063
6472,保瑞,110,18,92,國票-敦北法人,2024-05-17,0037003700390063
2303,聯電,121,42,79,國票-敦北法人,2024-05-17,0037003700390063
00929,復華台灣科技優息,93,15,78,國票-敦北法人,2024-05-17,0037003700390063
8070,長華*,84,11,73,國票-敦北法人,2024-05-17,0037003700390063
2367,燿華,636,563,73,國票-敦北法人,2024-05-17,0037003700390063
3131,弘塑,73,2,71,國票-敦北法人,2024-05-17,0037003700390063
2359,所羅門,114,48,66,國票-敦北法人,2024-05-17,0037003700390063
2354,鴻準,61,1,60,國票-敦北法人,2024-05-17,0037003700390063
00937B,群益ESG投等債20,60,0,60,國票-敦北法人,2024-05-17,0037003700390063
00940,元大台灣價值高息,60,1,59,國票-敦北法人,2024-05-17,0037003700390063
2344,華邦電,54,0,54,國票-敦北法人,2024-05-17,0037003700390063
6125,廣運,253,200,53,國票-敦北法人,2024-05-17,0037003700390063
2537,聯上發,56,6,50,國票-敦北法人,2024-05-17,0037003700390063
4167,松瑞藥,50,0,50,國票-敦北法人,2024-05-17,0037003700390063
6451,訊芯-KY,50,0,50,國票-敦北法人,2024-05-17,0037003700390063
3376,新日興,55,7,48,國票-敦北法人,2024-05-17,0037003700390063
2101,南港,75,27,48,國票-敦北法人,2024-05-17,0037003700390063
2891,中信金,52,5,47,國票-敦北法人,2024-05-17,0037003700390063
8089,康全電訊,60,19,41,國票-敦北法人,2024-05-17,0037003700390063
1524,耿鼎,45,5,40,國票-敦北法人,2024-05-17,0037003700390063
3060,銘異,46,8,38,國票-敦北法人,2024-05-17,0037003700390063
6679,鈺太,36,0,36,國票-敦北法人,2024-05-17,0037003700390063
8028,昇陽半導體,77,42,35,國票-敦北法人,2024-05-17,0037003700390063
3483,力致,36,2,34,國票-敦北法人,2024-05-17,0037003700390063
2451,創見,37,5,32,國票-敦北法人,2024-05-17,0037003700390063
4160,訊聯基因,33,1,32,國票-敦北法人,2024-05-17,0037003700390063
6223,旺矽,31,3,28,國票-敦北法人,2024-05-17,0037003700390063
8996,高力,28,0,28,國票-敦北法人,2024-05-17,0037003700390063
2442,新美齊,29,3,26,國票-敦北法人,2024-05-17,0037003700390063
8112,至上,25,0,25,國票-敦北法人,2024-05-17,0037003700390063
2514,龍邦,25,0,25,國票-敦北法人,2024-05-17,0037003700390063
2801,彰銀,20,0,20,國票-敦北法人,2024-05-17,0037003700390063
3059,華晶科,60,41,19,國票-敦北法人,2024-05-17,0037003700390063
2352,佳世達,19,0,19,國票-敦北法人,2024-05-17,0037003700390063
6770,力積電,22,3,19,國票-敦北法人,2024-05-17,0037003700390063
00878,國泰永續高股息,19,1,18,國票-敦北法人,2024-05-17,0037003700390063
2357,華碩,27,9,18,國票-敦北法人,2024-05-17,0037003700390063
1605,華新,805,77,728,國票-敦北法人,2024-05-20,0037003700390063
4533,協易機,775,162,613,國票-敦北法人,2024-05-20,0037003700390063
2454,聯發科,573,17,556,國票-敦北法人,2024-05-20,0037003700390063
1216,統一,532,0,532,國票-敦北法人,2024-05-20,0037003700390063
3376,新日興,479,67,412,國票-敦北法人,2024-05-20,0037003700390063
4952,凌通,412,5,407,國票-敦北法人,2024-05-20,0037003700390063
2241,艾姆勒,400,2,398,國票-敦北法人,2024-05-20,0037003700390063
2520,冠德,431,41,390,國票-敦北法人,2024-05-20,0037003700390063
2303,聯電,400,33,367,國票-敦北法人,2024-05-20,0037003700390063
2317,鴻海,303,38,265,國票-敦北法人,2024-05-20,0037003700390063
2404,漢唐,193,0,193,國票-敦北法人,2024-05-20,0037003700390063
6121,新普,192,4,188,國票-敦北法人,2024-05-20,0037003700390063
6414,樺漢,166,0,166,國票-敦北法人,2024-05-20,0037003700390063
2347,聯強,222,56,166,國票-敦北法人,2024-05-20,0037003700390063
3014,聯陽,166,3,163,國票-敦北法人,2024-05-20,0037003700390063
2379,瑞昱,157,0,157,國票-敦北法人,2024-05-20,0037003700390063
8155,博智,146,2,144,國票-敦北法人,2024-05-20,0037003700390063
2618,長榮航,152,10,142,國票-敦北法人,2024-05-20,0037003700390063
3005,神基,145,5,140,國票-敦北法人,2024-05-20,0037003700390063
00929,復華台灣科技優息,143,5,138,國票-敦北法人,2024-05-20,0037003700390063
8016,矽創,122,0,122,國票-敦北法人,2024-05-20,0037003700390063
3596,智易,114,0,114,國票-敦北法人,2024-05-20,0037003700390063
6443,元晶,110,0,110,國票-敦北法人,2024-05-20,0037003700390063
8050,廣積,105,1,104,國票-敦北法人,2024-05-20,0037003700390063
00715L,期街口布蘭特正2,101,0,101,國票-敦北法人,2024-05-20,0037003700390063
2009,第一銅,148,54,94,國票-敦北法人,2024-05-20,0037003700390063
6706,惠特,160,69,91,國票-敦北法人,2024-05-20,0037003700390063
8081,致新,88,0,88,國票-敦北法人,2024-05-20,0037003700390063
3264,欣銓,83,0,83,國票-敦北法人,2024-05-20,0037003700390063
2731,雄獅,157,81,76,國票-敦北法人,2024-05-20,0037003700390063
2030,彰源,60,0,60,國票-敦北法人,2024-05-20,0037003700390063
8074,鉅橡,59,0,59,國票-敦北法人,2024-05-20,0037003700390063
2034,允強,60,1,59,國票-敦北法人,2024-05-20,0037003700390063
2032,新鋼,60,2,58,國票-敦北法人,2024-05-20,0037003700390063
2313,華通,151,94,57,國票-敦北法人,2024-05-20,0037003700390063
3665,貿聯-KY,55,0,55,國票-敦北法人,2024-05-20,0037003700390063
1524,耿鼎,60,10,50,國票-敦北法人,2024-05-20,0037003700390063
2368,金像電,49,0,49,國票-敦北法人,2024-05-20,0037003700390063
3231,緯創,49,2,47,國票-敦北法人,2024-05-20,0037003700390063
8112,至上,47,0,47,國票-敦北法人,2024-05-20,0037003700390063
2049,上銀,42,0,42,國票-敦北法人,2024-05-20,0037003700390063
6531,愛普*,40,0,40,國票-敦北法人,2024-05-20,0037003700390063
9958,世紀鋼,69,31,38,國票-敦北法人,2024-05-20,0037003700390063
2204,中華,37,3,34,國票-敦北法人,2024-05-20,0037003700390063
2383,台光電,36,2,34,國票-敦北法人,2024-05-20,0037003700390063
3024,憶聲,47,13,34,國票-敦北法人,2024-05-20,0037003700390063
00937B,群益ESG投等債20,32,0,32,國票-敦北法人,2024-05-20,0037003700390063
00713,元大台灣高息低波,32,0,32,國票-敦北法人,2024-05-20,0037003700390063
3406,玉晶光,43,12,31,國票-敦北法人,2024-05-20,0037003700390063
6805,富世達,41,11,30,國票-敦北法人,2024-05-20,0037003700390063
3013,晟銘電,1223,55,1168,國票-敦北法人,2024-05-21,0037003700390063
00713,元大台灣高息低波,1054,0,1054,國票-敦北法人,2024-05-21,0037003700390063
2884,玉山金,1039,6,1033,國票-敦北法人,2024-05-21,0037003700390063
2009,第一銅,860,134,726,國票-敦北法人,2024-05-21,0037003700390063
2313,華通,643,100,543,國票-敦北法人,2024-05-21,0037003700390063
6117,迎廣,422,9,413,國票-敦北法人,2024-05-21,0037003700390063
4543,萬在,419,17,402,國票-敦北法人,2024-05-21,0037003700390063
2317,鴻海,441,62,379,國票-敦北法人,2024-05-21,0037003700390063
2609,陽明,301,2,299,國票-敦北法人,2024-05-21,0037003700390063
5230,雷笛克光學,368,69,299,國票-敦北法人,2024-05-21,0037003700390063
2027,大成鋼,292,2,290,國票-敦北法人,2024-05-21,0037003700390063
1736,喬山,249,0,249,國票-敦北法人,2024-05-21,0037003700390063
1104,環泥,237,15,222,國票-敦北法人,2024-05-21,0037003700390063
2379,瑞昱,150,0,150,國票-敦北法人,2024-05-21,0037003700390063
5425,台半,125,1,124,國票-敦北法人,2024-05-21,0037003700390063
2889,國票金,108,0,108,國票-敦北法人,2024-05-21,0037003700390063
2615,萬海,103,2,101,國票-敦北法人,2024-05-21,0037003700390063
2880,華南金,98,0,98,國票-敦北法人,2024-05-21,0037003700390063
3665,貿聯-KY,93,1,92,國票-敦北法人,2024-05-21,0037003700390063
1449,佳和,90,0,90,國票-敦北法人,2024-05-21,0037003700390063
6446,藥華藥,118,41,77,國票-敦北法人,2024-05-21,0037003700390063
5483,中美晶,75,0,75,國票-敦北法人,2024-05-21,0037003700390063
6579,研揚,61,0,61,國票-敦北法人,2024-05-21,0037003700390063
6278,台表科,60,0,60,國票-敦北法人,2024-05-21,0037003700390063
2367,燿華,299,239,60,國票-敦北法人,2024-05-21,0037003700390063
8074,鉅橡,57,0,57,國票-敦北法人,2024-05-21,0037003700390063
3551,世禾,57,0,57,國票-敦北法人,2024-05-21,0037003700390063
1815,富喬,135,81,54,國票-敦北法人,2024-05-21,0037003700390063
2383,台光電,52,0,52,國票-敦北法人,2024-05-21,0037003700390063
1402,遠東新,51,0,51,國票-敦北法人,2024-05-21,0037003700390063
5388,中磊,54,7,47,國票-敦北法人,2024-05-21,0037003700390063
00753L,中信中國50正2,120,73,47,國票-敦北法人,2024-05-21,0037003700390063
2515,中工,45,0,45,國票-敦北法人,2024-05-21,0037003700390063
00881,國泰台灣5G+,44,0,44,國票-敦北法人,2024-05-21,0037003700390063
5392,能率,64,23,41,國票-敦北法人,2024-05-21,0037003700390063
3624,光頡,40,0,40,國票-敦北法人,2024-05-21,0037003700390063
1102,亞泥,37,0,37,國票-敦北法人,2024-05-21,0037003700390063
2359,所羅門,85,48,37,國票-敦北法人,2024-05-21,0037003700390063
5289,宜鼎,36,0,36,國票-敦北法人,2024-05-21,0037003700390063
1442,名軒,30,0,30,國票-敦北法人,2024-05-21,0037003700390063
9958,世紀鋼,110,81,29,國票-敦北法人,2024-05-21,0037003700390063
3044,健鼎,28,0,28,國票-敦北法人,2024-05-21,0037003700390063
2618,長榮航,28,2,26,國票-敦北法人,2024-05-21,0037003700390063
3363,上詮,43,17,26,國票-敦北法人,2024-05-21,0037003700390063
3032,偉訓,27,2,25,國票-敦北法人,2024-05-21,0037003700390063
00701,國泰股利精選30,25,0,25,國票-敦北法人,2024-05-21,0037003700390063
2801,彰銀,25,0,25,國票-敦北法人,2024-05-21,0037003700390063
6415,矽力*-KY,24,0,24,國票-敦北法人,2024-05-21,0037003700390063
1101,台泥,27,4,23,國票-敦北法人,2024-05-21,0037003700390063
2486,一詮,66,43,23,國票-敦北法人,2024-05-21,0037003700390063
2303,聯電,1447,122,1325,國票-敦北法人,2024-05-22,0037003700390063
2027,大成鋼,1165,27,1138,國票-敦北法人,2024-05-22,0037003700390063
2365,昆盈,1097,43,1054,國票-敦北法人,2024-05-22,0037003700390063
2330,台積電,500,7,493,國票-敦北法人,2024-05-22,0037003700390063
5371,中光電,467,35,432,國票-敦北法人,2024-05-22,0037003700390063
2353,宏��,525,129,396,國票-敦北法人,2024-05-22,0037003700390063
3037,欣興,331,0,331,國票-敦北法人,2024-05-22,0037003700390063
6451,訊芯-KY,297,48,249,國票-敦北法人,2024-05-22,0037003700390063
3363,上詮,503,363,140,國票-敦北法人,2024-05-22,0037003700390063
6415,矽力*-KY,121,8,113,國票-敦北法人,2024-05-22,0037003700390063
1449,佳和,110,0,110,國票-敦北法人,2024-05-22,0037003700390063
2465,麗臺,198,103,95,國票-敦北法人,2024-05-22,0037003700390063
8040,九暘,89,0,89,國票-敦北法人,2024-05-22,0037003700390063
00676R,富邦臺灣加權反1,80,0,80,國票-敦北法人,2024-05-22,0037003700390063
9955,佳龍,82,5,77,國票-敦北法人,2024-05-22,0037003700390063
00632R,元大台灣50反1,67,0,67,國票-敦北法人,2024-05-22,0037003700390063
00936,台新永續高息中小,63,0,63,國票-敦北法人,2024-05-22,0037003700390063
8112,至上,59,0,59,國票-敦北法人,2024-05-22,0037003700390063
8074,鉅橡,57,0,57,國票-敦北法人,2024-05-22,0037003700390063
6526,達發,62,9,53,國票-敦北法人,2024-05-22,0037003700390063
1316,上曜,51,0,51,國票-敦北法人,2024-05-22,0037003700390063
3032,偉訓,50,0,50,國票-敦北法人,2024-05-22,0037003700390063
8028,昇陽半導體,113,64,49,國票-敦北法人,2024-05-22,0037003700390063
2383,台光電,48,0,48,國票-敦北法人,2024-05-22,0037003700390063
6806,森崴能源,56,8,48,國票-敦北法人,2024-05-22,0037003700390063
3533,嘉澤,43,0,43,國票-敦北法人,2024-05-22,0037003700390063
2106,建大,41,0,41,國票-敦北法人,2024-05-22,0037003700390063
2486,一詮,41,3,38,國票-敦北法人,2024-05-22,0037003700390063
6213,聯茂,51,13,38,國票-敦北法人,2024-05-22,0037003700390063
6805,富世達,38,1,37,國票-敦北法人,2024-05-22,0037003700390063
1102,亞泥,33,0,33,國票-敦北法人,2024-05-22,0037003700390063
3044,健鼎,31,1,30,國票-敦北法人,2024-05-22,0037003700390063
3049,精金,30,0,30,國票-敦北法人,2024-05-22,0037003700390063
2884,玉山金,79,50,29,國票-敦北法人,2024-05-22,0037003700390063
2345,智邦,31,2,29,國票-敦北法人,2024-05-22,0037003700390063
3024,憶聲,30,2,28,國票-敦北法人,2024-05-22,0037003700390063
2495,普安,30,2,28,國票-敦北法人,2024-05-22,0037003700390063
6197,佳必琪,34,7,27,國票-敦北法人,2024-05-22,0037003700390063
5269,祥碩,27,0,27,國票-敦北法人,2024-05-22,0037003700390063
6161,捷波,26,0,26,國票-敦北法人,2024-05-22,0037003700390063
2880,華南金,26,0,26,國票-敦北法人,2024-05-22,0037003700390063
00680L,元大美債20正2,115,90,25,國票-敦北法人,2024-05-22,0037003700390063
2464,盟立,91,67,24,國票-敦北法人,2024-05-22,0037003700390063
6753,龍德造船,24,0,24,國票-敦北法人,2024-05-22,0037003700390063
2392,正崴,27,4,23,國票-敦北法人,2024-05-22,0037003700390063
4979,華星光,45,23,22,國票-敦北法人,2024-05-22,0037003700390063
2634,漢翔,22,0,22,國票-敦北法人,2024-05-22,0037003700390063
3483,力致,47,25,22,國票-敦北法人,2024-05-22,0037003700390063
9958,世紀鋼,30,9,21,國票-敦北法人,2024-05-22,0037003700390063
1402,遠東新,20,0,20,國票-敦北法人,2024-05-22,0037003700390063
3231,緯創,1636,9,1627,國票-敦北法人,2024-05-23,0037003700390063
2365,昆盈,1623,262,1361,國票-敦北法人,2024-05-23,0037003700390063
2027,大成鋼,1262,4,1258,國票-敦北法人,2024-05-23,0037003700390063
2392,正崴,1748,859,889,國票-敦北法人,2024-05-23,0037003700390063
2486,一詮,866,52,814,國票-敦北法人,2024-05-23,0037003700390063
2890,永豐金,626,74,552,國票-敦北法人,2024-05-23,0037003700390063
3042,晶技,502,2,500,國票-敦北法人,2024-05-23,0037003700390063
4938,和碩,501,1,500,國票-敦北法人,2024-05-23,0037003700390063
2301,光寶科,807,311,496,國票-敦北法人,2024-05-23,0037003700390063
2323,中環,445,0,445,國票-敦北法人,2024-05-23,0037003700390063
8069,元太,326,26,300,國票-敦北法人,2024-05-23,0037003700390063
2603,長榮,306,9,297,國票-敦北法人,2024-05-23,0037003700390063
3037,欣興,250,7,243,國票-敦北法人,2024-05-23,0037003700390063
6125,廣運,258,20,238,國票-敦北法人,2024-05-23,0037003700390063
2354,鴻準,282,67,215,國票-敦北法人,2024-05-23,0037003700390063
5483,中美晶,195,3,192,國票-敦北法人,2024-05-23,0037003700390063
2356,英業達,174,10,164,國票-敦北法人,2024-05-23,0037003700390063
2465,麗臺,149,7,142,國票-敦北法人,2024-05-23,0037003700390063
2204,中華,134,0,134,國票-敦北法人,2024-05-23,0037003700390063
2330,台積電,135,6,129,國票-敦北法人,2024-05-23,0037003700390063
3665,貿聯-KY,108,0,108,國票-敦北法人,2024-05-23,0037003700390063
00632R,元大台灣50反1,103,0,103,國票-敦北法人,2024-05-23,0037003700390063
1216,統一,100,1,99,國票-敦北法人,2024-05-23,0037003700390063
2615,萬海,100,3,97,國票-敦北法人,2024-05-23,0037003700390063
2609,陽明,105,20,85,國票-敦北法人,2024-05-23,0037003700390063
2404,漢唐,80,0,80,國票-敦北法人,2024-05-23,0037003700390063
00940,元大台灣價值高息,81,1,80,國票-敦北法人,2024-05-23,0037003700390063
00665L,富邦�琤肭磪囓�2,68,0,68,國票-敦北法人,2024-05-23,0037003700390063
00882,中信中國高股息,61,0,61,國票-敦北法人,2024-05-23,0037003700390063
3450,聯鈞,61,1,60,國票-敦北法人,2024-05-23,0037003700390063
2368,金像電,53,0,53,國票-敦北法人,2024-05-23,0037003700390063
2208,台船,47,0,47,國票-敦北法人,2024-05-23,0037003700390063
2367,燿華,117,70,47,國票-敦北法人,2024-05-23,0037003700390063
1504,東元,49,4,45,國票-敦北法人,2024-05-23,0037003700390063
2379,瑞昱,44,0,44,國票-敦北法人,2024-05-23,0037003700390063
5312,寶島科,37,0,37,國票-敦北法人,2024-05-23,0037003700390063
2530,華建,35,0,35,國票-敦北法人,2024-05-23,0037003700390063
3338,泰碩,64,29,35,國票-敦北法人,2024-05-23,0037003700390063
4566,時碩工業,33,0,33,國票-敦北法人,2024-05-23,0037003700390063
1809,中釉,37,7,30,國票-敦北法人,2024-05-23,0037003700390063
3653,健策,30,0,30,國票-敦北法人,2024-05-23,0037003700390063
2106,建大,30,0,30,國票-敦北法人,2024-05-23,0037003700390063
2883,凱基金,27,0,27,國票-敦北法人,2024-05-23,0037003700390063
5258,虹堡,25,0,25,國票-敦北法人,2024-05-23,0037003700390063
2408,南亞科,26,1,25,國票-敦北法人,2024-05-23,0037003700390063
2324,仁寶,77,53,24,國票-敦北法人,2024-05-23,0037003700390063
3324,雙鴻,37,14,23,國票-敦北法人,2024-05-23,0037003700390063
00929,復華台灣科技優息,33,10,23,國票-敦北法人,2024-05-23,0037003700390063
00937B,群益ESG投等債20,37,14,23,國票-敦北法人,2024-05-23,0037003700390063
5426,振發,25,2,23,國票-敦北法人,2024-05-23,0037003700390063
3047,訊舟,823,16,807,國票-敦北法人,2024-05-24,0037003700390063
3055,蔚華科,642,83,559,國票-敦北法人,2024-05-24,0037003700390063
5474,聰泰,570,15,555,國票-敦北法人,2024-05-24,0037003700390063
3450,聯鈞,342,19,323,國票-敦北法人,2024-05-24,0037003700390063
6415,矽力*-KY,252,0,252,國票-敦北法人,2024-05-24,0037003700390063
3363,上詮,267,31,236,國票-敦北法人,2024-05-24,0037003700390063
1815,富喬,300,77,223,國票-敦北法人,2024-05-24,0037003700390063
2489,瑞軒,253,34,219,國票-敦北法人,2024-05-24,0037003700390063
3037,欣興,209,1,208,國票-敦北法人,2024-05-24,0037003700390063
5009,榮剛,203,3,200,國票-敦北法人,2024-05-24,0037003700390063
2354,鴻準,194,25,169,國票-敦北法人,2024-05-24,0037003700390063
6223,旺矽,203,53,150,國票-敦北法人,2024-05-24,0037003700390063
6271,同欣電,135,3,132,國票-敦北法人,2024-05-24,0037003700390063
9105,泰金寶-DR,125,0,125,國票-敦北法人,2024-05-24,0037003700390063
00632R,元大台灣50反1,124,5,119,國票-敦北法人,2024-05-24,0037003700390063
3030,德律,103,2,101,國票-敦北法人,2024-05-24,0037003700390063
2357,華碩,108,11,97,國票-敦北法人,2024-05-24,0037003700390063
6257,矽格,91,1,90,國票-敦北法人,2024-05-24,0037003700390063
3234,光環,95,12,83,國票-敦北法人,2024-05-24,0037003700390063
6928,攸泰科技,80,1,79,國票-敦北法人,2024-05-24,0037003700390063
2609,陽明,75,4,71,國票-敦北法人,2024-05-24,0037003700390063
00637L,元大滬深300正2,70,2,68,國票-敦北法人,2024-05-24,0037003700390063
6719,力智,70,5,65,國票-敦北法人,2024-05-24,0037003700390063
00937B,群益ESG投等債20,63,0,63,國票-敦北法人,2024-05-24,0037003700390063
3596,智易,57,0,57,國票-敦北法人,2024-05-24,0037003700390063
3036,文曄,66,9,57,國票-敦北法人,2024-05-24,0037003700390063
5234,達興材料,91,35,56,國票-敦北法人,2024-05-24,0037003700390063
8155,博智,55,1,54,國票-敦北法人,2024-05-24,0037003700390063
3380,明泰,52,1,51,國票-敦北法人,2024-05-24,0037003700390063
4953,緯軟,50,0,50,國票-敦北法人,2024-05-24,0037003700390063
2379,瑞昱,46,5,41,國票-敦北法人,2024-05-24,0037003700390063
2892,第一金,40,0,40,國票-敦北法人,2024-05-24,0037003700390063
00676R,富邦臺灣加權反1,40,0,40,國票-敦北法人,2024-05-24,0037003700390063
2371,大同,70,32,38,國票-敦北法人,2024-05-24,0037003700390063
1303,南亞,36,1,35,國票-敦北法人,2024-05-24,0037003700390063
8996,高力,49,14,35,國票-敦北法人,2024-05-24,0037003700390063
5904,寶雅,30,0,30,國票-敦北法人,2024-05-24,0037003700390063
00712,復華富時不動產,26,0,26,國票-敦北法人,2024-05-24,0037003700390063
3680,家登,30,4,26,國票-敦北法人,2024-05-24,0037003700390063
1785,光洋科,26,0,26,國票-敦北法人,2024-05-24,0037003700390063
3466,德晉,25,0,25,國票-敦北法人,2024-05-24,0037003700390063
5312,寶島科,21,0,21,國票-敦北法人,2024-05-24,0037003700390063
00882,中信中國高股息,20,0,20,國票-敦北法人,2024-05-24,0037003700390063
2630,亞航,20,0,20,國票-敦北法人,2024-05-24,0037003700390063
1475,業旺,20,0,20,國票-敦北法人,2024-05-24,0037003700390063
4543,萬在,29,9,20,國票-敦北法人,2024-05-24,0037003700390063
2884,玉山金,19,0,19,國票-敦北法人,2024-05-24,0037003700390063
8064,東捷,51,33,18,國票-敦北法人,2024-05-24,0037003700390063
1810,和成,95,78,17,國票-敦北法人,2024-05-24,0037003700390063
6188,廣明,26,10,16,國票-敦北法人,2024-05-24,0037003700390063
2486,一詮,1797,111,1686,國票-敦北法人,2024-05-27,0037003700390063
2603,長榮,888,69,819,國票-敦北法人,2024-05-27,0037003700390063
1815,富喬,840,39,801,國票-敦北法人,2024-05-27,0037003700390063
2365,昆盈,800,1,799,國票-敦北法人,2024-05-27,0037003700390063
4543,萬在,701,76,625,國票-敦北法人,2024-05-27,0037003700390063
2354,鴻準,1083,470,613,國票-敦北法人,2024-05-27,0037003700390063
2308,台達電,700,88,612,國票-敦北法人,2024-05-27,0037003700390063
3202,樺晟,406,4,402,國票-敦北法人,2024-05-27,0037003700390063
2801,彰銀,320,0,320,國票-敦北法人,2024-05-27,0037003700390063
6188,廣明,356,41,315,國票-敦北法人,2024-05-27,0037003700390063
8069,元太,311,0,311,國票-敦北法人,2024-05-27,0037003700390063
3466,德晉,330,67,263,國票-敦北法人,2024-05-27,0037003700390063
2634,漢翔,256,0,256,國票-敦北法人,2024-05-27,0037003700390063
3306,鼎天,259,16,243,國票-敦北法人,2024-05-27,0037003700390063
2377,微星,275,32,243,國票-敦北法人,2024-05-27,0037003700390063
2834,臺企銀,241,0,241,國票-敦北法人,2024-05-27,0037003700390063
6161,捷波,249,10,239,國票-敦北法人,2024-05-27,0037003700390063
00929,復華台灣科技優息,265,34,231,國票-敦北法人,2024-05-27,0037003700390063
00946,群益科技高息成長,224,0,224,國票-敦北法人,2024-05-27,0037003700390063
00753L,中信中國50正2,205,0,205,國票-敦北法人,2024-05-27,0037003700390063
4952,凌通,214,17,197,國票-敦北法人,2024-05-27,0037003700390063
2609,陽明,357,179,178,國票-敦北法人,2024-05-27,0037003700390063
3535,晶彩科,153,2,151,國票-敦北法人,2024-05-27,0037003700390063
2353,宏��,154,40,114,國票-敦北法人,2024-05-27,0037003700390063
1102,亞泥,108,0,108,國票-敦北法人,2024-05-27,0037003700390063
3450,聯鈞,258,160,98,國票-敦北法人,2024-05-27,0037003700390063
2383,台光電,70,0,70,國票-敦北法人,2024-05-27,0037003700390063
2371,大同,96,29,67,國票-敦北法人,2024-05-27,0037003700390063
2382,廣達,98,32,66,國票-敦北法人,2024-05-27,0037003700390063
4979,華星光,114,57,57,國票-敦北法人,2024-05-27,0037003700390063
3017,奇鋐,70,14,56,國票-敦北法人,2024-05-27,0037003700390063
6643,M31,58,2,56,國票-敦北法人,2024-05-27,0037003700390063
1513,中興電,51,4,47,國票-敦北法人,2024-05-27,0037003700390063
3706,神達,49,3,46,國票-敦北法人,2024-05-27,0037003700390063
6189,豐藝,50,6,44,國票-敦北法人,2024-05-27,0037003700390063
00632R,元大台灣50反1,41,0,41,國票-敦北法人,2024-05-27,0037003700390063
2439,美律,40,0,40,國票-敦北法人,2024-05-27,0037003700390063
8112,至上,45,5,40,國票-敦北法人,2024-05-27,0037003700390063
6806,森崴能源,41,4,37,國票-敦北法人,2024-05-27,0037003700390063
5371,中光電,171,135,36,國票-敦北法人,2024-05-27,0037003700390063
00919,群益台灣精選高息,48,13,35,國票-敦北法人,2024-05-27,0037003700390063
3324,雙鴻,78,45,33,國票-敦北法人,2024-05-27,0037003700390063
5312,寶島科,32,0,32,國票-敦北法人,2024-05-27,0037003700390063
6515,穎崴,30,0,30,國票-敦北法人,2024-05-27,0037003700390063
3357,臺慶科,30,0,30,國票-敦北法人,2024-05-27,0037003700390063
3712,永崴投控,40,10,30,國票-敦北法人,2024-05-27,0037003700390063
2363,矽統,177,147,30,國票-敦北法人,2024-05-27,0037003700390063
6449,鈺邦,31,2,29,國票-敦北法人,2024-05-27,0037003700390063
00937B,群益ESG投等債20,40,11,29,國票-敦北法人,2024-05-27,0037003700390063
2376,技嘉,27,2,25,國票-敦北法人,2024-05-27,0037003700390063
2603,長榮,1161,26,1135,國票-敦北法人,2024-05-28,0037003700390063
3047,訊舟,1027,14,1013,國票-敦北法人,2024-05-28,0037003700390063
2356,英業達,887,71,816,國票-敦北法人,2024-05-28,0037003700390063
2613,中櫃,717,16,701,國票-敦北法人,2024-05-28,0037003700390063
1605,華新,699,5,694,國票-敦北法人,2024-05-28,0037003700390063
3035,智原,697,51,646,國票-敦北法人,2024-05-28,0037003700390063
2303,聯電,611,20,591,國票-敦北法人,2024-05-28,0037003700390063
1708,東鹼,565,0,565,國票-敦北法人,2024-05-28,0037003700390063
6117,迎廣,596,35,561,國票-敦北法人,2024-05-28,0037003700390063
2365,昆盈,405,6,399,國票-敦北法人,2024-05-28,0037003700390063
6227,茂綸,420,28,392,國票-敦北法人,2024-05-28,0037003700390063
9921,巨大,483,98,385,國票-敦北法人,2024-05-28,0037003700390063
2317,鴻海,560,186,374,國票-敦北法人,2024-05-28,0037003700390063
6207,雷科,365,31,334,國票-敦北法人,2024-05-28,0037003700390063
6189,豐藝,381,51,330,國票-敦北法人,2024-05-28,0037003700390063
2301,光寶科,408,84,324,國票-敦北法人,2024-05-28,0037003700390063
2458,義隆,311,0,311,國票-敦北法人,2024-05-28,0037003700390063
3055,蔚華科,328,33,295,國票-敦北法人,2024-05-28,0037003700390063
3231,緯創,369,87,282,國票-敦北法人,2024-05-28,0037003700390063
6269,台郡,209,0,209,國票-敦北法人,2024-05-28,0037003700390063
00929,復華台灣科技優息,194,2,192,國票-敦北法人,2024-05-28,0037003700390063
2882,國泰金,190,38,152,國票-敦北法人,2024-05-28,0037003700390063
2324,仁寶,164,14,150,國票-敦北法人,2024-05-28,0037003700390063
5269,祥碩,108,1,107,國票-敦北法人,2024-05-28,0037003700390063
1477,聚陽,95,2,93,國票-敦北法人,2024-05-28,0037003700390063
5483,中美晶,83,0,83,國票-敦北法人,2024-05-28,0037003700390063
6231,系微,86,4,82,國票-敦北法人,2024-05-28,0037003700390063
2357,華碩,173,100,73,國票-敦北法人,2024-05-28,0037003700390063
5426,振發,61,1,60,國票-敦北法人,2024-05-28,0037003700390063
3376,新日興,62,2,60,國票-敦北法人,2024-05-28,0037003700390063
3131,弘塑,60,0,60,國票-敦北法人,2024-05-28,0037003700390063
2489,瑞軒,59,2,57,國票-敦北法人,2024-05-28,0037003700390063
2495,普安,69,13,56,國票-敦北法人,2024-05-28,0037003700390063
3548,兆利,51,0,51,國票-敦北法人,2024-05-28,0037003700390063
2605,新興,61,11,50,國票-敦北法人,2024-05-28,0037003700390063
00637L,元大滬深300正2,40,0,40,國票-敦北法人,2024-05-28,0037003700390063
2427,三商電,40,0,40,國票-敦北法人,2024-05-28,0037003700390063
6230,尼得科超眾,36,0,36,國票-敦北法人,2024-05-28,0037003700390063
1582,信錦,37,3,34,國票-敦北法人,2024-05-28,0037003700390063
3483,力致,37,3,34,國票-敦北法人,2024-05-28,0037003700390063
00919,群益台灣精選高息,34,0,34,國票-敦北法人,2024-05-28,0037003700390063
6176,瑞儀,31,1,30,國票-敦北法人,2024-05-28,0037003700390063
8071,能率網通,30,0,30,國票-敦北法人,2024-05-28,0037003700390063
2401,凌陽,58,29,29,國票-敦北法人,2024-05-28,0037003700390063
3711,日月光投控,30,1,29,國票-敦北法人,2024-05-28,0037003700390063
3481,群創,27,0,27,國票-敦北法人,2024-05-28,0037003700390063
00937B,群益ESG投等債20,26,0,26,國票-敦北法人,2024-05-28,0037003700390063
3033,威健,27,4,23,國票-敦北法人,2024-05-28,0037003700390063
6168,宏齊,20,0,20,國票-敦北法人,2024-05-28,0037003700390063
2707,晶華,20,0,20,國票-敦北法人,2024-05-28,0037003700390063
00891,中信關鍵半導體,1000,0,1000,國票-敦北法人,2024-05-29,0037003700390063
4533,協易機,869,16,853,國票-敦北法人,2024-05-29,0037003700390063
8054,安國,734,96,638,國票-敦北法人,2024-05-29,0037003700390063
1708,東鹼,589,0,589,國票-敦北法人,2024-05-29,0037003700390063
2317,鴻海,763,289,474,國票-敦北法人,2024-05-29,0037003700390063
6462,神盾,427,6,421,國票-敦北法人,2024-05-29,0037003700390063
1785,光洋科,402,57,345,國票-敦北法人,2024-05-29,0037003700390063
2613,中櫃,972,666,306,國票-敦北法人,2024-05-29,0037003700390063
2515,中工,330,32,298,國票-敦北法人,2024-05-29,0037003700390063
6269,台郡,291,0,291,國票-敦北法人,2024-05-29,0037003700390063
5230,雷笛克光學,282,29,253,國票-敦北法人,2024-05-29,0037003700390063
3443,創意,237,13,224,國票-敦北法人,2024-05-29,0037003700390063
5609,中菲行,212,0,212,國票-敦北法人,2024-05-29,0037003700390063
3189,景碩,200,0,200,國票-敦北法人,2024-05-29,0037003700390063
6197,佳必琪,211,13,198,國票-敦北法人,2024-05-29,0037003700390063
00715L,期街口布蘭特正2,190,0,190,國票-敦北法人,2024-05-29,0037003700390063
3048,益登,118,3,115,國票-敦北法人,2024-05-29,0037003700390063
2421,建準,115,0,115,國票-敦北法人,2024-05-29,0037003700390063
2486,一詮,109,3,106,國票-敦北法人,2024-05-29,0037003700390063
3055,蔚華科,131,27,104,國票-敦北法人,2024-05-29,0037003700390063
2356,英業達,96,1,95,國票-敦北法人,2024-05-29,0037003700390063
8210,勤誠,107,12,95,國票-敦北法人,2024-05-29,0037003700390063
6188,廣明,124,31,93,國票-敦北法人,2024-05-29,0037003700390063
2241,艾姆勒,94,2,92,國票-敦北法人,2024-05-29,0037003700390063
2609,陽明,131,49,82,國票-敦北法人,2024-05-29,0037003700390063
2308,台達電,75,0,75,國票-敦北法人,2024-05-29,0037003700390063
4967,十銓,88,15,73,國票-敦北法人,2024-05-29,0037003700390063
6274,台燿,61,0,61,國票-敦北法人,2024-05-29,0037003700390063
8121,越峰,52,0,52,國票-敦北法人,2024-05-29,0037003700390063
2634,漢翔,51,1,50,國票-敦北法人,2024-05-29,0037003700390063
8112,至上,61,12,49,國票-敦北法人,2024-05-29,0037003700390063
1815,富喬,67,21,46,國票-敦北法人,2024-05-29,0037003700390063
2367,燿華,55,12,43,國票-敦北法人,2024-05-29,0037003700390063
3033,威健,41,0,41,國票-敦北法人,2024-05-29,0037003700390063
5426,振發,42,2,40,國票-敦北法人,2024-05-29,0037003700390063
3324,雙鴻,61,23,38,國票-敦北法人,2024-05-29,0037003700390063
2328,廣宇,74,38,36,國票-敦北法人,2024-05-29,0037003700390063
2383,台光電,35,0,35,國票-敦北法人,2024-05-29,0037003700390063
2610,華航,35,2,33,國票-敦北法人,2024-05-29,0037003700390063
00929,復華台灣科技優息,32,0,32,國票-敦北法人,2024-05-29,0037003700390063
2884,玉山金,40,10,30,國票-敦北法人,2024-05-29,0037003700390063
2891,中信金,27,0,27,國票-敦北法人,2024-05-29,0037003700390063
5312,寶島科,26,0,26,國票-敦北法人,2024-05-29,0037003700390063
2377,微星,28,4,24,國票-敦北法人,2024-05-29,0037003700390063
2887,台新金,22,0,22,國票-敦北法人,2024-05-29,0037003700390063
00679B,元大美債20年,21,0,21,國票-敦北法人,2024-05-29,0037003700390063
2641,正德,24,3,21,國票-敦北法人,2024-05-29,0037003700390063
2405,輔信,32,11,21,國票-敦北法人,2024-05-29,0037003700390063
00878,國泰永續高股息,20,0,20,國票-敦北法人,2024-05-29,0037003700390063
2618,長榮航,35,16,19,國票-敦北法人,2024-05-29,0037003700390063
2345,智邦,960,25,935,國票-敦北法人,2024-05-30,0037003700390063
1708,東鹼,597,0,597,國票-敦北法人,2024-05-30,0037003700390063
00929,復華台灣科技優息,330,0,330,國票-敦北法人,2024-05-30,0037003700390063
5609,中菲行,214,0,214,國票-敦北法人,2024-05-30,0037003700390063
9910,豐泰,150,0,150,國票-敦北法人,2024-05-30,0037003700390063
3055,蔚華科,361,217,144,國票-敦北法人,2024-05-30,0037003700390063
3362,先進光,121,3,118,國票-敦北法人,2024-05-30,0037003700390063
00940,元大台灣價值高息,112,0,112,國票-敦北法人,2024-05-30,0037003700390063
2348,海悅,99,1,98,國票-敦北法人,2024-05-30,0037003700390063
2609,陽明,105,11,94,國票-敦北法人,2024-05-30,0037003700390063
2610,華航,68,1,67,國票-敦北法人,2024-05-30,0037003700390063
1303,南亞,57,0,57,國票-敦北法人,2024-05-30,0037003700390063
8085,福華,52,1,51,國票-敦北法人,2024-05-30,0037003700390063
2884,玉山金,49,6,43,國票-敦北法人,2024-05-30,0037003700390063
2454,聯發科,45,2,43,國票-敦北法人,2024-05-30,0037003700390063
2634,漢翔,39,0,39,國票-敦北法人,2024-05-30,0037003700390063
1453,大將,39,0,39,國票-敦北法人,2024-05-30,0037003700390063
00878,國泰永續高股息,39,0,39,國票-敦北法人,2024-05-30,0037003700390063
2351,順德,53,15,38,國票-敦北法人,2024-05-30,0037003700390063
3312,弘憶股,115,77,38,國票-敦北法人,2024-05-30,0037003700390063
6415,矽力*-KY,37,0,37,國票-敦北法人,2024-05-30,0037003700390063
3548,兆利,36,3,33,國票-敦北法人,2024-05-30,0037003700390063
2501,國建,38,5,33,國票-敦北法人,2024-05-30,0037003700390063
3264,欣銓,35,2,33,國票-敦北法人,2024-05-30,0037003700390063
3715,定穎投控,35,2,33,國票-敦北法人,2024-05-30,0037003700390063
2344,華邦電,43,10,33,國票-敦北法人,2024-05-30,0037003700390063
00881,國泰台灣5G+,31,0,31,國票-敦北法人,2024-05-30,0037003700390063
3380,明泰,31,0,31,國票-敦北法人,2024-05-30,0037003700390063
2404,漢唐,30,0,30,國票-敦北法人,2024-05-30,0037003700390063
2104,國際中橡,30,0,30,國票-敦北法人,2024-05-30,0037003700390063
2442,新美齊,30,1,29,國票-敦北法人,2024-05-30,0037003700390063
3706,神達,30,1,29,國票-敦北法人,2024-05-30,0037003700390063
8096,擎亞,29,3,26,國票-敦北法人,2024-05-30,0037003700390063
8358,金居,34,9,25,國票-敦北法人,2024-05-30,0037003700390063
2383,台光電,24,0,24,國票-敦北法人,2024-05-30,0037003700390063
3017,奇鋐,34,10,24,國票-敦北法人,2024-05-30,0037003700390063
3483,力致,34,11,23,國票-敦北法人,2024-05-30,0037003700390063
00937B,群益ESG投等債20,22,0,22,國票-敦北法人,2024-05-30,0037003700390063
2401,凌陽,26,4,22,國票-敦北法人,2024-05-30,0037003700390063
6863,永道-KY,21,1,20,國票-敦北法人,2024-05-30,0037003700390063
4167,松瑞藥,20,0,20,國票-敦北法人,2024-05-30,0037003700390063
1815,富喬,220,200,20,國票-敦北法人,2024-05-30,0037003700390063
5244,弘凱,25,5,20,國票-敦北法人,2024-05-30,0037003700390063
6435,大中,18,0,18,國票-敦北法人,2024-05-30,0037003700390063
4968,立積,17,0,17,國票-敦北法人,2024-05-30,0037003700390063
3231,緯創,30,13,17,國票-敦北法人,2024-05-30,0037003700390063
00679B,元大美債20年,16,0,16,國票-敦北法人,2024-05-30,0037003700390063
2801,彰銀,16,0,16,國票-敦北法人,2024-05-30,0037003700390063
2363,矽統,20,4,16,國票-敦北法人,2024-05-30,0037003700390063
5312,寶島科,16,0,16,國票-敦北法人,2024-05-30,0037003700390063
2027,大成鋼,1035,6,1029,國票-敦北法人,2024-05-31,0037003700390063
2537,聯上發,603,2,601,國票-敦北法人,2024-05-31,0037003700390063
4566,時碩工業,429,66,363,國票-敦北法人,2024-05-31,0037003700390063
3202,樺晟,315,3,312,國票-敦北法人,2024-05-31,0037003700390063
6177,達麗,335,24,311,國票-敦北法人,2024-05-31,0037003700390063
0050,元大台灣50,301,4,297,國票-敦北法人,2024-05-31,0037003700390063
2421,建準,221,0,221,國票-敦北法人,2024-05-31,0037003700390063
5609,中菲行,216,1,215,國票-敦北法人,2024-05-31,0037003700390063
3037,欣興,206,0,206,國票-敦北法人,2024-05-31,0037003700390063
2641,正德,202,13,189,國票-敦北法人,2024-05-31,0037003700390063
1473,台南,139,6,133,國票-敦北法人,2024-05-31,0037003700390063
5864,致和證,100,0,100,國票-敦北法人,2024-05-31,0037003700390063
2330,台積電,99,9,90,國票-敦北法人,2024-05-31,0037003700390063
5608,四維航,81,0,81,國票-敦北法人,2024-05-31,0037003700390063
3033,威健,83,12,71,國票-敦北法人,2024-05-31,0037003700390063
8027,鈦昇,71,1,70,國票-敦北法人,2024-05-31,0037003700390063
2834,臺企銀,60,0,60,國票-敦北法人,2024-05-31,0037003700390063
3362,先進光,113,54,59,國票-敦北法人,2024-05-31,0037003700390063
2014,中鴻,56,0,56,國票-敦北法人,2024-05-31,0037003700390063
2344,華邦電,55,0,55,國票-敦北法人,2024-05-31,0037003700390063
3055,蔚華科,81,40,41,國票-敦北法人,2024-05-31,0037003700390063
5312,寶島科,35,0,35,國票-敦北法人,2024-05-31,0037003700390063
6188,廣明,127,92,35,國票-敦北法人,2024-05-31,0037003700390063
5230,雷笛克光學,47,13,34,國票-敦北法人,2024-05-31,0037003700390063
2603,長榮,79,47,32,國票-敦北法人,2024-05-31,0037003700390063
6805,富世達,32,0,32,國票-敦北法人,2024-05-31,0037003700390063
3680,家登,30,0,30,國票-敦北法人,2024-05-31,0037003700390063
1711,永光,30,0,30,國票-敦北法人,2024-05-31,0037003700390063
2528,皇普,30,0,30,國票-敦北法人,2024-05-31,0037003700390063
6264,富裔,30,0,30,國票-敦北法人,2024-05-31,0037003700390063
9105,泰金寶-DR,30,0,30,國票-敦北法人,2024-05-31,0037003700390063
4128,中天,28,0,28,國票-敦北法人,2024-05-31,0037003700390063
4903,聯光通,26,1,25,國票-敦北法人,2024-05-31,0037003700390063
3231,緯創,22,2,20,國票-敦北法人,2024-05-31,0037003700390063
9958,世紀鋼,26,6,20,國票-敦北法人,2024-05-31,0037003700390063
8028,昇陽半導體,21,2,19,國票-敦北法人,2024-05-31,0037003700390063
6695,芯鼎,53,35,18,國票-敦北法人,2024-05-31,0037003700390063
6143,振曜,20,2,18,國票-敦北法人,2024-05-31,0037003700390063
3596,智易,20,3,17,國票-敦北法人,2024-05-31,0037003700390063
1417,嘉裕,35,18,17,國票-敦北法人,2024-05-31,0037003700390063
3406,玉晶光,16,0,16,國票-敦北法人,2024-05-31,0037003700390063
2606,裕民,30,14,16,國票-敦北法人,2024-05-31,0037003700390063
1319,東陽,16,0,16,國票-敦北法人,2024-05-31,0037003700390063
2102,泰豐,15,0,15,國票-敦北法人,2024-05-31,0037003700390063
5269,祥碩,15,0,15,國票-敦北法人,2024-05-31,0037003700390063
1419,新紡,15,0,15,國票-敦北法人,2024-05-31,0037003700390063
5371,中光電,46,31,15,國票-敦北法人,2024-05-31,0037003700390063
3338,泰碩,33,19,14,國票-敦北法人,2024-05-31,0037003700390063
2365,昆盈,30,16,14,國票-敦北法人,2024-05-31,0037003700390063
2369,菱生,16,2,14,國票-敦北法人,2024-05-31,0037003700390063
4967,十銓,547,6,541,國票-敦北法人,2024-06-03,0037003700390063
2486,一詮,535,88,447,國票-敦北法人,2024-06-03,0037003700390063
6239,力成,403,42,361,國票-敦北法人,2024-06-03,0037003700390063
2330,台積電,326,10,316,國票-敦北法人,2024-06-03,0037003700390063
9940,信義,231,0,231,國票-敦北法人,2024-06-03,0037003700390063
5609,中菲行,223,0,223,國票-敦北法人,2024-06-03,0037003700390063
4113,聯上,211,10,201,國票-敦北法人,2024-06-03,0037003700390063
4571,鈞興-KY,201,4,197,國票-敦北法人,2024-06-03,0037003700390063
4566,時碩工業,226,35,191,國票-敦北法人,2024-06-03,0037003700390063
2537,聯上發,853,662,191,國票-敦北法人,2024-06-03,0037003700390063
2501,國建,163,4,159,國票-敦北法人,2024-06-03,0037003700390063
2308,台達電,113,5,108,國票-敦北法人,2024-06-03,0037003700390063
2515,中工,103,8,95,國票-敦北法人,2024-06-03,0037003700390063
8028,昇陽半導體,103,9,94,國票-敦北法人,2024-06-03,0037003700390063
3037,欣興,91,2,89,國票-敦北法人,2024-06-03,0037003700390063
2006,東和鋼鐵,89,0,89,國票-敦北法人,2024-06-03,0037003700390063
1815,富喬,86,4,82,國票-敦北法人,2024-06-03,0037003700390063
4979,華星光,90,11,79,國票-敦北法人,2024-06-03,0037003700390063
00637L,元大滬深300正2,76,3,73,國票-敦北法人,2024-06-03,0037003700390063
2025,千興,69,0,69,國票-敦北法人,2024-06-03,0037003700390063
00919,群益台灣精選高息,63,0,63,國票-敦北法人,2024-06-03,0037003700390063
3264,欣銓,62,0,62,國票-敦北法人,2024-06-03,0037003700390063
3443,創意,63,3,60,國票-敦北法人,2024-06-03,0037003700390063
5426,振發,86,27,59,國票-敦北法人,2024-06-03,0037003700390063
2618,長榮航,58,4,54,國票-敦北法人,2024-06-03,0037003700390063
2889,國票金,122,70,52,國票-敦北法人,2024-06-03,0037003700390063
2641,正德,50,1,49,國票-敦北法人,2024-06-03,0037003700390063
8924,大田,47,0,47,國票-敦北法人,2024-06-03,0037003700390063
2834,臺企銀,41,0,41,國票-敦北法人,2024-06-03,0037003700390063
8085,福華,40,0,40,國票-敦北法人,2024-06-03,0037003700390063
2606,裕民,40,0,40,國票-敦北法人,2024-06-03,0037003700390063
2417,圓剛,42,3,39,國票-敦北法人,2024-06-03,0037003700390063
2887,台新金,38,0,38,國票-敦北法人,2024-06-03,0037003700390063
3033,威健,42,6,36,國票-敦北法人,2024-06-03,0037003700390063
2801,彰銀,39,4,35,國票-敦北法人,2024-06-03,0037003700390063
2465,麗臺,36,3,33,國票-敦北法人,2024-06-03,0037003700390063
5353,台林,32,0,32,國票-敦北法人,2024-06-03,0037003700390063
6415,矽力*-KY,31,0,31,國票-敦北法人,2024-06-03,0037003700390063
2002,中鋼,32,1,31,國票-敦北法人,2024-06-03,0037003700390063
00632R,元大台灣50反1,30,3,27,國票-敦北法人,2024-06-03,0037003700390063
9933,中鼎,28,2,26,國票-敦北法人,2024-06-03,0037003700390063
5312,寶島科,23,0,23,國票-敦北法人,2024-06-03,0037003700390063
6215,和椿,35,12,23,國票-敦北法人,2024-06-03,0037003700390063
8234,新漢,22,0,22,國票-敦北法人,2024-06-03,0037003700390063
3260,威剛,28,7,21,國票-敦北法人,2024-06-03,0037003700390063
5608,四維航,21,0,21,國票-敦北法人,2024-06-03,0037003700390063
3491,昇達科,25,5,20,國票-敦北法人,2024-06-03,0037003700390063
1808,潤隆,20,0,20,國票-敦北法人,2024-06-03,0037003700390063
3207,耀勝,19,0,19,國票-敦北法人,2024-06-03,0037003700390063
1473,台南,100,81,19,國票-敦北法人,2024-06-03,0037003700390063
2884,玉山金,2010,2,2008,國票-敦北法人,2024-06-04,0037003700390063
2331,精英,981,57,924,國票-敦北法人,2024-06-04,0037003700390063
9921,巨大,311,2,309,國票-敦北法人,2024-06-04,0037003700390063
00688L,國泰20年美債正2,250,0,250,國票-敦北法人,2024-06-04,0037003700390063
2888,新光金,267,20,247,國票-敦北法人,2024-06-04,0037003700390063
9940,信義,237,0,237,國票-敦北法人,2024-06-04,0037003700390063
3088,艾訊,249,17,232,國票-敦北法人,2024-06-04,0037003700390063
2850,新產,224,0,224,國票-敦北法人,2024-06-04,0037003700390063
5609,中菲行,221,0,221,國票-敦北法人,2024-06-04,0037003700390063
6546,正基,211,22,189,國票-敦北法人,2024-06-04,0037003700390063
3406,玉晶光,183,0,183,國票-敦北法人,2024-06-04,0037003700390063
2454,聯發科,251,102,149,國票-敦北法人,2024-06-04,0037003700390063
3443,創意,142,1,141,國票-敦北法人,2024-06-04,0037003700390063
3564,其陽,134,6,128,國票-敦北法人,2024-06-04,0037003700390063
5871,中租-KY,122,0,122,國票-敦北法人,2024-06-04,0037003700390063
4533,協易機,135,28,107,國票-敦北法人,2024-06-04,0037003700390063
2352,佳世達,102,1,101,國票-敦北法人,2024-06-04,0037003700390063
6125,廣運,271,174,97,國票-敦北法人,2024-06-04,0037003700390063
6789,采鈺,101,7,94,國票-敦北法人,2024-06-04,0037003700390063
9924,福興,91,0,91,國票-敦北法人,2024-06-04,0037003700390063
4966,譜瑞-KY,96,5,91,國票-敦北法人,2024-06-04,0037003700390063
8299,群聯,113,24,89,國票-敦北法人,2024-06-04,0037003700390063
4526,東台,127,40,87,國票-敦北法人,2024-06-04,0037003700390063
2889,國票金,88,2,86,國票-敦北法人,2024-06-04,0037003700390063
2887,台新金,80,0,80,國票-敦北法人,2024-06-04,0037003700390063
00715L,期街口布蘭特正2,77,0,77,國票-敦北法人,2024-06-04,0037003700390063
2371,大同,67,5,62,國票-敦北法人,2024-06-04,0037003700390063
2538,基泰,50,0,50,國票-敦北法人,2024-06-04,0037003700390063
8924,大田,47,0,47,國票-敦北法人,2024-06-04,0037003700390063
2312,金寶,80,35,45,國票-敦北法人,2024-06-04,0037003700390063
2543,皇昌,40,0,40,國票-敦北法人,2024-06-04,0037003700390063
8085,福華,40,4,36,國票-敦北法人,2024-06-04,0037003700390063
2376,技嘉,37,3,34,國票-敦北法人,2024-06-04,0037003700390063
6147,頎邦,34,0,34,國票-敦北法人,2024-06-04,0037003700390063
2009,第一銅,48,15,33,國票-敦北法人,2024-06-04,0037003700390063
3708,上緯投控,102,69,33,國票-敦北法人,2024-06-04,0037003700390063
1720,生達,30,0,30,國票-敦北法人,2024-06-04,0037003700390063
1590,亞德客-KY,30,0,30,國票-敦北法人,2024-06-04,0037003700390063
3665,貿聯-KY,35,6,29,國票-敦北法人,2024-06-04,0037003700390063
1504,東元,31,3,28,國票-敦北法人,2024-06-04,0037003700390063
5340,建榮,25,0,25,國票-敦北法人,2024-06-04,0037003700390063
3481,群創,25,2,23,國票-敦北法人,2024-06-04,0037003700390063
2641,正德,22,0,22,國票-敦北法人,2024-06-04,0037003700390063
00929,復華台灣科技優息,21,0,21,國票-敦北法人,2024-06-04,0037003700390063
4951,精拓科,21,0,21,國票-敦北法人,2024-06-04,0037003700390063
5426,振發,28,8,20,國票-敦北法人,2024-06-04,0037003700390063
2801,彰銀,20,0,20,國票-敦北法人,2024-06-04,0037003700390063
6209,今國光,21,1,20,國票-敦北法人,2024-06-04,0037003700390063
6288,聯嘉,20,0,20,國票-敦北法人,2024-06-04,0037003700390063
5234,達興材料,30,11,19,國票-敦北法人,2024-06-04,0037003700390063
4958,臻鼎-KY,1800,40,1760,國票-敦北法人,2024-06-05,0037003700390063
2303,聯電,1434,0,1434,國票-敦北法人,2024-06-05,0037003700390063
2353,宏��,1407,2,1405,國票-敦北法人,2024-06-05,0037003700390063
2347,聯強,1122,0,1122,國票-敦北法人,2024-06-05,0037003700390063
3702,大聯大,1041,5,1036,國票-敦北法人,2024-06-05,0037003700390063
2385,群光,1014,1,1013,國票-敦北法人,2024-06-05,0037003700390063
1815,富喬,875,74,801,國票-敦北法人,2024-06-05,0037003700390063
4938,和碩,712,1,711,國票-敦北法人,2024-06-05,0037003700390063
2449,京元電子,714,9,705,國票-敦北法人,2024-06-05,0037003700390063
2482,連宇,631,22,609,國票-敦北法人,2024-06-05,0037003700390063
6239,力成,443,2,441,國票-敦北法人,2024-06-05,0037003700390063
3231,緯創,504,100,404,國票-敦北法人,2024-06-05,0037003700390063
2317,鴻海,429,84,345,國票-敦北法人,2024-06-05,0037003700390063
5483,中美晶,342,0,342,國票-敦北法人,2024-06-05,0037003700390063
3010,華立,240,0,240,國票-敦北法人,2024-06-05,0037003700390063
2615,萬海,247,11,236,國票-敦北法人,2024-06-05,0037003700390063
2850,新產,226,0,226,國票-敦北法人,2024-06-05,0037003700390063
5609,中菲行,225,0,225,國票-敦北法人,2024-06-05,0037003700390063
9924,福興,223,0,223,國票-敦北法人,2024-06-05,0037003700390063
9940,信義,215,0,215,國票-敦北法人,2024-06-05,0037003700390063
9934,成霖,200,0,200,國票-敦北法人,2024-06-05,0037003700390063
2331,精英,217,18,199,國票-敦北法人,2024-06-05,0037003700390063
9921,巨大,184,0,184,國票-敦北法人,2024-06-05,0037003700390063
2101,南港,187,6,181,國票-敦北法人,2024-06-05,0037003700390063
1476,儒鴻,155,0,155,國票-敦北法人,2024-06-05,0037003700390063
9910,豐泰,150,0,150,國票-敦北法人,2024-06-05,0037003700390063
2540,愛山林,135,1,134,國票-敦北法人,2024-06-05,0037003700390063
2609,陽明,495,372,123,國票-敦北法人,2024-06-05,0037003700390063
2330,台積電,139,33,106,國票-敦北法人,2024-06-05,0037003700390063
2605,新興,107,5,102,國票-敦北法人,2024-06-05,0037003700390063
5009,榮剛,101,0,101,國票-敦北法人,2024-06-05,0037003700390063
6741,91APP*-KY,100,0,100,國票-敦北法人,2024-06-05,0037003700390063
3042,晶技,93,0,93,國票-敦北法人,2024-06-05,0037003700390063
00929,復華台灣科技優息,121,33,88,國票-敦北法人,2024-06-05,0037003700390063
3443,創意,83,1,82,國票-敦北法人,2024-06-05,0037003700390063
2345,智邦,75,0,75,國票-敦北法人,2024-06-05,0037003700390063
00715L,期街口布蘭特正2,73,0,73,國票-敦北法人,2024-06-05,0037003700390063
2351,順德,95,32,63,國票-敦北法人,2024-06-05,0037003700390063
2324,仁寶,56,1,55,國票-敦北法人,2024-06-05,0037003700390063
4702,中美實,55,0,55,國票-敦北法人,2024-06-05,0037003700390063
5274,信驊,52,0,52,國票-敦北法人,2024-06-05,0037003700390063
5904,寶雅,50,0,50,國票-敦北法人,2024-06-05,0037003700390063
4953,緯軟,47,0,47,國票-敦北法人,2024-06-05,0037003700390063
8924,大田,50,4,46,國票-敦北法人,2024-06-05,0037003700390063
6643,M31,47,2,45,國票-敦北法人,2024-06-05,0037003700390063
3362,先進光,103,61,42,國票-敦北法人,2024-06-05,0037003700390063
2495,普安,47,7,40,國票-敦北法人,2024-06-05,0037003700390063
6164,華興,40,0,40,國票-敦北法人,2024-06-05,0037003700390063
2543,皇昌,40,0,40,國票-敦北法人,2024-06-05,0037003700390063
00878,國泰永續高股息,35,0,35,國票-敦北法人,2024-06-05,0037003700390063
1815,富喬,2512,61,2451,國票-敦北法人,2024-06-06,0037003700390063
6213,聯茂,602,3,599,國票-敦北法人,2024-06-06,0037003700390063
3037,欣興,438,2,436,國票-敦北法人,2024-06-06,0037003700390063
5425,台半,400,1,399,國票-敦北法人,2024-06-06,0037003700390063
2331,精英,324,3,321,國票-敦北法人,2024-06-06,0037003700390063
9924,福興,230,0,230,國票-敦北法人,2024-06-06,0037003700390063
2850,新產,225,1,224,國票-敦北法人,2024-06-06,0037003700390063
9940,信義,215,0,215,國票-敦北法人,2024-06-06,0037003700390063
6863,永道-KY,211,7,204,國票-敦北法人,2024-06-06,0037003700390063
1603,華電,200,2,198,國票-敦北法人,2024-06-06,0037003700390063
2889,國票金,203,10,193,國票-敦北法人,2024-06-06,0037003700390063
6197,佳必琪,245,59,186,國票-敦北法人,2024-06-06,0037003700390063
2486,一詮,193,52,141,國票-敦北法人,2024-06-06,0037003700390063
00632R,元大台灣50反1,114,0,114,國票-敦北法人,2024-06-06,0037003700390063
00687B,國泰20年美債,114,4,110,國票-敦北法人,2024-06-06,0037003700390063
2501,國建,70,0,70,國票-敦北法人,2024-06-06,0037003700390063
1440,南紡,65,0,65,國票-敦北法人,2024-06-06,0037003700390063
2330,台積電,173,111,62,國票-敦北法人,2024-06-06,0037003700390063
8110,華東,61,0,61,國票-敦北法人,2024-06-06,0037003700390063
00753L,中信中國50正2,60,0,60,國票-敦北法人,2024-06-06,0037003700390063
00936,台新永續高息中小,50,0,50,國票-敦北法人,2024-06-06,0037003700390063
2504,國產,54,4,50,國票-敦北法人,2024-06-06,0037003700390063
2884,玉山金,51,5,46,國票-敦北法人,2024-06-06,0037003700390063
4566,時碩工業,131,90,41,國票-敦北法人,2024-06-06,0037003700390063
5324,士開,39,3,36,國票-敦北法人,2024-06-06,0037003700390063
6446,藥華藥,45,11,34,國票-敦北法人,2024-06-06,0037003700390063
6679,鈺太,30,0,30,國票-敦北法人,2024-06-06,0037003700390063
3005,神基,30,0,30,國票-敦北法人,2024-06-06,0037003700390063
2351,順德,45,15,30,國票-敦北法人,2024-06-06,0037003700390063
2543,皇昌,30,0,30,國票-敦北法人,2024-06-06,0037003700390063
6834,天二科技,30,0,30,國票-敦北法人,2024-06-06,0037003700390063
00664R,國泰臺灣加權反1,30,0,30,國票-敦北法人,2024-06-06,0037003700390063
5388,中磊,30,0,30,國票-敦北法人,2024-06-06,0037003700390063
2329,華泰,30,0,30,國票-敦北法人,2024-06-06,0037003700390063
2886,兆豐金,29,0,29,國票-敦北法人,2024-06-06,0037003700390063
5880,合庫金,29,0,29,國票-敦北法人,2024-06-06,0037003700390063
2367,燿華,65,37,28,國票-敦北法人,2024-06-06,0037003700390063
6005,群益證,30,4,26,國票-敦北法人,2024-06-06,0037003700390063
4702,中美實,25,0,25,國票-敦北法人,2024-06-06,0037003700390063
6161,捷波,37,12,25,國票-敦北法人,2024-06-06,0037003700390063
6805,富世達,24,0,24,國票-敦北法人,2024-06-06,0037003700390063
2880,華南金,30,7,23,國票-敦北法人,2024-06-06,0037003700390063
2467,志聖,20,0,20,國票-敦北法人,2024-06-06,0037003700390063
2449,京元電子,20,0,20,國票-敦北法人,2024-06-06,0037003700390063
6789,采鈺,20,0,20,國票-敦北法人,2024-06-06,0037003700390063
4503,金雨,20,0,20,國票-敦北法人,2024-06-06,0037003700390063
9938,百和,20,0,20,國票-敦北法人,2024-06-06,0037003700390063
00929,復華台灣科技優息,18,0,18,國票-敦北法人,2024-06-06,0037003700390063
6550,北極星藥業-KY,18,0,18,國票-敦北法人,2024-06-06,0037003700390063
3013,晟銘電,18,1,17,國票-敦北法人,2024-06-06,0037003700390063
2891,中信金,6000,2,5998,國票-敦北法人,2024-06-07,0037003700390063
2889,國票金,2002,33,1969,國票-敦北法人,2024-06-07,0037003700390063
2609,陽明,1862,151,1711,國票-敦北法人,2024-06-07,0037003700390063
1513,中興電,745,45,700,國票-敦北法人,2024-06-07,0037003700390063
2809,京城銀,611,1,610,國票-敦北法人,2024-06-07,0037003700390063
1815,富喬,517,17,500,國票-敦北法人,2024-06-07,0037003700390063
2881,富邦金,776,503,273,國票-敦北法人,2024-06-07,0037003700390063
2301,光寶科,271,1,270,國票-敦北法人,2024-06-07,0037003700390063
2020,美亞,231,0,231,國票-敦北法人,2024-06-07,0037003700390063
2850,新產,228,0,228,國票-敦北法人,2024-06-07,0037003700390063
3014,聯陽,200,0,200,國票-敦北法人,2024-06-07,0037003700390063
2486,一詮,307,115,192,國票-敦北法人,2024-06-07,0037003700390063
2610,華航,208,17,191,國票-敦北法人,2024-06-07,0037003700390063
2537,聯上發,220,31,189,國票-敦北法人,2024-06-07,0037003700390063
6706,惠特,175,0,175,國票-敦北法人,2024-06-07,0037003700390063
3034,聯詠,170,0,170,國票-敦北法人,2024-06-07,0037003700390063
2884,玉山金,170,1,169,國票-敦北法人,2024-06-07,0037003700390063
3376,新日興,178,15,163,國票-敦北法人,2024-06-07,0037003700390063
2049,上銀,150,0,150,國票-敦北法人,2024-06-07,0037003700390063
3105,穩懋,152,10,142,國票-敦北法人,2024-06-07,0037003700390063
9924,福興,115,0,115,國票-敦北法人,2024-06-07,0037003700390063
5236,凌陽創新,102,0,102,國票-敦北法人,2024-06-07,0037003700390063
2330,台積電,152,52,100,國票-敦北法人,2024-06-07,0037003700390063
9946,三發地產,84,4,80,國票-敦北法人,2024-06-07,0037003700390063
00929,復華台灣科技優息,79,0,79,國票-敦北法人,2024-06-07,0037003700390063
3037,欣興,83,10,73,國票-敦北法人,2024-06-07,0037003700390063
8299,群聯,68,0,68,國票-敦北法人,2024-06-07,0037003700390063
2367,燿華,121,59,62,國票-敦北法人,2024-06-07,0037003700390063
2312,金寶,76,19,57,國票-敦北法人,2024-06-07,0037003700390063
8114,振樺電,50,0,50,國票-敦北法人,2024-06-07,0037003700390063
3406,玉晶光,52,2,50,國票-敦北法人,2024-06-07,0037003700390063
5425,台半,50,4,46,國票-敦北法人,2024-06-07,0037003700390063
1514,亞力,61,16,45,國票-敦北法人,2024-06-07,0037003700390063
00637L,元大滬深300正2,47,6,41,國票-敦北法人,2024-06-07,0037003700390063
6418,詠昇,41,0,41,國票-敦北法人,2024-06-07,0037003700390063
2905,三商,40,0,40,國票-敦北法人,2024-06-07,0037003700390063
4768,晶呈科技,40,0,40,國票-敦北法人,2024-06-07,0037003700390063
2603,長榮,44,9,35,國票-敦北法人,2024-06-07,0037003700390063
6442,光聖,53,18,35,國票-敦北法人,2024-06-07,0037003700390063
2303,聯電,42,7,35,國票-敦北法人,2024-06-07,0037003700390063
9958,世紀鋼,47,14,33,國票-敦北法人,2024-06-07,0037003700390063
1618,合機,39,6,33,國票-敦北法人,2024-06-07,0037003700390063
2329,華泰,35,3,32,國票-敦北法人,2024-06-07,0037003700390063
2454,聯發科,30,0,30,國票-敦北法人,2024-06-07,0037003700390063
2542,興富發,31,2,29,國票-敦北法人,2024-06-07,0037003700390063
4906,正文,26,0,26,國票-敦北法人,2024-06-07,0037003700390063
1608,華榮,45,19,26,國票-敦北法人,2024-06-07,0037003700390063
2352,佳世達,45,21,24,國票-敦北法人,2024-06-07,0037003700390063
00881,國泰台灣5G+,24,0,24,國票-敦北法人,2024-06-07,0037003700390063
2002,中鋼,25,1,24,國票-敦北法人,2024-06-07,0037003700390063
2303,聯電,4304,1026,3278,國票-敦北法人,2024-06-11,0037003700390063
2548,華固,1401,1,1400,國票-敦北法人,2024-06-11,0037003700390063
1815,富喬,1736,714,1022,國票-敦北法人,2024-06-11,0037003700390063
2851,中再保,1015,0,1015,國票-敦北法人,2024-06-11,0037003700390063
3014,聯陽,1012,1,1011,國票-敦北法人,2024-06-11,0037003700390063
2881,富邦金,1009,12,997,國票-敦北法人,2024-06-11,0037003700390063
2882,國泰金,765,40,725,國票-敦北法人,2024-06-11,0037003700390063
1473,台南,509,15,494,國票-敦北法人,2024-06-11,0037003700390063
2486,一詮,531,52,479,國票-敦北法人,2024-06-11,0037003700390063
2850,新產,233,0,233,國票-敦北法人,2024-06-11,0037003700390063
3376,新日興,168,23,145,國票-敦北法人,2024-06-11,0037003700390063
6146,耕興,144,0,144,國票-敦北法人,2024-06-11,0037003700390063
5388,中磊,130,0,130,國票-敦北法人,2024-06-11,0037003700390063
3679,新至陞,117,0,117,國票-敦北法人,2024-06-11,0037003700390063
2834,臺企銀,201,92,109,國票-敦北法人,2024-06-11,0037003700390063
1617,榮星,112,6,106,國票-敦北法人,2024-06-11,0037003700390063
6451,訊芯-KY,100,0,100,國票-敦北法人,2024-06-11,0037003700390063
6187,萬潤,103,8,95,國票-敦北法人,2024-06-11,0037003700390063
9924,福興,88,0,88,國票-敦北法人,2024-06-11,0037003700390063
6706,惠特,186,102,84,國票-敦北法人,2024-06-11,0037003700390063
4953,緯軟,81,0,81,國票-敦北法人,2024-06-11,0037003700390063
3374,精材,104,43,61,國票-敦北法人,2024-06-11,0037003700390063
3276,宇環,60,0,60,國票-敦北法人,2024-06-11,0037003700390063
3665,貿聯-KY,93,36,57,國票-敦北法人,2024-06-11,0037003700390063
5508,永信建,58,4,54,國票-敦北法人,2024-06-11,0037003700390063
1210,大成,51,0,51,國票-敦北法人,2024-06-11,0037003700390063
1720,生達,50,0,50,國票-敦北法人,2024-06-11,0037003700390063
3017,奇鋐,63,18,45,國票-敦北法人,2024-06-11,0037003700390063
6147,頎邦,45,0,45,國票-敦北法人,2024-06-11,0037003700390063
00918,大華優利高填息30,44,0,44,國票-敦北法人,2024-06-11,0037003700390063
9958,世紀鋼,86,43,43,國票-敦北法人,2024-06-11,0037003700390063
1808,潤隆,42,2,40,國票-敦北法人,2024-06-11,0037003700390063
00706L,期元大S＆P日圓正2,40,0,40,國票-敦北法人,2024-06-11,0037003700390063
2495,普安,40,0,40,國票-敦北法人,2024-06-11,0037003700390063
6548,長科*,44,4,40,國票-敦北法人,2024-06-11,0037003700390063
4979,華星光,92,53,39,國票-敦北法人,2024-06-11,0037003700390063
6415,矽力*-KY,63,25,38,國票-敦北法人,2024-06-11,0037003700390063
2374,佳能,46,14,32,國票-敦北法人,2024-06-11,0037003700390063
6116,彩晶,31,0,31,國票-敦北法人,2024-06-11,0037003700390063
2645,長榮航太,37,6,31,國票-敦北法人,2024-06-11,0037003700390063
006208,富邦台50,30,0,30,國票-敦北法人,2024-06-11,0037003700390063
1471,首利,30,0,30,國票-敦北法人,2024-06-11,0037003700390063
2892,第一金,29,1,28,國票-敦北法人,2024-06-11,0037003700390063
1440,南紡,27,0,27,國票-敦北法人,2024-06-11,0037003700390063
1102,亞泥,25,0,25,國票-敦北法人,2024-06-11,0037003700390063
6161,捷波,24,0,24,國票-敦北法人,2024-06-11,0037003700390063
1513,中興電,44,22,22,國票-敦北法人,2024-06-11,0037003700390063
00679B,元大美債20年,21,0,21,國票-敦北法人,2024-06-11,0037003700390063
8085,福華,20,0,20,國票-敦北法人,2024-06-11,0037003700390063
2444,兆勁,20,0,20,國票-敦北法人,2024-06-11,0037003700390063
2891,中信金,6002,0,6002,國票-敦北法人,2024-06-12,0037003700390063
2888,新光金,4503,10,4493,國票-敦北法人,2024-06-12,0037003700390063
1326,台化,790,0,790,國票-敦北法人,2024-06-12,0037003700390063
4938,和碩,600,0,600,國票-敦北法人,2024-06-12,0037003700390063
3036,文曄,326,2,324,國票-敦北法人,2024-06-12,0037003700390063
2603,長榮,402,102,300,國票-敦北法人,2024-06-12,0037003700390063
1473,台南,297,6,291,國票-敦北法人,2024-06-12,0037003700390063
4566,時碩工業,342,53,289,國票-敦北法人,2024-06-12,0037003700390063
2608,嘉里大榮,281,0,281,國票-敦北法人,2024-06-12,0037003700390063
2317,鴻海,518,249,269,國票-敦北法人,2024-06-12,0037003700390063
3231,緯創,275,16,259,國票-敦北法人,2024-06-12,0037003700390063
6805,富世達,181,6,175,國票-敦北法人,2024-06-12,0037003700390063
6024,群益期,167,0,167,國票-敦北法人,2024-06-12,0037003700390063
6890,來億-KY,164,3,161,國票-敦北法人,2024-06-12,0037003700390063
2609,陽明,319,159,160,國票-敦北法人,2024-06-12,0037003700390063
3017,奇鋐,170,13,157,國票-敦北法人,2024-06-12,0037003700390063
4967,十銓,184,36,148,國票-敦北法人,2024-06-12,0037003700390063
2851,中再保,139,0,139,國票-敦北法人,2024-06-12,0037003700390063
3679,新至陞,123,0,123,國票-敦北法人,2024-06-12,0037003700390063
4533,協易機,124,1,123,國票-敦北法人,2024-06-12,0037003700390063
2883,凱基金,128,6,122,國票-敦北法人,2024-06-12,0037003700390063
6415,矽力*-KY,109,1,108,國票-敦北法人,2024-06-12,0037003700390063
1617,榮星,115,7,108,國票-敦北法人,2024-06-12,0037003700390063
6216,居易,108,2,106,國票-敦北法人,2024-06-12,0037003700390063
3702,大聯大,100,4,96,國票-敦北法人,2024-06-12,0037003700390063
2351,順德,222,130,92,國票-敦北法人,2024-06-12,0037003700390063
6657,華安,62,0,62,國票-敦北法人,2024-06-12,0037003700390063
4974,亞泰,62,0,62,國票-敦北法人,2024-06-12,0037003700390063
6451,訊芯-KY,77,21,56,國票-敦北法人,2024-06-12,0037003700390063
2454,聯發科,57,1,56,國票-敦北法人,2024-06-12,0037003700390063
5403,中菲,53,0,53,國票-敦北法人,2024-06-12,0037003700390063
1440,南紡,45,0,45,國票-敦北法人,2024-06-12,0037003700390063
00637L,元大滬深300正2,46,3,43,國票-敦北法人,2024-06-12,0037003700390063
8028,昇陽半導體,58,15,43,國票-敦北法人,2024-06-12,0037003700390063
00632R,元大台灣50反1,40,0,40,國票-敦北法人,2024-06-12,0037003700390063
2379,瑞昱,40,2,38,國票-敦北法人,2024-06-12,0037003700390063
2615,萬海,60,24,36,國票-敦北法人,2024-06-12,0037003700390063
00664R,國泰臺灣加權反1,30,0,30,國票-敦北法人,2024-06-12,0037003700390063
4953,緯軟,28,0,28,國票-敦北法人,2024-06-12,0037003700390063
00940,元大台灣價值高息,27,1,26,國票-敦北法人,2024-06-12,0037003700390063
6146,耕興,26,2,24,國票-敦北法人,2024-06-12,0037003700390063
2383,台光電,45,21,24,國票-敦北法人,2024-06-12,0037003700390063
00882,中信中國高股息,30,6,24,國票-敦北法人,2024-06-12,0037003700390063
2104,國際中橡,22,0,22,國票-敦北法人,2024-06-12,0037003700390063
3062,建漢,20,0,20,國票-敦北法人,2024-06-12,0037003700390063
00687B,國泰20年美債,21,1,20,國票-敦北法人,2024-06-12,0037003700390063
00919,群益台灣精選高息,20,0,20,國票-敦北法人,2024-06-12,0037003700390063
3312,弘憶股,20,0,20,國票-敦北法人,2024-06-12,0037003700390063
8027,鈦昇,20,1,19,國票-敦北法人,2024-06-12,0037003700390063
1587,吉茂,29,10,19,國票-敦北法人,2024-06-12,0037003700390063
00830,國泰費城半導體,2660,0,2660,國票-敦北法人,2024-06-13,0037003700390063
2392,正崴,1062,15,1047,國票-敦北法人,2024-06-13,0037003700390063
3048,益登,1041,10,1031,國票-敦北法人,2024-06-13,0037003700390063
8028,昇陽半導體,1195,247,948,國票-敦北法人,2024-06-13,0037003700390063
6451,訊芯-KY,777,176,601,國票-敦北法人,2024-06-13,0037003700390063
3105,穩懋,556,23,533,國票-敦北法人,2024-06-13,0037003700390063
2486,一詮,540,34,506,國票-敦北法人,2024-06-13,0037003700390063
2317,鴻海,456,31,425,國票-敦北法人,2024-06-13,0037003700390063
3376,新日興,376,97,279,國票-敦北法人,2024-06-13,0037003700390063
2608,嘉里大榮,277,0,277,國票-敦北法人,2024-06-13,0037003700390063
2382,廣達,257,25,232,國票-敦北法人,2024-06-13,0037003700390063
3665,貿聯-KY,308,100,208,國票-敦北法人,2024-06-13,0037003700390063
6024,群益期,169,0,169,國票-敦北法人,2024-06-13,0037003700390063
2832,台產,165,0,165,國票-敦北法人,2024-06-13,0037003700390063
1736,喬山,141,0,141,國票-敦北法人,2024-06-13,0037003700390063
3679,新至陞,109,0,109,國票-敦北法人,2024-06-13,0037003700390063
2883,凱基金,105,6,99,國票-敦北法人,2024-06-13,0037003700390063
9939,宏全,100,4,96,國票-敦北法人,2024-06-13,0037003700390063
3374,精材,156,69,87,國票-敦北法人,2024-06-13,0037003700390063
6509,聚和,75,0,75,國票-敦北法人,2024-06-13,0037003700390063
2504,國產,78,5,73,國票-敦北法人,2024-06-13,0037003700390063
1707,葡萄王,66,0,66,國票-敦北法人,2024-06-13,0037003700390063
2606,裕民,71,6,65,國票-敦北法人,2024-06-13,0037003700390063
4974,亞泰,61,0,61,國票-敦北法人,2024-06-13,0037003700390063
6116,彩晶,60,0,60,國票-敦北法人,2024-06-13,0037003700390063
8085,福華,55,0,55,國票-敦北法人,2024-06-13,0037003700390063
5403,中菲,55,0,55,國票-敦北法人,2024-06-13,0037003700390063
2480,敦陽科,54,0,54,國票-敦北法人,2024-06-13,0037003700390063
1442,名軒,52,0,52,國票-敦北法人,2024-06-13,0037003700390063
4513,福裕,54,2,52,國票-敦北法人,2024-06-13,0037003700390063
2450,神腦,51,0,51,國票-敦北法人,2024-06-13,0037003700390063
6271,同欣電,57,9,48,國票-敦北法人,2024-06-13,0037003700390063
2303,聯電,69,23,46,國票-敦北法人,2024-06-13,0037003700390063
2002,中鋼,43,2,41,國票-敦北法人,2024-06-13,0037003700390063
1453,大將,41,1,40,國票-敦北法人,2024-06-13,0037003700390063
00664R,國泰臺灣加權反1,40,0,40,國票-敦北法人,2024-06-13,0037003700390063
6548,長科*,40,0,40,國票-敦北法人,2024-06-13,0037003700390063
2609,陽明,68,29,39,國票-敦北法人,2024-06-13,0037003700390063
3035,智原,50,12,38,國票-敦北法人,2024-06-13,0037003700390063
3481,群創,45,7,38,國票-敦北法人,2024-06-13,0037003700390063
8096,擎亞,47,9,38,國票-敦北法人,2024-06-13,0037003700390063
00632R,元大台灣50反1,412,375,37,國票-敦北法人,2024-06-13,0037003700390063
6189,豐藝,40,7,33,國票-敦北法人,2024-06-13,0037003700390063
2903,遠百,32,0,32,國票-敦北法人,2024-06-13,0037003700390063
00939,統一台灣高息動能,38,6,32,國票-敦北法人,2024-06-13,0037003700390063
3041,揚智,30,0,30,國票-敦北法人,2024-06-13,0037003700390063
2101,南港,50,20,30,國票-敦北法人,2024-06-13,0037003700390063
3017,奇鋐,43,17,26,國票-敦北法人,2024-06-13,0037003700390063
2501,國建,26,1,25,國票-敦北法人,2024-06-13,0037003700390063
2451,創見,27,2,25,國票-敦北法人,2024-06-13,0037003700390063
00830,國泰費城半導體,1153,0,1153,國票-敦北法人,2024-06-14,0037003700390063
2885,元大金,1000,0,1000,國票-敦北法人,2024-06-14,0037003700390063
1618,合機,802,11,791,國票-敦北法人,2024-06-14,0037003700390063
5243,乙盛-KY,503,19,484,國票-敦北法人,2024-06-14,0037003700390063
2609,陽明,1398,944,454,國票-敦北法人,2024-06-14,0037003700390063
4562,穎漢,447,46,401,國票-敦北法人,2024-06-14,0037003700390063
2412,中華電,370,0,370,國票-敦北法人,2024-06-14,0037003700390063
8096,擎亞,487,126,361,國票-敦北法人,2024-06-14,0037003700390063
2455,全新,423,89,334,國票-敦北法人,2024-06-14,0037003700390063
3711,日月光投控,302,0,302,國票-敦北法人,2024-06-14,0037003700390063
2603,長榮,258,12,246,國票-敦北法人,2024-06-14,0037003700390063
2368,金像電,301,92,209,國票-敦北法人,2024-06-14,0037003700390063
5880,合庫金,200,0,200,國票-敦北法人,2024-06-14,0037003700390063
2883,凱基金,201,2,199,國票-敦北法人,2024-06-14,0037003700390063
8086,宏捷科,200,2,198,國票-敦北法人,2024-06-14,0037003700390063
2615,萬海,239,51,188,國票-敦北法人,2024-06-14,0037003700390063
2449,京元電子,187,12,175,國票-敦北法人,2024-06-14,0037003700390063
9105,泰金寶-DR,185,57,128,國票-敦北法人,2024-06-14,0037003700390063
6197,佳必琪,196,76,120,國票-敦北法人,2024-06-14,0037003700390063
4566,時碩工業,537,425,112,國票-敦北法人,2024-06-14,0037003700390063
2371,大同,213,103,110,國票-敦北法人,2024-06-14,0037003700390063
2031,新光鋼,120,10,110,國票-敦北法人,2024-06-14,0037003700390063
3035,智原,97,8,89,國票-敦北法人,2024-06-14,0037003700390063
5269,祥碩,86,2,84,國票-敦北法人,2024-06-14,0037003700390063
1736,喬山,83,0,83,國票-敦北法人,2024-06-14,0037003700390063
1503,士電,81,1,80,國票-敦北法人,2024-06-14,0037003700390063
1707,葡萄王,72,0,72,國票-敦北法人,2024-06-14,0037003700390063
1514,亞力,119,54,65,國票-敦北法人,2024-06-14,0037003700390063
6806,森崴能源,73,12,61,國票-敦北法人,2024-06-14,0037003700390063
00929,復華台灣科技優息,68,11,57,國票-敦北法人,2024-06-14,0037003700390063
2480,敦陽科,56,0,56,國票-敦北法人,2024-06-14,0037003700390063
2360,致茂,66,10,56,國票-敦北法人,2024-06-14,0037003700390063
8150,南茂,57,5,52,國票-敦北法人,2024-06-14,0037003700390063
2450,神腦,52,0,52,國票-敦北法人,2024-06-14,0037003700390063
2886,兆豐金,50,1,49,國票-敦北法人,2024-06-14,0037003700390063
6515,穎崴,53,10,43,國票-敦北法人,2024-06-14,0037003700390063
1460,宏遠,38,0,38,國票-敦北法人,2024-06-14,0037003700390063
6161,捷波,45,8,37,國票-敦北法人,2024-06-14,0037003700390063
4966,譜瑞-KY,37,0,37,國票-敦北法人,2024-06-14,0037003700390063
2382,廣達,103,66,37,國票-敦北法人,2024-06-14,0037003700390063
1519,華城,48,12,36,國票-敦北法人,2024-06-14,0037003700390063
3312,弘憶股,35,0,35,國票-敦北法人,2024-06-14,0037003700390063
4968,立積,37,3,34,國票-敦北法人,2024-06-14,0037003700390063
3008,大立光,34,1,33,國票-敦北法人,2024-06-14,0037003700390063
8011,台通,34,2,32,國票-敦北法人,2024-06-14,0037003700390063
3533,嘉澤,32,1,31,國票-敦北法人,2024-06-14,0037003700390063
2809,京城銀,31,0,31,國票-敦北法人,2024-06-14,0037003700390063
2379,瑞昱,30,0,30,國票-敦北法人,2024-06-14,0037003700390063
2534,宏盛,30,0,30,國票-敦北法人,2024-06-14,0037003700390063
4554,橙的,30,0,30,國票-敦北法人,2024-06-14,0037003700390063
8096,擎亞,1021,342,679,國票-敦北法人,2024-06-17,0037003700390063
5347,世界,551,1,550,國票-敦北法人,2024-06-17,0037003700390063
3374,精材,594,68,526,國票-敦北法人,2024-06-17,0037003700390063
00878,國泰永續高股息,524,0,524,國票-敦北法人,2024-06-17,0037003700390063
3005,神基,457,0,457,國票-敦北法人,2024-06-17,0037003700390063
2382,廣達,357,40,317,國票-敦北法人,2024-06-17,0037003700390063
2412,中華電,300,0,300,國票-敦北法人,2024-06-17,0037003700390063
3035,智原,313,14,299,國票-敦北法人,2024-06-17,0037003700390063
3312,弘憶股,272,0,272,國票-敦北法人,2024-06-17,0037003700390063
5490,同亨,257,5,252,國票-敦北法人,2024-06-17,0037003700390063
8255,朋程,252,11,241,國票-敦北法人,2024-06-17,0037003700390063
2377,微星,200,2,198,國票-敦北法人,2024-06-17,0037003700390063
8086,宏捷科,207,11,196,國票-敦北法人,2024-06-17,0037003700390063
6834,天二科技,164,1,163,國票-敦北法人,2024-06-17,0037003700390063
2423,固緯,162,0,162,國票-敦北法人,2024-06-17,0037003700390063
2883,凱基金,140,0,140,國票-敦北法人,2024-06-17,0037003700390063
00929,復華台灣科技優息,131,0,131,國票-敦北法人,2024-06-17,0037003700390063
4545,銘鈺,122,0,122,國票-敦北法人,2024-06-17,0037003700390063
8084,巨虹,126,8,118,國票-敦北法人,2024-06-17,0037003700390063
2317,鴻海,148,39,109,國票-敦北法人,2024-06-17,0037003700390063
5243,乙盛-KY,103,1,102,國票-敦北法人,2024-06-17,0037003700390063
6806,森崴能源,105,8,97,國票-敦北法人,2024-06-17,0037003700390063
8027,鈦昇,123,33,90,國票-敦北法人,2024-06-17,0037003700390063
1707,葡萄王,79,0,79,國票-敦北法人,2024-06-17,0037003700390063
3026,禾伸堂,68,0,68,國票-敦北法人,2024-06-17,0037003700390063
2480,敦陽科,56,0,56,國票-敦北法人,2024-06-17,0037003700390063
3017,奇鋐,73,19,54,國票-敦北法人,2024-06-17,0037003700390063
2450,神腦,53,0,53,國票-敦北法人,2024-06-17,0037003700390063
2515,中工,51,0,51,國票-敦北法人,2024-06-17,0037003700390063
2367,燿華,55,5,50,國票-敦北法人,2024-06-17,0037003700390063
1460,宏遠,50,0,50,國票-敦北法人,2024-06-17,0037003700390063
3481,群創,71,26,45,國票-敦北法人,2024-06-17,0037003700390063
1325,恆大,42,0,42,國票-敦北法人,2024-06-17,0037003700390063
6643,M31,45,6,39,國票-敦北法人,2024-06-17,0037003700390063
2211,長榮鋼,39,1,38,國票-敦北法人,2024-06-17,0037003700390063
8299,群聯,39,1,38,國票-敦北法人,2024-06-17,0037003700390063
3163,波若威,54,18,36,國票-敦北法人,2024-06-17,0037003700390063
4190,佐登-KY,36,1,35,國票-敦北法人,2024-06-17,0037003700390063
1473,台南,38,3,35,國票-敦北法人,2024-06-17,0037003700390063
2609,陽明,113,80,33,國票-敦北法人,2024-06-17,0037003700390063
00919,群益台灣精選高息,33,1,32,國票-敦北法人,2024-06-17,0037003700390063
2855,統一證,30,1,29,國票-敦北法人,2024-06-17,0037003700390063
6509,聚和,25,1,24,國票-敦北法人,2024-06-17,0037003700390063
2356,英業達,26,2,24,國票-敦北法人,2024-06-17,0037003700390063
6706,惠特,23,0,23,國票-敦北法人,2024-06-17,0037003700390063
4105,東洋,22,0,22,國票-敦北法人,2024-06-17,0037003700390063
5871,中租-KY,20,0,20,國票-敦北法人,2024-06-17,0037003700390063
6695,芯鼎,20,0,20,國票-敦北法人,2024-06-17,0037003700390063
9933,中鼎,20,1,19,國票-敦北法人,2024-06-17,0037003700390063
9910,豐泰,19,0,19,國票-敦北法人,2024-06-17,0037003700390063
2353,宏��,2607,0,2607,國票-敦北法人,2024-06-18,0037003700390063
00937B,群益ESG投等債20,869,15,854,國票-敦北法人,2024-06-18,0037003700390063
4915,致伸,855,9,846,國票-敦北法人,2024-06-18,0037003700390063
6176,瑞儀,800,2,798,國票-敦北法人,2024-06-18,0037003700390063
3062,建漢,956,159,797,國票-敦北法人,2024-06-18,0037003700390063
2344,華邦電,1372,601,771,國票-敦北法人,2024-06-18,0037003700390063
3450,聯鈞,807,37,770,國票-敦北法人,2024-06-18,0037003700390063
3042,晶技,500,0,500,國票-敦北法人,2024-06-18,0037003700390063
2610,華航,451,26,425,國票-敦北法人,2024-06-18,0037003700390063
6706,惠特,1111,830,281,國票-敦北法人,2024-06-18,0037003700390063
2356,英業達,277,18,259,國票-敦北法人,2024-06-18,0037003700390063
3443,創意,244,5,239,國票-敦北法人,2024-06-18,0037003700390063
2408,南亞科,242,23,219,國票-敦北法人,2024-06-18,0037003700390063
4968,立積,169,0,169,國票-敦北法人,2024-06-18,0037003700390063
1215,卜蜂,161,0,161,國票-敦北法人,2024-06-18,0037003700390063
3374,精材,162,4,158,國票-敦北法人,2024-06-18,0037003700390063
00673R,期元大S＆P原油反1,150,0,150,國票-敦北法人,2024-06-18,0037003700390063
2317,鴻海,158,10,148,國票-敦北法人,2024-06-18,0037003700390063
6834,天二科技,474,336,138,國票-敦北法人,2024-06-18,0037003700390063
6282,康舒,158,27,131,國票-敦北法人,2024-06-18,0037003700390063
8103,瀚荃,125,3,122,國票-敦北法人,2024-06-18,0037003700390063
00929,復華台灣科技優息,118,0,118,國票-敦北法人,2024-06-18,0037003700390063
2412,中華電,105,0,105,國票-敦北法人,2024-06-18,0037003700390063
2211,長榮鋼,102,2,100,國票-敦北法人,2024-06-18,0037003700390063
2025,千興,100,1,99,國票-敦北法人,2024-06-18,0037003700390063
2618,長榮航,258,159,99,國票-敦北法人,2024-06-18,0037003700390063
5439,高技,120,23,97,國票-敦北法人,2024-06-18,0037003700390063
6526,達發,89,8,81,國票-敦北法人,2024-06-18,0037003700390063
8040,九暘,75,0,75,國票-敦北法人,2024-06-18,0037003700390063
3005,神基,75,3,72,國票-敦北法人,2024-06-18,0037003700390063
2454,聯發科,73,2,71,國票-敦北法人,2024-06-18,0037003700390063
2449,京元電子,101,34,67,國票-敦北法人,2024-06-18,0037003700390063
3026,禾伸堂,65,0,65,國票-敦北法人,2024-06-18,0037003700390063
6509,聚和,55,0,55,國票-敦北法人,2024-06-18,0037003700390063
8093,保銳,59,8,51,國票-敦北法人,2024-06-18,0037003700390063
3312,弘憶股,53,2,51,國票-敦北法人,2024-06-18,0037003700390063
4513,福裕,52,2,50,國票-敦北法人,2024-06-18,0037003700390063
2330,台積電,160,111,49,國票-敦北法人,2024-06-18,0037003700390063
5340,建榮,49,0,49,國票-敦北法人,2024-06-18,0037003700390063
8936,國統,50,2,48,國票-敦北法人,2024-06-18,0037003700390063
3406,玉晶光,50,2,48,國票-敦北法人,2024-06-18,0037003700390063
1504,東元,50,4,46,國票-敦北法人,2024-06-18,0037003700390063
6164,華興,45,0,45,國票-敦北法人,2024-06-18,0037003700390063
00687B,國泰20年美債,40,0,40,國票-敦北法人,2024-06-18,0037003700390063
4979,華星光,46,7,39,國票-敦北法人,2024-06-18,0037003700390063
6770,力積電,45,7,38,國票-敦北法人,2024-06-18,0037003700390063
2393,億光,33,0,33,國票-敦北法人,2024-06-18,0037003700390063
2308,台達電,33,1,32,國票-敦北法人,2024-06-18,0037003700390063
4561,健椿,48,16,32,國票-敦北法人,2024-06-18,0037003700390063
5371,中光電,37,5,32,國票-敦北法人,2024-06-18,0037003700390063
2382,廣達,986,72,914,國票-敦北法人,2024-06-19,0037003700390063
2609,陽明,644,46,598,國票-敦北法人,2024-06-19,0037003700390063
3363,上詮,564,112,452,國票-敦北法人,2024-06-19,0037003700390063
00713,元大台灣高息低波,314,0,314,國票-敦北法人,2024-06-19,0037003700390063
3374,精材,319,33,286,國票-敦北法人,2024-06-19,0037003700390063
2313,華通,292,27,265,國票-敦北法人,2024-06-19,0037003700390063
2356,英業達,301,40,261,國票-敦北法人,2024-06-19,0037003700390063
4958,臻鼎-KY,218,6,212,國票-敦北法人,2024-06-19,0037003700390063
2317,鴻海,281,103,178,國票-敦北法人,2024-06-19,0037003700390063
2610,華航,205,32,173,國票-敦北法人,2024-06-19,0037003700390063
1215,卜蜂,168,0,168,國票-敦北法人,2024-06-19,0037003700390063
4909,新復興,151,11,140,國票-敦北法人,2024-06-19,0037003700390063
9933,中鼎,119,12,107,國票-敦北法人,2024-06-19,0037003700390063
9939,宏全,101,0,101,國票-敦北法人,2024-06-19,0037003700390063
3376,新日興,140,56,84,國票-敦北法人,2024-06-19,0037003700390063
3048,益登,175,94,81,國票-敦北法人,2024-06-19,0037003700390063
00948B,中信優息投資級債,101,20,81,國票-敦北法人,2024-06-19,0037003700390063
6890,來億-KY,82,6,76,國票-敦北法人,2024-06-19,0037003700390063
9105,泰金寶-DR,76,2,74,國票-敦北法人,2024-06-19,0037003700390063
2615,萬海,147,81,66,國票-敦北法人,2024-06-19,0037003700390063
00632R,元大台灣50反1,93,28,65,國票-敦北法人,2024-06-19,0037003700390063
8085,福華,66,2,64,國票-敦北法人,2024-06-19,0037003700390063
6488,環球晶,60,3,57,國票-敦北法人,2024-06-19,0037003700390063
9910,豐泰,57,0,57,國票-敦北法人,2024-06-19,0037003700390063
1504,東元,58,2,56,國票-敦北法人,2024-06-19,0037003700390063
00664R,國泰臺灣加權反1,55,0,55,國票-敦北法人,2024-06-19,0037003700390063
3005,神基,53,0,53,國票-敦北法人,2024-06-19,0037003700390063
2892,第一金,51,0,51,國票-敦北法人,2024-06-19,0037003700390063
2101,南港,50,0,50,國票-敦北法人,2024-06-19,0037003700390063
3537,堡達,49,0,49,國票-敦北法人,2024-06-19,0037003700390063
5269,祥碩,46,3,43,國票-敦北法人,2024-06-19,0037003700390063
2368,金像電,39,1,38,國票-敦北法人,2024-06-19,0037003700390063
2301,光寶科,87,50,37,國票-敦北法人,2024-06-19,0037003700390063
3708,上緯投控,35,0,35,國票-敦北法人,2024-06-19,0037003700390063
1325,恆大,31,0,31,國票-敦北法人,2024-06-19,0037003700390063
2345,智邦,32,1,31,國票-敦北法人,2024-06-19,0037003700390063
1417,嘉裕,50,20,30,國票-敦北法人,2024-06-19,0037003700390063
1907,永豐餘,30,0,30,國票-敦北法人,2024-06-19,0037003700390063
5312,寶島科,29,0,29,國票-敦北法人,2024-06-19,0037003700390063
00637L,元大滬深300正2,30,3,27,國票-敦北法人,2024-06-19,0037003700390063
2634,漢翔,29,2,27,國票-敦北法人,2024-06-19,0037003700390063
2618,長榮航,58,31,27,國票-敦北法人,2024-06-19,0037003700390063
3443,創意,28,2,26,國票-敦北法人,2024-06-19,0037003700390063
2025,千興,25,0,25,國票-敦北法人,2024-06-19,0037003700390063
2392,正崴,35,10,25,國票-敦北法人,2024-06-19,0037003700390063
2542,興富發,25,0,25,國票-敦北法人,2024-06-19,0037003700390063
00680L,元大美債20正2,25,0,25,國票-敦北法人,2024-06-19,0037003700390063
00712,復華富時不動產,22,0,22,國票-敦北法人,2024-06-19,0037003700390063
6005,群益證,25,3,22,國票-敦北法人,2024-06-19,0037003700390063
00918,大華優利高填息30,21,0,21,國票-敦北法人,2024-06-19,0037003700390063
00830,國泰費城半導體,1360,0,1360,國票-敦北法人,2024-06-20,0037003700390063
2303,聯電,1003,29,974,國票-敦北法人,2024-06-20,0037003700390063
3450,聯鈞,711,38,673,國票-敦北法人,2024-06-20,0037003700390063
3231,緯創,669,17,652,國票-敦北法人,2024-06-20,0037003700390063
2317,鴻海,853,234,619,國票-敦北法人,2024-06-20,0037003700390063
4956,光鋐,567,15,552,國票-敦北法人,2024-06-20,0037003700390063
4562,穎漢,463,5,458,國票-敦北法人,2024-06-20,0037003700390063
00940,元大台灣價值高息,445,18,427,國票-敦北法人,2024-06-20,0037003700390063
4566,時碩工業,415,6,409,國票-敦北法人,2024-06-20,0037003700390063
3305,昇貿,405,2,403,國票-敦北法人,2024-06-20,0037003700390063
3081,聯亞,356,5,351,國票-敦北法人,2024-06-20,0037003700390063
2609,陽明,460,120,340,國票-敦北法人,2024-06-20,0037003700390063
4909,新復興,365,38,327,國票-敦北法人,2024-06-20,0037003700390063
2382,廣達,624,305,319,國票-敦北法人,2024-06-20,0037003700390063
2540,愛山林,357,45,312,國票-敦北法人,2024-06-20,0037003700390063
6451,訊芯-KY,313,13,300,國票-敦北法人,2024-06-20,0037003700390063
5508,永信建,289,1,288,國票-敦北法人,2024-06-20,0037003700390063
3580,友威科,266,1,265,國票-敦北法人,2024-06-20,0037003700390063
3163,波若威,770,538,232,國票-敦北法人,2024-06-20,0037003700390063
3483,力致,224,26,198,國票-敦北法人,2024-06-20,0037003700390063
2348,海悅,191,1,190,國票-敦北法人,2024-06-20,0037003700390063
1215,卜蜂,172,0,172,國票-敦北法人,2024-06-20,0037003700390063
4958,臻鼎-KY,167,0,167,國票-敦北法人,2024-06-20,0037003700390063
3217,優群,151,0,151,國票-敦北法人,2024-06-20,0037003700390063
6456,GIS-KY,152,2,150,國票-敦北法人,2024-06-20,0037003700390063
2455,全新,147,1,146,國票-敦北法人,2024-06-20,0037003700390063
2313,華通,204,61,143,國票-敦北法人,2024-06-20,0037003700390063
1605,華新,105,1,104,國票-敦北法人,2024-06-20,0037003700390063
9904,寶成,102,0,102,國票-敦北法人,2024-06-20,0037003700390063
2357,華碩,101,3,98,國票-敦北法人,2024-06-20,0037003700390063
3532,台勝科,100,18,82,國票-敦北法人,2024-06-20,0037003700390063
2368,金像電,84,9,75,國票-敦北法人,2024-06-20,0037003700390063
3443,創意,74,1,73,國票-敦北法人,2024-06-20,0037003700390063
2385,群光,75,4,71,國票-敦北法人,2024-06-20,0037003700390063
3689,湧德,70,0,70,國票-敦北法人,2024-06-20,0037003700390063
2408,南亞科,75,12,63,國票-敦北法人,2024-06-20,0037003700390063
2374,佳能,63,2,61,國票-敦北法人,2024-06-20,0037003700390063
5443,均豪,79,18,61,國票-敦北法人,2024-06-20,0037003700390063
3374,精材,125,68,57,國票-敦北法人,2024-06-20,0037003700390063
9910,豐泰,53,0,53,國票-敦北法人,2024-06-20,0037003700390063
2101,南港,56,6,50,國票-敦北法人,2024-06-20,0037003700390063
6679,鈺太,50,0,50,國票-敦北法人,2024-06-20,0037003700390063
8096,擎亞,156,108,48,國票-敦北法人,2024-06-20,0037003700390063
3062,建漢,850,807,43,國票-敦北法人,2024-06-20,0037003700390063
1513,中興電,62,23,39,國票-敦北法人,2024-06-20,0037003700390063
6869,雲豹能源,42,3,39,國票-敦北法人,2024-06-20,0037003700390063
00632R,元大台灣50反1,37,0,37,國票-敦北法人,2024-06-20,0037003700390063
00919,群益台灣精選高息,36,1,35,國票-敦北法人,2024-06-20,0037003700390063
1529,樂事綠能,35,1,34,國票-敦北法人,2024-06-20,0037003700390063
00664R,國泰臺灣加權反1,33,0,33,國票-敦北法人,2024-06-20,0037003700390063
2882,國泰金,1800,5,1795,國票-敦北法人,2024-06-21,0037003700390063
3062,建漢,1826,38,1788,國票-敦北法人,2024-06-21,0037003700390063
00937B,群益ESG投等債20,1681,0,1681,國票-敦北法人,2024-06-21,0037003700390063
3481,群創,1702,50,1652,國票-敦北法人,2024-06-21,0037003700390063
3047,訊舟,917,12,905,國票-敦北法人,2024-06-21,0037003700390063
2313,華通,611,1,610,國票-敦北法人,2024-06-21,0037003700390063
8085,福華,584,9,575,國票-敦北法人,2024-06-21,0037003700390063
2324,仁寶,503,1,502,國票-敦北法人,2024-06-21,0037003700390063
00673R,期元大S＆P原油反1,500,0,500,國票-敦北法人,2024-06-21,0037003700390063
2303,聯電,505,32,473,國票-敦北法人,2024-06-21,0037003700390063
3535,晶彩科,450,1,449,國票-敦北法人,2024-06-21,0037003700390063
3231,緯創,441,23,418,國票-敦北法人,2024-06-21,0037003700390063
2609,陽明,469,127,342,國票-敦北法人,2024-06-21,0037003700390063
00715L,期街口布蘭特正2,340,0,340,國票-敦北法人,2024-06-21,0037003700390063
2515,中工,306,0,306,國票-敦北法人,2024-06-21,0037003700390063
9904,寶成,302,2,300,國票-敦北法人,2024-06-21,0037003700390063
3036,文曄,228,1,227,國票-敦北法人,2024-06-21,0037003700390063
6530,創威,207,2,205,國票-敦北法人,2024-06-21,0037003700390063
6546,正基,200,0,200,國票-敦北法人,2024-06-21,0037003700390063
2492,華新科,172,8,164,國票-敦北法人,2024-06-21,0037003700390063
4526,東台,141,7,134,國票-敦北法人,2024-06-21,0037003700390063
8105,凌巨,112,27,85,國票-敦北法人,2024-06-21,0037003700390063
3376,新日興,149,70,79,國票-敦北法人,2024-06-21,0037003700390063
1785,光洋科,115,44,71,國票-敦北法人,2024-06-21,0037003700390063
3035,智原,61,3,58,國票-敦北法人,2024-06-21,0037003700390063
3312,弘憶股,59,3,56,國票-敦北法人,2024-06-21,0037003700390063
00878,國泰永續高股息,55,0,55,國票-敦北法人,2024-06-21,0037003700390063
3025,星通,80,25,55,國票-敦北法人,2024-06-21,0037003700390063
9910,豐泰,54,0,54,國票-敦北法人,2024-06-21,0037003700390063
00706L,期元大S＆P日圓正2,53,0,53,國票-敦北法人,2024-06-21,0037003700390063
3042,晶技,52,0,52,國票-敦北法人,2024-06-21,0037003700390063
1303,南亞,51,3,48,國票-敦北法人,2024-06-21,0037003700390063
6585,鼎基,49,1,48,國票-敦北法人,2024-06-21,0037003700390063
2317,鴻海,163,121,42,國票-敦北法人,2024-06-21,0037003700390063
4168,醣聯,48,7,41,國票-敦北法人,2024-06-21,0037003700390063
3044,健鼎,53,13,40,國票-敦北法人,2024-06-21,0037003700390063
2530,華建,39,0,39,國票-敦北法人,2024-06-21,0037003700390063
2489,瑞軒,53,16,37,國票-敦北法人,2024-06-21,0037003700390063
2374,佳能,44,8,36,國票-敦北法人,2024-06-21,0037003700390063
2454,聯發科,55,20,35,國票-敦北法人,2024-06-21,0037003700390063
4904,遠傳,35,0,35,國票-敦北法人,2024-06-21,0037003700390063
5483,中美晶,40,8,32,國票-敦北法人,2024-06-21,0037003700390063
2408,南亞科,50,18,32,國票-敦北法人,2024-06-21,0037003700390063
4968,立積,34,3,31,國票-敦北法人,2024-06-21,0037003700390063
6215,和椿,31,1,30,國票-敦北法人,2024-06-21,0037003700390063
3293,鈊象,30,1,29,國票-敦北法人,2024-06-21,0037003700390063
3363,上詮,40,11,29,國票-敦北法人,2024-06-21,0037003700390063
1815,富喬,42,18,24,國票-敦北法人,2024-06-21,0037003700390063
9105,泰金寶-DR,28,5,23,國票-敦北法人,2024-06-21,0037003700390063
2031,新光鋼,22,0,22,國票-敦北法人,2024-06-21,0037003700390063
2886,兆豐金,14387,5,14382,國票-敦北法人,2024-06-24,0037003700390063
1303,南亞,7702,0,7702,國票-敦北法人,2024-06-24,0037003700390063
1605,華新,7149,0,7149,國票-敦北法人,2024-06-24,0037003700390063
3036,文曄,2658,4,2654,國票-敦北法人,2024-06-24,0037003700390063
2885,元大金,1659,0,1659,國票-敦北法人,2024-06-24,0037003700390063
3264,欣銓,1252,0,1252,國票-敦北法人,2024-06-24,0037003700390063
00937B,群益ESG投等債20,1083,15,1068,國票-敦北法人,2024-06-24,0037003700390063
3189,景碩,900,0,900,國票-敦北法人,2024-06-24,0037003700390063
2455,全新,799,1,798,國票-敦北法人,2024-06-24,0037003700390063
8112,至上,525,2,523,國票-敦北法人,2024-06-24,0037003700390063
00673R,期元大S＆P原油反1,500,0,500,國票-敦北法人,2024-06-24,0037003700390063
2301,光寶科,419,0,419,國票-敦北法人,2024-06-24,0037003700390063
2449,京元電子,427,12,415,國票-敦北法人,2024-06-24,0037003700390063
3044,健鼎,369,1,368,國票-敦北法人,2024-06-24,0037003700390063
3231,緯創,321,17,304,國票-敦北法人,2024-06-24,0037003700390063
9917,中保科,295,0,295,國票-敦北法人,2024-06-24,0037003700390063
2474,可成,252,0,252,國票-敦北法人,2024-06-24,0037003700390063
5483,中美晶,225,3,222,國票-敦北法人,2024-06-24,0037003700390063
6285,啟��,214,13,201,國票-敦北法人,2024-06-24,0037003700390063
1215,卜蜂,190,0,190,國票-敦北法人,2024-06-24,0037003700390063
2368,金像電,194,8,186,國票-敦北法人,2024-06-24,0037003700390063
00919,群益台灣精選高息,156,0,156,國票-敦北法人,2024-06-24,0037003700390063
3535,晶彩科,146,1,145,國票-敦北法人,2024-06-24,0037003700390063
2454,聯發科,323,219,104,國票-敦北法人,2024-06-24,0037003700390063
00632R,元大台灣50反1,100,0,100,國票-敦北法人,2024-06-24,0037003700390063
6443,元晶,99,0,99,國票-敦北法人,2024-06-24,0037003700390063
8027,鈦昇,109,12,97,國票-敦北法人,2024-06-24,0037003700390063
6457,紘康,95,0,95,國票-敦北法人,2024-06-24,0037003700390063
3149,正達,95,4,91,國票-敦北法人,2024-06-24,0037003700390063
2374,佳能,92,11,81,國票-敦北法人,2024-06-24,0037003700390063
3034,聯詠,80,1,79,國票-敦北法人,2024-06-24,0037003700390063
2383,台光電,113,42,71,國票-敦北法人,2024-06-24,0037003700390063
9910,豐泰,53,1,52,國票-敦北法人,2024-06-24,0037003700390063
3035,智原,67,17,50,國票-敦北法人,2024-06-24,0037003700390063
6142,友勁,50,0,50,國票-敦北法人,2024-06-24,0037003700390063
2316,楠梓電,50,0,50,國票-敦北法人,2024-06-24,0037003700390063
2204,中華,60,12,48,國票-敦北法人,2024-06-24,0037003700390063
9933,中鼎,110,63,47,國票-敦北法人,2024-06-24,0037003700390063
3533,嘉澤,45,0,45,國票-敦北法人,2024-06-24,0037003700390063
1513,中興電,45,0,45,國票-敦北法人,2024-06-24,0037003700390063
9105,泰金寶-DR,44,0,44,國票-敦北法人,2024-06-24,0037003700390063
4526,東台,46,5,41,國票-敦北法人,2024-06-24,0037003700390063
2495,普安,40,0,40,國票-敦北法人,2024-06-24,0037003700390063
2816,旺旺保,40,0,40,國票-敦北法人,2024-06-24,0037003700390063
3653,健策,39,0,39,國票-敦北法人,2024-06-24,0037003700390063
4123,晟德,43,4,39,國票-敦北法人,2024-06-24,0037003700390063
00637L,元大滬深300正2,43,5,38,國票-敦北法人,2024-06-24,0037003700390063
5443,均豪,146,115,31,國票-敦北法人,2024-06-24,0037003700390063
8354,冠好,30,1,29,國票-敦北法人,2024-06-24,0037003700390063
3511,矽瑪,28,0,28,國票-敦北法人,2024-06-24,0037003700390063
0056,元大高股息,5000,0,5000,國票-敦北法人,2024-06-25,0037003700390063
00830,國泰費城半導體,970,0,970,國票-敦北法人,2024-06-25,0037003700390063
2303,聯電,571,12,559,國票-敦北法人,2024-06-25,0037003700390063
5009,榮剛,549,0,549,國票-敦北法人,2024-06-25,0037003700390063
2897,王道銀行,450,0,450,國票-敦北法人,2024-06-25,0037003700390063
2324,仁寶,506,90,416,國票-敦北法人,2024-06-25,0037003700390063
3090,日電貿,375,0,375,國票-敦北法人,2024-06-25,0037003700390063
3289,宜特,361,4,357,國票-敦北法人,2024-06-25,0037003700390063
2354,鴻準,332,20,312,國票-敦北法人,2024-06-25,0037003700390063
2317,鴻海,270,15,255,國票-敦北法人,2024-06-25,0037003700390063
3036,文曄,256,2,254,國票-敦北法人,2024-06-25,0037003700390063
2344,華邦電,242,0,242,國票-敦北法人,2024-06-25,0037003700390063
1215,卜蜂,201,0,201,國票-敦北法人,2024-06-25,0037003700390063
9910,豐泰,132,1,131,國票-敦北法人,2024-06-25,0037003700390063
1731,美吾華,114,0,114,國票-敦北法人,2024-06-25,0037003700390063
6890,來億-KY,102,5,97,國票-敦北法人,2024-06-25,0037003700390063
1605,華新,118,23,95,國票-敦北法人,2024-06-25,0037003700390063
3034,聯詠,82,0,82,國票-敦北法人,2024-06-25,0037003700390063
3665,貿聯-KY,73,17,56,國票-敦北法人,2024-06-25,0037003700390063
8027,鈦昇,58,8,50,國票-敦北法人,2024-06-25,0037003700390063
2537,聯上發,50,1,49,國票-敦北法人,2024-06-25,0037003700390063
00929,復華台灣科技優息,47,0,47,國票-敦北法人,2024-06-25,0037003700390063
1609,大亞,50,5,45,國票-敦北法人,2024-06-25,0037003700390063
8064,東捷,58,13,45,國票-敦北法人,2024-06-25,0037003700390063
6278,台表科,41,0,41,國票-敦北法人,2024-06-25,0037003700390063
2374,佳能,43,3,40,國票-敦北法人,2024-06-25,0037003700390063
3406,玉晶光,55,15,40,國票-敦北法人,2024-06-25,0037003700390063
00637L,元大滬深300正2,40,0,40,國票-敦北法人,2024-06-25,0037003700390063
3081,聯亞,61,21,40,國票-敦北法人,2024-06-25,0037003700390063
5312,寶島科,33,0,33,國票-敦北法人,2024-06-25,0037003700390063
3511,矽瑪,30,0,30,國票-敦北法人,2024-06-25,0037003700390063
8039,台虹,30,0,30,國票-敦北法人,2024-06-25,0037003700390063
2382,廣達,32,2,30,國票-敦北法人,2024-06-25,0037003700390063
2406,國碩,34,5,29,國票-敦北法人,2024-06-25,0037003700390063
3008,大立光,39,10,29,國票-敦北法人,2024-06-25,0037003700390063
6706,惠特,38,10,28,國票-敦北法人,2024-06-25,0037003700390063
9105,泰金寶-DR,29,3,26,國票-敦北法人,2024-06-25,0037003700390063
2609,陽明,49,23,26,國票-敦北法人,2024-06-25,0037003700390063
8085,福華,31,6,25,國票-敦北法人,2024-06-25,0037003700390063
1815,富喬,30,9,21,國票-敦北法人,2024-06-25,0037003700390063
2105,正新,20,0,20,國票-敦北法人,2024-06-25,0037003700390063
2393,億光,20,0,20,國票-敦北法人,2024-06-25,0037003700390063
1476,儒鴻,19,0,19,國票-敦北法人,2024-06-25,0037003700390063
3037,欣興,19,0,19,國票-敦北法人,2024-06-25,0037003700390063
1301,台塑,22,4,18,國票-敦北法人,2024-06-25,0037003700390063
3017,奇鋐,20,2,18,國票-敦北法人,2024-06-25,0037003700390063
5488,松普,16,0,16,國票-敦北法人,2024-06-25,0037003700390063
6269,台郡,16,0,16,國票-敦北法人,2024-06-25,0037003700390063
8299,群聯,16,0,16,國票-敦北法人,2024-06-25,0037003700390063
1603,華電,15,0,15,國票-敦北法人,2024-06-25,0037003700390063
3047,訊舟,1453,28,1425,國票-敦北法人,2024-06-26,0037003700390063
8064,東捷,632,2,630,國票-敦北法人,2024-06-26,0037003700390063
2303,聯電,500,1,499,國票-敦北法人,2024-06-26,0037003700390063
2603,長榮,468,2,466,國票-敦北法人,2024-06-26,0037003700390063
3450,聯鈞,461,7,454,國票-敦北法人,2024-06-26,0037003700390063
3581,博磊,365,11,354,國票-敦北法人,2024-06-26,0037003700390063
2439,美律,359,13,346,國票-敦北法人,2024-06-26,0037003700390063
3652,精聯,315,0,315,國票-敦北法人,2024-06-26,0037003700390063
3374,精材,285,66,219,國票-敦北法人,2024-06-26,0037003700390063
00632R,元大台灣50反1,201,0,201,國票-敦北法人,2024-06-26,0037003700390063
2379,瑞昱,151,0,151,國票-敦北法人,2024-06-26,0037003700390063
2382,廣達,147,8,139,國票-敦北法人,2024-06-26,0037003700390063
2317,鴻海,172,33,139,國票-敦北法人,2024-06-26,0037003700390063
1605,華新,131,0,131,國票-敦北法人,2024-06-26,0037003700390063
2913,農林,104,0,104,國票-敦北法人,2024-06-26,0037003700390063
3023,信邦,100,0,100,國票-敦北法人,2024-06-26,0037003700390063
3055,蔚華科,102,3,99,國票-敦北法人,2024-06-26,0037003700390063
2313,華通,101,12,89,國票-敦北法人,2024-06-26,0037003700390063
4958,臻鼎-KY,75,0,75,國票-敦北法人,2024-06-26,0037003700390063
2834,臺企銀,68,0,68,國票-敦北法人,2024-06-26,0037003700390063
3712,永崴投控,68,5,63,國票-敦北法人,2024-06-26,0037003700390063
3037,欣興,63,0,63,國票-敦北法人,2024-06-26,0037003700390063
6446,藥華藥,68,5,63,國票-敦北法人,2024-06-26,0037003700390063
6806,森崴能源,71,8,63,國票-敦北法人,2024-06-26,0037003700390063
3481,群創,71,11,60,國票-敦北法人,2024-06-26,0037003700390063
1609,大亞,64,9,55,國票-敦北法人,2024-06-26,0037003700390063
00937B,群益ESG投等債20,55,0,55,國票-敦北法人,2024-06-26,0037003700390063
2892,第一金,53,0,53,國票-敦北法人,2024-06-26,0037003700390063
2025,千興,53,0,53,國票-敦北法人,2024-06-26,0037003700390063
2427,三商電,55,2,53,國票-敦北法人,2024-06-26,0037003700390063
6449,鈺邦,55,8,47,國票-敦北法人,2024-06-26,0037003700390063
6890,來億-KY,51,6,45,國票-敦北法人,2024-06-26,0037003700390063
3035,智原,96,51,45,國票-敦北法人,2024-06-26,0037003700390063
4126,太醫,42,0,42,國票-敦北法人,2024-06-26,0037003700390063
6278,台表科,41,0,41,國票-敦北法人,2024-06-26,0037003700390063
9910,豐泰,40,1,39,國票-敦北法人,2024-06-26,0037003700390063
8076,伍豐,40,2,38,國票-敦北法人,2024-06-26,0037003700390063
3081,聯亞,53,18,35,國票-敦北法人,2024-06-26,0037003700390063
4128,中天,38,4,34,國票-敦北法人,2024-06-26,0037003700390063
2886,兆豐金,34,0,34,國票-敦北法人,2024-06-26,0037003700390063
6743,安普新,33,0,33,國票-敦北法人,2024-06-26,0037003700390063
3511,矽瑪,32,0,32,國票-敦北法人,2024-06-26,0037003700390063
2105,正新,30,0,30,國票-敦北法人,2024-06-26,0037003700390063
6741,91APP*-KY,30,0,30,國票-敦北法人,2024-06-26,0037003700390063
6753,龍德造船,36,8,28,國票-敦北法人,2024-06-26,0037003700390063
2467,志聖,29,2,27,國票-敦北法人,2024-06-26,0037003700390063
3312,弘憶股,43,17,26,國票-敦北法人,2024-06-26,0037003700390063
3231,緯創,28,3,25,國票-敦北法人,2024-06-26,0037003700390063
2344,華邦電,25,0,25,國票-敦北法人,2024-06-26,0037003700390063
911868,同方友友-DR,25,0,25,國票-敦北法人,2024-06-26,0037003700390063
3702,大聯大,1468,0,1468,國票-敦北法人,2024-06-27,0037003700390063
00937B,群益ESG投等債20,1086,20,1066,國票-敦北法人,2024-06-27,0037003700390063
2449,京元電子,1066,6,1060,國票-敦北法人,2024-06-27,0037003700390063
00830,國泰費城半導體,1901,850,1051,國票-敦北法人,2024-06-27,0037003700390063
00713,元大台灣高息低波,1001,0,1001,國票-敦北法人,2024-06-27,0037003700390063
2406,國碩,973,19,954,國票-敦北法人,2024-06-27,0037003700390063
6244,茂迪,1288,346,942,國票-敦北法人,2024-06-27,0037003700390063
3045,台灣大,803,0,803,國票-敦北法人,2024-06-27,0037003700390063
2301,光寶科,974,206,768,國票-敦北法人,2024-06-27,0037003700390063
2618,長榮航,648,80,568,國票-敦北法人,2024-06-27,0037003700390063
4909,新復興,459,6,453,國票-敦北法人,2024-06-27,0037003700390063
6191,精成科,417,2,415,國票-敦北法人,2024-06-27,0037003700390063
2412,中華電,400,0,400,國票-敦北法人,2024-06-27,0037003700390063
6753,龍德造船,324,7,317,國票-敦北法人,2024-06-27,0037003700390063
3231,緯創,312,1,311,國票-敦北法人,2024-06-27,0037003700390063
6239,力成,300,2,298,國票-敦北法人,2024-06-27,0037003700390063
3312,弘憶股,318,66,252,國票-敦北法人,2024-06-27,0037003700390063
2377,微星,250,0,250,國票-敦北法人,2024-06-27,0037003700390063
3044,健鼎,209,0,209,國票-敦北法人,2024-06-27,0037003700390063
8086,宏捷科,200,0,200,國票-敦北法人,2024-06-27,0037003700390063
9910,豐泰,190,0,190,國票-敦北法人,2024-06-27,0037003700390063
6446,藥華藥,236,67,169,國票-敦北法人,2024-06-27,0037003700390063
2474,可成,154,0,154,國票-敦北法人,2024-06-27,0037003700390063
2357,華碩,224,76,148,國票-敦北法人,2024-06-27,0037003700390063
5243,乙盛-KY,209,66,143,國票-敦北法人,2024-06-27,0037003700390063
3374,精材,130,1,129,國票-敦北法人,2024-06-27,0037003700390063
3034,聯詠,127,0,127,國票-敦北法人,2024-06-27,0037003700390063
4915,致伸,126,0,126,國票-敦北法人,2024-06-27,0037003700390063
00948B,中信優息投資級債,111,0,111,國票-敦北法人,2024-06-27,0037003700390063
2317,鴻海,150,46,104,國票-敦北法人,2024-06-27,0037003700390063
2303,聯電,104,0,104,國票-敦北法人,2024-06-27,0037003700390063
2206,三陽工業,94,1,93,國票-敦北法人,2024-06-27,0037003700390063
3581,博磊,504,414,90,國票-敦北法人,2024-06-27,0037003700390063
2439,美律,85,0,85,國票-敦北法人,2024-06-27,0037003700390063
6928,攸泰科技,81,21,60,國票-敦北法人,2024-06-27,0037003700390063
6488,環球晶,60,0,60,國票-敦北法人,2024-06-27,0037003700390063
00940,元大台灣價值高息,75,15,60,國票-敦北法人,2024-06-27,0037003700390063
3711,日月光投控,60,0,60,國票-敦北法人,2024-06-27,0037003700390063
2374,佳能,61,3,58,國票-敦北法人,2024-06-27,0037003700390063
3376,新日興,104,48,56,國票-敦北法人,2024-06-27,0037003700390063
1785,光洋科,57,6,51,國票-敦北法人,2024-06-27,0037003700390063
3481,群創,53,2,51,國票-敦北法人,2024-06-27,0037003700390063
4168,醣聯,45,1,44,國票-敦北法人,2024-06-27,0037003700390063
1503,士電,49,6,43,國票-敦北法人,2024-06-27,0037003700390063
4126,太醫,42,0,42,國票-敦北法人,2024-06-27,0037003700390063
6414,樺漢,52,10,42,國票-敦北法人,2024-06-27,0037003700390063
3035,智原,47,13,34,國票-敦北法人,2024-06-27,0037003700390063
6285,啟��,33,1,32,國票-敦北法人,2024-06-27,0037003700390063
2543,皇昌,32,0,32,國票-敦北法人,2024-06-27,0037003700390063
4953,緯軟,31,0,31,國票-敦北法人,2024-06-27,0037003700390063
2888,新光金,10000,15,9985,國票-敦北法人,2024-06-28,0037003700390063
0056,元大高股息,2500,3,2497,國票-敦北法人,2024-06-28,0037003700390063
3374,精材,620,52,568,國票-敦北法人,2024-06-28,0037003700390063
3535,晶彩科,507,6,501,國票-敦北法人,2024-06-28,0037003700390063
2317,鴻海,443,65,378,國票-敦北法人,2024-06-28,0037003700390063
9910,豐泰,300,0,300,國票-敦北法人,2024-06-28,0037003700390063
3576,聯合再生,406,107,299,國票-敦北法人,2024-06-28,0037003700390063
2010,春源,281,0,281,國票-敦北法人,2024-06-28,0037003700390063
5443,均豪,320,46,274,國票-敦北法人,2024-06-28,0037003700390063
6188,廣明,264,27,237,國票-敦北法人,2024-06-28,0037003700390063
2476,鉅祥,235,0,235,國票-敦北法人,2024-06-28,0037003700390063
3376,新日興,281,80,201,國票-敦北法人,2024-06-28,0037003700390063
00688L,國泰20年美債正2,200,0,200,國票-敦北法人,2024-06-28,0037003700390063
6285,啟��,200,0,200,國票-敦北法人,2024-06-28,0037003700390063
6928,攸泰科技,298,101,197,國票-敦北法人,2024-06-28,0037003700390063
6182,合晶,205,20,185,國票-敦北法人,2024-06-28,0037003700390063
00830,國泰費城半導體,167,0,167,國票-敦北法人,2024-06-28,0037003700390063
2439,美律,154,0,154,國票-敦北法人,2024-06-28,0037003700390063
2344,華邦電,142,5,137,國票-敦北法人,2024-06-28,0037003700390063
3296,勝德,120,0,120,國票-敦北法人,2024-06-28,0037003700390063
3035,智原,192,75,117,國票-敦北法人,2024-06-28,0037003700390063
3042,晶技,120,8,112,國票-敦北法人,2024-06-28,0037003700390063
2330,台積電,144,40,104,國票-敦北法人,2024-06-28,0037003700390063
00937B,群益ESG投等債20,100,0,100,國票-敦北法人,2024-06-28,0037003700390063
2206,三陽工業,97,4,93,國票-敦北法人,2024-06-28,0037003700390063
3105,穩懋,128,50,78,國票-敦北法人,2024-06-28,0037003700390063
2359,所羅門,78,1,77,國票-敦北法人,2024-06-28,0037003700390063
6488,環球晶,72,0,72,國票-敦北法人,2024-06-28,0037003700390063
2379,瑞昱,70,0,70,國票-敦北法人,2024-06-28,0037003700390063
1795,美時,60,2,58,國票-敦北法人,2024-06-28,0037003700390063
00929,復華台灣科技優息,57,0,57,國票-敦北法人,2024-06-28,0037003700390063
2542,興富發,40,0,40,國票-敦北法人,2024-06-28,0037003700390063
2357,華碩,40,0,40,國票-敦北法人,2024-06-28,0037003700390063
2337,旺宏,56,16,40,國票-敦北法人,2024-06-28,0037003700390063
3131,弘塑,40,4,36,國票-敦北法人,2024-06-28,0037003700390063
2417,圓剛,38,2,36,國票-敦北法人,2024-06-28,0037003700390063
5009,榮剛,34,0,34,國票-敦北法人,2024-06-28,0037003700390063
6415,矽力*-KY,31,0,31,國票-敦北法人,2024-06-28,0037003700390063
00637L,元大滬深300正2,30,0,30,國票-敦北法人,2024-06-28,0037003700390063
3050,鈺德,30,0,30,國票-敦北法人,2024-06-28,0037003700390063
2501,國建,30,0,30,國票-敦北法人,2024-06-28,0037003700390063
3034,聯詠,30,0,30,國票-敦北法人,2024-06-28,0037003700390063
3402,漢科,29,0,29,國票-敦北法人,2024-06-28,0037003700390063
3017,奇鋐,41,12,29,國票-敦北法人,2024-06-28,0037003700390063
8367,建新國際,27,0,27,國票-敦北法人,2024-06-28,0037003700390063
3587,閎康,30,3,27,國票-敦北法人,2024-06-28,0037003700390063
911868,同方友友-DR,26,0,26,國票-敦北法人,2024-06-28,0037003700390063
8112,至上,27,1,26,國票-敦北法人,2024-06-28,0037003700390063
2049,上銀,25,0,25,國票-敦北法人,2024-06-28,0037003700390063
00679B,元大美債20年,24,0,24,國票-敦北法人,2024-06-28,0037003700390063
2303,聯電,3527,54,3473,國票-敦北法人,2024-07-01,0037003700390063
3047,訊舟,1526,16,1510,國票-敦北法人,2024-07-01,0037003700390063
4938,和碩,1500,0,1500,國票-敦北法人,2024-07-01,0037003700390063
2031,新光鋼,916,0,916,國票-敦北法人,2024-07-01,0037003700390063
8064,東捷,818,31,787,國票-敦北法人,2024-07-01,0037003700390063
8163,達方,601,1,600,國票-敦北法人,2024-07-01,0037003700390063
2301,光寶科,513,15,498,國票-敦北法人,2024-07-01,0037003700390063
3010,華立,450,6,444,國票-敦北法人,2024-07-01,0037003700390063
3535,晶彩科,356,12,344,國票-敦北法人,2024-07-01,0037003700390063
6269,台郡,345,8,337,國票-敦北法人,2024-07-01,0037003700390063
00929,復華台灣科技優息,345,16,329,國票-敦北法人,2024-07-01,0037003700390063
6189,豐藝,348,28,320,國票-敦北法人,2024-07-01,0037003700390063
2393,億光,323,10,313,國票-敦北法人,2024-07-01,0037003700390063
2449,京元電子,303,1,302,國票-敦北法人,2024-07-01,0037003700390063
4904,遠傳,321,21,300,國票-敦北法人,2024-07-01,0037003700390063
2891,中信金,1300,1000,300,國票-敦北法人,2024-07-01,0037003700390063
2820,華票,272,0,272,國票-敦北法人,2024-07-01,0037003700390063
2010,春源,270,0,270,國票-敦北法人,2024-07-01,0037003700390063
6698,旭暉應材,253,6,247,國票-敦北法人,2024-07-01,0037003700390063
2382,廣達,211,0,211,國票-敦北法人,2024-07-01,0037003700390063
3034,聯詠,204,0,204,國票-敦北法人,2024-07-01,0037003700390063
2387,精元,201,0,201,國票-敦北法人,2024-07-01,0037003700390063
2474,可成,200,0,200,國票-敦北法人,2024-07-01,0037003700390063
3024,憶聲,203,10,193,國票-敦北法人,2024-07-01,0037003700390063
2889,國票金,200,11,189,國票-敦北法人,2024-07-01,0037003700390063
8081,致新,179,0,179,國票-敦北法人,2024-07-01,0037003700390063
1216,統一,170,0,170,國票-敦北法人,2024-07-01,0037003700390063
3450,聯鈞,176,8,168,國票-敦北法人,2024-07-01,0037003700390063
2417,圓剛,339,173,166,國票-敦北法人,2024-07-01,0037003700390063
5347,世界,265,99,166,國票-敦北法人,2024-07-01,0037003700390063
1301,台塑,164,1,163,國票-敦北法人,2024-07-01,0037003700390063
5533,皇鼎,153,0,153,國票-敦北法人,2024-07-01,0037003700390063
4915,致伸,151,10,141,國票-敦北法人,2024-07-01,0037003700390063
00937B,群益ESG投等債20,136,0,136,國票-敦北法人,2024-07-01,0037003700390063
1612,宏泰,117,0,117,國票-敦北法人,2024-07-01,0037003700390063
1402,遠東新,100,0,100,國票-敦北法人,2024-07-01,0037003700390063
3587,閎康,99,0,99,國票-敦北法人,2024-07-01,0037003700390063
8271,宇瞻,97,0,97,國票-敦北法人,2024-07-01,0037003700390063
6472,保瑞,100,3,97,國票-敦北法人,2024-07-01,0037003700390063
6139,亞翔,109,12,97,國票-敦北法人,2024-07-01,0037003700390063
3312,弘憶股,210,117,93,國票-敦北法人,2024-07-01,0037003700390063
2308,台達電,95,3,92,國票-敦北法人,2024-07-01,0037003700390063
6488,環球晶,95,6,89,國票-敦北法人,2024-07-01,0037003700390063
3289,宜特,86,0,86,國票-敦北法人,2024-07-01,0037003700390063
1817,凱撒衛,77,0,77,國票-敦北法人,2024-07-01,0037003700390063
2349,錸德,74,1,73,國票-敦北法人,2024-07-01,0037003700390063
6115,鎰勝,67,0,67,國票-敦北法人,2024-07-01,0037003700390063
8027,鈦昇,76,15,61,國票-敦北法人,2024-07-01,0037003700390063
6136,富爾特,60,0,60,國票-敦北法人,2024-07-01,0037003700390063
6901,鑽石投資,59,4,55,國票-敦北法人,2024-07-01,0037003700390063
2349,錸德,3139,55,3084,國票-敦北法人,2024-07-02,0037003700390063
6443,元晶,2119,74,2045,國票-敦北法人,2024-07-02,0037003700390063
2891,中信金,2001,8,1993,國票-敦北法人,2024-07-02,0037003700390063
3005,神基,1479,94,1385,國票-敦北法人,2024-07-02,0037003700390063
3374,精材,1091,63,1028,國票-敦北法人,2024-07-02,0037003700390063
2031,新光鋼,887,0,887,國票-敦北法人,2024-07-02,0037003700390063
2313,華通,691,39,652,國票-敦北法人,2024-07-02,0037003700390063
8163,達方,607,0,607,國票-敦北法人,2024-07-02,0037003700390063
3047,訊舟,1537,995,542,國票-敦北法人,2024-07-02,0037003700390063
4534,慶騰,414,1,413,國票-敦北法人,2024-07-02,0037003700390063
00934,中信成長高股息,387,0,387,國票-敦北法人,2024-07-02,0037003700390063
3035,智原,316,22,294,國票-敦北法人,2024-07-02,0037003700390063
2010,春源,273,0,273,國票-敦北法人,2024-07-02,0037003700390063
00929,復華台灣科技優息,241,40,201,國票-敦北法人,2024-07-02,0037003700390063
2387,精元,201,0,201,國票-敦北法人,2024-07-02,0037003700390063
2727,王品,200,0,200,國票-敦北法人,2024-07-02,0037003700390063
00715L,期街口布蘭特正2,200,0,200,國票-敦北法人,2024-07-02,0037003700390063
4961,天鈺,201,3,198,國票-敦北法人,2024-07-02,0037003700390063
6271,同欣電,173,1,172,國票-敦北法人,2024-07-02,0037003700390063
00936,台新永續高息中小,160,0,160,國票-敦北法人,2024-07-02,0037003700390063
5533,皇鼎,159,0,159,國票-敦北法人,2024-07-02,0037003700390063
3491,昇達科,155,0,155,國票-敦北法人,2024-07-02,0037003700390063
8103,瀚荃,151,10,141,國票-敦北法人,2024-07-02,0037003700390063
2303,聯電,130,4,126,國票-敦北法人,2024-07-02,0037003700390063
00919,群益台灣精選高息,118,0,118,國票-敦北法人,2024-07-02,0037003700390063
1605,華新,120,2,118,國票-敦北法人,2024-07-02,0037003700390063
00878,國泰永續高股息,102,5,97,國票-敦北法人,2024-07-02,0037003700390063
8436,大江,95,0,95,國票-敦北法人,2024-07-02,0037003700390063
1817,凱撒衛,74,0,74,國票-敦北法人,2024-07-02,0037003700390063
6115,鎰勝,68,0,68,國票-敦北法人,2024-07-02,0037003700390063
3686,達能,63,0,63,國票-敦北法人,2024-07-02,0037003700390063
6136,富爾特,60,0,60,國票-敦北法人,2024-07-02,0037003700390063
5426,振發,50,0,50,國票-敦北法人,2024-07-02,0037003700390063
6244,茂迪,59,12,47,國票-敦北法人,2024-07-02,0037003700390063
4126,太醫,46,0,46,國票-敦北法人,2024-07-02,0037003700390063
2449,京元電子,47,3,44,國票-敦北法人,2024-07-02,0037003700390063
2308,台達電,43,1,42,國票-敦北法人,2024-07-02,0037003700390063
5452,佶優,47,6,41,國票-敦北法人,2024-07-02,0037003700390063
6163,華電網,50,9,41,國票-敦北法人,2024-07-02,0037003700390063
00937B,群益ESG投等債20,40,0,40,國票-敦北法人,2024-07-02,0037003700390063
9105,泰金寶-DR,59,20,39,國票-敦北法人,2024-07-02,0037003700390063
2338,光罩,38,0,38,國票-敦北法人,2024-07-02,0037003700390063
9958,世紀鋼,40,3,37,國票-敦北法人,2024-07-02,0037003700390063
6806,森崴能源,45,11,34,國票-敦北法人,2024-07-02,0037003700390063
3010,華立,33,0,33,國票-敦北法人,2024-07-02,0037003700390063
8028,昇陽半導體,49,16,33,國票-敦北法人,2024-07-02,0037003700390063
4714,永捷,33,0,33,國票-敦北法人,2024-07-02,0037003700390063
4562,穎漢,32,0,32,國票-敦北法人,2024-07-02,0037003700390063
6643,M31,29,0,29,國票-敦北法人,2024-07-02,0037003700390063
6753,龍德造船,45,19,26,國票-敦北法人,2024-07-02,0037003700390063
2349,錸德,12383,3492,8891,國票-敦北法人,2024-07-03,0037003700390063
2891,中信金,7052,1016,6036,國票-敦北法人,2024-07-03,0037003700390063
4562,穎漢,2612,26,2586,國票-敦北法人,2024-07-03,0037003700390063
3498,陽程,1625,14,1611,國票-敦北法人,2024-07-03,0037003700390063
3615,安可,1549,47,1502,國票-敦北法人,2024-07-03,0037003700390063
3450,聯鈞,1628,175,1453,國票-敦北法人,2024-07-03,0037003700390063
2365,昆盈,719,62,657,國票-敦北法人,2024-07-03,0037003700390063
8163,達方,613,4,609,國票-敦北法人,2024-07-03,0037003700390063
2313,華通,586,2,584,國票-敦北法人,2024-07-03,0037003700390063
8069,元太,611,50,561,國票-敦北法人,2024-07-03,0037003700390063
5871,中租-KY,502,2,500,國票-敦北法人,2024-07-03,0037003700390063
2010,春源,261,0,261,國票-敦北法人,2024-07-03,0037003700390063
3665,貿聯-KY,264,3,261,國票-敦北法人,2024-07-03,0037003700390063
5432,新門,260,0,260,國票-敦北法人,2024-07-03,0037003700390063
6698,旭暉應材,888,640,248,國票-敦北法人,2024-07-03,0037003700390063
6658,聯策,343,99,244,國票-敦北法人,2024-07-03,0037003700390063
3312,弘憶股,216,3,213,國票-敦北法人,2024-07-03,0037003700390063
2889,國票金,268,58,210,國票-敦北法人,2024-07-03,0037003700390063
2387,精元,198,0,198,國票-敦北法人,2024-07-03,0037003700390063
2455,全新,165,5,160,國票-敦北法人,2024-07-03,0037003700390063
4958,臻鼎-KY,165,6,159,國票-敦北法人,2024-07-03,0037003700390063
5533,皇鼎,155,0,155,國票-敦北法人,2024-07-03,0037003700390063
6284,佳邦,167,18,149,國票-敦北法人,2024-07-03,0037003700390063
2317,鴻海,147,12,135,國票-敦北法人,2024-07-03,0037003700390063
4915,致伸,113,2,111,國票-敦北法人,2024-07-03,0037003700390063
0056,元大高股息,105,0,105,國票-敦北法人,2024-07-03,0037003700390063
1402,遠東新,101,1,100,國票-敦北法人,2024-07-03,0037003700390063
5425,台半,100,2,98,國票-敦北法人,2024-07-03,0037003700390063
6491,晶碩,90,7,83,國票-敦北法人,2024-07-03,0037003700390063
5483,中美晶,79,0,79,國票-敦北法人,2024-07-03,0037003700390063
4977,眾達-KY,76,0,76,國票-敦北法人,2024-07-03,0037003700390063
2408,南亞科,86,12,74,國票-敦北法人,2024-07-03,0037003700390063
8054,安國,81,7,74,國票-敦北法人,2024-07-03,0037003700390063
8028,昇陽半導體,89,15,74,國票-敦北法人,2024-07-03,0037003700390063
00902,中信電池及儲能,74,2,72,國票-敦北法人,2024-07-03,0037003700390063
6115,鎰勝,68,0,68,國票-敦北法人,2024-07-03,0037003700390063
6742,澤米,59,0,59,國票-敦北法人,2024-07-03,0037003700390063
6136,富爾特,58,0,58,國票-敦北法人,2024-07-03,0037003700390063
2603,長榮,61,4,57,國票-敦北法人,2024-07-03,0037003700390063
5388,中磊,56,0,56,國票-敦北法人,2024-07-03,0037003700390063
2610,華航,55,7,48,國票-敦北法人,2024-07-03,0037003700390063
3081,聯亞,54,11,43,國票-敦北法人,2024-07-03,0037003700390063
5371,中光電,42,0,42,國票-敦北法人,2024-07-03,0037003700390063
8096,擎亞,44,2,42,國票-敦北法人,2024-07-03,0037003700390063
6179,亞通,40,0,40,國票-敦北法人,2024-07-03,0037003700390063
6957,裕慶-KY,40,0,40,國票-敦北法人,2024-07-03,0037003700390063
2542,興富發,40,0,40,國票-敦北法人,2024-07-03,0037003700390063
3596,智易,37,1,36,國票-敦北法人,2024-07-03,0037003700390063
9105,泰金寶-DR,90,54,36,國票-敦北法人,2024-07-03,0037003700390063
6147,頎邦,33,0,33,國票-敦北法人,2024-07-03,0037003700390063
6207,雷科,1455,2,1453,國票-敦北法人,2024-07-04,0037003700390063
00929,復華台灣科技優息,1002,0,1002,國票-敦北法人,2024-07-04,0037003700390063
3580,友威科,744,5,739,國票-敦北法人,2024-07-04,0037003700390063
3535,晶彩科,713,5,708,國票-敦北法人,2024-07-04,0037003700390063
2543,皇昌,655,5,650,國票-敦北法人,2024-07-04,0037003700390063
2891,中信金,1510,1017,493,國票-敦北法人,2024-07-04,0037003700390063
5474,聰泰,211,3,208,國票-敦北法人,2024-07-04,0037003700390063
4938,和碩,202,0,202,國票-敦北法人,2024-07-04,0037003700390063
6706,惠特,206,5,201,國票-敦北法人,2024-07-04,0037003700390063
00713,元大台灣高息低波,200,24,176,國票-敦北法人,2024-07-04,0037003700390063
3163,波若威,162,3,159,國票-敦北法人,2024-07-04,0037003700390063
8104,錸寶,911,755,156,國票-敦北法人,2024-07-04,0037003700390063
3481,群創,186,31,155,國票-敦北法人,2024-07-04,0037003700390063
2303,聯電,180,26,154,國票-敦北法人,2024-07-04,0037003700390063
2379,瑞昱,150,0,150,國票-敦北法人,2024-07-04,0037003700390063
2363,矽統,126,10,116,國票-敦北法人,2024-07-04,0037003700390063
3312,弘憶股,422,316,106,國票-敦北法人,2024-07-04,0037003700390063
2312,金寶,121,21,100,國票-敦北法人,2024-07-04,0037003700390063
00637L,元大滬深300正2,90,0,90,國票-敦北法人,2024-07-04,0037003700390063
2002,中鋼,87,12,75,國票-敦北法人,2024-07-04,0037003700390063
1476,儒鴻,73,2,71,國票-敦北法人,2024-07-04,0037003700390063
6509,聚和,70,0,70,國票-敦北法人,2024-07-04,0037003700390063
6957,裕慶-KY,110,40,70,國票-敦北法人,2024-07-04,0037003700390063
2313,華通,83,18,65,國票-敦北法人,2024-07-04,0037003700390063
3665,貿聯-KY,65,1,64,國票-敦北法人,2024-07-04,0037003700390063
1529,樂事綠能,65,2,63,國票-敦北法人,2024-07-04,0037003700390063
00632R,元大台灣50反1,71,10,61,國票-敦北法人,2024-07-04,0037003700390063
3036,文曄,62,3,59,國票-敦北法人,2024-07-04,0037003700390063
2610,華航,63,4,59,國票-敦北法人,2024-07-04,0037003700390063
6239,力成,55,0,55,國票-敦北法人,2024-07-04,0037003700390063
2383,台光電,59,4,55,國票-敦北法人,2024-07-04,0037003700390063
4968,立積,56,3,53,國票-敦北法人,2024-07-04,0037003700390063
6488,環球晶,53,1,52,國票-敦北法人,2024-07-04,0037003700390063
2882,國泰金,52,2,50,國票-敦北法人,2024-07-04,0037003700390063
2330,台積電,138,88,50,國票-敦北法人,2024-07-04,0037003700390063
2353,宏��,50,1,49,國票-敦北法人,2024-07-04,0037003700390063
2360,致茂,48,2,46,國票-敦北法人,2024-07-04,0037003700390063
3037,欣興,45,2,43,國票-敦北法人,2024-07-04,0037003700390063
0056,元大高股息,50,8,42,國票-敦北法人,2024-07-04,0037003700390063
6288,聯嘉,40,0,40,國票-敦北法人,2024-07-04,0037003700390063
00936,台新永續高息中小,36,0,36,國票-敦北法人,2024-07-04,0037003700390063
1513,中興電,326,290,36,國票-敦北法人,2024-07-04,0037003700390063
3372,典範,44,12,32,國票-敦北法人,2024-07-04,0037003700390063
2332,友訊,30,0,30,國票-敦北法人,2024-07-04,0037003700390063
9904,寶成,30,0,30,國票-敦北法人,2024-07-04,0037003700390063
9905,大華,30,0,30,國票-敦北法人,2024-07-04,0037003700390063
3035,智原,34,5,29,國票-敦北法人,2024-07-04,0037003700390063
3376,新日興,29,0,29,國票-敦北法人,2024-07-04,0037003700390063
6451,訊芯-KY,29,1,28,國票-敦北法人,2024-07-04,0037003700390063
3653,健策,27,0,27,國票-敦北法人,2024-07-04,0037003700390063
00673R,期元大S＆P原油反1,4002,0,4002,國票-敦北法人,2024-07-05,0037003700390063
2618,長榮航,3267,455,2812,國票-敦北法人,2024-07-05,0037003700390063
3047,訊舟,2136,102,2034,國票-敦北法人,2024-07-05,0037003700390063
6191,精成科,1014,1,1013,國票-敦北法人,2024-07-05,0037003700390063
00715L,期街口布蘭特正2,850,2,848,國票-敦北法人,2024-07-05,0037003700390063
8064,東捷,838,20,818,國票-敦北法人,2024-07-05,0037003700390063
1785,光洋科,402,91,311,國票-敦北法人,2024-07-05,0037003700390063
2331,精英,301,12,289,國票-敦北法人,2024-07-05,0037003700390063
6187,萬潤,290,18,272,國票-敦北法人,2024-07-05,0037003700390063
3055,蔚華科,261,3,258,國票-敦北法人,2024-07-05,0037003700390063
3227,原相,233,13,220,國票-敦北法人,2024-07-05,0037003700390063
2387,精元,207,0,207,國票-敦北法人,2024-07-05,0037003700390063
8299,群聯,203,1,202,國票-敦北法人,2024-07-05,0037003700390063
5533,皇鼎,158,0,158,國票-敦北法人,2024-07-05,0037003700390063
1513,中興電,227,73,154,國票-敦北法人,2024-07-05,0037003700390063
8086,宏捷科,151,2,149,國票-敦北法人,2024-07-05,0037003700390063
2345,智邦,124,0,124,國票-敦北法人,2024-07-05,0037003700390063
6223,旺矽,122,1,121,國票-敦北法人,2024-07-05,0037003700390063
2382,廣達,110,0,110,國票-敦北法人,2024-07-05,0037003700390063
00945B,凱基美國非投等債,110,0,110,國票-敦北法人,2024-07-05,0037003700390063
6443,元晶,140,34,106,國票-敦北法人,2024-07-05,0037003700390063
2360,致茂,101,1,100,國票-敦北法人,2024-07-05,0037003700390063
4545,銘鈺,100,2,98,國票-敦北法人,2024-07-05,0037003700390063
2330,台積電,107,17,90,國票-敦北法人,2024-07-05,0037003700390063
4960,誠美材,80,2,78,國票-敦北法人,2024-07-05,0037003700390063
2493,揚博,70,0,70,國票-敦北法人,2024-07-05,0037003700390063
6136,富爾特,65,0,65,國票-敦北法人,2024-07-05,0037003700390063
2417,圓剛,66,4,62,國票-敦北法人,2024-07-05,0037003700390063
6531,愛普*,64,5,59,國票-敦北法人,2024-07-05,0037003700390063
3511,矽瑪,60,2,58,國票-敦北法人,2024-07-05,0037003700390063
00637L,元大滬深300正2,58,0,58,國票-敦北法人,2024-07-05,0037003700390063
4908,前鼎,63,8,55,國票-敦北法人,2024-07-05,0037003700390063
6237,驊訊,50,0,50,國票-敦北法人,2024-07-05,0037003700390063
00632R,元大台灣50反1,50,0,50,國票-敦北法人,2024-07-05,0037003700390063
00934,中信成長高股息,100,57,43,國票-敦北法人,2024-07-05,0037003700390063
9914,美利達,40,0,40,國票-敦北法人,2024-07-05,0037003700390063
6706,惠特,69,31,38,國票-敦北法人,2024-07-05,0037003700390063
2455,全新,47,10,37,國票-敦北法人,2024-07-05,0037003700390063
4114,健喬,36,0,36,國票-敦北法人,2024-07-05,0037003700390063
6806,森崴能源,41,5,36,國票-敦北法人,2024-07-05,0037003700390063
2317,鴻海,40,4,36,國票-敦北法人,2024-07-05,0037003700390063
2610,華航,40,5,35,國票-敦北法人,2024-07-05,0037003700390063
6217,中探針,40,6,34,國票-敦北法人,2024-07-05,0037003700390063
00937B,群益ESG投等債20,36,2,34,國票-敦北法人,2024-07-05,0037003700390063
6282,康舒,50,17,33,國票-敦北法人,2024-07-05,0037003700390063
9905,大華,32,0,32,國票-敦北法人,2024-07-05,0037003700390063
00878,國泰永續高股息,32,0,32,國票-敦北法人,2024-07-05,0037003700390063
2332,友訊,31,0,31,國票-敦北法人,2024-07-05,0037003700390063
1536,和大,57,26,31,國票-敦北法人,2024-07-05,0037003700390063
3443,創意,30,0,30,國票-敦北法人,2024-07-05,0037003700390063
2367,燿華,5315,92,5223,國票-敦北法人,2024-07-08,0037003700390063
6191,精成科,996,0,996,國票-敦北法人,2024-07-08,0037003700390063
3094,聯傑,723,12,711,國票-敦北法人,2024-07-08,0037003700390063
2317,鴻海,778,70,708,國票-敦北法人,2024-07-08,0037003700390063
00673R,期元大S＆P原油反1,700,0,700,國票-敦北法人,2024-07-08,0037003700390063
3231,緯創,651,5,646,國票-敦北法人,2024-07-08,0037003700390063
2308,台達電,559,10,549,國票-敦北法人,2024-07-08,0037003700390063
00713,元大台灣高息低波,300,0,300,國票-敦北法人,2024-07-08,0037003700390063
2603,長榮,225,15,210,國票-敦北法人,2024-07-08,0037003700390063
2387,精元,207,0,207,國票-敦北法人,2024-07-08,0037003700390063
3450,聯鈞,227,31,196,國票-敦北法人,2024-07-08,0037003700390063
5356,協益,199,5,194,國票-敦北法人,2024-07-08,0037003700390063
3689,湧德,150,1,149,國票-敦北法人,2024-07-08,0037003700390063
3594,磐儀,155,7,148,國票-敦北法人,2024-07-08,0037003700390063
6213,聯茂,262,138,124,國票-敦北法人,2024-07-08,0037003700390063
3048,益登,129,28,101,國票-敦北法人,2024-07-08,0037003700390063
00878,國泰永續高股息,101,2,99,國票-敦北法人,2024-07-08,0037003700390063
6640,均華,110,14,96,國票-敦北法人,2024-07-08,0037003700390063
00945B,凱基美國非投等債,90,0,90,國票-敦北法人,2024-07-08,0037003700390063
2449,京元電子,89,8,81,國票-敦北法人,2024-07-08,0037003700390063
5388,中磊,80,0,80,國票-敦北法人,2024-07-08,0037003700390063
3047,訊舟,133,54,79,國票-敦北法人,2024-07-08,0037003700390063
6451,訊芯-KY,73,1,72,國票-敦北法人,2024-07-08,0037003700390063
2330,台積電,82,12,70,國票-敦北法人,2024-07-08,0037003700390063
2493,揚博,64,0,64,國票-敦北法人,2024-07-08,0037003700390063
00929,復華台灣科技優息,62,0,62,國票-敦北法人,2024-07-08,0037003700390063
4960,誠美材,134,75,59,國票-敦北法人,2024-07-08,0037003700390063
3062,建漢,80,24,56,國票-敦北法人,2024-07-08,0037003700390063
5475,德宏,51,7,44,國票-敦北法人,2024-07-08,0037003700390063
3481,群創,67,26,41,國票-敦北法人,2024-07-08,0037003700390063
6108,競國,40,0,40,國票-敦北法人,2024-07-08,0037003700390063
3710,連展投控,61,21,40,國票-敦北法人,2024-07-08,0037003700390063
00688L,國泰20年美債正2,35,0,35,國票-敦北法人,2024-07-08,0037003700390063
5225,東科-KY,40,5,35,國票-敦北法人,2024-07-08,0037003700390063
3035,智原,35,0,35,國票-敦北法人,2024-07-08,0037003700390063
4526,東台,35,1,34,國票-敦北法人,2024-07-08,0037003700390063
1802,台玻,34,0,34,國票-敦北法人,2024-07-08,0037003700390063
5469,瀚宇博,34,0,34,國票-敦北法人,2024-07-08,0037003700390063
2301,光寶科,40,7,33,國票-敦北法人,2024-07-08,0037003700390063
9905,大華,33,0,33,國票-敦北法人,2024-07-08,0037003700390063
4916,事欣科,31,0,31,國票-敦北法人,2024-07-08,0037003700390063
3715,定穎投控,30,0,30,國票-敦北法人,2024-07-08,0037003700390063
3533,嘉澤,35,6,29,國票-敦北法人,2024-07-08,0037003700390063
2459,敦吉,29,0,29,國票-敦北法人,2024-07-08,0037003700390063
8436,大江,29,2,27,國票-敦北法人,2024-07-08,0037003700390063
6901,鑽石投資,27,1,26,國票-敦北法人,2024-07-08,0037003700390063
3105,穩懋,25,0,25,國票-敦北法人,2024-07-08,0037003700390063
2409,友達,25,0,25,國票-敦北法人,2024-07-08,0037003700390063
5471,松翰,25,0,25,國票-敦北法人,2024-07-08,0037003700390063
6189,豐藝,33,9,24,國票-敦北法人,2024-07-08,0037003700390063
00881,國泰台灣5G+,5001,40,4961,國票-敦北法人,2024-07-09,0037003700390063
2313,華通,4452,19,4433,國票-敦北法人,2024-07-09,0037003700390063
6005,群益證,3650,272,3378,國票-敦北法人,2024-07-09,0037003700390063
0056,元大高股息,1039,0,1039,國票-敦北法人,2024-07-09,0037003700390063
2888,新光金,1189,352,837,國票-敦北法人,2024-07-09,0037003700390063
2404,漢唐,577,11,566,國票-敦北法人,2024-07-09,0037003700390063
6026,福邦證,545,6,539,國票-敦北法人,2024-07-09,0037003700390063
00688L,國泰20年美債正2,525,0,525,國票-敦北法人,2024-07-09,0037003700390063
8105,凌巨,520,37,483,國票-敦北法人,2024-07-09,0037003700390063
2382,廣達,592,119,473,國票-敦北法人,2024-07-09,0037003700390063
2330,台積電,452,5,447,國票-敦北法人,2024-07-09,0037003700390063
3029,零壹,302,4,298,國票-敦北法人,2024-07-09,0037003700390063
1104,環泥,292,0,292,國票-敦北法人,2024-07-09,0037003700390063
5356,協益,203,0,203,國票-敦北法人,2024-07-09,0037003700390063
2454,聯發科,192,35,157,國票-敦北法人,2024-07-09,0037003700390063
3491,昇達科,163,14,149,國票-敦北法人,2024-07-09,0037003700390063
6121,新普,150,10,140,國票-敦北法人,2024-07-09,0037003700390063
3533,嘉澤,121,2,119,國票-敦北法人,2024-07-09,0037003700390063
6790,永豐實,115,0,115,國票-敦北法人,2024-07-09,0037003700390063
2108,南帝,118,13,105,國票-敦北法人,2024-07-09,0037003700390063
00753L,中信中國50正2,100,0,100,國票-敦北法人,2024-07-09,0037003700390063
00671R,富邦NASDAQ反1,100,0,100,國票-敦北法人,2024-07-09,0037003700390063
5474,聰泰,100,11,89,國票-敦北法人,2024-07-09,0037003700390063
9939,宏全,100,12,88,國票-敦北法人,2024-07-09,0037003700390063
00637L,元大滬深300正2,86,0,86,國票-敦北法人,2024-07-09,0037003700390063
9105,泰金寶-DR,247,164,83,國票-敦北法人,2024-07-09,0037003700390063
2029,盛餘,82,0,82,國票-敦北法人,2024-07-09,0037003700390063
5388,中磊,83,1,82,國票-敦北法人,2024-07-09,0037003700390063
5426,振發,92,18,74,國票-敦北法人,2024-07-09,0037003700390063
5269,祥碩,62,2,60,國票-敦北法人,2024-07-09,0037003700390063
2354,鴻準,59,3,56,國票-敦北法人,2024-07-09,0037003700390063
2308,台達電,143,88,55,國票-敦北法人,2024-07-09,0037003700390063
6187,萬潤,55,4,51,國票-敦北法人,2024-07-09,0037003700390063
6741,91APP*-KY,50,0,50,國票-敦北法人,2024-07-09,0037003700390063
4754,國碳科,50,0,50,國票-敦北法人,2024-07-09,0037003700390063
6789,采鈺,54,4,50,國票-敦北法人,2024-07-09,0037003700390063
00878,國泰永續高股息,48,0,48,國票-敦北法人,2024-07-09,0037003700390063
2368,金像電,60,13,47,國票-敦北法人,2024-07-09,0037003700390063
3481,群創,49,3,46,國票-敦北法人,2024-07-09,0037003700390063
1609,大亞,50,5,45,國票-敦北法人,2024-07-09,0037003700390063
3511,矽瑪,48,6,42,國票-敦北法人,2024-07-09,0037003700390063
5328,華容,51,10,41,國票-敦北法人,2024-07-09,0037003700390063
2312,金寶,101,59,42,國票-敦北法人,2024-07-09,0037003700390063
00706L,期元大S＆P日圓正2,41,0,41,國票-敦北法人,2024-07-09,0037003700390063
5284,jpp-KY,41,0,41,國票-敦北法人,2024-07-09,0037003700390063
5483,中美晶,40,0,40,國票-敦北法人,2024-07-09,0037003700390063
2609,陽明,44,5,39,國票-敦北法人,2024-07-09,0037003700390063
2834,臺企銀,298,260,38,國票-敦北法人,2024-07-09,0037003700390063
6239,力成,50,13,37,國票-敦北法人,2024-07-09,0037003700390063
9905,大華,35,0,35,國票-敦北法人,2024-07-09,0037003700390063
6005,群益證,3715,0,3715,國票-敦北法人,2024-07-10,0037003700390063
2313,華通,3264,9,3255,國票-敦北法人,2024-07-10,0037003700390063
3312,弘憶股,1470,423,1047,國票-敦北法人,2024-07-10,0037003700390063
00665L,富邦�琤肭磪囓�2,1012,0,1012,國票-敦北法人,2024-07-10,0037003700390063
2365,昆盈,1006,3,1003,國票-敦北法人,2024-07-10,0037003700390063
00753L,中信中國50正2,972,0,972,國票-敦北法人,2024-07-10,0037003700390063
2891,中信金,2007,1210,797,國票-敦北法人,2024-07-10,0037003700390063
2317,鴻海,785,42,743,國票-敦北法人,2024-07-10,0037003700390063
6026,福邦證,573,0,573,國票-敦北法人,2024-07-10,0037003700390063
2618,長榮航,570,0,570,國票-敦北法人,2024-07-10,0037003700390063
00688L,國泰20年美債正2,450,0,450,國票-敦北法人,2024-07-10,0037003700390063
1104,環泥,309,0,309,國票-敦北法人,2024-07-10,0037003700390063
2357,華碩,331,23,308,國票-敦北法人,2024-07-10,0037003700390063
2308,台達電,307,27,280,國票-敦北法人,2024-07-10,0037003700390063
4958,臻鼎-KY,227,10,217,國票-敦北法人,2024-07-10,0037003700390063
8028,昇陽半導體,206,5,201,國票-敦北法人,2024-07-10,0037003700390063
8086,宏捷科,200,0,200,國票-敦北法人,2024-07-10,0037003700390063
3189,景碩,205,5,200,國票-敦北法人,2024-07-10,0037003700390063
6188,廣明,204,4,200,國票-敦北法人,2024-07-10,0037003700390063
3665,貿聯-KY,173,0,173,國票-敦北法人,2024-07-10,0037003700390063
3653,健策,161,0,161,國票-敦北法人,2024-07-10,0037003700390063
8996,高力,152,1,151,國票-敦北法人,2024-07-10,0037003700390063
6790,永豐實,118,0,118,國票-敦北法人,2024-07-10,0037003700390063
2881,富邦金,214,109,105,國票-敦北法人,2024-07-10,0037003700390063
3036,文曄,100,0,100,國票-敦北法人,2024-07-10,0037003700390063
1109,信大,98,0,98,國票-敦北法人,2024-07-10,0037003700390063
6584,南俊國際,98,1,97,國票-敦北法人,2024-07-10,0037003700390063
3481,群創,105,10,95,國票-敦北法人,2024-07-10,0037003700390063
2353,宏��,139,51,88,國票-敦北法人,2024-07-10,0037003700390063
2029,盛餘,85,0,85,國票-敦北法人,2024-07-10,0037003700390063
2882,國泰金,78,1,77,國票-敦北法人,2024-07-10,0037003700390063
3062,建漢,72,6,66,國票-敦北法人,2024-07-10,0037003700390063
9910,豐泰,66,0,66,國票-敦北法人,2024-07-10,0037003700390063
3443,創意,65,1,64,國票-敦北法人,2024-07-10,0037003700390063
2324,仁寶,62,0,62,國票-敦北法人,2024-07-10,0037003700390063
3284,太普高,51,0,51,國票-敦北法人,2024-07-10,0037003700390063
3455,由田,50,0,50,國票-敦北法人,2024-07-10,0037003700390063
6741,91APP*-KY,50,0,50,國票-敦北法人,2024-07-10,0037003700390063
2404,漢唐,50,0,50,國票-敦北法人,2024-07-10,0037003700390063
0056,元大高股息,50,2,48,國票-敦北法人,2024-07-10,0037003700390063
2489,瑞軒,56,10,46,國票-敦北法人,2024-07-10,0037003700390063
1514,亞力,99,53,46,國票-敦北法人,2024-07-10,0037003700390063
2330,台積電,62,25,37,國票-敦北法人,2024-07-10,0037003700390063
2459,敦吉,33,0,33,國票-敦北法人,2024-07-10,0037003700390063
1608,華榮,34,1,33,國票-敦北法人,2024-07-10,0037003700390063
3376,新日興,42,9,33,國票-敦北法人,2024-07-10,0037003700390063
1569,濱川,32,1,31,國票-敦北法人,2024-07-10,0037003700390063
1441,大東,30,0,30,國票-敦北法人,2024-07-10,0037003700390063
8436,大江,30,0,30,國票-敦北法人,2024-07-10,0037003700390063
6640,均華,30,0,30,國票-敦北法人,2024-07-10,0037003700390063
00881,國泰台灣5G+,6000,0,6000,國票-敦北法人,2024-07-11,0037003700390063
2891,中信金,7013,1031,5982,國票-敦北法人,2024-07-11,0037003700390063
6005,群益證,3853,0,3853,國票-敦北法人,2024-07-11,0037003700390063
2881,富邦金,2111,12,2099,國票-敦北法人,2024-07-11,0037003700390063
6026,福邦證,600,0,600,國票-敦北法人,2024-07-11,0037003700390063
2308,台達電,617,31,586,國票-敦北法人,2024-07-11,0037003700390063
2356,英業達,664,88,576,國票-敦北法人,2024-07-11,0037003700390063
4958,臻鼎-KY,615,55,560,國票-敦北法人,2024-07-11,0037003700390063
00905,FT臺灣Smart,400,0,400,國票-敦北法人,2024-07-11,0037003700390063
5871,中租-KY,391,3,388,國票-敦北法人,2024-07-11,0037003700390063
1316,上曜,511,128,383,國票-敦北法人,2024-07-11,0037003700390063
3037,欣興,404,39,365,國票-敦北法人,2024-07-11,0037003700390063
1104,環泥,322,0,322,國票-敦北法人,2024-07-11,0037003700390063
9910,豐泰,292,0,292,國票-敦北法人,2024-07-11,0037003700390063
3374,精材,253,19,234,國票-敦北法人,2024-07-11,0037003700390063
6451,訊芯-KY,377,163,214,國票-敦北法人,2024-07-11,0037003700390063
1785,光洋科,238,32,206,國票-敦北法人,2024-07-11,0037003700390063
3062,建漢,201,1,200,國票-敦北法人,2024-07-11,0037003700390063
00715L,期街口布蘭特正2,180,0,180,國票-敦北法人,2024-07-11,0037003700390063
2882,國泰金,188,14,174,國票-敦北法人,2024-07-11,0037003700390063
3363,上詮,446,272,174,國票-敦北法人,2024-07-11,0037003700390063
3402,漢科,165,1,164,國票-敦北法人,2024-07-11,0037003700390063
3665,貿聯-KY,169,11,158,國票-敦北法人,2024-07-11,0037003700390063
8011,台通,155,7,148,國票-敦北法人,2024-07-11,0037003700390063
6285,啟��,149,1,148,國票-敦北法人,2024-07-11,0037003700390063
3013,晟銘電,191,50,141,國票-敦北法人,2024-07-11,0037003700390063
6284,佳邦,189,58,131,國票-敦北法人,2024-07-11,0037003700390063
2313,華通,132,12,120,國票-敦北法人,2024-07-11,0037003700390063
6462,神盾,122,9,113,國票-敦北法人,2024-07-11,0037003700390063
1109,信大,98,0,98,國票-敦北法人,2024-07-11,0037003700390063
3711,日月光投控,120,24,96,國票-敦北法人,2024-07-11,0037003700390063
00632R,元大台灣50反1,105,10,95,國票-敦北法人,2024-07-11,0037003700390063
3163,波若威,144,51,93,國票-敦北法人,2024-07-11,0037003700390063
2368,金像電,95,2,93,國票-敦北法人,2024-07-11,0037003700390063
3712,永崴投控,93,4,89,國票-敦北法人,2024-07-11,0037003700390063
2888,新光金,167,83,84,國票-敦北法人,2024-07-11,0037003700390063
2029,盛餘,86,10,76,國票-敦北法人,2024-07-11,0037003700390063
1310,台苯,74,0,74,國票-敦北法人,2024-07-11,0037003700390063
1455,集盛,72,0,72,國票-敦北法人,2024-07-11,0037003700390063
3284,太普高,71,0,71,國票-敦北法人,2024-07-11,0037003700390063
00945B,凱基美國非投等債,60,0,60,國票-敦北法人,2024-07-11,0037003700390063
4707,磐亞,60,0,60,國票-敦北法人,2024-07-11,0037003700390063
3036,文曄,58,0,58,國票-敦北法人,2024-07-11,0037003700390063
3019,亞光,60,4,56,國票-敦北法人,2024-07-11,0037003700390063
2440,太空梭,54,0,54,國票-敦北法人,2024-07-11,0037003700390063
2538,基泰,53,0,53,國票-敦北法人,2024-07-11,0037003700390063
4566,時碩工業,91,39,52,國票-敦北法人,2024-07-11,0037003700390063
2317,鴻海,61,10,51,國票-敦北法人,2024-07-11,0037003700390063
4306,炎洲,51,1,50,國票-敦北法人,2024-07-11,0037003700390063
2537,聯上發,92,44,48,國票-敦北法人,2024-07-11,0037003700390063
2891,中信金,5201,195,5006,國票-敦北法人,2024-07-12,0037003700390063
2489,瑞軒,3091,32,3059,國票-敦北法人,2024-07-12,0037003700390063
2356,英業達,950,98,852,國票-敦北法人,2024-07-12,0037003700390063
2317,鴻海,878,47,831,國票-敦北法人,2024-07-12,0037003700390063
6026,福邦證,611,0,611,國票-敦北法人,2024-07-12,0037003700390063
0056,元大高股息,608,0,608,國票-敦北法人,2024-07-12,0037003700390063
00688L,國泰20年美債正2,558,0,558,國票-敦北法人,2024-07-12,0037003700390063
2888,新光金,535,125,410,國票-敦北法人,2024-07-12,0037003700390063
1597,直得,338,17,321,國票-敦北法人,2024-07-12,0037003700390063
00713,元大台灣高息低波,300,0,300,國票-敦北法人,2024-07-12,0037003700390063
3022,威強電,320,27,293,國票-敦北法人,2024-07-12,0037003700390063
3013,晟銘電,268,30,238,國票-敦北法人,2024-07-12,0037003700390063
2331,精英,176,0,176,國票-敦北法人,2024-07-12,0037003700390063
00892,富邦台灣半導體,161,0,161,國票-敦北法人,2024-07-12,0037003700390063
6462,神盾,165,8,157,國票-敦北法人,2024-07-12,0037003700390063
2228,劍麟,155,0,155,國票-敦北法人,2024-07-12,0037003700390063
2385,群光,150,0,150,國票-敦北法人,2024-07-12,0037003700390063
3665,貿聯-KY,156,20,136,國票-敦北法人,2024-07-12,0037003700390063
3711,日月光投控,174,43,131,國票-敦北法人,2024-07-12,0037003700390063
00891,中信關鍵半導體,131,0,131,國票-敦北法人,2024-07-12,0037003700390063
2481,強茂,163,37,126,國票-敦北法人,2024-07-12,0037003700390063
2308,台達電,126,0,126,國票-敦北法人,2024-07-12,0037003700390063
2360,致茂,125,7,118,國票-敦北法人,2024-07-12,0037003700390063
00881,國泰台灣5G+,119,4,115,國票-敦北法人,2024-07-12,0037003700390063
6269,台郡,109,0,109,國票-敦北法人,2024-07-12,0037003700390063
00905,FT臺灣Smart,104,0,104,國票-敦北法人,2024-07-12,0037003700390063
1109,信大,100,0,100,國票-敦北法人,2024-07-12,0037003700390063
2867,三商壽,110,17,93,國票-敦北法人,2024-07-12,0037003700390063
6446,藥華藥,101,19,82,國票-敦北法人,2024-07-12,0037003700390063
2330,台積電,126,45,81,國票-敦北法人,2024-07-12,0037003700390063
3231,緯創,89,14,75,國票-敦北法人,2024-07-12,0037003700390063
3535,晶彩科,77,8,69,國票-敦北法人,2024-07-12,0037003700390063
00927,群益半導體收益,67,4,63,國票-敦北法人,2024-07-12,0037003700390063
3189,景碩,184,126,58,國票-敦北法人,2024-07-12,0037003700390063
2367,燿華,56,1,55,國票-敦北法人,2024-07-12,0037003700390063
3036,文曄,55,0,55,國票-敦北法人,2024-07-12,0037003700390063
00937B,群益ESG投等債20,62,8,54,國票-敦北法人,2024-07-12,0037003700390063
5269,祥碩,55,2,53,國票-敦北法人,2024-07-12,0037003700390063
6271,同欣電,53,0,53,國票-敦北法人,2024-07-12,0037003700390063
2609,陽明,51,2,49,國票-敦北法人,2024-07-12,0037003700390063
2243,宏旭-KY,49,5,44,國票-敦北法人,2024-07-12,0037003700390063
6142,友勁,43,0,43,國票-敦北法人,2024-07-12,0037003700390063
00919,群益台灣精選高息,43,4,39,國票-敦北法人,2024-07-12,0037003700390063
6284,佳邦,42,3,39,國票-敦北法人,2024-07-12,0037003700390063
4113,聯上,38,0,38,國票-敦北法人,2024-07-12,0037003700390063
6126,信音,40,5,35,國票-敦北法人,2024-07-12,0037003700390063
6486,互動,33,0,33,國票-敦北法人,2024-07-12,0037003700390063
2883,凱基金,35,2,33,國票-敦北法人,2024-07-12,0037003700390063
6229,研通,30,0,30,國票-敦北法人,2024-07-12,0037003700390063
6153,嘉聯益,30,0,30,國票-敦北法人,2024-07-12,0037003700390063
00881,國泰台灣5G+,5002,0,5002,國票-敦北法人,2024-07-15,0037003700390063
2204,中華,891,0,891,國票-敦北法人,2024-07-15,0037003700390063
6026,福邦證,662,10,652,國票-敦北法人,2024-07-15,0037003700390063
2888,新光金,602,33,569,國票-敦北法人,2024-07-15,0037003700390063
9910,豐泰,501,0,501,國票-敦北法人,2024-07-15,0037003700390063
0050,元大台灣50,401,0,401,國票-敦北法人,2024-07-15,0037003700390063
2356,英業達,422,35,387,國票-敦北法人,2024-07-15,0037003700390063
5439,高技,298,2,296,國票-敦北法人,2024-07-15,0037003700390063
1104,環泥,294,0,294,國票-敦北法人,2024-07-15,0037003700390063
2211,長榮鋼,294,0,294,國票-敦北法人,2024-07-15,0037003700390063
6462,神盾,309,18,291,國票-敦北法人,2024-07-15,0037003700390063
6472,保瑞,226,2,224,國票-敦北法人,2024-07-15,0037003700390063
00646,元大S＆P500,200,0,200,國票-敦北法人,2024-07-15,0037003700390063
00905,FT臺灣Smart,200,2,198,國票-敦北法人,2024-07-15,0037003700390063
2534,宏盛,180,0,180,國票-敦北法人,2024-07-15,0037003700390063
3712,永崴投控,179,12,167,國票-敦北法人,2024-07-15,0037003700390063
2228,劍麟,156,0,156,國票-敦北法人,2024-07-15,0037003700390063
3013,晟銘電,172,32,140,國票-敦北法人,2024-07-15,0037003700390063
1109,信大,102,0,102,國票-敦北法人,2024-07-15,0037003700390063
2367,燿華,106,4,102,國票-敦北法人,2024-07-15,0037003700390063
3019,亞光,118,29,89,國票-敦北法人,2024-07-15,0037003700390063
6446,藥華藥,85,5,80,國票-敦北法人,2024-07-15,0037003700390063
2029,盛餘,78,0,78,國票-敦北法人,2024-07-15,0037003700390063
2542,興富發,83,12,71,國票-敦北法人,2024-07-15,0037003700390063
6684,安格,75,5,70,國票-敦北法人,2024-07-15,0037003700390063
5309,系統電,65,3,62,國票-敦北法人,2024-07-15,0037003700390063
00948B,中信優息投資級債,80,19,61,國票-敦北法人,2024-07-15,0037003700390063
3511,矽瑪,60,0,60,國票-敦北法人,2024-07-15,0037003700390063
5347,世界,56,2,54,國票-敦北法人,2024-07-15,0037003700390063
1617,榮星,50,0,50,國票-敦北法人,2024-07-15,0037003700390063
6451,訊芯-KY,50,0,50,國票-敦北法人,2024-07-15,0037003700390063
00929,復華台灣科技優息,45,0,45,國票-敦北法人,2024-07-15,0037003700390063
2530,華建,50,9,41,國票-敦北法人,2024-07-15,0037003700390063
3062,建漢,41,1,40,國票-敦北法人,2024-07-15,0037003700390063
2104,國際中橡,38,0,38,國票-敦北法人,2024-07-15,0037003700390063
2903,遠百,38,0,38,國票-敦北法人,2024-07-15,0037003700390063
9930,中聯資源,39,1,38,國票-敦北法人,2024-07-15,0037003700390063
1309,台達化,38,1,37,國票-敦北法人,2024-07-15,0037003700390063
5871,中租-KY,35,0,35,國票-敦北法人,2024-07-15,0037003700390063
2634,漢翔,33,0,33,國票-敦北法人,2024-07-15,0037003700390063
8054,安國,48,20,28,國票-敦北法人,2024-07-15,0037003700390063
6443,元晶,25,1,24,國票-敦北法人,2024-07-15,0037003700390063
3034,聯詠,23,0,23,國票-敦北法人,2024-07-15,0037003700390063
00862B,中信投資級公司債,23,0,23,國票-敦北法人,2024-07-15,0037003700390063
00940,元大台灣價值高息,30,7,23,國票-敦北法人,2024-07-15,0037003700390063
2438,翔耀,25,3,22,國票-敦北法人,2024-07-15,0037003700390063
6271,同欣電,22,0,22,國票-敦北法人,2024-07-15,0037003700390063
1232,大統益,21,0,21,國票-敦北法人,2024-07-15,0037003700390063
3036,文曄,20,0,20,國票-敦北法人,2024-07-15,0037003700390063
9906,欣巴巴,20,0,20,國票-敦北法人,2024-07-15,0037003700390063
8105,凌巨,2035,30,2005,國票-敦北法人,2024-07-16,0037003700390063
4306,炎洲,1842,0,1842,國票-敦北法人,2024-07-16,0037003700390063
2882,國泰金,1368,1,1367,國票-敦北法人,2024-07-16,0037003700390063
2884,玉山金,895,1,894,國票-敦北法人,2024-07-16,0037003700390063
2617,台航,893,0,893,國票-敦北法人,2024-07-16,0037003700390063
2885,元大金,731,0,731,國票-敦北法人,2024-07-16,0037003700390063
2887,台新金,717,4,713,國票-敦北法人,2024-07-16,0037003700390063
2890,永豐金,692,0,692,國票-敦北法人,2024-07-16,0037003700390063
2886,兆豐金,687,0,687,國票-敦北法人,2024-07-16,0037003700390063
5880,合庫金,637,0,637,國票-敦北法人,2024-07-16,0037003700390063
4566,時碩工業,670,41,629,國票-敦北法人,2024-07-16,0037003700390063
3013,晟銘電,701,98,603,國票-敦北法人,2024-07-16,0037003700390063
2892,第一金,645,53,592,國票-敦北法人,2024-07-16,0037003700390063
2537,聯上發,1794,1321,473,國票-敦北法人,2024-07-16,0037003700390063
2881,富邦金,471,0,471,國票-敦北法人,2024-07-16,0037003700390063
2330,台積電,579,116,463,國票-敦北法人,2024-07-16,0037003700390063
2888,新光金,521,71,450,國票-敦北法人,2024-07-16,0037003700390063
1597,直得,438,18,420,國票-敦北法人,2024-07-16,0037003700390063
1402,遠東新,400,0,400,國票-敦北法人,2024-07-16,0037003700390063
6117,迎廣,403,5,398,國票-敦北法人,2024-07-16,0037003700390063
3379,彬台,286,3,283,國票-敦北法人,2024-07-16,0037003700390063
2542,興富發,282,2,280,國票-敦北法人,2024-07-16,0037003700390063
2412,中華電,242,0,242,國票-敦北法人,2024-07-16,0037003700390063
6415,矽力*-KY,239,0,239,國票-敦北法人,2024-07-16,0037003700390063
3711,日月光投控,208,21,187,國票-敦北法人,2024-07-16,0037003700390063
6462,神盾,186,21,165,國票-敦北法人,2024-07-16,0037003700390063
6829,千附精密,152,0,152,國票-敦北法人,2024-07-16,0037003700390063
00905,FT臺灣Smart,148,0,148,國票-敦北法人,2024-07-16,0037003700390063
3294,英濟,131,4,127,國票-敦北法人,2024-07-16,0037003700390063
2393,億光,126,0,126,國票-敦北法人,2024-07-16,0037003700390063
4938,和碩,122,0,122,國票-敦北法人,2024-07-16,0037003700390063
3037,欣興,321,210,111,國票-敦北法人,2024-07-16,0037003700390063
6449,鈺邦,120,11,109,國票-敦北法人,2024-07-16,0037003700390063
4904,遠傳,107,0,107,國票-敦北法人,2024-07-16,0037003700390063
3596,智易,100,0,100,國票-敦北法人,2024-07-16,0037003700390063
2351,順德,95,0,95,國票-敦北法人,2024-07-16,0037003700390063
8147,正淩,102,9,93,國票-敦北法人,2024-07-16,0037003700390063
2454,聯發科,90,0,90,國票-敦北法人,2024-07-16,0037003700390063
3045,台灣大,89,0,89,國票-敦北法人,2024-07-16,0037003700390063
5871,中租-KY,95,10,85,國票-敦北法人,2024-07-16,0037003700390063
2374,佳能,82,2,80,國票-敦北法人,2024-07-16,0037003700390063
2379,瑞昱,77,0,77,國票-敦北法人,2024-07-16,0037003700390063
2385,群光,76,0,76,國票-敦北法人,2024-07-16,0037003700390063
3163,波若威,65,7,58,國票-敦北法人,2024-07-16,0037003700390063
2883,凱基金,53,0,53,國票-敦北法人,2024-07-16,0037003700390063
5388,中磊,50,0,50,國票-敦北法人,2024-07-16,0037003700390063
00937B,群益ESG投等債20,45,0,45,國票-敦北法人,2024-07-16,0037003700390063
3189,景碩,56,12,44,國票-敦北法人,2024-07-16,0037003700390063
2382,廣達,112,70,42,國票-敦北法人,2024-07-16,0037003700390063
8011,台通,181,139,42,國票-敦北法人,2024-07-16,0037003700390063
4306,炎洲,1886,2,1884,國票-敦北法人,2024-07-17,0037003700390063
8105,凌巨,2402,639,1763,國票-敦北法人,2024-07-17,0037003700390063
2834,臺企銀,1426,60,1366,國票-敦北法人,2024-07-17,0037003700390063
2617,台航,900,0,900,國票-敦北法人,2024-07-17,0037003700390063
2838,聯邦銀,732,0,732,國票-敦北法人,2024-07-17,0037003700390063
8054,安國,577,39,538,國票-敦北法人,2024-07-17,0037003700390063
2330,台積電,469,21,448,國票-敦北法人,2024-07-17,0037003700390063
4909,新復興,404,6,398,國票-敦北法人,2024-07-17,0037003700390063
6223,旺矽,299,12,287,國票-敦北法人,2024-07-17,0037003700390063
4938,和碩,210,0,210,國票-敦北法人,2024-07-17,0037003700390063
6446,藥華藥,211,5,206,國票-敦北法人,2024-07-17,0037003700390063
2204,中華,175,3,172,國票-敦北法人,2024-07-17,0037003700390063
2382,廣達,199,42,157,國票-敦北法人,2024-07-17,0037003700390063
3045,台灣大,150,0,150,國票-敦北法人,2024-07-17,0037003700390063
4958,臻鼎-KY,146,3,143,國票-敦北法人,2024-07-17,0037003700390063
5905,南仁湖,133,3,130,國票-敦北法人,2024-07-17,0037003700390063
5876,上海商銀,146,20,126,國票-敦北法人,2024-07-17,0037003700390063
2414,精技,124,0,124,國票-敦北法人,2024-07-17,0037003700390063
2888,新光金,150,29,121,國票-敦北法人,2024-07-17,0037003700390063
2031,新光鋼,127,10,117,國票-敦北法人,2024-07-17,0037003700390063
2317,鴻海,111,5,106,國票-敦北法人,2024-07-17,0037003700390063
6706,惠特,106,1,105,國票-敦北法人,2024-07-17,0037003700390063
4114,健喬,100,0,100,國票-敦北法人,2024-07-17,0037003700390063
2006,東和鋼鐵,97,0,97,國票-敦北法人,2024-07-17,0037003700390063
2534,宏盛,100,10,90,國票-敦北法人,2024-07-17,0037003700390063
3511,矽瑪,86,0,86,國票-敦北法人,2024-07-17,0037003700390063
1109,信大,83,0,83,國票-敦北法人,2024-07-17,0037003700390063
1799,易威,82,0,82,國票-敦北法人,2024-07-17,0037003700390063
6147,頎邦,78,2,76,國票-敦北法人,2024-07-17,0037003700390063
3163,波若威,97,21,76,國票-敦北法人,2024-07-17,0037003700390063
3062,建漢,97,24,73,國票-敦北法人,2024-07-17,0037003700390063
2365,昆盈,163,94,69,國票-敦北法人,2024-07-17,0037003700390063
1712,興農,67,0,67,國票-敦北法人,2024-07-17,0037003700390063
1727,中華化,71,4,67,國票-敦北法人,2024-07-17,0037003700390063
2609,陽明,124,57,67,國票-敦北法人,2024-07-17,0037003700390063
3324,雙鴻,67,8,59,國票-敦北法人,2024-07-17,0037003700390063
00929,復華台灣科技優息,56,0,56,國票-敦北法人,2024-07-17,0037003700390063
6125,廣運,58,9,49,國票-敦北法人,2024-07-17,0037003700390063
3189,景碩,82,33,49,國票-敦北法人,2024-07-17,0037003700390063
8150,南茂,48,0,48,國票-敦北法人,2024-07-17,0037003700390063
6139,亞翔,48,5,43,國票-敦北法人,2024-07-17,0037003700390063
2633,台灣高鐵,42,0,42,國票-敦北法人,2024-07-17,0037003700390063
6179,亞通,42,0,42,國票-敦北法人,2024-07-17,0037003700390063
912000,晨訊科-DR,35,0,35,國票-敦北法人,2024-07-17,0037003700390063
6285,啟��,35,0,35,國票-敦北法人,2024-07-17,0037003700390063
5388,中磊,37,2,35,國票-敦北法人,2024-07-17,0037003700390063
5508,永信建,35,1,34,國票-敦北法人,2024-07-17,0037003700390063
2419,仲琦,36,3,33,國票-敦北法人,2024-07-17,0037003700390063
2345,智邦,31,0,31,國票-敦北法人,2024-07-17,0037003700390063
2371,大同,32,1,31,國票-敦北法人,2024-07-17,0037003700390063
2617,台航,916,10,906,國票-敦北法人,2024-07-18,0037003700390063
2838,聯邦銀,757,0,757,國票-敦北法人,2024-07-18,0037003700390063
2330,台積電,690,82,608,國票-敦北法人,2024-07-18,0037003700390063
2915,潤泰全,601,0,601,國票-敦北法人,2024-07-18,0037003700390063
00934,中信成長高股息,509,0,509,國票-敦北法人,2024-07-18,0037003700390063
00830,國泰費城半導體,300,0,300,國票-敦北法人,2024-07-18,0037003700390063
9941,裕融,250,0,250,國票-敦北法人,2024-07-18,0037003700390063
2530,華建,180,0,180,國票-敦北法人,2024-07-18,0037003700390063
8436,大江,131,0,131,國票-敦北法人,2024-07-18,0037003700390063
2414,精技,125,0,125,國票-敦北法人,2024-07-18,0037003700390063
4746,台耀,132,8,124,國票-敦北法人,2024-07-18,0037003700390063
5439,高技,120,0,120,國票-敦北法人,2024-07-18,0037003700390063
3312,弘憶股,111,0,111,國票-敦北法人,2024-07-18,0037003700390063
00715L,期街口布蘭特正2,108,0,108,國票-敦北法人,2024-07-18,0037003700390063
3546,宇峻,105,0,105,國票-敦北法人,2024-07-18,0037003700390063
1799,易威,78,2,76,國票-敦北法人,2024-07-18,0037003700390063
2524,京城,92,18,74,國票-敦北法人,2024-07-18,0037003700390063
3481,群創,132,58,74,國票-敦北法人,2024-07-18,0037003700390063
1477,聚陽,73,0,73,國票-敦北法人,2024-07-18,0037003700390063
00919,群益台灣精選高息,82,16,66,國票-敦北法人,2024-07-18,0037003700390063
9938,百和,76,10,66,國票-敦北法人,2024-07-18,0037003700390063
3324,雙鴻,65,4,61,國票-敦北法人,2024-07-18,0037003700390063
00637L,元大滬深300正2,60,1,59,國票-敦北法人,2024-07-18,0037003700390063
1312,國喬,55,1,54,國票-敦北法人,2024-07-18,0037003700390063
2377,微星,50,0,50,國票-敦北法人,2024-07-18,0037003700390063
5534,長虹,50,0,50,國票-敦北法人,2024-07-18,0037003700390063
2883,凱基金,51,1,50,國票-敦北法人,2024-07-18,0037003700390063
3034,聯詠,50,1,49,國票-敦北法人,2024-07-18,0037003700390063
5269,祥碩,57,8,49,國票-敦北法人,2024-07-18,0037003700390063
6442,光聖,47,0,47,國票-敦北法人,2024-07-18,0037003700390063
8069,元太,47,1,46,國票-敦北法人,2024-07-18,0037003700390063
1815,富喬,49,5,44,國票-敦北法人,2024-07-18,0037003700390063
3665,貿聯-KY,55,15,40,國票-敦北法人,2024-07-18,0037003700390063
4743,合一,40,0,40,國票-敦北法人,2024-07-18,0037003700390063
3511,矽瑪,40,0,40,國票-敦北法人,2024-07-18,0037003700390063
8467,波力-KY,45,6,39,國票-敦北法人,2024-07-18,0037003700390063
3017,奇鋐,62,26,36,國票-敦北法人,2024-07-18,0037003700390063
3443,創意,42,7,35,國票-敦北法人,2024-07-18,0037003700390063
3062,建漢,52,20,32,國票-敦北法人,2024-07-18,0037003700390063
4903,聯光通,31,0,31,國票-敦北法人,2024-07-18,0037003700390063
5876,上海商銀,31,0,31,國票-敦北法人,2024-07-18,0037003700390063
00676R,富邦臺灣加權反1,30,0,30,國票-敦北法人,2024-07-18,0037003700390063
00946,群益科技高息成長,29,0,29,國票-敦北法人,2024-07-18,0037003700390063
6895,宏碩系統,30,2,28,國票-敦北法人,2024-07-18,0037003700390063
6290,良維,26,0,26,國票-敦北法人,2024-07-18,0037003700390063
2356,英業達,36,10,26,國票-敦北法人,2024-07-18,0037003700390063
4160,訊聯基因,27,3,24,國票-敦北法人,2024-07-18,0037003700390063
6229,研通,23,0,23,國票-敦北法人,2024-07-18,0037003700390063
3044,健鼎,22,0,22,國票-敦北法人,2024-07-18,0037003700390063
8096,擎亞,28,6,22,國票-敦北法人,2024-07-18,0037003700390063
2618,長榮航,1345,0,1345,國票-敦北法人,2024-07-19,0037003700390063
3045,台灣大,900,0,900,國票-敦北法人,2024-07-19,0037003700390063
2838,聯邦銀,792,0,792,國票-敦北法人,2024-07-19,0037003700390063
1303,南亞,781,2,779,國票-敦北法人,2024-07-19,0037003700390063
2303,聯電,750,26,724,國票-敦北法人,2024-07-19,0037003700390063
2530,華建,722,10,712,國票-敦北法人,2024-07-19,0037003700390063
1605,華新,680,6,674,國票-敦北法人,2024-07-19,0037003700390063
6605,帝寶,534,0,534,國票-敦北法人,2024-07-19,0037003700390063
4566,時碩工業,524,9,515,國票-敦北法人,2024-07-19,0037003700390063
8064,東捷,512,35,477,國票-敦北法人,2024-07-19,0037003700390063
0050,元大台灣50,403,0,403,國票-敦北法人,2024-07-19,0037003700390063
4904,遠傳,371,2,369,國票-敦北法人,2024-07-19,0037003700390063
5871,中租-KY,352,2,350,國票-敦北法人,2024-07-19,0037003700390063
2834,臺企銀,532,207,325,國票-敦北法人,2024-07-19,0037003700390063
00881,國泰台灣5G+,404,90,314,國票-敦北法人,2024-07-19,0037003700390063
2308,台達電,312,1,311,國票-敦北法人,2024-07-19,0037003700390063
2515,中工,306,0,306,國票-敦北法人,2024-07-19,0037003700390063
2451,創見,300,0,300,國票-敦北法人,2024-07-19,0037003700390063
4938,和碩,260,0,260,國票-敦北法人,2024-07-19,0037003700390063
2548,華固,201,1,200,國票-敦北法人,2024-07-19,0037003700390063
00937B,群益ESG投等債20,188,1,187,國票-敦北法人,2024-07-19,0037003700390063
1799,易威,171,0,171,國票-敦北法人,2024-07-19,0037003700390063
0052,富邦科技,165,0,165,國票-敦北法人,2024-07-19,0037003700390063
2504,國產,164,10,154,國票-敦北法人,2024-07-19,0037003700390063
4958,臻鼎-KY,140,0,140,國票-敦北法人,2024-07-19,0037003700390063
2882,國泰金,135,1,134,國票-敦北法人,2024-07-19,0037003700390063
8436,大江,133,0,133,國票-敦北法人,2024-07-19,0037003700390063
3163,波若威,154,25,129,國票-敦北法人,2024-07-19,0037003700390063
2891,中信金,128,1,127,國票-敦北法人,2024-07-19,0037003700390063
2414,精技,126,0,126,國票-敦北法人,2024-07-19,0037003700390063
6442,光聖,115,0,115,國票-敦北法人,2024-07-19,0037003700390063
3546,宇峻,106,0,106,國票-敦北法人,2024-07-19,0037003700390063
2393,億光,107,3,104,國票-敦北法人,2024-07-19,0037003700390063
6443,元晶,103,0,103,國票-敦北法人,2024-07-19,0037003700390063
3339,泰谷,101,1,100,國票-敦北法人,2024-07-19,0037003700390063
2313,華通,101,2,99,國票-敦北法人,2024-07-19,0037003700390063
00632R,元大台灣50反1,160,76,84,國票-敦北法人,2024-07-19,0037003700390063
2501,國建,74,0,74,國票-敦北法人,2024-07-19,0037003700390063
00929,復華台灣科技優息,67,0,67,國票-敦北法人,2024-07-19,0037003700390063
9925,新保,59,0,59,國票-敦北法人,2024-07-19,0037003700390063
1313,聯成,52,1,51,國票-敦北法人,2024-07-19,0037003700390063
2812,台中銀,50,0,50,國票-敦北法人,2024-07-19,0037003700390063
3576,聯合再生,52,2,50,國票-敦北法人,2024-07-19,0037003700390063
00637L,元大滬深300正2,50,0,50,國票-敦北法人,2024-07-19,0037003700390063
2633,台灣高鐵,49,0,49,國票-敦北法人,2024-07-19,0037003700390063
4142,國光生,46,0,46,國票-敦北法人,2024-07-19,0037003700390063
3380,明泰,42,1,41,國票-敦北法人,2024-07-19,0037003700390063
8473,山林水,48,8,40,國票-敦北法人,2024-07-19,0037003700390063
9939,宏全,39,0,39,國票-敦北法人,2024-07-19,0037003700390063
2412,中華電,38,1,37,國票-敦北法人,2024-07-19,0037003700390063
2303,聯電,4015,31,3984,國票-敦北法人,2024-07-22,0037003700390063
2353,宏��,2091,10,2081,國票-敦北法人,2024-07-22,0037003700390063
00919,群益台灣精選高息,1782,24,1758,國票-敦北法人,2024-07-22,0037003700390063
2301,光寶科,1755,6,1749,國票-敦北法人,2024-07-22,0037003700390063
2347,聯強,1337,0,1337,國票-敦北法人,2024-07-22,0037003700390063
00929,復華台灣科技優息,1343,11,1332,國票-敦北法人,2024-07-22,0037003700390063
4904,遠傳,1271,10,1261,國票-敦北法人,2024-07-22,0037003700390063
1303,南亞,889,1,888,國票-敦北法人,2024-07-22,0037003700390063
3044,健鼎,858,1,857,國票-敦北法人,2024-07-22,0037003700390063
6285,啟��,797,0,797,國票-敦北法人,2024-07-22,0037003700390063
6176,瑞儀,764,0,764,國票-敦北法人,2024-07-22,0037003700390063
5483,中美晶,607,0,607,國票-敦北法人,2024-07-22,0037003700390063
2881,富邦金,504,2,502,國票-敦北法人,2024-07-22,0037003700390063
6147,頎邦,476,0,476,國票-敦北法人,2024-07-22,0037003700390063
3702,大聯大,465,0,465,國票-敦北法人,2024-07-22,0037003700390063
3034,聯詠,451,0,451,國票-敦北法人,2024-07-22,0037003700390063
6239,力成,396,2,394,國票-敦北法人,2024-07-22,0037003700390063
2385,群光,386,2,384,國票-敦北法人,2024-07-22,0037003700390063
2404,漢唐,380,2,378,國票-敦北法人,2024-07-22,0037003700390063
6121,新普,362,1,361,國票-敦北法人,2024-07-22,0037003700390063
2382,廣達,284,1,283,國票-敦北法人,2024-07-22,0037003700390063
3010,華立,220,0,220,國票-敦北法人,2024-07-22,0037003700390063
6271,同欣電,214,0,214,國票-敦北法人,2024-07-22,0037003700390063
00713,元大台灣高息低波,201,0,201,國票-敦北法人,2024-07-22,0037003700390063
2530,華建,189,0,189,國票-敦北法人,2024-07-22,0037003700390063
2852,第一保,187,0,187,國票-敦北法人,2024-07-22,0037003700390063
00940,元大台灣價值高息,152,0,152,國票-敦北法人,2024-07-22,0037003700390063
2414,精技,131,0,131,國票-敦北法人,2024-07-22,0037003700390063
1527,鑽全,127,0,127,國票-敦北法人,2024-07-22,0037003700390063
3022,威強電,102,3,99,國票-敦北法人,2024-07-22,0037003700390063
3419,譁裕,86,20,66,國票-敦北法人,2024-07-22,0037003700390063
1301,台塑,80,15,65,國票-敦北法人,2024-07-22,0037003700390063
4942,嘉彰,62,0,62,國票-敦北法人,2024-07-22,0037003700390063
2317,鴻海,221,160,61,國票-敦北法人,2024-07-22,0037003700390063
2867,三商壽,60,0,60,國票-敦北法人,2024-07-22,0037003700390063
9925,新保,60,0,60,國票-敦北法人,2024-07-22,0037003700390063
8028,昇陽半導體,61,6,55,國票-敦北法人,2024-07-22,0037003700390063
2891,中信金,54,0,54,國票-敦北法人,2024-07-22,0037003700390063
3576,聯合再生,52,0,52,國票-敦北法人,2024-07-22,0037003700390063
00933B,國泰10Y+金融債,50,0,50,國票-敦北法人,2024-07-22,0037003700390063
2471,資通,59,11,48,國票-敦北法人,2024-07-22,0037003700390063
3189,景碩,81,34,47,國票-敦北法人,2024-07-22,0037003700390063
3037,欣興,50,4,46,國票-敦北法人,2024-07-22,0037003700390063
2330,台積電,68,24,44,國票-敦北法人,2024-07-22,0037003700390063
2542,興富發,52,10,42,國票-敦北法人,2024-07-22,0037003700390063
2356,英業達,40,0,40,國票-敦北法人,2024-07-22,0037003700390063
3005,神基,40,0,40,國票-敦北法人,2024-07-22,0037003700390063
6274,台燿,42,3,39,國票-敦北法人,2024-07-22,0037003700390063
00937B,群益ESG投等債20,56,20,36,國票-敦北法人,2024-07-22,0037003700390063
4743,合一,76,41,35,國票-敦北法人,2024-07-22,0037003700390063
2897,王道銀行,2661,10,2651,國票-敦北法人,2024-07-23,0037003700390063
2885,元大金,1388,0,1388,國票-敦北法人,2024-07-23,0037003700390063
00929,復華台灣科技優息,1038,0,1038,國票-敦北法人,2024-07-23,0037003700390063
2888,新光金,1053,60,993,國票-敦北法人,2024-07-23,0037003700390063
2838,聯邦銀,802,1,801,國票-敦北法人,2024-07-23,0037003700390063
2027,大成鋼,674,6,668,國票-敦北法人,2024-07-23,0037003700390063
3033,威健,600,0,600,國票-敦北法人,2024-07-23,0037003700390063
00919,群益台灣精選高息,414,0,414,國票-敦北法人,2024-07-23,0037003700390063
00905,FT臺灣Smart,401,0,401,國票-敦北法人,2024-07-23,0037003700390063
3376,新日興,352,5,347,國票-敦北法人,2024-07-23,0037003700390063
6829,千附精密,309,53,256,國票-敦北法人,2024-07-23,0037003700390063
4915,致伸,210,0,210,國票-敦北法人,2024-07-23,0037003700390063
1216,統一,209,2,207,國票-敦北法人,2024-07-23,0037003700390063
00878,國泰永續高股息,208,1,207,國票-敦北法人,2024-07-23,0037003700390063
2852,第一保,183,0,183,國票-敦北法人,2024-07-23,0037003700390063
2609,陽明,207,62,145,國票-敦北法人,2024-07-23,0037003700390063
1301,台塑,143,6,137,國票-敦北法人,2024-07-23,0037003700390063
2414,精技,137,1,136,國票-敦北法人,2024-07-23,0037003700390063
1527,鑽全,132,0,132,國票-敦北法人,2024-07-23,0037003700390063
3711,日月光投控,130,7,123,國票-敦北法人,2024-07-23,0037003700390063
6213,聯茂,160,38,122,國票-敦北法人,2024-07-23,0037003700390063
2537,聯上發,120,14,106,國票-敦北法人,2024-07-23,0037003700390063
2449,京元電子,109,5,104,國票-敦北法人,2024-07-23,0037003700390063
0056,元大高股息,103,0,103,國票-敦北法人,2024-07-23,0037003700390063
2313,華通,100,1,99,國票-敦北法人,2024-07-23,0037003700390063
1319,東陽,98,0,98,國票-敦北法人,2024-07-23,0037003700390063
2382,廣達,97,2,95,國票-敦北法人,2024-07-23,0037003700390063
00937B,群益ESG投等債20,91,0,91,國票-敦北法人,2024-07-23,0037003700390063
1476,儒鴻,84,0,84,國票-敦北法人,2024-07-23,0037003700390063
9906,欣巴巴,82,2,80,國票-敦北法人,2024-07-23,0037003700390063
3481,群創,123,52,71,國票-敦北法人,2024-07-23,0037003700390063
4942,嘉彰,67,0,67,國票-敦北法人,2024-07-23,0037003700390063
9925,新保,64,0,64,國票-敦北法人,2024-07-23,0037003700390063
2353,宏��,61,0,61,國票-敦北法人,2024-07-23,0037003700390063
2357,華碩,54,0,54,國票-敦北法人,2024-07-23,0037003700390063
2107,厚生,54,0,54,國票-敦北法人,2024-07-23,0037003700390063
6271,同欣電,52,0,52,國票-敦北法人,2024-07-23,0037003700390063
2603,長榮,91,44,47,國票-敦北法人,2024-07-23,0037003700390063
2308,台達電,45,1,44,國票-敦北法人,2024-07-23,0037003700390063
2368,金像電,45,3,42,國票-敦北法人,2024-07-23,0037003700390063
5388,中磊,36,0,36,國票-敦北法人,2024-07-23,0037003700390063
2059,川湖,34,0,34,國票-敦北法人,2024-07-23,0037003700390063
3596,智易,32,0,32,國票-敦北法人,2024-07-23,0037003700390063
3048,益登,38,6,32,國票-敦北法人,2024-07-23,0037003700390063
1529,樂事綠能,38,6,32,國票-敦北法人,2024-07-23,0037003700390063
3324,雙鴻,35,5,30,國票-敦北法人,2024-07-23,0037003700390063
6416,瑞祺電通,30,0,30,國票-敦北法人,2024-07-23,0037003700390063
0050,元大台灣50,27,0,27,國票-敦北法人,2024-07-23,0037003700390063
3338,泰碩,61,34,27,國票-敦北法人,2024-07-23,0037003700390063
6285,啟��,28,1,27,國票-敦北法人,2024-07-23,0037003700390063
2303,聯電,3010,15,2995,國票-敦北法人,2024-07-26,0037003700390063
00923,群益台ESG低碳50,507,0,507,國票-敦北法人,2024-07-26,0037003700390063
00713,元大台灣高息低波,413,0,413,國票-敦北法人,2024-07-26,0037003700390063
3037,欣興,363,24,339,國票-敦北法人,2024-07-26,0037003700390063
00919,群益台灣精選高息,320,1,319,國票-敦北法人,2024-07-26,0037003700390063
00830,國泰費城半導體,270,0,270,國票-敦北法人,2024-07-26,0037003700390063
5439,高技,271,13,258,國票-敦北法人,2024-07-26,0037003700390063
2301,光寶科,250,0,250,國票-敦北法人,2024-07-26,0037003700390063
2317,鴻海,296,64,232,國票-敦北法人,2024-07-26,0037003700390063
3209,全科,230,0,230,國票-敦北法人,2024-07-26,0037003700390063
00878,國泰永續高股息,178,1,177,國票-敦北法人,2024-07-26,0037003700390063
6605,帝寶,176,0,176,國票-敦北法人,2024-07-26,0037003700390063
2330,台積電,220,49,171,國票-敦北法人,2024-07-26,0037003700390063
00929,復華台灣科技優息,169,0,169,國票-敦北法人,2024-07-26,0037003700390063
8028,昇陽半導體,222,69,153,國票-敦北法人,2024-07-26,0037003700390063
1527,鑽全,132,0,132,國票-敦北法人,2024-07-26,0037003700390063
3013,晟銘電,165,34,131,國票-敦北法人,2024-07-26,0037003700390063
3711,日月光投控,132,2,130,國票-敦北法人,2024-07-26,0037003700390063
4968,立積,120,1,119,國票-敦北法人,2024-07-26,0037003700390063
0052,富邦科技,101,0,101,國票-敦北法人,2024-07-26,0037003700390063
00940,元大台灣價值高息,116,23,93,國票-敦北法人,2024-07-26,0037003700390063
6271,同欣電,87,0,87,國票-敦北法人,2024-07-26,0037003700390063
2486,一詮,112,41,71,國票-敦北法人,2024-07-26,0037003700390063
00937B,群益ESG投等債20,80,12,68,國票-敦北法人,2024-07-26,0037003700390063
4942,嘉彰,68,0,68,國票-敦北法人,2024-07-26,0037003700390063
4726,永昕,73,10,63,國票-敦北法人,2024-07-26,0037003700390063
3227,原相,57,0,57,國票-敦北法人,2024-07-26,0037003700390063
2884,玉山金,56,0,56,國票-敦北法人,2024-07-26,0037003700390063
6175,立敦,50,0,50,國票-敦北法人,2024-07-26,0037003700390063
2867,三商壽,50,1,49,國票-敦北法人,2024-07-26,0037003700390063
00933B,國泰10Y+金融債,45,0,45,國票-敦北法人,2024-07-26,0037003700390063
8054,安國,76,31,45,國票-敦北法人,2024-07-26,0037003700390063
00679B,元大美債20年,45,0,45,國票-敦北法人,2024-07-26,0037003700390063
3228,金麗科,45,10,35,國票-敦北法人,2024-07-26,0037003700390063
1597,直得,43,9,34,國票-敦北法人,2024-07-26,0037003700390063
00941,中信上游半導體,31,0,31,國票-敦北法人,2024-07-26,0037003700390063
6415,矽力*-KY,28,0,28,國票-敦北法人,2024-07-26,0037003700390063
6274,台燿,27,1,26,國票-敦北法人,2024-07-26,0037003700390063
3044,健鼎,25,0,25,國票-敦北法人,2024-07-26,0037003700390063
6768,志強-KY,25,0,25,國票-敦北法人,2024-07-26,0037003700390063
3653,健策,25,2,23,國票-敦北法人,2024-07-26,0037003700390063
4526,東台,25,3,22,國票-敦北法人,2024-07-26,0037003700390063
1540,喬福,35,14,21,國票-敦北法人,2024-07-26,0037003700390063
3163,波若威,33,13,20,國票-敦北法人,2024-07-26,0037003700390063
2007,燁興,20,0,20,國票-敦北法人,2024-07-26,0037003700390063
1720,生達,20,0,20,國票-敦北法人,2024-07-26,0037003700390063
6129,普誠,20,0,20,國票-敦北法人,2024-07-26,0037003700390063
00676R,富邦臺灣加權反1,20,0,20,國票-敦北法人,2024-07-26,0037003700390063
6446,藥華藥,23,4,19,國票-敦北法人,2024-07-26,0037003700390063
00687B,國泰20年美債,21,2,19,國票-敦北法人,2024-07-26,0037003700390063
0056,元大高股息,634,0,634,國票-敦北法人,2024-07-29,0037003700390063
6177,達麗,506,18,488,國票-敦北法人,2024-07-29,0037003700390063
2504,國產,401,1,400,國票-敦北法人,2024-07-29,0037003700390063
5213,亞昕,291,1,290,國票-敦北法人,2024-07-29,0037003700390063
2442,新美齊,302,15,287,國票-敦北法人,2024-07-29,0037003700390063
2317,鴻海,374,107,267,國票-敦北法人,2024-07-29,0037003700390063
3209,全科,237,0,237,國票-敦北法人,2024-07-29,0037003700390063
6219,富旺,240,3,237,國票-敦北法人,2024-07-29,0037003700390063
2303,聯電,225,0,225,國票-敦北法人,2024-07-29,0037003700390063
8028,昇陽半導體,298,85,213,國票-敦北法人,2024-07-29,0037003700390063
6462,神盾,217,10,207,國票-敦北法人,2024-07-29,0037003700390063
3188,鑫龍騰,207,0,207,國票-敦北法人,2024-07-29,0037003700390063
3711,日月光投控,201,0,201,國票-敦北法人,2024-07-29,0037003700390063
2330,台積電,287,117,170,國票-敦北法人,2024-07-29,0037003700390063
00940,元大台灣價值高息,160,0,160,國票-敦北法人,2024-07-29,0037003700390063
2528,皇普,150,12,138,國票-敦北法人,2024-07-29,0037003700390063
1449,佳和,186,51,135,國票-敦北法人,2024-07-29,0037003700390063
00937B,群益ESG投等債20,121,0,121,國票-敦北法人,2024-07-29,0037003700390063
2347,聯強,100,0,100,國票-敦北法人,2024-07-29,0037003700390063
3088,艾訊,88,0,88,國票-敦北法人,2024-07-29,0037003700390063
8415,大國鋼,80,0,80,國票-敦北法人,2024-07-29,0037003700390063
2486,一詮,83,3,80,國票-敦北法人,2024-07-29,0037003700390063
4942,嘉彰,71,0,71,國票-敦北法人,2024-07-29,0037003700390063
8926,台汽電,72,1,71,國票-敦北法人,2024-07-29,0037003700390063
2603,長榮,68,0,68,國票-敦北法人,2024-07-29,0037003700390063
3163,波若威,89,29,60,國票-敦北法人,2024-07-29,0037003700390063
4726,永昕,59,1,58,國票-敦北法人,2024-07-29,0037003700390063
3189,景碩,82,28,54,國票-敦北法人,2024-07-29,0037003700390063
1806,冠軍,53,0,53,國票-敦北法人,2024-07-29,0037003700390063
6278,台表科,50,0,50,國票-敦北法人,2024-07-29,0037003700390063
4953,緯軟,47,0,47,國票-敦北法人,2024-07-29,0037003700390063
2349,錸德,49,3,46,國票-敦北法人,2024-07-29,0037003700390063
00929,復華台灣科技優息,37,0,37,國票-敦北法人,2024-07-29,0037003700390063
2357,華碩,41,7,34,國票-敦北法人,2024-07-29,0037003700390063
00919,群益台灣精選高息,43,10,33,國票-敦北法人,2024-07-29,0037003700390063
6416,瑞祺電通,30,0,30,國票-敦北法人,2024-07-29,0037003700390063
2454,聯發科,30,1,29,國票-敦北法人,2024-07-29,0037003700390063
3008,大立光,26,0,26,國票-敦北法人,2024-07-29,0037003700390063
1808,潤隆,26,0,26,國票-敦北法人,2024-07-29,0037003700390063
6163,華電網,24,0,24,國票-敦北法人,2024-07-29,0037003700390063
1529,樂事綠能,24,0,24,國票-敦北法人,2024-07-29,0037003700390063
2356,英業達,24,0,24,國票-敦北法人,2024-07-29,0037003700390063
4303,信立,25,1,24,國票-敦北法人,2024-07-29,0037003700390063
1316,上曜,29,8,21,國票-敦北法人,2024-07-29,0037003700390063
1456,怡華,22,1,21,國票-敦北法人,2024-07-29,0037003700390063
3380,明泰,20,0,20,國票-敦北法人,2024-07-29,0037003700390063
2867,三商壽,20,0,20,國票-敦北法人,2024-07-29,0037003700390063
5347,世界,31,11,20,國票-敦北法人,2024-07-29,0037003700390063
5351,鈺創,20,0,20,國票-敦北法人,2024-07-29,0037003700390063
6691,洋基工程,20,0,20,國票-敦北法人,2024-07-29,0037003700390063
2887,台新金,3500,0,3500,國票-敦北法人,2024-07-30,0037003700390063
6005,群益證,1000,0,1000,國票-敦北法人,2024-07-30,0037003700390063
3047,訊舟,758,29,729,國票-敦北法人,2024-07-30,0037003700390063
00929,復華台灣科技優息,549,11,538,國票-敦北法人,2024-07-30,0037003700390063
3663,鑫科,504,26,478,國票-敦北法人,2024-07-30,0037003700390063
00950B,凱基A級公司債,375,0,375,國票-敦北法人,2024-07-30,0037003700390063
3374,精材,328,15,313,國票-敦北法人,2024-07-30,0037003700390063
3209,全科,244,0,244,國票-敦北法人,2024-07-30,0037003700390063
6187,萬潤,193,9,184,國票-敦北法人,2024-07-30,0037003700390063
8464,億豐,180,0,180,國票-敦北法人,2024-07-30,0037003700390063
6451,訊芯-KY,200,76,124,國票-敦北法人,2024-07-30,0037003700390063
8415,大國鋼,84,0,84,國票-敦北法人,2024-07-30,0037003700390063
2542,興富發,101,27,74,國票-敦北法人,2024-07-30,0037003700390063
4942,嘉彰,72,0,72,國票-敦北法人,2024-07-30,0037003700390063
8467,波力-KY,61,0,61,國票-敦北法人,2024-07-30,0037003700390063
2528,皇普,60,0,60,國票-敦北法人,2024-07-30,0037003700390063
6190,萬泰科,57,0,57,國票-敦北法人,2024-07-30,0037003700390063
3189,景碩,60,5,55,國票-敦北法人,2024-07-30,0037003700390063
1316,上曜,51,0,51,國票-敦北法人,2024-07-30,0037003700390063
6741,91APP*-KY,50,0,50,國票-敦北法人,2024-07-30,0037003700390063
00940,元大台灣價值高息,51,5,46,國票-敦北法人,2024-07-30,0037003700390063
1513,中興電,54,9,45,國票-敦北法人,2024-07-30,0037003700390063
5269,祥碩,43,0,43,國票-敦北法人,2024-07-30,0037003700390063
2454,聯發科,41,0,41,國票-敦北法人,2024-07-30,0037003700390063
8028,昇陽半導體,138,99,39,國票-敦北法人,2024-07-30,0037003700390063
2337,旺宏,45,11,34,國票-敦北法人,2024-07-30,0037003700390063
2609,陽明,35,5,30,國票-敦北法人,2024-07-30,0037003700390063
6669,緯穎,30,0,30,國票-敦北法人,2024-07-30,0037003700390063
3231,緯創,43,14,29,國票-敦北法人,2024-07-30,0037003700390063
1540,喬福,30,1,29,國票-敦北法人,2024-07-30,0037003700390063
2360,致茂,30,3,27,國票-敦北法人,2024-07-30,0037003700390063
2891,中信金,26,0,26,國票-敦北法人,2024-07-30,0037003700390063
2344,華邦電,47,22,25,國票-敦北法人,2024-07-30,0037003700390063
00878,國泰永續高股息,24,1,23,國票-敦北法人,2024-07-30,0037003700390063
00918,大華優利高填息30,23,0,23,國票-敦北法人,2024-07-30,0037003700390063
2845,遠東銀,22,0,22,國票-敦北法人,2024-07-30,0037003700390063
2543,皇昌,25,3,22,國票-敦北法人,2024-07-30,0037003700390063
1560,中砂,21,0,21,國票-敦北法人,2024-07-30,0037003700390063
3653,健策,25,5,20,國票-敦北法人,2024-07-30,0037003700390063
5512,力麒,20,0,20,國票-敦北法人,2024-07-30,0037003700390063
2603,長榮,25,5,20,國票-敦北法人,2024-07-30,0037003700390063
00936,台新永續高息中小,20,0,20,國票-敦北法人,2024-07-30,0037003700390063
2449,京元電子,22,2,20,國票-敦北法人,2024-07-30,0037003700390063
6869,雲豹能源,25,6,19,國票-敦北法人,2024-07-30,0037003700390063
4958,臻鼎-KY,20,1,19,國票-敦北法人,2024-07-30,0037003700390063
1806,冠軍,20,1,19,國票-敦北法人,2024-07-30,0037003700390063
3035,智原,36,18,18,國票-敦北法人,2024-07-30,0037003700390063
2383,台光電,21,4,17,國票-敦北法人,2024-07-30,0037003700390063
2889,國票金,17,0,17,國票-敦北法人,2024-07-30,0037003700390063
6640,均華,25,9,16,國票-敦北法人,2024-07-30,0037003700390063
2890,永豐金,4058,0,4058,國票-敦北法人,2024-07-31,0037003700390063
2887,台新金,4001,11,3990,國票-敦北法人,2024-07-31,0037003700390063
2609,陽明,1604,10,1594,國票-敦北法人,2024-07-31,0037003700390063
3711,日月光投控,703,6,697,國票-敦北法人,2024-07-31,0037003700390063
1316,上曜,601,21,580,國票-敦北法人,2024-07-31,0037003700390063
6285,啟��,350,0,350,國票-敦北法人,2024-07-31,0037003700390063
2062,橋椿,314,9,305,國票-敦北法人,2024-07-31,0037003700390063
2542,興富發,282,2,280,國票-敦北法人,2024-07-31,0037003700390063
2317,鴻海,330,70,260,國票-敦北法人,2024-07-31,0037003700390063
3209,全科,253,0,253,國票-敦北法人,2024-07-31,0037003700390063
6706,惠特,200,1,199,國票-敦北法人,2024-07-31,0037003700390063
2363,矽統,182,8,174,國票-敦北法人,2024-07-31,0037003700390063
6187,萬潤,157,3,154,國票-敦北法人,2024-07-31,0037003700390063
2330,台積電,160,10,150,國票-敦北法人,2024-07-31,0037003700390063
4958,臻鼎-KY,116,0,116,國票-敦北法人,2024-07-31,0037003700390063
3016,嘉晶,105,2,103,國票-敦北法人,2024-07-31,0037003700390063
00713,元大台灣高息低波,100,0,100,國票-敦北法人,2024-07-31,0037003700390063
8415,大國鋼,99,0,99,國票-敦北法人,2024-07-31,0037003700390063
3056,富華新,50,0,50,國票-敦北法人,2024-07-31,0037003700390063
00637L,元大滬深300正2,100,50,50,國票-敦北法人,2024-07-31,0037003700390063
2528,皇普,70,20,50,國票-敦北法人,2024-07-31,0037003700390063
2498,宏達電,52,2,50,國票-敦北法人,2024-07-31,0037003700390063
9921,巨大,50,4,46,國票-敦北法人,2024-07-31,0037003700390063
1227,佳格,45,0,45,國票-敦北法人,2024-07-31,0037003700390063
8028,昇陽半導體,74,31,43,國票-敦北法人,2024-07-31,0037003700390063
00940,元大台灣價值高息,40,0,40,國票-敦北法人,2024-07-31,0037003700390063
2327,國巨,92,52,40,國票-敦北法人,2024-07-31,0037003700390063
3231,緯創,104,65,39,國票-敦北法人,2024-07-31,0037003700390063
3050,鈺德,43,4,39,國票-敦北法人,2024-07-31,0037003700390063
6669,緯穎,37,0,37,國票-敦北法人,2024-07-31,0037003700390063
3035,智原,58,23,35,國票-敦北法人,2024-07-31,0037003700390063
1597,直得,35,1,34,國票-敦北法人,2024-07-31,0037003700390063
8064,東捷,90,57,33,國票-敦北法人,2024-07-31,0037003700390063
00937B,群益ESG投等債20,32,0,32,國票-敦北法人,2024-07-31,0037003700390063
4549,桓達,30,0,30,國票-敦北法人,2024-07-31,0037003700390063
8383,千附,30,0,30,國票-敦北法人,2024-07-31,0037003700390063
00676R,富邦臺灣加權反1,30,0,30,國票-敦北法人,2024-07-31,0037003700390063
3013,晟銘電,30,0,30,國票-敦北法人,2024-07-31,0037003700390063
4510,高鋒,46,21,25,國票-敦北法人,2024-07-31,0037003700390063
6869,雲豹能源,45,21,24,國票-敦北法人,2024-07-31,0037003700390063
2634,漢翔,22,0,22,國票-敦北法人,2024-07-31,0037003700390063
2337,旺宏,92,70,22,國票-敦北法人,2024-07-31,0037003700390063
5388,中磊,22,1,21,國票-敦北法人,2024-07-31,0037003700390063
2362,藍天,28,8,20,國票-敦北法人,2024-07-31,0037003700390063
1808,潤隆,20,0,20,國票-敦北法人,2024-07-31,0037003700390063
6275,元山,20,0,20,國票-敦北法人,2024-07-31,0037003700390063
00918,大華優利高填息30,20,0,20,國票-敦北法人,2024-07-31,0037003700390063
1446,宏和,19,0,19,國票-敦北法人,2024-07-31,0037003700390063
1417,嘉裕,17,0,17,國票-敦北法人,2024-07-31,0037003700390063
1529,樂事綠能,16,0,16,國票-敦北法人,2024-07-31,0037003700390063
2887,台新金,7677,0,7677,國票-敦北法人,2024-08-01,0037003700390063
2834,臺企銀,3001,21,2980,國票-敦北法人,2024-08-01,0037003700390063
00688L,國泰20年美債正2,2700,0,2700,國票-敦北法人,2024-08-01,0037003700390063
2449,京元電子,1381,6,1375,國票-敦北法人,2024-08-01,0037003700390063
2301,光寶科,627,54,573,國票-敦北法人,2024-08-01,0037003700390063
2317,鴻海,511,12,499,國票-敦北法人,2024-08-01,0037003700390063
4958,臻鼎-KY,445,0,445,國票-敦北法人,2024-08-01,0037003700390063
2382,廣達,497,80,417,國票-敦北法人,2024-08-01,0037003700390063
3037,欣興,338,18,320,國票-敦北法人,2024-08-01,0037003700390063
3665,貿聯-KY,287,5,282,國票-敦北法人,2024-08-01,0037003700390063
3374,精材,254,5,249,國票-敦北法人,2024-08-01,0037003700390063
1316,上曜,251,25,226,國票-敦北法人,2024-08-01,0037003700390063
2882,國泰金,321,107,214,國票-敦北法人,2024-08-01,0037003700390063
2464,盟立,208,11,197,國票-敦北法人,2024-08-01,0037003700390063
2308,台達電,179,4,175,國票-敦北法人,2024-08-01,0037003700390063
00830,國泰費城半導體,151,1,150,國票-敦北法人,2024-08-01,0037003700390063
1438,三地開發,120,1,119,國票-敦北法人,2024-08-01,0037003700390063
1597,直得,117,5,112,國票-敦北法人,2024-08-01,0037003700390063
3376,新日興,108,9,99,國票-敦北法人,2024-08-01,0037003700390063
1582,信錦,100,4,96,國票-敦北法人,2024-08-01,0037003700390063
2345,智邦,89,0,89,國票-敦北法人,2024-08-01,0037003700390063
2344,華邦電,100,15,85,國票-敦北法人,2024-08-01,0037003700390063
6446,藥華藥,94,10,84,國票-敦北法人,2024-08-01,0037003700390063
9906,欣巴巴,84,4,80,國票-敦北法人,2024-08-01,0037003700390063
5534,長虹,80,0,80,國票-敦北法人,2024-08-01,0037003700390063
9921,巨大,79,1,78,國票-敦北法人,2024-08-01,0037003700390063
2330,台積電,83,11,72,國票-敦北法人,2024-08-01,0037003700390063
3005,神基,70,0,70,國票-敦北法人,2024-08-01,0037003700390063
3689,湧德,72,4,68,國票-敦北法人,2024-08-01,0037003700390063
8054,安國,103,37,66,國票-敦北法人,2024-08-01,0037003700390063
3450,聯鈞,68,3,65,國票-敦北法人,2024-08-01,0037003700390063
2610,華航,59,0,59,國票-敦北法人,2024-08-01,0037003700390063
6895,宏碩系統,57,0,57,國票-敦北法人,2024-08-01,0037003700390063
2409,友達,95,50,45,國票-敦北法人,2024-08-01,0037003700390063
6805,富世達,49,8,41,國票-敦北法人,2024-08-01,0037003700390063
8210,勤誠,35,1,34,國票-敦北法人,2024-08-01,0037003700390063
4303,信立,29,1,28,國票-敦北法人,2024-08-01,0037003700390063
2368,金像電,80,52,28,國票-敦北法人,2024-08-01,0037003700390063
3062,建漢,31,5,26,國票-敦北法人,2024-08-01,0037003700390063
2528,皇普,30,5,25,國票-敦北法人,2024-08-01,0037003700390063
5443,均豪,46,22,24,國票-敦北法人,2024-08-01,0037003700390063
3491,昇達科,32,9,23,國票-敦北法人,2024-08-01,0037003700390063
6546,正基,23,0,23,國票-敦北法人,2024-08-01,0037003700390063
00687B,國泰20年美債,22,2,20,國票-敦北法人,2024-08-01,0037003700390063
00881,國泰台灣5G+,20,0,20,國票-敦北法人,2024-08-01,0037003700390063
5531,鄉林,30,10,20,國票-敦北法人,2024-08-01,0037003700390063
6129,普誠,20,0,20,國票-敦北法人,2024-08-01,0037003700390063
2359,所羅門,24,4,20,國票-敦北法人,2024-08-01,0037003700390063
6488,環球晶,20,1,19,國票-敦北法人,2024-08-01,0037003700390063
4933,友輝,17,0,17,國票-敦北法人,2024-08-01,0037003700390063
2834,臺企銀,8868,3,8865,國票-敦北法人,2024-08-02,0037003700390063
2887,台新金,7778,5,7773,國票-敦北法人,2024-08-02,0037003700390063
00688L,國泰20年美債正2,1610,0,1610,國票-敦北法人,2024-08-02,0037003700390063
00830,國泰費城半導體,761,25,736,國票-敦北法人,2024-08-02,0037003700390063
4562,穎漢,676,14,662,國票-敦北法人,2024-08-02,0037003700390063
00878,國泰永續高股息,582,0,582,國票-敦北法人,2024-08-02,0037003700390063
00929,復華台灣科技優息,556,0,556,國票-敦北法人,2024-08-02,0037003700390063
8374,羅昇,416,2,414,國票-敦北法人,2024-08-02,0037003700390063
4510,高鋒,257,14,243,國票-敦北法人,2024-08-02,0037003700390063
2070,精湛,241,7,234,國票-敦北法人,2024-08-02,0037003700390063
9914,美利達,298,73,225,國票-敦北法人,2024-08-02,0037003700390063
2330,台積電,190,8,182,國票-敦北法人,2024-08-02,0037003700390063
6239,力成,156,2,154,國票-敦北法人,2024-08-02,0037003700390063
3227,原相,140,0,140,國票-敦北法人,2024-08-02,0037003700390063
00679B,元大美債20年,112,1,111,國票-敦北法人,2024-08-02,0037003700390063
2882,國泰金,108,0,108,國票-敦北法人,2024-08-02,0037003700390063
8210,勤誠,140,35,105,國票-敦北法人,2024-08-02,0037003700390063
2618,長榮航,88,0,88,國票-敦北法人,2024-08-02,0037003700390063
2382,廣達,189,102,87,國票-敦北法人,2024-08-02,0037003700390063
00919,群益台灣精選高息,106,19,87,國票-敦北法人,2024-08-02,0037003700390063
00927,群益半導體收益,77,0,77,國票-敦北法人,2024-08-02,0037003700390063
3081,聯亞,76,0,76,國票-敦北法人,2024-08-02,0037003700390063
00892,富邦台灣半導體,75,0,75,國票-敦北法人,2024-08-02,0037003700390063
2812,台中銀,70,0,70,國票-敦北法人,2024-08-02,0037003700390063
4114,健喬,70,0,70,國票-敦北法人,2024-08-02,0037003700390063
00637L,元大滬深300正2,70,0,70,國票-敦北法人,2024-08-02,0037003700390063
2501,國建,70,1,69,國票-敦北法人,2024-08-02,0037003700390063
2610,華航,67,1,66,國票-敦北法人,2024-08-02,0037003700390063
00937B,群益ESG投等債20,75,15,60,國票-敦北法人,2024-08-02,0037003700390063
00753L,中信中國50正2,50,0,50,國票-敦北法人,2024-08-02,0037003700390063
2412,中華電,50,0,50,國票-敦北法人,2024-08-02,0037003700390063
3376,新日興,51,3,48,國票-敦北法人,2024-08-02,0037003700390063
2376,技嘉,44,4,40,國票-敦北法人,2024-08-02,0037003700390063
3533,嘉澤,40,0,40,國票-敦北法人,2024-08-02,0037003700390063
00940,元大台灣價值高息,37,0,37,國票-敦北法人,2024-08-02,0037003700390063
00891,中信關鍵半導體,35,0,35,國票-敦北法人,2024-08-02,0037003700390063
2449,京元電子,38,5,33,國票-敦北法人,2024-08-02,0037003700390063
5876,上海商銀,34,1,33,國票-敦北法人,2024-08-02,0037003700390063
00948B,中信優息投資級債,30,0,30,國票-敦北法人,2024-08-02,0037003700390063
6189,豐藝,30,0,30,國票-敦北法人,2024-08-02,0037003700390063
2543,皇昌,33,6,27,國票-敦北法人,2024-08-02,0037003700390063
2634,漢翔,26,2,24,國票-敦北法人,2024-08-02,0037003700390063
00941,中信上游半導體,23,0,23,國票-敦北法人,2024-08-02,0037003700390063
1540,喬福,246,224,22,國票-敦北法人,2024-08-02,0037003700390063
5009,榮剛,21,0,21,國票-敦北法人,2024-08-02,0037003700390063
3024,憶聲,22,1,21,國票-敦北法人,2024-08-02,0037003700390063
6446,藥華藥,21,1,20,國票-敦北法人,2024-08-02,0037003700390063
1504,東元,20,0,20,國票-敦北法人,2024-08-02,0037003700390063
2542,興富發,23,4,19,國票-敦北法人,2024-08-02,0037003700390063
3062,建漢,19,1,18,國票-敦北法人,2024-08-02,0037003700390063
2834,臺企銀,8503,104,8399,國票-敦北法人,2024-08-05,0037003700390063
2887,台新金,7973,43,7930,國票-敦北法人,2024-08-05,0037003700390063
2353,宏��,4294,10,4284,國票-敦北法人,2024-08-05,0037003700390063
4938,和碩,2952,11,2941,國票-敦北法人,2024-08-05,0037003700390063
00680L,元大美債20正2,2711,32,2679,國票-敦北法人,2024-08-05,0037003700390063
2347,聯強,1906,0,1906,國票-敦北法人,2024-08-05,0037003700390063
5347,世界,1874,7,1867,國票-敦北法人,2024-08-05,0037003700390063
3711,日月光投控,1851,0,1851,國票-敦北法人,2024-08-05,0037003700390063
2301,光寶科,1920,159,1761,國票-敦北法人,2024-08-05,0037003700390063
3702,大聯大,1297,0,1297,國票-敦北法人,2024-08-05,0037003700390063
2303,聯電,1173,10,1163,國票-敦北法人,2024-08-05,0037003700390063
00641R,富邦日本反1,1096,0,1096,國票-敦北法人,2024-08-05,0037003700390063
2504,國產,902,0,902,國票-敦北法人,2024-08-05,0037003700390063
8112,至上,739,2,737,國票-敦北法人,2024-08-05,0037003700390063
6177,達麗,706,0,706,國票-敦北法人,2024-08-05,0037003700390063
3264,欣銓,701,0,701,國票-敦北法人,2024-08-05,0037003700390063
2337,旺宏,706,8,698,國票-敦北法人,2024-08-05,0037003700390063
6285,啟��,694,20,674,國票-敦北法人,2024-08-05,0037003700390063
2330,台積電,796,145,651,國票-敦北法人,2024-08-05,0037003700390063
3044,健鼎,570,0,570,國票-敦北法人,2024-08-05,0037003700390063
5388,中磊,414,1,413,國票-敦北法人,2024-08-05,0037003700390063
6269,台郡,368,0,368,國票-敦北法人,2024-08-05,0037003700390063
3042,晶技,353,0,353,國票-敦北法人,2024-08-05,0037003700390063
00940,元大台灣價值高息,365,15,350,國票-敦北法人,2024-08-05,0037003700390063
2530,華建,286,0,286,國票-敦北法人,2024-08-05,0037003700390063
2404,漢唐,272,1,271,國票-敦北法人,2024-08-05,0037003700390063
00830,國泰費城半導體,254,0,254,國票-敦北法人,2024-08-05,0037003700390063
2451,創見,251,0,251,國票-敦北法人,2024-08-05,0037003700390063
2211,長榮鋼,250,0,250,國票-敦北法人,2024-08-05,0037003700390063
3014,聯陽,230,0,230,國票-敦北法人,2024-08-05,0037003700390063
6274,台燿,222,3,219,國票-敦北法人,2024-08-05,0037003700390063
6223,旺矽,208,1,207,國票-敦北法人,2024-08-05,0037003700390063
6147,頎邦,214,15,199,國票-敦北法人,2024-08-05,0037003700390063
2474,可成,195,0,195,國票-敦北法人,2024-08-05,0037003700390063
3149,正達,190,3,187,國票-敦北法人,2024-08-05,0037003700390063
00878,國泰永續高股息,380,201,179,國票-敦北法人,2024-08-05,0037003700390063
3005,神基,177,1,176,國票-敦北法人,2024-08-05,0037003700390063
2395,研華,151,0,151,國票-敦北法人,2024-08-05,0037003700390063
0050,元大台灣50,145,2,143,國票-敦北法人,2024-08-05,0037003700390063
6176,瑞儀,134,1,133,國票-敦北法人,2024-08-05,0037003700390063
4915,致伸,133,0,133,國票-敦北法人,2024-08-05,0037003700390063
3034,聯詠,130,2,128,國票-敦北法人,2024-08-05,0037003700390063
3010,華立,134,8,126,國票-敦北法人,2024-08-05,0037003700390063
2308,台達電,108,0,108,國票-敦北法人,2024-08-05,0037003700390063
2891,中信金,103,0,103,國票-敦北法人,2024-08-05,0037003700390063
2454,聯發科,99,4,95,國票-敦北法人,2024-08-05,0037003700390063
2883,凱基金,93,0,93,國票-敦北法人,2024-08-05,0037003700390063
1597,直得,94,4,90,國票-敦北法人,2024-08-05,0037003700390063
1799,易威,87,1,86,國票-敦北法人,2024-08-05,0037003700390063
9910,豐泰,85,0,85,國票-敦北法人,2024-08-05,0037003700390063
2891,中信金,2237,0,2237,國票-敦北法人,2024-08-06,0037003700390063
00715L,期街口布蘭特正2,1002,0,1002,國票-敦北法人,2024-08-06,0037003700390063
00830,國泰費城半導體,775,0,775,國票-敦北法人,2024-08-06,0037003700390063
2892,第一金,769,0,769,國票-敦北法人,2024-08-06,0037003700390063
2317,鴻海,680,71,609,國票-敦北法人,2024-08-06,0037003700390063
6257,矽格,472,0,472,國票-敦北法人,2024-08-06,0037003700390063
00641R,富邦日本反1,450,0,450,國票-敦北法人,2024-08-06,0037003700390063
5534,長虹,401,0,401,國票-敦北法人,2024-08-06,0037003700390063
00632R,元大台灣50反1,373,0,373,國票-敦北法人,2024-08-06,0037003700390063
2486,一詮,300,1,299,國票-敦北法人,2024-08-06,0037003700390063
6190,萬泰科,285,0,285,國票-敦北法人,2024-08-06,0037003700390063
1316,上曜,219,0,219,國票-敦北法人,2024-08-06,0037003700390063
2313,華通,200,6,194,國票-敦北法人,2024-08-06,0037003700390063
2548,華固,178,0,178,國票-敦北法人,2024-08-06,0037003700390063
2530,華建,170,0,170,國票-敦北法人,2024-08-06,0037003700390063
2834,臺企銀,156,0,156,國票-敦北法人,2024-08-06,0037003700390063
8096,擎亞,152,3,149,國票-敦北法人,2024-08-06,0037003700390063
2382,廣達,145,25,120,國票-敦北法人,2024-08-06,0037003700390063
0050,元大台灣50,119,3,116,國票-敦北法人,2024-08-06,0037003700390063
4915,致伸,104,1,103,國票-敦北法人,2024-08-06,0037003700390063
00637L,元大滬深300正2,203,100,103,國票-敦北法人,2024-08-06,0037003700390063
2882,國泰金,101,1,100,國票-敦北法人,2024-08-06,0037003700390063
5483,中美晶,100,0,100,國票-敦北法人,2024-08-06,0037003700390063
6605,帝寶,87,0,87,國票-敦北法人,2024-08-06,0037003700390063
2881,富邦金,100,20,80,國票-敦北法人,2024-08-06,0037003700390063
5880,合庫金,77,0,77,國票-敦北法人,2024-08-06,0037003700390063
2383,台光電,83,8,75,國票-敦北法人,2024-08-06,0037003700390063
2884,玉山金,92,21,71,國票-敦北法人,2024-08-06,0037003700390063
00940,元大台灣價值高息,72,3,69,國票-敦北法人,2024-08-06,0037003700390063
1504,東元,182,114,68,國票-敦北法人,2024-08-06,0037003700390063
2890,永豐金,66,1,65,國票-敦北法人,2024-08-06,0037003700390063
2880,華南金,74,10,64,國票-敦北法人,2024-08-06,0037003700390063
2886,兆豐金,77,16,61,國票-敦北法人,2024-08-06,0037003700390063
5347,世界,63,2,61,國票-敦北法人,2024-08-06,0037003700390063
2801,彰銀,58,1,57,國票-敦北法人,2024-08-06,0037003700390063
2303,聯電,72,17,55,國票-敦北法人,2024-08-06,0037003700390063
2885,元大金,66,11,55,國票-敦北法人,2024-08-06,0037003700390063
1540,喬福,170,116,54,國票-敦北法人,2024-08-06,0037003700390063
00881,國泰台灣5G+,64,12,52,國票-敦北法人,2024-08-06,0037003700390063
6505,台塑化,51,0,51,國票-敦北法人,2024-08-06,0037003700390063
6191,精成科,51,0,51,國票-敦北法人,2024-08-06,0037003700390063
6164,華興,51,2,49,國票-敦北法人,2024-08-06,0037003700390063
2449,京元電子,125,77,48,國票-敦北法人,2024-08-06,0037003700390063
9942,茂順,48,0,48,國票-敦北法人,2024-08-06,0037003700390063
6129,普誠,44,0,44,國票-敦北法人,2024-08-06,0037003700390063
4123,晟德,44,2,42,國票-敦北法人,2024-08-06,0037003700390063
5508,永信建,44,2,42,國票-敦北法人,2024-08-06,0037003700390063
1101,台泥,41,0,41,國票-敦北法人,2024-08-06,0037003700390063
2412,中華電,42,1,41,國票-敦北法人,2024-08-06,0037003700390063
8028,昇陽半導體,48,8,40,國票-敦北法人,2024-08-06,0037003700390063
2880,華南金,5500,1,5499,國票-敦北法人,2024-08-07,0037003700390063
2836,高雄銀,1387,0,1387,國票-敦北法人,2024-08-07,0037003700390063
3231,緯創,1385,56,1329,國票-敦北法人,2024-08-07,0037003700390063
2365,昆盈,1218,2,1216,國票-敦北法人,2024-08-07,0037003700390063
3189,景碩,916,18,898,國票-敦北法人,2024-08-07,0037003700390063
3047,訊舟,821,5,816,國票-敦北法人,2024-08-07,0037003700390063
8064,東捷,732,1,731,國票-敦北法人,2024-08-07,0037003700390063
4510,高鋒,600,40,560,國票-敦北法人,2024-08-07,0037003700390063
2317,鴻海,607,61,546,國票-敦北法人,2024-08-07,0037003700390063
00937B,群益ESG投等債20,514,0,514,國票-敦北法人,2024-08-07,0037003700390063
3663,鑫科,514,4,510,國票-敦北法人,2024-08-07,0037003700390063
6117,迎廣,407,0,407,國票-敦北法人,2024-08-07,0037003700390063
4566,時碩工業,400,0,400,國票-敦北法人,2024-08-07,0037003700390063
3711,日月光投控,405,9,396,國票-敦北法人,2024-08-07,0037003700390063
2609,陽明,409,15,394,國票-敦北法人,2024-08-07,0037003700390063
2374,佳能,335,0,335,國票-敦北法人,2024-08-07,0037003700390063
3665,貿聯-KY,351,31,320,國票-敦北法人,2024-08-07,0037003700390063
6125,廣運,251,1,250,國票-敦北法人,2024-08-07,0037003700390063
9938,百和,186,0,186,國票-敦北法人,2024-08-07,0037003700390063
3376,新日興,173,1,172,國票-敦北法人,2024-08-07,0037003700390063
6446,藥華藥,167,12,155,國票-敦北法人,2024-08-07,0037003700390063
00632R,元大台灣50反1,235,81,154,國票-敦北法人,2024-08-07,0037003700390063
3062,建漢,130,2,128,國票-敦北法人,2024-08-07,0037003700390063
3413,京鼎,121,0,121,國票-敦北法人,2024-08-07,0037003700390063
2345,智邦,107,0,107,國票-敦北法人,2024-08-07,0037003700390063
3491,昇達科,122,16,106,國票-敦北法人,2024-08-07,0037003700390063
9906,欣巴巴,102,1,101,國票-敦北法人,2024-08-07,0037003700390063
3437,榮創,100,0,100,國票-敦北法人,2024-08-07,0037003700390063
2515,中工,81,2,79,國票-敦北法人,2024-08-07,0037003700390063
3131,弘塑,84,8,76,國票-敦北法人,2024-08-07,0037003700390063
2449,京元電子,77,7,70,國票-敦北法人,2024-08-07,0037003700390063
2383,台光電,110,42,68,國票-敦北法人,2024-08-07,0037003700390063
3481,群創,61,0,61,國票-敦北法人,2024-08-07,0037003700390063
00946,群益科技高息成長,52,0,52,國票-敦北法人,2024-08-07,0037003700390063
3374,精材,66,15,51,國票-敦北法人,2024-08-07,0037003700390063
2312,金寶,78,28,50,國票-敦北法人,2024-08-07,0037003700390063
8438,昶昕,50,0,50,國票-敦北法人,2024-08-07,0037003700390063
00934,中信成長高股息,44,0,44,國票-敦北法人,2024-08-07,0037003700390063
00631L,元大台灣50正2,40,0,40,國票-敦北法人,2024-08-07,0037003700390063
00944,野村趨勢動能高息,35,0,35,國票-敦北法人,2024-08-07,0037003700390063
6443,元晶,36,1,35,國票-敦北法人,2024-08-07,0037003700390063
8103,瀚荃,33,0,33,國票-敦北法人,2024-08-07,0037003700390063
1808,潤隆,34,2,32,國票-敦北法人,2024-08-07,0037003700390063
2489,瑞軒,31,0,31,國票-敦北法人,2024-08-07,0037003700390063
6416,瑞祺電通,30,0,30,國票-敦北法人,2024-08-07,0037003700390063
00676R,富邦臺灣加權反1,30,0,30,國票-敦北法人,2024-08-07,0037003700390063
3675,德微,30,0,30,國票-敦北法人,2024-08-07,0037003700390063
00940,元大台灣價值高息,60,30,30,國票-敦北法人,2024-08-07,0037003700390063
2349,錸德,34,6,28,國票-敦北法人,2024-08-07,0037003700390063
2409,友達,73,45,28,國票-敦北法人,2024-08-07,0037003700390063
2801,彰銀,4002,3,3999,國票-敦北法人,2024-08-08,0037003700390063
2836,高雄銀,1395,0,1395,國票-敦北法人,2024-08-08,0037003700390063
0050,元大台灣50,1261,0,1261,國票-敦北法人,2024-08-08,0037003700390063
2888,新光金,499,0,499,國票-敦北法人,2024-08-08,0037003700390063
3450,聯鈞,458,6,452,國票-敦北法人,2024-08-08,0037003700390063
00715L,期街口布蘭特正2,382,0,382,國票-敦北法人,2024-08-08,0037003700390063
00830,國泰費城半導體,251,0,251,國票-敦北法人,2024-08-08,0037003700390063
2357,華碩,310,66,244,國票-敦北法人,2024-08-08,0037003700390063
2455,全新,200,0,200,國票-敦北法人,2024-08-08,0037003700390063
00937B,群益ESG投等債20,167,0,167,國票-敦北法人,2024-08-08,0037003700390063
6223,旺矽,242,76,166,國票-敦北法人,2024-08-08,0037003700390063
2454,聯發科,111,2,109,國票-敦北法人,2024-08-08,0037003700390063
8374,羅昇,133,25,108,國票-敦北法人,2024-08-08,0037003700390063
2609,陽明,171,74,97,國票-敦北法人,2024-08-08,0037003700390063
2886,兆豐金,82,0,82,國票-敦北法人,2024-08-08,0037003700390063
6462,神盾,82,2,80,國票-敦北法人,2024-08-08,0037003700390063
2382,廣達,96,19,77,國票-敦北法人,2024-08-08,0037003700390063
3019,亞光,84,17,67,國票-敦北法人,2024-08-08,0037003700390063
2376,技嘉,62,1,61,國票-敦北法人,2024-08-08,0037003700390063
1316,上曜,62,2,60,國票-敦北法人,2024-08-08,0037003700390063
2303,聯電,72,21,51,國票-敦北法人,2024-08-08,0037003700390063
8150,南茂,50,0,50,國票-敦北法人,2024-08-08,0037003700390063
1314,中石化,50,0,50,國票-敦北法人,2024-08-08,0037003700390063
2530,華建,53,3,50,國票-敦北法人,2024-08-08,0037003700390063
3663,鑫科,580,532,48,國票-敦北法人,2024-08-08,0037003700390063
00878,國泰永續高股息,147,101,46,國票-敦北法人,2024-08-08,0037003700390063
6869,雲豹能源,36,4,32,國票-敦北法人,2024-08-08,0037003700390063
3163,波若威,35,3,32,國票-敦北法人,2024-08-08,0037003700390063
6187,萬潤,43,11,32,國票-敦北法人,2024-08-08,0037003700390063
4532,瑞智,31,0,31,國票-敦北法人,2024-08-08,0037003700390063
6901,鑽石投資,30,0,30,國票-敦北法人,2024-08-08,0037003700390063
2324,仁寶,30,0,30,國票-敦北法人,2024-08-08,0037003700390063
4564,元翎,31,2,29,國票-敦北法人,2024-08-08,0037003700390063
6870,騰雲,28,0,28,國票-敦北法人,2024-08-08,0037003700390063
1714,和桐,27,0,27,國票-敦北法人,2024-08-08,0037003700390063
2330,台積電,31,5,26,國票-敦北法人,2024-08-08,0037003700390063
00940,元大台灣價值高息,26,0,26,國票-敦北法人,2024-08-08,0037003700390063
3715,定穎投控,28,2,26,國票-敦北法人,2024-08-08,0037003700390063
2344,華邦電,25,0,25,國票-敦北法人,2024-08-08,0037003700390063
1513,中興電,28,3,25,國票-敦北法人,2024-08-08,0037003700390063
00935,野村臺灣新科技50,23,0,23,國票-敦北法人,2024-08-08,0037003700390063
00941,中信上游半導體,20,0,20,國票-敦北法人,2024-08-08,0037003700390063
3481,群創,23,4,19,國票-敦北法人,2024-08-08,0037003700390063
3711,日月光投控,18,0,18,國票-敦北法人,2024-08-08,0037003700390063
0056,元大高股息,18,0,18,國票-敦北法人,2024-08-08,0037003700390063
5388,中磊,19,2,17,國票-敦北法人,2024-08-08,0037003700390063
00679B,元大美債20年,19,2,17,國票-敦北法人,2024-08-08,0037003700390063
00946,群益科技高息成長,15,0,15,國票-敦北法人,2024-08-08,0037003700390063
5483,中美晶,15,0,15,國票-敦北法人,2024-08-08,0037003700390063
00690,兆豐藍籌30,15,0,15,國票-敦北法人,2024-08-08,0037003700390063
2801,彰銀,6506,2,6504,國票-敦北法人,2024-08-09,0037003700390063
2880,華南金,5548,78,5470,國票-敦北法人,2024-08-09,0037003700390063
2836,高雄銀,1396,0,1396,國票-敦北法人,2024-08-09,0037003700390063
2359,所羅門,980,7,973,國票-敦北法人,2024-08-09,0037003700390063
1597,直得,735,65,670,國票-敦北法人,2024-08-09,0037003700390063
3535,晶彩科,624,15,609,國票-敦北法人,2024-08-09,0037003700390063
4562,穎漢,509,14,495,國票-敦北法人,2024-08-09,0037003700390063
8374,羅昇,616,131,485,國票-敦北法人,2024-08-09,0037003700390063
3374,精材,470,76,394,國票-敦北法人,2024-08-09,0037003700390063
00950B,凱基A級公司債,375,0,375,國票-敦北法人,2024-08-09,0037003700390063
3663,鑫科,360,0,360,國票-敦北法人,2024-08-09,0037003700390063
2543,皇昌,387,57,330,國票-敦北法人,2024-08-09,0037003700390063
2892,第一金,245,1,244,國票-敦北法人,2024-08-09,0037003700390063
00632R,元大台灣50反1,239,5,234,國票-敦北法人,2024-08-09,0037003700390063
00878,國泰永續高股息,207,9,198,國票-敦北法人,2024-08-09,0037003700390063
2357,華碩,169,0,169,國票-敦北法人,2024-08-09,0037003700390063
6187,萬潤,177,9,168,國票-敦北法人,2024-08-09,0037003700390063
6415,矽力*-KY,139,10,129,國票-敦北法人,2024-08-09,0037003700390063
2353,宏��,112,0,112,國票-敦北法人,2024-08-09,0037003700390063
00937B,群益ESG投等債20,111,0,111,國票-敦北法人,2024-08-09,0037003700390063
4533,協易機,143,39,104,國票-敦北法人,2024-08-09,0037003700390063
9933,中鼎,100,0,100,國票-敦北法人,2024-08-09,0037003700390063
2455,全新,99,0,99,國票-敦北法人,2024-08-09,0037003700390063
6223,旺矽,101,8,93,國票-敦北法人,2024-08-09,0037003700390063
2449,京元電子,102,11,91,國票-敦北法人,2024-08-09,0037003700390063
2486,一詮,83,4,79,國票-敦北法人,2024-08-09,0037003700390063
3293,鈊象,71,1,70,國票-敦北法人,2024-08-09,0037003700390063
3362,先進光,70,0,70,國票-敦北法人,2024-08-09,0037003700390063
6285,啟��,69,4,65,國票-敦北法人,2024-08-09,0037003700390063
3017,奇鋐,79,17,62,國票-敦北法人,2024-08-09,0037003700390063
2385,群光,50,0,50,國票-敦北法人,2024-08-09,0037003700390063
3665,貿聯-KY,50,4,46,國票-敦北法人,2024-08-09,0037003700390063
1432,大魯閣,42,0,42,國票-敦北法人,2024-08-09,0037003700390063
00679B,元大美債20年,38,3,35,國票-敦北法人,2024-08-09,0037003700390063
1513,中興電,41,6,35,國票-敦北法人,2024-08-09,0037003700390063
00687B,國泰20年美債,33,0,33,國票-敦北法人,2024-08-09,0037003700390063
3035,智原,37,4,33,國票-敦北法人,2024-08-09,0037003700390063
00933B,國泰10Y+金融債,31,0,31,國票-敦北法人,2024-08-09,0037003700390063
00882,中信中國高股息,31,0,31,國票-敦北法人,2024-08-09,0037003700390063
00929,復華台灣科技優息,34,4,30,國票-敦北法人,2024-08-09,0037003700390063
3163,波若威,37,7,30,國票-敦北法人,2024-08-09,0037003700390063
3686,達能,31,1,30,國票-敦北法人,2024-08-09,0037003700390063
6901,鑽石投資,29,0,29,國票-敦北法人,2024-08-09,0037003700390063
1795,美時,61,32,29,國票-敦北法人,2024-08-09,0037003700390063
8028,昇陽半導體,31,4,27,國票-敦北法人,2024-08-09,0037003700390063
00919,群益台灣精選高息,28,2,26,國票-敦北法人,2024-08-09,0037003700390063
3131,弘塑,27,1,26,國票-敦北法人,2024-08-09,0037003700390063
1809,中釉,21,0,21,國票-敦北法人,2024-08-09,0037003700390063
3533,嘉澤,22,1,21,國票-敦北法人,2024-08-09,0037003700390063
7584,樂意,20,0,20,國票-敦北法人,2024-08-09,0037003700390063
2801,彰銀,6722,18,6704,國票-敦北法人,2024-08-12,0037003700390063
2880,華南金,5753,11,5742,國票-敦北法人,2024-08-12,0037003700390063
2836,高雄銀,1426,0,1426,國票-敦北法人,2024-08-12,0037003700390063
2317,鴻海,1256,531,725,國票-敦北法人,2024-08-12,0037003700390063
00937B,群益ESG投等債20,717,3,714,國票-敦北法人,2024-08-12,0037003700390063
1316,上曜,600,1,599,國票-敦北法人,2024-08-12,0037003700390063
3711,日月光投控,421,12,409,國票-敦北法人,2024-08-12,0037003700390063
00929,復華台灣科技優息,429,95,334,國票-敦北法人,2024-08-12,0037003700390063
6239,力成,240,1,239,國票-敦北法人,2024-08-12,0037003700390063
00632R,元大台灣50反1,206,0,206,國票-敦北法人,2024-08-12,0037003700390063
00878,國泰永續高股息,309,105,204,國票-敦北法人,2024-08-12,0037003700390063
3035,智原,200,6,194,國票-敦北法人,2024-08-12,0037003700390063
2449,京元電子,288,98,190,國票-敦北法人,2024-08-12,0037003700390063
3028,增你強,161,0,161,國票-敦北法人,2024-08-12,0037003700390063
6187,萬潤,203,42,161,國票-敦北法人,2024-08-12,0037003700390063
2357,華碩,163,3,160,國票-敦北法人,2024-08-12,0037003700390063
2383,台光電,100,0,100,國票-敦北法人,2024-08-12,0037003700390063
2903,遠百,100,0,100,國票-敦北法人,2024-08-12,0037003700390063
2345,智邦,91,0,91,國票-敦北法人,2024-08-12,0037003700390063
1519,華城,96,18,78,國票-敦北法人,2024-08-12,0037003700390063
00679B,元大美債20年,72,3,69,國票-敦北法人,2024-08-12,0037003700390063
1537,廣隆,62,0,62,國票-敦北法人,2024-08-12,0037003700390063
2412,中華電,55,0,55,國票-敦北法人,2024-08-12,0037003700390063
6669,緯穎,56,5,51,國票-敦北法人,2024-08-12,0037003700390063
2101,南港,50,0,50,國票-敦北法人,2024-08-12,0037003700390063
1473,台南,44,0,44,國票-敦北法人,2024-08-12,0037003700390063
1314,中石化,50,7,43,國票-敦北法人,2024-08-12,0037003700390063
2382,廣達,82,41,41,國票-敦北法人,2024-08-12,0037003700390063
6285,啟��,42,1,41,國票-敦北法人,2024-08-12,0037003700390063
2330,台積電,210,170,40,國票-敦北法人,2024-08-12,0037003700390063
2385,群光,40,0,40,國票-敦北法人,2024-08-12,0037003700390063
2454,聯發科,43,3,40,國票-敦北法人,2024-08-12,0037003700390063
4533,協易機,112,74,38,國票-敦北法人,2024-08-12,0037003700390063
2542,興富發,40,2,38,國票-敦北法人,2024-08-12,0037003700390063
2312,金寶,109,72,37,國票-敦北法人,2024-08-12,0037003700390063
2890,永豐金,104,67,37,國票-敦北法人,2024-08-12,0037003700390063
9951,皇田,36,0,36,國票-敦北法人,2024-08-12,0037003700390063
6231,系微,34,1,33,國票-敦北法人,2024-08-12,0037003700390063
5452,佶優,32,2,30,國票-敦北法人,2024-08-12,0037003700390063
6805,富世達,31,2,29,國票-敦北法人,2024-08-12,0037003700390063
2618,長榮航,40,11,29,國票-敦北法人,2024-08-12,0037003700390063
2885,元大金,29,0,29,國票-敦北法人,2024-08-12,0037003700390063
2887,台新金,28,0,28,國票-敦北法人,2024-08-12,0037003700390063
4534,慶騰,27,1,26,國票-敦北法人,2024-08-12,0037003700390063
3036,文曄,26,0,26,國票-敦北法人,2024-08-12,0037003700390063
00688L,國泰20年美債正2,50,24,26,國票-敦北法人,2024-08-12,0037003700390063
2530,華建,25,0,25,國票-敦北法人,2024-08-12,0037003700390063
2892,第一金,25,0,25,國票-敦北法人,2024-08-12,0037003700390063
3324,雙鴻,32,7,25,國票-敦北法人,2024-08-12,0037003700390063
2408,南亞科,35,11,24,國票-敦北法人,2024-08-12,0037003700390063
2801,彰銀,5025,0,5025,國票-敦北法人,2024-08-13,0037003700390063
2836,高雄銀,1457,0,1457,國票-敦北法人,2024-08-13,0037003700390063
00632R,元大台灣50反1,1200,0,1200,國票-敦北法人,2024-08-13,0037003700390063
2317,鴻海,1448,397,1051,國票-敦北法人,2024-08-13,0037003700390063
2891,中信金,837,0,837,國票-敦北法人,2024-08-13,0037003700390063
8069,元太,669,0,669,國票-敦北法人,2024-08-13,0037003700390063
1513,中興電,640,24,616,國票-敦北法人,2024-08-13,0037003700390063
3019,亞光,660,51,609,國票-敦北法人,2024-08-13,0037003700390063
00830,國泰費城半導體,500,0,500,國票-敦北法人,2024-08-13,0037003700390063
2377,微星,500,0,500,國票-敦北法人,2024-08-13,0037003700390063
3303,岱稜,336,24,312,國票-敦北法人,2024-08-13,0037003700390063
1101,台泥,300,0,300,國票-敦北法人,2024-08-13,0037003700390063
00662,富邦NASDAQ,300,0,300,國票-敦北法人,2024-08-13,0037003700390063
2881,富邦金,336,42,294,國票-敦北法人,2024-08-13,0037003700390063
6706,惠特,250,0,250,國票-敦北法人,2024-08-13,0037003700390063
8374,羅昇,303,94,209,國票-敦北法人,2024-08-13,0037003700390063
9958,世紀鋼,200,0,200,國票-敦北法人,2024-08-13,0037003700390063
2382,廣達,207,28,179,國票-敦北法人,2024-08-13,0037003700390063
8043,蜜望實,188,10,178,國票-敦北法人,2024-08-13,0037003700390063
3028,增你強,163,0,163,國票-敦北法人,2024-08-13,0037003700390063
00881,國泰台灣5G+,157,5,152,國票-敦北法人,2024-08-13,0037003700390063
8096,擎亞,196,78,118,國票-敦北法人,2024-08-13,0037003700390063
9914,美利達,117,0,117,國票-敦北法人,2024-08-13,0037003700390063
00878,國泰永續高股息,106,2,104,國票-敦北法人,2024-08-13,0037003700390063
1537,廣隆,64,0,64,國票-敦北法人,2024-08-13,0037003700390063
6451,訊芯-KY,61,0,61,國票-敦北法人,2024-08-13,0037003700390063
3036,文曄,57,0,57,國票-敦北法人,2024-08-13,0037003700390063
2515,中工,57,0,57,國票-敦北法人,2024-08-13,0037003700390063
1316,上曜,101,54,47,國票-敦北法人,2024-08-13,0037003700390063
9951,皇田,39,0,39,國票-敦北法人,2024-08-13,0037003700390063
006208,富邦台50,37,0,37,國票-敦北法人,2024-08-13,0037003700390063
3013,晟銘電,55,20,35,國票-敦北法人,2024-08-13,0037003700390063
2615,萬海,50,16,34,國票-敦北法人,2024-08-13,0037003700390063
3711,日月光投控,37,4,33,國票-敦北法人,2024-08-13,0037003700390063
00637L,元大滬深300正2,33,1,32,國票-敦北法人,2024-08-13,0037003700390063
1569,濱川,31,0,31,國票-敦北法人,2024-08-13,0037003700390063
00679B,元大美債20年,28,0,28,國票-敦北法人,2024-08-13,0037003700390063
1708,東鹼,34,7,27,國票-敦北法人,2024-08-13,0037003700390063
9946,三發地產,25,0,25,國票-敦北法人,2024-08-13,0037003700390063
1608,華榮,25,0,25,國票-敦北法人,2024-08-13,0037003700390063
3231,緯創,26,2,24,國票-敦北法人,2024-08-13,0037003700390063
1603,華電,24,0,24,國票-敦北法人,2024-08-13,0037003700390063
8926,台汽電,22,0,22,國票-敦北法人,2024-08-13,0037003700390063
3706,神達,24,3,21,國票-敦北法人,2024-08-13,0037003700390063
1618,合機,21,0,21,國票-敦北法人,2024-08-13,0037003700390063
3324,雙鴻,91,71,20,國票-敦北法人,2024-08-13,0037003700390063
4513,福裕,20,0,20,國票-敦北法人,2024-08-13,0037003700390063
3551,世禾,20,0,20,國票-敦北法人,2024-08-13,0037003700390063
5519,隆大,20,0,20,國票-敦北法人,2024-08-13,0037003700390063
8028,昇陽半導體,33,13,20,國票-敦北法人,2024-08-13,0037003700390063
2801,彰銀,6810,0,6810,國票-敦北法人,2024-08-14,0037003700390063
00878,國泰永續高股息,808,44,764,國票-敦北法人,2024-08-14,0037003700390063
3663,鑫科,675,16,659,國票-敦北法人,2024-08-14,0037003700390063
1442,名軒,609,0,609,國票-敦北法人,2024-08-14,0037003700390063
00929,復華台灣科技優息,514,86,428,國票-敦北法人,2024-08-14,0037003700390063
2543,皇昌,363,32,331,國票-敦北法人,2024-08-14,0037003700390063
8028,昇陽半導體,405,102,303,國票-敦北法人,2024-08-14,0037003700390063
2834,臺企銀,302,8,294,國票-敦北法人,2024-08-14,0037003700390063
2542,興富發,285,0,285,國票-敦北法人,2024-08-14,0037003700390063
1402,遠東新,350,100,250,國票-敦北法人,2024-08-14,0037003700390063
3580,友威科,217,13,204,國票-敦北法人,2024-08-14,0037003700390063
6805,富世達,212,16,196,國票-敦北法人,2024-08-14,0037003700390063
8069,元太,175,0,175,國票-敦北法人,2024-08-14,0037003700390063
3028,增你強,165,0,165,國票-敦北法人,2024-08-14,0037003700390063
6488,環球晶,170,10,160,國票-敦北法人,2024-08-14,0037003700390063
6937,天虹,104,1,103,國票-敦北法人,2024-08-14,0037003700390063
2375,凱美,99,0,99,國票-敦北法人,2024-08-14,0037003700390063
4549,桓達,103,11,92,國票-敦北法人,2024-08-14,0037003700390063
6535,順藥,92,1,91,國票-敦北法人,2024-08-14,0037003700390063
8374,羅昇,77,0,77,國票-敦北法人,2024-08-14,0037003700390063
1537,廣隆,66,0,66,國票-敦北法人,2024-08-14,0037003700390063
2489,瑞軒,61,0,61,國票-敦北法人,2024-08-14,0037003700390063
2356,英業達,58,2,56,國票-敦北法人,2024-08-14,0037003700390063
00637L,元大滬深300正2,52,0,52,國票-敦北法人,2024-08-14,0037003700390063
6706,惠特,113,63,50,國票-敦北法人,2024-08-14,0037003700390063
00676R,富邦臺灣加權反1,50,0,50,國票-敦北法人,2024-08-14,0037003700390063
2101,南港,60,11,49,國票-敦北法人,2024-08-14,0037003700390063
1316,上曜,51,4,47,國票-敦北法人,2024-08-14,0037003700390063
00900,富邦特選高股息30,44,0,44,國票-敦北法人,2024-08-14,0037003700390063
9951,皇田,38,0,38,國票-敦北法人,2024-08-14,0037003700390063
1808,潤隆,40,2,38,國票-敦北法人,2024-08-14,0037003700390063
6231,系微,39,4,35,國票-敦北法人,2024-08-14,0037003700390063
2376,技嘉,36,2,34,國票-敦北法人,2024-08-14,0037003700390063
5534,長虹,30,0,30,國票-敦北法人,2024-08-14,0037003700390063
00891,中信關鍵半導體,27,0,27,國票-敦北法人,2024-08-14,0037003700390063
00679B,元大美債20年,26,0,26,國票-敦北法人,2024-08-14,0037003700390063
2357,華碩,28,3,25,國票-敦北法人,2024-08-14,0037003700390063
2597,潤弘,25,0,25,國票-敦北法人,2024-08-14,0037003700390063
3030,德律,25,0,25,國票-敦北法人,2024-08-14,0037003700390063
2308,台達電,25,1,24,國票-敦北法人,2024-08-14,0037003700390063
3607,谷崧,22,0,22,國票-敦北法人,2024-08-14,0037003700390063
2476,鉅祥,22,0,22,國票-敦北法人,2024-08-14,0037003700390063
3491,昇達科,39,19,20,國票-敦北法人,2024-08-14,0037003700390063
3036,文曄,41,21,20,國票-敦北法人,2024-08-14,0037003700390063
00937B,群益ESG投等債20,20,0,20,國票-敦北法人,2024-08-14,0037003700390063
00918,大華優利高填息30,20,0,20,國票-敦北法人,2024-08-14,0037003700390063
2609,陽明,32,14,18,國票-敦北法人,2024-08-14,0037003700390063
2301,光寶科,26,9,17,國票-敦北法人,2024-08-14,0037003700390063
2888,新光金,28,11,17,國票-敦北法人,2024-08-14,0037003700390063
1101,台泥,15,0,15,國票-敦北法人,2024-08-14,0037003700390063
8096,擎亞,3884,1014,2870,國票-敦北法人,2024-08-15,0037003700390063
006208,富邦台50,2000,2,1998,國票-敦北法人,2024-08-15,0037003700390063
2888,新光金,1000,5,995,國票-敦北法人,2024-08-15,0037003700390063
1442,名軒,619,1,618,國票-敦北法人,2024-08-15,0037003700390063
00948B,中信優息投資級債,470,0,470,國票-敦北法人,2024-08-15,0037003700390063
2317,鴻海,522,117,405,國票-敦北法人,2024-08-15,0037003700390063
3044,健鼎,301,0,301,國票-敦北法人,2024-08-15,0037003700390063
00687B,國泰20年美債,262,1,261,國票-敦北法人,2024-08-15,0037003700390063
3227,原相,230,12,218,國票-敦北法人,2024-08-15,0037003700390063
6187,萬潤,247,73,174,國票-敦北法人,2024-08-15,0037003700390063
3028,增你強,164,0,164,國票-敦北法人,2024-08-15,0037003700390063
00878,國泰永續高股息,115,0,115,國票-敦北法人,2024-08-15,0037003700390063
3580,友威科,136,28,108,國票-敦北法人,2024-08-15,0037003700390063
2352,佳世達,102,1,101,國票-敦北法人,2024-08-15,0037003700390063
2855,統一證,100,0,100,國票-敦北法人,2024-08-15,0037003700390063
2439,美律,100,2,98,國票-敦北法人,2024-08-15,0037003700390063
8028,昇陽半導體,119,38,81,國票-敦北法人,2024-08-15,0037003700390063
00679B,元大美債20年,76,1,75,國票-敦北法人,2024-08-15,0037003700390063
6451,訊芯-KY,75,0,75,國票-敦北法人,2024-08-15,0037003700390063
2603,長榮,83,8,75,國票-敦北法人,2024-08-15,0037003700390063
2867,三商壽,70,0,70,國票-敦北法人,2024-08-15,0037003700390063
1537,廣隆,68,0,68,國票-敦北法人,2024-08-15,0037003700390063
2905,三商,65,1,64,國票-敦北法人,2024-08-15,0037003700390063
6442,光聖,74,11,63,國票-敦北法人,2024-08-15,0037003700390063
8937,合騏,59,0,59,國票-敦北法人,2024-08-15,0037003700390063
3363,上詮,57,1,56,國票-敦北法人,2024-08-15,0037003700390063
6788,華景電,57,4,53,國票-敦北法人,2024-08-15,0037003700390063
6223,旺矽,57,7,50,國票-敦北法人,2024-08-15,0037003700390063
2375,凱美,50,0,50,國票-敦北法人,2024-08-15,0037003700390063
2458,義隆,51,3,48,國票-敦北法人,2024-08-15,0037003700390063
1301,台塑,51,6,45,國票-敦北法人,2024-08-15,0037003700390063
3374,精材,53,14,39,國票-敦北法人,2024-08-15,0037003700390063
9951,皇田,39,0,39,國票-敦北法人,2024-08-15,0037003700390063
00907,永豐優息存股,37,0,37,國票-敦北法人,2024-08-15,0037003700390063
5439,高技,36,0,36,國票-敦北法人,2024-08-15,0037003700390063
1477,聚陽,35,0,35,國票-敦北法人,2024-08-15,0037003700390063
2312,金寶,95,63,32,國票-敦北法人,2024-08-15,0037003700390063
6231,系微,31,0,31,國票-敦北法人,2024-08-15,0037003700390063
2383,台光電,30,1,29,國票-敦北法人,2024-08-15,0037003700390063
00637L,元大滬深300正2,30,2,28,國票-敦北法人,2024-08-15,0037003700390063
00900,富邦特選高股息30,40,15,25,國票-敦北法人,2024-08-15,0037003700390063
2597,潤弘,25,0,25,國票-敦北法人,2024-08-15,0037003700390063
1459,聯發,22,0,22,國票-敦北法人,2024-08-15,0037003700390063
6805,富世達,45,23,22,國票-敦北法人,2024-08-15,0037003700390063
2345,智邦,21,0,21,國票-敦北法人,2024-08-15,0037003700390063
3511,矽瑪,20,0,20,國票-敦北法人,2024-08-15,0037003700390063
2301,光寶科,25,5,20,國票-敦北法人,2024-08-15,0037003700390063
1808,潤隆,27,7,20,國票-敦北法人,2024-08-15,0037003700390063
3715,定穎投控,27,7,20,國票-敦北法人,2024-08-15,0037003700390063
2886,兆豐金,19,0,19,國票-敦北法人,2024-08-15,0037003700390063
2845,遠東銀,3001,0,3001,國票-敦北法人,2024-08-16,0037003700390063
2888,新光金,2861,6,2855,國票-敦北法人,2024-08-16,0037003700390063
3047,訊舟,3509,735,2774,國票-敦北法人,2024-08-16,0037003700390063
2882,國泰金,1002,14,988,國票-敦北法人,2024-08-16,0037003700390063
2301,光寶科,889,9,880,國票-敦北法人,2024-08-16,0037003700390063
3374,精材,868,29,839,國票-敦北法人,2024-08-16,0037003700390063
3645,達邁,795,0,795,國票-敦北法人,2024-08-16,0037003700390063
5347,世界,685,5,680,國票-敦北法人,2024-08-16,0037003700390063
1442,名軒,632,0,632,國票-敦北法人,2024-08-16,0037003700390063
6177,達麗,653,29,624,國票-敦北法人,2024-08-16,0037003700390063
1102,亞泥,511,1,510,國票-敦北法人,2024-08-16,0037003700390063
3711,日月光投控,504,7,497,國票-敦北法人,2024-08-16,0037003700390063
2027,大成鋼,491,0,491,國票-敦北法人,2024-08-16,0037003700390063
00929,復華台灣科技優息,411,0,411,國票-敦北法人,2024-08-16,0037003700390063
2243,宏旭-KY,360,2,358,國票-敦北法人,2024-08-16,0037003700390063
2330,台積電,383,30,353,國票-敦北法人,2024-08-16,0037003700390063
1402,遠東新,811,500,311,國票-敦北法人,2024-08-16,0037003700390063
2352,佳世達,386,100,286,國票-敦北法人,2024-08-16,0037003700390063
1476,儒鴻,260,2,258,國票-敦北法人,2024-08-16,0037003700390063
3339,泰谷,225,5,220,國票-敦北法人,2024-08-16,0037003700390063
2464,盟立,217,12,205,國票-敦北法人,2024-08-16,0037003700390063
4549,桓達,300,105,195,國票-敦北法人,2024-08-16,0037003700390063
3005,神基,195,0,195,國票-敦北法人,2024-08-16,0037003700390063
2206,三陽工業,192,0,192,國票-敦北法人,2024-08-16,0037003700390063
5439,高技,184,1,183,國票-敦北法人,2024-08-16,0037003700390063
3028,增你強,166,0,166,國票-敦北法人,2024-08-16,0037003700390063
3702,大聯大,151,0,151,國票-敦北法人,2024-08-16,0037003700390063
3017,奇鋐,151,8,143,國票-敦北法人,2024-08-16,0037003700390063
0056,元大高股息,140,1,139,國票-敦北法人,2024-08-16,0037003700390063
6274,台燿,146,10,136,國票-敦北法人,2024-08-16,0037003700390063
2204,中華,135,0,135,國票-敦北法人,2024-08-16,0037003700390063
6187,萬潤,171,36,135,國票-敦北法人,2024-08-16,0037003700390063
6176,瑞儀,132,0,132,國票-敦北法人,2024-08-16,0037003700390063
9945,潤泰新,125,8,117,國票-敦北法人,2024-08-16,0037003700390063
2449,京元電子,121,8,113,國票-敦北法人,2024-08-16,0037003700390063
5434,崇越,100,2,98,國票-敦北法人,2024-08-16,0037003700390063
2347,聯強,89,0,89,國票-敦北法人,2024-08-16,0037003700390063
6269,台郡,89,0,89,國票-敦北法人,2024-08-16,0037003700390063
2474,可成,86,0,86,國票-敦北法人,2024-08-16,0037003700390063
3596,智易,85,0,85,國票-敦北法人,2024-08-16,0037003700390063
1519,華城,92,7,85,國票-敦北法人,2024-08-16,0037003700390063
3653,健策,86,2,84,國票-敦北法人,2024-08-16,0037003700390063
3042,晶技,84,0,84,國票-敦北法人,2024-08-16,0037003700390063
6278,台表科,80,0,80,國票-敦北法人,2024-08-16,0037003700390063
6239,力成,76,2,74,國票-敦北法人,2024-08-16,0037003700390063
6191,精成科,74,1,73,國票-敦北法人,2024-08-16,0037003700390063
3583,辛耘,91,20,71,國票-敦北法人,2024-08-16,0037003700390063
2385,群光,71,1,70,國票-敦北法人,2024-08-16,0037003700390063
3010,華立,65,0,65,國票-敦北法人,2024-08-16,0037003700390063
3044,健鼎,72,9,63,國票-敦北法人,2024-08-16,0037003700390063
2845,遠東銀,4000,0,4000,國票-敦北法人,2024-08-19,0037003700390063
2301,光寶科,3000,21,2979,國票-敦北法人,2024-08-19,0037003700390063
2888,新光金,3377,1041,2336,國票-敦北法人,2024-08-19,0037003700390063
3663,鑫科,705,18,687,國票-敦北法人,2024-08-19,0037003700390063
4909,新復興,632,5,627,國票-敦北法人,2024-08-19,0037003700390063
3455,由田,398,0,398,國票-敦北法人,2024-08-19,0037003700390063
6156,松上,343,1,342,國票-敦北法人,2024-08-19,0037003700390063
1307,三芳,267,0,267,國票-敦北法人,2024-08-19,0037003700390063
00929,復華台灣科技優息,238,3,235,國票-敦北法人,2024-08-19,0037003700390063
3312,弘憶股,215,11,204,國票-敦北法人,2024-08-19,0037003700390063
00919,群益台灣精選高息,202,10,192,國票-敦北法人,2024-08-19,0037003700390063
3028,增你強,168,0,168,國票-敦北法人,2024-08-19,0037003700390063
3062,建漢,159,7,152,國票-敦北法人,2024-08-19,0037003700390063
6788,華景電,167,16,151,國票-敦北法人,2024-08-19,0037003700390063
2357,華碩,150,1,149,國票-敦北法人,2024-08-19,0037003700390063
3535,晶彩科,143,0,143,國票-敦北法人,2024-08-19,0037003700390063
00715L,期街口布蘭特正2,135,0,135,國票-敦北法人,2024-08-19,0037003700390063
8089,康全電訊,143,11,132,國票-敦北法人,2024-08-19,0037003700390063
8028,昇陽半導體,345,219,126,國票-敦北法人,2024-08-19,0037003700390063
6415,矽力*-KY,356,240,116,國票-敦北法人,2024-08-19,0037003700390063
8071,能率網通,107,0,107,國票-敦北法人,2024-08-19,0037003700390063
2070,精湛,110,6,104,國票-敦北法人,2024-08-19,0037003700390063
3653,健策,118,23,95,國票-敦北法人,2024-08-19,0037003700390063
6207,雷科,136,45,91,國票-敦北法人,2024-08-19,0037003700390063
5443,均豪,95,8,87,國票-敦北法人,2024-08-19,0037003700390063
00936,台新永續高息中小,100,16,84,國票-敦北法人,2024-08-19,0037003700390063
1537,廣隆,72,0,72,國票-敦北法人,2024-08-19,0037003700390063
6451,訊芯-KY,101,30,71,國票-敦北法人,2024-08-19,0037003700390063
2208,台船,70,0,70,國票-敦北法人,2024-08-19,0037003700390063
2317,鴻海,82,15,67,國票-敦北法人,2024-08-19,0037003700390063
5243,乙盛-KY,65,0,65,國票-敦北法人,2024-08-19,0037003700390063
3491,昇達科,69,13,56,國票-敦北法人,2024-08-19,0037003700390063
2360,致茂,54,0,54,國票-敦北法人,2024-08-19,0037003700390063
2374,佳能,65,11,54,國票-敦北法人,2024-08-19,0037003700390063
5469,瀚宇博,50,0,50,國票-敦北法人,2024-08-19,0037003700390063
4583,台灣精銳,50,0,50,國票-敦北法人,2024-08-19,0037003700390063
1316,上曜,50,3,47,國票-敦北法人,2024-08-19,0037003700390063
3037,欣興,41,3,38,國票-敦北法人,2024-08-19,0037003700390063
9951,皇田,37,0,37,國票-敦北法人,2024-08-19,0037003700390063
6271,同欣電,37,0,37,國票-敦北法人,2024-08-19,0037003700390063
2884,玉山金,35,0,35,國票-敦北法人,2024-08-19,0037003700390063
2375,凱美,38,4,34,國票-敦北法人,2024-08-19,0037003700390063
5371,中光電,35,4,31,國票-敦北法人,2024-08-19,0037003700390063
6901,鑽石投資,31,0,31,國票-敦北法人,2024-08-19,0037003700390063
4906,正文,31,0,31,國票-敦北法人,2024-08-19,0037003700390063
6509,聚和,30,0,30,國票-敦北法人,2024-08-19,0037003700390063
2597,潤弘,30,0,30,國票-敦北法人,2024-08-19,0037003700390063
1402,遠東新,30,1,29,國票-敦北法人,2024-08-19,0037003700390063
8937,合騏,27,0,27,國票-敦北法人,2024-08-19,0037003700390063
5905,南仁湖,100,73,27,國票-敦北法人,2024-08-19,0037003700390063
2845,遠東銀,5064,0,5064,國票-敦北法人,2024-08-20,0037003700390063
2888,新光金,4377,108,4269,國票-敦北法人,2024-08-20,0037003700390063
3535,晶彩科,1422,321,1101,國票-敦北法人,2024-08-20,0037003700390063
8089,康全電訊,732,120,612,國票-敦北法人,2024-08-20,0037003700390063
2609,陽明,511,9,502,國票-敦北法人,2024-08-20,0037003700390063
3167,大量,495,15,480,國票-敦北法人,2024-08-20,0037003700390063
1307,三芳,269,0,269,國票-敦北法人,2024-08-20,0037003700390063
2385,群光,249,0,249,國票-敦北法人,2024-08-20,0037003700390063
2351,順德,246,4,242,國票-敦北法人,2024-08-20,0037003700390063
9914,美利達,240,25,215,國票-敦北法人,2024-08-20,0037003700390063
8096,擎亞,214,18,196,國票-敦北法人,2024-08-20,0037003700390063
3036,文曄,191,0,191,國票-敦北法人,2024-08-20,0037003700390063
3028,增你強,163,3,160,國票-敦北法人,2024-08-20,0037003700390063
1108,幸福,162,2,160,國票-敦北法人,2024-08-20,0037003700390063
00715L,期街口布蘭特正2,140,0,140,國票-敦北法人,2024-08-20,0037003700390063
6223,旺矽,122,2,120,國票-敦北法人,2024-08-20,0037003700390063
2330,台積電,115,7,108,國票-敦北法人,2024-08-20,0037003700390063
5534,長虹,106,0,106,國票-敦北法人,2024-08-20,0037003700390063
2233,宇隆,90,0,90,國票-敦北法人,2024-08-20,0037003700390063
1432,大魯閣,87,0,87,國票-敦北法人,2024-08-20,0037003700390063
6271,同欣電,86,0,86,國票-敦北法人,2024-08-20,0037003700390063
4958,臻鼎-KY,79,0,79,國票-敦北法人,2024-08-20,0037003700390063
2301,光寶科,96,19,77,國票-敦北法人,2024-08-20,0037003700390063
1537,廣隆,76,0,76,國票-敦北法人,2024-08-20,0037003700390063
6706,惠特,112,36,76,國票-敦北法人,2024-08-20,0037003700390063
8440,綠電,73,0,73,國票-敦北法人,2024-08-20,0037003700390063
3680,家登,67,1,66,國票-敦北法人,2024-08-20,0037003700390063
2375,凱美,66,0,66,國票-敦北法人,2024-08-20,0037003700390063
6869,雲豹能源,74,8,66,國票-敦北法人,2024-08-20,0037003700390063
6442,光聖,112,53,59,國票-敦北法人,2024-08-20,0037003700390063
2867,三商壽,53,0,53,國票-敦北法人,2024-08-20,0037003700390063
2368,金像電,50,0,50,國票-敦北法人,2024-08-20,0037003700390063
5243,乙盛-KY,50,0,50,國票-敦北法人,2024-08-20,0037003700390063
3653,健策,53,8,45,國票-敦北法人,2024-08-20,0037003700390063
3062,建漢,43,1,42,國票-敦北法人,2024-08-20,0037003700390063
00931B,統一美債20年,40,0,40,國票-敦北法人,2024-08-20,0037003700390063
9951,皇田,38,0,38,國票-敦北法人,2024-08-20,0037003700390063
3491,昇達科,37,2,35,國票-敦北法人,2024-08-20,0037003700390063
3163,波若威,56,25,31,國票-敦北法人,2024-08-20,0037003700390063
00948B,中信優息投資級債,30,0,30,國票-敦北法人,2024-08-20,0037003700390063
3008,大立光,29,0,29,國票-敦北法人,2024-08-20,0037003700390063
2352,佳世達,30,1,29,國票-敦北法人,2024-08-20,0037003700390063
3594,磐儀,32,4,28,國票-敦北法人,2024-08-20,0037003700390063
3376,新日興,27,0,27,國票-敦北法人,2024-08-20,0037003700390063
6179,亞通,30,4,26,國票-敦北法人,2024-08-20,0037003700390063
6104,創惟,33,11,22,國票-敦北法人,2024-08-20,0037003700390063
00687B,國泰20年美債,21,0,21,國票-敦北法人,2024-08-20,0037003700390063
1303,南亞,22,1,21,國票-敦北法人,2024-08-20,0037003700390063
6122,擎邦,20,0,20,國票-敦北法人,2024-08-20,0037003700390063
4953,緯軟,20,0,20,國票-敦北法人,2024-08-20,0037003700390063
2888,新光金,14214,1251,12963,國票-敦北法人,2024-08-21,0037003700390063
2845,遠東銀,1000,0,1000,國票-敦北法人,2024-08-21,0037003700390063
5534,長虹,901,0,901,國票-敦北法人,2024-08-21,0037003700390063
2313,華通,681,2,679,國票-敦北法人,2024-08-21,0037003700390063
00937B,群益ESG投等債20,503,10,493,國票-敦北法人,2024-08-21,0037003700390063
3052,夆典,360,0,360,國票-敦北法人,2024-08-21,0037003700390063
2880,華南金,305,0,305,國票-敦北法人,2024-08-21,0037003700390063
1307,三芳,277,0,277,國票-敦北法人,2024-08-21,0037003700390063
3376,新日興,272,20,252,國票-敦北法人,2024-08-21,0037003700390063
6285,啟��,250,1,249,國票-敦北法人,2024-08-21,0037003700390063
00919,群益台灣精選高息,212,1,211,國票-敦北法人,2024-08-21,0037003700390063
6443,元晶,180,0,180,國票-敦北法人,2024-08-21,0037003700390063
1108,幸福,162,0,162,國票-敦北法人,2024-08-21,0037003700390063
3413,京鼎,157,0,157,國票-敦北法人,2024-08-21,0037003700390063
4716,大立,166,10,156,國票-敦北法人,2024-08-21,0037003700390063
6261,久元,141,0,141,國票-敦北法人,2024-08-21,0037003700390063
1449,佳和,137,0,137,國票-敦北法人,2024-08-21,0037003700390063
2330,台積電,183,47,136,國票-敦北法人,2024-08-21,0037003700390063
4551,智伸科,125,5,120,國票-敦北法人,2024-08-21,0037003700390063
1476,儒鴻,120,0,120,國票-敦北法人,2024-08-21,0037003700390063
2834,臺企銀,110,0,110,國票-敦北法人,2024-08-21,0037003700390063
9945,潤泰新,103,1,102,國票-敦北法人,2024-08-21,0037003700390063
3711,日月光投控,90,0,90,國票-敦北法人,2024-08-21,0037003700390063
8464,億豐,100,10,90,國票-敦北法人,2024-08-21,0037003700390063
6271,同欣電,89,0,89,國票-敦北法人,2024-08-21,0037003700390063
2530,華建,86,0,86,國票-敦北法人,2024-08-21,0037003700390063
4533,協易機,81,0,81,國票-敦北法人,2024-08-21,0037003700390063
6239,力成,80,0,80,國票-敦北法人,2024-08-21,0037003700390063
2412,中華電,80,0,80,國票-敦北法人,2024-08-21,0037003700390063
2801,彰銀,76,0,76,國票-敦北法人,2024-08-21,0037003700390063
6706,惠特,62,0,62,國票-敦北法人,2024-08-21,0037003700390063
5225,東科-KY,60,0,60,國票-敦北法人,2024-08-21,0037003700390063
2317,鴻海,61,1,60,國票-敦北法人,2024-08-21,0037003700390063
2312,金寶,64,13,51,國票-敦北法人,2024-08-21,0037003700390063
5519,隆大,50,0,50,國票-敦北法人,2024-08-21,0037003700390063
2882,國泰金,52,3,49,國票-敦北法人,2024-08-21,0037003700390063
8028,昇陽半導體,96,49,47,國票-敦北法人,2024-08-21,0037003700390063
2375,凱美,46,0,46,國票-敦北法人,2024-08-21,0037003700390063
3047,訊舟,94,50,44,國票-敦北法人,2024-08-21,0037003700390063
3005,神基,42,0,42,國票-敦北法人,2024-08-21,0037003700390063
6603,富強鑫,41,0,41,國票-敦北法人,2024-08-21,0037003700390063
1402,遠東新,40,0,40,國票-敦北法人,2024-08-21,0037003700390063
00953B,群益優選非投等債,40,0,40,國票-敦北法人,2024-08-21,0037003700390063
3707,漢磊,38,2,36,國票-敦北法人,2024-08-21,0037003700390063
5876,上海商銀,35,0,35,國票-敦北法人,2024-08-21,0037003700390063
6805,富世達,41,8,33,國票-敦北法人,2024-08-21,0037003700390063
9955,佳龍,30,0,30,國票-敦北法人,2024-08-21,0037003700390063
6901,鑽石投資,30,0,30,國票-敦北法人,2024-08-21,0037003700390063
6585,鼎基,30,0,30,國票-敦北法人,2024-08-21,0037003700390063
3374,精材,30,1,29,國票-敦北法人,2024-08-21,0037003700390063
2845,遠東銀,4704,0,4704,國票-敦北法人,2024-08-22,0037003700390063
2449,京元電子,1341,10,1331,國票-敦北法人,2024-08-22,0037003700390063
1708,東鹼,1114,5,1109,國票-敦北法人,2024-08-22,0037003700390063
3189,景碩,697,4,693,國票-敦北法人,2024-08-22,0037003700390063
3652,精聯,558,6,552,國票-敦北法人,2024-08-22,0037003700390063
3044,健鼎,365,5,360,國票-敦北法人,2024-08-22,0037003700390063
4513,福裕,354,1,353,國票-敦北法人,2024-08-22,0037003700390063
00931B,統一美債20年,350,0,350,國票-敦北法人,2024-08-22,0037003700390063
2364,倫飛,316,3,313,國票-敦北法人,2024-08-22,0037003700390063
1307,三芳,259,0,259,國票-敦北法人,2024-08-22,0037003700390063
00632R,元大台灣50反1,210,5,205,國票-敦北法人,2024-08-22,0037003700390063
9945,潤泰新,181,0,181,國票-敦北法人,2024-08-22,0037003700390063
3034,聯詠,175,1,174,國票-敦北法人,2024-08-22,0037003700390063
1108,幸福,163,0,163,國票-敦北法人,2024-08-22,0037003700390063
6261,久元,138,0,138,國票-敦北法人,2024-08-22,0037003700390063
2458,義隆,138,1,137,國票-敦北法人,2024-08-22,0037003700390063
4755,三福化,113,1,112,國票-敦北法人,2024-08-22,0037003700390063
4958,臻鼎-KY,100,0,100,國票-敦北法人,2024-08-22,0037003700390063
00830,國泰費城半導體,100,0,100,國票-敦北法人,2024-08-22,0037003700390063
6679,鈺太,100,0,100,國票-敦北法人,2024-08-22,0037003700390063
1216,統一,83,0,83,國票-敦北法人,2024-08-22,0037003700390063
00715L,期街口布蘭特正2,80,0,80,國票-敦北法人,2024-08-22,0037003700390063
2890,永豐金,74,0,74,國票-敦北法人,2024-08-22,0037003700390063
9921,巨大,71,0,71,國票-敦北法人,2024-08-22,0037003700390063
2530,華建,108,38,70,國票-敦北法人,2024-08-22,0037003700390063
1711,永光,95,25,70,國票-敦北法人,2024-08-22,0037003700390063
5225,東科-KY,61,0,61,國票-敦北法人,2024-08-22,0037003700390063
2891,中信金,55,0,55,國票-敦北法人,2024-08-22,0037003700390063
2330,台積電,57,4,53,國票-敦北法人,2024-08-22,0037003700390063
6177,達麗,79,26,53,國票-敦北法人,2024-08-22,0037003700390063
2308,台達電,55,4,51,國票-敦北法人,2024-08-22,0037003700390063
2520,冠德,53,2,51,國票-敦北法人,2024-08-22,0037003700390063
4903,聯光通,52,1,51,國票-敦北法人,2024-08-22,0037003700390063
2201,裕隆,50,0,50,國票-敦北法人,2024-08-22,0037003700390063
4533,協易機,40,1,39,國票-敦北法人,2024-08-22,0037003700390063
1514,亞力,101,65,36,國票-敦北法人,2024-08-22,0037003700390063
8096,擎亞,54,19,35,國票-敦北法人,2024-08-22,0037003700390063
2327,國巨,31,1,30,國票-敦北法人,2024-08-22,0037003700390063
2618,長榮航,30,0,30,國票-敦北法人,2024-08-22,0037003700390063
6288,聯嘉,31,1,30,國票-敦北法人,2024-08-22,0037003700390063
6449,鈺邦,32,2,30,國票-敦北法人,2024-08-22,0037003700390063
00929,復華台灣科技優息,29,0,29,國票-敦北法人,2024-08-22,0037003700390063
2317,鴻海,36,8,28,國票-敦北法人,2024-08-22,0037003700390063
3167,大量,32,5,27,國票-敦北法人,2024-08-22,0037003700390063
3312,弘憶股,37,10,27,國票-敦北法人,2024-08-22,0037003700390063
1721,三晃,31,4,27,國票-敦北法人,2024-08-22,0037003700390063
2421,建準,25,0,25,國票-敦北法人,2024-08-22,0037003700390063
1477,聚陽,24,0,24,國票-敦北法人,2024-08-22,0037003700390063
2375,凱美,24,0,24,國票-敦北法人,2024-08-22,0037003700390063
6670,復盛應用,23,0,23,國票-敦北法人,2024-08-22,0037003700390063
2845,遠東銀,4781,0,4781,國票-敦北法人,2024-08-23,0037003700390063
2888,新光金,2707,867,1840,國票-敦北法人,2024-08-23,0037003700390063
1722,台肥,587,0,587,國票-敦北法人,2024-08-23,0037003700390063
2441,超豐,374,0,374,國票-敦北法人,2024-08-23,0037003700390063
00715L,期街口布蘭特正2,368,1,367,國票-敦北法人,2024-08-23,0037003700390063
3580,友威科,268,18,250,國票-敦北法人,2024-08-23,0037003700390063
2420,新巨,173,0,173,國票-敦北法人,2024-08-23,0037003700390063
1108,幸福,153,0,153,國票-敦北法人,2024-08-23,0037003700390063
8021,尖點,145,3,142,國票-敦北法人,2024-08-23,0037003700390063
6261,久元,128,0,128,國票-敦北法人,2024-08-23,0037003700390063
9945,潤泰新,120,1,119,國票-敦北法人,2024-08-23,0037003700390063
3390,旭軟,104,0,104,國票-敦北法人,2024-08-23,0037003700390063
2834,臺企銀,150,50,100,國票-敦北法人,2024-08-23,0037003700390063
2882,國泰金,90,1,89,國票-敦北法人,2024-08-23,0037003700390063
6271,同欣電,79,0,79,國票-敦北法人,2024-08-23,0037003700390063
4903,聯光通,77,0,77,國票-敦北法人,2024-08-23,0037003700390063
5469,瀚宇博,75,0,75,國票-敦北法人,2024-08-23,0037003700390063
5243,乙盛-KY,75,10,65,國票-敦北法人,2024-08-23,0037003700390063
8937,合騏,60,0,60,國票-敦北法人,2024-08-23,0037003700390063
3167,大量,61,2,59,國票-敦北法人,2024-08-23,0037003700390063
2317,鴻海,97,43,54,國票-敦北法人,2024-08-23,0037003700390063
2375,凱美,41,0,41,國票-敦北法人,2024-08-23,0037003700390063
1301,台塑,40,0,40,國票-敦北法人,2024-08-23,0037003700390063
3363,上詮,48,8,40,國票-敦北法人,2024-08-23,0037003700390063
5876,上海商銀,40,0,40,國票-敦北法人,2024-08-23,0037003700390063
00945B,凱基美國非投等債,33,0,33,國票-敦北法人,2024-08-23,0037003700390063
3376,新日興,102,69,33,國票-敦北法人,2024-08-23,0037003700390063
6164,華興,30,0,30,國票-敦北法人,2024-08-23,0037003700390063
1709,和益,30,0,30,國票-敦北法人,2024-08-23,0037003700390063
6640,均華,52,23,29,國票-敦北法人,2024-08-23,0037003700390063
3005,神基,56,30,26,國票-敦北法人,2024-08-23,0037003700390063
3711,日月光投控,22,0,22,國票-敦北法人,2024-08-23,0037003700390063
5309,系統電,21,0,21,國票-敦北法人,2024-08-23,0037003700390063
6113,亞矽,20,0,20,國票-敦北法人,2024-08-23,0037003700390063
9938,百和,20,0,20,國票-敦北法人,2024-08-23,0037003700390063
4549,桓達,20,0,20,國票-敦北法人,2024-08-23,0037003700390063
5225,東科-KY,21,1,20,國票-敦北法人,2024-08-23,0037003700390063
00632R,元大台灣50反1,18,0,18,國票-敦北法人,2024-08-23,0037003700390063
5274,信驊,18,0,18,國票-敦北法人,2024-08-23,0037003700390063
2867,三商壽,20,3,17,國票-敦北法人,2024-08-23,0037003700390063
2330,台積電,45,28,17,國票-敦北法人,2024-08-23,0037003700390063
8096,擎亞,64,48,16,國票-敦北法人,2024-08-23,0037003700390063
6585,鼎基,16,0,16,國票-敦北法人,2024-08-23,0037003700390063
1519,華城,22,7,15,國票-敦北法人,2024-08-23,0037003700390063
4438,廣越,15,0,15,國票-敦北法人,2024-08-23,0037003700390063
00948B,中信優息投資級債,15,0,15,國票-敦北法人,2024-08-23,0037003700390063
1314,中石化,14,0,14,國票-敦北法人,2024-08-23,0037003700390063
2357,華碩,15,2,13,國票-敦北法人,2024-08-23,0037003700390063
8046,南電,13,0,13,國票-敦北法人,2024-08-23,0037003700390063
2308,台達電,44,31,13,國票-敦北法人,2024-08-23,0037003700390063
00878,國泰永續高股息,2255,5,2250,國票-敦北法人,2024-08-26,0037003700390063
2845,遠東銀,1972,1,1971,國票-敦北法人,2024-08-26,0037003700390063
00688L,國泰20年美債正2,1000,0,1000,國票-敦北法人,2024-08-26,0037003700390063
6016,康和證,849,0,849,國票-敦北法人,2024-08-26,0037003700390063
2888,新光金,9091,8468,623,國票-敦北法人,2024-08-26,0037003700390063
1722,台肥,602,0,602,國票-敦北法人,2024-08-26,0037003700390063
4958,臻鼎-KY,462,0,462,國票-敦北法人,2024-08-26,0037003700390063
2330,台積電,450,26,424,國票-敦北法人,2024-08-26,0037003700390063
2441,超豐,387,1,386,國票-敦北法人,2024-08-26,0037003700390063
6274,台燿,273,3,270,國票-敦北法人,2024-08-26,0037003700390063
0050,元大台灣50,260,2,258,國票-敦北法人,2024-08-26,0037003700390063
00900,富邦特選高股息30,233,1,232,國票-敦北法人,2024-08-26,0037003700390063
9958,世紀鋼,230,0,230,國票-敦北法人,2024-08-26,0037003700390063
8028,昇陽半導體,330,115,215,國票-敦北法人,2024-08-26,0037003700390063
2420,新巨,177,5,172,國票-敦北法人,2024-08-26,0037003700390063
00715L,期街口布蘭特正2,193,30,163,國票-敦北法人,2024-08-26,0037003700390063
8937,合騏,163,0,163,國票-敦北法人,2024-08-26,0037003700390063
1108,幸福,154,0,154,國票-敦北法人,2024-08-26,0037003700390063
3312,弘憶股,156,5,151,國票-敦北法人,2024-08-26,0037003700390063
00919,群益台灣精選高息,132,0,132,國票-敦北法人,2024-08-26,0037003700390063
5234,達興材料,120,0,120,國票-敦北法人,2024-08-26,0037003700390063
6261,久元,117,0,117,國票-敦北法人,2024-08-26,0037003700390063
9945,潤泰新,101,1,100,國票-敦北法人,2024-08-26,0037003700390063
6284,佳邦,105,6,99,國票-敦北法人,2024-08-26,0037003700390063
8103,瀚荃,101,7,94,國票-敦北法人,2024-08-26,0037003700390063
3037,欣興,92,0,92,國票-敦北法人,2024-08-26,0037003700390063
2383,台光電,86,0,86,國票-敦北法人,2024-08-26,0037003700390063
2317,鴻海,97,17,80,國票-敦北法人,2024-08-26,0037003700390063
6239,力成,77,0,77,國票-敦北法人,2024-08-26,0037003700390063
5243,乙盛-KY,75,1,74,國票-敦北法人,2024-08-26,0037003700390063
2851,中再保,65,0,65,國票-敦北法人,2024-08-26,0037003700390063
2308,台達電,64,0,64,國票-敦北法人,2024-08-26,0037003700390063
3167,大量,65,2,63,國票-敦北法人,2024-08-26,0037003700390063
2881,富邦金,218,162,56,國票-敦北法人,2024-08-26,0037003700390063
2421,建準,55,0,55,國票-敦北法人,2024-08-26,0037003700390063
1477,聚陽,53,0,53,國票-敦北法人,2024-08-26,0037003700390063
00637L,元大滬深300正2,51,0,51,國票-敦北法人,2024-08-26,0037003700390063
2886,兆豐金,52,3,49,國票-敦北法人,2024-08-26,0037003700390063
3036,文曄,50,2,48,國票-敦北法人,2024-08-26,0037003700390063
2880,華南金,47,0,47,國票-敦北法人,2024-08-26,0037003700390063
2530,華建,45,0,45,國票-敦北法人,2024-08-26,0037003700390063
6770,力積電,40,0,40,國票-敦北法人,2024-08-26,0037003700390063
6691,洋基工程,40,0,40,國票-敦北法人,2024-08-26,0037003700390063
5269,祥碩,40,1,39,國票-敦北法人,2024-08-26,0037003700390063
3390,旭軟,51,15,36,國票-敦北法人,2024-08-26,0037003700390063
2375,凱美,33,0,33,國票-敦北法人,2024-08-26,0037003700390063
00687B,國泰20年美債,31,0,31,國票-敦北法人,2024-08-26,0037003700390063
2327,國巨,31,1,30,國票-敦北法人,2024-08-26,0037003700390063
6901,鑽石投資,30,0,30,國票-敦北法人,2024-08-26,0037003700390063
00936,台新永續高息中小,30,0,30,國票-敦北法人,2024-08-26,0037003700390063
2888,新光金,4410,897,3513,國票-敦北法人,2024-08-27,0037003700390063
4510,高鋒,915,25,890,國票-敦北法人,2024-08-27,0037003700390063
6016,康和證,856,0,856,國票-敦北法人,2024-08-27,0037003700390063
5871,中租-KY,503,0,503,國票-敦北法人,2024-08-27,0037003700390063
6151,晉倫,502,14,488,國票-敦北法人,2024-08-27,0037003700390063
6609,瀧澤科,498,13,485,國票-敦北法人,2024-08-27,0037003700390063
8039,台虹,352,27,325,國票-敦北法人,2024-08-27,0037003700390063
00830,國泰費城半導體,266,0,266,國票-敦北法人,2024-08-27,0037003700390063
8028,昇陽半導體,277,43,234,國票-敦北法人,2024-08-27,0037003700390063
5386,青雲,224,2,222,國票-敦北法人,2024-08-27,0037003700390063
3450,聯鈞,220,15,205,國票-敦北法人,2024-08-27,0037003700390063
2420,新巨,171,0,171,國票-敦北法人,2024-08-27,0037003700390063
1540,喬福,154,5,149,國票-敦北法人,2024-08-27,0037003700390063
9945,潤泰新,135,0,135,國票-敦北法人,2024-08-27,0037003700390063
5234,達興材料,133,2,131,國票-敦北法人,2024-08-27,0037003700390063
9958,世紀鋼,141,15,126,國票-敦北法人,2024-08-27,0037003700390063
6261,久元,119,0,119,國票-敦北法人,2024-08-27,0037003700390063
8464,億豐,100,0,100,國票-敦北法人,2024-08-27,0037003700390063
6664,群翊,105,5,100,國票-敦北法人,2024-08-27,0037003700390063
3455,由田,107,8,99,國票-敦北法人,2024-08-27,0037003700390063
4562,穎漢,109,13,96,國票-敦北法人,2024-08-27,0037003700390063
2834,臺企銀,100,14,86,國票-敦北法人,2024-08-27,0037003700390063
4583,台灣精銳,101,22,79,國票-敦北法人,2024-08-27,0037003700390063
6462,神盾,78,1,77,國票-敦北法人,2024-08-27,0037003700390063
1108,幸福,59,0,59,國票-敦北法人,2024-08-27,0037003700390063
5452,佶優,79,21,58,國票-敦北法人,2024-08-27,0037003700390063
3580,友威科,71,19,52,國票-敦北法人,2024-08-27,0037003700390063
2383,台光電,51,0,51,國票-敦北法人,2024-08-27,0037003700390063
00948B,中信優息投資級債,50,0,50,國票-敦北法人,2024-08-27,0037003700390063
3374,精材,80,38,42,國票-敦北法人,2024-08-27,0037003700390063
1477,聚陽,42,2,40,國票-敦北法人,2024-08-27,0037003700390063
2308,台達電,41,2,39,國票-敦北法人,2024-08-27,0037003700390063
3312,弘憶股,37,0,37,國票-敦北法人,2024-08-27,0037003700390063
8064,東捷,53,23,30,國票-敦北法人,2024-08-27,0037003700390063
2327,國巨,27,0,27,國票-敦北法人,2024-08-27,0037003700390063
2891,中信金,26,0,26,國票-敦北法人,2024-08-27,0037003700390063
6679,鈺太,25,0,25,國票-敦北法人,2024-08-27,0037003700390063
3481,群創,91,67,24,國票-敦北法人,2024-08-27,0037003700390063
2883,凱基金,24,0,24,國票-敦北法人,2024-08-27,0037003700390063
2330,台積電,28,6,22,國票-敦北法人,2024-08-27,0037003700390063
9941,裕融,20,0,20,國票-敦北法人,2024-08-27,0037003700390063
2201,裕隆,20,0,20,國票-敦北法人,2024-08-27,0037003700390063
4927,泰鼎-KY,20,0,20,國票-敦北法人,2024-08-27,0037003700390063
6290,良維,20,0,20,國票-敦北法人,2024-08-27,0037003700390063
6901,鑽石投資,19,0,19,國票-敦北法人,2024-08-27,0037003700390063
00937B,群益ESG投等債20,18,0,18,國票-敦北法人,2024-08-27,0037003700390063
6461,益得,17,0,17,國票-敦北法人,2024-08-27,0037003700390063
00679B,元大美債20年,17,0,17,國票-敦北法人,2024-08-27,0037003700390063
2377,微星,17,1,16,國票-敦北法人,2024-08-27,0037003700390063
00878,國泰永續高股息,14,0,14,國票-敦北法人,2024-08-27,0037003700390063
2888,新光金,3996,74,3922,國票-敦北法人,2024-08-28,0037003700390063
2891,中信金,1290,2,1288,國票-敦北法人,2024-08-28,0037003700390063
6016,康和證,851,0,851,國票-敦北法人,2024-08-28,0037003700390063
4561,健椿,702,4,698,國票-敦北法人,2024-08-28,0037003700390063
4510,高鋒,551,1,550,國票-敦北法人,2024-08-28,0037003700390063
2317,鴻海,515,9,506,國票-敦北法人,2024-08-28,0037003700390063
3580,友威科,419,58,361,國票-敦北法人,2024-08-28,0037003700390063
2449,京元電子,324,5,319,國票-敦北法人,2024-08-28,0037003700390063
1477,聚陽,192,0,192,國票-敦北法人,2024-08-28,0037003700390063
5234,達興材料,296,155,141,國票-敦北法人,2024-08-28,0037003700390063
6151,晉倫,451,329,122,國票-敦北法人,2024-08-28,0037003700390063
3450,聯鈞,416,308,108,國票-敦北法人,2024-08-28,0037003700390063
4549,桓達,387,282,105,國票-敦北法人,2024-08-28,0037003700390063
2458,義隆,100,0,100,國票-敦北法人,2024-08-28,0037003700390063
3689,湧德,117,19,98,國票-敦北法人,2024-08-28,0037003700390063
3665,貿聯-KY,93,8,85,國票-敦北法人,2024-08-28,0037003700390063
1815,富喬,100,24,76,國票-敦北法人,2024-08-28,0037003700390063
3312,弘憶股,87,16,71,國票-敦北法人,2024-08-28,0037003700390063
00878,國泰永續高股息,56,2,54,國票-敦北法人,2024-08-28,0037003700390063
2375,凱美,45,0,45,國票-敦北法人,2024-08-28,0037003700390063
2501,國建,45,2,43,國票-敦北法人,2024-08-28,0037003700390063
1570,力肯,42,0,42,國票-敦北法人,2024-08-28,0037003700390063
1540,喬福,43,3,40,國票-敦北法人,2024-08-28,0037003700390063
9938,百和,39,0,39,國票-敦北法人,2024-08-28,0037003700390063
0050,元大台灣50,40,1,39,國票-敦北法人,2024-08-28,0037003700390063
2330,台積電,296,258,38,國票-敦北法人,2024-08-28,0037003700390063
3034,聯詠,35,0,35,國票-敦北法人,2024-08-28,0037003700390063
2062,橋椿,33,0,33,國票-敦北法人,2024-08-28,0037003700390063
5364,力麗店,32,0,32,國票-敦北法人,2024-08-28,0037003700390063
5011,久陽,25,0,25,國票-敦北法人,2024-08-28,0037003700390063
00679B,元大美債20年,31,6,25,國票-敦北法人,2024-08-28,0037003700390063
3293,鈊象,23,1,22,國票-敦北法人,2024-08-28,0037003700390063
6405,悅城,21,0,21,國票-敦北法人,2024-08-28,0037003700390063
6640,均華,28,7,21,國票-敦北法人,2024-08-28,0037003700390063
2357,華碩,21,0,21,國票-敦北法人,2024-08-28,0037003700390063
2834,臺企銀,21,0,21,國票-敦北法人,2024-08-28,0037003700390063
1417,嘉裕,25,5,20,國票-敦北法人,2024-08-28,0037003700390063
3492,長盛,20,0,20,國票-敦北法人,2024-08-28,0037003700390063
6224,聚鼎,19,0,19,國票-敦北法人,2024-08-28,0037003700390063
2886,兆豐金,18,0,18,國票-敦北法人,2024-08-28,0037003700390063
5225,東科-KY,18,1,17,國票-敦北法人,2024-08-28,0037003700390063
3550,聯穎,22,6,16,國票-敦北法人,2024-08-28,0037003700390063
8299,群聯,16,0,16,國票-敦北法人,2024-08-28,0037003700390063
2383,台光電,16,1,15,國票-敦北法人,2024-08-28,0037003700390063
2801,彰銀,15,0,15,國票-敦北法人,2024-08-28,0037003700390063
3413,京鼎,14,0,14,國票-敦北法人,2024-08-28,0037003700390063
8028,昇陽半導體,43,29,14,國票-敦北法人,2024-08-28,0037003700390063
00929,復華台灣科技優息,14,0,14,國票-敦北法人,2024-08-28,0037003700390063
00741B,富邦全球非投等債,13,0,13,國票-敦北法人,2024-08-28,0037003700390063
4903,聯光通,24,11,13,國票-敦北法人,2024-08-28,0037003700390063
2888,新光金,946,16,930,國票-敦北法人,2024-08-29,0037003700390063
6016,康和證,863,0,863,國票-敦北法人,2024-08-29,0037003700390063
3450,聯鈞,374,52,322,國票-敦北法人,2024-08-29,0037003700390063
2867,三商壽,300,0,300,國票-敦北法人,2024-08-29,0037003700390063
2425,承啟,276,27,249,國票-敦北法人,2024-08-29,0037003700390063
5386,青雲,187,6,181,國票-敦北法人,2024-08-29,0037003700390063
00919,群益台灣精選高息,182,4,178,國票-敦北法人,2024-08-29,0037003700390063
00715L,期街口布蘭特正2,181,10,171,國票-敦北法人,2024-08-29,0037003700390063
4958,臻鼎-KY,165,11,154,國票-敦北法人,2024-08-29,0037003700390063
4526,東台,182,41,141,國票-敦北法人,2024-08-29,0037003700390063
2313,華通,148,33,115,國票-敦北法人,2024-08-29,0037003700390063
3062,建漢,164,76,88,國票-敦北法人,2024-08-29,0037003700390063
9945,潤泰新,80,5,75,國票-敦北法人,2024-08-29,0037003700390063
3008,大立光,105,35,70,國票-敦北法人,2024-08-29,0037003700390063
0050,元大台灣50,68,0,68,國票-敦北法人,2024-08-29,0037003700390063
2458,義隆,62,0,62,國票-敦北法人,2024-08-29,0037003700390063
3413,京鼎,52,0,52,國票-敦北法人,2024-08-29,0037003700390063
3715,定穎投控,57,6,51,國票-敦北法人,2024-08-29,0037003700390063
3228,金麗科,51,1,50,國票-敦北法人,2024-08-29,0037003700390063
2317,鴻海,66,16,50,國票-敦北法人,2024-08-29,0037003700390063
2367,燿華,68,19,49,國票-敦北法人,2024-08-29,0037003700390063
2501,國建,49,0,49,國票-敦北法人,2024-08-29,0037003700390063
2449,京元電子,50,3,47,國票-敦北法人,2024-08-29,0037003700390063
6901,鑽石投資,43,0,43,國票-敦北法人,2024-08-29,0037003700390063
3362,先進光,40,1,39,國票-敦北法人,2024-08-29,0037003700390063
6488,環球晶,38,0,38,國票-敦北法人,2024-08-29,0037003700390063
8111,立��,49,15,34,國票-敦北法人,2024-08-29,0037003700390063
2383,台光電,31,0,31,國票-敦北法人,2024-08-29,0037003700390063
6116,彩晶,30,2,28,國票-敦北法人,2024-08-29,0037003700390063
6179,亞通,28,0,28,國票-敦北法人,2024-08-29,0037003700390063
4729,熒茂,29,2,27,國票-敦北法人,2024-08-29,0037003700390063
2886,兆豐金,27,1,26,國票-敦北法人,2024-08-29,0037003700390063
2801,彰銀,26,1,25,國票-敦北法人,2024-08-29,0037003700390063
3481,群創,22,0,22,國票-敦北法人,2024-08-29,0037003700390063
2330,台積電,26,4,22,國票-敦北法人,2024-08-29,0037003700390063
8358,金居,21,0,21,國票-敦北法人,2024-08-29,0037003700390063
4979,華星光,22,2,20,國票-敦北法人,2024-08-29,0037003700390063
5443,均豪,49,31,18,國票-敦北法人,2024-08-29,0037003700390063
00948B,中信優息投資級債,18,0,18,國票-敦北法人,2024-08-29,0037003700390063
4564,元翎,17,0,17,國票-敦北法人,2024-08-29,0037003700390063
6209,今國光,17,0,17,國票-敦北法人,2024-08-29,0037003700390063
1711,永光,35,18,17,國票-敦北法人,2024-08-29,0037003700390063
3081,聯亞,29,13,16,國票-敦北法人,2024-08-29,0037003700390063
5347,世界,15,0,15,國票-敦北法人,2024-08-29,0037003700390063
3162,精確,15,0,15,國票-敦北法人,2024-08-29,0037003700390063
3047,訊舟,19,4,15,國票-敦北法人,2024-08-29,0037003700390063
2382,廣達,14,0,14,國票-敦北法人,2024-08-29,0037003700390063
4157,太景*-KY,15,1,14,國票-敦北法人,2024-08-29,0037003700390063
2375,凱美,14,0,14,國票-敦北法人,2024-08-29,0037003700390063
6274,台燿,13,1,12,國票-敦北法人,2024-08-29,0037003700390063
00715L,期街口布蘭特正2,630,0,630,國票-敦北法人,2024-08-30,0037003700390063
2323,中環,522,0,522,國票-敦北法人,2024-08-30,0037003700390063
2313,華通,527,21,506,國票-敦北法人,2024-08-30,0037003700390063
006208,富邦台50,500,0,500,國票-敦北法人,2024-08-30,0037003700390063
3413,京鼎,464,0,464,國票-敦北法人,2024-08-30,0037003700390063
2330,台積電,301,2,299,國票-敦北法人,2024-08-30,0037003700390063
6449,鈺邦,220,0,220,國票-敦北法人,2024-08-30,0037003700390063
3066,李洲,242,39,203,國票-敦北法人,2024-08-30,0037003700390063
2301,光寶科,200,0,200,國票-敦北法人,2024-08-30,0037003700390063
6451,訊芯-KY,203,3,200,國票-敦北法人,2024-08-30,0037003700390063
1216,統一,200,0,200,國票-敦北法人,2024-08-30,0037003700390063
4938,和碩,200,0,200,國票-敦北法人,2024-08-30,0037003700390063
5512,力麒,199,0,199,國票-敦北法人,2024-08-30,0037003700390063
3481,群創,169,1,168,國票-敦北法人,2024-08-30,0037003700390063
6706,惠特,169,8,161,國票-敦北法人,2024-08-30,0037003700390063
2395,研華,150,0,150,國票-敦北法人,2024-08-30,0037003700390063
3406,玉晶光,130,5,125,國票-敦北法人,2024-08-30,0037003700390063
3580,友威科,105,6,99,國票-敦北法人,2024-08-30,0037003700390063
1314,中石化,106,10,96,國票-敦北法人,2024-08-30,0037003700390063
3675,德微,69,0,69,國票-敦北法人,2024-08-30,0037003700390063
1808,潤隆,82,15,67,國票-敦北法人,2024-08-30,0037003700390063
6679,鈺太,65,0,65,國票-敦北法人,2024-08-30,0037003700390063
4979,華星光,63,7,56,國票-敦北法人,2024-08-30,0037003700390063
3037,欣興,61,6,55,國票-敦北法人,2024-08-30,0037003700390063
3376,新日興,210,156,54,國票-敦北法人,2024-08-30,0037003700390063
1711,永光,93,40,53,國票-敦北法人,2024-08-30,0037003700390063
6462,神盾,50,0,50,國票-敦北法人,2024-08-30,0037003700390063
6116,彩晶,50,4,46,國票-敦北法人,2024-08-30,0037003700390063
6743,安普新,69,25,44,國票-敦北法人,2024-08-30,0037003700390063
4510,高鋒,67,23,44,國票-敦北法人,2024-08-30,0037003700390063
6104,創惟,41,1,40,國票-敦北法人,2024-08-30,0037003700390063
6164,華興,40,0,40,國票-敦北法人,2024-08-30,0037003700390063
00679B,元大美債20年,34,0,34,國票-敦北法人,2024-08-30,0037003700390063
2458,義隆,33,0,33,國票-敦北法人,2024-08-30,0037003700390063
6208,日揚,39,9,30,國票-敦北法人,2024-08-30,0037003700390063
00948B,中信優息投資級債,30,0,30,國票-敦北法人,2024-08-30,0037003700390063
00676R,富邦臺灣加權反1,30,0,30,國票-敦北法人,2024-08-30,0037003700390063
3533,嘉澤,27,0,27,國票-敦北法人,2024-08-30,0037003700390063
00637L,元大滬深300正2,32,11,21,國票-敦北法人,2024-08-30,0037003700390063
2618,長榮航,23,2,21,國票-敦北法人,2024-08-30,0037003700390063
00687B,國泰20年美債,21,1,20,國票-敦北法人,2024-08-30,0037003700390063
3645,達邁,28,8,20,國票-敦北法人,2024-08-30,0037003700390063
00688L,國泰20年美債正2,20,0,20,國票-敦北法人,2024-08-30,0037003700390063
2886,兆豐金,19,0,19,國票-敦北法人,2024-08-30,0037003700390063
5364,力麗店,18,0,18,國票-敦北法人,2024-08-30,0037003700390063
8043,蜜望實,18,0,18,國票-敦北法人,2024-08-30,0037003700390063
2233,宇隆,17,0,17,國票-敦北法人,2024-08-30,0037003700390063
3363,上詮,22,6,16,國票-敦北法人,2024-08-30,0037003700390063
00795B,中信美國公債20年,16,0,16,國票-敦北法人,2024-08-30,0037003700390063
3548,兆利,19,3,16,國票-敦北法人,2024-08-30,0037003700390063
2891,中信金,2370,15,2355,國票-敦北法人,2024-09-02,0037003700390063
3450,聯鈞,580,144,436,國票-敦北法人,2024-09-02,0037003700390063
2486,一詮,320,5,315,國票-敦北法人,2024-09-02,0037003700390063
2323,中環,227,1,226,國票-敦北法人,2024-09-02,0037003700390063
6449,鈺邦,223,0,223,國票-敦北法人,2024-09-02,0037003700390063
2887,台新金,1755,1566,189,國票-敦北法人,2024-09-02,0037003700390063
5512,力麒,172,0,172,國票-敦北法人,2024-09-02,0037003700390063
00687B,國泰20年美債,165,0,165,國票-敦北法人,2024-09-02,0037003700390063
3623,富晶通,124,0,124,國票-敦北法人,2024-09-02,0037003700390063
00940,元大台灣價值高息,123,0,123,國票-敦北法人,2024-09-02,0037003700390063
2382,廣達,112,2,110,國票-敦北法人,2024-09-02,0037003700390063
00900,富邦特選高股息30,103,0,103,國票-敦北法人,2024-09-02,0037003700390063
1514,亞力,105,5,100,國票-敦北法人,2024-09-02,0037003700390063
6863,永道-KY,86,7,79,國票-敦北法人,2024-09-02,0037003700390063
4909,新復興,97,22,75,國票-敦北法人,2024-09-02,0037003700390063
3081,聯亞,138,73,65,國票-敦北法人,2024-09-02,0037003700390063
3481,群創,65,1,64,國票-敦北法人,2024-09-02,0037003700390063
2501,國建,53,0,53,國票-敦北法人,2024-09-02,0037003700390063
6451,訊芯-KY,50,1,49,國票-敦北法人,2024-09-02,0037003700390063
0050,元大台灣50,50,2,48,國票-敦北法人,2024-09-02,0037003700390063
5011,久陽,43,0,43,國票-敦北法人,2024-09-02,0037003700390063
2352,佳世達,41,0,41,國票-敦北法人,2024-09-02,0037003700390063
6274,台燿,72,37,35,國票-敦北法人,2024-09-02,0037003700390063
2515,中工,37,5,32,國票-敦北法人,2024-09-02,0037003700390063
2884,玉山金,31,0,31,國票-敦北法人,2024-09-02,0037003700390063
00923,群益台ESG低碳50,27,0,27,國票-敦北法人,2024-09-02,0037003700390063
3290,東浦,27,2,25,國票-敦北法人,2024-09-02,0037003700390063
3617,碩天,41,18,23,國票-敦北法人,2024-09-02,0037003700390063
6789,采鈺,23,1,22,國票-敦北法人,2024-09-02,0037003700390063
6530,創威,39,17,22,國票-敦北法人,2024-09-02,0037003700390063
2383,台光電,21,0,21,國票-敦北法人,2024-09-02,0037003700390063
4979,華星光,20,0,20,國票-敦北法人,2024-09-02,0037003700390063
8071,能率網通,35,15,20,國票-敦北法人,2024-09-02,0037003700390063
1711,永光,32,16,16,國票-敦北法人,2024-09-02,0037003700390063
6669,緯穎,15,0,15,國票-敦北法人,2024-09-02,0037003700390063
4526,東台,19,4,15,國票-敦北法人,2024-09-02,0037003700390063
2313,華通,17,4,13,國票-敦北法人,2024-09-02,0037003700390063
4714,永捷,17,4,13,國票-敦北法人,2024-09-02,0037003700390063
2888,新光金,20,8,12,國票-敦北法人,2024-09-02,0037003700390063
6264,富裔,12,0,12,國票-敦北法人,2024-09-02,0037003700390063
00918,大華優利高填息30,12,0,12,國票-敦北法人,2024-09-02,0037003700390063
2609,陽明,16,4,12,國票-敦北法人,2024-09-02,0037003700390063
2059,川湖,11,0,11,國票-敦北法人,2024-09-02,0037003700390063
6224,聚鼎,11,0,11,國票-敦北法人,2024-09-02,0037003700390063
8028,昇陽半導體,12,1,11,國票-敦北法人,2024-09-02,0037003700390063
2610,華航,10,0,10,國票-敦北法人,2024-09-02,0037003700390063
00933B,國泰10Y+金融債,10,0,10,國票-敦北法人,2024-09-02,0037003700390063
00637L,元大滬深300正2,10,0,10,國票-敦北法人,2024-09-02,0037003700390063
2545,皇翔,10,0,10,國票-敦北法人,2024-09-02,0037003700390063
6257,矽格,10,0,10,國票-敦北法人,2024-09-02,0037003700390063
2891,中信金,1463,1,1462,國票-敦北法人,2024-09-03,0037003700390063
3227,原相,1210,1,1209,國票-敦北法人,2024-09-03,0037003700390063
2323,中環,1200,1,1199,國票-敦北法人,2024-09-03,0037003700390063
4562,穎漢,660,6,654,國票-敦北法人,2024-09-03,0037003700390063
1540,喬福,570,16,554,國票-敦北法人,2024-09-03,0037003700390063
5347,世界,433,21,412,國票-敦北法人,2024-09-03,0037003700390063
2915,潤泰全,378,0,378,國票-敦北法人,2024-09-03,0037003700390063
6546,正基,280,0,280,國票-敦北法人,2024-09-03,0037003700390063
5460,同協,276,0,276,國票-敦北法人,2024-09-03,0037003700390063
00715L,期街口布蘭特正2,180,0,180,國票-敦北法人,2024-09-03,0037003700390063
8374,羅昇,360,204,156,國票-敦北法人,2024-09-03,0037003700390063
2395,研華,150,0,150,國票-敦北法人,2024-09-03,0037003700390063
9945,潤泰新,140,0,140,國票-敦北法人,2024-09-03,0037003700390063
2313,華通,139,1,138,國票-敦北法人,2024-09-03,0037003700390063
6405,悅城,128,1,127,國票-敦北法人,2024-09-03,0037003700390063
8028,昇陽半導體,128,4,124,國票-敦北法人,2024-09-03,0037003700390063
3163,波若威,110,8,102,國票-敦北法人,2024-09-03,0037003700390063
9910,豐泰,100,0,100,國票-敦北法人,2024-09-03,0037003700390063
2368,金像電,110,13,97,國票-敦北法人,2024-09-03,0037003700390063
6114,久威,90,1,89,國票-敦北法人,2024-09-03,0037003700390063
5434,崇越,75,0,75,國票-敦北法人,2024-09-03,0037003700390063
1735,日勝化,80,6,74,國票-敦北法人,2024-09-03,0037003700390063
00915,凱基優選高股息30,71,0,71,國票-敦北法人,2024-09-03,0037003700390063
3711,日月光投控,71,2,69,國票-敦北法人,2024-09-03,0037003700390063
00701,國泰股利精選30,68,0,68,國票-敦北法人,2024-09-03,0037003700390063
2464,盟立,95,30,65,國票-敦北法人,2024-09-03,0037003700390063
6271,同欣電,63,0,63,國票-敦北法人,2024-09-03,0037003700390063
2882,國泰金,63,0,63,國票-敦北法人,2024-09-03,0037003700390063
00934,中信成長高股息,55,0,55,國票-敦北法人,2024-09-03,0037003700390063
6706,惠特,57,3,54,國票-敦北法人,2024-09-03,0037003700390063
2330,台積電,77,23,54,國票-敦北法人,2024-09-03,0037003700390063
2543,皇昌,65,15,50,國票-敦北法人,2024-09-03,0037003700390063
2377,微星,50,1,49,國票-敦北法人,2024-09-03,0037003700390063
6176,瑞儀,50,2,48,國票-敦北法人,2024-09-03,0037003700390063
6213,聯茂,63,19,44,國票-敦北法人,2024-09-03,0037003700390063
3406,玉晶光,50,7,43,國票-敦北法人,2024-09-03,0037003700390063
2542,興富發,40,0,40,國票-敦北法人,2024-09-03,0037003700390063
3013,晟銘電,51,12,39,國票-敦北法人,2024-09-03,0037003700390063
00919,群益台灣精選高息,35,0,35,國票-敦北法人,2024-09-03,0037003700390063
2383,台光電,40,8,32,國票-敦北法人,2024-09-03,0037003700390063
6603,富強鑫,30,0,30,國票-敦北法人,2024-09-03,0037003700390063
6669,緯穎,30,0,30,國票-敦北法人,2024-09-03,0037003700390063
8076,伍豐,65,36,29,國票-敦北法人,2024-09-03,0037003700390063
3284,太普高,32,4,28,國票-敦北法人,2024-09-03,0037003700390063
00929,復華台灣科技優息,28,1,27,國票-敦北法人,2024-09-03,0037003700390063
2108,南帝,25,0,25,國票-敦北法人,2024-09-03,0037003700390063
00637L,元大滬深300正2,25,0,25,國票-敦北法人,2024-09-03,0037003700390063
2883,凱基金,23,0,23,國票-敦北法人,2024-09-03,0037003700390063
3548,兆利,24,2,22,國票-敦北法人,2024-09-03,0037003700390063
1529,樂事綠能,22,0,22,國票-敦北法人,2024-09-03,0037003700390063
2303,聯電,2024,21,2003,國票-敦北法人,2024-09-04,0037003700390063
2887,台新金,1902,0,1902,國票-敦北法人,2024-09-04,0037003700390063
00900,富邦特選高股息30,518,0,518,國票-敦北法人,2024-09-04,0037003700390063
5347,世界,422,8,414,國票-敦北法人,2024-09-04,0037003700390063
2881,富邦金,299,0,299,國票-敦北法人,2024-09-04,0037003700390063
2880,華南金,271,0,271,國票-敦北法人,2024-09-04,0037003700390063
3034,聯詠,213,5,208,國票-敦北法人,2024-09-04,0037003700390063
2834,臺企銀,202,0,202,國票-敦北法人,2024-09-04,0037003700390063
2458,義隆,205,7,198,國票-敦北法人,2024-09-04,0037003700390063
3363,上詮,176,13,163,國票-敦北法人,2024-09-04,0037003700390063
9933,中鼎,150,0,150,國票-敦北法人,2024-09-04,0037003700390063
00919,群益台灣精選高息,144,4,140,國票-敦北法人,2024-09-04,0037003700390063
6271,同欣電,123,0,123,國票-敦北法人,2024-09-04,0037003700390063
2884,玉山金,120,3,117,國票-敦北法人,2024-09-04,0037003700390063
2375,凱美,108,0,108,國票-敦北法人,2024-09-04,0037003700390063
00929,復華台灣科技優息,118,15,103,國票-敦北法人,2024-09-04,0037003700390063
2886,兆豐金,89,0,89,國票-敦北法人,2024-09-04,0037003700390063
00940,元大台灣價值高息,84,0,84,國票-敦北法人,2024-09-04,0037003700390063
3189,景碩,82,1,81,國票-敦北法人,2024-09-04,0037003700390063
9945,潤泰新,90,13,77,國票-敦北法人,2024-09-04,0037003700390063
2891,中信金,78,2,76,國票-敦北法人,2024-09-04,0037003700390063
5876,上海商銀,64,0,64,國票-敦北法人,2024-09-04,0037003700390063
00642U,期元大S＆P石油,60,0,60,國票-敦北法人,2024-09-04,0037003700390063
6405,悅城,186,128,58,國票-敦北法人,2024-09-04,0037003700390063
00878,國泰永續高股息,51,3,48,國票-敦北法人,2024-09-04,0037003700390063
6187,萬潤,49,1,48,國票-敦北法人,2024-09-04,0037003700390063
3529,力旺,41,0,41,國票-敦北法人,2024-09-04,0037003700390063
2618,長榮航,42,2,40,國票-敦北法人,2024-09-04,0037003700390063
1102,亞泥,39,0,39,國票-敦北法人,2024-09-04,0037003700390063
1216,統一,38,0,38,國票-敦北法人,2024-09-04,0037003700390063
2027,大成鋼,38,0,38,國票-敦北法人,2024-09-04,0037003700390063
2357,華碩,38,0,38,國票-敦北法人,2024-09-04,0037003700390063
4510,高鋒,89,52,37,國票-敦北法人,2024-09-04,0037003700390063
2301,光寶科,34,0,34,國票-敦北法人,2024-09-04,0037003700390063
00918,大華優利高填息30,33,0,33,國票-敦北法人,2024-09-04,0037003700390063
00915,凱基優選高股息30,57,25,32,國票-敦北法人,2024-09-04,0037003700390063
6640,均華,31,1,30,國票-敦北法人,2024-09-04,0037003700390063
0050,元大台灣50,30,0,30,國票-敦北法人,2024-09-04,0037003700390063
00941,中信上游半導體,28,0,28,國票-敦北法人,2024-09-04,0037003700390063
3702,大聯大,27,0,27,國票-敦北法人,2024-09-04,0037003700390063
00687B,國泰20年美債,30,3,27,國票-敦北法人,2024-09-04,0037003700390063
2892,第一金,25,0,25,國票-敦北法人,2024-09-04,0037003700390063
5871,中租-KY,25,0,25,國票-敦北法人,2024-09-04,0037003700390063
1711,永光,40,15,25,國票-敦北法人,2024-09-04,0037003700390063
1301,台塑,30,6,24,國票-敦北法人,2024-09-04,0037003700390063
8039,台虹,23,1,22,國票-敦北法人,2024-09-04,0037003700390063
3062,建漢,122,100,22,國票-敦北法人,2024-09-04,0037003700390063
8937,合騏,21,0,21,國票-敦北法人,2024-09-04,0037003700390063
00676R,富邦臺灣加權反1,20,0,20,國票-敦北法人,2024-09-04,0037003700390063
3044,健鼎,20,0,20,國票-敦北法人,2024-09-04,0037003700390063
00715L,期街口布蘭特正2,1616,0,1616,國票-敦北法人,2024-09-05,0037003700390063
3014,聯陽,300,0,300,國票-敦北法人,2024-09-05,0037003700390063
6757,台灣虎航,300,2,298,國票-敦北法人,2024-09-05,0037003700390063
00830,國泰費城半導體,250,0,250,國票-敦北法人,2024-09-05,0037003700390063
0052,富邦科技,225,0,225,國票-敦北法人,2024-09-05,0037003700390063
4542,科嶠,202,0,202,國票-敦北法人,2024-09-05,0037003700390063
2303,聯電,203,2,201,國票-敦北法人,2024-09-05,0037003700390063
2385,群光,150,0,150,國票-敦北法人,2024-09-05,0037003700390063
1503,士電,150,0,150,國票-敦北法人,2024-09-05,0037003700390063
3034,聯詠,130,0,130,國票-敦北法人,2024-09-05,0037003700390063
5439,高技,118,0,118,國票-敦北法人,2024-09-05,0037003700390063
2377,微星,102,0,102,國票-敦北法人,2024-09-05,0037003700390063
9933,中鼎,100,0,100,國票-敦北法人,2024-09-05,0037003700390063
4549,桓達,102,3,99,國票-敦北法人,2024-09-05,0037003700390063
2330,台積電,169,70,99,國票-敦北法人,2024-09-05,0037003700390063
00952,凱基台灣AI50,81,0,81,國票-敦北法人,2024-09-05,0037003700390063
2025,千興,64,0,64,國票-敦北法人,2024-09-05,0037003700390063
2454,聯發科,62,1,61,國票-敦北法人,2024-09-05,0037003700390063
9945,潤泰新,60,0,60,國票-敦北法人,2024-09-05,0037003700390063
00929,復華台灣科技優息,54,0,54,國票-敦北法人,2024-09-05,0037003700390063
2497,怡利電,55,1,54,國票-敦北法人,2024-09-05,0037003700390063
2368,金像電,52,1,51,國票-敦北法人,2024-09-05,0037003700390063
1529,樂事綠能,50,0,50,國票-敦北法人,2024-09-05,0037003700390063
3042,晶技,50,0,50,國票-敦北法人,2024-09-05,0037003700390063
2382,廣達,46,3,43,國票-敦北法人,2024-09-05,0037003700390063
9958,世紀鋼,41,1,40,國票-敦北法人,2024-09-05,0037003700390063
6104,創惟,41,1,40,國票-敦北法人,2024-09-05,0037003700390063
2207,和泰車,40,0,40,國票-敦北法人,2024-09-05,0037003700390063
00919,群益台灣精選高息,37,0,37,國票-敦北法人,2024-09-05,0037003700390063
00940,元大台灣價值高息,31,0,31,國票-敦北法人,2024-09-05,0037003700390063
6591,動力-KY,30,0,30,國票-敦北法人,2024-09-05,0037003700390063
4563,百德,61,31,30,國票-敦北法人,2024-09-05,0037003700390063
2070,精湛,29,0,29,國票-敦北法人,2024-09-05,0037003700390063
00687B,國泰20年美債,27,0,27,國票-敦北法人,2024-09-05,0037003700390063
9934,成霖,27,0,27,國票-敦北法人,2024-09-05,0037003700390063
2375,凱美,25,0,25,國票-敦北法人,2024-09-05,0037003700390063
2317,鴻海,41,16,25,國票-敦北法人,2024-09-05,0037003700390063
00637L,元大滬深300正2,27,3,24,國票-敦北法人,2024-09-05,0037003700390063
3312,弘憶股,23,0,23,國票-敦北法人,2024-09-05,0037003700390063
2890,永豐金,21,0,21,國票-敦北法人,2024-09-05,0037003700390063
2002,中鋼,22,2,20,國票-敦北法人,2024-09-05,0037003700390063
5392,能率,20,0,20,國票-敦北法人,2024-09-05,0037003700390063
4909,新復興,26,6,20,國票-敦北法人,2024-09-05,0037003700390063
6231,系微,19,0,19,國票-敦北法人,2024-09-05,0037003700390063
2353,宏��,17,0,17,國票-敦北法人,2024-09-05,0037003700390063
3339,泰谷,22,5,17,國票-敦北法人,2024-09-05,0037003700390063
6116,彩晶,25,10,15,國票-敦北法人,2024-09-05,0037003700390063
00878,國泰永續高股息,16,1,15,國票-敦北法人,2024-09-05,0037003700390063
4906,正文,16,1,15,國票-敦北法人,2024-09-05,0037003700390063
00650L,復華香港正2,15,0,15,國票-敦北法人,2024-09-05,0037003700390063
00715L,期街口布蘭特正2,2325,5,2320,國票-敦北法人,2024-09-06,0037003700390063
2303,聯電,2021,9,2012,國票-敦北法人,2024-09-06,0037003700390063
2887,台新金,1000,0,1000,國票-敦北法人,2024-09-06,0037003700390063
3045,台灣大,1200,300,900,國票-敦北法人,2024-09-06,0037003700390063
6005,群益證,800,0,800,國票-敦北法人,2024-09-06,0037003700390063
2382,廣達,534,9,525,國票-敦北法人,2024-09-06,0037003700390063
4904,遠傳,500,3,497,國票-敦北法人,2024-09-06,0037003700390063
4938,和碩,364,1,363,國票-敦北法人,2024-09-06,0037003700390063
2883,凱基金,300,6,294,國票-敦北法人,2024-09-06,0037003700390063
5347,世界,290,1,289,國票-敦北法人,2024-09-06,0037003700390063
3034,聯詠,240,31,209,國票-敦北法人,2024-09-06,0037003700390063
00937B,群益ESG投等債20,200,0,200,國票-敦北法人,2024-09-06,0037003700390063
3062,建漢,160,0,160,國票-敦北法人,2024-09-06,0037003700390063
00680L,元大美債20正2,150,0,150,國票-敦北法人,2024-09-06,0037003700390063
2301,光寶科,102,0,102,國票-敦北法人,2024-09-06,0037003700390063
2347,聯強,94,0,94,國票-敦北法人,2024-09-06,0037003700390063
3711,日月光投控,86,0,86,國票-敦北法人,2024-09-06,0037003700390063
3264,欣銓,86,0,86,國票-敦北法人,2024-09-06,0037003700390063
6285,啟��,85,0,85,國票-敦北法人,2024-09-06,0037003700390063
6191,精成科,83,0,83,國票-敦北法人,2024-09-06,0037003700390063
6515,穎崴,83,1,82,國票-敦北法人,2024-09-06,0037003700390063
4915,致伸,82,0,82,國票-敦北法人,2024-09-06,0037003700390063
2393,億光,78,0,78,國票-敦北法人,2024-09-06,0037003700390063
00687B,國泰20年美債,91,13,78,國票-敦北法人,2024-09-06,0037003700390063
6121,新普,72,0,72,國票-敦北法人,2024-09-06,0037003700390063
2464,盟立,98,33,65,國票-敦北法人,2024-09-06,0037003700390063
2454,聯發科,61,3,58,國票-敦北法人,2024-09-06,0037003700390063
2449,京元電子,56,0,56,國票-敦北法人,2024-09-06,0037003700390063
6271,同欣電,56,0,56,國票-敦北法人,2024-09-06,0037003700390063
9921,巨大,56,0,56,國票-敦北法人,2024-09-06,0037003700390063
3042,晶技,55,0,55,國票-敦北法人,2024-09-06,0037003700390063
2379,瑞昱,56,1,55,國票-敦北法人,2024-09-06,0037003700390063
5483,中美晶,53,0,53,國票-敦北法人,2024-09-06,0037003700390063
6278,台表科,52,0,52,國票-敦北法人,2024-09-06,0037003700390063
5388,中磊,52,0,52,國票-敦北法人,2024-09-06,0037003700390063
2474,可成,51,0,51,國票-敦北法人,2024-09-06,0037003700390063
2330,台積電,68,19,49,國票-敦北法人,2024-09-06,0037003700390063
3227,原相,77,32,45,國票-敦北法人,2024-09-06,0037003700390063
3010,華立,41,0,41,國票-敦北法人,2024-09-06,0037003700390063
5460,同協,40,0,40,國票-敦北法人,2024-09-06,0037003700390063
3596,智易,39,0,39,國票-敦北法人,2024-09-06,0037003700390063
1319,東陽,50,12,38,國票-敦北法人,2024-09-06,0037003700390063
00919,群益台灣精選高息,38,0,38,國票-敦北法人,2024-09-06,0037003700390063
3702,大聯大,38,0,38,國票-敦北法人,2024-09-06,0037003700390063
2351,順德,35,0,35,國票-敦北法人,2024-09-06,0037003700390063
6189,豐藝,38,3,35,國票-敦北法人,2024-09-06,0037003700390063
2353,宏��,46,11,35,國票-敦北法人,2024-09-06,0037003700390063
2385,群光,34,0,34,國票-敦北法人,2024-09-06,0037003700390063
3005,神基,34,0,34,國票-敦北法人,2024-09-06,0037003700390063
6239,力成,33,0,33,國票-敦北法人,2024-09-06,0037003700390063
2888,新光金,1513,30,1483,國票-敦北法人,2024-09-09,0037003700390063
2887,台新金,1002,1,1001,國票-敦北法人,2024-09-09,0037003700390063
2881,富邦金,310,0,310,國票-敦北法人,2024-09-09,0037003700390063
3580,友威科,221,6,215,國票-敦北法人,2024-09-09,0037003700390063
2449,京元電子,171,1,170,國票-敦北法人,2024-09-09,0037003700390063
5905,南仁湖,156,2,154,國票-敦北法人,2024-09-09,0037003700390063
1319,東陽,124,15,109,國票-敦北法人,2024-09-09,0037003700390063
2362,藍天,102,0,102,國票-敦北法人,2024-09-09,0037003700390063
2464,盟立,106,5,101,國票-敦北法人,2024-09-09,0037003700390063
5508,永信建,100,0,100,國票-敦北法人,2024-09-09,0037003700390063
00919,群益台灣精選高息,73,0,73,國票-敦北法人,2024-09-09,0037003700390063
6890,來億-KY,60,0,60,國票-敦北法人,2024-09-09,0037003700390063
2002,中鋼,58,0,58,國票-敦北法人,2024-09-09,0037003700390063
2891,中信金,47,0,47,國票-敦北法人,2024-09-09,0037003700390063
1326,台化,46,0,46,國票-敦北法人,2024-09-09,0037003700390063
2454,聯發科,43,1,42,國票-敦北法人,2024-09-09,0037003700390063
9939,宏全,35,0,35,國票-敦北法人,2024-09-09,0037003700390063
2352,佳世達,35,0,35,國票-敦北法人,2024-09-09,0037003700390063
8076,伍豐,46,11,35,國票-敦北法人,2024-09-09,0037003700390063
00929,復華台灣科技優息,41,8,33,國票-敦北法人,2024-09-09,0037003700390063
3376,新日興,39,6,33,國票-敦北法人,2024-09-09,0037003700390063
5392,能率,35,2,33,國票-敦北法人,2024-09-09,0037003700390063
00878,國泰永續高股息,33,1,32,國票-敦北法人,2024-09-09,0037003700390063
3481,群創,31,0,31,國票-敦北法人,2024-09-09,0037003700390063
8473,山林水,30,0,30,國票-敦北法人,2024-09-09,0037003700390063
2883,凱基金,30,0,30,國票-敦北法人,2024-09-09,0037003700390063
1799,易威,30,0,30,國票-敦北法人,2024-09-09,0037003700390063
6741,91APP*-KY,30,0,30,國票-敦北法人,2024-09-09,0037003700390063
3707,漢磊,30,3,27,國票-敦北法人,2024-09-09,0037003700390063
6838,台新藥,23,0,23,國票-敦北法人,2024-09-09,0037003700390063
1477,聚陽,23,0,23,國票-敦北法人,2024-09-09,0037003700390063
2201,裕隆,23,0,23,國票-敦北法人,2024-09-09,0037003700390063
00952,凱基台灣AI50,20,0,20,國票-敦北法人,2024-09-09,0037003700390063
6643,M31,20,0,20,國票-敦北法人,2024-09-09,0037003700390063
9941,裕融,20,0,20,國票-敦北法人,2024-09-09,0037003700390063
00900,富邦特選高股息30,19,0,19,國票-敦北法人,2024-09-09,0037003700390063
1301,台塑,23,5,18,國票-敦北法人,2024-09-09,0037003700390063
4416,三圓,17,0,17,國票-敦北法人,2024-09-09,0037003700390063
3533,嘉澤,17,0,17,國票-敦北法人,2024-09-09,0037003700390063
2357,華碩,18,1,17,國票-敦北法人,2024-09-09,0037003700390063
8996,高力,27,10,17,國票-敦北法人,2024-09-09,0037003700390063
3511,矽瑪,19,3,16,國票-敦北法人,2024-09-09,0037003700390063
2382,廣達,19,4,15,國票-敦北法人,2024-09-09,0037003700390063
8464,億豐,15,0,15,國票-敦北法人,2024-09-09,0037003700390063
3234,光環,15,0,15,國票-敦北法人,2024-09-09,0037003700390063
1417,嘉裕,21,8,13,國票-敦北法人,2024-09-09,0037003700390063
2303,聯電,13,0,13,國票-敦北法人,2024-09-09,0037003700390063
3260,威剛,13,0,13,國票-敦北法人,2024-09-09,0037003700390063
5460,同協,23,10,13,國票-敦北法人,2024-09-09,0037003700390063
00636,國泰中國A50,12,0,12,國票-敦北法人,2024-09-09,0037003700390063
2888,新光金,5095,177,4918,國票-敦北法人,2024-09-10,0037003700390063
2887,台新金,1000,0,1000,國票-敦北法人,2024-09-10,0037003700390063
00946,群益科技高息成長,462,0,462,國票-敦北法人,2024-09-10,0037003700390063
2449,京元電子,265,1,264,國票-敦北法人,2024-09-10,0037003700390063
2360,致茂,229,9,220,國票-敦北法人,2024-09-10,0037003700390063
00937B,群益ESG投等債20,206,31,175,國票-敦北法人,2024-09-10,0037003700390063
1529,樂事綠能,161,0,161,國票-敦北法人,2024-09-10,0037003700390063
2385,群光,140,0,140,國票-敦北法人,2024-09-10,0037003700390063
2330,台積電,191,69,122,國票-敦北法人,2024-09-10,0037003700390063
8454,富邦媒,111,0,111,國票-敦北法人,2024-09-10,0037003700390063
3167,大量,100,0,100,國票-敦北法人,2024-09-10,0037003700390063
3491,昇達科,83,0,83,國票-敦北法人,2024-09-10,0037003700390063
2420,新巨,110,30,80,國票-敦北法人,2024-09-10,0037003700390063
6515,穎崴,78,1,77,國票-敦北法人,2024-09-10,0037003700390063
6271,同欣電,66,0,66,國票-敦北法人,2024-09-10,0037003700390063
3712,永崴投控,63,0,63,國票-敦北法人,2024-09-10,0037003700390063
00943,兆豐電子高息等權,60,0,60,國票-敦北法人,2024-09-10,0037003700390063
00919,群益台灣精選高息,59,0,59,國票-敦北法人,2024-09-10,0037003700390063
2501,國建,54,2,52,國票-敦北法人,2024-09-10,0037003700390063
5388,中磊,50,0,50,國票-敦北法人,2024-09-10,0037003700390063
6285,啟��,49,0,49,國票-敦北法人,2024-09-10,0037003700390063
00688L,國泰20年美債正2,42,3,39,國票-敦北法人,2024-09-10,0037003700390063
3596,智易,38,0,38,國票-敦北法人,2024-09-10,0037003700390063
1590,亞德客-KY,35,0,35,國票-敦北法人,2024-09-10,0037003700390063
3017,奇鋐,60,25,35,國票-敦北法人,2024-09-10,0037003700390063
6643,M31,33,0,33,國票-敦北法人,2024-09-10,0037003700390063
3015,全漢,30,0,30,國票-敦北法人,2024-09-10,0037003700390063
6274,台燿,31,1,30,國票-敦北法人,2024-09-10,0037003700390063
3231,緯創,30,3,27,國票-敦北法人,2024-09-10,0037003700390063
4532,瑞智,26,0,26,國票-敦北法人,2024-09-10,0037003700390063
1815,富喬,40,15,25,國票-敦北法人,2024-09-10,0037003700390063
6863,永道-KY,25,2,23,國票-敦北法人,2024-09-10,0037003700390063
3294,英濟,47,25,22,國票-敦北法人,2024-09-10,0037003700390063
6805,富世達,41,19,22,國票-敦北法人,2024-09-10,0037003700390063
00891,中信關鍵半導體,20,0,20,國票-敦北法人,2024-09-10,0037003700390063
6161,捷波,20,0,20,國票-敦北法人,2024-09-10,0037003700390063
2357,華碩,20,1,19,國票-敦北法人,2024-09-10,0037003700390063
2059,川湖,21,3,18,國票-敦北法人,2024-09-10,0037003700390063
00878,國泰永續高股息,18,0,18,國票-敦北法人,2024-09-10,0037003700390063
8011,台通,17,0,17,國票-敦北法人,2024-09-10,0037003700390063
8105,凌巨,16,0,16,國票-敦北法人,2024-09-10,0037003700390063
4961,天鈺,16,0,16,國票-敦北法人,2024-09-10,0037003700390063
5871,中租-KY,15,0,15,國票-敦北法人,2024-09-10,0037003700390063
1711,永光,15,0,15,國票-敦北法人,2024-09-10,0037003700390063
2880,華南金,15,0,15,國票-敦北法人,2024-09-10,0037003700390063
00687B,國泰20年美債,15,0,15,國票-敦北法人,2024-09-10,0037003700390063
6670,復盛應用,20,5,15,國票-敦北法人,2024-09-10,0037003700390063
6414,樺漢,15,0,15,國票-敦北法人,2024-09-10,0037003700390063
2453,凌群,14,0,14,國票-敦北法人,2024-09-10,0037003700390063
4510,高鋒,38,24,14,國票-敦北法人,2024-09-10,0037003700390063
2888,新光金,5212,137,5075,國票-敦北法人,2024-09-11,0037003700390063
00673R,期元大S＆P原油反1,3600,0,3600,國票-敦北法人,2024-09-11,0037003700390063
2887,台新金,1022,0,1022,國票-敦北法人,2024-09-11,0037003700390063
8249,菱光,493,0,493,國票-敦北法人,2024-09-11,0037003700390063
00692,富邦公司治理,300,0,300,國票-敦北法人,2024-09-11,0037003700390063
6194,育富,274,2,272,國票-敦北法人,2024-09-11,0037003700390063
4979,華星光,244,14,230,國票-敦北法人,2024-09-11,0037003700390063
3062,建漢,202,2,200,國票-敦北法人,2024-09-11,0037003700390063
2371,大同,210,11,199,國票-敦北法人,2024-09-11,0037003700390063
5439,高技,189,26,163,國票-敦北法人,2024-09-11,0037003700390063
8069,元太,151,0,151,國票-敦北法人,2024-09-11,0037003700390063
2891,中信金,88,0,88,國票-敦北法人,2024-09-11,0037003700390063
5388,中磊,61,0,61,國票-敦北法人,2024-09-11,0037003700390063
2317,鴻海,67,7,60,國票-敦北法人,2024-09-11,0037003700390063
8255,朋程,50,0,50,國票-敦北法人,2024-09-11,0037003700390063
6741,91APP*-KY,50,0,50,國票-敦北法人,2024-09-11,0037003700390063
6643,M31,40,0,40,國票-敦北法人,2024-09-11,0037003700390063
3047,訊舟,64,26,38,國票-敦北法人,2024-09-11,0037003700390063
2530,華建,38,0,38,國票-敦北法人,2024-09-11,0037003700390063
00948B,中信優息投資級債,35,0,35,國票-敦北法人,2024-09-11,0037003700390063
3715,定穎投控,36,3,33,國票-敦北法人,2024-09-11,0037003700390063
2382,廣達,40,8,32,國票-敦北法人,2024-09-11,0037003700390063
00929,復華台灣科技優息,32,0,32,國票-敦北法人,2024-09-11,0037003700390063
3376,新日興,34,3,31,國票-敦北法人,2024-09-11,0037003700390063
6768,志強-KY,31,0,31,國票-敦北法人,2024-09-11,0037003700390063
8112,至上,30,1,29,國票-敦北法人,2024-09-11,0037003700390063
00878,國泰永續高股息,27,1,26,國票-敦北法人,2024-09-11,0037003700390063
2881,富邦金,26,0,26,國票-敦北法人,2024-09-11,0037003700390063
2884,玉山金,26,0,26,國票-敦北法人,2024-09-11,0037003700390063
2886,兆豐金,26,0,26,國票-敦北法人,2024-09-11,0037003700390063
8926,台汽電,25,0,25,國票-敦北法人,2024-09-11,0037003700390063
3213,茂訊,25,0,25,國票-敦北法人,2024-09-11,0037003700390063
4977,眾達-KY,40,15,25,國票-敦北法人,2024-09-11,0037003700390063
4416,三圓,25,1,24,國票-敦北法人,2024-09-11,0037003700390063
5880,合庫金,24,0,24,國票-敦北法人,2024-09-11,0037003700390063
2892,第一金,24,0,24,國票-敦北法人,2024-09-11,0037003700390063
1522,堤維西,33,9,24,國票-敦北法人,2024-09-11,0037003700390063
4113,聯上,23,0,23,國票-敦北法人,2024-09-11,0037003700390063
6782,視陽,22,0,22,國票-敦北法人,2024-09-11,0037003700390063
2880,華南金,22,0,22,國票-敦北法人,2024-09-11,0037003700390063
5340,建榮,22,0,22,國票-敦北法人,2024-09-11,0037003700390063
2890,永豐金,21,0,21,國票-敦北法人,2024-09-11,0037003700390063
2885,元大金,21,0,21,國票-敦北法人,2024-09-11,0037003700390063
2834,臺企銀,221,200,21,國票-敦北法人,2024-09-11,0037003700390063
6505,台塑化,21,0,21,國票-敦北法人,2024-09-11,0037003700390063
00900,富邦特選高股息30,21,0,21,國票-敦北法人,2024-09-11,0037003700390063
2454,聯發科,20,0,20,國票-敦北法人,2024-09-11,0037003700390063
2388,威盛,22,2,20,國票-敦北法人,2024-09-11,0037003700390063
2801,彰銀,20,0,20,國票-敦北法人,2024-09-11,0037003700390063
9945,潤泰新,22,2,20,國票-敦北法人,2024-09-11,0037003700390063
2888,新光金,37011,395,36616,國票-敦北法人,2024-09-12,0037003700390063
00715L,期街口布蘭特正2,1952,0,1952,國票-敦北法人,2024-09-12,0037003700390063
2887,台新金,1208,200,1008,國票-敦北法人,2024-09-12,0037003700390063
2382,廣達,570,36,534,國票-敦北法人,2024-09-12,0037003700390063
4510,高鋒,554,44,510,國票-敦北法人,2024-09-12,0037003700390063
4979,華星光,341,33,308,國票-敦北法人,2024-09-12,0037003700390063
2542,興富發,153,1,152,國票-敦北法人,2024-09-12,0037003700390063
6274,台燿,142,1,141,國票-敦北法人,2024-09-12,0037003700390063
2464,盟立,135,5,130,國票-敦北法人,2024-09-12,0037003700390063
2070,精湛,129,10,119,國票-敦北法人,2024-09-12,0037003700390063
4909,新復興,168,51,117,國票-敦北法人,2024-09-12,0037003700390063
2867,三商壽,100,0,100,國票-敦北法人,2024-09-12,0037003700390063
6706,惠特,104,4,100,國票-敦北法人,2024-09-12,0037003700390063
4977,眾達-KY,179,80,99,國票-敦北法人,2024-09-12,0037003700390063
6152,百一,75,19,56,國票-敦北法人,2024-09-12,0037003700390063
6449,鈺邦,56,1,55,國票-敦北法人,2024-09-12,0037003700390063
1513,中興電,51,1,50,國票-敦北法人,2024-09-12,0037003700390063
4549,桓達,50,0,50,國票-敦北法人,2024-09-12,0037003700390063
3037,欣興,47,3,44,國票-敦北法人,2024-09-12,0037003700390063
1711,永光,53,15,38,國票-敦北法人,2024-09-12,0037003700390063
2454,聯發科,37,1,36,國票-敦北法人,2024-09-12,0037003700390063
2543,皇昌,42,7,35,國票-敦北法人,2024-09-12,0037003700390063
00632R,元大台灣50反1,32,1,31,國票-敦北法人,2024-09-12,0037003700390063
3227,原相,168,137,31,國票-敦北法人,2024-09-12,0037003700390063
3490,單井,30,0,30,國票-敦北法人,2024-09-12,0037003700390063
4904,遠傳,30,0,30,國票-敦北法人,2024-09-12,0037003700390063
6104,創惟,42,13,29,國票-敦北法人,2024-09-12,0037003700390063
8028,昇陽半導體,30,1,29,國票-敦北法人,2024-09-12,0037003700390063
1319,東陽,26,0,26,國票-敦北法人,2024-09-12,0037003700390063
3042,晶技,22,0,22,國票-敦北法人,2024-09-12,0037003700390063
00919,群益台灣精選高息,22,0,22,國票-敦北法人,2024-09-12,0037003700390063
6763,綠界科技*,21,0,21,國票-敦北法人,2024-09-12,0037003700390063
00706L,期元大S＆P日圓正2,21,0,21,國票-敦北法人,2024-09-12,0037003700390063
3563,牧德,22,1,21,國票-敦北法人,2024-09-12,0037003700390063
1442,名軒,21,0,21,國票-敦北法人,2024-09-12,0037003700390063
6133,金橋,25,5,20,國票-敦北法人,2024-09-12,0037003700390063
00664R,國泰臺灣加權反1,20,0,20,國票-敦北法人,2024-09-12,0037003700390063
5309,系統電,20,0,20,國票-敦北法人,2024-09-12,0037003700390063
2892,第一金,18,0,18,國票-敦北法人,2024-09-12,0037003700390063
2027,大成鋼,17,0,17,國票-敦北法人,2024-09-12,0037003700390063
6231,系微,19,3,16,國票-敦北法人,2024-09-12,0037003700390063
1773,勝一,15,0,15,國票-敦北法人,2024-09-12,0037003700390063
00929,復華台灣科技優息,14,0,14,國票-敦北法人,2024-09-12,0037003700390063
2399,映泰,27,13,14,國票-敦北法人,2024-09-12,0037003700390063
5903,全家,13,0,13,國票-敦北法人,2024-09-12,0037003700390063
8183,精星,13,1,12,國票-敦北法人,2024-09-12,0037003700390063
2313,華通,16,4,12,國票-敦北法人,2024-09-12,0037003700390063
1417,嘉裕,11,0,11,國票-敦北法人,2024-09-12,0037003700390063
3535,晶彩科,17,6,11,國票-敦北法人,2024-09-12,0037003700390063
1605,華新,11,0,11,國票-敦北法人,2024-09-12,0037003700390063
2887,台新金,1000,300,700,國票-敦北法人,2024-09-13,0037003700390063
00715L,期街口布蘭特正2,700,6,694,國票-敦北法人,2024-09-13,0037003700390063
8249,菱光,430,20,410,國票-敦北法人,2024-09-13,0037003700390063
5438,東友,308,4,304,國票-敦北法人,2024-09-13,0037003700390063
8028,昇陽半導體,259,5,254,國票-敦北法人,2024-09-13,0037003700390063
00948B,中信優息投資級債,237,0,237,國票-敦北法人,2024-09-13,0037003700390063
2530,華建,217,0,217,國票-敦北法人,2024-09-13,0037003700390063
2337,旺宏,201,0,201,國票-敦北法人,2024-09-13,0037003700390063
8927,北基,190,0,190,國票-敦北法人,2024-09-13,0037003700390063
6609,瀧澤科,192,10,182,國票-敦北法人,2024-09-13,0037003700390063
8464,億豐,156,0,156,國票-敦北法人,2024-09-13,0037003700390063
3374,精材,104,2,102,國票-敦北法人,2024-09-13,0037003700390063
2371,大同,103,14,89,國票-敦北法人,2024-09-13,0037003700390063
4571,鈞興-KY,91,2,89,國票-敦北法人,2024-09-13,0037003700390063
1540,喬福,127,41,86,國票-敦北法人,2024-09-13,0037003700390063
2070,精湛,222,136,86,國票-敦北法人,2024-09-13,0037003700390063
2233,宇隆,75,2,73,國票-敦北法人,2024-09-13,0037003700390063
3406,玉晶光,58,3,55,國票-敦北法人,2024-09-13,0037003700390063
3673,TPK-KY,42,0,42,國票-敦北法人,2024-09-13,0037003700390063
2388,威盛,62,21,41,國票-敦北法人,2024-09-13,0037003700390063
3062,建漢,94,54,40,國票-敦北法人,2024-09-13,0037003700390063
2606,裕民,37,0,37,國票-敦北法人,2024-09-13,0037003700390063
2645,長榮航太,32,0,32,國票-敦北法人,2024-09-13,0037003700390063
3481,群創,30,0,30,國票-敦北法人,2024-09-13,0037003700390063
1313,聯成,30,0,30,國票-敦北法人,2024-09-13,0037003700390063
6546,正基,70,46,24,國票-敦北法人,2024-09-13,0037003700390063
3047,訊舟,43,19,24,國票-敦北法人,2024-09-13,0037003700390063
2477,美隆電,23,0,23,國票-敦北法人,2024-09-13,0037003700390063
3312,弘憶股,23,2,21,國票-敦北法人,2024-09-13,0037003700390063
6863,永道-KY,20,0,20,國票-敦北法人,2024-09-13,0037003700390063
3518,柏騰,20,0,20,國票-敦北法人,2024-09-13,0037003700390063
6224,聚鼎,19,0,19,國票-敦北法人,2024-09-13,0037003700390063
3653,健策,22,4,18,國票-敦北法人,2024-09-13,0037003700390063
3227,原相,32,14,18,國票-敦北法人,2024-09-13,0037003700390063
3548,兆利,18,2,16,國票-敦北法人,2024-09-13,0037003700390063
2327,國巨,14,0,14,國票-敦北法人,2024-09-13,0037003700390063
3583,辛耘,27,13,14,國票-敦北法人,2024-09-13,0037003700390063
3661,世芯-KY,13,0,13,國票-敦北法人,2024-09-13,0037003700390063
6805,富世達,19,6,13,國票-敦北法人,2024-09-13,0037003700390063
3265,台星科,12,0,12,國票-敦北法人,2024-09-13,0037003700390063
6213,聯茂,14,3,11,國票-敦北法人,2024-09-13,0037003700390063
3550,聯穎,11,0,11,國票-敦北法人,2024-09-13,0037003700390063
2392,正崴,10,0,10,國票-敦北法人,2024-09-13,0037003700390063
3035,智原,11,1,10,國票-敦北法人,2024-09-13,0037003700390063
2331,精英,10,0,10,國票-敦北法人,2024-09-13,0037003700390063
00933B,國泰10Y+金融債,10,0,10,國票-敦北法人,2024-09-13,0037003700390063
3189,景碩,10,0,10,國票-敦北法人,2024-09-13,0037003700390063
8096,擎亞,14,5,9,國票-敦北法人,2024-09-13,0037003700390063
9938,百和,10,2,8,國票-敦北法人,2024-09-13,0037003700390063
00919,群益台灣精選高息,7,0,7,國票-敦北法人,2024-09-13,0037003700390063
00673R,期元大S＆P原油反1,2300,0,2300,國票-敦北法人,2024-09-16,0037003700390063
2477,美隆電,816,23,793,國票-敦北法人,2024-09-16,0037003700390063
2887,台新金,1000,319,681,國票-敦北法人,2024-09-16,0037003700390063
3711,日月光投控,441,11,430,國票-敦北法人,2024-09-16,0037003700390063
2382,廣達,208,2,206,國票-敦北法人,2024-09-16,0037003700390063
9927,泰銘,186,0,186,國票-敦北法人,2024-09-16,0037003700390063
5439,高技,177,1,176,國票-敦北法人,2024-09-16,0037003700390063
2488,漢平,168,0,168,國票-敦北法人,2024-09-16,0037003700390063
1785,光洋科,186,38,148,國票-敦北法人,2024-09-16,0037003700390063
4909,新復興,142,11,131,國票-敦北法人,2024-09-16,0037003700390063
2360,致茂,105,1,104,國票-敦北法人,2024-09-16,0037003700390063
6274,台燿,116,13,103,國票-敦北法人,2024-09-16,0037003700390063
4542,科嶠,139,44,95,國票-敦北法人,2024-09-16,0037003700390063
3706,神達,59,0,59,國票-敦北法人,2024-09-16,0037003700390063
2881,富邦金,55,0,55,國票-敦北法人,2024-09-16,0037003700390063
3081,聯亞,56,1,55,國票-敦北法人,2024-09-16,0037003700390063
00637L,元大滬深300正2,59,8,51,國票-敦北法人,2024-09-16,0037003700390063
2454,聯發科,50,0,50,國票-敦北法人,2024-09-16,0037003700390063
3665,貿聯-KY,50,0,50,國票-敦北法人,2024-09-16,0037003700390063
2327,國巨,47,2,45,國票-敦北法人,2024-09-16,0037003700390063
6863,永道-KY,43,6,37,國票-敦北法人,2024-09-16,0037003700390063
1314,中石化,40,5,35,國票-敦北法人,2024-09-16,0037003700390063
6609,瀧澤科,229,197,32,國票-敦北法人,2024-09-16,0037003700390063
5011,久陽,31,0,31,國票-敦北法人,2024-09-16,0037003700390063
3673,TPK-KY,32,1,31,國票-敦北法人,2024-09-16,0037003700390063
00713,元大台灣高息低波,30,0,30,國票-敦北法人,2024-09-16,0037003700390063
8105,凌巨,30,0,30,國票-敦北法人,2024-09-16,0037003700390063
3715,定穎投控,49,20,29,國票-敦北法人,2024-09-16,0037003700390063
3686,達能,30,1,29,國票-敦北法人,2024-09-16,0037003700390063
6830,汎銓,28,1,27,國票-敦北法人,2024-09-16,0037003700390063
3374,精材,25,1,24,國票-敦北法人,2024-09-16,0037003700390063
6895,宏碩系統,24,0,24,國票-敦北法人,2024-09-16,0037003700390063
2645,長榮航太,24,1,23,國票-敦北法人,2024-09-16,0037003700390063
2330,台積電,33,13,20,國票-敦北法人,2024-09-16,0037003700390063
2206,三陽工業,20,0,20,國票-敦北法人,2024-09-16,0037003700390063
6179,亞通,20,0,20,國票-敦北法人,2024-09-16,0037003700390063
00929,復華台灣科技優息,36,17,19,國票-敦北法人,2024-09-16,0037003700390063
00919,群益台灣精選高息,23,5,18,國票-敦北法人,2024-09-16,0037003700390063
2417,圓剛,30,12,18,國票-敦北法人,2024-09-16,0037003700390063
5230,雷笛克光學,21,4,17,國票-敦北法人,2024-09-16,0037003700390063
8096,擎亞,16,1,15,國票-敦北法人,2024-09-16,0037003700390063
00679B,元大美債20年,15,0,15,國票-敦北法人,2024-09-16,0037003700390063
5460,同協,32,17,15,國票-敦北法人,2024-09-16,0037003700390063
2891,中信金,18,6,12,國票-敦北法人,2024-09-16,0037003700390063
00850,元大臺灣ESG永續,12,0,12,國票-敦北法人,2024-09-16,0037003700390063
3376,新日興,11,0,11,國票-敦北法人,2024-09-16,0037003700390063
00878,國泰永續高股息,12,1,11,國票-敦北法人,2024-09-16,0037003700390063
2388,威盛,35,24,11,國票-敦北法人,2024-09-16,0037003700390063
00764B,群益25年美債,11,0,11,國票-敦北法人,2024-09-16,0037003700390063
1308,亞聚,10,0,10,國票-敦北法人,2024-09-16,0037003700390063
2303,聯電,7517,0,7517,國票-敦北法人,2024-09-18,0037003700390063
2888,新光金,2153,439,1714,國票-敦北法人,2024-09-18,0037003700390063
00715L,期街口布蘭特正2,1380,0,1380,國票-敦北法人,2024-09-18,0037003700390063
3045,台灣大,700,0,700,國票-敦北法人,2024-09-18,0037003700390063
3037,欣興,586,1,585,國票-敦北法人,2024-09-18,0037003700390063
2105,正新,500,0,500,國票-敦北法人,2024-09-18,0037003700390063
2399,映泰,557,67,490,國票-敦北法人,2024-09-18,0037003700390063
00937B,群益ESG投等債20,405,1,404,國票-敦北法人,2024-09-18,0037003700390063
1319,東陽,201,0,201,國票-敦北法人,2024-09-18,0037003700390063
9927,泰銘,178,0,178,國票-敦北法人,2024-09-18,0037003700390063
2488,漢平,170,0,170,國票-敦北法人,2024-09-18,0037003700390063
5438,東友,182,26,156,國票-敦北法人,2024-09-18,0037003700390063
8032,光菱,153,0,153,國票-敦北法人,2024-09-18,0037003700390063
9910,豐泰,182,32,150,國票-敦北法人,2024-09-18,0037003700390063
00929,復華台灣科技優息,139,0,139,國票-敦北法人,2024-09-18,0037003700390063
3218,大學光,137,1,136,國票-敦北法人,2024-09-18,0037003700390063
9958,世紀鋼,123,20,103,國票-敦北法人,2024-09-18,0037003700390063
3167,大量,109,13,96,國票-敦北法人,2024-09-18,0037003700390063
2454,聯發科,91,0,91,國票-敦北法人,2024-09-18,0037003700390063
2357,華碩,76,0,76,國票-敦北法人,2024-09-18,0037003700390063
6138,茂達,67,0,67,國票-敦北法人,2024-09-18,0037003700390063
4549,桓達,67,0,67,國票-敦北法人,2024-09-18,0037003700390063
2375,凱美,58,0,58,國票-敦北法人,2024-09-18,0037003700390063
3455,由田,53,3,50,國票-敦北法人,2024-09-18,0037003700390063
00946,群益科技高息成長,50,0,50,國票-敦北法人,2024-09-18,0037003700390063
00680L,元大美債20正2,50,0,50,國票-敦北法人,2024-09-18,0037003700390063
00919,群益台灣精選高息,49,3,46,國票-敦北法人,2024-09-18,0037003700390063
2412,中華電,40,0,40,國票-敦北法人,2024-09-18,0037003700390063
6869,雲豹能源,40,4,36,國票-敦北法人,2024-09-18,0037003700390063
00740B,富邦全球投等債,35,0,35,國票-敦北法人,2024-09-18,0037003700390063
1560,中砂,32,0,32,國票-敦北法人,2024-09-18,0037003700390063
2349,錸德,30,3,27,國票-敦北法人,2024-09-18,0037003700390063
9914,美利達,26,0,26,國票-敦北法人,2024-09-18,0037003700390063
2645,長榮航太,25,3,22,國票-敦北法人,2024-09-18,0037003700390063
2206,三陽工業,20,0,20,國票-敦北法人,2024-09-18,0037003700390063
2451,創見,20,0,20,國票-敦北法人,2024-09-18,0037003700390063
2449,京元電子,20,0,20,國票-敦北法人,2024-09-18,0037003700390063
6890,來億-KY,21,2,19,國票-敦北法人,2024-09-18,0037003700390063
2618,長榮航,40,23,17,國票-敦北法人,2024-09-18,0037003700390063
00881,國泰台灣5G+,16,0,16,國票-敦北法人,2024-09-18,0037003700390063
00706L,期元大S＆P日圓正2,16,0,16,國票-敦北法人,2024-09-18,0037003700390063
2241,艾姆勒,15,0,15,國票-敦北法人,2024-09-18,0037003700390063
6901,鑽石投資,15,0,15,國票-敦北法人,2024-09-18,0037003700390063
5392,能率,15,0,15,國票-敦北法人,2024-09-18,0037003700390063
3583,辛耘,41,27,14,國票-敦北法人,2024-09-18,0037003700390063
5351,鈺創,13,0,13,國票-敦北法人,2024-09-18,0037003700390063
5483,中美晶,13,0,13,國票-敦北法人,2024-09-18,0037003700390063
3234,光環,13,0,13,國票-敦北法人,2024-09-18,0037003700390063
00915,凱基優選高股息30,13,0,13,國票-敦北法人,2024-09-18,0037003700390063
00918,大華優利高填息30,13,0,13,國票-敦北法人,2024-09-18,0037003700390063
3580,友威科,705,195,510,國票-敦北法人,2024-09-19,0037003700390063
2399,映泰,975,562,413,國票-敦北法人,2024-09-19,0037003700390063
2880,華南金,320,0,320,國票-敦北法人,2024-09-19,0037003700390063
5880,合庫金,299,7,292,國票-敦北法人,2024-09-19,0037003700390063
00764B,群益25年美債,250,0,250,國票-敦北法人,2024-09-19,0037003700390063
2070,精湛,253,12,241,國票-敦北法人,2024-09-19,0037003700390063
6104,創惟,253,13,240,國票-敦北法人,2024-09-19,0037003700390063
4542,科嶠,184,4,180,國票-敦北法人,2024-09-19,0037003700390063
9927,泰銘,177,0,177,國票-敦北法人,2024-09-19,0037003700390063
3105,穩懋,179,12,167,國票-敦北法人,2024-09-19,0037003700390063
2488,漢平,165,0,165,國票-敦北法人,2024-09-19,0037003700390063
3167,大量,132,10,122,國票-敦北法人,2024-09-19,0037003700390063
3227,原相,326,214,112,國票-敦北法人,2024-09-19,0037003700390063
3711,日月光投控,109,0,109,國票-敦北法人,2024-09-19,0037003700390063
4401,東隆興,102,0,102,國票-敦北法人,2024-09-19,0037003700390063
1560,中砂,100,0,100,國票-敦北法人,2024-09-19,0037003700390063
3163,波若威,103,3,100,國票-敦北法人,2024-09-19,0037003700390063
2455,全新,102,4,98,國票-敦北法人,2024-09-19,0037003700390063
3049,精金,137,42,95,國票-敦北法人,2024-09-19,0037003700390063
3376,新日興,103,9,94,國票-敦北法人,2024-09-19,0037003700390063
6863,永道-KY,95,2,93,國票-敦北法人,2024-09-19,0037003700390063
4979,華星光,116,34,82,國票-敦北法人,2024-09-19,0037003700390063
2330,台積電,91,19,72,國票-敦北法人,2024-09-19,0037003700390063
2464,盟立,91,25,66,國票-敦北法人,2024-09-19,0037003700390063
6806,森崴能源,65,0,65,國票-敦北法人,2024-09-19,0037003700390063
2006,東和鋼鐵,60,0,60,國票-敦北法人,2024-09-19,0037003700390063
3491,昇達科,69,11,58,國票-敦北法人,2024-09-19,0037003700390063
00929,復華台灣科技優息,62,5,57,國票-敦北法人,2024-09-19,0037003700390063
2301,光寶科,50,0,50,國票-敦北法人,2024-09-19,0037003700390063
4716,大立,78,31,47,國票-敦北法人,2024-09-19,0037003700390063
5443,均豪,72,27,45,國票-敦北法人,2024-09-19,0037003700390063
2504,國產,40,0,40,國票-敦北法人,2024-09-19,0037003700390063
2317,鴻海,66,26,40,國票-敦北法人,2024-09-19,0037003700390063
2327,國巨,65,27,38,國票-敦北法人,2024-09-19,0037003700390063
00706L,期元大S＆P日圓正2,37,0,37,國票-敦北法人,2024-09-19,0037003700390063
00905,FT臺灣Smart,38,3,35,國票-敦北法人,2024-09-19,0037003700390063
8039,台虹,35,0,35,國票-敦北法人,2024-09-19,0037003700390063
00937B,群益ESG投等債20,32,0,32,國票-敦北法人,2024-09-19,0037003700390063
00919,群益台灣精選高息,32,1,31,國票-敦北法人,2024-09-19,0037003700390063
00931B,統一美債20年,31,0,31,國票-敦北法人,2024-09-19,0037003700390063
1477,聚陽,31,0,31,國票-敦北法人,2024-09-19,0037003700390063
9958,世紀鋼,46,16,30,國票-敦北法人,2024-09-19,0037003700390063
6901,鑽石投資,30,0,30,國票-敦北法人,2024-09-19,0037003700390063
8071,能率網通,31,1,30,國票-敦北法人,2024-09-19,0037003700390063
4303,信立,31,5,26,國票-敦北法人,2024-09-19,0037003700390063
2303,聯電,30,4,26,國票-敦北法人,2024-09-19,0037003700390063
00679B,元大美債20年,24,0,24,國票-敦北法人,2024-09-19,0037003700390063
2351,順德,30,8,22,國票-敦北法人,2024-09-19,0037003700390063
4583,台灣精銳,23,2,21,國票-敦北法人,2024-09-19,0037003700390063
2382,廣達,20,0,20,國票-敦北法人,2024-09-19,0037003700390063
2303,聯電,3145,4,3141,國票-敦北法人,2024-09-20,0037003700390063
2881,富邦金,1742,4,1738,國票-敦北法人,2024-09-20,0037003700390063
2882,國泰金,750,0,750,國票-敦北法人,2024-09-20,0037003700390063
2351,順德,750,49,701,國票-敦北法人,2024-09-20,0037003700390063
2382,廣達,620,1,619,國票-敦北法人,2024-09-20,0037003700390063
2317,鴻海,757,185,572,國票-敦北法人,2024-09-20,0037003700390063
2357,華碩,482,11,471,國票-敦北法人,2024-09-20,0037003700390063
00937B,群益ESG投等債20,356,0,356,國票-敦北法人,2024-09-20,0037003700390063
1727,中華化,325,8,317,國票-敦北法人,2024-09-20,0037003700390063
2376,技嘉,265,0,265,國票-敦北法人,2024-09-20,0037003700390063
2420,新巨,263,0,263,國票-敦北法人,2024-09-20,0037003700390063
4772,台特化,252,4,248,國票-敦北法人,2024-09-20,0037003700390063
9938,百和,262,16,246,國票-敦北法人,2024-09-20,0037003700390063
4979,華星光,330,100,230,國票-敦北法人,2024-09-20,0037003700390063
3665,貿聯-KY,208,3,205,國票-敦北法人,2024-09-20,0037003700390063
2530,華建,205,0,205,國票-敦北法人,2024-09-20,0037003700390063
2385,群光,196,0,196,國票-敦北法人,2024-09-20,0037003700390063
9927,泰銘,180,0,180,國票-敦北法人,2024-09-20,0037003700390063
9958,世紀鋼,185,46,139,國票-敦北法人,2024-09-20,0037003700390063
5258,虹堡,101,0,101,國票-敦北法人,2024-09-20,0037003700390063
3580,友威科,503,402,101,國票-敦北法人,2024-09-20,0037003700390063
2883,凱基金,102,5,97,國票-敦北法人,2024-09-20,0037003700390063
6138,茂達,97,4,93,國票-敦北法人,2024-09-20,0037003700390063
3363,上詮,90,1,89,國票-敦北法人,2024-09-20,0037003700390063
00940,元大台灣價值高息,87,2,85,國票-敦北法人,2024-09-20,0037003700390063
1319,東陽,102,23,79,國票-敦北法人,2024-09-20,0037003700390063
5522,遠雄,66,0,66,國票-敦北法人,2024-09-20,0037003700390063
3376,新日興,79,14,65,國票-敦北法人,2024-09-20,0037003700390063
6121,新普,61,1,60,國票-敦北法人,2024-09-20,0037003700390063
2439,美律,60,0,60,國票-敦北法人,2024-09-20,0037003700390063
5243,乙盛-KY,55,0,55,國票-敦北法人,2024-09-20,0037003700390063
2834,臺企銀,55,0,55,國票-敦北法人,2024-09-20,0037003700390063
4401,東隆興,53,0,53,國票-敦北法人,2024-09-20,0037003700390063
4707,磐亞,57,5,52,國票-敦北法人,2024-09-20,0037003700390063
00637L,元大滬深300正2,59,8,51,國票-敦北法人,2024-09-20,0037003700390063
2006,東和鋼鐵,50,0,50,國票-敦北法人,2024-09-20,0037003700390063
5206,坤悅,47,0,47,國票-敦北法人,2024-09-20,0037003700390063
2610,華航,44,3,41,國票-敦北法人,2024-09-20,0037003700390063
2618,長榮航,55,15,40,國票-敦北法人,2024-09-20,0037003700390063
3455,由田,51,13,38,國票-敦北法人,2024-09-20,0037003700390063
2301,光寶科,47,17,30,國票-敦北法人,2024-09-20,0037003700390063
8147,正淩,29,0,29,國票-敦北法人,2024-09-20,0037003700390063
6177,達麗,29,0,29,國票-敦北法人,2024-09-20,0037003700390063
4416,三圓,27,0,27,國票-敦北法人,2024-09-20,0037003700390063
5483,中美晶,27,0,27,國票-敦北法人,2024-09-20,0037003700390063
6805,富世達,26,0,26,國票-敦北法人,2024-09-20,0037003700390063
2504,國產,25,0,25,國票-敦北法人,2024-09-20,0037003700390063
3149,正達,40,17,23,國票-敦北法人,2024-09-20,0037003700390063
3511,矽瑪,28,5,23,國票-敦北法人,2024-09-20,0037003700390063
4919,新唐,23,1,22,國票-敦北法人,2024-09-20,0037003700390063
2881,富邦金,1232,1,1231,國票-敦北法人,2024-09-23,0037003700390063
3013,晟銘電,943,23,920,國票-敦北法人,2024-09-23,0037003700390063
2530,華建,570,12,558,國票-敦北法人,2024-09-23,0037003700390063
2891,中信金,551,22,529,國票-敦北法人,2024-09-23,0037003700390063
2313,華通,510,2,508,國票-敦北法人,2024-09-23,0037003700390063
2609,陽明,350,13,337,國票-敦北法人,2024-09-23,0037003700390063
3715,定穎投控,374,63,311,國票-敦北法人,2024-09-23,0037003700390063
4903,聯光通,316,5,311,國票-敦北法人,2024-09-23,0037003700390063
2885,元大金,290,3,287,國票-敦北法人,2024-09-23,0037003700390063
3227,原相,251,2,249,國票-敦北法人,2024-09-23,0037003700390063
6806,森崴能源,247,5,242,國票-敦北法人,2024-09-23,0037003700390063
9914,美利達,235,1,234,國票-敦北法人,2024-09-23,0037003700390063
6279,胡連,230,19,211,國票-敦北法人,2024-09-23,0037003700390063
3045,台灣大,207,12,195,國票-敦北法人,2024-09-23,0037003700390063
2449,京元電子,201,8,193,國票-敦北法人,2024-09-23,0037003700390063
9927,泰銘,184,0,184,國票-敦北法人,2024-09-23,0037003700390063
6405,悅城,187,8,179,國票-敦北法人,2024-09-23,0037003700390063
6415,矽力*-KY,138,8,130,國票-敦北法人,2024-09-23,0037003700390063
6239,力成,114,1,113,國票-敦北法人,2024-09-23,0037003700390063
3605,宏致,101,0,101,國票-敦北法人,2024-09-23,0037003700390063
3042,晶技,100,0,100,國票-敦北法人,2024-09-23,0037003700390063
6147,頎邦,100,0,100,國票-敦北法人,2024-09-23,0037003700390063
2347,聯強,80,0,80,國票-敦北法人,2024-09-23,0037003700390063
6138,茂達,81,1,80,國票-敦北法人,2024-09-23,0037003700390063
8255,朋程,79,0,79,國票-敦北法人,2024-09-23,0037003700390063
6224,聚鼎,64,0,64,國票-敦北法人,2024-09-23,0037003700390063
3702,大聯大,59,0,59,國票-敦北法人,2024-09-23,0037003700390063
2454,聯發科,57,1,56,國票-敦北法人,2024-09-23,0037003700390063
4772,台特化,55,0,55,國票-敦北法人,2024-09-23,0037003700390063
3665,貿聯-KY,56,4,52,國票-敦北法人,2024-09-23,0037003700390063
6782,視陽,50,0,50,國票-敦北法人,2024-09-23,0037003700390063
2834,臺企銀,130,84,46,國票-敦北法人,2024-09-23,0037003700390063
2455,全新,42,0,42,國票-敦北法人,2024-09-23,0037003700390063
3360,尚立,40,0,40,國票-敦北法人,2024-09-23,0037003700390063
6104,創惟,46,7,39,國票-敦北法人,2024-09-23,0037003700390063
3680,家登,48,11,37,國票-敦北法人,2024-09-23,0037003700390063
1808,潤隆,76,41,35,國票-敦北法人,2024-09-23,0037003700390063
2308,台達電,85,50,35,國票-敦北法人,2024-09-23,0037003700390063
2379,瑞昱,34,0,34,國票-敦北法人,2024-09-23,0037003700390063
1711,永光,68,34,34,國票-敦北法人,2024-09-23,0037003700390063
2645,長榮航太,33,0,33,國票-敦北法人,2024-09-23,0037003700390063
00931B,統一美債20年,31,0,31,國票-敦北法人,2024-09-23,0037003700390063
9945,潤泰新,31,0,31,國票-敦北法人,2024-09-23,0037003700390063
2458,義隆,31,1,30,國票-敦北法人,2024-09-23,0037003700390063
6121,新普,30,0,30,國票-敦北法人,2024-09-23,0037003700390063
1519,華城,30,2,28,國票-敦北法人,2024-09-23,0037003700390063
4729,熒茂,26,0,26,國票-敦北法人,2024-09-23,0037003700390063
2317,鴻海,36,10,26,國票-敦北法人,2024-09-23,0037003700390063
3188,鑫龍騰,32,7,25,國票-敦北法人,2024-09-23,0037003700390063
00706L,期元大S＆P日圓正2,23,0,23,國票-敦北法人,2024-09-23,0037003700390063
00673R,期元大S＆P原油反1,1840,0,1840,國票-敦北法人,2024-09-24,0037003700390063
3550,聯穎,1535,7,1528,國票-敦北法人,2024-09-24,0037003700390063
2609,陽明,1251,63,1188,國票-敦北法人,2024-09-24,0037003700390063
2603,長榮,724,41,683,國票-敦北法人,2024-09-24,0037003700390063
00878,國泰永續高股息,504,0,504,國票-敦北法人,2024-09-24,0037003700390063
4909,新復興,488,3,485,國票-敦北法人,2024-09-24,0037003700390063
00937B,群益ESG投等債20,307,20,287,國票-敦北法人,2024-09-24,0037003700390063
2637,慧洋-KY,258,2,256,國票-敦北法人,2024-09-24,0037003700390063
2357,華碩,221,0,221,國票-敦北法人,2024-09-24,0037003700390063
9938,百和,200,0,200,國票-敦北法人,2024-09-24,0037003700390063
9927,泰銘,189,0,189,國票-敦北法人,2024-09-24,0037003700390063
2530,華建,117,0,117,國票-敦北法人,2024-09-24,0037003700390063
3580,友威科,107,0,107,國票-敦北法人,2024-09-24,0037003700390063
2615,萬海,129,28,101,國票-敦北法人,2024-09-24,0037003700390063
2455,全新,115,14,101,國票-敦北法人,2024-09-24,0037003700390063
6451,訊芯-KY,103,3,100,國票-敦北法人,2024-09-24,0037003700390063
3710,連展投控,105,6,99,國票-敦北法人,2024-09-24,0037003700390063
4542,科嶠,120,22,98,國票-敦北法人,2024-09-24,0037003700390063
4968,立積,70,0,70,國票-敦北法人,2024-09-24,0037003700390063
2368,金像電,69,0,69,國票-敦北法人,2024-09-24,0037003700390063
3017,奇鋐,73,6,67,國票-敦北法人,2024-09-24,0037003700390063
3081,聯亞,101,36,65,國票-敦北法人,2024-09-24,0037003700390063
2317,鴻海,128,74,54,國票-敦北法人,2024-09-24,0037003700390063
4772,台特化,51,1,50,國票-敦北法人,2024-09-24,0037003700390063
1799,易威,50,0,50,國票-敦北法人,2024-09-24,0037003700390063
3167,大量,77,32,45,國票-敦北法人,2024-09-24,0037003700390063
00687B,國泰20年美債,38,0,38,國票-敦北法人,2024-09-24,0037003700390063
1808,潤隆,40,3,37,國票-敦北法人,2024-09-24,0037003700390063
6257,矽格,44,7,37,國票-敦北法人,2024-09-24,0037003700390063
3665,貿聯-KY,38,2,36,國票-敦北法人,2024-09-24,0037003700390063
6901,鑽石投資,34,0,34,國票-敦北法人,2024-09-24,0037003700390063
9958,世紀鋼,66,32,34,國票-敦北法人,2024-09-24,0037003700390063
00931B,統一美債20年,30,0,30,國票-敦北法人,2024-09-24,0037003700390063
2415,錩新,30,0,30,國票-敦北法人,2024-09-24,0037003700390063
1503,士電,31,1,30,國票-敦北法人,2024-09-24,0037003700390063
3529,力旺,21,0,21,國票-敦北法人,2024-09-24,0037003700390063
00665L,富邦�琤肭磪囓�2,20,0,20,國票-敦北法人,2024-09-24,0037003700390063
2641,正德,22,2,20,國票-敦北法人,2024-09-24,0037003700390063
4707,磐亞,30,12,18,國票-敦北法人,2024-09-24,0037003700390063
6669,緯穎,18,0,18,國票-敦北法人,2024-09-24,0037003700390063
2891,中信金,22,5,17,國票-敦北法人,2024-09-24,0037003700390063
3066,李洲,28,14,14,國票-敦北法人,2024-09-24,0037003700390063
3596,智易,15,1,14,國票-敦北法人,2024-09-24,0037003700390063
2645,長榮航太,13,0,13,國票-敦北法人,2024-09-24,0037003700390063
2497,怡利電,56,44,12,國票-敦北法人,2024-09-24,0037003700390063
5438,東友,12,0,12,國票-敦北法人,2024-09-24,0037003700390063
3511,矽瑪,15,3,12,國票-敦北法人,2024-09-24,0037003700390063
2351,順德,29,17,12,國票-敦北法人,2024-09-24,0037003700390063
3141,晶宏,20,8,12,國票-敦北法人,2024-09-24,0037003700390063
00960,野村全球航運龍頭,11,0,11,國票-敦北法人,2024-09-24,0037003700390063
2303,聯電,3560,2,3558,國票-敦北法人,2024-09-25,0037003700390063
3013,晟銘電,1623,71,1552,國票-敦北法人,2024-09-25,0037003700390063
2881,富邦金,1257,1,1256,國票-敦北法人,2024-09-25,0037003700390063
00715L,期街口布蘭特正2,860,2,858,國票-敦北法人,2024-09-25,0037003700390063
00696B,富邦美債20年,750,0,750,國票-敦北法人,2024-09-25,0037003700390063
1540,喬福,702,6,696,國票-敦北法人,2024-09-25,0037003700390063
2609,陽明,722,134,588,國票-敦北法人,2024-09-25,0037003700390063
3605,宏致,549,7,542,國票-敦北法人,2024-09-25,0037003700390063
6438,迅得,453,22,431,國票-敦北法人,2024-09-25,0037003700390063
00764B,群益25年美債,350,0,350,國票-敦北法人,2024-09-25,0037003700390063
2530,華建,245,0,245,國票-敦北法人,2024-09-25,0037003700390063
4968,立積,328,89,239,國票-敦北法人,2024-09-25,0037003700390063
2543,皇昌,258,21,237,國票-敦北法人,2024-09-25,0037003700390063
2603,長榮,245,19,226,國票-敦北法人,2024-09-25,0037003700390063
5236,凌陽創新,203,6,197,國票-敦北法人,2024-09-25,0037003700390063
00632R,元大台灣50反1,203,10,193,國票-敦北法人,2024-09-25,0037003700390063
4909,新復興,684,504,180,國票-敦北法人,2024-09-25,0037003700390063
9927,泰銘,132,0,132,國票-敦北法人,2024-09-25,0037003700390063
3324,雙鴻,126,1,125,國票-敦北法人,2024-09-25,0037003700390063
2882,國泰金,135,29,106,國票-敦北法人,2024-09-25,0037003700390063
3017,奇鋐,110,8,102,國票-敦北法人,2024-09-25,0037003700390063
3580,友威科,105,10,95,國票-敦北法人,2024-09-25,0037003700390063
1319,東陽,101,8,93,國票-敦北法人,2024-09-25,0037003700390063
3376,新日興,99,14,85,國票-敦北法人,2024-09-25,0037003700390063
00637L,元大滬深300正2,114,29,85,國票-敦北法人,2024-09-25,0037003700390063
8438,昶昕,70,1,69,國票-敦北法人,2024-09-25,0037003700390063
3293,鈊象,62,1,61,國票-敦北法人,2024-09-25,0037003700390063
2379,瑞昱,54,0,54,國票-敦北法人,2024-09-25,0037003700390063
4542,科嶠,96,42,54,國票-敦北法人,2024-09-25,0037003700390063
2439,美律,57,4,53,國票-敦北法人,2024-09-25,0037003700390063
6223,旺矽,53,2,51,國票-敦北法人,2024-09-25,0037003700390063
2371,大同,100,50,50,國票-敦北法人,2024-09-25,0037003700390063
4549,桓達,50,0,50,國票-敦北法人,2024-09-25,0037003700390063
3227,原相,63,15,48,國票-敦北法人,2024-09-25,0037003700390063
6121,新普,48,0,48,國票-敦北法人,2024-09-25,0037003700390063
2454,聯發科,48,0,48,國票-敦北法人,2024-09-25,0037003700390063
3491,昇達科,46,0,46,國票-敦北法人,2024-09-25,0037003700390063
2388,威盛,45,1,44,國票-敦北法人,2024-09-25,0037003700390063
2357,華碩,43,0,43,國票-敦北法人,2024-09-25,0037003700390063
1808,潤隆,45,3,42,國票-敦北法人,2024-09-25,0037003700390063
8103,瀚荃,40,0,40,國票-敦北法人,2024-09-25,0037003700390063
2891,中信金,40,0,40,國票-敦北法人,2024-09-25,0037003700390063
6257,矽格,646,606,40,國票-敦北法人,2024-09-25,0037003700390063
6224,聚鼎,39,0,39,國票-敦北法人,2024-09-25,0037003700390063
00882,中信中國高股息,40,3,37,國票-敦北法人,2024-09-25,0037003700390063
2449,京元電子,48,12,36,國票-敦北法人,2024-09-25,0037003700390063
6411,晶焱,38,2,36,國票-敦北法人,2024-09-25,0037003700390063
6669,緯穎,30,1,29,國票-敦北法人,2024-09-25,0037003700390063
2362,藍天,24,1,23,國票-敦北法人,2024-09-25,0037003700390063
1711,永光,27,5,22,國票-敦北法人,2024-09-25,0037003700390063
00673R,期元大S＆P原油反1,1100,0,1100,國票-敦北法人,2024-09-26,0037003700390063
2486,一詮,802,6,796,國票-敦北法人,2024-09-26,0037003700390063
2014,中鴻,559,0,559,國票-敦北法人,2024-09-26,0037003700390063
1785,光洋科,513,7,506,國票-敦北法人,2024-09-26,0037003700390063
2308,台達電,502,10,492,國票-敦北法人,2024-09-26,0037003700390063
2603,長榮,366,9,357,國票-敦北法人,2024-09-26,0037003700390063
3665,貿聯-KY,352,1,351,國票-敦北法人,2024-09-26,0037003700390063
2363,矽統,348,7,341,國票-敦北法人,2024-09-26,0037003700390063
3580,友威科,416,118,298,國票-敦北法人,2024-09-26,0037003700390063
3017,奇鋐,328,34,294,國票-敦北法人,2024-09-26,0037003700390063
2362,藍天,305,24,281,國票-敦北法人,2024-09-26,0037003700390063
8028,昇陽半導體,290,55,235,國票-敦北法人,2024-09-26,0037003700390063
2618,長榮航,201,2,199,國票-敦北法人,2024-09-26,0037003700390063
3324,雙鴻,159,4,155,國票-敦北法人,2024-09-26,0037003700390063
2912,統一超,150,0,150,國票-敦北法人,2024-09-26,0037003700390063
2371,大同,153,18,135,國票-敦北法人,2024-09-26,0037003700390063
6138,茂達,177,44,133,國票-敦北法人,2024-09-26,0037003700390063
2388,威盛,154,25,129,國票-敦北法人,2024-09-26,0037003700390063
2382,廣達,131,4,127,國票-敦北法人,2024-09-26,0037003700390063
00948B,中信優息投資級債,127,6,121,國票-敦北法人,2024-09-26,0037003700390063
00937B,群益ESG投等債20,117,0,117,國票-敦北法人,2024-09-26,0037003700390063
2882,國泰金,135,23,112,國票-敦北法人,2024-09-26,0037003700390063
2201,裕隆,100,1,99,國票-敦北法人,2024-09-26,0037003700390063
2385,群光,90,0,90,國票-敦北法人,2024-09-26,0037003700390063
5269,祥碩,77,2,75,國票-敦北法人,2024-09-26,0037003700390063
4716,大立,154,79,75,國票-敦北法人,2024-09-26,0037003700390063
2330,台積電,110,43,67,國票-敦北法人,2024-09-26,0037003700390063
2454,聯發科,57,1,56,國票-敦北法人,2024-09-26,0037003700390063
3227,原相,52,2,50,國票-敦北法人,2024-09-26,0037003700390063
8070,長華*,49,1,48,國票-敦北法人,2024-09-26,0037003700390063
2327,國巨,43,2,41,國票-敦北法人,2024-09-26,0037003700390063
1817,凱撒衛,41,0,41,國票-敦北法人,2024-09-26,0037003700390063
2317,鴻海,50,9,41,國票-敦北法人,2024-09-26,0037003700390063
5452,佶優,42,8,34,國票-敦北法人,2024-09-26,0037003700390063
8438,昶昕,32,0,32,國票-敦北法人,2024-09-26,0037003700390063
3019,亞光,69,38,31,國票-敦北法人,2024-09-26,0037003700390063
4527,方土霖,27,0,27,國票-敦北法人,2024-09-26,0037003700390063
2357,華碩,25,0,25,國票-敦北法人,2024-09-26,0037003700390063
3450,聯鈞,40,15,25,國票-敦北法人,2024-09-26,0037003700390063
5258,虹堡,24,0,24,國票-敦北法人,2024-09-26,0037003700390063
00687B,國泰20年美債,33,10,23,國票-敦北法人,2024-09-26,0037003700390063
3526,凡甲,22,0,22,國票-敦北法人,2024-09-26,0037003700390063
2891,中信金,22,1,21,國票-敦北法人,2024-09-26,0037003700390063
3033,威健,21,0,21,國票-敦北法人,2024-09-26,0037003700390063
2356,英業達,20,2,18,國票-敦北法人,2024-09-26,0037003700390063
6101,寬魚國際,32,14,18,國票-敦北法人,2024-09-26,0037003700390063
1319,東陽,21,4,17,國票-敦北法人,2024-09-26,0037003700390063
4919,新唐,19,3,16,國票-敦北法人,2024-09-26,0037003700390063
2615,萬海,98,83,15,國票-敦北法人,2024-09-26,0037003700390063
3131,弘塑,15,0,15,國票-敦北法人,2024-09-26,0037003700390063
00673R,期元大S＆P原油反1,2290,0,2290,國票-敦北法人,2024-09-27,0037003700390063
00753L,中信中國50正2,2113,152,1961,國票-敦北法人,2024-09-27,0037003700390063
1605,華新,1880,18,1862,國票-敦北法人,2024-09-27,0037003700390063
2888,新光金,631,20,611,國票-敦北法人,2024-09-27,0037003700390063
2449,京元電子,519,8,511,國票-敦北法人,2024-09-27,0037003700390063
00960,野村全球航運龍頭,342,20,322,國票-敦北法人,2024-09-27,0037003700390063
2382,廣達,286,7,279,國票-敦北法人,2024-09-27,0037003700390063
6415,矽力*-KY,251,1,250,國票-敦北法人,2024-09-27,0037003700390063
2317,鴻海,269,34,235,國票-敦北法人,2024-09-27,0037003700390063
3231,緯創,185,1,184,國票-敦北法人,2024-09-27,0037003700390063
6546,正基,271,101,170,國票-敦北法人,2024-09-27,0037003700390063
8028,昇陽半導體,483,339,144,國票-敦北法人,2024-09-27,0037003700390063
9945,潤泰新,150,18,132,國票-敦北法人,2024-09-27,0037003700390063
3665,貿聯-KY,116,1,115,國票-敦北法人,2024-09-27,0037003700390063
1313,聯成,105,3,102,國票-敦北法人,2024-09-27,0037003700390063
4979,華星光,115,20,95,國票-敦北法人,2024-09-27,0037003700390063
5434,崇越,90,0,90,國票-敦北法人,2024-09-27,0037003700390063
3042,晶技,90,0,90,國票-敦北法人,2024-09-27,0037003700390063
6937,天虹,70,1,69,國票-敦北法人,2024-09-27,0037003700390063
5871,中租-KY,107,39,68,國票-敦北法人,2024-09-27,0037003700390063
1717,長興,67,4,63,國票-敦北法人,2024-09-27,0037003700390063
2605,新興,59,1,58,國票-敦北法人,2024-09-27,0037003700390063
00633L,富邦上証正2,55,0,55,國票-敦北法人,2024-09-27,0037003700390063
2383,台光電,52,0,52,國票-敦北法人,2024-09-27,0037003700390063
3689,湧德,55,4,51,國票-敦北法人,2024-09-27,0037003700390063
3062,建漢,52,2,50,國票-敦北法人,2024-09-27,0037003700390063
6179,亞通,50,0,50,國票-敦北法人,2024-09-27,0037003700390063
2530,華建,49,0,49,國票-敦北法人,2024-09-27,0037003700390063
2891,中信金,51,5,46,國票-敦北法人,2024-09-27,0037003700390063
9958,世紀鋼,52,8,44,國票-敦北法人,2024-09-27,0037003700390063
1309,台達化,53,9,44,國票-敦北法人,2024-09-27,0037003700390063
2308,台達電,45,4,41,國票-敦北法人,2024-09-27,0037003700390063
00752,中信中國50,40,0,40,國票-敦北法人,2024-09-27,0037003700390063
00636,國泰中國A50,50,10,40,國票-敦北法人,2024-09-27,0037003700390063
00943,兆豐電子高息等權,34,0,34,國票-敦北法人,2024-09-27,0037003700390063
2886,兆豐金,34,0,34,國票-敦北法人,2024-09-27,0037003700390063
2347,聯強,31,0,31,國票-敦北法人,2024-09-27,0037003700390063
4729,熒茂,44,14,30,國票-敦北法人,2024-09-27,0037003700390063
2344,華邦電,30,1,29,國票-敦北法人,2024-09-27,0037003700390063
2439,美律,28,0,28,國票-敦北法人,2024-09-27,0037003700390063
2022,聚亨,27,0,27,國票-敦北法人,2024-09-27,0037003700390063
4977,眾達-KY,31,6,25,國票-敦北法人,2024-09-27,0037003700390063
6223,旺矽,35,11,24,國票-敦北法人,2024-09-27,0037003700390063
1802,台玻,29,7,22,國票-敦北法人,2024-09-27,0037003700390063
4416,三圓,22,1,21,國票-敦北法人,2024-09-27,0037003700390063
00706L,期元大S＆P日圓正2,21,0,21,國票-敦北法人,2024-09-27,0037003700390063
4583,台灣精銳,21,1,20,國票-敦北法人,2024-09-27,0037003700390063
2388,威盛,31,11,20,國票-敦北法人,2024-09-27,0037003700390063
00665L,富邦�琤肭磪囓�2,20,0,20,國票-敦北法人,2024-09-27,0037003700390063
3450,聯鈞,30,10,20,國票-敦北法人,2024-09-27,0037003700390063
00753L,中信中國50正2,3023,3,3020,國票-敦北法人,2024-09-30,0037003700390063
00715L,期街口布蘭特正2,770,0,770,國票-敦北法人,2024-09-30,0037003700390063
00937B,群益ESG投等債20,540,0,540,國票-敦北法人,2024-09-30,0037003700390063
2105,正新,405,0,405,國票-敦北法人,2024-09-30,0037003700390063
2449,京元電子,281,1,280,國票-敦北法人,2024-09-30,0037003700390063
3430,奇鈦科,249,7,242,國票-敦北法人,2024-09-30,0037003700390063
00878,國泰永續高股息,205,1,204,國票-敦北法人,2024-09-30,0037003700390063
2014,中鴻,478,300,178,國票-敦北法人,2024-09-30,0037003700390063
2609,陽明,284,163,121,國票-敦北法人,2024-09-30,0037003700390063
5871,中租-KY,119,12,107,國票-敦北法人,2024-09-30,0037003700390063
2723,美食-KY,100,0,100,國票-敦北法人,2024-09-30,0037003700390063
6491,晶碩,101,1,100,國票-敦北法人,2024-09-30,0037003700390063
9938,百和,186,94,92,國票-敦北法人,2024-09-30,0037003700390063
2353,宏��,71,0,71,國票-敦北法人,2024-09-30,0037003700390063
5014,建錩,66,0,66,國票-敦北法人,2024-09-30,0037003700390063
00919,群益台灣精選高息,68,8,60,國票-敦北法人,2024-09-30,0037003700390063
3005,神基,50,0,50,國票-敦北法人,2024-09-30,0037003700390063
00639,富邦深100,50,0,50,國票-敦北法人,2024-09-30,0037003700390063
4771,望隼,43,0,43,國票-敦北法人,2024-09-30,0037003700390063
6706,惠特,34,0,34,國票-敦北法人,2024-09-30,0037003700390063
1102,亞泥,50,17,33,國票-敦北法人,2024-09-30,0037003700390063
3324,雙鴻,50,18,32,國票-敦北法人,2024-09-30,0037003700390063
00929,復華台灣科技優息,37,5,32,國票-敦北法人,2024-09-30,0037003700390063
1605,華新,33,4,29,國票-敦北法人,2024-09-30,0037003700390063
2834,臺企銀,80,53,27,國票-敦北法人,2024-09-30,0037003700390063
00679B,元大美債20年,25,0,25,國票-敦北法人,2024-09-30,0037003700390063
3450,聯鈞,33,8,25,國票-敦北法人,2024-09-30,0037003700390063
2891,中信金,31,7,24,國票-敦北法人,2024-09-30,0037003700390063
3017,奇鋐,32,11,21,國票-敦北法人,2024-09-30,0037003700390063
2530,華建,20,0,20,國票-敦北法人,2024-09-30,0037003700390063
2362,藍天,23,5,18,國票-敦北法人,2024-09-30,0037003700390063
9945,潤泰新,22,5,17,國票-敦北法人,2024-09-30,0037003700390063
2375,凱美,16,0,16,國票-敦北法人,2024-09-30,0037003700390063
3234,光環,15,0,15,國票-敦北法人,2024-09-30,0037003700390063
1909,榮成,13,0,13,國票-敦北法人,2024-09-30,0037003700390063
2630,亞航,13,0,13,國票-敦北法人,2024-09-30,0037003700390063
3501,維熹,12,0,12,國票-敦北法人,2024-09-30,0037003700390063
6757,台灣虎航,16,4,12,國票-敦北法人,2024-09-30,0037003700390063
2383,台光電,11,0,11,國票-敦北法人,2024-09-30,0037003700390063
8438,昶昕,11,0,11,國票-敦北法人,2024-09-30,0037003700390063
00664R,國泰臺灣加權反1,10,0,10,國票-敦北法人,2024-09-30,0037003700390063
00947,台新臺灣IC設計,10,0,10,國票-敦北法人,2024-09-30,0037003700390063
6570,維田,10,0,10,國票-敦北法人,2024-09-30,0037003700390063
6109,亞元,12,2,10,國票-敦北法人,2024-09-30,0037003700390063
9914,美利達,10,0,10,國票-敦北法人,2024-09-30,0037003700390063
2923,鼎固-KY,10,0,10,國票-敦北法人,2024-09-30,0037003700390063
2303,聯電,11,1,10,國票-敦北法人,2024-09-30,0037003700390063
1711,永光,13,4,9,國票-敦北法人,2024-09-30,0037003700390063
4532,瑞智,9,0,9,國票-敦北法人,2024-09-30,0037003700390063
6548,長科*,10,1,9,國票-敦北法人,2024-09-30,0037003700390063
00753L,中信中國50正2,2001,3,1998,國票-敦北法人,2024-10-01,0037003700390063
8111,立��,737,18,719,國票-敦北法人,2024-10-01,0037003700390063
00673R,期元大S＆P原油反1,600,0,600,國票-敦北法人,2024-10-01,0037003700390063
1301,台塑,521,0,521,國票-敦北法人,2024-10-01,0037003700390063
3708,上緯投控,505,15,490,國票-敦北法人,2024-10-01,0037003700390063
5009,榮剛,220,0,220,國票-敦北法人,2024-10-01,0037003700390063
00937B,群益ESG投等債20,200,17,183,國票-敦北法人,2024-10-01,0037003700390063
2449,京元電子,148,1,147,國票-敦北法人,2024-10-01,0037003700390063
0056,元大高股息,116,1,115,國票-敦北法人,2024-10-01,0037003700390063
3450,聯鈞,124,10,114,國票-敦北法人,2024-10-01,0037003700390063
2014,中鴻,103,2,101,國票-敦北法人,2024-10-01,0037003700390063
1569,濱川,115,20,95,國票-敦北法人,2024-10-01,0037003700390063
2530,華建,71,0,71,國票-敦北法人,2024-10-01,0037003700390063
3376,新日興,72,7,65,國票-敦北法人,2024-10-01,0037003700390063
2330,台積電,66,4,62,國票-敦北法人,2024-10-01,0037003700390063
6223,旺矽,63,2,61,國票-敦北法人,2024-10-01,0037003700390063
2406,國碩,54,0,54,國票-敦北法人,2024-10-01,0037003700390063
3024,憶聲,52,0,52,國票-敦北法人,2024-10-01,0037003700390063
2885,元大金,50,0,50,國票-敦北法人,2024-10-01,0037003700390063
4979,華星光,62,16,46,國票-敦北法人,2024-10-01,0037003700390063
2498,宏達電,207,163,44,國票-敦北法人,2024-10-01,0037003700390063
2888,新光金,45,1,44,國票-敦北法人,2024-10-01,0037003700390063
3163,波若威,68,25,43,國票-敦北法人,2024-10-01,0037003700390063
00715L,期街口布蘭特正2,40,0,40,國票-敦北法人,2024-10-01,0037003700390063
1477,聚陽,44,6,38,國票-敦北法人,2024-10-01,0037003700390063
3189,景碩,33,3,30,國票-敦北法人,2024-10-01,0037003700390063
00931B,統一美債20年,30,0,30,國票-敦北法人,2024-10-01,0037003700390063
2375,凱美,30,0,30,國票-敦北法人,2024-10-01,0037003700390063
6706,惠特,30,1,29,國票-敦北法人,2024-10-01,0037003700390063
00933B,國泰10Y+金融債,29,0,29,國票-敦北法人,2024-10-01,0037003700390063
00929,復華台灣科技優息,30,3,27,國票-敦北法人,2024-10-01,0037003700390063
8046,南電,25,0,25,國票-敦北法人,2024-10-01,0037003700390063
3689,湧德,24,1,23,國票-敦北法人,2024-10-01,0037003700390063
6179,亞通,23,0,23,國票-敦北法人,2024-10-01,0037003700390063
00922,國泰台灣領袖50,22,0,22,國票-敦北法人,2024-10-01,0037003700390063
00636,國泰中國A50,21,0,21,國票-敦北法人,2024-10-01,0037003700390063
6104,創惟,31,10,21,國票-敦北法人,2024-10-01,0037003700390063
2317,鴻海,23,2,21,國票-敦北法人,2024-10-01,0037003700390063
00700,富邦�琤肭磪�,20,0,20,國票-敦北法人,2024-10-01,0037003700390063
00632R,元大台灣50反1,20,0,20,國票-敦北法人,2024-10-01,0037003700390063
6901,鑽石投資,20,0,20,國票-敦北法人,2024-10-01,0037003700390063
3324,雙鴻,20,0,20,國票-敦北法人,2024-10-01,0037003700390063
00665L,富邦�琤肭磪囓�2,20,0,20,國票-敦北法人,2024-10-01,0037003700390063
4729,熒茂,17,0,17,國票-敦北法人,2024-10-01,0037003700390063
3227,原相,37,21,16,國票-敦北法人,2024-10-01,0037003700390063
00706L,期元大S＆P日圓正2,15,0,15,國票-敦北法人,2024-10-01,0037003700390063
2230,泰茂,15,0,15,國票-敦北法人,2024-10-01,0037003700390063
9136,巨騰-DR,14,0,14,國票-敦北法人,2024-10-01,0037003700390063
00725B,國泰投資級公司債,21,7,14,國票-敦北法人,2024-10-01,0037003700390063
3025,星通,26,13,13,國票-敦北法人,2024-10-01,0037003700390063
2399,映泰,2101,655,1446,國票-敦北法人,2024-10-04,0037003700390063
2881,富邦金,601,11,590,國票-敦北法人,2024-10-04,0037003700390063
3025,星通,644,59,585,國票-敦北法人,2024-10-04,0037003700390063
2379,瑞昱,570,0,570,國票-敦北法人,2024-10-04,0037003700390063
4903,聯光通,565,70,495,國票-敦北法人,2024-10-04,0037003700390063
2317,鴻海,507,104,403,國票-敦北法人,2024-10-04,0037003700390063
3711,日月光投控,364,2,362,國票-敦北法人,2024-10-04,0037003700390063
2890,永豐金,351,10,341,國票-敦北法人,2024-10-04,0037003700390063
1595,川寶,286,5,281,國票-敦北法人,2024-10-04,0037003700390063
8111,立��,289,23,266,國票-敦北法人,2024-10-04,0037003700390063
2303,聯電,246,0,246,國票-敦北法人,2024-10-04,0037003700390063
2383,台光電,221,35,186,國票-敦北法人,2024-10-04,0037003700390063
00929,復華台灣科技優息,140,1,139,國票-敦北法人,2024-10-04,0037003700390063
2603,長榮,128,6,122,國票-敦北法人,2024-10-04,0037003700390063
9945,潤泰新,120,0,120,國票-敦北法人,2024-10-04,0037003700390063
3062,建漢,119,13,106,國票-敦北法人,2024-10-04,0037003700390063
1326,台化,97,0,97,國票-敦北法人,2024-10-04,0037003700390063
1569,濱川,98,3,95,國票-敦北法人,2024-10-04,0037003700390063
00637L,元大滬深300正2,288,200,88,國票-敦北法人,2024-10-04,0037003700390063
2105,正新,85,0,85,國票-敦北法人,2024-10-04,0037003700390063
2375,凱美,82,0,82,國票-敦北法人,2024-10-04,0037003700390063
3450,聯鈞,108,29,79,國票-敦北法人,2024-10-04,0037003700390063
2353,宏��,76,1,75,國票-敦北法人,2024-10-04,0037003700390063
4979,華星光,236,165,71,國票-敦北法人,2024-10-04,0037003700390063
00919,群益台灣精選高息,68,3,65,國票-敦北法人,2024-10-04,0037003700390063
3580,友威科,80,23,57,國票-敦北法人,2024-10-04,0037003700390063
1504,東元,55,0,55,國票-敦北法人,2024-10-04,0037003700390063
8150,南茂,55,0,55,國票-敦北法人,2024-10-04,0037003700390063
6919,康霈*,51,0,51,國票-敦北法人,2024-10-04,0037003700390063
00948B,中信優息投資級債,50,0,50,國票-敦北法人,2024-10-04,0037003700390063
2548,華固,50,0,50,國票-敦北法人,2024-10-04,0037003700390063
2449,京元電子,47,0,47,國票-敦北法人,2024-10-04,0037003700390063
3049,精金,45,2,43,國票-敦北法人,2024-10-04,0037003700390063
6257,矽格,41,0,41,國票-敦北法人,2024-10-04,0037003700390063
2501,國建,40,0,40,國票-敦北法人,2024-10-04,0037003700390063
2610,華航,44,5,39,國票-敦北法人,2024-10-04,0037003700390063
2609,陽明,37,2,35,國票-敦北法人,2024-10-04,0037003700390063
2530,華建,34,0,34,國票-敦北法人,2024-10-04,0037003700390063
2230,泰茂,36,3,33,國票-敦北法人,2024-10-04,0037003700390063
1301,台塑,43,12,31,國票-敦北法人,2024-10-04,0037003700390063
00639,富邦深100,30,0,30,國票-敦北法人,2024-10-04,0037003700390063
9938,百和,29,1,28,國票-敦北法人,2024-10-04,0037003700390063
2451,創見,27,0,27,國票-敦北法人,2024-10-04,0037003700390063
4532,瑞智,33,10,23,國票-敦北法人,2024-10-04,0037003700390063
3312,弘憶股,33,10,23,國票-敦北法人,2024-10-04,0037003700390063
5871,中租-KY,25,4,21,國票-敦北法人,2024-10-04,0037003700390063
00878,國泰永續高股息,25,5,20,國票-敦北法人,2024-10-04,0037003700390063
00706L,期元大S＆P日圓正2,20,0,20,國票-敦北法人,2024-10-04,0037003700390063
5864,致和證,20,0,20,國票-敦北法人,2024-10-04,0037003700390063
2543,皇昌,72,52,20,國票-敦北法人,2024-10-04,0037003700390063
00665L,富邦�琤肭磪囓�2,10201,1,10200,國票-敦北法人,2024-10-07,0037003700390063
3049,精金,2127,58,2069,國票-敦北法人,2024-10-07,0037003700390063
00673R,期元大S＆P原油反1,1600,0,1600,國票-敦北法人,2024-10-07,0037003700390063
00715L,期街口布蘭特正2,682,6,676,國票-敦北法人,2024-10-07,0037003700390063
2455,全新,638,0,638,國票-敦北法人,2024-10-07,0037003700390063
2888,新光金,705,78,627,國票-敦北法人,2024-10-07,0037003700390063
3149,正達,557,27,530,國票-敦北法人,2024-10-07,0037003700390063
1432,大魯閣,387,9,378,國票-敦北法人,2024-10-07,0037003700390063
2105,正新,300,5,295,國票-敦北法人,2024-10-07,0037003700390063
3363,上詮,296,25,271,國票-敦北法人,2024-10-07,0037003700390063
6438,迅得,224,1,223,國票-敦北法人,2024-10-07,0037003700390063
00632R,元大台灣50反1,206,0,206,國票-敦北法人,2024-10-07,0037003700390063
6451,訊芯-KY,203,3,200,國票-敦北法人,2024-10-07,0037003700390063
4903,聯光通,719,542,177,國票-敦北法人,2024-10-07,0037003700390063
3450,聯鈞,201,69,132,國票-敦北法人,2024-10-07,0037003700390063
5236,凌陽創新,110,1,109,國票-敦北法人,2024-10-07,0037003700390063
3081,聯亞,120,17,103,國票-敦北法人,2024-10-07,0037003700390063
3062,建漢,114,12,102,國票-敦北法人,2024-10-07,0037003700390063
00882,中信中國高股息,144,43,101,國票-敦北法人,2024-10-07,0037003700390063
2371,大同,104,4,100,國票-敦北法人,2024-10-07,0037003700390063
3583,辛耘,100,3,97,國票-敦北法人,2024-10-07,0037003700390063
3533,嘉澤,90,0,90,國票-敦北法人,2024-10-07,0037003700390063
9945,潤泰新,86,5,81,國票-敦北法人,2024-10-07,0037003700390063
6530,創威,67,4,63,國票-敦北法人,2024-10-07,0037003700390063
3131,弘塑,61,1,60,國票-敦北法人,2024-10-07,0037003700390063
2884,玉山金,90,31,59,國票-敦北法人,2024-10-07,0037003700390063
6890,來億-KY,54,0,54,國票-敦北法人,2024-10-07,0037003700390063
2615,萬海,93,40,53,國票-敦北法人,2024-10-07,0037003700390063
8091,翔名,50,0,50,國票-敦北法人,2024-10-07,0037003700390063
8028,昇陽半導體,60,11,49,國票-敦北法人,2024-10-07,0037003700390063
8069,元太,47,0,47,國票-敦北法人,2024-10-07,0037003700390063
00706L,期元大S＆P日圓正2,38,0,38,國票-敦北法人,2024-10-07,0037003700390063
2382,廣達,37,1,36,國票-敦北法人,2024-10-07,0037003700390063
2929,淘帝-KY,101,69,32,國票-敦北法人,2024-10-07,0037003700390063
6869,雲豹能源,30,0,30,國票-敦北法人,2024-10-07,0037003700390063
4977,眾達-KY,39,10,29,國票-敦北法人,2024-10-07,0037003700390063
00878,國泰永續高股息,31,3,28,國票-敦北法人,2024-10-07,0037003700390063
00636,國泰中國A50,30,5,25,國票-敦北法人,2024-10-07,0037003700390063
00725B,國泰投資級公司債,25,0,25,國票-敦北法人,2024-10-07,0037003700390063
4583,台灣精銳,24,2,22,國票-敦北法人,2024-10-07,0037003700390063
2362,藍天,52,30,22,國票-敦北法人,2024-10-07,0037003700390063
6901,鑽石投資,22,1,21,國票-敦北法人,2024-10-07,0037003700390063
6426,統新,27,7,20,國票-敦北法人,2024-10-07,0037003700390063
2342,茂矽,20,0,20,國票-敦北法人,2024-10-07,0037003700390063
1527,鑽全,20,0,20,國票-敦北法人,2024-10-07,0037003700390063
2464,盟立,30,10,20,國票-敦北法人,2024-10-07,0037003700390063
00650L,復華香港正2,20,0,20,國票-敦北法人,2024-10-07,0037003700390063
1727,中華化,20,0,20,國票-敦北法人,2024-10-07,0037003700390063
2425,承啟,23,5,18,國票-敦北法人,2024-10-07,0037003700390063
0056,元大高股息,17,0,17,國票-敦北法人,2024-10-07,0037003700390063
00665L,富邦�琤肭磪囓�2,2800,15,2785,國票-敦北法人,2024-10-08,0037003700390063
00673R,期元大S＆P原油反1,2400,0,2400,國票-敦北法人,2024-10-08,0037003700390063
00753L,中信中國50正2,735,62,673,國票-敦北法人,2024-10-08,0037003700390063
2105,正新,795,146,649,國票-敦北法人,2024-10-08,0037003700390063
00687B,國泰20年美債,513,0,513,國票-敦北法人,2024-10-08,0037003700390063
2014,中鴻,378,0,378,國票-敦北法人,2024-10-08,0037003700390063
3025,星通,388,102,286,國票-敦北法人,2024-10-08,0037003700390063
2891,中信金,267,3,264,國票-敦北法人,2024-10-08,0037003700390063
6274,台燿,263,3,260,國票-敦北法人,2024-10-08,0037003700390063
2890,永豐金,250,0,250,國票-敦北法人,2024-10-08,0037003700390063
6830,汎銓,205,11,194,國票-敦北法人,2024-10-08,0037003700390063
2308,台達電,156,3,153,國票-敦北法人,2024-10-08,0037003700390063
9945,潤泰新,142,0,142,國票-敦北法人,2024-10-08,0037003700390063
00882,中信中國高股息,186,63,123,國票-敦北法人,2024-10-08,0037003700390063
3363,上詮,410,289,121,國票-敦北法人,2024-10-08,0037003700390063
00929,復華台灣科技優息,118,0,118,國票-敦北法人,2024-10-08,0037003700390063
6223,旺矽,107,7,100,國票-敦北法人,2024-10-08,0037003700390063
3715,定穎投控,100,0,100,國票-敦北法人,2024-10-08,0037003700390063
2382,廣達,74,1,73,國票-敦北法人,2024-10-08,0037003700390063
6415,矽力*-KY,100,33,67,國票-敦北法人,2024-10-08,0037003700390063
4979,華星光,92,29,63,國票-敦北法人,2024-10-08,0037003700390063
8028,昇陽半導體,228,167,61,國票-敦北法人,2024-10-08,0037003700390063
2345,智邦,61,0,61,國票-敦北法人,2024-10-08,0037003700390063
2530,華建,105,50,55,國票-敦北法人,2024-10-08,0037003700390063
2375,凱美,49,0,49,國票-敦北法人,2024-10-08,0037003700390063
2601,益航,49,4,45,國票-敦北法人,2024-10-08,0037003700390063
6781,AES-KY,41,0,41,國票-敦北法人,2024-10-08,0037003700390063
6244,茂迪,40,0,40,國票-敦北法人,2024-10-08,0037003700390063
3209,全科,49,11,38,國票-敦北法人,2024-10-08,0037003700390063
3234,光環,43,7,36,國票-敦北法人,2024-10-08,0037003700390063
1432,大魯閣,44,9,35,國票-敦北法人,2024-10-08,0037003700390063
00948B,中信優息投資級債,35,0,35,國票-敦北法人,2024-10-08,0037003700390063
00637L,元大滬深300正2,163,129,34,國票-敦北法人,2024-10-08,0037003700390063
5871,中租-KY,31,1,30,國票-敦北法人,2024-10-08,0037003700390063
4772,台特化,30,0,30,國票-敦北法人,2024-10-08,0037003700390063
00655L,國泰中國A50正2,30,0,30,國票-敦北法人,2024-10-08,0037003700390063
1527,鑽全,49,20,29,國票-敦北法人,2024-10-08,0037003700390063
1909,榮成,43,15,28,國票-敦北法人,2024-10-08,0037003700390063
9938,百和,27,0,27,國票-敦北法人,2024-10-08,0037003700390063
3324,雙鴻,33,6,27,國票-敦北法人,2024-10-08,0037003700390063
00919,群益台灣精選高息,26,0,26,國票-敦北法人,2024-10-08,0037003700390063
2603,長榮,25,0,25,國票-敦北法人,2024-10-08,0037003700390063
2883,凱基金,25,0,25,國票-敦北法人,2024-10-08,0037003700390063
2426,鼎元,71,47,24,國票-敦北法人,2024-10-08,0037003700390063
3312,弘憶股,24,1,23,國票-敦北法人,2024-10-08,0037003700390063
3605,宏致,23,0,23,國票-敦北法人,2024-10-08,0037003700390063
3231,緯創,21,0,21,國票-敦北法人,2024-10-08,0037003700390063
0050,元大台灣50,22,2,20,國票-敦北法人,2024-10-08,0037003700390063
00956,中信日經高股息,20,0,20,國票-敦北法人,2024-10-08,0037003700390063
2025,千興,19,0,19,國票-敦北法人,2024-10-08,0037003700390063
00753L,中信中國50正2,1555,21,1534,國票-敦北法人,2024-10-09,0037003700390063
2885,元大金,800,0,800,國票-敦北法人,2024-10-09,0037003700390063
4903,聯光通,578,66,512,國票-敦北法人,2024-10-09,0037003700390063
4977,眾達-KY,516,54,462,國票-敦北法人,2024-10-09,0037003700390063
1477,聚陽,276,0,276,國票-敦北法人,2024-10-09,0037003700390063
3711,日月光投控,300,36,264,國票-敦北法人,2024-10-09,0037003700390063
9945,潤泰新,170,0,170,國票-敦北法人,2024-10-09,0037003700390063
2345,智邦,154,1,153,國票-敦北法人,2024-10-09,0037003700390063
00637L,元大滬深300正2,275,157,118,國票-敦北法人,2024-10-09,0037003700390063
2317,鴻海,188,77,111,國票-敦北法人,2024-10-09,0037003700390063
2449,京元電子,121,19,102,國票-敦北法人,2024-10-09,0037003700390063
8255,朋程,101,0,101,國票-敦北法人,2024-10-09,0037003700390063
2883B,凱基金乙特,100,0,100,國票-敦北法人,2024-10-09,0037003700390063
6901,鑽石投資,82,0,82,國票-敦北法人,2024-10-09,0037003700390063
6126,信音,83,5,78,國票-敦北法人,2024-10-09,0037003700390063
2313,華通,83,7,76,國票-敦北法人,2024-10-09,0037003700390063
3533,嘉澤,73,4,69,國票-敦北法人,2024-10-09,0037003700390063
00937B,群益ESG投等債20,60,0,60,國票-敦北法人,2024-10-09,0037003700390063
2362,藍天,68,11,57,國票-敦北法人,2024-10-09,0037003700390063
6415,矽力*-KY,55,0,55,國票-敦北法人,2024-10-09,0037003700390063
4909,新復興,53,1,52,國票-敦北法人,2024-10-09,0037003700390063
2375,凱美,39,0,39,國票-敦北法人,2024-10-09,0037003700390063
2603,長榮,40,4,36,國票-敦北法人,2024-10-09,0037003700390063
2501,國建,132,100,32,國票-敦北法人,2024-10-09,0037003700390063
3013,晟銘電,42,10,32,國票-敦北法人,2024-10-09,0037003700390063
2491,吉祥全,30,0,30,國票-敦北法人,2024-10-09,0037003700390063
2025,千興,30,0,30,國票-敦北法人,2024-10-09,0037003700390063
3591,艾笛森,32,5,27,國票-敦北法人,2024-10-09,0037003700390063
00650L,復華香港正2,27,0,27,國票-敦北法人,2024-10-09,0037003700390063
3048,益登,46,21,25,國票-敦北法人,2024-10-09,0037003700390063
6138,茂達,25,0,25,國票-敦北法人,2024-10-09,0037003700390063
2409,友達,25,0,25,國票-敦北法人,2024-10-09,0037003700390063
00679B,元大美債20年,33,8,25,國票-敦北法人,2024-10-09,0037003700390063
3450,聯鈞,292,269,23,國票-敦北法人,2024-10-09,0037003700390063
1101,台泥,23,0,23,國票-敦北法人,2024-10-09,0037003700390063
00665L,富邦�琤肭磪囓�2,22,0,22,國票-敦北法人,2024-10-09,0037003700390063
6770,力積電,20,0,20,國票-敦北法人,2024-10-09,0037003700390063
00882,中信中國高股息,104,85,19,國票-敦北法人,2024-10-09,0037003700390063
2303,聯電,19,0,19,國票-敦北法人,2024-10-09,0037003700390063
2379,瑞昱,19,0,19,國票-敦北法人,2024-10-09,0037003700390063
8034,榮群,18,0,18,國票-敦北法人,2024-10-09,0037003700390063
00687B,國泰20年美債,18,0,18,國票-敦北法人,2024-10-09,0037003700390063
8112,至上,28,10,18,國票-敦北法人,2024-10-09,0037003700390063
2887E,台新戊特,18,0,18,國票-敦北法人,2024-10-09,0037003700390063
3234,光環,23,6,17,國票-敦北法人,2024-10-09,0037003700390063
2892,第一金,17,0,17,國票-敦北法人,2024-10-09,0037003700390063
3481,群創,15,0,15,國票-敦北法人,2024-10-09,0037003700390063
1417,嘉裕,15,0,15,國票-敦北法人,2024-10-09,0037003700390063
2399,映泰,93,78,15,國票-敦北法人,2024-10-09,0037003700390063
8111,立��,17,2,15,國票-敦北法人,2024-10-09,0037003700390063
2317,鴻海,631,24,607,國票-敦北法人,2024-10-11,0037003700390063
00948B,中信優息投資級債,469,0,469,國票-敦北法人,2024-10-11,0037003700390063
4991,環宇-KY,317,0,317,國票-敦北法人,2024-10-11,0037003700390063
3227,原相,305,6,299,國票-敦北法人,2024-10-11,0037003700390063
9945,潤泰新,170,4,166,國票-敦北法人,2024-10-11,0037003700390063
00637L,元大滬深300正2,160,39,121,國票-敦北法人,2024-10-11,0037003700390063
00632R,元大台灣50反1,105,0,105,國票-敦北法人,2024-10-11,0037003700390063
00900,富邦特選高股息30,105,0,105,國票-敦北法人,2024-10-11,0037003700390063
6830,汎銓,219,114,105,國票-敦北法人,2024-10-11,0037003700390063
0056,元大高股息,105,1,104,國票-敦北法人,2024-10-11,0037003700390063
6937,天虹,102,1,101,國票-敦北法人,2024-10-11,0037003700390063
8028,昇陽半導體,105,5,100,國票-敦北法人,2024-10-11,0037003700390063
3450,聯鈞,116,37,79,國票-敦北法人,2024-10-11,0037003700390063
5457,宣德,65,0,65,國票-敦北法人,2024-10-11,0037003700390063
3363,上詮,76,13,63,國票-敦北法人,2024-10-11,0037003700390063
5288,豐祥-KY,60,0,60,國票-敦北法人,2024-10-11,0037003700390063
2375,凱美,57,0,57,國票-敦北法人,2024-10-11,0037003700390063
1609,大亞,52,0,52,國票-敦北法人,2024-10-11,0037003700390063
3017,奇鋐,61,10,51,國票-敦北法人,2024-10-11,0037003700390063
00937B,群益ESG投等債20,48,0,48,國票-敦北法人,2024-10-11,0037003700390063
3049,精金,67,21,46,國票-敦北法人,2024-10-11,0037003700390063
2330,台積電,85,40,45,國票-敦北法人,2024-10-11,0037003700390063
3031,佰鴻,40,0,40,國票-敦北法人,2024-10-11,0037003700390063
3591,艾笛森,45,6,39,國票-敦北法人,2024-10-11,0037003700390063
3324,雙鴻,49,11,38,國票-敦北法人,2024-10-11,0037003700390063
2025,千興,30,0,30,國票-敦北法人,2024-10-11,0037003700390063
2006,東和鋼鐵,30,0,30,國票-敦北法人,2024-10-11,0037003700390063
3339,泰谷,27,0,27,國票-敦北法人,2024-10-11,0037003700390063
5452,佶優,31,4,27,國票-敦北法人,2024-10-11,0037003700390063
00687B,國泰20年美債,25,0,25,國票-敦北法人,2024-10-11,0037003700390063
2454,聯發科,30,7,23,國票-敦北法人,2024-10-11,0037003700390063
2426,鼎元,35,13,22,國票-敦北法人,2024-10-11,0037003700390063
00679B,元大美債20年,22,0,22,國票-敦北法人,2024-10-11,0037003700390063
6901,鑽石投資,20,0,20,國票-敦北法人,2024-10-11,0037003700390063
2501,國建,20,0,20,國票-敦北法人,2024-10-11,0037003700390063
9910,豐泰,20,0,20,國票-敦北法人,2024-10-11,0037003700390063
2455,全新,17,0,17,國票-敦北法人,2024-10-11,0037003700390063
2308,台達電,16,0,16,國票-敦北法人,2024-10-11,0037003700390063
0061,元大寶滬深,17,2,15,國票-敦北法人,2024-10-11,0037003700390063
3501,維熹,14,0,14,國票-敦北法人,2024-10-11,0037003700390063
4401,東隆興,14,0,14,國票-敦北法人,2024-10-11,0037003700390063
00720B,元大投資級公司債,13,0,13,國票-敦北法人,2024-10-11,0037003700390063
5014,建錩,36,23,13,國票-敦北法人,2024-10-11,0037003700390063
2356,英業達,18,5,13,國票-敦北法人,2024-10-11,0037003700390063
2637,慧洋-KY,12,0,12,國票-敦北法人,2024-10-11,0037003700390063
6625,必應,12,0,12,國票-敦北法人,2024-10-11,0037003700390063
00688L,國泰20年美債正2,11,0,11,國票-敦北法人,2024-10-11,0037003700390063
6525,捷敏-KY,17,6,11,國票-敦北法人,2024-10-11,0037003700390063
3481,群創,11,0,11,國票-敦北法人,2024-10-11,0037003700390063
3715,定穎投控,11,0,11,國票-敦北法人,2024-10-11,0037003700390063
00881,國泰台灣5G+,1000,0,1000,國票-敦北法人,2024-10-14,0037003700390063
4956,光鋐,770,77,693,國票-敦北法人,2024-10-14,0037003700390063
2382,廣達,515,5,510,國票-敦北法人,2024-10-14,0037003700390063
3013,晟銘電,481,23,458,國票-敦北法人,2024-10-14,0037003700390063
8028,昇陽半導體,301,20,281,國票-敦北法人,2024-10-14,0037003700390063
6609,瀧澤科,273,5,268,國票-敦北法人,2024-10-14,0037003700390063
2891,中信金,206,3,203,國票-敦北法人,2024-10-14,0037003700390063
6134,萬旭,185,1,184,國票-敦北法人,2024-10-14,0037003700390063
9945,潤泰新,171,0,171,國票-敦北法人,2024-10-14,0037003700390063
1584,精剛,164,0,164,國票-敦北法人,2024-10-14,0037003700390063
6438,迅得,163,4,159,國票-敦北法人,2024-10-14,0037003700390063
2330,台積電,178,25,153,國票-敦北法人,2024-10-14,0037003700390063
2486,一詮,121,9,112,國票-敦北法人,2024-10-14,0037003700390063
6207,雷科,127,16,111,國票-敦北法人,2024-10-14,0037003700390063
00632R,元大台灣50反1,100,1,99,國票-敦北法人,2024-10-14,0037003700390063
6768,志強-KY,70,0,70,國票-敦北法人,2024-10-14,0037003700390063
2883,凱基金,63,5,58,國票-敦北法人,2024-10-14,0037003700390063
3017,奇鋐,52,5,47,國票-敦北法人,2024-10-14,0037003700390063
6164,華興,47,0,47,國票-敦北法人,2024-10-14,0037003700390063
1609,大亞,45,0,45,國票-敦北法人,2024-10-14,0037003700390063
00887,永豐中國科技50大,83,39,44,國票-敦北法人,2024-10-14,0037003700390063
3149,正達,87,47,40,國票-敦北法人,2024-10-14,0037003700390063
2454,聯發科,43,3,40,國票-敦北法人,2024-10-14,0037003700390063
9938,百和,35,0,35,國票-敦北法人,2024-10-14,0037003700390063
00753L,中信中國50正2,33,0,33,國票-敦北法人,2024-10-14,0037003700390063
2347,聯強,30,0,30,國票-敦北法人,2024-10-14,0037003700390063
3511,矽瑪,34,4,30,國票-敦北法人,2024-10-14,0037003700390063
0056,元大高股息,35,5,30,國票-敦北法人,2024-10-14,0037003700390063
6937,天虹,84,55,29,國票-敦北法人,2024-10-14,0037003700390063
3379,彬台,28,0,28,國票-敦北法人,2024-10-14,0037003700390063
3162,精確,26,0,26,國票-敦北法人,2024-10-14,0037003700390063
3284,太普高,26,0,26,國票-敦北法人,2024-10-14,0037003700390063
2385,群光,25,0,25,國票-敦北法人,2024-10-14,0037003700390063
2101,南港,24,0,24,國票-敦北法人,2024-10-14,0037003700390063
3363,上詮,24,0,24,國票-敦北法人,2024-10-14,0037003700390063
2308,台達電,25,2,23,國票-敦北法人,2024-10-14,0037003700390063
6177,達麗,22,0,22,國票-敦北法人,2024-10-14,0037003700390063
00679B,元大美債20年,31,9,22,國票-敦北法人,2024-10-14,0037003700390063
2059,川湖,21,0,21,國票-敦北法人,2024-10-14,0037003700390063
2363,矽統,29,9,20,國票-敦北法人,2024-10-14,0037003700390063
3031,佰鴻,20,0,20,國票-敦北法人,2024-10-14,0037003700390063
00937B,群益ESG投等債20,19,0,19,國票-敦北法人,2024-10-14,0037003700390063
5009,榮剛,19,0,19,國票-敦北法人,2024-10-14,0037003700390063
1442,名軒,21,2,19,國票-敦北法人,2024-10-14,0037003700390063
8466,美吉吉-KY,18,0,18,國票-敦北法人,2024-10-14,0037003700390063
6743,安普新,18,0,18,國票-敦北法人,2024-10-14,0037003700390063
2228,劍麟,20,2,18,國票-敦北法人,2024-10-14,0037003700390063
8069,元太,17,0,17,國票-敦北法人,2024-10-14,0037003700390063
5230,雷笛克光學,31,14,17,國票-敦北法人,2024-10-14,0037003700390063
2545,皇翔,17,0,17,國票-敦北法人,2024-10-14,0037003700390063
2363,矽統,797,27,770,國票-敦北法人,2024-10-15,0037003700390063
00715L,期街口布蘭特正2,612,0,612,國票-敦北法人,2024-10-15,0037003700390063
6609,瀧澤科,511,22,489,國票-敦北法人,2024-10-15,0037003700390063
00937B,群益ESG投等債20,302,16,286,國票-敦北法人,2024-10-15,0037003700390063
00632R,元大台灣50反1,250,15,235,國票-敦北法人,2024-10-15,0037003700390063
2882,國泰金,225,2,223,國票-敦北法人,2024-10-15,0037003700390063
1432,大魯閣,218,5,213,國票-敦北法人,2024-10-15,0037003700390063
2330,台積電,200,22,178,國票-敦北法人,2024-10-15,0037003700390063
3036,文曄,150,0,150,國票-敦北法人,2024-10-15,0037003700390063
3062,建漢,217,70,147,國票-敦北法人,2024-10-15,0037003700390063
2313,華通,171,27,144,國票-敦北法人,2024-10-15,0037003700390063
3702,大聯大,265,150,115,國票-敦北法人,2024-10-15,0037003700390063
3376,新日興,102,1,101,國票-敦北法人,2024-10-15,0037003700390063
3580,友威科,103,5,98,國票-敦北法人,2024-10-15,0037003700390063
6438,迅得,184,88,96,國票-敦北法人,2024-10-15,0037003700390063
6462,神盾,103,9,94,國票-敦北法人,2024-10-15,0037003700390063
2449,京元電子,96,3,93,國票-敦北法人,2024-10-15,0037003700390063
8028,昇陽半導體,205,117,88,國票-敦北法人,2024-10-15,0037003700390063
2049,上銀,101,20,81,國票-敦北法人,2024-10-15,0037003700390063
1560,中砂,69,1,68,國票-敦北法人,2024-10-15,0037003700390063
6223,旺矽,85,23,62,國票-敦北法人,2024-10-15,0037003700390063
3466,德晉,61,7,54,國票-敦北法人,2024-10-15,0037003700390063
3583,辛耘,70,17,53,國票-敦北法人,2024-10-15,0037003700390063
00680L,元大美債20正2,50,0,50,國票-敦北法人,2024-10-15,0037003700390063
2308,台達電,50,5,45,國票-敦北法人,2024-10-15,0037003700390063
00688L,國泰20年美債正2,40,0,40,國票-敦北法人,2024-10-15,0037003700390063
3710,連展投控,49,11,38,國票-敦北法人,2024-10-15,0037003700390063
00687B,國泰20年美債,37,0,37,國票-敦北法人,2024-10-15,0037003700390063
6669,緯穎,35,0,35,國票-敦北法人,2024-10-15,0037003700390063
3035,智原,38,4,34,國票-敦北法人,2024-10-15,0037003700390063
2891,中信金,46,14,32,國票-敦北法人,2024-10-15,0037003700390063
3498,陽程,79,48,31,國票-敦北法人,2024-10-15,0037003700390063
2303,聯電,52,22,30,國票-敦北法人,2024-10-15,0037003700390063
2887E,台新戊特,30,0,30,國票-敦北法人,2024-10-15,0037003700390063
5288,豐祥-KY,30,0,30,國票-敦北法人,2024-10-15,0037003700390063
3363,上詮,29,0,29,國票-敦北法人,2024-10-15,0037003700390063
2327,國巨,30,1,29,國票-敦北法人,2024-10-15,0037003700390063
6805,富世達,28,0,28,國票-敦北法人,2024-10-15,0037003700390063
3093,港建*,30,2,28,國票-敦北法人,2024-10-15,0037003700390063
9945,潤泰新,30,2,28,國票-敦北法人,2024-10-15,0037003700390063
2345,智邦,27,0,27,國票-敦北法人,2024-10-15,0037003700390063
3324,雙鴻,27,1,26,國票-敦北法人,2024-10-15,0037003700390063
2312,金寶,31,5,26,國票-敦北法人,2024-10-15,0037003700390063
00679B,元大美債20年,24,0,24,國票-敦北法人,2024-10-15,0037003700390063
8105,凌巨,24,0,24,國票-敦北法人,2024-10-15,0037003700390063
2543,皇昌,43,20,23,國票-敦北法人,2024-10-15,0037003700390063
3447,展達,23,0,23,國票-敦北法人,2024-10-15,0037003700390063
2399,映泰,83,62,21,國票-敦北法人,2024-10-15,0037003700390063
6151,晉倫,22,1,21,國票-敦北法人,2024-10-15,0037003700390063
00725B,國泰投資級公司債,20,0,20,國票-敦北法人,2024-10-15,0037003700390063
2883,凱基金,7502,5,7497,國票-敦北法人,2024-10-16,0037003700390063
2399,映泰,743,12,731,國票-敦北法人,2024-10-16,0037003700390063
2330,台積電,507,1,506,國票-敦北法人,2024-10-16,0037003700390063
4903,聯光通,537,39,498,國票-敦北法人,2024-10-16,0037003700390063
00937B,群益ESG投等債20,405,1,404,國票-敦北法人,2024-10-16,0037003700390063
00715L,期街口布蘭特正2,351,0,351,國票-敦北法人,2024-10-16,0037003700390063
6658,聯策,327,61,266,國票-敦北法人,2024-10-16,0037003700390063
2049,上銀,231,9,222,國票-敦北法人,2024-10-16,0037003700390063
2313,華通,193,0,193,國票-敦北法人,2024-10-16,0037003700390063
8374,羅昇,175,0,175,國票-敦北法人,2024-10-16,0037003700390063
4562,穎漢,175,1,174,國票-敦北法人,2024-10-16,0037003700390063
2615,萬海,178,17,161,國票-敦北法人,2024-10-16,0037003700390063
3045,台灣大,150,1,149,國票-敦北法人,2024-10-16,0037003700390063
3702,大聯大,131,0,131,國票-敦北法人,2024-10-16,0037003700390063
00948B,中信優息投資級債,120,0,120,國票-敦北法人,2024-10-16,0037003700390063
2891,中信金,116,0,116,國票-敦北法人,2024-10-16,0037003700390063
6462,神盾,104,0,104,國票-敦北法人,2024-10-16,0037003700390063
3580,友威科,100,0,100,國票-敦北法人,2024-10-16,0037003700390063
5009,榮剛,95,0,95,國票-敦北法人,2024-10-16,0037003700390063
2308,台達電,96,2,94,國票-敦北法人,2024-10-16,0037003700390063
3450,聯鈞,224,138,86,國票-敦北法人,2024-10-16,0037003700390063
2317,鴻海,96,13,83,國票-敦北法人,2024-10-16,0037003700390063
9945,潤泰新,65,0,65,國票-敦北法人,2024-10-16,0037003700390063
00687B,國泰20年美債,63,1,62,國票-敦北法人,2024-10-16,0037003700390063
2382,廣達,69,7,62,國票-敦北法人,2024-10-16,0037003700390063
0056,元大高股息,83,25,58,國票-敦北法人,2024-10-16,0037003700390063
3013,晟銘電,117,60,57,國票-敦北法人,2024-10-16,0037003700390063
3037,欣興,115,60,55,國票-敦北法人,2024-10-16,0037003700390063
3711,日月光投控,57,5,52,國票-敦北法人,2024-10-16,0037003700390063
2360,致茂,54,2,52,國票-敦北法人,2024-10-16,0037003700390063
6770,力積電,50,0,50,國票-敦北法人,2024-10-16,0037003700390063
3704,合勤控,50,0,50,國票-敦北法人,2024-10-16,0037003700390063
3665,貿聯-KY,38,0,38,國票-敦北法人,2024-10-16,0037003700390063
6442,光聖,42,8,34,國票-敦北法人,2024-10-16,0037003700390063
2207,和泰車,32,0,32,國票-敦北法人,2024-10-16,0037003700390063
1528,恩德,36,5,31,國票-敦北法人,2024-10-16,0037003700390063
2888,新光金,31,2,29,國票-敦北法人,2024-10-16,0037003700390063
2421,建準,42,13,29,國票-敦北法人,2024-10-16,0037003700390063
00637L,元大滬深300正2,39,11,28,國票-敦北法人,2024-10-16,0037003700390063
2439,美律,24,0,24,國票-敦北法人,2024-10-16,0037003700390063
2347,聯強,23,0,23,國票-敦北法人,2024-10-16,0037003700390063
6187,萬潤,28,7,21,國票-敦北法人,2024-10-16,0037003700390063
2357,華碩,21,0,21,國票-敦北法人,2024-10-16,0037003700390063
0052,富邦科技,20,0,20,國票-敦北法人,2024-10-16,0037003700390063
8096,擎亞,21,1,20,國票-敦北法人,2024-10-16,0037003700390063
00882,中信中國高股息,20,0,20,國票-敦北法人,2024-10-16,0037003700390063
00929,復華台灣科技優息,20,0,20,國票-敦北法人,2024-10-16,0037003700390063
00878,國泰永續高股息,29,10,19,國票-敦北法人,2024-10-16,0037003700390063
2885,元大金,22,3,19,國票-敦北法人,2024-10-16,0037003700390063
2890,永豐金,18,0,18,國票-敦北法人,2024-10-16,0037003700390063
9105,泰金寶-DR,1996,0,1996,國票-敦北法人,2024-10-17,0037003700390063
2455,全新,498,4,494,國票-敦北法人,2024-10-17,0037003700390063
2464,盟立,422,11,411,國票-敦北法人,2024-10-17,0037003700390063
1595,川寶,391,15,376,國票-敦北法人,2024-10-17,0037003700390063
1540,喬福,399,31,368,國票-敦北法人,2024-10-17,0037003700390063
4510,高鋒,387,32,355,國票-敦北法人,2024-10-17,0037003700390063
2891,中信金,340,17,323,國票-敦北法人,2024-10-17,0037003700390063
4576,大銀微系統,286,0,286,國票-敦北法人,2024-10-17,0037003700390063
4542,科嶠,263,13,250,國票-敦北法人,2024-10-17,0037003700390063
2049,上銀,260,13,247,國票-敦北法人,2024-10-17,0037003700390063
2421,建準,253,38,215,國票-敦北法人,2024-10-17,0037003700390063
2106,建大,200,0,200,國票-敦北法人,2024-10-17,0037003700390063
4562,穎漢,379,183,196,國票-敦北法人,2024-10-17,0037003700390063
4533,協易機,205,10,195,國票-敦北法人,2024-10-17,0037003700390063
5452,佶優,254,79,175,國票-敦北法人,2024-10-17,0037003700390063
9938,百和,200,57,143,國票-敦北法人,2024-10-17,0037003700390063
3711,日月光投控,155,14,141,國票-敦北法人,2024-10-17,0037003700390063
1597,直得,244,116,128,國票-敦北法人,2024-10-17,0037003700390063
00753L,中信中國50正2,113,0,113,國票-敦北法人,2024-10-17,0037003700390063
3036,文曄,104,2,102,國票-敦北法人,2024-10-17,0037003700390063
6451,訊芯-KY,113,12,101,國票-敦北法人,2024-10-17,0037003700390063
00637L,元大滬深300正2,93,14,79,國票-敦北法人,2024-10-17,0037003700390063
00941,中信上游半導體,71,0,71,國票-敦北法人,2024-10-17,0037003700390063
3374,精材,71,4,67,國票-敦北法人,2024-10-17,0037003700390063
2610,華航,61,8,53,國票-敦北法人,2024-10-17,0037003700390063
4549,桓達,50,0,50,國票-敦北法人,2024-10-17,0037003700390063
3665,貿聯-KY,50,0,50,國票-敦北法人,2024-10-17,0037003700390063
8028,昇陽半導體,277,242,35,國票-敦北法人,2024-10-17,0037003700390063
1301,台塑,32,2,30,國票-敦北法人,2024-10-17,0037003700390063
6805,富世達,30,1,29,國票-敦北法人,2024-10-17,0037003700390063
00919,群益台灣精選高息,28,0,28,國票-敦北法人,2024-10-17,0037003700390063
3017,奇鋐,34,6,28,國票-敦北法人,2024-10-17,0037003700390063
0056,元大高股息,25,0,25,國票-敦北法人,2024-10-17,0037003700390063
4729,熒茂,26,2,24,國票-敦北法人,2024-10-17,0037003700390063
8404,百和興業-KY,24,0,24,國票-敦北法人,2024-10-17,0037003700390063
2374,佳能,35,12,23,國票-敦北法人,2024-10-17,0037003700390063
3363,上詮,20,0,20,國票-敦北法人,2024-10-17,0037003700390063
2543,皇昌,37,18,19,國票-敦北法人,2024-10-17,0037003700390063
4529,淳紳,18,0,18,國票-敦北法人,2024-10-17,0037003700390063
5439,高技,18,0,18,國票-敦北法人,2024-10-17,0037003700390063
00937B,群益ESG投等債20,17,0,17,國票-敦北法人,2024-10-17,0037003700390063
1528,恩德,84,67,17,國票-敦北法人,2024-10-17,0037003700390063
00935,野村臺灣新科技50,16,0,16,國票-敦北法人,2024-10-17,0037003700390063
4513,福裕,16,0,16,國票-敦北法人,2024-10-17,0037003700390063
1539,巨庭,15,0,15,國票-敦北法人,2024-10-17,0037003700390063
1314,中石化,15,0,15,國票-敦北法人,2024-10-17,0037003700390063
2615,萬海,44,30,14,國票-敦北法人,2024-10-17,0037003700390063
2308,台達電,23,10,13,國票-敦北法人,2024-10-17,0037003700390063
6462,神盾,13,0,13,國票-敦北法人,2024-10-17,0037003700390063
2375,凱美,13,0,13,國票-敦北法人,2024-10-17,0037003700390063
2504,國產,1005,0,1005,國票-敦北法人,2024-10-18,0037003700390063
3036,文曄,497,0,497,國票-敦北法人,2024-10-18,0037003700390063
00933B,國泰10Y+金融債,460,0,460,國票-敦北法人,2024-10-18,0037003700390063
00957B,兆豐US優選投等債,455,0,455,國票-敦北法人,2024-10-18,0037003700390063
00673R,期元大S＆P原油反1,436,0,436,國票-敦北法人,2024-10-18,0037003700390063
00715L,期街口布蘭特正2,436,0,436,國票-敦北法人,2024-10-18,0037003700390063
3665,貿聯-KY,380,2,378,國票-敦北法人,2024-10-18,0037003700390063
2360,致茂,389,51,338,國票-敦北法人,2024-10-18,0037003700390063
00665L,富邦�琤肭磪囓�2,210,0,210,國票-敦北法人,2024-10-18,0037003700390063
2421,建準,221,25,196,國票-敦北法人,2024-10-18,0037003700390063
4576,大銀微系統,195,14,181,國票-敦北法人,2024-10-18,0037003700390063
3017,奇鋐,166,7,159,國票-敦北法人,2024-10-18,0037003700390063
8028,昇陽半導體,961,812,149,國票-敦北法人,2024-10-18,0037003700390063
00637L,元大滬深300正2,250,103,147,國票-敦北法人,2024-10-18,0037003700390063
00937B,群益ESG投等債20,156,10,146,國票-敦北法人,2024-10-18,0037003700390063
2345,智邦,115,3,112,國票-敦北法人,2024-10-18,0037003700390063
2486,一詮,113,4,109,國票-敦北法人,2024-10-18,0037003700390063
2002,中鋼,111,3,108,國票-敦北法人,2024-10-18,0037003700390063
1442,名軒,107,0,107,國票-敦北法人,2024-10-18,0037003700390063
6451,訊芯-KY,104,3,101,國票-敦北法人,2024-10-18,0037003700390063
00632R,元大台灣50反1,100,0,100,國票-敦北法人,2024-10-18,0037003700390063
00753L,中信中國50正2,74,10,64,國票-敦北法人,2024-10-18,0037003700390063
2106,建大,61,0,61,國票-敦北法人,2024-10-18,0037003700390063
6165,浪凡,55,0,55,國票-敦北法人,2024-10-18,0037003700390063
6937,天虹,52,1,51,國票-敦北法人,2024-10-18,0037003700390063
8069,元太,63,19,44,國票-敦北法人,2024-10-18,0037003700390063
2610,華航,45,6,39,國票-敦北法人,2024-10-18,0037003700390063
1303,南亞,40,1,39,國票-敦北法人,2024-10-18,0037003700390063
00772B,中信高評級公司債,35,0,35,國票-敦北法人,2024-10-18,0037003700390063
00687B,國泰20年美債,36,3,33,國票-敦北法人,2024-10-18,0037003700390063
8105,凌巨,32,0,32,國票-敦北法人,2024-10-18,0037003700390063
6805,富世達,32,1,31,國票-敦北法人,2024-10-18,0037003700390063
2303,聯電,34,3,31,國票-敦北法人,2024-10-18,0037003700390063
2845,遠東銀,30,0,30,國票-敦北法人,2024-10-18,0037003700390063
2615,萬海,47,17,30,國票-敦北法人,2024-10-18,0037003700390063
4571,鈞興-KY,30,0,30,國票-敦北法人,2024-10-18,0037003700390063
6890,來億-KY,30,0,30,國票-敦北法人,2024-10-18,0037003700390063
00941,中信上游半導體,30,0,30,國票-敦北法人,2024-10-18,0037003700390063
3013,晟銘電,122,92,30,國票-敦北法人,2024-10-18,0037003700390063
8096,擎亞,28,0,28,國票-敦北法人,2024-10-18,0037003700390063
00680L,元大美債20正2,27,0,27,國票-敦北法人,2024-10-18,0037003700390063
00881,國泰台灣5G+,27,0,27,國票-敦北法人,2024-10-18,0037003700390063
8936,國統,26,0,26,國票-敦北法人,2024-10-18,0037003700390063
2313,華通,31,5,26,國票-敦北法人,2024-10-18,0037003700390063
3324,雙鴻,36,11,25,國票-敦北法人,2024-10-18,0037003700390063
3673,TPK-KY,24,2,22,國票-敦北法人,2024-10-18,0037003700390063
4561,健椿,21,1,20,國票-敦北法人,2024-10-18,0037003700390063
00954,中信日本半導體,20,0,20,國票-敦北法人,2024-10-18,0037003700390063
2887E,台新戊特,19,0,19,國票-敦北法人,2024-10-18,0037003700390063
6643,M31,49,31,18,國票-敦北法人,2024-10-18,0037003700390063
1528,恩德,621,22,599,國票-敦北法人,2024-10-21,0037003700390063
4540,全球傳動,378,5,373,國票-敦北法人,2024-10-21,0037003700390063
00636,國泰中國A50,320,10,310,國票-敦北法人,2024-10-21,0037003700390063
3447,展達,251,0,251,國票-敦北法人,2024-10-21,0037003700390063
3354,律勝,253,6,247,國票-敦北法人,2024-10-21,0037003700390063
2383,台光電,216,12,204,國票-敦北法人,2024-10-21,0037003700390063
3450,聯鈞,209,12,197,國票-敦北法人,2024-10-21,0037003700390063
6415,矽力*-KY,154,11,143,國票-敦北法人,2024-10-21,0037003700390063
00937B,群益ESG投等債20,141,0,141,國票-敦北法人,2024-10-21,0037003700390063
2884,玉山金,150,10,140,國票-敦北法人,2024-10-21,0037003700390063
2883,凱基金,132,0,132,國票-敦北法人,2024-10-21,0037003700390063
3581,博磊,142,10,132,國票-敦北法人,2024-10-21,0037003700390063
2330,台積電,196,82,114,國票-敦北法人,2024-10-21,0037003700390063
9945,潤泰新,100,0,100,國票-敦北法人,2024-10-21,0037003700390063
00887,永豐中國科技50大,145,46,99,國票-敦北法人,2024-10-21,0037003700390063
3062,建漢,107,13,94,國票-敦北法人,2024-10-21,0037003700390063
8070,長華*,70,0,70,國票-敦北法人,2024-10-21,0037003700390063
3432,台端,70,0,70,國票-敦北法人,2024-10-21,0037003700390063
5603,陸海,70,0,70,國票-敦北法人,2024-10-21,0037003700390063
00753L,中信中國50正2,70,0,70,國票-敦北法人,2024-10-21,0037003700390063
2377,微星,65,0,65,國票-敦北法人,2024-10-21,0037003700390063
6451,訊芯-KY,75,13,62,國票-敦北法人,2024-10-21,0037003700390063
4737,華廣,42,0,42,國票-敦北法人,2024-10-21,0037003700390063
4510,高鋒,45,3,42,國票-敦北法人,2024-10-21,0037003700390063
2464,盟立,248,206,42,國票-敦北法人,2024-10-21,0037003700390063
2106,建大,40,0,40,國票-敦北法人,2024-10-21,0037003700390063
3481,群創,40,0,40,國票-敦北法人,2024-10-21,0037003700390063
00882,中信中國高股息,38,0,38,國票-敦北法人,2024-10-21,0037003700390063
00751B,元大AAA至A公司債,36,0,36,國票-敦北法人,2024-10-21,0037003700390063
3189,景碩,84,48,36,國票-敦北法人,2024-10-21,0037003700390063
1342,八貫,35,0,35,國票-敦北法人,2024-10-21,0037003700390063
2891,中信金,48,16,32,國票-敦北法人,2024-10-21,0037003700390063
9910,豐泰,30,0,30,國票-敦北法人,2024-10-21,0037003700390063
00632R,元大台灣50反1,30,0,30,國票-敦北法人,2024-10-21,0037003700390063
3605,宏致,71,41,30,國票-敦北法人,2024-10-21,0037003700390063
3437,榮創,30,1,29,國票-敦北法人,2024-10-21,0037003700390063
3665,貿聯-KY,25,0,25,國票-敦北法人,2024-10-21,0037003700390063
1527,鑽全,27,2,25,國票-敦北法人,2024-10-21,0037003700390063
4966,譜瑞-KY,25,0,25,國票-敦北法人,2024-10-21,0037003700390063
8936,國統,24,0,24,國票-敦北法人,2024-10-21,0037003700390063
2454,聯發科,25,1,24,國票-敦北法人,2024-10-21,0037003700390063
2303,聯電,26,3,23,國票-敦北法人,2024-10-21,0037003700390063
3689,湧德,22,0,22,國票-敦北法人,2024-10-21,0037003700390063
2345,智邦,36,15,21,國票-敦北法人,2024-10-21,0037003700390063
2439,美律,20,0,20,國票-敦北法人,2024-10-21,0037003700390063
00948B,中信優息投資級債,20,0,20,國票-敦北法人,2024-10-21,0037003700390063
1802,台玻,20,1,19,國票-敦北法人,2024-10-21,0037003700390063
00905,FT臺灣Smart,24,5,19,國票-敦北法人,2024-10-21,0037003700390063
2885,元大金,17,0,17,國票-敦北法人,2024-10-21,0037003700390063
4726,永昕,16,0,16,國票-敦北法人,2024-10-21,0037003700390063
2883,凱基金,5008,0,5008,國票-敦北法人,2024-10-22,0037003700390063
00937B,群益ESG投等債20,1619,1,1618,國票-敦北法人,2024-10-22,0037003700390063
00715L,期街口布蘭特正2,827,0,827,國票-敦北法人,2024-10-22,0037003700390063
2313,華通,752,3,749,國票-敦北法人,2024-10-22,0037003700390063
3290,東浦,512,11,501,國票-敦北法人,2024-10-22,0037003700390063
00795B,中信美國公債20年,481,0,481,國票-敦北法人,2024-10-22,0037003700390063
3037,欣興,503,56,447,國票-敦北法人,2024-10-22,0037003700390063
6151,晉倫,435,18,417,國票-敦北法人,2024-10-22,0037003700390063
00957B,兆豐US優選投等債,380,0,380,國票-敦北法人,2024-10-22,0037003700390063
00933B,國泰10Y+金融債,364,1,363,國票-敦北法人,2024-10-22,0037003700390063
6405,悅城,373,38,335,國票-敦北法人,2024-10-22,0037003700390063
2885,元大金,300,0,300,國票-敦北法人,2024-10-22,0037003700390063
8155,博智,298,0,298,國票-敦北法人,2024-10-22,0037003700390063
2882,國泰金,240,0,240,國票-敦北法人,2024-10-22,0037003700390063
2330,台積電,231,8,223,國票-敦北法人,2024-10-22,0037003700390063
2881,富邦金,200,2,198,國票-敦北法人,2024-10-22,0037003700390063
2812,台中銀,181,0,181,國票-敦北法人,2024-10-22,0037003700390063
1605,華新,158,0,158,國票-敦北法人,2024-10-22,0037003700390063
2618,長榮航,144,11,133,國票-敦北法人,2024-10-22,0037003700390063
4958,臻鼎-KY,131,0,131,國票-敦北法人,2024-10-22,0037003700390063
2412,中華電,125,0,125,國票-敦北法人,2024-10-22,0037003700390063
2379,瑞昱,108,1,107,國票-敦北法人,2024-10-22,0037003700390063
2345,智邦,105,2,103,國票-敦北法人,2024-10-22,0037003700390063
2382,廣達,120,22,98,國票-敦北法人,2024-10-22,0037003700390063
9904,寶成,97,6,91,國票-敦北法人,2024-10-22,0037003700390063
3362,先進光,146,58,88,國票-敦北法人,2024-10-22,0037003700390063
00679B,元大美債20年,85,0,85,國票-敦北法人,2024-10-22,0037003700390063
2609,陽明,93,12,81,國票-敦北法人,2024-10-22,0037003700390063
3044,健鼎,67,1,66,國票-敦北法人,2024-10-22,0037003700390063
2615,萬海,73,12,61,國票-敦北法人,2024-10-22,0037003700390063
2059,川湖,59,0,59,國票-敦北法人,2024-10-22,0037003700390063
2233,宇隆,51,1,50,國票-敦北法人,2024-10-22,0037003700390063
2543,皇昌,49,0,49,國票-敦北法人,2024-10-22,0037003700390063
6104,創惟,55,7,48,國票-敦北法人,2024-10-22,0037003700390063
4938,和碩,49,2,47,國票-敦北法人,2024-10-22,0037003700390063
4549,桓達,50,9,41,國票-敦北法人,2024-10-22,0037003700390063
9925,新保,40,0,40,國票-敦北法人,2024-10-22,0037003700390063
2504,國產,39,0,39,國票-敦北法人,2024-10-22,0037003700390063
00948B,中信優息投資級債,38,0,38,國票-敦北法人,2024-10-22,0037003700390063
2363,矽統,47,14,33,國票-敦北法人,2024-10-22,0037003700390063
2312,金寶,49,18,31,國票-敦北法人,2024-10-22,0037003700390063
5469,瀚宇博,30,0,30,國票-敦北法人,2024-10-22,0037003700390063
2610,華航,30,0,30,國票-敦北法人,2024-10-22,0037003700390063
2603,長榮,33,3,30,國票-敦北法人,2024-10-22,0037003700390063
6179,亞通,31,2,29,國票-敦北法人,2024-10-22,0037003700390063
9910,豐泰,26,0,26,國票-敦北法人,2024-10-22,0037003700390063
2891,中信金,25,0,25,國票-敦北法人,2024-10-22,0037003700390063
2385,群光,25,0,25,國票-敦北法人,2024-10-22,0037003700390063
8070,長華*,23,0,23,國票-敦北法人,2024-10-22,0037003700390063
2449,京元電子,44,21,23,國票-敦北法人,2024-10-22,0037003700390063
00673R,期元大S＆P原油反1,1800,0,1800,國票-敦北法人,2024-10-23,0037003700390063
0056,元大高股息,608,0,608,國票-敦北法人,2024-10-23,0037003700390063
2354,鴻準,513,18,495,國票-敦北法人,2024-10-23,0037003700390063
1528,恩德,1910,1552,358,國票-敦北法人,2024-10-23,0037003700390063
3447,展達,350,1,349,國票-敦北法人,2024-10-23,0037003700390063
2421,建準,290,5,285,國票-敦北法人,2024-10-23,0037003700390063
3167,大量,259,15,244,國票-敦北法人,2024-10-23,0037003700390063
9945,潤泰新,170,0,170,國票-敦北法人,2024-10-23,0037003700390063
2489,瑞軒,166,6,160,國票-敦北法人,2024-10-23,0037003700390063
3037,欣興,180,32,148,國票-敦北法人,2024-10-23,0037003700390063
5234,達興材料,119,0,119,國票-敦北法人,2024-10-23,0037003700390063
4958,臻鼎-KY,100,0,100,國票-敦北法人,2024-10-23,0037003700390063
00937B,群益ESG投等債20,94,0,94,國票-敦北法人,2024-10-23,0037003700390063
6515,穎崴,94,3,91,國票-敦北法人,2024-10-23,0037003700390063
2884,玉山金,90,0,90,國票-敦北法人,2024-10-23,0037003700390063
3231,緯創,90,4,86,國票-敦北法人,2024-10-23,0037003700390063
2312,金寶,115,36,79,國票-敦北法人,2024-10-23,0037003700390063
3376,新日興,83,4,79,國票-敦北法人,2024-10-23,0037003700390063
00753L,中信中國50正2,63,0,63,國票-敦北法人,2024-10-23,0037003700390063
6770,力積電,52,0,52,國票-敦北法人,2024-10-23,0037003700390063
2887E,台新戊特,51,0,51,國票-敦北法人,2024-10-23,0037003700390063
6116,彩晶,50,0,50,國票-敦北法人,2024-10-23,0037003700390063
2376,技嘉,53,3,50,國票-敦北法人,2024-10-23,0037003700390063
3044,健鼎,50,1,49,國票-敦北法人,2024-10-23,0037003700390063
3533,嘉澤,40,0,40,國票-敦北法人,2024-10-23,0037003700390063
6658,聯策,56,17,39,國票-敦北法人,2024-10-23,0037003700390063
1569,濱川,60,22,38,國票-敦北法人,2024-10-23,0037003700390063
8028,昇陽半導體,82,48,34,國票-敦北法人,2024-10-23,0037003700390063
00679B,元大美債20年,30,0,30,國票-敦北法人,2024-10-23,0037003700390063
3432,台端,28,0,28,國票-敦北法人,2024-10-23,0037003700390063
2431,聯昌,31,3,28,國票-敦北法人,2024-10-23,0037003700390063
00665L,富邦�琤肭磪囓�2,27,0,27,國票-敦北法人,2024-10-23,0037003700390063
6218,豪勉,44,19,25,國票-敦北法人,2024-10-23,0037003700390063
2453,凌群,29,4,25,國票-敦北法人,2024-10-23,0037003700390063
6156,松上,47,23,24,國票-敦北法人,2024-10-23,0037003700390063
00637L,元大滬深300正2,42,18,24,國票-敦北法人,2024-10-23,0037003700390063
3710,連展投控,23,0,23,國票-敦北法人,2024-10-23,0037003700390063
3481,群創,39,17,22,國票-敦北法人,2024-10-23,0037003700390063
00941,中信上游半導體,21,0,21,國票-敦北法人,2024-10-23,0037003700390063
2059,川湖,23,3,20,國票-敦北法人,2024-10-23,0037003700390063
4147,中裕,40,20,20,國票-敦北法人,2024-10-23,0037003700390063
1735,日勝化,26,6,20,國票-敦北法人,2024-10-23,0037003700390063
2303,聯電,27,8,19,國票-敦北法人,2024-10-23,0037003700390063
6237,驊訊,32,16,16,國票-敦北法人,2024-10-23,0037003700390063
3189,景碩,18,2,16,國票-敦北法人,2024-10-23,0037003700390063
2409,友達,16,0,16,國票-敦北法人,2024-10-23,0037003700390063
2352,佳世達,15,0,15,國票-敦北法人,2024-10-23,0037003700390063
2375,凱美,15,0,15,國票-敦北法人,2024-10-23,0037003700390063
2106,建大,15,0,15,國票-敦北法人,2024-10-23,0037003700390063
6138,茂達,40,25,15,國票-敦北法人,2024-10-23,0037003700390063
2354,鴻準,716,226,490,國票-敦北法人,2024-10-24,0037003700390063
4545,銘鈺,249,3,246,國票-敦北法人,2024-10-24,0037003700390063
3711,日月光投控,350,198,152,國票-敦北法人,2024-10-24,0037003700390063
9945,潤泰新,150,0,150,國票-敦北法人,2024-10-24,0037003700390063
5434,崇越,143,20,123,國票-敦北法人,2024-10-24,0037003700390063
6667,信紘科,125,5,120,國票-敦北法人,2024-10-24,0037003700390063
00948B,中信優息投資級債,118,0,118,國票-敦北法人,2024-10-24,0037003700390063
8249,菱光,120,11,109,國票-敦北法人,2024-10-24,0037003700390063
2059,川湖,110,17,93,國票-敦北法人,2024-10-24,0037003700390063
8028,昇陽半導體,172,80,92,國票-敦北法人,2024-10-24,0037003700390063
2330,台積電,137,52,85,國票-敦北法人,2024-10-24,0037003700390063
2618,長榮航,81,4,77,國票-敦北法人,2024-10-24,0037003700390063
3037,欣興,87,13,74,國票-敦北法人,2024-10-24,0037003700390063
2353,宏��,73,1,72,國票-敦北法人,2024-10-24,0037003700390063
2449,京元電子,116,56,60,國票-敦北法人,2024-10-24,0037003700390063
2385,群光,61,1,60,國票-敦北法人,2024-10-24,0037003700390063
5457,宣德,60,0,60,國票-敦北法人,2024-10-24,0037003700390063
2313,華通,51,0,51,國票-敦北法人,2024-10-24,0037003700390063
3044,健鼎,51,0,51,國票-敦北法人,2024-10-24,0037003700390063
2887E,台新戊特,50,0,50,國票-敦北法人,2024-10-24,0037003700390063
4958,臻鼎-KY,50,0,50,國票-敦北法人,2024-10-24,0037003700390063
5876,上海商銀,42,0,42,國票-敦北法人,2024-10-24,0037003700390063
6643,M31,53,11,42,國票-敦北法人,2024-10-24,0037003700390063
3231,緯創,41,2,39,國票-敦北法人,2024-10-24,0037003700390063
3376,新日興,58,19,39,國票-敦北法人,2024-10-24,0037003700390063
3290,東浦,111,75,36,國票-敦北法人,2024-10-24,0037003700390063
6104,創惟,37,5,32,國票-敦北法人,2024-10-24,0037003700390063
3010,華立,30,0,30,國票-敦北法人,2024-10-24,0037003700390063
2388,威盛,43,14,29,國票-敦北法人,2024-10-24,0037003700390063
00937B,群益ESG投等債20,28,0,28,國票-敦北法人,2024-10-24,0037003700390063
5274,信驊,27,1,26,國票-敦北法人,2024-10-24,0037003700390063
6669,緯穎,29,4,25,國票-敦北法人,2024-10-24,0037003700390063
9904,寶成,25,0,25,國票-敦北法人,2024-10-24,0037003700390063
3481,群創,33,10,23,國票-敦北法人,2024-10-24,0037003700390063
2603,長榮,23,1,22,國票-敦北法人,2024-10-24,0037003700390063
2375,凱美,21,0,21,國票-敦北法人,2024-10-24,0037003700390063
00951,台新日本半導體,20,0,20,國票-敦北法人,2024-10-24,0037003700390063
4147,中裕,20,0,20,國票-敦北法人,2024-10-24,0037003700390063
5269,祥碩,22,3,19,國票-敦北法人,2024-10-24,0037003700390063
4729,熒茂,41,24,17,國票-敦北法人,2024-10-24,0037003700390063
3141,晶宏,20,3,17,國票-敦北法人,2024-10-24,0037003700390063
6735,美達科技,25,9,16,國票-敦北法人,2024-10-24,0037003700390063
3432,台端,16,0,16,國票-敦北法人,2024-10-24,0037003700390063
2495,普安,26,10,16,國票-敦北法人,2024-10-24,0037003700390063
2891,中信金,16,0,16,國票-敦北法人,2024-10-24,0037003700390063
1307,三芳,15,0,15,國票-敦北法人,2024-10-24,0037003700390063
4555,氣立,15,0,15,國票-敦北法人,2024-10-24,0037003700390063
9934,成霖,15,0,15,國票-敦北法人,2024-10-24,0037003700390063
1409,新纖,15,0,15,國票-敦北法人,2024-10-24,0037003700390063
2345,智邦,15,0,15,國票-敦北法人,2024-10-24,0037003700390063
2477,美隆電,526,2,524,國票-敦北法人,2024-10-25,0037003700390063
2431,聯昌,493,4,489,國票-敦北法人,2024-10-25,0037003700390063
2412,中華電,440,0,440,國票-敦北法人,2024-10-25,0037003700390063
2330,台積電,354,52,302,國票-敦北法人,2024-10-25,0037003700390063
8032,光菱,233,3,230,國票-敦北法人,2024-10-25,0037003700390063
3037,欣興,234,12,222,國票-敦北法人,2024-10-25,0037003700390063
2354,鴻準,286,71,215,國票-敦北法人,2024-10-25,0037003700390063
3290,東浦,319,146,173,國票-敦北法人,2024-10-25,0037003700390063
9945,潤泰新,142,0,142,國票-敦北法人,2024-10-25,0037003700390063
9910,豐泰,117,0,117,國票-敦北法人,2024-10-25,0037003700390063
3231,緯創,204,92,112,國票-敦北法人,2024-10-25,0037003700390063
2449,京元電子,101,0,101,國票-敦北法人,2024-10-25,0037003700390063
1216,統一,100,0,100,國票-敦北法人,2024-10-25,0037003700390063
2382,廣達,105,6,99,國票-敦北法人,2024-10-25,0037003700390063
2313,華通,88,2,86,國票-敦北法人,2024-10-25,0037003700390063
00687B,國泰20年美債,71,0,71,國票-敦北法人,2024-10-25,0037003700390063
2486,一詮,82,24,58,國票-敦北法人,2024-10-25,0037003700390063
3044,健鼎,59,5,54,國票-敦北法人,2024-10-25,0037003700390063
3324,雙鴻,60,6,54,國票-敦北法人,2024-10-25,0037003700390063
4162,智擎,51,0,51,國票-敦北法人,2024-10-25,0037003700390063
1605,華新,53,4,49,國票-敦北法人,2024-10-25,0037003700390063
4958,臻鼎-KY,45,0,45,國票-敦北法人,2024-10-25,0037003700390063
2059,川湖,42,0,42,國票-敦北法人,2024-10-25,0037003700390063
5457,宣德,40,0,40,國票-敦北法人,2024-10-25,0037003700390063
3036,文曄,41,7,34,國票-敦北法人,2024-10-25,0037003700390063
3017,奇鋐,50,19,31,國票-敦北法人,2024-10-25,0037003700390063
8069,元太,31,1,30,國票-敦北法人,2024-10-25,0037003700390063
3360,尚立,30,0,30,國票-敦北法人,2024-10-25,0037003700390063
4927,泰鼎-KY,30,0,30,國票-敦北法人,2024-10-25,0037003700390063
5603,陸海,27,0,27,國票-敦北法人,2024-10-25,0037003700390063
3432,台端,27,0,27,國票-敦北法人,2024-10-25,0037003700390063
5434,崇越,25,0,25,國票-敦北法人,2024-10-25,0037003700390063
6509,聚和,21,0,21,國票-敦北法人,2024-10-25,0037003700390063
2207,和泰車,20,0,20,國票-敦北法人,2024-10-25,0037003700390063
2375,凱美,19,0,19,國票-敦北法人,2024-10-25,0037003700390063
6805,富世達,19,0,19,國票-敦北法人,2024-10-25,0037003700390063
4416,三圓,17,0,17,國票-敦北法人,2024-10-25,0037003700390063
2388,威盛,17,1,16,國票-敦北法人,2024-10-25,0037003700390063
00655L,國泰中國A50正2,15,0,15,國票-敦北法人,2024-10-25,0037003700390063
8932,智通*,15,0,15,國票-敦北法人,2024-10-25,0037003700390063
3217,優群,15,0,15,國票-敦北法人,2024-10-25,0037003700390063
2457,飛宏,15,0,15,國票-敦北法人,2024-10-25,0037003700390063
2887E,台新戊特,15,0,15,國票-敦北法人,2024-10-25,0037003700390063
2303,聯電,14,0,14,國票-敦北法人,2024-10-25,0037003700390063
4549,桓達,19,5,14,國票-敦北法人,2024-10-25,0037003700390063
2233,宇隆,18,4,14,國票-敦北法人,2024-10-25,0037003700390063
1528,恩德,36,24,12,國票-敦北法人,2024-10-25,0037003700390063
2439,美律,12,0,12,國票-敦北法人,2024-10-25,0037003700390063
8114,振樺電,12,0,12,國票-敦北法人,2024-10-25,0037003700390063
2344,華邦電,11,0,11,國票-敦北法人,2024-10-25,0037003700390063
00673R,期元大S＆P原油反1,750,0,750,國票-敦北法人,2024-10-28,0037003700390063
2413,環科,489,17,472,國票-敦北法人,2024-10-28,0037003700390063
00715L,期街口布蘭特正2,466,0,466,國票-敦北法人,2024-10-28,0037003700390063
2354,鴻準,581,330,251,國票-敦北法人,2024-10-28,0037003700390063
2885,元大金,204,0,204,國票-敦北法人,2024-10-28,0037003700390063
1301,台塑,151,0,151,國票-敦北法人,2024-10-28,0037003700390063
3037,欣興,94,9,85,國票-敦北法人,2024-10-28,0037003700390063
3017,奇鋐,88,18,70,國票-敦北法人,2024-10-28,0037003700390063
4919,新唐,73,9,64,國票-敦北法人,2024-10-28,0037003700390063
8028,昇陽半導體,174,114,60,國票-敦北法人,2024-10-28,0037003700390063
4162,智擎,61,1,60,國票-敦北法人,2024-10-28,0037003700390063
3290,東浦,70,28,42,國票-敦北法人,2024-10-28,0037003700390063
2059,川湖,38,0,38,國票-敦北法人,2024-10-28,0037003700390063
2382,廣達,56,18,38,國票-敦北法人,2024-10-28,0037003700390063
2642,宅配通,35,1,34,國票-敦北法人,2024-10-28,0037003700390063
3023,信邦,30,0,30,國票-敦北法人,2024-10-28,0037003700390063
00753L,中信中國50正2,30,1,29,國票-敦北法人,2024-10-28,0037003700390063
5603,陸海,57,28,29,國票-敦北法人,2024-10-28,0037003700390063
9910,豐泰,29,0,29,國票-敦北法人,2024-10-28,0037003700390063
3372,典範,27,0,27,國票-敦北法人,2024-10-28,0037003700390063
3231,緯創,48,22,26,國票-敦北法人,2024-10-28,0037003700390063
2535,達欣工,25,0,25,國票-敦北法人,2024-10-28,0037003700390063
6244,茂迪,22,0,22,國票-敦北法人,2024-10-28,0037003700390063
6164,華興,20,0,20,國票-敦北法人,2024-10-28,0037003700390063
6515,穎崴,20,0,20,國票-敦北法人,2024-10-28,0037003700390063
3014,聯陽,20,0,20,國票-敦北法人,2024-10-28,0037003700390063
00934,中信成長高股息,18,0,18,國票-敦北法人,2024-10-28,0037003700390063
2457,飛宏,15,0,15,國票-敦北法人,2024-10-28,0037003700390063
5202,力新,35,21,14,國票-敦北法人,2024-10-28,0037003700390063
2303,聯電,13,0,13,國票-敦北法人,2024-10-28,0037003700390063
2891,中信金,13,0,13,國票-敦北法人,2024-10-28,0037003700390063
6658,聯策,22,9,13,國票-敦北法人,2024-10-28,0037003700390063
2486,一詮,35,22,13,國票-敦北法人,2024-10-28,0037003700390063
1449,佳和,17,6,11,國票-敦北法人,2024-10-28,0037003700390063
3607,谷崧,11,0,11,國票-敦北法人,2024-10-28,0037003700390063
00680L,元大美債20正2,11,0,11,國票-敦北法人,2024-10-28,0037003700390063
1597,直得,11,0,11,國票-敦北法人,2024-10-28,0037003700390063
4971,IET-KY,11,0,11,國票-敦北法人,2024-10-28,0037003700390063
6462,神盾,10,0,10,國票-敦北法人,2024-10-28,0037003700390063
00922,國泰台灣領袖50,18,8,10,國票-敦北法人,2024-10-28,0037003700390063
1409,新纖,10,0,10,國票-敦北法人,2024-10-28,0037003700390063
1528,恩德,34,24,10,國票-敦北法人,2024-10-28,0037003700390063
2353,宏��,10,0,10,國票-敦北法人,2024-10-28,0037003700390063
00706L,期元大S＆P日圓正2,10,0,10,國票-敦北法人,2024-10-28,0037003700390063
00688L,國泰20年美債正2,10,0,10,國票-敦北法人,2024-10-28,0037003700390063
3363,上詮,22,13,9,國票-敦北法人,2024-10-28,0037003700390063
6101,寬魚國際,18,9,9,國票-敦北法人,2024-10-28,0037003700390063
6104,創惟,16,7,9,國票-敦北法人,2024-10-28,0037003700390063
2376,技嘉,12,3,9,國票-敦北法人,2024-10-28,0037003700390063
00725B,國泰投資級公司債,8,0,8,國票-敦北法人,2024-10-28,0037003700390063
2888,新光金,26477,0,26477,國票-敦北法人,2024-10-29,0037003700390063
2303,聯電,1873,21,1852,國票-敦北法人,2024-10-29,0037003700390063
4904,遠傳,743,0,743,國票-敦北法人,2024-10-29,0037003700390063
2412,中華電,495,0,495,國票-敦北法人,2024-10-29,0037003700390063
3702,大聯大,329,0,329,國票-敦北法人,2024-10-29,0037003700390063
2377,微星,309,2,307,國票-敦北法人,2024-10-29,0037003700390063
00636,國泰中國A50,300,0,300,國票-敦北法人,2024-10-29,0037003700390063
00632R,元大台灣50反1,300,9,291,國票-敦北法人,2024-10-29,0037003700390063
00753L,中信中國50正2,207,3,204,國票-敦北法人,2024-10-29,0037003700390063
2449,京元電子,194,3,191,國票-敦北法人,2024-10-29,0037003700390063
1560,中砂,159,0,159,國票-敦北法人,2024-10-29,0037003700390063
2317,鴻海,190,39,151,國票-敦北法人,2024-10-29,0037003700390063
2607,榮運,150,0,150,國票-敦北法人,2024-10-29,0037003700390063
2618,長榮航,140,2,138,國票-敦北法人,2024-10-29,0037003700390063
2393,億光,178,40,138,國票-敦北法人,2024-10-29,0037003700390063
5483,中美晶,117,0,117,國票-敦北法人,2024-10-29,0037003700390063
1802,台玻,115,3,112,國票-敦北法人,2024-10-29,0037003700390063
00948B,中信優息投資級債,100,0,100,國票-敦北法人,2024-10-29,0037003700390063
2867,三商壽,100,0,100,國票-敦北法人,2024-10-29,0037003700390063
2892,第一金,98,0,98,國票-敦北法人,2024-10-29,0037003700390063
6191,精成科,85,0,85,國票-敦北法人,2024-10-29,0037003700390063
8112,至上,77,0,77,國票-敦北法人,2024-10-29,0037003700390063
00929,復華台灣科技優息,73,0,73,國票-敦北法人,2024-10-29,0037003700390063
3017,奇鋐,77,6,71,國票-敦北法人,2024-10-29,0037003700390063
3661,世芯-KY,73,3,70,國票-敦北法人,2024-10-29,0037003700390063
6156,松上,105,41,64,國票-敦北法人,2024-10-29,0037003700390063
6269,台郡,62,0,62,國票-敦北法人,2024-10-29,0037003700390063
6189,豐藝,58,0,58,國票-敦北法人,2024-10-29,0037003700390063
4915,致伸,54,0,54,國票-敦北法人,2024-10-29,0037003700390063
3596,智易,52,0,52,國票-敦北法人,2024-10-29,0037003700390063
8255,朋程,50,0,50,國票-敦北法人,2024-10-29,0037003700390063
2363,矽統,50,0,50,國票-敦北法人,2024-10-29,0037003700390063
1528,恩德,46,4,42,國票-敦北法人,2024-10-29,0037003700390063
1216,統一,40,0,40,國票-敦北法人,2024-10-29,0037003700390063
5871,中租-KY,34,0,34,國票-敦北法人,2024-10-29,0037003700390063
6121,新普,32,0,32,國票-敦北法人,2024-10-29,0037003700390063
2006,東和鋼鐵,30,0,30,國票-敦北法人,2024-10-29,0037003700390063
3653,健策,62,32,30,國票-敦北法人,2024-10-29,0037003700390063
00642U,期元大S＆P石油,30,0,30,國票-敦北法人,2024-10-29,0037003700390063
3042,晶技,28,0,28,國票-敦北法人,2024-10-29,0037003700390063
00919,群益台灣精選高息,28,1,27,國票-敦北法人,2024-10-29,0037003700390063
0056,元大高股息,27,0,27,國票-敦北法人,2024-10-29,0037003700390063
6278,台表科,27,0,27,國票-敦北法人,2024-10-29,0037003700390063
6442,光聖,28,3,25,國票-敦北法人,2024-10-29,0037003700390063
3014,聯陽,25,0,25,國票-敦北法人,2024-10-29,0037003700390063
5603,陸海,59,35,24,國票-敦北法人,2024-10-29,0037003700390063
00882,中信中國高股息,30,6,24,國票-敦北法人,2024-10-29,0037003700390063
3447,展達,24,0,24,國票-敦北法人,2024-10-29,0037003700390063
2543,皇昌,24,1,23,國票-敦北法人,2024-10-29,0037003700390063
3711,日月光投控,23,1,22,國票-敦北法人,2024-10-29,0037003700390063
020039,元大加權N,3444,0,3444,國票-敦北法人,2024-10-30,0037003700390063
3037,欣興,287,16,271,國票-敦北法人,2024-10-30,0037003700390063
2345,智邦,220,0,220,國票-敦北法人,2024-10-30,0037003700390063
00959B,大華投等美債15Y+,210,0,210,國票-敦北法人,2024-10-30,0037003700390063
3035,智原,156,5,151,國票-敦北法人,2024-10-30,0037003700390063
00753L,中信中國50正2,120,0,120,國票-敦北法人,2024-10-30,0037003700390063
6216,居易,108,0,108,國票-敦北法人,2024-10-30,0037003700390063
2607,榮運,101,0,101,國票-敦北法人,2024-10-30,0037003700390063
2887E,台新戊特,74,0,74,國票-敦北法人,2024-10-30,0037003700390063
6640,均華,58,4,54,國票-敦北法人,2024-10-30,0037003700390063
3017,奇鋐,55,4,51,國票-敦北法人,2024-10-30,0037003700390063
3432,台端,45,0,45,國票-敦北法人,2024-10-30,0037003700390063
6190,萬泰科,42,0,42,國票-敦北法人,2024-10-30,0037003700390063
2049,上銀,40,0,40,國票-敦北法人,2024-10-30,0037003700390063
3481,群創,47,10,37,國票-敦北法人,2024-10-30,0037003700390063
6271,同欣電,37,0,37,國票-敦北法人,2024-10-30,0037003700390063
8390,金益鼎,37,2,35,國票-敦北法人,2024-10-30,0037003700390063
8047,星雲,30,0,30,國票-敦北法人,2024-10-30,0037003700390063
9914,美利達,27,0,27,國票-敦北法人,2024-10-30,0037003700390063
1605,華新,25,0,25,國票-敦北法人,2024-10-30,0037003700390063
3324,雙鴻,31,6,25,國票-敦北法人,2024-10-30,0037003700390063
00637L,元大滬深300正2,49,25,24,國票-敦北法人,2024-10-30,0037003700390063
00915,凱基優選高股息30,21,0,21,國票-敦北法人,2024-10-30,0037003700390063
2363,矽統,22,1,21,國票-敦北法人,2024-10-30,0037003700390063
00878,國泰永續高股息,20,0,20,國票-敦北法人,2024-10-30,0037003700390063
2409,友達,40,20,20,國票-敦北法人,2024-10-30,0037003700390063
9958,世紀鋼,20,0,20,國票-敦北法人,2024-10-30,0037003700390063
2486,一詮,30,11,19,國票-敦北法人,2024-10-30,0037003700390063
4532,瑞智,18,0,18,國票-敦北法人,2024-10-30,0037003700390063
00650L,復華香港正2,18,0,18,國票-敦北法人,2024-10-30,0037003700390063
6246,臺龍,23,5,18,國票-敦北法人,2024-10-30,0037003700390063
2317,鴻海,51,35,16,國票-敦北法人,2024-10-30,0037003700390063
8028,昇陽半導體,139,123,16,國票-敦北法人,2024-10-30,0037003700390063
3455,由田,17,1,16,國票-敦北法人,2024-10-30,0037003700390063
1815,富喬,15,0,15,國票-敦北法人,2024-10-30,0037003700390063
2241,艾姆勒,15,0,15,國票-敦北法人,2024-10-30,0037003700390063
00665L,富邦�琤肭磪囓�2,14,0,14,國票-敦北法人,2024-10-30,0037003700390063
6134,萬旭,49,36,13,國票-敦北法人,2024-10-30,0037003700390063
8367,建新國際,12,0,12,國票-敦北法人,2024-10-30,0037003700390063
6257,矽格,11,0,11,國票-敦北法人,2024-10-30,0037003700390063
4909,新復興,17,6,11,國票-敦北法人,2024-10-30,0037003700390063
00795B,中信美國公債20年,10,0,10,國票-敦北法人,2024-10-30,0037003700390063
00936,台新永續高息中小,10,0,10,國票-敦北法人,2024-10-30,0037003700390063
8011,台通,24,14,10,國票-敦北法人,2024-10-30,0037003700390063
1307,三芳,8,0,8,國票-敦北法人,2024-10-30,0037003700390063
6415,矽力*-KY,23,15,8,國票-敦北法人,2024-10-30,0037003700390063
4554,橙的,8,0,8,國票-敦北法人,2024-10-30,0037003700390063
8105,凌巨,8,0,8,國票-敦北法人,2024-10-30,0037003700390063
3081,聯亞,9,1,8,國票-敦北法人,2024-10-30,0037003700390063
6197,佳必琪,11,4,7,國票-敦北法人,2024-10-30,0037003700390063
2354,鴻準,1599,544,1055,國票-敦北法人,2024-11-01,0037003700390063
4904,遠傳,584,0,584,國票-敦北法人,2024-11-01,0037003700390063
00715L,期街口布蘭特正2,510,10,500,國票-敦北法人,2024-11-01,0037003700390063
3711,日月光投控,405,1,404,國票-敦北法人,2024-11-01,0037003700390063
2607,榮運,400,1,399,國票-敦北法人,2024-11-01,0037003700390063
2615,萬海,312,23,289,國票-敦北法人,2024-11-01,0037003700390063
00830,國泰費城半導體,254,0,254,國票-敦北法人,2024-11-01,0037003700390063
6658,聯策,249,4,245,國票-敦北法人,2024-11-01,0037003700390063
0056,元大高股息,229,0,229,國票-敦北法人,2024-11-01,0037003700390063
3037,欣興,229,25,204,國票-敦北法人,2024-11-01,0037003700390063
00637L,元大滬深300正2,210,25,185,國票-敦北法人,2024-11-01,0037003700390063
2376,技嘉,232,62,170,國票-敦北法人,2024-11-01,0037003700390063
4991,環宇-KY,108,0,108,國票-敦北法人,2024-11-01,0037003700390063
2360,致茂,114,7,107,國票-敦北法人,2024-11-01,0037003700390063
2313,華通,100,1,99,國票-敦北法人,2024-11-01,0037003700390063
00665L,富邦�琤肭磪囓�2,80,0,80,國票-敦北法人,2024-11-01,0037003700390063
2897B,王道銀乙特,74,0,74,國票-敦北法人,2024-11-01,0037003700390063
00700,富邦�琤肭磪�,66,0,66,國票-敦北法人,2024-11-01,0037003700390063
6491,晶碩,54,0,54,國票-敦北法人,2024-11-01,0037003700390063
2301,光寶科,52,1,51,國票-敦北法人,2024-11-01,0037003700390063
1319,東陽,46,0,46,國票-敦北法人,2024-11-01,0037003700390063
2543,皇昌,44,0,44,國票-敦北法人,2024-11-01,0037003700390063
00712,復華富時不動產,41,0,41,國票-敦北法人,2024-11-01,0037003700390063
6216,居易,35,2,33,國票-敦北法人,2024-11-01,0037003700390063
3432,台端,33,0,33,國票-敦北法人,2024-11-01,0037003700390063
00664R,國泰臺灣加權反1,30,0,30,國票-敦北法人,2024-11-01,0037003700390063
00882,中信中國高股息,40,10,30,國票-敦北法人,2024-11-01,0037003700390063
00929,復華台灣科技優息,30,0,30,國票-敦北法人,2024-11-01,0037003700390063
00878,國泰永續高股息,30,2,28,國票-敦北法人,2024-11-01,0037003700390063
2303,聯電,27,1,26,國票-敦北法人,2024-11-01,0037003700390063
2317,鴻海,30,5,25,國票-敦北法人,2024-11-01,0037003700390063
00941,中信上游半導體,21,0,21,國票-敦北法人,2024-11-01,0037003700390063
6550,北極星藥業-KY,21,1,20,國票-敦北法人,2024-11-01,0037003700390063
6416,瑞祺電通,20,0,20,國票-敦北法人,2024-11-01,0037003700390063
6164,華興,20,0,20,國票-敦北法人,2024-11-01,0037003700390063
8249,菱光,21,2,19,國票-敦北法人,2024-11-01,0037003700390063
6488,環球晶,20,1,19,國票-敦北法人,2024-11-01,0037003700390063
3481,群創,20,2,18,國票-敦北法人,2024-11-01,0037003700390063
2344,華邦電,22,5,17,國票-敦北法人,2024-11-01,0037003700390063
8932,智通*,17,0,17,國票-敦北法人,2024-11-01,0037003700390063
2912,統一超,17,0,17,國票-敦北法人,2024-11-01,0037003700390063
1532,勤美,16,0,16,國票-敦北法人,2024-11-01,0037003700390063
3653,健策,20,4,16,國票-敦北法人,2024-11-01,0037003700390063
2646,星宇航空,18,2,16,國票-敦北法人,2024-11-01,0037003700390063
5438,東友,31,16,15,國票-敦北法人,2024-11-01,0037003700390063
6223,旺矽,16,1,15,國票-敦北法人,2024-11-01,0037003700390063
2884,玉山金,23,10,13,國票-敦北法人,2024-11-01,0037003700390063
2415,錩新,13,0,13,國票-敦北法人,2024-11-01,0037003700390063
2345,智邦,12,0,12,國票-敦北法人,2024-11-01,0037003700390063
3443,創意,30,18,12,國票-敦北法人,2024-11-01,0037003700390063
020039,元大加權N,5880,1944,3936,國票-敦北法人,2024-11-04,0037003700390063
00673R,期元大S＆P原油反1,1266,0,1266,國票-敦北法人,2024-11-04,0037003700390063
02001S,策元大加權策略N,455,0,455,國票-敦北法人,2024-11-04,0037003700390063
4903,聯光通,434,19,415,國票-敦北法人,2024-11-04,0037003700390063
4991,環宇-KY,387,112,275,國票-敦北法人,2024-11-04,0037003700390063
1736,喬山,261,0,261,國票-敦北法人,2024-11-04,0037003700390063
2382,廣達,328,72,256,國票-敦北法人,2024-11-04,0037003700390063
6530,創威,259,4,255,國票-敦北法人,2024-11-04,0037003700390063
2607,榮運,253,3,250,國票-敦北法人,2024-11-04,0037003700390063
3231,緯創,230,40,190,國票-敦北法人,2024-11-04,0037003700390063
2449,京元電子,248,59,189,國票-敦北法人,2024-11-04,0037003700390063
3450,聯鈞,210,21,189,國票-敦北法人,2024-11-04,0037003700390063
6535,順藥,162,0,162,國票-敦北法人,2024-11-04,0037003700390063
2371,大同,151,0,151,國票-敦北法人,2024-11-04,0037003700390063
00665L,富邦�琤肭磪囓�2,145,0,145,國票-敦北法人,2024-11-04,0037003700390063
6442,光聖,118,1,117,國票-敦北法人,2024-11-04,0037003700390063
00753L,中信中國50正2,107,0,107,國票-敦北法人,2024-11-04,0037003700390063
6451,訊芯-KY,100,0,100,國票-敦北法人,2024-11-04,0037003700390063
8390,金益鼎,99,5,94,國票-敦北法人,2024-11-04,0037003700390063
2330,台積電,67,6,61,國票-敦北法人,2024-11-04,0037003700390063
8047,星雲,65,7,58,國票-敦北法人,2024-11-04,0037003700390063
6603,富強鑫,52,0,52,國票-敦北法人,2024-11-04,0037003700390063
6446,藥華藥,48,1,47,國票-敦北法人,2024-11-04,0037003700390063
2360,致茂,49,2,47,國票-敦北法人,2024-11-04,0037003700390063
5347,世界,43,1,42,國票-敦北法人,2024-11-04,0037003700390063
2610,華航,40,0,40,國票-敦北法人,2024-11-04,0037003700390063
3661,世芯-KY,41,2,39,國票-敦北法人,2024-11-04,0037003700390063
1477,聚陽,50,12,38,國票-敦北法人,2024-11-04,0037003700390063
2303,聯電,37,1,36,國票-敦北法人,2024-11-04,0037003700390063
2369,菱生,43,8,35,國票-敦北法人,2024-11-04,0037003700390063
00948B,中信優息投資級債,33,0,33,國票-敦北法人,2024-11-04,0037003700390063
6669,緯穎,34,3,31,國票-敦北法人,2024-11-04,0037003700390063
00636,國泰中國A50,30,0,30,國票-敦北法人,2024-11-04,0037003700390063
2308,台達電,28,1,27,國票-敦北法人,2024-11-04,0037003700390063
2439,美律,27,0,27,國票-敦北法人,2024-11-04,0037003700390063
3131,弘塑,26,0,26,國票-敦北法人,2024-11-04,0037003700390063
5351,鈺創,22,1,21,國票-敦北法人,2024-11-04,0037003700390063
00945B,凱基美國非投等債,20,0,20,國票-敦北法人,2024-11-04,0037003700390063
00719B,元大美債1-3,20,0,20,國票-敦北法人,2024-11-04,0037003700390063
6190,萬泰科,19,0,19,國票-敦北法人,2024-11-04,0037003700390063
2409,友達,28,9,19,國票-敦北法人,2024-11-04,0037003700390063
2329,華泰,20,2,18,國票-敦北法人,2024-11-04,0037003700390063
2486,一詮,17,1,16,國票-敦北法人,2024-11-04,0037003700390063
3217,優群,16,0,16,國票-敦北法人,2024-11-04,0037003700390063
1314,中石化,15,0,15,國票-敦北法人,2024-11-04,0037003700390063
2646,星宇航空,16,2,14,國票-敦北法人,2024-11-04,0037003700390063
3702,大聯大,14,0,14,國票-敦北法人,2024-11-04,0037003700390063
2609,陽明,26,12,14,國票-敦北法人,2024-11-04,0037003700390063
5438,東友,25,11,14,國票-敦北法人,2024-11-04,0037003700390063
3466,德晉,12,0,12,國票-敦北法人,2024-11-04,0037003700390063
2882,國泰金,1500,5,1495,國票-敦北法人,2024-11-05,0037003700390063
2356,英業達,1426,95,1331,國票-敦北法人,2024-11-05,0037003700390063
00665L,富邦�琤肭磪囓�2,1118,5,1113,國票-敦北法人,2024-11-05,0037003700390063
2449,京元電子,538,6,532,國票-敦北法人,2024-11-05,0037003700390063
2467,志聖,404,5,399,國票-敦北法人,2024-11-05,0037003700390063
2376,技嘉,379,24,355,國票-敦北法人,2024-11-05,0037003700390063
3231,緯創,326,19,307,國票-敦北法人,2024-11-05,0037003700390063
2317,鴻海,260,10,250,國票-敦北法人,2024-11-05,0037003700390063
2360,致茂,201,1,200,國票-敦北法人,2024-11-05,0037003700390063
4919,新唐,171,6,165,國票-敦北法人,2024-11-05,0037003700390063
2345,智邦,165,0,165,國票-敦北法人,2024-11-05,0037003700390063
2382,廣達,142,21,121,國票-敦北法人,2024-11-05,0037003700390063
6223,旺矽,121,8,113,國票-敦北法人,2024-11-05,0037003700390063
1307,三芳,82,8,74,國票-敦北法人,2024-11-05,0037003700390063
3711,日月光投控,74,1,73,國票-敦北法人,2024-11-05,0037003700390063
2439,美律,68,1,67,國票-敦北法人,2024-11-05,0037003700390063
2501,國建,51,0,51,國票-敦北法人,2024-11-05,0037003700390063
8028,昇陽半導體,194,153,41,國票-敦北法人,2024-11-05,0037003700390063
3665,貿聯-KY,42,1,41,國票-敦北法人,2024-11-05,0037003700390063
1313,聯成,40,0,40,國票-敦北法人,2024-11-05,0037003700390063
00937B,群益ESG投等債20,32,0,32,國票-敦北法人,2024-11-05,0037003700390063
00878,國泰永續高股息,37,7,30,國票-敦北法人,2024-11-05,0037003700390063
2395,研華,28,0,28,國票-敦北法人,2024-11-05,0037003700390063
2368,金像電,26,0,26,國票-敦北法人,2024-11-05,0037003700390063
1477,聚陽,25,0,25,國票-敦北法人,2024-11-05,0037003700390063
2891,中信金,45,21,24,國票-敦北法人,2024-11-05,0037003700390063
6807,峰源-KY,21,0,21,國票-敦北法人,2024-11-05,0037003700390063
1815,富喬,33,13,20,國票-敦北法人,2024-11-05,0037003700390063
6515,穎崴,20,0,20,國票-敦北法人,2024-11-05,0037003700390063
00688L,國泰20年美債正2,20,0,20,國票-敦北法人,2024-11-05,0037003700390063
1301,台塑,20,0,20,國票-敦北法人,2024-11-05,0037003700390063
3714,富采,20,1,19,國票-敦北法人,2024-11-05,0037003700390063
2851,中再保,19,0,19,國票-敦北法人,2024-11-05,0037003700390063
4566,時碩工業,16,0,16,國票-敦北法人,2024-11-05,0037003700390063
2314,台揚,32,17,15,國票-敦北法人,2024-11-05,0037003700390063
4526,東台,20,6,14,國票-敦北法人,2024-11-05,0037003700390063
3653,健策,24,10,14,國票-敦北法人,2024-11-05,0037003700390063
2493,揚博,22,9,13,國票-敦北法人,2024-11-05,0037003700390063
6101,寬魚國際,12,0,12,國票-敦北法人,2024-11-05,0037003700390063
8064,東捷,16,5,11,國票-敦北法人,2024-11-05,0037003700390063
6134,萬旭,24,13,11,國票-敦北法人,2024-11-05,0037003700390063
2353,宏��,11,0,11,國票-敦北法人,2024-11-05,0037003700390063
3712,永崴投控,10,0,10,國票-敦北法人,2024-11-05,0037003700390063
1909,榮成,10,0,10,國票-敦北法人,2024-11-05,0037003700390063
4430,耀億,10,0,10,國票-敦北法人,2024-11-05,0037003700390063
8105,凌巨,10,0,10,國票-敦北法人,2024-11-05,0037003700390063
8374,羅昇,10,0,10,國票-敦北法人,2024-11-05,0037003700390063
2419,仲琦,18,8,10,國票-敦北法人,2024-11-05,0037003700390063
2613,中櫃,14,5,9,國票-敦北法人,2024-11-05,0037003700390063
1524,耿鼎,11,2,9,國票-敦北法人,2024-11-05,0037003700390063
00878,國泰永續高股息,1015,4,1011,國票-敦北法人,2024-11-06,0037003700390063
2317,鴻海,822,22,800,國票-敦北法人,2024-11-06,0037003700390063
00795B,中信美國公債20年,492,0,492,國票-敦北法人,2024-11-06,0037003700390063
02001S,策元大加權策略N,910,455,455,國票-敦北法人,2024-11-06,0037003700390063
2449,京元電子,379,12,367,國票-敦北法人,2024-11-06,0037003700390063
00680L,元大美債20正2,338,0,338,國票-敦北法人,2024-11-06,0037003700390063
1785,光洋科,301,0,301,國票-敦北法人,2024-11-06,0037003700390063
2308,台達電,275,1,274,國票-敦北法人,2024-11-06,0037003700390063
2886,兆豐金,240,0,240,國票-敦北法人,2024-11-06,0037003700390063
2412,中華電,225,0,225,國票-敦北法人,2024-11-06,0037003700390063
1477,聚陽,200,2,198,國票-敦北法人,2024-11-06,0037003700390063
2360,致茂,181,3,178,國票-敦北法人,2024-11-06,0037003700390063
2383,台光電,179,1,178,國票-敦北法人,2024-11-06,0037003700390063
8028,昇陽半導體,327,182,145,國票-敦北法人,2024-11-06,0037003700390063
00687B,國泰20年美債,142,0,142,國票-敦北法人,2024-11-06,0037003700390063
3231,緯創,168,26,142,國票-敦北法人,2024-11-06,0037003700390063
2376,技嘉,171,38,133,國票-敦北法人,2024-11-06,0037003700390063
2354,鴻準,553,426,127,國票-敦北法人,2024-11-06,0037003700390063
00937B,群益ESG投等債20,126,2,124,國票-敦北法人,2024-11-06,0037003700390063
6438,迅得,104,0,104,國票-敦北法人,2024-11-06,0037003700390063
3443,創意,109,5,104,國票-敦北法人,2024-11-06,0037003700390063
2330,台積電,110,8,102,國票-敦北法人,2024-11-06,0037003700390063
2883B,凱基金乙特,101,0,101,國票-敦北法人,2024-11-06,0037003700390063
3715,定穎投控,79,7,72,國票-敦北法人,2024-11-06,0037003700390063
9105,泰金寶-DR,72,2,70,國票-敦北法人,2024-11-06,0037003700390063
1815,富喬,91,27,64,國票-敦北法人,2024-11-06,0037003700390063
6223,旺矽,63,1,62,國票-敦北法人,2024-11-06,0037003700390063
00706L,期元大S＆P日圓正2,59,0,59,國票-敦北法人,2024-11-06,0037003700390063
3661,世芯-KY,60,7,53,國票-敦北法人,2024-11-06,0037003700390063
2887E,台新戊特,50,0,50,國票-敦北法人,2024-11-06,0037003700390063
6937,天虹,62,13,49,國票-敦北法人,2024-11-06,0037003700390063
3529,力旺,50,2,48,國票-敦北法人,2024-11-06,0037003700390063
3533,嘉澤,51,3,48,國票-敦北法人,2024-11-06,0037003700390063
6770,力積電,47,0,47,國票-敦北法人,2024-11-06,0037003700390063
1560,中砂,50,6,44,國票-敦北法人,2024-11-06,0037003700390063
4919,新唐,47,7,40,國票-敦北法人,2024-11-06,0037003700390063
2882B,國泰金乙特,41,2,39,國票-敦北法人,2024-11-06,0037003700390063
2382,廣達,538,500,38,國票-敦北法人,2024-11-06,0037003700390063
2332,友訊,30,0,30,國票-敦北法人,2024-11-06,0037003700390063
3702,大聯大,30,0,30,國票-敦北法人,2024-11-06,0037003700390063
8033,雷虎,31,2,29,國票-敦北法人,2024-11-06,0037003700390063
00688L,國泰20年美債正2,28,0,28,國票-敦北法人,2024-11-06,0037003700390063
3432,台端,24,0,24,國票-敦北法人,2024-11-06,0037003700390063
6592B,和潤企業乙特,22,0,22,國票-敦北法人,2024-11-06,0037003700390063
6757,台灣虎航,21,0,21,國票-敦北法人,2024-11-06,0037003700390063
5274,信驊,22,2,20,國票-敦北法人,2024-11-06,0037003700390063
3450,聯鈞,30,11,19,國票-敦北法人,2024-11-06,0037003700390063
5347,世界,17,0,17,國票-敦北法人,2024-11-06,0037003700390063
2395,研華,16,0,16,國票-敦北法人,2024-11-06,0037003700390063
6668,中揚光,15,0,15,國票-敦北法人,2024-11-06,0037003700390063
2356,英業達,1313,73,1240,國票-敦北法人,2024-11-07,0037003700390063
2324,仁寶,1101,8,1093,國票-敦北法人,2024-11-07,0037003700390063
4904,遠傳,897,0,897,國票-敦北法人,2024-11-07,0037003700390063
3037,欣興,661,90,571,國票-敦北法人,2024-11-07,0037003700390063
3689,湧德,528,7,521,國票-敦北法人,2024-11-07,0037003700390063
2308,台達電,382,0,382,國票-敦北法人,2024-11-07,0037003700390063
2376,技嘉,377,6,371,國票-敦北法人,2024-11-07,0037003700390063
2317,鴻海,590,235,355,國票-敦北法人,2024-11-07,0037003700390063
00632R,元大台灣50反1,300,0,300,國票-敦北法人,2024-11-07,0037003700390063
00671R,富邦NASDAQ反1,300,0,300,國票-敦北法人,2024-11-07,0037003700390063
2383,台光電,251,4,247,國票-敦北法人,2024-11-07,0037003700390063
1301,台塑,212,11,201,國票-敦北法人,2024-11-07,0037003700390063
00680L,元大美債20正2,200,0,200,國票-敦北法人,2024-11-07,0037003700390063
020039,元大加權N,1129,943,186,國票-敦北法人,2024-11-07,0037003700390063
3017,奇鋐,148,2,146,國票-敦北法人,2024-11-07,0037003700390063
3443,創意,148,28,120,國票-敦北法人,2024-11-07,0037003700390063
2330,台積電,142,26,116,國票-敦北法人,2024-11-07,0037003700390063
8464,億豐,159,54,105,國票-敦北法人,2024-11-07,0037003700390063
00676R,富邦臺灣加權反1,100,0,100,國票-敦北法人,2024-11-07,0037003700390063
1519,華城,102,5,97,國票-敦北法人,2024-11-07,0037003700390063
3234,光環,82,0,82,國票-敦北法人,2024-11-07,0037003700390063
6781,AES-KY,73,3,70,國票-敦北法人,2024-11-07,0037003700390063
3406,玉晶光,70,1,69,國票-敦北法人,2024-11-07,0037003700390063
00937B,群益ESG投等債20,59,6,53,國票-敦北法人,2024-11-07,0037003700390063
2059,川湖,52,1,51,國票-敦北法人,2024-11-07,0037003700390063
2887E,台新戊特,50,0,50,國票-敦北法人,2024-11-07,0037003700390063
2312,金寶,130,82,48,國票-敦北法人,2024-11-07,0037003700390063
2392,正崴,54,9,45,國票-敦北法人,2024-11-07,0037003700390063
6438,迅得,89,49,40,國票-敦北法人,2024-11-07,0037003700390063
8473,山林水,37,0,37,國票-敦北法人,2024-11-07,0037003700390063
00679B,元大美債20年,37,0,37,國票-敦北法人,2024-11-07,0037003700390063
2834,臺企銀,32,0,32,國票-敦北法人,2024-11-07,0037003700390063
6805,富世達,31,1,30,國票-敦北法人,2024-11-07,0037003700390063
5347,世界,25,0,25,國票-敦北法人,2024-11-07,0037003700390063
3535,晶彩科,29,5,24,國票-敦北法人,2024-11-07,0037003700390063
3374,精材,41,18,23,國票-敦北法人,2024-11-07,0037003700390063
6550,北極星藥業-KY,23,0,23,國票-敦北法人,2024-11-07,0037003700390063
6753,龍德造船,20,0,20,國票-敦北法人,2024-11-07,0037003700390063
3432,台端,20,0,20,國票-敦北法人,2024-11-07,0037003700390063
8096,擎亞,27,7,20,國票-敦北法人,2024-11-07,0037003700390063
3653,健策,37,21,16,國票-敦北法人,2024-11-07,0037003700390063
6214,精誠,14,0,14,國票-敦北法人,2024-11-07,0037003700390063
6890,來億-KY,14,0,14,國票-敦北法人,2024-11-07,0037003700390063
3665,貿聯-KY,30,16,14,國票-敦北法人,2024-11-07,0037003700390063
2454,聯發科,15,1,14,國票-敦北法人,2024-11-07,0037003700390063
3047,訊舟,14,1,13,國票-敦北法人,2024-11-07,0037003700390063
2377,微星,12,0,12,國票-敦北法人,2024-11-07,0037003700390063
2328,廣宇,36,24,12,國票-敦北法人,2024-11-07,0037003700390063
6895,宏碩系統,12,0,12,國票-敦北法人,2024-11-07,0037003700390063
2425,承啟,14,3,11,國票-敦北法人,2024-11-07,0037003700390063
2449,京元電子,2000,5,1995,國票-敦北法人,2024-11-08,0037003700390063
00900,富邦特選高股息30,1000,0,1000,國票-敦北法人,2024-11-08,0037003700390063
2886,兆豐金,400,23,377,國票-敦北法人,2024-11-08,0037003700390063
00665L,富邦�琤肭磪囓�2,298,0,298,國票-敦北法人,2024-11-08,0037003700390063
00753L,中信中國50正2,288,0,288,國票-敦北法人,2024-11-08,0037003700390063
2609,陽明,304,16,288,國票-敦北法人,2024-11-08,0037003700390063
2356,英業達,478,202,276,國票-敦北法人,2024-11-08,0037003700390063
3303,岱稜,333,58,275,國票-敦北法人,2024-11-08,0037003700390063
2317,鴻海,233,45,188,國票-敦北法人,2024-11-08,0037003700390063
3450,聯鈞,210,65,145,國票-敦北法人,2024-11-08,0037003700390063
2887E,台新戊特,131,0,131,國票-敦北法人,2024-11-08,0037003700390063
3231,緯創,204,90,114,國票-敦北法人,2024-11-08,0037003700390063
00878,國泰永續高股息,108,0,108,國票-敦北法人,2024-11-08,0037003700390063
3432,台端,97,0,97,國票-敦北法人,2024-11-08,0037003700390063
3706,神達,125,38,87,國票-敦北法人,2024-11-08,0037003700390063
2353,宏��,85,0,85,國票-敦北法人,2024-11-08,0037003700390063
2610,華航,80,0,80,國票-敦北法人,2024-11-08,0037003700390063
2376,技嘉,79,17,62,國票-敦北法人,2024-11-08,0037003700390063
2208,台船,60,0,60,國票-敦北法人,2024-11-08,0037003700390063
1319,東陽,60,0,60,國票-敦北法人,2024-11-08,0037003700390063
1808,潤隆,60,0,60,國票-敦北法人,2024-11-08,0037003700390063
3037,欣興,82,23,59,國票-敦北法人,2024-11-08,0037003700390063
2313,華通,68,11,57,國票-敦北法人,2024-11-08,0037003700390063
2332,友訊,55,0,55,國票-敦北法人,2024-11-08,0037003700390063
2501,國建,54,0,54,國票-敦北法人,2024-11-08,0037003700390063
4532,瑞智,50,0,50,國票-敦北法人,2024-11-08,0037003700390063
2607,榮運,50,0,50,國票-敦北法人,2024-11-08,0037003700390063
2382,廣達,319,270,49,國票-敦北法人,2024-11-08,0037003700390063
2606,裕民,50,5,45,國票-敦北法人,2024-11-08,0037003700390063
5443,均豪,40,0,40,國票-敦北法人,2024-11-08,0037003700390063
2393,億光,41,2,39,國票-敦北法人,2024-11-08,0037003700390063
2884,玉山金,35,0,35,國票-敦北法人,2024-11-08,0037003700390063
3689,湧德,104,69,35,國票-敦北法人,2024-11-08,0037003700390063
2368,金像電,33,0,33,國票-敦北法人,2024-11-08,0037003700390063
6274,台燿,41,11,30,國票-敦北法人,2024-11-08,0037003700390063
5269,祥碩,30,2,28,國票-敦北法人,2024-11-08,0037003700390063
00637L,元大滬深300正2,53,28,25,國票-敦北法人,2024-11-08,0037003700390063
2383,台光電,74,50,24,國票-敦北法人,2024-11-08,0037003700390063
4931,新盛力,24,0,24,國票-敦北法人,2024-11-08,0037003700390063
6163,華電網,30,7,23,國票-敦北法人,2024-11-08,0037003700390063
5426,振發,26,4,22,國票-敦北法人,2024-11-08,0037003700390063
5347,世界,23,3,20,國票-敦北法人,2024-11-08,0037003700390063
6270,倍微,28,8,20,國票-敦北法人,2024-11-08,0037003700390063
8464,億豐,20,0,20,國票-敦北法人,2024-11-08,0037003700390063
5309,系統電,19,0,19,國票-敦北法人,2024-11-08,0037003700390063
3149,正達,30,11,19,國票-敦北法人,2024-11-08,0037003700390063
2367,燿華,18,0,18,國票-敦北法人,2024-11-08,0037003700390063
2354,鴻準,206,189,17,國票-敦北法人,2024-11-08,0037003700390063
8163,達方,19,2,17,國票-敦北法人,2024-11-08,0037003700390063
6782,視陽,17,0,17,國票-敦北法人,2024-11-08,0037003700390063
00673R,期元大S＆P原油反1,1266,0,1266,國票-敦北法人,2024-11-11,0037003700390063
00715L,期街口布蘭特正2,441,0,441,國票-敦北法人,2024-11-11,0037003700390063
2618,長榮航,302,31,271,國票-敦北法人,2024-11-11,0037003700390063
2330,台積電,192,2,190,國票-敦北法人,2024-11-11,0037003700390063
8210,勤誠,196,19,177,國票-敦北法人,2024-11-11,0037003700390063
2312,金寶,116,11,105,國票-敦北法人,2024-11-11,0037003700390063
0056,元大高股息,103,0,103,國票-敦北法人,2024-11-11,0037003700390063
2454,聯發科,101,0,101,國票-敦北法人,2024-11-11,0037003700390063
2615,萬海,96,12,84,國票-敦北法人,2024-11-11,0037003700390063
4532,瑞智,70,0,70,國票-敦北法人,2024-11-11,0037003700390063
00700,富邦�琤肭磪�,66,0,66,國票-敦北法人,2024-11-11,0037003700390063
2383,台光電,65,0,65,國票-敦北法人,2024-11-11,0037003700390063
2376,技嘉,61,1,60,國票-敦北法人,2024-11-11,0037003700390063
6770,力積電,47,0,47,國票-敦北法人,2024-11-11,0037003700390063
2609,陽明,59,14,45,國票-敦北法人,2024-11-11,0037003700390063
3665,貿聯-KY,50,5,45,國票-敦北法人,2024-11-11,0037003700390063
4958,臻鼎-KY,44,0,44,國票-敦北法人,2024-11-11,0037003700390063
3149,正達,43,0,43,國票-敦北法人,2024-11-11,0037003700390063
6781,AES-KY,43,2,41,國票-敦北法人,2024-11-11,0037003700390063
2317,鴻海,44,6,38,國票-敦北法人,2024-11-11,0037003700390063
00958B,永豐ESG銀行債15,35,0,35,國票-敦北法人,2024-11-11,0037003700390063
8114,振樺電,42,8,34,國票-敦北法人,2024-11-11,0037003700390063
5269,祥碩,35,1,34,國票-敦北法人,2024-11-11,0037003700390063
00882,中信中國高股息,35,2,33,國票-敦北法人,2024-11-11,0037003700390063
00878,國泰永續高股息,30,0,30,國票-敦北法人,2024-11-11,0037003700390063
6152,百一,30,0,30,國票-敦北法人,2024-11-11,0037003700390063
3432,台端,30,0,30,國票-敦北法人,2024-11-11,0037003700390063
9914,美利達,29,0,29,國票-敦北法人,2024-11-11,0037003700390063
1466,聚隆,27,0,27,國票-敦北法人,2024-11-11,0037003700390063
2382,廣達,30,3,27,國票-敦北法人,2024-11-11,0037003700390063
6669,緯穎,23,2,21,國票-敦北法人,2024-11-11,0037003700390063
2515,中工,20,0,20,國票-敦北法人,2024-11-11,0037003700390063
6164,華興,23,3,20,國票-敦北法人,2024-11-11,0037003700390063
6283,淳安,18,1,17,國票-敦北法人,2024-11-11,0037003700390063
2897B,王道銀乙特,17,0,17,國票-敦北法人,2024-11-11,0037003700390063
8936,國統,16,0,16,國票-敦北法人,2024-11-11,0037003700390063
2029,盛餘,16,0,16,國票-敦北法人,2024-11-11,0037003700390063
3447,展達,16,0,16,國票-敦北法人,2024-11-11,0037003700390063
5230,雷笛克光學,15,0,15,國票-敦北法人,2024-11-11,0037003700390063
2883,凱基金,28,13,15,國票-敦北法人,2024-11-11,0037003700390063
1304,台聚,18,3,15,國票-敦北法人,2024-11-11,0037003700390063
6515,穎崴,15,0,15,國票-敦北法人,2024-11-11,0037003700390063
3689,湧德,83,68,15,國票-敦北法人,2024-11-11,0037003700390063
4545,銘鈺,14,0,14,國票-敦北法人,2024-11-11,0037003700390063
3515,華擎,16,2,14,國票-敦北法人,2024-11-11,0037003700390063
00687B,國泰20年美債,14,0,14,國票-敦北法人,2024-11-11,0037003700390063
1449,佳和,40,27,13,國票-敦北法人,2024-11-11,0037003700390063
6257,矽格,13,0,13,國票-敦北法人,2024-11-11,0037003700390063
2646,星宇航空,13,0,13,國票-敦北法人,2024-11-11,0037003700390063
3481,群創,46,35,11,國票-敦北法人,2024-11-11,0037003700390063
00941,中信上游半導體,1801,10,1791,國票-敦北法人,2024-11-12,0037003700390063
00885,富邦越南,1002,0,1002,國票-敦北法人,2024-11-12,0037003700390063
00919,群益台灣精選高息,412,6,406,國票-敦北法人,2024-11-12,0037003700390063
3211,順達,447,51,396,國票-敦北法人,2024-11-12,0037003700390063
00878,國泰永續高股息,323,0,323,國票-敦北法人,2024-11-12,0037003700390063
4931,新盛力,348,33,315,國票-敦北法人,2024-11-12,0037003700390063
2603,長榮,243,5,238,國票-敦北法人,2024-11-12,0037003700390063
3706,神達,904,669,235,國票-敦北法人,2024-11-12,0037003700390063
00715L,期街口布蘭特正2,204,1,203,國票-敦北法人,2024-11-12,0037003700390063
2376,技嘉,167,5,162,國票-敦北法人,2024-11-12,0037003700390063
2607,榮運,151,0,151,國票-敦北法人,2024-11-12,0037003700390063
3037,欣興,181,37,144,國票-敦北法人,2024-11-12,0037003700390063
2609,陽明,181,50,131,國票-敦北法人,2024-11-12,0037003700390063
1519,華城,137,10,127,國票-敦北法人,2024-11-12,0037003700390063
8089,康全電訊,142,18,124,國票-敦北法人,2024-11-12,0037003700390063
2421,建準,100,0,100,國票-敦北法人,2024-11-12,0037003700390063
2301,光寶科,81,1,80,國票-敦北法人,2024-11-12,0037003700390063
8028,昇陽半導體,170,94,76,國票-敦北法人,2024-11-12,0037003700390063
2891B,中信金乙特,60,0,60,國票-敦北法人,2024-11-12,0037003700390063
8249,菱光,58,1,57,國票-敦北法人,2024-11-12,0037003700390063
2883,凱基金,55,0,55,國票-敦北法人,2024-11-12,0037003700390063
3447,展達,54,0,54,國票-敦北法人,2024-11-12,0037003700390063
3024,憶聲,52,0,52,國票-敦北法人,2024-11-12,0037003700390063
4958,臻鼎-KY,51,0,51,國票-敦北法人,2024-11-12,0037003700390063
2501,國建,50,0,50,國票-敦北法人,2024-11-12,0037003700390063
3149,正達,50,1,49,國票-敦北法人,2024-11-12,0037003700390063
3005,神基,50,1,49,國票-敦北法人,2024-11-12,0037003700390063
3653,健策,64,18,46,國票-敦北法人,2024-11-12,0037003700390063
2330,台積電,49,4,45,國票-敦北法人,2024-11-12,0037003700390063
2884,玉山金,44,0,44,國票-敦北法人,2024-11-12,0037003700390063
1308,亞聚,42,0,42,國票-敦北法人,2024-11-12,0037003700390063
6163,華電網,44,5,39,國票-敦北法人,2024-11-12,0037003700390063
3042,晶技,37,0,37,國票-敦北法人,2024-11-12,0037003700390063
5490,同亨,37,0,37,國票-敦北法人,2024-11-12,0037003700390063
4915,致伸,37,0,37,國票-敦北法人,2024-11-12,0037003700390063
6179,亞通,36,0,36,國票-敦北法人,2024-11-12,0037003700390063
2328,廣宇,40,8,32,國票-敦北法人,2024-11-12,0037003700390063
8114,振樺電,36,4,32,國票-敦北法人,2024-11-12,0037003700390063
2454,聯發科,32,1,31,國票-敦北法人,2024-11-12,0037003700390063
4807,日成-KY,30,0,30,國票-敦北法人,2024-11-12,0037003700390063
6957,裕慶-KY,30,0,30,國票-敦北法人,2024-11-12,0037003700390063
3056,富華新,30,0,30,國票-敦北法人,2024-11-12,0037003700390063
2419,仲琦,30,1,29,國票-敦北法人,2024-11-12,0037003700390063
2313,華通,27,0,27,國票-敦北法人,2024-11-12,0037003700390063
3047,訊舟,28,1,27,國票-敦北法人,2024-11-12,0037003700390063
2353,宏��,24,0,24,國票-敦北法人,2024-11-12,0037003700390063
00935,野村臺灣新科技50,24,0,24,國票-敦北法人,2024-11-12,0037003700390063
3162,精確,24,0,24,國票-敦北法人,2024-11-12,0037003700390063
3511,矽瑪,36,12,24,國票-敦北法人,2024-11-12,0037003700390063
3645,達邁,23,0,23,國票-敦北法人,2024-11-12,0037003700390063
00715L,期街口布蘭特正2,1293,0,1293,國票-敦北法人,2024-11-13,0037003700390063
2354,鴻準,837,131,706,國票-敦北法人,2024-11-13,0037003700390063
2412,中華電,552,0,552,國票-敦北法人,2024-11-13,0037003700390063
3711,日月光投控,387,11,376,國票-敦北法人,2024-11-13,0037003700390063
00713,元大台灣高息低波,303,0,303,國票-敦北法人,2024-11-13,0037003700390063
00937B,群益ESG投等債20,314,16,298,國票-敦北法人,2024-11-13,0037003700390063
4938,和碩,260,0,260,國票-敦北法人,2024-11-13,0037003700390063
02001S,策元大加權策略N,242,0,242,國票-敦北法人,2024-11-13,0037003700390063
3231,緯創,404,167,237,國票-敦北法人,2024-11-13,0037003700390063
2330,台積電,212,4,208,國票-敦北法人,2024-11-13,0037003700390063
0050,元大台灣50,205,0,205,國票-敦北法人,2024-11-13,0037003700390063
3013,晟銘電,207,27,180,國票-敦北法人,2024-11-13,0037003700390063
1101,台泥,165,5,160,國票-敦北法人,2024-11-13,0037003700390063
5009,榮剛,156,1,155,國票-敦北法人,2024-11-13,0037003700390063
6239,力成,140,0,140,國票-敦北法人,2024-11-13,0037003700390063
2618,長榮航,151,32,119,國票-敦北法人,2024-11-13,0037003700390063
3702,大聯大,120,6,114,國票-敦北法人,2024-11-13,0037003700390063
2303,聯電,113,1,112,國票-敦北法人,2024-11-13,0037003700390063
6451,訊芯-KY,102,14,88,國票-敦北法人,2024-11-13,0037003700390063
4931,新盛力,456,372,84,國票-敦北法人,2024-11-13,0037003700390063
2317,鴻海,96,14,82,國票-敦北法人,2024-11-13,0037003700390063
3447,展達,73,1,72,國票-敦北法人,2024-11-13,0037003700390063
3665,貿聯-KY,69,1,68,國票-敦北法人,2024-11-13,0037003700390063
1560,中砂,61,0,61,國票-敦北法人,2024-11-13,0037003700390063
6164,華興,60,0,60,國票-敦北法人,2024-11-13,0037003700390063
2897B,王道銀乙特,59,0,59,國票-敦北法人,2024-11-13,0037003700390063
00753L,中信中國50正2,56,0,56,國票-敦北法人,2024-11-13,0037003700390063
2327,國巨,56,0,56,國票-敦北法人,2024-11-13,0037003700390063
1446,宏和,54,1,53,國票-敦北法人,2024-11-13,0037003700390063
4977,眾達-KY,104,52,52,國票-敦北法人,2024-11-13,0037003700390063
2049,上銀,60,9,51,國票-敦北法人,2024-11-13,0037003700390063
1808,潤隆,50,0,50,國票-敦北法人,2024-11-13,0037003700390063
2501,國建,50,0,50,國票-敦北法人,2024-11-13,0037003700390063
2543,皇昌,50,0,50,國票-敦北法人,2024-11-13,0037003700390063
3324,雙鴻,53,7,46,國票-敦北法人,2024-11-13,0037003700390063
2455,全新,38,1,37,國票-敦北法人,2024-11-13,0037003700390063
00878,國泰永續高股息,31,0,31,國票-敦北法人,2024-11-13,0037003700390063
1815,富喬,31,0,31,國票-敦北法人,2024-11-13,0037003700390063
2641,正德,31,1,30,國票-敦北法人,2024-11-13,0037003700390063
6187,萬潤,30,5,25,國票-敦北法人,2024-11-13,0037003700390063
00882,中信中國高股息,24,0,24,國票-敦北法人,2024-11-13,0037003700390063
2891B,中信金乙特,23,0,23,國票-敦北法人,2024-11-13,0037003700390063
3693,營邦,23,0,23,國票-敦北法人,2024-11-13,0037003700390063
9945,潤泰新,22,0,22,國票-敦北法人,2024-11-13,0037003700390063
2890,永豐金,21,0,21,國票-敦北法人,2024-11-13,0037003700390063
9105,泰金寶-DR,20,0,20,國票-敦北法人,2024-11-13,0037003700390063
1402,遠東新,40,20,20,國票-敦北法人,2024-11-13,0037003700390063
00943,兆豐電子高息等權,18,0,18,國票-敦北法人,2024-11-13,0037003700390063
2883,凱基金,17,0,17,國票-敦北法人,2024-11-13,0037003700390063
2104,國際中橡,17,0,17,國票-敦北法人,2024-11-13,0037003700390063
00665L,富邦�琤肭磪囓�2,1016,0,1016,國票-敦北法人,2024-11-14,0037003700390063
6405,悅城,399,15,384,國票-敦北法人,2024-11-14,0037003700390063
3324,雙鴻,330,12,318,國票-敦北法人,2024-11-14,0037003700390063
3711,日月光投控,521,204,317,國票-敦北法人,2024-11-14,0037003700390063
2354,鴻準,487,184,303,國票-敦北法人,2024-11-14,0037003700390063
00943,兆豐電子高息等權,282,0,282,國票-敦北法人,2024-11-14,0037003700390063
2603,長榮,308,29,279,國票-敦北法人,2024-11-14,0037003700390063
6239,力成,290,38,252,國票-敦北法人,2024-11-14,0037003700390063
2303,聯電,252,17,235,國票-敦北法人,2024-11-14,0037003700390063
2330,台積電,175,2,173,國票-敦北法人,2024-11-14,0037003700390063
2382,廣達,103,0,103,國票-敦北法人,2024-11-14,0037003700390063
2618,長榮航,307,211,96,國票-敦北法人,2024-11-14,0037003700390063
3432,台端,92,0,92,國票-敦北法人,2024-11-14,0037003700390063
00878,國泰永續高股息,85,0,85,國票-敦北法人,2024-11-14,0037003700390063
1301,台塑,64,0,64,國票-敦北法人,2024-11-14,0037003700390063
6472,保瑞,51,1,50,國票-敦北法人,2024-11-14,0037003700390063
8150,南茂,50,0,50,國票-敦北法人,2024-11-14,0037003700390063
2449,京元電子,51,1,50,國票-敦北法人,2024-11-14,0037003700390063
2480,敦陽科,48,0,48,國票-敦北法人,2024-11-14,0037003700390063
8028,昇陽半導體,139,94,45,國票-敦北法人,2024-11-14,0037003700390063
3447,展達,43,0,43,國票-敦北法人,2024-11-14,0037003700390063
6669,緯穎,50,10,40,國票-敦北法人,2024-11-14,0037003700390063
1471,首利,38,0,38,國票-敦北法人,2024-11-14,0037003700390063
2345,智邦,34,0,34,國票-敦北法人,2024-11-14,0037003700390063
6415,矽力*-KY,36,6,30,國票-敦北法人,2024-11-14,0037003700390063
2609,陽明,42,14,28,國票-敦北法人,2024-11-14,0037003700390063
6937,天虹,27,0,27,國票-敦北法人,2024-11-14,0037003700390063
6257,矽格,26,0,26,國票-敦北法人,2024-11-14,0037003700390063
0056,元大高股息,25,2,23,國票-敦北法人,2024-11-14,0037003700390063
2353,宏��,24,1,23,國票-敦北法人,2024-11-14,0037003700390063
6284,佳邦,23,0,23,國票-敦北法人,2024-11-14,0037003700390063
5425,台半,23,0,23,國票-敦北法人,2024-11-14,0037003700390063
6283,淳安,23,2,21,國票-敦北法人,2024-11-14,0037003700390063
3481,群創,22,1,21,國票-敦北法人,2024-11-14,0037003700390063
2344,華邦電,18,0,18,國票-敦北法人,2024-11-14,0037003700390063
3532,台勝科,18,0,18,國票-敦北法人,2024-11-14,0037003700390063
3034,聯詠,16,0,16,國票-敦北法人,2024-11-14,0037003700390063
00905,FT臺灣Smart,15,0,15,國票-敦北法人,2024-11-14,0037003700390063
4543,萬在,15,0,15,國票-敦北法人,2024-11-14,0037003700390063
3090,日電貿,18,4,14,國票-敦北法人,2024-11-14,0037003700390063
00679B,元大美債20年,14,0,14,國票-敦北法人,2024-11-14,0037003700390063
00915,凱基優選高股息30,14,0,14,國票-敦北法人,2024-11-14,0037003700390063
9136,巨騰-DR,52,38,14,國票-敦北法人,2024-11-14,0037003700390063
6223,旺矽,14,1,13,國票-敦北法人,2024-11-14,0037003700390063
2387,精元,13,0,13,國票-敦北法人,2024-11-14,0037003700390063
00929,復華台灣科技優息,113,100,13,國票-敦北法人,2024-11-14,0037003700390063
2329,華泰,12,0,12,國票-敦北法人,2024-11-14,0037003700390063
8081,致新,12,0,12,國票-敦北法人,2024-11-14,0037003700390063
4919,新唐,28,16,12,國票-敦北法人,2024-11-14,0037003700390063
6488,環球晶,11,0,11,國票-敦北法人,2024-11-14,0037003700390063
2354,鴻準,2115,962,1153,國票-敦北法人,2024-11-15,0037003700390063
00715L,期街口布蘭特正2,635,6,629,國票-敦北法人,2024-11-15,0037003700390063
00937B,群益ESG投等債20,508,0,508,國票-敦北法人,2024-11-15,0037003700390063
1442,名軒,492,22,470,國票-敦北法人,2024-11-15,0037003700390063
3090,日電貿,474,60,414,國票-敦北法人,2024-11-15,0037003700390063
2603,長榮,486,88,398,國票-敦北法人,2024-11-15,0037003700390063
3231,緯創,247,2,245,國票-敦北法人,2024-11-15,0037003700390063
3706,神達,241,66,175,國票-敦北法人,2024-11-15,0037003700390063
2609,陽明,182,38,144,國票-敦北法人,2024-11-15,0037003700390063
00679B,元大美債20年,105,3,102,國票-敦北法人,2024-11-15,0037003700390063
2897B,王道銀乙特,100,0,100,國票-敦北法人,2024-11-15,0037003700390063
2371,大同,104,14,90,國票-敦北法人,2024-11-15,0037003700390063
00878,國泰永續高股息,82,0,82,國票-敦北法人,2024-11-15,0037003700390063
2376,技嘉,106,34,72,國票-敦北法人,2024-11-15,0037003700390063
2891B,中信金乙特,55,0,55,國票-敦北法人,2024-11-15,0037003700390063
3665,貿聯-KY,58,5,53,國票-敦北法人,2024-11-15,0037003700390063
2368,金像電,47,6,41,國票-敦北法人,2024-11-15,0037003700390063
3005,神基,40,0,40,國票-敦北法人,2024-11-15,0037003700390063
4583,台灣精銳,38,0,38,國票-敦北法人,2024-11-15,0037003700390063
2393,億光,34,0,34,國票-敦北法人,2024-11-15,0037003700390063
6101,寬魚國際,65,34,31,國票-敦北法人,2024-11-15,0037003700390063
3686,達能,30,0,30,國票-敦北法人,2024-11-15,0037003700390063
3432,台端,30,0,30,國票-敦北法人,2024-11-15,0037003700390063
2104,國際中橡,30,0,30,國票-敦北法人,2024-11-15,0037003700390063
2105,正新,31,2,29,國票-敦北法人,2024-11-15,0037003700390063
2449,京元電子,26,0,26,國票-敦北法人,2024-11-15,0037003700390063
8467,波力-KY,22,0,22,國票-敦北法人,2024-11-15,0037003700390063
9958,世紀鋼,26,5,21,國票-敦北法人,2024-11-15,0037003700390063
2360,致茂,22,1,21,國票-敦北法人,2024-11-15,0037003700390063
6937,天虹,21,0,21,國票-敦北法人,2024-11-15,0037003700390063
00881,國泰台灣5G+,21,0,21,國票-敦北法人,2024-11-15,0037003700390063
1446,宏和,20,0,20,國票-敦北法人,2024-11-15,0037003700390063
6164,華興,20,0,20,國票-敦北法人,2024-11-15,0037003700390063
2342,茂矽,20,0,20,國票-敦北法人,2024-11-15,0037003700390063
1218,泰山,20,0,20,國票-敦北法人,2024-11-15,0037003700390063
5536,聖暉*,19,0,19,國票-敦北法人,2024-11-15,0037003700390063
3653,健策,37,18,19,國票-敦北法人,2024-11-15,0037003700390063
2392,正崴,25,6,19,國票-敦北法人,2024-11-15,0037003700390063
5371,中光電,20,2,18,國票-敦北法人,2024-11-15,0037003700390063
00933B,國泰10Y+金融債,18,0,18,國票-敦北法人,2024-11-15,0037003700390063
3044,健鼎,17,0,17,國票-敦北法人,2024-11-15,0037003700390063
2474,可成,19,3,16,國票-敦北法人,2024-11-15,0037003700390063
6669,緯穎,16,1,15,國票-敦北法人,2024-11-15,0037003700390063
6214,精誠,15,0,15,國票-敦北法人,2024-11-15,0037003700390063
1736,喬山,14,0,14,國票-敦北法人,2024-11-15,0037003700390063
2345,智邦,13,0,13,國票-敦北法人,2024-11-15,0037003700390063
2356,英業達,13,0,13,國票-敦北法人,2024-11-15,0037003700390063
00637L,元大滬深300正2,16,4,12,國票-敦北法人,2024-11-15,0037003700390063
1815,富喬,13,1,12,國票-敦北法人,2024-11-15,0037003700390063
5309,系統電,37,25,12,國票-敦北法人,2024-11-15,0037003700390063
0056,元大高股息,6005,0,6005,國票-敦北法人,2024-11-18,0037003700390063
00673R,期元大S＆P原油反1,1182,0,1182,國票-敦北法人,2024-11-18,0037003700390063
4979,華星光,501,127,374,國票-敦北法人,2024-11-18,0037003700390063
6558,興能高,350,2,348,國票-敦北法人,2024-11-18,0037003700390063
3323,加百裕,359,12,347,國票-敦北法人,2024-11-18,0037003700390063
3711,日月光投控,343,4,339,國票-敦北法人,2024-11-18,0037003700390063
8104,錸寶,274,8,266,國票-敦北法人,2024-11-18,0037003700390063
2449,京元電子,267,5,262,國票-敦北法人,2024-11-18,0037003700390063
2317,鴻海,214,14,200,國票-敦北法人,2024-11-18,0037003700390063
3511,矽瑪,190,9,181,國票-敦北法人,2024-11-18,0037003700390063
2303,聯電,160,5,155,國票-敦北法人,2024-11-18,0037003700390063
2897B,王道銀乙特,137,0,137,國票-敦北法人,2024-11-18,0037003700390063
8150,南茂,134,0,134,國票-敦北法人,2024-11-18,0037003700390063
1446,宏和,116,2,114,國票-敦北法人,2024-11-18,0037003700390063
0061,元大寶滬深,100,0,100,國票-敦北法人,2024-11-18,0037003700390063
2312,金寶,198,101,97,國票-敦北法人,2024-11-18,0037003700390063
020039,元大加權N,485,393,92,國票-敦北法人,2024-11-18,0037003700390063
2883,凱基金,88,0,88,國票-敦北法人,2024-11-18,0037003700390063
2884,玉山金,100,20,80,國票-敦北法人,2024-11-18,0037003700390063
2634,漢翔,75,0,75,國票-敦北法人,2024-11-18,0037003700390063
5347,世界,61,0,61,國票-敦北法人,2024-11-18,0037003700390063
2349,錸德,75,14,61,國票-敦北法人,2024-11-18,0037003700390063
6279,胡連,57,0,57,國票-敦北法人,2024-11-18,0037003700390063
1560,中砂,58,5,53,國票-敦北法人,2024-11-18,0037003700390063
3149,正達,52,0,52,國票-敦北法人,2024-11-18,0037003700390063
00878,國泰永續高股息,52,0,52,國票-敦北法人,2024-11-18,0037003700390063
6589,台康生技,51,0,51,國票-敦北法人,2024-11-18,0037003700390063
6239,力成,50,0,50,國票-敦北法人,2024-11-18,0037003700390063
1477,聚陽,49,1,48,國票-敦北法人,2024-11-18,0037003700390063
2617,台航,45,0,45,國票-敦北法人,2024-11-18,0037003700390063
6691,洋基工程,43,0,43,國票-敦北法人,2024-11-18,0037003700390063
2104,國際中橡,41,0,41,國票-敦北法人,2024-11-18,0037003700390063
3036,文曄,46,5,41,國票-敦北法人,2024-11-18,0037003700390063
6770,力積電,40,0,40,國票-敦北法人,2024-11-18,0037003700390063
3211,順達,37,0,37,國票-敦北法人,2024-11-18,0037003700390063
4577,達航科技,36,0,36,國票-敦北法人,2024-11-18,0037003700390063
2501,國建,32,0,32,國票-敦北法人,2024-11-18,0037003700390063
3236,千如,30,0,30,國票-敦北法人,2024-11-18,0037003700390063
9914,美利達,26,0,26,國票-敦北法人,2024-11-18,0037003700390063
2330,台積電,28,2,26,國票-敦北法人,2024-11-18,0037003700390063
5876,上海商銀,50,26,24,國票-敦北法人,2024-11-18,0037003700390063
2106,建大,24,0,24,國票-敦北法人,2024-11-18,0037003700390063
6257,矽格,22,0,22,國票-敦北法人,2024-11-18,0037003700390063
3689,湧德,31,10,21,國票-敦北法人,2024-11-18,0037003700390063
3035,智原,22,1,21,國票-敦北法人,2024-11-18,0037003700390063
3533,嘉澤,20,0,20,國票-敦北法人,2024-11-18,0037003700390063
8044,網家,26,7,19,國票-敦北法人,2024-11-18,0037003700390063
6191,精成科,20,1,19,國票-敦北法人,2024-11-18,0037003700390063
3044,健鼎,20,1,19,國票-敦北法人,2024-11-18,0037003700390063
2451,創見,18,0,18,國票-敦北法人,2024-11-18,0037003700390063
00673R,期元大S＆P原油反1,1000,0,1000,國票-敦北法人,2024-11-19,0037003700390063
2886,兆豐金,910,52,858,國票-敦北法人,2024-11-19,0037003700390063
6147,頎邦,812,10,802,國票-敦北法人,2024-11-19,0037003700390063
2354,鴻準,881,305,576,國票-敦北法人,2024-11-19,0037003700390063
6285,啟��,318,0,318,國票-敦北法人,2024-11-19,0037003700390063
3511,矽瑪,515,211,304,國票-敦北法人,2024-11-19,0037003700390063
3005,神基,289,3,286,國票-敦北法人,2024-11-19,0037003700390063
020039,元大加權N,194,0,194,國票-敦北法人,2024-11-19,0037003700390063
3450,聯鈞,185,13,172,國票-敦北法人,2024-11-19,0037003700390063
6239,力成,165,0,165,國票-敦北法人,2024-11-19,0037003700390063
1569,濱川,193,60,133,國票-敦北法人,2024-11-19,0037003700390063
2455,全新,130,1,129,國票-敦北法人,2024-11-19,0037003700390063
6121,新普,123,4,119,國票-敦北法人,2024-11-19,0037003700390063
2404,漢唐,120,3,117,國票-敦北法人,2024-11-19,0037003700390063
00637L,元大滬深300正2,124,9,115,國票-敦北法人,2024-11-19,0037003700390063
5483,中美晶,108,0,108,國票-敦北法人,2024-11-19,0037003700390063
1477,聚陽,104,1,103,國票-敦北法人,2024-11-19,0037003700390063
00930,永豐ESG低碳高息,91,0,91,國票-敦北法人,2024-11-19,0037003700390063
1446,宏和,85,1,84,國票-敦北法人,2024-11-19,0037003700390063
2104,國際中橡,81,0,81,國票-敦北法人,2024-11-19,0037003700390063
1560,中砂,80,5,75,國票-敦北法人,2024-11-19,0037003700390063
1215,卜蜂,69,0,69,國票-敦北法人,2024-11-19,0037003700390063
2327,國巨,52,0,52,國票-敦北法人,2024-11-19,0037003700390063
3013,晟銘電,67,17,50,國票-敦北法人,2024-11-19,0037003700390063
2881,富邦金,50,1,49,國票-敦北法人,2024-11-19,0037003700390063
6176,瑞儀,51,3,48,國票-敦北法人,2024-11-19,0037003700390063
3044,健鼎,42,0,42,國票-敦北法人,2024-11-19,0037003700390063
3702,大聯大,51,13,38,國票-敦北法人,2024-11-19,0037003700390063
3705,永信,38,1,37,國票-敦北法人,2024-11-19,0037003700390063
2360,致茂,31,0,31,國票-敦北法人,2024-11-19,0037003700390063
5426,振發,32,3,29,國票-敦北法人,2024-11-19,0037003700390063
4938,和碩,34,9,25,國票-敦北法人,2024-11-19,0037003700390063
4540,全球傳動,21,0,21,國票-敦北法人,2024-11-19,0037003700390063
2501,國建,20,0,20,國票-敦北法人,2024-11-19,0037003700390063
2382,廣達,46,28,18,國票-敦北法人,2024-11-19,0037003700390063
6246,臺龍,15,0,15,國票-敦北法人,2024-11-19,0037003700390063
3234,光環,15,0,15,國票-敦北法人,2024-11-19,0037003700390063
3149,正達,15,1,14,國票-敦北法人,2024-11-19,0037003700390063
8089,康全電訊,15,2,13,國票-敦北法人,2024-11-19,0037003700390063
9105,泰金寶-DR,29,16,13,國票-敦北法人,2024-11-19,0037003700390063
3689,湧德,15,2,13,國票-敦北法人,2024-11-19,0037003700390063
4968,立積,12,0,12,國票-敦北法人,2024-11-19,0037003700390063
2646,星宇航空,12,0,12,國票-敦北法人,2024-11-19,0037003700390063
4729,熒茂,12,0,12,國票-敦北法人,2024-11-19,0037003700390063
2883,凱基金,12,0,12,國票-敦北法人,2024-11-19,0037003700390063
3163,波若威,12,1,11,國票-敦北法人,2024-11-19,0037003700390063
3015,全漢,14,4,10,國票-敦北法人,2024-11-19,0037003700390063
1321,大洋,10,0,10,國票-敦北法人,2024-11-19,0037003700390063
1417,嘉裕,10,0,10,國票-敦北法人,2024-11-19,0037003700390063
2489,瑞軒,10,0,10,國票-敦北法人,2024-11-19,0037003700390063
2618,長榮航,3769,106,3663,國票-敦北法人,2024-11-20,0037003700390063
3706,神達,1177,502,675,國票-敦北法人,2024-11-20,0037003700390063
2609,陽明,511,199,312,國票-敦北法人,2024-11-20,0037003700390063
2376,技嘉,300,0,300,國票-敦北法人,2024-11-20,0037003700390063
2308,台達電,300,41,259,國票-敦北法人,2024-11-20,0037003700390063
9945,潤泰新,250,0,250,國票-敦北法人,2024-11-20,0037003700390063
00673R,期元大S＆P原油反1,250,0,250,國票-敦北法人,2024-11-20,0037003700390063
02001S,策元大加權策略N,242,0,242,國票-敦北法人,2024-11-20,0037003700390063
020039,元大加權N,194,0,194,國票-敦北法人,2024-11-20,0037003700390063
2886,兆豐金,200,26,174,國票-敦北法人,2024-11-20,0037003700390063
00881,國泰台灣5G+,150,0,150,國票-敦北法人,2024-11-20,0037003700390063
2603,長榮,127,13,114,國票-敦北法人,2024-11-20,0037003700390063
2834,臺企銀,100,0,100,國票-敦北法人,2024-11-20,0037003700390063
3363,上詮,128,38,90,國票-敦北法人,2024-11-20,0037003700390063
3324,雙鴻,81,2,79,國票-敦北法人,2024-11-20,0037003700390063
6805,富世達,79,0,79,國票-敦北法人,2024-11-20,0037003700390063
6442,光聖,79,1,78,國票-敦北法人,2024-11-20,0037003700390063
2379,瑞昱,70,0,70,國票-敦北法人,2024-11-20,0037003700390063
2723,美食-KY,60,0,60,國票-敦北法人,2024-11-20,0037003700390063
00878,國泰永續高股息,52,0,52,國票-敦北法人,2024-11-20,0037003700390063
2454,聯發科,51,0,51,國票-敦北法人,2024-11-20,0037003700390063
5469,瀚宇博,50,0,50,國票-敦北法人,2024-11-20,0037003700390063
1707,葡萄王,48,0,48,國票-敦北法人,2024-11-20,0037003700390063
2382,廣達,86,40,46,國票-敦北法人,2024-11-20,0037003700390063
00905,FT臺灣Smart,43,0,43,國票-敦北法人,2024-11-20,0037003700390063
8028,昇陽半導體,98,56,42,國票-敦北法人,2024-11-20,0037003700390063
2104,國際中橡,38,0,38,國票-敦北法人,2024-11-20,0037003700390063
3042,晶技,34,2,32,國票-敦北法人,2024-11-20,0037003700390063
2535,達欣工,30,0,30,國票-敦北法人,2024-11-20,0037003700390063
2204,中華,29,0,29,國票-敦北法人,2024-11-20,0037003700390063
5234,達興材料,25,0,25,國票-敦北法人,2024-11-20,0037003700390063
3532,台勝科,25,0,25,國票-敦北法人,2024-11-20,0037003700390063
3665,貿聯-KY,26,2,24,國票-敦北法人,2024-11-20,0037003700390063
1710,東聯,24,0,24,國票-敦北法人,2024-11-20,0037003700390063
3653,健策,46,24,22,國票-敦北法人,2024-11-20,0037003700390063
2543,皇昌,22,0,22,國票-敦北法人,2024-11-20,0037003700390063
2439,美律,21,0,21,國票-敦北法人,2024-11-20,0037003700390063
3227,原相,21,0,21,國票-敦北法人,2024-11-20,0037003700390063
2460,建通,20,0,20,國票-敦北法人,2024-11-20,0037003700390063
3605,宏致,20,0,20,國票-敦北法人,2024-11-20,0037003700390063
3231,緯創,23,4,19,國票-敦北法人,2024-11-20,0037003700390063
3015,全漢,21,2,19,國票-敦北法人,2024-11-20,0037003700390063
2201,裕隆,18,0,18,國票-敦北法人,2024-11-20,0037003700390063
2392,正崴,22,5,17,國票-敦北法人,2024-11-20,0037003700390063
2413,環科,22,6,16,國票-敦北法人,2024-11-20,0037003700390063
3081,聯亞,28,15,13,國票-敦北法人,2024-11-20,0037003700390063
2613,中櫃,12,0,12,國票-敦北法人,2024-11-20,0037003700390063
2101,南港,12,0,12,國票-敦北法人,2024-11-20,0037003700390063
5438,東友,16,4,12,國票-敦北法人,2024-11-20,0037003700390063
2427,三商電,12,1,11,國票-敦北法人,2024-11-20,0037003700390063
2809,京城銀,1221,0,1221,國票-敦北法人,2024-11-21,0037003700390063
1802,台玻,707,55,652,國票-敦北法人,2024-11-21,0037003700390063
3323,加百裕,464,5,459,國票-敦北法人,2024-11-21,0037003700390063
3037,欣興,377,10,367,國票-敦北法人,2024-11-21,0037003700390063
6558,興能高,359,2,357,國票-敦北法人,2024-11-21,0037003700390063
2393,億光,300,0,300,國票-敦北法人,2024-11-21,0037003700390063
2889,國票金,280,2,278,國票-敦北法人,2024-11-21,0037003700390063
9945,潤泰新,232,0,232,國票-敦北法人,2024-11-21,0037003700390063
2886,兆豐金,200,0,200,國票-敦北法人,2024-11-21,0037003700390063
2891,中信金,201,4,197,國票-敦北法人,2024-11-21,0037003700390063
2609,陽明,236,41,195,國票-敦北法人,2024-11-21,0037003700390063
2382,廣達,165,2,163,國票-敦北法人,2024-11-21,0037003700390063
6143,振曜,163,4,159,國票-敦北法人,2024-11-21,0037003700390063
2890,永豐金,159,20,139,國票-敦北法人,2024-11-21,0037003700390063
2345,智邦,123,1,122,國票-敦北法人,2024-11-21,0037003700390063
2354,鴻準,163,51,112,國票-敦北法人,2024-11-21,0037003700390063
2603,長榮,111,5,106,國票-敦北法人,2024-11-21,0037003700390063
2353,宏��,106,0,106,國票-敦北法人,2024-11-21,0037003700390063
3706,神達,269,172,97,國票-敦北法人,2024-11-21,0037003700390063
3665,貿聯-KY,82,1,81,國票-敦北法人,2024-11-21,0037003700390063
2104,國際中橡,66,0,66,國票-敦北法人,2024-11-21,0037003700390063
3231,緯創,56,5,51,國票-敦北法人,2024-11-21,0037003700390063
1605,華新,41,0,41,國票-敦北法人,2024-11-21,0037003700390063
3625,西勝,40,0,40,國票-敦北法人,2024-11-21,0037003700390063
2344,華邦電,40,1,39,國票-敦北法人,2024-11-21,0037003700390063
8044,網家,38,0,38,國票-敦北法人,2024-11-21,0037003700390063
1471,首利,37,0,37,國票-敦北法人,2024-11-21,0037003700390063
2501,國建,35,0,35,國票-敦北法人,2024-11-21,0037003700390063
2204,中華,70,37,33,國票-敦北法人,2024-11-21,0037003700390063
6164,華興,32,0,32,國票-敦北法人,2024-11-21,0037003700390063
3036,文曄,43,11,32,國票-敦北法人,2024-11-21,0037003700390063
1477,聚陽,32,1,31,國票-敦北法人,2024-11-21,0037003700390063
4968,立積,67,36,31,國票-敦北法人,2024-11-21,0037003700390063
1810,和成,30,0,30,國票-敦北法人,2024-11-21,0037003700390063
6863,永道-KY,28,0,28,國票-敦北法人,2024-11-21,0037003700390063
00878,國泰永續高股息,27,0,27,國票-敦北法人,2024-11-21,0037003700390063
00941,中信上游半導體,30,3,27,國票-敦北法人,2024-11-21,0037003700390063
5309,系統電,63,36,27,國票-敦北法人,2024-11-21,0037003700390063
6138,茂達,25,0,25,國票-敦北法人,2024-11-21,0037003700390063
2313,華通,26,1,25,國票-敦北法人,2024-11-21,0037003700390063
3702,大聯大,24,0,24,國票-敦北法人,2024-11-21,0037003700390063
6674,鋐寶科技,160,140,20,國票-敦北法人,2024-11-21,0037003700390063
2007,燁興,20,0,20,國票-敦北法人,2024-11-21,0037003700390063
2010,春源,20,0,20,國票-敦北法人,2024-11-21,0037003700390063
6026,福邦證,20,0,20,國票-敦北法人,2024-11-21,0037003700390063
5536,聖暉*,20,2,18,國票-敦北法人,2024-11-21,0037003700390063
1303,南亞,16,0,16,國票-敦北法人,2024-11-21,0037003700390063
8028,昇陽半導體,77,62,15,國票-敦北法人,2024-11-21,0037003700390063
2912,統一超,15,0,15,國票-敦北法人,2024-11-21,0037003700390063
3680,家登,14,0,14,國票-敦北法人,2024-11-21,0037003700390063
1815,富喬,1606,219,1387,國票-敦北法人,2024-11-22,0037003700390063
00662,富邦NASDAQ,700,0,700,國票-敦北法人,2024-11-22,0037003700390063
00665L,富邦�琤肭磪囓�2,500,0,500,國票-敦北法人,2024-11-22,0037003700390063
00632R,元大台灣50反1,440,0,440,國票-敦北法人,2024-11-22,0037003700390063
3030,德律,417,4,413,國票-敦北法人,2024-11-22,0037003700390063
3005,神基,344,5,339,國票-敦北法人,2024-11-22,0037003700390063
2344,華邦電,327,0,327,國票-敦北法人,2024-11-22,0037003700390063
2354,鴻準,418,105,313,國票-敦北法人,2024-11-22,0037003700390063
2383,台光電,314,12,302,國票-敦北法人,2024-11-22,0037003700390063
2371,大同,1241,945,296,國票-敦北法人,2024-11-22,0037003700390063
6288,聯嘉,302,8,294,國票-敦北法人,2024-11-22,0037003700390063
6546,正基,251,7,244,國票-敦北法人,2024-11-22,0037003700390063
3712,永崴投控,187,3,184,國票-敦北法人,2024-11-22,0037003700390063
2233,宇隆,180,7,173,國票-敦北法人,2024-11-22,0037003700390063
3706,神達,370,204,166,國票-敦北法人,2024-11-22,0037003700390063
2618,長榮航,124,1,123,國票-敦北法人,2024-11-22,0037003700390063
02001S,策元大加權策略N,121,0,121,國票-敦北法人,2024-11-22,0037003700390063
6177,達麗,120,0,120,國票-敦北法人,2024-11-22,0037003700390063
2368,金像電,114,20,94,國票-敦北法人,2024-11-22,0037003700390063
3558,神準,85,1,84,國票-敦北法人,2024-11-22,0037003700390063
00637L,元大滬深300正2,82,0,82,國票-敦北法人,2024-11-22,0037003700390063
1301,台塑,482,400,82,國票-敦北法人,2024-11-22,0037003700390063
6863,永道-KY,65,0,65,國票-敦北法人,2024-11-22,0037003700390063
2542,興富發,55,0,55,國票-敦北法人,2024-11-22,0037003700390063
4979,華星光,71,21,50,國票-敦北法人,2024-11-22,0037003700390063
2308,台達電,46,3,43,國票-敦北法人,2024-11-22,0037003700390063
4927,泰鼎-KY,41,0,41,國票-敦北法人,2024-11-22,0037003700390063
2609,陽明,124,86,38,國票-敦北法人,2024-11-22,0037003700390063
5314,世紀,35,0,35,國票-敦北法人,2024-11-22,0037003700390063
1569,濱川,57,25,32,國票-敦北法人,2024-11-22,0037003700390063
3563,牧德,28,0,28,國票-敦北法人,2024-11-22,0037003700390063
8069,元太,28,1,27,國票-敦北法人,2024-11-22,0037003700390063
6143,振曜,93,67,26,國票-敦北法人,2024-11-22,0037003700390063
2059,川湖,22,1,21,國票-敦北法人,2024-11-22,0037003700390063
00882,中信中國高股息,21,0,21,國票-敦北法人,2024-11-22,0037003700390063
3605,宏致,20,0,20,國票-敦北法人,2024-11-22,0037003700390063
6241,易通展,20,0,20,國票-敦北法人,2024-11-22,0037003700390063
6282,康舒,38,20,18,國票-敦北法人,2024-11-22,0037003700390063
1446,宏和,16,0,16,國票-敦北法人,2024-11-22,0037003700390063
5347,世界,19,3,16,國票-敦北法人,2024-11-22,0037003700390063
6167,久正,15,0,15,國票-敦北法人,2024-11-22,0037003700390063
00674R,期元大S＆P黃金反1,15,0,15,國票-敦北法人,2024-11-22,0037003700390063
2380,虹光,15,0,15,國票-敦北法人,2024-11-22,0037003700390063
6156,松上,15,0,15,國票-敦北法人,2024-11-22,0037003700390063
2455,全新,16,2,14,國票-敦北法人,2024-11-22,0037003700390063
6213,聯茂,13,0,13,國票-敦北法人,2024-11-22,0037003700390063
6134,萬旭,17,4,13,國票-敦北法人,2024-11-22,0037003700390063
2348,海悅,13,0,13,國票-敦北法人,2024-11-22,0037003700390063
3491,昇達科,15,2,13,國票-敦北法人,2024-11-22,0037003700390063
6150,撼訊,11,0,11,國票-敦北法人,2024-11-22,0037003700390063
00665L,富邦�琤肭磪囓�2,751,2,749,國票-敦北法人,2024-11-25,0037003700390063
3706,神達,574,82,492,國票-敦北法人,2024-11-25,0037003700390063
3323,加百裕,491,9,482,國票-敦北法人,2024-11-25,0037003700390063
2344,華邦電,333,0,333,國票-敦北法人,2024-11-25,0037003700390063
6558,興能高,342,13,329,國票-敦北法人,2024-11-25,0037003700390063
3029,零壹,285,2,283,國票-敦北法人,2024-11-25,0037003700390063
2885,元大金,259,0,259,國票-敦北法人,2024-11-25,0037003700390063
2354,鴻準,358,122,236,國票-敦北法人,2024-11-25,0037003700390063
00753L,中信中國50正2,202,0,202,國票-敦北法人,2024-11-25,0037003700390063
5534,長虹,196,2,194,國票-敦北法人,2024-11-25,0037003700390063
6121,新普,110,1,109,國票-敦北法人,2024-11-25,0037003700390063
3227,原相,106,2,104,國票-敦北法人,2024-11-25,0037003700390063
00919,群益台灣精選高息,101,1,100,國票-敦北法人,2024-11-25,0037003700390063
3715,定穎投控,75,0,75,國票-敦北法人,2024-11-25,0037003700390063
3712,永崴投控,86,15,71,國票-敦北法人,2024-11-25,0037003700390063
2618,長榮航,69,10,59,國票-敦北法人,2024-11-25,0037003700390063
4979,華星光,66,11,55,國票-敦北法人,2024-11-25,0037003700390063
2395,研華,52,0,52,國票-敦北法人,2024-11-25,0037003700390063
6669,緯穎,52,0,52,國票-敦北法人,2024-11-25,0037003700390063
8110,華東,50,0,50,國票-敦北法人,2024-11-25,0037003700390063
00637L,元大滬深300正2,59,11,48,國票-敦北法人,2024-11-25,0037003700390063
4968,立積,61,16,45,國票-敦北法人,2024-11-25,0037003700390063
2392,正崴,113,69,44,國票-敦北法人,2024-11-25,0037003700390063
3376,新日興,43,3,40,國票-敦北法人,2024-11-25,0037003700390063
4766,南寶,30,0,30,國票-敦北法人,2024-11-25,0037003700390063
1809,中釉,30,0,30,國票-敦北法人,2024-11-25,0037003700390063
2449,京元電子,34,5,29,國票-敦北法人,2024-11-25,0037003700390063
1808,潤隆,29,0,29,國票-敦北法人,2024-11-25,0037003700390063
3491,昇達科,31,3,28,國票-敦北法人,2024-11-25,0037003700390063
3432,台端,25,0,25,國票-敦北法人,2024-11-25,0037003700390063
5234,達興材料,23,0,23,國票-敦北法人,2024-11-25,0037003700390063
2609,陽明,60,37,23,國票-敦北法人,2024-11-25,0037003700390063
1446,宏和,21,0,21,國票-敦北法人,2024-11-25,0037003700390063
4716,大立,20,0,20,國票-敦北法人,2024-11-25,0037003700390063
4729,熒茂,36,17,19,國票-敦北法人,2024-11-25,0037003700390063
2890,永豐金,29,10,19,國票-敦北法人,2024-11-25,0037003700390063
6414,樺漢,16,0,16,國票-敦北法人,2024-11-25,0037003700390063
00909,國泰數位支付服務,16,1,15,國票-敦北法人,2024-11-25,0037003700390063
2383,台光電,42,27,15,國票-敦北法人,2024-11-25,0037003700390063
00922,國泰台灣領袖50,14,0,14,國票-敦北法人,2024-11-25,0037003700390063
8044,網家,15,1,14,國票-敦北法人,2024-11-25,0037003700390063
1101,台泥,18,5,13,國票-敦北法人,2024-11-25,0037003700390063
2891,中信金,24,12,12,國票-敦北法人,2024-11-25,0037003700390063
6805,富世達,14,2,12,國票-敦北法人,2024-11-25,0037003700390063
2301,光寶科,17,5,12,國票-敦北法人,2024-11-25,0037003700390063
3363,上詮,24,12,12,國票-敦北法人,2024-11-25,0037003700390063
4977,眾達-KY,21,10,11,國票-敦北法人,2024-11-25,0037003700390063
9904,寶成,11,0,11,國票-敦北法人,2024-11-25,0037003700390063
3535,晶彩科,11,0,11,國票-敦北法人,2024-11-25,0037003700390063
4147,中裕,10,0,10,國票-敦北法人,2024-11-25,0037003700390063
00830,國泰費城半導體,1000,0,1000,國票-敦北法人,2024-11-26,0037003700390063
2027,大成鋼,863,14,849,國票-敦北法人,2024-11-26,0037003700390063
00893,國泰智能電動車,700,0,700,國票-敦北法人,2024-11-26,0037003700390063
3711,日月光投控,603,1,602,國票-敦北法人,2024-11-26,0037003700390063
00757,統一FANG+,501,0,501,國票-敦北法人,2024-11-26,0037003700390063
00665L,富邦�琤肭磪囓�2,500,0,500,國票-敦北法人,2024-11-26,0037003700390063
8069,元太,361,0,361,國票-敦北法人,2024-11-26,0037003700390063
4510,高鋒,350,24,326,國票-敦北法人,2024-11-26,0037003700390063
2308,台達電,304,0,304,國票-敦北法人,2024-11-26,0037003700390063
4562,穎漢,280,6,274,國票-敦北法人,2024-11-26,0037003700390063
2887,台新金,263,0,263,國票-敦北法人,2024-11-26,0037003700390063
1319,東陽,252,2,250,國票-敦北法人,2024-11-26,0037003700390063
6757,台灣虎航,230,0,230,國票-敦北法人,2024-11-26,0037003700390063
2070,精湛,179,0,179,國票-敦北法人,2024-11-26,0037003700390063
4927,泰鼎-KY,158,0,158,國票-敦北法人,2024-11-26,0037003700390063
6285,啟��,150,0,150,國票-敦北法人,2024-11-26,0037003700390063
2312,金寶,129,17,112,國票-敦北法人,2024-11-26,0037003700390063
1605,華新,101,0,101,國票-敦北法人,2024-11-26,0037003700390063
00930,永豐ESG低碳高息,90,0,90,國票-敦北法人,2024-11-26,0037003700390063
2547,日勝生,100,12,88,國票-敦北法人,2024-11-26,0037003700390063
3231,緯創,75,1,74,國票-敦北法人,2024-11-26,0037003700390063
6526,達發,66,0,66,國票-敦北法人,2024-11-26,0037003700390063
2101,南港,59,0,59,國票-敦北法人,2024-11-26,0037003700390063
9921,巨大,55,0,55,國票-敦北法人,2024-11-26,0037003700390063
3706,神達,71,20,51,國票-敦北法人,2024-11-26,0037003700390063
6239,力成,50,0,50,國票-敦北法人,2024-11-26,0037003700390063
1528,恩德,62,12,50,國票-敦北法人,2024-11-26,0037003700390063
6805,富世達,51,1,50,國票-敦北法人,2024-11-26,0037003700390063
4915,致伸,50,0,50,國票-敦北法人,2024-11-26,0037003700390063
3264,欣銓,49,0,49,國票-敦北法人,2024-11-26,0037003700390063
00637L,元大滬深300正2,77,35,42,國票-敦北法人,2024-11-26,0037003700390063
6164,華興,44,4,40,國票-敦北法人,2024-11-26,0037003700390063
1808,潤隆,30,0,30,國票-敦北法人,2024-11-26,0037003700390063
6863,永道-KY,30,0,30,國票-敦北法人,2024-11-26,0037003700390063
6104,創惟,46,18,28,國票-敦北法人,2024-11-26,0037003700390063
8028,昇陽半導體,26,1,25,國票-敦北法人,2024-11-26,0037003700390063
5234,達興材料,25,0,25,國票-敦北法人,2024-11-26,0037003700390063
3432,台端,25,0,25,國票-敦北法人,2024-11-26,0037003700390063
3419,譁裕,25,1,24,國票-敦北法人,2024-11-26,0037003700390063
2344,華邦電,24,1,23,國票-敦北法人,2024-11-26,0037003700390063
1815,富喬,48,26,22,國票-敦北法人,2024-11-26,0037003700390063
8110,華東,21,0,21,國票-敦北法人,2024-11-26,0037003700390063
0056,元大高股息,21,0,21,國票-敦北法人,2024-11-26,0037003700390063
3376,新日興,45,25,20,國票-敦北法人,2024-11-26,0037003700390063
4157,太景*-KY,30,10,20,國票-敦北法人,2024-11-26,0037003700390063
2890,永豐金,20,0,20,國票-敦北法人,2024-11-26,0037003700390063
1536,和大,52,32,20,國票-敦北法人,2024-11-26,0037003700390063
2351,順德,18,0,18,國票-敦北法人,2024-11-26,0037003700390063
2382,廣達,26,8,18,國票-敦北法人,2024-11-26,0037003700390063
2354,鴻準,48,32,16,國票-敦北法人,2024-11-26,0037003700390063
4510,高鋒,1723,523,1200,國票-敦北法人,2024-11-27,0037003700390063
9945,潤泰新,266,10,256,國票-敦北法人,2024-11-27,0037003700390063
00665L,富邦�琤肭磪囓�2,250,0,250,國票-敦北法人,2024-11-27,0037003700390063
2330,台積電,194,23,171,國票-敦北法人,2024-11-27,0037003700390063
2885,元大金,152,0,152,國票-敦北法人,2024-11-27,0037003700390063
3450,聯鈞,143,14,129,國票-敦北法人,2024-11-27,0037003700390063
00943,兆豐電子高息等權,122,0,122,國票-敦北法人,2024-11-27,0037003700390063
5388,中磊,112,0,112,國票-敦北法人,2024-11-27,0037003700390063
5371,中光電,110,1,109,國票-敦北法人,2024-11-27,0037003700390063
2070,精湛,290,184,106,國票-敦北法人,2024-11-27,0037003700390063
4927,泰鼎-KY,102,13,89,國票-敦北法人,2024-11-27,0037003700390063
1605,華新,82,0,82,國票-敦北法人,2024-11-27,0037003700390063
5347,世界,81,0,81,國票-敦北法人,2024-11-27,0037003700390063
00965,元大航太防衛科技,80,0,80,國票-敦北法人,2024-11-27,0037003700390063
2455,全新,80,0,80,國票-敦北法人,2024-11-27,0037003700390063
6174,安��,85,12,73,國票-敦北法人,2024-11-27,0037003700390063
3481,群創,93,25,68,國票-敦北法人,2024-11-27,0037003700390063
6962,ITH-KY,66,0,66,國票-敦北法人,2024-11-27,0037003700390063
5434,崇越,51,0,51,國票-敦北法人,2024-11-27,0037003700390063
3702,大聯大,53,6,47,國票-敦北法人,2024-11-27,0037003700390063
6757,台灣虎航,46,0,46,國票-敦北法人,2024-11-27,0037003700390063
2382,廣達,56,11,45,國票-敦北法人,2024-11-27,0037003700390063
3324,雙鴻,43,0,43,國票-敦北法人,2024-11-27,0037003700390063
8069,元太,41,0,41,國票-敦北法人,2024-11-27,0037003700390063
0056,元大高股息,38,2,36,國票-敦北法人,2024-11-27,0037003700390063
8105,凌巨,33,0,33,國票-敦北法人,2024-11-27,0037003700390063
00919,群益台灣精選高息,31,0,31,國票-敦北法人,2024-11-27,0037003700390063
00878,國泰永續高股息,31,0,31,國票-敦北法人,2024-11-27,0037003700390063
2007,燁興,30,0,30,國票-敦北法人,2024-11-27,0037003700390063
00632R,元大台灣50反1,30,0,30,國票-敦北法人,2024-11-27,0037003700390063
1815,富喬,46,19,27,國票-敦北法人,2024-11-27,0037003700390063
3532,台勝科,26,0,26,國票-敦北法人,2024-11-27,0037003700390063
00948B,中信優息投資級債,25,0,25,國票-敦北法人,2024-11-27,0037003700390063
2501,國建,25,0,25,國票-敦北法人,2024-11-27,0037003700390063
3376,新日興,52,31,21,國票-敦北法人,2024-11-27,0037003700390063
2354,鴻準,21,1,20,國票-敦北法人,2024-11-27,0037003700390063
2392,正崴,63,43,20,國票-敦北法人,2024-11-27,0037003700390063
4755,三福化,19,0,19,國票-敦北法人,2024-11-27,0037003700390063
8937,合騏,20,1,19,國票-敦北法人,2024-11-27,0037003700390063
3617,碩天,19,0,19,國票-敦北法人,2024-11-27,0037003700390063
6669,緯穎,29,11,18,國票-敦北法人,2024-11-27,0037003700390063
8028,昇陽半導體,16,1,15,國票-敦北法人,2024-11-27,0037003700390063
2890,永豐金,15,0,15,國票-敦北法人,2024-11-27,0037003700390063
3605,宏致,15,0,15,國票-敦北法人,2024-11-27,0037003700390063
00937B,群益ESG投等債20,18,4,14,國票-敦北法人,2024-11-27,0037003700390063
6770,力積電,13,0,13,國票-敦北法人,2024-11-27,0037003700390063
6901,鑽石投資,14,1,13,國票-敦北法人,2024-11-27,0037003700390063
2317,鴻海,32,19,13,國票-敦北法人,2024-11-27,0037003700390063
6526,達發,12,0,12,國票-敦北法人,2024-11-27,0037003700390063
2634,漢翔,11,0,11,國票-敦北法人,2024-11-27,0037003700390063
0056,元大高股息,1013,0,1013,國票-敦北法人,2024-11-28,0037003700390063
00632R,元大台灣50反1,325,1,324,國票-敦北法人,2024-11-28,0037003700390063
2883,凱基金,306,1,305,國票-敦北法人,2024-11-28,0037003700390063
2886,兆豐金,266,0,266,國票-敦北法人,2024-11-28,0037003700390063
2449,京元電子,190,0,190,國票-敦北法人,2024-11-28,0037003700390063
1319,東陽,180,1,179,國票-敦北法人,2024-11-28,0037003700390063
6757,台灣虎航,155,0,155,國票-敦北法人,2024-11-28,0037003700390063
006208,富邦台50,134,0,134,國票-敦北法人,2024-11-28,0037003700390063
3037,欣興,118,1,117,國票-敦北法人,2024-11-28,0037003700390063
1802,台玻,115,0,115,國票-敦北法人,2024-11-28,0037003700390063
3706,神達,400,300,100,國票-敦北法人,2024-11-28,0037003700390063
00943,兆豐電子高息等權,84,0,84,國票-敦北法人,2024-11-28,0037003700390063
2884,玉山金,77,10,67,國票-敦北法人,2024-11-28,0037003700390063
9945,潤泰新,62,0,62,國票-敦北法人,2024-11-28,0037003700390063
3653,健策,62,1,61,國票-敦北法人,2024-11-28,0037003700390063
4927,泰鼎-KY,84,29,55,國票-敦北法人,2024-11-28,0037003700390063
6117,迎廣,48,6,42,國票-敦北法人,2024-11-28,0037003700390063
3450,聯鈞,46,5,41,國票-敦北法人,2024-11-28,0037003700390063
6187,萬潤,44,4,40,國票-敦北法人,2024-11-28,0037003700390063
3432,台端,40,0,40,國票-敦北法人,2024-11-28,0037003700390063
2317,鴻海,43,4,39,國票-敦北法人,2024-11-28,0037003700390063
2312,金寶,61,24,37,國票-敦北法人,2024-11-28,0037003700390063
4532,瑞智,36,0,36,國票-敦北法人,2024-11-28,0037003700390063
3605,宏致,35,0,35,國票-敦北法人,2024-11-28,0037003700390063
00909,國泰數位支付服務,30,1,29,國票-敦北法人,2024-11-28,0037003700390063
3231,緯創,37,9,28,國票-敦北法人,2024-11-28,0037003700390063
1528,恩德,29,2,27,國票-敦北法人,2024-11-28,0037003700390063
2609,陽明,93,69,24,國票-敦北法人,2024-11-28,0037003700390063
6546,正基,21,0,21,國票-敦北法人,2024-11-28,0037003700390063
00676R,富邦臺灣加權反1,20,0,20,國票-敦北法人,2024-11-28,0037003700390063
1447,力鵬,20,0,20,國票-敦北法人,2024-11-28,0037003700390063
4931,新盛力,22,2,20,國票-敦北法人,2024-11-28,0037003700390063
2360,致茂,20,0,20,國票-敦北法人,2024-11-28,0037003700390063
6805,富世達,25,6,19,國票-敦北法人,2024-11-28,0037003700390063
2371,大同,21,3,18,國票-敦北法人,2024-11-28,0037003700390063
2392,正崴,27,10,17,國票-敦北法人,2024-11-28,0037003700390063
8042,金山電,17,0,17,國票-敦北法人,2024-11-28,0037003700390063
2303,聯電,31,15,16,國票-敦北法人,2024-11-28,0037003700390063
6937,天虹,24,10,14,國票-敦北法人,2024-11-28,0037003700390063
5871,中租-KY,12,0,12,國票-敦北法人,2024-11-28,0037003700390063
1101,台泥,12,0,12,國票-敦北法人,2024-11-28,0037003700390063
2881,富邦金,12,1,11,國票-敦北法人,2024-11-28,0037003700390063
8171,天宇,11,0,11,國票-敦北法人,2024-11-28,0037003700390063
1904,正隆,11,0,11,國票-敦北法人,2024-11-28,0037003700390063
00915,凱基優選高股息30,11,0,11,國票-敦北法人,2024-11-28,0037003700390063
2476,鉅祥,10,0,10,國票-敦北法人,2024-11-28,0037003700390063
1455,集盛,10,0,10,國票-敦北法人,2024-11-28,0037003700390063
1710,東聯,10,0,10,國票-敦北法人,2024-11-28,0037003700390063
1909,榮成,10,0,10,國票-敦北法人,2024-11-28,0037003700390063
00919,群益台灣精選高息,14,5,9,國票-敦北法人,2024-11-28,0037003700390063
3323,加百裕,569,24,545,國票-敦北法人,2024-11-29,0037003700390063
2303,聯電,524,14,510,國票-敦北法人,2024-11-29,0037003700390063
2455,全新,350,8,342,國票-敦北法人,2024-11-29,0037003700390063
2929,淘帝-KY,281,0,281,國票-敦北法人,2024-11-29,0037003700390063
2330,台積電,372,104,268,國票-敦北法人,2024-11-29,0037003700390063
2912,統一超,194,0,194,國票-敦北法人,2024-11-29,0037003700390063
3548,兆利,164,3,161,國票-敦北法人,2024-11-29,0037003700390063
0052,富邦科技,150,0,150,國票-敦北法人,2024-11-29,0037003700390063
3665,貿聯-KY,140,6,134,國票-敦北法人,2024-11-29,0037003700390063
3374,精材,135,2,133,國票-敦北法人,2024-11-29,0037003700390063
6757,台灣虎航,104,0,104,國票-敦北法人,2024-11-29,0037003700390063
3037,欣興,102,0,102,國票-敦北法人,2024-11-29,0037003700390063
2357,華碩,101,0,101,國票-敦北法人,2024-11-29,0037003700390063
1815,富喬,124,23,101,國票-敦北法人,2024-11-29,0037003700390063
4991,環宇-KY,136,38,98,國票-敦北法人,2024-11-29,0037003700390063
6127,九豪,112,22,90,國票-敦北法人,2024-11-29,0037003700390063
2392,正崴,100,15,85,國票-敦北法人,2024-11-29,0037003700390063
3017,奇鋐,64,3,61,國票-敦北法人,2024-11-29,0037003700390063
6143,振曜,60,0,60,國票-敦北法人,2024-11-29,0037003700390063
00637L,元大滬深300正2,100,42,58,國票-敦北法人,2024-11-29,0037003700390063
4968,立積,57,3,54,國票-敦北法人,2024-11-29,0037003700390063
3432,台端,50,0,50,國票-敦北法人,2024-11-29,0037003700390063
9945,潤泰新,50,0,50,國票-敦北法人,2024-11-29,0037003700390063
6472,保瑞,45,5,40,國票-敦北法人,2024-11-29,0037003700390063
6770,力積電,31,2,29,國票-敦北法人,2024-11-29,0037003700390063
2101,南港,30,2,28,國票-敦北法人,2024-11-29,0037003700390063
3042,晶技,27,0,27,國票-敦北法人,2024-11-29,0037003700390063
2312,金寶,60,36,24,國票-敦北法人,2024-11-29,0037003700390063
1590,亞德客-KY,22,0,22,國票-敦北法人,2024-11-29,0037003700390063
3211,順達,61,39,22,國票-敦北法人,2024-11-29,0037003700390063
2881,富邦金,21,0,21,國票-敦北法人,2024-11-29,0037003700390063
0056,元大高股息,20,0,20,國票-敦北法人,2024-11-29,0037003700390063
00674R,期元大S＆P黃金反1,20,0,20,國票-敦北法人,2024-11-29,0037003700390063
8070,長華*,20,0,20,國票-敦北法人,2024-11-29,0037003700390063
2376,技嘉,20,1,19,國票-敦北法人,2024-11-29,0037003700390063
6515,穎崴,21,3,18,國票-敦北法人,2024-11-29,0037003700390063
2348,海悅,24,6,18,國票-敦北法人,2024-11-29,0037003700390063
2002,中鋼,18,0,18,國票-敦北法人,2024-11-29,0037003700390063
00878,國泰永續高股息,17,0,17,國票-敦北法人,2024-11-29,0037003700390063
2317,鴻海,26,9,17,國票-敦北法人,2024-11-29,0037003700390063
1471,首利,16,0,16,國票-敦北法人,2024-11-29,0037003700390063
1301,台塑,19,4,15,國票-敦北法人,2024-11-29,0037003700390063
6829,千附精密,15,0,15,國票-敦北法人,2024-11-29,0037003700390063
2618,長榮航,24,10,14,國票-敦北法人,2024-11-29,0037003700390063
3114,好德,15,1,14,國票-敦北法人,2024-11-29,0037003700390063
3443,創意,15,1,14,國票-敦北法人,2024-11-29,0037003700390063
2882,國泰金,14,0,14,國票-敦北法人,2024-11-29,0037003700390063
2027,大成鋼,13,1,12,國票-敦北法人,2024-11-29,0037003700390063
4303,信立,19,7,12,國票-敦北法人,2024-11-29,0037003700390063
6134,萬旭,12,0,12,國票-敦北法人,2024-11-29,0037003700390063
2303,聯電,501,6,495,國票-敦北法人,2024-12-02,0037003700390063
3211,順達,478,56,422,國票-敦北法人,2024-12-02,0037003700390063
2455,全新,246,0,246,國票-敦北法人,2024-12-02,0037003700390063
3706,神達,257,22,235,國票-敦北法人,2024-12-02,0037003700390063
2383,台光電,230,16,214,國票-敦北法人,2024-12-02,0037003700390063
4991,環宇-KY,274,68,206,國票-敦北法人,2024-12-02,0037003700390063
1815,富喬,205,20,185,國票-敦北法人,2024-12-02,0037003700390063
2360,致茂,181,0,181,國票-敦北法人,2024-12-02,0037003700390063
1532,勤美,180,0,180,國票-敦北法人,2024-12-02,0037003700390063
8070,長華*,136,0,136,國票-敦北法人,2024-12-02,0037003700390063
3533,嘉澤,128,1,127,國票-敦北法人,2024-12-02,0037003700390063
3558,神準,105,1,104,國票-敦北法人,2024-12-02,0037003700390063
4303,信立,97,6,91,國票-敦北法人,2024-12-02,0037003700390063
6829,千附精密,80,0,80,國票-敦北法人,2024-12-02,0037003700390063
5864,致和證,80,0,80,國票-敦北法人,2024-12-02,0037003700390063
2368,金像電,69,3,66,國票-敦北法人,2024-12-02,0037003700390063
2723,美食-KY,60,0,60,國票-敦北法人,2024-12-02,0037003700390063
3264,欣銓,61,1,60,國票-敦北法人,2024-12-02,0037003700390063
2312,金寶,231,177,54,國票-敦北法人,2024-12-02,0037003700390063
2330,台積電,61,9,52,國票-敦北法人,2024-12-02,0037003700390063
2345,智邦,59,7,52,國票-敦北法人,2024-12-02,0037003700390063
4927,泰鼎-KY,51,0,51,國票-敦北法人,2024-12-02,0037003700390063
6143,振曜,50,0,50,國票-敦北法人,2024-12-02,0037003700390063
6805,富世達,61,15,46,國票-敦北法人,2024-12-02,0037003700390063
4123,晟德,42,1,41,國票-敦北法人,2024-12-02,0037003700390063
5439,高技,156,128,28,國票-敦北法人,2024-12-02,0037003700390063
6757,台灣虎航,29,2,27,國票-敦北法人,2024-12-02,0037003700390063
1319,東陽,25,0,25,國票-敦北法人,2024-12-02,0037003700390063
3450,聯鈞,35,10,25,國票-敦北法人,2024-12-02,0037003700390063
3324,雙鴻,53,28,25,國票-敦北法人,2024-12-02,0037003700390063
4912,聯德控股-KY,25,2,23,國票-敦北法人,2024-12-02,0037003700390063
00637L,元大滬深300正2,22,0,22,國票-敦北法人,2024-12-02,0037003700390063
5534,長虹,22,0,22,國票-敦北法人,2024-12-02,0037003700390063
3653,健策,23,2,21,國票-敦北法人,2024-12-02,0037003700390063
3114,好德,21,0,21,國票-敦北法人,2024-12-02,0037003700390063
3419,譁裕,23,3,20,國票-敦北法人,2024-12-02,0037003700390063
00650L,復華香港正2,20,0,20,國票-敦北法人,2024-12-02,0037003700390063
00887,永豐中國科技50大,20,0,20,國票-敦北法人,2024-12-02,0037003700390063
2101,南港,20,2,18,國票-敦北法人,2024-12-02,0037003700390063
6101,寬魚國際,27,9,18,國票-敦北法人,2024-12-02,0037003700390063
1101,台泥,15,0,15,國票-敦北法人,2024-12-02,0037003700390063
6285,啟��,15,0,15,國票-敦北法人,2024-12-02,0037003700390063
2634,漢翔,15,0,15,國票-敦北法人,2024-12-02,0037003700390063
4430,耀億,12,0,12,國票-敦北法人,2024-12-02,0037003700390063
9939,宏全,12,0,12,國票-敦北法人,2024-12-02,0037003700390063
4977,眾達-KY,167,155,12,國票-敦北法人,2024-12-02,0037003700390063
2637,慧洋-KY,11,0,11,國票-敦北法人,2024-12-02,0037003700390063
3443,創意,11,0,11,國票-敦北法人,2024-12-02,0037003700390063
4128,中天,13,2,11,國票-敦北法人,2024-12-02,0037003700390063
0056,元大高股息,13,2,11,國票-敦北法人,2024-12-02,0037003700390063
2201,裕隆,556,4,552,國票-敦北法人,2024-12-03,0037003700390063
00929,復華台灣科技優息,5527,5098,429,國票-敦北法人,2024-12-03,0037003700390063
2881,富邦金,400,2,398,國票-敦北法人,2024-12-03,0037003700390063
6274,台燿,336,0,336,國票-敦北法人,2024-12-03,0037003700390063
3706,神達,693,359,334,國票-敦北法人,2024-12-03,0037003700390063
2609,陽明,326,127,199,國票-敦北法人,2024-12-03,0037003700390063
3653,健策,110,1,109,國票-敦北法人,2024-12-03,0037003700390063
00715L,期街口布蘭特正2,90,0,90,國票-敦北法人,2024-12-03,0037003700390063
2308,台達電,90,1,89,國票-敦北法人,2024-12-03,0037003700390063
4979,華星光,120,32,88,國票-敦北法人,2024-12-03,0037003700390063
1785,光洋科,94,8,86,國票-敦北法人,2024-12-03,0037003700390063
2383,台光電,133,58,75,國票-敦北法人,2024-12-03,0037003700390063
2059,川湖,69,0,69,國票-敦北法人,2024-12-03,0037003700390063
00919,群益台灣精選高息,67,0,67,國票-敦北法人,2024-12-03,0037003700390063
1504,東元,66,0,66,國票-敦北法人,2024-12-03,0037003700390063
4906,正文,64,1,63,國票-敦北法人,2024-12-03,0037003700390063
3533,嘉澤,60,1,59,國票-敦北法人,2024-12-03,0037003700390063
6143,振曜,50,0,50,國票-敦北法人,2024-12-03,0037003700390063
6781,AES-KY,64,15,49,國票-敦北法人,2024-12-03,0037003700390063
2444,兆勁,50,2,48,國票-敦北法人,2024-12-03,0037003700390063
2395,研華,45,0,45,國票-敦北法人,2024-12-03,0037003700390063
2317,鴻海,99,58,41,國票-敦北法人,2024-12-03,0037003700390063
3059,華晶科,40,0,40,國票-敦北法人,2024-12-03,0037003700390063
2323,中環,40,0,40,國票-敦北法人,2024-12-03,0037003700390063
6805,富世達,63,23,40,國票-敦北法人,2024-12-03,0037003700390063
3673,TPK-KY,40,1,39,國票-敦北法人,2024-12-03,0037003700390063
3131,弘塑,39,0,39,國票-敦北法人,2024-12-03,0037003700390063
8028,昇陽半導體,151,115,36,國票-敦北法人,2024-12-03,0037003700390063
6426,統新,43,9,34,國票-敦北法人,2024-12-03,0037003700390063
3017,奇鋐,60,27,33,國票-敦北法人,2024-12-03,0037003700390063
4128,中天,37,7,30,國票-敦北法人,2024-12-03,0037003700390063
9910,豐泰,30,0,30,國票-敦北法人,2024-12-03,0037003700390063
5439,高技,46,19,27,國票-敦北法人,2024-12-03,0037003700390063
00662,富邦NASDAQ,27,0,27,國票-敦北法人,2024-12-03,0037003700390063
6757,台灣虎航,296,269,27,國票-敦北法人,2024-12-03,0037003700390063
8473,山林水,24,1,23,國票-敦北法人,2024-12-03,0037003700390063
1808,潤隆,21,0,21,國票-敦北法人,2024-12-03,0037003700390063
8210,勤誠,21,1,20,國票-敦北法人,2024-12-03,0037003700390063
4977,眾達-KY,45,25,20,國票-敦北法人,2024-12-03,0037003700390063
6901,鑽石投資,20,1,19,國票-敦北法人,2024-12-03,0037003700390063
4927,泰鼎-KY,19,0,19,國票-敦北法人,2024-12-03,0037003700390063
2882,國泰金,44,26,18,國票-敦北法人,2024-12-03,0037003700390063
3211,順達,33,17,16,國票-敦北法人,2024-12-03,0037003700390063
3231,緯創,18,2,16,國票-敦北法人,2024-12-03,0037003700390063
6669,緯穎,16,0,16,國票-敦北法人,2024-12-03,0037003700390063
4956,光鋐,21,5,16,國票-敦北法人,2024-12-03,0037003700390063
2413,環科,15,0,15,國票-敦北法人,2024-12-03,0037003700390063
6104,創惟,27,13,14,國票-敦北法人,2024-12-03,0037003700390063
00943,兆豐電子高息等權,13,0,13,國票-敦北法人,2024-12-03,0037003700390063
3380,明泰,27,15,12,國票-敦北法人,2024-12-03,0037003700390063
1815,富喬,1434,224,1210,國票-敦北法人,2024-12-04,0037003700390063
3078,僑威,1061,5,1056,國票-敦北法人,2024-12-04,0037003700390063
3090,日電貿,677,5,672,國票-敦北法人,2024-12-04,0037003700390063
9938,百和,672,1,671,國票-敦北法人,2024-12-04,0037003700390063
2375,凱美,361,10,351,國票-敦北法人,2024-12-04,0037003700390063
4977,眾達-KY,323,28,295,國票-敦北法人,2024-12-04,0037003700390063
3706,神達,498,280,218,國票-敦北法人,2024-12-04,0037003700390063
6104,創惟,382,166,216,國票-敦北法人,2024-12-04,0037003700390063
2886,兆豐金,180,7,173,國票-敦北法人,2024-12-04,0037003700390063
2049,上銀,166,1,165,國票-敦北法人,2024-12-04,0037003700390063
2360,致茂,196,34,162,國票-敦北法人,2024-12-04,0037003700390063
1736,喬山,142,0,142,國票-敦北法人,2024-12-04,0037003700390063
2383,台光電,139,6,133,國票-敦北法人,2024-12-04,0037003700390063
1595,川寶,221,94,127,國票-敦北法人,2024-12-04,0037003700390063
6859,伯特光,118,0,118,國票-敦北法人,2024-12-04,0037003700390063
3558,神準,116,0,116,國票-敦北法人,2024-12-04,0037003700390063
00937B,群益ESG投等債20,108,0,108,國票-敦北法人,2024-12-04,0037003700390063
3665,貿聯-KY,110,5,105,國票-敦北法人,2024-12-04,0037003700390063
2404,漢唐,103,2,101,國票-敦北法人,2024-12-04,0037003700390063
6121,新普,93,0,93,國票-敦北法人,2024-12-04,0037003700390063
6937,天虹,88,2,86,國票-敦北法人,2024-12-04,0037003700390063
8043,蜜望實,80,0,80,國票-敦北法人,2024-12-04,0037003700390063
9945,潤泰新,60,0,60,國票-敦北法人,2024-12-04,0037003700390063
6669,緯穎,62,4,58,國票-敦北法人,2024-12-04,0037003700390063
2356,英業達,70,17,53,國票-敦北法人,2024-12-04,0037003700390063
6239,力成,50,0,50,國票-敦北法人,2024-12-04,0037003700390063
4908,前鼎,72,23,49,國票-敦北法人,2024-12-04,0037003700390063
6732,昇佳電子,49,0,49,國票-敦北法人,2024-12-04,0037003700390063
2354,鴻準,88,41,47,國票-敦北法人,2024-12-04,0037003700390063
3149,正達,45,0,45,國票-敦北法人,2024-12-04,0037003700390063
6143,振曜,40,0,40,國票-敦北法人,2024-12-04,0037003700390063
8473,山林水,40,0,40,國票-敦北法人,2024-12-04,0037003700390063
8176,智捷,36,0,36,國票-敦北法人,2024-12-04,0037003700390063
3653,健策,31,0,31,國票-敦北法人,2024-12-04,0037003700390063
1326,台化,30,0,30,國票-敦北法人,2024-12-04,0037003700390063
5439,高技,50,20,30,國票-敦北法人,2024-12-04,0037003700390063
3029,零壹,27,0,27,國票-敦北法人,2024-12-04,0037003700390063
1301,台塑,27,3,24,國票-敦北法人,2024-12-04,0037003700390063
5309,系統電,31,9,22,國票-敦北法人,2024-12-04,0037003700390063
00882,中信中國高股息,20,0,20,國票-敦北法人,2024-12-04,0037003700390063
2426,鼎元,22,2,20,國票-敦北法人,2024-12-04,0037003700390063
2606,裕民,20,0,20,國票-敦北法人,2024-12-04,0037003700390063
1808,潤隆,20,0,20,國票-敦北法人,2024-12-04,0037003700390063
6720,久昌,20,0,20,國票-敦北法人,2024-12-04,0037003700390063
5469,瀚宇博,19,0,19,國票-敦北法人,2024-12-04,0037003700390063
8069,元太,20,1,19,國票-敦北法人,2024-12-04,0037003700390063
3211,順達,101,83,18,國票-敦北法人,2024-12-04,0037003700390063
0056,元大高股息,18,1,17,國票-敦北法人,2024-12-04,0037003700390063
6805,富世達,40,23,17,國票-敦北法人,2024-12-04,0037003700390063
6530,創威,17,1,16,國票-敦北法人,2024-12-04,0037003700390063
00929,復華台灣科技優息,4505,11,4494,國票-敦北法人,2024-12-05,0037003700390063
2889,國票金,2040,0,2040,國票-敦北法人,2024-12-05,0037003700390063
2354,鴻準,1850,135,1715,國票-敦北法人,2024-12-05,0037003700390063
2809,京城銀,590,0,590,國票-敦北法人,2024-12-05,0037003700390063
3706,神達,677,132,545,國票-敦北法人,2024-12-05,0037003700390063
3037,欣興,511,1,510,國票-敦北法人,2024-12-05,0037003700390063
2504,國產,360,0,360,國票-敦北法人,2024-12-05,0037003700390063
3450,聯鈞,260,34,226,國票-敦北法人,2024-12-05,0037003700390063
2885,元大金,200,0,200,國票-敦北法人,2024-12-05,0037003700390063
020039,元大加權N,194,0,194,國票-敦北法人,2024-12-05,0037003700390063
00715L,期街口布蘭特正2,180,0,180,國票-敦北法人,2024-12-05,0037003700390063
6127,九豪,134,4,130,國票-敦北法人,2024-12-05,0037003700390063
2312,金寶,111,1,110,國票-敦北法人,2024-12-05,0037003700390063
6121,新普,102,0,102,國票-敦北法人,2024-12-05,0037003700390063
1785,光洋科,101,1,100,國票-敦北法人,2024-12-05,0037003700390063
3289,宜特,102,3,99,國票-敦北法人,2024-12-05,0037003700390063
00909,國泰數位支付服務,100,2,98,國票-敦北法人,2024-12-05,0037003700390063
3689,湧德,105,9,96,國票-敦北法人,2024-12-05,0037003700390063
6223,旺矽,124,30,94,國票-敦北法人,2024-12-05,0037003700390063
3078,僑威,86,22,64,國票-敦北法人,2024-12-05,0037003700390063
6895,宏碩系統,60,1,59,國票-敦北法人,2024-12-05,0037003700390063
9945,潤泰新,50,0,50,國票-敦北法人,2024-12-05,0037003700390063
2427,三商電,62,12,50,國票-敦北法人,2024-12-05,0037003700390063
3017,奇鋐,51,4,47,國票-敦北法人,2024-12-05,0037003700390063
8028,昇陽半導體,60,15,45,國票-敦北法人,2024-12-05,0037003700390063
6143,振曜,40,0,40,國票-敦北法人,2024-12-05,0037003700390063
3443,創意,38,2,36,國票-敦北法人,2024-12-05,0037003700390063
5439,高技,70,36,34,國票-敦北法人,2024-12-05,0037003700390063
4931,新盛力,61,29,32,國票-敦北法人,2024-12-05,0037003700390063
3227,原相,30,0,30,國票-敦北法人,2024-12-05,0037003700390063
2371,大同,31,1,30,國票-敦北法人,2024-12-05,0037003700390063
2543,皇昌,30,0,30,國票-敦北法人,2024-12-05,0037003700390063
2344,華邦電,25,0,25,國票-敦北法人,2024-12-05,0037003700390063
3665,貿聯-KY,27,3,24,國票-敦北法人,2024-12-05,0037003700390063
2303,聯電,26,3,23,國票-敦北法人,2024-12-05,0037003700390063
5534,長虹,22,0,22,國票-敦北法人,2024-12-05,0037003700390063
8938,明安,22,0,22,國票-敦北法人,2024-12-05,0037003700390063
1460,宏遠,23,1,22,國票-敦北法人,2024-12-05,0037003700390063
2034,允強,21,0,21,國票-敦北法人,2024-12-05,0037003700390063
3526,凡甲,21,1,20,國票-敦北法人,2024-12-05,0037003700390063
8084,巨虹,20,0,20,國票-敦北法人,2024-12-05,0037003700390063
2104,國際中橡,20,0,20,國票-敦北法人,2024-12-05,0037003700390063
2031,新光鋼,20,0,20,國票-敦北法人,2024-12-05,0037003700390063
00882,中信中國高股息,20,0,20,國票-敦北法人,2024-12-05,0037003700390063
3597,映興,20,0,20,國票-敦北法人,2024-12-05,0037003700390063
3006,晶豪科,20,2,18,國票-敦北法人,2024-12-05,0037003700390063
6781,AES-KY,41,25,16,國票-敦北法人,2024-12-05,0037003700390063
8044,網家,19,3,16,國票-敦北法人,2024-12-05,0037003700390063
6101,寬魚國際,31,15,16,國票-敦北法人,2024-12-05,0037003700390063
3557,嘉威,16,0,16,國票-敦北法人,2024-12-05,0037003700390063
00929,復華台灣科技優息,1500,16,1484,國票-敦北法人,2024-12-06,0037003700390063
6214,精誠,353,35,318,國票-敦北法人,2024-12-06,0037003700390063
6112,邁達特,250,5,245,國票-敦北法人,2024-12-06,0037003700390063
3045,台灣大,214,0,214,國票-敦北法人,2024-12-06,0037003700390063
00909,國泰數位支付服務,163,0,163,國票-敦北法人,2024-12-06,0037003700390063
3706,神達,752,628,124,國票-敦北法人,2024-12-06,0037003700390063
2330,台積電,116,1,115,國票-敦北法人,2024-12-06,0037003700390063
020039,元大加權N,97,0,97,國票-敦北法人,2024-12-06,0037003700390063
1785,光洋科,211,116,95,國票-敦北法人,2024-12-06,0037003700390063
6416,瑞祺電通,62,5,57,國票-敦北法人,2024-12-06,0037003700390063
3711,日月光投控,66,13,53,國票-敦北法人,2024-12-06,0037003700390063
6937,天虹,259,209,50,國票-敦北法人,2024-12-06,0037003700390063
2344,華邦電,53,10,43,國票-敦北法人,2024-12-06,0037003700390063
1591,駿吉-KY,42,0,42,國票-敦北法人,2024-12-06,0037003700390063
3202,樺晟,43,1,42,國票-敦北法人,2024-12-06,0037003700390063
3450,聯鈞,44,6,38,國票-敦北法人,2024-12-06,0037003700390063
8028,昇陽半導體,223,188,35,國票-敦北法人,2024-12-06,0037003700390063
1815,富喬,92,61,31,國票-敦北法人,2024-12-06,0037003700390063
6203,海韻電,32,0,32,國票-敦北法人,2024-12-06,0037003700390063
3227,原相,30,0,30,國票-敦北法人,2024-12-06,0037003700390063
6143,振曜,30,0,30,國票-敦北法人,2024-12-06,0037003700390063
1595,川寶,36,7,29,國票-敦北法人,2024-12-06,0037003700390063
3293,鈊象,30,1,29,國票-敦北法人,2024-12-06,0037003700390063
3380,明泰,22,0,22,國票-敦北法人,2024-12-06,0037003700390063
3591,艾笛森,32,10,22,國票-敦北法人,2024-12-06,0037003700390063
00895,富邦未來車,21,0,21,國票-敦北法人,2024-12-06,0037003700390063
6279,胡連,61,40,21,國票-敦北法人,2024-12-06,0037003700390063
3653,健策,21,1,20,國票-敦北法人,2024-12-06,0037003700390063
00664R,國泰臺灣加權反1,20,1,19,國票-敦北法人,2024-12-06,0037003700390063
2610,華航,18,0,18,國票-敦北法人,2024-12-06,0037003700390063
2382,廣達,20,3,17,國票-敦北法人,2024-12-06,0037003700390063
00878,國泰永續高股息,17,0,17,國票-敦北法人,2024-12-06,0037003700390063
9933,中鼎,15,0,15,國票-敦北法人,2024-12-06,0037003700390063
2543,皇昌,15,0,15,國票-敦北法人,2024-12-06,0037003700390063
1618,合機,15,0,15,國票-敦北法人,2024-12-06,0037003700390063
00919,群益台灣精選高息,15,1,14,國票-敦北法人,2024-12-06,0037003700390063
3324,雙鴻,15,2,13,國票-敦北法人,2024-12-06,0037003700390063
4977,眾達-KY,20,8,12,國票-敦北法人,2024-12-06,0037003700390063
9105,泰金寶-DR,28,17,11,國票-敦北法人,2024-12-06,0037003700390063
6757,台灣虎航,11,0,11,國票-敦北法人,2024-12-06,0037003700390063
3715,定穎投控,10,0,10,國票-敦北法人,2024-12-06,0037003700390063
3564,其陽,10,0,10,國票-敦北法人,2024-12-06,0037003700390063
6720,久昌,10,0,10,國票-敦北法人,2024-12-06,0037003700390063
00962,台新AI優息動能,10,0,10,國票-敦北法人,2024-12-06,0037003700390063
4147,中裕,10,0,10,國票-敦北法人,2024-12-06,0037003700390063
2332,友訊,10,0,10,國票-敦北法人,2024-12-06,0037003700390063
2634,漢翔,10,0,10,國票-敦北法人,2024-12-06,0037003700390063
3265,台星科,10,1,9,國票-敦北法人,2024-12-06,0037003700390063
3443,創意,12,3,9,國票-敦北法人,2024-12-06,0037003700390063
00795B,中信美國公債20年,10,2,8,國票-敦北法人,2024-12-06,0037003700390063
2618,長榮航,1536,234,1302,國票-敦北法人,2024-12-09,0037003700390063
1449,佳和,594,0,594,國票-敦北法人,2024-12-09,0037003700390063
2345,智邦,468,21,447,國票-敦北法人,2024-12-09,0037003700390063
00673R,期元大S＆P原油反1,357,0,357,國票-敦北法人,2024-12-09,0037003700390063
8054,安國,214,6,208,國票-敦北法人,2024-12-09,0037003700390063
6442,光聖,149,2,147,國票-敦北法人,2024-12-09,0037003700390063
6426,統新,121,1,120,國票-敦北法人,2024-12-09,0037003700390063
3689,湧德,110,1,109,國票-敦北法人,2024-12-09,0037003700390063
00715L,期街口布蘭特正2,105,0,105,國票-敦北法人,2024-12-09,0037003700390063
00909,國泰數位支付服務,100,0,100,國票-敦北法人,2024-12-09,0037003700390063
3019,亞光,111,13,98,國票-敦北法人,2024-12-09,0037003700390063
3545,敦泰,80,0,80,國票-敦北法人,2024-12-09,0037003700390063
2915,潤泰全,60,1,59,國票-敦北法人,2024-12-09,0037003700390063
3029,零壹,125,72,53,國票-敦北法人,2024-12-09,0037003700390063
2543,皇昌,51,0,51,國票-敦北法人,2024-12-09,0037003700390063
6451,訊芯-KY,110,59,51,國票-敦北法人,2024-12-09,0037003700390063
8028,昇陽半導體,67,17,50,國票-敦北法人,2024-12-09,0037003700390063
3217,優群,50,0,50,國票-敦北法人,2024-12-09,0037003700390063
4979,華星光,48,4,44,國票-敦北法人,2024-12-09,0037003700390063
6203,海韻電,34,0,34,國票-敦北法人,2024-12-09,0037003700390063
2486,一詮,32,0,32,國票-敦北法人,2024-12-09,0037003700390063
9904,寶成,30,1,29,國票-敦北法人,2024-12-09,0037003700390063
3324,雙鴻,29,0,29,國票-敦北法人,2024-12-09,0037003700390063
6720,久昌,28,0,28,國票-敦北法人,2024-12-09,0037003700390063
6691,洋基工程,36,12,24,國票-敦北法人,2024-12-09,0037003700390063
3450,聯鈞,26,3,23,國票-敦北法人,2024-12-09,0037003700390063
2332,友訊,20,0,20,國票-敦北法人,2024-12-09,0037003700390063
5536,聖暉*,20,0,20,國票-敦北法人,2024-12-09,0037003700390063
1303,南亞,23,4,19,國票-敦北法人,2024-12-09,0037003700390063
8210,勤誠,25,7,18,國票-敦北法人,2024-12-09,0037003700390063
2409,友達,18,0,18,國票-敦北法人,2024-12-09,0037003700390063
2453,凌群,23,6,17,國票-敦北法人,2024-12-09,0037003700390063
1736,喬山,17,0,17,國票-敦北法人,2024-12-09,0037003700390063
3661,世芯-KY,25,8,17,國票-敦北法人,2024-12-09,0037003700390063
2308,台達電,18,2,16,國票-敦北法人,2024-12-09,0037003700390063
6206,飛捷,15,0,15,國票-敦北法人,2024-12-09,0037003700390063
6811,宏�硌穈T,19,4,15,國票-敦北法人,2024-12-09,0037003700390063
6684,安格,13,0,13,國票-敦北法人,2024-12-09,0037003700390063
8084,巨虹,12,0,12,國票-敦北法人,2024-12-09,0037003700390063
2545,皇翔,11,0,11,國票-敦北法人,2024-12-09,0037003700390063
00929,復華台灣科技優息,12,2,10,國票-敦北法人,2024-12-09,0037003700390063
1618,合機,10,0,10,國票-敦北法人,2024-12-09,0037003700390063
3711,日月光投控,11,1,10,國票-敦北法人,2024-12-09,0037003700390063
2312,金寶,15,5,10,國票-敦北法人,2024-12-09,0037003700390063
3259,鑫創,10,0,10,國票-敦北法人,2024-12-09,0037003700390063
2801,彰銀,10,0,10,國票-敦北法人,2024-12-09,0037003700390063
2471,資通,20,10,10,國票-敦北法人,2024-12-09,0037003700390063
2374,佳能,15,5,10,國票-敦北法人,2024-12-09,0037003700390063
1460,宏遠,10,1,9,國票-敦北法人,2024-12-09,0037003700390063
1301,台塑,15,6,9,國票-敦北法人,2024-12-09,0037003700390063
00665L,富邦�琤肭磪囓�2,1000,0,1000,國票-敦北法人,2024-12-10,0037003700390063
2882,國泰金,500,0,500,國票-敦北法人,2024-12-10,0037003700390063
2885,元大金,275,0,275,國票-敦北法人,2024-12-10,0037003700390063
00937B,群益ESG投等債20,200,0,200,國票-敦北法人,2024-12-10,0037003700390063
00637L,元大滬深300正2,428,243,185,國票-敦北法人,2024-12-10,0037003700390063
2382,廣達,126,7,119,國票-敦北法人,2024-12-10,0037003700390063
3706,神達,316,207,109,國票-敦北法人,2024-12-10,0037003700390063
2330,台積電,83,0,83,國票-敦北法人,2024-12-10,0037003700390063
00715L,期街口布蘭特正2,92,10,82,國票-敦北法人,2024-12-10,0037003700390063
6176,瑞儀,84,2,82,國票-敦北法人,2024-12-10,0037003700390063
2313,華通,106,36,70,國票-敦北法人,2024-12-10,0037003700390063
4991,環宇-KY,66,2,64,國票-敦北法人,2024-12-10,0037003700390063
6147,頎邦,64,0,64,國票-敦北法人,2024-12-10,0037003700390063
3131,弘塑,57,0,57,國票-敦北法人,2024-12-10,0037003700390063
6442,光聖,60,8,52,國票-敦北法人,2024-12-10,0037003700390063
2543,皇昌,50,0,50,國票-敦北法人,2024-12-10,0037003700390063
9921,巨大,48,0,48,國票-敦北法人,2024-12-10,0037003700390063
6415,矽力*-KY,106,61,45,國票-敦北法人,2024-12-10,0037003700390063
2547,日勝生,48,4,44,國票-敦北法人,2024-12-10,0037003700390063
00918,大華優利高填息30,185,142,43,國票-敦北法人,2024-12-10,0037003700390063
3017,奇鋐,40,2,38,國票-敦北法人,2024-12-10,0037003700390063
6720,久昌,32,0,32,國票-敦北法人,2024-12-10,0037003700390063
3450,聯鈞,39,8,31,國票-敦北法人,2024-12-10,0037003700390063
2610,華航,82,51,31,國票-敦北法人,2024-12-10,0037003700390063
2328,廣宇,30,0,30,國票-敦北法人,2024-12-10,0037003700390063
6164,華興,30,0,30,國票-敦北法人,2024-12-10,0037003700390063
8044,網家,30,0,30,國票-敦北法人,2024-12-10,0037003700390063
8028,昇陽半導體,49,20,29,國票-敦北法人,2024-12-10,0037003700390063
6426,統新,27,0,27,國票-敦北法人,2024-12-10,0037003700390063
1785,光洋科,209,182,27,國票-敦北法人,2024-12-10,0037003700390063
8473,山林水,24,0,24,國票-敦北法人,2024-12-10,0037003700390063
3041,揚智,21,0,21,國票-敦北法人,2024-12-10,0037003700390063
6214,精誠,23,3,20,國票-敦北法人,2024-12-10,0037003700390063
6757,台灣虎航,20,0,20,國票-敦北法人,2024-12-10,0037003700390063
00965,元大航太防衛科技,20,0,20,國票-敦北法人,2024-12-10,0037003700390063
3712,永崴投控,20,0,20,國票-敦北法人,2024-12-10,0037003700390063
5371,中光電,20,0,20,國票-敦北法人,2024-12-10,0037003700390063
6937,天虹,26,7,19,國票-敦北法人,2024-12-10,0037003700390063
3078,僑威,21,2,19,國票-敦北法人,2024-12-10,0037003700390063
3653,健策,36,19,17,國票-敦北法人,2024-12-10,0037003700390063
2881,富邦金,20,3,17,國票-敦北法人,2024-12-10,0037003700390063
1528,恩德,16,0,16,國票-敦北法人,2024-12-10,0037003700390063
1101,台泥,15,0,15,國票-敦北法人,2024-12-10,0037003700390063
6203,海韻電,15,0,15,國票-敦北法人,2024-12-10,0037003700390063
6768,志強-KY,14,0,14,國票-敦北法人,2024-12-10,0037003700390063
1605,華新,14,0,14,國票-敦北法人,2024-12-10,0037003700390063
3548,兆利,20,7,13,國票-敦北法人,2024-12-10,0037003700390063
3661,世芯-KY,16,3,13,國票-敦北法人,2024-12-10,0037003700390063
00687B,國泰20年美債,12,0,12,國票-敦北法人,2024-12-10,0037003700390063
2354,鴻準,16,5,11,國票-敦北法人,2024-12-10,0037003700390063
6274,台燿,1361,34,1327,國票-敦北法人,2024-12-11,0037003700390063
2471,資通,213,2,211,國票-敦北法人,2024-12-11,0037003700390063
00715L,期街口布蘭特正2,177,0,177,國票-敦北法人,2024-12-11,0037003700390063
2454,聯發科,165,1,164,國票-敦北法人,2024-12-11,0037003700390063
2609,陽明,229,84,145,國票-敦北法人,2024-12-11,0037003700390063
2330,台積電,143,18,125,國票-敦北法人,2024-12-11,0037003700390063
4968,立積,110,10,100,國票-敦北法人,2024-12-11,0037003700390063
2834,臺企銀,100,0,100,國票-敦北法人,2024-12-11,0037003700390063
020039,元大加權N,97,0,97,國票-敦北法人,2024-12-11,0037003700390063
1319,東陽,90,0,90,國票-敦北法人,2024-12-11,0037003700390063
2383,台光電,97,8,89,國票-敦北法人,2024-12-11,0037003700390063
6829,千附精密,154,65,89,國票-敦北法人,2024-12-11,0037003700390063
2368,金像電,125,53,72,國票-敦北法人,2024-12-11,0037003700390063
3712,永崴投控,83,17,66,國票-敦北法人,2024-12-11,0037003700390063
2723,美食-KY,50,0,50,國票-敦北法人,2024-12-11,0037003700390063
6140,訊達,50,0,50,國票-敦北法人,2024-12-11,0037003700390063
6805,富世達,48,1,47,國票-敦北法人,2024-12-11,0037003700390063
5315,光聯,43,0,43,國票-敦北法人,2024-12-11,0037003700390063
00637L,元大滬深300正2,43,3,40,國票-敦北法人,2024-12-11,0037003700390063
6283,淳安,33,0,33,國票-敦北法人,2024-12-11,0037003700390063
4113,聯上,33,0,33,國票-敦北法人,2024-12-11,0037003700390063
00674R,期元大S＆P黃金反1,32,0,32,國票-敦北法人,2024-12-11,0037003700390063
2030,彰源,130,100,30,國票-敦北法人,2024-12-11,0037003700390063
5434,崇越,30,0,30,國票-敦北法人,2024-12-11,0037003700390063
00950B,凱基A級公司債,30,0,30,國票-敦北法人,2024-12-11,0037003700390063
2885,元大金,29,0,29,國票-敦北法人,2024-12-11,0037003700390063
3041,揚智,54,27,27,國票-敦北法人,2024-12-11,0037003700390063
3324,雙鴻,26,0,26,國票-敦北法人,2024-12-11,0037003700390063
00655L,國泰中國A50正2,25,0,25,國票-敦北法人,2024-12-11,0037003700390063
6442,光聖,37,13,24,國票-敦北法人,2024-12-11,0037003700390063
8383,千附,22,0,22,國票-敦北法人,2024-12-11,0037003700390063
2303,聯電,23,3,20,國票-敦北法人,2024-12-11,0037003700390063
00676R,富邦臺灣加權反1,20,0,20,國票-敦北法人,2024-12-11,0037003700390063
3062,建漢,20,2,18,國票-敦北法人,2024-12-11,0037003700390063
00922,國泰台灣領袖50,18,0,18,國票-敦北法人,2024-12-11,0037003700390063
2317,鴻海,37,19,18,國票-敦北法人,2024-12-11,0037003700390063
3484,崧騰,17,0,17,國票-敦北法人,2024-12-11,0037003700390063
00878,國泰永續高股息,17,1,16,國票-敦北法人,2024-12-11,0037003700390063
5439,高技,65,49,16,國票-敦北法人,2024-12-11,0037003700390063
00687B,國泰20年美債,16,0,16,國票-敦北法人,2024-12-11,0037003700390063
2882,國泰金,15,0,15,國票-敦北法人,2024-12-11,0037003700390063
1536,和大,15,0,15,國票-敦北法人,2024-12-11,0037003700390063
2548,華固,15,0,15,國票-敦北法人,2024-12-11,0037003700390063
5706,鳳凰,15,0,15,國票-敦北法人,2024-12-11,0037003700390063
6669,緯穎,18,3,15,國票-敦北法人,2024-12-11,0037003700390063
2308,台達電,24,9,15,國票-敦北法人,2024-12-11,0037003700390063
3491,昇達科,24,10,14,國票-敦北法人,2024-12-11,0037003700390063
5244,弘凱,23,9,14,國票-敦北法人,2024-12-11,0037003700390063
3296,勝德,15,1,14,國票-敦北法人,2024-12-11,0037003700390063
6215,和椿,16,3,13,國票-敦北法人,2024-12-11,0037003700390063
3711,日月光投控,579,5,574,國票-敦北法人,2024-12-12,0037003700390063
2449,京元電子,555,0,555,國票-敦北法人,2024-12-12,0037003700390063
6215,和椿,387,14,373,國票-敦北法人,2024-12-12,0037003700390063
2882,國泰金,259,5,254,國票-敦北法人,2024-12-12,0037003700390063
00795B,中信美國公債20年,250,0,250,國票-敦北法人,2024-12-12,0037003700390063
5871,中租-KY,222,4,218,國票-敦北法人,2024-12-12,0037003700390063
9904,寶成,211,0,211,國票-敦北法人,2024-12-12,0037003700390063
3037,欣興,205,9,196,國票-敦北法人,2024-12-12,0037003700390063
2359,所羅門,166,6,160,國票-敦北法人,2024-12-12,0037003700390063
3491,昇達科,213,53,160,國票-敦北法人,2024-12-12,0037003700390063
2368,金像電,221,96,125,國票-敦北法人,2024-12-12,0037003700390063
3706,神達,316,197,119,國票-敦北法人,2024-12-12,0037003700390063
5439,高技,134,18,116,國票-敦北法人,2024-12-12,0037003700390063
3227,原相,110,0,110,國票-敦北法人,2024-12-12,0037003700390063
4979,華星光,110,10,100,國票-敦北法人,2024-12-12,0037003700390063
00948B,中信優息投資級債,100,0,100,國票-敦北法人,2024-12-12,0037003700390063
2330,台積電,104,11,93,國票-敦北法人,2024-12-12,0037003700390063
2356,英業達,102,18,84,國票-敦北法人,2024-12-12,0037003700390063
3035,智原,81,0,81,國票-敦北法人,2024-12-12,0037003700390063
4577,達航科技,76,3,73,國票-敦北法人,2024-12-12,0037003700390063
2345,智邦,72,10,62,國票-敦北法人,2024-12-12,0037003700390063
4953,緯軟,84,26,58,國票-敦北法人,2024-12-12,0037003700390063
1802,台玻,52,1,51,國票-敦北法人,2024-12-12,0037003700390063
2367,燿華,51,4,47,國票-敦北法人,2024-12-12,0037003700390063
2027,大成鋼,45,0,45,國票-敦北法人,2024-12-12,0037003700390063
00950B,凱基A級公司債,40,0,40,國票-敦北法人,2024-12-12,0037003700390063
1504,東元,39,0,39,國票-敦北法人,2024-12-12,0037003700390063
3665,貿聯-KY,42,5,37,國票-敦北法人,2024-12-12,0037003700390063
2360,致茂,51,15,36,國票-敦北法人,2024-12-12,0037003700390063
6937,天虹,33,0,33,國票-敦北法人,2024-12-12,0037003700390063
2543,皇昌,30,0,30,國票-敦北法人,2024-12-12,0037003700390063
3264,欣銓,30,2,28,國票-敦北法人,2024-12-12,0037003700390063
00918,大華優利高填息30,26,0,26,國票-敦北法人,2024-12-12,0037003700390063
9938,百和,25,0,25,國票-敦北法人,2024-12-12,0037003700390063
6104,創惟,29,4,25,國票-敦北法人,2024-12-12,0037003700390063
1303,南亞,26,2,24,國票-敦北法人,2024-12-12,0037003700390063
3019,亞光,41,20,21,國票-敦北法人,2024-12-12,0037003700390063
3592,瑞鼎,37,16,21,國票-敦北法人,2024-12-12,0037003700390063
3036,文曄,21,0,21,國票-敦北法人,2024-12-12,0037003700390063
8046,南電,20,0,20,國票-敦北法人,2024-12-12,0037003700390063
6863,永道-KY,20,0,20,國票-敦北法人,2024-12-12,0037003700390063
00664R,國泰臺灣加權反1,20,0,20,國票-敦北法人,2024-12-12,0037003700390063
3374,精材,18,0,18,國票-敦北法人,2024-12-12,0037003700390063
2486,一詮,52,34,18,國票-敦北法人,2024-12-12,0037003700390063
6288,聯嘉,16,0,16,國票-敦北法人,2024-12-12,0037003700390063
3680,家登,18,2,16,國票-敦北法人,2024-12-12,0037003700390063
1301,台塑,15,0,15,國票-敦北法人,2024-12-12,0037003700390063
00878,國泰永續高股息,15,0,15,國票-敦北法人,2024-12-12,0037003700390063
1540,喬福,16,1,15,國票-敦北法人,2024-12-12,0037003700390063
2312,金寶,30,16,14,國票-敦北法人,2024-12-12,0037003700390063
2313,華通,1312,3,1309,國票-敦北法人,2024-12-13,0037003700390063
2609,陽明,803,197,606,國票-敦北法人,2024-12-13,0037003700390063
2308,台達電,408,2,406,國票-敦北法人,2024-12-13,0037003700390063
1442,名軒,177,0,177,國票-敦北法人,2024-12-13,0037003700390063
8112,至上,166,1,165,國票-敦北法人,2024-12-13,0037003700390063
2449,京元電子,171,7,164,國票-敦北法人,2024-12-13,0037003700390063
2409,友達,143,0,143,國票-敦北法人,2024-12-13,0037003700390063
3363,上詮,173,48,125,國票-敦北法人,2024-12-13,0037003700390063
2867,三商壽,2000,1879,121,國票-敦北法人,2024-12-13,0037003700390063
5481,新華,100,0,100,國票-敦北法人,2024-12-13,0037003700390063
00918,大華優利高填息30,97,0,97,國票-敦北法人,2024-12-13,0037003700390063
00937B,群益ESG投等債20,106,10,96,國票-敦北法人,2024-12-13,0037003700390063
2330,台積電,101,6,95,國票-敦北法人,2024-12-13,0037003700390063
2359,所羅門,146,54,92,國票-敦北法人,2024-12-13,0037003700390063
4991,環宇-KY,180,90,90,國票-敦北法人,2024-12-13,0037003700390063
5534,長虹,87,0,87,國票-敦北法人,2024-12-13,0037003700390063
00882,中信中國高股息,83,0,83,國票-敦北法人,2024-12-13,0037003700390063
6451,訊芯-KY,60,0,60,國票-敦北法人,2024-12-13,0037003700390063
2845,遠東銀,77,20,57,國票-敦北法人,2024-12-13,0037003700390063
9802,鈺齊-KY,52,1,51,國票-敦北法人,2024-12-13,0037003700390063
2723,美食-KY,50,1,49,國票-敦北法人,2024-12-13,0037003700390063
2374,佳能,46,2,44,國票-敦北法人,2024-12-13,0037003700390063
9938,百和,71,30,41,國票-敦北法人,2024-12-13,0037003700390063
3617,碩天,31,0,31,國票-敦北法人,2024-12-13,0037003700390063
00950B,凱基A級公司債,30,0,30,國票-敦北法人,2024-12-13,0037003700390063
00645,富邦日本,29,0,29,國票-敦北法人,2024-12-13,0037003700390063
00664R,國泰臺灣加權反1,25,0,25,國票-敦北法人,2024-12-13,0037003700390063
6669,緯穎,31,6,25,國票-敦北法人,2024-12-13,0037003700390063
3024,憶聲,20,0,20,國票-敦北法人,2024-12-13,0037003700390063
6164,華興,20,0,20,國票-敦北法人,2024-12-13,0037003700390063
3432,台端,20,0,20,國票-敦北法人,2024-12-13,0037003700390063
3594,磐儀,20,0,20,國票-敦北法人,2024-12-13,0037003700390063
00688L,國泰20年美債正2,20,0,20,國票-敦北法人,2024-12-13,0037003700390063
5284,jpp-KY,18,0,18,國票-敦北法人,2024-12-13,0037003700390063
2468,華經,33,15,18,國票-敦北法人,2024-12-13,0037003700390063
3661,世芯-KY,27,9,18,國票-敦北法人,2024-12-13,0037003700390063
8249,菱光,17,0,17,國票-敦北法人,2024-12-13,0037003700390063
2353,宏��,17,2,15,國票-敦北法人,2024-12-13,0037003700390063
2486,一詮,102,87,15,國票-敦北法人,2024-12-13,0037003700390063
2371,大同,16,1,15,國票-敦北法人,2024-12-13,0037003700390063
2543,皇昌,21,6,15,國票-敦北法人,2024-12-13,0037003700390063
2606,裕民,14,0,14,國票-敦北法人,2024-12-13,0037003700390063
4979,華星光,26,13,13,國票-敦北法人,2024-12-13,0037003700390063
3673,TPK-KY,13,0,13,國票-敦北法人,2024-12-13,0037003700390063
3665,貿聯-KY,15,2,13,國票-敦北法人,2024-12-13,0037003700390063
3689,湧德,15,2,13,國票-敦北法人,2024-12-13,0037003700390063
5274,信驊,14,2,12,國票-敦北法人,2024-12-13,0037003700390063
0056,元大高股息,11,0,11,國票-敦北法人,2024-12-13,0037003700390063
4953,緯軟,14,3,11,國票-敦北法人,2024-12-13,0037003700390063
8046,南電,11,0,11,國票-敦北法人,2024-12-13,0037003700390063
2886,兆豐金,786,0,786,國票-敦北法人,2024-12-16,0037003700390063
00937B,群益ESG投等債20,538,2,536,國票-敦北法人,2024-12-16,0037003700390063
6438,迅得,475,0,475,國票-敦北法人,2024-12-16,0037003700390063
2891,中信金,790,323,467,國票-敦北法人,2024-12-16,0037003700390063
2368,金像電,708,253,455,國票-敦北法人,2024-12-16,0037003700390063
3041,揚智,452,0,452,國票-敦北法人,2024-12-16,0037003700390063
2889,國票金,400,18,382,國票-敦北法人,2024-12-16,0037003700390063
6274,台燿,366,5,361,國票-敦北法人,2024-12-16,0037003700390063
00943,兆豐電子高息等權,200,0,200,國票-敦北法人,2024-12-16,0037003700390063
2607,榮運,180,0,180,國票-敦北法人,2024-12-16,0037003700390063
2543,皇昌,173,5,168,國票-敦北法人,2024-12-16,0037003700390063
3042,晶技,159,0,159,國票-敦北法人,2024-12-16,0037003700390063
2404,漢唐,100,0,100,國票-敦北法人,2024-12-16,0037003700390063
2330,台積電,108,14,94,國票-敦北法人,2024-12-16,0037003700390063
2409,友達,90,0,90,國票-敦北法人,2024-12-16,0037003700390063
3081,聯亞,83,5,78,國票-敦北法人,2024-12-16,0037003700390063
6603,富強鑫,75,0,75,國票-敦北法人,2024-12-16,0037003700390063
5347,世界,104,32,72,國票-敦北法人,2024-12-16,0037003700390063
5439,高技,145,73,72,國票-敦北法人,2024-12-16,0037003700390063
9802,鈺齊-KY,71,1,70,國票-敦北法人,2024-12-16,0037003700390063
3661,世芯-KY,68,2,66,國票-敦北法人,2024-12-16,0037003700390063
2233,宇隆,60,0,60,國票-敦北法人,2024-12-16,0037003700390063
3019,亞光,153,95,58,國票-敦北法人,2024-12-16,0037003700390063
8105,凌巨,45,0,45,國票-敦北法人,2024-12-16,0037003700390063
1301,台塑,43,2,41,國票-敦北法人,2024-12-16,0037003700390063
1442,名軒,40,0,40,國票-敦北法人,2024-12-16,0037003700390063
2353,宏��,41,2,39,國票-敦北法人,2024-12-16,0037003700390063
00909,國泰數位支付服務,52,16,36,國票-敦北法人,2024-12-16,0037003700390063
5244,弘凱,38,2,36,國票-敦北法人,2024-12-16,0037003700390063
6877,鏵友益,34,0,34,國票-敦北法人,2024-12-16,0037003700390063
2431,聯昌,30,0,30,國票-敦北法人,2024-12-16,0037003700390063
3363,上詮,66,37,29,國票-敦北法人,2024-12-16,0037003700390063
6669,緯穎,30,4,26,國票-敦北法人,2024-12-16,0037003700390063
2211,長榮鋼,25,0,25,國票-敦北法人,2024-12-16,0037003700390063
2405,輔信,25,0,25,國票-敦北法人,2024-12-16,0037003700390063
3665,貿聯-KY,78,53,25,國票-敦北法人,2024-12-16,0037003700390063
3227,原相,25,1,24,國票-敦北法人,2024-12-16,0037003700390063
00918,大華優利高填息30,22,0,22,國票-敦北法人,2024-12-16,0037003700390063
3592,瑞鼎,20,0,20,國票-敦北法人,2024-12-16,0037003700390063
6112,邁達特,20,0,20,國票-敦北法人,2024-12-16,0037003700390063
2645,長榮航太,20,0,20,國票-敦北法人,2024-12-16,0037003700390063
6689,伊雲谷,20,0,20,國票-敦北法人,2024-12-16,0037003700390063
00950B,凱基A級公司債,20,0,20,國票-敦北法人,2024-12-16,0037003700390063
00772B,中信高評級公司債,20,0,20,國票-敦北法人,2024-12-16,0037003700390063
2449,京元電子,33,13,20,國票-敦北法人,2024-12-16,0037003700390063
3051,力特,19,0,19,國票-敦北法人,2024-12-16,0037003700390063
2385,群光,19,0,19,國票-敦北法人,2024-12-16,0037003700390063
3548,兆利,30,12,18,國票-敦北法人,2024-12-16,0037003700390063
00946,群益科技高息成長,20,6,14,國票-敦北法人,2024-12-16,0037003700390063
2313,華通,20,6,14,國票-敦北法人,2024-12-16,0037003700390063
00937B,群益ESG投等債20,2220,0,2220,國票-敦北法人,2024-12-17,0037003700390063
2886,兆豐金,800,0,800,國票-敦北法人,2024-12-17,0037003700390063
2891,中信金,447,0,447,國票-敦北法人,2024-12-17,0037003700390063
2883,凱基金,440,11,429,國票-敦北法人,2024-12-17,0037003700390063
2885,元大金,429,0,429,國票-敦北法人,2024-12-17,0037003700390063
3041,揚智,845,427,418,國票-敦北法人,2024-12-17,0037003700390063
4540,全球傳動,376,22,354,國票-敦北法人,2024-12-17,0037003700390063
2359,所羅門,336,56,280,國票-敦北法人,2024-12-17,0037003700390063
2607,榮運,220,0,220,國票-敦北法人,2024-12-17,0037003700390063
2049,上銀,225,6,219,國票-敦北法人,2024-12-17,0037003700390063
2834,臺企銀,202,0,202,國票-敦北法人,2024-12-17,0037003700390063
2618,長榮航,201,1,200,國票-敦北法人,2024-12-17,0037003700390063
2449,京元電子,142,1,141,國票-敦北法人,2024-12-17,0037003700390063
2345,智邦,120,0,120,國票-敦北法人,2024-12-17,0037003700390063
2377,微星,101,0,101,國票-敦北法人,2024-12-17,0037003700390063
2454,聯發科,100,4,96,國票-敦北法人,2024-12-17,0037003700390063
5243,乙盛-KY,87,4,83,國票-敦北法人,2024-12-17,0037003700390063
3702,大聯大,81,2,79,國票-敦北法人,2024-12-17,0037003700390063
3037,欣興,77,0,77,國票-敦北法人,2024-12-17,0037003700390063
5347,世界,80,6,74,國票-敦北法人,2024-12-17,0037003700390063
2368,金像電,166,97,69,國票-敦北法人,2024-12-17,0037003700390063
2330,台積電,100,32,68,國票-敦北法人,2024-12-17,0037003700390063
3005,神基,60,2,58,國票-敦北法人,2024-12-17,0037003700390063
2313,華通,69,25,44,國票-敦北法人,2024-12-17,0037003700390063
8054,安國,47,6,41,國票-敦北法人,2024-12-17,0037003700390063
5439,高技,122,85,37,國票-敦北法人,2024-12-17,0037003700390063
1560,中砂,37,0,37,國票-敦北法人,2024-12-17,0037003700390063
3443,創意,29,2,27,國票-敦北法人,2024-12-17,0037003700390063
00918,大華優利高填息30,106,80,26,國票-敦北法人,2024-12-17,0037003700390063
3661,世芯-KY,25,1,24,國票-敦北法人,2024-12-17,0037003700390063
9802,鈺齊-KY,24,0,24,國票-敦北法人,2024-12-17,0037003700390063
4510,高鋒,29,8,21,國票-敦北法人,2024-12-17,0037003700390063
4958,臻鼎-KY,25,4,21,國票-敦北法人,2024-12-17,0037003700390063
2912,統一超,20,0,20,國票-敦北法人,2024-12-17,0037003700390063
5371,中光電,33,16,17,國票-敦北法人,2024-12-17,0037003700390063
4303,信立,16,0,16,國票-敦北法人,2024-12-17,0037003700390063
2365,昆盈,17,1,16,國票-敦北法人,2024-12-17,0037003700390063
5392,能率,18,2,16,國票-敦北法人,2024-12-17,0037003700390063
8249,菱光,36,21,15,國票-敦北法人,2024-12-17,0037003700390063
2374,佳能,33,20,13,國票-敦北法人,2024-12-17,0037003700390063
00708L,期元大S＆P黃金正2,12,0,12,國票-敦北法人,2024-12-17,0037003700390063
2455,全新,12,0,12,國票-敦北法人,2024-12-17,0037003700390063
00713,元大台灣高息低波,11,0,11,國票-敦北法人,2024-12-17,0037003700390063
2395,研華,11,0,11,國票-敦北法人,2024-12-17,0037003700390063
6643,M31,12,1,11,國票-敦北法人,2024-12-17,0037003700390063
4755,三福化,11,0,11,國票-敦北法人,2024-12-17,0037003700390063
2464,盟立,18,7,11,國票-敦北法人,2024-12-17,0037003700390063
2409,友達,10,0,10,國票-敦北法人,2024-12-17,0037003700390063
2477,美隆電,10,0,10,國票-敦北法人,2024-12-17,0037003700390063
4768,晶呈科技,10,0,10,國票-敦北法人,2024-12-17,0037003700390063
00919,群益台灣精選高息,4003,2,4001,國票-敦北法人,2024-12-18,0037003700390063
6147,頎邦,854,0,854,國票-敦北法人,2024-12-18,0037003700390063
5347,世界,547,7,540,國票-敦北法人,2024-12-18,0037003700390063
3044,健鼎,554,99,455,國票-敦北法人,2024-12-18,0037003700390063
2886,兆豐金,424,0,424,國票-敦北法人,2024-12-18,0037003700390063
6239,力成,477,122,355,國票-敦北法人,2024-12-18,0037003700390063
6558,興能高,385,34,351,國票-敦北法人,2024-12-18,0037003700390063
3323,加百裕,363,12,351,國票-敦北法人,2024-12-18,0037003700390063
00900,富邦特選高股息30,303,0,303,國票-敦北法人,2024-12-18,0037003700390063
00795B,中信美國公債20年,259,0,259,國票-敦北法人,2024-12-18,0037003700390063
3059,華晶科,210,11,199,國票-敦北法人,2024-12-18,0037003700390063
8299,群聯,197,0,197,國票-敦北法人,2024-12-18,0037003700390063
2889,國票金,200,21,179,國票-敦北法人,2024-12-18,0037003700390063
0056,元大高股息,172,0,172,國票-敦北法人,2024-12-18,0037003700390063
1442,名軒,282,121,161,國票-敦北法人,2024-12-18,0037003700390063
3211,順達,281,135,146,國票-敦北法人,2024-12-18,0037003700390063
8069,元太,140,0,140,國票-敦北法人,2024-12-18,0037003700390063
00893,國泰智能電動車,100,0,100,國票-敦北法人,2024-12-18,0037003700390063
00948B,中信優息投資級債,100,0,100,國票-敦北法人,2024-12-18,0037003700390063
8467,波力-KY,100,1,99,國票-敦北法人,2024-12-18,0037003700390063
2618,長榮航,316,221,95,國票-敦北法人,2024-12-18,0037003700390063
4576,大銀微系統,82,10,72,國票-敦北法人,2024-12-18,0037003700390063
4991,環宇-KY,347,280,67,國票-敦北法人,2024-12-18,0037003700390063
9939,宏全,60,0,60,國票-敦北法人,2024-12-18,0037003700390063
5439,高技,58,6,52,國票-敦北法人,2024-12-18,0037003700390063
00852L,國泰美國道瓊正2,50,0,50,國票-敦北法人,2024-12-18,0037003700390063
5452,佶優,50,0,50,國票-敦北法人,2024-12-18,0037003700390063
4583,台灣精銳,60,11,49,國票-敦北法人,2024-12-18,0037003700390063
2368,金像電,50,5,45,國票-敦北法人,2024-12-18,0037003700390063
6596,寬宏藝術,43,0,43,國票-敦北法人,2024-12-18,0037003700390063
2412,中華電,40,0,40,國票-敦北法人,2024-12-18,0037003700390063
3005,神基,40,0,40,國票-敦北法人,2024-12-18,0037003700390063
6805,富世達,40,0,40,國票-敦北法人,2024-12-18,0037003700390063
00918,大華優利高填息30,89,60,29,國票-敦北法人,2024-12-18,0037003700390063
5243,乙盛-KY,45,17,28,國票-敦北法人,2024-12-18,0037003700390063
2867,三商壽,28,0,28,國票-敦北法人,2024-12-18,0037003700390063
1102,亞泥,62,36,26,國票-敦北法人,2024-12-18,0037003700390063
5880,合庫金,22,0,22,國票-敦北法人,2024-12-18,0037003700390063
5426,振發,22,0,22,國票-敦北法人,2024-12-18,0037003700390063
2455,全新,22,1,21,國票-敦北法人,2024-12-18,0037003700390063
2633,台灣高鐵,20,0,20,國票-敦北法人,2024-12-18,0037003700390063
3029,零壹,24,4,20,國票-敦北法人,2024-12-18,0037003700390063
6196,帆宣,20,0,20,國票-敦北法人,2024-12-18,0037003700390063
6129,普誠,20,0,20,國票-敦北法人,2024-12-18,0037003700390063
3010,華立,20,0,20,國票-敦北法人,2024-12-18,0037003700390063
8044,網家,20,0,20,國票-敦北法人,2024-12-18,0037003700390063
2006,東和鋼鐵,20,0,20,國票-敦北法人,2024-12-18,0037003700390063
5438,東友,20,1,19,國票-敦北法人,2024-12-18,0037003700390063
6962,ITH-KY,19,1,18,國票-敦北法人,2024-12-18,0037003700390063
2382,廣達,46,29,17,國票-敦北法人,2024-12-18,0037003700390063
6285,啟��,925,33,892,國票-敦北法人,2024-12-19,0037003700390063
00713,元大台灣高息低波,761,0,761,國票-敦北法人,2024-12-19,0037003700390063
2374,佳能,1214,462,752,國票-敦北法人,2024-12-19,0037003700390063
2618,長榮航,420,10,410,國票-敦北法人,2024-12-19,0037003700390063
6215,和椿,347,27,320,國票-敦北法人,2024-12-19,0037003700390063
00680L,元大美債20正2,301,0,301,國票-敦北法人,2024-12-19,0037003700390063
5347,世界,212,1,211,國票-敦北法人,2024-12-19,0037003700390063
00918,大華優利高填息30,164,35,129,國票-敦北法人,2024-12-19,0037003700390063
00757,統一FANG+,126,0,126,國票-敦北法人,2024-12-19,0037003700390063
4991,環宇-KY,415,291,124,國票-敦北法人,2024-12-19,0037003700390063
2301,光寶科,120,0,120,國票-敦北法人,2024-12-19,0037003700390063
3376,新日興,146,32,114,國票-敦北法人,2024-12-19,0037003700390063
3558,神準,300,200,100,國票-敦北法人,2024-12-19,0037003700390063
2006,東和鋼鐵,100,0,100,國票-敦北法人,2024-12-19,0037003700390063
2359,所羅門,108,9,99,國票-敦北法人,2024-12-19,0037003700390063
4563,百德,104,11,93,國票-敦北法人,2024-12-19,0037003700390063
6859,伯特光,109,19,90,國票-敦北法人,2024-12-19,0037003700390063
00676R,富邦臺灣加權反1,80,0,80,國票-敦北法人,2024-12-19,0037003700390063
2308,台達電,70,0,70,國票-敦北法人,2024-12-19,0037003700390063
6873,泓德能源,69,0,69,國票-敦北法人,2024-12-19,0037003700390063
2049,上銀,83,22,61,國票-敦北法人,2024-12-19,0037003700390063
5434,崇越,53,0,53,國票-敦北法人,2024-12-19,0037003700390063
2845,遠東銀,52,0,52,國票-敦北法人,2024-12-19,0037003700390063
00679B,元大美債20年,53,3,50,國票-敦北法人,2024-12-19,0037003700390063
4915,致伸,50,0,50,國票-敦北法人,2024-12-19,0037003700390063
00852L,國泰美國道瓊正2,50,0,50,國票-敦北法人,2024-12-19,0037003700390063
4510,高鋒,61,14,47,國票-敦北法人,2024-12-19,0037003700390063
2382,廣達,53,7,46,國票-敦北法人,2024-12-19,0037003700390063
00937B,群益ESG投等債20,46,1,45,國票-敦北法人,2024-12-19,0037003700390063
8086,宏捷科,50,6,44,國票-敦北法人,2024-12-19,0037003700390063
2883,凱基金,44,0,44,國票-敦北法人,2024-12-19,0037003700390063
6937,天虹,40,0,40,國票-敦北法人,2024-12-19,0037003700390063
2365,昆盈,40,1,39,國票-敦北法人,2024-12-19,0037003700390063
2409,友達,38,0,38,國票-敦北法人,2024-12-19,0037003700390063
6451,訊芯-KY,39,2,37,國票-敦北法人,2024-12-19,0037003700390063
00907,永豐優息存股,36,0,36,國票-敦北法人,2024-12-19,0037003700390063
4533,協易機,34,0,34,國票-敦北法人,2024-12-19,0037003700390063
00922,國泰台灣領袖50,33,0,33,國票-敦北法人,2024-12-19,0037003700390063
3450,聯鈞,73,40,33,國票-敦北法人,2024-12-19,0037003700390063
2345,智邦,37,4,33,國票-敦北法人,2024-12-19,0037003700390063
3363,上詮,33,0,33,國票-敦北法人,2024-12-19,0037003700390063
6603,富強鑫,33,0,33,國票-敦北法人,2024-12-19,0037003700390063
2608,嘉里大榮,32,0,32,國票-敦北法人,2024-12-19,0037003700390063
1326,台化,31,0,31,國票-敦北法人,2024-12-19,0037003700390063
2313,華通,259,228,31,國票-敦北法人,2024-12-19,0037003700390063
2882,國泰金,22,0,22,國票-敦北法人,2024-12-19,0037003700390063
3481,群創,24,2,22,國票-敦北法人,2024-12-19,0037003700390063
3443,創意,21,0,21,國票-敦北法人,2024-12-19,0037003700390063
00933B,國泰10Y+金融債,19,0,19,國票-敦北法人,2024-12-19,0037003700390063
5244,弘凱,19,0,19,國票-敦北法人,2024-12-19,0037003700390063
