Ticker,Name,buy,sell,diff,Branch,Date,Branch_Code
2201,裕隆,109,4,105,合庫-彰化,2023-01-03,1028
2867,三商壽,50,0,50,合庫-彰化,2023-01-03,1028
5009,榮剛,40,0,40,合庫-彰化,2023-01-03,1028
4402,郡都開發,40,0,40,合庫-彰化,2023-01-03,1028
1605,華新,42,4,38,合庫-彰化,2023-01-03,1028
00878,國泰永續高股息,32,0,32,合庫-彰化,2023-01-03,1028
2886,兆豐金,36,6,30,合庫-彰化,2023-01-03,1028
5880,合庫金,26,0,26,合庫-彰化,2023-01-03,1028
1325,恆大,20,0,20,合庫-彰化,2023-01-03,1028
3708,上緯投控,65,45,20,合庫-彰化,2023-01-03,1028
4106,雃博,20,0,20,合庫-彰化,2023-01-03,1028
5508,永信建,20,0,20,合庫-彰化,2023-01-03,1028
6180,橘子,21,3,18,合庫-彰化,2023-01-03,1028
3060,銘異,15,0,15,合庫-彰化,2023-01-03,1028
2618,長榮航,16,3,13,合庫-彰化,2023-01-03,1028
3447,展達,17,4,13,合庫-彰化,2023-01-03,1028
3576,聯合再生,11,0,11,合庫-彰化,2023-01-03,1028
3704,合勤控,11,0,11,合庫-彰化,2023-01-03,1028
00712,復華富時不動產,10,0,10,合庫-彰化,2023-01-03,1028
1718,中纖,10,0,10,合庫-彰化,2023-01-03,1028
00713,元大台灣高息低波,10,0,10,合庫-彰化,2023-01-03,1028
00637L,元大滬深300正2,26,16,10,合庫-彰化,2023-01-03,1028
2007,燁興,10,0,10,合庫-彰化,2023-01-03,1028
2637,慧洋-KY,10,0,10,合庫-彰化,2023-01-03,1028
2317,鴻海,13,3,10,合庫-彰化,2023-01-03,1028
2371,大同,9,0,9,合庫-彰化,2023-01-03,1028
3454,晶睿,18,11,7,合庫-彰化,2023-01-03,1028
2603,長榮,10,4,6,合庫-彰化,2023-01-03,1028
0056,元大高股息,6,0,6,合庫-彰化,2023-01-03,1028
2009,第一銅,6,0,6,合庫-彰化,2023-01-03,1028
2031,新光鋼,6,0,6,合庫-彰化,2023-01-03,1028
2352,佳世達,7,2,5,合庫-彰化,2023-01-03,1028
2929,淘帝-KY,5,0,5,合庫-彰化,2023-01-03,1028
3149,正達,5,0,5,合庫-彰化,2023-01-03,1028
6133,金橋,5,0,5,合庫-彰化,2023-01-03,1028
8028,昇陽半導體,5,0,5,合庫-彰化,2023-01-03,1028
9921,巨大,5,0,5,合庫-彰化,2023-01-03,1028
2025,千興,4,0,4,合庫-彰化,2023-01-03,1028
2882,國泰金,10,6,4,合庫-彰化,2023-01-03,1028
2884,玉山金,4,0,4,合庫-彰化,2023-01-03,1028
00692,富邦公司治理,5,2,3,合庫-彰化,2023-01-03,1028
1519,華城,5,2,3,合庫-彰化,2023-01-03,1028
1734,杏輝,3,0,3,合庫-彰化,2023-01-03,1028
2030,彰源,3,0,3,合庫-彰化,2023-01-03,1028
2615,萬海,4,1,3,合庫-彰化,2023-01-03,1028
2892,第一金,3,0,3,合庫-彰化,2023-01-03,1028
3169,亞信,3,0,3,合庫-彰化,2023-01-03,1028
3481,群創,5,2,3,合庫-彰化,2023-01-03,1028
4114,健喬,32,29,3,合庫-彰化,2023-01-03,1028
4432,銘旺實,3,0,3,合庫-彰化,2023-01-03,1028
00715L,期街口布蘭特正2,107,0,107,合庫-彰化,2023-01-04,1028
1444,力麗,100,0,100,合庫-彰化,2023-01-04,1028
8927,北基,50,0,50,合庫-彰化,2023-01-04,1028
5009,榮剛,36,0,36,合庫-彰化,2023-01-04,1028
4106,雃博,35,0,35,合庫-彰化,2023-01-04,1028
3037,欣興,25,0,25,合庫-彰化,2023-01-04,1028
3508,位速,17,0,17,合庫-彰化,2023-01-04,1028
2884,玉山金,15,0,15,合庫-彰化,2023-01-04,1028
6122,擎邦,15,0,15,合庫-彰化,2023-01-04,1028
8046,南電,20,6,14,合庫-彰化,2023-01-04,1028
2007,燁興,15,1,14,合庫-彰化,2023-01-04,1028
2317,鴻海,15,5,10,合庫-彰化,2023-01-04,1028
1752,南光,11,1,10,合庫-彰化,2023-01-04,1028
4979,華星光,10,0,10,合庫-彰化,2023-01-04,1028
8183,精星,10,0,10,合庫-彰化,2023-01-04,1028
6153,嘉聯益,10,1,9,合庫-彰化,2023-01-04,1028
2609,陽明,11,3,8,合庫-彰化,2023-01-04,1028
2201,裕隆,9,2,7,合庫-彰化,2023-01-04,1028
2610,華航,14,7,7,合庫-彰化,2023-01-04,1028
0056,元大高股息,7,1,6,合庫-彰化,2023-01-04,1028
1536,和大,9,3,6,合庫-彰化,2023-01-04,1028
2313,華通,6,0,6,合庫-彰化,2023-01-04,1028
2444,兆勁,6,0,6,合庫-彰化,2023-01-04,1028
2465,麗臺,6,0,6,合庫-彰化,2023-01-04,1028
6104,創惟,18,12,6,合庫-彰化,2023-01-04,1028
2330,台積電,6,1,5,合庫-彰化,2023-01-04,1028
00902,中信電池及儲能,5,0,5,合庫-彰化,2023-01-04,1028
2545,皇翔,5,0,5,合庫-彰化,2023-01-04,1028
2641,正德,5,0,5,合庫-彰化,2023-01-04,1028
3060,銘異,5,0,5,合庫-彰化,2023-01-04,1028
3128,昇銳,5,0,5,合庫-彰化,2023-01-04,1028
3705,永信,5,0,5,合庫-彰化,2023-01-04,1028
4157,太景*-KY,5,0,5,合庫-彰化,2023-01-04,1028
4946,辣椒,5,0,5,合庫-彰化,2023-01-04,1028
2603,長榮,4,0,4,合庫-彰化,2023-01-04,1028
2615,萬海,5,1,4,合庫-彰化,2023-01-04,1028
1217,愛之味,4,0,4,合庫-彰化,2023-01-04,1028
2014,中鴻,6,2,4,合庫-彰化,2023-01-04,1028
2363,矽統,6,2,4,合庫-彰化,2023-01-04,1028
6441,廣錠,7,3,4,合庫-彰化,2023-01-04,1028
2002,中鋼,4,1,3,合庫-彰化,2023-01-04,1028
1503,士電,3,0,3,合庫-彰化,2023-01-04,1028
1760,寶齡富錦,3,0,3,合庫-彰化,2023-01-04,1028
2331,精英,3,0,3,合庫-彰化,2023-01-04,1028
2852,第一保,3,0,3,合庫-彰化,2023-01-04,1028
2882,國泰金,5,2,3,合庫-彰化,2023-01-04,1028
2886,兆豐金,3,0,3,合庫-彰化,2023-01-04,1028
4402,郡都開發,3,0,3,合庫-彰化,2023-01-04,1028
4770,上品,6,3,3,合庫-彰化,2023-01-04,1028
6533,晶心科,4,1,3,合庫-彰化,2023-01-04,1028
5009,榮剛,77,2,75,合庫-彰化,2023-01-05,1028
2412,中華電,100,29,71,合庫-彰化,2023-01-05,1028
8996,高力,52,18,34,合庫-彰化,2023-01-05,1028
2317,鴻海,26,2,24,合庫-彰化,2023-01-05,1028
00715L,期街口布蘭特正2,22,0,22,合庫-彰化,2023-01-05,1028
3037,欣興,25,3,22,合庫-彰化,2023-01-05,1028
2611,志信,20,0,20,合庫-彰化,2023-01-05,1028
3189,景碩,23,3,20,合庫-彰化,2023-01-05,1028
4106,雃博,19,0,19,合庫-彰化,2023-01-05,1028
00679B,元大美債20年,12,0,12,合庫-彰化,2023-01-05,1028
2313,華通,11,0,11,合庫-彰化,2023-01-05,1028
2328,廣宇,10,0,10,合庫-彰化,2023-01-05,1028
3441,聯一光,10,0,10,合庫-彰化,2023-01-05,1028
3454,晶睿,11,1,10,合庫-彰化,2023-01-05,1028
6104,創惟,13,3,10,合庫-彰化,2023-01-05,1028
9958,世紀鋼,11,1,10,合庫-彰化,2023-01-05,1028
6533,晶心科,11,2,9,合庫-彰化,2023-01-05,1028
1707,葡萄王,8,0,8,合庫-彰化,2023-01-05,1028
2515,中工,8,0,8,合庫-彰化,2023-01-05,1028
6244,茂迪,14,6,8,合庫-彰化,2023-01-05,1028
8046,南電,11,3,8,合庫-彰化,2023-01-05,1028
4961,天鈺,8,1,7,合庫-彰化,2023-01-05,1028
6485,點序,7,0,7,合庫-彰化,2023-01-05,1028
1609,大亞,8,2,6,合庫-彰化,2023-01-05,1028
2867,三商壽,6,0,6,合庫-彰化,2023-01-05,1028
3027,盛達,6,0,6,合庫-彰化,2023-01-05,1028
4102,永日,6,0,6,合庫-彰化,2023-01-05,1028
00733,富邦臺灣中小,5,0,5,合庫-彰化,2023-01-05,1028
00878,國泰永續高股息,5,0,5,合庫-彰化,2023-01-05,1028
1718,中纖,5,0,5,合庫-彰化,2023-01-05,1028
1815,富喬,5,0,5,合庫-彰化,2023-01-05,1028
2419,仲琦,6,1,5,合庫-彰化,2023-01-05,1028
2610,華航,9,4,5,合庫-彰化,2023-01-05,1028
3707,漢磊,5,0,5,合庫-彰化,2023-01-05,1028
6603,富強鑫,5,0,5,合庫-彰化,2023-01-05,1028
3705,永信,4,0,4,合庫-彰化,2023-01-05,1028
00772B,中信高評級公司債,4,0,4,合庫-彰化,2023-01-05,1028
00640L,富邦日本正2,4,0,4,合庫-彰化,2023-01-05,1028
00670L,富邦NASDAQ正2,4,0,4,合庫-彰化,2023-01-05,1028
00720B,元大投資級公司債,4,0,4,合庫-彰化,2023-01-05,1028
2201,裕隆,12,8,4,合庫-彰化,2023-01-05,1028
2358,廷鑫,4,0,4,合庫-彰化,2023-01-05,1028
2368,金像電,4,0,4,合庫-彰化,2023-01-05,1028
3673,TPK-KY,4,0,4,合庫-彰化,2023-01-05,1028
4130,健亞,9,5,4,合庫-彰化,2023-01-05,1028
6274,台燿,5,1,4,合庫-彰化,2023-01-05,1028
6443,元晶,6,2,4,合庫-彰化,2023-01-05,1028
6582,申豐,5,1,4,合庫-彰化,2023-01-05,1028
8069,元太,4,0,4,合庫-彰化,2023-01-05,1028
1101,台泥,15,12,3,合庫-彰化,2023-01-05,1028
00715L,期街口布蘭特正2,727,2,725,合庫-彰化,2023-01-06,1028
3545,敦泰,142,29,113,合庫-彰化,2023-01-06,1028
1815,富喬,95,0,95,合庫-彰化,2023-01-06,1028
1449,佳和,50,0,50,合庫-彰化,2023-01-06,1028
9105,泰金寶-DR,40,0,40,合庫-彰化,2023-01-06,1028
00632R,元大台灣50反1,36,0,36,合庫-彰化,2023-01-06,1028
00893,國泰智能電動車,31,0,31,合庫-彰化,2023-01-06,1028
5009,榮剛,28,3,25,合庫-彰化,2023-01-06,1028
8358,金居,30,11,19,合庫-彰化,2023-01-06,1028
00888,永豐台灣ESG,15,0,15,合庫-彰化,2023-01-06,1028
6177,達麗,15,0,15,合庫-彰化,2023-01-06,1028
00725B,國泰投資級公司債,12,0,12,合庫-彰化,2023-01-06,1028
1752,南光,14,3,11,合庫-彰化,2023-01-06,1028
4961,天鈺,39,28,11,合庫-彰化,2023-01-06,1028
3708,上緯投控,10,0,10,合庫-彰化,2023-01-06,1028
6443,元晶,13,3,10,合庫-彰化,2023-01-06,1028
912000,晨訊科-DR,10,0,10,合庫-彰化,2023-01-06,1028
2498,宏達電,15,6,9,合庫-彰化,2023-01-06,1028
3706,神達,9,0,9,合庫-彰化,2023-01-06,1028
4114,健喬,23,14,9,合庫-彰化,2023-01-06,1028
4743,合一,9,1,8,合庫-彰化,2023-01-06,1028
3060,銘異,7,0,7,合庫-彰化,2023-01-06,1028
4909,新復興,7,0,7,合庫-彰化,2023-01-06,1028
6806,森崴能源,5,0,5,合庫-彰化,2023-01-06,1028
0056,元大高股息,21,16,5,合庫-彰化,2023-01-06,1028
00642U,期元大S＆P石油,5,0,5,合庫-彰化,2023-01-06,1028
00882,中信中國高股息,5,0,5,合庫-彰化,2023-01-06,1028
2313,華通,5,0,5,合庫-彰化,2023-01-06,1028
2352,佳世達,5,0,5,合庫-彰化,2023-01-06,1028
2457,飛宏,5,0,5,合庫-彰化,2023-01-06,1028
3149,正達,5,0,5,合庫-彰化,2023-01-06,1028
3232,昱捷,5,0,5,合庫-彰化,2023-01-06,1028
3454,晶睿,8,3,5,合庫-彰化,2023-01-06,1028
3669,圓展,5,0,5,合庫-彰化,2023-01-06,1028
4931,新盛力,10,5,5,合庫-彰化,2023-01-06,1028
4946,辣椒,5,0,5,合庫-彰化,2023-01-06,1028
8040,九暘,10,5,5,合庫-彰化,2023-01-06,1028
00907,永豐優息存股,4,0,4,合庫-彰化,2023-01-06,1028
1701,中化,4,0,4,合庫-彰化,2023-01-06,1028
1783,和康生,5,1,4,合庫-彰化,2023-01-06,1028
2230,泰茂,6,2,4,合庫-彰化,2023-01-06,1028
3479,安勤,4,0,4,合庫-彰化,2023-01-06,1028
3680,家登,5,1,4,合庫-彰化,2023-01-06,1028
4167,松瑞藥,4,0,4,合庫-彰化,2023-01-06,1028
6191,精成科,4,0,4,合庫-彰化,2023-01-06,1028
00900,富邦特選高股息30,3,0,3,合庫-彰化,2023-01-06,1028
00720B,元大投資級公司債,3,0,3,合庫-彰化,2023-01-06,1028
1519,華城,6,3,3,合庫-彰化,2023-01-06,1028
2482,連宇,5,2,3,合庫-彰化,2023-01-06,1028
2609,陽明,8,5,3,合庫-彰化,2023-01-06,1028
00632R,元大台灣50反1,94,0,94,合庫-彰化,2023-01-09,1028
00642U,期元大S＆P石油,93,0,93,合庫-彰化,2023-01-09,1028
8996,高力,67,31,36,合庫-彰化,2023-01-09,1028
5009,榮剛,30,1,29,合庫-彰化,2023-01-09,1028
8069,元太,32,10,22,合庫-彰化,2023-01-09,1028
1516,川飛,20,0,20,合庫-彰化,2023-01-09,1028
4137,麗豐-KY,20,0,20,合庫-彰化,2023-01-09,1028
6488,環球晶,19,0,19,合庫-彰化,2023-01-09,1028
1605,華新,39,24,15,合庫-彰化,2023-01-09,1028
2419,仲琦,12,1,11,合庫-彰化,2023-01-09,1028
4909,新復興,12,1,11,合庫-彰化,2023-01-09,1028
6109,亞元,11,0,11,合庫-彰化,2023-01-09,1028
1718,中纖,10,0,10,合庫-彰化,2023-01-09,1028
2867,三商壽,10,0,10,合庫-彰化,2023-01-09,1028
5425,台半,19,9,10,合庫-彰化,2023-01-09,1028
6556,勝品,10,0,10,合庫-彰化,2023-01-09,1028
0056,元大高股息,13,4,9,合庫-彰化,2023-01-09,1028
2328,廣宇,9,0,9,合庫-彰化,2023-01-09,1028
4915,致伸,10,1,9,合庫-彰化,2023-01-09,1028
00753L,中信中國50正2,10,2,8,合庫-彰化,2023-01-09,1028
2313,華通,9,1,8,合庫-彰化,2023-01-09,1028
3037,欣興,18,10,8,合庫-彰化,2023-01-09,1028
2317,鴻海,9,2,7,合庫-彰化,2023-01-09,1028
00669R,國泰美國道瓊反1,6,0,6,合庫-彰化,2023-01-09,1028
00680L,元大美債20正2,6,0,6,合庫-彰化,2023-01-09,1028
00907,永豐優息存股,6,0,6,合庫-彰化,2023-01-09,1028
3479,安勤,6,0,6,合庫-彰化,2023-01-09,1028
4432,銘旺實,6,0,6,合庫-彰化,2023-01-09,1028
2603,長榮,5,0,5,合庫-彰化,2023-01-09,1028
00878,國泰永續高股息,32,27,5,合庫-彰化,2023-01-09,1028
1519,華城,6,1,5,合庫-彰化,2023-01-09,1028
2482,連宇,5,0,5,合庫-彰化,2023-01-09,1028
2613,中櫃,5,0,5,合庫-彰化,2023-01-09,1028
6129,普誠,15,10,5,合庫-彰化,2023-01-09,1028
6712,長聖,5,0,5,合庫-彰化,2023-01-09,1028
8040,九暘,5,0,5,合庫-彰化,2023-01-09,1028
8255,朋程,5,0,5,合庫-彰化,2023-01-09,1028
3027,盛達,5,1,4,合庫-彰化,2023-01-09,1028
3535,晶彩科,5,1,4,合庫-彰化,2023-01-09,1028
6139,亞翔,5,1,4,合庫-彰化,2023-01-09,1028
8086,宏捷科,5,1,4,合庫-彰化,2023-01-09,1028
8289,泰藝,5,1,4,合庫-彰化,2023-01-09,1028
00679B,元大美債20年,3,0,3,合庫-彰化,2023-01-09,1028
00671R,富邦NASDAQ反1,3,0,3,合庫-彰化,2023-01-09,1028
00670L,富邦NASDAQ正2,3,0,3,合庫-彰化,2023-01-09,1028
00683L,期元大美元指正2,3,0,3,合庫-彰化,2023-01-09,1028
00715L,期街口布蘭特正2,3,0,3,合庫-彰化,2023-01-09,1028
1783,和康生,3,0,3,合庫-彰化,2023-01-09,1028
2338,光罩,7,4,3,合庫-彰化,2023-01-09,1028
2431,聯昌,3,0,3,合庫-彰化,2023-01-09,1028
2344,華邦電,2554,9,2545,合庫-彰化,2023-01-10,1028
4106,雃博,51,0,51,合庫-彰化,2023-01-10,1028
2834,臺企銀,50,5,45,合庫-彰化,2023-01-10,1028
6148,驊宏資,35,1,34,合庫-彰化,2023-01-10,1028
3356,奇偶,32,0,32,合庫-彰化,2023-01-10,1028
1514,亞力,24,0,24,合庫-彰化,2023-01-10,1028
2890,永豐金,21,2,19,合庫-彰化,2023-01-10,1028
5014,建錩,17,0,17,合庫-彰化,2023-01-10,1028
3714,富采,18,4,14,合庫-彰化,2023-01-10,1028
4909,新復興,13,0,13,合庫-彰化,2023-01-10,1028
2489,瑞軒,10,0,10,合庫-彰化,2023-01-10,1028
3479,安勤,11,1,10,合庫-彰化,2023-01-10,1028
4743,合一,9,0,9,合庫-彰化,2023-01-10,1028
4931,新盛力,9,0,9,合庫-彰化,2023-01-10,1028
8011,台通,9,0,9,合庫-彰化,2023-01-10,1028
1312,國喬,10,2,8,合庫-彰化,2023-01-10,1028
3624,光頡,8,0,8,合庫-彰化,2023-01-10,1028
00637L,元大滬深300正2,10,3,7,合庫-彰化,2023-01-10,1028
1584,精剛,10,3,7,合庫-彰化,2023-01-10,1028
2314,台揚,7,0,7,合庫-彰化,2023-01-10,1028
2851,中再保,7,0,7,合庫-彰化,2023-01-10,1028
8150,南茂,8,1,7,合庫-彰化,2023-01-10,1028
1314,中石化,8,2,6,合庫-彰化,2023-01-10,1028
00715L,期街口布蘭特正2,6,0,6,合庫-彰化,2023-01-10,1028
00632R,元大台灣50反1,6,0,6,合庫-彰化,2023-01-10,1028
1701,中化,8,2,6,合庫-彰化,2023-01-10,1028
2352,佳世達,6,0,6,合庫-彰化,2023-01-10,1028
6177,達麗,6,0,6,合庫-彰化,2023-01-10,1028
3454,晶睿,15,10,5,合庫-彰化,2023-01-10,1028
00907,永豐優息存股,5,0,5,合庫-彰化,2023-01-10,1028
1304,台聚,5,0,5,合庫-彰化,2023-01-10,1028
1516,川飛,5,0,5,合庫-彰化,2023-01-10,1028
2009,第一銅,8,3,5,合庫-彰化,2023-01-10,1028
4102,永日,5,0,5,合庫-彰化,2023-01-10,1028
5009,榮剛,5,0,5,合庫-彰化,2023-01-10,1028
8996,高力,17,12,5,合庫-彰化,2023-01-10,1028
2409,友達,10,6,4,合庫-彰化,2023-01-10,1028
2609,陽明,9,5,4,合庫-彰化,2023-01-10,1028
2442,新美齊,5,1,4,合庫-彰化,2023-01-10,1028
5347,世界,24,20,4,合庫-彰化,2023-01-10,1028
6282,康舒,4,0,4,合庫-彰化,2023-01-10,1028
6541,泰福-KY,4,0,4,合庫-彰化,2023-01-10,1028
2317,鴻海,4,1,3,合庫-彰化,2023-01-10,1028
1319,東陽,3,0,3,合庫-彰化,2023-01-10,1028
0061,元大寶滬深,3,0,3,合庫-彰化,2023-01-10,1028
00680L,元大美債20正2,3,0,3,合庫-彰化,2023-01-10,1028
1736,喬山,5,2,3,合庫-彰化,2023-01-10,1028
2031,新光鋼,3,0,3,合庫-彰化,2023-01-10,1028
2354,鴻準,6,3,3,合庫-彰化,2023-01-10,1028
2413,環科,3,0,3,合庫-彰化,2023-01-10,1028
2412,中華電,100,0,100,合庫-彰化,2023-01-11,1028
2409,友達,60,5,55,合庫-彰化,2023-01-11,1028
1736,喬山,42,1,41,合庫-彰化,2023-01-11,1028
00642U,期元大S＆P石油,40,0,40,合庫-彰化,2023-01-11,1028
2892,第一金,31,3,28,合庫-彰化,2023-01-11,1028
6589,台康生技,21,0,21,合庫-彰化,2023-01-11,1028
2884,玉山金,23,3,20,合庫-彰化,2023-01-11,1028
5608,四維航,20,0,20,合庫-彰化,2023-01-11,1028
8110,華東,20,0,20,合庫-彰化,2023-01-11,1028
00878,國泰永續高股息,13,0,13,合庫-彰化,2023-01-11,1028
4904,遠傳,13,0,13,合庫-彰化,2023-01-11,1028
3705,永信,11,0,11,合庫-彰化,2023-01-11,1028
1560,中砂,18,8,10,合庫-彰化,2023-01-11,1028
1528,恩德,10,0,10,合庫-彰化,2023-01-11,1028
00772B,中信高評級公司債,10,0,10,合庫-彰化,2023-01-11,1028
3419,譁裕,10,0,10,合庫-彰化,2023-01-11,1028
4743,合一,11,1,10,合庫-彰化,2023-01-11,1028
6104,創惟,16,6,10,合庫-彰化,2023-01-11,1028
8011,台通,10,0,10,合庫-彰化,2023-01-11,1028
8996,高力,12,3,9,合庫-彰化,2023-01-11,1028
2883,凱基金,7,0,7,合庫-彰化,2023-01-11,1028
6472,保瑞,32,25,7,合庫-彰化,2023-01-11,1028
2014,中鴻,12,5,7,合庫-彰化,2023-01-11,1028
00680L,元大美債20正2,6,0,6,合庫-彰化,2023-01-11,1028
2313,華通,7,1,6,合庫-彰化,2023-01-11,1028
2881,富邦金,6,0,6,合庫-彰化,2023-01-11,1028
3540,曜越,6,0,6,合庫-彰化,2023-01-11,1028
4130,健亞,6,0,6,合庫-彰化,2023-01-11,1028
3293,鈊象,6,1,5,合庫-彰化,2023-01-11,1028
1316,上曜,5,0,5,合庫-彰化,2023-01-11,1028
1701,中化,5,0,5,合庫-彰化,2023-01-11,1028
2349,錸德,5,0,5,合庫-彰化,2023-01-11,1028
2359,所羅門,5,0,5,合庫-彰化,2023-01-11,1028
2442,新美齊,5,0,5,合庫-彰化,2023-01-11,1028
2867,三商壽,5,0,5,合庫-彰化,2023-01-11,1028
3048,益登,5,0,5,合庫-彰化,2023-01-11,1028
3479,安勤,5,0,5,合庫-彰化,2023-01-11,1028
5251,天鉞電,5,0,5,合庫-彰化,2023-01-11,1028
6865,偉康科技,5,0,5,合庫-彰化,2023-01-11,1028
3454,晶睿,15,10,5,合庫-彰化,2023-01-11,1028
1314,中石化,5,1,4,合庫-彰化,2023-01-11,1028
2457,飛宏,6,2,4,合庫-彰化,2023-01-11,1028
3027,盛達,4,0,4,合庫-彰化,2023-01-11,1028
3044,健鼎,4,0,4,合庫-彰化,2023-01-11,1028
3594,磐儀,4,0,4,合庫-彰化,2023-01-11,1028
6547,高端疫苗,12,8,4,合庫-彰化,2023-01-11,1028
8050,廣積,6,2,4,合庫-彰化,2023-01-11,1028
8105,凌巨,4,0,4,合庫-彰化,2023-01-11,1028
5880,合庫金,4,0,4,合庫-彰化,2023-01-11,1028
2609,陽明,8,5,3,合庫-彰化,2023-01-11,1028
3624,光頡,158,59,99,合庫-彰化,2023-01-12,1028
2328,廣宇,64,0,64,合庫-彰化,2023-01-12,1028
00632R,元大台灣50反1,24,0,24,合庫-彰化,2023-01-12,1028
8358,金居,27,3,24,合庫-彰化,2023-01-12,1028
2611,志信,22,0,22,合庫-彰化,2023-01-12,1028
00637L,元大滬深300正2,31,10,21,合庫-彰化,2023-01-12,1028
6266,泰詠,16,0,16,合庫-彰化,2023-01-12,1028
3128,昇銳,13,0,13,合庫-彰化,2023-01-12,1028
8996,高力,16,3,13,合庫-彰化,2023-01-12,1028
2892,第一金,12,0,12,合庫-彰化,2023-01-12,1028
00671R,富邦NASDAQ反1,12,0,12,合庫-彰化,2023-01-12,1028
5251,天鉞電,12,0,12,合庫-彰化,2023-01-12,1028
2603,長榮,11,0,11,合庫-彰化,2023-01-12,1028
00878,國泰永續高股息,39,29,10,合庫-彰化,2023-01-12,1028
3714,富采,10,0,10,合庫-彰化,2023-01-12,1028
4503,金雨,10,0,10,合庫-彰化,2023-01-12,1028
4763,材料-KY,34,24,10,合庫-彰化,2023-01-12,1028
4743,合一,17,8,9,合庫-彰化,2023-01-12,1028
4747,強生,9,0,9,合庫-彰化,2023-01-12,1028
00680L,元大美債20正2,8,0,8,合庫-彰化,2023-01-12,1028
2436,偉詮電,8,0,8,合庫-彰化,2023-01-12,1028
2495,普安,8,0,8,合庫-彰化,2023-01-12,1028
4943,康控-KY,9,1,8,合庫-彰化,2023-01-12,1028
6582,申豐,8,0,8,合庫-彰化,2023-01-12,1028
00882,中信中國高股息,7,0,7,合庫-彰化,2023-01-12,1028
00673R,期元大S＆P原油反1,7,0,7,合庫-彰化,2023-01-12,1028
1605,華新,18,11,7,合庫-彰化,2023-01-12,1028
5009,榮剛,12,6,6,合庫-彰化,2023-01-12,1028
2009,第一銅,15,9,6,合庫-彰化,2023-01-12,1028
6472,保瑞,37,31,6,合庫-彰化,2023-01-12,1028
8038,長園科,6,0,6,合庫-彰化,2023-01-12,1028
00770,國泰北美科技,5,0,5,合庫-彰化,2023-01-12,1028
1718,中纖,5,0,5,合庫-彰化,2023-01-12,1028
2324,仁寶,5,0,5,合庫-彰化,2023-01-12,1028
2359,所羅門,10,5,5,合庫-彰化,2023-01-12,1028
2609,陽明,13,8,5,合庫-彰化,2023-01-12,1028
2884,玉山金,5,0,5,合庫-彰化,2023-01-12,1028
2887,台新金,5,0,5,合庫-彰化,2023-01-12,1028
3028,增你強,5,0,5,合庫-彰化,2023-01-12,1028
3272,東碩,5,0,5,合庫-彰化,2023-01-12,1028
3419,譁裕,5,0,5,合庫-彰化,2023-01-12,1028
3479,安勤,5,0,5,合庫-彰化,2023-01-12,1028
3669,圓展,5,0,5,合庫-彰化,2023-01-12,1028
4102,永日,5,0,5,合庫-彰化,2023-01-12,1028
4904,遠傳,5,0,5,合庫-彰化,2023-01-12,1028
6220,岳豐,5,0,5,合庫-彰化,2023-01-12,1028
6603,富強鑫,6,1,5,合庫-彰化,2023-01-12,1028
6609,瀧澤科,8,3,5,合庫-彰化,2023-01-12,1028
8040,九暘,5,0,5,合庫-彰化,2023-01-12,1028
00888,永豐台灣ESG,4,0,4,合庫-彰化,2023-01-12,1028
3624,光頡,78,6,72,合庫-彰化,2023-01-13,1028
2358,廷鑫,52,3,49,合庫-彰化,2023-01-13,1028
00882,中信中國高股息,50,5,45,合庫-彰化,2023-01-13,1028
1560,中砂,48,18,30,合庫-彰化,2023-01-13,1028
8358,金居,29,2,27,合庫-彰化,2023-01-13,1028
4503,金雨,25,0,25,合庫-彰化,2023-01-13,1028
00881,國泰台灣5G+,21,0,21,合庫-彰化,2023-01-13,1028
00680L,元大美債20正2,21,0,21,合庫-彰化,2023-01-13,1028
5608,四維航,21,1,20,合庫-彰化,2023-01-13,1028
2328,廣宇,21,2,19,合庫-彰化,2023-01-13,1028
2609,陽明,29,10,19,合庫-彰化,2023-01-13,1028
0056,元大高股息,19,1,18,合庫-彰化,2023-01-13,1028
2884,玉山金,18,0,18,合庫-彰化,2023-01-13,1028
2887,台新金,20,2,18,合庫-彰化,2023-01-13,1028
4106,雃博,13,0,13,合庫-彰化,2023-01-13,1028
1584,精剛,16,4,12,合庫-彰化,2023-01-13,1028
3536,誠創,12,0,12,合庫-彰化,2023-01-13,1028
4943,康控-KY,11,0,11,合庫-彰化,2023-01-13,1028
00772B,中信高評級公司債,10,0,10,合庫-彰化,2023-01-13,1028
2331,精英,10,0,10,合庫-彰化,2023-01-13,1028
3356,奇偶,10,0,10,合庫-彰化,2023-01-13,1028
6443,元晶,11,1,10,合庫-彰化,2023-01-13,1028
2615,萬海,10,0,10,合庫-彰化,2023-01-13,1028
4102,永日,9,0,9,合庫-彰化,2023-01-13,1028
6245,立端,9,0,9,合庫-彰化,2023-01-13,1028
00878,國泰永續高股息,19,11,8,合庫-彰化,2023-01-13,1028
1514,亞力,10,2,8,合庫-彰化,2023-01-13,1028
00673R,期元大S＆P原油反1,8,0,8,合庫-彰化,2023-01-13,1028
2303,聯電,15,7,8,合庫-彰化,2023-01-13,1028
6150,撼訊,11,3,8,合庫-彰化,2023-01-13,1028
2498,宏達電,9,3,6,合庫-彰化,2023-01-13,1028
00632R,元大台灣50反1,134,128,6,合庫-彰化,2023-01-13,1028
1795,美時,14,8,6,合庫-彰化,2023-01-13,1028
4979,華星光,14,8,6,合庫-彰化,2023-01-13,1028
6177,達麗,6,0,6,合庫-彰化,2023-01-13,1028
4743,合一,7,2,5,合庫-彰化,2023-01-13,1028
1305,華夏,5,0,5,合庫-彰化,2023-01-13,1028
1316,上曜,5,0,5,合庫-彰化,2023-01-13,1028
00900,富邦特選高股息30,5,0,5,合庫-彰化,2023-01-13,1028
00905,FT臺灣Smart,5,0,5,合庫-彰化,2023-01-13,1028
1605,華新,6,1,5,合庫-彰化,2023-01-13,1028
2436,偉詮電,6,1,5,合庫-彰化,2023-01-13,1028
3081,聯亞,5,0,5,合庫-彰化,2023-01-13,1028
3669,圓展,5,0,5,合庫-彰化,2023-01-13,1028
5508,永信建,5,0,5,合庫-彰化,2023-01-13,1028
6188,廣明,5,0,5,合庫-彰化,2023-01-13,1028
8040,九暘,5,0,5,合庫-彰化,2023-01-13,1028
8442,威宏-KY,5,0,5,合庫-彰化,2023-01-13,1028
5880,合庫金,5,1,4,合庫-彰化,2023-01-13,1028
8341,日友,4,0,4,合庫-彰化,2023-01-13,1028
00642U,期元大S＆P石油,143,1,142,合庫-彰化,2023-01-16,1028
1584,精剛,83,4,79,合庫-彰化,2023-01-16,1028
2884,玉山金,42,3,39,合庫-彰化,2023-01-16,1028
3712,永崴投控,39,0,39,合庫-彰化,2023-01-16,1028
9938,百和,37,0,37,合庫-彰化,2023-01-16,1028
00882,中信中國高股息,40,8,32,合庫-彰化,2023-01-16,1028
00632R,元大台灣50反1,33,11,22,合庫-彰化,2023-01-16,1028
1444,力麗,20,0,20,合庫-彰化,2023-01-16,1028
4116,明基醫,20,0,20,合庫-彰化,2023-01-16,1028
6109,亞元,20,0,20,合庫-彰化,2023-01-16,1028
00673R,期元大S＆P原油反1,17,0,17,合庫-彰化,2023-01-16,1028
0056,元大高股息,13,1,12,合庫-彰化,2023-01-16,1028
2002,中鋼,11,0,11,合庫-彰化,2023-01-16,1028
00692,富邦公司治理,10,0,10,合庫-彰化,2023-01-16,1028
00680L,元大美債20正2,10,0,10,合庫-彰化,2023-01-16,1028
00878,國泰永續高股息,17,7,10,合庫-彰化,2023-01-16,1028
2611,志信,11,1,10,合庫-彰化,2023-01-16,1028
4934,太極,10,0,10,合庫-彰化,2023-01-16,1028
00725B,國泰投資級公司債,11,2,9,合庫-彰化,2023-01-16,1028
3669,圓展,9,0,9,合庫-彰化,2023-01-16,1028
5009,榮剛,12,3,9,合庫-彰化,2023-01-16,1028
6770,力積電,9,0,9,合庫-彰化,2023-01-16,1028
00713,元大台灣高息低波,8,0,8,合庫-彰化,2023-01-16,1028
5284,jpp-KY,12,4,8,合庫-彰化,2023-01-16,1028
2732,六角,7,0,7,合庫-彰化,2023-01-16,1028
2882,國泰金,8,1,7,合庫-彰化,2023-01-16,1028
0050,元大台灣50,6,0,6,合庫-彰化,2023-01-16,1028
00679B,元大美債20年,6,0,6,合庫-彰化,2023-01-16,1028
2317,鴻海,7,2,5,合庫-彰化,2023-01-16,1028
3406,玉晶光,5,0,5,合庫-彰化,2023-01-16,1028
4102,永日,5,0,5,合庫-彰化,2023-01-16,1028
3048,益登,6,1,5,合庫-彰化,2023-01-16,1028
00770,國泰北美科技,5,1,4,合庫-彰化,2023-01-16,1028
1605,華新,7,3,4,合庫-彰化,2023-01-16,1028
2230,泰茂,4,0,4,合庫-彰化,2023-01-16,1028
2542,興富發,4,0,4,合庫-彰化,2023-01-16,1028
6605,帝寶,4,0,4,合庫-彰化,2023-01-16,1028
2887,台新金,4,0,4,合庫-彰化,2023-01-16,1028
3443,創意,16,13,3,合庫-彰化,2023-01-16,1028
00674R,期元大S＆P黃金反1,3,0,3,合庫-彰化,2023-01-16,1028
00683L,期元大美元指正2,3,0,3,合庫-彰化,2023-01-16,1028
2028,威致,3,0,3,合庫-彰化,2023-01-16,1028
2498,宏達電,3,0,3,合庫-彰化,2023-01-16,1028
2618,長榮航,5,2,3,合庫-彰化,2023-01-16,1028
3059,華晶科,3,0,3,合庫-彰化,2023-01-16,1028
6223,旺矽,3,0,3,合庫-彰化,2023-01-16,1028
6582,申豐,3,0,3,合庫-彰化,2023-01-16,1028
1101,台泥,3,0,3,合庫-彰化,2023-01-16,1028
2324,仁寶,3,0,3,合庫-彰化,2023-01-16,1028
00900,富邦特選高股息30,2,0,2,合庫-彰化,2023-01-16,1028
4162,智擎,147,4,143,合庫-彰化,2023-01-17,1028
8358,金居,109,0,109,合庫-彰化,2023-01-17,1028
00882,中信中國高股息,51,1,50,合庫-彰化,2023-01-17,1028
2834,臺企銀,50,1,49,合庫-彰化,2023-01-17,1028
5536,聖暉*,40,0,40,合庫-彰化,2023-01-17,1028
00902,中信電池及儲能,22,0,22,合庫-彰化,2023-01-17,1028
1584,精剛,20,0,20,合庫-彰化,2023-01-17,1028
00669R,國泰美國道瓊反1,12,0,12,合庫-彰化,2023-01-17,1028
4943,康控-KY,12,0,12,合庫-彰化,2023-01-17,1028
00637L,元大滬深300正2,15,4,11,合庫-彰化,2023-01-17,1028
5009,榮剛,11,0,11,合庫-彰化,2023-01-17,1028
4931,新盛力,12,2,10,合庫-彰化,2023-01-17,1028
2618,長榮航,10,1,9,合庫-彰化,2023-01-17,1028
6441,廣錠,8,0,8,合庫-彰化,2023-01-17,1028
00878,國泰永續高股息,16,9,7,合庫-彰化,2023-01-17,1028
8255,朋程,7,0,7,合庫-彰化,2023-01-17,1028
1101,台泥,8,1,7,合庫-彰化,2023-01-17,1028
2409,友達,6,0,6,合庫-彰化,2023-01-17,1028
0050,元大台灣50,5,0,5,合庫-彰化,2023-01-17,1028
2105,正新,6,1,5,合庫-彰化,2023-01-17,1028
00772B,中信高評級公司債,5,0,5,合庫-彰化,2023-01-17,1028
1560,中砂,5,0,5,合庫-彰化,2023-01-17,1028
1529,樂事綠能,5,0,5,合庫-彰化,2023-01-17,1028
00673R,期元大S＆P原油反1,5,0,5,合庫-彰化,2023-01-17,1028
00632R,元大台灣50反1,10,5,5,合庫-彰化,2023-01-17,1028
00680L,元大美債20正2,5,0,5,合庫-彰化,2023-01-17,1028
1309,台達化,5,0,5,合庫-彰化,2023-01-17,1028
6219,富旺,5,0,5,合庫-彰化,2023-01-17,1028
3037,欣興,7,3,4,合庫-彰化,2023-01-17,1028
1760,寶齡富錦,4,0,4,合庫-彰化,2023-01-17,1028
2412,中華電,4,0,4,合庫-彰化,2023-01-17,1028
2812,台中銀,4,0,4,合庫-彰化,2023-01-17,1028
2892,第一金,4,0,4,合庫-彰化,2023-01-17,1028
3511,矽瑪,4,0,4,合庫-彰化,2023-01-17,1028
3707,漢磊,6,2,4,合庫-彰化,2023-01-17,1028
4906,正文,4,0,4,合庫-彰化,2023-01-17,1028
4968,立積,4,0,4,合庫-彰化,2023-01-17,1028
6239,力成,4,0,4,合庫-彰化,2023-01-17,1028
6770,力積電,4,0,4,合庫-彰化,2023-01-17,1028
2601,益航,4,1,3,合庫-彰化,2023-01-17,1028
4133,亞諾法,3,0,3,合庫-彰化,2023-01-17,1028
4747,強生,4,1,3,合庫-彰化,2023-01-17,1028
5321,美而快,6,3,3,合庫-彰化,2023-01-17,1028
5351,鈺創,3,0,3,合庫-彰化,2023-01-17,1028
6245,立端,4,1,3,合庫-彰化,2023-01-17,1028
00919,群益台灣精選高息,2,0,2,合庫-彰化,2023-01-17,1028
00891,中信關鍵半導體,2,0,2,合庫-彰化,2023-01-17,1028
00885,富邦越南,2,0,2,合庫-彰化,2023-01-17,1028
2331,精英,2,0,2,合庫-彰化,2023-01-17,1028
2444,兆勁,2,0,2,合庫-彰化,2023-01-17,1028
2609,陽明,373,3,370,合庫-彰化,2023-01-30,1028
00720B,元大投資級公司債,200,0,200,合庫-彰化,2023-01-30,1028
00656R,國泰中國A50反1,151,0,151,合庫-彰化,2023-01-30,1028
3707,漢磊,129,1,128,合庫-彰化,2023-01-30,1028
1909,榮成,100,3,97,合庫-彰化,2023-01-30,1028
8024,佑華,70,0,70,合庫-彰化,2023-01-30,1028
00632R,元大台灣50反1,156,100,56,合庫-彰化,2023-01-30,1028
2317,鴻海,49,0,49,合庫-彰化,2023-01-30,1028
1584,精剛,33,1,32,合庫-彰化,2023-01-30,1028
2634,漢翔,33,2,31,合庫-彰化,2023-01-30,1028
8105,凌巨,30,0,30,合庫-彰化,2023-01-30,1028
6719,力智,30,0,30,合庫-彰化,2023-01-30,1028
00903,富邦元宇宙,27,0,27,合庫-彰化,2023-01-30,1028
1608,華榮,30,4,26,合庫-彰化,2023-01-30,1028
1514,亞力,33,8,25,合庫-彰化,2023-01-30,1028
4106,雃博,24,0,24,合庫-彰化,2023-01-30,1028
6177,達麗,22,0,22,合庫-彰化,2023-01-30,1028
3454,晶睿,18,0,18,合庫-彰化,2023-01-30,1028
1432,大魯閣,18,1,17,合庫-彰化,2023-01-30,1028
00679B,元大美債20年,12,0,12,合庫-彰化,2023-01-30,1028
8011,台通,10,0,10,合庫-彰化,2023-01-30,1028
00637L,元大滬深300正2,11,2,9,合庫-彰化,2023-01-30,1028
2542,興富發,8,0,8,合庫-彰化,2023-01-30,1028
00671R,富邦NASDAQ反1,7,0,7,合庫-彰化,2023-01-30,1028
2340,台亞,7,0,7,合庫-彰化,2023-01-30,1028
2641,正德,7,0,7,合庫-彰化,2023-01-30,1028
3207,耀勝,7,0,7,合庫-彰化,2023-01-30,1028
00907,永豐優息存股,6,0,6,合庫-彰化,2023-01-30,1028
3260,威剛,6,0,6,合庫-彰化,2023-01-30,1028
8996,高力,43,37,6,合庫-彰化,2023-01-30,1028
9802,鈺齊-KY,6,0,6,合庫-彰化,2023-01-30,1028
8069,元太,7,1,6,合庫-彰化,2023-01-30,1028
2892,第一金,5,0,5,合庫-彰化,2023-01-30,1028
1305,華夏,5,0,5,合庫-彰化,2023-01-30,1028
1701,中化,5,0,5,合庫-彰化,2023-01-30,1028
3714,富采,5,0,5,合庫-彰化,2023-01-30,1028
6712,長聖,7,2,5,合庫-彰化,2023-01-30,1028
9942,茂順,5,0,5,合庫-彰化,2023-01-30,1028
00915,凱基優選高股息30,4,0,4,合庫-彰化,2023-01-30,1028
8442,威宏-KY,4,0,4,合庫-彰化,2023-01-30,1028
2633,台灣高鐵,3,0,3,合庫-彰化,2023-01-30,1028
1342,八貫,3,0,3,合庫-彰化,2023-01-30,1028
1760,寶齡富錦,3,0,3,合庫-彰化,2023-01-30,1028
2338,光罩,6,3,3,合庫-彰化,2023-01-30,1028
2607,榮運,4,1,3,合庫-彰化,2023-01-30,1028
2812,台中銀,3,0,3,合庫-彰化,2023-01-30,1028
3171,炎洲流通,3,0,3,合庫-彰化,2023-01-30,1028
3596,智易,4,1,3,合庫-彰化,2023-01-30,1028
4747,強生,5,2,3,合庫-彰化,2023-01-30,1028
4755,三福化,3,0,3,合庫-彰化,2023-01-30,1028
00882,中信中國高股息,193,0,193,合庫-彰化,2023-01-31,1028
00656R,國泰中國A50反1,170,50,120,合庫-彰化,2023-01-31,1028
2412,中華電,106,0,106,合庫-彰化,2023-01-31,1028
00905,FT臺灣Smart,106,0,106,合庫-彰化,2023-01-31,1028
00715L,期街口布蘭特正2,110,5,105,合庫-彰化,2023-01-31,1028
00632R,元大台灣50反1,162,71,91,合庫-彰化,2023-01-31,1028
1701,中化,63,1,62,合庫-彰化,2023-01-31,1028
9802,鈺齊-KY,37,0,37,合庫-彰化,2023-01-31,1028
00878,國泰永續高股息,36,0,36,合庫-彰化,2023-01-31,1028
5880,合庫金,23,0,23,合庫-彰化,2023-01-31,1028
2880,華南金,21,0,21,合庫-彰化,2023-01-31,1028
2892,第一金,20,0,20,合庫-彰化,2023-01-31,1028
0056,元大高股息,23,8,15,合庫-彰化,2023-01-31,1028
2317,鴻海,22,7,15,合庫-彰化,2023-01-31,1028
2851,中再保,15,1,14,合庫-彰化,2023-01-31,1028
6288,聯嘉,14,0,14,合庫-彰化,2023-01-31,1028
00669R,國泰美國道瓊反1,12,0,12,合庫-彰化,2023-01-31,1028
1584,精剛,12,0,12,合庫-彰化,2023-01-31,1028
1714,和桐,12,0,12,合庫-彰化,2023-01-31,1028
4102,永日,12,0,12,合庫-彰化,2023-01-31,1028
00772B,中信高評級公司債,11,0,11,合庫-彰化,2023-01-31,1028
3521,鴻翊,10,0,10,合庫-彰化,2023-01-31,1028
6548,長科*,10,0,10,合庫-彰化,2023-01-31,1028
6550,北極星藥業-KY,11,1,10,合庫-彰化,2023-01-31,1028
8050,廣積,10,0,10,合庫-彰化,2023-01-31,1028
2303,聯電,39,30,9,合庫-彰化,2023-01-31,1028
2338,光罩,9,0,9,合庫-彰化,2023-01-31,1028
5321,美而快,9,0,9,合庫-彰化,2023-01-31,1028
5347,世界,10,1,9,合庫-彰化,2023-01-31,1028
2330,台積電,17,9,8,合庫-彰化,2023-01-31,1028
1608,華榮,10,2,8,合庫-彰化,2023-01-31,1028
2023,燁輝,8,0,8,合庫-彰化,2023-01-31,1028
2201,裕隆,27,19,8,合庫-彰化,2023-01-31,1028
2340,台亞,8,0,8,合庫-彰化,2023-01-31,1028
2897,王道銀行,8,0,8,合庫-彰化,2023-01-31,1028
00679B,元大美債20年,7,0,7,合庫-彰化,2023-01-31,1028
1503,士電,7,0,7,合庫-彰化,2023-01-31,1028
2324,仁寶,7,0,7,合庫-彰化,2023-01-31,1028
2408,南亞科,7,0,7,合庫-彰化,2023-01-31,1028
5014,建錩,7,0,7,合庫-彰化,2023-01-31,1028
1101,台泥,6,0,6,合庫-彰化,2023-01-31,1028
00881,國泰台灣5G+,6,0,6,合庫-彰化,2023-01-31,1028
00687B,國泰20年美債,6,0,6,合庫-彰化,2023-01-31,1028
1795,美時,6,0,6,合庫-彰化,2023-01-31,1028
2368,金像電,6,0,6,合庫-彰化,2023-01-31,1028
4130,健亞,6,0,6,合庫-彰化,2023-01-31,1028
00701,國泰股利精選30,5,0,5,合庫-彰化,2023-01-31,1028
00680L,元大美債20正2,5,0,5,合庫-彰化,2023-01-31,1028
2020,美亞,5,0,5,合庫-彰化,2023-01-31,1028
3045,台灣大,5,0,5,合庫-彰化,2023-01-31,1028
1701,中化,153,0,153,合庫-彰化,2023-02-01,1028
9958,世紀鋼,127,0,127,合庫-彰化,2023-02-01,1028
1609,大亞,118,11,107,合庫-彰化,2023-02-01,1028
2929,淘帝-KY,81,2,79,合庫-彰化,2023-02-01,1028
1584,精剛,88,16,72,合庫-彰化,2023-02-01,1028
6282,康舒,88,29,59,合庫-彰化,2023-02-01,1028
1714,和桐,50,0,50,合庫-彰化,2023-02-01,1028
8028,昇陽半導體,50,0,50,合庫-彰化,2023-02-01,1028
2609,陽明,57,8,49,合庫-彰化,2023-02-01,1028
8442,威宏-KY,31,0,31,合庫-彰化,2023-02-01,1028
00673R,期元大S＆P原油反1,30,0,30,合庫-彰化,2023-02-01,1028
8024,佑華,30,0,30,合庫-彰化,2023-02-01,1028
9802,鈺齊-KY,26,0,26,合庫-彰化,2023-02-01,1028
1605,華新,39,18,21,合庫-彰化,2023-02-01,1028
00712,復華富時不動產,21,0,21,合庫-彰化,2023-02-01,1028
4931,新盛力,27,6,21,合庫-彰化,2023-02-01,1028
2409,友達,21,1,20,合庫-彰化,2023-02-01,1028
2610,華航,28,8,20,合庫-彰化,2023-02-01,1028
2611,志信,20,0,20,合庫-彰化,2023-02-01,1028
3060,銘異,20,0,20,合庫-彰化,2023-02-01,1028
5309,系統電,20,0,20,合庫-彰化,2023-02-01,1028
3714,富采,20,1,19,合庫-彰化,2023-02-01,1028
00905,FT臺灣Smart,17,0,17,合庫-彰化,2023-02-01,1028
00671R,富邦NASDAQ反1,16,0,16,合庫-彰化,2023-02-01,1028
00882,中信中國高股息,16,0,16,合庫-彰化,2023-02-01,1028
1514,亞力,19,3,16,合庫-彰化,2023-02-01,1028
4906,正文,16,0,16,合庫-彰化,2023-02-01,1028
3707,漢磊,38,23,15,合庫-彰化,2023-02-01,1028
5014,建錩,15,1,14,合庫-彰化,2023-02-01,1028
3128,昇銳,21,8,13,合庫-彰化,2023-02-01,1028
4545,銘鈺,12,0,12,合庫-彰化,2023-02-01,1028
6191,精成科,12,0,12,合庫-彰化,2023-02-01,1028
8105,凌巨,12,0,12,合庫-彰化,2023-02-01,1028
2031,新光鋼,11,0,11,合庫-彰化,2023-02-01,1028
00903,富邦元宇宙,10,0,10,合庫-彰化,2023-02-01,1028
3005,神基,10,0,10,合庫-彰化,2023-02-01,1028
4133,亞諾法,10,0,10,合庫-彰化,2023-02-01,1028
6582,申豐,10,0,10,合庫-彰化,2023-02-01,1028
2412,中華電,9,0,9,合庫-彰化,2023-02-01,1028
4164,承業醫,11,2,9,合庫-彰化,2023-02-01,1028
4979,華星光,23,14,9,合庫-彰化,2023-02-01,1028
6719,力智,9,0,9,合庫-彰化,2023-02-01,1028
2303,聯電,54,46,8,合庫-彰化,2023-02-01,1028
2834,臺企銀,8,0,8,合庫-彰化,2023-02-01,1028
1218,泰山,10,2,8,合庫-彰化,2023-02-01,1028
4743,合一,9,1,8,合庫-彰化,2023-02-01,1028
4904,遠傳,9,1,8,合庫-彰化,2023-02-01,1028
5880,合庫金,8,0,8,合庫-彰化,2023-02-01,1028
2002,中鋼,8,1,7,合庫-彰化,2023-02-01,1028
2354,鴻準,7,0,7,合庫-彰化,2023-02-01,1028
2344,華邦電,813,85,728,合庫-彰化,2023-02-02,1028
00656R,國泰中國A50反1,400,101,299,合庫-彰化,2023-02-02,1028
6191,精成科,140,0,140,合庫-彰化,2023-02-02,1028
00893,國泰智能電動車,150,40,110,合庫-彰化,2023-02-02,1028
00715L,期街口布蘭特正2,200,100,100,合庫-彰化,2023-02-02,1028
00903,富邦元宇宙,65,7,58,合庫-彰化,2023-02-02,1028
1714,和桐,55,0,55,合庫-彰化,2023-02-02,1028
00632R,元大台灣50反1,62,27,35,合庫-彰化,2023-02-02,1028
2618,長榮航,33,0,33,合庫-彰化,2023-02-02,1028
3481,群創,40,7,33,合庫-彰化,2023-02-02,1028
8215,明基材,33,0,33,合庫-彰化,2023-02-02,1028
2387,精元,30,0,30,合庫-彰化,2023-02-02,1028
4137,麗豐-KY,25,0,25,合庫-彰化,2023-02-02,1028
6217,中探針,23,0,23,合庫-彰化,2023-02-02,1028
5009,榮剛,25,3,22,合庫-彰化,2023-02-02,1028
00878,國泰永續高股息,35,14,21,合庫-彰化,2023-02-02,1028
6177,達麗,22,2,20,合庫-彰化,2023-02-02,1028
1609,大亞,30,11,19,合庫-彰化,2023-02-02,1028
6547,高端疫苗,21,2,19,合庫-彰化,2023-02-02,1028
3081,聯亞,20,2,18,合庫-彰化,2023-02-02,1028
1605,華新,34,16,18,合庫-彰化,2023-02-02,1028
6443,元晶,36,18,18,合庫-彰化,2023-02-02,1028
2009,第一銅,17,2,15,合庫-彰化,2023-02-02,1028
2497,怡利電,23,8,15,合庫-彰化,2023-02-02,1028
2892,第一金,15,0,15,合庫-彰化,2023-02-02,1028
3041,揚智,15,0,15,合庫-彰化,2023-02-02,1028
6111,大宇資,14,0,14,合庫-彰化,2023-02-02,1028
00679B,元大美債20年,15,1,14,合庫-彰化,2023-02-02,1028
8069,元太,26,13,13,合庫-彰化,2023-02-02,1028
00882,中信中國高股息,12,0,12,合庫-彰化,2023-02-02,1028
00725B,國泰投資級公司債,14,2,12,合庫-彰化,2023-02-02,1028
1514,亞力,11,0,11,合庫-彰化,2023-02-02,1028
2014,中鴻,11,0,11,合庫-彰化,2023-02-02,1028
3532,台勝科,11,0,11,合庫-彰化,2023-02-02,1028
5351,鈺創,16,5,11,合庫-彰化,2023-02-02,1028
2891,中信金,11,0,11,合庫-彰化,2023-02-02,1028
00916,國泰全球品牌50,10,0,10,合庫-彰化,2023-02-02,1028
1218,泰山,10,0,10,合庫-彰化,2023-02-02,1028
00669R,國泰美國道瓊反1,10,0,10,合庫-彰化,2023-02-02,1028
1718,中纖,10,0,10,合庫-彰化,2023-02-02,1028
2867,三商壽,10,0,10,合庫-彰化,2023-02-02,1028
3005,神基,10,0,10,合庫-彰化,2023-02-02,1028
5880,合庫金,9,0,9,合庫-彰化,2023-02-02,1028
8046,南電,14,5,9,合庫-彰化,2023-02-02,1028
8105,凌巨,10,1,9,合庫-彰化,2023-02-02,1028
2338,光罩,11,3,8,合庫-彰化,2023-02-02,1028
2929,淘帝-KY,9,1,8,合庫-彰化,2023-02-02,1028
6441,廣錠,12,4,8,合庫-彰化,2023-02-02,1028
6477,安集,8,0,8,合庫-彰化,2023-02-02,1028
1524,耿鼎,11,4,7,合庫-彰化,2023-02-02,1028
2344,華邦電,1768,79,1689,合庫-彰化,2023-02-03,1028
4167,松瑞藥,421,1,420,合庫-彰化,2023-02-03,1028
1701,中化,310,10,300,合庫-彰化,2023-02-03,1028
4106,雃博,100,0,100,合庫-彰化,2023-02-03,1028
2303,聯電,100,9,91,合庫-彰化,2023-02-03,1028
2611,志信,114,24,90,合庫-彰化,2023-02-03,1028
00715L,期街口布蘭特正2,188,100,88,合庫-彰化,2023-02-03,1028
1584,精剛,68,10,58,合庫-彰化,2023-02-03,1028
5009,榮剛,73,16,57,合庫-彰化,2023-02-03,1028
00882,中信中國高股息,55,5,50,合庫-彰化,2023-02-03,1028
1609,大亞,48,2,46,合庫-彰化,2023-02-03,1028
00878,國泰永續高股息,39,6,33,合庫-彰化,2023-02-03,1028
00903,富邦元宇宙,22,0,22,合庫-彰化,2023-02-03,1028
1605,華新,24,3,21,合庫-彰化,2023-02-03,1028
3128,昇銳,45,25,20,合庫-彰化,2023-02-03,1028
3661,世芯-KY,38,19,19,合庫-彰化,2023-02-03,1028
3189,景碩,31,13,18,合庫-彰化,2023-02-03,1028
2201,裕隆,23,5,18,合庫-彰化,2023-02-03,1028
1305,華夏,17,0,17,合庫-彰化,2023-02-03,1028
4979,華星光,20,4,16,合庫-彰化,2023-02-03,1028
8111,立��,15,0,15,合庫-彰化,2023-02-03,1028
2351,順德,17,4,13,合庫-彰化,2023-02-03,1028
2028,威致,13,0,13,合庫-彰化,2023-02-03,1028
6111,大宇資,13,0,13,合庫-彰化,2023-02-03,1028
2498,宏達電,29,16,13,合庫-彰化,2023-02-03,1028
2609,陽明,15,2,13,合庫-彰化,2023-02-03,1028
3062,建漢,16,5,11,合庫-彰化,2023-02-03,1028
6443,元晶,12,1,11,合庫-彰化,2023-02-03,1028
00671R,富邦NASDAQ反1,10,0,10,合庫-彰化,2023-02-03,1028
00664R,國泰臺灣加權反1,10,0,10,合庫-彰化,2023-02-03,1028
2349,錸德,10,0,10,合庫-彰化,2023-02-03,1028
4931,新盛力,13,3,10,合庫-彰化,2023-02-03,1028
6167,久正,10,0,10,合庫-彰化,2023-02-03,1028
1514,亞力,9,0,9,合庫-彰化,2023-02-03,1028
2367,燿華,10,1,9,合庫-彰化,2023-02-03,1028
3037,欣興,12,3,9,合庫-彰化,2023-02-03,1028
8341,日友,9,0,9,合庫-彰化,2023-02-03,1028
2610,華航,11,2,9,合庫-彰化,2023-02-03,1028
3105,穩懋,10,1,9,合庫-彰化,2023-02-03,1028
6133,金橋,8,0,8,合庫-彰化,2023-02-03,1028
3454,晶睿,10,2,8,合庫-彰化,2023-02-03,1028
2891,中信金,7,0,7,合庫-彰化,2023-02-03,1028
00907,永豐優息存股,7,0,7,合庫-彰化,2023-02-03,1028
2888,新光金,8,1,7,合庫-彰化,2023-02-03,1028
3689,湧德,7,0,7,合庫-彰化,2023-02-03,1028
3045,台灣大,7,0,7,合庫-彰化,2023-02-03,1028
2002,中鋼,9,3,6,合庫-彰化,2023-02-03,1028
2009,第一銅,6,0,6,合庫-彰化,2023-02-03,1028
2436,偉詮電,7,1,6,合庫-彰化,2023-02-03,1028
2882,國泰金,6,0,6,合庫-彰化,2023-02-03,1028
2609,陽明,363,6,357,合庫-彰化,2023-02-06,1028
00715L,期街口布蘭特正2,318,0,318,合庫-彰化,2023-02-06,1028
3013,晟銘電,97,7,90,合庫-彰化,2023-02-06,1028
00878,國泰永續高股息,57,2,55,合庫-彰化,2023-02-06,1028
00903,富邦元宇宙,40,0,40,合庫-彰化,2023-02-06,1028
6116,彩晶,35,0,35,合庫-彰化,2023-02-06,1028
5009,榮剛,39,6,33,合庫-彰化,2023-02-06,1028
2317,鴻海,37,11,26,合庫-彰化,2023-02-06,1028
1605,華新,42,18,24,合庫-彰化,2023-02-06,1028
2834,臺企銀,33,11,22,合庫-彰化,2023-02-06,1028
2891,中信金,23,2,21,合庫-彰化,2023-02-06,1028
4909,新復興,20,0,20,合庫-彰化,2023-02-06,1028
00633L,富邦上証正2,20,0,20,合庫-彰化,2023-02-06,1028
00882,中信中國高股息,19,0,19,合庫-彰化,2023-02-06,1028
5880,合庫金,21,2,19,合庫-彰化,2023-02-06,1028
00772B,中信高評級公司債,17,0,17,合庫-彰化,2023-02-06,1028
1608,華榮,16,0,16,合庫-彰化,2023-02-06,1028
8046,南電,16,1,15,合庫-彰化,2023-02-06,1028
0056,元大高股息,20,5,15,合庫-彰化,2023-02-06,1028
00680L,元大美債20正2,15,0,15,合庫-彰化,2023-02-06,1028
2450,神腦,14,0,14,合庫-彰化,2023-02-06,1028
3037,欣興,14,3,11,合庫-彰化,2023-02-06,1028
2436,偉詮電,11,0,11,合庫-彰化,2023-02-06,1028
00637L,元大滬深300正2,11,0,11,合庫-彰化,2023-02-06,1028
00891,中信關鍵半導體,11,0,11,合庫-彰化,2023-02-06,1028
2328,廣宇,10,0,10,合庫-彰化,2023-02-06,1028
1513,中興電,14,4,10,合庫-彰化,2023-02-06,1028
2883,凱基金,12,2,10,合庫-彰化,2023-02-06,1028
1201,味全,10,0,10,合庫-彰化,2023-02-06,1028
2344,華邦電,11,1,10,合庫-彰化,2023-02-06,1028
2399,映泰,10,0,10,合庫-彰化,2023-02-06,1028
2515,中工,10,0,10,合庫-彰化,2023-02-06,1028
4916,事欣科,10,0,10,合庫-彰化,2023-02-06,1028
00907,永豐優息存股,10,0,10,合庫-彰化,2023-02-06,1028
00900,富邦特選高股息30,10,0,10,合庫-彰化,2023-02-06,1028
00720B,元大投資級公司債,10,0,10,合庫-彰化,2023-02-06,1028
2882,國泰金,10,0,10,合庫-彰化,2023-02-06,1028
3714,富采,20,10,10,合庫-彰化,2023-02-06,1028
2884,玉山金,10,3,7,合庫-彰化,2023-02-06,1028
3027,盛達,7,0,7,合庫-彰化,2023-02-06,1028
00642U,期元大S＆P石油,7,0,7,合庫-彰化,2023-02-06,1028
00679B,元大美債20年,7,0,7,合庫-彰化,2023-02-06,1028
2748,雲品,9,2,7,合庫-彰化,2023-02-06,1028
3661,世芯-KY,29,22,7,合庫-彰化,2023-02-06,1028
2603,長榮,10,3,7,合庫-彰化,2023-02-06,1028
2332,友訊,11,5,6,合庫-彰化,2023-02-06,1028
2889,國票金,6,0,6,合庫-彰化,2023-02-06,1028
1720,生達,6,0,6,合庫-彰化,2023-02-06,1028
2330,台積電,7,2,5,合庫-彰化,2023-02-06,1028
2002,中鋼,6,1,5,合庫-彰化,2023-02-06,1028
1701,中化,170,15,155,合庫-彰化,2023-02-07,1028
00673R,期元大S＆P原油反1,130,0,130,合庫-彰化,2023-02-07,1028
00642U,期元大S＆P石油,307,200,107,合庫-彰化,2023-02-07,1028
2412,中華電,100,0,100,合庫-彰化,2023-02-07,1028
2867,三商壽,50,0,50,合庫-彰化,2023-02-07,1028
1605,華新,61,19,42,合庫-彰化,2023-02-07,1028
00878,國泰永續高股息,45,6,39,合庫-彰化,2023-02-07,1028
5009,榮剛,37,2,35,合庫-彰化,2023-02-07,1028
2105,正新,31,1,30,合庫-彰化,2023-02-07,1028
00720B,元大投資級公司債,30,0,30,合庫-彰化,2023-02-07,1028
3356,奇偶,30,0,30,合庫-彰化,2023-02-07,1028
3013,晟銘電,25,0,25,合庫-彰化,2023-02-07,1028
6288,聯嘉,25,0,25,合庫-彰化,2023-02-07,1028
2884,玉山金,21,0,21,合庫-彰化,2023-02-07,1028
2387,精元,20,0,20,合庫-彰化,2023-02-07,1028
2611,志信,20,0,20,合庫-彰化,2023-02-07,1028
8215,明基材,20,0,20,合庫-彰化,2023-02-07,1028
2888,新光金,14,0,14,合庫-彰化,2023-02-07,1028
2889,國票金,14,0,14,合庫-彰化,2023-02-07,1028
2368,金像電,13,0,13,合庫-彰化,2023-02-07,1028
2882,國泰金,15,2,13,合庫-彰化,2023-02-07,1028
2317,鴻海,13,0,13,合庫-彰化,2023-02-07,1028
2609,陽明,13,0,13,合庫-彰化,2023-02-07,1028
2851,中再保,12,0,12,合庫-彰化,2023-02-07,1028
2201,裕隆,15,4,11,合庫-彰化,2023-02-07,1028
1218,泰山,10,0,10,合庫-彰化,2023-02-07,1028
1796,金穎生技,10,0,10,合庫-彰化,2023-02-07,1028
2515,中工,10,0,10,合庫-彰化,2023-02-07,1028
3163,波若威,10,0,10,合庫-彰化,2023-02-07,1028
6191,精成科,10,0,10,合庫-彰化,2023-02-07,1028
6443,元晶,11,1,10,合庫-彰化,2023-02-07,1028
6573,虹揚-KY,10,0,10,合庫-彰化,2023-02-07,1028
6603,富強鑫,10,0,10,合庫-彰化,2023-02-07,1028
00907,永豐優息存股,9,0,9,合庫-彰化,2023-02-07,1028
00688L,國泰20年美債正2,9,0,9,合庫-彰化,2023-02-07,1028
2009,第一銅,21,12,9,合庫-彰化,2023-02-07,1028
6282,康舒,46,37,9,合庫-彰化,2023-02-07,1028
0056,元大高股息,10,1,9,合庫-彰化,2023-02-07,1028
4545,銘鈺,8,0,8,合庫-彰化,2023-02-07,1028
4729,熒茂,8,0,8,合庫-彰化,2023-02-07,1028
4961,天鈺,10,2,8,合庫-彰化,2023-02-07,1028
6770,力積電,10,2,8,合庫-彰化,2023-02-07,1028
6806,森崴能源,8,0,8,合庫-彰化,2023-02-07,1028
8038,長園科,8,0,8,合庫-彰化,2023-02-07,1028
00679B,元大美債20年,7,0,7,合庫-彰化,2023-02-07,1028
5530,龍巖,7,0,7,合庫-彰化,2023-02-07,1028
8442,威宏-KY,7,0,7,合庫-彰化,2023-02-07,1028
3105,穩懋,7,0,7,合庫-彰化,2023-02-07,1028
2881,富邦金,6,0,6,合庫-彰化,2023-02-07,1028
2891,中信金,6,0,6,合庫-彰化,2023-02-07,1028
1312,國喬,176,0,176,合庫-彰化,2023-02-08,1028
00715L,期街口布蘭特正2,205,68,137,合庫-彰化,2023-02-08,1028
1432,大魯閣,120,8,112,合庫-彰化,2023-02-08,1028
00893,國泰智能電動車,132,38,94,合庫-彰化,2023-02-08,1028
00903,富邦元宇宙,94,2,92,合庫-彰化,2023-02-08,1028
9902,台火,66,0,66,合庫-彰化,2023-02-08,1028
2105,正新,56,0,56,合庫-彰化,2023-02-08,1028
00665L,富邦�琤肭磪囓�2,50,0,50,合庫-彰化,2023-02-08,1028
00882,中信中國高股息,47,0,47,合庫-彰化,2023-02-08,1028
6217,中探針,38,1,37,合庫-彰化,2023-02-08,1028
00751B,元大AAA至A公司債,33,0,33,合庫-彰化,2023-02-08,1028
00878,國泰永續高股息,31,0,31,合庫-彰化,2023-02-08,1028
2611,志信,50,21,29,合庫-彰化,2023-02-08,1028
5009,榮剛,34,7,27,合庫-彰化,2023-02-08,1028
00885,富邦越南,25,0,25,合庫-彰化,2023-02-08,1028
6282,康舒,36,12,24,合庫-彰化,2023-02-08,1028
8996,高力,39,15,24,合庫-彰化,2023-02-08,1028
6177,達麗,21,0,21,合庫-彰化,2023-02-08,1028
6789,采鈺,26,5,21,合庫-彰化,2023-02-08,1028
3128,昇銳,20,0,20,合庫-彰化,2023-02-08,1028
9945,潤泰新,20,0,20,合庫-彰化,2023-02-08,1028
8050,廣積,16,1,15,合庫-彰化,2023-02-08,1028
1609,大亞,15,1,14,合庫-彰化,2023-02-08,1028
00701,國泰股利精選30,12,0,12,合庫-彰化,2023-02-08,1028
3022,威強電,13,1,12,合庫-彰化,2023-02-08,1028
6582,申豐,19,7,12,合庫-彰化,2023-02-08,1028
2368,金像電,13,2,11,合庫-彰化,2023-02-08,1028
1605,華新,21,11,10,合庫-彰化,2023-02-08,1028
1708,東鹼,10,0,10,合庫-彰化,2023-02-08,1028
2929,淘帝-KY,10,0,10,合庫-彰化,2023-02-08,1028
3708,上緯投控,10,0,10,合庫-彰化,2023-02-08,1028
2025,千興,10,0,10,合庫-彰化,2023-02-08,1028
3017,奇鋐,11,1,10,合庫-彰化,2023-02-08,1028
4911,德英,10,0,10,合庫-彰化,2023-02-08,1028
8171,天宇,10,1,9,合庫-彰化,2023-02-08,1028
3062,建漢,9,0,9,合庫-彰化,2023-02-08,1028
8442,威宏-KY,9,0,9,合庫-彰化,2023-02-08,1028
1101,台泥,30,22,8,合庫-彰化,2023-02-08,1028
3041,揚智,8,0,8,合庫-彰化,2023-02-08,1028
6139,亞翔,8,0,8,合庫-彰化,2023-02-08,1028
00772B,中信高評級公司債,8,0,8,合庫-彰化,2023-02-08,1028
2337,旺宏,8,1,7,合庫-彰化,2023-02-08,1028
2883,凱基金,7,0,7,合庫-彰化,2023-02-08,1028
3163,波若威,7,0,7,合庫-彰化,2023-02-08,1028
00688L,國泰20年美債正2,7,0,7,合庫-彰化,2023-02-08,1028
00632R,元大台灣50反1,15,8,7,合庫-彰化,2023-02-08,1028
2014,中鴻,7,0,7,合庫-彰化,2023-02-08,1028
3479,安勤,13,6,7,合庫-彰化,2023-02-08,1028
2890,永豐金,7,0,7,合庫-彰化,2023-02-08,1028
1712,興農,6,0,6,合庫-彰化,2023-02-08,1028
00673R,期元大S＆P原油反1,212,0,212,合庫-彰化,2023-02-09,1028
00753L,中信中國50正2,200,0,200,合庫-彰化,2023-02-09,1028
00633L,富邦上証正2,86,0,86,合庫-彰化,2023-02-09,1028
00665L,富邦�琤肭磪囓�2,60,0,60,合庫-彰化,2023-02-09,1028
00679B,元大美債20年,50,0,50,合庫-彰化,2023-02-09,1028
9902,台火,46,1,45,合庫-彰化,2023-02-09,1028
1584,精剛,39,1,38,合庫-彰化,2023-02-09,1028
00903,富邦元宇宙,35,0,35,合庫-彰化,2023-02-09,1028
00878,國泰永續高股息,34,0,34,合庫-彰化,2023-02-09,1028
00720B,元大投資級公司債,30,0,30,合庫-彰化,2023-02-09,1028
1529,樂事綠能,25,0,25,合庫-彰化,2023-02-09,1028
020031,統一IC設計臺灣N,24,0,24,合庫-彰化,2023-02-09,1028
3162,精確,24,0,24,合庫-彰化,2023-02-09,1028
1609,大亞,47,27,20,合庫-彰化,2023-02-09,1028
4116,明基醫,20,0,20,合庫-彰化,2023-02-09,1028
8033,雷虎,21,1,20,合庫-彰化,2023-02-09,1028
8930,青鋼,20,0,20,合庫-彰化,2023-02-09,1028
0056,元大高股息,16,0,16,合庫-彰化,2023-02-09,1028
4164,承業醫,13,0,13,合庫-彰化,2023-02-09,1028
2609,陽明,12,0,12,合庫-彰化,2023-02-09,1028
2610,華航,12,0,12,合庫-彰化,2023-02-09,1028
00893,國泰智能電動車,16,5,11,合庫-彰化,2023-02-09,1028
2009,第一銅,14,3,11,合庫-彰化,2023-02-09,1028
3081,聯亞,13,2,11,合庫-彰化,2023-02-09,1028
2368,金像電,10,0,10,合庫-彰化,2023-02-09,1028
3669,圓展,10,0,10,合庫-彰化,2023-02-09,1028
5009,榮剛,11,1,10,合庫-彰化,2023-02-09,1028
5251,天鉞電,10,0,10,合庫-彰化,2023-02-09,1028
5392,能率,10,0,10,合庫-彰化,2023-02-09,1028
5880,合庫金,8,0,8,合庫-彰化,2023-02-09,1028
2883,凱基金,10,2,8,合庫-彰化,2023-02-09,1028
6770,力積電,11,4,7,合庫-彰化,2023-02-09,1028
2884,玉山金,7,0,7,合庫-彰化,2023-02-09,1028
1342,八貫,8,1,7,合庫-彰化,2023-02-09,1028
5351,鈺創,7,0,7,合庫-彰化,2023-02-09,1028
8933,愛地雅,7,0,7,合庫-彰化,2023-02-09,1028
6235,華孚,34,28,6,合庫-彰化,2023-02-09,1028
00900,富邦特選高股息30,6,0,6,合庫-彰化,2023-02-09,1028
1514,亞力,6,0,6,合庫-彰化,2023-02-09,1028
2344,華邦電,8,2,6,合庫-彰化,2023-02-09,1028
2359,所羅門,6,0,6,合庫-彰化,2023-02-09,1028
4128,中天,20,14,6,合庫-彰化,2023-02-09,1028
4130,健亞,13,7,6,合庫-彰化,2023-02-09,1028
4739,康普,6,0,6,合庫-彰化,2023-02-09,1028
4950,牧東,6,0,6,合庫-彰化,2023-02-09,1028
6541,泰福-KY,6,0,6,合庫-彰化,2023-02-09,1028
8201,無敵,6,0,6,合庫-彰化,2023-02-09,1028
2484,希華,6,0,6,合庫-彰化,2023-02-09,1028
1795,美時,22,17,5,合庫-彰化,2023-02-09,1028
2028,威致,5,0,5,合庫-彰化,2023-02-09,1028
00648R,元大S＆P500反1,530,0,530,合庫-彰化,2023-02-10,1028
6016,康和證,258,1,257,合庫-彰化,2023-02-10,1028
00671R,富邦NASDAQ反1,250,0,250,合庫-彰化,2023-02-10,1028
00632R,元大台灣50反1,202,0,202,合庫-彰化,2023-02-10,1028
00715L,期街口布蘭特正2,200,0,200,合庫-彰化,2023-02-10,1028
8105,凌巨,200,0,200,合庫-彰化,2023-02-10,1028
00878,國泰永續高股息,134,0,134,合庫-彰化,2023-02-10,1028
2609,陽明,129,3,126,合庫-彰化,2023-02-10,1028
1312,國喬,85,0,85,合庫-彰化,2023-02-10,1028
2611,志信,80,0,80,合庫-彰化,2023-02-10,1028
5475,德宏,65,0,65,合庫-彰化,2023-02-10,1028
3013,晟銘電,81,20,61,合庫-彰化,2023-02-10,1028
1584,精剛,83,33,50,合庫-彰化,2023-02-10,1028
2929,淘帝-KY,45,0,45,合庫-彰化,2023-02-10,1028
3060,銘異,60,17,43,合庫-彰化,2023-02-10,1028
00679B,元大美債20年,43,0,43,合庫-彰化,2023-02-10,1028
2834,臺企銀,32,0,32,合庫-彰化,2023-02-10,1028
00720B,元大投資級公司債,30,0,30,合庫-彰化,2023-02-10,1028
1810,和成,43,15,28,合庫-彰化,2023-02-10,1028
6116,彩晶,27,1,26,合庫-彰化,2023-02-10,1028
2610,華航,26,1,25,合庫-彰化,2023-02-10,1028
6547,高端疫苗,24,0,24,合庫-彰化,2023-02-10,1028
00751B,元大AAA至A公司債,23,0,23,合庫-彰化,2023-02-10,1028
6806,森崴能源,27,6,21,合庫-彰化,2023-02-10,1028
3290,東浦,22,2,20,合庫-彰化,2023-02-10,1028
3708,上緯投控,20,0,20,合庫-彰化,2023-02-10,1028
6582,申豐,19,0,19,合庫-彰化,2023-02-10,1028
2399,映泰,20,2,18,合庫-彰化,2023-02-10,1028
0056,元大高股息,18,1,17,合庫-彰化,2023-02-10,1028
1432,大魯閣,20,3,17,合庫-彰化,2023-02-10,1028
2634,漢翔,153,136,17,合庫-彰化,2023-02-10,1028
4130,健亞,16,0,16,合庫-彰化,2023-02-10,1028
4529,淳紳,15,0,15,合庫-彰化,2023-02-10,1028
1752,南光,13,0,13,合庫-彰化,2023-02-10,1028
3162,精確,17,4,13,合庫-彰化,2023-02-10,1028
00885,富邦越南,11,0,11,合庫-彰化,2023-02-10,1028
1709,和益,11,0,11,合庫-彰化,2023-02-10,1028
2023,燁輝,13,2,11,合庫-彰化,2023-02-10,1028
3305,昇貿,11,0,11,合庫-彰化,2023-02-10,1028
6556,勝品,11,0,11,合庫-彰化,2023-02-10,1028
8050,廣積,11,0,11,合庫-彰化,2023-02-10,1028
00780B,國泰A級金融債,10,0,10,合庫-彰化,2023-02-10,1028
00712,復華富時不動產,10,0,10,合庫-彰化,2023-02-10,1028
1718,中纖,10,0,10,合庫-彰化,2023-02-10,1028
1783,和康生,10,0,10,合庫-彰化,2023-02-10,1028
2324,仁寶,10,0,10,合庫-彰化,2023-02-10,1028
2425,承啟,11,1,10,合庫-彰化,2023-02-10,1028
3078,僑威,10,0,10,合庫-彰化,2023-02-10,1028
3128,昇銳,10,0,10,合庫-彰化,2023-02-10,1028
4729,熒茂,10,0,10,合庫-彰化,2023-02-10,1028
00673R,期元大S＆P原油反1,374,0,374,合庫-彰化,2023-02-13,1028
2812,台中銀,124,0,124,合庫-彰化,2023-02-13,1028
1584,精剛,88,0,88,合庫-彰化,2023-02-13,1028
1312,國喬,77,0,77,合庫-彰化,2023-02-13,1028
00720B,元大投資級公司債,66,0,66,合庫-彰化,2023-02-13,1028
00878,國泰永續高股息,55,5,50,合庫-彰化,2023-02-13,1028
2897,王道銀行,50,0,50,合庫-彰化,2023-02-13,1028
3289,宜特,37,0,37,合庫-彰化,2023-02-13,1028
3038,全台,30,0,30,合庫-彰化,2023-02-13,1028
5243,乙盛-KY,30,0,30,合庫-彰化,2023-02-13,1028
00751B,元大AAA至A公司債,31,2,29,合庫-彰化,2023-02-13,1028
00679B,元大美債20年,26,0,26,合庫-彰化,2023-02-13,1028
2610,華航,23,0,23,合庫-彰化,2023-02-13,1028
2409,友達,21,0,21,合庫-彰化,2023-02-13,1028
2331,精英,20,0,20,合庫-彰化,2023-02-13,1028
4503,金雨,19,0,19,合庫-彰化,2023-02-13,1028
4979,華星光,21,3,18,合庫-彰化,2023-02-13,1028
6547,高端疫苗,21,3,18,合庫-彰化,2023-02-13,1028
8028,昇陽半導體,18,0,18,合庫-彰化,2023-02-13,1028
2618,長榮航,18,1,17,合庫-彰化,2023-02-13,1028
5009,榮剛,22,6,16,合庫-彰化,2023-02-13,1028
2929,淘帝-KY,15,0,15,合庫-彰化,2023-02-13,1028
1217,愛之味,14,0,14,合庫-彰化,2023-02-13,1028
1784,訊聯,14,0,14,合庫-彰化,2023-02-13,1028
3594,磐儀,14,0,14,合庫-彰化,2023-02-13,1028
3481,群創,13,0,13,合庫-彰化,2023-02-13,1028
2399,映泰,11,0,11,合庫-彰化,2023-02-13,1028
2425,承啟,11,0,11,合庫-彰化,2023-02-13,1028
0056,元大高股息,10,0,10,合庫-彰化,2023-02-13,1028
1101,台泥,10,0,10,合庫-彰化,2023-02-13,1028
1718,中纖,10,0,10,合庫-彰化,2023-02-13,1028
5475,德宏,8,0,8,合庫-彰化,2023-02-13,1028
1605,華新,9,1,8,合庫-彰化,2023-02-13,1028
2609,陽明,36,29,7,合庫-彰化,2023-02-13,1028
6443,元晶,8,1,7,合庫-彰化,2023-02-13,1028
00892,富邦台灣半導體,7,0,7,合庫-彰化,2023-02-13,1028
2330,台積電,8,2,6,合庫-彰化,2023-02-13,1028
2314,台揚,11,5,6,合庫-彰化,2023-02-13,1028
00907,永豐優息存股,6,0,6,合庫-彰化,2023-02-13,1028
00725B,國泰投資級公司債,15,9,6,合庫-彰化,2023-02-13,1028
00885,富邦越南,6,0,6,合庫-彰化,2023-02-13,1028
2888,新光金,6,0,6,合庫-彰化,2023-02-13,1028
3013,晟銘電,26,20,6,合庫-彰化,2023-02-13,1028
2002,中鋼,5,0,5,合庫-彰化,2023-02-13,1028
2489,瑞軒,5,0,5,合庫-彰化,2023-02-13,1028
3028,增你強,5,0,5,合庫-彰化,2023-02-13,1028
3605,宏致,5,0,5,合庫-彰化,2023-02-13,1028
4167,松瑞藥,5,0,5,合庫-彰化,2023-02-13,1028
6770,力積電,5,0,5,合庫-彰化,2023-02-13,1028
00882,中信中國高股息,5,0,5,合庫-彰化,2023-02-13,1028
00885,富邦越南,187,0,187,合庫-彰化,2023-02-14,1028
6142,友勁,100,0,100,合庫-彰化,2023-02-14,1028
1447,力鵬,60,0,60,合庫-彰化,2023-02-14,1028
1201,味全,50,0,50,合庫-彰化,2023-02-14,1028
00878,國泰永續高股息,90,41,49,合庫-彰化,2023-02-14,1028
00720B,元大投資級公司債,42,0,42,合庫-彰化,2023-02-14,1028
3128,昇銳,31,0,31,合庫-彰化,2023-02-14,1028
1584,精剛,31,1,30,合庫-彰化,2023-02-14,1028
1608,華榮,25,0,25,合庫-彰化,2023-02-14,1028
6582,申豐,22,0,22,合庫-彰化,2023-02-14,1028
1540,喬福,20,0,20,合庫-彰化,2023-02-14,1028
1709,和益,20,0,20,合庫-彰化,2023-02-14,1028
2327,國巨,21,3,18,合庫-彰化,2023-02-14,1028
1432,大魯閣,28,10,18,合庫-彰化,2023-02-14,1028
2353,宏��,20,2,18,合庫-彰化,2023-02-14,1028
2495,普安,15,0,15,合庫-彰化,2023-02-14,1028
6177,達麗,15,0,15,合庫-彰化,2023-02-14,1028
00882,中信中國高股息,14,0,14,合庫-彰化,2023-02-14,1028
2888,新光金,14,0,14,合庫-彰化,2023-02-14,1028
6282,康舒,16,3,13,合庫-彰化,2023-02-14,1028
8069,元太,22,9,13,合庫-彰化,2023-02-14,1028
6116,彩晶,12,0,12,合庫-彰化,2023-02-14,1028
00676R,富邦臺灣加權反1,11,0,11,合庫-彰化,2023-02-14,1028
2867,三商壽,11,0,11,合庫-彰化,2023-02-14,1028
3479,安勤,14,3,11,合庫-彰化,2023-02-14,1028
6288,聯嘉,12,1,11,合庫-彰化,2023-02-14,1028
00903,富邦元宇宙,10,0,10,合庫-彰化,2023-02-14,1028
2329,華泰,10,0,10,合庫-彰化,2023-02-14,1028
2515,中工,10,0,10,合庫-彰化,2023-02-14,1028
2884,玉山金,13,3,10,合庫-彰化,2023-02-14,1028
3029,零壹,10,0,10,合庫-彰化,2023-02-14,1028
3454,晶睿,18,8,10,合庫-彰化,2023-02-14,1028
6214,精誠,10,0,10,合庫-彰化,2023-02-14,1028
6285,啟��,12,2,10,合庫-彰化,2023-02-14,1028
6443,元晶,10,0,10,合庫-彰化,2023-02-14,1028
2371,大同,9,0,9,合庫-彰化,2023-02-14,1028
1536,和大,8,0,8,合庫-彰化,2023-02-14,1028
2313,華通,10,2,8,合庫-彰化,2023-02-14,1028
2610,華航,29,21,8,合庫-彰化,2023-02-14,1028
2611,志信,30,22,8,合庫-彰化,2023-02-14,1028
2204,中華,7,0,7,合庫-彰化,2023-02-14,1028
1342,八貫,6,0,6,合庫-彰化,2023-02-14,1028
2014,中鴻,9,3,6,合庫-彰化,2023-02-14,1028
1434,福懋,5,0,5,合庫-彰化,2023-02-14,1028
00669R,國泰美國道瓊反1,5,0,5,合庫-彰化,2023-02-14,1028
0056,元大高股息,13,8,5,合庫-彰化,2023-02-14,1028
00773B,中信優先金融債,5,0,5,合庫-彰化,2023-02-14,1028
1227,佳格,5,0,5,合庫-彰化,2023-02-14,1028
1783,和康生,5,0,5,合庫-彰化,2023-02-14,1028
2028,威致,5,0,5,合庫-彰化,2023-02-14,1028
2609,陽明,423,8,415,合庫-彰化,2023-02-15,1028
00673R,期元大S＆P原油反1,269,0,269,合庫-彰化,2023-02-15,1028
00648R,元大S＆P500反1,200,0,200,合庫-彰化,2023-02-15,1028
1701,中化,200,0,200,合庫-彰化,2023-02-15,1028
00878,國泰永續高股息,132,31,101,合庫-彰化,2023-02-15,1028
8069,元太,112,19,93,合庫-彰化,2023-02-15,1028
6148,驊宏資,95,6,89,合庫-彰化,2023-02-15,1028
3141,晶宏,77,2,75,合庫-彰化,2023-02-15,1028
2611,志信,60,20,40,合庫-彰化,2023-02-15,1028
1432,大魯閣,34,0,34,合庫-彰化,2023-02-15,1028
5475,德宏,34,0,34,合庫-彰化,2023-02-15,1028
00679B,元大美債20年,25,0,25,合庫-彰化,2023-02-15,1028
9802,鈺齊-KY,28,5,23,合庫-彰化,2023-02-15,1028
2330,台積電,27,4,23,合庫-彰化,2023-02-15,1028
1810,和成,31,10,21,合庫-彰化,2023-02-15,1028
4116,明基醫,20,0,20,合庫-彰化,2023-02-15,1028
2409,友達,27,9,18,合庫-彰化,2023-02-15,1028
2883,凱基金,16,0,16,合庫-彰化,2023-02-15,1028
00713,元大台灣高息低波,15,0,15,合庫-彰化,2023-02-15,1028
1447,力鵬,35,20,15,合庫-彰化,2023-02-15,1028
2014,中鴻,15,0,15,合庫-彰化,2023-02-15,1028
2399,映泰,15,0,15,合庫-彰化,2023-02-15,1028
2495,普安,15,0,15,合庫-彰化,2023-02-15,1028
5425,台半,15,1,14,合庫-彰化,2023-02-15,1028
2062,橋椿,13,0,13,合庫-彰化,2023-02-15,1028
3494,誠研,13,0,13,合庫-彰化,2023-02-15,1028
3481,群創,24,13,11,合庫-彰化,2023-02-15,1028
00725B,國泰投資級公司債,18,7,11,合庫-彰化,2023-02-15,1028
2337,旺宏,11,0,11,合庫-彰化,2023-02-15,1028
0056,元大高股息,10,0,10,合庫-彰化,2023-02-15,1028
00905,FT臺灣Smart,10,0,10,合庫-彰化,2023-02-15,1028
2613,中櫃,10,0,10,合庫-彰化,2023-02-15,1028
2867,三商壽,10,0,10,合庫-彰化,2023-02-15,1028
2888,新光金,10,0,10,合庫-彰化,2023-02-15,1028
3406,玉晶光,14,4,10,合庫-彰化,2023-02-15,1028
5347,世界,11,1,10,合庫-彰化,2023-02-15,1028
2882,國泰金,9,0,9,合庫-彰化,2023-02-15,1028
3045,台灣大,9,0,9,合庫-彰化,2023-02-15,1028
2891,中信金,10,2,8,合庫-彰化,2023-02-15,1028
00916,國泰全球品牌50,8,0,8,合庫-彰化,2023-02-15,1028
00895,富邦未來車,8,0,8,合庫-彰化,2023-02-15,1028
00632R,元大台灣50反1,28,20,8,合庫-彰化,2023-02-15,1028
2801,彰銀,10,2,8,合庫-彰化,2023-02-15,1028
1437,勤益控,7,0,7,合庫-彰化,2023-02-15,1028
2371,大同,7,0,7,合庫-彰化,2023-02-15,1028
006208,富邦台50,7,0,7,合庫-彰化,2023-02-15,1028
0050,元大台灣50,6,0,6,合庫-彰化,2023-02-15,1028
2454,聯發科,6,0,6,合庫-彰化,2023-02-15,1028
5880,合庫金,18,12,6,合庫-彰化,2023-02-15,1028
2723,美食-KY,21,15,6,合庫-彰化,2023-02-15,1028
00715L,期街口布蘭特正2,100,5,95,合庫-彰化,2023-02-16,1028
00878,國泰永續高股息,63,1,62,合庫-彰化,2023-02-16,1028
00679B,元大美債20年,55,0,55,合庫-彰化,2023-02-16,1028
2867,三商壽,50,0,50,合庫-彰化,2023-02-16,1028
3141,晶宏,78,29,49,合庫-彰化,2023-02-16,1028
5340,建榮,46,0,46,合庫-彰化,2023-02-16,1028
00687B,國泰20年美債,53,10,43,合庫-彰化,2023-02-16,1028
1718,中纖,40,0,40,合庫-彰化,2023-02-16,1028
9938,百和,35,0,35,合庫-彰化,2023-02-16,1028
1201,味全,33,0,33,合庫-彰化,2023-02-16,1028
00650L,復華香港正2,24,0,24,合庫-彰化,2023-02-16,1028
4438,廣越,20,0,20,合庫-彰化,2023-02-16,1028
1432,大魯閣,17,0,17,合庫-彰化,2023-02-16,1028
3264,欣銓,15,0,15,合庫-彰化,2023-02-16,1028
1608,華榮,20,6,14,合庫-彰化,2023-02-16,1028
00903,富邦元宇宙,15,2,13,合庫-彰化,2023-02-16,1028
1503,士電,35,22,13,合庫-彰化,2023-02-16,1028
8227,巨有科技,13,0,13,合庫-彰化,2023-02-16,1028
3689,湧德,11,0,11,合庫-彰化,2023-02-16,1028
00772B,中信高評級公司債,10,0,10,合庫-彰化,2023-02-16,1028
00916,國泰全球品牌50,10,0,10,合庫-彰化,2023-02-16,1028
00882,中信中國高股息,10,0,10,合庫-彰化,2023-02-16,1028
00665L,富邦�琤肭磪囓�2,60,50,10,合庫-彰化,2023-02-16,1028
2542,興富發,10,0,10,合庫-彰化,2023-02-16,1028
2618,長榮航,75,65,10,合庫-彰化,2023-02-16,1028
3033,威健,10,0,10,合庫-彰化,2023-02-16,1028
3605,宏致,10,0,10,合庫-彰化,2023-02-16,1028
3711,日月光投控,10,0,10,合庫-彰化,2023-02-16,1028
5258,虹堡,13,3,10,合庫-彰化,2023-02-16,1028
8201,無敵,10,0,10,合庫-彰化,2023-02-16,1028
9945,潤泰新,10,0,10,合庫-彰化,2023-02-16,1028
00633L,富邦上証正2,9,0,9,合庫-彰化,2023-02-16,1028
1101,台泥,10,1,9,合庫-彰化,2023-02-16,1028
2702,華園,9,0,9,合庫-彰化,2023-02-16,1028
00917,中信特選金融,8,0,8,合庫-彰化,2023-02-16,1028
4114,健喬,42,34,8,合庫-彰化,2023-02-16,1028
6582,申豐,15,7,8,合庫-彰化,2023-02-16,1028
2884,玉山金,9,1,8,合庫-彰化,2023-02-16,1028
00780B,國泰A級金融債,6,0,6,合庫-彰化,2023-02-16,1028
2324,仁寶,6,0,6,合庫-彰化,2023-02-16,1028
2883,凱基金,7,1,6,合庫-彰化,2023-02-16,1028
5392,能率,6,0,6,合庫-彰化,2023-02-16,1028
5536,聖暉*,6,0,6,合庫-彰化,2023-02-16,1028
8349,�矬�,7,1,6,合庫-彰化,2023-02-16,1028
9802,鈺齊-KY,6,0,6,合庫-彰化,2023-02-16,1028
00669R,國泰美國道瓊反1,5,0,5,合庫-彰化,2023-02-16,1028
1476,儒鴻,5,0,5,合庫-彰化,2023-02-16,1028
2062,橋椿,5,0,5,合庫-彰化,2023-02-16,1028
2393,億光,5,0,5,合庫-彰化,2023-02-16,1028
2443,昶虹,5,0,5,合庫-彰化,2023-02-16,1028
00893,國泰智能電動車,99,2,97,合庫-彰化,2023-02-17,1028
00648R,元大S＆P500反1,86,0,86,合庫-彰化,2023-02-17,1028
00878,國泰永續高股息,70,4,66,合庫-彰化,2023-02-17,1028
00679B,元大美債20年,59,0,59,合庫-彰化,2023-02-17,1028
5701,劍湖山,50,0,50,合庫-彰化,2023-02-17,1028
2618,長榮航,62,21,41,合庫-彰化,2023-02-17,1028
4533,協易機,40,0,40,合庫-彰化,2023-02-17,1028
00772B,中信高評級公司債,37,0,37,合庫-彰化,2023-02-17,1028
1796,金穎生技,35,1,34,合庫-彰化,2023-02-17,1028
1417,嘉裕,30,0,30,合庫-彰化,2023-02-17,1028
2705,六福,30,0,30,合庫-彰化,2023-02-17,1028
2405,輔信,30,1,29,合庫-彰化,2023-02-17,1028
2457,飛宏,48,23,25,合庫-彰化,2023-02-17,1028
8996,高力,35,12,23,合庫-彰化,2023-02-17,1028
00632R,元大台灣50反1,22,0,22,合庫-彰化,2023-02-17,1028
2610,華航,39,18,21,合庫-彰化,2023-02-17,1028
00903,富邦元宇宙,18,0,18,合庫-彰化,2023-02-17,1028
2887,台新金,23,5,18,合庫-彰化,2023-02-17,1028
5340,建榮,18,0,18,合庫-彰化,2023-02-17,1028
1810,和成,17,0,17,合庫-彰化,2023-02-17,1028
00902,中信電池及儲能,16,0,16,合庫-彰化,2023-02-17,1028
00725B,國泰投資級公司債,26,13,13,合庫-彰化,2023-02-17,1028
00900,富邦特選高股息30,18,5,13,合庫-彰化,2023-02-17,1028
2542,興富發,15,3,12,合庫-彰化,2023-02-17,1028
3141,晶宏,12,1,11,合庫-彰化,2023-02-17,1028
6443,元晶,22,11,11,合庫-彰化,2023-02-17,1028
00907,永豐優息存股,10,0,10,合庫-彰化,2023-02-17,1028
2851,中再保,10,0,10,合庫-彰化,2023-02-17,1028
2867,三商壽,60,50,10,合庫-彰化,2023-02-17,1028
6150,撼訊,15,5,10,合庫-彰化,2023-02-17,1028
2609,陽明,9,0,9,合庫-彰化,2023-02-17,1028
1605,華新,57,48,9,合庫-彰化,2023-02-17,1028
4979,華星光,18,9,9,合庫-彰化,2023-02-17,1028
6245,立端,14,5,9,合庫-彰化,2023-02-17,1028
6547,高端疫苗,18,10,8,合庫-彰化,2023-02-17,1028
2330,台積電,10,3,7,合庫-彰化,2023-02-17,1028
2009,第一銅,7,0,7,合庫-彰化,2023-02-17,1028
6177,達麗,7,0,7,合庫-彰化,2023-02-17,1028
2884,玉山金,11,5,6,合庫-彰化,2023-02-17,1028
00882,中信中國高股息,6,0,6,合庫-彰化,2023-02-17,1028
00720B,元大投資級公司債,6,0,6,合庫-彰化,2023-02-17,1028
2027,大成鋼,7,1,6,合庫-彰化,2023-02-17,1028
2702,華園,6,0,6,合庫-彰化,2023-02-17,1028
3704,合勤控,6,0,6,合庫-彰化,2023-02-17,1028
6142,友勁,6,0,6,合庫-彰化,2023-02-17,1028
6582,申豐,6,0,6,合庫-彰化,2023-02-17,1028
8110,華東,6,0,6,合庫-彰化,2023-02-17,1028
2412,中華電,5,0,5,合庫-彰化,2023-02-17,1028
00631L,元大台灣50正2,5,0,5,合庫-彰化,2023-02-17,1028
1316,上曜,5,0,5,合庫-彰化,2023-02-17,1028
00637L,元大滬深300正2,165,5,160,合庫-彰化,2023-02-20,1028
00715L,期街口布蘭特正2,148,0,148,合庫-彰化,2023-02-20,1028
00673R,期元大S＆P原油反1,160,20,140,合庫-彰化,2023-02-20,1028
8069,元太,59,8,51,合庫-彰化,2023-02-20,1028
00878,國泰永續高股息,55,4,51,合庫-彰化,2023-02-20,1028
00882,中信中國高股息,49,0,49,合庫-彰化,2023-02-20,1028
2618,長榮航,83,39,44,合庫-彰化,2023-02-20,1028
3025,星通,41,0,41,合庫-彰化,2023-02-20,1028
3141,晶宏,56,16,40,合庫-彰化,2023-02-20,1028
2611,志信,61,21,40,合庫-彰化,2023-02-20,1028
5340,建榮,36,3,33,合庫-彰化,2023-02-20,1028
2025,千興,30,0,30,合庫-彰化,2023-02-20,1028
00893,國泰智能電動車,30,0,30,合庫-彰化,2023-02-20,1028
2009,第一銅,31,5,26,合庫-彰化,2023-02-20,1028
2610,華航,92,67,25,合庫-彰化,2023-02-20,1028
00902,中信電池及儲能,24,0,24,合庫-彰化,2023-02-20,1028
2206,三陽工業,25,4,21,合庫-彰化,2023-02-20,1028
4137,麗豐-KY,21,0,21,合庫-彰化,2023-02-20,1028
1709,和益,20,0,20,合庫-彰化,2023-02-20,1028
2332,友訊,22,5,17,合庫-彰化,2023-02-20,1028
3043,科風,17,0,17,合庫-彰化,2023-02-20,1028
1218,泰山,12,0,12,合庫-彰化,2023-02-20,1028
3058,立德,11,0,11,合庫-彰化,2023-02-20,1028
6244,茂迪,10,0,10,合庫-彰化,2023-02-20,1028
2498,宏達電,25,15,10,合庫-彰化,2023-02-20,1028
8163,達方,10,0,10,合庫-彰化,2023-02-20,1028
00720B,元大投資級公司債,10,0,10,合庫-彰化,2023-02-20,1028
5392,能率,10,0,10,合庫-彰化,2023-02-20,1028
6261,久元,10,0,10,合庫-彰化,2023-02-20,1028
6443,元晶,10,0,10,合庫-彰化,2023-02-20,1028
1514,亞力,14,6,8,合庫-彰化,2023-02-20,1028
6213,聯茂,8,0,8,合庫-彰化,2023-02-20,1028
8033,雷虎,17,9,8,合庫-彰化,2023-02-20,1028
1201,味全,7,0,7,合庫-彰化,2023-02-20,1028
2014,中鴻,8,1,7,合庫-彰化,2023-02-20,1028
2453,凌群,7,0,7,合庫-彰化,2023-02-20,1028
3332,幸康,7,0,7,合庫-彰化,2023-02-20,1028
3673,TPK-KY,7,0,7,合庫-彰化,2023-02-20,1028
4934,太極,10,3,7,合庫-彰化,2023-02-20,1028
8110,華東,7,0,7,合庫-彰化,2023-02-20,1028
1524,耿鼎,12,6,6,合庫-彰化,2023-02-20,1028
1708,東鹼,7,1,6,合庫-彰化,2023-02-20,1028
6143,振曜,9,3,6,合庫-彰化,2023-02-20,1028
00760B,復華新興企業債,6,0,6,合庫-彰化,2023-02-20,1028
2049,上銀,6,0,6,合庫-彰化,2023-02-20,1028
9939,宏全,5,0,5,合庫-彰化,2023-02-20,1028
2340,台亞,5,0,5,合庫-彰化,2023-02-20,1028
2614,東森,5,0,5,合庫-彰化,2023-02-20,1028
6104,創惟,7,2,5,合庫-彰化,2023-02-20,1028
6282,康舒,8,3,5,合庫-彰化,2023-02-20,1028
1504,東元,378,4,374,合庫-彰化,2023-02-21,1028
2884,玉山金,266,71,195,合庫-彰化,2023-02-21,1028
2867,三商壽,159,0,159,合庫-彰化,2023-02-21,1028
5701,劍湖山,116,1,115,合庫-彰化,2023-02-21,1028
2102,泰豐,70,0,70,合庫-彰化,2023-02-21,1028
5392,能率,47,0,47,合庫-彰化,2023-02-21,1028
2834,臺企銀,75,30,45,合庫-彰化,2023-02-21,1028
3234,光環,43,0,43,合庫-彰化,2023-02-21,1028
1432,大魯閣,36,1,35,合庫-彰化,2023-02-21,1028
1535,中宇,33,0,33,合庫-彰化,2023-02-21,1028
8033,雷虎,35,2,33,合庫-彰化,2023-02-21,1028
5258,虹堡,33,2,31,合庫-彰化,2023-02-21,1028
2367,燿華,29,0,29,合庫-彰化,2023-02-21,1028
4931,新盛力,32,4,28,合庫-彰化,2023-02-21,1028
2618,長榮航,32,6,26,合庫-彰化,2023-02-21,1028
00795B,中信美國公債20年,25,0,25,合庫-彰化,2023-02-21,1028
1312,國喬,25,0,25,合庫-彰化,2023-02-21,1028
3128,昇銳,25,1,24,合庫-彰化,2023-02-21,1028
6114,久威,22,0,22,合庫-彰化,2023-02-21,1028
00882,中信中國高股息,22,1,21,合庫-彰化,2023-02-21,1028
1718,中纖,20,0,20,合庫-彰化,2023-02-21,1028
2402,毅嘉,20,0,20,合庫-彰化,2023-02-21,1028
5475,德宏,20,0,20,合庫-彰化,2023-02-21,1028
6582,申豐,20,0,20,合庫-彰化,2023-02-21,1028
1810,和成,35,16,19,合庫-彰化,2023-02-21,1028
3704,合勤控,18,0,18,合庫-彰化,2023-02-21,1028
2883B,凱基金乙特,16,0,16,合庫-彰化,2023-02-21,1028
6285,啟��,17,1,16,合庫-彰化,2023-02-21,1028
2486,一詮,15,0,15,合庫-彰化,2023-02-21,1028
2882,國泰金,14,0,14,合庫-彰化,2023-02-21,1028
1513,中興電,44,31,13,合庫-彰化,2023-02-21,1028
2353,宏��,15,2,13,合庫-彰化,2023-02-21,1028
2610,華航,15,3,12,合庫-彰化,2023-02-21,1028
1605,華新,23,11,12,合庫-彰化,2023-02-21,1028
2883,凱基金,14,2,12,合庫-彰化,2023-02-21,1028
4909,新復興,12,0,12,合庫-彰化,2023-02-21,1028
6443,元晶,17,5,12,合庫-彰化,2023-02-21,1028
1701,中化,11,0,11,合庫-彰化,2023-02-21,1028
2497,怡利電,11,0,11,合庫-彰化,2023-02-21,1028
00893,國泰智能電動車,10,0,10,合庫-彰化,2023-02-21,1028
00651R,復華香港反1,10,0,10,合庫-彰化,2023-02-21,1028
5348,正能量智能,10,0,10,合庫-彰化,2023-02-21,1028
2489,瑞軒,10,0,10,合庫-彰化,2023-02-21,1028
5880,合庫金,12,3,9,合庫-彰化,2023-02-21,1028
2498,宏達電,29,20,9,合庫-彰化,2023-02-21,1028
2332,友訊,8,0,8,合庫-彰化,2023-02-21,1028
2906,高林,9,1,8,合庫-彰化,2023-02-21,1028
6120,達運,8,0,8,合庫-彰化,2023-02-21,1028
2444,兆勁,7,0,7,合庫-彰化,2023-02-21,1028
4915,致伸,8,1,7,合庫-彰化,2023-02-21,1028
00673R,期元大S＆P原油反1,160,0,160,合庫-彰化,2023-02-22,1028
00878,國泰永續高股息,121,0,121,合庫-彰化,2023-02-22,1028
00885,富邦越南,100,0,100,合庫-彰化,2023-02-22,1028
00632R,元大台灣50反1,105,25,80,合庫-彰化,2023-02-22,1028
4979,華星光,81,7,74,合庫-彰化,2023-02-22,1028
5475,德宏,55,0,55,合庫-彰化,2023-02-22,1028
5519,隆大,52,0,52,合庫-彰化,2023-02-22,1028
5701,劍湖山,55,3,52,合庫-彰化,2023-02-22,1028
2897,王道銀行,50,0,50,合庫-彰化,2023-02-22,1028
00637L,元大滬深300正2,40,0,40,合庫-彰化,2023-02-22,1028
00715L,期街口布蘭特正2,40,0,40,合庫-彰化,2023-02-22,1028
1584,精剛,51,11,40,合庫-彰化,2023-02-22,1028
3550,聯穎,37,0,37,合庫-彰化,2023-02-22,1028
1605,華新,34,0,34,合庫-彰化,2023-02-22,1028
3060,銘異,33,0,33,合庫-彰化,2023-02-22,1028
3234,光環,33,0,33,合庫-彰化,2023-02-22,1028
6533,晶心科,35,2,33,合庫-彰化,2023-02-22,1028
6109,亞元,32,0,32,合庫-彰化,2023-02-22,1028
8936,國統,41,11,30,合庫-彰化,2023-02-22,1028
8033,雷虎,86,56,30,合庫-彰化,2023-02-22,1028
6226,光鼎,27,0,27,合庫-彰化,2023-02-22,1028
00712,復華富時不動產,23,0,23,合庫-彰化,2023-02-22,1028
2885,元大金,23,0,23,合庫-彰化,2023-02-22,1028
5512,力麒,24,1,23,合庫-彰化,2023-02-22,1028
5880,合庫金,22,0,22,合庫-彰化,2023-02-22,1028
2371,大同,21,0,21,合庫-彰化,2023-02-22,1028
1709,和益,20,0,20,合庫-彰化,2023-02-22,1028
9902,台火,20,0,20,合庫-彰化,2023-02-22,1028
0056,元大高股息,19,0,19,合庫-彰化,2023-02-22,1028
3037,欣興,18,0,18,合庫-彰化,2023-02-22,1028
9939,宏全,17,0,17,合庫-彰化,2023-02-22,1028
2618,長榮航,25,8,17,合庫-彰化,2023-02-22,1028
4503,金雨,21,4,17,合庫-彰化,2023-02-22,1028
8069,元太,17,1,16,合庫-彰化,2023-02-22,1028
1609,大亞,16,1,15,合庫-彰化,2023-02-22,1028
3128,昇銳,20,5,15,合庫-彰化,2023-02-22,1028
3035,智原,24,10,14,合庫-彰化,2023-02-22,1028
6167,久正,14,0,14,合庫-彰化,2023-02-22,1028
4743,合一,15,2,13,合庫-彰化,2023-02-22,1028
2883,凱基金,27,14,13,合庫-彰化,2023-02-22,1028
2332,友訊,13,0,13,合庫-彰化,2023-02-22,1028
2884,玉山金,21,9,12,合庫-彰化,2023-02-22,1028
2637,慧洋-KY,15,3,12,合庫-彰化,2023-02-22,1028
4906,正文,12,0,12,合庫-彰化,2023-02-22,1028
6282,康舒,26,14,12,合庫-彰化,2023-02-22,1028
00725B,國泰投資級公司債,26,15,11,合庫-彰化,2023-02-22,1028
2812,台中銀,21,10,11,合庫-彰化,2023-02-22,1028
2891,中信金,11,0,11,合庫-彰化,2023-02-22,1028
4961,天鈺,11,0,11,合庫-彰化,2023-02-22,1028
6570,維田,11,0,11,合庫-彰化,2023-02-22,1028
00642U,期元大S＆P石油,373,0,373,合庫-彰化,2023-02-23,1028
8044,網家,170,0,170,合庫-彰化,2023-02-23,1028
00715L,期街口布蘭特正2,154,0,154,合庫-彰化,2023-02-23,1028
1773,勝一,146,0,146,合庫-彰化,2023-02-23,1028
2601,益航,146,3,143,合庫-彰化,2023-02-23,1028
2388,威盛,154,13,141,合庫-彰化,2023-02-23,1028
5512,力麒,127,11,116,合庫-彰化,2023-02-23,1028
5439,高技,101,1,100,合庫-彰化,2023-02-23,1028
00885,富邦越南,56,0,56,合庫-彰化,2023-02-23,1028
1810,和成,56,4,52,合庫-彰化,2023-02-23,1028
1584,精剛,54,3,51,合庫-彰化,2023-02-23,1028
4541,晟田,47,1,46,合庫-彰化,2023-02-23,1028
2611,志信,41,4,37,合庫-彰化,2023-02-23,1028
5348,正能量智能,34,0,34,合庫-彰化,2023-02-23,1028
2618,長榮航,34,1,33,合庫-彰化,2023-02-23,1028
00712,復華富時不動產,32,1,31,合庫-彰化,2023-02-23,1028
2888,新光金,31,0,31,合庫-彰化,2023-02-23,1028
2029,盛餘,30,0,30,合庫-彰化,2023-02-23,1028
2890,永豐金,30,0,30,合庫-彰化,2023-02-23,1028
3481,群創,25,1,24,合庫-彰化,2023-02-23,1028
2303,聯電,29,6,23,合庫-彰化,2023-02-23,1028
4503,金雨,33,11,22,合庫-彰化,2023-02-23,1028
2633,台灣高鐵,22,1,21,合庫-彰化,2023-02-23,1028
5608,四維航,24,3,21,合庫-彰化,2023-02-23,1028
6582,申豐,21,0,21,合庫-彰化,2023-02-23,1028
00676R,富邦臺灣加權反1,20,0,20,合庫-彰化,2023-02-23,1028
2401,凌陽,20,0,20,合庫-彰化,2023-02-23,1028
5381,合正,20,0,20,合庫-彰化,2023-02-23,1028
5519,隆大,20,0,20,合庫-彰化,2023-02-23,1028
1218,泰山,19,0,19,合庫-彰化,2023-02-23,1028
00679B,元大美債20年,18,0,18,合庫-彰化,2023-02-23,1028
2344,華邦電,18,2,16,合庫-彰化,2023-02-23,1028
00772B,中信高評級公司債,13,0,13,合庫-彰化,2023-02-23,1028
8383,千附,17,4,13,合庫-彰化,2023-02-23,1028
2610,華航,12,0,12,合庫-彰化,2023-02-23,1028
2731,雄獅,13,1,12,合庫-彰化,2023-02-23,1028
3060,銘異,12,0,12,合庫-彰化,2023-02-23,1028
4164,承業醫,12,0,12,合庫-彰化,2023-02-23,1028
6188,廣明,12,0,12,合庫-彰化,2023-02-23,1028
4743,合一,14,3,11,合庫-彰化,2023-02-23,1028
6443,元晶,13,2,11,合庫-彰化,2023-02-23,1028
8473,山林水,11,0,11,合庫-彰化,2023-02-23,1028
2884,玉山金,44,33,11,合庫-彰化,2023-02-23,1028
1609,大亞,10,0,10,合庫-彰化,2023-02-23,1028
00664R,國泰臺灣加權反1,10,0,10,合庫-彰化,2023-02-23,1028
1718,中纖,10,0,10,合庫-彰化,2023-02-23,1028
2489,瑞軒,10,0,10,合庫-彰化,2023-02-23,1028
2615,萬海,14,4,10,合庫-彰化,2023-02-23,1028
3038,全台,10,0,10,合庫-彰化,2023-02-23,1028
3536,誠創,10,0,10,合庫-彰化,2023-02-23,1028
00673R,期元大S＆P原油反1,232,0,232,合庫-彰化,2023-02-24,1028
5512,力麒,143,13,130,合庫-彰化,2023-02-24,1028
2611,志信,110,1,109,合庫-彰化,2023-02-24,1028
2601,益航,110,9,101,合庫-彰化,2023-02-24,1028
2618,長榮航,95,13,82,合庫-彰化,2023-02-24,1028
3013,晟銘電,80,5,75,合庫-彰化,2023-02-24,1028
00632R,元大台灣50反1,58,5,53,合庫-彰化,2023-02-24,1028
1584,精剛,63,10,53,合庫-彰化,2023-02-24,1028
00885,富邦越南,50,0,50,合庫-彰化,2023-02-24,1028
2388,威盛,65,21,44,合庫-彰化,2023-02-24,1028
00882,中信中國高股息,40,0,40,合庫-彰化,2023-02-24,1028
6116,彩晶,40,0,40,合庫-彰化,2023-02-24,1028
00878,國泰永續高股息,51,12,39,合庫-彰化,2023-02-24,1028
2834,臺企銀,40,4,36,合庫-彰化,2023-02-24,1028
1709,和益,33,0,33,合庫-彰化,2023-02-24,1028
2617,台航,37,6,31,合庫-彰化,2023-02-24,1028
1605,華新,34,5,29,合庫-彰化,2023-02-24,1028
4968,立積,26,0,26,合庫-彰化,2023-02-24,1028
5701,劍湖山,27,1,26,合庫-彰化,2023-02-24,1028
4743,合一,33,7,26,合庫-彰化,2023-02-24,1028
8996,高力,26,2,24,合庫-彰化,2023-02-24,1028
2883,凱基金,21,0,21,合庫-彰化,2023-02-24,1028
00676R,富邦臺灣加權反1,20,0,20,合庫-彰化,2023-02-24,1028
2641,正德,26,6,20,合庫-彰化,2023-02-24,1028
3520,華盈,20,0,20,合庫-彰化,2023-02-24,1028
4116,明基醫,20,0,20,合庫-彰化,2023-02-24,1028
5392,能率,20,0,20,合庫-彰化,2023-02-24,1028
5880,合庫金,19,0,19,合庫-彰化,2023-02-24,1028
8069,元太,38,21,17,合庫-彰化,2023-02-24,1028
00637L,元大滬深300正2,22,7,15,合庫-彰化,2023-02-24,1028
1718,中纖,15,0,15,合庫-彰化,2023-02-24,1028
8044,網家,15,0,15,合庫-彰化,2023-02-24,1028
3037,欣興,18,4,14,合庫-彰化,2023-02-24,1028
4995,晶達,13,0,13,合庫-彰化,2023-02-24,1028
2606,裕民,24,12,12,合庫-彰化,2023-02-24,1028
4503,金雨,23,11,12,合庫-彰化,2023-02-24,1028
2344,華邦電,11,0,11,合庫-彰化,2023-02-24,1028
6282,康舒,12,1,11,合庫-彰化,2023-02-24,1028
2457,飛宏,10,0,10,合庫-彰化,2023-02-24,1028
3362,先進光,10,0,10,合庫-彰化,2023-02-24,1028
2363,矽統,10,0,10,合庫-彰化,2023-02-24,1028
2634,漢翔,10,0,10,合庫-彰化,2023-02-24,1028
3035,智原,24,14,10,合庫-彰化,2023-02-24,1028
3141,晶宏,10,0,10,合庫-彰化,2023-02-24,1028
4106,雃博,10,0,10,合庫-彰化,2023-02-24,1028
6109,亞元,10,0,10,合庫-彰化,2023-02-24,1028
6570,維田,10,0,10,合庫-彰化,2023-02-24,1028
8040,九暘,10,0,10,合庫-彰化,2023-02-24,1028
8110,華東,10,0,10,合庫-彰化,2023-02-24,1028
2329,華泰,10,1,9,合庫-彰化,2023-02-24,1028
2601,益航,317,39,278,合庫-彰化,2023-03-01,1028
1584,精剛,200,13,187,合庫-彰化,2023-03-01,1028
2867,三商壽,121,0,121,合庫-彰化,2023-03-01,1028
00885,富邦越南,95,0,95,合庫-彰化,2023-03-01,1028
1217,愛之味,84,0,84,合庫-彰化,2023-03-01,1028
1605,華新,84,7,77,合庫-彰化,2023-03-01,1028
2344,華邦電,73,0,73,合庫-彰化,2023-03-01,1028
2029,盛餘,66,0,66,合庫-彰化,2023-03-01,1028
2634,漢翔,60,0,60,合庫-彰化,2023-03-01,1028
6547,高端疫苗,59,5,54,合庫-彰化,2023-03-01,1028
2885,元大金,51,0,51,合庫-彰化,2023-03-01,1028
6116,彩晶,55,5,50,合庫-彰化,2023-03-01,1028
4735,豪展,49,0,49,合庫-彰化,2023-03-01,1028
2360,致茂,41,2,39,合庫-彰化,2023-03-01,1028
1101,台泥,40,5,35,合庫-彰化,2023-03-01,1028
2409,友達,36,2,34,合庫-彰化,2023-03-01,1028
2388,威盛,37,4,33,合庫-彰化,2023-03-01,1028
5701,劍湖山,30,0,30,合庫-彰化,2023-03-01,1028
6191,精成科,30,0,30,合庫-彰化,2023-03-01,1028
00878,國泰永續高股息,31,5,26,合庫-彰化,2023-03-01,1028
1309,台達化,25,0,25,合庫-彰化,2023-03-01,1028
6531,愛普*,28,4,24,合庫-彰化,2023-03-01,1028
2618,長榮航,25,3,22,合庫-彰化,2023-03-01,1028
00795B,中信美國公債20年,22,0,22,合庫-彰化,2023-03-01,1028
2605,新興,33,11,22,合庫-彰化,2023-03-01,1028
1219,福壽,24,2,22,合庫-彰化,2023-03-01,1028
2002,中鋼,37,15,22,合庫-彰化,2023-03-01,1028
4116,明基醫,20,0,20,合庫-彰化,2023-03-01,1028
3356,奇偶,20,0,20,合庫-彰化,2023-03-01,1028
4931,新盛力,20,0,20,合庫-彰化,2023-03-01,1028
5880,合庫金,20,2,18,合庫-彰化,2023-03-01,1028
0056,元大高股息,20,5,15,合庫-彰化,2023-03-01,1028
00712,復華富時不動產,15,0,15,合庫-彰化,2023-03-01,1028
9802,鈺齊-KY,13,0,13,合庫-彰化,2023-03-01,1028
5351,鈺創,13,0,13,合庫-彰化,2023-03-01,1028
4743,合一,14,2,12,合庫-彰化,2023-03-01,1028
6139,亞翔,12,0,12,合庫-彰化,2023-03-01,1028
3060,銘異,12,0,12,合庫-彰化,2023-03-01,1028
2515,中工,11,0,11,合庫-彰化,2023-03-01,1028
2882,國泰金,11,1,10,合庫-彰化,2023-03-01,1028
2028,威致,10,0,10,合庫-彰化,2023-03-01,1028
2913,農林,10,0,10,合庫-彰化,2023-03-01,1028
00882,中信中國高股息,19,10,9,合庫-彰化,2023-03-01,1028
2606,裕民,21,12,9,合庫-彰化,2023-03-01,1028
6697,東捷資訊,10,1,9,合庫-彰化,2023-03-01,1028
2705,六福,10,1,9,合庫-彰化,2023-03-01,1028
3714,富采,9,0,9,合庫-彰化,2023-03-01,1028
2884,玉山金,6,0,6,合庫-彰化,2023-03-01,1028
00632R,元大台灣50反1,6,0,6,合庫-彰化,2023-03-01,1028
1319,東陽,6,0,6,合庫-彰化,2023-03-01,1028
00878,國泰永續高股息,119,0,119,合庫-彰化,2023-03-02,1028
5392,能率,59,0,59,合庫-彰化,2023-03-02,1028
2637,慧洋-KY,63,6,57,合庫-彰化,2023-03-02,1028
2748,雲品,57,8,49,合庫-彰化,2023-03-02,1028
2634,漢翔,45,2,43,合庫-彰化,2023-03-02,1028
00885,富邦越南,42,0,42,合庫-彰化,2023-03-02,1028
2888,新光金,41,0,41,合庫-彰化,2023-03-02,1028
00712,復華富時不動產,35,0,35,合庫-彰化,2023-03-02,1028
3013,晟銘電,31,0,31,合庫-彰化,2023-03-02,1028
5512,力麒,32,1,31,合庫-彰化,2023-03-02,1028
6122,擎邦,28,0,28,合庫-彰化,2023-03-02,1028
2359,所羅門,25,1,24,合庫-彰化,2023-03-02,1028
5880,合庫金,24,0,24,合庫-彰化,2023-03-02,1028
4961,天鈺,26,3,23,合庫-彰化,2023-03-02,1028
2601,益航,22,0,22,合庫-彰化,2023-03-02,1028
1506,正道,20,0,20,合庫-彰化,2023-03-02,1028
3049,精金,20,0,20,合庫-彰化,2023-03-02,1028
6116,彩晶,20,1,19,合庫-彰化,2023-03-02,1028
00772B,中信高評級公司債,18,0,18,合庫-彰化,2023-03-02,1028
00907,永豐優息存股,16,0,16,合庫-彰化,2023-03-02,1028
4958,臻鼎-KY,16,0,16,合庫-彰化,2023-03-02,1028
2201,裕隆,20,5,15,合庫-彰化,2023-03-02,1028
5452,佶優,21,6,15,合庫-彰化,2023-03-02,1028
6219,富旺,15,0,15,合庫-彰化,2023-03-02,1028
2453,凌群,16,2,14,合庫-彰化,2023-03-02,1028
8033,雷虎,20,7,13,合庫-彰化,2023-03-02,1028
2498,宏達電,24,12,12,合庫-彰化,2023-03-02,1028
6190,萬泰科,15,3,12,合庫-彰化,2023-03-02,1028
1560,中砂,11,0,11,合庫-彰化,2023-03-02,1028
2542,興富發,11,0,11,合庫-彰化,2023-03-02,1028
4915,致伸,14,3,11,合庫-彰化,2023-03-02,1028
6129,普誠,12,1,11,合庫-彰化,2023-03-02,1028
2328,廣宇,10,0,10,合庫-彰化,2023-03-02,1028
2402,毅嘉,10,0,10,合庫-彰化,2023-03-02,1028
2540,愛山林,10,0,10,合庫-彰化,2023-03-02,1028
2605,新興,44,34,10,合庫-彰化,2023-03-02,1028
3706,神達,10,0,10,合庫-彰化,2023-03-02,1028
2027,大成鋼,10,0,10,合庫-彰化,2023-03-02,1028
1471,首利,9,0,9,合庫-彰化,2023-03-02,1028
2884,玉山金,9,0,9,合庫-彰化,2023-03-02,1028
5475,德宏,9,0,9,合庫-彰化,2023-03-02,1028
6776,展�眥篕�,9,0,9,合庫-彰化,2023-03-02,1028
8112,至上,16,7,9,合庫-彰化,2023-03-02,1028
2419,仲琦,17,9,8,合庫-彰化,2023-03-02,1028
2891,中信金,8,0,8,合庫-彰化,2023-03-02,1028
00902,中信電池及儲能,7,0,7,合庫-彰化,2023-03-02,1028
00679B,元大美債20年,7,0,7,合庫-彰化,2023-03-02,1028
00916,國泰全球品牌50,7,0,7,合庫-彰化,2023-03-02,1028
3105,穩懋,6,0,6,合庫-彰化,2023-03-02,1028
2104,國際中橡,6,0,6,合庫-彰化,2023-03-02,1028
2337,旺宏,1078,10,1068,合庫-彰化,2023-03-03,1028
3264,欣銓,350,3,347,合庫-彰化,2023-03-03,1028
2359,所羅門,91,0,91,合庫-彰化,2023-03-03,1028
6142,友勁,86,1,85,合庫-彰化,2023-03-03,1028
3037,欣興,87,10,77,合庫-彰化,2023-03-03,1028
4438,廣越,72,0,72,合庫-彰化,2023-03-03,1028
00673R,期元大S＆P原油反1,65,0,65,合庫-彰化,2023-03-03,1028
1584,精剛,60,13,47,合庫-彰化,2023-03-03,1028
5009,榮剛,49,7,42,合庫-彰化,2023-03-03,1028
2834,臺企銀,280,241,39,合庫-彰化,2023-03-03,1028
3162,精確,41,5,36,合庫-彰化,2023-03-03,1028
5392,能率,36,0,36,合庫-彰化,2023-03-03,1028
00712,復華富時不動產,35,0,35,合庫-彰化,2023-03-03,1028
3630,新鉅科,33,0,33,合庫-彰化,2023-03-03,1028
6190,萬泰科,31,0,31,合庫-彰化,2023-03-03,1028
2611,志信,30,1,29,合庫-彰化,2023-03-03,1028
4541,晟田,30,2,28,合庫-彰化,2023-03-03,1028
1605,華新,35,8,27,合庫-彰化,2023-03-03,1028
1476,儒鴻,27,0,27,合庫-彰化,2023-03-03,1028
4961,天鈺,26,1,25,合庫-彰化,2023-03-03,1028
5603,陸海,25,0,25,合庫-彰化,2023-03-03,1028
1305,華夏,23,0,23,合庫-彰化,2023-03-03,1028
2449,京元電子,24,2,22,合庫-彰化,2023-03-03,1028
1519,華城,20,0,20,合庫-彰化,2023-03-03,1028
2029,盛餘,19,0,19,合庫-彰化,2023-03-03,1028
2634,漢翔,20,1,19,合庫-彰化,2023-03-03,1028
6556,勝品,24,5,19,合庫-彰化,2023-03-03,1028
2388,威盛,35,17,18,合庫-彰化,2023-03-03,1028
1709,和益,20,3,17,合庫-彰化,2023-03-03,1028
6799,來頡,39,22,17,合庫-彰化,2023-03-03,1028
2353,宏��,16,0,16,合庫-彰化,2023-03-03,1028
6118,建達,22,6,16,合庫-彰化,2023-03-03,1028
00878,國泰永續高股息,34,18,16,合庫-彰化,2023-03-03,1028
6226,光鼎,15,0,15,合庫-彰化,2023-03-03,1028
8996,高力,16,2,14,合庫-彰化,2023-03-03,1028
2457,飛宏,32,19,13,合庫-彰化,2023-03-03,1028
2498,宏達電,13,1,12,合庫-彰化,2023-03-03,1028
5425,台半,22,11,11,合庫-彰化,2023-03-03,1028
2358,廷鑫,15,5,10,合庫-彰化,2023-03-03,1028
2374,佳能,10,0,10,合庫-彰化,2023-03-03,1028
2701,萬企,10,0,10,合庫-彰化,2023-03-03,1028
2801,彰銀,11,1,10,合庫-彰化,2023-03-03,1028
2883,凱基金,11,1,10,合庫-彰化,2023-03-03,1028
2911,麗嬰房,10,0,10,合庫-彰化,2023-03-03,1028
4426,利勤,10,0,10,合庫-彰化,2023-03-03,1028
6578,達邦蛋白,10,0,10,合庫-彰化,2023-03-03,1028
2009,第一銅,10,1,9,合庫-彰化,2023-03-03,1028
2486,一詮,9,0,9,合庫-彰化,2023-03-03,1028
4743,合一,15,6,9,合庫-彰化,2023-03-03,1028
00679B,元大美債20年,9,1,8,合庫-彰化,2023-03-03,1028
9902,台火,140,60,80,合庫-彰化,2023-03-06,1028
6865,偉康科技,61,0,61,合庫-彰化,2023-03-06,1028
2337,旺宏,55,0,55,合庫-彰化,2023-03-06,1028
00673R,期元大S＆P原油反1,112,60,52,合庫-彰化,2023-03-06,1028
3362,先進光,54,4,50,合庫-彰化,2023-03-06,1028
4916,事欣科,40,0,40,合庫-彰化,2023-03-06,1028
00632R,元大台灣50反1,46,16,30,合庫-彰化,2023-03-06,1028
3128,昇銳,38,8,30,合庫-彰化,2023-03-06,1028
4147,中裕,29,1,28,合庫-彰化,2023-03-06,1028
0056,元大高股息,30,6,24,合庫-彰化,2023-03-06,1028
3652,精聯,25,1,24,合庫-彰化,2023-03-06,1028
00905,FT臺灣Smart,22,0,22,合庫-彰化,2023-03-06,1028
5381,合正,21,0,21,合庫-彰化,2023-03-06,1028
00676R,富邦臺灣加權反1,20,0,20,合庫-彰化,2023-03-06,1028
1506,正道,20,0,20,合庫-彰化,2023-03-06,1028
1528,恩德,20,0,20,合庫-彰化,2023-03-06,1028
1532,勤美,18,0,18,合庫-彰化,2023-03-06,1028
6109,亞元,19,1,18,合庫-彰化,2023-03-06,1028
2611,志信,15,0,15,合庫-彰化,2023-03-06,1028
3035,智原,15,0,15,合庫-彰化,2023-03-06,1028
8176,智捷,16,1,15,合庫-彰化,2023-03-06,1028
1220,台榮,14,1,13,合庫-彰化,2023-03-06,1028
2388,威盛,23,10,13,合庫-彰化,2023-03-06,1028
6188,廣明,13,0,13,合庫-彰化,2023-03-06,1028
00679B,元大美債20年,12,0,12,合庫-彰化,2023-03-06,1028
2634,漢翔,22,10,12,合庫-彰化,2023-03-06,1028
00885,富邦越南,11,0,11,合庫-彰化,2023-03-06,1028
1584,精剛,15,5,10,合庫-彰化,2023-03-06,1028
1907,永豐餘,10,0,10,合庫-彰化,2023-03-06,1028
2025,千興,10,0,10,合庫-彰化,2023-03-06,1028
2601,益航,10,0,10,合庫-彰化,2023-03-06,1028
2911,麗嬰房,10,0,10,合庫-彰化,2023-03-06,1028
3047,訊舟,10,0,10,合庫-彰化,2023-03-06,1028
6190,萬泰科,10,0,10,合庫-彰化,2023-03-06,1028
8390,金益鼎,10,0,10,合庫-彰化,2023-03-06,1028
2409,友達,26,16,10,合庫-彰化,2023-03-06,1028
1219,福壽,9,0,9,合庫-彰化,2023-03-06,1028
1783,和康生,10,1,9,合庫-彰化,2023-03-06,1028
3060,銘異,9,0,9,合庫-彰化,2023-03-06,1028
8996,高力,9,0,9,合庫-彰化,2023-03-06,1028
2353,宏��,10,2,8,合庫-彰化,2023-03-06,1028
2471,資通,11,3,8,合庫-彰化,2023-03-06,1028
6113,亞矽,10,2,8,合庫-彰化,2023-03-06,1028
4114,健喬,8,0,8,合庫-彰化,2023-03-06,1028
1437,勤益控,7,0,7,合庫-彰化,2023-03-06,1028
2849,安泰銀,7,0,7,合庫-彰化,2023-03-06,1028
8222,寶一,26,19,7,合庫-彰化,2023-03-06,1028
2888,新光金,6,0,6,合庫-彰化,2023-03-06,1028
2891,中信金,6,0,6,合庫-彰化,2023-03-06,1028
2892,第一金,8,2,6,合庫-彰化,2023-03-06,1028
3265,台星科,350,1,349,合庫-彰化,2023-03-07,1028
00673R,期元大S＆P原油反1,203,0,203,合庫-彰化,2023-03-07,1028
00712,復華富時不動產,120,0,120,合庫-彰化,2023-03-07,1028
2344,華邦電,119,4,115,合庫-彰化,2023-03-07,1028
2352,佳世達,77,1,76,合庫-彰化,2023-03-07,1028
5512,力麒,85,16,69,合庫-彰化,2023-03-07,1028
2337,旺宏,59,0,59,合庫-彰化,2023-03-07,1028
00885,富邦越南,58,0,58,合庫-彰化,2023-03-07,1028
5371,中光電,61,3,58,合庫-彰化,2023-03-07,1028
6180,橘子,52,0,52,合庫-彰化,2023-03-07,1028
6176,瑞儀,49,0,49,合庫-彰化,2023-03-07,1028
1532,勤美,33,0,33,合庫-彰化,2023-03-07,1028
2374,佳能,30,2,28,合庫-彰化,2023-03-07,1028
2027,大成鋼,32,5,27,合庫-彰化,2023-03-07,1028
4541,晟田,26,0,26,合庫-彰化,2023-03-07,1028
2482,連宇,66,42,24,合庫-彰化,2023-03-07,1028
2368,金像電,31,8,23,合庫-彰化,2023-03-07,1028
1309,台達化,22,0,22,合庫-彰化,2023-03-07,1028
3013,晟銘電,24,2,22,合庫-彰化,2023-03-07,1028
00679B,元大美債20年,21,0,21,合庫-彰化,2023-03-07,1028
2025,千興,20,0,20,合庫-彰化,2023-03-07,1028
2206,三陽工業,20,0,20,合庫-彰化,2023-03-07,1028
6470,宇智,16,0,16,合庫-彰化,2023-03-07,1028
9907,統一實,16,1,15,合庫-彰化,2023-03-07,1028
3481,群創,23,9,14,合庫-彰化,2023-03-07,1028
3552,同致,15,1,14,合庫-彰化,2023-03-07,1028
2849,安泰銀,14,0,14,合庫-彰化,2023-03-07,1028
4163,鐿鈦,14,0,14,合庫-彰化,2023-03-07,1028
2888,新光金,13,0,13,合庫-彰化,2023-03-07,1028
5469,瀚宇博,13,0,13,合庫-彰化,2023-03-07,1028
3052,夆典,12,0,12,合庫-彰化,2023-03-07,1028
1220,台榮,12,0,12,合庫-彰化,2023-03-07,1028
6219,富旺,12,0,12,合庫-彰化,2023-03-07,1028
5351,鈺創,12,1,11,合庫-彰化,2023-03-07,1028
8171,天宇,12,1,11,合庫-彰化,2023-03-07,1028
3706,神達,10,0,10,合庫-彰化,2023-03-07,1028
1337,再生-KY,10,0,10,合庫-彰化,2023-03-07,1028
1783,和康生,10,0,10,合庫-彰化,2023-03-07,1028
2332,友訊,10,0,10,合庫-彰化,2023-03-07,1028
2369,菱生,10,0,10,合庫-彰化,2023-03-07,1028
00900,富邦特選高股息30,11,1,10,合庫-彰化,2023-03-07,1028
00881,國泰台灣5G+,10,0,10,合庫-彰化,2023-03-07,1028
6113,亞矽,10,0,10,合庫-彰化,2023-03-07,1028
6770,力積電,14,4,10,合庫-彰化,2023-03-07,1028
00878,國泰永續高股息,34,25,9,合庫-彰化,2023-03-07,1028
2929,淘帝-KY,10,1,9,合庫-彰化,2023-03-07,1028
2354,鴻準,8,0,8,合庫-彰化,2023-03-07,1028
2926,誠品生活,8,0,8,合庫-彰化,2023-03-07,1028
6590,普鴻,8,0,8,合庫-彰化,2023-03-07,1028
8932,智通*,30,22,8,合庫-彰化,2023-03-07,1028
3265,台星科,347,3,344,合庫-彰化,2023-03-08,1028
1701,中化,233,10,223,合庫-彰化,2023-03-08,1028
00669R,國泰美國道瓊反1,130,0,130,合庫-彰化,2023-03-08,1028
2312,金寶,113,0,113,合庫-彰化,2023-03-08,1028
2890,永豐金,101,0,101,合庫-彰化,2023-03-08,1028
00882,中信中國高股息,97,0,97,合庫-彰化,2023-03-08,1028
1608,華榮,75,0,75,合庫-彰化,2023-03-08,1028
2748,雲品,51,0,51,合庫-彰化,2023-03-08,1028
2801,彰銀,50,0,50,合庫-彰化,2023-03-08,1028
4164,承業醫,52,3,49,合庫-彰化,2023-03-08,1028
6290,良維,51,3,48,合庫-彰化,2023-03-08,1028
1309,台達化,40,0,40,合庫-彰化,2023-03-08,1028
2883,凱基金,41,1,40,合庫-彰化,2023-03-08,1028
5210,寶碩,40,4,36,合庫-彰化,2023-03-08,1028
8111,立��,31,0,31,合庫-彰化,2023-03-08,1028
1709,和益,31,1,30,合庫-彰化,2023-03-08,1028
2845,遠東銀,30,0,30,合庫-彰化,2023-03-08,1028
3481,群創,37,8,29,合庫-彰化,2023-03-08,1028
00923,群益台ESG低碳50,30,4,26,合庫-彰化,2023-03-08,1028
4534,慶騰,26,0,26,合庫-彰化,2023-03-08,1028
00637L,元大滬深300正2,24,0,24,合庫-彰化,2023-03-08,1028
4994,傳奇,23,0,23,合庫-彰化,2023-03-08,1028
1605,華新,27,5,22,合庫-彰化,2023-03-08,1028
4114,健喬,23,1,22,合庫-彰化,2023-03-08,1028
0056,元大高股息,23,3,20,合庫-彰化,2023-03-08,1028
6443,元晶,23,3,20,合庫-彰化,2023-03-08,1028
2368,金像電,25,6,19,合庫-彰化,2023-03-08,1028
3003,健和興,18,1,17,合庫-彰化,2023-03-08,1028
2609,陽明,25,9,16,合庫-彰化,2023-03-08,1028
00753L,中信中國50正2,21,5,16,合庫-彰化,2023-03-08,1028
3552,同致,28,14,14,合庫-彰化,2023-03-08,1028
00885,富邦越南,13,0,13,合庫-彰化,2023-03-08,1028
2618,長榮航,17,4,13,合庫-彰化,2023-03-08,1028
4541,晟田,17,4,13,合庫-彰化,2023-03-08,1028
2454,聯發科,12,0,12,合庫-彰化,2023-03-08,1028
2374,佳能,11,0,11,合庫-彰化,2023-03-08,1028
3060,銘異,11,0,11,合庫-彰化,2023-03-08,1028
8110,華東,11,0,11,合庫-彰化,2023-03-08,1028
1457,宜進,10,0,10,合庫-彰化,2023-03-08,1028
2243,宏旭-KY,10,0,10,合庫-彰化,2023-03-08,1028
2442,新美齊,10,0,10,合庫-彰化,2023-03-08,1028
2888,新光金,10,0,10,合庫-彰化,2023-03-08,1028
4526,東台,10,0,10,合庫-彰化,2023-03-08,1028
5392,能率,10,0,10,合庫-彰化,2023-03-08,1028
6174,安��,10,0,10,合庫-彰化,2023-03-08,1028
2498,宏達電,13,4,9,合庫-彰化,2023-03-08,1028
2886,兆豐金,11,2,9,合庫-彰化,2023-03-08,1028
00905,FT臺灣Smart,8,0,8,合庫-彰化,2023-03-08,1028
2352,佳世達,8,0,8,合庫-彰化,2023-03-08,1028
3045,台灣大,8,0,8,合庫-彰化,2023-03-08,1028
00885,富邦越南,201,0,201,合庫-彰化,2023-03-09,1028
00878,國泰永續高股息,71,0,71,合庫-彰化,2023-03-09,1028
2610,華航,67,11,56,合庫-彰化,2023-03-09,1028
1584,精剛,54,0,54,合庫-彰化,2023-03-09,1028
2352,佳世達,51,0,51,合庫-彰化,2023-03-09,1028
00715L,期街口布蘭特正2,50,0,50,合庫-彰化,2023-03-09,1028
5340,建榮,50,0,50,合庫-彰化,2023-03-09,1028
2027,大成鋼,53,4,49,合庫-彰化,2023-03-09,1028
8155,博智,57,8,49,合庫-彰化,2023-03-09,1028
2890,永豐金,43,0,43,合庫-彰化,2023-03-09,1028
6443,元晶,48,7,41,合庫-彰化,2023-03-09,1028
6226,光鼎,40,0,40,合庫-彰化,2023-03-09,1028
6122,擎邦,36,0,36,合庫-彰化,2023-03-09,1028
3710,連展投控,32,0,32,合庫-彰化,2023-03-09,1028
6548,長科*,41,10,31,合庫-彰化,2023-03-09,1028
911868,同方友友-DR,31,0,31,合庫-彰化,2023-03-09,1028
3083,網龍,28,0,28,合庫-彰化,2023-03-09,1028
6180,橘子,27,0,27,合庫-彰化,2023-03-09,1028
1718,中纖,27,0,27,合庫-彰化,2023-03-09,1028
912000,晨訊科-DR,27,0,27,合庫-彰化,2023-03-09,1028
1506,正道,26,0,26,合庫-彰化,2023-03-09,1028
2368,金像電,28,2,26,合庫-彰化,2023-03-09,1028
1516,川飛,25,0,25,合庫-彰化,2023-03-09,1028
2471,資通,39,14,25,合庫-彰化,2023-03-09,1028
00673R,期元大S＆P原油反1,30,6,24,合庫-彰化,2023-03-09,1028
6190,萬泰科,23,0,23,合庫-彰化,2023-03-09,1028
3481,群創,39,16,23,合庫-彰化,2023-03-09,1028
1701,中化,20,0,20,合庫-彰化,2023-03-09,1028
2002,中鋼,19,0,19,合庫-彰化,2023-03-09,1028
2317,鴻海,17,0,17,合庫-彰化,2023-03-09,1028
3532,台勝科,17,1,16,合庫-彰化,2023-03-09,1028
2208,台船,17,2,15,合庫-彰化,2023-03-09,1028
2243,宏旭-KY,25,10,15,合庫-彰化,2023-03-09,1028
2834,臺企銀,16,1,15,合庫-彰化,2023-03-09,1028
2409,友達,15,1,14,合庫-彰化,2023-03-09,1028
1101,台泥,13,1,12,合庫-彰化,2023-03-09,1028
3029,零壹,15,3,12,合庫-彰化,2023-03-09,1028
3060,銘異,12,0,12,合庫-彰化,2023-03-09,1028
3290,東浦,13,1,12,合庫-彰化,2023-03-09,1028
00712,復華富時不動產,11,0,11,合庫-彰化,2023-03-09,1028
00900,富邦特選高股息30,11,0,11,合庫-彰化,2023-03-09,1028
1513,中興電,19,8,11,合庫-彰化,2023-03-09,1028
8069,元太,21,11,10,合庫-彰化,2023-03-09,1028
8215,明基材,10,0,10,合庫-彰化,2023-03-09,1028
1528,恩德,10,0,10,合庫-彰化,2023-03-09,1028
2106,建大,10,0,10,合庫-彰化,2023-03-09,1028
2455,全新,10,0,10,合庫-彰化,2023-03-09,1028
2754,亞洲藏壽司,10,0,10,合庫-彰化,2023-03-09,1028
3033,威健,10,0,10,合庫-彰化,2023-03-09,1028
3163,波若威,11,1,10,合庫-彰化,2023-03-09,1028
2609,陽明,479,127,352,合庫-彰化,2023-03-10,1028
00642U,期元大S＆P石油,137,0,137,合庫-彰化,2023-03-10,1028
5009,榮剛,140,3,137,合庫-彰化,2023-03-10,1028
00878,國泰永續高股息,106,10,96,合庫-彰化,2023-03-10,1028
2412,中華電,90,0,90,合庫-彰化,2023-03-10,1028
00665L,富邦�琤肭磪囓�2,87,0,87,合庫-彰化,2023-03-10,1028
8155,博智,79,1,78,合庫-彰化,2023-03-10,1028
2885,元大金,66,0,66,合庫-彰化,2023-03-10,1028
6129,普誠,60,1,59,合庫-彰化,2023-03-10,1028
6116,彩晶,67,13,54,合庫-彰化,2023-03-10,1028
2368,金像電,55,5,50,合庫-彰化,2023-03-10,1028
2888,新光金,61,15,46,合庫-彰化,2023-03-10,1028
2812,台中銀,45,0,45,合庫-彰化,2023-03-10,1028
4106,雃博,40,0,40,合庫-彰化,2023-03-10,1028
2610,華航,39,0,39,合庫-彰化,2023-03-10,1028
2618,長榮航,44,5,39,合庫-彰化,2023-03-10,1028
00923,群益台ESG低碳50,37,0,37,合庫-彰化,2023-03-10,1028
00882,中信中國高股息,35,0,35,合庫-彰化,2023-03-10,1028
2801,彰銀,31,1,30,合庫-彰化,2023-03-10,1028
3128,昇銳,30,0,30,合庫-彰化,2023-03-10,1028
0056,元大高股息,44,15,29,合庫-彰化,2023-03-10,1028
1605,華新,34,6,28,合庫-彰化,2023-03-10,1028
5519,隆大,26,0,26,合庫-彰化,2023-03-10,1028
1810,和成,35,10,25,合庫-彰化,2023-03-10,1028
1220,台榮,24,0,24,合庫-彰化,2023-03-10,1028
2457,飛宏,61,39,22,合庫-彰化,2023-03-10,1028
2208,台船,23,3,20,合庫-彰化,2023-03-10,1028
2371,大同,20,0,20,合庫-彰化,2023-03-10,1028
2845,遠東銀,20,0,20,合庫-彰化,2023-03-10,1028
4510,高鋒,20,0,20,合庫-彰化,2023-03-10,1028
911868,同方友友-DR,20,0,20,合庫-彰化,2023-03-10,1028
00900,富邦特選高股息30,26,7,19,合庫-彰化,2023-03-10,1028
2605,新興,19,0,19,合庫-彰化,2023-03-10,1028
1314,中石化,18,0,18,合庫-彰化,2023-03-10,1028
5392,能率,18,0,18,合庫-彰化,2023-03-10,1028
8072,陞泰,18,0,18,合庫-彰化,2023-03-10,1028
2883,凱基金,17,0,17,合庫-彰化,2023-03-10,1028
2891,中信金,17,0,17,合庫-彰化,2023-03-10,1028
2926,誠品生活,16,0,16,合庫-彰化,2023-03-10,1028
1712,興農,15,0,15,合庫-彰化,2023-03-10,1028
2029,盛餘,15,0,15,合庫-彰化,2023-03-10,1028
2929,淘帝-KY,15,0,15,合庫-彰化,2023-03-10,1028
5351,鈺創,37,22,15,合庫-彰化,2023-03-10,1028
6282,康舒,16,1,15,合庫-彰化,2023-03-10,1028
2884,玉山金,14,0,14,合庫-彰化,2023-03-10,1028
2453,凌群,30,16,14,合庫-彰化,2023-03-10,1028
2634,漢翔,21,7,14,合庫-彰化,2023-03-10,1028
1440,南紡,13,0,13,合庫-彰化,2023-03-10,1028
00713,元大台灣高息低波,12,0,12,合庫-彰化,2023-03-10,1028
00753L,中信中國50正2,12,0,12,合庫-彰化,2023-03-10,1028
2888,新光金,1023,7,1016,合庫-彰化,2023-03-13,1028
00632R,元大台灣50反1,400,16,384,合庫-彰化,2023-03-13,1028
00715L,期街口布蘭特正2,208,0,208,合庫-彰化,2023-03-13,1028
4164,承業醫,209,4,205,合庫-彰化,2023-03-13,1028
2882,國泰金,79,5,74,合庫-彰化,2023-03-13,1028
6547,高端疫苗,74,4,70,合庫-彰化,2023-03-13,1028
6129,普誠,50,0,50,合庫-彰化,2023-03-13,1028
6163,華電網,50,0,50,合庫-彰化,2023-03-13,1028
00637L,元大滬深300正2,52,2,50,合庫-彰化,2023-03-13,1028
1309,台達化,40,0,40,合庫-彰化,2023-03-13,1028
5392,能率,35,0,35,合庫-彰化,2023-03-13,1028
00878,國泰永續高股息,124,92,32,合庫-彰化,2023-03-13,1028
3128,昇銳,31,0,31,合庫-彰化,2023-03-13,1028
2634,漢翔,47,17,30,合庫-彰化,2023-03-13,1028
2402,毅嘉,53,27,26,合庫-彰化,2023-03-13,1028
2449,京元電子,32,6,26,合庫-彰化,2023-03-13,1028
6160,欣技,27,1,26,合庫-彰化,2023-03-13,1028
00712,復華富時不動產,46,20,26,合庫-彰化,2023-03-13,1028
5907,大洋-KY,25,0,25,合庫-彰化,2023-03-13,1028
5475,德宏,23,0,23,合庫-彰化,2023-03-13,1028
2371,大同,25,4,21,合庫-彰化,2023-03-13,1028
2328,廣宇,20,0,20,合庫-彰化,2023-03-13,1028
3046,建��,44,24,20,合庫-彰化,2023-03-13,1028
2029,盛餘,18,0,18,合庫-彰化,2023-03-13,1028
2413,環科,47,32,15,合庫-彰化,2023-03-13,1028
3310,佳穎,15,0,15,合庫-彰化,2023-03-13,1028
8069,元太,32,18,14,合庫-彰化,2023-03-13,1028
2890,永豐金,13,0,13,合庫-彰化,2023-03-13,1028
00902,中信電池及儲能,13,0,13,合庫-彰化,2023-03-13,1028
3013,晟銘電,66,53,13,合庫-彰化,2023-03-13,1028
2025,千興,11,0,11,合庫-彰化,2023-03-13,1028
6104,創惟,11,1,10,合庫-彰化,2023-03-13,1028
6136,富爾特,10,0,10,合庫-彰化,2023-03-13,1028
6270,倍微,10,0,10,合庫-彰化,2023-03-13,1028
8024,佑華,10,0,10,合庫-彰化,2023-03-13,1028
1313,聯成,10,0,10,合庫-彰化,2023-03-13,1028
1608,華榮,10,0,10,合庫-彰化,2023-03-13,1028
5321,美而快,10,0,10,合庫-彰化,2023-03-13,1028
00679B,元大美債20年,10,1,9,合庫-彰化,2023-03-13,1028
6582,申豐,9,0,9,合庫-彰化,2023-03-13,1028
4903,聯光通,8,0,8,合庫-彰化,2023-03-13,1028
00751B,元大AAA至A公司債,8,0,8,合庫-彰化,2023-03-13,1028
0056,元大高股息,18,10,8,合庫-彰化,2023-03-13,1028
2880,華南金,8,0,8,合庫-彰化,2023-03-13,1028
2812,台中銀,7,0,7,合庫-彰化,2023-03-13,1028
2834,臺企銀,22,15,7,合庫-彰化,2023-03-13,1028
3024,憶聲,7,0,7,合庫-彰化,2023-03-13,1028
2641,正德,6,0,6,合庫-彰化,2023-03-13,1028
2374,佳能,11,5,6,合庫-彰化,2023-03-13,1028
6235,華孚,23,17,6,合庫-彰化,2023-03-13,1028
00715L,期街口布蘭特正2,609,0,609,合庫-彰化,2023-03-14,1028
2888,新光金,580,0,580,合庫-彰化,2023-03-14,1028
00885,富邦越南,158,0,158,合庫-彰化,2023-03-14,1028
00878,國泰永續高股息,151,5,146,合庫-彰化,2023-03-14,1028
2867,三商壽,89,0,89,合庫-彰化,2023-03-14,1028
3576,聯合再生,85,1,84,合庫-彰化,2023-03-14,1028
1584,精剛,100,20,80,合庫-彰化,2023-03-14,1028
2610,華航,61,0,61,合庫-彰化,2023-03-14,1028
5009,榮剛,61,5,56,合庫-彰化,2023-03-14,1028
6163,華電網,52,0,52,合庫-彰化,2023-03-14,1028
3162,精確,56,7,49,合庫-彰化,2023-03-14,1028
2027,大成鋼,61,14,47,合庫-彰化,2023-03-14,1028
2328,廣宇,31,0,31,合庫-彰化,2023-03-14,1028
2412,中華電,80,50,30,合庫-彰化,2023-03-14,1028
2618,長榮航,49,20,29,合庫-彰化,2023-03-14,1028
2885,元大金,33,5,28,合庫-彰化,2023-03-14,1028
1101,台泥,25,0,25,合庫-彰化,2023-03-14,1028
00642U,期元大S＆P石油,22,0,22,合庫-彰化,2023-03-14,1028
6244,茂迪,82,60,22,合庫-彰化,2023-03-14,1028
3481,群創,22,1,21,合庫-彰化,2023-03-14,1028
1316,上曜,20,0,20,合庫-彰化,2023-03-14,1028
00664R,國泰臺灣加權反1,20,0,20,合庫-彰化,2023-03-14,1028
4106,雃博,20,0,20,合庫-彰化,2023-03-14,1028
00882,中信中國高股息,19,0,19,合庫-彰化,2023-03-14,1028
5880,合庫金,25,7,18,合庫-彰化,2023-03-14,1028
2889,國票金,16,0,16,合庫-彰化,2023-03-14,1028
2883,凱基金,17,2,15,合庫-彰化,2023-03-14,1028
2303,聯電,16,2,14,合庫-彰化,2023-03-14,1028
2388,威盛,28,14,14,合庫-彰化,2023-03-14,1028
6190,萬泰科,14,0,14,合庫-彰化,2023-03-14,1028
2891,中信金,13,0,13,合庫-彰化,2023-03-14,1028
2890,永豐金,13,0,13,合庫-彰化,2023-03-14,1028
8442,威宏-KY,13,0,13,合庫-彰化,2023-03-14,1028
00713,元大台灣高息低波,11,0,11,合庫-彰化,2023-03-14,1028
4164,承業醫,13,2,11,合庫-彰化,2023-03-14,1028
6104,創惟,11,0,11,合庫-彰化,2023-03-14,1028
8069,元太,12,2,10,合庫-彰化,2023-03-14,1028
2886,兆豐金,12,2,10,合庫-彰化,2023-03-14,1028
00917,中信特選金融,10,0,10,合庫-彰化,2023-03-14,1028
00753L,中信中國50正2,10,0,10,合庫-彰化,2023-03-14,1028
00665L,富邦�琤肭磪囓�2,10,0,10,合庫-彰化,2023-03-14,1028
1504,東元,10,0,10,合庫-彰化,2023-03-14,1028
1608,華榮,10,0,10,合庫-彰化,2023-03-14,1028
1718,中纖,10,0,10,合庫-彰化,2023-03-14,1028
3056,富華新,10,0,10,合庫-彰化,2023-03-14,1028
6548,長科*,10,0,10,合庫-彰化,2023-03-14,1028
8110,華東,10,0,10,合庫-彰化,2023-03-14,1028
8933,愛地雅,10,0,10,合庫-彰化,2023-03-14,1028
2887,台新金,9,0,9,合庫-彰化,2023-03-14,1028
2409,友達,9,0,9,合庫-彰化,2023-03-14,1028
00715L,期街口布蘭特正2,886,28,858,合庫-彰化,2023-03-15,1028
00642U,期元大S＆P石油,558,20,538,合庫-彰化,2023-03-15,1028
00878,國泰永續高股息,169,6,163,合庫-彰化,2023-03-15,1028
2388,威盛,125,22,103,合庫-彰化,2023-03-15,1028
6163,華電網,80,0,80,合庫-彰化,2023-03-15,1028
2888,新光金,59,10,49,合庫-彰化,2023-03-15,1028
2603,長榮,100,53,47,合庫-彰化,2023-03-15,1028
5452,佶優,37,1,36,合庫-彰化,2023-03-15,1028
2027,大成鋼,42,8,34,合庫-彰化,2023-03-15,1028
3680,家登,36,5,31,合庫-彰化,2023-03-15,1028
1584,精剛,31,1,30,合庫-彰化,2023-03-15,1028
1312,國喬,26,0,26,合庫-彰化,2023-03-15,1028
2889,國票金,22,0,22,合庫-彰化,2023-03-15,1028
2891,中信金,22,0,22,合庫-彰化,2023-03-15,1028
4106,雃博,22,0,22,合庫-彰化,2023-03-15,1028
8069,元太,24,2,22,合庫-彰化,2023-03-15,1028
4938,和碩,22,1,21,合庫-彰化,2023-03-15,1028
3090,日電貿,21,1,20,合庫-彰化,2023-03-15,1028
0056,元大高股息,21,1,20,合庫-彰化,2023-03-15,1028
6712,長聖,18,0,18,合庫-彰化,2023-03-15,1028
3162,精確,35,18,17,合庫-彰化,2023-03-15,1028
2409,友達,20,4,16,合庫-彰化,2023-03-15,1028
00712,復華富時不動產,16,0,16,合庫-彰化,2023-03-15,1028
9945,潤泰新,16,0,16,合庫-彰化,2023-03-15,1028
3060,銘異,14,0,14,合庫-彰化,2023-03-15,1028
4545,銘鈺,14,0,14,合庫-彰化,2023-03-15,1028
9955,佳龍,14,0,14,合庫-彰化,2023-03-15,1028
2883,凱基金,13,0,13,合庫-彰化,2023-03-15,1028
6109,亞元,13,0,13,合庫-彰化,2023-03-15,1028
2880,華南金,12,0,12,合庫-彰化,2023-03-15,1028
00753L,中信中國50正2,50,38,12,合庫-彰化,2023-03-15,1028
1712,興農,12,0,12,合庫-彰化,2023-03-15,1028
2890,永豐金,12,0,12,合庫-彰化,2023-03-15,1028
00713,元大台灣高息低波,11,0,11,合庫-彰化,2023-03-15,1028
2812,台中銀,12,1,11,合庫-彰化,2023-03-15,1028
2855,統一證,11,0,11,合庫-彰化,2023-03-15,1028
6005,群益證,11,0,11,合庫-彰化,2023-03-15,1028
8390,金益鼎,10,0,10,合庫-彰化,2023-03-15,1028
00900,富邦特選高股息30,10,0,10,合庫-彰化,2023-03-15,1028
1591,駿吉-KY,10,0,10,合庫-彰化,2023-03-15,1028
2885,元大金,11,1,10,合庫-彰化,2023-03-15,1028
3652,精聯,10,0,10,合庫-彰化,2023-03-15,1028
4121,優盛,10,0,10,合庫-彰化,2023-03-15,1028
4576,大銀微系統,10,0,10,合庫-彰化,2023-03-15,1028
5475,德宏,10,0,10,合庫-彰化,2023-03-15,1028
6125,廣運,12,2,10,合庫-彰化,2023-03-15,1028
6190,萬泰科,10,0,10,合庫-彰化,2023-03-15,1028
6196,帆宣,10,0,10,合庫-彰化,2023-03-15,1028
8112,至上,12,2,10,合庫-彰化,2023-03-15,1028
6505,台塑化,10,0,10,合庫-彰化,2023-03-15,1028
00715L,期街口布蘭特正2,485,20,465,合庫-彰化,2023-03-16,1028
2888,新光金,298,35,263,合庫-彰化,2023-03-16,1028
2834,臺企銀,406,274,132,合庫-彰化,2023-03-16,1028
00878,國泰永續高股息,129,0,129,合庫-彰化,2023-03-16,1028
2883,凱基金,125,26,99,合庫-彰化,2023-03-16,1028
1611,中電,59,8,51,合庫-彰化,2023-03-16,1028
6116,彩晶,39,0,39,合庫-彰化,2023-03-16,1028
2885,元大金,33,0,33,合庫-彰化,2023-03-16,1028
5392,能率,32,1,31,合庫-彰化,2023-03-16,1028
2890,永豐金,30,0,30,合庫-彰化,2023-03-16,1028
2884,玉山金,28,1,27,合庫-彰化,2023-03-16,1028
6190,萬泰科,26,0,26,合庫-彰化,2023-03-16,1028
1312,國喬,25,0,25,合庫-彰化,2023-03-16,1028
6122,擎邦,25,0,25,合庫-彰化,2023-03-16,1028
1101,台泥,23,2,21,合庫-彰化,2023-03-16,1028
2812,台中銀,21,0,21,合庫-彰化,2023-03-16,1028
3035,智原,24,3,21,合庫-彰化,2023-03-16,1028
3058,立德,21,0,21,合庫-彰化,2023-03-16,1028
2891,中信金,23,2,21,合庫-彰化,2023-03-16,1028
2243,宏旭-KY,20,0,20,合庫-彰化,2023-03-16,1028
2926,誠品生活,20,0,20,合庫-彰化,2023-03-16,1028
2603,長榮,28,10,18,合庫-彰化,2023-03-16,1028
2371,大同,20,2,18,合庫-彰化,2023-03-16,1028
9105,泰金寶-DR,17,0,17,合庫-彰化,2023-03-16,1028
3062,建漢,19,3,16,合庫-彰化,2023-03-16,1028
1314,中石化,14,0,14,合庫-彰化,2023-03-16,1028
00882,中信中國高股息,14,0,14,合庫-彰化,2023-03-16,1028
6163,華電網,14,0,14,合庫-彰化,2023-03-16,1028
5880,合庫金,16,3,13,合庫-彰化,2023-03-16,1028
2409,友達,23,10,13,合庫-彰化,2023-03-16,1028
3027,盛達,19,6,13,合庫-彰化,2023-03-16,1028
6244,茂迪,24,11,13,合庫-彰化,2023-03-16,1028
2882,國泰金,17,4,13,合庫-彰化,2023-03-16,1028
00642U,期元大S＆P石油,52,40,12,合庫-彰化,2023-03-16,1028
2881,富邦金,14,2,12,合庫-彰化,2023-03-16,1028
2352,佳世達,12,1,11,合庫-彰化,2023-03-16,1028
2801,彰銀,11,0,11,合庫-彰化,2023-03-16,1028
6477,安集,11,0,11,合庫-彰化,2023-03-16,1028
3056,富華新,15,5,10,合庫-彰化,2023-03-16,1028
3706,神達,10,0,10,合庫-彰化,2023-03-16,1028
2534,宏盛,10,0,10,合庫-彰化,2023-03-16,1028
2545,皇翔,10,0,10,合庫-彰化,2023-03-16,1028
2605,新興,11,1,10,合庫-彰化,2023-03-16,1028
4106,雃博,10,0,10,合庫-彰化,2023-03-16,1028
4576,大銀微系統,10,0,10,合庫-彰化,2023-03-16,1028
8150,南茂,10,0,10,合庫-彰化,2023-03-16,1028
8046,南電,10,0,10,合庫-彰化,2023-03-16,1028
6667,信紘科,11,2,9,合庫-彰化,2023-03-16,1028
00713,元大台灣高息低波,15,6,9,合庫-彰化,2023-03-16,1028
2609,陽明,20,12,8,合庫-彰化,2023-03-16,1028
00632R,元大台灣50反1,743,0,743,合庫-彰化,2023-03-17,1028
00715L,期街口布蘭特正2,495,0,495,合庫-彰化,2023-03-17,1028
2834,臺企銀,267,67,200,合庫-彰化,2023-03-17,1028
9921,巨大,105,0,105,合庫-彰化,2023-03-17,1028
5880,合庫金,75,2,73,合庫-彰化,2023-03-17,1028
2412,中華電,50,0,50,合庫-彰化,2023-03-17,1028
6122,擎邦,50,0,50,合庫-彰化,2023-03-17,1028
3704,合勤控,47,0,47,合庫-彰化,2023-03-17,1028
6443,元晶,90,56,34,合庫-彰化,2023-03-17,1028
00878,國泰永續高股息,40,8,32,合庫-彰化,2023-03-17,1028
2352,佳世達,30,2,28,合庫-彰化,2023-03-17,1028
2399,映泰,31,3,28,合庫-彰化,2023-03-17,1028
9955,佳龍,32,4,28,合庫-彰化,2023-03-17,1028
2891,中信金,25,2,23,合庫-彰化,2023-03-17,1028
2609,陽明,21,2,19,合庫-彰化,2023-03-17,1028
2883,凱基金,19,0,19,合庫-彰化,2023-03-17,1028
00713,元大台灣高息低波,16,0,16,合庫-彰化,2023-03-17,1028
6515,穎崴,15,0,15,合庫-彰化,2023-03-17,1028
4121,優盛,15,0,15,合庫-彰化,2023-03-17,1028
2888,新光金,13,0,13,合庫-彰化,2023-03-17,1028
0056,元大高股息,12,0,12,合庫-彰化,2023-03-17,1028
2388,威盛,22,10,12,合庫-彰化,2023-03-17,1028
1609,大亞,11,0,11,合庫-彰化,2023-03-17,1028
9904,寶成,17,6,11,合庫-彰化,2023-03-17,1028
1326,台化,10,0,10,合庫-彰化,2023-03-17,1028
1101,台泥,10,0,10,合庫-彰化,2023-03-17,1028
1701,中化,10,0,10,合庫-彰化,2023-03-17,1028
2402,毅嘉,12,2,10,合庫-彰化,2023-03-17,1028
4106,雃博,10,0,10,合庫-彰化,2023-03-17,1028
5381,合正,10,0,10,合庫-彰化,2023-03-17,1028
9941,裕融,10,0,10,合庫-彰化,2023-03-17,1028
2867,三商壽,9,0,9,合庫-彰化,2023-03-17,1028
4934,太極,11,2,9,合庫-彰化,2023-03-17,1028
00902,中信電池及儲能,11,3,8,合庫-彰化,2023-03-17,1028
00642U,期元大S＆P石油,8,0,8,合庫-彰化,2023-03-17,1028
2634,漢翔,21,13,8,合庫-彰化,2023-03-17,1028
6485,點序,8,0,8,合庫-彰化,2023-03-17,1028
2457,飛宏,30,23,7,合庫-彰化,2023-03-17,1028
6547,高端疫苗,7,0,7,合庫-彰化,2023-03-17,1028
2892,第一金,7,1,6,合庫-彰化,2023-03-17,1028
2610,華航,16,10,6,合庫-彰化,2023-03-17,1028
3046,建��,7,1,6,合庫-彰化,2023-03-17,1028
3162,精確,30,24,6,合庫-彰化,2023-03-17,1028
6235,華孚,76,70,6,合庫-彰化,2023-03-17,1028
2489,瑞軒,5,0,5,合庫-彰化,2023-03-17,1028
1513,中興電,11,6,5,合庫-彰化,2023-03-17,1028
2908,特力,5,0,5,合庫-彰化,2023-03-17,1028
2929,淘帝-KY,5,0,5,合庫-彰化,2023-03-17,1028
3236,千如,6,1,5,合庫-彰化,2023-03-17,1028
6605,帝寶,5,0,5,合庫-彰化,2023-03-17,1028
00715L,期街口布蘭特正2,244,14,230,合庫-彰化,2023-03-20,1028
2867,三商壽,206,0,206,合庫-彰化,2023-03-20,1028
6290,良維,182,11,171,合庫-彰化,2023-03-20,1028
2888,新光金,129,24,105,合庫-彰化,2023-03-20,1028
00878,國泰永續高股息,84,2,82,合庫-彰化,2023-03-20,1028
00885,富邦越南,81,0,81,合庫-彰化,2023-03-20,1028
9921,巨大,72,0,72,合庫-彰化,2023-03-20,1028
5880,合庫金,65,0,65,合庫-彰化,2023-03-20,1028
2881,富邦金,63,0,63,合庫-彰化,2023-03-20,1028
3576,聯合再生,54,3,51,合庫-彰化,2023-03-20,1028
2890,永豐金,66,15,51,合庫-彰化,2023-03-20,1028
00665L,富邦�琤肭磪囓�2,45,0,45,合庫-彰化,2023-03-20,1028
2104,國際中橡,36,0,36,合庫-彰化,2023-03-20,1028
4438,廣越,31,0,31,合庫-彰化,2023-03-20,1028
2243,宏旭-KY,29,0,29,合庫-彰化,2023-03-20,1028
2368,金像電,29,0,29,合庫-彰化,2023-03-20,1028
2812,台中銀,20,0,20,合庫-彰化,2023-03-20,1028
2882,國泰金,21,1,20,合庫-彰化,2023-03-20,1028
00902,中信電池及儲能,21,2,19,合庫-彰化,2023-03-20,1028
3029,零壹,36,18,18,合庫-彰化,2023-03-20,1028
8440,綠電,15,0,15,合庫-彰化,2023-03-20,1028
1423,利華,13,0,13,合庫-彰化,2023-03-20,1028
1712,興農,12,0,12,合庫-彰化,2023-03-20,1028
3669,圓展,12,0,12,合庫-彰化,2023-03-20,1028
00713,元大台灣高息低波,11,0,11,合庫-彰化,2023-03-20,1028
00673R,期元大S＆P原油反1,15,4,11,合庫-彰化,2023-03-20,1028
00633L,富邦上証正2,10,0,10,合庫-彰化,2023-03-20,1028
00753L,中信中國50正2,10,0,10,合庫-彰化,2023-03-20,1028
00908,富邦入息REITs+,10,0,10,合庫-彰化,2023-03-20,1028
1733,五鼎,10,0,10,合庫-彰化,2023-03-20,1028
2495,普安,10,0,10,合庫-彰化,2023-03-20,1028
2705,六福,10,0,10,合庫-彰化,2023-03-20,1028
2897,王道銀行,10,0,10,合庫-彰化,2023-03-20,1028
4116,明基醫,10,0,10,合庫-彰化,2023-03-20,1028
5475,德宏,10,0,10,合庫-彰化,2023-03-20,1028
6122,擎邦,10,0,10,合庫-彰化,2023-03-20,1028
6592,和潤企業,10,0,10,合庫-彰化,2023-03-20,1028
2891,中信金,10,1,9,合庫-彰化,2023-03-20,1028
1316,上曜,10,2,8,合庫-彰化,2023-03-20,1028
1702,南僑,8,0,8,合庫-彰化,2023-03-20,1028
1442,名軒,7,0,7,合庫-彰化,2023-03-20,1028
2915,潤泰全,7,0,7,合庫-彰化,2023-03-20,1028
8033,雷虎,8,1,7,合庫-彰化,2023-03-20,1028
2892,第一金,7,1,6,合庫-彰化,2023-03-20,1028
2331,精英,6,0,6,合庫-彰化,2023-03-20,1028
3455,由田,6,0,6,合庫-彰化,2023-03-20,1028
4915,致伸,6,0,6,合庫-彰化,2023-03-20,1028
6865,偉康科技,6,0,6,合庫-彰化,2023-03-20,1028
8255,朋程,6,0,6,合庫-彰化,2023-03-20,1028
2880,華南金,7,1,6,合庫-彰化,2023-03-20,1028
00885,富邦越南,209,0,209,合庫-彰化,2023-03-21,1028
2344,華邦電,146,17,129,合庫-彰化,2023-03-21,1028
6865,偉康科技,51,0,51,合庫-彰化,2023-03-21,1028
2368,金像電,77,33,44,合庫-彰化,2023-03-21,1028
4906,正文,30,0,30,合庫-彰化,2023-03-21,1028
1309,台達化,28,0,28,合庫-彰化,2023-03-21,1028
5880,合庫金,31,4,27,合庫-彰化,2023-03-21,1028
2528,皇普,22,0,22,合庫-彰化,2023-03-21,1028
3272,東碩,23,1,22,合庫-彰化,2023-03-21,1028
3711,日月光投控,21,0,21,合庫-彰化,2023-03-21,1028
8936,國統,21,0,21,合庫-彰化,2023-03-21,1028
00674R,期元大S＆P黃金反1,20,0,20,合庫-彰化,2023-03-21,1028
1907,永豐餘,20,0,20,合庫-彰化,2023-03-21,1028
3027,盛達,25,6,19,合庫-彰化,2023-03-21,1028
2453,凌群,64,46,18,合庫-彰化,2023-03-21,1028
6125,廣運,20,2,18,合庫-彰化,2023-03-21,1028
3310,佳穎,15,0,15,合庫-彰化,2023-03-21,1028
2884,玉山金,23,9,14,合庫-彰化,2023-03-21,1028
3691,碩禾,14,1,13,合庫-彰化,2023-03-21,1028
2609,陽明,13,1,12,合庫-彰化,2023-03-21,1028
2392,正崴,11,0,11,合庫-彰化,2023-03-21,1028
6206,飛捷,11,0,11,合庫-彰化,2023-03-21,1028
00632R,元大台灣50反1,10,0,10,合庫-彰化,2023-03-21,1028
3686,達能,10,0,10,合庫-彰化,2023-03-21,1028
4960,誠美材,10,0,10,合庫-彰化,2023-03-21,1028
5512,力麒,10,0,10,合庫-彰化,2023-03-21,1028
00878,國泰永續高股息,11,1,10,合庫-彰化,2023-03-21,1028
6112,邁達特,9,0,9,合庫-彰化,2023-03-21,1028
6244,茂迪,36,27,9,合庫-彰化,2023-03-21,1028
2409,友達,9,1,8,合庫-彰化,2023-03-21,1028
6753,龍德造船,8,0,8,合庫-彰化,2023-03-21,1028
2881,富邦金,8,0,8,合庫-彰化,2023-03-21,1028
00679B,元大美債20年,9,2,7,合庫-彰化,2023-03-21,1028
2498,宏達電,14,7,7,合庫-彰化,2023-03-21,1028
2449,京元電子,10,3,7,合庫-彰化,2023-03-21,1028
1795,美時,6,0,6,合庫-彰化,2023-03-21,1028
3056,富華新,6,0,6,合庫-彰化,2023-03-21,1028
1605,華新,10,5,5,合庫-彰化,2023-03-21,1028
00752,中信中國50,5,0,5,合庫-彰化,2023-03-21,1028
1503,士電,6,1,5,合庫-彰化,2023-03-21,1028
1314,中石化,5,0,5,合庫-彰化,2023-03-21,1028
1903,士紙,5,0,5,合庫-彰化,2023-03-21,1028
2105,正新,5,0,5,合庫-彰化,2023-03-21,1028
2108,南帝,5,0,5,合庫-彰化,2023-03-21,1028
2352,佳世達,5,0,5,合庫-彰化,2023-03-21,1028
2367,燿華,5,0,5,合庫-彰化,2023-03-21,1028
2387,精元,7,2,5,合庫-彰化,2023-03-21,1028
2406,國碩,10,5,5,合庫-彰化,2023-03-21,1028
2495,普安,5,0,5,合庫-彰化,2023-03-21,1028
2867,三商壽,5,0,5,合庫-彰化,2023-03-21,1028
2888,新光金,222,0,222,合庫-彰化,2023-03-22,1028
6733,博晟生醫,121,0,121,合庫-彰化,2023-03-22,1028
8358,金居,119,0,119,合庫-彰化,2023-03-22,1028
1584,精剛,112,0,112,合庫-彰化,2023-03-22,1028
00715L,期街口布蘭特正2,111,0,111,合庫-彰化,2023-03-22,1028
4967,十銓,102,1,101,合庫-彰化,2023-03-22,1028
2104,國際中橡,100,0,100,合庫-彰化,2023-03-22,1028
2457,飛宏,120,39,81,合庫-彰化,2023-03-22,1028
3310,佳穎,63,1,62,合庫-彰化,2023-03-22,1028
2528,皇普,41,0,41,合庫-彰化,2023-03-22,1028
5381,合正,41,0,41,合庫-彰化,2023-03-22,1028
9914,美利達,40,0,40,合庫-彰化,2023-03-22,1028
5701,劍湖山,30,0,30,合庫-彰化,2023-03-22,1028
9955,佳龍,31,1,30,合庫-彰化,2023-03-22,1028
2618,長榮航,34,5,29,合庫-彰化,2023-03-22,1028
3059,華晶科,30,6,24,合庫-彰化,2023-03-22,1028
00632R,元大台灣50反1,30,10,20,合庫-彰化,2023-03-22,1028
2427,三商電,25,5,20,合庫-彰化,2023-03-22,1028
2029,盛餘,18,0,18,合庫-彰化,2023-03-22,1028
4106,雃博,18,0,18,合庫-彰化,2023-03-22,1028
3058,立德,16,0,16,合庫-彰化,2023-03-22,1028
1504,東元,20,6,14,合庫-彰化,2023-03-22,1028
1605,華新,23,9,14,合庫-彰化,2023-03-22,1028
5009,榮剛,18,4,14,合庫-彰化,2023-03-22,1028
6244,茂迪,20,7,13,合庫-彰化,2023-03-22,1028
00679B,元大美債20年,16,4,12,合庫-彰化,2023-03-22,1028
2034,允強,12,0,12,合庫-彰化,2023-03-22,1028
3691,碩禾,12,0,12,合庫-彰化,2023-03-22,1028
6167,久正,12,0,12,合庫-彰化,2023-03-22,1028
1718,中纖,11,0,11,合庫-彰化,2023-03-22,1028
1776,展宇,11,0,11,合庫-彰化,2023-03-22,1028
6863,永道-KY,11,0,11,合庫-彰化,2023-03-22,1028
1524,耿鼎,11,1,10,合庫-彰化,2023-03-22,1028
2442,新美齊,10,0,10,合庫-彰化,2023-03-22,1028
3162,精確,16,6,10,合庫-彰化,2023-03-22,1028
8996,高力,10,0,10,合庫-彰化,2023-03-22,1028
3715,定穎投控,10,1,9,合庫-彰化,2023-03-22,1028
9904,寶成,9,0,9,合庫-彰化,2023-03-22,1028
6266,泰詠,13,4,9,合庫-彰化,2023-03-22,1028
00902,中信電池及儲能,12,4,8,合庫-彰化,2023-03-22,1028
1513,中興電,10,2,8,合庫-彰化,2023-03-22,1028
2891,中信金,14,6,8,合庫-彰化,2023-03-22,1028
6288,聯嘉,10,2,8,合庫-彰化,2023-03-22,1028
00712,復華富時不動產,17,10,7,合庫-彰化,2023-03-22,1028
4934,太極,11,4,7,合庫-彰化,2023-03-22,1028
6582,申豐,7,0,7,合庫-彰化,2023-03-22,1028
8201,無敵,7,0,7,合庫-彰化,2023-03-22,1028
00772B,中信高評級公司債,6,0,6,合庫-彰化,2023-03-22,1028
1519,華城,7,1,6,合庫-彰化,2023-03-22,1028
2344,華邦電,6,0,6,合庫-彰化,2023-03-22,1028
1312,國喬,1217,0,1217,合庫-彰化,2023-03-23,1028
8358,金居,121,1,120,合庫-彰化,2023-03-23,1028
2615,萬海,101,0,101,合庫-彰化,2023-03-23,1028
1584,精剛,74,4,70,合庫-彰化,2023-03-23,1028
5009,榮剛,71,5,66,合庫-彰化,2023-03-23,1028
3481,群創,65,1,64,合庫-彰化,2023-03-23,1028
2402,毅嘉,88,28,60,合庫-彰化,2023-03-23,1028
8011,台通,59,4,55,合庫-彰化,2023-03-23,1028
6770,力積電,52,2,50,合庫-彰化,2023-03-23,1028
2633,台灣高鐵,50,2,48,合庫-彰化,2023-03-23,1028
00674R,期元大S＆P黃金反1,40,0,40,合庫-彰化,2023-03-23,1028
00753L,中信中國50正2,90,50,40,合庫-彰化,2023-03-23,1028
00898,國泰基因免疫革命,30,0,30,合庫-彰化,2023-03-23,1028
2618,長榮航,39,10,29,合庫-彰化,2023-03-23,1028
2845,遠東銀,30,1,29,合庫-彰化,2023-03-23,1028
1526,日馳,26,0,26,合庫-彰化,2023-03-23,1028
8996,高力,39,13,26,合庫-彰化,2023-03-23,1028
6446,藥華藥,26,2,24,合庫-彰化,2023-03-23,1028
8155,博智,25,1,24,合庫-彰化,2023-03-23,1028
1712,興農,22,0,22,合庫-彰化,2023-03-23,1028
00909,國泰數位支付服務,20,0,20,合庫-彰化,2023-03-23,1028
2025,千興,20,0,20,合庫-彰化,2023-03-23,1028
2368,金像電,21,1,20,合庫-彰化,2023-03-23,1028
3710,連展投控,19,0,19,合庫-彰化,2023-03-23,1028
1714,和桐,20,2,18,合庫-彰化,2023-03-23,1028
00908,富邦入息REITs+,14,0,14,合庫-彰化,2023-03-23,1028
1605,華新,27,13,14,合庫-彰化,2023-03-23,1028
2609,陽明,15,2,13,合庫-彰化,2023-03-23,1028
5410,國眾,13,0,13,合庫-彰化,2023-03-23,1028
00885,富邦越南,12,0,12,合庫-彰化,2023-03-23,1028
2453,凌群,16,4,12,合庫-彰化,2023-03-23,1028
2105,正新,15,4,11,合庫-彰化,2023-03-23,1028
2880,華南金,11,0,11,合庫-彰化,2023-03-23,1028
3056,富華新,11,0,11,合庫-彰化,2023-03-23,1028
6282,康舒,13,2,11,合庫-彰化,2023-03-23,1028
00905,FT臺灣Smart,10,0,10,合庫-彰化,2023-03-23,1028
1319,東陽,10,0,10,合庫-彰化,2023-03-23,1028
3105,穩懋,10,0,10,合庫-彰化,2023-03-23,1028
4967,十銓,27,17,10,合庫-彰化,2023-03-23,1028
6143,振曜,11,1,10,合庫-彰化,2023-03-23,1028
2002,中鋼,10,1,9,合庫-彰化,2023-03-23,1028
2427,三商電,13,4,9,合庫-彰化,2023-03-23,1028
2605,新興,12,3,9,合庫-彰化,2023-03-23,1028
6188,廣明,10,2,8,合庫-彰化,2023-03-23,1028
1529,樂事綠能,13,5,8,合庫-彰化,2023-03-23,1028
2331,精英,11,3,8,合庫-彰化,2023-03-23,1028
6275,元山,8,0,8,合庫-彰化,2023-03-23,1028
00882,中信中國高股息,7,0,7,合庫-彰化,2023-03-23,1028
3035,智原,11,4,7,合庫-彰化,2023-03-23,1028
00712,復華富時不動產,6,0,6,合庫-彰化,2023-03-23,1028
1312,國喬,500,134,366,合庫-彰化,2023-03-24,1028
00753L,中信中國50正2,118,0,118,合庫-彰化,2023-03-24,1028
4967,十銓,100,6,94,合庫-彰化,2023-03-24,1028
9921,巨大,92,0,92,合庫-彰化,2023-03-24,1028
3432,台端,83,0,83,合庫-彰化,2023-03-24,1028
3029,零壹,81,3,78,合庫-彰化,2023-03-24,1028
3013,晟銘電,56,7,49,合庫-彰化,2023-03-24,1028
1216,統一,60,14,46,合庫-彰化,2023-03-24,1028
2427,三商電,45,0,45,合庫-彰化,2023-03-24,1028
1584,精剛,73,30,43,合庫-彰化,2023-03-24,1028
2105,正新,56,19,37,合庫-彰化,2023-03-24,1028
00713,元大台灣高息低波,36,6,30,合庫-彰化,2023-03-24,1028
2615,萬海,30,0,30,合庫-彰化,2023-03-24,1028
6120,達運,30,0,30,合庫-彰化,2023-03-24,1028
3704,合勤控,28,0,28,合庫-彰化,2023-03-24,1028
5009,榮剛,27,5,22,合庫-彰化,2023-03-24,1028
6160,欣技,23,1,22,合庫-彰化,2023-03-24,1028
6606,建德工業,21,1,20,合庫-彰化,2023-03-24,1028
2453,凌群,31,12,19,合庫-彰化,2023-03-24,1028
5392,能率,19,0,19,合庫-彰化,2023-03-24,1028
00712,復華富時不動產,17,0,17,合庫-彰化,2023-03-24,1028
6122,擎邦,22,5,17,合庫-彰化,2023-03-24,1028
6733,博晟生醫,17,0,17,合庫-彰化,2023-03-24,1028
2029,盛餘,16,0,16,合庫-彰化,2023-03-24,1028
00772B,中信高評級公司債,14,0,14,合庫-彰化,2023-03-24,1028
1504,東元,26,14,12,合庫-彰化,2023-03-24,1028
8176,智捷,12,0,12,合庫-彰化,2023-03-24,1028
1609,大亞,27,16,11,合庫-彰化,2023-03-24,1028
2883,凱基金,11,0,11,合庫-彰化,2023-03-24,1028
6789,采鈺,11,1,10,合庫-彰化,2023-03-24,1028
1708,東鹼,10,0,10,合庫-彰化,2023-03-24,1028
1712,興農,10,0,10,合庫-彰化,2023-03-24,1028
1718,中纖,10,0,10,合庫-彰化,2023-03-24,1028
2431,聯昌,10,0,10,合庫-彰化,2023-03-24,1028
2489,瑞軒,10,0,10,合庫-彰化,2023-03-24,1028
3491,昇達科,10,0,10,合庫-彰化,2023-03-24,1028
8070,長華*,11,1,10,合庫-彰化,2023-03-24,1028
2368,金像電,11,2,9,合庫-彰化,2023-03-24,1028
00715L,期街口布蘭特正2,30,21,9,合庫-彰化,2023-03-24,1028
1513,中興電,12,3,9,合庫-彰化,2023-03-24,1028
6125,廣運,8,0,8,合庫-彰化,2023-03-24,1028
1536,和大,7,0,7,合庫-彰化,2023-03-24,1028
2104,國際中橡,8,1,7,合庫-彰化,2023-03-24,1028
2419,仲琦,7,0,7,合庫-彰化,2023-03-24,1028
3363,上詮,7,0,7,合庫-彰化,2023-03-24,1028
2891,中信金,7,1,6,合庫-彰化,2023-03-24,1028
1711,永光,6,0,6,合庫-彰化,2023-03-24,1028
2618,長榮航,13,7,6,合庫-彰化,2023-03-24,1028
4915,致伸,8,2,6,合庫-彰化,2023-03-24,1028
4966,譜瑞-KY,6,0,6,合庫-彰化,2023-03-24,1028
1312,國喬,128,0,128,合庫-彰化,2023-03-27,1028
2029,盛餘,86,0,86,合庫-彰化,2023-03-27,1028
00882,中信中國高股息,66,0,66,合庫-彰化,2023-03-27,1028
00715L,期街口布蘭特正2,65,0,65,合庫-彰化,2023-03-27,1028
2731,雄獅,46,0,46,合庫-彰化,2023-03-27,1028
2834,臺企銀,47,3,44,合庫-彰化,2023-03-27,1028
3231,緯創,47,9,38,合庫-彰化,2023-03-27,1028
1605,華新,40,5,35,合庫-彰化,2023-03-27,1028
00885,富邦越南,33,0,33,合庫-彰化,2023-03-27,1028
2889,國票金,31,0,31,合庫-彰化,2023-03-27,1028
6288,聯嘉,38,7,31,合庫-彰化,2023-03-27,1028
5315,光聯,30,0,30,合庫-彰化,2023-03-27,1028
2615,萬海,30,0,30,合庫-彰化,2023-03-27,1028
2897,王道銀行,30,0,30,合庫-彰化,2023-03-27,1028
1101,台泥,37,10,27,合庫-彰化,2023-03-27,1028
3033,威健,25,0,25,合庫-彰化,2023-03-27,1028
2457,飛宏,59,35,24,合庫-彰化,2023-03-27,1028
6116,彩晶,22,0,22,合庫-彰化,2023-03-27,1028
2104,國際中橡,22,1,21,合庫-彰化,2023-03-27,1028
4174,浩鼎,21,0,21,合庫-彰化,2023-03-27,1028
00674R,期元大S＆P黃金反1,20,0,20,合庫-彰化,2023-03-27,1028
5392,能率,20,0,20,合庫-彰化,2023-03-27,1028
5011,久陽,20,1,19,合庫-彰化,2023-03-27,1028
2371,大同,27,11,16,合庫-彰化,2023-03-27,1028
5203,訊連,25,9,16,合庫-彰化,2023-03-27,1028
1504,東元,18,3,15,合庫-彰化,2023-03-27,1028
1519,華城,17,2,15,合庫-彰化,2023-03-27,1028
1532,勤美,15,0,15,合庫-彰化,2023-03-27,1028
2867,三商壽,15,0,15,合庫-彰化,2023-03-27,1028
8033,雷虎,21,8,13,合庫-彰化,2023-03-27,1028
9921,巨大,13,0,13,合庫-彰化,2023-03-27,1028
9945,潤泰新,13,0,13,合庫-彰化,2023-03-27,1028
3714,富采,24,12,12,合庫-彰化,2023-03-27,1028
1907,永豐餘,12,0,12,合庫-彰化,2023-03-27,1028
5388,中磊,12,0,12,合庫-彰化,2023-03-27,1028
1712,興農,11,0,11,合庫-彰化,2023-03-27,1028
2002,中鋼,11,0,11,合庫-彰化,2023-03-27,1028
4106,雃博,11,0,11,合庫-彰化,2023-03-27,1028
00650L,復華香港正2,10,0,10,合庫-彰化,2023-03-27,1028
00633L,富邦上証正2,10,0,10,合庫-彰化,2023-03-27,1028
2427,三商電,10,0,10,合庫-彰化,2023-03-27,1028
00713,元大台灣高息低波,9,0,9,合庫-彰化,2023-03-27,1028
2206,三陽工業,10,1,9,合庫-彰化,2023-03-27,1028
3264,欣銓,9,0,9,合庫-彰化,2023-03-27,1028
3715,定穎投控,32,23,9,合庫-彰化,2023-03-27,1028
5353,台林,9,0,9,合庫-彰化,2023-03-27,1028
8358,金居,10,1,9,合庫-彰化,2023-03-27,1028
1513,中興電,13,5,8,合庫-彰化,2023-03-27,1028
6244,茂迪,61,53,8,合庫-彰化,2023-03-27,1028
1718,中纖,7,0,7,合庫-彰化,2023-03-27,1028
6274,台燿,181,4,177,合庫-彰化,2023-03-28,1028
00753L,中信中國50正2,100,0,100,合庫-彰化,2023-03-28,1028
6233,旺玖,100,0,100,合庫-彰化,2023-03-28,1028
00922,國泰台灣領袖50,53,0,53,合庫-彰化,2023-03-28,1028
00679B,元大美債20年,41,0,41,合庫-彰化,2023-03-28,1028
00878,國泰永續高股息,38,4,34,合庫-彰化,2023-03-28,1028
2104,國際中橡,28,0,28,合庫-彰化,2023-03-28,1028
00882,中信中國高股息,27,0,27,合庫-彰化,2023-03-28,1028
2340,台亞,25,0,25,合庫-彰化,2023-03-28,1028
1101,台泥,23,0,23,合庫-彰化,2023-03-28,1028
2029,盛餘,22,0,22,合庫-彰化,2023-03-28,1028
3037,欣興,23,1,22,合庫-彰化,2023-03-28,1028
1605,華新,30,9,21,合庫-彰化,2023-03-28,1028
00772B,中信高評級公司債,21,0,21,合庫-彰化,2023-03-28,1028
1711,永光,20,0,20,合庫-彰化,2023-03-28,1028
2402,毅嘉,22,2,20,合庫-彰化,2023-03-28,1028
2867,三商壽,20,0,20,合庫-彰化,2023-03-28,1028
8046,南電,22,2,20,合庫-彰化,2023-03-28,1028
9958,世紀鋼,21,2,19,合庫-彰化,2023-03-28,1028
2413,環科,16,0,16,合庫-彰化,2023-03-28,1028
4541,晟田,28,12,16,合庫-彰化,2023-03-28,1028
5222,全訊,14,0,14,合庫-彰化,2023-03-28,1028
6456,GIS-KY,14,0,14,合庫-彰化,2023-03-28,1028
0056,元大高股息,21,8,13,合庫-彰化,2023-03-28,1028
00720B,元大投資級公司債,11,0,11,合庫-彰化,2023-03-28,1028
4545,銘鈺,11,0,11,合庫-彰化,2023-03-28,1028
6125,廣運,11,0,11,合庫-彰化,2023-03-28,1028
1210,大成,10,0,10,合庫-彰化,2023-03-28,1028
00633L,富邦上証正2,10,0,10,合庫-彰化,2023-03-28,1028
3028,增你強,10,0,10,合庫-彰化,2023-03-28,1028
4105,東洋,10,0,10,合庫-彰化,2023-03-28,1028
5392,能率,10,0,10,合庫-彰化,2023-03-28,1028
6733,博晟生醫,10,0,10,合庫-彰化,2023-03-28,1028
00713,元大台灣高息低波,9,0,9,合庫-彰化,2023-03-28,1028
2002,中鋼,10,1,9,合庫-彰化,2023-03-28,1028
2332,友訊,21,12,9,合庫-彰化,2023-03-28,1028
3481,群創,14,6,8,合庫-彰化,2023-03-28,1028
1524,耿鼎,8,0,8,合庫-彰化,2023-03-28,1028
2453,凌群,16,8,8,合庫-彰化,2023-03-28,1028
00773B,中信優先金融債,7,0,7,合庫-彰化,2023-03-28,1028
00712,復華富時不動產,7,0,7,合庫-彰化,2023-03-28,1028
2498,宏達電,10,3,7,合庫-彰化,2023-03-28,1028
2609,陽明,7,0,7,合庫-彰化,2023-03-28,1028
5388,中磊,8,1,7,合庫-彰化,2023-03-28,1028
6197,佳必琪,7,0,7,合庫-彰化,2023-03-28,1028
3607,谷崧,6,0,6,合庫-彰化,2023-03-28,1028
6240,松崗,8,2,6,合庫-彰化,2023-03-28,1028
8033,雷虎,6,0,6,合庫-彰化,2023-03-28,1028
8261,富鼎,6,0,6,合庫-彰化,2023-03-28,1028
1504,東元,5,0,5,合庫-彰化,2023-03-28,1028
1312,國喬,100,0,100,合庫-彰化,2023-03-29,1028
3017,奇鋐,120,39,81,合庫-彰化,2023-03-29,1028
2883,凱基金,64,0,64,合庫-彰化,2023-03-29,1028
3715,定穎投控,89,47,42,合庫-彰化,2023-03-29,1028
2867,三商壽,51,10,41,合庫-彰化,2023-03-29,1028
2303,聯電,43,10,33,合庫-彰化,2023-03-29,1028
1584,精剛,52,30,22,合庫-彰化,2023-03-29,1028
2436,偉詮電,22,1,21,合庫-彰化,2023-03-29,1028
1591,駿吉-KY,20,0,20,合庫-彰化,2023-03-29,1028
5347,世界,20,0,20,合庫-彰化,2023-03-29,1028
2438,翔耀,18,0,18,合庫-彰化,2023-03-29,1028
2330,台積電,17,0,17,合庫-彰化,2023-03-29,1028
00679B,元大美債20年,17,0,17,合庫-彰化,2023-03-29,1028
6188,廣明,20,3,17,合庫-彰化,2023-03-29,1028
2609,陽明,15,0,15,合庫-彰化,2023-03-29,1028
6861,睿生光電,15,0,15,合庫-彰化,2023-03-29,1028
00922,國泰台灣領袖50,11,0,11,合庫-彰化,2023-03-29,1028
3264,欣銓,11,0,11,合庫-彰化,2023-03-29,1028
6288,聯嘉,13,2,11,合庫-彰化,2023-03-29,1028
6443,元晶,14,3,11,合庫-彰化,2023-03-29,1028
6770,力積電,11,0,11,合庫-彰化,2023-03-29,1028
1220,台榮,10,0,10,合庫-彰化,2023-03-29,1028
2535,達欣工,10,0,10,合庫-彰化,2023-03-29,1028
3653,健策,35,25,10,合庫-彰化,2023-03-29,1028
6456,GIS-KY,10,0,10,合庫-彰化,2023-03-29,1028
3105,穩懋,10,1,9,合庫-彰化,2023-03-29,1028
3272,東碩,21,12,9,合庫-彰化,2023-03-29,1028
4545,銘鈺,9,0,9,合庫-彰化,2023-03-29,1028
6116,彩晶,20,11,9,合庫-彰化,2023-03-29,1028
2382,廣達,29,20,9,合庫-彰化,2023-03-29,1028
3035,智原,13,5,8,合庫-彰化,2023-03-29,1028
00878,國泰永續高股息,21,13,8,合庫-彰化,2023-03-29,1028
00772B,中信高評級公司債,7,0,7,合庫-彰化,2023-03-29,1028
00720B,元大投資級公司債,7,0,7,合庫-彰化,2023-03-29,1028
3290,東浦,7,0,7,合庫-彰化,2023-03-29,1028
5516,雙喜,7,0,7,合庫-彰化,2023-03-29,1028
6163,華電網,10,3,7,合庫-彰化,2023-03-29,1028
6220,岳豐,7,0,7,合庫-彰化,2023-03-29,1028
6274,台燿,7,0,7,合庫-彰化,2023-03-29,1028
1712,興農,16,10,6,合庫-彰化,2023-03-29,1028
2106,建大,6,0,6,合庫-彰化,2023-03-29,1028
2344,華邦電,6,0,6,合庫-彰化,2023-03-29,1028
2603,長榮,8,2,6,合庫-彰化,2023-03-29,1028
4907,富宇,6,0,6,合庫-彰化,2023-03-29,1028
4930,燦星網,6,0,6,合庫-彰化,2023-03-29,1028
00680L,元大美債20正2,5,0,5,合庫-彰化,2023-03-29,1028
00712,復華富時不動產,5,0,5,合庫-彰化,2023-03-29,1028
1529,樂事綠能,5,0,5,合庫-彰化,2023-03-29,1028
1776,展宇,5,0,5,合庫-彰化,2023-03-29,1028
2028,威致,5,0,5,合庫-彰化,2023-03-29,1028
2889,國票金,143,0,143,合庫-彰化,2023-03-30,1028
00715L,期街口布蘭特正2,81,0,81,合庫-彰化,2023-03-30,1028
2867,三商壽,84,11,73,合庫-彰化,2023-03-30,1028
2029,盛餘,64,0,64,合庫-彰化,2023-03-30,1028
00712,復華富時不動產,51,0,51,合庫-彰化,2023-03-30,1028
2367,燿華,40,1,39,合庫-彰化,2023-03-30,1028
2342,茂矽,39,6,33,合庫-彰化,2023-03-30,1028
2344,華邦電,41,13,28,合庫-彰化,2023-03-30,1028
2609,陽明,26,0,26,合庫-彰化,2023-03-30,1028
2915,潤泰全,25,0,25,合庫-彰化,2023-03-30,1028
3715,定穎投控,40,17,23,合庫-彰化,2023-03-30,1028
1584,精剛,63,41,22,合庫-彰化,2023-03-30,1028
00882,中信中國高股息,21,0,21,合庫-彰化,2023-03-30,1028
4907,富宇,21,0,21,合庫-彰化,2023-03-30,1028
6220,岳豐,21,0,21,合庫-彰化,2023-03-30,1028
1218,泰山,20,0,20,合庫-彰化,2023-03-30,1028
5371,中光電,20,0,20,合庫-彰化,2023-03-30,1028
3664,安瑞-KY,15,0,15,合庫-彰化,2023-03-30,1028
6244,茂迪,55,40,15,合庫-彰化,2023-03-30,1028
6456,GIS-KY,15,0,15,合庫-彰化,2023-03-30,1028
2888,新光金,11,0,11,合庫-彰化,2023-03-30,1028
2534,宏盛,11,0,11,合庫-彰化,2023-03-30,1028
00888,永豐台灣ESG,10,0,10,合庫-彰化,2023-03-30,1028
1784,訊聯,10,0,10,合庫-彰化,2023-03-30,1028
2105,正新,10,0,10,合庫-彰化,2023-03-30,1028
2243,宏旭-KY,10,0,10,合庫-彰化,2023-03-30,1028
3607,谷崧,10,0,10,合庫-彰化,2023-03-30,1028
2471,資通,9,0,9,合庫-彰化,2023-03-30,1028
3322,建舜電,14,5,9,合庫-彰化,2023-03-30,1028
1101,台泥,8,0,8,合庫-彰化,2023-03-30,1028
00679B,元大美債20年,8,0,8,合庫-彰化,2023-03-30,1028
3312,弘憶股,26,18,8,合庫-彰化,2023-03-30,1028
1752,南光,7,0,7,合庫-彰化,2023-03-30,1028
4927,泰鼎-KY,8,1,7,合庫-彰化,2023-03-30,1028
6288,聯嘉,14,7,7,合庫-彰化,2023-03-30,1028
6732,昇佳電子,6,0,6,合庫-彰化,2023-03-30,1028
00878,國泰永續高股息,6,0,6,合庫-彰化,2023-03-30,1028
3035,智原,12,6,6,合庫-彰化,2023-03-30,1028
3447,展達,6,0,6,合庫-彰化,2023-03-30,1028
5410,國眾,6,0,6,合庫-彰化,2023-03-30,1028
00680L,元大美債20正2,5,0,5,合庫-彰化,2023-03-30,1028
00753L,中信中國50正2,5,0,5,合庫-彰化,2023-03-30,1028
1504,東元,15,10,5,合庫-彰化,2023-03-30,1028
1605,華新,6,1,5,合庫-彰化,2023-03-30,1028
2104,國際中橡,5,0,5,合庫-彰化,2023-03-30,1028
2453,凌群,8,3,5,合庫-彰化,2023-03-30,1028
2615,萬海,5,0,5,合庫-彰化,2023-03-30,1028
2890,永豐金,5,0,5,合庫-彰化,2023-03-30,1028
3605,宏致,5,0,5,合庫-彰化,2023-03-30,1028
5258,虹堡,18,13,5,合庫-彰化,2023-03-30,1028
1312,國喬,150,0,150,合庫-彰化,2023-03-31,1028
2367,燿華,50,0,50,合庫-彰化,2023-03-31,1028
4909,新復興,53,3,50,合庫-彰化,2023-03-31,1028
2104,國際中橡,40,0,40,合庫-彰化,2023-03-31,1028
3711,日月光投控,32,1,31,合庫-彰化,2023-03-31,1028
2105,正新,30,2,28,合庫-彰化,2023-03-31,1028
2354,鴻準,20,0,20,合庫-彰化,2023-03-31,1028
1584,精剛,19,0,19,合庫-彰化,2023-03-31,1028
8110,華東,20,1,19,合庫-彰化,2023-03-31,1028
1605,華新,20,5,15,合庫-彰化,2023-03-31,1028
3060,銘異,13,0,13,合庫-彰化,2023-03-31,1028
2402,毅嘉,14,2,12,合庫-彰化,2023-03-31,1028
2457,飛宏,145,133,12,合庫-彰化,2023-03-31,1028
4532,瑞智,11,0,11,合庫-彰化,2023-03-31,1028
1314,中石化,10,0,10,合庫-彰化,2023-03-31,1028
5309,系統電,21,11,10,合庫-彰化,2023-03-31,1028
5465,富驊,10,0,10,合庫-彰化,2023-03-31,1028
8442,威宏-KY,10,0,10,合庫-彰化,2023-03-31,1028
2342,茂矽,12,3,9,合庫-彰化,2023-03-31,1028
5009,榮剛,10,3,7,合庫-彰化,2023-03-31,1028
2887,台新金,9,3,6,合庫-彰化,2023-03-31,1028
2002,中鋼,7,2,5,合庫-彰化,2023-03-31,1028
2371,大同,5,0,5,合庫-彰化,2023-03-31,1028
2636,台驊控股,5,0,5,合庫-彰化,2023-03-31,1028
4545,銘鈺,5,0,5,合庫-彰化,2023-03-31,1028
6244,茂迪,5,0,5,合庫-彰化,2023-03-31,1028
1513,中興電,11,7,4,合庫-彰化,2023-03-31,1028
00882,中信中國高股息,4,0,4,合庫-彰化,2023-03-31,1028
00673R,期元大S＆P原油反1,4,0,4,合庫-彰化,2023-03-31,1028
2380,虹光,4,0,4,合庫-彰化,2023-03-31,1028
3035,智原,8,4,4,合庫-彰化,2023-03-31,1028
3056,富華新,7,3,4,合庫-彰化,2023-03-31,1028
6219,富旺,4,0,4,合庫-彰化,2023-03-31,1028
6579,研揚,4,0,4,合庫-彰化,2023-03-31,1028
6861,睿生光電,4,0,4,合庫-彰化,2023-03-31,1028
7402,邑錡,6,2,4,合庫-彰化,2023-03-31,1028
2317,鴻海,4,0,4,合庫-彰化,2023-03-31,1028
2881,富邦金,4,0,4,合庫-彰化,2023-03-31,1028
2883,凱基金,3,0,3,合庫-彰化,2023-03-31,1028
00679B,元大美債20年,3,0,3,合庫-彰化,2023-03-31,1028
1504,東元,5,2,3,合庫-彰化,2023-03-31,1028
00900,富邦特選高股息30,4,1,3,合庫-彰化,2023-03-31,1028
00680L,元大美債20正2,5,2,3,合庫-彰化,2023-03-31,1028
2851,中再保,3,0,3,合庫-彰化,2023-03-31,1028
2889,國票金,3,0,3,合庫-彰化,2023-03-31,1028
3455,由田,3,0,3,合庫-彰化,2023-03-31,1028
4164,承業醫,3,0,3,合庫-彰化,2023-03-31,1028
6163,華電網,4,1,3,合庫-彰化,2023-03-31,1028
6285,啟��,5,2,3,合庫-彰化,2023-03-31,1028
6670,復盛應用,3,0,3,合庫-彰化,2023-03-31,1028
3017,奇鋐,237,22,215,合庫-彰化,2023-04-06,1028
6163,華電網,210,2,208,合庫-彰化,2023-04-06,1028
6213,聯茂,200,1,199,合庫-彰化,2023-04-06,1028
00673R,期元大S＆P原油反1,110,0,110,合庫-彰化,2023-04-06,1028
2344,華邦電,48,0,48,合庫-彰化,2023-04-06,1028
6122,擎邦,37,0,37,合庫-彰化,2023-04-06,1028
6533,晶心科,34,2,32,合庫-彰化,2023-04-06,1028
8103,瀚荃,29,0,29,合庫-彰化,2023-04-06,1028
4967,十銓,37,9,28,合庫-彰化,2023-04-06,1028
8069,元太,27,0,27,合庫-彰化,2023-04-06,1028
2609,陽明,26,0,26,合庫-彰化,2023-04-06,1028
2454,聯發科,26,0,26,合庫-彰化,2023-04-06,1028
3322,建舜電,23,0,23,合庫-彰化,2023-04-06,1028
2002,中鋼,21,0,21,合庫-彰化,2023-04-06,1028
00878,國泰永續高股息,32,12,20,合庫-彰化,2023-04-06,1028
00916,國泰全球品牌50,24,6,18,合庫-彰化,2023-04-06,1028
2408,南亞科,42,25,17,合庫-彰化,2023-04-06,1028
2528,皇普,17,0,17,合庫-彰化,2023-04-06,1028
00902,中信電池及儲能,15,0,15,合庫-彰化,2023-04-06,1028
2603,長榮,17,4,13,合庫-彰化,2023-04-06,1028
1752,南光,12,0,12,合庫-彰化,2023-04-06,1028
4532,瑞智,12,0,12,合庫-彰化,2023-04-06,1028
6770,力積電,12,0,12,合庫-彰化,2023-04-06,1028
2618,長榮航,16,5,11,合庫-彰化,2023-04-06,1028
6517,保勝光學,11,0,11,合庫-彰化,2023-04-06,1028
00674R,期元大S＆P黃金反1,10,0,10,合庫-彰化,2023-04-06,1028
00687B,國泰20年美債,10,0,10,合庫-彰化,2023-04-06,1028
3231,緯創,11,1,10,合庫-彰化,2023-04-06,1028
3576,聯合再生,10,0,10,合庫-彰化,2023-04-06,1028
8227,巨有科技,12,2,10,合庫-彰化,2023-04-06,1028
00882,中信中國高股息,9,0,9,合庫-彰化,2023-04-06,1028
2520,冠德,9,0,9,合庫-彰化,2023-04-06,1028
2423,固緯,8,0,8,合庫-彰化,2023-04-06,1028
4114,健喬,12,4,8,合庫-彰化,2023-04-06,1028
2368,金像電,7,0,7,合庫-彰化,2023-04-06,1028
2610,華航,7,0,7,合庫-彰化,2023-04-06,1028
4545,銘鈺,7,0,7,合庫-彰化,2023-04-06,1028
2029,盛餘,6,0,6,合庫-彰化,2023-04-06,1028
2317,鴻海,7,1,6,合庫-彰化,2023-04-06,1028
6443,元晶,12,6,6,合庫-彰化,2023-04-06,1028
00679B,元大美債20年,12,7,5,合庫-彰化,2023-04-06,1028
6235,華孚,123,118,5,合庫-彰化,2023-04-06,1028
3059,華晶科,5,0,5,合庫-彰化,2023-04-06,1028
00893,國泰智能電動車,5,0,5,合庫-彰化,2023-04-06,1028
1591,駿吉-KY,5,0,5,合庫-彰化,2023-04-06,1028
2243,宏旭-KY,5,0,5,合庫-彰化,2023-04-06,1028
2371,大同,5,0,5,合庫-彰化,2023-04-06,1028
2612,中航,5,0,5,合庫-彰化,2023-04-06,1028
2812,台中銀,5,0,5,合庫-彰化,2023-04-06,1028
2890,永豐金,5,0,5,合庫-彰化,2023-04-06,1028
1312,國喬,162,0,162,合庫-彰化,2023-04-07,1028
2029,盛餘,93,0,93,合庫-彰化,2023-04-07,1028
00674R,期元大S＆P黃金反1,60,0,60,合庫-彰化,2023-04-07,1028
2867,三商壽,63,6,57,合庫-彰化,2023-04-07,1028
2634,漢翔,55,5,50,合庫-彰化,2023-04-07,1028
00673R,期元大S＆P原油反1,43,0,43,合庫-彰化,2023-04-07,1028
2402,毅嘉,38,0,38,合庫-彰化,2023-04-07,1028
00893,國泰智能電動車,37,0,37,合庫-彰化,2023-04-07,1028
3188,鑫龍騰,35,0,35,合庫-彰化,2023-04-07,1028
3576,聯合再生,35,0,35,合庫-彰化,2023-04-07,1028
3711,日月光投控,33,0,33,合庫-彰化,2023-04-07,1028
4960,誠美材,30,1,29,合庫-彰化,2023-04-07,1028
00878,國泰永續高股息,34,6,28,合庫-彰化,2023-04-07,1028
2303,聯電,30,6,24,合庫-彰化,2023-04-07,1028
2313,華通,22,0,22,合庫-彰化,2023-04-07,1028
3231,緯創,22,1,21,合庫-彰化,2023-04-07,1028
8110,華東,16,0,16,合庫-彰化,2023-04-07,1028
1449,佳和,15,0,15,合庫-彰化,2023-04-07,1028
6122,擎邦,14,0,14,合庫-彰化,2023-04-07,1028
2889,國票金,13,0,13,合庫-彰化,2023-04-07,1028
3056,富華新,14,1,13,合庫-彰化,2023-04-07,1028
2104,國際中橡,12,0,12,合庫-彰化,2023-04-07,1028
3520,華盈,12,0,12,合庫-彰化,2023-04-07,1028
6235,華孚,34,22,12,合庫-彰化,2023-04-07,1028
2208,台船,12,0,12,合庫-彰化,2023-04-07,1028
3013,晟銘電,26,15,11,合庫-彰化,2023-04-07,1028
6133,金橋,11,0,11,合庫-彰化,2023-04-07,1028
1809,中釉,10,0,10,合庫-彰化,2023-04-07,1028
2409,友達,10,0,10,合庫-彰化,2023-04-07,1028
3705,永信,10,0,10,合庫-彰化,2023-04-07,1028
4536,拓凱,10,0,10,合庫-彰化,2023-04-07,1028
3033,威健,10,1,9,合庫-彰化,2023-04-07,1028
5452,佶優,11,2,9,合庫-彰化,2023-04-07,1028
5880,合庫金,9,0,9,合庫-彰化,2023-04-07,1028
3494,誠研,7,0,7,合庫-彰化,2023-04-07,1028
5328,華容,7,0,7,合庫-彰化,2023-04-07,1028
00713,元大台灣高息低波,9,2,7,合庫-彰化,2023-04-07,1028
00697B,元大美債7-10,6,0,6,合庫-彰化,2023-04-07,1028
2371,大同,6,0,6,合庫-彰化,2023-04-07,1028
4977,眾達-KY,6,0,6,合庫-彰化,2023-04-07,1028
6139,亞翔,6,0,6,合庫-彰化,2023-04-07,1028
8155,博智,6,0,6,合庫-彰化,2023-04-07,1028
8227,巨有科技,6,0,6,合庫-彰化,2023-04-07,1028
00772B,中信高評級公司債,5,0,5,合庫-彰化,2023-04-07,1028
1712,興農,10,5,5,合庫-彰化,2023-04-07,1028
1752,南光,5,0,5,合庫-彰化,2023-04-07,1028
2317,鴻海,5,0,5,合庫-彰化,2023-04-07,1028
2364,倫飛,8,3,5,合庫-彰化,2023-04-07,1028
2633,台灣高鐵,6,1,5,合庫-彰化,2023-04-07,1028
3060,銘異,5,0,5,合庫-彰化,2023-04-07,1028
4162,智擎,122,0,122,合庫-彰化,2023-04-10,1028
6160,欣技,102,2,100,合庫-彰化,2023-04-10,1028
3704,合勤控,65,0,65,合庫-彰化,2023-04-10,1028
2344,華邦電,64,12,52,合庫-彰化,2023-04-10,1028
3017,奇鋐,67,17,50,合庫-彰化,2023-04-10,1028
4960,誠美材,42,0,42,合庫-彰化,2023-04-10,1028
2867,三商壽,40,0,40,合庫-彰化,2023-04-10,1028
3188,鑫龍騰,35,0,35,合庫-彰化,2023-04-10,1028
2104,國際中橡,30,0,30,合庫-彰化,2023-04-10,1028
6829,千附精密,33,3,30,合庫-彰化,2023-04-10,1028
2408,南亞科,23,1,22,合庫-彰化,2023-04-10,1028
5392,能率,20,0,20,合庫-彰化,2023-04-10,1028
2101,南港,20,1,19,合庫-彰化,2023-04-10,1028
8440,綠電,16,0,16,合庫-彰化,2023-04-10,1028
2528,皇普,14,0,14,合庫-彰化,2023-04-10,1028
6288,聯嘉,26,12,14,合庫-彰化,2023-04-10,1028
1605,華新,14,1,13,合庫-彰化,2023-04-10,1028
9942,茂順,14,1,13,合庫-彰化,2023-04-10,1028
8028,昇陽半導體,12,0,12,合庫-彰化,2023-04-10,1028
2328,廣宇,11,0,11,合庫-彰化,2023-04-10,1028
2489,瑞軒,11,0,11,合庫-彰化,2023-04-10,1028
2603,長榮,26,15,11,合庫-彰化,2023-04-10,1028
2607,榮運,10,0,10,合庫-彰化,2023-04-10,1028
3033,威健,10,0,10,合庫-彰化,2023-04-10,1028
6176,瑞儀,10,0,10,合庫-彰化,2023-04-10,1028
6733,博晟生醫,10,0,10,合庫-彰化,2023-04-10,1028
8040,九暘,10,0,10,合庫-彰化,2023-04-10,1028
6129,普誠,9,0,9,合庫-彰化,2023-04-10,1028
00720B,元大投資級公司債,8,0,8,合庫-彰化,2023-04-10,1028
00673R,期元大S＆P原油反1,38,30,8,合庫-彰化,2023-04-10,1028
2606,裕民,8,0,8,合庫-彰化,2023-04-10,1028
6282,康舒,8,0,8,合庫-彰化,2023-04-10,1028
8390,金益鼎,8,0,8,合庫-彰化,2023-04-10,1028
00679B,元大美債20年,7,0,7,合庫-彰化,2023-04-10,1028
1609,大亞,33,26,7,合庫-彰化,2023-04-10,1028
2313,華通,7,0,7,合庫-彰化,2023-04-10,1028
2498,宏達電,10,3,7,合庫-彰化,2023-04-10,1028
3025,星通,7,0,7,合庫-彰化,2023-04-10,1028
3540,曜越,7,0,7,合庫-彰化,2023-04-10,1028
6140,訊達,7,0,7,合庫-彰化,2023-04-10,1028
00632R,元大台灣50反1,6,0,6,合庫-彰化,2023-04-10,1028
2617,台航,6,0,6,合庫-彰化,2023-04-10,1028
3062,建漢,6,0,6,合庫-彰化,2023-04-10,1028
3272,東碩,6,0,6,合庫-彰化,2023-04-10,1028
4503,金雨,39,33,6,合庫-彰化,2023-04-10,1028
4545,銘鈺,6,0,6,合庫-彰化,2023-04-10,1028
00642U,期元大S＆P石油,5,0,5,合庫-彰化,2023-04-10,1028
1101,台泥,5,0,5,合庫-彰化,2023-04-10,1028
1591,駿吉-KY,5,0,5,合庫-彰化,2023-04-10,1028
3294,英濟,5,0,5,合庫-彰化,2023-04-10,1028
2867,三商壽,200,9,191,合庫-彰化,2023-04-11,1028
00673R,期元大S＆P原油反1,130,30,100,合庫-彰化,2023-04-11,1028
1584,精剛,81,2,79,合庫-彰化,2023-04-11,1028
2402,毅嘉,63,0,63,合庫-彰化,2023-04-11,1028
00885,富邦越南,56,3,53,合庫-彰化,2023-04-11,1028
6533,晶心科,42,0,42,合庫-彰化,2023-04-11,1028
2328,廣宇,40,0,40,合庫-彰化,2023-04-11,1028
00679B,元大美債20年,36,0,36,合庫-彰化,2023-04-11,1028
3520,華盈,27,0,27,合庫-彰化,2023-04-11,1028
3653,健策,29,3,26,合庫-彰化,2023-04-11,1028
8110,華東,24,1,23,合庫-彰化,2023-04-11,1028
2317,鴻海,21,0,21,合庫-彰化,2023-04-11,1028
00671R,富邦NASDAQ反1,20,0,20,合庫-彰化,2023-04-11,1028
1444,力麗,16,0,16,合庫-彰化,2023-04-11,1028
3432,台端,45,30,15,合庫-彰化,2023-04-11,1028
8358,金居,16,1,15,合庫-彰化,2023-04-11,1028
6190,萬泰科,14,0,14,合庫-彰化,2023-04-11,1028
6443,元晶,22,8,14,合庫-彰化,2023-04-11,1028
3060,銘異,15,3,12,合庫-彰化,2023-04-11,1028
1605,華新,13,2,11,合庫-彰化,2023-04-11,1028
2884,玉山金,11,0,11,合庫-彰化,2023-04-11,1028
00720B,元大投資級公司債,10,0,10,合庫-彰化,2023-04-11,1028
2104,國際中橡,10,0,10,合庫-彰化,2023-04-11,1028
2340,台亞,10,0,10,合庫-彰化,2023-04-11,1028
2367,燿華,10,0,10,合庫-彰化,2023-04-11,1028
3033,威健,10,0,10,合庫-彰化,2023-04-11,1028
5328,華容,17,7,10,合庫-彰化,2023-04-11,1028
6191,精成科,11,1,10,合庫-彰化,2023-04-11,1028
6226,光鼎,10,0,10,合庫-彰化,2023-04-11,1028
8409,商之器,10,0,10,合庫-彰化,2023-04-11,1028
4164,承業醫,10,0,10,合庫-彰化,2023-04-11,1028
1504,東元,22,13,9,合庫-彰化,2023-04-11,1028
1618,合機,10,1,9,合庫-彰化,2023-04-11,1028
3494,誠研,9,0,9,合庫-彰化,2023-04-11,1028
2331,精英,10,2,8,合庫-彰化,2023-04-11,1028
4966,譜瑞-KY,10,2,8,合庫-彰化,2023-04-11,1028
00882,中信中國高股息,7,0,7,合庫-彰化,2023-04-11,1028
2413,環科,14,7,7,合庫-彰化,2023-04-11,1028
4541,晟田,7,0,7,合庫-彰化,2023-04-11,1028
00888,永豐台灣ESG,6,0,6,合庫-彰化,2023-04-11,1028
1314,中石化,6,0,6,合庫-彰化,2023-04-11,1028
00907,永豐優息存股,6,0,6,合庫-彰化,2023-04-11,1028
00893,國泰智能電動車,10,4,6,合庫-彰化,2023-04-11,1028
1710,東聯,6,0,6,合庫-彰化,2023-04-11,1028
2431,聯昌,7,1,6,合庫-彰化,2023-04-11,1028
2457,飛宏,21,15,6,合庫-彰化,2023-04-11,1028
6133,金橋,6,0,6,合庫-彰化,2023-04-11,1028
0056,元大高股息,6,1,5,合庫-彰化,2023-04-11,1028
0050,元大台灣50,5,0,5,合庫-彰化,2023-04-11,1028
2641,正德,5,0,5,合庫-彰化,2023-04-11,1028
2515,中工,810,29,781,合庫-彰化,2023-04-12,1028
1611,中電,130,1,129,合庫-彰化,2023-04-12,1028
8222,寶一,59,0,59,合庫-彰化,2023-04-12,1028
2344,華邦電,70,16,54,合庫-彰化,2023-04-12,1028
00712,復華富時不動產,54,2,52,合庫-彰化,2023-04-12,1028
1503,士電,58,8,50,合庫-彰化,2023-04-12,1028
2851,中再保,50,0,50,合庫-彰化,2023-04-12,1028
00674R,期元大S＆P黃金反1,42,0,42,合庫-彰化,2023-04-12,1028
5371,中光電,36,2,34,合庫-彰化,2023-04-12,1028
2495,普安,37,5,32,合庫-彰化,2023-04-12,1028
00878,國泰永續高股息,34,2,32,合庫-彰化,2023-04-12,1028
2427,三商電,30,0,30,合庫-彰化,2023-04-12,1028
2029,盛餘,25,0,25,合庫-彰化,2023-04-12,1028
1504,東元,34,10,24,合庫-彰化,2023-04-12,1028
2014,中鴻,24,0,24,合庫-彰化,2023-04-12,1028
3209,全科,23,1,22,合庫-彰化,2023-04-12,1028
5222,全訊,23,1,22,合庫-彰化,2023-04-12,1028
6245,立端,26,4,22,合庫-彰化,2023-04-12,1028
1609,大亞,54,32,22,合庫-彰化,2023-04-12,1028
6863,永道-KY,25,4,21,合庫-彰化,2023-04-12,1028
2516,新建,20,0,20,合庫-彰化,2023-04-12,1028
2845,遠東銀,20,0,20,合庫-彰化,2023-04-12,1028
2867,三商壽,20,0,20,合庫-彰化,2023-04-12,1028
3362,先進光,20,0,20,合庫-彰化,2023-04-12,1028
4162,智擎,21,1,20,合庫-彰化,2023-04-12,1028
4979,華星光,25,5,20,合庫-彰化,2023-04-12,1028
3704,合勤控,36,17,19,合庫-彰化,2023-04-12,1028
2027,大成鋼,18,0,18,合庫-彰化,2023-04-12,1028
2413,環科,23,6,17,合庫-彰化,2023-04-12,1028
3037,欣興,18,1,17,合庫-彰化,2023-04-12,1028
1605,華新,45,29,16,合庫-彰化,2023-04-12,1028
6770,力積電,16,0,16,合庫-彰化,2023-04-12,1028
00637L,元大滬深300正2,19,4,15,合庫-彰化,2023-04-12,1028
3484,崧騰,15,0,15,合庫-彰化,2023-04-12,1028
00632R,元大台灣50反1,17,3,14,合庫-彰化,2023-04-12,1028
1101,台泥,16,2,14,合庫-彰化,2023-04-12,1028
1210,大成,13,0,13,合庫-彰化,2023-04-12,1028
2492,華新科,13,1,12,合庫-彰化,2023-04-12,1028
2457,飛宏,32,21,11,合庫-彰化,2023-04-12,1028
6532,瑞耘,11,0,11,合庫-彰化,2023-04-12,1028
2101,南港,10,0,10,合庫-彰化,2023-04-12,1028
4934,太極,10,0,10,合庫-彰化,2023-04-12,1028
5488,松普,10,0,10,合庫-彰化,2023-04-12,1028
6153,嘉聯益,10,0,10,合庫-彰化,2023-04-12,1028
6176,瑞儀,10,0,10,合庫-彰化,2023-04-12,1028
8110,華東,10,0,10,合庫-彰化,2023-04-12,1028
8916,光隆,10,0,10,合庫-彰化,2023-04-12,1028
2317,鴻海,9,0,9,合庫-彰化,2023-04-12,1028
4142,國光生,8,0,8,合庫-彰化,2023-04-12,1028
1312,國喬,7,0,7,合庫-彰化,2023-04-12,1028
1611,中電,104,0,104,合庫-彰化,2023-04-13,1028
4979,華星光,134,36,98,合庫-彰化,2023-04-13,1028
2427,三商電,70,0,70,合庫-彰化,2023-04-13,1028
00673R,期元大S＆P原油反1,182,120,62,合庫-彰化,2023-04-13,1028
2344,華邦電,57,2,55,合庫-彰化,2023-04-13,1028
00712,復華富時不動產,53,0,53,合庫-彰化,2023-04-13,1028
2460,建通,45,2,43,合庫-彰化,2023-04-13,1028
1584,精剛,151,110,41,合庫-彰化,2023-04-13,1028
3711,日月光投控,40,0,40,合庫-彰化,2023-04-13,1028
5475,德宏,40,0,40,合庫-彰化,2023-04-13,1028
2368,金像電,32,0,32,合庫-彰化,2023-04-13,1028
2634,漢翔,49,18,31,合庫-彰化,2023-04-13,1028
1609,大亞,40,9,31,合庫-彰化,2023-04-13,1028
2029,盛餘,29,0,29,合庫-彰化,2023-04-13,1028
3576,聯合再生,25,2,23,合庫-彰化,2023-04-13,1028
6244,茂迪,34,11,23,合庫-彰化,2023-04-13,1028
1503,士電,37,18,19,合庫-彰化,2023-04-13,1028
1802,台玻,20,1,19,合庫-彰化,2023-04-13,1028
2328,廣宇,20,1,19,合庫-彰化,2023-04-13,1028
5521,工信,23,4,19,合庫-彰化,2023-04-13,1028
6533,晶心科,20,1,19,合庫-彰化,2023-04-13,1028
6443,元晶,18,0,18,合庫-彰化,2023-04-13,1028
2645,長榮航太,20,3,17,合庫-彰化,2023-04-13,1028
6139,亞翔,16,0,16,合庫-彰化,2023-04-13,1028
0056,元大高股息,17,2,15,合庫-彰化,2023-04-13,1028
5465,富驊,15,0,15,合庫-彰化,2023-04-13,1028
6235,華孚,58,43,15,合庫-彰化,2023-04-13,1028
6179,亞通,31,17,14,合庫-彰化,2023-04-13,1028
5706,鳳凰,49,36,13,合庫-彰化,2023-04-13,1028
6140,訊達,13,0,13,合庫-彰化,2023-04-13,1028
8926,台汽電,14,1,13,合庫-彰化,2023-04-13,1028
00674R,期元大S＆P黃金反1,54,42,12,合庫-彰化,2023-04-13,1028
1519,華城,43,31,12,合庫-彰化,2023-04-13,1028
6770,力積電,13,1,12,合庫-彰化,2023-04-13,1028
1513,中興電,19,8,11,合庫-彰化,2023-04-13,1028
00753L,中信中國50正2,11,0,11,合庫-彰化,2023-04-13,1028
2478,大毅,11,0,11,合庫-彰化,2023-04-13,1028
3552,同致,11,0,11,合庫-彰化,2023-04-13,1028
00633L,富邦上証正2,10,0,10,合庫-彰化,2023-04-13,1028
2105,正新,11,1,10,合庫-彰化,2023-04-13,1028
3128,昇銳,10,0,10,合庫-彰化,2023-04-13,1028
3356,奇偶,10,0,10,合庫-彰化,2023-04-13,1028
8110,華東,30,20,10,合庫-彰化,2023-04-13,1028
00713,元大台灣高息低波,9,0,9,合庫-彰化,2023-04-13,1028
2438,翔耀,9,0,9,合庫-彰化,2023-04-13,1028
00679B,元大美債20年,8,0,8,合庫-彰化,2023-04-13,1028
1529,樂事綠能,11,3,8,合庫-彰化,2023-04-13,1028
2371,大同,8,0,8,合庫-彰化,2023-04-13,1028
3178,公準,13,5,8,合庫-彰化,2023-04-13,1028
5351,鈺創,8,0,8,合庫-彰化,2023-04-13,1028
1608,華榮,292,20,272,合庫-彰化,2023-04-14,1028
2867,三商壽,184,11,173,合庫-彰化,2023-04-14,1028
1618,合機,96,1,95,合庫-彰化,2023-04-14,1028
3715,定穎投控,94,0,94,合庫-彰化,2023-04-14,1028
3029,零壹,79,11,68,合庫-彰化,2023-04-14,1028
5475,德宏,68,4,64,合庫-彰化,2023-04-14,1028
2208,台船,73,12,61,合庫-彰化,2023-04-14,1028
00712,復華富時不動產,40,1,39,合庫-彰化,2023-04-14,1028
3576,聯合再生,53,15,38,合庫-彰化,2023-04-14,1028
2002,中鋼,29,0,29,合庫-彰化,2023-04-14,1028
4953,緯軟,28,0,28,合庫-彰化,2023-04-14,1028
2634,漢翔,115,88,27,合庫-彰化,2023-04-14,1028
1471,首利,27,1,26,合庫-彰化,2023-04-14,1028
1218,泰山,24,0,24,合庫-彰化,2023-04-14,1028
2344,華邦電,23,1,22,合庫-彰化,2023-04-14,1028
1609,大亞,30,8,22,合庫-彰化,2023-04-14,1028
1584,精剛,35,15,20,合庫-彰化,2023-04-14,1028
2504,國產,20,0,20,合庫-彰化,2023-04-14,1028
2402,毅嘉,63,44,19,合庫-彰化,2023-04-14,1028
8358,金居,25,6,19,合庫-彰化,2023-04-14,1028
2303,聯電,23,7,16,合庫-彰化,2023-04-14,1028
00720B,元大投資級公司債,16,0,16,合庫-彰化,2023-04-14,1028
6163,華電網,17,1,16,合庫-彰化,2023-04-14,1028
6167,久正,16,2,14,合庫-彰化,2023-04-14,1028
0056,元大高股息,12,0,12,合庫-彰化,2023-04-14,1028
2457,飛宏,84,72,12,合庫-彰化,2023-04-14,1028
00679B,元大美債20年,12,0,12,合庫-彰化,2023-04-14,1028
2834,臺企銀,14,2,12,合庫-彰化,2023-04-14,1028
6443,元晶,22,10,12,合庫-彰化,2023-04-14,1028
9933,中鼎,12,0,12,合庫-彰化,2023-04-14,1028
1513,中興電,19,8,11,合庫-彰化,2023-04-14,1028
3035,智原,14,3,11,合庫-彰化,2023-04-14,1028
3289,宜特,20,9,11,合庫-彰化,2023-04-14,1028
1712,興農,10,0,10,合庫-彰化,2023-04-14,1028
00885,富邦越南,12,2,10,合庫-彰化,2023-04-14,1028
1445,大宇,10,0,10,合庫-彰化,2023-04-14,1028
1802,台玻,10,0,10,合庫-彰化,2023-04-14,1028
2845,遠東銀,10,0,10,合庫-彰化,2023-04-14,1028
4503,金雨,50,40,10,合庫-彰化,2023-04-14,1028
2014,中鴻,9,0,9,合庫-彰化,2023-04-14,1028
2409,友達,24,15,9,合庫-彰化,2023-04-14,1028
6531,愛普*,10,1,9,合庫-彰化,2023-04-14,1028
3037,欣興,10,1,9,合庫-彰化,2023-04-14,1028
2038,海光,8,0,8,合庫-彰化,2023-04-14,1028
3481,群創,25,17,8,合庫-彰化,2023-04-14,1028
4770,上品,8,0,8,合庫-彰化,2023-04-14,1028
8080,印鉐,8,0,8,合庫-彰化,2023-04-14,1028
00772B,中信高評級公司債,7,0,7,合庫-彰化,2023-04-14,1028
1309,台達化,7,0,7,合庫-彰化,2023-04-14,1028
2023,燁輝,7,0,7,合庫-彰化,2023-04-14,1028
1471,首利,150,10,140,合庫-彰化,2023-04-17,1028
2528,皇普,108,0,108,合庫-彰化,2023-04-17,1028
2601,益航,95,0,95,合庫-彰化,2023-04-17,1028
2449,京元電子,59,0,59,合庫-彰化,2023-04-17,1028
2409,友達,51,0,51,合庫-彰化,2023-04-17,1028
2402,毅嘉,72,23,49,合庫-彰化,2023-04-17,1028
00679B,元大美債20年,45,0,45,合庫-彰化,2023-04-17,1028
00712,復華富時不動產,41,1,40,合庫-彰化,2023-04-17,1028
4953,緯軟,41,7,34,合庫-彰化,2023-04-17,1028
5381,合正,31,0,31,合庫-彰化,2023-04-17,1028
4971,IET-KY,28,0,28,合庫-彰化,2023-04-17,1028
00660,元大歐洲50,25,0,25,合庫-彰化,2023-04-17,1028
3029,零壹,220,196,24,合庫-彰化,2023-04-17,1028
2029,盛餘,22,0,22,合庫-彰化,2023-04-17,1028
3481,群創,23,2,21,合庫-彰化,2023-04-17,1028
2618,長榮航,22,2,20,合庫-彰化,2023-04-17,1028
3312,弘憶股,20,0,20,合庫-彰化,2023-04-17,1028
3673,TPK-KY,20,0,20,合庫-彰化,2023-04-17,1028
5299,杰力,20,0,20,合庫-彰化,2023-04-17,1028
2328,廣宇,20,2,18,合庫-彰化,2023-04-17,1028
1513,中興電,33,16,17,合庫-彰化,2023-04-17,1028
2897,王道銀行,17,0,17,合庫-彰化,2023-04-17,1028
6412,群電,15,0,15,合庫-彰化,2023-04-17,1028
2454,聯發科,15,1,14,合庫-彰化,2023-04-17,1028
3013,晟銘電,21,7,14,合庫-彰化,2023-04-17,1028
0056,元大高股息,15,1,14,合庫-彰化,2023-04-17,1028
3060,銘異,11,0,11,合庫-彰化,2023-04-17,1028
6235,華孚,32,21,11,合庫-彰化,2023-04-17,1028
00753L,中信中國50正2,10,0,10,合庫-彰化,2023-04-17,1028
1514,亞力,18,8,10,合庫-彰化,2023-04-17,1028
2002,中鋼,10,0,10,合庫-彰化,2023-04-17,1028
2349,錸德,10,0,10,合庫-彰化,2023-04-17,1028
3141,晶宏,10,0,10,合庫-彰化,2023-04-17,1028
1605,華新,38,29,9,合庫-彰化,2023-04-17,1028
2610,華航,11,2,9,合庫-彰化,2023-04-17,1028
8121,越峰,11,2,9,合庫-彰化,2023-04-17,1028
8996,高力,26,17,9,合庫-彰化,2023-04-17,1028
1504,東元,10,2,8,合庫-彰化,2023-04-17,1028
00680L,元大美債20正2,7,0,7,合庫-彰化,2023-04-17,1028
5353,台林,7,0,7,合庫-彰化,2023-04-17,1028
2382,廣達,6,0,6,合庫-彰化,2023-04-17,1028
00720B,元大投資級公司債,6,0,6,合庫-彰化,2023-04-17,1028
2359,所羅門,8,2,6,合庫-彰化,2023-04-17,1028
6142,友勁,6,0,6,合庫-彰化,2023-04-17,1028
6182,合晶,6,0,6,合庫-彰化,2023-04-17,1028
6770,力積電,6,0,6,合庫-彰化,2023-04-17,1028
9904,寶成,6,0,6,合庫-彰化,2023-04-17,1028
00881,國泰台灣5G+,5,0,5,合庫-彰化,2023-04-17,1028
2485,兆赫,5,0,5,合庫-彰化,2023-04-17,1028
2501,國建,5,0,5,合庫-彰化,2023-04-17,1028
1471,首利,190,19,171,合庫-彰化,2023-04-18,1028
3032,偉訓,161,2,159,合庫-彰化,2023-04-18,1028
1444,力麗,140,5,135,合庫-彰化,2023-04-18,1028
2409,友達,73,1,72,合庫-彰化,2023-04-18,1028
2368,金像電,52,0,52,合庫-彰化,2023-04-18,1028
2425,承啟,50,0,50,合庫-彰化,2023-04-18,1028
6129,普誠,50,5,45,合庫-彰化,2023-04-18,1028
5475,德宏,43,5,38,合庫-彰化,2023-04-18,1028
2208,台船,59,23,36,合庫-彰化,2023-04-18,1028
2634,漢翔,106,75,31,合庫-彰化,2023-04-18,1028
3231,緯創,33,3,30,合庫-彰化,2023-04-18,1028
4908,前鼎,30,1,29,合庫-彰化,2023-04-18,1028
2457,飛宏,86,58,28,合庫-彰化,2023-04-18,1028
1605,華新,28,2,26,合庫-彰化,2023-04-18,1028
0056,元大高股息,25,0,25,合庫-彰化,2023-04-18,1028
00679B,元大美債20年,25,0,25,合庫-彰化,2023-04-18,1028
2029,盛餘,25,0,25,合庫-彰化,2023-04-18,1028
00720B,元大投資級公司債,24,1,23,合庫-彰化,2023-04-18,1028
2402,毅嘉,60,37,23,合庫-彰化,2023-04-18,1028
2027,大成鋼,23,1,22,合庫-彰化,2023-04-18,1028
5009,榮剛,49,28,21,合庫-彰化,2023-04-18,1028
2883B,凱基金乙特,20,0,20,合庫-彰化,2023-04-18,1028
3481,群創,20,2,18,合庫-彰化,2023-04-18,1028
00878,國泰永續高股息,20,2,18,合庫-彰化,2023-04-18,1028
4968,立積,34,18,16,合庫-彰化,2023-04-18,1028
3105,穩懋,15,0,15,合庫-彰化,2023-04-18,1028
6741,91APP*-KY,16,1,15,合庫-彰化,2023-04-18,1028
2645,長榮航太,14,1,13,合庫-彰化,2023-04-18,1028
2009,第一銅,13,0,13,合庫-彰化,2023-04-18,1028
2417,圓剛,13,0,13,合庫-彰化,2023-04-18,1028
2453,凌群,22,9,13,合庫-彰化,2023-04-18,1028
6235,華孚,27,14,13,合庫-彰化,2023-04-18,1028
3576,聯合再生,14,2,12,合庫-彰化,2023-04-18,1028
2413,環科,15,4,11,合庫-彰化,2023-04-18,1028
6806,森崴能源,59,48,11,合庫-彰化,2023-04-18,1028
2332,友訊,10,0,10,合庫-彰化,2023-04-18,1028
2356,英業達,10,0,10,合庫-彰化,2023-04-18,1028
2492,華新科,20,10,10,合庫-彰化,2023-04-18,1028
3046,建��,10,0,10,合庫-彰化,2023-04-18,1028
5452,佶優,10,0,10,合庫-彰化,2023-04-18,1028
1809,中釉,10,1,9,合庫-彰化,2023-04-18,1028
2610,華航,9,0,9,合庫-彰化,2023-04-18,1028
3078,僑威,11,2,9,合庫-彰化,2023-04-18,1028
6719,力智,78,69,9,合庫-彰化,2023-04-18,1028
2303,聯電,16,8,8,合庫-彰化,2023-04-18,1028
6282,康舒,11,3,8,合庫-彰化,2023-04-18,1028
8069,元太,7,0,7,合庫-彰化,2023-04-18,1028
2454,聯發科,8,1,7,合庫-彰化,2023-04-18,1028
00888,永豐台灣ESG,7,0,7,合庫-彰化,2023-04-18,1028
00680L,元大美債20正2,7,0,7,合庫-彰化,2023-04-18,1028
1312,國喬,332,1,331,合庫-彰化,2023-04-19,1028
1471,首利,283,8,275,合庫-彰化,2023-04-19,1028
2867,三商壽,200,5,195,合庫-彰化,2023-04-19,1028
2634,漢翔,173,49,124,合庫-彰化,2023-04-19,1028
2889,國票金,105,0,105,合庫-彰化,2023-04-19,1028
3264,欣銓,100,0,100,合庫-彰化,2023-04-19,1028
3032,偉訓,78,0,78,合庫-彰化,2023-04-19,1028
2409,友達,54,1,53,合庫-彰化,2023-04-19,1028
3481,群創,74,26,48,合庫-彰化,2023-04-19,1028
2208,台船,69,25,44,合庫-彰化,2023-04-19,1028
1752,南光,46,3,43,合庫-彰化,2023-04-19,1028
00882,中信中國高股息,40,0,40,合庫-彰化,2023-04-19,1028
1584,精剛,43,5,38,合庫-彰化,2023-04-19,1028
00679B,元大美債20年,36,0,36,合庫-彰化,2023-04-19,1028
1810,和成,33,1,32,合庫-彰化,2023-04-19,1028
8059,凱碩,30,0,30,合庫-彰化,2023-04-19,1028
6412,群電,27,0,27,合庫-彰化,2023-04-19,1028
9946,三發地產,28,1,27,合庫-彰化,2023-04-19,1028
4541,晟田,26,1,25,合庫-彰化,2023-04-19,1028
00922,國泰台灣領袖50,24,0,24,合庫-彰化,2023-04-19,1028
6770,力積電,24,0,24,合庫-彰化,2023-04-19,1028
1309,台達化,23,0,23,合庫-彰化,2023-04-19,1028
0056,元大高股息,24,3,21,合庫-彰化,2023-04-19,1028
00753L,中信中國50正2,50,30,20,合庫-彰化,2023-04-19,1028
00715L,期街口布蘭特正2,20,1,19,合庫-彰化,2023-04-19,1028
00712,復華富時不動產,19,0,19,合庫-彰化,2023-04-19,1028
1802,台玻,22,5,17,合庫-彰化,2023-04-19,1028
3673,TPK-KY,24,7,17,合庫-彰化,2023-04-19,1028
4968,立積,18,2,16,合庫-彰化,2023-04-19,1028
3705,永信,15,0,15,合庫-彰化,2023-04-19,1028
00885,富邦越南,15,1,14,合庫-彰化,2023-04-19,1028
00878,國泰永續高股息,16,2,14,合庫-彰化,2023-04-19,1028
2371,大同,16,3,13,合庫-彰化,2023-04-19,1028
2457,飛宏,48,35,13,合庫-彰化,2023-04-19,1028
1519,華城,17,5,12,合庫-彰化,2023-04-19,1028
2340,台亞,12,0,12,合庫-彰化,2023-04-19,1028
2362,藍天,12,0,12,合庫-彰化,2023-04-19,1028
3221,台嘉碩,12,0,12,合庫-彰化,2023-04-19,1028
6160,欣技,65,53,12,合庫-彰化,2023-04-19,1028
00687B,國泰20年美債,11,0,11,合庫-彰化,2023-04-19,1028
00720B,元大投資級公司債,11,0,11,合庫-彰化,2023-04-19,1028
2342,茂矽,12,1,11,合庫-彰化,2023-04-19,1028
6234,高僑,11,0,11,合庫-彰化,2023-04-19,1028
00907,永豐優息存股,10,0,10,合庫-彰化,2023-04-19,1028
2596,綠意,10,0,10,合庫-彰化,2023-04-19,1028
3306,鼎天,10,0,10,合庫-彰化,2023-04-19,1028
3356,奇偶,10,0,10,合庫-彰化,2023-04-19,1028
4967,十銓,12,2,10,合庫-彰化,2023-04-19,1028
6592,和潤企業,10,0,10,合庫-彰化,2023-04-19,1028
00923,群益台ESG低碳50,9,0,9,合庫-彰化,2023-04-19,1028
2913,農林,85,5,80,合庫-彰化,2023-04-20,1028
6712,長聖,57,1,56,合庫-彰化,2023-04-20,1028
6689,伊雲谷,53,0,53,合庫-彰化,2023-04-20,1028
1312,國喬,81,35,46,合庫-彰化,2023-04-20,1028
6190,萬泰科,42,0,42,合庫-彰化,2023-04-20,1028
8097,常珵,45,6,39,合庫-彰化,2023-04-20,1028
6443,元晶,94,56,38,合庫-彰化,2023-04-20,1028
1218,泰山,30,0,30,合庫-彰化,2023-04-20,1028
2028,威致,30,0,30,合庫-彰化,2023-04-20,1028
00712,復華富時不動產,25,0,25,合庫-彰化,2023-04-20,1028
2528,皇普,21,0,21,合庫-彰化,2023-04-20,1028
00888,永豐台灣ESG,20,0,20,合庫-彰化,2023-04-20,1028
6235,華孚,43,23,20,合庫-彰化,2023-04-20,1028
00878,國泰永續高股息,25,6,19,合庫-彰化,2023-04-20,1028
3224,三顧,18,0,18,合庫-彰化,2023-04-20,1028
2634,漢翔,31,15,16,合庫-彰化,2023-04-20,1028
2515,中工,15,0,15,合庫-彰化,2023-04-20,1028
2618,長榮航,15,0,15,合庫-彰化,2023-04-20,1028
3712,永崴投控,17,3,14,合庫-彰化,2023-04-20,1028
6770,力積電,19,5,14,合庫-彰化,2023-04-20,1028
3231,緯創,47,34,13,合庫-彰化,2023-04-20,1028
4908,前鼎,12,0,12,合庫-彰化,2023-04-20,1028
3714,富采,11,0,11,合庫-彰化,2023-04-20,1028
1584,精剛,11,0,11,合庫-彰化,2023-04-20,1028
3045,台灣大,11,0,11,合庫-彰化,2023-04-20,1028
6120,達運,11,0,11,合庫-彰化,2023-04-20,1028
6129,普誠,11,0,11,合庫-彰化,2023-04-20,1028
0056,元大高股息,10,0,10,合庫-彰化,2023-04-20,1028
2399,映泰,10,0,10,合庫-彰化,2023-04-20,1028
2836,高雄銀,10,0,10,合庫-彰化,2023-04-20,1028
3011,今皓,10,0,10,合庫-彰化,2023-04-20,1028
3346,麗清,10,0,10,合庫-彰化,2023-04-20,1028
4128,中天,11,1,10,合庫-彰化,2023-04-20,1028
5321,美而快,10,0,10,合庫-彰化,2023-04-20,1028
5607,遠雄港,10,0,10,合庫-彰化,2023-04-20,1028
6125,廣運,11,1,10,合庫-彰化,2023-04-20,1028
1616,億泰,13,4,9,合庫-彰化,2023-04-20,1028
2413,環科,14,5,9,合庫-彰化,2023-04-20,1028
00882,中信中國高股息,8,0,8,合庫-彰化,2023-04-20,1028
1605,華新,13,5,8,合庫-彰化,2023-04-20,1028
2362,藍天,8,0,8,合庫-彰化,2023-04-20,1028
3141,晶宏,9,1,8,合庫-彰化,2023-04-20,1028
4541,晟田,8,0,8,合庫-彰化,2023-04-20,1028
5014,建錩,8,0,8,合庫-彰化,2023-04-20,1028
2303,聯電,9,2,7,合庫-彰化,2023-04-20,1028
8069,元太,13,6,7,合庫-彰化,2023-04-20,1028
00687B,國泰20年美債,7,0,7,合庫-彰化,2023-04-20,1028
1514,亞力,7,0,7,合庫-彰化,2023-04-20,1028
1904,正隆,14,7,7,合庫-彰化,2023-04-20,1028
4739,康普,7,0,7,合庫-彰化,2023-04-20,1028
00715L,期街口布蘭特正2,274,0,274,合庫-彰化,2023-04-21,1028
6282,康舒,311,49,262,合庫-彰化,2023-04-21,1028
00637L,元大滬深300正2,140,0,140,合庫-彰化,2023-04-21,1028
9902,台火,127,0,127,合庫-彰化,2023-04-21,1028
1611,中電,132,8,124,合庫-彰化,2023-04-21,1028
1326,台化,100,0,100,合庫-彰化,2023-04-21,1028
1301,台塑,100,0,100,合庫-彰化,2023-04-21,1028
2029,盛餘,95,0,95,合庫-彰化,2023-04-21,1028
2204,中華,101,11,90,合庫-彰化,2023-04-21,1028
1312,國喬,84,0,84,合庫-彰化,2023-04-21,1028
2633,台灣高鐵,50,8,42,合庫-彰化,2023-04-21,1028
3188,鑫龍騰,28,0,28,合庫-彰化,2023-04-21,1028
1616,億泰,30,3,27,合庫-彰化,2023-04-21,1028
2634,漢翔,40,14,26,合庫-彰化,2023-04-21,1028
00632R,元大台灣50反1,36,12,24,合庫-彰化,2023-04-21,1028
2368,金像電,25,2,23,合庫-彰化,2023-04-21,1028
00881,國泰台灣5G+,21,0,21,合庫-彰化,2023-04-21,1028
3058,立德,24,3,21,合庫-彰化,2023-04-21,1028
6443,元晶,24,3,21,合庫-彰化,2023-04-21,1028
2615,萬海,20,0,20,合庫-彰化,2023-04-21,1028
2399,映泰,20,0,20,合庫-彰化,2023-04-21,1028
6190,萬泰科,20,0,20,合庫-彰化,2023-04-21,1028
2351,順德,21,2,19,合庫-彰化,2023-04-21,1028
0056,元大高股息,21,3,18,合庫-彰化,2023-04-21,1028
2498,宏達電,20,2,18,合庫-彰化,2023-04-21,1028
1711,永光,22,6,16,合庫-彰化,2023-04-21,1028
1907,永豐餘,26,11,15,合庫-彰化,2023-04-21,1028
5009,榮剛,29,14,15,合庫-彰化,2023-04-21,1028
3711,日月光投控,85,70,15,合庫-彰化,2023-04-21,1028
2528,皇普,14,0,14,合庫-彰化,2023-04-21,1028
2206,三陽工業,26,13,13,合庫-彰化,2023-04-21,1028
2328,廣宇,13,0,13,合庫-彰化,2023-04-21,1028
00922,國泰台灣領袖50,12,0,12,合庫-彰化,2023-04-21,1028
00664R,國泰臺灣加權反1,12,0,12,合庫-彰化,2023-04-21,1028
1712,興農,13,1,12,合庫-彰化,2023-04-21,1028
1718,中纖,12,0,12,合庫-彰化,2023-04-21,1028
1909,榮成,26,14,12,合庫-彰化,2023-04-21,1028
6109,亞元,12,0,12,合庫-彰化,2023-04-21,1028
00720B,元大投資級公司債,11,0,11,合庫-彰化,2023-04-21,1028
1710,東聯,11,0,11,合庫-彰化,2023-04-21,1028
1903,士紙,11,1,10,合庫-彰化,2023-04-21,1028
2323,中環,10,0,10,合庫-彰化,2023-04-21,1028
2338,光罩,10,0,10,合庫-彰化,2023-04-21,1028
2383,台光電,10,0,10,合庫-彰化,2023-04-21,1028
2405,輔信,10,0,10,合庫-彰化,2023-04-21,1028
3669,圓展,10,0,10,合庫-彰化,2023-04-21,1028
5521,工信,10,0,10,合庫-彰化,2023-04-21,1028
2344,華邦電,10,1,9,合庫-彰化,2023-04-21,1028
2913,農林,45,36,9,合庫-彰化,2023-04-21,1028
6152,百一,9,0,9,合庫-彰化,2023-04-21,1028
3017,奇鋐,222,15,207,合庫-彰化,2023-04-24,1028
4967,十銓,108,8,100,合庫-彰化,2023-04-24,1028
4123,晟德,101,6,95,合庫-彰化,2023-04-24,1028
00637L,元大滬深300正2,52,0,52,合庫-彰化,2023-04-24,1028
00715L,期街口布蘭特正2,50,0,50,合庫-彰化,2023-04-24,1028
00902,中信電池及儲能,45,0,45,合庫-彰化,2023-04-24,1028
2303,聯電,43,1,42,合庫-彰化,2023-04-24,1028
00632R,元大台灣50反1,37,0,37,合庫-彰化,2023-04-24,1028
2442,新美齊,30,0,30,合庫-彰化,2023-04-24,1028
2886,兆豐金,29,0,29,合庫-彰化,2023-04-24,1028
00878,國泰永續高股息,24,1,23,合庫-彰化,2023-04-24,1028
00712,復華富時不動產,23,0,23,合庫-彰化,2023-04-24,1028
4743,合一,18,1,17,合庫-彰化,2023-04-24,1028
6122,擎邦,16,0,16,合庫-彰化,2023-04-24,1028
3484,崧騰,15,0,15,合庫-彰化,2023-04-24,1028
1904,正隆,43,29,14,合庫-彰化,2023-04-24,1028
3715,定穎投控,29,16,13,合庫-彰化,2023-04-24,1028
4111,濟生,13,0,13,合庫-彰化,2023-04-24,1028
1101,台泥,40,27,13,合庫-彰化,2023-04-24,1028
00679B,元大美債20年,12,0,12,合庫-彰化,2023-04-24,1028
00664R,國泰臺灣加權反1,12,0,12,合庫-彰化,2023-04-24,1028
2029,盛餘,12,0,12,合庫-彰化,2023-04-24,1028
3078,僑威,15,3,12,合庫-彰化,2023-04-24,1028
6167,久正,12,0,12,合庫-彰化,2023-04-24,1028
2883,凱基金,11,0,11,合庫-彰化,2023-04-24,1028
3272,東碩,11,0,11,合庫-彰化,2023-04-24,1028
1301,台塑,10,0,10,合庫-彰化,2023-04-24,1028
00633L,富邦上証正2,10,0,10,合庫-彰化,2023-04-24,1028
2393,億光,10,0,10,合庫-彰化,2023-04-24,1028
2438,翔耀,10,0,10,合庫-彰化,2023-04-24,1028
2836,高雄銀,10,0,10,合庫-彰化,2023-04-24,1028
2867,三商壽,11,1,10,合庫-彰化,2023-04-24,1028
3090,日電貿,10,0,10,合庫-彰化,2023-04-24,1028
5284,jpp-KY,10,0,10,合庫-彰化,2023-04-24,1028
8996,高力,10,0,10,合庫-彰化,2023-04-24,1028
3035,智原,12,3,9,合庫-彰化,2023-04-24,1028
3481,群創,11,2,9,合庫-彰化,2023-04-24,1028
1784,訊聯,8,0,8,合庫-彰化,2023-04-24,1028
2002,中鋼,7,0,7,合庫-彰化,2023-04-24,1028
2492,華新科,7,0,7,合庫-彰化,2023-04-24,1028
5243,乙盛-KY,7,0,7,合庫-彰化,2023-04-24,1028
1907,永豐餘,9,3,6,合庫-彰化,2023-04-24,1028
00687B,國泰20年美債,6,0,6,合庫-彰化,2023-04-24,1028
00720B,元大投資級公司債,6,0,6,合庫-彰化,2023-04-24,1028
00892,富邦台灣半導體,6,0,6,合庫-彰化,2023-04-24,1028
00853B,統一美債10年Aa-,6,0,6,合庫-彰化,2023-04-24,1028
2457,飛宏,15,9,6,合庫-彰化,2023-04-24,1028
4770,上品,7,1,6,合庫-彰化,2023-04-24,1028
1304,台聚,5,0,5,合庫-彰化,2023-04-24,1028
1584,精剛,5,0,5,合庫-彰化,2023-04-24,1028
8215,明基材,227,6,221,合庫-彰化,2023-04-25,1028
2913,農林,340,181,159,合庫-彰化,2023-04-25,1028
4116,明基醫,142,28,114,合庫-彰化,2023-04-25,1028
0056,元大高股息,97,2,95,合庫-彰化,2023-04-25,1028
3078,僑威,88,1,87,合庫-彰化,2023-04-25,1028
00664R,國泰臺灣加權反1,81,0,81,合庫-彰化,2023-04-25,1028
2029,盛餘,70,0,70,合庫-彰化,2023-04-25,1028
1503,士電,56,2,54,合庫-彰化,2023-04-25,1028
3703,欣陸,50,0,50,合庫-彰化,2023-04-25,1028
8097,常珵,70,20,50,合庫-彰化,2023-04-25,1028
1312,國喬,49,0,49,合庫-彰化,2023-04-25,1028
2516,新建,48,0,48,合庫-彰化,2023-04-25,1028
3017,奇鋐,61,17,44,合庫-彰化,2023-04-25,1028
00637L,元大滬深300正2,50,10,40,合庫-彰化,2023-04-25,1028
5009,榮剛,51,14,37,合庫-彰化,2023-04-25,1028
00878,國泰永續高股息,73,37,36,合庫-彰化,2023-04-25,1028
2368,金像電,32,0,32,合庫-彰化,2023-04-25,1028
00902,中信電池及儲能,34,2,32,合庫-彰化,2023-04-25,1028
3231,緯創,34,2,32,合庫-彰化,2023-04-25,1028
1809,中釉,30,0,30,合庫-彰化,2023-04-25,1028
3356,奇偶,30,0,30,合庫-彰化,2023-04-25,1028
2515,中工,28,0,28,合庫-彰化,2023-04-25,1028
3188,鑫龍騰,27,0,27,合庫-彰化,2023-04-25,1028
2457,飛宏,37,11,26,合庫-彰化,2023-04-25,1028
2328,廣宇,22,0,22,合庫-彰化,2023-04-25,1028
2482,連宇,25,4,21,合庫-彰化,2023-04-25,1028
2442,新美齊,20,0,20,合庫-彰化,2023-04-25,1028
4566,時碩工業,21,1,20,合庫-彰化,2023-04-25,1028
9902,台火,20,0,20,合庫-彰化,2023-04-25,1028
1905,華紙,36,17,19,合庫-彰化,2023-04-25,1028
6443,元晶,32,13,19,合庫-彰化,2023-04-25,1028
1909,榮成,19,1,18,合庫-彰化,2023-04-25,1028
2031,新光鋼,16,0,16,合庫-彰化,2023-04-25,1028
4919,新唐,20,4,16,合庫-彰化,2023-04-25,1028
2002,中鋼,16,1,15,合庫-彰化,2023-04-25,1028
2610,華航,17,2,15,合庫-彰化,2023-04-25,1028
3303,岱稜,14,0,14,合庫-彰化,2023-04-25,1028
3481,群創,19,5,14,合庫-彰化,2023-04-25,1028
2890,永豐金,16,3,13,合庫-彰化,2023-04-25,1028
3576,聯合再生,14,1,13,合庫-彰化,2023-04-25,1028
2337,旺宏,12,0,12,合庫-彰化,2023-04-25,1028
2520,冠德,12,0,12,合庫-彰化,2023-04-25,1028
6770,力積電,12,0,12,合庫-彰化,2023-04-25,1028
00720B,元大投資級公司債,11,0,11,合庫-彰化,2023-04-25,1028
1605,華新,13,2,11,合庫-彰化,2023-04-25,1028
2634,漢翔,62,51,11,合庫-彰化,2023-04-25,1028
3707,漢磊,11,0,11,合庫-彰化,2023-04-25,1028
00679B,元大美債20年,13,3,10,合庫-彰化,2023-04-25,1028
00712,復華富時不動產,11,1,10,合庫-彰化,2023-04-25,1028
00650L,復華香港正2,10,0,10,合庫-彰化,2023-04-25,1028
1310,台苯,165,1,164,合庫-彰化,2023-04-26,1028
2002,中鋼,111,3,108,合庫-彰化,2023-04-26,1028
1312,國喬,101,0,101,合庫-彰化,2023-04-26,1028
00715L,期街口布蘭特正2,81,0,81,合庫-彰化,2023-04-26,1028
6412,群電,74,0,74,合庫-彰化,2023-04-26,1028
00878,國泰永續高股息,73,5,68,合庫-彰化,2023-04-26,1028
2887,台新金,63,5,58,合庫-彰化,2023-04-26,1028
2104,國際中橡,47,0,47,合庫-彰化,2023-04-26,1028
00664R,國泰臺灣加權反1,50,5,45,合庫-彰化,2023-04-26,1028
00712,復華富時不動產,38,0,38,合庫-彰化,2023-04-26,1028
8222,寶一,32,5,27,合庫-彰化,2023-04-26,1028
2206,三陽工業,32,8,24,合庫-彰化,2023-04-26,1028
4953,緯軟,26,2,24,合庫-彰化,2023-04-26,1028
3624,光頡,24,1,23,合庫-彰化,2023-04-26,1028
00751B,元大AAA至A公司債,20,0,20,合庫-彰化,2023-04-26,1028
1445,大宇,20,0,20,合庫-彰化,2023-04-26,1028
2603,長榮,21,1,20,合庫-彰化,2023-04-26,1028
5392,能率,18,0,18,合庫-彰化,2023-04-26,1028
8069,元太,29,11,18,合庫-彰化,2023-04-26,1028
8996,高力,32,14,18,合庫-彰化,2023-04-26,1028
2303,聯電,21,4,17,合庫-彰化,2023-04-26,1028
2609,陽明,16,0,16,合庫-彰化,2023-04-26,1028
2495,普安,16,0,16,合庫-彰化,2023-04-26,1028
00687B,國泰20年美債,15,1,14,合庫-彰化,2023-04-26,1028
2029,盛餘,14,0,14,合庫-彰化,2023-04-26,1028
4545,銘鈺,14,0,14,合庫-彰化,2023-04-26,1028
3711,日月光投控,13,0,13,合庫-彰化,2023-04-26,1028
00679B,元大美債20年,12,0,12,合庫-彰化,2023-04-26,1028
1784,訊聯,11,0,11,合庫-彰化,2023-04-26,1028
2330,台積電,11,1,10,合庫-彰化,2023-04-26,1028
00900,富邦特選高股息30,13,3,10,合庫-彰化,2023-04-26,1028
1540,喬福,10,0,10,合庫-彰化,2023-04-26,1028
1810,和成,10,0,10,合庫-彰化,2023-04-26,1028
2027,大成鋼,10,0,10,合庫-彰化,2023-04-26,1028
2340,台亞,10,0,10,合庫-彰化,2023-04-26,1028
6257,矽格,10,0,10,合庫-彰化,2023-04-26,1028
6789,采鈺,10,0,10,合庫-彰化,2023-04-26,1028
1471,首利,10,1,9,合庫-彰化,2023-04-26,1028
2883,凱基金,11,2,9,合庫-彰化,2023-04-26,1028
2618,長榮航,10,2,8,合庫-彰化,2023-04-26,1028
00881,國泰台灣5G+,8,0,8,合庫-彰化,2023-04-26,1028
2344,華邦電,8,0,8,合庫-彰化,2023-04-26,1028
4121,優盛,8,0,8,合庫-彰化,2023-04-26,1028
6179,亞通,8,0,8,合庫-彰化,2023-04-26,1028
6234,高僑,8,0,8,合庫-彰化,2023-04-26,1028
2369,菱生,7,0,7,合庫-彰化,2023-04-26,1028
3294,英濟,8,1,7,合庫-彰化,2023-04-26,1028
6669,緯穎,10,3,7,合庫-彰化,2023-04-26,1028
0050,元大台灣50,6,0,6,合庫-彰化,2023-04-26,1028
00888,永豐台灣ESG,10,4,6,合庫-彰化,2023-04-26,1028
1471,首利,135,0,135,合庫-彰化,2023-04-27,1028
3017,奇鋐,118,2,116,合庫-彰化,2023-04-27,1028
00715L,期街口布蘭特正2,109,0,109,合庫-彰化,2023-04-27,1028
3032,偉訓,102,0,102,合庫-彰化,2023-04-27,1028
1727,中華化,87,10,77,合庫-彰化,2023-04-27,1028
6412,群電,77,2,75,合庫-彰化,2023-04-27,1028
2344,華邦電,80,12,68,合庫-彰化,2023-04-27,1028
1310,台苯,65,0,65,合庫-彰化,2023-04-27,1028
00669R,國泰美國道瓊反1,40,0,40,合庫-彰化,2023-04-27,1028
1533,車王電,38,0,38,合庫-彰化,2023-04-27,1028
6282,康舒,55,21,34,合庫-彰化,2023-04-27,1028
2303,聯電,38,5,33,合庫-彰化,2023-04-27,1028
3624,光頡,30,1,29,合庫-彰化,2023-04-27,1028
00751B,元大AAA至A公司債,23,0,23,合庫-彰化,2023-04-27,1028
2029,盛餘,21,0,21,合庫-彰化,2023-04-27,1028
2442,新美齊,20,0,20,合庫-彰化,2023-04-27,1028
00795B,中信美國公債20年,19,0,19,合庫-彰化,2023-04-27,1028
2913,農林,46,28,18,合庫-彰化,2023-04-27,1028
00632R,元大台灣50反1,20,3,17,合庫-彰化,2023-04-27,1028
6005,群益證,17,0,17,合庫-彰化,2023-04-27,1028
2609,陽明,19,2,17,合庫-彰化,2023-04-27,1028
1905,華紙,30,14,16,合庫-彰化,2023-04-27,1028
0056,元大高股息,19,4,15,合庫-彰化,2023-04-27,1028
2352,佳世達,14,0,14,合庫-彰化,2023-04-27,1028
00878,國泰永續高股息,15,2,13,合庫-彰化,2023-04-27,1028
2330,台積電,12,0,12,合庫-彰化,2023-04-27,1028
2351,順德,13,1,12,合庫-彰化,2023-04-27,1028
2855,統一證,12,0,12,合庫-彰化,2023-04-27,1028
3481,群創,12,0,12,合庫-彰化,2023-04-27,1028
6128,上福,10,0,10,合庫-彰化,2023-04-27,1028
00720B,元大投資級公司債,10,0,10,合庫-彰化,2023-04-27,1028
00687B,國泰20年美債,10,0,10,合庫-彰化,2023-04-27,1028
2002,中鋼,18,9,9,合庫-彰化,2023-04-27,1028
00712,復華富時不動產,9,0,9,合庫-彰化,2023-04-27,1028
5425,台半,10,1,9,合庫-彰化,2023-04-27,1028
00772B,中信高評級公司債,8,0,8,合庫-彰化,2023-04-27,1028
8996,高力,8,0,8,合庫-彰化,2023-04-27,1028
2603,長榮,13,5,8,合庫-彰化,2023-04-27,1028
2645,長榮航太,7,0,7,合庫-彰化,2023-04-27,1028
00664R,國泰臺灣加權反1,6,0,6,合庫-彰化,2023-04-27,1028
1591,駿吉-KY,6,0,6,合庫-彰化,2023-04-27,1028
2409,友達,6,0,6,合庫-彰化,2023-04-27,1028
4743,合一,6,0,6,合庫-彰化,2023-04-27,1028
6245,立端,6,0,6,合庫-彰化,2023-04-27,1028
6697,東捷資訊,6,0,6,合庫-彰化,2023-04-27,1028
8038,長園科,9,3,6,合庫-彰化,2023-04-27,1028
9934,成霖,6,0,6,合庫-彰化,2023-04-27,1028
2801,彰銀,6,0,6,合庫-彰化,2023-04-27,1028
00642U,期元大S＆P石油,17,12,5,合庫-彰化,2023-04-27,1028
00853B,統一美債10年Aa-,5,0,5,合庫-彰化,2023-04-27,1028
2867,三商壽,200,8,192,合庫-彰化,2023-04-28,1028
2409,友達,122,0,122,合庫-彰化,2023-04-28,1028
3481,群創,75,6,69,合庫-彰化,2023-04-28,1028
2344,華邦電,79,21,58,合庫-彰化,2023-04-28,1028
1584,精剛,55,0,55,合庫-彰化,2023-04-28,1028
4953,緯軟,40,3,37,合庫-彰化,2023-04-28,1028
2303,聯電,30,1,29,合庫-彰化,2023-04-28,1028
6741,91APP*-KY,62,36,26,合庫-彰化,2023-04-28,1028
3032,偉訓,26,1,25,合庫-彰化,2023-04-28,1028
9902,台火,20,0,20,合庫-彰化,2023-04-28,1028
3704,合勤控,18,0,18,合庫-彰化,2023-04-28,1028
1810,和成,17,0,17,合庫-彰化,2023-04-28,1028
2029,盛餘,17,0,17,合庫-彰化,2023-04-28,1028
00720B,元大投資級公司債,17,2,15,合庫-彰化,2023-04-28,1028
00772B,中信高評級公司債,14,0,14,合庫-彰化,2023-04-28,1028
9105,泰金寶-DR,14,0,14,合庫-彰化,2023-04-28,1028
1210,大成,13,0,13,合庫-彰化,2023-04-28,1028
3029,零壹,26,13,13,合庫-彰化,2023-04-28,1028
5009,榮剛,97,85,12,合庫-彰化,2023-04-28,1028
6533,晶心科,47,35,12,合庫-彰化,2023-04-28,1028
2887,台新金,18,7,11,合庫-彰化,2023-04-28,1028
00679B,元大美債20年,12,1,11,合庫-彰化,2023-04-28,1028
1310,台苯,11,0,11,合庫-彰化,2023-04-28,1028
2393,億光,10,0,10,合庫-彰化,2023-04-28,1028
3591,艾笛森,10,0,10,合庫-彰化,2023-04-28,1028
4123,晟德,10,0,10,合庫-彰化,2023-04-28,1028
5392,能率,10,0,10,合庫-彰化,2023-04-28,1028
1101,台泥,11,2,9,合庫-彰化,2023-04-28,1028
2634,漢翔,40,31,9,合庫-彰化,2023-04-28,1028
8097,常珵,10,1,9,合庫-彰化,2023-04-28,1028
9933,中鼎,10,1,9,合庫-彰化,2023-04-28,1028
6799,來頡,17,9,8,合庫-彰化,2023-04-28,1028
0056,元大高股息,10,2,8,合庫-彰化,2023-04-28,1028
1752,南光,13,5,8,合庫-彰化,2023-04-28,1028
2002,中鋼,8,0,8,合庫-彰化,2023-04-28,1028
3532,台勝科,9,1,8,合庫-彰化,2023-04-28,1028
6244,茂迪,10,2,8,合庫-彰化,2023-04-28,1028
6282,康舒,14,6,8,合庫-彰化,2023-04-28,1028
6829,千附精密,41,33,8,合庫-彰化,2023-04-28,1028
7402,邑錡,8,0,8,合庫-彰化,2023-04-28,1028
8403,盛弘,8,0,8,合庫-彰化,2023-04-28,1028
1591,駿吉-KY,7,0,7,合庫-彰化,2023-04-28,1028
2492,華新科,7,0,7,合庫-彰化,2023-04-28,1028
2926,誠品生活,7,0,7,合庫-彰化,2023-04-28,1028
6532,瑞耘,8,1,7,合庫-彰化,2023-04-28,1028
8054,安國,7,0,7,合庫-彰化,2023-04-28,1028
1219,福壽,6,0,6,合庫-彰化,2023-04-28,1028
2331,精英,6,0,6,合庫-彰化,2023-04-28,1028
8121,越峰,9,3,6,合庫-彰化,2023-04-28,1028
8215,明基材,6,0,6,合庫-彰化,2023-04-28,1028
2603,長榮,155,3,152,合庫-彰化,2023-05-02,1028
1720,生達,152,1,151,合庫-彰化,2023-05-02,1028
00720B,元大投資級公司債,88,0,88,合庫-彰化,2023-05-02,1028
1503,士電,72,4,68,合庫-彰化,2023-05-02,1028
3032,偉訓,76,22,54,合庫-彰化,2023-05-02,1028
2368,金像電,52,0,52,合庫-彰化,2023-05-02,1028
3078,僑威,56,5,51,合庫-彰化,2023-05-02,1028
1809,中釉,53,2,51,合庫-彰化,2023-05-02,1028
00903,富邦元宇宙,50,2,48,合庫-彰化,2023-05-02,1028
2371,大同,52,17,35,合庫-彰化,2023-05-02,1028
1215,卜蜂,32,1,31,合庫-彰化,2023-05-02,1028
2022,聚亨,33,4,29,合庫-彰化,2023-05-02,1028
00679B,元大美債20年,26,0,26,合庫-彰化,2023-05-02,1028
6188,廣明,25,1,24,合庫-彰化,2023-05-02,1028
00878,國泰永續高股息,24,1,23,合庫-彰化,2023-05-02,1028
2409,友達,22,0,22,合庫-彰化,2023-05-02,1028
00772B,中信高評級公司債,20,0,20,合庫-彰化,2023-05-02,1028
3481,群創,21,2,19,合庫-彰化,2023-05-02,1028
1584,精剛,20,1,19,合庫-彰化,2023-05-02,1028
0050,元大台灣50,17,0,17,合庫-彰化,2023-05-02,1028
6179,亞通,17,0,17,合庫-彰化,2023-05-02,1028
2489,瑞軒,16,0,16,合庫-彰化,2023-05-02,1028
5381,合正,14,0,14,合庫-彰化,2023-05-02,1028
2402,毅嘉,13,0,13,合庫-彰化,2023-05-02,1028
4961,天鈺,18,5,13,合庫-彰化,2023-05-02,1028
00696B,富邦美債20年,12,0,12,合庫-彰化,2023-05-02,1028
00680L,元大美債20正2,11,0,11,合庫-彰化,2023-05-02,1028
1701,中化,11,0,11,合庫-彰化,2023-05-02,1028
00753L,中信中國50正2,10,0,10,合庫-彰化,2023-05-02,1028
2609,陽明,10,0,10,合庫-彰化,2023-05-02,1028
3321,同泰,10,0,10,合庫-彰化,2023-05-02,1028
8040,九暘,10,0,10,合庫-彰化,2023-05-02,1028
4562,穎漢,9,0,9,合庫-彰化,2023-05-02,1028
6477,安集,12,3,9,合庫-彰化,2023-05-02,1028
6234,高僑,14,6,8,合庫-彰化,2023-05-02,1028
00687B,國泰20年美債,10,2,8,合庫-彰化,2023-05-02,1028
2344,華邦電,9,2,7,合庫-彰化,2023-05-02,1028
1529,樂事綠能,7,1,6,合庫-彰化,2023-05-02,1028
2029,盛餘,6,0,6,合庫-彰化,2023-05-02,1028
3189,景碩,10,4,6,合庫-彰化,2023-05-02,1028
3540,曜越,8,2,6,合庫-彰化,2023-05-02,1028
5403,中菲,8,2,6,合庫-彰化,2023-05-02,1028
2303,聯電,10,5,5,合庫-彰化,2023-05-02,1028
2349,錸德,5,0,5,合庫-彰化,2023-05-02,1028
2534,宏盛,5,0,5,合庫-彰化,2023-05-02,1028
3576,聯合再生,5,0,5,合庫-彰化,2023-05-02,1028
4121,優盛,10,5,5,合庫-彰化,2023-05-02,1028
4904,遠傳,5,0,5,合庫-彰化,2023-05-02,1028
6125,廣運,5,0,5,合庫-彰化,2023-05-02,1028
6153,嘉聯益,5,0,5,合庫-彰化,2023-05-02,1028
00715L,期街口布蘭特正2,1160,0,1160,合庫-彰化,2023-05-03,1028
8121,越峰,173,4,169,合庫-彰化,2023-05-03,1028
2603,長榮,150,3,147,合庫-彰化,2023-05-03,1028
00712,復華富時不動產,112,0,112,合庫-彰化,2023-05-03,1028
6112,邁達特,111,5,106,合庫-彰化,2023-05-03,1028
2208,台船,93,3,90,合庫-彰化,2023-05-03,1028
3060,銘異,80,0,80,合庫-彰化,2023-05-03,1028
2029,盛餘,56,0,56,合庫-彰化,2023-05-03,1028
00878,國泰永續高股息,60,5,55,合庫-彰化,2023-05-03,1028
00632R,元大台灣50反1,50,2,48,合庫-彰化,2023-05-03,1028
2637,慧洋-KY,40,1,39,合庫-彰化,2023-05-03,1028
6282,康舒,39,0,39,合庫-彰化,2023-05-03,1028
2880,華南金,36,0,36,合庫-彰化,2023-05-03,1028
3078,僑威,53,19,34,合庫-彰化,2023-05-03,1028
1210,大成,35,2,33,合庫-彰化,2023-05-03,1028
3669,圓展,20,0,20,合庫-彰化,2023-05-03,1028
00882,中信中國高股息,19,0,19,合庫-彰化,2023-05-03,1028
4173,久裕,18,0,18,合庫-彰化,2023-05-03,1028
2609,陽明,18,1,17,合庫-彰化,2023-05-03,1028
1514,亞力,24,8,16,合庫-彰化,2023-05-03,1028
4909,新復興,15,0,15,合庫-彰化,2023-05-03,1028
4968,立積,22,8,14,合庫-彰化,2023-05-03,1028
2201,裕隆,20,6,14,合庫-彰化,2023-05-03,1028
3481,群創,19,5,14,合庫-彰化,2023-05-03,1028
3231,緯創,15,2,13,合庫-彰化,2023-05-03,1028
0056,元大高股息,14,1,13,合庫-彰化,2023-05-03,1028
1609,大亞,24,12,12,合庫-彰化,2023-05-03,1028
2409,友達,12,0,12,合庫-彰化,2023-05-03,1028
3714,富采,17,5,12,合庫-彰化,2023-05-03,1028
2889,國票金,21,10,11,合庫-彰化,2023-05-03,1028
1312,國喬,11,0,11,合庫-彰化,2023-05-03,1028
2371,大同,20,9,11,合庫-彰化,2023-05-03,1028
3704,合勤控,11,0,11,合庫-彰化,2023-05-03,1028
4123,晟德,11,0,11,合庫-彰化,2023-05-03,1028
4944,兆遠,10,0,10,合庫-彰化,2023-05-03,1028
00752,中信中國50,10,0,10,合庫-彰化,2023-05-03,1028
00725B,國泰投資級公司債,10,0,10,合庫-彰化,2023-05-03,1028
00772B,中信高評級公司債,10,0,10,合庫-彰化,2023-05-03,1028
00633L,富邦上証正2,10,0,10,合庫-彰化,2023-05-03,1028
1445,大宇,10,0,10,合庫-彰化,2023-05-03,1028
2243,宏旭-KY,10,0,10,合庫-彰化,2023-05-03,1028
2453,凌群,15,5,10,合庫-彰化,2023-05-03,1028
2887,台新金,10,0,10,合庫-彰化,2023-05-03,1028
4702,中美實,10,0,10,合庫-彰化,2023-05-03,1028
4927,泰鼎-KY,10,0,10,合庫-彰化,2023-05-03,1028
6733,博晟生醫,10,0,10,合庫-彰化,2023-05-03,1028
6752,叡揚,10,0,10,合庫-彰化,2023-05-03,1028
5009,榮剛,14,5,9,合庫-彰化,2023-05-03,1028
6533,晶心科,8,0,8,合庫-彰化,2023-05-03,1028
1217,愛之味,8,0,8,合庫-彰化,2023-05-03,1028
00642U,期元大S＆P石油,598,0,598,合庫-彰化,2023-05-04,1028
00715L,期街口布蘭特正2,264,20,244,合庫-彰化,2023-05-04,1028
2206,三陽工業,165,1,164,合庫-彰化,2023-05-04,1028
3033,威健,100,10,90,合庫-彰化,2023-05-04,1028
2489,瑞軒,159,73,86,合庫-彰化,2023-05-04,1028
2208,台船,75,0,75,合庫-彰化,2023-05-04,1028
2409,友達,62,1,61,合庫-彰化,2023-05-04,1028
1609,大亞,114,57,57,合庫-彰化,2023-05-04,1028
00888,永豐台灣ESG,54,0,54,合庫-彰化,2023-05-04,1028
4746,台耀,59,5,54,合庫-彰化,2023-05-04,1028
8155,博智,53,0,53,合庫-彰化,2023-05-04,1028
1503,士電,52,2,50,合庫-彰化,2023-05-04,1028
2359,所羅門,50,0,50,合庫-彰化,2023-05-04,1028
1720,生達,50,1,49,合庫-彰化,2023-05-04,1028
00712,復華富時不動產,44,0,44,合庫-彰化,2023-05-04,1028
00878,國泰永續高股息,42,0,42,合庫-彰化,2023-05-04,1028
2331,精英,79,37,42,合庫-彰化,2023-05-04,1028
00632R,元大台灣50反1,50,15,35,合庫-彰化,2023-05-04,1028
5880,合庫金,33,2,31,合庫-彰化,2023-05-04,1028
4953,緯軟,78,53,25,合庫-彰化,2023-05-04,1028
2029,盛餘,24,0,24,合庫-彰化,2023-05-04,1028
00720B,元大投資級公司債,24,1,23,合庫-彰化,2023-05-04,1028
2002,中鋼,27,6,21,合庫-彰化,2023-05-04,1028
4938,和碩,20,0,20,合庫-彰化,2023-05-04,1028
2101,南港,17,0,17,合庫-彰化,2023-05-04,1028
2471,資通,24,8,16,合庫-彰化,2023-05-04,1028
00751B,元大AAA至A公司債,15,0,15,合庫-彰化,2023-05-04,1028
6443,元晶,14,0,14,合庫-彰化,2023-05-04,1028
00679B,元大美債20年,13,0,13,合庫-彰化,2023-05-04,1028
2457,飛宏,16,3,13,合庫-彰化,2023-05-04,1028
6152,百一,12,0,12,合庫-彰化,2023-05-04,1028
6733,博晟生醫,12,0,12,合庫-彰化,2023-05-04,1028
00664R,國泰臺灣加權反1,10,0,10,合庫-彰化,2023-05-04,1028
2352,佳世達,10,0,10,合庫-彰化,2023-05-04,1028
2867,三商壽,10,0,10,合庫-彰化,2023-05-04,1028
3669,圓展,10,0,10,合庫-彰化,2023-05-04,1028
8046,南電,17,7,10,合庫-彰化,2023-05-04,1028
00900,富邦特選高股息30,11,2,9,合庫-彰化,2023-05-04,1028
3006,晶豪科,12,3,9,合庫-彰化,2023-05-04,1028
1710,東聯,8,0,8,合庫-彰化,2023-05-04,1028
4968,立積,12,4,8,合庫-彰化,2023-05-04,1028
5381,合正,8,0,8,合庫-彰化,2023-05-04,1028
1319,東陽,11,4,7,合庫-彰化,2023-05-04,1028
00772B,中信高評級公司債,7,0,7,合庫-彰化,2023-05-04,1028
3704,合勤控,7,0,7,合庫-彰化,2023-05-04,1028
6799,來頡,11,4,7,合庫-彰化,2023-05-04,1028
9939,宏全,7,0,7,合庫-彰化,2023-05-04,1028
5009,榮剛,20,13,7,合庫-彰化,2023-05-04,1028
1905,華紙,7,1,6,合庫-彰化,2023-05-04,1028
2009,第一銅,6,0,6,合庫-彰化,2023-05-04,1028
00642U,期元大S＆P石油,526,0,526,合庫-彰化,2023-05-05,1028
3017,奇鋐,280,28,252,合庫-彰化,2023-05-05,1028
8403,盛弘,150,4,146,合庫-彰化,2023-05-05,1028
00715L,期街口布蘭特正2,136,5,131,合庫-彰化,2023-05-05,1028
00632R,元大台灣50反1,120,10,110,合庫-彰化,2023-05-05,1028
2104,國際中橡,100,0,100,合庫-彰化,2023-05-05,1028
2867,三商壽,80,0,80,合庫-彰化,2023-05-05,1028
2368,金像電,77,3,74,合庫-彰化,2023-05-05,1028
2489,瑞軒,50,1,49,合庫-彰化,2023-05-05,1028
6112,邁達特,101,53,48,合庫-彰化,2023-05-05,1028
00772B,中信高評級公司債,36,0,36,合庫-彰化,2023-05-05,1028
00751B,元大AAA至A公司債,34,0,34,合庫-彰化,2023-05-05,1028
00878,國泰永續高股息,32,0,32,合庫-彰化,2023-05-05,1028
2022,聚亨,31,0,31,合庫-彰化,2023-05-05,1028
00712,復華富時不動產,34,5,29,合庫-彰化,2023-05-05,1028
2029,盛餘,27,0,27,合庫-彰化,2023-05-05,1028
2352,佳世達,36,9,27,合庫-彰化,2023-05-05,1028
3664,安瑞-KY,34,8,26,合庫-彰化,2023-05-05,1028
00720B,元大投資級公司債,28,3,25,合庫-彰化,2023-05-05,1028
5009,榮剛,32,8,24,合庫-彰化,2023-05-05,1028
1584,精剛,23,0,23,合庫-彰化,2023-05-05,1028
3712,永崴投控,27,4,23,合庫-彰化,2023-05-05,1028
5475,德宏,22,0,22,合庫-彰化,2023-05-05,1028
2353,宏��,21,0,21,合庫-彰化,2023-05-05,1028
3484,崧騰,20,0,20,合庫-彰化,2023-05-05,1028
2206,三陽工業,25,6,19,合庫-彰化,2023-05-05,1028
1734,杏輝,16,0,16,合庫-彰化,2023-05-05,1028
2897,王道銀行,15,0,15,合庫-彰化,2023-05-05,1028
4744,皇將,16,1,15,合庫-彰化,2023-05-05,1028
6443,元晶,16,1,15,合庫-彰化,2023-05-05,1028
2457,飛宏,16,2,14,合庫-彰化,2023-05-05,1028
3669,圓展,14,0,14,合庫-彰化,2023-05-05,1028
6129,普誠,14,0,14,合庫-彰化,2023-05-05,1028
6244,茂迪,37,23,14,合庫-彰化,2023-05-05,1028
1513,中興電,17,6,11,合庫-彰化,2023-05-05,1028
1528,恩德,11,0,11,合庫-彰化,2023-05-05,1028
3038,全台,15,4,11,合庫-彰化,2023-05-05,1028
5321,美而快,11,0,11,合庫-彰化,2023-05-05,1028
6205,詮欣,11,0,11,合庫-彰化,2023-05-05,1028
3714,富采,10,0,10,合庫-彰化,2023-05-05,1028
00917,中信特選金融,10,0,10,合庫-彰化,2023-05-05,1028
00924,復華S＆P500成長,10,0,10,合庫-彰化,2023-05-05,1028
1312,國喬,10,0,10,合庫-彰化,2023-05-05,1028
1445,大宇,10,0,10,合庫-彰化,2023-05-05,1028
2362,藍天,10,0,10,合庫-彰化,2023-05-05,1028
2515,中工,10,0,10,合庫-彰化,2023-05-05,1028
2615,萬海,10,0,10,合庫-彰化,2023-05-05,1028
4702,中美實,10,0,10,合庫-彰化,2023-05-05,1028
6122,擎邦,15,5,10,合庫-彰化,2023-05-05,1028
9955,佳龍,12,2,10,合庫-彰化,2023-05-05,1028
00715L,期街口布蘭特正2,430,57,373,合庫-彰化,2023-05-08,1028
1783,和康生,255,5,250,合庫-彰化,2023-05-08,1028
2337,旺宏,200,0,200,合庫-彰化,2023-05-08,1028
5608,四維航,59,0,59,合庫-彰化,2023-05-08,1028
2371,大同,62,6,56,合庫-彰化,2023-05-08,1028
1605,華新,46,2,44,合庫-彰化,2023-05-08,1028
2615,萬海,76,35,41,合庫-彰化,2023-05-08,1028
3149,正達,36,0,36,合庫-彰化,2023-05-08,1028
3715,定穎投控,62,28,34,合庫-彰化,2023-05-08,1028
2029,盛餘,23,0,23,合庫-彰化,2023-05-08,1028
2406,國碩,20,0,20,合庫-彰化,2023-05-08,1028
2542,興富發,20,0,20,合庫-彰化,2023-05-08,1028
6226,光鼎,19,0,19,合庫-彰化,2023-05-08,1028
2208,台船,21,3,18,合庫-彰化,2023-05-08,1028
4545,銘鈺,17,0,17,合庫-彰化,2023-05-08,1028
3714,富采,18,2,16,合庫-彰化,2023-05-08,1028
2442,新美齊,15,0,15,合庫-彰化,2023-05-08,1028
6245,立端,15,1,14,合庫-彰化,2023-05-08,1028
00720B,元大投資級公司債,13,0,13,合庫-彰化,2023-05-08,1028
9955,佳龍,18,5,13,合庫-彰化,2023-05-08,1028
00725B,國泰投資級公司債,12,0,12,合庫-彰化,2023-05-08,1028
2104,國際中橡,15,3,12,合庫-彰化,2023-05-08,1028
2634,漢翔,16,4,12,合庫-彰化,2023-05-08,1028
6733,博晟生醫,12,0,12,合庫-彰化,2023-05-08,1028
2351,順德,11,0,11,合庫-彰化,2023-05-08,1028
2515,中工,10,0,10,合庫-彰化,2023-05-08,1028
3591,艾笛森,10,0,10,合庫-彰化,2023-05-08,1028
4543,萬在,10,0,10,合庫-彰化,2023-05-08,1028
8097,常珵,10,0,10,合庫-彰化,2023-05-08,1028
8930,青鋼,10,0,10,合庫-彰化,2023-05-08,1028
2495,普安,9,0,9,合庫-彰化,2023-05-08,1028
00642U,期元大S＆P石油,10,2,8,合庫-彰化,2023-05-08,1028
1525,江申,8,0,8,合庫-彰化,2023-05-08,1028
2609,陽明,8,0,8,合庫-彰化,2023-05-08,1028
4979,華星光,14,6,8,合庫-彰化,2023-05-08,1028
6443,元晶,8,0,8,合庫-彰化,2023-05-08,1028
8442,威宏-KY,8,0,8,合庫-彰化,2023-05-08,1028
00853B,統一美債10年Aa-,7,0,7,合庫-彰化,2023-05-08,1028
1734,杏輝,7,0,7,合庫-彰化,2023-05-08,1028
2331,精英,12,5,7,合庫-彰化,2023-05-08,1028
2883,凱基金,54,47,7,合庫-彰化,2023-05-08,1028
3058,立德,7,0,7,合庫-彰化,2023-05-08,1028
3363,上詮,7,0,7,合庫-彰化,2023-05-08,1028
9933,中鼎,7,0,7,合庫-彰化,2023-05-08,1028
3481,群創,7,1,6,合庫-彰化,2023-05-08,1028
1504,東元,18,12,6,合庫-彰化,2023-05-08,1028
2359,所羅門,9,3,6,合庫-彰化,2023-05-08,1028
2801,彰銀,6,0,6,合庫-彰化,2023-05-08,1028
4739,康普,6,0,6,合庫-彰化,2023-05-08,1028
8222,寶一,9,3,6,合庫-彰化,2023-05-08,1028
00642U,期元大S＆P石油,443,1,442,合庫-彰化,2023-05-09,1028
2337,旺宏,403,1,402,合庫-彰化,2023-05-09,1028
6275,元山,213,10,203,合庫-彰化,2023-05-09,1028
2201,裕隆,195,2,193,合庫-彰化,2023-05-09,1028
2362,藍天,145,0,145,合庫-彰化,2023-05-09,1028
1584,精剛,94,3,91,合庫-彰化,2023-05-09,1028
8436,大江,54,0,54,合庫-彰化,2023-05-09,1028
2359,所羅門,55,3,52,合庫-彰化,2023-05-09,1028
5009,榮剛,51,5,46,合庫-彰化,2023-05-09,1028
8097,常珵,66,27,39,合庫-彰化,2023-05-09,1028
3712,永崴投控,46,10,36,合庫-彰化,2023-05-09,1028
1513,中興電,45,11,34,合庫-彰化,2023-05-09,1028
6112,邁達特,32,3,29,合庫-彰化,2023-05-09,1028
2023,燁輝,29,1,28,合庫-彰化,2023-05-09,1028
00680L,元大美債20正2,27,0,27,合庫-彰化,2023-05-09,1028
2206,三陽工業,31,5,26,合庫-彰化,2023-05-09,1028
4967,十銓,28,2,26,合庫-彰化,2023-05-09,1028
6443,元晶,25,0,25,合庫-彰化,2023-05-09,1028
1528,恩德,22,0,22,合庫-彰化,2023-05-09,1028
00720B,元大投資級公司債,18,0,18,合庫-彰化,2023-05-09,1028
00751B,元大AAA至A公司債,18,0,18,合庫-彰化,2023-05-09,1028
2482,連宇,20,2,18,合庫-彰化,2023-05-09,1028
00795B,中信美國公債20年,17,0,17,合庫-彰化,2023-05-09,1028
3483,力致,23,6,17,合庫-彰化,2023-05-09,1028
1101,台泥,20,4,16,合庫-彰化,2023-05-09,1028
1312,國喬,16,0,16,合庫-彰化,2023-05-09,1028
5356,協益,15,0,15,合庫-彰化,2023-05-09,1028
00772B,中信高評級公司債,14,0,14,合庫-彰化,2023-05-09,1028
1529,樂事綠能,22,8,14,合庫-彰化,2023-05-09,1028
9958,世紀鋼,14,0,14,合庫-彰化,2023-05-09,1028
00687B,國泰20年美債,13,0,13,合庫-彰化,2023-05-09,1028
2371,大同,18,5,13,合庫-彰化,2023-05-09,1028
6152,百一,12,0,12,合庫-彰化,2023-05-09,1028
6244,茂迪,23,12,11,合庫-彰化,2023-05-09,1028
8215,明基材,11,0,11,合庫-彰化,2023-05-09,1028
2303,聯電,10,0,10,合庫-彰化,2023-05-09,1028
4919,新唐,10,0,10,合庫-彰化,2023-05-09,1028
00688L,國泰20年美債正2,10,0,10,合庫-彰化,2023-05-09,1028
1218,泰山,12,2,10,合庫-彰化,2023-05-09,1028
2504,國產,10,0,10,合庫-彰化,2023-05-09,1028
2641,正德,10,0,10,合庫-彰化,2023-05-09,1028
3058,立德,14,4,10,合庫-彰化,2023-05-09,1028
3356,奇偶,10,0,10,合庫-彰化,2023-05-09,1028
4114,健喬,10,0,10,合庫-彰化,2023-05-09,1028
8390,金益鼎,10,0,10,合庫-彰化,2023-05-09,1028
2208,台船,11,2,9,合庫-彰化,2023-05-09,1028
3540,曜越,10,1,9,合庫-彰化,2023-05-09,1028
3576,聯合再生,9,0,9,合庫-彰化,2023-05-09,1028
6245,立端,9,0,9,合庫-彰化,2023-05-09,1028
2402,毅嘉,14,6,8,合庫-彰化,2023-05-09,1028
2337,旺宏,729,0,729,合庫-彰化,2023-05-10,1028
00664R,國泰臺灣加權反1,130,0,130,合庫-彰化,2023-05-10,1028
2887,台新金,105,0,105,合庫-彰化,2023-05-10,1028
1786,科妍,76,0,76,合庫-彰化,2023-05-10,1028
00687B,國泰20年美債,57,0,57,合庫-彰化,2023-05-10,1028
1584,精剛,50,0,50,合庫-彰化,2023-05-10,1028
3017,奇鋐,55,6,49,合庫-彰化,2023-05-10,1028
00882,中信中國高股息,38,0,38,合庫-彰化,2023-05-10,1028
5381,合正,34,0,34,合庫-彰化,2023-05-10,1028
00878,國泰永續高股息,34,1,33,合庫-彰化,2023-05-10,1028
2754,亞洲藏壽司,30,0,30,合庫-彰化,2023-05-10,1028
8436,大江,30,1,29,合庫-彰化,2023-05-10,1028
1609,大亞,60,32,28,合庫-彰化,2023-05-10,1028
2362,藍天,27,0,27,合庫-彰化,2023-05-10,1028
2022,聚亨,40,19,21,合庫-彰化,2023-05-10,1028
2880,華南金,22,1,21,合庫-彰化,2023-05-10,1028
1712,興農,20,0,20,合庫-彰化,2023-05-10,1028
3484,崧騰,20,0,20,合庫-彰化,2023-05-10,1028
3231,緯創,19,1,18,合庫-彰化,2023-05-10,1028
00680L,元大美債20正2,17,0,17,合庫-彰化,2023-05-10,1028
4979,華星光,18,1,17,合庫-彰化,2023-05-10,1028
2104,國際中橡,15,0,15,合庫-彰化,2023-05-10,1028
8097,常珵,35,20,15,合庫-彰化,2023-05-10,1028
00712,復華富時不動產,12,0,12,合庫-彰化,2023-05-10,1028
3044,健鼎,12,0,12,合庫-彰化,2023-05-10,1028
00713,元大台灣高息低波,11,0,11,合庫-彰化,2023-05-10,1028
1312,國喬,11,0,11,合庫-彰化,2023-05-10,1028
00753L,中信中國50正2,10,0,10,合庫-彰化,2023-05-10,1028
00650L,復華香港正2,10,0,10,合庫-彰化,2023-05-10,1028
2331,精英,10,0,10,合庫-彰化,2023-05-10,1028
2344,華邦電,12,2,10,合庫-彰化,2023-05-10,1028
2867,三商壽,13,3,10,合庫-彰化,2023-05-10,1028
4702,中美實,10,0,10,合庫-彰化,2023-05-10,1028
5484,慧友,10,0,10,合庫-彰化,2023-05-10,1028
8936,國統,10,0,10,合庫-彰化,2023-05-10,1028
00720B,元大投資級公司債,9,0,9,合庫-彰化,2023-05-10,1028
2034,允強,8,0,8,合庫-彰化,2023-05-10,1028
6235,華孚,8,0,8,合庫-彰化,2023-05-10,1028
00679B,元大美債20年,7,0,7,合庫-彰化,2023-05-10,1028
3209,全科,7,0,7,合庫-彰化,2023-05-10,1028
6026,福邦證,7,0,7,合庫-彰化,2023-05-10,1028
6625,必應,7,0,7,合庫-彰化,2023-05-10,1028
9933,中鼎,7,0,7,合庫-彰化,2023-05-10,1028
1907,永豐餘,6,0,6,合庫-彰化,2023-05-10,1028
2610,華航,11,5,6,合庫-彰化,2023-05-10,1028
3078,僑威,7,1,6,合庫-彰化,2023-05-10,1028
6689,伊雲谷,10,4,6,合庫-彰化,2023-05-10,1028
1409,新纖,6,0,6,合庫-彰化,2023-05-10,1028
00724B,群益投資級金融債,5,0,5,合庫-彰化,2023-05-10,1028
00690,兆豐藍籌30,5,0,5,合庫-彰化,2023-05-10,1028
8097,常珵,293,3,290,合庫-彰化,2023-05-11,1028
4967,十銓,111,6,105,合庫-彰化,2023-05-11,1028
9907,統一實,58,0,58,合庫-彰化,2023-05-11,1028
2409,友達,54,0,54,合庫-彰化,2023-05-11,1028
8069,元太,58,6,52,合庫-彰化,2023-05-11,1028
2368,金像電,51,0,51,合庫-彰化,2023-05-11,1028
2201,裕隆,51,2,49,合庫-彰化,2023-05-11,1028
8930,青鋼,40,0,40,合庫-彰化,2023-05-11,1028
3481,群創,54,19,35,合庫-彰化,2023-05-11,1028
2489,瑞軒,32,0,32,合庫-彰化,2023-05-11,1028
00882,中信中國高股息,31,0,31,合庫-彰化,2023-05-11,1028
6570,維田,31,1,30,合庫-彰化,2023-05-11,1028
00878,國泰永續高股息,31,9,22,合庫-彰化,2023-05-11,1028
5009,榮剛,40,18,22,合庫-彰化,2023-05-11,1028
6285,啟��,24,2,22,合庫-彰化,2023-05-11,1028
3356,奇偶,20,0,20,合庫-彰化,2023-05-11,1028
3484,崧騰,20,0,20,合庫-彰化,2023-05-11,1028
1525,江申,26,7,19,合庫-彰化,2023-05-11,1028
2362,藍天,18,0,18,合庫-彰化,2023-05-11,1028
6592,和潤企業,19,1,18,合庫-彰化,2023-05-11,1028
00772B,中信高評級公司債,20,3,17,合庫-彰化,2023-05-11,1028
0056,元大高股息,15,0,15,合庫-彰化,2023-05-11,1028
2402,毅嘉,21,6,15,合庫-彰化,2023-05-11,1028
3576,聯合再生,15,0,15,合庫-彰化,2023-05-11,1028
1609,大亞,22,8,14,合庫-彰化,2023-05-11,1028
2029,盛餘,13,0,13,合庫-彰化,2023-05-11,1028
2515,中工,13,0,13,合庫-彰化,2023-05-11,1028
00633L,富邦上証正2,12,0,12,合庫-彰化,2023-05-11,1028
4426,利勤,12,0,12,合庫-彰化,2023-05-11,1028
1312,國喬,11,0,11,合庫-彰化,2023-05-11,1028
2342,茂矽,11,0,11,合庫-彰化,2023-05-11,1028
2634,漢翔,20,9,11,合庫-彰化,2023-05-11,1028
6160,欣技,11,0,11,合庫-彰化,2023-05-11,1028
8996,高力,12,1,11,合庫-彰化,2023-05-11,1028
00795B,中信美國公債20年,10,0,10,合庫-彰化,2023-05-11,1028
1752,南光,10,0,10,合庫-彰化,2023-05-11,1028
3044,健鼎,10,0,10,合庫-彰化,2023-05-11,1028
3707,漢磊,10,0,10,合庫-彰化,2023-05-11,1028
6189,豐藝,10,0,10,合庫-彰化,2023-05-11,1028
8442,威宏-KY,10,0,10,合庫-彰化,2023-05-11,1028
1528,恩德,10,1,9,合庫-彰化,2023-05-11,1028
1605,華新,12,3,9,合庫-彰化,2023-05-11,1028
1723,中碳,9,0,9,合庫-彰化,2023-05-11,1028
2442,新美齊,10,1,9,合庫-彰化,2023-05-11,1028
2504,國產,9,0,9,合庫-彰化,2023-05-11,1028
3038,全台,9,0,9,合庫-彰化,2023-05-11,1028
6125,廣運,9,0,9,合庫-彰化,2023-05-11,1028
1101,台泥,9,1,8,合庫-彰化,2023-05-11,1028
00679B,元大美債20年,8,0,8,合庫-彰化,2023-05-11,1028
00900,富邦特選高股息30,8,0,8,合庫-彰化,2023-05-11,1028
2412,中華電,203,0,203,合庫-彰化,2023-05-12,1028
00715L,期街口布蘭特正2,137,0,137,合庫-彰化,2023-05-12,1028
6112,邁達特,164,34,130,合庫-彰化,2023-05-12,1028
6275,元山,100,0,100,合庫-彰化,2023-05-12,1028
2409,友達,84,0,84,合庫-彰化,2023-05-12,1028
1584,精剛,65,0,65,合庫-彰化,2023-05-12,1028
2489,瑞軒,63,3,60,合庫-彰化,2023-05-12,1028
2368,金像電,53,1,52,合庫-彰化,2023-05-12,1028
2754,亞洲藏壽司,52,3,49,合庫-彰化,2023-05-12,1028
3548,兆利,45,0,45,合庫-彰化,2023-05-12,1028
2516,新建,40,0,40,合庫-彰化,2023-05-12,1028
1525,江申,41,2,39,合庫-彰化,2023-05-12,1028
5531,鄉林,39,1,38,合庫-彰化,2023-05-12,1028
00712,復華富時不動產,35,0,35,合庫-彰化,2023-05-12,1028
6188,廣明,33,0,33,合庫-彰化,2023-05-12,1028
2317,鴻海,33,1,32,合庫-彰化,2023-05-12,1028
4162,智擎,30,0,30,合庫-彰化,2023-05-12,1028
5009,榮剛,36,6,30,合庫-彰化,2023-05-12,1028
6116,彩晶,30,0,30,合庫-彰化,2023-05-12,1028
00878,國泰永續高股息,34,8,26,合庫-彰化,2023-05-12,1028
2104,國際中橡,24,0,24,合庫-彰化,2023-05-12,1028
3576,聯合再生,21,0,21,合庫-彰化,2023-05-12,1028
00642U,期元大S＆P石油,20,0,20,合庫-彰化,2023-05-12,1028
1905,華紙,23,3,20,合庫-彰化,2023-05-12,1028
8076,伍豐,18,2,16,合庫-彰化,2023-05-12,1028
2014,中鴻,14,0,14,合庫-彰化,2023-05-12,1028
2029,盛餘,13,0,13,合庫-彰化,2023-05-12,1028
2882,國泰金,13,0,13,合庫-彰化,2023-05-12,1028
1101,台泥,13,1,12,合庫-彰化,2023-05-12,1028
00772B,中信高評級公司債,14,3,11,合庫-彰化,2023-05-12,1028
3481,群創,12,1,11,合庫-彰化,2023-05-12,1028
4743,合一,20,10,10,合庫-彰化,2023-05-12,1028
2884,玉山金,14,4,10,合庫-彰化,2023-05-12,1028
00924,復華S＆P500成長,10,0,10,合庫-彰化,2023-05-12,1028
00633L,富邦上証正2,10,0,10,合庫-彰化,2023-05-12,1028
1524,耿鼎,10,0,10,合庫-彰化,2023-05-12,1028
8442,威宏-KY,10,0,10,合庫-彰化,2023-05-12,1028
8996,高力,12,3,9,合庫-彰化,2023-05-12,1028
2883,凱基金,10,1,9,合庫-彰化,2023-05-12,1028
2331,精英,14,6,8,合庫-彰化,2023-05-12,1028
6234,高僑,8,0,8,合庫-彰化,2023-05-12,1028
6282,康舒,10,2,8,合庫-彰化,2023-05-12,1028
0056,元大高股息,7,0,7,合庫-彰化,2023-05-12,1028
3056,富華新,8,1,7,合庫-彰化,2023-05-12,1028
2888,新光金,6,0,6,合庫-彰化,2023-05-12,1028
6203,海韻電,6,0,6,合庫-彰化,2023-05-12,1028
2887,台新金,13,8,5,合庫-彰化,2023-05-12,1028
6669,緯穎,5,0,5,合庫-彰化,2023-05-12,1028
00888,永豐台灣ESG,5,0,5,合庫-彰化,2023-05-12,1028
1313,聯成,5,0,5,合庫-彰化,2023-05-12,1028
3046,建��,160,6,154,合庫-彰化,2023-05-15,1028
2371,大同,159,39,120,合庫-彰化,2023-05-15,1028
1519,華城,112,14,98,合庫-彰化,2023-05-15,1028
00715L,期街口布蘭特正2,75,0,75,合庫-彰化,2023-05-15,1028
2303,聯電,107,52,55,合庫-彰化,2023-05-15,1028
1584,精剛,42,10,32,合庫-彰化,2023-05-15,1028
00878,國泰永續高股息,40,12,28,合庫-彰化,2023-05-15,1028
00882,中信中國高股息,26,0,26,合庫-彰化,2023-05-15,1028
6122,擎邦,28,3,25,合庫-彰化,2023-05-15,1028
6112,邁達特,25,1,24,合庫-彰化,2023-05-15,1028
8097,常珵,24,1,23,合庫-彰化,2023-05-15,1028
2402,毅嘉,27,6,21,合庫-彰化,2023-05-15,1028
2516,新建,20,0,20,合庫-彰化,2023-05-15,1028
3231,緯創,40,20,20,合庫-彰化,2023-05-15,1028
8442,威宏-KY,19,0,19,合庫-彰化,2023-05-15,1028
6160,欣技,19,1,18,合庫-彰化,2023-05-15,1028
5009,榮剛,29,15,14,合庫-彰化,2023-05-15,1028
5348,正能量智能,26,14,12,合庫-彰化,2023-05-15,1028
00632R,元大台灣50反1,10,0,10,合庫-彰化,2023-05-15,1028
2392,正崴,10,0,10,合庫-彰化,2023-05-15,1028
2641,正德,10,0,10,合庫-彰化,2023-05-15,1028
3033,威健,10,0,10,合庫-彰化,2023-05-15,1028
2515,中工,10,1,9,合庫-彰化,2023-05-15,1028
0056,元大高股息,10,2,8,合庫-彰化,2023-05-15,1028
2314,台揚,10,2,8,合庫-彰化,2023-05-15,1028
2457,飛宏,14,6,8,合庫-彰化,2023-05-15,1028
3090,日電貿,8,0,8,合庫-彰化,2023-05-15,1028
8390,金益鼎,8,0,8,合庫-彰化,2023-05-15,1028
1301,台塑,7,0,7,合庫-彰化,2023-05-15,1028
2317,鴻海,7,0,7,合庫-彰化,2023-05-15,1028
1101,台泥,12,5,7,合庫-彰化,2023-05-15,1028
2482,連宇,8,1,7,合庫-彰化,2023-05-15,1028
2634,漢翔,7,0,7,合庫-彰化,2023-05-15,1028
3224,三顧,8,1,7,合庫-彰化,2023-05-15,1028
6203,海韻電,7,0,7,合庫-彰化,2023-05-15,1028
2356,英業達,6,0,6,合庫-彰化,2023-05-15,1028
00751B,元大AAA至A公司債,6,0,6,合庫-彰化,2023-05-15,1028
1560,中砂,6,0,6,合庫-彰化,2023-05-15,1028
3038,全台,6,0,6,合庫-彰化,2023-05-15,1028
3521,鴻翊,6,0,6,合庫-彰化,2023-05-15,1028
4121,優盛,6,0,6,合庫-彰化,2023-05-15,1028
6245,立端,6,0,6,合庫-彰化,2023-05-15,1028
00900,富邦特選高股息30,5,0,5,合庫-彰化,2023-05-15,1028
1529,樂事綠能,5,0,5,合庫-彰化,2023-05-15,1028
1905,華紙,13,8,5,合庫-彰化,2023-05-15,1028
2106,建大,5,0,5,合庫-彰化,2023-05-15,1028
2243,宏旭-KY,5,0,5,合庫-彰化,2023-05-15,1028
2501,國建,5,0,5,合庫-彰化,2023-05-15,1028
2723,美食-KY,5,0,5,合庫-彰化,2023-05-15,1028
3029,零壹,5,0,5,合庫-彰化,2023-05-15,1028
3363,上詮,117,15,102,合庫-彰化,2023-05-16,1028
8011,台通,101,3,98,合庫-彰化,2023-05-16,1028
6112,邁達特,53,0,53,合庫-彰化,2023-05-16,1028
2104,國際中橡,32,0,32,合庫-彰化,2023-05-16,1028
00772B,中信高評級公司債,25,0,25,合庫-彰化,2023-05-16,1028
5907,大洋-KY,22,0,22,合庫-彰化,2023-05-16,1028
00720B,元大投資級公司債,21,0,21,合庫-彰化,2023-05-16,1028
3712,永崴投控,20,0,20,合庫-彰化,2023-05-16,1028
00795B,中信美國公債20年,24,6,18,合庫-彰化,2023-05-16,1028
6016,康和證,20,2,18,合庫-彰化,2023-05-16,1028
1783,和康生,16,0,16,合庫-彰化,2023-05-16,1028
5531,鄉林,17,1,16,合庫-彰化,2023-05-16,1028
1101,台泥,20,5,15,合庫-彰化,2023-05-16,1028
00632R,元大台灣50反1,115,100,15,合庫-彰化,2023-05-16,1028
3048,益登,15,0,15,合庫-彰化,2023-05-16,1028
5356,協益,15,0,15,合庫-彰化,2023-05-16,1028
9958,世紀鋼,15,0,15,合庫-彰化,2023-05-16,1028
00680L,元大美債20正2,14,0,14,合庫-彰化,2023-05-16,1028
00642U,期元大S＆P石油,12,0,12,合庫-彰化,2023-05-16,1028
00679B,元大美債20年,12,0,12,合庫-彰化,2023-05-16,1028
3231,緯創,16,5,11,合庫-彰化,2023-05-16,1028
4744,皇將,16,5,11,合庫-彰化,2023-05-16,1028
8097,常珵,10,0,10,合庫-彰化,2023-05-16,1028
00687B,國泰20年美債,10,0,10,合庫-彰化,2023-05-16,1028
1560,中砂,10,0,10,合庫-彰化,2023-05-16,1028
1712,興農,10,0,10,合庫-彰化,2023-05-16,1028
5009,榮剛,10,0,10,合庫-彰化,2023-05-16,1028
6235,華孚,12,2,10,合庫-彰化,2023-05-16,1028
8358,金居,10,0,10,合庫-彰化,2023-05-16,1028
8996,高力,9,0,9,合庫-彰化,2023-05-16,1028
2317,鴻海,10,2,8,合庫-彰化,2023-05-16,1028
1584,精剛,10,2,8,合庫-彰化,2023-05-16,1028
1609,大亞,24,16,8,合庫-彰化,2023-05-16,1028
5348,正能量智能,12,4,8,合庫-彰化,2023-05-16,1028
6101,寬魚國際,9,1,8,合庫-彰化,2023-05-16,1028
2482,連宇,8,1,7,合庫-彰化,2023-05-16,1028
2615,萬海,7,0,7,合庫-彰化,2023-05-16,1028
3609,三一東林,6,0,6,合庫-彰化,2023-05-16,1028
4755,三福化,7,1,6,合庫-彰化,2023-05-16,1028
00712,復華富時不動產,7,2,5,合庫-彰化,2023-05-16,1028
2029,盛餘,5,0,5,合庫-彰化,2023-05-16,1028
2338,光罩,6,1,5,合庫-彰化,2023-05-16,1028
3362,先進光,5,0,5,合庫-彰化,2023-05-16,1028
3455,由田,5,0,5,合庫-彰化,2023-05-16,1028
8183,精星,6,1,5,合庫-彰化,2023-05-16,1028
4919,新唐,4,0,4,合庫-彰化,2023-05-16,1028
1504,東元,4,0,4,合庫-彰化,2023-05-16,1028
1701,中化,4,0,4,合庫-彰化,2023-05-16,1028
1784,訊聯,9,5,4,合庫-彰化,2023-05-16,1028
2101,南港,4,0,4,合庫-彰化,2023-05-16,1028
1608,華榮,219,56,163,合庫-彰化,2023-05-17,1028
3481,群創,70,4,66,合庫-彰化,2023-05-17,1028
3363,上詮,64,5,59,合庫-彰化,2023-05-17,1028
3017,奇鋐,46,1,45,合庫-彰化,2023-05-17,1028
00878,國泰永續高股息,53,10,43,合庫-彰化,2023-05-17,1028
00712,復華富時不動產,43,0,43,合庫-彰化,2023-05-17,1028
6741,91APP*-KY,40,0,40,合庫-彰化,2023-05-17,1028
6282,康舒,33,2,31,合庫-彰化,2023-05-17,1028
2402,毅嘉,86,56,30,合庫-彰化,2023-05-17,1028
00882,中信中國高股息,28,0,28,合庫-彰化,2023-05-17,1028
2618,長榮航,29,1,28,合庫-彰化,2023-05-17,1028
00720B,元大投資級公司債,27,0,27,合庫-彰化,2023-05-17,1028
3046,建��,55,30,25,合庫-彰化,2023-05-17,1028
6446,藥華藥,26,1,25,合庫-彰化,2023-05-17,1028
00632R,元大台灣50反1,24,0,24,合庫-彰化,2023-05-17,1028
2457,飛宏,30,9,21,合庫-彰化,2023-05-17,1028
1310,台苯,20,0,20,合庫-彰化,2023-05-17,1028
00637L,元大滬深300正2,19,0,19,合庫-彰化,2023-05-17,1028
2634,漢翔,29,10,19,合庫-彰化,2023-05-17,1028
00715L,期街口布蘭特正2,18,0,18,合庫-彰化,2023-05-17,1028
5348,正能量智能,17,0,17,合庫-彰化,2023-05-17,1028
2371,大同,35,19,16,合庫-彰化,2023-05-17,1028
00772B,中信高評級公司債,15,0,15,合庫-彰化,2023-05-17,1028
00679B,元大美債20年,15,0,15,合庫-彰化,2023-05-17,1028
9958,世紀鋼,15,0,15,合庫-彰化,2023-05-17,1028
00687B,國泰20年美債,13,0,13,合庫-彰化,2023-05-17,1028
5381,合正,12,0,12,合庫-彰化,2023-05-17,1028
00680L,元大美債20正2,11,0,11,合庫-彰化,2023-05-17,1028
2867,三商壽,11,0,11,合庫-彰化,2023-05-17,1028
8996,高力,11,0,11,合庫-彰化,2023-05-17,1028
2327,國巨,10,0,10,合庫-彰化,2023-05-17,1028
00633L,富邦上証正2,10,0,10,合庫-彰化,2023-05-17,1028
1584,精剛,21,11,10,合庫-彰化,2023-05-17,1028
2332,友訊,10,0,10,合庫-彰化,2023-05-17,1028
4440,宜新實業,10,0,10,合庫-彰化,2023-05-17,1028
00795B,中信美國公債20年,8,0,8,合庫-彰化,2023-05-17,1028
3059,華晶科,11,3,8,合庫-彰化,2023-05-17,1028
5356,協益,10,2,8,合庫-彰化,2023-05-17,1028
2887,台新金,14,7,7,合庫-彰化,2023-05-17,1028
1605,華新,8,1,7,合庫-彰化,2023-05-17,1028
00751B,元大AAA至A公司債,5,0,5,合庫-彰化,2023-05-17,1028
2387,精元,5,0,5,合庫-彰化,2023-05-17,1028
2538,基泰,5,0,5,合庫-彰化,2023-05-17,1028
3594,磐儀,5,0,5,合庫-彰化,2023-05-17,1028
3715,定穎投控,21,16,5,合庫-彰化,2023-05-17,1028
4923,力士,5,0,5,合庫-彰化,2023-05-17,1028
5907,大洋-KY,6,1,5,合庫-彰化,2023-05-17,1028
6152,百一,5,0,5,合庫-彰化,2023-05-17,1028
6285,啟��,5,0,5,合庫-彰化,2023-05-17,1028
8390,金益鼎,5,0,5,合庫-彰化,2023-05-17,1028
2427,三商電,130,0,130,合庫-彰化,2023-05-18,1028
3481,群創,106,28,78,合庫-彰化,2023-05-18,1028
2204,中華,77,0,77,合庫-彰化,2023-05-18,1028
3363,上詮,79,3,76,合庫-彰化,2023-05-18,1028
00637L,元大滬深300正2,64,3,61,合庫-彰化,2023-05-18,1028
6741,91APP*-KY,61,0,61,合庫-彰化,2023-05-18,1028
2029,盛餘,41,0,41,合庫-彰化,2023-05-18,1028
2206,三陽工業,44,10,34,合庫-彰化,2023-05-18,1028
2489,瑞軒,90,61,29,合庫-彰化,2023-05-18,1028
00679B,元大美債20年,26,0,26,合庫-彰化,2023-05-18,1028
2402,毅嘉,25,0,25,合庫-彰化,2023-05-18,1028
1608,華榮,29,5,24,合庫-彰化,2023-05-18,1028
6596,寬宏藝術,22,0,22,合庫-彰化,2023-05-18,1028
3576,聯合再生,21,0,21,合庫-彰化,2023-05-18,1028
5425,台半,22,1,21,合庫-彰化,2023-05-18,1028
2516,新建,20,0,20,合庫-彰化,2023-05-18,1028
1584,精剛,19,0,19,合庫-彰化,2023-05-18,1028
2801,彰銀,20,1,19,合庫-彰化,2023-05-18,1028
00751B,元大AAA至A公司債,18,0,18,合庫-彰化,2023-05-18,1028
00687B,國泰20年美債,18,0,18,合庫-彰化,2023-05-18,1028
6584,南俊國際,17,0,17,合庫-彰化,2023-05-18,1028
00674R,期元大S＆P黃金反1,16,0,16,合庫-彰化,2023-05-18,1028
2880,華南金,16,1,15,合庫-彰化,2023-05-18,1028
5348,正能量智能,18,4,14,合庫-彰化,2023-05-18,1028
2727,王品,11,1,10,合庫-彰化,2023-05-18,1028
1809,中釉,10,0,10,合庫-彰化,2023-05-18,1028
2392,正崴,10,0,10,合庫-彰化,2023-05-18,1028
2442,新美齊,10,0,10,合庫-彰化,2023-05-18,1028
8040,九暘,10,0,10,合庫-彰化,2023-05-18,1028
1319,東陽,13,3,10,合庫-彰化,2023-05-18,1028
2323,中環,10,1,9,合庫-彰化,2023-05-18,1028
2538,基泰,8,0,8,合庫-彰化,2023-05-18,1028
3704,合勤控,18,10,8,合庫-彰化,2023-05-18,1028
3714,富采,11,3,8,合庫-彰化,2023-05-18,1028
00900,富邦特選高股息30,8,1,7,合庫-彰化,2023-05-18,1028
00795B,中信美國公債20年,9,2,7,合庫-彰化,2023-05-18,1028
5328,華容,11,4,7,合庫-彰化,2023-05-18,1028
2887,台新金,8,1,7,合庫-彰化,2023-05-18,1028
00772B,中信高評級公司債,6,0,6,合庫-彰化,2023-05-18,1028
1591,駿吉-KY,6,0,6,合庫-彰化,2023-05-18,1028
2609,陽明,7,1,6,合庫-彰化,2023-05-18,1028
2734,易飛網,9,3,6,合庫-彰化,2023-05-18,1028
6219,富旺,6,0,6,合庫-彰化,2023-05-18,1028
8222,寶一,13,7,6,合庫-彰化,2023-05-18,1028
8446,華研,6,0,6,合庫-彰化,2023-05-18,1028
1709,和益,5,0,5,合庫-彰化,2023-05-18,1028
2630,亞航,19,14,5,合庫-彰化,2023-05-18,1028
4743,合一,6,1,5,合庫-彰化,2023-05-18,1028
5222,全訊,5,0,5,合庫-彰化,2023-05-18,1028
6550,北極星藥業-KY,5,0,5,合庫-彰化,2023-05-18,1028
00715L,期街口布蘭特正2,400,15,385,合庫-彰化,2023-05-19,1028
2323,中環,301,24,277,合庫-彰化,2023-05-19,1028
3363,上詮,211,7,204,合庫-彰化,2023-05-19,1028
2383,台光電,127,3,124,合庫-彰化,2023-05-19,1028
00632R,元大台灣50反1,106,0,106,合庫-彰化,2023-05-19,1028
3693,營邦,103,2,101,合庫-彰化,2023-05-19,1028
5009,榮剛,81,11,70,合庫-彰化,2023-05-19,1028
2208,台船,60,0,60,合庫-彰化,2023-05-19,1028
00637L,元大滬深300正2,55,0,55,合庫-彰化,2023-05-19,1028
8097,常珵,55,1,54,合庫-彰化,2023-05-19,1028
00882,中信中國高股息,32,0,32,合庫-彰化,2023-05-19,1028
3306,鼎天,29,0,29,合庫-彰化,2023-05-19,1028
5201,凱衛,28,0,28,合庫-彰化,2023-05-19,1028
00687B,國泰20年美債,27,0,27,合庫-彰化,2023-05-19,1028
2489,瑞軒,25,0,25,合庫-彰化,2023-05-19,1028
1314,中石化,22,0,22,合庫-彰化,2023-05-19,1028
00680L,元大美債20正2,21,0,21,合庫-彰化,2023-05-19,1028
5425,台半,20,0,20,合庫-彰化,2023-05-19,1028
3025,星通,18,0,18,合庫-彰化,2023-05-19,1028
1905,華紙,16,0,16,合庫-彰化,2023-05-19,1028
3704,合勤控,16,0,16,合庫-彰化,2023-05-19,1028
6188,廣明,31,17,14,合庫-彰化,2023-05-19,1028
2453,凌群,13,0,13,合庫-彰化,2023-05-19,1028
1513,中興電,19,7,12,合庫-彰化,2023-05-19,1028
6415,矽力*-KY,11,0,11,合庫-彰化,2023-05-19,1028
00751B,元大AAA至A公司債,10,0,10,合庫-彰化,2023-05-19,1028
1809,中釉,10,0,10,合庫-彰化,2023-05-19,1028
2331,精英,12,2,10,合庫-彰化,2023-05-19,1028
2603,長榮,10,0,10,合庫-彰化,2023-05-19,1028
4919,新唐,11,1,10,合庫-彰化,2023-05-19,1028
5426,振發,10,0,10,合庫-彰化,2023-05-19,1028
1605,華新,13,4,9,合庫-彰化,2023-05-19,1028
00720B,元大投資級公司債,8,0,8,合庫-彰化,2023-05-19,1028
2634,漢翔,18,10,8,合庫-彰化,2023-05-19,1028
3005,神基,8,0,8,合庫-彰化,2023-05-19,1028
9943,好樂迪,8,1,7,合庫-彰化,2023-05-19,1028
2596,綠意,8,1,7,合庫-彰化,2023-05-19,1028
6244,茂迪,7,0,7,合庫-彰化,2023-05-19,1028
6245,立端,9,2,7,合庫-彰化,2023-05-19,1028
6271,同欣電,10,3,7,合庫-彰化,2023-05-19,1028
6509,聚和,7,0,7,合庫-彰化,2023-05-19,1028
00690,兆豐藍籌30,6,0,6,合庫-彰化,2023-05-19,1028
2312,金寶,6,0,6,合庫-彰化,2023-05-19,1028
6698,旭暉應材,6,0,6,合庫-彰化,2023-05-19,1028
7402,邑錡,6,0,6,合庫-彰化,2023-05-19,1028
8131,福懋科,6,0,6,合庫-彰化,2023-05-19,1028
00795B,中信美國公債20年,7,2,5,合庫-彰化,2023-05-19,1028
1609,大亞,13,8,5,合庫-彰化,2023-05-19,1028
2014,中鴻,5,0,5,合庫-彰化,2023-05-19,1028
2029,盛餘,5,0,5,合庫-彰化,2023-05-19,1028
6274,台燿,205,6,199,合庫-彰化,2023-05-22,1028
2427,三商電,158,6,152,合庫-彰化,2023-05-22,1028
00715L,期街口布蘭特正2,138,0,138,合庫-彰化,2023-05-22,1028
8097,常珵,117,0,117,合庫-彰化,2023-05-22,1028
2368,金像電,110,3,107,合庫-彰化,2023-05-22,1028
2890,永豐金,65,1,64,合庫-彰化,2023-05-22,1028
1584,精剛,57,1,56,合庫-彰化,2023-05-22,1028
00878,國泰永續高股息,40,4,36,合庫-彰化,2023-05-22,1028
2105,正新,34,0,34,合庫-彰化,2023-05-22,1028
2303,聯電,33,0,33,合庫-彰化,2023-05-22,1028
3673,TPK-KY,29,0,29,合庫-彰化,2023-05-22,1028
2383,台光電,54,28,26,合庫-彰化,2023-05-22,1028
6124,業強,25,0,25,合庫-彰化,2023-05-22,1028
6698,旭暉應材,25,1,24,合庫-彰化,2023-05-22,1028
00687B,國泰20年美債,22,0,22,合庫-彰化,2023-05-22,1028
5009,榮剛,32,10,22,合庫-彰化,2023-05-22,1028
00679B,元大美債20年,21,0,21,合庫-彰化,2023-05-22,1028
2312,金寶,21,0,21,合庫-彰化,2023-05-22,1028
6584,南俊國際,22,2,20,合庫-彰化,2023-05-22,1028
3037,欣興,20,1,19,合庫-彰化,2023-05-22,1028
00680L,元大美債20正2,16,0,16,合庫-彰化,2023-05-22,1028
4113,聯上,15,0,15,合庫-彰化,2023-05-22,1028
00690,兆豐藍籌30,13,0,13,合庫-彰化,2023-05-22,1028
1326,台化,12,0,12,合庫-彰化,2023-05-22,1028
1712,興農,12,0,12,合庫-彰化,2023-05-22,1028
3038,全台,14,2,12,合庫-彰化,2023-05-22,1028
3706,神達,30,19,11,合庫-彰化,2023-05-22,1028
00751B,元大AAA至A公司債,10,0,10,合庫-彰化,2023-05-22,1028
00720B,元大投資級公司債,11,1,10,合庫-彰化,2023-05-22,1028
2029,盛餘,10,0,10,合庫-彰化,2023-05-22,1028
2442,新美齊,10,0,10,合庫-彰化,2023-05-22,1028
6733,博晟生醫,10,0,10,合庫-彰化,2023-05-22,1028
2882,國泰金,13,3,10,合庫-彰化,2023-05-22,1028
2313,華通,9,0,9,合庫-彰化,2023-05-22,1028
2409,友達,17,8,9,合庫-彰化,2023-05-22,1028
5880,合庫金,9,0,9,合庫-彰化,2023-05-22,1028
00772B,中信高評級公司債,8,0,8,合庫-彰化,2023-05-22,1028
8996,高力,15,7,8,合庫-彰化,2023-05-22,1028
1529,樂事綠能,8,1,7,合庫-彰化,2023-05-22,1028
3444,利機,7,0,7,合庫-彰化,2023-05-22,1028
9917,中保科,7,0,7,合庫-彰化,2023-05-22,1028
2356,英業達,6,0,6,合庫-彰化,2023-05-22,1028
3027,盛達,6,0,6,合庫-彰化,2023-05-22,1028
3356,奇偶,6,0,6,合庫-彰化,2023-05-22,1028
6515,穎崴,6,0,6,合庫-彰化,2023-05-22,1028
2615,萬海,6,0,6,合庫-彰化,2023-05-22,1028
3035,智原,12,7,5,合庫-彰化,2023-05-22,1028
6234,高僑,5,0,5,合庫-彰化,2023-05-22,1028
1218,泰山,5,0,5,合庫-彰化,2023-05-22,1028
00706L,期元大S＆P日圓正2,5,0,5,合庫-彰化,2023-05-22,1028
6197,佳必琪,177,0,177,合庫-彰化,2023-05-23,1028
2883B,凱基金乙特,100,0,100,合庫-彰化,2023-05-23,1028
1519,華城,122,23,99,合庫-彰化,2023-05-23,1028
2303,聯電,104,5,99,合庫-彰化,2023-05-23,1028
00903,富邦元宇宙,50,1,49,合庫-彰化,2023-05-23,1028
00882,中信中國高股息,36,0,36,合庫-彰化,2023-05-23,1028
2520,冠德,32,0,32,合庫-彰化,2023-05-23,1028
5531,鄉林,31,0,31,合庫-彰化,2023-05-23,1028
1584,精剛,30,0,30,合庫-彰化,2023-05-23,1028
8097,常珵,31,2,29,合庫-彰化,2023-05-23,1028
00893,國泰智能電動車,48,20,28,合庫-彰化,2023-05-23,1028
6124,業強,25,0,25,合庫-彰化,2023-05-23,1028
6535,順藥,25,0,25,合庫-彰化,2023-05-23,1028
3481,群創,25,2,23,合庫-彰化,2023-05-23,1028
00687B,國泰20年美債,22,0,22,合庫-彰化,2023-05-23,1028
3078,僑威,31,9,22,合庫-彰化,2023-05-23,1028
3205,佰研,21,0,21,合庫-彰化,2023-05-23,1028
3607,谷崧,20,0,20,合庫-彰化,2023-05-23,1028
6116,彩晶,20,0,20,合庫-彰化,2023-05-23,1028
4543,萬在,19,0,19,合庫-彰化,2023-05-23,1028
00679B,元大美債20年,29,12,17,合庫-彰化,2023-05-23,1028
00680L,元大美債20正2,16,0,16,合庫-彰化,2023-05-23,1028
00772B,中信高評級公司債,15,0,15,合庫-彰化,2023-05-23,1028
2867,三商壽,50,35,15,合庫-彰化,2023-05-23,1028
2634,漢翔,28,15,13,合庫-彰化,2023-05-23,1028
1605,華新,15,3,12,合庫-彰化,2023-05-23,1028
6589,台康生技,11,0,11,合庫-彰化,2023-05-23,1028
6446,藥華藥,14,4,10,合庫-彰化,2023-05-23,1028
1314,中石化,10,0,10,合庫-彰化,2023-05-23,1028
00636,國泰中國A50,10,0,10,合庫-彰化,2023-05-23,1028
00632R,元大台灣50反1,10,0,10,合庫-彰化,2023-05-23,1028
2425,承啟,10,0,10,合庫-彰化,2023-05-23,1028
2704,國賓,10,0,10,合庫-彰化,2023-05-23,1028
4566,時碩工業,10,0,10,合庫-彰化,2023-05-23,1028
4931,新盛力,10,0,10,合庫-彰化,2023-05-23,1028
1504,東元,9,1,8,合庫-彰化,2023-05-23,1028
2031,新光鋼,13,5,8,合庫-彰化,2023-05-23,1028
2331,精英,8,0,8,合庫-彰化,2023-05-23,1028
2409,友達,8,0,8,合庫-彰化,2023-05-23,1028
2641,正德,8,0,8,合庫-彰化,2023-05-23,1028
3494,誠研,10,2,8,合庫-彰化,2023-05-23,1028
00795B,中信美國公債20年,7,0,7,合庫-彰化,2023-05-23,1028
2324,仁寶,7,0,7,合庫-彰化,2023-05-23,1028
00720B,元大投資級公司債,6,0,6,合庫-彰化,2023-05-23,1028
00722B,群益投資級電信債,6,0,6,合庫-彰化,2023-05-23,1028
1609,大亞,9,3,6,合庫-彰化,2023-05-23,1028
1907,永豐餘,6,0,6,合庫-彰化,2023-05-23,1028
2030,彰源,6,0,6,合庫-彰化,2023-05-23,1028
4541,晟田,12,6,6,合庫-彰化,2023-05-23,1028
4564,元翎,6,0,6,合庫-彰化,2023-05-23,1028
00673R,期元大S＆P原油反1,305,0,305,合庫-彰化,2023-05-24,1028
2457,飛宏,249,52,197,合庫-彰化,2023-05-24,1028
00665L,富邦�琤肭磪囓�2,150,0,150,合庫-彰化,2023-05-24,1028
00637L,元大滬深300正2,136,1,135,合庫-彰化,2023-05-24,1028
00882,中信中國高股息,99,3,96,合庫-彰化,2023-05-24,1028
00679B,元大美債20年,90,4,86,合庫-彰化,2023-05-24,1028
00878,國泰永續高股息,65,0,65,合庫-彰化,2023-05-24,1028
2882,國泰金,53,2,51,合庫-彰化,2023-05-24,1028
2208,台船,51,6,45,合庫-彰化,2023-05-24,1028
4967,十銓,30,0,30,合庫-彰化,2023-05-24,1028
6197,佳必琪,26,0,26,合庫-彰化,2023-05-24,1028
00687B,國泰20年美債,24,0,24,合庫-彰化,2023-05-24,1028
5312,寶島科,21,0,21,合庫-彰化,2023-05-24,1028
8097,常珵,20,0,20,合庫-彰化,2023-05-24,1028
2323,中環,18,0,18,合庫-彰化,2023-05-24,1028
6233,旺玖,15,0,15,合庫-彰化,2023-05-24,1028
6469,大樹,15,0,15,合庫-彰化,2023-05-24,1028
2630,亞航,45,31,14,合庫-彰化,2023-05-24,1028
6698,旭暉應材,13,0,13,合庫-彰化,2023-05-24,1028
8076,伍豐,17,6,11,合庫-彰化,2023-05-24,1028
8996,高力,19,8,11,合庫-彰化,2023-05-24,1028
1215,卜蜂,10,0,10,合庫-彰化,2023-05-24,1028
1783,和康生,10,0,10,合庫-彰化,2023-05-24,1028
2851,中再保,10,0,10,合庫-彰化,2023-05-24,1028
3703,欣陸,10,0,10,合庫-彰化,2023-05-24,1028
3712,永崴投控,10,0,10,合庫-彰化,2023-05-24,1028
4440,宜新實業,10,0,10,合庫-彰化,2023-05-24,1028
6164,華興,10,0,10,合庫-彰化,2023-05-24,1028
2633,台灣高鐵,9,0,9,合庫-彰化,2023-05-24,1028
2888,新光金,15,6,9,合庫-彰化,2023-05-24,1028
2892,第一金,9,0,9,合庫-彰化,2023-05-24,1028
1529,樂事綠能,7,0,7,合庫-彰化,2023-05-24,1028
2371,大同,9,2,7,合庫-彰化,2023-05-24,1028
2489,瑞軒,7,0,7,合庫-彰化,2023-05-24,1028
6282,康舒,21,14,7,合庫-彰化,2023-05-24,1028
8222,寶一,14,7,7,合庫-彰化,2023-05-24,1028
1795,美時,9,3,6,合庫-彰化,2023-05-24,1028
2231,為升,6,0,6,合庫-彰化,2023-05-24,1028
3058,立德,8,2,6,合庫-彰化,2023-05-24,1028
3090,日電貿,6,0,6,合庫-彰化,2023-05-24,1028
4111,濟生,6,0,6,合庫-彰化,2023-05-24,1028
5328,華容,6,0,6,合庫-彰化,2023-05-24,1028
00885,富邦越南,5,0,5,合庫-彰化,2023-05-24,1028
00633L,富邦上証正2,5,0,5,合庫-彰化,2023-05-24,1028
0055,元大MSCI金融,5,0,5,合庫-彰化,2023-05-24,1028
1718,中纖,5,0,5,合庫-彰化,2023-05-24,1028
2501,國建,5,0,5,合庫-彰化,2023-05-24,1028
2722,夏都,5,0,5,合庫-彰化,2023-05-24,1028
2734,易飛網,9,4,5,合庫-彰化,2023-05-24,1028
2889,國票金,5,0,5,合庫-彰化,2023-05-24,1028
3038,全台,417,10,407,合庫-彰化,2023-05-25,1028
2701,萬企,325,0,325,合庫-彰化,2023-05-25,1028
00665L,富邦�琤肭磪囓�2,240,0,240,合庫-彰化,2023-05-25,1028
00882,中信中國高股息,198,1,197,合庫-彰化,2023-05-25,1028
00637L,元大滬深300正2,103,0,103,合庫-彰化,2023-05-25,1028
6197,佳必琪,101,0,101,合庫-彰化,2023-05-25,1028
8463,潤泰材,50,3,47,合庫-彰化,2023-05-25,1028
4967,十銓,42,0,42,合庫-彰化,2023-05-25,1028
2520,冠德,33,0,33,合庫-彰化,2023-05-25,1028
2371,大同,39,8,31,合庫-彰化,2023-05-25,1028
2344,華邦電,27,0,27,合庫-彰化,2023-05-25,1028
2402,毅嘉,45,23,22,合庫-彰化,2023-05-25,1028
2630,亞航,37,16,21,合庫-彰化,2023-05-25,1028
2367,燿華,21,1,20,合庫-彰化,2023-05-25,1028
3706,神達,22,2,20,合庫-彰化,2023-05-25,1028
5464,霖宏,21,1,20,合庫-彰化,2023-05-25,1028
6791,虎門科技,20,0,20,合庫-彰化,2023-05-25,1028
0056,元大高股息,25,6,19,合庫-彰化,2023-05-25,1028
2745,五福,20,1,19,合庫-彰化,2023-05-25,1028
6116,彩晶,21,4,17,合庫-彰化,2023-05-25,1028
1905,華紙,20,4,16,合庫-彰化,2023-05-25,1028
4123,晟德,16,0,16,合庫-彰化,2023-05-25,1028
00687B,國泰20年美債,15,0,15,合庫-彰化,2023-05-25,1028
1907,永豐餘,15,0,15,合庫-彰化,2023-05-25,1028
2834,臺企銀,15,0,15,合庫-彰化,2023-05-25,1028
00712,復華富時不動產,19,5,14,合庫-彰化,2023-05-25,1028
2014,中鴻,13,0,13,合庫-彰化,2023-05-25,1028
2882,國泰金,15,2,13,合庫-彰化,2023-05-25,1028
6533,晶心科,42,30,12,合庫-彰化,2023-05-25,1028
2409,友達,12,0,12,合庫-彰化,2023-05-25,1028
6515,穎崴,23,11,12,合庫-彰化,2023-05-25,1028
2891,中信金,12,1,11,合庫-彰化,2023-05-25,1028
00679B,元大美債20年,12,1,11,合庫-彰化,2023-05-25,1028
00683L,期元大美元指正2,11,0,11,合庫-彰化,2023-05-25,1028
2105,正新,11,0,11,合庫-彰化,2023-05-25,1028
2845,遠東銀,11,0,11,合庫-彰化,2023-05-25,1028
2888,新光金,11,0,11,合庫-彰化,2023-05-25,1028
2633,台灣高鐵,10,0,10,合庫-彰化,2023-05-25,1028
00764B,群益25年美債,10,0,10,合庫-彰化,2023-05-25,1028
00908,富邦入息REITs+,10,0,10,合庫-彰化,2023-05-25,1028
1734,杏輝,10,0,10,合庫-彰化,2023-05-25,1028
2641,正德,10,0,10,合庫-彰化,2023-05-25,1028
5706,鳳凰,23,13,10,合庫-彰化,2023-05-25,1028
8436,大江,10,0,10,合庫-彰化,2023-05-25,1028
9904,寶成,10,0,10,合庫-彰化,2023-05-25,1028
2317,鴻海,9,0,9,合庫-彰化,2023-05-25,1028
1103,嘉泥,10,1,9,合庫-彰化,2023-05-25,1028
00751B,元大AAA至A公司債,9,0,9,合庫-彰化,2023-05-25,1028
1310,台苯,13,5,8,合庫-彰化,2023-05-25,1028
1701,中化,8,0,8,合庫-彰化,2023-05-25,1028
00712,復華富時不動產,106,0,106,合庫-彰化,2023-05-26,1028
00664R,國泰臺灣加權反1,100,0,100,合庫-彰化,2023-05-26,1028
2368,金像電,103,5,98,合庫-彰化,2023-05-26,1028
00715L,期街口布蘭特正2,76,0,76,合庫-彰化,2023-05-26,1028
3029,零壹,84,13,71,合庫-彰化,2023-05-26,1028
00637L,元大滬深300正2,52,6,46,合庫-彰化,2023-05-26,1028
00882,中信中國高股息,46,0,46,合庫-彰化,2023-05-26,1028
2883,凱基金,39,1,38,合庫-彰化,2023-05-26,1028
8436,大江,37,2,35,合庫-彰化,2023-05-26,1028
2442,新美齊,30,0,30,合庫-彰化,2023-05-26,1028
2425,承啟,27,1,26,合庫-彰化,2023-05-26,1028
1584,精剛,25,0,25,合庫-彰化,2023-05-26,1028
2618,長榮航,38,14,24,合庫-彰化,2023-05-26,1028
4706,大恭,23,0,23,合庫-彰化,2023-05-26,1028
2323,中環,38,15,23,合庫-彰化,2023-05-26,1028
3231,緯創,90,68,22,合庫-彰化,2023-05-26,1028
2206,三陽工業,28,7,21,合庫-彰化,2023-05-26,1028
1907,永豐餘,21,0,21,合庫-彰化,2023-05-26,1028
2504,國產,20,0,20,合庫-彰化,2023-05-26,1028
2834,臺企銀,30,10,20,合庫-彰化,2023-05-26,1028
3058,立德,18,2,16,合庫-彰化,2023-05-26,1028
9945,潤泰新,14,0,14,合庫-彰化,2023-05-26,1028
2453,凌群,27,14,13,合庫-彰化,2023-05-26,1028
4979,華星光,24,11,13,合庫-彰化,2023-05-26,1028
2482,連宇,22,10,12,合庫-彰化,2023-05-26,1028
00908,富邦入息REITs+,12,0,12,合庫-彰化,2023-05-26,1028
2457,飛宏,12,0,12,合庫-彰化,2023-05-26,1028
6770,力積電,20,8,12,合庫-彰化,2023-05-26,1028
2402,毅嘉,24,13,11,合庫-彰化,2023-05-26,1028
00907,永豐優息存股,10,0,10,合庫-彰化,2023-05-26,1028
00688L,國泰20年美債正2,10,0,10,合庫-彰化,2023-05-26,1028
00642U,期元大S＆P石油,10,0,10,合庫-彰化,2023-05-26,1028
1783,和康生,12,2,10,合庫-彰化,2023-05-26,1028
3033,威健,10,0,10,合庫-彰化,2023-05-26,1028
3044,健鼎,10,0,10,合庫-彰化,2023-05-26,1028
8097,常珵,10,0,10,合庫-彰化,2023-05-26,1028
1905,華紙,10,0,10,合庫-彰化,2023-05-26,1028
00680L,元大美債20正2,11,2,9,合庫-彰化,2023-05-26,1028
2313,華通,9,0,9,合庫-彰化,2023-05-26,1028
3141,晶宏,9,0,9,合庫-彰化,2023-05-26,1028
3704,合勤控,9,0,9,合庫-彰化,2023-05-26,1028
4804,大略-KY,9,0,9,合庫-彰化,2023-05-26,1028
4931,新盛力,9,0,9,合庫-彰化,2023-05-26,1028
4743,合一,9,1,8,合庫-彰化,2023-05-26,1028
1618,合機,8,0,8,合庫-彰化,2023-05-26,1028
2352,佳世達,12,4,8,合庫-彰化,2023-05-26,1028
2480,敦陽科,8,0,8,合庫-彰化,2023-05-26,1028
6167,久正,8,0,8,合庫-彰化,2023-05-26,1028
1609,大亞,7,0,7,合庫-彰化,2023-05-26,1028
00687B,國泰20年美債,7,0,7,合庫-彰化,2023-05-26,1028
2883,凱基金,136,0,136,合庫-彰化,2023-05-29,1028
5371,中光電,110,0,110,合庫-彰化,2023-05-29,1028
1608,華榮,114,21,93,合庫-彰化,2023-05-29,1028
3380,明泰,67,2,65,合庫-彰化,2023-05-29,1028
00882,中信中國高股息,40,1,39,合庫-彰化,2023-05-29,1028
3693,營邦,37,1,36,合庫-彰化,2023-05-29,1028
9950,萬國通,35,0,35,合庫-彰化,2023-05-29,1028
1309,台達化,30,0,30,合庫-彰化,2023-05-29,1028
3703,欣陸,26,0,26,合庫-彰化,2023-05-29,1028
00679B,元大美債20年,23,0,23,合庫-彰化,2023-05-29,1028
5864,致和證,23,0,23,合庫-彰化,2023-05-29,1028
1712,興農,22,0,22,合庫-彰化,2023-05-29,1028
2489,瑞軒,22,0,22,合庫-彰化,2023-05-29,1028
3029,零壹,28,9,19,合庫-彰化,2023-05-29,1028
2892,第一金,16,0,16,合庫-彰化,2023-05-29,1028
3682,亞太電,15,0,15,合庫-彰化,2023-05-29,1028
4966,譜瑞-KY,15,0,15,合庫-彰化,2023-05-29,1028
2368,金像電,15,1,14,合庫-彰化,2023-05-29,1028
6125,廣運,33,19,14,合庫-彰化,2023-05-29,1028
00687B,國泰20年美債,13,0,13,合庫-彰化,2023-05-29,1028
2880,華南金,13,0,13,合庫-彰化,2023-05-29,1028
2352,佳世達,12,0,12,合庫-彰化,2023-05-29,1028
2834,臺企銀,12,0,12,合庫-彰化,2023-05-29,1028
3372,典範,12,0,12,合庫-彰化,2023-05-29,1028
00725B,國泰投資級公司債,11,0,11,合庫-彰化,2023-05-29,1028
00720B,元大投資級公司債,11,0,11,合庫-彰化,2023-05-29,1028
00751B,元大AAA至A公司債,11,0,11,合庫-彰化,2023-05-29,1028
00772B,中信高評級公司債,10,0,10,合庫-彰化,2023-05-29,1028
1220,台榮,10,0,10,合庫-彰化,2023-05-29,1028
2367,燿華,10,0,10,合庫-彰化,2023-05-29,1028
2405,輔信,10,0,10,合庫-彰化,2023-05-29,1028
2441,超豐,10,0,10,合庫-彰化,2023-05-29,1028
2388,威盛,15,5,10,合庫-彰化,2023-05-29,1028
2324,仁寶,19,9,10,合庫-彰化,2023-05-29,1028
3037,欣興,10,1,9,合庫-彰化,2023-05-29,1028
00928,中信上櫃ESG30,9,0,9,合庫-彰化,2023-05-29,1028
00795B,中信美國公債20年,9,0,9,合庫-彰化,2023-05-29,1028
8097,常珵,9,0,9,合庫-彰化,2023-05-29,1028
00780B,國泰A級金融債,8,0,8,合庫-彰化,2023-05-29,1028
1609,大亞,12,5,7,合庫-彰化,2023-05-29,1028
8150,南茂,7,0,7,合庫-彰化,2023-05-29,1028
8996,高力,10,3,7,合庫-彰化,2023-05-29,1028
00683L,期元大美元指正2,6,0,6,合庫-彰化,2023-05-29,1028
1304,台聚,6,0,6,合庫-彰化,2023-05-29,1028
1519,華城,22,16,6,合庫-彰化,2023-05-29,1028
3483,力致,6,0,6,合庫-彰化,2023-05-29,1028
4976,佳凌,6,0,6,合庫-彰化,2023-05-29,1028
6698,旭暉應材,6,0,6,合庫-彰化,2023-05-29,1028
8227,巨有科技,6,0,6,合庫-彰化,2023-05-29,1028
8937,合騏,6,0,6,合庫-彰化,2023-05-29,1028
3363,上詮,202,4,198,合庫-彰化,2023-05-30,1028
1519,華城,137,31,106,合庫-彰化,2023-05-30,1028
00882,中信中國高股息,79,3,76,合庫-彰化,2023-05-30,1028
2365,昆盈,75,0,75,合庫-彰化,2023-05-30,1028
2633,台灣高鐵,66,0,66,合庫-彰化,2023-05-30,1028
1608,華榮,56,4,52,合庫-彰化,2023-05-30,1028
2883,凱基金,44,1,43,合庫-彰化,2023-05-30,1028
2344,華邦電,90,55,35,合庫-彰化,2023-05-30,1028
2201,裕隆,42,10,32,合庫-彰化,2023-05-30,1028
00688L,國泰20年美債正2,30,0,30,合庫-彰化,2023-05-30,1028
00637L,元大滬深300正2,30,1,29,合庫-彰化,2023-05-30,1028
2356,英業達,54,25,29,合庫-彰化,2023-05-30,1028
1609,大亞,28,4,24,合庫-彰化,2023-05-30,1028
2332,友訊,23,0,23,合庫-彰化,2023-05-30,1028
2801,彰銀,21,1,20,合庫-彰化,2023-05-30,1028
2845,遠東銀,20,0,20,合庫-彰化,2023-05-30,1028
2323,中環,20,4,16,合庫-彰化,2023-05-30,1028
2329,華泰,17,1,16,合庫-彰化,2023-05-30,1028
00878,國泰永續高股息,32,16,16,合庫-彰化,2023-05-30,1028
2423,固緯,28,13,15,合庫-彰化,2023-05-30,1028
00725B,國泰投資級公司債,14,0,14,合庫-彰化,2023-05-30,1028
0056,元大高股息,14,1,13,合庫-彰化,2023-05-30,1028
2337,旺宏,13,0,13,合庫-彰化,2023-05-30,1028
5608,四維航,13,0,13,合庫-彰化,2023-05-30,1028
6244,茂迪,14,1,13,合庫-彰化,2023-05-30,1028
2331,精英,20,8,12,合庫-彰化,2023-05-30,1028
5498,凱崴,16,4,12,合庫-彰化,2023-05-30,1028
00679B,元大美債20年,11,0,11,合庫-彰化,2023-05-30,1028
3540,曜越,11,0,11,合庫-彰化,2023-05-30,1028
5706,鳳凰,15,4,11,合庫-彰化,2023-05-30,1028
6188,廣明,37,26,11,合庫-彰化,2023-05-30,1028
3481,群創,16,6,10,合庫-彰化,2023-05-30,1028
00762,元大全球AI,10,0,10,合庫-彰化,2023-05-30,1028
00632R,元大台灣50反1,10,0,10,合庫-彰化,2023-05-30,1028
1783,和康生,10,0,10,合庫-彰化,2023-05-30,1028
2002,中鋼,10,0,10,合庫-彰化,2023-05-30,1028
2727,王品,10,0,10,合庫-彰化,2023-05-30,1028
2892,第一金,10,0,10,合庫-彰化,2023-05-30,1028
3078,僑威,11,1,10,合庫-彰化,2023-05-30,1028
3693,營邦,10,0,10,合庫-彰化,2023-05-30,1028
8097,常珵,10,0,10,合庫-彰化,2023-05-30,1028
3406,玉晶光,11,1,10,合庫-彰化,2023-05-30,1028
8033,雷虎,12,3,9,合庫-彰化,2023-05-30,1028
2324,仁寶,14,5,9,合庫-彰化,2023-05-30,1028
2482,連宇,9,0,9,合庫-彰化,2023-05-30,1028
2101,南港,8,0,8,合庫-彰化,2023-05-30,1028
6282,康舒,18,10,8,合庫-彰化,2023-05-30,1028
1409,新纖,7,0,7,合庫-彰化,2023-05-30,1028
6202,盛群,7,0,7,合庫-彰化,2023-05-30,1028
6443,元晶,9,2,7,合庫-彰化,2023-05-30,1028
00715L,期街口布蘭特正2,879,0,879,合庫-彰化,2023-05-31,1028
2201,裕隆,114,33,81,合庫-彰化,2023-05-31,1028
6558,興能高,66,0,66,合庫-彰化,2023-05-31,1028
2356,英業達,55,6,49,合庫-彰化,2023-05-31,1028
00882,中信中國高股息,46,0,46,合庫-彰化,2023-05-31,1028
2105,正新,41,0,41,合庫-彰化,2023-05-31,1028
6237,驊訊,27,0,27,合庫-彰化,2023-05-31,1028
2457,飛宏,60,39,21,合庫-彰化,2023-05-31,1028
00665L,富邦�琤肭磪囓�2,20,0,20,合庫-彰化,2023-05-31,1028
2883,凱基金,20,0,20,合庫-彰化,2023-05-31,1028
3033,威健,20,0,20,合庫-彰化,2023-05-31,1028
6191,精成科,20,0,20,合庫-彰化,2023-05-31,1028
6698,旭暉應材,17,0,17,合庫-彰化,2023-05-31,1028
2888,新光金,16,0,16,合庫-彰化,2023-05-31,1028
1609,大亞,15,0,15,合庫-彰化,2023-05-31,1028
2609,陽明,15,2,13,合庫-彰化,2023-05-31,1028
2615,萬海,13,0,13,合庫-彰化,2023-05-31,1028
00642U,期元大S＆P石油,12,0,12,合庫-彰化,2023-05-31,1028
3706,神達,19,7,12,合庫-彰化,2023-05-31,1028
00772B,中信高評級公司債,13,2,11,合庫-彰化,2023-05-31,1028
3594,磐儀,11,0,11,合庫-彰化,2023-05-31,1028
00633L,富邦上証正2,10,0,10,合庫-彰化,2023-05-31,1028
2911,麗嬰房,10,0,10,合庫-彰化,2023-05-31,1028
5386,青雲,11,1,10,合庫-彰化,2023-05-31,1028
6104,創惟,10,0,10,合庫-彰化,2023-05-31,1028
6469,大樹,10,0,10,合庫-彰化,2023-05-31,1028
8201,無敵,10,0,10,合庫-彰化,2023-05-31,1028
8390,金益鼎,10,0,10,合庫-彰化,2023-05-31,1028
9935,慶豐富,10,0,10,合庫-彰化,2023-05-31,1028
3540,曜越,13,4,9,合庫-彰化,2023-05-31,1028
2330,台積電,14,6,8,合庫-彰化,2023-05-31,1028
0056,元大高股息,14,5,9,合庫-彰化,2023-05-31,1028
2614,東森,8,0,8,合庫-彰化,2023-05-31,1028
4915,致伸,8,0,8,合庫-彰化,2023-05-31,1028
3231,緯創,37,29,8,合庫-彰化,2023-05-31,1028
1326,台化,7,0,7,合庫-彰化,2023-05-31,1028
2736,富野,7,0,7,合庫-彰化,2023-05-31,1028
3029,零壹,7,0,7,合庫-彰化,2023-05-31,1028
6150,撼訊,20,13,7,合庫-彰化,2023-05-31,1028
8227,巨有科技,8,1,7,合庫-彰化,2023-05-31,1028
2303,聯電,7,1,6,合庫-彰化,2023-05-31,1028
3035,智原,6,0,6,合庫-彰化,2023-05-31,1028
1464,得力,6,0,6,合庫-彰化,2023-05-31,1028
3006,晶豪科,11,5,6,合庫-彰化,2023-05-31,1028
3032,偉訓,6,0,6,合庫-彰化,2023-05-31,1028
3481,群創,6,0,6,合庫-彰化,2023-05-31,1028
4968,立積,10,4,6,合庫-彰化,2023-05-31,1028
5469,瀚宇博,6,0,6,合庫-彰化,2023-05-31,1028
2382,廣達,12,7,5,合庫-彰化,2023-05-31,1028
00885,富邦越南,5,0,5,合庫-彰化,2023-05-31,1028
6282,康舒,550,25,525,合庫-彰化,2023-06-01,1028
2337,旺宏,395,12,383,合庫-彰化,2023-06-01,1028
2105,正新,98,0,98,合庫-彰化,2023-06-01,1028
2409,友達,51,0,51,合庫-彰化,2023-06-01,1028
6874,倍力,49,1,48,合庫-彰化,2023-06-01,1028
4564,元翎,60,13,47,合庫-彰化,2023-06-01,1028
2356,英業達,51,6,45,合庫-彰化,2023-06-01,1028
2371,大同,51,6,45,合庫-彰化,2023-06-01,1028
2344,華邦電,63,21,42,合庫-彰化,2023-06-01,1028
3706,神達,51,18,33,合庫-彰化,2023-06-01,1028
00882,中信中國高股息,32,0,32,合庫-彰化,2023-06-01,1028
00893,國泰智能電動車,25,0,25,合庫-彰化,2023-06-01,1028
2913,農林,28,5,23,合庫-彰化,2023-06-01,1028
00688L,國泰20年美債正2,20,0,20,合庫-彰化,2023-06-01,1028
5533,皇鼎,20,0,20,合庫-彰化,2023-06-01,1028
8436,大江,19,0,19,合庫-彰化,2023-06-01,1028
00642U,期元大S＆P石油,18,0,18,合庫-彰化,2023-06-01,1028
1605,華新,20,2,18,合庫-彰化,2023-06-01,1028
2201,裕隆,37,20,17,合庫-彰化,2023-06-01,1028
2303,聯電,17,1,16,合庫-彰化,2023-06-01,1028
6111,大宇資,20,4,16,合庫-彰化,2023-06-01,1028
6535,順藥,16,0,16,合庫-彰化,2023-06-01,1028
3260,威剛,15,1,14,合庫-彰化,2023-06-01,1028
00679B,元大美債20年,13,0,13,合庫-彰化,2023-06-01,1028
5425,台半,14,1,13,合庫-彰化,2023-06-01,1028
00795B,中信美國公債20年,11,0,11,合庫-彰化,2023-06-01,1028
2887,台新金,11,0,11,合庫-彰化,2023-06-01,1028
3481,群創,11,0,11,合庫-彰化,2023-06-01,1028
6558,興能高,11,0,11,合庫-彰化,2023-06-01,1028
6835,圓裕,16,5,11,合庫-彰化,2023-06-01,1028
9938,百和,11,0,11,合庫-彰化,2023-06-01,1028
2892,第一金,10,0,10,合庫-彰化,2023-06-01,1028
2884,玉山金,10,0,10,合庫-彰化,2023-06-01,1028
1101,台泥,10,0,10,合庫-彰化,2023-06-01,1028
1904,正隆,19,9,10,合庫-彰化,2023-06-01,1028
2106,建大,10,0,10,合庫-彰化,2023-06-01,1028
6188,廣明,24,14,10,合庫-彰化,2023-06-01,1028
6712,長聖,10,0,10,合庫-彰化,2023-06-01,1028
8390,金益鼎,10,0,10,合庫-彰化,2023-06-01,1028
2332,友訊,12,3,9,合庫-彰化,2023-06-01,1028
6531,愛普*,26,17,9,合庫-彰化,2023-06-01,1028
2002,中鋼,8,0,8,合庫-彰化,2023-06-01,1028
3013,晟銘電,21,13,8,合庫-彰化,2023-06-01,1028
3540,曜越,8,0,8,合庫-彰化,2023-06-01,1028
6733,博晟生醫,9,1,8,合庫-彰化,2023-06-01,1028
8150,南茂,8,0,8,合庫-彰化,2023-06-01,1028
00772B,中信高評級公司債,10,3,7,合庫-彰化,2023-06-01,1028
1727,中華化,10,3,7,合庫-彰化,2023-06-01,1028
2515,中工,45,38,7,合庫-彰化,2023-06-01,1028
6550,北極星藥業-KY,10,3,7,合庫-彰化,2023-06-01,1028
6015,宏遠證,175,0,175,合庫-彰化,2023-06-02,1028
911868,同方友友-DR,150,0,150,合庫-彰化,2023-06-02,1028
00664R,國泰臺灣加權反1,100,0,100,合庫-彰化,2023-06-02,1028
2208,台船,80,5,75,合庫-彰化,2023-06-02,1028
2610,華航,101,30,71,合庫-彰化,2023-06-02,1028
2618,長榮航,119,79,40,合庫-彰化,2023-06-02,1028
4919,新唐,37,0,37,合庫-彰化,2023-06-02,1028
2615,萬海,40,6,34,合庫-彰化,2023-06-02,1028
6753,龍德造船,33,0,33,合庫-彰化,2023-06-02,1028
00688L,國泰20年美債正2,30,0,30,合庫-彰化,2023-06-02,1028
1905,華紙,51,24,27,合庫-彰化,2023-06-02,1028
2371,大同,28,3,25,合庫-彰化,2023-06-02,1028
00882,中信中國高股息,50,26,24,合庫-彰化,2023-06-02,1028
6111,大宇資,25,4,21,合庫-彰化,2023-06-02,1028
2883,凱基金,21,1,20,合庫-彰化,2023-06-02,1028
2323,中環,41,21,20,合庫-彰化,2023-06-02,1028
6153,嘉聯益,20,0,20,合庫-彰化,2023-06-02,1028
8937,合騏,20,0,20,合庫-彰化,2023-06-02,1028
9958,世紀鋼,20,1,19,合庫-彰化,2023-06-02,1028
00926,凱基全球菁英55,16,0,16,合庫-彰化,2023-06-02,1028
2352,佳世達,14,0,14,合庫-彰化,2023-06-02,1028
3090,日電貿,14,0,14,合庫-彰化,2023-06-02,1028
2337,旺宏,13,0,13,合庫-彰化,2023-06-02,1028
2882,國泰金,13,0,13,合庫-彰化,2023-06-02,1028
00650L,復華香港正2,12,0,12,合庫-彰化,2023-06-02,1028
2482,連宇,14,2,12,合庫-彰化,2023-06-02,1028
3576,聯合再生,15,3,12,合庫-彰化,2023-06-02,1028
1504,東元,15,4,11,合庫-彰化,2023-06-02,1028
2331,精英,25,14,11,合庫-彰化,2023-06-02,1028
3031,佰鴻,11,0,11,合庫-彰化,2023-06-02,1028
00924,復華S＆P500成長,10,0,10,合庫-彰化,2023-06-02,1028
6147,頎邦,10,0,10,合庫-彰化,2023-06-02,1028
3704,合勤控,9,0,9,合庫-彰化,2023-06-02,1028
6531,愛普*,12,4,8,合庫-彰化,2023-06-02,1028
3211,順達,8,0,8,合庫-彰化,2023-06-02,1028
4968,立積,31,23,8,合庫-彰化,2023-06-02,1028
5348,正能量智能,10,2,8,合庫-彰化,2023-06-02,1028
00679B,元大美債20年,7,0,7,合庫-彰化,2023-06-02,1028
00919,群益台灣精選高息,8,1,7,合庫-彰化,2023-06-02,1028
1503,士電,18,11,7,合庫-彰化,2023-06-02,1028
3013,晟銘電,13,6,7,合庫-彰化,2023-06-02,1028
00687B,國泰20年美債,7,1,6,合庫-彰化,2023-06-02,1028
2359,所羅門,7,1,6,合庫-彰化,2023-06-02,1028
2892,第一金,6,0,6,合庫-彰化,2023-06-02,1028
3094,聯傑,7,1,6,合庫-彰化,2023-06-02,1028
2498,宏達電,7,1,6,合庫-彰化,2023-06-02,1028
6515,穎崴,5,0,5,合庫-彰化,2023-06-02,1028
1762,中化生,5,0,5,合庫-彰化,2023-06-02,1028
1907,永豐餘,5,0,5,合庫-彰化,2023-06-02,1028
2338,光罩,5,0,5,合庫-彰化,2023-06-02,1028
00673R,期元大S＆P原油反1,200,0,200,合庫-彰化,2023-06-05,1028
1584,精剛,53,0,53,合庫-彰化,2023-06-05,1028
3324,雙鴻,52,2,50,合庫-彰化,2023-06-05,1028
2498,宏達電,61,16,45,合庫-彰化,2023-06-05,1028
00679B,元大美債20年,44,0,44,合庫-彰化,2023-06-05,1028
6282,康舒,87,45,42,合庫-彰化,2023-06-05,1028
00885,富邦越南,40,0,40,合庫-彰化,2023-06-05,1028
1611,中電,40,0,40,合庫-彰化,2023-06-05,1028
6015,宏遠證,40,0,40,合庫-彰化,2023-06-05,1028
0056,元大高股息,39,0,39,合庫-彰化,2023-06-05,1028
2489,瑞軒,66,34,32,合庫-彰化,2023-06-05,1028
2344,華邦電,42,11,31,合庫-彰化,2023-06-05,1028
2610,華航,44,20,24,合庫-彰化,2023-06-05,1028
00680L,元大美債20正2,20,0,20,合庫-彰化,2023-06-05,1028
5356,協益,20,0,20,合庫-彰化,2023-06-05,1028
6288,聯嘉,20,2,18,合庫-彰化,2023-06-05,1028
2887,台新金,20,4,16,合庫-彰化,2023-06-05,1028
2634,漢翔,28,13,15,合庫-彰化,2023-06-05,1028
4906,正文,20,5,15,合庫-彰化,2023-06-05,1028
8996,高力,14,0,14,合庫-彰化,2023-06-05,1028
2313,華通,17,4,13,合庫-彰化,2023-06-05,1028
2618,長榮航,55,43,12,合庫-彰化,2023-06-05,1028
3162,精確,13,1,12,合庫-彰化,2023-06-05,1028
3090,日電貿,11,0,11,合庫-彰化,2023-06-05,1028
5706,鳳凰,15,4,11,合庫-彰化,2023-06-05,1028
1519,華城,29,19,10,合庫-彰化,2023-06-05,1028
00706L,期元大S＆P日圓正2,10,0,10,合庫-彰化,2023-06-05,1028
1504,東元,11,1,10,合庫-彰化,2023-06-05,1028
2312,金寶,10,0,10,合庫-彰化,2023-06-05,1028
2468,華經,11,1,10,合庫-彰化,2023-06-05,1028
6124,業強,10,0,10,合庫-彰化,2023-06-05,1028
6233,旺玖,10,0,10,合庫-彰化,2023-06-05,1028
9919,康那香,10,0,10,合庫-彰化,2023-06-05,1028
2353,宏��,18,9,9,合庫-彰化,2023-06-05,1028
2442,新美齊,10,1,9,合庫-彰化,2023-06-05,1028
6438,迅得,9,0,9,合庫-彰化,2023-06-05,1028
00921,兆豐龍頭等權重,10,2,8,合庫-彰化,2023-06-05,1028
1503,士電,9,1,8,合庫-彰化,2023-06-05,1028
3706,神達,12,4,8,合庫-彰化,2023-06-05,1028
5348,正能量智能,8,0,8,合庫-彰化,2023-06-05,1028
8105,凌巨,8,0,8,合庫-彰化,2023-06-05,1028
8222,寶一,15,7,8,合庫-彰化,2023-06-05,1028
8234,新漢,10,2,8,合庫-彰化,2023-06-05,1028
2330,台積電,9,2,7,合庫-彰化,2023-06-05,1028
1727,中華化,20,13,7,合庫-彰化,2023-06-05,1028
2317,鴻海,8,1,7,合庫-彰化,2023-06-05,1028
2371,大同,12,5,7,合庫-彰化,2023-06-05,1028
3711,日月光投控,8,1,7,合庫-彰化,2023-06-05,1028
5425,台半,10,3,7,合庫-彰化,2023-06-05,1028
6274,台燿,7,0,7,合庫-彰化,2023-06-05,1028
2489,瑞軒,65,2,63,合庫-彰化,2023-06-06,1028
6015,宏遠證,61,1,60,合庫-彰化,2023-06-06,1028
2206,三陽工業,60,16,44,合庫-彰化,2023-06-06,1028
2402,毅嘉,46,7,39,合庫-彰化,2023-06-06,1028
2906,高林,32,0,32,合庫-彰化,2023-06-06,1028
6111,大宇資,34,7,27,合庫-彰化,2023-06-06,1028
2328,廣宇,26,0,26,合庫-彰化,2023-06-06,1028
6116,彩晶,39,13,26,合庫-彰化,2023-06-06,1028
00679B,元大美債20年,25,0,25,合庫-彰化,2023-06-06,1028
4510,高鋒,34,10,24,合庫-彰化,2023-06-06,1028
1810,和成,22,0,22,合庫-彰化,2023-06-06,1028
00712,復華富時不動產,22,2,20,合庫-彰化,2023-06-06,1028
1603,華電,20,0,20,合庫-彰化,2023-06-06,1028
2637,慧洋-KY,20,0,20,合庫-彰化,2023-06-06,1028
4915,致伸,35,15,20,合庫-彰化,2023-06-06,1028
2101,南港,19,0,19,合庫-彰化,2023-06-06,1028
6191,精成科,18,0,18,合庫-彰化,2023-06-06,1028
2498,宏達電,26,9,17,合庫-彰化,2023-06-06,1028
00706L,期元大S＆P日圓正2,15,0,15,合庫-彰化,2023-06-06,1028
00795B,中信美國公債20年,15,0,15,合庫-彰化,2023-06-06,1028
5009,榮剛,16,1,15,合庫-彰化,2023-06-06,1028
5348,正能量智能,17,2,15,合庫-彰化,2023-06-06,1028
6233,旺玖,15,0,15,合庫-彰化,2023-06-06,1028
8996,高力,16,1,15,合庫-彰化,2023-06-06,1028
8028,昇陽半導體,20,6,14,合庫-彰化,2023-06-06,1028
3704,合勤控,13,0,13,合庫-彰化,2023-06-06,1028
00720B,元大投資級公司債,13,0,13,合庫-彰化,2023-06-06,1028
9945,潤泰新,13,0,13,合庫-彰化,2023-06-06,1028
1326,台化,12,0,12,合庫-彰化,2023-06-06,1028
1608,華榮,10,0,10,合庫-彰化,2023-06-06,1028
2547,日勝生,10,0,10,合庫-彰化,2023-06-06,1028
3646,艾恩特,10,0,10,合庫-彰化,2023-06-06,1028
4533,協易機,15,5,10,合庫-彰化,2023-06-06,1028
5531,鄉林,10,0,10,合庫-彰化,2023-06-06,1028
8171,天宇,10,0,10,合庫-彰化,2023-06-06,1028
1903,士紙,9,0,9,合庫-彰化,2023-06-06,1028
5465,富驊,12,3,9,合庫-彰化,2023-06-06,1028
2609,陽明,11,3,8,合庫-彰化,2023-06-06,1028
1218,泰山,8,0,8,合庫-彰化,2023-06-06,1028
2337,旺宏,8,0,8,合庫-彰化,2023-06-06,1028
3058,立德,11,3,8,合庫-彰化,2023-06-06,1028
6456,GIS-KY,7,0,7,合庫-彰化,2023-06-06,1028
6698,旭暉應材,7,0,7,合庫-彰化,2023-06-06,1028
1319,東陽,6,0,6,合庫-彰化,2023-06-06,1028
00927,群益半導體收益,6,0,6,合庫-彰化,2023-06-06,1028
2009,第一銅,9,3,6,合庫-彰化,2023-06-06,1028
4804,大略-KY,6,0,6,合庫-彰化,2023-06-06,1028
4906,正文,7,1,6,合庫-彰化,2023-06-06,1028
4916,事欣科,8,2,6,合庫-彰化,2023-06-06,1028
8105,凌巨,6,0,6,合庫-彰化,2023-06-06,1028
00715L,期街口布蘭特正2,420,0,420,合庫-彰化,2023-06-07,1028
5340,建榮,105,3,102,合庫-彰化,2023-06-07,1028
5443,均豪,53,0,53,合庫-彰化,2023-06-07,1028
8926,台汽電,45,0,45,合庫-彰化,2023-06-07,1028
2402,毅嘉,55,11,44,合庫-彰化,2023-06-07,1028
8097,常珵,43,0,43,合庫-彰化,2023-06-07,1028
00882,中信中國高股息,42,0,42,合庫-彰化,2023-06-07,1028
2425,承啟,35,0,35,合庫-彰化,2023-06-07,1028
3231,緯創,69,34,35,合庫-彰化,2023-06-07,1028
6282,康舒,50,16,34,合庫-彰化,2023-06-07,1028
2515,中工,24,0,24,合庫-彰化,2023-06-07,1028
1309,台達化,20,0,20,合庫-彰化,2023-06-07,1028
2104,國際中橡,23,4,19,合庫-彰化,2023-06-07,1028
2427,三商電,20,1,19,合庫-彰化,2023-06-07,1028
6147,頎邦,25,6,19,合庫-彰化,2023-06-07,1028
2383,台光電,20,2,18,合庫-彰化,2023-06-07,1028
3028,增你強,17,0,17,合庫-彰化,2023-06-07,1028
3704,合勤控,16,0,16,合庫-彰化,2023-06-07,1028
9943,好樂迪,17,1,16,合庫-彰化,2023-06-07,1028
2528,皇普,15,0,15,合庫-彰化,2023-06-07,1028
2883,凱基金,16,1,15,合庫-彰化,2023-06-07,1028
2331,精英,26,12,14,合庫-彰化,2023-06-07,1028
9945,潤泰新,14,1,13,合庫-彰化,2023-06-07,1028
2609,陽明,13,0,13,合庫-彰化,2023-06-07,1028
3055,蔚華科,12,0,12,合庫-彰化,2023-06-07,1028
1605,華新,11,0,11,合庫-彰化,2023-06-07,1028
00637L,元大滬深300正2,16,5,11,合庫-彰化,2023-06-07,1028
2393,億光,15,4,11,合庫-彰化,2023-06-07,1028
1314,中石化,10,0,10,合庫-彰化,2023-06-07,1028
1815,富喬,10,0,10,合庫-彰化,2023-06-07,1028
2486,一詮,11,1,10,合庫-彰化,2023-06-07,1028
5515,建國,10,0,10,合庫-彰化,2023-06-07,1028
8131,福懋科,10,0,10,合庫-彰化,2023-06-07,1028
2323,中環,22,13,9,合庫-彰化,2023-06-07,1028
2610,華航,19,10,9,合庫-彰化,2023-06-07,1028
6789,采鈺,10,1,9,合庫-彰化,2023-06-07,1028
9907,統一實,11,2,9,合庫-彰化,2023-06-07,1028
0056,元大高股息,14,5,9,合庫-彰化,2023-06-07,1028
3532,台勝科,11,3,8,合庫-彰化,2023-06-07,1028
1519,華城,21,13,8,合庫-彰化,2023-06-07,1028
2618,長榮航,25,17,8,合庫-彰化,2023-06-07,1028
3013,晟銘電,13,6,7,合庫-彰化,2023-06-07,1028
3078,僑威,13,6,7,合庫-彰化,2023-06-07,1028
3090,日電貿,7,0,7,合庫-彰化,2023-06-07,1028
3540,曜越,7,0,7,合庫-彰化,2023-06-07,1028
5227,立凱-KY,7,0,7,合庫-彰化,2023-06-07,1028
3481,群創,13,7,6,合庫-彰化,2023-06-07,1028
00924,復華S＆P500成長,6,0,6,合庫-彰化,2023-06-07,1028
1326,台化,6,0,6,合庫-彰化,2023-06-07,1028
1722,台肥,6,0,6,合庫-彰化,2023-06-07,1028
00878,國泰永續高股息,117,7,110,合庫-彰化,2023-06-08,1028
00712,復華富時不動產,105,31,74,合庫-彰化,2023-06-08,1028
6128,上福,70,1,69,合庫-彰化,2023-06-08,1028
2888,新光金,69,8,61,合庫-彰化,2023-06-08,1028
5340,建榮,70,9,61,合庫-彰化,2023-06-08,1028
1905,華紙,57,0,57,合庫-彰化,2023-06-08,1028
8097,常珵,53,1,52,合庫-彰化,2023-06-08,1028
00679B,元大美債20年,50,0,50,合庫-彰化,2023-06-08,1028
00706L,期元大S＆P日圓正2,49,0,49,合庫-彰化,2023-06-08,1028
1612,宏泰,38,0,38,合庫-彰化,2023-06-08,1028
2409,友達,34,1,33,合庫-彰化,2023-06-08,1028
6016,康和證,30,0,30,合庫-彰化,2023-06-08,1028
6282,康舒,32,3,29,合庫-彰化,2023-06-08,1028
2344,華邦電,30,2,28,合庫-彰化,2023-06-08,1028
3563,牧德,29,1,28,合庫-彰化,2023-06-08,1028
6415,矽力*-KY,28,0,28,合庫-彰化,2023-06-08,1028
4123,晟德,34,7,27,合庫-彰化,2023-06-08,1028
00919,群益台灣精選高息,26,0,26,合庫-彰化,2023-06-08,1028
3058,立德,28,3,25,合庫-彰化,2023-06-08,1028
1609,大亞,112,88,24,合庫-彰化,2023-06-08,1028
00720B,元大投資級公司債,22,0,22,合庫-彰化,2023-06-08,1028
2368,金像電,27,6,21,合庫-彰化,2023-06-08,1028
9958,世紀鋼,21,0,21,合庫-彰化,2023-06-08,1028
3374,精材,34,14,20,合庫-彰化,2023-06-08,1028
6026,福邦證,20,0,20,合庫-彰化,2023-06-08,1028
7402,邑錡,20,1,19,合庫-彰化,2023-06-08,1028
2313,華通,29,11,18,合庫-彰化,2023-06-08,1028
3260,威剛,20,2,18,合庫-彰化,2023-06-08,1028
8436,大江,15,0,15,合庫-彰化,2023-06-08,1028
00926,凱基全球菁英55,15,0,15,合庫-彰化,2023-06-08,1028
2337,旺宏,15,0,15,合庫-彰化,2023-06-08,1028
2734,易飛網,16,1,15,合庫-彰化,2023-06-08,1028
3481,群創,17,2,15,合庫-彰化,2023-06-08,1028
3037,欣興,21,6,15,合庫-彰化,2023-06-08,1028
2882,國泰金,15,0,15,合庫-彰化,2023-06-08,1028
6535,順藥,14,0,14,合庫-彰化,2023-06-08,1028
2881,富邦金,13,0,13,合庫-彰化,2023-06-08,1028
9945,潤泰新,13,0,13,合庫-彰化,2023-06-08,1028
2206,三陽工業,22,10,12,合庫-彰化,2023-06-08,1028
5236,凌陽創新,12,0,12,合庫-彰化,2023-06-08,1028
6116,彩晶,22,10,12,合庫-彰化,2023-06-08,1028
2022,聚亨,11,0,11,合庫-彰化,2023-06-08,1028
2515,中工,11,0,11,合庫-彰化,2023-06-08,1028
4907,富宇,11,0,11,合庫-彰化,2023-06-08,1028
6191,精成科,12,1,11,合庫-彰化,2023-06-08,1028
6531,愛普*,46,35,11,合庫-彰化,2023-06-08,1028
0056,元大高股息,11,0,11,合庫-彰化,2023-06-08,1028
2457,飛宏,21,11,10,合庫-彰化,2023-06-08,1028
1460,宏遠,20,10,10,合庫-彰化,2023-06-08,1028
1513,中興電,24,14,10,合庫-彰化,2023-06-08,1028
6005,群益證,310,0,310,合庫-彰化,2023-06-09,1028
00715L,期街口布蘭特正2,285,0,285,合庫-彰化,2023-06-09,1028
6191,精成科,115,0,115,合庫-彰化,2023-06-09,1028
1815,富喬,112,2,110,合庫-彰化,2023-06-09,1028
8011,台通,106,0,106,合庫-彰化,2023-06-09,1028
00929,復華台灣科技優息,48,0,48,合庫-彰化,2023-06-09,1028
6282,康舒,57,11,46,合庫-彰化,2023-06-09,1028
6128,上福,45,0,45,合庫-彰化,2023-06-09,1028
2528,皇普,33,0,33,合庫-彰化,2023-06-09,1028
8038,長園科,32,1,31,合庫-彰化,2023-06-09,1028
2012,春雨,34,4,30,合庫-彰化,2023-06-09,1028
3481,群創,28,7,21,合庫-彰化,2023-06-09,1028
00740B,富邦全球投等債,20,0,20,合庫-彰化,2023-06-09,1028
00637L,元大滬深300正2,19,0,19,合庫-彰化,2023-06-09,1028
2351,順德,20,1,19,合庫-彰化,2023-06-09,1028
2888,新光金,23,4,19,合庫-彰化,2023-06-09,1028
3060,銘異,17,0,17,合庫-彰化,2023-06-09,1028
1104,環泥,16,1,15,合庫-彰化,2023-06-09,1028
1907,永豐餘,21,6,15,合庫-彰化,2023-06-09,1028
5498,凱崴,15,0,15,合庫-彰化,2023-06-09,1028
5512,力麒,15,0,15,合庫-彰化,2023-06-09,1028
00679B,元大美債20年,24,10,14,合庫-彰化,2023-06-09,1028
2482,連宇,21,7,14,合庫-彰化,2023-06-09,1028
00642U,期元大S＆P石油,13,0,13,合庫-彰化,2023-06-09,1028
9945,潤泰新,13,0,13,合庫-彰化,2023-06-09,1028
2630,亞航,41,29,12,合庫-彰化,2023-06-09,1028
00882,中信中國高股息,11,0,11,合庫-彰化,2023-06-09,1028
2883,凱基金,12,1,11,合庫-彰化,2023-06-09,1028
1326,台化,10,0,10,合庫-彰化,2023-06-09,1028
2337,旺宏,12,2,10,合庫-彰化,2023-06-09,1028
2383,台光電,10,0,10,合庫-彰化,2023-06-09,1028
4161,聿新科,15,5,10,合庫-彰化,2023-06-09,1028
5347,世界,10,0,10,合庫-彰化,2023-06-09,1028
6026,福邦證,10,0,10,合庫-彰化,2023-06-09,1028
6219,富旺,10,0,10,合庫-彰化,2023-06-09,1028
1504,東元,15,5,10,合庫-彰化,2023-06-09,1028
1528,恩德,10,1,9,合庫-彰化,2023-06-09,1028
1533,車王電,9,0,9,合庫-彰化,2023-06-09,1028
2388,威盛,23,14,9,合庫-彰化,2023-06-09,1028
6153,嘉聯益,9,0,9,合庫-彰化,2023-06-09,1028
2401,凌陽,8,0,8,合庫-彰化,2023-06-09,1028
3037,欣興,10,2,8,合庫-彰化,2023-06-09,1028
9907,統一實,8,0,8,合庫-彰化,2023-06-09,1028
0050,元大台灣50,10,3,7,合庫-彰化,2023-06-09,1028
6188,廣明,8,1,7,合庫-彰化,2023-06-09,1028
8150,南茂,10,3,7,合庫-彰化,2023-06-09,1028
3003,健和興,6,0,6,合庫-彰化,2023-06-09,1028
1752,南光,7,1,6,合庫-彰化,2023-06-09,1028
2467,志聖,6,0,6,合庫-彰化,2023-06-09,1028
2609,陽明,7,1,6,合庫-彰化,2023-06-09,1028
00715L,期街口布蘭特正2,630,5,625,合庫-彰化,2023-06-12,1028
2368,金像電,93,7,86,合庫-彰化,2023-06-12,1028
00929,復華台灣科技優息,78,9,69,合庫-彰化,2023-06-12,1028
00712,復華富時不動產,63,0,63,合庫-彰化,2023-06-12,1028
3231,緯創,55,7,48,合庫-彰化,2023-06-12,1028
3576,聯合再生,53,9,44,合庫-彰化,2023-06-12,1028
00919,群益台灣精選高息,39,0,39,合庫-彰化,2023-06-12,1028
2888,新光金,165,129,36,合庫-彰化,2023-06-12,1028
5009,榮剛,46,13,33,合庫-彰化,2023-06-12,1028
9958,世紀鋼,34,1,33,合庫-彰化,2023-06-12,1028
2012,春雨,32,0,32,合庫-彰化,2023-06-12,1028
5386,青雲,33,3,30,合庫-彰化,2023-06-12,1028
2206,三陽工業,44,14,30,合庫-彰化,2023-06-12,1028
00885,富邦越南,29,1,28,合庫-彰化,2023-06-12,1028
1584,精剛,34,8,26,合庫-彰化,2023-06-12,1028
6698,旭暉應材,24,0,24,合庫-彰化,2023-06-12,1028
2462,良得電,25,2,23,合庫-彰化,2023-06-12,1028
00642U,期元大S＆P石油,21,0,21,合庫-彰化,2023-06-12,1028
2457,飛宏,24,4,20,合庫-彰化,2023-06-12,1028
3202,樺晟,20,0,20,合庫-彰化,2023-06-12,1028
3481,群創,35,18,17,合庫-彰化,2023-06-12,1028
2528,皇普,17,0,17,合庫-彰化,2023-06-12,1028
2547,日勝生,17,0,17,合庫-彰化,2023-06-12,1028
2618,長榮航,29,12,17,合庫-彰化,2023-06-12,1028
2356,英業達,24,8,16,合庫-彰化,2023-06-12,1028
2331,精英,29,13,16,合庫-彰化,2023-06-12,1028
2402,毅嘉,22,6,16,合庫-彰化,2023-06-12,1028
6182,合晶,16,0,16,合庫-彰化,2023-06-12,1028
1762,中化生,16,1,15,合庫-彰化,2023-06-12,1028
4157,太景*-KY,18,3,15,合庫-彰化,2023-06-12,1028
5426,振發,15,0,15,合庫-彰化,2023-06-12,1028
8011,台通,15,0,15,合庫-彰化,2023-06-12,1028
8358,金居,19,4,15,合庫-彰化,2023-06-12,1028
3374,精材,20,6,14,合庫-彰化,2023-06-12,1028
00679B,元大美債20年,13,0,13,合庫-彰化,2023-06-12,1028
6163,華電網,13,0,13,合庫-彰化,2023-06-12,1028
8097,常珵,14,1,13,合庫-彰化,2023-06-12,1028
2413,環科,12,0,12,合庫-彰化,2023-06-12,1028
6441,廣錠,16,4,12,合庫-彰化,2023-06-12,1028
2442,新美齊,11,0,11,合庫-彰化,2023-06-12,1028
2722,夏都,11,0,11,合庫-彰化,2023-06-12,1028
2801,彰銀,11,0,11,合庫-彰化,2023-06-12,1028
6111,大宇資,11,0,11,合庫-彰化,2023-06-12,1028
9939,宏全,11,0,11,合庫-彰化,2023-06-12,1028
1605,華新,14,3,11,合庫-彰化,2023-06-12,1028
1504,東元,15,5,10,合庫-彰化,2023-06-12,1028
00892,富邦台灣半導體,10,0,10,合庫-彰化,2023-06-12,1028
1714,和桐,10,0,10,合庫-彰化,2023-06-12,1028
2405,輔信,10,0,10,合庫-彰化,2023-06-12,1028
2705,六福,11,1,10,合庫-彰化,2023-06-12,1028
00715L,期街口布蘭特正2,725,100,625,合庫-彰化,2023-06-13,1028
2888,新光金,200,23,177,合庫-彰化,2023-06-13,1028
00706L,期元大S＆P日圓正2,140,0,140,合庫-彰化,2023-06-13,1028
00642U,期元大S＆P石油,116,50,66,合庫-彰化,2023-06-13,1028
1540,喬福,63,0,63,合庫-彰化,2023-06-13,1028
00919,群益台灣精選高息,41,0,41,合庫-彰化,2023-06-13,1028
8358,金居,48,10,38,合庫-彰化,2023-06-13,1028
5324,士開,35,0,35,合庫-彰化,2023-06-13,1028
2409,友達,54,22,32,合庫-彰化,2023-06-13,1028
2412,中華電,30,1,29,合庫-彰化,2023-06-13,1028
3052,夆典,30,2,28,合庫-彰化,2023-06-13,1028
00885,富邦越南,45,20,25,合庫-彰化,2023-06-13,1028
2705,六福,22,0,22,合庫-彰化,2023-06-13,1028
2883,凱基金,24,2,22,合庫-彰化,2023-06-13,1028
1905,華紙,19,0,19,合庫-彰化,2023-06-13,1028
00637L,元大滬深300正2,18,0,18,合庫-彰化,2023-06-13,1028
2323,中環,24,6,18,合庫-彰化,2023-06-13,1028
3231,緯創,34,19,15,合庫-彰化,2023-06-13,1028
8097,常珵,15,0,15,合庫-彰化,2023-06-13,1028
2610,華航,22,9,13,合庫-彰化,2023-06-13,1028
3576,聯合再生,15,3,12,合庫-彰化,2023-06-13,1028
2371,大同,16,4,12,合庫-彰化,2023-06-13,1028
6245,立端,14,2,12,合庫-彰化,2023-06-13,1028
2630,亞航,21,10,11,合庫-彰化,2023-06-13,1028
1108,幸福,10,0,10,合庫-彰化,2023-06-13,1028
2028,威致,10,0,10,合庫-彰化,2023-06-13,1028
2515,中工,10,0,10,合庫-彰化,2023-06-13,1028
2867,三商壽,10,0,10,合庫-彰化,2023-06-13,1028
2915,潤泰全,10,0,10,合庫-彰化,2023-06-13,1028
3016,嘉晶,10,0,10,合庫-彰化,2023-06-13,1028
3038,全台,10,0,10,合庫-彰化,2023-06-13,1028
3178,公準,11,1,10,合庫-彰化,2023-06-13,1028
5371,中光電,10,0,10,合庫-彰化,2023-06-13,1028
6150,撼訊,10,0,10,合庫-彰化,2023-06-13,1028
6733,博晟生醫,10,0,10,合庫-彰化,2023-06-13,1028
8150,南茂,10,0,10,合庫-彰化,2023-06-13,1028
00712,復華富時不動產,14,5,9,合庫-彰化,2023-06-13,1028
1102,亞泥,8,0,8,合庫-彰化,2023-06-13,1028
3006,晶豪科,9,1,8,合庫-彰化,2023-06-13,1028
6282,康舒,20,12,8,合庫-彰化,2023-06-13,1028
6535,順藥,8,0,8,合庫-彰化,2023-06-13,1028
00929,復華台灣科技優息,9,2,7,合庫-彰化,2023-06-13,1028
1785,光洋科,7,0,7,合庫-彰化,2023-06-13,1028
2337,旺宏,10,3,7,合庫-彰化,2023-06-13,1028
2399,映泰,7,0,7,合庫-彰化,2023-06-13,1028
4157,太景*-KY,7,0,7,合庫-彰化,2023-06-13,1028
6456,GIS-KY,7,0,7,合庫-彰化,2023-06-13,1028
6698,旭暉應材,7,0,7,合庫-彰化,2023-06-13,1028
00924,復華S＆P500成長,6,0,6,合庫-彰化,2023-06-13,1028
00632R,元大台灣50反1,6,0,6,合庫-彰化,2023-06-13,1028
2888,新光金,132,10,122,合庫-彰化,2023-06-14,1028
1611,中電,121,2,119,合庫-彰化,2023-06-14,1028
2409,友達,118,0,118,合庫-彰化,2023-06-14,1028
00664R,國泰臺灣加權反1,113,0,113,合庫-彰化,2023-06-14,1028
4533,協易機,119,18,101,合庫-彰化,2023-06-14,1028
00919,群益台灣精選高息,84,0,84,合庫-彰化,2023-06-14,1028
5340,建榮,84,0,84,合庫-彰化,2023-06-14,1028
6770,力積電,85,22,63,合庫-彰化,2023-06-14,1028
00893,國泰智能電動車,52,1,51,合庫-彰化,2023-06-14,1028
2356,英業達,87,45,42,合庫-彰化,2023-06-14,1028
2450,神腦,38,0,38,合庫-彰化,2023-06-14,1028
8131,福懋科,35,0,35,合庫-彰化,2023-06-14,1028
2228,劍麟,34,0,34,合庫-彰化,2023-06-14,1028
8097,常珵,35,1,34,合庫-彰化,2023-06-14,1028
00720B,元大投資級公司債,31,0,31,合庫-彰化,2023-06-14,1028
4906,正文,39,8,31,合庫-彰化,2023-06-14,1028
6015,宏遠證,30,0,30,合庫-彰化,2023-06-14,1028
2516,新建,23,0,23,合庫-彰化,2023-06-14,1028
1522,堤維西,21,1,20,合庫-彰化,2023-06-14,1028
2206,三陽工業,27,7,20,合庫-彰化,2023-06-14,1028
2313,華通,20,0,20,合庫-彰化,2023-06-14,1028
2457,飛宏,25,5,20,合庫-彰化,2023-06-14,1028
2601,益航,19,0,19,合庫-彰化,2023-06-14,1028
6282,康舒,23,4,19,合庫-彰化,2023-06-14,1028
1326,台化,18,0,18,合庫-彰化,2023-06-14,1028
6111,大宇資,17,0,17,合庫-彰化,2023-06-14,1028
6150,撼訊,17,0,17,合庫-彰化,2023-06-14,1028
3033,威健,14,0,14,合庫-彰化,2023-06-14,1028
1536,和大,12,0,12,合庫-彰化,2023-06-14,1028
3454,晶睿,12,0,12,合庫-彰化,2023-06-14,1028
1504,東元,14,3,11,合庫-彰化,2023-06-14,1028
1584,精剛,11,0,11,合庫-彰化,2023-06-14,1028
1905,華紙,17,6,11,合庫-彰化,2023-06-14,1028
3062,建漢,11,0,11,合庫-彰化,2023-06-14,1028
6160,欣技,11,0,11,合庫-彰化,2023-06-14,1028
8433,弘帆,11,0,11,合庫-彰化,2023-06-14,1028
00882,中信中國高股息,10,0,10,合庫-彰化,2023-06-14,1028
00857B,永豐20年美公債,10,0,10,合庫-彰化,2023-06-14,1028
00751B,元大AAA至A公司債,10,0,10,合庫-彰化,2023-06-14,1028
00712,復華富時不動產,18,8,10,合庫-彰化,2023-06-14,1028
00631L,元大台灣50正2,10,0,10,合庫-彰化,2023-06-14,1028
1307,三芳,10,0,10,合庫-彰化,2023-06-14,1028
2723,美食-KY,10,0,10,合庫-彰化,2023-06-14,1028
2890,永豐金,10,0,10,合庫-彰化,2023-06-14,1028
4147,中裕,10,0,10,合庫-彰化,2023-06-14,1028
8926,台汽電,11,1,10,合庫-彰化,2023-06-14,1028
9907,統一實,10,0,10,合庫-彰化,2023-06-14,1028
9950,萬國通,10,0,10,合庫-彰化,2023-06-14,1028
2105,正新,9,0,9,合庫-彰化,2023-06-14,1028
3037,欣興,21,12,9,合庫-彰化,2023-06-14,1028
00715L,期街口布蘭特正2,472,67,405,合庫-彰化,2023-06-15,1028
3163,波若威,315,126,189,合庫-彰化,2023-06-15,1028
2888,新光金,165,9,156,合庫-彰化,2023-06-15,1028
3017,奇鋐,107,7,100,合庫-彰化,2023-06-15,1028
2489,瑞軒,80,0,80,合庫-彰化,2023-06-15,1028
1528,恩德,63,5,58,合庫-彰化,2023-06-15,1028
00919,群益台灣精選高息,55,0,55,合庫-彰化,2023-06-15,1028
8110,華東,47,0,47,合庫-彰化,2023-06-15,1028
6245,立端,41,0,41,合庫-彰化,2023-06-15,1028
2610,華航,475,444,31,合庫-彰化,2023-06-15,1028
2630,亞航,46,15,31,合庫-彰化,2023-06-15,1028
4162,智擎,30,0,30,合庫-彰化,2023-06-15,1028
00903,富邦元宇宙,26,0,26,合庫-彰化,2023-06-15,1028
2352,佳世達,23,0,23,合庫-彰化,2023-06-15,1028
2450,神腦,22,0,22,合庫-彰化,2023-06-15,1028
2105,正新,25,4,21,合庫-彰化,2023-06-15,1028
1514,亞力,24,4,20,合庫-彰化,2023-06-15,1028
2027,大成鋼,20,0,20,合庫-彰化,2023-06-15,1028
2705,六福,20,1,19,合庫-彰化,2023-06-15,1028
00882,中信中國高股息,18,1,17,合庫-彰化,2023-06-15,1028
00671R,富邦NASDAQ反1,16,0,16,合庫-彰化,2023-06-15,1028
00772B,中信高評級公司債,15,0,15,合庫-彰化,2023-06-15,1028
2457,飛宏,17,2,15,合庫-彰化,2023-06-15,1028
8215,明基材,15,0,15,合庫-彰化,2023-06-15,1028
8358,金居,17,2,15,合庫-彰化,2023-06-15,1028
9105,泰金寶-DR,15,0,15,合庫-彰化,2023-06-15,1028
2607,榮運,15,1,14,合庫-彰化,2023-06-15,1028
2369,菱生,13,0,13,合庫-彰化,2023-06-15,1028
3141,晶宏,17,4,13,合庫-彰化,2023-06-15,1028
6142,友勁,14,1,13,合庫-彰化,2023-06-15,1028
3481,群創,28,16,12,合庫-彰化,2023-06-15,1028
2349,錸德,12,0,12,合庫-彰化,2023-06-15,1028
2409,友達,27,15,12,合庫-彰化,2023-06-15,1028
3483,力致,19,7,12,合庫-彰化,2023-06-15,1028
1815,富喬,20,9,11,合庫-彰化,2023-06-15,1028
6147,頎邦,12,1,11,合庫-彰化,2023-06-15,1028
1605,華新,20,10,10,合庫-彰化,2023-06-15,1028
2443,昶虹,10,0,10,合庫-彰化,2023-06-15,1028
2890,永豐金,10,0,10,合庫-彰化,2023-06-15,1028
4950,牧東,10,0,10,合庫-彰化,2023-06-15,1028
5230,雷笛克光學,10,0,10,合庫-彰化,2023-06-15,1028
6116,彩晶,10,0,10,合庫-彰化,2023-06-15,1028
6469,大樹,10,0,10,合庫-彰化,2023-06-15,1028
3289,宜特,9,0,9,合庫-彰化,2023-06-15,1028
1314,中石化,7,0,7,合庫-彰化,2023-06-15,1028
2337,旺宏,11,4,7,合庫-彰化,2023-06-15,1028
00922,國泰台灣領袖50,7,0,7,合庫-彰化,2023-06-15,1028
00687B,國泰20年美債,7,0,7,合庫-彰化,2023-06-15,1028
00712,復華富時不動產,11,4,7,合庫-彰化,2023-06-15,1028
2002,中鋼,7,0,7,合庫-彰化,2023-06-15,1028
2888,新光金,235,24,211,合庫-彰化,2023-06-16,1028
00664R,國泰臺灣加權反1,120,0,120,合庫-彰化,2023-06-16,1028
2883,凱基金,120,0,120,合庫-彰化,2023-06-16,1028
2368,金像電,124,24,100,合庫-彰化,2023-06-16,1028
2489,瑞軒,95,0,95,合庫-彰化,2023-06-16,1028
00712,復華富時不動產,107,19,88,合庫-彰化,2023-06-16,1028
2365,昆盈,71,0,71,合庫-彰化,2023-06-16,1028
00688L,國泰20年美債正2,70,0,70,合庫-彰化,2023-06-16,1028
2383,台光電,70,0,70,合庫-彰化,2023-06-16,1028
2834,臺企銀,62,0,62,合庫-彰化,2023-06-16,1028
6245,立端,55,0,55,合庫-彰化,2023-06-16,1028
00919,群益台灣精選高息,42,0,42,合庫-彰化,2023-06-16,1028
3060,銘異,40,0,40,合庫-彰化,2023-06-16,1028
3260,威剛,55,17,38,合庫-彰化,2023-06-16,1028
2481,強茂,26,0,26,合庫-彰化,2023-06-16,1028
00929,復華台灣科技優息,26,4,22,合庫-彰化,2023-06-16,1028
4426,利勤,20,0,20,合庫-彰化,2023-06-16,1028
6174,安��,20,0,20,合庫-彰化,2023-06-16,1028
3689,湧德,19,0,19,合庫-彰化,2023-06-16,1028
1907,永豐餘,20,2,18,合庫-彰化,2023-06-16,1028
4306,炎洲,18,0,18,合庫-彰化,2023-06-16,1028
2352,佳世達,20,3,17,合庫-彰化,2023-06-16,1028
1701,中化,15,0,15,合庫-彰化,2023-06-16,1028
1905,華紙,20,6,14,合庫-彰化,2023-06-16,1028
4950,牧東,16,2,14,合庫-彰化,2023-06-16,1028
2402,毅嘉,17,4,13,合庫-彰化,2023-06-16,1028
3646,艾恩特,13,0,13,合庫-彰化,2023-06-16,1028
4566,時碩工業,13,0,13,合庫-彰化,2023-06-16,1028
3024,憶聲,13,1,12,合庫-彰化,2023-06-16,1028
6770,力積電,14,2,12,合庫-彰化,2023-06-16,1028
2515,中工,18,7,11,合庫-彰化,2023-06-16,1028
5009,榮剛,15,4,11,合庫-彰化,2023-06-16,1028
5324,士開,11,0,11,合庫-彰化,2023-06-16,1028
6266,泰詠,11,0,11,合庫-彰化,2023-06-16,1028
00901,永豐智能車供應鏈,10,0,10,合庫-彰化,2023-06-16,1028
00795B,中信美國公債20年,15,5,10,合庫-彰化,2023-06-16,1028
3178,公準,10,0,10,合庫-彰化,2023-06-16,1028
4952,凌通,10,0,10,合庫-彰化,2023-06-16,1028
5230,雷笛克光學,10,0,10,合庫-彰化,2023-06-16,1028
6116,彩晶,11,1,10,合庫-彰化,2023-06-16,1028
6205,詮欣,10,0,10,合庫-彰化,2023-06-16,1028
8358,金居,11,1,10,合庫-彰化,2023-06-16,1028
9907,統一實,15,5,10,合庫-彰化,2023-06-16,1028
5443,均豪,9,0,9,合庫-彰化,2023-06-16,1028
8201,無敵,9,0,9,合庫-彰化,2023-06-16,1028
5880,合庫金,9,0,9,合庫-彰化,2023-06-16,1028
1618,合機,10,2,8,合庫-彰化,2023-06-16,1028
2331,精英,13,5,8,合庫-彰化,2023-06-16,1028
2388,威盛,22,14,8,合庫-彰化,2023-06-16,1028
2882,國泰金,8,0,8,合庫-彰化,2023-06-16,1028
5880,合庫金,404,0,404,合庫-彰化,2023-06-19,1028
1218,泰山,274,3,271,合庫-彰化,2023-06-19,1028
6120,達運,192,18,174,合庫-彰化,2023-06-19,1028
2610,華航,183,50,133,合庫-彰化,2023-06-19,1028
5371,中光電,95,1,94,合庫-彰化,2023-06-19,1028
00903,富邦元宇宙,82,0,82,合庫-彰化,2023-06-19,1028
3693,營邦,96,45,51,合庫-彰化,2023-06-19,1028
00664R,國泰臺灣加權反1,30,0,30,合庫-彰化,2023-06-19,1028
2618,長榮航,56,27,29,合庫-彰化,2023-06-19,1028
2352,佳世達,32,4,28,合庫-彰化,2023-06-19,1028
00679B,元大美債20年,28,0,28,合庫-彰化,2023-06-19,1028
2312,金寶,31,6,25,合庫-彰化,2023-06-19,1028
2705,六福,24,0,24,合庫-彰化,2023-06-19,1028
1605,華新,27,3,24,合庫-彰化,2023-06-19,1028
4426,利勤,20,0,20,合庫-彰化,2023-06-19,1028
1609,大亞,23,5,18,合庫-彰化,2023-06-19,1028
2882,國泰金,23,5,18,合庫-彰化,2023-06-19,1028
1907,永豐餘,18,1,17,合庫-彰化,2023-06-19,1028
2324,仁寶,31,14,17,合庫-彰化,2023-06-19,1028
00893,國泰智能電動車,16,0,16,合庫-彰化,2023-06-19,1028
4973,廣穎,16,0,16,合庫-彰化,2023-06-19,1028
2208,台船,15,0,15,合庫-彰化,2023-06-19,1028
2344,華邦電,31,16,15,合庫-彰化,2023-06-19,1028
3189,景碩,15,0,15,合庫-彰化,2023-06-19,1028
6016,康和證,15,0,15,合庫-彰化,2023-06-19,1028
2353,宏��,13,0,13,合庫-彰化,2023-06-19,1028
2388,威盛,13,0,13,合庫-彰化,2023-06-19,1028
3687,歐買尬,13,0,13,合庫-彰化,2023-06-19,1028
6443,元晶,17,4,13,合庫-彰化,2023-06-19,1028
00929,復華台灣科技優息,12,0,12,合庫-彰化,2023-06-19,1028
3706,神達,16,4,12,合庫-彰化,2023-06-19,1028
5443,均豪,12,0,12,合庫-彰化,2023-06-19,1028
2027,大成鋼,13,2,11,合庫-彰化,2023-06-19,1028
5324,士開,11,0,11,合庫-彰化,2023-06-19,1028
0056,元大高股息,11,1,10,合庫-彰化,2023-06-19,1028
00637L,元大滬深300正2,15,5,10,合庫-彰化,2023-06-19,1028
2504,國產,10,0,10,合庫-彰化,2023-06-19,1028
3046,建��,14,4,10,合庫-彰化,2023-06-19,1028
3646,艾恩特,10,0,10,合庫-彰化,2023-06-19,1028
4121,優盛,10,0,10,合庫-彰化,2023-06-19,1028
8905,裕國,10,0,10,合庫-彰化,2023-06-19,1028
00919,群益台灣精選高息,11,2,9,合庫-彰化,2023-06-19,1028
2645,長榮航太,16,7,9,合庫-彰化,2023-06-19,1028
6148,驊宏資,13,4,9,合庫-彰化,2023-06-19,1028
6770,力積電,9,0,9,合庫-彰化,2023-06-19,1028
1802,台玻,9,1,8,合庫-彰化,2023-06-19,1028
6698,旭暉應材,8,0,8,合庫-彰化,2023-06-19,1028
1515,力山,10,3,7,合庫-彰化,2023-06-19,1028
2103,台橡,7,0,7,合庫-彰化,2023-06-19,1028
5243,乙盛-KY,7,0,7,合庫-彰化,2023-06-19,1028
3265,台星科,327,25,302,合庫-彰化,2023-06-20,1028
5009,榮剛,149,8,141,合庫-彰化,2023-06-20,1028
2324,仁寶,115,4,111,合庫-彰化,2023-06-20,1028
1584,精剛,97,1,96,合庫-彰化,2023-06-20,1028
2303,聯電,112,21,91,合庫-彰化,2023-06-20,1028
3481,群創,88,21,67,合庫-彰化,2023-06-20,1028
9921,巨大,60,0,60,合庫-彰化,2023-06-20,1028
2427,三商電,79,22,57,合庫-彰化,2023-06-20,1028
5880,合庫金,51,1,50,合庫-彰化,2023-06-20,1028
2412,中華電,50,1,49,合庫-彰化,2023-06-20,1028
2330,台積電,35,0,35,合庫-彰化,2023-06-20,1028
2610,華航,74,44,30,合庫-彰化,2023-06-20,1028
2337,旺宏,29,0,29,合庫-彰化,2023-06-20,1028
2312,金寶,27,0,27,合庫-彰化,2023-06-20,1028
2405,輔信,32,6,26,合庫-彰化,2023-06-20,1028
6282,康舒,27,1,26,合庫-彰化,2023-06-20,1028
2059,川湖,25,3,22,合庫-彰化,2023-06-20,1028
2618,長榮航,51,29,22,合庫-彰化,2023-06-20,1028
4973,廣穎,21,0,21,合庫-彰化,2023-06-20,1028
9914,美利達,20,0,20,合庫-彰化,2023-06-20,1028
2356,英業達,22,5,17,合庫-彰化,2023-06-20,1028
2371,大同,35,18,17,合庫-彰化,2023-06-20,1028
4968,立積,17,0,17,合庫-彰化,2023-06-20,1028
00900,富邦特選高股息30,16,0,16,合庫-彰化,2023-06-20,1028
1905,華紙,15,1,14,合庫-彰化,2023-06-20,1028
2331,精英,25,12,13,合庫-彰化,2023-06-20,1028
3231,緯創,33,20,13,合庫-彰化,2023-06-20,1028
00878,國泰永續高股息,34,22,12,合庫-彰化,2023-06-20,1028
2883,凱基金,11,0,11,合庫-彰化,2023-06-20,1028
8076,伍豐,17,6,11,合庫-彰化,2023-06-20,1028
00688L,國泰20年美債正2,10,0,10,合庫-彰化,2023-06-20,1028
00687B,國泰20年美債,10,0,10,合庫-彰化,2023-06-20,1028
1471,首利,10,0,10,合庫-彰化,2023-06-20,1028
2301,光寶科,10,0,10,合庫-彰化,2023-06-20,1028
2352,佳世達,16,6,10,合庫-彰化,2023-06-20,1028
2369,菱生,10,0,10,合庫-彰化,2023-06-20,1028
2545,皇翔,10,0,10,合庫-彰化,2023-06-20,1028
3646,艾恩特,10,0,10,合庫-彰化,2023-06-20,1028
5425,台半,11,1,10,合庫-彰化,2023-06-20,1028
3044,健鼎,10,1,9,合庫-彰化,2023-06-20,1028
2630,亞航,11,3,8,合庫-彰化,2023-06-20,1028
3673,TPK-KY,8,0,8,合庫-彰化,2023-06-20,1028
00921,兆豐龍頭等權重,7,0,7,合庫-彰化,2023-06-20,1028
00888,永豐台灣ESG,7,0,7,合庫-彰化,2023-06-20,1028
2482,連宇,9,2,7,合庫-彰化,2023-06-20,1028
2537,聯上發,20,13,7,合庫-彰化,2023-06-20,1028
2547,日勝生,7,0,7,合庫-彰化,2023-06-20,1028
9945,潤泰新,9,2,7,合庫-彰化,2023-06-20,1028
00679B,元大美債20年,7,0,7,合庫-彰化,2023-06-20,1028
00891,中信關鍵半導體,6,0,6,合庫-彰化,2023-06-20,1028
6120,達運,525,2,523,合庫-彰化,2023-06-21,1028
00673R,期元大S＆P原油反1,260,60,200,合庫-彰化,2023-06-21,1028
1584,精剛,65,0,65,合庫-彰化,2023-06-21,1028
1907,永豐餘,74,14,60,合庫-彰化,2023-06-21,1028
3693,營邦,49,3,46,合庫-彰化,2023-06-21,1028
00671R,富邦NASDAQ反1,43,0,43,合庫-彰化,2023-06-21,1028
3049,精金,54,11,43,合庫-彰化,2023-06-21,1028
1528,恩德,43,1,42,合庫-彰化,2023-06-21,1028
3013,晟銘電,44,10,34,合庫-彰化,2023-06-21,1028
6116,彩晶,47,16,31,合庫-彰化,2023-06-21,1028
00882,中信中國高股息,25,0,25,合庫-彰化,2023-06-21,1028
2705,六福,33,9,24,合庫-彰化,2023-06-21,1028
2634,漢翔,74,53,21,合庫-彰化,2023-06-21,1028
5009,榮剛,21,1,20,合庫-彰化,2023-06-21,1028
9950,萬國通,19,0,19,合庫-彰化,2023-06-21,1028
1605,華新,20,3,17,合庫-彰化,2023-06-21,1028
2323,中環,35,18,17,合庫-彰化,2023-06-21,1028
2337,旺宏,16,0,16,合庫-彰化,2023-06-21,1028
6282,康舒,67,51,16,合庫-彰化,2023-06-21,1028
2528,皇普,15,0,15,合庫-彰化,2023-06-21,1028
6712,長聖,15,0,15,合庫-彰化,2023-06-21,1028
4916,事欣科,57,43,14,合庫-彰化,2023-06-21,1028
2609,陽明,38,25,13,合庫-彰化,2023-06-21,1028
1513,中興電,21,8,13,合庫-彰化,2023-06-21,1028
2537,聯上發,13,0,13,合庫-彰化,2023-06-21,1028
1504,東元,16,4,12,合庫-彰化,2023-06-21,1028
5880,合庫金,11,0,11,合庫-彰化,2023-06-21,1028
00712,復華富時不動產,12,1,11,合庫-彰化,2023-06-21,1028
2104,國際中橡,11,0,11,合庫-彰化,2023-06-21,1028
2371,大同,85,74,11,合庫-彰化,2023-06-21,1028
3406,玉晶光,10,0,10,合庫-彰化,2023-06-21,1028
00650L,復華香港正2,10,0,10,合庫-彰化,2023-06-21,1028
2413,環科,20,10,10,合庫-彰化,2023-06-21,1028
3003,健和興,10,0,10,合庫-彰化,2023-06-21,1028
5425,台半,13,3,10,合庫-彰化,2023-06-21,1028
5443,均豪,10,0,10,合庫-彰化,2023-06-21,1028
6112,邁達特,18,8,10,合庫-彰化,2023-06-21,1028
6168,宏齊,10,0,10,合庫-彰化,2023-06-21,1028
9943,好樂迪,10,0,10,合庫-彰化,2023-06-21,1028
9945,潤泰新,10,0,10,合庫-彰化,2023-06-21,1028
2022,聚亨,9,0,9,合庫-彰化,2023-06-21,1028
2884,玉山金,12,3,9,合庫-彰化,2023-06-21,1028
3055,蔚華科,10,1,9,合庫-彰化,2023-06-21,1028
6443,元晶,10,1,9,合庫-彰化,2023-06-21,1028
6698,旭暉應材,9,0,9,合庫-彰化,2023-06-21,1028
2601,益航,8,0,8,合庫-彰化,2023-06-21,1028
3056,富華新,9,1,8,合庫-彰化,2023-06-21,1028
4904,遠傳,10,2,8,合庫-彰化,2023-06-21,1028
00919,群益台灣精選高息,7,0,7,合庫-彰化,2023-06-21,1028
6695,芯鼎,23,16,7,合庫-彰化,2023-06-21,1028
00715L,期街口布蘭特正2,1107,80,1027,合庫-彰化,2023-06-26,1028
2367,燿華,200,0,200,合庫-彰化,2023-06-26,1028
8104,錸寶,156,0,156,合庫-彰化,2023-06-26,1028
2409,友達,137,0,137,合庫-彰化,2023-06-26,1028
1218,泰山,142,6,136,合庫-彰化,2023-06-26,1028
00882,中信中國高股息,63,2,61,合庫-彰化,2023-06-26,1028
2883,凱基金,61,2,59,合庫-彰化,2023-06-26,1028
6116,彩晶,69,15,54,合庫-彰化,2023-06-26,1028
1905,華紙,70,27,43,合庫-彰化,2023-06-26,1028
2331,精英,65,24,41,合庫-彰化,2023-06-26,1028
3706,神達,52,11,41,合庫-彰化,2023-06-26,1028
00633L,富邦上証正2,40,0,40,合庫-彰化,2023-06-26,1028
2412,中華電,34,0,34,合庫-彰化,2023-06-26,1028
2371,大同,43,10,33,合庫-彰化,2023-06-26,1028
2634,漢翔,34,3,31,合庫-彰化,2023-06-26,1028
5880,合庫金,32,2,30,合庫-彰化,2023-06-26,1028
2489,瑞軒,30,0,30,合庫-彰化,2023-06-26,1028
3231,緯創,73,47,26,合庫-彰化,2023-06-26,1028
2352,佳世達,25,0,25,合庫-彰化,2023-06-26,1028
3013,晟銘電,27,4,23,合庫-彰化,2023-06-26,1028
2610,華航,47,25,22,合庫-彰化,2023-06-26,1028
3715,定穎投控,37,15,22,合庫-彰化,2023-06-26,1028
00679B,元大美債20年,23,3,20,合庫-彰化,2023-06-26,1028
2890,永豐金,20,0,20,合庫-彰化,2023-06-26,1028
8049,晶采,20,0,20,合庫-彰化,2023-06-26,1028
3693,營邦,24,4,20,合庫-彰化,2023-06-26,1028
1802,台玻,26,7,19,合庫-彰化,2023-06-26,1028
1605,華新,22,3,19,合庫-彰化,2023-06-26,1028
2547,日勝生,18,0,18,合庫-彰化,2023-06-26,1028
00893,國泰智能電動車,17,0,17,合庫-彰化,2023-06-26,1028
2889,國票金,16,0,16,合庫-彰化,2023-06-26,1028
00712,復華富時不動產,16,0,16,合庫-彰化,2023-06-26,1028
1584,精剛,16,0,16,合庫-彰化,2023-06-26,1028
2402,毅嘉,16,1,15,合庫-彰化,2023-06-26,1028
2427,三商電,16,1,15,合庫-彰化,2023-06-26,1028
2442,新美齊,15,0,15,合庫-彰化,2023-06-26,1028
8215,明基材,15,0,15,合庫-彰化,2023-06-26,1028
00637L,元大滬深300正2,14,0,14,合庫-彰化,2023-06-26,1028
3055,蔚華科,14,0,14,合庫-彰化,2023-06-26,1028
00632R,元大台灣50反1,15,2,13,合庫-彰化,2023-06-26,1028
00642U,期元大S＆P石油,93,80,13,合庫-彰化,2023-06-26,1028
1504,東元,14,1,13,合庫-彰化,2023-06-26,1028
00687B,國泰20年美債,19,8,11,合庫-彰化,2023-06-26,1028
2528,皇普,11,0,11,合庫-彰化,2023-06-26,1028
3044,健鼎,11,0,11,合庫-彰化,2023-06-26,1028
3056,富華新,10,0,10,合庫-彰化,2023-06-26,1028
6285,啟��,10,0,10,合庫-彰化,2023-06-26,1028
00650L,復華香港正2,10,0,10,合庫-彰化,2023-06-26,1028
00720B,元大投資級公司債,12,2,10,合庫-彰化,2023-06-26,1028
1314,中石化,10,0,10,合庫-彰化,2023-06-26,1028
2610,華航,230,48,182,合庫-彰化,2023-06-27,1028
2409,友達,114,0,114,合庫-彰化,2023-06-27,1028
1528,恩德,100,2,98,合庫-彰化,2023-06-27,1028
6116,彩晶,92,1,91,合庫-彰化,2023-06-27,1028
2367,燿華,90,0,90,合庫-彰化,2023-06-27,1028
3231,緯創,110,37,73,合庫-彰化,2023-06-27,1028
2303,聯電,71,3,68,合庫-彰化,2023-06-27,1028
2888,新光金,67,12,55,合庫-彰化,2023-06-27,1028
4564,元翎,53,0,53,合庫-彰化,2023-06-27,1028
8104,錸寶,52,0,52,合庫-彰化,2023-06-27,1028
1513,中興電,52,14,38,合庫-彰化,2023-06-27,1028
00878,國泰永續高股息,61,24,37,合庫-彰化,2023-06-27,1028
1609,大亞,38,2,36,合庫-彰化,2023-06-27,1028
2618,長榮航,47,14,33,合庫-彰化,2023-06-27,1028
3693,營邦,40,8,32,合庫-彰化,2023-06-27,1028
3481,群創,47,16,31,合庫-彰化,2023-06-27,1028
2515,中工,30,0,30,合庫-彰化,2023-06-27,1028
6188,廣明,75,48,27,合庫-彰化,2023-06-27,1028
1605,華新,27,1,26,合庫-彰化,2023-06-27,1028
2634,漢翔,33,7,26,合庫-彰化,2023-06-27,1028
2547,日勝生,25,0,25,合庫-彰化,2023-06-27,1028
2344,華邦電,25,1,24,合庫-彰化,2023-06-27,1028
1802,台玻,24,3,21,合庫-彰化,2023-06-27,1028
1907,永豐餘,27,6,21,合庫-彰化,2023-06-27,1028
2323,中環,39,18,21,合庫-彰化,2023-06-27,1028
00882,中信中國高股息,19,0,19,合庫-彰化,2023-06-27,1028
1514,亞力,23,5,18,合庫-彰化,2023-06-27,1028
6698,旭暉應材,18,0,18,合庫-彰化,2023-06-27,1028
1905,華紙,19,2,17,合庫-彰化,2023-06-27,1028
6753,龍德造船,23,6,17,合庫-彰化,2023-06-27,1028
3483,力致,15,1,14,合庫-彰化,2023-06-27,1028
2615,萬海,15,1,14,合庫-彰化,2023-06-27,1028
00637L,元大滬深300正2,17,4,13,合庫-彰化,2023-06-27,1028
1301,台塑,12,0,12,合庫-彰化,2023-06-27,1028
4952,凌通,12,0,12,合庫-彰化,2023-06-27,1028
00929,復華台灣科技優息,11,0,11,合庫-彰化,2023-06-27,1028
1904,正隆,11,0,11,合庫-彰化,2023-06-27,1028
2457,飛宏,30,19,11,合庫-彰化,2023-06-27,1028
2542,興富發,11,0,11,合庫-彰化,2023-06-27,1028
2887,台新金,11,0,11,合庫-彰化,2023-06-27,1028
4147,中裕,12,1,11,合庫-彰化,2023-06-27,1028
4167,松瑞藥,11,0,11,合庫-彰化,2023-06-27,1028
6191,精成科,13,2,11,合庫-彰化,2023-06-27,1028
6550,北極星藥業-KY,12,1,11,合庫-彰化,2023-06-27,1028
8996,高力,11,0,11,合庫-彰化,2023-06-27,1028
2201,裕隆,10,0,10,合庫-彰化,2023-06-27,1028
00642U,期元大S＆P石油,90,80,10,合庫-彰化,2023-06-27,1028
1762,中化生,11,1,10,合庫-彰化,2023-06-27,1028
2468,華經,10,0,10,合庫-彰化,2023-06-27,1028
2884,玉山金,12,2,10,合庫-彰化,2023-06-27,1028
00715L,期街口布蘭特正2,995,50,945,合庫-彰化,2023-06-28,1028
3163,波若威,135,0,135,合庫-彰化,2023-06-28,1028
00712,復華富時不動產,111,4,107,合庫-彰化,2023-06-28,1028
2888,新光金,107,2,105,合庫-彰化,2023-06-28,1028
1605,華新,94,19,75,合庫-彰化,2023-06-28,1028
6116,彩晶,51,0,51,合庫-彰化,2023-06-28,1028
2353,宏��,53,2,51,合庫-彰化,2023-06-28,1028
3205,佰研,47,0,47,合庫-彰化,2023-06-28,1028
00642U,期元大S＆P石油,83,40,43,合庫-彰化,2023-06-28,1028
2201,裕隆,41,0,41,合庫-彰化,2023-06-28,1028
2542,興富發,30,0,30,合庫-彰化,2023-06-28,1028
2897,王道銀行,30,0,30,合庫-彰化,2023-06-28,1028
6244,茂迪,30,2,28,合庫-彰化,2023-06-28,1028
8104,錸寶,28,0,28,合庫-彰化,2023-06-28,1028
6188,廣明,39,12,27,合庫-彰化,2023-06-28,1028
2367,燿華,20,0,20,合庫-彰化,2023-06-28,1028
6120,達運,20,0,20,合庫-彰化,2023-06-28,1028
00637L,元大滬深300正2,28,12,16,合庫-彰化,2023-06-28,1028
6125,廣運,18,2,16,合庫-彰化,2023-06-28,1028
00632R,元大台灣50反1,30,15,15,合庫-彰化,2023-06-28,1028
2603,長榮,25,11,14,合庫-彰化,2023-06-28,1028
2427,三商電,12,0,12,合庫-彰化,2023-06-28,1028
3693,營邦,18,6,12,合庫-彰化,2023-06-28,1028
8085,福華,13,1,12,合庫-彰化,2023-06-28,1028
2402,毅嘉,15,4,11,合庫-彰化,2023-06-28,1028
00885,富邦越南,11,0,11,合庫-彰化,2023-06-28,1028
1513,中興電,13,2,11,合庫-彰化,2023-06-28,1028
2105,正新,11,0,11,合庫-彰化,2023-06-28,1028
6796,晉弘,11,0,11,合庫-彰化,2023-06-28,1028
2609,陽明,11,0,11,合庫-彰化,2023-06-28,1028
00633L,富邦上証正2,10,0,10,合庫-彰化,2023-06-28,1028
2002,中鋼,10,0,10,合庫-彰化,2023-06-28,1028
2228,劍麟,10,0,10,合庫-彰化,2023-06-28,1028
6706,惠特,10,0,10,合庫-彰化,2023-06-28,1028
8114,振樺電,10,0,10,合庫-彰化,2023-06-28,1028
2356,英業達,36,27,9,合庫-彰化,2023-06-28,1028
2457,飛宏,15,6,9,合庫-彰化,2023-06-28,1028
2409,友達,11,2,9,合庫-彰化,2023-06-28,1028
00929,復華台灣科技優息,8,0,8,合庫-彰化,2023-06-28,1028
1733,五鼎,8,0,8,合庫-彰化,2023-06-28,1028
2892,第一金,8,0,8,合庫-彰化,2023-06-28,1028
2498,宏達電,8,1,7,合庫-彰化,2023-06-28,1028
0056,元大高股息,10,3,7,合庫-彰化,2023-06-28,1028
00679B,元大美債20年,10,3,7,合庫-彰化,2023-06-28,1028
2736,富野,7,0,7,合庫-彰化,2023-06-28,1028
3037,欣興,8,1,7,合庫-彰化,2023-06-28,1028
6217,中探針,7,0,7,合庫-彰化,2023-06-28,1028
6781,AES-KY,10,3,7,合庫-彰化,2023-06-28,1028
5880,合庫金,8,1,7,合庫-彰化,2023-06-28,1028
1609,大亞,6,0,6,合庫-彰化,2023-06-28,1028
6142,友勁,134,0,134,合庫-彰化,2023-06-29,1028
4414,如興,101,8,93,合庫-彰化,2023-06-29,1028
1218,泰山,63,0,63,合庫-彰化,2023-06-29,1028
3163,波若威,60,5,55,合庫-彰化,2023-06-29,1028
1584,精剛,56,5,51,合庫-彰化,2023-06-29,1028
2324,仁寶,51,1,50,合庫-彰化,2023-06-29,1028
4702,中美實,46,0,46,合庫-彰化,2023-06-29,1028
2618,長榮航,42,7,35,合庫-彰化,2023-06-29,1028
2067,嘉鋼,30,0,30,合庫-彰化,2023-06-29,1028
2303,聯電,24,0,24,合庫-彰化,2023-06-29,1028
2368,金像電,43,20,23,合庫-彰化,2023-06-29,1028
2105,正新,33,13,20,合庫-彰化,2023-06-29,1028
2890,永豐金,20,0,20,合庫-彰化,2023-06-29,1028
5465,富驊,20,0,20,合庫-彰化,2023-06-29,1028
2603,長榮,21,4,17,合庫-彰化,2023-06-29,1028
6190,萬泰科,42,26,16,合庫-彰化,2023-06-29,1028
00715L,期街口布蘭特正2,120,105,15,合庫-彰化,2023-06-29,1028
1605,華新,32,18,14,合庫-彰化,2023-06-29,1028
2317,鴻海,14,3,11,合庫-彰化,2023-06-29,1028
2204,中華,10,0,10,合庫-彰化,2023-06-29,1028
2867,三商壽,10,0,10,合庫-彰化,2023-06-29,1028
6197,佳必琪,19,9,10,合庫-彰化,2023-06-29,1028
4979,華星光,23,14,9,合庫-彰化,2023-06-29,1028
2412,中華電,8,0,8,合庫-彰化,2023-06-29,1028
2610,華航,27,19,8,合庫-彰化,2023-06-29,1028
3479,安勤,8,0,8,合庫-彰化,2023-06-29,1028
4167,松瑞藥,9,1,8,合庫-彰化,2023-06-29,1028
4967,十銓,33,25,8,合庫-彰化,2023-06-29,1028
8996,高力,11,3,8,合庫-彰化,2023-06-29,1028
2332,友訊,7,0,7,合庫-彰化,2023-06-29,1028
2409,友達,7,0,7,合庫-彰化,2023-06-29,1028
2887,台新金,7,0,7,合庫-彰化,2023-06-29,1028
3014,聯陽,7,0,7,合庫-彰化,2023-06-29,1028
6470,宇智,9,2,7,合庫-彰化,2023-06-29,1028
1326,台化,6,0,6,合庫-彰化,2023-06-29,1028
00882,中信中國高股息,6,0,6,合庫-彰化,2023-06-29,1028
00919,群益台灣精選高息,7,1,6,合庫-彰化,2023-06-29,1028
1795,美時,7,1,6,合庫-彰化,2023-06-29,1028
2641,正德,6,0,6,合庫-彰化,2023-06-29,1028
3006,晶豪科,7,1,6,合庫-彰化,2023-06-29,1028
3234,光環,6,0,6,合庫-彰化,2023-06-29,1028
3703,欣陸,6,0,6,合庫-彰化,2023-06-29,1028
6129,普誠,6,0,6,合庫-彰化,2023-06-29,1028
9962,有益,6,0,6,合庫-彰化,2023-06-29,1028
2882,國泰金,9,4,5,合庫-彰化,2023-06-29,1028
1312,國喬,5,0,5,合庫-彰化,2023-06-29,1028
1219,福壽,5,0,5,合庫-彰化,2023-06-29,1028
00924,復華S＆P500成長,5,0,5,合庫-彰化,2023-06-29,1028
1609,大亞,7,2,5,合庫-彰化,2023-06-29,1028
1802,台玻,5,0,5,合庫-彰化,2023-06-29,1028
5880,合庫金,109,1,108,合庫-彰化,2023-06-30,1028
1218,泰山,72,0,72,合庫-彰化,2023-06-30,1028
2888,新光金,63,0,63,合庫-彰化,2023-06-30,1028
2344,華邦電,55,0,55,合庫-彰化,2023-06-30,1028
2610,華航,76,23,53,合庫-彰化,2023-06-30,1028
4130,健亞,50,2,48,合庫-彰化,2023-06-30,1028
2634,漢翔,54,17,37,合庫-彰化,2023-06-30,1028
5009,榮剛,37,7,30,合庫-彰化,2023-06-30,1028
2603,長榮,39,13,26,合庫-彰化,2023-06-30,1028
3481,群創,24,1,23,合庫-彰化,2023-06-30,1028
1905,華紙,20,0,20,合庫-彰化,2023-06-30,1028
2303,聯電,26,7,19,合庫-彰化,2023-06-30,1028
00725B,國泰投資級公司債,19,1,18,合庫-彰化,2023-06-30,1028
2489,瑞軒,18,0,18,合庫-彰化,2023-06-30,1028
00687B,國泰20年美債,15,0,15,合庫-彰化,2023-06-30,1028
6753,龍德造船,15,0,15,合庫-彰化,2023-06-30,1028
2371,大同,115,101,14,合庫-彰化,2023-06-30,1028
00680L,元大美債20正2,14,0,14,合庫-彰化,2023-06-30,1028
6285,啟��,14,0,14,合庫-彰化,2023-06-30,1028
3045,台灣大,12,0,12,合庫-彰化,2023-06-30,1028
4414,如興,12,0,12,合庫-彰化,2023-06-30,1028
2883,凱基金,11,0,11,合庫-彰化,2023-06-30,1028
6153,嘉聯益,14,3,11,合庫-彰化,2023-06-30,1028
1103,嘉泥,10,0,10,合庫-彰化,2023-06-30,1028
2383,台光電,15,5,10,合庫-彰化,2023-06-30,1028
2882,國泰金,11,1,10,合庫-彰化,2023-06-30,1028
1101,台泥,11,2,9,合庫-彰化,2023-06-30,1028
1584,精剛,10,1,9,合庫-彰化,2023-06-30,1028
6576,逸達,9,0,9,合庫-彰化,2023-06-30,1028
2382,廣達,10,1,9,合庫-彰化,2023-06-30,1028
2356,英業達,29,20,9,合庫-彰化,2023-06-30,1028
1605,華新,14,5,9,合庫-彰化,2023-06-30,1028
00679B,元大美債20年,14,6,8,合庫-彰化,2023-06-30,1028
3202,樺晟,10,2,8,合庫-彰化,2023-06-30,1028
3062,建漢,7,0,7,合庫-彰化,2023-06-30,1028
4967,十銓,7,0,7,合庫-彰化,2023-06-30,1028
2412,中華電,6,0,6,合庫-彰化,2023-06-30,1028
2615,萬海,8,2,6,合庫-彰化,2023-06-30,1028
00688L,國泰20年美債正2,6,0,6,合庫-彰化,2023-06-30,1028
2409,友達,6,0,6,合庫-彰化,2023-06-30,1028
2421,建準,11,5,6,合庫-彰化,2023-06-30,1028
3356,奇偶,11,5,6,合庫-彰化,2023-06-30,1028
4175,杏一,18,12,6,合庫-彰化,2023-06-30,1028
6282,康舒,33,27,6,合庫-彰化,2023-06-30,1028
6470,宇智,7,1,6,合庫-彰化,2023-06-30,1028
9904,寶成,6,0,6,合庫-彰化,2023-06-30,1028
4104,佳醫,6,1,5,合庫-彰化,2023-06-30,1028
1217,愛之味,7,2,5,合庫-彰化,2023-06-30,1028
00673R,期元大S＆P原油反1,5,0,5,合庫-彰化,2023-06-30,1028
2890,永豐金,5,0,5,合庫-彰化,2023-06-30,1028
1528,恩德,247,3,244,合庫-彰化,2023-07-03,1028
2409,友達,139,1,138,合庫-彰化,2023-07-03,1028
2332,友訊,109,3,106,合庫-彰化,2023-07-03,1028
2344,華邦電,64,10,54,合庫-彰化,2023-07-03,1028
2201,裕隆,42,1,41,合庫-彰化,2023-07-03,1028
2303,聯電,38,3,35,合庫-彰化,2023-07-03,1028
2029,盛餘,30,0,30,合庫-彰化,2023-07-03,1028
2059,川湖,29,0,29,合庫-彰化,2023-07-03,1028
3024,憶聲,30,1,29,合庫-彰化,2023-07-03,1028
2603,長榮,33,9,24,合庫-彰化,2023-07-03,1028
4909,新復興,24,0,24,合庫-彰化,2023-07-03,1028
2880,華南金,21,0,21,合庫-彰化,2023-07-03,1028
00885,富邦越南,14,0,14,合庫-彰化,2023-07-03,1028
6282,康舒,47,33,14,合庫-彰化,2023-07-03,1028
2317,鴻海,34,21,13,合庫-彰化,2023-07-03,1028
00712,復華富時不動產,23,11,12,合庫-彰化,2023-07-03,1028
2890,永豐金,12,0,12,合庫-彰化,2023-07-03,1028
00671R,富邦NASDAQ反1,11,0,11,合庫-彰化,2023-07-03,1028
2615,萬海,30,19,11,合庫-彰化,2023-07-03,1028
6005,群益證,11,0,11,合庫-彰化,2023-07-03,1028
8271,宇瞻,11,0,11,合庫-彰化,2023-07-03,1028
1215,卜蜂,10,0,10,合庫-彰化,2023-07-03,1028
1218,泰山,10,0,10,合庫-彰化,2023-07-03,1028
2401,凌陽,15,5,10,合庫-彰化,2023-07-03,1028
3128,昇銳,10,0,10,合庫-彰化,2023-07-03,1028
6288,聯嘉,9,0,9,合庫-彰化,2023-07-03,1028
3540,曜越,10,2,8,合庫-彰化,2023-07-03,1028
2537,聯上發,7,0,7,合庫-彰化,2023-07-03,1028
3049,精金,7,0,7,合庫-彰化,2023-07-03,1028
3051,力特,12,5,7,合庫-彰化,2023-07-03,1028
1217,愛之味,6,0,6,合庫-彰化,2023-07-03,1028
1783,和康生,6,0,6,合庫-彰化,2023-07-03,1028
2206,三陽工業,35,29,6,合庫-彰化,2023-07-03,1028
5426,振發,9,3,6,合庫-彰化,2023-07-03,1028
6147,頎邦,6,0,6,合庫-彰化,2023-07-03,1028
6188,廣明,11,5,6,合庫-彰化,2023-07-03,1028
8240,華宏,6,0,6,合庫-彰化,2023-07-03,1028
9962,有益,6,0,6,合庫-彰化,2023-07-03,1028
2892,第一金,6,0,6,合庫-彰化,2023-07-03,1028
1795,美時,8,3,5,合庫-彰化,2023-07-03,1028
1519,華城,5,0,5,合庫-彰化,2023-07-03,1028
2353,宏��,8,3,5,合庫-彰化,2023-07-03,1028
2356,英業達,37,32,5,合庫-彰化,2023-07-03,1028
2363,矽統,5,0,5,合庫-彰化,2023-07-03,1028
2468,華經,5,0,5,合庫-彰化,2023-07-03,1028
2485,兆赫,5,0,5,合庫-彰化,2023-07-03,1028
2618,長榮航,21,16,5,合庫-彰化,2023-07-03,1028
3028,增你強,5,0,5,合庫-彰化,2023-07-03,1028
3207,耀勝,6,1,5,合庫-彰化,2023-07-03,1028
3693,營邦,20,15,5,合庫-彰化,2023-07-03,1028
2609,陽明,157,41,116,合庫-彰化,2023-07-04,1028
3034,聯詠,80,0,80,合庫-彰化,2023-07-04,1028
2748,雲品,72,2,70,合庫-彰化,2023-07-04,1028
2489,瑞軒,68,14,54,合庫-彰化,2023-07-04,1028
2344,華邦電,53,0,53,合庫-彰化,2023-07-04,1028
2029,盛餘,43,2,41,合庫-彰化,2023-07-04,1028
2368,金像電,72,31,41,合庫-彰化,2023-07-04,1028
2409,友達,54,15,39,合庫-彰化,2023-07-04,1028
5469,瀚宇博,40,2,38,合庫-彰化,2023-07-04,1028
9955,佳龍,30,0,30,合庫-彰化,2023-07-04,1028
3522,御嵿,26,0,26,合庫-彰化,2023-07-04,1028
5426,振發,26,0,26,合庫-彰化,2023-07-04,1028
00893,國泰智能電動車,24,1,23,合庫-彰化,2023-07-04,1028
1513,中興電,42,19,23,合庫-彰化,2023-07-04,1028
2617,台航,23,0,23,合庫-彰化,2023-07-04,1028
3056,富華新,22,0,22,合庫-彰化,2023-07-04,1028
2603,長榮,44,23,21,合庫-彰化,2023-07-04,1028
00882,中信中國高股息,21,0,21,合庫-彰化,2023-07-04,1028
2883,凱基金,21,0,21,合庫-彰化,2023-07-04,1028
2547,日勝生,20,0,20,合庫-彰化,2023-07-04,1028
5468,凱鈺,20,0,20,合庫-彰化,2023-07-04,1028
2059,川湖,16,0,16,合庫-彰化,2023-07-04,1028
2615,萬海,42,26,16,合庫-彰化,2023-07-04,1028
3078,僑威,17,1,16,合庫-彰化,2023-07-04,1028
6139,亞翔,16,0,16,合庫-彰化,2023-07-04,1028
2371,大同,21,7,14,合庫-彰化,2023-07-04,1028
6112,邁達特,14,0,14,合庫-彰化,2023-07-04,1028
2317,鴻海,16,3,13,合庫-彰化,2023-07-04,1028
1326,台化,13,0,13,合庫-彰化,2023-07-04,1028
3014,聯陽,13,1,12,合庫-彰化,2023-07-04,1028
3025,星通,20,9,11,合庫-彰化,2023-07-04,1028
3032,偉訓,11,0,11,合庫-彰化,2023-07-04,1028
1589,永冠-KY,10,0,10,合庫-彰化,2023-07-04,1028
2208,台船,10,0,10,合庫-彰化,2023-07-04,1028
2352,佳世達,12,2,10,合庫-彰化,2023-07-04,1028
2630,亞航,13,3,10,合庫-彰化,2023-07-04,1028
2832,台產,10,0,10,合庫-彰化,2023-07-04,1028
3045,台灣大,10,0,10,合庫-彰化,2023-07-04,1028
3071,協禧,10,0,10,合庫-彰化,2023-07-04,1028
3540,曜越,10,0,10,合庫-彰化,2023-07-04,1028
5475,德宏,10,0,10,合庫-彰化,2023-07-04,1028
6244,茂迪,10,0,10,合庫-彰化,2023-07-04,1028
8092,建暐,10,0,10,合庫-彰化,2023-07-04,1028
1783,和康生,13,3,10,合庫-彰化,2023-07-04,1028
2468,華經,8,0,8,合庫-彰化,2023-07-04,1028
2634,漢翔,9,1,8,合庫-彰化,2023-07-04,1028
6142,友勁,8,0,8,合庫-彰化,2023-07-04,1028
2891,中信金,7,0,7,合庫-彰化,2023-07-04,1028
2337,旺宏,7,0,7,合庫-彰化,2023-07-04,1028
2834,臺企銀,7,0,7,合庫-彰化,2023-07-04,1028
2609,陽明,454,82,372,合庫-彰化,2023-07-05,1028
4414,如興,225,33,192,合庫-彰化,2023-07-05,1028
1584,精剛,170,81,89,合庫-彰化,2023-07-05,1028
1326,台化,76,0,76,合庫-彰化,2023-07-05,1028
3363,上詮,62,5,57,合庫-彰化,2023-07-05,1028
2356,英業達,60,11,49,合庫-彰化,2023-07-05,1028
0056,元大高股息,44,2,42,合庫-彰化,2023-07-05,1028
00903,富邦元宇宙,35,0,35,合庫-彰化,2023-07-05,1028
2610,華航,49,21,28,合庫-彰化,2023-07-05,1028
00893,國泰智能電動車,26,0,26,合庫-彰化,2023-07-05,1028
00882,中信中國高股息,28,2,26,合庫-彰化,2023-07-05,1028
2201,裕隆,33,7,26,合庫-彰化,2023-07-05,1028
2208,台船,25,0,25,合庫-彰化,2023-07-05,1028
2323,中環,26,4,22,合庫-彰化,2023-07-05,1028
00633L,富邦上証正2,20,0,20,合庫-彰化,2023-07-05,1028
8092,建暐,30,10,20,合庫-彰化,2023-07-05,1028
1535,中宇,19,1,18,合庫-彰化,2023-07-05,1028
4538,大詠城,20,2,18,合庫-彰化,2023-07-05,1028
1905,華紙,16,1,15,合庫-彰化,2023-07-05,1028
3014,聯陽,15,0,15,合庫-彰化,2023-07-05,1028
2317,鴻海,16,1,15,合庫-彰化,2023-07-05,1028
00929,復華台灣科技優息,14,0,14,合庫-彰化,2023-07-05,1028
2402,毅嘉,45,31,14,合庫-彰化,2023-07-05,1028
00878,國泰永續高股息,25,13,12,合庫-彰化,2023-07-05,1028
2890,永豐金,12,0,12,合庫-彰化,2023-07-05,1028
9943,好樂迪,12,0,12,合庫-彰化,2023-07-05,1028
3025,星通,16,5,11,合庫-彰化,2023-07-05,1028
6116,彩晶,31,20,11,合庫-彰化,2023-07-05,1028
9802,鈺齊-KY,11,0,11,合庫-彰化,2023-07-05,1028
9914,美利達,11,0,11,合庫-彰化,2023-07-05,1028
2883,凱基金,19,9,10,合庫-彰化,2023-07-05,1028
3128,昇銳,10,0,10,合庫-彰化,2023-07-05,1028
4532,瑞智,10,0,10,合庫-彰化,2023-07-05,1028
4976,佳凌,10,0,10,合庫-彰化,2023-07-05,1028
6139,亞翔,10,0,10,合庫-彰化,2023-07-05,1028
2324,仁寶,13,4,9,合庫-彰化,2023-07-05,1028
2618,長榮航,62,53,9,合庫-彰化,2023-07-05,1028
3011,今皓,10,1,9,合庫-彰化,2023-07-05,1028
4743,合一,20,11,9,合庫-彰化,2023-07-05,1028
4960,誠美材,10,1,9,合庫-彰化,2023-07-05,1028
6168,宏齊,11,2,9,合庫-彰化,2023-07-05,1028
1314,中石化,8,0,8,合庫-彰化,2023-07-05,1028
2444,兆勁,8,0,8,合庫-彰化,2023-07-05,1028
4155,訊映,12,4,8,合庫-彰化,2023-07-05,1028
7402,邑錡,8,0,8,合庫-彰化,2023-07-05,1028
3231,緯創,28,21,7,合庫-彰化,2023-07-05,1028
2241,艾姆勒,9,2,7,合庫-彰化,2023-07-05,1028
3013,晟銘電,15,8,7,合庫-彰化,2023-07-05,1028
3374,精材,7,0,7,合庫-彰化,2023-07-05,1028
3576,聯合再生,7,0,7,合庫-彰化,2023-07-05,1028
00673R,期元大S＆P原油反1,292,20,272,合庫-彰化,2023-07-06,1028
2889,國票金,260,0,260,合庫-彰化,2023-07-06,1028
1584,精剛,120,3,117,合庫-彰化,2023-07-06,1028
5880,合庫金,119,22,97,合庫-彰化,2023-07-06,1028
2380,虹光,90,0,90,合庫-彰化,2023-07-06,1028
2609,陽明,129,63,66,合庫-彰化,2023-07-06,1028
2801,彰銀,62,0,62,合庫-彰化,2023-07-06,1028
1604,聲寶,60,0,60,合庫-彰化,2023-07-06,1028
2610,華航,65,6,59,合庫-彰化,2023-07-06,1028
3049,精金,50,1,49,合庫-彰化,2023-07-06,1028
2516,新建,48,0,48,合庫-彰化,2023-07-06,1028
2880,華南金,47,0,47,合庫-彰化,2023-07-06,1028
0056,元大高股息,61,18,43,合庫-彰化,2023-07-06,1028
00650L,復華香港正2,40,0,40,合庫-彰化,2023-07-06,1028
5009,榮剛,47,11,36,合庫-彰化,2023-07-06,1028
2029,盛餘,35,0,35,合庫-彰化,2023-07-06,1028
8215,明基材,37,2,35,合庫-彰化,2023-07-06,1028
2498,宏達電,35,1,34,合庫-彰化,2023-07-06,1028
3522,御嵿,34,0,34,合庫-彰化,2023-07-06,1028
2486,一詮,33,0,33,合庫-彰化,2023-07-06,1028
5426,振發,33,0,33,合庫-彰化,2023-07-06,1028
3625,西勝,31,0,31,合庫-彰化,2023-07-06,1028
2883,凱基金,38,8,30,合庫-彰化,2023-07-06,1028
2365,昆盈,30,0,30,合庫-彰化,2023-07-06,1028
2303,聯電,36,8,28,合庫-彰化,2023-07-06,1028
6274,台燿,29,1,28,合庫-彰化,2023-07-06,1028
3037,欣興,28,2,26,合庫-彰化,2023-07-06,1028
2887,台新金,26,0,26,合庫-彰化,2023-07-06,1028
0050,元大台灣50,23,0,23,合庫-彰化,2023-07-06,1028
2891,中信金,28,5,23,合庫-彰化,2023-07-06,1028
4532,瑞智,49,26,23,合庫-彰化,2023-07-06,1028
2317,鴻海,24,4,20,合庫-彰化,2023-07-06,1028
6470,宇智,20,0,20,合庫-彰化,2023-07-06,1028
4538,大詠城,29,10,19,合庫-彰化,2023-07-06,1028
2888,新光金,18,0,18,合庫-彰化,2023-07-06,1028
2002,中鋼,19,1,18,合庫-彰化,2023-07-06,1028
6005,群益證,16,0,16,合庫-彰化,2023-07-06,1028
2634,漢翔,18,3,15,合庫-彰化,2023-07-06,1028
3071,協禧,15,0,15,合庫-彰化,2023-07-06,1028
00878,國泰永續高股息,24,10,14,合庫-彰化,2023-07-06,1028
2419,仲琦,17,3,14,合庫-彰化,2023-07-06,1028
3234,光環,14,0,14,合庫-彰化,2023-07-06,1028
6139,亞翔,15,1,14,合庫-彰化,2023-07-06,1028
2885,元大金,13,0,13,合庫-彰化,2023-07-06,1028
00773B,中信優先金融債,12,0,12,合庫-彰化,2023-07-06,1028
1513,中興電,12,0,12,合庫-彰化,2023-07-06,1028
2427,三商電,22,10,12,合庫-彰化,2023-07-06,1028
3056,富華新,12,0,12,合庫-彰化,2023-07-06,1028
2330,台積電,12,0,12,合庫-彰化,2023-07-06,1028
2409,友達,39,28,11,合庫-彰化,2023-07-06,1028
3264,欣銓,372,0,372,合庫-彰化,2023-07-07,1028
00673R,期元大S＆P原油反1,220,20,200,合庫-彰化,2023-07-07,1028
8096,擎亞,151,0,151,合庫-彰化,2023-07-07,1028
2374,佳能,145,0,145,合庫-彰化,2023-07-07,1028
3481,群創,87,1,86,合庫-彰化,2023-07-07,1028
3025,星通,95,17,78,合庫-彰化,2023-07-07,1028
2344,華邦電,67,0,67,合庫-彰化,2023-07-07,1028
00929,復華台灣科技優息,62,0,62,合庫-彰化,2023-07-07,1028
00712,復華富時不動產,38,0,38,合庫-彰化,2023-07-07,1028
6443,元晶,36,0,36,合庫-彰化,2023-07-07,1028
00679B,元大美債20年,35,0,35,合庫-彰化,2023-07-07,1028
00680L,元大美債20正2,35,0,35,合庫-彰化,2023-07-07,1028
00665L,富邦�琤肭磪囓�2,35,0,35,合庫-彰化,2023-07-07,1028
2409,友達,42,8,34,合庫-彰化,2023-07-07,1028
1313,聯成,32,0,32,合庫-彰化,2023-07-07,1028
0056,元大高股息,43,12,31,合庫-彰化,2023-07-07,1028
2887,台新金,28,0,28,合庫-彰化,2023-07-07,1028
3017,奇鋐,32,4,28,合庫-彰化,2023-07-07,1028
6005,群益證,28,0,28,合庫-彰化,2023-07-07,1028
1218,泰山,28,0,28,合庫-彰化,2023-07-07,1028
1604,聲寶,25,0,25,合庫-彰化,2023-07-07,1028
00882,中信中國高股息,24,0,24,合庫-彰化,2023-07-07,1028
3047,訊舟,23,0,23,合庫-彰化,2023-07-07,1028
2312,金寶,24,2,22,合庫-彰化,2023-07-07,1028
1584,精剛,56,35,21,合庫-彰化,2023-07-07,1028
00720B,元大投資級公司債,21,0,21,合庫-彰化,2023-07-07,1028
00633L,富邦上証正2,20,0,20,合庫-彰化,2023-07-07,1028
3260,威剛,21,2,19,合庫-彰化,2023-07-07,1028
3707,漢磊,19,1,18,合庫-彰化,2023-07-07,1028
00878,國泰永續高股息,31,13,18,合庫-彰化,2023-07-07,1028
2356,英業達,30,15,15,合庫-彰化,2023-07-07,1028
2880,華南金,14,0,14,合庫-彰化,2023-07-07,1028
2634,漢翔,20,6,14,合庫-彰化,2023-07-07,1028
2402,毅嘉,26,13,13,合庫-彰化,2023-07-07,1028
8046,南電,13,1,12,合庫-彰化,2023-07-07,1028
3078,僑威,15,3,12,合庫-彰化,2023-07-07,1028
3714,富采,12,0,12,合庫-彰化,2023-07-07,1028
3715,定穎投控,21,9,12,合庫-彰化,2023-07-07,1028
8085,福華,12,0,12,合庫-彰化,2023-07-07,1028
1301,台塑,11,0,11,合庫-彰化,2023-07-07,1028
2002,中鋼,11,0,11,合庫-彰化,2023-07-07,1028
3535,晶彩科,11,0,11,合庫-彰化,2023-07-07,1028
2890,永豐金,10,0,10,合庫-彰化,2023-07-07,1028
6415,矽力*-KY,12,2,10,合庫-彰化,2023-07-07,1028
1589,永冠-KY,10,0,10,合庫-彰化,2023-07-07,1028
3374,精材,11,1,10,合庫-彰化,2023-07-07,1028
5302,太欣,10,0,10,合庫-彰化,2023-07-07,1028
2303,聯電,10,1,9,合庫-彰化,2023-07-07,1028
2888,新光金,9,0,9,合庫-彰化,2023-07-07,1028
3071,協禧,10,1,9,合庫-彰化,2023-07-07,1028
00673R,期元大S＆P原油反1,394,20,374,合庫-彰化,2023-07-10,1028
4532,瑞智,185,7,178,合庫-彰化,2023-07-10,1028
3060,銘異,145,0,145,合庫-彰化,2023-07-10,1028
2317,鴻海,97,1,96,合庫-彰化,2023-07-10,1028
2812,台中銀,101,5,96,合庫-彰化,2023-07-10,1028
2618,長榮航,64,16,48,合庫-彰化,2023-07-10,1028
00929,復華台灣科技優息,25,0,25,合庫-彰化,2023-07-10,1028
2002,中鋼,25,0,25,合庫-彰化,2023-07-10,1028
00679B,元大美債20年,26,2,24,合庫-彰化,2023-07-10,1028
4979,華星光,35,12,23,合庫-彰化,2023-07-10,1028
1101,台泥,22,0,22,合庫-彰化,2023-07-10,1028
1440,南紡,22,0,22,合庫-彰化,2023-07-10,1028
2331,精英,20,0,20,合庫-彰化,2023-07-10,1028
2419,仲琦,38,18,20,合庫-彰化,2023-07-10,1028
2547,日勝生,20,0,20,合庫-彰化,2023-07-10,1028
6152,百一,20,0,20,合庫-彰化,2023-07-10,1028
00882,中信中國高股息,41,23,18,合庫-彰化,2023-07-10,1028
4173,久裕,18,0,18,合庫-彰化,2023-07-10,1028
00680L,元大美債20正2,16,0,16,合庫-彰化,2023-07-10,1028
3045,台灣大,16,0,16,合庫-彰化,2023-07-10,1028
00888,永豐台灣ESG,15,0,15,合庫-彰化,2023-07-10,1028
2356,英業達,43,28,15,合庫-彰化,2023-07-10,1028
2886,兆豐金,14,0,14,合庫-彰化,2023-07-10,1028
00687B,國泰20年美債,14,0,14,合庫-彰化,2023-07-10,1028
3078,僑威,25,11,14,合庫-彰化,2023-07-10,1028
6016,康和證,33,19,14,合庫-彰化,2023-07-10,1028
6203,海韻電,18,4,14,合庫-彰化,2023-07-10,1028
2615,萬海,16,2,14,合庫-彰化,2023-07-10,1028
1609,大亞,19,6,13,合庫-彰化,2023-07-10,1028
3264,欣銓,15,2,13,合庫-彰化,2023-07-10,1028
3363,上詮,15,2,13,合庫-彰化,2023-07-10,1028
5864,致和證,16,3,13,合庫-彰化,2023-07-10,1028
6266,泰詠,14,1,13,合庫-彰化,2023-07-10,1028
8936,國統,13,0,13,合庫-彰化,2023-07-10,1028
1604,聲寶,15,3,12,合庫-彰化,2023-07-10,1028
3596,智易,12,0,12,合庫-彰化,2023-07-10,1028
3625,西勝,12,0,12,合庫-彰化,2023-07-10,1028
00713,元大台灣高息低波,12,0,12,合庫-彰化,2023-07-10,1028
1708,東鹼,11,0,11,合庫-彰化,2023-07-10,1028
1789,神隆,11,0,11,合庫-彰化,2023-07-10,1028
2201,裕隆,12,1,11,合庫-彰化,2023-07-10,1028
2342,茂矽,12,1,11,合庫-彰化,2023-07-10,1028
2883,凱基金,15,4,11,合庫-彰化,2023-07-10,1028
3033,威健,11,0,11,合庫-彰化,2023-07-10,1028
3535,晶彩科,11,0,11,合庫-彰化,2023-07-10,1028
5302,太欣,11,0,11,合庫-彰化,2023-07-10,1028
8930,青鋼,14,3,11,合庫-彰化,2023-07-10,1028
2457,飛宏,10,0,10,合庫-彰化,2023-07-10,1028
2504,國產,10,0,10,合庫-彰化,2023-07-10,1028
3017,奇鋐,15,5,10,合庫-彰化,2023-07-10,1028
2884,玉山金,194,55,139,合庫-彰化,2023-07-11,1028
4162,智擎,94,0,94,合庫-彰化,2023-07-11,1028
3025,星通,90,6,84,合庫-彰化,2023-07-11,1028
6179,亞通,59,1,58,合庫-彰化,2023-07-11,1028
4532,瑞智,57,7,50,合庫-彰化,2023-07-11,1028
3017,奇鋐,54,12,42,合庫-彰化,2023-07-11,1028
2323,中環,56,18,38,合庫-彰化,2023-07-11,1028
2201,裕隆,48,11,37,合庫-彰化,2023-07-11,1028
2457,飛宏,42,8,34,合庫-彰化,2023-07-11,1028
6285,啟��,38,6,32,合庫-彰化,2023-07-11,1028
2618,長榮航,64,35,29,合庫-彰化,2023-07-11,1028
2609,陽明,31,5,26,合庫-彰化,2023-07-11,1028
1604,聲寶,25,0,25,合庫-彰化,2023-07-11,1028
2331,精英,23,0,23,合庫-彰化,2023-07-11,1028
1217,愛之味,20,0,20,合庫-彰化,2023-07-11,1028
1108,幸福,20,0,20,合庫-彰化,2023-07-11,1028
2337,旺宏,20,0,20,合庫-彰化,2023-07-11,1028
2427,三商電,23,4,19,合庫-彰化,2023-07-11,1028
3060,銘異,20,1,19,合庫-彰化,2023-07-11,1028
2880,華南金,18,0,18,合庫-彰化,2023-07-11,1028
3324,雙鴻,15,0,15,合庫-彰化,2023-07-11,1028
6218,豪勉,15,0,15,合庫-彰化,2023-07-11,1028
00929,復華台灣科技優息,25,11,14,合庫-彰化,2023-07-11,1028
3715,定穎投控,14,0,14,合庫-彰化,2023-07-11,1028
3062,建漢,13,0,13,合庫-彰化,2023-07-11,1028
4716,大立,13,0,13,合庫-彰化,2023-07-11,1028
2340,台亞,28,15,13,合庫-彰化,2023-07-11,1028
2349,錸德,12,0,12,合庫-彰化,2023-07-11,1028
2538,基泰,12,0,12,合庫-彰化,2023-07-11,1028
5864,致和證,13,2,11,合庫-彰化,2023-07-11,1028
00645,富邦日本,10,0,10,合庫-彰化,2023-07-11,1028
2014,中鴻,10,0,10,合庫-彰化,2023-07-11,1028
2208,台船,10,0,10,合庫-彰化,2023-07-11,1028
2443,昶虹,10,0,10,合庫-彰化,2023-07-11,1028
2486,一詮,14,4,10,合庫-彰化,2023-07-11,1028
2634,漢翔,10,0,10,合庫-彰化,2023-07-11,1028
2913,農林,10,0,10,合庫-彰化,2023-07-11,1028
3006,晶豪科,11,1,10,合庫-彰化,2023-07-11,1028
4979,華星光,11,1,10,合庫-彰化,2023-07-11,1028
8916,光隆,20,10,10,合庫-彰化,2023-07-11,1028
1618,合機,18,9,9,合庫-彰化,2023-07-11,1028
9945,潤泰新,10,1,9,合庫-彰化,2023-07-11,1028
2402,毅嘉,10,2,8,合庫-彰化,2023-07-11,1028
2482,連宇,8,0,8,合庫-彰化,2023-07-11,1028
3515,華擎,12,4,8,合庫-彰化,2023-07-11,1028
2450,神腦,7,0,7,合庫-彰化,2023-07-11,1028
3363,上詮,14,7,7,合庫-彰化,2023-07-11,1028
3379,彬台,12,5,7,合庫-彰化,2023-07-11,1028
5425,台半,18,11,7,合庫-彰化,2023-07-11,1028
6117,迎廣,7,0,7,合庫-彰化,2023-07-11,1028
00673R,期元大S＆P原油反1,220,35,185,合庫-彰化,2023-07-12,1028
2890,永豐金,167,5,162,合庫-彰化,2023-07-12,1028
3645,達邁,104,0,104,合庫-彰化,2023-07-12,1028
00706L,期元大S＆P日圓正2,82,0,82,合庫-彰化,2023-07-12,1028
9958,世紀鋼,76,0,76,合庫-彰化,2023-07-12,1028
2352,佳世達,70,7,63,合庫-彰化,2023-07-12,1028
2367,燿華,60,0,60,合庫-彰化,2023-07-12,1028
2515,中工,54,0,54,合庫-彰化,2023-07-12,1028
1313,聯成,50,0,50,合庫-彰化,2023-07-12,1028
5392,能率,60,10,50,合庫-彰化,2023-07-12,1028
2029,盛餘,37,0,37,合庫-彰化,2023-07-12,1028
2609,陽明,41,6,35,合庫-彰化,2023-07-12,1028
2498,宏達電,40,6,34,合庫-彰化,2023-07-12,1028
6188,廣明,43,10,33,合庫-彰化,2023-07-12,1028
2450,神腦,33,0,33,合庫-彰化,2023-07-12,1028
2528,皇普,33,0,33,合庫-彰化,2023-07-12,1028
00929,復華台灣科技優息,31,0,31,合庫-彰化,2023-07-12,1028
2303,聯電,30,1,29,合庫-彰化,2023-07-12,1028
1584,精剛,41,13,28,合庫-彰化,2023-07-12,1028
4979,華星光,27,1,26,合庫-彰化,2023-07-12,1028
3017,奇鋐,62,36,26,合庫-彰化,2023-07-12,1028
6120,達運,32,9,23,合庫-彰化,2023-07-12,1028
3264,欣銓,20,0,20,合庫-彰化,2023-07-12,1028
00905,FT臺灣Smart,19,0,19,合庫-彰化,2023-07-12,1028
00679B,元大美債20年,21,2,19,合庫-彰化,2023-07-12,1028
00885,富邦越南,22,4,18,合庫-彰化,2023-07-12,1028
3037,欣興,22,4,18,合庫-彰化,2023-07-12,1028
4532,瑞智,18,2,16,合庫-彰化,2023-07-12,1028
5381,合正,15,0,15,合庫-彰化,2023-07-12,1028
6217,中探針,15,0,15,合庫-彰化,2023-07-12,1028
9904,寶成,14,0,14,合庫-彰化,2023-07-12,1028
00882,中信中國高股息,13,0,13,合庫-彰化,2023-07-12,1028
2002,中鋼,13,0,13,合庫-彰化,2023-07-12,1028
3234,光環,14,1,13,合庫-彰化,2023-07-12,1028
3062,建漢,12,0,12,合庫-彰化,2023-07-12,1028
2892,第一金,12,0,12,合庫-彰化,2023-07-12,1028
2356,英業達,81,70,11,合庫-彰化,2023-07-12,1028
2887,台新金,11,0,11,合庫-彰化,2023-07-12,1028
3535,晶彩科,11,0,11,合庫-彰化,2023-07-12,1028
5340,建榮,11,0,11,合庫-彰化,2023-07-12,1028
5864,致和證,14,3,11,合庫-彰化,2023-07-12,1028
6245,立端,11,0,11,合庫-彰化,2023-07-12,1028
6770,力積電,11,0,11,合庫-彰化,2023-07-12,1028
1440,南紡,10,0,10,合庫-彰化,2023-07-12,1028
2537,聯上發,10,0,10,合庫-彰化,2023-07-12,1028
3060,銘異,10,0,10,合庫-彰化,2023-07-12,1028
3128,昇銳,10,0,10,合庫-彰化,2023-07-12,1028
5009,榮剛,16,6,10,合庫-彰化,2023-07-12,1028
5457,宣德,10,0,10,合庫-彰化,2023-07-12,1028
8050,廣積,11,1,10,合庫-彰化,2023-07-12,1028
2498,宏達電,384,3,381,合庫-彰化,2023-07-13,1028
00673R,期元大S＆P原油反1,242,30,212,合庫-彰化,2023-07-13,1028
00664R,國泰臺灣加權反1,100,11,89,合庫-彰化,2023-07-13,1028
9958,世紀鋼,76,2,74,合庫-彰化,2023-07-13,1028
2618,長榮航,85,23,62,合庫-彰化,2023-07-13,1028
2884,玉山金,57,0,57,合庫-彰化,2023-07-13,1028
2610,華航,54,4,50,合庫-彰化,2023-07-13,1028
1313,聯成,50,0,50,合庫-彰化,2023-07-13,1028
5465,富驊,36,0,36,合庫-彰化,2023-07-13,1028
1604,聲寶,33,0,33,合庫-彰化,2023-07-13,1028
1584,精剛,32,0,32,合庫-彰化,2023-07-13,1028
1736,喬山,32,0,32,合庫-彰化,2023-07-13,1028
6282,康舒,38,6,32,合庫-彰化,2023-07-13,1028
00930,永豐ESG低碳高息,40,9,31,合庫-彰化,2023-07-13,1028
2067,嘉鋼,30,0,30,合庫-彰化,2023-07-13,1028
2317,鴻海,31,1,30,合庫-彰化,2023-07-13,1028
2890,永豐金,29,0,29,合庫-彰化,2023-07-13,1028
3303,岱稜,29,0,29,合庫-彰化,2023-07-13,1028
3231,緯創,73,44,29,合庫-彰化,2023-07-13,1028
1609,大亞,29,3,26,合庫-彰化,2023-07-13,1028
2637,慧洋-KY,25,0,25,合庫-彰化,2023-07-13,1028
6415,矽力*-KY,26,4,22,合庫-彰化,2023-07-13,1028
1907,永豐餘,26,4,22,合庫-彰化,2023-07-13,1028
1513,中興電,22,1,21,合庫-彰化,2023-07-13,1028
00929,復華台灣科技優息,26,5,21,合庫-彰化,2023-07-13,1028
1905,華紙,21,1,20,合庫-彰化,2023-07-13,1028
2303,聯電,29,9,20,合庫-彰化,2023-07-13,1028
5521,工信,20,0,20,合庫-彰化,2023-07-13,1028
2609,陽明,39,19,20,合庫-彰化,2023-07-13,1028
2323,中環,23,4,19,合庫-彰化,2023-07-13,1028
3310,佳穎,19,0,19,合庫-彰化,2023-07-13,1028
2324,仁寶,65,48,17,合庫-彰化,2023-07-13,1028
6443,元晶,16,0,16,合庫-彰化,2023-07-13,1028
1102,亞泥,15,0,15,合庫-彰化,2023-07-13,1028
2305,全友,14,0,14,合庫-彰化,2023-07-13,1028
6139,亞翔,23,9,14,合庫-彰化,2023-07-13,1028
2405,輔信,19,6,13,合庫-彰化,2023-07-13,1028
3522,御嵿,13,0,13,合庫-彰化,2023-07-13,1028
1503,士電,19,7,12,合庫-彰化,2023-07-13,1028
1802,台玻,12,0,12,合庫-彰化,2023-07-13,1028
2038,海光,12,0,12,合庫-彰化,2023-07-13,1028
3362,先進光,27,15,12,合庫-彰化,2023-07-13,1028
2603,長榮,25,13,12,合庫-彰化,2023-07-13,1028
1101,台泥,11,0,11,合庫-彰化,2023-07-13,1028
4743,合一,17,7,10,合庫-彰化,2023-07-13,1028
4533,協易機,24,14,10,合庫-彰化,2023-07-13,1028
9802,鈺齊-KY,10,0,10,合庫-彰化,2023-07-13,1028
2034,允強,10,0,10,合庫-彰化,2023-07-13,1028
3062,建漢,10,0,10,合庫-彰化,2023-07-13,1028
5014,建錩,10,0,10,合庫-彰化,2023-07-13,1028
2610,華航,346,138,208,合庫-彰化,2023-07-14,1028
2618,長榮航,202,77,125,合庫-彰化,2023-07-14,1028
00673R,期元大S＆P原油反1,225,120,105,合庫-彰化,2023-07-14,1028
6120,達運,136,37,99,合庫-彰化,2023-07-14,1028
2371,大同,88,6,82,合庫-彰化,2023-07-14,1028
2884,玉山金,86,6,80,合庫-彰化,2023-07-14,1028
2450,神腦,69,0,69,合庫-彰化,2023-07-14,1028
00637L,元大滬深300正2,206,138,68,合庫-彰化,2023-07-14,1028
2634,漢翔,68,6,62,合庫-彰化,2023-07-14,1028
9958,世紀鋼,54,0,54,合庫-彰化,2023-07-14,1028
00712,復華富時不動產,55,15,40,合庫-彰化,2023-07-14,1028
00885,富邦越南,39,0,39,合庫-彰化,2023-07-14,1028
3025,星通,41,3,38,合庫-彰化,2023-07-14,1028
2328,廣宇,38,2,36,合庫-彰化,2023-07-14,1028
3481,群創,55,24,31,合庫-彰化,2023-07-14,1028
2312,金寶,43,12,31,合庫-彰化,2023-07-14,1028
2344,華邦電,31,0,31,合庫-彰化,2023-07-14,1028
2382,廣達,50,22,28,合庫-彰化,2023-07-14,1028
3032,偉訓,31,4,27,合庫-彰化,2023-07-14,1028
6235,華孚,33,8,25,合庫-彰化,2023-07-14,1028
3060,銘異,75,50,25,合庫-彰化,2023-07-14,1028
3016,嘉晶,39,16,23,合庫-彰化,2023-07-14,1028
2609,陽明,28,7,21,合庫-彰化,2023-07-14,1028
4207,環泰,17,0,17,合庫-彰化,2023-07-14,1028
2351,順德,19,3,16,合庫-彰化,2023-07-14,1028
00751B,元大AAA至A公司債,15,0,15,合庫-彰化,2023-07-14,1028
3017,奇鋐,30,15,15,合庫-彰化,2023-07-14,1028
4533,協易機,26,11,15,合庫-彰化,2023-07-14,1028
1506,正道,14,0,14,合庫-彰化,2023-07-14,1028
8936,國統,14,0,14,合庫-彰化,2023-07-14,1028
00679B,元大美債20年,16,3,13,合庫-彰化,2023-07-14,1028
2449,京元電子,18,5,13,合庫-彰化,2023-07-14,1028
3058,立德,13,0,13,合庫-彰化,2023-07-14,1028
5381,合正,13,0,13,合庫-彰化,2023-07-14,1028
9925,新保,13,0,13,合庫-彰化,2023-07-14,1028
00900,富邦特選高股息30,30,19,11,合庫-彰化,2023-07-14,1028
1609,大亞,11,0,11,合庫-彰化,2023-07-14,1028
1701,中化,11,0,11,合庫-彰化,2023-07-14,1028
4960,誠美材,11,0,11,合庫-彰化,2023-07-14,1028
1201,味全,10,0,10,合庫-彰化,2023-07-14,1028
2027,大成鋼,10,0,10,合庫-彰化,2023-07-14,1028
2331,精英,10,0,10,合庫-彰化,2023-07-14,1028
2515,中工,10,0,10,合庫-彰化,2023-07-14,1028
6517,保勝光學,13,4,9,合庫-彰化,2023-07-14,1028
2890,永豐金,8,0,8,合庫-彰化,2023-07-14,1028
3714,富采,8,0,8,合庫-彰化,2023-07-14,1028
2303,聯電,17,9,8,合庫-彰化,2023-07-14,1028
3706,神達,13,5,8,合庫-彰化,2023-07-14,1028
5392,能率,23,15,8,合庫-彰化,2023-07-14,1028
6470,宇智,8,0,8,合庫-彰化,2023-07-14,1028
00673R,期元大S＆P原油反1,670,20,650,合庫-彰化,2023-07-17,1028
2312,金寶,302,8,294,合庫-彰化,2023-07-17,1028
2889,國票金,130,0,130,合庫-彰化,2023-07-17,1028
3191,雲嘉南,70,0,70,合庫-彰化,2023-07-17,1028
2353,宏��,74,12,62,合庫-彰化,2023-07-17,1028
5706,鳳凰,60,0,60,合庫-彰化,2023-07-17,1028
2633,台灣高鐵,58,0,58,合庫-彰化,2023-07-17,1028
00683L,期元大美元指正2,49,0,49,合庫-彰化,2023-07-17,1028
2317,鴻海,52,3,49,合庫-彰化,2023-07-17,1028
00632R,元大台灣50反1,35,0,35,合庫-彰化,2023-07-17,1028
2610,華航,40,5,35,合庫-彰化,2023-07-17,1028
4702,中美實,35,0,35,合庫-彰化,2023-07-17,1028
2324,仁寶,52,18,34,合庫-彰化,2023-07-17,1028
3689,湧德,31,0,31,合庫-彰化,2023-07-17,1028
8110,華東,30,1,29,合庫-彰化,2023-07-17,1028
2356,英業達,68,41,27,合庫-彰化,2023-07-17,1028
0056,元大高股息,62,37,25,合庫-彰化,2023-07-17,1028
00930,永豐ESG低碳高息,23,0,23,合庫-彰化,2023-07-17,1028
2392,正崴,22,0,22,合庫-彰化,2023-07-17,1028
2609,陽明,38,16,22,合庫-彰化,2023-07-17,1028
00724B,群益投資級金融債,20,0,20,合庫-彰化,2023-07-17,1028
1402,遠東新,24,4,20,合庫-彰化,2023-07-17,1028
6191,精成科,28,8,20,合庫-彰化,2023-07-17,1028
00882,中信中國高股息,21,2,19,合庫-彰化,2023-07-17,1028
1789,神隆,19,0,19,合庫-彰化,2023-07-17,1028
2109,華豐,20,1,19,合庫-彰化,2023-07-17,1028
4994,傳奇,19,0,19,合庫-彰化,2023-07-17,1028
6142,友勁,19,0,19,合庫-彰化,2023-07-17,1028
2331,精英,20,2,18,合庫-彰化,2023-07-17,1028
8996,高力,16,0,16,合庫-彰化,2023-07-17,1028
00929,復華台灣科技優息,21,6,15,合庫-彰化,2023-07-17,1028
2618,長榮航,29,15,14,合庫-彰化,2023-07-17,1028
00664R,國泰臺灣加權反1,14,0,14,合庫-彰化,2023-07-17,1028
2371,大同,29,15,14,合庫-彰化,2023-07-17,1028
3016,嘉晶,14,2,12,合庫-彰化,2023-07-17,1028
5907,大洋-KY,12,0,12,合庫-彰化,2023-07-17,1028
3231,緯創,14,3,11,合庫-彰化,2023-07-17,1028
00687B,國泰20年美債,11,0,11,合庫-彰化,2023-07-17,1028
2101,南港,11,0,11,合庫-彰化,2023-07-17,1028
6213,聯茂,14,3,11,合庫-彰化,2023-07-17,1028
1506,正道,10,0,10,合庫-彰化,2023-07-17,1028
2204,中華,10,0,10,合庫-彰化,2023-07-17,1028
2305,全友,10,0,10,合庫-彰化,2023-07-17,1028
2367,燿華,10,0,10,合庫-彰化,2023-07-17,1028
3149,正達,10,0,10,合庫-彰化,2023-07-17,1028
4931,新盛力,10,0,10,合庫-彰化,2023-07-17,1028
1513,中興電,21,11,10,合庫-彰化,2023-07-17,1028
00679B,元大美債20年,10,0,10,合庫-彰化,2023-07-17,1028
1528,恩德,9,0,9,合庫-彰化,2023-07-17,1028
2351,順德,10,1,9,合庫-彰化,2023-07-17,1028
00715L,期街口布蘭特正2,350,60,290,合庫-彰化,2023-07-18,1028
9105,泰金寶-DR,176,2,174,合庫-彰化,2023-07-18,1028
2313,華通,138,2,136,合庫-彰化,2023-07-18,1028
00882,中信中國高股息,105,0,105,合庫-彰化,2023-07-18,1028
2312,金寶,68,16,52,合庫-彰化,2023-07-18,1028
3689,湧德,54,2,52,合庫-彰化,2023-07-18,1028
6282,康舒,80,30,50,合庫-彰化,2023-07-18,1028
3191,雲嘉南,50,1,49,合庫-彰化,2023-07-18,1028
2419,仲琦,51,12,39,合庫-彰化,2023-07-18,1028
6150,撼訊,41,2,39,合庫-彰化,2023-07-18,1028
1513,中興電,41,3,38,合庫-彰化,2023-07-18,1028
2352,佳世達,77,41,36,合庫-彰化,2023-07-18,1028
2515,中工,33,0,33,合庫-彰化,2023-07-18,1028
00903,富邦元宇宙,30,0,30,合庫-彰化,2023-07-18,1028
1907,永豐餘,29,0,29,合庫-彰化,2023-07-18,1028
1514,亞力,31,2,29,合庫-彰化,2023-07-18,1028
3432,台端,32,3,29,合庫-彰化,2023-07-18,1028
4938,和碩,44,17,27,合庫-彰化,2023-07-18,1028
6218,豪勉,38,13,25,合庫-彰化,2023-07-18,1028
00929,復華台灣科技優息,46,22,24,合庫-彰化,2023-07-18,1028
1605,華新,24,0,24,合庫-彰化,2023-07-18,1028
3231,緯創,28,6,22,合庫-彰化,2023-07-18,1028
4702,中美實,22,0,22,合庫-彰化,2023-07-18,1028
2344,華邦電,21,0,21,合庫-彰化,2023-07-18,1028
2450,神腦,22,2,20,合庫-彰化,2023-07-18,1028
2324,仁寶,64,44,20,合庫-彰化,2023-07-18,1028
2317,鴻海,21,2,19,合庫-彰化,2023-07-18,1028
00724B,群益投資級金融債,19,0,19,合庫-彰化,2023-07-18,1028
2301,光寶科,39,22,17,合庫-彰化,2023-07-18,1028
6203,海韻電,27,10,17,合庫-彰化,2023-07-18,1028
2059,川湖,20,3,17,合庫-彰化,2023-07-18,1028
2834,臺企銀,20,3,17,合庫-彰化,2023-07-18,1028
2201,裕隆,18,2,16,合庫-彰化,2023-07-18,1028
00650L,復華香港正2,15,0,15,合庫-彰化,2023-07-18,1028
2867,三商壽,15,0,15,合庫-彰化,2023-07-18,1028
2888,新光金,18,3,15,合庫-彰化,2023-07-18,1028
1101,台泥,19,4,15,合庫-彰化,2023-07-18,1028
6191,精成科,16,3,13,合庫-彰化,2023-07-18,1028
2457,飛宏,17,4,13,合庫-彰化,2023-07-18,1028
3363,上詮,37,24,13,合庫-彰化,2023-07-18,1028
2449,京元電子,30,18,12,合庫-彰化,2023-07-18,1028
6188,廣明,26,14,12,合庫-彰化,2023-07-18,1028
1402,遠東新,12,0,12,合庫-彰化,2023-07-18,1028
2329,華泰,90,78,12,合庫-彰化,2023-07-18,1028
3057,喬鼎,26,14,12,合庫-彰化,2023-07-18,1028
6005,群益證,12,0,12,合庫-彰化,2023-07-18,1028
00930,永豐ESG低碳高息,11,0,11,合庫-彰化,2023-07-18,1028
1584,精剛,31,20,11,合庫-彰化,2023-07-18,1028
00720B,元大投資級公司債,10,0,10,合庫-彰化,2023-07-18,1028
2029,盛餘,10,0,10,合庫-彰化,2023-07-18,1028
2867,三商壽,202,16,186,合庫-彰化,2023-07-19,1028
2353,宏��,165,27,138,合庫-彰化,2023-07-19,1028
2881,富邦金,111,0,111,合庫-彰化,2023-07-19,1028
5340,建榮,100,0,100,合庫-彰化,2023-07-19,1028
2409,友達,121,23,98,合庫-彰化,2023-07-19,1028
00929,復華台灣科技優息,90,0,90,合庫-彰化,2023-07-19,1028
3264,欣銓,82,2,80,合庫-彰化,2023-07-19,1028
5371,中光電,61,0,61,合庫-彰化,2023-07-19,1028
00882,中信中國高股息,60,1,59,合庫-彰化,2023-07-19,1028
00893,國泰智能電動車,62,4,58,合庫-彰化,2023-07-19,1028
00664R,國泰臺灣加權反1,55,0,55,合庫-彰化,2023-07-19,1028
2834,臺企銀,55,0,55,合庫-彰化,2023-07-19,1028
2029,盛餘,51,0,51,合庫-彰化,2023-07-19,1028
3481,群創,48,4,44,合庫-彰化,2023-07-19,1028
00633L,富邦上証正2,40,0,40,合庫-彰化,2023-07-19,1028
2618,長榮航,55,17,38,合庫-彰化,2023-07-19,1028
2324,仁寶,129,92,37,合庫-彰化,2023-07-19,1028
2351,順德,34,1,33,合庫-彰化,2023-07-19,1028
1227,佳格,30,0,30,合庫-彰化,2023-07-19,1028
2303,聯電,34,4,30,合庫-彰化,2023-07-19,1028
00650L,復華香港正2,25,0,25,合庫-彰化,2023-07-19,1028
5706,鳳凰,25,0,25,合庫-彰化,2023-07-19,1028
3051,力特,24,0,24,合庫-彰化,2023-07-19,1028
2402,毅嘉,27,12,15,合庫-彰化,2023-07-19,1028
1907,永豐餘,18,4,14,合庫-彰化,2023-07-19,1028
2329,華泰,24,10,14,合庫-彰化,2023-07-19,1028
2515,中工,14,0,14,合庫-彰化,2023-07-19,1028
2412,中華電,13,0,13,合庫-彰化,2023-07-19,1028
3706,神達,80,67,13,合庫-彰化,2023-07-19,1028
1514,亞力,20,8,12,合庫-彰化,2023-07-19,1028
1609,大亞,13,1,12,合庫-彰化,2023-07-19,1028
6143,振曜,12,0,12,合庫-彰化,2023-07-19,1028
6182,合晶,12,0,12,合庫-彰化,2023-07-19,1028
3038,全台,11,0,11,合庫-彰化,2023-07-19,1028
5483,中美晶,12,1,11,合庫-彰化,2023-07-19,1028
8085,福華,11,0,11,合庫-彰化,2023-07-19,1028
2419,仲琦,16,6,10,合庫-彰化,2023-07-19,1028
2836,高雄銀,10,0,10,合庫-彰化,2023-07-19,1028
9943,好樂迪,10,0,10,合庫-彰化,2023-07-19,1028
2887,台新金,10,0,10,合庫-彰化,2023-07-19,1028
2812,台中銀,10,0,10,合庫-彰化,2023-07-19,1028
00930,永豐ESG低碳高息,12,3,9,合庫-彰化,2023-07-19,1028
1734,杏輝,10,1,9,合庫-彰化,2023-07-19,1028
2457,飛宏,9,0,9,合庫-彰化,2023-07-19,1028
3013,晟銘電,10,1,9,合庫-彰化,2023-07-19,1028
3141,晶宏,12,3,9,合庫-彰化,2023-07-19,1028
2603,長榮,12,4,8,合庫-彰化,2023-07-19,1028
8358,金居,10,2,8,合庫-彰化,2023-07-19,1028
2890,永豐金,9,1,8,合庫-彰化,2023-07-19,1028
3078,僑威,10,2,8,合庫-彰化,2023-07-19,1028
6120,達運,403,20,383,合庫-彰化,2023-07-20,1028
5009,榮剛,155,2,153,合庫-彰化,2023-07-20,1028
2405,輔信,144,11,133,合庫-彰化,2023-07-20,1028
2303,聯電,133,6,127,合庫-彰化,2023-07-20,1028
3191,雲嘉南,106,0,106,合庫-彰化,2023-07-20,1028
3025,星通,104,0,104,合庫-彰化,2023-07-20,1028
5340,建榮,100,0,100,合庫-彰化,2023-07-20,1028
1584,精剛,80,0,80,合庫-彰化,2023-07-20,1028
2324,仁寶,74,7,67,合庫-彰化,2023-07-20,1028
3051,力特,63,11,52,合庫-彰化,2023-07-20,1028
00893,國泰智能電動車,50,2,48,合庫-彰化,2023-07-20,1028
2344,華邦電,46,3,43,合庫-彰化,2023-07-20,1028
5371,中光電,43,4,39,合庫-彰化,2023-07-20,1028
00929,復華台灣科技優息,32,0,32,合庫-彰化,2023-07-20,1028
2337,旺宏,30,0,30,合庫-彰化,2023-07-20,1028
4979,華星光,26,1,25,合庫-彰化,2023-07-20,1028
3037,欣興,28,4,24,合庫-彰化,2023-07-20,1028
9904,寶成,20,2,18,合庫-彰化,2023-07-20,1028
1102,亞泥,17,0,17,合庫-彰化,2023-07-20,1028
2352,佳世達,33,16,17,合庫-彰化,2023-07-20,1028
00664R,國泰臺灣加權反1,15,0,15,合庫-彰化,2023-07-20,1028
4116,明基醫,15,0,15,合庫-彰化,2023-07-20,1028
4960,誠美材,15,0,15,合庫-彰化,2023-07-20,1028
8050,廣積,16,1,15,合庫-彰化,2023-07-20,1028
2634,漢翔,31,17,14,合庫-彰化,2023-07-20,1028
5426,振發,14,0,14,合庫-彰化,2023-07-20,1028
4123,晟德,21,9,12,合庫-彰化,2023-07-20,1028
6288,聯嘉,14,2,12,合庫-彰化,2023-07-20,1028
6770,力積電,12,0,12,合庫-彰化,2023-07-20,1028
2617,台航,11,0,11,合庫-彰化,2023-07-20,1028
6788,華景電,11,0,11,合庫-彰化,2023-07-20,1028
00679B,元大美債20年,10,0,10,合庫-彰化,2023-07-20,1028
1712,興農,10,0,10,合庫-彰化,2023-07-20,1028
2206,三陽工業,34,24,10,合庫-彰化,2023-07-20,1028
2312,金寶,11,1,10,合庫-彰化,2023-07-20,1028
2630,亞航,10,0,10,合庫-彰化,2023-07-20,1028
2929,淘帝-KY,10,0,10,合庫-彰化,2023-07-20,1028
3217,優群,10,0,10,合庫-彰化,2023-07-20,1028
4744,皇將,10,0,10,合庫-彰化,2023-07-20,1028
5213,亞昕,10,0,10,合庫-彰化,2023-07-20,1028
6142,友勁,10,0,10,合庫-彰化,2023-07-20,1028
6508,惠光,10,0,10,合庫-彰化,2023-07-20,1028
2834,臺企銀,12,2,10,合庫-彰化,2023-07-20,1028
3048,益登,9,0,9,合庫-彰化,2023-07-20,1028
3062,建漢,9,0,9,合庫-彰化,2023-07-20,1028
5478,智冠,10,1,9,合庫-彰化,2023-07-20,1028
2231,為升,7,0,7,合庫-彰化,2023-07-20,1028
6117,迎廣,7,0,7,合庫-彰化,2023-07-20,1028
8201,無敵,12,5,7,合庫-彰化,2023-07-20,1028
2316,楠梓電,6,0,6,合庫-彰化,2023-07-20,1028
00882,中信中國高股息,105,0,105,合庫-彰化,2023-07-21,1028
00919,群益台灣精選高息,102,3,99,合庫-彰化,2023-07-21,1028
2888,新光金,100,3,97,合庫-彰化,2023-07-21,1028
2201,裕隆,92,21,71,合庫-彰化,2023-07-21,1028
2405,輔信,68,0,68,合庫-彰化,2023-07-21,1028
5009,榮剛,57,8,49,合庫-彰化,2023-07-21,1028
2303,聯電,51,6,45,合庫-彰化,2023-07-21,1028
00929,復華台灣科技優息,43,0,43,合庫-彰化,2023-07-21,1028
1584,精剛,40,0,40,合庫-彰化,2023-07-21,1028
4532,瑞智,116,76,40,合庫-彰化,2023-07-21,1028
2324,仁寶,43,6,37,合庫-彰化,2023-07-21,1028
00712,復華富時不動產,35,0,35,合庫-彰化,2023-07-21,1028
2351,順德,35,0,35,合庫-彰化,2023-07-21,1028
2002,中鋼,29,1,28,合庫-彰化,2023-07-21,1028
1513,中興電,58,33,25,合庫-彰化,2023-07-21,1028
3706,神達,29,4,25,合庫-彰化,2023-07-21,1028
6274,台燿,24,2,22,合庫-彰化,2023-07-21,1028
2609,陽明,35,14,21,合庫-彰化,2023-07-21,1028
00650L,復華香港正2,20,0,20,合庫-彰化,2023-07-21,1028
2349,錸德,20,0,20,合庫-彰化,2023-07-21,1028
2409,友達,23,4,19,合庫-彰化,2023-07-21,1028
00891,中信關鍵半導體,19,0,19,合庫-彰化,2023-07-21,1028
1905,華紙,22,3,19,合庫-彰化,2023-07-21,1028
6235,華孚,23,7,16,合庫-彰化,2023-07-21,1028
3013,晟銘電,111,96,15,合庫-彰化,2023-07-21,1028
2367,燿華,15,0,15,合庫-彰化,2023-07-21,1028
3338,泰碩,34,19,15,合庫-彰化,2023-07-21,1028
5425,台半,21,6,15,合庫-彰化,2023-07-21,1028
2330,台積電,15,1,14,合庫-彰化,2023-07-21,1028
3576,聯合再生,13,0,13,合庫-彰化,2023-07-21,1028
2353,宏��,14,2,12,合庫-彰化,2023-07-21,1028
6219,富旺,12,0,12,合庫-彰化,2023-07-21,1028
1529,樂事綠能,18,7,11,合庫-彰化,2023-07-21,1028
1903,士紙,11,0,11,合庫-彰化,2023-07-21,1028
00885,富邦越南,10,0,10,合庫-彰化,2023-07-21,1028
1210,大成,10,0,10,合庫-彰化,2023-07-21,1028
1402,遠東新,10,0,10,合庫-彰化,2023-07-21,1028
1718,中纖,10,0,10,合庫-彰化,2023-07-21,1028
2305,全友,10,0,10,合庫-彰化,2023-07-21,1028
2344,華邦電,40,30,10,合庫-彰化,2023-07-21,1028
2547,日勝生,10,0,10,合庫-彰化,2023-07-21,1028
2832,台產,10,0,10,合庫-彰化,2023-07-21,1028
3062,建漢,10,0,10,合庫-彰化,2023-07-21,1028
6415,矽力*-KY,10,0,10,合庫-彰化,2023-07-21,1028
2382,廣達,30,20,10,合庫-彰化,2023-07-21,1028
2881,富邦金,10,1,9,合庫-彰化,2023-07-21,1028
1907,永豐餘,14,5,9,合庫-彰化,2023-07-21,1028
2913,農林,10,1,9,合庫-彰化,2023-07-21,1028
2317,鴻海,9,0,9,合庫-彰化,2023-07-21,1028
3037,欣興,14,6,8,合庫-彰化,2023-07-21,1028
5880,合庫金,201,0,201,合庫-彰化,2023-07-24,1028
2892,第一金,151,0,151,合庫-彰化,2023-07-24,1028
3024,憶聲,110,7,103,合庫-彰化,2023-07-24,1028
3013,晟銘電,112,27,85,合庫-彰化,2023-07-24,1028
4533,協易機,77,4,73,合庫-彰化,2023-07-24,1028
2353,宏��,116,47,69,合庫-彰化,2023-07-24,1028
2405,輔信,70,5,65,合庫-彰化,2023-07-24,1028
1609,大亞,117,67,50,合庫-彰化,2023-07-24,1028
00665L,富邦�琤肭磪囓�2,50,0,50,合庫-彰化,2023-07-24,1028
2329,華泰,34,4,30,合庫-彰化,2023-07-24,1028
00929,復華台灣科技優息,28,0,28,合庫-彰化,2023-07-24,1028
2881,富邦金,25,0,25,合庫-彰化,2023-07-24,1028
2303,聯電,26,4,22,合庫-彰化,2023-07-24,1028
3706,神達,29,8,21,合庫-彰化,2023-07-24,1028
6125,廣運,26,5,21,合庫-彰化,2023-07-24,1028
2609,陽明,27,7,20,合庫-彰化,2023-07-24,1028
2617,台航,20,0,20,合庫-彰化,2023-07-24,1028
2374,佳能,36,17,19,合庫-彰化,2023-07-24,1028
00712,復華富時不動產,18,1,17,合庫-彰化,2023-07-24,1028
1733,五鼎,16,0,16,合庫-彰化,2023-07-24,1028
2489,瑞軒,15,0,15,合庫-彰化,2023-07-24,1028
3025,星通,18,3,15,合庫-彰化,2023-07-24,1028
2228,劍麟,14,0,14,合庫-彰化,2023-07-24,1028
3045,台灣大,14,0,14,合庫-彰化,2023-07-24,1028
2316,楠梓電,13,0,13,合庫-彰化,2023-07-24,1028
9958,世紀鋼,13,0,13,合庫-彰化,2023-07-24,1028
4123,晟德,14,2,12,合庫-彰化,2023-07-24,1028
00885,富邦越南,13,1,12,合庫-彰化,2023-07-24,1028
2323,中環,12,0,12,合庫-彰化,2023-07-24,1028
00720B,元大投資級公司債,11,0,11,合庫-彰化,2023-07-24,1028
00882,中信中國高股息,14,3,11,合庫-彰化,2023-07-24,1028
2464,盟立,11,0,11,合庫-彰化,2023-07-24,1028
4904,遠傳,11,0,11,合庫-彰化,2023-07-24,1028
1217,愛之味,11,1,10,合庫-彰化,2023-07-24,1028
4526,東台,10,0,10,合庫-彰化,2023-07-24,1028
6120,達運,10,0,10,合庫-彰化,2023-07-24,1028
00751B,元大AAA至A公司債,9,0,9,合庫-彰化,2023-07-24,1028
2610,華航,17,8,9,合庫-彰化,2023-07-24,1028
3141,晶宏,9,0,9,合庫-彰化,2023-07-24,1028
3481,群創,10,1,9,合庫-彰化,2023-07-24,1028
6235,華孚,8,0,8,合庫-彰化,2023-07-24,1028
6770,力積電,8,0,8,合庫-彰化,2023-07-24,1028
1402,遠東新,9,2,7,合庫-彰化,2023-07-24,1028
2812,台中銀,7,0,7,合庫-彰化,2023-07-24,1028
3535,晶彩科,7,0,7,合庫-彰化,2023-07-24,1028
5603,陸海,7,0,7,合庫-彰化,2023-07-24,1028
2382,廣達,31,25,6,合庫-彰化,2023-07-24,1028
2312,金寶,7,1,6,合庫-彰化,2023-07-24,1028
2542,興富發,6,0,6,合庫-彰化,2023-07-24,1028
2801,彰銀,6,0,6,合庫-彰化,2023-07-24,1028
5426,振發,157,0,157,合庫-彰化,2023-07-25,1028
3024,憶聲,100,10,90,合庫-彰化,2023-07-25,1028
1584,精剛,88,0,88,合庫-彰化,2023-07-25,1028
3191,雲嘉南,48,0,48,合庫-彰化,2023-07-25,1028
00673R,期元大S＆P原油反1,42,0,42,合庫-彰化,2023-07-25,1028
2324,仁寶,46,8,38,合庫-彰化,2023-07-25,1028
2351,順德,35,0,35,合庫-彰化,2023-07-25,1028
4532,瑞智,39,4,35,合庫-彰化,2023-07-25,1028
00878,國泰永續高股息,67,35,32,合庫-彰化,2023-07-25,1028
6116,彩晶,31,0,31,合庫-彰化,2023-07-25,1028
4414,如興,30,1,29,合庫-彰化,2023-07-25,1028
3013,晟銘電,29,3,26,合庫-彰化,2023-07-25,1028
1905,華紙,38,14,24,合庫-彰化,2023-07-25,1028
2303,聯電,23,0,23,合庫-彰化,2023-07-25,1028
6698,旭暉應材,23,0,23,合庫-彰化,2023-07-25,1028
8926,台汽電,30,10,20,合庫-彰化,2023-07-25,1028
1312,國喬,25,5,20,合庫-彰化,2023-07-25,1028
1604,聲寶,20,1,19,合庫-彰化,2023-07-25,1028
00679B,元大美債20年,23,4,19,合庫-彰化,2023-07-25,1028
2344,華邦電,30,12,18,合庫-彰化,2023-07-25,1028
2419,仲琦,26,10,16,合庫-彰化,2023-07-25,1028
6282,康舒,19,3,16,合庫-彰化,2023-07-25,1028
3037,欣興,33,18,15,合庫-彰化,2023-07-25,1028
5880,合庫金,18,3,15,合庫-彰化,2023-07-25,1028
8046,南電,15,1,14,合庫-彰化,2023-07-25,1028
0056,元大高股息,34,21,13,合庫-彰化,2023-07-25,1028
2353,宏��,65,52,13,合庫-彰化,2023-07-25,1028
3541,西柏,13,0,13,合庫-彰化,2023-07-25,1028
4128,中天,13,0,13,合庫-彰化,2023-07-25,1028
2059,川湖,12,0,12,合庫-彰化,2023-07-25,1028
4977,眾達-KY,12,0,12,合庫-彰化,2023-07-25,1028
3264,欣銓,12,0,12,合庫-彰化,2023-07-25,1028
1402,遠東新,11,0,11,合庫-彰化,2023-07-25,1028
2617,台航,11,0,11,合庫-彰化,2023-07-25,1028
3338,泰碩,22,11,11,合庫-彰化,2023-07-25,1028
9958,世紀鋼,11,0,11,合庫-彰化,2023-07-25,1028
2382,廣達,40,30,10,合庫-彰化,2023-07-25,1028
2331,精英,20,10,10,合庫-彰化,2023-07-25,1028
2478,大毅,10,0,10,合庫-彰化,2023-07-25,1028
3363,上詮,11,1,10,合庫-彰化,2023-07-25,1028
3706,神達,16,6,10,合庫-彰化,2023-07-25,1028
5425,台半,11,1,10,合庫-彰化,2023-07-25,1028
6811,宏�硌穈T,21,11,10,合庫-彰化,2023-07-25,1028
00929,復華台灣科技優息,9,0,9,合庫-彰化,2023-07-25,1028
2337,旺宏,10,1,9,合庫-彰化,2023-07-25,1028
3227,原相,9,0,9,合庫-彰化,2023-07-25,1028
6026,福邦證,9,0,9,合庫-彰化,2023-07-25,1028
6111,大宇資,11,2,9,合庫-彰化,2023-07-25,1028
6125,廣運,26,17,9,合庫-彰化,2023-07-25,1028
6139,亞翔,10,1,9,合庫-彰化,2023-07-25,1028
2405,輔信,464,72,392,合庫-彰化,2023-07-26,1028
00673R,期元大S＆P原油反1,300,0,300,合庫-彰化,2023-07-26,1028
3191,雲嘉南,105,2,103,合庫-彰化,2023-07-26,1028
3024,憶聲,101,1,100,合庫-彰化,2023-07-26,1028
4533,協易機,111,16,95,合庫-彰化,2023-07-26,1028
6861,睿生光電,84,0,84,合庫-彰化,2023-07-26,1028
2344,華邦電,66,8,58,合庫-彰化,2023-07-26,1028
00929,復華台灣科技優息,97,40,57,合庫-彰化,2023-07-26,1028
5426,振發,55,0,55,合庫-彰化,2023-07-26,1028
2329,華泰,94,49,45,合庫-彰化,2023-07-26,1028
4128,中天,45,0,45,合庫-彰化,2023-07-26,1028
2883,凱基金,43,5,38,合庫-彰化,2023-07-26,1028
00878,國泰永續高股息,81,45,36,合庫-彰化,2023-07-26,1028
2337,旺宏,36,4,32,合庫-彰化,2023-07-26,1028
2887,台新金,30,0,30,合庫-彰化,2023-07-26,1028
1736,喬山,25,0,25,合庫-彰化,2023-07-26,1028
2489,瑞軒,25,0,25,合庫-彰化,2023-07-26,1028
6120,達運,26,1,25,合庫-彰化,2023-07-26,1028
00885,富邦越南,24,0,24,合庫-彰化,2023-07-26,1028
1589,永冠-KY,20,0,20,合庫-彰化,2023-07-26,1028
2303,聯電,24,5,19,合庫-彰化,2023-07-26,1028
00679B,元大美債20年,19,1,18,合庫-彰化,2023-07-26,1028
2332,友訊,20,3,17,合庫-彰化,2023-07-26,1028
3163,波若威,21,5,16,合庫-彰化,2023-07-26,1028
1101,台泥,18,2,16,合庫-彰化,2023-07-26,1028
1227,佳格,16,0,16,合庫-彰化,2023-07-26,1028
2889,國票金,16,0,16,合庫-彰化,2023-07-26,1028
2885,元大金,16,1,15,合庫-彰化,2023-07-26,1028
1618,合機,17,3,14,合庫-彰化,2023-07-26,1028
1802,台玻,18,4,14,合庫-彰化,2023-07-26,1028
2801,彰銀,25,11,14,合庫-彰化,2023-07-26,1028
3450,聯鈞,15,2,13,合庫-彰化,2023-07-26,1028
3540,曜越,17,4,13,合庫-彰化,2023-07-26,1028
2481,強茂,12,0,12,合庫-彰化,2023-07-26,1028
8358,金居,47,35,12,合庫-彰化,2023-07-26,1028
2349,錸德,11,0,11,合庫-彰化,2023-07-26,1028
2371,大同,24,13,11,合庫-彰化,2023-07-26,1028
3264,欣銓,14,3,11,合庫-彰化,2023-07-26,1028
6535,順藥,11,0,11,合庫-彰化,2023-07-26,1028
6657,華安,11,0,11,合庫-彰化,2023-07-26,1028
8926,台汽電,10,0,10,合庫-彰化,2023-07-26,1028
00930,永豐ESG低碳高息,10,0,10,合庫-彰化,2023-07-26,1028
1313,聯成,20,10,10,合庫-彰化,2023-07-26,1028
2002,中鋼,14,4,10,合庫-彰化,2023-07-26,1028
2027,大成鋼,11,1,10,合庫-彰化,2023-07-26,1028
2415,錩新,10,0,10,合庫-彰化,2023-07-26,1028
3322,建舜電,10,0,10,合庫-彰化,2023-07-26,1028
5478,智冠,10,0,10,合庫-彰化,2023-07-26,1028
6116,彩晶,10,0,10,合庫-彰化,2023-07-26,1028
8050,廣積,31,21,10,合庫-彰化,2023-07-26,1028
2836,高雄銀,303,0,303,合庫-彰化,2023-07-27,1028
00673R,期元大S＆P原油反1,104,0,104,合庫-彰化,2023-07-27,1028
5340,建榮,101,0,101,合庫-彰化,2023-07-27,1028
6015,宏遠證,101,1,100,合庫-彰化,2023-07-27,1028
1584,精剛,92,25,67,合庫-彰化,2023-07-27,1028
00680L,元大美債20正2,44,0,44,合庫-彰化,2023-07-27,1028
2002,中鋼,35,1,34,合庫-彰化,2023-07-27,1028
3037,欣興,42,9,33,合庫-彰化,2023-07-27,1028
3049,精金,28,0,28,合庫-彰化,2023-07-27,1028
2892,第一金,27,0,27,合庫-彰化,2023-07-27,1028
8028,昇陽半導體,28,1,27,合庫-彰化,2023-07-27,1028
2337,旺宏,26,0,26,合庫-彰化,2023-07-27,1028
2405,輔信,33,11,22,合庫-彰化,2023-07-27,1028
3231,緯創,24,3,21,合庫-彰化,2023-07-27,1028
00679B,元大美債20年,22,1,21,合庫-彰化,2023-07-27,1028
9904,寶成,21,0,21,合庫-彰化,2023-07-27,1028
2029,盛餘,20,0,20,合庫-彰化,2023-07-27,1028
6005,群益證,20,0,20,合庫-彰化,2023-07-27,1028
9921,巨大,20,1,19,合庫-彰化,2023-07-27,1028
4532,瑞智,58,39,19,合庫-彰化,2023-07-27,1028
2887,台新金,18,1,17,合庫-彰化,2023-07-27,1028
2369,菱生,21,4,17,合庫-彰化,2023-07-27,1028
2884,玉山金,16,0,16,合庫-彰化,2023-07-27,1028
2368,金像電,17,1,16,合庫-彰化,2023-07-27,1028
00923,群益台ESG低碳50,15,0,15,合庫-彰化,2023-07-27,1028
1402,遠東新,15,0,15,合庫-彰化,2023-07-27,1028
6188,廣明,26,11,15,合庫-彰化,2023-07-27,1028
3324,雙鴻,16,1,15,合庫-彰化,2023-07-27,1028
00902,中信電池及儲能,15,1,14,合庫-彰化,2023-07-27,1028
1587,吉茂,14,0,14,合庫-彰化,2023-07-27,1028
2883,凱基金,12,1,11,合庫-彰化,2023-07-27,1028
1504,東元,17,6,11,合庫-彰化,2023-07-27,1028
2367,燿華,11,0,11,合庫-彰化,2023-07-27,1028
4128,中天,11,0,11,合庫-彰化,2023-07-27,1028
00751B,元大AAA至A公司債,10,0,10,合庫-彰化,2023-07-27,1028
1310,台苯,10,0,10,合庫-彰化,2023-07-27,1028
1736,喬山,10,0,10,合庫-彰化,2023-07-27,1028
3033,威健,10,0,10,合庫-彰化,2023-07-27,1028
4533,協易機,18,8,10,合庫-彰化,2023-07-27,1028
6104,創惟,10,0,10,合庫-彰化,2023-07-27,1028
3038,全台,31,22,9,合庫-彰化,2023-07-27,1028
3363,上詮,10,1,9,合庫-彰化,2023-07-27,1028
3576,聯合再生,9,0,9,合庫-彰化,2023-07-27,1028
2609,陽明,12,4,8,合庫-彰化,2023-07-27,1028
2388,威盛,10,2,8,合庫-彰化,2023-07-27,1028
00708L,期元大S＆P黃金正2,8,0,8,合庫-彰化,2023-07-27,1028
2382,廣達,18,10,8,合庫-彰化,2023-07-27,1028
3217,優群,11,4,7,合庫-彰化,2023-07-27,1028
3306,鼎天,71,64,7,合庫-彰化,2023-07-27,1028
8109,博大,7,0,7,合庫-彰化,2023-07-27,1028
3264,欣銓,541,47,494,合庫-彰化,2023-07-28,1028
2913,農林,270,159,111,合庫-彰化,2023-07-28,1028
00679B,元大美債20年,90,0,90,合庫-彰化,2023-07-28,1028
00706L,期元大S＆P日圓正2,87,0,87,合庫-彰化,2023-07-28,1028
8028,昇陽半導體,82,1,81,合庫-彰化,2023-07-28,1028
1905,華紙,105,24,81,合庫-彰化,2023-07-28,1028
1736,喬山,53,0,53,合庫-彰化,2023-07-28,1028
5340,建榮,50,1,49,合庫-彰化,2023-07-28,1028
2329,華泰,155,111,44,合庫-彰化,2023-07-28,1028
2883,凱基金,42,2,40,合庫-彰化,2023-07-28,1028
3016,嘉晶,41,1,40,合庫-彰化,2023-07-28,1028
2880,華南金,36,3,33,合庫-彰化,2023-07-28,1028
2104,國際中橡,32,2,30,合庫-彰化,2023-07-28,1028
5452,佶優,30,0,30,合庫-彰化,2023-07-28,1028
1802,台玻,31,3,28,合庫-彰化,2023-07-28,1028
2027,大成鋼,33,5,28,合庫-彰化,2023-07-28,1028
00919,群益台灣精選高息,26,0,26,合庫-彰化,2023-07-28,1028
00712,復華富時不動產,65,40,25,合庫-彰化,2023-07-28,1028
4128,中天,25,1,24,合庫-彰化,2023-07-28,1028
2610,華航,35,11,24,合庫-彰化,2023-07-28,1028
2457,飛宏,24,2,22,合庫-彰化,2023-07-28,1028
00751B,元大AAA至A公司債,21,0,21,合庫-彰化,2023-07-28,1028
00687B,國泰20年美債,21,0,21,合庫-彰化,2023-07-28,1028
1584,精剛,20,0,20,合庫-彰化,2023-07-28,1028
6150,撼訊,20,0,20,合庫-彰化,2023-07-28,1028
00720B,元大投資級公司債,17,0,17,合庫-彰化,2023-07-28,1028
2618,長榮航,20,3,17,合庫-彰化,2023-07-28,1028
2427,三商電,16,0,16,合庫-彰化,2023-07-28,1028
6191,精成科,27,11,16,合庫-彰化,2023-07-28,1028
6188,廣明,21,6,15,合庫-彰化,2023-07-28,1028
2317,鴻海,15,0,15,合庫-彰化,2023-07-28,1028
2002,中鋼,15,0,15,合庫-彰化,2023-07-28,1028
3231,緯創,75,61,14,合庫-彰化,2023-07-28,1028
4961,天鈺,16,3,13,合庫-彰化,2023-07-28,1028
1102,亞泥,12,0,12,合庫-彰化,2023-07-28,1028
3037,欣興,16,4,12,合庫-彰化,2023-07-28,1028
6015,宏遠證,12,0,12,合庫-彰化,2023-07-28,1028
6285,啟��,12,0,12,合庫-彰化,2023-07-28,1028
6133,金橋,11,0,11,合庫-彰化,2023-07-28,1028
6190,萬泰科,12,1,11,合庫-彰化,2023-07-28,1028
00929,復華台灣科技優息,12,1,11,合庫-彰化,2023-07-28,1028
3051,力特,10,0,10,合庫-彰化,2023-07-28,1028
6156,松上,10,0,10,合庫-彰化,2023-07-28,1028
6530,創威,10,0,10,合庫-彰化,2023-07-28,1028
8085,福華,10,0,10,合庫-彰化,2023-07-28,1028
9945,潤泰新,10,0,10,合庫-彰化,2023-07-28,1028
00722B,群益投資級電信債,9,0,9,合庫-彰化,2023-07-28,1028
1609,大亞,11,2,9,合庫-彰化,2023-07-28,1028
3322,建舜電,9,0,9,合庫-彰化,2023-07-28,1028
9951,皇田,9,0,9,合庫-彰化,2023-07-28,1028
00900,富邦特選高股息30,990,3,987,合庫-彰化,2023-07-31,1028
00673R,期元大S＆P原油反1,206,0,206,合庫-彰化,2023-07-31,1028
3056,富華新,158,10,148,合庫-彰化,2023-07-31,1028
2409,友達,163,35,128,合庫-彰化,2023-07-31,1028
2352,佳世達,55,4,51,合庫-彰化,2023-07-31,1028
3264,欣銓,58,13,45,合庫-彰化,2023-07-31,1028
00679B,元大美債20年,44,0,44,合庫-彰化,2023-07-31,1028
00929,復華台灣科技優息,60,18,42,合庫-彰化,2023-07-31,1028
8085,福華,40,0,40,合庫-彰化,2023-07-31,1028
3231,緯創,62,22,40,合庫-彰化,2023-07-31,1028
2881,富邦金,39,2,37,合庫-彰化,2023-07-31,1028
00878,國泰永續高股息,134,97,37,合庫-彰化,2023-07-31,1028
8436,大江,31,0,31,合庫-彰化,2023-07-31,1028
2382,廣達,56,27,29,合庫-彰化,2023-07-31,1028
1907,永豐餘,24,0,24,合庫-彰化,2023-07-31,1028
00919,群益台灣精選高息,23,0,23,合庫-彰化,2023-07-31,1028
1815,富喬,25,2,23,合庫-彰化,2023-07-31,1028
2618,長榮航,35,13,22,合庫-彰化,2023-07-31,1028
6275,元山,22,0,22,合庫-彰化,2023-07-31,1028
1712,興農,21,0,21,合庫-彰化,2023-07-31,1028
2892,第一金,20,0,20,合庫-彰化,2023-07-31,1028
5340,建榮,72,52,20,合庫-彰化,2023-07-31,1028
00751B,元大AAA至A公司債,19,0,19,合庫-彰化,2023-07-31,1028
8358,金居,31,13,18,合庫-彰化,2023-07-31,1028
2610,華航,30,13,17,合庫-彰化,2023-07-31,1028
2313,華通,17,0,17,合庫-彰化,2023-07-31,1028
00706L,期元大S＆P日圓正2,15,0,15,合庫-彰化,2023-07-31,1028
2303,聯電,17,2,15,合庫-彰化,2023-07-31,1028
00885,富邦越南,20,6,14,合庫-彰化,2023-07-31,1028
2002,中鋼,15,1,14,合庫-彰化,2023-07-31,1028
6591,動力-KY,14,0,14,合庫-彰化,2023-07-31,1028
3033,威健,13,0,13,合庫-彰化,2023-07-31,1028
4971,IET-KY,15,2,13,合庫-彰化,2023-07-31,1028
1227,佳格,12,0,12,合庫-彰化,2023-07-31,1028
2317,鴻海,14,2,12,合庫-彰化,2023-07-31,1028
4121,優盛,11,0,11,合庫-彰化,2023-07-31,1028
00917,中信特選金融,10,0,10,合庫-彰化,2023-07-31,1028
1218,泰山,12,2,10,合庫-彰化,2023-07-31,1028
2353,宏��,11,1,10,合庫-彰化,2023-07-31,1028
2834,臺企銀,10,0,10,合庫-彰化,2023-07-31,1028
3669,圓展,10,0,10,合庫-彰化,2023-07-31,1028
4977,眾達-KY,10,0,10,合庫-彰化,2023-07-31,1028
1609,大亞,13,4,9,合庫-彰化,2023-07-31,1028
2356,英業達,19,10,9,合庫-彰化,2023-07-31,1028
2308,台達電,23,14,9,合庫-彰化,2023-07-31,1028
9945,潤泰新,12,3,9,合庫-彰化,2023-07-31,1028
2880,華南金,10,2,8,合庫-彰化,2023-07-31,1028
4207,環泰,8,0,8,合庫-彰化,2023-07-31,1028
5371,中光電,8,0,8,合庫-彰化,2023-07-31,1028
6442,光聖,8,0,8,合庫-彰化,2023-07-31,1028
00715L,期街口布蘭特正2,360,0,360,合庫-彰化,2023-08-01,1028
1712,興農,178,25,153,合庫-彰化,2023-08-01,1028
1584,精剛,65,0,65,合庫-彰化,2023-08-01,1028
00712,復華富時不動產,62,0,62,合庫-彰化,2023-08-01,1028
2312,金寶,47,3,44,合庫-彰化,2023-08-01,1028
2101,南港,41,0,41,合庫-彰化,2023-08-01,1028
00878,國泰永續高股息,106,66,40,合庫-彰化,2023-08-01,1028
8085,福華,39,0,39,合庫-彰化,2023-08-01,1028
00919,群益台灣精選高息,38,3,35,合庫-彰化,2023-08-01,1028
2913,農林,51,18,33,合庫-彰化,2023-08-01,1028
2324,仁寶,34,2,32,合庫-彰化,2023-08-01,1028
1909,榮成,31,0,31,合庫-彰化,2023-08-01,1028
1815,富喬,31,1,30,合庫-彰化,2023-08-01,1028
00929,復華台灣科技優息,27,0,27,合庫-彰化,2023-08-01,1028
4563,百德,29,2,27,合庫-彰化,2023-08-01,1028
5880,合庫金,28,3,25,合庫-彰化,2023-08-01,1028
2883,凱基金,26,2,24,合庫-彰化,2023-08-01,1028
00923,群益台ESG低碳50,22,0,22,合庫-彰化,2023-08-01,1028
00885,富邦越南,21,0,21,合庫-彰化,2023-08-01,1028
2409,友達,24,3,21,合庫-彰化,2023-08-01,1028
00665L,富邦�琤肭磪囓�2,20,0,20,合庫-彰化,2023-08-01,1028
6143,振曜,21,1,20,合庫-彰化,2023-08-01,1028
3325,旭品,20,1,19,合庫-彰化,2023-08-01,1028
2329,華泰,24,6,18,合庫-彰化,2023-08-01,1028
9907,統一實,16,0,16,合庫-彰化,2023-08-01,1028
1569,濱川,15,0,15,合庫-彰化,2023-08-01,1028
6282,康舒,22,7,15,合庫-彰化,2023-08-01,1028
00679B,元大美債20年,14,0,14,合庫-彰化,2023-08-01,1028
3558,神準,16,2,14,合庫-彰化,2023-08-01,1028
1227,佳格,13,0,13,合庫-彰化,2023-08-01,1028
2369,菱生,15,2,13,合庫-彰化,2023-08-01,1028
6111,大宇資,13,0,13,合庫-彰化,2023-08-01,1028
4919,新唐,17,5,12,合庫-彰化,2023-08-01,1028
00687B,國泰20年美債,12,0,12,合庫-彰化,2023-08-01,1028
2401,凌陽,13,1,12,合庫-彰化,2023-08-01,1028
3105,穩懋,11,0,11,合庫-彰化,2023-08-01,1028
1218,泰山,11,0,11,合庫-彰化,2023-08-01,1028
1313,聯成,12,1,11,合庫-彰化,2023-08-01,1028
2332,友訊,11,0,11,合庫-彰化,2023-08-01,1028
2353,宏��,11,0,11,合庫-彰化,2023-08-01,1028
2354,鴻準,10,0,10,合庫-彰化,2023-08-01,1028
4306,炎洲,10,0,10,合庫-彰化,2023-08-01,1028
4960,誠美材,10,0,10,合庫-彰化,2023-08-01,1028
5258,虹堡,10,0,10,合庫-彰化,2023-08-01,1028
5488,松普,10,0,10,合庫-彰化,2023-08-01,1028
6789,采鈺,11,1,10,合庫-彰化,2023-08-01,1028
8201,無敵,10,0,10,合庫-彰化,2023-08-01,1028
8935,邦泰,10,0,10,合庫-彰化,2023-08-01,1028
0050,元大台灣50,10,0,10,合庫-彰化,2023-08-01,1028
1907,永豐餘,12,3,9,合庫-彰化,2023-08-01,1028
4746,台耀,297,111,186,合庫-彰化,2023-08-02,1028
00878,國泰永續高股息,261,98,163,合庫-彰化,2023-08-02,1028
1605,華新,152,54,98,合庫-彰化,2023-08-02,1028
2913,農林,150,66,84,合庫-彰化,2023-08-02,1028
2409,友達,106,22,84,合庫-彰化,2023-08-02,1028
3481,群創,101,32,69,合庫-彰化,2023-08-02,1028
3231,緯創,113,50,63,合庫-彰化,2023-08-02,1028
2344,華邦電,57,2,55,合庫-彰化,2023-08-02,1028
00929,復華台灣科技優息,76,22,54,合庫-彰化,2023-08-02,1028
00650L,復華香港正2,45,0,45,合庫-彰化,2023-08-02,1028
2367,燿華,40,0,40,合庫-彰化,2023-08-02,1028
1905,華紙,76,41,35,合庫-彰化,2023-08-02,1028
00706L,期元大S＆P日圓正2,33,0,33,合庫-彰化,2023-08-02,1028
6282,康舒,63,30,33,合庫-彰化,2023-08-02,1028
00712,復華富時不動產,31,0,31,合庫-彰化,2023-08-02,1028
2618,長榮航,34,3,31,合庫-彰化,2023-08-02,1028
1712,興農,30,0,30,合庫-彰化,2023-08-02,1028
2105,正新,31,1,30,合庫-彰化,2023-08-02,1028
2301,光寶科,32,6,26,合庫-彰化,2023-08-02,1028
3580,友威科,26,2,24,合庫-彰化,2023-08-02,1028
00679B,元大美債20年,26,2,24,合庫-彰化,2023-08-02,1028
4743,合一,37,15,22,合庫-彰化,2023-08-02,1028
00680L,元大美債20正2,23,1,22,合庫-彰化,2023-08-02,1028
2317,鴻海,31,10,21,合庫-彰化,2023-08-02,1028
5521,工信,20,0,20,合庫-彰化,2023-08-02,1028
00673R,期元大S＆P原油反1,19,0,19,合庫-彰化,2023-08-02,1028
2312,金寶,22,3,19,合庫-彰化,2023-08-02,1028
2329,華泰,29,10,19,合庫-彰化,2023-08-02,1028
2883,凱基金,22,3,19,合庫-彰化,2023-08-02,1028
2801,彰銀,18,0,18,合庫-彰化,2023-08-02,1028
2812,台中銀,18,0,18,合庫-彰化,2023-08-02,1028
9955,佳龍,27,9,18,合庫-彰化,2023-08-02,1028
2884,玉山金,17,0,17,合庫-彰化,2023-08-02,1028
1598,岱宇,17,0,17,合庫-彰化,2023-08-02,1028
2002,中鋼,17,0,17,合庫-彰化,2023-08-02,1028
4532,瑞智,20,3,17,合庫-彰化,2023-08-02,1028
3062,建漢,16,0,16,合庫-彰化,2023-08-02,1028
6219,富旺,16,0,16,合庫-彰化,2023-08-02,1028
6191,精成科,15,0,15,合庫-彰化,2023-08-02,1028
6227,茂綸,15,0,15,合庫-彰化,2023-08-02,1028
00919,群益台灣精選高息,20,6,14,合庫-彰化,2023-08-02,1028
2331,精英,14,0,14,合庫-彰化,2023-08-02,1028
2888,新光金,14,0,14,合庫-彰化,2023-08-02,1028
3019,亞光,16,2,14,合庫-彰化,2023-08-02,1028
00687B,國泰20年美債,13,0,13,合庫-彰化,2023-08-02,1028
00923,群益台ESG低碳50,13,0,13,合庫-彰化,2023-08-02,1028
1569,濱川,13,0,13,合庫-彰化,2023-08-02,1028
1608,華榮,14,1,13,合庫-彰化,2023-08-02,1028
2834,臺企銀,13,0,13,合庫-彰化,2023-08-02,1028
00901,永豐智能車供應鏈,12,0,12,合庫-彰化,2023-08-02,1028
2884,玉山金,335,0,335,合庫-彰化,2023-08-04,1028
00680L,元大美債20正2,173,0,173,合庫-彰化,2023-08-04,1028
2913,農林,168,57,111,合庫-彰化,2023-08-04,1028
00676R,富邦臺灣加權反1,100,0,100,合庫-彰化,2023-08-04,1028
00679B,元大美債20年,72,0,72,合庫-彰化,2023-08-04,1028
00671R,富邦NASDAQ反1,72,0,72,合庫-彰化,2023-08-04,1028
00885,富邦越南,73,3,70,合庫-彰化,2023-08-04,1028
2367,燿華,70,0,70,合庫-彰化,2023-08-04,1028
00687B,國泰20年美債,55,0,55,合庫-彰化,2023-08-04,1028
2344,華邦電,75,24,51,合庫-彰化,2023-08-04,1028
5009,榮剛,50,4,46,合庫-彰化,2023-08-04,1028
2206,三陽工業,51,9,42,合庫-彰化,2023-08-04,1028
00878,國泰永續高股息,78,38,40,合庫-彰化,2023-08-04,1028
00720B,元大投資級公司債,46,10,36,合庫-彰化,2023-08-04,1028
1605,華新,42,8,34,合庫-彰化,2023-08-04,1028
3189,景碩,32,0,32,合庫-彰化,2023-08-04,1028
2408,南亞科,31,0,31,合庫-彰化,2023-08-04,1028
2105,正新,29,1,28,合庫-彰化,2023-08-04,1028
2891,中信金,27,1,26,合庫-彰化,2023-08-04,1028
1609,大亞,47,22,25,合庫-彰化,2023-08-04,1028
00673R,期元大S＆P原油反1,20,0,20,合庫-彰化,2023-08-04,1028
2801,彰銀,21,1,20,合庫-彰化,2023-08-04,1028
00751B,元大AAA至A公司債,19,0,19,合庫-彰化,2023-08-04,1028
00772B,中信高評級公司債,19,0,19,合庫-彰化,2023-08-04,1028
1785,光洋科,20,1,19,合庫-彰化,2023-08-04,1028
4979,華星光,17,0,17,合庫-彰化,2023-08-04,1028
1712,興農,17,0,17,合庫-彰化,2023-08-04,1028
00795B,中信美國公債20年,20,5,15,合庫-彰化,2023-08-04,1028
3231,緯創,104,89,15,合庫-彰化,2023-08-04,1028
00725B,國泰投資級公司債,13,0,13,合庫-彰化,2023-08-04,1028
2630,亞航,13,0,13,合庫-彰化,2023-08-04,1028
2356,英業達,34,22,12,合庫-彰化,2023-08-04,1028
00753L,中信中國50正2,12,0,12,合庫-彰化,2023-08-04,1028
00857B,永豐20年美公債,11,0,11,合庫-彰化,2023-08-04,1028
00900,富邦特選高股息30,11,0,11,合庫-彰化,2023-08-04,1028
1904,正隆,11,0,11,合庫-彰化,2023-08-04,1028
6285,啟��,22,11,11,合庫-彰化,2023-08-04,1028
00929,復華台灣科技優息,28,18,10,合庫-彰化,2023-08-04,1028
1598,岱宇,10,0,10,合庫-彰化,2023-08-04,1028
5525,順天,10,0,10,合庫-彰化,2023-08-04,1028
6789,采鈺,10,0,10,合庫-彰化,2023-08-04,1028
8201,無敵,10,0,10,合庫-彰化,2023-08-04,1028
8390,金益鼎,10,0,10,合庫-彰化,2023-08-04,1028
2352,佳世達,41,32,9,合庫-彰化,2023-08-04,1028
2889,國票金,10,1,9,合庫-彰化,2023-08-04,1028
00891,中信關鍵半導體,9,0,9,合庫-彰化,2023-08-04,1028
00923,群益台ESG低碳50,8,0,8,合庫-彰化,2023-08-04,1028
1218,泰山,10,2,8,合庫-彰化,2023-08-04,1028
2460,建通,10,2,8,合庫-彰化,2023-08-04,1028
2498,宏達電,9,1,8,合庫-彰化,2023-08-04,1028
2409,友達,141,7,134,合庫-彰化,2023-08-07,1028
00929,復華台灣科技優息,85,3,82,合庫-彰化,2023-08-07,1028
2884,玉山金,75,5,70,合庫-彰化,2023-08-07,1028
00931B,統一美債20年,69,0,69,合庫-彰化,2023-08-07,1028
9904,寶成,61,0,61,合庫-彰化,2023-08-07,1028
1605,華新,112,61,51,合庫-彰化,2023-08-07,1028
00676R,富邦臺灣加權反1,50,0,50,合庫-彰化,2023-08-07,1028
3706,神達,49,5,44,合庫-彰化,2023-08-07,1028
00882,中信中國高股息,23,1,22,合庫-彰化,2023-08-07,1028
2618,長榮航,37,19,18,合庫-彰化,2023-08-07,1028
2405,輔信,16,0,16,合庫-彰化,2023-08-07,1028
2489,瑞軒,15,0,15,合庫-彰化,2023-08-07,1028
2610,華航,38,23,15,合庫-彰化,2023-08-07,1028
5425,台半,15,1,14,合庫-彰化,2023-08-07,1028
00679B,元大美債20年,20,7,13,合庫-彰化,2023-08-07,1028
3679,新至陞,13,0,13,合庫-彰化,2023-08-07,1028
6219,富旺,13,0,13,合庫-彰化,2023-08-07,1028
1584,精剛,18,7,11,合庫-彰化,2023-08-07,1028
9927,泰銘,15,5,10,合庫-彰化,2023-08-07,1028
00671R,富邦NASDAQ反1,10,0,10,合庫-彰化,2023-08-07,1028
00706L,期元大S＆P日圓正2,10,0,10,合庫-彰化,2023-08-07,1028
00902,中信電池及儲能,10,0,10,合庫-彰化,2023-08-07,1028
1609,大亞,10,0,10,合庫-彰化,2023-08-07,1028
3163,波若威,14,4,10,合庫-彰化,2023-08-07,1028
5478,智冠,10,0,10,合庫-彰化,2023-08-07,1028
00795B,中信美國公債20年,9,0,9,合庫-彰化,2023-08-07,1028
2009,第一銅,9,0,9,合庫-彰化,2023-08-07,1028
3234,光環,9,0,9,合庫-彰化,2023-08-07,1028
00687B,國泰20年美債,8,0,8,合庫-彰化,2023-08-07,1028
3689,湧德,11,3,8,合庫-彰化,2023-08-07,1028
2317,鴻海,12,5,7,合庫-彰化,2023-08-07,1028
00637L,元大滬深300正2,7,0,7,合庫-彰化,2023-08-07,1028
1313,聯成,9,2,7,合庫-彰化,2023-08-07,1028
4979,華星光,7,0,7,合庫-彰化,2023-08-07,1028
6016,康和證,8,1,7,合庫-彰化,2023-08-07,1028
6194,育富,7,0,7,合庫-彰化,2023-08-07,1028
1227,佳格,6,0,6,合庫-彰化,2023-08-07,1028
2301,光寶科,30,24,6,合庫-彰化,2023-08-07,1028
2891,中信金,6,0,6,合庫-彰化,2023-08-07,1028
6477,安集,5,0,5,合庫-彰化,2023-08-07,1028
00650L,復華香港正2,5,0,5,合庫-彰化,2023-08-07,1028
1616,億泰,5,0,5,合庫-彰化,2023-08-07,1028
2028,威致,5,0,5,合庫-彰化,2023-08-07,1028
2498,宏達電,9,4,5,合庫-彰化,2023-08-07,1028
3044,健鼎,13,8,5,合庫-彰化,2023-08-07,1028
3062,建漢,5,0,5,合庫-彰化,2023-08-07,1028
6015,宏遠證,5,0,5,合庫-彰化,2023-08-07,1028
6275,元山,5,0,5,合庫-彰化,2023-08-07,1028
6768,志強-KY,5,0,5,合庫-彰化,2023-08-07,1028
3558,神準,6,1,5,合庫-彰化,2023-08-07,1028
5880,合庫金,171,11,160,合庫-彰化,2023-08-08,1028
00929,復華台灣科技優息,157,24,133,合庫-彰化,2023-08-08,1028
00673R,期元大S＆P原油反1,108,0,108,合庫-彰化,2023-08-08,1028
00882,中信中國高股息,105,0,105,合庫-彰化,2023-08-08,1028
1608,華榮,105,0,105,合庫-彰化,2023-08-08,1028
2888,新光金,103,20,83,合庫-彰化,2023-08-08,1028
00900,富邦特選高股息30,82,0,82,合庫-彰化,2023-08-08,1028
4979,華星光,55,0,55,合庫-彰化,2023-08-08,1028
9904,寶成,54,0,54,合庫-彰化,2023-08-08,1028
00688L,國泰20年美債正2,50,0,50,合庫-彰化,2023-08-08,1028
5009,榮剛,56,9,47,合庫-彰化,2023-08-08,1028
00706L,期元大S＆P日圓正2,42,0,42,合庫-彰化,2023-08-08,1028
2029,盛餘,39,0,39,合庫-彰化,2023-08-08,1028
00931B,統一美債20年,35,0,35,合庫-彰化,2023-08-08,1028
2356,英業達,77,45,32,合庫-彰化,2023-08-08,1028
1605,華新,54,23,31,合庫-彰化,2023-08-08,1028
2337,旺宏,25,0,25,合庫-彰化,2023-08-08,1028
2303,聯電,24,0,24,合庫-彰化,2023-08-08,1028
3481,群創,30,6,24,合庫-彰化,2023-08-08,1028
3231,緯創,77,56,21,合庫-彰化,2023-08-08,1028
2344,華邦電,20,0,20,合庫-彰化,2023-08-08,1028
6282,康舒,46,27,19,合庫-彰化,2023-08-08,1028
1907,永豐餘,17,0,17,合庫-彰化,2023-08-08,1028
3689,湧德,17,1,16,合庫-彰化,2023-08-08,1028
2301,光寶科,25,9,16,合庫-彰化,2023-08-08,1028
00881,國泰台灣5G+,15,0,15,合庫-彰化,2023-08-08,1028
1905,華紙,19,4,15,合庫-彰化,2023-08-08,1028
2313,華通,17,2,15,合庫-彰化,2023-08-08,1028
2457,飛宏,14,0,14,合庫-彰化,2023-08-08,1028
00795B,中信美國公債20年,13,0,13,合庫-彰化,2023-08-08,1028
00913,兆豐台灣晶圓製造,13,0,13,合庫-彰化,2023-08-08,1028
2014,中鴻,16,3,13,合庫-彰化,2023-08-08,1028
3321,同泰,15,2,13,合庫-彰化,2023-08-08,1028
8155,博智,13,0,13,合庫-彰化,2023-08-08,1028
8358,金居,13,0,13,合庫-彰化,2023-08-08,1028
2885,元大金,20,8,12,合庫-彰化,2023-08-08,1028
2884,玉山金,12,0,12,合庫-彰化,2023-08-08,1028
1218,泰山,12,0,12,合庫-彰化,2023-08-08,1028
00679B,元大美債20年,12,0,12,合庫-彰化,2023-08-08,1028
6150,撼訊,12,0,12,合庫-彰化,2023-08-08,1028
6207,雷科,11,0,11,合庫-彰化,2023-08-08,1028
00665L,富邦�琤肭磪囓�2,10,0,10,合庫-彰化,2023-08-08,1028
2009,第一銅,18,8,10,合庫-彰化,2023-08-08,1028
4506,崇友,10,0,10,合庫-彰化,2023-08-08,1028
5469,瀚宇博,10,0,10,合庫-彰化,2023-08-08,1028
6177,達麗,10,0,10,合庫-彰化,2023-08-08,1028
9934,成霖,10,0,10,合庫-彰化,2023-08-08,1028
3037,欣興,10,0,10,合庫-彰化,2023-08-08,1028
6143,振曜,10,1,9,合庫-彰化,2023-08-08,1028
2409,友達,10,1,9,合庫-彰化,2023-08-08,1028
00900,富邦特選高股息30,82,0,82,合庫-彰化,2023-08-09,1028
5880,合庫金,69,1,68,合庫-彰化,2023-08-09,1028
00929,復華台灣科技優息,45,0,45,合庫-彰化,2023-08-09,1028
3231,緯創,120,77,43,合庫-彰化,2023-08-09,1028
1584,精剛,40,0,40,合庫-彰化,2023-08-09,1028
2409,友達,25,1,24,合庫-彰化,2023-08-09,1028
2105,正新,21,0,21,合庫-彰化,2023-08-09,1028
2834,臺企銀,20,0,20,合庫-彰化,2023-08-09,1028
2027,大成鋼,20,1,19,合庫-彰化,2023-08-09,1028
3481,群創,21,4,17,合庫-彰化,2023-08-09,1028
2206,三陽工業,24,8,16,合庫-彰化,2023-08-09,1028
3189,景碩,15,0,15,合庫-彰化,2023-08-09,1028
3321,同泰,15,0,15,合庫-彰化,2023-08-09,1028
1907,永豐餘,14,0,14,合庫-彰化,2023-08-09,1028
5425,台半,17,3,14,合庫-彰化,2023-08-09,1028
2884,玉山金,13,0,13,合庫-彰化,2023-08-09,1028
3581,博磊,18,5,13,合庫-彰化,2023-08-09,1028
3669,圓展,13,0,13,合庫-彰化,2023-08-09,1028
2303,聯電,14,1,13,合庫-彰化,2023-08-09,1028
6672,騰輝電子-KY,14,2,12,合庫-彰化,2023-08-09,1028
2413,環科,11,0,11,合庫-彰化,2023-08-09,1028
8390,金益鼎,11,0,11,合庫-彰化,2023-08-09,1028
2059,川湖,11,1,10,合庫-彰化,2023-08-09,1028
00878,國泰永續高股息,13,3,10,合庫-彰化,2023-08-09,1028
00665L,富邦�琤肭磪囓�2,20,10,10,合庫-彰化,2023-08-09,1028
1528,恩德,10,0,10,合庫-彰化,2023-08-09,1028
1727,中華化,10,0,10,合庫-彰化,2023-08-09,1028
2812,台中銀,10,0,10,合庫-彰化,2023-08-09,1028
4979,華星光,10,0,10,合庫-彰化,2023-08-09,1028
5211,蒙恬,10,0,10,合庫-彰化,2023-08-09,1028
8097,常珵,10,0,10,合庫-彰化,2023-08-09,1028
1437,勤益控,9,0,9,合庫-彰化,2023-08-09,1028
2002,中鋼,9,0,9,合庫-彰化,2023-08-09,1028
2329,華泰,11,2,9,合庫-彰化,2023-08-09,1028
2617,台航,9,0,9,合庫-彰化,2023-08-09,1028
4737,華廣,9,0,9,合庫-彰化,2023-08-09,1028
00931B,統一美債20年,13,5,8,合庫-彰化,2023-08-09,1028
2887,台新金,8,0,8,合庫-彰化,2023-08-09,1028
3044,健鼎,20,12,8,合庫-彰化,2023-08-09,1028
3689,湧德,10,2,8,合庫-彰化,2023-08-09,1028
1210,大成,11,3,8,合庫-彰化,2023-08-09,1028
2312,金寶,16,9,7,合庫-彰化,2023-08-09,1028
2316,楠梓電,7,0,7,合庫-彰化,2023-08-09,1028
2596,綠意,7,0,7,合庫-彰化,2023-08-09,1028
00715L,期街口布蘭特正2,6,0,6,合庫-彰化,2023-08-09,1028
3325,旭品,7,1,6,合庫-彰化,2023-08-09,1028
3704,合勤控,7,1,6,合庫-彰化,2023-08-09,1028
6219,富旺,6,0,6,合庫-彰化,2023-08-09,1028
2376,技嘉,17,11,6,合庫-彰化,2023-08-09,1028
00881,國泰台灣5G+,5,0,5,合庫-彰化,2023-08-09,1028
6120,達運,267,0,267,合庫-彰化,2023-08-10,1028
00929,復華台灣科技優息,148,5,143,合庫-彰化,2023-08-10,1028
3481,群創,79,4,75,合庫-彰化,2023-08-10,1028
2888,新光金,117,48,69,合庫-彰化,2023-08-10,1028
00919,群益台灣精選高息,63,0,63,合庫-彰化,2023-08-10,1028
00878,國泰永續高股息,75,23,52,合庫-彰化,2023-08-10,1028
2409,友達,55,5,50,合庫-彰化,2023-08-10,1028
0056,元大高股息,62,13,49,合庫-彰化,2023-08-10,1028
00900,富邦特選高股息30,38,2,36,合庫-彰化,2023-08-10,1028
2324,仁寶,38,2,36,合庫-彰化,2023-08-10,1028
6116,彩晶,35,0,35,合庫-彰化,2023-08-10,1028
1605,華新,32,3,29,合庫-彰化,2023-08-10,1028
2382,廣達,65,40,25,合庫-彰化,2023-08-10,1028
2344,華邦電,23,0,23,合庫-彰化,2023-08-10,1028
2610,華航,33,10,23,合庫-彰化,2023-08-10,1028
8996,高力,23,1,22,合庫-彰化,2023-08-10,1028
5392,能率,22,0,22,合庫-彰化,2023-08-10,1028
3231,緯創,85,63,22,合庫-彰化,2023-08-10,1028
1609,大亞,26,5,21,合庫-彰化,2023-08-10,1028
2883,凱基金,41,21,20,合庫-彰化,2023-08-10,1028
4563,百德,20,0,20,合庫-彰化,2023-08-10,1028
5371,中光電,20,0,20,合庫-彰化,2023-08-10,1028
2329,華泰,19,0,19,合庫-彰化,2023-08-10,1028
2892,第一金,21,2,19,合庫-彰化,2023-08-10,1028
00881,國泰台灣5G+,18,0,18,合庫-彰化,2023-08-10,1028
2886,兆豐金,18,0,18,合庫-彰化,2023-08-10,1028
2402,毅嘉,17,0,17,合庫-彰化,2023-08-10,1028
3078,僑威,17,1,16,合庫-彰化,2023-08-10,1028
2363,矽統,31,16,15,合庫-彰化,2023-08-10,1028
3189,景碩,16,1,15,合庫-彰化,2023-08-10,1028
1907,永豐餘,17,3,14,合庫-彰化,2023-08-10,1028
3017,奇鋐,22,8,14,合庫-彰化,2023-08-10,1028
3706,神達,28,14,14,合庫-彰化,2023-08-10,1028
8112,至上,13,0,13,合庫-彰化,2023-08-10,1028
5880,合庫金,18,5,13,合庫-彰化,2023-08-10,1028
2337,旺宏,12,0,12,合庫-彰化,2023-08-10,1028
3356,奇偶,12,0,12,合庫-彰化,2023-08-10,1028
1584,精剛,11,0,11,合庫-彰化,2023-08-10,1028
2302,麗正,11,0,11,合庫-彰化,2023-08-10,1028
3045,台灣大,11,0,11,合庫-彰化,2023-08-10,1028
3051,力特,11,0,11,合庫-彰化,2023-08-10,1028
3689,湧德,23,12,11,合庫-彰化,2023-08-10,1028
9914,美利達,10,0,10,合庫-彰化,2023-08-10,1028
00892,富邦台灣半導體,10,0,10,合庫-彰化,2023-08-10,1028
00706L,期元大S＆P日圓正2,10,0,10,合庫-彰化,2023-08-10,1028
00633L,富邦上証正2,10,0,10,合庫-彰化,2023-08-10,1028
00673R,期元大S＆P原油反1,20,10,10,合庫-彰化,2023-08-10,1028
00882,中信中國高股息,10,0,10,合庫-彰化,2023-08-10,1028
2002,中鋼,11,1,10,合庫-彰化,2023-08-10,1028
2029,盛餘,10,0,10,合庫-彰化,2023-08-10,1028
00923,群益台ESG低碳50,498,0,498,合庫-彰化,2023-08-11,1028
3013,晟銘電,115,5,110,合庫-彰化,2023-08-11,1028
5469,瀚宇博,108,4,104,合庫-彰化,2023-08-11,1028
2002,中鋼,85,2,83,合庫-彰化,2023-08-11,1028
2201,裕隆,68,3,65,合庫-彰化,2023-08-11,1028
3481,群創,75,22,53,合庫-彰化,2023-08-11,1028
00706L,期元大S＆P日圓正2,51,0,51,合庫-彰化,2023-08-11,1028
00931B,統一美債20年,50,0,50,合庫-彰化,2023-08-11,1028
00900,富邦特選高股息30,44,1,43,合庫-彰化,2023-08-11,1028
00665L,富邦�琤肭磪囓�2,40,0,40,合庫-彰化,2023-08-11,1028
2801,彰銀,33,3,30,合庫-彰化,2023-08-11,1028
4563,百德,30,3,27,合庫-彰化,2023-08-11,1028
00929,復華台灣科技優息,27,1,26,合庫-彰化,2023-08-11,1028
2317,鴻海,26,0,26,合庫-彰化,2023-08-11,1028
3231,緯創,77,54,23,合庫-彰化,2023-08-11,1028
2892,第一金,23,1,22,合庫-彰化,2023-08-11,1028
00679B,元大美債20年,21,0,21,合庫-彰化,2023-08-11,1028
2351,順德,21,0,21,合庫-彰化,2023-08-11,1028
2409,友達,22,1,21,合庫-彰化,2023-08-11,1028
00715L,期街口布蘭特正2,20,0,20,合庫-彰化,2023-08-11,1028
00753L,中信中國50正2,20,0,20,合庫-彰化,2023-08-11,1028
2367,燿華,20,0,20,合庫-彰化,2023-08-11,1028
8935,邦泰,20,0,20,合庫-彰化,2023-08-11,1028
1802,台玻,23,5,18,合庫-彰化,2023-08-11,1028
1609,大亞,18,1,17,合庫-彰化,2023-08-11,1028
2882,國泰金,20,3,17,合庫-彰化,2023-08-11,1028
6116,彩晶,34,17,17,合庫-彰化,2023-08-11,1028
00751B,元大AAA至A公司債,18,2,16,合庫-彰化,2023-08-11,1028
2888,新光金,18,2,16,合庫-彰化,2023-08-11,1028
00882,中信中國高股息,15,0,15,合庫-彰化,2023-08-11,1028
2886,兆豐金,15,1,14,合庫-彰化,2023-08-11,1028
8936,國統,13,0,13,合庫-彰化,2023-08-11,1028
2303,聯電,15,3,12,合庫-彰化,2023-08-11,1028
6179,亞通,12,0,12,合庫-彰化,2023-08-11,1028
3483,力致,11,0,11,合庫-彰化,2023-08-11,1028
6113,亞矽,11,0,11,合庫-彰化,2023-08-11,1028
6245,立端,11,0,11,合庫-彰化,2023-08-11,1028
00772B,中信高評級公司債,10,0,10,合庫-彰化,2023-08-11,1028
00664R,國泰臺灣加權反1,10,0,10,合庫-彰化,2023-08-11,1028
2356,英業達,32,22,10,合庫-彰化,2023-08-11,1028
00687B,國泰20年美債,10,0,10,合庫-彰化,2023-08-11,1028
00688L,國泰20年美債正2,9,0,9,合庫-彰化,2023-08-11,1028
1905,華紙,9,0,9,合庫-彰化,2023-08-11,1028
2029,盛餘,9,0,9,合庫-彰化,2023-08-11,1028
2618,長榮航,20,11,9,合庫-彰化,2023-08-11,1028
2634,漢翔,11,2,9,合庫-彰化,2023-08-11,1028
3321,同泰,8,0,8,合庫-彰化,2023-08-11,1028
2359,所羅門,9,1,8,合庫-彰化,2023-08-11,1028
5236,凌陽創新,8,0,8,合庫-彰化,2023-08-11,1028
00878,國泰永續高股息,21,14,7,合庫-彰化,2023-08-11,1028
00929,復華台灣科技優息,242,0,242,合庫-彰化,2023-08-14,1028
5880,合庫金,121,3,118,合庫-彰化,2023-08-14,1028
2002,中鋼,114,2,112,合庫-彰化,2023-08-14,1028
2834,臺企銀,81,0,81,合庫-彰化,2023-08-14,1028
00893,國泰智能電動車,76,5,71,合庫-彰化,2023-08-14,1028
00923,群益台ESG低碳50,69,0,69,合庫-彰化,2023-08-14,1028
2363,矽統,77,11,66,合庫-彰化,2023-08-14,1028
2610,華航,74,10,64,合庫-彰化,2023-08-14,1028
00900,富邦特選高股息30,58,0,58,合庫-彰化,2023-08-14,1028
3481,群創,54,7,47,合庫-彰化,2023-08-14,1028
2409,友達,43,0,43,合庫-彰化,2023-08-14,1028
00664R,國泰臺灣加權反1,40,0,40,合庫-彰化,2023-08-14,1028
00878,國泰永續高股息,49,10,39,合庫-彰化,2023-08-14,1028
4979,華星光,35,0,35,合庫-彰化,2023-08-14,1028
6116,彩晶,32,0,32,合庫-彰化,2023-08-14,1028
00885,富邦越南,30,1,29,合庫-彰化,2023-08-14,1028
8050,廣積,31,3,28,合庫-彰化,2023-08-14,1028
2891,中信金,31,3,28,合庫-彰化,2023-08-14,1028
2344,華邦電,25,0,25,合庫-彰化,2023-08-14,1028
2349,錸德,25,0,25,合庫-彰化,2023-08-14,1028
2892,第一金,24,0,24,合庫-彰化,2023-08-14,1028
00882,中信中國高股息,27,4,23,合庫-彰化,2023-08-14,1028
00907,永豐優息存股,22,0,22,合庫-彰化,2023-08-14,1028
2867,三商壽,22,0,22,合庫-彰化,2023-08-14,1028
00931B,統一美債20年,20,0,20,合庫-彰化,2023-08-14,1028
8085,福華,20,0,20,合庫-彰化,2023-08-14,1028
2884,玉山金,16,0,16,合庫-彰化,2023-08-14,1028
2609,陽明,16,1,15,合庫-彰化,2023-08-14,1028
00919,群益台灣精選高息,29,15,14,合庫-彰化,2023-08-14,1028
4128,中天,15,1,14,合庫-彰化,2023-08-14,1028
2515,中工,12,0,12,合庫-彰化,2023-08-14,1028
6491,晶碩,11,0,11,合庫-彰化,2023-08-14,1028
2413,環科,11,0,11,合庫-彰化,2023-08-14,1028
3078,僑威,16,5,11,合庫-彰化,2023-08-14,1028
5392,能率,11,0,11,合庫-彰化,2023-08-14,1028
9958,世紀鋼,12,1,11,合庫-彰化,2023-08-14,1028
00706L,期元大S＆P日圓正2,10,0,10,合庫-彰化,2023-08-14,1028
1584,精剛,10,0,10,合庫-彰化,2023-08-14,1028
1718,中纖,10,0,10,合庫-彰化,2023-08-14,1028
2406,國碩,10,0,10,合庫-彰化,2023-08-14,1028
3017,奇鋐,24,14,10,合庫-彰化,2023-08-14,1028
3260,威剛,10,0,10,合庫-彰化,2023-08-14,1028
4123,晟德,13,3,10,合庫-彰化,2023-08-14,1028
4533,協易機,11,1,10,合庫-彰化,2023-08-14,1028
4561,健椿,10,0,10,合庫-彰化,2023-08-14,1028
6142,友勁,10,0,10,合庫-彰化,2023-08-14,1028
6143,振曜,10,0,10,合庫-彰化,2023-08-14,1028
6770,力積電,11,1,10,合庫-彰化,2023-08-14,1028
6782,視陽,10,0,10,合庫-彰化,2023-08-14,1028
8049,晶采,10,0,10,合庫-彰化,2023-08-14,1028
5880,合庫金,226,45,181,合庫-彰化,2023-08-15,1028
2368,金像電,105,4,101,合庫-彰化,2023-08-15,1028
00673R,期元大S＆P原油反1,160,60,100,合庫-彰化,2023-08-15,1028
1301,台塑,101,1,100,合庫-彰化,2023-08-15,1028
2374,佳能,85,2,83,合庫-彰化,2023-08-15,1028
00929,復華台灣科技優息,71,0,71,合庫-彰化,2023-08-15,1028
00665L,富邦�琤肭磪囓�2,62,0,62,合庫-彰化,2023-08-15,1028
00878,國泰永續高股息,87,36,51,合庫-彰化,2023-08-15,1028
00900,富邦特選高股息30,50,2,48,合庫-彰化,2023-08-15,1028
9917,中保科,48,0,48,合庫-彰化,2023-08-15,1028
00923,群益台ESG低碳50,35,2,33,合庫-彰化,2023-08-15,1028
2317,鴻海,23,0,23,合庫-彰化,2023-08-15,1028
00931B,統一美債20年,21,0,21,合庫-彰化,2023-08-15,1028
00882,中信中國高股息,21,0,21,合庫-彰化,2023-08-15,1028
00712,復華富時不動產,25,5,20,合庫-彰化,2023-08-15,1028
2029,盛餘,20,0,20,合庫-彰化,2023-08-15,1028
2881,富邦金,20,0,20,合庫-彰化,2023-08-15,1028
9914,美利達,20,0,20,合庫-彰化,2023-08-15,1028
3481,群創,37,20,17,合庫-彰化,2023-08-15,1028
2884,玉山金,16,0,16,合庫-彰化,2023-08-15,1028
2002,中鋼,15,0,15,合庫-彰化,2023-08-15,1028
2618,長榮航,27,12,15,合庫-彰化,2023-08-15,1028
4979,華星光,15,0,15,合庫-彰化,2023-08-15,1028
3163,波若威,22,8,14,合庫-彰化,2023-08-15,1028
00679B,元大美債20年,13,0,13,合庫-彰化,2023-08-15,1028
2609,陽明,12,0,12,合庫-彰化,2023-08-15,1028
3213,茂訊,11,0,11,合庫-彰化,2023-08-15,1028
3689,湧德,14,3,11,合庫-彰化,2023-08-15,1028
00907,永豐優息存股,10,0,10,合庫-彰化,2023-08-15,1028
1609,大亞,11,1,10,合庫-彰化,2023-08-15,1028
5907,大洋-KY,10,0,10,合庫-彰化,2023-08-15,1028
6491,晶碩,10,0,10,合庫-彰化,2023-08-15,1028
8085,福華,10,0,10,合庫-彰化,2023-08-15,1028
1102,亞泥,9,0,9,合庫-彰化,2023-08-15,1028
1907,永豐餘,9,0,9,合庫-彰化,2023-08-15,1028
4116,明基醫,9,0,9,合庫-彰化,2023-08-15,1028
00751B,元大AAA至A公司債,8,0,8,合庫-彰化,2023-08-15,1028
2328,廣宇,8,0,8,合庫-彰化,2023-08-15,1028
2421,建準,22,15,7,合庫-彰化,2023-08-15,1028
3051,力特,8,1,7,合庫-彰化,2023-08-15,1028
6143,振曜,7,0,7,合庫-彰化,2023-08-15,1028
6531,愛普*,8,1,7,合庫-彰化,2023-08-15,1028
6538,倉和,15,8,7,合庫-彰化,2023-08-15,1028
2883,凱基金,6,0,6,合庫-彰化,2023-08-15,1028
2887,台新金,8,2,6,合庫-彰化,2023-08-15,1028
2888,新光金,6,0,6,合庫-彰化,2023-08-15,1028
3567,逸昌,6,0,6,合庫-彰化,2023-08-15,1028
5009,榮剛,6,0,6,合庫-彰化,2023-08-15,1028
6113,亞矽,6,0,6,合庫-彰化,2023-08-15,1028
3105,穩懋,5,0,5,合庫-彰化,2023-08-15,1028
00929,復華台灣科技優息,254,21,233,合庫-彰化,2023-08-16,1028
2409,友達,128,5,123,合庫-彰化,2023-08-16,1028
2324,仁寶,270,157,113,合庫-彰化,2023-08-16,1028
00664R,國泰臺灣加權反1,96,15,81,合庫-彰化,2023-08-16,1028
00900,富邦特選高股息30,71,0,71,合庫-彰化,2023-08-16,1028
5880,合庫金,71,5,66,合庫-彰化,2023-08-16,1028
2880,華南金,57,0,57,合庫-彰化,2023-08-16,1028
3481,群創,49,5,44,合庫-彰化,2023-08-16,1028
1584,精剛,40,0,40,合庫-彰化,2023-08-16,1028
2363,矽統,54,15,39,合庫-彰化,2023-08-16,1028
9921,巨大,38,0,38,合庫-彰化,2023-08-16,1028
2303,聯電,31,1,30,合庫-彰化,2023-08-16,1028
2609,陽明,33,4,29,合庫-彰化,2023-08-16,1028
00881,國泰台灣5G+,24,0,24,合庫-彰化,2023-08-16,1028
2374,佳能,23,0,23,合庫-彰化,2023-08-16,1028
3714,富采,22,0,22,合庫-彰化,2023-08-16,1028
2883,凱基金,21,0,21,合庫-彰化,2023-08-16,1028
00931B,統一美債20年,21,0,21,合庫-彰化,2023-08-16,1028
4979,華星光,21,0,21,合庫-彰化,2023-08-16,1028
6143,振曜,22,2,20,合庫-彰化,2023-08-16,1028
6120,達運,20,0,20,合庫-彰化,2023-08-16,1028
9914,美利達,20,0,20,合庫-彰化,2023-08-16,1028
1101,台泥,20,1,19,合庫-彰化,2023-08-16,1028
2002,中鋼,19,0,19,合庫-彰化,2023-08-16,1028
1529,樂事綠能,20,1,19,合庫-彰化,2023-08-16,1028
00882,中信中國高股息,18,0,18,合庫-彰化,2023-08-16,1028
00687B,國泰20年美債,18,0,18,合庫-彰化,2023-08-16,1028
3163,波若威,22,4,18,合庫-彰化,2023-08-16,1028
00923,群益台ESG低碳50,28,11,17,合庫-彰化,2023-08-16,1028
3622,洋華,17,0,17,合庫-彰化,2023-08-16,1028
2891,中信金,22,6,16,合庫-彰化,2023-08-16,1028
4414,如興,16,0,16,合庫-彰化,2023-08-16,1028
2332,友訊,19,4,15,合庫-彰化,2023-08-16,1028
3706,神達,28,13,15,合庫-彰化,2023-08-16,1028
2890,永豐金,14,1,13,合庫-彰化,2023-08-16,1028
2886,兆豐金,12,0,12,合庫-彰化,2023-08-16,1028
00679B,元大美債20年,12,0,12,合庫-彰化,2023-08-16,1028
00772B,中信高評級公司債,12,0,12,合庫-彰化,2023-08-16,1028
5469,瀚宇博,12,0,12,合庫-彰化,2023-08-16,1028
00751B,元大AAA至A公司債,11,0,11,合庫-彰化,2023-08-16,1028
0050,元大台灣50,11,0,11,合庫-彰化,2023-08-16,1028
2329,華泰,28,17,11,合庫-彰化,2023-08-16,1028
6733,博晟生醫,11,0,11,合庫-彰化,2023-08-16,1028
2892,第一金,10,0,10,合庫-彰化,2023-08-16,1028
3380,明泰,10,0,10,合庫-彰化,2023-08-16,1028
4563,百德,10,0,10,合庫-彰化,2023-08-16,1028
8069,元太,18,9,9,合庫-彰化,2023-08-16,1028
2457,飛宏,15,6,9,合庫-彰化,2023-08-16,1028
2317,鴻海,12,3,9,合庫-彰化,2023-08-16,1028
6443,元晶,10,2,8,合庫-彰化,2023-08-16,1028
00673R,期元大S＆P原油反1,813,80,733,合庫-彰化,2023-08-17,1028
2634,漢翔,102,2,100,合庫-彰化,2023-08-17,1028
1514,亞力,63,0,63,合庫-彰化,2023-08-17,1028
1513,中興電,53,1,52,合庫-彰化,2023-08-17,1028
00712,復華富時不動產,41,0,41,合庫-彰化,2023-08-17,1028
9921,巨大,41,1,40,合庫-彰化,2023-08-17,1028
2409,友達,151,115,36,合庫-彰化,2023-08-17,1028
00882,中信中國高股息,31,0,31,合庫-彰化,2023-08-17,1028
4979,華星光,31,0,31,合庫-彰化,2023-08-17,1028
4746,台耀,31,2,29,合庫-彰化,2023-08-17,1028
1101,台泥,38,11,27,合庫-彰化,2023-08-17,1028
2356,英業達,66,41,25,合庫-彰化,2023-08-17,1028
3231,緯創,124,101,23,合庫-彰化,2023-08-17,1028
00923,群益台ESG低碳50,22,0,22,合庫-彰化,2023-08-17,1028
9950,萬國通,21,0,21,合庫-彰化,2023-08-17,1028
00679B,元大美債20年,21,1,20,合庫-彰化,2023-08-17,1028
00665L,富邦�琤肭磪囓�2,20,0,20,合庫-彰化,2023-08-17,1028
00664R,國泰臺灣加權反1,20,0,20,合庫-彰化,2023-08-17,1028
2421,建準,38,20,18,合庫-彰化,2023-08-17,1028
00751B,元大AAA至A公司債,17,0,17,合庫-彰化,2023-08-17,1028
00907,永豐優息存股,17,0,17,合庫-彰化,2023-08-17,1028
2374,佳能,17,0,17,合庫-彰化,2023-08-17,1028
2324,仁寶,56,39,17,合庫-彰化,2023-08-17,1028
5880,合庫金,14,2,12,合庫-彰化,2023-08-17,1028
00795B,中信美國公債20年,11,0,11,合庫-彰化,2023-08-17,1028
2892,第一金,10,0,10,合庫-彰化,2023-08-17,1028
1702,南僑,10,0,10,合庫-彰化,2023-08-17,1028
3715,定穎投控,22,12,10,合庫-彰化,2023-08-17,1028
00720B,元大投資級公司債,9,0,9,合庫-彰化,2023-08-17,1028
00900,富邦特選高股息30,12,3,9,合庫-彰化,2023-08-17,1028
00772B,中信高評級公司債,10,1,9,合庫-彰化,2023-08-17,1028
6770,力積電,12,3,9,合庫-彰化,2023-08-17,1028
3056,富華新,10,2,8,合庫-彰化,2023-08-17,1028
00931B,統一美債20年,9,1,8,合庫-彰化,2023-08-17,1028
00722B,群益投資級電信債,8,0,8,合庫-彰化,2023-08-17,1028
1907,永豐餘,9,1,8,合庫-彰化,2023-08-17,1028
2367,燿華,8,0,8,合庫-彰化,2023-08-17,1028
2605,新興,8,0,8,合庫-彰化,2023-08-17,1028
3706,神達,37,29,8,合庫-彰化,2023-08-17,1028
2880,華南金,9,1,8,合庫-彰化,2023-08-17,1028
2002,中鋼,7,0,7,合庫-彰化,2023-08-17,1028
00687B,國泰20年美債,7,0,7,合庫-彰化,2023-08-17,1028
1314,中石化,7,0,7,合庫-彰化,2023-08-17,1028
1605,華新,9,2,7,合庫-彰化,2023-08-17,1028
3051,力特,25,18,7,合庫-彰化,2023-08-17,1028
3624,光頡,7,0,7,合庫-彰化,2023-08-17,1028
8033,雷虎,7,0,7,合庫-彰化,2023-08-17,1028
2303,聯電,10,4,6,合庫-彰化,2023-08-17,1028
9945,潤泰新,6,0,6,合庫-彰化,2023-08-17,1028
00642U,期元大S＆P石油,40,34,6,合庫-彰化,2023-08-17,1028
3056,富華新,222,1,221,合庫-彰化,2023-08-18,1028
00929,復華台灣科技優息,61,1,60,合庫-彰化,2023-08-18,1028
4979,華星光,55,1,54,合庫-彰化,2023-08-18,1028
2352,佳世達,56,4,52,合庫-彰化,2023-08-18,1028
2002,中鋼,52,1,51,合庫-彰化,2023-08-18,1028
2610,華航,67,19,48,合庫-彰化,2023-08-18,1028
2329,華泰,161,114,47,合庫-彰化,2023-08-18,1028
3231,緯創,104,62,42,合庫-彰化,2023-08-18,1028
1618,合機,57,15,42,合庫-彰化,2023-08-18,1028
2834,臺企銀,38,0,38,合庫-彰化,2023-08-18,1028
00712,復華富時不動產,39,2,37,合庫-彰化,2023-08-18,1028
00673R,期元大S＆P原油反1,90,60,30,合庫-彰化,2023-08-18,1028
2344,華邦電,30,0,30,合庫-彰化,2023-08-18,1028
2883,凱基金,30,0,30,合庫-彰化,2023-08-18,1028
4167,松瑞藥,30,0,30,合庫-彰化,2023-08-18,1028
8097,常珵,31,2,29,合庫-彰化,2023-08-18,1028
00900,富邦特選高股息30,27,1,26,合庫-彰化,2023-08-18,1028
2634,漢翔,40,15,25,合庫-彰化,2023-08-18,1028
00772B,中信高評級公司債,23,0,23,合庫-彰化,2023-08-18,1028
3043,科風,23,1,22,合庫-彰化,2023-08-18,1028
00919,群益台灣精選高息,20,0,20,合庫-彰化,2023-08-18,1028
00706L,期元大S＆P日圓正2,20,0,20,合庫-彰化,2023-08-18,1028
3252,海灣,20,0,20,合庫-彰化,2023-08-18,1028
8033,雷虎,19,0,19,合庫-彰化,2023-08-18,1028
2323,中環,25,7,18,合庫-彰化,2023-08-18,1028
2880,華南金,30,12,18,合庫-彰化,2023-08-18,1028
2332,友訊,31,13,18,合庫-彰化,2023-08-18,1028
3163,波若威,29,11,18,合庫-彰化,2023-08-18,1028
00720B,元大投資級公司債,15,0,15,合庫-彰化,2023-08-18,1028
2913,農林,15,0,15,合庫-彰化,2023-08-18,1028
2618,長榮航,18,4,14,合庫-彰化,2023-08-18,1028
3033,威健,13,0,13,合庫-彰化,2023-08-18,1028
9904,寶成,13,0,13,合庫-彰化,2023-08-18,1028
2884,玉山金,12,0,12,合庫-彰化,2023-08-18,1028
00679B,元大美債20年,13,1,12,合庫-彰化,2023-08-18,1028
0056,元大高股息,13,1,12,合庫-彰化,2023-08-18,1028
00725B,國泰投資級公司債,12,0,12,合庫-彰化,2023-08-18,1028
2402,毅嘉,14,2,12,合庫-彰化,2023-08-18,1028
5880,合庫金,12,1,11,合庫-彰化,2023-08-18,1028
00931B,統一美債20年,11,0,11,合庫-彰化,2023-08-18,1028
1471,首利,11,0,11,合庫-彰化,2023-08-18,1028
2355,敬鵬,11,0,11,合庫-彰化,2023-08-18,1028
3051,力特,41,30,11,合庫-彰化,2023-08-18,1028
4960,誠美材,11,0,11,合庫-彰化,2023-08-18,1028
00923,群益台ESG低碳50,10,0,10,合庫-彰化,2023-08-18,1028
00664R,國泰臺灣加權反1,10,0,10,合庫-彰化,2023-08-18,1028
2442,新美齊,10,0,10,合庫-彰化,2023-08-18,1028
4128,中天,11,1,10,合庫-彰化,2023-08-18,1028
8085,福華,10,0,10,合庫-彰化,2023-08-18,1028
9921,巨大,10,0,10,合庫-彰化,2023-08-18,1028
6120,達運,300,0,300,合庫-彰化,2023-08-21,1028
2374,佳能,114,0,114,合庫-彰化,2023-08-21,1028
1609,大亞,62,0,62,合庫-彰化,2023-08-21,1028
00687B,國泰20年美債,54,0,54,合庫-彰化,2023-08-21,1028
00900,富邦特選高股息30,54,0,54,合庫-彰化,2023-08-21,1028
2883,凱基金,51,0,51,合庫-彰化,2023-08-21,1028
4979,華星光,47,0,47,合庫-彰化,2023-08-21,1028
00751B,元大AAA至A公司債,42,0,42,合庫-彰化,2023-08-21,1028
2029,盛餘,37,0,37,合庫-彰化,2023-08-21,1028
00929,復華台灣科技優息,36,0,36,合庫-彰化,2023-08-21,1028
1584,精剛,34,0,34,合庫-彰化,2023-08-21,1028
4128,中天,35,1,34,合庫-彰化,2023-08-21,1028
00722B,群益投資級電信債,30,0,30,合庫-彰化,2023-08-21,1028
1471,首利,39,10,29,合庫-彰化,2023-08-21,1028
2329,華泰,33,7,26,合庫-彰化,2023-08-21,1028
3706,神達,28,6,22,合庫-彰化,2023-08-21,1028
00720B,元大投資級公司債,21,0,21,合庫-彰化,2023-08-21,1028
00712,復華富時不動產,26,5,21,合庫-彰化,2023-08-21,1028
00772B,中信高評級公司債,19,0,19,合庫-彰化,2023-08-21,1028
2382,廣達,46,27,19,合庫-彰化,2023-08-21,1028
2637,慧洋-KY,18,0,18,合庫-彰化,2023-08-21,1028
8097,常珵,25,8,17,合庫-彰化,2023-08-21,1028
2356,英業達,50,34,16,合庫-彰化,2023-08-21,1028
6143,振曜,16,0,16,合庫-彰化,2023-08-21,1028
2605,新興,15,1,14,合庫-彰化,2023-08-21,1028
2610,華航,13,0,13,合庫-彰化,2023-08-21,1028
2641,正德,12,0,12,合庫-彰化,2023-08-21,1028
2636,台驊控股,11,0,11,合庫-彰化,2023-08-21,1028
00665L,富邦�琤肭磪囓�2,10,0,10,合庫-彰化,2023-08-21,1028
1517,利奇,10,0,10,合庫-彰化,2023-08-21,1028
2101,南港,10,0,10,合庫-彰化,2023-08-21,1028
5236,凌陽創新,10,0,10,合庫-彰化,2023-08-21,1028
5457,宣德,10,0,10,合庫-彰化,2023-08-21,1028
6026,福邦證,10,0,10,合庫-彰化,2023-08-21,1028
8201,無敵,10,0,10,合庫-彰化,2023-08-21,1028
9921,巨大,10,0,10,合庫-彰化,2023-08-21,1028
6531,愛普*,11,1,10,合庫-彰化,2023-08-21,1028
6139,亞翔,16,7,9,合庫-彰化,2023-08-21,1028
1301,台塑,8,0,8,合庫-彰化,2023-08-21,1028
2892,第一金,8,0,8,合庫-彰化,2023-08-21,1028
3306,鼎天,22,14,8,合庫-彰化,2023-08-21,1028
4161,聿新科,8,0,8,合庫-彰化,2023-08-21,1028
3056,富華新,7,0,7,合庫-彰化,2023-08-21,1028
8109,博大,7,0,7,合庫-彰化,2023-08-21,1028
00773B,中信優先金融債,7,0,7,合庫-彰化,2023-08-21,1028
00637L,元大滬深300正2,8,1,7,合庫-彰化,2023-08-21,1028
00664R,國泰臺灣加權反1,7,0,7,合庫-彰化,2023-08-21,1028
2520,冠德,7,0,7,合庫-彰化,2023-08-21,1028
2891,中信金,10,3,7,合庫-彰化,2023-08-21,1028
8085,福華,7,0,7,合庫-彰化,2023-08-21,1028
2332,友訊,112,23,89,合庫-彰化,2023-08-22,1028
2409,友達,102,18,84,合庫-彰化,2023-08-22,1028
2002,中鋼,80,0,80,合庫-彰化,2023-08-22,1028
2401,凌陽,46,2,44,合庫-彰化,2023-08-22,1028
5880,合庫金,26,0,26,合庫-彰化,2023-08-22,1028
2358,廷鑫,25,0,25,合庫-彰化,2023-08-22,1028
2929,淘帝-KY,25,0,25,合庫-彰化,2023-08-22,1028
4979,華星光,38,13,25,合庫-彰化,2023-08-22,1028
8097,常珵,25,0,25,合庫-彰化,2023-08-22,1028
6120,達運,24,0,24,合庫-彰化,2023-08-22,1028
00712,復華富時不動產,25,5,20,合庫-彰化,2023-08-22,1028
1712,興農,20,0,20,合庫-彰化,2023-08-22,1028
00687B,國泰20年美債,19,0,19,合庫-彰化,2023-08-22,1028
8358,金居,17,1,16,合庫-彰化,2023-08-22,1028
00882,中信中國高股息,16,0,16,合庫-彰化,2023-08-22,1028
2353,宏��,15,0,15,合庫-彰化,2023-08-22,1028
00720B,元大投資級公司債,15,0,15,合庫-彰化,2023-08-22,1028
8240,華宏,15,0,15,合庫-彰化,2023-08-22,1028
00772B,中信高評級公司債,14,0,14,合庫-彰化,2023-08-22,1028
2887,台新金,13,0,13,合庫-彰化,2023-08-22,1028
6143,振曜,13,0,13,合庫-彰化,2023-08-22,1028
1513,中興電,17,5,12,合庫-彰化,2023-08-22,1028
1905,華紙,14,2,12,合庫-彰化,2023-08-22,1028
2324,仁寶,16,4,12,合庫-彰化,2023-08-22,1028
6219,富旺,12,0,12,合庫-彰化,2023-08-22,1028
00725B,國泰投資級公司債,11,0,11,合庫-彰化,2023-08-22,1028
4533,協易機,14,3,11,合庫-彰化,2023-08-22,1028
00885,富邦越南,10,0,10,合庫-彰化,2023-08-22,1028
00671R,富邦NASDAQ反1,10,0,10,合庫-彰化,2023-08-22,1028
00706L,期元大S＆P日圓正2,10,0,10,合庫-彰化,2023-08-22,1028
00688L,國泰20年美債正2,10,0,10,合庫-彰化,2023-08-22,1028
3049,精金,10,0,10,合庫-彰化,2023-08-22,1028
3071,協禧,12,2,10,合庫-彰化,2023-08-22,1028
3217,優群,10,0,10,合庫-彰化,2023-08-22,1028
3689,湧德,22,12,10,合庫-彰化,2023-08-22,1028
4919,新唐,10,0,10,合庫-彰化,2023-08-22,1028
6245,立端,10,0,10,合庫-彰化,2023-08-22,1028
3045,台灣大,9,0,9,合庫-彰化,2023-08-22,1028
2891,中信金,9,0,9,合庫-彰化,2023-08-22,1028
2641,正德,9,0,9,合庫-彰化,2023-08-22,1028
00679B,元大美債20年,8,0,8,合庫-彰化,2023-08-22,1028
2059,川湖,8,0,8,合庫-彰化,2023-08-22,1028
3042,晶技,8,0,8,合庫-彰化,2023-08-22,1028
3576,聯合再生,8,0,8,合庫-彰化,2023-08-22,1028
6026,福邦證,7,0,7,合庫-彰化,2023-08-22,1028
6442,光聖,7,0,7,合庫-彰化,2023-08-22,1028
3231,緯創,27,20,7,合庫-彰化,2023-08-22,1028
2323,中環,15,9,6,合庫-彰化,2023-08-22,1028
00751B,元大AAA至A公司債,6,0,6,合庫-彰化,2023-08-22,1028
2382,廣達,34,28,6,合庫-彰化,2023-08-22,1028
00637L,元大滬深300正2,420,0,420,合庫-彰化,2023-08-23,1028
00680L,元大美債20正2,100,0,100,合庫-彰化,2023-08-23,1028
3680,家登,86,9,77,合庫-彰化,2023-08-23,1028
4543,萬在,50,0,50,合庫-彰化,2023-08-23,1028
2402,毅嘉,47,0,47,合庫-彰化,2023-08-23,1028
2892,第一金,45,0,45,合庫-彰化,2023-08-23,1028
2887,台新金,41,0,41,合庫-彰化,2023-08-23,1028
4960,誠美材,38,3,35,合庫-彰化,2023-08-23,1028
8097,常珵,30,1,29,合庫-彰化,2023-08-23,1028
5880,合庫金,27,0,27,合庫-彰化,2023-08-23,1028
00878,國泰永續高股息,130,105,25,合庫-彰化,2023-08-23,1028
2303,聯電,25,0,25,合庫-彰化,2023-08-23,1028
3013,晟銘電,71,46,25,合庫-彰化,2023-08-23,1028
6120,達運,42,20,22,合庫-彰化,2023-08-23,1028
00907,永豐優息存股,20,0,20,合庫-彰化,2023-08-23,1028
2332,友訊,26,6,20,合庫-彰化,2023-08-23,1028
6116,彩晶,20,0,20,合庫-彰化,2023-08-23,1028
2374,佳能,25,6,19,合庫-彰化,2023-08-23,1028
2002,中鋼,16,0,16,合庫-彰化,2023-08-23,1028
2637,慧洋-KY,19,4,15,合庫-彰化,2023-08-23,1028
2029,盛餘,14,0,14,合庫-彰化,2023-08-23,1028
6770,力積電,14,1,13,合庫-彰化,2023-08-23,1028
2880,華南金,12,0,12,合庫-彰化,2023-08-23,1028
6143,振曜,12,0,12,合庫-彰化,2023-08-23,1028
2382,廣達,40,29,11,合庫-彰化,2023-08-23,1028
1101,台泥,11,0,11,合庫-彰化,2023-08-23,1028
5392,能率,22,11,11,合庫-彰化,2023-08-23,1028
1471,首利,32,22,10,合庫-彰化,2023-08-23,1028
00919,群益台灣精選高息,10,0,10,合庫-彰化,2023-08-23,1028
4561,健椿,10,0,10,合庫-彰化,2023-08-23,1028
00923,群益台ESG低碳50,8,0,8,合庫-彰化,2023-08-23,1028
00900,富邦特選高股息30,21,13,8,合庫-彰化,2023-08-23,1028
00885,富邦越南,10,2,8,合庫-彰化,2023-08-23,1028
2618,長榮航,30,22,8,合庫-彰化,2023-08-23,1028
3163,波若威,17,9,8,合庫-彰化,2023-08-23,1028
4541,晟田,10,2,8,合庫-彰化,2023-08-23,1028
6125,廣運,14,6,8,合庫-彰化,2023-08-23,1028
2891,中信金,8,0,8,合庫-彰化,2023-08-23,1028
1905,華紙,8,1,7,合庫-彰化,2023-08-23,1028
2609,陽明,10,3,7,合庫-彰化,2023-08-23,1028
3078,僑威,18,11,7,合庫-彰化,2023-08-23,1028
3704,合勤控,7,0,7,合庫-彰化,2023-08-23,1028
4938,和碩,8,1,7,合庫-彰化,2023-08-23,1028
3321,同泰,7,0,7,合庫-彰化,2023-08-23,1028
00751B,元大AAA至A公司債,6,0,6,合庫-彰化,2023-08-23,1028
00882,中信中國高股息,8,2,6,合庫-彰化,2023-08-23,1028
2376,技嘉,8,2,6,合庫-彰化,2023-08-23,1028
3689,湧德,12,6,6,合庫-彰化,2023-08-23,1028
2834,臺企銀,6,1,5,合庫-彰化,2023-08-23,1028
1308,亞聚,5,0,5,合庫-彰化,2023-08-23,1028
00929,復華台灣科技優息,187,72,115,合庫-彰化,2023-08-24,1028
8097,常珵,108,0,108,合庫-彰化,2023-08-24,1028
00715L,期街口布蘭特正2,120,20,100,合庫-彰化,2023-08-24,1028
00673R,期元大S＆P原油反1,110,10,100,合庫-彰化,2023-08-24,1028
3013,晟銘電,125,38,87,合庫-彰化,2023-08-24,1028
00919,群益台灣精選高息,64,0,64,合庫-彰化,2023-08-24,1028
3264,欣銓,71,12,59,合庫-彰化,2023-08-24,1028
3071,協禧,64,7,57,合庫-彰化,2023-08-24,1028
00637L,元大滬深300正2,53,3,50,合庫-彰化,2023-08-24,1028
3231,緯創,127,83,44,合庫-彰化,2023-08-24,1028
2419,仲琦,49,15,34,合庫-彰化,2023-08-24,1028
2374,佳能,31,0,31,合庫-彰化,2023-08-24,1028
2324,仁寶,40,14,26,合庫-彰化,2023-08-24,1028
2609,陽明,26,1,25,合庫-彰化,2023-08-24,1028
2421,建準,32,11,21,合庫-彰化,2023-08-24,1028
00633L,富邦上証正2,20,0,20,合庫-彰化,2023-08-24,1028
2352,佳世達,42,22,20,合庫-彰化,2023-08-24,1028
2884,玉山金,20,1,19,合庫-彰化,2023-08-24,1028
00893,國泰智能電動車,30,11,19,合庫-彰化,2023-08-24,1028
1471,首利,24,6,18,合庫-彰化,2023-08-24,1028
5880,合庫金,23,5,18,合庫-彰化,2023-08-24,1028
2637,慧洋-KY,17,0,17,合庫-彰化,2023-08-24,1028
00882,中信中國高股息,20,3,17,合庫-彰化,2023-08-24,1028
4906,正文,17,1,16,合庫-彰化,2023-08-24,1028
5392,能率,17,1,16,合庫-彰化,2023-08-24,1028
2449,京元電子,28,13,15,合庫-彰化,2023-08-24,1028
2641,正德,17,2,15,合庫-彰化,2023-08-24,1028
2890,永豐金,15,0,15,合庫-彰化,2023-08-24,1028
4979,華星光,58,43,15,合庫-彰化,2023-08-24,1028
2002,中鋼,14,0,14,合庫-彰化,2023-08-24,1028
6282,康舒,24,12,12,合庫-彰化,2023-08-24,1028
8390,金益鼎,12,0,12,合庫-彰化,2023-08-24,1028
00665L,富邦�琤肭磪囓�2,110,100,10,合庫-彰化,2023-08-24,1028
2883,凱基金,10,0,10,合庫-彰化,2023-08-24,1028
3035,智原,16,6,10,合庫-彰化,2023-08-24,1028
6207,雷科,10,0,10,合庫-彰化,2023-08-24,1028
1527,鑽全,9,0,9,合庫-彰化,2023-08-24,1028
4960,誠美材,9,0,9,合庫-彰化,2023-08-24,1028
6285,啟��,14,6,8,合庫-彰化,2023-08-24,1028
1101,台泥,8,0,8,合庫-彰化,2023-08-24,1028
2363,矽統,79,71,8,合庫-彰化,2023-08-24,1028
3305,昇貿,8,0,8,合庫-彰化,2023-08-24,1028
5347,世界,9,1,8,合庫-彰化,2023-08-24,1028
2440,太空梭,10,3,7,合庫-彰化,2023-08-24,1028
3078,僑威,14,7,7,合庫-彰化,2023-08-24,1028
3311,閎暉,7,0,7,合庫-彰化,2023-08-24,1028
2317,鴻海,19,13,6,合庫-彰化,2023-08-24,1028
2359,所羅門,10,4,6,合庫-彰化,2023-08-24,1028
3056,富華新,6,0,6,合庫-彰化,2023-08-24,1028
3515,華擎,6,0,6,合庫-彰化,2023-08-24,1028
8097,常珵,220,10,210,合庫-彰化,2023-08-25,1028
3231,緯創,154,28,126,合庫-彰化,2023-08-25,1028
2399,映泰,68,0,68,合庫-彰化,2023-08-25,1028
1513,中興電,61,1,60,合庫-彰化,2023-08-25,1028
00878,國泰永續高股息,78,21,57,合庫-彰化,2023-08-25,1028
1326,台化,52,0,52,合庫-彰化,2023-08-25,1028
2352,佳世達,45,0,45,合庫-彰化,2023-08-25,1028
2618,長榮航,37,6,31,合庫-彰化,2023-08-25,1028
00919,群益台灣精選高息,30,0,30,合庫-彰化,2023-08-25,1028
2382,廣達,54,24,30,合庫-彰化,2023-08-25,1028
6219,富旺,30,1,29,合庫-彰化,2023-08-25,1028
2419,仲琦,33,6,27,合庫-彰化,2023-08-25,1028
00671R,富邦NASDAQ反1,23,0,23,合庫-彰化,2023-08-25,1028
2883,凱基金,25,2,23,合庫-彰化,2023-08-25,1028
3013,晟銘電,27,7,20,合庫-彰化,2023-08-25,1028
2303,聯電,19,0,19,合庫-彰化,2023-08-25,1028
2363,矽統,75,56,19,合庫-彰化,2023-08-25,1028
2630,亞航,19,2,17,合庫-彰化,2023-08-25,1028
00923,群益台ESG低碳50,17,0,17,合庫-彰化,2023-08-25,1028
00893,國泰智能電動車,17,1,16,合庫-彰化,2023-08-25,1028
1471,首利,16,0,16,合庫-彰化,2023-08-25,1028
2891,中信金,16,0,16,合庫-彰化,2023-08-25,1028
2834,臺企銀,17,2,15,合庫-彰化,2023-08-25,1028
2702,華園,13,0,13,合庫-彰化,2023-08-25,1028
2887,台新金,13,0,13,合庫-彰化,2023-08-25,1028
2002,中鋼,20,8,12,合庫-彰化,2023-08-25,1028
2610,華航,28,16,12,合庫-彰化,2023-08-25,1028
3094,聯傑,12,0,12,合庫-彰化,2023-08-25,1028
0056,元大高股息,13,2,11,合庫-彰化,2023-08-25,1028
2369,菱生,28,17,11,合庫-彰化,2023-08-25,1028
2498,宏達電,13,2,11,合庫-彰化,2023-08-25,1028
3217,優群,11,0,11,合庫-彰化,2023-08-25,1028
3706,神達,17,6,11,合庫-彰化,2023-08-25,1028
3037,欣興,13,2,11,合庫-彰化,2023-08-25,1028
2330,台積電,11,0,11,合庫-彰化,2023-08-25,1028
00895,富邦未來車,10,0,10,合庫-彰化,2023-08-25,1028
00753L,中信中國50正2,10,0,10,合庫-彰化,2023-08-25,1028
00706L,期元大S＆P日圓正2,10,0,10,合庫-彰化,2023-08-25,1028
00650L,復華香港正2,10,0,10,合庫-彰化,2023-08-25,1028
5340,建榮,20,10,10,合庫-彰化,2023-08-25,1028
8093,保銳,10,0,10,合庫-彰化,2023-08-25,1028
6203,海韻電,10,1,9,合庫-彰化,2023-08-25,1028
2356,英業達,24,16,8,合庫-彰化,2023-08-25,1028
4979,華星光,18,11,7,合庫-彰化,2023-08-25,1028
4938,和碩,11,4,7,合庫-彰化,2023-08-25,1028
0050,元大台灣50,7,0,7,合庫-彰化,2023-08-25,1028
00720B,元大投資級公司債,6,0,6,合庫-彰化,2023-08-25,1028
00900,富邦特選高股息30,8,2,6,合庫-彰化,2023-08-25,1028
00687B,國泰20年美債,6,0,6,合庫-彰化,2023-08-25,1028
1216,統一,6,0,6,合庫-彰化,2023-08-25,1028
6235,華孚,216,26,190,合庫-彰化,2023-08-28,1028
00673R,期元大S＆P原油反1,100,10,90,合庫-彰化,2023-08-28,1028
00929,復華台灣科技優息,88,6,82,合庫-彰化,2023-08-28,1028
9921,巨大,70,0,70,合庫-彰化,2023-08-28,1028
00882,中信中國高股息,52,1,51,合庫-彰化,2023-08-28,1028
2888,新光金,53,11,42,合庫-彰化,2023-08-28,1028
2374,佳能,35,0,35,合庫-彰化,2023-08-28,1028
00878,國泰永續高股息,36,5,31,合庫-彰化,2023-08-28,1028
2618,長榮航,51,20,31,合庫-彰化,2023-08-28,1028
2363,矽統,52,26,26,合庫-彰化,2023-08-28,1028
2419,仲琦,26,1,25,合庫-彰化,2023-08-28,1028
5880,合庫金,24,0,24,合庫-彰化,2023-08-28,1028
8033,雷虎,23,0,23,合庫-彰化,2023-08-28,1028
2887,台新金,22,0,22,合庫-彰化,2023-08-28,1028
00900,富邦特選高股息30,24,2,22,合庫-彰化,2023-08-28,1028
8028,昇陽半導體,20,0,20,合庫-彰化,2023-08-28,1028
8390,金益鼎,20,0,20,合庫-彰化,2023-08-28,1028
1737,臺鹽,22,3,19,合庫-彰化,2023-08-28,1028
3540,曜越,19,1,18,合庫-彰化,2023-08-28,1028
2610,華航,17,0,17,合庫-彰化,2023-08-28,1028
2388,威盛,27,11,16,合庫-彰化,2023-08-28,1028
1101,台泥,15,0,15,合庫-彰化,2023-08-28,1028
6194,育富,15,0,15,合庫-彰化,2023-08-28,1028
2801,彰銀,14,0,14,合庫-彰化,2023-08-28,1028
6143,振曜,14,0,14,合庫-彰化,2023-08-28,1028
6168,宏齊,53,39,14,合庫-彰化,2023-08-28,1028
2324,仁寶,32,21,11,合庫-彰化,2023-08-28,1028
1313,聯成,11,0,11,合庫-彰化,2023-08-28,1028
2645,長榮航太,12,1,11,合庫-彰化,2023-08-28,1028
6188,廣明,12,1,11,合庫-彰化,2023-08-28,1028
2312,金寶,10,0,10,合庫-彰化,2023-08-28,1028
2353,宏��,10,0,10,合庫-彰化,2023-08-28,1028
2485,兆赫,13,3,10,合庫-彰化,2023-08-28,1028
8021,尖點,10,0,10,合庫-彰化,2023-08-28,1028
8097,常珵,10,0,10,合庫-彰化,2023-08-28,1028
9110,越南控-DR,10,0,10,合庫-彰化,2023-08-28,1028
2344,華邦電,9,0,9,合庫-彰化,2023-08-28,1028
3715,定穎投控,18,9,9,合庫-彰化,2023-08-28,1028
4906,正文,79,71,8,合庫-彰化,2023-08-28,1028
5469,瀚宇博,8,0,8,合庫-彰化,2023-08-28,1028
6139,亞翔,10,2,8,合庫-彰化,2023-08-28,1028
2880,華南金,7,0,7,合庫-彰化,2023-08-28,1028
2317,鴻海,9,2,7,合庫-彰化,2023-08-28,1028
3037,欣興,9,2,7,合庫-彰化,2023-08-28,1028
3419,譁裕,7,0,7,合庫-彰化,2023-08-28,1028
4532,瑞智,7,0,7,合庫-彰化,2023-08-28,1028
6160,欣技,7,0,7,合庫-彰化,2023-08-28,1028
2331,精英,9,3,6,合庫-彰化,2023-08-28,1028
2457,飛宏,6,0,6,合庫-彰化,2023-08-28,1028
2329,華泰,7,2,5,合庫-彰化,2023-08-28,1028
00680L,元大美債20正2,324,0,324,合庫-彰化,2023-08-29,1028
3051,力特,170,3,167,合庫-彰化,2023-08-29,1028
1471,首利,49,5,44,合庫-彰化,2023-08-29,1028
5392,能率,44,0,44,合庫-彰化,2023-08-29,1028
00724B,群益投資級金融債,35,0,35,合庫-彰化,2023-08-29,1028
4543,萬在,33,0,33,合庫-彰化,2023-08-29,1028
3013,晟銘電,25,0,25,合庫-彰化,2023-08-29,1028
3043,科風,25,0,25,合庫-彰化,2023-08-29,1028
00919,群益台灣精選高息,24,0,24,合庫-彰化,2023-08-29,1028
2425,承啟,21,0,21,合庫-彰化,2023-08-29,1028
2419,仲琦,30,10,20,合庫-彰化,2023-08-29,1028
2485,兆赫,21,1,20,合庫-彰化,2023-08-29,1028
5009,榮剛,65,46,19,合庫-彰化,2023-08-29,1028
6443,元晶,43,24,19,合庫-彰化,2023-08-29,1028
2363,矽統,90,73,17,合庫-彰化,2023-08-29,1028
9904,寶成,15,0,15,合庫-彰化,2023-08-29,1028
2356,英業達,26,14,12,合庫-彰化,2023-08-29,1028
2352,佳世達,11,0,11,合庫-彰化,2023-08-29,1028
3231,緯創,30,19,11,合庫-彰化,2023-08-29,1028
2816,旺旺保,11,0,11,合庫-彰化,2023-08-29,1028
00673R,期元大S＆P原油反1,10,0,10,合庫-彰化,2023-08-29,1028
00706L,期元大S＆P日圓正2,10,0,10,合庫-彰化,2023-08-29,1028
1718,中纖,10,0,10,合庫-彰化,2023-08-29,1028
5521,工信,10,0,10,合庫-彰化,2023-08-29,1028
1802,台玻,10,1,9,合庫-彰化,2023-08-29,1028
3481,群創,10,2,8,合庫-彰化,2023-08-29,1028
2303,聯電,12,4,8,合庫-彰化,2023-08-29,1028
1598,岱宇,7,0,7,合庫-彰化,2023-08-29,1028
2014,中鴻,7,0,7,合庫-彰化,2023-08-29,1028
00878,國泰永續高股息,13,7,6,合庫-彰化,2023-08-29,1028
2211,長榮鋼,6,0,6,合庫-彰化,2023-08-29,1028
3022,威強電,6,0,6,合庫-彰化,2023-08-29,1028
4541,晟田,6,0,6,合庫-彰化,2023-08-29,1028
4906,正文,96,90,6,合庫-彰化,2023-08-29,1028
2317,鴻海,8,2,6,合庫-彰化,2023-08-29,1028
2883,凱基金,6,0,6,合庫-彰化,2023-08-29,1028
5880,合庫金,5,0,5,合庫-彰化,2023-08-29,1028
2059,川湖,5,0,5,合庫-彰化,2023-08-29,1028
1316,上曜,5,0,5,合庫-彰化,2023-08-29,1028
1514,亞力,5,0,5,合庫-彰化,2023-08-29,1028
2331,精英,14,9,5,合庫-彰化,2023-08-29,1028
2402,毅嘉,6,1,5,合庫-彰化,2023-08-29,1028
2415,錩新,5,0,5,合庫-彰化,2023-08-29,1028
2421,建準,8,3,5,合庫-彰化,2023-08-29,1028
3071,協禧,5,0,5,合庫-彰化,2023-08-29,1028
3419,譁裕,5,0,5,合庫-彰化,2023-08-29,1028
6829,千附精密,6,1,5,合庫-彰化,2023-08-29,1028
9958,世紀鋼,7,2,5,合庫-彰化,2023-08-29,1028
1301,台塑,4,0,4,合庫-彰化,2023-08-29,1028
3617,碩天,4,0,4,合庫-彰化,2023-08-29,1028
2888,新光金,200,6,194,合庫-彰化,2023-08-30,1028
2634,漢翔,126,9,117,合庫-彰化,2023-08-30,1028
00929,復華台灣科技優息,123,26,97,合庫-彰化,2023-08-30,1028
00673R,期元大S＆P原油反1,100,10,90,合庫-彰化,2023-08-30,1028
4414,如興,55,5,50,合庫-彰化,2023-08-30,1028
4128,中天,40,0,40,合庫-彰化,2023-08-30,1028
2618,長榮航,49,10,39,合庫-彰化,2023-08-30,1028
5371,中光電,42,4,38,合庫-彰化,2023-08-30,1028
3078,僑威,35,4,31,合庫-彰化,2023-08-30,1028
8097,常珵,30,0,30,合庫-彰化,2023-08-30,1028
00893,國泰智能電動車,30,2,28,合庫-彰化,2023-08-30,1028
2610,華航,26,5,21,合庫-彰化,2023-08-30,1028
3533,嘉澤,20,0,20,合庫-彰化,2023-08-30,1028
00633L,富邦上証正2,20,0,20,合庫-彰化,2023-08-30,1028
1471,首利,20,3,17,合庫-彰化,2023-08-30,1028
2301,光寶科,39,23,16,合庫-彰化,2023-08-30,1028
2344,華邦電,20,5,15,合庫-彰化,2023-08-30,1028
1101,台泥,13,0,13,合庫-彰化,2023-08-30,1028
5009,榮剛,65,53,12,合庫-彰化,2023-08-30,1028
2388,威盛,21,9,12,合庫-彰化,2023-08-30,1028
2515,中工,12,0,12,合庫-彰化,2023-08-30,1028
9110,越南控-DR,12,0,12,合庫-彰化,2023-08-30,1028
3481,群創,13,1,12,合庫-彰化,2023-08-30,1028
00885,富邦越南,11,0,11,合庫-彰化,2023-08-30,1028
1605,華新,13,2,11,合庫-彰化,2023-08-30,1028
1215,卜蜂,10,0,10,合庫-彰化,2023-08-30,1028
2399,映泰,10,0,10,合庫-彰化,2023-08-30,1028
2409,友達,15,5,10,合庫-彰化,2023-08-30,1028
6288,聯嘉,10,0,10,合庫-彰化,2023-08-30,1028
2002,中鋼,13,3,10,合庫-彰化,2023-08-30,1028
1815,富喬,10,1,9,合庫-彰化,2023-08-30,1028
2538,基泰,8,0,8,合庫-彰化,2023-08-30,1028
3483,力致,8,0,8,合庫-彰化,2023-08-30,1028
6443,元晶,15,8,7,合庫-彰化,2023-08-30,1028
00919,群益台灣精選高息,7,1,6,合庫-彰化,2023-08-30,1028
2329,華泰,39,33,6,合庫-彰化,2023-08-30,1028
2355,敬鵬,11,5,6,合庫-彰化,2023-08-30,1028
3044,健鼎,8,2,6,合庫-彰化,2023-08-30,1028
5347,世界,5,0,5,合庫-彰化,2023-08-30,1028
2421,建準,7,2,5,合庫-彰化,2023-08-30,1028
2449,京元電子,19,14,5,合庫-彰化,2023-08-30,1028
2886,兆豐金,5,0,5,合庫-彰化,2023-08-30,1028
3607,谷崧,5,0,5,合庫-彰化,2023-08-30,1028
4934,太極,5,0,5,合庫-彰化,2023-08-30,1028
9958,世紀鋼,9,4,5,合庫-彰化,2023-08-30,1028
2331,精英,8,4,4,合庫-彰化,2023-08-30,1028
2415,錩新,9,5,4,合庫-彰化,2023-08-30,1028
3011,今皓,8,4,4,合庫-彰化,2023-08-30,1028
3062,建漢,4,0,4,合庫-彰化,2023-08-30,1028
6438,迅得,4,0,4,合庫-彰化,2023-08-30,1028
00929,復華台灣科技優息,113,16,97,合庫-彰化,2023-08-31,1028
2417,圓剛,78,0,78,合庫-彰化,2023-08-31,1028
00671R,富邦NASDAQ反1,60,0,60,合庫-彰化,2023-08-31,1028
6188,廣明,48,6,42,合庫-彰化,2023-08-31,1028
2324,仁寶,40,9,31,合庫-彰化,2023-08-31,1028
4128,中天,32,1,31,合庫-彰化,2023-08-31,1028
5009,榮剛,38,8,30,合庫-彰化,2023-08-31,1028
00676R,富邦臺灣加權反1,30,0,30,合庫-彰化,2023-08-31,1028
2485,兆赫,39,12,27,合庫-彰化,2023-08-31,1028
2303,聯電,23,2,21,合庫-彰化,2023-08-31,1028
2618,長榮航,28,7,21,合庫-彰化,2023-08-31,1028
2867,三商壽,21,0,21,合庫-彰化,2023-08-31,1028
2880,華南金,30,10,20,合庫-彰化,2023-08-31,1028
2834,臺企銀,19,0,19,合庫-彰化,2023-08-31,1028
3213,茂訊,24,5,19,合庫-彰化,2023-08-31,1028
3380,明泰,18,0,18,合庫-彰化,2023-08-31,1028
1805,寶徠,16,0,16,合庫-彰化,2023-08-31,1028
2634,漢翔,27,11,16,合庫-彰化,2023-08-31,1028
3682,亞太電,16,0,16,合庫-彰化,2023-08-31,1028
1101,台泥,16,0,16,合庫-彰化,2023-08-31,1028
3046,建��,18,3,15,合庫-彰化,2023-08-31,1028
3481,群創,14,0,14,合庫-彰化,2023-08-31,1028
00882,中信中國高股息,14,0,14,合庫-彰化,2023-08-31,1028
2002,中鋼,14,1,13,合庫-彰化,2023-08-31,1028
3045,台灣大,13,0,13,合庫-彰化,2023-08-31,1028
2610,華航,20,7,13,合庫-彰化,2023-08-31,1028
8088,品安,14,1,13,合庫-彰化,2023-08-31,1028
2332,友訊,22,10,12,合庫-彰化,2023-08-31,1028
00713,元大台灣高息低波,11,0,11,合庫-彰化,2023-08-31,1028
00923,群益台ESG低碳50,11,0,11,合庫-彰化,2023-08-31,1028
00772B,中信高評級公司債,17,6,11,合庫-彰化,2023-08-31,1028
2344,華邦電,12,1,11,合庫-彰化,2023-08-31,1028
2436,偉詮電,16,5,11,合庫-彰化,2023-08-31,1028
8105,凌巨,11,0,11,合庫-彰化,2023-08-31,1028
00891,中信關鍵半導體,10,0,10,合庫-彰化,2023-08-31,1028
00673R,期元大S＆P原油反1,10,0,10,合庫-彰化,2023-08-31,1028
2464,盟立,10,0,10,合庫-彰化,2023-08-31,1028
2883,凱基金,12,2,10,合庫-彰化,2023-08-31,1028
3060,銘異,10,0,10,合庫-彰化,2023-08-31,1028
3706,神達,12,2,10,合庫-彰化,2023-08-31,1028
5880,合庫金,9,0,9,合庫-彰化,2023-08-31,1028
1471,首利,22,13,9,合庫-彰化,2023-08-31,1028
2059,川湖,8,0,8,合庫-彰化,2023-08-31,1028
3325,旭品,10,2,8,合庫-彰化,2023-08-31,1028
2615,萬海,7,0,7,合庫-彰化,2023-08-31,1028
2890,永豐金,7,0,7,合庫-彰化,2023-08-31,1028
3294,英濟,7,0,7,合庫-彰化,2023-08-31,1028
2317,鴻海,8,1,7,合庫-彰化,2023-08-31,1028
2892,第一金,7,0,7,合庫-彰化,2023-08-31,1028
4933,友輝,6,0,6,合庫-彰化,2023-08-31,1028
2610,華航,212,40,172,合庫-彰化,2023-09-01,1028
00673R,期元大S＆P原油反1,161,10,151,合庫-彰化,2023-09-01,1028
00919,群益台灣精選高息,116,4,112,合庫-彰化,2023-09-01,1028
00637L,元大滬深300正2,105,2,103,合庫-彰化,2023-09-01,1028
3060,銘異,81,0,81,合庫-彰化,2023-09-01,1028
1815,富喬,79,4,75,合庫-彰化,2023-09-01,1028
3231,緯創,63,14,49,合庫-彰化,2023-09-01,1028
8996,高力,45,1,44,合庫-彰化,2023-09-01,1028
00932,兆豐永續高息等權,64,26,38,合庫-彰化,2023-09-01,1028
2457,飛宏,73,38,35,合庫-彰化,2023-09-01,1028
6282,康舒,31,0,31,合庫-彰化,2023-09-01,1028
4128,中天,30,7,23,合庫-彰化,2023-09-01,1028
00900,富邦特選高股息30,22,0,22,合庫-彰化,2023-09-01,1028
2388,威盛,23,1,22,合庫-彰化,2023-09-01,1028
5392,能率,21,0,21,合庫-彰化,2023-09-01,1028
2367,燿華,21,1,20,合庫-彰化,2023-09-01,1028
9938,百和,20,1,19,合庫-彰化,2023-09-01,1028
1605,華新,31,16,15,合庫-彰化,2023-09-01,1028
2516,新建,15,0,15,合庫-彰化,2023-09-01,1028
2637,慧洋-KY,15,0,15,合庫-彰化,2023-09-01,1028
2485,兆赫,18,4,14,合庫-彰化,2023-09-01,1028
2382,廣達,34,20,14,合庫-彰化,2023-09-01,1028
2301,光寶科,22,10,12,合庫-彰化,2023-09-01,1028
1101,台泥,12,0,12,合庫-彰化,2023-09-01,1028
2204,中華,19,7,12,合庫-彰化,2023-09-01,1028
00878,國泰永續高股息,22,10,12,合庫-彰化,2023-09-01,1028
00687B,國泰20年美債,11,0,11,合庫-彰化,2023-09-01,1028
2419,仲琦,10,0,10,合庫-彰化,2023-09-01,1028
3622,洋華,10,0,10,合庫-彰化,2023-09-01,1028
9950,萬國通,10,0,10,合庫-彰化,2023-09-01,1028
6547,高端疫苗,29,20,9,合庫-彰化,2023-09-01,1028
00676R,富邦臺灣加權反1,9,0,9,合庫-彰化,2023-09-01,1028
3702,大聯大,9,0,9,合庫-彰化,2023-09-01,1028
1504,東元,9,1,8,合庫-彰化,2023-09-01,1028
3045,台灣大,10,2,8,合庫-彰化,2023-09-01,1028
3715,定穎投控,20,12,8,合庫-彰化,2023-09-01,1028
2356,英業達,12,5,7,合庫-彰化,2023-09-01,1028
00720B,元大投資級公司債,7,0,7,合庫-彰化,2023-09-01,1028
2206,三陽工業,13,6,7,合庫-彰化,2023-09-01,1028
2402,毅嘉,42,35,7,合庫-彰化,2023-09-01,1028
3380,明泰,7,0,7,合庫-彰化,2023-09-01,1028
3416,融程電,7,0,7,合庫-彰化,2023-09-01,1028
5907,大洋-KY,7,0,7,合庫-彰化,2023-09-01,1028
00929,復華台灣科技優息,27,20,7,合庫-彰化,2023-09-01,1028
2609,陽明,9,2,7,合庫-彰化,2023-09-01,1028
2352,佳世達,7,1,6,合庫-彰化,2023-09-01,1028
1216,統一,6,0,6,合庫-彰化,2023-09-01,1028
2324,仁寶,11,5,6,合庫-彰化,2023-09-01,1028
2353,宏��,8,2,6,合庫-彰化,2023-09-01,1028
2615,萬海,6,0,6,合庫-彰化,2023-09-01,1028
00680L,元大美債20正2,311,0,311,合庫-彰化,2023-09-04,1028
8358,金居,69,8,61,合庫-彰化,2023-09-04,1028
2610,華航,69,9,60,合庫-彰化,2023-09-04,1028
2369,菱生,58,0,58,合庫-彰化,2023-09-04,1028
00929,復華台灣科技優息,98,51,47,合庫-彰化,2023-09-04,1028
5880,合庫金,42,0,42,合庫-彰化,2023-09-04,1028
6122,擎邦,48,7,41,合庫-彰化,2023-09-04,1028
2409,友達,24,0,24,合庫-彰化,2023-09-04,1028
00919,群益台灣精選高息,25,4,21,合庫-彰化,2023-09-04,1028
1582,信錦,21,0,21,合庫-彰化,2023-09-04,1028
3484,崧騰,21,0,21,合庫-彰化,2023-09-04,1028
2363,矽統,39,18,21,合庫-彰化,2023-09-04,1028
2371,大同,47,27,20,合庫-彰化,2023-09-04,1028
3481,群創,19,0,19,合庫-彰化,2023-09-04,1028
00907,永豐優息存股,28,10,18,合庫-彰化,2023-09-04,1028
00772B,中信高評級公司債,24,7,17,合庫-彰化,2023-09-04,1028
6173,信昌電,19,2,17,合庫-彰化,2023-09-04,1028
00795B,中信美國公債20年,15,0,15,合庫-彰化,2023-09-04,1028
2634,漢翔,15,0,15,合庫-彰化,2023-09-04,1028
1802,台玻,16,2,14,合庫-彰化,2023-09-04,1028
00892,富邦台灣半導體,12,0,12,合庫-彰化,2023-09-04,1028
00712,復華富時不動產,13,1,12,合庫-彰化,2023-09-04,1028
2332,友訊,12,0,12,合庫-彰化,2023-09-04,1028
4128,中天,12,0,12,合庫-彰化,2023-09-04,1028
2376,技嘉,15,4,11,合庫-彰化,2023-09-04,1028
2504,國產,10,0,10,合庫-彰化,2023-09-04,1028
00673R,期元大S＆P原油反1,10,0,10,合庫-彰化,2023-09-04,1028
00706L,期元大S＆P日圓正2,10,0,10,合庫-彰化,2023-09-04,1028
00688L,國泰20年美債正2,10,0,10,合庫-彰化,2023-09-04,1028
00753L,中信中國50正2,10,0,10,合庫-彰化,2023-09-04,1028
2349,錸德,10,0,10,合庫-彰化,2023-09-04,1028
2374,佳能,30,20,10,合庫-彰化,2023-09-04,1028
2417,圓剛,10,0,10,合庫-彰化,2023-09-04,1028
2441,超豐,10,0,10,合庫-彰化,2023-09-04,1028
3045,台灣大,10,0,10,合庫-彰化,2023-09-04,1028
5225,東科-KY,10,0,10,合庫-彰化,2023-09-04,1028
8027,鈦昇,12,2,10,合庫-彰化,2023-09-04,1028
2002,中鋼,10,1,9,合庫-彰化,2023-09-04,1028
2401,凌陽,9,0,9,合庫-彰化,2023-09-04,1028
6282,康舒,12,3,9,合庫-彰化,2023-09-04,1028
6449,鈺邦,9,0,9,合庫-彰化,2023-09-04,1028
2331,精英,10,1,9,合庫-彰化,2023-09-04,1028
00915,凱基優選高股息30,8,0,8,合庫-彰化,2023-09-04,1028
1618,合機,8,0,8,合庫-彰化,2023-09-04,1028
5475,德宏,8,0,8,合庫-彰化,2023-09-04,1028
2323,中環,7,0,7,合庫-彰化,2023-09-04,1028
2402,毅嘉,28,21,7,合庫-彰化,2023-09-04,1028
3715,定穎投控,15,8,7,合庫-彰化,2023-09-04,1028
4563,百德,7,0,7,合庫-彰化,2023-09-04,1028
5347,世界,13,6,7,合庫-彰化,2023-09-04,1028
00680L,元大美債20正2,428,0,428,合庫-彰化,2023-09-05,1028
00929,復華台灣科技優息,270,49,221,合庫-彰化,2023-09-05,1028
2353,宏��,100,2,98,合庫-彰化,2023-09-05,1028
1584,精剛,50,0,50,合庫-彰化,2023-09-05,1028
2330,台積電,43,1,42,合庫-彰化,2023-09-05,1028
3051,力特,71,36,35,合庫-彰化,2023-09-05,1028
5381,合正,33,2,31,合庫-彰化,2023-09-05,1028
2436,偉詮電,76,46,30,合庫-彰化,2023-09-05,1028
00919,群益台灣精選高息,30,1,29,合庫-彰化,2023-09-05,1028
2029,盛餘,29,0,29,合庫-彰化,2023-09-05,1028
2884,玉山金,26,0,26,合庫-彰化,2023-09-05,1028
00712,復華富時不動產,30,5,25,合庫-彰化,2023-09-05,1028
2374,佳能,20,0,20,合庫-彰化,2023-09-05,1028
2610,華航,26,6,20,合庫-彰化,2023-09-05,1028
6282,康舒,26,6,20,合庫-彰化,2023-09-05,1028
2634,漢翔,23,4,19,合庫-彰化,2023-09-05,1028
00918,大華優利高填息30,18,0,18,合庫-彰化,2023-09-05,1028
5488,松普,20,2,18,合庫-彰化,2023-09-05,1028
2204,中華,16,0,16,合庫-彰化,2023-09-05,1028
2312,金寶,16,1,15,合庫-彰化,2023-09-05,1028
2618,長榮航,27,12,15,合庫-彰化,2023-09-05,1028
2409,友達,14,0,14,合庫-彰化,2023-09-05,1028
2362,藍天,13,0,13,合庫-彰化,2023-09-05,1028
5880,合庫金,13,0,13,合庫-彰化,2023-09-05,1028
3481,群創,14,2,12,合庫-彰化,2023-09-05,1028
4743,合一,28,16,12,合庫-彰化,2023-09-05,1028
2009,第一銅,10,0,10,合庫-彰化,2023-09-05,1028
2489,瑞軒,10,0,10,合庫-彰化,2023-09-05,1028
2617,台航,10,0,10,合庫-彰化,2023-09-05,1028
3045,台灣大,10,0,10,合庫-彰化,2023-09-05,1028
5871,中租-KY,10,0,10,合庫-彰化,2023-09-05,1028
00881,國泰台灣5G+,10,1,9,合庫-彰化,2023-09-05,1028
00891,中信關鍵半導體,20,11,9,合庫-彰化,2023-09-05,1028
2421,建準,9,0,9,合庫-彰化,2023-09-05,1028
3027,盛達,9,0,9,合庫-彰化,2023-09-05,1028
2363,矽統,36,28,8,合庫-彰化,2023-09-05,1028
3483,力致,10,2,8,合庫-彰化,2023-09-05,1028
6207,雷科,8,0,8,合庫-彰化,2023-09-05,1028
2476,鉅祥,7,0,7,合庫-彰化,2023-09-05,1028
2486,一詮,8,1,7,合庫-彰化,2023-09-05,1028
2881,富邦金,7,0,7,合庫-彰化,2023-09-05,1028
2886,兆豐金,7,0,7,合庫-彰化,2023-09-05,1028
5425,台半,10,3,7,合庫-彰化,2023-09-05,1028
6167,久正,8,1,7,合庫-彰化,2023-09-05,1028
6217,中探針,7,0,7,合庫-彰化,2023-09-05,1028
6547,高端疫苗,13,6,7,合庫-彰化,2023-09-05,1028
8097,常珵,7,0,7,合庫-彰化,2023-09-05,1028
00687B,國泰20年美債,7,1,6,合庫-彰化,2023-09-05,1028
1802,台玻,8,2,6,合庫-彰化,2023-09-05,1028
00900,富邦特選高股息30,6,0,6,合庫-彰化,2023-09-05,1028
2409,友達,215,10,205,合庫-彰化,2023-09-06,1028
00673R,期元大S＆P原油反1,150,10,140,合庫-彰化,2023-09-06,1028
8358,金居,120,10,110,合庫-彰化,2023-09-06,1028
2605,新興,145,42,103,合庫-彰化,2023-09-06,1028
3481,群創,111,10,101,合庫-彰化,2023-09-06,1028
00929,復華台灣科技優息,123,33,90,合庫-彰化,2023-09-06,1028
00919,群益台灣精選高息,75,4,71,合庫-彰化,2023-09-06,1028
2330,台積電,44,0,44,合庫-彰化,2023-09-06,1028
2363,矽統,67,27,40,合庫-彰化,2023-09-06,1028
2891,中信金,41,2,39,合庫-彰化,2023-09-06,1028
1101,台泥,38,2,36,合庫-彰化,2023-09-06,1028
3013,晟銘電,37,1,36,合庫-彰化,2023-09-06,1028
5880,合庫金,36,3,33,合庫-彰化,2023-09-06,1028
00915,凱基優選高股息30,32,0,32,合庫-彰化,2023-09-06,1028
6120,達運,28,0,28,合庫-彰化,2023-09-06,1028
3051,力特,41,15,26,合庫-彰化,2023-09-06,1028
00930,永豐ESG低碳高息,25,0,25,合庫-彰化,2023-09-06,1028
6167,久正,26,5,21,合庫-彰化,2023-09-06,1028
9921,巨大,20,0,20,合庫-彰化,2023-09-06,1028
3356,奇偶,20,0,20,合庫-彰化,2023-09-06,1028
2002,中鋼,19,1,18,合庫-彰化,2023-09-06,1028
00772B,中信高評級公司債,18,0,18,合庫-彰化,2023-09-06,1028
4107,邦特,18,0,18,合庫-彰化,2023-09-06,1028
5469,瀚宇博,25,7,18,合庫-彰化,2023-09-06,1028
00751B,元大AAA至A公司債,17,0,17,合庫-彰化,2023-09-06,1028
00720B,元大投資級公司債,16,0,16,合庫-彰化,2023-09-06,1028
00712,復華富時不動產,19,3,16,合庫-彰化,2023-09-06,1028
2376,技嘉,16,1,15,合庫-彰化,2023-09-06,1028
2637,慧洋-KY,15,0,15,合庫-彰化,2023-09-06,1028
2834,臺企銀,14,0,14,合庫-彰化,2023-09-06,1028
00923,群益台ESG低碳50,14,1,13,合庫-彰化,2023-09-06,1028
6191,精成科,14,1,13,合庫-彰化,2023-09-06,1028
5381,合正,20,7,13,合庫-彰化,2023-09-06,1028
2105,正新,12,0,12,合庫-彰化,2023-09-06,1028
3441,聯一光,12,0,12,合庫-彰化,2023-09-06,1028
5347,世界,12,0,12,合庫-彰化,2023-09-06,1028
3078,僑威,15,4,11,合庫-彰化,2023-09-06,1028
8028,昇陽半導體,11,0,11,合庫-彰化,2023-09-06,1028
4743,合一,10,0,10,合庫-彰化,2023-09-06,1028
3047,訊舟,10,0,10,合庫-彰化,2023-09-06,1028
00671R,富邦NASDAQ反1,10,0,10,合庫-彰化,2023-09-06,1028
00753L,中信中國50正2,10,0,10,合庫-彰化,2023-09-06,1028
1215,卜蜂,10,0,10,合庫-彰化,2023-09-06,1028
1102,亞泥,10,0,10,合庫-彰化,2023-09-06,1028
2388,威盛,15,5,10,合庫-彰化,2023-09-06,1028
5426,振發,10,0,10,合庫-彰化,2023-09-06,1028
2317,鴻海,10,0,10,合庫-彰化,2023-09-06,1028
00931B,統一美債20年,9,0,9,合庫-彰化,2023-09-06,1028
00882,中信中國高股息,9,0,9,合庫-彰化,2023-09-06,1028
2337,旺宏,10,1,9,合庫-彰化,2023-09-06,1028
00919,群益台灣精選高息,157,4,153,合庫-彰化,2023-09-07,1028
2610,華航,144,0,144,合庫-彰化,2023-09-07,1028
2605,新興,129,3,126,合庫-彰化,2023-09-07,1028
2618,長榮航,120,0,120,合庫-彰化,2023-09-07,1028
2337,旺宏,110,15,95,合庫-彰化,2023-09-07,1028
00673R,期元大S＆P原油反1,60,0,60,合庫-彰化,2023-09-07,1028
00795B,中信美國公債20年,59,0,59,合庫-彰化,2023-09-07,1028
2485,兆赫,52,8,44,合庫-彰化,2023-09-07,1028
8085,福華,41,0,41,合庫-彰化,2023-09-07,1028
2303,聯電,41,5,36,合庫-彰化,2023-09-07,1028
6120,達運,33,0,33,合庫-彰化,2023-09-07,1028
00891,中信關鍵半導體,30,0,30,合庫-彰化,2023-09-07,1028
2409,友達,35,9,26,合庫-彰化,2023-09-07,1028
4147,中裕,26,1,25,合庫-彰化,2023-09-07,1028
00927,群益半導體收益,20,0,20,合庫-彰化,2023-09-07,1028
1434,福懋,20,0,20,合庫-彰化,2023-09-07,1028
1718,中纖,20,0,20,合庫-彰化,2023-09-07,1028
2312,金寶,20,0,20,合庫-彰化,2023-09-07,1028
2489,瑞軒,20,0,20,合庫-彰化,2023-09-07,1028
5488,松普,20,0,20,合庫-彰化,2023-09-07,1028
8112,至上,39,20,19,合庫-彰化,2023-09-07,1028
3231,緯創,21,5,16,合庫-彰化,2023-09-07,1028
2887,台新金,16,0,16,合庫-彰化,2023-09-07,1028
4743,合一,15,0,15,合庫-彰化,2023-09-07,1028
00929,復華台灣科技優息,222,208,14,合庫-彰化,2023-09-07,1028
6114,久威,14,0,14,合庫-彰化,2023-09-07,1028
9110,越南控-DR,14,0,14,合庫-彰化,2023-09-07,1028
00902,中信電池及儲能,12,0,12,合庫-彰化,2023-09-07,1028
3481,群創,13,2,11,合庫-彰化,2023-09-07,1028
2356,英業達,10,0,10,合庫-彰化,2023-09-07,1028
1217,愛之味,10,0,10,合庫-彰化,2023-09-07,1028
00753L,中信中國50正2,10,0,10,合庫-彰化,2023-09-07,1028
00712,復華富時不動產,11,1,10,合庫-彰化,2023-09-07,1028
00773B,中信優先金融債,10,0,10,合庫-彰化,2023-09-07,1028
00637L,元大滬深300正2,10,0,10,合庫-彰化,2023-09-07,1028
1802,台玻,10,0,10,合庫-彰化,2023-09-07,1028
2637,慧洋-KY,10,0,10,合庫-彰化,2023-09-07,1028
3088,艾訊,10,0,10,合庫-彰化,2023-09-07,1028
6491,晶碩,10,0,10,合庫-彰化,2023-09-07,1028
8215,明基材,10,0,10,合庫-彰化,2023-09-07,1028
9945,潤泰新,10,0,10,合庫-彰化,2023-09-07,1028
00679B,元大美債20年,9,0,9,合庫-彰化,2023-09-07,1028
3078,僑威,14,5,9,合庫-彰化,2023-09-07,1028
5009,榮剛,8,0,8,合庫-彰化,2023-09-07,1028
2332,友訊,9,1,8,合庫-彰化,2023-09-07,1028
2614,東森,10,2,8,合庫-彰化,2023-09-07,1028
3045,台灣大,8,0,8,合庫-彰化,2023-09-07,1028
6442,光聖,11,3,8,合庫-彰化,2023-09-07,1028
2727,王品,7,0,7,合庫-彰化,2023-09-07,1028
00882,中信中國高股息,7,0,7,合庫-彰化,2023-09-07,1028
00706L,期元大S＆P日圓正2,100,0,100,合庫-彰化,2023-09-08,1028
6120,達運,100,1,99,合庫-彰化,2023-09-08,1028
2358,廷鑫,71,2,69,合庫-彰化,2023-09-08,1028
00919,群益台灣精選高息,54,1,53,合庫-彰化,2023-09-08,1028
6274,台燿,55,2,53,合庫-彰化,2023-09-08,1028
1471,首利,51,3,48,合庫-彰化,2023-09-08,1028
00637L,元大滬深300正2,47,0,47,合庫-彰化,2023-09-08,1028
00918,大華優利高填息30,43,0,43,合庫-彰化,2023-09-08,1028
00932,兆豐永續高息等權,31,0,31,合庫-彰化,2023-09-08,1028
5880,合庫金,31,1,30,合庫-彰化,2023-09-08,1028
3481,群創,34,4,30,合庫-彰化,2023-09-08,1028
00931B,統一美債20年,33,8,25,合庫-彰化,2023-09-08,1028
1616,億泰,25,0,25,合庫-彰化,2023-09-08,1028
4743,合一,20,0,20,合庫-彰化,2023-09-08,1028
2460,建通,16,2,14,合庫-彰化,2023-09-08,1028
3363,上詮,31,18,13,合庫-彰化,2023-09-08,1028
3483,力致,30,18,12,合庫-彰化,2023-09-08,1028
6147,頎邦,11,0,11,合庫-彰化,2023-09-08,1028
8028,昇陽半導體,10,0,10,合庫-彰化,2023-09-08,1028
8070,長華*,10,0,10,合庫-彰化,2023-09-08,1028
1618,合機,10,1,9,合庫-彰化,2023-09-08,1028
2329,華泰,9,0,9,合庫-彰化,2023-09-08,1028
9105,泰金寶-DR,10,1,9,合庫-彰化,2023-09-08,1028
00878,國泰永續高股息,11,3,8,合庫-彰化,2023-09-08,1028
00888,永豐台灣ESG,8,0,8,合庫-彰化,2023-09-08,1028
1539,巨庭,8,0,8,合庫-彰化,2023-09-08,1028
2316,楠梓電,22,14,8,合庫-彰化,2023-09-08,1028
5225,東科-KY,8,0,8,合庫-彰化,2023-09-08,1028
2382,廣達,19,12,7,合庫-彰化,2023-09-08,1028
00915,凱基優選高股息30,7,0,7,合庫-彰化,2023-09-08,1028
2324,仁寶,10,3,7,合庫-彰化,2023-09-08,1028
2457,飛宏,10,3,7,合庫-彰化,2023-09-08,1028
2464,盟立,10,3,7,合庫-彰化,2023-09-08,1028
8088,品安,8,1,7,合庫-彰化,2023-09-08,1028
8112,至上,13,6,7,合庫-彰化,2023-09-08,1028
2330,台積電,7,0,7,合庫-彰化,2023-09-08,1028
3231,緯創,15,8,7,合庫-彰化,2023-09-08,1028
00713,元大台灣高息低波,7,1,6,合庫-彰化,2023-09-08,1028
1603,華電,6,0,6,合庫-彰化,2023-09-08,1028
2332,友訊,6,0,6,合庫-彰化,2023-09-08,1028
2356,英業達,6,0,6,合庫-彰化,2023-09-08,1028
3062,建漢,6,0,6,合庫-彰化,2023-09-08,1028
3622,洋華,6,0,6,合庫-彰化,2023-09-08,1028
6282,康舒,6,0,6,合庫-彰化,2023-09-08,1028
6271,同欣電,6,0,6,合庫-彰化,2023-09-08,1028
2884,玉山金,8,2,6,合庫-彰化,2023-09-08,1028
00900,富邦特選高股息30,5,0,5,合庫-彰化,2023-09-08,1028
00922,國泰台灣領袖50,5,0,5,合庫-彰化,2023-09-08,1028
1905,華紙,5,0,5,合庫-彰化,2023-09-08,1028
2204,中華,5,0,5,合庫-彰化,2023-09-08,1028
00680L,元大美債20正2,202,0,202,合庫-彰化,2023-09-11,1028
00673R,期元大S＆P原油反1,150,0,150,合庫-彰化,2023-09-11,1028
00753L,中信中國50正2,147,0,147,合庫-彰化,2023-09-11,1028
1471,首利,145,23,122,合庫-彰化,2023-09-11,1028
00878,國泰永續高股息,170,50,120,合庫-彰化,2023-09-11,1028
8155,博智,76,0,76,合庫-彰化,2023-09-11,1028
2883,凱基金,72,2,70,合庫-彰化,2023-09-11,1028
00929,復華台灣科技優息,107,39,68,合庫-彰化,2023-09-11,1028
00919,群益台灣精選高息,72,11,61,合庫-彰化,2023-09-11,1028
5381,合正,60,0,60,合庫-彰化,2023-09-11,1028
2020,美亞,57,1,56,合庫-彰化,2023-09-11,1028
0056,元大高股息,54,3,51,合庫-彰化,2023-09-11,1028
6274,台燿,51,1,50,合庫-彰化,2023-09-11,1028
2387,精元,50,4,46,合庫-彰化,2023-09-11,1028
2409,友達,46,5,41,合庫-彰化,2023-09-11,1028
6143,振曜,39,1,38,合庫-彰化,2023-09-11,1028
5284,jpp-KY,37,2,35,合庫-彰化,2023-09-11,1028
2029,盛餘,30,0,30,合庫-彰化,2023-09-11,1028
3033,威健,30,0,30,合庫-彰化,2023-09-11,1028
2880,華南金,28,0,28,合庫-彰化,2023-09-11,1028
1584,精剛,185,157,28,合庫-彰化,2023-09-11,1028
3481,群創,33,5,28,合庫-彰化,2023-09-11,1028
2352,佳世達,27,1,26,合庫-彰化,2023-09-11,1028
2363,矽統,58,33,25,合庫-彰化,2023-09-11,1028
00918,大華優利高填息30,26,0,26,合庫-彰化,2023-09-11,1028
00923,群益台ESG低碳50,24,0,24,合庫-彰化,2023-09-11,1028
2324,仁寶,27,3,24,合庫-彰化,2023-09-11,1028
5880,合庫金,28,4,24,合庫-彰化,2023-09-11,1028
0050,元大台灣50,23,0,23,合庫-彰化,2023-09-11,1028
00931B,統一美債20年,23,0,23,合庫-彰化,2023-09-11,1028
9945,潤泰新,23,0,23,合庫-彰化,2023-09-11,1028
2312,金寶,22,0,22,合庫-彰化,2023-09-11,1028
1313,聯成,20,0,20,合庫-彰化,2023-09-11,1028
2331,精英,20,0,20,合庫-彰化,2023-09-11,1028
3715,定穎投控,40,20,20,合庫-彰化,2023-09-11,1028
4510,高鋒,20,0,20,合庫-彰化,2023-09-11,1028
00900,富邦特選高股息30,19,0,19,合庫-彰化,2023-09-11,1028
4960,誠美材,19,0,19,合庫-彰化,2023-09-11,1028
3231,緯創,44,25,19,合庫-彰化,2023-09-11,1028
2382,廣達,27,10,17,合庫-彰化,2023-09-11,1028
5469,瀚宇博,16,0,16,合庫-彰化,2023-09-11,1028
8085,福華,15,0,15,合庫-彰化,2023-09-11,1028
2376,技嘉,25,10,15,合庫-彰化,2023-09-11,1028
2002,中鋼,14,0,14,合庫-彰化,2023-09-11,1028
00915,凱基優選高股息30,13,0,13,合庫-彰化,2023-09-11,1028
00687B,國泰20年美債,12,0,12,合庫-彰化,2023-09-11,1028
00891,中信關鍵半導體,12,0,12,合庫-彰化,2023-09-11,1028
2630,亞航,44,32,12,合庫-彰化,2023-09-11,1028
00902,中信電池及儲能,11,0,11,合庫-彰化,2023-09-11,1028
2332,友訊,11,0,11,合庫-彰化,2023-09-11,1028
00929,復華台灣科技優息,318,108,210,合庫-彰化,2023-09-12,1028
00673R,期元大S＆P原油反1,152,0,152,合庫-彰化,2023-09-12,1028
1524,耿鼎,78,0,78,合庫-彰化,2023-09-12,1028
6120,達運,77,1,76,合庫-彰化,2023-09-12,1028
6282,康舒,64,5,59,合庫-彰化,2023-09-12,1028
2374,佳能,33,0,33,合庫-彰化,2023-09-12,1028
1582,信錦,29,0,29,合庫-彰化,2023-09-12,1028
2020,美亞,29,0,29,合庫-彰化,2023-09-12,1028
2014,中鴻,24,0,24,合庫-彰化,2023-09-12,1028
2468,華經,23,0,23,合庫-彰化,2023-09-12,1028
1471,首利,23,2,21,合庫-彰化,2023-09-12,1028
2618,長榮航,31,11,20,合庫-彰化,2023-09-12,1028
3078,僑威,23,3,20,合庫-彰化,2023-09-12,1028
1104,環泥,18,0,18,合庫-彰化,2023-09-12,1028
2204,中華,19,2,17,合庫-彰化,2023-09-12,1028
2476,鉅祥,16,0,16,合庫-彰化,2023-09-12,1028
00878,國泰永續高股息,34,20,14,合庫-彰化,2023-09-12,1028
1584,精剛,14,0,14,合庫-彰化,2023-09-12,1028
6111,大宇資,14,2,12,合庫-彰化,2023-09-12,1028
2801,彰銀,13,1,12,合庫-彰化,2023-09-12,1028
2538,基泰,11,0,11,合庫-彰化,2023-09-12,1028
2332,友訊,11,0,11,合庫-彰化,2023-09-12,1028
3088,艾訊,11,0,11,合庫-彰化,2023-09-12,1028
6770,力積電,11,0,11,合庫-彰化,2023-09-12,1028
00919,群益台灣精選高息,10,0,10,合庫-彰化,2023-09-12,1028
00664R,國泰臺灣加權反1,10,0,10,合庫-彰化,2023-09-12,1028
2029,盛餘,10,0,10,合庫-彰化,2023-09-12,1028
2208,台船,10,0,10,合庫-彰化,2023-09-12,1028
3202,樺晟,10,0,10,合庫-彰化,2023-09-12,1028
00751B,元大AAA至A公司債,9,0,9,合庫-彰化,2023-09-12,1028
2498,宏達電,8,0,8,合庫-彰化,2023-09-12,1028
8358,金居,8,0,8,合庫-彰化,2023-09-12,1028
2634,漢翔,10,2,8,合庫-彰化,2023-09-12,1028
2883,凱基金,9,2,7,合庫-彰化,2023-09-12,1028
3481,群創,17,10,7,合庫-彰化,2023-09-12,1028
2884,玉山金,6,0,6,合庫-彰化,2023-09-12,1028
00679B,元大美債20年,6,0,6,合庫-彰化,2023-09-12,1028
00637L,元大滬深300正2,6,0,6,合庫-彰化,2023-09-12,1028
00772B,中信高評級公司債,6,0,6,合庫-彰化,2023-09-12,1028
2352,佳世達,6,0,6,合庫-彰化,2023-09-12,1028
2886,兆豐金,10,4,6,合庫-彰化,2023-09-12,1028
5381,合正,6,0,6,合庫-彰化,2023-09-12,1028
6208,日揚,6,0,6,合庫-彰化,2023-09-12,1028
8085,福華,6,0,6,合庫-彰化,2023-09-12,1028
8086,宏捷科,8,2,6,合庫-彰化,2023-09-12,1028
8097,常珵,6,0,6,合庫-彰化,2023-09-12,1028
8105,凌巨,6,0,6,合庫-彰化,2023-09-12,1028
6188,廣明,17,11,6,合庫-彰化,2023-09-12,1028
2382,廣達,15,10,5,合庫-彰化,2023-09-12,1028
1101,台泥,7,2,5,合庫-彰化,2023-09-12,1028
3163,波若威,160,12,148,合庫-彰化,2023-09-13,1028
2374,佳能,113,30,83,合庫-彰化,2023-09-13,1028
00673R,期元大S＆P原油反1,70,0,70,合庫-彰化,2023-09-13,1028
6235,華孚,51,0,51,合庫-彰化,2023-09-13,1028
00896,中信綠能及電動車,46,7,39,合庫-彰化,2023-09-13,1028
00919,群益台灣精選高息,40,6,34,合庫-彰化,2023-09-13,1028
1101,台泥,38,8,30,合庫-彰化,2023-09-13,1028
1522,堤維西,38,10,28,合庫-彰化,2023-09-13,1028
8085,福華,27,0,27,合庫-彰化,2023-09-13,1028
1584,精剛,31,10,21,合庫-彰化,2023-09-13,1028
3376,新日興,20,0,20,合庫-彰化,2023-09-13,1028
2352,佳世達,21,2,19,合庫-彰化,2023-09-13,1028
2630,亞航,36,18,18,合庫-彰化,2023-09-13,1028
5381,合正,20,2,18,合庫-彰化,2023-09-13,1028
4106,雃博,16,0,16,合庫-彰化,2023-09-13,1028
1582,信錦,15,0,15,合庫-彰化,2023-09-13,1028
00918,大華優利高填息30,13,0,13,合庫-彰化,2023-09-13,1028
1802,台玻,15,2,13,合庫-彰化,2023-09-13,1028
3701,大眾控,13,0,13,合庫-彰化,2023-09-13,1028
2887,台新金,13,0,13,合庫-彰化,2023-09-13,1028
1809,中釉,12,0,12,合庫-彰化,2023-09-13,1028
2020,美亞,26,15,11,合庫-彰化,2023-09-13,1028
5009,榮剛,11,0,11,合庫-彰化,2023-09-13,1028
00688L,國泰20年美債正2,15,5,10,合庫-彰化,2023-09-13,1028
4743,合一,10,0,10,合庫-彰化,2023-09-13,1028
8097,常珵,9,0,9,合庫-彰化,2023-09-13,1028
1618,合機,8,0,8,合庫-彰化,2023-09-13,1028
2457,飛宏,11,3,8,合庫-彰化,2023-09-13,1028
00679B,元大美債20年,7,0,7,合庫-彰化,2023-09-13,1028
00915,凱基優選高股息30,7,0,7,合庫-彰化,2023-09-13,1028
1339,昭輝,7,0,7,合庫-彰化,2023-09-13,1028
2610,華航,7,0,7,合庫-彰化,2023-09-13,1028
3037,欣興,7,0,7,合庫-彰化,2023-09-13,1028
00888,永豐台灣ESG,6,0,6,合庫-彰化,2023-09-13,1028
1324,地球,6,0,6,合庫-彰化,2023-09-13,1028
2355,敬鵬,7,1,6,合庫-彰化,2023-09-13,1028
0056,元大高股息,6,1,5,合庫-彰化,2023-09-13,1028
00885,富邦越南,10,5,5,合庫-彰化,2023-09-13,1028
00892,富邦台灣半導體,5,0,5,合庫-彰化,2023-09-13,1028
00902,中信電池及儲能,5,0,5,合庫-彰化,2023-09-13,1028
00740B,富邦全球投等債,5,0,5,合庫-彰化,2023-09-13,1028
2231,為升,5,0,5,合庫-彰化,2023-09-13,1028
2497,怡利電,9,4,5,合庫-彰化,2023-09-13,1028
3380,明泰,5,0,5,合庫-彰化,2023-09-13,1028
4526,東台,5,0,5,合庫-彰化,2023-09-13,1028
6288,聯嘉,5,0,5,合庫-彰化,2023-09-13,1028
6213,聯茂,5,0,5,合庫-彰化,2023-09-13,1028
0050,元大台灣50,4,0,4,合庫-彰化,2023-09-13,1028
1108,幸福,4,0,4,合庫-彰化,2023-09-13,1028
2329,華泰,6,2,4,合庫-彰化,2023-09-13,1028
00676R,富邦臺灣加權反1,200,0,200,合庫-彰化,2023-09-14,1028
00929,復華台灣科技優息,207,42,165,合庫-彰化,2023-09-14,1028
5880,合庫金,109,4,105,合庫-彰化,2023-09-14,1028
8358,金居,101,1,100,合庫-彰化,2023-09-14,1028
00896,中信綠能及電動車,94,0,94,合庫-彰化,2023-09-14,1028
00673R,期元大S＆P原油反1,70,0,70,合庫-彰化,2023-09-14,1028
1524,耿鼎,58,6,52,合庫-彰化,2023-09-14,1028
00919,群益台灣精選高息,68,16,52,合庫-彰化,2023-09-14,1028
3163,波若威,122,77,45,合庫-彰化,2023-09-14,1028
8240,華宏,41,2,39,合庫-彰化,2023-09-14,1028
6108,競國,40,2,38,合庫-彰化,2023-09-14,1028
5426,振發,35,0,35,合庫-彰化,2023-09-14,1028
2486,一詮,46,13,33,合庫-彰化,2023-09-14,1028
2454,聯發科,32,1,31,合庫-彰化,2023-09-14,1028
3682,亞太電,28,0,28,合庫-彰化,2023-09-14,1028
3715,定穎投控,39,12,27,合庫-彰化,2023-09-14,1028
3481,群創,30,5,25,合庫-彰化,2023-09-14,1028
2476,鉅祥,40,16,24,合庫-彰化,2023-09-14,1028
8085,福華,24,0,24,合庫-彰化,2023-09-14,1028
2489,瑞軒,20,0,20,合庫-彰化,2023-09-14,1028
1718,中纖,15,0,15,合庫-彰化,2023-09-14,1028
2344,華邦電,14,0,14,合庫-彰化,2023-09-14,1028
3706,神達,15,2,13,合庫-彰化,2023-09-14,1028
2610,華航,12,0,12,合庫-彰化,2023-09-14,1028
6235,華孚,15,3,12,合庫-彰化,2023-09-14,1028
2630,亞航,12,1,11,合庫-彰化,2023-09-14,1028
4402,郡都開發,11,0,11,合庫-彰化,2023-09-14,1028
8112,至上,20,9,11,合庫-彰化,2023-09-14,1028
1409,新纖,10,0,10,合庫-彰化,2023-09-14,1028
1338,廣華-KY,10,0,10,合庫-彰化,2023-09-14,1028
1326,台化,10,0,10,合庫-彰化,2023-09-14,1028
1802,台玻,11,1,10,合庫-彰化,2023-09-14,1028
2029,盛餘,10,0,10,合庫-彰化,2023-09-14,1028
3213,茂訊,10,0,10,合庫-彰化,2023-09-14,1028
4960,誠美材,10,0,10,合庫-彰化,2023-09-14,1028
2064,晉椿,10,1,9,合庫-彰化,2023-09-14,1028
3013,晟銘電,11,2,9,合庫-彰化,2023-09-14,1028
3694,海華,17,8,9,合庫-彰化,2023-09-14,1028
6770,力積電,11,3,8,合庫-彰化,2023-09-14,1028
2204,中華,7,0,7,合庫-彰化,2023-09-14,1028
2301,光寶科,19,13,6,合庫-彰化,2023-09-14,1028
2371,大同,49,43,6,合庫-彰化,2023-09-14,1028
3540,曜越,6,0,6,合庫-彰化,2023-09-14,1028
5381,合正,6,0,6,合庫-彰化,2023-09-14,1028
4979,華星光,23,17,6,合庫-彰化,2023-09-14,1028
00902,中信電池及儲能,5,0,5,合庫-彰化,2023-09-14,1028
00923,群益台ESG低碳50,5,0,5,合庫-彰化,2023-09-14,1028
00751B,元大AAA至A公司債,5,0,5,合庫-彰化,2023-09-14,1028
2498,宏達電,5,0,5,合庫-彰化,2023-09-14,1028
2606,裕民,5,0,5,合庫-彰化,2023-09-14,1028
00673R,期元大S＆P原油反1,251,0,251,合庫-彰化,2023-09-15,1028
00919,群益台灣精選高息,228,39,189,合庫-彰化,2023-09-15,1028
00676R,富邦臺灣加權反1,367,200,167,合庫-彰化,2023-09-15,1028
00929,復華台灣科技優息,153,12,141,合庫-彰化,2023-09-15,1028
2641,正德,222,117,105,合庫-彰化,2023-09-15,1028
8155,博智,110,5,105,合庫-彰化,2023-09-15,1028
00686R,群益臺灣加權反1,100,0,100,合庫-彰化,2023-09-15,1028
00891,中信關鍵半導體,100,8,92,合庫-彰化,2023-09-15,1028
2354,鴻準,81,3,78,合庫-彰化,2023-09-15,1028
2618,長榮航,73,2,71,合庫-彰化,2023-09-15,1028
5608,四維航,95,46,49,合庫-彰化,2023-09-15,1028
2330,台積電,46,5,41,合庫-彰化,2023-09-15,1028
2331,精英,75,41,34,合庫-彰化,2023-09-15,1028
6220,岳豐,33,3,30,合庫-彰化,2023-09-15,1028
2610,華航,31,2,29,合庫-彰化,2023-09-15,1028
2002,中鋼,30,2,28,合庫-彰化,2023-09-15,1028
1802,台玻,28,2,26,合庫-彰化,2023-09-15,1028
00680L,元大美債20正2,21,0,21,合庫-彰化,2023-09-15,1028
2029,盛餘,20,0,20,合庫-彰化,2023-09-15,1028
2105,正新,20,0,20,合庫-彰化,2023-09-15,1028
4510,高鋒,20,0,20,合庫-彰化,2023-09-15,1028
3481,群創,39,20,19,合庫-彰化,2023-09-15,1028
2630,亞航,21,4,17,合庫-彰化,2023-09-15,1028
1316,上曜,17,0,17,合庫-彰化,2023-09-15,1028
6257,矽格,17,1,16,合庫-彰化,2023-09-15,1028
2208,台船,15,0,15,合庫-彰化,2023-09-15,1028
00878,國泰永續高股息,17,3,14,合庫-彰化,2023-09-15,1028
2409,友達,37,23,14,合庫-彰化,2023-09-15,1028
3163,波若威,37,23,14,合庫-彰化,2023-09-15,1028
2317,鴻海,12,0,12,合庫-彰化,2023-09-15,1028
4909,新復興,15,3,12,合庫-彰化,2023-09-15,1028
1584,精剛,21,10,11,合庫-彰化,2023-09-15,1028
2883,凱基金,11,0,11,合庫-彰化,2023-09-15,1028
3363,上詮,62,51,11,合庫-彰化,2023-09-15,1028
4906,正文,12,1,11,合庫-彰化,2023-09-15,1028
5880,合庫金,10,0,10,合庫-彰化,2023-09-15,1028
00931B,統一美債20年,10,0,10,合庫-彰化,2023-09-15,1028
1718,中纖,10,0,10,合庫-彰化,2023-09-15,1028
1760,寶齡富錦,10,0,10,合庫-彰化,2023-09-15,1028
2374,佳能,12,2,10,合庫-彰化,2023-09-15,1028
2867,三商壽,10,0,10,合庫-彰化,2023-09-15,1028
3033,威健,10,0,10,合庫-彰化,2023-09-15,1028
5392,能率,10,0,10,合庫-彰化,2023-09-15,1028
00900,富邦特選高股息30,11,2,9,合庫-彰化,2023-09-15,1028
1618,合機,9,0,9,合庫-彰化,2023-09-15,1028
3694,海華,10,1,9,合庫-彰化,2023-09-15,1028
2353,宏��,9,0,9,合庫-彰化,2023-09-15,1028
2534,宏盛,8,0,8,合庫-彰化,2023-09-15,1028
2601,益航,8,0,8,合庫-彰化,2023-09-15,1028
3567,逸昌,10,2,8,合庫-彰化,2023-09-15,1028
00929,復華台灣科技優息,353,28,325,合庫-彰化,2023-09-18,1028
00680L,元大美債20正2,242,0,242,合庫-彰化,2023-09-18,1028
2303,聯電,104,0,104,合庫-彰化,2023-09-18,1028
00919,群益台灣精選高息,105,35,70,合庫-彰化,2023-09-18,1028
5608,四維航,63,5,58,合庫-彰化,2023-09-18,1028
2363,矽統,73,17,56,合庫-彰化,2023-09-18,1028
2208,台船,50,1,49,合庫-彰化,2023-09-18,1028
00878,國泰永續高股息,46,5,41,合庫-彰化,2023-09-18,1028
2485,兆赫,31,0,31,合庫-彰化,2023-09-18,1028
00676R,富邦臺灣加權反1,30,0,30,合庫-彰化,2023-09-18,1028
4979,華星光,38,10,28,合庫-彰化,2023-09-18,1028
3163,波若威,57,29,28,合庫-彰化,2023-09-18,1028
1316,上曜,25,0,25,合庫-彰化,2023-09-18,1028
2609,陽明,28,4,24,合庫-彰化,2023-09-18,1028
00751B,元大AAA至A公司債,25,2,23,合庫-彰化,2023-09-18,1028
00918,大華優利高填息30,37,15,22,合庫-彰化,2023-09-18,1028
2356,英業達,23,3,20,合庫-彰化,2023-09-18,1028
2888,新光金,20,0,20,合庫-彰化,2023-09-18,1028
4510,高鋒,20,0,20,合庫-彰化,2023-09-18,1028
1605,華新,20,1,19,合庫-彰化,2023-09-18,1028
00931B,統一美債20年,18,0,18,合庫-彰化,2023-09-18,1028
00679B,元大美債20年,18,0,18,合庫-彰化,2023-09-18,1028
2601,益航,18,0,18,合庫-彰化,2023-09-18,1028
5392,能率,28,10,18,合庫-彰化,2023-09-18,1028
8240,華宏,16,0,16,合庫-彰化,2023-09-18,1028
4989,榮科,15,0,15,合庫-彰化,2023-09-18,1028
6282,康舒,15,0,15,合庫-彰化,2023-09-18,1028
2324,仁寶,14,0,14,合庫-彰化,2023-09-18,1028
00687B,國泰20年美債,14,0,14,合庫-彰化,2023-09-18,1028
8028,昇陽半導體,20,6,14,合庫-彰化,2023-09-18,1028
2402,毅嘉,13,1,12,合庫-彰化,2023-09-18,1028
3058,立德,12,0,12,合庫-彰化,2023-09-18,1028
8222,寶一,12,0,12,合庫-彰化,2023-09-18,1028
3231,緯創,35,23,12,合庫-彰化,2023-09-18,1028
2352,佳世達,11,0,11,合庫-彰化,2023-09-18,1028
2486,一詮,11,0,11,合庫-彰化,2023-09-18,1028
3016,嘉晶,11,0,11,合庫-彰化,2023-09-18,1028
00671R,富邦NASDAQ反1,10,0,10,合庫-彰化,2023-09-18,1028
00720B,元大投資級公司債,12,2,10,合庫-彰化,2023-09-18,1028
2323,中環,10,0,10,合庫-彰化,2023-09-18,1028
2444,兆勁,10,0,10,合庫-彰化,2023-09-18,1028
2739,寒舍,10,0,10,合庫-彰化,2023-09-18,1028
4976,佳凌,10,0,10,合庫-彰化,2023-09-18,1028
8390,金益鼎,10,0,10,合庫-彰化,2023-09-18,1028
2330,台積電,8,0,8,合庫-彰化,2023-09-18,1028
00795B,中信美國公債20年,8,0,8,合庫-彰化,2023-09-18,1028
2612,中航,8,0,8,合庫-彰化,2023-09-18,1028
8033,雷虎,13,5,8,合庫-彰化,2023-09-18,1028
2605,新興,137,130,7,合庫-彰化,2023-09-18,1028
3037,欣興,7,0,7,合庫-彰化,2023-09-18,1028
6120,達運,401,0,401,合庫-彰化,2023-09-19,1028
1815,富喬,126,19,107,合庫-彰化,2023-09-19,1028
00929,復華台灣科技優息,123,21,102,合庫-彰化,2023-09-19,1028
00671R,富邦NASDAQ反1,100,0,100,合庫-彰化,2023-09-19,1028
3264,欣銓,101,2,99,合庫-彰化,2023-09-19,1028
00665L,富邦�琤肭磪囓�2,160,80,80,合庫-彰化,2023-09-19,1028
2208,台船,75,0,75,合庫-彰化,2023-09-19,1028
2610,華航,61,5,56,合庫-彰化,2023-09-19,1028
00878,國泰永續高股息,54,3,51,合庫-彰化,2023-09-19,1028
2313,華通,97,47,50,合庫-彰化,2023-09-19,1028
00919,群益台灣精選高息,43,1,42,合庫-彰化,2023-09-19,1028
2618,長榮航,35,0,35,合庫-彰化,2023-09-19,1028
00885,富邦越南,31,0,31,合庫-彰化,2023-09-19,1028
2367,燿華,31,0,31,合庫-彰化,2023-09-19,1028
6901,鑽石投資,41,18,23,合庫-彰化,2023-09-19,1028
00922,國泰台灣領袖50,22,0,22,合庫-彰化,2023-09-19,1028
6153,嘉聯益,23,2,21,合庫-彰化,2023-09-19,1028
4979,華星光,35,15,20,合庫-彰化,2023-09-19,1028
2331,精英,20,0,20,合庫-彰化,2023-09-19,1028
2317,鴻海,19,0,19,合庫-彰化,2023-09-19,1028
2332,友訊,17,0,17,合庫-彰化,2023-09-19,1028
2353,宏��,26,9,17,合庫-彰化,2023-09-19,1028
00921,兆豐龍頭等權重,16,0,16,合庫-彰化,2023-09-19,1028
00918,大華優利高填息30,17,1,16,合庫-彰化,2023-09-19,1028
3032,偉訓,24,10,14,合庫-彰化,2023-09-19,1028
2838,聯邦銀,13,0,13,合庫-彰化,2023-09-19,1028
6257,矽格,21,8,13,合庫-彰化,2023-09-19,1028
2457,飛宏,11,0,11,合庫-彰化,2023-09-19,1028
3163,波若威,14,3,11,合庫-彰化,2023-09-19,1028
3231,緯創,28,17,11,合庫-彰化,2023-09-19,1028
1609,大亞,10,0,10,合庫-彰化,2023-09-19,1028
2105,正新,12,2,10,合庫-彰化,2023-09-19,1028
2371,大同,18,8,10,合庫-彰化,2023-09-19,1028
2615,萬海,10,0,10,合庫-彰化,2023-09-19,1028
4402,郡都開發,10,0,10,合庫-彰化,2023-09-19,1028
4563,百德,10,0,10,合庫-彰化,2023-09-19,1028
5392,能率,20,10,10,合庫-彰化,2023-09-19,1028
6505,台塑化,10,0,10,合庫-彰化,2023-09-19,1028
8028,昇陽半導體,10,0,10,合庫-彰化,2023-09-19,1028
5381,合正,10,0,10,合庫-彰化,2023-09-19,1028
1802,台玻,25,15,10,合庫-彰化,2023-09-19,1028
1718,中纖,20,11,9,合庫-彰化,2023-09-19,1028
00915,凱基優選高股息30,9,1,8,合庫-彰化,2023-09-19,1028
0056,元大高股息,7,0,7,合庫-彰化,2023-09-19,1028
2362,藍天,7,0,7,合庫-彰化,2023-09-19,1028
2891,中信金,7,0,7,合庫-彰化,2023-09-19,1028
5351,鈺創,7,0,7,合庫-彰化,2023-09-19,1028
5880,合庫金,8,1,7,合庫-彰化,2023-09-19,1028
6282,康舒,8,2,6,合庫-彰化,2023-09-19,1028
3017,奇鋐,8,2,6,合庫-彰化,2023-09-19,1028
00753L,中信中國50正2,374,0,374,合庫-彰化,2023-09-20,1028
00929,復華台灣科技優息,447,88,359,合庫-彰化,2023-09-20,1028
00680L,元大美債20正2,220,0,220,合庫-彰化,2023-09-20,1028
3264,欣銓,203,0,203,合庫-彰化,2023-09-20,1028
2367,燿華,353,185,168,合庫-彰化,2023-09-20,1028
2883,凱基金,107,0,107,合庫-彰化,2023-09-20,1028
3045,台灣大,40,0,40,合庫-彰化,2023-09-20,1028
2105,正新,39,0,39,合庫-彰化,2023-09-20,1028
00919,群益台灣精選高息,55,16,39,合庫-彰化,2023-09-20,1028
5392,能率,37,0,37,合庫-彰化,2023-09-20,1028
2405,輔信,36,0,36,合庫-彰化,2023-09-20,1028
3265,台星科,34,2,32,合庫-彰化,2023-09-20,1028
3515,華擎,31,1,30,合庫-彰化,2023-09-20,1028
1584,精剛,45,19,26,合庫-彰化,2023-09-20,1028
2537,聯上發,30,5,25,合庫-彰化,2023-09-20,1028
00878,國泰永續高股息,25,1,24,合庫-彰化,2023-09-20,1028
2029,盛餘,22,0,22,合庫-彰化,2023-09-20,1028
00921,兆豐龍頭等權重,21,0,21,合庫-彰化,2023-09-20,1028
00679B,元大美債20年,20,0,20,合庫-彰化,2023-09-20,1028
1513,中興電,20,0,20,合庫-彰化,2023-09-20,1028
1522,堤維西,18,0,18,合庫-彰化,2023-09-20,1028
6143,振曜,16,0,16,合庫-彰化,2023-09-20,1028
2332,友訊,15,0,15,合庫-彰化,2023-09-20,1028
6257,矽格,17,2,15,合庫-彰化,2023-09-20,1028
00687B,國泰20年美債,14,0,14,合庫-彰化,2023-09-20,1028
2313,華通,27,14,13,合庫-彰化,2023-09-20,1028
2330,台積電,13,0,13,合庫-彰化,2023-09-20,1028
2371,大同,17,5,12,合庫-彰化,2023-09-20,1028
3013,晟銘電,13,1,12,合庫-彰化,2023-09-20,1028
3481,群創,11,0,11,合庫-彰化,2023-09-20,1028
2882,國泰金,11,0,11,合庫-彰化,2023-09-20,1028
00885,富邦越南,10,0,10,合庫-彰化,2023-09-20,1028
00665L,富邦�琤肭磪囓�2,10,0,10,合庫-彰化,2023-09-20,1028
1434,福懋,10,0,10,合庫-彰化,2023-09-20,1028
2482,連宇,10,0,10,合庫-彰化,2023-09-20,1028
6153,嘉聯益,10,0,10,合庫-彰化,2023-09-20,1028
1609,大亞,10,0,10,合庫-彰化,2023-09-20,1028
1558,伸興,9,0,9,合庫-彰化,2023-09-20,1028
2354,鴻準,12,3,9,合庫-彰化,2023-09-20,1028
2449,京元電子,28,19,9,合庫-彰化,2023-09-20,1028
2890,永豐金,10,1,9,合庫-彰化,2023-09-20,1028
2382,廣達,28,19,9,合庫-彰化,2023-09-20,1028
2486,一詮,8,0,8,合庫-彰化,2023-09-20,1028
6109,亞元,10,2,8,合庫-彰化,2023-09-20,1028
2609,陽明,12,4,8,合庫-彰化,2023-09-20,1028
00923,群益台ESG低碳50,7,0,7,合庫-彰化,2023-09-20,1028
2888,新光金,6,0,6,合庫-彰化,2023-09-20,1028
1905,華紙,6,0,6,合庫-彰化,2023-09-20,1028
2344,華邦電,11,5,6,合庫-彰化,2023-09-20,1028
2460,建通,6,0,6,合庫-彰化,2023-09-20,1028
5880,合庫金,324,7,317,合庫-彰化,2023-09-21,1028
00680L,元大美債20正2,226,2,224,合庫-彰化,2023-09-21,1028
00929,復華台灣科技優息,238,56,182,合庫-彰化,2023-09-21,1028
2002,中鋼,134,0,134,合庫-彰化,2023-09-21,1028
3013,晟銘電,79,1,78,合庫-彰化,2023-09-21,1028
00671R,富邦NASDAQ反1,70,10,60,合庫-彰化,2023-09-21,1028
2313,華通,78,35,43,合庫-彰化,2023-09-21,1028
2891,中信金,41,0,41,合庫-彰化,2023-09-21,1028
00878,國泰永續高股息,46,10,36,合庫-彰化,2023-09-21,1028
00919,群益台灣精選高息,36,4,32,合庫-彰化,2023-09-21,1028
2374,佳能,31,0,31,合庫-彰化,2023-09-21,1028
9105,泰金寶-DR,30,0,30,合庫-彰化,2023-09-21,1028
5009,榮剛,29,0,29,合庫-彰化,2023-09-21,1028
2330,台積電,26,0,26,合庫-彰化,2023-09-21,1028
2029,盛餘,24,0,24,合庫-彰化,2023-09-21,1028
2363,矽統,31,7,24,合庫-彰化,2023-09-21,1028
2812,台中銀,22,0,22,合庫-彰化,2023-09-21,1028
3045,台灣大,23,2,21,合庫-彰化,2023-09-21,1028
2881,富邦金,22,1,21,合庫-彰化,2023-09-21,1028
00674R,期元大S＆P黃金反1,20,0,20,合庫-彰化,2023-09-21,1028
1712,興農,20,0,20,合庫-彰化,2023-09-21,1028
2303,聯電,22,2,20,合庫-彰化,2023-09-21,1028
2801,彰銀,20,0,20,合庫-彰化,2023-09-21,1028
5474,聰泰,23,3,20,合庫-彰化,2023-09-21,1028
2890,永豐金,20,1,19,合庫-彰化,2023-09-21,1028
2884,玉山金,19,0,19,合庫-彰化,2023-09-21,1028
2367,燿華,22,5,17,合庫-彰化,2023-09-21,1028
00679B,元大美債20年,17,0,17,合庫-彰化,2023-09-21,1028
0050,元大台灣50,16,0,16,合庫-彰化,2023-09-21,1028
00922,國泰台灣領袖50,16,0,16,合庫-彰化,2023-09-21,1028
2880,華南金,16,0,16,合庫-彰化,2023-09-21,1028
2883,凱基金,15,1,14,合庫-彰化,2023-09-21,1028
2886,兆豐金,13,0,13,合庫-彰化,2023-09-21,1028
6285,啟��,13,1,12,合庫-彰化,2023-09-21,1028
2885,元大金,13,2,11,合庫-彰化,2023-09-21,1028
1313,聯成,11,0,11,合庫-彰化,2023-09-21,1028
1504,東元,11,0,11,合庫-彰化,2023-09-21,1028
2926,誠品生活,11,0,11,合庫-彰化,2023-09-21,1028
3036,文曄,29,18,11,合庫-彰化,2023-09-21,1028
9103,美德醫療-DR,20,9,11,合庫-彰化,2023-09-21,1028
0056,元大高股息,19,8,11,合庫-彰化,2023-09-21,1028
2915,潤泰全,10,0,10,合庫-彰化,2023-09-21,1028
00687B,國泰20年美債,10,0,10,合庫-彰化,2023-09-21,1028
00665L,富邦�琤肭磪囓�2,10,0,10,合庫-彰化,2023-09-21,1028
00885,富邦越南,10,0,10,合庫-彰化,2023-09-21,1028
1718,中纖,10,0,10,合庫-彰化,2023-09-21,1028
2208,台船,10,0,10,合庫-彰化,2023-09-21,1028
3373,熱映,10,0,10,合庫-彰化,2023-09-21,1028
3685,元創精密,10,0,10,合庫-彰化,2023-09-21,1028
6005,群益證,10,0,10,合庫-彰化,2023-09-21,1028
00673R,期元大S＆P原油反1,482,100,382,合庫-彰化,2023-09-22,1028
00680L,元大美債20正2,256,0,256,合庫-彰化,2023-09-22,1028
5880,合庫金,110,4,106,合庫-彰化,2023-09-22,1028
00753L,中信中國50正2,102,0,102,合庫-彰化,2023-09-22,1028
00679B,元大美債20年,85,0,85,合庫-彰化,2023-09-22,1028
1584,精剛,110,30,80,合庫-彰化,2023-09-22,1028
2867,三商壽,60,0,60,合庫-彰化,2023-09-22,1028
00772B,中信高評級公司債,61,6,55,合庫-彰化,2023-09-22,1028
00931B,統一美債20年,40,0,40,合庫-彰化,2023-09-22,1028
2313,華通,106,75,31,合庫-彰化,2023-09-22,1028
00712,復華富時不動產,30,0,30,合庫-彰化,2023-09-22,1028
3163,波若威,53,25,28,合庫-彰化,2023-09-22,1028
00919,群益台灣精選高息,27,2,25,合庫-彰化,2023-09-22,1028
00687B,國泰20年美債,25,0,25,合庫-彰化,2023-09-22,1028
4106,雃博,21,0,21,合庫-彰化,2023-09-22,1028
00751B,元大AAA至A公司債,21,0,21,合庫-彰化,2023-09-22,1028
8085,福華,20,0,20,合庫-彰化,2023-09-22,1028
2029,盛餘,18,0,18,合庫-彰化,2023-09-22,1028
5392,能率,17,0,17,合庫-彰化,2023-09-22,1028
2354,鴻準,16,0,16,合庫-彰化,2023-09-22,1028
2605,新興,19,3,16,合庫-彰化,2023-09-22,1028
2337,旺宏,19,5,14,合庫-彰化,2023-09-22,1028
2606,裕民,13,0,13,合庫-彰化,2023-09-22,1028
9105,泰金寶-DR,13,0,13,合庫-彰化,2023-09-22,1028
2618,長榮航,13,1,12,合庫-彰化,2023-09-22,1028
1101,台泥,14,3,11,合庫-彰化,2023-09-22,1028
2402,毅嘉,11,0,11,合庫-彰化,2023-09-22,1028
9110,越南控-DR,11,0,11,合庫-彰化,2023-09-22,1028
00795B,中信美國公債20年,10,0,10,合庫-彰化,2023-09-22,1028
00720B,元大投資級公司債,10,0,10,合庫-彰化,2023-09-22,1028
2486,一詮,11,1,10,合庫-彰化,2023-09-22,1028
2542,興富發,10,0,10,合庫-彰化,2023-09-22,1028
00764B,群益25年美債,9,0,9,合庫-彰化,2023-09-22,1028
3481,群創,10,1,9,合庫-彰化,2023-09-22,1028
1809,中釉,8,0,8,合庫-彰化,2023-09-22,1028
2883,凱基金,8,0,8,合庫-彰化,2023-09-22,1028
0050,元大台灣50,7,0,7,合庫-彰化,2023-09-22,1028
2881,富邦金,6,0,6,合庫-彰化,2023-09-22,1028
2303,聯電,6,0,6,合庫-彰化,2023-09-22,1028
00858,永豐美國500大,6,0,6,合庫-彰化,2023-09-22,1028
1618,合機,6,0,6,合庫-彰化,2023-09-22,1028
1907,永豐餘,6,0,6,合庫-彰化,2023-09-22,1028
2014,中鴻,11,5,6,合庫-彰化,2023-09-22,1028
3706,神達,9,3,6,合庫-彰化,2023-09-22,1028
3707,漢磊,6,0,6,合庫-彰化,2023-09-22,1028
4102,永日,6,0,6,合庫-彰化,2023-09-22,1028
9927,泰銘,6,0,6,合庫-彰化,2023-09-22,1028
2330,台積電,7,1,6,合庫-彰化,2023-09-22,1028
00714,群益道瓊美國地產,5,0,5,合庫-彰化,2023-09-22,1028
1217,愛之味,5,0,5,合庫-彰化,2023-09-22,1028
8097,常珵,266,6,260,合庫-彰化,2023-09-25,1028
1584,精剛,261,123,138,合庫-彰化,2023-09-25,1028
2634,漢翔,133,2,131,合庫-彰化,2023-09-25,1028
0056,元大高股息,101,12,89,合庫-彰化,2023-09-25,1028
2450,神腦,40,0,40,合庫-彰化,2023-09-25,1028
00679B,元大美債20年,36,0,36,合庫-彰化,2023-09-25,1028
1101,台泥,34,1,33,合庫-彰化,2023-09-25,1028
00878,國泰永續高股息,49,19,30,合庫-彰化,2023-09-25,1028
5009,榮剛,37,8,29,合庫-彰化,2023-09-25,1028
1522,堤維西,27,1,26,合庫-彰化,2023-09-25,1028
5880,合庫金,24,1,23,合庫-彰化,2023-09-25,1028
2610,華航,23,0,23,合庫-彰化,2023-09-25,1028
00900,富邦特選高股息30,20,0,20,合庫-彰化,2023-09-25,1028
1524,耿鼎,18,0,18,合庫-彰化,2023-09-25,1028
4147,中裕,15,0,15,合庫-彰化,2023-09-25,1028
1504,東元,15,1,14,合庫-彰化,2023-09-25,1028
2409,友達,13,1,12,合庫-彰化,2023-09-25,1028
2542,興富發,11,0,11,合庫-彰化,2023-09-25,1028
1809,中釉,10,0,10,合庫-彰化,2023-09-25,1028
2832,台產,10,0,10,合庫-彰化,2023-09-25,1028
6150,撼訊,10,0,10,合庫-彰化,2023-09-25,1028
6219,富旺,10,0,10,合庫-彰化,2023-09-25,1028
9103,美德醫療-DR,10,0,10,合庫-彰化,2023-09-25,1028
9110,越南控-DR,10,0,10,合庫-彰化,2023-09-25,1028
4107,邦特,9,0,9,合庫-彰化,2023-09-25,1028
2303,聯電,8,0,8,合庫-彰化,2023-09-25,1028
5381,合正,9,1,8,合庫-彰化,2023-09-25,1028
2354,鴻準,7,0,7,合庫-彰化,2023-09-25,1028
5425,台半,9,2,7,合庫-彰化,2023-09-25,1028
3231,緯創,17,10,7,合庫-彰化,2023-09-25,1028
00919,群益台灣精選高息,14,8,6,合庫-彰化,2023-09-25,1028
1802,台玻,7,1,6,合庫-彰化,2023-09-25,1028
2029,盛餘,6,0,6,合庫-彰化,2023-09-25,1028
2363,矽統,32,26,6,合庫-彰化,2023-09-25,1028
3322,建舜電,8,2,6,合庫-彰化,2023-09-25,1028
5347,世界,6,0,6,合庫-彰化,2023-09-25,1028
00921,兆豐龍頭等權重,5,0,5,合庫-彰化,2023-09-25,1028
00915,凱基優選高股息30,5,0,5,合庫-彰化,2023-09-25,1028
006208,富邦台50,5,0,5,合庫-彰化,2023-09-25,1028
2331,精英,5,0,5,合庫-彰化,2023-09-25,1028
3002,歐格,5,0,5,合庫-彰化,2023-09-25,1028
3363,上詮,28,23,5,合庫-彰化,2023-09-25,1028
4906,正文,5,0,5,合庫-彰化,2023-09-25,1028
5011,久陽,5,0,5,合庫-彰化,2023-09-25,1028
6274,台燿,9,4,5,合庫-彰化,2023-09-25,1028
2881,富邦金,4,0,4,合庫-彰化,2023-09-25,1028
00637L,元大滬深300正2,7,3,4,合庫-彰化,2023-09-25,1028
2317,鴻海,4,0,4,合庫-彰化,2023-09-25,1028
2344,華邦電,4,0,4,合庫-彰化,2023-09-25,1028
2607,榮運,4,0,4,合庫-彰化,2023-09-25,1028
2002,中鋼,144,0,144,合庫-彰化,2023-09-26,1028
1584,精剛,80,5,75,合庫-彰化,2023-09-26,1028
5880,合庫金,75,3,72,合庫-彰化,2023-09-26,1028
00772B,中信高評級公司債,65,0,65,合庫-彰化,2023-09-26,1028
00929,復華台灣科技優息,84,22,62,合庫-彰化,2023-09-26,1028
2542,興富發,65,12,53,合庫-彰化,2023-09-26,1028
1815,富喬,59,10,49,合庫-彰化,2023-09-26,1028
00919,群益台灣精選高息,44,2,42,合庫-彰化,2023-09-26,1028
8097,常珵,41,1,40,合庫-彰化,2023-09-26,1028
00931B,統一美債20年,42,5,37,合庫-彰化,2023-09-26,1028
00679B,元大美債20年,50,13,37,合庫-彰化,2023-09-26,1028
2516,新建,31,0,31,合庫-彰化,2023-09-26,1028
2029,盛餘,26,0,26,合庫-彰化,2023-09-26,1028
3013,晟銘電,25,0,25,合庫-彰化,2023-09-26,1028
3481,群創,25,1,24,合庫-彰化,2023-09-26,1028
2303,聯電,24,1,23,合庫-彰化,2023-09-26,1028
1313,聯成,20,0,20,合庫-彰化,2023-09-26,1028
00720B,元大投資級公司債,18,0,18,合庫-彰化,2023-09-26,1028
00687B,國泰20年美債,17,0,17,合庫-彰化,2023-09-26,1028
1101,台泥,16,0,16,合庫-彰化,2023-09-26,1028
1616,億泰,15,0,15,合庫-彰化,2023-09-26,1028
2812,台中銀,16,1,15,合庫-彰化,2023-09-26,1028
2886,兆豐金,14,0,14,合庫-彰化,2023-09-26,1028
00795B,中信美國公債20年,13,0,13,合庫-彰化,2023-09-26,1028
00878,國泰永續高股息,12,0,12,合庫-彰化,2023-09-26,1028
1522,堤維西,13,1,12,合庫-彰化,2023-09-26,1028
3363,上詮,18,6,12,合庫-彰化,2023-09-26,1028
00665L,富邦�琤肭磪囓�2,11,0,11,合庫-彰化,2023-09-26,1028
1524,耿鼎,29,18,11,合庫-彰化,2023-09-26,1028
2382,廣達,23,12,11,合庫-彰化,2023-09-26,1028
2832,台產,10,0,10,合庫-彰化,2023-09-26,1028
00921,兆豐龍頭等權重,10,0,10,合庫-彰化,2023-09-26,1028
00751B,元大AAA至A公司債,10,0,10,合庫-彰化,2023-09-26,1028
8215,明基材,10,0,10,合庫-彰化,2023-09-26,1028
8938,明安,11,1,10,合庫-彰化,2023-09-26,1028
00885,富邦越南,17,8,9,合庫-彰化,2023-09-26,1028
2618,長榮航,9,0,9,合庫-彰化,2023-09-26,1028
2885,元大金,10,1,9,合庫-彰化,2023-09-26,1028
2330,台積電,12,3,9,合庫-彰化,2023-09-26,1028
2363,矽統,36,27,9,合庫-彰化,2023-09-26,1028
0050,元大台灣50,8,0,8,合庫-彰化,2023-09-26,1028
00637L,元大滬深300正2,10,2,8,合庫-彰化,2023-09-26,1028
3231,緯創,18,10,8,合庫-彰化,2023-09-26,1028
9110,越南控-DR,8,0,8,合庫-彰化,2023-09-26,1028
2890,永豐金,7,0,7,合庫-彰化,2023-09-26,1028
3715,定穎投控,34,27,7,合庫-彰化,2023-09-26,1028
4908,前鼎,18,11,7,合庫-彰化,2023-09-26,1028
5465,富驊,14,7,7,合庫-彰化,2023-09-26,1028
2301,光寶科,8,2,6,合庫-彰化,2023-09-26,1028
2356,英業達,11,5,6,合庫-彰化,2023-09-26,1028
00673R,期元大S＆P原油反1,353,0,353,合庫-彰化,2023-09-27,1028
5880,合庫金,175,0,175,合庫-彰化,2023-09-27,1028
00753L,中信中國50正2,151,0,151,合庫-彰化,2023-09-27,1028
00929,復華台灣科技優息,112,16,96,合庫-彰化,2023-09-27,1028
1584,精剛,102,52,50,合庫-彰化,2023-09-27,1028
00687B,國泰20年美債,40,0,40,合庫-彰化,2023-09-27,1028
00671R,富邦NASDAQ反1,40,1,39,合庫-彰化,2023-09-27,1028
2002,中鋼,27,1,26,合庫-彰化,2023-09-27,1028
2029,盛餘,23,0,23,合庫-彰化,2023-09-27,1028
6143,振曜,24,1,23,合庫-彰化,2023-09-27,1028
00919,群益台灣精選高息,25,3,22,合庫-彰化,2023-09-27,1028
8420,明揚,18,3,15,合庫-彰化,2023-09-27,1028
2317,鴻海,14,0,14,合庫-彰化,2023-09-27,1028
2303,聯電,14,0,14,合庫-彰化,2023-09-27,1028
3346,麗清,13,0,13,合庫-彰化,2023-09-27,1028
1609,大亞,14,3,11,合庫-彰化,2023-09-27,1028
00720B,元大投資級公司債,10,0,10,合庫-彰化,2023-09-27,1028
00882,中信中國高股息,10,0,10,合庫-彰化,2023-09-27,1028
00679B,元大美債20年,10,0,10,合庫-彰化,2023-09-27,1028
00715L,期街口布蘭特正2,10,0,10,合庫-彰化,2023-09-27,1028
1718,中纖,10,0,10,合庫-彰化,2023-09-27,1028
2402,毅嘉,10,0,10,合庫-彰化,2023-09-27,1028
2482,連宇,10,0,10,合庫-彰化,2023-09-27,1028
2885,元大金,10,0,10,合庫-彰化,2023-09-27,1028
6405,悅城,10,0,10,合庫-彰化,2023-09-27,1028
00712,復華富時不動產,9,0,9,合庫-彰化,2023-09-27,1028
00878,國泰永續高股息,14,5,9,合庫-彰化,2023-09-27,1028
00932,兆豐永續高息等權,9,1,8,合庫-彰化,2023-09-27,1028
1709,和益,8,0,8,合庫-彰化,2023-09-27,1028
2834,臺企銀,10,2,8,合庫-彰化,2023-09-27,1028
1326,台化,7,0,7,合庫-彰化,2023-09-27,1028
2337,旺宏,12,5,7,合庫-彰化,2023-09-27,1028
2351,順德,7,0,7,合庫-彰化,2023-09-27,1028
2891,中信金,7,0,7,合庫-彰化,2023-09-27,1028
1802,台玻,6,0,6,合庫-彰化,2023-09-27,1028
2331,精英,6,0,6,合庫-彰化,2023-09-27,1028
2515,中工,6,0,6,合庫-彰化,2023-09-27,1028
3264,欣銓,6,0,6,合庫-彰化,2023-09-27,1028
2330,台積電,5,0,5,合庫-彰化,2023-09-27,1028
00892,富邦台灣半導體,6,1,5,合庫-彰化,2023-09-27,1028
00772B,中信高評級公司債,5,0,5,合庫-彰化,2023-09-27,1028
1314,中石化,5,0,5,合庫-彰化,2023-09-27,1028
1605,華新,5,0,5,合庫-彰化,2023-09-27,1028
1903,士紙,5,0,5,合庫-彰化,2023-09-27,1028
2014,中鴻,5,0,5,合庫-彰化,2023-09-27,1028
2399,映泰,5,0,5,合庫-彰化,2023-09-27,1028
2880,華南金,5,0,5,合庫-彰化,2023-09-27,1028
2882,國泰金,5,0,5,合庫-彰化,2023-09-27,1028
2883,凱基金,5,0,5,合庫-彰化,2023-09-27,1028
2886,兆豐金,5,0,5,合庫-彰化,2023-09-27,1028
00673R,期元大S＆P原油反1,400,0,400,合庫-彰化,2023-09-28,1028
2303,聯電,173,6,167,合庫-彰化,2023-09-28,1028
2002,中鋼,138,3,135,合庫-彰化,2023-09-28,1028
6274,台燿,80,2,78,合庫-彰化,2023-09-28,1028
00923,群益台ESG低碳50,60,0,60,合庫-彰化,2023-09-28,1028
00712,復華富時不動產,49,0,49,合庫-彰化,2023-09-28,1028
4944,兆遠,49,0,49,合庫-彰化,2023-09-28,1028
00679B,元大美債20年,45,0,45,合庫-彰化,2023-09-28,1028
00772B,中信高評級公司債,36,0,36,合庫-彰化,2023-09-28,1028
3036,文曄,51,21,30,合庫-彰化,2023-09-28,1028
6116,彩晶,30,0,30,合庫-彰化,2023-09-28,1028
2367,燿華,32,4,28,合庫-彰化,2023-09-28,1028
2363,矽統,36,10,26,合庫-彰化,2023-09-28,1028
2344,華邦電,24,0,24,合庫-彰化,2023-09-28,1028
2834,臺企銀,22,0,22,合庫-彰化,2023-09-28,1028
8088,品安,22,0,22,合庫-彰化,2023-09-28,1028
2542,興富發,21,0,21,合庫-彰化,2023-09-28,1028
00931B,統一美債20年,28,8,20,合庫-彰化,2023-09-28,1028
1313,聯成,20,0,20,合庫-彰化,2023-09-28,1028
5880,合庫金,20,1,19,合庫-彰化,2023-09-28,1028
00929,復華台灣科技優息,29,10,19,合庫-彰化,2023-09-28,1028
00637L,元大滬深300正2,20,2,18,合庫-彰化,2023-09-28,1028
00720B,元大投資級公司債,18,1,17,合庫-彰化,2023-09-28,1028
2353,宏��,27,11,16,合庫-彰化,2023-09-28,1028
2610,華航,15,0,15,合庫-彰化,2023-09-28,1028
6901,鑽石投資,15,1,14,合庫-彰化,2023-09-28,1028
3653,健策,10,0,10,合庫-彰化,2023-09-28,1028
00850,元大臺灣ESG永續,10,0,10,合庫-彰化,2023-09-28,1028
6282,康舒,11,1,10,合庫-彰化,2023-09-28,1028
3231,緯創,48,40,8,合庫-彰化,2023-09-28,1028
2630,亞航,8,0,8,合庫-彰化,2023-09-28,1028
2204,中華,15,8,7,合庫-彰化,2023-09-28,1028
4979,華星光,7,1,6,合庫-彰化,2023-09-28,1028
2014,中鴻,6,0,6,合庫-彰化,2023-09-28,1028
2371,大同,7,1,6,合庫-彰化,2023-09-28,1028
3481,群創,6,0,6,合庫-彰化,2023-09-28,1028
2317,鴻海,5,0,5,合庫-彰化,2023-09-28,1028
1326,台化,5,0,5,合庫-彰化,2023-09-28,1028
00749B,凱基新興債10+,5,0,5,合庫-彰化,2023-09-28,1028
2017,官田鋼,6,1,5,合庫-彰化,2023-09-28,1028
2337,旺宏,15,10,5,合庫-彰化,2023-09-28,1028
2449,京元電子,6,1,5,合庫-彰化,2023-09-28,1028
3706,神達,19,14,5,合庫-彰化,2023-09-28,1028
6111,大宇資,15,10,5,合庫-彰化,2023-09-28,1028
6732,昇佳電子,5,0,5,合庫-彰化,2023-09-28,1028
8358,金居,5,0,5,合庫-彰化,2023-09-28,1028
2376,技嘉,16,11,5,合庫-彰化,2023-09-28,1028
00919,群益台灣精選高息,6,2,4,合庫-彰化,2023-09-28,1028
2201,裕隆,12,8,4,合庫-彰化,2023-09-28,1028
2208,台船,10,6,4,合庫-彰化,2023-09-28,1028
00753L,中信中國50正2,210,0,210,合庫-彰化,2023-10-02,1028
8155,博智,129,0,129,合庫-彰化,2023-10-02,1028
2363,矽統,135,29,106,合庫-彰化,2023-10-02,1028
00712,復華富時不動產,101,0,101,合庫-彰化,2023-10-02,1028
6120,達運,93,0,93,合庫-彰化,2023-10-02,1028
00673R,期元大S＆P原油反1,62,0,62,合庫-彰化,2023-10-02,1028
1402,遠東新,41,0,41,合庫-彰化,2023-10-02,1028
00680L,元大美債20正2,40,0,40,合庫-彰化,2023-10-02,1028
5426,振發,45,5,40,合庫-彰化,2023-10-02,1028
3481,群創,39,5,34,合庫-彰化,2023-10-02,1028
2316,楠梓電,42,10,32,合庫-彰化,2023-10-02,1028
2002,中鋼,30,4,26,合庫-彰化,2023-10-02,1028
00931B,統一美債20年,23,0,23,合庫-彰化,2023-10-02,1028
2312,金寶,20,1,19,合庫-彰化,2023-10-02,1028
2409,友達,22,3,19,合庫-彰化,2023-10-02,1028
00772B,中信高評級公司債,18,0,18,合庫-彰化,2023-10-02,1028
00929,復華台灣科技優息,22,5,17,合庫-彰化,2023-10-02,1028
1210,大成,15,0,15,合庫-彰化,2023-10-02,1028
2603,長榮,20,6,14,合庫-彰化,2023-10-02,1028
00720B,元大投資級公司債,14,0,14,合庫-彰化,2023-10-02,1028
00679B,元大美債20年,13,0,13,合庫-彰化,2023-10-02,1028
2605,新興,14,1,13,合庫-彰化,2023-10-02,1028
4979,華星光,13,0,13,合庫-彰化,2023-10-02,1028
1618,合機,12,0,12,合庫-彰化,2023-10-02,1028
2615,萬海,12,0,12,合庫-彰化,2023-10-02,1028
5452,佶優,12,0,12,合庫-彰化,2023-10-02,1028
912000,晨訊科-DR,22,10,12,合庫-彰化,2023-10-02,1028
00642U,期元大S＆P石油,12,1,11,合庫-彰化,2023-10-02,1028
2606,裕民,13,2,11,合庫-彰化,2023-10-02,1028
2634,漢翔,13,2,11,合庫-彰化,2023-10-02,1028
00751B,元大AAA至A公司債,11,0,11,合庫-彰化,2023-10-02,1028
3380,明泰,10,0,10,合庫-彰化,2023-10-02,1028
5328,華容,10,0,10,合庫-彰化,2023-10-02,1028
2204,中華,10,1,9,合庫-彰化,2023-10-02,1028
6271,同欣電,9,0,9,合庫-彰化,2023-10-02,1028
2883,凱基金,8,0,8,合庫-彰化,2023-10-02,1028
00892,富邦台灣半導體,10,2,8,合庫-彰化,2023-10-02,1028
1301,台塑,13,5,8,合庫-彰化,2023-10-02,1028
2405,輔信,10,2,8,合庫-彰化,2023-10-02,1028
2457,飛宏,20,12,8,合庫-彰化,2023-10-02,1028
5880,合庫金,8,0,8,合庫-彰化,2023-10-02,1028
1905,華紙,6,0,6,合庫-彰化,2023-10-02,1028
1907,永豐餘,6,0,6,合庫-彰化,2023-10-02,1028
3372,典範,6,0,6,合庫-彰化,2023-10-02,1028
3706,神達,14,8,6,合庫-彰化,2023-10-02,1028
4906,正文,7,1,6,合庫-彰化,2023-10-02,1028
6143,振曜,8,2,6,合庫-彰化,2023-10-02,1028
00722B,群益投資級電信債,5,0,5,合庫-彰化,2023-10-02,1028
00670L,富邦NASDAQ正2,5,0,5,合庫-彰化,2023-10-02,1028
1569,濱川,5,0,5,合庫-彰化,2023-10-02,1028
00665L,富邦�琤肭磪囓�2,332,0,332,合庫-彰化,2023-10-03,1028
3013,晟銘電,130,32,98,合庫-彰化,2023-10-03,1028
2337,旺宏,92,14,78,合庫-彰化,2023-10-03,1028
6120,達運,62,5,57,合庫-彰化,2023-10-03,1028
1584,精剛,61,17,44,合庫-彰化,2023-10-03,1028
3231,緯創,75,33,42,合庫-彰化,2023-10-03,1028
2881,富邦金,40,0,40,合庫-彰化,2023-10-03,1028
00712,復華富時不動產,40,0,40,合庫-彰化,2023-10-03,1028
0056,元大高股息,45,6,39,合庫-彰化,2023-10-03,1028
00922,國泰台灣領袖50,38,0,38,合庫-彰化,2023-10-03,1028
9904,寶成,36,0,36,合庫-彰化,2023-10-03,1028
00929,復華台灣科技優息,45,13,32,合庫-彰化,2023-10-03,1028
5426,振發,26,0,26,合庫-彰化,2023-10-03,1028
2356,英業達,43,18,25,合庫-彰化,2023-10-03,1028
00679B,元大美債20年,23,0,23,合庫-彰化,2023-10-03,1028
00882,中信中國高股息,23,0,23,合庫-彰化,2023-10-03,1028
2834,臺企銀,23,0,23,合庫-彰化,2023-10-03,1028
3325,旭品,39,16,23,合庫-彰化,2023-10-03,1028
2312,金寶,22,0,22,合庫-彰化,2023-10-03,1028
00751B,元大AAA至A公司債,20,1,19,合庫-彰化,2023-10-03,1028
00720B,元大投資級公司債,17,0,17,合庫-彰化,2023-10-03,1028
2363,矽統,30,13,17,合庫-彰化,2023-10-03,1028
2409,友達,99,83,16,合庫-彰化,2023-10-03,1028
3481,群創,14,0,14,合庫-彰化,2023-10-03,1028
9110,越南控-DR,14,0,14,合庫-彰化,2023-10-03,1028
2885,元大金,13,0,13,合庫-彰化,2023-10-03,1028
00772B,中信高評級公司債,13,0,13,合庫-彰化,2023-10-03,1028
2618,長榮航,22,9,13,合庫-彰化,2023-10-03,1028
8938,明安,13,0,13,合庫-彰化,2023-10-03,1028
00885,富邦越南,12,0,12,合庫-彰化,2023-10-03,1028
00680L,元大美債20正2,12,0,12,合庫-彰化,2023-10-03,1028
00642U,期元大S＆P石油,12,0,12,合庫-彰化,2023-10-03,1028
2891,中信金,11,0,11,合庫-彰化,2023-10-03,1028
00637L,元大滬深300正2,15,4,11,合庫-彰化,2023-10-03,1028
2009,第一銅,11,0,11,合庫-彰化,2023-10-03,1028
2301,光寶科,11,0,11,合庫-彰化,2023-10-03,1028
2883,凱基金,13,2,11,合庫-彰化,2023-10-03,1028
4960,誠美材,11,0,11,合庫-彰化,2023-10-03,1028
9938,百和,11,0,11,合庫-彰化,2023-10-03,1028
2417,圓剛,12,2,10,合庫-彰化,2023-10-03,1028
3308,聯德,10,0,10,合庫-彰化,2023-10-03,1028
4106,雃博,10,0,10,合庫-彰化,2023-10-03,1028
912000,晨訊科-DR,10,0,10,合庫-彰化,2023-10-03,1028
5880,合庫金,11,2,9,合庫-彰化,2023-10-03,1028
1605,華新,9,0,9,合庫-彰化,2023-10-03,1028
2201,裕隆,14,5,9,合庫-彰化,2023-10-03,1028
2926,誠品生活,9,0,9,合庫-彰化,2023-10-03,1028
3322,建舜電,33,24,9,合庫-彰化,2023-10-03,1028
3706,神達,13,4,9,合庫-彰化,2023-10-03,1028
6026,福邦證,9,0,9,合庫-彰化,2023-10-03,1028
2303,聯電,210,0,210,合庫-彰化,2023-10-04,1028
1434,福懋,201,0,201,合庫-彰化,2023-10-04,1028
5880,合庫金,147,5,142,合庫-彰化,2023-10-04,1028
2881,富邦金,79,1,78,合庫-彰化,2023-10-04,1028
00712,復華富時不動產,74,0,74,合庫-彰化,2023-10-04,1028
2201,裕隆,79,10,69,合庫-彰化,2023-10-04,1028
00929,復華台灣科技優息,70,2,68,合庫-彰化,2023-10-04,1028
5392,能率,111,43,68,合庫-彰化,2023-10-04,1028
00679B,元大美債20年,63,0,63,合庫-彰化,2023-10-04,1028
3013,晟銘電,72,10,62,合庫-彰化,2023-10-04,1028
2891,中信金,44,0,44,合庫-彰化,2023-10-04,1028
2887,台新金,43,0,43,合庫-彰化,2023-10-04,1028
3481,群創,40,0,40,合庫-彰化,2023-10-04,1028
2105,正新,40,1,39,合庫-彰化,2023-10-04,1028
2885,元大金,37,0,37,合庫-彰化,2023-10-04,1028
00687B,國泰20年美債,37,0,37,合庫-彰化,2023-10-04,1028
1584,精剛,37,0,37,合庫-彰化,2023-10-04,1028
00903,富邦元宇宙,35,0,35,合庫-彰化,2023-10-04,1028
00751B,元大AAA至A公司債,34,0,34,合庫-彰化,2023-10-04,1028
00919,群益台灣精選高息,34,3,31,合庫-彰化,2023-10-04,1028
00680L,元大美債20正2,33,3,30,合庫-彰化,2023-10-04,1028
2528,皇普,29,0,29,合庫-彰化,2023-10-04,1028
00720B,元大投資級公司債,28,0,28,合庫-彰化,2023-10-04,1028
00719B,元大美債1-3,24,0,24,合庫-彰化,2023-10-04,1028
3231,緯創,42,18,24,合庫-彰化,2023-10-04,1028
2880,華南金,23,0,23,合庫-彰化,2023-10-04,1028
2409,友達,22,0,22,合庫-彰化,2023-10-04,1028
2516,新建,21,0,21,合庫-彰化,2023-10-04,1028
2352,佳世達,20,1,19,合庫-彰化,2023-10-04,1028
2883,凱基金,18,0,18,合庫-彰化,2023-10-04,1028
00922,國泰台灣領袖50,21,4,17,合庫-彰化,2023-10-04,1028
1524,耿鼎,22,5,17,合庫-彰化,2023-10-04,1028
00725B,國泰投資級公司債,16,0,16,合庫-彰化,2023-10-04,1028
00931B,統一美債20年,16,0,16,合庫-彰化,2023-10-04,1028
1101,台泥,16,0,16,合庫-彰化,2023-10-04,1028
0056,元大高股息,16,0,16,合庫-彰化,2023-10-04,1028
6188,廣明,15,0,15,合庫-彰化,2023-10-04,1028
1326,台化,15,0,15,合庫-彰化,2023-10-04,1028
2344,華邦電,16,1,15,合庫-彰化,2023-10-04,1028
00795B,中信美國公債20年,13,0,13,合庫-彰化,2023-10-04,1028
8936,國統,13,0,13,合庫-彰化,2023-10-04,1028
00722B,群益投資級電信債,12,0,12,合庫-彰化,2023-10-04,1028
1605,華新,12,0,12,合庫-彰化,2023-10-04,1028
9904,寶成,12,0,12,合庫-彰化,2023-10-04,1028
00892,富邦台灣半導體,11,0,11,合庫-彰化,2023-10-04,1028
1460,宏遠,10,0,10,合庫-彰化,2023-10-04,1028
2340,台亞,11,1,10,合庫-彰化,2023-10-04,1028
3094,聯傑,10,0,10,合庫-彰化,2023-10-04,1028
4989,榮科,10,0,10,合庫-彰化,2023-10-04,1028
8938,明安,10,0,10,合庫-彰化,2023-10-04,1028
6120,達運,145,0,145,合庫-彰化,2023-10-05,1028
00712,復華富時不動產,133,2,131,合庫-彰化,2023-10-05,1028
2201,裕隆,131,7,124,合庫-彰化,2023-10-05,1028
9105,泰金寶-DR,50,1,49,合庫-彰化,2023-10-05,1028
3715,定穎投控,61,23,38,合庫-彰化,2023-10-05,1028
1584,精剛,35,1,34,合庫-彰化,2023-10-05,1028
00931B,統一美債20年,33,1,32,合庫-彰化,2023-10-05,1028
2312,金寶,32,0,32,合庫-彰化,2023-10-05,1028
6204,艾華,25,0,25,合庫-彰化,2023-10-05,1028
5426,振發,35,11,24,合庫-彰化,2023-10-05,1028
2801,彰銀,22,0,22,合庫-彰化,2023-10-05,1028
2538,基泰,21,0,21,合庫-彰化,2023-10-05,1028
00637L,元大滬深300正2,22,2,20,合庫-彰化,2023-10-05,1028
2887,台新金,20,0,20,合庫-彰化,2023-10-05,1028
6288,聯嘉,46,27,19,合庫-彰化,2023-10-05,1028
2457,飛宏,32,15,17,合庫-彰化,2023-10-05,1028
1514,亞力,27,11,16,合庫-彰化,2023-10-05,1028
2885,元大金,15,0,15,合庫-彰化,2023-10-05,1028
6477,安集,15,0,15,合庫-彰化,2023-10-05,1028
2367,燿華,14,0,14,合庫-彰化,2023-10-05,1028
2834,臺企銀,14,0,14,合庫-彰化,2023-10-05,1028
4960,誠美材,14,0,14,合庫-彰化,2023-10-05,1028
2888,新光金,18,5,13,合庫-彰化,2023-10-05,1028
00676R,富邦臺灣加權反1,11,0,11,合庫-彰化,2023-10-05,1028
2034,允強,10,0,10,合庫-彰化,2023-10-05,1028
3013,晟銘電,22,12,10,合庫-彰化,2023-10-05,1028
3362,先進光,13,3,10,合庫-彰化,2023-10-05,1028
2002,中鋼,9,0,9,合庫-彰化,2023-10-05,1028
1101,台泥,9,0,9,合庫-彰化,2023-10-05,1028
00929,復華台灣科技優息,25,16,9,合庫-彰化,2023-10-05,1028
00764B,群益25年美債,15,6,9,合庫-彰化,2023-10-05,1028
00687B,國泰20年美債,9,0,9,合庫-彰化,2023-10-05,1028
4979,華星光,12,4,8,合庫-彰化,2023-10-05,1028
2365,昆盈,10,2,8,合庫-彰化,2023-10-05,1028
2641,正德,8,0,8,合庫-彰化,2023-10-05,1028
6143,振曜,8,0,8,合庫-彰化,2023-10-05,1028
3011,今皓,7,0,7,合庫-彰化,2023-10-05,1028
3044,健鼎,7,0,7,合庫-彰化,2023-10-05,1028
2412,中華電,7,0,7,合庫-彰化,2023-10-05,1028
5880,合庫金,6,0,6,合庫-彰化,2023-10-05,1028
00680L,元大美債20正2,6,0,6,合庫-彰化,2023-10-05,1028
2618,長榮航,23,17,6,合庫-彰化,2023-10-05,1028
2886,兆豐金,6,0,6,合庫-彰化,2023-10-05,1028
3363,上詮,38,32,6,合庫-彰化,2023-10-05,1028
3548,兆利,8,2,6,合庫-彰化,2023-10-05,1028
8271,宇瞻,11,5,6,合庫-彰化,2023-10-05,1028
1220,台榮,5,0,5,合庫-彰化,2023-10-05,1028
00706L,期元大S＆P日圓正2,5,0,5,合庫-彰化,2023-10-05,1028
00919,群益台灣精選高息,7,2,5,合庫-彰化,2023-10-05,1028
2449,京元電子,8,3,5,合庫-彰化,2023-10-05,1028
2365,昆盈,188,0,188,合庫-彰化,2023-10-06,1028
00712,復華富時不動產,126,2,124,合庫-彰化,2023-10-06,1028
1909,榮成,101,0,101,合庫-彰化,2023-10-06,1028
00929,復華台灣科技優息,98,10,88,合庫-彰化,2023-10-06,1028
3017,奇鋐,67,16,51,合庫-彰化,2023-10-06,1028
2201,裕隆,55,7,48,合庫-彰化,2023-10-06,1028
9105,泰金寶-DR,47,0,47,合庫-彰化,2023-10-06,1028
6120,達運,61,20,41,合庫-彰化,2023-10-06,1028
00720B,元大投資級公司債,33,0,33,合庫-彰化,2023-10-06,1028
2374,佳能,32,0,32,合庫-彰化,2023-10-06,1028
8938,明安,29,0,29,合庫-彰化,2023-10-06,1028
00679B,元大美債20年,25,0,25,合庫-彰化,2023-10-06,1028
2883,凱基金,22,0,22,合庫-彰化,2023-10-06,1028
2409,友達,22,1,21,合庫-彰化,2023-10-06,1028
5392,能率,31,10,21,合庫-彰化,2023-10-06,1028
00664R,國泰臺灣加權反1,20,0,20,合庫-彰化,2023-10-06,1028
6861,睿生光電,22,2,20,合庫-彰化,2023-10-06,1028
3051,力特,22,4,18,合庫-彰化,2023-10-06,1028
2634,漢翔,19,2,17,合庫-彰化,2023-10-06,1028
3530,晶相光,19,2,17,合庫-彰化,2023-10-06,1028
3059,華晶科,16,0,16,合庫-彰化,2023-10-06,1028
2331,精英,18,3,15,合庫-彰化,2023-10-06,1028
8033,雷虎,14,0,14,合庫-彰化,2023-10-06,1028
5469,瀚宇博,13,0,13,合庫-彰化,2023-10-06,1028
2402,毅嘉,12,0,12,合庫-彰化,2023-10-06,1028
5439,高技,12,1,11,合庫-彰化,2023-10-06,1028
00706L,期元大S＆P日圓正2,10,0,10,合庫-彰化,2023-10-06,1028
3346,麗清,10,0,10,合庫-彰化,2023-10-06,1028
3481,群創,15,5,10,合庫-彰化,2023-10-06,1028
4707,磐亞,10,0,10,合庫-彰化,2023-10-06,1028
2332,友訊,9,0,9,合庫-彰化,2023-10-06,1028
2468,華經,12,3,9,合庫-彰化,2023-10-06,1028
2886,兆豐金,13,4,9,合庫-彰化,2023-10-06,1028
6274,台燿,11,3,8,合庫-彰化,2023-10-06,1028
2913,農林,8,0,8,合庫-彰化,2023-10-06,1028
6446,藥華藥,9,1,8,合庫-彰化,2023-10-06,1028
0056,元大高股息,27,20,7,合庫-彰化,2023-10-06,1028
00751B,元大AAA至A公司債,7,0,7,合庫-彰化,2023-10-06,1028
2356,英業達,13,6,7,合庫-彰化,2023-10-06,1028
00922,國泰台灣領袖50,6,0,6,合庫-彰化,2023-10-06,1028
1802,台玻,6,0,6,合庫-彰化,2023-10-06,1028
2408,南亞科,6,0,6,合庫-彰化,2023-10-06,1028
2618,長榮航,6,0,6,合庫-彰化,2023-10-06,1028
3311,閎暉,6,0,6,合庫-彰化,2023-10-06,1028
4908,前鼎,6,0,6,合庫-彰化,2023-10-06,1028
6125,廣運,6,0,6,合庫-彰化,2023-10-06,1028
6290,良維,8,2,6,合庫-彰化,2023-10-06,1028
5880,合庫金,6,1,5,合庫-彰化,2023-10-06,1028
00696B,富邦美債20年,5,0,5,合庫-彰化,2023-10-06,1028
1618,合機,5,0,5,合庫-彰化,2023-10-06,1028
2883,凱基金,191,9,182,合庫-彰化,2023-10-11,1028
3006,晶豪科,128,20,108,合庫-彰化,2023-10-11,1028
00679B,元大美債20年,105,0,105,合庫-彰化,2023-10-11,1028
6120,達運,115,35,80,合庫-彰化,2023-10-11,1028
3013,晟銘電,124,44,80,合庫-彰化,2023-10-11,1028
5392,能率,95,30,65,合庫-彰化,2023-10-11,1028
3231,緯創,117,78,39,合庫-彰化,2023-10-11,1028
1471,首利,32,1,31,合庫-彰化,2023-10-11,1028
2369,菱生,30,1,29,合庫-彰化,2023-10-11,1028
1907,永豐餘,28,0,28,合庫-彰化,2023-10-11,1028
3325,旭品,29,2,27,合庫-彰化,2023-10-11,1028
3017,奇鋐,30,4,26,合庫-彰化,2023-10-11,1028
2610,華航,27,2,25,合庫-彰化,2023-10-11,1028
9110,越南控-DR,25,0,25,合庫-彰化,2023-10-11,1028
1504,東元,23,0,23,合庫-彰化,2023-10-11,1028
9921,巨大,22,0,22,合庫-彰化,2023-10-11,1028
2356,英業達,41,19,22,合庫-彰化,2023-10-11,1028
1810,和成,21,0,21,合庫-彰化,2023-10-11,1028
2489,瑞軒,20,0,20,合庫-彰化,2023-10-11,1028
00671R,富邦NASDAQ反1,20,0,20,合庫-彰化,2023-10-11,1028
3308,聯德,20,0,20,合庫-彰化,2023-10-11,1028
2516,新建,20,2,18,合庫-彰化,2023-10-11,1028
00931B,統一美債20年,17,0,17,合庫-彰化,2023-10-11,1028
2331,精英,17,0,17,合庫-彰化,2023-10-11,1028
6861,睿生光電,17,0,17,合庫-彰化,2023-10-11,1028
2002,中鋼,16,0,16,合庫-彰化,2023-10-11,1028
2609,陽明,15,0,15,合庫-彰化,2023-10-11,1028
0056,元大高股息,25,10,15,合庫-彰化,2023-10-11,1028
2332,友訊,14,0,14,合庫-彰化,2023-10-11,1028
2618,長榮航,16,2,14,合庫-彰化,2023-10-11,1028
6143,振曜,15,1,14,合庫-彰化,2023-10-11,1028
2498,宏達電,13,0,13,合庫-彰化,2023-10-11,1028
00919,群益台灣精選高息,33,20,13,合庫-彰化,2023-10-11,1028
00751B,元大AAA至A公司債,12,0,12,合庫-彰化,2023-10-11,1028
1709,和益,12,0,12,合庫-彰化,2023-10-11,1028
2515,中工,12,0,12,合庫-彰化,2023-10-11,1028
2014,中鴻,11,0,11,合庫-彰化,2023-10-11,1028
00642U,期元大S＆P石油,11,0,11,合庫-彰化,2023-10-11,1028
6244,茂迪,11,0,11,合庫-彰化,2023-10-11,1028
00922,國泰台灣領袖50,11,1,10,合庫-彰化,2023-10-11,1028
00687B,國泰20年美債,10,0,10,合庫-彰化,2023-10-11,1028
00637L,元大滬深300正2,10,0,10,合庫-彰化,2023-10-11,1028
1339,昭輝,10,0,10,合庫-彰化,2023-10-11,1028
2607,榮運,10,0,10,合庫-彰化,2023-10-11,1028
5285,界霖,10,0,10,合庫-彰化,2023-10-11,1028
6113,亞矽,10,0,10,合庫-彰化,2023-10-11,1028
6741,91APP*-KY,13,3,10,合庫-彰化,2023-10-11,1028
8021,尖點,10,0,10,合庫-彰化,2023-10-11,1028
9911,櫻花,13,3,10,合庫-彰化,2023-10-11,1028
2603,長榮,12,3,9,合庫-彰化,2023-10-11,1028
2886,兆豐金,1001,10,991,合庫-彰化,2023-10-12,1028
00676R,富邦臺灣加權反1,150,11,139,合庫-彰化,2023-10-12,1028
00664R,國泰臺灣加權反1,100,0,100,合庫-彰化,2023-10-12,1028
00712,復華富時不動產,109,21,88,合庫-彰化,2023-10-12,1028
5521,工信,69,0,69,合庫-彰化,2023-10-12,1028
8150,南茂,66,0,66,合庫-彰化,2023-10-12,1028
2374,佳能,52,22,30,合庫-彰化,2023-10-12,1028
8024,佑華,30,0,30,合庫-彰化,2023-10-12,1028
3162,精確,26,0,26,合庫-彰化,2023-10-12,1028
8938,明安,24,0,24,合庫-彰化,2023-10-12,1028
6753,龍德造船,23,0,23,合庫-彰化,2023-10-12,1028
3006,晶豪科,46,24,22,合庫-彰化,2023-10-12,1028
9921,巨大,22,0,22,合庫-彰化,2023-10-12,1028
00929,復華台灣科技優息,22,2,20,合庫-彰化,2023-10-12,1028
00903,富邦元宇宙,18,0,18,合庫-彰化,2023-10-12,1028
3308,聯德,17,1,16,合庫-彰化,2023-10-12,1028
3037,欣興,15,1,14,合庫-彰化,2023-10-12,1028
00687B,國泰20年美債,12,0,12,合庫-彰化,2023-10-12,1028
6282,康舒,13,2,11,合庫-彰化,2023-10-12,1028
00919,群益台灣精選高息,11,1,10,合庫-彰化,2023-10-12,1028
00642U,期元大S＆P石油,10,0,10,合庫-彰化,2023-10-12,1028
00751B,元大AAA至A公司債,10,0,10,合庫-彰化,2023-10-12,1028
2382,廣達,36,26,10,合庫-彰化,2023-10-12,1028
3702,大聯大,10,0,10,合庫-彰化,2023-10-12,1028
3705,永信,10,0,10,合庫-彰化,2023-10-12,1028
6129,普誠,10,0,10,合庫-彰化,2023-10-12,1028
6538,倉和,12,2,10,合庫-彰化,2023-10-12,1028
2356,英業達,12,3,9,合庫-彰化,2023-10-12,1028
2887,台新金,13,4,9,合庫-彰化,2023-10-12,1028
4989,榮科,9,0,9,合庫-彰化,2023-10-12,1028
5340,建榮,9,0,9,合庫-彰化,2023-10-12,1028
6861,睿生光電,9,0,9,合庫-彰化,2023-10-12,1028
2324,仁寶,8,0,8,合庫-彰化,2023-10-12,1028
5457,宣德,7,0,7,合庫-彰化,2023-10-12,1028
6781,AES-KY,7,0,7,合庫-彰化,2023-10-12,1028
8033,雷虎,11,4,7,合庫-彰化,2023-10-12,1028
9955,佳龍,7,0,7,合庫-彰化,2023-10-12,1028
00878,國泰永續高股息,15,8,7,合庫-彰化,2023-10-12,1028
00708L,期元大S＆P黃金正2,6,0,6,合庫-彰化,2023-10-12,1028
2387,精元,6,0,6,合庫-彰化,2023-10-12,1028
2002,中鋼,6,1,5,合庫-彰化,2023-10-12,1028
2331,精英,5,0,5,合庫-彰化,2023-10-12,1028
2405,輔信,5,0,5,合庫-彰化,2023-10-12,1028
2515,中工,5,0,5,合庫-彰化,2023-10-12,1028
2867,三商壽,5,0,5,合庫-彰化,2023-10-12,1028
3372,典範,5,0,5,合庫-彰化,2023-10-12,1028
6112,邁達特,5,0,5,合庫-彰化,2023-10-12,1028
6451,訊芯-KY,8,3,5,合庫-彰化,2023-10-12,1028
8088,品安,55,50,5,合庫-彰化,2023-10-12,1028
5880,合庫金,5,0,5,合庫-彰化,2023-10-12,1028
1314,中石化,256,15,241,合庫-彰化,2023-10-13,1028
6120,達運,111,0,111,合庫-彰化,2023-10-13,1028
8150,南茂,106,2,104,合庫-彰化,2023-10-13,1028
2515,中工,100,11,89,合庫-彰化,2023-10-13,1028
2881,富邦金,53,0,53,合庫-彰化,2023-10-13,1028
1584,精剛,51,0,51,合庫-彰化,2023-10-13,1028
5469,瀚宇博,50,0,50,合庫-彰化,2023-10-13,1028
2324,仁寶,50,0,50,合庫-彰化,2023-10-13,1028
3231,緯創,58,9,49,合庫-彰化,2023-10-13,1028
1802,台玻,44,0,44,合庫-彰化,2023-10-13,1028
00931B,統一美債20年,29,0,29,合庫-彰化,2023-10-13,1028
3006,晶豪科,31,2,29,合庫-彰化,2023-10-13,1028
2382,廣達,55,27,28,合庫-彰化,2023-10-13,1028
2426,鼎元,27,2,25,合庫-彰化,2023-10-13,1028
2353,宏��,25,1,24,合庫-彰化,2023-10-13,1028
3202,樺晟,24,0,24,合庫-彰化,2023-10-13,1028
0056,元大高股息,24,0,24,合庫-彰化,2023-10-13,1028
2409,友達,24,3,21,合庫-彰化,2023-10-13,1028
2376,技嘉,24,4,20,合庫-彰化,2023-10-13,1028
00878,國泰永續高股息,17,0,17,合庫-彰化,2023-10-13,1028
00720B,元大投資級公司債,17,0,17,合庫-彰化,2023-10-13,1028
2457,飛宏,18,1,17,合庫-彰化,2023-10-13,1028
5347,世界,37,20,17,合庫-彰化,2023-10-13,1028
6446,藥華藥,16,0,16,合庫-彰化,2023-10-13,1028
6741,91APP*-KY,16,0,16,合庫-彰化,2023-10-13,1028
00919,群益台灣精選高息,15,0,15,合庫-彰化,2023-10-13,1028
2890,永豐金,16,1,15,合庫-彰化,2023-10-13,1028
2002,中鋼,15,1,14,合庫-彰化,2023-10-13,1028
5392,能率,14,0,14,合庫-彰化,2023-10-13,1028
6143,振曜,14,1,13,合庫-彰化,2023-10-13,1028
6129,普誠,12,0,12,合庫-彰化,2023-10-13,1028
9904,寶成,12,0,12,合庫-彰化,2023-10-13,1028
1101,台泥,15,3,12,合庫-彰化,2023-10-13,1028
2618,長榮航,12,0,12,合庫-彰化,2023-10-13,1028
2402,毅嘉,21,10,11,合庫-彰化,2023-10-13,1028
8938,明安,11,0,11,合庫-彰化,2023-10-13,1028
00751B,元大AAA至A公司債,10,0,10,合庫-彰化,2023-10-13,1028
00671R,富邦NASDAQ反1,10,0,10,合庫-彰化,2023-10-13,1028
2485,兆赫,10,0,10,合庫-彰化,2023-10-13,1028
3043,科風,10,0,10,合庫-彰化,2023-10-13,1028
3078,僑威,15,5,10,合庫-彰化,2023-10-13,1028
8088,品安,11,1,10,合庫-彰化,2023-10-13,1028
3481,群創,11,1,10,合庫-彰化,2023-10-13,1028
00929,復華台灣科技優息,10,1,9,合庫-彰化,2023-10-13,1028
00679B,元大美債20年,9,0,9,合庫-彰化,2023-10-13,1028
9105,泰金寶-DR,9,0,9,合庫-彰化,2023-10-13,1028
2883,凱基金,15,7,8,合庫-彰化,2023-10-13,1028
00712,復華富時不動產,8,0,8,合庫-彰化,2023-10-13,1028
3450,聯鈞,14,6,8,合庫-彰化,2023-10-13,1028
00725B,國泰投資級公司債,7,0,7,合庫-彰化,2023-10-13,1028
2610,華航,244,5,239,合庫-彰化,2023-10-16,1028
2516,新建,185,1,184,合庫-彰化,2023-10-16,1028
00665L,富邦�琤肭磪囓�2,183,0,183,合庫-彰化,2023-10-16,1028
00753L,中信中國50正2,150,0,150,合庫-彰化,2023-10-16,1028
2887,台新金,73,0,73,合庫-彰化,2023-10-16,1028
2344,華邦電,47,1,46,合庫-彰化,2023-10-16,1028
2618,長榮航,47,3,44,合庫-彰化,2023-10-16,1028
6120,達運,41,0,41,合庫-彰化,2023-10-16,1028
1584,精剛,30,0,30,合庫-彰化,2023-10-16,1028
5392,能率,30,0,30,合庫-彰化,2023-10-16,1028
8088,品安,30,0,30,合庫-彰化,2023-10-16,1028
5469,瀚宇博,28,0,28,合庫-彰化,2023-10-16,1028
2515,中工,59,33,26,合庫-彰化,2023-10-16,1028
1605,華新,34,10,24,合庫-彰化,2023-10-16,1028
3051,力特,23,1,22,合庫-彰化,2023-10-16,1028
8076,伍豐,22,0,22,合庫-彰化,2023-10-16,1028
5347,世界,21,0,21,合庫-彰化,2023-10-16,1028
2880,華南金,20,0,20,合庫-彰化,2023-10-16,1028
3363,上詮,48,29,19,合庫-彰化,2023-10-16,1028
2363,矽統,59,40,19,合庫-彰化,2023-10-16,1028
0056,元大高股息,20,1,19,合庫-彰化,2023-10-16,1028
2324,仁寶,18,0,18,合庫-彰化,2023-10-16,1028
00878,國泰永續高股息,17,0,17,合庫-彰化,2023-10-16,1028
2630,亞航,17,0,17,合庫-彰化,2023-10-16,1028
3706,神達,17,0,17,合庫-彰化,2023-10-16,1028
3325,旭品,27,10,17,合庫-彰化,2023-10-16,1028
2356,英業達,20,4,16,合庫-彰化,2023-10-16,1028
2409,友達,16,0,16,合庫-彰化,2023-10-16,1028
8150,南茂,16,0,16,合庫-彰化,2023-10-16,1028
00929,復華台灣科技優息,36,22,14,合庫-彰化,2023-10-16,1028
2029,盛餘,13,0,13,合庫-彰化,2023-10-16,1028
2486,一詮,13,0,13,合庫-彰化,2023-10-16,1028
3481,群創,13,0,13,合庫-彰化,2023-10-16,1028
4102,永日,13,0,13,合庫-彰化,2023-10-16,1028
6770,力積電,16,4,12,合庫-彰化,2023-10-16,1028
00902,中信電池及儲能,12,0,12,合庫-彰化,2023-10-16,1028
2377,微星,12,0,12,合庫-彰化,2023-10-16,1028
00922,國泰台灣領袖50,11,0,11,合庫-彰化,2023-10-16,1028
2457,飛宏,11,0,11,合庫-彰化,2023-10-16,1028
2489,瑞軒,10,0,10,合庫-彰化,2023-10-16,1028
00642U,期元大S＆P石油,10,0,10,合庫-彰化,2023-10-16,1028
00719B,元大美債1-3,10,0,10,合庫-彰化,2023-10-16,1028
1568,倉佑,10,0,10,合庫-彰化,2023-10-16,1028
1810,和成,10,0,10,合庫-彰化,2023-10-16,1028
2637,慧洋-KY,10,0,10,合庫-彰化,2023-10-16,1028
2701,萬企,10,0,10,合庫-彰化,2023-10-16,1028
3052,夆典,10,0,10,合庫-彰化,2023-10-16,1028
3162,精確,10,0,10,合庫-彰化,2023-10-16,1028
8938,明安,10,0,10,合庫-彰化,2023-10-16,1028
2376,技嘉,17,7,10,合庫-彰化,2023-10-16,1028
1712,興農,120,0,120,合庫-彰化,2023-10-17,1028
3013,晟銘電,118,13,105,合庫-彰化,2023-10-17,1028
00878,國泰永續高股息,91,0,91,合庫-彰化,2023-10-17,1028
2324,仁寶,62,2,60,合庫-彰化,2023-10-17,1028
0056,元大高股息,63,6,57,合庫-彰化,2023-10-17,1028
5469,瀚宇博,42,0,42,合庫-彰化,2023-10-17,1028
1314,中石化,40,0,40,合庫-彰化,2023-10-17,1028
6770,力積電,36,1,35,合庫-彰化,2023-10-17,1028
00931B,統一美債20年,33,0,33,合庫-彰化,2023-10-17,1028
9110,越南控-DR,32,0,32,合庫-彰化,2023-10-17,1028
5009,榮剛,50,20,30,合庫-彰化,2023-10-17,1028
2618,長榮航,45,17,28,合庫-彰化,2023-10-17,1028
3715,定穎投控,32,5,27,合庫-彰化,2023-10-17,1028
2331,精英,27,1,26,合庫-彰化,2023-10-17,1028
00687B,國泰20年美債,25,0,25,合庫-彰化,2023-10-17,1028
2610,華航,31,7,24,合庫-彰化,2023-10-17,1028
00751B,元大AAA至A公司債,23,0,23,合庫-彰化,2023-10-17,1028
3034,聯詠,19,0,19,合庫-彰化,2023-10-17,1028
00772B,中信高評級公司債,13,0,13,合庫-彰化,2023-10-17,1028
2316,楠梓電,13,0,13,合庫-彰化,2023-10-17,1028
2352,佳世達,13,0,13,合庫-彰化,2023-10-17,1028
2607,榮運,14,1,13,合庫-彰化,2023-10-17,1028
3078,僑威,24,11,13,合庫-彰化,2023-10-17,1028
3325,旭品,13,0,13,合庫-彰化,2023-10-17,1028
00922,國泰台灣領袖50,11,0,11,合庫-彰化,2023-10-17,1028
00688L,國泰20年美債正2,11,0,11,合庫-彰化,2023-10-17,1028
2029,盛餘,11,0,11,合庫-彰化,2023-10-17,1028
2542,興富發,11,0,11,合庫-彰化,2023-10-17,1028
5299,杰力,11,0,11,合庫-彰化,2023-10-17,1028
9105,泰金寶-DR,11,0,11,合庫-彰化,2023-10-17,1028
2002,中鋼,11,0,11,合庫-彰化,2023-10-17,1028
00720B,元大投資級公司債,14,4,10,合庫-彰化,2023-10-17,1028
2603,長榮,10,0,10,合庫-彰化,2023-10-17,1028
2913,農林,10,0,10,合庫-彰化,2023-10-17,1028
2915,潤泰全,10,0,10,合庫-彰化,2023-10-17,1028
6129,普誠,10,0,10,合庫-彰化,2023-10-17,1028
2105,正新,9,0,9,合庫-彰化,2023-10-17,1028
2201,裕隆,12,3,9,合庫-彰化,2023-10-17,1028
2834,臺企銀,9,0,9,合庫-彰化,2023-10-17,1028
2337,旺宏,8,0,8,合庫-彰化,2023-10-17,1028
2634,漢翔,13,5,8,合庫-彰化,2023-10-17,1028
3122,笙泉,8,0,8,合庫-彰化,2023-10-17,1028
3481,群創,10,2,8,合庫-彰化,2023-10-17,1028
3231,緯創,68,61,7,合庫-彰化,2023-10-17,1028
4102,永日,10,3,7,合庫-彰化,2023-10-17,1028
4744,皇將,8,1,7,合庫-彰化,2023-10-17,1028
8033,雷虎,8,1,7,合庫-彰化,2023-10-17,1028
00919,群益台灣精選高息,8,2,6,合庫-彰化,2023-10-17,1028
00795B,中信美國公債20年,6,0,6,合庫-彰化,2023-10-17,1028
2354,鴻準,6,0,6,合庫-彰化,2023-10-17,1028
00878,國泰永續高股息,205,2,203,合庫-彰化,2023-10-18,1028
8150,南茂,118,1,117,合庫-彰化,2023-10-18,1028
00929,復華台灣科技優息,118,1,117,合庫-彰化,2023-10-18,1028
6120,達運,70,0,70,合庫-彰化,2023-10-18,1028
5392,能率,85,20,65,合庫-彰化,2023-10-18,1028
00919,群益台灣精選高息,67,11,56,合庫-彰化,2023-10-18,1028
00922,國泰台灣領袖50,55,0,55,合庫-彰化,2023-10-18,1028
2029,盛餘,52,0,52,合庫-彰化,2023-10-18,1028
6770,力積電,52,0,52,合庫-彰化,2023-10-18,1028
2352,佳世達,51,3,48,合庫-彰化,2023-10-18,1028
0056,元大高股息,67,29,38,合庫-彰化,2023-10-18,1028
2002,中鋼,32,0,32,合庫-彰化,2023-10-18,1028
2369,菱生,30,1,29,合庫-彰化,2023-10-18,1028
2888,新光金,28,0,28,合庫-彰化,2023-10-18,1028
2618,長榮航,50,25,25,合庫-彰化,2023-10-18,1028
3013,晟銘電,26,1,25,合庫-彰化,2023-10-18,1028
4908,前鼎,42,21,21,合庫-彰化,2023-10-18,1028
1714,和桐,20,0,20,合庫-彰化,2023-10-18,1028
3059,華晶科,20,0,20,合庫-彰化,2023-10-18,1028
2605,新興,26,8,18,合庫-彰化,2023-10-18,1028
2363,矽統,38,20,18,合庫-彰化,2023-10-18,1028
2498,宏達電,19,2,17,合庫-彰化,2023-10-18,1028
2883,凱基金,23,6,17,合庫-彰化,2023-10-18,1028
00751B,元大AAA至A公司債,18,2,16,合庫-彰化,2023-10-18,1028
2454,聯發科,25,9,16,合庫-彰化,2023-10-18,1028
3481,群創,20,4,16,合庫-彰化,2023-10-18,1028
2330,台積電,14,0,14,合庫-彰化,2023-10-18,1028
3588,通嘉,17,3,14,合庫-彰化,2023-10-18,1028
8261,富鼎,14,0,14,合庫-彰化,2023-10-18,1028
00720B,元大投資級公司債,13,0,13,合庫-彰化,2023-10-18,1028
2465,麗臺,14,1,13,合庫-彰化,2023-10-18,1028
4714,永捷,13,0,13,合庫-彰化,2023-10-18,1028
1101,台泥,12,0,12,合庫-彰化,2023-10-18,1028
00688L,國泰20年美債正2,12,0,12,合庫-彰化,2023-10-18,1028
2457,飛宏,13,1,12,合庫-彰化,2023-10-18,1028
3122,笙泉,13,1,12,合庫-彰化,2023-10-18,1028
2382,廣達,21,10,11,合庫-彰化,2023-10-18,1028
00730,富邦臺灣優質高息,11,0,11,合庫-彰化,2023-10-18,1028
1455,集盛,11,0,11,合庫-彰化,2023-10-18,1028
2834,臺企銀,13,2,11,合庫-彰化,2023-10-18,1028
3356,奇偶,10,0,10,合庫-彰化,2023-10-18,1028
5469,瀚宇博,10,0,10,合庫-彰化,2023-10-18,1028
6142,友勁,10,0,10,合庫-彰化,2023-10-18,1028
1802,台玻,10,0,10,合庫-彰化,2023-10-18,1028
00713,元大台灣高息低波,9,0,9,合庫-彰化,2023-10-18,1028
00924,復華S＆P500成長,9,0,9,合庫-彰化,2023-10-18,1028
00857B,永豐20年美公債,9,0,9,合庫-彰化,2023-10-18,1028
3163,波若威,10,1,9,合庫-彰化,2023-10-18,1028
4102,永日,10,1,9,合庫-彰化,2023-10-18,1028
00687B,國泰20年美債,8,0,8,合庫-彰化,2023-10-18,1028
00680L,元大美債20正2,325,10,315,合庫-彰化,2023-10-19,1028
4967,十銓,196,14,182,合庫-彰化,2023-10-19,1028
00933B,國泰10Y+金融債,171,0,171,合庫-彰化,2023-10-19,1028
2353,宏��,130,0,130,合庫-彰化,2023-10-19,1028
1712,興農,95,0,95,合庫-彰化,2023-10-19,1028
00720B,元大投資級公司債,83,0,83,合庫-彰化,2023-10-19,1028
2324,仁寶,80,0,80,合庫-彰化,2023-10-19,1028
00687B,國泰20年美債,75,0,75,合庫-彰化,2023-10-19,1028
5880,合庫金,52,0,52,合庫-彰化,2023-10-19,1028
6120,達運,44,0,44,合庫-彰化,2023-10-19,1028
0056,元大高股息,50,8,42,合庫-彰化,2023-10-19,1028
1714,和桐,37,0,37,合庫-彰化,2023-10-19,1028
00882,中信中國高股息,36,0,36,合庫-彰化,2023-10-19,1028
00751B,元大AAA至A公司債,35,0,35,合庫-彰化,2023-10-19,1028
6276,安鈦克,58,26,32,合庫-彰化,2023-10-19,1028
1101,台泥,31,0,31,合庫-彰化,2023-10-19,1028
2029,盛餘,29,0,29,合庫-彰化,2023-10-19,1028
2610,華航,33,5,28,合庫-彰化,2023-10-19,1028
00929,復華台灣科技優息,29,2,27,合庫-彰化,2023-10-19,1028
3715,定穎投控,55,33,22,合庫-彰化,2023-10-19,1028
00931B,統一美債20年,21,0,21,合庫-彰化,2023-10-19,1028
00893,國泰智能電動車,21,1,20,合庫-彰化,2023-10-19,1028
2369,菱生,21,2,19,合庫-彰化,2023-10-19,1028
00878,國泰永續高股息,27,9,18,合庫-彰化,2023-10-19,1028
2002,中鋼,20,2,18,合庫-彰化,2023-10-19,1028
3706,神達,20,2,18,合庫-彰化,2023-10-19,1028
00885,富邦越南,18,0,18,合庫-彰化,2023-10-19,1028
3481,群創,16,1,15,合庫-彰化,2023-10-19,1028
5392,能率,15,0,15,合庫-彰化,2023-10-19,1028
2481,強茂,14,0,14,合庫-彰化,2023-10-19,1028
00922,國泰台灣領袖50,34,20,14,合庫-彰化,2023-10-19,1028
2888,新光金,13,0,13,合庫-彰化,2023-10-19,1028
2317,鴻海,13,1,12,合庫-彰化,2023-10-19,1028
00712,復華富時不動產,26,14,12,合庫-彰化,2023-10-19,1028
1402,遠東新,12,0,12,合庫-彰化,2023-10-19,1028
2834,臺企銀,11,0,11,合庫-彰化,2023-10-19,1028
2363,矽統,18,7,11,合庫-彰化,2023-10-19,1028
3231,緯創,36,25,11,合庫-彰化,2023-10-19,1028
00902,中信電池及儲能,10,0,10,合庫-彰化,2023-10-19,1028
1447,力鵬,10,0,10,合庫-彰化,2023-10-19,1028
2331,精英,10,0,10,合庫-彰化,2023-10-19,1028
2377,微星,10,0,10,合庫-彰化,2023-10-19,1028
2465,麗臺,10,0,10,合庫-彰化,2023-10-19,1028
2890,永豐金,10,0,10,合庫-彰化,2023-10-19,1028
8028,昇陽半導體,10,0,10,合庫-彰化,2023-10-19,1028
1524,耿鼎,11,2,9,合庫-彰化,2023-10-19,1028
6530,創威,19,10,9,合庫-彰化,2023-10-19,1028
2884,玉山金,8,0,8,合庫-彰化,2023-10-19,1028
00722B,群益投資級電信債,8,0,8,合庫-彰化,2023-10-19,1028
00679B,元大美債20年,19,11,8,合庫-彰化,2023-10-19,1028
4967,十銓,131,5,126,合庫-彰化,2023-10-20,1028
00878,國泰永續高股息,126,3,123,合庫-彰化,2023-10-20,1028
00635U,期元大S＆P黃金,100,0,100,合庫-彰化,2023-10-20,1028
00712,復華富時不動產,98,0,98,合庫-彰化,2023-10-20,1028
1712,興農,95,0,95,合庫-彰化,2023-10-20,1028
2002,中鋼,85,5,80,合庫-彰化,2023-10-20,1028
2838,聯邦銀,52,2,50,合庫-彰化,2023-10-20,1028
6274,台燿,44,2,42,合庫-彰化,2023-10-20,1028
4401,東隆興,40,0,40,合庫-彰化,2023-10-20,1028
00722B,群益投資級電信債,35,0,35,合庫-彰化,2023-10-20,1028
2303,聯電,53,18,35,合庫-彰化,2023-10-20,1028
1524,耿鼎,29,0,29,合庫-彰化,2023-10-20,1028
5880,合庫金,37,10,27,合庫-彰化,2023-10-20,1028
00929,復華台灣科技優息,36,12,24,合庫-彰化,2023-10-20,1028
00679B,元大美債20年,24,2,22,合庫-彰化,2023-10-20,1028
6770,力積電,22,0,22,合庫-彰化,2023-10-20,1028
2481,強茂,21,0,21,合庫-彰化,2023-10-20,1028
5392,能率,21,0,21,合庫-彰化,2023-10-20,1028
2883,凱基金,22,1,21,合庫-彰化,2023-10-20,1028
5426,振發,20,0,20,合庫-彰化,2023-10-20,1028
2607,榮運,19,0,19,合庫-彰化,2023-10-20,1028
00720B,元大投資級公司債,18,0,18,合庫-彰化,2023-10-20,1028
00665L,富邦�琤肭磪囓�2,15,0,15,合庫-彰化,2023-10-20,1028
2201,裕隆,19,5,14,合庫-彰化,2023-10-20,1028
2882,國泰金,14,0,14,合庫-彰化,2023-10-20,1028
9110,越南控-DR,14,0,14,合庫-彰化,2023-10-20,1028
5425,台半,13,0,13,合庫-彰化,2023-10-20,1028
6592,和潤企業,13,0,13,合庫-彰化,2023-10-20,1028
00725B,國泰投資級公司債,12,0,12,合庫-彰化,2023-10-20,1028
2352,佳世達,46,34,12,合庫-彰化,2023-10-20,1028
6235,華孚,17,5,12,合庫-彰化,2023-10-20,1028
3450,聯鈞,11,0,11,合庫-彰化,2023-10-20,1028
1101,台泥,11,0,11,合庫-彰化,2023-10-20,1028
1734,杏輝,10,0,10,合庫-彰化,2023-10-20,1028
2701,萬企,10,0,10,合庫-彰化,2023-10-20,1028
6684,安格,10,0,10,合庫-彰化,2023-10-20,1028
1216,統一,9,0,9,合庫-彰化,2023-10-20,1028
4503,金雨,9,0,9,合庫-彰化,2023-10-20,1028
2884,玉山金,8,0,8,合庫-彰化,2023-10-20,1028
2801,彰銀,8,0,8,合庫-彰化,2023-10-20,1028
4952,凌通,10,2,8,合庫-彰化,2023-10-20,1028
2385,群光,8,0,8,合庫-彰化,2023-10-20,1028
2892,第一金,7,0,7,合庫-彰化,2023-10-20,1028
2516,新建,12,5,7,合庫-彰化,2023-10-20,1028
3056,富華新,7,0,7,合庫-彰化,2023-10-20,1028
3122,笙泉,31,24,7,合庫-彰化,2023-10-20,1028
6187,萬潤,7,0,7,合庫-彰化,2023-10-20,1028
2449,京元電子,24,17,7,合庫-彰化,2023-10-20,1028
9945,潤泰新,6,0,6,合庫-彰化,2023-10-20,1028
00772B,中信高評級公司債,6,0,6,合庫-彰化,2023-10-20,1028
00929,復華台灣科技優息,140,2,138,合庫-彰化,2023-10-23,1028
1584,精剛,110,0,110,合庫-彰化,2023-10-23,1028
3264,欣銓,106,6,100,合庫-彰化,2023-10-23,1028
4162,智擎,104,7,97,合庫-彰化,2023-10-23,1028
2881,富邦金,89,0,89,合庫-彰化,2023-10-23,1028
00712,復華富時不動產,73,4,69,合庫-彰化,2023-10-23,1028
2888,新光金,43,0,43,合庫-彰化,2023-10-23,1028
2317,鴻海,47,12,35,合庫-彰化,2023-10-23,1028
6226,光鼎,30,0,30,合庫-彰化,2023-10-23,1028
00751B,元大AAA至A公司債,22,0,22,合庫-彰化,2023-10-23,1028
00679B,元大美債20年,22,1,21,合庫-彰化,2023-10-23,1028
6219,富旺,22,2,20,合庫-彰化,2023-10-23,1028
0056,元大高股息,23,3,20,合庫-彰化,2023-10-23,1028
6116,彩晶,22,4,18,合庫-彰化,2023-10-23,1028
00919,群益台灣精選高息,17,0,17,合庫-彰化,2023-10-23,1028
2369,菱生,20,3,17,合庫-彰化,2023-10-23,1028
00671R,富邦NASDAQ反1,15,0,15,合庫-彰化,2023-10-23,1028
2002,中鋼,15,0,15,合庫-彰化,2023-10-23,1028
2409,友達,15,1,14,合庫-彰化,2023-10-23,1028
2891,中信金,13,0,13,合庫-彰化,2023-10-23,1028
2882,國泰金,13,0,13,合庫-彰化,2023-10-23,1028
2834,臺企銀,13,0,13,合庫-彰化,2023-10-23,1028
2457,飛宏,18,6,12,合庫-彰化,2023-10-23,1028
2645,長榮航太,12,0,12,合庫-彰化,2023-10-23,1028
00688L,國泰20年美債正2,11,0,11,合庫-彰化,2023-10-23,1028
1101,台泥,11,0,11,合庫-彰化,2023-10-23,1028
3013,晟銘電,11,0,11,合庫-彰化,2023-10-23,1028
6684,安格,11,0,11,合庫-彰化,2023-10-23,1028
00932,兆豐永續高息等權,11,1,10,合庫-彰化,2023-10-23,1028
00882,中信中國高股息,10,0,10,合庫-彰化,2023-10-23,1028
00687B,國泰20年美債,10,0,10,合庫-彰化,2023-10-23,1028
2630,亞航,10,0,10,合庫-彰化,2023-10-23,1028
00680L,元大美債20正2,9,0,9,合庫-彰化,2023-10-23,1028
2353,宏��,14,5,9,合庫-彰化,2023-10-23,1028
2516,新建,10,1,9,合庫-彰化,2023-10-23,1028
6901,鑽石投資,11,2,9,合庫-彰化,2023-10-23,1028
1605,華新,8,0,8,合庫-彰化,2023-10-23,1028
5880,合庫金,11,3,8,合庫-彰化,2023-10-23,1028
2454,聯發科,7,0,7,合庫-彰化,2023-10-23,1028
00720B,元大投資級公司債,7,0,7,合庫-彰化,2023-10-23,1028
00933B,國泰10Y+金融債,7,0,7,合庫-彰化,2023-10-23,1028
00902,中信電池及儲能,7,0,7,合庫-彰化,2023-10-23,1028
1524,耿鼎,7,0,7,合庫-彰化,2023-10-23,1028
2609,陽明,7,0,7,合庫-彰化,2023-10-23,1028
6237,驊訊,9,2,7,合庫-彰化,2023-10-23,1028
6541,泰福-KY,8,1,7,合庫-彰化,2023-10-23,1028
6770,力積電,7,0,7,合庫-彰化,2023-10-23,1028
9910,豐泰,7,0,7,合庫-彰化,2023-10-23,1028
2330,台積電,6,0,6,合庫-彰化,2023-10-23,1028
00900,富邦特選高股息30,7,1,6,合庫-彰化,2023-10-23,1028
2317,鴻海,90,4,86,合庫-彰化,2023-10-24,1028
3051,力特,79,30,49,合庫-彰化,2023-10-24,1028
5880,合庫金,43,0,43,合庫-彰化,2023-10-24,1028
2368,金像電,53,10,43,合庫-彰化,2023-10-24,1028
00712,復華富時不動產,47,5,42,合庫-彰化,2023-10-24,1028
6143,振曜,33,0,33,合庫-彰化,2023-10-24,1028
00882,中信中國高股息,31,0,31,合庫-彰化,2023-10-24,1028
2352,佳世達,30,0,30,合庫-彰化,2023-10-24,1028
2886,兆豐金,27,0,27,合庫-彰化,2023-10-24,1028
6274,台燿,43,18,25,合庫-彰化,2023-10-24,1028
8147,正淩,23,0,23,合庫-彰化,2023-10-24,1028
00665L,富邦�琤肭磪囓�2,20,0,20,合庫-彰化,2023-10-24,1028
8150,南茂,26,6,20,合庫-彰化,2023-10-24,1028
9919,康那香,20,0,20,合庫-彰化,2023-10-24,1028
00919,群益台灣精選高息,15,0,15,合庫-彰化,2023-10-24,1028
2002,中鋼,14,0,14,合庫-彰化,2023-10-24,1028
2892,第一金,13,0,13,合庫-彰化,2023-10-24,1028
1584,精剛,13,0,13,合庫-彰化,2023-10-24,1028
3588,通嘉,20,7,13,合庫-彰化,2023-10-24,1028
1736,喬山,12,0,12,合庫-彰化,2023-10-24,1028
2449,京元電子,18,7,11,合庫-彰化,2023-10-24,1028
2610,華航,11,0,11,合庫-彰化,2023-10-24,1028
6770,力積電,11,0,11,合庫-彰化,2023-10-24,1028
2029,盛餘,10,0,10,合庫-彰化,2023-10-24,1028
2369,菱生,37,27,10,合庫-彰化,2023-10-24,1028
2436,偉詮電,13,3,10,合庫-彰化,2023-10-24,1028
2645,長榮航太,10,0,10,合庫-彰化,2023-10-24,1028
2701,萬企,10,0,10,合庫-彰化,2023-10-24,1028
3715,定穎投控,19,9,10,合庫-彰化,2023-10-24,1028
9941,裕融,10,0,10,合庫-彰化,2023-10-24,1028
3704,合勤控,17,7,10,合庫-彰化,2023-10-24,1028
2706,第一店,8,0,8,合庫-彰化,2023-10-24,1028
2834,臺企銀,8,0,8,合庫-彰化,2023-10-24,1028
3346,麗清,15,7,8,合庫-彰化,2023-10-24,1028
4967,十銓,28,20,8,合庫-彰化,2023-10-24,1028
2363,矽統,10,3,7,合庫-彰化,2023-10-24,1028
1301,台塑,7,0,7,合庫-彰化,2023-10-24,1028
2801,彰銀,8,1,7,合庫-彰化,2023-10-24,1028
6531,愛普*,9,3,6,合庫-彰化,2023-10-24,1028
00730,富邦臺灣優質高息,6,0,6,合庫-彰化,2023-10-24,1028
2104,國際中橡,6,0,6,合庫-彰化,2023-10-24,1028
2316,楠梓電,6,0,6,合庫-彰化,2023-10-24,1028
2402,毅嘉,10,4,6,合庫-彰化,2023-10-24,1028
2812,台中銀,6,0,6,合庫-彰化,2023-10-24,1028
2883,凱基金,6,0,6,合庫-彰化,2023-10-24,1028
3339,泰谷,7,1,6,合庫-彰化,2023-10-24,1028
3491,昇達科,6,0,6,合庫-彰化,2023-10-24,1028
5213,亞昕,6,0,6,合庫-彰化,2023-10-24,1028
2014,中鴻,5,0,5,合庫-彰化,2023-10-24,1028
2454,聯發科,5,0,5,合庫-彰化,2023-10-24,1028
2888,新光金,1203,2,1201,合庫-彰化,2023-10-25,1028
1584,精剛,67,0,67,合庫-彰化,2023-10-25,1028
00929,復華台灣科技優息,67,1,66,合庫-彰化,2023-10-25,1028
2634,漢翔,63,0,63,合庫-彰化,2023-10-25,1028
2317,鴻海,63,2,61,合庫-彰化,2023-10-25,1028
9958,世紀鋼,57,0,57,合庫-彰化,2023-10-25,1028
8110,華東,82,33,49,合庫-彰化,2023-10-25,1028
8069,元太,45,5,40,合庫-彰化,2023-10-25,1028
6282,康舒,32,0,32,合庫-彰化,2023-10-25,1028
2313,華通,32,1,31,合庫-彰化,2023-10-25,1028
00712,復華富時不動產,28,0,28,合庫-彰化,2023-10-25,1028
1618,合機,41,14,27,合庫-彰化,2023-10-25,1028
3481,群創,35,10,25,合庫-彰化,2023-10-25,1028
4960,誠美材,25,0,25,合庫-彰化,2023-10-25,1028
8147,正淩,25,0,25,合庫-彰化,2023-10-25,1028
2332,友訊,20,0,20,合庫-彰化,2023-10-25,1028
3035,智原,22,2,20,合庫-彰化,2023-10-25,1028
6143,振曜,21,2,19,合庫-彰化,2023-10-25,1028
8936,國統,22,4,18,合庫-彰化,2023-10-25,1028
00679B,元大美債20年,16,0,16,合庫-彰化,2023-10-25,1028
2344,華邦電,16,0,16,合庫-彰化,2023-10-25,1028
00933B,國泰10Y+金融債,13,0,13,合庫-彰化,2023-10-25,1028
3025,星通,14,2,12,合庫-彰化,2023-10-25,1028
3162,精確,12,0,12,合庫-彰化,2023-10-25,1028
2485,兆赫,11,0,11,合庫-彰化,2023-10-25,1028
2409,友達,19,9,10,合庫-彰化,2023-10-25,1028
6515,穎崴,10,0,10,合庫-彰化,2023-10-25,1028
6861,睿生光電,10,0,10,合庫-彰化,2023-10-25,1028
9105,泰金寶-DR,10,0,10,合庫-彰化,2023-10-25,1028
5880,合庫金,12,3,9,合庫-彰化,2023-10-25,1028
6168,宏齊,9,0,9,合庫-彰化,2023-10-25,1028
8044,網家,10,1,9,合庫-彰化,2023-10-25,1028
2329,華泰,10,2,8,合庫-彰化,2023-10-25,1028
2476,鉅祥,9,1,8,合庫-彰化,2023-10-25,1028
00922,國泰台灣領袖50,7,0,7,合庫-彰化,2023-10-25,1028
2353,宏��,9,2,7,合庫-彰化,2023-10-25,1028
2610,華航,6,0,6,合庫-彰化,2023-10-25,1028
00795B,中信美國公債20年,6,0,6,合庫-彰化,2023-10-25,1028
00664R,國泰臺灣加權反1,6,0,6,合庫-彰化,2023-10-25,1028
2002,中鋼,9,3,6,合庫-彰化,2023-10-25,1028
2301,光寶科,6,0,6,合庫-彰化,2023-10-25,1028
2442,新美齊,6,0,6,合庫-彰化,2023-10-25,1028
4979,華星光,8,2,6,合庫-彰化,2023-10-25,1028
5302,太欣,6,0,6,合庫-彰化,2023-10-25,1028
6799,來頡,6,0,6,合庫-彰化,2023-10-25,1028
2637,慧洋-KY,5,0,5,合庫-彰化,2023-10-25,1028
1301,台塑,5,0,5,合庫-彰化,2023-10-25,1028
1815,富喬,5,0,5,合庫-彰化,2023-10-25,1028
2323,中環,5,0,5,合庫-彰化,2023-10-25,1028
2405,輔信,29,24,5,合庫-彰化,2023-10-25,1028
00715L,期街口布蘭特正2,493,0,493,合庫-彰化,2023-10-26,1028
1815,富喬,471,1,470,合庫-彰化,2023-10-26,1028
00929,復華台灣科技優息,139,1,138,合庫-彰化,2023-10-26,1028
2303,聯電,130,10,120,合庫-彰化,2023-10-26,1028
00712,復華富時不動產,97,0,97,合庫-彰化,2023-10-26,1028
00878,國泰永續高股息,82,4,78,合庫-彰化,2023-10-26,1028
00922,國泰台灣領袖50,62,0,62,合庫-彰化,2023-10-26,1028
2337,旺宏,70,10,60,合庫-彰化,2023-10-26,1028
1584,精剛,155,100,55,合庫-彰化,2023-10-26,1028
00919,群益台灣精選高息,48,1,47,合庫-彰化,2023-10-26,1028
0056,元大高股息,34,1,33,合庫-彰化,2023-10-26,1028
6274,台燿,32,0,32,合庫-彰化,2023-10-26,1028
00687B,國泰20年美債,30,0,30,合庫-彰化,2023-10-26,1028
2409,友達,30,0,30,合庫-彰化,2023-10-26,1028
2883,凱基金,33,4,29,合庫-彰化,2023-10-26,1028
00885,富邦越南,24,0,24,合庫-彰化,2023-10-26,1028
5880,合庫金,25,2,23,合庫-彰化,2023-10-26,1028
2317,鴻海,27,4,23,合庫-彰化,2023-10-26,1028
6143,振曜,46,23,23,合庫-彰化,2023-10-26,1028
3051,力特,21,1,20,合庫-彰化,2023-10-26,1028
00932,兆豐永續高息等權,20,2,18,合庫-彰化,2023-10-26,1028
00882,中信中國高股息,18,0,18,合庫-彰化,2023-10-26,1028
3481,群創,17,0,17,合庫-彰化,2023-10-26,1028
00720B,元大投資級公司債,16,0,16,合庫-彰化,2023-10-26,1028
1101,台泥,16,1,15,合庫-彰化,2023-10-26,1028
2368,金像電,15,1,14,合庫-彰化,2023-10-26,1028
2881,富邦金,14,0,14,合庫-彰化,2023-10-26,1028
2002,中鋼,13,0,13,合庫-彰化,2023-10-26,1028
2458,義隆,13,0,13,合庫-彰化,2023-10-26,1028
2330,台積電,14,1,13,合庫-彰化,2023-10-26,1028
2344,華邦電,14,2,12,合庫-彰化,2023-10-26,1028
2834,臺企銀,12,0,12,合庫-彰化,2023-10-26,1028
3588,通嘉,14,2,12,合庫-彰化,2023-10-26,1028
2888,新光金,11,0,11,合庫-彰化,2023-10-26,1028
2889,國票金,11,0,11,合庫-彰化,2023-10-26,1028
8176,智捷,11,0,11,合庫-彰化,2023-10-26,1028
2637,慧洋-KY,10,0,10,合庫-彰化,2023-10-26,1028
2801,彰銀,11,1,10,合庫-彰化,2023-10-26,1028
00642U,期元大S＆P石油,10,0,10,合庫-彰化,2023-10-26,1028
00933B,國泰10Y+金融債,10,0,10,合庫-彰化,2023-10-26,1028
2608,嘉里大榮,10,0,10,合庫-彰化,2023-10-26,1028
2816,旺旺保,12,2,10,合庫-彰化,2023-10-26,1028
6179,亞通,12,2,10,合庫-彰化,2023-10-26,1028
6292,迅德,10,0,10,合庫-彰化,2023-10-26,1028
8110,華東,12,2,10,合庫-彰化,2023-10-26,1028
3037,欣興,9,0,9,合庫-彰化,2023-10-26,1028
2886,兆豐金,9,0,9,合庫-彰化,2023-10-26,1028
3324,雙鴻,11,2,9,合庫-彰化,2023-10-26,1028
3715,定穎投控,13,4,9,合庫-彰化,2023-10-26,1028
5009,榮剛,10,1,9,合庫-彰化,2023-10-26,1028
2634,漢翔,100,1,99,合庫-彰化,2023-10-27,1028
1815,富喬,87,0,87,合庫-彰化,2023-10-27,1028
00929,復華台灣科技優息,65,6,59,合庫-彰化,2023-10-27,1028
2002,中鋼,54,0,54,合庫-彰化,2023-10-27,1028
2352,佳世達,70,20,50,合庫-彰化,2023-10-27,1028
1584,精剛,40,0,40,合庫-彰化,2023-10-27,1028
2317,鴻海,35,1,34,合庫-彰化,2023-10-27,1028
00712,復華富時不動產,32,1,31,合庫-彰化,2023-10-27,1028
00922,國泰台灣領袖50,22,2,20,合庫-彰化,2023-10-27,1028
8033,雷虎,20,0,20,合庫-彰化,2023-10-27,1028
9958,世紀鋼,25,5,20,合庫-彰化,2023-10-27,1028
2365,昆盈,17,0,17,合庫-彰化,2023-10-27,1028
6143,振曜,17,0,17,合庫-彰化,2023-10-27,1028
5272,笙科,16,0,16,合庫-彰化,2023-10-27,1028
1618,合機,13,0,13,合庫-彰化,2023-10-27,1028
2337,旺宏,18,5,13,合庫-彰化,2023-10-27,1028
2408,南亞科,14,1,13,合庫-彰化,2023-10-27,1028
2457,飛宏,22,10,12,合庫-彰化,2023-10-27,1028
1101,台泥,14,3,11,合庫-彰化,2023-10-27,1028
2344,華邦電,11,0,11,合庫-彰化,2023-10-27,1028
2883,凱基金,12,1,11,合庫-彰化,2023-10-27,1028
2514,龍邦,10,0,10,合庫-彰化,2023-10-27,1028
3548,兆利,10,0,10,合庫-彰化,2023-10-27,1028
4714,永捷,10,0,10,合庫-彰化,2023-10-27,1028
2454,聯發科,10,0,10,合庫-彰化,2023-10-27,1028
00919,群益台灣精選高息,10,1,9,合庫-彰化,2023-10-27,1028
1524,耿鼎,12,3,9,合庫-彰化,2023-10-27,1028
2371,大同,9,0,9,合庫-彰化,2023-10-27,1028
3704,合勤控,42,33,9,合庫-彰化,2023-10-27,1028
6179,亞通,9,0,9,合庫-彰化,2023-10-27,1028
8358,金居,9,0,9,合庫-彰化,2023-10-27,1028
0050,元大台灣50,9,1,8,合庫-彰化,2023-10-27,1028
1760,寶齡富錦,10,2,8,合庫-彰化,2023-10-27,1028
2329,華泰,8,1,7,合庫-彰化,2023-10-27,1028
00885,富邦越南,7,0,7,合庫-彰化,2023-10-27,1028
00687B,國泰20年美債,7,0,7,合庫-彰化,2023-10-27,1028
2201,裕隆,10,3,7,合庫-彰化,2023-10-27,1028
3051,力特,7,0,7,合庫-彰化,2023-10-27,1028
6202,盛群,7,0,7,合庫-彰化,2023-10-27,1028
1476,儒鴻,6,0,6,合庫-彰化,2023-10-27,1028
2351,順德,6,0,6,合庫-彰化,2023-10-27,1028
3438,類比科,6,0,6,合庫-彰化,2023-10-27,1028
3017,奇鋐,13,8,5,合庫-彰化,2023-10-27,1028
2363,矽統,12,7,5,合庫-彰化,2023-10-27,1028
00931B,統一美債20年,5,0,5,合庫-彰化,2023-10-27,1028
0056,元大高股息,6,1,5,合庫-彰化,2023-10-27,1028
2449,京元電子,6,1,5,合庫-彰化,2023-10-27,1028
2485,兆赫,6,1,5,合庫-彰化,2023-10-27,1028
3016,嘉晶,5,0,5,合庫-彰化,2023-10-27,1028
4157,太景*-KY,5,0,5,合庫-彰化,2023-10-27,1028
1815,富喬,993,3,990,合庫-彰化,2023-10-30,1028
2516,新建,140,7,133,合庫-彰化,2023-10-30,1028
2317,鴻海,128,53,75,合庫-彰化,2023-10-30,1028
00712,復華富時不動產,77,3,74,合庫-彰化,2023-10-30,1028
2884,玉山金,59,0,59,合庫-彰化,2023-10-30,1028
00878,國泰永續高股息,44,2,42,合庫-彰化,2023-10-30,1028
1712,興農,35,0,35,合庫-彰化,2023-10-30,1028
6274,台燿,50,17,33,合庫-彰化,2023-10-30,1028
00922,國泰台灣領袖50,32,0,32,合庫-彰化,2023-10-30,1028
3711,日月光投控,32,0,32,合庫-彰化,2023-10-30,1028
2607,榮運,30,0,30,合庫-彰化,2023-10-30,1028
9958,世紀鋼,30,0,30,合庫-彰化,2023-10-30,1028
3489,森寶,27,0,27,合庫-彰化,2023-10-30,1028
4960,誠美材,31,4,27,合庫-彰化,2023-10-30,1028
6244,茂迪,25,0,25,合庫-彰化,2023-10-30,1028
8054,安國,27,9,18,合庫-彰化,2023-10-30,1028
0056,元大高股息,19,3,16,合庫-彰化,2023-10-30,1028
2368,金像電,34,19,15,合庫-彰化,2023-10-30,1028
4123,晟德,14,0,14,合庫-彰化,2023-10-30,1028
2405,輔信,23,10,13,合庫-彰化,2023-10-30,1028
2417,圓剛,13,0,13,合庫-彰化,2023-10-30,1028
00720B,元大投資級公司債,12,0,12,合庫-彰化,2023-10-30,1028
5880,合庫金,17,5,12,合庫-彰化,2023-10-30,1028
00642U,期元大S＆P石油,10,0,10,合庫-彰化,2023-10-30,1028
00671R,富邦NASDAQ反1,10,0,10,合庫-彰化,2023-10-30,1028
1409,新纖,10,0,10,合庫-彰化,2023-10-30,1028
3710,連展投控,10,0,10,合庫-彰化,2023-10-30,1028
4542,科嶠,10,0,10,合庫-彰化,2023-10-30,1028
6129,普誠,10,0,10,合庫-彰化,2023-10-30,1028
00885,富邦越南,9,0,9,合庫-彰化,2023-10-30,1028
00664R,國泰臺灣加權反1,9,0,9,合庫-彰化,2023-10-30,1028
00751B,元大AAA至A公司債,9,0,9,合庫-彰化,2023-10-30,1028
8069,元太,11,2,9,合庫-彰化,2023-10-30,1028
2883,凱基金,8,0,8,合庫-彰化,2023-10-30,1028
6143,振曜,10,2,8,合庫-彰化,2023-10-30,1028
00679B,元大美債20年,7,0,7,合庫-彰化,2023-10-30,1028
2610,華航,7,0,7,合庫-彰化,2023-10-30,1028
2886,兆豐金,7,0,7,合庫-彰化,2023-10-30,1028
3260,威剛,7,0,7,合庫-彰化,2023-10-30,1028
00933B,國泰10Y+金融債,6,0,6,合庫-彰化,2023-10-30,1028
00696B,富邦美債20年,6,0,6,合庫-彰化,2023-10-30,1028
2880,華南金,6,0,6,合庫-彰化,2023-10-30,1028
3062,建漢,6,0,6,合庫-彰化,2023-10-30,1028
3122,笙泉,75,69,6,合庫-彰化,2023-10-30,1028
4114,健喬,6,0,6,合庫-彰化,2023-10-30,1028
5706,鳳凰,6,0,6,合庫-彰化,2023-10-30,1028
00772B,中信高評級公司債,5,0,5,合庫-彰化,2023-10-30,1028
00740B,富邦全球投等債,5,0,5,合庫-彰化,2023-10-30,1028
00641R,富邦日本反1,5,0,5,合庫-彰化,2023-10-30,1028
2034,允強,5,0,5,合庫-彰化,2023-10-30,1028
1815,富喬,239,0,239,合庫-彰化,2023-10-31,1028
2337,旺宏,165,11,154,合庫-彰化,2023-10-31,1028
2303,聯電,102,2,100,合庫-彰化,2023-10-31,1028
00878,國泰永續高股息,77,6,71,合庫-彰化,2023-10-31,1028
8088,品安,80,10,70,合庫-彰化,2023-10-31,1028
2417,圓剛,66,0,66,合庫-彰化,2023-10-31,1028
2457,飛宏,63,5,58,合庫-彰化,2023-10-31,1028
6120,達運,60,6,54,合庫-彰化,2023-10-31,1028
2201,裕隆,52,3,49,合庫-彰化,2023-10-31,1028
3715,定穎投控,64,17,47,合庫-彰化,2023-10-31,1028
00919,群益台灣精選高息,43,0,43,合庫-彰化,2023-10-31,1028
00712,復華富時不動產,40,0,40,合庫-彰化,2023-10-31,1028
2368,金像電,41,6,35,合庫-彰化,2023-10-31,1028
2313,華通,37,6,31,合庫-彰化,2023-10-31,1028
0056,元大高股息,33,4,29,合庫-彰化,2023-10-31,1028
2888,新光金,29,0,29,合庫-彰化,2023-10-31,1028
00922,國泰台灣領袖50,39,12,27,合庫-彰化,2023-10-31,1028
3062,建漢,32,5,27,合庫-彰化,2023-10-31,1028
8938,明安,26,0,26,合庫-彰化,2023-10-31,1028
00664R,國泰臺灣加權反1,23,0,23,合庫-彰化,2023-10-31,1028
8040,九暘,24,1,23,合庫-彰化,2023-10-31,1028
2834,臺企銀,22,0,22,合庫-彰化,2023-10-31,1028
2351,順德,22,0,22,合庫-彰化,2023-10-31,1028
2885,元大金,21,0,21,合庫-彰化,2023-10-31,1028
3704,合勤控,27,6,21,合庫-彰化,2023-10-31,1028
3489,森寶,18,0,18,合庫-彰化,2023-10-31,1028
3078,僑威,17,0,17,合庫-彰化,2023-10-31,1028
2442,新美齊,16,0,16,合庫-彰化,2023-10-31,1028
2890,永豐金,16,0,16,合庫-彰化,2023-10-31,1028
00929,復華台灣科技優息,42,27,15,合庫-彰化,2023-10-31,1028
5225,東科-KY,15,0,15,合庫-彰化,2023-10-31,1028
8358,金居,15,0,15,合庫-彰化,2023-10-31,1028
6235,華孚,15,1,14,合庫-彰化,2023-10-31,1028
3290,東浦,15,1,14,合庫-彰化,2023-10-31,1028
4967,十銓,51,37,14,合庫-彰化,2023-10-31,1028
1785,光洋科,16,3,13,合庫-彰化,2023-10-31,1028
2371,大同,13,2,11,合庫-彰化,2023-10-31,1028
8028,昇陽半導體,11,0,11,合庫-彰化,2023-10-31,1028
8033,雷虎,11,0,11,合庫-彰化,2023-10-31,1028
1718,中纖,10,0,10,合庫-彰化,2023-10-31,1028
2645,長榮航太,10,0,10,合庫-彰化,2023-10-31,1028
2915,潤泰全,10,0,10,合庫-彰化,2023-10-31,1028
3363,上詮,10,0,10,合庫-彰化,2023-10-31,1028
6753,龍德造船,10,0,10,合庫-彰化,2023-10-31,1028
0050,元大台灣50,8,0,8,合庫-彰化,2023-10-31,1028
1316,上曜,8,0,8,合庫-彰化,2023-10-31,1028
2363,矽統,9,1,8,合庫-彰化,2023-10-31,1028
1101,台泥,11,4,7,合庫-彰化,2023-10-31,1028
00888,永豐台灣ESG,7,0,7,合庫-彰化,2023-10-31,1028
1540,喬福,7,0,7,合庫-彰化,2023-10-31,1028
00715L,期街口布蘭特正2,451,3,448,合庫-彰化,2023-11-01,1028
1815,富喬,421,5,416,合庫-彰化,2023-11-01,1028
2337,旺宏,131,0,131,合庫-彰化,2023-11-01,1028
00885,富邦越南,105,0,105,合庫-彰化,2023-11-01,1028
6120,達運,100,0,100,合庫-彰化,2023-11-01,1028
00929,復華台灣科技優息,72,12,60,合庫-彰化,2023-11-01,1028
00934,中信成長高股息,59,15,44,合庫-彰化,2023-11-01,1028
6116,彩晶,31,2,29,合庫-彰化,2023-11-01,1028
00919,群益台灣精選高息,25,1,24,合庫-彰化,2023-11-01,1028
00679B,元大美債20年,23,0,23,合庫-彰化,2023-11-01,1028
00878,國泰永續高股息,25,2,23,合庫-彰化,2023-11-01,1028
2317,鴻海,23,2,21,合庫-彰化,2023-11-01,1028
2312,金寶,20,0,20,合庫-彰化,2023-11-01,1028
3322,建舜電,20,0,20,合庫-彰化,2023-11-01,1028
4167,松瑞藥,22,5,17,合庫-彰化,2023-11-01,1028
2465,麗臺,16,1,15,合庫-彰化,2023-11-01,1028
00720B,元大投資級公司債,15,0,15,合庫-彰化,2023-11-01,1028
1907,永豐餘,15,0,15,合庫-彰化,2023-11-01,1028
6150,撼訊,15,0,15,合庫-彰化,2023-11-01,1028
5302,太欣,15,1,14,合庫-彰化,2023-11-01,1028
00687B,國泰20年美債,13,0,13,合庫-彰化,2023-11-01,1028
3576,聯合再生,12,0,12,合庫-彰化,2023-11-01,1028
00935,野村臺灣新科技50,11,0,11,合庫-彰化,2023-11-01,1028
1605,華新,10,0,10,合庫-彰化,2023-11-01,1028
2002,中鋼,11,1,10,合庫-彰化,2023-11-01,1028
3305,昇貿,10,0,10,合庫-彰化,2023-11-01,1028
2882,國泰金,10,1,9,合庫-彰化,2023-11-01,1028
0056,元大高股息,13,4,9,合庫-彰化,2023-11-01,1028
2457,飛宏,12,4,8,合庫-彰化,2023-11-01,1028
2645,長榮航太,8,0,8,合庫-彰化,2023-11-01,1028
2884,玉山金,8,0,8,合庫-彰化,2023-11-01,1028
3481,群創,10,2,8,合庫-彰化,2023-11-01,1028
3588,通嘉,12,4,8,合庫-彰化,2023-11-01,1028
8112,至上,9,1,8,合庫-彰化,2023-11-01,1028
3078,僑威,7,0,7,合庫-彰化,2023-11-01,1028
6206,飛捷,7,0,7,合庫-彰化,2023-11-01,1028
00933B,國泰10Y+金融債,6,0,6,合庫-彰化,2023-11-01,1028
2059,川湖,7,1,6,合庫-彰化,2023-11-01,1028
2371,大同,6,0,6,合庫-彰化,2023-11-01,1028
2405,輔信,6,0,6,合庫-彰化,2023-11-01,1028
4102,永日,6,0,6,合庫-彰化,2023-11-01,1028
6117,迎廣,6,0,6,合庫-彰化,2023-11-01,1028
6530,創威,6,0,6,合庫-彰化,2023-11-01,1028
8033,雷虎,22,16,6,合庫-彰化,2023-11-01,1028
1471,首利,5,0,5,合庫-彰化,2023-11-01,1028
2201,裕隆,11,6,5,合庫-彰化,2023-11-01,1028
2316,楠梓電,5,0,5,合庫-彰化,2023-11-01,1028
2367,燿華,5,0,5,合庫-彰化,2023-11-01,1028
2454,聯發科,5,0,5,合庫-彰化,2023-11-01,1028
2607,榮運,5,0,5,合庫-彰化,2023-11-01,1028
1584,精剛,88,3,85,合庫-彰化,2023-11-02,1028
3122,笙泉,68,3,65,合庫-彰化,2023-11-02,1028
2368,金像電,60,2,58,合庫-彰化,2023-11-02,1028
2537,聯上發,50,0,50,合庫-彰化,2023-11-02,1028
8085,福華,47,4,43,合庫-彰化,2023-11-02,1028
5356,協益,40,0,40,合庫-彰化,2023-11-02,1028
2543,皇昌,61,30,31,合庫-彰化,2023-11-02,1028
8938,明安,31,0,31,合庫-彰化,2023-11-02,1028
4167,松瑞藥,30,2,28,合庫-彰化,2023-11-02,1028
2337,旺宏,31,6,25,合庫-彰化,2023-11-02,1028
00934,中信成長高股息,25,0,25,合庫-彰化,2023-11-02,1028
00671R,富邦NASDAQ反1,20,0,20,合庫-彰化,2023-11-02,1028
3051,力特,27,7,20,合庫-彰化,2023-11-02,1028
2465,麗臺,14,0,14,合庫-彰化,2023-11-02,1028
2884,玉山金,12,1,11,合庫-彰化,2023-11-02,1028
2002,中鋼,11,1,10,合庫-彰化,2023-11-02,1028
6143,振曜,11,1,10,合庫-彰化,2023-11-02,1028
6231,系微,11,1,10,合庫-彰化,2023-11-02,1028
3322,建舜電,10,1,9,合庫-彰化,2023-11-02,1028
2201,裕隆,13,5,8,合庫-彰化,2023-11-02,1028
2645,長榮航太,8,0,8,合庫-彰化,2023-11-02,1028
3715,定穎投控,53,45,8,合庫-彰化,2023-11-02,1028
00688L,國泰20年美債正2,8,1,7,合庫-彰化,2023-11-02,1028
1605,華新,7,0,7,合庫-彰化,2023-11-02,1028
2029,盛餘,7,0,7,合庫-彰化,2023-11-02,1028
00795B,中信美國公債20年,6,0,6,合庫-彰化,2023-11-02,1028
00751B,元大AAA至A公司債,6,0,6,合庫-彰化,2023-11-02,1028
2401,凌陽,6,0,6,合庫-彰化,2023-11-02,1028
2618,長榮航,8,2,6,合庫-彰化,2023-11-02,1028
8936,國統,8,2,6,合庫-彰化,2023-11-02,1028
1603,華電,5,0,5,合庫-彰化,2023-11-02,1028
2489,瑞軒,5,0,5,合庫-彰化,2023-11-02,1028
2605,新興,5,0,5,合庫-彰化,2023-11-02,1028
2630,亞航,5,0,5,合庫-彰化,2023-11-02,1028
3213,茂訊,5,0,5,合庫-彰化,2023-11-02,1028
3545,敦泰,5,0,5,合庫-彰化,2023-11-02,1028
4908,前鼎,11,6,5,合庫-彰化,2023-11-02,1028
5302,太欣,5,0,5,合庫-彰化,2023-11-02,1028
6156,松上,5,0,5,合庫-彰化,2023-11-02,1028
6271,同欣電,5,0,5,合庫-彰化,2023-11-02,1028
8940,新天地,5,0,5,合庫-彰化,2023-11-02,1028
5880,合庫金,7,2,5,合庫-彰化,2023-11-02,1028
00632R,元大台灣50反1,4,0,4,合庫-彰化,2023-11-02,1028
2331,精英,4,0,4,合庫-彰化,2023-11-02,1028
3032,偉訓,6,2,4,合庫-彰化,2023-11-02,1028
3596,智易,6,2,4,合庫-彰化,2023-11-02,1028
3707,漢磊,4,0,4,合庫-彰化,2023-11-02,1028
6206,飛捷,4,0,4,合庫-彰化,2023-11-02,1028
8039,台虹,4,0,4,合庫-彰化,2023-11-02,1028
00642U,期元大S＆P石油,3,0,3,合庫-彰化,2023-11-02,1028
1815,富喬,232,108,124,合庫-彰化,2023-11-03,1028
00673R,期元大S＆P原油反1,112,0,112,合庫-彰化,2023-11-03,1028
3017,奇鋐,42,0,42,合庫-彰化,2023-11-03,1028
00878,國泰永續高股息,46,6,40,合庫-彰化,2023-11-03,1028
1504,東元,32,0,32,合庫-彰化,2023-11-03,1028
2543,皇昌,31,1,30,合庫-彰化,2023-11-03,1028
00712,復華富時不動產,34,5,29,合庫-彰化,2023-11-03,1028
00687B,國泰20年美債,29,2,27,合庫-彰化,2023-11-03,1028
2352,佳世達,27,0,27,合庫-彰化,2023-11-03,1028
4414,如興,26,0,26,合庫-彰化,2023-11-03,1028
2376,技嘉,27,5,22,合庫-彰化,2023-11-03,1028
8033,雷虎,36,14,22,合庫-彰化,2023-11-03,1028
00650L,復華香港正2,20,0,20,合庫-彰化,2023-11-03,1028
5515,建國,20,0,20,合庫-彰化,2023-11-03,1028
4128,中天,19,0,19,合庫-彰化,2023-11-03,1028
2317,鴻海,27,8,19,合庫-彰化,2023-11-03,1028
00919,群益台灣精選高息,22,5,17,合庫-彰化,2023-11-03,1028
00679B,元大美債20年,17,0,17,合庫-彰化,2023-11-03,1028
3588,通嘉,17,0,17,合庫-彰化,2023-11-03,1028
2364,倫飛,16,1,15,合庫-彰化,2023-11-03,1028
2201,裕隆,17,4,13,合庫-彰化,2023-11-03,1028
2883,凱基金,21,8,13,合庫-彰化,2023-11-03,1028
3322,建舜電,16,5,11,合庫-彰化,2023-11-03,1028
6150,撼訊,11,0,11,合庫-彰化,2023-11-03,1028
8150,南茂,11,0,11,合庫-彰化,2023-11-03,1028
1802,台玻,10,0,10,合庫-彰化,2023-11-03,1028
2498,宏達電,17,7,10,合庫-彰化,2023-11-03,1028
9919,康那香,10,0,10,合庫-彰化,2023-11-03,1028
2458,義隆,24,15,9,合庫-彰化,2023-11-03,1028
006208,富邦台50,10,2,8,合庫-彰化,2023-11-03,1028
2059,川湖,8,0,8,合庫-彰化,2023-11-03,1028
3032,偉訓,19,11,8,合庫-彰化,2023-11-03,1028
6285,啟��,16,8,8,合庫-彰化,2023-11-03,1028
8996,高力,8,0,8,合庫-彰化,2023-11-03,1028
1524,耿鼎,7,0,7,合庫-彰化,2023-11-03,1028
00885,富邦越南,23,16,7,合庫-彰化,2023-11-03,1028
00934,中信成長高股息,15,8,7,合庫-彰化,2023-11-03,1028
2107,厚生,7,0,7,合庫-彰化,2023-11-03,1028
2230,泰茂,8,1,7,合庫-彰化,2023-11-03,1028
6274,台燿,12,6,6,合庫-彰化,2023-11-03,1028
3694,海華,6,0,6,合庫-彰化,2023-11-03,1028
1314,中石化,5,0,5,合庫-彰化,2023-11-03,1028
2313,華通,6,1,5,合庫-彰化,2023-11-03,1028
2356,英業達,5,0,5,合庫-彰化,2023-11-03,1028
2465,麗臺,5,0,5,合庫-彰化,2023-11-03,1028
2516,新建,5,0,5,合庫-彰化,2023-11-03,1028
3489,森寶,5,0,5,合庫-彰化,2023-11-03,1028
5471,松翰,5,0,5,合庫-彰化,2023-11-03,1028
6288,聯嘉,5,0,5,合庫-彰化,2023-11-03,1028
8227,巨有科技,9,4,5,合庫-彰化,2023-11-03,1028
00715L,期街口布蘭特正2,453,0,453,合庫-彰化,2023-11-06,1028
2618,長榮航,366,3,363,合庫-彰化,2023-11-06,1028
2834,臺企銀,311,0,311,合庫-彰化,2023-11-06,1028
3264,欣銓,162,1,161,合庫-彰化,2023-11-06,1028
1584,精剛,96,6,90,合庫-彰化,2023-11-06,1028
00934,中信成長高股息,82,0,82,合庫-彰化,2023-11-06,1028
00687B,國泰20年美債,73,0,73,合庫-彰化,2023-11-06,1028
3036A,文曄甲特,43,0,43,合庫-彰化,2023-11-06,1028
3260,威剛,40,1,39,合庫-彰化,2023-11-06,1028
00878,國泰永續高股息,40,2,38,合庫-彰化,2023-11-06,1028
2363,矽統,174,143,31,合庫-彰化,2023-11-06,1028
8150,南茂,33,3,30,合庫-彰化,2023-11-06,1028
2317,鴻海,31,1,30,合庫-彰化,2023-11-06,1028
00720B,元大投資級公司債,30,1,29,合庫-彰化,2023-11-06,1028
6274,台燿,28,1,27,合庫-彰化,2023-11-06,1028
9921,巨大,40,14,26,合庫-彰化,2023-11-06,1028
4128,中天,21,0,21,合庫-彰化,2023-11-06,1028
00671R,富邦NASDAQ反1,20,0,20,合庫-彰化,2023-11-06,1028
2002,中鋼,20,0,20,合庫-彰化,2023-11-06,1028
3189,景碩,19,0,19,合庫-彰化,2023-11-06,1028
6451,訊芯-KY,16,0,16,合庫-彰化,2023-11-06,1028
8069,元太,72,56,16,合庫-彰化,2023-11-06,1028
8938,明安,14,0,14,合庫-彰化,2023-11-06,1028
3013,晟銘電,17,5,12,合庫-彰化,2023-11-06,1028
2337,旺宏,12,1,11,合庫-彰化,2023-11-06,1028
6142,友勁,11,0,11,合庫-彰化,2023-11-06,1028
00642U,期元大S＆P石油,10,0,10,合庫-彰化,2023-11-06,1028
1809,中釉,10,0,10,合庫-彰化,2023-11-06,1028
5302,太欣,10,0,10,合庫-彰化,2023-11-06,1028
8147,正淩,10,0,10,合庫-彰化,2023-11-06,1028
2812,台中銀,10,0,10,合庫-彰化,2023-11-06,1028
2603,長榮,9,0,9,合庫-彰化,2023-11-06,1028
3017,奇鋐,15,6,9,合庫-彰化,2023-11-06,1028
2376,技嘉,22,13,9,合庫-彰化,2023-11-06,1028
1449,佳和,10,2,8,合庫-彰化,2023-11-06,1028
1802,台玻,8,0,8,合庫-彰化,2023-11-06,1028
2891,中信金,10,2,8,合庫-彰化,2023-11-06,1028
6182,合晶,8,0,8,合庫-彰化,2023-11-06,1028
00935,野村臺灣新科技50,7,0,7,合庫-彰化,2023-11-06,1028
3005,神基,7,0,7,合庫-彰化,2023-11-06,1028
5515,建國,7,0,7,合庫-彰化,2023-11-06,1028
00900,富邦特選高股息30,8,2,6,合庫-彰化,2023-11-06,1028
2883,凱基金,9,3,6,合庫-彰化,2023-11-06,1028
8933,愛地雅,6,0,6,合庫-彰化,2023-11-06,1028
9110,越南控-DR,6,0,6,合庫-彰化,2023-11-06,1028
6278,台表科,5,0,5,合庫-彰化,2023-11-06,1028
00903,富邦元宇宙,5,0,5,合庫-彰化,2023-11-06,1028
00751B,元大AAA至A公司債,5,0,5,合庫-彰化,2023-11-06,1028
2059,川湖,7,2,5,合庫-彰化,2023-11-06,1028
2305,全友,5,0,5,合庫-彰化,2023-11-06,1028
2303,聯電,180,3,177,合庫-彰化,2023-11-07,1028
2618,長榮航,179,18,161,合庫-彰化,2023-11-07,1028
3260,威剛,107,13,94,合庫-彰化,2023-11-07,1028
1584,精剛,70,1,69,合庫-彰化,2023-11-07,1028
00878,國泰永續高股息,48,1,47,合庫-彰化,2023-11-07,1028
2317,鴻海,44,3,41,合庫-彰化,2023-11-07,1028
4414,如興,30,0,30,合庫-彰化,2023-11-07,1028
8150,南茂,25,2,23,合庫-彰化,2023-11-07,1028
2353,宏��,21,0,21,合庫-彰化,2023-11-07,1028
2002,中鋼,20,3,17,合庫-彰化,2023-11-07,1028
00919,群益台灣精選高息,17,0,17,合庫-彰化,2023-11-07,1028
00882,中信中國高股息,16,0,16,合庫-彰化,2023-11-07,1028
1101,台泥,15,0,15,合庫-彰化,2023-11-07,1028
0061,元大寶滬深,15,0,15,合庫-彰化,2023-11-07,1028
2516,新建,15,0,15,合庫-彰化,2023-11-07,1028
6139,亞翔,16,1,15,合庫-彰化,2023-11-07,1028
8069,元太,17,3,14,合庫-彰化,2023-11-07,1028
00715L,期街口布蘭特正2,65,53,12,合庫-彰化,2023-11-07,1028
00931B,統一美債20年,11,0,11,合庫-彰化,2023-11-07,1028
00935,野村臺灣新科技50,10,0,10,合庫-彰化,2023-11-07,1028
00692,富邦公司治理,11,1,10,合庫-彰化,2023-11-07,1028
00720B,元大投資級公司債,10,0,10,合庫-彰化,2023-11-07,1028
00671R,富邦NASDAQ反1,10,0,10,合庫-彰化,2023-11-07,1028
6129,普誠,10,0,10,合庫-彰化,2023-11-07,1028
6216,居易,10,0,10,合庫-彰化,2023-11-07,1028
9938,百和,10,0,10,合庫-彰化,2023-11-07,1028
00900,富邦特選高股息30,11,2,9,合庫-彰化,2023-11-07,1028
8176,智捷,8,0,8,合庫-彰化,2023-11-07,1028
006208,富邦台50,7,0,7,合庫-彰化,2023-11-07,1028
00922,國泰台灣領袖50,7,0,7,合庫-彰化,2023-11-07,1028
2014,中鴻,7,0,7,合庫-彰化,2023-11-07,1028
2308,台達電,7,0,7,合庫-彰化,2023-11-07,1028
2812,台中銀,7,0,7,合庫-彰化,2023-11-07,1028
4533,協易機,8,1,7,合庫-彰化,2023-11-07,1028
2442,新美齊,10,3,7,合庫-彰化,2023-11-07,1028
1731,美吾華,7,1,6,合庫-彰化,2023-11-07,1028
3623,富晶通,14,8,6,合庫-彰化,2023-11-07,1028
2363,矽統,25,19,6,合庫-彰化,2023-11-07,1028
5880,合庫金,6,1,5,合庫-彰化,2023-11-07,1028
3481,群創,6,1,5,合庫-彰化,2023-11-07,1028
1301,台塑,5,0,5,合庫-彰化,2023-11-07,1028
00706L,期元大S＆P日圓正2,5,0,5,合庫-彰化,2023-11-07,1028
1452,宏益,5,0,5,合庫-彰化,2023-11-07,1028
2355,敬鵬,5,0,5,合庫-彰化,2023-11-07,1028
2421,建準,7,2,5,合庫-彰化,2023-11-07,1028
2486,一詮,5,0,5,合庫-彰化,2023-11-07,1028
2734,易飛網,6,1,5,合庫-彰化,2023-11-07,1028
2883,凱基金,6,1,5,合庫-彰化,2023-11-07,1028
3062,建漢,5,0,5,合庫-彰化,2023-11-07,1028
8021,尖點,5,0,5,合庫-彰化,2023-11-07,1028
00936,台新永續高息中小,162,39,123,合庫-彰化,2023-11-08,1028
00676R,富邦臺灣加權反1,100,0,100,合庫-彰化,2023-11-08,1028
2337,旺宏,83,3,80,合庫-彰化,2023-11-08,1028
2392,正崴,61,0,61,合庫-彰化,2023-11-08,1028
2610,華航,36,0,36,合庫-彰化,2023-11-08,1028
1514,亞力,31,0,31,合庫-彰化,2023-11-08,1028
3017,奇鋐,39,8,31,合庫-彰化,2023-11-08,1028
6191,精成科,31,1,30,合庫-彰化,2023-11-08,1028
9904,寶成,29,0,29,合庫-彰化,2023-11-08,1028
00715L,期街口布蘭特正2,141,118,23,合庫-彰化,2023-11-08,1028
2618,長榮航,24,1,23,合庫-彰化,2023-11-08,1028
2887,台新金,22,0,22,合庫-彰化,2023-11-08,1028
5521,工信,22,0,22,合庫-彰化,2023-11-08,1028
6933,AMAX-KY,23,1,22,合庫-彰化,2023-11-08,1028
2388,威盛,31,10,21,合庫-彰化,2023-11-08,1028
00929,復華台灣科技優息,21,0,21,合庫-彰化,2023-11-08,1028
1584,精剛,21,0,21,合庫-彰化,2023-11-08,1028
00664R,國泰臺灣加權反1,20,0,20,合庫-彰化,2023-11-08,1028
00882,中信中國高股息,18,0,18,合庫-彰化,2023-11-08,1028
8046,南電,20,3,17,合庫-彰化,2023-11-08,1028
1326,台化,30,13,17,合庫-彰化,2023-11-08,1028
2515,中工,17,0,17,合庫-彰化,2023-11-08,1028
3060,銘異,17,0,17,合庫-彰化,2023-11-08,1028
8176,智捷,17,0,17,合庫-彰化,2023-11-08,1028
2363,矽統,103,87,16,合庫-彰化,2023-11-08,1028
8085,福華,15,0,15,合庫-彰化,2023-11-08,1028
8938,明安,14,0,14,合庫-彰化,2023-11-08,1028
1609,大亞,14,1,13,合庫-彰化,2023-11-08,1028
2352,佳世達,19,6,13,合庫-彰化,2023-11-08,1028
1314,中石化,10,0,10,合庫-彰化,2023-11-08,1028
1301,台塑,30,20,10,合庫-彰化,2023-11-08,1028
00671R,富邦NASDAQ反1,10,0,10,合庫-彰化,2023-11-08,1028
2002,中鋼,20,10,10,合庫-彰化,2023-11-08,1028
3094,聯傑,10,0,10,合庫-彰化,2023-11-08,1028
6219,富旺,10,0,10,合庫-彰化,2023-11-08,1028
6235,華孚,10,0,10,合庫-彰化,2023-11-08,1028
6284,佳邦,10,1,9,合庫-彰化,2023-11-08,1028
8240,華宏,10,1,9,合庫-彰化,2023-11-08,1028
00692,富邦公司治理,8,0,8,合庫-彰化,2023-11-08,1028
3704,合勤控,8,0,8,合庫-彰化,2023-11-08,1028
4167,松瑞藥,9,2,7,合庫-彰化,2023-11-08,1028
2609,陽明,7,1,6,合庫-彰化,2023-11-08,1028
00923,群益台ESG低碳50,6,0,6,合庫-彰化,2023-11-08,1028
1605,華新,6,0,6,合庫-彰化,2023-11-08,1028
2488,漢平,9,3,6,合庫-彰化,2023-11-08,1028
2603,長榮,6,0,6,合庫-彰化,2023-11-08,1028
2006,東和鋼鐵,5,0,5,合庫-彰化,2023-11-08,1028
2014,中鴻,7,2,5,合庫-彰化,2023-11-08,1028
2439,美律,5,0,5,合庫-彰化,2023-11-08,1028
3036,文曄,19,14,5,合庫-彰化,2023-11-08,1028
00712,復華富時不動產,432,5,427,合庫-彰化,2023-11-09,1028
2324,仁寶,72,1,71,合庫-彰化,2023-11-09,1028
6120,達運,62,5,57,合庫-彰化,2023-11-09,1028
4128,中天,54,1,53,合庫-彰化,2023-11-09,1028
3013,晟銘電,63,14,49,合庫-彰化,2023-11-09,1028
2029,盛餘,40,0,40,合庫-彰化,2023-11-09,1028
3162,精確,40,0,40,合庫-彰化,2023-11-09,1028
2317,鴻海,45,9,36,合庫-彰化,2023-11-09,1028
5392,能率,30,0,30,合庫-彰化,2023-11-09,1028
2303,聯電,30,1,29,合庫-彰化,2023-11-09,1028
8046,南電,28,0,28,合庫-彰化,2023-11-09,1028
1314,中石化,28,0,28,合庫-彰化,2023-11-09,1028
3376,新日興,27,1,26,合庫-彰化,2023-11-09,1028
00934,中信成長高股息,25,0,25,合庫-彰化,2023-11-09,1028
9904,寶成,26,1,25,合庫-彰化,2023-11-09,1028
6274,台燿,25,1,24,合庫-彰化,2023-11-09,1028
6805,富世達,25,1,24,合庫-彰化,2023-11-09,1028
00687B,國泰20年美債,22,1,21,合庫-彰化,2023-11-09,1028
2421,建準,24,4,20,合庫-彰化,2023-11-09,1028
3051,力特,18,0,18,合庫-彰化,2023-11-09,1028
00688L,國泰20年美債正2,26,9,17,合庫-彰化,2023-11-09,1028
8147,正淩,17,0,17,合庫-彰化,2023-11-09,1028
00936,台新永續高息中小,23,7,16,合庫-彰化,2023-11-09,1028
2462,良得電,23,7,16,合庫-彰化,2023-11-09,1028
00679B,元大美債20年,16,1,15,合庫-彰化,2023-11-09,1028
5302,太欣,15,0,15,合庫-彰化,2023-11-09,1028
2329,華泰,23,9,14,合庫-彰化,2023-11-09,1028
8176,智捷,13,0,13,合庫-彰化,2023-11-09,1028
00878,國泰永續高股息,27,14,13,合庫-彰化,2023-11-09,1028
1515,力山,23,12,11,合庫-彰化,2023-11-09,1028
3711,日月光投控,11,0,11,合庫-彰化,2023-11-09,1028
1447,力鵬,10,0,10,合庫-彰化,2023-11-09,1028
1568,倉佑,10,0,10,合庫-彰化,2023-11-09,1028
2313,華通,10,0,10,合庫-彰化,2023-11-09,1028
8033,雷虎,10,0,10,合庫-彰化,2023-11-09,1028
8040,九暘,10,0,10,合庫-彰化,2023-11-09,1028
00715L,期街口布蘭特正2,81,72,9,合庫-彰化,2023-11-09,1028
2486,一詮,14,5,9,合庫-彰化,2023-11-09,1028
3043,科風,25,16,9,合庫-彰化,2023-11-09,1028
2634,漢翔,8,0,8,合庫-彰化,2023-11-09,1028
2458,義隆,8,0,8,合庫-彰化,2023-11-09,1028
3535,晶彩科,8,0,8,合庫-彰化,2023-11-09,1028
4960,誠美材,8,0,8,合庫-彰化,2023-11-09,1028
6233,旺玖,8,0,8,合庫-彰化,2023-11-09,1028
1584,精剛,8,1,7,合庫-彰化,2023-11-09,1028
3176,基亞,12,5,7,合庫-彰化,2023-11-09,1028
4908,前鼎,17,10,7,合庫-彰化,2023-11-09,1028
9110,越南控-DR,7,0,7,合庫-彰化,2023-11-09,1028
5347,世界,8,2,6,合庫-彰化,2023-11-09,1028
6206,飛捷,7,1,6,合庫-彰化,2023-11-09,1028
00676R,富邦臺灣加權反1,160,0,160,合庫-彰化,2023-11-10,1028
00919,群益台灣精選高息,122,3,119,合庫-彰化,2023-11-10,1028
00715L,期街口布蘭特正2,211,100,111,合庫-彰化,2023-11-10,1028
8928,鉅明,100,0,100,合庫-彰化,2023-11-10,1028
3035,智原,76,13,63,合庫-彰化,2023-11-10,1028
1584,精剛,55,0,55,合庫-彰化,2023-11-10,1028
6120,達運,53,0,53,合庫-彰化,2023-11-10,1028
00878,國泰永續高股息,49,11,38,合庫-彰化,2023-11-10,1028
2201,裕隆,37,0,37,合庫-彰化,2023-11-10,1028
00936,台新永續高息中小,35,0,35,合庫-彰化,2023-11-10,1028
2029,盛餘,28,0,28,合庫-彰化,2023-11-10,1028
00688L,國泰20年美債正2,18,0,18,合庫-彰化,2023-11-10,1028
3017,奇鋐,24,7,17,合庫-彰化,2023-11-10,1028
2834,臺企銀,17,1,16,合庫-彰化,2023-11-10,1028
4167,松瑞藥,16,0,16,合庫-彰化,2023-11-10,1028
00931B,統一美債20年,16,1,15,合庫-彰化,2023-11-10,1028
4743,合一,42,28,14,合庫-彰化,2023-11-10,1028
6282,康舒,20,7,13,合庫-彰化,2023-11-10,1028
00882,中信中國高股息,13,0,13,合庫-彰化,2023-11-10,1028
00712,復華富時不動產,13,0,13,合庫-彰化,2023-11-10,1028
00929,復華台灣科技優息,26,13,13,合庫-彰化,2023-11-10,1028
2002,中鋼,12,0,12,合庫-彰化,2023-11-10,1028
8358,金居,12,0,12,合庫-彰化,2023-11-10,1028
1522,堤維西,10,0,10,合庫-彰化,2023-11-10,1028
2059,川湖,12,2,10,合庫-彰化,2023-11-10,1028
3707,漢磊,10,0,10,合庫-彰化,2023-11-10,1028
6770,力積電,10,0,10,合庫-彰化,2023-11-10,1028
8028,昇陽半導體,10,0,10,合庫-彰化,2023-11-10,1028
1101,台泥,10,0,10,合庫-彰化,2023-11-10,1028
00679B,元大美債20年,12,3,9,合庫-彰化,2023-11-10,1028
2303,聯電,12,3,9,合庫-彰化,2023-11-10,1028
2409,友達,10,1,9,合庫-彰化,2023-11-10,1028
3231,緯創,32,23,9,合庫-彰化,2023-11-10,1028
5469,瀚宇博,10,1,9,合庫-彰化,2023-11-10,1028
8176,智捷,9,0,9,合庫-彰化,2023-11-10,1028
2617,台航,8,0,8,合庫-彰化,2023-11-10,1028
00900,富邦特選高股息30,9,1,8,合庫-彰化,2023-11-10,1028
00773B,中信優先金融債,7,0,7,合庫-彰化,2023-11-10,1028
3176,基亞,11,4,7,合庫-彰化,2023-11-10,1028
5521,工信,7,0,7,合庫-彰化,2023-11-10,1028
2609,陽明,7,1,6,合庫-彰化,2023-11-10,1028
00772B,中信高評級公司債,6,0,6,合庫-彰化,2023-11-10,1028
00665L,富邦�琤肭磪囓�2,6,0,6,合庫-彰化,2023-11-10,1028
0056,元大高股息,7,1,6,合庫-彰化,2023-11-10,1028
1618,合機,8,2,6,合庫-彰化,2023-11-10,1028
2618,長榮航,6,0,6,合庫-彰化,2023-11-10,1028
6625,必應,10,4,6,合庫-彰化,2023-11-10,1028
8147,正淩,6,0,6,合庫-彰化,2023-11-10,1028
1227,佳格,5,0,5,合庫-彰化,2023-11-10,1028
00897,富邦基因免疫生技,5,0,5,合庫-彰化,2023-11-10,1028
00712,復華富時不動產,366,4,362,合庫-彰化,2023-11-13,1028
3162,精確,75,0,75,合庫-彰化,2023-11-13,1028
2029,盛餘,79,8,71,合庫-彰化,2023-11-13,1028
2337,旺宏,70,0,70,合庫-彰化,2023-11-13,1028
2634,漢翔,72,5,67,合庫-彰化,2023-11-13,1028
3276,宇環,56,0,56,合庫-彰化,2023-11-13,1028
2834,臺企銀,53,0,53,合庫-彰化,2023-11-13,1028
00676R,富邦臺灣加權反1,40,0,40,合庫-彰化,2023-11-13,1028
5009,榮剛,40,0,40,合庫-彰化,2023-11-13,1028
3122,笙泉,39,9,30,合庫-彰化,2023-11-13,1028
6116,彩晶,30,0,30,合庫-彰化,2023-11-13,1028
00878,國泰永續高股息,30,0,30,合庫-彰化,2023-11-13,1028
00900,富邦特選高股息30,25,0,25,合庫-彰化,2023-11-13,1028
00671R,富邦NASDAQ反1,20,0,20,合庫-彰化,2023-11-13,1028
00680L,元大美債20正2,18,0,18,合庫-彰化,2023-11-13,1028
2369,菱生,19,2,17,合庫-彰化,2023-11-13,1028
9110,越南控-DR,16,0,16,合庫-彰化,2023-11-13,1028
00929,復華台灣科技優息,21,6,15,合庫-彰化,2023-11-13,1028
6138,茂達,15,0,15,合庫-彰化,2023-11-13,1028
00921,兆豐龍頭等權重,14,0,14,合庫-彰化,2023-11-13,1028
2382,廣達,18,5,13,合庫-彰化,2023-11-13,1028
00932,兆豐永續高息等權,13,0,13,合庫-彰化,2023-11-13,1028
6901,鑽石投資,13,0,13,合庫-彰化,2023-11-13,1028
00904,新光臺灣半導體30,14,2,12,合庫-彰化,2023-11-13,1028
1101,台泥,12,0,12,合庫-彰化,2023-11-13,1028
1802,台玻,12,0,12,合庫-彰化,2023-11-13,1028
2002,中鋼,12,0,12,合庫-彰化,2023-11-13,1028
2363,矽統,60,48,12,合庫-彰化,2023-11-13,1028
2618,長榮航,29,17,12,合庫-彰化,2023-11-13,1028
2317,鴻海,12,2,10,合庫-彰化,2023-11-13,1028
00885,富邦越南,10,0,10,合庫-彰化,2023-11-13,1028
00934,中信成長高股息,10,0,10,合庫-彰化,2023-11-13,1028
2353,宏��,10,0,10,合庫-彰化,2023-11-13,1028
2537,聯上發,10,0,10,合庫-彰化,2023-11-13,1028
2538,基泰,10,0,10,合庫-彰化,2023-11-13,1028
3043,科風,10,0,10,合庫-彰化,2023-11-13,1028
3045,台灣大,10,0,10,合庫-彰化,2023-11-13,1028
4503,金雨,10,0,10,合庫-彰化,2023-11-13,1028
5392,能率,10,0,10,合庫-彰化,2023-11-13,1028
2408,南亞科,9,0,9,合庫-彰化,2023-11-13,1028
00933B,國泰10Y+金融債,8,0,8,合庫-彰化,2023-11-13,1028
5225,東科-KY,8,0,8,合庫-彰化,2023-11-13,1028
6129,普誠,10,2,8,合庫-彰化,2023-11-13,1028
00882,中信中國高股息,30,24,6,合庫-彰化,2023-11-13,1028
00919,群益台灣精選高息,12,6,6,合庫-彰化,2023-11-13,1028
4147,中裕,6,0,6,合庫-彰化,2023-11-13,1028
4960,誠美材,6,0,6,合庫-彰化,2023-11-13,1028
6531,愛普*,10,4,6,合庫-彰化,2023-11-13,1028
8442,威宏-KY,6,0,6,合庫-彰化,2023-11-13,1028
6111,大宇資,8,2,6,合庫-彰化,2023-11-13,1028
00687B,國泰20年美債,90,0,90,合庫-彰化,2023-11-14,1028
00878,國泰永續高股息,75,2,73,合庫-彰化,2023-11-14,1028
5009,榮剛,60,1,59,合庫-彰化,2023-11-14,1028
2633,台灣高鐵,50,0,50,合庫-彰化,2023-11-14,1028
2029,盛餘,43,0,43,合庫-彰化,2023-11-14,1028
8085,福華,42,0,42,合庫-彰化,2023-11-14,1028
3006,晶豪科,38,1,37,合庫-彰化,2023-11-14,1028
5284,jpp-KY,30,0,30,合庫-彰化,2023-11-14,1028
3017,奇鋐,30,2,28,合庫-彰化,2023-11-14,1028
3035,智原,26,2,24,合庫-彰化,2023-11-14,1028
6182,合晶,23,0,23,合庫-彰化,2023-11-14,1028
8936,國統,25,5,20,合庫-彰化,2023-11-14,1028
3231,緯創,28,11,17,合庫-彰化,2023-11-14,1028
6282,康舒,19,2,17,合庫-彰化,2023-11-14,1028
1504,東元,15,0,15,合庫-彰化,2023-11-14,1028
1815,富喬,14,0,14,合庫-彰化,2023-11-14,1028
2002,中鋼,18,4,14,合庫-彰化,2023-11-14,1028
1101,台泥,15,2,13,合庫-彰化,2023-11-14,1028
2329,華泰,29,17,12,合庫-彰化,2023-11-14,1028
00931B,統一美債20年,13,1,12,合庫-彰化,2023-11-14,1028
6901,鑽石投資,11,0,11,合庫-彰化,2023-11-14,1028
3260,威剛,27,17,10,合庫-彰化,2023-11-14,1028
4414,如興,10,0,10,合庫-彰化,2023-11-14,1028
6118,建達,13,3,10,合庫-彰化,2023-11-14,1028
8034,榮群,10,0,10,合庫-彰化,2023-11-14,1028
8088,品安,21,11,10,合庫-彰化,2023-11-14,1028
00900,富邦特選高股息30,8,0,8,合庫-彰化,2023-11-14,1028
2465,麗臺,8,0,8,合庫-彰化,2023-11-14,1028
2303,聯電,9,1,8,合庫-彰化,2023-11-14,1028
00692,富邦公司治理,7,0,7,合庫-彰化,2023-11-14,1028
2363,矽統,32,25,7,合庫-彰化,2023-11-14,1028
1785,光洋科,7,0,7,合庫-彰化,2023-11-14,1028
2605,新興,7,0,7,合庫-彰化,2023-11-14,1028
3481,群創,7,0,7,合庫-彰化,2023-11-14,1028
5230,雷笛克光學,10,3,7,合庫-彰化,2023-11-14,1028
6684,安格,7,0,7,合庫-彰化,2023-11-14,1028
2382,廣達,13,7,6,合庫-彰化,2023-11-14,1028
2415,錩新,6,0,6,合庫-彰化,2023-11-14,1028
2834,臺企銀,6,0,6,合庫-彰化,2023-11-14,1028
4503,金雨,6,0,6,合庫-彰化,2023-11-14,1028
1540,喬福,5,0,5,合庫-彰化,2023-11-14,1028
2204,中華,5,0,5,合庫-彰化,2023-11-14,1028
2337,旺宏,5,0,5,合庫-彰化,2023-11-14,1028
2453,凌群,5,0,5,合庫-彰化,2023-11-14,1028
3041,揚智,5,0,5,合庫-彰化,2023-11-14,1028
3057,喬鼎,5,0,5,合庫-彰化,2023-11-14,1028
3163,波若威,5,0,5,合庫-彰化,2023-11-14,1028
3363,上詮,12,7,5,合庫-彰化,2023-11-14,1028
4956,光鋐,5,0,5,合庫-彰化,2023-11-14,1028
6158,禾昌,5,0,5,合庫-彰化,2023-11-14,1028
9904,寶成,151,9,142,合庫-彰化,2023-11-15,1028
3013,晟銘電,110,52,58,合庫-彰化,2023-11-15,1028
2359,所羅門,47,0,47,合庫-彰化,2023-11-15,1028
1584,精剛,42,0,42,合庫-彰化,2023-11-15,1028
2303,聯電,64,24,40,合庫-彰化,2023-11-15,1028
2887,台新金,40,6,34,合庫-彰化,2023-11-15,1028
3162,精確,34,0,34,合庫-彰化,2023-11-15,1028
4128,中天,33,0,33,合庫-彰化,2023-11-15,1028
00878,國泰永續高股息,56,23,33,合庫-彰化,2023-11-15,1028
2363,矽統,88,56,32,合庫-彰化,2023-11-15,1028
00929,復華台灣科技優息,56,33,23,合庫-彰化,2023-11-15,1028
2516,新建,50,28,22,合庫-彰化,2023-11-15,1028
8085,福華,21,0,21,合庫-彰化,2023-11-15,1028
00671R,富邦NASDAQ反1,20,0,20,合庫-彰化,2023-11-15,1028
00679B,元大美債20年,20,0,20,合庫-彰化,2023-11-15,1028
3402,漢科,20,0,20,合庫-彰化,2023-11-15,1028
8076,伍豐,20,0,20,合庫-彰化,2023-11-15,1028
3163,波若威,20,2,18,合庫-彰化,2023-11-15,1028
2317,鴻海,23,6,17,合庫-彰化,2023-11-15,1028
2634,漢翔,20,3,17,合庫-彰化,2023-11-15,1028
6684,安格,16,0,16,合庫-彰化,2023-11-15,1028
00688L,國泰20年美債正2,30,15,15,合庫-彰化,2023-11-15,1028
2449,京元電子,16,1,15,合庫-彰化,2023-11-15,1028
2371,大同,64,51,13,合庫-彰化,2023-11-15,1028
2812,台中銀,15,2,13,合庫-彰化,2023-11-15,1028
6158,禾昌,13,0,13,合庫-彰化,2023-11-15,1028
6182,合晶,13,0,13,合庫-彰化,2023-11-15,1028
2439,美律,12,0,12,合庫-彰化,2023-11-15,1028
3706,神達,12,0,12,合庫-彰化,2023-11-15,1028
0056,元大高股息,22,11,11,合庫-彰化,2023-11-15,1028
3450,聯鈞,12,1,11,合庫-彰化,2023-11-15,1028
3062,建漢,11,0,11,合庫-彰化,2023-11-15,1028
00633L,富邦上証正2,10,0,10,合庫-彰化,2023-11-15,1028
00795B,中信美國公債20年,10,0,10,合庫-彰化,2023-11-15,1028
1721,三晃,11,1,10,合庫-彰化,2023-11-15,1028
8442,威宏-KY,10,0,10,合庫-彰化,2023-11-15,1028
6531,愛普*,52,43,9,合庫-彰化,2023-11-15,1028
00891,中信關鍵半導體,10,2,8,合庫-彰化,2023-11-15,1028
2369,菱生,31,23,8,合庫-彰化,2023-11-15,1028
3036A,文曄甲特,8,0,8,合庫-彰化,2023-11-15,1028
5381,合正,9,1,8,合庫-彰化,2023-11-15,1028
1314,中石化,7,0,7,合庫-彰化,2023-11-15,1028
3035,智原,11,4,7,合庫-彰化,2023-11-15,1028
3491,昇達科,7,0,7,合庫-彰化,2023-11-15,1028
5425,台半,10,3,7,合庫-彰化,2023-11-15,1028
5907,大洋-KY,7,0,7,合庫-彰化,2023-11-15,1028
2376,技嘉,8,1,7,合庫-彰化,2023-11-15,1028
00642U,期元大S＆P石油,6,0,6,合庫-彰化,2023-11-15,1028
00901,永豐智能車供應鏈,6,0,6,合庫-彰化,2023-11-15,1028
8996,高力,8,2,6,合庫-彰化,2023-11-15,1028
2634,漢翔,122,3,119,合庫-彰化,2023-11-16,1028
4128,中天,108,0,108,合庫-彰化,2023-11-16,1028
2337,旺宏,45,0,45,合庫-彰化,2023-11-16,1028
2801,彰銀,62,17,45,合庫-彰化,2023-11-16,1028
00878,國泰永續高股息,64,28,36,合庫-彰化,2023-11-16,1028
2329,華泰,88,68,20,合庫-彰化,2023-11-16,1028
2352,佳世達,25,5,20,合庫-彰化,2023-11-16,1028
2812,台中銀,20,0,20,合庫-彰化,2023-11-16,1028
2891,中信金,20,0,20,合庫-彰化,2023-11-16,1028
5512,力麒,20,0,20,合庫-彰化,2023-11-16,1028
00679B,元大美債20年,18,0,18,合庫-彰化,2023-11-16,1028
1568,倉佑,15,0,15,合庫-彰化,2023-11-16,1028
1907,永豐餘,15,0,15,合庫-彰化,2023-11-16,1028
2359,所羅門,15,0,15,合庫-彰化,2023-11-16,1028
3176,基亞,16,1,15,合庫-彰化,2023-11-16,1028
1618,合機,13,0,13,合庫-彰化,2023-11-16,1028
2417,圓剛,42,29,13,合庫-彰化,2023-11-16,1028
3450,聯鈞,12,0,12,合庫-彰化,2023-11-16,1028
00719B,元大美債1-3,12,0,12,合庫-彰化,2023-11-16,1028
9921,巨大,12,0,12,合庫-彰化,2023-11-16,1028
3231,緯創,17,6,11,合庫-彰化,2023-11-16,1028
00933B,國泰10Y+金融債,11,0,11,合庫-彰化,2023-11-16,1028
8222,寶一,11,0,11,合庫-彰化,2023-11-16,1028
00931B,統一美債20年,25,15,10,合庫-彰化,2023-11-16,1028
00680L,元大美債20正2,10,0,10,合庫-彰化,2023-11-16,1028
1409,新纖,10,0,10,合庫-彰化,2023-11-16,1028
1514,亞力,10,0,10,合庫-彰化,2023-11-16,1028
2301,光寶科,10,0,10,合庫-彰化,2023-11-16,1028
2605,新興,10,0,10,合庫-彰化,2023-11-16,1028
5215,科嘉-KY,10,0,10,合庫-彰化,2023-11-16,1028
5230,雷笛克光學,20,10,10,合庫-彰化,2023-11-16,1028
3035,智原,11,3,8,合庫-彰化,2023-11-16,1028
8088,品安,8,1,7,合庫-彰化,2023-11-16,1028
2344,華邦電,17,10,7,合庫-彰化,2023-11-16,1028
00715L,期街口布蘭特正2,50,44,6,合庫-彰化,2023-11-16,1028
00751B,元大AAA至A公司債,6,0,6,合庫-彰化,2023-11-16,1028
2498,宏達電,6,0,6,合庫-彰化,2023-11-16,1028
2515,中工,6,0,6,合庫-彰化,2023-11-16,1028
6269,台郡,7,1,6,合庫-彰化,2023-11-16,1028
6684,安格,7,1,6,合庫-彰化,2023-11-16,1028
8358,金居,6,0,6,合庫-彰化,2023-11-16,1028
00772B,中信高評級公司債,5,0,5,合庫-彰化,2023-11-16,1028
00687B,國泰20年美債,5,0,5,合庫-彰化,2023-11-16,1028
2458,義隆,5,0,5,合庫-彰化,2023-11-16,1028
2497,怡利電,5,0,5,合庫-彰化,2023-11-16,1028
4157,太景*-KY,5,0,5,合庫-彰化,2023-11-16,1028
4414,如興,5,0,5,合庫-彰化,2023-11-16,1028
6679,鈺太,5,0,5,合庫-彰化,2023-11-16,1028
9911,櫻花,5,0,5,合庫-彰化,2023-11-16,1028
00657,國泰日經225,4,0,4,合庫-彰化,2023-11-16,1028
00715L,期街口布蘭特正2,428,4,424,合庫-彰化,2023-11-17,1028
00665L,富邦�琤肭磪囓�2,358,0,358,合庫-彰化,2023-11-17,1028
2618,長榮航,311,42,269,合庫-彰化,2023-11-17,1028
00687B,國泰20年美債,156,0,156,合庫-彰化,2023-11-17,1028
2388,威盛,102,13,89,合庫-彰化,2023-11-17,1028
00712,復華富時不動產,75,0,75,合庫-彰化,2023-11-17,1028
2029,盛餘,71,0,71,合庫-彰化,2023-11-17,1028
5009,榮剛,57,7,50,合庫-彰化,2023-11-17,1028
2495,普安,50,1,49,合庫-彰化,2023-11-17,1028
6531,愛普*,51,11,40,合庫-彰化,2023-11-17,1028
9904,寶成,40,2,38,合庫-彰化,2023-11-17,1028
2610,華航,35,0,35,合庫-彰化,2023-11-17,1028
00680L,元大美債20正2,34,0,34,合庫-彰化,2023-11-17,1028
00637L,元大滬深300正2,33,0,33,合庫-彰化,2023-11-17,1028
3006,晶豪科,30,1,29,合庫-彰化,2023-11-17,1028
1584,精剛,27,0,27,合庫-彰化,2023-11-17,1028
2834,臺企銀,25,0,25,合庫-彰化,2023-11-17,1028
2801,彰銀,30,7,23,合庫-彰化,2023-11-17,1028
00929,復華台灣科技優息,26,5,21,合庫-彰化,2023-11-17,1028
2812,台中銀,23,3,20,合庫-彰化,2023-11-17,1028
1514,亞力,20,1,19,合庫-彰化,2023-11-17,1028
2905,三商,18,0,18,合庫-彰化,2023-11-17,1028
5534,長虹,18,0,18,合庫-彰化,2023-11-17,1028
6118,建達,17,1,16,合庫-彰化,2023-11-17,1028
2359,所羅門,15,0,15,合庫-彰化,2023-11-17,1028
6901,鑽石投資,15,1,14,合庫-彰化,2023-11-17,1028
00882,中信中國高股息,13,0,13,合庫-彰化,2023-11-17,1028
3162,精確,13,0,13,合庫-彰化,2023-11-17,1028
5014,建錩,12,0,12,合庫-彰化,2023-11-17,1028
5521,工信,12,0,12,合庫-彰化,2023-11-17,1028
6568,宏觀,13,1,12,合庫-彰化,2023-11-17,1028
2376,技嘉,12,1,11,合庫-彰化,2023-11-17,1028
00931B,統一美債20年,10,0,10,合庫-彰化,2023-11-17,1028
00773B,中信優先金融債,10,0,10,合庫-彰化,2023-11-17,1028
1524,耿鼎,13,3,10,合庫-彰化,2023-11-17,1028
2362,藍天,10,0,10,合庫-彰化,2023-11-17,1028
3494,誠研,10,0,10,合庫-彰化,2023-11-17,1028
4401,東隆興,10,0,10,合庫-彰化,2023-11-17,1028
8028,昇陽半導體,10,0,10,合庫-彰化,2023-11-17,1028
2352,佳世達,9,0,9,合庫-彰化,2023-11-17,1028
3017,奇鋐,11,2,9,合庫-彰化,2023-11-17,1028
2204,中華,9,1,8,合庫-彰化,2023-11-17,1028
6237,驊訊,9,1,8,合庫-彰化,2023-11-17,1028
3450,聯鈞,8,0,8,合庫-彰化,2023-11-17,1028
2609,陽明,7,0,7,合庫-彰化,2023-11-17,1028
00842B,台新美元銀行債,7,0,7,合庫-彰化,2023-11-17,1028
2617,台航,8,1,7,合庫-彰化,2023-11-17,1028
1210,大成,6,0,6,合庫-彰化,2023-11-17,1028
2340,台亞,9,3,6,合庫-彰化,2023-11-17,1028
2734,易飛網,6,0,6,合庫-彰化,2023-11-17,1028
00712,復華富時不動產,774,0,774,合庫-彰化,2023-11-20,1028
9904,寶成,139,2,137,合庫-彰化,2023-11-20,1028
2363,矽統,101,46,55,合庫-彰化,2023-11-20,1028
2618,長榮航,62,21,41,合庫-彰化,2023-11-20,1028
00885,富邦越南,40,0,40,合庫-彰化,2023-11-20,1028
00680L,元大美債20正2,32,0,32,合庫-彰化,2023-11-20,1028
5009,榮剛,33,2,31,合庫-彰化,2023-11-20,1028
1598,岱宇,25,0,25,合庫-彰化,2023-11-20,1028
3036A,文曄甲特,24,0,24,合庫-彰化,2023-11-20,1028
3682,亞太電,24,1,23,合庫-彰化,2023-11-20,1028
2029,盛餘,20,0,20,合庫-彰化,2023-11-20,1028
2421,建準,20,0,20,合庫-彰化,2023-11-20,1028
2883,凱基金,21,2,19,合庫-彰化,2023-11-20,1028
3489,森寶,18,0,18,合庫-彰化,2023-11-20,1028
00929,復華台灣科技優息,45,28,17,合庫-彰化,2023-11-20,1028
2610,華航,31,15,16,合庫-彰化,2023-11-20,1028
00773B,中信優先金融債,15,0,15,合庫-彰化,2023-11-20,1028
2371,大同,15,0,15,合庫-彰化,2023-11-20,1028
2401,凌陽,26,11,15,合庫-彰化,2023-11-20,1028
2442,新美齊,17,3,14,合庫-彰化,2023-11-20,1028
00679B,元大美債20年,13,0,13,合庫-彰化,2023-11-20,1028
1604,聲寶,13,0,13,合庫-彰化,2023-11-20,1028
3623,富晶通,13,0,13,合庫-彰化,2023-11-20,1028
00882,中信中國高股息,15,3,12,合庫-彰化,2023-11-20,1028
2303,聯電,26,14,12,合庫-彰化,2023-11-20,1028
3702,大聯大,11,0,11,合庫-彰化,2023-11-20,1028
2313,華通,25,15,10,合庫-彰化,2023-11-20,1028
2495,普安,10,0,10,合庫-彰化,2023-11-20,1028
5905,南仁湖,20,10,10,合庫-彰化,2023-11-20,1028
2454,聯發科,8,0,8,合庫-彰化,2023-11-20,1028
00933B,國泰10Y+金融債,8,0,8,合庫-彰化,2023-11-20,1028
2392,正崴,12,4,8,合庫-彰化,2023-11-20,1028
3035,智原,15,8,7,合庫-彰化,2023-11-20,1028
00687B,國泰20年美債,7,0,7,合庫-彰化,2023-11-20,1028
1402,遠東新,7,0,7,合庫-彰化,2023-11-20,1028
2201,裕隆,9,2,7,合庫-彰化,2023-11-20,1028
2344,華邦電,11,4,7,合庫-彰化,2023-11-20,1028
2356,英業達,8,1,7,合庫-彰化,2023-11-20,1028
3567,逸昌,7,0,7,合庫-彰化,2023-11-20,1028
4927,泰鼎-KY,7,0,7,合庫-彰化,2023-11-20,1028
6830,汎銓,7,0,7,合庫-彰化,2023-11-20,1028
00919,群益台灣精選高息,8,2,6,合庫-彰化,2023-11-20,1028
2543,皇昌,9,3,6,合庫-彰化,2023-11-20,1028
3306,鼎天,6,0,6,合庫-彰化,2023-11-20,1028
3483,力致,7,1,6,合庫-彰化,2023-11-20,1028
3703,欣陸,6,0,6,合庫-彰化,2023-11-20,1028
6261,久元,6,0,6,合庫-彰化,2023-11-20,1028
5706,鳳凰,5,0,5,合庫-彰化,2023-11-20,1028
1785,光洋科,6,1,5,合庫-彰化,2023-11-20,1028
2462,良得電,17,12,5,合庫-彰化,2023-11-20,1028
00712,復華富時不動產,147,2,145,合庫-彰化,2023-11-21,1028
2332,友訊,93,5,88,合庫-彰化,2023-11-21,1028
8070,長華*,73,0,73,合庫-彰化,2023-11-21,1028
00680L,元大美債20正2,72,0,72,合庫-彰化,2023-11-21,1028
2409,友達,73,2,71,合庫-彰化,2023-11-21,1028
00637L,元大滬深300正2,60,1,59,合庫-彰化,2023-11-21,1028
00673R,期元大S＆P原油反1,50,0,50,合庫-彰化,2023-11-21,1028
6233,旺玖,51,16,35,合庫-彰化,2023-11-21,1028
1504,東元,32,2,30,合庫-彰化,2023-11-21,1028
6114,久威,28,0,28,合庫-彰化,2023-11-21,1028
00687B,國泰20年美債,27,0,27,合庫-彰化,2023-11-21,1028
1227,佳格,25,0,25,合庫-彰化,2023-11-21,1028
3450,聯鈞,29,4,25,合庫-彰化,2023-11-21,1028
00929,復華台灣科技優息,35,11,24,合庫-彰化,2023-11-21,1028
1815,富喬,43,20,23,合庫-彰化,2023-11-21,1028
5009,榮剛,38,15,23,合庫-彰化,2023-11-21,1028
5392,能率,33,10,23,合庫-彰化,2023-11-21,1028
1584,精剛,24,2,22,合庫-彰化,2023-11-21,1028
2010,春源,20,0,20,合庫-彰化,2023-11-21,1028
2634,漢翔,21,1,20,合庫-彰化,2023-11-21,1028
3041,揚智,54,35,19,合庫-彰化,2023-11-21,1028
3356,奇偶,17,1,16,合庫-彰化,2023-11-21,1028
6533,晶心科,16,1,15,合庫-彰化,2023-11-21,1028
00885,富邦越南,17,3,14,合庫-彰化,2023-11-21,1028
6125,廣運,18,5,13,合庫-彰化,2023-11-21,1028
3257,虹冠電,11,0,11,合庫-彰化,2023-11-21,1028
3548,兆利,14,3,11,合庫-彰化,2023-11-21,1028
2316,楠梓電,12,2,10,合庫-彰化,2023-11-21,1028
00935,野村臺灣新科技50,14,4,10,合庫-彰化,2023-11-21,1028
00773B,中信優先金融債,10,0,10,合庫-彰化,2023-11-21,1028
2352,佳世達,10,0,10,合庫-彰化,2023-11-21,1028
3013,晟銘電,18,8,10,合庫-彰化,2023-11-21,1028
3033,威健,10,0,10,合庫-彰化,2023-11-21,1028
6133,金橋,10,0,10,合庫-彰化,2023-11-21,1028
8033,雷虎,10,0,10,合庫-彰化,2023-11-21,1028
2618,長榮航,9,0,9,合庫-彰化,2023-11-21,1028
3025,星通,10,1,9,合庫-彰化,2023-11-21,1028
8011,台通,9,0,9,合庫-彰化,2023-11-21,1028
3006,晶豪科,9,1,8,合庫-彰化,2023-11-21,1028
00679B,元大美債20年,8,0,8,合庫-彰化,2023-11-21,1028
1785,光洋科,9,2,7,合庫-彰化,2023-11-21,1028
1802,台玻,7,0,7,合庫-彰化,2023-11-21,1028
2027,大成鋼,10,3,7,合庫-彰化,2023-11-21,1028
3623,富晶通,7,0,7,合庫-彰化,2023-11-21,1028
3704,合勤控,10,3,7,合庫-彰化,2023-11-21,1028
2303,聯電,13,6,7,合庫-彰化,2023-11-21,1028
00891,中信關鍵半導體,6,0,6,合庫-彰化,2023-11-21,1028
1319,東陽,6,0,6,合庫-彰化,2023-11-21,1028
2439,美律,6,0,6,合庫-彰化,2023-11-21,1028
2462,良得電,10,4,6,合庫-彰化,2023-11-21,1028
2516,新建,210,4,206,合庫-彰化,2023-11-22,1028
2332,友訊,110,0,110,合庫-彰化,2023-11-22,1028
00919,群益台灣精選高息,86,0,86,合庫-彰化,2023-11-22,1028
3545,敦泰,84,1,83,合庫-彰化,2023-11-22,1028
3231,緯創,87,22,65,合庫-彰化,2023-11-22,1028
2883,凱基金,65,3,62,合庫-彰化,2023-11-22,1028
2352,佳世達,51,1,50,合庫-彰化,2023-11-22,1028
00680L,元大美債20正2,72,24,48,合庫-彰化,2023-11-22,1028
00751B,元大AAA至A公司債,42,1,41,合庫-彰化,2023-11-22,1028
00671R,富邦NASDAQ反1,40,0,40,合庫-彰化,2023-11-22,1028
2867,三商壽,40,0,40,合庫-彰化,2023-11-22,1028
2834,臺企銀,34,0,34,合庫-彰化,2023-11-22,1028
6282,康舒,76,43,33,合庫-彰化,2023-11-22,1028
00878,國泰永續高股息,45,20,25,合庫-彰化,2023-11-22,1028
3376,新日興,26,1,25,合庫-彰化,2023-11-22,1028
5347,世界,25,2,23,合庫-彰化,2023-11-22,1028
1785,光洋科,22,0,22,合庫-彰化,2023-11-22,1028
9904,寶成,21,0,21,合庫-彰化,2023-11-22,1028
1504,東元,20,0,20,合庫-彰化,2023-11-22,1028
1598,岱宇,20,0,20,合庫-彰化,2023-11-22,1028
8222,寶一,20,0,20,合庫-彰化,2023-11-22,1028
2442,新美齊,21,2,19,合庫-彰化,2023-11-22,1028
3548,兆利,21,3,18,合庫-彰化,2023-11-22,1028
6288,聯嘉,18,0,18,合庫-彰化,2023-11-22,1028
00882,中信中國高股息,17,0,17,合庫-彰化,2023-11-22,1028
5512,力麒,17,0,17,合庫-彰化,2023-11-22,1028
2301,光寶科,15,0,15,合庫-彰化,2023-11-22,1028
2611,志信,15,0,15,合庫-彰化,2023-11-22,1028
2618,長榮航,30,15,15,合庫-彰化,2023-11-22,1028
00929,復華台灣科技優息,52,38,14,合庫-彰化,2023-11-22,1028
00905,FT臺灣Smart,15,1,14,合庫-彰化,2023-11-22,1028
2382,廣達,22,9,13,合庫-彰化,2023-11-22,1028
2356,英業達,12,0,12,合庫-彰化,2023-11-22,1028
2353,宏��,12,0,12,合庫-彰化,2023-11-22,1028
5880,合庫金,11,0,11,合庫-彰化,2023-11-22,1028
2014,中鴻,11,0,11,合庫-彰化,2023-11-22,1028
4979,華星光,15,4,11,合庫-彰化,2023-11-22,1028
8033,雷虎,11,0,11,合庫-彰化,2023-11-22,1028
2324,仁寶,13,2,11,合庫-彰化,2023-11-22,1028
1802,台玻,10,0,10,合庫-彰化,2023-11-22,1028
3006,晶豪科,10,0,10,合庫-彰化,2023-11-22,1028
3419,譁裕,10,0,10,合庫-彰化,2023-11-22,1028
8044,網家,10,0,10,合庫-彰化,2023-11-22,1028
1712,興農,9,0,9,合庫-彰化,2023-11-22,1028
2402,毅嘉,9,0,9,合庫-彰化,2023-11-22,1028
5521,工信,25,16,9,合庫-彰化,2023-11-22,1028
8088,品安,9,0,9,合庫-彰化,2023-11-22,1028
2330,台積電,9,0,9,合庫-彰化,2023-11-22,1028
4908,前鼎,14,6,8,合庫-彰化,2023-11-22,1028
2409,友達,9,2,7,合庫-彰化,2023-11-22,1028
00680L,元大美債20正2,100,0,100,合庫-彰化,2023-11-23,1028
8261,富鼎,90,2,88,合庫-彰化,2023-11-23,1028
00637L,元大滬深300正2,83,0,83,合庫-彰化,2023-11-23,1028
2439,美律,52,1,51,合庫-彰化,2023-11-23,1028
0056,元大高股息,52,2,50,合庫-彰化,2023-11-23,1028
1584,精剛,46,0,46,合庫-彰化,2023-11-23,1028
2402,毅嘉,46,2,44,合庫-彰化,2023-11-23,1028
2516,新建,42,1,41,合庫-彰化,2023-11-23,1028
00919,群益台灣精選高息,43,3,40,合庫-彰化,2023-11-23,1028
00715L,期街口布蘭特正2,123,90,33,合庫-彰化,2023-11-23,1028
2834,臺企銀,32,1,31,合庫-彰化,2023-11-23,1028
00632R,元大台灣50反1,30,0,30,合庫-彰化,2023-11-23,1028
00687B,國泰20年美債,30,0,30,合庫-彰化,2023-11-23,1028
1471,首利,35,6,29,合庫-彰化,2023-11-23,1028
00688L,國泰20年美債正2,50,22,28,合庫-彰化,2023-11-23,1028
5009,榮剛,28,0,28,合庫-彰化,2023-11-23,1028
2029,盛餘,27,0,27,合庫-彰化,2023-11-23,1028
3504,揚明光,26,0,26,合庫-彰化,2023-11-23,1028
6282,康舒,97,72,25,合庫-彰化,2023-11-23,1028
2317,鴻海,26,1,25,合庫-彰化,2023-11-23,1028
3715,定穎投控,34,12,22,合庫-彰化,2023-11-23,1028
2736,富野,20,0,20,合庫-彰化,2023-11-23,1028
5521,工信,49,29,20,合庫-彰化,2023-11-23,1028
8076,伍豐,20,0,20,合庫-彰化,2023-11-23,1028
3231,緯創,44,26,18,合庫-彰化,2023-11-23,1028
3530,晶相光,18,0,18,合庫-彰化,2023-11-23,1028
00706L,期元大S＆P日圓正2,16,0,16,合庫-彰化,2023-11-23,1028
00878,國泰永續高股息,23,7,16,合庫-彰化,2023-11-23,1028
1598,岱宇,20,5,15,合庫-彰化,2023-11-23,1028
5351,鈺創,27,12,15,合庫-彰化,2023-11-23,1028
3152,璟德,13,0,13,合庫-彰化,2023-11-23,1028
2449,京元電子,12,0,12,合庫-彰化,2023-11-23,1028
2537,聯上發,12,0,12,合庫-彰化,2023-11-23,1028
2002,中鋼,20,9,11,合庫-彰化,2023-11-23,1028
2352,佳世達,11,0,11,合庫-彰化,2023-11-23,1028
2457,飛宏,51,40,11,合庫-彰化,2023-11-23,1028
3702,大聯大,11,0,11,合庫-彰化,2023-11-23,1028
3706,神達,16,5,11,合庫-彰化,2023-11-23,1028
2388,威盛,17,6,11,合庫-彰化,2023-11-23,1028
00671R,富邦NASDAQ反1,10,0,10,合庫-彰化,2023-11-23,1028
1528,恩德,10,0,10,合庫-彰化,2023-11-23,1028
2369,菱生,10,0,10,合庫-彰化,2023-11-23,1028
5272,笙科,10,0,10,合庫-彰化,2023-11-23,1028
5471,松翰,10,0,10,合庫-彰化,2023-11-23,1028
6005,群益證,10,0,10,合庫-彰化,2023-11-23,1028
5468,凱鈺,10,1,9,合庫-彰化,2023-11-23,1028
6139,亞翔,10,1,9,合庫-彰化,2023-11-23,1028
3047,訊舟,10,2,8,合庫-彰化,2023-11-23,1028
6679,鈺太,8,0,8,合庫-彰化,2023-11-23,1028
8936,國統,8,0,8,合庫-彰化,2023-11-23,1028
2618,長榮航,158,25,133,合庫-彰化,2023-11-24,1028
9904,寶成,89,0,89,合庫-彰化,2023-11-24,1028
2337,旺宏,71,1,70,合庫-彰化,2023-11-24,1028
2883,凱基金,70,0,70,合庫-彰化,2023-11-24,1028
5465,富驊,65,0,65,合庫-彰化,2023-11-24,1028
3060,銘異,54,0,54,合庫-彰化,2023-11-24,1028
00885,富邦越南,50,2,48,合庫-彰化,2023-11-24,1028
6282,康舒,43,3,40,合庫-彰化,2023-11-24,1028
00687B,國泰20年美債,31,0,31,合庫-彰化,2023-11-24,1028
6533,晶心科,40,12,28,合庫-彰化,2023-11-24,1028
2353,宏��,25,1,24,合庫-彰化,2023-11-24,1028
3058,立德,26,3,23,合庫-彰化,2023-11-24,1028
3530,晶相光,22,0,22,合庫-彰化,2023-11-24,1028
00680L,元大美債20正2,20,0,20,合庫-彰化,2023-11-24,1028
6138,茂達,20,1,19,合庫-彰化,2023-11-24,1028
8085,福華,19,0,19,合庫-彰化,2023-11-24,1028
3176,基亞,18,0,18,合庫-彰化,2023-11-24,1028
8070,長華*,18,0,18,合庫-彰化,2023-11-24,1028
3376,新日興,17,0,17,合庫-彰化,2023-11-24,1028
8043,蜜望實,15,0,15,合庫-彰化,2023-11-24,1028
3006,晶豪科,22,8,14,合庫-彰化,2023-11-24,1028
2610,華航,19,5,14,合庫-彰化,2023-11-24,1028
1609,大亞,23,10,13,合庫-彰化,2023-11-24,1028
6830,汎銓,13,0,13,合庫-彰化,2023-11-24,1028
2888,新光金,22,10,12,合庫-彰化,2023-11-24,1028
3152,璟德,12,1,11,合庫-彰化,2023-11-24,1028
6164,華興,13,2,11,合庫-彰化,2023-11-24,1028
4402,郡都開發,10,0,10,合庫-彰化,2023-11-24,1028
6695,芯鼎,11,1,10,合庫-彰化,2023-11-24,1028
2367,燿華,10,1,9,合庫-彰化,2023-11-24,1028
4503,金雨,9,0,9,合庫-彰化,2023-11-24,1028
8183,精星,9,0,9,合庫-彰化,2023-11-24,1028
00919,群益台灣精選高息,21,13,8,合庫-彰化,2023-11-24,1028
1471,首利,8,0,8,合庫-彰化,2023-11-24,1028
2476,鉅祥,23,15,8,合庫-彰化,2023-11-24,1028
5009,榮剛,8,0,8,合庫-彰化,2023-11-24,1028
6125,廣運,8,0,8,合庫-彰化,2023-11-24,1028
6829,千附精密,8,0,8,合庫-彰化,2023-11-24,1028
00679B,元大美債20年,7,0,7,合庫-彰化,2023-11-24,1028
2537,聯上發,7,0,7,合庫-彰化,2023-11-24,1028
3701,大眾控,8,1,7,合庫-彰化,2023-11-24,1028
00878,國泰永續高股息,17,11,6,合庫-彰化,2023-11-24,1028
2303,聯電,9,3,6,合庫-彰化,2023-11-24,1028
1718,中纖,6,0,6,合庫-彰化,2023-11-24,1028
1721,三晃,6,0,6,合庫-彰化,2023-11-24,1028
2313,華通,12,6,6,合庫-彰化,2023-11-24,1028
2881,富邦金,6,0,6,合庫-彰化,2023-11-24,1028
2630,亞航,12,6,6,合庫-彰化,2023-11-24,1028
00935,野村臺灣新科技50,5,0,5,合庫-彰化,2023-11-24,1028
00665L,富邦�琤肭磪囓�2,5,0,5,合庫-彰化,2023-11-24,1028
2356,英業達,95,3,92,合庫-彰化,2023-11-27,1028
6235,華孚,92,3,89,合庫-彰化,2023-11-27,1028
2359,所羅門,84,15,69,合庫-彰化,2023-11-27,1028
00919,群益台灣精選高息,64,0,64,合庫-彰化,2023-11-27,1028
00929,復華台灣科技優息,65,3,62,合庫-彰化,2023-11-27,1028
2885,元大金,61,1,60,合庫-彰化,2023-11-27,1028
1514,亞力,74,17,57,合庫-彰化,2023-11-27,1028
3025,星通,59,7,52,合庫-彰化,2023-11-27,1028
4106,雃博,102,50,52,合庫-彰化,2023-11-27,1028
1584,精剛,51,0,51,合庫-彰化,2023-11-27,1028
8261,富鼎,43,0,43,合庫-彰化,2023-11-27,1028
6547,高端疫苗,45,7,38,合庫-彰化,2023-11-27,1028
00878,國泰永續高股息,38,2,36,合庫-彰化,2023-11-27,1028
2915,潤泰全,35,0,35,合庫-彰化,2023-11-27,1028
00665L,富邦�琤肭磪囓�2,42,8,34,合庫-彰化,2023-11-27,1028
00687B,國泰20年美債,33,0,33,合庫-彰化,2023-11-27,1028
2402,毅嘉,41,10,31,合庫-彰化,2023-11-27,1028
2029,盛餘,30,0,30,合庫-彰化,2023-11-27,1028
00885,富邦越南,30,2,28,合庫-彰化,2023-11-27,1028
3056,富華新,29,3,26,合庫-彰化,2023-11-27,1028
4743,合一,31,6,25,合庫-彰化,2023-11-27,1028
3152,璟德,25,0,25,合庫-彰化,2023-11-27,1028
2344,華邦電,23,0,23,合庫-彰化,2023-11-27,1028
0056,元大高股息,21,0,21,合庫-彰化,2023-11-27,1028
6167,久正,20,0,20,合庫-彰化,2023-11-27,1028
00680L,元大美債20正2,20,0,20,合庫-彰化,2023-11-27,1028
2889,國票金,20,0,20,合庫-彰化,2023-11-27,1028
9904,寶成,20,0,20,合庫-彰化,2023-11-27,1028
5009,榮剛,25,7,18,合庫-彰化,2023-11-27,1028
2882,國泰金,23,5,18,合庫-彰化,2023-11-27,1028
1513,中興電,23,7,16,合庫-彰化,2023-11-27,1028
2457,飛宏,65,49,16,合庫-彰化,2023-11-27,1028
4167,松瑞藥,22,7,15,合庫-彰化,2023-11-27,1028
00931B,統一美債20年,15,0,15,合庫-彰化,2023-11-27,1028
2883,凱基金,138,125,13,合庫-彰化,2023-11-27,1028
00715L,期街口布蘭特正2,53,40,13,合庫-彰化,2023-11-27,1028
2476,鉅祥,18,5,13,合庫-彰化,2023-11-27,1028
3706,神達,13,0,13,合庫-彰化,2023-11-27,1028
2330,台積電,13,1,12,合庫-彰化,2023-11-27,1028
00900,富邦特選高股息30,14,2,12,合庫-彰化,2023-11-27,1028
2303,聯電,13,1,12,合庫-彰化,2023-11-27,1028
00773B,中信優先金融債,11,0,11,合庫-彰化,2023-11-27,1028
1618,合機,18,7,11,合庫-彰化,2023-11-27,1028
1815,富喬,11,0,11,合庫-彰化,2023-11-27,1028
3006,晶豪科,13,2,11,合庫-彰化,2023-11-27,1028
5381,合正,11,0,11,合庫-彰化,2023-11-27,1028
00764B,群益25年美債,10,0,10,合庫-彰化,2023-11-27,1028
1301,台塑,10,0,10,合庫-彰化,2023-11-27,1028
00923,群益台ESG低碳50,10,0,10,合庫-彰化,2023-11-27,1028
1522,堤維西,10,0,10,合庫-彰化,2023-11-27,1028
2637,慧洋-KY,403,9,394,合庫-彰化,2023-11-28,1028
5608,四維航,298,8,290,合庫-彰化,2023-11-28,1028
00715L,期街口布蘭特正2,120,0,120,合庫-彰化,2023-11-28,1028
3051,力特,115,0,115,合庫-彰化,2023-11-28,1028
00885,富邦越南,41,0,41,合庫-彰化,2023-11-28,1028
9103,美德醫療-DR,40,0,40,合庫-彰化,2023-11-28,1028
00665L,富邦�琤肭磪囓�2,36,0,36,合庫-彰化,2023-11-28,1028
8070,長華*,35,0,35,合庫-彰化,2023-11-28,1028
3231,緯創,44,14,30,合庫-彰化,2023-11-28,1028
00637L,元大滬深300正2,30,0,30,合庫-彰化,2023-11-28,1028
4956,光鋐,20,0,20,合庫-彰化,2023-11-28,1028
4526,東台,21,1,20,合庫-彰化,2023-11-28,1028
2371,大同,29,13,16,合庫-彰化,2023-11-28,1028
00900,富邦特選高股息30,26,10,16,合庫-彰化,2023-11-28,1028
2353,宏��,20,5,15,合庫-彰化,2023-11-28,1028
6111,大宇資,15,0,15,合庫-彰化,2023-11-28,1028
2305,全友,14,0,14,合庫-彰化,2023-11-28,1028
5347,世界,15,2,13,合庫-彰化,2023-11-28,1028
2303,聯電,18,7,11,合庫-彰化,2023-11-28,1028
1514,亞力,23,12,11,合庫-彰化,2023-11-28,1028
2392,正崴,14,3,11,合庫-彰化,2023-11-28,1028
4968,立積,15,4,11,合庫-彰化,2023-11-28,1028
6016,康和證,11,0,11,合庫-彰化,2023-11-28,1028
00919,群益台灣精選高息,11,1,10,合庫-彰化,2023-11-28,1028
6153,嘉聯益,10,0,10,合庫-彰化,2023-11-28,1028
6535,順藥,10,0,10,合庫-彰化,2023-11-28,1028
00712,復華富時不動產,9,0,9,合庫-彰化,2023-11-28,1028
2882,國泰金,9,0,9,合庫-彰化,2023-11-28,1028
3152,璟德,8,0,8,合庫-彰化,2023-11-28,1028
6695,芯鼎,11,3,8,合庫-彰化,2023-11-28,1028
1531,高林股,7,0,7,合庫-彰化,2023-11-28,1028
3122,笙泉,23,16,7,合庫-彰化,2023-11-28,1028
3489,森寶,7,0,7,合庫-彰化,2023-11-28,1028
4114,健喬,10,3,7,合庫-彰化,2023-11-28,1028
5009,榮剛,7,0,7,合庫-彰化,2023-11-28,1028
5521,工信,6,0,6,合庫-彰化,2023-11-28,1028
6245,立端,7,1,6,合庫-彰化,2023-11-28,1028
00882,中信中國高股息,5,0,5,合庫-彰化,2023-11-28,1028
00891,中信關鍵半導體,5,0,5,合庫-彰化,2023-11-28,1028
1789,神隆,5,0,5,合庫-彰化,2023-11-28,1028
1802,台玻,5,0,5,合庫-彰化,2023-11-28,1028
2313,華通,48,43,5,合庫-彰化,2023-11-28,1028
2352,佳世達,5,0,5,合庫-彰化,2023-11-28,1028
2369,菱生,5,0,5,合庫-彰化,2023-11-28,1028
1905,華紙,21,17,4,合庫-彰化,2023-11-28,1028
2432,倚天酷��-創,4,0,4,合庫-彰化,2023-11-28,1028
3017,奇鋐,6,2,4,合庫-彰化,2023-11-28,1028
3078,僑威,4,0,4,合庫-彰化,2023-11-28,1028
6901,鑽石投資,6,2,4,合庫-彰化,2023-11-28,1028
8043,蜜望實,4,0,4,合庫-彰化,2023-11-28,1028
5608,四維航,193,1,192,合庫-彰化,2023-11-29,1028
3372,典範,151,1,150,合庫-彰化,2023-11-29,1028
8261,富鼎,108,3,105,合庫-彰化,2023-11-29,1028
00882,中信中國高股息,94,0,94,合庫-彰化,2023-11-29,1028
00637L,元大滬深300正2,94,0,94,合庫-彰化,2023-11-29,1028
00665L,富邦�琤肭磪囓�2,65,0,65,合庫-彰化,2023-11-29,1028
2369,菱生,92,28,64,合庫-彰化,2023-11-29,1028
00687B,國泰20年美債,64,0,64,合庫-彰化,2023-11-29,1028
9955,佳龍,70,7,63,合庫-彰化,2023-11-29,1028
2637,慧洋-KY,48,0,48,合庫-彰化,2023-11-29,1028
2029,盛餘,44,0,44,合庫-彰化,2023-11-29,1028
2618,長榮航,40,2,38,合庫-彰化,2023-11-29,1028
2402,毅嘉,41,9,32,合庫-彰化,2023-11-29,1028
2485,兆赫,31,0,31,合庫-彰化,2023-11-29,1028
5392,能率,31,0,31,合庫-彰化,2023-11-29,1028
8096,擎亞,30,0,30,合庫-彰化,2023-11-29,1028
00915,凱基優選高股息30,21,0,21,合庫-彰化,2023-11-29,1028
00751B,元大AAA至A公司債,20,0,20,合庫-彰化,2023-11-29,1028
1447,力鵬,20,0,20,合庫-彰化,2023-11-29,1028
2867,三商壽,20,0,20,合庫-彰化,2023-11-29,1028
6133,金橋,20,0,20,合庫-彰化,2023-11-29,1028
00919,群益台灣精選高息,39,20,19,合庫-彰化,2023-11-29,1028
3317,尼克森,20,1,19,合庫-彰化,2023-11-29,1028
3231,緯創,42,23,19,合庫-彰化,2023-11-29,1028
1409,新纖,20,2,18,合庫-彰化,2023-11-29,1028
2367,燿華,24,7,17,合庫-彰化,2023-11-29,1028
2409,友達,16,0,16,合庫-彰化,2023-11-29,1028
2601,益航,15,0,15,合庫-彰化,2023-11-29,1028
2883,凱基金,52,37,15,合庫-彰化,2023-11-29,1028
5009,榮剛,15,0,15,合庫-彰化,2023-11-29,1028
2610,華航,15,0,15,合庫-彰化,2023-11-29,1028
4167,松瑞藥,15,1,14,合庫-彰化,2023-11-29,1028
2605,新興,17,4,13,合庫-彰化,2023-11-29,1028
2641,正德,13,1,12,合庫-彰化,2023-11-29,1028
2834,臺企銀,12,0,12,合庫-彰化,2023-11-29,1028
6426,統新,12,0,12,合庫-彰化,2023-11-29,1028
6684,安格,16,4,12,合庫-彰化,2023-11-29,1028
6282,康舒,11,0,11,合庫-彰化,2023-11-29,1028
00632R,元大台灣50反1,10,0,10,合庫-彰化,2023-11-29,1028
00671R,富邦NASDAQ反1,10,0,10,合庫-彰化,2023-11-29,1028
1802,台玻,10,0,10,合庫-彰化,2023-11-29,1028
2408,南亞科,13,3,10,合庫-彰化,2023-11-29,1028
3149,正達,10,0,10,合庫-彰化,2023-11-29,1028
4108,懷特,10,0,10,合庫-彰化,2023-11-29,1028
6117,迎廣,11,1,10,合庫-彰化,2023-11-29,1028
6799,來頡,12,2,10,合庫-彰化,2023-11-29,1028
2353,宏��,9,0,9,合庫-彰化,2023-11-29,1028
2355,敬鵬,10,1,9,合庫-彰化,2023-11-29,1028
3266,昇陽,9,0,9,合庫-彰化,2023-11-29,1028
6161,捷波,10,1,9,合庫-彰化,2023-11-29,1028
00673R,期元大S＆P原油反1,300,0,300,合庫-彰化,2023-11-30,1028
2462,良得電,118,0,118,合庫-彰化,2023-11-30,1028
8096,擎亞,123,6,117,合庫-彰化,2023-11-30,1028
2633,台灣高鐵,100,0,100,合庫-彰化,2023-11-30,1028
2201,裕隆,86,4,82,合庫-彰化,2023-11-30,1028
00687B,國泰20年美債,59,0,59,合庫-彰化,2023-11-30,1028
1806,冠軍,59,0,59,合庫-彰化,2023-11-30,1028
8261,富鼎,57,1,56,合庫-彰化,2023-11-30,1028
00923,群益台ESG低碳50,55,0,55,合庫-彰化,2023-11-30,1028
00919,群益台灣精選高息,55,1,54,合庫-彰化,2023-11-30,1028
6120,達運,50,0,50,合庫-彰化,2023-11-30,1028
3231,緯創,54,8,46,合庫-彰化,2023-11-30,1028
00929,復華台灣科技優息,52,10,42,合庫-彰化,2023-11-30,1028
1584,精剛,35,0,35,合庫-彰化,2023-11-30,1028
2838,聯邦銀,35,0,35,合庫-彰化,2023-11-30,1028
2883,凱基金,169,138,31,合庫-彰化,2023-11-30,1028
6426,統新,27,0,27,合庫-彰化,2023-11-30,1028
2317,鴻海,25,1,24,合庫-彰化,2023-11-30,1028
9919,康那香,35,11,24,合庫-彰化,2023-11-30,1028
00878,國泰永續高股息,27,4,23,合庫-彰化,2023-11-30,1028
3006,晶豪科,20,0,20,合庫-彰化,2023-11-30,1028
00637L,元大滬深300正2,20,0,20,合庫-彰化,2023-11-30,1028
1409,新纖,20,0,20,合庫-彰化,2023-11-30,1028
1517,利奇,20,0,20,合庫-彰化,2023-11-30,1028
2888,新光金,20,0,20,合庫-彰化,2023-11-30,1028
2329,華泰,73,53,20,合庫-彰化,2023-11-30,1028
1325,恆大,28,9,19,合庫-彰化,2023-11-30,1028
5347,世界,17,0,17,合庫-彰化,2023-11-30,1028
2472,立隆電,17,1,16,合庫-彰化,2023-11-30,1028
00935,野村臺灣新科技50,15,0,15,合庫-彰化,2023-11-30,1028
5608,四維航,35,20,15,合庫-彰化,2023-11-30,1028
2313,華通,60,47,13,合庫-彰化,2023-11-30,1028
2409,友達,16,3,13,合庫-彰化,2023-11-30,1028
2630,亞航,12,0,12,合庫-彰化,2023-11-30,1028
2634,漢翔,11,1,10,合庫-彰化,2023-11-30,1028
00882,中信中國高股息,10,0,10,合庫-彰化,2023-11-30,1028
4956,光鋐,10,0,10,合庫-彰化,2023-11-30,1028
6111,大宇資,12,2,10,合庫-彰化,2023-11-30,1028
8040,九暘,10,0,10,合庫-彰化,2023-11-30,1028
8390,金益鼎,10,0,10,合庫-彰化,2023-11-30,1028
00679B,元大美債20年,9,0,9,合庫-彰化,2023-11-30,1028
00934,中信成長高股息,9,0,9,合庫-彰化,2023-11-30,1028
3704,合勤控,11,2,9,合庫-彰化,2023-11-30,1028
2834,臺企銀,10,2,8,合庫-彰化,2023-11-30,1028
4974,亞泰,8,0,8,合庫-彰化,2023-11-30,1028
4746,台耀,10,3,7,合庫-彰化,2023-11-30,1028
3059,華晶科,7,0,7,合庫-彰化,2023-11-30,1028
4908,前鼎,10,3,7,合庫-彰化,2023-11-30,1028
2002,中鋼,20,14,6,合庫-彰化,2023-11-30,1028
3545,敦泰,8,2,6,合庫-彰化,2023-11-30,1028
8096,擎亞,278,20,258,合庫-彰化,2023-12-01,1028
4909,新復興,251,8,243,合庫-彰化,2023-12-01,1028
2883,凱基金,306,151,155,合庫-彰化,2023-12-01,1028
00715L,期街口布蘭特正2,153,0,153,合庫-彰化,2023-12-01,1028
2834,臺企銀,120,0,120,合庫-彰化,2023-12-01,1028
2881,富邦金,100,0,100,合庫-彰化,2023-12-01,1028
00919,群益台灣精選高息,82,3,79,合庫-彰化,2023-12-01,1028
3583,辛耘,78,0,78,合庫-彰化,2023-12-01,1028
2609,陽明,66,7,59,合庫-彰化,2023-12-01,1028
6288,聯嘉,67,17,50,合庫-彰化,2023-12-01,1028
00687B,國泰20年美債,37,3,34,合庫-彰化,2023-12-01,1028
6485,點序,35,2,33,合庫-彰化,2023-12-01,1028
3702,大聯大,31,0,31,合庫-彰化,2023-12-01,1028
2002,中鋼,40,10,30,合庫-彰化,2023-12-01,1028
2324,仁寶,27,0,27,合庫-彰化,2023-12-01,1028
4561,健椿,57,30,27,合庫-彰化,2023-12-01,1028
2886,兆豐金,23,0,23,合庫-彰化,2023-12-01,1028
2317,鴻海,23,0,23,合庫-彰化,2023-12-01,1028
5465,富驊,24,2,22,合庫-彰化,2023-12-01,1028
1101,台泥,28,7,21,合庫-彰化,2023-12-01,1028
00637L,元大滬深300正2,20,0,20,合庫-彰化,2023-12-01,1028
3682,亞太電,20,0,20,合庫-彰化,2023-12-01,1028
00881,國泰台灣5G+,19,0,19,合庫-彰化,2023-12-01,1028
2367,燿華,37,19,18,合庫-彰化,2023-12-01,1028
6278,台表科,18,0,18,合庫-彰化,2023-12-01,1028
2363,矽統,27,11,16,合庫-彰化,2023-12-01,1028
00878,國泰永續高股息,15,0,15,合庫-彰化,2023-12-01,1028
9103,美德醫療-DR,15,0,15,合庫-彰化,2023-12-01,1028
00679B,元大美債20年,14,0,14,合庫-彰化,2023-12-01,1028
4550,長佳,16,2,14,合庫-彰化,2023-12-01,1028
2359,所羅門,13,0,13,合庫-彰化,2023-12-01,1028
2382,廣達,23,11,12,合庫-彰化,2023-12-01,1028
00882,中信中國高股息,14,2,12,合庫-彰化,2023-12-01,1028
1325,恆大,12,0,12,合庫-彰化,2023-12-01,1028
1752,南光,13,1,12,合庫-彰化,2023-12-01,1028
5009,榮剛,27,15,12,合庫-彰化,2023-12-01,1028
00918,大華優利高填息30,11,0,11,合庫-彰化,2023-12-01,1028
00885,富邦越南,12,1,11,合庫-彰化,2023-12-01,1028
00764B,群益25年美債,10,0,10,合庫-彰化,2023-12-01,1028
1720,生達,11,1,10,合庫-彰化,2023-12-01,1028
2888,新光金,12,2,10,合庫-彰化,2023-12-01,1028
3706,神達,25,16,9,合庫-彰化,2023-12-01,1028
1513,中興電,14,5,9,合庫-彰化,2023-12-01,1028
1514,亞力,13,5,8,合庫-彰化,2023-12-01,1028
2891,中信金,10,2,8,合庫-彰化,2023-12-01,1028
3040,遠見,8,0,8,合庫-彰化,2023-12-01,1028
3450,聯鈞,23,15,8,合庫-彰化,2023-12-01,1028
2884,玉山金,7,0,7,合庫-彰化,2023-12-01,1028
00688L,國泰20年美債正2,7,0,7,合庫-彰化,2023-12-01,1028
2444,兆勁,7,0,7,合庫-彰化,2023-12-01,1028
5608,四維航,645,97,548,合庫-彰化,2023-12-04,1028
00715L,期街口布蘭特正2,333,0,333,合庫-彰化,2023-12-04,1028
2601,益航,220,1,219,合庫-彰化,2023-12-04,1028
2883,凱基金,120,0,120,合庫-彰化,2023-12-04,1028
1608,華榮,93,0,93,合庫-彰化,2023-12-04,1028
2516,新建,93,1,92,合庫-彰化,2023-12-04,1028
6288,聯嘉,85,6,79,合庫-彰化,2023-12-04,1028
2367,燿華,75,22,53,合庫-彰化,2023-12-04,1028
3265,台星科,50,0,50,合庫-彰化,2023-12-04,1028
2402,毅嘉,47,2,45,合庫-彰化,2023-12-04,1028
2409,友達,66,23,43,合庫-彰化,2023-12-04,1028
00687B,國泰20年美債,62,21,41,合庫-彰化,2023-12-04,1028
6485,點序,38,1,37,合庫-彰化,2023-12-04,1028
2359,所羅門,47,15,32,合庫-彰化,2023-12-04,1028
2612,中航,28,0,28,合庫-彰化,2023-12-04,1028
2515,中工,25,0,25,合庫-彰化,2023-12-04,1028
2355,敬鵬,31,7,24,合庫-彰化,2023-12-04,1028
3583,辛耘,24,0,24,合庫-彰化,2023-12-04,1028
1504,東元,44,20,24,合庫-彰化,2023-12-04,1028
00712,復華富時不動產,28,5,23,合庫-彰化,2023-12-04,1028
2317,鴻海,23,0,23,合庫-彰化,2023-12-04,1028
6235,華孚,23,1,22,合庫-彰化,2023-12-04,1028
2468,華經,20,0,20,合庫-彰化,2023-12-04,1028
2303,聯電,23,4,19,合庫-彰化,2023-12-04,1028
00679B,元大美債20年,23,5,18,合庫-彰化,2023-12-04,1028
2034,允強,18,0,18,合庫-彰化,2023-12-04,1028
3213,茂訊,17,0,17,合庫-彰化,2023-12-04,1028
5014,建錩,17,0,17,合庫-彰化,2023-12-04,1028
2105,正新,53,37,16,合庫-彰化,2023-12-04,1028
3710,連展投控,20,5,15,合庫-彰化,2023-12-04,1028
6244,茂迪,15,0,15,合庫-彰化,2023-12-04,1028
3006,晶豪科,14,0,14,合庫-彰化,2023-12-04,1028
8096,擎亞,14,0,14,合庫-彰化,2023-12-04,1028
1101,台泥,14,1,13,合庫-彰化,2023-12-04,1028
1815,富喬,13,0,13,合庫-彰化,2023-12-04,1028
2465,麗臺,20,7,13,合庫-彰化,2023-12-04,1028
5328,華容,16,3,13,合庫-彰化,2023-12-04,1028
6139,亞翔,15,2,13,合庫-彰化,2023-12-04,1028
2489,瑞軒,15,3,12,合庫-彰化,2023-12-04,1028
2243,宏旭-KY,11,0,11,合庫-彰化,2023-12-04,1028
2458,義隆,11,0,11,合庫-彰化,2023-12-04,1028
3041,揚智,12,1,11,合庫-彰化,2023-12-04,1028
4133,亞諾法,11,0,11,合庫-彰化,2023-12-04,1028
6160,欣技,11,0,11,合庫-彰化,2023-12-04,1028
2609,陽明,34,24,10,合庫-彰化,2023-12-04,1028
1217,愛之味,10,0,10,合庫-彰化,2023-12-04,1028
00632R,元大台灣50反1,10,0,10,合庫-彰化,2023-12-04,1028
2371,大同,10,0,10,合庫-彰化,2023-12-04,1028
2542,興富發,10,0,10,合庫-彰化,2023-12-04,1028
4939,亞電,10,0,10,合庫-彰化,2023-12-04,1028
00919,群益台灣精選高息,157,0,157,合庫-彰化,2023-12-05,1028
00937B,群益ESG投等債20,151,5,146,合庫-彰化,2023-12-05,1028
2618,長榮航,144,0,144,合庫-彰化,2023-12-05,1028
3264,欣銓,131,1,130,合庫-彰化,2023-12-05,1028
00680L,元大美債20正2,101,6,95,合庫-彰化,2023-12-05,1028
00715L,期街口布蘭特正2,84,0,84,合庫-彰化,2023-12-05,1028
2515,中工,103,20,83,合庫-彰化,2023-12-05,1028
3287,廣寰科,72,4,68,合庫-彰化,2023-12-05,1028
00933B,國泰10Y+金融債,66,0,66,合庫-彰化,2023-12-05,1028
2105,正新,67,2,65,合庫-彰化,2023-12-05,1028
2881,富邦金,51,0,51,合庫-彰化,2023-12-05,1028
5347,世界,51,1,50,合庫-彰化,2023-12-05,1028
1584,精剛,50,1,49,合庫-彰化,2023-12-05,1028
2887,台新金,44,0,44,合庫-彰化,2023-12-05,1028
3231,緯創,45,8,37,合庫-彰化,2023-12-05,1028
6116,彩晶,32,0,32,合庫-彰化,2023-12-05,1028
4167,松瑞藥,58,29,29,合庫-彰化,2023-12-05,1028
00929,復華台灣科技優息,55,26,29,合庫-彰化,2023-12-05,1028
4743,合一,29,1,28,合庫-彰化,2023-12-05,1028
00878,國泰永續高股息,27,0,27,合庫-彰化,2023-12-05,1028
1605,華新,40,13,27,合庫-彰化,2023-12-05,1028
2359,所羅門,27,2,25,合庫-彰化,2023-12-05,1028
2337,旺宏,24,0,24,合庫-彰化,2023-12-05,1028
3006,晶豪科,22,0,22,合庫-彰化,2023-12-05,1028
5009,榮剛,23,1,22,合庫-彰化,2023-12-05,1028
2427,三商電,20,0,20,合庫-彰化,2023-12-05,1028
2606,裕民,61,41,20,合庫-彰化,2023-12-05,1028
3489,森寶,20,0,20,合庫-彰化,2023-12-05,1028
3712,永崴投控,20,0,20,合庫-彰化,2023-12-05,1028
2609,陽明,32,13,19,合庫-彰化,2023-12-05,1028
00918,大華優利高填息30,19,0,19,合庫-彰化,2023-12-05,1028
1524,耿鼎,18,0,18,合庫-彰化,2023-12-05,1028
2402,毅嘉,18,0,18,合庫-彰化,2023-12-05,1028
3062,建漢,18,0,18,合庫-彰化,2023-12-05,1028
00882,中信中國高股息,38,20,18,合庫-彰化,2023-12-05,1028
00931B,統一美債20年,18,1,17,合庫-彰化,2023-12-05,1028
00679B,元大美債20年,16,0,16,合庫-彰化,2023-12-05,1028
1409,新纖,16,0,16,合庫-彰化,2023-12-05,1028
3051,力特,22,6,16,合庫-彰化,2023-12-05,1028
5608,四維航,165,149,16,合庫-彰化,2023-12-05,1028
00773B,中信優先金融債,15,0,15,合庫-彰化,2023-12-05,1028
2352,佳世達,15,0,15,合庫-彰化,2023-12-05,1028
4909,新復興,15,0,15,合庫-彰化,2023-12-05,1028
2388,威盛,14,0,14,合庫-彰化,2023-12-05,1028
6148,驊宏資,14,0,14,合庫-彰化,2023-12-05,1028
2363,矽統,17,4,13,合庫-彰化,2023-12-05,1028
3390,旭軟,14,1,13,合庫-彰化,2023-12-05,1028
6282,康舒,13,0,13,合庫-彰化,2023-12-05,1028
2603,長榮,14,2,12,合庫-彰化,2023-12-05,1028
2329,華泰,33,21,12,合庫-彰化,2023-12-05,1028
5608,四維航,353,20,333,合庫-彰化,2023-12-06,1028
00937B,群益ESG投等債20,201,0,201,合庫-彰化,2023-12-06,1028
00715L,期街口布蘭特正2,182,0,182,合庫-彰化,2023-12-06,1028
00919,群益台灣精選高息,68,1,67,合庫-彰化,2023-12-06,1028
2029,盛餘,58,0,58,合庫-彰化,2023-12-06,1028
00671R,富邦NASDAQ反1,50,0,50,合庫-彰化,2023-12-06,1028
1529,樂事綠能,53,4,49,合庫-彰化,2023-12-06,1028
2367,燿華,57,15,42,合庫-彰化,2023-12-06,1028
2419,仲琦,48,6,42,合庫-彰化,2023-12-06,1028
00687B,國泰20年美債,41,0,41,合庫-彰化,2023-12-06,1028
2453,凌群,38,0,38,合庫-彰化,2023-12-06,1028
6116,彩晶,32,0,32,合庫-彰化,2023-12-06,1028
2889,國票金,30,0,30,合庫-彰化,2023-12-06,1028
3481,群創,34,6,28,合庫-彰化,2023-12-06,1028
00933B,國泰10Y+金融債,27,0,27,合庫-彰化,2023-12-06,1028
3390,旭軟,26,3,23,合庫-彰化,2023-12-06,1028
6235,華孚,23,1,22,合庫-彰化,2023-12-06,1028
2801,彰銀,21,0,21,合庫-彰化,2023-12-06,1028
2457,飛宏,28,8,20,合庫-彰化,2023-12-06,1028
2374,佳能,30,10,20,合庫-彰化,2023-12-06,1028
2516,新建,20,0,20,合庫-彰化,2023-12-06,1028
2409,友達,26,7,19,合庫-彰化,2023-12-06,1028
9904,寶成,20,2,18,合庫-彰化,2023-12-06,1028
2313,華通,23,6,17,合庫-彰化,2023-12-06,1028
2425,承啟,56,39,17,合庫-彰化,2023-12-06,1028
00712,復華富時不動產,17,1,16,合庫-彰化,2023-12-06,1028
1584,精剛,15,0,15,合庫-彰化,2023-12-06,1028
2371,大同,19,4,15,合庫-彰化,2023-12-06,1028
00637L,元大滬深300正2,14,0,14,合庫-彰化,2023-12-06,1028
2399,映泰,22,8,14,合庫-彰化,2023-12-06,1028
5347,世界,14,0,14,合庫-彰化,2023-12-06,1028
1514,亞力,43,30,13,合庫-彰化,2023-12-06,1028
00931B,統一美債20年,13,0,13,合庫-彰化,2023-12-06,1028
00679B,元大美債20年,14,1,13,合庫-彰化,2023-12-06,1028
2316,楠梓電,13,0,13,合庫-彰化,2023-12-06,1028
6426,統新,13,0,13,合庫-彰化,2023-12-06,1028
6695,芯鼎,17,5,12,合庫-彰化,2023-12-06,1028
1605,華新,11,0,11,合庫-彰化,2023-12-06,1028
2034,允強,11,0,11,合庫-彰化,2023-12-06,1028
2344,華邦電,13,2,11,合庫-彰化,2023-12-06,1028
6164,華興,11,0,11,合庫-彰化,2023-12-06,1028
00632R,元大台灣50反1,10,0,10,合庫-彰化,2023-12-06,1028
1305,華夏,10,0,10,合庫-彰化,2023-12-06,1028
1416,廣豐,10,0,10,合庫-彰化,2023-12-06,1028
1720,生達,10,0,10,合庫-彰化,2023-12-06,1028
3141,晶宏,10,0,10,合庫-彰化,2023-12-06,1028
9907,統一實,10,0,10,合庫-彰化,2023-12-06,1028
1568,倉佑,9,0,9,合庫-彰化,2023-12-06,1028
2317,鴻海,9,0,9,合庫-彰化,2023-12-06,1028
2489,瑞軒,9,0,9,合庫-彰化,2023-12-06,1028
00688L,國泰20年美債正2,206,0,206,合庫-彰化,2023-12-07,1028
00665L,富邦�琤肭磪囓�2,190,0,190,合庫-彰化,2023-12-07,1028
5608,四維航,188,1,187,合庫-彰化,2023-12-07,1028
00679B,元大美債20年,171,6,165,合庫-彰化,2023-12-07,1028
2365,昆盈,138,0,138,合庫-彰化,2023-12-07,1028
00919,群益台灣精選高息,103,0,103,合庫-彰化,2023-12-07,1028
5603,陸海,105,6,99,合庫-彰化,2023-12-07,1028
2881,富邦金,66,0,66,合庫-彰化,2023-12-07,1028
00929,復華台灣科技優息,64,9,55,合庫-彰化,2023-12-07,1028
00680L,元大美債20正2,70,18,52,合庫-彰化,2023-12-07,1028
00937B,群益ESG投等債20,77,32,45,合庫-彰化,2023-12-07,1028
3706,神達,58,16,42,合庫-彰化,2023-12-07,1028
3390,旭軟,40,2,38,合庫-彰化,2023-12-07,1028
00712,復華富時不動產,37,0,37,合庫-彰化,2023-12-07,1028
6243,迅杰,35,0,35,合庫-彰化,2023-12-07,1028
6116,彩晶,30,0,30,合庫-彰化,2023-12-07,1028
00931B,統一美債20年,29,0,29,合庫-彰化,2023-12-07,1028
1802,台玻,30,1,29,合庫-彰化,2023-12-07,1028
00933B,國泰10Y+金融債,27,0,27,合庫-彰化,2023-12-07,1028
2611,志信,27,0,27,合庫-彰化,2023-12-07,1028
2303,聯電,27,1,26,合庫-彰化,2023-12-07,1028
5521,工信,27,1,26,合庫-彰化,2023-12-07,1028
00882,中信中國高股息,24,0,24,合庫-彰化,2023-12-07,1028
3050,鈺德,23,0,23,合庫-彰化,2023-12-07,1028
00934,中信成長高股息,22,0,22,合庫-彰化,2023-12-07,1028
1568,倉佑,21,0,21,合庫-彰化,2023-12-07,1028
1522,堤維西,40,21,19,合庫-彰化,2023-12-07,1028
9907,統一實,19,0,19,合庫-彰化,2023-12-07,1028
2882,國泰金,17,0,17,合庫-彰化,2023-12-07,1028
00715L,期街口布蘭特正2,81,65,16,合庫-彰化,2023-12-07,1028
2883,凱基金,16,0,16,合庫-彰化,2023-12-07,1028
00918,大華優利高填息30,15,0,15,合庫-彰化,2023-12-07,1028
3032,偉訓,15,0,15,合庫-彰化,2023-12-07,1028
8040,九暘,15,0,15,合庫-彰化,2023-12-07,1028
5347,世界,14,0,14,合庫-彰化,2023-12-07,1028
00795B,中信美國公債20年,14,0,14,合庫-彰化,2023-12-07,1028
6150,撼訊,14,0,14,合庫-彰化,2023-12-07,1028
00642U,期元大S＆P石油,13,0,13,合庫-彰化,2023-12-07,1028
3576,聯合再生,13,0,13,合庫-彰化,2023-12-07,1028
1618,合機,16,4,12,合庫-彰化,2023-12-07,1028
2204,中華,14,2,12,合庫-彰化,2023-12-07,1028
2481,強茂,18,6,12,合庫-彰化,2023-12-07,1028
2812,台中銀,11,0,11,合庫-彰化,2023-12-07,1028
6237,驊訊,14,3,11,合庫-彰化,2023-12-07,1028
3715,定穎投控,14,4,10,合庫-彰化,2023-12-07,1028
2457,飛宏,15,5,10,合庫-彰化,2023-12-07,1028
00936,台新永續高息中小,10,0,10,合庫-彰化,2023-12-07,1028
00650L,復華香港正2,10,0,10,合庫-彰化,2023-12-07,1028
1449,佳和,10,0,10,合庫-彰化,2023-12-07,1028
1815,富喬,13,3,10,合庫-彰化,2023-12-07,1028
00937B,群益ESG投等債20,126,0,126,合庫-彰化,2023-12-08,1028
00642U,期元大S＆P石油,123,1,122,合庫-彰化,2023-12-08,1028
2881,富邦金,81,2,79,合庫-彰化,2023-12-08,1028
00637L,元大滬深300正2,70,0,70,合庫-彰化,2023-12-08,1028
5603,陸海,70,0,70,合庫-彰化,2023-12-08,1028
00706L,期元大S＆P日圓正2,55,0,55,合庫-彰化,2023-12-08,1028
2834,臺企銀,54,5,49,合庫-彰化,2023-12-08,1028
2323,中環,40,0,40,合庫-彰化,2023-12-08,1028
2605,新興,65,25,40,合庫-彰化,2023-12-08,1028
6116,彩晶,33,0,33,合庫-彰化,2023-12-08,1028
00882,中信中國高股息,31,0,31,合庫-彰化,2023-12-08,1028
8070,長華*,31,0,31,合庫-彰化,2023-12-08,1028
2465,麗臺,30,0,30,合庫-彰化,2023-12-08,1028
3390,旭軟,30,0,30,合庫-彰化,2023-12-08,1028
2888,新光金,29,0,29,合庫-彰化,2023-12-08,1028
6235,華孚,49,20,29,合庫-彰化,2023-12-08,1028
3231,緯創,46,19,27,合庫-彰化,2023-12-08,1028
00919,群益台灣精選高息,27,1,26,合庫-彰化,2023-12-08,1028
00680L,元大美債20正2,25,3,22,合庫-彰化,2023-12-08,1028
2618,長榮航,29,7,22,合庫-彰化,2023-12-08,1028
4906,正文,27,6,21,合庫-彰化,2023-12-08,1028
2312,金寶,21,1,20,合庫-彰化,2023-12-08,1028
2359,所羅門,22,2,20,合庫-彰化,2023-12-08,1028
2801,彰銀,20,0,20,合庫-彰化,2023-12-08,1028
2882,國泰金,21,1,20,合庫-彰化,2023-12-08,1028
2329,華泰,23,4,19,合庫-彰化,2023-12-08,1028
2812,台中銀,18,0,18,合庫-彰化,2023-12-08,1028
00935,野村臺灣新科技50,16,0,16,合庫-彰化,2023-12-08,1028
00764B,群益25年美債,15,0,15,合庫-彰化,2023-12-08,1028
3715,定穎投控,16,1,15,合庫-彰化,2023-12-08,1028
1314,中石化,12,0,12,合庫-彰化,2023-12-08,1028
2363,矽統,16,4,12,合庫-彰化,2023-12-08,1028
2409,友達,13,1,12,合庫-彰化,2023-12-08,1028
6546,正基,12,0,12,合庫-彰化,2023-12-08,1028
9945,潤泰新,12,0,12,合庫-彰化,2023-12-08,1028
1815,富喬,11,0,11,合庫-彰化,2023-12-08,1028
3706,神達,23,12,11,合庫-彰化,2023-12-08,1028
4746,台耀,10,0,10,合庫-彰化,2023-12-08,1028
2462,良得電,10,0,10,合庫-彰化,2023-12-08,1028
5351,鈺創,17,7,10,合庫-彰化,2023-12-08,1028
5392,能率,10,0,10,合庫-彰化,2023-12-08,1028
5425,台半,10,0,10,合庫-彰化,2023-12-08,1028
2314,台揚,11,2,9,合庫-彰化,2023-12-08,1028
4167,松瑞藥,10,1,9,合庫-彰化,2023-12-08,1028
5371,中光電,9,0,9,合庫-彰化,2023-12-08,1028
1529,樂事綠能,11,3,8,合庫-彰化,2023-12-08,1028
1616,億泰,9,1,8,合庫-彰化,2023-12-08,1028
2358,廷鑫,9,1,8,合庫-彰化,2023-12-08,1028
3481,群創,10,2,8,合庫-彰化,2023-12-08,1028
3691,碩禾,8,0,8,合庫-彰化,2023-12-08,1028
00665L,富邦�琤肭磪囓�2,374,0,374,合庫-彰化,2023-12-11,1028
2365,昆盈,268,53,215,合庫-彰化,2023-12-11,1028
2002,中鋼,150,5,145,合庫-彰化,2023-12-11,1028
6120,達運,100,0,100,合庫-彰化,2023-12-11,1028
00919,群益台灣精選高息,76,1,75,合庫-彰化,2023-12-11,1028
2888,新光金,74,5,69,合庫-彰化,2023-12-11,1028
00715L,期街口布蘭特正2,57,0,57,合庫-彰化,2023-12-11,1028
2882,國泰金,59,3,56,合庫-彰化,2023-12-11,1028
4979,華星光,76,20,56,合庫-彰化,2023-12-11,1028
8069,元太,53,0,53,合庫-彰化,2023-12-11,1028
2637,慧洋-KY,50,2,48,合庫-彰化,2023-12-11,1028
3013,晟銘電,54,11,43,合庫-彰化,2023-12-11,1028
2605,新興,46,9,37,合庫-彰化,2023-12-11,1028
00706L,期元大S＆P日圓正2,35,0,35,合庫-彰化,2023-12-11,1028
6282,康舒,33,0,33,合庫-彰化,2023-12-11,1028
00680L,元大美債20正2,31,0,31,合庫-彰化,2023-12-11,1028
6219,富旺,30,0,30,合庫-彰化,2023-12-11,1028
4167,松瑞藥,29,0,29,合庫-彰化,2023-12-11,1028
00882,中信中國高股息,36,13,23,合庫-彰化,2023-12-11,1028
9919,康那香,22,0,22,合庫-彰化,2023-12-11,1028
2881,富邦金,20,0,20,合庫-彰化,2023-12-11,1028
3047,訊舟,20,0,20,合庫-彰化,2023-12-11,1028
6485,點序,20,0,20,合庫-彰化,2023-12-11,1028
00688L,國泰20年美債正2,19,0,19,合庫-彰化,2023-12-11,1028
3078,僑威,19,0,19,合庫-彰化,2023-12-11,1028
3062,建漢,18,0,18,合庫-彰化,2023-12-11,1028
2457,飛宏,18,1,17,合庫-彰化,2023-12-11,1028
1338,廣華-KY,16,0,16,合庫-彰化,2023-12-11,1028
2883,凱基金,18,2,16,合庫-彰化,2023-12-11,1028
00937B,群益ESG投等債20,23,8,15,合庫-彰化,2023-12-11,1028
2542,興富發,14,0,14,合庫-彰化,2023-12-11,1028
1762,中化生,12,0,12,合庫-彰化,2023-12-11,1028
1524,耿鼎,32,21,11,合庫-彰化,2023-12-11,1028
2889,國票金,10,0,10,合庫-彰化,2023-12-11,1028
2368,金像電,10,0,10,合庫-彰化,2023-12-11,1028
1584,精剛,10,0,10,合庫-彰化,2023-12-11,1028
2323,中環,10,0,10,合庫-彰化,2023-12-11,1028
4906,正文,10,0,10,合庫-彰化,2023-12-11,1028
6129,普誠,10,0,10,合庫-彰化,2023-12-11,1028
6235,華孚,10,0,10,合庫-彰化,2023-12-11,1028
6274,台燿,10,0,10,合庫-彰化,2023-12-11,1028
2388,威盛,13,3,10,合庫-彰化,2023-12-11,1028
00878,國泰永續高股息,14,5,9,合庫-彰化,2023-12-11,1028
2399,映泰,10,1,9,合庫-彰化,2023-12-11,1028
8070,長華*,9,0,9,合庫-彰化,2023-12-11,1028
00915,凱基優選高股息30,8,0,8,合庫-彰化,2023-12-11,1028
2417,圓剛,8,0,8,合庫-彰化,2023-12-11,1028
6546,正基,10,2,8,合庫-彰化,2023-12-11,1028
8210,勤誠,11,3,8,合庫-彰化,2023-12-11,1028
00929,復華台灣科技優息,7,0,7,合庫-彰化,2023-12-11,1028
2002,中鋼,145,16,129,合庫-彰化,2023-12-12,1028
2303,聯電,172,50,122,合庫-彰化,2023-12-12,1028
00673R,期元大S＆P原油反1,100,0,100,合庫-彰化,2023-12-12,1028
00918,大華優利高填息30,90,0,90,合庫-彰化,2023-12-12,1028
3051,力特,137,53,84,合庫-彰化,2023-12-12,1028
00687B,國泰20年美債,58,1,57,合庫-彰化,2023-12-12,1028
8096,擎亞,57,5,52,合庫-彰化,2023-12-12,1028
2468,華經,41,0,41,合庫-彰化,2023-12-12,1028
2360,致茂,40,0,40,合庫-彰化,2023-12-12,1028
8103,瀚荃,37,0,37,合庫-彰化,2023-12-12,1028
00680L,元大美債20正2,35,0,35,合庫-彰化,2023-12-12,1028
4979,華星光,31,2,29,合庫-彰化,2023-12-12,1028
00919,群益台灣精選高息,81,55,26,合庫-彰化,2023-12-12,1028
2359,所羅門,25,0,25,合庫-彰化,2023-12-12,1028
2618,長榮航,25,0,25,合庫-彰化,2023-12-12,1028
2363,矽統,39,16,23,合庫-彰化,2023-12-12,1028
6290,良維,23,0,23,合庫-彰化,2023-12-12,1028
3481,群創,26,4,22,合庫-彰化,2023-12-12,1028
00632R,元大台灣50反1,20,0,20,合庫-彰化,2023-12-12,1028
6937,天虹,20,1,19,合庫-彰化,2023-12-12,1028
1522,堤維西,24,7,17,合庫-彰化,2023-12-12,1028
2409,友達,19,2,17,合庫-彰化,2023-12-12,1028
2611,志信,17,0,17,合庫-彰化,2023-12-12,1028
3231,緯創,24,8,16,合庫-彰化,2023-12-12,1028
1504,東元,16,1,15,合庫-彰化,2023-12-12,1028
2331,精英,15,0,15,合庫-彰化,2023-12-12,1028
2605,新興,15,0,15,合庫-彰化,2023-12-12,1028
5351,鈺創,17,2,15,合庫-彰化,2023-12-12,1028
3062,建漢,14,0,14,合庫-彰化,2023-12-12,1028
6695,芯鼎,14,0,14,合庫-彰化,2023-12-12,1028
1514,亞力,29,16,13,合庫-彰化,2023-12-12,1028
2641,正德,13,0,13,合庫-彰化,2023-12-12,1028
1612,宏泰,14,2,12,合庫-彰化,2023-12-12,1028
8028,昇陽半導體,12,0,12,合庫-彰化,2023-12-12,1028
2367,燿華,23,12,11,合庫-彰化,2023-12-12,1028
2399,映泰,11,0,11,合庫-彰化,2023-12-12,1028
3504,揚明光,11,0,11,合庫-彰化,2023-12-12,1028
00720B,元大投資級公司債,10,0,10,合庫-彰化,2023-12-12,1028
00915,凱基優選高股息30,10,0,10,合庫-彰化,2023-12-12,1028
1806,冠軍,10,0,10,合庫-彰化,2023-12-12,1028
3591,艾笛森,10,0,10,合庫-彰化,2023-12-12,1028
3715,定穎投控,15,5,10,合庫-彰化,2023-12-12,1028
4908,前鼎,10,1,9,合庫-彰化,2023-12-12,1028
5452,佶優,9,0,9,合庫-彰化,2023-12-12,1028
1524,耿鼎,11,2,9,合庫-彰化,2023-12-12,1028
2417,圓剛,8,0,8,合庫-彰化,2023-12-12,1028
2617,台航,8,0,8,合庫-彰化,2023-12-12,1028
2889,國票金,8,0,8,合庫-彰化,2023-12-12,1028
3078,僑威,8,0,8,合庫-彰化,2023-12-12,1028
6156,松上,13,5,8,合庫-彰化,2023-12-12,1028
2883,凱基金,516,0,516,合庫-彰化,2023-12-13,1028
2637,慧洋-KY,254,35,219,合庫-彰化,2023-12-13,1028
8096,擎亞,200,2,198,合庫-彰化,2023-12-13,1028
00642U,期元大S＆P石油,149,0,149,合庫-彰化,2023-12-13,1028
00919,群益台灣精選高息,113,2,111,合庫-彰化,2023-12-13,1028
2201,裕隆,100,2,98,合庫-彰化,2023-12-13,1028
00715L,期街口布蘭特正2,86,0,86,合庫-彰化,2023-12-13,1028
1584,精剛,120,38,82,合庫-彰化,2023-12-13,1028
2882,國泰金,72,0,72,合庫-彰化,2023-12-13,1028
00665L,富邦�琤肭磪囓�2,40,0,40,合庫-彰化,2023-12-13,1028
2634,漢翔,48,13,35,合庫-彰化,2023-12-13,1028
5009,榮剛,34,0,34,合庫-彰化,2023-12-13,1028
00929,復華台灣科技優息,47,15,32,合庫-彰化,2023-12-13,1028
1338,廣華-KY,29,0,29,合庫-彰化,2023-12-13,1028
2002,中鋼,30,1,29,合庫-彰化,2023-12-13,1028
00918,大華優利高填息30,27,0,27,合庫-彰化,2023-12-13,1028
00637L,元大滬深300正2,50,25,25,合庫-彰化,2023-12-13,1028
6526,達發,25,0,25,合庫-彰化,2023-12-13,1028
3078,僑威,24,0,24,合庫-彰化,2023-12-13,1028
2402,毅嘉,23,1,22,合庫-彰化,2023-12-13,1028
2889,國票金,20,0,20,合庫-彰化,2023-12-13,1028
4545,銘鈺,20,0,20,合庫-彰化,2023-12-13,1028
6282,康舒,20,0,20,合庫-彰化,2023-12-13,1028
2105,正新,19,1,18,合庫-彰化,2023-12-13,1028
2457,飛宏,16,0,16,合庫-彰化,2023-12-13,1028
8201,無敵,16,0,16,合庫-彰化,2023-12-13,1028
9934,成霖,15,0,15,合庫-彰化,2023-12-13,1028
8112,至上,21,8,13,合庫-彰化,2023-12-13,1028
6139,亞翔,13,0,13,合庫-彰化,2023-12-13,1028
6235,華孚,13,0,13,合庫-彰化,2023-12-13,1028
00882,中信中國高股息,13,1,12,合庫-彰化,2023-12-13,1028
8097,常珵,13,1,12,合庫-彰化,2023-12-13,1028
00933B,國泰10Y+金融債,11,0,11,合庫-彰化,2023-12-13,1028
8103,瀚荃,11,0,11,合庫-彰化,2023-12-13,1028
8215,明基材,12,1,11,合庫-彰化,2023-12-13,1028
1314,中石化,10,0,10,合庫-彰化,2023-12-13,1028
2329,華泰,13,3,10,合庫-彰化,2023-12-13,1028
2534,宏盛,10,0,10,合庫-彰化,2023-12-13,1028
2542,興富發,10,0,10,合庫-彰化,2023-12-13,1028
2617,台航,10,0,10,合庫-彰化,2023-12-13,1028
2867,三商壽,10,0,10,合庫-彰化,2023-12-13,1028
3081,聯亞,11,1,10,合庫-彰化,2023-12-13,1028
5525,順天,10,0,10,合庫-彰化,2023-12-13,1028
6219,富旺,10,0,10,合庫-彰化,2023-12-13,1028
6517,保勝光學,10,0,10,合庫-彰化,2023-12-13,1028
00751B,元大AAA至A公司債,9,0,9,合庫-彰化,2023-12-13,1028
1528,恩德,10,1,9,合庫-彰化,2023-12-13,1028
1605,華新,11,2,9,合庫-彰化,2023-12-13,1028
3591,艾笛森,10,1,9,合庫-彰化,2023-12-13,1028
1603,華電,8,0,8,合庫-彰化,2023-12-13,1028
3265,台星科,491,5,486,合庫-彰化,2023-12-14,1028
2365,昆盈,472,102,370,合庫-彰化,2023-12-14,1028
6191,精成科,122,5,117,合庫-彰化,2023-12-14,1028
9917,中保科,116,1,115,合庫-彰化,2023-12-14,1028
00680L,元大美債20正2,107,3,104,合庫-彰化,2023-12-14,1028
00929,復華台灣科技優息,105,4,101,合庫-彰化,2023-12-14,1028
2882,國泰金,100,12,88,合庫-彰化,2023-12-14,1028
00919,群益台灣精選高息,150,63,87,合庫-彰化,2023-12-14,1028
2516,新建,83,1,82,合庫-彰化,2023-12-14,1028
3623,富晶通,80,1,79,合庫-彰化,2023-12-14,1028
2450,神腦,75,0,75,合庫-彰化,2023-12-14,1028
00933B,國泰10Y+金融債,59,0,59,合庫-彰化,2023-12-14,1028
2515,中工,64,7,57,合庫-彰化,2023-12-14,1028
3372,典範,55,0,55,合庫-彰化,2023-12-14,1028
00637L,元大滬深300正2,45,5,40,合庫-彰化,2023-12-14,1028
2801,彰銀,40,2,38,合庫-彰化,2023-12-14,1028
2029,盛餘,36,3,33,合庫-彰化,2023-12-14,1028
2312,金寶,30,0,30,合庫-彰化,2023-12-14,1028
5608,四維航,26,0,26,合庫-彰化,2023-12-14,1028
3051,力特,42,19,23,合庫-彰化,2023-12-14,1028
3694,海華,33,11,22,合庫-彰化,2023-12-14,1028
6770,力積電,25,4,21,合庫-彰化,2023-12-14,1028
1584,精剛,32,11,21,合庫-彰化,2023-12-14,1028
2641,正德,21,0,21,合庫-彰化,2023-12-14,1028
2889,國票金,18,0,18,合庫-彰化,2023-12-14,1028
6288,聯嘉,18,0,18,合庫-彰化,2023-12-14,1028
3002,歐格,17,0,17,合庫-彰化,2023-12-14,1028
3390,旭軟,23,6,17,合庫-彰化,2023-12-14,1028
00636,國泰中國A50,16,0,16,合庫-彰化,2023-12-14,1028
00687B,國泰20年美債,36,20,16,合庫-彰化,2023-12-14,1028
3036,文曄,16,0,16,合庫-彰化,2023-12-14,1028
6108,競國,16,0,16,合庫-彰化,2023-12-14,1028
00882,中信中國高股息,36,21,15,合庫-彰化,2023-12-14,1028
2324,仁寶,16,1,15,合庫-彰化,2023-12-14,1028
00918,大華優利高填息30,18,4,14,合庫-彰化,2023-12-14,1028
00688L,國泰20年美債正2,24,10,14,合庫-彰化,2023-12-14,1028
2313,華通,67,54,13,合庫-彰化,2023-12-14,1028
2601,益航,13,0,13,合庫-彰化,2023-12-14,1028
2610,華航,13,0,13,合庫-彰化,2023-12-14,1028
5464,霖宏,13,0,13,合庫-彰化,2023-12-14,1028
3005,神基,16,3,13,合庫-彰化,2023-12-14,1028
8201,無敵,12,0,12,合庫-彰化,2023-12-14,1028
4979,華星光,13,2,11,合庫-彰化,2023-12-14,1028
00875,國泰網路資安,10,0,10,合庫-彰化,2023-12-14,1028
00753L,中信中國50正2,10,0,10,合庫-彰化,2023-12-14,1028
00795B,中信美國公債20年,10,0,10,合庫-彰化,2023-12-14,1028
00934,中信成長高股息,18,8,10,合庫-彰化,2023-12-14,1028
1815,富喬,10,0,10,合庫-彰化,2023-12-14,1028
2243,宏旭-KY,10,0,10,合庫-彰化,2023-12-14,1028
2888,新光金,10,0,10,合庫-彰化,2023-12-14,1028
00919,群益台灣精選高息,179,23,156,合庫-彰化,2023-12-15,1028
1722,台肥,138,2,136,合庫-彰化,2023-12-15,1028
00933B,國泰10Y+金融債,100,14,86,合庫-彰化,2023-12-15,1028
00679B,元大美債20年,105,21,84,合庫-彰化,2023-12-15,1028
00929,復華台灣科技優息,114,38,76,合庫-彰化,2023-12-15,1028
2105,正新,72,4,68,合庫-彰化,2023-12-15,1028
00795B,中信美國公債20年,74,6,68,合庫-彰化,2023-12-15,1028
8096,擎亞,60,0,60,合庫-彰化,2023-12-15,1028
2363,矽統,154,94,60,合庫-彰化,2023-12-15,1028
6191,精成科,56,0,56,合庫-彰化,2023-12-15,1028
2412,中華電,51,0,51,合庫-彰化,2023-12-15,1028
00687B,國泰20年美債,51,1,50,合庫-彰化,2023-12-15,1028
9904,寶成,40,0,40,合庫-彰化,2023-12-15,1028
2402,毅嘉,41,2,39,合庫-彰化,2023-12-15,1028
00885,富邦越南,38,0,38,合庫-彰化,2023-12-15,1028
00632R,元大台灣50反1,60,24,36,合庫-彰化,2023-12-15,1028
3041,揚智,37,2,35,合庫-彰化,2023-12-15,1028
6248,沛波,33,0,33,合庫-彰化,2023-12-15,1028
00680L,元大美債20正2,143,111,32,合庫-彰化,2023-12-15,1028
00934,中信成長高股息,49,17,32,合庫-彰化,2023-12-15,1028
1215,卜蜂,30,0,30,合庫-彰化,2023-12-15,1028
2371,大同,46,22,24,合庫-彰化,2023-12-15,1028
6207,雷科,23,0,23,合庫-彰化,2023-12-15,1028
3002,歐格,22,0,22,合庫-彰化,2023-12-15,1028
3694,海華,25,3,22,合庫-彰化,2023-12-15,1028
2034,允強,21,0,21,合庫-彰化,2023-12-15,1028
6235,華孚,20,0,20,合庫-彰化,2023-12-15,1028
00931B,統一美債20年,20,1,19,合庫-彰化,2023-12-15,1028
0056,元大高股息,24,6,18,合庫-彰化,2023-12-15,1028
2611,志信,17,0,17,合庫-彰化,2023-12-15,1028
00900,富邦特選高股息30,16,0,16,合庫-彰化,2023-12-15,1028
00935,野村臺灣新科技50,16,0,16,合庫-彰化,2023-12-15,1028
3062,建漢,15,0,15,合庫-彰化,2023-12-15,1028
8354,冠好,15,0,15,合庫-彰化,2023-12-15,1028
5344,立衛,18,4,14,合庫-彰化,2023-12-15,1028
3231,緯創,38,24,14,合庫-彰化,2023-12-15,1028
00918,大華優利高填息30,13,1,12,合庫-彰化,2023-12-15,1028
2498,宏達電,13,1,12,合庫-彰化,2023-12-15,1028
6204,艾華,12,0,12,合庫-彰化,2023-12-15,1028
00878,國泰永續高股息,31,19,12,合庫-彰化,2023-12-15,1028
6185,幃翔,11,0,11,合庫-彰化,2023-12-15,1028
2359,所羅門,11,0,11,合庫-彰化,2023-12-15,1028
5904,寶雅,12,1,11,合庫-彰化,2023-12-15,1028
2458,義隆,10,0,10,合庫-彰化,2023-12-15,1028
00637L,元大滬深300正2,10,0,10,合庫-彰化,2023-12-15,1028
1338,廣華-KY,10,0,10,合庫-彰化,2023-12-15,1028
3715,定穎投控,10,0,10,合庫-彰化,2023-12-15,1028
6457,紘康,10,0,10,合庫-彰化,2023-12-15,1028
6668,中揚光,10,0,10,合庫-彰化,2023-12-15,1028
1514,亞力,18,8,10,合庫-彰化,2023-12-15,1028
00688L,國泰20年美債正2,154,18,136,合庫-彰化,2023-12-18,1028
1722,台肥,121,0,121,合庫-彰化,2023-12-18,1028
00929,復華台灣科技優息,148,36,112,合庫-彰化,2023-12-18,1028
00680L,元大美債20正2,110,1,109,合庫-彰化,2023-12-18,1028
6191,精成科,105,4,101,合庫-彰化,2023-12-18,1028
2881,富邦金,80,0,80,合庫-彰化,2023-12-18,1028
00679B,元大美債20年,69,4,65,合庫-彰化,2023-12-18,1028
2356,英業達,101,51,50,合庫-彰化,2023-12-18,1028
00712,復華富時不動產,54,4,50,合庫-彰化,2023-12-18,1028
00753L,中信中國50正2,50,0,50,合庫-彰化,2023-12-18,1028
2618,長榮航,100,54,46,合庫-彰化,2023-12-18,1028
5521,工信,42,1,41,合庫-彰化,2023-12-18,1028
1584,精剛,70,30,40,合庫-彰化,2023-12-18,1028
2002,中鋼,56,16,40,合庫-彰化,2023-12-18,1028
5469,瀚宇博,43,4,39,合庫-彰化,2023-12-18,1028
00936,台新永續高息中小,42,5,37,合庫-彰化,2023-12-18,1028
2610,華航,37,0,37,合庫-彰化,2023-12-18,1028
2337,旺宏,35,1,34,合庫-彰化,2023-12-18,1028
2374,佳能,30,0,30,合庫-彰化,2023-12-18,1028
2601,益航,30,0,30,合庫-彰化,2023-12-18,1028
4109,加捷生醫,30,0,30,合庫-彰化,2023-12-18,1028
9921,巨大,30,0,30,合庫-彰化,2023-12-18,1028
3041,揚智,30,1,29,合庫-彰化,2023-12-18,1028
5904,寶雅,27,0,27,合庫-彰化,2023-12-18,1028
2303,聯電,36,12,24,合庫-彰化,2023-12-18,1028
9904,寶成,36,13,23,合庫-彰化,2023-12-18,1028
2889,國票金,22,0,22,合庫-彰化,2023-12-18,1028
2363,矽統,44,23,21,合庫-彰化,2023-12-18,1028
1210,大成,24,4,20,合庫-彰化,2023-12-18,1028
2402,毅嘉,41,22,19,合庫-彰化,2023-12-18,1028
1907,永豐餘,17,0,17,合庫-彰化,2023-12-18,1028
2605,新興,20,4,16,合庫-彰化,2023-12-18,1028
3481,群創,15,0,15,合庫-彰化,2023-12-18,1028
00857B,永豐20年美公債,14,0,14,合庫-彰化,2023-12-18,1028
00637L,元大滬深300正2,13,0,13,合庫-彰化,2023-12-18,1028
00885,富邦越南,13,0,13,合庫-彰化,2023-12-18,1028
2641,正德,13,0,13,合庫-彰化,2023-12-18,1028
2014,中鴻,36,24,12,合庫-彰化,2023-12-18,1028
2027,大成鋼,15,3,12,合庫-彰化,2023-12-18,1028
00795B,中信美國公債20年,11,0,11,合庫-彰化,2023-12-18,1028
00687B,國泰20年美債,21,11,10,合庫-彰化,2023-12-18,1028
1718,中纖,10,0,10,合庫-彰化,2023-12-18,1028
2450,神腦,10,0,10,合庫-彰化,2023-12-18,1028
2481,強茂,11,1,10,合庫-彰化,2023-12-18,1028
3033,威健,10,0,10,合庫-彰化,2023-12-18,1028
3591,艾笛森,10,0,10,合庫-彰化,2023-12-18,1028
6282,康舒,12,2,10,合庫-彰化,2023-12-18,1028
8096,擎亞,10,0,10,合庫-彰化,2023-12-18,1028
1605,華新,16,8,8,合庫-彰化,2023-12-18,1028
2392,正崴,10,2,8,合庫-彰化,2023-12-18,1028
00688L,國泰20年美債正2,178,5,173,合庫-彰化,2023-12-19,1028
00882,中信中國高股息,129,2,127,合庫-彰化,2023-12-19,1028
5347,世界,108,0,108,合庫-彰化,2023-12-19,1028
2881,富邦金,101,1,100,合庫-彰化,2023-12-19,1028
4979,華星光,80,1,79,合庫-彰化,2023-12-19,1028
00919,群益台灣精選高息,112,36,76,合庫-彰化,2023-12-19,1028
2609,陽明,104,65,39,合庫-彰化,2023-12-19,1028
2352,佳世達,42,3,39,合庫-彰化,2023-12-19,1028
00934,中信成長高股息,36,0,36,合庫-彰化,2023-12-19,1028
5521,工信,35,1,34,合庫-彰化,2023-12-19,1028
2002,中鋼,37,4,33,合庫-彰化,2023-12-19,1028
6116,彩晶,33,0,33,合庫-彰化,2023-12-19,1028
9921,巨大,31,0,31,合庫-彰化,2023-12-19,1028
2888,新光金,28,0,28,合庫-彰化,2023-12-19,1028
2029,盛餘,27,0,27,合庫-彰化,2023-12-19,1028
1584,精剛,26,0,26,合庫-彰化,2023-12-19,1028
1815,富喬,26,0,26,合庫-彰化,2023-12-19,1028
2356,英業達,47,22,25,合庫-彰化,2023-12-19,1028
00795B,中信美國公債20年,24,0,24,合庫-彰化,2023-12-19,1028
2105,正新,24,0,24,合庫-彰化,2023-12-19,1028
6182,合晶,25,2,23,合庫-彰化,2023-12-19,1028
00918,大華優利高填息30,22,0,22,合庫-彰化,2023-12-19,1028
00936,台新永續高息中小,36,14,22,合庫-彰化,2023-12-19,1028
3041,揚智,20,0,20,合庫-彰化,2023-12-19,1028
2031,新光鋼,21,4,17,合庫-彰化,2023-12-19,1028
5469,瀚宇博,17,0,17,合庫-彰化,2023-12-19,1028
6443,元晶,26,9,17,合庫-彰化,2023-12-19,1028
1338,廣華-KY,15,0,15,合庫-彰化,2023-12-19,1028
00885,富邦越南,14,0,14,合庫-彰化,2023-12-19,1028
00937B,群益ESG投等債20,16,3,13,合庫-彰化,2023-12-19,1028
1504,東元,13,0,13,合庫-彰化,2023-12-19,1028
2402,毅嘉,13,0,13,合庫-彰化,2023-12-19,1028
3264,欣銓,13,0,13,合庫-彰化,2023-12-19,1028
2303,聯電,12,0,12,合庫-彰化,2023-12-19,1028
2313,華通,13,1,12,合庫-彰化,2023-12-19,1028
3380,明泰,12,0,12,合庫-彰化,2023-12-19,1028
6457,紘康,12,0,12,合庫-彰化,2023-12-19,1028
3707,漢磊,11,0,11,合庫-彰化,2023-12-19,1028
2481,強茂,20,9,11,合庫-彰化,2023-12-19,1028
5009,榮剛,12,1,11,合庫-彰化,2023-12-19,1028
6129,普誠,11,0,11,合庫-彰化,2023-12-19,1028
1215,卜蜂,10,0,10,合庫-彰化,2023-12-19,1028
1802,台玻,10,0,10,合庫-彰化,2023-12-19,1028
2359,所羅門,10,0,10,合庫-彰化,2023-12-19,1028
2610,華航,12,2,10,合庫-彰化,2023-12-19,1028
3033,威健,10,0,10,合庫-彰化,2023-12-19,1028
8028,昇陽半導體,10,0,10,合庫-彰化,2023-12-19,1028
8442,威宏-KY,10,0,10,合庫-彰化,2023-12-19,1028
00720B,元大投資級公司債,9,0,9,合庫-彰化,2023-12-19,1028
2382,廣達,19,10,9,合庫-彰化,2023-12-19,1028
4979,華星光,103,4,99,合庫-彰化,2023-12-20,1028
00937B,群益ESG投等債20,96,8,88,合庫-彰化,2023-12-20,1028
2376,技嘉,70,1,69,合庫-彰化,2023-12-20,1028
2881,富邦金,62,0,62,合庫-彰化,2023-12-20,1028
00929,復華台灣科技優息,75,21,54,合庫-彰化,2023-12-20,1028
2412,中華電,100,50,50,合庫-彰化,2023-12-20,1028
00673R,期元大S＆P原油反1,50,0,50,合庫-彰化,2023-12-20,1028
1584,精剛,57,7,50,合庫-彰化,2023-12-20,1028
3296,勝德,49,0,49,合庫-彰化,2023-12-20,1028
00919,群益台灣精選高息,47,0,47,合庫-彰化,2023-12-20,1028
2618,長榮航,34,2,32,合庫-彰化,2023-12-20,1028
6235,華孚,30,0,30,合庫-彰化,2023-12-20,1028
8096,擎亞,30,0,30,合庫-彰化,2023-12-20,1028
2105,正新,30,1,29,合庫-彰化,2023-12-20,1028
2208,台船,26,0,26,合庫-彰化,2023-12-20,1028
2834,臺企銀,25,0,25,合庫-彰化,2023-12-20,1028
1210,大成,20,0,20,合庫-彰化,2023-12-20,1028
1712,興農,20,0,20,合庫-彰化,2023-12-20,1028
1905,華紙,18,0,18,合庫-彰化,2023-12-20,1028
2365,昆盈,20,3,17,合庫-彰化,2023-12-20,1028
5880,合庫金,18,3,15,合庫-彰化,2023-12-20,1028
00885,富邦越南,14,0,14,合庫-彰化,2023-12-20,1028
3706,神達,23,11,12,合庫-彰化,2023-12-20,1028
4167,松瑞藥,15,3,12,合庫-彰化,2023-12-20,1028
6109,亞元,12,0,12,合庫-彰化,2023-12-20,1028
5515,建國,11,0,11,合庫-彰化,2023-12-20,1028
6182,合晶,11,0,11,合庫-彰化,2023-12-20,1028
00933B,國泰10Y+金融債,10,0,10,合庫-彰化,2023-12-20,1028
1907,永豐餘,10,0,10,合庫-彰化,2023-12-20,1028
1213,大飲,10,1,9,合庫-彰化,2023-12-20,1028
1218,泰山,9,0,9,合庫-彰化,2023-12-20,1028
1708,東鹼,9,0,9,合庫-彰化,2023-12-20,1028
00903,富邦元宇宙,8,0,8,合庫-彰化,2023-12-20,1028
2027,大成鋼,10,2,8,合庫-彰化,2023-12-20,1028
2367,燿華,13,5,8,合庫-彰化,2023-12-20,1028
8222,寶一,8,0,8,合庫-彰化,2023-12-20,1028
2059,川湖,7,0,7,合庫-彰化,2023-12-20,1028
2211,長榮鋼,7,0,7,合庫-彰化,2023-12-20,1028
2323,中環,7,0,7,合庫-彰化,2023-12-20,1028
2352,佳世達,10,3,7,合庫-彰化,2023-12-20,1028
2891,中信金,7,0,7,合庫-彰化,2023-12-20,1028
6237,驊訊,9,2,7,合庫-彰化,2023-12-20,1028
8936,國統,7,0,7,合庫-彰化,2023-12-20,1028
00687B,國泰20年美債,8,2,6,合庫-彰化,2023-12-20,1028
2511,太子,6,0,6,合庫-彰化,2023-12-20,1028
2880,華南金,6,0,6,合庫-彰化,2023-12-20,1028
5521,工信,21,15,6,合庫-彰化,2023-12-20,1028
6209,今國光,6,0,6,合庫-彰化,2023-12-20,1028
00680L,元大美債20正2,5,0,5,合庫-彰化,2023-12-20,1028
00688L,國泰20年美債正2,5,0,5,合庫-彰化,2023-12-20,1028
00919,群益台灣精選高息,171,3,168,合庫-彰化,2023-12-21,1028
2609,陽明,257,115,142,合庫-彰化,2023-12-21,1028
2324,仁寶,130,8,122,合庫-彰化,2023-12-21,1028
2412,中華電,101,0,101,合庫-彰化,2023-12-21,1028
3006,晶豪科,73,4,69,合庫-彰化,2023-12-21,1028
2201,裕隆,60,0,60,合庫-彰化,2023-12-21,1028
1584,精剛,64,4,60,合庫-彰化,2023-12-21,1028
00679B,元大美債20年,59,0,59,合庫-彰化,2023-12-21,1028
2881,富邦金,52,0,52,合庫-彰化,2023-12-21,1028
9904,寶成,52,0,52,合庫-彰化,2023-12-21,1028
2105,正新,45,2,43,合庫-彰化,2023-12-21,1028
2365,昆盈,38,0,38,合庫-彰化,2023-12-21,1028
00688L,國泰20年美債正2,34,0,34,合庫-彰化,2023-12-21,1028
6153,嘉聯益,30,0,30,合庫-彰化,2023-12-21,1028
00680L,元大美債20正2,25,0,25,合庫-彰化,2023-12-21,1028
2312,金寶,25,0,25,合庫-彰化,2023-12-21,1028
3521,鴻翊,23,0,23,合庫-彰化,2023-12-21,1028
5880,合庫金,23,0,23,合庫-彰化,2023-12-21,1028
00650L,復華香港正2,20,0,20,合庫-彰化,2023-12-21,1028
00937B,群益ESG投等債20,33,13,20,合庫-彰化,2023-12-21,1028
00712,復華富時不動產,17,0,17,合庫-彰化,2023-12-21,1028
2801,彰銀,17,0,17,合庫-彰化,2023-12-21,1028
3051,力特,17,0,17,合庫-彰化,2023-12-21,1028
2323,中環,14,0,14,合庫-彰化,2023-12-21,1028
2303,聯電,13,0,13,合庫-彰化,2023-12-21,1028
3036,文曄,15,2,13,合庫-彰化,2023-12-21,1028
6129,普誠,23,10,13,合庫-彰化,2023-12-21,1028
3715,定穎投控,12,0,12,合庫-彰化,2023-12-21,1028
2362,藍天,12,0,12,合庫-彰化,2023-12-21,1028
2353,宏��,32,20,12,合庫-彰化,2023-12-21,1028
00878,國泰永續高股息,14,3,11,合庫-彰化,2023-12-21,1028
00753L,中信中國50正2,10,0,10,合庫-彰化,2023-12-21,1028
00633L,富邦上証正2,10,0,10,合庫-彰化,2023-12-21,1028
2363,矽統,17,7,10,合庫-彰化,2023-12-21,1028
3489,森寶,10,0,10,合庫-彰化,2023-12-21,1028
5425,台半,9,0,9,合庫-彰化,2023-12-21,1028
6147,頎邦,9,0,9,合庫-彰化,2023-12-21,1028
8040,九暘,10,1,9,合庫-彰化,2023-12-21,1028
8110,華東,9,0,9,合庫-彰化,2023-12-21,1028
9105,泰金寶-DR,14,5,9,合庫-彰化,2023-12-21,1028
00687B,國泰20年美債,14,6,8,合庫-彰化,2023-12-21,1028
00934,中信成長高股息,11,3,8,合庫-彰化,2023-12-21,1028
1905,華紙,38,30,8,合庫-彰化,2023-12-21,1028
5521,工信,8,0,8,合庫-彰化,2023-12-21,1028
2603,長榮,21,14,7,合庫-彰化,2023-12-21,1028
00915,凱基優選高股息30,7,0,7,合庫-彰化,2023-12-21,1028
00720B,元大投資級公司債,7,0,7,合庫-彰化,2023-12-21,1028
2402,毅嘉,10,3,7,合庫-彰化,2023-12-21,1028
2880,華南金,7,0,7,合庫-彰化,2023-12-21,1028
5426,振發,7,0,7,合庫-彰化,2023-12-21,1028
1434,福懋,201,0,201,合庫-彰化,2023-12-22,1028
00665L,富邦�琤肭磪囓�2,430,300,130,合庫-彰化,2023-12-22,1028
2324,仁寶,180,51,129,合庫-彰化,2023-12-22,1028
00671R,富邦NASDAQ反1,120,0,120,合庫-彰化,2023-12-22,1028
00680L,元大美債20正2,110,12,98,合庫-彰化,2023-12-22,1028
2609,陽明,175,88,87,合庫-彰化,2023-12-22,1028
2105,正新,76,1,75,合庫-彰化,2023-12-22,1028
00937B,群益ESG投等債20,51,0,51,合庫-彰化,2023-12-22,1028
9904,寶成,36,0,36,合庫-彰化,2023-12-22,1028
2365,昆盈,40,5,35,合庫-彰化,2023-12-22,1028
00688L,國泰20年美債正2,34,0,34,合庫-彰化,2023-12-22,1028
5009,榮剛,49,15,34,合庫-彰化,2023-12-22,1028
6219,富旺,30,0,30,合庫-彰化,2023-12-22,1028
00933B,國泰10Y+金融債,27,0,27,合庫-彰化,2023-12-22,1028
2641,正德,29,3,26,合庫-彰化,2023-12-22,1028
00931B,統一美債20年,23,0,23,合庫-彰化,2023-12-22,1028
00687B,國泰20年美債,21,0,21,合庫-彰化,2023-12-22,1028
2515,中工,32,12,20,合庫-彰化,2023-12-22,1028
00929,復華台灣科技優息,28,11,17,合庫-彰化,2023-12-22,1028
1584,精剛,18,3,15,合庫-彰化,2023-12-22,1028
6248,沛波,15,0,15,合庫-彰化,2023-12-22,1028
6270,倍微,15,0,15,合庫-彰化,2023-12-22,1028
00679B,元大美債20年,18,4,14,合庫-彰化,2023-12-22,1028
6288,聯嘉,14,0,14,合庫-彰化,2023-12-22,1028
00751B,元大AAA至A公司債,15,2,13,合庫-彰化,2023-12-22,1028
00773B,中信優先金融債,11,0,11,合庫-彰化,2023-12-22,1028
3652,精聯,11,0,11,合庫-彰化,2023-12-22,1028
3715,定穎投控,11,0,11,合庫-彰化,2023-12-22,1028
6684,安格,36,25,11,合庫-彰化,2023-12-22,1028
2356,英業達,172,162,10,合庫-彰化,2023-12-22,1028
9941,裕融,10,0,10,合庫-彰化,2023-12-22,1028
2059,川湖,10,0,10,合庫-彰化,2023-12-22,1028
2362,藍天,10,0,10,合庫-彰化,2023-12-22,1028
2888,新光金,10,0,10,合庫-彰化,2023-12-22,1028
3607,谷崧,10,0,10,合庫-彰化,2023-12-22,1028
6153,嘉聯益,10,0,10,合庫-彰化,2023-12-22,1028
6679,鈺太,18,8,10,合庫-彰化,2023-12-22,1028
1326,台化,8,0,8,合庫-彰化,2023-12-22,1028
6182,合晶,8,0,8,合庫-彰化,2023-12-22,1028
6770,力積電,10,2,8,合庫-彰化,2023-12-22,1028
2301,光寶科,8,0,8,合庫-彰化,2023-12-22,1028
2637,慧洋-KY,9,2,7,合庫-彰化,2023-12-22,1028
3041,揚智,10,3,7,合庫-彰化,2023-12-22,1028
3231,緯創,10,3,7,合庫-彰化,2023-12-22,1028
3268,海德威,7,0,7,合庫-彰化,2023-12-22,1028
4979,華星光,8,1,7,合庫-彰化,2023-12-22,1028
00936,台新永續高息中小,6,0,6,合庫-彰化,2023-12-22,1028
3035,智原,7,1,6,合庫-彰化,2023-12-22,1028
9938,百和,6,0,6,合庫-彰化,2023-12-22,1028
00882,中信中國高股息,5,0,5,合庫-彰化,2023-12-22,1028
00919,群益台灣精選高息,129,8,121,合庫-彰化,2023-12-25,1028
8097,常珵,98,5,93,合庫-彰化,2023-12-25,1028
2029,盛餘,85,0,85,合庫-彰化,2023-12-25,1028
6191,精成科,70,2,68,合庫-彰化,2023-12-25,1028
2615,萬海,68,10,58,合庫-彰化,2023-12-25,1028
1584,精剛,51,0,51,合庫-彰化,2023-12-25,1028
00900,富邦特選高股息30,51,1,50,合庫-彰化,2023-12-25,1028
2637,慧洋-KY,46,5,41,合庫-彰化,2023-12-25,1028
2208,台船,35,0,35,合庫-彰化,2023-12-25,1028
3481,群創,47,14,33,合庫-彰化,2023-12-25,1028
2368,金像電,27,0,27,合庫-彰化,2023-12-25,1028
2313,華通,34,10,24,合庫-彰化,2023-12-25,1028
2888,新光金,24,0,24,合庫-彰化,2023-12-25,1028
1314,中石化,23,0,23,合庫-彰化,2023-12-25,1028
3489,森寶,23,0,23,合庫-彰化,2023-12-25,1028
00679B,元大美債20年,27,7,20,合庫-彰化,2023-12-25,1028
2867,三商壽,20,0,20,合庫-彰化,2023-12-25,1028
2376,技嘉,21,2,19,合庫-彰化,2023-12-25,1028
2409,友達,21,2,19,合庫-彰化,2023-12-25,1028
2603,長榮,46,28,18,合庫-彰化,2023-12-25,1028
2611,志信,16,0,16,合庫-彰化,2023-12-25,1028
4129,聯合,16,0,16,合庫-彰化,2023-12-25,1028
3652,精聯,15,0,15,合庫-彰化,2023-12-25,1028
4973,廣穎,15,0,15,合庫-彰化,2023-12-25,1028
5521,工信,20,6,14,合庫-彰化,2023-12-25,1028
00712,復華富時不動產,18,5,13,合庫-彰化,2023-12-25,1028
00687B,國泰20年美債,19,7,12,合庫-彰化,2023-12-25,1028
6457,紘康,12,0,12,合庫-彰化,2023-12-25,1028
2618,長榮航,14,2,12,合庫-彰化,2023-12-25,1028
00688L,國泰20年美債正2,11,0,11,合庫-彰化,2023-12-25,1028
00934,中信成長高股息,14,3,11,合庫-彰化,2023-12-25,1028
00937B,群益ESG投等債20,14,3,11,合庫-彰化,2023-12-25,1028
3162,精確,11,0,11,合庫-彰化,2023-12-25,1028
3712,永崴投控,11,0,11,合庫-彰化,2023-12-25,1028
2890,永豐金,10,0,10,合庫-彰化,2023-12-25,1028
3033,威健,10,0,10,合庫-彰化,2023-12-25,1028
4414,如興,10,0,10,合庫-彰化,2023-12-25,1028
2211,長榮鋼,10,1,9,合庫-彰化,2023-12-25,1028
2344,華邦電,10,1,9,合庫-彰化,2023-12-25,1028
3346,麗清,16,7,9,合庫-彰化,2023-12-25,1028
3715,定穎投控,10,1,9,合庫-彰化,2023-12-25,1028
00931B,統一美債20年,8,0,8,合庫-彰化,2023-12-25,1028
2331,精英,16,8,8,合庫-彰化,2023-12-25,1028
2641,正德,8,0,8,合庫-彰化,2023-12-25,1028
3268,海德威,8,0,8,合庫-彰化,2023-12-25,1028
2421,建準,9,2,7,合庫-彰化,2023-12-25,1028
00632R,元大台灣50反1,7,0,7,合庫-彰化,2023-12-25,1028
2371,大同,7,0,7,合庫-彰化,2023-12-25,1028
3051,力特,7,0,7,合庫-彰化,2023-12-25,1028
6005,群益證,7,0,7,合庫-彰化,2023-12-25,1028
00929,復華台灣科技優息,75,1,74,合庫-彰化,2023-12-26,1028
2374,佳能,35,0,35,合庫-彰化,2023-12-26,1028
2356,英業達,52,26,26,合庫-彰化,2023-12-26,1028
2029,盛餘,24,0,24,合庫-彰化,2023-12-26,1028
8050,廣積,23,1,22,合庫-彰化,2023-12-26,1028
6684,安格,21,0,21,合庫-彰化,2023-12-26,1028
00680L,元大美債20正2,20,0,20,合庫-彰化,2023-12-26,1028
8097,常珵,21,1,20,合庫-彰化,2023-12-26,1028
5880,合庫金,20,1,19,合庫-彰化,2023-12-26,1028
6152,百一,18,0,18,合庫-彰化,2023-12-26,1028
6288,聯嘉,20,2,18,合庫-彰化,2023-12-26,1028
2317,鴻海,16,0,16,合庫-彰化,2023-12-26,1028
2867,三商壽,16,0,16,合庫-彰化,2023-12-26,1028
2610,華航,26,10,16,合庫-彰化,2023-12-26,1028
2027,大成鋼,20,6,14,合庫-彰化,2023-12-26,1028
6191,精成科,14,0,14,合庫-彰化,2023-12-26,1028
2208,台船,14,1,13,合庫-彰化,2023-12-26,1028
2609,陽明,67,56,11,合庫-彰化,2023-12-26,1028
2368,金像電,11,0,11,合庫-彰化,2023-12-26,1028
2501,國建,11,0,11,合庫-彰化,2023-12-26,1028
1312,國喬,13,2,11,合庫-彰化,2023-12-26,1028
2618,長榮航,11,0,11,合庫-彰化,2023-12-26,1028
00896,中信綠能及電動車,10,0,10,合庫-彰化,2023-12-26,1028
00632R,元大台灣50反1,10,0,10,合庫-彰化,2023-12-26,1028
00720B,元大投資級公司債,10,0,10,合庫-彰化,2023-12-26,1028
9902,台火,10,0,10,合庫-彰化,2023-12-26,1028
3163,波若威,10,0,10,合庫-彰化,2023-12-26,1028
00688L,國泰20年美債正2,9,0,9,合庫-彰化,2023-12-26,1028
2101,南港,9,0,9,合庫-彰化,2023-12-26,1028
6457,紘康,9,0,9,合庫-彰化,2023-12-26,1028
00937B,群益ESG投等債20,7,0,7,合庫-彰化,2023-12-26,1028
00751B,元大AAA至A公司債,7,0,7,合庫-彰化,2023-12-26,1028
00877,復華中國5G,7,0,7,合庫-彰化,2023-12-26,1028
1325,恆大,8,1,7,合庫-彰化,2023-12-26,1028
1519,華城,15,8,7,合庫-彰化,2023-12-26,1028
3521,鴻翊,7,0,7,合庫-彰化,2023-12-26,1028
2852,第一保,7,0,7,合庫-彰化,2023-12-26,1028
3231,緯創,13,7,6,合庫-彰化,2023-12-26,1028
00722B,群益投資級電信債,6,0,6,合庫-彰化,2023-12-26,1028
4129,聯合,6,0,6,合庫-彰化,2023-12-26,1028
6494,九齊,6,0,6,合庫-彰化,2023-12-26,1028
8039,台虹,10,4,6,合庫-彰化,2023-12-26,1028
3268,海德威,6,0,6,合庫-彰化,2023-12-26,1028
3437,榮創,7,1,6,合庫-彰化,2023-12-26,1028
2243,宏旭-KY,5,0,5,合庫-彰化,2023-12-26,1028
2489,瑞軒,5,0,5,合庫-彰化,2023-12-26,1028
2748,雲品,5,0,5,合庫-彰化,2023-12-26,1028
4911,德英,5,0,5,合庫-彰化,2023-12-26,1028
8076,伍豐,5,0,5,合庫-彰化,2023-12-26,1028
9904,寶成,5,0,5,合庫-彰化,2023-12-26,1028
00673R,期元大S＆P原油反1,100,0,100,合庫-彰化,2023-12-27,1028
00929,復華台灣科技優息,112,18,94,合庫-彰化,2023-12-27,1028
00632R,元大台灣50反1,82,0,82,合庫-彰化,2023-12-27,1028
00937B,群益ESG投等債20,161,82,79,合庫-彰化,2023-12-27,1028
6207,雷科,40,0,40,合庫-彰化,2023-12-27,1028
5009,榮剛,35,0,35,合庫-彰化,2023-12-27,1028
2014,中鴻,33,1,32,合庫-彰化,2023-12-27,1028
5011,久陽,27,0,27,合庫-彰化,2023-12-27,1028
2618,長榮航,36,10,26,合庫-彰化,2023-12-27,1028
6189,豐藝,27,1,26,合庫-彰化,2023-12-27,1028
2417,圓剛,55,30,25,合庫-彰化,2023-12-27,1028
6526,達發,26,1,25,合庫-彰化,2023-12-27,1028
2367,燿華,23,0,23,合庫-彰化,2023-12-27,1028
2029,盛餘,18,0,18,合庫-彰化,2023-12-27,1028
2331,精英,19,1,18,合庫-彰化,2023-12-27,1028
2409,友達,25,9,16,合庫-彰化,2023-12-27,1028
2436,偉詮電,21,5,16,合庫-彰化,2023-12-27,1028
00680L,元大美債20正2,14,0,14,合庫-彰化,2023-12-27,1028
9110,越南控-DR,14,0,14,合庫-彰化,2023-12-27,1028
2038,海光,12,0,12,合庫-彰化,2023-12-27,1028
2610,華航,12,0,12,合庫-彰化,2023-12-27,1028
2402,毅嘉,11,0,11,合庫-彰化,2023-12-27,1028
2450,神腦,11,0,11,合庫-彰化,2023-12-27,1028
1449,佳和,10,0,10,合庫-彰化,2023-12-27,1028
5426,振發,10,0,10,合庫-彰化,2023-12-27,1028
5521,工信,10,0,10,合庫-彰化,2023-12-27,1028
6204,艾華,10,0,10,合庫-彰化,2023-12-27,1028
8028,昇陽半導體,10,0,10,合庫-彰化,2023-12-27,1028
6179,亞通,14,4,10,合庫-彰化,2023-12-27,1028
6288,聯嘉,10,0,10,合庫-彰化,2023-12-27,1028
00637L,元大滬深300正2,9,0,9,合庫-彰化,2023-12-27,1028
4979,華星光,10,1,9,合庫-彰化,2023-12-27,1028
1312,國喬,10,1,9,合庫-彰化,2023-12-27,1028
3703,欣陸,8,0,8,合庫-彰化,2023-12-27,1028
2812,台中銀,8,0,8,合庫-彰化,2023-12-27,1028
6270,倍微,8,0,8,合庫-彰化,2023-12-27,1028
2105,正新,10,3,7,合庫-彰化,2023-12-27,1028
2371,大同,13,6,7,合庫-彰化,2023-12-27,1028
6668,中揚光,7,0,7,合庫-彰化,2023-12-27,1028
6112,邁達特,7,0,7,合庫-彰化,2023-12-27,1028
6457,紘康,7,0,7,合庫-彰化,2023-12-27,1028
2421,建準,19,12,7,合庫-彰化,2023-12-27,1028
00642U,期元大S＆P石油,6,0,6,合庫-彰化,2023-12-27,1028
00679B,元大美債20年,6,0,6,合庫-彰化,2023-12-27,1028
8936,國統,9,3,6,合庫-彰化,2023-12-27,1028
3552,同致,6,0,6,合庫-彰化,2023-12-27,1028
00918,大華優利高填息30,5,0,5,合庫-彰化,2023-12-27,1028
00706L,期元大S＆P日圓正2,5,0,5,合庫-彰化,2023-12-27,1028
00687B,國泰20年美債,7,2,5,合庫-彰化,2023-12-27,1028
1708,東鹼,5,0,5,合庫-彰化,2023-12-27,1028
00937B,群益ESG投等債20,415,0,415,合庫-彰化,2023-12-28,1028
00642U,期元大S＆P石油,93,0,93,合庫-彰化,2023-12-28,1028
2324,仁寶,119,55,64,合庫-彰化,2023-12-28,1028
2801,彰銀,60,0,60,合庫-彰化,2023-12-28,1028
00919,群益台灣精選高息,60,2,58,合庫-彰化,2023-12-28,1028
4979,華星光,53,4,49,合庫-彰化,2023-12-28,1028
00680L,元大美債20正2,90,45,45,合庫-彰化,2023-12-28,1028
2014,中鴻,35,0,35,合庫-彰化,2023-12-28,1028
3024,憶聲,36,3,33,合庫-彰化,2023-12-28,1028
6270,倍微,31,1,30,合庫-彰化,2023-12-28,1028
00712,復華富時不動產,30,0,30,合庫-彰化,2023-12-28,1028
2374,佳能,25,0,25,合庫-彰化,2023-12-28,1028
00936,台新永續高息中小,24,0,24,合庫-彰化,2023-12-28,1028
00637L,元大滬深300正2,21,0,21,合庫-彰化,2023-12-28,1028
1514,亞力,45,24,21,合庫-彰化,2023-12-28,1028
2641,正德,20,0,20,合庫-彰化,2023-12-28,1028
6207,雷科,20,0,20,合庫-彰化,2023-12-28,1028
2316,楠梓電,20,2,18,合庫-彰化,2023-12-28,1028
4945,陞達科技,19,1,18,合庫-彰化,2023-12-28,1028
2368,金像電,19,1,18,合庫-彰化,2023-12-28,1028
8070,長華*,17,0,17,合庫-彰化,2023-12-28,1028
3231,緯創,20,4,16,合庫-彰化,2023-12-28,1028
3622,洋華,16,0,16,合庫-彰化,2023-12-28,1028
1312,國喬,15,0,15,合庫-彰化,2023-12-28,1028
2312,金寶,15,0,15,合庫-彰化,2023-12-28,1028
2029,盛餘,14,0,14,合庫-彰化,2023-12-28,1028
00795B,中信美國公債20年,12,0,12,合庫-彰化,2023-12-28,1028
4743,合一,16,5,11,合庫-彰化,2023-12-28,1028
2038,海光,11,0,11,合庫-彰化,2023-12-28,1028
6679,鈺太,11,0,11,合庫-彰化,2023-12-28,1028
00904,新光臺灣半導體30,10,0,10,合庫-彰化,2023-12-28,1028
00753L,中信中國50正2,10,0,10,合庫-彰化,2023-12-28,1028
00885,富邦越南,10,0,10,合庫-彰化,2023-12-28,1028
1806,冠軍,10,0,10,合庫-彰化,2023-12-28,1028
2352,佳世達,10,0,10,合庫-彰化,2023-12-28,1028
2369,菱生,13,3,10,合庫-彰化,2023-12-28,1028
2458,義隆,10,0,10,合庫-彰化,2023-12-28,1028
2601,益航,10,0,10,合庫-彰化,2023-12-28,1028
5521,工信,10,0,10,合庫-彰化,2023-12-28,1028
8066,來思達,10,0,10,合庫-彰化,2023-12-28,1028
00935,野村臺灣新科技50,9,0,9,合庫-彰化,2023-12-28,1028
6667,信紘科,9,0,9,合庫-彰化,2023-12-28,1028
3694,海華,8,0,8,合庫-彰化,2023-12-28,1028
3376,新日興,13,5,8,合庫-彰化,2023-12-28,1028
2610,華航,9,1,8,合庫-彰化,2023-12-28,1028
00688L,國泰20年美債正2,18,10,8,合庫-彰化,2023-12-28,1028
1471,首利,8,0,8,合庫-彰化,2023-12-28,1028
2428,興勤,8,0,8,合庫-彰化,2023-12-28,1028
2382,廣達,8,0,8,合庫-彰化,2023-12-28,1028
00933B,國泰10Y+金融債,7,0,7,合庫-彰化,2023-12-28,1028
00715L,期街口布蘭特正2,264,40,224,合庫-彰化,2023-12-29,1028
00937B,群益ESG投等債20,97,0,97,合庫-彰化,2023-12-29,1028
00642U,期元大S＆P石油,65,5,60,合庫-彰化,2023-12-29,1028
2002,中鋼,61,5,56,合庫-彰化,2023-12-29,1028
2465,麗臺,50,0,50,合庫-彰化,2023-12-29,1028
2365,昆盈,51,6,45,合庫-彰化,2023-12-29,1028
00632R,元大台灣50反1,41,0,41,合庫-彰化,2023-12-29,1028
2801,彰銀,40,2,38,合庫-彰化,2023-12-29,1028
00919,群益台灣精選高息,43,6,37,合庫-彰化,2023-12-29,1028
2867,三商壽,50,20,30,合庫-彰化,2023-12-29,1028
3481,群創,28,0,28,合庫-彰化,2023-12-29,1028
00933B,國泰10Y+金融債,26,0,26,合庫-彰化,2023-12-29,1028
2371,大同,21,0,21,合庫-彰化,2023-12-29,1028
2515,中工,27,6,21,合庫-彰化,2023-12-29,1028
00674R,期元大S＆P黃金反1,20,0,20,合庫-彰化,2023-12-29,1028
2509,全坤建,20,0,20,合庫-彰化,2023-12-29,1028
2881,富邦金,20,0,20,合庫-彰化,2023-12-29,1028
2301,光寶科,20,3,17,合庫-彰化,2023-12-29,1028
3006,晶豪科,22,5,17,合庫-彰化,2023-12-29,1028
00680L,元大美債20正2,16,0,16,合庫-彰化,2023-12-29,1028
1815,富喬,15,0,15,合庫-彰化,2023-12-29,1028
1449,佳和,15,1,14,合庫-彰化,2023-12-29,1028
6182,合晶,13,0,13,合庫-彰化,2023-12-29,1028
6695,芯鼎,14,1,13,合庫-彰化,2023-12-29,1028
1514,亞力,21,10,11,合庫-彰化,2023-12-29,1028
00764B,群益25年美債,10,0,10,合庫-彰化,2023-12-29,1028
00929,復華台灣科技優息,29,19,10,合庫-彰化,2023-12-29,1028
2402,毅嘉,11,1,10,合庫-彰化,2023-12-29,1028
5880,合庫金,10,0,10,合庫-彰化,2023-12-29,1028
00687B,國泰20年美債,9,0,9,合庫-彰化,2023-12-29,1028
2303,聯電,12,3,9,合庫-彰化,2023-12-29,1028
5521,工信,8,0,8,合庫-彰化,2023-12-29,1028
6233,旺玖,11,3,8,合庫-彰化,2023-12-29,1028
2883,凱基金,12,4,8,合庫-彰化,2023-12-29,1028
4908,前鼎,9,1,8,合庫-彰化,2023-12-29,1028
2353,宏��,53,46,7,合庫-彰化,2023-12-29,1028
5426,振發,9,2,7,合庫-彰化,2023-12-29,1028
00688L,國泰20年美債正2,12,5,7,合庫-彰化,2023-12-29,1028
00936,台新永續高息中小,7,0,7,合庫-彰化,2023-12-29,1028
3548,兆利,10,3,7,合庫-彰化,2023-12-29,1028
3706,神達,33,26,7,合庫-彰化,2023-12-29,1028
3260,威剛,16,10,6,合庫-彰化,2023-12-29,1028
00712,復華富時不動產,6,0,6,合庫-彰化,2023-12-29,1028
1312,國喬,8,2,6,合庫-彰化,2023-12-29,1028
1905,華紙,12,6,6,合庫-彰化,2023-12-29,1028
6164,華興,6,0,6,合庫-彰化,2023-12-29,1028
6585,鼎基,6,0,6,合庫-彰化,2023-12-29,1028
8039,台虹,6,0,6,合庫-彰化,2023-12-29,1028
00696B,富邦美債20年,5,0,5,合庫-彰化,2023-12-29,1028
00669R,國泰美國道瓊反1,5,0,5,合庫-彰化,2023-12-29,1028
00715L,期街口布蘭特正2,150,0,150,合庫-彰化,2024-01-02,1028
00931B,統一美債20年,85,3,82,合庫-彰化,2024-01-02,1028
3231,緯創,67,9,58,合庫-彰化,2024-01-02,1028
8097,常珵,51,3,48,合庫-彰化,2024-01-02,1028
00929,復華台灣科技優息,58,16,42,合庫-彰化,2024-01-02,1028
2208,台船,46,10,36,合庫-彰化,2024-01-02,1028
00919,群益台灣精選高息,35,2,33,合庫-彰化,2024-01-02,1028
2382,廣達,33,1,32,合庫-彰化,2024-01-02,1028
2368,金像電,32,1,31,合庫-彰化,2024-01-02,1028
2887,台新金,31,0,31,合庫-彰化,2024-01-02,1028
00679B,元大美債20年,30,0,30,合庫-彰化,2024-01-02,1028
4168,醣聯,30,1,29,合庫-彰化,2024-01-02,1028
00680L,元大美債20正2,37,9,28,合庫-彰化,2024-01-02,1028
2356,英業達,40,13,27,合庫-彰化,2024-01-02,1028
00720B,元大投資級公司債,27,0,27,合庫-彰化,2024-01-02,1028
00937B,群益ESG投等債20,25,0,25,合庫-彰化,2024-01-02,1028
2059,川湖,25,0,25,合庫-彰化,2024-01-02,1028
6770,力積電,23,0,23,合庫-彰化,2024-01-02,1028
2352,佳世達,25,2,23,合庫-彰化,2024-01-02,1028
3706,神達,23,0,23,合庫-彰化,2024-01-02,1028
00687B,國泰20年美債,22,0,22,合庫-彰化,2024-01-02,1028
00688L,國泰20年美債正2,20,0,20,合庫-彰化,2024-01-02,1028
2303,聯電,34,15,19,合庫-彰化,2024-01-02,1028
2486,一詮,40,27,13,合庫-彰化,2024-01-02,1028
2363,矽統,14,3,11,合庫-彰化,2024-01-02,1028
2402,毅嘉,21,10,11,合庫-彰化,2024-01-02,1028
00934,中信成長高股息,15,5,10,合庫-彰化,2024-01-02,1028
2020,美亞,10,0,10,合庫-彰化,2024-01-02,1028
5009,榮剛,10,0,10,合庫-彰化,2024-01-02,1028
6016,康和證,10,0,10,合庫-彰化,2024-01-02,1028
6129,普誠,10,0,10,合庫-彰化,2024-01-02,1028
6288,聯嘉,10,0,10,合庫-彰化,2024-01-02,1028
8040,九暘,10,0,10,合庫-彰化,2024-01-02,1028
3036,文曄,9,0,9,合庫-彰化,2024-01-02,1028
0056,元大高股息,9,1,8,合庫-彰化,2024-01-02,1028
00888,永豐台灣ESG,10,3,7,合庫-彰化,2024-01-02,1028
00772B,中信高評級公司債,12,5,7,合庫-彰化,2024-01-02,1028
1216,統一,7,0,7,合庫-彰化,2024-01-02,1028
2367,燿華,10,3,7,合庫-彰化,2024-01-02,1028
6269,台郡,7,0,7,合庫-彰化,2024-01-02,1028
6689,伊雲谷,8,1,7,合庫-彰化,2024-01-02,1028
8069,元太,9,2,7,合庫-彰化,2024-01-02,1028
2607,榮運,6,0,6,合庫-彰化,2024-01-02,1028
2377,微星,7,1,6,合庫-彰化,2024-01-02,1028
3189,景碩,6,0,6,合庫-彰化,2024-01-02,1028
3673,TPK-KY,6,0,6,合庫-彰化,2024-01-02,1028
5512,力麒,6,0,6,合庫-彰化,2024-01-02,1028
6716,應廣,6,0,6,合庫-彰化,2024-01-02,1028
2344,華邦電,7,2,5,合庫-彰化,2024-01-02,1028
1213,大飲,5,0,5,合庫-彰化,2024-01-02,1028
00929,復華台灣科技優息,315,31,284,合庫-彰化,2024-01-03,1028
00715L,期街口布蘭特正2,224,50,174,合庫-彰化,2024-01-03,1028
00919,群益台灣精選高息,146,7,139,合庫-彰化,2024-01-03,1028
2303,聯電,134,3,131,合庫-彰化,2024-01-03,1028
00642U,期元大S＆P石油,105,0,105,合庫-彰化,2024-01-03,1028
2409,友達,100,21,79,合庫-彰化,2024-01-03,1028
5521,工信,102,34,68,合庫-彰化,2024-01-03,1028
2881,富邦金,83,30,53,合庫-彰化,2024-01-03,1028
2374,佳能,51,0,51,合庫-彰化,2024-01-03,1028
00878,國泰永續高股息,61,10,51,合庫-彰化,2024-01-03,1028
00937B,群益ESG投等債20,35,0,35,合庫-彰化,2024-01-03,1028
2201,裕隆,31,0,31,合庫-彰化,2024-01-03,1028
2880,華南金,30,0,30,合庫-彰化,2024-01-03,1028
6116,彩晶,30,0,30,合庫-彰化,2024-01-03,1028
2618,長榮航,62,36,26,合庫-彰化,2024-01-03,1028
0056,元大高股息,35,9,26,合庫-彰化,2024-01-03,1028
00680L,元大美債20正2,46,21,25,合庫-彰化,2024-01-03,1028
2302,麗正,25,0,25,合庫-彰化,2024-01-03,1028
5009,榮剛,35,10,25,合庫-彰化,2024-01-03,1028
00918,大華優利高填息30,28,5,23,合庫-彰化,2024-01-03,1028
1584,精剛,21,0,21,合庫-彰化,2024-01-03,1028
3437,榮創,20,0,20,合庫-彰化,2024-01-03,1028
2029,盛餘,19,0,19,合庫-彰化,2024-01-03,1028
3712,永崴投控,17,0,17,合庫-彰化,2024-01-03,1028
6625,必應,20,3,17,合庫-彰化,2024-01-03,1028
3059,華晶科,16,0,16,合庫-彰化,2024-01-03,1028
2887,台新金,16,0,16,合庫-彰化,2024-01-03,1028
2609,陽明,48,32,16,合庫-彰化,2024-01-03,1028
1210,大成,35,20,15,合庫-彰化,2024-01-03,1028
00881,國泰台灣5G+,14,0,14,合庫-彰化,2024-01-03,1028
2330,台積電,14,1,13,合庫-彰化,2024-01-03,1028
2455,全新,14,1,13,合庫-彰化,2024-01-03,1028
8097,常珵,13,0,13,合庫-彰化,2024-01-03,1028
3390,旭軟,23,11,12,合庫-彰化,2024-01-03,1028
2356,英業達,52,41,11,合庫-彰化,2024-01-03,1028
2884,玉山金,11,0,11,合庫-彰化,2024-01-03,1028
1326,台化,11,0,11,合庫-彰化,2024-01-03,1028
2371,大同,11,0,11,合庫-彰化,2024-01-03,1028
6207,雷科,11,0,11,合庫-彰化,2024-01-03,1028
00679B,元大美債20年,10,0,10,合庫-彰化,2024-01-03,1028
00751B,元大AAA至A公司債,14,4,10,合庫-彰化,2024-01-03,1028
00931B,統一美債20年,18,8,10,合庫-彰化,2024-01-03,1028
4938,和碩,10,0,10,合庫-彰化,2024-01-03,1028
4967,十銓,10,0,10,合庫-彰化,2024-01-03,1028
6129,普誠,10,0,10,合庫-彰化,2024-01-03,1028
9105,泰金寶-DR,10,0,10,合庫-彰化,2024-01-03,1028
3105,穩懋,10,1,9,合庫-彰化,2024-01-03,1028
3711,日月光投控,9,0,9,合庫-彰化,2024-01-03,1028
00933B,國泰10Y+金融債,9,0,9,合庫-彰化,2024-01-03,1028
00900,富邦特選高股息30,9,0,9,合庫-彰化,2024-01-03,1028
6120,達運,230,12,218,合庫-彰化,2024-01-04,1028
00929,復華台灣科技優息,223,29,194,合庫-彰化,2024-01-04,1028
2834,臺企銀,130,1,129,合庫-彰化,2024-01-04,1028
00927,群益半導體收益,116,1,115,合庫-彰化,2024-01-04,1028
2436,偉詮電,103,2,101,合庫-彰化,2024-01-04,1028
2303,聯電,95,2,93,合庫-彰化,2024-01-04,1028
2881,富邦金,90,0,90,合庫-彰化,2024-01-04,1028
0056,元大高股息,68,2,66,合庫-彰化,2024-01-04,1028
00680L,元大美債20正2,59,0,59,合庫-彰化,2024-01-04,1028
2331,精英,51,4,47,合庫-彰化,2024-01-04,1028
6207,雷科,44,0,44,合庫-彰化,2024-01-04,1028
9919,康那香,35,6,29,合庫-彰化,2024-01-04,1028
3051,力特,29,2,27,合庫-彰化,2024-01-04,1028
00687B,國泰20年美債,33,10,23,合庫-彰化,2024-01-04,1028
2421,建準,23,0,23,合庫-彰化,2024-01-04,1028
5521,工信,35,15,20,合庫-彰化,2024-01-04,1028
1449,佳和,20,1,19,合庫-彰化,2024-01-04,1028
3712,永崴投控,17,0,17,合庫-彰化,2024-01-04,1028
00937B,群益ESG投等債20,18,2,16,合庫-彰化,2024-01-04,1028
1907,永豐餘,15,0,15,合庫-彰化,2024-01-04,1028
2302,麗正,18,3,15,合庫-彰化,2024-01-04,1028
2399,映泰,15,0,15,合庫-彰化,2024-01-04,1028
2408,南亞科,17,2,15,合庫-彰化,2024-01-04,1028
2509,全坤建,15,1,14,合庫-彰化,2024-01-04,1028
5880,合庫金,14,1,13,合庫-彰化,2024-01-04,1028
4743,合一,13,1,12,合庫-彰化,2024-01-04,1028
1732,毛寶,25,13,12,合庫-彰化,2024-01-04,1028
2337,旺宏,14,2,12,合庫-彰化,2024-01-04,1028
00919,群益台灣精選高息,13,2,11,合庫-彰化,2024-01-04,1028
2374,佳能,11,0,11,合庫-彰化,2024-01-04,1028
6113,亞矽,15,4,11,合庫-彰化,2024-01-04,1028
1514,亞力,12,2,10,合庫-彰化,2024-01-04,1028
1616,億泰,10,0,10,合庫-彰化,2024-01-04,1028
2393,億光,10,0,10,合庫-彰化,2024-01-04,1028
3078,僑威,11,1,10,合庫-彰化,2024-01-04,1028
3706,神達,14,4,10,合庫-彰化,2024-01-04,1028
4712,福格創新,10,0,10,合庫-彰化,2024-01-04,1028
5483,中美晶,10,0,10,合庫-彰化,2024-01-04,1028
6129,普誠,15,5,10,合庫-彰化,2024-01-04,1028
6530,創威,10,0,10,合庫-彰化,2024-01-04,1028
00637L,元大滬深300正2,30,21,9,合庫-彰化,2024-01-04,1028
1584,精剛,16,7,9,合庫-彰化,2024-01-04,1028
2352,佳世達,13,4,9,合庫-彰化,2024-01-04,1028
2365,昆盈,10,1,9,合庫-彰化,2024-01-04,1028
3380,明泰,9,0,9,合庫-彰化,2024-01-04,1028
00878,國泰永續高股息,14,6,8,合庫-彰化,2024-01-04,1028
5009,榮剛,28,20,8,合庫-彰化,2024-01-04,1028
5244,弘凱,8,0,8,合庫-彰化,2024-01-04,1028
8040,九暘,10,2,8,合庫-彰化,2024-01-04,1028
8097,常珵,8,0,8,合庫-彰化,2024-01-04,1028
00929,復華台灣科技優息,151,0,151,合庫-彰化,2024-01-05,1028
3049,精金,132,0,132,合庫-彰化,2024-01-05,1028
5210,寶碩,92,0,92,合庫-彰化,2024-01-05,1028
6416,瑞祺電通,89,1,88,合庫-彰化,2024-01-05,1028
2356,英業達,118,48,70,合庫-彰化,2024-01-05,1028
00919,群益台灣精選高息,62,0,62,合庫-彰化,2024-01-05,1028
00679B,元大美債20年,57,21,36,合庫-彰化,2024-01-05,1028
00712,復華富時不動產,39,5,34,合庫-彰化,2024-01-05,1028
2611,志信,54,23,31,合庫-彰化,2024-01-05,1028
9105,泰金寶-DR,30,0,30,合庫-彰化,2024-01-05,1028
2374,佳能,29,0,29,合庫-彰化,2024-01-05,1028
00680L,元大美債20正2,25,0,25,合庫-彰化,2024-01-05,1028
2509,全坤建,25,0,25,合庫-彰化,2024-01-05,1028
0056,元大高股息,25,0,25,合庫-彰化,2024-01-05,1028
2365,昆盈,23,0,23,合庫-彰化,2024-01-05,1028
2323,中環,22,0,22,合庫-彰化,2024-01-05,1028
2615,萬海,26,4,22,合庫-彰化,2024-01-05,1028
2462,良得電,20,0,20,合庫-彰化,2024-01-05,1028
6116,彩晶,20,0,20,合庫-彰化,2024-01-05,1028
2641,正德,18,0,18,合庫-彰化,2024-01-05,1028
3588,通嘉,20,5,15,合庫-彰化,2024-01-05,1028
6282,康舒,16,1,15,合庫-彰化,2024-01-05,1028
4938,和碩,14,0,14,合庫-彰化,2024-01-05,1028
1514,亞力,21,7,14,合庫-彰化,2024-01-05,1028
2303,聯電,32,19,13,合庫-彰化,2024-01-05,1028
2636,台驊控股,20,7,13,合庫-彰化,2024-01-05,1028
1325,恆大,16,4,12,合庫-彰化,2024-01-05,1028
5439,高技,11,0,11,合庫-彰化,2024-01-05,1028
2324,仁寶,16,6,10,合庫-彰化,2024-01-05,1028
3707,漢磊,10,0,10,合庫-彰化,2024-01-05,1028
00632R,元大台灣50反1,10,0,10,合庫-彰化,2024-01-05,1028
4716,大立,10,0,10,合庫-彰化,2024-01-05,1028
6122,擎邦,10,0,10,合庫-彰化,2024-01-05,1028
6150,撼訊,10,0,10,合庫-彰化,2024-01-05,1028
1605,華新,10,1,9,合庫-彰化,2024-01-05,1028
6530,創威,8,0,8,合庫-彰化,2024-01-05,1028
00878,國泰永續高股息,11,4,7,合庫-彰化,2024-01-05,1028
00923,群益台ESG低碳50,7,0,7,合庫-彰化,2024-01-05,1028
6288,聯嘉,7,0,7,合庫-彰化,2024-01-05,1028
6196,帆宣,7,1,6,合庫-彰化,2024-01-05,1028
00773B,中信優先金融債,6,0,6,合庫-彰化,2024-01-05,1028
1536,和大,6,0,6,合庫-彰化,2024-01-05,1028
2421,建準,28,22,6,合庫-彰化,2024-01-05,1028
2881,富邦金,6,0,6,合庫-彰化,2024-01-05,1028
2885,元大金,6,0,6,合庫-彰化,2024-01-05,1028
8097,常珵,6,0,6,合庫-彰化,2024-01-05,1028
8046,南電,7,2,5,合庫-彰化,2024-01-05,1028
00927,群益半導體收益,5,0,5,合庫-彰化,2024-01-05,1028
1714,和桐,5,0,5,合庫-彰化,2024-01-05,1028
2302,麗正,5,0,5,合庫-彰化,2024-01-05,1028
00665L,富邦�琤肭磪囓�2,850,0,850,合庫-彰化,2024-01-08,1028
00680L,元大美債20正2,250,23,227,合庫-彰化,2024-01-08,1028
8096,擎亞,255,31,224,合庫-彰化,2024-01-08,1028
00929,復華台灣科技優息,153,21,132,合庫-彰化,2024-01-08,1028
5210,寶碩,80,0,80,合庫-彰化,2024-01-08,1028
00919,群益台灣精選高息,64,0,64,合庫-彰化,2024-01-08,1028
3587,閎康,59,0,59,合庫-彰化,2024-01-08,1028
6770,力積電,57,10,47,合庫-彰化,2024-01-08,1028
0056,元大高股息,43,6,37,合庫-彰化,2024-01-08,1028
00676R,富邦臺灣加權反1,30,0,30,合庫-彰化,2024-01-08,1028
00687B,國泰20年美債,32,3,29,合庫-彰化,2024-01-08,1028
2609,陽明,70,42,28,合庫-彰化,2024-01-08,1028
3673,TPK-KY,23,0,23,合庫-彰化,2024-01-08,1028
2801,彰銀,22,0,22,合庫-彰化,2024-01-08,1028
00931B,統一美債20年,20,0,20,合庫-彰化,2024-01-08,1028
8011,台通,20,0,20,合庫-彰化,2024-01-08,1028
00882,中信中國高股息,19,0,19,合庫-彰化,2024-01-08,1028
00712,復華富時不動產,16,0,16,合庫-彰化,2024-01-08,1028
00751B,元大AAA至A公司債,15,0,15,合庫-彰化,2024-01-08,1028
00632R,元大台灣50反1,55,40,15,合庫-彰化,2024-01-08,1028
3508,位速,15,0,15,合庫-彰化,2024-01-08,1028
00933B,國泰10Y+金融債,13,0,13,合庫-彰化,2024-01-08,1028
2449,京元電子,13,0,13,合庫-彰化,2024-01-08,1028
8442,威宏-KY,13,0,13,合庫-彰化,2024-01-08,1028
8046,南電,12,0,12,合庫-彰化,2024-01-08,1028
00636,國泰中國A50,11,0,11,合庫-彰化,2024-01-08,1028
1815,富喬,11,0,11,合庫-彰化,2024-01-08,1028
9904,寶成,11,0,11,合庫-彰化,2024-01-08,1028
2023,燁輝,10,0,10,合庫-彰化,2024-01-08,1028
3702,大聯大,10,0,10,合庫-彰化,2024-01-08,1028
6129,普誠,10,0,10,合庫-彰化,2024-01-08,1028
2317,鴻海,10,1,9,合庫-彰化,2024-01-08,1028
3679,新至陞,9,0,9,合庫-彰化,2024-01-08,1028
2313,華通,10,2,8,合庫-彰化,2024-01-08,1028
5309,系統電,8,0,8,合庫-彰化,2024-01-08,1028
00927,群益半導體收益,7,0,7,合庫-彰化,2024-01-08,1028
00918,大華優利高填息30,7,0,7,合庫-彰化,2024-01-08,1028
1536,和大,7,0,7,合庫-彰化,2024-01-08,1028
2630,亞航,8,1,7,合庫-彰化,2024-01-08,1028
5351,鈺創,7,0,7,合庫-彰化,2024-01-08,1028
00891,中信關鍵半導體,6,0,6,合庫-彰化,2024-01-08,1028
6679,鈺太,6,0,6,合庫-彰化,2024-01-08,1028
00706L,期元大S＆P日圓正2,6,0,6,合庫-彰化,2024-01-08,1028
00885,富邦越南,10,4,6,合庫-彰化,2024-01-08,1028
1338,廣華-KY,6,0,6,合庫-彰化,2024-01-08,1028
2610,華航,6,0,6,合庫-彰化,2024-01-08,1028
2618,長榮航,6,0,6,合庫-彰化,2024-01-08,1028
3105,穩懋,6,0,6,合庫-彰化,2024-01-08,1028
3017,奇鋐,11,6,5,合庫-彰化,2024-01-08,1028
00934,中信成長高股息,5,0,5,合庫-彰化,2024-01-08,1028
00665L,富邦�琤肭磪囓�2,300,0,300,合庫-彰化,2024-01-09,1028
6120,達運,219,8,211,合庫-彰化,2024-01-09,1028
00919,群益台灣精選高息,136,3,133,合庫-彰化,2024-01-09,1028
2609,陽明,88,11,77,合庫-彰化,2024-01-09,1028
3673,TPK-KY,51,0,51,合庫-彰化,2024-01-09,1028
2002,中鋼,47,0,47,合庫-彰化,2024-01-09,1028
00712,復華富時不動產,50,9,41,合庫-彰化,2024-01-09,1028
2801,彰銀,32,0,32,合庫-彰化,2024-01-09,1028
2353,宏��,59,27,32,合庫-彰化,2024-01-09,1028
2337,旺宏,30,0,30,合庫-彰化,2024-01-09,1028
2610,華航,29,2,27,合庫-彰化,2024-01-09,1028
2880,華南金,25,0,25,合庫-彰化,2024-01-09,1028
00933B,國泰10Y+金融債,25,0,25,合庫-彰化,2024-01-09,1028
2208,台船,26,2,24,合庫-彰化,2024-01-09,1028
00918,大華優利高填息30,24,0,24,合庫-彰化,2024-01-09,1028
0056,元大高股息,25,1,24,合庫-彰化,2024-01-09,1028
00757,統一FANG+,23,0,23,合庫-彰化,2024-01-09,1028
2641,正德,23,0,23,合庫-彰化,2024-01-09,1028
3231,緯創,42,19,23,合庫-彰化,2024-01-09,1028
00687B,國泰20年美債,22,0,22,合庫-彰化,2024-01-09,1028
2883,凱基金,22,0,22,合庫-彰化,2024-01-09,1028
6679,鈺太,21,0,21,合庫-彰化,2024-01-09,1028
2023,燁輝,20,0,20,合庫-彰化,2024-01-09,1028
2867,三商壽,20,0,20,合庫-彰化,2024-01-09,1028
00680L,元大美債20正2,20,1,19,合庫-彰化,2024-01-09,1028
2359,所羅門,25,6,19,合庫-彰化,2024-01-09,1028
5529,鉅陞,19,0,19,合庫-彰化,2024-01-09,1028
2368,金像電,18,0,18,合庫-彰化,2024-01-09,1028
3078,僑威,18,0,18,合庫-彰化,2024-01-09,1028
5603,陸海,18,0,18,合庫-彰化,2024-01-09,1028
00929,復華台灣科技優息,21,4,17,合庫-彰化,2024-01-09,1028
1616,億泰,16,0,16,合庫-彰化,2024-01-09,1028
6207,雷科,16,0,16,合庫-彰化,2024-01-09,1028
1584,精剛,20,5,15,合庫-彰化,2024-01-09,1028
2317,鴻海,14,0,14,合庫-彰化,2024-01-09,1028
00937B,群益ESG投等債20,13,0,13,合庫-彰化,2024-01-09,1028
1905,華紙,13,0,13,合庫-彰化,2024-01-09,1028
5880,合庫金,17,4,13,合庫-彰化,2024-01-09,1028
2603,長榮,16,4,12,合庫-彰化,2024-01-09,1028
00688L,國泰20年美債正2,12,0,12,合庫-彰化,2024-01-09,1028
9945,潤泰新,12,1,11,合庫-彰化,2024-01-09,1028
1727,中華化,11,0,11,合庫-彰化,2024-01-09,1028
2356,英業達,25,14,11,合庫-彰化,2024-01-09,1028
2634,漢翔,11,1,10,合庫-彰化,2024-01-09,1028
1568,倉佑,10,0,10,合庫-彰化,2024-01-09,1028
00764B,群益25年美債,10,0,10,合庫-彰化,2024-01-09,1028
2302,麗正,10,0,10,合庫-彰化,2024-01-09,1028
2331,精英,15,5,10,合庫-彰化,2024-01-09,1028
2886,兆豐金,10,0,10,合庫-彰化,2024-01-09,1028
6129,普誠,10,0,10,合庫-彰化,2024-01-09,1028
6120,達運,214,9,205,合庫-彰化,2024-01-10,1028
00665L,富邦�琤肭磪囓�2,183,0,183,合庫-彰化,2024-01-10,1028
1605,華新,114,0,114,合庫-彰化,2024-01-10,1028
00715L,期街口布蘭特正2,104,6,98,合庫-彰化,2024-01-10,1028
2515,中工,84,0,84,合庫-彰化,2024-01-10,1028
00919,群益台灣精選高息,73,0,73,合庫-彰化,2024-01-10,1028
8096,擎亞,62,5,57,合庫-彰化,2024-01-10,1028
1584,精剛,51,0,51,合庫-彰化,2024-01-10,1028
2029,盛餘,47,0,47,合庫-彰化,2024-01-10,1028
2609,陽明,120,81,39,合庫-彰化,2024-01-10,1028
2801,彰銀,32,0,32,合庫-彰化,2024-01-10,1028
2301,光寶科,31,0,31,合庫-彰化,2024-01-10,1028
00929,復華台灣科技優息,37,6,31,合庫-彰化,2024-01-10,1028
8085,福華,30,0,30,合庫-彰化,2024-01-10,1028
5009,榮剛,26,0,26,合庫-彰化,2024-01-10,1028
00882,中信中國高股息,25,0,25,合庫-彰化,2024-01-10,1028
4707,磐亞,25,0,25,合庫-彰化,2024-01-10,1028
2356,英業達,25,1,24,合庫-彰化,2024-01-10,1028
3706,神達,63,40,23,合庫-彰化,2024-01-10,1028
5880,合庫金,27,6,21,合庫-彰化,2024-01-10,1028
1504,東元,21,0,21,合庫-彰化,2024-01-10,1028
2436,偉詮電,22,1,21,合庫-彰化,2024-01-10,1028
9945,潤泰新,21,0,21,合庫-彰化,2024-01-10,1028
2371,大同,23,4,19,合庫-彰化,2024-01-10,1028
2634,漢翔,19,1,18,合庫-彰化,2024-01-10,1028
6770,力積電,20,2,18,合庫-彰化,2024-01-10,1028
00904,新光臺灣半導體30,18,1,17,合庫-彰化,2024-01-10,1028
0055,元大MSCI金融,17,0,17,合庫-彰化,2024-01-10,1028
2014,中鴻,17,0,17,合庫-彰化,2024-01-10,1028
6139,亞翔,20,5,15,合庫-彰化,2024-01-10,1028
00706L,期元大S＆P日圓正2,15,0,15,合庫-彰化,2024-01-10,1028
2353,宏��,36,22,14,合庫-彰化,2024-01-10,1028
00900,富邦特選高股息30,14,0,14,合庫-彰化,2024-01-10,1028
2303,聯電,13,0,13,合庫-彰化,2024-01-10,1028
1312,國喬,12,0,12,合庫-彰化,2024-01-10,1028
5347,世界,12,0,12,合庫-彰化,2024-01-10,1028
2603,長榮,14,3,11,合庫-彰化,2024-01-10,1028
9904,寶成,11,0,11,合庫-彰化,2024-01-10,1028
0056,元大高股息,16,6,10,合庫-彰化,2024-01-10,1028
1905,華紙,10,0,10,合庫-彰化,2024-01-10,1028
2340,台亞,10,0,10,合庫-彰化,2024-01-10,1028
3591,艾笛森,10,0,10,合庫-彰化,2024-01-10,1028
4716,大立,10,0,10,合庫-彰化,2024-01-10,1028
6129,普誠,10,0,10,合庫-彰化,2024-01-10,1028
2031,新光鋼,12,3,9,合庫-彰化,2024-01-10,1028
2362,藍天,17,8,9,合庫-彰化,2024-01-10,1028
4503,金雨,9,0,9,合庫-彰化,2024-01-10,1028
5425,台半,9,0,9,合庫-彰化,2024-01-10,1028
6026,福邦證,9,0,9,合庫-彰化,2024-01-10,1028
00679B,元大美債20年,8,0,8,合庫-彰化,2024-01-10,1028
6120,達運,990,51,939,合庫-彰化,2024-01-11,1028
00665L,富邦�琤肭磪囓�2,204,0,204,合庫-彰化,2024-01-11,1028
2324,仁寶,104,7,97,合庫-彰化,2024-01-11,1028
0056,元大高股息,95,0,95,合庫-彰化,2024-01-11,1028
00929,復華台灣科技優息,100,6,94,合庫-彰化,2024-01-11,1028
3481,群創,55,1,54,合庫-彰化,2024-01-11,1028
8085,福華,51,1,50,合庫-彰化,2024-01-11,1028
8096,擎亞,51,1,50,合庫-彰化,2024-01-11,1028
00919,群益台灣精選高息,38,0,38,合庫-彰化,2024-01-11,1028
2344,華邦電,31,0,31,合庫-彰化,2024-01-11,1028
00687B,國泰20年美債,30,0,30,合庫-彰化,2024-01-11,1028
4956,光鋐,43,13,30,合庫-彰化,2024-01-11,1028
6226,光鼎,30,0,30,合庫-彰化,2024-01-11,1028
00671R,富邦NASDAQ反1,25,0,25,合庫-彰化,2024-01-11,1028
2515,中工,24,0,24,合庫-彰化,2024-01-11,1028
2453,凌群,24,2,22,合庫-彰化,2024-01-11,1028
00712,復華富時不動產,20,0,20,合庫-彰化,2024-01-11,1028
2023,燁輝,20,0,20,合庫-彰化,2024-01-11,1028
2408,南亞科,20,0,20,合庫-彰化,2024-01-11,1028
2801,彰銀,20,0,20,合庫-彰化,2024-01-11,1028
00937B,群益ESG投等債20,18,0,18,合庫-彰化,2024-01-11,1028
2450,神腦,17,0,17,合庫-彰化,2024-01-11,1028
5450,南良,17,0,17,合庫-彰化,2024-01-11,1028
00669R,國泰美國道瓊反1,16,0,16,合庫-彰化,2024-01-11,1028
00648R,元大S＆P500反1,15,0,15,合庫-彰化,2024-01-11,1028
00641R,富邦日本反1,15,0,15,合庫-彰化,2024-01-11,1028
6716,應廣,15,0,15,合庫-彰化,2024-01-11,1028
2609,陽明,50,36,14,合庫-彰化,2024-01-11,1028
00680L,元大美債20正2,14,0,14,合庫-彰化,2024-01-11,1028
1514,亞力,16,4,12,合庫-彰化,2024-01-11,1028
00931B,統一美債20年,12,0,12,合庫-彰化,2024-01-11,1028
2618,長榮航,14,2,12,合庫-彰化,2024-01-11,1028
2634,漢翔,12,0,12,合庫-彰化,2024-01-11,1028
3025,星通,17,5,12,合庫-彰化,2024-01-11,1028
3045,台灣大,12,0,12,合庫-彰化,2024-01-11,1028
6442,光聖,12,0,12,合庫-彰化,2024-01-11,1028
00632R,元大台灣50反1,11,0,11,合庫-彰化,2024-01-11,1028
1524,耿鼎,11,0,11,合庫-彰化,2024-01-11,1028
2352,佳世達,12,1,11,合庫-彰化,2024-01-11,1028
2371,大同,12,1,11,合庫-彰化,2024-01-11,1028
6117,迎廣,14,3,11,合庫-彰化,2024-01-11,1028
00706L,期元大S＆P日圓正2,10,0,10,合庫-彰化,2024-01-11,1028
1536,和大,11,1,10,合庫-彰化,2024-01-11,1028
2029,盛餘,10,0,10,合庫-彰化,2024-01-11,1028
2059,川湖,11,1,10,合庫-彰化,2024-01-11,1028
2351,順德,10,0,10,合庫-彰化,2024-01-11,1028
2417,圓剛,10,0,10,合庫-彰化,2024-01-11,1028
4938,和碩,10,0,10,合庫-彰化,2024-01-11,1028
5521,工信,10,0,10,合庫-彰化,2024-01-11,1028
6270,倍微,10,0,10,合庫-彰化,2024-01-11,1028
2208,台船,184,6,178,合庫-彰化,2024-01-12,1028
2867,三商壽,102,0,102,合庫-彰化,2024-01-12,1028
00929,復華台灣科技優息,81,0,81,合庫-彰化,2024-01-12,1028
00679B,元大美債20年,62,0,62,合庫-彰化,2024-01-12,1028
2301,光寶科,52,0,52,合庫-彰化,2024-01-12,1028
00673R,期元大S＆P原油反1,51,0,51,合庫-彰化,2024-01-12,1028
6116,彩晶,30,1,29,合庫-彰化,2024-01-12,1028
5880,合庫金,28,0,28,合庫-彰化,2024-01-12,1028
00885,富邦越南,31,3,28,合庫-彰化,2024-01-12,1028
2353,宏��,55,28,27,合庫-彰化,2024-01-12,1028
00930,永豐ESG低碳高息,25,0,25,合庫-彰化,2024-01-12,1028
00882,中信中國高股息,25,0,25,合庫-彰化,2024-01-12,1028
2450,神腦,23,0,23,合庫-彰化,2024-01-12,1028
4979,華星光,27,5,22,合庫-彰化,2024-01-12,1028
2344,華邦電,22,0,22,合庫-彰化,2024-01-12,1028
6770,力積電,22,0,22,合庫-彰化,2024-01-12,1028
6177,達麗,20,0,20,合庫-彰化,2024-01-12,1028
6695,芯鼎,44,24,20,合庫-彰化,2024-01-12,1028
00680L,元大美債20正2,20,1,19,合庫-彰化,2024-01-12,1028
2881,富邦金,19,0,19,合庫-彰化,2024-01-12,1028
00937B,群益ESG投等債20,18,0,18,合庫-彰化,2024-01-12,1028
0056,元大高股息,17,0,17,合庫-彰化,2024-01-12,1028
00725B,國泰投資級公司債,16,0,16,合庫-彰化,2024-01-12,1028
2303,聯電,15,1,14,合庫-彰化,2024-01-12,1028
2324,仁寶,15,3,12,合庫-彰化,2024-01-12,1028
1605,華新,12,0,12,合庫-彰化,2024-01-12,1028
00712,復華富時不動產,11,0,11,合庫-彰化,2024-01-12,1028
00892,富邦台灣半導體,10,0,10,合庫-彰化,2024-01-12,1028
00891,中信關鍵半導體,10,0,10,合庫-彰化,2024-01-12,1028
00706L,期元大S＆P日圓正2,10,0,10,合庫-彰化,2024-01-12,1028
2329,華泰,32,22,10,合庫-彰化,2024-01-12,1028
2884,玉山金,10,0,10,合庫-彰化,2024-01-12,1028
3322,建舜電,10,0,10,合庫-彰化,2024-01-12,1028
5425,台半,10,0,10,合庫-彰化,2024-01-12,1028
2392,正崴,10,0,10,合庫-彰化,2024-01-12,1028
00687B,國泰20年美債,10,1,9,合庫-彰化,2024-01-12,1028
4503,金雨,9,0,9,合庫-彰化,2024-01-12,1028
00919,群益台灣精選高息,13,5,8,合庫-彰化,2024-01-12,1028
4909,新復興,13,6,7,合庫-彰化,2024-01-12,1028
2801,彰銀,7,0,7,合庫-彰化,2024-01-12,1028
4968,立積,7,0,7,合庫-彰化,2024-01-12,1028
2401,凌陽,7,1,6,合庫-彰化,2024-01-12,1028
2331,精英,7,1,6,合庫-彰化,2024-01-12,1028
2371,大同,11,5,6,合庫-彰化,2024-01-12,1028
5450,南良,6,0,6,合庫-彰化,2024-01-12,1028
6109,亞元,6,0,6,合庫-彰化,2024-01-12,1028
6112,邁達特,6,0,6,合庫-彰化,2024-01-12,1028
0055,元大MSCI金融,5,0,5,合庫-彰化,2024-01-12,1028
1808,潤隆,5,0,5,合庫-彰化,2024-01-12,1028
2243,宏旭-KY,5,0,5,合庫-彰化,2024-01-12,1028
1528,恩德,498,4,494,合庫-彰化,2024-01-15,1028
2883,凱基金,358,0,358,合庫-彰化,2024-01-15,1028
2888,新光金,153,20,133,合庫-彰化,2024-01-15,1028
00688L,國泰20年美債正2,100,0,100,合庫-彰化,2024-01-15,1028
00929,復華台灣科技優息,64,0,64,合庫-彰化,2024-01-15,1028
1712,興農,60,0,60,合庫-彰化,2024-01-15,1028
00632R,元大台灣50反1,65,7,58,合庫-彰化,2024-01-15,1028
3006,晶豪科,60,2,58,合庫-彰化,2024-01-15,1028
00927,群益半導體收益,46,1,45,合庫-彰化,2024-01-15,1028
00937B,群益ESG投等債20,42,0,42,合庫-彰化,2024-01-15,1028
6416,瑞祺電通,38,0,38,合庫-彰化,2024-01-15,1028
00679B,元大美債20年,34,1,33,合庫-彰化,2024-01-15,1028
3339,泰谷,26,0,26,合庫-彰化,2024-01-15,1028
0056,元大高股息,29,5,24,合庫-彰化,2024-01-15,1028
2002,中鋼,22,0,22,合庫-彰化,2024-01-15,1028
1789,神隆,20,0,20,合庫-彰化,2024-01-15,1028
6152,百一,20,0,20,合庫-彰化,2024-01-15,1028
2409,友達,19,0,19,合庫-彰化,2024-01-15,1028
1519,華城,149,130,19,合庫-彰化,2024-01-15,1028
2371,大同,22,4,18,合庫-彰化,2024-01-15,1028
00878,國泰永續高股息,35,17,18,合庫-彰化,2024-01-15,1028
3231,緯創,50,35,15,合庫-彰化,2024-01-15,1028
2610,華航,20,6,14,合庫-彰化,2024-01-15,1028
5443,均豪,17,3,14,合庫-彰化,2024-01-15,1028
5426,振發,19,6,13,合庫-彰化,2024-01-15,1028
1514,亞力,27,14,13,合庫-彰化,2024-01-15,1028
1314,中石化,13,1,12,合庫-彰化,2024-01-15,1028
2356,英業達,14,2,12,合庫-彰化,2024-01-15,1028
00919,群益台灣精選高息,15,4,11,合庫-彰化,2024-01-15,1028
5880,合庫金,13,2,11,合庫-彰化,2024-01-15,1028
8033,雷虎,11,0,11,合庫-彰化,2024-01-15,1028
00665L,富邦�琤肭磪囓�2,10,0,10,合庫-彰化,2024-01-15,1028
00935,野村臺灣新科技50,10,0,10,合庫-彰化,2024-01-15,1028
2634,漢翔,10,0,10,合庫-彰化,2024-01-15,1028
3211,順達,10,0,10,合庫-彰化,2024-01-15,1028
2609,陽明,46,37,9,合庫-彰化,2024-01-15,1028
00915,凱基優選高股息30,9,0,9,合庫-彰化,2024-01-15,1028
1326,台化,9,0,9,合庫-彰化,2024-01-15,1028
2353,宏��,32,23,9,合庫-彰化,2024-01-15,1028
2615,萬海,14,6,8,合庫-彰化,2024-01-15,1028
6806,森崴能源,8,0,8,合庫-彰化,2024-01-15,1028
3017,奇鋐,15,7,8,合庫-彰化,2024-01-15,1028
3013,晟銘電,8,0,8,合庫-彰化,2024-01-15,1028
2029,盛餘,7,0,7,合庫-彰化,2024-01-15,1028
2405,輔信,9,2,7,合庫-彰化,2024-01-15,1028
2618,長榮航,16,9,7,合庫-彰化,2024-01-15,1028
3437,榮創,10,3,7,合庫-彰化,2024-01-15,1028
3588,通嘉,7,0,7,合庫-彰化,2024-01-15,1028
8110,華東,7,0,7,合庫-彰化,2024-01-15,1028
0055,元大MSCI金融,10,3,7,合庫-彰化,2024-01-15,1028
1528,恩德,141,14,127,合庫-彰化,2024-01-16,1028
6120,達運,106,7,99,合庫-彰化,2024-01-16,1028
00929,復華台灣科技優息,100,7,93,合庫-彰化,2024-01-16,1028
5880,合庫金,77,0,77,合庫-彰化,2024-01-16,1028
00919,群益台灣精選高息,82,8,74,合庫-彰化,2024-01-16,1028
5210,寶碩,74,0,74,合庫-彰化,2024-01-16,1028
1712,興農,69,3,66,合庫-彰化,2024-01-16,1028
6233,旺玖,54,3,51,合庫-彰化,2024-01-16,1028
1326,台化,43,0,43,合庫-彰化,2024-01-16,1028
00687B,國泰20年美債,47,5,42,合庫-彰化,2024-01-16,1028
1504,東元,40,1,39,合庫-彰化,2024-01-16,1028
6288,聯嘉,39,0,39,合庫-彰化,2024-01-16,1028
00937B,群益ESG投等債20,37,0,37,合庫-彰化,2024-01-16,1028
3006,晶豪科,37,2,35,合庫-彰化,2024-01-16,1028
00679B,元大美債20年,35,0,35,合庫-彰化,2024-01-16,1028
2029,盛餘,33,0,33,合庫-彰化,2024-01-16,1028
1314,中石化,25,0,25,合庫-彰化,2024-01-16,1028
2881,富邦金,24,0,24,合庫-彰化,2024-01-16,1028
3714,富采,22,0,22,合庫-彰化,2024-01-16,1028
2405,輔信,43,21,22,合庫-彰化,2024-01-16,1028
00881,國泰台灣5G+,20,0,20,合庫-彰化,2024-01-16,1028
00688L,國泰20年美債正2,20,0,20,合庫-彰化,2024-01-16,1028
6016,康和證,20,0,20,合庫-彰化,2024-01-16,1028
2888,新光金,22,3,19,合庫-彰化,2024-01-16,1028
2014,中鴻,19,0,19,合庫-彰化,2024-01-16,1028
00680L,元大美債20正2,18,0,18,合庫-彰化,2024-01-16,1028
00712,復華富時不動產,20,2,18,合庫-彰化,2024-01-16,1028
2801,彰銀,18,0,18,合庫-彰化,2024-01-16,1028
2324,仁寶,19,1,18,合庫-彰化,2024-01-16,1028
2834,臺企銀,16,0,16,合庫-彰化,2024-01-16,1028
2610,華航,16,0,16,合庫-彰化,2024-01-16,1028
1905,華紙,16,1,15,合庫-彰化,2024-01-16,1028
2337,旺宏,15,0,15,合庫-彰化,2024-01-16,1028
2367,燿華,15,0,15,合庫-彰化,2024-01-16,1028
5521,工信,15,0,15,合庫-彰化,2024-01-16,1028
6695,芯鼎,165,150,15,合庫-彰化,2024-01-16,1028
2887,台新金,24,10,14,合庫-彰化,2024-01-16,1028
1514,亞力,17,3,14,合庫-彰化,2024-01-16,1028
00878,國泰永續高股息,15,2,13,合庫-彰化,2024-01-16,1028
00770,國泰北美科技,15,2,13,合庫-彰化,2024-01-16,1028
00764B,群益25年美債,13,0,13,合庫-彰化,2024-01-16,1028
1584,精剛,20,7,13,合庫-彰化,2024-01-16,1028
2883,凱基金,15,2,13,合庫-彰化,2024-01-16,1028
00927,群益半導體收益,13,1,12,合庫-彰化,2024-01-16,1028
00923,群益台ESG低碳50,12,0,12,合庫-彰化,2024-01-16,1028
00930,永豐ESG低碳高息,12,0,12,合庫-彰化,2024-01-16,1028
1434,福懋,12,0,12,合庫-彰化,2024-01-16,1028
1718,中纖,12,0,12,合庫-彰化,2024-01-16,1028
2344,華邦電,13,1,12,合庫-彰化,2024-01-16,1028
2618,長榮航,13,1,12,合庫-彰化,2024-01-16,1028
00665L,富邦�琤肭磪囓�2,330,0,330,合庫-彰化,2024-01-17,1028
1528,恩德,321,7,314,合庫-彰化,2024-01-17,1028
5488,松普,240,44,196,合庫-彰化,2024-01-17,1028
00882,中信中國高股息,159,0,159,合庫-彰化,2024-01-17,1028
00929,復華台灣科技優息,167,14,153,合庫-彰化,2024-01-17,1028
00664R,國泰臺灣加權反1,120,0,120,合庫-彰化,2024-01-17,1028
2610,華航,112,0,112,合庫-彰化,2024-01-17,1028
00919,群益台灣精選高息,112,8,104,合庫-彰化,2024-01-17,1028
3576,聯合再生,101,0,101,合庫-彰化,2024-01-17,1028
5880,合庫金,83,11,72,合庫-彰化,2024-01-17,1028
2303,聯電,81,11,70,合庫-彰化,2024-01-17,1028
2029,盛餘,53,0,53,合庫-彰化,2024-01-17,1028
5210,寶碩,52,0,52,合庫-彰化,2024-01-17,1028
2801,彰銀,51,0,51,合庫-彰化,2024-01-17,1028
6416,瑞祺電通,51,0,51,合庫-彰化,2024-01-17,1028
00688L,國泰20年美債正2,50,0,50,合庫-彰化,2024-01-17,1028
2312,金寶,49,0,49,合庫-彰化,2024-01-17,1028
0056,元大高股息,51,5,46,合庫-彰化,2024-01-17,1028
00687B,國泰20年美債,46,0,46,合庫-彰化,2024-01-17,1028
1584,精剛,46,0,46,合庫-彰化,2024-01-17,1028
2883,凱基金,46,2,44,合庫-彰化,2024-01-17,1028
3714,富采,42,0,42,合庫-彰化,2024-01-17,1028
2344,華邦電,45,10,35,合庫-彰化,2024-01-17,1028
00720B,元大投資級公司債,36,1,35,合庫-彰化,2024-01-17,1028
00927,群益半導體收益,35,0,35,合庫-彰化,2024-01-17,1028
00679B,元大美債20年,30,0,30,合庫-彰化,2024-01-17,1028
1736,喬山,30,0,30,合庫-彰化,2024-01-17,1028
2317,鴻海,34,4,30,合庫-彰化,2024-01-17,1028
9945,潤泰新,29,0,29,合庫-彰化,2024-01-17,1028
2353,宏��,43,14,29,合庫-彰化,2024-01-17,1028
1312,國喬,33,5,28,合庫-彰化,2024-01-17,1028
1605,華新,28,0,28,合庫-彰化,2024-01-17,1028
2881,富邦金,27,0,27,合庫-彰化,2024-01-17,1028
2351,順德,26,0,26,合庫-彰化,2024-01-17,1028
2887,台新金,22,1,21,合庫-彰化,2024-01-17,1028
8092,建暐,21,0,21,合庫-彰化,2024-01-17,1028
00937B,群益ESG投等債20,20,0,20,合庫-彰化,2024-01-17,1028
2371,大同,31,11,20,合庫-彰化,2024-01-17,1028
2880,華南金,18,0,18,合庫-彰化,2024-01-17,1028
1504,東元,21,3,18,合庫-彰化,2024-01-17,1028
2412,中華電,17,0,17,合庫-彰化,2024-01-17,1028
2014,中鴻,18,1,17,合庫-彰化,2024-01-17,1028
8085,福華,17,2,15,合庫-彰化,2024-01-17,1028
1503,士電,14,0,14,合庫-彰化,2024-01-17,1028
2329,華泰,16,2,14,合庫-彰化,2024-01-17,1028
2520,冠德,15,2,13,合庫-彰化,2024-01-17,1028
00680L,元大美債20正2,22,10,12,合庫-彰化,2024-01-17,1028
1326,台化,13,1,12,合庫-彰化,2024-01-17,1028
2356,英業達,18,6,12,合庫-彰化,2024-01-17,1028
3005,神基,12,0,12,合庫-彰化,2024-01-17,1028
1528,恩德,251,4,247,合庫-彰化,2024-01-18,1028
2888,新光金,117,0,117,合庫-彰化,2024-01-18,1028
00882,中信中國高股息,89,0,89,合庫-彰化,2024-01-18,1028
6120,達運,87,28,59,合庫-彰化,2024-01-18,1028
00679B,元大美債20年,45,1,44,合庫-彰化,2024-01-18,1028
00687B,國泰20年美債,50,6,44,合庫-彰化,2024-01-18,1028
1584,精剛,40,0,40,合庫-彰化,2024-01-18,1028
1718,中纖,40,0,40,合庫-彰化,2024-01-18,1028
2029,盛餘,32,0,32,合庫-彰化,2024-01-18,1028
2801,彰銀,28,0,28,合庫-彰化,2024-01-18,1028
2324,仁寶,24,2,22,合庫-彰化,2024-01-18,1028
3339,泰谷,26,4,22,合庫-彰化,2024-01-18,1028
2881,富邦金,22,0,22,合庫-彰化,2024-01-18,1028
00633L,富邦上証正2,20,0,20,合庫-彰化,2024-01-18,1028
1504,東元,20,0,20,合庫-彰化,2024-01-18,1028
5488,松普,19,0,19,合庫-彰化,2024-01-18,1028
00712,復華富時不動產,17,0,17,合庫-彰化,2024-01-18,1028
8024,佑華,17,0,17,合庫-彰化,2024-01-18,1028
00911,兆豐洲際半導體,15,0,15,合庫-彰化,2024-01-18,1028
2353,宏��,21,7,14,合庫-彰化,2024-01-18,1028
00929,復華台灣科技優息,104,90,14,合庫-彰化,2024-01-18,1028
0056,元大高股息,16,3,13,合庫-彰化,2024-01-18,1028
2882,國泰金,13,0,13,合庫-彰化,2024-01-18,1028
2486,一詮,13,1,12,合庫-彰化,2024-01-18,1028
3321,同泰,14,2,12,合庫-彰化,2024-01-18,1028
3576,聯合再生,12,0,12,合庫-彰化,2024-01-18,1028
9945,潤泰新,20,8,12,合庫-彰化,2024-01-18,1028
00923,群益台ESG低碳50,11,0,11,合庫-彰化,2024-01-18,1028
1301,台塑,11,0,11,合庫-彰化,2024-01-18,1028
6613,朋億*,11,0,11,合庫-彰化,2024-01-18,1028
4979,華星光,18,8,10,合庫-彰化,2024-01-18,1028
00636,國泰中國A50,10,0,10,合庫-彰化,2024-01-18,1028
00683L,期元大美元指正2,10,0,10,合庫-彰化,2024-01-18,1028
00706L,期元大S＆P日圓正2,10,0,10,合庫-彰化,2024-01-18,1028
00885,富邦越南,10,0,10,合庫-彰化,2024-01-18,1028
1536,和大,10,0,10,合庫-彰化,2024-01-18,1028
2427,三商電,10,0,10,合庫-彰化,2024-01-18,1028
2457,飛宏,10,0,10,合庫-彰化,2024-01-18,1028
4167,松瑞藥,10,0,10,合庫-彰化,2024-01-18,1028
6432,今展科,10,0,10,合庫-彰化,2024-01-18,1028
2002,中鋼,9,0,9,合庫-彰化,2024-01-18,1028
1303,南亞,9,1,8,合庫-彰化,2024-01-18,1028
2363,矽統,9,2,7,合庫-彰化,2024-01-18,1028
3231,緯創,22,15,7,合庫-彰化,2024-01-18,1028
1326,台化,8,1,7,合庫-彰化,2024-01-18,1028
00878,國泰永續高股息,24,17,7,合庫-彰化,2024-01-18,1028
00713,元大台灣高息低波,7,0,7,合庫-彰化,2024-01-18,1028
2014,中鴻,7,0,7,合庫-彰化,2024-01-18,1028
3051,力特,8,1,7,合庫-彰化,2024-01-18,1028
2884,玉山金,7,0,7,合庫-彰化,2024-01-18,1028
00715L,期街口布蘭特正2,350,3,347,合庫-彰化,2024-01-19,1028
5880,合庫金,229,25,204,合庫-彰化,2024-01-19,1028
00676R,富邦臺灣加權反1,200,0,200,合庫-彰化,2024-01-19,1028
00687B,國泰20年美債,103,1,102,合庫-彰化,2024-01-19,1028
6120,達運,112,16,96,合庫-彰化,2024-01-19,1028
00680L,元大美債20正2,59,0,59,合庫-彰化,2024-01-19,1028
00929,復華台灣科技優息,63,6,57,合庫-彰化,2024-01-19,1028
2344,華邦電,57,1,56,合庫-彰化,2024-01-19,1028
00937B,群益ESG投等債20,55,3,52,合庫-彰化,2024-01-19,1028
00900,富邦特選高股息30,52,1,51,合庫-彰化,2024-01-19,1028
00712,復華富時不動產,46,0,46,合庫-彰化,2024-01-19,1028
00632R,元大台灣50反1,35,0,35,合庫-彰化,2024-01-19,1028
1528,恩德,35,0,35,合庫-彰化,2024-01-19,1028
2618,長榮航,41,8,33,合庫-彰化,2024-01-19,1028
2014,中鴻,32,0,32,合庫-彰化,2024-01-19,1028
2368,金像電,31,0,31,合庫-彰化,2024-01-19,1028
1514,亞力,31,1,30,合庫-彰化,2024-01-19,1028
9938,百和,29,0,29,合庫-彰化,2024-01-19,1028
00931B,統一美債20年,26,0,26,合庫-彰化,2024-01-19,1028
2609,陽明,26,0,26,合庫-彰化,2024-01-19,1028
2029,盛餘,25,0,25,合庫-彰化,2024-01-19,1028
2002,中鋼,24,0,24,合庫-彰化,2024-01-19,1028
6432,今展科,23,0,23,合庫-彰化,2024-01-19,1028
3481,群創,70,48,22,合庫-彰化,2024-01-19,1028
00665L,富邦�琤肭磪囓�2,21,0,21,合庫-彰化,2024-01-19,1028
8936,國統,22,1,21,合庫-彰化,2024-01-19,1028
5009,榮剛,20,0,20,合庫-彰化,2024-01-19,1028
4960,誠美材,22,3,19,合庫-彰化,2024-01-19,1028
00679B,元大美債20年,20,1,19,合庫-彰化,2024-01-19,1028
2405,輔信,18,1,17,合庫-彰化,2024-01-19,1028
3580,友威科,17,0,17,合庫-彰化,2024-01-19,1028
00904,新光臺灣半導體30,16,0,16,合庫-彰化,2024-01-19,1028
6191,精成科,15,0,15,合庫-彰化,2024-01-19,1028
00919,群益台灣精選高息,19,4,15,合庫-彰化,2024-01-19,1028
2834,臺企銀,14,0,14,合庫-彰化,2024-01-19,1028
2303,聯電,14,1,13,合庫-彰化,2024-01-19,1028
1584,精剛,13,0,13,合庫-彰化,2024-01-19,1028
6770,力積電,13,0,13,合庫-彰化,2024-01-19,1028
4979,華星光,14,1,13,合庫-彰化,2024-01-19,1028
00751B,元大AAA至A公司債,12,0,12,合庫-彰化,2024-01-19,1028
2610,華航,12,0,12,合庫-彰化,2024-01-19,1028
1326,台化,21,10,11,合庫-彰化,2024-01-19,1028
2887,台新金,11,0,11,合庫-彰化,2024-01-19,1028
6933,AMAX-KY,11,0,11,合庫-彰化,2024-01-19,1028
8085,福華,12,1,11,合庫-彰化,2024-01-19,1028
2615,萬海,13,3,10,合庫-彰化,2024-01-19,1028
00706L,期元大S＆P日圓正2,10,0,10,合庫-彰化,2024-01-19,1028
1616,億泰,10,0,10,合庫-彰化,2024-01-19,1028
5521,工信,10,0,10,合庫-彰化,2024-01-19,1028
9941,裕融,10,0,10,合庫-彰化,2024-01-19,1028
3265,台星科,390,4,386,合庫-彰化,2024-01-22,1028
2618,長榮航,224,3,221,合庫-彰化,2024-01-22,1028
00929,復華台灣科技優息,203,0,203,合庫-彰化,2024-01-22,1028
2906,高林,188,12,176,合庫-彰化,2024-01-22,1028
2409,友達,107,2,105,合庫-彰化,2024-01-22,1028
5880,合庫金,101,2,99,合庫-彰化,2024-01-22,1028
8085,福華,70,0,70,合庫-彰化,2024-01-22,1028
00665L,富邦�琤肭磪囓�2,60,0,60,合庫-彰化,2024-01-22,1028
2887,台新金,57,0,57,合庫-彰化,2024-01-22,1028
00882,中信中國高股息,52,3,49,合庫-彰化,2024-01-22,1028
00919,群益台灣精選高息,47,0,47,合庫-彰化,2024-01-22,1028
2363,矽統,52,7,45,合庫-彰化,2024-01-22,1028
2029,盛餘,32,0,32,合庫-彰化,2024-01-22,1028
2889,國票金,31,1,30,合庫-彰化,2024-01-22,1028
00687B,國泰20年美債,30,0,30,合庫-彰化,2024-01-22,1028
4414,如興,25,0,25,合庫-彰化,2024-01-22,1028
6443,元晶,25,6,19,合庫-彰化,2024-01-22,1028
3232,昱捷,18,0,18,合庫-彰化,2024-01-22,1028
6933,AMAX-KY,22,4,18,合庫-彰化,2024-01-22,1028
2316,楠梓電,18,1,17,合庫-彰化,2024-01-22,1028
3597,映興,16,0,16,合庫-彰化,2024-01-22,1028
00688L,國泰20年美債正2,15,0,15,合庫-彰化,2024-01-22,1028
9938,百和,15,0,15,合庫-彰化,2024-01-22,1028
2609,陽明,50,35,15,合庫-彰化,2024-01-22,1028
00680L,元大美債20正2,13,0,13,合庫-彰化,2024-01-22,1028
3481,群創,15,2,13,合庫-彰化,2024-01-22,1028
00933B,國泰10Y+金融債,17,5,12,合庫-彰化,2024-01-22,1028
2462,良得電,12,0,12,合庫-彰化,2024-01-22,1028
3033,威健,18,6,12,合庫-彰化,2024-01-22,1028
006208,富邦台50,12,1,11,合庫-彰化,2024-01-22,1028
2636,台驊控股,12,1,11,合庫-彰化,2024-01-22,1028
00679B,元大美債20年,10,0,10,合庫-彰化,2024-01-22,1028
00881,國泰台灣5G+,16,6,10,合庫-彰化,2024-01-22,1028
00725B,國泰投資級公司債,10,0,10,合庫-彰化,2024-01-22,1028
00715L,期街口布蘭特正2,10,0,10,合庫-彰化,2024-01-22,1028
3090,日電貿,10,0,10,合庫-彰化,2024-01-22,1028
3580,友威科,11,1,10,合庫-彰化,2024-01-22,1028
9933,中鼎,10,0,10,合庫-彰化,2024-01-22,1028
1303,南亞,8,0,8,合庫-彰化,2024-01-22,1028
2603,長榮,12,4,8,合庫-彰化,2024-01-22,1028
2485,兆赫,11,3,8,合庫-彰化,2024-01-22,1028
3615,安可,8,0,8,合庫-彰化,2024-01-22,1028
6695,芯鼎,16,8,8,合庫-彰化,2024-01-22,1028
6139,亞翔,7,0,7,合庫-彰化,2024-01-22,1028
6188,廣明,7,0,7,合庫-彰化,2024-01-22,1028
1795,美時,6,0,6,合庫-彰化,2024-01-22,1028
3706,神達,62,56,6,合庫-彰化,2024-01-22,1028
2208,台船,6,0,6,合庫-彰化,2024-01-22,1028
3673,TPK-KY,6,0,6,合庫-彰化,2024-01-22,1028
5425,台半,7,1,6,合庫-彰化,2024-01-22,1028
3264,欣銓,571,0,571,合庫-彰化,2024-01-23,1028
00937B,群益ESG投等債20,175,5,170,合庫-彰化,2024-01-23,1028
3481,群創,145,65,80,合庫-彰化,2024-01-23,1028
3049,精金,34,0,34,合庫-彰化,2024-01-23,1028
8096,擎亞,32,3,29,合庫-彰化,2024-01-23,1028
00929,復華台灣科技優息,31,7,24,合庫-彰化,2024-01-23,1028
00632R,元大台灣50反1,20,0,20,合庫-彰化,2024-01-23,1028
4414,如興,20,0,20,合庫-彰化,2024-01-23,1028
2801,彰銀,20,1,19,合庫-彰化,2024-01-23,1028
2029,盛餘,16,0,16,合庫-彰化,2024-01-23,1028
2344,華邦電,23,8,15,合庫-彰化,2024-01-23,1028
00687B,國泰20年美債,15,1,14,合庫-彰化,2024-01-23,1028
2476,鉅祥,15,1,14,合庫-彰化,2024-01-23,1028
2887,台新金,13,0,13,合庫-彰化,2024-01-23,1028
3715,定穎投控,14,2,12,合庫-彰化,2024-01-23,1028
00933B,國泰10Y+金融債,12,1,11,合庫-彰化,2024-01-23,1028
2618,長榮航,11,0,11,合庫-彰化,2024-01-23,1028
00882,中信中國高股息,16,6,10,合庫-彰化,2024-01-23,1028
00753L,中信中國50正2,10,0,10,合庫-彰化,2024-01-23,1028
1451,年興,10,0,10,合庫-彰化,2024-01-23,1028
2615,萬海,10,0,10,合庫-彰化,2024-01-23,1028
3033,威健,11,1,10,合庫-彰化,2024-01-23,1028
3673,TPK-KY,11,1,10,合庫-彰化,2024-01-23,1028
5347,世界,10,0,10,合庫-彰化,2024-01-23,1028
6112,邁達特,10,0,10,合庫-彰化,2024-01-23,1028
3030,德律,10,1,9,合庫-彰化,2024-01-23,1028
1314,中石化,8,0,8,合庫-彰化,2024-01-23,1028
2636,台驊控股,8,0,8,合庫-彰化,2024-01-23,1028
3287,廣寰科,34,27,7,合庫-彰化,2024-01-23,1028
3504,揚明光,11,4,7,合庫-彰化,2024-01-23,1028
3580,友威科,7,0,7,合庫-彰化,2024-01-23,1028
6005,群益證,6,0,6,合庫-彰化,2024-01-23,1028
6679,鈺太,6,0,6,合庫-彰化,2024-01-23,1028
6770,力積電,6,0,6,合庫-彰化,2024-01-23,1028
6933,AMAX-KY,6,0,6,合庫-彰化,2024-01-23,1028
2356,英業達,60,54,6,合庫-彰化,2024-01-23,1028
00680L,元大美債20正2,5,0,5,合庫-彰化,2024-01-23,1028
00900,富邦特選高股息30,6,1,5,合庫-彰化,2024-01-23,1028
2002,中鋼,5,0,5,合庫-彰化,2024-01-23,1028
3045,台灣大,5,0,5,合庫-彰化,2024-01-23,1028
4707,磐亞,5,0,5,合庫-彰化,2024-01-23,1028
6120,達運,5,0,5,合庫-彰化,2024-01-23,1028
8028,昇陽半導體,5,0,5,合庫-彰化,2024-01-23,1028
8034,榮群,10,5,5,合庫-彰化,2024-01-23,1028
8054,安國,8,3,5,合庫-彰化,2024-01-23,1028
2022,聚亨,4,0,4,合庫-彰化,2024-01-23,1028
2329,華泰,8,4,4,合庫-彰化,2024-01-23,1028
2511,太子,4,0,4,合庫-彰化,2024-01-23,1028
2634,漢翔,4,0,4,合庫-彰化,2024-01-23,1028
2892,第一金,4,0,4,合庫-彰化,2024-01-23,1028
2409,友達,222,0,222,合庫-彰化,2024-01-24,1028
2634,漢翔,150,0,150,合庫-彰化,2024-01-24,1028
00937B,群益ESG投等債20,132,10,122,合庫-彰化,2024-01-24,1028
00679B,元大美債20年,93,0,93,合庫-彰化,2024-01-24,1028
3047,訊舟,80,1,79,合庫-彰化,2024-01-24,1028
2029,盛餘,59,0,59,合庫-彰化,2024-01-24,1028
3481,群創,67,10,57,合庫-彰化,2024-01-24,1028
5880,合庫金,57,2,55,合庫-彰化,2024-01-24,1028
2887,台新金,45,0,45,合庫-彰化,2024-01-24,1028
00929,復華台灣科技優息,74,35,39,合庫-彰化,2024-01-24,1028
00931B,統一美債20年,25,0,25,合庫-彰化,2024-01-24,1028
00680L,元大美債20正2,21,0,21,合庫-彰化,2024-01-24,1028
2369,菱生,70,50,20,合庫-彰化,2024-01-24,1028
5450,南良,20,0,20,合庫-彰化,2024-01-24,1028
2356,英業達,55,36,19,合庫-彰化,2024-01-24,1028
00687B,國泰20年美債,18,0,18,合庫-彰化,2024-01-24,1028
6116,彩晶,20,2,18,合庫-彰化,2024-01-24,1028
00927,群益半導體收益,17,0,17,合庫-彰化,2024-01-24,1028
5469,瀚宇博,16,0,16,合庫-彰化,2024-01-24,1028
910322,康師傅-DR,16,0,16,合庫-彰化,2024-01-24,1028
00637L,元大滬深300正2,15,0,15,合庫-彰化,2024-01-24,1028
3706,神達,15,1,14,合庫-彰化,2024-01-24,1028
3149,正達,17,4,13,合庫-彰化,2024-01-24,1028
00751B,元大AAA至A公司債,13,0,13,合庫-彰化,2024-01-24,1028
2610,華航,13,0,13,合庫-彰化,2024-01-24,1028
6695,芯鼎,16,3,13,合庫-彰化,2024-01-24,1028
00688L,國泰20年美債正2,12,0,12,合庫-彰化,2024-01-24,1028
3545,敦泰,24,12,12,合庫-彰化,2024-01-24,1028
6120,達運,11,0,11,合庫-彰化,2024-01-24,1028
00900,富邦特選高股息30,13,3,10,合庫-彰化,2024-01-24,1028
00683L,期元大美元指正2,10,0,10,合庫-彰化,2024-01-24,1028
00632R,元大台灣50反1,10,0,10,合庫-彰化,2024-01-24,1028
3504,揚明光,10,0,10,合庫-彰化,2024-01-24,1028
4906,正文,10,0,10,合庫-彰化,2024-01-24,1028
3006,晶豪科,16,7,9,合庫-彰化,2024-01-24,1028
3231,緯創,37,28,9,合庫-彰化,2024-01-24,1028
1584,精剛,8,0,8,合庫-彰化,2024-01-24,1028
2486,一詮,13,5,8,合庫-彰化,2024-01-24,1028
4714,永捷,8,0,8,合庫-彰化,2024-01-24,1028
2363,矽統,9,1,8,合庫-彰化,2024-01-24,1028
9105,泰金寶-DR,7,0,7,合庫-彰化,2024-01-24,1028
2891,中信金,7,0,7,合庫-彰化,2024-01-24,1028
00720B,元大投資級公司債,6,0,6,合庫-彰化,2024-01-24,1028
2739,寒舍,6,0,6,合庫-彰化,2024-01-24,1028
2867,三商壽,6,0,6,合庫-彰化,2024-01-24,1028
2884,玉山金,6,0,6,合庫-彰化,2024-01-24,1028
3031,佰鴻,6,0,6,合庫-彰化,2024-01-24,1028
3712,永崴投控,6,0,6,合庫-彰化,2024-01-24,1028
4979,華星光,7,1,6,合庫-彰化,2024-01-24,1028
00878,國泰永續高股息,13,7,6,合庫-彰化,2024-01-24,1028
6265,方土昶,477,0,477,合庫-彰化,2024-01-25,1028
8096,擎亞,323,59,264,合庫-彰化,2024-01-25,1028
2610,華航,93,3,90,合庫-彰化,2024-01-25,1028
3376,新日興,68,4,64,合庫-彰化,2024-01-25,1028
00687B,國泰20年美債,64,2,62,合庫-彰化,2024-01-25,1028
00751B,元大AAA至A公司債,60,0,60,合庫-彰化,2024-01-25,1028
4414,如興,60,0,60,合庫-彰化,2024-01-25,1028
2615,萬海,54,0,54,合庫-彰化,2024-01-25,1028
00935,野村臺灣新科技50,54,2,52,合庫-彰化,2024-01-25,1028
2515,中工,51,0,51,合庫-彰化,2024-01-25,1028
00679B,元大美債20年,51,2,49,合庫-彰化,2024-01-25,1028
00637L,元大滬深300正2,42,0,42,合庫-彰化,2024-01-25,1028
00753L,中信中國50正2,42,0,42,合庫-彰化,2024-01-25,1028
3231,緯創,137,95,42,合庫-彰化,2024-01-25,1028
00933B,國泰10Y+金融債,37,0,37,合庫-彰化,2024-01-25,1028
5478,智冠,37,2,35,合庫-彰化,2024-01-25,1028
3605,宏致,35,3,32,合庫-彰化,2024-01-25,1028
00720B,元大投資級公司債,29,0,29,合庫-彰化,2024-01-25,1028
00931B,統一美債20年,26,0,26,合庫-彰化,2024-01-25,1028
4938,和碩,25,0,25,合庫-彰化,2024-01-25,1028
00885,富邦越南,24,0,24,合庫-彰化,2024-01-25,1028
00937B,群益ESG投等債20,28,5,23,合庫-彰化,2024-01-25,1028
2002,中鋼,22,0,22,合庫-彰化,2024-01-25,1028
2029,盛餘,21,0,21,合庫-彰化,2024-01-25,1028
2887,台新金,21,0,21,合庫-彰化,2024-01-25,1028
00891,中信關鍵半導體,35,15,20,合庫-彰化,2024-01-25,1028
1514,亞力,23,3,20,合庫-彰化,2024-01-25,1028
2405,輔信,21,3,18,合庫-彰化,2024-01-25,1028
00633L,富邦上証正2,15,0,15,合庫-彰化,2024-01-25,1028
2484,希華,15,0,15,合庫-彰化,2024-01-25,1028
2368,金像電,25,11,14,合庫-彰化,2024-01-25,1028
00650L,復華香港正2,13,0,13,合庫-彰化,2024-01-25,1028
2609,陽明,14,1,13,合庫-彰化,2024-01-25,1028
3580,友威科,18,5,13,合庫-彰化,2024-01-25,1028
2543,皇昌,12,0,12,合庫-彰化,2024-01-25,1028
6167,久正,12,0,12,合庫-彰化,2024-01-25,1028
2363,矽統,11,0,11,合庫-彰化,2024-01-25,1028
2605,新興,11,0,11,合庫-彰化,2024-01-25,1028
2618,長榮航,12,1,11,合庫-彰化,2024-01-25,1028
3712,永崴投控,12,1,11,合庫-彰化,2024-01-25,1028
5469,瀚宇博,12,1,11,合庫-彰化,2024-01-25,1028
8040,九暘,11,0,11,合庫-彰化,2024-01-25,1028
00915,凱基優選高股息30,10,0,10,合庫-彰化,2024-01-25,1028
0061,元大寶滬深,10,0,10,合庫-彰化,2024-01-25,1028
00738U,期元大道瓊白銀,10,0,10,合庫-彰化,2024-01-25,1028
1451,年興,10,0,10,合庫-彰化,2024-01-25,1028
2023,燁輝,10,0,10,合庫-彰化,2024-01-25,1028
2034,允強,10,0,10,合庫-彰化,2024-01-25,1028
2367,燿華,10,0,10,合庫-彰化,2024-01-25,1028
4909,新復興,45,35,10,合庫-彰化,2024-01-25,1028
00673R,期元大S＆P原油反1,201,0,201,合庫-彰化,2024-01-26,1028
2324,仁寶,180,63,117,合庫-彰化,2024-01-26,1028
00687B,國泰20年美債,95,0,95,合庫-彰化,2024-01-26,1028
2303,聯電,136,46,90,合庫-彰化,2024-01-26,1028
00706L,期元大S＆P日圓正2,49,0,49,合庫-彰化,2024-01-26,1028
2029,盛餘,46,0,46,合庫-彰化,2024-01-26,1028
00919,群益台灣精選高息,55,10,45,合庫-彰化,2024-01-26,1028
1326,台化,43,0,43,合庫-彰化,2024-01-26,1028
2359,所羅門,40,0,40,合庫-彰化,2024-01-26,1028
00929,復華台灣科技優息,48,10,38,合庫-彰化,2024-01-26,1028
5009,榮剛,30,0,30,合庫-彰化,2024-01-26,1028
00637L,元大滬深300正2,23,0,23,合庫-彰化,2024-01-26,1028
1584,精剛,21,0,21,合庫-彰化,2024-01-26,1028
9105,泰金寶-DR,36,15,21,合庫-彰化,2024-01-26,1028
2887,台新金,20,0,20,合庫-彰化,2024-01-26,1028
8936,國統,25,5,20,合庫-彰化,2024-01-26,1028
00878,國泰永續高股息,20,1,19,合庫-彰化,2024-01-26,1028
5210,寶碩,19,0,19,合庫-彰化,2024-01-26,1028
3376,新日興,22,5,17,合庫-彰化,2024-01-26,1028
00937B,群益ESG投等債20,18,2,16,合庫-彰化,2024-01-26,1028
2618,長榮航,21,5,16,合庫-彰化,2024-01-26,1028
00882,中信中國高股息,14,0,14,合庫-彰化,2024-01-26,1028
2329,華泰,31,17,14,合庫-彰化,2024-01-26,1028
4414,如興,13,0,13,合庫-彰化,2024-01-26,1028
4938,和碩,46,33,13,合庫-彰化,2024-01-26,1028
3324,雙鴻,12,0,12,合庫-彰化,2024-01-26,1028
00688L,國泰20年美債正2,11,0,11,合庫-彰化,2024-01-26,1028
8040,九暘,11,0,11,合庫-彰化,2024-01-26,1028
2369,菱生,12,1,11,合庫-彰化,2024-01-26,1028
00636,國泰中國A50,10,0,10,合庫-彰化,2024-01-26,1028
00632R,元大台灣50反1,10,0,10,合庫-彰化,2024-01-26,1028
00725B,國泰投資級公司債,10,0,10,合庫-彰化,2024-01-26,1028
2374,佳能,10,0,10,合庫-彰化,2024-01-26,1028
2399,映泰,10,0,10,合庫-彰化,2024-01-26,1028
3354,律勝,14,4,10,合庫-彰化,2024-01-26,1028
3504,揚明光,10,0,10,合庫-彰化,2024-01-26,1028
3623,富晶通,63,53,10,合庫-彰化,2024-01-26,1028
6237,驊訊,12,2,10,合庫-彰化,2024-01-26,1028
8110,華東,17,7,10,合庫-彰化,2024-01-26,1028
00900,富邦特選高股息30,9,0,9,合庫-彰化,2024-01-26,1028
3605,宏致,10,1,9,合庫-彰化,2024-01-26,1028
6116,彩晶,9,0,9,合庫-彰化,2024-01-26,1028
00931B,統一美債20年,11,3,8,合庫-彰化,2024-01-26,1028
3312,弘憶股,8,0,8,合庫-彰化,2024-01-26,1028
2409,友達,9,2,7,合庫-彰化,2024-01-26,1028
3025,星通,7,0,7,合庫-彰化,2024-01-26,1028
6219,富旺,7,0,7,合庫-彰化,2024-01-26,1028
6265,方土昶,26,19,7,合庫-彰化,2024-01-26,1028
6695,芯鼎,7,0,7,合庫-彰化,2024-01-26,1028
8358,金居,7,0,7,合庫-彰化,2024-01-26,1028
00673R,期元大S＆P原油反1,506,0,506,合庫-彰化,2024-01-29,1028
2610,華航,150,66,84,合庫-彰化,2024-01-29,1028
2609,陽明,56,3,53,合庫-彰化,2024-01-29,1028
2374,佳能,60,10,50,合庫-彰化,2024-01-29,1028
00632R,元大台灣50反1,50,15,35,合庫-彰化,2024-01-29,1028
00937B,群益ESG投等債20,31,0,31,合庫-彰化,2024-01-29,1028
8096,擎亞,48,17,31,合庫-彰化,2024-01-29,1028
00687B,國泰20年美債,31,0,31,合庫-彰化,2024-01-29,1028
2303,聯電,32,4,28,合庫-彰化,2024-01-29,1028
00764B,群益25年美債,27,0,27,合庫-彰化,2024-01-29,1028
2431,聯昌,26,0,26,合庫-彰化,2024-01-29,1028
00931B,統一美債20年,23,0,23,合庫-彰化,2024-01-29,1028
00919,群益台灣精選高息,25,3,22,合庫-彰化,2024-01-29,1028
00680L,元大美債20正2,20,0,20,合庫-彰化,2024-01-29,1028
4414,如興,20,0,20,合庫-彰化,2024-01-29,1028
2337,旺宏,17,0,17,合庫-彰化,2024-01-29,1028
2887,台新金,15,0,15,合庫-彰化,2024-01-29,1028
2356,英業達,21,7,14,合庫-彰化,2024-01-29,1028
00720B,元大投資級公司債,14,0,14,合庫-彰化,2024-01-29,1028
3167,大量,17,3,14,合庫-彰化,2024-01-29,1028
8097,常珵,14,0,14,合庫-彰化,2024-01-29,1028
00637L,元大滬深300正2,18,5,13,合庫-彰化,2024-01-29,1028
6933,AMAX-KY,11,0,11,合庫-彰化,2024-01-29,1028
8069,元太,16,5,11,合庫-彰化,2024-01-29,1028
1809,中釉,10,0,10,合庫-彰化,2024-01-29,1028
2332,友訊,10,0,10,合庫-彰化,2024-01-29,1028
1313,聯成,10,1,9,合庫-彰化,2024-01-29,1028
1514,亞力,19,10,9,合庫-彰化,2024-01-29,1028
2354,鴻準,9,0,9,合庫-彰化,2024-01-29,1028
9105,泰金寶-DR,17,8,9,合庫-彰化,2024-01-29,1028
00933B,國泰10Y+金融債,8,0,8,合庫-彰化,2024-01-29,1028
00679B,元大美債20年,9,1,8,合庫-彰化,2024-01-29,1028
5469,瀚宇博,11,3,8,合庫-彰化,2024-01-29,1028
3128,昇銳,7,0,7,合庫-彰化,2024-01-29,1028
3687,歐買尬,8,1,7,合庫-彰化,2024-01-29,1028
8054,安國,13,6,7,合庫-彰化,2024-01-29,1028
3712,永崴投控,12,6,6,合庫-彰化,2024-01-29,1028
6196,帆宣,6,0,6,合庫-彰化,2024-01-29,1028
6509,聚和,6,0,6,合庫-彰化,2024-01-29,1028
00897,富邦基因免疫生技,5,0,5,合庫-彰化,2024-01-29,1028
1569,濱川,5,0,5,合庫-彰化,2024-01-29,1028
2243,宏旭-KY,5,0,5,合庫-彰化,2024-01-29,1028
2371,大同,5,0,5,合庫-彰化,2024-01-29,1028
2539,櫻花建,5,0,5,合庫-彰化,2024-01-29,1028
2884,玉山金,5,0,5,合庫-彰化,2024-01-29,1028
4402,郡都開發,5,0,5,合庫-彰化,2024-01-29,1028
4968,立積,7,2,5,合庫-彰化,2024-01-29,1028
6116,彩晶,5,0,5,合庫-彰化,2024-01-29,1028
6679,鈺太,5,0,5,合庫-彰化,2024-01-29,1028
00882,中信中國高股息,8,4,4,合庫-彰化,2024-01-29,1028
2365,昆盈,307,1,306,合庫-彰化,2024-01-30,1028
00673R,期元大S＆P原油反1,200,0,200,合庫-彰化,2024-01-30,1028
2883,凱基金,153,0,153,合庫-彰化,2024-01-30,1028
6265,方土昶,130,1,129,合庫-彰化,2024-01-30,1028
3047,訊舟,100,0,100,合庫-彰化,2024-01-30,1028
4909,新復興,107,11,96,合庫-彰化,2024-01-30,1028
2610,華航,62,0,62,合庫-彰化,2024-01-30,1028
2029,盛餘,54,0,54,合庫-彰化,2024-01-30,1028
00687B,國泰20年美債,41,0,41,合庫-彰化,2024-01-30,1028
5880,合庫金,35,0,35,合庫-彰化,2024-01-30,1028
00637L,元大滬深300正2,33,0,33,合庫-彰化,2024-01-30,1028
2409,友達,38,5,33,合庫-彰化,2024-01-30,1028
00688L,國泰20年美債正2,33,2,31,合庫-彰化,2024-01-30,1028
00715L,期街口布蘭特正2,27,0,27,合庫-彰化,2024-01-30,1028
4938,和碩,25,0,25,合庫-彰化,2024-01-30,1028
3167,大量,19,0,19,合庫-彰化,2024-01-30,1028
2834,臺企銀,18,0,18,合庫-彰化,2024-01-30,1028
00937B,群益ESG投等債20,21,5,16,合庫-彰化,2024-01-30,1028
3360,尚立,15,0,15,合庫-彰化,2024-01-30,1028
6116,彩晶,15,0,15,合庫-彰化,2024-01-30,1028
2363,矽統,16,2,14,合庫-彰化,2024-01-30,1028
2337,旺宏,14,0,14,合庫-彰化,2024-01-30,1028
2356,英業達,31,18,13,合庫-彰化,2024-01-30,1028
1815,富喬,12,0,12,合庫-彰化,2024-01-30,1028
2002,中鋼,12,0,12,合庫-彰化,2024-01-30,1028
6182,合晶,12,0,12,合庫-彰化,2024-01-30,1028
9105,泰金寶-DR,13,2,11,合庫-彰化,2024-01-30,1028
00753L,中信中國50正2,10,0,10,合庫-彰化,2024-01-30,1028
1736,喬山,10,0,10,合庫-彰化,2024-01-30,1028
2228,劍麟,10,0,10,合庫-彰化,2024-01-30,1028
2331,精英,10,0,10,合庫-彰化,2024-01-30,1028
2867,三商壽,10,0,10,合庫-彰化,2024-01-30,1028
3605,宏致,11,1,10,合庫-彰化,2024-01-30,1028
4414,如興,10,0,10,合庫-彰化,2024-01-30,1028
2243,宏旭-KY,10,1,9,合庫-彰化,2024-01-30,1028
8097,常珵,9,0,9,合庫-彰化,2024-01-30,1028
2634,漢翔,9,1,8,合庫-彰化,2024-01-30,1028
3694,海華,11,3,8,合庫-彰化,2024-01-30,1028
6679,鈺太,8,0,8,合庫-彰化,2024-01-30,1028
2369,菱生,15,8,7,合庫-彰化,2024-01-30,1028
2303,聯電,8,0,8,合庫-彰化,2024-01-30,1028
1584,精剛,7,0,7,合庫-彰化,2024-01-30,1028
2353,宏��,8,1,7,合庫-彰化,2024-01-30,1028
00919,群益台灣精選高息,14,7,7,合庫-彰化,2024-01-30,1028
1795,美時,7,1,6,合庫-彰化,2024-01-30,1028
00720B,元大投資級公司債,6,0,6,合庫-彰化,2024-01-30,1028
1569,濱川,6,0,6,合庫-彰化,2024-01-30,1028
2313,華通,14,8,6,合庫-彰化,2024-01-30,1028
2882,國泰金,6,0,6,合庫-彰化,2024-01-30,1028
3094,聯傑,7,1,6,合庫-彰化,2024-01-30,1028
00688L,國泰20年美債正2,121,0,121,合庫-彰化,2024-01-31,1028
2365,昆盈,81,2,79,合庫-彰化,2024-01-31,1028
3481,群創,264,210,54,合庫-彰化,2024-01-31,1028
2369,菱生,65,12,53,合庫-彰化,2024-01-31,1028
2867,三商壽,53,2,51,合庫-彰化,2024-01-31,1028
00632R,元大台灣50反1,35,0,35,合庫-彰化,2024-01-31,1028
00680L,元大美債20正2,29,0,29,合庫-彰化,2024-01-31,1028
3231,緯創,32,4,28,合庫-彰化,2024-01-31,1028
2610,華航,31,5,26,合庫-彰化,2024-01-31,1028
2308,台達電,24,0,24,合庫-彰化,2024-01-31,1028
00764B,群益25年美債,20,0,20,合庫-彰化,2024-01-31,1028
2390,云辰,20,0,20,合庫-彰化,2024-01-31,1028
1101,台泥,20,1,19,合庫-彰化,2024-01-31,1028
3535,晶彩科,50,31,19,合庫-彰化,2024-01-31,1028
2303,聯電,20,1,19,合庫-彰化,2024-01-31,1028
3712,永崴投控,18,0,18,合庫-彰化,2024-01-31,1028
1584,精剛,16,0,16,合庫-彰化,2024-01-31,1028
5263,智崴,14,0,14,合庫-彰化,2024-01-31,1028
2330,台積電,14,0,14,合庫-彰化,2024-01-31,1028
00882,中信中國高股息,15,2,13,合庫-彰化,2024-01-31,1028
2351,順德,13,0,13,合庫-彰化,2024-01-31,1028
2409,友達,21,8,13,合庫-彰化,2024-01-31,1028
2460,建通,13,0,13,合庫-彰化,2024-01-31,1028
6116,彩晶,12,0,12,合庫-彰化,2024-01-31,1028
3706,神達,17,5,12,合庫-彰化,2024-01-31,1028
5469,瀚宇博,13,2,11,合庫-彰化,2024-01-31,1028
00713,元大台灣高息低波,11,0,11,合庫-彰化,2024-01-31,1028
1301,台塑,10,0,10,合庫-彰化,2024-01-31,1028
00712,復華富時不動產,11,1,10,合庫-彰化,2024-01-31,1028
00720B,元大投資級公司債,10,0,10,合庫-彰化,2024-01-31,1028
2027,大成鋼,10,0,10,合庫-彰化,2024-01-31,1028
2352,佳世達,12,2,10,合庫-彰化,2024-01-31,1028
2402,毅嘉,10,0,10,合庫-彰化,2024-01-31,1028
3437,榮創,10,0,10,合庫-彰化,2024-01-31,1028
4414,如興,10,0,10,合庫-彰化,2024-01-31,1028
4960,誠美材,11,1,10,合庫-彰化,2024-01-31,1028
6282,康舒,10,1,9,合庫-彰化,2024-01-31,1028
2609,陽明,11,2,9,合庫-彰化,2024-01-31,1028
00933B,國泰10Y+金融債,8,0,8,合庫-彰化,2024-01-31,1028
2605,新興,8,0,8,合庫-彰化,2024-01-31,1028
3035,智原,11,3,8,合庫-彰化,2024-01-31,1028
00918,大華優利高填息30,7,0,7,合庫-彰化,2024-01-31,1028
3545,敦泰,7,0,7,合庫-彰化,2024-01-31,1028
3687,歐買尬,7,0,7,合庫-彰化,2024-01-31,1028
8059,凱碩,37,30,7,合庫-彰化,2024-01-31,1028
6695,芯鼎,23,16,7,合庫-彰化,2024-01-31,1028
00664R,國泰臺灣加權反1,6,0,6,合庫-彰化,2024-01-31,1028
1569,濱川,6,0,6,合庫-彰化,2024-01-31,1028
2405,輔信,6,0,6,合庫-彰化,2024-01-31,1028
2884,玉山金,6,0,6,合庫-彰化,2024-01-31,1028
6265,方土昶,354,21,333,合庫-彰化,2024-02-01,1028
5347,世界,101,0,101,合庫-彰化,2024-02-01,1028
00673R,期元大S＆P原油反1,100,0,100,合庫-彰化,2024-02-01,1028
6120,達運,66,0,66,合庫-彰化,2024-02-01,1028
00929,復華台灣科技優息,57,16,41,合庫-彰化,2024-02-01,1028
4956,光鋐,40,0,40,合庫-彰化,2024-02-01,1028
2368,金像電,40,5,35,合庫-彰化,2024-02-01,1028
00712,復華富時不動產,35,0,35,合庫-彰化,2024-02-01,1028
2409,友達,332,300,32,合庫-彰化,2024-02-01,1028
2431,聯昌,30,0,30,合庫-彰化,2024-02-01,1028
2303,聯電,30,5,25,合庫-彰化,2024-02-01,1028
3481,群創,48,28,20,合庫-彰化,2024-02-01,1028
6679,鈺太,21,1,20,合庫-彰化,2024-02-01,1028
00878,國泰永續高股息,21,3,18,合庫-彰化,2024-02-01,1028
2615,萬海,19,4,15,合庫-彰化,2024-02-01,1028
00919,群益台灣精選高息,18,4,14,合庫-彰化,2024-02-01,1028
2867,三商壽,16,2,14,合庫-彰化,2024-02-01,1028
3033,威健,17,4,13,合庫-彰化,2024-02-01,1028
00679B,元大美債20年,16,5,11,合庫-彰化,2024-02-01,1028
00720B,元大投資級公司債,11,0,11,合庫-彰化,2024-02-01,1028
3002,歐格,11,0,11,合庫-彰化,2024-02-01,1028
3504,揚明光,11,0,11,合庫-彰化,2024-02-01,1028
8071,能率網通,11,0,11,合庫-彰化,2024-02-01,1028
00882,中信中國高股息,10,0,10,合庫-彰化,2024-02-01,1028
1325,恆大,13,3,10,合庫-彰化,2024-02-01,1028
1451,年興,10,0,10,合庫-彰化,2024-02-01,1028
2020,美亞,10,0,10,合庫-彰化,2024-02-01,1028
2228,劍麟,10,0,10,合庫-彰化,2024-02-01,1028
3029,零壹,11,1,10,合庫-彰化,2024-02-01,1028
3354,律勝,10,0,10,合庫-彰化,2024-02-01,1028
3520,華盈,10,0,10,合庫-彰化,2024-02-01,1028
3673,TPK-KY,10,0,10,合庫-彰化,2024-02-01,1028
4414,如興,10,0,10,合庫-彰化,2024-02-01,1028
4707,磐亞,10,0,10,合庫-彰化,2024-02-01,1028
6933,AMAX-KY,10,0,10,合庫-彰化,2024-02-01,1028
8024,佑華,10,0,10,合庫-彰化,2024-02-01,1028
9105,泰金寶-DR,10,0,10,合庫-彰化,2024-02-01,1028
00937B,群益ESG投等債20,9,0,9,合庫-彰化,2024-02-01,1028
1582,信錦,10,1,9,合庫-彰化,2024-02-01,1028
2486,一詮,12,3,9,合庫-彰化,2024-02-01,1028
2329,華泰,9,1,8,合庫-彰化,2024-02-01,1028
2432,倚天酷��-創,8,0,8,合庫-彰化,2024-02-01,1028
8011,台通,12,4,8,合庫-彰化,2024-02-01,1028
3231,緯創,32,24,8,合庫-彰化,2024-02-01,1028
2405,輔信,7,0,7,合庫-彰化,2024-02-01,1028
6179,亞通,8,1,7,合庫-彰化,2024-02-01,1028
2609,陽明,12,5,7,合庫-彰化,2024-02-01,1028
2330,台積電,9,2,7,合庫-彰化,2024-02-01,1028
2457,飛宏,6,0,6,合庫-彰化,2024-02-01,1028
00688L,國泰20年美債正2,11,5,6,合庫-彰化,2024-02-01,1028
6120,達運,164,3,161,合庫-彰化,2024-02-02,1028
6265,方土昶,82,12,70,合庫-彰化,2024-02-02,1028
00929,復華台灣科技優息,69,2,67,合庫-彰化,2024-02-02,1028
2029,盛餘,53,0,53,合庫-彰化,2024-02-02,1028
00706L,期元大S＆P日圓正2,52,0,52,合庫-彰化,2024-02-02,1028
1514,亞力,52,1,51,合庫-彰化,2024-02-02,1028
00937B,群益ESG投等債20,57,9,48,合庫-彰化,2024-02-02,1028
00933B,國泰10Y+金融債,42,0,42,合庫-彰化,2024-02-02,1028
5210,寶碩,39,0,39,合庫-彰化,2024-02-02,1028
00632R,元大台灣50反1,30,0,30,合庫-彰化,2024-02-02,1028
5009,榮剛,86,57,29,合庫-彰化,2024-02-02,1028
1528,恩德,30,2,28,合庫-彰化,2024-02-02,1028
2303,聯電,25,0,25,合庫-彰化,2024-02-02,1028
6494,九齊,23,0,23,合庫-彰化,2024-02-02,1028
2365,昆盈,27,4,23,合庫-彰化,2024-02-02,1028
00919,群益台灣精選高息,22,0,22,合庫-彰化,2024-02-02,1028
00757,統一FANG+,22,0,22,合庫-彰化,2024-02-02,1028
00715L,期街口布蘭特正2,21,0,21,合庫-彰化,2024-02-02,1028
3055,蔚華科,26,6,20,合庫-彰化,2024-02-02,1028
6933,AMAX-KY,20,0,20,合庫-彰化,2024-02-02,1028
6806,森崴能源,22,3,19,合庫-彰化,2024-02-02,1028
4906,正文,18,0,18,合庫-彰化,2024-02-02,1028
2611,志信,16,0,16,合庫-彰化,2024-02-02,1028
6695,芯鼎,39,23,16,合庫-彰化,2024-02-02,1028
00712,復華富時不動產,15,0,15,合庫-彰化,2024-02-02,1028
3050,鈺德,20,5,15,合庫-彰化,2024-02-02,1028
2603,長榮,15,1,14,合庫-彰化,2024-02-02,1028
2353,宏��,19,5,14,合庫-彰化,2024-02-02,1028
6147,頎邦,14,0,14,合庫-彰化,2024-02-02,1028
6282,康舒,32,18,14,合庫-彰化,2024-02-02,1028
3294,英濟,15,2,13,合庫-彰化,2024-02-02,1028
5347,世界,13,0,13,合庫-彰化,2024-02-02,1028
3437,榮創,12,0,12,合庫-彰化,2024-02-02,1028
6185,幃翔,12,0,12,合庫-彰化,2024-02-02,1028
00720B,元大投資級公司債,11,0,11,合庫-彰化,2024-02-02,1028
2324,仁寶,12,2,10,合庫-彰化,2024-02-02,1028
00927,群益半導體收益,10,0,10,合庫-彰化,2024-02-02,1028
1802,台玻,10,0,10,合庫-彰化,2024-02-02,1028
2020,美亞,10,0,10,合庫-彰化,2024-02-02,1028
2355,敬鵬,11,1,10,合庫-彰化,2024-02-02,1028
2374,佳能,10,0,10,合庫-彰化,2024-02-02,1028
2431,聯昌,10,0,10,合庫-彰化,2024-02-02,1028
3702,大聯大,10,0,10,合庫-彰化,2024-02-02,1028
6243,迅杰,19,9,10,合庫-彰化,2024-02-02,1028
6770,力積電,10,0,10,合庫-彰化,2024-02-02,1028
2609,陽明,21,12,9,合庫-彰化,2024-02-02,1028
2362,藍天,9,0,9,合庫-彰化,2024-02-02,1028
2363,矽統,11,3,8,合庫-彰化,2024-02-02,1028
00878,國泰永續高股息,13,6,7,合庫-彰化,2024-02-02,1028
00882,中信中國高股息,8,1,7,合庫-彰化,2024-02-02,1028
2390,云辰,328,0,328,合庫-彰化,2024-02-05,1028
2888,新光金,302,8,294,合庫-彰化,2024-02-05,1028
00715L,期街口布蘭特正2,261,0,261,合庫-彰化,2024-02-05,1028
3535,晶彩科,97,7,90,合庫-彰化,2024-02-05,1028
2029,盛餘,85,0,85,合庫-彰化,2024-02-05,1028
00929,復華台灣科技優息,72,0,72,合庫-彰化,2024-02-05,1028
2324,仁寶,131,71,60,合庫-彰化,2024-02-05,1028
2886,兆豐金,61,3,58,合庫-彰化,2024-02-05,1028
1584,精剛,55,0,55,合庫-彰化,2024-02-05,1028
00706L,期元大S＆P日圓正2,50,0,50,合庫-彰化,2024-02-05,1028
00712,復華富時不動產,48,0,48,合庫-彰化,2024-02-05,1028
00680L,元大美債20正2,55,10,45,合庫-彰化,2024-02-05,1028
2884,玉山金,40,0,40,合庫-彰化,2024-02-05,1028
5210,寶碩,40,0,40,合庫-彰化,2024-02-05,1028
2303,聯電,46,7,39,合庫-彰化,2024-02-05,1028
2208,台船,36,6,30,合庫-彰化,2024-02-05,1028
00882,中信中國高股息,32,3,29,合庫-彰化,2024-02-05,1028
1605,華新,29,0,29,合庫-彰化,2024-02-05,1028
00764B,群益25年美債,28,0,28,合庫-彰化,2024-02-05,1028
2002,中鋼,30,3,27,合庫-彰化,2024-02-05,1028
6494,九齊,25,0,25,合庫-彰化,2024-02-05,1028
4303,信立,24,0,24,合庫-彰化,2024-02-05,1028
00919,群益台灣精選高息,26,2,24,合庫-彰化,2024-02-05,1028
2883,凱基金,26,3,23,合庫-彰化,2024-02-05,1028
00665L,富邦�琤肭磪囓�2,22,0,22,合庫-彰化,2024-02-05,1028
3481,群創,22,0,22,合庫-彰化,2024-02-05,1028
6285,啟��,21,0,21,合庫-彰化,2024-02-05,1028
00632R,元大台灣50反1,20,0,20,合庫-彰化,2024-02-05,1028
1718,中纖,20,0,20,合庫-彰化,2024-02-05,1028
1806,冠軍,20,0,20,合庫-彰化,2024-02-05,1028
2363,矽統,21,1,20,合庫-彰化,2024-02-05,1028
00937B,群益ESG投等債20,29,10,19,合庫-彰化,2024-02-05,1028
00687B,國泰20年美債,48,30,18,合庫-彰化,2024-02-05,1028
6416,瑞祺電通,18,0,18,合庫-彰化,2024-02-05,1028
4938,和碩,16,0,16,合庫-彰化,2024-02-05,1028
1808,潤隆,16,0,16,合庫-彰化,2024-02-05,1028
00751B,元大AAA至A公司債,16,1,15,合庫-彰化,2024-02-05,1028
1514,亞力,14,0,14,合庫-彰化,2024-02-05,1028
2344,華邦電,14,0,14,合庫-彰化,2024-02-05,1028
6282,康舒,15,1,14,合庫-彰化,2024-02-05,1028
8096,擎亞,17,3,14,合庫-彰化,2024-02-05,1028
2887,台新金,14,0,14,合庫-彰化,2024-02-05,1028
5009,榮剛,13,0,13,合庫-彰化,2024-02-05,1028
6446,藥華藥,12,0,12,合庫-彰化,2024-02-05,1028
2365,昆盈,26,14,12,合庫-彰化,2024-02-05,1028
1101,台泥,13,1,12,合庫-彰化,2024-02-05,1028
3707,漢磊,11,0,11,合庫-彰化,2024-02-05,1028
8996,高力,13,2,11,合庫-彰化,2024-02-05,1028
9110,越南控-DR,11,0,11,合庫-彰化,2024-02-05,1028
00688L,國泰20年美債正2,10,0,10,合庫-彰化,2024-02-05,1028
00673R,期元大S＆P原油反1,201,0,201,合庫-彰化,2024-02-15,1028
00687B,國泰20年美債,198,1,197,合庫-彰化,2024-02-15,1028
2365,昆盈,197,31,166,合庫-彰化,2024-02-15,1028
2390,云辰,150,0,150,合庫-彰化,2024-02-15,1028
4714,永捷,140,5,135,合庫-彰化,2024-02-15,1028
00931B,統一美債20年,99,1,98,合庫-彰化,2024-02-15,1028
00712,復華富時不動產,82,0,82,合庫-彰化,2024-02-15,1028
00680L,元大美債20正2,82,0,82,合庫-彰化,2024-02-15,1028
8085,福華,78,0,78,合庫-彰化,2024-02-15,1028
2618,長榮航,87,14,73,合庫-彰化,2024-02-15,1028
2610,華航,67,1,66,合庫-彰化,2024-02-15,1028
00679B,元大美債20年,60,0,60,合庫-彰化,2024-02-15,1028
00937B,群益ESG投等債20,67,8,59,合庫-彰化,2024-02-15,1028
2029,盛餘,56,0,56,合庫-彰化,2024-02-15,1028
5210,寶碩,55,2,53,合庫-彰化,2024-02-15,1028
00632R,元大台灣50反1,45,0,45,合庫-彰化,2024-02-15,1028
5706,鳳凰,45,0,45,合庫-彰化,2024-02-15,1028
00720B,元大投資級公司債,43,0,43,合庫-彰化,2024-02-15,1028
2344,華邦電,43,0,43,合庫-彰化,2024-02-15,1028
00751B,元大AAA至A公司債,43,2,41,合庫-彰化,2024-02-15,1028
3481,群創,112,71,41,合庫-彰化,2024-02-15,1028
3294,英濟,41,4,37,合庫-彰化,2024-02-15,1028
4938,和碩,36,2,34,合庫-彰化,2024-02-15,1028
4303,信立,42,9,33,合庫-彰化,2024-02-15,1028
00706L,期元大S＆P日圓正2,30,0,30,合庫-彰化,2024-02-15,1028
1312,國喬,30,0,30,合庫-彰化,2024-02-15,1028
8936,國統,31,1,30,合庫-彰化,2024-02-15,1028
2313,華通,24,2,22,合庫-彰化,2024-02-15,1028
2025,千興,25,4,21,合庫-彰化,2024-02-15,1028
6446,藥華藥,21,0,21,合庫-彰化,2024-02-15,1028
00688L,國泰20年美債正2,28,8,20,合庫-彰化,2024-02-15,1028
2443,昶虹,20,0,20,合庫-彰化,2024-02-15,1028
6216,居易,20,0,20,合庫-彰化,2024-02-15,1028
2002,中鋼,17,0,17,合庫-彰化,2024-02-15,1028
00738U,期元大道瓊白銀,15,0,15,合庫-彰化,2024-02-15,1028
2331,精英,15,0,15,合庫-彰化,2024-02-15,1028
9105,泰金寶-DR,15,0,15,合庫-彰化,2024-02-15,1028
2838,聯邦銀,14,0,14,合庫-彰化,2024-02-15,1028
00725B,國泰投資級公司債,12,0,12,合庫-彰化,2024-02-15,1028
00722B,群益投資級電信債,12,0,12,合庫-彰化,2024-02-15,1028
00764B,群益25年美債,12,0,12,合庫-彰化,2024-02-15,1028
2303,聯電,17,5,12,合庫-彰化,2024-02-15,1028
2328,廣宇,13,1,12,合庫-彰化,2024-02-15,1028
6770,力積電,13,1,12,合庫-彰化,2024-02-15,1028
00795B,中信美國公債20年,11,0,11,合庫-彰化,2024-02-15,1028
00882,中信中國高股息,13,3,10,合庫-彰化,2024-02-15,1028
00683L,期元大美元指正2,10,0,10,合庫-彰化,2024-02-15,1028
1909,榮成,11,1,10,合庫-彰化,2024-02-15,1028
3202,樺晟,10,0,10,合庫-彰化,2024-02-15,1028
2408,南亞科,9,0,9,合庫-彰化,2024-02-15,1028
00673R,期元大S＆P原油反1,703,0,703,合庫-彰化,2024-02-16,1028
00665L,富邦�琤肭磪囓�2,300,0,300,合庫-彰化,2024-02-16,1028
2029,盛餘,119,7,112,合庫-彰化,2024-02-16,1028
8059,凱碩,101,0,101,合庫-彰化,2024-02-16,1028
00929,復華台灣科技優息,197,105,92,合庫-彰化,2024-02-16,1028
00937B,群益ESG投等債20,91,20,71,合庫-彰化,2024-02-16,1028
3047,訊舟,60,1,59,合庫-彰化,2024-02-16,1028
5488,松普,52,0,52,合庫-彰化,2024-02-16,1028
00687B,國泰20年美債,49,0,49,合庫-彰化,2024-02-16,1028
2426,鼎元,48,0,48,合庫-彰化,2024-02-16,1028
00680L,元大美債20正2,46,3,43,合庫-彰化,2024-02-16,1028
4714,永捷,42,0,42,合庫-彰化,2024-02-16,1028
00753L,中信中國50正2,41,0,41,合庫-彰化,2024-02-16,1028
00795B,中信美國公債20年,40,0,40,合庫-彰化,2024-02-16,1028
00919,群益台灣精選高息,48,10,38,合庫-彰化,2024-02-16,1028
2368,金像電,37,3,34,合庫-彰化,2024-02-16,1028
00679B,元大美債20年,37,6,31,合庫-彰化,2024-02-16,1028
1805,寶徠,30,0,30,合庫-彰化,2024-02-16,1028
3535,晶彩科,35,5,30,合庫-彰化,2024-02-16,1028
1808,潤隆,27,0,27,合庫-彰化,2024-02-16,1028
1101,台泥,25,0,25,合庫-彰化,2024-02-16,1028
9904,寶成,73,48,25,合庫-彰化,2024-02-16,1028
6125,廣運,30,7,23,合庫-彰化,2024-02-16,1028
6126,信音,29,7,22,合庫-彰化,2024-02-16,1028
3044,健鼎,22,1,21,合庫-彰化,2024-02-16,1028
00931B,統一美債20年,20,0,20,合庫-彰化,2024-02-16,1028
00933B,國泰10Y+金融債,19,0,19,合庫-彰化,2024-02-16,1028
1524,耿鼎,29,12,17,合庫-彰化,2024-02-16,1028
1569,濱川,17,0,17,合庫-彰化,2024-02-16,1028
3234,光環,18,1,17,合庫-彰化,2024-02-16,1028
6179,亞通,17,0,17,合庫-彰化,2024-02-16,1028
6695,芯鼎,65,49,16,合庫-彰化,2024-02-16,1028
2884,玉山金,17,2,15,合庫-彰化,2024-02-16,1028
00712,復華富時不動產,17,2,15,合庫-彰化,2024-02-16,1028
2641,正德,15,0,15,合庫-彰化,2024-02-16,1028
2303,聯電,21,6,15,合庫-彰化,2024-02-16,1028
2888,新光金,19,6,13,合庫-彰化,2024-02-16,1028
3556,禾瑞亞,13,0,13,合庫-彰化,2024-02-16,1028
2330,台積電,14,2,12,合庫-彰化,2024-02-16,1028
4401,東隆興,11,0,11,合庫-彰化,2024-02-16,1028
1809,中釉,14,4,10,合庫-彰化,2024-02-16,1028
2305,全友,10,0,10,合庫-彰化,2024-02-16,1028
4105,東洋,10,0,10,合庫-彰化,2024-02-16,1028
4414,如興,10,0,10,合庫-彰化,2024-02-16,1028
6109,亞元,10,0,10,合庫-彰化,2024-02-16,1028
3545,敦泰,10,0,10,合庫-彰化,2024-02-16,1028
3035,智原,24,14,10,合庫-彰化,2024-02-16,1028
5880,合庫金,16,7,9,合庫-彰化,2024-02-16,1028
3231,緯創,35,26,9,合庫-彰化,2024-02-16,1028
00720B,元大投資級公司債,9,0,9,合庫-彰化,2024-02-16,1028
1806,冠軍,602,5,597,合庫-彰化,2024-02-19,1028
00665L,富邦�琤肭磪囓�2,800,502,298,合庫-彰化,2024-02-19,1028
00673R,期元大S＆P原油反1,151,0,151,合庫-彰化,2024-02-19,1028
00937B,群益ESG投等債20,117,1,116,合庫-彰化,2024-02-19,1028
2356,英業達,125,35,90,合庫-彰化,2024-02-19,1028
1316,上曜,48,5,43,合庫-彰化,2024-02-19,1028
00679B,元大美債20年,42,3,39,合庫-彰化,2024-02-19,1028
00933B,國泰10Y+金融債,39,0,39,合庫-彰化,2024-02-19,1028
00878,國泰永續高股息,54,15,39,合庫-彰化,2024-02-19,1028
00919,群益台灣精選高息,35,4,31,合庫-彰化,2024-02-19,1028
2405,輔信,31,2,29,合庫-彰化,2024-02-19,1028
4714,永捷,28,3,25,合庫-彰化,2024-02-19,1028
4938,和碩,30,5,25,合庫-彰化,2024-02-19,1028
5244,弘凱,25,0,25,合庫-彰化,2024-02-19,1028
2605,新興,31,7,24,合庫-彰化,2024-02-19,1028
4438,廣越,24,0,24,合庫-彰化,2024-02-19,1028
5426,振發,35,12,23,合庫-彰化,2024-02-19,1028
1503,士電,23,0,23,合庫-彰化,2024-02-19,1028
00891,中信關鍵半導體,22,0,22,合庫-彰化,2024-02-19,1028
3047,訊舟,24,2,22,合庫-彰化,2024-02-19,1028
3322,建舜電,22,0,22,合庫-彰化,2024-02-19,1028
3035,智原,26,4,22,合庫-彰化,2024-02-19,1028
2353,宏��,26,5,21,合庫-彰化,2024-02-19,1028
00687B,國泰20年美債,22,1,21,合庫-彰化,2024-02-19,1028
00706L,期元大S＆P日圓正2,20,0,20,合庫-彰化,2024-02-19,1028
2867,三商壽,30,10,20,合庫-彰化,2024-02-19,1028
6226,光鼎,20,0,20,合庫-彰化,2024-02-19,1028
9921,巨大,20,0,20,合庫-彰化,2024-02-19,1028
3231,緯創,36,17,19,合庫-彰化,2024-02-19,1028
2303,聯電,22,4,18,合庫-彰化,2024-02-19,1028
2368,金像電,35,19,16,合庫-彰化,2024-02-19,1028
00882,中信中國高股息,16,0,16,合庫-彰化,2024-02-19,1028
2367,燿華,16,0,16,合庫-彰化,2024-02-19,1028
3013,晟銘電,16,0,16,合庫-彰化,2024-02-19,1028
6104,創惟,16,0,16,合庫-彰化,2024-02-19,1028
6469,大樹,16,0,16,合庫-彰化,2024-02-19,1028
1584,精剛,15,0,15,合庫-彰化,2024-02-19,1028
1815,富喬,35,20,15,合庫-彰化,2024-02-19,1028
2888,新光金,15,0,15,合庫-彰化,2024-02-19,1028
3059,華晶科,16,2,14,合庫-彰化,2024-02-19,1028
6245,立端,14,0,14,合庫-彰化,2024-02-19,1028
3005,神基,13,0,13,合庫-彰化,2024-02-19,1028
3715,定穎投控,13,0,13,合庫-彰化,2024-02-19,1028
2610,華航,12,0,12,合庫-彰化,2024-02-19,1028
6136,富爾特,12,0,12,合庫-彰化,2024-02-19,1028
3437,榮創,27,16,11,合庫-彰化,2024-02-19,1028
00931B,統一美債20年,11,0,11,合庫-彰化,2024-02-19,1028
2208,台船,13,2,11,合庫-彰化,2024-02-19,1028
2313,華通,12,1,11,合庫-彰化,2024-02-19,1028
2355,敬鵬,18,7,11,合庫-彰化,2024-02-19,1028
1455,集盛,631,3,628,合庫-彰化,2024-02-20,1028
00673R,期元大S＆P原油反1,201,0,201,合庫-彰化,2024-02-20,1028
2362,藍天,132,0,132,合庫-彰化,2024-02-20,1028
8097,常珵,103,15,88,合庫-彰化,2024-02-20,1028
00937B,群益ESG投等債20,67,0,67,合庫-彰化,2024-02-20,1028
3047,訊舟,83,22,61,合庫-彰化,2024-02-20,1028
4414,如興,60,1,59,合庫-彰化,2024-02-20,1028
2610,華航,59,0,59,合庫-彰化,2024-02-20,1028
1316,上曜,69,14,55,合庫-彰化,2024-02-20,1028
8150,南茂,55,0,55,合庫-彰化,2024-02-20,1028
00931B,統一美債20年,42,1,41,合庫-彰化,2024-02-20,1028
2369,菱生,86,50,36,合庫-彰化,2024-02-20,1028
2405,輔信,67,33,34,合庫-彰化,2024-02-20,1028
2029,盛餘,29,0,29,合庫-彰化,2024-02-20,1028
5521,工信,29,0,29,合庫-彰化,2024-02-20,1028
1805,寶徠,27,0,27,合庫-彰化,2024-02-20,1028
3264,欣銓,27,0,27,合庫-彰化,2024-02-20,1028
2316,楠梓電,25,0,25,合庫-彰化,2024-02-20,1028
00933B,國泰10Y+金融債,24,0,24,合庫-彰化,2024-02-20,1028
4960,誠美材,23,0,23,合庫-彰化,2024-02-20,1028
2812,台中銀,21,0,21,合庫-彰化,2024-02-20,1028
8936,國統,21,1,20,合庫-彰化,2024-02-20,1028
00679B,元大美債20年,18,0,18,合庫-彰化,2024-02-20,1028
3663,鑫科,15,0,15,合庫-彰化,2024-02-20,1028
00795B,中信美國公債20年,14,0,14,合庫-彰化,2024-02-20,1028
1605,華新,14,0,14,合庫-彰化,2024-02-20,1028
2331,精英,14,0,14,合庫-彰化,2024-02-20,1028
1449,佳和,15,1,14,合庫-彰化,2024-02-20,1028
2528,皇普,13,0,13,合庫-彰化,2024-02-20,1028
3231,緯創,29,16,13,合庫-彰化,2024-02-20,1028
6136,富爾特,13,0,13,合庫-彰化,2024-02-20,1028
9933,中鼎,13,0,13,合庫-彰化,2024-02-20,1028
3501,維熹,12,0,12,合庫-彰化,2024-02-20,1028
00712,復華富時不動產,11,0,11,合庫-彰化,2024-02-20,1028
00915,凱基優選高股息30,11,0,11,合庫-彰化,2024-02-20,1028
1517,利奇,11,0,11,合庫-彰化,2024-02-20,1028
5706,鳳凰,11,0,11,合庫-彰化,2024-02-20,1028
5347,世界,10,0,10,合庫-彰化,2024-02-20,1028
1231,聯華食,10,0,10,合庫-彰化,2024-02-20,1028
1568,倉佑,11,1,10,合庫-彰化,2024-02-20,1028
1806,冠軍,11,1,10,合庫-彰化,2024-02-20,1028
2020,美亞,10,0,10,合庫-彰化,2024-02-20,1028
3363,上詮,29,19,10,合庫-彰化,2024-02-20,1028
3504,揚明光,10,0,10,合庫-彰化,2024-02-20,1028
4905,台聯電,10,0,10,合庫-彰化,2024-02-20,1028
6226,光鼎,10,0,10,合庫-彰化,2024-02-20,1028
6443,元晶,10,0,10,合庫-彰化,2024-02-20,1028
8354,冠好,10,0,10,合庫-彰化,2024-02-20,1028
8477,創業家,10,0,10,合庫-彰化,2024-02-20,1028
2458,義隆,10,1,9,合庫-彰化,2024-02-20,1028
1455,集盛,400,2,398,合庫-彰化,2024-02-21,1028
2605,新興,241,22,219,合庫-彰化,2024-02-21,1028
00919,群益台灣精選高息,197,51,146,合庫-彰化,2024-02-21,1028
2489,瑞軒,208,64,144,合庫-彰化,2024-02-21,1028
3290,東浦,100,0,100,合庫-彰化,2024-02-21,1028
00933B,國泰10Y+金融債,84,0,84,合庫-彰化,2024-02-21,1028
2883,凱基金,89,6,83,合庫-彰化,2024-02-21,1028
2882,國泰金,61,0,61,合庫-彰化,2024-02-21,1028
1336,台翰,60,0,60,合庫-彰化,2024-02-21,1028
6282,康舒,59,1,58,合庫-彰化,2024-02-21,1028
00929,復華台灣科技優息,70,17,53,合庫-彰化,2024-02-21,1028
00937B,群益ESG投等債20,38,0,38,合庫-彰化,2024-02-21,1028
3231,緯創,54,17,37,合庫-彰化,2024-02-21,1028
00878,國泰永續高股息,40,3,37,合庫-彰化,2024-02-21,1028
3363,上詮,69,33,36,合庫-彰化,2024-02-21,1028
00680L,元大美債20正2,30,0,30,合庫-彰化,2024-02-21,1028
8150,南茂,30,0,30,合庫-彰化,2024-02-21,1028
2301,光寶科,34,4,30,合庫-彰化,2024-02-21,1028
00637L,元大滬深300正2,52,23,29,合庫-彰化,2024-02-21,1028
00687B,國泰20年美債,25,1,24,合庫-彰化,2024-02-21,1028
8097,常珵,26,3,23,合庫-彰化,2024-02-21,1028
2886,兆豐金,25,4,21,合庫-彰化,2024-02-21,1028
00753L,中信中國50正2,21,0,21,合庫-彰化,2024-02-21,1028
3376,新日興,24,3,21,合庫-彰化,2024-02-21,1028
2303,聯電,22,1,21,合庫-彰化,2024-02-21,1028
2609,陽明,47,27,20,合庫-彰化,2024-02-21,1028
00751B,元大AAA至A公司債,22,2,20,合庫-彰化,2024-02-21,1028
2617,台航,21,1,20,合庫-彰化,2024-02-21,1028
2641,正德,20,0,20,合庫-彰化,2024-02-21,1028
00665L,富邦�琤肭磪囓�2,18,0,18,合庫-彰化,2024-02-21,1028
00795B,中信美國公債20年,18,0,18,合庫-彰化,2024-02-21,1028
2606,裕民,19,1,18,合庫-彰化,2024-02-21,1028
2337,旺宏,16,0,16,合庫-彰化,2024-02-21,1028
5521,工信,26,10,16,合庫-彰化,2024-02-21,1028
00712,復華富時不動產,15,0,15,合庫-彰化,2024-02-21,1028
6233,旺玖,20,5,15,合庫-彰化,2024-02-21,1028
00679B,元大美債20年,13,0,13,合庫-彰化,2024-02-21,1028
2367,燿華,13,0,13,合庫-彰化,2024-02-21,1028
6292,迅德,12,0,12,合庫-彰化,2024-02-21,1028
8930,青鋼,12,0,12,合庫-彰化,2024-02-21,1028
2330,台積電,12,1,11,合庫-彰化,2024-02-21,1028
6806,森崴能源,12,1,11,合庫-彰化,2024-02-21,1028
2312,金寶,16,5,11,合庫-彰化,2024-02-21,1028
1568,倉佑,11,1,10,合庫-彰化,2024-02-21,1028
2258,鴻華先進-創,10,0,10,合庫-彰化,2024-02-21,1028
2332,友訊,10,0,10,合庫-彰化,2024-02-21,1028
3167,大量,10,0,10,合庫-彰化,2024-02-21,1028
3264,欣銓,10,0,10,合庫-彰化,2024-02-21,1028
3265,台星科,10,0,10,合庫-彰化,2024-02-21,1028
3679,新至陞,10,0,10,合庫-彰化,2024-02-21,1028
2489,瑞軒,277,1,276,合庫-彰化,2024-02-22,1028
00931B,統一美債20年,107,0,107,合庫-彰化,2024-02-22,1028
3290,東浦,100,0,100,合庫-彰化,2024-02-22,1028
2062,橋椿,97,4,93,合庫-彰化,2024-02-22,1028
2618,長榮航,86,3,83,合庫-彰化,2024-02-22,1028
3047,訊舟,70,0,70,合庫-彰化,2024-02-22,1028
3363,上詮,81,28,53,合庫-彰化,2024-02-22,1028
8150,南茂,53,0,53,合庫-彰化,2024-02-22,1028
00933B,國泰10Y+金融債,46,0,46,合庫-彰化,2024-02-22,1028
00687B,國泰20年美債,43,1,42,合庫-彰化,2024-02-22,1028
1336,台翰,40,0,40,合庫-彰化,2024-02-22,1028
3231,緯創,47,11,36,合庫-彰化,2024-02-22,1028
00937B,群益ESG投等債20,36,1,35,合庫-彰化,2024-02-22,1028
1524,耿鼎,39,5,34,合庫-彰化,2024-02-22,1028
2460,建通,49,18,31,合庫-彰化,2024-02-22,1028
1815,富喬,33,3,30,合庫-彰化,2024-02-22,1028
2605,新興,28,1,27,合庫-彰化,2024-02-22,1028
3520,華盈,27,0,27,合庫-彰化,2024-02-22,1028
00712,復華富時不動產,26,0,26,合庫-彰化,2024-02-22,1028
2369,菱生,41,15,26,合庫-彰化,2024-02-22,1028
6233,旺玖,27,2,25,合庫-彰化,2024-02-22,1028
00679B,元大美債20年,24,0,24,合庫-彰化,2024-02-22,1028
2610,華航,24,0,24,合庫-彰化,2024-02-22,1028
3715,定穎投控,28,4,24,合庫-彰化,2024-02-22,1028
00795B,中信美國公債20年,23,0,23,合庫-彰化,2024-02-22,1028
2356,英業達,40,17,23,合庫-彰化,2024-02-22,1028
2317,鴻海,22,0,22,合庫-彰化,2024-02-22,1028
6578,達邦蛋白,20,0,20,合庫-彰化,2024-02-22,1028
4938,和碩,20,1,19,合庫-彰化,2024-02-22,1028
00919,群益台灣精選高息,42,24,18,合庫-彰化,2024-02-22,1028
00885,富邦越南,24,6,18,合庫-彰化,2024-02-22,1028
00637L,元大滬深300正2,17,0,17,合庫-彰化,2024-02-22,1028
2020,美亞,17,0,17,合庫-彰化,2024-02-22,1028
2421,建準,19,3,16,合庫-彰化,2024-02-22,1028
2303,聯電,19,3,16,合庫-彰化,2024-02-22,1028
00680L,元大美債20正2,16,0,16,合庫-彰化,2024-02-22,1028
3481,群創,16,0,16,合庫-彰化,2024-02-22,1028
2029,盛餘,15,0,15,合庫-彰化,2024-02-22,1028
5608,四維航,15,0,15,合庫-彰化,2024-02-22,1028
6226,光鼎,15,0,15,合庫-彰化,2024-02-22,1028
3006,晶豪科,14,0,14,合庫-彰化,2024-02-22,1028
2368,金像電,24,10,14,合庫-彰化,2024-02-22,1028
1513,中興電,16,2,14,合庫-彰化,2024-02-22,1028
8105,凌巨,16,3,13,合庫-彰化,2024-02-22,1028
1314,中石化,13,2,11,合庫-彰化,2024-02-22,1028
3712,永崴投控,12,1,11,合庫-彰化,2024-02-22,1028
6187,萬潤,11,0,11,合庫-彰化,2024-02-22,1028
5521,工信,10,0,10,合庫-彰化,2024-02-22,1028
00632R,元大台灣50反1,10,0,10,合庫-彰化,2024-02-22,1028
00706L,期元大S＆P日圓正2,10,0,10,合庫-彰化,2024-02-22,1028
1316,上曜,383,2,381,合庫-彰化,2024-02-23,1028
9904,寶成,252,0,252,合庫-彰化,2024-02-23,1028
8059,凱碩,177,13,164,合庫-彰化,2024-02-23,1028
00878,國泰永續高股息,155,12,143,合庫-彰化,2024-02-23,1028
2618,長榮航,56,3,53,合庫-彰化,2024-02-23,1028
6937,天虹,56,3,53,合庫-彰化,2024-02-23,1028
1101,台泥,51,0,51,合庫-彰化,2024-02-23,1028
00931B,統一美債20年,50,5,45,合庫-彰化,2024-02-23,1028
2329,華泰,79,35,44,合庫-彰化,2024-02-23,1028
3481,群創,47,4,43,合庫-彰化,2024-02-23,1028
2313,華通,68,30,38,合庫-彰化,2024-02-23,1028
00919,群益台灣精選高息,72,36,36,合庫-彰化,2024-02-23,1028
2317,鴻海,35,0,35,合庫-彰化,2024-02-23,1028
5469,瀚宇博,36,1,35,合庫-彰化,2024-02-23,1028
1712,興農,33,0,33,合庫-彰化,2024-02-23,1028
2344,華邦電,38,6,32,合庫-彰化,2024-02-23,1028
3047,訊舟,32,0,32,合庫-彰化,2024-02-23,1028
00632R,元大台灣50反1,30,0,30,合庫-彰化,2024-02-23,1028
2029,盛餘,27,0,27,合庫-彰化,2024-02-23,1028
3715,定穎投控,28,2,26,合庫-彰化,2024-02-23,1028
4534,慶騰,26,0,26,合庫-彰化,2024-02-23,1028
6443,元晶,26,0,26,合庫-彰化,2024-02-23,1028
2476,鉅祥,26,2,24,合庫-彰化,2024-02-23,1028
00795B,中信美國公債20年,22,0,22,合庫-彰化,2024-02-23,1028
00918,大華優利高填息30,24,3,21,合庫-彰化,2024-02-23,1028
00680L,元大美債20正2,20,0,20,合庫-彰化,2024-02-23,1028
1303,南亞,19,0,19,合庫-彰化,2024-02-23,1028
6282,康舒,18,0,18,合庫-彰化,2024-02-23,1028
3260,威剛,17,0,17,合庫-彰化,2024-02-23,1028
3231,緯創,37,20,17,合庫-彰化,2024-02-23,1028
2489,瑞軒,17,1,16,合庫-彰化,2024-02-23,1028
2543,皇昌,16,1,15,合庫-彰化,2024-02-23,1028
2636,台驊控股,16,1,15,合庫-彰化,2024-02-23,1028
1301,台塑,14,0,14,合庫-彰化,2024-02-23,1028
2421,建準,16,2,14,合庫-彰化,2024-02-23,1028
8064,東捷,29,15,14,合庫-彰化,2024-02-23,1028
2337,旺宏,15,1,14,合庫-彰化,2024-02-23,1028
6189,豐藝,14,0,14,合庫-彰化,2024-02-23,1028
2884,玉山金,14,1,13,合庫-彰化,2024-02-23,1028
1815,富喬,30,17,13,合庫-彰化,2024-02-23,1028
00937B,群益ESG投等債20,13,0,13,合庫-彰化,2024-02-23,1028
1584,精剛,13,0,13,合庫-彰化,2024-02-23,1028
6288,聯嘉,28,15,13,合庫-彰化,2024-02-23,1028
1721,三晃,12,0,12,合庫-彰化,2024-02-23,1028
2002,中鋼,13,1,12,合庫-彰化,2024-02-23,1028
2888,新光金,12,0,12,合庫-彰化,2024-02-23,1028
6270,倍微,12,0,12,合庫-彰化,2024-02-23,1028
00934,中信成長高股息,11,0,11,合庫-彰化,2024-02-23,1028
1524,耿鼎,11,0,11,合庫-彰化,2024-02-23,1028
2610,華航,11,0,11,合庫-彰化,2024-02-23,1028
00665L,富邦�琤肭磪囓�2,700,400,300,合庫-彰化,2024-02-26,1028
00937B,群益ESG投等債20,185,5,180,合庫-彰化,2024-02-26,1028
3264,欣銓,167,0,167,合庫-彰化,2024-02-26,1028
2884,玉山金,133,0,133,合庫-彰化,2024-02-26,1028
00680L,元大美債20正2,120,0,120,合庫-彰化,2024-02-26,1028
2405,輔信,271,165,106,合庫-彰化,2024-02-26,1028
00878,國泰永續高股息,136,35,101,合庫-彰化,2024-02-26,1028
00933B,國泰10Y+金融債,139,76,63,合庫-彰化,2024-02-26,1028
4526,東台,58,2,56,合庫-彰化,2024-02-26,1028
8150,南茂,46,0,46,合庫-彰化,2024-02-26,1028
2329,華泰,53,10,43,合庫-彰化,2024-02-26,1028
2313,華通,42,1,41,合庫-彰化,2024-02-26,1028
6937,天虹,39,0,39,合庫-彰化,2024-02-26,1028
00679B,元大美債20年,32,3,29,合庫-彰化,2024-02-26,1028
2303,聯電,28,1,27,合庫-彰化,2024-02-26,1028
4534,慶騰,26,0,26,合庫-彰化,2024-02-26,1028
2460,建通,24,0,24,合庫-彰化,2024-02-26,1028
5490,同亨,23,0,23,合庫-彰化,2024-02-26,1028
1326,台化,22,0,22,合庫-彰化,2024-02-26,1028
6263,普萊德,20,0,20,合庫-彰化,2024-02-26,1028
1504,東元,23,4,19,合庫-彰化,2024-02-26,1028
8028,昇陽半導體,20,2,18,合庫-彰化,2024-02-26,1028
2317,鴻海,20,2,18,合庫-彰化,2024-02-26,1028
3481,群創,27,12,15,合庫-彰化,2024-02-26,1028
00919,群益台灣精選高息,16,2,14,合庫-彰化,2024-02-26,1028
2355,敬鵬,14,0,14,合庫-彰化,2024-02-26,1028
8421,旭源,14,0,14,合庫-彰化,2024-02-26,1028
3221,台嘉碩,15,2,13,合庫-彰化,2024-02-26,1028
6282,康舒,12,0,12,合庫-彰化,2024-02-26,1028
6167,久正,12,1,11,合庫-彰化,2024-02-26,1028
2812,台中銀,12,2,10,合庫-彰化,2024-02-26,1028
3010,華立,10,0,10,合庫-彰化,2024-02-26,1028
00715L,期街口布蘭特正2,10,0,10,合庫-彰化,2024-02-26,1028
2359,所羅門,10,0,10,合庫-彰化,2024-02-26,1028
3047,訊舟,10,0,10,合庫-彰化,2024-02-26,1028
3051,力特,10,0,10,合庫-彰化,2024-02-26,1028
4906,正文,10,0,10,合庫-彰化,2024-02-26,1028
9110,越南控-DR,10,0,10,合庫-彰化,2024-02-26,1028
9938,百和,10,0,10,合庫-彰化,2024-02-26,1028
1605,華新,12,2,10,合庫-彰化,2024-02-26,1028
2002,中鋼,10,1,9,合庫-彰化,2024-02-26,1028
2369,菱生,9,1,8,合庫-彰化,2024-02-26,1028
4113,聯上,8,0,8,合庫-彰化,2024-02-26,1028
5347,世界,7,0,7,合庫-彰化,2024-02-26,1028
2609,陽明,11,4,7,合庫-彰化,2024-02-26,1028
2449,京元電子,9,2,7,合庫-彰化,2024-02-26,1028
1210,大成,7,0,7,合庫-彰化,2024-02-26,1028
1809,中釉,7,0,7,合庫-彰化,2024-02-26,1028
3673,TPK-KY,7,0,7,合庫-彰化,2024-02-26,1028
8040,九暘,9,2,7,合庫-彰化,2024-02-26,1028
1721,三晃,578,11,567,合庫-彰化,2024-02-27,1028
00937B,群益ESG投等債20,139,0,139,合庫-彰化,2024-02-27,1028
00919,群益台灣精選高息,148,41,107,合庫-彰化,2024-02-27,1028
00673R,期元大S＆P原油反1,100,0,100,合庫-彰化,2024-02-27,1028
6156,松上,90,0,90,合庫-彰化,2024-02-27,1028
1795,美時,95,9,86,合庫-彰化,2024-02-27,1028
2324,仁寶,104,19,85,合庫-彰化,2024-02-27,1028
4543,萬在,88,4,84,合庫-彰化,2024-02-27,1028
00878,國泰永續高股息,119,55,64,合庫-彰化,2024-02-27,1028
3535,晶彩科,61,0,61,合庫-彰化,2024-02-27,1028
6226,光鼎,75,20,55,合庫-彰化,2024-02-27,1028
6125,廣運,76,23,53,合庫-彰化,2024-02-27,1028
2374,佳能,40,0,40,合庫-彰化,2024-02-27,1028
4956,光鋐,40,0,40,合庫-彰化,2024-02-27,1028
00929,復華台灣科技優息,105,69,36,合庫-彰化,2024-02-27,1028
3047,訊舟,31,0,31,合庫-彰化,2024-02-27,1028
4938,和碩,30,0,30,合庫-彰化,2024-02-27,1028
2801,彰銀,31,1,30,合庫-彰化,2024-02-27,1028
6116,彩晶,30,0,30,合庫-彰化,2024-02-27,1028
2317,鴻海,33,4,29,合庫-彰化,2024-02-27,1028
1316,上曜,40,12,28,合庫-彰化,2024-02-27,1028
8097,常珵,127,100,27,合庫-彰化,2024-02-27,1028
2316,楠梓電,26,0,26,合庫-彰化,2024-02-27,1028
2002,中鋼,28,3,25,合庫-彰化,2024-02-27,1028
1455,集盛,25,0,25,合庫-彰化,2024-02-27,1028
00712,復華富時不動產,24,0,24,合庫-彰化,2024-02-27,1028
6282,康舒,24,0,24,合庫-彰化,2024-02-27,1028
2641,正德,21,0,21,合庫-彰化,2024-02-27,1028
00680L,元大美債20正2,20,0,20,合庫-彰化,2024-02-27,1028
2845,遠東銀,20,0,20,合庫-彰化,2024-02-27,1028
6901,鑽石投資,20,0,20,合庫-彰化,2024-02-27,1028
2915,潤泰全,19,0,19,合庫-彰化,2024-02-27,1028
3653,健策,19,0,19,合庫-彰化,2024-02-27,1028
00679B,元大美債20年,18,0,18,合庫-彰化,2024-02-27,1028
2812,台中銀,18,0,18,合庫-彰化,2024-02-27,1028
1303,南亞,16,0,16,合庫-彰化,2024-02-27,1028
1514,亞力,23,7,16,合庫-彰化,2024-02-27,1028
1805,寶徠,16,0,16,合庫-彰化,2024-02-27,1028
2432,倚天酷��-創,16,0,16,合庫-彰化,2024-02-27,1028
00632R,元大台灣50反1,15,0,15,合庫-彰化,2024-02-27,1028
3162,精確,15,0,15,合庫-彰化,2024-02-27,1028
3703,欣陸,15,0,15,合庫-彰化,2024-02-27,1028
1301,台塑,14,0,14,合庫-彰化,2024-02-27,1028
2476,鉅祥,14,0,14,合庫-彰化,2024-02-27,1028
3060,銘異,14,0,14,合庫-彰化,2024-02-27,1028
6789,采鈺,13,0,13,合庫-彰化,2024-02-27,1028
00933B,國泰10Y+金融債,13,0,13,合庫-彰化,2024-02-27,1028
00687B,國泰20年美債,17,4,13,合庫-彰化,2024-02-27,1028
3163,波若威,17,4,13,合庫-彰化,2024-02-27,1028
3167,大量,13,0,13,合庫-彰化,2024-02-27,1028
00673R,期元大S＆P原油反1,248,1,247,合庫-彰化,2024-02-29,1028
1721,三晃,200,0,200,合庫-彰化,2024-02-29,1028
00929,復華台灣科技優息,117,5,112,合庫-彰化,2024-02-29,1028
6933,AMAX-KY,80,1,79,合庫-彰化,2024-02-29,1028
6120,達運,101,25,76,合庫-彰化,2024-02-29,1028
00937B,群益ESG投等債20,57,0,57,合庫-彰化,2024-02-29,1028
00679B,元大美債20年,51,0,51,合庫-彰化,2024-02-29,1028
00878,國泰永續高股息,56,8,48,合庫-彰化,2024-02-29,1028
5328,華容,40,0,40,合庫-彰化,2024-02-29,1028
2618,長榮航,65,27,38,合庫-彰化,2024-02-29,1028
2363,矽統,37,2,35,合庫-彰化,2024-02-29,1028
00680L,元大美債20正2,34,0,34,合庫-彰化,2024-02-29,1028
2915,潤泰全,33,1,32,合庫-彰化,2024-02-29,1028
2317,鴻海,33,1,32,合庫-彰化,2024-02-29,1028
00632R,元大台灣50反1,30,0,30,合庫-彰化,2024-02-29,1028
1313,聯成,30,0,30,合庫-彰化,2024-02-29,1028
2402,毅嘉,30,0,30,合庫-彰化,2024-02-29,1028
2884,玉山金,56,26,30,合庫-彰化,2024-02-29,1028
1504,東元,27,2,25,合庫-彰化,2024-02-29,1028
1101,台泥,26,3,23,合庫-彰化,2024-02-29,1028
2002,中鋼,27,4,23,合庫-彰化,2024-02-29,1028
6416,瑞祺電通,22,0,22,合庫-彰化,2024-02-29,1028
1802,台玻,20,0,20,合庫-彰化,2024-02-29,1028
2020,美亞,20,0,20,合庫-彰化,2024-02-29,1028
2537,聯上發,20,0,20,合庫-彰化,2024-02-29,1028
3583,辛耘,20,0,20,合庫-彰化,2024-02-29,1028
00687B,國泰20年美債,18,0,18,合庫-彰化,2024-02-29,1028
6191,精成科,20,2,18,合庫-彰化,2024-02-29,1028
00795B,中信美國公債20年,23,5,18,合庫-彰化,2024-02-29,1028
5880,合庫金,18,1,17,合庫-彰化,2024-02-29,1028
8092,建暐,16,0,16,合庫-彰化,2024-02-29,1028
00712,復華富時不動產,15,0,15,合庫-彰化,2024-02-29,1028
00933B,國泰10Y+金融債,17,3,14,合庫-彰化,2024-02-29,1028
00900,富邦特選高股息30,20,6,14,合庫-彰化,2024-02-29,1028
3450,聯鈞,14,0,14,合庫-彰化,2024-02-29,1028
6226,光鼎,46,32,14,合庫-彰化,2024-02-29,1028
6684,安格,18,4,14,合庫-彰化,2024-02-29,1028
9802,鈺齊-KY,14,0,14,合庫-彰化,2024-02-29,1028
3047,訊舟,13,0,13,合庫-彰化,2024-02-29,1028
2409,友達,12,0,12,合庫-彰化,2024-02-29,1028
3363,上詮,34,22,12,合庫-彰化,2024-02-29,1028
4109,加捷生醫,12,0,12,合庫-彰化,2024-02-29,1028
4534,慶騰,11,0,11,合庫-彰化,2024-02-29,1028
3022,威強電,10,0,10,合庫-彰化,2024-02-29,1028
2506,太設,10,0,10,合庫-彰化,2024-02-29,1028
3038,全台,10,0,10,合庫-彰化,2024-02-29,1028
4402,郡都開發,10,0,10,合庫-彰化,2024-02-29,1028
4414,如興,10,0,10,合庫-彰化,2024-02-29,1028
6679,鈺太,12,2,10,合庫-彰化,2024-02-29,1028
8996,高力,11,1,10,合庫-彰化,2024-02-29,1028
6125,廣運,230,83,147,合庫-彰化,2024-03-01,1028
00919,群益台灣精選高息,164,21,143,合庫-彰化,2024-03-01,1028
00673R,期元大S＆P原油反1,121,0,121,合庫-彰化,2024-03-01,1028
3501,維熹,111,0,111,合庫-彰化,2024-03-01,1028
4526,東台,95,8,87,合庫-彰化,2024-03-01,1028
2618,長榮航,77,1,76,合庫-彰化,2024-03-01,1028
00937B,群益ESG投等債20,71,0,71,合庫-彰化,2024-03-01,1028
3535,晶彩科,69,0,69,合庫-彰化,2024-03-01,1028
2369,菱生,65,2,63,合庫-彰化,2024-03-01,1028
00680L,元大美債20正2,56,0,56,合庫-彰化,2024-03-01,1028
00918,大華優利高填息30,63,20,43,合庫-彰化,2024-03-01,1028
6116,彩晶,38,0,38,合庫-彰化,2024-03-01,1028
4534,慶騰,41,4,37,合庫-彰化,2024-03-01,1028
2029,盛餘,32,0,32,合庫-彰化,2024-03-01,1028
3360,尚立,43,13,30,合庫-彰化,2024-03-01,1028
6270,倍微,23,0,23,合庫-彰化,2024-03-01,1028
8926,台汽電,22,0,22,合庫-彰化,2024-03-01,1028
2402,毅嘉,21,0,21,合庫-彰化,2024-03-01,1028
4960,誠美材,21,0,21,合庫-彰化,2024-03-01,1028
6535,順藥,22,1,21,合庫-彰化,2024-03-01,1028
2352,佳世達,23,3,20,合庫-彰化,2024-03-01,1028
6679,鈺太,20,0,20,合庫-彰化,2024-03-01,1028
6290,良維,22,3,19,合庫-彰化,2024-03-01,1028
2609,陽明,22,4,18,合庫-彰化,2024-03-01,1028
3047,訊舟,18,0,18,合庫-彰化,2024-03-01,1028
6462,神盾,26,8,18,合庫-彰化,2024-03-01,1028
1314,中石化,21,5,16,合庫-彰化,2024-03-01,1028
2528,皇普,16,0,16,合庫-彰化,2024-03-01,1028
3712,永崴投控,18,2,16,合庫-彰化,2024-03-01,1028
8105,凌巨,31,15,16,合庫-彰化,2024-03-01,1028
3131,弘塑,18,3,15,合庫-彰化,2024-03-01,1028
00720B,元大投資級公司債,14,0,14,合庫-彰化,2024-03-01,1028
8097,常珵,14,0,14,合庫-彰化,2024-03-01,1028
8182,加高,13,0,13,合庫-彰化,2024-03-01,1028
00922,國泰台灣領袖50,12,0,12,合庫-彰化,2024-03-01,1028
2027,大成鋼,12,0,12,合庫-彰化,2024-03-01,1028
2498,宏達電,12,0,12,合庫-彰化,2024-03-01,1028
2834,臺企銀,12,0,12,合庫-彰化,2024-03-01,1028
3702,大聯大,12,0,12,合庫-彰化,2024-03-01,1028
2363,矽統,32,20,12,合庫-彰化,2024-03-01,1028
2883,凱基金,23,12,11,合庫-彰化,2024-03-01,1028
1712,興農,11,0,11,合庫-彰化,2024-03-01,1028
00930,永豐ESG低碳高息,11,0,11,合庫-彰化,2024-03-01,1028
00687B,國泰20年美債,10,0,10,合庫-彰化,2024-03-01,1028
1605,華新,11,1,10,合庫-彰化,2024-03-01,1028
1714,和桐,10,0,10,合庫-彰化,2024-03-01,1028
9105,泰金寶-DR,10,0,10,合庫-彰化,2024-03-01,1028
2329,華泰,13,4,9,合庫-彰化,2024-03-01,1028
00730,富邦臺灣優質高息,9,0,9,合庫-彰化,2024-03-01,1028
2313,華通,12,3,9,合庫-彰化,2024-03-01,1028
00665L,富邦�琤肭磪囓�2,950,552,398,合庫-彰化,2024-03-04,1028
6015,宏遠證,160,0,160,合庫-彰化,2024-03-04,1028
6125,廣運,166,23,143,合庫-彰化,2024-03-04,1028
2332,友訊,130,0,130,合庫-彰化,2024-03-04,1028
00680L,元大美債20正2,140,16,124,合庫-彰化,2024-03-04,1028
00937B,群益ESG投等債20,343,230,113,合庫-彰化,2024-03-04,1028
5210,寶碩,81,3,78,合庫-彰化,2024-03-04,1028
00919,群益台灣精選高息,167,89,78,合庫-彰化,2024-03-04,1028
00632R,元大台灣50反1,67,0,67,合庫-彰化,2024-03-04,1028
00933B,國泰10Y+金融債,67,1,66,合庫-彰化,2024-03-04,1028
00673R,期元大S＆P原油反1,56,0,56,合庫-彰化,2024-03-04,1028
00918,大華優利高填息30,56,2,54,合庫-彰化,2024-03-04,1028
1316,上曜,73,20,53,合庫-彰化,2024-03-04,1028
4545,銘鈺,45,3,42,合庫-彰化,2024-03-04,1028
00679B,元大美債20年,39,0,39,合庫-彰化,2024-03-04,1028
2888,新光金,32,0,32,合庫-彰化,2024-03-04,1028
8926,台汽電,38,6,32,合庫-彰化,2024-03-04,1028
1603,華電,31,0,31,合庫-彰化,2024-03-04,1028
00674R,期元大S＆P黃金反1,29,0,29,合庫-彰化,2024-03-04,1028
3322,建舜電,30,2,28,合庫-彰化,2024-03-04,1028
4534,慶騰,28,0,28,合庫-彰化,2024-03-04,1028
1314,中石化,28,0,28,合庫-彰化,2024-03-04,1028
00878,國泰永續高股息,36,9,27,合庫-彰化,2024-03-04,1028
2371,大同,70,43,27,合庫-彰化,2024-03-04,1028
1815,富喬,56,30,26,合庫-彰化,2024-03-04,1028
3006,晶豪科,50,26,24,合庫-彰化,2024-03-04,1028
6129,普誠,30,6,24,合庫-彰化,2024-03-04,1028
2356,英業達,25,2,23,合庫-彰化,2024-03-04,1028
3357,臺慶科,23,0,23,合庫-彰化,2024-03-04,1028
1301,台塑,22,0,22,合庫-彰化,2024-03-04,1028
1584,精剛,21,0,21,合庫-彰化,2024-03-04,1028
2029,盛餘,20,0,20,合庫-彰化,2024-03-04,1028
3047,訊舟,20,0,20,合庫-彰化,2024-03-04,1028
5272,笙科,20,0,20,合庫-彰化,2024-03-04,1028
2892,第一金,20,0,20,合庫-彰化,2024-03-04,1028
3060,銘異,19,0,19,合庫-彰化,2024-03-04,1028
3712,永崴投控,24,6,18,合庫-彰化,2024-03-04,1028
2002,中鋼,20,2,18,合庫-彰化,2024-03-04,1028
8227,巨有科技,18,1,17,合庫-彰化,2024-03-04,1028
00706L,期元大S＆P日圓正2,15,0,15,合庫-彰化,2024-03-04,1028
1717,長興,15,0,15,合庫-彰化,2024-03-04,1028
6270,倍微,15,0,15,合庫-彰化,2024-03-04,1028
2880,華南金,14,0,14,合庫-彰化,2024-03-04,1028
3051,力特,24,10,14,合庫-彰化,2024-03-04,1028
00795B,中信美國公債20年,13,0,13,合庫-彰化,2024-03-04,1028
2489,瑞軒,16,3,13,合庫-彰化,2024-03-04,1028
2609,陽明,15,2,13,合庫-彰化,2024-03-04,1028
1506,正道,12,0,12,合庫-彰化,2024-03-04,1028
2383,台光電,12,0,12,合庫-彰化,2024-03-04,1028
4968,立積,17,5,12,合庫-彰化,2024-03-04,1028
5488,松普,209,0,209,合庫-彰化,2024-03-05,1028
00665L,富邦�琤肭磪囓�2,1160,960,200,合庫-彰化,2024-03-05,1028
00937B,群益ESG投等債20,96,4,92,合庫-彰化,2024-03-05,1028
9904,寶成,92,2,90,合庫-彰化,2024-03-05,1028
00933B,國泰10Y+金融債,62,6,56,合庫-彰化,2024-03-05,1028
6248,沛波,55,0,55,合庫-彰化,2024-03-05,1028
00712,復華富時不動產,50,0,50,合庫-彰化,2024-03-05,1028
1455,集盛,51,2,49,合庫-彰化,2024-03-05,1028
2324,仁寶,37,5,32,合庫-彰化,2024-03-05,1028
4707,磐亞,105,73,32,合庫-彰化,2024-03-05,1028
00688L,國泰20年美債正2,30,0,30,合庫-彰化,2024-03-05,1028
1609,大亞,29,3,26,合庫-彰化,2024-03-05,1028
2402,毅嘉,30,5,25,合庫-彰化,2024-03-05,1028
2457,飛宏,34,9,25,合庫-彰化,2024-03-05,1028
2732,六角,25,0,25,合庫-彰化,2024-03-05,1028
2888,新光金,25,0,25,合庫-彰化,2024-03-05,1028
00650L,復華香港正2,23,0,23,合庫-彰化,2024-03-05,1028
3653,健策,26,3,23,合庫-彰化,2024-03-05,1028
6116,彩晶,23,0,23,合庫-彰化,2024-03-05,1028
8112,至上,26,3,23,合庫-彰化,2024-03-05,1028
00751B,元大AAA至A公司債,22,0,22,合庫-彰化,2024-03-05,1028
1409,新纖,21,0,21,合庫-彰化,2024-03-05,1028
1815,富喬,106,85,21,合庫-彰化,2024-03-05,1028
00632R,元大台灣50反1,20,0,20,合庫-彰化,2024-03-05,1028
1714,和桐,20,0,20,合庫-彰化,2024-03-05,1028
2392,正崴,20,0,20,合庫-彰化,2024-03-05,1028
4306,炎洲,20,0,20,合庫-彰化,2024-03-05,1028
6443,元晶,20,0,20,合庫-彰化,2024-03-05,1028
2317,鴻海,39,21,18,合庫-彰化,2024-03-05,1028
3715,定穎投控,18,0,18,合庫-彰化,2024-03-05,1028
00915,凱基優選高股息30,17,0,17,合庫-彰化,2024-03-05,1028
00706L,期元大S＆P日圓正2,15,0,15,合庫-彰化,2024-03-05,1028
9938,百和,15,0,15,合庫-彰化,2024-03-05,1028
00680L,元大美債20正2,15,1,14,合庫-彰化,2024-03-05,1028
1503,士電,20,6,14,合庫-彰化,2024-03-05,1028
2486,一詮,14,0,14,合庫-彰化,2024-03-05,1028
6164,華興,14,0,14,合庫-彰化,2024-03-05,1028
00725B,國泰投資級公司債,13,0,13,合庫-彰化,2024-03-05,1028
2303,聯電,17,4,13,合庫-彰化,2024-03-05,1028
6535,順藥,13,0,13,合庫-彰化,2024-03-05,1028
3481,群創,23,11,12,合庫-彰化,2024-03-05,1028
5521,工信,15,3,12,合庫-彰化,2024-03-05,1028
8059,凱碩,12,0,12,合庫-彰化,2024-03-05,1028
1522,堤維西,12,1,11,合庫-彰化,2024-03-05,1028
3363,上詮,15,4,11,合庫-彰化,2024-03-05,1028
00878,國泰永續高股息,24,13,11,合庫-彰化,2024-03-05,1028
1513,中興電,28,17,11,合庫-彰化,2024-03-05,1028
1568,倉佑,10,0,10,合庫-彰化,2024-03-05,1028
3028,增你強,10,0,10,合庫-彰化,2024-03-05,1028
4513,福裕,10,0,10,合庫-彰化,2024-03-05,1028
1455,集盛,168,6,162,合庫-彰化,2024-03-06,1028
00937B,群益ESG投等債20,150,5,145,合庫-彰化,2024-03-06,1028
00919,群益台灣精選高息,142,59,83,合庫-彰化,2024-03-06,1028
5498,凱崴,90,9,81,合庫-彰化,2024-03-06,1028
2887,台新金,59,2,57,合庫-彰化,2024-03-06,1028
4402,郡都開發,40,0,40,合庫-彰化,2024-03-06,1028
00687B,國泰20年美債,37,0,37,合庫-彰化,2024-03-06,1028
00632R,元大台灣50反1,32,0,32,合庫-彰化,2024-03-06,1028
4306,炎洲,42,10,32,合庫-彰化,2024-03-06,1028
1326,台化,31,0,31,合庫-彰化,2024-03-06,1028
2892,第一金,30,0,30,合庫-彰化,2024-03-06,1028
6937,天虹,31,1,30,合庫-彰化,2024-03-06,1028
2329,華泰,29,2,27,合庫-彰化,2024-03-06,1028
2610,華航,27,0,27,合庫-彰化,2024-03-06,1028
3481,群創,30,3,27,合庫-彰化,2024-03-06,1028
2412,中華電,25,0,25,合庫-彰化,2024-03-06,1028
3702,大聯大,39,15,24,合庫-彰化,2024-03-06,1028
1734,杏輝,23,0,23,合庫-彰化,2024-03-06,1028
2402,毅嘉,33,10,23,合庫-彰化,2024-03-06,1028
00857B,永豐20年美公債,20,0,20,合庫-彰化,2024-03-06,1028
2331,精英,24,4,20,合庫-彰化,2024-03-06,1028
3714,富采,20,0,20,合庫-彰化,2024-03-06,1028
6140,訊達,20,0,20,合庫-彰化,2024-03-06,1028
8401,白紗科,20,0,20,合庫-彰化,2024-03-06,1028
2352,佳世達,24,5,19,合庫-彰化,2024-03-06,1028
6226,光鼎,19,0,19,合庫-彰化,2024-03-06,1028
00918,大華優利高填息30,30,11,19,合庫-彰化,2024-03-06,1028
00915,凱基優選高股息30,19,1,18,合庫-彰化,2024-03-06,1028
6243,迅杰,21,3,18,合庫-彰化,2024-03-06,1028
6282,康舒,18,1,17,合庫-彰化,2024-03-06,1028
00933B,國泰10Y+金融債,25,9,16,合庫-彰化,2024-03-06,1028
2002,中鋼,15,0,15,合庫-彰化,2024-03-06,1028
6443,元晶,15,0,15,合庫-彰化,2024-03-06,1028
1714,和桐,14,0,14,合庫-彰化,2024-03-06,1028
2323,中環,17,3,14,合庫-彰化,2024-03-06,1028
1514,亞力,18,5,13,合庫-彰化,2024-03-06,1028
2363,矽統,23,10,13,合庫-彰化,2024-03-06,1028
2609,陽明,15,3,12,合庫-彰化,2024-03-06,1028
1316,上曜,38,26,12,合庫-彰化,2024-03-06,1028
2014,中鴻,12,0,12,合庫-彰化,2024-03-06,1028
4534,慶騰,12,0,12,合庫-彰化,2024-03-06,1028
6770,力積電,12,0,12,合庫-彰化,2024-03-06,1028
3231,緯創,23,11,12,合庫-彰化,2024-03-06,1028
5426,振發,15,4,11,合庫-彰化,2024-03-06,1028
9907,統一實,11,0,11,合庫-彰化,2024-03-06,1028
00795B,中信美國公債20年,11,0,11,合庫-彰化,2024-03-06,1028
4906,正文,18,8,10,合庫-彰化,2024-03-06,1028
00715L,期街口布蘭特正2,10,0,10,合庫-彰化,2024-03-06,1028
2023,燁輝,10,0,10,合庫-彰化,2024-03-06,1028
2034,允強,10,0,10,合庫-彰化,2024-03-06,1028
00937B,群益ESG投等債20,291,4,287,合庫-彰化,2024-03-07,1028
2358,廷鑫,265,0,265,合庫-彰化,2024-03-07,1028
3376,新日興,165,24,141,合庫-彰化,2024-03-07,1028
00665L,富邦�琤肭磪囓�2,100,0,100,合庫-彰化,2024-03-07,1028
2367,燿華,210,111,99,合庫-彰化,2024-03-07,1028
1455,集盛,70,0,70,合庫-彰化,2024-03-07,1028
00919,群益台灣精選高息,111,49,62,合庫-彰化,2024-03-07,1028
00632R,元大台灣50反1,56,0,56,合庫-彰化,2024-03-07,1028
6150,撼訊,51,0,51,合庫-彰化,2024-03-07,1028
2324,仁寶,48,10,38,合庫-彰化,2024-03-07,1028
2002,中鋼,41,3,38,合庫-彰化,2024-03-07,1028
1609,大亞,33,0,33,合庫-彰化,2024-03-07,1028
00674R,期元大S＆P黃金反1,29,0,29,合庫-彰化,2024-03-07,1028
5521,工信,47,19,28,合庫-彰化,2024-03-07,1028
6120,達運,28,0,28,合庫-彰化,2024-03-07,1028
3481,群創,29,2,27,合庫-彰化,2024-03-07,1028
1714,和桐,27,0,27,合庫-彰化,2024-03-07,1028
9902,台火,25,0,25,合庫-彰化,2024-03-07,1028
2363,矽統,22,0,22,合庫-彰化,2024-03-07,1028
3047,訊舟,21,0,21,合庫-彰化,2024-03-07,1028
4906,正文,21,0,21,合庫-彰化,2024-03-07,1028
6248,沛波,21,0,21,合庫-彰化,2024-03-07,1028
6684,安格,27,6,21,合庫-彰化,2024-03-07,1028
9904,寶成,21,0,21,合庫-彰化,2024-03-07,1028
1456,怡華,20,0,20,合庫-彰化,2024-03-07,1028
2431,聯昌,20,0,20,合庫-彰化,2024-03-07,1028
2816,旺旺保,20,0,20,合庫-彰化,2024-03-07,1028
3058,立德,20,0,20,合庫-彰化,2024-03-07,1028
3354,律勝,21,1,20,合庫-彰化,2024-03-07,1028
3360,尚立,20,0,20,合庫-彰化,2024-03-07,1028
3231,緯創,34,14,20,合庫-彰化,2024-03-07,1028
2369,菱生,31,12,19,合庫-彰化,2024-03-07,1028
00637L,元大滬深300正2,18,0,18,合庫-彰化,2024-03-07,1028
3714,富采,18,0,18,合庫-彰化,2024-03-07,1028
5425,台半,18,1,17,合庫-彰化,2024-03-07,1028
2331,精英,21,4,17,合庫-彰化,2024-03-07,1028
6505,台塑化,15,0,15,合庫-彰化,2024-03-07,1028
2489,瑞軒,15,0,15,合庫-彰化,2024-03-07,1028
8112,至上,28,14,14,合庫-彰化,2024-03-07,1028
00933B,國泰10Y+金融債,34,20,14,合庫-彰化,2024-03-07,1028
1326,台化,15,1,14,合庫-彰化,2024-03-07,1028
3042,晶技,14,0,14,合庫-彰化,2024-03-07,1028
8926,台汽電,14,0,14,合庫-彰化,2024-03-07,1028
00934,中信成長高股息,14,1,13,合庫-彰化,2024-03-07,1028
1513,中興電,13,0,13,合庫-彰化,2024-03-07,1028
2025,千興,13,0,13,合庫-彰化,2024-03-07,1028
3653,健策,13,0,13,合庫-彰化,2024-03-07,1028
2392,正崴,13,2,11,合庫-彰化,2024-03-07,1028
3357,臺慶科,11,0,11,合庫-彰化,2024-03-07,1028
3576,聯合再生,11,0,11,合庫-彰化,2024-03-07,1028
2303,聯電,1223,257,966,合庫-彰化,2024-03-08,1028
2358,廷鑫,384,13,371,合庫-彰化,2024-03-08,1028
9902,台火,325,2,323,合庫-彰化,2024-03-08,1028
00632R,元大台灣50反1,220,3,217,合庫-彰化,2024-03-08,1028
2801,彰銀,176,2,174,合庫-彰化,2024-03-08,1028
6015,宏遠證,150,0,150,合庫-彰化,2024-03-08,1028
00915,凱基優選高股息30,71,3,68,合庫-彰化,2024-03-08,1028
6156,松上,59,0,59,合庫-彰化,2024-03-08,1028
1815,富喬,64,22,42,合庫-彰化,2024-03-08,1028
5521,工信,37,2,35,合庫-彰化,2024-03-08,1028
6248,沛波,35,0,35,合庫-彰化,2024-03-08,1028
00641R,富邦日本反1,30,0,30,合庫-彰化,2024-03-08,1028
2371,大同,32,3,29,合庫-彰化,2024-03-08,1028
2014,中鴻,32,7,25,合庫-彰化,2024-03-08,1028
5498,凱崴,37,13,24,合庫-彰化,2024-03-08,1028
6805,富世達,24,0,24,合庫-彰化,2024-03-08,1028
1101,台泥,23,0,23,合庫-彰化,2024-03-08,1028
3481,群創,25,2,23,合庫-彰化,2024-03-08,1028
3702,大聯大,34,11,23,合庫-彰化,2024-03-08,1028
3714,富采,23,0,23,合庫-彰化,2024-03-08,1028
3202,樺晟,30,10,20,合庫-彰化,2024-03-08,1028
5434,崇越,19,0,19,合庫-彰化,2024-03-08,1028
2845,遠東銀,18,0,18,合庫-彰化,2024-03-08,1028
2029,盛餘,32,15,17,合庫-彰化,2024-03-08,1028
00918,大華優利高填息30,32,15,17,合庫-彰化,2024-03-08,1028
2882,國泰金,21,5,16,合庫-彰化,2024-03-08,1028
2609,陽明,45,29,16,合庫-彰化,2024-03-08,1028
6125,廣運,21,6,15,合庫-彰化,2024-03-08,1028
4743,合一,29,14,15,合庫-彰化,2024-03-08,1028
2368,金像電,36,21,15,合庫-彰化,2024-03-08,1028
00795B,中信美國公債20年,14,0,14,合庫-彰化,2024-03-08,1028
1584,精剛,13,0,13,合庫-彰化,2024-03-08,1028
2443,昶虹,13,0,13,合庫-彰化,2024-03-08,1028
3006,晶豪科,14,1,13,合庫-彰化,2024-03-08,1028
2027,大成鋼,13,0,13,合庫-彰化,2024-03-08,1028
2504,國產,12,0,12,合庫-彰化,2024-03-08,1028
2547,日勝生,12,0,12,合庫-彰化,2024-03-08,1028
8215,明基材,12,0,12,合庫-彰化,2024-03-08,1028
1785,光洋科,12,0,12,合庫-彰化,2024-03-08,1028
1314,中石化,12,0,12,合庫-彰化,2024-03-08,1028
00921,兆豐龍頭等權重,11,0,11,合庫-彰化,2024-03-08,1028
00935,野村臺灣新科技50,11,0,11,合庫-彰化,2024-03-08,1028
2025,千興,12,1,11,合庫-彰化,2024-03-08,1028
8105,凌巨,12,1,11,合庫-彰化,2024-03-08,1028
00733,富邦臺灣中小,11,1,10,合庫-彰化,2024-03-08,1028
00720B,元大投資級公司債,10,0,10,合庫-彰化,2024-03-08,1028
2392,正崴,11,1,10,合庫-彰化,2024-03-08,1028
2415,錩新,10,0,10,合庫-彰化,2024-03-08,1028
2538,基泰,10,0,10,合庫-彰化,2024-03-08,1028
3021,鴻名,10,0,10,合庫-彰化,2024-03-08,1028
00919,群益台灣精選高息,246,1,245,合庫-彰化,2024-03-11,1028
2880,華南金,152,2,150,合庫-彰化,2024-03-11,1028
00857B,永豐20年美公債,137,1,136,合庫-彰化,2024-03-11,1028
2303,聯電,161,37,124,合庫-彰化,2024-03-11,1028
00715L,期街口布蘭特正2,140,20,120,合庫-彰化,2024-03-11,1028
8027,鈦昇,102,0,102,合庫-彰化,2024-03-11,1028
00706L,期元大S＆P日圓正2,78,0,78,合庫-彰化,2024-03-11,1028
00937B,群益ESG投等債20,75,0,75,合庫-彰化,2024-03-11,1028
2889,國票金,50,0,50,合庫-彰化,2024-03-11,1028
6156,松上,50,0,50,合庫-彰化,2024-03-11,1028
6187,萬潤,57,8,49,合庫-彰化,2024-03-11,1028
00680L,元大美債20正2,40,6,34,合庫-彰化,2024-03-11,1028
1301,台塑,33,0,33,合庫-彰化,2024-03-11,1028
1326,台化,33,0,33,合庫-彰化,2024-03-11,1028
2330,台積電,38,5,33,合庫-彰化,2024-03-11,1028
00918,大華優利高填息30,31,0,31,合庫-彰化,2024-03-11,1028
00674R,期元大S＆P黃金反1,30,0,30,合庫-彰化,2024-03-11,1028
6116,彩晶,30,1,29,合庫-彰化,2024-03-11,1028
2609,陽明,36,7,29,合庫-彰化,2024-03-11,1028
3231,緯創,134,107,27,合庫-彰化,2024-03-11,1028
5521,工信,25,0,25,合庫-彰化,2024-03-11,1028
2002,中鋼,25,1,24,合庫-彰化,2024-03-11,1028
3312,弘憶股,27,4,23,合庫-彰化,2024-03-11,1028
3712,永崴投控,48,27,21,合庫-彰化,2024-03-11,1028
1514,亞力,21,2,19,合庫-彰化,2024-03-11,1028
00687B,國泰20年美債,18,2,16,合庫-彰化,2024-03-11,1028
00933B,國泰10Y+金融債,34,18,16,合庫-彰化,2024-03-11,1028
1714,和桐,16,0,16,合庫-彰化,2024-03-11,1028
00891,中信關鍵半導體,25,10,15,合庫-彰化,2024-03-11,1028
6026,福邦證,15,0,15,合庫-彰化,2024-03-11,1028
00712,復華富時不動產,15,1,14,合庫-彰化,2024-03-11,1028
00751B,元大AAA至A公司債,13,0,13,合庫-彰化,2024-03-11,1028
00922,國泰台灣領袖50,14,1,13,合庫-彰化,2024-03-11,1028
2352,佳世達,13,0,13,合庫-彰化,2024-03-11,1028
1231,聯華食,12,0,12,合庫-彰化,2024-03-11,1028
1709,和益,12,0,12,合庫-彰化,2024-03-11,1028
2610,華航,12,0,12,合庫-彰化,2024-03-11,1028
2883,凱基金,48,36,12,合庫-彰化,2024-03-11,1028
4743,合一,12,0,12,合庫-彰化,2024-03-11,1028
00764B,群益25年美債,11,0,11,合庫-彰化,2024-03-11,1028
00931B,統一美債20年,11,0,11,合庫-彰化,2024-03-11,1028
00632R,元大台灣50反1,40,30,10,合庫-彰化,2024-03-11,1028
2363,矽統,12,2,10,合庫-彰化,2024-03-11,1028
2457,飛宏,10,0,10,合庫-彰化,2024-03-11,1028
2836,高雄銀,10,0,10,合庫-彰化,2024-03-11,1028
2883B,凱基金乙特,10,0,10,合庫-彰化,2024-03-11,1028
00882,中信中國高股息,9,0,9,合庫-彰化,2024-03-11,1028
2851,中再保,10,1,9,合庫-彰化,2024-03-11,1028
3576,聯合再生,9,0,9,合庫-彰化,2024-03-11,1028
5210,寶碩,10,1,9,合庫-彰化,2024-03-11,1028
2883,凱基金,299,13,286,合庫-彰化,2024-03-12,1028
8099,大世科,262,1,261,合庫-彰化,2024-03-12,1028
1455,集盛,161,35,126,合庫-彰化,2024-03-12,1028
00715L,期街口布蘭特正2,100,10,90,合庫-彰化,2024-03-12,1028
6016,康和證,50,0,50,合庫-彰化,2024-03-12,1028
6187,萬潤,47,2,45,合庫-彰化,2024-03-12,1028
3481,群創,56,12,44,合庫-彰化,2024-03-12,1028
3013,晟銘電,43,2,41,合庫-彰化,2024-03-12,1028
3047,訊舟,40,0,40,合庫-彰化,2024-03-12,1028
2324,仁寶,70,35,35,合庫-彰化,2024-03-12,1028
4545,銘鈺,35,1,34,合庫-彰化,2024-03-12,1028
00915,凱基優選高股息30,42,9,33,合庫-彰化,2024-03-12,1028
00933B,國泰10Y+金融債,32,0,32,合庫-彰化,2024-03-12,1028
6182,合晶,31,0,31,合庫-彰化,2024-03-12,1028
5210,寶碩,30,0,30,合庫-彰化,2024-03-12,1028
6156,松上,30,0,30,合庫-彰化,2024-03-12,1028
2889,國票金,30,1,29,合庫-彰化,2024-03-12,1028
2617,台航,29,2,27,合庫-彰化,2024-03-12,1028
2367,燿華,33,8,25,合庫-彰化,2024-03-12,1028
4109,加捷生醫,23,0,23,合庫-彰化,2024-03-12,1028
2405,輔信,22,1,21,合庫-彰化,2024-03-12,1028
8096,擎亞,53,32,21,合庫-彰化,2024-03-12,1028
6134,萬旭,33,14,19,合庫-彰化,2024-03-12,1028
00632R,元大台灣50反1,40,22,18,合庫-彰化,2024-03-12,1028
00918,大華優利高填息30,20,3,17,合庫-彰化,2024-03-12,1028
2890,永豐金,17,0,17,合庫-彰化,2024-03-12,1028
2486,一詮,17,1,16,合庫-彰化,2024-03-12,1028
6535,順藥,16,0,16,合庫-彰化,2024-03-12,1028
00679B,元大美債20年,16,2,14,合庫-彰化,2024-03-12,1028
00885,富邦越南,13,0,13,合庫-彰化,2024-03-12,1028
2528,皇普,26,14,12,合庫-彰化,2024-03-12,1028
2409,友達,28,16,12,合庫-彰化,2024-03-12,1028
00857B,永豐20年美公債,13,2,11,合庫-彰化,2024-03-12,1028
6829,千附精密,11,0,11,合庫-彰化,2024-03-12,1028
2352,佳世達,10,0,10,合庫-彰化,2024-03-12,1028
00696B,富邦美債20年,10,0,10,合庫-彰化,2024-03-12,1028
00753L,中信中國50正2,10,0,10,合庫-彰化,2024-03-12,1028
1718,中纖,10,0,10,合庫-彰化,2024-03-12,1028
2020,美亞,10,0,10,合庫-彰化,2024-03-12,1028
2867,三商壽,10,0,10,合庫-彰化,2024-03-12,1028
2892,第一金,10,0,10,合庫-彰化,2024-03-12,1028
4960,誠美材,10,0,10,合庫-彰化,2024-03-12,1028
9914,美利達,10,0,10,合庫-彰化,2024-03-12,1028
2383,台光電,10,1,9,合庫-彰化,2024-03-12,1028
2002,中鋼,11,2,9,合庫-彰化,2024-03-12,1028
2025,千興,22,13,9,合庫-彰化,2024-03-12,1028
2392,正崴,10,1,9,合庫-彰化,2024-03-12,1028
3014,聯陽,10,1,9,合庫-彰化,2024-03-12,1028
2886,兆豐金,10,1,9,合庫-彰化,2024-03-12,1028
2344,華邦電,8,0,8,合庫-彰化,2024-03-12,1028
00937B,群益ESG投等債20,86,12,74,合庫-彰化,2024-03-13,1028
2883,凱基金,137,63,74,合庫-彰化,2024-03-13,1028
00680L,元大美債20正2,45,0,45,合庫-彰化,2024-03-13,1028
00933B,國泰10Y+金融債,67,25,42,合庫-彰化,2024-03-13,1028
9907,統一實,41,0,41,合庫-彰化,2024-03-13,1028
00918,大華優利高填息30,59,21,38,合庫-彰化,2024-03-13,1028
4707,磐亞,35,0,35,合庫-彰化,2024-03-13,1028
3047,訊舟,33,0,33,合庫-彰化,2024-03-13,1028
2888,新光金,42,10,32,合庫-彰化,2024-03-13,1028
00687B,國泰20年美債,34,5,29,合庫-彰化,2024-03-13,1028
2371,大同,43,14,29,合庫-彰化,2024-03-13,1028
2002,中鋼,28,0,28,合庫-彰化,2024-03-13,1028
6156,松上,27,0,27,合庫-彰化,2024-03-13,1028
00679B,元大美債20年,36,11,25,合庫-彰化,2024-03-13,1028
6805,富世達,24,0,24,合庫-彰化,2024-03-13,1028
00795B,中信美國公債20年,23,0,23,合庫-彰化,2024-03-13,1028
5210,寶碩,23,0,23,合庫-彰化,2024-03-13,1028
2356,英業達,33,10,23,合庫-彰化,2024-03-13,1028
1584,精剛,21,0,21,合庫-彰化,2024-03-13,1028
00673R,期元大S＆P原油反1,20,0,20,合庫-彰化,2024-03-13,1028
00696B,富邦美債20年,21,1,20,合庫-彰化,2024-03-13,1028
1589,永冠-KY,20,0,20,合庫-彰化,2024-03-13,1028
9904,寶成,24,4,20,合庫-彰化,2024-03-13,1028
8011,台通,22,4,18,合庫-彰化,2024-03-13,1028
1316,上曜,18,1,17,合庫-彰化,2024-03-13,1028
9902,台火,19,3,16,合庫-彰化,2024-03-13,1028
1608,華榮,58,44,14,合庫-彰化,2024-03-13,1028
1802,台玻,14,0,14,合庫-彰化,2024-03-13,1028
6134,萬旭,14,0,14,合庫-彰化,2024-03-13,1028
4743,合一,13,0,13,合庫-彰化,2024-03-13,1028
2231,為升,15,2,13,合庫-彰化,2024-03-13,1028
2402,毅嘉,13,0,13,合庫-彰化,2024-03-13,1028
8096,擎亞,17,4,13,合庫-彰化,2024-03-13,1028
1514,亞力,22,10,12,合庫-彰化,2024-03-13,1028
1718,中纖,12,0,12,合庫-彰化,2024-03-13,1028
2367,燿華,14,2,12,合庫-彰化,2024-03-13,1028
2476,鉅祥,12,0,12,合庫-彰化,2024-03-13,1028
3062,建漢,13,1,12,合庫-彰化,2024-03-13,1028
3312,弘憶股,11,0,11,合庫-彰化,2024-03-13,1028
2618,長榮航,19,8,11,合庫-彰化,2024-03-13,1028
8046,南電,11,0,11,合庫-彰化,2024-03-13,1028
00632R,元大台灣50反1,11,0,11,合庫-彰化,2024-03-13,1028
00733,富邦臺灣中小,11,0,11,合庫-彰化,2024-03-13,1028
6227,茂綸,11,0,11,合庫-彰化,2024-03-13,1028
1609,大亞,16,6,10,合庫-彰化,2024-03-13,1028
1442,名軒,10,0,10,合庫-彰化,2024-03-13,1028
1808,潤隆,10,0,10,合庫-彰化,2024-03-13,1028
2014,中鴻,13,3,10,合庫-彰化,2024-03-13,1028
2331,精英,11,1,10,合庫-彰化,2024-03-13,1028
2405,輔信,10,0,10,合庫-彰化,2024-03-13,1028
2883,凱基金,258,45,213,合庫-彰化,2024-03-14,1028
00919,群益台灣精選高息,318,117,201,合庫-彰化,2024-03-14,1028
1316,上曜,137,3,134,合庫-彰化,2024-03-14,1028
00715L,期街口布蘭特正2,120,26,94,合庫-彰化,2024-03-14,1028
00918,大華優利高填息30,101,7,94,合庫-彰化,2024-03-14,1028
2409,友達,82,1,81,合庫-彰化,2024-03-14,1028
00933B,國泰10Y+金融債,66,0,66,合庫-彰化,2024-03-14,1028
00687B,國泰20年美債,65,1,64,合庫-彰化,2024-03-14,1028
00751B,元大AAA至A公司債,57,0,57,合庫-彰化,2024-03-14,1028
00937B,群益ESG投等債20,124,69,55,合庫-彰化,2024-03-14,1028
00673R,期元大S＆P原油反1,50,0,50,合庫-彰化,2024-03-14,1028
9902,台火,41,1,40,合庫-彰化,2024-03-14,1028
2618,長榮航,51,12,39,合庫-彰化,2024-03-14,1028
3042,晶技,46,7,39,合庫-彰化,2024-03-14,1028
00929,復華台灣科技優息,93,58,35,合庫-彰化,2024-03-14,1028
5210,寶碩,31,0,31,合庫-彰化,2024-03-14,1028
1584,精剛,30,0,30,合庫-彰化,2024-03-14,1028
00857B,永豐20年美公債,29,0,29,合庫-彰化,2024-03-14,1028
00679B,元大美債20年,25,0,25,合庫-彰化,2024-03-14,1028
2542,興富發,25,0,25,合庫-彰化,2024-03-14,1028
3005,神基,34,12,22,合庫-彰化,2024-03-14,1028
00632R,元大台灣50反1,20,0,20,合庫-彰化,2024-03-14,1028
1616,億泰,22,2,20,合庫-彰化,2024-03-14,1028
2331,精英,20,0,20,合庫-彰化,2024-03-14,1028
2883B,凱基金乙特,20,0,20,合庫-彰化,2024-03-14,1028
2885,元大金,23,3,20,合庫-彰化,2024-03-14,1028
00915,凱基優選高股息30,40,22,18,合庫-彰化,2024-03-14,1028
2609,陽明,19,1,18,合庫-彰化,2024-03-14,1028
3231,緯創,33,17,16,合庫-彰化,2024-03-14,1028
2344,華邦電,15,0,15,合庫-彰化,2024-03-14,1028
2845,遠東銀,14,0,14,合庫-彰化,2024-03-14,1028
6770,力積電,21,7,14,合庫-彰化,2024-03-14,1028
00931B,統一美債20年,27,15,12,合庫-彰化,2024-03-14,1028
2368,金像電,13,1,12,合庫-彰化,2024-03-14,1028
4714,永捷,14,2,12,合庫-彰化,2024-03-14,1028
6005,群益證,17,5,12,合庫-彰化,2024-03-14,1028
3702,大聯大,17,6,11,合庫-彰化,2024-03-14,1028
2884,玉山金,16,5,11,合庫-彰化,2024-03-14,1028
3062,建漢,11,0,11,合庫-彰化,2024-03-14,1028
5516,雙喜,11,0,11,合庫-彰化,2024-03-14,1028
00636,國泰中國A50,10,0,10,合庫-彰化,2024-03-14,1028
00696B,富邦美債20年,10,0,10,合庫-彰化,2024-03-14,1028
2387,精元,10,0,10,合庫-彰化,2024-03-14,1028
3512,皇龍,10,0,10,合庫-彰化,2024-03-14,1028
00713,元大台灣高息低波,10,0,10,合庫-彰化,2024-03-14,1028
2816,旺旺保,10,1,9,合庫-彰化,2024-03-14,1028
3006,晶豪科,9,0,9,合庫-彰化,2024-03-14,1028
3017,奇鋐,8,0,8,合庫-彰化,2024-03-14,1028
2405,輔信,8,0,8,合庫-彰化,2024-03-14,1028
3363,上詮,8,0,8,合庫-彰化,2024-03-14,1028
2834,臺企銀,288,14,274,合庫-彰化,2024-03-15,1028
00919,群益台灣精選高息,273,81,192,合庫-彰化,2024-03-15,1028
5880,合庫金,174,0,174,合庫-彰化,2024-03-15,1028
00941,中信上游半導體,217,72,145,合庫-彰化,2024-03-15,1028
3481,群創,126,23,103,合庫-彰化,2024-03-15,1028
00915,凱基優選高股息30,105,3,102,合庫-彰化,2024-03-15,1028
00715L,期街口布蘭特正2,101,6,95,合庫-彰化,2024-03-15,1028
00680L,元大美債20正2,95,0,95,合庫-彰化,2024-03-15,1028
00673R,期元大S＆P原油反1,110,30,80,合庫-彰化,2024-03-15,1028
2618,長榮航,75,1,74,合庫-彰化,2024-03-15,1028
00687B,國泰20年美債,73,0,73,合庫-彰化,2024-03-15,1028
00937B,群益ESG投等債20,89,22,67,合庫-彰化,2024-03-15,1028
2409,友達,62,3,59,合庫-彰化,2024-03-15,1028
2367,燿華,76,19,57,合庫-彰化,2024-03-15,1028
2887,台新金,50,0,50,合庫-彰化,2024-03-15,1028
00918,大華優利高填息30,56,9,47,合庫-彰化,2024-03-15,1028
4714,永捷,47,7,40,合庫-彰化,2024-03-15,1028
00933B,國泰10Y+金融債,38,4,34,合庫-彰化,2024-03-15,1028
1455,集盛,33,0,33,合庫-彰化,2024-03-15,1028
2601,益航,33,0,33,合庫-彰化,2024-03-15,1028
2354,鴻準,73,42,31,合庫-彰化,2024-03-15,1028
4414,如興,31,0,31,合庫-彰化,2024-03-15,1028
9945,潤泰新,32,2,30,合庫-彰化,2024-03-15,1028
2603,長榮,38,12,26,合庫-彰化,2024-03-15,1028
1907,永豐餘,21,0,21,合庫-彰化,2024-03-15,1028
2406,國碩,20,0,20,合庫-彰化,2024-03-15,1028
5381,合正,20,0,20,合庫-彰化,2024-03-15,1028
5521,工信,20,0,20,合庫-彰化,2024-03-15,1028
5529,鉅陞,20,0,20,合庫-彰化,2024-03-15,1028
2356,英業達,25,5,20,合庫-彰化,2024-03-15,1028
00679B,元大美債20年,20,1,19,合庫-彰化,2024-03-15,1028
2330,台積電,18,0,18,合庫-彰化,2024-03-15,1028
2303,聯電,22,4,18,合庫-彰化,2024-03-15,1028
5488,松普,17,0,17,合庫-彰化,2024-03-15,1028
00931B,統一美債20年,16,0,16,合庫-彰化,2024-03-15,1028
1316,上曜,21,5,16,合庫-彰化,2024-03-15,1028
1809,中釉,25,9,16,合庫-彰化,2024-03-15,1028
2344,華邦電,17,1,16,合庫-彰化,2024-03-15,1028
2867,三商壽,15,0,15,合庫-彰化,2024-03-15,1028
2888,新光金,15,0,15,合庫-彰化,2024-03-15,1028
5201,凱衛,15,0,15,合庫-彰化,2024-03-15,1028
3450,聯鈞,14,0,14,合庫-彰化,2024-03-15,1028
8070,長華*,14,0,14,合庫-彰化,2024-03-15,1028
2617,台航,13,0,13,合庫-彰化,2024-03-15,1028
9904,寶成,39,26,13,合庫-彰化,2024-03-15,1028
2002,中鋼,12,0,12,合庫-彰化,2024-03-15,1028
2313,華通,21,9,12,合庫-彰化,2024-03-15,1028
1609,大亞,11,0,11,合庫-彰化,2024-03-15,1028
2301,光寶科,12,1,11,合庫-彰化,2024-03-15,1028
1108,幸福,11,0,11,合庫-彰化,2024-03-15,1028
00673R,期元大S＆P原油反1,440,1,439,合庫-彰化,2024-03-18,1028
00919,群益台灣精選高息,200,7,193,合庫-彰化,2024-03-18,1028
00680L,元大美債20正2,175,0,175,合庫-彰化,2024-03-18,1028
00941,中信上游半導體,98,8,90,合庫-彰化,2024-03-18,1028
5880,合庫金,82,4,78,合庫-彰化,2024-03-18,1028
2618,長榮航,75,2,73,合庫-彰化,2024-03-18,1028
00857B,永豐20年美公債,66,0,66,合庫-彰化,2024-03-18,1028
2409,友達,62,1,61,合庫-彰化,2024-03-18,1028
00679B,元大美債20年,61,1,60,合庫-彰化,2024-03-18,1028
00687B,國泰20年美債,59,0,59,合庫-彰化,2024-03-18,1028
2303,聯電,61,8,53,合庫-彰化,2024-03-18,1028
00933B,國泰10Y+金融債,54,3,51,合庫-彰化,2024-03-18,1028
2892,第一金,51,1,50,合庫-彰化,2024-03-18,1028
00937B,群益ESG投等債20,43,0,43,合庫-彰化,2024-03-18,1028
6605,帝寶,42,0,42,合庫-彰化,2024-03-18,1028
2029,盛餘,60,20,40,合庫-彰化,2024-03-18,1028
2888,新光金,37,0,37,合庫-彰化,2024-03-18,1028
2515,中工,33,2,31,合庫-彰化,2024-03-18,1028
00885,富邦越南,32,2,30,合庫-彰化,2024-03-18,1028
3047,訊舟,22,0,22,合庫-彰化,2024-03-18,1028
1301,台塑,20,0,20,合庫-彰化,2024-03-18,1028
00931B,統一美債20年,20,0,20,合庫-彰化,2024-03-18,1028
00706L,期元大S＆P日圓正2,20,0,20,合庫-彰化,2024-03-18,1028
8028,昇陽半導體,20,0,20,合庫-彰化,2024-03-18,1028
6126,信音,19,0,19,合庫-彰化,2024-03-18,1028
3325,旭品,20,2,18,合庫-彰化,2024-03-18,1028
2867,三商壽,18,1,17,合庫-彰化,2024-03-18,1028
2883,凱基金,19,2,17,合庫-彰化,2024-03-18,1028
2002,中鋼,16,0,16,合庫-彰化,2024-03-18,1028
5210,寶碩,16,0,16,合庫-彰化,2024-03-18,1028
1101,台泥,15,0,15,合庫-彰化,2024-03-18,1028
00632R,元大台灣50反1,15,0,15,合庫-彰化,2024-03-18,1028
2485,兆赫,15,0,15,合庫-彰化,2024-03-18,1028
2352,佳世達,14,1,13,合庫-彰化,2024-03-18,1028
3481,群創,15,2,13,合庫-彰化,2024-03-18,1028
00753L,中信中國50正2,12,0,12,合庫-彰化,2024-03-18,1028
1815,富喬,12,0,12,合庫-彰化,2024-03-18,1028
6805,富世達,12,0,12,合庫-彰化,2024-03-18,1028
1108,幸福,11,0,11,合庫-彰化,2024-03-18,1028
9950,萬國通,11,0,11,合庫-彰化,2024-03-18,1028
4743,合一,10,0,10,合庫-彰化,2024-03-18,1028
1457,宜進,10,0,10,合庫-彰化,2024-03-18,1028
2034,允強,10,0,10,合庫-彰化,2024-03-18,1028
2476,鉅祥,11,1,10,合庫-彰化,2024-03-18,1028
3494,誠研,10,0,10,合庫-彰化,2024-03-18,1028
6275,元山,11,1,10,合庫-彰化,2024-03-18,1028
2324,仁寶,14,5,9,合庫-彰化,2024-03-18,1028
3062,建漢,11,2,9,合庫-彰化,2024-03-18,1028
00724B,群益投資級金融債,9,0,9,合庫-彰化,2024-03-18,1028
00878,國泰永續高股息,17,9,8,合庫-彰化,2024-03-18,1028
00673R,期元大S＆P原油反1,190,30,160,合庫-彰化,2024-03-19,1028
2836,高雄銀,150,2,148,合庫-彰化,2024-03-19,1028
00687B,國泰20年美債,116,0,116,合庫-彰化,2024-03-19,1028
00680L,元大美債20正2,78,0,78,合庫-彰化,2024-03-19,1028
1584,精剛,71,8,63,合庫-彰化,2024-03-19,1028
9904,寶成,100,40,60,合庫-彰化,2024-03-19,1028
2020,美亞,57,0,57,合庫-彰化,2024-03-19,1028
00929,復華台灣科技優息,106,52,54,合庫-彰化,2024-03-19,1028
00937B,群益ESG投等債20,56,6,50,合庫-彰化,2024-03-19,1028
2029,盛餘,49,0,49,合庫-彰化,2024-03-19,1028
00857B,永豐20年美公債,46,0,46,合庫-彰化,2024-03-19,1028
5880,合庫金,46,3,43,合庫-彰化,2024-03-19,1028
2367,燿華,63,26,37,合庫-彰化,2024-03-19,1028
3481,群創,37,2,35,合庫-彰化,2024-03-19,1028
3508,位速,34,0,34,合庫-彰化,2024-03-19,1028
2845,遠東銀,35,3,32,合庫-彰化,2024-03-19,1028
5488,松普,28,0,28,合庫-彰化,2024-03-19,1028
1101,台泥,26,0,26,合庫-彰化,2024-03-19,1028
2316,楠梓電,38,12,26,合庫-彰化,2024-03-19,1028
2313,華通,28,6,22,合庫-彰化,2024-03-19,1028
2618,長榮航,47,25,22,合庫-彰化,2024-03-19,1028
2328,廣宇,22,1,21,合庫-彰化,2024-03-19,1028
6125,廣運,28,7,21,合庫-彰化,2024-03-19,1028
2208,台船,20,1,19,合庫-彰化,2024-03-19,1028
8011,台通,23,4,19,合庫-彰化,2024-03-19,1028
00706L,期元大S＆P日圓正2,18,0,18,合庫-彰化,2024-03-19,1028
4503,金雨,24,6,18,合庫-彰化,2024-03-19,1028
00679B,元大美債20年,18,0,18,合庫-彰化,2024-03-19,1028
1301,台塑,17,0,17,合庫-彰化,2024-03-19,1028
2888,新光金,22,5,17,合庫-彰化,2024-03-19,1028
00650L,復華香港正2,15,0,15,合庫-彰化,2024-03-19,1028
8234,新漢,15,0,15,合庫-彰化,2024-03-19,1028
1815,富喬,13,0,13,合庫-彰化,2024-03-19,1028
6443,元晶,14,1,13,合庫-彰化,2024-03-19,1028
00941,中信上游半導體,19,6,13,合庫-彰化,2024-03-19,1028
00931B,統一美債20年,12,0,12,合庫-彰化,2024-03-19,1028
00919,群益台灣精選高息,77,65,12,合庫-彰化,2024-03-19,1028
00921,兆豐龍頭等權重,11,0,11,合庫-彰化,2024-03-19,1028
2834,臺企銀,23,12,11,合庫-彰化,2024-03-19,1028
4714,永捷,17,6,11,合庫-彰化,2024-03-19,1028
6191,精成科,11,0,11,合庫-彰化,2024-03-19,1028
8926,台汽電,11,0,11,合庫-彰化,2024-03-19,1028
00712,復華富時不動產,12,2,10,合庫-彰化,2024-03-19,1028
2330,台積電,15,5,10,合庫-彰化,2024-03-19,1028
2002,中鋼,12,2,10,合庫-彰化,2024-03-19,1028
1220,台榮,10,0,10,合庫-彰化,2024-03-19,1028
2913,農林,10,0,10,合庫-彰化,2024-03-19,1028
3058,立德,10,0,10,合庫-彰化,2024-03-19,1028
3138,耀登,11,1,10,合庫-彰化,2024-03-19,1028
3702,大聯大,10,0,10,合庫-彰化,2024-03-19,1028
00939,統一台灣高息動能,759,19,740,合庫-彰化,2024-03-20,1028
2884,玉山金,263,10,253,合庫-彰化,2024-03-20,1028
00919,群益台灣精選高息,243,51,192,合庫-彰化,2024-03-20,1028
00680L,元大美債20正2,150,0,150,合庫-彰化,2024-03-20,1028
00753L,中信中國50正2,110,0,110,合庫-彰化,2024-03-20,1028
00885,富邦越南,93,5,88,合庫-彰化,2024-03-20,1028
00937B,群益ESG投等債20,70,0,70,合庫-彰化,2024-03-20,1028
3005,神基,94,26,68,合庫-彰化,2024-03-20,1028
2029,盛餘,56,0,56,合庫-彰化,2024-03-20,1028
00795B,中信美國公債20年,53,0,53,合庫-彰化,2024-03-20,1028
00857B,永豐20年美公債,55,5,50,合庫-彰化,2024-03-20,1028
00679B,元大美債20年,51,5,46,合庫-彰化,2024-03-20,1028
2344,華邦電,46,0,46,合庫-彰化,2024-03-20,1028
2834,臺企銀,36,5,31,合庫-彰化,2024-03-20,1028
5880,合庫金,30,0,30,合庫-彰化,2024-03-20,1028
2492,華新科,33,3,30,合庫-彰化,2024-03-20,1028
2374,佳能,30,2,28,合庫-彰化,2024-03-20,1028
2356,英業達,33,7,26,合庫-彰化,2024-03-20,1028
00671R,富邦NASDAQ反1,25,0,25,合庫-彰化,2024-03-20,1028
1101,台泥,30,6,24,合庫-彰化,2024-03-20,1028
1584,精剛,24,0,24,合庫-彰化,2024-03-20,1028
2367,燿華,54,30,24,合庫-彰化,2024-03-20,1028
2528,皇普,23,0,23,合庫-彰化,2024-03-20,1028
00687B,國泰20年美債,22,0,22,合庫-彰化,2024-03-20,1028
2313,華通,25,3,22,合庫-彰化,2024-03-20,1028
3231,緯創,53,32,21,合庫-彰化,2024-03-20,1028
1815,富喬,20,0,20,合庫-彰化,2024-03-20,1028
3325,旭品,40,21,19,合庫-彰化,2024-03-20,1028
00941,中信上游半導體,21,3,18,合庫-彰化,2024-03-20,1028
3481,群創,25,7,18,合庫-彰化,2024-03-20,1028
5009,榮剛,20,2,18,合庫-彰化,2024-03-20,1028
6156,松上,18,0,18,合庫-彰化,2024-03-20,1028
1326,台化,18,2,16,合庫-彰化,2024-03-20,1028
2889,國票金,16,0,16,合庫-彰化,2024-03-20,1028
1513,中興電,29,14,15,合庫-彰化,2024-03-20,1028
00669R,國泰美國道瓊反1,15,0,15,合庫-彰化,2024-03-20,1028
2888,新光金,29,14,15,合庫-彰化,2024-03-20,1028
2890,永豐金,15,0,15,合庫-彰化,2024-03-20,1028
4545,銘鈺,15,0,15,合庫-彰化,2024-03-20,1028
1301,台塑,14,2,12,合庫-彰化,2024-03-20,1028
00632R,元大台灣50反1,12,0,12,合庫-彰化,2024-03-20,1028
8096,擎亞,13,1,12,合庫-彰化,2024-03-20,1028
8936,國統,13,2,11,合庫-彰化,2024-03-20,1028
00929,復華台灣科技優息,54,43,11,合庫-彰化,2024-03-20,1028
1460,宏遠,11,0,11,合庫-彰化,2024-03-20,1028
2034,允強,11,0,11,合庫-彰化,2024-03-20,1028
2362,藍天,15,4,11,合庫-彰化,2024-03-20,1028
2457,飛宏,11,0,11,合庫-彰化,2024-03-20,1028
2618,長榮航,12,1,11,合庫-彰化,2024-03-20,1028
3714,富采,11,0,11,合庫-彰化,2024-03-20,1028
00680L,元大美債20正2,307,0,307,合庫-彰化,2024-03-21,1028
00919,群益台灣精選高息,202,29,173,合庫-彰化,2024-03-21,1028
6715,嘉基,150,0,150,合庫-彰化,2024-03-21,1028
00939,統一台灣高息動能,179,35,144,合庫-彰化,2024-03-21,1028
00933B,國泰10Y+金融債,101,0,101,合庫-彰化,2024-03-21,1028
00687B,國泰20年美債,70,1,69,合庫-彰化,2024-03-21,1028
6120,達運,51,1,50,合庫-彰化,2024-03-21,1028
00915,凱基優選高股息30,49,3,46,合庫-彰化,2024-03-21,1028
00937B,群益ESG投等債20,44,0,44,合庫-彰化,2024-03-21,1028
1609,大亞,66,23,43,合庫-彰化,2024-03-21,1028
3005,神基,54,15,39,合庫-彰化,2024-03-21,1028
2528,皇普,29,0,29,合庫-彰化,2024-03-21,1028
1101,台泥,25,1,24,合庫-彰化,2024-03-21,1028
1802,台玻,20,0,20,合庫-彰化,2024-03-21,1028
2836,高雄銀,20,0,20,合庫-彰化,2024-03-21,1028
3706,神達,130,111,19,合庫-彰化,2024-03-21,1028
2323,中環,27,8,19,合庫-彰化,2024-03-21,1028
2405,輔信,21,4,17,合庫-彰化,2024-03-21,1028
3357,臺慶科,23,6,17,合庫-彰化,2024-03-21,1028
00679B,元大美債20年,16,0,16,合庫-彰化,2024-03-21,1028
00665L,富邦�琤肭磪囓�2,415,400,15,合庫-彰化,2024-03-21,1028
1218,泰山,15,0,15,合庫-彰化,2024-03-21,1028
5880,合庫金,15,1,14,合庫-彰化,2024-03-21,1028
2834,臺企銀,15,1,14,合庫-彰化,2024-03-21,1028
1503,士電,30,17,13,合庫-彰化,2024-03-21,1028
2302,麗正,12,0,12,合庫-彰化,2024-03-21,1028
2888,新光金,13,2,11,合庫-彰化,2024-03-21,1028
6505,台塑化,12,1,11,合庫-彰化,2024-03-21,1028
1504,東元,19,9,10,合庫-彰化,2024-03-21,1028
1582,信錦,12,2,10,合庫-彰化,2024-03-21,1028
00636,國泰中國A50,10,0,10,合庫-彰化,2024-03-21,1028
00674R,期元大S＆P黃金反1,10,0,10,合庫-彰化,2024-03-21,1028
00715L,期街口布蘭特正2,10,0,10,合庫-彰化,2024-03-21,1028
1109,信大,10,0,10,合庫-彰化,2024-03-21,1028
1442,名軒,10,0,10,合庫-彰化,2024-03-21,1028
1524,耿鼎,10,0,10,合庫-彰化,2024-03-21,1028
2009,第一銅,10,0,10,合庫-彰化,2024-03-21,1028
2374,佳能,11,1,10,合庫-彰化,2024-03-21,1028
3013,晟銘電,10,0,10,合庫-彰化,2024-03-21,1028
6015,宏遠證,10,0,10,合庫-彰化,2024-03-21,1028
2409,友達,15,5,10,合庫-彰化,2024-03-21,1028
2883,凱基金,26,16,10,合庫-彰化,2024-03-21,1028
00857B,永豐20年美公債,9,0,9,合庫-彰化,2024-03-21,1028
1905,華紙,10,1,9,合庫-彰化,2024-03-21,1028
2438,翔耀,9,0,9,合庫-彰化,2024-03-21,1028
00941,中信上游半導體,23,14,9,合庫-彰化,2024-03-21,1028
2301,光寶科,12,3,9,合庫-彰化,2024-03-21,1028
8299,群聯,10,1,9,合庫-彰化,2024-03-21,1028
2329,華泰,13,5,8,合庫-彰化,2024-03-21,1028
3322,建舜電,10,2,8,合庫-彰化,2024-03-21,1028
00915,凱基優選高股息30,130,11,119,合庫-彰化,2024-03-22,1028
00939,統一台灣高息動能,149,32,117,合庫-彰化,2024-03-22,1028
00665L,富邦�琤肭磪囓�2,510,400,110,合庫-彰化,2024-03-22,1028
00919,群益台灣精選高息,163,97,66,合庫-彰化,2024-03-22,1028
6197,佳必琪,64,3,61,合庫-彰化,2024-03-22,1028
2836,高雄銀,70,10,60,合庫-彰化,2024-03-22,1028
5381,合正,60,1,59,合庫-彰化,2024-03-22,1028
3363,上詮,53,1,52,合庫-彰化,2024-03-22,1028
2889,國票金,36,4,32,合庫-彰化,2024-03-22,1028
2303,聯電,47,18,29,合庫-彰化,2024-03-22,1028
00937B,群益ESG投等債20,24,0,24,合庫-彰化,2024-03-22,1028
00650L,復華香港正2,23,0,23,合庫-彰化,2024-03-22,1028
00941,中信上游半導體,38,16,22,合庫-彰化,2024-03-22,1028
1608,華榮,30,8,22,合庫-彰化,2024-03-22,1028
2605,新興,22,0,22,合庫-彰化,2024-03-22,1028
2367,燿華,95,74,21,合庫-彰化,2024-03-22,1028
2520,冠德,20,0,20,合庫-彰化,2024-03-22,1028
3083,網龍,20,0,20,合庫-彰化,2024-03-22,1028
5347,世界,25,6,19,合庫-彰化,2024-03-22,1028
3322,建舜電,18,0,18,合庫-彰化,2024-03-22,1028
1101,台泥,19,2,17,合庫-彰化,2024-03-22,1028
00753L,中信中國50正2,15,0,15,合庫-彰化,2024-03-22,1028
00720B,元大投資級公司債,15,0,15,合庫-彰化,2024-03-22,1028
1617,榮星,15,0,15,合庫-彰化,2024-03-22,1028
1809,中釉,16,1,15,合庫-彰化,2024-03-22,1028
8299,群聯,15,0,15,合庫-彰化,2024-03-22,1028
2408,南亞科,28,14,14,合庫-彰化,2024-03-22,1028
2027,大成鋼,14,0,14,合庫-彰化,2024-03-22,1028
6443,元晶,69,56,13,合庫-彰化,2024-03-22,1028
00673R,期元大S＆P原油反1,18,5,13,合庫-彰化,2024-03-22,1028
2618,長榮航,13,0,13,合庫-彰化,2024-03-22,1028
00687B,國泰20年美債,11,0,11,合庫-彰化,2024-03-22,1028
00706L,期元大S＆P日圓正2,11,0,11,合庫-彰化,2024-03-22,1028
1304,台聚,11,0,11,合庫-彰化,2024-03-22,1028
1316,上曜,16,5,11,合庫-彰化,2024-03-22,1028
1409,新纖,11,0,11,合庫-彰化,2024-03-22,1028
00853B,統一美債10年Aa-,10,0,10,合庫-彰化,2024-03-22,1028
00715L,期街口布蘭特正2,10,0,10,合庫-彰化,2024-03-22,1028
2393,億光,10,0,10,合庫-彰化,2024-03-22,1028
2897,王道銀行,10,0,10,合庫-彰化,2024-03-22,1028
6438,迅得,10,0,10,合庫-彰化,2024-03-22,1028
2603,長榮,11,2,9,合庫-彰化,2024-03-22,1028
2344,華邦電,10,1,9,合庫-彰化,2024-03-22,1028
2406,國碩,12,3,9,合庫-彰化,2024-03-22,1028
6698,旭暉應材,9,0,9,合庫-彰化,2024-03-22,1028
2353,宏��,17,9,8,合庫-彰化,2024-03-22,1028
00900,富邦特選高股息30,8,0,8,合庫-彰化,2024-03-22,1028
2029,盛餘,8,0,8,合庫-彰化,2024-03-22,1028
2888,新光金,11,3,8,合庫-彰化,2024-03-22,1028
8028,昇陽半導體,8,0,8,合庫-彰化,2024-03-22,1028
2834,臺企銀,269,10,259,合庫-彰化,2024-03-25,1028
6189,豐藝,262,14,248,合庫-彰化,2024-03-25,1028
00941,中信上游半導體,118,23,95,合庫-彰化,2024-03-25,1028
4526,東台,81,2,79,合庫-彰化,2024-03-25,1028
00939,統一台灣高息動能,83,14,69,合庫-彰化,2024-03-25,1028
2492,華新科,62,6,56,合庫-彰化,2024-03-25,1028
2867,三商壽,56,0,56,合庫-彰化,2024-03-25,1028
5443,均豪,60,7,53,合庫-彰化,2024-03-25,1028
2029,盛餘,55,3,52,合庫-彰化,2024-03-25,1028
2337,旺宏,45,0,45,合庫-彰化,2024-03-25,1028
2356,英業達,44,7,37,合庫-彰化,2024-03-25,1028
1609,大亞,75,43,32,合庫-彰化,2024-03-25,1028
7402,邑錡,32,1,31,合庫-彰化,2024-03-25,1028
9904,寶成,26,2,24,合庫-彰化,2024-03-25,1028
3005,神基,29,6,23,合庫-彰化,2024-03-25,1028
3706,神達,58,37,21,合庫-彰化,2024-03-25,1028
2618,長榮航,21,0,21,合庫-彰化,2024-03-25,1028
2359,所羅門,24,4,20,合庫-彰化,2024-03-25,1028
4714,永捷,20,0,20,合庫-彰化,2024-03-25,1028
1734,杏輝,20,2,18,合庫-彰化,2024-03-25,1028
6129,普誠,20,2,18,合庫-彰化,2024-03-25,1028
00878,國泰永續高股息,22,5,17,合庫-彰化,2024-03-25,1028
00919,群益台灣精選高息,66,49,17,合庫-彰化,2024-03-25,1028
3501,維熹,19,2,17,合庫-彰化,2024-03-25,1028
5347,世界,21,5,16,合庫-彰化,2024-03-25,1028
00937B,群益ESG投等債20,154,139,15,合庫-彰化,2024-03-25,1028
00712,復華富時不動產,15,0,15,合庫-彰化,2024-03-25,1028
2323,中環,20,5,15,合庫-彰化,2024-03-25,1028
6156,松上,15,0,15,合庫-彰化,2024-03-25,1028
1301,台塑,14,1,13,合庫-彰化,2024-03-25,1028
00929,復華台灣科技優息,35,22,13,合庫-彰化,2024-03-25,1028
1101,台泥,15,3,12,合庫-彰化,2024-03-25,1028
1717,長興,12,0,12,合庫-彰化,2024-03-25,1028
3059,華晶科,26,14,12,合庫-彰化,2024-03-25,1028
9907,統一實,12,0,12,合庫-彰化,2024-03-25,1028
2331,精英,12,1,11,合庫-彰化,2024-03-25,1028
2382,廣達,11,0,11,合庫-彰化,2024-03-25,1028
5381,合正,15,4,11,合庫-彰化,2024-03-25,1028
00891,中信關鍵半導體,10,0,10,合庫-彰化,2024-03-25,1028
1108,幸福,10,0,10,合庫-彰化,2024-03-25,1028
1817,凱撒衛,10,0,10,合庫-彰化,2024-03-25,1028
2023,燁輝,10,0,10,合庫-彰化,2024-03-25,1028
2367,燿華,114,104,10,合庫-彰化,2024-03-25,1028
2374,佳能,10,0,10,合庫-彰化,2024-03-25,1028
2453,凌群,12,2,10,合庫-彰化,2024-03-25,1028
3294,英濟,17,7,10,合庫-彰化,2024-03-25,1028
3673,TPK-KY,10,0,10,合庫-彰化,2024-03-25,1028
4173,久裕,10,0,10,合庫-彰化,2024-03-25,1028
2885,元大金,11,1,10,合庫-彰化,2024-03-25,1028
2352,佳世達,13,3,10,合庫-彰化,2024-03-25,1028
6197,佳必琪,160,0,160,合庫-彰化,2024-03-26,1028
00937B,群益ESG投等債20,109,24,85,合庫-彰化,2024-03-26,1028
8996,高力,161,84,77,合庫-彰化,2024-03-26,1028
00929,復華台灣科技優息,171,97,74,合庫-彰化,2024-03-26,1028
2029,盛餘,69,0,69,合庫-彰化,2024-03-26,1028
00919,群益台灣精選高息,147,93,54,合庫-彰化,2024-03-26,1028
1609,大亞,164,113,51,合庫-彰化,2024-03-26,1028
1455,集盛,68,17,51,合庫-彰化,2024-03-26,1028
1618,合機,52,6,46,合庫-彰化,2024-03-26,1028
5009,榮剛,50,5,45,合庫-彰化,2024-03-26,1028
00712,復華富時不動產,42,2,40,合庫-彰化,2024-03-26,1028
3312,弘憶股,44,5,39,合庫-彰化,2024-03-26,1028
3231,緯創,53,15,38,合庫-彰化,2024-03-26,1028
5351,鈺創,35,2,33,合庫-彰化,2024-03-26,1028
00673R,期元大S＆P原油反1,56,24,32,合庫-彰化,2024-03-26,1028
2609,陽明,33,2,31,合庫-彰化,2024-03-26,1028
00632R,元大台灣50反1,65,35,30,合庫-彰化,2024-03-26,1028
2359,所羅門,29,3,26,合庫-彰化,2024-03-26,1028
00939,統一台灣高息動能,191,166,25,合庫-彰化,2024-03-26,1028
5880,合庫金,29,4,25,合庫-彰化,2024-03-26,1028
1714,和桐,25,0,25,合庫-彰化,2024-03-26,1028
6125,廣運,41,16,25,合庫-彰化,2024-03-26,1028
2812,台中銀,23,0,23,合庫-彰化,2024-03-26,1028
8028,昇陽半導體,21,0,21,合庫-彰化,2024-03-26,1028
2356,英業達,28,8,20,合庫-彰化,2024-03-26,1028
2892,第一金,30,10,20,合庫-彰化,2024-03-26,1028
2913,農林,20,0,20,合庫-彰化,2024-03-26,1028
6156,松上,20,0,20,合庫-彰化,2024-03-26,1028
1513,中興電,31,12,19,合庫-彰化,2024-03-26,1028
00933B,國泰10Y+金融債,21,2,19,合庫-彰化,2024-03-26,1028
5469,瀚宇博,19,0,19,合庫-彰化,2024-03-26,1028
2610,華航,18,1,17,合庫-彰化,2024-03-26,1028
8011,台通,17,0,17,合庫-彰化,2024-03-26,1028
2313,華通,19,3,16,合庫-彰化,2024-03-26,1028
4545,銘鈺,24,8,16,合庫-彰化,2024-03-26,1028
3055,蔚華科,15,0,15,合庫-彰化,2024-03-26,1028
2886,兆豐金,15,1,14,合庫-彰化,2024-03-26,1028
2344,華邦電,17,4,13,合庫-彰化,2024-03-26,1028
00679B,元大美債20年,11,0,11,合庫-彰化,2024-03-26,1028
3264,欣銓,12,1,11,合庫-彰化,2024-03-26,1028
00915,凱基優選高股息30,11,0,11,合庫-彰化,2024-03-26,1028
1504,東元,20,9,11,合庫-彰化,2024-03-26,1028
1587,吉茂,11,0,11,合庫-彰化,2024-03-26,1028
2002,中鋼,17,6,11,合庫-彰化,2024-03-26,1028
2417,圓剛,18,7,11,合庫-彰化,2024-03-26,1028
3704,合勤控,11,0,11,合庫-彰化,2024-03-26,1028
4938,和碩,13,2,11,合庫-彰化,2024-03-26,1028
4979,華星光,20,10,10,合庫-彰化,2024-03-26,1028
1326,台化,12,2,10,合庫-彰化,2024-03-26,1028
2355,敬鵬,12,2,10,合庫-彰化,2024-03-26,1028
2884,玉山金,400,0,400,合庫-彰化,2024-03-27,1028
00753L,中信中國50正2,160,51,109,合庫-彰化,2024-03-27,1028
2618,長榮航,114,16,98,合庫-彰化,2024-03-27,1028
00937B,群益ESG投等債20,79,2,77,合庫-彰化,2024-03-27,1028
2358,廷鑫,77,0,77,合庫-彰化,2024-03-27,1028
2029,盛餘,84,17,67,合庫-彰化,2024-03-27,1028
2890,永豐金,65,0,65,合庫-彰化,2024-03-27,1028
9904,寶成,72,7,65,合庫-彰化,2024-03-27,1028
4109,加捷生醫,64,0,64,合庫-彰化,2024-03-27,1028
1457,宜進,61,0,61,合庫-彰化,2024-03-27,1028
4526,東台,74,13,61,合庫-彰化,2024-03-27,1028
4402,郡都開發,40,0,40,合庫-彰化,2024-03-27,1028
2371,大同,43,6,37,合庫-彰化,2024-03-27,1028
2367,燿華,73,37,36,合庫-彰化,2024-03-27,1028
00687B,國泰20年美債,30,0,30,合庫-彰化,2024-03-27,1028
4714,永捷,31,1,30,合庫-彰化,2024-03-27,1028
2880,華南金,28,0,28,合庫-彰化,2024-03-27,1028
3167,大量,25,0,25,合庫-彰化,2024-03-27,1028
2330,台積電,23,0,23,合庫-彰化,2024-03-27,1028
00941,中信上游半導體,31,8,23,合庫-彰化,2024-03-27,1028
2302,麗正,20,0,20,合庫-彰化,2024-03-27,1028
2892,第一金,20,0,20,合庫-彰化,2024-03-27,1028
00939,統一台灣高息動能,42,24,18,合庫-彰化,2024-03-27,1028
5244,弘凱,17,0,17,合庫-彰化,2024-03-27,1028
1316,上曜,28,12,16,合庫-彰化,2024-03-27,1028
6770,力積電,17,2,15,合庫-彰化,2024-03-27,1028
1808,潤隆,16,2,14,合庫-彰化,2024-03-27,1028
1513,中興電,25,11,14,合庫-彰化,2024-03-27,1028
2301,光寶科,14,1,13,合庫-彰化,2024-03-27,1028
00929,復華台灣科技優息,29,17,12,合庫-彰化,2024-03-27,1028
1514,亞力,19,7,12,合庫-彰化,2024-03-27,1028
5210,寶碩,12,0,12,合庫-彰化,2024-03-27,1028
2002,中鋼,12,1,11,合庫-彰化,2024-03-27,1028
6274,台燿,18,7,11,合庫-彰化,2024-03-27,1028
8046,南電,11,0,11,合庫-彰化,2024-03-27,1028
00715L,期街口布蘭特正2,10,0,10,合庫-彰化,2024-03-27,1028
3376,新日興,17,7,10,合庫-彰化,2024-03-27,1028
5521,工信,13,3,10,合庫-彰化,2024-03-27,1028
6443,元晶,10,0,10,合庫-彰化,2024-03-27,1028
8097,常珵,10,0,10,合庫-彰化,2024-03-27,1028
1326,台化,9,0,9,合庫-彰化,2024-03-27,1028
1301,台塑,8,0,8,合庫-彰化,2024-03-27,1028
2105,正新,14,6,8,合庫-彰化,2024-03-27,1028
1722,台肥,7,0,7,合庫-彰化,2024-03-27,1028
2344,華邦電,7,0,7,合庫-彰化,2024-03-27,1028
4540,全球傳動,19,12,7,合庫-彰化,2024-03-27,1028
2464,盟立,8,1,7,合庫-彰化,2024-03-27,1028
3231,緯創,13,7,6,合庫-彰化,2024-03-27,1028
2392,正崴,7,1,6,合庫-彰化,2024-03-27,1028
1108,幸福,6,0,6,合庫-彰化,2024-03-27,1028
4510,高鋒,190,4,186,合庫-彰化,2024-03-28,1028
2358,廷鑫,170,4,166,合庫-彰化,2024-03-28,1028
2836,高雄銀,75,0,75,合庫-彰化,2024-03-28,1028
3706,神達,88,15,73,合庫-彰化,2024-03-28,1028
00753L,中信中國50正2,178,110,68,合庫-彰化,2024-03-28,1028
00937B,群益ESG投等債20,54,9,45,合庫-彰化,2024-03-28,1028
2034,允強,45,0,45,合庫-彰化,2024-03-28,1028
2913,農林,56,15,41,合庫-彰化,2024-03-28,1028
2367,燿華,68,31,37,合庫-彰化,2024-03-28,1028
2892,第一金,36,1,35,合庫-彰化,2024-03-28,1028
2883,凱基金,50,18,32,合庫-彰化,2024-03-28,1028
2029,盛餘,28,0,28,合庫-彰化,2024-03-28,1028
8033,雷虎,32,5,27,合庫-彰化,2024-03-28,1028
5009,榮剛,31,5,26,合庫-彰化,2024-03-28,1028
00939,統一台灣高息動能,54,31,23,合庫-彰化,2024-03-28,1028
00891,中信關鍵半導體,22,0,22,合庫-彰化,2024-03-28,1028
5512,力麒,21,0,21,合庫-彰化,2024-03-28,1028
00632R,元大台灣50反1,20,0,20,合庫-彰化,2024-03-28,1028
6416,瑞祺電通,20,0,20,合庫-彰化,2024-03-28,1028
3231,緯創,38,19,19,合庫-彰化,2024-03-28,1028
3005,神基,24,5,19,合庫-彰化,2024-03-28,1028
1584,精剛,59,40,19,合庫-彰化,2024-03-28,1028
2002,中鋼,34,15,19,合庫-彰化,2024-03-28,1028
00919,群益台灣精選高息,37,19,18,合庫-彰化,2024-03-28,1028
1326,台化,17,0,17,合庫-彰化,2024-03-28,1028
2618,長榮航,17,0,17,合庫-彰化,2024-03-28,1028
3481,群創,17,0,17,合庫-彰化,2024-03-28,1028
4503,金雨,16,0,16,合庫-彰化,2024-03-28,1028
2301,光寶科,26,10,16,合庫-彰化,2024-03-28,1028
5880,合庫金,15,1,14,合庫-彰化,2024-03-28,1028
2634,漢翔,15,4,11,合庫-彰化,2024-03-28,1028
2890,永豐金,77,66,11,合庫-彰化,2024-03-28,1028
5309,系統電,21,10,11,合庫-彰化,2024-03-28,1028
2330,台積電,12,2,10,合庫-彰化,2024-03-28,1028
8076,伍豐,10,0,10,合庫-彰化,2024-03-28,1028
00725B,國泰投資級公司債,10,0,10,合庫-彰化,2024-03-28,1028
00764B,群益25年美債,10,0,10,合庫-彰化,2024-03-28,1028
1532,勤美,10,0,10,合庫-彰化,2024-03-28,1028
1737,臺鹽,10,0,10,合庫-彰化,2024-03-28,1028
2356,英業達,10,0,10,合庫-彰化,2024-03-28,1028
2514,龍邦,10,0,10,合庫-彰化,2024-03-28,1028
2880,華南金,10,0,10,合庫-彰化,2024-03-28,1028
2371,大同,74,65,9,合庫-彰化,2024-03-28,1028
2354,鴻準,53,43,10,合庫-彰化,2024-03-28,1028
1303,南亞,9,0,9,合庫-彰化,2024-03-28,1028
1316,上曜,35,26,9,合庫-彰化,2024-03-28,1028
1603,華電,23,14,9,合庫-彰化,2024-03-28,1028
8936,國統,11,2,9,合庫-彰化,2024-03-28,1028
2615,萬海,9,0,9,合庫-彰化,2024-03-28,1028
00941,中信上游半導體,8,0,8,合庫-彰化,2024-03-28,1028
00929,復華台灣科技優息,119,8,111,合庫-彰化,2024-03-29,1028
00919,群益台灣精選高息,115,43,72,合庫-彰化,2024-03-29,1028
9105,泰金寶-DR,51,0,51,合庫-彰化,2024-03-29,1028
2317,鴻海,91,44,47,合庫-彰化,2024-03-29,1028
2029,盛餘,76,30,46,合庫-彰化,2024-03-29,1028
2884,玉山金,50,5,45,合庫-彰化,2024-03-29,1028
9907,統一實,42,2,40,合庫-彰化,2024-03-29,1028
2301,光寶科,32,2,30,合庫-彰化,2024-03-29,1028
5009,榮剛,30,3,27,合庫-彰化,2024-03-29,1028
3706,神達,43,17,26,合庫-彰化,2024-03-29,1028
3376,新日興,27,2,25,合庫-彰化,2024-03-29,1028
2367,燿華,96,72,24,合庫-彰化,2024-03-29,1028
5210,寶碩,24,0,24,合庫-彰化,2024-03-29,1028
2328,廣宇,20,2,18,合庫-彰化,2024-03-29,1028
00939,統一台灣高息動能,22,5,17,合庫-彰化,2024-03-29,1028
00941,中信上游半導體,24,7,17,合庫-彰化,2024-03-29,1028
2331,精英,47,31,16,合庫-彰化,2024-03-29,1028
2371,大同,29,13,16,合庫-彰化,2024-03-29,1028
1618,合機,16,2,14,合庫-彰化,2024-03-29,1028
2324,仁寶,37,23,14,合庫-彰化,2024-03-29,1028
2528,皇普,14,0,14,合庫-彰化,2024-03-29,1028
5515,建國,15,1,14,合庫-彰化,2024-03-29,1028
4960,誠美材,11,0,11,合庫-彰化,2024-03-29,1028
5309,系統電,12,1,11,合庫-彰化,2024-03-29,1028
3011,今皓,11,0,11,合庫-彰化,2024-03-29,1028
00632R,元大台灣50反1,11,1,10,合庫-彰化,2024-03-29,1028
1701,中化,10,0,10,合庫-彰化,2024-03-29,1028
3498,陽程,10,0,10,合庫-彰化,2024-03-29,1028
3666,光耀,10,0,10,合庫-彰化,2024-03-29,1028
4173,久裕,10,0,10,合庫-彰化,2024-03-29,1028
6443,元晶,17,7,10,合庫-彰化,2024-03-29,1028
2330,台積電,17,8,9,合庫-彰化,2024-03-29,1028
2105,正新,10,1,9,合庫-彰化,2024-03-29,1028
2354,鴻準,9,1,8,合庫-彰化,2024-03-29,1028
2382,廣達,36,28,8,合庫-彰化,2024-03-29,1028
00937B,群益ESG投等債20,16,8,8,合庫-彰化,2024-03-29,1028
1603,華電,8,0,8,合庫-彰化,2024-03-29,1028
2243,宏旭-KY,8,0,8,合庫-彰化,2024-03-29,1028
3576,聯合再生,8,0,8,合庫-彰化,2024-03-29,1028
6125,廣運,12,4,8,合庫-彰化,2024-03-29,1028
6196,帆宣,8,0,8,合庫-彰化,2024-03-29,1028
9904,寶成,30,22,8,合庫-彰化,2024-03-29,1028
2323,中環,14,7,7,合庫-彰化,2024-03-29,1028
3354,律勝,7,0,7,合庫-彰化,2024-03-29,1028
3714,富采,6,0,6,合庫-彰化,2024-03-29,1028
00931B,統一美債20年,6,0,6,合庫-彰化,2024-03-29,1028
00637L,元大滬深300正2,6,0,6,合庫-彰化,2024-03-29,1028
2458,義隆,6,0,6,合庫-彰化,2024-03-29,1028
4526,東台,8,2,6,合庫-彰化,2024-03-29,1028
6164,華興,6,0,6,合庫-彰化,2024-03-29,1028
00940,元大台灣價值高息,788,123,665,合庫-彰化,2024-04-01,1028
00939,統一台灣高息動能,147,32,115,合庫-彰化,2024-04-01,1028
2537,聯上發,101,7,94,合庫-彰化,2024-04-01,1028
6189,豐藝,105,12,93,合庫-彰化,2024-04-01,1028
8096,擎亞,94,8,86,合庫-彰化,2024-04-01,1028
00665L,富邦�琤肭磪囓�2,70,0,70,合庫-彰化,2024-04-01,1028
1584,精剛,79,9,70,合庫-彰化,2024-04-01,1028
1301,台塑,53,3,50,合庫-彰化,2024-04-01,1028
00937B,群益ESG投等債20,63,20,43,合庫-彰化,2024-04-01,1028
00915,凱基優選高股息30,41,5,36,合庫-彰化,2024-04-01,1028
9904,寶成,46,12,34,合庫-彰化,2024-04-01,1028
00929,復華台灣科技優息,60,29,31,合庫-彰化,2024-04-01,1028
00673R,期元大S＆P原油反1,30,0,30,合庫-彰化,2024-04-01,1028
3380,明泰,25,3,22,合庫-彰化,2024-04-01,1028
3530,晶相光,21,0,21,合庫-彰化,2024-04-01,1028
00674R,期元大S＆P黃金反1,20,0,20,合庫-彰化,2024-04-01,1028
1313,聯成,20,0,20,合庫-彰化,2024-04-01,1028
2729,瓦城,20,0,20,合庫-彰化,2024-04-01,1028
3231,緯創,22,3,19,合庫-彰化,2024-04-01,1028
3706,神達,30,12,18,合庫-彰化,2024-04-01,1028
00706L,期元大S＆P日圓正2,17,0,17,合庫-彰化,2024-04-01,1028
00637L,元大滬深300正2,20,4,16,合庫-彰化,2024-04-01,1028
2460,建通,16,1,15,合庫-彰化,2024-04-01,1028
1785,光洋科,14,0,14,合庫-彰化,2024-04-01,1028
4503,金雨,14,0,14,合庫-彰化,2024-04-01,1028
00633L,富邦上証正2,12,0,12,合庫-彰化,2024-04-01,1028
1504,東元,14,2,12,合庫-彰化,2024-04-01,1028
3481,群創,12,0,12,合庫-彰化,2024-04-01,1028
5864,致和證,12,0,12,合庫-彰化,2024-04-01,1028
00878,國泰永續高股息,20,8,12,合庫-彰化,2024-04-01,1028
0056,元大高股息,13,2,11,合庫-彰化,2024-04-01,1028
2891,中信金,11,0,11,合庫-彰化,2024-04-01,1028
3356,奇偶,12,1,11,合庫-彰化,2024-04-01,1028
2356,英業達,15,4,11,合庫-彰化,2024-04-01,1028
00885,富邦越南,10,0,10,合庫-彰化,2024-04-01,1028
00715L,期街口布蘭特正2,10,0,10,合庫-彰化,2024-04-01,1028
2009,第一銅,36,26,10,合庫-彰化,2024-04-01,1028
2633,台灣高鐵,10,0,10,合庫-彰化,2024-04-01,1028
3013,晟銘電,11,1,10,合庫-彰化,2024-04-01,1028
6901,鑽石投資,11,1,10,合庫-彰化,2024-04-01,1028
00687B,國泰20年美債,14,5,9,合庫-彰化,2024-04-01,1028
2368,金像電,12,3,9,合庫-彰化,2024-04-01,1028
2514,龍邦,8,0,8,合庫-彰化,2024-04-01,1028
3036,文曄,8,0,8,合庫-彰化,2024-04-01,1028
3163,波若威,8,1,7,合庫-彰化,2024-04-01,1028
2417,圓剛,8,1,7,合庫-彰化,2024-04-01,1028
5876,上海商銀,7,0,7,合庫-彰化,2024-04-01,1028
6139,亞翔,16,9,7,合庫-彰化,2024-04-01,1028
6227,茂綸,9,2,7,合庫-彰化,2024-04-01,1028
3081,聯亞,6,0,6,合庫-彰化,2024-04-01,1028
00665L,富邦�琤肭磪囓�2,924,0,924,合庫-彰化,2024-04-02,1028
00940,元大台灣價值高息,295,23,272,合庫-彰化,2024-04-02,1028
2618,長榮航,194,82,112,合庫-彰化,2024-04-02,1028
00937B,群益ESG投等債20,120,12,108,合庫-彰化,2024-04-02,1028
00687B,國泰20年美債,100,0,100,合庫-彰化,2024-04-02,1028
3049,精金,75,0,75,合庫-彰化,2024-04-02,1028
00919,群益台灣精選高息,78,4,74,合庫-彰化,2024-04-02,1028
00680L,元大美債20正2,71,0,71,合庫-彰化,2024-04-02,1028
00929,復華台灣科技優息,112,45,67,合庫-彰化,2024-04-02,1028
00632R,元大台灣50反1,56,0,56,合庫-彰化,2024-04-02,1028
00933B,國泰10Y+金融債,58,13,45,合庫-彰化,2024-04-02,1028
00673R,期元大S＆P原油反1,31,0,31,合庫-彰化,2024-04-02,1028
1584,精剛,50,20,30,合庫-彰化,2024-04-02,1028
00679B,元大美債20年,27,0,27,合庫-彰化,2024-04-02,1028
3706,神達,29,5,24,合庫-彰化,2024-04-02,1028
5880,合庫金,24,3,21,合庫-彰化,2024-04-02,1028
00772B,中信高評級公司債,19,0,19,合庫-彰化,2024-04-02,1028
00795B,中信美國公債20年,18,0,18,合庫-彰化,2024-04-02,1028
3312,弘憶股,15,0,15,合庫-彰化,2024-04-02,1028
8033,雷虎,18,4,14,合庫-彰化,2024-04-02,1028
1316,上曜,15,1,14,合庫-彰化,2024-04-02,1028
2316,楠梓電,17,3,14,合庫-彰化,2024-04-02,1028
4503,金雨,14,0,14,合庫-彰化,2024-04-02,1028
6770,力積電,20,6,14,合庫-彰化,2024-04-02,1028
00688L,國泰20年美債正2,12,0,12,合庫-彰化,2024-04-02,1028
1515,力山,16,4,12,合庫-彰化,2024-04-02,1028
2368,金像電,12,0,12,合庫-彰化,2024-04-02,1028
00637L,元大滬深300正2,12,1,11,合庫-彰化,2024-04-02,1028
00931B,統一美債20年,11,0,11,合庫-彰化,2024-04-02,1028
1718,中纖,11,0,11,合庫-彰化,2024-04-02,1028
2897,王道銀行,11,0,11,合庫-彰化,2024-04-02,1028
00725B,國泰投資級公司債,10,0,10,合庫-彰化,2024-04-02,1028
1305,華夏,10,0,10,合庫-彰化,2024-04-02,1028
1447,力鵬,10,0,10,合庫-彰化,2024-04-02,1028
2354,鴻準,18,8,10,合庫-彰化,2024-04-02,1028
2402,毅嘉,69,59,10,合庫-彰化,2024-04-02,1028
2467,志聖,21,11,10,合庫-彰化,2024-04-02,1028
3188,鑫龍騰,11,1,10,合庫-彰化,2024-04-02,1028
00882,中信中國高股息,11,2,9,合庫-彰化,2024-04-02,1028
00720B,元大投資級公司債,9,0,9,合庫-彰化,2024-04-02,1028
2867,三商壽,9,0,9,合庫-彰化,2024-04-02,1028
8996,高力,11,2,9,合庫-彰化,2024-04-02,1028
1808,潤隆,8,0,8,合庫-彰化,2024-04-02,1028
2352,佳世達,11,3,8,合庫-彰化,2024-04-02,1028
2888,新光金,10,2,8,合庫-彰化,2024-04-02,1028
4714,永捷,12,4,8,合庫-彰化,2024-04-02,1028
6125,廣運,9,2,7,合庫-彰化,2024-04-02,1028
2367,燿華,57,50,7,合庫-彰化,2024-04-02,1028
2458,義隆,8,1,7,合庫-彰化,2024-04-02,1028
4402,郡都開發,10,3,7,合庫-彰化,2024-04-02,1028
00673R,期元大S＆P原油反1,333,0,333,合庫-彰化,2024-04-03,1028
00940,元大台灣價值高息,338,5,333,合庫-彰化,2024-04-03,1028
2801,彰銀,221,0,221,合庫-彰化,2024-04-03,1028
2884,玉山金,206,16,190,合庫-彰化,2024-04-03,1028
00937B,群益ESG投等債20,113,15,98,合庫-彰化,2024-04-03,1028
2886,兆豐金,88,0,88,合庫-彰化,2024-04-03,1028
2201,裕隆,81,0,81,合庫-彰化,2024-04-03,1028
3481,群創,79,0,79,合庫-彰化,2024-04-03,1028
8096,擎亞,87,14,73,合庫-彰化,2024-04-03,1028
00712,復華富時不動產,69,0,69,合庫-彰化,2024-04-03,1028
00679B,元大美債20年,64,0,64,合庫-彰化,2024-04-03,1028
2515,中工,131,74,57,合庫-彰化,2024-04-03,1028
00929,復華台灣科技優息,63,6,57,合庫-彰化,2024-04-03,1028
00680L,元大美債20正2,53,0,53,合庫-彰化,2024-04-03,1028
00939,統一台灣高息動能,56,4,52,合庫-彰化,2024-04-03,1028
00687B,國泰20年美債,47,0,47,合庫-彰化,2024-04-03,1028
00933B,國泰10Y+金融債,36,0,36,合庫-彰化,2024-04-03,1028
5880,合庫金,45,11,34,合庫-彰化,2024-04-03,1028
6116,彩晶,34,0,34,合庫-彰化,2024-04-03,1028
5210,寶碩,27,0,27,合庫-彰化,2024-04-03,1028
1609,大亞,28,2,26,合庫-彰化,2024-04-03,1028
5009,榮剛,34,10,24,合庫-彰化,2024-04-03,1028
00795B,中信美國公債20年,23,0,23,合庫-彰化,2024-04-03,1028
00720B,元大投資級公司債,23,0,23,合庫-彰化,2024-04-03,1028
1101,台泥,22,2,20,合庫-彰化,2024-04-03,1028
2834,臺企銀,20,0,20,合庫-彰化,2024-04-03,1028
00696B,富邦美債20年,20,0,20,合庫-彰化,2024-04-03,1028
1102,亞泥,20,0,20,合庫-彰化,2024-04-03,1028
2105,正新,18,0,18,合庫-彰化,2024-04-03,1028
3312,弘憶股,16,0,16,合庫-彰化,2024-04-03,1028
9904,寶成,16,0,16,合庫-彰化,2024-04-03,1028
2603,長榮,16,0,16,合庫-彰化,2024-04-03,1028
1524,耿鼎,26,11,15,合庫-彰化,2024-04-03,1028
1584,精剛,15,0,15,合庫-彰化,2024-04-03,1028
00941,中信上游半導體,14,0,14,合庫-彰化,2024-04-03,1028
2206,三陽工業,14,0,14,合庫-彰化,2024-04-03,1028
2537,聯上發,20,7,13,合庫-彰化,2024-04-03,1028
1514,亞力,14,2,12,合庫-彰化,2024-04-03,1028
3037,欣興,12,0,12,合庫-彰化,2024-04-03,1028
00688L,國泰20年美債正2,12,0,12,合庫-彰化,2024-04-03,1028
2009,第一銅,12,0,12,合庫-彰化,2024-04-03,1028
6189,豐藝,14,2,12,合庫-彰化,2024-04-03,1028
6213,聯茂,22,10,12,合庫-彰化,2024-04-03,1028
8105,凌巨,12,0,12,合庫-彰化,2024-04-03,1028
2409,友達,11,0,11,合庫-彰化,2024-04-03,1028
8028,昇陽半導體,11,0,11,合庫-彰化,2024-04-03,1028
2371,大同,16,6,10,合庫-彰化,2024-04-03,1028
2611,志信,10,0,10,合庫-彰化,2024-04-03,1028
6164,華興,10,0,10,合庫-彰化,2024-04-03,1028
00772B,中信高評級公司債,9,0,9,合庫-彰化,2024-04-03,1028
00680L,元大美債20正2,372,0,372,合庫-彰化,2024-04-08,1028
00673R,期元大S＆P原油反1,311,0,311,合庫-彰化,2024-04-08,1028
2618,長榮航,351,133,218,合庫-彰化,2024-04-08,1028
00929,復華台灣科技優息,202,4,198,合庫-彰化,2024-04-08,1028
00940,元大台灣價值高息,173,12,161,合庫-彰化,2024-04-08,1028
6120,達運,109,8,101,合庫-彰化,2024-04-08,1028
4912,聯德控股-KY,91,0,91,合庫-彰化,2024-04-08,1028
00687B,國泰20年美債,85,0,85,合庫-彰化,2024-04-08,1028
2884,玉山金,66,0,66,合庫-彰化,2024-04-08,1028
2881,富邦金,60,0,60,合庫-彰化,2024-04-08,1028
00679B,元大美債20年,60,0,60,合庫-彰化,2024-04-08,1028
6189,豐藝,64,9,55,合庫-彰化,2024-04-08,1028
9902,台火,37,0,37,合庫-彰化,2024-04-08,1028
00937B,群益ESG投等債20,55,25,30,合庫-彰化,2024-04-08,1028
2356,英業達,31,2,29,合庫-彰化,2024-04-08,1028
00933B,國泰10Y+金融債,31,2,29,合庫-彰化,2024-04-08,1028
1584,精剛,28,0,28,合庫-彰化,2024-04-08,1028
2374,佳能,40,12,28,合庫-彰化,2024-04-08,1028
6156,松上,27,0,27,合庫-彰化,2024-04-08,1028
4402,郡都開發,30,4,26,合庫-彰化,2024-04-08,1028
2537,聯上發,25,0,25,合庫-彰化,2024-04-08,1028
3360,尚立,24,1,23,合庫-彰化,2024-04-08,1028
5210,寶碩,23,0,23,合庫-彰化,2024-04-08,1028
00919,群益台灣精選高息,32,9,23,合庫-彰化,2024-04-08,1028
2834,臺企銀,22,2,20,合庫-彰化,2024-04-08,1028
2892,第一金,20,0,20,合庫-彰化,2024-04-08,1028
9904,寶成,20,1,19,合庫-彰化,2024-04-08,1028
2371,大同,26,10,16,合庫-彰化,2024-04-08,1028
3036,文曄,20,5,15,合庫-彰化,2024-04-08,1028
5009,榮剛,15,0,15,合庫-彰化,2024-04-08,1028
5443,均豪,22,7,15,合庫-彰化,2024-04-08,1028
6163,華電網,15,0,15,合庫-彰化,2024-04-08,1028
3450,聯鈞,14,0,14,合庫-彰化,2024-04-08,1028
8097,常珵,13,0,13,合庫-彰化,2024-04-08,1028
00885,富邦越南,12,0,12,合庫-彰化,2024-04-08,1028
2605,新興,12,0,12,合庫-彰化,2024-04-08,1028
3042,晶技,12,0,12,合庫-彰化,2024-04-08,1028
2727,王品,11,0,11,合庫-彰化,2024-04-08,1028
00795B,中信美國公債20年,11,0,11,合庫-彰化,2024-04-08,1028
5324,士開,22,11,11,合庫-彰化,2024-04-08,1028
8028,昇陽半導體,11,0,11,合庫-彰化,2024-04-08,1028
1466,聚隆,10,0,10,合庫-彰化,2024-04-08,1028
2855,統一證,15,5,10,合庫-彰化,2024-04-08,1028
3702,大聯大,10,0,10,合庫-彰化,2024-04-08,1028
4526,東台,10,0,10,合庫-彰化,2024-04-08,1028
8092,建暐,11,1,10,合庫-彰化,2024-04-08,1028
2886,兆豐金,10,1,9,合庫-彰化,2024-04-08,1028
00927,群益半導體收益,9,0,9,合庫-彰化,2024-04-08,1028
00915,凱基優選高股息30,9,0,9,合庫-彰化,2024-04-08,1028
00911,兆豐洲際半導體,9,0,9,合庫-彰化,2024-04-08,1028
4533,協易機,465,7,458,合庫-彰化,2024-04-09,1028
00937B,群益ESG投等債20,204,6,198,合庫-彰化,2024-04-09,1028
2537,聯上發,149,1,148,合庫-彰化,2024-04-09,1028
2356,英業達,124,4,120,合庫-彰化,2024-04-09,1028
00940,元大台灣價值高息,126,51,75,合庫-彰化,2024-04-09,1028
3060,銘異,75,0,75,合庫-彰化,2024-04-09,1028
00885,富邦越南,60,2,58,合庫-彰化,2024-04-09,1028
3363,上詮,65,9,56,合庫-彰化,2024-04-09,1028
5469,瀚宇博,56,0,56,合庫-彰化,2024-04-09,1028
00857B,永豐20年美公債,55,0,55,合庫-彰化,2024-04-09,1028
3231,緯創,87,38,49,合庫-彰化,2024-04-09,1028
5521,工信,64,18,46,合庫-彰化,2024-04-09,1028
1608,華榮,53,10,43,合庫-彰化,2024-04-09,1028
2402,毅嘉,84,44,40,合庫-彰化,2024-04-09,1028
00687B,國泰20年美債,38,0,38,合庫-彰化,2024-04-09,1028
2611,志信,70,32,38,合庫-彰化,2024-04-09,1028
2886,兆豐金,40,5,35,合庫-彰化,2024-04-09,1028
00632R,元大台灣50反1,31,0,31,合庫-彰化,2024-04-09,1028
2028,威致,32,2,30,合庫-彰化,2024-04-09,1028
1304,台聚,30,1,29,合庫-彰化,2024-04-09,1028
2367,燿華,40,15,25,合庫-彰化,2024-04-09,1028
4503,金雨,23,0,23,合庫-彰化,2024-04-09,1028
1513,中興電,65,43,22,合庫-彰化,2024-04-09,1028
00664R,國泰臺灣加權反1,20,0,20,合庫-彰化,2024-04-09,1028
00673R,期元大S＆P原油反1,20,0,20,合庫-彰化,2024-04-09,1028
1455,集盛,20,0,20,合庫-彰化,2024-04-09,1028
6469,大樹,20,0,20,合庫-彰化,2024-04-09,1028
00929,復華台灣科技優息,19,0,19,合庫-彰化,2024-04-09,1028
00941,中信上游半導體,17,0,17,合庫-彰化,2024-04-09,1028
2313,華通,21,5,16,合庫-彰化,2024-04-09,1028
5210,寶碩,16,0,16,合庫-彰化,2024-04-09,1028
0061,元大寶滬深,15,0,15,合庫-彰化,2024-04-09,1028
1313,聯成,15,0,15,合庫-彰化,2024-04-09,1028
2316,楠梓電,18,3,15,合庫-彰化,2024-04-09,1028
3583,辛耘,25,10,15,合庫-彰化,2024-04-09,1028
2344,華邦電,14,0,14,合庫-彰化,2024-04-09,1028
6257,矽格,16,2,14,合庫-彰化,2024-04-09,1028
2301,光寶科,29,16,13,合庫-彰化,2024-04-09,1028
00919,群益台灣精選高息,23,10,13,合庫-彰化,2024-04-09,1028
1587,吉茂,15,4,11,合庫-彰化,2024-04-09,1028
2371,大同,26,15,11,合庫-彰化,2024-04-09,1028
00738U,期元大道瓊白銀,10,0,10,合庫-彰化,2024-04-09,1028
00679B,元大美債20年,12,2,10,合庫-彰化,2024-04-09,1028
1539,巨庭,10,0,10,合庫-彰化,2024-04-09,1028
3653,健策,10,0,10,合庫-彰化,2024-04-09,1028
4402,郡都開發,10,0,10,合庫-彰化,2024-04-09,1028
4414,如興,10,0,10,合庫-彰化,2024-04-09,1028
5608,四維航,10,0,10,合庫-彰化,2024-04-09,1028
8070,長華*,10,0,10,合庫-彰化,2024-04-09,1028
1809,中釉,9,0,9,合庫-彰化,2024-04-09,1028
00673R,期元大S＆P原油反1,300,0,300,合庫-彰化,2024-04-10,1028
3363,上詮,108,3,105,合庫-彰化,2024-04-10,1028
3060,銘異,94,1,93,合庫-彰化,2024-04-10,1028
00940,元大台灣價值高息,97,41,56,合庫-彰化,2024-04-10,1028
8996,高力,56,0,56,合庫-彰化,2024-04-10,1028
00919,群益台灣精選高息,57,3,54,合庫-彰化,2024-04-10,1028
00637L,元大滬深300正2,53,0,53,合庫-彰化,2024-04-10,1028
4402,郡都開發,50,6,44,合庫-彰化,2024-04-10,1028
2836,高雄銀,50,7,43,合庫-彰化,2024-04-10,1028
2888,新光金,68,28,40,合庫-彰化,2024-04-10,1028
2014,中鴻,58,20,38,合庫-彰化,2024-04-10,1028
2353,宏��,53,20,33,合庫-彰化,2024-04-10,1028
2025,千興,37,8,29,合庫-彰化,2024-04-10,1028
2887,台新金,26,0,26,合庫-彰化,2024-04-10,1028
6016,康和證,26,0,26,合庫-彰化,2024-04-10,1028
6269,台郡,26,0,26,合庫-彰化,2024-04-10,1028
5880,合庫金,24,0,24,合庫-彰化,2024-04-10,1028
1409,新纖,21,0,21,合庫-彰化,2024-04-10,1028
2371,大同,30,10,20,合庫-彰化,2024-04-10,1028
2402,毅嘉,34,14,20,合庫-彰化,2024-04-10,1028
4716,大立,20,0,20,合庫-彰化,2024-04-10,1028
1608,華榮,32,13,19,合庫-彰化,2024-04-10,1028
2029,盛餘,69,50,19,合庫-彰化,2024-04-10,1028
3576,聯合再生,24,5,19,合庫-彰化,2024-04-10,1028
2891,中信金,18,0,18,合庫-彰化,2024-04-10,1028
2317,鴻海,26,8,18,合庫-彰化,2024-04-10,1028
8033,雷虎,17,0,17,合庫-彰化,2024-04-10,1028
2382,廣達,19,2,17,合庫-彰化,2024-04-10,1028
2464,盟立,25,8,17,合庫-彰化,2024-04-10,1028
2609,陽明,18,2,16,合庫-彰化,2024-04-10,1028
6432,今展科,16,0,16,合庫-彰化,2024-04-10,1028
9904,寶成,20,4,16,合庫-彰化,2024-04-10,1028
2330,台積電,16,1,15,合庫-彰化,2024-04-10,1028
1584,精剛,33,18,15,合庫-彰化,2024-04-10,1028
5244,弘凱,20,6,14,合庫-彰化,2024-04-10,1028
6125,廣運,15,2,13,合庫-彰化,2024-04-10,1028
8097,常珵,13,0,13,合庫-彰化,2024-04-10,1028
5871,中租-KY,13,0,13,合庫-彰化,2024-04-10,1028
00752,中信中國50,12,0,12,合庫-彰化,2024-04-10,1028
00941,中信上游半導體,13,1,12,合庫-彰化,2024-04-10,1028
2486,一詮,14,2,12,合庫-彰化,2024-04-10,1028
2634,漢翔,30,18,12,合庫-彰化,2024-04-10,1028
00922,國泰台灣領袖50,11,0,11,合庫-彰化,2024-04-10,1028
2356,英業達,13,2,11,合庫-彰化,2024-04-10,1028
3479,安勤,12,1,11,合庫-彰化,2024-04-10,1028
1503,士電,13,3,10,合庫-彰化,2024-04-10,1028
00680L,元大美債20正2,10,0,10,合庫-彰化,2024-04-10,1028
1536,和大,10,0,10,合庫-彰化,2024-04-10,1028
2015,豐興,10,0,10,合庫-彰化,2024-04-10,1028
2528,皇普,10,0,10,合庫-彰化,2024-04-10,1028
00680L,元大美債20正2,936,81,855,合庫-彰化,2024-04-11,1028
3481,群創,599,0,599,合庫-彰化,2024-04-11,1028
00937B,群益ESG投等債20,232,2,230,合庫-彰化,2024-04-11,1028
00673R,期元大S＆P原油反1,212,0,212,合庫-彰化,2024-04-11,1028
3363,上詮,133,4,129,合庫-彰化,2024-04-11,1028
2881,富邦金,123,0,123,合庫-彰化,2024-04-11,1028
00679B,元大美債20年,88,1,87,合庫-彰化,2024-04-11,1028
00940,元大台灣價值高息,262,179,83,合庫-彰化,2024-04-11,1028
2528,皇普,78,0,78,合庫-彰化,2024-04-11,1028
00687B,國泰20年美債,76,2,74,合庫-彰化,2024-04-11,1028
3576,聯合再生,68,1,67,合庫-彰化,2024-04-11,1028
1734,杏輝,70,5,65,合庫-彰化,2024-04-11,1028
1584,精剛,60,0,60,合庫-彰化,2024-04-11,1028
00929,復華台灣科技優息,62,4,58,合庫-彰化,2024-04-11,1028
00712,復華富時不動產,57,0,57,合庫-彰化,2024-04-11,1028
2303,聯電,58,6,52,合庫-彰化,2024-04-11,1028
00939,統一台灣高息動能,65,26,39,合庫-彰化,2024-04-11,1028
2317,鴻海,65,29,36,合庫-彰化,2024-04-11,1028
00931B,統一美債20年,33,0,33,合庫-彰化,2024-04-11,1028
00941,中信上游半導體,32,1,31,合庫-彰化,2024-04-11,1028
4114,健喬,31,0,31,合庫-彰化,2024-04-11,1028
00795B,中信美國公債20年,27,2,25,合庫-彰化,2024-04-11,1028
00919,群益台灣精選高息,35,13,22,合庫-彰化,2024-04-11,1028
2409,友達,22,1,21,合庫-彰化,2024-04-11,1028
3042,晶技,22,1,21,合庫-彰化,2024-04-11,1028
00905,FT臺灣Smart,22,2,20,合庫-彰化,2024-04-11,1028
2630,亞航,35,15,20,合庫-彰化,2024-04-11,1028
6550,北極星藥業-KY,20,0,20,合庫-彰化,2024-04-11,1028
3706,神達,23,4,19,合庫-彰化,2024-04-11,1028
2515,中工,19,0,19,合庫-彰化,2024-04-11,1028
2427,三商電,20,2,18,合庫-彰化,2024-04-11,1028
3062,建漢,20,2,18,合庫-彰化,2024-04-11,1028
00933B,國泰10Y+金融債,18,1,17,合庫-彰化,2024-04-11,1028
2886,兆豐金,17,0,17,合庫-彰化,2024-04-11,1028
3060,銘異,30,13,17,合庫-彰化,2024-04-11,1028
4545,銘鈺,17,0,17,合庫-彰化,2024-04-11,1028
2316,楠梓電,20,4,16,合庫-彰化,2024-04-11,1028
2537,聯上發,25,10,15,合庫-彰化,2024-04-11,1028
00706L,期元大S＆P日圓正2,14,0,14,合庫-彰化,2024-04-11,1028
6160,欣技,13,0,13,合庫-彰化,2024-04-11,1028
00688L,國泰20年美債正2,16,4,12,合庫-彰化,2024-04-11,1028
2313,華通,12,0,12,合庫-彰化,2024-04-11,1028
8011,台通,39,27,12,合庫-彰化,2024-04-11,1028
6789,采鈺,11,0,11,合庫-彰化,2024-04-11,1028
2611,志信,31,20,11,合庫-彰化,2024-04-11,1028
4503,金雨,12,1,11,合庫-彰化,2024-04-11,1028
4714,永捷,13,2,11,合庫-彰化,2024-04-11,1028
6235,華孚,12,1,11,合庫-彰化,2024-04-11,1028
1718,中纖,10,0,10,合庫-彰化,2024-04-11,1028
2464,盟立,16,6,10,合庫-彰化,2024-04-11,1028
2834,臺企銀,368,0,368,合庫-彰化,2024-04-12,1028
8112,至上,323,1,322,合庫-彰化,2024-04-12,1028
6015,宏遠證,244,0,244,合庫-彰化,2024-04-12,1028
2881,富邦金,104,0,104,合庫-彰化,2024-04-12,1028
00940,元大台灣價值高息,147,60,87,合庫-彰化,2024-04-12,1028
1795,美時,95,12,83,合庫-彰化,2024-04-12,1028
3363,上詮,65,5,60,合庫-彰化,2024-04-12,1028
9921,巨大,54,2,52,合庫-彰化,2024-04-12,1028
00933B,國泰10Y+金融債,40,0,40,合庫-彰化,2024-04-12,1028
00929,復華台灣科技優息,48,8,40,合庫-彰化,2024-04-12,1028
3715,定穎投控,31,2,29,合庫-彰化,2024-04-12,1028
2501,國建,45,18,27,合庫-彰化,2024-04-12,1028
00878,國泰永續高股息,30,5,25,合庫-彰化,2024-04-12,1028
1734,杏輝,25,0,25,合庫-彰化,2024-04-12,1028
3481,群創,30,5,25,合庫-彰化,2024-04-12,1028
3231,緯創,40,16,24,合庫-彰化,2024-04-12,1028
00687B,國泰20年美債,22,0,22,合庫-彰化,2024-04-12,1028
2344,華邦電,22,0,22,合庫-彰化,2024-04-12,1028
9904,寶成,21,0,21,合庫-彰化,2024-04-12,1028
2618,長榮航,29,8,21,合庫-彰化,2024-04-12,1028
5880,合庫金,20,0,20,合庫-彰化,2024-04-12,1028
8429,金麗-KY,20,0,20,合庫-彰化,2024-04-12,1028
1316,上曜,22,3,19,合庫-彰化,2024-04-12,1028
1584,精剛,32,14,18,合庫-彰化,2024-04-12,1028
00795B,中信美國公債20年,17,0,17,合庫-彰化,2024-04-12,1028
2002,中鋼,17,1,16,合庫-彰化,2024-04-12,1028
3339,泰谷,18,2,16,合庫-彰化,2024-04-12,1028
8011,台通,18,2,16,合庫-彰化,2024-04-12,1028
2308,台達電,14,0,14,合庫-彰化,2024-04-12,1028
5251,天鉞電,27,14,13,合庫-彰化,2024-04-12,1028
8097,常珵,14,1,13,合庫-彰化,2024-04-12,1028
9933,中鼎,13,0,13,合庫-彰化,2024-04-12,1028
00720B,元大投資級公司債,12,0,12,合庫-彰化,2024-04-12,1028
2886,兆豐金,11,0,11,合庫-彰化,2024-04-12,1028
3714,富采,11,0,11,合庫-彰化,2024-04-12,1028
2382,廣達,10,0,10,合庫-彰化,2024-04-12,1028
1455,集盛,12,2,10,合庫-彰化,2024-04-12,1028
2929,淘帝-KY,10,0,10,合庫-彰化,2024-04-12,1028
4503,金雨,10,0,10,合庫-彰化,2024-04-12,1028
4716,大立,10,0,10,合庫-彰化,2024-04-12,1028
5608,四維航,11,1,10,合庫-彰化,2024-04-12,1028
6248,沛波,12,2,10,合庫-彰化,2024-04-12,1028
8442,威宏-KY,10,0,10,合庫-彰化,2024-04-12,1028
8996,高力,62,53,9,合庫-彰化,2024-04-12,1028
3024,憶聲,9,0,9,合庫-彰化,2024-04-12,1028
6120,達運,9,0,9,合庫-彰化,2024-04-12,1028
2352,佳世達,9,1,8,合庫-彰化,2024-04-12,1028
00919,群益台灣精選高息,13,5,8,合庫-彰化,2024-04-12,1028
00918,大華優利高填息30,8,0,8,合庫-彰化,2024-04-12,1028
00751B,元大AAA至A公司債,8,0,8,合庫-彰化,2024-04-12,1028
00929,復華台灣科技優息,231,7,224,合庫-彰化,2024-04-15,1028
3708,上緯投控,159,5,154,合庫-彰化,2024-04-15,1028
00940,元大台灣價值高息,145,16,129,合庫-彰化,2024-04-15,1028
00937B,群益ESG投等債20,77,0,77,合庫-彰化,2024-04-15,1028
9934,成霖,70,0,70,合庫-彰化,2024-04-15,1028
2367,燿華,101,38,63,合庫-彰化,2024-04-15,1028
2303,聯電,62,2,60,合庫-彰化,2024-04-15,1028
2317,鴻海,59,4,55,合庫-彰化,2024-04-15,1028
00712,復華富時不動產,53,0,53,合庫-彰化,2024-04-15,1028
1712,興農,51,0,51,合庫-彰化,2024-04-15,1028
2344,華邦電,45,1,44,合庫-彰化,2024-04-15,1028
00933B,國泰10Y+金融債,42,0,42,合庫-彰化,2024-04-15,1028
00939,統一台灣高息動能,46,5,41,合庫-彰化,2024-04-15,1028
2888,新光金,45,10,35,合庫-彰化,2024-04-15,1028
00679B,元大美債20年,36,2,34,合庫-彰化,2024-04-15,1028
2371,大同,82,50,32,合庫-彰化,2024-04-15,1028
2611,志信,40,10,30,合庫-彰化,2024-04-15,1028
1608,華榮,145,116,29,合庫-彰化,2024-04-15,1028
00680L,元大美債20正2,42,14,28,合庫-彰化,2024-04-15,1028
3231,緯創,35,11,24,合庫-彰化,2024-04-15,1028
2374,佳能,40,17,23,合庫-彰化,2024-04-15,1028
00687B,國泰20年美債,23,0,23,合庫-彰化,2024-04-15,1028
2009,第一銅,28,5,23,合庫-彰化,2024-04-15,1028
2834,臺企銀,23,0,23,合庫-彰化,2024-04-15,1028
5498,凱崴,22,0,22,合庫-彰化,2024-04-15,1028
00878,國泰永續高股息,25,4,21,合庫-彰化,2024-04-15,1028
1514,亞力,79,59,20,合庫-彰化,2024-04-15,1028
1455,集盛,20,0,20,合庫-彰化,2024-04-15,1028
2101,南港,20,0,20,合庫-彰化,2024-04-15,1028
00941,中信上游半導體,22,2,20,合庫-彰化,2024-04-15,1028
3312,弘憶股,40,21,19,合庫-彰化,2024-04-15,1028
3498,陽程,100,81,19,合庫-彰化,2024-04-15,1028
6229,研通,19,0,19,合庫-彰化,2024-04-15,1028
00919,群益台灣精選高息,43,24,19,合庫-彰化,2024-04-15,1028
2880,華南金,19,1,18,合庫-彰化,2024-04-15,1028
3712,永崴投控,18,2,16,合庫-彰化,2024-04-15,1028
4121,優盛,16,0,16,合庫-彰化,2024-04-15,1028
1513,中興電,35,19,16,合庫-彰化,2024-04-15,1028
4533,協易機,26,11,15,合庫-彰化,2024-04-15,1028
8046,南電,18,3,15,合庫-彰化,2024-04-15,1028
4743,合一,16,1,15,合庫-彰化,2024-04-15,1028
1785,光洋科,26,11,15,合庫-彰化,2024-04-15,1028
2014,中鴻,18,3,15,合庫-彰化,2024-04-15,1028
2208,台船,15,0,15,合庫-彰化,2024-04-15,1028
6156,松上,20,5,15,合庫-彰化,2024-04-15,1028
2330,台積電,15,0,15,合庫-彰化,2024-04-15,1028
00881,國泰台灣5G+,15,0,15,合庫-彰化,2024-04-15,1028
6248,沛波,13,0,13,合庫-彰化,2024-04-15,1028
2618,長榮航,13,0,13,合庫-彰化,2024-04-15,1028
1618,合機,22,10,12,合庫-彰化,2024-04-15,1028
00940,元大台灣價值高息,530,29,501,合庫-彰化,2024-04-16,1028
00929,復華台灣科技優息,304,67,237,合庫-彰化,2024-04-16,1028
00671R,富邦NASDAQ反1,200,0,200,合庫-彰化,2024-04-16,1028
00919,群益台灣精選高息,194,28,166,合庫-彰化,2024-04-16,1028
00939,統一台灣高息動能,167,2,165,合庫-彰化,2024-04-16,1028
2867,三商壽,147,24,123,合庫-彰化,2024-04-16,1028
00937B,群益ESG投等債20,134,20,114,合庫-彰化,2024-04-16,1028
00903,富邦元宇宙,75,0,75,合庫-彰化,2024-04-16,1028
2881,富邦金,66,0,66,合庫-彰化,2024-04-16,1028
6120,達運,101,41,60,合庫-彰化,2024-04-16,1028
2330,台積電,58,1,57,合庫-彰化,2024-04-16,1028
2317,鴻海,73,24,49,合庫-彰化,2024-04-16,1028
2303,聯電,52,5,47,合庫-彰化,2024-04-16,1028
3481,群創,55,9,46,合庫-彰化,2024-04-16,1028
1609,大亞,162,118,44,合庫-彰化,2024-04-16,1028
5009,榮剛,49,5,44,合庫-彰化,2024-04-16,1028
3708,上緯投控,43,0,43,合庫-彰化,2024-04-16,1028
00632R,元大台灣50反1,72,30,42,合庫-彰化,2024-04-16,1028
2887,台新金,50,8,42,合庫-彰化,2024-04-16,1028
00665L,富邦�琤肭磪囓�2,270,235,35,合庫-彰化,2024-04-16,1028
2367,燿華,138,103,35,合庫-彰化,2024-04-16,1028
1795,美時,34,2,32,合庫-彰化,2024-04-16,1028
2344,華邦電,33,1,32,合庫-彰化,2024-04-16,1028
2888,新光金,33,3,30,合庫-彰化,2024-04-16,1028
4743,合一,32,3,29,合庫-彰化,2024-04-16,1028
2332,友訊,29,0,29,合庫-彰化,2024-04-16,1028
2331,精英,28,0,28,合庫-彰化,2024-04-16,1028
3060,銘異,35,7,28,合庫-彰化,2024-04-16,1028
8996,高力,29,2,27,合庫-彰化,2024-04-16,1028
3231,緯創,55,29,26,合庫-彰化,2024-04-16,1028
2609,陽明,30,5,25,合庫-彰化,2024-04-16,1028
0056,元大高股息,51,26,25,合庫-彰化,2024-04-16,1028
8033,雷虎,30,5,25,合庫-彰化,2024-04-16,1028
00712,復華富時不動產,31,7,24,合庫-彰化,2024-04-16,1028
00885,富邦越南,28,5,23,合庫-彰化,2024-04-16,1028
2014,中鴻,27,4,23,合庫-彰化,2024-04-16,1028
00941,中信上游半導體,22,0,22,合庫-彰化,2024-04-16,1028
5392,能率,32,10,22,合庫-彰化,2024-04-16,1028
9904,寶成,23,1,22,合庫-彰化,2024-04-16,1028
00918,大華優利高填息30,36,15,21,合庫-彰化,2024-04-16,1028
00927,群益半導體收益,20,0,20,合庫-彰化,2024-04-16,1028
2029,盛餘,20,0,20,合庫-彰化,2024-04-16,1028
8467,波力-KY,20,0,20,合庫-彰化,2024-04-16,1028
2886,兆豐金,20,1,19,合庫-彰化,2024-04-16,1028
00878,國泰永續高股息,106,87,19,合庫-彰化,2024-04-16,1028
1785,光洋科,20,1,19,合庫-彰化,2024-04-16,1028
2002,中鋼,18,0,18,合庫-彰化,2024-04-16,1028
2618,長榮航,20,2,18,合庫-彰化,2024-04-16,1028
2352,佳世達,19,2,17,合庫-彰化,2024-04-16,1028
2301,光寶科,19,3,16,合庫-彰化,2024-04-16,1028
2303,聯電,1247,2,1245,合庫-彰化,2024-04-17,1028
00929,復華台灣科技優息,267,1,266,合庫-彰化,2024-04-17,1028
00937B,群益ESG投等債20,158,0,158,合庫-彰化,2024-04-17,1028
00665L,富邦�琤肭磪囓�2,300,200,100,合庫-彰化,2024-04-17,1028
0056,元大高股息,85,0,85,合庫-彰化,2024-04-17,1028
2317,鴻海,106,30,76,合庫-彰化,2024-04-17,1028
3576,聯合再生,70,2,68,合庫-彰化,2024-04-17,1028
8097,常珵,77,10,67,合庫-彰化,2024-04-17,1028
00712,復華富時不動產,60,0,60,合庫-彰化,2024-04-17,1028
00919,群益台灣精選高息,61,8,53,合庫-彰化,2024-04-17,1028
00857B,永豐20年美公債,48,0,48,合庫-彰化,2024-04-17,1028
5210,寶碩,48,0,48,合庫-彰化,2024-04-17,1028
00878,國泰永續高股息,43,1,42,合庫-彰化,2024-04-17,1028
1712,興農,39,0,39,合庫-彰化,2024-04-17,1028
00687B,國泰20年美債,41,4,37,合庫-彰化,2024-04-17,1028
2618,長榮航,53,19,34,合庫-彰化,2024-04-17,1028
2609,陽明,30,0,30,合庫-彰化,2024-04-17,1028
00720B,元大投資級公司債,30,0,30,合庫-彰化,2024-04-17,1028
00673R,期元大S＆P原油反1,30,0,30,合庫-彰化,2024-04-17,1028
00940,元大台灣價值高息,64,34,30,合庫-彰化,2024-04-17,1028
2801,彰銀,30,0,30,合庫-彰化,2024-04-17,1028
00679B,元大美債20年,30,0,30,合庫-彰化,2024-04-17,1028
1617,榮星,30,2,28,合庫-彰化,2024-04-17,1028
00632R,元大台灣50反1,25,0,25,合庫-彰化,2024-04-17,1028
3231,緯創,37,13,24,合庫-彰化,2024-04-17,1028
2406,國碩,25,1,24,合庫-彰化,2024-04-17,1028
2610,華航,24,0,24,合庫-彰化,2024-04-17,1028
00927,群益半導體收益,23,0,23,合庫-彰化,2024-04-17,1028
2313,華通,22,0,22,合庫-彰化,2024-04-17,1028
2337,旺宏,22,0,22,合庫-彰化,2024-04-17,1028
2371,大同,113,91,22,合庫-彰化,2024-04-17,1028
00933B,國泰10Y+金融債,29,8,21,合庫-彰化,2024-04-17,1028
3481,群創,20,0,20,合庫-彰化,2024-04-17,1028
1789,神隆,20,0,20,合庫-彰化,2024-04-17,1028
4743,合一,25,5,20,合庫-彰化,2024-04-17,1028
6770,力積電,21,1,20,合庫-彰化,2024-04-17,1028
1584,精剛,40,22,18,合庫-彰化,2024-04-17,1028
9904,寶成,17,0,17,合庫-彰化,2024-04-17,1028
4526,東台,16,0,16,合庫-彰化,2024-04-17,1028
6163,華電網,16,0,16,合庫-彰化,2024-04-17,1028
1316,上曜,15,0,15,合庫-彰化,2024-04-17,1028
3027,盛達,18,3,15,合庫-彰化,2024-04-17,1028
4114,健喬,15,0,15,合庫-彰化,2024-04-17,1028
1504,東元,25,10,15,合庫-彰化,2024-04-17,1028
00939,統一台灣高息動能,15,1,14,合庫-彰化,2024-04-17,1028
2353,宏��,13,0,13,合庫-彰化,2024-04-17,1028
2886,兆豐金,13,0,13,合庫-彰化,2024-04-17,1028
4958,臻鼎-KY,13,0,13,合庫-彰化,2024-04-17,1028
3264,欣銓,12,0,12,合庫-彰化,2024-04-17,1028
6282,康舒,12,0,12,合庫-彰化,2024-04-17,1028
00632R,元大台灣50反1,1001,499,502,合庫-彰化,2024-04-18,1028
00937B,群益ESG投等債20,132,10,122,合庫-彰化,2024-04-18,1028
1467,南緯,120,0,120,合庫-彰化,2024-04-18,1028
00929,復華台灣科技優息,115,3,112,合庫-彰化,2024-04-18,1028
3708,上緯投控,100,17,83,合庫-彰化,2024-04-18,1028
2537,聯上發,83,3,80,合庫-彰化,2024-04-18,1028
2316,楠梓電,47,4,43,合庫-彰化,2024-04-18,1028
9933,中鼎,46,4,42,合庫-彰化,2024-04-18,1028
00940,元大台灣價值高息,75,38,37,合庫-彰化,2024-04-18,1028
00725B,國泰投資級公司債,31,0,31,合庫-彰化,2024-04-18,1028
00919,群益台灣精選高息,32,4,28,合庫-彰化,2024-04-18,1028
2344,華邦電,41,15,26,合庫-彰化,2024-04-18,1028
5515,建國,32,8,24,合庫-彰化,2024-04-18,1028
0056,元大高股息,23,0,23,合庫-彰化,2024-04-18,1028
1605,華新,65,43,22,合庫-彰化,2024-04-18,1028
00712,復華富時不動產,22,0,22,合庫-彰化,2024-04-18,1028
3481,群創,56,34,22,合庫-彰化,2024-04-18,1028
2501,國建,33,12,21,合庫-彰化,2024-04-18,1028
00941,中信上游半導體,26,5,21,合庫-彰化,2024-04-18,1028
2017,官田鋼,20,0,20,合庫-彰化,2024-04-18,1028
00942B,台新美A公司債20+,20,1,19,合庫-彰化,2024-04-18,1028
3013,晟銘電,34,15,19,合庫-彰化,2024-04-18,1028
3027,盛達,25,6,19,合庫-彰化,2024-04-18,1028
5392,能率,29,10,19,合庫-彰化,2024-04-18,1028
8473,山林水,20,1,19,合庫-彰化,2024-04-18,1028
8926,台汽電,19,0,19,合庫-彰化,2024-04-18,1028
2329,華泰,18,0,18,合庫-彰化,2024-04-18,1028
2374,佳能,32,14,18,合庫-彰化,2024-04-18,1028
2889,國票金,16,0,16,合庫-彰化,2024-04-18,1028
1316,上曜,15,0,15,合庫-彰化,2024-04-18,1028
2610,華航,35,20,15,合庫-彰化,2024-04-18,1028
5512,力麒,15,0,15,合庫-彰化,2024-04-18,1028
1785,光洋科,19,4,15,合庫-彰化,2024-04-18,1028
00720B,元大投資級公司債,19,5,14,合庫-彰化,2024-04-18,1028
2337,旺宏,13,0,13,合庫-彰化,2024-04-18,1028
3707,漢磊,12,0,12,合庫-彰化,2024-04-18,1028
00715L,期街口布蘭特正2,12,0,12,合庫-彰化,2024-04-18,1028
1616,億泰,13,1,12,合庫-彰化,2024-04-18,1028
3363,上詮,77,65,12,合庫-彰化,2024-04-18,1028
6274,台燿,12,0,12,合庫-彰化,2024-04-18,1028
1529,樂事綠能,12,1,11,合庫-彰化,2024-04-18,1028
00923,群益台ESG低碳50,11,0,11,合庫-彰化,2024-04-18,1028
1611,中電,35,24,11,合庫-彰化,2024-04-18,1028
2303,聯電,11,0,11,合庫-彰化,2024-04-18,1028
1504,東元,29,19,10,合庫-彰化,2024-04-18,1028
00687B,國泰20年美債,15,5,10,合庫-彰化,2024-04-18,1028
2392,正崴,10,0,10,合庫-彰化,2024-04-18,1028
2371,大同,138,129,9,合庫-彰化,2024-04-18,1028
2538,基泰,10,1,9,合庫-彰化,2024-04-18,1028
6120,達運,11,2,9,合庫-彰化,2024-04-18,1028
00929,復華台灣科技優息,412,29,383,合庫-彰化,2024-04-19,1028
5531,鄉林,186,3,183,合庫-彰化,2024-04-19,1028
00940,元大台灣價值高息,220,38,182,合庫-彰化,2024-04-19,1028
00857B,永豐20年美公債,120,0,120,合庫-彰化,2024-04-19,1028
2303,聯電,129,9,120,合庫-彰化,2024-04-19,1028
2330,台積電,119,9,110,合庫-彰化,2024-04-19,1028
00919,群益台灣精選高息,180,98,82,合庫-彰化,2024-04-19,1028
5880,合庫金,113,32,81,合庫-彰化,2024-04-19,1028
00939,統一台灣高息動能,113,36,77,合庫-彰化,2024-04-19,1028
2801,彰銀,72,0,72,合庫-彰化,2024-04-19,1028
2317,鴻海,85,16,69,合庫-彰化,2024-04-19,1028
5210,寶碩,55,1,54,合庫-彰化,2024-04-19,1028
0056,元大高股息,73,22,51,合庫-彰化,2024-04-19,1028
2547,日勝生,52,9,43,合庫-彰化,2024-04-19,1028
00706L,期元大S＆P日圓正2,40,0,40,合庫-彰化,2024-04-19,1028
3708,上緯投控,45,8,37,合庫-彰化,2024-04-19,1028
2241,艾姆勒,49,15,34,合庫-彰化,2024-04-19,1028
2812,台中銀,35,5,30,合庫-彰化,2024-04-19,1028
2630,亞航,40,11,29,合庫-彰化,2024-04-19,1028
00885,富邦越南,68,40,28,合庫-彰化,2024-04-19,1028
8097,常珵,32,4,28,合庫-彰化,2024-04-19,1028
2515,中工,110,86,24,合庫-彰化,2024-04-19,1028
2409,友達,26,3,23,合庫-彰化,2024-04-19,1028
2897,王道銀行,23,0,23,合庫-彰化,2024-04-19,1028
5512,力麒,26,5,21,合庫-彰化,2024-04-19,1028
2881,富邦金,20,0,20,合庫-彰化,2024-04-19,1028
00650L,復華香港正2,20,0,20,合庫-彰化,2024-04-19,1028
1514,亞力,21,1,20,合庫-彰化,2024-04-19,1028
2615,萬海,25,6,19,合庫-彰化,2024-04-19,1028
6789,采鈺,19,0,19,合庫-彰化,2024-04-19,1028
1608,華榮,165,146,19,合庫-彰化,2024-04-19,1028
1609,大亞,135,116,19,合庫-彰化,2024-04-19,1028
2338,光罩,17,0,17,合庫-彰化,2024-04-19,1028
6156,松上,17,0,17,合庫-彰化,2024-04-19,1028
6282,康舒,17,1,16,合庫-彰化,2024-04-19,1028
8028,昇陽半導體,16,0,16,合庫-彰化,2024-04-19,1028
1612,宏泰,33,17,16,合庫-彰化,2024-04-19,1028
006208,富邦台50,15,0,15,合庫-彰化,2024-04-19,1028
00888,永豐台灣ESG,15,0,15,合庫-彰化,2024-04-19,1028
2618,長榮航,47,32,15,合庫-彰化,2024-04-19,1028
3576,聯合再生,26,11,15,合庫-彰化,2024-04-19,1028
9902,台火,15,0,15,合庫-彰化,2024-04-19,1028
00915,凱基優選高股息30,19,5,14,合庫-彰化,2024-04-19,1028
8996,高力,40,26,14,合庫-彰化,2024-04-19,1028
00881,國泰台灣5G+,15,2,13,合庫-彰化,2024-04-19,1028
2834,臺企銀,15,2,13,合庫-彰化,2024-04-19,1028
2105,正新,14,1,13,合庫-彰化,2024-04-19,1028
1301,台塑,13,1,12,合庫-彰化,2024-04-19,1028
8271,宇瞻,12,0,12,合庫-彰化,2024-04-19,1028
8926,台汽電,16,4,12,合庫-彰化,2024-04-19,1028
3264,欣銓,261,0,261,合庫-彰化,2024-04-22,1028
00929,復華台灣科技優息,225,18,207,合庫-彰化,2024-04-22,1028
00940,元大台灣價值高息,137,33,104,合庫-彰化,2024-04-22,1028
5512,力麒,99,9,90,合庫-彰化,2024-04-22,1028
2515,中工,168,88,80,合庫-彰化,2024-04-22,1028
00937B,群益ESG投等債20,73,2,71,合庫-彰化,2024-04-22,1028
00939,統一台灣高息動能,83,19,64,合庫-彰化,2024-04-22,1028
1795,美時,60,1,59,合庫-彰化,2024-04-22,1028
3481,群創,50,3,47,合庫-彰化,2024-04-22,1028
00679B,元大美債20年,46,0,46,合庫-彰化,2024-04-22,1028
2009,第一銅,70,24,46,合庫-彰化,2024-04-22,1028
1409,新纖,41,0,41,合庫-彰化,2024-04-22,1028
00687B,國泰20年美債,38,0,38,合庫-彰化,2024-04-22,1028
2367,燿華,60,23,37,合庫-彰化,2024-04-22,1028
6248,沛波,37,0,37,合庫-彰化,2024-04-22,1028
1584,精剛,37,1,36,合庫-彰化,2024-04-22,1028
2344,華邦電,34,0,34,合庫-彰化,2024-04-22,1028
6505,台塑化,35,3,32,合庫-彰化,2024-04-22,1028
00720B,元大投資級公司債,31,0,31,合庫-彰化,2024-04-22,1028
3231,緯創,41,12,29,合庫-彰化,2024-04-22,1028
2888,新光金,38,10,28,合庫-彰化,2024-04-22,1028
2887,台新金,28,1,27,合庫-彰化,2024-04-22,1028
2241,艾姆勒,29,2,27,合庫-彰化,2024-04-22,1028
4402,郡都開發,26,0,26,合庫-彰化,2024-04-22,1028
1609,大亞,49,23,26,合庫-彰化,2024-04-22,1028
2374,佳能,46,21,25,合庫-彰化,2024-04-22,1028
8097,常珵,26,4,22,合庫-彰化,2024-04-22,1028
2528,皇普,20,0,20,合庫-彰化,2024-04-22,1028
6125,廣運,33,13,20,合庫-彰化,2024-04-22,1028
8213,志超,20,0,20,合庫-彰化,2024-04-22,1028
1608,華榮,31,11,20,合庫-彰化,2024-04-22,1028
5210,寶碩,19,0,19,合庫-彰化,2024-04-22,1028
2501,國建,31,13,18,合庫-彰化,2024-04-22,1028
2402,毅嘉,16,0,16,合庫-彰化,2024-04-22,1028
1618,合機,19,3,16,合庫-彰化,2024-04-22,1028
3703,欣陸,41,25,16,合庫-彰化,2024-04-22,1028
00688L,國泰20年美債正2,15,0,15,合庫-彰化,2024-04-22,1028
3015,全漢,26,13,13,合庫-彰化,2024-04-22,1028
00878,國泰永續高股息,24,11,13,合庫-彰化,2024-04-22,1028
2317,鴻海,24,11,13,合庫-彰化,2024-04-22,1028
0056,元大高股息,20,8,12,合庫-彰化,2024-04-22,1028
00632R,元大台灣50反1,42,30,12,合庫-彰化,2024-04-22,1028
00680L,元大美債20正2,11,0,11,合庫-彰化,2024-04-22,1028
8096,擎亞,11,0,11,合庫-彰化,2024-04-22,1028
8440,綠電,14,3,11,合庫-彰化,2024-04-22,1028
6274,台燿,10,0,10,合庫-彰化,2024-04-22,1028
5425,台半,10,0,10,合庫-彰化,2024-04-22,1028
00715L,期街口布蘭特正2,10,0,10,合庫-彰化,2024-04-22,1028
00664R,國泰臺灣加權反1,10,0,10,合庫-彰化,2024-04-22,1028
1603,華電,13,3,10,合庫-彰化,2024-04-22,1028
3264,欣銓,300,0,300,合庫-彰化,2024-04-23,1028
00680L,元大美債20正2,100,0,100,合庫-彰化,2024-04-23,1028
3265,台星科,100,0,100,合庫-彰化,2024-04-23,1028
00940,元大台灣價值高息,105,30,75,合庫-彰化,2024-04-23,1028
00929,復華台灣科技優息,88,21,67,合庫-彰化,2024-04-23,1028
00919,群益台灣精選高息,74,15,59,合庫-彰化,2024-04-23,1028
00878,國泰永續高股息,59,4,55,合庫-彰化,2024-04-23,1028
2547,日勝生,51,9,42,合庫-彰化,2024-04-23,1028
8996,高力,46,6,40,合庫-彰化,2024-04-23,1028
8097,常珵,37,0,37,合庫-彰化,2024-04-23,1028
3653,健策,32,0,32,合庫-彰化,2024-04-23,1028
1440,南紡,41,14,27,合庫-彰化,2024-04-23,1028
3491,昇達科,26,0,26,合庫-彰化,2024-04-23,1028
00939,統一台灣高息動能,27,4,23,合庫-彰化,2024-04-23,1028
6770,力積電,20,0,20,合庫-彰化,2024-04-23,1028
00706L,期元大S＆P日圓正2,20,0,20,合庫-彰化,2024-04-23,1028
3060,銘異,20,0,20,合庫-彰化,2024-04-23,1028
8213,志超,21,1,20,合庫-彰化,2024-04-23,1028
1316,上曜,19,0,19,合庫-彰化,2024-04-23,1028
5009,榮剛,21,2,19,合庫-彰化,2024-04-23,1028
6005,群益證,38,20,18,合庫-彰化,2024-04-23,1028
2371,大同,49,31,18,合庫-彰化,2024-04-23,1028
5529,鉅陞,17,0,17,合庫-彰化,2024-04-23,1028
00664R,國泰臺灣加權反1,16,0,16,合庫-彰化,2024-04-23,1028
5521,工信,22,7,15,合庫-彰化,2024-04-23,1028
6282,康舒,15,0,15,合庫-彰化,2024-04-23,1028
1905,華紙,13,0,13,合庫-彰化,2024-04-23,1028
2630,亞航,15,2,13,合庫-彰化,2024-04-23,1028
6163,華電網,13,0,13,合庫-彰化,2024-04-23,1028
0056,元大高股息,20,7,13,合庫-彰化,2024-04-23,1028
2611,志信,32,20,12,合庫-彰化,2024-04-23,1028
00751B,元大AAA至A公司債,10,0,10,合庫-彰化,2024-04-23,1028
00900,富邦特選高股息30,10,0,10,合庫-彰化,2024-04-23,1028
00881,國泰台灣5G+,10,0,10,合庫-彰化,2024-04-23,1028
2034,允強,10,0,10,合庫-彰化,2024-04-23,1028
2929,淘帝-KY,10,0,10,合庫-彰化,2024-04-23,1028
4414,如興,10,0,10,合庫-彰化,2024-04-23,1028
5244,弘凱,10,0,10,合庫-彰化,2024-04-23,1028
2301,光寶科,9,0,9,合庫-彰化,2024-04-23,1028
2324,仁寶,10,1,9,合庫-彰化,2024-04-23,1028
8390,金益鼎,9,0,9,合庫-彰化,2024-04-23,1028
2340,台亞,8,0,8,合庫-彰化,2024-04-23,1028
8011,台通,8,0,8,合庫-彰化,2024-04-23,1028
2889,國票金,8,0,8,合庫-彰化,2024-04-23,1028
5425,台半,7,0,7,合庫-彰化,2024-04-23,1028
8064,東捷,7,0,7,合庫-彰化,2024-04-23,1028
00857B,永豐20年美公債,6,0,6,合庫-彰化,2024-04-23,1028
00937B,群益ESG投等債20,7,1,6,合庫-彰化,2024-04-23,1028
2313,華通,6,0,6,合庫-彰化,2024-04-23,1028
2504,國產,7,1,6,合庫-彰化,2024-04-23,1028
00937B,群益ESG投等債20,328,10,318,合庫-彰化,2024-04-24,1028
00929,復華台灣科技優息,264,18,246,合庫-彰化,2024-04-24,1028
3481,群創,226,109,117,合庫-彰化,2024-04-24,1028
2880,華南金,96,3,93,合庫-彰化,2024-04-24,1028
2890,永豐金,82,0,82,合庫-彰化,2024-04-24,1028
1316,上曜,66,1,65,合庫-彰化,2024-04-24,1028
8097,常珵,58,2,56,合庫-彰化,2024-04-24,1028
2101,南港,42,4,38,合庫-彰化,2024-04-24,1028
9904,寶成,35,0,35,合庫-彰化,2024-04-24,1028
00679B,元大美債20年,34,0,34,合庫-彰化,2024-04-24,1028
3703,欣陸,47,15,32,合庫-彰化,2024-04-24,1028
3708,上緯投控,31,0,31,合庫-彰化,2024-04-24,1028
00632R,元大台灣50反1,62,37,25,合庫-彰化,2024-04-24,1028
00940,元大台灣價值高息,54,31,23,合庫-彰化,2024-04-24,1028
2241,艾姆勒,23,0,23,合庫-彰化,2024-04-24,1028
00687B,國泰20年美債,22,0,22,合庫-彰化,2024-04-24,1028
1455,集盛,20,2,18,合庫-彰化,2024-04-24,1028
2029,盛餘,18,0,18,合庫-彰化,2024-04-24,1028
5210,寶碩,18,0,18,合庫-彰化,2024-04-24,1028
5009,榮剛,17,0,17,合庫-彰化,2024-04-24,1028
3035,智原,18,2,16,合庫-彰化,2024-04-24,1028
00878,國泰永續高股息,18,2,16,合庫-彰化,2024-04-24,1028
6125,廣運,31,17,14,合庫-彰化,2024-04-24,1028
2634,漢翔,17,3,14,合庫-彰化,2024-04-24,1028
00939,統一台灣高息動能,17,3,14,合庫-彰化,2024-04-24,1028
00680L,元大美債20正2,13,0,13,合庫-彰化,2024-04-24,1028
2637,慧洋-KY,15,2,13,合庫-彰化,2024-04-24,1028
2374,佳能,25,13,12,合庫-彰化,2024-04-24,1028
4503,金雨,12,0,12,合庫-彰化,2024-04-24,1028
6806,森崴能源,11,0,11,合庫-彰化,2024-04-24,1028
1337,再生-KY,17,7,10,合庫-彰化,2024-04-24,1028
2427,三商電,10,0,10,合庫-彰化,2024-04-24,1028
3027,盛達,11,1,10,合庫-彰化,2024-04-24,1028
6229,研通,10,0,10,合庫-彰化,2024-04-24,1028
2382,廣達,20,10,10,合庫-彰化,2024-04-24,1028
2409,友達,13,4,9,合庫-彰化,2024-04-24,1028
1608,華榮,9,0,9,合庫-彰化,2024-04-24,1028
2886,兆豐金,11,2,9,合庫-彰化,2024-04-24,1028
4526,東台,10,1,9,合庫-彰化,2024-04-24,1028
00857B,永豐20年美公債,8,0,8,合庫-彰化,2024-04-24,1028
0056,元大高股息,9,1,8,合庫-彰化,2024-04-24,1028
1101,台泥,8,0,8,合庫-彰化,2024-04-24,1028
1618,合機,20,12,8,合庫-彰化,2024-04-24,1028
2504,國產,8,0,8,合庫-彰化,2024-04-24,1028
2611,志信,8,0,8,合庫-彰化,2024-04-24,1028
8996,高力,20,12,8,合庫-彰化,2024-04-24,1028
1795,美時,10,3,7,合庫-彰化,2024-04-24,1028
00941,中信上游半導體,7,0,7,合庫-彰化,2024-04-24,1028
2415,錩新,10,3,7,合庫-彰化,2024-04-24,1028
2630,亞航,7,0,7,合庫-彰化,2024-04-24,1028
9904,寶成,65,0,65,合庫-彰化,2024-04-25,1028
1440,南紡,84,20,64,合庫-彰化,2024-04-25,1028
00687B,國泰20年美債,58,0,58,合庫-彰化,2024-04-25,1028
2880,華南金,55,0,55,合庫-彰化,2024-04-25,1028
3501,維熹,55,5,50,合庫-彰化,2024-04-25,1028
00929,復華台灣科技優息,49,1,48,合庫-彰化,2024-04-25,1028
00641R,富邦日本反1,40,0,40,合庫-彰化,2024-04-25,1028
00679B,元大美債20年,38,0,38,合庫-彰化,2024-04-25,1028
2362,藍天,112,75,37,合庫-彰化,2024-04-25,1028
2883,凱基金,32,0,32,合庫-彰化,2024-04-25,1028
2618,長榮航,65,37,28,合庫-彰化,2024-04-25,1028
1326,台化,26,0,26,合庫-彰化,2024-04-25,1028
6139,亞翔,25,0,25,合庫-彰化,2024-04-25,1028
5880,合庫金,27,4,23,合庫-彰化,2024-04-25,1028
00878,國泰永續高股息,22,0,22,合庫-彰化,2024-04-25,1028
2105,正新,21,0,21,合庫-彰化,2024-04-25,1028
00664R,國泰臺灣加權反1,20,0,20,合庫-彰化,2024-04-25,1028
1587,吉茂,20,0,20,合庫-彰化,2024-04-25,1028
3027,盛達,21,1,20,合庫-彰化,2024-04-25,1028
2303,聯電,22,2,20,合庫-彰化,2024-04-25,1028
3035,智原,26,6,20,合庫-彰化,2024-04-25,1028
00720B,元大投資級公司債,17,0,17,合庫-彰化,2024-04-25,1028
5703,亞都,16,0,16,合庫-彰化,2024-04-25,1028
6770,力積電,14,0,14,合庫-彰化,2024-04-25,1028
00940,元大台灣價值高息,21,7,14,合庫-彰化,2024-04-25,1028
8996,高力,30,16,14,合庫-彰化,2024-04-25,1028
9902,台火,20,6,14,合庫-彰化,2024-04-25,1028
00919,群益台灣精選高息,15,1,14,合庫-彰化,2024-04-25,1028
00751B,元大AAA至A公司債,13,0,13,合庫-彰化,2024-04-25,1028
2317,鴻海,27,14,13,合庫-彰化,2024-04-25,1028
00931B,統一美債20年,12,0,12,合庫-彰化,2024-04-25,1028
2409,友達,12,0,12,合庫-彰化,2024-04-25,1028
6533,晶心科,12,0,12,合庫-彰化,2024-04-25,1028
1101,台泥,12,0,12,合庫-彰化,2024-04-25,1028
1609,大亞,21,10,11,合庫-彰化,2024-04-25,1028
2374,佳能,15,4,11,合庫-彰化,2024-04-25,1028
2501,國建,21,10,11,合庫-彰化,2024-04-25,1028
3508,位速,11,0,11,合庫-彰化,2024-04-25,1028
1474,弘裕,10,0,10,合庫-彰化,2024-04-25,1028
1789,神隆,10,0,10,合庫-彰化,2024-04-25,1028
2337,旺宏,11,1,10,合庫-彰化,2024-04-25,1028
4160,訊聯基因,10,0,10,合庫-彰化,2024-04-25,1028
4545,銘鈺,10,0,10,合庫-彰化,2024-04-25,1028
8390,金益鼎,10,1,9,合庫-彰化,2024-04-25,1028
00757,統一FANG+,9,0,9,合庫-彰化,2024-04-25,1028
1802,台玻,10,1,9,合庫-彰化,2024-04-25,1028
2603,長榮,14,6,8,合庫-彰化,2024-04-25,1028
2330,台積電,11,3,8,合庫-彰化,2024-04-25,1028
3231,緯創,50,42,8,合庫-彰化,2024-04-25,1028
1584,精剛,8,0,8,合庫-彰化,2024-04-25,1028
3013,晟銘電,283,10,273,合庫-彰化,2024-04-26,1028
1455,集盛,224,42,182,合庫-彰化,2024-04-26,1028
3708,上緯投控,105,7,98,合庫-彰化,2024-04-26,1028
5508,永信建,100,3,97,合庫-彰化,2024-04-26,1028
4426,利勤,81,0,81,合庫-彰化,2024-04-26,1028
2547,日勝生,62,0,62,合庫-彰化,2024-04-26,1028
00680L,元大美債20正2,60,0,60,合庫-彰化,2024-04-26,1028
00931B,統一美債20年,54,0,54,合庫-彰化,2024-04-26,1028
00937B,群益ESG投等債20,52,0,52,合庫-彰化,2024-04-26,1028
00679B,元大美債20年,51,0,51,合庫-彰化,2024-04-26,1028
2845,遠東銀,50,0,50,合庫-彰化,2024-04-26,1028
00632R,元大台灣50反1,63,28,35,合庫-彰化,2024-04-26,1028
00687B,國泰20年美債,34,2,32,合庫-彰化,2024-04-26,1028
00665L,富邦�琤肭磪囓�2,30,0,30,合庫-彰化,2024-04-26,1028
00720B,元大投資級公司債,25,1,24,合庫-彰化,2024-04-26,1028
3715,定穎投控,23,0,23,合庫-彰化,2024-04-26,1028
5880,合庫金,23,0,23,合庫-彰化,2024-04-26,1028
00650L,復華香港正2,22,0,22,合庫-彰化,2024-04-26,1028
1314,中石化,49,27,22,合庫-彰化,2024-04-26,1028
00940,元大台灣價值高息,21,1,20,合庫-彰化,2024-04-26,1028
1101,台泥,18,0,18,合庫-彰化,2024-04-26,1028
00878,國泰永續高股息,18,0,18,合庫-彰化,2024-04-26,1028
2363,矽統,18,0,18,合庫-彰化,2024-04-26,1028
2374,佳能,44,27,17,合庫-彰化,2024-04-26,1028
2607,榮運,15,1,14,合庫-彰化,2024-04-26,1028
2617,台航,24,11,13,合庫-彰化,2024-04-26,1028
00795B,中信美國公債20年,12,0,12,合庫-彰化,2024-04-26,1028
2101,南港,32,20,12,合庫-彰化,2024-04-26,1028
3380,明泰,12,0,12,合庫-彰化,2024-04-26,1028
6005,群益證,12,0,12,合庫-彰化,2024-04-26,1028
00929,復華台灣科技優息,23,12,11,合庫-彰化,2024-04-26,1028
00706L,期元大S＆P日圓正2,11,0,11,合庫-彰化,2024-04-26,1028
4114,健喬,11,0,11,合庫-彰化,2024-04-26,1028
00651R,復華香港反1,10,0,10,合庫-彰化,2024-04-26,1028
00664R,國泰臺灣加權反1,10,0,10,合庫-彰化,2024-04-26,1028
00671R,富邦NASDAQ反1,10,0,10,合庫-彰化,2024-04-26,1028
00933B,國泰10Y+金融債,10,0,10,合庫-彰化,2024-04-26,1028
3038,全台,10,0,10,合庫-彰化,2024-04-26,1028
1587,吉茂,12,3,9,合庫-彰化,2024-04-26,1028
2880,華南金,9,0,9,合庫-彰化,2024-04-26,1028
3703,欣陸,15,6,9,合庫-彰化,2024-04-26,1028
2615,萬海,9,0,9,合庫-彰化,2024-04-26,1028
1605,華新,8,0,8,合庫-彰化,2024-04-26,1028
00919,群益台灣精選高息,12,4,8,合庫-彰化,2024-04-26,1028
1795,美時,11,3,8,合庫-彰化,2024-04-26,1028
2331,精英,8,0,8,合庫-彰化,2024-04-26,1028
3062,建漢,8,0,8,合庫-彰化,2024-04-26,1028
3325,旭品,8,0,8,合庫-彰化,2024-04-26,1028
3706,神達,14,6,8,合庫-彰化,2024-04-26,1028
6115,鎰勝,10,2,8,合庫-彰化,2024-04-26,1028
2547,日勝生,303,9,294,合庫-彰化,2024-04-29,1028
2461,光群雷,158,45,113,合庫-彰化,2024-04-29,1028
00664R,國泰臺灣加權反1,100,6,94,合庫-彰化,2024-04-29,1028
00632R,元大台灣50反1,83,0,83,合庫-彰化,2024-04-29,1028
3708,上緯投控,74,1,73,合庫-彰化,2024-04-29,1028
2618,長榮航,111,39,72,合庫-彰化,2024-04-29,1028
2515,中工,87,21,66,合庫-彰化,2024-04-29,1028
2610,華航,81,15,66,合庫-彰化,2024-04-29,1028
2101,南港,111,56,55,合庫-彰化,2024-04-29,1028
5508,永信建,64,14,50,合庫-彰化,2024-04-29,1028
2323,中環,64,18,46,合庫-彰化,2024-04-29,1028
8906,花王,50,10,40,合庫-彰化,2024-04-29,1028
8097,常珵,32,0,32,合庫-彰化,2024-04-29,1028
4513,福裕,20,0,20,合庫-彰化,2024-04-29,1028
4532,瑞智,21,1,20,合庫-彰化,2024-04-29,1028
3234,光環,20,2,18,合庫-彰化,2024-04-29,1028
2605,新興,16,0,16,合庫-彰化,2024-04-29,1028
00937B,群益ESG投等債20,15,0,15,合庫-彰化,2024-04-29,1028
00706L,期元大S＆P日圓正2,35,20,15,合庫-彰化,2024-04-29,1028
1718,中纖,17,2,15,合庫-彰化,2024-04-29,1028
9935,慶豐富,15,0,15,合庫-彰化,2024-04-29,1028
00650L,復華香港正2,58,44,14,合庫-彰化,2024-04-29,1028
00725B,國泰投資級公司債,16,2,14,合庫-彰化,2024-04-29,1028
2363,矽統,46,33,13,合庫-彰化,2024-04-29,1028
2538,基泰,15,2,13,合庫-彰化,2024-04-29,1028
2009,第一銅,24,12,12,合庫-彰化,2024-04-29,1028
5230,雷笛克光學,12,0,12,合庫-彰化,2024-04-29,1028
8473,山林水,12,0,12,合庫-彰化,2024-04-29,1028
00753L,中信中國50正2,13,2,11,合庫-彰化,2024-04-29,1028
2313,華通,13,2,11,合庫-彰化,2024-04-29,1028
2543,皇昌,11,0,11,合庫-彰化,2024-04-29,1028
5381,合正,11,0,11,合庫-彰化,2024-04-29,1028
00715L,期街口布蘭特正2,10,0,10,合庫-彰化,2024-04-29,1028
00665L,富邦�琤肭磪囓�2,10,0,10,合庫-彰化,2024-04-29,1028
2017,官田鋼,10,0,10,合庫-彰化,2024-04-29,1028
2409,友達,14,4,10,合庫-彰化,2024-04-29,1028
2606,裕民,10,0,10,合庫-彰化,2024-04-29,1028
6603,富強鑫,10,0,10,合庫-彰化,2024-04-29,1028
8070,長華*,10,0,10,合庫-彰化,2024-04-29,1028
1457,宜進,64,55,9,合庫-彰化,2024-04-29,1028
1605,華新,12,3,9,合庫-彰化,2024-04-29,1028
1785,光洋科,8,0,8,合庫-彰化,2024-04-29,1028
3042,晶技,11,3,8,合庫-彰化,2024-04-29,1028
2891,中信金,49,42,7,合庫-彰化,2024-04-29,1028
2359,所羅門,20,13,7,合庫-彰化,2024-04-29,1028
3703,欣陸,7,0,7,合庫-彰化,2024-04-29,1028
00679B,元大美債20年,8,1,7,合庫-彰化,2024-04-29,1028
2883B,凱基金乙特,7,0,7,合庫-彰化,2024-04-29,1028
3508,位速,7,0,7,合庫-彰化,2024-04-29,1028
8096,擎亞,10,3,7,合庫-彰化,2024-04-29,1028
00671R,富邦NASDAQ反1,100,0,100,合庫-彰化,2024-04-30,1028
2887,台新金,70,3,67,合庫-彰化,2024-04-30,1028
5531,鄉林,64,2,62,合庫-彰化,2024-04-30,1028
2101,南港,55,3,52,合庫-彰化,2024-04-30,1028
3033,威健,51,2,49,合庫-彰化,2024-04-30,1028
00706L,期元大S＆P日圓正2,40,0,40,合庫-彰化,2024-04-30,1028
1316,上曜,56,18,38,合庫-彰化,2024-04-30,1028
5508,永信建,49,11,38,合庫-彰化,2024-04-30,1028
6743,安普新,35,6,29,合庫-彰化,2024-04-30,1028
1337,再生-KY,25,0,25,合庫-彰化,2024-04-30,1028
3013,晟銘電,77,52,25,合庫-彰化,2024-04-30,1028
3512,皇龍,25,0,25,合庫-彰化,2024-04-30,1028
2888,新光金,27,6,21,合庫-彰化,2024-04-30,1028
6443,元晶,21,0,21,合庫-彰化,2024-04-30,1028
2323,中環,21,0,21,合庫-彰化,2024-04-30,1028
2302,麗正,20,0,20,合庫-彰化,2024-04-30,1028
1314,中石化,27,8,19,合庫-彰化,2024-04-30,1028
2913,農林,24,5,19,合庫-彰化,2024-04-30,1028
6668,中揚光,21,2,19,合庫-彰化,2024-04-30,1028
2331,精英,20,2,18,合庫-彰化,2024-04-30,1028
2504,國產,20,2,18,合庫-彰化,2024-04-30,1028
8936,國統,18,1,17,合庫-彰化,2024-04-30,1028
2618,長榮航,50,34,16,合庫-彰化,2024-04-30,1028
3653,健策,16,0,16,合庫-彰化,2024-04-30,1028
1445,大宇,15,0,15,合庫-彰化,2024-04-30,1028
2884,玉山金,25,12,13,合庫-彰化,2024-04-30,1028
1795,美時,16,4,12,合庫-彰化,2024-04-30,1028
3042,晶技,13,1,12,合庫-彰化,2024-04-30,1028
4155,訊映,12,0,12,合庫-彰化,2024-04-30,1028
8028,昇陽半導體,12,0,12,合庫-彰化,2024-04-30,1028
5880,合庫金,11,0,11,合庫-彰化,2024-04-30,1028
1905,華紙,11,0,11,合庫-彰化,2024-04-30,1028
9904,寶成,12,1,11,合庫-彰化,2024-04-30,1028
00665L,富邦�琤肭磪囓�2,10,0,10,合庫-彰化,2024-04-30,1028
1419,新紡,10,0,10,合庫-彰化,2024-04-30,1028
1447,力鵬,10,0,10,合庫-彰化,2024-04-30,1028
1714,和桐,10,0,10,合庫-彰化,2024-04-30,1028
2332,友訊,10,0,10,合庫-彰化,2024-04-30,1028
2637,慧洋-KY,10,0,10,合庫-彰化,2024-04-30,1028
2915,潤泰全,10,0,10,合庫-彰化,2024-04-30,1028
8088,品安,10,0,10,合庫-彰化,2024-04-30,1028
8429,金麗-KY,10,0,10,合庫-彰化,2024-04-30,1028
00902,中信電池及儲能,10,1,9,合庫-彰化,2024-04-30,1028
2611,志信,86,77,9,合庫-彰化,2024-04-30,1028
5608,四維航,10,1,9,合庫-彰化,2024-04-30,1028
2601,益航,8,0,8,合庫-彰化,2024-04-30,1028
3058,立德,8,0,8,合庫-彰化,2024-04-30,1028
8222,寶一,8,0,8,合庫-彰化,2024-04-30,1028
00940,元大台灣價值高息,16,9,7,合庫-彰化,2024-04-30,1028
2634,漢翔,8,1,7,合庫-彰化,2024-04-30,1028
3049,精金,199,0,199,合庫-彰化,2024-05-02,1028
3708,上緯投控,164,4,160,合庫-彰化,2024-05-02,1028
3481,群創,101,1,100,合庫-彰化,2024-05-02,1028
00878,國泰永續高股息,90,4,86,合庫-彰化,2024-05-02,1028
1587,吉茂,87,4,83,合庫-彰化,2024-05-02,1028
1314,中石化,81,8,73,合庫-彰化,2024-05-02,1028
00940,元大台灣價值高息,66,3,63,合庫-彰化,2024-05-02,1028
00929,復華台灣科技優息,62,10,52,合庫-彰化,2024-05-02,1028
2337,旺宏,92,40,52,合庫-彰化,2024-05-02,1028
00651R,復華香港反1,50,0,50,合庫-彰化,2024-05-02,1028
5299,杰力,40,0,40,合庫-彰化,2024-05-02,1028
6835,圓裕,37,0,37,合庫-彰化,2024-05-02,1028
2609,陽明,50,18,32,合庫-彰化,2024-05-02,1028
00857B,永豐20年美公債,30,0,30,合庫-彰化,2024-05-02,1028
00715L,期街口布蘭特正2,30,0,30,合庫-彰化,2024-05-02,1028
2836,高雄銀,30,2,28,合庫-彰化,2024-05-02,1028
00882,中信中國高股息,30,3,27,合庫-彰化,2024-05-02,1028
3491,昇達科,25,0,25,合庫-彰化,2024-05-02,1028
2501,國建,37,13,24,合庫-彰化,2024-05-02,1028
8271,宇瞻,24,0,24,合庫-彰化,2024-05-02,1028
3715,定穎投控,31,8,23,合庫-彰化,2024-05-02,1028
2603,長榮,22,0,22,合庫-彰化,2024-05-02,1028
6743,安普新,29,7,22,合庫-彰化,2024-05-02,1028
1516,川飛,20,0,20,合庫-彰化,2024-05-02,1028
2316,楠梓電,31,12,19,合庫-彰化,2024-05-02,1028
2834,臺企銀,32,14,18,合庫-彰化,2024-05-02,1028
2330,台積電,18,1,17,合庫-彰化,2024-05-02,1028
2371,大同,27,12,15,合庫-彰化,2024-05-02,1028
2363,矽統,40,26,14,合庫-彰化,2024-05-02,1028
2515,中工,23,10,13,合庫-彰化,2024-05-02,1028
1609,大亞,17,4,13,合庫-彰化,2024-05-02,1028
00936,台新永續高息中小,12,0,12,合庫-彰化,2024-05-02,1028
8462,柏文,12,0,12,合庫-彰化,2024-05-02,1028
2317,鴻海,18,7,11,合庫-彰化,2024-05-02,1028
2324,仁寶,12,1,11,合庫-彰化,2024-05-02,1028
00642U,期元大S＆P石油,11,0,11,合庫-彰化,2024-05-02,1028
00687B,國泰20年美債,11,0,11,合庫-彰化,2024-05-02,1028
1101,台泥,11,0,11,合庫-彰化,2024-05-02,1028
2705,六福,17,7,10,合庫-彰化,2024-05-02,1028
00945B,凱基美國非投等債,10,0,10,合庫-彰化,2024-05-02,1028
3038,全台,10,0,10,合庫-彰化,2024-05-02,1028
4532,瑞智,10,0,10,合庫-彰化,2024-05-02,1028
6230,尼得科超眾,16,6,10,合庫-彰化,2024-05-02,1028
6244,茂迪,10,0,10,合庫-彰化,2024-05-02,1028
9921,巨大,10,0,10,合庫-彰化,2024-05-02,1028
00939,統一台灣高息動能,10,0,10,合庫-彰化,2024-05-02,1028
1584,精剛,20,11,9,合庫-彰化,2024-05-02,1028
3312,弘憶股,9,0,9,合庫-彰化,2024-05-02,1028
5251,天鉞電,10,1,9,合庫-彰化,2024-05-02,1028
8064,東捷,10,1,9,合庫-彰化,2024-05-02,1028
00857B,永豐20年美公債,200,0,200,合庫-彰化,2024-05-03,1028
00680L,元大美債20正2,200,0,200,合庫-彰化,2024-05-03,1028
3049,精金,150,0,150,合庫-彰化,2024-05-03,1028
00687B,國泰20年美債,110,0,110,合庫-彰化,2024-05-03,1028
00937B,群益ESG投等債20,103,3,100,合庫-彰化,2024-05-03,1028
00632R,元大台灣50反1,102,2,100,合庫-彰化,2024-05-03,1028
6120,達運,87,0,87,合庫-彰化,2024-05-03,1028
8103,瀚荃,54,1,53,合庫-彰化,2024-05-03,1028
1447,力鵬,40,0,40,合庫-彰化,2024-05-03,1028
3708,上緯投控,34,0,34,合庫-彰化,2024-05-03,1028
00940,元大台灣價值高息,47,14,33,合庫-彰化,2024-05-03,1028
2029,盛餘,32,0,32,合庫-彰化,2024-05-03,1028
2537,聯上發,32,0,32,合庫-彰化,2024-05-03,1028
00878,國泰永續高股息,34,5,29,合庫-彰化,2024-05-03,1028
1514,亞力,30,2,28,合庫-彰化,2024-05-03,1028
00720B,元大投資級公司債,25,0,25,合庫-彰化,2024-05-03,1028
2547,日勝生,41,17,24,合庫-彰化,2024-05-03,1028
2458,義隆,25,5,20,合庫-彰化,2024-05-03,1028
5603,陸海,20,0,20,合庫-彰化,2024-05-03,1028
2609,陽明,23,4,19,合庫-彰化,2024-05-03,1028
2836,高雄銀,20,1,19,合庫-彰化,2024-05-03,1028
3231,緯創,22,4,18,合庫-彰化,2024-05-03,1028
3266,昇陽,18,0,18,合庫-彰化,2024-05-03,1028
3715,定穎投控,28,11,17,合庫-彰化,2024-05-03,1028
4533,協易機,17,0,17,合庫-彰化,2024-05-03,1028
1316,上曜,52,36,16,合庫-彰化,2024-05-03,1028
2705,六福,16,0,16,合庫-彰化,2024-05-03,1028
00900,富邦特選高股息30,15,0,15,合庫-彰化,2024-05-03,1028
00664R,國泰臺灣加權反1,15,0,15,合庫-彰化,2024-05-03,1028
1584,精剛,15,0,15,合庫-彰化,2024-05-03,1028
00929,復華台灣科技優息,32,18,14,合庫-彰化,2024-05-03,1028
2316,楠梓電,13,0,13,合庫-彰化,2024-05-03,1028
2611,志信,58,45,13,合庫-彰化,2024-05-03,1028
3481,群創,19,6,13,合庫-彰化,2024-05-03,1028
8097,常珵,11,0,11,合庫-彰化,2024-05-03,1028
2504,國產,10,0,10,合庫-彰化,2024-05-03,1028
00679B,元大美債20年,10,0,10,合庫-彰化,2024-05-03,1028
00752,中信中國50,10,0,10,合庫-彰化,2024-05-03,1028
2464,盟立,10,0,10,合庫-彰化,2024-05-03,1028
3312,弘憶股,11,1,10,合庫-彰化,2024-05-03,1028
5531,鄉林,11,1,10,合庫-彰化,2024-05-03,1028
9935,慶豐富,10,0,10,合庫-彰化,2024-05-03,1028
2515,中工,15,6,9,合庫-彰化,2024-05-03,1028
2367,燿華,14,5,9,合庫-彰化,2024-05-03,1028
6770,力積電,25,17,8,合庫-彰化,2024-05-03,1028
1605,華新,9,1,8,合庫-彰化,2024-05-03,1028
3508,位速,8,0,8,合庫-彰化,2024-05-03,1028
8033,雷虎,8,0,8,合庫-彰化,2024-05-03,1028
3680,家登,7,0,7,合庫-彰化,2024-05-03,1028
4513,福裕,7,0,7,合庫-彰化,2024-05-03,1028
00680L,元大美債20正2,1972,5,1967,合庫-彰化,2024-05-06,1028
00665L,富邦�琤肭磪囓�2,420,15,405,合庫-彰化,2024-05-06,1028
2542,興富發,143,5,138,合庫-彰化,2024-05-06,1028
9904,寶成,125,6,119,合庫-彰化,2024-05-06,1028
00929,復華台灣科技優息,61,2,59,合庫-彰化,2024-05-06,1028
1532,勤美,59,1,58,合庫-彰化,2024-05-06,1028
2374,佳能,140,83,57,合庫-彰化,2024-05-06,1028
3264,欣銓,53,2,51,合庫-彰化,2024-05-06,1028
00937B,群益ESG投等債20,49,3,46,合庫-彰化,2024-05-06,1028
00632R,元大台灣50反1,60,20,40,合庫-彰化,2024-05-06,1028
2618,長榮航,105,66,39,合庫-彰化,2024-05-06,1028
00878,國泰永續高股息,40,6,34,合庫-彰化,2024-05-06,1028
6770,力積電,69,36,33,合庫-彰化,2024-05-06,1028
2014,中鴻,32,0,32,合庫-彰化,2024-05-06,1028
5498,凱崴,33,1,32,合庫-彰化,2024-05-06,1028
3712,永崴投控,31,0,31,合庫-彰化,2024-05-06,1028
8028,昇陽半導體,36,7,29,合庫-彰化,2024-05-06,1028
4303,信立,25,3,22,合庫-彰化,2024-05-06,1028
1447,力鵬,20,0,20,合庫-彰化,2024-05-06,1028
5244,弘凱,20,0,20,合庫-彰化,2024-05-06,1028
6668,中揚光,23,6,17,合庫-彰化,2024-05-06,1028
8103,瀚荃,17,0,17,合庫-彰化,2024-05-06,1028
2369,菱生,15,0,15,合庫-彰化,2024-05-06,1028
5521,工信,15,0,15,合庫-彰化,2024-05-06,1028
6743,安普新,22,7,15,合庫-彰化,2024-05-06,1028
00939,統一台灣高息動能,15,2,13,合庫-彰化,2024-05-06,1028
00940,元大台灣價值高息,44,32,12,合庫-彰化,2024-05-06,1028
6282,康舒,17,5,12,合庫-彰化,2024-05-06,1028
00936,台新永續高息中小,11,0,11,合庫-彰化,2024-05-06,1028
2834,臺企銀,13,2,11,合庫-彰化,2024-05-06,1028
3703,欣陸,11,0,11,合庫-彰化,2024-05-06,1028
00882,中信中國高股息,10,0,10,合庫-彰化,2024-05-06,1028
00864B,中信美國公債0-1,10,0,10,合庫-彰化,2024-05-06,1028
00715L,期街口布蘭特正2,10,0,10,合庫-彰化,2024-05-06,1028
00927,群益半導體收益,10,0,10,合庫-彰化,2024-05-06,1028
3033,威健,21,11,10,合庫-彰化,2024-05-06,1028
3653,健策,10,0,10,合庫-彰化,2024-05-06,1028
5469,瀚宇博,10,0,10,合庫-彰化,2024-05-06,1028
8906,花王,10,0,10,合庫-彰化,2024-05-06,1028
9933,中鼎,9,0,9,合庫-彰化,2024-05-06,1028
6449,鈺邦,10,1,9,合庫-彰化,2024-05-06,1028
2891,中信金,11,2,9,合庫-彰化,2024-05-06,1028
2025,千興,10,2,8,合庫-彰化,2024-05-06,1028
2034,允強,8,0,8,合庫-彰化,2024-05-06,1028
2449,京元電子,14,6,8,合庫-彰化,2024-05-06,1028
00919,群益台灣精選高息,8,0,8,合庫-彰化,2024-05-06,1028
00712,復華富時不動產,10,3,7,合庫-彰化,2024-05-06,1028
00720B,元大投資級公司債,7,0,7,合庫-彰化,2024-05-06,1028
2417,圓剛,8,1,7,合庫-彰化,2024-05-06,1028
2537,聯上發,11,4,7,合庫-彰化,2024-05-06,1028
00680L,元大美債20正2,1948,1,1947,合庫-彰化,2024-05-07,1028
00664R,國泰臺灣加權反1,200,0,200,合庫-彰化,2024-05-07,1028
2887,台新金,197,0,197,合庫-彰化,2024-05-07,1028
2528,皇普,368,172,196,合庫-彰化,2024-05-07,1028
00857B,永豐20年美公債,200,40,160,合庫-彰化,2024-05-07,1028
00929,復華台灣科技優息,185,51,134,合庫-彰化,2024-05-07,1028
00632R,元大台灣50反1,130,0,130,合庫-彰化,2024-05-07,1028
2707,晶華,90,0,90,合庫-彰化,2024-05-07,1028
2542,興富發,113,32,81,合庫-彰化,2024-05-07,1028
3033,威健,66,12,54,合庫-彰化,2024-05-07,1028
1440,南紡,50,0,50,合庫-彰化,2024-05-07,1028
6265,方土昶,40,0,40,合庫-彰化,2024-05-07,1028
2618,長榮航,108,71,37,合庫-彰化,2024-05-07,1028
2241,艾姆勒,34,3,31,合庫-彰化,2024-05-07,1028
3481,群創,31,2,29,合庫-彰化,2024-05-07,1028
00937B,群益ESG投等債20,40,15,25,合庫-彰化,2024-05-07,1028
1587,吉茂,32,10,22,合庫-彰化,2024-05-07,1028
00932,兆豐永續高息等權,21,0,21,合庫-彰化,2024-05-07,1028
2101,南港,23,2,21,合庫-彰化,2024-05-07,1028
1584,精剛,21,0,21,合庫-彰化,2024-05-07,1028
2104,國際中橡,20,0,20,合庫-彰化,2024-05-07,1028
8150,南茂,31,11,20,合庫-彰化,2024-05-07,1028
3276,宇環,20,1,19,合庫-彰化,2024-05-07,1028
2486,一詮,32,14,18,合庫-彰化,2024-05-07,1028
00878,國泰永續高股息,48,30,18,合庫-彰化,2024-05-07,1028
00891,中信關鍵半導體,17,0,17,合庫-彰化,2024-05-07,1028
8215,明基材,16,0,16,合庫-彰化,2024-05-07,1028
2610,華航,27,12,15,合庫-彰化,2024-05-07,1028
1609,大亞,36,21,15,合庫-彰化,2024-05-07,1028
2029,盛餘,15,0,15,合庫-彰化,2024-05-07,1028
2611,志信,35,20,15,合庫-彰化,2024-05-07,1028
00650L,復華香港正2,19,5,14,合庫-彰化,2024-05-07,1028
4513,福裕,14,0,14,合庫-彰化,2024-05-07,1028
2352,佳世達,13,0,13,合庫-彰化,2024-05-07,1028
2460,建通,18,5,13,合庫-彰化,2024-05-07,1028
5383,金利,13,0,13,合庫-彰化,2024-05-07,1028
5498,凱崴,15,2,13,合庫-彰化,2024-05-07,1028
3035,智原,12,0,12,合庫-彰化,2024-05-07,1028
2501,國建,13,1,12,合庫-彰化,2024-05-07,1028
2867,三商壽,12,0,12,合庫-彰化,2024-05-07,1028
6207,雷科,13,1,12,合庫-彰化,2024-05-07,1028
8039,台虹,12,0,12,合庫-彰化,2024-05-07,1028
00919,群益台灣精選高息,16,4,12,合庫-彰化,2024-05-07,1028
1618,合機,29,18,11,合庫-彰化,2024-05-07,1028
6005,群益證,11,0,11,合庫-彰化,2024-05-07,1028
1101,台泥,12,2,10,合庫-彰化,2024-05-07,1028
00642U,期元大S＆P石油,10,0,10,合庫-彰化,2024-05-07,1028
00641R,富邦日本反1,10,0,10,合庫-彰化,2024-05-07,1028
1447,力鵬,10,0,10,合庫-彰化,2024-05-07,1028
2349,錸德,10,0,10,合庫-彰化,2024-05-07,1028
00715L,期街口布蘭特正2,402,0,402,合庫-彰化,2024-05-08,1028
00680L,元大美債20正2,200,9,191,合庫-彰化,2024-05-08,1028
00882,中信中國高股息,187,10,177,合庫-彰化,2024-05-08,1028
2241,艾姆勒,98,0,98,合庫-彰化,2024-05-08,1028
00650L,復華香港正2,95,0,95,合庫-彰化,2024-05-08,1028
6005,群益證,83,0,83,合庫-彰化,2024-05-08,1028
3481,群創,123,51,72,合庫-彰化,2024-05-08,1028
00929,復華台灣科技優息,53,0,53,合庫-彰化,2024-05-08,1028
3376,新日興,61,11,50,合庫-彰化,2024-05-08,1028
00940,元大台灣價值高息,43,0,43,合庫-彰化,2024-05-08,1028
2634,漢翔,42,1,41,合庫-彰化,2024-05-08,1028
2836,高雄銀,41,0,41,合庫-彰化,2024-05-08,1028
1440,南紡,35,0,35,合庫-彰化,2024-05-08,1028
3036,文曄,31,0,31,合庫-彰化,2024-05-08,1028
5871,中租-KY,30,0,30,合庫-彰化,2024-05-08,1028
2542,興富發,40,12,28,合庫-彰化,2024-05-08,1028
00919,群益台灣精選高息,33,5,28,合庫-彰化,2024-05-08,1028
6269,台郡,25,0,25,合庫-彰化,2024-05-08,1028
8150,南茂,25,0,25,合庫-彰化,2024-05-08,1028
1616,億泰,22,0,22,合庫-彰化,2024-05-08,1028
2845,遠東銀,21,0,21,合庫-彰化,2024-05-08,1028
1309,台達化,20,0,20,合庫-彰化,2024-05-08,1028
1584,精剛,20,0,20,合庫-彰化,2024-05-08,1028
6668,中揚光,30,10,20,合庫-彰化,2024-05-08,1028
4109,加捷生醫,19,0,19,合庫-彰化,2024-05-08,1028
5880,合庫金,38,19,19,合庫-彰化,2024-05-08,1028
6282,康舒,19,0,19,合庫-彰化,2024-05-08,1028
00687B,國泰20年美債,21,5,16,合庫-彰化,2024-05-08,1028
5608,四維航,20,5,15,合庫-彰化,2024-05-08,1028
8064,東捷,14,0,14,合庫-彰化,2024-05-08,1028
8277,商丞,14,0,14,合庫-彰化,2024-05-08,1028
1514,亞力,13,1,12,合庫-彰化,2024-05-08,1028
00937B,群益ESG投等債20,47,35,12,合庫-彰化,2024-05-08,1028
1314,中石化,16,4,12,合庫-彰化,2024-05-08,1028
2352,佳世達,11,0,11,合庫-彰化,2024-05-08,1028
1808,潤隆,11,0,11,合庫-彰化,2024-05-08,1028
4576,大銀微系統,11,0,11,合庫-彰化,2024-05-08,1028
9933,中鼎,11,0,11,合庫-彰化,2024-05-08,1028
3013,晟銘電,18,7,11,合庫-彰化,2024-05-08,1028
2601,益航,20,10,10,合庫-彰化,2024-05-08,1028
00921,兆豐龍頭等權重,10,0,10,合庫-彰化,2024-05-08,1028
00945B,凱基美國非投等債,10,0,10,合庫-彰化,2024-05-08,1028
00661,元大日經225,10,0,10,合庫-彰化,2024-05-08,1028
3056,富華新,13,3,10,合庫-彰化,2024-05-08,1028
3060,銘異,13,3,10,合庫-彰化,2024-05-08,1028
4513,福裕,15,5,10,合庫-彰化,2024-05-08,1028
5347,世界,11,1,10,合庫-彰化,2024-05-08,1028
6180,橘子,10,0,10,合庫-彰化,2024-05-08,1028
2317,鴻海,20,11,9,合庫-彰化,2024-05-08,1028
2303,聯電,13,5,8,合庫-彰化,2024-05-08,1028
00680L,元大美債20正2,802,0,802,合庫-彰化,2024-05-09,1028
00937B,群益ESG投等債20,218,0,218,合庫-彰化,2024-05-09,1028
3260,威剛,152,1,151,合庫-彰化,2024-05-09,1028
3363,上詮,118,0,118,合庫-彰化,2024-05-09,1028
00946,群益科技高息成長,125,19,106,合庫-彰化,2024-05-09,1028
00929,復華台灣科技優息,98,2,96,合庫-彰化,2024-05-09,1028
3535,晶彩科,73,2,71,合庫-彰化,2024-05-09,1028
2618,長榮航,90,20,70,合庫-彰化,2024-05-09,1028
00878,國泰永續高股息,68,7,61,合庫-彰化,2024-05-09,1028
3036,文曄,50,1,49,合庫-彰化,2024-05-09,1028
5871,中租-KY,50,1,49,合庫-彰化,2024-05-09,1028
00944,野村趨勢動能高息,47,0,47,合庫-彰化,2024-05-09,1028
2367,燿華,81,37,44,合庫-彰化,2024-05-09,1028
3021,鴻名,37,0,37,合庫-彰化,2024-05-09,1028
2834,臺企銀,35,0,35,合庫-彰化,2024-05-09,1028
2542,興富發,35,3,32,合庫-彰化,2024-05-09,1028
2363,矽統,44,12,32,合庫-彰化,2024-05-09,1028
00632R,元大台灣50反1,31,0,31,合庫-彰化,2024-05-09,1028
2374,佳能,39,11,28,合庫-彰化,2024-05-09,1028
00679B,元大美債20年,30,3,27,合庫-彰化,2024-05-09,1028
00882,中信中國高股息,27,0,27,合庫-彰化,2024-05-09,1028
2610,華航,28,1,27,合庫-彰化,2024-05-09,1028
2889,國票金,26,0,26,合庫-彰化,2024-05-09,1028
6834,天二科技,26,0,26,合庫-彰化,2024-05-09,1028
1708,東鹼,33,8,25,合庫-彰化,2024-05-09,1028
00936,台新永續高息中小,24,0,24,合庫-彰化,2024-05-09,1028
00940,元大台灣價值高息,24,3,21,合庫-彰化,2024-05-09,1028
8271,宇瞻,21,0,21,合庫-彰化,2024-05-09,1028
6005,群益證,23,3,20,合庫-彰化,2024-05-09,1028
9914,美利達,20,0,20,合庫-彰化,2024-05-09,1028
2408,南亞科,20,0,20,合庫-彰化,2024-05-09,1028
00650L,復華香港正2,27,8,19,合庫-彰化,2024-05-09,1028
3041,揚智,21,2,19,合庫-彰化,2024-05-09,1028
4109,加捷生醫,19,0,19,合庫-彰化,2024-05-09,1028
2371,大同,43,25,18,合庫-彰化,2024-05-09,1028
2611,志信,18,0,18,合庫-彰化,2024-05-09,1028
3231,緯創,21,3,18,合庫-彰化,2024-05-09,1028
00915,凱基優選高股息30,17,0,17,合庫-彰化,2024-05-09,1028
1609,大亞,56,40,16,合庫-彰化,2024-05-09,1028
2888,新光金,47,31,16,合庫-彰化,2024-05-09,1028
3013,晟銘電,50,34,16,合庫-彰化,2024-05-09,1028
2528,皇普,15,0,15,合庫-彰化,2024-05-09,1028
2543,皇昌,14,0,14,合庫-彰化,2024-05-09,1028
1301,台塑,13,0,13,合庫-彰化,2024-05-09,1028
1314,中石化,18,5,13,合庫-彰化,2024-05-09,1028
2316,楠梓電,12,0,12,合庫-彰化,2024-05-09,1028
3491,昇達科,15,3,12,合庫-彰化,2024-05-09,1028
3567,逸昌,12,0,12,合庫-彰化,2024-05-09,1028
1605,華新,13,2,11,合庫-彰化,2024-05-09,1028
00933B,國泰10Y+金融債,11,0,11,合庫-彰化,2024-05-09,1028
6005,群益證,621,7,614,合庫-彰化,2024-05-10,1028
00929,復華台灣科技優息,220,8,212,合庫-彰化,2024-05-10,1028
00650L,復華香港正2,130,5,125,合庫-彰化,2024-05-10,1028
2109,華豐,122,14,108,合庫-彰化,2024-05-10,1028
5508,永信建,90,0,90,合庫-彰化,2024-05-10,1028
1609,大亞,84,19,65,合庫-彰化,2024-05-10,1028
2834,臺企銀,62,0,62,合庫-彰化,2024-05-10,1028
00680L,元大美債20正2,50,0,50,合庫-彰化,2024-05-10,1028
00673R,期元大S＆P原油反1,52,7,45,合庫-彰化,2024-05-10,1028
2313,華通,50,10,40,合庫-彰化,2024-05-10,1028
00946,群益科技高息成長,43,4,39,合庫-彰化,2024-05-10,1028
8150,南茂,32,0,32,合庫-彰化,2024-05-10,1028
5871,中租-KY,28,0,28,合庫-彰化,2024-05-10,1028
6116,彩晶,32,4,28,合庫-彰化,2024-05-10,1028
00940,元大台灣價值高息,27,5,22,合庫-彰化,2024-05-10,1028
2630,亞航,23,1,22,合庫-彰化,2024-05-10,1028
2542,興富發,21,0,21,合庫-彰化,2024-05-10,1028
2892,第一金,20,0,20,合庫-彰化,2024-05-10,1028
00753L,中信中國50正2,20,1,19,合庫-彰化,2024-05-10,1028
1218,泰山,18,0,18,合庫-彰化,2024-05-10,1028
2317,鴻海,34,17,17,合庫-彰化,2024-05-10,1028
00944,野村趨勢動能高息,19,3,16,合庫-彰化,2024-05-10,1028
9935,慶豐富,26,10,16,合庫-彰化,2024-05-10,1028
00706L,期元大S＆P日圓正2,15,0,15,合庫-彰化,2024-05-10,1028
9955,佳龍,22,8,14,合庫-彰化,2024-05-10,1028
2409,友達,33,20,13,合庫-彰化,2024-05-10,1028
2537,聯上發,36,23,13,合庫-彰化,2024-05-10,1028
3481,群創,233,220,13,合庫-彰化,2024-05-10,1028
3712,永崴投控,16,3,13,合庫-彰化,2024-05-10,1028
2607,榮運,14,2,12,合庫-彰化,2024-05-10,1028
6282,康舒,13,1,12,合庫-彰化,2024-05-10,1028
00891,中信關鍵半導體,11,0,11,合庫-彰化,2024-05-10,1028
00936,台新永續高息中小,11,0,11,合庫-彰化,2024-05-10,1028
3013,晟銘電,42,31,11,合庫-彰化,2024-05-10,1028
4580,捷流閥業,28,17,11,合庫-彰化,2024-05-10,1028
6180,橘子,14,3,11,合庫-彰化,2024-05-10,1028
2457,飛宏,11,1,10,合庫-彰化,2024-05-10,1028
3312,弘憶股,10,0,10,合庫-彰化,2024-05-10,1028
3363,上詮,11,1,10,合庫-彰化,2024-05-10,1028
9944,新麗,10,0,10,合庫-彰化,2024-05-10,1028
2363,矽統,22,13,9,合庫-彰化,2024-05-10,1028
00937B,群益ESG投等債20,9,0,9,合庫-彰化,2024-05-10,1028
00919,群益台灣精選高息,10,1,9,合庫-彰化,2024-05-10,1028
3033,威健,12,3,9,合庫-彰化,2024-05-10,1028
6239,力成,9,0,9,合庫-彰化,2024-05-10,1028
1416,廣豐,8,0,8,合庫-彰化,2024-05-10,1028
3346,麗清,8,0,8,合庫-彰化,2024-05-10,1028
1514,亞力,32,25,7,合庫-彰化,2024-05-10,1028
6770,力積電,7,0,7,合庫-彰化,2024-05-10,1028
1314,中石化,7,0,7,合庫-彰化,2024-05-10,1028
00929,復華台灣科技優息,206,0,206,合庫-彰化,2024-05-13,1028
00937B,群益ESG投等債20,189,6,183,合庫-彰化,2024-05-13,1028
00715L,期街口布蘭特正2,110,0,110,合庫-彰化,2024-05-13,1028
2618,長榮航,103,10,93,合庫-彰化,2024-05-13,1028
2489,瑞軒,81,1,80,合庫-彰化,2024-05-13,1028
2608,嘉里大榮,78,19,59,合庫-彰化,2024-05-13,1028
2883,凱基金,72,26,46,合庫-彰化,2024-05-13,1028
00878,國泰永續高股息,72,28,44,合庫-彰化,2024-05-13,1028
5880,合庫金,99,57,42,合庫-彰化,2024-05-13,1028
2611,志信,46,4,42,合庫-彰化,2024-05-13,1028
2812,台中銀,48,7,41,合庫-彰化,2024-05-13,1028
1455,集盛,42,2,40,合庫-彰化,2024-05-13,1028
6248,沛波,40,0,40,合庫-彰化,2024-05-13,1028
4576,大銀微系統,40,1,39,合庫-彰化,2024-05-13,1028
5508,永信建,38,0,38,合庫-彰化,2024-05-13,1028
1609,大亞,33,1,32,合庫-彰化,2024-05-13,1028
5531,鄉林,32,3,29,合庫-彰化,2024-05-13,1028
2612,中航,29,1,28,合庫-彰化,2024-05-13,1028
5608,四維航,29,2,27,合庫-彰化,2024-05-13,1028
00919,群益台灣精選高息,43,17,26,合庫-彰化,2024-05-13,1028
2317,鴻海,39,23,16,合庫-彰化,2024-05-13,1028
3013,晟銘電,20,4,16,合庫-彰化,2024-05-13,1028
5521,工信,16,0,16,合庫-彰化,2024-05-13,1028
2609,陽明,38,23,15,合庫-彰化,2024-05-13,1028
00679B,元大美債20年,20,5,15,合庫-彰化,2024-05-13,1028
2241,艾姆勒,52,37,15,合庫-彰化,2024-05-13,1028
6743,安普新,14,0,14,合庫-彰化,2024-05-13,1028
3231,緯創,18,4,14,合庫-彰化,2024-05-13,1028
2371,大同,28,15,13,合庫-彰化,2024-05-13,1028
2630,亞航,13,0,13,合庫-彰化,2024-05-13,1028
2449,京元電子,12,0,12,合庫-彰化,2024-05-13,1028
0056,元大高股息,16,4,12,合庫-彰化,2024-05-13,1028
2888,新光金,22,10,12,合庫-彰化,2024-05-13,1028
3491,昇達科,12,0,12,合庫-彰化,2024-05-13,1028
3576,聯合再生,12,0,12,合庫-彰化,2024-05-13,1028
2002,中鋼,12,1,11,合庫-彰化,2024-05-13,1028
2367,燿華,22,11,11,合庫-彰化,2024-05-13,1028
2887,台新金,11,0,11,合庫-彰化,2024-05-13,1028
1303,南亞,11,0,11,合庫-彰化,2024-05-13,1028
2313,華通,11,1,10,合庫-彰化,2024-05-13,1028
4743,合一,10,0,10,合庫-彰化,2024-05-13,1028
00932,兆豐永續高息等權,10,0,10,合庫-彰化,2024-05-13,1028
00680L,元大美債20正2,10,0,10,合庫-彰化,2024-05-13,1028
00706L,期元大S＆P日圓正2,10,0,10,合庫-彰化,2024-05-13,1028
00939,統一台灣高息動能,12,2,10,合庫-彰化,2024-05-13,1028
1717,長興,10,0,10,合庫-彰化,2024-05-13,1028
1907,永豐餘,10,0,10,合庫-彰化,2024-05-13,1028
2542,興富發,10,0,10,合庫-彰化,2024-05-13,1028
2601,益航,11,1,10,合庫-彰化,2024-05-13,1028
2867,三商壽,10,0,10,合庫-彰化,2024-05-13,1028
1587,吉茂,103,0,103,合庫-彰化,2024-05-14,1028
2489,瑞軒,85,0,85,合庫-彰化,2024-05-14,1028
2890,永豐金,78,0,78,合庫-彰化,2024-05-14,1028
2317,鴻海,86,20,66,合庫-彰化,2024-05-14,1028
1815,富喬,76,13,63,合庫-彰化,2024-05-14,1028
2374,佳能,147,84,63,合庫-彰化,2024-05-14,1028
00679B,元大美債20年,58,1,57,合庫-彰化,2024-05-14,1028
2241,艾姆勒,44,0,44,合庫-彰化,2024-05-14,1028
3481,群創,43,3,40,合庫-彰化,2024-05-14,1028
1609,大亞,36,2,34,合庫-彰化,2024-05-14,1028
2371,大同,41,8,33,合庫-彰化,2024-05-14,1028
00919,群益台灣精選高息,53,21,32,合庫-彰化,2024-05-14,1028
00720B,元大投資級公司債,32,0,32,合庫-彰化,2024-05-14,1028
4545,銘鈺,31,0,31,合庫-彰化,2024-05-14,1028
5880,合庫金,30,0,30,合庫-彰化,2024-05-14,1028
1316,上曜,30,4,26,合庫-彰化,2024-05-14,1028
2542,興富發,36,10,26,合庫-彰化,2024-05-14,1028
4513,福裕,23,0,23,合庫-彰化,2024-05-14,1028
00937B,群益ESG投等債20,34,12,22,合庫-彰化,2024-05-14,1028
2615,萬海,104,83,21,合庫-彰化,2024-05-14,1028
8070,長華*,21,1,20,合庫-彰化,2024-05-14,1028
1618,合機,21,2,19,合庫-彰化,2024-05-14,1028
3694,海華,17,0,17,合庫-彰化,2024-05-14,1028
2882,國泰金,26,9,17,合庫-彰化,2024-05-14,1028
5871,中租-KY,16,0,16,合庫-彰化,2024-05-14,1028
9945,潤泰新,25,8,17,合庫-彰化,2024-05-14,1028
3376,新日興,21,5,16,合庫-彰化,2024-05-14,1028
00637L,元大滬深300正2,15,0,15,合庫-彰化,2024-05-14,1028
1101,台泥,16,1,15,合庫-彰化,2024-05-14,1028
1714,和桐,21,6,15,合庫-彰化,2024-05-14,1028
6770,力積電,34,20,14,合庫-彰化,2024-05-14,1028
2332,友訊,14,0,14,合庫-彰化,2024-05-14,1028
5608,四維航,28,14,14,合庫-彰化,2024-05-14,1028
1524,耿鼎,13,1,12,合庫-彰化,2024-05-14,1028
2344,華邦電,13,1,12,合庫-彰化,2024-05-14,1028
2892,第一金,12,0,12,合庫-彰化,2024-05-14,1028
00929,復華台灣科技優息,12,0,12,合庫-彰化,2024-05-14,1028
2630,亞航,28,17,11,合庫-彰化,2024-05-14,1028
3231,緯創,17,6,11,合庫-彰化,2024-05-14,1028
2812,台中銀,11,0,11,合庫-彰化,2024-05-14,1028
3498,陽程,15,4,11,合庫-彰化,2024-05-14,1028
1802,台玻,10,0,10,合庫-彰化,2024-05-14,1028
2637,慧洋-KY,11,1,10,合庫-彰化,2024-05-14,1028
6658,聯策,10,0,10,合庫-彰化,2024-05-14,1028
6834,天二科技,10,0,10,合庫-彰化,2024-05-14,1028
9944,新麗,10,0,10,合庫-彰化,2024-05-14,1028
1513,中興電,9,0,9,合庫-彰化,2024-05-14,1028
2641,正德,10,2,8,合庫-彰化,2024-05-14,1028
4903,聯光通,8,0,8,合庫-彰化,2024-05-14,1028
00933B,國泰10Y+金融債,7,0,7,合庫-彰化,2024-05-14,1028
2312,金寶,331,5,326,合庫-彰化,2024-05-15,1028
4533,協易機,212,4,208,合庫-彰化,2024-05-15,1028
4402,郡都開發,180,0,180,合庫-彰化,2024-05-15,1028
00937B,群益ESG投等債20,167,16,151,合庫-彰化,2024-05-15,1028
00940,元大台灣價值高息,149,5,144,合庫-彰化,2024-05-15,1028
1522,堤維西,115,7,108,合庫-彰化,2024-05-15,1028
2353,宏��,213,128,85,合庫-彰化,2024-05-15,1028
2356,英業達,77,2,75,合庫-彰化,2024-05-15,1028
00878,國泰永續高股息,78,13,65,合庫-彰化,2024-05-15,1028
00919,群益台灣精選高息,63,0,63,合庫-彰化,2024-05-15,1028
3230,錦明,57,0,57,合庫-彰化,2024-05-15,1028
2034,允強,56,0,56,合庫-彰化,2024-05-15,1028
1587,吉茂,58,7,51,合庫-彰化,2024-05-15,1028
00632R,元大台灣50反1,50,0,50,合庫-彰化,2024-05-15,1028
1591,駿吉-KY,50,0,50,合庫-彰化,2024-05-15,1028
2618,長榮航,60,10,50,合庫-彰化,2024-05-15,1028
00712,復華富時不動產,42,7,35,合庫-彰化,2024-05-15,1028
00687B,國泰20年美債,33,0,33,合庫-彰化,2024-05-15,1028
5355,佳總,30,0,30,合庫-彰化,2024-05-15,1028
00929,復華台灣科技優息,43,14,29,合庫-彰化,2024-05-15,1028
5469,瀚宇博,31,3,28,合庫-彰化,2024-05-15,1028
5531,鄉林,25,0,25,合庫-彰化,2024-05-15,1028
2009,第一銅,32,13,19,合庫-彰化,2024-05-15,1028
2883B,凱基金乙特,24,5,19,合庫-彰化,2024-05-15,1028
2105,正新,20,2,18,合庫-彰化,2024-05-15,1028
8033,雷虎,18,0,18,合庫-彰化,2024-05-15,1028
6743,安普新,17,0,17,合庫-彰化,2024-05-15,1028
1220,台榮,16,0,16,合庫-彰化,2024-05-15,1028
2528,皇普,16,0,16,合庫-彰化,2024-05-15,1028
00679B,元大美債20年,15,0,15,合庫-彰化,2024-05-15,1028
2332,友訊,15,0,15,合庫-彰化,2024-05-15,1028
2607,榮運,27,12,15,合庫-彰化,2024-05-15,1028
3005,神基,16,1,15,合庫-彰化,2024-05-15,1028
5880,合庫金,33,18,15,合庫-彰化,2024-05-15,1028
2637,慧洋-KY,14,0,14,合庫-彰化,2024-05-15,1028
2630,亞航,29,15,14,合庫-彰化,2024-05-15,1028
6770,力積電,16,2,14,合庫-彰化,2024-05-15,1028
00932,兆豐永續高息等權,13,0,13,合庫-彰化,2024-05-15,1028
3481,群創,13,0,13,合庫-彰化,2024-05-15,1028
3035,智原,14,2,12,合庫-彰化,2024-05-15,1028
3013,晟銘電,25,13,12,合庫-彰化,2024-05-15,1028
3576,聯合再生,13,1,12,合庫-彰化,2024-05-15,1028
2324,仁寶,14,2,12,合庫-彰化,2024-05-15,1028
2449,京元電子,11,0,11,合庫-彰化,2024-05-15,1028
5381,合正,11,0,11,合庫-彰化,2024-05-15,1028
6215,和椿,18,7,11,合庫-彰化,2024-05-15,1028
8097,常珵,11,0,11,合庫-彰化,2024-05-15,1028
1451,年興,10,0,10,合庫-彰化,2024-05-15,1028
2101,南港,10,0,10,合庫-彰化,2024-05-15,1028
2476,鉅祥,14,4,10,合庫-彰化,2024-05-15,1028
1455,集盛,197,9,188,合庫-彰化,2024-05-16,1028
2801,彰銀,108,0,108,合庫-彰化,2024-05-16,1028
00664R,國泰臺灣加權反1,100,0,100,合庫-彰化,2024-05-16,1028
2356,英業達,55,6,49,合庫-彰化,2024-05-16,1028
2501,國建,49,4,45,合庫-彰化,2024-05-16,1028
3712,永崴投控,43,0,43,合庫-彰化,2024-05-16,1028
00650L,復華香港正2,70,29,41,合庫-彰化,2024-05-16,1028
2641,正德,51,11,40,合庫-彰化,2024-05-16,1028
2352,佳世達,47,11,36,合庫-彰化,2024-05-16,1028
2382,廣達,39,9,30,合庫-彰化,2024-05-16,1028
5381,合正,30,1,29,合庫-彰化,2024-05-16,1028
00680L,元大美債20正2,55,30,25,合庫-彰化,2024-05-16,1028
3376,新日興,24,0,24,合庫-彰化,2024-05-16,1028
3231,緯創,28,5,23,合庫-彰化,2024-05-16,1028
2359,所羅門,43,21,22,合庫-彰化,2024-05-16,1028
2338,光罩,21,0,21,合庫-彰化,2024-05-16,1028
1312,國喬,20,0,20,合庫-彰化,2024-05-16,1028
4414,如興,20,0,20,合庫-彰化,2024-05-16,1028
6248,沛波,19,0,19,合庫-彰化,2024-05-16,1028
1591,駿吉-KY,18,0,18,合庫-彰化,2024-05-16,1028
00632R,元大台灣50反1,41,25,16,合庫-彰化,2024-05-16,1028
2882,國泰金,17,1,16,合庫-彰化,2024-05-16,1028
2362,藍天,36,21,15,合庫-彰化,2024-05-16,1028
2301,光寶科,12,0,12,合庫-彰化,2024-05-16,1028
8358,金居,34,22,12,合庫-彰化,2024-05-16,1028
1609,大亞,43,32,11,合庫-彰化,2024-05-16,1028
00946,群益科技高息成長,12,2,10,合庫-彰化,2024-05-16,1028
1584,精剛,10,0,10,合庫-彰化,2024-05-16,1028
4109,加捷生醫,10,0,10,合庫-彰化,2024-05-16,1028
5356,協益,10,0,10,合庫-彰化,2024-05-16,1028
8096,擎亞,15,5,10,合庫-彰化,2024-05-16,1028
2887,台新金,10,0,10,合庫-彰化,2024-05-16,1028
1514,亞力,9,0,9,合庫-彰化,2024-05-16,1028
2331,精英,22,13,9,合庫-彰化,2024-05-16,1028
3024,憶聲,10,1,9,合庫-彰化,2024-05-16,1028
3339,泰谷,10,1,9,合庫-彰化,2024-05-16,1028
6215,和椿,17,8,9,合庫-彰化,2024-05-16,1028
1227,佳格,8,0,8,合庫-彰化,2024-05-16,1028
1402,遠東新,8,0,8,合庫-彰化,2024-05-16,1028
1442,名軒,11,3,8,合庫-彰化,2024-05-16,1028
3013,晟銘電,13,5,8,合庫-彰化,2024-05-16,1028
3694,海華,10,2,8,合庫-彰化,2024-05-16,1028
3708,上緯投控,8,0,8,合庫-彰化,2024-05-16,1028
6290,良維,8,0,8,合庫-彰化,2024-05-16,1028
6558,興能高,8,0,8,合庫-彰化,2024-05-16,1028
00929,復華台灣科技優息,33,25,8,合庫-彰化,2024-05-16,1028
2314,台揚,8,1,7,合庫-彰化,2024-05-16,1028
2355,敬鵬,8,1,7,合庫-彰化,2024-05-16,1028
2432,倚天酷��-創,7,0,7,合庫-彰化,2024-05-16,1028
6005,群益證,12,5,7,合庫-彰化,2024-05-16,1028
00680L,元大美債20正2,1110,0,1110,合庫-彰化,2024-05-17,1028
3260,威剛,205,5,200,合庫-彰化,2024-05-17,1028
2867,三商壽,205,42,163,合庫-彰化,2024-05-17,1028
2801,彰銀,105,1,104,合庫-彰化,2024-05-17,1028
2317,鴻海,96,12,84,合庫-彰化,2024-05-17,1028
00878,國泰永續高股息,69,2,67,合庫-彰化,2024-05-17,1028
00929,復華台灣科技優息,82,16,66,合庫-彰化,2024-05-17,1028
3481,群創,556,504,52,合庫-彰化,2024-05-17,1028
2352,佳世達,46,0,46,合庫-彰化,2024-05-17,1028
3013,晟銘電,52,7,45,合庫-彰化,2024-05-17,1028
1591,駿吉-KY,42,7,35,合庫-彰化,2024-05-17,1028
6116,彩晶,33,0,33,合庫-彰化,2024-05-17,1028
4545,銘鈺,29,0,29,合庫-彰化,2024-05-17,1028
9945,潤泰新,40,13,27,合庫-彰化,2024-05-17,1028
3051,力特,25,0,25,合庫-彰化,2024-05-17,1028
2417,圓剛,28,5,23,合庫-彰化,2024-05-17,1028
5498,凱崴,29,8,21,合庫-彰化,2024-05-17,1028
3708,上緯投控,20,0,20,合庫-彰化,2024-05-17,1028
3231,緯創,22,4,18,合庫-彰化,2024-05-17,1028
5392,能率,28,11,17,合庫-彰化,2024-05-17,1028
2356,英業達,19,2,17,合庫-彰化,2024-05-17,1028
3024,憶聲,18,1,17,合庫-彰化,2024-05-17,1028
00679B,元大美債20年,16,0,16,合庫-彰化,2024-05-17,1028
1517,利奇,20,4,16,合庫-彰化,2024-05-17,1028
6209,今國光,15,0,15,合庫-彰化,2024-05-17,1028
8936,國統,15,0,15,合庫-彰化,2024-05-17,1028
00891,中信關鍵半導體,13,0,13,合庫-彰化,2024-05-17,1028
2408,南亞科,13,0,13,合庫-彰化,2024-05-17,1028
9904,寶成,31,18,13,合庫-彰化,2024-05-17,1028
1314,中石化,12,0,12,合庫-彰化,2024-05-17,1028
2476,鉅祥,15,3,12,合庫-彰化,2024-05-17,1028
2537,聯上發,27,16,11,合庫-彰化,2024-05-17,1028
2637,慧洋-KY,11,0,11,合庫-彰化,2024-05-17,1028
2888,新光金,36,25,11,合庫-彰化,2024-05-17,1028
6770,力積電,34,23,11,合庫-彰化,2024-05-17,1028
2489,瑞軒,56,45,11,合庫-彰化,2024-05-17,1028
2605,新興,21,10,11,合庫-彰化,2024-05-17,1028
00632R,元大台灣50反1,10,0,10,合庫-彰化,2024-05-17,1028
1524,耿鼎,10,0,10,合庫-彰化,2024-05-17,1028
2332,友訊,10,0,10,合庫-彰化,2024-05-17,1028
2701,萬企,10,0,10,合庫-彰化,2024-05-17,1028
2851,中再保,10,0,10,合庫-彰化,2024-05-17,1028
912000,晨訊科-DR,10,0,10,合庫-彰化,2024-05-17,1028
00946,群益科技高息成長,9,0,9,合庫-彰化,2024-05-17,1028
2323,中環,9,0,9,合庫-彰化,2024-05-17,1028
5351,鈺創,11,2,9,合庫-彰化,2024-05-17,1028
9940,信義,10,1,9,合庫-彰化,2024-05-17,1028
1617,榮星,8,0,8,合庫-彰化,2024-05-17,1028
3025,星通,8,0,8,合庫-彰化,2024-05-17,1028
9914,美利達,8,0,8,合庫-彰化,2024-05-17,1028
3013,晟銘電,217,8,209,合庫-彰化,2024-05-20,1028
3260,威剛,150,0,150,合庫-彰化,2024-05-20,1028
00929,復華台灣科技優息,150,56,94,合庫-彰化,2024-05-20,1028
1587,吉茂,95,9,86,合庫-彰化,2024-05-20,1028
1591,駿吉-KY,64,0,64,合庫-彰化,2024-05-20,1028
2611,志信,67,19,48,合庫-彰化,2024-05-20,1028
00937B,群益ESG投等債20,58,20,38,合庫-彰化,2024-05-20,1028
00857B,永豐20年美公債,35,0,35,合庫-彰化,2024-05-20,1028
2363,矽統,46,12,34,合庫-彰化,2024-05-20,1028
1453,大將,34,1,33,合庫-彰化,2024-05-20,1028
3576,聯合再生,33,0,33,合庫-彰化,2024-05-20,1028
2317,鴻海,39,7,32,合庫-彰化,2024-05-20,1028
4545,銘鈺,31,0,31,合庫-彰化,2024-05-20,1028
00632R,元大台灣50反1,40,10,30,合庫-彰化,2024-05-20,1028
8071,能率網通,30,2,28,合庫-彰化,2024-05-20,1028
2401,凌陽,27,1,26,合庫-彰化,2024-05-20,1028
2603,長榮,36,11,25,合庫-彰化,2024-05-20,1028
3231,緯創,33,8,25,合庫-彰化,2024-05-20,1028
2610,華航,75,51,24,合庫-彰化,2024-05-20,1028
00878,國泰永續高股息,44,23,21,合庫-彰化,2024-05-20,1028
5009,榮剛,25,5,20,合庫-彰化,2024-05-20,1028
2330,台積電,16,0,16,合庫-彰化,2024-05-20,1028
00679B,元大美債20年,16,1,15,合庫-彰化,2024-05-20,1028
2241,艾姆勒,16,1,15,合庫-彰化,2024-05-20,1028
4906,正文,18,3,15,合庫-彰化,2024-05-20,1028
8404,百和興業-KY,15,0,15,合庫-彰化,2024-05-20,1028
00637L,元大滬深300正2,17,3,14,合庫-彰化,2024-05-20,1028
2449,京元電子,16,2,14,合庫-彰化,2024-05-20,1028
6770,力積電,20,6,14,合庫-彰化,2024-05-20,1028
9904,寶成,15,1,14,合庫-彰化,2024-05-20,1028
00940,元大台灣價值高息,54,41,13,合庫-彰化,2024-05-20,1028
5244,弘凱,13,0,13,合庫-彰化,2024-05-20,1028
00933B,國泰10Y+金融債,12,0,12,合庫-彰化,2024-05-20,1028
00687B,國泰20年美債,13,2,11,合庫-彰化,2024-05-20,1028
5351,鈺創,11,0,11,合庫-彰化,2024-05-20,1028
5392,能率,12,1,11,合庫-彰化,2024-05-20,1028
00664R,國泰臺灣加權反1,10,0,10,合庫-彰化,2024-05-20,1028
00905,FT臺灣Smart,10,0,10,合庫-彰化,2024-05-20,1028
2905,三商,10,0,10,合庫-彰化,2024-05-20,1028
3491,昇達科,10,0,10,合庫-彰化,2024-05-20,1028
4414,如興,10,0,10,合庫-彰化,2024-05-20,1028
5531,鄉林,10,0,10,合庫-彰化,2024-05-20,1028
6120,達運,10,0,10,合庫-彰化,2024-05-20,1028
8096,擎亞,14,4,10,合庫-彰化,2024-05-20,1028
2489,瑞軒,33,23,10,合庫-彰化,2024-05-20,1028
1609,大亞,34,24,10,合庫-彰化,2024-05-20,1028
00919,群益台灣精選高息,23,14,9,合庫-彰化,2024-05-20,1028
00939,統一台灣高息動能,17,8,9,合庫-彰化,2024-05-20,1028
2114,鑫永銓,9,0,9,合庫-彰化,2024-05-20,1028
2208,台船,10,1,9,合庫-彰化,2024-05-20,1028
00665L,富邦�琤肭磪囓�2,854,0,854,合庫-彰化,2024-05-21,1028
1587,吉茂,188,4,184,合庫-彰化,2024-05-21,1028
00937B,群益ESG投等債20,180,1,179,合庫-彰化,2024-05-21,1028
00929,復華台灣科技優息,154,18,136,合庫-彰化,2024-05-21,1028
2312,金寶,132,4,128,合庫-彰化,2024-05-21,1028
3481,群創,627,513,114,合庫-彰化,2024-05-21,1028
2002,中鋼,101,0,101,合庫-彰化,2024-05-21,1028
2022,聚亨,96,2,94,合庫-彰化,2024-05-21,1028
00715L,期街口布蘭特正2,90,0,90,合庫-彰化,2024-05-21,1028
2317,鴻海,76,7,69,合庫-彰化,2024-05-21,1028
00878,國泰永續高股息,57,4,53,合庫-彰化,2024-05-21,1028
2618,長榮航,79,29,50,合庫-彰化,2024-05-21,1028
1591,駿吉-KY,47,2,45,合庫-彰化,2024-05-21,1028
2886,兆豐金,43,2,41,合庫-彰化,2024-05-21,1028
00650L,復華香港正2,34,0,34,合庫-彰化,2024-05-21,1028
1608,華榮,39,6,33,合庫-彰化,2024-05-21,1028
2867,三商壽,56,26,30,合庫-彰化,2024-05-21,1028
1101,台泥,29,1,28,合庫-彰化,2024-05-21,1028
5011,久陽,28,0,28,合庫-彰化,2024-05-21,1028
2365,昆盈,32,5,27,合庫-彰化,2024-05-21,1028
1802,台玻,30,3,27,合庫-彰化,2024-05-21,1028
00680L,元大美債20正2,26,0,26,合庫-彰化,2024-05-21,1028
3576,聯合再生,26,0,26,合庫-彰化,2024-05-21,1028
2611,志信,25,1,24,合庫-彰化,2024-05-21,1028
2367,燿華,88,65,23,合庫-彰化,2024-05-21,1028
8028,昇陽半導體,26,4,22,合庫-彰化,2024-05-21,1028
8071,能率網通,22,0,22,合庫-彰化,2024-05-21,1028
00919,群益台灣精選高息,25,3,22,合庫-彰化,2024-05-21,1028
1714,和桐,20,0,20,合庫-彰化,2024-05-21,1028
1815,富喬,24,6,18,合庫-彰化,2024-05-21,1028
2609,陽明,18,1,17,合庫-彰化,2024-05-21,1028
2371,大同,30,13,17,合庫-彰化,2024-05-21,1028
3708,上緯投控,17,0,17,合庫-彰化,2024-05-21,1028
00725B,國泰投資級公司債,16,0,16,合庫-彰化,2024-05-21,1028
2489,瑞軒,63,48,15,合庫-彰化,2024-05-21,1028
00930,永豐ESG低碳高息,15,0,15,合庫-彰化,2024-05-21,1028
2838,聯邦銀,15,0,15,合庫-彰化,2024-05-21,1028
6509,聚和,25,10,15,合庫-彰化,2024-05-21,1028
00712,復華富時不動產,14,0,14,合庫-彰化,2024-05-21,1028
1718,中纖,14,0,14,合庫-彰化,2024-05-21,1028
2890,永豐金,14,0,14,合庫-彰化,2024-05-21,1028
00933B,國泰10Y+金融債,13,0,13,合庫-彰化,2024-05-21,1028
2374,佳能,33,20,13,合庫-彰化,2024-05-21,1028
1303,南亞,15,3,12,合庫-彰化,2024-05-21,1028
1316,上曜,12,0,12,合庫-彰化,2024-05-21,1028
1752,南光,13,1,12,合庫-彰化,2024-05-21,1028
2323,中環,12,0,12,合庫-彰化,2024-05-21,1028
2889,國票金,18,6,12,合庫-彰化,2024-05-21,1028
00753L,中信中國50正2,10,0,10,合庫-彰化,2024-05-21,1028
2243,宏旭-KY,10,0,10,合庫-彰化,2024-05-21,1028
2867,三商壽,168,29,139,合庫-彰化,2024-05-22,1028
2489,瑞軒,96,0,96,合庫-彰化,2024-05-22,1028
2504,國產,90,1,89,合庫-彰化,2024-05-22,1028
2312,金寶,100,14,86,合庫-彰化,2024-05-22,1028
1591,駿吉-KY,70,10,60,合庫-彰化,2024-05-22,1028
2618,長榮航,68,15,53,合庫-彰化,2024-05-22,1028
2610,華航,53,9,44,合庫-彰化,2024-05-22,1028
2002,中鋼,45,3,42,合庫-彰化,2024-05-22,1028
2630,亞航,39,1,38,合庫-彰化,2024-05-22,1028
00715L,期街口布蘭特正2,30,0,30,合庫-彰化,2024-05-22,1028
2881,富邦金,30,1,29,合庫-彰化,2024-05-22,1028
3576,聯合再生,31,3,28,合庫-彰化,2024-05-22,1028
8103,瀚荃,27,0,27,合庫-彰化,2024-05-22,1028
00632R,元大台灣50反1,31,5,26,合庫-彰化,2024-05-22,1028
2515,中工,26,2,24,合庫-彰化,2024-05-22,1028
9955,佳龍,31,9,22,合庫-彰化,2024-05-22,1028
1303,南亞,22,1,21,合庫-彰化,2024-05-22,1028
6202,盛群,25,4,21,合庫-彰化,2024-05-22,1028
2882,國泰金,22,2,20,合庫-彰化,2024-05-22,1028
5493,三聯,20,0,20,合庫-彰化,2024-05-22,1028
2313,華通,23,4,19,合庫-彰化,2024-05-22,1028
1809,中釉,22,4,18,合庫-彰化,2024-05-22,1028
8110,華東,19,1,18,合庫-彰化,2024-05-22,1028
2367,燿華,136,119,17,合庫-彰化,2024-05-22,1028
00650L,復華香港正2,17,0,17,合庫-彰化,2024-05-22,1028
2029,盛餘,17,0,17,合庫-彰化,2024-05-22,1028
2371,大同,18,2,16,合庫-彰化,2024-05-22,1028
2915,潤泰全,15,0,15,合庫-彰化,2024-05-22,1028
4999,鑫禾,15,0,15,合庫-彰化,2024-05-22,1028
2009,第一銅,65,51,14,合庫-彰化,2024-05-22,1028
1563,巧新,14,1,13,合庫-彰化,2024-05-22,1028
2486,一詮,23,10,13,合庫-彰化,2024-05-22,1028
5443,均豪,18,5,13,合庫-彰化,2024-05-22,1028
1301,台塑,12,0,12,合庫-彰化,2024-05-22,1028
1589,永冠-KY,11,0,11,合庫-彰化,2024-05-22,1028
4934,太極,11,0,11,合庫-彰化,2024-05-22,1028
8028,昇陽半導體,19,8,11,合庫-彰化,2024-05-22,1028
2603,長榮,11,0,11,合庫-彰化,2024-05-22,1028
2105,正新,20,10,10,合庫-彰化,2024-05-22,1028
5392,能率,38,28,10,合庫-彰化,2024-05-22,1028
6227,茂綸,10,0,10,合庫-彰化,2024-05-22,1028
3564,其陽,9,0,9,合庫-彰化,2024-05-22,1028
2467,志聖,11,2,9,合庫-彰化,2024-05-22,1028
00939,統一台灣高息動能,11,2,9,合庫-彰化,2024-05-22,1028
5351,鈺創,13,4,9,合庫-彰化,2024-05-22,1028
6207,雷科,13,4,9,合庫-彰化,2024-05-22,1028
00933B,國泰10Y+金融債,13,5,8,合庫-彰化,2024-05-22,1028
1514,亞力,18,10,8,合庫-彰化,2024-05-22,1028
1584,精剛,8,0,8,合庫-彰化,2024-05-22,1028
1587,吉茂,8,0,8,合庫-彰化,2024-05-22,1028
00857B,永豐20年美公債,490,0,490,合庫-彰化,2024-05-23,1028
00665L,富邦�琤肭磪囓�2,802,400,402,合庫-彰化,2024-05-23,1028
00946,群益科技高息成長,203,1,202,合庫-彰化,2024-05-23,1028
00671R,富邦NASDAQ反1,202,0,202,合庫-彰化,2024-05-23,1028
00632R,元大台灣50反1,153,0,153,合庫-彰化,2024-05-23,1028
3376,新日興,116,2,114,合庫-彰化,2024-05-23,1028
6005,群益證,74,0,74,合庫-彰化,2024-05-23,1028
2353,宏��,94,48,46,合庫-彰化,2024-05-23,1028
1714,和桐,42,0,42,合庫-彰化,2024-05-23,1028
00712,復華富時不動產,54,16,38,合庫-彰化,2024-05-23,1028
00937B,群益ESG投等債20,76,40,36,合庫-彰化,2024-05-23,1028
2331,精英,37,2,35,合庫-彰化,2024-05-23,1028
3312,弘憶股,36,1,35,合庫-彰化,2024-05-23,1028
4414,如興,35,0,35,合庫-彰化,2024-05-23,1028
1447,力鵬,30,0,30,合庫-彰化,2024-05-23,1028
2542,興富發,29,0,29,合庫-彰化,2024-05-23,1028
8071,能率網通,31,3,28,合庫-彰化,2024-05-23,1028
1303,南亞,27,1,26,合庫-彰化,2024-05-23,1028
2890,永豐金,26,0,26,合庫-彰化,2024-05-23,1028
5493,三聯,29,3,26,合庫-彰化,2024-05-23,1028
2888,新光金,29,4,25,合庫-彰化,2024-05-23,1028
1609,大亞,53,30,23,合庫-彰化,2024-05-23,1028
4402,郡都開發,23,0,23,合庫-彰化,2024-05-23,1028
00885,富邦越南,22,0,22,合庫-彰化,2024-05-23,1028
6120,達運,21,0,21,合庫-彰化,2024-05-23,1028
00673R,期元大S＆P原油反1,20,0,20,合庫-彰化,2024-05-23,1028
1718,中纖,20,0,20,合庫-彰化,2024-05-23,1028
2103,台橡,20,0,20,合庫-彰化,2024-05-23,1028
2504,國產,22,4,18,合庫-彰化,2024-05-23,1028
5521,工信,18,0,18,合庫-彰化,2024-05-23,1028
6139,亞翔,18,0,18,合庫-彰化,2024-05-23,1028
6175,立敦,18,0,18,合庫-彰化,2024-05-23,1028
8112,至上,18,0,18,合庫-彰化,2024-05-23,1028
1591,駿吉-KY,17,0,17,合庫-彰化,2024-05-23,1028
2349,錸德,17,0,17,合庫-彰化,2024-05-23,1028
1603,華電,16,0,16,合庫-彰化,2024-05-23,1028
2029,盛餘,16,0,16,合庫-彰化,2024-05-23,1028
1316,上曜,15,0,15,合庫-彰化,2024-05-23,1028
3013,晟銘電,22,7,15,合庫-彰化,2024-05-23,1028
6668,中揚光,16,1,15,合庫-彰化,2024-05-23,1028
2002,中鋼,20,5,15,合庫-彰化,2024-05-23,1028
1584,精剛,21,7,14,合庫-彰化,2024-05-23,1028
2313,華通,28,14,14,合庫-彰化,2024-05-23,1028
3576,聯合再生,14,0,14,合庫-彰化,2024-05-23,1028
9928,中視,15,2,13,合庫-彰化,2024-05-23,1028
2515,中工,15,2,13,合庫-彰化,2024-05-23,1028
4111,濟生,13,0,13,合庫-彰化,2024-05-23,1028
2464,盟立,28,16,12,合庫-彰化,2024-05-23,1028
3706,神達,15,3,12,合庫-彰化,2024-05-23,1028
5512,力麒,12,0,12,合庫-彰化,2024-05-23,1028
00929,復華台灣科技優息,323,23,300,合庫-彰化,2024-05-24,1028
00937B,群益ESG投等債20,438,153,285,合庫-彰化,2024-05-24,1028
2002,中鋼,125,0,125,合庫-彰化,2024-05-24,1028
5498,凱崴,121,4,117,合庫-彰化,2024-05-24,1028
2501,國建,103,0,103,合庫-彰化,2024-05-24,1028
3047,訊舟,103,13,90,合庫-彰化,2024-05-24,1028
911868,同方友友-DR,90,0,90,合庫-彰化,2024-05-24,1028
2354,鴻準,92,6,86,合庫-彰化,2024-05-24,1028
1584,精剛,83,0,83,合庫-彰化,2024-05-24,1028
2511,太子,71,0,71,合庫-彰化,2024-05-24,1028
9904,寶成,64,5,59,合庫-彰化,2024-05-24,1028
3481,群創,123,65,58,合庫-彰化,2024-05-24,1028
2324,仁寶,68,15,53,合庫-彰化,2024-05-24,1028
4543,萬在,53,2,51,合庫-彰化,2024-05-24,1028
00753L,中信中國50正2,50,4,46,合庫-彰化,2024-05-24,1028
00632R,元大台灣50反1,30,0,30,合庫-彰化,2024-05-24,1028
5009,榮剛,30,1,29,合庫-彰化,2024-05-24,1028
2610,華航,38,13,25,合庫-彰化,2024-05-24,1028
2303,聯電,42,19,23,合庫-彰化,2024-05-24,1028
2330,台積電,25,2,23,合庫-彰化,2024-05-24,1028
2867,三商壽,22,0,22,合庫-彰化,2024-05-24,1028
00712,復華富時不動產,51,30,21,合庫-彰化,2024-05-24,1028
2891,中信金,21,0,21,合庫-彰化,2024-05-24,1028
2029,盛餘,20,0,20,合庫-彰化,2024-05-24,1028
8291,尚茂,20,0,20,合庫-彰化,2024-05-24,1028
2323,中環,25,5,20,合庫-彰化,2024-05-24,1028
00946,群益科技高息成長,29,10,19,合庫-彰化,2024-05-24,1028
6209,今國光,22,3,19,合庫-彰化,2024-05-24,1028
00679B,元大美債20年,20,2,18,合庫-彰化,2024-05-24,1028
1802,台玻,21,3,18,合庫-彰化,2024-05-24,1028
8255,朋程,18,0,18,合庫-彰化,2024-05-24,1028
1316,上曜,15,0,15,合庫-彰化,2024-05-24,1028
1447,力鵬,15,0,15,合庫-彰化,2024-05-24,1028
4561,健椿,15,0,15,合庫-彰化,2024-05-24,1028
2892,第一金,14,0,14,合庫-彰化,2024-05-24,1028
5521,工信,29,15,14,合庫-彰化,2024-05-24,1028
6125,廣運,33,19,14,合庫-彰化,2024-05-24,1028
8215,明基材,14,0,14,合庫-彰化,2024-05-24,1028
6770,力積電,14,1,13,合庫-彰化,2024-05-24,1028
2485,兆赫,13,0,13,合庫-彰化,2024-05-24,1028
8064,東捷,15,2,13,合庫-彰化,2024-05-24,1028
2371,大同,20,7,13,合庫-彰化,2024-05-24,1028
1603,華電,12,0,12,合庫-彰化,2024-05-24,1028
3652,精聯,13,1,12,合庫-彰化,2024-05-24,1028
00688L,國泰20年美債正2,12,1,11,合庫-彰化,2024-05-24,1028
1303,南亞,11,0,11,合庫-彰化,2024-05-24,1028
2352,佳世達,11,0,11,合庫-彰化,2024-05-24,1028
2885,元大金,11,0,11,合庫-彰化,2024-05-24,1028
3694,海華,14,3,11,合庫-彰化,2024-05-24,1028
4414,如興,11,0,11,合庫-彰化,2024-05-24,1028
3013,晟銘電,151,14,137,合庫-彰化,2024-05-27,1028
2344,華邦電,102,6,96,合庫-彰化,2024-05-27,1028
6120,達運,121,33,88,合庫-彰化,2024-05-27,1028
5498,凱崴,91,6,85,合庫-彰化,2024-05-27,1028
2880,華南金,71,3,68,合庫-彰化,2024-05-27,1028
00937B,群益ESG投等債20,70,3,67,合庫-彰化,2024-05-27,1028
00753L,中信中國50正2,55,0,55,合庫-彰化,2024-05-27,1028
2888,新光金,40,0,40,合庫-彰化,2024-05-27,1028
2353,宏��,59,26,33,合庫-彰化,2024-05-27,1028
3141,晶宏,32,0,32,合庫-彰化,2024-05-27,1028
2330,台積電,34,2,32,合庫-彰化,2024-05-27,1028
2029,盛餘,31,0,31,合庫-彰化,2024-05-27,1028
00637L,元大滬深300正2,30,0,30,合庫-彰化,2024-05-27,1028
2489,瑞軒,90,62,28,合庫-彰化,2024-05-27,1028
8150,南茂,27,0,27,合庫-彰化,2024-05-27,1028
2363,矽統,47,22,25,合庫-彰化,2024-05-27,1028
2337,旺宏,28,4,24,合庫-彰化,2024-05-27,1028
4545,銘鈺,33,10,23,合庫-彰化,2024-05-27,1028
2867,三商壽,21,0,21,合庫-彰化,2024-05-27,1028
3706,神達,23,3,20,合庫-彰化,2024-05-27,1028
9105,泰金寶-DR,55,35,20,合庫-彰化,2024-05-27,1028
1304,台聚,15,0,15,合庫-彰化,2024-05-27,1028
1802,台玻,15,0,15,合庫-彰化,2024-05-27,1028
6117,迎廣,25,10,15,合庫-彰化,2024-05-27,1028
8390,金益鼎,15,0,15,合庫-彰化,2024-05-27,1028
2609,陽明,42,28,14,合庫-彰化,2024-05-27,1028
3047,訊舟,15,1,14,合庫-彰化,2024-05-27,1028
00687B,國泰20年美債,13,0,13,合庫-彰化,2024-05-27,1028
2367,燿華,21,8,13,合庫-彰化,2024-05-27,1028
3338,泰碩,23,10,13,合庫-彰化,2024-05-27,1028
2603,長榮,26,15,11,合庫-彰化,2024-05-27,1028
9945,潤泰新,11,0,11,合庫-彰化,2024-05-27,1028
00650L,復華香港正2,10,0,10,合庫-彰化,2024-05-27,1028
2542,興富發,20,10,10,合庫-彰化,2024-05-27,1028
3322,建舜電,10,0,10,合庫-彰化,2024-05-27,1028
3325,旭品,10,0,10,合庫-彰化,2024-05-27,1028
4973,廣穎,10,0,10,合庫-彰化,2024-05-27,1028
6142,友勁,10,0,10,合庫-彰化,2024-05-27,1028
6156,松上,10,0,10,合庫-彰化,2024-05-27,1028
8040,九暘,10,0,10,合庫-彰化,2024-05-27,1028
8070,長華*,10,0,10,合庫-彰化,2024-05-27,1028
00712,復華富時不動產,9,0,9,合庫-彰化,2024-05-27,1028
3040,遠見,9,0,9,合庫-彰化,2024-05-27,1028
5371,中光電,16,8,8,合庫-彰化,2024-05-27,1028
3376,新日興,8,0,8,合庫-彰化,2024-05-27,1028
6227,茂綸,15,7,8,合庫-彰化,2024-05-27,1028
1616,億泰,7,0,7,合庫-彰化,2024-05-27,1028
1605,華新,8,1,7,合庫-彰化,2024-05-27,1028
2610,華航,9,2,7,合庫-彰化,2024-05-27,1028
2834,臺企銀,7,0,7,合庫-彰化,2024-05-27,1028
2618,長榮航,462,87,375,合庫-彰化,2024-05-28,1028
5426,振發,169,9,160,合庫-彰化,2024-05-28,1028
3013,晟銘電,141,15,126,合庫-彰化,2024-05-28,1028
00937B,群益ESG投等債20,93,0,93,合庫-彰化,2024-05-28,1028
00929,復華台灣科技優息,81,8,73,合庫-彰化,2024-05-28,1028
1444,力麗,50,0,50,合庫-彰化,2024-05-28,1028
2641,正德,72,23,49,合庫-彰化,2024-05-28,1028
3049,精金,45,0,45,合庫-彰化,2024-05-28,1028
3322,建舜電,44,1,43,合庫-彰化,2024-05-28,1028
2029,盛餘,42,0,42,合庫-彰化,2024-05-28,1028
2891,中信金,47,5,42,合庫-彰化,2024-05-28,1028
2034,允強,40,0,40,合庫-彰化,2024-05-28,1028
9105,泰金寶-DR,40,5,35,合庫-彰化,2024-05-28,1028
2369,菱生,36,3,33,合庫-彰化,2024-05-28,1028
00712,復華富時不動產,32,0,32,合庫-彰化,2024-05-28,1028
00679B,元大美債20年,30,0,30,合庫-彰化,2024-05-28,1028
1905,華紙,30,0,30,合庫-彰化,2024-05-28,1028
2337,旺宏,27,2,25,合庫-彰化,2024-05-28,1028
2354,鴻準,82,57,25,合庫-彰化,2024-05-28,1028
2542,興富發,67,43,24,合庫-彰化,2024-05-28,1028
3040,遠見,24,0,24,合庫-彰化,2024-05-28,1028
6005,群益證,22,1,21,合庫-彰化,2024-05-28,1028
8070,長華*,22,1,21,合庫-彰化,2024-05-28,1028
2303,聯電,29,8,21,合庫-彰化,2024-05-28,1028
1101,台泥,19,0,19,合庫-彰化,2024-05-28,1028
006208,富邦台50,18,0,18,合庫-彰化,2024-05-28,1028
00931B,統一美債20年,17,0,17,合庫-彰化,2024-05-28,1028
2417,圓剛,21,4,17,合庫-彰化,2024-05-28,1028
3576,聯合再生,27,10,17,合庫-彰化,2024-05-28,1028
2382,廣達,16,0,16,合庫-彰化,2024-05-28,1028
2886,兆豐金,16,0,16,合庫-彰化,2024-05-28,1028
00939,統一台灣高息動能,15,0,15,合庫-彰化,2024-05-28,1028
2009,第一銅,16,1,15,合庫-彰化,2024-05-28,1028
2332,友訊,16,1,15,合庫-彰化,2024-05-28,1028
3594,磐儀,15,0,15,合庫-彰化,2024-05-28,1028
2330,台積電,14,0,14,合庫-彰化,2024-05-28,1028
00946,群益科技高息成長,14,0,14,合庫-彰化,2024-05-28,1028
00918,大華優利高填息30,14,0,14,合庫-彰化,2024-05-28,1028
3202,樺晟,16,2,14,合庫-彰化,2024-05-28,1028
3481,群創,19,5,14,合庫-彰化,2024-05-28,1028
4303,信立,15,1,14,合庫-彰化,2024-05-28,1028
6207,雷科,56,43,13,合庫-彰化,2024-05-28,1028
6275,元山,23,12,11,合庫-彰化,2024-05-28,1028
00915,凱基優選高股息30,11,0,11,合庫-彰化,2024-05-28,1028
2392,正崴,11,0,11,合庫-彰化,2024-05-28,1028
6770,力積電,21,10,11,合庫-彰化,2024-05-28,1028
00706L,期元大S＆P日圓正2,10,0,10,合庫-彰化,2024-05-28,1028
00764B,群益25年美債,10,0,10,合庫-彰化,2024-05-28,1028
2103,台橡,10,0,10,合庫-彰化,2024-05-28,1028
2432,倚天酷��-創,10,0,10,合庫-彰化,2024-05-28,1028
00665L,富邦�琤肭磪囓�2,973,0,973,合庫-彰化,2024-05-29,1028
00680L,元大美債20正2,492,0,492,合庫-彰化,2024-05-29,1028
2885,元大金,361,0,361,合庫-彰化,2024-05-29,1028
00937B,群益ESG投等債20,231,10,221,合庫-彰化,2024-05-29,1028
00857B,永豐20年美公債,200,0,200,合庫-彰化,2024-05-29,1028
2881,富邦金,169,0,169,合庫-彰化,2024-05-29,1028
5426,振發,145,1,144,合庫-彰化,2024-05-29,1028
00632R,元大台灣50反1,113,0,113,合庫-彰化,2024-05-29,1028
00687B,國泰20年美債,83,4,79,合庫-彰化,2024-05-29,1028
00679B,元大美債20年,75,0,75,合庫-彰化,2024-05-29,1028
2029,盛餘,54,0,54,合庫-彰化,2024-05-29,1028
2888,新光金,68,14,54,合庫-彰化,2024-05-29,1028
2369,菱生,55,3,52,合庫-彰化,2024-05-29,1028
00753L,中信中國50正2,50,0,50,合庫-彰化,2024-05-29,1028
2891,中信金,47,0,47,合庫-彰化,2024-05-29,1028
5608,四維航,110,64,46,合庫-彰化,2024-05-29,1028
9105,泰金寶-DR,43,0,43,合庫-彰化,2024-05-29,1028
2609,陽明,42,1,41,合庫-彰化,2024-05-29,1028
2317,鴻海,49,8,41,合庫-彰化,2024-05-29,1028
2801,彰銀,45,5,40,合庫-彰化,2024-05-29,1028
2610,華航,59,21,38,合庫-彰化,2024-05-29,1028
2367,燿華,50,13,37,合庫-彰化,2024-05-29,1028
2353,宏��,55,20,35,合庫-彰化,2024-05-29,1028
2834,臺企銀,33,0,33,合庫-彰化,2024-05-29,1028
6005,群益證,35,4,31,合庫-彰化,2024-05-29,1028
2886,兆豐金,31,0,31,合庫-彰化,2024-05-29,1028
4526,東台,27,0,27,合庫-彰化,2024-05-29,1028
3231,緯創,38,11,27,合庫-彰化,2024-05-29,1028
00933B,國泰10Y+金融債,26,0,26,合庫-彰化,2024-05-29,1028
2002,中鋼,26,1,25,合庫-彰化,2024-05-29,1028
5009,榮剛,25,0,25,合庫-彰化,2024-05-29,1028
9904,寶成,45,20,25,合庫-彰化,2024-05-29,1028
3040,遠見,48,24,24,合庫-彰化,2024-05-29,1028
5498,凱崴,27,3,24,合庫-彰化,2024-05-29,1028
2883,凱基金,23,0,23,合庫-彰化,2024-05-29,1028
2601,益航,67,44,23,合庫-彰化,2024-05-29,1028
3322,建舜電,23,0,23,合庫-彰化,2024-05-29,1028
2611,志信,49,27,22,合庫-彰化,2024-05-29,1028
00751B,元大AAA至A公司債,22,0,22,合庫-彰化,2024-05-29,1028
2409,友達,21,0,21,合庫-彰化,2024-05-29,1028
00878,國泰永續高股息,40,19,21,合庫-彰化,2024-05-29,1028
2605,新興,36,16,20,合庫-彰化,2024-05-29,1028
2736,富野,20,0,20,合庫-彰化,2024-05-29,1028
00946,群益科技高息成長,20,1,19,合庫-彰化,2024-05-29,1028
2330,台積電,19,0,19,合庫-彰化,2024-05-29,1028
1101,台泥,18,0,18,合庫-彰化,2024-05-29,1028
2882,國泰金,18,1,17,合庫-彰化,2024-05-29,1028
8234,新漢,17,0,17,合庫-彰化,2024-05-29,1028
2892,第一金,19,3,16,合庫-彰化,2024-05-29,1028
3202,樺晟,15,0,15,合庫-彰化,2024-05-29,1028
00671R,富邦NASDAQ反1,222,0,222,合庫-彰化,2024-05-30,1028
2515,中工,216,1,215,合庫-彰化,2024-05-30,1028
2002,中鋼,99,1,98,合庫-彰化,2024-05-30,1028
2405,輔信,87,12,75,合庫-彰化,2024-05-30,1028
9904,寶成,126,61,65,合庫-彰化,2024-05-30,1028
2538,基泰,66,3,63,合庫-彰化,2024-05-30,1028
00929,復華台灣科技優息,73,12,61,合庫-彰化,2024-05-30,1028
00679B,元大美債20年,48,1,47,合庫-彰化,2024-05-30,1028
1584,精剛,47,2,45,合庫-彰化,2024-05-30,1028
8105,凌巨,50,6,44,合庫-彰化,2024-05-30,1028
6005,群益證,46,4,42,合庫-彰化,2024-05-30,1028
00878,國泰永續高股息,47,5,42,合庫-彰化,2024-05-30,1028
2330,台積電,41,0,41,合庫-彰化,2024-05-30,1028
00712,復華富時不動產,40,1,39,合庫-彰化,2024-05-30,1028
1303,南亞,42,3,39,合庫-彰化,2024-05-30,1028
00687B,國泰20年美債,40,3,37,合庫-彰化,2024-05-30,1028
2881,富邦金,38,1,37,合庫-彰化,2024-05-30,1028
5244,弘凱,36,1,35,合庫-彰化,2024-05-30,1028
2029,盛餘,34,0,34,合庫-彰化,2024-05-30,1028
4562,穎漢,49,16,33,合庫-彰化,2024-05-30,1028
1326,台化,32,0,32,合庫-彰化,2024-05-30,1028
1609,大亞,45,13,32,合庫-彰化,2024-05-30,1028
1815,富喬,50,19,31,合庫-彰化,2024-05-30,1028
6116,彩晶,30,0,30,合庫-彰化,2024-05-30,1028
2442,新美齊,72,44,28,合庫-彰化,2024-05-30,1028
2610,華航,30,3,27,合庫-彰化,2024-05-30,1028
2353,宏��,32,5,27,合庫-彰化,2024-05-30,1028
5236,凌陽創新,41,15,26,合庫-彰化,2024-05-30,1028
00751B,元大AAA至A公司債,22,0,22,合庫-彰化,2024-05-30,1028
6209,今國光,54,32,22,合庫-彰化,2024-05-30,1028
00918,大華優利高填息30,20,0,20,合庫-彰化,2024-05-30,1028
6208,日揚,20,0,20,合庫-彰化,2024-05-30,1028
6226,光鼎,20,0,20,合庫-彰化,2024-05-30,1028
3047,訊舟,132,113,19,合庫-彰化,2024-05-30,1028
4967,十銓,22,3,19,合庫-彰化,2024-05-30,1028
5608,四維航,40,22,18,合庫-彰化,2024-05-30,1028
00946,群益科技高息成長,19,2,17,合庫-彰化,2024-05-30,1028
4109,加捷生醫,17,0,17,合庫-彰化,2024-05-30,1028
4973,廣穎,17,0,17,合庫-彰化,2024-05-30,1028
9105,泰金寶-DR,30,13,17,合庫-彰化,2024-05-30,1028
2892,第一金,17,0,17,合庫-彰化,2024-05-30,1028
00680L,元大美債20正2,16,0,16,合庫-彰化,2024-05-30,1028
2543,皇昌,17,1,16,合庫-彰化,2024-05-30,1028
2867,三商壽,16,0,16,合庫-彰化,2024-05-30,1028
3491,昇達科,16,0,16,合庫-彰化,2024-05-30,1028
9902,台火,16,0,16,合庫-彰化,2024-05-30,1028
00664R,國泰臺灣加權反1,15,0,15,合庫-彰化,2024-05-30,1028
2883,凱基金,15,0,15,合庫-彰化,2024-05-30,1028
2317,鴻海,22,7,15,合庫-彰化,2024-05-30,1028
2351,順德,16,1,15,合庫-彰化,2024-05-30,1028
00632R,元大台灣50反1,811,0,811,合庫-彰化,2024-05-31,1028
00919,群益台灣精選高息,219,6,213,合庫-彰化,2024-05-31,1028
2486,一詮,195,7,188,合庫-彰化,2024-05-31,1028
00929,復華台灣科技優息,160,38,122,合庫-彰化,2024-05-31,1028
2885,元大金,101,0,101,合庫-彰化,2024-05-31,1028
3036,文曄,100,0,100,合庫-彰化,2024-05-31,1028
4533,協易機,104,19,85,合庫-彰化,2024-05-31,1028
2609,陽明,111,37,74,合庫-彰化,2024-05-31,1028
2328,廣宇,83,9,74,合庫-彰化,2024-05-31,1028
3013,晟銘電,73,11,62,合庫-彰化,2024-05-31,1028
00715L,期街口布蘭特正2,60,0,60,合庫-彰化,2024-05-31,1028
6265,方土昶,70,10,60,合庫-彰化,2024-05-31,1028
2540,愛山林,61,1,60,合庫-彰化,2024-05-31,1028
2002,中鋼,53,0,53,合庫-彰化,2024-05-31,1028
2029,盛餘,70,25,45,合庫-彰化,2024-05-31,1028
5880,合庫金,55,13,42,合庫-彰化,2024-05-31,1028
2511,太子,40,0,40,合庫-彰化,2024-05-31,1028
4906,正文,39,1,38,合庫-彰化,2024-05-31,1028
00940,元大台灣價值高息,35,0,35,合庫-彰化,2024-05-31,1028
2405,輔信,44,9,35,合庫-彰化,2024-05-31,1028
2834,臺企銀,34,0,34,合庫-彰化,2024-05-31,1028
2317,鴻海,45,14,31,合庫-彰化,2024-05-31,1028
2889,國票金,31,0,31,合庫-彰化,2024-05-31,1028
2303,聯電,30,1,29,合庫-彰化,2024-05-31,1028
2442,新美齊,25,0,25,合庫-彰化,2024-05-31,1028
6695,芯鼎,38,14,24,合庫-彰化,2024-05-31,1028
3231,緯創,28,4,24,合庫-彰化,2024-05-31,1028
00882,中信中國高股息,23,0,23,合庫-彰化,2024-05-31,1028
00878,國泰永續高股息,36,14,22,合庫-彰化,2024-05-31,1028
2641,正德,27,5,22,合庫-彰化,2024-05-31,1028
00881,國泰台灣5G+,21,0,21,合庫-彰化,2024-05-31,1028
8105,凌巨,27,6,21,合庫-彰化,2024-05-31,1028
2330,台積電,24,3,21,合庫-彰化,2024-05-31,1028
00664R,國泰臺灣加權反1,20,0,20,合庫-彰化,2024-05-31,1028
2388,威盛,18,0,18,合庫-彰化,2024-05-31,1028
1102,亞泥,16,0,16,合庫-彰化,2024-05-31,1028
00738U,期元大道瓊白銀,15,0,15,合庫-彰化,2024-05-31,1028
00939,統一台灣高息動能,27,12,15,合庫-彰化,2024-05-31,1028
1584,精剛,15,0,15,合庫-彰化,2024-05-31,1028
4973,廣穎,15,0,15,合庫-彰化,2024-05-31,1028
2630,亞航,14,0,14,合庫-彰化,2024-05-31,1028
00679B,元大美債20年,13,0,13,合庫-彰化,2024-05-31,1028
00930,永豐ESG低碳高息,14,1,13,合庫-彰化,2024-05-31,1028
00946,群益科技高息成長,13,0,13,合庫-彰化,2024-05-31,1028
1444,力麗,13,0,13,合庫-彰化,2024-05-31,1028
6005,群益證,13,0,13,合庫-彰化,2024-05-31,1028
8064,東捷,14,1,13,合庫-彰化,2024-05-31,1028
3047,訊舟,12,0,12,合庫-彰化,2024-05-31,1028
4960,誠美材,14,2,12,合庫-彰化,2024-05-31,1028
1101,台泥,23,11,12,合庫-彰化,2024-05-31,1028
2353,宏��,207,9,198,合庫-彰化,2024-06-03,1028
3202,樺晟,154,1,153,合庫-彰化,2024-06-03,1028
3231,緯創,122,7,115,合庫-彰化,2024-06-03,1028
2464,盟立,123,20,103,合庫-彰化,2024-06-03,1028
1591,駿吉-KY,73,1,72,合庫-彰化,2024-06-03,1028
00715L,期街口布蘭特正2,50,0,50,合庫-彰化,2024-06-03,1028
00919,群益台灣精選高息,50,2,48,合庫-彰化,2024-06-03,1028
6170,統振,41,0,41,合庫-彰化,2024-06-03,1028
00918,大華優利高填息30,33,0,33,合庫-彰化,2024-06-03,1028
2630,亞航,33,0,33,合庫-彰化,2024-06-03,1028
2618,長榮航,41,11,30,合庫-彰化,2024-06-03,1028
1789,神隆,30,0,30,合庫-彰化,2024-06-03,1028
3013,晟銘電,107,82,25,合庫-彰化,2024-06-03,1028
9904,寶成,26,1,25,合庫-彰化,2024-06-03,1028
3376,新日興,31,9,22,合庫-彰化,2024-06-03,1028
2354,鴻準,25,3,22,合庫-彰化,2024-06-03,1028
2303,聯電,22,1,21,合庫-彰化,2024-06-03,1028
2388,威盛,27,6,21,合庫-彰化,2024-06-03,1028
1447,力鵬,21,1,20,合庫-彰化,2024-06-03,1028
2883,凱基金,31,11,20,合庫-彰化,2024-06-03,1028
2371,大同,20,1,19,合庫-彰化,2024-06-03,1028
2324,仁寶,27,9,18,合庫-彰化,2024-06-03,1028
2002,中鋼,24,6,18,合庫-彰化,2024-06-03,1028
2344,華邦電,17,0,17,合庫-彰化,2024-06-03,1028
1301,台塑,16,0,16,合庫-彰化,2024-06-03,1028
2401,凌陽,16,0,16,合庫-彰化,2024-06-03,1028
5009,榮剛,15,0,15,合庫-彰化,2024-06-03,1028
5386,青雲,14,0,14,合庫-彰化,2024-06-03,1028
5498,凱崴,16,2,14,合庫-彰化,2024-06-03,1028
00946,群益科技高息成長,13,1,12,合庫-彰化,2024-06-03,1028
1589,永冠-KY,12,0,12,合庫-彰化,2024-06-03,1028
4533,協易機,31,19,12,合庫-彰化,2024-06-03,1028
6770,力積電,18,6,12,合庫-彰化,2024-06-03,1028
5880,合庫金,17,5,12,合庫-彰化,2024-06-03,1028
1536,和大,11,0,11,合庫-彰化,2024-06-03,1028
2880,華南金,11,0,11,合庫-彰化,2024-06-03,1028
2885,元大金,11,0,11,合庫-彰化,2024-06-03,1028
5493,三聯,20,9,11,合庫-彰化,2024-06-03,1028
00633L,富邦上証正2,10,0,10,合庫-彰化,2024-06-03,1028
00738U,期元大道瓊白銀,10,0,10,合庫-彰化,2024-06-03,1028
1453,大將,21,11,10,合庫-彰化,2024-06-03,1028
2399,映泰,10,0,10,合庫-彰化,2024-06-03,1028
2613,中櫃,10,0,10,合庫-彰化,2024-06-03,1028
2615,萬海,36,26,10,合庫-彰化,2024-06-03,1028
2337,旺宏,9,0,9,合庫-彰化,2024-06-03,1028
2887,台新金,10,1,9,合庫-彰化,2024-06-03,1028
6451,訊芯-KY,10,1,9,合庫-彰化,2024-06-03,1028
8936,國統,10,1,9,合庫-彰化,2024-06-03,1028
2458,義隆,8,0,8,合庫-彰化,2024-06-03,1028
3040,遠見,8,0,8,合庫-彰化,2024-06-03,1028
2883,凱基金,505,17,488,合庫-彰化,2024-06-04,1028
2888,新光金,389,10,379,合庫-彰化,2024-06-04,1028
00671R,富邦NASDAQ反1,218,0,218,合庫-彰化,2024-06-04,1028
2489,瑞軒,312,101,211,合庫-彰化,2024-06-04,1028
00632R,元大台灣50反1,201,0,201,合庫-彰化,2024-06-04,1028
00642U,期元大S＆P石油,116,5,111,合庫-彰化,2024-06-04,1028
00936,台新永續高息中小,119,18,101,合庫-彰化,2024-06-04,1028
00665L,富邦�琤肭磪囓�2,100,0,100,合庫-彰化,2024-06-04,1028
2002,中鋼,97,0,97,合庫-彰化,2024-06-04,1028
2312,金寶,87,18,69,合庫-彰化,2024-06-04,1028
2344,華邦電,61,0,61,合庫-彰化,2024-06-04,1028
00919,群益台灣精選高息,59,0,59,合庫-彰化,2024-06-04,1028
00929,復華台灣科技優息,68,11,57,合庫-彰化,2024-06-04,1028
2405,輔信,61,6,55,合庫-彰化,2024-06-04,1028
2367,燿華,91,36,55,合庫-彰化,2024-06-04,1028
2834,臺企銀,53,1,52,合庫-彰化,2024-06-04,1028
1110,東泥,50,0,50,合庫-彰化,2024-06-04,1028
3376,新日興,61,11,50,合庫-彰化,2024-06-04,1028
00918,大華優利高填息30,49,0,49,合庫-彰化,2024-06-04,1028
1718,中纖,40,0,40,合庫-彰化,2024-06-04,1028
3040,遠見,40,0,40,合庫-彰化,2024-06-04,1028
1802,台玻,58,20,38,合庫-彰化,2024-06-04,1028
1102,亞泥,37,0,37,合庫-彰化,2024-06-04,1028
3013,晟銘電,43,7,36,合庫-彰化,2024-06-04,1028
00940,元大台灣價值高息,36,1,35,合庫-彰化,2024-06-04,1028
5880,合庫金,32,0,32,合庫-彰化,2024-06-04,1028
8234,新漢,31,0,31,合庫-彰化,2024-06-04,1028
00710B,復華彭博非投等債,30,0,30,合庫-彰化,2024-06-04,1028
4534,慶騰,30,0,30,合庫-彰化,2024-06-04,1028
2409,友達,31,2,29,合庫-彰化,2024-06-04,1028
2495,普安,29,0,29,合庫-彰化,2024-06-04,1028
2618,長榮航,46,17,29,合庫-彰化,2024-06-04,1028
2324,仁寶,33,4,29,合庫-彰化,2024-06-04,1028
00715L,期街口布蘭特正2,57,30,27,合庫-彰化,2024-06-04,1028
2349,錸德,26,0,26,合庫-彰化,2024-06-04,1028
2354,鴻準,38,14,24,合庫-彰化,2024-06-04,1028
2303,聯電,29,5,24,合庫-彰化,2024-06-04,1028
6209,今國光,38,15,23,合庫-彰化,2024-06-04,1028
2537,聯上發,49,28,21,合庫-彰化,2024-06-04,1028
3046,建��,21,0,21,合庫-彰化,2024-06-04,1028
1326,台化,20,0,20,合庫-彰化,2024-06-04,1028
8096,擎亞,19,1,18,合庫-彰化,2024-06-04,1028
2330,台積電,17,0,17,合庫-彰化,2024-06-04,1028
2356,英業達,26,10,16,合庫-彰化,2024-06-04,1028
2399,映泰,36,20,16,合庫-彰化,2024-06-04,1028
2641,正德,18,2,16,合庫-彰化,2024-06-04,1028
00923,群益台ESG低碳50,15,0,15,合庫-彰化,2024-06-04,1028
00669R,國泰美國道瓊反1,15,0,15,合庫-彰化,2024-06-04,1028
00946,群益科技高息成長,18,3,15,合庫-彰化,2024-06-04,1028
3021,鴻名,15,0,15,合庫-彰化,2024-06-04,1028
00680L,元大美債20正2,481,7,474,合庫-彰化,2024-06-05,1028
00937B,群益ESG投等債20,359,44,315,合庫-彰化,2024-06-05,1028
2486,一詮,166,14,152,合庫-彰化,2024-06-05,1028
2884,玉山金,127,4,123,合庫-彰化,2024-06-05,1028
00712,復華富時不動產,97,0,97,合庫-彰化,2024-06-05,1028
3013,晟銘電,75,5,70,合庫-彰化,2024-06-05,1028
00878,國泰永續高股息,64,2,62,合庫-彰化,2024-06-05,1028
00715L,期街口布蘭特正2,63,1,62,合庫-彰化,2024-06-05,1028
00929,復華台灣科技優息,112,53,59,合庫-彰化,2024-06-05,1028
00919,群益台灣精選高息,61,6,55,合庫-彰化,2024-06-05,1028
00936,台新永續高息中小,64,13,51,合庫-彰化,2024-06-05,1028
2331,精英,55,5,50,合庫-彰化,2024-06-05,1028
2442,新美齊,43,0,43,合庫-彰化,2024-06-05,1028
00637L,元大滬深300正2,50,8,42,合庫-彰化,2024-06-05,1028
2867,三商壽,40,0,40,合庫-彰化,2024-06-05,1028
1802,台玻,88,53,35,合庫-彰化,2024-06-05,1028
2537,聯上發,34,2,32,合庫-彰化,2024-06-05,1028
1303,南亞,32,1,31,合庫-彰化,2024-06-05,1028
2002,中鋼,29,1,28,合庫-彰化,2024-06-05,1028
1326,台化,26,0,26,合庫-彰化,2024-06-05,1028
2888,新光金,27,1,26,合庫-彰化,2024-06-05,1028
00942B,台新美A公司債20+,27,2,25,合庫-彰化,2024-06-05,1028
3231,緯創,89,65,24,合庫-彰化,2024-06-05,1028
6283,淳安,24,0,24,合庫-彰化,2024-06-05,1028
4160,訊聯基因,22,1,21,合庫-彰化,2024-06-05,1028
1714,和桐,20,0,20,合庫-彰化,2024-06-05,1028
4526,東台,23,3,20,合庫-彰化,2024-06-05,1028
9914,美利達,20,0,20,合庫-彰化,2024-06-05,1028
3015,全漢,19,0,19,合庫-彰化,2024-06-05,1028
2482,連宇,25,8,17,合庫-彰化,2024-06-05,1028
00918,大華優利高填息30,18,2,16,合庫-彰化,2024-06-05,1028
0056,元大高股息,16,0,16,合庫-彰化,2024-06-05,1028
3372,典範,26,10,16,合庫-彰化,2024-06-05,1028
8940,新天地,16,0,16,合庫-彰化,2024-06-05,1028
5371,中光電,18,2,16,合庫-彰化,2024-06-05,1028
2349,錸德,15,0,15,合庫-彰化,2024-06-05,1028
3687,歐買尬,15,0,15,合庫-彰化,2024-06-05,1028
2399,映泰,16,2,14,合庫-彰化,2024-06-05,1028
5880,合庫金,14,0,14,合庫-彰化,2024-06-05,1028
2312,金寶,14,1,13,合庫-彰化,2024-06-05,1028
3481,群創,13,0,13,合庫-彰化,2024-06-05,1028
6005,群益證,15,2,13,合庫-彰化,2024-06-05,1028
2354,鴻準,24,11,13,合庫-彰化,2024-06-05,1028
1447,力鵬,13,1,12,合庫-彰化,2024-06-05,1028
2344,華邦電,12,0,12,合庫-彰化,2024-06-05,1028
5244,弘凱,12,0,12,合庫-彰化,2024-06-05,1028
2105,正新,11,0,11,合庫-彰化,2024-06-05,1028
2101,南港,12,1,11,合庫-彰化,2024-06-05,1028
2605,新興,21,10,11,合庫-彰化,2024-06-05,1028
3006,晶豪科,10,0,10,合庫-彰化,2024-06-05,1028
2328,廣宇,208,11,197,合庫-彰化,2024-06-06,1028
00664R,國泰臺灣加權反1,220,35,185,合庫-彰化,2024-06-06,1028
00918,大華優利高填息30,75,0,75,合庫-彰化,2024-06-06,1028
00936,台新永續高息中小,54,0,54,合庫-彰化,2024-06-06,1028
1513,中興電,50,0,50,合庫-彰化,2024-06-06,1028
00687B,國泰20年美債,57,11,46,合庫-彰化,2024-06-06,1028
8039,台虹,51,5,46,合庫-彰化,2024-06-06,1028
2101,南港,48,5,43,合庫-彰化,2024-06-06,1028
6170,統振,41,0,41,合庫-彰化,2024-06-06,1028
00919,群益台灣精選高息,45,8,37,合庫-彰化,2024-06-06,1028
5392,能率,115,81,34,合庫-彰化,2024-06-06,1028
2609,陽明,170,141,29,合庫-彰化,2024-06-06,1028
3576,聯合再生,22,0,22,合庫-彰化,2024-06-06,1028
5302,太欣,32,10,22,合庫-彰化,2024-06-06,1028
4973,廣穎,26,5,21,合庫-彰化,2024-06-06,1028
9955,佳龍,21,0,21,合庫-彰化,2024-06-06,1028
00929,復華台灣科技優息,25,4,21,合庫-彰化,2024-06-06,1028
1301,台塑,20,1,19,合庫-彰化,2024-06-06,1028
1455,集盛,19,0,19,合庫-彰化,2024-06-06,1028
2312,金寶,92,73,19,合庫-彰化,2024-06-06,1028
5490,同亨,36,17,19,合庫-彰化,2024-06-06,1028
1314,中石化,18,0,18,合庫-彰化,2024-06-06,1028
6164,華興,22,4,18,合庫-彰化,2024-06-06,1028
1815,富喬,48,32,16,合庫-彰化,2024-06-06,1028
2882,國泰金,40,24,16,合庫-彰化,2024-06-06,1028
2354,鴻準,24,9,15,合庫-彰化,2024-06-06,1028
2537,聯上發,20,6,14,合庫-彰化,2024-06-06,1028
2331,精英,27,14,13,合庫-彰化,2024-06-06,1028
5371,中光電,12,0,12,合庫-彰化,2024-06-06,1028
5484,慧友,12,0,12,合庫-彰化,2024-06-06,1028
8110,華東,22,10,12,合庫-彰化,2024-06-06,1028
2611,志信,45,34,11,合庫-彰化,2024-06-06,1028
2313,華通,11,0,11,合庫-彰化,2024-06-06,1028
3013,晟銘電,14,3,11,合庫-彰化,2024-06-06,1028
5014,建錩,11,0,11,合庫-彰化,2024-06-06,1028
6531,愛普*,14,4,10,合庫-彰化,2024-06-06,1028
2442,新美齊,10,0,10,合庫-彰化,2024-06-06,1028
2543,皇昌,10,0,10,合庫-彰化,2024-06-06,1028
3229,晟鈦,10,0,10,合庫-彰化,2024-06-06,1028
3432,台端,10,0,10,合庫-彰化,2024-06-06,1028
5244,弘凱,10,0,10,合庫-彰化,2024-06-06,1028
5531,鄉林,10,0,10,合庫-彰化,2024-06-06,1028
6901,鑽石投資,10,0,10,合庫-彰化,2024-06-06,1028
1905,華紙,10,1,9,合庫-彰化,2024-06-06,1028
2002,中鋼,9,0,9,合庫-彰化,2024-06-06,1028
6116,彩晶,10,1,9,合庫-彰化,2024-06-06,1028
6443,元晶,10,1,9,合庫-彰化,2024-06-06,1028
8011,台通,10,1,9,合庫-彰化,2024-06-06,1028
8096,擎亞,10,1,9,合庫-彰化,2024-06-06,1028
3033,威健,10,2,8,合庫-彰化,2024-06-06,1028
00715L,期街口布蘭特正2,417,0,417,合庫-彰化,2024-06-07,1028
00753L,中信中國50正2,200,0,200,合庫-彰化,2024-06-07,1028
00673R,期元大S＆P原油反1,200,52,148,合庫-彰化,2024-06-07,1028
5531,鄉林,162,47,115,合庫-彰化,2024-06-07,1028
2328,廣宇,108,1,107,合庫-彰化,2024-06-07,1028
00712,復華富時不動產,105,0,105,合庫-彰化,2024-06-07,1028
2834,臺企銀,104,0,104,合庫-彰化,2024-06-07,1028
00929,復華台灣科技優息,104,1,103,合庫-彰化,2024-06-07,1028
1314,中石化,100,0,100,合庫-彰化,2024-06-07,1028
00936,台新永續高息中小,86,9,77,合庫-彰化,2024-06-07,1028
3231,緯創,79,2,77,合庫-彰化,2024-06-07,1028
00891,中信關鍵半導體,71,0,71,合庫-彰化,2024-06-07,1028
2331,精英,59,0,59,合庫-彰化,2024-06-07,1028
3013,晟銘電,67,9,58,合庫-彰化,2024-06-07,1028
2547,日勝生,50,0,50,合庫-彰化,2024-06-07,1028
2368,金像電,49,6,43,合庫-彰化,2024-06-07,1028
2002,中鋼,38,1,37,合庫-彰化,2024-06-07,1028
2884,玉山金,29,0,29,合庫-彰化,2024-06-07,1028
3202,樺晟,31,2,29,合庫-彰化,2024-06-07,1028
5392,能率,30,6,24,合庫-彰化,2024-06-07,1028
5608,四維航,27,4,23,合庫-彰化,2024-06-07,1028
00700,富邦�琤肭磪�,22,0,22,合庫-彰化,2024-06-07,1028
00918,大華優利高填息30,22,0,22,合庫-彰化,2024-06-07,1028
4714,永捷,26,5,21,合庫-彰化,2024-06-07,1028
8929,富堡,20,0,20,合庫-彰化,2024-06-07,1028
00942B,台新美A公司債20+,19,0,19,合庫-彰化,2024-06-07,1028
2442,新美齊,38,20,18,合庫-彰化,2024-06-07,1028
00923,群益台ESG低碳50,16,0,16,合庫-彰化,2024-06-07,1028
4906,正文,23,7,16,合庫-彰化,2024-06-07,1028
1440,南紡,14,0,14,合庫-彰化,2024-06-07,1028
2356,英業達,13,0,13,合庫-彰化,2024-06-07,1028
2317,鴻海,16,3,13,合庫-彰化,2024-06-07,1028
2352,佳世達,17,5,12,合庫-彰化,2024-06-07,1028
2615,萬海,76,64,12,合庫-彰化,2024-06-07,1028
1455,集盛,13,2,11,合庫-彰化,2024-06-07,1028
3322,建舜電,11,0,11,合庫-彰化,2024-06-07,1028
9955,佳龍,26,15,11,合庫-彰化,2024-06-07,1028
00679B,元大美債20年,21,11,10,合庫-彰化,2024-06-07,1028
3229,晟鈦,10,0,10,合庫-彰化,2024-06-07,1028
2353,宏��,13,4,9,合庫-彰化,2024-06-07,1028
1802,台玻,30,21,9,合庫-彰化,2024-06-07,1028
00946,群益科技高息成長,8,0,8,合庫-彰化,2024-06-07,1028
00857B,永豐20年美公債,10,2,8,合庫-彰化,2024-06-07,1028
00895,富邦未來車,8,0,8,合庫-彰化,2024-06-07,1028
1603,華電,8,0,8,合庫-彰化,2024-06-07,1028
2367,燿華,29,21,8,合庫-彰化,2024-06-07,1028
2421,建準,13,5,8,合庫-彰化,2024-06-07,1028
3059,華晶科,11,3,8,合庫-彰化,2024-06-07,1028
2611,志信,30,23,7,合庫-彰化,2024-06-07,1028
00878,國泰永續高股息,10,3,7,合庫-彰化,2024-06-07,1028
00680L,元大美債20正2,627,0,627,合庫-彰化,2024-06-11,1028
00937B,群益ESG投等債20,336,10,326,合庫-彰化,2024-06-11,1028
00632R,元大台灣50反1,200,35,165,合庫-彰化,2024-06-11,1028
00712,復華富時不動產,117,0,117,合庫-彰化,2024-06-11,1028
00673R,期元大S＆P原油反1,100,0,100,合庫-彰化,2024-06-11,1028
00929,復華台灣科技優息,98,0,98,合庫-彰化,2024-06-11,1028
2609,陽明,195,106,89,合庫-彰化,2024-06-11,1028
00687B,國泰20年美債,78,0,78,合庫-彰化,2024-06-11,1028
00857B,永豐20年美公債,75,0,75,合庫-彰化,2024-06-11,1028
00918,大華優利高填息30,64,0,64,合庫-彰化,2024-06-11,1028
3202,樺晟,61,0,61,合庫-彰化,2024-06-11,1028
3013,晟銘電,68,9,59,合庫-彰化,2024-06-11,1028
00679B,元大美債20年,59,2,57,合庫-彰化,2024-06-11,1028
00878,國泰永續高股息,63,7,56,合庫-彰化,2024-06-11,1028
2365,昆盈,56,1,55,合庫-彰化,2024-06-11,1028
2002,中鋼,46,0,46,合庫-彰化,2024-06-11,1028
1608,華榮,83,41,42,合庫-彰化,2024-06-11,1028
2637,慧洋-KY,42,1,41,合庫-彰化,2024-06-11,1028
2328,廣宇,50,12,38,合庫-彰化,2024-06-11,1028
2603,長榮,47,11,36,合庫-彰化,2024-06-11,1028
2442,新美齊,45,10,35,合庫-彰化,2024-06-11,1028
00882,中信中國高股息,35,0,35,合庫-彰化,2024-06-11,1028
00936,台新永續高息中小,35,1,34,合庫-彰化,2024-06-11,1028
00919,群益台灣精選高息,40,10,30,合庫-彰化,2024-06-11,1028
2406,國碩,30,0,30,合庫-彰化,2024-06-11,1028
5531,鄉林,30,0,30,合庫-彰化,2024-06-11,1028
5608,四維航,35,6,29,合庫-彰化,2024-06-11,1028
2888,新光金,29,1,28,合庫-彰化,2024-06-11,1028
2615,萬海,75,47,28,合庫-彰化,2024-06-11,1028
00933B,國泰10Y+金融債,25,0,25,合庫-彰化,2024-06-11,1028
2892,第一金,23,0,23,合庫-彰化,2024-06-11,1028
1513,中興電,29,8,21,合庫-彰化,2024-06-11,1028
2330,台積電,21,1,20,合庫-彰化,2024-06-11,1028
3576,聯合再生,20,0,20,合庫-彰化,2024-06-11,1028
3687,歐買尬,20,0,20,合庫-彰化,2024-06-11,1028
1905,華紙,19,0,19,合庫-彰化,2024-06-11,1028
2801,彰銀,20,1,19,合庫-彰化,2024-06-11,1028
2515,中工,19,1,18,合庫-彰化,2024-06-11,1028
00939,統一台灣高息動能,19,2,17,合庫-彰化,2024-06-11,1028
3231,緯創,30,14,16,合庫-彰化,2024-06-11,1028
1514,亞力,28,12,16,合庫-彰化,2024-06-11,1028
3673,TPK-KY,14,0,14,合庫-彰化,2024-06-11,1028
5880,合庫金,16,2,14,合庫-彰化,2024-06-11,1028
2501,國建,15,1,14,合庫-彰化,2024-06-11,1028
00688L,國泰20年美債正2,14,0,14,合庫-彰化,2024-06-11,1028
2371,大同,19,5,14,合庫-彰化,2024-06-11,1028
3481,群創,18,4,14,合庫-彰化,2024-06-11,1028
2618,長榮航,49,35,14,合庫-彰化,2024-06-11,1028
00942B,台新美A公司債20+,13,0,13,合庫-彰化,2024-06-11,1028
1316,上曜,19,6,13,合庫-彰化,2024-06-11,1028
2883,凱基金,351,60,291,合庫-彰化,2024-06-12,1028
00857B,永豐20年美公債,264,0,264,合庫-彰化,2024-06-12,1028
00937B,群益ESG投等債20,190,5,185,合庫-彰化,2024-06-12,1028
00948B,中信優息投資級債,117,4,113,合庫-彰化,2024-06-12,1028
5608,四維航,130,25,105,合庫-彰化,2024-06-12,1028
2888,新光金,77,11,66,合庫-彰化,2024-06-12,1028
00918,大華優利高填息30,59,0,59,合庫-彰化,2024-06-12,1028
2344,華邦電,53,2,51,合庫-彰化,2024-06-12,1028
00680L,元大美債20正2,46,7,39,合庫-彰化,2024-06-12,1028
2002,中鋼,44,9,35,合庫-彰化,2024-06-12,1028
3481,群創,34,2,32,合庫-彰化,2024-06-12,1028
2609,陽明,95,65,30,合庫-彰化,2024-06-12,1028
2241,艾姆勒,45,15,30,合庫-彰化,2024-06-12,1028
4979,華星光,27,0,27,合庫-彰化,2024-06-12,1028
9945,潤泰新,43,17,26,合庫-彰化,2024-06-12,1028
2537,聯上發,31,6,25,合庫-彰化,2024-06-12,1028
4513,福裕,34,10,24,合庫-彰化,2024-06-12,1028
2637,慧洋-KY,21,1,20,合庫-彰化,2024-06-12,1028
00712,復華富時不動產,52,33,19,合庫-彰化,2024-06-12,1028
2915,潤泰全,18,0,18,合庫-彰化,2024-06-12,1028
2882,國泰金,22,4,18,合庫-彰化,2024-06-12,1028
2371,大同,19,2,17,合庫-彰化,2024-06-12,1028
2014,中鴻,16,0,16,合庫-彰化,2024-06-12,1028
2610,華航,17,2,15,合庫-彰化,2024-06-12,1028
1101,台泥,17,2,15,合庫-彰化,2024-06-12,1028
1440,南紡,15,0,15,合庫-彰化,2024-06-12,1028
1473,台南,15,0,15,合庫-彰化,2024-06-12,1028
2250,IKKA-KY,15,0,15,合庫-彰化,2024-06-12,1028
2401,凌陽,18,3,15,合庫-彰化,2024-06-12,1028
8110,華東,16,1,15,合庫-彰化,2024-06-12,1028
6770,力積電,16,3,13,合庫-彰化,2024-06-12,1028
2603,長榮,17,5,12,合庫-彰化,2024-06-12,1028
00713,元大台灣高息低波,12,0,12,合庫-彰化,2024-06-12,1028
2367,燿華,47,35,12,合庫-彰化,2024-06-12,1028
3231,緯創,37,26,11,合庫-彰化,2024-06-12,1028
2353,宏��,15,4,11,合庫-彰化,2024-06-12,1028
3576,聯合再生,11,0,11,合庫-彰化,2024-06-12,1028
00933B,國泰10Y+金融債,10,0,10,合庫-彰化,2024-06-12,1028
1416,廣豐,10,0,10,合庫-彰化,2024-06-12,1028
2630,亞航,10,0,10,合庫-彰化,2024-06-12,1028
3033,威健,11,1,10,合庫-彰化,2024-06-12,1028
3376,新日興,13,3,10,合庫-彰化,2024-06-12,1028
6116,彩晶,9,0,9,合庫-彰化,2024-06-12,1028
00679B,元大美債20年,14,5,9,合庫-彰化,2024-06-12,1028
6505,台塑化,8,0,8,合庫-彰化,2024-06-12,1028
2331,精英,10,2,8,合庫-彰化,2024-06-12,1028
2885,元大金,8,0,8,合庫-彰化,2024-06-12,1028
2897,王道銀行,8,0,8,合庫-彰化,2024-06-12,1028
6248,沛波,8,0,8,合庫-彰化,2024-06-12,1028
6531,愛普*,9,1,8,合庫-彰化,2024-06-12,1028
00680L,元大美債20正2,510,21,489,合庫-彰化,2024-06-13,1028
00857B,永豐20年美公債,194,0,194,合庫-彰化,2024-06-13,1028
00903,富邦元宇宙,104,0,104,合庫-彰化,2024-06-13,1028
00664R,國泰臺灣加權反1,100,0,100,合庫-彰化,2024-06-13,1028
2888,新光金,86,5,81,合庫-彰化,2024-06-13,1028
00712,復華富時不動產,68,0,68,合庫-彰化,2024-06-13,1028
1455,集盛,70,2,68,合庫-彰化,2024-06-13,1028
00671R,富邦NASDAQ反1,66,0,66,合庫-彰化,2024-06-13,1028
3363,上詮,51,8,43,合庫-彰化,2024-06-13,1028
2867,三商壽,41,0,41,合庫-彰化,2024-06-13,1028
00936,台新永續高息中小,159,121,38,合庫-彰化,2024-06-13,1028
2615,萬海,46,12,34,合庫-彰化,2024-06-13,1028
2442,新美齊,30,0,30,合庫-彰化,2024-06-13,1028
1905,華紙,27,0,27,合庫-彰化,2024-06-13,1028
2363,矽統,32,7,25,合庫-彰化,2024-06-13,1028
2392,正崴,27,2,25,合庫-彰化,2024-06-13,1028
2609,陽明,89,65,24,合庫-彰化,2024-06-13,1028
8110,華東,27,5,22,合庫-彰化,2024-06-13,1028
2337,旺宏,21,0,21,合庫-彰化,2024-06-13,1028
1714,和桐,20,0,20,合庫-彰化,2024-06-13,1028
00893,國泰智能電動車,21,2,19,合庫-彰化,2024-06-13,1028
2002,中鋼,19,1,18,合庫-彰化,2024-06-13,1028
1301,台塑,17,0,17,合庫-彰化,2024-06-13,1028
2365,昆盈,25,9,16,合庫-彰化,2024-06-13,1028
5460,同協,16,0,16,合庫-彰化,2024-06-13,1028
00948B,中信優息投資級債,17,2,15,合庫-彰化,2024-06-13,1028
2618,長榮航,18,3,15,合庫-彰化,2024-06-13,1028
3481,群創,17,2,15,合庫-彰化,2024-06-13,1028
1584,精剛,15,0,15,合庫-彰化,2024-06-13,1028
2105,正新,14,0,14,合庫-彰化,2024-06-13,1028
2368,金像電,14,1,13,合庫-彰化,2024-06-13,1028
2359,所羅門,17,4,13,合庫-彰化,2024-06-13,1028
00687B,國泰20年美債,14,1,13,合庫-彰化,2024-06-13,1028
00665L,富邦�琤肭磪囓�2,13,0,13,合庫-彰化,2024-06-13,1028
1781,合世,13,0,13,合庫-彰化,2024-06-13,1028
6207,雷科,14,1,13,合庫-彰化,2024-06-13,1028
3047,訊舟,14,2,12,合庫-彰化,2024-06-13,1028
4967,十銓,20,8,12,合庫-彰化,2024-06-13,1028
5210,寶碩,12,0,12,合庫-彰化,2024-06-13,1028
8028,昇陽半導體,40,28,12,合庫-彰化,2024-06-13,1028
3450,聯鈞,17,5,12,合庫-彰化,2024-06-13,1028
5531,鄉林,11,0,11,合庫-彰化,2024-06-13,1028
2401,凌陽,17,6,11,合庫-彰化,2024-06-13,1028
2413,環科,11,0,11,合庫-彰化,2024-06-13,1028
00931B,統一美債20年,10,0,10,合庫-彰化,2024-06-13,1028
00916,國泰全球品牌50,10,0,10,合庫-彰化,2024-06-13,1028
1618,合機,13,3,10,合庫-彰化,2024-06-13,1028
1802,台玻,30,20,10,合庫-彰化,2024-06-13,1028
2542,興富發,10,0,10,合庫-彰化,2024-06-13,1028
5244,弘凱,10,0,10,合庫-彰化,2024-06-13,1028
00937B,群益ESG投等債20,156,50,106,合庫-彰化,2024-06-14,1028
00679B,元大美債20年,116,15,101,合庫-彰化,2024-06-14,1028
2002,中鋼,75,0,75,合庫-彰化,2024-06-14,1028
2337,旺宏,62,0,62,合庫-彰化,2024-06-14,1028
2371,大同,100,47,53,合庫-彰化,2024-06-14,1028
00637L,元大滬深300正2,50,0,50,合庫-彰化,2024-06-14,1028
2312,金寶,73,29,44,合庫-彰化,2024-06-14,1028
2353,宏��,44,1,43,合庫-彰化,2024-06-14,1028
2367,燿華,49,12,37,合庫-彰化,2024-06-14,1028
00632R,元大台灣50反1,33,0,33,合庫-彰化,2024-06-14,1028
00918,大華優利高填息30,60,28,32,合庫-彰化,2024-06-14,1028
3231,緯創,32,0,32,合庫-彰化,2024-06-14,1028
6156,松上,32,0,32,合庫-彰化,2024-06-14,1028
2486,一詮,56,27,29,合庫-彰化,2024-06-14,1028
2731,雄獅,30,1,29,合庫-彰化,2024-06-14,1028
4526,東台,27,0,27,合庫-彰化,2024-06-14,1028
2392,正崴,83,59,24,合庫-彰化,2024-06-14,1028
2303,聯電,52,29,23,合庫-彰化,2024-06-14,1028
00942B,台新美A公司債20+,20,0,20,合庫-彰化,2024-06-14,1028
1325,恆大,20,0,20,合庫-彰化,2024-06-14,1028
2356,英業達,26,6,20,合庫-彰化,2024-06-14,1028
6283,淳安,20,0,20,合庫-彰化,2024-06-14,1028
6753,龍德造船,20,0,20,合庫-彰化,2024-06-14,1028
3169,亞信,27,7,20,合庫-彰化,2024-06-14,1028
2029,盛餘,18,0,18,合庫-彰化,2024-06-14,1028
2351,順德,17,0,17,合庫-彰化,2024-06-14,1028
3048,益登,22,6,16,合庫-彰化,2024-06-14,1028
2609,陽明,46,32,14,合庫-彰化,2024-06-14,1028
1563,巧新,14,0,14,合庫-彰化,2024-06-14,1028
2449,京元電子,21,7,14,合庫-彰化,2024-06-14,1028
2605,新興,14,0,14,合庫-彰化,2024-06-14,1028
00687B,國泰20年美債,30,17,13,合庫-彰化,2024-06-14,1028
2630,亞航,13,0,13,合庫-彰化,2024-06-14,1028
1806,冠軍,12,0,12,合庫-彰化,2024-06-14,1028
2105,正新,12,0,12,合庫-彰化,2024-06-14,1028
5531,鄉林,12,0,12,合庫-彰化,2024-06-14,1028
1815,富喬,17,6,11,合庫-彰化,2024-06-14,1028
2009,第一銅,14,3,11,合庫-彰化,2024-06-14,1028
00916,國泰全球品牌50,10,0,10,合庫-彰化,2024-06-14,1028
1337,再生-KY,10,0,10,合庫-彰化,2024-06-14,1028
2338,光罩,10,0,10,合庫-彰化,2024-06-14,1028
2402,毅嘉,10,0,10,合庫-彰化,2024-06-14,1028
2607,榮運,10,0,10,合庫-彰化,2024-06-14,1028
6560,欣普羅,10,0,10,合庫-彰化,2024-06-14,1028
2330,台積電,19,10,9,合庫-彰化,2024-06-14,1028
8064,東捷,10,1,9,合庫-彰化,2024-06-14,1028
2301,光寶科,10,1,9,合庫-彰化,2024-06-14,1028
00947,台新臺灣IC設計,9,0,9,合庫-彰化,2024-06-14,1028
00882,中信中國高股息,12,4,8,合庫-彰化,2024-06-14,1028
00650L,復華香港正2,8,0,8,合庫-彰化,2024-06-14,1028
00680L,元大美債20正2,602,4,598,合庫-彰化,2024-06-17,1028
911868,同方友友-DR,408,0,408,合庫-彰化,2024-06-17,1028
00857B,永豐20年美公債,288,0,288,合庫-彰化,2024-06-17,1028
00937B,群益ESG投等債20,210,28,182,合庫-彰化,2024-06-17,1028
00929,復華台灣科技優息,138,15,123,合庫-彰化,2024-06-17,1028
00679B,元大美債20年,126,4,122,合庫-彰化,2024-06-17,1028
2618,長榮航,124,20,104,合庫-彰化,2024-06-17,1028
00650L,復華香港正2,109,23,86,合庫-彰化,2024-06-17,1028
1802,台玻,112,30,82,合庫-彰化,2024-06-17,1028
00919,群益台灣精選高息,121,49,72,合庫-彰化,2024-06-17,1028
2201,裕隆,75,4,71,合庫-彰化,2024-06-17,1028
00936,台新永續高息中小,71,15,56,合庫-彰化,2024-06-17,1028
2025,千興,50,6,44,合庫-彰化,2024-06-17,1028
2312,金寶,44,1,43,合庫-彰化,2024-06-17,1028
6152,百一,43,0,43,合庫-彰化,2024-06-17,1028
00948B,中信優息投資級債,42,1,41,合庫-彰化,2024-06-17,1028
2913,農林,40,0,40,合庫-彰化,2024-06-17,1028
2374,佳能,87,48,39,合庫-彰化,2024-06-17,1028
9904,寶成,50,14,36,合庫-彰化,2024-06-17,1028
00715L,期街口布蘭特正2,30,1,29,合庫-彰化,2024-06-17,1028
2355,敬鵬,29,1,28,合庫-彰化,2024-06-17,1028
1611,中電,31,4,27,合庫-彰化,2024-06-17,1028
2464,盟立,38,11,27,合庫-彰化,2024-06-17,1028
00687B,國泰20年美債,27,1,26,合庫-彰化,2024-06-17,1028
00885,富邦越南,25,0,25,合庫-彰化,2024-06-17,1028
4513,福裕,25,0,25,合庫-彰化,2024-06-17,1028
5880,合庫金,32,9,23,合庫-彰化,2024-06-17,1028
2615,萬海,34,12,22,合庫-彰化,2024-06-17,1028
00946,群益科技高息成長,21,0,21,合庫-彰化,2024-06-17,1028
8028,昇陽半導體,29,9,20,合庫-彰化,2024-06-17,1028
1608,華榮,22,2,20,合庫-彰化,2024-06-17,1028
1714,和桐,20,0,20,合庫-彰化,2024-06-17,1028
3015,全漢,20,0,20,合庫-彰化,2024-06-17,1028
4973,廣穎,20,0,20,合庫-彰化,2024-06-17,1028
2609,陽明,49,30,19,合庫-彰化,2024-06-17,1028
2542,興富發,69,51,18,合庫-彰化,2024-06-17,1028
00918,大華優利高填息30,41,23,18,合庫-彰化,2024-06-17,1028
2498,宏達電,16,1,15,合庫-彰化,2024-06-17,1028
2731,雄獅,20,5,15,合庫-彰化,2024-06-17,1028
1503,士電,26,12,14,合庫-彰化,2024-06-17,1028
2801,彰銀,14,0,14,合庫-彰化,2024-06-17,1028
6781,AES-KY,12,0,12,合庫-彰化,2024-06-17,1028
1453,大將,12,1,11,合庫-彰化,2024-06-17,1028
2208,台船,11,0,11,合庫-彰化,2024-06-17,1028
2515,中工,13,2,11,合庫-彰化,2024-06-17,1028
6505,台塑化,11,1,10,合庫-彰化,2024-06-17,1028
1110,東泥,10,0,10,合庫-彰化,2024-06-17,1028
1528,恩德,13,3,10,合庫-彰化,2024-06-17,1028
2002,中鋼,30,20,10,合庫-彰化,2024-06-17,1028
2013,中鋼構,10,0,10,合庫-彰化,2024-06-17,1028
00918,大華優利高填息30,155,5,150,合庫-彰化,2024-06-18,1028
00940,元大台灣價值高息,124,12,112,合庫-彰化,2024-06-18,1028
4533,協易機,106,7,99,合庫-彰化,2024-06-18,1028
00936,台新永續高息中小,100,9,91,合庫-彰化,2024-06-18,1028
6451,訊芯-KY,89,7,82,合庫-彰化,2024-06-18,1028
9105,泰金寶-DR,95,15,80,合庫-彰化,2024-06-18,1028
4526,東台,75,10,65,合庫-彰化,2024-06-18,1028
2352,佳世達,54,0,54,合庫-彰化,2024-06-18,1028
1325,恆大,56,3,53,合庫-彰化,2024-06-18,1028
00665L,富邦�琤肭磪囓�2,50,0,50,合庫-彰化,2024-06-18,1028
2645,長榮航太,50,0,50,合庫-彰化,2024-06-18,1028
00632R,元大台灣50反1,44,0,44,合庫-彰化,2024-06-18,1028
3481,群創,299,257,42,合庫-彰化,2024-06-18,1028
6164,華興,51,10,41,合庫-彰化,2024-06-18,1028
00937B,群益ESG投等債20,47,10,37,合庫-彰化,2024-06-18,1028
2355,敬鵬,60,24,36,合庫-彰化,2024-06-18,1028
00919,群益台灣精選高息,55,20,35,合庫-彰化,2024-06-18,1028
6770,力積電,36,1,35,合庫-彰化,2024-06-18,1028
2834,臺企銀,55,22,33,合庫-彰化,2024-06-18,1028
00713,元大台灣高息低波,42,10,32,合庫-彰化,2024-06-18,1028
911868,同方友友-DR,30,0,30,合庫-彰化,2024-06-18,1028
912000,晨訊科-DR,30,0,30,合庫-彰化,2024-06-18,1028
00929,復華台灣科技優息,48,18,30,合庫-彰化,2024-06-18,1028
2354,鴻準,28,2,26,合庫-彰化,2024-06-18,1028
2371,大同,53,27,26,合庫-彰化,2024-06-18,1028
3710,連展投控,24,0,24,合庫-彰化,2024-06-18,1028
8040,九暘,25,1,24,合庫-彰化,2024-06-18,1028
00679B,元大美債20年,22,1,21,合庫-彰化,2024-06-18,1028
4726,永昕,25,4,21,合庫-彰化,2024-06-18,1028
1815,富喬,29,8,21,合庫-彰化,2024-06-18,1028
00764B,群益25年美債,20,0,20,合庫-彰化,2024-06-18,1028
1326,台化,21,1,20,合庫-彰化,2024-06-18,1028
2402,毅嘉,21,1,20,合庫-彰化,2024-06-18,1028
2913,農林,20,1,19,合庫-彰化,2024-06-18,1028
1303,南亞,19,1,18,合庫-彰化,2024-06-18,1028
00942B,台新美A公司債20+,18,0,18,合庫-彰化,2024-06-18,1028
8096,擎亞,63,45,18,合庫-彰化,2024-06-18,1028
00947,台新臺灣IC設計,17,0,17,合庫-彰化,2024-06-18,1028
6170,統振,18,1,17,合庫-彰化,2024-06-18,1028
2542,興富發,20,4,16,合庫-彰化,2024-06-18,1028
00891,中信關鍵半導體,19,3,16,合庫-彰化,2024-06-18,1028
2432,倚天酷��-創,16,0,16,合庫-彰化,2024-06-18,1028
3048,益登,30,14,16,合庫-彰化,2024-06-18,1028
9938,百和,15,0,15,合庫-彰化,2024-06-18,1028
3060,銘異,15,0,15,合庫-彰化,2024-06-18,1028
3169,亞信,15,0,15,合庫-彰化,2024-06-18,1028
4903,聯光通,18,3,15,合庫-彰化,2024-06-18,1028
4906,正文,15,0,15,合庫-彰化,2024-06-18,1028
6226,光鼎,15,0,15,合庫-彰化,2024-06-18,1028
2317,鴻海,32,17,15,合庫-彰化,2024-06-18,1028
00665L,富邦�琤肭磪囓�2,805,15,790,合庫-彰化,2024-06-19,1028
00940,元大台灣價值高息,139,19,120,合庫-彰化,2024-06-19,1028
2365,昆盈,132,15,117,合庫-彰化,2024-06-19,1028
00936,台新永續高息中小,110,5,105,合庫-彰化,2024-06-19,1028
00857B,永豐20年美公債,100,3,97,合庫-彰化,2024-06-19,1028
00632R,元大台灣50反1,76,0,76,合庫-彰化,2024-06-19,1028
6770,力積電,69,1,68,合庫-彰化,2024-06-19,1028
6116,彩晶,64,0,64,合庫-彰化,2024-06-19,1028
00946,群益科技高息成長,63,0,63,合庫-彰化,2024-06-19,1028
2801,彰銀,70,8,62,合庫-彰化,2024-06-19,1028
9904,寶成,57,0,57,合庫-彰化,2024-06-19,1028
2328,廣宇,59,5,54,合庫-彰化,2024-06-19,1028
5608,四維航,63,10,53,合庫-彰化,2024-06-19,1028
8928,鉅明,50,0,50,合庫-彰化,2024-06-19,1028
00948B,中信優息投資級債,43,1,42,合庫-彰化,2024-06-19,1028
3013,晟銘電,49,8,41,合庫-彰化,2024-06-19,1028
00937B,群益ESG投等債20,57,19,38,合庫-彰化,2024-06-19,1028
2618,長榮航,113,76,37,合庫-彰化,2024-06-19,1028
5905,南仁湖,30,0,30,合庫-彰化,2024-06-19,1028
2615,萬海,73,44,29,合庫-彰化,2024-06-19,1028
2609,陽明,84,55,29,合庫-彰化,2024-06-19,1028
6451,訊芯-KY,93,64,29,合庫-彰化,2024-06-19,1028
00679B,元大美債20年,49,21,28,合庫-彰化,2024-06-19,1028
5439,高技,31,4,27,合庫-彰化,2024-06-19,1028
2605,新興,25,0,25,合庫-彰化,2024-06-19,1028
2409,友達,25,2,23,合庫-彰化,2024-06-19,1028
2867,三商壽,22,0,22,合庫-彰化,2024-06-19,1028
3481,群創,233,212,21,合庫-彰化,2024-06-19,1028
1584,精剛,20,0,20,合庫-彰化,2024-06-19,1028
3062,建漢,29,9,20,合庫-彰化,2024-06-19,1028
6156,松上,20,0,20,合庫-彰化,2024-06-19,1028
2337,旺宏,22,3,19,合庫-彰化,2024-06-19,1028
2834,臺企銀,19,0,19,合庫-彰化,2024-06-19,1028
2029,盛餘,17,0,17,合庫-彰化,2024-06-19,1028
2498,宏達電,16,0,16,合庫-彰化,2024-06-19,1028
00935,野村臺灣新科技50,16,0,16,合庫-彰化,2024-06-19,1028
00713,元大台灣高息低波,17,2,15,合庫-彰化,2024-06-19,1028
1589,永冠-KY,15,0,15,合庫-彰化,2024-06-19,1028
2442,新美齊,15,0,15,合庫-彰化,2024-06-19,1028
4563,百德,15,0,15,合庫-彰化,2024-06-19,1028
5392,能率,17,2,15,合庫-彰化,2024-06-19,1028
2312,金寶,16,2,14,合庫-彰化,2024-06-19,1028
2913,農林,62,48,14,合庫-彰化,2024-06-19,1028
00881,國泰台灣5G+,12,0,12,合庫-彰化,2024-06-19,1028
00885,富邦越南,14,2,12,合庫-彰化,2024-06-19,1028
2610,華航,33,21,12,合庫-彰化,2024-06-19,1028
4167,松瑞藥,12,0,12,合庫-彰化,2024-06-19,1028
9105,泰金寶-DR,52,40,12,合庫-彰化,2024-06-19,1028
2427,三商電,11,0,11,合庫-彰化,2024-06-19,1028
3455,由田,12,1,11,合庫-彰化,2024-06-19,1028
2886,兆豐金,412,0,412,合庫-彰化,2024-06-20,1028
3013,晟銘電,147,3,144,合庫-彰化,2024-06-20,1028
00665L,富邦�琤肭磪囓�2,138,5,133,合庫-彰化,2024-06-20,1028
00753L,中信中國50正2,231,100,131,合庫-彰化,2024-06-20,1028
2883B,凱基金乙特,130,0,130,合庫-彰化,2024-06-20,1028
00937B,群益ESG投等債20,111,4,107,合庫-彰化,2024-06-20,1028
1309,台達化,80,0,80,合庫-彰化,2024-06-20,1028
00712,復華富時不動產,66,0,66,合庫-彰化,2024-06-20,1028
2610,華航,58,0,58,合庫-彰化,2024-06-20,1028
2618,長榮航,56,1,55,合庫-彰化,2024-06-20,1028
6451,訊芯-KY,195,145,50,合庫-彰化,2024-06-20,1028
00936,台新永續高息中小,83,34,49,合庫-彰化,2024-06-20,1028
9904,寶成,44,1,43,合庫-彰化,2024-06-20,1028
9921,巨大,40,0,40,合庫-彰化,2024-06-20,1028
00878,國泰永續高股息,95,56,39,合庫-彰化,2024-06-20,1028
2609,陽明,65,29,36,合庫-彰化,2024-06-20,1028
2888,新光金,122,87,35,合庫-彰化,2024-06-20,1028
00632R,元大台灣50反1,33,0,33,合庫-彰化,2024-06-20,1028
00948B,中信優息投資級債,34,1,33,合庫-彰化,2024-06-20,1028
4526,東台,77,44,33,合庫-彰化,2024-06-20,1028
9105,泰金寶-DR,31,0,31,合庫-彰化,2024-06-20,1028
00918,大華優利高填息30,30,0,30,合庫-彰化,2024-06-20,1028
00687B,國泰20年美債,32,4,28,合庫-彰化,2024-06-20,1028
2330,台積電,28,1,27,合庫-彰化,2024-06-20,1028
2365,昆盈,76,52,24,合庫-彰化,2024-06-20,1028
00679B,元大美債20年,33,10,23,合庫-彰化,2024-06-20,1028
00902,中信電池及儲能,22,0,22,合庫-彰化,2024-06-20,1028
3033,威健,21,0,21,合庫-彰化,2024-06-20,1028
6026,福邦證,21,0,21,合庫-彰化,2024-06-20,1028
2353,宏��,26,5,21,合庫-彰化,2024-06-20,1028
00933B,國泰10Y+金融債,20,0,20,合庫-彰化,2024-06-20,1028
00680L,元大美債20正2,21,1,20,合庫-彰化,2024-06-20,1028
8039,台虹,22,2,20,合庫-彰化,2024-06-20,1028
8277,商丞,20,0,20,合庫-彰化,2024-06-20,1028
9938,百和,20,0,20,合庫-彰化,2024-06-20,1028
8011,台通,39,20,19,合庫-彰化,2024-06-20,1028
00946,群益科技高息成長,19,1,18,合庫-彰化,2024-06-20,1028
3047,訊舟,20,2,18,合庫-彰化,2024-06-20,1028
8426,紅木-KY,16,0,16,合庫-彰化,2024-06-20,1028
1447,力鵬,16,1,15,合庫-彰化,2024-06-20,1028
1513,中興電,18,6,12,合庫-彰化,2024-06-20,1028
00692,富邦公司治理,12,0,12,合庫-彰化,2024-06-20,1028
8110,華東,12,0,12,合庫-彰化,2024-06-20,1028
2887,台新金,13,1,12,合庫-彰化,2024-06-20,1028
2316,楠梓電,28,17,11,合庫-彰化,2024-06-20,1028
3059,華晶科,11,0,11,合庫-彰化,2024-06-20,1028
00935,野村臺灣新科技50,11,0,11,合庫-彰化,2024-06-20,1028
00764B,群益25年美債,10,0,10,合庫-彰化,2024-06-20,1028
00947,台新臺灣IC設計,10,0,10,合庫-彰化,2024-06-20,1028
1731,美吾華,10,0,10,合庫-彰化,2024-06-20,1028
2834,臺企銀,510,0,510,合庫-彰化,2024-06-21,1028
00937B,群益ESG投等債20,385,8,377,合庫-彰化,2024-06-21,1028
2885,元大金,200,2,198,合庫-彰化,2024-06-21,1028
2609,陽明,175,43,132,合庫-彰化,2024-06-21,1028
1785,光洋科,278,158,120,合庫-彰化,2024-06-21,1028
00936,台新永續高息中小,109,0,109,合庫-彰化,2024-06-21,1028
00940,元大台灣價值高息,129,26,103,合庫-彰化,2024-06-21,1028
2883B,凱基金乙特,88,0,88,合庫-彰化,2024-06-21,1028
00946,群益科技高息成長,79,0,79,合庫-彰化,2024-06-21,1028
2317,鴻海,89,16,73,合庫-彰化,2024-06-21,1028
9105,泰金寶-DR,56,0,56,合庫-彰化,2024-06-21,1028
3047,訊舟,62,6,56,合庫-彰化,2024-06-21,1028
00679B,元大美債20年,60,10,50,合庫-彰化,2024-06-21,1028
00929,復華台灣科技優息,72,22,50,合庫-彰化,2024-06-21,1028
00650L,復華香港正2,64,30,34,合庫-彰化,2024-06-21,1028
1309,台達化,43,10,33,合庫-彰化,2024-06-21,1028
00919,群益台灣精選高息,90,57,33,合庫-彰化,2024-06-21,1028
6274,台燿,32,0,32,合庫-彰化,2024-06-21,1028
5880,合庫金,31,4,27,合庫-彰化,2024-06-21,1028
2498,宏達電,41,15,26,合庫-彰化,2024-06-21,1028
00687B,國泰20年美債,31,6,25,合庫-彰化,2024-06-21,1028
2402,毅嘉,25,0,25,合庫-彰化,2024-06-21,1028
2515,中工,25,0,25,合庫-彰化,2024-06-21,1028
4545,銘鈺,25,0,25,合庫-彰化,2024-06-21,1028
5315,光聯,25,0,25,合庫-彰化,2024-06-21,1028
00830,國泰費城半導體,24,0,24,合庫-彰化,2024-06-21,1028
00700,富邦�琤肭磪�,22,0,22,合庫-彰化,2024-06-21,1028
00933B,國泰10Y+金融債,22,0,22,合庫-彰化,2024-06-21,1028
00713,元大台灣高息低波,21,0,21,合庫-彰化,2024-06-21,1028
3021,鴻名,28,7,21,合庫-彰化,2024-06-21,1028
00692,富邦公司治理,20,0,20,合庫-彰化,2024-06-21,1028
2316,楠梓電,48,30,18,合庫-彰化,2024-06-21,1028
3673,TPK-KY,21,3,18,合庫-彰化,2024-06-21,1028
6770,力積電,19,1,18,合庫-彰化,2024-06-21,1028
2913,農林,52,35,17,合庫-彰化,2024-06-21,1028
4526,東台,25,8,17,合庫-彰化,2024-06-21,1028
6182,合晶,17,0,17,合庫-彰化,2024-06-21,1028
6244,茂迪,17,0,17,合庫-彰化,2024-06-21,1028
2611,志信,17,0,17,合庫-彰化,2024-06-21,1028
2634,漢翔,16,0,16,合庫-彰化,2024-06-21,1028
00947,台新臺灣IC設計,16,0,16,合庫-彰化,2024-06-21,1028
2330,台積電,18,2,16,合庫-彰化,2024-06-21,1028
00935,野村臺灣新科技50,19,4,15,合庫-彰化,2024-06-21,1028
1301,台塑,15,0,15,合庫-彰化,2024-06-21,1028
2368,金像電,17,2,15,合庫-彰化,2024-06-21,1028
00934,中信成長高股息,18,4,14,合庫-彰化,2024-06-21,1028
4743,合一,17,3,14,合庫-彰化,2024-06-21,1028
2029,盛餘,12,0,12,合庫-彰化,2024-06-21,1028
2399,映泰,12,0,12,合庫-彰化,2024-06-21,1028
6233,旺玖,15,3,12,合庫-彰化,2024-06-21,1028
00680L,元大美債20正2,900,2,898,合庫-彰化,2024-06-24,1028
1605,華新,452,1,451,合庫-彰化,2024-06-24,1028
3481,群創,532,159,373,合庫-彰化,2024-06-24,1028
2409,友達,327,11,316,合庫-彰化,2024-06-24,1028
00929,復華台灣科技優息,375,67,308,合庫-彰化,2024-06-24,1028
3049,精金,285,0,285,合庫-彰化,2024-06-24,1028
00919,群益台灣精選高息,182,80,102,合庫-彰化,2024-06-24,1028
00665L,富邦�琤肭磪囓�2,500,400,100,合庫-彰化,2024-06-24,1028
00936,台新永續高息中小,87,3,84,合庫-彰化,2024-06-24,1028
6834,天二科技,83,0,83,合庫-彰化,2024-06-24,1028
00937B,群益ESG投等債20,62,1,61,合庫-彰化,2024-06-24,1028
6147,頎邦,61,1,60,合庫-彰化,2024-06-24,1028
2609,陽明,66,8,58,合庫-彰化,2024-06-24,1028
9105,泰金寶-DR,65,8,57,合庫-彰化,2024-06-24,1028
00632R,元大台灣50反1,55,0,55,合庫-彰化,2024-06-24,1028
2330,台積電,53,1,52,合庫-彰化,2024-06-24,1028
5608,四維航,50,1,49,合庫-彰化,2024-06-24,1028
2317,鴻海,63,14,49,合庫-彰化,2024-06-24,1028
2888,新光金,53,5,48,合庫-彰化,2024-06-24,1028
2303,聯電,46,3,43,合庫-彰化,2024-06-24,1028
1717,長興,40,0,40,合庫-彰化,2024-06-24,1028
1326,台化,35,1,34,合庫-彰化,2024-06-24,1028
00700,富邦�琤肭磪�,33,0,33,合庫-彰化,2024-06-24,1028
00679B,元大美債20年,32,1,31,合庫-彰化,2024-06-24,1028
6244,茂迪,25,0,25,合庫-彰化,2024-06-24,1028
00946,群益科技高息成長,27,3,24,合庫-彰化,2024-06-24,1028
00687B,國泰20年美債,23,0,23,合庫-彰化,2024-06-24,1028
00885,富邦越南,23,0,23,合庫-彰化,2024-06-24,1028
2323,中環,21,0,21,合庫-彰化,2024-06-24,1028
2331,精英,20,0,20,合庫-彰化,2024-06-24,1028
1301,台塑,19,0,19,合庫-彰化,2024-06-24,1028
2355,敬鵬,22,3,19,合庫-彰化,2024-06-24,1028
4979,華星光,20,1,19,合庫-彰化,2024-06-24,1028
6127,九豪,20,1,19,合庫-彰化,2024-06-24,1028
1815,富喬,40,22,18,合庫-彰化,2024-06-24,1028
2489,瑞軒,24,6,18,合庫-彰化,2024-06-24,1028
2618,長榮航,29,11,18,合庫-彰化,2024-06-24,1028
3021,鴻名,18,0,18,合庫-彰化,2024-06-24,1028
6451,訊芯-KY,24,8,16,合庫-彰化,2024-06-24,1028
00706L,期元大S＆P日圓正2,15,0,15,合庫-彰化,2024-06-24,1028
3013,晟銘電,22,7,15,合庫-彰化,2024-06-24,1028
2353,宏��,15,1,14,合庫-彰化,2024-06-24,1028
2029,盛餘,14,0,14,合庫-彰化,2024-06-24,1028
2417,圓剛,25,11,14,合庫-彰化,2024-06-24,1028
3025,星通,14,0,14,合庫-彰化,2024-06-24,1028
8064,東捷,32,18,14,合庫-彰化,2024-06-24,1028
0056,元大高股息,24,10,14,合庫-彰化,2024-06-24,1028
00918,大華優利高填息30,24,11,13,合庫-彰化,2024-06-24,1028
3048,益登,12,0,12,合庫-彰化,2024-06-24,1028
2002,中鋼,13,1,12,合庫-彰化,2024-06-24,1028
3481,群創,631,221,410,合庫-彰化,2024-06-25,1028
00665L,富邦�琤肭磪囓�2,300,22,278,合庫-彰化,2024-06-25,1028
00673R,期元大S＆P原油反1,120,0,120,合庫-彰化,2024-06-25,1028
00948B,中信優息投資級債,112,1,111,合庫-彰化,2024-06-25,1028
00680L,元大美債20正2,100,0,100,合庫-彰化,2024-06-25,1028
00919,群益台灣精選高息,68,1,67,合庫-彰化,2024-06-25,1028
00936,台新永續高息中小,54,3,51,合庫-彰化,2024-06-25,1028
00891,中信關鍵半導體,40,0,40,合庫-彰化,2024-06-25,1028
00929,復華台灣科技優息,66,26,40,合庫-彰化,2024-06-25,1028
6957,裕慶-KY,40,1,39,合庫-彰化,2024-06-25,1028
1785,光洋科,42,3,39,合庫-彰化,2024-06-25,1028
00931B,統一美債20年,38,0,38,合庫-彰化,2024-06-25,1028
2409,友達,58,20,38,合庫-彰化,2024-06-25,1028
2303,聯電,51,15,36,合庫-彰化,2024-06-25,1028
2801,彰銀,41,5,36,合庫-彰化,2024-06-25,1028
00679B,元大美債20年,31,0,31,合庫-彰化,2024-06-25,1028
3535,晶彩科,31,0,31,合庫-彰化,2024-06-25,1028
00918,大華優利高填息30,28,2,26,合庫-彰化,2024-06-25,1028
1445,大宇,26,0,26,合庫-彰化,2024-06-25,1028
2029,盛餘,26,0,26,合庫-彰化,2024-06-25,1028
1605,華新,24,0,24,合庫-彰化,2024-06-25,1028
1101,台泥,50,28,22,合庫-彰化,2024-06-25,1028
2883,凱基金,20,0,20,合庫-彰化,2024-06-25,1028
2542,興富發,20,0,20,合庫-彰化,2024-06-25,1028
3325,旭品,20,0,20,合庫-彰化,2024-06-25,1028
3652,精聯,30,10,20,合庫-彰化,2024-06-25,1028
8374,羅昇,22,2,20,合庫-彰化,2024-06-25,1028
1301,台塑,20,1,19,合庫-彰化,2024-06-25,1028
1326,台化,19,0,19,合庫-彰化,2024-06-25,1028
1802,台玻,20,1,19,合庫-彰化,2024-06-25,1028
2374,佳能,24,5,19,合庫-彰化,2024-06-25,1028
6451,訊芯-KY,20,1,19,合庫-彰化,2024-06-25,1028
00878,國泰永續高股息,17,1,16,合庫-彰化,2024-06-25,1028
6152,百一,15,0,15,合庫-彰化,2024-06-25,1028
6695,芯鼎,16,1,15,合庫-彰化,2024-06-25,1028
2349,錸德,15,1,14,合庫-彰化,2024-06-25,1028
3231,緯創,20,7,13,合庫-彰化,2024-06-25,1028
00885,富邦越南,18,5,13,合庫-彰化,2024-06-25,1028
6116,彩晶,13,0,13,合庫-彰化,2024-06-25,1028
8110,華東,12,0,12,合庫-彰化,2024-06-25,1028
00942B,台新美A公司債20+,10,0,10,合庫-彰化,2024-06-25,1028
00664R,國泰臺灣加權反1,10,0,10,合庫-彰化,2024-06-25,1028
1815,富喬,37,27,10,合庫-彰化,2024-06-25,1028
6189,豐藝,10,0,10,合庫-彰化,2024-06-25,1028
6578,達邦蛋白,11,1,10,合庫-彰化,2024-06-25,1028
2543,皇昌,10,0,10,合庫-彰化,2024-06-25,1028
3021,鴻名,21,12,9,合庫-彰化,2024-06-25,1028
2002,中鋼,11,3,8,合庫-彰化,2024-06-25,1028
2316,楠梓電,10,2,8,合庫-彰化,2024-06-25,1028
9938,百和,8,0,8,合庫-彰化,2024-06-25,1028
00671R,富邦NASDAQ反1,238,0,238,合庫-彰化,2024-06-26,1028
2201,裕隆,105,2,103,合庫-彰化,2024-06-26,1028
00680L,元大美債20正2,100,0,100,合庫-彰化,2024-06-26,1028
6116,彩晶,100,0,100,合庫-彰化,2024-06-26,1028
00940,元大台灣價值高息,95,10,85,合庫-彰化,2024-06-26,1028
1717,長興,62,0,62,合庫-彰化,2024-06-26,1028
00665L,富邦�琤肭磪囓�2,172,115,57,合庫-彰化,2024-06-26,1028
2409,友達,57,2,55,合庫-彰化,2024-06-26,1028
00919,群益台灣精選高息,64,11,53,合庫-彰化,2024-06-26,1028
3231,緯創,55,6,49,合庫-彰化,2024-06-26,1028
9105,泰金寶-DR,45,0,45,合庫-彰化,2024-06-26,1028
2337,旺宏,43,1,42,合庫-彰化,2024-06-26,1028
00929,復華台灣科技優息,57,16,41,合庫-彰化,2024-06-26,1028
1517,利奇,40,1,39,合庫-彰化,2024-06-26,1028
2002,中鋼,43,5,38,合庫-彰化,2024-06-26,1028
3047,訊舟,39,4,35,合庫-彰化,2024-06-26,1028
1326,台化,33,0,33,合庫-彰化,2024-06-26,1028
2511,太子,31,0,31,合庫-彰化,2024-06-26,1028
1301,台塑,31,2,29,合庫-彰化,2024-06-26,1028
1802,台玻,40,12,28,合庫-彰化,2024-06-26,1028
00891,中信關鍵半導體,30,5,25,合庫-彰化,2024-06-26,1028
1447,力鵬,24,0,24,合庫-彰化,2024-06-26,1028
3149,正達,26,2,24,合庫-彰化,2024-06-26,1028
2369,菱生,37,14,23,合庫-彰化,2024-06-26,1028
2883,凱基金,43,21,22,合庫-彰化,2024-06-26,1028
6957,裕慶-KY,20,0,20,合庫-彰化,2024-06-26,1028
2374,佳能,23,3,20,合庫-彰化,2024-06-26,1028
4133,亞諾法,20,0,20,合庫-彰化,2024-06-26,1028
6005,群益證,20,0,20,合庫-彰化,2024-06-26,1028
2408,南亞科,19,0,19,合庫-彰化,2024-06-26,1028
2609,陽明,41,22,19,合庫-彰化,2024-06-26,1028
00946,群益科技高息成長,18,0,18,合庫-彰化,2024-06-26,1028
2495,普安,21,4,17,合庫-彰化,2024-06-26,1028
1605,華新,23,7,16,合庫-彰化,2024-06-26,1028
2630,亞航,16,0,16,合庫-彰化,2024-06-26,1028
3048,益登,17,1,16,合庫-彰化,2024-06-26,1028
1513,中興電,20,5,15,合庫-彰化,2024-06-26,1028
2365,昆盈,116,101,15,合庫-彰化,2024-06-26,1028
1445,大宇,14,0,14,合庫-彰化,2024-06-26,1028
2455,全新,15,1,14,合庫-彰化,2024-06-26,1028
2353,宏��,18,5,13,合庫-彰化,2024-06-26,1028
6806,森崴能源,27,14,13,合庫-彰化,2024-06-26,1028
1101,台泥,33,20,13,合庫-彰化,2024-06-26,1028
2905,三商,12,0,12,合庫-彰化,2024-06-26,1028
00632R,元大台灣50反1,11,0,11,合庫-彰化,2024-06-26,1028
2344,華邦電,16,5,11,合庫-彰化,2024-06-26,1028
8271,宇瞻,11,0,11,合庫-彰化,2024-06-26,1028
00751B,元大AAA至A公司債,10,0,10,合庫-彰化,2024-06-26,1028
00948B,中信優息投資級債,10,0,10,合庫-彰化,2024-06-26,1028
1714,和桐,10,0,10,合庫-彰化,2024-06-26,1028
00937B,群益ESG投等債20,199,2,197,合庫-彰化,2024-06-27,1028
1301,台塑,163,3,160,合庫-彰化,2024-06-27,1028
00882,中信中國高股息,132,0,132,合庫-彰化,2024-06-27,1028
00948B,中信優息投資級債,120,0,120,合庫-彰化,2024-06-27,1028
00650L,復華香港正2,115,0,115,合庫-彰化,2024-06-27,1028
3481,群創,97,7,90,合庫-彰化,2024-06-27,1028
00936,台新永續高息中小,89,10,79,合庫-彰化,2024-06-27,1028
4414,如興,60,0,60,合庫-彰化,2024-06-27,1028
9904,寶成,53,0,53,合庫-彰化,2024-06-27,1028
2201,裕隆,51,0,51,合庫-彰化,2024-06-27,1028
2888,新光金,52,3,49,合庫-彰化,2024-06-27,1028
00753L,中信中國50正2,40,0,40,合庫-彰化,2024-06-27,1028
2323,中環,40,0,40,合庫-彰化,2024-06-27,1028
5355,佳總,40,0,40,合庫-彰化,2024-06-27,1028
2344,華邦電,36,0,36,合庫-彰化,2024-06-27,1028
00679B,元大美債20年,37,2,35,合庫-彰化,2024-06-27,1028
8039,台虹,33,0,33,合庫-彰化,2024-06-27,1028
00929,復華台灣科技優息,47,15,32,合庫-彰化,2024-06-27,1028
2885,元大金,32,0,32,合庫-彰化,2024-06-27,1028
00680L,元大美債20正2,431,400,31,合庫-彰化,2024-06-27,1028
9914,美利達,30,0,30,合庫-彰化,2024-06-27,1028
8277,商丞,30,1,29,合庫-彰化,2024-06-27,1028
1611,中電,22,0,22,合庫-彰化,2024-06-27,1028
8104,錸寶,20,0,20,合庫-彰化,2024-06-27,1028
8426,紅木-KY,20,0,20,合庫-彰化,2024-06-27,1028
00942B,台新美A公司債20+,19,0,19,合庫-彰化,2024-06-27,1028
6598,ABC-KY,19,0,19,合庫-彰化,2024-06-27,1028
00918,大華優利高填息30,16,0,16,合庫-彰化,2024-06-27,1028
1605,華新,16,0,16,合庫-彰化,2024-06-27,1028
00687B,國泰20年美債,16,0,16,合庫-彰化,2024-06-27,1028
3715,定穎投控,18,3,15,合庫-彰化,2024-06-27,1028
2892,第一金,15,0,15,合庫-彰化,2024-06-27,1028
4977,眾達-KY,27,12,15,合庫-彰化,2024-06-27,1028
5392,能率,20,6,14,合庫-彰化,2024-06-27,1028
00700,富邦�琤肭磪�,13,0,13,合庫-彰化,2024-06-27,1028
4160,訊聯基因,13,0,13,合庫-彰化,2024-06-27,1028
00878,國泰永續高股息,29,17,12,合庫-彰化,2024-06-27,1028
6869,雲豹能源,19,7,12,合庫-彰化,2024-06-27,1028
00947,台新臺灣IC設計,12,0,12,合庫-彰化,2024-06-27,1028
1326,台化,12,0,12,合庫-彰化,2024-06-27,1028
1612,宏泰,13,1,12,合庫-彰化,2024-06-27,1028
2368,金像電,14,2,12,合庫-彰化,2024-06-27,1028
5443,均豪,31,19,12,合庫-彰化,2024-06-27,1028
6806,森崴能源,36,24,12,合庫-彰化,2024-06-27,1028
4938,和碩,11,1,10,合庫-彰化,2024-06-27,1028
00688L,國泰20年美債正2,10,0,10,合庫-彰化,2024-06-27,1028
00706L,期元大S＆P日圓正2,10,0,10,合庫-彰化,2024-06-27,1028
00636,國泰中國A50,10,0,10,合庫-彰化,2024-06-27,1028
00891,中信關鍵半導體,10,0,10,合庫-彰化,2024-06-27,1028
2029,盛餘,10,0,10,合庫-彰化,2024-06-27,1028
00680L,元大美債20正2,800,0,800,合庫-彰化,2024-06-28,1028
3576,聯合再生,126,18,108,合庫-彰化,2024-06-28,1028
00679B,元大美債20年,102,0,102,合庫-彰化,2024-06-28,1028
2883,凱基金,119,29,90,合庫-彰化,2024-06-28,1028
6244,茂迪,88,0,88,合庫-彰化,2024-06-28,1028
2618,長榮航,79,2,77,合庫-彰化,2024-06-28,1028
00936,台新永續高息中小,77,0,77,合庫-彰化,2024-06-28,1028
2002,中鋼,41,1,40,合庫-彰化,2024-06-28,1028
3481,群創,52,13,39,合庫-彰化,2024-06-28,1028
6443,元晶,42,5,37,合庫-彰化,2024-06-28,1028
00937B,群益ESG投等債20,34,0,34,合庫-彰化,2024-06-28,1028
6806,森崴能源,34,0,34,合庫-彰化,2024-06-28,1028
00929,復華台灣科技優息,49,18,31,合庫-彰化,2024-06-28,1028
2515,中工,24,0,24,合庫-彰化,2024-06-28,1028
2406,國碩,40,17,23,合庫-彰化,2024-06-28,1028
9105,泰金寶-DR,23,0,23,合庫-彰化,2024-06-28,1028
2303,聯電,23,1,22,合庫-彰化,2024-06-28,1028
3202,樺晟,22,0,22,合庫-彰化,2024-06-28,1028
00706L,期元大S＆P日圓正2,21,0,21,合庫-彰化,2024-06-28,1028
3712,永崴投控,21,0,21,合庫-彰化,2024-06-28,1028
00676R,富邦臺灣加權反1,20,0,20,合庫-彰化,2024-06-28,1028
1447,力鵬,20,0,20,合庫-彰化,2024-06-28,1028
2542,興富發,21,1,20,合庫-彰化,2024-06-28,1028
4545,銘鈺,20,0,20,合庫-彰化,2024-06-28,1028
2610,華航,20,1,19,合庫-彰化,2024-06-28,1028
6957,裕慶-KY,20,3,17,合庫-彰化,2024-06-28,1028
2609,陽明,21,4,17,合庫-彰化,2024-06-28,1028
8121,越峰,19,3,16,合庫-彰化,2024-06-28,1028
911868,同方友友-DR,17,1,16,合庫-彰化,2024-06-28,1028
00671R,富邦NASDAQ反1,14,0,14,合庫-彰化,2024-06-28,1028
00933B,國泰10Y+金融債,13,0,13,合庫-彰化,2024-06-28,1028
2432,倚天酷��-創,13,0,13,合庫-彰化,2024-06-28,1028
5371,中光電,13,0,13,合庫-彰化,2024-06-28,1028
9938,百和,12,0,12,合庫-彰化,2024-06-28,1028
2323,中環,21,10,11,合庫-彰化,2024-06-28,1028
6451,訊芯-KY,13,2,11,合庫-彰化,2024-06-28,1028
1303,南亞,10,0,10,合庫-彰化,2024-06-28,1028
2402,毅嘉,50,40,10,合庫-彰化,2024-06-28,1028
2637,慧洋-KY,10,0,10,合庫-彰化,2024-06-28,1028
2836,高雄銀,10,0,10,合庫-彰化,2024-06-28,1028
5355,佳總,10,0,10,合庫-彰化,2024-06-28,1028
6692,進能服,10,0,10,合庫-彰化,2024-06-28,1028
8027,鈦昇,15,5,10,合庫-彰化,2024-06-28,1028
8426,紅木-KY,10,0,10,合庫-彰化,2024-06-28,1028
2101,南港,11,2,9,合庫-彰化,2024-06-28,1028
6182,合晶,8,0,8,合庫-彰化,2024-06-28,1028
3312,弘憶股,20,13,7,合庫-彰化,2024-06-28,1028
00700,富邦�琤肭磪�,7,0,7,合庫-彰化,2024-06-28,1028
2104,國際中橡,7,0,7,合庫-彰化,2024-06-28,1028
6435,大中,8,1,7,合庫-彰化,2024-06-28,1028
00680L,元大美債20正2,1419,0,1419,合庫-彰化,2024-07-01,1028
00637L,元大滬深300正2,191,0,191,合庫-彰化,2024-07-01,1028
00687B,國泰20年美債,133,0,133,合庫-彰化,2024-07-01,1028
00948B,中信優息投資級債,115,0,115,合庫-彰化,2024-07-01,1028
4533,協易機,140,25,115,合庫-彰化,2024-07-01,1028
00688L,國泰20年美債正2,114,0,114,合庫-彰化,2024-07-01,1028
00937B,群益ESG投等債20,123,36,87,合庫-彰化,2024-07-01,1028
00929,復華台灣科技優息,79,7,72,合庫-彰化,2024-07-01,1028
3576,聯合再生,65,0,65,合庫-彰化,2024-07-01,1028
6743,安普新,62,0,62,合庫-彰化,2024-07-01,1028
3060,銘異,105,44,61,合庫-彰化,2024-07-01,1028
9105,泰金寶-DR,60,0,60,合庫-彰化,2024-07-01,1028
5498,凱崴,61,2,59,合庫-彰化,2024-07-01,1028
4545,銘鈺,58,0,58,合庫-彰化,2024-07-01,1028
2374,佳能,60,12,48,合庫-彰化,2024-07-01,1028
2349,錸德,55,7,48,合庫-彰化,2024-07-01,1028
00679B,元大美債20年,43,0,43,合庫-彰化,2024-07-01,1028
2542,興富發,40,1,39,合庫-彰化,2024-07-01,1028
1802,台玻,33,0,33,合庫-彰化,2024-07-01,1028
00942B,台新美A公司債20+,27,0,27,合庫-彰化,2024-07-01,1028
00933B,國泰10Y+金融債,27,0,27,合庫-彰化,2024-07-01,1028
2382,廣達,33,6,27,合庫-彰化,2024-07-01,1028
1504,東元,24,0,24,合庫-彰化,2024-07-01,1028
0056,元大高股息,35,11,24,合庫-彰化,2024-07-01,1028
4739,康普,23,0,23,合庫-彰化,2024-07-01,1028
6770,力積電,26,3,23,合庫-彰化,2024-07-01,1028
4123,晟德,25,3,22,合庫-彰化,2024-07-01,1028
00753L,中信中國50正2,20,0,20,合庫-彰化,2024-07-01,1028
1584,精剛,20,0,20,合庫-彰化,2024-07-01,1028
2303,聯電,34,14,20,合庫-彰化,2024-07-01,1028
1308,亞聚,19,0,19,合庫-彰化,2024-07-01,1028
1514,亞力,22,3,19,合庫-彰化,2024-07-01,1028
00931B,統一美債20年,18,0,18,合庫-彰化,2024-07-01,1028
6215,和椿,25,7,18,合庫-彰化,2024-07-01,1028
6451,訊芯-KY,20,2,18,合庫-彰化,2024-07-01,1028
2355,敬鵬,18,1,17,合庫-彰化,2024-07-01,1028
1326,台化,16,0,16,合庫-彰化,2024-07-01,1028
00671R,富邦NASDAQ反1,16,0,16,合庫-彰化,2024-07-01,1028
00772B,中信高評級公司債,16,0,16,合庫-彰化,2024-07-01,1028
2316,楠梓電,15,1,14,合庫-彰化,2024-07-01,1028
9938,百和,13,0,13,合庫-彰化,2024-07-01,1028
00885,富邦越南,13,0,13,合庫-彰化,2024-07-01,1028
6182,合晶,13,0,13,合庫-彰化,2024-07-01,1028
2201,裕隆,11,0,11,合庫-彰化,2024-07-01,1028
2891,中信金,11,0,11,合庫-彰化,2024-07-01,1028
3689,湧德,13,2,11,合庫-彰化,2024-07-01,1028
2368,金像電,13,3,10,合庫-彰化,2024-07-01,1028
00751B,元大AAA至A公司債,10,0,10,合庫-彰化,2024-07-01,1028
1418,東華,10,0,10,合庫-彰化,2024-07-01,1028
1447,力鵬,10,0,10,合庫-彰化,2024-07-01,1028
00680L,元大美債20正2,464,0,464,合庫-彰化,2024-07-02,1028
00632R,元大台灣50反1,310,2,308,合庫-彰化,2024-07-02,1028
2317,鴻海,205,8,197,合庫-彰化,2024-07-02,1028
00936,台新永續高息中小,159,4,155,合庫-彰化,2024-07-02,1028
00934,中信成長高股息,146,2,144,合庫-彰化,2024-07-02,1028
8104,錸寶,96,2,94,合庫-彰化,2024-07-02,1028
2303,聯電,98,15,83,合庫-彰化,2024-07-02,1028
00937B,群益ESG投等債20,87,6,81,合庫-彰化,2024-07-02,1028
00929,復華台灣科技優息,230,152,78,合庫-彰化,2024-07-02,1028
2349,錸德,115,60,55,合庫-彰化,2024-07-02,1028
00687B,國泰20年美債,53,1,52,合庫-彰化,2024-07-02,1028
5603,陸海,52,0,52,合庫-彰化,2024-07-02,1028
0056,元大高股息,49,0,49,合庫-彰化,2024-07-02,1028
2537,聯上發,47,0,47,合庫-彰化,2024-07-02,1028
00679B,元大美債20年,47,3,44,合庫-彰化,2024-07-02,1028
2002,中鋼,37,0,37,合庫-彰化,2024-07-02,1028
00942B,台新美A公司債20+,35,0,35,合庫-彰化,2024-07-02,1028
2611,志信,35,0,35,合庫-彰化,2024-07-02,1028
5392,能率,33,0,33,合庫-彰化,2024-07-02,1028
1326,台化,33,1,32,合庫-彰化,2024-07-02,1028
4414,如興,31,0,31,合庫-彰化,2024-07-02,1028
2486,一詮,29,0,29,合庫-彰化,2024-07-02,1028
3576,聯合再生,136,107,29,合庫-彰化,2024-07-02,1028
4123,晟德,40,12,28,合庫-彰化,2024-07-02,1028
2382,廣達,30,2,28,合庫-彰化,2024-07-02,1028
3481,群創,27,1,26,合庫-彰化,2024-07-02,1028
6770,力積電,24,0,24,合庫-彰化,2024-07-02,1028
6285,啟��,24,0,24,合庫-彰化,2024-07-02,1028
2618,長榮航,60,36,24,合庫-彰化,2024-07-02,1028
2515,中工,22,0,22,合庫-彰化,2024-07-02,1028
2409,友達,61,40,21,合庫-彰化,2024-07-02,1028
6451,訊芯-KY,21,0,21,合庫-彰化,2024-07-02,1028
2449,京元電子,20,0,20,合庫-彰化,2024-07-02,1028
1447,力鵬,20,0,20,合庫-彰化,2024-07-02,1028
9904,寶成,20,0,20,合庫-彰化,2024-07-02,1028
5880,合庫金,31,14,17,合庫-彰化,2024-07-02,1028
6127,九豪,17,0,17,合庫-彰化,2024-07-02,1028
3231,緯創,27,11,16,合庫-彰化,2024-07-02,1028
00795B,中信美國公債20年,16,0,16,合庫-彰化,2024-07-02,1028
00945B,凱基美國非投等債,16,0,16,合庫-彰化,2024-07-02,1028
6152,百一,17,1,16,合庫-彰化,2024-07-02,1028
00933B,國泰10Y+金融債,15,0,15,合庫-彰化,2024-07-02,1028
00919,群益台灣精選高息,21,6,15,合庫-彰化,2024-07-02,1028
3689,湧德,15,1,14,合庫-彰化,2024-07-02,1028
6005,群益證,14,0,14,合庫-彰化,2024-07-02,1028
00948B,中信優息投資級債,13,0,13,合庫-彰化,2024-07-02,1028
2331,精英,13,0,13,合庫-彰化,2024-07-02,1028
3376,新日興,13,0,13,合庫-彰化,2024-07-02,1028
4545,銘鈺,28,15,13,合庫-彰化,2024-07-02,1028
2371,大同,14,1,13,合庫-彰化,2024-07-02,1028
1785,光洋科,494,9,485,合庫-彰化,2024-07-03,1028
00665L,富邦�琤肭磪囓�2,350,150,200,合庫-彰化,2024-07-03,1028
00680L,元大美債20正2,107,0,107,合庫-彰化,2024-07-03,1028
3576,聯合再生,225,159,66,合庫-彰化,2024-07-03,1028
00934,中信成長高股息,62,2,60,合庫-彰化,2024-07-03,1028
4510,高鋒,39,1,38,合庫-彰化,2024-07-03,1028
00882,中信中國高股息,39,2,37,合庫-彰化,2024-07-03,1028
3049,精金,40,4,36,合庫-彰化,2024-07-03,1028
6457,紘康,35,0,35,合庫-彰化,2024-07-03,1028
2467,志聖,34,2,32,合庫-彰化,2024-07-03,1028
2317,鴻海,43,12,31,合庫-彰化,2024-07-03,1028
00772B,中信高評級公司債,28,0,28,合庫-彰化,2024-07-03,1028
6244,茂迪,36,11,25,合庫-彰化,2024-07-03,1028
6443,元晶,38,13,25,合庫-彰化,2024-07-03,1028
2303,聯電,31,6,25,合庫-彰化,2024-07-03,1028
2301,光寶科,25,1,24,合庫-彰化,2024-07-03,1028
2412,中華電,27,6,21,合庫-彰化,2024-07-03,1028
00671R,富邦NASDAQ反1,20,0,20,合庫-彰化,2024-07-03,1028
1227,佳格,20,0,20,合庫-彰化,2024-07-03,1028
1409,新纖,20,0,20,合庫-彰化,2024-07-03,1028
2323,中環,30,10,20,合庫-彰化,2024-07-03,1028
2324,仁寶,24,4,20,合庫-彰化,2024-07-03,1028
4746,台耀,20,0,20,合庫-彰化,2024-07-03,1028
00929,復華台灣科技優息,21,2,19,合庫-彰化,2024-07-03,1028
00927,群益半導體收益,23,5,18,合庫-彰化,2024-07-03,1028
1312,國喬,20,2,18,合庫-彰化,2024-07-03,1028
2337,旺宏,22,4,18,合庫-彰化,2024-07-03,1028
3047,訊舟,34,16,18,合庫-彰化,2024-07-03,1028
2332,友訊,23,6,17,合庫-彰化,2024-07-03,1028
5452,佶優,18,1,17,合庫-彰化,2024-07-03,1028
00687B,國泰20年美債,32,16,16,合庫-彰化,2024-07-03,1028
1784,訊聯,23,8,15,合庫-彰化,2024-07-03,1028
3376,新日興,18,3,15,合庫-彰化,2024-07-03,1028
1802,台玻,24,10,14,合庫-彰化,2024-07-03,1028
2884,玉山金,15,1,14,合庫-彰化,2024-07-03,1028
2812,台中銀,13,0,13,合庫-彰化,2024-07-03,1028
6753,龍德造船,14,1,13,合庫-彰化,2024-07-03,1028
00936,台新永續高息中小,12,0,12,合庫-彰化,2024-07-03,1028
4526,東台,12,0,12,合庫-彰化,2024-07-03,1028
8110,華東,12,0,12,合庫-彰化,2024-07-03,1028
2349,錸德,15,4,11,合庫-彰化,2024-07-03,1028
3016,嘉晶,11,0,11,合庫-彰化,2024-07-03,1028
6127,九豪,17,6,11,合庫-彰化,2024-07-03,1028
2352,佳世達,15,5,10,合庫-彰化,2024-07-03,1028
3034,聯詠,11,1,10,合庫-彰化,2024-07-03,1028
00676R,富邦臺灣加權反1,10,0,10,合庫-彰化,2024-07-03,1028
00686R,群益臺灣加權反1,10,0,10,合庫-彰化,2024-07-03,1028
00632R,元大台灣50反1,10,0,10,合庫-彰化,2024-07-03,1028
1434,福懋,10,0,10,合庫-彰化,2024-07-03,1028
1451,年興,10,0,10,合庫-彰化,2024-07-03,1028
3049,精金,245,0,245,合庫-彰化,2024-07-04,1028
3576,聯合再生,261,55,206,合庫-彰化,2024-07-04,1028
00680L,元大美債20正2,205,0,205,合庫-彰化,2024-07-04,1028
00632R,元大台灣50反1,180,0,180,合庫-彰化,2024-07-04,1028
2486,一詮,161,1,160,合庫-彰化,2024-07-04,1028
2405,輔信,172,57,115,合庫-彰化,2024-07-04,1028
2883,凱基金,115,6,109,合庫-彰化,2024-07-04,1028
3060,銘異,89,0,89,合庫-彰化,2024-07-04,1028
2412,中華電,85,0,85,合庫-彰化,2024-07-04,1028
2312,金寶,78,11,67,合庫-彰化,2024-07-04,1028
9105,泰金寶-DR,62,14,48,合庫-彰化,2024-07-04,1028
1536,和大,44,0,44,合庫-彰化,2024-07-04,1028
1312,國喬,43,0,43,合庫-彰化,2024-07-04,1028
2349,錸德,40,1,39,合庫-彰化,2024-07-04,1028
2618,長榮航,43,5,38,合庫-彰化,2024-07-04,1028
00934,中信成長高股息,38,0,38,合庫-彰化,2024-07-04,1028
1535,中宇,38,3,35,合庫-彰化,2024-07-04,1028
2402,毅嘉,31,2,29,合庫-彰化,2024-07-04,1028
00772B,中信高評級公司債,28,0,28,合庫-彰化,2024-07-04,1028
2913,農林,30,2,28,合庫-彰化,2024-07-04,1028
3057,喬鼎,28,0,28,合庫-彰化,2024-07-04,1028
2324,仁寶,27,0,27,合庫-彰化,2024-07-04,1028
2409,友達,27,4,23,合庫-彰化,2024-07-04,1028
00937B,群益ESG投等債20,25,4,21,合庫-彰化,2024-07-04,1028
2637,慧洋-KY,21,1,20,合庫-彰化,2024-07-04,1028
3047,訊舟,34,15,19,合庫-彰化,2024-07-04,1028
6257,矽格,30,11,19,合庫-彰化,2024-07-04,1028
4109,加捷生醫,23,4,19,合庫-彰化,2024-07-04,1028
2617,台航,18,0,18,合庫-彰化,2024-07-04,1028
2633,台灣高鐵,18,0,18,合庫-彰化,2024-07-04,1028
2867,三商壽,19,1,18,合庫-彰化,2024-07-04,1028
6140,訊達,17,0,17,合庫-彰化,2024-07-04,1028
4304,勝昱,20,4,16,合庫-彰化,2024-07-04,1028
6451,訊芯-KY,20,4,16,合庫-彰化,2024-07-04,1028
8403,盛弘,15,0,15,合庫-彰化,2024-07-04,1028
3189,景碩,15,0,15,合庫-彰化,2024-07-04,1028
00929,復華台灣科技優息,62,47,15,合庫-彰化,2024-07-04,1028
5347,世界,22,8,14,合庫-彰化,2024-07-04,1028
1802,台玻,12,0,12,合庫-彰化,2024-07-04,1028
1815,富喬,13,1,12,合庫-彰化,2024-07-04,1028
2392,正崴,15,3,12,合庫-彰化,2024-07-04,1028
9904,寶成,32,20,12,合庫-彰化,2024-07-04,1028
2611,志信,21,10,11,合庫-彰化,2024-07-04,1028
00933B,國泰10Y+金融債,12,1,11,合庫-彰化,2024-07-04,1028
2836,高雄銀,11,0,11,合庫-彰化,2024-07-04,1028
2897,王道銀行,12,1,11,合庫-彰化,2024-07-04,1028
6957,裕慶-KY,10,0,10,合庫-彰化,2024-07-04,1028
00857B,永豐20年美公債,10,0,10,合庫-彰化,2024-07-04,1028
00752,中信中國50,10,0,10,合庫-彰化,2024-07-04,1028
00664R,國泰臺灣加權反1,10,0,10,合庫-彰化,2024-07-04,1028
2405,輔信,452,16,436,合庫-彰化,2024-07-05,1028
1528,恩德,266,30,236,合庫-彰化,2024-07-05,1028
00940,元大台灣價值高息,362,130,232,合庫-彰化,2024-07-05,1028
00637L,元大滬深300正2,150,0,150,合庫-彰化,2024-07-05,1028
5202,力新,154,21,133,合庫-彰化,2024-07-05,1028
2323,中環,126,8,118,合庫-彰化,2024-07-05,1028
2486,一詮,118,19,99,合庫-彰化,2024-07-05,1028
2610,華航,93,2,91,合庫-彰化,2024-07-05,1028
6706,惠特,94,12,82,合庫-彰化,2024-07-05,1028
8150,南茂,72,0,72,合庫-彰化,2024-07-05,1028
2888,新光金,102,39,63,合庫-彰化,2024-07-05,1028
2611,志信,61,0,61,合庫-彰化,2024-07-05,1028
2312,金寶,64,6,58,合庫-彰化,2024-07-05,1028
2352,佳世達,53,1,52,合庫-彰化,2024-07-05,1028
2915,潤泰全,51,0,51,合庫-彰化,2024-07-05,1028
2609,陽明,50,2,48,合庫-彰化,2024-07-05,1028
1517,利奇,40,1,39,合庫-彰化,2024-07-05,1028
2356,英業達,157,122,35,合庫-彰化,2024-07-05,1028
00936,台新永續高息中小,31,0,31,合庫-彰化,2024-07-05,1028
00687B,國泰20年美債,34,3,31,合庫-彰化,2024-07-05,1028
2637,慧洋-KY,30,1,29,合庫-彰化,2024-07-05,1028
9105,泰金寶-DR,44,17,27,合庫-彰化,2024-07-05,1028
2618,長榮航,79,52,27,合庫-彰化,2024-07-05,1028
4414,如興,20,0,20,合庫-彰化,2024-07-05,1028
9904,寶成,20,0,20,合庫-彰化,2024-07-05,1028
1540,喬福,21,3,18,合庫-彰化,2024-07-05,1028
6244,茂迪,18,0,18,合庫-彰化,2024-07-05,1028
1326,台化,17,0,17,合庫-彰化,2024-07-05,1028
2301,光寶科,16,0,16,合庫-彰化,2024-07-05,1028
2330,台積電,26,10,16,合庫-彰化,2024-07-05,1028
00929,復華台灣科技優息,23,8,15,合庫-彰化,2024-07-05,1028
2467,志聖,21,6,15,合庫-彰化,2024-07-05,1028
6477,安集,17,2,15,合庫-彰化,2024-07-05,1028
3048,益登,41,26,15,合庫-彰化,2024-07-05,1028
0056,元大高股息,15,1,14,合庫-彰化,2024-07-05,1028
2913,農林,44,30,14,合庫-彰化,2024-07-05,1028
3498,陽程,15,1,14,合庫-彰化,2024-07-05,1028
6535,順藥,14,0,14,合庫-彰化,2024-07-05,1028
2603,長榮,17,5,12,合庫-彰化,2024-07-05,1028
4113,聯上,12,0,12,合庫-彰化,2024-07-05,1028
5484,慧友,14,2,12,合庫-彰化,2024-07-05,1028
2615,萬海,12,1,11,合庫-彰化,2024-07-05,1028
00725B,國泰投資級公司債,14,3,11,合庫-彰化,2024-07-05,1028
2103,台橡,11,0,11,合庫-彰化,2024-07-05,1028
00885,富邦越南,10,0,10,合庫-彰化,2024-07-05,1028
00942B,台新美A公司債20+,10,0,10,合庫-彰化,2024-07-05,1028
00945B,凱基美國非投等債,10,0,10,合庫-彰化,2024-07-05,1028
1457,宜進,10,0,10,合庫-彰化,2024-07-05,1028
1736,喬山,10,0,10,合庫-彰化,2024-07-05,1028
4426,利勤,10,0,10,合庫-彰化,2024-07-05,1028
00680L,元大美債20正2,310,0,310,合庫-彰化,2024-07-08,1028
2405,輔信,201,0,201,合庫-彰化,2024-07-08,1028
2892,第一金,201,80,121,合庫-彰化,2024-07-08,1028
9105,泰金寶-DR,121,1,120,合庫-彰化,2024-07-08,1028
00632R,元大台灣50反1,200,100,100,合庫-彰化,2024-07-08,1028
3049,精金,75,0,75,合庫-彰化,2024-07-08,1028
3060,銘異,67,1,66,合庫-彰化,2024-07-08,1028
2412,中華電,65,0,65,合庫-彰化,2024-07-08,1028
1802,台玻,90,39,51,合庫-彰化,2024-07-08,1028
00936,台新永續高息中小,50,0,50,合庫-彰化,2024-07-08,1028
2464,盟立,98,51,47,合庫-彰化,2024-07-08,1028
00929,復華台灣科技優息,76,32,44,合庫-彰化,2024-07-08,1028
00934,中信成長高股息,43,0,43,合庫-彰化,2024-07-08,1028
00937B,群益ESG投等債20,71,30,41,合庫-彰化,2024-07-08,1028
1217,愛之味,41,0,41,合庫-彰化,2024-07-08,1028
8935,邦泰,40,0,40,合庫-彰化,2024-07-08,1028
00933B,國泰10Y+金融債,50,13,37,合庫-彰化,2024-07-08,1028
4545,銘鈺,36,0,36,合庫-彰化,2024-07-08,1028
00687B,國泰20年美債,32,0,32,合庫-彰化,2024-07-08,1028
4908,前鼎,32,1,31,合庫-彰化,2024-07-08,1028
00676R,富邦臺灣加權反1,30,0,30,合庫-彰化,2024-07-08,1028
3413,京鼎,30,0,30,合庫-彰化,2024-07-08,1028
00700,富邦�琤肭磪�,28,0,28,合庫-彰化,2024-07-08,1028
4960,誠美材,34,7,27,合庫-彰化,2024-07-08,1028
2371,大同,25,0,25,合庫-彰化,2024-07-08,1028
5347,世界,32,7,25,合庫-彰化,2024-07-08,1028
2834,臺企銀,29,4,25,合庫-彰化,2024-07-08,1028
00919,群益台灣精選高息,44,19,25,合庫-彰化,2024-07-08,1028
3481,群創,33,9,24,合庫-彰化,2024-07-08,1028
3535,晶彩科,26,3,23,合庫-彰化,2024-07-08,1028
6835,圓裕,23,0,23,合庫-彰化,2024-07-08,1028
2353,宏��,24,3,21,合庫-彰化,2024-07-08,1028
00712,復華富時不動產,22,2,20,合庫-彰化,2024-07-08,1028
00715L,期街口布蘭特正2,20,0,20,合庫-彰化,2024-07-08,1028
1312,國喬,20,0,20,合庫-彰化,2024-07-08,1028
2101,南港,29,9,20,合庫-彰化,2024-07-08,1028
00882,中信中國高股息,26,7,19,合庫-彰化,2024-07-08,1028
1785,光洋科,45,27,18,合庫-彰化,2024-07-08,1028
1563,巧新,17,0,17,合庫-彰化,2024-07-08,1028
2542,興富發,41,24,17,合庫-彰化,2024-07-08,1028
3059,華晶科,17,0,17,合庫-彰化,2024-07-08,1028
5452,佶優,22,5,17,合庫-彰化,2024-07-08,1028
2603,長榮,40,23,17,合庫-彰化,2024-07-08,1028
6603,富強鑫,43,27,16,合庫-彰化,2024-07-08,1028
2352,佳世達,26,11,15,合庫-彰化,2024-07-08,1028
4938,和碩,15,0,15,合庫-彰化,2024-07-08,1028
2615,萬海,19,4,15,合庫-彰化,2024-07-08,1028
2402,毅嘉,19,5,14,合庫-彰化,2024-07-08,1028
6290,良維,14,0,14,合庫-彰化,2024-07-08,1028
00946,群益科技高息成長,13,0,13,合庫-彰化,2024-07-08,1028
00671R,富邦NASDAQ反1,247,0,247,合庫-彰化,2024-07-09,1028
9902,台火,115,0,115,合庫-彰化,2024-07-09,1028
00950B,凱基A級公司債,102,0,102,合庫-彰化,2024-07-09,1028
6134,萬旭,101,0,101,合庫-彰化,2024-07-09,1028
2312,金寶,171,72,99,合庫-彰化,2024-07-09,1028
2834,臺企銀,99,6,93,合庫-彰化,2024-07-09,1028
3481,群創,101,18,83,合庫-彰化,2024-07-09,1028
4545,銘鈺,80,0,80,合庫-彰化,2024-07-09,1028
3047,訊舟,139,69,70,合庫-彰化,2024-07-09,1028
2618,長榮航,69,1,68,合庫-彰化,2024-07-09,1028
8150,南茂,72,4,68,合庫-彰化,2024-07-09,1028
2542,興富發,45,0,45,合庫-彰化,2024-07-09,1028
6005,群益證,40,0,40,合庫-彰化,2024-07-09,1028
2330,台積電,41,7,34,合庫-彰化,2024-07-09,1028
1528,恩德,32,0,32,合庫-彰化,2024-07-09,1028
0056,元大高股息,33,2,31,合庫-彰化,2024-07-09,1028
911868,同方友友-DR,30,0,30,合庫-彰化,2024-07-09,1028
2317,鴻海,67,38,29,合庫-彰化,2024-07-09,1028
4945,陞達科技,29,0,29,合庫-彰化,2024-07-09,1028
00679B,元大美債20年,35,7,28,合庫-彰化,2024-07-09,1028
00934,中信成長高股息,26,0,26,合庫-彰化,2024-07-09,1028
2352,佳世達,28,2,26,合庫-彰化,2024-07-09,1028
5519,隆大,26,0,26,合庫-彰化,2024-07-09,1028
00673R,期元大S＆P原油反1,25,0,25,合庫-彰化,2024-07-09,1028
2609,陽明,60,36,24,合庫-彰化,2024-07-09,1028
00933B,國泰10Y+金融債,31,7,24,合庫-彰化,2024-07-09,1028
1802,台玻,24,0,24,合庫-彰化,2024-07-09,1028
00927,群益半導體收益,21,0,21,合庫-彰化,2024-07-09,1028
4414,如興,21,0,21,合庫-彰化,2024-07-09,1028
00936,台新永續高息中小,21,0,21,合庫-彰化,2024-07-09,1028
1312,國喬,20,0,20,合庫-彰化,2024-07-09,1028
4123,晟德,20,0,20,合庫-彰化,2024-07-09,1028
4563,百德,20,0,20,合庫-彰化,2024-07-09,1028
2353,宏��,37,18,19,合庫-彰化,2024-07-09,1028
8059,凱碩,21,2,19,合庫-彰化,2024-07-09,1028
5347,世界,21,3,18,合庫-彰化,2024-07-09,1028
6603,富強鑫,43,25,18,合庫-彰化,2024-07-09,1028
3673,TPK-KY,33,16,17,合庫-彰化,2024-07-09,1028
00935,野村臺灣新科技50,17,1,16,合庫-彰化,2024-07-09,1028
2405,輔信,41,25,16,合庫-彰化,2024-07-09,1028
3060,銘異,63,47,16,合庫-彰化,2024-07-09,1028
00676R,富邦臺灣加權反1,15,0,15,合庫-彰化,2024-07-09,1028
2402,毅嘉,32,17,15,合庫-彰化,2024-07-09,1028
2845,遠東銀,16,1,15,合庫-彰化,2024-07-09,1028
4906,正文,18,3,15,合庫-彰化,2024-07-09,1028
6257,矽格,17,2,15,合庫-彰化,2024-07-09,1028
6615,慧智,15,0,15,合庫-彰化,2024-07-09,1028
6190,萬泰科,15,0,15,合庫-彰化,2024-07-09,1028
6770,力積電,16,2,14,合庫-彰化,2024-07-09,1028
00905,FT臺灣Smart,18,4,14,合庫-彰化,2024-07-09,1028
1314,中石化,200,14,186,合庫-彰化,2024-07-10,1028
1785,光洋科,199,28,171,合庫-彰化,2024-07-10,1028
00922,國泰台灣領袖50,111,2,109,合庫-彰化,2024-07-10,1028
3060,銘異,102,0,102,合庫-彰化,2024-07-10,1028
6116,彩晶,90,0,90,合庫-彰化,2024-07-10,1028
00937B,群益ESG投等債20,70,0,70,合庫-彰化,2024-07-10,1028
4414,如興,67,0,67,合庫-彰化,2024-07-10,1028
00934,中信成長高股息,63,0,63,合庫-彰化,2024-07-10,1028
6133,金橋,58,5,53,合庫-彰化,2024-07-10,1028
2897,王道銀行,52,0,52,合庫-彰化,2024-07-10,1028
2344,華邦電,48,0,48,合庫-彰化,2024-07-10,1028
2412,中華電,50,5,45,合庫-彰化,2024-07-10,1028
2905,三商,44,1,43,合庫-彰化,2024-07-10,1028
4545,銘鈺,41,0,41,合庫-彰化,2024-07-10,1028
2061,風青,55,16,39,合庫-彰化,2024-07-10,1028
2545,皇翔,39,1,38,合庫-彰化,2024-07-10,1028
2867,三商壽,84,49,35,合庫-彰化,2024-07-10,1028
5392,能率,50,15,35,合庫-彰化,2024-07-10,1028
00949,復華日本龍頭,31,0,31,合庫-彰化,2024-07-10,1028
3494,誠研,30,0,30,合庫-彰化,2024-07-10,1028
2317,鴻海,46,16,30,合庫-彰化,2024-07-10,1028
6270,倍微,31,4,27,合庫-彰化,2024-07-10,1028
00929,復華台灣科技優息,65,40,25,合庫-彰化,2024-07-10,1028
2365,昆盈,26,1,25,合庫-彰化,2024-07-10,1028
2431,聯昌,25,0,25,合庫-彰化,2024-07-10,1028
4903,聯光通,22,0,22,合庫-彰化,2024-07-10,1028
8935,邦泰,22,0,22,合庫-彰化,2024-07-10,1028
2609,陽明,27,6,21,合庫-彰化,2024-07-10,1028
5355,佳總,21,0,21,合庫-彰化,2024-07-10,1028
1101,台泥,23,3,20,合庫-彰化,2024-07-10,1028
2337,旺宏,20,0,20,合庫-彰化,2024-07-10,1028
2385,群光,20,0,20,合庫-彰化,2024-07-10,1028
00725B,國泰投資級公司債,21,2,19,合庫-彰化,2024-07-10,1028
00673R,期元大S＆P原油反1,20,1,19,合庫-彰化,2024-07-10,1028
2331,精英,20,2,18,合庫-彰化,2024-07-10,1028
2002,中鋼,18,0,18,合庫-彰化,2024-07-10,1028
2374,佳能,25,8,17,合庫-彰化,2024-07-10,1028
2359,所羅門,21,4,17,合庫-彰化,2024-07-10,1028
00950B,凱基A級公司債,16,0,16,合庫-彰化,2024-07-10,1028
1618,合機,22,6,16,合庫-彰化,2024-07-10,1028
1809,中釉,42,26,16,合庫-彰化,2024-07-10,1028
00935,野村臺灣新科技50,16,1,15,合庫-彰化,2024-07-10,1028
00936,台新永續高息中小,14,0,14,合庫-彰化,2024-07-10,1028
00679B,元大美債20年,16,2,14,合庫-彰化,2024-07-10,1028
5426,振發,15,1,14,合庫-彰化,2024-07-10,1028
8105,凌巨,21,8,13,合庫-彰化,2024-07-10,1028
9105,泰金寶-DR,21,8,13,合庫-彰化,2024-07-10,1028
3019,亞光,13,0,13,合庫-彰化,2024-07-10,1028
2489,瑞軒,22,10,12,合庫-彰化,2024-07-10,1028
6218,豪勉,19,7,12,合庫-彰化,2024-07-10,1028
4414,如興,176,0,176,合庫-彰化,2024-07-11,1028
2867,三商壽,186,17,169,合庫-彰化,2024-07-11,1028
00937B,群益ESG投等債20,148,3,145,合庫-彰化,2024-07-11,1028
1785,光洋科,105,6,99,合庫-彰化,2024-07-11,1028
3013,晟銘電,148,57,91,合庫-彰化,2024-07-11,1028
2362,藍天,87,4,83,合庫-彰化,2024-07-11,1028
2887,台新金,196,117,79,合庫-彰化,2024-07-11,1028
00679B,元大美債20年,75,1,74,合庫-彰化,2024-07-11,1028
3481,群創,75,9,66,合庫-彰化,2024-07-11,1028
2603,長榮,55,0,55,合庫-彰化,2024-07-11,1028
4545,銘鈺,96,45,51,合庫-彰化,2024-07-11,1028
4563,百德,43,0,43,合庫-彰化,2024-07-11,1028
2897,王道銀行,40,0,40,合庫-彰化,2024-07-11,1028
3060,銘異,33,2,31,合庫-彰化,2024-07-11,1028
5392,能率,36,5,31,合庫-彰化,2024-07-11,1028
00936,台新永續高息中小,43,14,29,合庫-彰化,2024-07-11,1028
1101,台泥,41,12,29,合庫-彰化,2024-07-11,1028
8064,東捷,33,4,29,合庫-彰化,2024-07-11,1028
5880,合庫金,32,5,27,合庫-彰化,2024-07-11,1028
00891,中信關鍵半導體,27,2,25,合庫-彰化,2024-07-11,1028
6163,華電網,27,4,23,合庫-彰化,2024-07-11,1028
1815,富喬,43,20,23,合庫-彰化,2024-07-11,1028
4908,前鼎,25,4,21,合庫-彰化,2024-07-11,1028
8070,長華*,21,0,21,合庫-彰化,2024-07-11,1028
2303,聯電,21,0,21,合庫-彰化,2024-07-11,1028
2618,長榮航,21,1,20,合庫-彰化,2024-07-11,1028
6156,松上,20,0,20,合庫-彰化,2024-07-11,1028
00927,群益半導體收益,19,0,19,合庫-彰化,2024-07-11,1028
1569,濱川,25,6,19,合庫-彰化,2024-07-11,1028
3576,聯合再生,20,2,18,合庫-彰化,2024-07-11,1028
2891,中信金,17,0,17,合庫-彰化,2024-07-11,1028
00935,野村臺灣新科技50,16,0,16,合庫-彰化,2024-07-11,1028
1524,耿鼎,16,0,16,合庫-彰化,2024-07-11,1028
2365,昆盈,80,64,16,合庫-彰化,2024-07-11,1028
0056,元大高股息,17,1,16,合庫-彰化,2024-07-11,1028
00881,國泰台灣5G+,16,1,15,合庫-彰化,2024-07-11,1028
2002,中鋼,15,0,15,合庫-彰化,2024-07-11,1028
6190,萬泰科,25,10,15,合庫-彰化,2024-07-11,1028
5876,上海商銀,14,0,14,合庫-彰化,2024-07-11,1028
00946,群益科技高息成長,36,23,13,合庫-彰化,2024-07-11,1028
2316,楠梓電,32,19,13,合庫-彰化,2024-07-11,1028
6235,華孚,13,0,13,合庫-彰化,2024-07-11,1028
2367,燿華,27,14,13,合庫-彰化,2024-07-11,1028
6177,達麗,13,0,13,合庫-彰化,2024-07-11,1028
8477,創業家,13,0,13,合庫-彰化,2024-07-11,1028
3706,神達,74,61,13,合庫-彰化,2024-07-11,1028
6005,群益證,18,5,13,合庫-彰化,2024-07-11,1028
1514,亞力,25,13,12,合庫-彰化,2024-07-11,1028
2349,錸德,33,21,12,合庫-彰化,2024-07-11,1028
3312,弘憶股,19,7,12,合庫-彰化,2024-07-11,1028
00919,群益台灣精選高息,194,3,191,合庫-彰化,2024-07-12,1028
00929,復華台灣科技優息,188,17,171,合庫-彰化,2024-07-12,1028
3013,晟銘電,158,6,152,合庫-彰化,2024-07-12,1028
00712,復華富時不動產,207,65,142,合庫-彰化,2024-07-12,1028
2834,臺企銀,113,1,112,合庫-彰化,2024-07-12,1028
9945,潤泰新,146,57,89,合庫-彰化,2024-07-12,1028
00687B,國泰20年美債,90,2,88,合庫-彰化,2024-07-12,1028
1721,三晃,171,85,86,合庫-彰化,2024-07-12,1028
00934,中信成長高股息,88,10,78,合庫-彰化,2024-07-12,1028
2317,鴻海,105,38,67,合庫-彰化,2024-07-12,1028
2312,金寶,126,66,60,合庫-彰化,2024-07-12,1028
2330,台積電,64,6,58,合庫-彰化,2024-07-12,1028
2208,台船,51,0,51,合庫-彰化,2024-07-12,1028
00927,群益半導體收益,49,0,49,合庫-彰化,2024-07-12,1028
00893,國泰智能電動車,46,0,46,合庫-彰化,2024-07-12,1028
1326,台化,38,1,37,合庫-彰化,2024-07-12,1028
1603,華電,32,0,32,合庫-彰化,2024-07-12,1028
1313,聯成,30,0,30,合庫-彰化,2024-07-12,1028
1584,精剛,35,5,30,合庫-彰化,2024-07-12,1028
2542,興富發,30,2,28,合庫-彰化,2024-07-12,1028
00881,國泰台灣5G+,31,5,26,合庫-彰化,2024-07-12,1028
1416,廣豐,26,0,26,合庫-彰化,2024-07-12,1028
0056,元大高股息,28,3,25,合庫-彰化,2024-07-12,1028
1305,華夏,27,3,24,合庫-彰化,2024-07-12,1028
2501,國建,23,0,23,合庫-彰化,2024-07-12,1028
9938,百和,32,9,23,合庫-彰化,2024-07-12,1028
00940,元大台灣價值高息,32,12,20,合庫-彰化,2024-07-12,1028
6271,同欣電,20,0,20,合庫-彰化,2024-07-12,1028
1612,宏泰,30,12,18,合庫-彰化,2024-07-12,1028
911868,同方友友-DR,18,0,18,合庫-彰化,2024-07-12,1028
2313,華通,17,1,16,合庫-彰化,2024-07-12,1028
00903,富邦元宇宙,15,0,15,合庫-彰化,2024-07-12,1028
8011,台通,16,1,15,合庫-彰化,2024-07-12,1028
00935,野村臺灣新科技50,15,2,13,合庫-彰化,2024-07-12,1028
00936,台新永續高息中小,13,0,13,合庫-彰化,2024-07-12,1028
00905,FT臺灣Smart,14,2,12,合庫-彰化,2024-07-12,1028
1540,喬福,14,2,12,合庫-彰化,2024-07-12,1028
1560,中砂,12,1,11,合庫-彰化,2024-07-12,1028
00923,群益台ESG低碳50,11,0,11,合庫-彰化,2024-07-12,1028
00928,中信上櫃ESG30,11,0,11,合庫-彰化,2024-07-12,1028
2397,友通,12,1,11,合庫-彰化,2024-07-12,1028
4906,正文,16,5,11,合庫-彰化,2024-07-12,1028
5876,上海商銀,12,1,11,合庫-彰化,2024-07-12,1028
6244,茂迪,15,4,11,合庫-彰化,2024-07-12,1028
8033,雷虎,11,0,11,合庫-彰化,2024-07-12,1028
3037,欣興,26,15,11,合庫-彰化,2024-07-12,1028
00885,富邦越南,10,0,10,合庫-彰化,2024-07-12,1028
2365,昆盈,47,37,10,合庫-彰化,2024-07-12,1028
2892,第一金,10,0,10,合庫-彰化,2024-07-12,1028
2891,中信金,10,0,10,合庫-彰化,2024-07-12,1028
00680L,元大美債20正2,412,0,412,合庫-彰化,2024-07-15,1028
2409,友達,274,4,270,合庫-彰化,2024-07-15,1028
2332,友訊,170,0,170,合庫-彰化,2024-07-15,1028
00671R,富邦NASDAQ反1,132,0,132,合庫-彰化,2024-07-15,1028
00664R,國泰臺灣加權反1,122,0,122,合庫-彰化,2024-07-15,1028
2542,興富發,106,1,105,合庫-彰化,2024-07-15,1028
00946,群益科技高息成長,102,0,102,合庫-彰化,2024-07-15,1028
2834,臺企銀,100,3,97,合庫-彰化,2024-07-15,1028
3163,波若威,88,2,86,合庫-彰化,2024-07-15,1028
3056,富華新,75,17,58,合庫-彰化,2024-07-15,1028
1568,倉佑,57,2,55,合庫-彰化,2024-07-15,1028
2891,中信金,45,0,45,合庫-彰化,2024-07-15,1028
00937B,群益ESG投等債20,194,151,43,合庫-彰化,2024-07-15,1028
8935,邦泰,40,0,40,合庫-彰化,2024-07-15,1028
1721,三晃,47,10,37,合庫-彰化,2024-07-15,1028
3060,銘異,67,30,37,合庫-彰化,2024-07-15,1028
0056,元大高股息,29,2,27,合庫-彰化,2024-07-15,1028
3712,永崴投控,26,0,26,合庫-彰化,2024-07-15,1028
1536,和大,43,17,26,合庫-彰化,2024-07-15,1028
00940,元大台灣價值高息,46,22,24,合庫-彰化,2024-07-15,1028
1313,聯成,23,0,23,合庫-彰化,2024-07-15,1028
1608,華榮,35,12,23,合庫-彰化,2024-07-15,1028
6770,力積電,23,0,23,合庫-彰化,2024-07-15,1028
00927,群益半導體收益,22,0,22,合庫-彰化,2024-07-15,1028
1103,嘉泥,22,0,22,合庫-彰化,2024-07-15,1028
2323,中環,22,0,22,合庫-彰化,2024-07-15,1028
00936,台新永續高息中小,21,0,21,合庫-彰化,2024-07-15,1028
2887,台新金,22,1,21,合庫-彰化,2024-07-15,1028
2610,華航,20,0,20,合庫-彰化,2024-07-15,1028
3494,誠研,20,0,20,合庫-彰化,2024-07-15,1028
6264,富裔,20,0,20,合庫-彰化,2024-07-15,1028
3673,TPK-KY,22,2,20,合庫-彰化,2024-07-15,1028
00934,中信成長高股息,46,27,19,合庫-彰化,2024-07-15,1028
6443,元晶,19,0,19,合庫-彰化,2024-07-15,1028
00673R,期元大S＆P原油反1,18,0,18,合庫-彰化,2024-07-15,1028
1316,上曜,51,33,18,合庫-彰化,2024-07-15,1028
4545,銘鈺,18,0,18,合庫-彰化,2024-07-15,1028
4906,正文,18,0,18,合庫-彰化,2024-07-15,1028
3535,晶彩科,19,2,17,合庫-彰化,2024-07-15,1028
00720B,元大投資級公司債,43,26,17,合庫-彰化,2024-07-15,1028
2305,全友,15,0,15,合庫-彰化,2024-07-15,1028
2356,英業達,39,24,15,合庫-彰化,2024-07-15,1028
6005,群益證,19,4,15,合庫-彰化,2024-07-15,1028
9105,泰金寶-DR,15,0,15,合庫-彰化,2024-07-15,1028
00941,中信上游半導體,50,36,14,合庫-彰化,2024-07-15,1028
00919,群益台灣精選高息,28,14,14,合庫-彰化,2024-07-15,1028
2313,華通,18,6,12,合庫-彰化,2024-07-15,1028
00878,國泰永續高股息,38,26,12,合庫-彰化,2024-07-15,1028
2392,正崴,11,0,11,合庫-彰化,2024-07-15,1028
2892,第一金,12,1,11,合庫-彰化,2024-07-15,1028
2913,農林,231,6,225,合庫-彰化,2024-07-16,1028
00937B,群益ESG投等債20,210,0,210,合庫-彰化,2024-07-16,1028
00680L,元大美債20正2,506,300,206,合庫-彰化,2024-07-16,1028
2312,金寶,235,86,149,合庫-彰化,2024-07-16,1028
4414,如興,110,2,108,合庫-彰化,2024-07-16,1028
00905,FT臺灣Smart,96,2,94,合庫-彰化,2024-07-16,1028
00919,群益台灣精選高息,98,12,86,合庫-彰化,2024-07-16,1028
00934,中信成長高股息,72,12,60,合庫-彰化,2024-07-16,1028
2317,鴻海,54,5,49,合庫-彰化,2024-07-16,1028
00650L,復華香港正2,46,0,46,合庫-彰化,2024-07-16,1028
00903,富邦元宇宙,45,0,45,合庫-彰化,2024-07-16,1028
00940,元大台灣價值高息,83,39,44,合庫-彰化,2024-07-16,1028
2542,興富發,56,16,40,合庫-彰化,2024-07-16,1028
6264,富裔,40,0,40,合庫-彰化,2024-07-16,1028
00927,群益半導體收益,38,0,38,合庫-彰化,2024-07-16,1028
00929,復華台灣科技優息,43,8,35,合庫-彰化,2024-07-16,1028
0056,元大高股息,33,0,33,合庫-彰化,2024-07-16,1028
00664R,國泰臺灣加權反1,30,0,30,合庫-彰化,2024-07-16,1028
00893,國泰智能電動車,27,0,27,合庫-彰化,2024-07-16,1028
3481,群創,28,1,27,合庫-彰化,2024-07-16,1028
00687B,國泰20年美債,36,11,25,合庫-彰化,2024-07-16,1028
2489,瑞軒,29,4,25,合庫-彰化,2024-07-16,1028
2618,長榮航,53,30,23,合庫-彰化,2024-07-16,1028
2838,聯邦銀,23,0,23,合庫-彰化,2024-07-16,1028
1540,喬福,38,16,22,合庫-彰化,2024-07-16,1028
1785,光洋科,24,3,21,合庫-彰化,2024-07-16,1028
00632R,元大台灣50反1,20,0,20,合庫-彰化,2024-07-16,1028
00671R,富邦NASDAQ反1,20,0,20,合庫-彰化,2024-07-16,1028
3060,銘異,20,0,20,合庫-彰化,2024-07-16,1028
4563,百德,20,0,20,合庫-彰化,2024-07-16,1028
8103,瀚荃,20,1,19,合庫-彰化,2024-07-16,1028
2371,大同,17,0,17,合庫-彰化,2024-07-16,1028
9105,泰金寶-DR,20,3,17,合庫-彰化,2024-07-16,1028
00936,台新永續高息中小,17,0,17,合庫-彰化,2024-07-16,1028
6806,森崴能源,47,30,17,合庫-彰化,2024-07-16,1028
2355,敬鵬,17,1,16,合庫-彰化,2024-07-16,1028
00720B,元大投資級公司債,15,0,15,合庫-彰化,2024-07-16,1028
1608,華榮,21,6,15,合庫-彰化,2024-07-16,1028
1718,中纖,15,0,15,合庫-彰化,2024-07-16,1028
6177,達麗,16,1,15,合庫-彰化,2024-07-16,1028
00891,中信關鍵半導體,15,1,14,合庫-彰化,2024-07-16,1028
1313,聯成,14,0,14,合庫-彰化,2024-07-16,1028
2610,華航,19,6,13,合庫-彰化,2024-07-16,1028
3652,精聯,13,0,13,合庫-彰化,2024-07-16,1028
1513,中興電,15,2,13,合庫-彰化,2024-07-16,1028
3034,聯詠,12,0,12,合庫-彰化,2024-07-16,1028
2208,台船,12,0,12,合庫-彰化,2024-07-16,1028
5876,上海商銀,12,0,12,合庫-彰化,2024-07-16,1028
6233,旺玖,12,0,12,合庫-彰化,2024-07-16,1028
00878,國泰永續高股息,12,1,11,合庫-彰化,2024-07-16,1028
00929,復華台灣科技優息,187,46,141,合庫-彰化,2024-07-17,1028
00679B,元大美債20年,118,5,113,合庫-彰化,2024-07-17,1028
1721,三晃,91,4,87,合庫-彰化,2024-07-17,1028
1440,南紡,82,0,82,合庫-彰化,2024-07-17,1028
2353,宏��,66,0,66,合庫-彰化,2024-07-17,1028
00893,國泰智能電動車,61,0,61,合庫-彰化,2024-07-17,1028
00937B,群益ESG投等債20,63,6,57,合庫-彰化,2024-07-17,1028
2610,華航,72,15,57,合庫-彰化,2024-07-17,1028
00939,統一台灣高息動能,101,50,51,合庫-彰化,2024-07-17,1028
0056,元大高股息,51,1,50,合庫-彰化,2024-07-17,1028
2603,長榮,47,0,47,合庫-彰化,2024-07-17,1028
4906,正文,46,1,45,合庫-彰化,2024-07-17,1028
2330,台積電,51,11,40,合庫-彰化,2024-07-17,1028
6120,達運,40,4,36,合庫-彰化,2024-07-17,1028
1609,大亞,60,25,35,合庫-彰化,2024-07-17,1028
00918,大華優利高填息30,32,0,32,合庫-彰化,2024-07-17,1028
00885,富邦越南,33,1,32,合庫-彰化,2024-07-17,1028
4113,聯上,32,0,32,合庫-彰化,2024-07-17,1028
00878,國泰永續高股息,31,3,28,合庫-彰化,2024-07-17,1028
00936,台新永續高息中小,27,0,27,合庫-彰化,2024-07-17,1028
2371,大同,55,28,27,合庫-彰化,2024-07-17,1028
6770,力積電,26,2,24,合庫-彰化,2024-07-17,1028
00933B,國泰10Y+金融債,36,12,24,合庫-彰化,2024-07-17,1028
2515,中工,41,18,23,合庫-彰化,2024-07-17,1028
6117,迎廣,29,6,23,合庫-彰化,2024-07-17,1028
00931B,統一美債20年,20,0,20,合庫-彰化,2024-07-17,1028
1313,聯成,20,0,20,合庫-彰化,2024-07-17,1028
2351,順德,20,0,20,合庫-彰化,2024-07-17,1028
2356,英業達,32,12,20,合庫-彰化,2024-07-17,1028
2596,綠意,20,0,20,合庫-彰化,2024-07-17,1028
00949,復華日本龍頭,19,0,19,合庫-彰化,2024-07-17,1028
2312,金寶,56,37,19,合庫-彰化,2024-07-17,1028
2442,新美齊,19,0,19,合庫-彰化,2024-07-17,1028
6156,松上,19,0,19,合庫-彰化,2024-07-17,1028
3673,TPK-KY,24,6,18,合庫-彰化,2024-07-17,1028
00927,群益半導體收益,18,0,18,合庫-彰化,2024-07-17,1028
2486,一詮,19,1,18,合庫-彰化,2024-07-17,1028
2889,國票金,17,0,17,合庫-彰化,2024-07-17,1028
5876,上海商銀,17,0,17,合庫-彰化,2024-07-17,1028
3231,緯創,28,12,16,合庫-彰化,2024-07-17,1028
2845,遠東銀,16,0,16,合庫-彰化,2024-07-17,1028
8096,擎亞,28,12,16,合庫-彰化,2024-07-17,1028
00664R,國泰臺灣加權反1,15,0,15,合庫-彰化,2024-07-17,1028
1528,恩德,15,0,15,合庫-彰化,2024-07-17,1028
4729,熒茂,15,0,15,合庫-彰化,2024-07-17,1028
8103,瀚荃,17,2,15,合庫-彰化,2024-07-17,1028
2324,仁寶,14,0,14,合庫-彰化,2024-07-17,1028
00757,統一FANG+,13,0,13,合庫-彰化,2024-07-17,1028
2534,宏盛,15,2,13,合庫-彰化,2024-07-17,1028
3312,弘憶股,19,6,13,合庫-彰化,2024-07-17,1028
1308,亞聚,241,36,205,合庫-彰化,2024-07-18,1028
3060,銘異,140,0,140,合庫-彰化,2024-07-18,1028
00929,復華台灣科技優息,160,31,129,合庫-彰化,2024-07-18,1028
2323,中環,104,4,100,合庫-彰化,2024-07-18,1028
00919,群益台灣精選高息,104,18,86,合庫-彰化,2024-07-18,1028
2883B,凱基金乙特,74,0,74,合庫-彰化,2024-07-18,1028
2317,鴻海,87,20,67,合庫-彰化,2024-07-18,1028
3715,定穎投控,97,32,65,合庫-彰化,2024-07-18,1028
4545,銘鈺,63,0,63,合庫-彰化,2024-07-18,1028
9955,佳龍,63,0,63,合庫-彰化,2024-07-18,1028
6957,裕慶-KY,60,0,60,合庫-彰化,2024-07-18,1028
2542,興富發,160,102,58,合庫-彰化,2024-07-18,1028
3231,緯創,50,1,49,合庫-彰化,2024-07-18,1028
8473,山林水,74,25,49,合庫-彰化,2024-07-18,1028
00946,群益科技高息成長,48,0,48,合庫-彰化,2024-07-18,1028
6264,富裔,63,19,44,合庫-彰化,2024-07-18,1028
00936,台新永續高息中小,42,0,42,合庫-彰化,2024-07-18,1028
2365,昆盈,89,51,38,合庫-彰化,2024-07-18,1028
00881,國泰台灣5G+,34,0,34,合庫-彰化,2024-07-18,1028
00927,群益半導體收益,45,12,33,合庫-彰化,2024-07-18,1028
00937B,群益ESG投等債20,96,64,32,合庫-彰化,2024-07-18,1028
00885,富邦越南,30,0,30,合庫-彰化,2024-07-18,1028
5310,天剛,30,0,30,合庫-彰化,2024-07-18,1028
00679B,元大美債20年,31,3,28,合庫-彰化,2024-07-18,1028
00934,中信成長高股息,28,0,28,合庫-彰化,2024-07-18,1028
1309,台達化,28,0,28,合庫-彰化,2024-07-18,1028
00918,大華優利高填息30,25,0,25,合庫-彰化,2024-07-18,1028
5512,力麒,25,1,24,合庫-彰化,2024-07-18,1028
3481,群創,46,23,23,合庫-彰化,2024-07-18,1028
00905,FT臺灣Smart,24,1,23,合庫-彰化,2024-07-18,1028
4916,事欣科,25,2,23,合庫-彰化,2024-07-18,1028
00878,國泰永續高股息,35,12,23,合庫-彰化,2024-07-18,1028
2501,國建,25,3,22,合庫-彰化,2024-07-18,1028
4402,郡都開發,22,0,22,合庫-彰化,2024-07-18,1028
3037,欣興,28,7,21,合庫-彰化,2024-07-18,1028
2330,台積電,42,21,21,合庫-彰化,2024-07-18,1028
2374,佳能,21,0,21,合庫-彰化,2024-07-18,1028
3294,英濟,32,11,21,合庫-彰化,2024-07-18,1028
00673R,期元大S＆P原油反1,20,0,20,合庫-彰化,2024-07-18,1028
00664R,國泰臺灣加權反1,20,0,20,合庫-彰化,2024-07-18,1028
1313,聯成,21,1,20,合庫-彰化,2024-07-18,1028
1540,喬福,46,26,20,合庫-彰化,2024-07-18,1028
2356,英業達,24,6,18,合庫-彰化,2024-07-18,1028
2025,千興,20,2,18,合庫-彰化,2024-07-18,1028
5392,能率,17,0,17,合庫-彰化,2024-07-18,1028
0056,元大高股息,18,2,16,合庫-彰化,2024-07-18,1028
1802,台玻,16,0,16,合庫-彰化,2024-07-18,1028
2351,順德,16,0,16,合庫-彰化,2024-07-18,1028
1568,倉佑,15,0,15,合庫-彰化,2024-07-18,1028
4906,正文,19,4,15,合庫-彰化,2024-07-18,1028
00929,復華台灣科技優息,284,71,213,合庫-彰化,2024-07-19,1028
2388,威盛,203,0,203,合庫-彰化,2024-07-19,1028
2610,華航,203,3,200,合庫-彰化,2024-07-19,1028
1440,南紡,138,2,136,合庫-彰化,2024-07-19,1028
2330,台積電,91,8,83,合庫-彰化,2024-07-19,1028
00665L,富邦�琤肭磪囓�2,75,0,75,合庫-彰化,2024-07-19,1028
00919,群益台灣精選高息,98,28,70,合庫-彰化,2024-07-19,1028
4545,銘鈺,69,2,67,合庫-彰化,2024-07-19,1028
00878,國泰永續高股息,54,12,42,合庫-彰化,2024-07-19,1028
2603,長榮,42,1,41,合庫-彰化,2024-07-19,1028
00918,大華優利高填息30,53,13,40,合庫-彰化,2024-07-19,1028
1605,華新,43,4,39,合庫-彰化,2024-07-19,1028
2883,凱基金,69,31,38,合庫-彰化,2024-07-19,1028
00650L,復華香港正2,36,0,36,合庫-彰化,2024-07-19,1028
6116,彩晶,36,2,34,合庫-彰化,2024-07-19,1028
00933B,國泰10Y+金融債,31,0,31,合庫-彰化,2024-07-19,1028
2801,彰銀,32,1,31,合庫-彰化,2024-07-19,1028
00946,群益科技高息成長,35,5,30,合庫-彰化,2024-07-19,1028
2356,英業達,33,3,30,合庫-彰化,2024-07-19,1028
00936,台新永續高息中小,29,0,29,合庫-彰化,2024-07-19,1028
00937B,群益ESG投等債20,41,12,29,合庫-彰化,2024-07-19,1028
00905,FT臺灣Smart,29,2,27,合庫-彰化,2024-07-19,1028
3481,群創,279,252,27,合庫-彰化,2024-07-19,1028
8105,凌巨,38,13,25,合庫-彰化,2024-07-19,1028
00712,復華富時不動產,104,80,24,合庫-彰化,2024-07-19,1028
3715,定穎投控,65,41,24,合庫-彰化,2024-07-19,1028
00940,元大台灣價值高息,113,90,23,合庫-彰化,2024-07-19,1028
2371,大同,26,3,23,合庫-彰化,2024-07-19,1028
00687B,國泰20年美債,22,0,22,合庫-彰化,2024-07-19,1028
6290,良維,21,0,21,合庫-彰化,2024-07-19,1028
6770,力積電,22,1,21,合庫-彰化,2024-07-19,1028
2637,慧洋-KY,20,0,20,合庫-彰化,2024-07-19,1028
1314,中石化,20,1,19,合庫-彰化,2024-07-19,1028
2313,華通,20,1,19,合庫-彰化,2024-07-19,1028
2618,長榮航,27,9,18,合庫-彰化,2024-07-19,1028
6156,松上,18,0,18,合庫-彰化,2024-07-19,1028
2365,昆盈,49,31,18,合庫-彰化,2024-07-19,1028
2867,三商壽,17,0,17,合庫-彰化,2024-07-19,1028
2324,仁寶,18,1,17,合庫-彰化,2024-07-19,1028
2881,富邦金,19,2,17,合庫-彰化,2024-07-19,1028
2023,燁輝,16,0,16,合庫-彰化,2024-07-19,1028
3060,銘異,16,0,16,合庫-彰化,2024-07-19,1028
3081,聯亞,16,0,16,合庫-彰化,2024-07-19,1028
00700,富邦�琤肭磪�,15,0,15,合庫-彰化,2024-07-19,1028
00927,群益半導體收益,15,0,15,合庫-彰化,2024-07-19,1028
2025,千興,15,0,15,合庫-彰化,2024-07-19,1028
2401,凌陽,16,1,15,合庫-彰化,2024-07-19,1028
2431,聯昌,15,0,15,合庫-彰化,2024-07-19,1028
2882,國泰金,19,5,14,合庫-彰化,2024-07-19,1028
00934,中信成長高股息,29,15,14,合庫-彰化,2024-07-19,1028
00929,復華台灣科技優息,329,24,305,合庫-彰化,2024-07-22,1028
00940,元大台灣價值高息,213,53,160,合庫-彰化,2024-07-22,1028
00919,群益台灣精選高息,139,16,123,合庫-彰化,2024-07-22,1028
00946,群益科技高息成長,159,50,109,合庫-彰化,2024-07-22,1028
3481,群創,139,31,108,合庫-彰化,2024-07-22,1028
2618,長榮航,113,12,101,合庫-彰化,2024-07-22,1028
1611,中電,78,4,74,合庫-彰化,2024-07-22,1028
2542,興富發,60,3,57,合庫-彰化,2024-07-22,1028
00878,國泰永續高股息,65,13,52,合庫-彰化,2024-07-22,1028
2338,光罩,43,0,43,合庫-彰化,2024-07-22,1028
1440,南紡,40,0,40,合庫-彰化,2024-07-22,1028
3715,定穎投控,40,0,40,合庫-彰化,2024-07-22,1028
2867,三商壽,68,31,37,合庫-彰化,2024-07-22,1028
3060,銘異,37,0,37,合庫-彰化,2024-07-22,1028
1609,大亞,47,13,34,合庫-彰化,2024-07-22,1028
00891,中信關鍵半導體,33,2,31,合庫-彰化,2024-07-22,1028
9105,泰金寶-DR,44,14,30,合庫-彰化,2024-07-22,1028
6901,鑽石投資,24,0,24,合庫-彰化,2024-07-22,1028
2881,富邦金,31,7,24,合庫-彰化,2024-07-22,1028
2303,聯電,31,8,23,合庫-彰化,2024-07-22,1028
2317,鴻海,46,23,23,合庫-彰化,2024-07-22,1028
2515,中工,23,1,22,合庫-彰化,2024-07-22,1028
00937B,群益ESG投等債20,44,23,21,合庫-彰化,2024-07-22,1028
00715L,期街口布蘭特正2,20,0,20,合庫-彰化,2024-07-22,1028
1312,國喬,20,0,20,合庫-彰化,2024-07-22,1028
3013,晟銘電,25,5,20,合庫-彰化,2024-07-22,1028
9905,大華,20,0,20,合庫-彰化,2024-07-22,1028
2330,台積電,27,8,19,合庫-彰化,2024-07-22,1028
2354,鴻準,23,5,18,合庫-彰化,2024-07-22,1028
3231,緯創,23,5,18,合庫-彰化,2024-07-22,1028
2352,佳世達,36,19,17,合庫-彰化,2024-07-22,1028
00909,國泰數位支付服務,17,0,17,合庫-彰化,2024-07-22,1028
5876,上海商銀,16,0,16,合庫-彰化,2024-07-22,1028
00700,富邦�琤肭磪�,15,0,15,合庫-彰化,2024-07-22,1028
4414,如興,15,1,14,合庫-彰化,2024-07-22,1028
4906,正文,14,0,14,合庫-彰化,2024-07-22,1028
6108,競國,14,0,14,合庫-彰化,2024-07-22,1028
00936,台新永續高息中小,16,3,13,合庫-彰化,2024-07-22,1028
3037,欣興,16,3,13,合庫-彰化,2024-07-22,1028
0056,元大高股息,33,21,12,合庫-彰化,2024-07-22,1028
2405,輔信,16,4,12,合庫-彰化,2024-07-22,1028
5905,南仁湖,12,0,12,合庫-彰化,2024-07-22,1028
8028,昇陽半導體,13,1,12,合庫-彰化,2024-07-22,1028
3673,TPK-KY,13,1,12,合庫-彰化,2024-07-22,1028
00921,兆豐龍頭等權重,11,0,11,合庫-彰化,2024-07-22,1028
3234,光環,11,0,11,合庫-彰化,2024-07-22,1028
00934,中信成長高股息,24,13,11,合庫-彰化,2024-07-22,1028
2201,裕隆,10,0,10,合庫-彰化,2024-07-22,1028
00927,群益半導體收益,10,0,10,合庫-彰化,2024-07-22,1028
00772B,中信高評級公司債,10,0,10,合庫-彰化,2024-07-22,1028
00948B,中信優息投資級債,317,0,317,合庫-彰化,2024-07-23,1028
2888,新光金,227,5,222,合庫-彰化,2024-07-23,1028
00929,復華台灣科技優息,214,32,182,合庫-彰化,2024-07-23,1028
00632R,元大台灣50反1,180,5,175,合庫-彰化,2024-07-23,1028
00857B,永豐20年美公債,156,0,156,合庫-彰化,2024-07-23,1028
3481,群創,113,0,113,合庫-彰化,2024-07-23,1028
00933B,國泰10Y+金融債,103,0,103,合庫-彰化,2024-07-23,1028
2362,藍天,70,0,70,合庫-彰化,2024-07-23,1028
00940,元大台灣價值高息,65,8,57,合庫-彰化,2024-07-23,1028
1611,中電,53,1,52,合庫-彰化,2024-07-23,1028
00688L,國泰20年美債正2,50,0,50,合庫-彰化,2024-07-23,1028
00937B,群益ESG投等債20,52,5,47,合庫-彰化,2024-07-23,1028
1618,合機,39,0,39,合庫-彰化,2024-07-23,1028
00946,群益科技高息成長,35,1,34,合庫-彰化,2024-07-23,1028
00934,中信成長高股息,32,3,29,合庫-彰化,2024-07-23,1028
2867,三商壽,29,2,27,合庫-彰化,2024-07-23,1028
1540,喬福,26,1,25,合庫-彰化,2024-07-23,1028
2409,友達,23,1,22,合庫-彰化,2024-07-23,1028
6235,華孚,22,0,22,合庫-彰化,2024-07-23,1028
00915,凱基優選高股息30,21,0,21,合庫-彰化,2024-07-23,1028
0056,元大高股息,21,1,20,合庫-彰化,2024-07-23,1028
2511,太子,20,2,18,合庫-彰化,2024-07-23,1028
1784,訊聯,18,1,17,合庫-彰化,2024-07-23,1028
2834,臺企銀,16,0,16,合庫-彰化,2024-07-23,1028
2812,台中銀,21,5,16,合庫-彰化,2024-07-23,1028
2486,一詮,35,19,16,合庫-彰化,2024-07-23,1028
2317,鴻海,33,18,15,合庫-彰化,2024-07-23,1028
00918,大華優利高填息30,18,3,15,合庫-彰化,2024-07-23,1028
5443,均豪,15,0,15,合庫-彰化,2024-07-23,1028
00733,富邦臺灣中小,13,0,13,合庫-彰化,2024-07-23,1028
00712,復華富時不動產,13,0,13,合庫-彰化,2024-07-23,1028
1708,東鹼,15,2,13,合庫-彰化,2024-07-23,1028
2537,聯上發,11,0,11,合庫-彰化,2024-07-23,1028
2891,中信金,12,1,11,合庫-彰化,2024-07-23,1028
1301,台塑,11,1,10,合庫-彰化,2024-07-23,1028
6957,裕慶-KY,10,0,10,合庫-彰化,2024-07-23,1028
00665L,富邦�琤肭磪囓�2,10,0,10,合庫-彰化,2024-07-23,1028
00700,富邦�琤肭磪�,10,0,10,合庫-彰化,2024-07-23,1028
00753L,中信中國50正2,10,0,10,合庫-彰化,2024-07-23,1028
1440,南紡,10,0,10,合庫-彰化,2024-07-23,1028
4526,東台,11,1,10,合庫-彰化,2024-07-23,1028
4967,十銓,10,0,10,合庫-彰化,2024-07-23,1028
5355,佳總,10,0,10,合庫-彰化,2024-07-23,1028
00762,元大全球AI,9,0,9,合庫-彰化,2024-07-23,1028
1718,中纖,9,0,9,合庫-彰化,2024-07-23,1028
3663,鑫科,15,6,9,合庫-彰化,2024-07-23,1028
6271,同欣電,10,1,9,合庫-彰化,2024-07-23,1028
2359,所羅門,20,11,9,合庫-彰化,2024-07-23,1028
2615,萬海,14,6,8,合庫-彰化,2024-07-23,1028
2313,華通,8,0,8,合庫-彰化,2024-07-23,1028
00715L,期街口布蘭特正2,300,0,300,合庫-彰化,2024-07-26,1028
00688L,國泰20年美債正2,255,0,255,合庫-彰化,2024-07-26,1028
00637L,元大滬深300正2,230,0,230,合庫-彰化,2024-07-26,1028
00664R,國泰臺灣加權反1,225,100,125,合庫-彰化,2024-07-26,1028
00919,群益台灣精選高息,131,16,115,合庫-彰化,2024-07-26,1028
00940,元大台灣價值高息,123,9,114,合庫-彰化,2024-07-26,1028
00929,復華台灣科技優息,162,51,111,合庫-彰化,2024-07-26,1028
00878,國泰永續高股息,76,2,74,合庫-彰化,2024-07-26,1028
00937B,群益ESG投等債20,60,0,60,合庫-彰化,2024-07-26,1028
00650L,復華香港正2,56,0,56,合庫-彰化,2024-07-26,1028
2467,志聖,50,0,50,合庫-彰化,2024-07-26,1028
2845,遠東銀,50,0,50,合庫-彰化,2024-07-26,1028
2330,台積電,47,2,45,合庫-彰化,2024-07-26,1028
2317,鴻海,51,6,45,合庫-彰化,2024-07-26,1028
00946,群益科技高息成長,46,2,44,合庫-彰化,2024-07-26,1028
00951,台新日本半導體,41,0,41,合庫-彰化,2024-07-26,1028
2349,錸德,48,9,39,合庫-彰化,2024-07-26,1028
2486,一詮,37,0,37,合庫-彰化,2024-07-26,1028
0056,元大高股息,35,0,35,合庫-彰化,2024-07-26,1028
2884,玉山金,43,10,33,合庫-彰化,2024-07-26,1028
00881,國泰台灣5G+,34,3,31,合庫-彰化,2024-07-26,1028
5310,天剛,30,0,30,合庫-彰化,2024-07-26,1028
8043,蜜望實,35,5,30,合庫-彰化,2024-07-26,1028
00905,FT臺灣Smart,26,0,26,合庫-彰化,2024-07-26,1028
1540,喬福,27,4,23,合庫-彰化,2024-07-26,1028
1312,國喬,21,0,21,合庫-彰化,2024-07-26,1028
2351,順德,21,0,21,合庫-彰化,2024-07-26,1028
00633L,富邦上証正2,20,0,20,合庫-彰化,2024-07-26,1028
00665L,富邦�琤肭磪囓�2,20,0,20,合庫-彰化,2024-07-26,1028
2834,臺企銀,20,0,20,合庫-彰化,2024-07-26,1028
2303,聯電,21,2,19,合庫-彰化,2024-07-26,1028
2382,廣達,20,2,18,合庫-彰化,2024-07-26,1028
00930,永豐ESG低碳高息,17,0,17,合庫-彰化,2024-07-26,1028
00936,台新永續高息中小,17,0,17,合庫-彰化,2024-07-26,1028
5876,上海商銀,17,0,17,合庫-彰化,2024-07-26,1028
2888,新光金,21,5,16,合庫-彰化,2024-07-26,1028
00891,中信關鍵半導體,31,15,16,合庫-彰化,2024-07-26,1028
00933B,國泰10Y+金融債,16,0,16,合庫-彰化,2024-07-26,1028
00713,元大台灣高息低波,17,1,16,合庫-彰化,2024-07-26,1028
2356,英業達,20,5,15,合庫-彰化,2024-07-26,1028
1101,台泥,19,5,14,合庫-彰化,2024-07-26,1028
00830,國泰費城半導體,12,0,12,合庫-彰化,2024-07-26,1028
2328,廣宇,12,0,12,合庫-彰化,2024-07-26,1028
1609,大亞,15,3,12,合庫-彰化,2024-07-26,1028
2353,宏��,13,2,11,合庫-彰化,2024-07-26,1028
6182,合晶,11,0,11,合庫-彰化,2024-07-26,1028
2002,中鋼,11,0,11,合庫-彰化,2024-07-26,1028
00923,群益台ESG低碳50,10,0,10,合庫-彰化,2024-07-26,1028
00680L,元大美債20正2,10,0,10,合庫-彰化,2024-07-26,1028
00687B,國泰20年美債,17,7,10,合庫-彰化,2024-07-26,1028
2883,凱基金,451,3,448,合庫-彰化,2024-07-29,1028
00680L,元大美債20正2,403,10,393,合庫-彰化,2024-07-29,1028
00929,復華台灣科技優息,378,30,348,合庫-彰化,2024-07-29,1028
00949,復華日本龍頭,200,0,200,合庫-彰化,2024-07-29,1028
3013,晟銘電,109,5,104,合庫-彰化,2024-07-29,1028
00940,元大台灣價值高息,78,0,78,合庫-彰化,2024-07-29,1028
1611,中電,56,1,55,合庫-彰化,2024-07-29,1028
00664R,國泰臺灣加權反1,55,0,55,合庫-彰化,2024-07-29,1028
00946,群益科技高息成長,45,0,45,合庫-彰化,2024-07-29,1028
2891,中信金,49,6,43,合庫-彰化,2024-07-29,1028
00878,國泰永續高股息,67,32,35,合庫-彰化,2024-07-29,1028
00948B,中信優息投資級債,30,0,30,合庫-彰化,2024-07-29,1028
3489,森寶,30,0,30,合庫-彰化,2024-07-29,1028
6156,松上,30,0,30,合庫-彰化,2024-07-29,1028
1449,佳和,52,22,30,合庫-彰化,2024-07-29,1028
0056,元大高股息,29,0,29,合庫-彰化,2024-07-29,1028
2351,順德,28,1,27,合庫-彰化,2024-07-29,1028
2409,友達,26,0,26,合庫-彰化,2024-07-29,1028
00919,群益台灣精選高息,27,1,26,合庫-彰化,2024-07-29,1028
3163,波若威,32,9,23,合庫-彰化,2024-07-29,1028
00857B,永豐20年美公債,21,0,21,合庫-彰化,2024-07-29,1028
2374,佳能,25,5,20,合庫-彰化,2024-07-29,1028
4503,金雨,20,0,20,合庫-彰化,2024-07-29,1028
912000,晨訊科-DR,20,0,20,合庫-彰化,2024-07-29,1028
2489,瑞軒,100,81,19,合庫-彰化,2024-07-29,1028
2867,三商壽,18,0,18,合庫-彰化,2024-07-29,1028
8033,雷虎,18,0,18,合庫-彰化,2024-07-29,1028
2303,聯電,21,4,17,合庫-彰化,2024-07-29,1028
00918,大華優利高填息30,17,0,17,合庫-彰化,2024-07-29,1028
2408,南亞科,16,0,16,合庫-彰化,2024-07-29,1028
3714,富采,16,0,16,合庫-彰化,2024-07-29,1028
2356,英業達,16,1,15,合庫-彰化,2024-07-29,1028
3518,柏騰,15,0,15,合庫-彰化,2024-07-29,1028
2542,興富發,19,4,15,合庫-彰化,2024-07-29,1028
3035,智原,14,0,14,合庫-彰化,2024-07-29,1028
00724B,群益投資級金融債,14,0,14,合庫-彰化,2024-07-29,1028
2331,精英,14,0,14,合庫-彰化,2024-07-29,1028
2353,宏��,15,2,13,合庫-彰化,2024-07-29,1028
3706,神達,13,0,13,合庫-彰化,2024-07-29,1028
9945,潤泰新,22,9,13,合庫-彰化,2024-07-29,1028
2812,台中銀,12,0,12,合庫-彰化,2024-07-29,1028
00927,群益半導體收益,15,3,12,合庫-彰化,2024-07-29,1028
3338,泰碩,12,0,12,合庫-彰化,2024-07-29,1028
6806,森崴能源,16,4,12,合庫-彰化,2024-07-29,1028
00772B,中信高評級公司債,11,0,11,合庫-彰化,2024-07-29,1028
5465,富驊,11,0,11,合庫-彰化,2024-07-29,1028
3231,緯創,15,5,10,合庫-彰化,2024-07-29,1028
8299,群聯,10,0,10,合庫-彰化,2024-07-29,1028
1540,喬福,11,1,10,合庫-彰化,2024-07-29,1028
1712,興農,10,0,10,合庫-彰化,2024-07-29,1028
00940,元大台灣價值高息,247,17,230,合庫-彰化,2024-07-30,1028
00715L,期街口布蘭特正2,170,0,170,合庫-彰化,2024-07-30,1028
2891,中信金,115,3,112,合庫-彰化,2024-07-30,1028
2886,兆豐金,100,2,98,合庫-彰化,2024-07-30,1028
2883,凱基金,84,3,81,合庫-彰化,2024-07-30,1028
8935,邦泰,80,0,80,合庫-彰化,2024-07-30,1028
00679B,元大美債20年,65,6,59,合庫-彰化,2024-07-30,1028
00946,群益科技高息成長,58,1,57,合庫-彰化,2024-07-30,1028
2892,第一金,100,50,50,合庫-彰化,2024-07-30,1028
00878,國泰永續高股息,58,11,47,合庫-彰化,2024-07-30,1028
0056,元大高股息,34,2,32,合庫-彰化,2024-07-30,1028
2409,友達,34,3,31,合庫-彰化,2024-07-30,1028
2605,新興,28,0,28,合庫-彰化,2024-07-30,1028
00929,復華台灣科技優息,144,117,27,合庫-彰化,2024-07-30,1028
4564,元翎,26,0,26,合庫-彰化,2024-07-30,1028
4128,中天,27,2,25,合庫-彰化,2024-07-30,1028
00919,群益台灣精選高息,35,11,24,合庫-彰化,2024-07-30,1028
6116,彩晶,21,0,21,合庫-彰化,2024-07-30,1028
00665L,富邦�琤肭磪囓�2,20,0,20,合庫-彰化,2024-07-30,1028
00664R,國泰臺灣加權反1,20,0,20,合庫-彰化,2024-07-30,1028
2332,友訊,20,0,20,合庫-彰化,2024-07-30,1028
1584,精剛,20,0,20,合庫-彰化,2024-07-30,1028
00948B,中信優息投資級債,18,0,18,合庫-彰化,2024-07-30,1028
2884,玉山金,28,13,15,合庫-彰化,2024-07-30,1028
00939,統一台灣高息動能,17,2,15,合庫-彰化,2024-07-30,1028
00857B,永豐20年美公債,14,0,14,合庫-彰化,2024-07-30,1028
2812,台中銀,13,0,13,合庫-彰化,2024-07-30,1028
2344,華邦電,13,0,13,合庫-彰化,2024-07-30,1028
3188,鑫龍騰,15,2,13,合庫-彰化,2024-07-30,1028
6218,豪勉,14,1,13,合庫-彰化,2024-07-30,1028
00934,中信成長高股息,12,0,12,合庫-彰化,2024-07-30,1028
2374,佳能,18,6,12,合庫-彰化,2024-07-30,1028
5880,合庫金,20,8,12,合庫-彰化,2024-07-30,1028
00936,台新永續高息中小,11,0,11,合庫-彰化,2024-07-30,1028
2369,菱生,11,1,10,合庫-彰化,2024-07-30,1028
2405,輔信,10,0,10,合庫-彰化,2024-07-30,1028
3006,晶豪科,20,10,10,合庫-彰化,2024-07-30,1028
6419,京晨科,10,0,10,合庫-彰化,2024-07-30,1028
9945,潤泰新,12,2,10,合庫-彰化,2024-07-30,1028
00937B,群益ESG投等債20,18,9,9,合庫-彰化,2024-07-30,1028
00918,大華優利高填息30,12,4,8,合庫-彰化,2024-07-30,1028
00700,富邦�琤肭磪�,8,0,8,合庫-彰化,2024-07-30,1028
2356,英業達,9,1,8,合庫-彰化,2024-07-30,1028
2834,臺企銀,7,0,7,合庫-彰化,2024-07-30,1028
2890,永豐金,7,0,7,合庫-彰化,2024-07-30,1028
6005,群益證,7,0,7,合庫-彰化,2024-07-30,1028
6126,信音,9,2,7,合庫-彰化,2024-07-30,1028
6770,力積電,7,0,7,合庫-彰化,2024-07-30,1028
6806,森崴能源,9,2,7,合庫-彰化,2024-07-30,1028
00942B,台新美A公司債20+,6,0,6,合庫-彰化,2024-07-30,1028
00680L,元大美債20正2,308,10,298,合庫-彰化,2024-07-31,1028
2867,三商壽,219,0,219,合庫-彰化,2024-07-31,1028
00715L,期街口布蘭特正2,200,0,200,合庫-彰化,2024-07-31,1028
00929,復華台灣科技優息,181,53,128,合庫-彰化,2024-07-31,1028
00637L,元大滬深300正2,101,0,101,合庫-彰化,2024-07-31,1028
2610,華航,108,15,93,合庫-彰化,2024-07-31,1028
2349,錸德,121,35,86,合庫-彰化,2024-07-31,1028
4564,元翎,77,10,67,合庫-彰化,2024-07-31,1028
00934,中信成長高股息,62,0,62,合庫-彰化,2024-07-31,1028
1301,台塑,55,2,53,合庫-彰化,2024-07-31,1028
3211,順達,57,5,52,合庫-彰化,2024-07-31,1028
2002,中鋼,43,1,42,合庫-彰化,2024-07-31,1028
2537,聯上發,43,2,41,合庫-彰化,2024-07-31,1028
2324,仁寶,40,0,40,合庫-彰化,2024-07-31,1028
00946,群益科技高息成長,35,2,33,合庫-彰化,2024-07-31,1028
2352,佳世達,30,0,30,合庫-彰化,2024-07-31,1028
2409,友達,26,0,26,合庫-彰化,2024-07-31,1028
00937B,群益ESG投等債20,25,1,24,合庫-彰化,2024-07-31,1028
00940,元大台灣價值高息,24,0,24,合庫-彰化,2024-07-31,1028
00687B,國泰20年美債,25,4,21,合庫-彰化,2024-07-31,1028
2883,凱基金,22,2,20,合庫-彰化,2024-07-31,1028
8046,南電,21,2,19,合庫-彰化,2024-07-31,1028
2486,一詮,22,3,19,合庫-彰化,2024-07-31,1028
00933B,國泰10Y+金融債,19,0,19,合庫-彰化,2024-07-31,1028
00648R,元大S＆P500反1,20,2,18,合庫-彰化,2024-07-31,1028
3105,穩懋,19,1,18,合庫-彰化,2024-07-31,1028
0056,元大高股息,19,3,16,合庫-彰化,2024-07-31,1028
2515,中工,16,0,16,合庫-彰化,2024-07-31,1028
3481,群創,593,577,16,合庫-彰化,2024-07-31,1028
2204,中華,19,4,15,合庫-彰化,2024-07-31,1028
3653,健策,16,1,15,合庫-彰化,2024-07-31,1028
00857B,永豐20年美公債,14,0,14,合庫-彰化,2024-07-31,1028
00679B,元大美債20年,25,11,14,合庫-彰化,2024-07-31,1028
2489,瑞軒,14,1,13,合庫-彰化,2024-07-31,1028
3163,波若威,13,0,13,合庫-彰化,2024-07-31,1028
2331,精英,11,0,11,合庫-彰化,2024-07-31,1028
3052,夆典,11,0,11,合庫-彰化,2024-07-31,1028
3522,御嵿,13,3,10,合庫-彰化,2024-07-31,1028
00632R,元大台灣50反1,10,0,10,合庫-彰化,2024-07-31,1028
1540,喬福,12,2,10,合庫-彰化,2024-07-31,1028
2009,第一銅,10,0,10,合庫-彰化,2024-07-31,1028
2316,楠梓電,10,0,10,合庫-彰化,2024-07-31,1028
3006,晶豪科,10,0,10,合庫-彰化,2024-07-31,1028
4938,和碩,10,0,10,合庫-彰化,2024-07-31,1028
8070,長華*,10,0,10,合庫-彰化,2024-07-31,1028
8935,邦泰,10,0,10,合庫-彰化,2024-07-31,1028
9105,泰金寶-DR,20,10,10,合庫-彰化,2024-07-31,1028
2408,南亞科,9,0,9,合庫-彰化,2024-07-31,1028
1519,華城,12,4,8,合庫-彰化,2024-07-31,1028
00696B,富邦美債20年,8,0,8,合庫-彰化,2024-07-31,1028
00715L,期街口布蘭特正2,450,168,282,合庫-彰化,2024-08-01,1028
00923,群益台ESG低碳50,228,7,221,合庫-彰化,2024-08-01,1028
00929,復華台灣科技優息,102,29,73,合庫-彰化,2024-08-01,1028
00878,國泰永續高股息,59,3,56,合庫-彰化,2024-08-01,1028
2412,中華電,55,0,55,合庫-彰化,2024-08-01,1028
2610,華航,51,0,51,合庫-彰化,2024-08-01,1028
2801,彰銀,50,0,50,合庫-彰化,2024-08-01,1028
2834,臺企銀,55,10,45,合庫-彰化,2024-08-01,1028
6957,裕慶-KY,44,0,44,合庫-彰化,2024-08-01,1028
2603,長榮,50,11,39,合庫-彰化,2024-08-01,1028
2312,金寶,38,6,32,合庫-彰化,2024-08-01,1028
2887,台新金,29,1,28,合庫-彰化,2024-08-01,1028
00706L,期元大S＆P日圓正2,25,0,25,合庫-彰化,2024-08-01,1028
00937B,群益ESG投等債20,24,1,23,合庫-彰化,2024-08-01,1028
00762,元大全球AI,20,0,20,合庫-彰化,2024-08-01,1028
00713,元大台灣高息低波,20,0,20,合庫-彰化,2024-08-01,1028
3163,波若威,26,8,18,合庫-彰化,2024-08-01,1028
00712,復華富時不動產,16,0,16,合庫-彰化,2024-08-01,1028
3297,杭特,16,0,16,合庫-彰化,2024-08-01,1028
2409,友達,33,18,15,合庫-彰化,2024-08-01,1028
2405,輔信,21,7,14,合庫-彰化,2024-08-01,1028
8935,邦泰,13,0,13,合庫-彰化,2024-08-01,1028
9955,佳龍,15,3,12,合庫-彰化,2024-08-01,1028
00679B,元大美債20年,16,5,11,合庫-彰化,2024-08-01,1028
6218,豪勉,11,0,11,合庫-彰化,2024-08-01,1028
00919,群益台灣精選高息,14,4,10,合庫-彰化,2024-08-01,1028
00687B,國泰20年美債,22,12,10,合庫-彰化,2024-08-01,1028
00936,台新永續高息中小,16,6,10,合庫-彰化,2024-08-01,1028
020039,元大加權N,10,0,10,合庫-彰化,2024-08-01,1028
1503,士電,10,0,10,合庫-彰化,2024-08-01,1028
5905,南仁湖,10,0,10,合庫-彰化,2024-08-01,1028
2501,國建,12,2,10,合庫-彰化,2024-08-01,1028
2002,中鋼,26,16,10,合庫-彰化,2024-08-01,1028
5880,合庫金,20,10,10,合庫-彰化,2024-08-01,1028
8028,昇陽半導體,10,1,9,合庫-彰化,2024-08-01,1028
2884,玉山金,14,5,9,合庫-彰化,2024-08-01,1028
00700,富邦�琤肭磪�,8,0,8,合庫-彰化,2024-08-01,1028
2363,矽統,36,28,8,合庫-彰化,2024-08-01,1028
6182,合晶,8,0,8,合庫-彰化,2024-08-01,1028
2204,中華,18,11,7,合庫-彰化,2024-08-01,1028
2313,華通,9,2,7,合庫-彰化,2024-08-01,1028
2402,毅嘉,7,0,7,合庫-彰化,2024-08-01,1028
2543,皇昌,9,2,7,合庫-彰化,2024-08-01,1028
3058,立德,7,0,7,合庫-彰化,2024-08-01,1028
3312,弘憶股,9,2,7,合庫-彰化,2024-08-01,1028
6215,和椿,7,1,6,合庫-彰化,2024-08-01,1028
8467,波力-KY,7,1,6,合庫-彰化,2024-08-01,1028
00882,中信中國高股息,5,0,5,合庫-彰化,2024-08-01,1028
00939,統一台灣高息動能,5,0,5,合庫-彰化,2024-08-01,1028
1303,南亞,5,0,5,合庫-彰化,2024-08-01,1028
00929,復華台灣科技優息,344,12,332,合庫-彰化,2024-08-02,1028
00923,群益台ESG低碳50,232,1,231,合庫-彰化,2024-08-02,1028
2834,臺企銀,187,0,187,合庫-彰化,2024-08-02,1028
00878,國泰永續高股息,195,23,172,合庫-彰化,2024-08-02,1028
00946,群益科技高息成長,158,0,158,合庫-彰化,2024-08-02,1028
2887,台新金,118,0,118,合庫-彰化,2024-08-02,1028
00940,元大台灣價值高息,148,58,90,合庫-彰化,2024-08-02,1028
2520,冠德,108,22,86,合庫-彰化,2024-08-02,1028
00680L,元大美債20正2,81,5,76,合庫-彰化,2024-08-02,1028
2317,鴻海,90,15,75,合庫-彰化,2024-08-02,1028
00679B,元大美債20年,77,6,71,合庫-彰化,2024-08-02,1028
2883,凱基金,92,21,71,合庫-彰化,2024-08-02,1028
00885,富邦越南,69,0,69,合庫-彰化,2024-08-02,1028
2610,華航,66,5,61,合庫-彰化,2024-08-02,1028
6957,裕慶-KY,58,0,58,合庫-彰化,2024-08-02,1028
00936,台新永續高息中小,57,0,57,合庫-彰化,2024-08-02,1028
00951,台新日本半導體,51,0,51,合庫-彰化,2024-08-02,1028
00881,國泰台灣5G+,47,0,47,合庫-彰化,2024-08-02,1028
2337,旺宏,48,1,47,合庫-彰化,2024-08-02,1028
00919,群益台灣精選高息,93,47,46,合庫-彰化,2024-08-02,1028
2542,興富發,55,10,45,合庫-彰化,2024-08-02,1028
0056,元大高股息,45,0,45,合庫-彰化,2024-08-02,1028
2330,台積電,39,2,37,合庫-彰化,2024-08-02,1028
00900,富邦特選高股息30,36,0,36,合庫-彰化,2024-08-02,1028
4564,元翎,37,3,34,合庫-彰化,2024-08-02,1028
9902,台火,35,1,34,合庫-彰化,2024-08-02,1028
4545,銘鈺,32,0,32,合庫-彰化,2024-08-02,1028
8103,瀚荃,31,0,31,合庫-彰化,2024-08-02,1028
2515,中工,38,8,30,合庫-彰化,2024-08-02,1028
6770,力積電,30,1,29,合庫-彰化,2024-08-02,1028
2891,中信金,26,0,26,合庫-彰化,2024-08-02,1028
00891,中信關鍵半導體,26,0,26,合庫-彰化,2024-08-02,1028
2609,陽明,41,16,25,合庫-彰化,2024-08-02,1028
00934,中信成長高股息,25,0,25,合庫-彰化,2024-08-02,1028
2351,順德,24,0,24,合庫-彰化,2024-08-02,1028
6005,群益證,23,0,23,合庫-彰化,2024-08-02,1028
5469,瀚宇博,22,0,22,合庫-彰化,2024-08-02,1028
2409,友達,50,29,21,合庫-彰化,2024-08-02,1028
00935,野村臺灣新科技50,20,0,20,合庫-彰化,2024-08-02,1028
5876,上海商銀,20,0,20,合庫-彰化,2024-08-02,1028
6789,采鈺,20,0,20,合庫-彰化,2024-08-02,1028
2603,長榮,26,6,20,合庫-彰化,2024-08-02,1028
00918,大華優利高填息30,19,0,19,合庫-彰化,2024-08-02,1028
2371,大同,19,0,19,合庫-彰化,2024-08-02,1028
2867,三商壽,23,4,19,合庫-彰化,2024-08-02,1028
00933B,國泰10Y+金融債,28,10,18,合庫-彰化,2024-08-02,1028
00941,中信上游半導體,18,0,18,合庫-彰化,2024-08-02,1028
3037,欣興,18,1,17,合庫-彰化,2024-08-02,1028
00949,復華日本龍頭,16,0,16,合庫-彰化,2024-08-02,1028
2344,華邦電,17,1,16,合庫-彰化,2024-08-02,1028
1312,國喬,450,0,450,合庫-彰化,2024-08-05,1028
00929,復華台灣科技優息,453,18,435,合庫-彰化,2024-08-05,1028
00940,元大台灣價值高息,462,102,360,合庫-彰化,2024-08-05,1028
00632R,元大台灣50反1,544,261,283,合庫-彰化,2024-08-05,1028
00878,國泰永續高股息,308,45,263,合庫-彰化,2024-08-05,1028
00715L,期街口布蘭特正2,396,150,246,合庫-彰化,2024-08-05,1028
00919,群益台灣精選高息,203,45,158,合庫-彰化,2024-08-05,1028
2409,友達,141,8,133,合庫-彰化,2024-08-05,1028
3481,群創,117,8,109,合庫-彰化,2024-08-05,1028
00946,群益科技高息成長,140,50,90,合庫-彰化,2024-08-05,1028
2834,臺企銀,106,23,83,合庫-彰化,2024-08-05,1028
0056,元大高股息,100,18,82,合庫-彰化,2024-08-05,1028
2029,盛餘,83,4,79,合庫-彰化,2024-08-05,1028
3013,晟銘電,108,32,76,合庫-彰化,2024-08-05,1028
00679B,元大美債20年,107,32,75,合庫-彰化,2024-08-05,1028
2331,精英,65,0,65,合庫-彰化,2024-08-05,1028
2317,鴻海,80,17,63,合庫-彰化,2024-08-05,1028
4564,元翎,61,2,59,合庫-彰化,2024-08-05,1028
1314,中石化,53,0,53,合庫-彰化,2024-08-05,1028
2332,友訊,51,1,50,合庫-彰化,2024-08-05,1028
2412,中華電,50,0,50,合庫-彰化,2024-08-05,1028
9955,佳龍,71,23,48,合庫-彰化,2024-08-05,1028
2542,興富發,234,190,44,合庫-彰化,2024-08-05,1028
2603,長榮,42,0,42,合庫-彰化,2024-08-05,1028
2408,南亞科,40,2,38,合庫-彰化,2024-08-05,1028
2002,中鋼,39,4,35,合庫-彰化,2024-08-05,1028
2884,玉山金,44,9,35,合庫-彰化,2024-08-05,1028
3715,定穎投控,34,0,34,合庫-彰化,2024-08-05,1028
6957,裕慶-KY,34,0,34,合庫-彰化,2024-08-05,1028
5880,合庫金,62,29,33,合庫-彰化,2024-08-05,1028
4174,浩鼎,43,10,33,合庫-彰化,2024-08-05,1028
2330,台積電,50,18,32,合庫-彰化,2024-08-05,1028
6116,彩晶,31,0,31,合庫-彰化,2024-08-05,1028
2349,錸德,31,0,31,合庫-彰化,2024-08-05,1028
2891,中信金,32,2,30,合庫-彰化,2024-08-05,1028
1217,愛之味,30,0,30,合庫-彰化,2024-08-05,1028
6120,達運,29,0,29,合庫-彰化,2024-08-05,1028
6770,力積電,31,2,29,合庫-彰化,2024-08-05,1028
5608,四維航,33,5,28,合庫-彰化,2024-08-05,1028
00921,兆豐龍頭等權重,26,0,26,合庫-彰化,2024-08-05,1028
00881,國泰台灣5G+,25,1,24,合庫-彰化,2024-08-05,1028
00936,台新永續高息中小,33,10,23,合庫-彰化,2024-08-05,1028
00905,FT臺灣Smart,23,1,22,合庫-彰化,2024-08-05,1028
1326,台化,22,0,22,合庫-彰化,2024-08-05,1028
2371,大同,22,0,22,合庫-彰化,2024-08-05,1028
2610,華航,23,1,22,合庫-彰化,2024-08-05,1028
4503,金雨,22,0,22,合庫-彰化,2024-08-05,1028
4510,高鋒,26,4,22,合庫-彰化,2024-08-05,1028
006208,富邦台50,44,23,21,合庫-彰化,2024-08-05,1028
2882,國泰金,27,6,21,合庫-彰化,2024-08-05,1028
00715L,期街口布蘭特正2,400,0,400,合庫-彰化,2024-08-06,1028
00940,元大台灣價值高息,425,121,304,合庫-彰化,2024-08-06,1028
1312,國喬,302,1,301,合庫-彰化,2024-08-06,1028
3013,晟銘電,248,86,162,合庫-彰化,2024-08-06,1028
2409,友達,308,200,108,合庫-彰化,2024-08-06,1028
00637L,元大滬深300正2,103,0,103,合庫-彰化,2024-08-06,1028
00893,國泰智能電動車,101,0,101,合庫-彰化,2024-08-06,1028
00903,富邦元宇宙,100,0,100,合庫-彰化,2024-08-06,1028
6451,訊芯-KY,143,52,91,合庫-彰化,2024-08-06,1028
3481,群創,104,16,88,合庫-彰化,2024-08-06,1028
00929,復華台灣科技優息,136,51,85,合庫-彰化,2024-08-06,1028
4128,中天,78,0,78,合庫-彰化,2024-08-06,1028
2834,臺企銀,58,1,57,合庫-彰化,2024-08-06,1028
00878,國泰永續高股息,110,57,53,合庫-彰化,2024-08-06,1028
1584,精剛,50,0,50,合庫-彰化,2024-08-06,1028
3057,喬鼎,50,0,50,合庫-彰化,2024-08-06,1028
2351,順德,51,7,44,合庫-彰化,2024-08-06,1028
2542,興富發,80,41,39,合庫-彰化,2024-08-06,1028
2887,台新金,38,0,38,合庫-彰化,2024-08-06,1028
6155,鈞寶,30,0,30,合庫-彰化,2024-08-06,1028
2888,新光金,164,135,29,合庫-彰化,2024-08-06,1028
3362,先進光,30,1,29,合庫-彰化,2024-08-06,1028
9902,台火,28,0,28,合庫-彰化,2024-08-06,1028
3714,富采,25,0,25,合庫-彰化,2024-08-06,1028
2883,凱基金,27,3,24,合庫-彰化,2024-08-06,1028
00919,群益台灣精選高息,120,98,22,合庫-彰化,2024-08-06,1028
00891,中信關鍵半導體,20,0,20,合庫-彰化,2024-08-06,1028
2511,太子,20,0,20,合庫-彰化,2024-08-06,1028
0056,元大高股息,32,12,20,合庫-彰化,2024-08-06,1028
00675L,富邦臺灣加權正2,19,0,19,合庫-彰化,2024-08-06,1028
6770,力積電,30,11,19,合庫-彰化,2024-08-06,1028
2392,正崴,18,0,18,合庫-彰化,2024-08-06,1028
2886,兆豐金,21,5,16,合庫-彰化,2024-08-06,1028
00712,復華富時不動產,23,7,16,合庫-彰化,2024-08-06,1028
00934,中信成長高股息,14,0,14,合庫-彰化,2024-08-06,1028
0050,元大台灣50,17,3,14,合庫-彰化,2024-08-06,1028
4503,金雨,18,4,14,合庫-彰化,2024-08-06,1028
00830,國泰費城半導體,15,1,14,合庫-彰化,2024-08-06,1028
00882,中信中國高股息,13,0,13,合庫-彰化,2024-08-06,1028
2337,旺宏,24,11,13,合庫-彰化,2024-08-06,1028
3047,訊舟,16,3,13,合庫-彰化,2024-08-06,1028
3715,定穎投控,63,50,13,合庫-彰化,2024-08-06,1028
4510,高鋒,15,2,13,合庫-彰化,2024-08-06,1028
9105,泰金寶-DR,14,1,13,合庫-彰化,2024-08-06,1028
3576,聯合再生,12,0,12,合庫-彰化,2024-08-06,1028
1316,上曜,17,6,11,合庫-彰化,2024-08-06,1028
4908,前鼎,16,5,11,合庫-彰化,2024-08-06,1028
4513,福裕,11,1,10,合庫-彰化,2024-08-06,1028
00881,國泰台灣5G+,13,3,10,合庫-彰化,2024-08-06,1028
00915,凱基優選高股息30,10,0,10,合庫-彰化,2024-08-06,1028
2867,三商壽,309,0,309,合庫-彰化,2024-08-07,1028
2618,長榮航,165,13,152,合庫-彰化,2024-08-07,1028
00857B,永豐20年美公債,135,0,135,合庫-彰化,2024-08-07,1028
00715L,期街口布蘭特正2,110,0,110,合庫-彰化,2024-08-07,1028
2425,承啟,81,0,81,合庫-彰化,2024-08-07,1028
00680L,元大美債20正2,76,0,76,合庫-彰化,2024-08-07,1028
2609,陽明,89,17,72,合庫-彰化,2024-08-07,1028
00937B,群益ESG投等債20,76,8,68,合庫-彰化,2024-08-07,1028
00632R,元大台灣50反1,160,100,60,合庫-彰化,2024-08-07,1028
1314,中石化,50,0,50,合庫-彰化,2024-08-07,1028
00878,國泰永續高股息,75,25,50,合庫-彰化,2024-08-07,1028
2890,永豐金,49,0,49,合庫-彰化,2024-08-07,1028
2834,臺企銀,48,2,46,合庫-彰化,2024-08-07,1028
2887,台新金,51,6,45,合庫-彰化,2024-08-07,1028
2412,中華電,101,56,45,合庫-彰化,2024-08-07,1028
00919,群益台灣精選高息,87,45,42,合庫-彰化,2024-08-07,1028
00679B,元大美債20年,59,17,42,合庫-彰化,2024-08-07,1028
1587,吉茂,40,0,40,合庫-彰化,2024-08-07,1028
2542,興富發,49,12,37,合庫-彰化,2024-08-07,1028
1584,精剛,32,0,32,合庫-彰化,2024-08-07,1028
0056,元大高股息,26,4,22,合庫-彰化,2024-08-07,1028
1785,光洋科,28,9,19,合庫-彰化,2024-08-07,1028
2356,英業達,21,2,19,合庫-彰化,2024-08-07,1028
2886,兆豐金,19,1,18,合庫-彰化,2024-08-07,1028
2408,南亞科,36,20,16,合庫-彰化,2024-08-07,1028
1457,宜進,15,0,15,合庫-彰化,2024-08-07,1028
5880,合庫金,14,0,14,合庫-彰化,2024-08-07,1028
8936,國統,14,0,14,合庫-彰化,2024-08-07,1028
00664R,國泰臺灣加權反1,213,200,13,合庫-彰化,2024-08-07,1028
2317,鴻海,34,22,12,合庫-彰化,2024-08-07,1028
2405,輔信,12,0,12,合庫-彰化,2024-08-07,1028
00893,國泰智能電動車,11,0,11,合庫-彰化,2024-08-07,1028
00936,台新永續高息中小,12,1,11,合庫-彰化,2024-08-07,1028
5871,中租-KY,10,0,10,合庫-彰化,2024-08-07,1028
3702,大聯大,10,0,10,合庫-彰化,2024-08-07,1028
3705,永信,10,0,10,合庫-彰化,2024-08-07,1028
5443,均豪,12,2,10,合庫-彰化,2024-08-07,1028
5701,劍湖山,10,0,10,合庫-彰化,2024-08-07,1028
6603,富強鑫,12,2,10,合庫-彰化,2024-08-07,1028
3037,欣興,16,7,9,合庫-彰化,2024-08-07,1028
2115,六暉-KY,13,4,9,合庫-彰化,2024-08-07,1028
006208,富邦台50,11,3,8,合庫-彰化,2024-08-07,1028
8096,擎亞,13,5,8,合庫-彰化,2024-08-07,1028
6213,聯茂,10,3,7,合庫-彰化,2024-08-07,1028
1301,台塑,10,3,7,合庫-彰化,2024-08-07,1028
00795B,中信美國公債20年,19,12,7,合庫-彰化,2024-08-07,1028
2002,中鋼,8,1,7,合庫-彰化,2024-08-07,1028
6412,群電,7,0,7,合庫-彰化,2024-08-07,1028
00772B,中信高評級公司債,6,0,6,合庫-彰化,2024-08-07,1028
1447,力鵬,6,0,6,合庫-彰化,2024-08-07,1028
00680L,元大美債20正2,403,0,403,合庫-彰化,2024-08-08,1028
00679B,元大美債20年,357,21,336,合庫-彰化,2024-08-08,1028
00929,復華台灣科技優息,263,18,245,合庫-彰化,2024-08-08,1028
00664R,國泰臺灣加權反1,216,0,216,合庫-彰化,2024-08-08,1028
3481,群創,114,5,109,合庫-彰化,2024-08-08,1028
00948B,中信優息投資級債,103,0,103,合庫-彰化,2024-08-08,1028
2888,新光金,102,11,91,合庫-彰化,2024-08-08,1028
00878,國泰永續高股息,83,3,80,合庫-彰化,2024-08-08,1028
2834,臺企銀,69,0,69,合庫-彰化,2024-08-08,1028
00632R,元大台灣50反1,107,40,67,合庫-彰化,2024-08-08,1028
00857B,永豐20年美公債,63,0,63,合庫-彰化,2024-08-08,1028
00937B,群益ESG投等債20,66,7,59,合庫-彰化,2024-08-08,1028
2317,鴻海,63,10,53,合庫-彰化,2024-08-08,1028
2515,中工,50,0,50,合庫-彰化,2024-08-08,1028
2889,國票金,51,3,48,合庫-彰化,2024-08-08,1028
1455,集盛,45,0,45,合庫-彰化,2024-08-08,1028
2886,兆豐金,44,0,44,合庫-彰化,2024-08-08,1028
2892,第一金,37,1,36,合庫-彰化,2024-08-08,1028
00940,元大台灣價值高息,50,16,34,合庫-彰化,2024-08-08,1028
00915,凱基優選高股息30,30,0,30,合庫-彰化,2024-08-08,1028
00919,群益台灣精選高息,36,7,29,合庫-彰化,2024-08-08,1028
00918,大華優利高填息30,20,0,20,合庫-彰化,2024-08-08,1028
00921,兆豐龍頭等權重,20,0,20,合庫-彰化,2024-08-08,1028
1457,宜進,20,0,20,合庫-彰化,2024-08-08,1028
2486,一詮,44,24,20,合庫-彰化,2024-08-08,1028
3202,樺晟,20,0,20,合庫-彰化,2024-08-08,1028
5481,新華,18,2,16,合庫-彰化,2024-08-08,1028
00688L,國泰20年美債正2,14,0,14,合庫-彰化,2024-08-08,1028
9105,泰金寶-DR,15,1,14,合庫-彰化,2024-08-08,1028
2609,陽明,16,2,14,合庫-彰化,2024-08-08,1028
3231,緯創,19,6,13,合庫-彰化,2024-08-08,1028
00941,中信上游半導體,13,0,13,合庫-彰化,2024-08-08,1028
00795B,中信美國公債20年,12,0,12,合庫-彰化,2024-08-08,1028
00949,復華日本龍頭,12,0,12,合庫-彰化,2024-08-08,1028
2330,台積電,13,2,11,合庫-彰化,2024-08-08,1028
1711,永光,11,0,11,合庫-彰化,2024-08-08,1028
3450,聯鈞,17,6,11,合庫-彰化,2024-08-08,1028
2002,中鋼,11,0,11,合庫-彰化,2024-08-08,1028
2618,長榮航,11,0,11,合庫-彰化,2024-08-08,1028
6451,訊芯-KY,11,1,10,合庫-彰化,2024-08-08,1028
00687B,國泰20年美債,16,6,10,合庫-彰化,2024-08-08,1028
8215,明基材,10,0,10,合庫-彰化,2024-08-08,1028
2352,佳世達,10,0,10,合庫-彰化,2024-08-08,1028
00881,國泰台灣5G+,10,1,9,合庫-彰化,2024-08-08,1028
00946,群益科技高息成長,11,2,9,合庫-彰化,2024-08-08,1028
1714,和桐,9,0,9,合庫-彰化,2024-08-08,1028
2354,鴻準,10,1,9,合庫-彰化,2024-08-08,1028
4562,穎漢,15,6,9,合庫-彰化,2024-08-08,1028
5864,致和證,8,0,8,合庫-彰化,2024-08-08,1028
00675L,富邦臺灣加權正2,8,0,8,合庫-彰化,2024-08-08,1028
00688L,國泰20年美債正2,1051,0,1051,合庫-彰化,2024-08-09,1028
00679B,元大美債20年,530,20,510,合庫-彰化,2024-08-09,1028
00937B,群益ESG投等債20,179,0,179,合庫-彰化,2024-08-09,1028
2355,敬鵬,102,0,102,合庫-彰化,2024-08-09,1028
9921,巨大,65,0,65,合庫-彰化,2024-08-09,1028
00680L,元大美債20正2,75,10,65,合庫-彰化,2024-08-09,1028
00929,復華台灣科技優息,104,44,60,合庫-彰化,2024-08-09,1028
3522,御嵿,56,0,56,合庫-彰化,2024-08-09,1028
2002,中鋼,54,3,51,合庫-彰化,2024-08-09,1028
4583,台灣精銳,54,5,49,合庫-彰化,2024-08-09,1028
3060,銘異,41,0,41,合庫-彰化,2024-08-09,1028
2609,陽明,53,13,40,合庫-彰化,2024-08-09,1028
3518,柏騰,36,1,35,合庫-彰化,2024-08-09,1028
2353,宏��,36,3,33,合庫-彰化,2024-08-09,1028
00878,國泰永續高股息,58,32,26,合庫-彰化,2024-08-09,1028
00948B,中信優息投資級債,23,0,23,合庫-彰化,2024-08-09,1028
3715,定穎投控,83,60,23,合庫-彰化,2024-08-09,1028
6016,康和證,21,0,21,合庫-彰化,2024-08-09,1028
1312,國喬,21,0,21,合庫-彰化,2024-08-09,1028
2425,承啟,19,0,19,合庫-彰化,2024-08-09,1028
1802,台玻,20,2,18,合庫-彰化,2024-08-09,1028
9105,泰金寶-DR,17,1,16,合庫-彰化,2024-08-09,1028
2009,第一銅,15,0,15,合庫-彰化,2024-08-09,1028
2867,三商壽,15,0,15,合庫-彰化,2024-08-09,1028
2489,瑞軒,21,7,14,合庫-彰化,2024-08-09,1028
1210,大成,13,0,13,合庫-彰化,2024-08-09,1028
2615,萬海,48,36,12,合庫-彰化,2024-08-09,1028
3230,錦明,12,0,12,合庫-彰化,2024-08-09,1028
2515,中工,11,0,11,合庫-彰化,2024-08-09,1028
6957,裕慶-KY,11,0,11,合庫-彰化,2024-08-09,1028
2313,華通,14,4,10,合庫-彰化,2024-08-09,1028
2367,燿華,11,1,10,合庫-彰化,2024-08-09,1028
3163,波若威,11,1,10,合庫-彰化,2024-08-09,1028
5443,均豪,20,10,10,合庫-彰化,2024-08-09,1028
8131,福懋科,10,0,10,合庫-彰化,2024-08-09,1028
2349,錸德,12,3,9,合庫-彰化,2024-08-09,1028
00951,台新日本半導體,10,1,9,合庫-彰化,2024-08-09,1028
2401,凌陽,9,0,9,合庫-彰化,2024-08-09,1028
00857B,永豐20年美公債,8,0,8,合庫-彰化,2024-08-09,1028
3379,彬台,10,2,8,合庫-彰化,2024-08-09,1028
4533,協易機,16,8,8,合庫-彰化,2024-08-09,1028
4909,新復興,11,3,8,合庫-彰化,2024-08-09,1028
8033,雷虎,8,0,8,合庫-彰化,2024-08-09,1028
00933B,國泰10Y+金融債,8,0,8,合庫-彰化,2024-08-09,1028
00795B,中信美國公債20年,7,0,7,合庫-彰化,2024-08-09,1028
00915,凱基優選高股息30,7,0,7,合庫-彰化,2024-08-09,1028
1714,和桐,7,0,7,合庫-彰化,2024-08-09,1028
4562,穎漢,14,8,6,合庫-彰化,2024-08-09,1028
4979,華星光,10,4,6,合庫-彰化,2024-08-09,1028
3019,亞光,13,7,6,合庫-彰化,2024-08-09,1028
00688L,國泰20年美債正2,818,0,818,合庫-彰化,2024-08-12,1028
00680L,元大美債20正2,611,0,611,合庫-彰化,2024-08-12,1028
3013,晟銘電,183,13,170,合庫-彰化,2024-08-12,1028
00665L,富邦�琤肭磪囓�2,147,0,147,合庫-彰化,2024-08-12,1028
00679B,元大美債20年,115,1,114,合庫-彰化,2024-08-12,1028
2412,中華電,100,0,100,合庫-彰化,2024-08-12,1028
00948B,中信優息投資級債,97,0,97,合庫-彰化,2024-08-12,1028
00632R,元大台灣50反1,50,0,50,合庫-彰化,2024-08-12,1028
1210,大成,40,0,40,合庫-彰化,2024-08-12,1028
2409,友達,41,2,39,合庫-彰化,2024-08-12,1028
2312,金寶,75,37,38,合庫-彰化,2024-08-12,1028
2504,國產,100,70,30,合庫-彰化,2024-08-12,1028
2891,中信金,28,0,28,合庫-彰化,2024-08-12,1028
3024,憶聲,27,0,27,合庫-彰化,2024-08-12,1028
00687B,國泰20年美債,24,0,24,合庫-彰化,2024-08-12,1028
1711,永光,20,0,20,合庫-彰化,2024-08-12,1028
6265,方土昶,18,0,18,合庫-彰化,2024-08-12,1028
00929,復華台灣科技優息,113,96,17,合庫-彰化,2024-08-12,1028
00923,群益台ESG低碳50,16,0,16,合庫-彰化,2024-08-12,1028
1447,力鵬,16,0,16,合庫-彰化,2024-08-12,1028
4303,信立,18,4,14,合庫-彰化,2024-08-12,1028
00937B,群益ESG投等債20,44,31,13,合庫-彰化,2024-08-12,1028
2368,金像電,13,0,13,合庫-彰化,2024-08-12,1028
8374,羅昇,25,12,13,合庫-彰化,2024-08-12,1028
8936,國統,13,1,12,合庫-彰化,2024-08-12,1028
2359,所羅門,30,18,12,合庫-彰化,2024-08-12,1028
1597,直得,31,19,12,合庫-彰化,2024-08-12,1028
6127,九豪,12,0,12,合庫-彰化,2024-08-12,1028
2408,南亞科,13,2,11,合庫-彰化,2024-08-12,1028
3047,訊舟,17,6,11,合庫-彰化,2024-08-12,1028
9105,泰金寶-DR,11,0,11,合庫-彰化,2024-08-12,1028
2455,全新,10,0,10,合庫-彰化,2024-08-12,1028
2883,凱基金,10,0,10,合庫-彰化,2024-08-12,1028
8455,大拓-KY,13,3,10,合庫-彰化,2024-08-12,1028
00795B,中信美國公債20年,9,0,9,合庫-彰化,2024-08-12,1028
2449,京元電子,15,6,9,合庫-彰化,2024-08-12,1028
2610,華航,13,4,9,合庫-彰化,2024-08-12,1028
2618,長榮航,14,5,9,合庫-彰化,2024-08-12,1028
4523,永彰,9,0,9,合庫-彰化,2024-08-12,1028
3037,欣興,11,3,8,合庫-彰化,2024-08-12,1028
0056,元大高股息,10,2,8,合庫-彰化,2024-08-12,1028
00878,國泰永續高股息,32,25,7,合庫-彰化,2024-08-12,1028
3149,正達,8,1,7,合庫-彰化,2024-08-12,1028
00764B,群益25年美債,7,0,7,合庫-彰化,2024-08-12,1028
4534,慶騰,7,0,7,合庫-彰化,2024-08-12,1028
00915,凱基優選高股息30,6,0,6,合庫-彰化,2024-08-12,1028
1524,耿鼎,6,0,6,合庫-彰化,2024-08-12,1028
2801,彰銀,6,0,6,合庫-彰化,2024-08-12,1028
3323,加百裕,6,0,6,合庫-彰化,2024-08-12,1028
6026,福邦證,6,0,6,合庫-彰化,2024-08-12,1028
00632R,元大台灣50反1,505,0,505,合庫-彰化,2024-08-13,1028
00679B,元大美債20年,293,5,288,合庫-彰化,2024-08-13,1028
1708,東鹼,170,1,169,合庫-彰化,2024-08-13,1028
00948B,中信優息投資級債,105,0,105,合庫-彰化,2024-08-13,1028
00680L,元大美債20正2,103,0,103,合庫-彰化,2024-08-13,1028
5481,新華,102,7,95,合庫-彰化,2024-08-13,1028
6156,松上,104,12,92,合庫-彰化,2024-08-13,1028
1312,國喬,84,0,84,合庫-彰化,2024-08-13,1028
2880,華南金,77,2,75,合庫-彰化,2024-08-13,1028
1513,中興電,85,15,70,合庫-彰化,2024-08-13,1028
3163,波若威,60,2,58,合庫-彰化,2024-08-13,1028
6754,匯僑設計,50,0,50,合庫-彰化,2024-08-13,1028
2382,廣達,53,5,48,合庫-彰化,2024-08-13,1028
5880,合庫金,51,3,48,合庫-彰化,2024-08-13,1028
2834,臺企銀,32,0,32,合庫-彰化,2024-08-13,1028
2615,萬海,42,10,32,合庫-彰化,2024-08-13,1028
00878,國泰永續高股息,47,16,31,合庫-彰化,2024-08-13,1028
6290,良維,63,32,31,合庫-彰化,2024-08-13,1028
00937B,群益ESG投等債20,118,91,27,合庫-彰化,2024-08-13,1028
4545,銘鈺,27,0,27,合庫-彰化,2024-08-13,1028
1314,中石化,26,0,26,合庫-彰化,2024-08-13,1028
00687B,國泰20年美債,22,0,22,合庫-彰化,2024-08-13,1028
2609,陽明,29,8,21,合庫-彰化,2024-08-13,1028
00933B,國泰10Y+金融債,25,5,20,合庫-彰化,2024-08-13,1028
2886,兆豐金,22,3,19,合庫-彰化,2024-08-13,1028
1301,台塑,22,5,17,合庫-彰化,2024-08-13,1028
00712,復華富時不動產,27,11,16,合庫-彰化,2024-08-13,1028
8299,群聯,16,0,16,合庫-彰化,2024-08-13,1028
2002,中鋼,15,0,15,合庫-彰化,2024-08-13,1028
2891,中信金,18,3,15,合庫-彰化,2024-08-13,1028
2867,三商壽,24,10,14,合庫-彰化,2024-08-13,1028
4979,華星光,29,15,14,合庫-彰化,2024-08-13,1028
5608,四維航,12,0,12,合庫-彰化,2024-08-13,1028
6770,力積電,12,0,12,合庫-彰化,2024-08-13,1028
2409,友達,15,4,11,合庫-彰化,2024-08-13,1028
2610,華航,11,0,11,合庫-彰化,2024-08-13,1028
4714,永捷,11,0,11,合庫-彰化,2024-08-13,1028
00921,兆豐龍頭等權重,10,0,10,合庫-彰化,2024-08-13,1028
0056,元大高股息,10,0,10,合庫-彰化,2024-08-13,1028
2201,裕隆,10,0,10,合庫-彰化,2024-08-13,1028
3062,建漢,15,5,10,合庫-彰化,2024-08-13,1028
3105,穩懋,10,0,10,合庫-彰化,2024-08-13,1028
6695,芯鼎,10,0,10,合庫-彰化,2024-08-13,1028
8070,長華*,10,0,10,合庫-彰化,2024-08-13,1028
2356,英業達,19,10,9,合庫-彰化,2024-08-13,1028
3036,文曄,11,2,9,合庫-彰化,2024-08-13,1028
6603,富強鑫,11,2,9,合庫-彰化,2024-08-13,1028
00919,群益台灣精選高息,15,7,8,合庫-彰化,2024-08-13,1028
1609,大亞,10,3,7,合庫-彰化,2024-08-13,1028
00907,永豐優息存股,9,2,7,合庫-彰化,2024-08-13,1028
00933B,國泰10Y+金融債,308,0,308,合庫-彰化,2024-08-14,1028
1708,東鹼,165,6,159,合庫-彰化,2024-08-14,1028
3013,晟銘電,133,52,81,合庫-彰化,2024-08-14,1028
00715L,期街口布蘭特正2,82,2,80,合庫-彰化,2024-08-14,1028
3481,群創,93,18,75,合庫-彰化,2024-08-14,1028
2356,英業達,76,15,61,合庫-彰化,2024-08-14,1028
6156,松上,55,0,55,合庫-彰化,2024-08-14,1028
00637L,元大滬深300正2,50,0,50,合庫-彰化,2024-08-14,1028
00795B,中信美國公債20年,38,0,38,合庫-彰化,2024-08-14,1028
2867,三商壽,32,0,32,合庫-彰化,2024-08-14,1028
00680L,元大美債20正2,49,21,28,合庫-彰化,2024-08-14,1028
00929,復華台灣科技優息,79,52,27,合庫-彰化,2024-08-14,1028
2349,錸德,31,8,23,合庫-彰化,2024-08-14,1028
3715,定穎投控,30,7,23,合庫-彰化,2024-08-14,1028
2615,萬海,26,6,20,合庫-彰化,2024-08-14,1028
2402,毅嘉,20,0,20,合庫-彰化,2024-08-14,1028
3060,銘異,20,0,20,合庫-彰化,2024-08-14,1028
4414,如興,20,0,20,合庫-彰化,2024-08-14,1028
6658,聯策,21,1,20,合庫-彰化,2024-08-14,1028
2365,昆盈,118,100,18,合庫-彰化,2024-08-14,1028
00881,國泰台灣5G+,19,1,18,合庫-彰化,2024-08-14,1028
00687B,國泰20年美債,17,0,17,合庫-彰化,2024-08-14,1028
00679B,元大美債20年,17,1,16,合庫-彰化,2024-08-14,1028
8096,擎亞,46,31,15,合庫-彰化,2024-08-14,1028
2002,中鋼,27,14,13,合庫-彰化,2024-08-14,1028
2801,彰銀,21,8,13,合庫-彰化,2024-08-14,1028
3105,穩懋,12,0,12,合庫-彰化,2024-08-14,1028
1316,上曜,11,0,11,合庫-彰化,2024-08-14,1028
2888,新光金,15,4,11,合庫-彰化,2024-08-14,1028
8054,安國,24,14,10,合庫-彰化,2024-08-14,1028
9921,巨大,10,0,10,合庫-彰化,2024-08-14,1028
2382,廣達,16,6,10,合庫-彰化,2024-08-14,1028
1802,台玻,10,0,10,合庫-彰化,2024-08-14,1028
2007,燁興,10,0,10,合庫-彰化,2024-08-14,1028
2029,盛餘,10,0,10,合庫-彰化,2024-08-14,1028
3046,建��,10,0,10,合庫-彰化,2024-08-14,1028
3047,訊舟,19,9,10,合庫-彰化,2024-08-14,1028
5355,佳總,10,0,10,合庫-彰化,2024-08-14,1028
2359,所羅門,14,4,10,合庫-彰化,2024-08-14,1028
1326,台化,13,4,9,合庫-彰化,2024-08-14,1028
1584,精剛,15,6,9,合庫-彰化,2024-08-14,1028
3006,晶豪科,10,1,9,合庫-彰化,2024-08-14,1028
2337,旺宏,9,1,8,合庫-彰化,2024-08-14,1028
2486,一詮,8,0,8,合庫-彰化,2024-08-14,1028
4540,全球傳動,12,4,8,合庫-彰化,2024-08-14,1028
4958,臻鼎-KY,9,1,8,合庫-彰化,2024-08-14,1028
2609,陽明,18,11,7,合庫-彰化,2024-08-14,1028
8033,雷虎,8,1,7,合庫-彰化,2024-08-14,1028
00675L,富邦臺灣加權正2,7,0,7,合庫-彰化,2024-08-14,1028
00900,富邦特選高股息30,19,12,7,合庫-彰化,2024-08-14,1028
00687B,國泰20年美債,245,9,236,合庫-彰化,2024-08-15,1028
2801,彰銀,113,0,113,合庫-彰化,2024-08-15,1028
00680L,元大美債20正2,378,282,96,合庫-彰化,2024-08-15,1028
00878,國泰永續高股息,113,22,91,合庫-彰化,2024-08-15,1028
00929,復華台灣科技優息,114,29,85,合庫-彰化,2024-08-15,1028
00795B,中信美國公債20年,63,2,61,合庫-彰化,2024-08-15,1028
00900,富邦特選高股息30,54,0,54,合庫-彰化,2024-08-15,1028
00679B,元大美債20年,61,23,38,合庫-彰化,2024-08-15,1028
00937B,群益ESG投等債20,33,2,31,合庫-彰化,2024-08-15,1028
00940,元大台灣價值高息,33,2,31,合庫-彰化,2024-08-15,1028
2504,國產,30,0,30,合庫-彰化,2024-08-15,1028
9945,潤泰新,31,2,29,合庫-彰化,2024-08-15,1028
00881,國泰台灣5G+,31,2,29,合庫-彰化,2024-08-15,1028
00688L,國泰20年美債正2,35,12,23,合庫-彰化,2024-08-15,1028
1712,興農,21,0,21,合庫-彰化,2024-08-15,1028
3060,銘異,28,10,18,合庫-彰化,2024-08-15,1028
2891,中信金,16,1,15,合庫-彰化,2024-08-15,1028
2243,宏旭-KY,15,3,12,合庫-彰化,2024-08-15,1028
3189,景碩,12,0,12,合庫-彰化,2024-08-15,1028
2303,聯電,12,0,12,合庫-彰化,2024-08-15,1028
2834,臺企銀,12,0,12,合庫-彰化,2024-08-15,1028
00948B,中信優息投資級債,11,0,11,合庫-彰化,2024-08-15,1028
2618,長榮航,12,1,11,合庫-彰化,2024-08-15,1028
2905,三商,13,2,11,合庫-彰化,2024-08-15,1028
1802,台玻,10,0,10,合庫-彰化,2024-08-15,1028
3576,聯合再生,20,10,10,合庫-彰化,2024-08-15,1028
3702,大聯大,10,0,10,合庫-彰化,2024-08-15,1028
5905,南仁湖,11,1,10,合庫-彰化,2024-08-15,1028
8070,長華*,11,1,10,合庫-彰化,2024-08-15,1028
8150,南茂,10,0,10,合庫-彰化,2024-08-15,1028
9946,三發地產,10,0,10,合庫-彰化,2024-08-15,1028
00891,中信關鍵半導體,9,0,9,合庫-彰化,2024-08-15,1028
00731,復華富時高息低波,9,0,9,合庫-彰化,2024-08-15,1028
00923,群益台ESG低碳50,14,5,9,合庫-彰化,2024-08-15,1028
2313,華通,10,1,9,合庫-彰化,2024-08-15,1028
2885,元大金,9,0,9,合庫-彰化,2024-08-15,1028
4555,氣立,12,3,9,合庫-彰化,2024-08-15,1028
5488,松普,8,0,8,合庫-彰化,2024-08-15,1028
00931B,統一美債20年,7,0,7,合庫-彰化,2024-08-15,1028
1301,台塑,7,0,7,合庫-彰化,2024-08-15,1028
1326,台化,8,1,7,合庫-彰化,2024-08-15,1028
2457,飛宏,7,0,7,合庫-彰化,2024-08-15,1028
3032,偉訓,7,0,7,合庫-彰化,2024-08-15,1028
9904,寶成,7,0,7,合庫-彰化,2024-08-15,1028
1514,亞力,26,20,6,合庫-彰化,2024-08-15,1028
1618,合機,6,0,6,合庫-彰化,2024-08-15,1028
2356,英業達,7,1,6,合庫-彰化,2024-08-15,1028
2607,榮運,6,0,6,合庫-彰化,2024-08-15,1028
2838,聯邦銀,6,0,6,合庫-彰化,2024-08-15,1028
3013,晟銘電,18,12,6,合庫-彰化,2024-08-15,1028
00687B,國泰20年美債,234,44,190,合庫-彰化,2024-08-16,1028
00713,元大台灣高息低波,184,3,181,合庫-彰化,2024-08-16,1028
2489,瑞軒,170,7,163,合庫-彰化,2024-08-16,1028
1312,國喬,156,0,156,合庫-彰化,2024-08-16,1028
2356,英業達,101,0,101,合庫-彰化,2024-08-16,1028
00929,復華台灣科技優息,104,7,97,合庫-彰化,2024-08-16,1028
6451,訊芯-KY,95,2,93,合庫-彰化,2024-08-16,1028
00795B,中信美國公債20年,69,0,69,合庫-彰化,2024-08-16,1028
00680L,元大美債20正2,80,28,52,合庫-彰化,2024-08-16,1028
8070,長華*,54,2,52,合庫-彰化,2024-08-16,1028
2609,陽明,69,18,51,合庫-彰化,2024-08-16,1028
00937B,群益ESG投等債20,43,2,41,合庫-彰化,2024-08-16,1028
2867,三商壽,34,0,34,合庫-彰化,2024-08-16,1028
00878,國泰永續高股息,45,13,32,合庫-彰化,2024-08-16,1028
00725B,國泰投資級公司債,30,0,30,合庫-彰化,2024-08-16,1028
6290,良維,30,0,30,合庫-彰化,2024-08-16,1028
1326,台化,25,4,21,合庫-彰化,2024-08-16,1028
4562,穎漢,26,5,21,合庫-彰化,2024-08-16,1028
2029,盛餘,20,0,20,合庫-彰化,2024-08-16,1028
2501,國建,21,1,20,合庫-彰化,2024-08-16,1028
6213,聯茂,20,1,19,合庫-彰化,2024-08-16,1028
5488,松普,19,1,18,合庫-彰化,2024-08-16,1028
6156,松上,17,0,17,合庫-彰化,2024-08-16,1028
00881,國泰台灣5G+,19,3,16,合庫-彰化,2024-08-16,1028
00764B,群益25年美債,15,0,15,合庫-彰化,2024-08-16,1028
00931B,統一美債20年,12,0,12,合庫-彰化,2024-08-16,1028
1718,中纖,12,0,12,合庫-彰化,2024-08-16,1028
2537,聯上發,15,3,12,合庫-彰化,2024-08-16,1028
00919,群益台灣精選高息,19,7,12,合庫-彰化,2024-08-16,1028
00900,富邦特選高股息30,27,16,11,合庫-彰化,2024-08-16,1028
1101,台泥,19,8,11,合庫-彰化,2024-08-16,1028
00934,中信成長高股息,10,0,10,合庫-彰化,2024-08-16,1028
1515,力山,10,0,10,合庫-彰化,2024-08-16,1028
1584,精剛,10,0,10,合庫-彰化,2024-08-16,1028
2379,瑞昱,10,0,10,合庫-彰化,2024-08-16,1028
5009,榮剛,10,0,10,合庫-彰化,2024-08-16,1028
5355,佳總,10,0,10,合庫-彰化,2024-08-16,1028
9945,潤泰新,11,1,10,合庫-彰化,2024-08-16,1028
2323,中環,15,6,9,合庫-彰化,2024-08-16,1028
2312,金寶,12,3,9,合庫-彰化,2024-08-16,1028
3689,湧德,10,2,8,合庫-彰化,2024-08-16,1028
2002,中鋼,10,2,8,合庫-彰化,2024-08-16,1028
2115,六暉-KY,8,0,8,合庫-彰化,2024-08-16,1028
2891,中信金,11,3,8,合庫-彰化,2024-08-16,1028
3060,銘異,8,0,8,合庫-彰化,2024-08-16,1028
5371,中光電,9,1,8,合庫-彰化,2024-08-16,1028
3484,崧騰,7,0,7,合庫-彰化,2024-08-16,1028
3522,御嵿,11,4,7,合庫-彰化,2024-08-16,1028
4746,台耀,7,0,7,合庫-彰化,2024-08-16,1028
5443,均豪,14,7,7,合庫-彰化,2024-08-16,1028
00673R,期元大S＆P原油反1,400,0,400,合庫-彰化,2024-08-19,1028
00664R,國泰臺灣加權反1,234,0,234,合庫-彰化,2024-08-19,1028
00680L,元大美債20正2,179,16,163,合庫-彰化,2024-08-19,1028
5905,南仁湖,138,10,128,合庫-彰化,2024-08-19,1028
3030,德律,122,0,122,合庫-彰化,2024-08-19,1028
00929,復華台灣科技優息,108,9,99,合庫-彰化,2024-08-19,1028
00687B,國泰20年美債,92,10,82,合庫-彰化,2024-08-19,1028
2355,敬鵬,133,54,79,合庫-彰化,2024-08-19,1028
00878,國泰永續高股息,76,9,67,合庫-彰化,2024-08-19,1028
00918,大華優利高填息30,67,3,64,合庫-彰化,2024-08-19,1028
00937B,群益ESG投等債20,53,0,53,合庫-彰化,2024-08-19,1028
00919,群益台灣精選高息,37,2,35,合庫-彰化,2024-08-19,1028
1312,國喬,29,0,29,合庫-彰化,2024-08-19,1028
6108,競國,28,0,28,合庫-彰化,2024-08-19,1028
8028,昇陽半導體,28,1,27,合庫-彰化,2024-08-19,1028
2316,楠梓電,32,6,26,合庫-彰化,2024-08-19,1028
3047,訊舟,60,34,26,合庫-彰化,2024-08-19,1028
4545,銘鈺,24,0,24,合庫-彰化,2024-08-19,1028
00933B,國泰10Y+金融債,23,0,23,合庫-彰化,2024-08-19,1028
5009,榮剛,22,0,22,合庫-彰化,2024-08-19,1028
2012,春雨,21,0,21,合庫-彰化,2024-08-19,1028
00632R,元大台灣50反1,20,0,20,合庫-彰化,2024-08-19,1028
2542,興富發,39,21,18,合庫-彰化,2024-08-19,1028
00931B,統一美債20年,14,0,14,合庫-彰化,2024-08-19,1028
2243,宏旭-KY,14,0,14,合庫-彰化,2024-08-19,1028
2002,中鋼,15,1,14,合庫-彰化,2024-08-19,1028
2618,長榮航,14,1,13,合庫-彰化,2024-08-19,1028
1597,直得,14,2,12,合庫-彰化,2024-08-19,1028
2365,昆盈,46,34,12,合庫-彰化,2024-08-19,1028
9904,寶成,12,0,12,合庫-彰化,2024-08-19,1028
2317,鴻海,25,13,12,合庫-彰化,2024-08-19,1028
3006,晶豪科,11,0,11,合庫-彰化,2024-08-19,1028
1101,台泥,12,1,11,合庫-彰化,2024-08-19,1028
1711,永光,10,0,10,合庫-彰化,2024-08-19,1028
2007,燁興,10,0,10,合庫-彰化,2024-08-19,1028
2371,大同,11,1,10,合庫-彰化,2024-08-19,1028
2812,台中銀,10,0,10,合庫-彰化,2024-08-19,1028
2062,橋椿,27,18,9,合庫-彰化,2024-08-19,1028
3498,陽程,9,0,9,合庫-彰化,2024-08-19,1028
2449,京元電子,9,0,9,合庫-彰化,2024-08-19,1028
1301,台塑,8,0,8,合庫-彰化,2024-08-19,1028
00907,永豐優息存股,8,0,8,合庫-彰化,2024-08-19,1028
2442,新美齊,10,2,8,合庫-彰化,2024-08-19,1028
2887,台新金,8,0,8,合庫-彰化,2024-08-19,1028
3036,文曄,10,2,8,合庫-彰化,2024-08-19,1028
2354,鴻準,11,3,8,合庫-彰化,2024-08-19,1028
00911,兆豐洲際半導體,7,0,7,合庫-彰化,2024-08-19,1028
1785,光洋科,10,3,7,合庫-彰化,2024-08-19,1028
2029,盛餘,7,0,7,合庫-彰化,2024-08-19,1028
3013,晟銘電,14,7,7,合庫-彰化,2024-08-19,1028
00673R,期元大S＆P原油反1,400,0,400,合庫-彰化,2024-08-20,1028
00933B,國泰10Y+金融債,236,0,236,合庫-彰化,2024-08-20,1028
00715L,期街口布蘭特正2,200,0,200,合庫-彰化,2024-08-20,1028
1312,國喬,132,0,132,合庫-彰化,2024-08-20,1028
00642U,期元大S＆P石油,105,0,105,合庫-彰化,2024-08-20,1028
00687B,國泰20年美債,117,50,67,合庫-彰化,2024-08-20,1028
3013,晟銘電,84,17,67,合庫-彰化,2024-08-20,1028
2002,中鋼,66,9,57,合庫-彰化,2024-08-20,1028
3060,銘異,55,0,55,合庫-彰化,2024-08-20,1028
00929,復華台灣科技優息,72,18,54,合庫-彰化,2024-08-20,1028
00680L,元大美債20正2,52,0,52,合庫-彰化,2024-08-20,1028
00679B,元大美債20年,44,2,42,合庫-彰化,2024-08-20,1028
2374,佳能,47,10,37,合庫-彰化,2024-08-20,1028
2542,興富發,37,2,35,合庫-彰化,2024-08-20,1028
4513,福裕,35,1,34,合庫-彰化,2024-08-20,1028
00664R,國泰臺灣加權反1,32,0,32,合庫-彰化,2024-08-20,1028
2412,中華電,31,0,31,合庫-彰化,2024-08-20,1028
2888,新光金,230,199,31,合庫-彰化,2024-08-20,1028
2409,友達,30,0,30,合庫-彰化,2024-08-20,1028
1584,精剛,124,96,28,合庫-彰化,2024-08-20,1028
2891,中信金,28,3,25,合庫-彰化,2024-08-20,1028
2356,英業達,22,0,22,合庫-彰化,2024-08-20,1028
6116,彩晶,21,0,21,合庫-彰化,2024-08-20,1028
2547,日勝生,20,0,20,合庫-彰化,2024-08-20,1028
9902,台火,21,1,20,合庫-彰化,2024-08-20,1028
5009,榮剛,20,2,18,合庫-彰化,2024-08-20,1028
1326,台化,28,10,18,合庫-彰化,2024-08-20,1028
2365,昆盈,29,14,15,合庫-彰化,2024-08-20,1028
00688L,國泰20年美債正2,15,0,15,合庫-彰化,2024-08-20,1028
2029,盛餘,14,0,14,合庫-彰化,2024-08-20,1028
8064,東捷,56,42,14,合庫-彰化,2024-08-20,1028
00632R,元大台灣50反1,213,200,13,合庫-彰化,2024-08-20,1028
6215,和椿,14,1,13,合庫-彰化,2024-08-20,1028
2388,威盛,12,1,11,合庫-彰化,2024-08-20,1028
2886,兆豐金,11,0,11,合庫-彰化,2024-08-20,1028
4545,銘鈺,11,0,11,合庫-彰化,2024-08-20,1028
00936,台新永續高息中小,10,0,10,合庫-彰化,2024-08-20,1028
2243,宏旭-KY,10,0,10,合庫-彰化,2024-08-20,1028
2455,全新,10,0,10,合庫-彰化,2024-08-20,1028
4561,健椿,11,1,10,合庫-彰化,2024-08-20,1028
5355,佳總,10,0,10,合庫-彰化,2024-08-20,1028
5521,工信,10,0,10,合庫-彰化,2024-08-20,1028
2405,輔信,10,1,9,合庫-彰化,2024-08-20,1028
2432,倚天酷��-創,9,0,9,合庫-彰化,2024-08-20,1028
2537,聯上發,10,1,9,合庫-彰化,2024-08-20,1028
3455,由田,20,11,9,合庫-彰化,2024-08-20,1028
3535,晶彩科,15,6,9,合庫-彰化,2024-08-20,1028
3576,聯合再生,11,2,9,合庫-彰化,2024-08-20,1028
6841,長佳智能,10,1,9,合庫-彰化,2024-08-20,1028
9945,潤泰新,12,3,9,合庫-彰化,2024-08-20,1028
00715L,期街口布蘭特正2,220,0,220,合庫-彰化,2024-08-21,1028
2891,中信金,218,22,196,合庫-彰化,2024-08-21,1028
5905,南仁湖,160,9,151,合庫-彰化,2024-08-21,1028
2412,中華電,73,0,73,合庫-彰化,2024-08-21,1028
2489,瑞軒,60,3,57,合庫-彰化,2024-08-21,1028
00919,群益台灣精選高息,57,1,56,合庫-彰化,2024-08-21,1028
00642U,期元大S＆P石油,51,0,51,合庫-彰化,2024-08-21,1028
2356,英業達,56,10,46,合庫-彰化,2024-08-21,1028
2890,永豐金,55,10,45,合庫-彰化,2024-08-21,1028
00713,元大台灣高息低波,38,0,38,合庫-彰化,2024-08-21,1028
00940,元大台灣價值高息,32,0,32,合庫-彰化,2024-08-21,1028
8440,綠電,31,0,31,合庫-彰化,2024-08-21,1028
00929,復華台灣科技優息,38,11,27,合庫-彰化,2024-08-21,1028
6806,森崴能源,27,0,27,合庫-彰化,2024-08-21,1028
00953B,群益優選非投等債,30,4,26,合庫-彰化,2024-08-21,1028
00679B,元大美債20年,27,5,22,合庫-彰化,2024-08-21,1028
2115,六暉-KY,21,0,21,合庫-彰化,2024-08-21,1028
3701,大眾控,21,0,21,合庫-彰化,2024-08-21,1028
00641R,富邦日本反1,18,0,18,合庫-彰化,2024-08-21,1028
00669R,國泰美國道瓊反1,18,0,18,合庫-彰化,2024-08-21,1028
5309,系統電,25,7,18,合庫-彰化,2024-08-21,1028
00923,群益台ESG低碳50,17,0,17,合庫-彰化,2024-08-21,1028
00933B,國泰10Y+金融債,21,5,16,合庫-彰化,2024-08-21,1028
2352,佳世達,15,0,15,合庫-彰化,2024-08-21,1028
3028,增你強,12,0,12,合庫-彰化,2024-08-21,1028
1326,台化,12,1,11,合庫-彰化,2024-08-21,1028
2351,順德,11,0,11,合庫-彰化,2024-08-21,1028
2455,全新,11,0,11,合庫-彰化,2024-08-21,1028
4533,協易機,11,0,11,合庫-彰化,2024-08-21,1028
4540,全球傳動,54,43,11,合庫-彰化,2024-08-21,1028
0056,元大高股息,13,2,11,合庫-彰化,2024-08-21,1028
00738U,期元大道瓊白銀,10,0,10,合庫-彰化,2024-08-21,1028
1227,佳格,10,0,10,合庫-彰化,2024-08-21,1028
1314,中石化,10,0,10,合庫-彰化,2024-08-21,1028
2034,允強,10,0,10,合庫-彰化,2024-08-21,1028
2344,華邦電,15,5,10,合庫-彰化,2024-08-21,1028
2409,友達,10,0,10,合庫-彰化,2024-08-21,1028
3060,銘異,30,20,10,合庫-彰化,2024-08-21,1028
3379,彬台,10,0,10,合庫-彰化,2024-08-21,1028
4716,大立,10,0,10,合庫-彰化,2024-08-21,1028
6127,九豪,10,0,10,合庫-彰化,2024-08-21,1028
6451,訊芯-KY,10,0,10,合庫-彰化,2024-08-21,1028
6901,鑽石投資,10,0,10,合庫-彰化,2024-08-21,1028
00934,中信成長高股息,9,0,9,合庫-彰化,2024-08-21,1028
2027,大成鋼,10,1,9,合庫-彰化,2024-08-21,1028
2886,兆豐金,9,0,9,合庫-彰化,2024-08-21,1028
3167,大量,19,10,9,合庫-彰化,2024-08-21,1028
6108,競國,10,1,9,合庫-彰化,2024-08-21,1028
8374,羅昇,18,9,9,合庫-彰化,2024-08-21,1028
2317,鴻海,16,7,9,合庫-彰化,2024-08-21,1028
00680L,元大美債20正2,177,0,177,合庫-彰化,2024-08-22,1028
00715L,期街口布蘭特正2,170,30,140,合庫-彰化,2024-08-22,1028
5905,南仁湖,131,18,113,合庫-彰化,2024-08-22,1028
2349,錸德,153,51,102,合庫-彰化,2024-08-22,1028
6116,彩晶,100,0,100,合庫-彰化,2024-08-22,1028
2891,中信金,79,3,76,合庫-彰化,2024-08-22,1028
2409,友達,101,34,67,合庫-彰化,2024-08-22,1028
2317,鴻海,46,6,40,合庫-彰化,2024-08-22,1028
4540,全球傳動,39,5,34,合庫-彰化,2024-08-22,1028
00929,復華台灣科技優息,32,0,32,合庫-彰化,2024-08-22,1028
00919,群益台灣精選高息,30,6,24,合庫-彰化,2024-08-22,1028
00933B,國泰10Y+金融債,24,0,24,合庫-彰化,2024-08-22,1028
2115,六暉-KY,36,13,23,合庫-彰化,2024-08-22,1028
00937B,群益ESG投等債20,25,3,22,合庫-彰化,2024-08-22,1028
4938,和碩,20,0,20,合庫-彰化,2024-08-22,1028
8096,擎亞,32,13,19,合庫-彰化,2024-08-22,1028
2890,永豐金,18,0,18,合庫-彰化,2024-08-22,1028
3073,天方能源,19,1,18,合庫-彰化,2024-08-22,1028
3047,訊舟,54,37,17,合庫-彰化,2024-08-22,1028
5371,中光電,19,3,16,合庫-彰化,2024-08-22,1028
5880,合庫金,15,0,15,合庫-彰化,2024-08-22,1028
2867,三商壽,14,0,14,合庫-彰化,2024-08-22,1028
3019,亞光,38,24,14,合庫-彰化,2024-08-22,1028
00795B,中信美國公債20年,13,0,13,合庫-彰化,2024-08-22,1028
2489,瑞軒,13,0,13,合庫-彰化,2024-08-22,1028
6451,訊芯-KY,13,0,13,合庫-彰化,2024-08-22,1028
9955,佳龍,23,10,13,合庫-彰化,2024-08-22,1028
00687B,國泰20年美債,11,0,11,合庫-彰化,2024-08-22,1028
00764B,群益25年美債,11,0,11,合庫-彰化,2024-08-22,1028
2515,中工,11,0,11,合庫-彰化,2024-08-22,1028
8070,長華*,15,4,11,合庫-彰化,2024-08-22,1028
00878,國泰永續高股息,20,9,11,合庫-彰化,2024-08-22,1028
00632R,元大台灣50反1,10,0,10,合庫-彰化,2024-08-22,1028
1809,中釉,10,0,10,合庫-彰化,2024-08-22,1028
2363,矽統,14,4,10,合庫-彰化,2024-08-22,1028
8421,旭源,10,0,10,合庫-彰化,2024-08-22,1028
00679B,元大美債20年,13,4,9,合庫-彰化,2024-08-22,1028
4979,華星光,9,0,9,合庫-彰化,2024-08-22,1028
2881,富邦金,8,0,8,合庫-彰化,2024-08-22,1028
1442,名軒,8,0,8,合庫-彰化,2024-08-22,1028
6288,聯嘉,8,0,8,合庫-彰化,2024-08-22,1028
1514,亞力,15,7,8,合庫-彰化,2024-08-22,1028
2834,臺企銀,7,0,7,合庫-彰化,2024-08-22,1028
6877,鏵友益,9,2,7,合庫-彰化,2024-08-22,1028
1513,中興電,9,2,7,合庫-彰化,2024-08-22,1028
2486,一詮,7,1,6,合庫-彰化,2024-08-22,1028
6505,台塑化,6,0,6,合庫-彰化,2024-08-22,1028
2374,佳能,16,10,6,合庫-彰化,2024-08-22,1028
2537,聯上發,10,4,6,合庫-彰化,2024-08-22,1028
2609,陽明,6,0,6,合庫-彰化,2024-08-22,1028
00687B,國泰20年美債,902,0,902,合庫-彰化,2024-08-23,1028
00679B,元大美債20年,467,0,467,合庫-彰化,2024-08-23,1028
00715L,期街口布蘭特正2,211,10,201,合庫-彰化,2024-08-23,1028
2349,錸德,174,35,139,合庫-彰化,2024-08-23,1028
00680L,元大美債20正2,109,0,109,合庫-彰化,2024-08-23,1028
00632R,元大台灣50反1,100,0,100,合庫-彰化,2024-08-23,1028
2412,中華電,101,51,50,合庫-彰化,2024-08-23,1028
2356,英業達,36,0,36,合庫-彰化,2024-08-23,1028
5484,慧友,31,0,31,合庫-彰化,2024-08-23,1028
4711,永純,30,1,29,合庫-彰化,2024-08-23,1028
00929,復華台灣科技優息,47,19,28,合庫-彰化,2024-08-23,1028
00919,群益台灣精選高息,25,0,25,合庫-彰化,2024-08-23,1028
1711,永光,43,21,22,合庫-彰化,2024-08-23,1028
2331,精英,22,0,22,合庫-彰化,2024-08-23,1028
2801,彰銀,32,10,22,合庫-彰化,2024-08-23,1028
6218,豪勉,22,0,22,合庫-彰化,2024-08-23,1028
1314,中石化,46,25,21,合庫-彰化,2024-08-23,1028
1609,大亞,25,5,20,合庫-彰化,2024-08-23,1028
2887,台新金,33,14,19,合庫-彰化,2024-08-23,1028
00931B,統一美債20年,18,0,18,合庫-彰化,2024-08-23,1028
1718,中纖,20,2,18,合庫-彰化,2024-08-23,1028
1727,中華化,29,11,18,合庫-彰化,2024-08-23,1028
5452,佶優,18,0,18,合庫-彰化,2024-08-23,1028
6160,欣技,18,0,18,合庫-彰化,2024-08-23,1028
2317,鴻海,21,5,16,合庫-彰化,2024-08-23,1028
8064,東捷,84,68,16,合庫-彰化,2024-08-23,1028
2609,陽明,17,3,14,合庫-彰化,2024-08-23,1028
00936,台新永續高息中小,13,0,13,合庫-彰化,2024-08-23,1028
1721,三晃,19,6,13,合庫-彰化,2024-08-23,1028
912000,晨訊科-DR,12,0,12,合庫-彰化,2024-08-23,1028
2365,昆盈,13,2,11,合庫-彰化,2024-08-23,1028
2442,新美齊,11,0,11,合庫-彰化,2024-08-23,1028
5498,凱崴,11,0,11,合庫-彰化,2024-08-23,1028
6282,康舒,11,0,11,合庫-彰化,2024-08-23,1028
2351,順德,11,1,10,合庫-彰化,2024-08-23,1028
3060,銘異,10,0,10,合庫-彰化,2024-08-23,1028
00940,元大台灣價值高息,19,10,9,合庫-彰化,2024-08-23,1028
00795B,中信美國公債20年,9,0,9,合庫-彰化,2024-08-23,1028
2115,六暉-KY,28,19,9,合庫-彰化,2024-08-23,1028
3006,晶豪科,10,1,9,合庫-彰化,2024-08-23,1028
3030,德律,13,4,9,合庫-彰化,2024-08-23,1028
2885,元大金,8,0,8,合庫-彰化,2024-08-23,1028
2890,永豐金,8,0,8,合庫-彰化,2024-08-23,1028
3073,天方能源,12,4,8,合庫-彰化,2024-08-23,1028
3715,定穎投控,11,3,8,合庫-彰化,2024-08-23,1028
2891,中信金,14,6,8,合庫-彰化,2024-08-23,1028
4540,全球傳動,7,0,7,合庫-彰化,2024-08-23,1028
4903,聯光通,7,0,7,合庫-彰化,2024-08-23,1028
8071,能率網通,8,1,7,合庫-彰化,2024-08-23,1028
00642U,期元大S＆P石油,6,0,6,合庫-彰化,2024-08-23,1028
2888,新光金,463,287,176,合庫-彰化,2024-08-26,1028
2409,友達,144,0,144,合庫-彰化,2024-08-26,1028
00673R,期元大S＆P原油反1,100,0,100,合庫-彰化,2024-08-26,1028
00687B,國泰20年美債,48,3,45,合庫-彰化,2024-08-26,1028
8028,昇陽半導體,47,8,39,合庫-彰化,2024-08-26,1028
00680L,元大美債20正2,44,10,34,合庫-彰化,2024-08-26,1028
1308,亞聚,28,0,28,合庫-彰化,2024-08-26,1028
00664R,國泰臺灣加權反1,22,0,22,合庫-彰化,2024-08-26,1028
1597,直得,21,0,21,合庫-彰化,2024-08-26,1028
2316,楠梓電,26,5,21,合庫-彰化,2024-08-26,1028
6877,鏵友益,24,3,21,合庫-彰化,2024-08-26,1028
4938,和碩,20,3,17,合庫-彰化,2024-08-26,1028
5392,能率,17,1,16,合庫-彰化,2024-08-26,1028
2891,中信金,20,5,15,合庫-彰化,2024-08-26,1028
1563,巧新,15,0,15,合庫-彰化,2024-08-26,1028
00679B,元大美債20年,15,1,14,合庫-彰化,2024-08-26,1028
6177,達麗,14,0,14,合庫-彰化,2024-08-26,1028
6806,森崴能源,15,1,14,合庫-彰化,2024-08-26,1028
1584,精剛,24,11,13,合庫-彰化,2024-08-26,1028
2331,精英,19,6,13,合庫-彰化,2024-08-26,1028
2542,興富發,13,0,13,合庫-彰化,2024-08-26,1028
5225,東科-KY,31,18,13,合庫-彰化,2024-08-26,1028
00669R,國泰美國道瓊反1,12,0,12,合庫-彰化,2024-08-26,1028
2365,昆盈,22,11,11,合庫-彰化,2024-08-26,1028
4526,東台,15,4,11,合庫-彰化,2024-08-26,1028
1447,力鵬,10,0,10,合庫-彰化,2024-08-26,1028
2412,中華電,10,0,10,合庫-彰化,2024-08-26,1028
3019,亞光,21,11,10,合庫-彰化,2024-08-26,1028
3663,鑫科,10,0,10,合庫-彰化,2024-08-26,1028
4726,永昕,10,0,10,合庫-彰化,2024-08-26,1028
4967,十銓,12,2,10,合庫-彰化,2024-08-26,1028
1711,永光,20,10,10,合庫-彰化,2024-08-26,1028
4540,全球傳動,9,0,9,合庫-彰化,2024-08-26,1028
4545,銘鈺,9,0,9,合庫-彰化,2024-08-26,1028
6188,廣明,9,0,9,合庫-彰化,2024-08-26,1028
2845,遠東銀,8,0,8,合庫-彰化,2024-08-26,1028
00936,台新永續高息中小,11,3,8,合庫-彰化,2024-08-26,1028
1312,國喬,8,0,8,合庫-彰化,2024-08-26,1028
3615,安可,13,5,8,合庫-彰化,2024-08-26,1028
4908,前鼎,8,0,8,合庫-彰化,2024-08-26,1028
1609,大亞,7,0,7,合庫-彰化,2024-08-26,1028
3450,聯鈞,14,7,7,合庫-彰化,2024-08-26,1028
8110,華東,7,0,7,合庫-彰化,2024-08-26,1028
6239,力成,6,0,6,合庫-彰化,2024-08-26,1028
00953B,群益優選非投等債,6,0,6,合庫-彰化,2024-08-26,1028
1316,上曜,6,0,6,合庫-彰化,2024-08-26,1028
1570,力肯,6,0,6,合庫-彰化,2024-08-26,1028
3006,晶豪科,6,0,6,合庫-彰化,2024-08-26,1028
3167,大量,7,1,6,合庫-彰化,2024-08-26,1028
3580,友威科,10,4,6,合庫-彰化,2024-08-26,1028
00687B,國泰20年美債,320,4,316,合庫-彰化,2024-08-27,1028
1528,恩德,214,4,210,合庫-彰化,2024-08-27,1028
00919,群益台灣精選高息,209,5,204,合庫-彰化,2024-08-27,1028
3481,群創,166,43,123,合庫-彰化,2024-08-27,1028
00673R,期元大S＆P原油反1,120,0,120,合庫-彰化,2024-08-27,1028
00648R,元大S＆P500反1,100,0,100,合庫-彰化,2024-08-27,1028
00715L,期街口布蘭特正2,114,22,92,合庫-彰化,2024-08-27,1028
3030,德律,64,6,58,合庫-彰化,2024-08-27,1028
00933B,國泰10Y+金融債,53,0,53,合庫-彰化,2024-08-27,1028
4711,永純,45,0,45,合庫-彰化,2024-08-27,1028
1718,中纖,38,0,38,合庫-彰化,2024-08-27,1028
00929,復華台灣科技優息,42,4,38,合庫-彰化,2024-08-27,1028
00676R,富邦臺灣加權反1,30,0,30,合庫-彰化,2024-08-27,1028
3550,聯穎,30,0,30,合庫-彰化,2024-08-27,1028
5469,瀚宇博,30,0,30,合庫-彰化,2024-08-27,1028
2887,台新金,32,3,29,合庫-彰化,2024-08-27,1028
1309,台達化,28,0,28,合庫-彰化,2024-08-27,1028
1711,永光,34,6,28,合庫-彰化,2024-08-27,1028
2609,陽明,29,2,27,合庫-彰化,2024-08-27,1028
00937B,群益ESG投等債20,24,0,24,合庫-彰化,2024-08-27,1028
00664R,國泰臺灣加權反1,20,0,20,合庫-彰化,2024-08-27,1028
00671R,富邦NASDAQ反1,20,0,20,合庫-彰化,2024-08-27,1028
2883,凱基金,20,0,20,合庫-彰化,2024-08-27,1028
3515,華擎,31,11,20,合庫-彰化,2024-08-27,1028
2363,矽統,21,2,19,合庫-彰化,2024-08-27,1028
00878,國泰永續高股息,19,1,18,合庫-彰化,2024-08-27,1028
6005,群益證,19,1,18,合庫-彰化,2024-08-27,1028
00679B,元大美債20年,24,6,18,合庫-彰化,2024-08-27,1028
00669R,國泰美國道瓊反1,17,0,17,合庫-彰化,2024-08-27,1028
3060,銘異,17,0,17,合庫-彰化,2024-08-27,1028
6213,聯茂,18,4,14,合庫-彰化,2024-08-27,1028
00948B,中信優息投資級債,12,0,12,合庫-彰化,2024-08-27,1028
3149,正達,17,5,12,合庫-彰化,2024-08-27,1028
2374,佳能,13,1,12,合庫-彰化,2024-08-27,1028
3576,聯合再生,13,2,11,合庫-彰化,2024-08-27,1028
2402,毅嘉,25,14,11,合庫-彰化,2024-08-27,1028
00641R,富邦日本反1,10,0,10,合庫-彰化,2024-08-27,1028
1314,中石化,10,0,10,合庫-彰化,2024-08-27,1028
2208,台船,12,2,10,合庫-彰化,2024-08-27,1028
2351,順德,10,0,10,合庫-彰化,2024-08-27,1028
2406,國碩,20,10,10,合庫-彰化,2024-08-27,1028
2601,益航,10,0,10,合庫-彰化,2024-08-27,1028
2610,華航,10,0,10,合庫-彰化,2024-08-27,1028
4960,誠美材,10,0,10,合庫-彰化,2024-08-27,1028
6591,動力-KY,10,0,10,合庫-彰化,2024-08-27,1028
2399,映泰,21,12,9,合庫-彰化,2024-08-27,1028
6244,茂迪,9,0,9,合庫-彰化,2024-08-27,1028
2465,麗臺,10,2,8,合庫-彰化,2024-08-27,1028
2884,玉山金,8,0,8,合庫-彰化,2024-08-27,1028
8033,雷虎,13,5,8,合庫-彰化,2024-08-27,1028
1528,恩德,147,6,141,合庫-彰化,2024-08-28,1028
00687B,國泰20年美債,110,2,108,合庫-彰化,2024-08-28,1028
00680L,元大美債20正2,70,3,67,合庫-彰化,2024-08-28,1028
3013,晟銘電,67,13,54,合庫-彰化,2024-08-28,1028
2489,瑞軒,53,0,53,合庫-彰化,2024-08-28,1028
00933B,國泰10Y+金融債,54,5,49,合庫-彰化,2024-08-28,1028
00919,群益台灣精選高息,44,0,44,合庫-彰化,2024-08-28,1028
00688L,國泰20年美債正2,40,0,40,合庫-彰化,2024-08-28,1028
00937B,群益ESG投等債20,48,11,37,合庫-彰化,2024-08-28,1028
6005,群益證,26,0,26,合庫-彰化,2024-08-28,1028
2887,台新金,24,1,23,合庫-彰化,2024-08-28,1028
1711,永光,33,11,22,合庫-彰化,2024-08-28,1028
2891,中信金,54,33,21,合庫-彰化,2024-08-28,1028
6957,裕慶-KY,20,0,20,合庫-彰化,2024-08-28,1028
00676R,富邦臺灣加權反1,20,0,20,合庫-彰化,2024-08-28,1028
2412,中華電,80,60,20,合庫-彰化,2024-08-28,1028
3163,波若威,29,9,20,合庫-彰化,2024-08-28,1028
4938,和碩,20,0,20,合庫-彰化,2024-08-28,1028
5905,南仁湖,30,10,20,合庫-彰化,2024-08-28,1028
00679B,元大美債20年,19,0,19,合庫-彰化,2024-08-28,1028
1314,中石化,17,0,17,合庫-彰化,2024-08-28,1028
1727,中華化,13,0,13,合庫-彰化,2024-08-28,1028
3030,德律,16,3,13,合庫-彰化,2024-08-28,1028
2605,新興,12,0,12,合庫-彰化,2024-08-28,1028
3062,建漢,33,21,12,合庫-彰化,2024-08-28,1028
2363,矽統,11,0,11,合庫-彰化,2024-08-28,1028
3015,全漢,11,0,11,合庫-彰化,2024-08-28,1028
0056,元大高股息,11,0,11,合庫-彰化,2024-08-28,1028
2610,華航,10,0,10,合庫-彰化,2024-08-28,1028
00931B,統一美債20年,10,0,10,合庫-彰化,2024-08-28,1028
00921,兆豐龍頭等權重,10,0,10,合庫-彰化,2024-08-28,1028
00632R,元大台灣50反1,10,0,10,合庫-彰化,2024-08-28,1028
2014,中鴻,10,0,10,合庫-彰化,2024-08-28,1028
3202,樺晟,10,0,10,合庫-彰化,2024-08-28,1028
5512,力麒,10,0,10,合庫-彰化,2024-08-28,1028
5538,東明-KY,10,0,10,合庫-彰化,2024-08-28,1028
00878,國泰永續高股息,14,5,9,合庫-彰化,2024-08-28,1028
6753,龍德造船,10,1,9,合庫-彰化,2024-08-28,1028
2367,燿華,14,6,8,合庫-彰化,2024-08-28,1028
00929,復華台灣科技優息,8,0,8,合庫-彰化,2024-08-28,1028
3498,陽程,20,12,8,合庫-彰化,2024-08-28,1028
3605,宏致,11,3,8,合庫-彰化,2024-08-28,1028
6133,金橋,10,2,8,合庫-彰化,2024-08-28,1028
6443,元晶,8,0,8,合庫-彰化,2024-08-28,1028
2317,鴻海,17,10,7,合庫-彰化,2024-08-28,1028
1313,聯成,7,0,7,合庫-彰化,2024-08-28,1028
1815,富喬,7,0,7,合庫-彰化,2024-08-28,1028
2486,一詮,10,3,7,合庫-彰化,2024-08-28,1028
3455,由田,8,1,7,合庫-彰化,2024-08-28,1028
6117,迎廣,7,0,7,合庫-彰化,2024-08-28,1028
00637L,元大滬深300正2,150,0,150,合庫-彰化,2024-08-29,1028
2913,農林,112,0,112,合庫-彰化,2024-08-29,1028
00751B,元大AAA至A公司債,109,0,109,合庫-彰化,2024-08-29,1028
00937B,群益ESG投等債20,95,0,95,合庫-彰化,2024-08-29,1028
6451,訊芯-KY,60,2,58,合庫-彰化,2024-08-29,1028
6151,晉倫,53,2,51,合庫-彰化,2024-08-29,1028
2888,新光金,69,21,48,合庫-彰化,2024-08-29,1028
00679B,元大美債20年,46,0,46,合庫-彰化,2024-08-29,1028
00680L,元大美債20正2,35,0,35,合庫-彰化,2024-08-29,1028
00715L,期街口布蘭特正2,39,5,34,合庫-彰化,2024-08-29,1028
2412,中華電,30,0,30,合庫-彰化,2024-08-29,1028
1540,喬福,45,17,28,合庫-彰化,2024-08-29,1028
2402,毅嘉,30,4,26,合庫-彰化,2024-08-29,1028
2891,中信金,28,4,24,合庫-彰化,2024-08-29,1028
8927,北基,26,3,23,合庫-彰化,2024-08-29,1028
2331,精英,22,0,22,合庫-彰化,2024-08-29,1028
2330,台積電,27,6,21,合庫-彰化,2024-08-29,1028
1301,台塑,21,0,21,合庫-彰化,2024-08-29,1028
00720B,元大投資級公司債,20,0,20,合庫-彰化,2024-08-29,1028
3019,亞光,35,15,20,合庫-彰化,2024-08-29,1028
00687B,國泰20年美債,107,91,16,合庫-彰化,2024-08-29,1028
00936,台新永續高息中小,16,0,16,合庫-彰化,2024-08-29,1028
8111,立��,16,0,16,合庫-彰化,2024-08-29,1028
2801,彰銀,15,1,14,合庫-彰化,2024-08-29,1028
2489,瑞軒,13,0,13,合庫-彰化,2024-08-29,1028
2880,華南金,12,0,12,合庫-彰化,2024-08-29,1028
1907,永豐餘,12,0,12,合庫-彰化,2024-08-29,1028
2610,華航,12,0,12,合庫-彰化,2024-08-29,1028
3105,穩懋,12,0,12,合庫-彰化,2024-08-29,1028
00919,群益台灣精選高息,17,6,11,合庫-彰化,2024-08-29,1028
00688L,國泰20年美債正2,10,0,10,合庫-彰化,2024-08-29,1028
1718,中纖,10,0,10,合庫-彰化,2024-08-29,1028
2351,順德,10,0,10,合庫-彰化,2024-08-29,1028
2367,燿華,24,14,10,合庫-彰化,2024-08-29,1028
2812,台中銀,10,0,10,合庫-彰化,2024-08-29,1028
3149,正達,15,5,10,合庫-彰化,2024-08-29,1028
3346,麗清,10,0,10,合庫-彰化,2024-08-29,1028
5469,瀚宇博,10,0,10,合庫-彰化,2024-08-29,1028
6282,康舒,10,0,10,合庫-彰化,2024-08-29,1028
912000,晨訊科-DR,10,0,10,合庫-彰化,2024-08-29,1028
00954,中信日本半導體,10,1,9,合庫-彰化,2024-08-29,1028
3062,建漢,22,13,9,合庫-彰化,2024-08-29,1028
5512,力麒,9,0,9,合庫-彰化,2024-08-29,1028
00931B,統一美債20年,8,0,8,合庫-彰化,2024-08-29,1028
1536,和大,12,4,8,合庫-彰化,2024-08-29,1028
1721,三晃,15,7,8,合庫-彰化,2024-08-29,1028
3032,偉訓,8,0,8,合庫-彰化,2024-08-29,1028
3437,榮創,9,1,8,合庫-彰化,2024-08-29,1028
2303,聯電,7,0,7,合庫-彰化,2024-08-29,1028
2464,盟立,13,6,7,合庫-彰化,2024-08-29,1028
00937B,群益ESG投等債20,272,2,270,合庫-彰化,2024-08-30,1028
00687B,國泰20年美債,129,0,129,合庫-彰化,2024-08-30,1028
00673R,期元大S＆P原油反1,105,0,105,合庫-彰化,2024-08-30,1028
3363,上詮,98,8,90,合庫-彰化,2024-08-30,1028
2891,中信金,79,3,76,合庫-彰化,2024-08-30,1028
4564,元翎,84,20,64,合庫-彰化,2024-08-30,1028
3481,群創,74,11,63,合庫-彰化,2024-08-30,1028
00680L,元大美債20正2,53,0,53,合庫-彰化,2024-08-30,1028
2641,正德,60,20,40,合庫-彰化,2024-08-30,1028
00665L,富邦�琤肭磪囓�2,35,1,34,合庫-彰化,2024-08-30,1028
00933B,國泰10Y+金融債,23,0,23,合庫-彰化,2024-08-30,1028
2312,金寶,26,3,23,合庫-彰化,2024-08-30,1028
3706,神達,22,0,22,合庫-彰化,2024-08-30,1028
00671R,富邦NASDAQ反1,20,0,20,合庫-彰化,2024-08-30,1028
2409,友達,19,0,19,合庫-彰化,2024-08-30,1028
8070,長華*,20,2,18,合庫-彰化,2024-08-30,1028
2887,台新金,17,1,16,合庫-彰化,2024-08-30,1028
00650L,復華香港正2,16,0,16,合庫-彰化,2024-08-30,1028
8111,立��,21,5,16,合庫-彰化,2024-08-30,1028
2363,矽統,15,0,15,合庫-彰化,2024-08-30,1028
6743,安普新,17,2,15,合庫-彰化,2024-08-30,1028
2888,新光金,23,9,14,合庫-彰化,2024-08-30,1028
2382,廣達,12,0,12,合庫-彰化,2024-08-30,1028
2377,微星,12,0,12,合庫-彰化,2024-08-30,1028
2402,毅嘉,29,17,12,合庫-彰化,2024-08-30,1028
00679B,元大美債20年,15,3,12,合庫-彰化,2024-08-30,1028
1301,台塑,11,0,11,合庫-彰化,2024-08-30,1028
2034,允強,10,0,10,合庫-彰化,2024-08-30,1028
3051,力特,10,0,10,合庫-彰化,2024-08-30,1028
3518,柏騰,10,0,10,合庫-彰化,2024-08-30,1028
4931,新盛力,10,0,10,合庫-彰化,2024-08-30,1028
6168,宏齊,10,0,10,合庫-彰化,2024-08-30,1028
00935,野村臺灣新科技50,12,3,9,合庫-彰化,2024-08-30,1028
00905,FT臺灣Smart,11,2,9,合庫-彰化,2024-08-30,1028
2486,一詮,9,0,9,合庫-彰化,2024-08-30,1028
3303,岱稜,9,0,9,合庫-彰化,2024-08-30,1028
3312,弘憶股,9,0,9,合庫-彰化,2024-08-30,1028
1584,精剛,18,9,9,合庫-彰化,2024-08-30,1028
3047,訊舟,8,0,8,合庫-彰化,2024-08-30,1028
3189,景碩,8,0,8,合庫-彰化,2024-08-30,1028
4979,華星光,9,1,8,合庫-彰化,2024-08-30,1028
6213,聯茂,18,10,8,合庫-彰化,2024-08-30,1028
6530,創威,10,2,8,合庫-彰化,2024-08-30,1028
00959B,大華投等美債15Y+,7,0,7,合庫-彰化,2024-08-30,1028
6698,旭暉應材,7,0,7,合庫-彰化,2024-08-30,1028
5225,東科-KY,10,4,6,合庫-彰化,2024-08-30,1028
00688L,國泰20年美債正2,6,0,6,合庫-彰化,2024-08-30,1028
3645,達邁,6,0,6,合庫-彰化,2024-08-30,1028
4513,福裕,6,0,6,合庫-彰化,2024-08-30,1028
6442,光聖,11,5,6,合庫-彰化,2024-08-30,1028
00715L,期街口布蘭特正2,825,0,825,合庫-彰化,2024-09-02,1028
2388,威盛,395,0,395,合庫-彰化,2024-09-02,1028
00687B,國泰20年美債,250,2,248,合庫-彰化,2024-09-02,1028
00948B,中信優息投資級債,222,0,222,合庫-彰化,2024-09-02,1028
3481,群創,187,2,185,合庫-彰化,2024-09-02,1028
1584,精剛,112,0,112,合庫-彰化,2024-09-02,1028
3013,晟銘電,75,1,74,合庫-彰化,2024-09-02,1028
2489,瑞軒,47,2,45,合庫-彰化,2024-09-02,1028
2371,大同,42,0,42,合庫-彰化,2024-09-02,1028
2442,新美齊,45,3,42,合庫-彰化,2024-09-02,1028
8105,凌巨,48,6,42,合庫-彰化,2024-09-02,1028
2888,新光金,70,28,42,合庫-彰化,2024-09-02,1028
00915,凱基優選高股息30,40,0,40,合庫-彰化,2024-09-02,1028
6606,建德工業,44,4,40,合庫-彰化,2024-09-02,1028
2314,台揚,31,0,31,合庫-彰化,2024-09-02,1028
2337,旺宏,31,0,31,合庫-彰化,2024-09-02,1028
00937B,群益ESG投等債20,30,0,30,合庫-彰化,2024-09-02,1028
00919,群益台灣精選高息,31,3,28,合庫-彰化,2024-09-02,1028
6156,松上,25,0,25,合庫-彰化,2024-09-02,1028
00679B,元大美債20年,23,0,23,合庫-彰化,2024-09-02,1028
3149,正達,23,2,21,合庫-彰化,2024-09-02,1028
2432,倚天酷��-創,20,0,20,合庫-彰化,2024-09-02,1028
3715,定穎投控,20,0,20,合庫-彰化,2024-09-02,1028
6005,群益證,20,0,20,合庫-彰化,2024-09-02,1028
6770,力積電,19,0,19,合庫-彰化,2024-09-02,1028
3060,銘異,17,0,17,合庫-彰化,2024-09-02,1028
8111,立��,17,0,17,合庫-彰化,2024-09-02,1028
00918,大華優利高填息30,16,0,16,合庫-彰化,2024-09-02,1028
6405,悅城,16,0,16,合庫-彰化,2024-09-02,1028
4526,東台,49,34,15,合庫-彰化,2024-09-02,1028
8086,宏捷科,17,2,15,合庫-彰化,2024-09-02,1028
00959B,大華投等美債15Y+,13,0,13,合庫-彰化,2024-09-02,1028
1530,亞崴,12,0,12,合庫-彰化,2024-09-02,1028
4958,臻鼎-KY,12,0,12,合庫-彰化,2024-09-02,1028
6213,聯茂,20,8,12,合庫-彰化,2024-09-02,1028
2603,長榮,13,1,12,合庫-彰化,2024-09-02,1028
2313,華通,13,2,11,合庫-彰化,2024-09-02,1028
2352,佳世達,12,1,11,合庫-彰化,2024-09-02,1028
3057,喬鼎,11,0,11,合庫-彰化,2024-09-02,1028
3294,英濟,11,0,11,合庫-彰化,2024-09-02,1028
4977,眾達-KY,11,0,11,合庫-彰化,2024-09-02,1028
00929,復華台灣科技優息,19,9,10,合庫-彰化,2024-09-02,1028
2609,陽明,12,2,10,合庫-彰化,2024-09-02,1028
1326,台化,10,0,10,合庫-彰化,2024-09-02,1028
1609,大亞,10,0,10,合庫-彰化,2024-09-02,1028
2890,永豐金,10,0,10,合庫-彰化,2024-09-02,1028
2913,農林,75,65,10,合庫-彰化,2024-09-02,1028
3416,融程電,10,0,10,合庫-彰化,2024-09-02,1028
3437,榮創,11,1,10,合庫-彰化,2024-09-02,1028
4960,誠美材,10,0,10,合庫-彰化,2024-09-02,1028
8096,擎亞,322,9,313,合庫-彰化,2024-09-03,1028
00632R,元大台灣50反1,204,0,204,合庫-彰化,2024-09-03,1028
00687B,國泰20年美債,185,4,181,合庫-彰化,2024-09-03,1028
2367,燿華,147,6,141,合庫-彰化,2024-09-03,1028
6213,聯茂,90,22,68,合庫-彰化,2024-09-03,1028
00919,群益台灣精選高息,70,4,66,合庫-彰化,2024-09-03,1028
00715L,期街口布蘭特正2,155,90,65,合庫-彰化,2024-09-03,1028
2891,中信金,61,2,59,合庫-彰化,2024-09-03,1028
00637L,元大滬深300正2,55,0,55,合庫-彰化,2024-09-03,1028
4526,東台,50,1,49,合庫-彰化,2024-09-03,1028
6143,振曜,35,0,35,合庫-彰化,2024-09-03,1028
1312,國喬,30,0,30,合庫-彰化,2024-09-03,1028
1539,巨庭,29,1,28,合庫-彰化,2024-09-03,1028
00915,凱基優選高股息30,27,0,27,合庫-彰化,2024-09-03,1028
6957,裕慶-KY,36,9,27,合庫-彰化,2024-09-03,1028
2323,中環,26,0,26,合庫-彰化,2024-09-03,1028
2442,新美齊,26,0,26,合庫-彰化,2024-09-03,1028
3494,誠研,25,0,25,合庫-彰化,2024-09-03,1028
2867,三商壽,27,4,23,合庫-彰化,2024-09-03,1028
00878,國泰永續高股息,27,4,23,合庫-彰化,2024-09-03,1028
00700,富邦�琤肭磪�,20,0,20,合庫-彰化,2024-09-03,1028
2332,友訊,40,20,20,合庫-彰化,2024-09-03,1028
00900,富邦特選高股息30,20,1,19,合庫-彰化,2024-09-03,1028
2385,群光,20,1,19,合庫-彰化,2024-09-03,1028
00929,復華台灣科技優息,68,50,18,合庫-彰化,2024-09-03,1028
00918,大華優利高填息30,17,0,17,合庫-彰化,2024-09-03,1028
3481,群創,17,1,16,合庫-彰化,2024-09-03,1028
2432,倚天酷��-創,15,0,15,合庫-彰化,2024-09-03,1028
00948B,中信優息投資級債,14,0,14,合庫-彰化,2024-09-03,1028
8105,凌巨,14,0,14,合庫-彰化,2024-09-03,1028
2002,中鋼,12,0,12,合庫-彰化,2024-09-03,1028
00937B,群益ESG投等債20,34,22,12,合庫-彰化,2024-09-03,1028
8240,華宏,11,0,11,合庫-彰化,2024-09-03,1028
00940,元大台灣價值高息,10,0,10,合庫-彰化,2024-09-03,1028
00934,中信成長高股息,14,4,10,合庫-彰化,2024-09-03,1028
00933B,國泰10Y+金融債,10,0,10,合庫-彰化,2024-09-03,1028
00931B,統一美債20年,10,0,10,合庫-彰化,2024-09-03,1028
00930,永豐ESG低碳高息,10,0,10,合庫-彰化,2024-09-03,1028
2313,華通,30,20,10,合庫-彰化,2024-09-03,1028
2455,全新,11,1,10,合庫-彰化,2024-09-03,1028
3015,全漢,10,0,10,合庫-彰化,2024-09-03,1028
3048,益登,11,1,10,合庫-彰化,2024-09-03,1028
3294,英濟,10,0,10,合庫-彰化,2024-09-03,1028
4534,慶騰,15,5,10,合庫-彰化,2024-09-03,1028
4960,誠美材,10,0,10,合庫-彰化,2024-09-03,1028
6117,迎廣,10,0,10,合庫-彰化,2024-09-03,1028
6136,富爾特,10,0,10,合庫-彰化,2024-09-03,1028
6706,惠特,11,1,10,合庫-彰化,2024-09-03,1028
912000,晨訊科-DR,10,0,10,合庫-彰化,2024-09-03,1028
3037,欣興,10,1,9,合庫-彰化,2024-09-03,1028
00715L,期街口布蘭特正2,645,0,645,合庫-彰化,2024-09-04,1028
6757,台灣虎航,548,0,548,合庫-彰化,2024-09-04,1028
00919,群益台灣精選高息,191,67,124,合庫-彰化,2024-09-04,1028
1301,台塑,117,3,114,合庫-彰化,2024-09-04,1028
00929,復華台灣科技優息,166,57,109,合庫-彰化,2024-09-04,1028
00878,國泰永續高股息,107,15,92,合庫-彰化,2024-09-04,1028
3481,群創,90,13,77,合庫-彰化,2024-09-04,1028
00918,大華優利高填息30,76,2,74,合庫-彰化,2024-09-04,1028
6213,聯茂,89,21,68,合庫-彰化,2024-09-04,1028
2891,中信金,81,13,68,合庫-彰化,2024-09-04,1028
00940,元大台灣價值高息,75,10,65,合庫-彰化,2024-09-04,1028
2412,中華電,61,0,61,合庫-彰化,2024-09-04,1028
5880,合庫金,63,3,60,合庫-彰化,2024-09-04,1028
3363,上詮,158,102,56,合庫-彰化,2024-09-04,1028
3037,欣興,55,0,55,合庫-彰化,2024-09-04,1028
0056,元大高股息,53,0,53,合庫-彰化,2024-09-04,1028
00881,國泰台灣5G+,45,0,45,合庫-彰化,2024-09-04,1028
2316,楠梓電,45,1,44,合庫-彰化,2024-09-04,1028
1326,台化,53,10,43,合庫-彰化,2024-09-04,1028
4564,元翎,43,0,43,合庫-彰化,2024-09-04,1028
2382,廣達,47,5,42,合庫-彰化,2024-09-04,1028
2002,中鋼,38,0,38,合庫-彰化,2024-09-04,1028
6274,台燿,69,34,35,合庫-彰化,2024-09-04,1028
3013,晟銘電,136,103,33,合庫-彰化,2024-09-04,1028
006208,富邦台50,41,8,33,合庫-彰化,2024-09-04,1028
2330,台積電,36,4,32,合庫-彰化,2024-09-04,1028
2881,富邦金,33,2,31,合庫-彰化,2024-09-04,1028
2882,國泰金,33,3,30,合庫-彰化,2024-09-04,1028
00946,群益科技高息成長,29,0,29,合庫-彰化,2024-09-04,1028
2331,精英,39,10,29,合庫-彰化,2024-09-04,1028
00891,中信關鍵半導體,26,0,26,合庫-彰化,2024-09-04,1028
1514,亞力,24,0,24,合庫-彰化,2024-09-04,1028
3494,誠研,24,0,24,合庫-彰化,2024-09-04,1028
4303,信立,28,5,23,合庫-彰化,2024-09-04,1028
3060,銘異,23,0,23,合庫-彰化,2024-09-04,1028
1314,中石化,69,48,21,合庫-彰化,2024-09-04,1028
1101,台泥,20,0,20,合庫-彰化,2024-09-04,1028
00642U,期元大S＆P石油,20,0,20,合庫-彰化,2024-09-04,1028
00951,台新日本半導體,20,0,20,合庫-彰化,2024-09-04,1028
2637,慧洋-KY,20,0,20,合庫-彰化,2024-09-04,1028
00713,元大台灣高息低波,19,0,19,合庫-彰化,2024-09-04,1028
2883,凱基金,29,10,19,合庫-彰化,2024-09-04,1028
00935,野村臺灣新科技50,18,0,18,合庫-彰化,2024-09-04,1028
2312,金寶,19,2,17,合庫-彰化,2024-09-04,1028
2432,倚天酷��-創,17,0,17,合庫-彰化,2024-09-04,1028
00915,凱基優選高股息30,17,0,17,合庫-彰化,2024-09-04,1028
2303,聯電,18,2,16,合庫-彰化,2024-09-04,1028
2317,鴻海,35,19,16,合庫-彰化,2024-09-04,1028
2801,彰銀,26,10,16,合庫-彰化,2024-09-04,1028
00680L,元大美債20正2,15,0,15,合庫-彰化,2024-09-04,1028
00715L,期街口布蘭特正2,294,0,294,合庫-彰化,2024-09-05,1028
00951,台新日本半導體,177,7,170,合庫-彰化,2024-09-05,1028
00929,復華台灣科技優息,170,4,166,合庫-彰化,2024-09-05,1028
6757,台灣虎航,142,0,142,合庫-彰化,2024-09-05,1028
00919,群益台灣精選高息,92,0,92,合庫-彰化,2024-09-05,1028
00948B,中信優息投資級債,180,99,81,合庫-彰化,2024-09-05,1028
00940,元大台灣價值高息,59,5,54,合庫-彰化,2024-09-05,1028
3605,宏致,44,0,44,合庫-彰化,2024-09-05,1028
00952,凱基台灣AI50,44,2,42,合庫-彰化,2024-09-05,1028
4938,和碩,45,5,40,合庫-彰化,2024-09-05,1028
2371,大同,30,0,30,合庫-彰化,2024-09-05,1028
2888,新光金,40,10,30,合庫-彰化,2024-09-05,1028
2412,中華電,30,0,30,合庫-彰化,2024-09-05,1028
00918,大華優利高填息30,29,0,29,合庫-彰化,2024-09-05,1028
3060,銘異,27,0,27,合庫-彰化,2024-09-05,1028
2408,南亞科,30,4,26,合庫-彰化,2024-09-05,1028
2834,臺企銀,26,0,26,合庫-彰化,2024-09-05,1028
00881,國泰台灣5G+,26,0,26,合庫-彰化,2024-09-05,1028
1584,精剛,27,3,24,合庫-彰化,2024-09-05,1028
3481,群創,31,9,22,合庫-彰化,2024-09-05,1028
00878,國泰永續高股息,25,3,22,合庫-彰化,2024-09-05,1028
4545,銘鈺,21,0,21,合庫-彰化,2024-09-05,1028
00954,中信日本半導體,20,0,20,合庫-彰化,2024-09-05,1028
2316,楠梓電,20,0,20,合庫-彰化,2024-09-05,1028
4960,誠美材,20,0,20,合庫-彰化,2024-09-05,1028
6213,聯茂,22,4,18,合庫-彰化,2024-09-05,1028
4906,正文,20,3,17,合庫-彰化,2024-09-05,1028
6156,松上,15,0,15,合庫-彰化,2024-09-05,1028
2317,鴻海,30,15,15,合庫-彰化,2024-09-05,1028
0056,元大高股息,21,7,14,合庫-彰化,2024-09-05,1028
1326,台化,15,1,14,合庫-彰化,2024-09-05,1028
2337,旺宏,14,0,14,合庫-彰化,2024-09-05,1028
2402,毅嘉,14,0,14,合庫-彰化,2024-09-05,1028
00700,富邦�琤肭磪�,12,0,12,合庫-彰化,2024-09-05,1028
3013,晟銘電,49,37,12,合庫-彰化,2024-09-05,1028
2486,一詮,12,1,11,合庫-彰化,2024-09-05,1028
3494,誠研,11,0,11,合庫-彰化,2024-09-05,1028
3550,聯穎,11,0,11,合庫-彰化,2024-09-05,1028
8076,伍豐,19,8,11,合庫-彰化,2024-09-05,1028
8039,台虹,11,0,11,合庫-彰化,2024-09-05,1028
00927,群益半導體收益,11,0,11,合庫-彰化,2024-09-05,1028
1101,台泥,10,0,10,合庫-彰化,2024-09-05,1028
2867,三商壽,10,0,10,合庫-彰化,2024-09-05,1028
3056,富華新,10,0,10,合庫-彰化,2024-09-05,1028
3189,景碩,10,0,10,合庫-彰化,2024-09-05,1028
00946,群益科技高息成長,14,5,9,合庫-彰化,2024-09-05,1028
2356,英業達,9,0,9,合庫-彰化,2024-09-05,1028
6505,台塑化,8,0,8,合庫-彰化,2024-09-05,1028
00642U,期元大S＆P石油,8,0,8,合庫-彰化,2024-09-05,1028
1609,大亞,8,0,8,合庫-彰化,2024-09-05,1028
00715L,期街口布蘭特正2,412,20,392,合庫-彰化,2024-09-06,1028
00687B,國泰20年美債,167,2,165,合庫-彰化,2024-09-06,1028
6757,台灣虎航,113,0,113,合庫-彰化,2024-09-06,1028
6156,松上,61,0,61,合庫-彰化,2024-09-06,1028
00940,元大台灣價值高息,94,33,61,合庫-彰化,2024-09-06,1028
2891,中信金,57,0,57,合庫-彰化,2024-09-06,1028
6706,惠特,64,7,57,合庫-彰化,2024-09-06,1028
00929,復華台灣科技優息,57,5,52,合庫-彰化,2024-09-06,1028
6213,聯茂,44,0,44,合庫-彰化,2024-09-06,1028
4142,國光生,41,0,41,合庫-彰化,2024-09-06,1028
00680L,元大美債20正2,47,10,37,合庫-彰化,2024-09-06,1028
00751B,元大AAA至A公司債,30,0,30,合庫-彰化,2024-09-06,1028
00878,國泰永續高股息,32,5,27,合庫-彰化,2024-09-06,1028
00919,群益台灣精選高息,40,13,27,合庫-彰化,2024-09-06,1028
00946,群益科技高息成長,40,14,26,合庫-彰化,2024-09-06,1028
00713,元大台灣高息低波,30,4,26,合庫-彰化,2024-09-06,1028
4956,光鋐,30,4,26,合庫-彰化,2024-09-06,1028
00671R,富邦NASDAQ反1,24,0,24,合庫-彰化,2024-09-06,1028
00951,台新日本半導體,24,0,24,合庫-彰化,2024-09-06,1028
1815,富喬,34,11,23,合庫-彰化,2024-09-06,1028
2489,瑞軒,21,1,20,合庫-彰化,2024-09-06,1028
2883,凱基金,20,0,20,合庫-彰化,2024-09-06,1028
3060,銘異,20,0,20,合庫-彰化,2024-09-06,1028
2313,華通,19,0,19,合庫-彰化,2024-09-06,1028
00881,國泰台灣5G+,21,4,17,合庫-彰化,2024-09-06,1028
4564,元翎,45,28,17,合庫-彰化,2024-09-06,1028
00948B,中信優息投資級債,15,0,15,合庫-彰化,2024-09-06,1028
1314,中石化,15,0,15,合庫-彰化,2024-09-06,1028
5392,能率,14,0,14,合庫-彰化,2024-09-06,1028
2344,華邦電,14,0,14,合庫-彰化,2024-09-06,1028
3481,群創,15,2,13,合庫-彰化,2024-09-06,1028
2317,鴻海,15,2,13,合庫-彰化,2024-09-06,1028
3437,榮創,15,2,13,合庫-彰化,2024-09-06,1028
2497,怡利電,15,3,12,合庫-彰化,2024-09-06,1028
2610,華航,12,0,12,合庫-彰化,2024-09-06,1028
2888,新光金,15,3,12,合庫-彰化,2024-09-06,1028
00830,國泰費城半導體,11,0,11,合庫-彰化,2024-09-06,1028
2498,宏達電,12,1,11,合庫-彰化,2024-09-06,1028
4513,福裕,12,1,11,合庫-彰化,2024-09-06,1028
8070,長華*,16,5,11,合庫-彰化,2024-09-06,1028
8111,立��,10,0,10,合庫-彰化,2024-09-06,1028
00918,大華優利高填息30,8,0,8,合庫-彰化,2024-09-06,1028
2402,毅嘉,9,1,8,合庫-彰化,2024-09-06,1028
3581,博磊,12,4,8,合庫-彰化,2024-09-06,1028
5905,南仁湖,12,5,7,合庫-彰化,2024-09-06,1028
00954,中信日本半導體,8,1,7,合庫-彰化,2024-09-06,1028
6957,裕慶-KY,8,1,7,合庫-彰化,2024-09-06,1028
00632R,元大台灣50反1,10,4,6,合庫-彰化,2024-09-06,1028
1517,利奇,6,0,6,合庫-彰化,2024-09-06,1028
3047,訊舟,6,0,6,合庫-彰化,2024-09-06,1028
00715L,期街口布蘭特正2,410,0,410,合庫-彰化,2024-09-09,1028
00919,群益台灣精選高息,142,5,137,合庫-彰化,2024-09-09,1028
00929,復華台灣科技優息,147,32,115,合庫-彰化,2024-09-09,1028
1605,華新,80,0,80,合庫-彰化,2024-09-09,1028
2885,元大金,58,0,58,合庫-彰化,2024-09-09,1028
2409,友達,56,0,56,合庫-彰化,2024-09-09,1028
00940,元大台灣價值高息,52,1,51,合庫-彰化,2024-09-09,1028
1314,中石化,54,4,50,合庫-彰化,2024-09-09,1028
1584,精剛,53,5,48,合庫-彰化,2024-09-09,1028
00878,國泰永續高股息,45,1,44,合庫-彰化,2024-09-09,1028
00688L,國泰20年美債正2,35,0,35,合庫-彰化,2024-09-09,1028
2382,廣達,32,1,31,合庫-彰化,2024-09-09,1028
2317,鴻海,34,4,30,合庫-彰化,2024-09-09,1028
3450,聯鈞,29,2,27,合庫-彰化,2024-09-09,1028
00881,國泰台灣5G+,27,0,27,合庫-彰化,2024-09-09,1028
2618,長榮航,24,0,24,合庫-彰化,2024-09-09,1028
00948B,中信優息投資級債,22,0,22,合庫-彰化,2024-09-09,1028
2442,新美齊,21,0,21,合庫-彰化,2024-09-09,1028
2034,允強,20,0,20,合庫-彰化,2024-09-09,1028
6213,聯茂,25,5,20,合庫-彰化,2024-09-09,1028
00679B,元大美債20年,22,2,20,合庫-彰化,2024-09-09,1028
2250,IKKA-KY,21,2,19,合庫-彰化,2024-09-09,1028
2349,錸德,25,8,17,合庫-彰化,2024-09-09,1028
3231,緯創,19,2,17,合庫-彰化,2024-09-09,1028
00935,野村臺灣新科技50,16,0,16,合庫-彰化,2024-09-09,1028
1301,台塑,17,2,15,合庫-彰化,2024-09-09,1028
00945B,凱基美國非投等債,15,0,15,合庫-彰化,2024-09-09,1028
2331,精英,20,5,15,合庫-彰化,2024-09-09,1028
8070,長華*,15,0,15,合庫-彰化,2024-09-09,1028
2313,華通,16,2,14,合庫-彰化,2024-09-09,1028
2002,中鋼,14,0,14,合庫-彰化,2024-09-09,1028
00918,大華優利高填息30,13,0,13,合庫-彰化,2024-09-09,1028
2330,台積電,16,4,12,合庫-彰化,2024-09-09,1028
2489,瑞軒,11,0,11,合庫-彰化,2024-09-09,1028
5213,亞昕,11,0,11,合庫-彰化,2024-09-09,1028
6640,均華,11,0,11,合庫-彰化,2024-09-09,1028
2363,矽統,10,0,10,合庫-彰化,2024-09-09,1028
00943,兆豐電子高息等權,10,0,10,合庫-彰化,2024-09-09,1028
2337,旺宏,11,1,10,合庫-彰化,2024-09-09,1028
3607,谷崧,10,0,10,合庫-彰化,2024-09-09,1028
3715,定穎投控,10,0,10,合庫-彰化,2024-09-09,1028
0056,元大高股息,11,1,10,合庫-彰化,2024-09-09,1028
2610,華航,9,0,9,合庫-彰化,2024-09-09,1028
6116,彩晶,9,0,9,合庫-彰化,2024-09-09,1028
6757,台灣虎航,9,1,8,合庫-彰化,2024-09-09,1028
2881,富邦金,9,1,8,合庫-彰化,2024-09-09,1028
6274,台燿,8,1,7,合庫-彰化,2024-09-09,1028
0050,元大台灣50,6,0,6,合庫-彰化,2024-09-09,1028
00882,中信中國高股息,6,0,6,合庫-彰化,2024-09-09,1028
5871,中租-KY,6,0,6,合庫-彰化,2024-09-09,1028
00915,凱基優選高股息30,195,5,190,合庫-彰化,2024-09-10,1028
00715L,期街口布蘭特正2,172,29,143,合庫-彰化,2024-09-10,1028
00919,群益台灣精選高息,168,26,142,合庫-彰化,2024-09-10,1028
00929,復華台灣科技優息,90,25,65,合庫-彰化,2024-09-10,1028
2317,鴻海,54,6,48,合庫-彰化,2024-09-10,1028
5009,榮剛,45,0,45,合庫-彰化,2024-09-10,1028
3481,群創,45,0,45,合庫-彰化,2024-09-10,1028
2313,華通,42,1,41,合庫-彰化,2024-09-10,1028
00712,復華富時不動產,40,0,40,合庫-彰化,2024-09-10,1028
3060,銘異,37,0,37,合庫-彰化,2024-09-10,1028
00878,國泰永續高股息,39,4,35,合庫-彰化,2024-09-10,1028
1314,中石化,35,0,35,合庫-彰化,2024-09-10,1028
2888,新光金,100,65,35,合庫-彰化,2024-09-10,1028
00918,大華優利高填息30,30,0,30,合庫-彰化,2024-09-10,1028
2337,旺宏,29,0,29,合庫-彰化,2024-09-10,1028
00940,元大台灣價值高息,25,0,25,合庫-彰化,2024-09-10,1028
00632R,元大台灣50反1,25,0,25,合庫-彰化,2024-09-10,1028
3360,尚立,25,0,25,合庫-彰化,2024-09-10,1028
0056,元大高股息,35,11,24,合庫-彰化,2024-09-10,1028
6706,惠特,24,1,23,合庫-彰化,2024-09-10,1028
3498,陽程,21,0,21,合庫-彰化,2024-09-10,1028
5213,亞昕,21,0,21,合庫-彰化,2024-09-10,1028
2382,廣達,26,5,21,合庫-彰化,2024-09-10,1028
5880,合庫金,22,2,20,合庫-彰化,2024-09-10,1028
00679B,元大美債20年,40,20,20,合庫-彰化,2024-09-10,1028
00943,兆豐電子高息等權,18,0,18,合庫-彰化,2024-09-10,1028
2344,華邦電,20,2,18,合庫-彰化,2024-09-10,1028
2374,佳能,30,12,18,合庫-彰化,2024-09-10,1028
3450,聯鈞,18,0,18,合庫-彰化,2024-09-10,1028
2002,中鋼,16,0,16,合庫-彰化,2024-09-10,1028
5871,中租-KY,14,0,14,合庫-彰化,2024-09-10,1028
6770,力積電,14,0,14,合庫-彰化,2024-09-10,1028
6757,台灣虎航,13,0,13,合庫-彰化,2024-09-10,1028
6274,台燿,14,1,13,合庫-彰化,2024-09-10,1028
4967,十銓,12,0,12,合庫-彰化,2024-09-10,1028
5608,四維航,12,0,12,合庫-彰化,2024-09-10,1028
3017,奇鋐,11,0,11,合庫-彰化,2024-09-10,1028
2867,三商壽,11,0,11,合庫-彰化,2024-09-10,1028
00688L,國泰20年美債正2,10,0,10,合庫-彰化,2024-09-10,1028
2029,盛餘,10,0,10,合庫-彰化,2024-09-10,1028
2201,裕隆,10,0,10,合庫-彰化,2024-09-10,1028
2413,環科,10,0,10,合庫-彰化,2024-09-10,1028
4977,眾達-KY,10,0,10,合庫-彰化,2024-09-10,1028
5498,凱崴,10,0,10,合庫-彰化,2024-09-10,1028
6603,富強鑫,12,2,10,合庫-彰化,2024-09-10,1028
8105,凌巨,10,0,10,合庫-彰化,2024-09-10,1028
1540,喬福,79,70,9,合庫-彰化,2024-09-10,1028
1229,聯華,9,1,8,合庫-彰化,2024-09-10,1028
00934,中信成長高股息,8,0,8,合庫-彰化,2024-09-10,1028
00648R,元大S＆P500反1,10,2,8,合庫-彰化,2024-09-10,1028
00857B,永豐20年美公債,454,0,454,合庫-彰化,2024-09-11,1028
00688L,國泰20年美債正2,131,3,128,合庫-彰化,2024-09-11,1028
00715L,期街口布蘭特正2,148,22,126,合庫-彰化,2024-09-11,1028
00957B,兆豐US優選投等債,86,1,85,合庫-彰化,2024-09-11,1028
3360,尚立,92,10,82,合庫-彰化,2024-09-11,1028
2002,中鋼,72,3,69,合庫-彰化,2024-09-11,1028
5009,榮剛,44,0,44,合庫-彰化,2024-09-11,1028
00929,復華台灣科技優息,43,0,43,合庫-彰化,2024-09-11,1028
2812,台中銀,40,0,40,合庫-彰化,2024-09-11,1028
6770,力積電,40,2,38,合庫-彰化,2024-09-11,1028
6156,松上,37,0,37,合庫-彰化,2024-09-11,1028
00919,群益台灣精選高息,41,5,36,合庫-彰化,2024-09-11,1028
00878,國泰永續高股息,30,0,30,合庫-彰化,2024-09-11,1028
00664R,國泰臺灣加權反1,30,0,30,合庫-彰化,2024-09-11,1028
00953B,群益優選非投等債,30,0,30,合庫-彰化,2024-09-11,1028
00882,中信中國高股息,29,4,25,合庫-彰化,2024-09-11,1028
1584,精剛,26,1,25,合庫-彰化,2024-09-11,1028
00642U,期元大S＆P石油,23,0,23,合庫-彰化,2024-09-11,1028
00915,凱基優選高股息30,22,0,22,合庫-彰化,2024-09-11,1028
2316,楠梓電,22,0,22,合庫-彰化,2024-09-11,1028
1618,合機,20,0,20,合庫-彰化,2024-09-11,1028
4563,百德,20,0,20,合庫-彰化,2024-09-11,1028
6706,惠特,21,1,20,合庫-彰化,2024-09-11,1028
8103,瀚荃,20,0,20,合庫-彰化,2024-09-11,1028
2455,全新,20,1,19,合庫-彰化,2024-09-11,1028
3550,聯穎,15,0,15,合庫-彰化,2024-09-11,1028
6213,聯茂,15,0,15,合庫-彰化,2024-09-11,1028
00930,永豐ESG低碳高息,13,0,13,合庫-彰化,2024-09-11,1028
2883,凱基金,12,0,12,合庫-彰化,2024-09-11,1028
6606,建德工業,12,0,12,合庫-彰化,2024-09-11,1028
0056,元大高股息,12,0,12,合庫-彰化,2024-09-11,1028
2542,興富發,22,11,11,合庫-彰化,2024-09-11,1028
00891,中信關鍵半導體,11,0,11,合庫-彰化,2024-09-11,1028
3105,穩懋,11,0,11,合庫-彰化,2024-09-11,1028
4707,磐亞,11,0,11,合庫-彰化,2024-09-11,1028
2301,光寶科,10,0,10,合庫-彰化,2024-09-11,1028
00943,兆豐電子高息等權,10,0,10,合庫-彰化,2024-09-11,1028
00918,大華優利高填息30,13,3,10,合庫-彰化,2024-09-11,1028
00947,台新臺灣IC設計,10,0,10,合庫-彰化,2024-09-11,1028
00954,中信日本半導體,10,0,10,合庫-彰化,2024-09-11,1028
2351,順德,10,0,10,合庫-彰化,2024-09-11,1028
2402,毅嘉,11,1,10,合庫-彰化,2024-09-11,1028
3037,欣興,10,0,10,合庫-彰化,2024-09-11,1028
3047,訊舟,10,0,10,合庫-彰化,2024-09-11,1028
6139,亞翔,9,0,9,合庫-彰化,2024-09-11,1028
1522,堤維西,10,2,8,合庫-彰化,2024-09-11,1028
8110,華東,8,0,8,合庫-彰化,2024-09-11,1028
2349,錸德,13,6,7,合庫-彰化,2024-09-11,1028
4566,時碩工業,8,1,7,合庫-彰化,2024-09-11,1028
6877,鏵友益,7,0,7,合庫-彰化,2024-09-11,1028
00680L,元大美債20正2,162,10,152,合庫-彰化,2024-09-12,1028
6706,惠特,159,18,141,合庫-彰化,2024-09-12,1028
3360,尚立,142,5,137,合庫-彰化,2024-09-12,1028
00715L,期街口布蘭特正2,100,2,98,合庫-彰化,2024-09-12,1028
00632R,元大台灣50反1,85,0,85,合庫-彰化,2024-09-12,1028
9921,巨大,60,0,60,合庫-彰化,2024-09-12,1028
6152,百一,63,6,57,合庫-彰化,2024-09-12,1028
00637L,元大滬深300正2,50,0,50,合庫-彰化,2024-09-12,1028
5438,東友,50,0,50,合庫-彰化,2024-09-12,1028
6156,松上,42,0,42,合庫-彰化,2024-09-12,1028
3450,聯鈞,29,0,29,合庫-彰化,2024-09-12,1028
00712,復華富時不動產,26,0,26,合庫-彰化,2024-09-12,1028
00918,大華優利高填息30,25,1,24,合庫-彰化,2024-09-12,1028
1584,精剛,20,0,20,合庫-彰化,2024-09-12,1028
2891,中信金,22,3,19,合庫-彰化,2024-09-12,1028
00919,群益台灣精選高息,23,6,17,合庫-彰化,2024-09-12,1028
00937B,群益ESG投等債20,16,1,15,合庫-彰化,2024-09-12,1028
2887,台新金,17,3,14,合庫-彰化,2024-09-12,1028
8467,波力-KY,12,0,12,合庫-彰化,2024-09-12,1028
0056,元大高股息,17,6,11,合庫-彰化,2024-09-12,1028
00915,凱基優選高股息30,12,1,11,合庫-彰化,2024-09-12,1028
2467,志聖,15,4,11,合庫-彰化,2024-09-12,1028
8096,擎亞,12,2,10,合庫-彰化,2024-09-12,1028
00795B,中信美國公債20年,11,1,10,合庫-彰化,2024-09-12,1028
3021,鴻名,10,0,10,合庫-彰化,2024-09-12,1028
6248,沛波,10,0,10,合庫-彰化,2024-09-12,1028
1522,堤維西,9,0,9,合庫-彰化,2024-09-12,1028
00706L,期元大S＆P日圓正2,9,0,9,合庫-彰化,2024-09-12,1028
2353,宏��,10,1,9,合庫-彰化,2024-09-12,1028
1101,台泥,7,0,7,合庫-彰化,2024-09-12,1028
5347,世界,9,2,7,合庫-彰化,2024-09-12,1028
8249,菱光,17,10,7,合庫-彰化,2024-09-12,1028
4510,高鋒,15,8,7,合庫-彰化,2024-09-12,1028
00940,元大台灣價值高息,6,0,6,合庫-彰化,2024-09-12,1028
2002,中鋼,6,0,6,合庫-彰化,2024-09-12,1028
2618,長榮航,11,5,6,合庫-彰化,2024-09-12,1028
3518,柏騰,6,0,6,合庫-彰化,2024-09-12,1028
6689,伊雲谷,6,0,6,合庫-彰化,2024-09-12,1028
3324,雙鴻,6,0,6,合庫-彰化,2024-09-12,1028
2867,三商壽,7,2,5,合庫-彰化,2024-09-12,1028
00740B,富邦全球投等債,5,0,5,合庫-彰化,2024-09-12,1028
00957B,兆豐US優選投等債,5,0,5,合庫-彰化,2024-09-12,1028
2010,春源,5,0,5,合庫-彰化,2024-09-12,1028
2464,盟立,6,1,5,合庫-彰化,2024-09-12,1028
2885,元大金,5,0,5,合庫-彰化,2024-09-12,1028
3543,州巧,5,0,5,合庫-彰化,2024-09-12,1028
4137,麗豐-KY,5,0,5,合庫-彰化,2024-09-12,1028
4561,健椿,11,6,5,合庫-彰化,2024-09-12,1028
5876,上海商銀,6,1,5,合庫-彰化,2024-09-12,1028
6823,濾能,5,0,5,合庫-彰化,2024-09-12,1028
00680L,元大美債20正2,175,10,165,合庫-彰化,2024-09-13,1028
00919,群益台灣精選高息,142,0,142,合庫-彰化,2024-09-13,1028
6505,台塑化,65,8,57,合庫-彰化,2024-09-13,1028
00687B,國泰20年美債,58,2,56,合庫-彰化,2024-09-13,1028
00712,復華富時不動產,52,0,52,合庫-彰化,2024-09-13,1028
00688L,國泰20年美債正2,50,2,48,合庫-彰化,2024-09-13,1028
00715L,期街口布蘭特正2,105,60,45,合庫-彰化,2024-09-13,1028
00929,復華台灣科技優息,76,37,39,合庫-彰化,2024-09-13,1028
1301,台塑,50,14,36,合庫-彰化,2024-09-13,1028
3013,晟銘電,46,10,36,合庫-彰化,2024-09-13,1028
1308,亞聚,34,0,34,合庫-彰化,2024-09-13,1028
00632R,元大台灣50反1,30,0,30,合庫-彰化,2024-09-13,1028
2399,映泰,46,17,29,合庫-彰化,2024-09-13,1028
2324,仁寶,30,1,29,合庫-彰化,2024-09-13,1028
3360,尚立,38,10,28,合庫-彰化,2024-09-13,1028
00933B,國泰10Y+金融債,21,0,21,合庫-彰化,2024-09-13,1028
3105,穩懋,20,0,20,合庫-彰化,2024-09-13,1028
1584,精剛,19,2,17,合庫-彰化,2024-09-13,1028
3481,群創,17,1,16,合庫-彰化,2024-09-13,1028
6156,松上,16,0,16,合庫-彰化,2024-09-13,1028
00957B,兆豐US優選投等債,15,0,15,合庫-彰化,2024-09-13,1028
1714,和桐,14,0,14,合庫-彰化,2024-09-13,1028
00679B,元大美債20年,18,5,13,合庫-彰化,2024-09-13,1028
00918,大華優利高填息30,15,2,13,合庫-彰化,2024-09-13,1028
2344,華邦電,12,0,12,合庫-彰化,2024-09-13,1028
00930,永豐ESG低碳高息,11,0,11,合庫-彰化,2024-09-13,1028
2365,昆盈,11,0,11,合庫-彰化,2024-09-13,1028
4967,十銓,10,0,10,合庫-彰化,2024-09-13,1028
6127,九豪,10,0,10,合庫-彰化,2024-09-13,1028
6133,金橋,10,0,10,合庫-彰化,2024-09-13,1028
6190,萬泰科,10,0,10,合庫-彰化,2024-09-13,1028
8021,尖點,10,0,10,合庫-彰化,2024-09-13,1028
8111,立��,11,1,10,合庫-彰化,2024-09-13,1028
2382,廣達,10,1,9,合庫-彰化,2024-09-13,1028
3312,弘憶股,10,1,9,合庫-彰化,2024-09-13,1028
2886,兆豐金,10,1,9,合庫-彰化,2024-09-13,1028
2303,聯電,8,0,8,合庫-彰化,2024-09-13,1028
2892,第一金,11,3,8,合庫-彰化,2024-09-13,1028
00857B,永豐20年美公債,7,0,7,合庫-彰化,2024-09-13,1028
3060,銘異,12,5,7,合庫-彰化,2024-09-13,1028
2383,台光電,8,2,6,合庫-彰化,2024-09-13,1028
1718,中纖,6,0,6,合庫-彰化,2024-09-13,1028
5009,榮剛,6,0,6,合庫-彰化,2024-09-13,1028
8096,擎亞,6,0,6,合庫-彰化,2024-09-13,1028
6187,萬潤,14,9,5,合庫-彰化,2024-09-13,1028
00897,富邦基因免疫生技,5,0,5,合庫-彰化,2024-09-13,1028
1101,台泥,5,0,5,合庫-彰化,2024-09-13,1028
2455,全新,5,0,5,合庫-彰化,2024-09-13,1028
3015,全漢,5,0,5,合庫-彰化,2024-09-13,1028
3535,晶彩科,9,4,5,合庫-彰化,2024-09-13,1028
00878,國泰永續高股息,206,1,205,合庫-彰化,2024-09-16,1028
00935,野村臺灣新科技50,201,0,201,合庫-彰化,2024-09-16,1028
00687B,國泰20年美債,134,34,100,合庫-彰化,2024-09-16,1028
1326,台化,83,19,64,合庫-彰化,2024-09-16,1028
3021,鴻名,55,0,55,合庫-彰化,2024-09-16,1028
2337,旺宏,40,0,40,合庫-彰化,2024-09-16,1028
1301,台塑,51,11,40,合庫-彰化,2024-09-16,1028
1528,恩德,45,10,35,合庫-彰化,2024-09-16,1028
00919,群益台灣精選高息,31,3,28,合庫-彰化,2024-09-16,1028
5426,振發,35,11,24,合庫-彰化,2024-09-16,1028
2062,橋椿,24,1,23,合庫-彰化,2024-09-16,1028
2002,中鋼,23,0,23,合庫-彰化,2024-09-16,1028
6248,沛波,20,0,20,合庫-彰化,2024-09-16,1028
6957,裕慶-KY,20,0,20,合庫-彰化,2024-09-16,1028
1584,精剛,19,0,19,合庫-彰化,2024-09-16,1028
3060,銘異,17,0,17,合庫-彰化,2024-09-16,1028
00764B,群益25年美債,16,0,16,合庫-彰化,2024-09-16,1028
00679B,元大美債20年,37,21,16,合庫-彰化,2024-09-16,1028
00918,大華優利高填息30,15,0,15,合庫-彰化,2024-09-16,1028
8040,九暘,15,0,15,合庫-彰化,2024-09-16,1028
1303,南亞,32,18,14,合庫-彰化,2024-09-16,1028
00940,元大台灣價值高息,14,0,14,合庫-彰化,2024-09-16,1028
8096,擎亞,14,0,14,合庫-彰化,2024-09-16,1028
5905,南仁湖,13,1,12,合庫-彰化,2024-09-16,1028
6405,悅城,13,1,12,合庫-彰化,2024-09-16,1028
2542,興富發,11,0,11,合庫-彰化,2024-09-16,1028
00915,凱基優選高股息30,11,0,11,合庫-彰化,2024-09-16,1028
00929,復華台灣科技優息,13,2,11,合庫-彰化,2024-09-16,1028
3049,精金,15,4,11,合庫-彰化,2024-09-16,1028
00688L,國泰20年美債正2,10,0,10,合庫-彰化,2024-09-16,1028
00632R,元大台灣50反1,10,0,10,合庫-彰化,2024-09-16,1028
00720B,元大投資級公司債,10,0,10,合庫-彰化,2024-09-16,1028
2607,榮運,10,0,10,合庫-彰化,2024-09-16,1028
5291,邑昇,10,0,10,合庫-彰化,2024-09-16,1028
9904,寶成,10,0,10,合庫-彰化,2024-09-16,1028
00713,元大台灣高息低波,11,2,9,合庫-彰化,2024-09-16,1028
6215,和椿,8,0,8,合庫-彰化,2024-09-16,1028
00637L,元大滬深300正2,7,0,7,合庫-彰化,2024-09-16,1028
2344,華邦電,7,0,7,合庫-彰化,2024-09-16,1028
6239,力成,7,0,7,合庫-彰化,2024-09-16,1028
6805,富世達,8,1,7,合庫-彰化,2024-09-16,1028
2540,愛山林,6,0,6,合庫-彰化,2024-09-16,1028
4550,長佳,7,1,6,合庫-彰化,2024-09-16,1028
4979,華星光,27,21,6,合庫-彰化,2024-09-16,1028
00900,富邦特選高股息30,6,0,6,合庫-彰化,2024-09-16,1028
00772B,中信高評級公司債,5,0,5,合庫-彰化,2024-09-16,1028
1540,喬福,45,40,5,合庫-彰化,2024-09-16,1028
3701,大眾控,5,0,5,合庫-彰化,2024-09-16,1028
4510,高鋒,51,46,5,合庫-彰化,2024-09-16,1028
5876,上海商銀,5,0,5,合庫-彰化,2024-09-16,1028
00642U,期元大S＆P石油,492,2,490,合庫-彰化,2024-09-18,1028
00948B,中信優息投資級債,349,0,349,合庫-彰化,2024-09-18,1028
00958B,永豐ESG銀行債15,420,84,336,合庫-彰化,2024-09-18,1028
00687B,國泰20年美債,181,0,181,合庫-彰化,2024-09-18,1028
1584,精剛,127,0,127,合庫-彰化,2024-09-18,1028
4979,華星光,122,16,106,合庫-彰化,2024-09-18,1028
2201,裕隆,107,5,102,合庫-彰化,2024-09-18,1028
00929,復華台灣科技優息,128,26,102,合庫-彰化,2024-09-18,1028
00680L,元大美債20正2,91,0,91,合庫-彰化,2024-09-18,1028
2402,毅嘉,70,3,67,合庫-彰化,2024-09-18,1028
00919,群益台灣精選高息,69,3,66,合庫-彰化,2024-09-18,1028
8033,雷虎,53,3,50,合庫-彰化,2024-09-18,1028
00943,兆豐電子高息等權,44,2,42,合庫-彰化,2024-09-18,1028
3013,晟銘電,37,1,36,合庫-彰化,2024-09-18,1028
2399,映泰,38,4,34,合庫-彰化,2024-09-18,1028
1905,華紙,33,0,33,合庫-彰化,2024-09-18,1028
00713,元大台灣高息低波,32,0,32,合庫-彰化,2024-09-18,1028
8431,匯鑽科,30,0,30,合庫-彰化,2024-09-18,1028
00951,台新日本半導體,26,0,26,合庫-彰化,2024-09-18,1028
2455,全新,26,0,26,合庫-彰化,2024-09-18,1028
8081,致新,24,0,24,合庫-彰化,2024-09-18,1028
2353,宏��,21,0,21,合庫-彰化,2024-09-18,1028
4545,銘鈺,21,0,21,合庫-彰化,2024-09-18,1028
8027,鈦昇,22,1,21,合庫-彰化,2024-09-18,1028
6248,沛波,20,0,20,合庫-彰化,2024-09-18,1028
8074,鉅橡,30,10,20,合庫-彰化,2024-09-18,1028
00935,野村臺灣新科技50,19,0,19,合庫-彰化,2024-09-18,1028
5905,南仁湖,27,8,19,合庫-彰化,2024-09-18,1028
00881,國泰台灣5G+,20,2,18,合庫-彰化,2024-09-18,1028
00915,凱基優選高股息30,18,0,18,合庫-彰化,2024-09-18,1028
00918,大華優利高填息30,25,8,17,合庫-彰化,2024-09-18,1028
4958,臻鼎-KY,16,0,16,合庫-彰化,2024-09-18,1028
00946,群益科技高息成長,16,0,16,合庫-彰化,2024-09-18,1028
1711,永光,29,14,15,合庫-彰化,2024-09-18,1028
9962,有益,15,0,15,合庫-彰化,2024-09-18,1028
2313,華通,14,0,14,合庫-彰化,2024-09-18,1028
0056,元大高股息,16,3,13,合庫-彰化,2024-09-18,1028
2464,盟立,25,12,13,合庫-彰化,2024-09-18,1028
1785,光洋科,28,15,13,合庫-彰化,2024-09-18,1028
6838,台新藥,12,0,12,合庫-彰化,2024-09-18,1028
2317,鴻海,45,33,12,合庫-彰化,2024-09-18,1028
00921,兆豐龍頭等權重,11,0,11,合庫-彰化,2024-09-18,1028
00878,國泰永續高股息,17,6,11,合庫-彰化,2024-09-18,1028
2338,光罩,11,0,11,合庫-彰化,2024-09-18,1028
2355,敬鵬,11,0,11,合庫-彰化,2024-09-18,1028
5426,振發,17,6,11,合庫-彰化,2024-09-18,1028
2477,美隆電,10,0,10,合庫-彰化,2024-09-18,1028
1314,中石化,10,0,10,合庫-彰化,2024-09-18,1028
2103,台橡,10,0,10,合庫-彰化,2024-09-18,1028
2484,希華,10,0,10,合庫-彰化,2024-09-18,1028
00680L,元大美債20正2,200,0,200,合庫-彰化,2024-09-19,1028
00679B,元大美債20年,179,0,179,合庫-彰化,2024-09-19,1028
00642U,期元大S＆P石油,100,0,100,合庫-彰化,2024-09-19,1028
00919,群益台灣精選高息,83,11,72,合庫-彰化,2024-09-19,1028
00687B,國泰20年美債,66,7,59,合庫-彰化,2024-09-19,1028
00948B,中信優息投資級債,57,0,57,合庫-彰化,2024-09-19,1028
00929,復華台灣科技優息,67,16,51,合庫-彰化,2024-09-19,1028
1301,台塑,38,0,38,合庫-彰化,2024-09-19,1028
00937B,群益ESG投等債20,95,60,35,合庫-彰化,2024-09-19,1028
2020,美亞,32,0,32,合庫-彰化,2024-09-19,1028
00943,兆豐電子高息等權,30,0,30,合庫-彰化,2024-09-19,1028
3081,聯亞,29,1,28,合庫-彰化,2024-09-19,1028
00958B,永豐ESG銀行債15,32,9,23,合庫-彰化,2024-09-19,1028
2355,敬鵬,22,0,22,合庫-彰化,2024-09-19,1028
2062,橋椿,25,4,21,合庫-彰化,2024-09-19,1028
8466,美吉吉-KY,21,0,21,合庫-彰化,2024-09-19,1028
6248,沛波,20,0,20,合庫-彰化,2024-09-19,1028
2402,毅嘉,21,3,18,合庫-彰化,2024-09-19,1028
6727,亞泰金屬,17,1,16,合庫-彰化,2024-09-19,1028
6838,台新藥,16,0,16,合庫-彰化,2024-09-19,1028
3360,尚立,18,3,15,合庫-彰化,2024-09-19,1028
3049,精金,66,52,14,合庫-彰化,2024-09-19,1028
2801,彰銀,14,0,14,合庫-彰化,2024-09-19,1028
2002,中鋼,14,0,14,合庫-彰化,2024-09-19,1028
00751B,元大AAA至A公司債,13,0,13,合庫-彰化,2024-09-19,1028
00632R,元大台灣50反1,13,0,13,合庫-彰化,2024-09-19,1028
2344,華邦電,13,0,13,合庫-彰化,2024-09-19,1028
0056,元大高股息,14,2,12,合庫-彰化,2024-09-19,1028
6104,創惟,15,4,11,合庫-彰化,2024-09-19,1028
00918,大華優利高填息30,12,2,10,合庫-彰化,2024-09-19,1028
00795B,中信美國公債20年,10,0,10,合庫-彰化,2024-09-19,1028
00706L,期元大S＆P日圓正2,10,0,10,合庫-彰化,2024-09-19,1028
4979,華星光,38,28,10,合庫-彰化,2024-09-19,1028
5291,邑昇,10,0,10,合庫-彰化,2024-09-19,1028
5905,南仁湖,10,0,10,合庫-彰化,2024-09-19,1028
6957,裕慶-KY,10,0,10,合庫-彰化,2024-09-19,1028
2892,第一金,10,0,10,合庫-彰化,2024-09-19,1028
00713,元大台灣高息低波,10,0,10,合庫-彰化,2024-09-19,1028
2409,友達,12,3,9,合庫-彰化,2024-09-19,1028
00772B,中信高評級公司債,8,0,8,合庫-彰化,2024-09-19,1028
1711,永光,14,6,8,合庫-彰化,2024-09-19,1028
6288,聯嘉,11,3,8,合庫-彰化,2024-09-19,1028
1531,高林股,7,0,7,合庫-彰化,2024-09-19,1028
3006,晶豪科,10,3,7,合庫-彰化,2024-09-19,1028
3060,銘異,7,0,7,合庫-彰化,2024-09-19,1028
00882,中信中國高股息,7,1,6,合庫-彰化,2024-09-19,1028
3021,鴻名,6,0,6,合庫-彰化,2024-09-19,1028
3543,州巧,6,0,6,合庫-彰化,2024-09-19,1028
4968,立積,6,0,6,合庫-彰化,2024-09-19,1028
5356,協益,6,0,6,合庫-彰化,2024-09-19,1028
3013,晟銘電,266,7,259,合庫-彰化,2024-09-20,1028
00679B,元大美債20年,118,10,108,合庫-彰化,2024-09-20,1028
00648R,元大S＆P500反1,100,0,100,合庫-彰化,2024-09-20,1028
00753L,中信中國50正2,100,0,100,合庫-彰化,2024-09-20,1028
6706,惠特,88,0,88,合庫-彰化,2024-09-20,1028
3049,精金,110,57,53,合庫-彰化,2024-09-20,1028
5905,南仁湖,56,15,41,合庫-彰化,2024-09-20,1028
00958B,永豐ESG銀行債15,37,0,37,合庫-彰化,2024-09-20,1028
00919,群益台灣精選高息,59,25,34,合庫-彰化,2024-09-20,1028
1717,長興,36,2,34,合庫-彰化,2024-09-20,1028
6838,台新藥,35,2,33,合庫-彰化,2024-09-20,1028
00929,復華台灣科技優息,54,23,31,合庫-彰化,2024-09-20,1028
00857B,永豐20年美公債,25,0,25,合庫-彰化,2024-09-20,1028
9935,慶豐富,30,5,25,合庫-彰化,2024-09-20,1028
2542,興富發,26,1,25,合庫-彰化,2024-09-20,1028
8466,美吉吉-KY,25,3,22,合庫-彰化,2024-09-20,1028
00952,凱基台灣AI50,21,0,21,合庫-彰化,2024-09-20,1028
00900,富邦特選高股息30,20,0,20,合庫-彰化,2024-09-20,1028
2020,美亞,18,0,18,合庫-彰化,2024-09-20,1028
2455,全新,26,8,18,合庫-彰化,2024-09-20,1028
3149,正達,20,2,18,合庫-彰化,2024-09-20,1028
2431,聯昌,15,0,15,合庫-彰化,2024-09-20,1028
5512,力麒,15,0,15,合庫-彰化,2024-09-20,1028
6207,雷科,14,0,14,合庫-彰化,2024-09-20,1028
00708L,期元大S＆P黃金正2,23,10,13,合庫-彰化,2024-09-20,1028
3030,德律,13,0,13,合庫-彰化,2024-09-20,1028
3498,陽程,13,0,13,合庫-彰化,2024-09-20,1028
00915,凱基優選高股息30,16,4,12,合庫-彰化,2024-09-20,1028
00688L,國泰20年美債正2,32,20,12,合庫-彰化,2024-09-20,1028
3056,富華新,12,0,12,合庫-彰化,2024-09-20,1028
3060,銘異,12,0,12,合庫-彰化,2024-09-20,1028
2344,華邦電,21,10,11,合庫-彰化,2024-09-20,1028
00712,復華富時不動產,11,0,11,合庫-彰化,2024-09-20,1028
9907,統一實,11,0,11,合庫-彰化,2024-09-20,1028
00631L,元大台灣50正2,10,0,10,合庫-彰化,2024-09-20,1028
2485,兆赫,10,0,10,合庫-彰化,2024-09-20,1028
3062,建漢,26,16,10,合庫-彰化,2024-09-20,1028
3306,鼎天,10,0,10,合庫-彰化,2024-09-20,1028
3535,晶彩科,11,2,9,合庫-彰化,2024-09-20,1028
2801,彰銀,15,6,9,合庫-彰化,2024-09-20,1028
00795B,中信美國公債20年,9,0,9,合庫-彰化,2024-09-20,1028
2605,新興,10,1,9,合庫-彰化,2024-09-20,1028
00882,中信中國高股息,8,0,8,合庫-彰化,2024-09-20,1028
00687B,國泰20年美債,123,115,8,合庫-彰化,2024-09-20,1028
1721,三晃,13,5,8,合庫-彰化,2024-09-20,1028
3211,順達,8,0,8,合庫-彰化,2024-09-20,1028
6791,虎門科技,8,0,8,合庫-彰化,2024-09-20,1028
00937B,群益ESG投等債20,19,12,7,合庫-彰化,2024-09-20,1028
3354,律勝,15,8,7,合庫-彰化,2024-09-20,1028
8070,長華*,16,9,7,合庫-彰化,2024-09-20,1028
8096,擎亞,613,10,603,合庫-彰化,2024-09-23,1028
3019,亞光,220,1,219,合庫-彰化,2024-09-23,1028
00680L,元大美債20正2,139,5,134,合庫-彰化,2024-09-23,1028
00919,群益台灣精選高息,123,11,112,合庫-彰化,2024-09-23,1028
00918,大華優利高填息30,57,0,57,合庫-彰化,2024-09-23,1028
2812,台中銀,58,1,57,合庫-彰化,2024-09-23,1028
00937B,群益ESG投等債20,66,18,48,合庫-彰化,2024-09-23,1028
5210,寶碩,56,8,48,合庫-彰化,2024-09-23,1028
00632R,元大台灣50反1,44,5,39,合庫-彰化,2024-09-23,1028
3481,群創,63,32,31,合庫-彰化,2024-09-23,1028
00687B,國泰20年美債,33,3,30,合庫-彰化,2024-09-23,1028
6957,裕慶-KY,25,0,25,合庫-彰化,2024-09-23,1028
00688L,國泰20年美債正2,22,0,22,合庫-彰化,2024-09-23,1028
00878,國泰永續高股息,22,2,20,合庫-彰化,2024-09-23,1028
6548,長科*,24,5,19,合庫-彰化,2024-09-23,1028
3060,銘異,18,0,18,合庫-彰化,2024-09-23,1028
00931B,統一美債20年,23,6,17,合庫-彰化,2024-09-23,1028
00948B,中信優息投資級債,16,0,16,合庫-彰化,2024-09-23,1028
5292,華懋,17,2,15,合庫-彰化,2024-09-23,1028
1711,永光,21,7,14,合庫-彰化,2024-09-23,1028
2442,新美齊,50,38,12,合庫-彰化,2024-09-23,1028
3048,益登,12,1,11,合庫-彰化,2024-09-23,1028
1460,宏遠,10,0,10,合庫-彰化,2024-09-23,1028
2243,宏旭-KY,10,0,10,合庫-彰化,2024-09-23,1028
3390,旭軟,10,0,10,合庫-彰化,2024-09-23,1028
6290,良維,10,0,10,合庫-彰化,2024-09-23,1028
8092,建暐,10,0,10,合庫-彰化,2024-09-23,1028
8466,美吉吉-KY,10,0,10,合庫-彰化,2024-09-23,1028
2062,橋椿,18,9,9,合庫-彰化,2024-09-23,1028
1522,堤維西,10,1,9,合庫-彰化,2024-09-23,1028
3013,晟銘電,22,13,9,合庫-彰化,2024-09-23,1028
3360,尚立,21,12,9,合庫-彰化,2024-09-23,1028
4729,熒茂,10,1,9,合庫-彰化,2024-09-23,1028
2630,亞航,13,5,8,合庫-彰化,2024-09-23,1028
3163,波若威,11,3,8,合庫-彰化,2024-09-23,1028
3548,兆利,7,0,7,合庫-彰化,2024-09-23,1028
6188,廣明,9,2,7,合庫-彰化,2024-09-23,1028
2539,櫻花建,6,0,6,合庫-彰化,2024-09-23,1028
00915,凱基優選高股息30,6,0,6,合庫-彰化,2024-09-23,1028
00679B,元大美債20年,20,14,6,合庫-彰化,2024-09-23,1028
1727,中華化,11,5,6,合庫-彰化,2024-09-23,1028
2374,佳能,6,0,6,合庫-彰化,2024-09-23,1028
4716,大立,13,7,6,合庫-彰化,2024-09-23,1028
5880,合庫金,11,5,6,合庫-彰化,2024-09-23,1028
6218,豪勉,6,0,6,合庫-彰化,2024-09-23,1028
4919,新唐,7,2,5,合庫-彰化,2024-09-23,1028
2382,廣達,10,5,5,合庫-彰化,2024-09-23,1028
00706L,期元大S＆P日圓正2,5,0,5,合庫-彰化,2024-09-23,1028
00738U,期元大道瓊白銀,5,0,5,合庫-彰化,2024-09-23,1028
00857B,永豐20年美公債,5,0,5,合庫-彰化,2024-09-23,1028
00680L,元大美債20正2,651,0,651,合庫-彰化,2024-09-24,1028
00673R,期元大S＆P原油反1,600,0,600,合庫-彰化,2024-09-24,1028
00948B,中信優息投資級債,347,0,347,合庫-彰化,2024-09-24,1028
2388,威盛,240,1,239,合庫-彰化,2024-09-24,1028
3450,聯鈞,231,11,220,合庫-彰化,2024-09-24,1028
00687B,國泰20年美債,61,0,61,合庫-彰化,2024-09-24,1028
0056,元大高股息,53,0,53,合庫-彰化,2024-09-24,1028
6142,友勁,50,0,50,合庫-彰化,2024-09-24,1028
2344,華邦電,43,0,43,合庫-彰化,2024-09-24,1028
2888,新光金,51,8,43,合庫-彰化,2024-09-24,1028
00632R,元大台灣50反1,40,0,40,合庫-彰化,2024-09-24,1028
1584,精剛,41,5,36,合庫-彰化,2024-09-24,1028
00931B,統一美債20年,34,0,34,合庫-彰化,2024-09-24,1028
6109,亞元,40,7,33,合庫-彰化,2024-09-24,1028
00753L,中信中國50正2,32,0,32,合庫-彰化,2024-09-24,1028
00937B,群益ESG投等債20,34,7,27,合庫-彰化,2024-09-24,1028
3081,聯亞,61,34,27,合庫-彰化,2024-09-24,1028
00795B,中信美國公債20年,26,0,26,合庫-彰化,2024-09-24,1028
2316,楠梓電,25,0,25,合庫-彰化,2024-09-24,1028
6156,松上,25,0,25,合庫-彰化,2024-09-24,1028
00960,野村全球航運龍頭,35,10,25,合庫-彰化,2024-09-24,1028
00679B,元大美債20年,31,7,24,合庫-彰化,2024-09-24,1028
6274,台燿,32,9,23,合庫-彰化,2024-09-24,1028
00751B,元大AAA至A公司債,21,0,21,合庫-彰化,2024-09-24,1028
2611,志信,20,0,20,合庫-彰化,2024-09-24,1028
5210,寶碩,20,0,20,合庫-彰化,2024-09-24,1028
6405,悅城,25,5,20,合庫-彰化,2024-09-24,1028
4729,熒茂,28,11,17,合庫-彰化,2024-09-24,1028
6506,雙邦,18,2,16,合庫-彰化,2024-09-24,1028
1539,巨庭,21,6,15,合庫-彰化,2024-09-24,1028
5521,工信,15,0,15,合庫-彰化,2024-09-24,1028
2313,華通,16,2,14,合庫-彰化,2024-09-24,1028
2426,鼎元,15,2,13,合庫-彰化,2024-09-24,1028
3605,宏致,13,0,13,合庫-彰化,2024-09-24,1028
2606,裕民,12,0,12,合庫-彰化,2024-09-24,1028
3550,聯穎,21,9,12,合庫-彰化,2024-09-24,1028
00665L,富邦�琤肭磪囓�2,11,0,11,合庫-彰化,2024-09-24,1028
00882,中信中國高股息,12,1,11,合庫-彰化,2024-09-24,1028
00936,台新永續高息中小,11,0,11,合庫-彰化,2024-09-24,1028
2355,敬鵬,12,1,11,合庫-彰化,2024-09-24,1028
2356,英業達,12,1,11,合庫-彰化,2024-09-24,1028
9935,慶豐富,11,0,11,合庫-彰化,2024-09-24,1028
00921,兆豐龍頭等權重,10,0,10,合庫-彰化,2024-09-24,1028
2029,盛餘,10,0,10,合庫-彰化,2024-09-24,1028
2547,日勝生,10,0,10,合庫-彰化,2024-09-24,1028
3694,海華,11,1,10,合庫-彰化,2024-09-24,1028
5392,能率,10,0,10,合庫-彰化,2024-09-24,1028
8040,九暘,10,0,10,合庫-彰化,2024-09-24,1028
8089,康全電訊,10,0,10,合庫-彰化,2024-09-24,1028
00738U,期元大道瓊白銀,9,0,9,合庫-彰化,2024-09-24,1028
00753L,中信中國50正2,285,10,275,合庫-彰化,2024-09-25,1028
00665L,富邦�琤肭磪囓�2,318,104,214,合庫-彰化,2024-09-25,1028
00637L,元大滬深300正2,151,0,151,合庫-彰化,2024-09-25,1028
3450,聯鈞,138,45,93,合庫-彰化,2024-09-25,1028
3013,晟銘電,117,27,90,合庫-彰化,2024-09-25,1028
00687B,國泰20年美債,69,8,61,合庫-彰化,2024-09-25,1028
00948B,中信優息投資級債,60,1,59,合庫-彰化,2024-09-25,1028
00931B,統一美債20年,55,0,55,合庫-彰化,2024-09-25,1028
1447,力鵬,30,0,30,合庫-彰化,2024-09-25,1028
2402,毅嘉,42,12,30,合庫-彰化,2024-09-25,1028
00679B,元大美債20年,27,1,26,合庫-彰化,2024-09-25,1028
5905,南仁湖,18,0,18,合庫-彰化,2024-09-25,1028
6923,中台,18,1,17,合庫-彰化,2024-09-25,1028
9911,櫻花,15,0,15,合庫-彰化,2024-09-25,1028
00882,中信中國高股息,20,6,14,合庫-彰化,2024-09-25,1028
1326,台化,17,3,14,合庫-彰化,2024-09-25,1028
3694,海華,13,0,13,合庫-彰化,2024-09-25,1028
1808,潤隆,12,0,12,合庫-彰化,2024-09-25,1028
2867,三商壽,11,0,11,合庫-彰化,2024-09-25,1028
00764B,群益25年美債,10,0,10,合庫-彰化,2024-09-25,1028
00655L,國泰中國A50正2,10,0,10,合庫-彰化,2024-09-25,1028
00946,群益科技高息成長,10,0,10,合庫-彰化,2024-09-25,1028
2426,鼎元,14,4,10,合庫-彰化,2024-09-25,1028
3605,宏致,25,15,10,合庫-彰化,2024-09-25,1028
5347,世界,10,0,10,合庫-彰化,2024-09-25,1028
6177,達麗,10,0,10,合庫-彰化,2024-09-25,1028
6248,沛波,10,0,10,合庫-彰化,2024-09-25,1028
6712,長聖,10,0,10,合庫-彰化,2024-09-25,1028
8027,鈦昇,10,0,10,合庫-彰化,2024-09-25,1028
0056,元大高股息,13,3,10,合庫-彰化,2024-09-25,1028
00738U,期元大道瓊白銀,9,0,9,合庫-彰化,2024-09-25,1028
00922,國泰台灣領袖50,9,0,9,合庫-彰化,2024-09-25,1028
5438,東友,9,0,9,合庫-彰化,2024-09-25,1028
00919,群益台灣精選高息,22,14,8,合庫-彰化,2024-09-25,1028
00752,中信中國50,8,0,8,合庫-彰化,2024-09-25,1028
3363,上詮,9,1,8,合庫-彰化,2024-09-25,1028
4510,高鋒,15,7,8,合庫-彰化,2024-09-25,1028
4545,銘鈺,10,2,8,合庫-彰化,2024-09-25,1028
00688L,國泰20年美債正2,7,0,7,合庫-彰化,2024-09-25,1028
3706,神達,7,0,7,合庫-彰化,2024-09-25,1028
4908,前鼎,7,0,7,合庫-彰化,2024-09-25,1028
5230,雷笛克光學,7,0,7,合庫-彰化,2024-09-25,1028
6151,晉倫,10,3,7,合庫-彰化,2024-09-25,1028
6451,訊芯-KY,10,3,7,合庫-彰化,2024-09-25,1028
2308,台達電,12,5,7,合庫-彰化,2024-09-25,1028
6188,廣明,12,5,7,合庫-彰化,2024-09-25,1028
2002,中鋼,7,1,6,合庫-彰化,2024-09-25,1028
2888,新光金,16,10,6,合庫-彰化,2024-09-25,1028
4716,大立,9,3,6,合庫-彰化,2024-09-25,1028
6216,居易,6,0,6,合庫-彰化,2024-09-25,1028
00665L,富邦�琤肭磪囓�2,178,20,158,合庫-彰化,2024-09-26,1028
00687B,國泰20年美債,149,33,116,合庫-彰化,2024-09-26,1028
00857B,永豐20年美公債,113,0,113,合庫-彰化,2024-09-26,1028
00960,野村全球航運龍頭,82,2,80,合庫-彰化,2024-09-26,1028
00679B,元大美債20年,155,96,59,合庫-彰化,2024-09-26,1028
1314,中石化,57,0,57,合庫-彰化,2024-09-26,1028
00680L,元大美債20正2,377,326,51,合庫-彰化,2024-09-26,1028
2618,長榮航,61,10,51,合庫-彰化,2024-09-26,1028
00632R,元大台灣50反1,70,20,50,合庫-彰化,2024-09-26,1028
00948B,中信優息投資級債,50,0,50,合庫-彰化,2024-09-26,1028
00937B,群益ESG投等債20,71,29,42,合庫-彰化,2024-09-26,1028
1712,興農,31,0,31,合庫-彰化,2024-09-26,1028
8110,華東,31,1,30,合庫-彰化,2024-09-26,1028
5234,達興材料,29,1,28,合庫-彰化,2024-09-26,1028
6109,亞元,27,0,27,合庫-彰化,2024-09-26,1028
2316,楠梓電,26,0,26,合庫-彰化,2024-09-26,1028
4729,熒茂,26,1,25,合庫-彰化,2024-09-26,1028
2317,鴻海,41,18,23,合庫-彰化,2024-09-26,1028
00958B,永豐ESG銀行債15,21,0,21,合庫-彰化,2024-09-26,1028
1904,正隆,20,0,20,合庫-彰化,2024-09-26,1028
2020,美亞,20,0,20,合庫-彰化,2024-09-26,1028
6283,淳安,20,0,20,合庫-彰化,2024-09-26,1028
2106,建大,20,1,19,合庫-彰化,2024-09-26,1028
2353,宏��,21,3,18,合庫-彰化,2024-09-26,1028
2344,華邦電,23,6,17,合庫-彰化,2024-09-26,1028
0056,元大高股息,17,0,17,合庫-彰化,2024-09-26,1028
3019,亞光,24,8,16,合庫-彰化,2024-09-26,1028
2409,友達,22,7,15,合庫-彰化,2024-09-26,1028
2613,中櫃,17,2,15,合庫-彰化,2024-09-26,1028
2609,陽明,126,111,15,合庫-彰化,2024-09-26,1028
00931B,統一美債20年,18,4,14,合庫-彰化,2024-09-26,1028
2542,興富發,13,0,13,合庫-彰化,2024-09-26,1028
2426,鼎元,13,0,13,合庫-彰化,2024-09-26,1028
4908,前鼎,13,0,13,合庫-彰化,2024-09-26,1028
00688L,國泰20年美債正2,12,0,12,合庫-彰化,2024-09-26,1028
00947,台新臺灣IC設計,12,0,12,合庫-彰化,2024-09-26,1028
4772,台特化,12,0,12,合庫-彰化,2024-09-26,1028
2408,南亞科,15,4,11,合庫-彰化,2024-09-26,1028
2884,玉山金,15,4,11,合庫-彰化,2024-09-26,1028
3060,銘異,11,0,11,合庫-彰化,2024-09-26,1028
2376,技嘉,13,3,10,合庫-彰化,2024-09-26,1028
4128,中天,10,0,10,合庫-彰化,2024-09-26,1028
00669R,國泰美國道瓊反1,10,0,10,合庫-彰化,2024-09-26,1028
00957B,兆豐US優選投等債,10,0,10,合庫-彰化,2024-09-26,1028
2312,金寶,12,2,10,合庫-彰化,2024-09-26,1028
2371,大同,21,11,10,合庫-彰化,2024-09-26,1028
2606,裕民,10,0,10,合庫-彰化,2024-09-26,1028
3036,文曄,10,0,10,合庫-彰化,2024-09-26,1028
6138,茂達,11,1,10,合庫-彰化,2024-09-26,1028
6712,長聖,10,0,10,合庫-彰化,2024-09-26,1028
00753L,中信中國50正2,503,37,466,合庫-彰化,2024-09-27,1028
00673R,期元大S＆P原油反1,300,0,300,合庫-彰化,2024-09-27,1028
00687B,國泰20年美債,304,11,293,合庫-彰化,2024-09-27,1028
00679B,元大美債20年,109,0,109,合庫-彰化,2024-09-27,1028
00637L,元大滬深300正2,111,3,108,合庫-彰化,2024-09-27,1028
2610,華航,107,5,102,合庫-彰化,2024-09-27,1028
00931B,統一美債20年,95,1,94,合庫-彰化,2024-09-27,1028
1584,精剛,93,0,93,合庫-彰化,2024-09-27,1028
2457,飛宏,86,1,85,合庫-彰化,2024-09-27,1028
2601,益航,80,0,80,合庫-彰化,2024-09-27,1028
2634,漢翔,52,0,52,合庫-彰化,2024-09-27,1028
00650L,復華香港正2,51,0,51,合庫-彰化,2024-09-27,1028
2613,中櫃,52,15,37,合庫-彰化,2024-09-27,1028
00632R,元大台灣50反1,36,0,36,合庫-彰化,2024-09-27,1028
00960,野村全球航運龍頭,42,6,36,合庫-彰化,2024-09-27,1028
2812,台中銀,32,0,32,合庫-彰化,2024-09-27,1028
3450,聯鈞,73,42,31,合庫-彰化,2024-09-27,1028
1904,正隆,30,0,30,合庫-彰化,2024-09-27,1028
2009,第一銅,31,2,29,合庫-彰化,2024-09-27,1028
5234,達興材料,27,0,27,合庫-彰化,2024-09-27,1028
00751B,元大AAA至A公司債,25,2,23,合庫-彰化,2024-09-27,1028
00919,群益台灣精選高息,36,13,23,合庫-彰化,2024-09-27,1028
00937B,群益ESG投等債20,22,0,22,合庫-彰化,2024-09-27,1028
2029,盛餘,20,0,20,合庫-彰化,2024-09-27,1028
3013,晟銘電,51,32,19,合庫-彰化,2024-09-27,1028
00712,復華富時不動產,17,0,17,合庫-彰化,2024-09-27,1028
3167,大量,18,1,17,合庫-彰化,2024-09-27,1028
00688L,國泰20年美債正2,15,0,15,合庫-彰化,2024-09-27,1028
4545,銘鈺,17,2,15,合庫-彰化,2024-09-27,1028
8069,元太,15,0,15,合庫-彰化,2024-09-27,1028
2023,燁輝,15,0,15,合庫-彰化,2024-09-27,1028
3041,揚智,15,1,14,合庫-彰化,2024-09-27,1028
4772,台特化,16,2,14,合庫-彰化,2024-09-27,1028
00945B,凱基美國非投等債,12,0,12,合庫-彰化,2024-09-27,1028
4979,華星光,24,12,12,合庫-彰化,2024-09-27,1028
00857B,永豐20年美公債,11,0,11,合庫-彰化,2024-09-27,1028
00915,凱基優選高股息30,11,0,11,合庫-彰化,2024-09-27,1028
00715L,期街口布蘭特正2,11,0,11,合庫-彰化,2024-09-27,1028
00959B,大華投等美債15Y+,11,0,11,合庫-彰化,2024-09-27,1028
3583,辛耘,11,0,11,合庫-彰化,2024-09-27,1028
00764B,群益25年美債,10,0,10,合庫-彰化,2024-09-27,1028
00953B,群益優選非投等債,10,0,10,合庫-彰化,2024-09-27,1028
1456,怡華,10,0,10,合庫-彰化,2024-09-27,1028
2014,中鴻,22,12,10,合庫-彰化,2024-09-27,1028
6494,九齊,9,0,9,合庫-彰化,2024-09-27,1028
00762,元大全球AI,8,0,8,合庫-彰化,2024-09-27,1028
00948B,中信優息投資級債,13,5,8,合庫-彰化,2024-09-27,1028
2365,昆盈,15,7,8,合庫-彰化,2024-09-27,1028
6506,雙邦,10,2,8,合庫-彰化,2024-09-27,1028
8064,東捷,8,0,8,合庫-彰化,2024-09-27,1028
2601,益航,272,0,272,合庫-彰化,2024-09-30,1028
00929,復華台灣科技優息,234,26,208,合庫-彰化,2024-09-30,1028
00673R,期元大S＆P原油反1,200,0,200,合庫-彰化,2024-09-30,1028
00919,群益台灣精選高息,169,7,162,合庫-彰化,2024-09-30,1028
00943,兆豐電子高息等權,136,0,136,合庫-彰化,2024-09-30,1028
00937B,群益ESG投等債20,110,2,108,合庫-彰化,2024-09-30,1028
2030,彰源,107,5,102,合庫-彰化,2024-09-30,1028
00632R,元大台灣50反1,100,40,60,合庫-彰化,2024-09-30,1028
00881,國泰台灣5G+,48,0,48,合庫-彰化,2024-09-30,1028
2609,陽明,83,36,47,合庫-彰化,2024-09-30,1028
2615,萬海,99,54,45,合庫-彰化,2024-09-30,1028
00959B,大華投等美債15Y+,40,2,38,合庫-彰化,2024-09-30,1028
00878,國泰永續高股息,37,5,32,合庫-彰化,2024-09-30,1028
00655L,國泰中國A50正2,25,0,25,合庫-彰化,2024-09-30,1028
00887,永豐中國科技50大,24,0,24,合庫-彰化,2024-09-30,1028
00679B,元大美債20年,22,0,22,合庫-彰化,2024-09-30,1028
00857B,永豐20年美公債,22,0,22,合庫-彰化,2024-09-30,1028
2330,台積電,23,4,19,合庫-彰化,2024-09-30,1028
2317,鴻海,24,7,17,合庫-彰化,2024-09-30,1028
00918,大華優利高填息30,15,0,15,合庫-彰化,2024-09-30,1028
00931B,統一美債20年,18,3,15,合庫-彰化,2024-09-30,1028
2344,華邦電,26,11,15,合庫-彰化,2024-09-30,1028
6241,易通展,15,0,15,合庫-彰化,2024-09-30,1028
2605,新興,77,63,14,合庫-彰化,2024-09-30,1028
00795B,中信美國公債20年,14,0,14,合庫-彰化,2024-09-30,1028
5234,達興材料,14,0,14,合庫-彰化,2024-09-30,1028
8028,昇陽半導體,15,1,14,合庫-彰化,2024-09-30,1028
2020,美亞,13,0,13,合庫-彰化,2024-09-30,1028
6609,瀧澤科,11,0,11,合庫-彰化,2024-09-30,1028
00915,凱基優選高股息30,11,0,11,合庫-彰化,2024-09-30,1028
00669R,國泰美國道瓊反1,10,0,10,合庫-彰化,2024-09-30,1028
00731,復華富時高息低波,10,0,10,合庫-彰化,2024-09-30,1028
1309,台達化,10,0,10,合庫-彰化,2024-09-30,1028
1584,精剛,10,0,10,合庫-彰化,2024-09-30,1028
2612,中航,10,0,10,合庫-彰化,2024-09-30,1028
3042,晶技,10,0,10,合庫-彰化,2024-09-30,1028
5388,中磊,10,0,10,合庫-彰化,2024-09-30,1028
6957,裕慶-KY,10,0,10,合庫-彰化,2024-09-30,1028
2603,長榮,13,3,10,合庫-彰化,2024-09-30,1028
2382,廣達,10,0,10,合庫-彰化,2024-09-30,1028
00897,富邦基因免疫生技,9,0,9,合庫-彰化,2024-09-30,1028
3037,欣興,9,0,9,合庫-彰化,2024-09-30,1028
3550,聯穎,13,4,9,合庫-彰化,2024-09-30,1028
2308,台達電,8,0,8,合庫-彰化,2024-09-30,1028
2038,海光,40,32,8,合庫-彰化,2024-09-30,1028
4545,銘鈺,8,0,8,合庫-彰化,2024-09-30,1028
4729,熒茂,8,0,8,合庫-彰化,2024-09-30,1028
6763,綠界科技*,8,0,8,合庫-彰化,2024-09-30,1028
00773B,中信優先金融債,7,0,7,合庫-彰化,2024-09-30,1028
00935,野村臺灣新科技50,8,1,7,合庫-彰化,2024-09-30,1028
8429,金麗-KY,359,0,359,合庫-彰化,2024-10-01,1028
00665L,富邦�琤肭磪囓�2,182,1,181,合庫-彰化,2024-10-01,1028
00929,復華台灣科技優息,153,53,100,合庫-彰化,2024-10-01,1028
00632R,元大台灣50反1,100,15,85,合庫-彰化,2024-10-01,1028
1904,正隆,60,0,60,合庫-彰化,2024-10-01,1028
00937B,群益ESG投等債20,58,0,58,合庫-彰化,2024-10-01,1028
0056,元大高股息,55,0,55,合庫-彰化,2024-10-01,1028
00919,群益台灣精選高息,52,1,51,合庫-彰化,2024-10-01,1028
3450,聯鈞,99,49,50,合庫-彰化,2024-10-01,1028
00753L,中信中國50正2,83,40,43,合庫-彰化,2024-10-01,1028
2355,敬鵬,36,0,36,合庫-彰化,2024-10-01,1028
2885,元大金,33,0,33,合庫-彰化,2024-10-01,1028
2601,益航,30,0,30,合庫-彰化,2024-10-01,1028
00903,富邦元宇宙,26,0,26,合庫-彰化,2024-10-01,1028
00878,國泰永續高股息,26,0,26,合庫-彰化,2024-10-01,1028
00687B,國泰20年美債,24,2,22,合庫-彰化,2024-10-01,1028
5871,中租-KY,26,5,21,合庫-彰化,2024-10-01,1028
3706,神達,20,1,19,合庫-彰化,2024-10-01,1028
5234,達興材料,18,0,18,合庫-彰化,2024-10-01,1028
6239,力成,16,0,16,合庫-彰化,2024-10-01,1028
00881,國泰台灣5G+,15,0,15,合庫-彰化,2024-10-01,1028
00948B,中信優息投資級債,15,0,15,合庫-彰化,2024-10-01,1028
2371,大同,15,0,15,合庫-彰化,2024-10-01,1028
8105,凌巨,15,0,15,合庫-彰化,2024-10-01,1028
2888,新光金,15,0,15,合庫-彰化,2024-10-01,1028
00679B,元大美債20年,16,2,14,合庫-彰化,2024-10-01,1028
1101,台泥,14,0,14,合庫-彰化,2024-10-01,1028
3019,亞光,16,2,14,合庫-彰化,2024-10-01,1028
2351,順德,13,0,13,合庫-彰化,2024-10-01,1028
4128,中天,12,0,12,合庫-彰化,2024-10-01,1028
4906,正文,16,5,11,合庫-彰化,2024-10-01,1028
3205,佰研,11,0,11,合庫-彰化,2024-10-01,1028
2489,瑞軒,12,2,10,合庫-彰化,2024-10-01,1028
00713,元大台灣高息低波,10,0,10,合庫-彰化,2024-10-01,1028
2455,全新,25,15,10,合庫-彰化,2024-10-01,1028
00795B,中信美國公債20年,10,0,10,合庫-彰化,2024-10-01,1028
00648R,元大S＆P500反1,10,0,10,合庫-彰化,2024-10-01,1028
00932,兆豐永續高息等權,10,0,10,合庫-彰化,2024-10-01,1028
00936,台新永續高息中小,10,0,10,合庫-彰化,2024-10-01,1028
00958B,永豐ESG銀行債15,10,0,10,合庫-彰化,2024-10-01,1028
1325,恆大,10,0,10,合庫-彰化,2024-10-01,1028
6672,騰輝電子-KY,10,0,10,合庫-彰化,2024-10-01,1028
00915,凱基優選高股息30,9,0,9,合庫-彰化,2024-10-01,1028
00922,國泰台灣領袖50,9,0,9,合庫-彰化,2024-10-01,1028
00960,野村全球航運龍頭,12,3,9,合庫-彰化,2024-10-01,1028
1417,嘉裕,9,0,9,合庫-彰化,2024-10-01,1028
00946,群益科技高息成長,9,0,9,合庫-彰化,2024-10-01,1028
2408,南亞科,10,1,9,合庫-彰化,2024-10-01,1028
2406,國碩,8,0,8,合庫-彰化,2024-10-01,1028
3550,聯穎,13,5,8,合庫-彰化,2024-10-01,1028
00637L,元大滬深300正2,681,53,628,合庫-彰化,2024-10-04,1028
00632R,元大台灣50反1,400,0,400,合庫-彰化,2024-10-04,1028
00919,群益台灣精選高息,243,0,243,合庫-彰化,2024-10-04,1028
00664R,國泰臺灣加權反1,233,0,233,合庫-彰化,2024-10-04,1028
0056,元大高股息,187,0,187,合庫-彰化,2024-10-04,1028
00679B,元大美債20年,161,0,161,合庫-彰化,2024-10-04,1028
2888,新光金,130,5,125,合庫-彰化,2024-10-04,1028
00752,中信中國50,110,8,102,合庫-彰化,2024-10-04,1028
00753L,中信中國50正2,91,10,81,合庫-彰化,2024-10-04,1028
00687B,國泰20年美債,80,0,80,合庫-彰化,2024-10-04,1028
00882,中信中國高股息,206,128,78,合庫-彰化,2024-10-04,1028
2618,長榮航,78,1,77,合庫-彰化,2024-10-04,1028
00639,富邦深100,64,0,64,合庫-彰化,2024-10-04,1028
2603,長榮,68,6,62,合庫-彰化,2024-10-04,1028
00887,永豐中國科技50大,62,1,61,合庫-彰化,2024-10-04,1028
00680L,元大美債20正2,95,40,55,合庫-彰化,2024-10-04,1028
2610,華航,49,0,49,合庫-彰化,2024-10-04,1028
00712,復華富時不動產,34,0,34,合庫-彰化,2024-10-04,1028
2801,彰銀,31,0,31,合庫-彰化,2024-10-04,1028
4938,和碩,30,0,30,合庫-彰化,2024-10-04,1028
2330,台積電,32,5,27,合庫-彰化,2024-10-04,1028
2367,燿華,24,0,24,合庫-彰化,2024-10-04,1028
2303,聯電,24,0,24,合庫-彰化,2024-10-04,1028
00713,元大台灣高息低波,29,6,23,合庫-彰化,2024-10-04,1028
3141,晶宏,24,1,23,合庫-彰化,2024-10-04,1028
2609,陽明,74,52,22,合庫-彰化,2024-10-04,1028
00940,元大台灣價值高息,38,16,22,合庫-彰化,2024-10-04,1028
2002,中鋼,44,23,21,合庫-彰化,2024-10-04,1028
5880,合庫金,20,0,20,合庫-彰化,2024-10-04,1028
00943,兆豐電子高息等權,20,0,20,合庫-彰化,2024-10-04,1028
2409,友達,20,0,20,合庫-彰化,2024-10-04,1028
1904,正隆,20,0,20,合庫-彰化,2024-10-04,1028
00881,國泰台灣5G+,20,0,20,合庫-彰化,2024-10-04,1028
6213,聯茂,19,0,19,合庫-彰化,2024-10-04,1028
00922,國泰台灣領袖50,19,0,19,合庫-彰化,2024-10-04,1028
00688L,國泰20年美債正2,20,2,18,合庫-彰化,2024-10-04,1028
00918,大華優利高填息30,24,6,18,合庫-彰化,2024-10-04,1028
2615,萬海,33,16,17,合庫-彰化,2024-10-04,1028
00633L,富邦上証正2,16,0,16,合庫-彰化,2024-10-04,1028
00795B,中信美國公債20年,15,0,15,合庫-彰化,2024-10-04,1028
00948B,中信優息投資級債,15,0,15,合庫-彰化,2024-10-04,1028
6405,悅城,18,3,15,合庫-彰化,2024-10-04,1028
1101,台泥,21,7,14,合庫-彰化,2024-10-04,1028
2402,毅嘉,18,4,14,合庫-彰化,2024-10-04,1028
8039,台虹,17,4,13,合庫-彰化,2024-10-04,1028
2308,台達電,14,1,13,合庫-彰化,2024-10-04,1028
2498,宏達電,47,34,13,合庫-彰化,2024-10-04,1028
00934,中信成長高股息,12,0,12,合庫-彰化,2024-10-04,1028
2455,全新,16,4,12,合庫-彰化,2024-10-04,1028
00673R,期元大S＆P原油反1,11,0,11,合庫-彰化,2024-10-04,1028
00665L,富邦�琤肭磪囓�2,356,16,340,合庫-彰化,2024-10-07,1028
00752,中信中國50,260,0,260,合庫-彰化,2024-10-07,1028
1314,中石化,120,32,88,合庫-彰化,2024-10-07,1028
00919,群益台灣精選高息,78,7,71,合庫-彰化,2024-10-07,1028
2634,漢翔,70,0,70,合庫-彰化,2024-10-07,1028
00878,國泰永續高股息,63,10,53,合庫-彰化,2024-10-07,1028
00687B,國泰20年美債,85,32,53,合庫-彰化,2024-10-07,1028
0056,元大高股息,53,5,48,合庫-彰化,2024-10-07,1028
00929,復華台灣科技優息,124,76,48,合庫-彰化,2024-10-07,1028
00650L,復華香港正2,51,5,46,合庫-彰化,2024-10-07,1028
8070,長華*,41,1,40,合庫-彰化,2024-10-07,1028
00753L,中信中國50正2,82,43,39,合庫-彰化,2024-10-07,1028
00679B,元大美債20年,41,3,38,合庫-彰化,2024-10-07,1028
00948B,中信優息投資級債,35,0,35,合庫-彰化,2024-10-07,1028
2029,盛餘,30,0,30,合庫-彰化,2024-10-07,1028
911868,同方友友-DR,30,0,30,合庫-彰化,2024-10-07,1028
3481,群創,65,38,27,合庫-彰化,2024-10-07,1028
00712,復華富時不動產,26,0,26,合庫-彰化,2024-10-07,1028
006206,元大上證50,25,0,25,合庫-彰化,2024-10-07,1028
1584,精剛,25,0,25,合庫-彰化,2024-10-07,1028
2349,錸德,28,3,25,合庫-彰化,2024-10-07,1028
3060,銘異,36,13,23,合庫-彰化,2024-10-07,1028
6770,力積電,23,1,22,合庫-彰化,2024-10-07,1028
2812,台中銀,22,1,21,合庫-彰化,2024-10-07,1028
8111,立��,80,59,21,合庫-彰化,2024-10-07,1028
00688L,國泰20年美債正2,22,2,20,合庫-彰化,2024-10-07,1028
00857B,永豐20年美公債,20,0,20,合庫-彰化,2024-10-07,1028
8039,台虹,21,1,20,合庫-彰化,2024-10-07,1028
2317,鴻海,41,21,20,合庫-彰化,2024-10-07,1028
2867,三商壽,19,0,19,合庫-彰化,2024-10-07,1028
00877,復華中國5G,22,4,18,合庫-彰化,2024-10-07,1028
2637,慧洋-KY,20,2,18,合庫-彰化,2024-10-07,1028
4563,百德,27,9,18,合庫-彰化,2024-10-07,1028
2436,偉詮電,26,10,16,合庫-彰化,2024-10-07,1028
2610,華航,16,0,16,合庫-彰化,2024-10-07,1028
00700,富邦�琤肭磪�,15,0,15,合庫-彰化,2024-10-07,1028
1595,川寶,21,6,15,合庫-彰化,2024-10-07,1028
8429,金麗-KY,15,0,15,合庫-彰化,2024-10-07,1028
00937B,群益ESG投等債20,21,7,14,合庫-彰化,2024-10-07,1028
3714,富采,15,2,13,合庫-彰化,2024-10-07,1028
00636,國泰中國A50,15,2,13,合庫-彰化,2024-10-07,1028
00931B,統一美債20年,13,1,12,合庫-彰化,2024-10-07,1028
006207,復華滬深,12,0,12,合庫-彰化,2024-10-07,1028
00922,國泰台灣領袖50,12,0,12,合庫-彰化,2024-10-07,1028
00673R,期元大S＆P原油反1,11,0,11,合庫-彰化,2024-10-07,1028
00706L,期元大S＆P日圓正2,10,0,10,合庫-彰化,2024-10-07,1028
1598,岱宇,10,0,10,合庫-彰化,2024-10-07,1028
1815,富喬,22,12,10,合庫-彰化,2024-10-07,1028
2442,新美齊,10,0,10,合庫-彰化,2024-10-07,1028
2888,新光金,12,2,10,合庫-彰化,2024-10-07,1028
00887,永豐中國科技50大,332,9,323,合庫-彰化,2024-10-08,1028
00639,富邦深100,296,34,262,合庫-彰化,2024-10-08,1028
911868,同方友友-DR,224,0,224,合庫-彰化,2024-10-08,1028
00929,復華台灣科技優息,212,30,182,合庫-彰化,2024-10-08,1028
00753L,中信中國50正2,145,2,143,合庫-彰化,2024-10-08,1028
00940,元大台灣價值高息,142,0,142,合庫-彰化,2024-10-08,1028
8043,蜜望實,142,0,142,合庫-彰化,2024-10-08,1028
00637L,元大滬深300正2,307,176,131,合庫-彰化,2024-10-08,1028
00919,群益台灣精選高息,129,0,129,合庫-彰化,2024-10-08,1028
1584,精剛,102,0,102,合庫-彰化,2024-10-08,1028
2888,新光金,101,3,98,合庫-彰化,2024-10-08,1028
1314,中石化,145,54,91,合庫-彰化,2024-10-08,1028
8937,合騏,88,0,88,合庫-彰化,2024-10-08,1028
00687B,國泰20年美債,84,2,82,合庫-彰化,2024-10-08,1028
00795B,中信美國公債20年,75,0,75,合庫-彰化,2024-10-08,1028
2885,元大金,75,0,75,合庫-彰化,2024-10-08,1028
1806,冠軍,101,30,71,合庫-彰化,2024-10-08,1028
00878,國泰永續高股息,71,1,70,合庫-彰化,2024-10-08,1028
5347,世界,69,0,69,合庫-彰化,2024-10-08,1028
00948B,中信優息投資級債,70,5,65,合庫-彰化,2024-10-08,1028
0056,元大高股息,69,7,62,合庫-彰化,2024-10-08,1028
00712,復華富時不動產,50,0,50,合庫-彰化,2024-10-08,1028
00669R,國泰美國道瓊反1,44,0,44,合庫-彰化,2024-10-08,1028
2371,大同,40,0,40,合庫-彰化,2024-10-08,1028
2412,中華電,30,0,30,合庫-彰化,2024-10-08,1028
00931B,統一美債20年,47,19,28,合庫-彰化,2024-10-08,1028
00673R,期元大S＆P原油反1,26,0,26,合庫-彰化,2024-10-08,1028
2812,台中銀,26,0,26,合庫-彰化,2024-10-08,1028
2442,新美齊,26,0,26,合庫-彰化,2024-10-08,1028
00700,富邦�琤肭磪�,25,0,25,合庫-彰化,2024-10-08,1028
00679B,元大美債20年,24,0,24,合庫-彰化,2024-10-08,1028
2313,華通,31,7,24,合庫-彰化,2024-10-08,1028
6405,悅城,24,2,22,合庫-彰化,2024-10-08,1028
6191,精成科,21,0,21,合庫-彰化,2024-10-08,1028
00918,大華優利高填息30,20,0,20,合庫-彰化,2024-10-08,1028
2103,台橡,20,0,20,合庫-彰化,2024-10-08,1028
9945,潤泰新,20,0,20,合庫-彰化,2024-10-08,1028
3591,艾笛森,20,1,19,合庫-彰化,2024-10-08,1028
3673,TPK-KY,19,0,19,合庫-彰化,2024-10-08,1028
00907,永豐優息存股,19,0,19,合庫-彰化,2024-10-08,1028
3037,欣興,17,0,17,合庫-彰化,2024-10-08,1028
00922,國泰台灣領袖50,18,1,17,合庫-彰化,2024-10-08,1028
2892,第一金,17,0,17,合庫-彰化,2024-10-08,1028
00857B,永豐20年美公債,16,0,16,合庫-彰化,2024-10-08,1028
2316,楠梓電,27,11,16,合庫-彰化,2024-10-08,1028
3481,群創,47,31,16,合庫-彰化,2024-10-08,1028
5309,系統電,16,0,16,合庫-彰化,2024-10-08,1028
00946,群益科技高息成長,15,0,15,合庫-彰化,2024-10-08,1028
00942B,台新美A公司債20+,15,0,15,合庫-彰化,2024-10-08,1028
2349,錸德,15,0,15,合庫-彰化,2024-10-08,1028
00637L,元大滬深300正2,498,6,492,合庫-彰化,2024-10-09,1028
2344,華邦電,211,0,211,合庫-彰化,2024-10-09,1028
1314,中石化,206,3,203,合庫-彰化,2024-10-09,1028
2405,輔信,202,0,202,合庫-彰化,2024-10-09,1028
2888,新光金,218,17,201,合庫-彰化,2024-10-09,1028
00665L,富邦�琤肭磪囓�2,281,97,184,合庫-彰化,2024-10-09,1028
2014,中鴻,141,5,136,合庫-彰化,2024-10-09,1028
3013,晟銘電,148,17,131,合庫-彰化,2024-10-09,1028
1584,精剛,78,0,78,合庫-彰化,2024-10-09,1028
2367,燿華,69,0,69,合庫-彰化,2024-10-09,1028
6156,松上,55,0,55,合庫-彰化,2024-10-09,1028
3481,群創,252,201,51,合庫-彰化,2024-10-09,1028
00957B,兆豐US優選投等債,50,0,50,合庫-彰化,2024-10-09,1028
1718,中纖,43,0,43,合庫-彰化,2024-10-09,1028
8043,蜜望實,42,0,42,合庫-彰化,2024-10-09,1028
5880,合庫金,42,0,42,合庫-彰化,2024-10-09,1028
2029,盛餘,30,0,30,合庫-彰化,2024-10-09,1028
00680L,元大美債20正2,27,0,27,合庫-彰化,2024-10-09,1028
6152,百一,32,5,27,合庫-彰化,2024-10-09,1028
00688L,國泰20年美債正2,26,0,26,合庫-彰化,2024-10-09,1028
4414,如興,25,0,25,合庫-彰化,2024-10-09,1028
2313,華通,24,2,22,合庫-彰化,2024-10-09,1028
6770,力積電,22,1,21,合庫-彰化,2024-10-09,1028
00687B,國泰20年美債,20,0,20,合庫-彰化,2024-10-09,1028
00940,元大台灣價值高息,20,0,20,合庫-彰化,2024-10-09,1028
00945B,凱基美國非投等債,20,0,20,合庫-彰化,2024-10-09,1028
2399,映泰,45,25,20,合庫-彰化,2024-10-09,1028
9921,巨大,20,0,20,合庫-彰化,2024-10-09,1028
00929,復華台灣科技優息,52,34,18,合庫-彰化,2024-10-09,1028
8027,鈦昇,17,0,17,合庫-彰化,2024-10-09,1028
0056,元大高股息,19,2,17,合庫-彰化,2024-10-09,1028
5443,均豪,18,2,16,合庫-彰化,2024-10-09,1028
00919,群益台灣精選高息,24,8,16,合庫-彰化,2024-10-09,1028
00700,富邦�琤肭磪�,15,0,15,合庫-彰化,2024-10-09,1028
2303,聯電,16,1,15,合庫-彰化,2024-10-09,1028
5014,建錩,14,0,14,合庫-彰化,2024-10-09,1028
6108,競國,18,4,14,合庫-彰化,2024-10-09,1028
8070,長華*,21,7,14,合庫-彰化,2024-10-09,1028
8111,立��,20,6,14,合庫-彰化,2024-10-09,1028
00650L,復華香港正2,13,0,13,合庫-彰化,2024-10-09,1028
00948B,中信優息投資級債,34,21,13,合庫-彰化,2024-10-09,1028
8937,合騏,13,0,13,合庫-彰化,2024-10-09,1028
2371,大同,22,10,12,合庫-彰化,2024-10-09,1028
4563,百德,12,0,12,合庫-彰化,2024-10-09,1028
5871,中租-KY,31,19,12,合庫-彰化,2024-10-09,1028
00933B,國泰10Y+金融債,11,0,11,合庫-彰化,2024-10-09,1028
1303,南亞,11,0,11,合庫-彰化,2024-10-09,1028
1409,新纖,12,1,11,合庫-彰化,2024-10-09,1028
2402,毅嘉,18,7,11,合庫-彰化,2024-10-09,1028
00664R,國泰臺灣加權反1,10,0,10,合庫-彰化,2024-10-09,1028
00680L,元大美債20正2,695,0,695,合庫-彰化,2024-10-11,1028
2388,威盛,435,4,431,合庫-彰化,2024-10-11,1028
3013,晟銘電,118,8,110,合庫-彰化,2024-10-11,1028
00665L,富邦�琤肭磪囓�2,109,0,109,合庫-彰化,2024-10-11,1028
00673R,期元大S＆P原油反1,107,0,107,合庫-彰化,2024-10-11,1028
8070,長華*,107,0,107,合庫-彰化,2024-10-11,1028
8043,蜜望實,74,0,74,合庫-彰化,2024-10-11,1028
5880,合庫金,84,12,72,合庫-彰化,2024-10-11,1028
00753L,中信中國50正2,55,0,55,合庫-彰化,2024-10-11,1028
9914,美利達,55,1,54,合庫-彰化,2024-10-11,1028
6142,友勁,50,2,48,合庫-彰化,2024-10-11,1028
00948B,中信優息投資級債,41,0,41,合庫-彰化,2024-10-11,1028
1605,華新,41,2,39,合庫-彰化,2024-10-11,1028
5871,中租-KY,38,0,38,合庫-彰化,2024-10-11,1028
1314,中石化,34,0,34,合庫-彰化,2024-10-11,1028
00957B,兆豐US優選投等債,32,0,32,合庫-彰化,2024-10-11,1028
3049,精金,41,10,31,合庫-彰化,2024-10-11,1028
8935,邦泰,30,0,30,合庫-彰化,2024-10-11,1028
1721,三晃,30,1,29,合庫-彰化,2024-10-11,1028
6216,居易,29,0,29,合庫-彰化,2024-10-11,1028
00878,國泰永續高股息,28,0,28,合庫-彰化,2024-10-11,1028
1718,中纖,26,0,26,合庫-彰化,2024-10-11,1028
00919,群益台灣精選高息,28,4,24,合庫-彰化,2024-10-11,1028
2105,正新,23,0,23,合庫-彰化,2024-10-11,1028
4414,如興,23,0,23,合庫-彰化,2024-10-11,1028
00669R,國泰美國道瓊反1,22,0,22,合庫-彰化,2024-10-11,1028
00688L,國泰20年美債正2,22,0,22,合庫-彰化,2024-10-11,1028
2367,燿華,22,0,22,合庫-彰化,2024-10-11,1028
3591,艾笛森,25,4,21,合庫-彰化,2024-10-11,1028
2344,華邦電,22,1,21,合庫-彰化,2024-10-11,1028
2885,元大金,20,0,20,合庫-彰化,2024-10-11,1028
00931B,統一美債20年,22,2,20,合庫-彰化,2024-10-11,1028
00951,台新日本半導體,20,0,20,合庫-彰化,2024-10-11,1028
1447,力鵬,20,0,20,合庫-彰化,2024-10-11,1028
2867,三商壽,19,0,19,合庫-彰化,2024-10-11,1028
00713,元大台灣高息低波,14,0,14,合庫-彰化,2024-10-11,1028
8081,致新,14,0,14,合庫-彰化,2024-10-11,1028
00915,凱基優選高股息30,13,0,13,合庫-彰化,2024-10-11,1028
1717,長興,15,2,13,合庫-彰化,2024-10-11,1028
1584,精剛,42,30,12,合庫-彰化,2024-10-11,1028
2316,楠梓電,20,8,12,合庫-彰化,2024-10-11,1028
2890,永豐金,12,0,12,合庫-彰化,2024-10-11,1028
2029,盛餘,11,0,11,合庫-彰化,2024-10-11,1028
6913,鴻呈,10,0,10,合庫-彰化,2024-10-11,1028
00632R,元大台灣50反1,10,0,10,合庫-彰化,2024-10-11,1028
2887,台新金,20,10,10,合庫-彰化,2024-10-11,1028
3162,精確,11,1,10,合庫-彰化,2024-10-11,1028
3264,欣銓,10,0,10,合庫-彰化,2024-10-11,1028
3694,海華,10,0,10,合庫-彰化,2024-10-11,1028
4526,東台,10,0,10,合庫-彰化,2024-10-11,1028
00679B,元大美債20年,520,9,511,合庫-彰化,2024-10-14,1028
00632R,元大台灣50反1,220,0,220,合庫-彰化,2024-10-14,1028
4991,環宇-KY,205,3,202,合庫-彰化,2024-10-14,1028
1584,精剛,107,1,106,合庫-彰化,2024-10-14,1028
2332,友訊,101,0,101,合庫-彰化,2024-10-14,1028
00680L,元大美債20正2,91,10,81,合庫-彰化,2024-10-14,1028
2312,金寶,81,8,73,合庫-彰化,2024-10-14,1028
8937,合騏,72,6,66,合庫-彰化,2024-10-14,1028
3499,環天科,47,0,47,合庫-彰化,2024-10-14,1028
00687B,國泰20年美債,49,3,46,合庫-彰化,2024-10-14,1028
00887,永豐中國科技50大,45,0,45,合庫-彰化,2024-10-14,1028
00948B,中信優息投資級債,38,0,38,合庫-彰化,2024-10-14,1028
2353,宏��,39,2,37,合庫-彰化,2024-10-14,1028
00753L,中信中國50正2,35,0,35,合庫-彰化,2024-10-14,1028
0056,元大高股息,40,5,35,合庫-彰化,2024-10-14,1028
00712,復華富時不動產,32,0,32,合庫-彰化,2024-10-14,1028
00665L,富邦�琤肭磪囓�2,32,2,30,合庫-彰化,2024-10-14,1028
4532,瑞智,30,0,30,合庫-彰化,2024-10-14,1028
5907,大洋-KY,30,0,30,合庫-彰化,2024-10-14,1028
00931B,統一美債20年,27,0,27,合庫-彰化,2024-10-14,1028
3049,精金,26,0,26,合庫-彰化,2024-10-14,1028
1712,興農,25,0,25,合庫-彰化,2024-10-14,1028
2351,順德,21,0,21,合庫-彰化,2024-10-14,1028
2409,友達,21,0,21,合庫-彰化,2024-10-14,1028
8033,雷虎,46,25,21,合庫-彰化,2024-10-14,1028
00929,復華台灣科技優息,37,17,20,合庫-彰化,2024-10-14,1028
2887,台新金,24,4,20,合庫-彰化,2024-10-14,1028
8043,蜜望實,20,0,20,合庫-彰化,2024-10-14,1028
00713,元大台灣高息低波,23,3,20,合庫-彰化,2024-10-14,1028
2421,建準,22,3,19,合庫-彰化,2024-10-14,1028
6142,友勁,28,11,17,合庫-彰化,2024-10-14,1028
00639,富邦深100,14,0,14,合庫-彰化,2024-10-14,1028
3380,明泰,14,0,14,合庫-彰化,2024-10-14,1028
00912,中信臺灣智慧50,10,0,10,合庫-彰化,2024-10-14,1028
00643,群益深証中小,10,0,10,合庫-彰化,2024-10-14,1028
1301,台塑,10,0,10,合庫-彰化,2024-10-14,1028
6177,達麗,9,0,9,合庫-彰化,2024-10-14,1028
6763,綠界科技*,9,0,9,合庫-彰化,2024-10-14,1028
8404,百和興業-KY,9,0,9,合庫-彰化,2024-10-14,1028
1326,台化,11,3,8,合庫-彰化,2024-10-14,1028
2313,華通,8,0,8,合庫-彰化,2024-10-14,1028
2316,楠梓電,10,2,8,合庫-彰化,2024-10-14,1028
3522,御嵿,8,1,7,合庫-彰化,2024-10-14,1028
3231,緯創,8,1,7,合庫-彰化,2024-10-14,1028
1717,長興,10,3,7,合庫-彰化,2024-10-14,1028
4303,信立,7,0,7,合庫-彰化,2024-10-14,1028
5210,寶碩,7,0,7,合庫-彰化,2024-10-14,1028
8096,擎亞,7,0,7,合庫-彰化,2024-10-14,1028
8111,立��,18,11,7,合庫-彰化,2024-10-14,1028
2415,錩新,6,0,6,合庫-彰化,2024-10-14,1028
00632R,元大台灣50反1,440,0,440,合庫-彰化,2024-10-15,1028
4991,環宇-KY,165,4,161,合庫-彰化,2024-10-15,1028
00664R,國泰臺灣加權反1,100,0,100,合庫-彰化,2024-10-15,1028
8937,合騏,100,0,100,合庫-彰化,2024-10-15,1028
1314,中石化,96,3,93,合庫-彰化,2024-10-15,1028
9105,泰金寶-DR,107,21,86,合庫-彰化,2024-10-15,1028
00680L,元大美債20正2,82,2,80,合庫-彰化,2024-10-15,1028
2312,金寶,95,27,68,合庫-彰化,2024-10-15,1028
00665L,富邦�琤肭磪囓�2,60,0,60,合庫-彰化,2024-10-15,1028
00887,永豐中國科技50大,47,1,46,合庫-彰化,2024-10-15,1028
00679B,元大美債20年,44,0,44,合庫-彰化,2024-10-15,1028
3499,環天科,42,0,42,合庫-彰化,2024-10-15,1028
3013,晟銘電,76,42,34,合庫-彰化,2024-10-15,1028
00948B,中信優息投資級債,30,1,29,合庫-彰化,2024-10-15,1028
00637L,元大滬深300正2,30,4,26,合庫-彰化,2024-10-15,1028
2915,潤泰全,22,0,22,合庫-彰化,2024-10-15,1028
2241,艾姆勒,28,8,20,合庫-彰化,2024-10-15,1028
2323,中環,20,0,20,合庫-彰化,2024-10-15,1028
2344,華邦電,21,2,19,合庫-彰化,2024-10-15,1028
00919,群益台灣精選高息,42,23,19,合庫-彰化,2024-10-15,1028
00960,野村全球航運龍頭,22,3,19,合庫-彰化,2024-10-15,1028
2887,台新金,18,0,18,合庫-彰化,2024-10-15,1028
3591,艾笛森,16,0,16,合庫-彰化,2024-10-15,1028
8070,長華*,15,0,15,合庫-彰化,2024-10-15,1028
00882,中信中國高股息,18,4,14,合庫-彰化,2024-10-15,1028
6506,雙邦,15,1,14,合庫-彰化,2024-10-15,1028
4956,光鋐,19,6,13,合庫-彰化,2024-10-15,1028
00687B,國泰20年美債,23,11,12,合庫-彰化,2024-10-15,1028
00931B,統一美債20年,12,0,12,合庫-彰化,2024-10-15,1028
4967,十銓,13,2,11,合庫-彰化,2024-10-15,1028
4971,IET-KY,12,1,11,合庫-彰化,2024-10-15,1028
00795B,中信美國公債20年,11,0,11,合庫-彰化,2024-10-15,1028
2892,第一金,11,0,11,合庫-彰化,2024-10-15,1028
8044,網家,10,0,10,合庫-彰化,2024-10-15,1028
00772B,中信高評級公司債,10,0,10,合庫-彰化,2024-10-15,1028
1301,台塑,10,0,10,合庫-彰化,2024-10-15,1028
1584,精剛,10,0,10,合庫-彰化,2024-10-15,1028
4167,松瑞藥,10,0,10,合庫-彰化,2024-10-15,1028
4414,如興,10,0,10,合庫-彰化,2024-10-15,1028
5452,佶優,27,17,10,合庫-彰化,2024-10-15,1028
6257,矽格,10,0,10,合庫-彰化,2024-10-15,1028
5443,均豪,10,1,9,合庫-彰化,2024-10-15,1028
8043,蜜望實,9,0,9,合庫-彰化,2024-10-15,1028
8404,百和興業-KY,10,1,9,合庫-彰化,2024-10-15,1028
0056,元大高股息,22,13,9,合庫-彰化,2024-10-15,1028
5880,合庫金,9,1,8,合庫-彰化,2024-10-15,1028
2029,盛餘,8,0,8,合庫-彰化,2024-10-15,1028
2486,一詮,13,5,8,合庫-彰化,2024-10-15,1028
2615,萬海,8,0,8,合庫-彰化,2024-10-15,1028
6120,達運,8,0,8,合庫-彰化,2024-10-15,1028
00887,永豐中國科技50大,523,1,522,合庫-彰化,2024-10-16,1028
00715L,期街口布蘭特正2,200,0,200,合庫-彰化,2024-10-16,1028
00922,國泰台灣領袖50,134,2,132,合庫-彰化,2024-10-16,1028
9105,泰金寶-DR,98,3,95,合庫-彰化,2024-10-16,1028
6156,松上,63,5,58,合庫-彰化,2024-10-16,1028
2002,中鋼,57,0,57,合庫-彰化,2024-10-16,1028
00680L,元大美債20正2,90,50,40,合庫-彰化,2024-10-16,1028
4583,台灣精銳,31,0,31,合庫-彰化,2024-10-16,1028
00720B,元大投資級公司債,29,0,29,合庫-彰化,2024-10-16,1028
2029,盛餘,29,0,29,合庫-彰化,2024-10-16,1028
1584,精剛,28,0,28,合庫-彰化,2024-10-16,1028
4510,高鋒,27,2,25,合庫-彰化,2024-10-16,1028
00943,兆豐電子高息等權,24,0,24,合庫-彰化,2024-10-16,1028
2883,凱基金,25,1,24,合庫-彰化,2024-10-16,1028
3508,位速,21,0,21,合庫-彰化,2024-10-16,1028
00688L,國泰20年美債正2,20,0,20,合庫-彰化,2024-10-16,1028
1904,正隆,20,0,20,合庫-彰化,2024-10-16,1028
5483,中美晶,20,0,20,合庫-彰化,2024-10-16,1028
0056,元大高股息,39,20,19,合庫-彰化,2024-10-16,1028
00665L,富邦�琤肭磪囓�2,18,0,18,合庫-彰化,2024-10-16,1028
00795B,中信美國公債20年,16,0,16,合庫-彰化,2024-10-16,1028
00931B,統一美債20年,16,0,16,合庫-彰化,2024-10-16,1028
1101,台泥,16,0,16,合庫-彰化,2024-10-16,1028
2344,華邦電,16,0,16,合庫-彰化,2024-10-16,1028
4716,大立,20,4,16,合庫-彰化,2024-10-16,1028
2455,全新,15,1,14,合庫-彰化,2024-10-16,1028
2887,台新金,15,1,14,合庫-彰化,2024-10-16,1028
2915,潤泰全,14,0,14,合庫-彰化,2024-10-16,1028
00882,中信中國高股息,25,12,13,合庫-彰化,2024-10-16,1028
1605,華新,13,0,13,合庫-彰化,2024-10-16,1028
1326,台化,12,0,12,合庫-彰化,2024-10-16,1028
3591,艾笛森,28,16,12,合庫-彰化,2024-10-16,1028
00885,富邦越南,10,0,10,合庫-彰化,2024-10-16,1028
00632R,元大台灣50反1,110,100,10,合庫-彰化,2024-10-16,1028
00961,FT臺灣永續高息,10,0,10,合庫-彰化,2024-10-16,1028
1303,南亞,10,0,10,合庫-彰化,2024-10-16,1028
1447,力鵬,10,0,10,合庫-彰化,2024-10-16,1028
2888,新光金,10,0,10,合庫-彰化,2024-10-16,1028
4414,如興,10,0,10,合庫-彰化,2024-10-16,1028
8064,東捷,11,1,10,合庫-彰化,2024-10-16,1028
8110,華東,10,0,10,合庫-彰化,2024-10-16,1028
2308,台達電,13,3,10,合庫-彰化,2024-10-16,1028
00725B,國泰投資級公司債,10,1,9,合庫-彰化,2024-10-16,1028
00687B,國泰20年美債,20,11,9,合庫-彰化,2024-10-16,1028
1513,中興電,16,8,8,合庫-彰化,2024-10-16,1028
2371,大同,8,0,8,合庫-彰化,2024-10-16,1028
00905,FT臺灣Smart,7,0,7,合庫-彰化,2024-10-16,1028
1416,廣豐,19,12,7,合庫-彰化,2024-10-16,1028
2206,三陽工業,7,0,7,合庫-彰化,2024-10-16,1028
3230,錦明,7,0,7,合庫-彰化,2024-10-16,1028
00887,永豐中國科技50大,154,0,154,合庫-彰化,2024-10-17,1028
00929,復華台灣科技優息,130,25,105,合庫-彰化,2024-10-17,1028
00715L,期街口布蘭特正2,100,0,100,合庫-彰化,2024-10-17,1028
3060,銘異,96,16,80,合庫-彰化,2024-10-17,1028
00905,FT臺灣Smart,70,0,70,合庫-彰化,2024-10-17,1028
00959B,大華投等美債15Y+,60,0,60,合庫-彰化,2024-10-17,1028
3450,聯鈞,74,14,60,合庫-彰化,2024-10-17,1028
6156,松上,71,12,59,合庫-彰化,2024-10-17,1028
0056,元大高股息,63,5,58,合庫-彰化,2024-10-17,1028
00725B,國泰投資級公司債,55,0,55,合庫-彰化,2024-10-17,1028
3709,鑫聯大投控,50,0,50,合庫-彰化,2024-10-17,1028
8937,合騏,43,0,43,合庫-彰化,2024-10-17,1028
5880,合庫金,46,4,42,合庫-彰化,2024-10-17,1028
6763,綠界科技*,43,2,41,合庫-彰化,2024-10-17,1028
2892,第一金,30,1,29,合庫-彰化,2024-10-17,1028
3706,神達,30,1,29,合庫-彰化,2024-10-17,1028
00940,元大台灣價值高息,26,2,24,合庫-彰化,2024-10-17,1028
1712,興農,22,0,22,合庫-彰化,2024-10-17,1028
3339,泰谷,24,3,21,合庫-彰化,2024-10-17,1028
3591,艾笛森,25,4,21,合庫-彰化,2024-10-17,1028
3268,海德威,20,0,20,合庫-彰化,2024-10-17,1028
8044,網家,20,0,20,合庫-彰化,2024-10-17,1028
1584,精剛,18,0,18,合庫-彰化,2024-10-17,1028
6191,精成科,16,0,16,合庫-彰化,2024-10-17,1028
2303,聯電,18,4,14,合庫-彰化,2024-10-17,1028
2349,錸德,15,1,14,合庫-彰化,2024-10-17,1028
2610,華航,15,1,14,合庫-彰化,2024-10-17,1028
2634,漢翔,15,1,14,合庫-彰化,2024-10-17,1028
2399,映泰,39,26,13,合庫-彰化,2024-10-17,1028
3498,陽程,30,17,13,合庫-彰化,2024-10-17,1028
00637L,元大滬深300正2,13,1,12,合庫-彰化,2024-10-17,1028
1727,中華化,12,0,12,合庫-彰化,2024-10-17,1028
2354,鴻準,14,2,12,合庫-彰化,2024-10-17,1028
2845,遠東銀,12,0,12,合庫-彰化,2024-10-17,1028
3710,連展投控,14,3,11,合庫-彰化,2024-10-17,1028
3580,友威科,13,3,10,合庫-彰化,2024-10-17,1028
1326,台化,11,1,10,合庫-彰化,2024-10-17,1028
1314,中石化,15,5,10,合庫-彰化,2024-10-17,1028
00954,中信日本半導體,10,0,10,合庫-彰化,2024-10-17,1028
1313,聯成,10,0,10,合庫-彰化,2024-10-17,1028
1416,廣豐,10,0,10,合庫-彰化,2024-10-17,1028
1595,川寶,15,5,10,合庫-彰化,2024-10-17,1028
2515,中工,10,0,10,合庫-彰化,2024-10-17,1028
3209,全科,10,0,10,合庫-彰化,2024-10-17,1028
4906,正文,10,0,10,合庫-彰化,2024-10-17,1028
4919,新唐,10,0,10,合庫-彰化,2024-10-17,1028
6456,GIS-KY,10,0,10,合庫-彰化,2024-10-17,1028
8455,大拓-KY,12,3,9,合庫-彰化,2024-10-17,1028
00679B,元大美債20年,13,4,9,合庫-彰化,2024-10-17,1028
8111,立��,14,6,8,合庫-彰化,2024-10-17,1028
00715L,期街口布蘭特正2,300,0,300,合庫-彰化,2024-10-18,1028
00632R,元大台灣50反1,220,0,220,合庫-彰化,2024-10-18,1028
00687B,國泰20年美債,64,8,56,合庫-彰化,2024-10-18,1028
6213,聯茂,56,2,54,合庫-彰化,2024-10-18,1028
5347,世界,55,3,52,合庫-彰化,2024-10-18,1028
3230,錦明,50,0,50,合庫-彰化,2024-10-18,1028
00753L,中信中國50正2,45,0,45,合庫-彰化,2024-10-18,1028
00948B,中信優息投資級債,45,0,45,合庫-彰化,2024-10-18,1028
00676R,富邦臺灣加權反1,40,0,40,合庫-彰化,2024-10-18,1028
00679B,元大美債20年,39,0,39,合庫-彰化,2024-10-18,1028
3712,永崴投控,38,0,38,合庫-彰化,2024-10-18,1028
1584,精剛,37,0,37,合庫-彰化,2024-10-18,1028
00664R,國泰臺灣加權反1,33,0,33,合庫-彰化,2024-10-18,1028
3049,精金,33,1,32,合庫-彰化,2024-10-18,1028
00725B,國泰投資級公司債,30,0,30,合庫-彰化,2024-10-18,1028
00680L,元大美債20正2,30,0,30,合庫-彰化,2024-10-18,1028
3450,聯鈞,35,10,25,合庫-彰化,2024-10-18,1028
3149,正達,102,77,25,合庫-彰化,2024-10-18,1028
4979,華星光,31,7,24,合庫-彰化,2024-10-18,1028
00931B,統一美債20年,23,0,23,合庫-彰化,2024-10-18,1028
00937B,群益ESG投等債20,45,23,22,合庫-彰化,2024-10-18,1028
2313,華通,21,0,21,合庫-彰化,2024-10-18,1028
1301,台塑,23,2,21,合庫-彰化,2024-10-18,1028
3591,艾笛森,21,0,21,合庫-彰化,2024-10-18,1028
0056,元大高股息,23,3,20,合庫-彰化,2024-10-18,1028
00887,永豐中國科技50大,30,10,20,合庫-彰化,2024-10-18,1028
3706,神達,20,0,20,合庫-彰化,2024-10-18,1028
4414,如興,20,0,20,合庫-彰化,2024-10-18,1028
2367,燿華,31,12,19,合庫-彰化,2024-10-18,1028
3430,奇鈦科,20,1,19,合庫-彰化,2024-10-18,1028
4562,穎漢,82,64,18,合庫-彰化,2024-10-18,1028
6191,精成科,17,0,17,合庫-彰化,2024-10-18,1028
2344,華邦電,18,2,16,合庫-彰化,2024-10-18,1028
2303,聯電,23,8,15,合庫-彰化,2024-10-18,1028
00857B,永豐20年美公債,14,0,14,合庫-彰化,2024-10-18,1028
3167,大量,51,38,13,合庫-彰化,2024-10-18,1028
00882,中信中國高股息,13,1,12,合庫-彰化,2024-10-18,1028
2371,大同,12,1,11,合庫-彰化,2024-10-18,1028
4967,十銓,15,4,11,合庫-彰化,2024-10-18,1028
00643,群益深証中小,10,0,10,合庫-彰化,2024-10-18,1028
1416,廣豐,20,10,10,合庫-彰化,2024-10-18,1028
2349,錸德,12,2,10,合庫-彰化,2024-10-18,1028
2405,輔信,10,0,10,合庫-彰化,2024-10-18,1028
4960,誠美材,10,0,10,合庫-彰化,2024-10-18,1028
5234,達興材料,16,6,10,合庫-彰化,2024-10-18,1028
8097,常珵,10,0,10,合庫-彰化,2024-10-18,1028
00933B,國泰10Y+金融債,9,0,9,合庫-彰化,2024-10-18,1028
2317,鴻海,21,12,9,合庫-彰化,2024-10-18,1028
1539,巨庭,8,0,8,合庫-彰化,2024-10-18,1028
2421,建準,14,6,8,合庫-彰化,2024-10-18,1028
00665L,富邦�琤肭磪囓�2,1309,0,1309,合庫-彰化,2024-10-21,1028
1312,國喬,340,142,198,合庫-彰化,2024-10-21,1028
00937B,群益ESG投等債20,201,12,189,合庫-彰化,2024-10-21,1028
00715L,期街口布蘭特正2,125,1,124,合庫-彰化,2024-10-21,1028
6156,松上,121,0,121,合庫-彰化,2024-10-21,1028
00887,永豐中國科技50大,157,41,116,合庫-彰化,2024-10-21,1028
2888,新光金,116,2,114,合庫-彰化,2024-10-21,1028
00637L,元大滬深300正2,111,1,110,合庫-彰化,2024-10-21,1028
2892,第一金,77,2,75,合庫-彰化,2024-10-21,1028
2312,金寶,96,24,72,合庫-彰化,2024-10-21,1028
3706,神達,70,1,69,合庫-彰化,2024-10-21,1028
00687B,國泰20年美債,64,1,63,合庫-彰化,2024-10-21,1028
00948B,中信優息投資級債,63,4,59,合庫-彰化,2024-10-21,1028
2029,盛餘,58,0,58,合庫-彰化,2024-10-21,1028
1447,力鵬,51,0,51,合庫-彰化,2024-10-21,1028
00679B,元大美債20年,47,0,47,合庫-彰化,2024-10-21,1028
1314,中石化,45,0,45,合庫-彰化,2024-10-21,1028
2887,台新金,39,1,38,合庫-彰化,2024-10-21,1028
3060,銘異,35,0,35,合庫-彰化,2024-10-21,1028
00931B,統一美債20年,32,0,32,合庫-彰化,2024-10-21,1028
4540,全球傳動,32,1,31,合庫-彰化,2024-10-21,1028
00632R,元大台灣50反1,40,10,30,合庫-彰化,2024-10-21,1028
1785,光洋科,42,15,27,合庫-彰化,2024-10-21,1028
2486,一詮,30,3,27,合庫-彰化,2024-10-21,1028
00753L,中信中國50正2,26,0,26,合庫-彰化,2024-10-21,1028
00878,國泰永續高股息,25,2,23,合庫-彰化,2024-10-21,1028
2834,臺企銀,20,0,20,合庫-彰化,2024-10-21,1028
2867,三商壽,20,0,20,合庫-彰化,2024-10-21,1028
4541,晟田,20,0,20,合庫-彰化,2024-10-21,1028
2881,富邦金,20,0,20,合庫-彰化,2024-10-21,1028
3450,聯鈞,24,6,18,合庫-彰化,2024-10-21,1028
2316,楠梓電,18,1,17,合庫-彰化,2024-10-21,1028
1301,台塑,16,1,15,合庫-彰化,2024-10-21,1028
00664R,國泰臺灣加權反1,15,0,15,合庫-彰化,2024-10-21,1028
00924,復華S＆P500成長,15,0,15,合庫-彰化,2024-10-21,1028
00650L,復華香港正2,14,0,14,合庫-彰化,2024-10-21,1028
3031,佰鴻,18,4,14,合庫-彰化,2024-10-21,1028
6770,力積電,15,1,14,合庫-彰化,2024-10-21,1028
00907,永豐優息存股,12,0,12,合庫-彰化,2024-10-21,1028
00712,復華富時不動產,12,0,12,合庫-彰化,2024-10-21,1028
3710,連展投控,12,0,12,合庫-彰化,2024-10-21,1028
6122,擎邦,12,0,12,合庫-彰化,2024-10-21,1028
00857B,永豐20年美公債,11,0,11,合庫-彰化,2024-10-21,1028
00738U,期元大道瓊白銀,11,0,11,合庫-彰化,2024-10-21,1028
2421,建準,14,3,11,合庫-彰化,2024-10-21,1028
3712,永崴投控,11,0,11,合庫-彰化,2024-10-21,1028
2308,台達電,11,1,10,合庫-彰化,2024-10-21,1028
00961,FT臺灣永續高息,10,0,10,合庫-彰化,2024-10-21,1028
2399,映泰,17,7,10,合庫-彰化,2024-10-21,1028
6142,友勁,10,0,10,合庫-彰化,2024-10-21,1028
00679B,元大美債20年,457,5,452,合庫-彰化,2024-10-22,1028
00937B,群益ESG投等債20,353,127,226,合庫-彰化,2024-10-22,1028
00687B,國泰20年美債,176,0,176,合庫-彰化,2024-10-22,1028
00680L,元大美債20正2,128,0,128,合庫-彰化,2024-10-22,1028
00688L,國泰20年美債正2,101,0,101,合庫-彰化,2024-10-22,1028
00948B,中信優息投資級債,72,2,70,合庫-彰化,2024-10-22,1028
1609,大亞,60,0,60,合庫-彰化,2024-10-22,1028
1605,華新,55,0,55,合庫-彰化,2024-10-22,1028
00712,復華富時不動產,48,0,48,合庫-彰化,2024-10-22,1028
00857B,永豐20年美公債,33,0,33,合庫-彰化,2024-10-22,1028
00931B,統一美債20年,32,0,32,合庫-彰化,2024-10-22,1028
00725B,國泰投資級公司債,31,0,31,合庫-彰化,2024-10-22,1028
1447,力鵬,30,0,30,合庫-彰化,2024-10-22,1028
6609,瀧澤科,31,1,30,合庫-彰化,2024-10-22,1028
2412,中華電,30,4,26,合庫-彰化,2024-10-22,1028
00706L,期元大S＆P日圓正2,25,0,25,合庫-彰化,2024-10-22,1028
3706,神達,30,5,25,合庫-彰化,2024-10-22,1028
8043,蜜望實,28,5,23,合庫-彰化,2024-10-22,1028
2888,新光金,24,5,19,合庫-彰化,2024-10-22,1028
6156,松上,29,11,18,合庫-彰化,2024-10-22,1028
1301,台塑,18,1,17,合庫-彰化,2024-10-22,1028
00942B,台新美A公司債20+,15,0,15,合庫-彰化,2024-10-22,1028
2399,映泰,26,11,15,合庫-彰化,2024-10-22,1028
3615,安可,51,36,15,合庫-彰化,2024-10-22,1028
2605,新興,14,0,14,合庫-彰化,2024-10-22,1028
2883,凱基金,13,0,13,合庫-彰化,2024-10-22,1028
9907,統一實,20,7,13,合庫-彰化,2024-10-22,1028
2034,允強,12,0,12,合庫-彰化,2024-10-22,1028
2477,美隆電,12,0,12,合庫-彰化,2024-10-22,1028
5452,佶優,15,3,12,合庫-彰化,2024-10-22,1028
1514,亞力,11,0,11,合庫-彰化,2024-10-22,1028
5351,鈺創,12,1,11,合庫-彰化,2024-10-22,1028
6186,新潤,11,0,11,合庫-彰化,2024-10-22,1028
00696B,富邦美債20年,10,0,10,合庫-彰化,2024-10-22,1028
00905,FT臺灣Smart,10,0,10,合庫-彰化,2024-10-22,1028
00954,中信日本半導體,10,0,10,合庫-彰化,2024-10-22,1028
00961,FT臺灣永續高息,10,0,10,合庫-彰化,2024-10-22,1028
2476,鉅祥,10,0,10,合庫-彰化,2024-10-22,1028
4414,如興,10,0,10,合庫-彰化,2024-10-22,1028
5355,佳總,10,0,10,合庫-彰化,2024-10-22,1028
6241,易通展,10,0,10,合庫-彰化,2024-10-22,1028
00795B,中信美國公債20年,9,0,9,合庫-彰化,2024-10-22,1028
2426,鼎元,10,1,9,合庫-彰化,2024-10-22,1028
4541,晟田,9,0,9,合庫-彰化,2024-10-22,1028
6182,合晶,9,0,9,合庫-彰化,2024-10-22,1028
6220,岳豐,9,0,9,合庫-彰化,2024-10-22,1028
6122,擎邦,8,0,8,合庫-彰化,2024-10-22,1028
00919,群益台灣精選高息,13,5,8,合庫-彰化,2024-10-22,1028
2344,華邦電,7,0,7,合庫-彰化,2024-10-22,1028
2356,英業達,11,4,7,合庫-彰化,2024-10-22,1028
00943,兆豐電子高息等權,260,0,260,合庫-彰化,2024-10-23,1028
00715L,期街口布蘭特正2,200,2,198,合庫-彰化,2024-10-23,1028
00937B,群益ESG投等債20,158,1,157,合庫-彰化,2024-10-23,1028
6770,力積電,95,11,84,合庫-彰化,2024-10-23,1028
00753L,中信中國50正2,61,0,61,合庫-彰化,2024-10-23,1028
1605,華新,45,0,45,合庫-彰化,2024-10-23,1028
00637L,元大滬深300正2,46,2,44,合庫-彰化,2024-10-23,1028
00687B,國泰20年美債,70,27,43,合庫-彰化,2024-10-23,1028
2201,裕隆,43,0,43,合庫-彰化,2024-10-23,1028
8937,合騏,42,0,42,合庫-彰化,2024-10-23,1028
00665L,富邦�琤肭磪囓�2,350,310,40,合庫-彰化,2024-10-23,1028
2313,華通,33,0,33,合庫-彰化,2024-10-23,1028
00712,復華富時不動產,32,0,32,合庫-彰化,2024-10-23,1028
2887,台新金,31,0,31,合庫-彰化,2024-10-23,1028
2351,順德,30,0,30,合庫-彰化,2024-10-23,1028
6156,松上,94,67,27,合庫-彰化,2024-10-23,1028
2399,映泰,51,24,27,合庫-彰化,2024-10-23,1028
00650L,復華香港正2,25,0,25,合庫-彰化,2024-10-23,1028
00954,中信日本半導體,25,0,25,合庫-彰化,2024-10-23,1028
8097,常珵,25,0,25,合庫-彰化,2024-10-23,1028
0056,元大高股息,21,0,21,合庫-彰化,2024-10-23,1028
2303,聯電,20,0,20,合庫-彰化,2024-10-23,1028
00948B,中信優息投資級債,20,0,20,合庫-彰化,2024-10-23,1028
1447,力鵬,20,0,20,合庫-彰化,2024-10-23,1028
4414,如興,20,0,20,合庫-彰化,2024-10-23,1028
00941,中信上游半導體,19,0,19,合庫-彰化,2024-10-23,1028
6168,宏齊,19,0,19,合庫-彰化,2024-10-23,1028
00907,永豐優息存股,18,0,18,合庫-彰化,2024-10-23,1028
1711,永光,18,2,16,合庫-彰化,2024-10-23,1028
00708L,期元大S＆P黃金正2,15,0,15,合庫-彰化,2024-10-23,1028
2618,長榮航,15,0,15,合庫-彰化,2024-10-23,1028
2542,興富發,15,0,15,合庫-彰化,2024-10-23,1028
9105,泰金寶-DR,14,0,14,合庫-彰化,2024-10-23,1028
00680L,元大美債20正2,13,0,13,合庫-彰化,2024-10-23,1028
00751B,元大AAA至A公司債,13,0,13,合庫-彰化,2024-10-23,1028
1314,中石化,13,0,13,合庫-彰化,2024-10-23,1028
2367,燿華,17,4,13,合庫-彰化,2024-10-23,1028
6108,競國,13,0,13,合庫-彰化,2024-10-23,1028
00877,復華中國5G,12,0,12,合庫-彰化,2024-10-23,1028
2477,美隆電,12,0,12,合庫-彰化,2024-10-23,1028
3494,誠研,12,0,12,合庫-彰化,2024-10-23,1028
6219,富旺,12,0,12,合庫-彰化,2024-10-23,1028
2886,兆豐金,14,2,12,合庫-彰化,2024-10-23,1028
2034,允強,11,0,11,合庫-彰化,2024-10-23,1028
3060,銘異,31,20,11,合庫-彰化,2024-10-23,1028
3550,聯穎,13,2,11,合庫-彰化,2024-10-23,1028
6167,久正,11,0,11,合庫-彰化,2024-10-23,1028
6405,悅城,33,22,11,合庫-彰化,2024-10-23,1028
00878,國泰永續高股息,12,1,11,合庫-彰化,2024-10-23,1028
2409,友達,11,1,10,合庫-彰化,2024-10-23,1028
00665L,富邦�琤肭磪囓�2,825,300,525,合庫-彰化,2024-10-24,1028
00680L,元大美債20正2,254,4,250,合庫-彰化,2024-10-24,1028
8097,常珵,168,1,167,合庫-彰化,2024-10-24,1028
00687B,國泰20年美債,167,0,167,合庫-彰化,2024-10-24,1028
2367,燿華,66,1,65,合庫-彰化,2024-10-24,1028
1609,大亞,62,0,62,合庫-彰化,2024-10-24,1028
2489,瑞軒,72,19,53,合庫-彰化,2024-10-24,1028
00715L,期街口布蘭特正2,50,0,50,合庫-彰化,2024-10-24,1028
0056,元大高股息,45,1,44,合庫-彰化,2024-10-24,1028
00937B,群益ESG投等債20,50,6,44,合庫-彰化,2024-10-24,1028
3450,聯鈞,50,7,43,合庫-彰化,2024-10-24,1028
3060,銘異,118,80,38,合庫-彰化,2024-10-24,1028
1528,恩德,71,34,37,合庫-彰化,2024-10-24,1028
2486,一詮,45,9,36,合庫-彰化,2024-10-24,1028
1584,精剛,33,0,33,合庫-彰化,2024-10-24,1028
2317,鴻海,44,12,32,合庫-彰化,2024-10-24,1028
00753L,中信中國50正2,32,0,32,合庫-彰化,2024-10-24,1028
1605,華新,30,0,30,合庫-彰化,2024-10-24,1028
1326,台化,28,0,28,合庫-彰化,2024-10-24,1028
6156,松上,34,6,28,合庫-彰化,2024-10-24,1028
00679B,元大美債20年,24,0,24,合庫-彰化,2024-10-24,1028
00929,復華台灣科技優息,36,13,23,合庫-彰化,2024-10-24,1028
00948B,中信優息投資級債,22,0,22,合庫-彰化,2024-10-24,1028
6182,合晶,21,0,21,合庫-彰化,2024-10-24,1028
00725B,國泰投資級公司債,20,0,20,合庫-彰化,2024-10-24,1028
1314,中石化,40,20,20,合庫-彰化,2024-10-24,1028
1447,力鵬,20,0,20,合庫-彰化,2024-10-24,1028
2892,第一金,20,0,20,合庫-彰化,2024-10-24,1028
2929,淘帝-KY,20,0,20,合庫-彰化,2024-10-24,1028
6108,競國,20,0,20,合庫-彰化,2024-10-24,1028
3037,欣興,23,4,19,合庫-彰化,2024-10-24,1028
00712,復華富時不動產,24,5,19,合庫-彰化,2024-10-24,1028
2431,聯昌,35,17,18,合庫-彰化,2024-10-24,1028
2388,威盛,26,9,17,合庫-彰化,2024-10-24,1028
00637L,元大滬深300正2,23,6,17,合庫-彰化,2024-10-24,1028
00885,富邦越南,17,0,17,合庫-彰化,2024-10-24,1028
4729,熒茂,17,0,17,合庫-彰化,2024-10-24,1028
2344,華邦電,18,2,16,合庫-彰化,2024-10-24,1028
4908,前鼎,17,1,16,合庫-彰化,2024-10-24,1028
6120,達運,15,0,15,合庫-彰化,2024-10-24,1028
00919,群益台灣精選高息,15,0,15,合庫-彰化,2024-10-24,1028
00960,野村全球航運龍頭,16,2,14,合庫-彰化,2024-10-24,1028
3290,東浦,14,0,14,合庫-彰化,2024-10-24,1028
5234,達興材料,16,2,14,合庫-彰化,2024-10-24,1028
3481,群創,45,31,14,合庫-彰化,2024-10-24,1028
3615,安可,42,29,13,合庫-彰化,2024-10-24,1028
4510,高鋒,24,11,13,合庫-彰化,2024-10-24,1028
6177,達麗,14,1,13,合庫-彰化,2024-10-24,1028
6451,訊芯-KY,13,0,13,合庫-彰化,2024-10-24,1028
3483,力致,12,0,12,合庫-彰化,2024-10-24,1028
2646,星宇航空,370,87,283,合庫-彰化,2024-10-25,1028
00946,群益科技高息成長,200,1,199,合庫-彰化,2024-10-25,1028
00679B,元大美債20年,177,9,168,合庫-彰化,2024-10-25,1028
00959B,大華投等美債15Y+,111,0,111,合庫-彰化,2024-10-25,1028
00943,兆豐電子高息等權,102,0,102,合庫-彰化,2024-10-25,1028
00937B,群益ESG投等債20,112,11,101,合庫-彰化,2024-10-25,1028
00680L,元大美債20正2,99,0,99,合庫-彰化,2024-10-25,1028
5328,華容,97,7,90,合庫-彰化,2024-10-25,1028
2888,新光金,60,2,58,合庫-彰化,2024-10-25,1028
2303,聯電,56,0,56,合庫-彰化,2024-10-25,1028
00929,復華台灣科技優息,37,4,33,合庫-彰化,2024-10-25,1028
2495,普安,49,17,32,合庫-彰化,2024-10-25,1028
3003,健和興,31,0,31,合庫-彰化,2024-10-25,1028
1605,華新,30,2,28,合庫-彰化,2024-10-25,1028
00637L,元大滬深300正2,27,0,27,合庫-彰化,2024-10-25,1028
1584,精剛,27,0,27,合庫-彰化,2024-10-25,1028
8249,菱光,50,23,27,合庫-彰化,2024-10-25,1028
2367,燿華,31,7,24,合庫-彰化,2024-10-25,1028
2344,華邦電,21,0,21,合庫-彰化,2024-10-25,1028
3583,辛耘,22,1,21,合庫-彰化,2024-10-25,1028
00715L,期街口布蘭特正2,20,0,20,合庫-彰化,2024-10-25,1028
00650L,復華香港正2,20,0,20,合庫-彰化,2024-10-25,1028
2408,南亞科,20,1,19,合庫-彰化,2024-10-25,1028
4414,如興,16,0,16,合庫-彰化,2024-10-25,1028
4743,合一,16,0,16,合庫-彰化,2024-10-25,1028
00885,富邦越南,15,0,15,合庫-彰化,2024-10-25,1028
3450,聯鈞,23,8,15,合庫-彰化,2024-10-25,1028
00857B,永豐20年美公債,19,5,14,合庫-彰化,2024-10-25,1028
1528,恩德,148,135,13,合庫-彰化,2024-10-25,1028
2883,凱基金,13,0,13,合庫-彰化,2024-10-25,1028
6207,雷科,14,1,13,合庫-彰化,2024-10-25,1028
8096,擎亞,14,3,11,合庫-彰化,2024-10-25,1028
2884,玉山金,11,1,10,合庫-彰化,2024-10-25,1028
1301,台塑,13,3,10,合庫-彰化,2024-10-25,1028
1326,台化,10,0,10,合庫-彰化,2024-10-25,1028
2633,台灣高鐵,10,0,10,合庫-彰化,2024-10-25,1028
6108,競國,10,0,10,合庫-彰化,2024-10-25,1028
8040,九暘,10,0,10,合庫-彰化,2024-10-25,1028
8097,常珵,10,0,10,合庫-彰化,2024-10-25,1028
00693U,期街口S＆P黃豆,10,1,9,合庫-彰化,2024-10-25,1028
1513,中興電,11,2,9,合庫-彰化,2024-10-25,1028
4979,華星光,11,2,9,合庫-彰化,2024-10-25,1028
5315,光聯,10,1,9,合庫-彰化,2024-10-25,1028
2330,台積電,10,1,9,合庫-彰化,2024-10-25,1028
00639,富邦深100,8,0,8,合庫-彰化,2024-10-25,1028
1795,美時,9,1,8,合庫-彰化,2024-10-25,1028
1324,地球,7,0,7,合庫-彰化,2024-10-25,1028
2365,昆盈,9,2,7,合庫-彰化,2024-10-25,1028
3615,安可,11,4,7,合庫-彰化,2024-10-25,1028
3687,歐買尬,8,1,7,合庫-彰化,2024-10-25,1028
8043,蜜望實,195,0,195,合庫-彰化,2024-10-28,1028
00937B,群益ESG投等債20,222,87,135,合庫-彰化,2024-10-28,1028
00679B,元大美債20年,124,23,101,合庫-彰化,2024-10-28,1028
00929,復華台灣科技優息,91,23,68,合庫-彰化,2024-10-28,1028
00687B,國泰20年美債,95,28,67,合庫-彰化,2024-10-28,1028
2646,星宇航空,90,23,67,合庫-彰化,2024-10-28,1028
00637L,元大滬深300正2,63,0,63,合庫-彰化,2024-10-28,1028
1785,光洋科,55,0,55,合庫-彰化,2024-10-28,1028
2312,金寶,50,1,49,合庫-彰化,2024-10-28,1028
3056,富華新,40,0,40,合庫-彰化,2024-10-28,1028
3013,晟銘電,91,54,37,合庫-彰化,2024-10-28,1028
3450,聯鈞,44,9,35,合庫-彰化,2024-10-28,1028
00712,復華富時不動產,34,0,34,合庫-彰化,2024-10-28,1028
2892,第一金,32,0,32,合庫-彰化,2024-10-28,1028
6770,力積電,37,5,32,合庫-彰化,2024-10-28,1028
00919,群益台灣精選高息,73,43,30,合庫-彰化,2024-10-28,1028
3290,東浦,30,0,30,合庫-彰化,2024-10-28,1028
4938,和碩,30,0,30,合庫-彰化,2024-10-28,1028
00680L,元大美債20正2,93,66,27,合庫-彰化,2024-10-28,1028
00959B,大華投等美債15Y+,25,0,25,合庫-彰化,2024-10-28,1028
1808,潤隆,21,0,21,合庫-彰化,2024-10-28,1028
3481,群創,22,2,20,合庫-彰化,2024-10-28,1028
6191,精成科,20,0,20,合庫-彰化,2024-10-28,1028
00905,FT臺灣Smart,20,1,19,合庫-彰化,2024-10-28,1028
4414,如興,19,0,19,合庫-彰化,2024-10-28,1028
00857B,永豐20年美公債,18,0,18,合庫-彰化,2024-10-28,1028
2338,光罩,18,0,18,合庫-彰化,2024-10-28,1028
00885,富邦越南,16,0,16,合庫-彰化,2024-10-28,1028
1449,佳和,16,1,15,合庫-彰化,2024-10-28,1028
3360,尚立,16,1,15,合庫-彰化,2024-10-28,1028
4743,合一,15,0,15,合庫-彰化,2024-10-28,1028
00715L,期街口布蘭特正2,14,0,14,合庫-彰化,2024-10-28,1028
6235,華孚,15,3,12,合庫-彰化,2024-10-28,1028
2303,聯電,13,1,12,合庫-彰化,2024-10-28,1028
0056,元大高股息,11,0,11,合庫-彰化,2024-10-28,1028
5234,達興材料,12,1,11,合庫-彰化,2024-10-28,1028
00907,永豐優息存股,11,0,11,合庫-彰化,2024-10-28,1028
2368,金像電,11,0,11,合庫-彰化,2024-10-28,1028
2477,美隆電,58,47,11,合庫-彰化,2024-10-28,1028
3019,亞光,11,0,11,合庫-彰化,2024-10-28,1028
3550,聯穎,11,0,11,合庫-彰化,2024-10-28,1028
4545,銘鈺,11,0,11,合庫-彰化,2024-10-28,1028
6443,元晶,11,0,11,合庫-彰化,2024-10-28,1028
2884,玉山金,11,0,11,合庫-彰化,2024-10-28,1028
00693U,期街口S＆P黃豆,10,0,10,合庫-彰化,2024-10-28,1028
00665L,富邦�琤肭磪囓�2,310,300,10,合庫-彰化,2024-10-28,1028
00943,兆豐電子高息等權,10,0,10,合庫-彰化,2024-10-28,1028
00953B,群益優選非投等債,10,0,10,合庫-彰化,2024-10-28,1028
3673,TPK-KY,10,0,10,合庫-彰化,2024-10-28,1028
3694,海華,10,0,10,合庫-彰化,2024-10-28,1028
00919,群益台灣精選高息,203,1,202,合庫-彰化,2024-10-29,1028
6156,松上,146,9,137,合庫-彰化,2024-10-29,1028
00943,兆豐電子高息等權,117,0,117,合庫-彰化,2024-10-29,1028
00929,復華台灣科技優息,125,27,98,合庫-彰化,2024-10-29,1028
2431,聯昌,109,17,92,合庫-彰化,2024-10-29,1028
00680L,元大美債20正2,125,40,85,合庫-彰化,2024-10-29,1028
00878,國泰永續高股息,95,20,75,合庫-彰化,2024-10-29,1028
0056,元大高股息,94,21,73,合庫-彰化,2024-10-29,1028
00715L,期街口布蘭特正2,57,0,57,合庫-彰化,2024-10-29,1028
1314,中石化,54,0,54,合庫-彰化,2024-10-29,1028
00905,FT臺灣Smart,53,1,52,合庫-彰化,2024-10-29,1028
2646,星宇航空,88,45,43,合庫-彰化,2024-10-29,1028
3060,銘異,40,0,40,合庫-彰化,2024-10-29,1028
5202,力新,39,4,35,合庫-彰化,2024-10-29,1028
00712,復華富時不動產,32,0,32,合庫-彰化,2024-10-29,1028
2892,第一金,32,0,32,合庫-彰化,2024-10-29,1028
6108,競國,32,0,32,合庫-彰化,2024-10-29,1028
2367,燿華,31,0,31,合庫-彰化,2024-10-29,1028
2303,聯電,32,3,29,合庫-彰化,2024-10-29,1028
00887,永豐中國科技50大,32,5,27,合庫-彰化,2024-10-29,1028
2605,新興,25,0,25,合庫-彰化,2024-10-29,1028
2313,華通,24,0,24,合庫-彰化,2024-10-29,1028
2801,彰銀,22,0,22,合庫-彰化,2024-10-29,1028
1416,廣豐,20,0,20,合庫-彰化,2024-10-29,1028
2331,精英,20,0,20,合庫-彰化,2024-10-29,1028
6191,精成科,20,0,20,合庫-彰化,2024-10-29,1028
2034,允強,19,0,19,合庫-彰化,2024-10-29,1028
2610,華航,31,13,18,合庫-彰化,2024-10-29,1028
00918,大華優利高填息30,16,0,16,合庫-彰化,2024-10-29,1028
2633,台灣高鐵,15,0,15,合庫-彰化,2024-10-29,1028
00665L,富邦�琤肭磪囓�2,15,0,15,合庫-彰化,2024-10-29,1028
1528,恩德,20,5,15,合庫-彰化,2024-10-29,1028
6770,力積電,25,10,15,合庫-彰化,2024-10-29,1028
00935,野村臺灣新科技50,14,0,14,合庫-彰化,2024-10-29,1028
00946,群益科技高息成長,14,0,14,合庫-彰化,2024-10-29,1028
6133,金橋,18,4,14,合庫-彰化,2024-10-29,1028
3013,晟銘電,18,5,13,合庫-彰化,2024-10-29,1028
8064,東捷,13,0,13,合庫-彰化,2024-10-29,1028
5871,中租-KY,12,0,12,合庫-彰化,2024-10-29,1028
6134,萬旭,12,0,12,合庫-彰化,2024-10-29,1028
00921,兆豐龍頭等權重,12,0,12,合庫-彰化,2024-10-29,1028
2317,鴻海,47,35,12,合庫-彰化,2024-10-29,1028
1447,力鵬,10,0,10,合庫-彰化,2024-10-29,1028
3287,廣寰科,10,0,10,合庫-彰化,2024-10-29,1028
4743,合一,10,0,10,合庫-彰化,2024-10-29,1028
5457,宣德,10,0,10,合庫-彰化,2024-10-29,1028
8047,星雲,10,0,10,合庫-彰化,2024-10-29,1028
00930,永豐ESG低碳高息,14,5,9,合庫-彰化,2024-10-29,1028
2399,映泰,17,8,9,合庫-彰化,2024-10-29,1028
2441,超豐,9,0,9,合庫-彰化,2024-10-29,1028
00665L,富邦�琤肭磪囓�2,610,0,610,合庫-彰化,2024-10-30,1028
1528,恩德,180,48,132,合庫-彰化,2024-10-30,1028
2431,聯昌,143,16,127,合庫-彰化,2024-10-30,1028
00650L,復華香港正2,115,0,115,合庫-彰化,2024-10-30,1028
6156,松上,115,4,111,合庫-彰化,2024-10-30,1028
2610,華航,110,4,106,合庫-彰化,2024-10-30,1028
00919,群益台灣精選高息,92,4,88,合庫-彰化,2024-10-30,1028
1605,華新,51,0,51,合庫-彰化,2024-10-30,1028
00664R,國泰臺灣加權反1,50,0,50,合庫-彰化,2024-10-30,1028
2801,彰銀,39,1,38,合庫-彰化,2024-10-30,1028
1314,中石化,33,0,33,合庫-彰化,2024-10-30,1028
0056,元大高股息,34,3,31,合庫-彰化,2024-10-30,1028
6191,精成科,51,20,31,合庫-彰化,2024-10-30,1028
4938,和碩,30,0,30,合庫-彰化,2024-10-30,1028
9914,美利達,30,0,30,合庫-彰化,2024-10-30,1028
2303,聯電,29,0,29,合庫-彰化,2024-10-30,1028
00937B,群益ESG投等債20,29,0,29,合庫-彰化,2024-10-30,1028
6108,競國,33,5,28,合庫-彰化,2024-10-30,1028
1531,高林股,27,0,27,合庫-彰化,2024-10-30,1028
2351,順德,29,2,27,合庫-彰化,2024-10-30,1028
3481,群創,65,40,25,合庫-彰化,2024-10-30,1028
00715L,期街口布蘭特正2,21,0,21,合庫-彰化,2024-10-30,1028
00929,復華台灣科技優息,19,0,19,合庫-彰化,2024-10-30,1028
2646,星宇航空,33,15,18,合庫-彰化,2024-10-30,1028
2542,興富發,21,3,18,合庫-彰化,2024-10-30,1028
5880,合庫金,18,0,18,合庫-彰化,2024-10-30,1028
00712,復華富時不動產,17,0,17,合庫-彰化,2024-10-30,1028
4128,中天,17,0,17,合庫-彰化,2024-10-30,1028
00940,元大台灣價值高息,16,0,16,合庫-彰化,2024-10-30,1028
00959B,大華投等美債15Y+,16,0,16,合庫-彰化,2024-10-30,1028
3450,聯鈞,21,7,14,合庫-彰化,2024-10-30,1028
00637L,元大滬深300正2,13,0,13,合庫-彰化,2024-10-30,1028
2637,慧洋-KY,13,1,12,合庫-彰化,2024-10-30,1028
8104,錸寶,12,0,12,合庫-彰化,2024-10-30,1028
00950B,凱基A級公司債,11,0,11,合庫-彰化,2024-10-30,1028
2477,美隆電,27,16,11,合庫-彰化,2024-10-30,1028
2642,宅配通,20,10,10,合庫-彰化,2024-10-30,1028
00753L,中信中國50正2,10,0,10,合庫-彰化,2024-10-30,1028
1785,光洋科,30,20,10,合庫-彰化,2024-10-30,1028
2605,新興,10,0,10,合庫-彰化,2024-10-30,1028
4919,新唐,19,10,9,合庫-彰化,2024-10-30,1028
1229,聯華,9,0,9,合庫-彰化,2024-10-30,1028
4526,東台,10,1,9,合庫-彰化,2024-10-30,1028
00633L,富邦上証正2,8,0,8,合庫-彰化,2024-10-30,1028
00938,凱基優選30,8,0,8,合庫-彰化,2024-10-30,1028
2034,允強,8,0,8,合庫-彰化,2024-10-30,1028
00882,中信中國高股息,8,1,7,合庫-彰化,2024-10-30,1028
2337,旺宏,7,0,7,合庫-彰化,2024-10-30,1028
2369,菱生,7,0,7,合庫-彰化,2024-10-30,1028
5234,達興材料,7,0,7,合庫-彰化,2024-10-30,1028
1312,國喬,155,0,155,合庫-彰化,2024-11-01,1028
2337,旺宏,143,1,142,合庫-彰化,2024-11-01,1028
1101,台泥,63,0,63,合庫-彰化,2024-11-01,1028
00919,群益台灣精選高息,62,0,62,合庫-彰化,2024-11-01,1028
5880,合庫金,62,0,62,合庫-彰化,2024-11-01,1028
8043,蜜望實,53,3,50,合庫-彰化,2024-11-01,1028
2646,星宇航空,60,12,48,合庫-彰化,2024-11-01,1028
6156,松上,74,27,47,合庫-彰化,2024-11-01,1028
0056,元大高股息,39,0,39,合庫-彰化,2024-11-01,1028
2884,玉山金,36,0,36,合庫-彰化,2024-11-01,1028
00712,復華富時不動產,54,21,33,合庫-彰化,2024-11-01,1028
2801,彰銀,33,0,33,合庫-彰化,2024-11-01,1028
00929,復華台灣科技優息,70,43,27,合庫-彰化,2024-11-01,1028
00887,永豐中國科技50大,24,0,24,合庫-彰化,2024-11-01,1028
3481,群創,47,24,23,合庫-彰化,2024-11-01,1028
1785,光洋科,25,2,23,合庫-彰化,2024-11-01,1028
00915,凱基優選高股息30,22,0,22,合庫-彰化,2024-11-01,1028
00878,國泰永續高股息,28,6,22,合庫-彰化,2024-11-01,1028
00632R,元大台灣50反1,51,31,20,合庫-彰化,2024-11-01,1028
2323,中環,20,0,20,合庫-彰化,2024-11-01,1028
00680L,元大美債20正2,22,4,18,合庫-彰化,2024-11-01,1028
6191,精成科,17,0,17,合庫-彰化,2024-11-01,1028
8390,金益鼎,17,0,17,合庫-彰化,2024-11-01,1028
00945B,凱基美國非投等債,17,1,16,合庫-彰化,2024-11-01,1028
4903,聯光通,20,4,16,合庫-彰化,2024-11-01,1028
2633,台灣高鐵,15,0,15,合庫-彰化,2024-11-01,1028
3712,永崴投控,15,0,15,合庫-彰化,2024-11-01,1028
6120,達運,14,0,14,合庫-彰化,2024-11-01,1028
00918,大華優利高填息30,14,0,14,合庫-彰化,2024-11-01,1028
2317,鴻海,34,21,13,合庫-彰化,2024-11-01,1028
00675L,富邦臺灣加權正2,13,0,13,合庫-彰化,2024-11-01,1028
3576,聯合再生,13,0,13,合庫-彰化,2024-11-01,1028
2354,鴻準,96,83,13,合庫-彰化,2024-11-01,1028
2845,遠東銀,12,0,12,合庫-彰化,2024-11-01,1028
00951,台新日本半導體,12,0,12,合庫-彰化,2024-11-01,1028
2027,大成鋼,12,0,12,合庫-彰化,2024-11-01,1028
3060,銘異,22,10,12,合庫-彰化,2024-11-01,1028
1714,和桐,11,0,11,合庫-彰化,2024-11-01,1028
2020,美亞,11,0,11,合庫-彰化,2024-11-01,1028
2344,華邦電,11,0,11,合庫-彰化,2024-11-01,1028
2867,三商壽,11,0,11,合庫-彰化,2024-11-01,1028
00688L,國泰20年美債正2,13,3,10,合庫-彰化,2024-11-01,1028
00738U,期元大道瓊白銀,10,0,10,合庫-彰化,2024-11-01,1028
5871,中租-KY,26,16,10,合庫-彰化,2024-11-01,1028
8040,九暘,10,0,10,合庫-彰化,2024-11-01,1028
1326,台化,9,0,9,合庫-彰化,2024-11-01,1028
1718,中纖,9,0,9,合庫-彰化,2024-11-01,1028
4120,友華,10,1,9,合庫-彰化,2024-11-01,1028
00713,元大台灣高息低波,9,0,9,合庫-彰化,2024-11-01,1028
3450,聯鈞,22,14,8,合庫-彰化,2024-11-01,1028
00937B,群益ESG投等債20,188,1,187,合庫-彰化,2024-11-04,1028
00687B,國泰20年美債,120,22,98,合庫-彰化,2024-11-04,1028
2344,華邦電,101,10,91,合庫-彰化,2024-11-04,1028
00919,群益台灣精選高息,81,0,81,合庫-彰化,2024-11-04,1028
2615,萬海,128,51,77,合庫-彰化,2024-11-04,1028
2646,星宇航空,99,31,68,合庫-彰化,2024-11-04,1028
00679B,元大美債20年,67,2,65,合庫-彰化,2024-11-04,1028
2609,陽明,133,69,64,合庫-彰化,2024-11-04,1028
00712,復華富時不動產,55,0,55,合庫-彰化,2024-11-04,1028
2431,聯昌,45,3,42,合庫-彰化,2024-11-04,1028
00878,國泰永續高股息,39,5,34,合庫-彰化,2024-11-04,1028
2596,綠意,30,0,30,合庫-彰化,2024-11-04,1028
4414,如興,30,0,30,合庫-彰化,2024-11-04,1028
00901,永豐智能車供應鏈,27,0,27,合庫-彰化,2024-11-04,1028
5880,合庫金,25,3,22,合庫-彰化,2024-11-04,1028
3481,群創,24,3,21,合庫-彰化,2024-11-04,1028
5347,世界,25,4,21,合庫-彰化,2024-11-04,1028
00933B,國泰10Y+金融債,20,0,20,合庫-彰化,2024-11-04,1028
2605,新興,20,0,20,合庫-彰化,2024-11-04,1028
5355,佳總,20,0,20,合庫-彰化,2024-11-04,1028
8937,合騏,20,0,20,合庫-彰化,2024-11-04,1028
00665L,富邦�琤肭磪囓�2,19,0,19,合庫-彰化,2024-11-04,1028
2408,南亞科,25,7,18,合庫-彰化,2024-11-04,1028
00945B,凱基美國非投等債,18,0,18,合庫-彰化,2024-11-04,1028
2613,中櫃,24,8,16,合庫-彰化,2024-11-04,1028
2365,昆盈,17,1,16,合庫-彰化,2024-11-04,1028
8040,九暘,15,0,15,合庫-彰化,2024-11-04,1028
8420,明揚,15,0,15,合庫-彰化,2024-11-04,1028
00751B,元大AAA至A公司債,13,0,13,合庫-彰化,2024-11-04,1028
00720B,元大投資級公司債,12,0,12,合庫-彰化,2024-11-04,1028
3712,永崴投控,12,0,12,合庫-彰化,2024-11-04,1028
00948B,中信優息投資級債,11,0,11,合庫-彰化,2024-11-04,1028
00943,兆豐電子高息等權,16,5,11,合庫-彰化,2024-11-04,1028
00857B,永豐20年美公債,11,0,11,合庫-彰化,2024-11-04,1028
00688L,國泰20年美債正2,11,0,11,合庫-彰化,2024-11-04,1028
00713,元大台灣高息低波,11,0,11,合庫-彰化,2024-11-04,1028
2603,長榮,11,1,10,合庫-彰化,2024-11-04,1028
00935,野村臺灣新科技50,10,0,10,合庫-彰化,2024-11-04,1028
00958B,永豐ESG銀行債15,10,0,10,合庫-彰化,2024-11-04,1028
1416,廣豐,10,0,10,合庫-彰化,2024-11-04,1028
2103,台橡,10,0,10,合庫-彰化,2024-11-04,1028
2834,臺企銀,10,0,10,合庫-彰化,2024-11-04,1028
2929,淘帝-KY,10,0,10,合庫-彰化,2024-11-04,1028
6109,亞元,10,0,10,合庫-彰化,2024-11-04,1028
1308,亞聚,9,0,9,合庫-彰化,2024-11-04,1028
3013,晟銘電,17,8,9,合庫-彰化,2024-11-04,1028
00900,富邦特選高股息30,8,0,8,合庫-彰化,2024-11-04,1028
2243,宏旭-KY,8,0,8,合庫-彰化,2024-11-04,1028
5438,東友,11,3,8,合庫-彰化,2024-11-04,1028
2303,聯電,19,11,8,合庫-彰化,2024-11-04,1028
00632R,元大台灣50反1,1784,0,1784,合庫-彰化,2024-11-05,1028
00919,群益台灣精選高息,64,3,61,合庫-彰化,2024-11-05,1028
3013,晟銘電,76,18,58,合庫-彰化,2024-11-05,1028
2834,臺企銀,52,10,42,合庫-彰化,2024-11-05,1028
2646,星宇航空,39,3,36,合庫-彰化,2024-11-05,1028
00887,永豐中國科技50大,47,13,34,合庫-彰化,2024-11-05,1028
2351,順德,34,0,34,合庫-彰化,2024-11-05,1028
2344,華邦電,32,0,32,合庫-彰化,2024-11-05,1028
5234,達興材料,32,0,32,合庫-彰化,2024-11-05,1028
00922,國泰台灣領袖50,30,0,30,合庫-彰化,2024-11-05,1028
2312,金寶,34,4,30,合庫-彰化,2024-11-05,1028
6156,松上,30,1,29,合庫-彰化,2024-11-05,1028
2354,鴻準,81,57,24,合庫-彰化,2024-11-05,1028
8937,合騏,54,31,23,合庫-彰化,2024-11-05,1028
4583,台灣精銳,22,0,22,合庫-彰化,2024-11-05,1028
2892,第一金,20,0,20,合庫-彰化,2024-11-05,1028
1584,精剛,20,0,20,合庫-彰化,2024-11-05,1028
2867,三商壽,20,0,20,合庫-彰化,2024-11-05,1028
5347,世界,20,0,20,合庫-彰化,2024-11-05,1028
2303,聯電,70,51,19,合庫-彰化,2024-11-05,1028
1515,力山,18,0,18,合庫-彰化,2024-11-05,1028
00753L,中信中國50正2,15,0,15,合庫-彰化,2024-11-05,1028
3060,銘異,15,0,15,合庫-彰化,2024-11-05,1028
1531,高林股,25,11,14,合庫-彰化,2024-11-05,1028
4743,合一,13,0,13,合庫-彰化,2024-11-05,1028
8064,東捷,24,12,12,合庫-彰化,2024-11-05,1028
00878,國泰永續高股息,12,0,12,合庫-彰化,2024-11-05,1028
1514,亞力,11,0,11,合庫-彰化,2024-11-05,1028
1517,利奇,10,0,10,合庫-彰化,2024-11-05,1028
1605,華新,10,0,10,合庫-彰化,2024-11-05,1028
2399,映泰,14,4,10,合庫-彰化,2024-11-05,1028
3048,益登,10,0,10,合庫-彰化,2024-11-05,1028
8040,九暘,10,0,10,合庫-彰化,2024-11-05,1028
4956,光鋐,11,2,9,合庫-彰化,2024-11-05,1028
2464,盟立,15,7,8,合庫-彰化,2024-11-05,1028
1314,中石化,8,0,8,合庫-彰化,2024-11-05,1028
00731,復華富時高息低波,7,0,7,合庫-彰化,2024-11-05,1028
2888,新光金,9,2,7,合庫-彰化,2024-11-05,1028
6957,裕慶-KY,7,0,7,合庫-彰化,2024-11-05,1028
00679B,元大美債20年,13,7,6,合庫-彰化,2024-11-05,1028
00712,復華富時不動產,6,0,6,合庫-彰化,2024-11-05,1028
2486,一詮,17,11,6,合庫-彰化,2024-11-05,1028
5443,均豪,7,1,6,合庫-彰化,2024-11-05,1028
00946,群益科技高息成長,6,0,6,合庫-彰化,2024-11-05,1028
00830,國泰費城半導體,5,0,5,合庫-彰化,2024-11-05,1028
00665L,富邦�琤肭磪囓�2,5,0,5,合庫-彰化,2024-11-05,1028
00961,FT臺灣永續高息,5,0,5,合庫-彰化,2024-11-05,1028
1101,台泥,5,0,5,合庫-彰化,2024-11-05,1028
1595,川寶,10,5,5,合庫-彰化,2024-11-05,1028
2034,允強,5,0,5,合庫-彰化,2024-11-05,1028
00632R,元大台灣50反1,1001,6,995,合庫-彰化,2024-11-06,1028
00687B,國泰20年美債,229,7,222,合庫-彰化,2024-11-06,1028
00943,兆豐電子高息等權,150,0,150,合庫-彰化,2024-11-06,1028
00665L,富邦�琤肭磪囓�2,140,0,140,合庫-彰化,2024-11-06,1028
2332,友訊,100,0,100,合庫-彰化,2024-11-06,1028
1514,亞力,90,0,90,合庫-彰化,2024-11-06,1028
00679B,元大美債20年,198,118,80,合庫-彰化,2024-11-06,1028
00753L,中信中國50正2,84,4,80,合庫-彰化,2024-11-06,1028
00688L,國泰20年美債正2,74,2,72,合庫-彰化,2024-11-06,1028
00680L,元大美債20正2,70,10,60,合庫-彰化,2024-11-06,1028
1584,精剛,54,0,54,合庫-彰化,2024-11-06,1028
00857B,永豐20年美公債,40,0,40,合庫-彰化,2024-11-06,1028
00919,群益台灣精選高息,40,4,36,合庫-彰化,2024-11-06,1028
00932,兆豐永續高息等權,30,0,30,合庫-彰化,2024-11-06,1028
5347,世界,29,2,27,合庫-彰化,2024-11-06,1028
2885,元大金,27,0,27,合庫-彰化,2024-11-06,1028
00937B,群益ESG投等債20,36,9,27,合庫-彰化,2024-11-06,1028
8070,長華*,24,1,23,合庫-彰化,2024-11-06,1028
9907,統一實,20,0,20,合庫-彰化,2024-11-06,1028
2351,順德,19,0,19,合庫-彰化,2024-11-06,1028
2613,中櫃,23,4,19,合庫-彰化,2024-11-06,1028
2409,友達,18,0,18,合庫-彰化,2024-11-06,1028
00878,國泰永續高股息,17,1,16,合庫-彰化,2024-11-06,1028
00673R,期元大S＆P原油反1,15,0,15,合庫-彰化,2024-11-06,1028
2363,矽統,16,1,15,合庫-彰化,2024-11-06,1028
2314,台揚,14,0,14,合庫-彰化,2024-11-06,1028
00960,野村全球航運龍頭,11,0,11,合庫-彰化,2024-11-06,1028
4743,合一,11,0,11,合庫-彰化,2024-11-06,1028
00893,國泰智能電動車,10,0,10,合庫-彰化,2024-11-06,1028
00958B,永豐ESG銀行債15,10,0,10,合庫-彰化,2024-11-06,1028
1447,力鵬,10,0,10,合庫-彰化,2024-11-06,1028
1907,永豐餘,10,0,10,合庫-彰化,2024-11-06,1028
2615,萬海,49,39,10,合庫-彰化,2024-11-06,1028
3630,新鉅科,10,0,10,合庫-彰化,2024-11-06,1028
6167,久正,10,0,10,合庫-彰化,2024-11-06,1028
6177,達麗,10,0,10,合庫-彰化,2024-11-06,1028
2324,仁寶,12,2,10,合庫-彰化,2024-11-06,1028
6213,聯茂,9,0,9,合庫-彰化,2024-11-06,1028
6505,台塑化,10,1,9,合庫-彰化,2024-11-06,1028
3231,緯創,20,12,8,合庫-彰化,2024-11-06,1028
6216,居易,8,0,8,合庫-彰化,2024-11-06,1028
2888,新光金,9,2,7,合庫-彰化,2024-11-06,1028
6134,萬旭,7,0,7,合庫-彰化,2024-11-06,1028
8011,台通,7,0,7,合庫-彰化,2024-11-06,1028
8249,菱光,28,22,6,合庫-彰化,2024-11-06,1028
00844B,新光15年IG金融債,6,0,6,合庫-彰化,2024-11-06,1028
00948B,中信優息投資級債,6,0,6,合庫-彰化,2024-11-06,1028
1808,潤隆,7,1,6,合庫-彰化,2024-11-06,1028
4526,東台,21,15,6,合庫-彰化,2024-11-06,1028
5484,慧友,6,0,6,合庫-彰化,2024-11-06,1028
00937B,群益ESG投等債20,608,2,606,合庫-彰化,2024-11-07,1028
00632R,元大台灣50反1,552,10,542,合庫-彰化,2024-11-07,1028
00680L,元大美債20正2,159,2,157,合庫-彰化,2024-11-07,1028
00878,國泰永續高股息,130,4,126,合庫-彰化,2024-11-07,1028
6116,彩晶,110,0,110,合庫-彰化,2024-11-07,1028
00688L,國泰20年美債正2,93,0,93,合庫-彰化,2024-11-07,1028
1584,精剛,51,0,51,合庫-彰化,2024-11-07,1028
2351,順德,39,3,36,合庫-彰化,2024-11-07,1028
3437,榮創,40,4,36,合庫-彰化,2024-11-07,1028
00679B,元大美債20年,43,10,33,合庫-彰化,2024-11-07,1028
1314,中石化,40,7,33,合庫-彰化,2024-11-07,1028
00919,群益台灣精選高息,34,3,31,合庫-彰化,2024-11-07,1028
1447,力鵬,30,0,30,合庫-彰化,2024-11-07,1028
2303,聯電,41,15,26,合庫-彰化,2024-11-07,1028
2615,萬海,44,19,25,合庫-彰化,2024-11-07,1028
9105,泰金寶-DR,58,33,25,合庫-彰化,2024-11-07,1028
5009,榮剛,22,0,22,合庫-彰化,2024-11-07,1028
00940,元大台灣價值高息,21,2,19,合庫-彰化,2024-11-07,1028
1101,台泥,18,0,18,合庫-彰化,2024-11-07,1028
6156,松上,17,0,17,合庫-彰化,2024-11-07,1028
00946,群益科技高息成長,38,22,16,合庫-彰化,2024-11-07,1028
00938,凱基優選30,15,0,15,合庫-彰化,2024-11-07,1028
8938,明安,15,0,15,合庫-彰化,2024-11-07,1028
2328,廣宇,37,24,13,合庫-彰化,2024-11-07,1028
00753L,中信中國50正2,15,3,12,合庫-彰化,2024-11-07,1028
1536,和大,33,21,12,合庫-彰化,2024-11-07,1028
4971,IET-KY,12,0,12,合庫-彰化,2024-11-07,1028
6821,聯寶,14,2,12,合庫-彰化,2024-11-07,1028
6213,聯茂,13,2,11,合庫-彰化,2024-11-07,1028
5234,達興材料,13,2,11,合庫-彰化,2024-11-07,1028
00933B,國泰10Y+金融債,10,0,10,合庫-彰化,2024-11-07,1028
00941,中信上游半導體,10,0,10,合庫-彰化,2024-11-07,1028
2014,中鴻,16,6,10,合庫-彰化,2024-11-07,1028
2646,星宇航空,12,2,10,合庫-彰化,2024-11-07,1028
2308,台達電,10,0,10,合庫-彰化,2024-11-07,1028
2834,臺企銀,10,0,10,合庫-彰化,2024-11-07,1028
6531,愛普*,7,0,7,合庫-彰化,2024-11-07,1028
2603,長榮,11,4,7,合庫-彰化,2024-11-07,1028
2892,第一金,6,0,6,合庫-彰化,2024-11-07,1028
2367,燿華,7,1,6,合庫-彰化,2024-11-07,1028
2399,映泰,14,8,6,合庫-彰化,2024-11-07,1028
2801,彰銀,6,0,6,合庫-彰化,2024-11-07,1028
6202,盛群,6,0,6,合庫-彰化,2024-11-07,1028
4906,正文,7,2,5,合庫-彰化,2024-11-07,1028
00738U,期元大道瓊白銀,5,0,5,合庫-彰化,2024-11-07,1028
2231,為升,15,10,5,合庫-彰化,2024-11-07,1028
2392,正崴,6,1,5,合庫-彰化,2024-11-07,1028
3149,正達,11,6,5,合庫-彰化,2024-11-07,1028
6015,宏遠證,5,0,5,合庫-彰化,2024-11-07,1028
6216,居易,5,0,5,合庫-彰化,2024-11-07,1028
1531,高林股,210,90,120,合庫-彰化,2024-11-08,1028
00878,國泰永續高股息,74,0,74,合庫-彰化,2024-11-08,1028
00887,永豐中國科技50大,113,50,63,合庫-彰化,2024-11-08,1028
3060,銘異,60,0,60,合庫-彰化,2024-11-08,1028
2303,聯電,55,2,53,合庫-彰化,2024-11-08,1028
00632R,元大台灣50反1,52,0,52,合庫-彰化,2024-11-08,1028
4729,熒茂,47,2,45,合庫-彰化,2024-11-08,1028
2351,順德,49,4,45,合庫-彰化,2024-11-08,1028
2312,金寶,55,12,43,合庫-彰化,2024-11-08,1028
2405,輔信,40,0,40,合庫-彰化,2024-11-08,1028
5234,達興材料,41,2,39,合庫-彰化,2024-11-08,1028
3290,東浦,35,0,35,合庫-彰化,2024-11-08,1028
6015,宏遠證,40,5,35,合庫-彰化,2024-11-08,1028
2353,宏��,38,6,32,合庫-彰化,2024-11-08,1028
00932,兆豐永續高息等權,31,0,31,合庫-彰化,2024-11-08,1028
9105,泰金寶-DR,51,20,31,合庫-彰化,2024-11-08,1028
2409,友達,31,1,30,合庫-彰化,2024-11-08,1028
6116,彩晶,25,0,25,合庫-彰化,2024-11-08,1028
2489,瑞軒,26,2,24,合庫-彰化,2024-11-08,1028
3062,建漢,29,6,23,合庫-彰化,2024-11-08,1028
2884,玉山金,20,0,20,合庫-彰化,2024-11-08,1028
3211,順達,21,1,20,合庫-彰化,2024-11-08,1028
00929,復華台灣科技優息,60,40,20,合庫-彰化,2024-11-08,1028
6658,聯策,19,0,19,合庫-彰化,2024-11-08,1028
2328,廣宇,25,7,18,合庫-彰化,2024-11-08,1028
6505,台塑化,19,2,17,合庫-彰化,2024-11-08,1028
1304,台聚,21,5,16,合庫-彰化,2024-11-08,1028
1584,精剛,16,0,16,合庫-彰化,2024-11-08,1028
2313,華通,18,3,15,合庫-彰化,2024-11-08,1028
00960,野村全球航運龍頭,15,0,15,合庫-彰化,2024-11-08,1028
1447,力鵬,13,0,13,合庫-彰化,2024-11-08,1028
2613,中櫃,30,17,13,合庫-彰化,2024-11-08,1028
4976,佳凌,12,0,12,合庫-彰化,2024-11-08,1028
8112,至上,12,0,12,合庫-彰化,2024-11-08,1028
9945,潤泰新,12,0,12,合庫-彰化,2024-11-08,1028
2354,鴻準,116,105,11,合庫-彰化,2024-11-08,1028
2890,永豐金,11,0,11,合庫-彰化,2024-11-08,1028
2368,金像電,11,1,10,合庫-彰化,2024-11-08,1028
00922,國泰台灣領袖50,11,1,10,合庫-彰化,2024-11-08,1028
00673R,期元大S＆P原油反1,10,0,10,合庫-彰化,2024-11-08,1028
00943,兆豐電子高息等權,10,0,10,合庫-彰化,2024-11-08,1028
00949,復華日本龍頭,10,0,10,合庫-彰化,2024-11-08,1028
1540,喬福,10,0,10,合庫-彰化,2024-11-08,1028
2332,友訊,12,2,10,合庫-彰化,2024-11-08,1028
2371,大同,30,20,10,合庫-彰化,2024-11-08,1028
2891,中信金,12,2,10,合庫-彰化,2024-11-08,1028
3709,鑫聯大投控,10,0,10,合庫-彰化,2024-11-08,1028
4430,耀億,34,24,10,合庫-彰化,2024-11-08,1028
4526,東台,10,0,10,合庫-彰化,2024-11-08,1028
4903,聯光通,22,12,10,合庫-彰化,2024-11-08,1028
00665L,富邦�琤肭磪囓�2,354,2,352,合庫-彰化,2024-11-11,1028
00642U,期元大S＆P石油,306,0,306,合庫-彰化,2024-11-11,1028
00753L,中信中國50正2,95,0,95,合庫-彰化,2024-11-11,1028
00637L,元大滬深300正2,70,5,65,合庫-彰化,2024-11-11,1028
1605,華新,61,0,61,合庫-彰化,2024-11-11,1028
00650L,復華香港正2,60,0,60,合庫-彰化,2024-11-11,1028
00878,國泰永續高股息,69,16,53,合庫-彰化,2024-11-11,1028
00922,國泰台灣領袖50,54,3,51,合庫-彰化,2024-11-11,1028
00919,群益台灣精選高息,51,1,50,合庫-彰化,2024-11-11,1028
1584,精剛,50,0,50,合庫-彰化,2024-11-11,1028
6133,金橋,50,1,49,合庫-彰化,2024-11-11,1028
2834,臺企銀,37,0,37,合庫-彰化,2024-11-11,1028
2489,瑞軒,45,10,35,合庫-彰化,2024-11-11,1028
6763,綠界科技*,37,4,33,合庫-彰化,2024-11-11,1028
4414,如興,31,0,31,合庫-彰化,2024-11-11,1028
5309,系統電,30,2,28,合庫-彰化,2024-11-11,1028
9105,泰金寶-DR,53,26,27,合庫-彰化,2024-11-11,1028
3360,尚立,30,4,26,合庫-彰化,2024-11-11,1028
3234,光環,27,3,24,合庫-彰化,2024-11-11,1028
2303,聯電,26,3,23,合庫-彰化,2024-11-11,1028
8936,國統,23,0,23,合庫-彰化,2024-11-11,1028
2351,順德,22,0,22,合庫-彰化,2024-11-11,1028
3024,憶聲,20,0,20,合庫-彰化,2024-11-11,1028
2527,宏璟,18,0,18,合庫-彰化,2024-11-11,1028
00937B,群益ESG投等債20,17,0,17,合庫-彰化,2024-11-11,1028
1447,力鵬,17,0,17,合庫-彰化,2024-11-11,1028
2353,宏��,18,1,17,合庫-彰化,2024-11-11,1028
2892,第一金,17,0,17,合庫-彰化,2024-11-11,1028
2609,陽明,36,19,17,合庫-彰化,2024-11-11,1028
2027,大成鋼,16,0,16,合庫-彰化,2024-11-11,1028
2615,萬海,24,9,15,合庫-彰化,2024-11-11,1028
3363,上詮,18,3,15,合庫-彰化,2024-11-11,1028
3481,群創,44,29,15,合庫-彰化,2024-11-11,1028
3630,新鉅科,15,0,15,合庫-彰化,2024-11-11,1028
6120,達運,15,0,15,合庫-彰化,2024-11-11,1028
2354,鴻準,56,42,14,合庫-彰化,2024-11-11,1028
2399,映泰,19,5,14,合庫-彰化,2024-11-11,1028
0056,元大高股息,17,4,13,合庫-彰化,2024-11-11,1028
00857B,永豐20年美公債,24,11,13,合庫-彰化,2024-11-11,1028
2029,盛餘,13,0,13,合庫-彰化,2024-11-11,1028
3419,譁裕,13,0,13,合庫-彰化,2024-11-11,1028
6658,聯策,33,20,13,合庫-彰化,2024-11-11,1028
9907,統一實,13,0,13,合庫-彰化,2024-11-11,1028
1708,東鹼,13,0,13,合庫-彰化,2024-11-11,1028
00943,兆豐電子高息等權,32,20,12,合庫-彰化,2024-11-11,1028
1101,台泥,12,0,12,合庫-彰化,2024-11-11,1028
2801,彰銀,12,0,12,合庫-彰化,2024-11-11,1028
4958,臻鼎-KY,24,13,11,合庫-彰化,2024-11-11,1028
3709,鑫聯大投控,13,2,11,合庫-彰化,2024-11-11,1028
6443,元晶,11,0,11,合庫-彰化,2024-11-11,1028
2356,英業達,264,5,259,合庫-彰化,2024-11-12,1028
00878,國泰永續高股息,208,0,208,合庫-彰化,2024-11-12,1028
1531,高林股,124,1,123,合庫-彰化,2024-11-12,1028
00680L,元大美債20正2,117,1,116,合庫-彰化,2024-11-12,1028
00943,兆豐電子高息等權,108,0,108,合庫-彰化,2024-11-12,1028
00632R,元大台灣50反1,102,0,102,合庫-彰化,2024-11-12,1028
00893,國泰智能電動車,80,2,78,合庫-彰化,2024-11-12,1028
2351,順德,65,0,65,合庫-彰化,2024-11-12,1028
3481,群創,65,1,64,合庫-彰化,2024-11-12,1028
6156,松上,64,5,59,合庫-彰化,2024-11-12,1028
2409,友達,54,0,54,合庫-彰化,2024-11-12,1028
00922,國泰台灣領袖50,50,1,49,合庫-彰化,2024-11-12,1028
0056,元大高股息,47,3,44,合庫-彰化,2024-11-12,1028
2884,玉山金,44,0,44,合庫-彰化,2024-11-12,1028
5871,中租-KY,43,0,43,合庫-彰化,2024-11-12,1028
2317,鴻海,38,4,34,合庫-彰化,2024-11-12,1028
1314,中石化,31,0,31,合庫-彰化,2024-11-12,1028
2892,第一金,31,0,31,合庫-彰化,2024-11-12,1028
1326,台化,31,1,30,合庫-彰化,2024-11-12,1028
6227,茂綸,30,0,30,合庫-彰化,2024-11-12,1028
5880,合庫金,29,0,29,合庫-彰化,2024-11-12,1028
00919,群益台灣精選高息,60,32,28,合庫-彰化,2024-11-12,1028
2331,精英,26,0,26,合庫-彰化,2024-11-12,1028
2834,臺企銀,25,1,24,合庫-彰化,2024-11-12,1028
3630,新鉅科,24,0,24,合庫-彰化,2024-11-12,1028
2303,聯電,25,2,23,合庫-彰化,2024-11-12,1028
1524,耿鼎,27,5,22,合庫-彰化,2024-11-12,1028
2353,宏��,22,0,22,合庫-彰化,2024-11-12,1028
00713,元大台灣高息低波,21,0,21,合庫-彰化,2024-11-12,1028
6142,友勁,18,0,18,合庫-彰化,2024-11-12,1028
00905,FT臺灣Smart,16,0,16,合庫-彰化,2024-11-12,1028
2615,萬海,75,60,15,合庫-彰化,2024-11-12,1028
5498,凱崴,15,0,15,合庫-彰化,2024-11-12,1028
5009,榮剛,14,0,14,合庫-彰化,2024-11-12,1028
00915,凱基優選高股息30,13,0,13,合庫-彰化,2024-11-12,1028
3709,鑫聯大投控,13,0,13,合庫-彰化,2024-11-12,1028
4526,東台,13,0,13,合庫-彰化,2024-11-12,1028
4919,新唐,15,2,13,合庫-彰化,2024-11-12,1028
5234,達興材料,16,3,13,合庫-彰化,2024-11-12,1028
00932,兆豐永續高息等權,12,0,12,合庫-彰化,2024-11-12,1028
00900,富邦特選高股息30,13,1,12,合庫-彰化,2024-11-12,1028
2408,南亞科,14,2,12,合庫-彰化,2024-11-12,1028
5426,振發,13,1,12,合庫-彰化,2024-11-12,1028
00669R,國泰美國道瓊反1,11,0,11,合庫-彰化,2024-11-12,1028
1605,華新,11,0,11,合庫-彰化,2024-11-12,1028
2402,毅嘉,12,1,11,合庫-彰化,2024-11-12,1028
4908,前鼎,11,0,11,合庫-彰化,2024-11-12,1028
2201,裕隆,11,0,11,合庫-彰化,2024-11-12,1028
006208,富邦台50,12,1,11,合庫-彰化,2024-11-12,1028
4906,正文,11,1,10,合庫-彰化,2024-11-12,1028
00937B,群益ESG投等債20,125,0,125,合庫-彰化,2024-11-13,1028
00687B,國泰20年美債,99,2,97,合庫-彰化,2024-11-13,1028
00637L,元大滬深300正2,92,8,84,合庫-彰化,2024-11-13,1028
00679B,元大美債20年,73,10,63,合庫-彰化,2024-11-13,1028
0056,元大高股息,68,6,62,合庫-彰化,2024-11-13,1028
00878,國泰永續高股息,69,10,59,合庫-彰化,2024-11-13,1028
2883,凱基金,59,0,59,合庫-彰化,2024-11-13,1028
00943,兆豐電子高息等權,57,0,57,合庫-彰化,2024-11-13,1028
2351,順德,56,0,56,合庫-彰化,2024-11-13,1028
3481,群創,72,31,41,合庫-彰化,2024-11-13,1028
5009,榮剛,41,1,40,合庫-彰化,2024-11-13,1028
2892,第一金,40,0,40,合庫-彰化,2024-11-13,1028
00919,群益台灣精選高息,49,10,39,合庫-彰化,2024-11-13,1028
1531,高林股,38,0,38,合庫-彰化,2024-11-13,1028
1314,中石化,32,0,32,合庫-彰化,2024-11-13,1028
2605,新興,31,1,30,合庫-彰化,2024-11-13,1028
2027,大成鋼,29,0,29,合庫-彰化,2024-11-13,1028
5880,合庫金,27,0,27,合庫-彰化,2024-11-13,1028
2317,鴻海,29,2,27,合庫-彰化,2024-11-13,1028
2303,聯電,31,7,24,合庫-彰化,2024-11-13,1028
3630,新鉅科,21,0,21,合庫-彰化,2024-11-13,1028
00857B,永豐20年美公債,20,0,20,合庫-彰化,2024-11-13,1028
2344,華邦電,20,0,20,合庫-彰化,2024-11-13,1028
4414,如興,20,1,19,合庫-彰化,2024-11-13,1028
00688L,國泰20年美債正2,18,0,18,合庫-彰化,2024-11-13,1028
00882,中信中國高股息,18,0,18,合庫-彰化,2024-11-13,1028
2834,臺企銀,17,0,17,合庫-彰化,2024-11-13,1028
2353,宏��,17,1,16,合庫-彰化,2024-11-13,1028
4958,臻鼎-KY,17,1,16,合庫-彰化,2024-11-13,1028
1294,漢田生技,15,0,15,合庫-彰化,2024-11-13,1028
2354,鴻準,35,21,14,合庫-彰化,2024-11-13,1028
2330,台積電,16,2,14,合庫-彰化,2024-11-13,1028
4979,華星光,15,1,14,合庫-彰化,2024-11-13,1028
1101,台泥,13,0,13,合庫-彰化,2024-11-13,1028
6227,茂綸,13,0,13,合庫-彰化,2024-11-13,1028
2615,萬海,12,0,12,合庫-彰化,2024-11-13,1028
00915,凱基優選高股息30,11,0,11,合庫-彰化,2024-11-13,1028
00901,永豐智能車供應鏈,11,0,11,合庫-彰化,2024-11-13,1028
00893,國泰智能電動車,12,1,11,合庫-彰化,2024-11-13,1028
2888,新光金,11,0,11,合庫-彰化,2024-11-13,1028
3060,銘異,11,0,11,合庫-彰化,2024-11-13,1028
006208,富邦台50,11,0,11,合庫-彰化,2024-11-13,1028
2603,長榮,16,6,10,合庫-彰化,2024-11-13,1028
00887,永豐中國科技50大,30,20,10,合庫-彰化,2024-11-13,1028
00715L,期街口布蘭特正2,10,0,10,合庫-彰化,2024-11-13,1028
1528,恩德,104,94,10,合庫-彰化,2024-11-13,1028
1718,中纖,10,0,10,合庫-彰化,2024-11-13,1028
2506,太設,10,0,10,合庫-彰化,2024-11-13,1028
4743,合一,12,2,10,合庫-彰化,2024-11-13,1028
6505,台塑化,9,0,9,合庫-彰化,2024-11-13,1028
00878,國泰永續高股息,232,3,229,合庫-彰化,2024-11-14,1028
2609,陽明,155,52,103,合庫-彰化,2024-11-14,1028
0056,元大高股息,78,0,78,合庫-彰化,2024-11-14,1028
00753L,中信中國50正2,66,0,66,合庫-彰化,2024-11-14,1028
00650L,復華香港正2,60,0,60,合庫-彰化,2024-11-14,1028
3630,新鉅科,60,0,60,合庫-彰化,2024-11-14,1028
00919,群益台灣精選高息,92,39,53,合庫-彰化,2024-11-14,1028
00901,永豐智能車供應鏈,46,0,46,合庫-彰化,2024-11-14,1028
3481,群創,46,1,45,合庫-彰化,2024-11-14,1028
2834,臺企銀,42,0,42,合庫-彰化,2024-11-14,1028
2303,聯電,37,1,36,合庫-彰化,2024-11-14,1028
00680L,元大美債20正2,106,70,36,合庫-彰化,2024-11-14,1028
1584,精剛,34,0,34,合庫-彰化,2024-11-14,1028
5880,合庫金,36,2,34,合庫-彰化,2024-11-14,1028
1314,中石化,31,0,31,合庫-彰化,2024-11-14,1028
2884,玉山金,27,0,27,合庫-彰化,2024-11-14,1028
00688L,國泰20年美債正2,27,0,27,合庫-彰化,2024-11-14,1028
4958,臻鼎-KY,29,2,27,合庫-彰化,2024-11-14,1028
00887,永豐中國科技50大,26,1,25,合庫-彰化,2024-11-14,1028
8046,南電,25,0,25,合庫-彰化,2024-11-14,1028
00943,兆豐電子高息等權,21,0,21,合庫-彰化,2024-11-14,1028
00706L,期元大S＆P日圓正2,20,0,20,合庫-彰化,2024-11-14,1028
00715L,期街口布蘭特正2,375,355,20,合庫-彰化,2024-11-14,1028
6156,松上,20,0,20,合庫-彰化,2024-11-14,1028
2892,第一金,19,0,19,合庫-彰化,2024-11-14,1028
4743,合一,38,20,18,合庫-彰化,2024-11-14,1028
00679B,元大美債20年,18,0,18,合庫-彰化,2024-11-14,1028
2374,佳能,24,6,18,合庫-彰化,2024-11-14,1028
00665L,富邦�琤肭磪囓�2,16,0,16,合庫-彰化,2024-11-14,1028
3149,正達,22,6,16,合庫-彰化,2024-11-14,1028
3049,精金,17,2,15,合庫-彰化,2024-11-14,1028
4523,永彰,15,0,15,合庫-彰化,2024-11-14,1028
1301,台塑,14,0,14,合庫-彰化,2024-11-14,1028
2312,金寶,107,93,14,合庫-彰化,2024-11-14,1028
00915,凱基優選高股息30,14,0,14,合庫-彰化,2024-11-14,1028
00929,復華台灣科技優息,61,48,13,合庫-彰化,2024-11-14,1028
2351,順德,13,0,13,合庫-彰化,2024-11-14,1028
6005,群益證,13,0,13,合庫-彰化,2024-11-14,1028
00687B,國泰20年美債,12,0,12,合庫-彰化,2024-11-14,1028
2101,南港,14,2,12,合庫-彰化,2024-11-14,1028
2317,鴻海,15,3,12,合庫-彰化,2024-11-14,1028
00946,群益科技高息成長,11,0,11,合庫-彰化,2024-11-14,1028
2392,正崴,49,38,11,合庫-彰化,2024-11-14,1028
3006,晶豪科,11,0,11,合庫-彰化,2024-11-14,1028
4414,如興,11,0,11,合庫-彰化,2024-11-14,1028
5234,達興材料,15,4,11,合庫-彰化,2024-11-14,1028
8249,菱光,11,0,11,合庫-彰化,2024-11-14,1028
00921,兆豐龍頭等權重,10,0,10,合庫-彰化,2024-11-14,1028
00639,富邦深100,10,0,10,合庫-彰化,2024-11-14,1028
00857B,永豐20年美公債,10,0,10,合庫-彰化,2024-11-14,1028
9105,泰金寶-DR,238,32,206,合庫-彰化,2024-11-15,1028
00632R,元大台灣50反1,100,0,100,合庫-彰化,2024-11-15,1028
00878,國泰永續高股息,108,15,93,合庫-彰化,2024-11-15,1028
5871,中租-KY,67,18,49,合庫-彰化,2024-11-15,1028
2382,廣達,54,7,47,合庫-彰化,2024-11-15,1028
2317,鴻海,68,31,37,合庫-彰化,2024-11-15,1028
00943,兆豐電子高息等權,29,1,28,合庫-彰化,2024-11-15,1028
3013,晟銘電,36,9,27,合庫-彰化,2024-11-15,1028
2027,大成鋼,25,0,25,合庫-彰化,2024-11-15,1028
00918,大華優利高填息30,23,0,23,合庫-彰化,2024-11-15,1028
3346,麗清,22,0,22,合庫-彰化,2024-11-15,1028
00637L,元大滬深300正2,35,15,20,合庫-彰化,2024-11-15,1028
2303,聯電,26,6,20,合庫-彰化,2024-11-15,1028
1795,美時,20,1,19,合庫-彰化,2024-11-15,1028
3090,日電貿,30,13,17,合庫-彰化,2024-11-15,1028
3202,樺晟,67,50,17,合庫-彰化,2024-11-15,1028
6505,台塑化,18,2,16,合庫-彰化,2024-11-15,1028
3630,新鉅科,16,0,16,合庫-彰化,2024-11-15,1028
6405,悅城,19,5,14,合庫-彰化,2024-11-15,1028
1708,東鹼,13,0,13,合庫-彰化,2024-11-15,1028
00753L,中信中國50正2,17,5,12,合庫-彰化,2024-11-15,1028
6179,亞通,12,0,12,合庫-彰化,2024-11-15,1028
6821,聯寶,20,8,12,合庫-彰化,2024-11-15,1028
00941,中信上游半導體,11,0,11,合庫-彰化,2024-11-15,1028
3706,神達,37,26,11,合庫-彰化,2024-11-15,1028
2603,長榮,22,11,11,合庫-彰化,2024-11-15,1028
5880,合庫金,11,1,10,合庫-彰化,2024-11-15,1028
1513,中興電,11,1,10,合庫-彰化,2024-11-15,1028
00882,中信中國高股息,15,5,10,合庫-彰化,2024-11-15,1028
2515,中工,10,0,10,合庫-彰化,2024-11-15,1028
4971,IET-KY,10,0,10,合庫-彰化,2024-11-15,1028
2330,台積電,10,1,9,合庫-彰化,2024-11-15,1028
00937B,群益ESG投等債20,8,0,8,合庫-彰化,2024-11-15,1028
2363,矽統,8,0,8,合庫-彰化,2024-11-15,1028
2867,三商壽,8,0,8,合庫-彰化,2024-11-15,1028
2929,淘帝-KY,8,0,8,合庫-彰化,2024-11-15,1028
3338,泰碩,71,63,8,合庫-彰化,2024-11-15,1028
8011,台通,8,0,8,合庫-彰化,2024-11-15,1028
3015,全漢,7,0,7,合庫-彰化,2024-11-15,1028
2812,台中銀,8,1,7,合庫-彰化,2024-11-15,1028
1446,宏和,6,0,6,合庫-彰化,2024-11-15,1028
2344,華邦電,6,0,6,合庫-彰化,2024-11-15,1028
8096,擎亞,8,2,6,合庫-彰化,2024-11-15,1028
00960,野村全球航運龍頭,11,5,6,合庫-彰化,2024-11-15,1028
006208,富邦台50,5,0,5,合庫-彰化,2024-11-15,1028
00946,群益科技高息成長,5,0,5,合庫-彰化,2024-11-15,1028
00687B,國泰20年美債,7,2,5,合庫-彰化,2024-11-15,1028
00680L,元大美債20正2,5,0,5,合庫-彰化,2024-11-15,1028
2316,楠梓電,5,0,5,合庫-彰化,2024-11-15,1028
2337,旺宏,5,0,5,合庫-彰化,2024-11-15,1028
00878,國泰永續高股息,236,22,214,合庫-彰化,2024-11-18,1028
2646,星宇航空,71,0,71,合庫-彰化,2024-11-18,1028
00919,群益台灣精選高息,70,2,68,合庫-彰化,2024-11-18,1028
3013,晟銘電,67,7,60,合庫-彰化,2024-11-18,1028
00715L,期街口布蘭特正2,58,0,58,合庫-彰化,2024-11-18,1028
00943,兆豐電子高息等權,60,4,56,合庫-彰化,2024-11-18,1028
2371,大同,52,1,51,合庫-彰化,2024-11-18,1028
2312,金寶,126,79,47,合庫-彰化,2024-11-18,1028
2392,正崴,49,10,39,合庫-彰化,2024-11-18,1028
2354,鴻準,49,12,37,合庫-彰化,2024-11-18,1028
0056,元大高股息,52,19,33,合庫-彰化,2024-11-18,1028
3346,麗清,30,0,30,合庫-彰化,2024-11-18,1028
1513,中興電,24,0,24,合庫-彰化,2024-11-18,1028
00753L,中信中國50正2,25,1,24,合庫-彰化,2024-11-18,1028
5880,合庫金,22,0,22,合庫-彰化,2024-11-18,1028
00679B,元大美債20年,30,9,21,合庫-彰化,2024-11-18,1028
3630,新鉅科,21,0,21,合庫-彰化,2024-11-18,1028
00932,兆豐永續高息等權,20,0,20,合庫-彰化,2024-11-18,1028
2634,漢翔,20,1,19,合庫-彰化,2024-11-18,1028
1584,精剛,17,0,17,合庫-彰化,2024-11-18,1028
00650L,復華香港正2,15,0,15,合庫-彰化,2024-11-18,1028
4903,聯光通,15,0,15,合庫-彰化,2024-11-18,1028
6156,松上,15,0,15,合庫-彰化,2024-11-18,1028
2356,英業達,17,3,14,合庫-彰化,2024-11-18,1028
006208,富邦台50,16,3,13,合庫-彰化,2024-11-18,1028
00795B,中信美國公債20年,13,0,13,合庫-彰化,2024-11-18,1028
4908,前鼎,14,1,13,合庫-彰化,2024-11-18,1028
2317,鴻海,29,16,13,合庫-彰化,2024-11-18,1028
2359,所羅門,12,1,11,合庫-彰化,2024-11-18,1028
2413,環科,11,0,11,合庫-彰化,2024-11-18,1028
4526,東台,21,10,11,合庫-彰化,2024-11-18,1028
00897,富邦基因免疫生技,10,0,10,合庫-彰化,2024-11-18,1028
00680L,元大美債20正2,10,0,10,合庫-彰化,2024-11-18,1028
00927,群益半導體收益,10,0,10,合庫-彰化,2024-11-18,1028
00934,中信成長高股息,10,0,10,合庫-彰化,2024-11-18,1028
00939,統一台灣高息動能,10,0,10,合庫-彰化,2024-11-18,1028
00963,中信全球高股息,30,20,10,合庫-彰化,2024-11-18,1028
1802,台玻,10,0,10,合庫-彰化,2024-11-18,1028
2034,允強,10,0,10,合庫-彰化,2024-11-18,1028
2362,藍天,10,0,10,合庫-彰化,2024-11-18,1028
2834,臺企銀,11,1,10,合庫-彰化,2024-11-18,1028
3202,樺晟,10,0,10,合庫-彰化,2024-11-18,1028
4933,友輝,10,0,10,合庫-彰化,2024-11-18,1028
1217,愛之味,10,1,9,合庫-彰化,2024-11-18,1028
3338,泰碩,10,1,9,合庫-彰化,2024-11-18,1028
5398,慕康生醫,9,0,9,合庫-彰化,2024-11-18,1028
6005,群益證,9,0,9,合庫-彰化,2024-11-18,1028
00713,元大台灣高息低波,11,2,9,合庫-彰化,2024-11-18,1028
00891,中信關鍵半導體,8,0,8,合庫-彰化,2024-11-18,1028
00951,台新日本半導體,8,0,8,合庫-彰化,2024-11-18,1028
2884,玉山金,383,25,358,合庫-彰化,2024-11-19,1028
00719B,元大美債1-3,82,0,82,合庫-彰化,2024-11-19,1028
00637L,元大滬深300正2,67,9,58,合庫-彰化,2024-11-19,1028
00878,國泰永續高股息,59,4,55,合庫-彰化,2024-11-19,1028
6156,松上,48,0,48,合庫-彰化,2024-11-19,1028
00930,永豐ESG低碳高息,44,0,44,合庫-彰化,2024-11-19,1028
2324,仁寶,36,0,36,合庫-彰化,2024-11-19,1028
00680L,元大美債20正2,30,0,30,合庫-彰化,2024-11-19,1028
8938,明安,29,0,29,合庫-彰化,2024-11-19,1028
2317,鴻海,45,17,28,合庫-彰化,2024-11-19,1028
2362,藍天,25,0,25,合庫-彰化,2024-11-19,1028
2382,廣達,25,1,24,合庫-彰化,2024-11-19,1028
00932,兆豐永續高息等權,23,0,23,合庫-彰化,2024-11-19,1028
00679B,元大美債20年,23,0,23,合庫-彰化,2024-11-19,1028
1802,台玻,30,10,20,合庫-彰化,2024-11-19,1028
2356,英業達,22,2,20,合庫-彰化,2024-11-19,1028
2399,映泰,21,4,17,合庫-彰化,2024-11-19,1028
00953B,群益優選非投等債,15,0,15,合庫-彰化,2024-11-19,1028
6248,沛波,15,0,15,合庫-彰化,2024-11-19,1028
00830,國泰費城半導體,13,0,13,合庫-彰化,2024-11-19,1028
00713,元大台灣高息低波,11,0,11,合庫-彰化,2024-11-19,1028
0056,元大高股息,12,1,11,合庫-彰化,2024-11-19,1028
3002,歐格,11,0,11,合庫-彰化,2024-11-19,1028
2596,綠意,10,0,10,合庫-彰化,2024-11-19,1028
2613,中櫃,13,3,10,合庫-彰化,2024-11-19,1028
4414,如興,10,0,10,合庫-彰化,2024-11-19,1028
3231,緯創,14,6,8,合庫-彰化,2024-11-19,1028
1446,宏和,10,3,7,合庫-彰化,2024-11-19,1028
1785,光洋科,10,3,7,合庫-彰化,2024-11-19,1028
2312,金寶,72,65,7,合庫-彰化,2024-11-19,1028
4903,聯光通,7,0,7,合庫-彰化,2024-11-19,1028
2408,南亞科,6,0,6,合庫-彰化,2024-11-19,1028
00940,元大台灣價值高息,7,1,6,合庫-彰化,2024-11-19,1028
00943,兆豐電子高息等權,6,0,6,合庫-彰化,2024-11-19,1028
00712,復華富時不動產,5,0,5,合庫-彰化,2024-11-19,1028
00897,富邦基因免疫生技,5,0,5,合庫-彰化,2024-11-19,1028
00937B,群益ESG投等債20,15,10,5,合庫-彰化,2024-11-19,1028
1605,華新,12,7,5,合庫-彰化,2024-11-19,1028
2524,京城,5,0,5,合庫-彰化,2024-11-19,1028
3006,晶豪科,5,0,5,合庫-彰化,2024-11-19,1028
4583,台灣精銳,7,2,5,合庫-彰化,2024-11-19,1028
8064,東捷,5,0,5,合庫-彰化,2024-11-19,1028
8096,擎亞,5,0,5,合庫-彰化,2024-11-19,1028
9935,慶豐富,16,11,5,合庫-彰化,2024-11-19,1028
00941,中信上游半導體,4,0,4,合庫-彰化,2024-11-19,1028
1301,台塑,4,0,4,合庫-彰化,2024-11-19,1028
2402,毅嘉,4,0,4,合庫-彰化,2024-11-19,1028
2543,皇昌,9,5,4,合庫-彰化,2024-11-19,1028
3060,銘異,4,0,4,合庫-彰化,2024-11-19,1028
3149,正達,9,5,4,合庫-彰化,2024-11-19,1028
1569,濱川,342,122,220,合庫-彰化,2024-11-20,1028
00878,國泰永續高股息,154,6,148,合庫-彰化,2024-11-20,1028
00950B,凱基A級公司債,100,0,100,合庫-彰化,2024-11-20,1028
00929,復華台灣科技優息,91,10,81,合庫-彰化,2024-11-20,1028
5210,寶碩,60,0,60,合庫-彰化,2024-11-20,1028
2354,鴻準,102,52,50,合庫-彰化,2024-11-20,1028
3013,晟銘電,37,0,37,合庫-彰化,2024-11-20,1028
00930,永豐ESG低碳高息,30,0,30,合庫-彰化,2024-11-20,1028
00751B,元大AAA至A公司債,30,0,30,合庫-彰化,2024-11-20,1028
2444,兆勁,30,0,30,合庫-彰化,2024-11-20,1028
6248,沛波,29,0,29,合庫-彰化,2024-11-20,1028
2349,錸德,71,43,28,合庫-彰化,2024-11-20,1028
2344,華邦電,27,0,27,合庫-彰化,2024-11-20,1028
1802,台玻,32,10,22,合庫-彰化,2024-11-20,1028
4958,臻鼎-KY,22,0,22,合庫-彰化,2024-11-20,1028
2380,虹光,21,0,21,合庫-彰化,2024-11-20,1028
00673R,期元大S＆P原油反1,20,0,20,合庫-彰化,2024-11-20,1028
2888,新光金,20,0,20,合庫-彰化,2024-11-20,1028
5465,富驊,21,1,20,合庫-彰化,2024-11-20,1028
3481,群創,26,10,16,合庫-彰化,2024-11-20,1028
1536,和大,15,0,15,合庫-彰化,2024-11-20,1028
2303,聯電,14,0,14,合庫-彰化,2024-11-20,1028
2392,正崴,16,2,14,合庫-彰化,2024-11-20,1028
2347,聯強,14,1,13,合庫-彰化,2024-11-20,1028
2351,順德,13,0,13,合庫-彰化,2024-11-20,1028
3338,泰碩,20,7,13,合庫-彰化,2024-11-20,1028
2371,大同,47,35,12,合庫-彰化,2024-11-20,1028
2834,臺企銀,12,0,12,合庫-彰化,2024-11-20,1028
8455,大拓-KY,13,2,11,合庫-彰化,2024-11-20,1028
2356,英業達,18,7,11,合庫-彰化,2024-11-20,1028
0056,元大高股息,13,3,10,合庫-彰化,2024-11-20,1028
9941,裕融,10,0,10,合庫-彰化,2024-11-20,1028
1301,台塑,10,0,10,合庫-彰化,2024-11-20,1028
00885,富邦越南,12,2,10,合庫-彰化,2024-11-20,1028
00960,野村全球航運龍頭,11,1,10,合庫-彰化,2024-11-20,1028
1447,力鵬,10,0,10,合庫-彰化,2024-11-20,1028
1514,亞力,11,1,10,合庫-彰化,2024-11-20,1028
3490,單井,10,0,10,合庫-彰化,2024-11-20,1028
4114,健喬,10,0,10,合庫-彰化,2024-11-20,1028
4414,如興,40,30,10,合庫-彰化,2024-11-20,1028
4729,熒茂,10,0,10,合庫-彰化,2024-11-20,1028
6282,康舒,13,3,10,合庫-彰化,2024-11-20,1028
00891,中信關鍵半導體,11,2,9,合庫-彰化,2024-11-20,1028
2312,金寶,18,9,9,合庫-彰化,2024-11-20,1028
2603,長榮,17,8,9,合庫-彰化,2024-11-20,1028
3706,神達,66,58,8,合庫-彰化,2024-11-20,1028
5871,中租-KY,10,2,8,合庫-彰化,2024-11-20,1028
00715L,期街口布蘭特正2,10,2,8,合庫-彰化,2024-11-20,1028
4976,佳凌,8,0,8,合庫-彰化,2024-11-20,1028
5398,慕康生醫,9,1,8,合庫-彰化,2024-11-20,1028
1815,富喬,1086,20,1066,合庫-彰化,2024-11-21,1028
00878,國泰永續高股息,69,8,61,合庫-彰化,2024-11-21,1028
00945B,凱基美國非投等債,50,0,50,合庫-彰化,2024-11-21,1028
3013,晟銘電,47,7,40,合庫-彰化,2024-11-21,1028
00934,中信成長高股息,26,2,24,合庫-彰化,2024-11-21,1028
0056,元大高股息,21,0,21,合庫-彰化,2024-11-21,1028
00919,群益台灣精選高息,21,1,20,合庫-彰化,2024-11-21,1028
00929,復華台灣科技優息,25,5,20,合庫-彰化,2024-11-21,1028
00948B,中信優息投資級債,15,0,15,合庫-彰化,2024-11-21,1028
3363,上詮,25,10,15,合庫-彰化,2024-11-21,1028
6216,居易,15,0,15,合庫-彰化,2024-11-21,1028
5876,上海商銀,14,0,14,合庫-彰化,2024-11-21,1028
6505,台塑化,13,1,12,合庫-彰化,2024-11-21,1028
00937B,群益ESG投等債20,18,6,12,合庫-彰化,2024-11-21,1028
2317,鴻海,22,10,12,合庫-彰化,2024-11-21,1028
5871,中租-KY,15,4,11,合庫-彰化,2024-11-21,1028
1584,精剛,18,7,11,合庫-彰化,2024-11-21,1028
2409,友達,11,0,11,合庫-彰化,2024-11-21,1028
2884,玉山金,11,0,11,合庫-彰化,2024-11-21,1028
2890,永豐金,11,0,11,合庫-彰化,2024-11-21,1028
5880,合庫金,16,5,11,合庫-彰化,2024-11-21,1028
00951,台新日本半導體,10,0,10,合庫-彰化,2024-11-21,1028
00633L,富邦上証正2,10,0,10,合庫-彰化,2024-11-21,1028
00795B,中信美國公債20年,18,8,10,合庫-彰化,2024-11-21,1028
2034,允強,10,0,10,合庫-彰化,2024-11-21,1028
006208,富邦台50,10,0,10,合庫-彰化,2024-11-21,1028
00901,永豐智能車供應鏈,9,0,9,合庫-彰化,2024-11-21,1028
00892,富邦台灣半導體,10,1,9,合庫-彰化,2024-11-21,1028
00712,復華富時不動產,9,0,9,合庫-彰化,2024-11-21,1028
1301,台塑,10,1,9,合庫-彰化,2024-11-21,1028
4967,十銓,10,1,9,合庫-彰化,2024-11-21,1028
5210,寶碩,9,0,9,合庫-彰化,2024-11-21,1028
8028,昇陽半導體,9,0,9,合庫-彰化,2024-11-21,1028
2881,富邦金,9,0,9,合庫-彰化,2024-11-21,1028
2330,台積電,9,0,9,合庫-彰化,2024-11-21,1028
2305,全友,8,0,8,合庫-彰化,2024-11-21,1028
2353,宏��,9,1,8,合庫-彰化,2024-11-21,1028
2457,飛宏,12,4,8,合庫-彰化,2024-11-21,1028
2615,萬海,51,44,7,合庫-彰化,2024-11-21,1028
2646,星宇航空,9,2,7,合庫-彰化,2024-11-21,1028
3622,洋華,9,2,7,合庫-彰化,2024-11-21,1028
2474,可成,6,0,6,合庫-彰化,2024-11-21,1028
00713,元大台灣高息低波,6,0,6,合庫-彰化,2024-11-21,1028
2344,華邦電,6,0,6,合庫-彰化,2024-11-21,1028
3625,西勝,13,7,6,合庫-彰化,2024-11-21,1028
8085,福華,6,0,6,合庫-彰化,2024-11-21,1028
00885,富邦越南,5,0,5,合庫-彰化,2024-11-21,1028
1319,東陽,5,0,5,合庫-彰化,2024-11-21,1028
2348,海悅,6,1,5,合庫-彰化,2024-11-21,1028
2367,燿華,5,0,5,合庫-彰化,2024-11-21,1028
1815,富喬,1099,49,1050,合庫-彰化,2024-11-22,1028
1301,台塑,105,0,105,合庫-彰化,2024-11-22,1028
3323,加百裕,105,1,104,合庫-彰化,2024-11-22,1028
00680L,元大美債20正2,100,0,100,合庫-彰化,2024-11-22,1028
4513,福裕,132,43,89,合庫-彰化,2024-11-22,1028
2605,新興,62,0,62,合庫-彰化,2024-11-22,1028
00882,中信中國高股息,55,0,55,合庫-彰化,2024-11-22,1028
00664R,國泰臺灣加權反1,50,0,50,合庫-彰化,2024-11-22,1028
3346,麗清,50,0,50,合庫-彰化,2024-11-22,1028
2317,鴻海,34,1,33,合庫-彰化,2024-11-22,1028
2646,星宇航空,31,1,30,合庫-彰化,2024-11-22,1028
6175,立敦,30,0,30,合庫-彰化,2024-11-22,1028
2303,聯電,32,8,24,合庫-彰化,2024-11-22,1028
2881,富邦金,24,0,24,合庫-彰化,2024-11-22,1028
00937B,群益ESG投等債20,20,0,20,合庫-彰化,2024-11-22,1028
4414,如興,20,0,20,合庫-彰化,2024-11-22,1028
2432,倚天酷��-創,18,0,18,合庫-彰化,2024-11-22,1028
5876,上海商銀,15,0,15,合庫-彰化,2024-11-22,1028
2609,陽明,34,20,14,合庫-彰化,2024-11-22,1028
00665L,富邦�琤肭磪囓�2,14,0,14,合庫-彰化,2024-11-22,1028
2356,英業達,16,2,14,合庫-彰化,2024-11-22,1028
6282,康舒,13,0,13,合庫-彰化,2024-11-22,1028
2603,長榮,30,18,12,合庫-彰化,2024-11-22,1028
00673R,期元大S＆P原油反1,12,0,12,合庫-彰化,2024-11-22,1028
6261,久元,12,0,12,合庫-彰化,2024-11-22,1028
2374,佳能,12,1,11,合庫-彰化,2024-11-22,1028
3625,西勝,11,0,11,合庫-彰化,2024-11-22,1028
4956,光鋐,14,3,11,合庫-彰化,2024-11-22,1028
00706L,期元大S＆P日圓正2,10,0,10,合庫-彰化,2024-11-22,1028
00939,統一台灣高息動能,10,0,10,合庫-彰化,2024-11-22,1028
5355,佳總,10,0,10,合庫-彰化,2024-11-22,1028
6405,悅城,14,4,10,合庫-彰化,2024-11-22,1028
8171,天宇,10,0,10,合庫-彰化,2024-11-22,1028
9921,巨大,10,0,10,合庫-彰化,2024-11-22,1028
3015,全漢,20,11,9,合庫-彰化,2024-11-22,1028
2354,鴻準,81,73,8,合庫-彰化,2024-11-22,1028
00633L,富邦上証正2,10,2,8,合庫-彰化,2024-11-22,1028
00932,兆豐永續高息等權,8,0,8,合庫-彰化,2024-11-22,1028
3167,大量,9,1,8,合庫-彰化,2024-11-22,1028
5210,寶碩,8,0,8,合庫-彰化,2024-11-22,1028
8937,合騏,8,0,8,合庫-彰化,2024-11-22,1028
4958,臻鼎-KY,9,1,8,合庫-彰化,2024-11-22,1028
00679B,元大美債20年,7,0,7,合庫-彰化,2024-11-22,1028
1616,億泰,7,0,7,合庫-彰化,2024-11-22,1028
8455,大拓-KY,9,2,7,合庫-彰化,2024-11-22,1028
5880,合庫金,7,1,6,合庫-彰化,2024-11-22,1028
3706,神達,37,31,6,合庫-彰化,2024-11-22,1028
3088,艾訊,7,1,6,合庫-彰化,2024-11-22,1028
8021,尖點,6,0,6,合庫-彰化,2024-11-22,1028
4510,高鋒,6,0,6,合庫-彰化,2024-11-22,1028
2303,聯電,250,67,183,合庫-彰化,2024-11-25,1028
00719B,元大美債1-3,100,0,100,合庫-彰化,2024-11-25,1028
2641,正德,60,0,60,合庫-彰化,2024-11-25,1028
2603,長榮,60,3,57,合庫-彰化,2024-11-25,1028
1220,台榮,50,0,50,合庫-彰化,2024-11-25,1028
2402,毅嘉,68,23,45,合庫-彰化,2024-11-25,1028
1802,台玻,49,5,44,合庫-彰化,2024-11-25,1028
2605,新興,44,0,44,合庫-彰化,2024-11-25,1028
00959B,大華投等美債15Y+,35,0,35,合庫-彰化,2024-11-25,1028
6133,金橋,30,0,30,合庫-彰化,2024-11-25,1028
00878,國泰永續高股息,54,26,28,合庫-彰化,2024-11-25,1028
00950B,凱基A級公司債,30,2,28,合庫-彰化,2024-11-25,1028
00919,群益台灣精選高息,40,14,26,合庫-彰化,2024-11-25,1028
00882,中信中國高股息,45,19,26,合庫-彰化,2024-11-25,1028
00953B,群益優選非投等債,25,0,25,合庫-彰化,2024-11-25,1028
2618,長榮航,24,0,24,合庫-彰化,2024-11-25,1028
8455,大拓-KY,28,4,24,合庫-彰化,2024-11-25,1028
2382,廣達,24,1,23,合庫-彰化,2024-11-25,1028
3501,維熹,32,10,22,合庫-彰化,2024-11-25,1028
2344,華邦電,23,1,22,合庫-彰化,2024-11-25,1028
00688L,國泰20年美債正2,20,0,20,合庫-彰化,2024-11-25,1028
00929,復華台灣科技優息,20,0,20,合庫-彰化,2024-11-25,1028
3003,健和興,20,0,20,合庫-彰化,2024-11-25,1028
3058,立德,17,0,17,合庫-彰化,2024-11-25,1028
00680L,元大美債20正2,40,24,16,合庫-彰化,2024-11-25,1028
2009,第一銅,15,0,15,合庫-彰化,2024-11-25,1028
6213,聯茂,17,2,15,合庫-彰化,2024-11-25,1028
1326,台化,14,1,13,合庫-彰化,2024-11-25,1028
2615,萬海,14,1,13,合庫-彰化,2024-11-25,1028
2887,台新金,13,0,13,合庫-彰化,2024-11-25,1028
1301,台塑,12,0,12,合庫-彰化,2024-11-25,1028
2371,大同,14,2,12,合庫-彰化,2024-11-25,1028
6235,華孚,12,0,12,合庫-彰化,2024-11-25,1028
00673R,期元大S＆P原油反1,11,0,11,合庫-彰化,2024-11-25,1028
6470,宇智,11,0,11,合庫-彰化,2024-11-25,1028
006208,富邦台50,11,0,11,合庫-彰化,2024-11-25,1028
1447,力鵬,10,0,10,合庫-彰化,2024-11-25,1028
1584,精剛,10,0,10,合庫-彰化,2024-11-25,1028
5353,台林,12,2,10,合庫-彰化,2024-11-25,1028
5512,力麒,10,0,10,合庫-彰化,2024-11-25,1028
2354,鴻準,39,30,9,合庫-彰化,2024-11-25,1028
2867,三商壽,10,1,9,合庫-彰化,2024-11-25,1028
5880,合庫金,13,4,9,合庫-彰化,2024-11-25,1028
2885,元大金,8,0,8,合庫-彰化,2024-11-25,1028
4510,高鋒,11,3,8,合庫-彰化,2024-11-25,1028
4513,福裕,76,68,8,合庫-彰化,2024-11-25,1028
5347,世界,8,0,8,合庫-彰化,2024-11-25,1028
3027,盛達,11,4,7,合庫-彰化,2024-11-25,1028
00901,永豐智能車供應鏈,6,0,6,合庫-彰化,2024-11-25,1028
9938,百和,6,0,6,合庫-彰化,2024-11-25,1028
2344,華邦電,206,1,205,合庫-彰化,2024-11-26,1028
2317,鴻海,94,4,90,合庫-彰化,2024-11-26,1028
1336,台翰,81,1,80,合庫-彰化,2024-11-26,1028
00951,台新日本半導體,52,0,52,合庫-彰化,2024-11-26,1028
9105,泰金寶-DR,52,6,46,合庫-彰化,2024-11-26,1028
1815,富喬,81,41,40,合庫-彰化,2024-11-26,1028
2634,漢翔,38,1,37,合庫-彰化,2024-11-26,1028
2890,永豐金,31,0,31,合庫-彰化,2024-11-26,1028
2371,大同,29,5,24,合庫-彰化,2024-11-26,1028
3591,艾笛森,25,1,24,合庫-彰化,2024-11-26,1028
2356,英業達,25,2,23,合庫-彰化,2024-11-26,1028
3015,全漢,23,2,21,合庫-彰化,2024-11-26,1028
2605,新興,20,0,20,合庫-彰化,2024-11-26,1028
4729,熒茂,25,5,20,合庫-彰化,2024-11-26,1028
00919,群益台灣精選高息,18,0,18,合庫-彰化,2024-11-26,1028
2354,鴻準,25,8,17,合庫-彰化,2024-11-26,1028
3231,緯創,17,1,16,合庫-彰化,2024-11-26,1028
1229,聯華,16,0,16,合庫-彰化,2024-11-26,1028
1584,精剛,15,0,15,合庫-彰化,2024-11-26,1028
5347,世界,16,1,15,合庫-彰化,2024-11-26,1028
5371,中光電,57,42,15,合庫-彰化,2024-11-26,1028
00878,國泰永續高股息,21,6,15,合庫-彰化,2024-11-26,1028
006208,富邦台50,13,0,13,合庫-彰化,2024-11-26,1028
1537,廣隆,13,0,13,合庫-彰化,2024-11-26,1028
00673R,期元大S＆P原油反1,12,0,12,合庫-彰化,2024-11-26,1028
6282,康舒,11,0,11,合庫-彰化,2024-11-26,1028
6558,興能高,50,39,11,合庫-彰化,2024-11-26,1028
2834,臺企銀,11,0,11,合庫-彰化,2024-11-26,1028
00930,永豐ESG低碳高息,10,0,10,合庫-彰化,2024-11-26,1028
1432,大魯閣,10,0,10,合庫-彰化,2024-11-26,1028
1447,力鵬,15,5,10,合庫-彰化,2024-11-26,1028
1449,佳和,10,0,10,合庫-彰化,2024-11-26,1028
6216,居易,10,0,10,合庫-彰化,2024-11-26,1028
2474,可成,10,0,10,合庫-彰化,2024-11-26,1028
4513,福裕,46,37,9,合庫-彰化,2024-11-26,1028
5309,系統電,16,7,9,合庫-彰化,2024-11-26,1028
5880,合庫金,8,0,8,合庫-彰化,2024-11-26,1028
2332,友訊,13,5,8,合庫-彰化,2024-11-26,1028
3019,亞光,9,1,8,合庫-彰化,2024-11-26,1028
4979,華星光,11,3,8,合庫-彰化,2024-11-26,1028
00923,群益台ESG低碳50,7,0,7,合庫-彰化,2024-11-26,1028
1708,東鹼,7,0,7,合庫-彰化,2024-11-26,1028
2883,凱基金,9,2,7,合庫-彰化,2024-11-26,1028
3481,群創,18,11,7,合庫-彰化,2024-11-26,1028
2885,元大金,10,4,6,合庫-彰化,2024-11-26,1028
2432,倚天酷��-創,6,0,6,合庫-彰化,2024-11-26,1028
2539,櫻花建,6,0,6,合庫-彰化,2024-11-26,1028
3017,奇鋐,6,0,6,合庫-彰化,2024-11-26,1028
3363,上詮,7,1,6,合庫-彰化,2024-11-26,1028
6134,萬旭,6,0,6,合庫-彰化,2024-11-26,1028
1815,富喬,327,56,271,合庫-彰化,2024-11-27,1028
00919,群益台灣精選高息,149,0,149,合庫-彰化,2024-11-27,1028
2881,富邦金,116,1,115,合庫-彰化,2024-11-27,1028
00878,國泰永續高股息,104,0,104,合庫-彰化,2024-11-27,1028
5880,合庫金,102,3,99,合庫-彰化,2024-11-27,1028
00637L,元大滬深300正2,102,13,89,合庫-彰化,2024-11-27,1028
1536,和大,125,42,83,合庫-彰化,2024-11-27,1028
9105,泰金寶-DR,94,15,79,合庫-彰化,2024-11-27,1028
0056,元大高股息,76,1,75,合庫-彰化,2024-11-27,1028
2603,長榮,85,19,66,合庫-彰化,2024-11-27,1028
2317,鴻海,75,11,64,合庫-彰化,2024-11-27,1028
2303,聯電,57,0,57,合庫-彰化,2024-11-27,1028
3231,緯創,75,25,50,合庫-彰化,2024-11-27,1028
00929,復華台灣科技優息,48,5,43,合庫-彰化,2024-11-27,1028
00940,元大台灣價值高息,47,5,42,合庫-彰化,2024-11-27,1028
2605,新興,77,40,37,合庫-彰化,2024-11-27,1028
2324,仁寶,34,8,26,合庫-彰化,2024-11-27,1028
3037,欣興,24,0,24,合庫-彰化,2024-11-27,1028
1712,興農,22,0,22,合庫-彰化,2024-11-27,1028
2062,橋椿,22,1,21,合庫-彰化,2024-11-27,1028
6505,台塑化,21,1,20,合庫-彰化,2024-11-27,1028
9921,巨大,20,0,20,合庫-彰化,2024-11-27,1028
2609,陽明,47,28,19,合庫-彰化,2024-11-27,1028
00679B,元大美債20年,21,2,19,合庫-彰化,2024-11-27,1028
00882,中信中國高股息,17,0,17,合庫-彰化,2024-11-27,1028
00960,野村全球航運龍頭,18,2,16,合庫-彰化,2024-11-27,1028
8938,明安,15,0,15,合庫-彰化,2024-11-27,1028
00918,大華優利高填息30,15,0,15,合庫-彰化,2024-11-27,1028
1711,永光,14,0,14,合庫-彰化,2024-11-27,1028
2351,順德,14,0,14,合庫-彰化,2024-11-27,1028
2354,鴻準,21,7,14,合庫-彰化,2024-11-27,1028
4114,健喬,14,0,14,合庫-彰化,2024-11-27,1028
1504,東元,18,5,13,合庫-彰化,2024-11-27,1028
1605,華新,12,0,12,合庫-彰化,2024-11-27,1028
8937,合騏,14,2,12,合庫-彰化,2024-11-27,1028
1449,佳和,12,1,11,合庫-彰化,2024-11-27,1028
4960,誠美材,11,0,11,合庫-彰化,2024-11-27,1028
8455,大拓-KY,11,0,11,合庫-彰化,2024-11-27,1028
006208,富邦台50,11,0,11,合庫-彰化,2024-11-27,1028
1447,力鵬,10,0,10,合庫-彰化,2024-11-27,1028
2027,大成鋼,13,3,10,合庫-彰化,2024-11-27,1028
2889,國票金,17,7,10,合庫-彰化,2024-11-27,1028
4919,新唐,10,0,10,合庫-彰化,2024-11-27,1028
5521,工信,10,0,10,合庫-彰化,2024-11-27,1028
8038,長園科,10,0,10,合庫-彰化,2024-11-27,1028
2615,萬海,16,6,10,合庫-彰化,2024-11-27,1028
2002,中鋼,9,0,9,合庫-彰化,2024-11-27,1028
3535,晶彩科,9,0,9,合庫-彰化,2024-11-27,1028
9941,裕融,10,1,9,合庫-彰化,2024-11-27,1028
6288,聯嘉,8,0,8,合庫-彰化,2024-11-27,1028
1815,富喬,369,42,327,合庫-彰化,2024-11-28,1028
00637L,元大滬深300正2,156,1,155,合庫-彰化,2024-11-28,1028
00878,國泰永續高股息,156,9,147,合庫-彰化,2024-11-28,1028
00919,群益台灣精選高息,142,1,141,合庫-彰化,2024-11-28,1028
2312,金寶,187,64,123,合庫-彰化,2024-11-28,1028
2881,富邦金,58,6,52,合庫-彰化,2024-11-28,1028
0056,元大高股息,51,1,50,合庫-彰化,2024-11-28,1028
2646,星宇航空,65,17,48,合庫-彰化,2024-11-28,1028
3481,群創,51,4,47,合庫-彰化,2024-11-28,1028
1504,東元,69,24,45,合庫-彰化,2024-11-28,1028
2884,玉山金,40,1,39,合庫-彰化,2024-11-28,1028
6156,松上,37,1,36,合庫-彰化,2024-11-28,1028
00918,大華優利高填息30,29,0,29,合庫-彰化,2024-11-28,1028
2330,台積電,35,6,29,合庫-彰化,2024-11-28,1028
2002,中鋼,29,1,28,合庫-彰化,2024-11-28,1028
2332,友訊,47,21,26,合庫-彰化,2024-11-28,1028
00932,兆豐永續高息等權,24,0,24,合庫-彰化,2024-11-28,1028
8171,天宇,23,0,23,合庫-彰化,2024-11-28,1028
4960,誠美材,22,0,22,合庫-彰化,2024-11-28,1028
2324,仁寶,19,1,18,合庫-彰化,2024-11-28,1028
4576,大銀微系統,17,0,17,合庫-彰化,2024-11-28,1028
00946,群益科技高息成長,15,0,15,合庫-彰化,2024-11-28,1028
1513,中興電,15,0,15,合庫-彰化,2024-11-28,1028
8240,華宏,15,0,15,合庫-彰化,2024-11-28,1028
2408,南亞科,18,4,14,合庫-彰化,2024-11-28,1028
1531,高林股,14,1,13,合庫-彰化,2024-11-28,1028
00940,元大台灣價值高息,25,13,12,合庫-彰化,2024-11-28,1028
2834,臺企銀,12,0,12,合庫-彰化,2024-11-28,1028
8150,南茂,12,0,12,合庫-彰化,2024-11-28,1028
2409,友達,13,2,11,合庫-彰化,2024-11-28,1028
00929,復華台灣科技優息,30,20,10,合庫-彰化,2024-11-28,1028
00891,中信關鍵半導體,10,0,10,合庫-彰化,2024-11-28,1028
00664R,國泰臺灣加權反1,10,0,10,合庫-彰化,2024-11-28,1028
2027,大成鋼,10,0,10,合庫-彰化,2024-11-28,1028
2340,台亞,10,0,10,合庫-彰化,2024-11-28,1028
2633,台灣高鐵,10,0,10,合庫-彰化,2024-11-28,1028
3014,聯陽,10,0,10,合庫-彰化,2024-11-28,1028
3296,勝德,10,0,10,合庫-彰化,2024-11-28,1028
4139,馬光-KY,10,0,10,合庫-彰化,2024-11-28,1028
6116,彩晶,10,0,10,合庫-彰化,2024-11-28,1028
6901,鑽石投資,10,0,10,合庫-彰化,2024-11-28,1028
2351,順德,10,1,9,合庫-彰化,2024-11-28,1028
2402,毅嘉,11,2,9,合庫-彰化,2024-11-28,1028
3708,上緯投控,10,1,9,合庫-彰化,2024-11-28,1028
8455,大拓-KY,9,0,9,合庫-彰化,2024-11-28,1028
2303,聯電,14,5,9,合庫-彰化,2024-11-28,1028
6118,建達,8,0,8,合庫-彰化,2024-11-28,1028
00713,元大台灣高息低波,7,0,7,合庫-彰化,2024-11-28,1028
00915,凱基優選高股息30,7,0,7,合庫-彰化,2024-11-28,1028
00930,永豐ESG低碳高息,7,0,7,合庫-彰化,2024-11-28,1028
1815,富喬,448,16,432,合庫-彰化,2024-11-29,1028
2332,友訊,155,3,152,合庫-彰化,2024-11-29,1028
2344,華邦電,96,0,96,合庫-彰化,2024-11-29,1028
2303,聯電,96,0,96,合庫-彰化,2024-11-29,1028
6770,力積電,68,0,68,合庫-彰化,2024-11-29,1028
00951,台新日本半導體,50,0,50,合庫-彰化,2024-11-29,1028
00878,國泰永續高股息,62,12,50,合庫-彰化,2024-11-29,1028
3013,晟銘電,95,47,48,合庫-彰化,2024-11-29,1028
00637L,元大滬深300正2,40,0,40,合庫-彰化,2024-11-29,1028
00706L,期元大S＆P日圓正2,36,0,36,合庫-彰化,2024-11-29,1028
2888,新光金,36,1,35,合庫-彰化,2024-11-29,1028
5880,合庫金,38,3,35,合庫-彰化,2024-11-29,1028
00915,凱基優選高股息30,30,0,30,合庫-彰化,2024-11-29,1028
2330,台積電,27,0,27,合庫-彰化,2024-11-29,1028
1301,台塑,23,2,21,合庫-彰化,2024-11-29,1028
1785,光洋科,20,0,20,合庫-彰化,2024-11-29,1028
4729,熒茂,30,10,20,合庫-彰化,2024-11-29,1028
0056,元大高股息,18,0,18,合庫-彰化,2024-11-29,1028
00919,群益台灣精選高息,17,0,17,合庫-彰化,2024-11-29,1028
00830,國泰費城半導體,15,0,15,合庫-彰化,2024-11-29,1028
3231,緯創,19,6,13,合庫-彰化,2024-11-29,1028
5871,中租-KY,15,3,12,合庫-彰化,2024-11-29,1028
00940,元大台灣價值高息,22,10,12,合庫-彰化,2024-11-29,1028
2312,金寶,42,31,11,合庫-彰化,2024-11-29,1028
00946,群益科技高息成長,11,0,11,合庫-彰化,2024-11-29,1028
00715L,期街口布蘭特正2,10,0,10,合庫-彰化,2024-11-29,1028
00857B,永豐20年美公債,10,0,10,合庫-彰化,2024-11-29,1028
1718,中纖,10,0,10,合庫-彰化,2024-11-29,1028
2029,盛餘,10,0,10,合庫-彰化,2024-11-29,1028
3709,鑫聯大投控,10,0,10,合庫-彰化,2024-11-29,1028
6116,彩晶,10,0,10,合庫-彰化,2024-11-29,1028
8938,明安,10,0,10,合庫-彰化,2024-11-29,1028
1326,台化,9,0,9,合庫-彰化,2024-11-29,1028
5398,慕康生醫,9,0,9,合庫-彰化,2024-11-29,1028
2891,中信金,10,2,8,合庫-彰化,2024-11-29,1028
00795B,中信美國公債20年,8,0,8,合庫-彰化,2024-11-29,1028
1605,華新,10,2,8,合庫-彰化,2024-11-29,1028
2002,中鋼,8,1,7,合庫-彰化,2024-11-29,1028
2371,大同,7,0,7,合庫-彰化,2024-11-29,1028
6117,迎廣,10,3,7,合庫-彰化,2024-11-29,1028
2615,萬海,6,0,6,合庫-彰化,2024-11-29,1028
2014,中鴻,6,0,6,合庫-彰化,2024-11-29,1028
6167,久正,6,0,6,合庫-彰化,2024-11-29,1028
00918,大華優利高填息30,5,0,5,合庫-彰化,2024-11-29,1028
00772B,中信高評級公司債,5,0,5,合庫-彰化,2024-11-29,1028
00885,富邦越南,5,0,5,合庫-彰化,2024-11-29,1028
1312,國喬,20,15,5,合庫-彰化,2024-11-29,1028
2302,麗正,13,8,5,合庫-彰化,2024-11-29,1028
2915,潤泰全,5,0,5,合庫-彰化,2024-11-29,1028
3003,健和興,5,0,5,合庫-彰化,2024-11-29,1028
00665L,富邦�琤肭磪囓�2,771,0,771,合庫-彰化,2024-12-02,1028
2609,陽明,202,11,191,合庫-彰化,2024-12-02,1028
00632R,元大台灣50反1,80,0,80,合庫-彰化,2024-12-02,1028
00706L,期元大S＆P日圓正2,73,0,73,合庫-彰化,2024-12-02,1028
2312,金寶,185,116,69,合庫-彰化,2024-12-02,1028
2637,慧洋-KY,64,0,64,合庫-彰化,2024-12-02,1028
1815,富喬,117,55,62,合庫-彰化,2024-12-02,1028
5439,高技,60,1,59,合庫-彰化,2024-12-02,1028
6116,彩晶,50,0,50,合庫-彰化,2024-12-02,1028
3481,群創,54,7,47,合庫-彰化,2024-12-02,1028
3024,憶聲,46,0,46,合庫-彰化,2024-12-02,1028
2302,麗正,55,10,45,合庫-彰化,2024-12-02,1028
00715L,期街口布蘭特正2,40,0,40,合庫-彰化,2024-12-02,1028
0056,元大高股息,39,0,39,合庫-彰化,2024-12-02,1028
4123,晟德,30,0,30,合庫-彰化,2024-12-02,1028
00878,國泰永續高股息,37,8,29,合庫-彰化,2024-12-02,1028
6669,緯穎,25,0,25,合庫-彰化,2024-12-02,1028
1314,中石化,34,12,22,合庫-彰化,2024-12-02,1028
00919,群益台灣精選高息,58,38,20,合庫-彰化,2024-12-02,1028
1301,台塑,21,5,16,合庫-彰化,2024-12-02,1028
2317,鴻海,21,7,14,合庫-彰化,2024-12-02,1028
3594,磐儀,16,2,14,合庫-彰化,2024-12-02,1028
3491,昇達科,13,0,13,合庫-彰化,2024-12-02,1028
6213,聯茂,13,0,13,合庫-彰化,2024-12-02,1028
2354,鴻準,32,20,12,合庫-彰化,2024-12-02,1028
2432,倚天酷��-創,12,0,12,合庫-彰化,2024-12-02,1028
5244,弘凱,154,142,12,合庫-彰化,2024-12-02,1028
2208,台船,11,0,11,合庫-彰化,2024-12-02,1028
4576,大銀微系統,11,0,11,合庫-彰化,2024-12-02,1028
00887,永豐中國科技50大,12,2,10,合庫-彰化,2024-12-02,1028
00938,凱基優選30,10,0,10,合庫-彰化,2024-12-02,1028
1447,力鵬,10,0,10,合庫-彰化,2024-12-02,1028
2014,中鴻,10,1,9,合庫-彰化,2024-12-02,1028
3516,亞帝歐,10,1,9,合庫-彰化,2024-12-02,1028
4526,東台,11,2,9,合庫-彰化,2024-12-02,1028
1605,華新,14,6,8,合庫-彰化,2024-12-02,1028
5213,亞昕,8,0,8,合庫-彰化,2024-12-02,1028
8455,大拓-KY,11,3,8,合庫-彰化,2024-12-02,1028
1609,大亞,7,0,7,合庫-彰化,2024-12-02,1028
2337,旺宏,7,0,7,合庫-彰化,2024-12-02,1028
2351,順德,6,0,6,合庫-彰化,2024-12-02,1028
3706,神達,23,17,6,合庫-彰化,2024-12-02,1028
4510,高鋒,16,10,6,合庫-彰化,2024-12-02,1028
2062,橋椿,6,1,5,合庫-彰化,2024-12-02,1028
00688L,國泰20年美債正2,5,0,5,合庫-彰化,2024-12-02,1028
2867,三商壽,5,0,5,合庫-彰化,2024-12-02,1028
3060,銘異,5,0,5,合庫-彰化,2024-12-02,1028
3546,宇峻,5,0,5,合庫-彰化,2024-12-02,1028
3591,艾笛森,10,5,5,合庫-彰化,2024-12-02,1028
8147,正淩,5,0,5,合庫-彰化,2024-12-02,1028
00665L,富邦�琤肭磪囓�2,599,10,589,合庫-彰化,2024-12-03,1028
00919,群益台灣精選高息,286,10,276,合庫-彰化,2024-12-03,1028
2419,仲琦,103,14,89,合庫-彰化,2024-12-03,1028
2891,中信金,69,9,60,合庫-彰化,2024-12-03,1028
00632R,元大台灣50反1,56,0,56,合庫-彰化,2024-12-03,1028
2312,金寶,34,1,33,合庫-彰化,2024-12-03,1028
0056,元大高股息,40,9,31,合庫-彰化,2024-12-03,1028
00959B,大華投等美債15Y+,30,0,30,合庫-彰化,2024-12-03,1028
00915,凱基優選高股息30,31,6,25,合庫-彰化,2024-12-03,1028
2317,鴻海,24,2,22,合庫-彰化,2024-12-03,1028
2867,三商壽,22,0,22,合庫-彰化,2024-12-03,1028
2002,中鋼,21,1,20,合庫-彰化,2024-12-03,1028
2408,南亞科,17,0,17,合庫-彰化,2024-12-03,1028
3338,泰碩,29,13,16,合庫-彰化,2024-12-03,1028
00713,元大台灣高息低波,15,0,15,合庫-彰化,2024-12-03,1028
00918,大華優利高填息30,16,4,12,合庫-彰化,2024-12-03,1028
00795B,中信美國公債20年,12,0,12,合庫-彰化,2024-12-03,1028
3047,訊舟,12,0,12,合庫-彰化,2024-12-03,1028
00938,凱基優選30,13,2,11,合庫-彰化,2024-12-03,1028
2371,大同,13,2,11,合庫-彰化,2024-12-03,1028
3591,艾笛森,11,0,11,合庫-彰化,2024-12-03,1028
00715L,期街口布蘭特正2,50,40,10,合庫-彰化,2024-12-03,1028
3033,威健,11,1,10,合庫-彰化,2024-12-03,1028
3702,大聯大,10,0,10,合庫-彰化,2024-12-03,1028
4510,高鋒,15,5,10,合庫-彰化,2024-12-03,1028
5457,宣德,10,0,10,合庫-彰化,2024-12-03,1028
6239,力成,11,1,10,合庫-彰化,2024-12-03,1028
2014,中鴻,10,1,9,合庫-彰化,2024-12-03,1028
4303,信立,26,17,9,合庫-彰化,2024-12-03,1028
4977,眾達-KY,16,7,9,合庫-彰化,2024-12-03,1028
00885,富邦越南,8,0,8,合庫-彰化,2024-12-03,1028
2432,倚天酷��-創,8,0,8,合庫-彰化,2024-12-03,1028
2637,慧洋-KY,8,0,8,合庫-彰化,2024-12-03,1028
2615,萬海,17,9,8,合庫-彰化,2024-12-03,1028
00950B,凱基A級公司債,10,3,7,合庫-彰化,2024-12-03,1028
1319,東陽,7,0,7,合庫-彰化,2024-12-03,1028
2344,華邦電,12,5,7,合庫-彰化,2024-12-03,1028
5347,世界,6,0,6,合庫-彰化,2024-12-03,1028
00753L,中信中國50正2,6,1,5,合庫-彰化,2024-12-03,1028
1524,耿鼎,5,0,5,合庫-彰化,2024-12-03,1028
2405,輔信,11,6,5,合庫-彰化,2024-12-03,1028
4904,遠傳,5,0,5,合庫-彰化,2024-12-03,1028
4931,新盛力,5,0,5,合庫-彰化,2024-12-03,1028
6570,維田,5,0,5,合庫-彰化,2024-12-03,1028
6768,志強-KY,5,0,5,合庫-彰化,2024-12-03,1028
8147,正淩,5,0,5,合庫-彰化,2024-12-03,1028
6669,緯穎,5,0,5,合庫-彰化,2024-12-03,1028
6763,綠界科技*,6,1,5,合庫-彰化,2024-12-03,1028
00861,元大全球未來通訊,5,0,5,合庫-彰化,2024-12-03,1028
2382,廣達,5,1,4,合庫-彰化,2024-12-03,1028
2887,台新金,276,0,276,合庫-彰化,2024-12-04,1028
00937B,群益ESG投等債20,215,53,162,合庫-彰化,2024-12-04,1028
00719B,元大美債1-3,150,0,150,合庫-彰化,2024-12-04,1028
00950B,凱基A級公司債,102,0,102,合庫-彰化,2024-12-04,1028
5244,弘凱,116,19,97,合庫-彰化,2024-12-04,1028
5315,光聯,173,80,93,合庫-彰化,2024-12-04,1028
1605,華新,76,1,75,合庫-彰化,2024-12-04,1028
00953B,群益優選非投等債,74,0,74,合庫-彰化,2024-12-04,1028
2371,大同,62,5,57,合庫-彰化,2024-12-04,1028
00918,大華優利高填息30,40,0,40,合庫-彰化,2024-12-04,1028
2303,聯電,38,0,38,合庫-彰化,2024-12-04,1028
3167,大量,35,0,35,合庫-彰化,2024-12-04,1028
2646,星宇航空,29,0,29,合庫-彰化,2024-12-04,1028
00679B,元大美債20年,23,0,23,合庫-彰化,2024-12-04,1028
4979,華星光,26,4,22,合庫-彰化,2024-12-04,1028
9921,巨大,20,0,20,合庫-彰化,2024-12-04,1028
6505,台塑化,17,1,16,合庫-彰化,2024-12-04,1028
00712,復華富時不動產,15,0,15,合庫-彰化,2024-12-04,1028
00664R,國泰臺灣加權反1,15,0,15,合庫-彰化,2024-12-04,1028
1312,國喬,15,0,15,合庫-彰化,2024-12-04,1028
6962,ITH-KY,14,0,14,合庫-彰化,2024-12-04,1028
3591,艾笛森,16,3,13,合庫-彰化,2024-12-04,1028
1447,力鵬,11,0,11,合庫-彰化,2024-12-04,1028
2432,倚天酷��-創,11,0,11,合庫-彰化,2024-12-04,1028
8104,錸寶,12,1,11,合庫-彰化,2024-12-04,1028
2337,旺宏,14,4,10,合庫-彰化,2024-12-04,1028
00882,中信中國高股息,10,0,10,合庫-彰化,2024-12-04,1028
00938,凱基優選30,10,0,10,合庫-彰化,2024-12-04,1028
2314,台揚,10,0,10,合庫-彰化,2024-12-04,1028
2610,華航,36,26,10,合庫-彰化,2024-12-04,1028
2834,臺企銀,10,0,10,合庫-彰化,2024-12-04,1028
3338,泰碩,10,0,10,合庫-彰化,2024-12-04,1028
3360,尚立,10,0,10,合庫-彰化,2024-12-04,1028
9914,美利達,8,0,8,合庫-彰化,2024-12-04,1028
3323,加百裕,22,15,7,合庫-彰化,2024-12-04,1028
3025,星通,12,5,7,合庫-彰化,2024-12-04,1028
6153,嘉聯益,7,0,7,合庫-彰化,2024-12-04,1028
00959B,大華投等美債15Y+,16,10,6,合庫-彰化,2024-12-04,1028
2367,燿華,7,1,6,合庫-彰化,2024-12-04,1028
2408,南亞科,7,1,6,合庫-彰化,2024-12-04,1028
4903,聯光通,12,6,6,合庫-彰化,2024-12-04,1028
3380,明泰,5,0,5,合庫-彰化,2024-12-04,1028
1504,東元,5,0,5,合庫-彰化,2024-12-04,1028
2027,大成鋼,5,0,5,合庫-彰化,2024-12-04,1028
2511,太子,5,0,5,合庫-彰化,2024-12-04,1028
2524,京城,5,0,5,合庫-彰化,2024-12-04,1028
3062,建漢,5,0,5,合庫-彰化,2024-12-04,1028
3706,神達,18,13,5,合庫-彰化,2024-12-04,1028
4503,金雨,5,0,5,合庫-彰化,2024-12-04,1028
4721,美琪瑪,5,0,5,合庫-彰化,2024-12-04,1028
00665L,富邦�琤肭磪囓�2,499,0,499,合庫-彰化,2024-12-05,1028
00664R,國泰臺灣加權反1,201,16,185,合庫-彰化,2024-12-05,1028
5244,弘凱,115,51,64,合庫-彰化,2024-12-05,1028
3015,全漢,68,8,60,合庫-彰化,2024-12-05,1028
1102,亞泥,40,0,40,合庫-彰化,2024-12-05,1028
6870,騰雲,31,0,31,合庫-彰化,2024-12-05,1028
1815,富喬,272,243,29,合庫-彰化,2024-12-05,1028
2609,陽明,26,6,20,合庫-彰化,2024-12-05,1028
00637L,元大滬深300正2,20,0,20,合庫-彰化,2024-12-05,1028
5371,中光電,18,0,18,合庫-彰化,2024-12-05,1028
6127,九豪,24,7,17,合庫-彰化,2024-12-05,1028
1718,中纖,15,0,15,合庫-彰化,2024-12-05,1028
4729,熒茂,15,0,15,合庫-彰化,2024-12-05,1028
00712,復華富時不動產,15,0,15,合庫-彰化,2024-12-05,1028
00918,大華優利高填息30,12,0,12,合庫-彰化,2024-12-05,1028
00887,永豐中國科技50大,12,0,12,合庫-彰化,2024-12-05,1028
2535,達欣工,12,0,12,合庫-彰化,2024-12-05,1028
8111,立��,16,4,12,合庫-彰化,2024-12-05,1028
1402,遠東新,11,0,11,合庫-彰化,2024-12-05,1028
2014,中鴻,11,0,11,合庫-彰化,2024-12-05,1028
4526,東台,11,0,11,合庫-彰化,2024-12-05,1028
00938,凱基優選30,10,0,10,合庫-彰化,2024-12-05,1028
2313,華通,10,0,10,合庫-彰化,2024-12-05,1028
2316,楠梓電,10,0,10,合庫-彰化,2024-12-05,1028
2888,新光金,11,1,10,合庫-彰化,2024-12-05,1028
4503,金雨,10,0,10,合庫-彰化,2024-12-05,1028
5328,華容,13,3,10,合庫-彰化,2024-12-05,1028
5434,崇越,10,0,10,合庫-彰化,2024-12-05,1028
6443,元晶,10,0,10,合庫-彰化,2024-12-05,1028
8054,安國,10,0,10,合庫-彰化,2024-12-05,1028
2317,鴻海,13,3,10,合庫-彰化,2024-12-05,1028
00935,野村臺灣新科技50,10,1,9,合庫-彰化,2024-12-05,1028
00885,富邦越南,9,0,9,合庫-彰化,2024-12-05,1028
1595,川寶,23,14,9,合庫-彰化,2024-12-05,1028
3211,順達,20,11,9,合庫-彰化,2024-12-05,1028
2615,萬海,9,1,8,合庫-彰化,2024-12-05,1028
00953B,群益優選非投等債,145,137,8,合庫-彰化,2024-12-05,1028
1529,樂事綠能,8,0,8,合庫-彰化,2024-12-05,1028
1710,東聯,8,0,8,合庫-彰化,2024-12-05,1028
2457,飛宏,12,4,8,合庫-彰化,2024-12-05,1028
3024,憶聲,10,2,8,合庫-彰化,2024-12-05,1028
4931,新盛力,15,7,8,合庫-彰化,2024-12-05,1028
2027,大成鋼,7,0,7,合庫-彰化,2024-12-05,1028
4714,永捷,7,0,7,合庫-彰化,2024-12-05,1028
2801,彰銀,10,4,6,合庫-彰化,2024-12-05,1028
3338,泰碩,7,1,6,合庫-彰化,2024-12-05,1028
4114,健喬,6,0,6,合庫-彰化,2024-12-05,1028
6426,統新,8,2,6,合庫-彰化,2024-12-05,1028
8383,千附,6,0,6,合庫-彰化,2024-12-05,1028
8421,旭源,6,0,6,合庫-彰化,2024-12-05,1028
00953B,群益優選非投等債,163,0,163,合庫-彰化,2024-12-06,1028
00712,復華富時不動產,110,0,110,合庫-彰化,2024-12-06,1028
00900,富邦特選高股息30,100,1,99,合庫-彰化,2024-12-06,1028
00962,台新AI優息動能,134,60,74,合庫-彰化,2024-12-06,1028
3625,西勝,45,0,45,合庫-彰化,2024-12-06,1028
2351,順德,39,0,39,合庫-彰化,2024-12-06,1028
00715L,期街口布蘭特正2,232,200,32,合庫-彰化,2024-12-06,1028
2421,建準,33,3,30,合庫-彰化,2024-12-06,1028
2367,燿華,32,6,26,合庫-彰化,2024-12-06,1028
00919,群益台灣精選高息,36,11,25,合庫-彰化,2024-12-06,1028
1312,國喬,22,0,22,合庫-彰化,2024-12-06,1028
2002,中鋼,24,2,22,合庫-彰化,2024-12-06,1028
4743,合一,54,34,20,合庫-彰化,2024-12-06,1028
4933,友輝,32,14,18,合庫-彰化,2024-12-06,1028
2354,鴻準,92,75,17,合庫-彰化,2024-12-06,1028
2929,淘帝-KY,16,0,16,合庫-彰化,2024-12-06,1028
00909,國泰數位支付服務,13,0,13,合庫-彰化,2024-12-06,1028
5531,鄉林,13,0,13,合庫-彰化,2024-12-06,1028
1815,富喬,37,24,13,合庫-彰化,2024-12-06,1028
3049,精金,11,0,11,合庫-彰化,2024-12-06,1028
3202,樺晟,11,0,11,合庫-彰化,2024-12-06,1028
2312,金寶,15,5,10,合庫-彰化,2024-12-06,1028
2402,毅嘉,10,0,10,合庫-彰化,2024-12-06,1028
2432,倚天酷��-創,10,0,10,合庫-彰化,2024-12-06,1028
2489,瑞軒,10,0,10,合庫-彰化,2024-12-06,1028
0056,元大高股息,20,11,9,合庫-彰化,2024-12-06,1028
3537,堡達,10,1,9,合庫-彰化,2024-12-06,1028
3078,僑威,10,1,9,合庫-彰化,2024-12-06,1028
4127,天良,9,0,9,合庫-彰化,2024-12-06,1028
8028,昇陽半導體,10,1,9,合庫-彰化,2024-12-06,1028
5488,松普,8,0,8,合庫-彰化,2024-12-06,1028
2303,聯電,13,5,8,合庫-彰化,2024-12-06,1028
2646,星宇航空,8,0,8,合庫-彰化,2024-12-06,1028
00633L,富邦上証正2,10,3,7,合庫-彰化,2024-12-06,1028
4510,高鋒,8,1,7,合庫-彰化,2024-12-06,1028
5309,系統電,10,3,7,合庫-彰化,2024-12-06,1028
00954,中信日本半導體,6,0,6,合庫-彰化,2024-12-06,1028
1457,宜進,6,0,6,合庫-彰化,2024-12-06,1028
1618,合機,6,0,6,合庫-彰化,2024-12-06,1028
2027,大成鋼,6,0,6,合庫-彰化,2024-12-06,1028
4903,聯光通,6,0,6,合庫-彰化,2024-12-06,1028
6505,台塑化,6,0,6,合庫-彰化,2024-12-06,1028
8404,百和興業-KY,6,0,6,合庫-彰化,2024-12-06,1028
8111,立��,24,19,5,合庫-彰化,2024-12-06,1028
00902,中信電池及儲能,5,0,5,合庫-彰化,2024-12-06,1028
00688L,國泰20年美債正2,5,0,5,合庫-彰化,2024-12-06,1028
1522,堤維西,5,0,5,合庫-彰化,2024-12-06,1028
1710,東聯,5,0,5,合庫-彰化,2024-12-06,1028
1802,台玻,6,1,5,合庫-彰化,2024-12-06,1028
1907,永豐餘,5,0,5,合庫-彰化,2024-12-06,1028
1815,富喬,365,1,364,合庫-彰化,2024-12-09,1028
3522,御嵿,83,0,83,合庫-彰化,2024-12-09,1028
1802,台玻,54,0,54,合庫-彰化,2024-12-09,1028
00637L,元大滬深300正2,42,0,42,合庫-彰化,2024-12-09,1028
00878,國泰永續高股息,45,7,38,合庫-彰化,2024-12-09,1028
2537,聯上發,32,2,30,合庫-彰化,2024-12-09,1028
3060,銘異,30,0,30,合庫-彰化,2024-12-09,1028
2317,鴻海,30,3,27,合庫-彰化,2024-12-09,1028
2002,中鋼,25,0,25,合庫-彰化,2024-12-09,1028
00946,群益科技高息成長,25,0,25,合庫-彰化,2024-12-09,1028
4729,熒茂,32,10,22,合庫-彰化,2024-12-09,1028
00927,群益半導體收益,21,1,20,合庫-彰化,2024-12-09,1028
1605,華新,20,0,20,合庫-彰化,2024-12-09,1028
9933,中鼎,20,0,20,合庫-彰化,2024-12-09,1028
0056,元大高股息,19,0,19,合庫-彰化,2024-12-09,1028
4958,臻鼎-KY,19,0,19,合庫-彰化,2024-12-09,1028
00715L,期街口布蘭特正2,15,0,15,合庫-彰化,2024-12-09,1028
5871,中租-KY,15,2,13,合庫-彰化,2024-12-09,1028
8261,富鼎,17,4,13,合庫-彰化,2024-12-09,1028
00712,復華富時不動產,12,0,12,合庫-彰化,2024-12-09,1028
00673R,期元大S＆P原油反1,12,0,12,合庫-彰化,2024-12-09,1028
2646,星宇航空,19,8,11,合庫-彰化,2024-12-09,1028
00680L,元大美債20正2,11,0,11,合庫-彰化,2024-12-09,1028
2540,愛山林,11,0,11,合庫-彰化,2024-12-09,1028
2392,正崴,17,7,10,合庫-彰化,2024-12-09,1028
00938,凱基優選30,10,0,10,合庫-彰化,2024-12-09,1028
00944,野村趨勢動能高息,10,0,10,合庫-彰化,2024-12-09,1028
1455,集盛,10,0,10,合庫-彰化,2024-12-09,1028
3593,力銘,10,0,10,合庫-彰化,2024-12-09,1028
4991,環宇-KY,10,0,10,合庫-彰化,2024-12-09,1028
6142,友勁,10,0,10,合庫-彰化,2024-12-09,1028
3715,定穎投控,11,2,9,合庫-彰化,2024-12-09,1028
00962,台新AI優息動能,8,0,8,合庫-彰化,2024-12-09,1028
2337,旺宏,10,2,8,合庫-彰化,2024-12-09,1028
2349,錸德,10,2,8,合庫-彰化,2024-12-09,1028
8383,千附,8,0,8,合庫-彰化,2024-12-09,1028
9105,泰金寶-DR,10,2,8,合庫-彰化,2024-12-09,1028
2354,鴻準,42,35,7,合庫-彰化,2024-12-09,1028
00953B,群益優選非投等債,7,0,7,合庫-彰化,2024-12-09,1028
2457,飛宏,7,0,7,合庫-彰化,2024-12-09,1028
6243,迅杰,9,2,7,合庫-彰化,2024-12-09,1028
6288,聯嘉,7,0,7,合庫-彰化,2024-12-09,1028
6547,高端疫苗,7,0,7,合庫-彰化,2024-12-09,1028
6558,興能高,11,4,7,合庫-彰化,2024-12-09,1028
00932,兆豐永續高息等權,7,0,7,合庫-彰化,2024-12-09,1028
00915,凱基優選高股息30,10,4,6,合庫-彰化,2024-12-09,1028
2432,倚天酷��-創,6,0,6,合庫-彰化,2024-12-09,1028
2474,可成,6,0,6,合庫-彰化,2024-12-09,1028
2520,冠德,6,0,6,合庫-彰化,2024-12-09,1028
2618,長榮航,31,25,6,合庫-彰化,2024-12-09,1028
00887,永豐中國科技50大,449,33,416,合庫-彰化,2024-12-10,1028
1815,富喬,391,131,260,合庫-彰化,2024-12-10,1028
00918,大華優利高填息30,138,18,120,合庫-彰化,2024-12-10,1028
00962,台新AI優息動能,83,0,83,合庫-彰化,2024-12-10,1028
2610,華航,65,5,60,合庫-彰化,2024-12-10,1028
00753L,中信中國50正2,72,20,52,合庫-彰化,2024-12-10,1028
2399,映泰,66,15,51,合庫-彰化,2024-12-10,1028
00713,元大台灣高息低波,52,3,49,合庫-彰化,2024-12-10,1028
1536,和大,47,2,45,合庫-彰化,2024-12-10,1028
2317,鴻海,41,2,39,合庫-彰化,2024-12-10,1028
00637L,元大滬深300正2,107,73,34,合庫-彰化,2024-12-10,1028
3029,零壹,38,7,31,合庫-彰化,2024-12-10,1028
2609,陽明,73,47,26,合庫-彰化,2024-12-10,1028
3522,御嵿,27,1,26,合庫-彰化,2024-12-10,1028
00830,國泰費城半導體,26,3,23,合庫-彰化,2024-12-10,1028
2646,星宇航空,24,3,21,合庫-彰化,2024-12-10,1028
00648R,元大S＆P500反1,20,0,20,合庫-彰化,2024-12-10,1028
2603,長榮,19,0,19,合庫-彰化,2024-12-10,1028
8028,昇陽半導體,19,0,19,合庫-彰化,2024-12-10,1028
2354,鴻準,33,15,18,合庫-彰化,2024-12-10,1028
00665L,富邦�琤肭磪囓�2,23,6,17,合庫-彰化,2024-12-10,1028
4303,信立,17,0,17,合庫-彰化,2024-12-10,1028
1605,華新,38,22,16,合庫-彰化,2024-12-10,1028
00878,國泰永續高股息,25,9,16,合庫-彰化,2024-12-10,1028
2344,華邦電,18,3,15,合庫-彰化,2024-12-10,1028
0056,元大高股息,20,6,14,合庫-彰化,2024-12-10,1028
00922,國泰台灣領袖50,14,0,14,合庫-彰化,2024-12-10,1028
2367,燿華,23,9,14,合庫-彰化,2024-12-10,1028
00929,復華台灣科技優息,26,14,12,合庫-彰化,2024-12-10,1028
00959B,大華投等美債15Y+,12,0,12,合庫-彰化,2024-12-10,1028
4979,華星光,13,1,12,合庫-彰化,2024-12-10,1028
3006,晶豪科,13,1,12,合庫-彰化,2024-12-10,1028
00960,野村全球航運龍頭,12,1,11,合庫-彰化,2024-12-10,1028
4526,東台,21,10,11,合庫-彰化,2024-12-10,1028
00680L,元大美債20正2,10,0,10,合庫-彰化,2024-12-10,1028
1447,力鵬,10,0,10,合庫-彰化,2024-12-10,1028
3376,新日興,10,0,10,合庫-彰化,2024-12-10,1028
6806,森崴能源,10,0,10,合庫-彰化,2024-12-10,1028
8096,擎亞,13,3,10,合庫-彰化,2024-12-10,1028
1449,佳和,12,3,9,合庫-彰化,2024-12-10,1028
5457,宣德,10,1,9,合庫-彰化,2024-12-10,1028
3706,神達,31,22,9,合庫-彰化,2024-12-10,1028
2330,台積電,10,2,8,合庫-彰化,2024-12-10,1028
3056,富華新,12,4,8,合庫-彰化,2024-12-10,1028
2002,中鋼,10,2,8,合庫-彰化,2024-12-10,1028
3090,日電貿,7,0,7,合庫-彰化,2024-12-10,1028
4123,晟德,7,0,7,合庫-彰化,2024-12-10,1028
6874,倍力,7,0,7,合庫-彰化,2024-12-10,1028
2890,永豐金,6,0,6,合庫-彰化,2024-12-10,1028
00935,野村臺灣新科技50,7,1,6,合庫-彰化,2024-12-10,1028
00665L,富邦�琤肭磪囓�2,209,0,209,合庫-彰化,2024-12-11,1028
3013,晟銘電,153,0,153,合庫-彰化,2024-12-11,1028
9105,泰金寶-DR,140,10,130,合庫-彰化,2024-12-11,1028
00919,群益台灣精選高息,117,8,109,合庫-彰化,2024-12-11,1028
1312,國喬,101,0,101,合庫-彰化,2024-12-11,1028
00918,大華優利高填息30,89,0,89,合庫-彰化,2024-12-11,1028
3607,谷崧,75,4,71,合庫-彰化,2024-12-11,1028
00962,台新AI優息動能,70,0,70,合庫-彰化,2024-12-11,1028
00753L,中信中國50正2,45,0,45,合庫-彰化,2024-12-11,1028
2609,陽明,49,6,43,合庫-彰化,2024-12-11,1028
2303,聯電,38,4,34,合庫-彰化,2024-12-11,1028
0056,元大高股息,28,1,27,合庫-彰化,2024-12-11,1028
00878,國泰永續高股息,28,3,25,合庫-彰化,2024-12-11,1028
1326,台化,29,4,25,合庫-彰化,2024-12-11,1028
2515,中工,25,0,25,合庫-彰化,2024-12-11,1028
1815,富喬,56,32,24,合庫-彰化,2024-12-11,1028
00915,凱基優選高股息30,22,0,22,合庫-彰化,2024-12-11,1028
4114,健喬,20,0,20,合庫-彰化,2024-12-11,1028
6156,松上,20,0,20,合庫-彰化,2024-12-11,1028
2317,鴻海,34,15,19,合庫-彰化,2024-12-11,1028
1536,和大,17,0,17,合庫-彰化,2024-12-11,1028
2002,中鋼,17,0,17,合庫-彰化,2024-12-11,1028
2344,華邦電,17,0,17,合庫-彰化,2024-12-11,1028
6415,矽力*-KY,18,2,16,合庫-彰化,2024-12-11,1028
2547,日勝生,24,8,16,合庫-彰化,2024-12-11,1028
1301,台塑,16,1,15,合庫-彰化,2024-12-11,1028
2801,彰銀,15,0,15,合庫-彰化,2024-12-11,1028
2330,台積電,20,6,14,合庫-彰化,2024-12-11,1028
3231,緯創,13,0,13,合庫-彰化,2024-12-11,1028
2201,裕隆,13,0,13,合庫-彰化,2024-12-11,1028
00937B,群益ESG投等債20,12,0,12,合庫-彰化,2024-12-11,1028
00930,永豐ESG低碳高息,11,0,11,合庫-彰化,2024-12-11,1028
00951,台新日本半導體,20,9,11,合庫-彰化,2024-12-11,1028
2887,台新金,11,0,11,合庫-彰化,2024-12-11,1028
3522,御嵿,14,3,11,合庫-彰化,2024-12-11,1028
8431,匯鑽科,11,0,11,合庫-彰化,2024-12-11,1028
8938,明安,11,0,11,合庫-彰化,2024-12-11,1028
00928,中信上櫃ESG30,10,0,10,合庫-彰化,2024-12-11,1028
00910,第一金太空衛星,10,0,10,合庫-彰化,2024-12-11,1028
3162,精確,10,0,10,合庫-彰化,2024-12-11,1028
3234,光環,10,0,10,合庫-彰化,2024-12-11,1028
5302,太欣,10,0,10,合庫-彰化,2024-12-11,1028
5607,遠雄港,10,0,10,合庫-彰化,2024-12-11,1028
2355,敬鵬,10,1,9,合庫-彰化,2024-12-11,1028
2615,萬海,9,0,9,合庫-彰化,2024-12-11,1028
2543,皇昌,8,0,8,合庫-彰化,2024-12-11,1028
00940,元大台灣價值高息,8,0,8,合庫-彰化,2024-12-11,1028
2312,金寶,8,0,8,合庫-彰化,2024-12-11,1028
4105,東洋,8,0,8,合庫-彰化,2024-12-11,1028
2408,南亞科,19,12,7,合庫-彰化,2024-12-11,1028
1815,富喬,320,16,304,合庫-彰化,2024-12-12,1028
00937B,群益ESG投等債20,170,7,163,合庫-彰化,2024-12-12,1028
00950B,凱基A級公司債,51,0,51,合庫-彰化,2024-12-12,1028
2303,聯電,53,8,45,合庫-彰化,2024-12-12,1028
1802,台玻,38,2,36,合庫-彰化,2024-12-12,1028
2316,楠梓電,35,0,35,合庫-彰化,2024-12-12,1028
00679B,元大美債20年,35,1,34,合庫-彰化,2024-12-12,1028
2605,新興,35,1,34,合庫-彰化,2024-12-12,1028
2609,陽明,54,20,34,合庫-彰化,2024-12-12,1028
6153,嘉聯益,30,0,30,合庫-彰化,2024-12-12,1028
2317,鴻海,33,4,29,合庫-彰化,2024-12-12,1028
1301,台塑,46,20,26,合庫-彰化,2024-12-12,1028
2867,三商壽,26,0,26,合庫-彰化,2024-12-12,1028
00687B,國泰20年美債,26,1,25,合庫-彰化,2024-12-12,1028
00915,凱基優選高股息30,23,0,23,合庫-彰化,2024-12-12,1028
2312,金寶,31,10,21,合庫-彰化,2024-12-12,1028
6957,裕慶-KY,20,0,20,合庫-彰化,2024-12-12,1028
6526,達發,20,1,19,合庫-彰化,2024-12-12,1028
00918,大華優利高填息30,25,7,18,合庫-彰化,2024-12-12,1028
2368,金像電,22,5,17,合庫-彰化,2024-12-12,1028
6505,台塑化,24,8,16,合庫-彰化,2024-12-12,1028
1455,集盛,15,0,15,合庫-彰化,2024-12-12,1028
1536,和大,19,4,15,合庫-彰化,2024-12-12,1028
00945B,凱基美國非投等債,20,6,14,合庫-彰化,2024-12-12,1028
6163,華電網,35,21,14,合庫-彰化,2024-12-12,1028
2002,中鋼,15,2,13,合庫-彰化,2024-12-12,1028
3029,零壹,22,10,12,合庫-彰化,2024-12-12,1028
2354,鴻準,30,19,11,合庫-彰化,2024-12-12,1028
1326,台化,15,5,10,合庫-彰化,2024-12-12,1028
00706L,期元大S＆P日圓正2,10,0,10,合庫-彰化,2024-12-12,1028
00764B,群益25年美債,10,0,10,合庫-彰化,2024-12-12,1028
1108,幸福,10,0,10,合庫-彰化,2024-12-12,1028
6156,松上,10,0,10,合庫-彰化,2024-12-12,1028
6558,興能高,11,1,10,合庫-彰化,2024-12-12,1028
1303,南亞,12,3,9,合庫-彰化,2024-12-12,1028
3231,緯創,13,4,9,合庫-彰化,2024-12-12,1028
00795B,中信美國公債20年,9,1,8,合庫-彰化,2024-12-12,1028
2332,友訊,12,4,8,合庫-彰化,2024-12-12,1028
8431,匯鑽科,8,0,8,合庫-彰化,2024-12-12,1028
2886,兆豐金,8,0,8,合庫-彰化,2024-12-12,1028
2834,臺企銀,8,0,8,合庫-彰化,2024-12-12,1028
2106,建大,7,0,7,合庫-彰化,2024-12-12,1028
2449,京元電子,8,1,7,合庫-彰化,2024-12-12,1028
2466,冠西電,7,0,7,合庫-彰化,2024-12-12,1028
3010,華立,7,0,7,合庫-彰化,2024-12-12,1028
5871,中租-KY,9,2,7,合庫-彰化,2024-12-12,1028
00919,群益台灣精選高息,10,4,6,合庫-彰化,2024-12-12,1028
00751B,元大AAA至A公司債,6,0,6,合庫-彰化,2024-12-12,1028
00664R,國泰臺灣加權反1,6,0,6,合庫-彰化,2024-12-12,1028
1524,耿鼎,15,9,6,合庫-彰化,2024-12-12,1028
00679B,元大美債20年,231,0,231,合庫-彰化,2024-12-13,1028
00665L,富邦�琤肭磪囓�2,419,200,219,合庫-彰化,2024-12-13,1028
3363,上詮,175,6,169,合庫-彰化,2024-12-13,1028
00919,群益台灣精選高息,141,36,105,合庫-彰化,2024-12-13,1028
00680L,元大美債20正2,105,0,105,合庫-彰化,2024-12-13,1028
00922,國泰台灣領袖50,100,0,100,合庫-彰化,2024-12-13,1028
00943,兆豐電子高息等權,94,0,94,合庫-彰化,2024-12-13,1028
9105,泰金寶-DR,134,51,83,合庫-彰化,2024-12-13,1028
1815,富喬,74,4,70,合庫-彰化,2024-12-13,1028
2353,宏��,54,0,54,合庫-彰化,2024-12-13,1028
2887,台新金,53,2,51,合庫-彰化,2024-12-13,1028
6156,松上,49,0,49,合庫-彰化,2024-12-13,1028
1314,中石化,40,0,40,合庫-彰化,2024-12-13,1028
2303,聯電,43,4,39,合庫-彰化,2024-12-13,1028
2317,鴻海,42,3,39,合庫-彰化,2024-12-13,1028
2615,萬海,33,2,31,合庫-彰化,2024-12-13,1028
1802,台玻,30,0,30,合庫-彰化,2024-12-13,1028
2605,新興,30,0,30,合庫-彰化,2024-12-13,1028
6153,嘉聯益,34,4,30,合庫-彰化,2024-12-13,1028
00878,國泰永續高股息,30,1,29,合庫-彰化,2024-12-13,1028
00918,大華優利高填息30,27,0,27,合庫-彰化,2024-12-13,1028
4114,健喬,26,0,26,合庫-彰化,2024-12-13,1028
00915,凱基優選高股息30,26,0,26,合庫-彰化,2024-12-13,1028
2344,華邦電,35,10,25,合庫-彰化,2024-12-13,1028
2489,瑞軒,25,0,25,合庫-彰化,2024-12-13,1028
00713,元大台灣高息低波,21,0,21,合庫-彰化,2024-12-13,1028
0056,元大高股息,22,2,20,合庫-彰化,2024-12-13,1028
00673R,期元大S＆P原油反1,20,0,20,合庫-彰化,2024-12-13,1028
1513,中興電,22,4,18,合庫-彰化,2024-12-13,1028
00751B,元大AAA至A公司債,18,0,18,合庫-彰化,2024-12-13,1028
1326,台化,18,0,18,合庫-彰化,2024-12-13,1028
3481,群創,18,1,17,合庫-彰化,2024-12-13,1028
00959B,大華投等美債15Y+,16,0,16,合庫-彰化,2024-12-13,1028
6116,彩晶,16,0,16,合庫-彰化,2024-12-13,1028
3231,緯創,17,2,15,合庫-彰化,2024-12-13,1028
4979,華星光,20,6,14,合庫-彰化,2024-12-13,1028
8431,匯鑽科,13,0,13,合庫-彰化,2024-12-13,1028
2351,順德,17,5,12,合庫-彰化,2024-12-13,1028
1718,中纖,12,0,12,合庫-彰化,2024-12-13,1028
2316,楠梓電,37,25,12,合庫-彰化,2024-12-13,1028
2367,燿華,13,2,11,合庫-彰化,2024-12-13,1028
4534,慶騰,11,0,11,合庫-彰化,2024-12-13,1028
00940,元大台灣價值高息,11,1,10,合庫-彰化,2024-12-13,1028
00910,第一金太空衛星,10,0,10,合庫-彰化,2024-12-13,1028
00928,中信上櫃ESG30,10,0,10,合庫-彰化,2024-12-13,1028
00664R,國泰臺灣加權反1,10,0,10,合庫-彰化,2024-12-13,1028
4576,大銀微系統,12,2,10,合庫-彰化,2024-12-13,1028
5498,凱崴,10,0,10,合庫-彰化,2024-12-13,1028
6405,悅城,13,3,10,合庫-彰化,2024-12-13,1028
6443,元晶,11,1,10,合庫-彰化,2024-12-13,1028
00918,大華優利高填息30,279,0,279,合庫-彰化,2024-12-16,1028
2838,聯邦銀,202,0,202,合庫-彰化,2024-12-16,1028
0056,元大高股息,196,0,196,合庫-彰化,2024-12-16,1028
2303,聯電,164,10,154,合庫-彰化,2024-12-16,1028
2887,台新金,112,0,112,合庫-彰化,2024-12-16,1028
1312,國喬,100,0,100,合庫-彰化,2024-12-16,1028
6156,松上,98,0,98,合庫-彰化,2024-12-16,1028
1326,台化,101,4,97,合庫-彰化,2024-12-16,1028
00680L,元大美債20正2,75,0,75,合庫-彰化,2024-12-16,1028
2646,星宇航空,72,1,71,合庫-彰化,2024-12-16,1028
00937B,群益ESG投等債20,70,5,65,合庫-彰化,2024-12-16,1028
2316,楠梓電,81,18,63,合庫-彰化,2024-12-16,1028
2812,台中銀,60,0,60,合庫-彰化,2024-12-16,1028
00919,群益台灣精選高息,66,19,47,合庫-彰化,2024-12-16,1028
00751B,元大AAA至A公司債,35,0,35,合庫-彰化,2024-12-16,1028
3231,緯創,41,11,30,合庫-彰化,2024-12-16,1028
00948B,中信優息投資級債,42,12,30,合庫-彰化,2024-12-16,1028
2801,彰銀,30,0,30,合庫-彰化,2024-12-16,1028
2609,陽明,60,30,30,合庫-彰化,2024-12-16,1028
5244,弘凱,26,0,26,合庫-彰化,2024-12-16,1028
00953B,群益優選非投等債,23,0,23,合庫-彰化,2024-12-16,1028
00915,凱基優選高股息30,22,0,22,合庫-彰化,2024-12-16,1028
9914,美利達,21,0,21,合庫-彰化,2024-12-16,1028
00679B,元大美債20年,22,2,20,合庫-彰化,2024-12-16,1028
6140,訊達,20,0,20,合庫-彰化,2024-12-16,1028
2002,中鋼,22,3,19,合庫-彰化,2024-12-16,1028
00713,元大台灣高息低波,31,14,17,合庫-彰化,2024-12-16,1028
2449,京元電子,16,0,16,合庫-彰化,2024-12-16,1028
9105,泰金寶-DR,15,2,13,合庫-彰化,2024-12-16,1028
3017,奇鋐,12,0,12,合庫-彰化,2024-12-16,1028
3324,雙鴻,11,0,11,合庫-彰化,2024-12-16,1028
6108,競國,13,2,11,合庫-彰化,2024-12-16,1028
2344,華邦電,12,1,11,合庫-彰化,2024-12-16,1028
00712,復華富時不動產,10,0,10,合庫-彰化,2024-12-16,1028
6116,彩晶,10,0,10,合庫-彰化,2024-12-16,1028
2382,廣達,13,3,10,合庫-彰化,2024-12-16,1028
00688L,國泰20年美債正2,9,0,9,合庫-彰化,2024-12-16,1028
00687B,國泰20年美債,36,27,9,合庫-彰化,2024-12-16,1028
3006,晶豪科,9,0,9,合庫-彰化,2024-12-16,1028
2351,順德,8,0,8,合庫-彰化,2024-12-16,1028
6451,訊芯-KY,9,1,8,合庫-彰化,2024-12-16,1028
2317,鴻海,25,18,7,合庫-彰化,2024-12-16,1028
1905,華紙,7,0,7,合庫-彰化,2024-12-16,1028
2014,中鴻,7,0,7,合庫-彰化,2024-12-16,1028
2543,皇昌,9,2,7,合庫-彰化,2024-12-16,1028
3552,同致,7,0,7,合庫-彰化,2024-12-16,1028
00943,兆豐電子高息等權,6,0,6,合庫-彰化,2024-12-16,1028
5871,中租-KY,9,3,6,合庫-彰化,2024-12-16,1028
1101,台泥,6,0,6,合庫-彰化,2024-12-16,1028
1605,華新,6,0,6,合庫-彰化,2024-12-16,1028
00918,大華優利高填息30,230,0,230,合庫-彰化,2024-12-17,1028
1584,精剛,201,3,198,合庫-彰化,2024-12-17,1028
2891,中信金,161,0,161,合庫-彰化,2024-12-17,1028
1303,南亞,132,31,101,合庫-彰化,2024-12-17,1028
00932,兆豐永續高息等權,100,0,100,合庫-彰化,2024-12-17,1028
1312,國喬,101,1,100,合庫-彰化,2024-12-17,1028
6156,松上,65,0,65,合庫-彰化,2024-12-17,1028
5880,合庫金,61,1,60,合庫-彰化,2024-12-17,1028
00713,元大台灣高息低波,56,0,56,合庫-彰化,2024-12-17,1028
0056,元大高股息,57,4,53,合庫-彰化,2024-12-17,1028
00953B,群益優選非投等債,50,0,50,合庫-彰化,2024-12-17,1028
2801,彰銀,39,0,39,合庫-彰化,2024-12-17,1028
2834,臺企銀,35,0,35,合庫-彰化,2024-12-17,1028
00937B,群益ESG投等債20,28,0,28,合庫-彰化,2024-12-17,1028
00679B,元大美債20年,28,0,28,合庫-彰化,2024-12-17,1028
00915,凱基優選高股息30,43,16,27,合庫-彰化,2024-12-17,1028
2331,精英,26,0,26,合庫-彰化,2024-12-17,1028
9914,美利達,25,0,25,合庫-彰化,2024-12-17,1028
2408,南亞科,36,12,24,合庫-彰化,2024-12-17,1028
3060,銘異,54,30,24,合庫-彰化,2024-12-17,1028
3481,群創,27,3,24,合庫-彰化,2024-12-17,1028
00878,國泰永續高股息,23,0,23,合庫-彰化,2024-12-17,1028
2316,楠梓電,22,0,22,合庫-彰化,2024-12-17,1028
3035,智原,24,4,20,合庫-彰化,2024-12-17,1028
6962,ITH-KY,20,0,20,合庫-彰化,2024-12-17,1028
1402,遠東新,19,0,19,合庫-彰化,2024-12-17,1028
2615,萬海,21,2,19,合庫-彰化,2024-12-17,1028
2882,國泰金,18,0,18,合庫-彰化,2024-12-17,1028
00680L,元大美債20正2,16,0,16,合庫-彰化,2024-12-17,1028
00687B,國泰20年美債,16,1,15,合庫-彰化,2024-12-17,1028
1101,台泥,15,0,15,合庫-彰化,2024-12-17,1028
2883,凱基金,17,2,15,合庫-彰化,2024-12-17,1028
3189,景碩,14,0,14,合庫-彰化,2024-12-17,1028
6505,台塑化,13,0,13,合庫-彰化,2024-12-17,1028
1301,台塑,13,0,13,合庫-彰化,2024-12-17,1028
5876,上海商銀,13,0,13,合庫-彰化,2024-12-17,1028
00959B,大華投等美債15Y+,12,0,12,合庫-彰化,2024-12-17,1028
4510,高鋒,18,6,12,合庫-彰化,2024-12-17,1028
6588,東典光電,12,0,12,合庫-彰化,2024-12-17,1028
2317,鴻海,15,3,12,合庫-彰化,2024-12-17,1028
9945,潤泰新,11,0,11,合庫-彰化,2024-12-17,1028
00753L,中信中國50正2,11,0,11,合庫-彰化,2024-12-17,1028
4938,和碩,11,0,11,合庫-彰化,2024-12-17,1028
2002,中鋼,10,0,10,合庫-彰化,2024-12-17,1028
00928,中信上櫃ESG30,10,0,10,合庫-彰化,2024-12-17,1028
6609,瀧澤科,10,0,10,合庫-彰化,2024-12-17,1028
6770,力積電,10,0,10,合庫-彰化,2024-12-17,1028
00637L,元大滬深300正2,9,0,9,合庫-彰化,2024-12-17,1028
00673R,期元大S＆P原油反1,59,50,9,合庫-彰化,2024-12-17,1028
2367,燿華,8,0,8,合庫-彰化,2024-12-17,1028
2891,中信金,163,63,100,合庫-彰化,2024-12-18,1028
6505,台塑化,100,18,82,合庫-彰化,2024-12-18,1028
2303,聯電,104,31,73,合庫-彰化,2024-12-18,1028
00680L,元大美債20正2,50,0,50,合庫-彰化,2024-12-18,1028
00918,大華優利高填息30,43,0,43,合庫-彰化,2024-12-18,1028
2603,長榮,43,11,32,合庫-彰化,2024-12-18,1028
5880,合庫金,32,2,30,合庫-彰化,2024-12-18,1028
3025,星通,30,0,30,合庫-彰化,2024-12-18,1028
3363,上詮,24,1,23,合庫-彰化,2024-12-18,1028
2312,金寶,22,0,22,合庫-彰化,2024-12-18,1028
00713,元大台灣高息低波,22,0,22,合庫-彰化,2024-12-18,1028
00712,復華富時不動產,19,0,19,合庫-彰化,2024-12-18,1028
2637,慧洋-KY,17,0,17,合庫-彰化,2024-12-18,1028
8249,菱光,20,3,17,合庫-彰化,2024-12-18,1028
00967B,元大優息美債,16,0,16,合庫-彰化,2024-12-18,1028
6156,松上,16,0,16,合庫-彰化,2024-12-18,1028
2417,圓剛,23,8,15,合庫-彰化,2024-12-18,1028
2609,陽明,19,4,15,合庫-彰化,2024-12-18,1028
1314,中石化,14,0,14,合庫-彰化,2024-12-18,1028
1815,富喬,245,231,14,合庫-彰化,2024-12-18,1028
00687B,國泰20年美債,15,2,13,合庫-彰化,2024-12-18,1028
4576,大銀微系統,14,1,13,合庫-彰化,2024-12-18,1028
4931,新盛力,18,6,12,合庫-彰化,2024-12-18,1028
3169,亞信,11,0,11,合庫-彰化,2024-12-18,1028
4540,全球傳動,25,15,10,合庫-彰化,2024-12-18,1028
00706L,期元大S＆P日圓正2,10,0,10,合庫-彰化,2024-12-18,1028
2349,錸德,11,1,10,合庫-彰化,2024-12-18,1028
2845,遠東銀,10,0,10,合庫-彰化,2024-12-18,1028
5230,雷笛克光學,10,0,10,合庫-彰化,2024-12-18,1028
5483,中美晶,10,0,10,合庫-彰化,2024-12-18,1028
6142,友勁,10,0,10,合庫-彰化,2024-12-18,1028
8042,金山電,10,0,10,合庫-彰化,2024-12-18,1028
3035,智原,11,2,9,合庫-彰化,2024-12-18,1028
0056,元大高股息,10,1,9,合庫-彰化,2024-12-18,1028
00665L,富邦�琤肭磪囓�2,8,0,8,合庫-彰化,2024-12-18,1028
2371,大同,9,1,8,合庫-彰化,2024-12-18,1028
00757,統一FANG+,7,0,7,合庫-彰化,2024-12-18,1028
006208,富邦台50,12,5,7,合庫-彰化,2024-12-18,1028
1802,台玻,7,0,7,合庫-彰化,2024-12-18,1028
2367,燿華,10,3,7,合庫-彰化,2024-12-18,1028
3017,奇鋐,7,1,6,合庫-彰化,2024-12-18,1028
3041,揚智,25,19,6,合庫-彰化,2024-12-18,1028
1326,台化,6,0,6,合庫-彰化,2024-12-18,1028
3324,雙鴻,6,0,6,合庫-彰化,2024-12-18,1028
1597,直得,17,11,6,合庫-彰化,2024-12-18,1028
2547,日勝生,6,0,6,合庫-彰化,2024-12-18,1028
3484,崧騰,6,0,6,合庫-彰化,2024-12-18,1028
8033,雷虎,6,0,6,合庫-彰化,2024-12-18,1028
2888,新光金,6,0,6,合庫-彰化,2024-12-18,1028
1313,聯成,5,0,5,合庫-彰化,2024-12-18,1028
00948B,中信優息投資級債,300,0,300,合庫-彰化,2024-12-19,1028
3481,群創,277,27,250,合庫-彰化,2024-12-19,1028
00918,大華優利高填息30,175,4,171,合庫-彰化,2024-12-19,1028
2408,南亞科,136,4,132,合庫-彰化,2024-12-19,1028
5880,合庫金,109,1,108,合庫-彰化,2024-12-19,1028
00665L,富邦�琤肭磪囓�2,250,164,86,合庫-彰化,2024-12-19,1028
1101,台泥,76,2,74,合庫-彰化,2024-12-19,1028
1815,富喬,103,37,66,合庫-彰化,2024-12-19,1028
00712,復華富時不動產,63,0,63,合庫-彰化,2024-12-19,1028
00950B,凱基A級公司債,62,0,62,合庫-彰化,2024-12-19,1028
2609,陽明,63,13,50,合庫-彰化,2024-12-19,1028
9914,美利達,50,2,48,合庫-彰化,2024-12-19,1028
00679B,元大美債20年,48,0,48,合庫-彰化,2024-12-19,1028
00951,台新日本半導體,47,0,47,合庫-彰化,2024-12-19,1028
2646,星宇航空,42,1,41,合庫-彰化,2024-12-19,1028
006208,富邦台50,35,1,34,合庫-彰化,2024-12-19,1028
00687B,國泰20年美債,33,0,33,合庫-彰化,2024-12-19,1028
0056,元大高股息,30,0,30,合庫-彰化,2024-12-19,1028
00715L,期街口布蘭特正2,30,0,30,合庫-彰化,2024-12-19,1028
00680L,元大美債20正2,67,40,27,合庫-彰化,2024-12-19,1028
2809,京城銀,27,0,27,合庫-彰化,2024-12-19,1028
6116,彩晶,25,0,25,合庫-彰化,2024-12-19,1028
2344,華邦電,25,0,25,合庫-彰化,2024-12-19,1028
00664R,國泰臺灣加權反1,24,0,24,合庫-彰化,2024-12-19,1028
2317,鴻海,36,12,24,合庫-彰化,2024-12-19,1028
2615,萬海,31,10,21,合庫-彰化,2024-12-19,1028
00959B,大華投等美債15Y+,21,0,21,合庫-彰化,2024-12-19,1028
00878,國泰永續高股息,62,41,21,合庫-彰化,2024-12-19,1028
1513,中興電,21,1,20,合庫-彰化,2024-12-19,1028
6164,華興,20,0,20,合庫-彰化,2024-12-19,1028
6188,廣明,31,12,19,合庫-彰化,2024-12-19,1028
2883,凱基金,20,3,17,合庫-彰化,2024-12-19,1028
3687,歐買尬,17,0,17,合庫-彰化,2024-12-19,1028
2748,雲品,15,0,15,合庫-彰化,2024-12-19,1028
3551,世禾,19,4,15,合庫-彰化,2024-12-19,1028
00830,國泰費城半導體,14,0,14,合庫-彰化,2024-12-19,1028
00937B,群益ESG投等債20,42,29,13,合庫-彰化,2024-12-19,1028
00953B,群益優選非投等債,13,0,13,合庫-彰化,2024-12-19,1028
2312,金寶,16,3,13,合庫-彰化,2024-12-19,1028
6156,松上,13,0,13,合庫-彰化,2024-12-19,1028
9105,泰金寶-DR,15,2,13,合庫-彰化,2024-12-19,1028
2887,台新金,12,0,12,合庫-彰化,2024-12-19,1028
1102,亞泥,12,0,12,合庫-彰化,2024-12-19,1028
2845,遠東銀,12,0,12,合庫-彰化,2024-12-19,1028
3630,新鉅科,13,1,12,合庫-彰化,2024-12-19,1028
4526,東台,12,0,12,合庫-彰化,2024-12-19,1028
2637,慧洋-KY,11,0,11,合庫-彰化,2024-12-19,1028
00713,元大台灣高息低波,11,0,11,合庫-彰化,2024-12-19,1028
2328,廣宇,14,3,11,合庫-彰化,2024-12-19,1028
3047,訊舟,11,0,11,合庫-彰化,2024-12-19,1028
