Ticker,Name,buy,sell,diff,Branch,Date,Branch_Code
00878,國泰永續高股息,161,10,151,合庫-鳳山,2023-01-03,1029
00651R,復華香港反1,95,0,95,合庫-鳳山,2023-01-03,1029
1605,華新,100,30,70,合庫-鳳山,2023-01-03,1029
8121,越峰,47,0,47,合庫-鳳山,2023-01-03,1029
00683L,期元大美元指正2,38,0,38,合庫-鳳山,2023-01-03,1029
2610,華航,93,55,38,合庫-鳳山,2023-01-03,1029
4114,健喬,28,3,25,合庫-鳳山,2023-01-03,1029
0056,元大高股息,27,4,23,合庫-鳳山,2023-01-03,1029
1795,美時,25,3,22,合庫-鳳山,2023-01-03,1029
5351,鈺創,24,3,21,合庫-鳳山,2023-01-03,1029
2206,三陽工業,20,0,20,合庫-鳳山,2023-01-03,1029
2498,宏達電,22,2,20,合庫-鳳山,2023-01-03,1029
3508,位速,20,1,19,合庫-鳳山,2023-01-03,1029
2317,鴻海,30,12,18,合庫-鳳山,2023-01-03,1029
2363,矽統,15,0,15,合庫-鳳山,2023-01-03,1029
5880,合庫金,10,0,10,合庫-鳳山,2023-01-03,1029
00893,國泰智能電動車,10,0,10,合庫-鳳山,2023-01-03,1029
1314,中石化,10,0,10,合庫-鳳山,2023-01-03,1029
2025,千興,10,0,10,合庫-鳳山,2023-01-03,1029
2613,中櫃,10,0,10,合庫-鳳山,2023-01-03,1029
3041,揚智,10,0,10,合庫-鳳山,2023-01-03,1029
8171,天宇,11,1,10,合庫-鳳山,2023-01-03,1029
2880,華南金,10,1,9,合庫-鳳山,2023-01-03,1029
5009,榮剛,15,6,9,合庫-鳳山,2023-01-03,1029
6443,元晶,16,8,8,合庫-鳳山,2023-01-03,1029
9945,潤泰新,8,1,7,合庫-鳳山,2023-01-03,1029
2603,長榮,11,4,7,合庫-鳳山,2023-01-03,1029
4927,泰鼎-KY,7,0,7,合庫-鳳山,2023-01-03,1029
00715L,期街口布蘭特正2,6,0,6,合庫-鳳山,2023-01-03,1029
3043,科風,6,0,6,合庫-鳳山,2023-01-03,1029
3704,合勤控,7,1,6,合庫-鳳山,2023-01-03,1029
4133,亞諾法,6,0,6,合庫-鳳山,2023-01-03,1029
6505,台塑化,7,1,6,合庫-鳳山,2023-01-03,1029
3682,亞太電,5,0,5,合庫-鳳山,2023-01-03,1029
4113,聯上,5,0,5,合庫-鳳山,2023-01-03,1029
6139,亞翔,5,0,5,合庫-鳳山,2023-01-03,1029
6142,友勁,5,0,5,合庫-鳳山,2023-01-03,1029
8044,網家,5,0,5,合庫-鳳山,2023-01-03,1029
1760,寶齡富錦,10,5,5,合庫-鳳山,2023-01-03,1029
9941,裕融,4,0,4,合庫-鳳山,2023-01-03,1029
6589,台康生技,4,0,4,合庫-鳳山,2023-01-03,1029
2516,新建,5,1,4,合庫-鳳山,2023-01-03,1029
3708,上緯投控,5,1,4,合庫-鳳山,2023-01-03,1029
5425,台半,5,1,4,合庫-鳳山,2023-01-03,1029
6196,帆宣,4,0,4,合庫-鳳山,2023-01-03,1029
912000,晨訊科-DR,4,0,4,合庫-鳳山,2023-01-03,1029
4904,遠傳,5,1,4,合庫-鳳山,2023-01-03,1029
1538,正峰,3,0,3,合庫-鳳山,2023-01-03,1029
020033,統一�琤肮黕篾,3,0,3,合庫-鳳山,2023-01-03,1029
00633L,富邦上証正2,3,0,3,合庫-鳳山,2023-01-03,1029
00651R,復華香港反1,103,20,83,合庫-鳳山,2023-01-04,1029
2609,陽明,43,4,39,合庫-鳳山,2023-01-04,1029
2498,宏達電,112,78,34,合庫-鳳山,2023-01-04,1029
00893,國泰智能電動車,27,0,27,合庫-鳳山,2023-01-04,1029
1101,台泥,25,0,25,合庫-鳳山,2023-01-04,1029
2637,慧洋-KY,35,10,25,合庫-鳳山,2023-01-04,1029
6578,達邦蛋白,20,0,20,合庫-鳳山,2023-01-04,1029
2317,鴻海,21,2,19,合庫-鳳山,2023-01-04,1029
00713,元大台灣高息低波,18,0,18,合庫-鳳山,2023-01-04,1029
8046,南電,17,4,13,合庫-鳳山,2023-01-04,1029
2610,華航,12,0,12,合庫-鳳山,2023-01-04,1029
2032,新鋼,12,1,11,合庫-鳳山,2023-01-04,1029
00795B,中信美國公債20年,10,0,10,合庫-鳳山,2023-01-04,1029
00680L,元大美債20正2,10,0,10,合庫-鳳山,2023-01-04,1029
2882,國泰金,12,2,10,合庫-鳳山,2023-01-04,1029
4142,國光生,10,0,10,合庫-鳳山,2023-01-04,1029
8234,新漢,10,0,10,合庫-鳳山,2023-01-04,1029
8996,高力,11,1,10,合庫-鳳山,2023-01-04,1029
00902,中信電池及儲能,8,0,8,合庫-鳳山,2023-01-04,1029
2338,光罩,11,3,8,合庫-鳳山,2023-01-04,1029
8171,天宇,24,16,8,合庫-鳳山,2023-01-04,1029
2014,中鴻,12,5,7,合庫-鳳山,2023-01-04,1029
6589,台康生技,6,0,6,合庫-鳳山,2023-01-04,1029
00671R,富邦NASDAQ反1,6,0,6,合庫-鳳山,2023-01-04,1029
1760,寶齡富錦,36,30,6,合庫-鳳山,2023-01-04,1029
2497,怡利電,7,1,6,合庫-鳳山,2023-01-04,1029
3592,瑞鼎,6,0,6,合庫-鳳山,2023-01-04,1029
5009,榮剛,14,8,6,合庫-鳳山,2023-01-04,1029
6443,元晶,6,0,6,合庫-鳳山,2023-01-04,1029
2327,國巨,6,0,6,合庫-鳳山,2023-01-04,1029
2002,中鋼,10,5,5,合庫-鳳山,2023-01-04,1029
1536,和大,5,0,5,合庫-鳳山,2023-01-04,1029
2419,仲琦,10,5,5,合庫-鳳山,2023-01-04,1029
2606,裕民,10,5,5,合庫-鳳山,2023-01-04,1029
3189,景碩,8,3,5,合庫-鳳山,2023-01-04,1029
3680,家登,5,0,5,合庫-鳳山,2023-01-04,1029
3708,上緯投控,6,1,5,合庫-鳳山,2023-01-04,1029
6104,創惟,6,1,5,合庫-鳳山,2023-01-04,1029
6235,華孚,8,3,5,合庫-鳳山,2023-01-04,1029
6441,廣錠,5,0,5,合庫-鳳山,2023-01-04,1029
00877,復華中國5G,4,0,4,合庫-鳳山,2023-01-04,1029
00772B,中信高評級公司債,5,1,4,合庫-鳳山,2023-01-04,1029
2368,金像電,5,1,4,合庫-鳳山,2023-01-04,1029
2886,兆豐金,4,0,4,合庫-鳳山,2023-01-04,1029
4162,智擎,4,0,4,合庫-鳳山,2023-01-04,1029
6129,普誠,4,0,4,合庫-鳳山,2023-01-04,1029
6456,GIS-KY,4,0,4,合庫-鳳山,2023-01-04,1029
3545,敦泰,15,11,4,合庫-鳳山,2023-01-04,1029
2615,萬海,5,2,3,合庫-鳳山,2023-01-04,1029
00648R,元大S＆P500反1,3,0,3,合庫-鳳山,2023-01-04,1029
00878,國泰永續高股息,188,9,179,合庫-鳳山,2023-01-05,1029
8358,金居,94,21,73,合庫-鳳山,2023-01-05,1029
00651R,復華香港反1,52,0,52,合庫-鳳山,2023-01-05,1029
1529,樂事綠能,36,3,33,合庫-鳳山,2023-01-05,1029
2511,太子,30,0,30,合庫-鳳山,2023-01-05,1029
1513,中興電,31,6,25,合庫-鳳山,2023-01-05,1029
2317,鴻海,24,1,23,合庫-鳳山,2023-01-05,1029
2634,漢翔,24,2,22,合庫-鳳山,2023-01-05,1029
3264,欣銓,20,2,18,合庫-鳳山,2023-01-05,1029
1718,中纖,18,0,18,合庫-鳳山,2023-01-05,1029
4162,智擎,17,1,16,合庫-鳳山,2023-01-05,1029
8996,高力,20,4,16,合庫-鳳山,2023-01-05,1029
00676R,富邦臺灣加權反1,15,0,15,合庫-鳳山,2023-01-05,1029
1760,寶齡富錦,20,5,15,合庫-鳳山,2023-01-05,1029
00715L,期街口布蘭特正2,16,2,14,合庫-鳳山,2023-01-05,1029
2497,怡利電,14,0,14,合庫-鳳山,2023-01-05,1029
2014,中鴻,13,0,13,合庫-鳳山,2023-01-05,1029
2498,宏達電,46,34,12,合庫-鳳山,2023-01-05,1029
2609,陽明,19,7,12,合庫-鳳山,2023-01-05,1029
6443,元晶,12,0,12,合庫-鳳山,2023-01-05,1029
1305,華夏,11,0,11,合庫-鳳山,2023-01-05,1029
00665L,富邦�琤肭磪囓�2,11,0,11,合庫-鳳山,2023-01-05,1029
4931,新盛力,13,2,11,合庫-鳳山,2023-01-05,1029
00650L,復華香港正2,10,0,10,合庫-鳳山,2023-01-05,1029
1519,華城,11,1,10,合庫-鳳山,2023-01-05,1029
2388,威盛,11,1,10,合庫-鳳山,2023-01-05,1029
3419,譁裕,10,0,10,合庫-鳳山,2023-01-05,1029
8028,昇陽半導體,10,0,10,合庫-鳳山,2023-01-05,1029
2929,淘帝-KY,12,3,9,合庫-鳳山,2023-01-05,1029
3704,合勤控,17,8,9,合庫-鳳山,2023-01-05,1029
8046,南電,13,5,8,合庫-鳳山,2023-01-05,1029
3711,日月光投控,10,2,8,合庫-鳳山,2023-01-05,1029
2892,第一金,8,0,8,合庫-鳳山,2023-01-05,1029
3272,東碩,9,2,7,合庫-鳳山,2023-01-05,1029
0056,元大高股息,7,0,7,合庫-鳳山,2023-01-05,1029
2610,華航,8,2,6,合庫-鳳山,2023-01-05,1029
00773B,中信優先金融債,6,0,6,合庫-鳳山,2023-01-05,1029
1608,華榮,6,0,6,合庫-鳳山,2023-01-05,1029
2615,萬海,11,5,6,合庫-鳳山,2023-01-05,1029
3006,晶豪科,6,0,6,合庫-鳳山,2023-01-05,1029
5258,虹堡,6,0,6,合庫-鳳山,2023-01-05,1029
6180,橘子,17,11,6,合庫-鳳山,2023-01-05,1029
6203,海韻電,6,0,6,合庫-鳳山,2023-01-05,1029
8050,廣積,6,0,6,合庫-鳳山,2023-01-05,1029
00706L,期元大S＆P日圓正2,5,0,5,合庫-鳳山,2023-01-05,1029
00882,中信中國高股息,5,0,5,合庫-鳳山,2023-01-05,1029
1560,中砂,5,0,5,合庫-鳳山,2023-01-05,1029
1909,榮成,6,1,5,合庫-鳳山,2023-01-05,1029
2338,光罩,7,2,5,合庫-鳳山,2023-01-05,1029
3030,德律,6,1,5,合庫-鳳山,2023-01-05,1029
00893,國泰智能電動車,98,0,98,合庫-鳳山,2023-01-06,1029
00878,國泰永續高股息,99,34,65,合庫-鳳山,2023-01-06,1029
2498,宏達電,74,18,56,合庫-鳳山,2023-01-06,1029
2641,正德,52,0,52,合庫-鳳山,2023-01-06,1029
00637L,元大滬深300正2,66,17,49,合庫-鳳山,2023-01-06,1029
00632R,元大台灣50反1,100,71,29,合庫-鳳山,2023-01-06,1029
0056,元大高股息,54,27,27,合庫-鳳山,2023-01-06,1029
1519,華城,47,20,27,合庫-鳳山,2023-01-06,1029
00641R,富邦日本反1,25,0,25,合庫-鳳山,2023-01-06,1029
00715L,期街口布蘭特正2,19,0,19,合庫-鳳山,2023-01-06,1029
1467,南緯,59,42,17,合庫-鳳山,2023-01-06,1029
4114,健喬,50,37,13,合庫-鳳山,2023-01-06,1029
2609,陽明,18,7,11,合庫-鳳山,2023-01-06,1029
4958,臻鼎-KY,11,0,11,合庫-鳳山,2023-01-06,1029
00713,元大台灣高息低波,10,0,10,合庫-鳳山,2023-01-06,1029
00770,國泰北美科技,10,0,10,合庫-鳳山,2023-01-06,1029
1524,耿鼎,10,0,10,合庫-鳳山,2023-01-06,1029
2885,元大金,10,0,10,合庫-鳳山,2023-01-06,1029
6176,瑞儀,10,0,10,合庫-鳳山,2023-01-06,1029
00662,富邦NASDAQ,8,0,8,合庫-鳳山,2023-01-06,1029
00877,復華中國5G,11,3,8,合庫-鳳山,2023-01-06,1029
4129,聯合,8,0,8,合庫-鳳山,2023-01-06,1029
00753L,中信中國50正2,7,0,7,合庫-鳳山,2023-01-06,1029
020033,統一�琤肮黕篾,6,0,6,合庫-鳳山,2023-01-06,1029
00650L,復華香港正2,6,0,6,合庫-鳳山,2023-01-06,1029
00720B,元大投資級公司債,6,0,6,合庫-鳳山,2023-01-06,1029
2888,新光金,6,0,6,合庫-鳳山,2023-01-06,1029
3037,欣興,11,5,6,合庫-鳳山,2023-01-06,1029
6180,橘子,16,10,6,合庫-鳳山,2023-01-06,1029
6245,立端,7,1,6,合庫-鳳山,2023-01-06,1029
00706L,期元大S＆P日圓正2,5,0,5,合庫-鳳山,2023-01-06,1029
2101,南港,5,0,5,合庫-鳳山,2023-01-06,1029
2368,金像電,5,0,5,合庫-鳳山,2023-01-06,1029
6239,力成,5,0,5,合庫-鳳山,2023-01-06,1029
6285,啟��,5,0,5,合庫-鳳山,2023-01-06,1029
00665L,富邦�琤肭磪囓�2,4,0,4,合庫-鳳山,2023-01-06,1029
00905,FT臺灣Smart,4,0,4,合庫-鳳山,2023-01-06,1029
2313,華通,5,1,4,合庫-鳳山,2023-01-06,1029
2465,麗臺,9,5,4,合庫-鳳山,2023-01-06,1029
2495,普安,4,0,4,合庫-鳳山,2023-01-06,1029
3059,華晶科,4,0,4,合庫-鳳山,2023-01-06,1029
3479,安勤,4,0,4,合庫-鳳山,2023-01-06,1029
3592,瑞鼎,4,0,4,合庫-鳳山,2023-01-06,1029
9924,福興,4,0,4,合庫-鳳山,2023-01-06,1029
00881,國泰台灣5G+,3,0,3,合庫-鳳山,2023-01-06,1029
00669R,國泰美國道瓊反1,3,0,3,合庫-鳳山,2023-01-06,1029
1752,南光,10,7,3,合庫-鳳山,2023-01-06,1029
2891,中信金,3,0,3,合庫-鳳山,2023-01-06,1029
3596,智易,3,0,3,合庫-鳳山,2023-01-06,1029
3712,永崴投控,3,0,3,合庫-鳳山,2023-01-06,1029
00632R,元大台灣50反1,132,0,132,合庫-鳳山,2023-01-09,1029
1605,華新,157,78,79,合庫-鳳山,2023-01-09,1029
2338,光罩,59,10,49,合庫-鳳山,2023-01-09,1029
1467,南緯,37,0,37,合庫-鳳山,2023-01-09,1029
00680L,元大美債20正2,35,0,35,合庫-鳳山,2023-01-09,1029
2609,陽明,51,16,35,合庫-鳳山,2023-01-09,1029
8121,越峰,35,0,35,合庫-鳳山,2023-01-09,1029
2641,正德,33,0,33,合庫-鳳山,2023-01-09,1029
3713,新晶投控,23,0,23,合庫-鳳山,2023-01-09,1029
5284,jpp-KY,20,0,20,合庫-鳳山,2023-01-09,1029
1584,精剛,14,1,13,合庫-鳳山,2023-01-09,1029
4927,泰鼎-KY,13,0,13,合庫-鳳山,2023-01-09,1029
2317,鴻海,17,4,13,合庫-鳳山,2023-01-09,1029
00673R,期元大S＆P原油反1,12,0,12,合庫-鳳山,2023-01-09,1029
1434,福懋,12,0,12,合庫-鳳山,2023-01-09,1029
2610,華航,15,3,12,合庫-鳳山,2023-01-09,1029
6147,頎邦,12,0,12,合庫-鳳山,2023-01-09,1029
6223,旺矽,12,1,11,合庫-鳳山,2023-01-09,1029
0056,元大高股息,18,8,10,合庫-鳳山,2023-01-09,1029
3141,晶宏,16,6,10,合庫-鳳山,2023-01-09,1029
3622,洋華,10,0,10,合庫-鳳山,2023-01-09,1029
3708,上緯投控,10,0,10,合庫-鳳山,2023-01-09,1029
9958,世紀鋼,10,0,10,合庫-鳳山,2023-01-09,1029
00893,國泰智能電動車,11,2,9,合庫-鳳山,2023-01-09,1029
2637,慧洋-KY,15,6,9,合庫-鳳山,2023-01-09,1029
5508,永信建,9,0,9,合庫-鳳山,2023-01-09,1029
6592,和潤企業,9,0,9,合庫-鳳山,2023-01-09,1029
3162,精確,8,0,8,合庫-鳳山,2023-01-09,1029
1752,南光,10,2,8,合庫-鳳山,2023-01-09,1029
6104,創惟,9,1,8,合庫-鳳山,2023-01-09,1029
1609,大亞,7,0,7,合庫-鳳山,2023-01-09,1029
6129,普誠,24,17,7,合庫-鳳山,2023-01-09,1029
2328,廣宇,6,0,6,合庫-鳳山,2023-01-09,1029
6547,高端疫苗,11,5,6,合庫-鳳山,2023-01-09,1029
00676R,富邦臺灣加權反1,5,0,5,合庫-鳳山,2023-01-09,1029
1536,和大,5,0,5,合庫-鳳山,2023-01-09,1029
2069,運錩,5,0,5,合庫-鳳山,2023-01-09,1029
2485,兆赫,5,0,5,合庫-鳳山,2023-01-09,1029
3264,欣銓,5,0,5,合庫-鳳山,2023-01-09,1029
3596,智易,6,1,5,合庫-鳳山,2023-01-09,1029
4163,鐿鈦,5,0,5,合庫-鳳山,2023-01-09,1029
6477,安集,7,2,5,合庫-鳳山,2023-01-09,1029
00631L,元大台灣50正2,4,0,4,合庫-鳳山,2023-01-09,1029
00773B,中信優先金融債,4,0,4,合庫-鳳山,2023-01-09,1029
1314,中石化,4,0,4,合庫-鳳山,2023-01-09,1029
1701,中化,4,0,4,合庫-鳳山,2023-01-09,1029
5227,立凱-KY,4,0,4,合庫-鳳山,2023-01-09,1029
5351,鈺創,4,0,4,合庫-鳳山,2023-01-09,1029
9938,百和,4,0,4,合庫-鳳山,2023-01-09,1029
00713,元大台灣高息低波,3,0,3,合庫-鳳山,2023-01-09,1029
1605,華新,138,26,112,合庫-鳳山,2023-01-10,1029
8358,金居,111,17,94,合庫-鳳山,2023-01-10,1029
8289,泰藝,50,0,50,合庫-鳳山,2023-01-10,1029
4114,健喬,34,7,27,合庫-鳳山,2023-01-10,1029
1417,嘉裕,22,0,22,合庫-鳳山,2023-01-10,1029
00881,國泰台灣5G+,20,0,20,合庫-鳳山,2023-01-10,1029
6223,旺矽,20,4,16,合庫-鳳山,2023-01-10,1029
2834,臺企銀,31,16,15,合庫-鳳山,2023-01-10,1029
00878,國泰永續高股息,16,4,12,合庫-鳳山,2023-01-10,1029
3515,華擎,22,10,12,合庫-鳳山,2023-01-10,1029
6153,嘉聯益,12,0,12,合庫-鳳山,2023-01-10,1029
00715L,期街口布蘭特正2,11,0,11,合庫-鳳山,2023-01-10,1029
5706,鳳凰,11,0,11,合庫-鳳山,2023-01-10,1029
2009,第一銅,10,0,10,合庫-鳳山,2023-01-10,1029
1519,華城,11,1,10,合庫-鳳山,2023-01-10,1029
4167,松瑞藥,15,5,10,合庫-鳳山,2023-01-10,1029
1101,台泥,11,3,8,合庫-鳳山,2023-01-10,1029
00650L,復華香港正2,8,0,8,合庫-鳳山,2023-01-10,1029
2233,宇隆,8,0,8,合庫-鳳山,2023-01-10,1029
9929,秋雨,9,1,8,合庫-鳳山,2023-01-10,1029
3714,富采,11,4,7,合庫-鳳山,2023-01-10,1029
2002,中鋼,8,2,6,合庫-鳳山,2023-01-10,1029
00770,國泰北美科技,6,0,6,合庫-鳳山,2023-01-10,1029
3027,盛達,8,2,6,合庫-鳳山,2023-01-10,1029
1560,中砂,11,5,6,合庫-鳳山,2023-01-10,1029
2603,長榮,10,4,6,合庫-鳳山,2023-01-10,1029
2615,萬海,7,2,5,合庫-鳳山,2023-01-10,1029
1810,和成,15,10,5,合庫-鳳山,2023-01-10,1029
2916,滿心,8,3,5,合庫-鳳山,2023-01-10,1029
4104,佳醫,5,0,5,合庫-鳳山,2023-01-10,1029
6213,聯茂,5,0,5,合庫-鳳山,2023-01-10,1029
8996,高力,8,3,5,合庫-鳳山,2023-01-10,1029
2421,建準,4,0,4,合庫-鳳山,2023-01-10,1029
8046,南電,6,2,4,合庫-鳳山,2023-01-10,1029
00753L,中信中國50正2,4,0,4,合庫-鳳山,2023-01-10,1029
1231,聯華食,5,1,4,合庫-鳳山,2023-01-10,1029
2344,華邦電,4,0,4,合庫-鳳山,2023-01-10,1029
2743,山富,4,0,4,合庫-鳳山,2023-01-10,1029
6274,台燿,5,1,4,合庫-鳳山,2023-01-10,1029
6456,GIS-KY,4,0,4,合庫-鳳山,2023-01-10,1029
6550,北極星藥業-KY,4,0,4,合庫-鳳山,2023-01-10,1029
6589,台康生技,4,0,4,合庫-鳳山,2023-01-10,1029
2884,玉山金,3,0,3,合庫-鳳山,2023-01-10,1029
1736,喬山,3,0,3,合庫-鳳山,2023-01-10,1029
020033,統一�琤肮黕篾,3,0,3,合庫-鳳山,2023-01-10,1029
00877,復華中國5G,5,2,3,合庫-鳳山,2023-01-10,1029
2022,聚亨,3,0,3,合庫-鳳山,2023-01-10,1029
2023,燁輝,3,0,3,合庫-鳳山,2023-01-10,1029
2323,中環,3,0,3,合庫-鳳山,2023-01-10,1029
2328,廣宇,3,0,3,合庫-鳳山,2023-01-10,1029
4979,華星光,88,18,70,合庫-鳳山,2023-01-11,1029
8358,金居,51,0,51,合庫-鳳山,2023-01-11,1029
3515,華擎,42,2,40,合庫-鳳山,2023-01-11,1029
3557,嘉威,37,0,37,合庫-鳳山,2023-01-11,1029
00665L,富邦�琤肭磪囓�2,36,0,36,合庫-鳳山,2023-01-11,1029
2888,新光金,37,10,27,合庫-鳳山,2023-01-11,1029
2313,華通,24,0,24,合庫-鳳山,2023-01-11,1029
6625,必應,19,0,19,合庫-鳳山,2023-01-11,1029
1608,華榮,15,0,15,合庫-鳳山,2023-01-11,1029
8028,昇陽半導體,15,0,15,合庫-鳳山,2023-01-11,1029
2338,光罩,23,9,14,合庫-鳳山,2023-01-11,1029
2495,普安,13,0,13,合庫-鳳山,2023-01-11,1029
3523,迎輝,13,0,13,合庫-鳳山,2023-01-11,1029
4746,台耀,28,15,13,合庫-鳳山,2023-01-11,1029
2607,榮運,11,0,11,合庫-鳳山,2023-01-11,1029
2883,凱基金,10,0,10,合庫-鳳山,2023-01-11,1029
00905,FT臺灣Smart,10,0,10,合庫-鳳山,2023-01-11,1029
6188,廣明,10,0,10,合庫-鳳山,2023-01-11,1029
8050,廣積,10,0,10,合庫-鳳山,2023-01-11,1029
8289,泰藝,9,0,9,合庫-鳳山,2023-01-11,1029
00878,國泰永續高股息,13,5,8,合庫-鳳山,2023-01-11,1029
6664,群翊,8,0,8,合庫-鳳山,2023-01-11,1029
3045,台灣大,7,0,7,合庫-鳳山,2023-01-11,1029
4931,新盛力,8,1,7,合庫-鳳山,2023-01-11,1029
1440,南紡,6,0,6,合庫-鳳山,2023-01-11,1029
1522,堤維西,6,0,6,合庫-鳳山,2023-01-11,1029
1809,中釉,12,6,6,合庫-鳳山,2023-01-11,1029
2516,新建,6,0,6,合庫-鳳山,2023-01-11,1029
3481,群創,10,4,6,合庫-鳳山,2023-01-11,1029
3682,亞太電,6,0,6,合庫-鳳山,2023-01-11,1029
9933,中鼎,6,0,6,合庫-鳳山,2023-01-11,1029
2882,國泰金,16,11,5,合庫-鳳山,2023-01-11,1029
00712,復華富時不動產,5,0,5,合庫-鳳山,2023-01-11,1029
00680L,元大美債20正2,5,0,5,合庫-鳳山,2023-01-11,1029
00679B,元大美債20年,5,0,5,合庫-鳳山,2023-01-11,1029
1752,南光,15,10,5,合庫-鳳山,2023-01-11,1029
2368,金像電,8,3,5,合庫-鳳山,2023-01-11,1029
2601,益航,5,0,5,合庫-鳳山,2023-01-11,1029
3141,晶宏,5,0,5,合庫-鳳山,2023-01-11,1029
3479,安勤,7,2,5,合庫-鳳山,2023-01-11,1029
6592,和潤企業,5,0,5,合庫-鳳山,2023-01-11,1029
6712,長聖,5,0,5,合庫-鳳山,2023-01-11,1029
8121,越峰,5,0,5,合庫-鳳山,2023-01-11,1029
2834,臺企銀,11,7,4,合庫-鳳山,2023-01-11,1029
4417,金洲,4,0,4,合庫-鳳山,2023-01-11,1029
2324,仁寶,6,2,4,合庫-鳳山,2023-01-11,1029
3498,陽程,4,0,4,合庫-鳳山,2023-01-11,1029
3693,營邦,5,1,4,合庫-鳳山,2023-01-11,1029
5328,華容,4,0,4,合庫-鳳山,2023-01-11,1029
5701,劍湖山,5,1,4,合庫-鳳山,2023-01-11,1029
00673R,期元大S＆P原油反1,107,18,89,合庫-鳳山,2023-01-12,1029
2633,台灣高鐵,76,0,76,合庫-鳳山,2023-01-12,1029
00878,國泰永續高股息,72,11,61,合庫-鳳山,2023-01-12,1029
00670L,富邦NASDAQ正2,61,4,57,合庫-鳳山,2023-01-12,1029
00724B,群益投資級金融債,33,0,33,合庫-鳳山,2023-01-12,1029
00882,中信中國高股息,50,21,29,合庫-鳳山,2023-01-12,1029
1795,美時,54,25,29,合庫-鳳山,2023-01-12,1029
8996,高力,41,12,29,合庫-鳳山,2023-01-12,1029
2637,慧洋-KY,28,6,22,合庫-鳳山,2023-01-12,1029
1605,華新,34,13,21,合庫-鳳山,2023-01-12,1029
2609,陽明,23,7,16,合庫-鳳山,2023-01-12,1029
00770,國泰北美科技,15,0,15,合庫-鳳山,2023-01-12,1029
8069,元太,28,15,13,合庫-鳳山,2023-01-12,1029
020033,統一�琤肮黕篾,12,0,12,合庫-鳳山,2023-01-12,1029
00753L,中信中國50正2,16,4,12,合庫-鳳山,2023-01-12,1029
2014,中鴻,36,24,12,合庫-鳳山,2023-01-12,1029
3041,揚智,12,0,12,合庫-鳳山,2023-01-12,1029
1308,亞聚,10,0,10,合庫-鳳山,2023-01-12,1029
1809,中釉,10,0,10,合庫-鳳山,2023-01-12,1029
2612,中航,10,0,10,合庫-鳳山,2023-01-12,1029
3037,欣興,17,7,10,合庫-鳳山,2023-01-12,1029
3704,合勤控,11,1,10,合庫-鳳山,2023-01-12,1029
5258,虹堡,12,2,10,合庫-鳳山,2023-01-12,1029
2317,鴻海,11,2,9,合庫-鳳山,2023-01-12,1029
3711,日月光投控,10,1,9,合庫-鳳山,2023-01-12,1029
8358,金居,20,11,9,合庫-鳳山,2023-01-12,1029
00650L,復華香港正2,12,4,8,合庫-鳳山,2023-01-12,1029
2358,廷鑫,48,41,7,合庫-鳳山,2023-01-12,1029
4943,康控-KY,7,0,7,合庫-鳳山,2023-01-12,1029
8046,南電,7,0,7,合庫-鳳山,2023-01-12,1029
00665L,富邦�琤肭磪囓�2,28,22,6,合庫-鳳山,2023-01-12,1029
00664R,國泰臺灣加權反1,6,0,6,合庫-鳳山,2023-01-12,1029
2368,金像電,7,1,6,合庫-鳳山,2023-01-12,1029
2618,長榮航,12,6,6,合庫-鳳山,2023-01-12,1029
00773B,中信優先金融債,5,0,5,合庫-鳳山,2023-01-12,1029
00751B,元大AAA至A公司債,5,0,5,合庫-鳳山,2023-01-12,1029
00715L,期街口布蘭特正2,15,10,5,合庫-鳳山,2023-01-12,1029
1701,中化,8,3,5,合庫-鳳山,2023-01-12,1029
2206,三陽工業,5,0,5,合庫-鳳山,2023-01-12,1029
3176,基亞,5,0,5,合庫-鳳山,2023-01-12,1029
3454,晶睿,6,1,5,合庫-鳳山,2023-01-12,1029
6223,旺矽,6,1,5,合庫-鳳山,2023-01-12,1029
8050,廣積,6,1,5,合庫-鳳山,2023-01-12,1029
5880,合庫金,4,0,4,合庫-鳳山,2023-01-12,1029
2498,宏達電,18,14,4,合庫-鳳山,2023-01-12,1029
2884,玉山金,5,1,4,合庫-鳳山,2023-01-12,1029
6719,力智,4,0,4,合庫-鳳山,2023-01-12,1029
2385,群光,6,2,4,合庫-鳳山,2023-01-12,1029
2404,漢唐,4,0,4,合庫-鳳山,2023-01-12,1029
2607,榮運,4,0,4,合庫-鳳山,2023-01-12,1029
00673R,期元大S＆P原油反1,118,0,118,合庫-鳳山,2023-01-13,1029
00637L,元大滬深300正2,121,7,114,合庫-鳳山,2023-01-13,1029
00669R,國泰美國道瓊反1,100,0,100,合庫-鳳山,2023-01-13,1029
2498,宏達電,106,16,90,合庫-鳳山,2023-01-13,1029
3041,揚智,45,0,45,合庫-鳳山,2023-01-13,1029
1101,台泥,65,32,33,合庫-鳳山,2023-01-13,1029
3508,位速,21,0,21,合庫-鳳山,2023-01-13,1029
00881,國泰台灣5G+,20,0,20,合庫-鳳山,2023-01-13,1029
2069,運錩,20,0,20,合庫-鳳山,2023-01-13,1029
1612,宏泰,23,5,18,合庫-鳳山,2023-01-13,1029
2609,陽明,17,3,14,合庫-鳳山,2023-01-13,1029
3704,合勤控,14,0,14,合庫-鳳山,2023-01-13,1029
5263,智崴,14,0,14,合庫-鳳山,2023-01-13,1029
2313,華通,47,33,14,合庫-鳳山,2023-01-13,1029
00679B,元大美債20年,12,0,12,合庫-鳳山,2023-01-13,1029
8046,南電,24,12,12,合庫-鳳山,2023-01-13,1029
5880,合庫金,11,0,11,合庫-鳳山,2023-01-13,1029
3499,環天科,10,0,10,合庫-鳳山,2023-01-13,1029
4167,松瑞藥,20,10,10,合庫-鳳山,2023-01-13,1029
5608,四維航,15,5,10,合庫-鳳山,2023-01-13,1029
8027,鈦昇,10,0,10,合庫-鳳山,2023-01-13,1029
8421,旭源,10,0,10,合庫-鳳山,2023-01-13,1029
1708,東鹼,8,0,8,合庫-鳳山,2023-01-13,1029
4746,台耀,9,1,8,合庫-鳳山,2023-01-13,1029
8210,勤誠,8,0,8,合庫-鳳山,2023-01-13,1029
3481,群創,7,0,7,合庫-鳳山,2023-01-13,1029
3045,台灣大,7,0,7,合庫-鳳山,2023-01-13,1029
3576,聯合再生,7,0,7,合庫-鳳山,2023-01-13,1029
3682,亞太電,7,0,7,合庫-鳳山,2023-01-13,1029
8044,網家,7,0,7,合庫-鳳山,2023-01-13,1029
00921,兆豐龍頭等權重,6,0,6,合庫-鳳山,2023-01-13,1029
00888,永豐台灣ESG,7,1,6,合庫-鳳山,2023-01-13,1029
00885,富邦越南,6,0,6,合庫-鳳山,2023-01-13,1029
1530,亞崴,6,0,6,合庫-鳳山,2023-01-13,1029
2457,飛宏,6,0,6,合庫-鳳山,2023-01-13,1029
2707,晶華,6,0,6,合庫-鳳山,2023-01-13,1029
2812,台中銀,6,0,6,合庫-鳳山,2023-01-13,1029
8171,天宇,8,2,6,合庫-鳳山,2023-01-13,1029
2303,聯電,26,21,5,合庫-鳳山,2023-01-13,1029
00725B,國泰投資級公司債,5,0,5,合庫-鳳山,2023-01-13,1029
00720B,元大投資級公司債,5,0,5,合庫-鳳山,2023-01-13,1029
1608,華榮,5,0,5,合庫-鳳山,2023-01-13,1029
2023,燁輝,5,0,5,合庫-鳳山,2023-01-13,1029
4114,健喬,5,0,5,合庫-鳳山,2023-01-13,1029
4961,天鈺,6,1,5,合庫-鳳山,2023-01-13,1029
5425,台半,6,1,5,合庫-鳳山,2023-01-13,1029
6689,伊雲谷,6,1,5,合庫-鳳山,2023-01-13,1029
8121,越峰,5,0,5,合庫-鳳山,2023-01-13,1029
00878,國泰永續高股息,12,8,4,合庫-鳳山,2023-01-13,1029
1795,美時,4,0,4,合庫-鳳山,2023-01-13,1029
00632R,元大台灣50反1,1001,0,1001,合庫-鳳山,2023-01-16,1029
2881,富邦金,201,0,201,合庫-鳳山,2023-01-16,1029
00673R,期元大S＆P原油反1,151,0,151,合庫-鳳山,2023-01-16,1029
2303,聯電,113,11,102,合庫-鳳山,2023-01-16,1029
00878,國泰永續高股息,115,30,85,合庫-鳳山,2023-01-16,1029
4961,天鈺,43,2,41,合庫-鳳山,2023-01-16,1029
2812,台中銀,40,0,40,合庫-鳳山,2023-01-16,1029
2498,宏達電,40,6,34,合庫-鳳山,2023-01-16,1029
2603,長榮,34,3,31,合庫-鳳山,2023-01-16,1029
00882,中信中國高股息,31,0,31,合庫-鳳山,2023-01-16,1029
2609,陽明,40,18,22,合庫-鳳山,2023-01-16,1029
1530,亞崴,17,0,17,合庫-鳳山,2023-01-16,1029
00650L,復華香港正2,13,0,13,合庫-鳳山,2023-01-16,1029
00679B,元大美債20年,16,3,13,合庫-鳳山,2023-01-16,1029
1308,亞聚,14,1,13,合庫-鳳山,2023-01-16,1029
1605,華新,34,22,12,合庫-鳳山,2023-01-16,1029
2002,中鋼,11,0,11,合庫-鳳山,2023-01-16,1029
00903,富邦元宇宙,11,0,11,合庫-鳳山,2023-01-16,1029
2383,台光電,11,0,11,合庫-鳳山,2023-01-16,1029
6443,元晶,11,0,11,合庫-鳳山,2023-01-16,1029
1608,華榮,10,0,10,合庫-鳳山,2023-01-16,1029
1612,宏泰,12,2,10,合庫-鳳山,2023-01-16,1029
3284,太普高,10,0,10,合庫-鳳山,2023-01-16,1029
3576,聯合再生,10,0,10,合庫-鳳山,2023-01-16,1029
4114,健喬,10,0,10,合庫-鳳山,2023-01-16,1029
6213,聯茂,10,0,10,合庫-鳳山,2023-01-16,1029
911868,同方友友-DR,10,0,10,合庫-鳳山,2023-01-16,1029
6188,廣明,10,1,9,合庫-鳳山,2023-01-16,1029
00720B,元大投資級公司債,8,0,8,合庫-鳳山,2023-01-16,1029
00910,第一金太空衛星,8,0,8,合庫-鳳山,2023-01-16,1029
2516,新建,8,0,8,合庫-鳳山,2023-01-16,1029
2338,光罩,19,12,7,合庫-鳳山,2023-01-16,1029
2014,中鴻,8,1,7,合庫-鳳山,2023-01-16,1029
2380,虹光,6,0,6,合庫-鳳山,2023-01-16,1029
4743,合一,7,1,6,合庫-鳳山,2023-01-16,1029
8033,雷虎,6,0,6,合庫-鳳山,2023-01-16,1029
2349,錸德,5,0,5,合庫-鳳山,2023-01-16,1029
2449,京元電子,5,0,5,合庫-鳳山,2023-01-16,1029
2461,光群雷,5,0,5,合庫-鳳山,2023-01-16,1029
2607,榮運,5,0,5,合庫-鳳山,2023-01-16,1029
3704,合勤控,5,0,5,合庫-鳳山,2023-01-16,1029
8121,越峰,5,0,5,合庫-鳳山,2023-01-16,1029
1101,台泥,12,7,5,合庫-鳳山,2023-01-16,1029
2615,萬海,16,11,5,合庫-鳳山,2023-01-16,1029
00713,元大台灣高息低波,4,0,4,合庫-鳳山,2023-01-16,1029
00907,永豐優息存股,5,1,4,合庫-鳳山,2023-01-16,1029
1718,中纖,4,0,4,合庫-鳳山,2023-01-16,1029
2851,中再保,4,0,4,合庫-鳳山,2023-01-16,1029
3141,晶宏,4,0,4,合庫-鳳山,2023-01-16,1029
3205,佰研,5,1,4,合庫-鳳山,2023-01-16,1029
00632R,元大台灣50反1,1028,0,1028,合庫-鳳山,2023-01-17,1029
00637L,元大滬深300正2,729,42,687,合庫-鳳山,2023-01-17,1029
6244,茂迪,35,0,35,合庫-鳳山,2023-01-17,1029
2609,陽明,41,8,33,合庫-鳳山,2023-01-17,1029
2851,中再保,18,1,17,合庫-鳳山,2023-01-17,1029
3041,揚智,15,0,15,合庫-鳳山,2023-01-17,1029
00888,永豐台灣ESG,16,2,14,合庫-鳳山,2023-01-17,1029
6609,瀧澤科,17,3,14,合庫-鳳山,2023-01-17,1029
00905,FT臺灣Smart,13,0,13,合庫-鳳山,2023-01-17,1029
5263,智崴,13,0,13,合庫-鳳山,2023-01-17,1029
2607,榮運,11,0,11,合庫-鳳山,2023-01-17,1029
6547,高端疫苗,11,0,11,合庫-鳳山,2023-01-17,1029
2317,鴻海,11,0,11,合庫-鳳山,2023-01-17,1029
2884,玉山金,10,0,10,合庫-鳳山,2023-01-17,1029
00679B,元大美債20年,10,0,10,合庫-鳳山,2023-01-17,1029
8121,越峰,10,0,10,合庫-鳳山,2023-01-17,1029
9105,泰金寶-DR,10,0,10,合庫-鳳山,2023-01-17,1029
9955,佳龍,11,1,10,合庫-鳳山,2023-01-17,1029
6788,華景電,10,1,9,合庫-鳳山,2023-01-17,1029
3289,宜特,7,0,7,合庫-鳳山,2023-01-17,1029
00673R,期元大S＆P原油反1,6,0,6,合庫-鳳山,2023-01-17,1029
00643,群益深証中小,6,0,6,合庫-鳳山,2023-01-17,1029
2371,大同,7,1,6,合庫-鳳山,2023-01-17,1029
2409,友達,6,0,6,合庫-鳳山,2023-01-17,1029
2449,京元電子,6,0,6,合庫-鳳山,2023-01-17,1029
2601,益航,6,0,6,合庫-鳳山,2023-01-17,1029
9927,泰銘,6,0,6,合庫-鳳山,2023-01-17,1029
00712,復華富時不動產,5,0,5,合庫-鳳山,2023-01-17,1029
00918,大華優利高填息30,5,0,5,合庫-鳳山,2023-01-17,1029
00674R,期元大S＆P黃金反1,5,0,5,合庫-鳳山,2023-01-17,1029
00720B,元大投資級公司債,5,0,5,合庫-鳳山,2023-01-17,1029
00773B,中信優先金融債,5,0,5,合庫-鳳山,2023-01-17,1029
1795,美時,9,4,5,合庫-鳳山,2023-01-17,1029
2374,佳能,5,0,5,合庫-鳳山,2023-01-17,1029
2613,中櫃,5,0,5,合庫-鳳山,2023-01-17,1029
2617,台航,6,1,5,合庫-鳳山,2023-01-17,1029
2834,臺企銀,5,0,5,合庫-鳳山,2023-01-17,1029
3141,晶宏,6,1,5,合庫-鳳山,2023-01-17,1029
8027,鈦昇,5,0,5,合庫-鳳山,2023-01-17,1029
8033,雷虎,5,0,5,合庫-鳳山,2023-01-17,1029
1314,中石化,4,0,4,合庫-鳳山,2023-01-17,1029
6451,訊芯-KY,4,0,4,合庫-鳳山,2023-01-17,1029
00878,國泰永續高股息,17,13,4,合庫-鳳山,2023-01-17,1029
1101,台泥,4,1,3,合庫-鳳山,2023-01-17,1029
00633L,富邦上証正2,3,0,3,合庫-鳳山,2023-01-17,1029
1229,聯華,3,0,3,合庫-鳳山,2023-01-17,1029
1308,亞聚,3,0,3,合庫-鳳山,2023-01-17,1029
1530,亞崴,3,0,3,合庫-鳳山,2023-01-17,1029
2022,聚亨,3,0,3,合庫-鳳山,2023-01-17,1029
3443,創意,5,2,3,合庫-鳳山,2023-01-17,1029
00670L,富邦NASDAQ正2,61,5,56,合庫-鳳山,2023-01-30,1029
5608,四維航,43,0,43,合庫-鳳山,2023-01-30,1029
6609,瀧澤科,44,8,36,合庫-鳳山,2023-01-30,1029
00680L,元大美債20正2,35,0,35,合庫-鳳山,2023-01-30,1029
2609,陽明,42,11,31,合庫-鳳山,2023-01-30,1029
2641,正德,30,0,30,合庫-鳳山,2023-01-30,1029
1909,榮成,40,11,29,合庫-鳳山,2023-01-30,1029
2834,臺企銀,27,1,26,合庫-鳳山,2023-01-30,1029
2317,鴻海,31,7,24,合庫-鳳山,2023-01-30,1029
00795B,中信美國公債20年,20,0,20,合庫-鳳山,2023-01-30,1029
2634,漢翔,20,0,20,合庫-鳳山,2023-01-30,1029
2637,慧洋-KY,25,5,20,合庫-鳳山,2023-01-30,1029
5263,智崴,16,0,16,合庫-鳳山,2023-01-30,1029
2104,國際中橡,16,0,16,合庫-鳳山,2023-01-30,1029
1219,福壽,22,7,15,合庫-鳳山,2023-01-30,1029
9939,宏全,16,3,13,合庫-鳳山,2023-01-30,1029
00679B,元大美債20年,13,0,13,合庫-鳳山,2023-01-30,1029
2449,京元電子,16,3,13,合庫-鳳山,2023-01-30,1029
6196,帆宣,14,1,13,合庫-鳳山,2023-01-30,1029
8996,高力,17,6,11,合庫-鳳山,2023-01-30,1029
3592,瑞鼎,10,0,10,合庫-鳳山,2023-01-30,1029
00648R,元大S＆P500反1,10,0,10,合庫-鳳山,2023-01-30,1029
00916,國泰全球品牌50,10,0,10,合庫-鳳山,2023-01-30,1029
2376,技嘉,16,6,10,合庫-鳳山,2023-01-30,1029
6209,今國光,10,0,10,合庫-鳳山,2023-01-30,1029
4174,浩鼎,10,1,9,合庫-鳳山,2023-01-30,1029
00713,元大台灣高息低波,9,0,9,合庫-鳳山,2023-01-30,1029
8033,雷虎,25,16,9,合庫-鳳山,2023-01-30,1029
2006,東和鋼鐵,10,2,8,合庫-鳳山,2023-01-30,1029
2027,大成鋼,11,3,8,合庫-鳳山,2023-01-30,1029
8121,越峰,8,0,8,合庫-鳳山,2023-01-30,1029
9929,秋雨,8,0,8,合庫-鳳山,2023-01-30,1029
1612,宏泰,35,28,7,合庫-鳳山,2023-01-30,1029
00720B,元大投資級公司債,6,0,6,合庫-鳳山,2023-01-30,1029
00885,富邦越南,46,40,6,合庫-鳳山,2023-01-30,1029
2892,第一金,10,4,6,合庫-鳳山,2023-01-30,1029
00751B,元大AAA至A公司債,5,0,5,合庫-鳳山,2023-01-30,1029
00773B,中信優先金融債,5,0,5,合庫-鳳山,2023-01-30,1029
1519,華城,13,8,5,合庫-鳳山,2023-01-30,1029
1734,杏輝,5,0,5,合庫-鳳山,2023-01-30,1029
5701,劍湖山,5,0,5,合庫-鳳山,2023-01-30,1029
6182,合晶,5,0,5,合庫-鳳山,2023-01-30,1029
2352,佳世達,5,0,5,合庫-鳳山,2023-01-30,1029
8069,元太,7,3,4,合庫-鳳山,2023-01-30,1029
1584,精剛,4,0,4,合庫-鳳山,2023-01-30,1029
2368,金像電,4,0,4,合庫-鳳山,2023-01-30,1029
2612,中航,4,0,4,合庫-鳳山,2023-01-30,1029
3479,安勤,4,0,4,合庫-鳳山,2023-01-30,1029
4927,泰鼎-KY,5,1,4,合庫-鳳山,2023-01-30,1029
6470,宇智,4,0,4,合庫-鳳山,2023-01-30,1029
00893,國泰智能電動車,116,27,89,合庫-鳳山,2023-01-31,1029
00878,國泰永續高股息,81,3,78,合庫-鳳山,2023-01-31,1029
00905,FT臺灣Smart,70,0,70,合庫-鳳山,2023-01-31,1029
00665L,富邦�琤肭磪囓�2,60,0,60,合庫-鳳山,2023-01-31,1029
4961,天鈺,47,1,46,合庫-鳳山,2023-01-31,1029
3162,精確,35,0,35,合庫-鳳山,2023-01-31,1029
00882,中信中國高股息,34,0,34,合庫-鳳山,2023-01-31,1029
5880,合庫金,33,0,33,合庫-鳳山,2023-01-31,1029
2449,京元電子,32,1,31,合庫-鳳山,2023-01-31,1029
2888,新光金,28,0,28,合庫-鳳山,2023-01-31,1029
1513,中興電,51,25,26,合庫-鳳山,2023-01-31,1029
00900,富邦特選高股息30,27,1,26,合庫-鳳山,2023-01-31,1029
2892,第一金,25,0,25,合庫-鳳山,2023-01-31,1029
3141,晶宏,25,3,22,合庫-鳳山,2023-01-31,1029
00679B,元大美債20年,22,0,22,合庫-鳳山,2023-01-31,1029
00676R,富邦臺灣加權反1,20,0,20,合庫-鳳山,2023-01-31,1029
2883,凱基金,22,3,19,合庫-鳳山,2023-01-31,1029
1605,華新,64,45,19,合庫-鳳山,2023-01-31,1029
4979,華星光,31,13,18,合庫-鳳山,2023-01-31,1029
6116,彩晶,17,0,17,合庫-鳳山,2023-01-31,1029
00664R,國泰臺灣加權反1,15,0,15,合庫-鳳山,2023-01-31,1029
8038,長園科,15,0,15,合庫-鳳山,2023-01-31,1029
9958,世紀鋼,31,16,15,合庫-鳳山,2023-01-31,1029
1101,台泥,19,5,14,合庫-鳳山,2023-01-31,1029
2641,正德,13,0,13,合庫-鳳山,2023-01-31,1029
1795,美時,12,0,12,合庫-鳳山,2023-01-31,1029
00715L,期街口布蘭特正2,11,0,11,合庫-鳳山,2023-01-31,1029
1721,三晃,10,0,10,合庫-鳳山,2023-01-31,1029
2331,精英,10,0,10,合庫-鳳山,2023-01-31,1029
2637,慧洋-KY,10,0,10,合庫-鳳山,2023-01-31,1029
2812,台中銀,10,0,10,合庫-鳳山,2023-01-31,1029
2929,淘帝-KY,10,0,10,合庫-鳳山,2023-01-31,1029
3149,正達,10,0,10,合庫-鳳山,2023-01-31,1029
3454,晶睿,10,0,10,合庫-鳳山,2023-01-31,1029
6284,佳邦,11,1,10,合庫-鳳山,2023-01-31,1029
2330,台積電,25,15,10,合庫-鳳山,2023-01-31,1029
2885,元大金,10,0,10,合庫-鳳山,2023-01-31,1029
00632R,元大台灣50反1,9,0,9,合庫-鳳山,2023-01-31,1029
00895,富邦未來車,10,1,9,合庫-鳳山,2023-01-31,1029
2324,仁寶,10,1,9,合庫-鳳山,2023-01-31,1029
2880,華南金,9,0,9,合庫-鳳山,2023-01-31,1029
1314,中石化,13,5,8,合庫-鳳山,2023-01-31,1029
3027,盛達,8,0,8,合庫-鳳山,2023-01-31,1029
9939,宏全,8,0,8,合庫-鳳山,2023-01-31,1029
3515,華擎,8,1,7,合庫-鳳山,2023-01-31,1029
3680,家登,7,0,7,合庫-鳳山,2023-01-31,1029
2002,中鋼,11,5,6,合庫-鳳山,2023-01-31,1029
2887,台新金,6,0,6,合庫-鳳山,2023-01-31,1029
4114,健喬,10,4,6,合庫-鳳山,2023-01-31,1029
4171,瑞基,9,3,6,合庫-鳳山,2023-01-31,1029
1608,華榮,86,5,81,合庫-鳳山,2023-02-01,1029
2009,第一銅,67,5,62,合庫-鳳山,2023-02-01,1029
00905,FT臺灣Smart,52,0,52,合庫-鳳山,2023-02-01,1029
2641,正德,50,0,50,合庫-鳳山,2023-02-01,1029
1513,中興電,33,2,31,合庫-鳳山,2023-02-01,1029
8996,高力,36,9,27,合庫-鳳山,2023-02-01,1029
2330,台積電,36,12,24,合庫-鳳山,2023-02-01,1029
1440,南紡,20,0,20,合庫-鳳山,2023-02-01,1029
2312,金寶,20,0,20,合庫-鳳山,2023-02-01,1029
2888,新光金,20,0,20,合庫-鳳山,2023-02-01,1029
3483,力致,20,0,20,合庫-鳳山,2023-02-01,1029
1605,華新,33,14,19,合庫-鳳山,2023-02-01,1029
00679B,元大美債20年,15,0,15,合庫-鳳山,2023-02-01,1029
2891,中信金,15,0,15,合庫-鳳山,2023-02-01,1029
5321,美而快,14,2,12,合庫-鳳山,2023-02-01,1029
00720B,元大投資級公司債,11,0,11,合庫-鳳山,2023-02-01,1029
3189,景碩,20,9,11,合庫-鳳山,2023-02-01,1029
3227,原相,12,1,11,合庫-鳳山,2023-02-01,1029
6719,力智,12,1,11,合庫-鳳山,2023-02-01,1029
3209,全科,12,2,10,合庫-鳳山,2023-02-01,1029
00715L,期街口布蘭特正2,20,10,10,合庫-鳳山,2023-02-01,1029
2345,智邦,10,0,10,合庫-鳳山,2023-02-01,1029
2367,燿華,10,0,10,合庫-鳳山,2023-02-01,1029
2601,益航,10,0,10,合庫-鳳山,2023-02-01,1029
2606,裕民,10,0,10,合庫-鳳山,2023-02-01,1029
2723,美食-KY,13,3,10,合庫-鳳山,2023-02-01,1029
2892,第一金,11,1,10,合庫-鳳山,2023-02-01,1029
3027,盛達,18,8,10,合庫-鳳山,2023-02-01,1029
1732,毛寶,9,0,9,合庫-鳳山,2023-02-01,1029
2609,陽明,13,4,9,合庫-鳳山,2023-02-01,1029
6182,合晶,15,6,9,合庫-鳳山,2023-02-01,1029
6202,盛群,11,2,9,合庫-鳳山,2023-02-01,1029
9962,有益,10,1,9,合庫-鳳山,2023-02-01,1029
2317,鴻海,10,2,8,合庫-鳳山,2023-02-01,1029
4417,金洲,13,5,8,合庫-鳳山,2023-02-01,1029
2834,臺企銀,8,0,8,合庫-鳳山,2023-02-01,1029
2201,裕隆,18,11,7,合庫-鳳山,2023-02-01,1029
00878,國泰永續高股息,14,7,7,合庫-鳳山,2023-02-01,1029
1773,勝一,7,0,7,合庫-鳳山,2023-02-01,1029
2929,淘帝-KY,17,10,7,合庫-鳳山,2023-02-01,1029
3324,雙鴻,7,0,7,合庫-鳳山,2023-02-01,1029
3576,聯合再生,8,1,7,合庫-鳳山,2023-02-01,1029
3706,神達,7,0,7,合庫-鳳山,2023-02-01,1029
8105,凌巨,7,0,7,合庫-鳳山,2023-02-01,1029
3673,TPK-KY,6,0,6,合庫-鳳山,2023-02-01,1029
6443,元晶,8,2,6,合庫-鳳山,2023-02-01,1029
2618,長榮航,78,72,6,合庫-鳳山,2023-02-01,1029
1319,東陽,6,1,5,合庫-鳳山,2023-02-01,1029
00773B,中信優先金融債,5,0,5,合庫-鳳山,2023-02-01,1029
00751B,元大AAA至A公司債,5,0,5,合庫-鳳山,2023-02-01,1029
00632R,元大台灣50反1,685,140,545,合庫-鳳山,2023-02-02,1029
6129,普誠,79,20,59,合庫-鳳山,2023-02-02,1029
00715L,期街口布蘭特正2,54,0,54,合庫-鳳山,2023-02-02,1029
2338,光罩,58,4,54,合庫-鳳山,2023-02-02,1029
00882,中信中國高股息,52,0,52,合庫-鳳山,2023-02-02,1029
3576,聯合再生,42,0,42,合庫-鳳山,2023-02-02,1029
2618,長榮航,35,2,33,合庫-鳳山,2023-02-02,1029
1605,華新,29,4,25,合庫-鳳山,2023-02-02,1029
2201,裕隆,78,53,25,合庫-鳳山,2023-02-02,1029
3081,聯亞,25,0,25,合庫-鳳山,2023-02-02,1029
00891,中信關鍵半導體,28,4,24,合庫-鳳山,2023-02-02,1029
00902,中信電池及儲能,21,0,21,合庫-鳳山,2023-02-02,1029
1301,台塑,20,0,20,合庫-鳳山,2023-02-02,1029
2884,玉山金,20,0,20,合庫-鳳山,2023-02-02,1029
2014,中鴻,22,5,17,合庫-鳳山,2023-02-02,1029
2457,飛宏,17,0,17,合庫-鳳山,2023-02-02,1029
2891,中信金,16,0,16,合庫-鳳山,2023-02-02,1029
2317,鴻海,14,0,14,合庫-鳳山,2023-02-02,1029
2449,京元電子,14,0,14,合庫-鳳山,2023-02-02,1029
6282,康舒,19,5,14,合庫-鳳山,2023-02-02,1029
00713,元大台灣高息低波,14,0,14,合庫-鳳山,2023-02-02,1029
2834,臺企銀,13,0,13,合庫-鳳山,2023-02-02,1029
00679B,元大美債20年,12,0,12,合庫-鳳山,2023-02-02,1029
2038,海光,11,0,11,合庫-鳳山,2023-02-02,1029
2444,兆勁,11,0,11,合庫-鳳山,2023-02-02,1029
5263,智崴,12,1,11,合庫-鳳山,2023-02-02,1029
00773B,中信優先金融債,10,0,10,合庫-鳳山,2023-02-02,1029
00666R,富邦�琤肭磪齯�1,10,0,10,合庫-鳳山,2023-02-02,1029
00885,富邦越南,10,0,10,合庫-鳳山,2023-02-02,1029
2801,彰銀,10,0,10,合庫-鳳山,2023-02-02,1029
2881,富邦金,10,0,10,合庫-鳳山,2023-02-02,1029
4130,健亞,10,0,10,合庫-鳳山,2023-02-02,1029
00881,國泰台灣5G+,11,2,9,合庫-鳳山,2023-02-02,1029
1217,愛之味,8,0,8,合庫-鳳山,2023-02-02,1029
1305,華夏,8,0,8,合庫-鳳山,2023-02-02,1029
2542,興富發,8,0,8,合庫-鳳山,2023-02-02,1029
0056,元大高股息,22,15,7,合庫-鳳山,2023-02-02,1029
2002,中鋼,8,1,7,合庫-鳳山,2023-02-02,1029
2413,環科,7,0,7,合庫-鳳山,2023-02-02,1029
2929,淘帝-KY,13,6,7,合庫-鳳山,2023-02-02,1029
3227,原相,7,0,7,合庫-鳳山,2023-02-02,1029
3231,緯創,10,3,7,合庫-鳳山,2023-02-02,1029
00642U,期元大S＆P石油,6,0,6,合庫-鳳山,2023-02-02,1029
1519,華城,29,23,6,合庫-鳳山,2023-02-02,1029
2369,菱生,8,2,6,合庫-鳳山,2023-02-02,1029
4167,松瑞藥,6,0,6,合庫-鳳山,2023-02-02,1029
911868,同方友友-DR,6,0,6,合庫-鳳山,2023-02-02,1029
5351,鈺創,12,6,6,合庫-鳳山,2023-02-02,1029
00664R,國泰臺灣加權反1,5,0,5,合庫-鳳山,2023-02-02,1029
00725B,國泰投資級公司債,5,0,5,合庫-鳳山,2023-02-02,1029
00893,國泰智能電動車,200,1,199,合庫-鳳山,2023-02-03,1029
00878,國泰永續高股息,208,12,196,合庫-鳳山,2023-02-03,1029
2449,京元電子,139,0,139,合庫-鳳山,2023-02-03,1029
00632R,元大台灣50反1,108,0,108,合庫-鳳山,2023-02-03,1029
1605,華新,124,56,68,合庫-鳳山,2023-02-03,1029
4979,華星光,53,0,53,合庫-鳳山,2023-02-03,1029
00753L,中信中國50正2,50,0,50,合庫-鳳山,2023-02-03,1029
00665L,富邦�琤肭磪囓�2,80,30,50,合庫-鳳山,2023-02-03,1029
2338,光罩,44,0,44,合庫-鳳山,2023-02-03,1029
2888,新光金,44,0,44,合庫-鳳山,2023-02-03,1029
2498,宏達電,135,92,43,合庫-鳳山,2023-02-03,1029
00715L,期街口布蘭特正2,41,0,41,合庫-鳳山,2023-02-03,1029
1301,台塑,35,2,33,合庫-鳳山,2023-02-03,1029
1536,和大,30,0,30,合庫-鳳山,2023-02-03,1029
3141,晶宏,37,8,29,合庫-鳳山,2023-02-03,1029
2834,臺企銀,25,0,25,合庫-鳳山,2023-02-03,1029
6443,元晶,26,2,24,合庫-鳳山,2023-02-03,1029
00713,元大台灣高息低波,22,0,22,合庫-鳳山,2023-02-03,1029
1608,華榮,20,0,20,合庫-鳳山,2023-02-03,1029
1809,中釉,20,0,20,合庫-鳳山,2023-02-03,1029
2484,希華,32,13,19,合庫-鳳山,2023-02-03,1029
00882,中信中國高股息,25,8,17,合庫-鳳山,2023-02-03,1029
3043,科風,15,0,15,合庫-鳳山,2023-02-03,1029
8069,元太,16,3,13,合庫-鳳山,2023-02-03,1029
3013,晟銘電,22,9,13,合庫-鳳山,2023-02-03,1029
2436,偉詮電,16,4,12,合庫-鳳山,2023-02-03,1029
6770,力積電,16,4,12,合庫-鳳山,2023-02-03,1029
1216,統一,11,0,11,合庫-鳳山,2023-02-03,1029
1609,大亞,11,0,11,合庫-鳳山,2023-02-03,1029
2317,鴻海,12,1,11,合庫-鳳山,2023-02-03,1029
1210,大成,10,0,10,合庫-鳳山,2023-02-03,1029
1612,宏泰,10,0,10,合庫-鳳山,2023-02-03,1029
2482,連宇,11,1,10,合庫-鳳山,2023-02-03,1029
3021,鴻名,10,0,10,合庫-鳳山,2023-02-03,1029
4968,立積,11,1,10,合庫-鳳山,2023-02-03,1029
6806,森崴能源,10,0,10,合庫-鳳山,2023-02-03,1029
8933,愛地雅,11,1,10,合庫-鳳山,2023-02-03,1029
2884,玉山金,9,0,9,合庫-鳳山,2023-02-03,1029
2038,海光,9,0,9,合庫-鳳山,2023-02-03,1029
2812,台中銀,10,1,9,合庫-鳳山,2023-02-03,1029
3231,緯創,10,1,9,合庫-鳳山,2023-02-03,1029
6118,建達,14,5,9,合庫-鳳山,2023-02-03,1029
6167,久正,10,1,9,合庫-鳳山,2023-02-03,1029
2388,威盛,24,17,7,合庫-鳳山,2023-02-03,1029
5351,鈺創,19,12,7,合庫-鳳山,2023-02-03,1029
2891,中信金,7,0,7,合庫-鳳山,2023-02-03,1029
4726,永昕,7,0,7,合庫-鳳山,2023-02-03,1029
5388,中磊,8,1,7,合庫-鳳山,2023-02-03,1029
6282,康舒,10,3,7,合庫-鳳山,2023-02-03,1029
8996,高力,15,8,7,合庫-鳳山,2023-02-03,1029
00893,國泰智能電動車,206,1,205,合庫-鳳山,2023-02-06,1029
00878,國泰永續高股息,126,2,124,合庫-鳳山,2023-02-06,1029
00665L,富邦�琤肭磪囓�2,80,0,80,合庫-鳳山,2023-02-06,1029
2880,華南金,71,0,71,合庫-鳳山,2023-02-06,1029
2641,正德,39,0,39,合庫-鳳山,2023-02-06,1029
3141,晶宏,43,4,39,合庫-鳳山,2023-02-06,1029
2603,長榮,43,6,37,合庫-鳳山,2023-02-06,1029
00642U,期元大S＆P石油,34,0,34,合庫-鳳山,2023-02-06,1029
2061,風青,36,5,31,合庫-鳳山,2023-02-06,1029
1524,耿鼎,30,1,29,合庫-鳳山,2023-02-06,1029
1584,精剛,30,4,26,合庫-鳳山,2023-02-06,1029
00706L,期元大S＆P日圓正2,25,0,25,合庫-鳳山,2023-02-06,1029
2609,陽明,45,22,23,合庫-鳳山,2023-02-06,1029
00881,國泰台灣5G+,22,0,22,合庫-鳳山,2023-02-06,1029
2482,連宇,35,13,22,合庫-鳳山,2023-02-06,1029
00715L,期街口布蘭特正2,71,50,21,合庫-鳳山,2023-02-06,1029
2034,允強,20,0,20,合庫-鳳山,2023-02-06,1029
3037,欣興,22,4,18,合庫-鳳山,2023-02-06,1029
9955,佳龍,19,1,18,合庫-鳳山,2023-02-06,1029
3019,亞光,17,0,17,合庫-鳳山,2023-02-06,1029
2330,台積電,18,1,17,合庫-鳳山,2023-02-06,1029
00682U,期元大美元指數,16,0,16,合庫-鳳山,2023-02-06,1029
00900,富邦特選高股息30,19,4,15,合庫-鳳山,2023-02-06,1029
00905,FT臺灣Smart,15,0,15,合庫-鳳山,2023-02-06,1029
6202,盛群,15,0,15,合庫-鳳山,2023-02-06,1029
4726,永昕,14,0,14,合庫-鳳山,2023-02-06,1029
4961,天鈺,24,10,14,合庫-鳳山,2023-02-06,1029
0056,元大高股息,17,4,13,合庫-鳳山,2023-02-06,1029
00882,中信中國高股息,21,8,13,合庫-鳳山,2023-02-06,1029
4129,聯合,12,0,12,合庫-鳳山,2023-02-06,1029
00713,元大台灣高息低波,12,0,12,合庫-鳳山,2023-02-06,1029
6770,力積電,14,2,12,合庫-鳳山,2023-02-06,1029
3163,波若威,13,2,11,合庫-鳳山,2023-02-06,1029
00670L,富邦NASDAQ正2,10,0,10,合庫-鳳山,2023-02-06,1029
2329,華泰,11,1,10,合庫-鳳山,2023-02-06,1029
2438,翔耀,10,0,10,合庫-鳳山,2023-02-06,1029
3049,精金,10,0,10,合庫-鳳山,2023-02-06,1029
4747,強生,10,0,10,合庫-鳳山,2023-02-06,1029
8046,南電,22,12,10,合庫-鳳山,2023-02-06,1029
1417,嘉裕,10,1,9,合庫-鳳山,2023-02-06,1029
2449,京元電子,9,0,9,合庫-鳳山,2023-02-06,1029
00679B,元大美債20年,9,1,8,合庫-鳳山,2023-02-06,1029
2891,中信金,8,0,8,合庫-鳳山,2023-02-06,1029
2929,淘帝-KY,10,2,8,合庫-鳳山,2023-02-06,1029
4162,智擎,10,2,8,合庫-鳳山,2023-02-06,1029
5880,合庫金,7,0,7,合庫-鳳山,2023-02-06,1029
1304,台聚,7,0,7,合庫-鳳山,2023-02-06,1029
1752,南光,23,16,7,合庫-鳳山,2023-02-06,1029
3227,原相,10,3,7,合庫-鳳山,2023-02-06,1029
4130,健亞,9,2,7,合庫-鳳山,2023-02-06,1029
1605,華新,261,23,238,合庫-鳳山,2023-02-07,1029
2891,中信金,173,1,172,合庫-鳳山,2023-02-07,1029
2061,風青,62,0,62,合庫-鳳山,2023-02-07,1029
2641,正德,60,0,60,合庫-鳳山,2023-02-07,1029
00670L,富邦NASDAQ正2,53,0,53,合庫-鳳山,2023-02-07,1029
5608,四維航,31,0,31,合庫-鳳山,2023-02-07,1029
8289,泰藝,29,0,29,合庫-鳳山,2023-02-07,1029
00642U,期元大S＆P石油,27,1,26,合庫-鳳山,2023-02-07,1029
2609,陽明,30,6,24,合庫-鳳山,2023-02-07,1029
00885,富邦越南,22,0,22,合庫-鳳山,2023-02-07,1029
2603,長榮,22,0,22,合庫-鳳山,2023-02-07,1029
2618,長榮航,20,0,20,合庫-鳳山,2023-02-07,1029
00632R,元大台灣50反1,21,2,19,合庫-鳳山,2023-02-07,1029
00878,國泰永續高股息,42,26,16,合庫-鳳山,2023-02-07,1029
3093,港建*,15,0,15,合庫-鳳山,2023-02-07,1029
6770,力積電,15,2,13,合庫-鳳山,2023-02-07,1029
2344,華邦電,16,3,13,合庫-鳳山,2023-02-07,1029
00751B,元大AAA至A公司債,12,0,12,合庫-鳳山,2023-02-07,1029
2610,華航,12,0,12,合庫-鳳山,2023-02-07,1029
6207,雷科,12,0,12,合庫-鳳山,2023-02-07,1029
00882,中信中國高股息,11,0,11,合庫-鳳山,2023-02-07,1029
3665,貿聯-KY,11,1,10,合庫-鳳山,2023-02-07,1029
2330,台積電,13,3,10,合庫-鳳山,2023-02-07,1029
2201,裕隆,23,13,10,合庫-鳳山,2023-02-07,1029
2321,東訊,10,0,10,合庫-鳳山,2023-02-07,1029
2801,彰銀,10,0,10,合庫-鳳山,2023-02-07,1029
4114,健喬,18,8,10,合庫-鳳山,2023-02-07,1029
4167,松瑞藥,10,0,10,合庫-鳳山,2023-02-07,1029
6129,普誠,11,1,10,合庫-鳳山,2023-02-07,1029
6531,愛普*,12,3,9,合庫-鳳山,2023-02-07,1029
1513,中興電,11,2,9,合庫-鳳山,2023-02-07,1029
1503,士電,10,1,9,合庫-鳳山,2023-02-07,1029
00679B,元大美債20年,9,0,9,合庫-鳳山,2023-02-07,1029
9929,秋雨,16,7,9,合庫-鳳山,2023-02-07,1029
2317,鴻海,8,0,8,合庫-鳳山,2023-02-07,1029
00713,元大台灣高息低波,8,0,8,合庫-鳳山,2023-02-07,1029
2884,玉山金,8,0,8,合庫-鳳山,2023-02-07,1029
3596,智易,8,0,8,合庫-鳳山,2023-02-07,1029
1217,愛之味,7,0,7,合庫-鳳山,2023-02-07,1029
3532,台勝科,8,1,7,合庫-鳳山,2023-02-07,1029
6282,康舒,23,16,7,合庫-鳳山,2023-02-07,1029
6548,長科*,7,0,7,合庫-鳳山,2023-02-07,1029
8105,凌巨,8,1,7,合庫-鳳山,2023-02-07,1029
1584,精剛,7,1,6,合庫-鳳山,2023-02-07,1029
3037,欣興,14,8,6,合庫-鳳山,2023-02-07,1029
3322,建舜電,6,0,6,合庫-鳳山,2023-02-07,1029
4746,台耀,6,0,6,合庫-鳳山,2023-02-07,1029
5508,永信建,6,0,6,合庫-鳳山,2023-02-07,1029
6442,光聖,6,0,6,合庫-鳳山,2023-02-07,1029
00712,復華富時不動產,5,0,5,合庫-鳳山,2023-02-07,1029
6282,康舒,187,5,182,合庫-鳳山,2023-02-08,1029
00637L,元大滬深300正2,122,21,101,合庫-鳳山,2023-02-08,1029
8289,泰藝,88,0,88,合庫-鳳山,2023-02-08,1029
2641,正德,60,0,60,合庫-鳳山,2023-02-08,1029
8112,至上,60,0,60,合庫-鳳山,2023-02-08,1029
00882,中信中國高股息,32,5,27,合庫-鳳山,2023-02-08,1029
2371,大同,25,0,25,合庫-鳳山,2023-02-08,1029
2609,陽明,35,11,24,合庫-鳳山,2023-02-08,1029
00676R,富邦臺灣加權反1,22,0,22,合庫-鳳山,2023-02-08,1029
1432,大魯閣,21,1,20,合庫-鳳山,2023-02-08,1029
2880,華南金,20,0,20,合庫-鳳山,2023-02-08,1029
2888,新光金,20,0,20,合庫-鳳山,2023-02-08,1029
00632R,元大台灣50反1,24,5,19,合庫-鳳山,2023-02-08,1029
2317,鴻海,19,1,18,合庫-鳳山,2023-02-08,1029
2610,華航,22,4,18,合庫-鳳山,2023-02-08,1029
3710,連展投控,18,1,17,合庫-鳳山,2023-02-08,1029
8171,天宇,20,5,15,合庫-鳳山,2023-02-08,1029
2890,永豐金,14,0,14,合庫-鳳山,2023-02-08,1029
2324,仁寶,13,0,13,合庫-鳳山,2023-02-08,1029
2465,麗臺,20,7,13,合庫-鳳山,2023-02-08,1029
2867,三商壽,13,0,13,合庫-鳳山,2023-02-08,1029
2014,中鴻,12,0,12,合庫-鳳山,2023-02-08,1029
2891,中信金,13,1,12,合庫-鳳山,2023-02-08,1029
00751B,元大AAA至A公司債,11,0,11,合庫-鳳山,2023-02-08,1029
1319,東陽,14,3,11,合庫-鳳山,2023-02-08,1029
9929,秋雨,11,0,11,合庫-鳳山,2023-02-08,1029
2892,第一金,11,0,11,合庫-鳳山,2023-02-08,1029
00669R,國泰美國道瓊反1,10,0,10,合庫-鳳山,2023-02-08,1029
1326,台化,10,0,10,合庫-鳳山,2023-02-08,1029
1608,華榮,10,0,10,合庫-鳳山,2023-02-08,1029
2069,運錩,10,0,10,合庫-鳳山,2023-02-08,1029
4114,健喬,18,8,10,合庫-鳳山,2023-02-08,1029
4944,兆遠,10,0,10,合庫-鳳山,2023-02-08,1029
5880,合庫金,10,0,10,合庫-鳳山,2023-02-08,1029
1795,美時,15,6,9,合庫-鳳山,2023-02-08,1029
2312,金寶,10,1,9,合庫-鳳山,2023-02-08,1029
2485,兆赫,11,2,9,合庫-鳳山,2023-02-08,1029
0056,元大高股息,9,0,9,合庫-鳳山,2023-02-08,1029
00701,國泰股利精選30,8,0,8,合庫-鳳山,2023-02-08,1029
2883,凱基金,8,0,8,合庫-鳳山,2023-02-08,1029
5285,界霖,8,0,8,合庫-鳳山,2023-02-08,1029
6165,浪凡,11,3,8,合庫-鳳山,2023-02-08,1029
00885,富邦越南,7,0,7,合庫-鳳山,2023-02-08,1029
2009,第一銅,11,4,7,合庫-鳳山,2023-02-08,1029
2425,承啟,9,2,7,合庫-鳳山,2023-02-08,1029
00680L,元大美債20正2,6,0,6,合庫-鳳山,2023-02-08,1029
1409,新纖,7,1,6,合庫-鳳山,2023-02-08,1029
1584,精剛,29,23,6,合庫-鳳山,2023-02-08,1029
2886,兆豐金,6,0,6,合庫-鳳山,2023-02-08,1029
3324,雙鴻,6,0,6,合庫-鳳山,2023-02-08,1029
00673R,期元大S＆P原油反1,100,0,100,合庫-鳳山,2023-02-09,1029
8289,泰藝,93,0,93,合庫-鳳山,2023-02-09,1029
00670L,富邦NASDAQ正2,61,0,61,合庫-鳳山,2023-02-09,1029
6188,廣明,56,2,54,合庫-鳳山,2023-02-09,1029
2317,鴻海,39,2,37,合庫-鳳山,2023-02-09,1029
1810,和成,40,5,35,合庫-鳳山,2023-02-09,1029
1584,精剛,31,0,31,合庫-鳳山,2023-02-09,1029
8038,長園科,25,1,24,合庫-鳳山,2023-02-09,1029
2883,凱基金,23,0,23,合庫-鳳山,2023-02-09,1029
00753L,中信中國50正2,21,0,21,合庫-鳳山,2023-02-09,1029
4961,天鈺,22,1,21,合庫-鳳山,2023-02-09,1029
3081,聯亞,21,0,21,合庫-鳳山,2023-02-09,1029
00878,國泰永續高股息,25,5,20,合庫-鳳山,2023-02-09,1029
4114,健喬,42,26,16,合庫-鳳山,2023-02-09,1029
4119,旭富,16,0,16,合庫-鳳山,2023-02-09,1029
2409,友達,16,0,16,合庫-鳳山,2023-02-09,1029
00885,富邦越南,15,0,15,合庫-鳳山,2023-02-09,1029
00751B,元大AAA至A公司債,15,0,15,合庫-鳳山,2023-02-09,1029
2344,華邦電,44,29,15,合庫-鳳山,2023-02-09,1029
2002,中鋼,12,0,12,合庫-鳳山,2023-02-09,1029
3665,貿聯-KY,11,1,10,合庫-鳳山,2023-02-09,1029
2363,矽統,10,0,10,合庫-鳳山,2023-02-09,1029
3059,華晶科,10,0,10,合庫-鳳山,2023-02-09,1029
3558,神準,13,3,10,合庫-鳳山,2023-02-09,1029
6112,邁達特,12,2,10,合庫-鳳山,2023-02-09,1029
6207,雷科,10,0,10,合庫-鳳山,2023-02-09,1029
2425,承啟,10,1,9,合庫-鳳山,2023-02-09,1029
3035,智原,15,6,9,合庫-鳳山,2023-02-09,1029
8028,昇陽半導體,10,1,9,合庫-鳳山,2023-02-09,1029
9802,鈺齊-KY,8,0,8,合庫-鳳山,2023-02-09,1029
1319,東陽,9,2,7,合庫-鳳山,2023-02-09,1029
2368,金像電,8,1,7,合庫-鳳山,2023-02-09,1029
2524,京城,7,0,7,合庫-鳳山,2023-02-09,1029
6139,亞翔,7,0,7,合庫-鳳山,2023-02-09,1029
2388,威盛,15,8,7,合庫-鳳山,2023-02-09,1029
00772B,中信高評級公司債,6,0,6,合庫-鳳山,2023-02-09,1029
2108,南帝,6,0,6,合庫-鳳山,2023-02-09,1029
5508,永信建,6,0,6,合庫-鳳山,2023-02-09,1029
6235,華孚,47,41,6,合庫-鳳山,2023-02-09,1029
6589,台康生技,7,1,6,合庫-鳳山,2023-02-09,1029
9907,統一實,6,0,6,合庫-鳳山,2023-02-09,1029
9945,潤泰新,9,3,6,合庫-鳳山,2023-02-09,1029
2834,臺企銀,5,0,5,合庫-鳳山,2023-02-09,1029
2603,長榮,10,5,5,合庫-鳳山,2023-02-09,1029
00708L,期元大S＆P黃金正2,5,0,5,合庫-鳳山,2023-02-09,1029
00738U,期元大道瓊白銀,5,0,5,合庫-鳳山,2023-02-09,1029
2014,中鴻,5,0,5,合庫-鳳山,2023-02-09,1029
2539,櫻花建,5,0,5,合庫-鳳山,2023-02-09,1029
3162,精確,7,2,5,合庫-鳳山,2023-02-09,1029
3454,晶睿,9,4,5,合庫-鳳山,2023-02-09,1029
3481,群創,405,8,397,合庫-鳳山,2023-02-10,1029
00878,國泰永續高股息,96,10,86,合庫-鳳山,2023-02-10,1029
1314,中石化,52,0,52,合庫-鳳山,2023-02-10,1029
5608,四維航,36,1,35,合庫-鳳山,2023-02-10,1029
6290,良維,36,1,35,合庫-鳳山,2023-02-10,1029
2641,正德,34,0,34,合庫-鳳山,2023-02-10,1029
3141,晶宏,30,0,30,合庫-鳳山,2023-02-10,1029
2017,官田鋼,30,0,30,合庫-鳳山,2023-02-10,1029
3483,力致,30,0,30,合庫-鳳山,2023-02-10,1029
2610,華航,29,5,24,合庫-鳳山,2023-02-10,1029
1584,精剛,49,26,23,合庫-鳳山,2023-02-10,1029
2609,陽明,34,12,22,合庫-鳳山,2023-02-10,1029
8038,長園科,24,3,21,合庫-鳳山,2023-02-10,1029
9904,寶成,21,0,21,合庫-鳳山,2023-02-10,1029
00715L,期街口布蘭特正2,20,0,20,合庫-鳳山,2023-02-10,1029
00679B,元大美債20年,24,5,19,合庫-鳳山,2023-02-10,1029
2367,燿華,19,0,19,合庫-鳳山,2023-02-10,1029
8996,高力,18,1,17,合庫-鳳山,2023-02-10,1029
2884,玉山金,23,6,17,合庫-鳳山,2023-02-10,1029
5880,合庫金,18,2,16,合庫-鳳山,2023-02-10,1029
2618,長榮航,19,3,16,合庫-鳳山,2023-02-10,1029
6207,雷科,16,0,16,合庫-鳳山,2023-02-10,1029
8046,南電,16,0,16,合庫-鳳山,2023-02-10,1029
4130,健亞,26,11,15,合庫-鳳山,2023-02-10,1029
6153,嘉聯益,15,0,15,合庫-鳳山,2023-02-10,1029
2634,漢翔,30,16,14,合庫-鳳山,2023-02-10,1029
6806,森崴能源,14,2,12,合庫-鳳山,2023-02-10,1029
2453,凌群,18,6,12,合庫-鳳山,2023-02-10,1029
3037,欣興,12,0,12,合庫-鳳山,2023-02-10,1029
3675,德微,13,1,12,合庫-鳳山,2023-02-10,1029
6188,廣明,12,0,12,合庫-鳳山,2023-02-10,1029
00751B,元大AAA至A公司債,11,0,11,合庫-鳳山,2023-02-10,1029
2352,佳世達,10,0,10,合庫-鳳山,2023-02-10,1029
2845,遠東銀,10,0,10,合庫-鳳山,2023-02-10,1029
2891,中信金,11,1,10,合庫-鳳山,2023-02-10,1029
3504,揚明光,10,0,10,合庫-鳳山,2023-02-10,1029
6143,振曜,12,2,10,合庫-鳳山,2023-02-10,1029
8101,華冠,10,0,10,合庫-鳳山,2023-02-10,1029
00902,中信電池及儲能,8,0,8,合庫-鳳山,2023-02-10,1029
2028,威致,10,2,8,合庫-鳳山,2023-02-10,1029
8933,愛地雅,8,0,8,合庫-鳳山,2023-02-10,1029
2409,友達,9,1,8,合庫-鳳山,2023-02-10,1029
00712,復華富時不動產,7,0,7,合庫-鳳山,2023-02-10,1029
1612,宏泰,7,0,7,合庫-鳳山,2023-02-10,1029
2009,第一銅,17,10,7,合庫-鳳山,2023-02-10,1029
2344,華邦電,9,2,7,合庫-鳳山,2023-02-10,1029
00919,群益台灣精選高息,6,0,6,合庫-鳳山,2023-02-10,1029
00885,富邦越南,6,0,6,合庫-鳳山,2023-02-10,1029
2401,凌陽,6,0,6,合庫-鳳山,2023-02-10,1029
2812,台中銀,6,0,6,合庫-鳳山,2023-02-10,1029
2884,玉山金,801,8,793,合庫-鳳山,2023-02-13,1029
00878,國泰永續高股息,81,0,81,合庫-鳳山,2023-02-13,1029
6168,宏齊,75,1,74,合庫-鳳山,2023-02-13,1029
00665L,富邦�琤肭磪囓�2,80,30,50,合庫-鳳山,2023-02-13,1029
2409,友達,52,4,48,合庫-鳳山,2023-02-13,1029
00679B,元大美債20年,44,0,44,合庫-鳳山,2023-02-13,1029
6203,海韻電,43,0,43,合庫-鳳山,2023-02-13,1029
3041,揚智,25,0,25,合庫-鳳山,2023-02-13,1029
3013,晟銘電,22,0,22,合庫-鳳山,2023-02-13,1029
5386,青雲,20,0,20,合庫-鳳山,2023-02-13,1029
3289,宜特,19,0,19,合庫-鳳山,2023-02-13,1029
5880,合庫金,20,1,19,合庫-鳳山,2023-02-13,1029
0056,元大高股息,20,2,18,合庫-鳳山,2023-02-13,1029
4961,天鈺,20,2,18,合庫-鳳山,2023-02-13,1029
2609,陽明,48,31,17,合庫-鳳山,2023-02-13,1029
6770,力積電,16,1,15,合庫-鳳山,2023-02-13,1029
2634,漢翔,13,0,13,合庫-鳳山,2023-02-13,1029
6865,偉康科技,13,0,13,合庫-鳳山,2023-02-13,1029
00633L,富邦上証正2,11,0,11,合庫-鳳山,2023-02-13,1029
00751B,元大AAA至A公司債,11,0,11,合庫-鳳山,2023-02-13,1029
3105,穩懋,14,3,11,合庫-鳳山,2023-02-13,1029
4934,太極,11,0,11,合庫-鳳山,2023-02-13,1029
00893,國泰智能電動車,10,0,10,合庫-鳳山,2023-02-13,1029
1711,永光,10,0,10,合庫-鳳山,2023-02-13,1029
6188,廣明,10,0,10,合庫-鳳山,2023-02-13,1029
00910,第一金太空衛星,8,0,8,合庫-鳳山,2023-02-13,1029
00902,中信電池及儲能,8,0,8,合庫-鳳山,2023-02-13,1029
1101,台泥,11,3,8,合庫-鳳山,2023-02-13,1029
1512,瑞利,8,0,8,合庫-鳳山,2023-02-13,1029
3014,聯陽,8,0,8,合庫-鳳山,2023-02-13,1029
3479,安勤,9,1,8,合庫-鳳山,2023-02-13,1029
6547,高端疫苗,15,7,8,合庫-鳳山,2023-02-13,1029
1540,喬福,10,3,7,合庫-鳳山,2023-02-13,1029
1718,中纖,7,0,7,合庫-鳳山,2023-02-13,1029
2889,國票金,7,0,7,合庫-鳳山,2023-02-13,1029
3624,光頡,9,2,7,合庫-鳳山,2023-02-13,1029
4130,健亞,7,0,7,合庫-鳳山,2023-02-13,1029
2201,裕隆,6,0,6,合庫-鳳山,2023-02-13,1029
00885,富邦越南,6,0,6,合庫-鳳山,2023-02-13,1029
00919,群益台灣精選高息,6,0,6,合庫-鳳山,2023-02-13,1029
2352,佳世達,7,1,6,合庫-鳳山,2023-02-13,1029
2641,正德,6,0,6,合庫-鳳山,2023-02-13,1029
4726,永昕,6,0,6,合庫-鳳山,2023-02-13,1029
4931,新盛力,35,29,6,合庫-鳳山,2023-02-13,1029
5608,四維航,6,0,6,合庫-鳳山,2023-02-13,1029
6231,系微,6,0,6,合庫-鳳山,2023-02-13,1029
6589,台康生技,6,0,6,合庫-鳳山,2023-02-13,1029
1316,上曜,5,0,5,合庫-鳳山,2023-02-13,1029
1104,環泥,5,0,5,合庫-鳳山,2023-02-13,1029
00678,群益那斯達克生技,5,0,5,合庫-鳳山,2023-02-13,1029
2884,玉山金,891,17,874,合庫-鳳山,2023-02-14,1029
00632R,元大台灣50反1,138,5,133,合庫-鳳山,2023-02-14,1029
6168,宏齊,107,0,107,合庫-鳳山,2023-02-14,1029
6235,華孚,104,1,103,合庫-鳳山,2023-02-14,1029
1605,華新,157,105,52,合庫-鳳山,2023-02-14,1029
2027,大成鋼,51,0,51,合庫-鳳山,2023-02-14,1029
2892,第一金,40,5,35,合庫-鳳山,2023-02-14,1029
2881,富邦金,20,0,20,合庫-鳳山,2023-02-14,1029
2344,華邦電,14,0,14,合庫-鳳山,2023-02-14,1029
5880,合庫金,14,1,13,合庫-鳳山,2023-02-14,1029
2017,官田鋼,18,5,13,合庫-鳳山,2023-02-14,1029
6605,帝寶,16,4,12,合庫-鳳山,2023-02-14,1029
6207,雷科,12,1,11,合庫-鳳山,2023-02-14,1029
00720B,元大投資級公司債,11,0,11,合庫-鳳山,2023-02-14,1029
00665L,富邦�琤肭磪囓�2,10,0,10,合庫-鳳山,2023-02-14,1029
9924,福興,10,0,10,合庫-鳳山,2023-02-14,1029
00772B,中信高評級公司債,9,0,9,合庫-鳳山,2023-02-14,1029
2201,裕隆,12,3,9,合庫-鳳山,2023-02-14,1029
5706,鳳凰,9,0,9,合庫-鳳山,2023-02-14,1029
00751B,元大AAA至A公司債,8,0,8,合庫-鳳山,2023-02-14,1029
5478,智冠,8,0,8,合庫-鳳山,2023-02-14,1029
3037,欣興,16,9,7,合庫-鳳山,2023-02-14,1029
3710,連展投控,7,0,7,合庫-鳳山,2023-02-14,1029
8171,天宇,7,0,7,合庫-鳳山,2023-02-14,1029
2634,漢翔,8,1,7,合庫-鳳山,2023-02-14,1029
2312,金寶,6,0,6,合庫-鳳山,2023-02-14,1029
3552,同致,5,0,5,合庫-鳳山,2023-02-14,1029
2498,宏達電,7,2,5,合庫-鳳山,2023-02-14,1029
2885,元大金,5,0,5,合庫-鳳山,2023-02-14,1029
3704,合勤控,5,0,5,合庫-鳳山,2023-02-14,1029
6547,高端疫苗,5,0,5,合庫-鳳山,2023-02-14,1029
6589,台康生技,6,1,5,合庫-鳳山,2023-02-14,1029
6865,偉康科技,5,0,5,合庫-鳳山,2023-02-14,1029
8996,高力,6,1,5,合庫-鳳山,2023-02-14,1029
2492,華新科,6,1,5,合庫-鳳山,2023-02-14,1029
00753L,中信中國50正2,6,2,4,合庫-鳳山,2023-02-14,1029
1783,和康生,4,0,4,合庫-鳳山,2023-02-14,1029
2028,威致,4,0,4,合庫-鳳山,2023-02-14,1029
2449,京元電子,4,0,4,合庫-鳳山,2023-02-14,1029
2607,榮運,4,0,4,合庫-鳳山,2023-02-14,1029
2748,雲品,5,1,4,合庫-鳳山,2023-02-14,1029
3042,晶技,5,1,4,合庫-鳳山,2023-02-14,1029
3231,緯創,4,0,4,合庫-鳳山,2023-02-14,1029
3479,安勤,15,11,4,合庫-鳳山,2023-02-14,1029
5410,國眾,5,1,4,合庫-鳳山,2023-02-14,1029
5608,四維航,15,11,4,合庫-鳳山,2023-02-14,1029
6282,康舒,4,0,4,合庫-鳳山,2023-02-14,1029
6510,精測,4,0,4,合庫-鳳山,2023-02-14,1029
8033,雷虎,5,1,4,合庫-鳳山,2023-02-14,1029
4927,泰鼎-KY,4,0,4,合庫-鳳山,2023-02-14,1029
2884,玉山金,815,1,814,合庫-鳳山,2023-02-15,1029
00878,國泰永續高股息,207,55,152,合庫-鳳山,2023-02-15,1029
00665L,富邦�琤肭磪囓�2,70,20,50,合庫-鳳山,2023-02-15,1029
6235,華孚,187,139,48,合庫-鳳山,2023-02-15,1029
2027,大成鋼,41,0,41,合庫-鳳山,2023-02-15,1029
2603,長榮,44,5,39,合庫-鳳山,2023-02-15,1029
6168,宏齊,31,0,31,合庫-鳳山,2023-02-15,1029
2017,官田鋼,30,2,28,合庫-鳳山,2023-02-15,1029
2618,長榮航,36,9,27,合庫-鳳山,2023-02-15,1029
00900,富邦特選高股息30,26,0,26,合庫-鳳山,2023-02-15,1029
1611,中電,25,1,24,合庫-鳳山,2023-02-15,1029
2330,台積電,33,10,23,合庫-鳳山,2023-02-15,1029
2883,凱基金,21,0,21,合庫-鳳山,2023-02-15,1029
3081,聯亞,21,0,21,合庫-鳳山,2023-02-15,1029
2344,華邦電,20,0,20,合庫-鳳山,2023-02-15,1029
6116,彩晶,20,0,20,合庫-鳳山,2023-02-15,1029
8028,昇陽半導體,20,0,20,合庫-鳳山,2023-02-15,1029
3481,群創,167,148,19,合庫-鳳山,2023-02-15,1029
2610,華航,40,23,17,合庫-鳳山,2023-02-15,1029
6285,啟��,21,4,17,合庫-鳳山,2023-02-15,1029
3041,揚智,15,0,15,合庫-鳳山,2023-02-15,1029
00679B,元大美債20年,14,0,14,合庫-鳳山,2023-02-15,1029
1760,寶齡富錦,12,0,12,合庫-鳳山,2023-02-15,1029
2038,海光,12,0,12,合庫-鳳山,2023-02-15,1029
3264,欣銓,12,0,12,合庫-鳳山,2023-02-15,1029
2498,宏達電,76,64,12,合庫-鳳山,2023-02-15,1029
0056,元大高股息,13,2,11,合庫-鳳山,2023-02-15,1029
1101,台泥,23,12,11,合庫-鳳山,2023-02-15,1029
00919,群益台灣精選高息,10,0,10,合庫-鳳山,2023-02-15,1029
00773B,中信優先金融債,10,0,10,合庫-鳳山,2023-02-15,1029
00648R,元大S＆P500反1,10,0,10,合庫-鳳山,2023-02-15,1029
2882,國泰金,14,4,10,合庫-鳳山,2023-02-15,1029
2890,永豐金,10,0,10,合庫-鳳山,2023-02-15,1029
3499,環天科,10,0,10,合庫-鳳山,2023-02-15,1029
3504,揚明光,10,0,10,合庫-鳳山,2023-02-15,1029
8996,高力,22,12,10,合庫-鳳山,2023-02-15,1029
00712,復華富時不動產,9,0,9,合庫-鳳山,2023-02-15,1029
2609,陽明,16,8,8,合庫-鳳山,2023-02-15,1029
00907,永豐優息存股,8,0,8,合庫-鳳山,2023-02-15,1029
1432,大魯閣,8,0,8,合庫-鳳山,2023-02-15,1029
1584,精剛,10,2,8,合庫-鳳山,2023-02-15,1029
2886,兆豐金,7,0,7,合庫-鳳山,2023-02-15,1029
5347,世界,7,0,7,合庫-鳳山,2023-02-15,1029
00881,國泰台灣5G+,7,0,7,合庫-鳳山,2023-02-15,1029
00633L,富邦上証正2,7,0,7,合庫-鳳山,2023-02-15,1029
5483,中美晶,7,0,7,合庫-鳳山,2023-02-15,1029
6806,森崴能源,9,2,7,合庫-鳳山,2023-02-15,1029
006208,富邦台50,6,0,6,合庫-鳳山,2023-02-15,1029
1795,美時,26,20,6,合庫-鳳山,2023-02-15,1029
6127,九豪,6,0,6,合庫-鳳山,2023-02-15,1029
2884,玉山金,2603,0,2603,合庫-鳳山,2023-02-16,1029
00878,國泰永續高股息,191,42,149,合庫-鳳山,2023-02-16,1029
4114,健喬,85,4,81,合庫-鳳山,2023-02-16,1029
6168,宏齊,57,3,54,合庫-鳳山,2023-02-16,1029
00679B,元大美債20年,48,0,48,合庫-鳳山,2023-02-16,1029
2420,新巨,42,0,42,合庫-鳳山,2023-02-16,1029
2014,中鴻,39,3,36,合庫-鳳山,2023-02-16,1029
6477,安集,36,2,34,合庫-鳳山,2023-02-16,1029
00669R,國泰美國道瓊反1,30,0,30,合庫-鳳山,2023-02-16,1029
00651R,復華香港反1,21,1,20,合庫-鳳山,2023-02-16,1029
00673R,期元大S＆P原油反1,20,0,20,合庫-鳳山,2023-02-16,1029
2337,旺宏,21,1,20,合庫-鳳山,2023-02-16,1029
2605,新興,20,0,20,合庫-鳳山,2023-02-16,1029
8936,國統,20,0,20,合庫-鳳山,2023-02-16,1029
2498,宏達電,101,82,19,合庫-鳳山,2023-02-16,1029
9924,福興,17,0,17,合庫-鳳山,2023-02-16,1029
1609,大亞,18,1,17,合庫-鳳山,2023-02-16,1029
2745,五福,15,0,15,合庫-鳳山,2023-02-16,1029
6770,力積電,15,0,15,合庫-鳳山,2023-02-16,1029
1608,華榮,13,0,13,合庫-鳳山,2023-02-16,1029
6443,元晶,30,18,12,合庫-鳳山,2023-02-16,1029
2017,官田鋼,11,0,11,合庫-鳳山,2023-02-16,1029
00751B,元大AAA至A公司債,10,0,10,合庫-鳳山,2023-02-16,1029
2338,光罩,15,5,10,合庫-鳳山,2023-02-16,1029
6282,康舒,10,0,10,合庫-鳳山,2023-02-16,1029
3141,晶宏,10,1,9,合庫-鳳山,2023-02-16,1029
2497,怡利電,9,2,7,合庫-鳳山,2023-02-16,1029
1466,聚隆,6,0,6,合庫-鳳山,2023-02-16,1029
3545,敦泰,10,4,6,合庫-鳳山,2023-02-16,1029
8234,新漢,11,5,6,合庫-鳳山,2023-02-16,1029
2317,鴻海,22,17,5,合庫-鳳山,2023-02-16,1029
4746,台耀,5,0,5,合庫-鳳山,2023-02-16,1029
1316,上曜,5,0,5,合庫-鳳山,2023-02-16,1029
1409,新纖,5,0,5,合庫-鳳山,2023-02-16,1029
2009,第一銅,5,0,5,合庫-鳳山,2023-02-16,1029
2511,太子,5,0,5,合庫-鳳山,2023-02-16,1029
3324,雙鴻,5,0,5,合庫-鳳山,2023-02-16,1029
3714,富采,5,0,5,合庫-鳳山,2023-02-16,1029
5263,智崴,5,0,5,合庫-鳳山,2023-02-16,1029
6207,雷科,5,0,5,合庫-鳳山,2023-02-16,1029
6261,久元,5,0,5,合庫-鳳山,2023-02-16,1029
6266,泰詠,8,3,5,合庫-鳳山,2023-02-16,1029
6531,愛普*,6,1,5,合庫-鳳山,2023-02-16,1029
8940,新天地,5,0,5,合庫-鳳山,2023-02-16,1029
2888,新光金,10,5,5,合庫-鳳山,2023-02-16,1029
1734,杏輝,4,0,4,合庫-鳳山,2023-02-16,1029
2002,中鋼,6,2,4,合庫-鳳山,2023-02-16,1029
2332,友訊,12,8,4,合庫-鳳山,2023-02-16,1029
2453,凌群,5,1,4,合庫-鳳山,2023-02-16,1029
2471,資通,12,8,4,合庫-鳳山,2023-02-16,1029
2884,玉山金,1540,5,1535,合庫-鳳山,2023-02-17,1029
00632R,元大台灣50反1,405,101,304,合庫-鳳山,2023-02-17,1029
2610,華航,262,37,225,合庫-鳳山,2023-02-17,1029
00893,國泰智能電動車,178,15,163,合庫-鳳山,2023-02-17,1029
00665L,富邦�琤肭磪囓�2,104,0,104,合庫-鳳山,2023-02-17,1029
00878,國泰永續高股息,71,5,66,合庫-鳳山,2023-02-17,1029
4919,新唐,43,0,43,合庫-鳳山,2023-02-17,1029
5009,榮剛,64,25,39,合庫-鳳山,2023-02-17,1029
2317,鴻海,41,4,37,合庫-鳳山,2023-02-17,1029
2420,新巨,31,0,31,合庫-鳳山,2023-02-17,1029
2705,六福,30,0,30,合庫-鳳山,2023-02-17,1029
5701,劍湖山,30,1,29,合庫-鳳山,2023-02-17,1029
00902,中信電池及儲能,30,3,27,合庫-鳳山,2023-02-17,1029
3141,晶宏,29,4,25,合庫-鳳山,2023-02-17,1029
2338,光罩,25,2,23,合庫-鳳山,2023-02-17,1029
2330,台積電,23,3,20,合庫-鳳山,2023-02-17,1029
2603,長榮,21,1,20,合庫-鳳山,2023-02-17,1029
00670L,富邦NASDAQ正2,20,0,20,合庫-鳳山,2023-02-17,1029
2201,裕隆,39,21,18,合庫-鳳山,2023-02-17,1029
2344,華邦電,20,2,18,合庫-鳳山,2023-02-17,1029
8996,高力,20,2,18,合庫-鳳山,2023-02-17,1029
2702,華園,16,0,16,合庫-鳳山,2023-02-17,1029
2009,第一銅,16,2,14,合庫-鳳山,2023-02-17,1029
00637L,元大滬深300正2,25,12,13,合庫-鳳山,2023-02-17,1029
00882,中信中國高股息,12,0,12,合庫-鳳山,2023-02-17,1029
00683L,期元大美元指正2,11,0,11,合庫-鳳山,2023-02-17,1029
3058,立德,13,2,11,合庫-鳳山,2023-02-17,1029
5285,界霖,11,0,11,合庫-鳳山,2023-02-17,1029
6288,聯嘉,13,2,11,合庫-鳳山,2023-02-17,1029
2890,永豐金,10,0,10,合庫-鳳山,2023-02-17,1029
5489,彩富,10,0,10,合庫-鳳山,2023-02-17,1029
00900,富邦特選高股息30,9,0,9,合庫-鳳山,2023-02-17,1029
2609,陽明,23,14,9,合庫-鳳山,2023-02-17,1029
4977,眾達-KY,12,3,9,合庫-鳳山,2023-02-17,1029
3014,聯陽,8,0,8,合庫-鳳山,2023-02-17,1029
4549,桓達,8,0,8,合庫-鳳山,2023-02-17,1029
4960,誠美材,9,1,8,合庫-鳳山,2023-02-17,1029
6547,高端疫苗,8,0,8,合庫-鳳山,2023-02-17,1029
1732,毛寶,7,0,7,合庫-鳳山,2023-02-17,1029
2206,三陽工業,7,0,7,合庫-鳳山,2023-02-17,1029
6266,泰詠,7,0,7,合庫-鳳山,2023-02-17,1029
6770,力積電,8,1,7,合庫-鳳山,2023-02-17,1029
8043,蜜望實,7,0,7,合庫-鳳山,2023-02-17,1029
0050,元大台灣50,7,0,7,合庫-鳳山,2023-02-17,1029
00679B,元大美債20年,9,2,7,合庫-鳳山,2023-02-17,1029
6443,元晶,7,1,6,合庫-鳳山,2023-02-17,1029
00751B,元大AAA至A公司債,6,0,6,合庫-鳳山,2023-02-17,1029
1784,訊聯,6,0,6,合庫-鳳山,2023-02-17,1029
2027,大成鋼,6,0,6,合庫-鳳山,2023-02-17,1029
3189,景碩,6,0,6,合庫-鳳山,2023-02-17,1029
6235,華孚,123,22,101,合庫-鳳山,2023-02-20,1029
00878,國泰永續高股息,123,35,88,合庫-鳳山,2023-02-20,1029
00637L,元大滬深300正2,106,33,73,合庫-鳳山,2023-02-20,1029
2867,三商壽,64,0,64,合庫-鳳山,2023-02-20,1029
00671R,富邦NASDAQ反1,50,0,50,合庫-鳳山,2023-02-20,1029
00665L,富邦�琤肭磪囓�2,96,50,46,合庫-鳳山,2023-02-20,1029
5009,榮剛,47,2,45,合庫-鳳山,2023-02-20,1029
00885,富邦越南,45,2,43,合庫-鳳山,2023-02-20,1029
00902,中信電池及儲能,34,0,34,合庫-鳳山,2023-02-20,1029
2014,中鴻,34,0,34,合庫-鳳山,2023-02-20,1029
4114,健喬,32,1,31,合庫-鳳山,2023-02-20,1029
2886,兆豐金,30,8,22,合庫-鳳山,2023-02-20,1029
2610,華航,95,75,20,合庫-鳳山,2023-02-20,1029
2034,允強,20,0,20,合庫-鳳山,2023-02-20,1029
2342,茂矽,20,0,20,合庫-鳳山,2023-02-20,1029
5905,南仁湖,20,0,20,合庫-鳳山,2023-02-20,1029
2885,元大金,20,1,19,合庫-鳳山,2023-02-20,1029
8112,至上,19,0,19,合庫-鳳山,2023-02-20,1029
2338,光罩,21,4,17,合庫-鳳山,2023-02-20,1029
5701,劍湖山,17,0,17,合庫-鳳山,2023-02-20,1029
00715L,期街口布蘭特正2,16,0,16,合庫-鳳山,2023-02-20,1029
3014,聯陽,17,2,15,合庫-鳳山,2023-02-20,1029
00664R,國泰臺灣加權反1,21,7,14,合庫-鳳山,2023-02-20,1029
2929,淘帝-KY,20,6,14,合庫-鳳山,2023-02-20,1029
6143,振曜,28,14,14,合庫-鳳山,2023-02-20,1029
3024,憶聲,14,0,14,合庫-鳳山,2023-02-20,1029
2354,鴻準,13,0,13,合庫-鳳山,2023-02-20,1029
6244,茂迪,16,3,13,合庫-鳳山,2023-02-20,1029
3481,群創,67,54,13,合庫-鳳山,2023-02-20,1029
00679B,元大美債20年,13,1,12,合庫-鳳山,2023-02-20,1029
2702,華園,12,0,12,合庫-鳳山,2023-02-20,1029
2358,廷鑫,11,0,11,合庫-鳳山,2023-02-20,1029
3264,欣銓,11,0,11,合庫-鳳山,2023-02-20,1029
0050,元大台灣50,11,1,10,合庫-鳳山,2023-02-20,1029
1473,台南,10,0,10,合庫-鳳山,2023-02-20,1029
2345,智邦,10,0,10,合庫-鳳山,2023-02-20,1029
2881,富邦金,10,0,10,合庫-鳳山,2023-02-20,1029
3189,景碩,12,2,10,合庫-鳳山,2023-02-20,1029
3483,力致,10,0,10,合庫-鳳山,2023-02-20,1029
6167,久正,10,0,10,合庫-鳳山,2023-02-20,1029
8038,長園科,10,0,10,合庫-鳳山,2023-02-20,1029
00830,國泰費城半導體,9,0,9,合庫-鳳山,2023-02-20,1029
2801,彰銀,13,4,9,合庫-鳳山,2023-02-20,1029
2465,麗臺,8,0,8,合庫-鳳山,2023-02-20,1029
4961,天鈺,20,12,8,合庫-鳳山,2023-02-20,1029
5706,鳳凰,9,1,8,合庫-鳳山,2023-02-20,1029
6278,台表科,10,2,8,合庫-鳳山,2023-02-20,1029
6829,千附精密,8,0,8,合庫-鳳山,2023-02-20,1029
4402,郡都開發,8,1,7,合庫-鳳山,2023-02-20,1029
2201,裕隆,7,0,7,合庫-鳳山,2023-02-20,1029
2884,玉山金,3976,442,3534,合庫-鳳山,2023-02-21,1029
00632R,元大台灣50反1,90,0,90,合庫-鳳山,2023-02-21,1029
00878,國泰永續高股息,55,1,54,合庫-鳳山,2023-02-21,1029
5243,乙盛-KY,52,0,52,合庫-鳳山,2023-02-21,1029
8105,凌巨,48,4,44,合庫-鳳山,2023-02-21,1029
2618,長榮航,44,5,39,合庫-鳳山,2023-02-21,1029
2610,華航,79,41,38,合庫-鳳山,2023-02-21,1029
6282,康舒,49,16,33,合庫-鳳山,2023-02-21,1029
2882,國泰金,29,1,28,合庫-鳳山,2023-02-21,1029
8936,國統,49,21,28,合庫-鳳山,2023-02-21,1029
6443,元晶,29,2,27,合庫-鳳山,2023-02-21,1029
2634,漢翔,26,0,26,合庫-鳳山,2023-02-21,1029
3576,聯合再生,22,0,22,合庫-鳳山,2023-02-21,1029
8222,寶一,36,15,21,合庫-鳳山,2023-02-21,1029
00673R,期元大S＆P原油反1,20,0,20,合庫-鳳山,2023-02-21,1029
00671R,富邦NASDAQ反1,20,0,20,合庫-鳳山,2023-02-21,1029
3041,揚智,20,0,20,合庫-鳳山,2023-02-21,1029
6168,宏齊,20,0,20,合庫-鳳山,2023-02-21,1029
5309,系統電,22,3,19,合庫-鳳山,2023-02-21,1029
6288,聯嘉,39,20,19,合庫-鳳山,2023-02-21,1029
1529,樂事綠能,19,1,18,合庫-鳳山,2023-02-21,1029
2702,華園,25,9,16,合庫-鳳山,2023-02-21,1029
5512,力麒,18,2,16,合庫-鳳山,2023-02-21,1029
2915,潤泰全,15,0,15,合庫-鳳山,2023-02-21,1029
4119,旭富,15,1,14,合庫-鳳山,2023-02-21,1029
3545,敦泰,14,1,13,合庫-鳳山,2023-02-21,1029
5009,榮剛,26,13,13,合庫-鳳山,2023-02-21,1029
00679B,元大美債20年,12,0,12,合庫-鳳山,2023-02-21,1029
2408,南亞科,12,0,12,合庫-鳳山,2023-02-21,1029
00712,復華富時不動產,11,0,11,合庫-鳳山,2023-02-21,1029
2457,飛宏,45,34,11,合庫-鳳山,2023-02-21,1029
1605,華新,14,3,11,合庫-鳳山,2023-02-21,1029
00670L,富邦NASDAQ正2,10,0,10,合庫-鳳山,2023-02-21,1029
1717,長興,10,0,10,合庫-鳳山,2023-02-21,1029
1752,南光,10,0,10,合庫-鳳山,2023-02-21,1029
2367,燿華,10,0,10,合庫-鳳山,2023-02-21,1029
5905,南仁湖,10,0,10,合庫-鳳山,2023-02-21,1029
1503,士電,14,5,9,合庫-鳳山,2023-02-21,1029
2486,一詮,9,0,9,合庫-鳳山,2023-02-21,1029
2497,怡利電,10,1,9,合庫-鳳山,2023-02-21,1029
1512,瑞利,8,0,8,合庫-鳳山,2023-02-21,1029
2886,兆豐金,8,0,8,合庫-鳳山,2023-02-21,1029
3594,磐儀,9,1,8,合庫-鳳山,2023-02-21,1029
4157,太景*-KY,8,0,8,合庫-鳳山,2023-02-21,1029
2888,新光金,10,2,8,合庫-鳳山,2023-02-21,1029
2883,凱基金,7,0,7,合庫-鳳山,2023-02-21,1029
1584,精剛,83,76,7,合庫-鳳山,2023-02-21,1029
2891,中信金,7,0,7,合庫-鳳山,2023-02-21,1029
8171,天宇,9,2,7,合庫-鳳山,2023-02-21,1029
0056,元大高股息,9,3,6,合庫-鳳山,2023-02-21,1029
2884,玉山金,2020,19,2001,合庫-鳳山,2023-02-22,1029
2312,金寶,269,0,269,合庫-鳳山,2023-02-22,1029
1605,華新,125,15,110,合庫-鳳山,2023-02-22,1029
00679B,元大美債20年,109,0,109,合庫-鳳山,2023-02-22,1029
00878,國泰永續高股息,106,34,72,合庫-鳳山,2023-02-22,1029
2409,友達,50,14,36,合庫-鳳山,2023-02-22,1029
00665L,富邦�琤肭磪囓�2,130,100,30,合庫-鳳山,2023-02-22,1029
00893,國泰智能電動車,25,0,25,合庫-鳳山,2023-02-22,1029
3037,欣興,29,4,25,合庫-鳳山,2023-02-22,1029
2511,太子,22,0,22,合庫-鳳山,2023-02-22,1029
3058,立德,20,0,20,合庫-鳳山,2023-02-22,1029
2330,台積電,20,0,20,合庫-鳳山,2023-02-22,1029
0056,元大高股息,19,0,19,合庫-鳳山,2023-02-22,1029
2618,長榮航,30,11,19,合庫-鳳山,2023-02-22,1029
3041,揚智,20,1,19,合庫-鳳山,2023-02-22,1029
6770,力積電,22,5,17,合庫-鳳山,2023-02-22,1029
2002,中鋼,17,1,16,合庫-鳳山,2023-02-22,1029
2801,彰銀,16,0,16,合庫-鳳山,2023-02-22,1029
4432,銘旺實,16,0,16,合庫-鳳山,2023-02-22,1029
1513,中興電,22,7,15,合庫-鳳山,2023-02-22,1029
6282,康舒,35,20,15,合庫-鳳山,2023-02-22,1029
6541,泰福-KY,15,0,15,合庫-鳳山,2023-02-22,1029
1101,台泥,17,3,14,合庫-鳳山,2023-02-22,1029
2745,五福,14,0,14,合庫-鳳山,2023-02-22,1029
2883,凱基金,14,0,14,合庫-鳳山,2023-02-22,1029
6589,台康生技,13,0,13,合庫-鳳山,2023-02-22,1029
8358,金居,18,5,13,合庫-鳳山,2023-02-22,1029
3707,漢磊,12,0,12,合庫-鳳山,2023-02-22,1029
00670L,富邦NASDAQ正2,11,0,11,合庫-鳳山,2023-02-22,1029
2303,聯電,13,2,11,合庫-鳳山,2023-02-22,1029
2605,新興,11,0,11,合庫-鳳山,2023-02-22,1029
6188,廣明,12,1,11,合庫-鳳山,2023-02-22,1029
6196,帆宣,11,0,11,合庫-鳳山,2023-02-22,1029
2028,威致,10,0,10,合庫-鳳山,2023-02-22,1029
2812,台中銀,10,0,10,合庫-鳳山,2023-02-22,1029
4114,健喬,18,8,10,合庫-鳳山,2023-02-22,1029
6285,啟��,11,1,10,合庫-鳳山,2023-02-22,1029
00772B,中信高評級公司債,10,0,10,合庫-鳳山,2023-02-22,1029
00881,國泰台灣5G+,9,0,9,合庫-鳳山,2023-02-22,1029
00720B,元大投資級公司債,9,0,9,合庫-鳳山,2023-02-22,1029
2634,漢翔,12,3,9,合庫-鳳山,2023-02-22,1029
8390,金益鼎,10,1,9,合庫-鳳山,2023-02-22,1029
00713,元大台灣高息低波,8,0,8,合庫-鳳山,2023-02-22,1029
6015,宏遠證,8,0,8,合庫-鳳山,2023-02-22,1029
2208,台船,11,4,7,合庫-鳳山,2023-02-22,1029
2882,國泰金,8,1,7,合庫-鳳山,2023-02-22,1029
00882,中信中國高股息,7,0,7,合庫-鳳山,2023-02-22,1029
00902,中信電池及儲能,11,4,7,合庫-鳳山,2023-02-22,1029
2344,華邦電,8,1,7,合庫-鳳山,2023-02-22,1029
2888,新光金,7,0,7,合庫-鳳山,2023-02-22,1029
2884,玉山金,2007,8,1999,合庫-鳳山,2023-02-23,1029
00632R,元大台灣50反1,807,12,795,合庫-鳳山,2023-02-23,1029
2312,金寶,115,0,115,合庫-鳳山,2023-02-23,1029
00878,國泰永續高股息,120,8,112,合庫-鳳山,2023-02-23,1029
00891,中信關鍵半導體,70,1,69,合庫-鳳山,2023-02-23,1029
00715L,期街口布蘭特正2,69,0,69,合庫-鳳山,2023-02-23,1029
2409,友達,61,0,61,合庫-鳳山,2023-02-23,1029
2614,東森,61,1,60,合庫-鳳山,2023-02-23,1029
2303,聯電,151,110,41,合庫-鳳山,2023-02-23,1029
8996,高力,41,0,41,合庫-鳳山,2023-02-23,1029
2023,燁輝,32,0,32,合庫-鳳山,2023-02-23,1029
3664,安瑞-KY,32,0,32,合庫-鳳山,2023-02-23,1029
00665L,富邦�琤肭磪囓�2,100,70,30,合庫-鳳山,2023-02-23,1029
9914,美利達,27,0,27,合庫-鳳山,2023-02-23,1029
1810,和成,46,21,25,合庫-鳳山,2023-02-23,1029
5009,榮剛,25,0,25,合庫-鳳山,2023-02-23,1029
1605,華新,24,2,22,合庫-鳳山,2023-02-23,1029
2030,彰源,21,0,21,合庫-鳳山,2023-02-23,1029
8069,元太,21,0,21,合庫-鳳山,2023-02-23,1029
00671R,富邦NASDAQ反1,20,0,20,合庫-鳳山,2023-02-23,1029
5608,四維航,54,34,20,合庫-鳳山,2023-02-23,1029
00885,富邦越南,18,0,18,合庫-鳳山,2023-02-23,1029
1714,和桐,20,4,16,合庫-鳳山,2023-02-23,1029
5512,力麒,23,7,16,合庫-鳳山,2023-02-23,1029
2425,承啟,17,2,15,合庫-鳳山,2023-02-23,1029
8033,雷虎,19,4,15,合庫-鳳山,2023-02-23,1029
2748,雲品,46,32,14,合庫-鳳山,2023-02-23,1029
00637L,元大滬深300正2,33,20,13,合庫-鳳山,2023-02-23,1029
1503,士電,15,2,13,合庫-鳳山,2023-02-23,1029
2615,萬海,33,20,13,合庫-鳳山,2023-02-23,1029
4114,健喬,22,9,13,合庫-鳳山,2023-02-23,1029
1473,台南,12,0,12,合庫-鳳山,2023-02-23,1029
2344,華邦電,13,1,12,合庫-鳳山,2023-02-23,1029
2611,志信,12,1,11,合庫-鳳山,2023-02-23,1029
2701,萬企,11,0,11,合庫-鳳山,2023-02-23,1029
4977,眾達-KY,14,3,11,合庫-鳳山,2023-02-23,1029
5243,乙盛-KY,10,0,10,合庫-鳳山,2023-02-23,1029
1314,中石化,10,0,10,合庫-鳳山,2023-02-23,1029
2009,第一銅,10,0,10,合庫-鳳山,2023-02-23,1029
2017,官田鋼,10,0,10,合庫-鳳山,2023-02-23,1029
2408,南亞科,10,0,10,合庫-鳳山,2023-02-23,1029
2606,裕民,11,1,10,合庫-鳳山,2023-02-23,1029
3024,憶聲,11,1,10,合庫-鳳山,2023-02-23,1029
3149,正達,10,0,10,合庫-鳳山,2023-02-23,1029
4155,訊映,12,2,10,合庫-鳳山,2023-02-23,1029
6770,力積電,10,0,10,合庫-鳳山,2023-02-23,1029
00642U,期元大S＆P石油,9,0,9,合庫-鳳山,2023-02-23,1029
00720B,元大投資級公司債,9,0,9,合庫-鳳山,2023-02-23,1029
1513,中興電,13,4,9,合庫-鳳山,2023-02-23,1029
8171,天宇,19,10,9,合庫-鳳山,2023-02-23,1029
2884,玉山金,506,10,496,合庫-鳳山,2023-02-24,1029
00878,國泰永續高股息,151,1,150,合庫-鳳山,2023-02-24,1029
00637L,元大滬深300正2,224,82,142,合庫-鳳山,2023-02-24,1029
00665L,富邦�琤肭磪囓�2,140,0,140,合庫-鳳山,2023-02-24,1029
2312,金寶,72,0,72,合庫-鳳山,2023-02-24,1029
2601,益航,75,15,60,合庫-鳳山,2023-02-24,1029
9904,寶成,50,0,50,合庫-鳳山,2023-02-24,1029
6109,亞元,42,0,42,合庫-鳳山,2023-02-24,1029
2303,聯電,133,97,36,合庫-鳳山,2023-02-24,1029
8936,國統,48,12,36,合庫-鳳山,2023-02-24,1029
4432,銘旺實,30,0,30,合庫-鳳山,2023-02-24,1029
00715L,期街口布蘭特正2,66,41,25,合庫-鳳山,2023-02-24,1029
00753L,中信中國50正2,24,0,24,合庫-鳳山,2023-02-24,1029
3264,欣銓,29,5,24,合庫-鳳山,2023-02-24,1029
5701,劍湖山,25,3,22,合庫-鳳山,2023-02-24,1029
3037,欣興,38,17,21,合庫-鳳山,2023-02-24,1029
00670L,富邦NASDAQ正2,20,0,20,合庫-鳳山,2023-02-24,1029
2342,茂矽,19,0,19,合庫-鳳山,2023-02-24,1029
6770,力積電,35,17,18,合庫-鳳山,2023-02-24,1029
8210,勤誠,23,5,18,合庫-鳳山,2023-02-24,1029
2618,長榮航,27,10,17,合庫-鳳山,2023-02-24,1029
2317,鴻海,17,1,16,合庫-鳳山,2023-02-24,1029
2801,彰銀,15,0,15,合庫-鳳山,2023-02-24,1029
2354,鴻準,14,0,14,合庫-鳳山,2023-02-24,1029
2498,宏達電,21,8,13,合庫-鳳山,2023-02-24,1029
2457,飛宏,14,1,13,合庫-鳳山,2023-02-24,1029
6108,競國,13,0,13,合庫-鳳山,2023-02-24,1029
8046,南電,16,3,13,合庫-鳳山,2023-02-24,1029
9914,美利達,13,0,13,合庫-鳳山,2023-02-24,1029
2201,裕隆,21,9,12,合庫-鳳山,2023-02-24,1029
00882,中信中國高股息,12,0,12,合庫-鳳山,2023-02-24,1029
00881,國泰台灣5G+,12,0,12,合庫-鳳山,2023-02-24,1029
2002,中鋼,12,0,12,合庫-鳳山,2023-02-24,1029
2027,大成鋼,12,0,12,合庫-鳳山,2023-02-24,1029
2702,華園,12,0,12,合庫-鳳山,2023-02-24,1029
6133,金橋,12,0,12,合庫-鳳山,2023-02-24,1029
6733,博晟生醫,12,0,12,合庫-鳳山,2023-02-24,1029
1609,大亞,11,0,11,合庫-鳳山,2023-02-24,1029
1103,嘉泥,10,0,10,合庫-鳳山,2023-02-24,1029
00671R,富邦NASDAQ反1,10,0,10,合庫-鳳山,2023-02-24,1029
3149,正達,10,0,10,合庫-鳳山,2023-02-24,1029
3324,雙鴻,10,0,10,合庫-鳳山,2023-02-24,1029
6026,福邦證,10,0,10,合庫-鳳山,2023-02-24,1029
6202,盛群,10,0,10,合庫-鳳山,2023-02-24,1029
1813,寶利徠,9,0,9,合庫-鳳山,2023-02-24,1029
2014,中鴻,10,1,9,合庫-鳳山,2023-02-24,1029
2611,志信,19,10,9,合庫-鳳山,2023-02-24,1029
3058,立德,9,0,9,合庫-鳳山,2023-02-24,1029
6235,華孚,12,4,8,合庫-鳳山,2023-02-24,1029
00730,富邦臺灣優質高息,8,0,8,合庫-鳳山,2023-02-24,1029
00632R,元大台灣50反1,117,0,117,合庫-鳳山,2023-03-01,1029
5880,合庫金,103,2,101,合庫-鳳山,2023-03-01,1029
4114,健喬,77,0,77,合庫-鳳山,2023-03-01,1029
5009,榮剛,56,2,54,合庫-鳳山,2023-03-01,1029
6282,康舒,71,18,53,合庫-鳳山,2023-03-01,1029
2891,中信金,63,11,52,合庫-鳳山,2023-03-01,1029
00910,第一金太空衛星,48,0,48,合庫-鳳山,2023-03-01,1029
00878,國泰永續高股息,53,10,43,合庫-鳳山,2023-03-01,1029
3481,群創,40,1,39,合庫-鳳山,2023-03-01,1029
00891,中信關鍵半導體,60,24,36,合庫-鳳山,2023-03-01,1029
00916,國泰全球品牌50,36,0,36,合庫-鳳山,2023-03-01,1029
8936,國統,35,1,34,合庫-鳳山,2023-03-01,1029
1752,南光,30,0,30,合庫-鳳山,2023-03-01,1029
2002,中鋼,30,1,29,合庫-鳳山,2023-03-01,1029
5512,力麒,26,1,25,合庫-鳳山,2023-03-01,1029
5011,久陽,20,0,20,合庫-鳳山,2023-03-01,1029
2014,中鴻,19,0,19,合庫-鳳山,2023-03-01,1029
2605,新興,32,15,17,合庫-鳳山,2023-03-01,1029
2618,長榮航,20,3,17,合庫-鳳山,2023-03-01,1029
3708,上緯投控,16,0,16,合庫-鳳山,2023-03-01,1029
9945,潤泰新,18,2,16,合庫-鳳山,2023-03-01,1029
1210,大成,25,9,16,合庫-鳳山,2023-03-01,1029
2890,永豐金,16,1,15,合庫-鳳山,2023-03-01,1029
2069,運錩,15,0,15,合庫-鳳山,2023-03-01,1029
3264,欣銓,14,0,14,合庫-鳳山,2023-03-01,1029
9914,美利達,14,0,14,合庫-鳳山,2023-03-01,1029
2201,裕隆,36,23,13,合庫-鳳山,2023-03-01,1029
2449,京元電子,13,0,13,合庫-鳳山,2023-03-01,1029
00712,復華富時不動產,12,0,12,合庫-鳳山,2023-03-01,1029
4552,力達-KY,12,0,12,合庫-鳳山,2023-03-01,1029
2892,第一金,12,0,12,合庫-鳳山,2023-03-01,1029
1101,台泥,23,11,12,合庫-鳳山,2023-03-01,1029
00885,富邦越南,11,0,11,合庫-鳳山,2023-03-01,1029
2885,元大金,11,0,11,合庫-鳳山,2023-03-01,1029
2028,威致,10,0,10,合庫-鳳山,2023-03-01,1029
3149,正達,10,0,10,合庫-鳳山,2023-03-01,1029
4207,環泰,10,0,10,合庫-鳳山,2023-03-01,1029
5701,劍湖山,10,0,10,合庫-鳳山,2023-03-01,1029
8261,富鼎,10,0,10,合庫-鳳山,2023-03-01,1029
911868,同方友友-DR,10,0,10,合庫-鳳山,2023-03-01,1029
2882,國泰金,12,3,9,合庫-鳳山,2023-03-01,1029
8358,金居,9,0,9,合庫-鳳山,2023-03-01,1029
1219,福壽,9,0,9,合庫-鳳山,2023-03-01,1029
2884,玉山金,8,0,8,合庫-鳳山,2023-03-01,1029
00903,富邦元宇宙,8,0,8,合庫-鳳山,2023-03-01,1029
1313,聯成,7,0,7,合庫-鳳山,2023-03-01,1029
6547,高端疫苗,8,1,7,合庫-鳳山,2023-03-01,1029
2881,富邦金,6,0,6,合庫-鳳山,2023-03-01,1029
2834,臺企銀,48,42,6,合庫-鳳山,2023-03-01,1029
3033,威健,6,0,6,合庫-鳳山,2023-03-01,1029
00878,國泰永續高股息,310,11,299,合庫-鳳山,2023-03-02,1029
00712,復華富時不動產,80,0,80,合庫-鳳山,2023-03-02,1029
00891,中信關鍵半導體,53,0,53,合庫-鳳山,2023-03-02,1029
2867,三商壽,51,2,49,合庫-鳳山,2023-03-02,1029
5880,合庫金,41,0,41,合庫-鳳山,2023-03-02,1029
2449,京元電子,41,0,41,合庫-鳳山,2023-03-02,1029
00664R,國泰臺灣加權反1,36,0,36,合庫-鳳山,2023-03-02,1029
2886,兆豐金,31,1,30,合庫-鳳山,2023-03-02,1029
2402,毅嘉,32,3,29,合庫-鳳山,2023-03-02,1029
3481,群創,30,2,28,合庫-鳳山,2023-03-02,1029
0056,元大高股息,33,6,27,合庫-鳳山,2023-03-02,1029
8996,高力,26,0,26,合庫-鳳山,2023-03-02,1029
2882,國泰金,25,1,24,合庫-鳳山,2023-03-02,1029
00893,國泰智能電動車,21,0,21,合庫-鳳山,2023-03-02,1029
3027,盛達,30,10,20,合庫-鳳山,2023-03-02,1029
3081,聯亞,20,2,18,合庫-鳳山,2023-03-02,1029
4743,合一,17,0,17,合庫-鳳山,2023-03-02,1029
9929,秋雨,17,0,17,合庫-鳳山,2023-03-02,1029
2601,益航,29,16,13,合庫-鳳山,2023-03-02,1029
8936,國統,26,13,13,合庫-鳳山,2023-03-02,1029
00670L,富邦NASDAQ正2,12,0,12,合庫-鳳山,2023-03-02,1029
5210,寶碩,12,0,12,合庫-鳳山,2023-03-02,1029
2883,凱基金,13,1,12,合庫-鳳山,2023-03-02,1029
2891,中信金,11,1,10,合庫-鳳山,2023-03-02,1029
1309,台達化,10,0,10,合庫-鳳山,2023-03-02,1029
00632R,元大台灣50反1,15,5,10,合庫-鳳山,2023-03-02,1029
1734,杏輝,10,0,10,合庫-鳳山,2023-03-02,1029
2524,京城,10,0,10,合庫-鳳山,2023-03-02,1029
2748,雲品,13,3,10,合庫-鳳山,2023-03-02,1029
2897,王道銀行,10,0,10,合庫-鳳山,2023-03-02,1029
4927,泰鼎-KY,10,0,10,合庫-鳳山,2023-03-02,1029
5701,劍湖山,10,0,10,合庫-鳳山,2023-03-02,1029
6147,頎邦,12,2,10,合庫-鳳山,2023-03-02,1029
6202,盛群,10,0,10,合庫-鳳山,2023-03-02,1029
6217,中探針,10,0,10,合庫-鳳山,2023-03-02,1029
3362,先進光,22,13,9,合庫-鳳山,2023-03-02,1029
8105,凌巨,9,0,9,合庫-鳳山,2023-03-02,1029
911868,同方友友-DR,9,0,9,合庫-鳳山,2023-03-02,1029
1326,台化,8,0,8,合庫-鳳山,2023-03-02,1029
2303,聯電,9,1,8,合庫-鳳山,2023-03-02,1029
3706,神達,8,0,8,合庫-鳳山,2023-03-02,1029
1513,中興電,35,28,7,合庫-鳳山,2023-03-02,1029
2312,金寶,7,0,7,合庫-鳳山,2023-03-02,1029
2812,台中銀,8,1,7,合庫-鳳山,2023-03-02,1029
00881,國泰台灣5G+,6,0,6,合庫-鳳山,2023-03-02,1029
2888,新光金,6,0,6,合庫-鳳山,2023-03-02,1029
4207,環泰,6,0,6,合庫-鳳山,2023-03-02,1029
5243,乙盛-KY,6,0,6,合庫-鳳山,2023-03-02,1029
2201,裕隆,41,35,6,合庫-鳳山,2023-03-02,1029
2884,玉山金,10,4,6,合庫-鳳山,2023-03-02,1029
2867,三商壽,500,2,498,合庫-鳳山,2023-03-03,1029
00673R,期元大S＆P原油反1,200,0,200,合庫-鳳山,2023-03-03,1029
2495,普安,152,2,150,合庫-鳳山,2023-03-03,1029
2344,華邦電,128,22,106,合庫-鳳山,2023-03-03,1029
00632R,元大台灣50反1,101,5,96,合庫-鳳山,2023-03-03,1029
5410,國眾,59,1,58,合庫-鳳山,2023-03-03,1029
6235,華孚,127,72,55,合庫-鳳山,2023-03-03,1029
00712,復華富時不動產,40,0,40,合庫-鳳山,2023-03-03,1029
0056,元大高股息,50,10,40,合庫-鳳山,2023-03-03,1029
00881,國泰台灣5G+,37,3,34,合庫-鳳山,2023-03-03,1029
4743,合一,36,2,34,合庫-鳳山,2023-03-03,1029
2420,新巨,31,0,31,合庫-鳳山,2023-03-03,1029
1718,中纖,30,2,28,合庫-鳳山,2023-03-03,1029
2312,金寶,21,0,21,合庫-鳳山,2023-03-03,1029
2610,華航,23,3,20,合庫-鳳山,2023-03-03,1029
2884,玉山金,19,0,19,合庫-鳳山,2023-03-03,1029
00772B,中信高評級公司債,20,2,18,合庫-鳳山,2023-03-03,1029
1513,中興電,18,0,18,合庫-鳳山,2023-03-03,1029
2891,中信金,19,2,17,合庫-鳳山,2023-03-03,1029
4549,桓達,15,0,15,合庫-鳳山,2023-03-03,1029
2606,裕民,15,1,14,合庫-鳳山,2023-03-03,1029
6609,瀧澤科,14,0,14,合庫-鳳山,2023-03-03,1029
8112,至上,19,6,13,合庫-鳳山,2023-03-03,1029
1220,台榮,14,2,12,合庫-鳳山,2023-03-03,1029
1762,中化生,13,1,12,合庫-鳳山,2023-03-03,1029
2201,裕隆,16,4,12,合庫-鳳山,2023-03-03,1029
2883,凱基金,12,0,12,合庫-鳳山,2023-03-03,1029
2388,威盛,21,10,11,合庫-鳳山,2023-03-03,1029
3479,安勤,12,1,11,合庫-鳳山,2023-03-03,1029
6116,彩晶,21,10,11,合庫-鳳山,2023-03-03,1029
1506,正道,10,0,10,合庫-鳳山,2023-03-03,1029
6841,長佳智能,9,0,9,合庫-鳳山,2023-03-03,1029
1101,台泥,8,0,8,合庫-鳳山,2023-03-03,1029
00633L,富邦上証正2,8,0,8,合庫-鳳山,2023-03-03,1029
2605,新興,21,13,8,合庫-鳳山,2023-03-03,1029
8996,高力,7,0,7,合庫-鳳山,2023-03-03,1029
00710B,復華彭博非投等債,7,0,7,合庫-鳳山,2023-03-03,1029
2886,兆豐金,8,1,7,合庫-鳳山,2023-03-03,1029
3380,明泰,7,0,7,合庫-鳳山,2023-03-03,1029
3707,漢磊,8,1,7,合庫-鳳山,2023-03-03,1029
9945,潤泰新,7,0,7,合庫-鳳山,2023-03-03,1029
2002,中鋼,6,0,6,合庫-鳳山,2023-03-03,1029
00900,富邦特選高股息30,8,3,5,合庫-鳳山,2023-03-03,1029
1503,士電,5,0,5,合庫-鳳山,2023-03-03,1029
1540,喬福,5,0,5,合庫-鳳山,2023-03-03,1029
3693,營邦,5,0,5,合庫-鳳山,2023-03-03,1029
3715,定穎投控,5,0,5,合庫-鳳山,2023-03-03,1029
5452,佶優,7,2,5,合庫-鳳山,2023-03-03,1029
6188,廣明,6,1,5,合庫-鳳山,2023-03-03,1029
6770,力積電,15,10,5,合庫-鳳山,2023-03-03,1029
00673R,期元大S＆P原油反1,148,30,118,合庫-鳳山,2023-03-06,1029
00632R,元大台灣50反1,234,117,117,合庫-鳳山,2023-03-06,1029
00680L,元大美債20正2,100,0,100,合庫-鳳山,2023-03-06,1029
00637L,元大滬深300正2,65,2,63,合庫-鳳山,2023-03-06,1029
2338,光罩,58,2,56,合庫-鳳山,2023-03-06,1029
2888,新光金,52,0,52,合庫-鳳山,2023-03-06,1029
6609,瀧澤科,51,0,51,合庫-鳳山,2023-03-06,1029
2867,三商壽,46,0,46,合庫-鳳山,2023-03-06,1029
2363,矽統,40,0,40,合庫-鳳山,2023-03-06,1029
6177,達麗,40,0,40,合庫-鳳山,2023-03-06,1029
2344,華邦電,34,3,31,合庫-鳳山,2023-03-06,1029
00830,國泰費城半導體,31,1,30,合庫-鳳山,2023-03-06,1029
3441,聯一光,33,3,30,合庫-鳳山,2023-03-06,1029
6113,亞矽,25,0,25,合庫-鳳山,2023-03-06,1029
2313,華通,30,6,24,合庫-鳳山,2023-03-06,1029
00891,中信關鍵半導體,59,36,23,合庫-鳳山,2023-03-06,1029
2883,凱基金,25,3,22,合庫-鳳山,2023-03-06,1029
8105,凌巨,22,0,22,合庫-鳳山,2023-03-06,1029
3162,精確,25,4,21,合庫-鳳山,2023-03-06,1029
2834,臺企銀,21,5,16,合庫-鳳山,2023-03-06,1029
2605,新興,16,1,15,合庫-鳳山,2023-03-06,1029
3231,緯創,15,1,14,合庫-鳳山,2023-03-06,1029
00900,富邦特選高股息30,23,10,13,合庫-鳳山,2023-03-06,1029
00903,富邦元宇宙,12,0,12,合庫-鳳山,2023-03-06,1029
2929,淘帝-KY,22,10,12,合庫-鳳山,2023-03-06,1029
00633L,富邦上証正2,10,0,10,合庫-鳳山,2023-03-06,1029
3652,精聯,16,6,10,合庫-鳳山,2023-03-06,1029
4128,中天,10,0,10,合庫-鳳山,2023-03-06,1029
5328,華容,10,0,10,合庫-鳳山,2023-03-06,1029
5410,國眾,10,0,10,合庫-鳳山,2023-03-06,1029
6138,茂達,10,0,10,合庫-鳳山,2023-03-06,1029
6209,今國光,10,0,10,合庫-鳳山,2023-03-06,1029
9136,巨騰-DR,10,0,10,合庫-鳳山,2023-03-06,1029
9904,寶成,10,0,10,合庫-鳳山,2023-03-06,1029
1605,華新,33,24,9,合庫-鳳山,2023-03-06,1029
00708L,期元大S＆P黃金正2,9,0,9,合庫-鳳山,2023-03-06,1029
1810,和成,11,2,9,合庫-鳳山,2023-03-06,1029
6223,旺矽,12,4,8,合庫-鳳山,2023-03-06,1029
1101,台泥,8,0,8,合庫-鳳山,2023-03-06,1029
2420,新巨,8,1,7,合庫-鳳山,2023-03-06,1029
4931,新盛力,7,0,7,合庫-鳳山,2023-03-06,1029
5353,台林,7,0,7,合庫-鳳山,2023-03-06,1029
5434,崇越,7,0,7,合庫-鳳山,2023-03-06,1029
911868,同方友友-DR,7,0,7,合庫-鳳山,2023-03-06,1029
3479,安勤,9,3,6,合庫-鳳山,2023-03-06,1029
2630,亞航,7,1,6,合庫-鳳山,2023-03-06,1029
3580,友威科,6,0,6,合庫-鳳山,2023-03-06,1029
6112,邁達特,6,0,6,合庫-鳳山,2023-03-06,1029
8358,金居,6,0,6,合庫-鳳山,2023-03-06,1029
00712,復華富時不動產,5,0,5,合庫-鳳山,2023-03-06,1029
3441,聯一光,94,1,93,合庫-鳳山,2023-03-07,1029
3481,群創,80,24,56,合庫-鳳山,2023-03-07,1029
00893,國泰智能電動車,45,0,45,合庫-鳳山,2023-03-07,1029
5512,力麒,45,1,44,合庫-鳳山,2023-03-07,1029
1519,華城,68,29,39,合庫-鳳山,2023-03-07,1029
2495,普安,30,2,28,合庫-鳳山,2023-03-07,1029
2610,華航,30,2,28,合庫-鳳山,2023-03-07,1029
2884,玉山金,27,2,25,合庫-鳳山,2023-03-07,1029
4114,健喬,25,1,24,合庫-鳳山,2023-03-07,1029
00650L,復華香港正2,21,0,21,合庫-鳳山,2023-03-07,1029
6116,彩晶,22,2,20,合庫-鳳山,2023-03-07,1029
00637L,元大滬深300正2,41,22,19,合庫-鳳山,2023-03-07,1029
4549,桓達,19,0,19,合庫-鳳山,2023-03-07,1029
3231,緯創,23,5,18,合庫-鳳山,2023-03-07,1029
00713,元大台灣高息低波,18,0,18,合庫-鳳山,2023-03-07,1029
2337,旺宏,17,0,17,合庫-鳳山,2023-03-07,1029
1609,大亞,15,1,14,合庫-鳳山,2023-03-07,1029
8105,凌巨,14,0,14,合庫-鳳山,2023-03-07,1029
00712,復華富時不動產,13,0,13,合庫-鳳山,2023-03-07,1029
4162,智擎,13,0,13,合庫-鳳山,2023-03-07,1029
5258,虹堡,26,13,13,合庫-鳳山,2023-03-07,1029
1810,和成,28,16,12,合庫-鳳山,2023-03-07,1029
2014,中鴻,16,4,12,合庫-鳳山,2023-03-07,1029
5489,彩富,12,0,12,合庫-鳳山,2023-03-07,1029
00888,永豐台灣ESG,11,0,11,合庫-鳳山,2023-03-07,1029
3673,TPK-KY,11,0,11,合庫-鳳山,2023-03-07,1029
00903,富邦元宇宙,10,0,10,合庫-鳳山,2023-03-07,1029
00632R,元大台灣50反1,20,10,10,合庫-鳳山,2023-03-07,1029
1734,杏輝,10,0,10,合庫-鳳山,2023-03-07,1029
2009,第一銅,20,10,10,合庫-鳳山,2023-03-07,1029
2211,長榮鋼,10,0,10,合庫-鳳山,2023-03-07,1029
2338,光罩,28,18,10,合庫-鳳山,2023-03-07,1029
2369,菱生,11,1,10,合庫-鳳山,2023-03-07,1029
2548,華固,10,0,10,合庫-鳳山,2023-03-07,1029
2809,京城銀,10,0,10,合庫-鳳山,2023-03-07,1029
6138,茂達,10,0,10,合庫-鳳山,2023-03-07,1029
006208,富邦台50,9,0,9,合庫-鳳山,2023-03-07,1029
6558,興能高,13,4,9,合庫-鳳山,2023-03-07,1029
2409,友達,10,2,8,合庫-鳳山,2023-03-07,1029
3094,聯傑,10,2,8,合庫-鳳山,2023-03-07,1029
4552,力達-KY,8,0,8,合庫-鳳山,2023-03-07,1029
2352,佳世達,8,1,7,合庫-鳳山,2023-03-07,1029
1795,美時,26,19,7,合庫-鳳山,2023-03-07,1029
2440,太空梭,10,3,7,合庫-鳳山,2023-03-07,1029
2748,雲品,7,0,7,合庫-鳳山,2023-03-07,1029
3037,欣興,10,3,7,合庫-鳳山,2023-03-07,1029
1762,中化生,7,1,6,合庫-鳳山,2023-03-07,1029
1773,勝一,6,0,6,合庫-鳳山,2023-03-07,1029
2344,華邦電,11,5,6,合庫-鳳山,2023-03-07,1029
3014,聯陽,6,0,6,合庫-鳳山,2023-03-07,1029
2884,玉山金,2007,20,1987,合庫-鳳山,2023-03-08,1029
2892,第一金,500,0,500,合庫-鳳山,2023-03-08,1029
00637L,元大滬深300正2,343,10,333,合庫-鳳山,2023-03-08,1029
00665L,富邦�琤肭磪囓�2,110,0,110,合庫-鳳山,2023-03-08,1029
6770,力積電,85,4,81,合庫-鳳山,2023-03-08,1029
1605,華新,98,23,75,合庫-鳳山,2023-03-08,1029
00878,國泰永續高股息,82,30,52,合庫-鳳山,2023-03-08,1029
00891,中信關鍵半導體,52,0,52,合庫-鳳山,2023-03-08,1029
3149,正達,55,4,51,合庫-鳳山,2023-03-08,1029
1455,集盛,40,0,40,合庫-鳳山,2023-03-08,1029
00893,國泰智能電動車,37,0,37,合庫-鳳山,2023-03-08,1029
00882,中信中國高股息,35,0,35,合庫-鳳山,2023-03-08,1029
8163,達方,30,0,30,合庫-鳳山,2023-03-08,1029
00900,富邦特選高股息30,30,0,30,合庫-鳳山,2023-03-08,1029
2338,光罩,30,0,30,合庫-鳳山,2023-03-08,1029
2014,中鴻,42,13,29,合庫-鳳山,2023-03-08,1029
2886,兆豐金,37,8,29,合庫-鳳山,2023-03-08,1029
00683L,期元大美元指正2,28,0,28,合庫-鳳山,2023-03-08,1029
2601,益航,26,0,26,合庫-鳳山,2023-03-08,1029
6282,康舒,34,9,25,合庫-鳳山,2023-03-08,1029
00881,國泰台灣5G+,24,0,24,合庫-鳳山,2023-03-08,1029
6139,亞翔,25,1,24,合庫-鳳山,2023-03-08,1029
2883,凱基金,26,2,24,合庫-鳳山,2023-03-08,1029
00671R,富邦NASDAQ反1,20,0,20,合庫-鳳山,2023-03-08,1029
6125,廣運,20,2,18,合庫-鳳山,2023-03-08,1029
1504,東元,18,1,17,合庫-鳳山,2023-03-08,1029
2888,新光金,17,0,17,合庫-鳳山,2023-03-08,1029
9907,統一實,30,13,17,合庫-鳳山,2023-03-08,1029
00712,復華富時不動產,16,0,16,合庫-鳳山,2023-03-08,1029
6205,詮欣,16,0,16,合庫-鳳山,2023-03-08,1029
911868,同方友友-DR,15,0,15,合庫-鳳山,2023-03-08,1029
2609,陽明,34,20,14,合庫-鳳山,2023-03-08,1029
1432,大魯閣,15,1,14,合庫-鳳山,2023-03-08,1029
00907,永豐優息存股,13,0,13,合庫-鳳山,2023-03-08,1029
2313,華通,13,0,13,合庫-鳳山,2023-03-08,1029
6761,穩得,13,0,13,合庫-鳳山,2023-03-08,1029
00633L,富邦上証正2,12,0,12,合庫-鳳山,2023-03-08,1029
2606,裕民,12,0,12,合庫-鳳山,2023-03-08,1029
2641,正德,12,1,11,合庫-鳳山,2023-03-08,1029
3013,晟銘電,12,1,11,合庫-鳳山,2023-03-08,1029
6290,良維,12,1,11,合庫-鳳山,2023-03-08,1029
8938,明安,12,1,11,合庫-鳳山,2023-03-08,1029
0056,元大高股息,12,1,11,合庫-鳳山,2023-03-08,1029
1101,台泥,26,16,10,合庫-鳳山,2023-03-08,1029
00888,永豐台灣ESG,10,0,10,合庫-鳳山,2023-03-08,1029
1762,中化生,10,0,10,合庫-鳳山,2023-03-08,1029
1815,富喬,10,0,10,合庫-鳳山,2023-03-08,1029
2482,連宇,17,7,10,合庫-鳳山,2023-03-08,1029
2542,興富發,10,0,10,合庫-鳳山,2023-03-08,1029
4114,健喬,10,0,10,合庫-鳳山,2023-03-08,1029
3481,群創,126,10,116,合庫-鳳山,2023-03-09,1029
2892,第一金,101,0,101,合庫-鳳山,2023-03-09,1029
2884,玉山金,66,0,66,合庫-鳳山,2023-03-09,1029
00637L,元大滬深300正2,115,51,64,合庫-鳳山,2023-03-09,1029
00878,國泰永續高股息,70,18,52,合庫-鳳山,2023-03-09,1029
8099,大世科,50,1,49,合庫-鳳山,2023-03-09,1029
2347,聯強,44,0,44,合庫-鳳山,2023-03-09,1029
00665L,富邦�琤肭磪囓�2,40,0,40,合庫-鳳山,2023-03-09,1029
2887,台新金,38,0,38,合庫-鳳山,2023-03-09,1029
911868,同方友友-DR,38,0,38,合庫-鳳山,2023-03-09,1029
6570,維田,37,0,37,合庫-鳳山,2023-03-09,1029
2338,光罩,39,3,36,合庫-鳳山,2023-03-09,1029
2634,漢翔,56,21,35,合庫-鳳山,2023-03-09,1029
8050,廣積,33,0,33,合庫-鳳山,2023-03-09,1029
9924,福興,30,0,30,合庫-鳳山,2023-03-09,1029
00712,復華富時不動產,29,0,29,合庫-鳳山,2023-03-09,1029
2409,友達,29,0,29,合庫-鳳山,2023-03-09,1029
2461,光群雷,27,0,27,合庫-鳳山,2023-03-09,1029
00923,群益台ESG低碳50,24,0,24,合庫-鳳山,2023-03-09,1029
2886,兆豐金,24,0,24,合庫-鳳山,2023-03-09,1029
4114,健喬,24,0,24,合庫-鳳山,2023-03-09,1029
6290,良維,24,1,23,合庫-鳳山,2023-03-09,1029
6160,欣技,22,0,22,合庫-鳳山,2023-03-09,1029
6235,華孚,32,10,22,合庫-鳳山,2023-03-09,1029
2891,中信金,20,0,20,合庫-鳳山,2023-03-09,1029
2637,慧洋-KY,21,1,20,合庫-鳳山,2023-03-09,1029
3483,力致,20,0,20,合庫-鳳山,2023-03-09,1029
2317,鴻海,19,0,19,合庫-鳳山,2023-03-09,1029
3209,全科,17,0,17,合庫-鳳山,2023-03-09,1029
9907,統一實,27,10,17,合庫-鳳山,2023-03-09,1029
2439,美律,16,0,16,合庫-鳳山,2023-03-09,1029
2486,一詮,21,6,15,合庫-鳳山,2023-03-09,1029
2367,燿華,18,4,14,合庫-鳳山,2023-03-09,1029
2375,凱美,14,0,14,合庫-鳳山,2023-03-09,1029
5009,榮剛,22,8,14,合庫-鳳山,2023-03-09,1029
3362,先進光,57,44,13,合庫-鳳山,2023-03-09,1029
8112,至上,14,1,13,合庫-鳳山,2023-03-09,1029
2457,飛宏,26,13,13,合庫-鳳山,2023-03-09,1029
9105,泰金寶-DR,20,7,13,合庫-鳳山,2023-03-09,1029
3013,晟銘電,14,2,12,合庫-鳳山,2023-03-09,1029
3027,盛達,16,4,12,合庫-鳳山,2023-03-09,1029
3708,上緯投控,12,0,12,合庫-鳳山,2023-03-09,1029
1609,大亞,15,4,11,合庫-鳳山,2023-03-09,1029
3703,欣陸,11,0,11,合庫-鳳山,2023-03-09,1029
5484,慧友,11,0,11,合庫-鳳山,2023-03-09,1029
00715L,期街口布蘭特正2,30,20,10,合庫-鳳山,2023-03-09,1029
1560,中砂,11,1,10,合庫-鳳山,2023-03-09,1029
2231,為升,10,0,10,合庫-鳳山,2023-03-09,1029
6026,福邦證,10,0,10,合庫-鳳山,2023-03-09,1029
6125,廣運,10,0,10,合庫-鳳山,2023-03-09,1029
00637L,元大滬深300正2,342,111,231,合庫-鳳山,2023-03-10,1029
00753L,中信中國50正2,207,0,207,合庫-鳳山,2023-03-10,1029
00665L,富邦�琤肭磪囓�2,260,60,200,合庫-鳳山,2023-03-10,1029
00878,國泰永續高股息,171,19,152,合庫-鳳山,2023-03-10,1029
2610,華航,141,19,122,合庫-鳳山,2023-03-10,1029
2609,陽明,223,108,115,合庫-鳳山,2023-03-10,1029
1519,華城,67,1,66,合庫-鳳山,2023-03-10,1029
3576,聯合再生,61,0,61,合庫-鳳山,2023-03-10,1029
6116,彩晶,59,0,59,合庫-鳳山,2023-03-10,1029
6290,良維,49,0,49,合庫-鳳山,2023-03-10,1029
3481,群創,49,5,44,合庫-鳳山,2023-03-10,1029
2887,台新金,39,0,39,合庫-鳳山,2023-03-10,1029
5880,合庫金,39,0,39,合庫-鳳山,2023-03-10,1029
2344,華邦電,47,11,36,合庫-鳳山,2023-03-10,1029
8069,元太,40,4,36,合庫-鳳山,2023-03-10,1029
2867,三商壽,40,5,35,合庫-鳳山,2023-03-10,1029
2883,凱基金,36,2,34,合庫-鳳山,2023-03-10,1029
00882,中信中國高股息,33,0,33,合庫-鳳山,2023-03-10,1029
4142,國光生,44,15,29,合庫-鳳山,2023-03-10,1029
3041,揚智,30,2,28,合庫-鳳山,2023-03-10,1029
2618,長榮航,45,17,28,合庫-鳳山,2023-03-10,1029
1605,華新,56,33,23,合庫-鳳山,2023-03-10,1029
00713,元大台灣高息低波,23,1,22,合庫-鳳山,2023-03-10,1029
6177,達麗,20,0,20,合庫-鳳山,2023-03-10,1029
2884,玉山金,28,10,18,合庫-鳳山,2023-03-10,1029
2891,中信金,19,1,18,合庫-鳳山,2023-03-10,1029
5009,榮剛,21,3,18,合庫-鳳山,2023-03-10,1029
3264,欣銓,47,30,17,合庫-鳳山,2023-03-10,1029
00715L,期街口布蘭特正2,17,0,17,合庫-鳳山,2023-03-10,1029
1219,福壽,16,0,16,合庫-鳳山,2023-03-10,1029
8222,寶一,24,8,16,合庫-鳳山,2023-03-10,1029
8936,國統,24,9,15,合庫-鳳山,2023-03-10,1029
00893,國泰智能電動車,15,0,15,合庫-鳳山,2023-03-10,1029
00664R,國泰臺灣加權反1,15,0,15,合庫-鳳山,2023-03-10,1029
2010,春源,15,0,15,合庫-鳳山,2023-03-10,1029
2330,台積電,14,0,14,合庫-鳳山,2023-03-10,1029
2882,國泰金,29,15,14,合庫-鳳山,2023-03-10,1029
0050,元大台灣50,15,1,14,合庫-鳳山,2023-03-10,1029
00712,復華富時不動產,12,0,12,合庫-鳳山,2023-03-10,1029
00923,群益台ESG低碳50,12,0,12,合庫-鳳山,2023-03-10,1029
2885,元大金,11,0,11,合庫-鳳山,2023-03-10,1029
3035,智原,13,2,11,合庫-鳳山,2023-03-10,1029
00888,永豐台灣ESG,11,0,11,合庫-鳳山,2023-03-10,1029
00670L,富邦NASDAQ正2,11,0,11,合庫-鳳山,2023-03-10,1029
2388,威盛,20,9,11,合庫-鳳山,2023-03-10,1029
2516,新建,13,2,11,合庫-鳳山,2023-03-10,1029
2731,雄獅,12,1,11,合庫-鳳山,2023-03-10,1029
4541,晟田,14,3,11,合庫-鳳山,2023-03-10,1029
2881,富邦金,11,0,11,合庫-鳳山,2023-03-10,1029
2371,大同,10,0,10,合庫-鳳山,2023-03-10,1029
2884,玉山金,331,8,323,合庫-鳳山,2023-03-13,1029
00878,國泰永續高股息,174,19,155,合庫-鳳山,2023-03-13,1029
6235,華孚,123,12,111,合庫-鳳山,2023-03-13,1029
2891,中信金,105,3,102,合庫-鳳山,2023-03-13,1029
4417,金洲,82,5,77,合庫-鳳山,2023-03-13,1029
00712,復華富時不動產,67,0,67,合庫-鳳山,2023-03-13,1029
00715L,期街口布蘭特正2,88,22,66,合庫-鳳山,2023-03-13,1029
00680L,元大美債20正2,55,0,55,合庫-鳳山,2023-03-13,1029
911868,同方友友-DR,55,0,55,合庫-鳳山,2023-03-13,1029
00664R,國泰臺灣加權反1,50,0,50,合庫-鳳山,2023-03-13,1029
2338,光罩,56,6,50,合庫-鳳山,2023-03-13,1029
4909,新復興,50,0,50,合庫-鳳山,2023-03-13,1029
00632R,元大台灣50反1,171,123,48,合庫-鳳山,2023-03-13,1029
2890,永豐金,45,2,43,合庫-鳳山,2023-03-13,1029
8289,泰藝,24,0,24,合庫-鳳山,2023-03-13,1029
1432,大魯閣,22,0,22,合庫-鳳山,2023-03-13,1029
00772B,中信高評級公司債,21,1,20,合庫-鳳山,2023-03-13,1029
3041,揚智,20,0,20,合庫-鳳山,2023-03-13,1029
00713,元大台灣高息低波,19,0,19,合庫-鳳山,2023-03-13,1029
8936,國統,29,11,18,合庫-鳳山,2023-03-13,1029
2887,台新金,16,0,16,合庫-鳳山,2023-03-13,1029
2886,兆豐金,15,0,15,合庫-鳳山,2023-03-13,1029
3011,今皓,15,1,14,合庫-鳳山,2023-03-13,1029
3162,精確,21,7,14,合庫-鳳山,2023-03-13,1029
1513,中興電,19,6,13,合庫-鳳山,2023-03-13,1029
2312,金寶,13,0,13,合庫-鳳山,2023-03-13,1029
2438,翔耀,13,0,13,合庫-鳳山,2023-03-13,1029
3576,聯合再生,13,0,13,合庫-鳳山,2023-03-13,1029
2634,漢翔,14,1,13,合庫-鳳山,2023-03-13,1029
1504,東元,15,2,13,合庫-鳳山,2023-03-13,1029
2457,飛宏,20,8,12,合庫-鳳山,2023-03-13,1029
6239,力成,12,0,12,合庫-鳳山,2023-03-13,1029
2610,華航,16,6,10,合庫-鳳山,2023-03-13,1029
4915,致伸,11,1,10,合庫-鳳山,2023-03-13,1029
6191,精成科,10,0,10,合庫-鳳山,2023-03-13,1029
00751B,元大AAA至A公司債,8,0,8,合庫-鳳山,2023-03-13,1029
6770,力積電,8,0,8,合庫-鳳山,2023-03-13,1029
2801,彰銀,9,1,8,合庫-鳳山,2023-03-13,1029
00679B,元大美債20年,8,1,7,合庫-鳳山,2023-03-13,1029
2014,中鴻,11,4,7,合庫-鳳山,2023-03-13,1029
2206,三陽工業,9,2,7,合庫-鳳山,2023-03-13,1029
2409,友達,11,4,7,合庫-鳳山,2023-03-13,1029
1316,上曜,8,2,6,合庫-鳳山,2023-03-13,1029
3037,欣興,16,10,6,合庫-鳳山,2023-03-13,1029
5285,界霖,6,0,6,合庫-鳳山,2023-03-13,1029
6245,立端,7,1,6,合庫-鳳山,2023-03-13,1029
6282,康舒,16,10,6,合庫-鳳山,2023-03-13,1029
6535,順藥,6,0,6,合庫-鳳山,2023-03-13,1029
8027,鈦昇,6,0,6,合庫-鳳山,2023-03-13,1029
8933,愛地雅,11,5,6,合庫-鳳山,2023-03-13,1029
00878,國泰永續高股息,195,2,193,合庫-鳳山,2023-03-14,1029
2303,聯電,175,0,175,合庫-鳳山,2023-03-14,1029
2867,三商壽,165,0,165,合庫-鳳山,2023-03-14,1029
911868,同方友友-DR,159,0,159,合庫-鳳山,2023-03-14,1029
00715L,期街口布蘭特正2,91,0,91,合庫-鳳山,2023-03-14,1029
2891,中信金,66,0,66,合庫-鳳山,2023-03-14,1029
5880,合庫金,66,1,65,合庫-鳳山,2023-03-14,1029
8289,泰藝,72,12,60,合庫-鳳山,2023-03-14,1029
2618,長榮航,63,4,59,合庫-鳳山,2023-03-14,1029
2615,萬海,81,27,54,合庫-鳳山,2023-03-14,1029
2609,陽明,98,55,43,合庫-鳳山,2023-03-14,1029
2888,新光金,38,0,38,合庫-鳳山,2023-03-14,1029
2610,華航,41,7,34,合庫-鳳山,2023-03-14,1029
00679B,元大美債20年,36,2,34,合庫-鳳山,2023-03-14,1029
6109,亞元,33,0,33,合庫-鳳山,2023-03-14,1029
00893,國泰智能電動車,31,0,31,合庫-鳳山,2023-03-14,1029
00637L,元大滬深300正2,92,62,30,合庫-鳳山,2023-03-14,1029
2834,臺企銀,36,7,29,合庫-鳳山,2023-03-14,1029
1519,華城,23,2,21,合庫-鳳山,2023-03-14,1029
00632R,元大台灣50反1,50,30,20,合庫-鳳山,2023-03-14,1029
5386,青雲,20,0,20,合庫-鳳山,2023-03-14,1029
6177,達麗,20,0,20,合庫-鳳山,2023-03-14,1029
00712,復華富時不動產,18,0,18,合庫-鳳山,2023-03-14,1029
2409,友達,21,4,17,合庫-鳳山,2023-03-14,1029
0056,元大高股息,17,0,17,合庫-鳳山,2023-03-14,1029
2882,國泰金,17,0,17,合庫-鳳山,2023-03-14,1029
3481,群創,24,8,16,合庫-鳳山,2023-03-14,1029
2886,兆豐金,15,0,15,合庫-鳳山,2023-03-14,1029
1569,濱川,15,0,15,合庫-鳳山,2023-03-14,1029
2427,三商電,15,0,15,合庫-鳳山,2023-03-14,1029
2634,漢翔,18,4,14,合庫-鳳山,2023-03-14,1029
2801,彰銀,14,0,14,合庫-鳳山,2023-03-14,1029
00882,中信中國高股息,12,0,12,合庫-鳳山,2023-03-14,1029
1605,華新,24,12,12,合庫-鳳山,2023-03-14,1029
4979,華星光,13,1,12,合庫-鳳山,2023-03-14,1029
8936,國統,29,17,12,合庫-鳳山,2023-03-14,1029
1762,中化生,32,21,11,合庫-鳳山,2023-03-14,1029
1909,榮成,10,0,10,合庫-鳳山,2023-03-14,1029
2542,興富發,10,0,10,合庫-鳳山,2023-03-14,1029
3714,富采,10,0,10,合庫-鳳山,2023-03-14,1029
00881,國泰台灣5G+,9,0,9,合庫-鳳山,2023-03-14,1029
00751B,元大AAA至A公司債,9,0,9,合庫-鳳山,2023-03-14,1029
2887,台新金,9,0,9,合庫-鳳山,2023-03-14,1029
2352,佳世達,8,0,8,合庫-鳳山,2023-03-14,1029
4119,旭富,15,7,8,合庫-鳳山,2023-03-14,1029
8171,天宇,8,0,8,合庫-鳳山,2023-03-14,1029
00900,富邦特選高股息30,8,1,7,合庫-鳳山,2023-03-14,1029
3029,零壹,7,0,7,合庫-鳳山,2023-03-14,1029
3128,昇銳,10,3,7,合庫-鳳山,2023-03-14,1029
5864,致和證,7,0,7,合庫-鳳山,2023-03-14,1029
00878,國泰永續高股息,207,2,205,合庫-鳳山,2023-03-15,1029
5880,合庫金,121,0,121,合庫-鳳山,2023-03-15,1029
00715L,期街口布蘭特正2,128,20,108,合庫-鳳山,2023-03-15,1029
2609,陽明,123,20,103,合庫-鳳山,2023-03-15,1029
00720B,元大投資級公司債,100,0,100,合庫-鳳山,2023-03-15,1029
00680L,元大美債20正2,89,0,89,合庫-鳳山,2023-03-15,1029
1519,華城,87,16,71,合庫-鳳山,2023-03-15,1029
0056,元大高股息,50,3,47,合庫-鳳山,2023-03-15,1029
00669R,國泰美國道瓊反1,37,0,37,合庫-鳳山,2023-03-15,1029
2603,長榮,65,29,36,合庫-鳳山,2023-03-15,1029
2886,兆豐金,29,1,28,合庫-鳳山,2023-03-15,1029
00642U,期元大S＆P石油,26,0,26,合庫-鳳山,2023-03-15,1029
3081,聯亞,25,0,25,合庫-鳳山,2023-03-15,1029
00679B,元大美債20年,25,1,24,合庫-鳳山,2023-03-15,1029
9945,潤泰新,20,0,20,合庫-鳳山,2023-03-15,1029
2542,興富發,20,0,20,合庫-鳳山,2023-03-15,1029
2887,台新金,21,1,20,合庫-鳳山,2023-03-15,1029
00671R,富邦NASDAQ反1,20,0,20,合庫-鳳山,2023-03-15,1029
5864,致和證,20,0,20,合庫-鳳山,2023-03-15,1029
2880,華南金,19,0,19,合庫-鳳山,2023-03-15,1029
2888,新光金,31,13,18,合庫-鳳山,2023-03-15,1029
6125,廣運,30,12,18,合庫-鳳山,2023-03-15,1029
8289,泰藝,19,1,18,合庫-鳳山,2023-03-15,1029
00713,元大台灣高息低波,17,0,17,合庫-鳳山,2023-03-15,1029
2883,凱基金,22,6,16,合庫-鳳山,2023-03-15,1029
1504,東元,18,2,16,合庫-鳳山,2023-03-15,1029
1314,中石化,18,4,14,合庫-鳳山,2023-03-15,1029
4927,泰鼎-KY,15,1,14,合庫-鳳山,2023-03-15,1029
2891,中信金,15,1,14,合庫-鳳山,2023-03-15,1029
2344,華邦電,15,2,13,合庫-鳳山,2023-03-15,1029
2457,飛宏,19,6,13,合庫-鳳山,2023-03-15,1029
3481,群創,33,20,13,合庫-鳳山,2023-03-15,1029
00712,復華富時不動產,12,0,12,合庫-鳳山,2023-03-15,1029
6142,友勁,12,0,12,合庫-鳳山,2023-03-15,1029
1714,和桐,10,0,10,合庫-鳳山,2023-03-15,1029
2069,運錩,10,0,10,合庫-鳳山,2023-03-15,1029
2524,京城,10,0,10,合庫-鳳山,2023-03-15,1029
2548,華固,10,0,10,合庫-鳳山,2023-03-15,1029
2867,三商壽,10,0,10,合庫-鳳山,2023-03-15,1029
3005,神基,10,0,10,合庫-鳳山,2023-03-15,1029
3287,廣寰科,10,0,10,合庫-鳳山,2023-03-15,1029
3564,其陽,10,0,10,合庫-鳳山,2023-03-15,1029
6697,東捷資訊,10,0,10,合庫-鳳山,2023-03-15,1029
8936,國統,11,1,10,合庫-鳳山,2023-03-15,1029
2615,萬海,32,22,10,合庫-鳳山,2023-03-15,1029
2367,燿華,10,1,9,合庫-鳳山,2023-03-15,1029
2890,永豐金,9,0,9,合庫-鳳山,2023-03-15,1029
3682,亞太電,10,1,9,合庫-鳳山,2023-03-15,1029
911868,同方友友-DR,9,0,9,合庫-鳳山,2023-03-15,1029
00772B,中信高評級公司債,9,0,9,合庫-鳳山,2023-03-15,1029
00878,國泰永續高股息,220,16,204,合庫-鳳山,2023-03-16,1029
2887,台新金,181,0,181,合庫-鳳山,2023-03-16,1029
2891,中信金,157,0,157,合庫-鳳山,2023-03-16,1029
2834,臺企銀,167,34,133,合庫-鳳山,2023-03-16,1029
6109,亞元,119,0,119,合庫-鳳山,2023-03-16,1029
2017,官田鋼,103,0,103,合庫-鳳山,2023-03-16,1029
00715L,期街口布蘭特正2,118,41,77,合庫-鳳山,2023-03-16,1029
00891,中信關鍵半導體,70,0,70,合庫-鳳山,2023-03-16,1029
2884,玉山金,76,8,68,合庫-鳳山,2023-03-16,1029
2610,華航,61,5,56,合庫-鳳山,2023-03-16,1029
00642U,期元大S＆P石油,43,0,43,合庫-鳳山,2023-03-16,1029
2882,國泰金,42,0,42,合庫-鳳山,2023-03-16,1029
2028,威致,40,0,40,合庫-鳳山,2023-03-16,1029
1513,中興電,51,13,38,合庫-鳳山,2023-03-16,1029
5603,陸海,35,0,35,合庫-鳳山,2023-03-16,1029
6271,同欣電,35,0,35,合庫-鳳山,2023-03-16,1029
2888,新光金,55,25,30,合庫-鳳山,2023-03-16,1029
2358,廷鑫,30,0,30,合庫-鳳山,2023-03-16,1029
5880,合庫金,34,5,29,合庫-鳳山,2023-03-16,1029
2014,中鴻,35,7,28,合庫-鳳山,2023-03-16,1029
2880,華南金,27,0,27,合庫-鳳山,2023-03-16,1029
2633,台灣高鐵,22,0,22,合庫-鳳山,2023-03-16,1029
2303,聯電,32,11,21,合庫-鳳山,2023-03-16,1029
2883,凱基金,46,26,20,合庫-鳳山,2023-03-16,1029
2069,運錩,20,0,20,合庫-鳳山,2023-03-16,1029
2438,翔耀,20,0,20,合庫-鳳山,2023-03-16,1029
2542,興富發,28,10,18,合庫-鳳山,2023-03-16,1029
2609,陽明,83,67,16,合庫-鳳山,2023-03-16,1029
00679B,元大美債20年,26,10,16,合庫-鳳山,2023-03-16,1029
6125,廣運,16,0,16,合庫-鳳山,2023-03-16,1029
1709,和益,15,0,15,合庫-鳳山,2023-03-16,1029
2881,富邦金,15,1,14,合庫-鳳山,2023-03-16,1029
00712,復華富時不動產,14,0,14,合庫-鳳山,2023-03-16,1029
2027,大成鋼,14,0,14,合庫-鳳山,2023-03-16,1029
2886,兆豐金,13,0,13,合庫-鳳山,2023-03-16,1029
00772B,中信高評級公司債,14,1,13,合庫-鳳山,2023-03-16,1029
2032,新鋼,13,0,13,合庫-鳳山,2023-03-16,1029
5864,致和證,13,0,13,合庫-鳳山,2023-03-16,1029
6122,擎邦,13,0,13,合庫-鳳山,2023-03-16,1029
00720B,元大投資級公司債,12,0,12,合庫-鳳山,2023-03-16,1029
3035,智原,14,2,12,合庫-鳳山,2023-03-16,1029
6217,中探針,12,0,12,合庫-鳳山,2023-03-16,1029
2038,海光,11,0,11,合庫-鳳山,2023-03-16,1029
8044,網家,11,0,11,合庫-鳳山,2023-03-16,1029
9929,秋雨,11,0,11,合庫-鳳山,2023-03-16,1029
2615,萬海,17,7,10,合庫-鳳山,2023-03-16,1029
2634,漢翔,13,3,10,合庫-鳳山,2023-03-16,1029
2906,高林,10,0,10,合庫-鳳山,2023-03-16,1029
3014,聯陽,10,0,10,合庫-鳳山,2023-03-16,1029
3483,力致,10,0,10,合庫-鳳山,2023-03-16,1029
5880,合庫金,223,0,223,合庫-鳳山,2023-03-17,1029
00680L,元大美債20正2,189,5,184,合庫-鳳山,2023-03-17,1029
6282,康舒,181,1,180,合庫-鳳山,2023-03-17,1029
2338,光罩,264,131,133,合庫-鳳山,2023-03-17,1029
2834,臺企銀,138,21,117,合庫-鳳山,2023-03-17,1029
00715L,期街口布蘭特正2,96,20,76,合庫-鳳山,2023-03-17,1029
00878,國泰永續高股息,76,12,64,合庫-鳳山,2023-03-17,1029
2884,玉山金,58,0,58,合庫-鳳山,2023-03-17,1029
00637L,元大滬深300正2,156,100,56,合庫-鳳山,2023-03-17,1029
00632R,元大台灣50反1,50,0,50,合庫-鳳山,2023-03-17,1029
2820,華票,47,0,47,合庫-鳳山,2023-03-17,1029
00713,元大台灣高息低波,30,0,30,合庫-鳳山,2023-03-17,1029
0056,元大高股息,33,3,30,合庫-鳳山,2023-03-17,1029
2337,旺宏,25,0,25,合庫-鳳山,2023-03-17,1029
2610,華航,25,0,25,合庫-鳳山,2023-03-17,1029
1440,南紡,20,0,20,合庫-鳳山,2023-03-17,1029
4157,太景*-KY,20,0,20,合庫-鳳山,2023-03-17,1029
4417,金洲,20,0,20,合庫-鳳山,2023-03-17,1029
2883,凱基金,19,0,19,合庫-鳳山,2023-03-17,1029
2606,裕民,18,0,18,合庫-鳳山,2023-03-17,1029
3032,偉訓,21,3,18,合庫-鳳山,2023-03-17,1029
3162,精確,23,5,18,合庫-鳳山,2023-03-17,1029
2801,彰銀,16,0,16,合庫-鳳山,2023-03-17,1029
00712,復華富時不動產,15,0,15,合庫-鳳山,2023-03-17,1029
00648R,元大S＆P500反1,14,0,14,合庫-鳳山,2023-03-17,1029
1514,亞力,14,0,14,合庫-鳳山,2023-03-17,1029
6202,盛群,14,0,14,合庫-鳳山,2023-03-17,1029
6244,茂迪,79,65,14,合庫-鳳山,2023-03-17,1029
00669R,國泰美國道瓊反1,12,0,12,合庫-鳳山,2023-03-17,1029
1609,大亞,12,0,12,合庫-鳳山,2023-03-17,1029
8046,南電,13,1,12,合庫-鳳山,2023-03-17,1029
1504,東元,15,4,11,合庫-鳳山,2023-03-17,1029
00720B,元大投資級公司債,11,0,11,合庫-鳳山,2023-03-17,1029
2471,資通,26,15,11,合庫-鳳山,2023-03-17,1029
9904,寶成,11,0,11,合庫-鳳山,2023-03-17,1029
2603,長榮,30,20,10,合庫-鳳山,2023-03-17,1029
6592,和潤企業,10,0,10,合庫-鳳山,2023-03-17,1029
1432,大魯閣,10,0,10,合庫-鳳山,2023-03-17,1029
00752,中信中國50,10,0,10,合庫-鳳山,2023-03-17,1029
2243,宏旭-KY,10,0,10,合庫-鳳山,2023-03-17,1029
2641,正德,13,3,10,合庫-鳳山,2023-03-17,1029
2891,中信金,10,0,10,合庫-鳳山,2023-03-17,1029
2892,第一金,10,0,10,合庫-鳳山,2023-03-17,1029
4958,臻鼎-KY,10,0,10,合庫-鳳山,2023-03-17,1029
5534,長虹,10,0,10,合庫-鳳山,2023-03-17,1029
6269,台郡,10,0,10,合庫-鳳山,2023-03-17,1029
5512,力麒,10,0,10,合庫-鳳山,2023-03-17,1029
2313,華通,17,8,9,合庫-鳳山,2023-03-17,1029
3005,神基,11,2,9,合庫-鳳山,2023-03-17,1029
5603,陸海,10,1,9,合庫-鳳山,2023-03-17,1029
00715L,期街口布蘭特正2,152,60,92,合庫-鳳山,2023-03-20,1029
2338,光罩,163,74,89,合庫-鳳山,2023-03-20,1029
00637L,元大滬深300正2,142,71,71,合庫-鳳山,2023-03-20,1029
2014,中鴻,64,0,64,合庫-鳳山,2023-03-20,1029
00712,復華富時不動產,50,0,50,合庫-鳳山,2023-03-20,1029
00665L,富邦�琤肭磪囓�2,200,150,50,合庫-鳳山,2023-03-20,1029
6244,茂迪,66,18,48,合庫-鳳山,2023-03-20,1029
00632R,元大台灣50反1,40,0,40,合庫-鳳山,2023-03-20,1029
00878,國泰永續高股息,120,85,35,合庫-鳳山,2023-03-20,1029
6282,康舒,95,63,32,合庫-鳳山,2023-03-20,1029
0056,元大高股息,34,3,31,合庫-鳳山,2023-03-20,1029
00642U,期元大S＆P石油,30,0,30,合庫-鳳山,2023-03-20,1029
3038,全台,25,0,25,合庫-鳳山,2023-03-20,1029
2882,國泰金,18,0,18,合庫-鳳山,2023-03-20,1029
2888,新光金,19,2,17,合庫-鳳山,2023-03-20,1029
00720B,元大投資級公司債,17,0,17,合庫-鳳山,2023-03-20,1029
4919,新唐,15,0,15,合庫-鳳山,2023-03-20,1029
2481,強茂,22,8,14,合庫-鳳山,2023-03-20,1029
2883,凱基金,15,2,13,合庫-鳳山,2023-03-20,1029
2834,臺企銀,15,3,12,合庫-鳳山,2023-03-20,1029
2492,華新科,10,0,10,合庫-鳳山,2023-03-20,1029
3083,網龍,10,0,10,合庫-鳳山,2023-03-20,1029
5009,榮剛,11,1,10,合庫-鳳山,2023-03-20,1029
9955,佳龍,14,4,10,合庫-鳳山,2023-03-20,1029
00885,富邦越南,9,0,9,合庫-鳳山,2023-03-20,1029
2606,裕民,9,0,9,合庫-鳳山,2023-03-20,1029
2889,國票金,10,1,9,合庫-鳳山,2023-03-20,1029
4967,十銓,11,3,8,合庫-鳳山,2023-03-20,1029
9945,潤泰新,16,8,8,合庫-鳳山,2023-03-20,1029
4513,福裕,10,2,8,合庫-鳳山,2023-03-20,1029
5512,力麒,8,0,8,合庫-鳳山,2023-03-20,1029
6651,全宇昕,8,0,8,合庫-鳳山,2023-03-20,1029
6592,和潤企業,7,0,7,合庫-鳳山,2023-03-20,1029
2801,彰銀,7,0,7,合庫-鳳山,2023-03-20,1029
6269,台郡,7,0,7,合庫-鳳山,2023-03-20,1029
6770,力積電,7,0,7,合庫-鳳山,2023-03-20,1029
00923,群益台ESG低碳50,6,0,6,合庫-鳳山,2023-03-20,1029
00679B,元大美債20年,9,3,6,合庫-鳳山,2023-03-20,1029
2850,新產,6,0,6,合庫-鳳山,2023-03-20,1029
2891,中信金,6,0,6,合庫-鳳山,2023-03-20,1029
3027,盛達,35,29,6,合庫-鳳山,2023-03-20,1029
8050,廣積,7,1,6,合庫-鳳山,2023-03-20,1029
8103,瀚荃,6,0,6,合庫-鳳山,2023-03-20,1029
8222,寶一,15,9,6,合庫-鳳山,2023-03-20,1029
2884,玉山金,15,10,5,合庫-鳳山,2023-03-20,1029
1304,台聚,5,0,5,合庫-鳳山,2023-03-20,1029
1313,聯成,5,0,5,合庫-鳳山,2023-03-20,1029
00751B,元大AAA至A公司債,7,2,5,合庫-鳳山,2023-03-20,1029
00633L,富邦上証正2,5,0,5,合庫-鳳山,2023-03-20,1029
1808,潤隆,5,0,5,合庫-鳳山,2023-03-20,1029
2884,玉山金,1205,20,1185,合庫-鳳山,2023-03-21,1029
00878,國泰永續高股息,71,1,70,合庫-鳳山,2023-03-21,1029
8033,雷虎,66,12,54,合庫-鳳山,2023-03-21,1029
2303,聯電,146,92,54,合庫-鳳山,2023-03-21,1029
4934,太極,49,0,49,合庫-鳳山,2023-03-21,1029
00712,復華富時不動產,38,0,38,合庫-鳳山,2023-03-21,1029
2834,臺企銀,36,2,34,合庫-鳳山,2023-03-21,1029
2302,麗正,25,0,25,合庫-鳳山,2023-03-21,1029
2883,凱基金,28,3,25,合庫-鳳山,2023-03-21,1029
00715L,期街口布蘭特正2,23,0,23,合庫-鳳山,2023-03-21,1029
00632R,元大台灣50反1,21,0,21,合庫-鳳山,2023-03-21,1029
4513,福裕,16,0,16,合庫-鳳山,2023-03-21,1029
3264,欣銓,15,0,15,合庫-鳳山,2023-03-21,1029
6443,元晶,23,8,15,合庫-鳳山,2023-03-21,1029
1603,華電,15,1,14,合庫-鳳山,2023-03-21,1029
2337,旺宏,15,1,14,合庫-鳳山,2023-03-21,1029
4162,智擎,14,0,14,合庫-鳳山,2023-03-21,1029
5222,全訊,14,0,14,合庫-鳳山,2023-03-21,1029
2618,長榮航,13,1,12,合庫-鳳山,2023-03-21,1029
3162,精確,23,11,12,合庫-鳳山,2023-03-21,1029
4129,聯合,16,4,12,合庫-鳳山,2023-03-21,1029
6770,力積電,12,0,12,合庫-鳳山,2023-03-21,1029
2609,陽明,19,8,11,合庫-鳳山,2023-03-21,1029
8936,國統,35,24,11,合庫-鳳山,2023-03-21,1029
2891,中信金,16,5,11,合庫-鳳山,2023-03-21,1029
6592,和潤企業,10,0,10,合庫-鳳山,2023-03-21,1029
2312,金寶,10,0,10,合庫-鳳山,2023-03-21,1029
2524,京城,10,0,10,合庫-鳳山,2023-03-21,1029
6456,GIS-KY,11,1,10,合庫-鳳山,2023-03-21,1029
00888,永豐台灣ESG,12,3,9,合庫-鳳山,2023-03-21,1029
1519,華城,12,3,9,合庫-鳳山,2023-03-21,1029
1605,華新,103,95,8,合庫-鳳山,2023-03-21,1029
2038,海光,9,1,8,合庫-鳳山,2023-03-21,1029
2402,毅嘉,24,16,8,合庫-鳳山,2023-03-21,1029
6160,欣技,10,2,8,合庫-鳳山,2023-03-21,1029
2610,華航,10,3,7,合庫-鳳山,2023-03-21,1029
3515,華擎,7,0,7,合庫-鳳山,2023-03-21,1029
4906,正文,7,0,7,合庫-鳳山,2023-03-21,1029
6129,普誠,10,3,7,合庫-鳳山,2023-03-21,1029
8028,昇陽半導體,7,0,7,合庫-鳳山,2023-03-21,1029
2388,威盛,18,11,7,合庫-鳳山,2023-03-21,1029
00720B,元大投資級公司債,6,0,6,合庫-鳳山,2023-03-21,1029
2344,華邦電,6,0,6,合庫-鳳山,2023-03-21,1029
3321,同泰,6,0,6,合庫-鳳山,2023-03-21,1029
5880,合庫金,6,1,5,合庫-鳳山,2023-03-21,1029
1410,南染,5,0,5,合庫-鳳山,2023-03-21,1029
2332,友訊,5,0,5,合庫-鳳山,2023-03-21,1029
2408,南亞科,5,0,5,合庫-鳳山,2023-03-21,1029
2421,建準,6,1,5,合庫-鳳山,2023-03-21,1029
2457,飛宏,32,27,5,合庫-鳳山,2023-03-21,1029
2884,玉山金,502,31,471,合庫-鳳山,2023-03-22,1029
00891,中信關鍵半導體,100,2,98,合庫-鳳山,2023-03-22,1029
00632R,元大台灣50反1,75,0,75,合庫-鳳山,2023-03-22,1029
3264,欣銓,54,0,54,合庫-鳳山,2023-03-22,1029
8105,凌巨,52,0,52,合庫-鳳山,2023-03-22,1029
2892,第一金,50,1,49,合庫-鳳山,2023-03-22,1029
2014,中鴻,42,0,42,合庫-鳳山,2023-03-22,1029
00637L,元大滬深300正2,75,34,41,合庫-鳳山,2023-03-22,1029
2880,華南金,33,1,32,合庫-鳳山,2023-03-22,1029
0056,元大高股息,46,16,30,合庫-鳳山,2023-03-22,1029
2028,威致,30,0,30,合庫-鳳山,2023-03-22,1029
6282,康舒,30,1,29,合庫-鳳山,2023-03-22,1029
2634,漢翔,26,0,26,合庫-鳳山,2023-03-22,1029
2069,運錩,22,0,22,合庫-鳳山,2023-03-22,1029
6120,達運,22,0,22,合庫-鳳山,2023-03-22,1029
5009,榮剛,22,1,21,合庫-鳳山,2023-03-22,1029
2812,台中銀,20,0,20,合庫-鳳山,2023-03-22,1029
00830,國泰費城半導體,20,0,20,合庫-鳳山,2023-03-22,1029
00712,復華富時不動產,20,0,20,合庫-鳳山,2023-03-22,1029
3041,揚智,20,0,20,合庫-鳳山,2023-03-22,1029
3596,智易,20,0,20,合庫-鳳山,2023-03-22,1029
2317,鴻海,16,0,16,合庫-鳳山,2023-03-22,1029
8936,國統,30,14,16,合庫-鳳山,2023-03-22,1029
1529,樂事綠能,111,96,15,合庫-鳳山,2023-03-22,1029
6443,元晶,22,7,15,合庫-鳳山,2023-03-22,1029
4306,炎洲,16,2,14,合庫-鳳山,2023-03-22,1029
2031,新光鋼,12,0,12,合庫-鳳山,2023-03-22,1029
3032,偉訓,15,3,12,合庫-鳳山,2023-03-22,1029
8289,泰藝,15,3,12,合庫-鳳山,2023-03-22,1029
00882,中信中國高股息,17,6,11,合庫-鳳山,2023-03-22,1029
3499,環天科,11,0,11,合庫-鳳山,2023-03-22,1029
3715,定穎投控,19,8,11,合庫-鳳山,2023-03-22,1029
1907,永豐餘,10,0,10,合庫-鳳山,2023-03-22,1029
2636,台驊控股,10,0,10,合庫-鳳山,2023-03-22,1029
3680,家登,10,0,10,合庫-鳳山,2023-03-22,1029
00679B,元大美債20年,10,1,9,合庫-鳳山,2023-03-22,1029
2546,根基,9,0,9,合庫-鳳山,2023-03-22,1029
2486,一詮,9,1,8,合庫-鳳山,2023-03-22,1029
3714,富采,8,0,8,合庫-鳳山,2023-03-22,1029
2337,旺宏,7,0,7,合庫-鳳山,2023-03-22,1029
2481,強茂,11,4,7,合庫-鳳山,2023-03-22,1029
3622,洋華,7,0,7,合庫-鳳山,2023-03-22,1029
00885,富邦越南,8,2,6,合庫-鳳山,2023-03-22,1029
00669R,國泰美國道瓊反1,6,0,6,合庫-鳳山,2023-03-22,1029
1605,華新,33,27,6,合庫-鳳山,2023-03-22,1029
2882,國泰金,10,4,6,合庫-鳳山,2023-03-22,1029
2891,中信金,6,0,6,合庫-鳳山,2023-03-22,1029
3306,鼎天,6,0,6,合庫-鳳山,2023-03-22,1029
4977,眾達-KY,8,2,6,合庫-鳳山,2023-03-22,1029
6140,訊達,6,0,6,合庫-鳳山,2023-03-22,1029
00632R,元大台灣50反1,525,20,505,合庫-鳳山,2023-03-23,1029
2834,臺企銀,207,2,205,合庫-鳳山,2023-03-23,1029
00878,國泰永續高股息,186,4,182,合庫-鳳山,2023-03-23,1029
2634,漢翔,115,4,111,合庫-鳳山,2023-03-23,1029
3483,力致,75,0,75,合庫-鳳山,2023-03-23,1029
5309,系統電,65,0,65,合庫-鳳山,2023-03-23,1029
3481,群創,60,6,54,合庫-鳳山,2023-03-23,1029
4128,中天,46,0,46,合庫-鳳山,2023-03-23,1029
2402,毅嘉,70,24,46,合庫-鳳山,2023-03-23,1029
2880,華南金,45,0,45,合庫-鳳山,2023-03-23,1029
00712,復華富時不動產,34,0,34,合庫-鳳山,2023-03-23,1029
00903,富邦元宇宙,30,0,30,合庫-鳳山,2023-03-23,1029
0056,元大高股息,32,3,29,合庫-鳳山,2023-03-23,1029
5465,富驊,26,0,26,合庫-鳳山,2023-03-23,1029
3037,欣興,58,34,24,合庫-鳳山,2023-03-23,1029
2609,陽明,41,18,23,合庫-鳳山,2023-03-23,1029
1513,中興電,23,0,23,合庫-鳳山,2023-03-23,1029
2606,裕民,21,1,20,合庫-鳳山,2023-03-23,1029
00713,元大台灣高息低波,19,1,18,合庫-鳳山,2023-03-23,1029
2641,正德,17,0,17,合庫-鳳山,2023-03-23,1029
2014,中鴻,17,1,16,合庫-鳳山,2023-03-23,1029
4934,太極,16,0,16,合庫-鳳山,2023-03-23,1029
2603,長榮,20,5,15,合庫-鳳山,2023-03-23,1029
5438,東友,15,0,15,合庫-鳳山,2023-03-23,1029
6770,力積電,16,2,14,合庫-鳳山,2023-03-23,1029
8046,南電,13,0,13,合庫-鳳山,2023-03-23,1029
1524,耿鼎,15,4,11,合庫-鳳山,2023-03-23,1029
2427,三商電,10,0,10,合庫-鳳山,2023-03-23,1029
1210,大成,10,0,10,合庫-鳳山,2023-03-23,1029
2313,華通,10,0,10,合庫-鳳山,2023-03-23,1029
2636,台驊控股,10,0,10,合庫-鳳山,2023-03-23,1029
3707,漢磊,10,0,10,合庫-鳳山,2023-03-23,1029
5009,榮剛,10,0,10,合庫-鳳山,2023-03-23,1029
5425,台半,25,15,10,合庫-鳳山,2023-03-23,1029
8210,勤誠,10,0,10,合庫-鳳山,2023-03-23,1029
2605,新興,9,0,9,合庫-鳳山,2023-03-23,1029
8996,高力,9,0,9,合庫-鳳山,2023-03-23,1029
3013,晟銘電,8,0,8,合庫-鳳山,2023-03-23,1029
00714,群益道瓊美國地產,7,0,7,合庫-鳳山,2023-03-23,1029
00720B,元大投資級公司債,7,0,7,合庫-鳳山,2023-03-23,1029
2482,連宇,9,2,7,合庫-鳳山,2023-03-23,1029
3062,建漢,7,0,7,合庫-鳳山,2023-03-23,1029
3221,台嘉碩,8,1,7,合庫-鳳山,2023-03-23,1029
4979,華星光,8,1,7,合庫-鳳山,2023-03-23,1029
6282,康舒,164,157,7,合庫-鳳山,2023-03-23,1029
00679B,元大美債20年,6,0,6,合庫-鳳山,2023-03-23,1029
1762,中化生,6,0,6,合庫-鳳山,2023-03-23,1029
2342,茂矽,19,13,6,合庫-鳳山,2023-03-23,1029
3022,威強電,10,4,6,合庫-鳳山,2023-03-23,1029
3504,揚明光,6,0,6,合庫-鳳山,2023-03-23,1029
00632R,元大台灣50反1,252,2,250,合庫-鳳山,2023-03-24,1029
2891,中信金,156,0,156,合庫-鳳山,2023-03-24,1029
2014,中鴻,101,1,100,合庫-鳳山,2023-03-24,1029
6606,建德工業,77,2,75,合庫-鳳山,2023-03-24,1029
2338,光罩,290,237,53,合庫-鳳山,2023-03-24,1029
3548,兆利,42,0,42,合庫-鳳山,2023-03-24,1029
00878,國泰永續高股息,111,74,37,合庫-鳳山,2023-03-24,1029
3481,群創,74,37,37,合庫-鳳山,2023-03-24,1029
5608,四維航,24,0,24,合庫-鳳山,2023-03-24,1029
3105,穩懋,22,1,21,合庫-鳳山,2023-03-24,1029
1513,中興電,21,1,20,合庫-鳳山,2023-03-24,1029
2028,威致,20,0,20,合庫-鳳山,2023-03-24,1029
2834,臺企銀,20,0,20,合庫-鳳山,2023-03-24,1029
3041,揚智,20,0,20,合庫-鳳山,2023-03-24,1029
2314,台揚,18,0,18,合庫-鳳山,2023-03-24,1029
2637,慧洋-KY,17,0,17,合庫-鳳山,2023-03-24,1029
8277,商丞,17,0,17,合庫-鳳山,2023-03-24,1029
2303,聯電,19,3,16,合庫-鳳山,2023-03-24,1029
2027,大成鋼,15,0,15,合庫-鳳山,2023-03-24,1029
8033,雷虎,14,0,14,合庫-鳳山,2023-03-24,1029
3221,台嘉碩,13,0,13,合庫-鳳山,2023-03-24,1029
8024,佑華,23,10,13,合庫-鳳山,2023-03-24,1029
1718,中纖,12,0,12,合庫-鳳山,2023-03-24,1029
8171,天宇,13,1,12,合庫-鳳山,2023-03-24,1029
2880,華南金,14,3,11,合庫-鳳山,2023-03-24,1029
3162,精確,12,1,11,合庫-鳳山,2023-03-24,1029
3545,敦泰,11,0,11,合庫-鳳山,2023-03-24,1029
6443,元晶,13,2,11,合庫-鳳山,2023-03-24,1029
1440,南紡,10,0,10,合庫-鳳山,2023-03-24,1029
2069,運錩,10,0,10,合庫-鳳山,2023-03-24,1029
3046,建��,10,0,10,合庫-鳳山,2023-03-24,1029
3380,明泰,10,0,10,合庫-鳳山,2023-03-24,1029
4726,永昕,13,3,10,合庫-鳳山,2023-03-24,1029
6129,普誠,10,0,10,合庫-鳳山,2023-03-24,1029
6865,偉康科技,10,0,10,合庫-鳳山,2023-03-24,1029
8936,國統,10,0,10,合庫-鳳山,2023-03-24,1029
2002,中鋼,9,1,8,合庫-鳳山,2023-03-24,1029
5351,鈺創,8,0,8,合庫-鳳山,2023-03-24,1029
8249,菱光,8,0,8,合庫-鳳山,2023-03-24,1029
1438,三地開發,8,1,7,合庫-鳳山,2023-03-24,1029
1514,亞力,8,1,7,合庫-鳳山,2023-03-24,1029
8996,高力,6,0,6,合庫-鳳山,2023-03-24,1029
1762,中化生,6,0,6,合庫-鳳山,2023-03-24,1029
2516,新建,6,0,6,合庫-鳳山,2023-03-24,1029
2883B,凱基金乙特,6,0,6,合庫-鳳山,2023-03-24,1029
3027,盛達,6,0,6,合庫-鳳山,2023-03-24,1029
3033,威健,6,0,6,合庫-鳳山,2023-03-24,1029
8234,新漢,25,19,6,合庫-鳳山,2023-03-24,1029
2883,凱基金,6,1,5,合庫-鳳山,2023-03-24,1029
00683L,期元大美元指正2,5,0,5,合庫-鳳山,2023-03-24,1029
2338,光罩,138,37,101,合庫-鳳山,2023-03-27,1029
3047,訊舟,81,3,78,合庫-鳳山,2023-03-27,1029
00882,中信中國高股息,73,0,73,合庫-鳳山,2023-03-27,1029
00878,國泰永續高股息,107,48,59,合庫-鳳山,2023-03-27,1029
5465,富驊,62,6,56,合庫-鳳山,2023-03-27,1029
1504,東元,76,21,55,合庫-鳳山,2023-03-27,1029
00900,富邦特選高股息30,50,1,49,合庫-鳳山,2023-03-27,1029
1605,華新,47,0,47,合庫-鳳山,2023-03-27,1029
3548,兆利,39,0,39,合庫-鳳山,2023-03-27,1029
0056,元大高股息,42,4,38,合庫-鳳山,2023-03-27,1029
2323,中環,37,5,32,合庫-鳳山,2023-03-27,1029
1727,中華化,29,0,29,合庫-鳳山,2023-03-27,1029
3046,建��,29,1,28,合庫-鳳山,2023-03-27,1029
00893,國泰智能電動車,25,0,25,合庫-鳳山,2023-03-27,1029
2208,台船,23,1,22,合庫-鳳山,2023-03-27,1029
00637L,元大滬深300正2,83,61,22,合庫-鳳山,2023-03-27,1029
2342,茂矽,27,5,22,合庫-鳳山,2023-03-27,1029
8088,品安,24,2,22,合庫-鳳山,2023-03-27,1029
2461,光群雷,21,0,21,合庫-鳳山,2023-03-27,1029
2438,翔耀,20,0,20,合庫-鳳山,2023-03-27,1029
2409,友達,18,1,17,合庫-鳳山,2023-03-27,1029
3664,安瑞-KY,17,0,17,合庫-鳳山,2023-03-27,1029
8222,寶一,23,6,17,合庫-鳳山,2023-03-27,1029
1609,大亞,22,6,16,合庫-鳳山,2023-03-27,1029
6770,力積電,22,6,16,合庫-鳳山,2023-03-27,1029
5353,台林,15,0,15,合庫-鳳山,2023-03-27,1029
3552,同致,19,6,13,合庫-鳳山,2023-03-27,1029
3078,僑威,37,24,13,合庫-鳳山,2023-03-27,1029
6288,聯嘉,14,1,13,合庫-鳳山,2023-03-27,1029
1513,中興電,14,3,11,合庫-鳳山,2023-03-27,1029
2834,臺企銀,12,2,10,合庫-鳳山,2023-03-27,1029
1618,合機,10,0,10,合庫-鳳山,2023-03-27,1029
2023,燁輝,10,0,10,合庫-鳳山,2023-03-27,1029
3707,漢磊,10,0,10,合庫-鳳山,2023-03-27,1029
4513,福裕,10,0,10,合庫-鳳山,2023-03-27,1029
4968,立積,10,0,10,合庫-鳳山,2023-03-27,1029
4977,眾達-KY,10,0,10,合庫-鳳山,2023-03-27,1029
3162,精確,9,0,9,合庫-鳳山,2023-03-27,1029
6226,光鼎,9,0,9,合庫-鳳山,2023-03-27,1029
3346,麗清,32,24,8,合庫-鳳山,2023-03-27,1029
3715,定穎投控,8,0,8,合庫-鳳山,2023-03-27,1029
4967,十銓,10,2,8,合庫-鳳山,2023-03-27,1029
6213,聯茂,8,0,8,合庫-鳳山,2023-03-27,1029
00679B,元大美債20年,9,2,7,合庫-鳳山,2023-03-27,1029
2883,凱基金,13,6,7,合庫-鳳山,2023-03-27,1029
8358,金居,7,0,7,合庫-鳳山,2023-03-27,1029
2105,正新,6,0,6,合庫-鳳山,2023-03-27,1029
2482,連宇,18,12,6,合庫-鳳山,2023-03-27,1029
3533,嘉澤,6,0,6,合庫-鳳山,2023-03-27,1029
3704,合勤控,6,0,6,合庫-鳳山,2023-03-27,1029
00637L,元大滬深300正2,260,40,220,合庫-鳳山,2023-03-28,1029
2303,聯電,118,2,116,合庫-鳳山,2023-03-28,1029
00905,FT臺灣Smart,100,0,100,合庫-鳳山,2023-03-28,1029
00665L,富邦�琤肭磪囓�2,100,50,50,合庫-鳳山,2023-03-28,1029
2880,華南金,47,0,47,合庫-鳳山,2023-03-28,1029
1584,精剛,48,8,40,合庫-鳳山,2023-03-28,1029
2323,中環,40,0,40,合庫-鳳山,2023-03-28,1029
2637,慧洋-KY,36,0,36,合庫-鳳山,2023-03-28,1029
4919,新唐,41,5,36,合庫-鳳山,2023-03-28,1029
2340,台亞,49,15,34,合庫-鳳山,2023-03-28,1029
2461,光群雷,30,0,30,合庫-鳳山,2023-03-28,1029
2231,為升,37,11,26,合庫-鳳山,2023-03-28,1029
00900,富邦特選高股息30,26,0,26,合庫-鳳山,2023-03-28,1029
2388,威盛,32,7,25,合庫-鳳山,2023-03-28,1029
5439,高技,25,0,25,合庫-鳳山,2023-03-28,1029
00922,國泰台灣領袖50,24,0,24,合庫-鳳山,2023-03-28,1029
3231,緯創,38,14,24,合庫-鳳山,2023-03-28,1029
3037,欣興,28,6,22,合庫-鳳山,2023-03-28,1029
4147,中裕,23,3,20,合庫-鳳山,2023-03-28,1029
6005,群益證,20,0,20,合庫-鳳山,2023-03-28,1029
3552,同致,23,4,19,合庫-鳳山,2023-03-28,1029
00893,國泰智能電動車,17,1,16,合庫-鳳山,2023-03-28,1029
00882,中信中國高股息,16,0,16,合庫-鳳山,2023-03-28,1029
2330,台積電,27,11,16,合庫-鳳山,2023-03-28,1029
00679B,元大美債20年,26,10,16,合庫-鳳山,2023-03-28,1029
2208,台船,15,0,15,合庫-鳳山,2023-03-28,1029
2498,宏達電,23,8,15,合庫-鳳山,2023-03-28,1029
2630,亞航,15,0,15,合庫-鳳山,2023-03-28,1029
6202,盛群,15,0,15,合庫-鳳山,2023-03-28,1029
2609,陽明,28,14,14,合庫-鳳山,2023-03-28,1029
6168,宏齊,15,1,14,合庫-鳳山,2023-03-28,1029
1605,華新,73,60,13,合庫-鳳山,2023-03-28,1029
2801,彰銀,13,0,13,合庫-鳳山,2023-03-28,1029
00772B,中信高評級公司債,12,0,12,合庫-鳳山,2023-03-28,1029
0056,元大高股息,16,4,12,合庫-鳳山,2023-03-28,1029
1504,東元,22,11,11,合庫-鳳山,2023-03-28,1029
2605,新興,11,0,11,合庫-鳳山,2023-03-28,1029
2032,新鋼,11,0,11,合庫-鳳山,2023-03-28,1029
3322,建舜電,11,0,11,合庫-鳳山,2023-03-28,1029
3481,群創,13,2,11,合庫-鳳山,2023-03-28,1029
00648R,元大S＆P500反1,10,0,10,合庫-鳳山,2023-03-28,1029
3016,嘉晶,10,0,10,合庫-鳳山,2023-03-28,1029
3122,笙泉,10,0,10,合庫-鳳山,2023-03-28,1029
3664,安瑞-KY,10,0,10,合庫-鳳山,2023-03-28,1029
4128,中天,10,0,10,合庫-鳳山,2023-03-28,1029
6788,華景電,10,0,10,合庫-鳳山,2023-03-28,1029
8942,森鉅,10,0,10,合庫-鳳山,2023-03-28,1029
3024,憶聲,11,2,9,合庫-鳳山,2023-03-28,1029
00713,元大台灣高息低波,9,0,9,合庫-鳳山,2023-03-28,1029
5512,力麒,9,0,9,合庫-鳳山,2023-03-28,1029
2303,聯電,224,101,123,合庫-鳳山,2023-03-29,1029
6235,華孚,209,109,100,合庫-鳳山,2023-03-29,1029
00919,群益台灣精選高息,25,0,25,合庫-鳳山,2023-03-29,1029
4114,健喬,25,1,24,合庫-鳳山,2023-03-29,1029
2603,長榮,30,7,23,合庫-鳳山,2023-03-29,1029
4164,承業醫,22,1,21,合庫-鳳山,2023-03-29,1029
2449,京元電子,25,5,20,合庫-鳳山,2023-03-29,1029
1795,美時,23,4,19,合庫-鳳山,2023-03-29,1029
2609,陽明,22,5,17,合庫-鳳山,2023-03-29,1029
1514,亞力,15,0,15,合庫-鳳山,2023-03-29,1029
4934,太極,15,0,15,合庫-鳳山,2023-03-29,1029
2637,慧洋-KY,14,0,14,合庫-鳳山,2023-03-29,1029
3322,建舜電,15,1,14,合庫-鳳山,2023-03-29,1029
00679B,元大美債20年,13,0,13,合庫-鳳山,2023-03-29,1029
2367,燿華,14,1,13,合庫-鳳山,2023-03-29,1029
5439,高技,13,0,13,合庫-鳳山,2023-03-29,1029
00900,富邦特選高股息30,13,0,13,合庫-鳳山,2023-03-29,1029
00772B,中信高評級公司債,11,0,11,合庫-鳳山,2023-03-29,1029
2606,裕民,10,0,10,合庫-鳳山,2023-03-29,1029
00888,永豐台灣ESG,10,0,10,合庫-鳳山,2023-03-29,1029
00893,國泰智能電動車,10,0,10,合庫-鳳山,2023-03-29,1029
1584,精剛,10,0,10,合庫-鳳山,2023-03-29,1029
1701,中化,10,0,10,合庫-鳳山,2023-03-29,1029
8088,品安,10,0,10,合庫-鳳山,2023-03-29,1029
3707,漢磊,9,0,9,合庫-鳳山,2023-03-29,1029
4968,立積,10,1,9,合庫-鳳山,2023-03-29,1029
6116,彩晶,8,0,8,合庫-鳳山,2023-03-29,1029
6271,同欣電,8,0,8,合庫-鳳山,2023-03-29,1029
3552,同致,10,2,8,合庫-鳳山,2023-03-29,1029
00922,國泰台灣領袖50,7,0,7,合庫-鳳山,2023-03-29,1029
3289,宜特,8,1,7,合庫-鳳山,2023-03-29,1029
6290,良維,7,0,7,合庫-鳳山,2023-03-29,1029
2371,大同,9,3,6,合庫-鳳山,2023-03-29,1029
3224,三顧,6,0,6,合庫-鳳山,2023-03-29,1029
3105,穩懋,11,5,6,合庫-鳳山,2023-03-29,1029
6753,龍德造船,7,2,5,合庫-鳳山,2023-03-29,1029
1313,聯成,5,0,5,合庫-鳳山,2023-03-29,1029
1732,毛寶,5,0,5,合庫-鳳山,2023-03-29,1029
1752,南光,6,1,5,合庫-鳳山,2023-03-29,1029
2338,光罩,6,1,5,合庫-鳳山,2023-03-29,1029
2736,富野,7,2,5,合庫-鳳山,2023-03-29,1029
4931,新盛力,8,3,5,合庫-鳳山,2023-03-29,1029
5243,乙盛-KY,39,34,5,合庫-鳳山,2023-03-29,1029
5425,台半,8,3,5,合庫-鳳山,2023-03-29,1029
8016,矽創,5,0,5,合庫-鳳山,2023-03-29,1029
1309,台達化,4,0,4,合庫-鳳山,2023-03-29,1029
1471,首利,4,0,4,合庫-鳳山,2023-03-29,1029
00712,復華富時不動產,4,0,4,合庫-鳳山,2023-03-29,1029
00895,富邦未來車,4,0,4,合庫-鳳山,2023-03-29,1029
2753,八方雲集,4,0,4,合庫-鳳山,2023-03-29,1029
2453,凌群,97,0,97,合庫-鳳山,2023-03-30,1029
00882,中信中國高股息,26,0,26,合庫-鳳山,2023-03-30,1029
00877,復華中國5G,25,0,25,合庫-鳳山,2023-03-30,1029
00671R,富邦NASDAQ反1,25,0,25,合庫-鳳山,2023-03-30,1029
2014,中鴻,25,1,24,合庫-鳳山,2023-03-30,1029
2637,慧洋-KY,22,0,22,合庫-鳳山,2023-03-30,1029
00637L,元大滬深300正2,24,3,21,合庫-鳳山,2023-03-30,1029
2461,光群雷,20,0,20,合庫-鳳山,2023-03-30,1029
1605,華新,27,10,17,合庫-鳳山,2023-03-30,1029
5243,乙盛-KY,22,10,12,合庫-鳳山,2023-03-30,1029
2342,茂矽,17,6,11,合庫-鳳山,2023-03-30,1029
00679B,元大美債20年,10,0,10,合庫-鳳山,2023-03-30,1029
1101,台泥,20,10,10,合庫-鳳山,2023-03-30,1029
1227,佳格,10,0,10,合庫-鳳山,2023-03-30,1029
1432,大魯閣,10,0,10,合庫-鳳山,2023-03-30,1029
2809,京城銀,10,0,10,合庫-鳳山,2023-03-30,1029
3231,緯創,31,21,10,合庫-鳳山,2023-03-30,1029
4755,三福化,11,1,10,合庫-鳳山,2023-03-30,1029
6205,詮欣,17,7,10,合庫-鳳山,2023-03-30,1029
1721,三晃,10,1,9,合庫-鳳山,2023-03-30,1029
2457,飛宏,17,8,9,合庫-鳳山,2023-03-30,1029
2753,八方雲集,10,1,9,合庫-鳳山,2023-03-30,1029
3548,兆利,9,0,9,合庫-鳳山,2023-03-30,1029
7402,邑錡,17,9,8,合庫-鳳山,2023-03-30,1029
9105,泰金寶-DR,8,0,8,合庫-鳳山,2023-03-30,1029
00712,復華富時不動產,7,1,6,合庫-鳳山,2023-03-30,1029
2883,凱基金,6,0,6,合庫-鳳山,2023-03-30,1029
2891,中信金,7,1,6,合庫-鳳山,2023-03-30,1029
3162,精確,7,1,6,合庫-鳳山,2023-03-30,1029
4804,大略-KY,6,0,6,合庫-鳳山,2023-03-30,1029
2889,國票金,5,0,5,合庫-鳳山,2023-03-30,1029
2609,陽明,19,14,5,合庫-鳳山,2023-03-30,1029
00715L,期街口布蘭特正2,21,16,5,合庫-鳳山,2023-03-30,1029
1802,台玻,5,0,5,合庫-鳳山,2023-03-30,1029
2028,威致,10,5,5,合庫-鳳山,2023-03-30,1029
2485,兆赫,5,0,5,合庫-鳳山,2023-03-30,1029
2836,高雄銀,5,0,5,合庫-鳳山,2023-03-30,1029
2838,聯邦銀,5,0,5,合庫-鳳山,2023-03-30,1029
2888,新光金,5,0,5,合庫-鳳山,2023-03-30,1029
3552,同致,6,1,5,合庫-鳳山,2023-03-30,1029
6243,迅杰,5,0,5,合庫-鳳山,2023-03-30,1029
6530,創威,5,0,5,合庫-鳳山,2023-03-30,1029
6811,宏�硌穈T,5,0,5,合庫-鳳山,2023-03-30,1029
00772B,中信高評級公司債,5,1,4,合庫-鳳山,2023-03-30,1029
2104,國際中橡,4,0,4,合庫-鳳山,2023-03-30,1029
2317,鴻海,4,0,4,合庫-鳳山,2023-03-30,1029
2329,華泰,5,1,4,合庫-鳳山,2023-03-30,1029
2610,華航,4,0,4,合庫-鳳山,2023-03-30,1029
2723,美食-KY,4,0,4,合庫-鳳山,2023-03-30,1029
2736,富野,4,0,4,合庫-鳳山,2023-03-30,1029
2637,慧洋-KY,101,0,101,合庫-鳳山,2023-03-31,1029
00878,國泰永續高股息,125,63,62,合庫-鳳山,2023-03-31,1029
4114,健喬,55,0,55,合庫-鳳山,2023-03-31,1029
1605,華新,65,20,45,合庫-鳳山,2023-03-31,1029
00673R,期元大S＆P原油反1,45,2,43,合庫-鳳山,2023-03-31,1029
3037,欣興,32,2,30,合庫-鳳山,2023-03-31,1029
1504,東元,35,9,26,合庫-鳳山,2023-03-31,1029
00671R,富邦NASDAQ反1,25,0,25,合庫-鳳山,2023-03-31,1029
00900,富邦特選高股息30,26,2,24,合庫-鳳山,2023-03-31,1029
6271,同欣電,23,0,23,合庫-鳳山,2023-03-31,1029
1101,台泥,25,4,21,合庫-鳳山,2023-03-31,1029
1513,中興電,19,0,19,合庫-鳳山,2023-03-31,1029
00903,富邦元宇宙,20,1,19,合庫-鳳山,2023-03-31,1029
2609,陽明,22,3,19,合庫-鳳山,2023-03-31,1029
5484,慧友,18,0,18,合庫-鳳山,2023-03-31,1029
2457,飛宏,26,10,16,合庫-鳳山,2023-03-31,1029
6203,海韻電,15,0,15,合庫-鳳山,2023-03-31,1029
6443,元晶,15,1,14,合庫-鳳山,2023-03-31,1029
6244,茂迪,13,1,12,合庫-鳳山,2023-03-31,1029
1417,嘉裕,10,0,10,合庫-鳳山,2023-03-31,1029
00922,國泰台灣領袖50,10,0,10,合庫-鳳山,2023-03-31,1029
1591,駿吉-KY,10,0,10,合庫-鳳山,2023-03-31,1029
2231,為升,10,0,10,合庫-鳳山,2023-03-31,1029
3162,精確,12,2,10,合庫-鳳山,2023-03-31,1029
6112,邁達特,10,0,10,合庫-鳳山,2023-03-31,1029
6747,亨泰光,10,0,10,合庫-鳳山,2023-03-31,1029
8046,南電,12,2,10,合庫-鳳山,2023-03-31,1029
00633L,富邦上証正2,11,2,9,合庫-鳳山,2023-03-31,1029
1760,寶齡富錦,9,0,9,合庫-鳳山,2023-03-31,1029
6133,金橋,26,17,9,合庫-鳳山,2023-03-31,1029
6285,啟��,9,0,9,合庫-鳳山,2023-03-31,1029
00679B,元大美債20年,8,0,8,合庫-鳳山,2023-03-31,1029
2069,運錩,8,0,8,合庫-鳳山,2023-03-31,1029
2201,裕隆,9,1,8,合庫-鳳山,2023-03-31,1029
3711,日月光投控,8,0,8,合庫-鳳山,2023-03-31,1029
1609,大亞,8,1,7,合庫-鳳山,2023-03-31,1029
8070,長華*,38,31,7,合庫-鳳山,2023-03-31,1029
1514,亞力,6,0,6,合庫-鳳山,2023-03-31,1029
3548,兆利,6,0,6,合庫-鳳山,2023-03-31,1029
6163,華電網,10,4,6,合庫-鳳山,2023-03-31,1029
00713,元大台灣高息低波,6,0,6,合庫-鳳山,2023-03-31,1029
2375,凱美,6,1,5,合庫-鳳山,2023-03-31,1029
6288,聯嘉,5,0,5,合庫-鳳山,2023-03-31,1029
00923,群益台ESG低碳50,5,0,5,合庫-鳳山,2023-03-31,1029
00751B,元大AAA至A公司債,5,0,5,合庫-鳳山,2023-03-31,1029
1611,中電,10,5,5,合庫-鳳山,2023-03-31,1029
2337,旺宏,17,12,5,合庫-鳳山,2023-03-31,1029
2495,普安,5,0,5,合庫-鳳山,2023-03-31,1029
2867,三商壽,5,0,5,合庫-鳳山,2023-03-31,1029
2889,國票金,5,0,5,合庫-鳳山,2023-03-31,1029
00665L,富邦�琤肭磪囓�2,230,0,230,合庫-鳳山,2023-04-06,1029
00637L,元大滬深300正2,171,0,171,合庫-鳳山,2023-04-06,1029
00673R,期元大S＆P原油反1,164,0,164,合庫-鳳山,2023-04-06,1029
2867,三商壽,100,0,100,合庫-鳳山,2023-04-06,1029
2338,光罩,85,6,79,合庫-鳳山,2023-04-06,1029
00893,國泰智能電動車,52,0,52,合庫-鳳山,2023-04-06,1029
2344,華邦電,48,0,48,合庫-鳳山,2023-04-06,1029
00674R,期元大S＆P黃金反1,31,0,31,合庫-鳳山,2023-04-06,1029
00922,國泰台灣領袖50,30,0,30,合庫-鳳山,2023-04-06,1029
2637,慧洋-KY,32,3,29,合庫-鳳山,2023-04-06,1029
2027,大成鋼,32,5,27,合庫-鳳山,2023-04-06,1029
6269,台郡,20,0,20,合庫-鳳山,2023-04-06,1029
3312,弘憶股,17,0,17,合庫-鳳山,2023-04-06,1029
6770,力積電,17,0,17,合庫-鳳山,2023-04-06,1029
00900,富邦特選高股息30,16,0,16,合庫-鳳山,2023-04-06,1029
3010,華立,15,0,15,合庫-鳳山,2023-04-06,1029
6239,力成,15,0,15,合庫-鳳山,2023-04-06,1029
00882,中信中國高股息,14,0,14,合庫-鳳山,2023-04-06,1029
2337,旺宏,14,1,13,合庫-鳳山,2023-04-06,1029
3058,立德,13,0,13,合庫-鳳山,2023-04-06,1029
2481,強茂,14,1,13,合庫-鳳山,2023-04-06,1029
6548,長科*,25,12,13,合庫-鳳山,2023-04-06,1029
2030,彰源,12,0,12,合庫-鳳山,2023-04-06,1029
6120,達運,12,0,12,合庫-鳳山,2023-04-06,1029
5483,中美晶,12,0,12,合庫-鳳山,2023-04-06,1029
2603,長榮,16,5,11,合庫-鳳山,2023-04-06,1029
8028,昇陽半導體,17,6,11,合庫-鳳山,2023-04-06,1029
1514,亞力,15,4,11,合庫-鳳山,2023-04-06,1029
2014,中鴻,17,6,11,合庫-鳳山,2023-04-06,1029
3706,神達,11,0,11,合庫-鳳山,2023-04-06,1029
6194,育富,11,0,11,合庫-鳳山,2023-04-06,1029
2515,中工,10,0,10,合庫-鳳山,2023-04-06,1029
3518,柏騰,18,8,10,合庫-鳳山,2023-04-06,1029
6142,友勁,10,0,10,合庫-鳳山,2023-04-06,1029
6592,和潤企業,11,1,10,合庫-鳳山,2023-04-06,1029
9962,有益,10,0,10,合庫-鳳山,2023-04-06,1029
2889,國票金,10,0,10,合庫-鳳山,2023-04-06,1029
8069,元太,13,3,10,合庫-鳳山,2023-04-06,1029
2317,鴻海,15,6,9,合庫-鳳山,2023-04-06,1029
00885,富邦越南,16,7,9,合庫-鳳山,2023-04-06,1029
00712,復華富時不動產,9,0,9,合庫-鳳山,2023-04-06,1029
1708,東鹼,9,0,9,合庫-鳳山,2023-04-06,1029
2352,佳世達,9,0,9,合庫-鳳山,2023-04-06,1029
4566,時碩工業,9,0,9,合庫-鳳山,2023-04-06,1029
1513,中興電,10,2,8,合庫-鳳山,2023-04-06,1029
2371,大同,12,4,8,合庫-鳳山,2023-04-06,1029
4175,杏一,8,0,8,合庫-鳳山,2023-04-06,1029
1614,三洋電,7,0,7,合庫-鳳山,2023-04-06,1029
2374,佳能,7,0,7,合庫-鳳山,2023-04-06,1029
6576,逸達,7,0,7,合庫-鳳山,2023-04-06,1029
2867,三商壽,123,36,87,合庫-鳳山,2023-04-07,1029
2610,華航,85,18,67,合庫-鳳山,2023-04-07,1029
2453,凌群,40,9,31,合庫-鳳山,2023-04-07,1029
00688L,國泰20年美債正2,30,0,30,合庫-鳳山,2023-04-07,1029
1440,南紡,30,0,30,合庫-鳳山,2023-04-07,1029
00712,復華富時不動產,27,0,27,合庫-鳳山,2023-04-07,1029
6147,頎邦,26,0,26,合庫-鳳山,2023-04-07,1029
2231,為升,25,0,25,合庫-鳳山,2023-04-07,1029
2356,英業達,28,4,24,合庫-鳳山,2023-04-07,1029
8996,高力,22,0,22,合庫-鳳山,2023-04-07,1029
00893,國泰智能電動車,21,0,21,合庫-鳳山,2023-04-07,1029
6209,今國光,20,0,20,合庫-鳳山,2023-04-07,1029
1611,中電,20,1,19,合庫-鳳山,2023-04-07,1029
00673R,期元大S＆P原油反1,20,2,18,合庫-鳳山,2023-04-07,1029
2371,大同,17,0,17,合庫-鳳山,2023-04-07,1029
6235,華孚,28,11,17,合庫-鳳山,2023-04-07,1029
3037,欣興,21,7,14,合庫-鳳山,2023-04-07,1029
4552,力達-KY,14,0,14,合庫-鳳山,2023-04-07,1029
8942,森鉅,14,0,14,合庫-鳳山,2023-04-07,1029
1504,東元,21,7,14,合庫-鳳山,2023-04-07,1029
2889,國票金,13,0,13,合庫-鳳山,2023-04-07,1029
4164,承業醫,14,1,13,合庫-鳳山,2023-04-07,1029
00922,國泰台灣領袖50,12,0,12,合庫-鳳山,2023-04-07,1029
1584,精剛,12,0,12,合庫-鳳山,2023-04-07,1029
2884,玉山金,12,0,12,合庫-鳳山,2023-04-07,1029
2352,佳世達,11,0,11,合庫-鳳山,2023-04-07,1029
3027,盛達,15,4,11,合庫-鳳山,2023-04-07,1029
9914,美利達,11,0,11,合庫-鳳山,2023-04-07,1029
00751B,元大AAA至A公司債,10,0,10,合庫-鳳山,2023-04-07,1029
1721,三晃,10,0,10,合庫-鳳山,2023-04-07,1029
2734,易飛網,10,0,10,合庫-鳳山,2023-04-07,1029
3149,正達,10,0,10,合庫-鳳山,2023-04-07,1029
9802,鈺齊-KY,10,0,10,合庫-鳳山,2023-04-07,1029
0056,元大高股息,16,6,10,合庫-鳳山,2023-04-07,1029
2882,國泰金,12,3,9,合庫-鳳山,2023-04-07,1029
1614,三洋電,9,0,9,合庫-鳳山,2023-04-07,1029
2485,兆赫,9,0,9,合庫-鳳山,2023-04-07,1029
3664,安瑞-KY,10,1,9,合庫-鳳山,2023-04-07,1029
4142,國光生,10,1,9,合庫-鳳山,2023-04-07,1029
6244,茂迪,13,4,9,合庫-鳳山,2023-04-07,1029
6753,龍德造船,9,0,9,合庫-鳳山,2023-04-07,1029
2014,中鴻,8,0,8,合庫-鳳山,2023-04-07,1029
2030,彰源,10,2,8,合庫-鳳山,2023-04-07,1029
3231,緯創,21,13,8,合庫-鳳山,2023-04-07,1029
1609,大亞,22,15,7,合庫-鳳山,2023-04-07,1029
2457,飛宏,13,6,7,合庫-鳳山,2023-04-07,1029
4979,華星光,7,0,7,合庫-鳳山,2023-04-07,1029
5309,系統電,8,1,7,合庫-鳳山,2023-04-07,1029
8415,大國鋼,7,0,7,合庫-鳳山,2023-04-07,1029
1217,愛之味,6,0,6,合庫-鳳山,2023-04-07,1029
5328,華容,64,8,56,合庫-鳳山,2023-04-10,1029
2330,台積電,51,1,50,合庫-鳳山,2023-04-10,1029
00632R,元大台灣50反1,51,2,49,合庫-鳳山,2023-04-10,1029
3432,台端,51,5,46,合庫-鳳山,2023-04-10,1029
4164,承業醫,38,0,38,合庫-鳳山,2023-04-10,1029
00922,國泰台灣領袖50,33,0,33,合庫-鳳山,2023-04-10,1029
6290,良維,32,0,32,合庫-鳳山,2023-04-10,1029
9945,潤泰新,32,0,32,合庫-鳳山,2023-04-10,1029
1519,華城,37,6,31,合庫-鳳山,2023-04-10,1029
1605,華新,29,0,29,合庫-鳳山,2023-04-10,1029
2371,大同,24,1,23,合庫-鳳山,2023-04-10,1029
2601,益航,27,4,23,合庫-鳳山,2023-04-10,1029
2891,中信金,20,0,20,合庫-鳳山,2023-04-10,1029
4153,鈺緯,22,2,20,合庫-鳳山,2023-04-10,1029
6770,力積電,23,3,20,合庫-鳳山,2023-04-10,1029
3481,群創,21,3,18,合庫-鳳山,2023-04-10,1029
2609,陽明,21,5,16,合庫-鳳山,2023-04-10,1029
2344,華邦電,44,28,16,合庫-鳳山,2023-04-10,1029
1514,亞力,16,1,15,合庫-鳳山,2023-04-10,1029
2002,中鋼,15,0,15,合庫-鳳山,2023-04-10,1029
2231,為升,49,35,14,合庫-鳳山,2023-04-10,1029
2427,三商電,14,0,14,合庫-鳳山,2023-04-10,1029
4968,立積,19,5,14,合庫-鳳山,2023-04-10,1029
3479,安勤,13,0,13,合庫-鳳山,2023-04-10,1029
6194,育富,13,0,13,合庫-鳳山,2023-04-10,1029
00882,中信中國高股息,12,0,12,合庫-鳳山,2023-04-10,1029
1560,中砂,21,10,11,合庫-鳳山,2023-04-10,1029
1714,和桐,11,0,11,合庫-鳳山,2023-04-10,1029
3272,東碩,11,0,11,合庫-鳳山,2023-04-10,1029
6461,益得,11,0,11,合庫-鳳山,2023-04-10,1029
9907,統一實,11,0,11,合庫-鳳山,2023-04-10,1029
00674R,期元大S＆P黃金反1,10,0,10,合庫-鳳山,2023-04-10,1029
2482,連宇,10,0,10,合庫-鳳山,2023-04-10,1029
2606,裕民,10,0,10,合庫-鳳山,2023-04-10,1029
3624,光頡,15,5,10,合庫-鳳山,2023-04-10,1029
6477,安集,10,0,10,合庫-鳳山,2023-04-10,1029
8409,商之器,10,0,10,合庫-鳳山,2023-04-10,1029
3034,聯詠,10,0,10,合庫-鳳山,2023-04-10,1029
1305,華夏,8,0,8,合庫-鳳山,2023-04-10,1029
2402,毅嘉,15,7,8,合庫-鳳山,2023-04-10,1029
00900,富邦特選高股息30,7,0,7,合庫-鳳山,2023-04-10,1029
1711,永光,10,3,7,合庫-鳳山,2023-04-10,1029
2208,台船,9,2,7,合庫-鳳山,2023-04-10,1029
2408,南亞科,16,9,7,合庫-鳳山,2023-04-10,1029
2867,三商壽,9,2,7,合庫-鳳山,2023-04-10,1029
6285,啟��,14,7,7,合庫-鳳山,2023-04-10,1029
8028,昇陽半導體,8,1,7,合庫-鳳山,2023-04-10,1029
2603,長榮,8,2,6,合庫-鳳山,2023-04-10,1029
00720B,元大投資級公司債,6,0,6,合庫-鳳山,2023-04-10,1029
1614,三洋電,6,0,6,合庫-鳳山,2023-04-10,1029
00665L,富邦�琤肭磪囓�2,350,0,350,合庫-鳳山,2023-04-11,1029
00637L,元大滬深300正2,205,19,186,合庫-鳳山,2023-04-11,1029
00679B,元大美債20年,118,3,115,合庫-鳳山,2023-04-11,1029
2303,聯電,106,3,103,合庫-鳳山,2023-04-11,1029
6578,達邦蛋白,85,0,85,合庫-鳳山,2023-04-11,1029
00688L,國泰20年美債正2,80,0,80,合庫-鳳山,2023-04-11,1029
2338,光罩,75,1,74,合庫-鳳山,2023-04-11,1029
00632R,元大台灣50反1,52,0,52,合庫-鳳山,2023-04-11,1029
1903,士紙,38,0,38,合庫-鳳山,2023-04-11,1029
3202,樺晟,30,0,30,合庫-鳳山,2023-04-11,1029
6245,立端,23,0,23,合庫-鳳山,2023-04-11,1029
2634,漢翔,38,15,23,合庫-鳳山,2023-04-11,1029
2453,凌群,60,40,20,合庫-鳳山,2023-04-11,1029
4164,承業醫,18,1,17,合庫-鳳山,2023-04-11,1029
2337,旺宏,17,1,16,合庫-鳳山,2023-04-11,1029
2498,宏達電,25,9,16,合庫-鳳山,2023-04-11,1029
5351,鈺創,17,2,15,合庫-鳳山,2023-04-11,1029
1605,華新,20,7,13,合庫-鳳山,2023-04-11,1029
6142,友勁,13,0,13,合庫-鳳山,2023-04-11,1029
00885,富邦越南,12,0,12,合庫-鳳山,2023-04-11,1029
5457,宣德,16,4,12,合庫-鳳山,2023-04-11,1029
2330,台積電,21,10,11,合庫-鳳山,2023-04-11,1029
3037,欣興,11,0,11,合庫-鳳山,2023-04-11,1029
3046,建��,12,1,11,合庫-鳳山,2023-04-11,1029
2457,飛宏,27,17,10,合庫-鳳山,2023-04-11,1029
1609,大亞,22,12,10,合庫-鳳山,2023-04-11,1029
1721,三晃,10,0,10,合庫-鳳山,2023-04-11,1029
1806,冠軍,10,0,10,合庫-鳳山,2023-04-11,1029
2317,鴻海,10,0,10,合庫-鳳山,2023-04-11,1029
2385,群光,10,0,10,合庫-鳳山,2023-04-11,1029
2867,三商壽,13,3,10,合庫-鳳山,2023-04-11,1029
2890,永豐金,10,0,10,合庫-鳳山,2023-04-11,1029
4128,中天,10,0,10,合庫-鳳山,2023-04-11,1029
6134,萬旭,10,0,10,合庫-鳳山,2023-04-11,1029
00712,復華富時不動產,11,2,9,合庫-鳳山,2023-04-11,1029
3027,盛達,23,14,9,合庫-鳳山,2023-04-11,1029
5425,台半,9,0,9,合庫-鳳山,2023-04-11,1029
6179,亞通,15,6,9,合庫-鳳山,2023-04-11,1029
1503,士電,13,5,8,合庫-鳳山,2023-04-11,1029
1593,祺驊,8,0,8,合庫-鳳山,2023-04-11,1029
1614,三洋電,8,0,8,合庫-鳳山,2023-04-11,1029
1718,中纖,8,0,8,合庫-鳳山,2023-04-11,1029
4979,華星光,10,2,8,合庫-鳳山,2023-04-11,1029
5439,高技,8,0,8,合庫-鳳山,2023-04-11,1029
6275,元山,8,0,8,合庫-鳳山,2023-04-11,1029
6443,元晶,10,2,8,合庫-鳳山,2023-04-11,1029
00900,富邦特選高股息30,8,1,7,合庫-鳳山,2023-04-11,1029
2388,威盛,16,9,7,合庫-鳳山,2023-04-11,1029
6770,力積電,18,11,7,合庫-鳳山,2023-04-11,1029
8088,品安,10,3,7,合庫-鳳山,2023-04-11,1029
5309,系統電,185,1,184,合庫-鳳山,2023-04-12,1029
00637L,元大滬深300正2,94,1,93,合庫-鳳山,2023-04-12,1029
2344,華邦電,104,20,84,合庫-鳳山,2023-04-12,1029
3545,敦泰,61,8,53,合庫-鳳山,2023-04-12,1029
5009,榮剛,47,6,41,合庫-鳳山,2023-04-12,1029
6578,達邦蛋白,45,8,37,合庫-鳳山,2023-04-12,1029
2206,三陽工業,49,15,34,合庫-鳳山,2023-04-12,1029
3231,緯創,79,49,30,合庫-鳳山,2023-04-12,1029
3032,偉訓,40,10,30,合庫-鳳山,2023-04-12,1029
1605,華新,31,7,24,合庫-鳳山,2023-04-12,1029
4114,健喬,38,16,22,合庫-鳳山,2023-04-12,1029
2330,台積電,22,2,20,合庫-鳳山,2023-04-12,1029
00673R,期元大S＆P原油反1,19,0,19,合庫-鳳山,2023-04-12,1029
1784,訊聯,21,2,19,合庫-鳳山,2023-04-12,1029
8097,常珵,20,1,19,合庫-鳳山,2023-04-12,1029
2314,台揚,19,1,18,合庫-鳳山,2023-04-12,1029
2363,矽統,20,2,18,合庫-鳳山,2023-04-12,1029
5328,華容,18,0,18,合庫-鳳山,2023-04-12,1029
2497,怡利電,17,0,17,合庫-鳳山,2023-04-12,1029
5457,宣德,17,0,17,合庫-鳳山,2023-04-12,1029
00712,復華富時不動產,30,14,16,合庫-鳳山,2023-04-12,1029
3540,曜越,15,0,15,合庫-鳳山,2023-04-12,1029
6245,立端,30,15,15,合庫-鳳山,2023-04-12,1029
1905,華紙,13,0,13,合庫-鳳山,2023-04-12,1029
2027,大成鋼,12,0,12,合庫-鳳山,2023-04-12,1029
0050,元大台灣50,11,0,11,合庫-鳳山,2023-04-12,1029
2481,強茂,11,0,11,合庫-鳳山,2023-04-12,1029
3272,東碩,11,0,11,合庫-鳳山,2023-04-12,1029
3625,西勝,12,1,11,合庫-鳳山,2023-04-12,1029
6282,康舒,15,4,11,合庫-鳳山,2023-04-12,1029
2337,旺宏,11,0,11,合庫-鳳山,2023-04-12,1029
1312,國喬,10,0,10,合庫-鳳山,2023-04-12,1029
00674R,期元大S＆P黃金反1,10,0,10,合庫-鳳山,2023-04-12,1029
00902,中信電池及儲能,10,0,10,合庫-鳳山,2023-04-12,1029
2356,英業達,10,0,10,合庫-鳳山,2023-04-12,1029
2453,凌群,10,0,10,合庫-鳳山,2023-04-12,1029
3162,精確,19,9,10,合庫-鳳山,2023-04-12,1029
2329,華泰,14,5,9,合庫-鳳山,2023-04-12,1029
2614,東森,10,1,9,合庫-鳳山,2023-04-12,1029
2618,長榮航,13,4,9,合庫-鳳山,2023-04-12,1029
2231,為升,27,19,8,合庫-鳳山,2023-04-12,1029
4979,華星光,13,5,8,合庫-鳳山,2023-04-12,1029
2883,凱基金,14,7,7,合庫-鳳山,2023-04-12,1029
2427,三商電,7,0,7,合庫-鳳山,2023-04-12,1029
3224,三顧,7,0,7,合庫-鳳山,2023-04-12,1029
5234,達興材料,7,0,7,合庫-鳳山,2023-04-12,1029
2634,漢翔,45,38,7,合庫-鳳山,2023-04-12,1029
2881,富邦金,6,0,6,合庫-鳳山,2023-04-12,1029
9921,巨大,6,0,6,合庫-鳳山,2023-04-12,1029
00881,國泰台灣5G+,6,1,5,合庫-鳳山,2023-04-12,1029
00632R,元大台灣50反1,200,7,193,合庫-鳳山,2023-04-13,1029
6109,亞元,158,67,91,合庫-鳳山,2023-04-13,1029
6235,華孚,118,29,89,合庫-鳳山,2023-04-13,1029
8927,北基,82,0,82,合庫-鳳山,2023-04-13,1029
2303,聯電,78,11,67,合庫-鳳山,2023-04-13,1029
00712,復華富時不動產,64,0,64,合庫-鳳山,2023-04-13,1029
1440,南紡,63,0,63,合庫-鳳山,2023-04-13,1029
00673R,期元大S＆P原油反1,42,0,42,合庫-鳳山,2023-04-13,1029
2344,華邦電,42,2,40,合庫-鳳山,2023-04-13,1029
00664R,國泰臺灣加權反1,36,0,36,合庫-鳳山,2023-04-13,1029
6167,久正,35,0,35,合庫-鳳山,2023-04-13,1029
2637,慧洋-KY,37,3,34,合庫-鳳山,2023-04-13,1029
00922,國泰台灣領袖50,29,0,29,合庫-鳳山,2023-04-13,1029
3231,緯創,43,14,29,合庫-鳳山,2023-04-13,1029
0056,元大高股息,30,1,29,合庫-鳳山,2023-04-13,1029
1609,大亞,55,27,28,合庫-鳳山,2023-04-13,1029
1605,華新,35,8,27,合庫-鳳山,2023-04-13,1029
00893,國泰智能電動車,30,5,25,合庫-鳳山,2023-04-13,1029
8070,長華*,25,0,25,合庫-鳳山,2023-04-13,1029
3032,偉訓,21,0,21,合庫-鳳山,2023-04-13,1029
2034,允強,20,0,20,合庫-鳳山,2023-04-13,1029
2338,光罩,20,0,20,合庫-鳳山,2023-04-13,1029
3041,揚智,20,0,20,合庫-鳳山,2023-04-13,1029
4804,大略-KY,21,2,19,合庫-鳳山,2023-04-13,1029
2449,京元電子,21,3,18,合庫-鳳山,2023-04-13,1029
3711,日月光投控,18,0,18,合庫-鳳山,2023-04-13,1029
1513,中興電,28,12,16,合庫-鳳山,2023-04-13,1029
2014,中鴻,20,4,16,合庫-鳳山,2023-04-13,1029
5351,鈺創,18,3,15,合庫-鳳山,2023-04-13,1029
2313,華通,14,0,14,合庫-鳳山,2023-04-13,1029
3494,誠研,15,1,14,合庫-鳳山,2023-04-13,1029
3694,海華,15,1,14,合庫-鳳山,2023-04-13,1029
6770,力積電,15,1,14,合庫-鳳山,2023-04-13,1029
00713,元大台灣高息低波,19,6,13,合庫-鳳山,2023-04-13,1029
3027,盛達,36,23,13,合庫-鳳山,2023-04-13,1029
2834,臺企銀,14,1,13,合庫-鳳山,2023-04-13,1029
1903,士紙,13,1,12,合庫-鳳山,2023-04-13,1029
2337,旺宏,12,0,12,合庫-鳳山,2023-04-13,1029
9962,有益,20,8,12,合庫-鳳山,2023-04-13,1029
1321,大洋,11,0,11,合庫-鳳山,2023-04-13,1029
1503,士電,35,24,11,合庫-鳳山,2023-04-13,1029
3624,光頡,12,1,11,合庫-鳳山,2023-04-13,1029
2330,台積電,11,1,10,合庫-鳳山,2023-04-13,1029
2312,金寶,10,0,10,合庫-鳳山,2023-04-13,1029
2375,凱美,10,0,10,合庫-鳳山,2023-04-13,1029
2382,廣達,10,0,10,合庫-鳳山,2023-04-13,1029
4927,泰鼎-KY,10,0,10,合庫-鳳山,2023-04-13,1029
6719,力智,10,0,10,合庫-鳳山,2023-04-13,1029
3312,弘憶股,10,0,10,合庫-鳳山,2023-04-13,1029
2886,兆豐金,9,0,9,合庫-鳳山,2023-04-13,1029
00669R,國泰美國道瓊反1,210,0,210,合庫-鳳山,2023-04-14,1029
00712,復華富時不動產,154,0,154,合庫-鳳山,2023-04-14,1029
00673R,期元大S＆P原油反1,125,2,123,合庫-鳳山,2023-04-14,1029
2834,臺企銀,112,2,110,合庫-鳳山,2023-04-14,1029
00900,富邦特選高股息30,80,0,80,合庫-鳳山,2023-04-14,1029
0050,元大台灣50,83,4,79,合庫-鳳山,2023-04-14,1029
2634,漢翔,103,31,72,合庫-鳳山,2023-04-14,1029
00688L,國泰20年美債正2,70,0,70,合庫-鳳山,2023-04-14,1029
3058,立德,66,1,65,合庫-鳳山,2023-04-14,1029
00632R,元大台灣50反1,355,304,51,合庫-鳳山,2023-04-14,1029
00679B,元大美債20年,46,0,46,合庫-鳳山,2023-04-14,1029
5465,富驊,57,18,39,合庫-鳳山,2023-04-14,1029
3545,敦泰,36,0,36,合庫-鳳山,2023-04-14,1029
4552,力達-KY,31,0,31,合庫-鳳山,2023-04-14,1029
4916,事欣科,31,0,31,合庫-鳳山,2023-04-14,1029
8936,國統,30,1,29,合庫-鳳山,2023-04-14,1029
00713,元大台灣高息低波,28,1,27,合庫-鳳山,2023-04-14,1029
00772B,中信高評級公司債,26,0,26,合庫-鳳山,2023-04-14,1029
2303,聯電,24,1,23,合庫-鳳山,2023-04-14,1029
5009,榮剛,25,3,22,合庫-鳳山,2023-04-14,1029
00664R,國泰臺灣加權反1,20,0,20,合庫-鳳山,2023-04-14,1029
1440,南紡,20,0,20,合庫-鳳山,2023-04-14,1029
2705,六福,20,0,20,合庫-鳳山,2023-04-14,1029
2457,飛宏,91,71,20,合庫-鳳山,2023-04-14,1029
2002,中鋼,21,2,19,合庫-鳳山,2023-04-14,1029
1903,士紙,24,5,19,合庫-鳳山,2023-04-14,1029
6547,高端疫苗,26,7,19,合庫-鳳山,2023-04-14,1029
6753,龍德造船,19,1,18,合庫-鳳山,2023-04-14,1029
2382,廣達,16,0,16,合庫-鳳山,2023-04-14,1029
5351,鈺創,18,2,16,合庫-鳳山,2023-04-14,1029
2618,長榮航,46,31,15,合庫-鳳山,2023-04-14,1029
3576,聯合再生,15,0,15,合庫-鳳山,2023-04-14,1029
6789,采鈺,13,0,13,合庫-鳳山,2023-04-14,1029
1519,華城,26,14,12,合庫-鳳山,2023-04-14,1029
2027,大成鋼,12,0,12,合庫-鳳山,2023-04-14,1029
4147,中裕,13,1,12,合庫-鳳山,2023-04-14,1029
2883,凱基金,26,15,11,合庫-鳳山,2023-04-14,1029
4545,銘鈺,11,0,11,合庫-鳳山,2023-04-14,1029
8927,北基,11,0,11,合庫-鳳山,2023-04-14,1029
00912,中信臺灣智慧50,10,0,10,合庫-鳳山,2023-04-14,1029
00680L,元大美債20正2,10,0,10,合庫-鳳山,2023-04-14,1029
00674R,期元大S＆P黃金反1,10,0,10,合庫-鳳山,2023-04-14,1029
00648R,元大S＆P500反1,10,0,10,合庫-鳳山,2023-04-14,1029
1309,台達化,10,0,10,合庫-鳳山,2023-04-14,1029
1313,聯成,10,0,10,合庫-鳳山,2023-04-14,1029
2354,鴻準,10,0,10,合庫-鳳山,2023-04-14,1029
2399,映泰,10,0,10,合庫-鳳山,2023-04-14,1029
3272,東碩,10,0,10,合庫-鳳山,2023-04-14,1029
3494,誠研,10,0,10,合庫-鳳山,2023-04-14,1029
00893,國泰智能電動車,10,0,10,合庫-鳳山,2023-04-14,1029
2834,臺企銀,503,1,502,合庫-鳳山,2023-04-17,1029
6005,群益證,348,0,348,合庫-鳳山,2023-04-17,1029
5355,佳總,130,0,130,合庫-鳳山,2023-04-17,1029
00712,復華富時不動產,81,1,80,合庫-鳳山,2023-04-17,1029
6547,高端疫苗,78,17,61,合庫-鳳山,2023-04-17,1029
2634,漢翔,87,40,47,合庫-鳳山,2023-04-17,1029
1321,大洋,46,0,46,合庫-鳳山,2023-04-17,1029
2208,台船,94,60,34,合庫-鳳山,2023-04-17,1029
4552,力達-KY,33,0,33,合庫-鳳山,2023-04-17,1029
2492,華新科,31,0,31,合庫-鳳山,2023-04-17,1029
3481,群創,31,1,30,合庫-鳳山,2023-04-17,1029
1560,中砂,26,0,26,合庫-鳳山,2023-04-17,1029
3010,華立,25,0,25,合庫-鳳山,2023-04-17,1029
6127,九豪,25,0,25,合庫-鳳山,2023-04-17,1029
2498,宏達電,24,0,24,合庫-鳳山,2023-04-17,1029
1513,中興電,28,7,21,合庫-鳳山,2023-04-17,1029
1701,中化,20,0,20,合庫-鳳山,2023-04-17,1029
2748,雲品,26,6,20,合庫-鳳山,2023-04-17,1029
6235,華孚,90,72,18,合庫-鳳山,2023-04-17,1029
00679B,元大美債20年,18,1,17,合庫-鳳山,2023-04-17,1029
00713,元大台灣高息低波,16,0,16,合庫-鳳山,2023-04-17,1029
1514,亞力,20,4,16,合庫-鳳山,2023-04-17,1029
2031,新光鋼,14,1,13,合庫-鳳山,2023-04-17,1029
6415,矽力*-KY,14,1,13,合庫-鳳山,2023-04-17,1029
6770,力積電,15,2,13,合庫-鳳山,2023-04-17,1029
1504,東元,44,32,12,合庫-鳳山,2023-04-17,1029
2609,陽明,23,11,12,合庫-鳳山,2023-04-17,1029
2618,長榮航,11,0,11,合庫-鳳山,2023-04-17,1029
3356,奇偶,11,0,11,合庫-鳳山,2023-04-17,1029
3499,環天科,11,0,11,合庫-鳳山,2023-04-17,1029
4541,晟田,18,7,11,合庫-鳳山,2023-04-17,1029
5234,達興材料,11,0,11,合庫-鳳山,2023-04-17,1029
2801,彰銀,11,0,11,合庫-鳳山,2023-04-17,1029
9904,寶成,10,0,10,合庫-鳳山,2023-04-17,1029
2002,中鋼,10,0,10,合庫-鳳山,2023-04-17,1029
1103,嘉泥,10,0,10,合庫-鳳山,2023-04-17,1029
00919,群益台灣精選高息,10,0,10,合庫-鳳山,2023-04-17,1029
1443,立益物流,10,0,10,合庫-鳳山,2023-04-17,1029
1806,冠軍,10,0,10,合庫-鳳山,2023-04-17,1029
2601,益航,21,11,10,合庫-鳳山,2023-04-17,1029
4536,拓凱,10,0,10,合庫-鳳山,2023-04-17,1029
5608,四維航,10,0,10,合庫-鳳山,2023-04-17,1029
6125,廣運,10,0,10,合庫-鳳山,2023-04-17,1029
6177,達麗,10,0,10,合庫-鳳山,2023-04-17,1029
6753,龍德造船,10,0,10,合庫-鳳山,2023-04-17,1029
1314,中石化,9,0,9,合庫-鳳山,2023-04-17,1029
2206,三陽工業,20,11,9,合庫-鳳山,2023-04-17,1029
2449,京元電子,12,3,9,合庫-鳳山,2023-04-17,1029
2607,榮運,10,1,9,合庫-鳳山,2023-04-17,1029
5328,華容,9,0,9,合庫-鳳山,2023-04-17,1029
5488,松普,170,0,170,合庫-鳳山,2023-04-18,1029
6109,亞元,157,0,157,合庫-鳳山,2023-04-18,1029
2634,漢翔,181,75,106,合庫-鳳山,2023-04-18,1029
00688L,國泰20年美債正2,100,0,100,合庫-鳳山,2023-04-18,1029
3032,偉訓,92,0,92,合庫-鳳山,2023-04-18,1029
6127,九豪,83,0,83,合庫-鳳山,2023-04-18,1029
2449,京元電子,56,1,55,合庫-鳳山,2023-04-18,1029
2637,慧洋-KY,52,0,52,合庫-鳳山,2023-04-18,1029
3037,欣興,39,0,39,合庫-鳳山,2023-04-18,1029
2457,飛宏,86,48,38,合庫-鳳山,2023-04-18,1029
2498,宏達電,36,0,36,合庫-鳳山,2023-04-18,1029
8105,凌巨,49,14,35,合庫-鳳山,2023-04-18,1029
3481,群創,39,4,35,合庫-鳳山,2023-04-18,1029
00679B,元大美債20年,31,1,30,合庫-鳳山,2023-04-18,1029
00674R,期元大S＆P黃金反1,30,0,30,合庫-鳳山,2023-04-18,1029
1444,力麗,24,0,24,合庫-鳳山,2023-04-18,1029
3058,立德,43,19,24,合庫-鳳山,2023-04-18,1029
6547,高端疫苗,29,6,23,合庫-鳳山,2023-04-18,1029
2609,陽明,28,7,21,合庫-鳳山,2023-04-18,1029
1810,和成,21,0,21,合庫-鳳山,2023-04-18,1029
5353,台林,32,11,21,合庫-鳳山,2023-04-18,1029
00673R,期元大S＆P原油反1,20,0,20,合庫-鳳山,2023-04-18,1029
1321,大洋,19,0,19,合庫-鳳山,2023-04-18,1029
1108,幸福,18,0,18,合庫-鳳山,2023-04-18,1029
3046,建��,25,7,18,合庫-鳳山,2023-04-18,1029
00713,元大台灣高息低波,17,0,17,合庫-鳳山,2023-04-18,1029
1905,華紙,17,0,17,合庫-鳳山,2023-04-18,1029
00922,國泰台灣領袖50,16,0,16,合庫-鳳山,2023-04-18,1029
6190,萬泰科,15,0,15,合庫-鳳山,2023-04-18,1029
2610,華航,14,0,14,合庫-鳳山,2023-04-18,1029
00712,復華富時不動產,14,0,14,合庫-鳳山,2023-04-18,1029
00772B,中信高評級公司債,14,0,14,合庫-鳳山,2023-04-18,1029
1809,中釉,20,6,14,合庫-鳳山,2023-04-18,1029
4916,事欣科,14,0,14,合庫-鳳山,2023-04-18,1029
2892,第一金,20,6,14,合庫-鳳山,2023-04-18,1029
00720B,元大投資級公司債,13,0,13,合庫-鳳山,2023-04-18,1029
1752,南光,13,1,12,合庫-鳳山,2023-04-18,1029
2618,長榮航,12,0,12,合庫-鳳山,2023-04-18,1029
6203,海韻電,12,0,12,合庫-鳳山,2023-04-18,1029
4911,德英,11,0,11,合庫-鳳山,2023-04-18,1029
6789,采鈺,10,0,10,合庫-鳳山,2023-04-18,1029
00669R,國泰美國道瓊反1,10,0,10,合庫-鳳山,2023-04-18,1029
00895,富邦未來車,10,0,10,合庫-鳳山,2023-04-18,1029
1443,立益物流,10,0,10,合庫-鳳山,2023-04-18,1029
2929,淘帝-KY,10,0,10,合庫-鳳山,2023-04-18,1029
3356,奇偶,11,1,10,合庫-鳳山,2023-04-18,1029
3591,艾笛森,10,0,10,合庫-鳳山,2023-04-18,1029
4931,新盛力,10,0,10,合庫-鳳山,2023-04-18,1029
5009,榮剛,13,3,10,合庫-鳳山,2023-04-18,1029
6194,育富,10,0,10,合庫-鳳山,2023-04-18,1029
00665L,富邦�琤肭磪囓�2,235,0,235,合庫-鳳山,2023-04-19,1029
2406,國碩,105,1,104,合庫-鳳山,2023-04-19,1029
8927,北基,100,1,99,合庫-鳳山,2023-04-19,1029
00637L,元大滬深300正2,92,0,92,合庫-鳳山,2023-04-19,1029
2515,中工,89,2,87,合庫-鳳山,2023-04-19,1029
6127,九豪,90,5,85,合庫-鳳山,2023-04-19,1029
2303,聯電,62,2,60,合庫-鳳山,2023-04-19,1029
00679B,元大美債20年,50,0,50,合庫-鳳山,2023-04-19,1029
00673R,期元大S＆P原油反1,50,0,50,合庫-鳳山,2023-04-19,1029
00882,中信中國高股息,42,0,42,合庫-鳳山,2023-04-19,1029
2208,台船,45,5,40,合庫-鳳山,2023-04-19,1029
00772B,中信高評級公司債,37,0,37,合庫-鳳山,2023-04-19,1029
2637,慧洋-KY,37,0,37,合庫-鳳山,2023-04-19,1029
6167,久正,37,0,37,合庫-鳳山,2023-04-19,1029
00712,復華富時不動產,34,0,34,合庫-鳳山,2023-04-19,1029
2201,裕隆,33,2,31,合庫-鳳山,2023-04-19,1029
1471,首利,34,4,30,合庫-鳳山,2023-04-19,1029
1312,國喬,25,0,25,合庫-鳳山,2023-04-19,1029
2495,普安,25,1,24,合庫-鳳山,2023-04-19,1029
6271,同欣電,23,0,23,合庫-鳳山,2023-04-19,1029
2206,三陽工業,23,1,22,合庫-鳳山,2023-04-19,1029
4979,華星光,46,24,22,合庫-鳳山,2023-04-19,1029
6244,茂迪,54,33,21,合庫-鳳山,2023-04-19,1029
6770,力積電,52,31,21,合庫-鳳山,2023-04-19,1029
3037,欣興,21,0,21,合庫-鳳山,2023-04-19,1029
00922,國泰台灣領袖50,20,0,20,合庫-鳳山,2023-04-19,1029
00923,群益台ESG低碳50,19,0,19,合庫-鳳山,2023-04-19,1029
3264,欣銓,16,0,16,合庫-鳳山,2023-04-19,1029
5706,鳳凰,18,3,15,合庫-鳳山,2023-04-19,1029
6005,群益證,15,0,15,合庫-鳳山,2023-04-19,1029
2002,中鋼,13,0,13,合庫-鳳山,2023-04-19,1029
2337,旺宏,13,0,13,合庫-鳳山,2023-04-19,1029
2338,光罩,13,0,13,合庫-鳳山,2023-04-19,1029
2886,兆豐金,16,3,13,合庫-鳳山,2023-04-19,1029
4552,力達-KY,13,0,13,合庫-鳳山,2023-04-19,1029
1503,士電,15,3,12,合庫-鳳山,2023-04-19,1029
00878,國泰永續高股息,18,6,12,合庫-鳳山,2023-04-19,1029
2014,中鴻,14,3,11,合庫-鳳山,2023-04-19,1029
3693,營邦,11,0,11,合庫-鳳山,2023-04-19,1029
4536,拓凱,11,0,11,合庫-鳳山,2023-04-19,1029
4906,正文,13,2,11,合庫-鳳山,2023-04-19,1029
5880,合庫金,11,1,10,合庫-鳳山,2023-04-19,1029
00908,富邦入息REITs+,10,0,10,合庫-鳳山,2023-04-19,1029
1217,愛之味,10,0,10,合庫-鳳山,2023-04-19,1029
2105,正新,10,0,10,合庫-鳳山,2023-04-19,1029
2340,台亞,10,0,10,合庫-鳳山,2023-04-19,1029
2362,藍天,11,1,10,合庫-鳳山,2023-04-19,1029
3362,先進光,15,5,10,合庫-鳳山,2023-04-19,1029
4127,天良,10,0,10,合庫-鳳山,2023-04-19,1029
6177,達麗,10,0,10,合庫-鳳山,2023-04-19,1029
3576,聯合再生,219,1,218,合庫-鳳山,2023-04-20,1029
00673R,期元大S＆P原油反1,90,0,90,合庫-鳳山,2023-04-20,1029
00664R,國泰臺灣加權反1,90,4,86,合庫-鳳山,2023-04-20,1029
2303,聯電,56,3,53,合庫-鳳山,2023-04-20,1029
4123,晟德,47,0,47,合庫-鳳山,2023-04-20,1029
00637L,元大滬深300正2,43,0,43,合庫-鳳山,2023-04-20,1029
00712,復華富時不動產,63,22,41,合庫-鳳山,2023-04-20,1029
00720B,元大投資級公司債,32,0,32,合庫-鳳山,2023-04-20,1029
6782,視陽,32,0,32,合庫-鳳山,2023-04-20,1029
00674R,期元大S＆P黃金反1,31,0,31,合庫-鳳山,2023-04-20,1029
2634,漢翔,61,31,30,合庫-鳳山,2023-04-20,1029
2884,玉山金,30,0,30,合庫-鳳山,2023-04-20,1029
0056,元大高股息,30,1,29,合庫-鳳山,2023-04-20,1029
2371,大同,25,0,25,合庫-鳳山,2023-04-20,1029
00679B,元大美債20年,35,12,23,合庫-鳳山,2023-04-20,1029
8996,高力,23,0,23,合庫-鳳山,2023-04-20,1029
1312,國喬,20,0,20,合庫-鳳山,2023-04-20,1029
3041,揚智,20,0,20,合庫-鳳山,2023-04-20,1029
6177,達麗,20,0,20,合庫-鳳山,2023-04-20,1029
3260,威剛,20,1,19,合庫-鳳山,2023-04-20,1029
6443,元晶,25,7,18,合庫-鳳山,2023-04-20,1029
00888,永豐台灣ESG,16,0,16,合庫-鳳山,2023-04-20,1029
2324,仁寶,16,0,16,合庫-鳳山,2023-04-20,1029
2408,南亞科,17,2,15,合庫-鳳山,2023-04-20,1029
3441,聯一光,15,0,15,合庫-鳳山,2023-04-20,1029
6288,聯嘉,26,11,15,合庫-鳳山,2023-04-20,1029
1904,正隆,25,10,15,合庫-鳳山,2023-04-20,1029
2454,聯發科,14,0,14,合庫-鳳山,2023-04-20,1029
6282,康舒,76,63,13,合庫-鳳山,2023-04-20,1029
3003,健和興,13,0,13,合庫-鳳山,2023-04-20,1029
3027,盛達,13,0,13,合庫-鳳山,2023-04-20,1029
4741,泓瀚,13,0,13,合庫-鳳山,2023-04-20,1029
5206,坤悅,13,0,13,合庫-鳳山,2023-04-20,1029
5880,合庫金,13,0,13,合庫-鳳山,2023-04-20,1029
1903,士紙,19,7,12,合庫-鳳山,2023-04-20,1029
00713,元大台灣高息低波,20,9,11,合庫-鳳山,2023-04-20,1029
4541,晟田,12,1,11,合庫-鳳山,2023-04-20,1029
4934,太極,12,1,11,合庫-鳳山,2023-04-20,1029
4979,華星光,15,4,11,合庫-鳳山,2023-04-20,1029
00907,永豐優息存股,10,0,10,合庫-鳳山,2023-04-20,1029
020037,元大金融高股息N,10,0,10,合庫-鳳山,2023-04-20,1029
00893,國泰智能電動車,15,5,10,合庫-鳳山,2023-04-20,1029
00648R,元大S＆P500反1,10,0,10,合庫-鳳山,2023-04-20,1029
00717,富邦美國特別股,10,0,10,合庫-鳳山,2023-04-20,1029
1539,巨庭,10,0,10,合庫-鳳山,2023-04-20,1029
3234,光環,10,0,10,合庫-鳳山,2023-04-20,1029
3432,台端,10,0,10,合庫-鳳山,2023-04-20,1029
3535,晶彩科,10,0,10,合庫-鳳山,2023-04-20,1029
5347,世界,10,0,10,合庫-鳳山,2023-04-20,1029
5371,中光電,10,0,10,合庫-鳳山,2023-04-20,1029
2834,臺企銀,906,26,880,合庫-鳳山,2023-04-21,1029
2014,中鴻,100,0,100,合庫-鳳山,2023-04-21,1029
00680L,元大美債20正2,81,0,81,合庫-鳳山,2023-04-21,1029
2887,台新金,55,0,55,合庫-鳳山,2023-04-21,1029
00919,群益台灣精選高息,50,0,50,合庫-鳳山,2023-04-21,1029
2736,富野,48,0,48,合庫-鳳山,2023-04-21,1029
6235,華孚,45,6,39,合庫-鳳山,2023-04-21,1029
0056,元大高股息,41,3,38,合庫-鳳山,2023-04-21,1029
8927,北基,221,184,37,合庫-鳳山,2023-04-21,1029
00720B,元大投資級公司債,32,0,32,合庫-鳳山,2023-04-21,1029
6770,力積電,32,2,30,合庫-鳳山,2023-04-21,1029
2615,萬海,26,1,25,合庫-鳳山,2023-04-21,1029
4417,金洲,25,0,25,合庫-鳳山,2023-04-21,1029
00900,富邦特選高股息30,24,0,24,合庫-鳳山,2023-04-21,1029
2609,陽明,26,3,23,合庫-鳳山,2023-04-21,1029
00893,國泰智能電動車,25,4,21,合庫-鳳山,2023-04-21,1029
3041,揚智,21,0,21,合庫-鳳山,2023-04-21,1029
3058,立德,29,9,20,合庫-鳳山,2023-04-21,1029
6167,久正,20,0,20,合庫-鳳山,2023-04-21,1029
1907,永豐餘,35,15,20,合庫-鳳山,2023-04-21,1029
3483,力致,20,1,19,合庫-鳳山,2023-04-21,1029
6282,康舒,57,39,18,合庫-鳳山,2023-04-21,1029
2610,華航,16,0,16,合庫-鳳山,2023-04-21,1029
2313,華通,15,0,15,合庫-鳳山,2023-04-21,1029
3272,東碩,15,0,15,合庫-鳳山,2023-04-21,1029
3441,聯一光,15,0,15,合庫-鳳山,2023-04-21,1029
2603,長榮,14,0,14,合庫-鳳山,2023-04-21,1029
3707,漢磊,31,17,14,合庫-鳳山,2023-04-21,1029
6288,聯嘉,13,0,13,合庫-鳳山,2023-04-21,1029
1321,大洋,12,0,12,合庫-鳳山,2023-04-21,1029
1611,中電,20,8,12,合庫-鳳山,2023-04-21,1029
1903,士紙,62,50,12,合庫-鳳山,2023-04-21,1029
5534,長虹,12,0,12,合庫-鳳山,2023-04-21,1029
6547,高端疫苗,26,14,12,合庫-鳳山,2023-04-21,1029
6116,彩晶,14,3,11,合庫-鳳山,2023-04-21,1029
1784,訊聯,10,0,10,合庫-鳳山,2023-04-21,1029
2038,海光,10,0,10,合庫-鳳山,2023-04-21,1029
2705,六福,10,0,10,合庫-鳳山,2023-04-21,1029
3016,嘉晶,10,0,10,合庫-鳳山,2023-04-21,1029
3078,僑威,16,6,10,合庫-鳳山,2023-04-21,1029
6217,中探針,10,0,10,合庫-鳳山,2023-04-21,1029
6606,建德工業,10,0,10,合庫-鳳山,2023-04-21,1029
6782,視陽,11,1,10,合庫-鳳山,2023-04-21,1029
00892,富邦台灣半導體,9,0,9,合庫-鳳山,2023-04-21,1029
2482,連宇,9,0,9,合庫-鳳山,2023-04-21,1029
00772B,中信高評級公司債,8,0,8,合庫-鳳山,2023-04-21,1029
1308,亞聚,8,0,8,合庫-鳳山,2023-04-21,1029
2371,大同,8,0,8,合庫-鳳山,2023-04-21,1029
2465,麗臺,9,1,8,合庫-鳳山,2023-04-21,1029
2485,兆赫,8,0,8,合庫-鳳山,2023-04-21,1029
00632R,元大台灣50反1,600,100,500,合庫-鳳山,2023-04-24,1029
00637L,元大滬深300正2,45,2,43,合庫-鳳山,2023-04-24,1029
2515,中工,38,0,38,合庫-鳳山,2023-04-24,1029
2634,漢翔,42,11,31,合庫-鳳山,2023-04-24,1029
2913,農林,28,5,23,合庫-鳳山,2023-04-24,1029
00633L,富邦上証正2,22,0,22,合庫-鳳山,2023-04-24,1029
00665L,富邦�琤肭磪囓�2,20,0,20,合庫-鳳山,2023-04-24,1029
2231,為升,17,0,17,合庫-鳳山,2023-04-24,1029
2324,仁寶,15,0,15,合庫-鳳山,2023-04-24,1029
3264,欣銓,15,0,15,合庫-鳳山,2023-04-24,1029
6753,龍德造船,15,0,15,合庫-鳳山,2023-04-24,1029
00893,國泰智能電動車,15,1,14,合庫-鳳山,2023-04-24,1029
2010,春源,14,0,14,合庫-鳳山,2023-04-24,1029
2313,華通,13,0,13,合庫-鳳山,2023-04-24,1029
2615,萬海,13,0,13,合庫-鳳山,2023-04-24,1029
2887,台新金,13,0,13,合庫-鳳山,2023-04-24,1029
00902,中信電池及儲能,12,0,12,合庫-鳳山,2023-04-24,1029
1904,正隆,19,7,12,合庫-鳳山,2023-04-24,1029
00679B,元大美債20年,12,1,11,合庫-鳳山,2023-04-24,1029
5483,中美晶,11,0,11,合庫-鳳山,2023-04-24,1029
1503,士電,13,2,11,合庫-鳳山,2023-04-24,1029
2330,台積電,11,0,11,合庫-鳳山,2023-04-24,1029
6770,力積電,12,2,10,合庫-鳳山,2023-04-24,1029
1310,台苯,15,5,10,合庫-鳳山,2023-04-24,1029
0056,元大高股息,10,0,10,合庫-鳳山,2023-04-24,1029
1721,三晃,10,0,10,合庫-鳳山,2023-04-24,1029
2889,國票金,10,0,10,合庫-鳳山,2023-04-24,1029
6790,永豐實,10,0,10,合庫-鳳山,2023-04-24,1029
00712,復華富時不動產,9,0,9,合庫-鳳山,2023-04-24,1029
3576,聯合再生,9,0,9,合庫-鳳山,2023-04-24,1029
9907,統一實,11,2,9,合庫-鳳山,2023-04-24,1029
3596,智易,8,0,8,合庫-鳳山,2023-04-24,1029
6269,台郡,8,0,8,合庫-鳳山,2023-04-24,1029
00878,國泰永續高股息,15,8,7,合庫-鳳山,2023-04-24,1029
2303,聯電,10,3,7,合庫-鳳山,2023-04-24,1029
1760,寶齡富錦,7,0,7,合庫-鳳山,2023-04-24,1029
1907,永豐餘,28,21,7,合庫-鳳山,2023-04-24,1029
2492,華新科,7,0,7,合庫-鳳山,2023-04-24,1029
2867,三商壽,7,0,7,合庫-鳳山,2023-04-24,1029
3058,立德,7,0,7,合庫-鳳山,2023-04-24,1029
8027,鈦昇,7,0,7,合庫-鳳山,2023-04-24,1029
2603,長榮,9,3,6,合庫-鳳山,2023-04-24,1029
4979,華星光,8,2,6,合庫-鳳山,2023-04-24,1029
6217,中探針,12,6,6,合庫-鳳山,2023-04-24,1029
1504,東元,6,1,5,合庫-鳳山,2023-04-24,1029
1108,幸福,5,0,5,合庫-鳳山,2023-04-24,1029
00923,群益台ESG低碳50,5,0,5,合庫-鳳山,2023-04-24,1029
00720B,元大投資級公司債,5,0,5,合庫-鳳山,2023-04-24,1029
00713,元大台灣高息低波,5,0,5,合庫-鳳山,2023-04-24,1029
1784,訊聯,10,5,5,合庫-鳳山,2023-04-24,1029
9907,統一實,201,0,201,合庫-鳳山,2023-04-25,1029
00878,國泰永續高股息,143,16,127,合庫-鳳山,2023-04-25,1029
1101,台泥,94,6,88,合庫-鳳山,2023-04-25,1029
0056,元大高股息,75,5,70,合庫-鳳山,2023-04-25,1029
2610,華航,95,27,68,合庫-鳳山,2023-04-25,1029
00665L,富邦�琤肭磪囓�2,62,0,62,合庫-鳳山,2023-04-25,1029
2880,華南金,62,9,53,合庫-鳳山,2023-04-25,1029
6167,久正,50,0,50,合庫-鳳山,2023-04-25,1029
00720B,元大投資級公司債,48,0,48,合庫-鳳山,2023-04-25,1029
2453,凌群,42,0,42,合庫-鳳山,2023-04-25,1029
2419,仲琦,41,0,41,合庫-鳳山,2023-04-25,1029
00905,FT臺灣Smart,38,0,38,合庫-鳳山,2023-04-25,1029
00679B,元大美債20年,34,1,33,合庫-鳳山,2023-04-25,1029
3032,偉訓,46,14,32,合庫-鳳山,2023-04-25,1029
2485,兆赫,31,0,31,合庫-鳳山,2023-04-25,1029
00680L,元大美債20正2,30,0,30,合庫-鳳山,2023-04-25,1029
2913,農林,31,3,28,合庫-鳳山,2023-04-25,1029
2601,益航,27,0,27,合庫-鳳山,2023-04-25,1029
2634,漢翔,77,53,24,合庫-鳳山,2023-04-25,1029
2303,聯電,28,4,24,合庫-鳳山,2023-04-25,1029
00715L,期街口布蘭特正2,35,12,23,合庫-鳳山,2023-04-25,1029
0050,元大台灣50,22,0,22,合庫-鳳山,2023-04-25,1029
00708L,期元大S＆P黃金正2,21,0,21,合庫-鳳山,2023-04-25,1029
1903,士紙,25,5,20,合庫-鳳山,2023-04-25,1029
3260,威剛,20,0,20,合庫-鳳山,2023-04-25,1029
6127,九豪,20,0,20,合庫-鳳山,2023-04-25,1029
6177,達麗,20,0,20,合庫-鳳山,2023-04-25,1029
2331,精英,19,0,19,合庫-鳳山,2023-04-25,1029
2356,英業達,25,6,19,合庫-鳳山,2023-04-25,1029
00888,永豐台灣ESG,18,0,18,合庫-鳳山,2023-04-25,1029
2014,中鴻,22,4,18,合庫-鳳山,2023-04-25,1029
3707,漢磊,19,2,17,合庫-鳳山,2023-04-25,1029
3071,協禧,24,7,17,合庫-鳳山,2023-04-25,1029
3576,聯合再生,17,0,17,合庫-鳳山,2023-04-25,1029
00900,富邦特選高股息30,16,0,16,合庫-鳳山,2023-04-25,1029
00881,國泰台灣5G+,16,0,16,合庫-鳳山,2023-04-25,1029
00922,國泰台灣領袖50,15,0,15,合庫-鳳山,2023-04-25,1029
1907,永豐餘,17,2,15,合庫-鳳山,2023-04-25,1029
3481,群創,27,12,15,合庫-鳳山,2023-04-25,1029
00772B,中信高評級公司債,16,2,14,合庫-鳳山,2023-04-25,1029
1513,中興電,33,19,14,合庫-鳳山,2023-04-25,1029
2337,旺宏,14,0,14,合庫-鳳山,2023-04-25,1029
1605,華新,15,2,13,合庫-鳳山,2023-04-25,1029
2449,京元電子,13,0,13,合庫-鳳山,2023-04-25,1029
2457,飛宏,27,14,13,合庫-鳳山,2023-04-25,1029
6244,茂迪,13,0,13,合庫-鳳山,2023-04-25,1029
2368,金像電,12,0,12,合庫-鳳山,2023-04-25,1029
6568,宏觀,12,0,12,合庫-鳳山,2023-04-25,1029
1310,台苯,27,16,11,合庫-鳳山,2023-04-25,1029
3047,訊舟,11,0,11,合庫-鳳山,2023-04-25,1029
00680L,元大美債20正2,120,0,120,合庫-鳳山,2023-04-26,1029
00885,富邦越南,95,0,95,合庫-鳳山,2023-04-26,1029
2303,聯電,96,6,90,合庫-鳳山,2023-04-26,1029
2610,華航,79,14,65,合庫-鳳山,2023-04-26,1029
00632R,元大台灣50反1,60,6,54,合庫-鳳山,2023-04-26,1029
3035,智原,56,3,53,合庫-鳳山,2023-04-26,1029
00712,復華富時不動產,47,0,47,合庫-鳳山,2023-04-26,1029
3294,英濟,41,0,41,合庫-鳳山,2023-04-26,1029
00893,國泰智能電動車,31,0,31,合庫-鳳山,2023-04-26,1029
1310,台苯,34,3,31,合庫-鳳山,2023-04-26,1029
1471,首利,30,0,30,合庫-鳳山,2023-04-26,1029
6770,力積電,32,3,29,合庫-鳳山,2023-04-26,1029
2002,中鋼,28,4,24,合庫-鳳山,2023-04-26,1029
00720B,元大投資級公司債,30,7,23,合庫-鳳山,2023-04-26,1029
2337,旺宏,19,1,18,合庫-鳳山,2023-04-26,1029
6589,台康生技,18,1,17,合庫-鳳山,2023-04-26,1029
1714,和桐,16,0,16,合庫-鳳山,2023-04-26,1029
2352,佳世達,15,0,15,合庫-鳳山,2023-04-26,1029
8101,華冠,14,0,14,合庫-鳳山,2023-04-26,1029
2609,陽明,26,13,13,合庫-鳳山,2023-04-26,1029
00878,國泰永續高股息,59,47,12,合庫-鳳山,2023-04-26,1029
2014,中鴻,12,1,11,合庫-鳳山,2023-04-26,1029
5009,榮剛,20,9,11,合庫-鳳山,2023-04-26,1029
2603,長榮,11,0,11,合庫-鳳山,2023-04-26,1029
0050,元大台灣50,10,0,10,合庫-鳳山,2023-04-26,1029
00664R,國泰臺灣加權反1,10,0,10,合庫-鳳山,2023-04-26,1029
00671R,富邦NASDAQ反1,10,0,10,合庫-鳳山,2023-04-26,1029
2449,京元電子,10,0,10,合庫-鳳山,2023-04-26,1029
3025,星通,10,0,10,合庫-鳳山,2023-04-26,1029
3535,晶彩科,10,1,9,合庫-鳳山,2023-04-26,1029
1514,亞力,8,0,8,合庫-鳳山,2023-04-26,1029
2453,凌群,37,29,8,合庫-鳳山,2023-04-26,1029
2634,漢翔,54,47,7,合庫-鳳山,2023-04-26,1029
1711,永光,10,3,7,合庫-鳳山,2023-04-26,1029
2618,長榮航,11,4,7,合庫-鳳山,2023-04-26,1029
5351,鈺創,7,0,7,合庫-鳳山,2023-04-26,1029
00891,中信關鍵半導體,6,0,6,合庫-鳳山,2023-04-26,1029
00902,中信電池及儲能,6,0,6,合庫-鳳山,2023-04-26,1029
1314,中石化,6,0,6,合庫-鳳山,2023-04-26,1029
1721,三晃,23,17,6,合庫-鳳山,2023-04-26,1029
2106,建大,6,0,6,合庫-鳳山,2023-04-26,1029
2313,華通,6,0,6,合庫-鳳山,2023-04-26,1029
2323,中環,6,0,6,合庫-鳳山,2023-04-26,1029
2409,友達,6,0,6,合庫-鳳山,2023-04-26,1029
4128,中天,6,0,6,合庫-鳳山,2023-04-26,1029
00877,復華中國5G,5,0,5,合庫-鳳山,2023-04-26,1029
00892,富邦台灣半導體,5,0,5,合庫-鳳山,2023-04-26,1029
1710,東聯,10,5,5,合庫-鳳山,2023-04-26,1029
3532,台勝科,5,0,5,合庫-鳳山,2023-04-26,1029
3693,營邦,5,0,5,合庫-鳳山,2023-04-26,1029
00665L,富邦�琤肭磪囓�2,270,0,270,合庫-鳳山,2023-04-27,1029
00715L,期街口布蘭特正2,110,19,91,合庫-鳳山,2023-04-27,1029
00680L,元大美債20正2,71,0,71,合庫-鳳山,2023-04-27,1029
6109,亞元,97,51,46,合庫-鳳山,2023-04-27,1029
2002,中鋼,36,0,36,合庫-鳳山,2023-04-27,1029
00712,復華富時不動產,22,0,22,合庫-鳳山,2023-04-27,1029
3481,群創,31,9,22,合庫-鳳山,2023-04-27,1029
1609,大亞,20,0,20,合庫-鳳山,2023-04-27,1029
2009,第一銅,20,0,20,合庫-鳳山,2023-04-27,1029
00878,國泰永續高股息,19,0,19,合庫-鳳山,2023-04-27,1029
2609,陽明,21,3,18,合庫-鳳山,2023-04-27,1029
00893,國泰智能電動車,18,0,18,合庫-鳳山,2023-04-27,1029
00720B,元大投資級公司債,16,0,16,合庫-鳳山,2023-04-27,1029
1905,華紙,28,12,16,合庫-鳳山,2023-04-27,1029
00853B,統一美債10年Aa-,15,0,15,合庫-鳳山,2023-04-27,1029
2812,台中銀,15,0,15,合庫-鳳山,2023-04-27,1029
2883,凱基金,16,1,15,合庫-鳳山,2023-04-27,1029
5206,坤悅,15,0,15,合庫-鳳山,2023-04-27,1029
00902,中信電池及儲能,15,1,14,合庫-鳳山,2023-04-27,1029
2303,聯電,19,5,14,合庫-鳳山,2023-04-27,1029
6160,欣技,12,0,12,合庫-鳳山,2023-04-27,1029
1471,首利,11,0,11,合庫-鳳山,2023-04-27,1029
1907,永豐餘,11,0,11,合庫-鳳山,2023-04-27,1029
2429,銘旺科,11,0,11,合庫-鳳山,2023-04-27,1029
2453,凌群,18,7,11,合庫-鳳山,2023-04-27,1029
0056,元大高股息,14,4,10,合庫-鳳山,2023-04-27,1029
1464,得力,10,0,10,合庫-鳳山,2023-04-27,1029
1533,車王電,10,0,10,合庫-鳳山,2023-04-27,1029
2601,益航,20,10,10,合庫-鳳山,2023-04-27,1029
2633,台灣高鐵,10,0,10,合庫-鳳山,2023-04-27,1029
2736,富野,10,0,10,合庫-鳳山,2023-04-27,1029
3624,光頡,13,3,10,合庫-鳳山,2023-04-27,1029
6282,康舒,43,33,10,合庫-鳳山,2023-04-27,1029
8038,長園科,10,0,10,合庫-鳳山,2023-04-27,1029
1605,華新,7,0,7,合庫-鳳山,2023-04-27,1029
1711,永光,44,37,7,合庫-鳳山,2023-04-27,1029
2485,兆赫,7,0,7,合庫-鳳山,2023-04-27,1029
3430,奇鈦科,7,0,7,合庫-鳳山,2023-04-27,1029
00713,元大台灣高息低波,6,0,6,合庫-鳳山,2023-04-27,1029
006208,富邦台50,7,1,6,合庫-鳳山,2023-04-27,1029
1762,中化生,6,0,6,合庫-鳳山,2023-04-27,1029
3037,欣興,9,3,6,合庫-鳳山,2023-04-27,1029
4743,合一,6,0,6,合庫-鳳山,2023-04-27,1029
6770,力積電,6,0,6,合庫-鳳山,2023-04-27,1029
6806,森崴能源,12,6,6,合庫-鳳山,2023-04-27,1029
8227,巨有科技,8,2,6,合庫-鳳山,2023-04-27,1029
9929,秋雨,14,8,6,合庫-鳳山,2023-04-27,1029
2330,台積電,6,1,5,合庫-鳳山,2023-04-27,1029
00679B,元大美債20年,5,0,5,合庫-鳳山,2023-04-27,1029
00881,國泰台灣5G+,5,0,5,合庫-鳳山,2023-04-27,1029
6109,亞元,234,30,204,合庫-鳳山,2023-04-28,1029
2880,華南金,143,1,142,合庫-鳳山,2023-04-28,1029
1522,堤維西,126,0,126,合庫-鳳山,2023-04-28,1029
00671R,富邦NASDAQ反1,107,0,107,合庫-鳳山,2023-04-28,1029
3481,群創,55,27,28,合庫-鳳山,2023-04-28,1029
6741,91APP*-KY,25,0,25,合庫-鳳山,2023-04-28,1029
2409,友達,26,2,24,合庫-鳳山,2023-04-28,1029
00712,復華富時不動產,23,1,22,合庫-鳳山,2023-04-28,1029
3032,偉訓,22,2,20,合庫-鳳山,2023-04-28,1029
3704,合勤控,21,1,20,合庫-鳳山,2023-04-28,1029
2338,光罩,92,74,18,合庫-鳳山,2023-04-28,1029
2457,飛宏,25,8,17,合庫-鳳山,2023-04-28,1029
2344,華邦電,42,25,17,合庫-鳳山,2023-04-28,1029
2002,中鋼,17,1,16,合庫-鳳山,2023-04-28,1029
2388,威盛,16,0,16,合庫-鳳山,2023-04-28,1029
2634,漢翔,81,65,16,合庫-鳳山,2023-04-28,1029
5880,合庫金,17,1,16,合庫-鳳山,2023-04-28,1029
3711,日月光投控,16,1,15,合庫-鳳山,2023-04-28,1029
00878,國泰永續高股息,26,12,14,合庫-鳳山,2023-04-28,1029
0056,元大高股息,17,3,14,合庫-鳳山,2023-04-28,1029
2419,仲琦,15,1,14,合庫-鳳山,2023-04-28,1029
3105,穩懋,16,3,13,合庫-鳳山,2023-04-28,1029
4541,晟田,21,8,13,合庫-鳳山,2023-04-28,1029
6770,力積電,14,1,13,合庫-鳳山,2023-04-28,1029
2208,台船,22,10,12,合庫-鳳山,2023-04-28,1029
3264,欣銓,12,0,12,合庫-鳳山,2023-04-28,1029
2027,大成鋼,12,1,11,合庫-鳳山,2023-04-28,1029
2314,台揚,11,0,11,合庫-鳳山,2023-04-28,1029
00641R,富邦日本反1,10,0,10,合庫-鳳山,2023-04-28,1029
00715L,期街口布蘭特正2,53,43,10,合庫-鳳山,2023-04-28,1029
1784,訊聯,15,5,10,合庫-鳳山,2023-04-28,1029
6869,雲豹能源,10,0,10,合庫-鳳山,2023-04-28,1029
00772B,中信高評級公司債,9,0,9,合庫-鳳山,2023-04-28,1029
2748,雲品,9,0,9,合庫-鳳山,2023-04-28,1029
6266,泰詠,9,0,9,合庫-鳳山,2023-04-28,1029
6829,千附精密,18,9,9,合庫-鳳山,2023-04-28,1029
2330,台積電,8,0,8,合庫-鳳山,2023-04-28,1029
2603,長榮,12,4,8,合庫-鳳山,2023-04-28,1029
00679B,元大美債20年,8,0,8,合庫-鳳山,2023-04-28,1029
3059,華晶科,8,0,8,合庫-鳳山,2023-04-28,1029
6274,台燿,8,0,8,合庫-鳳山,2023-04-28,1029
1310,台苯,9,2,7,合庫-鳳山,2023-04-28,1029
2888,新光金,7,0,7,合庫-鳳山,2023-04-28,1029
6142,友勁,7,0,7,合庫-鳳山,2023-04-28,1029
8050,廣積,10,3,7,合庫-鳳山,2023-04-28,1029
00675L,富邦臺灣加權正2,6,0,6,合庫-鳳山,2023-04-28,1029
00924,復華S＆P500成長,6,0,6,合庫-鳳山,2023-04-28,1029
00919,群益台灣精選高息,6,0,6,合庫-鳳山,2023-04-28,1029
2731,雄獅,11,5,6,合庫-鳳山,2023-04-28,1029
3027,盛達,6,0,6,合庫-鳳山,2023-04-28,1029
2535,達欣工,100,0,100,合庫-鳳山,2023-05-02,1029
2603,長榮,40,0,40,合庫-鳳山,2023-05-02,1029
2634,漢翔,87,49,38,合庫-鳳山,2023-05-02,1029
5880,合庫金,48,11,37,合庫-鳳山,2023-05-02,1029
2892,第一金,44,7,37,合庫-鳳山,2023-05-02,1029
1809,中釉,37,0,37,合庫-鳳山,2023-05-02,1029
2886,兆豐金,35,0,35,合庫-鳳山,2023-05-02,1029
6127,九豪,35,0,35,合庫-鳳山,2023-05-02,1029
2609,陽明,53,19,34,合庫-鳳山,2023-05-02,1029
00679B,元大美債20年,27,0,27,合庫-鳳山,2023-05-02,1029
2610,華航,35,10,25,合庫-鳳山,2023-05-02,1029
2820,華票,25,0,25,合庫-鳳山,2023-05-02,1029
00688L,國泰20年美債正2,20,0,20,合庫-鳳山,2023-05-02,1029
1711,永光,20,0,20,合庫-鳳山,2023-05-02,1029
2461,光群雷,20,0,20,合庫-鳳山,2023-05-02,1029
2231,為升,19,0,19,合庫-鳳山,2023-05-02,1029
5534,長虹,17,0,17,合庫-鳳山,2023-05-02,1029
00878,國泰永續高股息,31,16,15,合庫-鳳山,2023-05-02,1029
1471,首利,14,0,14,合庫-鳳山,2023-05-02,1029
2338,光罩,111,97,14,合庫-鳳山,2023-05-02,1029
6161,捷波,12,0,12,合庫-鳳山,2023-05-02,1029
00772B,中信高評級公司債,11,0,11,合庫-鳳山,2023-05-02,1029
3363,上詮,11,0,11,合庫-鳳山,2023-05-02,1029
00669R,國泰美國道瓊反1,10,0,10,合庫-鳳山,2023-05-02,1029
2722,夏都,10,0,10,合庫-鳳山,2023-05-02,1029
2890,永豐金,10,0,10,合庫-鳳山,2023-05-02,1029
6234,高僑,15,5,10,合庫-鳳山,2023-05-02,1029
911868,同方友友-DR,10,0,10,合庫-鳳山,2023-05-02,1029
2495,普安,10,2,8,合庫-鳳山,2023-05-02,1029
2032,新鋼,8,0,8,合庫-鳳山,2023-05-02,1029
4130,健亞,10,2,8,合庫-鳳山,2023-05-02,1029
8101,華冠,8,0,8,合庫-鳳山,2023-05-02,1029
1734,杏輝,10,3,7,合庫-鳳山,2023-05-02,1029
2022,聚亨,7,0,7,合庫-鳳山,2023-05-02,1029
2313,華通,11,4,7,合庫-鳳山,2023-05-02,1029
4904,遠傳,7,0,7,合庫-鳳山,2023-05-02,1029
1314,中石化,7,1,6,合庫-鳳山,2023-05-02,1029
1720,生達,18,12,6,合庫-鳳山,2023-05-02,1029
1784,訊聯,7,1,6,合庫-鳳山,2023-05-02,1029
1802,台玻,6,0,6,合庫-鳳山,2023-05-02,1029
2344,華邦電,15,9,6,合庫-鳳山,2023-05-02,1029
5009,榮剛,6,0,6,合庫-鳳山,2023-05-02,1029
6416,瑞祺電通,6,0,6,合庫-鳳山,2023-05-02,1029
00641R,富邦日本反1,5,0,5,合庫-鳳山,2023-05-02,1029
00885,富邦越南,6,1,5,合庫-鳳山,2023-05-02,1029
1326,台化,5,0,5,合庫-鳳山,2023-05-02,1029
1529,樂事綠能,6,1,5,合庫-鳳山,2023-05-02,1029
2383,台光電,5,0,5,合庫-鳳山,2023-05-02,1029
2464,盟立,5,0,5,合庫-鳳山,2023-05-02,1029
2471,資通,8,3,5,合庫-鳳山,2023-05-02,1029
00715L,期街口布蘭特正2,131,0,131,合庫-鳳山,2023-05-03,1029
00665L,富邦�琤肭磪囓�2,100,0,100,合庫-鳳山,2023-05-03,1029
3060,銘異,86,0,86,合庫-鳳山,2023-05-03,1029
00712,復華富時不動產,78,0,78,合庫-鳳山,2023-05-03,1029
00878,國泰永續高股息,58,18,40,合庫-鳳山,2023-05-03,1029
2603,長榮,56,19,37,合庫-鳳山,2023-05-03,1029
2515,中工,30,1,29,合庫-鳳山,2023-05-03,1029
1905,華紙,37,9,28,合庫-鳳山,2023-05-03,1029
6167,久正,27,0,27,合庫-鳳山,2023-05-03,1029
3481,群創,43,17,26,合庫-鳳山,2023-05-03,1029
2913,農林,38,13,25,合庫-鳳山,2023-05-03,1029
2801,彰銀,23,0,23,合庫-鳳山,2023-05-03,1029
00679B,元大美債20年,30,7,23,合庫-鳳山,2023-05-03,1029
00923,群益台ESG低碳50,22,0,22,合庫-鳳山,2023-05-03,1029
2615,萬海,22,1,21,合庫-鳳山,2023-05-03,1029
2890,永豐金,21,0,21,合庫-鳳山,2023-05-03,1029
00893,國泰智能電動車,22,3,19,合庫-鳳山,2023-05-03,1029
1710,東聯,23,4,19,合庫-鳳山,2023-05-03,1029
3006,晶豪科,19,0,19,合庫-鳳山,2023-05-03,1029
2464,盟立,19,1,18,合庫-鳳山,2023-05-03,1029
1711,永光,17,1,16,合庫-鳳山,2023-05-03,1029
6547,高端疫苗,16,0,16,合庫-鳳山,2023-05-03,1029
2417,圓剛,15,0,15,合庫-鳳山,2023-05-03,1029
4108,懷特,15,0,15,合庫-鳳山,2023-05-03,1029
8996,高力,15,0,15,合庫-鳳山,2023-05-03,1029
00772B,中信高評級公司債,14,0,14,合庫-鳳山,2023-05-03,1029
1305,華夏,14,0,14,合庫-鳳山,2023-05-03,1029
2609,陽明,48,35,13,合庫-鳳山,2023-05-03,1029
1709,和益,10,0,10,合庫-鳳山,2023-05-03,1029
2201,裕隆,11,1,10,合庫-鳳山,2023-05-03,1029
2605,新興,10,0,10,合庫-鳳山,2023-05-03,1029
3078,僑威,10,0,10,合庫-鳳山,2023-05-03,1029
3289,宜特,10,0,10,合庫-鳳山,2023-05-03,1029
4927,泰鼎-KY,10,0,10,合庫-鳳山,2023-05-03,1029
6244,茂迪,15,5,10,合庫-鳳山,2023-05-03,1029
8070,長華*,10,0,10,合庫-鳳山,2023-05-03,1029
2002,中鋼,10,1,9,合庫-鳳山,2023-05-03,1029
2344,華邦電,14,5,9,合庫-鳳山,2023-05-03,1029
2402,毅嘉,10,1,9,合庫-鳳山,2023-05-03,1029
3231,緯創,11,2,9,合庫-鳳山,2023-05-03,1029
1519,華城,26,18,8,合庫-鳳山,2023-05-03,1029
1101,台泥,20,12,8,合庫-鳳山,2023-05-03,1029
2408,南亞科,9,1,8,合庫-鳳山,2023-05-03,1029
1514,亞力,11,4,7,合庫-鳳山,2023-05-03,1029
1718,中纖,7,0,7,合庫-鳳山,2023-05-03,1029
2409,友達,8,1,7,合庫-鳳山,2023-05-03,1029
3029,零壹,7,0,7,合庫-鳳山,2023-05-03,1029
3406,玉晶光,7,0,7,合庫-鳳山,2023-05-03,1029
2495,普安,6,0,6,合庫-鳳山,2023-05-03,1029
1417,嘉裕,6,0,6,合庫-鳳山,2023-05-03,1029
00715L,期街口布蘭特正2,196,0,196,合庫-鳳山,2023-05-04,1029
6109,亞元,138,2,136,合庫-鳳山,2023-05-04,1029
8927,北基,125,0,125,合庫-鳳山,2023-05-04,1029
00712,復華富時不動產,44,0,44,合庫-鳳山,2023-05-04,1029
4911,德英,41,0,41,合庫-鳳山,2023-05-04,1029
3010,華立,40,0,40,合庫-鳳山,2023-05-04,1029
6120,達運,40,0,40,合庫-鳳山,2023-05-04,1029
2453,凌群,35,0,35,合庫-鳳山,2023-05-04,1029
2457,飛宏,36,3,33,合庫-鳳山,2023-05-04,1029
00878,國泰永續高股息,38,6,32,合庫-鳳山,2023-05-04,1029
4160,訊聯基因,26,0,26,合庫-鳳山,2023-05-04,1029
3264,欣銓,25,0,25,合庫-鳳山,2023-05-04,1029
2609,陽明,43,21,22,合庫-鳳山,2023-05-04,1029
2634,漢翔,56,36,20,合庫-鳳山,2023-05-04,1029
00893,國泰智能電動車,20,0,20,合庫-鳳山,2023-05-04,1029
2641,正德,16,0,16,合庫-鳳山,2023-05-04,1029
2301,光寶科,14,0,14,合庫-鳳山,2023-05-04,1029
2206,三陽工業,26,13,13,合庫-鳳山,2023-05-04,1029
1104,環泥,12,0,12,合庫-鳳山,2023-05-04,1029
00713,元大台灣高息低波,12,0,12,合庫-鳳山,2023-05-04,1029
3481,群創,19,8,11,合庫-鳳山,2023-05-04,1029
1529,樂事綠能,11,0,11,合庫-鳳山,2023-05-04,1029
2368,金像電,12,1,11,合庫-鳳山,2023-05-04,1029
1310,台苯,12,2,10,合庫-鳳山,2023-05-04,1029
00738U,期元大道瓊白銀,10,0,10,合庫-鳳山,2023-05-04,1029
2007,燁興,10,0,10,合庫-鳳山,2023-05-04,1029
2886,兆豐金,10,0,10,合庫-鳳山,2023-05-04,1029
3060,銘異,10,0,10,合庫-鳳山,2023-05-04,1029
5425,台半,10,0,10,合庫-鳳山,2023-05-04,1029
8068,全達,10,0,10,合庫-鳳山,2023-05-04,1029
8093,保銳,10,0,10,合庫-鳳山,2023-05-04,1029
8403,盛弘,10,0,10,合庫-鳳山,2023-05-04,1029
9962,有益,10,0,10,合庫-鳳山,2023-05-04,1029
3006,晶豪科,10,0,10,合庫-鳳山,2023-05-04,1029
2231,為升,14,5,9,合庫-鳳山,2023-05-04,1029
4108,懷特,10,1,9,合庫-鳳山,2023-05-04,1029
4121,優盛,11,2,9,合庫-鳳山,2023-05-04,1029
5011,久陽,10,1,9,合庫-鳳山,2023-05-04,1029
5309,系統電,11,2,9,合庫-鳳山,2023-05-04,1029
8926,台汽電,10,1,9,合庫-鳳山,2023-05-04,1029
1609,大亞,31,22,9,合庫-鳳山,2023-05-04,1029
00642U,期元大S＆P石油,8,0,8,合庫-鳳山,2023-05-04,1029
3224,三顧,8,0,8,合庫-鳳山,2023-05-04,1029
1718,中纖,7,0,7,合庫-鳳山,2023-05-04,1029
1905,華紙,9,2,7,合庫-鳳山,2023-05-04,1029
2344,華邦電,8,1,7,合庫-鳳山,2023-05-04,1029
6290,良維,7,0,7,合庫-鳳山,2023-05-04,1029
8027,鈦昇,9,2,7,合庫-鳳山,2023-05-04,1029
2489,瑞軒,6,0,6,合庫-鳳山,2023-05-04,1029
8069,元太,8,2,6,合庫-鳳山,2023-05-04,1029
2891,中信金,258,3,255,合庫-鳳山,2023-05-05,1029
00878,國泰永續高股息,100,1,99,合庫-鳳山,2023-05-05,1029
2801,彰銀,50,1,49,合庫-鳳山,2023-05-05,1029
00712,復華富時不動產,159,125,34,合庫-鳳山,2023-05-05,1029
00715L,期街口布蘭特正2,97,65,32,合庫-鳳山,2023-05-05,1029
2892,第一金,30,0,30,合庫-鳳山,2023-05-05,1029
2457,飛宏,53,28,25,合庫-鳳山,2023-05-05,1029
00679B,元大美債20年,23,0,23,合庫-鳳山,2023-05-05,1029
2637,慧洋-KY,23,0,23,合庫-鳳山,2023-05-05,1029
2459,敦吉,20,0,20,合庫-鳳山,2023-05-05,1029
2609,陽明,19,4,15,合庫-鳳山,2023-05-05,1029
4114,健喬,40,25,15,合庫-鳳山,2023-05-05,1029
2208,台船,13,0,13,合庫-鳳山,2023-05-05,1029
8215,明基材,15,2,13,合庫-鳳山,2023-05-05,1029
00772B,中信高評級公司債,16,4,12,合庫-鳳山,2023-05-05,1029
2458,義隆,12,0,12,合庫-鳳山,2023-05-05,1029
6202,盛群,12,0,12,合庫-鳳山,2023-05-05,1029
1907,永豐餘,12,0,12,合庫-鳳山,2023-05-05,1029
2606,裕民,11,0,11,合庫-鳳山,2023-05-05,1029
2812,台中銀,10,0,10,合庫-鳳山,2023-05-05,1029
00632R,元大台灣50反1,10,0,10,合庫-鳳山,2023-05-05,1029
1711,永光,10,0,10,合庫-鳳山,2023-05-05,1029
2201,裕隆,10,0,10,合庫-鳳山,2023-05-05,1029
2489,瑞軒,10,0,10,合庫-鳳山,2023-05-05,1029
3706,神達,10,0,10,合庫-鳳山,2023-05-05,1029
6180,橘子,10,0,10,合庫-鳳山,2023-05-05,1029
8093,保銳,10,0,10,合庫-鳳山,2023-05-05,1029
2353,宏��,11,3,8,合庫-鳳山,2023-05-05,1029
2913,農林,10,2,8,合庫-鳳山,2023-05-05,1029
4111,濟生,8,0,8,合庫-鳳山,2023-05-05,1029
6244,茂迪,12,4,8,合庫-鳳山,2023-05-05,1029
00907,永豐優息存股,7,0,7,合庫-鳳山,2023-05-05,1029
00690,兆豐藍籌30,7,0,7,合庫-鳳山,2023-05-05,1029
1513,中興電,28,21,7,合庫-鳳山,2023-05-05,1029
4164,承業醫,21,14,7,合庫-鳳山,2023-05-05,1029
4746,台耀,7,0,7,合庫-鳳山,2023-05-05,1029
2358,廷鑫,6,0,6,合庫-鳳山,2023-05-05,1029
2929,淘帝-KY,6,0,6,合庫-鳳山,2023-05-05,1029
6129,普誠,9,3,6,合庫-鳳山,2023-05-05,1029
5009,榮剛,8,2,6,合庫-鳳山,2023-05-05,1029
00720B,元大投資級公司債,6,1,5,合庫-鳳山,2023-05-05,1029
1522,堤維西,5,0,5,合庫-鳳山,2023-05-05,1029
2030,彰源,5,0,5,合庫-鳳山,2023-05-05,1029
2413,環科,15,10,5,合庫-鳳山,2023-05-05,1029
3312,弘憶股,5,0,5,合庫-鳳山,2023-05-05,1029
6234,高僑,5,0,5,合庫-鳳山,2023-05-05,1029
8076,伍豐,5,0,5,合庫-鳳山,2023-05-05,1029
8936,國統,10,5,5,合庫-鳳山,2023-05-05,1029
1608,華榮,5,1,4,合庫-鳳山,2023-05-05,1029
3231,緯創,4,0,4,合庫-鳳山,2023-05-05,1029
9955,佳龍,62,0,62,合庫-鳳山,2023-05-08,1029
8927,北基,89,39,50,合庫-鳳山,2023-05-08,1029
2801,彰銀,45,0,45,合庫-鳳山,2023-05-08,1029
8403,盛弘,58,17,41,合庫-鳳山,2023-05-08,1029
1605,華新,44,8,36,合庫-鳳山,2023-05-08,1029
8222,寶一,37,3,34,合庫-鳳山,2023-05-08,1029
6167,久正,31,0,31,合庫-鳳山,2023-05-08,1029
00712,復華富時不動產,30,0,30,合庫-鳳山,2023-05-08,1029
2459,敦吉,26,0,26,合庫-鳳山,2023-05-08,1029
2883,凱基金,51,26,25,合庫-鳳山,2023-05-08,1029
2313,華通,26,3,23,合庫-鳳山,2023-05-08,1029
2338,光罩,81,60,21,合庫-鳳山,2023-05-08,1029
2739,寒舍,18,0,18,合庫-鳳山,2023-05-08,1029
00671R,富邦NASDAQ反1,16,0,16,合庫-鳳山,2023-05-08,1029
1528,恩德,15,0,15,合庫-鳳山,2023-05-08,1029
3006,晶豪科,18,3,15,合庫-鳳山,2023-05-08,1029
00713,元大台灣高息低波,15,0,15,合庫-鳳山,2023-05-08,1029
3481,群創,17,3,14,合庫-鳳山,2023-05-08,1029
6547,高端疫苗,16,2,14,合庫-鳳山,2023-05-08,1029
8926,台汽電,18,4,14,合庫-鳳山,2023-05-08,1029
2882,國泰金,26,13,13,合庫-鳳山,2023-05-08,1029
4190,佐登-KY,13,0,13,合庫-鳳山,2023-05-08,1029
2887,台新金,27,14,13,合庫-鳳山,2023-05-08,1029
6612,奈米醫材,11,0,11,合庫-鳳山,2023-05-08,1029
00690,兆豐藍籌30,10,0,10,合庫-鳳山,2023-05-08,1029
2820,華票,10,0,10,合庫-鳳山,2023-05-08,1029
3711,日月光投控,10,0,10,合庫-鳳山,2023-05-08,1029
6120,達運,10,0,10,合庫-鳳山,2023-05-08,1029
6160,欣技,10,0,10,合庫-鳳山,2023-05-08,1029
3596,智易,12,2,10,合庫-鳳山,2023-05-08,1029
3058,立德,10,0,10,合庫-鳳山,2023-05-08,1029
2634,漢翔,54,46,8,合庫-鳳山,2023-05-08,1029
3071,協禧,9,1,8,合庫-鳳山,2023-05-08,1029
6213,聯茂,8,0,8,合庫-鳳山,2023-05-08,1029
2615,萬海,7,0,7,合庫-鳳山,2023-05-08,1029
3162,精確,7,0,7,合庫-鳳山,2023-05-08,1029
3703,欣陸,7,0,7,合庫-鳳山,2023-05-08,1029
1752,南光,6,0,6,合庫-鳳山,2023-05-08,1029
3189,景碩,6,0,6,合庫-鳳山,2023-05-08,1029
3419,譁裕,6,0,6,合庫-鳳山,2023-05-08,1029
4545,銘鈺,6,0,6,合庫-鳳山,2023-05-08,1029
4960,誠美材,6,0,6,合庫-鳳山,2023-05-08,1029
6104,創惟,6,0,6,合庫-鳳山,2023-05-08,1029
6125,廣運,6,0,6,合庫-鳳山,2023-05-08,1029
6173,信昌電,10,4,6,合庫-鳳山,2023-05-08,1029
6282,康舒,23,17,6,合庫-鳳山,2023-05-08,1029
6532,瑞耘,6,0,6,合庫-鳳山,2023-05-08,1029
3231,緯創,13,7,6,合庫-鳳山,2023-05-08,1029
00878,國泰永續高股息,17,12,5,合庫-鳳山,2023-05-08,1029
2888,新光金,5,0,5,合庫-鳳山,2023-05-08,1029
00795B,中信美國公債20年,100,0,100,合庫-鳳山,2023-05-09,1029
1513,中興電,89,12,77,合庫-鳳山,2023-05-09,1029
2457,飛宏,98,26,72,合庫-鳳山,2023-05-09,1029
2303,聯電,52,2,50,合庫-鳳山,2023-05-09,1029
8403,盛弘,50,1,49,合庫-鳳山,2023-05-09,1029
1802,台玻,40,0,40,合庫-鳳山,2023-05-09,1029
3209,全科,40,0,40,合庫-鳳山,2023-05-09,1029
1316,上曜,30,0,30,合庫-鳳山,2023-05-09,1029
1612,宏泰,29,0,29,合庫-鳳山,2023-05-09,1029
1605,華新,52,24,28,合庫-鳳山,2023-05-09,1029
3708,上緯投控,28,0,28,合庫-鳳山,2023-05-09,1029
2002,中鋼,25,0,25,合庫-鳳山,2023-05-09,1029
2468,華經,26,2,24,合庫-鳳山,2023-05-09,1029
2634,漢翔,72,48,24,合庫-鳳山,2023-05-09,1029
00772B,中信高評級公司債,23,0,23,合庫-鳳山,2023-05-09,1029
1101,台泥,34,11,23,合庫-鳳山,2023-05-09,1029
00680L,元大美債20正2,22,0,22,合庫-鳳山,2023-05-09,1029
3715,定穎投控,23,1,22,合庫-鳳山,2023-05-09,1029
8289,泰藝,22,0,22,合庫-鳳山,2023-05-09,1029
3041,揚智,20,0,20,合庫-鳳山,2023-05-09,1029
5011,久陽,20,0,20,合庫-鳳山,2023-05-09,1029
2338,光罩,19,0,19,合庫-鳳山,2023-05-09,1029
2739,寒舍,16,0,16,合庫-鳳山,2023-05-09,1029
6125,廣運,17,1,16,合庫-鳳山,2023-05-09,1029
00751B,元大AAA至A公司債,15,0,15,合庫-鳳山,2023-05-09,1029
2032,新鋼,16,1,15,合庫-鳳山,2023-05-09,1029
3362,先進光,16,1,15,合庫-鳳山,2023-05-09,1029
8436,大江,14,0,14,合庫-鳳山,2023-05-09,1029
00679B,元大美債20年,20,7,13,合庫-鳳山,2023-05-09,1029
1304,台聚,13,0,13,合庫-鳳山,2023-05-09,1029
6217,中探針,12,0,12,合庫-鳳山,2023-05-09,1029
6443,元晶,15,3,12,合庫-鳳山,2023-05-09,1029
2913,農林,17,6,11,合庫-鳳山,2023-05-09,1029
00892,富邦台灣半導體,10,0,10,合庫-鳳山,2023-05-09,1029
2406,國碩,10,0,10,合庫-鳳山,2023-05-09,1029
2812,台中銀,10,0,10,合庫-鳳山,2023-05-09,1029
3149,正達,11,1,10,合庫-鳳山,2023-05-09,1029
6191,精成科,10,0,10,合庫-鳳山,2023-05-09,1029
3228,金麗科,11,2,9,合庫-鳳山,2023-05-09,1029
3576,聯合再生,10,1,9,合庫-鳳山,2023-05-09,1029
6776,展�眥篕�,9,0,9,合庫-鳳山,2023-05-09,1029
00687B,國泰20年美債,9,0,9,合庫-鳳山,2023-05-09,1029
1710,東聯,11,3,8,合庫-鳳山,2023-05-09,1029
3231,緯創,16,8,8,合庫-鳳山,2023-05-09,1029
4804,大略-KY,8,0,8,合庫-鳳山,2023-05-09,1029
6196,帆宣,8,0,8,合庫-鳳山,2023-05-09,1029
00671R,富邦NASDAQ反1,7,0,7,合庫-鳳山,2023-05-09,1029
00712,復華富時不動產,7,0,7,合庫-鳳山,2023-05-09,1029
1314,中石化,7,0,7,合庫-鳳山,2023-05-09,1029
2601,益航,7,0,7,合庫-鳳山,2023-05-09,1029
00687B,國泰20年美債,110,0,110,合庫-鳳山,2023-05-10,1029
00878,國泰永續高股息,108,3,105,合庫-鳳山,2023-05-10,1029
2605,新興,103,0,103,合庫-鳳山,2023-05-10,1029
2888,新光金,51,0,51,合庫-鳳山,2023-05-10,1029
00665L,富邦�琤肭磪囓�2,40,0,40,合庫-鳳山,2023-05-10,1029
1319,東陽,42,5,37,合庫-鳳山,2023-05-10,1029
3013,晟銘電,30,1,29,合庫-鳳山,2023-05-10,1029
00680L,元大美債20正2,25,0,25,合庫-鳳山,2023-05-10,1029
2330,台積電,23,0,23,合庫-鳳山,2023-05-10,1029
3708,上緯投控,22,0,22,合庫-鳳山,2023-05-10,1029
4979,華星光,23,1,22,合庫-鳳山,2023-05-10,1029
8027,鈦昇,21,0,21,合庫-鳳山,2023-05-10,1029
00713,元大台灣高息低波,17,0,17,合庫-鳳山,2023-05-10,1029
6625,必應,18,1,17,合庫-鳳山,2023-05-10,1029
8403,盛弘,19,3,16,合庫-鳳山,2023-05-10,1029
00712,復華富時不動產,15,0,15,合庫-鳳山,2023-05-10,1029
3058,立德,15,1,14,合庫-鳳山,2023-05-10,1029
5465,富驊,16,3,13,合庫-鳳山,2023-05-10,1029
2303,聯電,13,1,12,合庫-鳳山,2023-05-10,1029
1605,華新,16,4,12,合庫-鳳山,2023-05-10,1029
0056,元大高股息,11,0,11,合庫-鳳山,2023-05-10,1029
0050,元大台灣50,11,0,11,合庫-鳳山,2023-05-10,1029
00891,中信關鍵半導體,10,0,10,合庫-鳳山,2023-05-10,1029
00888,永豐台灣ESG,10,0,10,合庫-鳳山,2023-05-10,1029
1316,上曜,10,0,10,合庫-鳳山,2023-05-10,1029
1471,首利,10,0,10,合庫-鳳山,2023-05-10,1029
1528,恩德,10,0,10,合庫-鳳山,2023-05-10,1029
6129,普誠,11,1,10,合庫-鳳山,2023-05-10,1029
6606,建德工業,10,0,10,合庫-鳳山,2023-05-10,1029
2022,聚亨,15,6,9,合庫-鳳山,2023-05-10,1029
2887,台新金,15,6,9,合庫-鳳山,2023-05-10,1029
3483,力致,20,11,9,合庫-鳳山,2023-05-10,1029
5880,合庫金,12,4,8,合庫-鳳山,2023-05-10,1029
00772B,中信高評級公司債,8,0,8,合庫-鳳山,2023-05-10,1029
00892,富邦台灣半導體,8,0,8,合庫-鳳山,2023-05-10,1029
3105,穩懋,8,0,8,合庫-鳳山,2023-05-10,1029
3694,海華,8,0,8,合庫-鳳山,2023-05-10,1029
6142,友勁,8,0,8,合庫-鳳山,2023-05-10,1029
6523,達爾膚,8,0,8,合庫-鳳山,2023-05-10,1029
8289,泰藝,8,0,8,合庫-鳳山,2023-05-10,1029
00900,富邦特選高股息30,7,0,7,合庫-鳳山,2023-05-10,1029
3231,緯創,21,14,7,合庫-鳳山,2023-05-10,1029
4977,眾達-KY,7,0,7,合庫-鳳山,2023-05-10,1029
5301,寶得利,7,0,7,合庫-鳳山,2023-05-10,1029
4160,訊聯基因,7,0,7,合庫-鳳山,2023-05-10,1029
1303,南亞,6,0,6,合庫-鳳山,2023-05-10,1029
00857B,永豐20年美公債,6,0,6,合庫-鳳山,2023-05-10,1029
2543,皇昌,6,0,6,合庫-鳳山,2023-05-10,1029
4541,晟田,36,30,6,合庫-鳳山,2023-05-10,1029
6415,矽力*-KY,12,6,6,合庫-鳳山,2023-05-10,1029
00878,國泰永續高股息,182,0,182,合庫-鳳山,2023-05-11,1029
8927,北基,152,64,88,合庫-鳳山,2023-05-11,1029
1339,昭輝,40,0,40,合庫-鳳山,2023-05-11,1029
2743,山富,44,4,40,合庫-鳳山,2023-05-11,1029
2610,華航,91,52,39,合庫-鳳山,2023-05-11,1029
2618,長榮航,59,22,37,合庫-鳳山,2023-05-11,1029
3548,兆利,37,0,37,合庫-鳳山,2023-05-11,1029
6285,啟��,37,9,28,合庫-鳳山,2023-05-11,1029
00715L,期街口布蘭特正2,31,4,27,合庫-鳳山,2023-05-11,1029
1321,大洋,25,0,25,合庫-鳳山,2023-05-11,1029
1905,華紙,24,0,24,合庫-鳳山,2023-05-11,1029
2634,漢翔,33,11,22,合庫-鳳山,2023-05-11,1029
2303,聯電,22,1,21,合庫-鳳山,2023-05-11,1029
4109,加捷生醫,20,0,20,合庫-鳳山,2023-05-11,1029
5905,南仁湖,20,0,20,合庫-鳳山,2023-05-11,1029
6218,豪勉,20,0,20,合庫-鳳山,2023-05-11,1029
6234,高僑,34,14,20,合庫-鳳山,2023-05-11,1029
2367,燿華,21,2,19,合庫-鳳山,2023-05-11,1029
8284,三竹,20,1,19,合庫-鳳山,2023-05-11,1029
2023,燁輝,20,2,18,合庫-鳳山,2023-05-11,1029
6209,今國光,15,0,15,合庫-鳳山,2023-05-11,1029
4121,優盛,14,0,14,合庫-鳳山,2023-05-11,1029
6167,久正,14,0,14,合庫-鳳山,2023-05-11,1029
3576,聯合再生,13,0,13,合庫-鳳山,2023-05-11,1029
1528,恩德,12,0,12,合庫-鳳山,2023-05-11,1029
3483,力致,23,11,12,合庫-鳳山,2023-05-11,1029
4114,健喬,14,2,12,合庫-鳳山,2023-05-11,1029
6125,廣運,13,1,12,合庫-鳳山,2023-05-11,1029
2337,旺宏,11,0,11,合庫-鳳山,2023-05-11,1029
2419,仲琦,11,0,11,合庫-鳳山,2023-05-11,1029
3047,訊舟,11,0,11,合庫-鳳山,2023-05-11,1029
6274,台燿,11,0,11,合庫-鳳山,2023-05-11,1029
8093,保銳,13,2,11,合庫-鳳山,2023-05-11,1029
00631L,元大台灣50正2,10,0,10,合庫-鳳山,2023-05-11,1029
1312,國喬,10,0,10,合庫-鳳山,2023-05-11,1029
1711,永光,10,0,10,合庫-鳳山,2023-05-11,1029
2314,台揚,10,0,10,合庫-鳳山,2023-05-11,1029
2359,所羅門,10,0,10,合庫-鳳山,2023-05-11,1029
2387,精元,10,0,10,合庫-鳳山,2023-05-11,1029
2457,飛宏,67,57,10,合庫-鳳山,2023-05-11,1029
2485,兆赫,10,0,10,合庫-鳳山,2023-05-11,1029
2630,亞航,16,6,10,合庫-鳳山,2023-05-11,1029
2739,寒舍,10,0,10,合庫-鳳山,2023-05-11,1029
2890,永豐金,10,0,10,合庫-鳳山,2023-05-11,1029
3294,英濟,10,0,10,合庫-鳳山,2023-05-11,1029
5353,台林,10,0,10,合庫-鳳山,2023-05-11,1029
6160,欣技,10,0,10,合庫-鳳山,2023-05-11,1029
6470,宇智,10,0,10,合庫-鳳山,2023-05-11,1029
6625,必應,10,0,10,合庫-鳳山,2023-05-11,1029
6592,和潤企業,9,0,9,合庫-鳳山,2023-05-11,1029
00680L,元大美債20正2,103,3,100,合庫-鳳山,2023-05-12,1029
00673R,期元大S＆P原油反1,70,0,70,合庫-鳳山,2023-05-12,1029
8927,北基,234,177,57,合庫-鳳山,2023-05-12,1029
6139,亞翔,74,22,52,合庫-鳳山,2023-05-12,1029
2887,台新金,53,5,48,合庫-鳳山,2023-05-12,1029
6109,亞元,121,78,43,合庫-鳳山,2023-05-12,1029
2317,鴻海,50,9,41,合庫-鳳山,2023-05-12,1029
00674R,期元大S＆P黃金反1,40,0,40,合庫-鳳山,2023-05-12,1029
2610,華航,36,0,36,合庫-鳳山,2023-05-12,1029
3483,力致,30,1,29,合庫-鳳山,2023-05-12,1029
2883,凱基金,48,20,28,合庫-鳳山,2023-05-12,1029
5245,智晶,25,0,25,合庫-鳳山,2023-05-12,1029
6285,啟��,35,13,22,合庫-鳳山,2023-05-12,1029
2888,新光金,26,5,21,合庫-鳳山,2023-05-12,1029
2882,國泰金,23,3,20,合庫-鳳山,2023-05-12,1029
2208,台船,20,3,17,合庫-鳳山,2023-05-12,1029
2743,山富,29,13,16,合庫-鳳山,2023-05-12,1029
00671R,富邦NASDAQ反1,16,0,16,合庫-鳳山,2023-05-12,1029
2303,聯電,16,1,15,合庫-鳳山,2023-05-12,1029
6112,邁達特,22,7,15,合庫-鳳山,2023-05-12,1029
00893,國泰智能電動車,20,6,14,合庫-鳳山,2023-05-12,1029
2884,玉山金,14,0,14,合庫-鳳山,2023-05-12,1029
00712,復華富時不動產,12,0,12,合庫-鳳山,2023-05-12,1029
2017,官田鋼,12,0,12,合庫-鳳山,2023-05-12,1029
5309,系統電,12,0,12,合庫-鳳山,2023-05-12,1029
4564,元翎,11,0,11,合庫-鳳山,2023-05-12,1029
2014,中鴻,14,3,11,合庫-鳳山,2023-05-12,1029
2022,聚亨,11,0,11,合庫-鳳山,2023-05-12,1029
2027,大成鋼,11,0,11,合庫-鳳山,2023-05-12,1029
2492,華新科,11,0,11,合庫-鳳山,2023-05-12,1029
4728,雙美,10,0,10,合庫-鳳山,2023-05-12,1029
1736,喬山,10,0,10,合庫-鳳山,2023-05-12,1029
2337,旺宏,11,1,10,合庫-鳳山,2023-05-12,1029
2890,永豐金,10,0,10,合庫-鳳山,2023-05-12,1029
3576,聯合再生,11,1,10,合庫-鳳山,2023-05-12,1029
8099,大世科,21,11,10,合庫-鳳山,2023-05-12,1029
1905,華紙,14,5,9,合庫-鳳山,2023-05-12,1029
6664,群翊,9,0,9,合庫-鳳山,2023-05-12,1029
1440,南紡,8,0,8,合庫-鳳山,2023-05-12,1029
1528,恩德,8,0,8,合庫-鳳山,2023-05-12,1029
2641,正德,8,0,8,合庫-鳳山,2023-05-12,1029
1471,首利,7,0,7,合庫-鳳山,2023-05-12,1029
1504,東元,23,16,7,合庫-鳳山,2023-05-12,1029
1605,華新,8,1,7,合庫-鳳山,2023-05-12,1029
3078,僑威,12,5,7,合庫-鳳山,2023-05-12,1029
4128,中天,9,2,7,合庫-鳳山,2023-05-12,1029
6234,高僑,9,2,7,合庫-鳳山,2023-05-12,1029
8926,台汽電,10,4,6,合庫-鳳山,2023-05-12,1029
1529,樂事綠能,18,12,6,合庫-鳳山,2023-05-12,1029
1708,東鹼,6,0,6,合庫-鳳山,2023-05-12,1029
2887,台新金,106,0,106,合庫-鳳山,2023-05-15,1029
2303,聯電,70,0,70,合庫-鳳山,2023-05-15,1029
2610,華航,61,1,60,合庫-鳳山,2023-05-15,1029
00878,國泰永續高股息,115,55,60,合庫-鳳山,2023-05-15,1029
5905,南仁湖,64,6,58,合庫-鳳山,2023-05-15,1029
00712,復華富時不動產,56,0,56,合庫-鳳山,2023-05-15,1029
1528,恩德,33,0,33,合庫-鳳山,2023-05-15,1029
00715L,期街口布蘭特正2,49,20,29,合庫-鳳山,2023-05-15,1029
3046,建��,47,22,25,合庫-鳳山,2023-05-15,1029
8011,台通,52,28,24,合庫-鳳山,2023-05-15,1029
3483,力致,23,1,22,合庫-鳳山,2023-05-15,1029
2739,寒舍,21,0,21,合庫-鳳山,2023-05-15,1029
4741,泓瀚,21,0,21,合庫-鳳山,2023-05-15,1029
3481,群創,23,3,20,合庫-鳳山,2023-05-15,1029
00671R,富邦NASDAQ反1,20,0,20,合庫-鳳山,2023-05-15,1029
4536,拓凱,20,0,20,合庫-鳳山,2023-05-15,1029
00680L,元大美債20正2,18,0,18,合庫-鳳山,2023-05-15,1029
2457,飛宏,53,35,18,合庫-鳳山,2023-05-15,1029
3035,智原,21,3,18,合庫-鳳山,2023-05-15,1029
6142,友勁,16,0,16,合庫-鳳山,2023-05-15,1029
1802,台玻,15,0,15,合庫-鳳山,2023-05-15,1029
2032,新鋼,15,0,15,合庫-鳳山,2023-05-15,1029
2542,興富發,14,0,14,合庫-鳳山,2023-05-15,1029
2409,友達,14,1,13,合庫-鳳山,2023-05-15,1029
8210,勤誠,13,0,13,合庫-鳳山,2023-05-15,1029
1304,台聚,12,0,12,合庫-鳳山,2023-05-15,1029
2352,佳世達,12,0,12,合庫-鳳山,2023-05-15,1029
6770,力積電,12,0,12,合庫-鳳山,2023-05-15,1029
3105,穩懋,12,1,11,合庫-鳳山,2023-05-15,1029
3005,神基,11,0,11,合庫-鳳山,2023-05-15,1029
1432,大魯閣,20,10,10,合庫-鳳山,2023-05-15,1029
1522,堤維西,10,0,10,合庫-鳳山,2023-05-15,1029
2338,光罩,10,0,10,合庫-鳳山,2023-05-15,1029
2609,陽明,17,7,10,合庫-鳳山,2023-05-15,1029
3289,宜特,10,0,10,合庫-鳳山,2023-05-15,1029
5245,智晶,10,0,10,合庫-鳳山,2023-05-15,1029
6223,旺矽,10,0,10,合庫-鳳山,2023-05-15,1029
6592,和潤企業,10,1,9,合庫-鳳山,2023-05-15,1029
00772B,中信高評級公司債,9,0,9,合庫-鳳山,2023-05-15,1029
2374,佳能,10,1,9,合庫-鳳山,2023-05-15,1029
3032,偉訓,14,5,9,合庫-鳳山,2023-05-15,1029
00923,群益台ESG低碳50,8,0,8,合庫-鳳山,2023-05-15,1029
00892,富邦台灣半導體,8,0,8,合庫-鳳山,2023-05-15,1029
00690,兆豐藍籌30,8,0,8,合庫-鳳山,2023-05-15,1029
5439,高技,8,0,8,合庫-鳳山,2023-05-15,1029
3093,港建*,7,0,7,合庫-鳳山,2023-05-15,1029
3712,永崴投控,7,0,7,合庫-鳳山,2023-05-15,1029
1417,嘉裕,6,0,6,合庫-鳳山,2023-05-15,1029
1440,南紡,6,0,6,合庫-鳳山,2023-05-15,1029
1568,倉佑,6,0,6,合庫-鳳山,2023-05-15,1029
00632R,元大台灣50反1,235,0,235,合庫-鳳山,2023-05-16,1029
5905,南仁湖,213,28,185,合庫-鳳山,2023-05-16,1029
2338,光罩,123,0,123,合庫-鳳山,2023-05-16,1029
00637L,元大滬深300正2,82,2,80,合庫-鳳山,2023-05-16,1029
2323,中環,97,21,76,合庫-鳳山,2023-05-16,1029
00712,復華富時不動產,50,1,49,合庫-鳳山,2023-05-16,1029
8927,北基,94,45,49,合庫-鳳山,2023-05-16,1029
2489,瑞軒,51,5,46,合庫-鳳山,2023-05-16,1029
0056,元大高股息,45,2,43,合庫-鳳山,2023-05-16,1029
6285,啟��,143,102,41,合庫-鳳山,2023-05-16,1029
2734,易飛網,38,5,33,合庫-鳳山,2023-05-16,1029
3202,樺晟,30,0,30,合庫-鳳山,2023-05-16,1029
00713,元大台灣高息低波,26,0,26,合庫-鳳山,2023-05-16,1029
00882,中信中國高股息,23,1,22,合庫-鳳山,2023-05-16,1029
1504,東元,39,17,22,合庫-鳳山,2023-05-16,1029
00680L,元大美債20正2,20,0,20,合庫-鳳山,2023-05-16,1029
3540,曜越,18,0,18,合庫-鳳山,2023-05-16,1029
1321,大洋,17,0,17,合庫-鳳山,2023-05-16,1029
2481,強茂,18,1,17,合庫-鳳山,2023-05-16,1029
00679B,元大美債20年,16,0,16,合庫-鳳山,2023-05-16,1029
6125,廣運,16,0,16,合庫-鳳山,2023-05-16,1029
00715L,期街口布蘭特正2,33,18,15,合庫-鳳山,2023-05-16,1029
2317,鴻海,16,1,15,合庫-鳳山,2023-05-16,1029
3362,先進光,14,0,14,合庫-鳳山,2023-05-16,1029
4744,皇將,15,1,14,合庫-鳳山,2023-05-16,1029
6242,立康,11,0,11,合庫-鳳山,2023-05-16,1029
00722B,群益投資級電信債,10,0,10,合庫-鳳山,2023-05-16,1029
2601,益航,10,0,10,合庫-鳳山,2023-05-16,1029
3264,欣銓,10,0,10,合庫-鳳山,2023-05-16,1029
5465,富驊,13,3,10,合庫-鳳山,2023-05-16,1029
6806,森崴能源,10,0,10,合庫-鳳山,2023-05-16,1029
8085,福華,10,0,10,合庫-鳳山,2023-05-16,1029
9928,中視,10,0,10,合庫-鳳山,2023-05-16,1029
00893,國泰智能電動車,10,1,9,合庫-鳳山,2023-05-16,1029
2388,威盛,11,2,9,合庫-鳳山,2023-05-16,1029
6782,視陽,9,0,9,合庫-鳳山,2023-05-16,1029
8048,德勝,9,0,9,合庫-鳳山,2023-05-16,1029
1905,華紙,8,0,8,合庫-鳳山,2023-05-16,1029
5533,皇鼎,8,0,8,合庫-鳳山,2023-05-16,1029
00772B,中信高評級公司債,7,0,7,合庫-鳳山,2023-05-16,1029
3260,威剛,7,0,7,合庫-鳳山,2023-05-16,1029
6122,擎邦,20,13,7,合庫-鳳山,2023-05-16,1029
8105,凌巨,10,3,7,合庫-鳳山,2023-05-16,1029
2610,華航,6,0,6,合庫-鳳山,2023-05-16,1029
2630,亞航,8,2,6,合庫-鳳山,2023-05-16,1029
2880,華南金,7,1,6,合庫-鳳山,2023-05-16,1029
3289,宜特,16,10,6,合庫-鳳山,2023-05-16,1029
3624,光頡,7,1,6,合庫-鳳山,2023-05-16,1029
4552,力達-KY,6,0,6,合庫-鳳山,2023-05-16,1029
6142,友勁,6,0,6,合庫-鳳山,2023-05-16,1029
00632R,元大台灣50反1,310,50,260,合庫-鳳山,2023-05-17,1029
00637L,元大滬深300正2,260,2,258,合庫-鳳山,2023-05-17,1029
6109,亞元,90,0,90,合庫-鳳山,2023-05-17,1029
00712,復華富時不動產,50,0,50,合庫-鳳山,2023-05-17,1029
00680L,元大美債20正2,40,0,40,合庫-鳳山,2023-05-17,1029
3432,台端,40,0,40,合庫-鳳山,2023-05-17,1029
2491,吉祥全,37,0,37,合庫-鳳山,2023-05-17,1029
1321,大洋,36,0,36,合庫-鳳山,2023-05-17,1029
3005,神基,39,6,33,合庫-鳳山,2023-05-17,1029
00830,國泰費城半導體,41,10,31,合庫-鳳山,2023-05-17,1029
1721,三晃,31,0,31,合庫-鳳山,2023-05-17,1029
2337,旺宏,30,0,30,合庫-鳳山,2023-05-17,1029
00878,國泰永續高股息,41,13,28,合庫-鳳山,2023-05-17,1029
00664R,國泰臺灣加權反1,21,0,21,合庫-鳳山,2023-05-17,1029
6161,捷波,18,0,18,合庫-鳳山,2023-05-17,1029
0056,元大高股息,17,1,16,合庫-鳳山,2023-05-17,1029
3373,熱映,15,0,15,合庫-鳳山,2023-05-17,1029
5531,鄉林,15,0,15,合庫-鳳山,2023-05-17,1029
00772B,中信高評級公司債,14,0,14,合庫-鳳山,2023-05-17,1029
5905,南仁湖,26,12,14,合庫-鳳山,2023-05-17,1029
1711,永光,11,0,11,合庫-鳳山,2023-05-17,1029
5465,富驊,21,10,11,合庫-鳳山,2023-05-17,1029
2023,燁輝,20,10,10,合庫-鳳山,2023-05-17,1029
2031,新光鋼,10,0,10,合庫-鳳山,2023-05-17,1029
2338,光罩,110,100,10,合庫-鳳山,2023-05-17,1029
3010,華立,10,0,10,合庫-鳳山,2023-05-17,1029
4108,懷特,10,0,10,合庫-鳳山,2023-05-17,1029
5381,合正,10,0,10,合庫-鳳山,2023-05-17,1029
8222,寶一,28,18,10,合庫-鳳山,2023-05-17,1029
1605,華新,11,2,9,合庫-鳳山,2023-05-17,1029
2471,資通,12,3,9,合庫-鳳山,2023-05-17,1029
2610,華航,10,1,9,合庫-鳳山,2023-05-17,1029
2731,雄獅,18,9,9,合庫-鳳山,2023-05-17,1029
2739,寒舍,9,0,9,合庫-鳳山,2023-05-17,1029
3078,僑威,15,6,9,合庫-鳳山,2023-05-17,1029
3363,上詮,28,19,9,合庫-鳳山,2023-05-17,1029
3715,定穎投控,13,4,9,合庫-鳳山,2023-05-17,1029
2377,微星,11,3,8,合庫-鳳山,2023-05-17,1029
3545,敦泰,14,6,8,合庫-鳳山,2023-05-17,1029
5245,智晶,8,0,8,合庫-鳳山,2023-05-17,1029
5701,劍湖山,10,2,8,合庫-鳳山,2023-05-17,1029
6223,旺矽,8,0,8,合庫-鳳山,2023-05-17,1029
1101,台泥,9,2,7,合庫-鳳山,2023-05-17,1029
3624,光頡,7,0,7,合庫-鳳山,2023-05-17,1029
00773B,中信優先金融債,6,0,6,合庫-鳳山,2023-05-17,1029
2313,華通,6,0,6,合庫-鳳山,2023-05-17,1029
4162,智擎,6,0,6,合庫-鳳山,2023-05-17,1029
6196,帆宣,6,0,6,合庫-鳳山,2023-05-17,1029
00713,元大台灣高息低波,10,5,5,合庫-鳳山,2023-05-17,1029
00892,富邦台灣半導體,5,0,5,合庫-鳳山,2023-05-17,1029
00632R,元大台灣50反1,582,0,582,合庫-鳳山,2023-05-18,1029
8927,北基,365,113,252,合庫-鳳山,2023-05-18,1029
00772B,中信高評級公司債,104,0,104,合庫-鳳山,2023-05-18,1029
8222,寶一,106,9,97,合庫-鳳山,2023-05-18,1029
00637L,元大滬深300正2,125,52,73,合庫-鳳山,2023-05-18,1029
00715L,期街口布蘭特正2,61,21,40,合庫-鳳山,2023-05-18,1029
2338,光罩,94,58,36,合庫-鳳山,2023-05-18,1029
00680L,元大美債20正2,32,0,32,合庫-鳳山,2023-05-18,1029
3078,僑威,42,13,29,合庫-鳳山,2023-05-18,1029
6005,群益證,30,1,29,合庫-鳳山,2023-05-18,1029
5905,南仁湖,25,1,24,合庫-鳳山,2023-05-18,1029
00713,元大台灣高息低波,23,0,23,合庫-鳳山,2023-05-18,1029
5324,士開,21,0,21,合庫-鳳山,2023-05-18,1029
00712,復華富時不動產,21,1,20,合庫-鳳山,2023-05-18,1029
2313,華通,20,0,20,合庫-鳳山,2023-05-18,1029
5356,協益,20,0,20,合庫-鳳山,2023-05-18,1029
8905,裕國,20,0,20,合庫-鳳山,2023-05-18,1029
1321,大洋,19,0,19,合庫-鳳山,2023-05-18,1029
1529,樂事綠能,27,9,18,合庫-鳳山,2023-05-18,1029
2014,中鴻,20,2,18,合庫-鳳山,2023-05-18,1029
3005,神基,24,9,15,合庫-鳳山,2023-05-18,1029
5211,蒙恬,18,3,15,合庫-鳳山,2023-05-18,1029
8926,台汽電,15,0,15,合庫-鳳山,2023-05-18,1029
2634,漢翔,15,1,14,合庫-鳳山,2023-05-18,1029
00893,國泰智能電動車,30,16,14,合庫-鳳山,2023-05-18,1029
5465,富驊,22,8,14,合庫-鳳山,2023-05-18,1029
00679B,元大美債20年,18,5,13,合庫-鳳山,2023-05-18,1029
3481,群創,30,18,12,合庫-鳳山,2023-05-18,1029
2495,普安,12,0,12,合庫-鳳山,2023-05-18,1029
2247,汎德永業,11,0,11,合庫-鳳山,2023-05-18,1029
2609,陽明,15,5,10,合庫-鳳山,2023-05-18,1029
00688L,國泰20年美債正2,10,0,10,合庫-鳳山,2023-05-18,1029
1608,華榮,13,3,10,合庫-鳳山,2023-05-18,1029
2314,台揚,10,0,10,合庫-鳳山,2023-05-18,1029
3703,欣陸,10,0,10,合庫-鳳山,2023-05-18,1029
4111,濟生,10,0,10,合庫-鳳山,2023-05-18,1029
4804,大略-KY,10,0,10,合庫-鳳山,2023-05-18,1029
5234,達興材料,10,0,10,合庫-鳳山,2023-05-18,1029
8048,德勝,10,0,10,合庫-鳳山,2023-05-18,1029
2482,連宇,13,4,9,合庫-鳳山,2023-05-18,1029
2867,三商壽,10,1,9,合庫-鳳山,2023-05-18,1029
6160,欣技,15,6,9,合庫-鳳山,2023-05-18,1029
2206,三陽工業,25,17,8,合庫-鳳山,2023-05-18,1029
6218,豪勉,10,2,8,合庫-鳳山,2023-05-18,1029
6841,長佳智能,8,0,8,合庫-鳳山,2023-05-18,1029
1314,中石化,16,8,8,合庫-鳳山,2023-05-18,1029
2324,仁寶,7,0,7,合庫-鳳山,2023-05-18,1029
6290,良維,7,0,7,合庫-鳳山,2023-05-18,1029
00687B,國泰20年美債,7,0,7,合庫-鳳山,2023-05-18,1029
2337,旺宏,6,0,6,合庫-鳳山,2023-05-18,1029
00637L,元大滬深300正2,427,0,427,合庫-鳳山,2023-05-19,1029
00665L,富邦�琤肭磪囓�2,110,0,110,合庫-鳳山,2023-05-19,1029
5905,南仁湖,102,0,102,合庫-鳳山,2023-05-19,1029
6191,精成科,67,1,66,合庫-鳳山,2023-05-19,1029
00632R,元大台灣50反1,65,0,65,合庫-鳳山,2023-05-19,1029
2603,長榮,63,2,61,合庫-鳳山,2023-05-19,1029
2886,兆豐金,62,8,54,合庫-鳳山,2023-05-19,1029
2349,錸德,51,0,51,合庫-鳳山,2023-05-19,1029
00671R,富邦NASDAQ反1,50,0,50,合庫-鳳山,2023-05-19,1029
2881,富邦金,51,4,47,合庫-鳳山,2023-05-19,1029
2739,寒舍,35,0,35,合庫-鳳山,2023-05-19,1029
8086,宏捷科,34,0,34,合庫-鳳山,2023-05-19,1029
1605,華新,44,13,31,合庫-鳳山,2023-05-19,1029
00772B,中信高評級公司債,30,0,30,合庫-鳳山,2023-05-19,1029
00680L,元大美債20正2,30,0,30,合庫-鳳山,2023-05-19,1029
2390,云辰,30,2,28,合庫-鳳山,2023-05-19,1029
2007,燁興,20,0,20,合庫-鳳山,2023-05-19,1029
00687B,國泰20年美債,19,0,19,合庫-鳳山,2023-05-19,1029
00633L,富邦上証正2,27,10,17,合庫-鳳山,2023-05-19,1029
2323,中環,44,27,17,合庫-鳳山,2023-05-19,1029
3189,景碩,15,0,15,合庫-鳳山,2023-05-19,1029
6776,展�眥篕�,15,0,15,合庫-鳳山,2023-05-19,1029
3003,健和興,21,8,13,合庫-鳳山,2023-05-19,1029
4114,健喬,14,1,13,合庫-鳳山,2023-05-19,1029
6161,捷波,13,0,13,合庫-鳳山,2023-05-19,1029
6244,茂迪,15,2,13,合庫-鳳山,2023-05-19,1029
6269,台郡,18,5,13,合庫-鳳山,2023-05-19,1029
6112,邁達特,15,4,11,合庫-鳳山,2023-05-19,1029
6234,高僑,11,0,11,合庫-鳳山,2023-05-19,1029
00673R,期元大S＆P原油反1,10,0,10,合庫-鳳山,2023-05-19,1029
00762,元大全球AI,10,0,10,合庫-鳳山,2023-05-19,1029
00753L,中信中國50正2,10,0,10,合庫-鳳山,2023-05-19,1029
2459,敦吉,10,0,10,合庫-鳳山,2023-05-19,1029
4536,拓凱,10,0,10,合庫-鳳山,2023-05-19,1029
6535,順藥,10,0,10,合庫-鳳山,2023-05-19,1029
3029,零壹,24,15,9,合庫-鳳山,2023-05-19,1029
00720B,元大投資級公司債,9,0,9,合庫-鳳山,2023-05-19,1029
00857B,永豐20年美公債,9,0,9,合庫-鳳山,2023-05-19,1029
1905,華紙,10,1,9,合庫-鳳山,2023-05-19,1029
3615,安可,9,0,9,合庫-鳳山,2023-05-19,1029
2247,汎德永業,9,1,8,合庫-鳳山,2023-05-19,1029
00690,兆豐藍籌30,8,0,8,合庫-鳳山,2023-05-19,1029
00696B,富邦美債20年,8,0,8,合庫-鳳山,2023-05-19,1029
1268,漢來美食,12,4,8,合庫-鳳山,2023-05-19,1029
1513,中興電,26,18,8,合庫-鳳山,2023-05-19,1029
6689,伊雲谷,8,0,8,合庫-鳳山,2023-05-19,1029
3078,僑威,16,9,7,合庫-鳳山,2023-05-19,1029
6235,華孚,8,1,7,合庫-鳳山,2023-05-19,1029
00923,群益台ESG低碳50,6,0,6,合庫-鳳山,2023-05-19,1029
00881,國泰台灣5G+,12,6,6,合庫-鳳山,2023-05-19,1029
00632R,元大台灣50反1,799,0,799,合庫-鳳山,2023-05-22,1029
2610,華航,226,29,197,合庫-鳳山,2023-05-22,1029
00878,國泰永續高股息,153,37,116,合庫-鳳山,2023-05-22,1029
2388,威盛,213,111,102,合庫-鳳山,2023-05-22,1029
6282,康舒,153,70,83,合庫-鳳山,2023-05-22,1029
2618,長榮航,192,113,79,合庫-鳳山,2023-05-22,1029
00680L,元大美債20正2,40,0,40,合庫-鳳山,2023-05-22,1029
00715L,期街口布蘭特正2,70,30,40,合庫-鳳山,2023-05-22,1029
00772B,中信高評級公司債,39,0,39,合庫-鳳山,2023-05-22,1029
2603,長榮,50,12,38,合庫-鳳山,2023-05-22,1029
2303,聯電,41,3,38,合庫-鳳山,2023-05-22,1029
3022,威強電,33,0,33,合庫-鳳山,2023-05-22,1029
6535,順藥,32,0,32,合庫-鳳山,2023-05-22,1029
8927,北基,53,23,30,合庫-鳳山,2023-05-22,1029
2739,寒舍,26,0,26,合庫-鳳山,2023-05-22,1029
3037,欣興,46,21,25,合庫-鳳山,2023-05-22,1029
3005,神基,52,31,21,合庫-鳳山,2023-05-22,1029
3576,聯合再生,20,0,20,合庫-鳳山,2023-05-22,1029
00712,復華富時不動產,16,0,16,合庫-鳳山,2023-05-22,1029
2745,五福,15,0,15,合庫-鳳山,2023-05-22,1029
6191,精成科,15,0,15,合庫-鳳山,2023-05-22,1029
8099,大世科,30,15,15,合庫-鳳山,2023-05-22,1029
3105,穩懋,14,0,14,合庫-鳳山,2023-05-22,1029
00720B,元大投資級公司債,14,0,14,合庫-鳳山,2023-05-22,1029
1101,台泥,15,2,13,合庫-鳳山,2023-05-22,1029
1504,東元,27,14,13,合庫-鳳山,2023-05-22,1029
2338,光罩,23,10,13,合庫-鳳山,2023-05-22,1029
3078,僑威,17,4,13,合庫-鳳山,2023-05-22,1029
3694,海華,17,4,13,合庫-鳳山,2023-05-22,1029
00882,中信中國高股息,12,0,12,合庫-鳳山,2023-05-22,1029
00900,富邦特選高股息30,14,3,11,合庫-鳳山,2023-05-22,1029
3444,利機,12,1,11,合庫-鳳山,2023-05-22,1029
00902,中信電池及儲能,10,0,10,合庫-鳳山,2023-05-22,1029
3059,華晶科,10,0,10,合庫-鳳山,2023-05-22,1029
2881,富邦金,10,1,9,合庫-鳳山,2023-05-22,1029
4741,泓瀚,9,0,9,合庫-鳳山,2023-05-22,1029
8046,南電,9,0,9,合庫-鳳山,2023-05-22,1029
00679B,元大美債20年,12,4,8,合庫-鳳山,2023-05-22,1029
1795,美時,10,2,8,合庫-鳳山,2023-05-22,1029
3492,長盛,8,0,8,合庫-鳳山,2023-05-22,1029
4155,訊映,8,0,8,合庫-鳳山,2023-05-22,1029
2382,廣達,9,2,7,合庫-鳳山,2023-05-22,1029
00687B,國泰20年美債,7,0,7,合庫-鳳山,2023-05-22,1029
2032,新鋼,11,4,7,合庫-鳳山,2023-05-22,1029
2427,三商電,13,6,7,合庫-鳳山,2023-05-22,1029
00690,兆豐藍籌30,7,0,7,合庫-鳳山,2023-05-22,1029
00751B,元大AAA至A公司債,6,0,6,合庫-鳳山,2023-05-22,1029
2323,中環,36,30,6,合庫-鳳山,2023-05-22,1029
3055,蔚華科,6,0,6,合庫-鳳山,2023-05-22,1029
8996,高力,7,1,6,合庫-鳳山,2023-05-22,1029
00637L,元大滬深300正2,118,0,118,合庫-鳳山,2023-05-23,1029
2618,長榮航,165,80,85,合庫-鳳山,2023-05-23,1029
1513,中興電,80,11,69,合庫-鳳山,2023-05-23,1029
2388,威盛,67,2,65,合庫-鳳山,2023-05-23,1029
3715,定穎投控,40,0,40,合庫-鳳山,2023-05-23,1029
1514,亞力,41,2,39,合庫-鳳山,2023-05-23,1029
00712,復華富時不動產,30,1,29,合庫-鳳山,2023-05-23,1029
00680L,元大美債20正2,27,0,27,合庫-鳳山,2023-05-23,1029
6584,南俊國際,27,0,27,合庫-鳳山,2023-05-23,1029
00665L,富邦�琤肭磪囓�2,20,0,20,合庫-鳳山,2023-05-23,1029
8093,保銳,20,0,20,合庫-鳳山,2023-05-23,1029
2748,雲品,47,28,19,合庫-鳳山,2023-05-23,1029
00679B,元大美債20年,23,6,17,合庫-鳳山,2023-05-23,1029
1101,台泥,18,2,16,合庫-鳳山,2023-05-23,1029
3025,星通,31,15,16,合庫-鳳山,2023-05-23,1029
2739,寒舍,15,1,14,合庫-鳳山,2023-05-23,1029
1528,恩德,17,4,13,合庫-鳳山,2023-05-23,1029
00772B,中信高評級公司債,12,0,12,合庫-鳳山,2023-05-23,1029
00632R,元大台灣50反1,12,0,12,合庫-鳳山,2023-05-23,1029
1504,東元,56,44,12,合庫-鳳山,2023-05-23,1029
8099,大世科,21,10,11,合庫-鳳山,2023-05-23,1029
2610,華航,27,17,10,合庫-鳳山,2023-05-23,1029
00687B,國泰20年美債,10,0,10,合庫-鳳山,2023-05-23,1029
2031,新光鋼,12,2,10,合庫-鳳山,2023-05-23,1029
2323,中環,10,0,10,合庫-鳳山,2023-05-23,1029
5243,乙盛-KY,14,4,10,合庫-鳳山,2023-05-23,1029
9943,好樂迪,10,0,10,合庫-鳳山,2023-05-23,1029
3481,群創,17,8,9,合庫-鳳山,2023-05-23,1029
00900,富邦特選高股息30,15,6,9,合庫-鳳山,2023-05-23,1029
1905,華紙,43,34,9,合庫-鳳山,2023-05-23,1029
2442,新美齊,41,32,9,合庫-鳳山,2023-05-23,1029
2634,漢翔,36,27,9,合庫-鳳山,2023-05-23,1029
00751B,元大AAA至A公司債,7,0,7,合庫-鳳山,2023-05-23,1029
2641,正德,7,0,7,合庫-鳳山,2023-05-23,1029
2888,新光金,7,0,7,合庫-鳳山,2023-05-23,1029
8358,金居,7,0,7,合庫-鳳山,2023-05-23,1029
00720B,元大投資級公司債,6,0,6,合庫-鳳山,2023-05-23,1029
00719B,元大美債1-3,6,0,6,合庫-鳳山,2023-05-23,1029
1605,華新,12,6,6,合庫-鳳山,2023-05-23,1029
3706,神達,6,0,6,合庫-鳳山,2023-05-23,1029
6446,藥華藥,10,4,6,合庫-鳳山,2023-05-23,1029
2884,玉山金,5,0,5,合庫-鳳山,2023-05-23,1029
8033,雷虎,5,0,5,合庫-鳳山,2023-05-23,1029
2352,佳世達,5,0,5,合庫-鳳山,2023-05-23,1029
00673R,期元大S＆P原油反1,5,0,5,合庫-鳳山,2023-05-23,1029
2313,華通,5,0,5,合庫-鳳山,2023-05-23,1029
2636,台驊控股,5,0,5,合庫-鳳山,2023-05-23,1029
2743,山富,5,0,5,合庫-鳳山,2023-05-23,1029
3162,精確,5,0,5,合庫-鳳山,2023-05-23,1029
3492,長盛,5,0,5,合庫-鳳山,2023-05-23,1029
00637L,元大滬深300正2,292,64,228,合庫-鳳山,2023-05-24,1029
00665L,富邦�琤肭磪囓�2,200,100,100,合庫-鳳山,2023-05-24,1029
2618,長榮航,112,34,78,合庫-鳳山,2023-05-24,1029
00680L,元大美債20正2,54,0,54,合庫-鳳山,2023-05-24,1029
00882,中信中國高股息,40,1,39,合庫-鳳山,2023-05-24,1029
00633L,富邦上証正2,35,0,35,合庫-鳳山,2023-05-24,1029
1905,華紙,53,21,32,合庫-鳳山,2023-05-24,1029
3014,聯陽,31,1,30,合庫-鳳山,2023-05-24,1029
8927,北基,179,154,25,合庫-鳳山,2023-05-24,1029
2634,漢翔,55,31,24,合庫-鳳山,2023-05-24,1029
1321,大洋,20,0,20,合庫-鳳山,2023-05-24,1029
00878,國泰永續高股息,55,36,19,合庫-鳳山,2023-05-24,1029
8076,伍豐,43,24,19,合庫-鳳山,2023-05-24,1029
1513,中興電,35,17,18,合庫-鳳山,2023-05-24,1029
00708L,期元大S＆P黃金正2,18,0,18,合庫-鳳山,2023-05-24,1029
2890,永豐金,16,0,16,合庫-鳳山,2023-05-24,1029
00751B,元大AAA至A公司債,15,0,15,合庫-鳳山,2023-05-24,1029
6584,南俊國際,15,0,15,合庫-鳳山,2023-05-24,1029
1783,和康生,11,0,11,合庫-鳳山,2023-05-24,1029
2371,大同,14,3,11,合庫-鳳山,2023-05-24,1029
3105,穩懋,12,1,11,合庫-鳳山,2023-05-24,1029
00713,元大台灣高息低波,17,7,10,合庫-鳳山,2023-05-24,1029
00687B,國泰20年美債,11,1,10,合庫-鳳山,2023-05-24,1029
1529,樂事綠能,11,1,10,合庫-鳳山,2023-05-24,1029
2739,寒舍,13,3,10,合庫-鳳山,2023-05-24,1029
4950,牧東,10,0,10,合庫-鳳山,2023-05-24,1029
5285,界霖,10,0,10,合庫-鳳山,2023-05-24,1029
6753,龍德造船,11,1,10,合庫-鳳山,2023-05-24,1029
6776,展�眥篕�,10,0,10,合庫-鳳山,2023-05-24,1029
2886,兆豐金,9,0,9,合庫-鳳山,2023-05-24,1029
1310,台苯,10,1,9,合庫-鳳山,2023-05-24,1029
2317,鴻海,9,1,8,合庫-鳳山,2023-05-24,1029
00772B,中信高評級公司債,9,1,8,合庫-鳳山,2023-05-24,1029
00893,國泰智能電動車,20,12,8,合庫-鳳山,2023-05-24,1029
00712,復華富時不動產,14,6,8,合庫-鳳山,2023-05-24,1029
2382,廣達,8,0,8,合庫-鳳山,2023-05-24,1029
2712,遠雄來,9,1,8,合庫-鳳山,2023-05-24,1029
3055,蔚華科,8,0,8,合庫-鳳山,2023-05-24,1029
6770,力積電,8,0,8,合庫-鳳山,2023-05-24,1029
8924,大田,8,0,8,合庫-鳳山,2023-05-24,1029
5009,榮剛,27,20,7,合庫-鳳山,2023-05-24,1029
1612,宏泰,11,4,7,合庫-鳳山,2023-05-24,1029
5465,富驊,16,9,7,合庫-鳳山,2023-05-24,1029
6112,邁達特,11,5,6,合庫-鳳山,2023-05-24,1029
006208,富邦台50,6,0,6,合庫-鳳山,2023-05-24,1029
1609,大亞,12,6,6,合庫-鳳山,2023-05-24,1029
2388,威盛,175,169,6,合庫-鳳山,2023-05-24,1029
4977,眾達-KY,6,0,6,合庫-鳳山,2023-05-24,1029
8028,昇陽半導體,6,0,6,合庫-鳳山,2023-05-24,1029
1711,永光,5,0,5,合庫-鳳山,2023-05-24,1029
00637L,元大滬深300正2,318,3,315,合庫-鳳山,2023-05-25,1029
00882,中信中國高股息,307,0,307,合庫-鳳山,2023-05-25,1029
2618,長榮航,340,158,182,合庫-鳳山,2023-05-25,1029
00665L,富邦�琤肭磪囓�2,392,270,122,合庫-鳳山,2023-05-25,1029
2388,威盛,358,276,82,合庫-鳳山,2023-05-25,1029
2603,長榮,82,1,81,合庫-鳳山,2023-05-25,1029
2610,華航,103,36,67,合庫-鳳山,2023-05-25,1029
00664R,國泰臺灣加權反1,46,0,46,合庫-鳳山,2023-05-25,1029
3419,譁裕,54,9,45,合庫-鳳山,2023-05-25,1029
2883,凱基金,44,0,44,合庫-鳳山,2023-05-25,1029
1471,首利,40,0,40,合庫-鳳山,2023-05-25,1029
00712,復華富時不動產,34,3,31,合庫-鳳山,2023-05-25,1029
2038,海光,31,0,31,合庫-鳳山,2023-05-25,1029
00687B,國泰20年美債,27,0,27,合庫-鳳山,2023-05-25,1029
3078,僑威,27,1,26,合庫-鳳山,2023-05-25,1029
00673R,期元大S＆P原油反1,25,0,25,合庫-鳳山,2023-05-25,1029
00633L,富邦上証正2,23,0,23,合庫-鳳山,2023-05-25,1029
2349,錸德,21,0,21,合庫-鳳山,2023-05-25,1029
3027,盛達,21,0,21,合庫-鳳山,2023-05-25,1029
3005,神基,20,0,20,合庫-鳳山,2023-05-25,1029
4130,健亞,20,0,20,合庫-鳳山,2023-05-25,1029
2303,聯電,20,1,19,合庫-鳳山,2023-05-25,1029
00680L,元大美債20正2,16,0,16,合庫-鳳山,2023-05-25,1029
6269,台郡,15,0,15,合庫-鳳山,2023-05-25,1029
5905,南仁湖,27,13,14,合庫-鳳山,2023-05-25,1029
1101,台泥,15,2,13,合庫-鳳山,2023-05-25,1029
3022,威強電,14,1,13,合庫-鳳山,2023-05-25,1029
00902,中信電池及儲能,12,0,12,合庫-鳳山,2023-05-25,1029
8436,大江,11,0,11,合庫-鳳山,2023-05-25,1029
6415,矽力*-KY,13,2,11,合庫-鳳山,2023-05-25,1029
1513,中興電,17,6,11,合庫-鳳山,2023-05-25,1029
6806,森崴能源,11,1,10,合庫-鳳山,2023-05-25,1029
2867,三商壽,10,0,10,合庫-鳳山,2023-05-25,1029
00772B,中信高評級公司債,10,0,10,合庫-鳳山,2023-05-25,1029
1618,合機,10,0,10,合庫-鳳山,2023-05-25,1029
3059,華晶科,10,0,10,合庫-鳳山,2023-05-25,1029
3141,晶宏,10,0,10,合庫-鳳山,2023-05-25,1029
3708,上緯投控,10,0,10,合庫-鳳山,2023-05-25,1029
4536,拓凱,10,0,10,合庫-鳳山,2023-05-25,1029
6535,順藥,10,0,10,合庫-鳳山,2023-05-25,1029
2206,三陽工業,11,2,9,合庫-鳳山,2023-05-25,1029
2834,臺企銀,9,0,9,合庫-鳳山,2023-05-25,1029
8210,勤誠,11,2,9,合庫-鳳山,2023-05-25,1029
6112,邁達特,13,5,8,合庫-鳳山,2023-05-25,1029
00679B,元大美債20年,9,2,7,合庫-鳳山,2023-05-25,1029
1504,東元,12,5,7,合庫-鳳山,2023-05-25,1029
1605,華新,16,9,7,合庫-鳳山,2023-05-25,1029
3013,晟銘電,7,0,7,合庫-鳳山,2023-05-25,1029
4128,中天,7,0,7,合庫-鳳山,2023-05-25,1029
4706,大恭,7,0,7,合庫-鳳山,2023-05-25,1029
00712,復華富時不動產,218,0,218,合庫-鳳山,2023-05-26,1029
00637L,元大滬深300正2,274,61,213,合庫-鳳山,2023-05-26,1029
3231,緯創,148,51,97,合庫-鳳山,2023-05-26,1029
00773B,中信優先金融債,101,5,96,合庫-鳳山,2023-05-26,1029
6235,華孚,63,2,61,合庫-鳳山,2023-05-26,1029
2881,富邦金,53,0,53,合庫-鳳山,2023-05-26,1029
1504,東元,91,38,53,合庫-鳳山,2023-05-26,1029
00882,中信中國高股息,53,0,53,合庫-鳳山,2023-05-26,1029
00665L,富邦�琤肭磪囓�2,300,250,50,合庫-鳳山,2023-05-26,1029
2637,慧洋-KY,39,0,39,合庫-鳳山,2023-05-26,1029
00715L,期街口布蘭特正2,36,0,36,合庫-鳳山,2023-05-26,1029
2465,麗臺,36,0,36,合庫-鳳山,2023-05-26,1029
3481,群創,31,0,31,合庫-鳳山,2023-05-26,1029
2883,凱基金,32,1,31,合庫-鳳山,2023-05-26,1029
4564,元翎,59,29,30,合庫-鳳山,2023-05-26,1029
6223,旺矽,43,14,29,合庫-鳳山,2023-05-26,1029
2038,海光,25,0,25,合庫-鳳山,2023-05-26,1029
1907,永豐餘,24,0,24,合庫-鳳山,2023-05-26,1029
4915,致伸,22,1,21,合庫-鳳山,2023-05-26,1029
6191,精成科,22,1,21,合庫-鳳山,2023-05-26,1029
9919,康那香,20,0,20,合庫-鳳山,2023-05-26,1029
5706,鳳凰,25,9,16,合庫-鳳山,2023-05-26,1029
2515,中工,37,21,16,合庫-鳳山,2023-05-26,1029
2617,台航,15,0,15,合庫-鳳山,2023-05-26,1029
00902,中信電池及儲能,15,0,15,合庫-鳳山,2023-05-26,1029
2886,兆豐金,15,1,14,合庫-鳳山,2023-05-26,1029
2032,新鋼,14,1,13,合庫-鳳山,2023-05-26,1029
2382,廣達,20,7,13,合庫-鳳山,2023-05-26,1029
3029,零壹,30,18,12,合庫-鳳山,2023-05-26,1029
3178,公準,12,0,12,合庫-鳳山,2023-05-26,1029
00772B,中信高評級公司債,11,0,11,合庫-鳳山,2023-05-26,1029
3324,雙鴻,12,1,11,合庫-鳳山,2023-05-26,1029
3710,連展投控,10,0,10,合庫-鳳山,2023-05-26,1029
4129,聯合,15,5,10,合庫-鳳山,2023-05-26,1029
5285,界霖,10,0,10,合庫-鳳山,2023-05-26,1029
6244,茂迪,10,0,10,合庫-鳳山,2023-05-26,1029
2002,中鋼,10,0,10,合庫-鳳山,2023-05-26,1029
00885,富邦越南,12,2,10,合庫-鳳山,2023-05-26,1029
00679B,元大美債20年,10,1,9,合庫-鳳山,2023-05-26,1029
00751B,元大AAA至A公司債,9,0,9,合庫-鳳山,2023-05-26,1029
00633L,富邦上証正2,8,0,8,合庫-鳳山,2023-05-26,1029
2401,凌陽,8,0,8,合庫-鳳山,2023-05-26,1029
2748,雲品,9,1,8,合庫-鳳山,2023-05-26,1029
4536,拓凱,10,2,8,合庫-鳳山,2023-05-26,1029
2409,友達,10,3,7,合庫-鳳山,2023-05-26,1029
1609,大亞,10,3,7,合庫-鳳山,2023-05-26,1029
1904,正隆,8,1,7,合庫-鳳山,2023-05-26,1029
2634,漢翔,8,1,7,合庫-鳳山,2023-05-26,1029
2812,台中銀,7,0,7,合庫-鳳山,2023-05-26,1029
5483,中美晶,10,3,7,合庫-鳳山,2023-05-26,1029
8927,北基,211,0,211,合庫-鳳山,2023-05-29,1029
00637L,元大滬深300正2,190,100,90,合庫-鳳山,2023-05-29,1029
5328,華容,79,4,75,合庫-鳳山,2023-05-29,1029
3481,群創,102,38,64,合庫-鳳山,2023-05-29,1029
0056,元大高股息,93,35,58,合庫-鳳山,2023-05-29,1029
1519,華城,72,15,57,合庫-鳳山,2023-05-29,1029
00882,中信中國高股息,71,20,51,合庫-鳳山,2023-05-29,1029
2338,光罩,36,0,36,合庫-鳳山,2023-05-29,1029
00680L,元大美債20正2,34,0,34,合庫-鳳山,2023-05-29,1029
5706,鳳凰,31,1,30,合庫-鳳山,2023-05-29,1029
00903,富邦元宇宙,30,2,28,合庫-鳳山,2023-05-29,1029
4744,皇將,25,1,24,合庫-鳳山,2023-05-29,1029
6125,廣運,27,4,23,合庫-鳳山,2023-05-29,1029
8150,南茂,37,14,23,合庫-鳳山,2023-05-29,1029
00878,國泰永續高股息,30,10,20,合庫-鳳山,2023-05-29,1029
2408,南亞科,18,0,18,合庫-鳳山,2023-05-29,1029
2371,大同,24,7,17,合庫-鳳山,2023-05-29,1029
00679B,元大美債20年,27,12,15,合庫-鳳山,2023-05-29,1029
3037,欣興,26,11,15,合庫-鳳山,2023-05-29,1029
00795B,中信美國公債20年,14,0,14,合庫-鳳山,2023-05-29,1029
1513,中興電,18,4,14,合庫-鳳山,2023-05-29,1029
2397,友通,14,0,14,合庫-鳳山,2023-05-29,1029
2324,仁寶,14,1,13,合庫-鳳山,2023-05-29,1029
2601,益航,13,0,13,合庫-鳳山,2023-05-29,1029
2449,京元電子,15,2,13,合庫-鳳山,2023-05-29,1029
00712,復華富時不動產,12,0,12,合庫-鳳山,2023-05-29,1029
3545,敦泰,19,7,12,合庫-鳳山,2023-05-29,1029
6190,萬泰科,12,0,12,合庫-鳳山,2023-05-29,1029
00725B,國泰投資級公司債,11,0,11,合庫-鳳山,2023-05-29,1029
1460,宏遠,11,0,11,合庫-鳳山,2023-05-29,1029
2425,承啟,12,1,11,合庫-鳳山,2023-05-29,1029
3078,僑威,14,3,11,合庫-鳳山,2023-05-29,1029
6223,旺矽,16,5,11,合庫-鳳山,2023-05-29,1029
00720B,元大投資級公司債,15,5,10,合庫-鳳山,2023-05-29,1029
00650L,復華香港正2,10,0,10,合庫-鳳山,2023-05-29,1029
00908,富邦入息REITs+,10,0,10,合庫-鳳山,2023-05-29,1029
2331,精英,10,0,10,合庫-鳳山,2023-05-29,1029
2459,敦吉,10,0,10,合庫-鳳山,2023-05-29,1029
8476,台境*,38,28,10,合庫-鳳山,2023-05-29,1029
0050,元大台灣50,10,1,9,合庫-鳳山,2023-05-29,1029
00772B,中信高評級公司債,8,0,8,合庫-鳳山,2023-05-29,1029
1101,台泥,11,3,8,合庫-鳳山,2023-05-29,1029
00687B,國泰20年美債,8,1,7,合庫-鳳山,2023-05-29,1029
2312,金寶,10,3,7,合庫-鳳山,2023-05-29,1029
2883,凱基金,7,0,7,合庫-鳳山,2023-05-29,1029
2891,中信金,8,1,7,合庫-鳳山,2023-05-29,1029
3017,奇鋐,14,7,7,合庫-鳳山,2023-05-29,1029
4919,新唐,7,0,7,合庫-鳳山,2023-05-29,1029
2382,廣達,7,1,6,合庫-鳳山,2023-05-29,1029
1218,泰山,6,0,6,合庫-鳳山,2023-05-29,1029
00637L,元大滬深300正2,273,100,173,合庫-鳳山,2023-05-30,1029
3481,群創,145,7,138,合庫-鳳山,2023-05-30,1029
2388,威盛,118,30,88,合庫-鳳山,2023-05-30,1029
00882,中信中國高股息,75,0,75,合庫-鳳山,2023-05-30,1029
2603,長榮,66,0,66,合庫-鳳山,2023-05-30,1029
00680L,元大美債20正2,64,0,64,合庫-鳳山,2023-05-30,1029
1504,東元,64,6,58,合庫-鳳山,2023-05-30,1029
8033,雷虎,56,2,54,合庫-鳳山,2023-05-30,1029
00900,富邦特選高股息30,30,0,30,合庫-鳳山,2023-05-30,1029
3515,華擎,29,0,29,合庫-鳳山,2023-05-30,1029
5706,鳳凰,31,2,29,合庫-鳳山,2023-05-30,1029
00632R,元大台灣50反1,129,101,28,合庫-鳳山,2023-05-30,1029
2356,英業達,27,1,26,合庫-鳳山,2023-05-30,1029
00751B,元大AAA至A公司債,25,0,25,合庫-鳳山,2023-05-30,1029
2382,廣達,30,6,24,合庫-鳳山,2023-05-30,1029
00679B,元大美債20年,24,0,24,合庫-鳳山,2023-05-30,1029
3708,上緯投控,22,0,22,合庫-鳳山,2023-05-30,1029
2881,富邦金,21,0,21,合庫-鳳山,2023-05-30,1029
1460,宏遠,20,0,20,合庫-鳳山,2023-05-30,1029
2002,中鋼,21,1,20,合庫-鳳山,2023-05-30,1029
00633L,富邦上証正2,19,0,19,合庫-鳳山,2023-05-30,1029
2371,大同,61,43,18,合庫-鳳山,2023-05-30,1029
3078,僑威,20,3,17,合庫-鳳山,2023-05-30,1029
2516,新建,16,0,16,合庫-鳳山,2023-05-30,1029
2614,東森,18,2,16,合庫-鳳山,2023-05-30,1029
3005,神基,16,0,16,合庫-鳳山,2023-05-30,1029
00687B,國泰20年美債,15,0,15,合庫-鳳山,2023-05-30,1029
2609,陽明,16,2,14,合庫-鳳山,2023-05-30,1029
4744,皇將,13,0,13,合庫-鳳山,2023-05-30,1029
00725B,國泰投資級公司債,12,0,12,合庫-鳳山,2023-05-30,1029
6166,凌華,13,1,12,合庫-鳳山,2023-05-30,1029
1608,華榮,16,5,11,合庫-鳳山,2023-05-30,1029
2014,中鴻,11,0,11,合庫-鳳山,2023-05-30,1029
3022,威強電,11,0,11,合庫-鳳山,2023-05-30,1029
3031,佰鴻,11,0,11,合庫-鳳山,2023-05-30,1029
3094,聯傑,13,2,11,合庫-鳳山,2023-05-30,1029
4543,萬在,11,0,11,合庫-鳳山,2023-05-30,1029
2637,慧洋-KY,11,0,11,合庫-鳳山,2023-05-30,1029
2883,凱基金,14,3,11,合庫-鳳山,2023-05-30,1029
3363,上詮,12,2,10,合庫-鳳山,2023-05-30,1029
00713,元大台灣高息低波,12,2,10,合庫-鳳山,2023-05-30,1029
00752,中信中國50,10,0,10,合庫-鳳山,2023-05-30,1029
4915,致伸,10,0,10,合庫-鳳山,2023-05-30,1029
6531,愛普*,13,3,10,合庫-鳳山,2023-05-30,1029
6584,南俊國際,10,0,10,合庫-鳳山,2023-05-30,1029
3231,緯創,54,44,10,合庫-鳳山,2023-05-30,1029
00795B,中信美國公債20年,9,0,9,合庫-鳳山,2023-05-30,1029
2412,中華電,8,0,8,合庫-鳳山,2023-05-30,1029
2337,旺宏,10,2,8,合庫-鳳山,2023-05-30,1029
3624,光頡,9,1,8,合庫-鳳山,2023-05-30,1029
00688L,國泰20年美債正2,110,0,110,合庫-鳳山,2023-05-31,1029
00715L,期街口布蘭特正2,168,91,77,合庫-鳳山,2023-05-31,1029
00632R,元大台灣50反1,72,0,72,合庫-鳳山,2023-05-31,1029
4909,新復興,50,0,50,合庫-鳳山,2023-05-31,1029
2457,飛宏,71,30,41,合庫-鳳山,2023-05-31,1029
00878,國泰永續高股息,40,12,28,合庫-鳳山,2023-05-31,1029
3037,欣興,30,4,26,合庫-鳳山,2023-05-31,1029
2371,大同,52,30,22,合庫-鳳山,2023-05-31,1029
2603,長榮,25,3,22,合庫-鳳山,2023-05-31,1029
3481,群創,23,3,20,合庫-鳳山,2023-05-31,1029
2498,宏達電,20,0,20,合庫-鳳山,2023-05-31,1029
3049,精金,20,0,20,合庫-鳳山,2023-05-31,1029
00882,中信中國高股息,20,0,20,合庫-鳳山,2023-05-31,1029
2323,中環,29,10,19,合庫-鳳山,2023-05-31,1029
3515,華擎,23,5,18,合庫-鳳山,2023-05-31,1029
2887,台新金,17,0,17,合庫-鳳山,2023-05-31,1029
2609,陽明,19,3,16,合庫-鳳山,2023-05-31,1029
00687B,國泰20年美債,18,2,16,合庫-鳳山,2023-05-31,1029
2356,英業達,30,14,16,合庫-鳳山,2023-05-31,1029
00772B,中信高評級公司債,15,0,15,合庫-鳳山,2023-05-31,1029
1101,台泥,13,0,13,合庫-鳳山,2023-05-31,1029
2382,廣達,29,16,13,合庫-鳳山,2023-05-31,1029
1514,亞力,34,21,13,合庫-鳳山,2023-05-31,1029
2358,廷鑫,13,0,13,合庫-鳳山,2023-05-31,1029
5512,力麒,12,0,12,合庫-鳳山,2023-05-31,1029
00708L,期元大S＆P黃金正2,11,0,11,合庫-鳳山,2023-05-31,1029
00633L,富邦上証正2,11,0,11,合庫-鳳山,2023-05-31,1029
00795B,中信美國公債20年,11,0,11,合庫-鳳山,2023-05-31,1029
2324,仁寶,13,2,11,合庫-鳳山,2023-05-31,1029
1460,宏遠,10,0,10,合庫-鳳山,2023-05-31,1029
3094,聯傑,11,1,10,合庫-鳳山,2023-05-31,1029
3141,晶宏,10,0,10,合庫-鳳山,2023-05-31,1029
4967,十銓,16,6,10,合庫-鳳山,2023-05-31,1029
8086,宏捷科,10,0,10,合庫-鳳山,2023-05-31,1029
2002,中鋼,15,6,9,合庫-鳳山,2023-05-31,1029
2615,萬海,13,4,9,合庫-鳳山,2023-05-31,1029
00919,群益台灣精選高息,10,2,8,合庫-鳳山,2023-05-31,1029
00642U,期元大S＆P石油,8,0,8,合庫-鳳山,2023-05-31,1029
6124,業強,8,0,8,合庫-鳳山,2023-05-31,1029
6205,詮欣,8,0,8,合庫-鳳山,2023-05-31,1029
00679B,元大美債20年,7,0,7,合庫-鳳山,2023-05-31,1029
2891,中信金,7,0,7,合庫-鳳山,2023-05-31,1029
3694,海華,7,0,7,合庫-鳳山,2023-05-31,1029
4927,泰鼎-KY,7,0,7,合庫-鳳山,2023-05-31,1029
6550,北極星藥業-KY,7,0,7,合庫-鳳山,2023-05-31,1029
5880,合庫金,7,0,7,合庫-鳳山,2023-05-31,1029
00713,元大台灣高息低波,8,2,6,合庫-鳳山,2023-05-31,1029
2637,慧洋-KY,6,0,6,合庫-鳳山,2023-05-31,1029
6125,廣運,6,0,6,合庫-鳳山,2023-05-31,1029
006205,富邦上証,5,0,5,合庫-鳳山,2023-05-31,1029
00715L,期街口布蘭特正2,175,33,142,合庫-鳳山,2023-06-01,1029
8927,北基,97,3,94,合庫-鳳山,2023-06-01,1029
3706,神達,74,17,57,合庫-鳳山,2023-06-01,1029
6109,亞元,51,0,51,合庫-鳳山,2023-06-01,1029
00665L,富邦�琤肭磪囓�2,240,200,40,合庫-鳳山,2023-06-01,1029
2615,萬海,27,1,26,合庫-鳳山,2023-06-01,1029
6285,啟��,27,3,24,合庫-鳳山,2023-06-01,1029
4564,元翎,25,3,22,合庫-鳳山,2023-06-01,1029
2303,聯電,23,2,21,合庫-鳳山,2023-06-01,1029
2331,精英,25,4,21,合庫-鳳山,2023-06-01,1029
1519,華城,23,4,19,合庫-鳳山,2023-06-01,1029
5483,中美晶,19,0,19,合庫-鳳山,2023-06-01,1029
2637,慧洋-KY,17,0,17,合庫-鳳山,2023-06-01,1029
8936,國統,16,0,16,合庫-鳳山,2023-06-01,1029
5880,合庫金,14,0,14,合庫-鳳山,2023-06-01,1029
00687B,國泰20年美債,15,1,14,合庫-鳳山,2023-06-01,1029
2495,普安,14,0,14,合庫-鳳山,2023-06-01,1029
2739,寒舍,14,0,14,合庫-鳳山,2023-06-01,1029
8088,品安,15,1,14,合庫-鳳山,2023-06-01,1029
8271,宇瞻,14,2,12,合庫-鳳山,2023-06-01,1029
3005,神基,12,0,12,合庫-鳳山,2023-06-01,1029
2515,中工,15,4,11,合庫-鳳山,2023-06-01,1029
2609,陽明,16,6,10,合庫-鳳山,2023-06-01,1029
2002,中鋼,11,1,10,合庫-鳳山,2023-06-01,1029
1101,台泥,9,0,9,合庫-鳳山,2023-06-01,1029
2344,華邦電,9,0,9,合庫-鳳山,2023-06-01,1029
5905,南仁湖,13,4,9,合庫-鳳山,2023-06-01,1029
6191,精成科,10,1,9,合庫-鳳山,2023-06-01,1029
00679B,元大美債20年,8,0,8,合庫-鳳山,2023-06-01,1029
2371,大同,22,14,8,合庫-鳳山,2023-06-01,1029
2892,第一金,8,0,8,合庫-鳳山,2023-06-01,1029
1605,華新,21,14,7,合庫-鳳山,2023-06-01,1029
2888,新光金,17,10,7,合庫-鳳山,2023-06-01,1029
4533,協易機,15,8,7,合庫-鳳山,2023-06-01,1029
2603,長榮,8,1,7,合庫-鳳山,2023-06-01,1029
2301,光寶科,6,0,6,合庫-鳳山,2023-06-01,1029
4566,時碩工業,6,0,6,合庫-鳳山,2023-06-01,1029
6112,邁達特,7,1,6,合庫-鳳山,2023-06-01,1029
6188,廣明,16,10,6,合庫-鳳山,2023-06-01,1029
6235,華孚,8,2,6,合庫-鳳山,2023-06-01,1029
6449,鈺邦,6,0,6,合庫-鳳山,2023-06-01,1029
9929,秋雨,6,0,6,合庫-鳳山,2023-06-01,1029
00919,群益台灣精選高息,5,0,5,合庫-鳳山,2023-06-01,1029
00642U,期元大S＆P石油,5,0,5,合庫-鳳山,2023-06-01,1029
2352,佳世達,5,0,5,合庫-鳳山,2023-06-01,1029
2897,王道銀行,5,0,5,合庫-鳳山,2023-06-01,1029
4747,強生,5,0,5,合庫-鳳山,2023-06-01,1029
4938,和碩,5,0,5,合庫-鳳山,2023-06-01,1029
6104,創惟,5,0,5,合庫-鳳山,2023-06-01,1029
6111,大宇資,11,6,5,合庫-鳳山,2023-06-01,1029
2331,精英,115,7,108,合庫-鳳山,2023-06-02,1029
8927,北基,101,0,101,合庫-鳳山,2023-06-02,1029
4960,誠美材,77,3,74,合庫-鳳山,2023-06-02,1029
6182,合晶,55,0,55,合庫-鳳山,2023-06-02,1029
8070,長華*,54,0,54,合庫-鳳山,2023-06-02,1029
00919,群益台灣精選高息,48,0,48,合庫-鳳山,2023-06-02,1029
0056,元大高股息,82,47,35,合庫-鳳山,2023-06-02,1029
3306,鼎天,41,8,33,合庫-鳳山,2023-06-02,1029
2603,長榮,30,0,30,合庫-鳳山,2023-06-02,1029
2328,廣宇,31,4,27,合庫-鳳山,2023-06-02,1029
3706,神達,29,4,25,合庫-鳳山,2023-06-02,1029
2317,鴻海,30,6,24,合庫-鳳山,2023-06-02,1029
00679B,元大美債20年,24,0,24,合庫-鳳山,2023-06-02,1029
2371,大同,26,2,24,合庫-鳳山,2023-06-02,1029
00650L,復華香港正2,21,0,21,合庫-鳳山,2023-06-02,1029
2637,慧洋-KY,22,1,21,合庫-鳳山,2023-06-02,1029
2313,華通,26,6,20,合庫-鳳山,2023-06-02,1029
2606,裕民,20,1,19,合庫-鳳山,2023-06-02,1029
00882,中信中國高股息,18,2,16,合庫-鳳山,2023-06-02,1029
00830,國泰費城半導體,17,2,15,合庫-鳳山,2023-06-02,1029
3031,佰鴻,15,0,15,合庫-鳳山,2023-06-02,1029
2323,中環,33,19,14,合庫-鳳山,2023-06-02,1029
2425,承啟,26,12,14,合庫-鳳山,2023-06-02,1029
2601,益航,14,0,14,合庫-鳳山,2023-06-02,1029
2812,台中銀,13,0,13,合庫-鳳山,2023-06-02,1029
2605,新興,13,0,13,合庫-鳳山,2023-06-02,1029
6188,廣明,12,0,12,合庫-鳳山,2023-06-02,1029
2489,瑞軒,20,9,11,合庫-鳳山,2023-06-02,1029
6109,亞元,11,0,11,合庫-鳳山,2023-06-02,1029
6205,詮欣,17,6,11,合庫-鳳山,2023-06-02,1029
6843,進典,11,0,11,合庫-鳳山,2023-06-02,1029
9907,統一實,11,0,11,合庫-鳳山,2023-06-02,1029
3013,晟銘電,49,38,11,合庫-鳳山,2023-06-02,1029
8271,宇瞻,15,4,11,合庫-鳳山,2023-06-02,1029
00772B,中信高評級公司債,10,0,10,合庫-鳳山,2023-06-02,1029
00720B,元大投資級公司債,10,0,10,合庫-鳳山,2023-06-02,1029
1733,五鼎,10,0,10,合庫-鳳山,2023-06-02,1029
2363,矽統,10,0,10,合庫-鳳山,2023-06-02,1029
3024,憶聲,10,0,10,合庫-鳳山,2023-06-02,1029
3049,精金,30,20,10,合庫-鳳山,2023-06-02,1029
3702,大聯大,10,0,10,合庫-鳳山,2023-06-02,1029
4164,承業醫,10,0,10,合庫-鳳山,2023-06-02,1029
4523,永彰,10,0,10,合庫-鳳山,2023-06-02,1029
6164,華興,10,0,10,合庫-鳳山,2023-06-02,1029
2399,映泰,10,1,9,合庫-鳳山,2023-06-02,1029
2913,農林,12,3,9,合庫-鳳山,2023-06-02,1029
3661,世芯-KY,9,0,9,合庫-鳳山,2023-06-02,1029
6190,萬泰科,10,1,9,合庫-鳳山,2023-06-02,1029
3481,群創,30,21,9,合庫-鳳山,2023-06-02,1029
1905,華紙,48,40,8,合庫-鳳山,2023-06-02,1029
2892,第一金,1925,0,1925,合庫-鳳山,2023-06-05,1029
00637L,元大滬深300正2,215,10,205,合庫-鳳山,2023-06-05,1029
2888,新光金,251,127,124,合庫-鳳山,2023-06-05,1029
9945,潤泰新,125,2,123,合庫-鳳山,2023-06-05,1029
00712,復華富時不動產,112,13,99,合庫-鳳山,2023-06-05,1029
3231,緯創,133,45,88,合庫-鳳山,2023-06-05,1029
2618,長榮航,257,194,63,合庫-鳳山,2023-06-05,1029
6125,廣運,43,3,40,合庫-鳳山,2023-06-05,1029
8070,長華*,34,0,34,合庫-鳳山,2023-06-05,1029
1905,華紙,52,21,31,合庫-鳳山,2023-06-05,1029
3162,精確,46,16,30,合庫-鳳山,2023-06-05,1029
3532,台勝科,30,0,30,合庫-鳳山,2023-06-05,1029
2913,農林,32,3,29,合庫-鳳山,2023-06-05,1029
00706L,期元大S＆P日圓正2,27,0,27,合庫-鳳山,2023-06-05,1029
3706,神達,26,1,25,合庫-鳳山,2023-06-05,1029
2371,大同,27,4,23,合庫-鳳山,2023-06-05,1029
2637,慧洋-KY,22,0,22,合庫-鳳山,2023-06-05,1029
2603,長榮,27,5,22,合庫-鳳山,2023-06-05,1029
4157,太景*-KY,20,0,20,合庫-鳳山,2023-06-05,1029
2331,精英,23,4,19,合庫-鳳山,2023-06-05,1029
00687B,國泰20年美債,19,1,18,合庫-鳳山,2023-06-05,1029
2482,連宇,18,0,18,合庫-鳳山,2023-06-05,1029
00907,永豐優息存股,22,5,17,合庫-鳳山,2023-06-05,1029
2441,超豐,17,0,17,合庫-鳳山,2023-06-05,1029
00719B,元大美債1-3,16,0,16,合庫-鳳山,2023-06-05,1029
1514,亞力,18,3,15,合庫-鳳山,2023-06-05,1029
1218,泰山,14,0,14,合庫-鳳山,2023-06-05,1029
2498,宏達電,15,1,14,合庫-鳳山,2023-06-05,1029
4533,協易機,14,0,14,合庫-鳳山,2023-06-05,1029
2634,漢翔,32,19,13,合庫-鳳山,2023-06-05,1029
00772B,中信高評級公司債,13,0,13,合庫-鳳山,2023-06-05,1029
1513,中興電,22,10,12,合庫-鳳山,2023-06-05,1029
2352,佳世達,13,1,12,合庫-鳳山,2023-06-05,1029
6214,精誠,14,2,12,合庫-鳳山,2023-06-05,1029
2105,正新,11,0,11,合庫-鳳山,2023-06-05,1029
3232,昱捷,13,2,11,合庫-鳳山,2023-06-05,1029
00713,元大台灣高息低波,10,0,10,合庫-鳳山,2023-06-05,1029
1460,宏遠,10,0,10,合庫-鳳山,2023-06-05,1029
1570,力肯,10,0,10,合庫-鳳山,2023-06-05,1029
2104,國際中橡,10,0,10,合庫-鳳山,2023-06-05,1029
2867,三商壽,10,0,10,合庫-鳳山,2023-06-05,1029
4561,健椿,10,0,10,合庫-鳳山,2023-06-05,1029
5490,同亨,10,0,10,合庫-鳳山,2023-06-05,1029
6160,欣技,11,1,10,合庫-鳳山,2023-06-05,1029
6180,橘子,11,1,10,合庫-鳳山,2023-06-05,1029
6191,精成科,10,0,10,合庫-鳳山,2023-06-05,1029
2353,宏��,20,11,9,合庫-鳳山,2023-06-05,1029
2399,映泰,31,22,9,合庫-鳳山,2023-06-05,1029
1608,華榮,30,22,8,合庫-鳳山,2023-06-05,1029
2014,中鴻,14,6,8,合庫-鳳山,2023-06-05,1029
2892,第一金,582,0,582,合庫-鳳山,2023-06-06,1029
9945,潤泰新,129,1,128,合庫-鳳山,2023-06-06,1029
6125,廣運,79,17,62,合庫-鳳山,2023-06-06,1029
1504,東元,61,2,59,合庫-鳳山,2023-06-06,1029
00919,群益台灣精選高息,53,0,53,合庫-鳳山,2023-06-06,1029
2888,新光金,50,13,37,合庫-鳳山,2023-06-06,1029
4960,誠美材,35,0,35,合庫-鳳山,2023-06-06,1029
1905,華紙,61,29,32,合庫-鳳山,2023-06-06,1029
1609,大亞,56,25,31,合庫-鳳山,2023-06-06,1029
2603,長榮,33,5,28,合庫-鳳山,2023-06-06,1029
2402,毅嘉,39,12,27,合庫-鳳山,2023-06-06,1029
3231,緯創,145,122,23,合庫-鳳山,2023-06-06,1029
5864,致和證,23,0,23,合庫-鳳山,2023-06-06,1029
3037,欣興,23,1,22,合庫-鳳山,2023-06-06,1029
3260,威剛,20,0,20,合庫-鳳山,2023-06-06,1029
00679B,元大美債20年,20,0,20,合庫-鳳山,2023-06-06,1029
3032,偉訓,21,1,20,合庫-鳳山,2023-06-06,1029
6535,順藥,20,0,20,合庫-鳳山,2023-06-06,1029
8105,凌巨,25,5,20,合庫-鳳山,2023-06-06,1029
00882,中信中國高股息,22,3,19,合庫-鳳山,2023-06-06,1029
1218,泰山,18,0,18,合庫-鳳山,2023-06-06,1029
5258,虹堡,18,0,18,合庫-鳳山,2023-06-06,1029
1727,中華化,17,0,17,合庫-鳳山,2023-06-06,1029
2388,威盛,36,19,17,合庫-鳳山,2023-06-06,1029
6235,華孚,33,16,17,合庫-鳳山,2023-06-06,1029
1605,華新,25,9,16,合庫-鳳山,2023-06-06,1029
2618,長榮航,104,88,16,合庫-鳳山,2023-06-06,1029
6282,康舒,45,31,14,合庫-鳳山,2023-06-06,1029
8446,華研,15,1,14,合庫-鳳山,2023-06-06,1029
00795B,中信美國公債20年,13,0,13,合庫-鳳山,2023-06-06,1029
00927,群益半導體收益,13,0,13,合庫-鳳山,2023-06-06,1029
4919,新唐,13,0,13,合庫-鳳山,2023-06-06,1029
00720B,元大投資級公司債,12,0,12,合庫-鳳山,2023-06-06,1029
3013,晟銘電,20,8,12,合庫-鳳山,2023-06-06,1029
3047,訊舟,12,0,12,合庫-鳳山,2023-06-06,1029
1513,中興電,18,7,11,合庫-鳳山,2023-06-06,1029
3025,星通,12,1,11,合庫-鳳山,2023-06-06,1029
00706L,期元大S＆P日圓正2,10,0,10,合庫-鳳山,2023-06-06,1029
1460,宏遠,10,0,10,合庫-鳳山,2023-06-06,1029
2104,國際中橡,10,0,10,合庫-鳳山,2023-06-06,1029
2314,台揚,10,0,10,合庫-鳳山,2023-06-06,1029
2457,飛宏,26,16,10,合庫-鳳山,2023-06-06,1029
2542,興富發,10,0,10,合庫-鳳山,2023-06-06,1029
3232,昱捷,10,0,10,合庫-鳳山,2023-06-06,1029
4536,拓凱,10,0,10,合庫-鳳山,2023-06-06,1029
5301,寶得利,10,0,10,合庫-鳳山,2023-06-06,1029
8403,盛弘,10,0,10,合庫-鳳山,2023-06-06,1029
911868,同方友友-DR,10,0,10,合庫-鳳山,2023-06-06,1029
2247,汎德永業,8,0,8,合庫-鳳山,2023-06-06,1029
2427,三商電,8,0,8,合庫-鳳山,2023-06-06,1029
1710,東聯,324,7,317,合庫-鳳山,2023-06-07,1029
2748,雲品,69,11,58,合庫-鳳山,2023-06-07,1029
2601,益航,53,0,53,合庫-鳳山,2023-06-07,1029
1321,大洋,51,0,51,合庫-鳳山,2023-06-07,1029
2409,友達,52,1,51,合庫-鳳山,2023-06-07,1029
00878,國泰永續高股息,58,9,49,合庫-鳳山,2023-06-07,1029
00637L,元大滬深300正2,80,32,48,合庫-鳳山,2023-06-07,1029
0056,元大高股息,51,10,41,合庫-鳳山,2023-06-07,1029
00632R,元大台灣50反1,37,0,37,合庫-鳳山,2023-06-07,1029
2610,華航,36,0,36,合庫-鳳山,2023-06-07,1029
2906,高林,106,70,36,合庫-鳳山,2023-06-07,1029
2603,長榮,31,1,30,合庫-鳳山,2023-06-07,1029
2637,慧洋-KY,30,0,30,合庫-鳳山,2023-06-07,1029
00680L,元大美債20正2,32,5,27,合庫-鳳山,2023-06-07,1029
2331,精英,25,0,25,合庫-鳳山,2023-06-07,1029
2338,光罩,25,0,25,合庫-鳳山,2023-06-07,1029
9945,潤泰新,27,2,25,合庫-鳳山,2023-06-07,1029
1605,華新,39,16,23,合庫-鳳山,2023-06-07,1029
6282,康舒,30,7,23,合庫-鳳山,2023-06-07,1029
00919,群益台灣精選高息,21,0,21,合庫-鳳山,2023-06-07,1029
3346,麗清,35,14,21,合庫-鳳山,2023-06-07,1029
2323,中環,27,7,20,合庫-鳳山,2023-06-07,1029
00715L,期街口布蘭特正2,30,10,20,合庫-鳳山,2023-06-07,1029
00664R,國泰臺灣加權反1,20,0,20,合庫-鳳山,2023-06-07,1029
5388,中磊,20,0,20,合庫-鳳山,2023-06-07,1029
1810,和成,19,0,19,合庫-鳳山,2023-06-07,1029
4207,環泰,20,1,19,合庫-鳳山,2023-06-07,1029
00921,兆豐龍頭等權重,17,0,17,合庫-鳳山,2023-06-07,1029
1514,亞力,27,11,16,合庫-鳳山,2023-06-07,1029
2892,第一金,15,0,15,合庫-鳳山,2023-06-07,1029
00882,中信中國高股息,15,0,15,合庫-鳳山,2023-06-07,1029
2457,飛宏,37,22,15,合庫-鳳山,2023-06-07,1029
3032,偉訓,15,1,14,合庫-鳳山,2023-06-07,1029
2337,旺宏,15,2,13,合庫-鳳山,2023-06-07,1029
2801,彰銀,12,0,12,合庫-鳳山,2023-06-07,1029
00679B,元大美債20年,13,1,12,合庫-鳳山,2023-06-07,1029
2371,大同,22,11,11,合庫-鳳山,2023-06-07,1029
8210,勤誠,15,4,11,合庫-鳳山,2023-06-07,1029
00706L,期元大S＆P日圓正2,10,0,10,合庫-鳳山,2023-06-07,1029
00633L,富邦上証正2,10,0,10,合庫-鳳山,2023-06-07,1029
2459,敦吉,10,0,10,合庫-鳳山,2023-06-07,1029
8101,華冠,10,0,10,合庫-鳳山,2023-06-07,1029
2887,台新金,16,6,10,合庫-鳳山,2023-06-07,1029
00712,復華富時不動產,12,3,9,合庫-鳳山,2023-06-07,1029
3707,漢磊,12,3,9,合庫-鳳山,2023-06-07,1029
6869,雲豹能源,10,1,9,合庫-鳳山,2023-06-07,1029
8940,新天地,10,1,9,合庫-鳳山,2023-06-07,1029
2038,海光,8,0,8,合庫-鳳山,2023-06-07,1029
5531,鄉林,12,4,8,合庫-鳳山,2023-06-07,1029
5706,鳳凰,13,5,8,合庫-鳳山,2023-06-07,1029
2888,新光金,251,2,249,合庫-鳳山,2023-06-08,1029
1609,大亞,227,106,121,合庫-鳳山,2023-06-08,1029
00679B,元大美債20年,91,0,91,合庫-鳳山,2023-06-08,1029
00919,群益台灣精選高息,87,0,87,合庫-鳳山,2023-06-08,1029
5608,四維航,63,1,62,合庫-鳳山,2023-06-08,1029
2748,雲品,62,1,61,合庫-鳳山,2023-06-08,1029
00712,復華富時不動產,46,0,46,合庫-鳳山,2023-06-08,1029
1710,東聯,50,6,44,合庫-鳳山,2023-06-08,1029
2882,國泰金,44,2,42,合庫-鳳山,2023-06-08,1029
3037,欣興,46,11,35,合庫-鳳山,2023-06-08,1029
2371,大同,31,4,27,合庫-鳳山,2023-06-08,1029
3178,公準,25,0,25,合庫-鳳山,2023-06-08,1029
1444,力麗,23,0,23,合庫-鳳山,2023-06-08,1029
00772B,中信高評級公司債,22,0,22,合庫-鳳山,2023-06-08,1029
00687B,國泰20年美債,21,0,21,合庫-鳳山,2023-06-08,1029
00923,群益台ESG低碳50,20,0,20,合庫-鳳山,2023-06-08,1029
2009,第一銅,20,0,20,合庫-鳳山,2023-06-08,1029
3058,立德,20,0,20,合庫-鳳山,2023-06-08,1029
1612,宏泰,32,13,19,合庫-鳳山,2023-06-08,1029
3078,僑威,30,11,19,合庫-鳳山,2023-06-08,1029
1605,華新,34,16,18,合庫-鳳山,2023-06-08,1029
2892,第一金,24,6,18,合庫-鳳山,2023-06-08,1029
4960,誠美材,19,2,17,合庫-鳳山,2023-06-08,1029
2492,華新科,20,4,16,合庫-鳳山,2023-06-08,1029
2611,志信,21,6,15,合庫-鳳山,2023-06-08,1029
4164,承業醫,14,0,14,合庫-鳳山,2023-06-08,1029
6129,普誠,14,0,14,合庫-鳳山,2023-06-08,1029
00680L,元大美債20正2,33,20,13,合庫-鳳山,2023-06-08,1029
2317,鴻海,14,1,13,合庫-鳳山,2023-06-08,1029
6116,彩晶,15,2,13,合庫-鳳山,2023-06-08,1029
00713,元大台灣高息低波,13,0,13,合庫-鳳山,2023-06-08,1029
00882,中信中國高股息,13,1,12,合庫-鳳山,2023-06-08,1029
2356,英業達,14,2,12,合庫-鳳山,2023-06-08,1029
8070,長華*,26,14,12,合庫-鳳山,2023-06-08,1029
3027,盛達,21,10,11,合庫-鳳山,2023-06-08,1029
1618,合機,13,2,11,合庫-鳳山,2023-06-08,1029
2601,益航,16,5,11,合庫-鳳山,2023-06-08,1029
4974,亞泰,11,0,11,合庫-鳳山,2023-06-08,1029
8105,凌巨,11,0,11,合庫-鳳山,2023-06-08,1029
6446,藥華藥,11,0,11,合庫-鳳山,2023-06-08,1029
00751B,元大AAA至A公司債,10,0,10,合庫-鳳山,2023-06-08,1029
1514,亞力,15,5,10,合庫-鳳山,2023-06-08,1029
1570,力肯,10,0,10,合庫-鳳山,2023-06-08,1029
2069,運錩,10,0,10,合庫-鳳山,2023-06-08,1029
2345,智邦,10,0,10,合庫-鳳山,2023-06-08,1029
3005,神基,11,1,10,合庫-鳳山,2023-06-08,1029
3042,晶技,10,0,10,合庫-鳳山,2023-06-08,1029
0056,元大高股息,42,33,9,合庫-鳳山,2023-06-08,1029
2032,新鋼,8,0,8,合庫-鳳山,2023-06-08,1029
3346,麗清,8,0,8,合庫-鳳山,2023-06-08,1029
00919,群益台灣精選高息,160,0,160,合庫-鳳山,2023-06-09,1029
1504,東元,85,1,84,合庫-鳳山,2023-06-09,1029
0056,元大高股息,80,14,66,合庫-鳳山,2023-06-09,1029
00929,復華台灣科技優息,57,0,57,合庫-鳳山,2023-06-09,1029
00715L,期街口布蘭特正2,48,0,48,合庫-鳳山,2023-06-09,1029
1710,東聯,48,3,45,合庫-鳳山,2023-06-09,1029
00671R,富邦NASDAQ反1,40,0,40,合庫-鳳山,2023-06-09,1029
2748,雲品,37,2,35,合庫-鳳山,2023-06-09,1029
2482,連宇,49,16,33,合庫-鳳山,2023-06-09,1029
8349,�矬�,30,0,30,合庫-鳳山,2023-06-09,1029
6125,廣運,48,19,29,合庫-鳳山,2023-06-09,1029
3694,海華,24,0,24,合庫-鳳山,2023-06-09,1029
8927,北基,23,0,23,合庫-鳳山,2023-06-09,1029
2892,第一金,21,0,21,合庫-鳳山,2023-06-09,1029
00712,復華富時不動產,45,25,20,合庫-鳳山,2023-06-09,1029
3511,矽瑪,23,3,20,合庫-鳳山,2023-06-09,1029
1605,華新,22,4,18,合庫-鳳山,2023-06-09,1029
00687B,國泰20年美債,19,2,17,合庫-鳳山,2023-06-09,1029
1533,車王電,28,11,17,合庫-鳳山,2023-06-09,1029
3043,科風,16,0,16,合庫-鳳山,2023-06-09,1029
6188,廣明,18,2,16,合庫-鳳山,2023-06-09,1029
00882,中信中國高股息,15,0,15,合庫-鳳山,2023-06-09,1029
2409,友達,15,0,15,合庫-鳳山,2023-06-09,1029
2630,亞航,26,11,15,合庫-鳳山,2023-06-09,1029
1570,力肯,13,0,13,合庫-鳳山,2023-06-09,1029
3013,晟銘電,22,10,12,合庫-鳳山,2023-06-09,1029
4157,太景*-KY,12,0,12,合庫-鳳山,2023-06-09,1029
00713,元大台灣高息低波,13,2,11,合庫-鳳山,2023-06-09,1029
2323,中環,29,18,11,合庫-鳳山,2023-06-09,1029
2611,志信,11,0,11,合庫-鳳山,2023-06-09,1029
8034,榮群,11,0,11,合庫-鳳山,2023-06-09,1029
1752,南光,10,0,10,合庫-鳳山,2023-06-09,1029
1785,光洋科,10,0,10,合庫-鳳山,2023-06-09,1029
3499,環天科,10,0,10,合庫-鳳山,2023-06-09,1029
5475,德宏,10,0,10,合庫-鳳山,2023-06-09,1029
8070,長華*,10,0,10,合庫-鳳山,2023-06-09,1029
8234,新漢,10,0,10,合庫-鳳山,2023-06-09,1029
2745,五福,9,0,9,合庫-鳳山,2023-06-09,1029
2542,興富發,10,1,9,合庫-鳳山,2023-06-09,1029
00680L,元大美債20正2,8,0,8,合庫-鳳山,2023-06-09,1029
1513,中興電,12,4,8,合庫-鳳山,2023-06-09,1029
1802,台玻,8,0,8,合庫-鳳山,2023-06-09,1029
4123,晟德,8,0,8,合庫-鳳山,2023-06-09,1029
6174,安��,8,0,8,合庫-鳳山,2023-06-09,1029
3481,群創,28,21,7,合庫-鳳山,2023-06-09,1029
00751B,元大AAA至A公司債,7,0,7,合庫-鳳山,2023-06-09,1029
4541,晟田,7,0,7,合庫-鳳山,2023-06-09,1029
6150,撼訊,10,3,7,合庫-鳳山,2023-06-09,1029
6274,台燿,7,0,7,合庫-鳳山,2023-06-09,1029
6443,元晶,7,0,7,合庫-鳳山,2023-06-09,1029
4960,誠美材,294,16,278,合庫-鳳山,2023-06-12,1029
00929,復華台灣科技優息,202,20,182,合庫-鳳山,2023-06-12,1029
3231,緯創,94,4,90,合庫-鳳山,2023-06-12,1029
00715L,期街口布蘭特正2,89,2,87,合庫-鳳山,2023-06-12,1029
2887,台新金,70,0,70,合庫-鳳山,2023-06-12,1029
00919,群益台灣精選高息,96,30,66,合庫-鳳山,2023-06-12,1029
2382,廣達,60,6,54,合庫-鳳山,2023-06-12,1029
00924,復華S＆P500成長,27,0,27,合庫-鳳山,2023-06-12,1029
3576,聯合再生,55,28,27,合庫-鳳山,2023-06-12,1029
5465,富驊,58,31,27,合庫-鳳山,2023-06-12,1029
2888,新光金,81,56,25,合庫-鳳山,2023-06-12,1029
00713,元大台灣高息低波,23,0,23,合庫-鳳山,2023-06-12,1029
5608,四維航,22,0,22,合庫-鳳山,2023-06-12,1029
1513,中興電,23,1,22,合庫-鳳山,2023-06-12,1029
00915,凱基優選高股息30,20,0,20,合庫-鳳山,2023-06-12,1029
6125,廣運,20,0,20,合庫-鳳山,2023-06-12,1029
2489,瑞軒,20,1,19,合庫-鳳山,2023-06-12,1029
8271,宇瞻,18,0,18,合庫-鳳山,2023-06-12,1029
2337,旺宏,20,3,17,合庫-鳳山,2023-06-12,1029
6150,撼訊,17,0,17,合庫-鳳山,2023-06-12,1029
2032,新鋼,16,0,16,合庫-鳳山,2023-06-12,1029
3526,凡甲,16,0,16,合庫-鳳山,2023-06-12,1029
2892,第一金,20,4,16,合庫-鳳山,2023-06-12,1029
2206,三陽工業,20,5,15,合庫-鳳山,2023-06-12,1029
2069,運錩,15,0,15,合庫-鳳山,2023-06-12,1029
3013,晟銘電,15,0,15,合庫-鳳山,2023-06-12,1029
8033,雷虎,15,0,15,合庫-鳳山,2023-06-12,1029
2399,映泰,14,1,13,合庫-鳳山,2023-06-12,1029
00878,國泰永續高股息,32,19,13,合庫-鳳山,2023-06-12,1029
4533,協易機,13,0,13,合庫-鳳山,2023-06-12,1029
6776,展�眥篕�,13,0,13,合庫-鳳山,2023-06-12,1029
2312,金寶,13,1,12,合庫-鳳山,2023-06-12,1029
2882,國泰金,12,0,12,合庫-鳳山,2023-06-12,1029
1570,力肯,11,0,11,合庫-鳳山,2023-06-12,1029
2038,海光,11,0,11,合庫-鳳山,2023-06-12,1029
4915,致伸,15,4,11,合庫-鳳山,2023-06-12,1029
2634,漢翔,15,5,10,合庫-鳳山,2023-06-12,1029
00888,永豐台灣ESG,10,0,10,合庫-鳳山,2023-06-12,1029
00665L,富邦�琤肭磪囓�2,10,0,10,合庫-鳳山,2023-06-12,1029
00671R,富邦NASDAQ反1,10,0,10,合庫-鳳山,2023-06-12,1029
1711,永光,10,0,10,合庫-鳳山,2023-06-12,1029
1785,光洋科,10,0,10,合庫-鳳山,2023-06-12,1029
1815,富喬,10,0,10,合庫-鳳山,2023-06-12,1029
2388,威盛,15,5,10,合庫-鳳山,2023-06-12,1029
2421,建準,11,1,10,合庫-鳳山,2023-06-12,1029
2530,華建,10,0,10,合庫-鳳山,2023-06-12,1029
2535,達欣工,10,0,10,合庫-鳳山,2023-06-12,1029
2611,志信,10,0,10,合庫-鳳山,2023-06-12,1029
2883B,凱基金乙特,10,0,10,合庫-鳳山,2023-06-12,1029
2886,兆豐金,12,2,10,合庫-鳳山,2023-06-12,1029
00715L,期街口布蘭特正2,246,35,211,合庫-鳳山,2023-06-13,1029
8927,北基,145,0,145,合庫-鳳山,2023-06-13,1029
2888,新光金,125,11,114,合庫-鳳山,2023-06-13,1029
2356,英業達,83,24,59,合庫-鳳山,2023-06-13,1029
00637L,元大滬深300正2,84,30,54,合庫-鳳山,2023-06-13,1029
00919,群益台灣精選高息,50,0,50,合庫-鳳山,2023-06-13,1029
0056,元大高股息,86,42,44,合庫-鳳山,2023-06-13,1029
2323,中環,32,1,31,合庫-鳳山,2023-06-13,1029
4533,協易機,34,5,29,合庫-鳳山,2023-06-13,1029
3178,公準,29,3,26,合庫-鳳山,2023-06-13,1029
00885,富邦越南,35,13,22,合庫-鳳山,2023-06-13,1029
1519,華城,25,4,21,合庫-鳳山,2023-06-13,1029
00882,中信中國高股息,24,3,21,合庫-鳳山,2023-06-13,1029
00927,群益半導體收益,20,0,20,合庫-鳳山,2023-06-13,1029
00671R,富邦NASDAQ反1,20,0,20,合庫-鳳山,2023-06-13,1029
2028,威致,20,0,20,合庫-鳳山,2023-06-13,1029
2038,海光,19,0,19,合庫-鳳山,2023-06-13,1029
2337,旺宏,16,0,16,合庫-鳳山,2023-06-13,1029
00642U,期元大S＆P石油,16,0,16,合庫-鳳山,2023-06-13,1029
2705,六福,20,4,16,合庫-鳳山,2023-06-13,1029
2883B,凱基金乙特,15,0,15,合庫-鳳山,2023-06-13,1029
3526,凡甲,15,0,15,合庫-鳳山,2023-06-13,1029
2882,國泰金,13,0,13,合庫-鳳山,2023-06-13,1029
2891,中信金,13,0,13,合庫-鳳山,2023-06-13,1029
3707,漢磊,16,3,13,合庫-鳳山,2023-06-13,1029
6288,聯嘉,17,4,13,合庫-鳳山,2023-06-13,1029
00720B,元大投資級公司債,13,1,12,合庫-鳳山,2023-06-13,1029
8046,南電,14,2,12,合庫-鳳山,2023-06-13,1029
00929,復華台灣科技優息,31,20,11,合庫-鳳山,2023-06-13,1029
00632R,元大台灣50反1,126,115,11,合庫-鳳山,2023-06-13,1029
8028,昇陽半導體,12,1,11,合庫-鳳山,2023-06-13,1029
2881,富邦金,12,1,11,合庫-鳳山,2023-06-13,1029
2892,第一金,10,0,10,合庫-鳳山,2023-06-13,1029
3434,哲固,12,2,10,合庫-鳳山,2023-06-13,1029
2408,南亞科,11,2,9,合庫-鳳山,2023-06-13,1029
2546,根基,9,0,9,合庫-鳳山,2023-06-13,1029
1229,聯華,8,0,8,合庫-鳳山,2023-06-13,1029
2425,承啟,20,12,8,合庫-鳳山,2023-06-13,1029
3013,晟銘電,18,10,8,合庫-鳳山,2023-06-13,1029
3374,精材,15,7,8,合庫-鳳山,2023-06-13,1029
4770,上品,8,0,8,合庫-鳳山,2023-06-13,1029
00751B,元大AAA至A公司債,7,0,7,合庫-鳳山,2023-06-13,1029
00679B,元大美債20年,7,0,7,合庫-鳳山,2023-06-13,1029
3078,僑威,48,41,7,合庫-鳳山,2023-06-13,1029
8101,華冠,7,0,7,合庫-鳳山,2023-06-13,1029
2883,凱基金,7,1,6,合庫-鳳山,2023-06-13,1029
00664R,國泰臺灣加權反1,6,0,6,合庫-鳳山,2023-06-13,1029
1234,黑松,6,0,6,合庫-鳳山,2023-06-13,1029
1802,台玻,6,0,6,合庫-鳳山,2023-06-13,1029
2331,精英,6,0,6,合庫-鳳山,2023-06-13,1029
00929,復華台灣科技優息,249,0,249,合庫-鳳山,2023-06-14,1029
2457,飛宏,112,18,94,合庫-鳳山,2023-06-14,1029
1609,大亞,95,3,92,合庫-鳳山,2023-06-14,1029
00712,復華富時不動產,54,0,54,合庫-鳳山,2023-06-14,1029
2634,漢翔,52,5,47,合庫-鳳山,2023-06-14,1029
4533,協易機,53,10,43,合庫-鳳山,2023-06-14,1029
2330,台積電,48,5,43,合庫-鳳山,2023-06-14,1029
00919,群益台灣精選高息,41,0,41,合庫-鳳山,2023-06-14,1029
2892,第一金,31,0,31,合庫-鳳山,2023-06-14,1029
4510,高鋒,32,2,30,合庫-鳳山,2023-06-14,1029
00680L,元大美債20正2,29,0,29,合庫-鳳山,2023-06-14,1029
00679B,元大美債20年,27,0,27,合庫-鳳山,2023-06-14,1029
2337,旺宏,30,3,27,合庫-鳳山,2023-06-14,1029
0056,元大高股息,60,34,26,合庫-鳳山,2023-06-14,1029
2382,廣達,29,4,25,合庫-鳳山,2023-06-14,1029
8936,國統,22,0,22,合庫-鳳山,2023-06-14,1029
2028,威致,21,0,21,合庫-鳳山,2023-06-14,1029
00687B,國泰20年美債,19,0,19,合庫-鳳山,2023-06-14,1029
00772B,中信高評級公司債,19,1,18,合庫-鳳山,2023-06-14,1029
6770,力積電,25,8,17,合庫-鳳山,2023-06-14,1029
00795B,中信美國公債20年,14,0,14,合庫-鳳山,2023-06-14,1029
2405,輔信,26,12,14,合庫-鳳山,2023-06-14,1029
2801,彰銀,14,0,14,合庫-鳳山,2023-06-14,1029
3033,威健,14,2,12,合庫-鳳山,2023-06-14,1029
3441,聯一光,12,0,12,合庫-鳳山,2023-06-14,1029
6535,順藥,12,0,12,合庫-鳳山,2023-06-14,1029
1474,弘裕,12,1,11,合庫-鳳山,2023-06-14,1029
2812,台中銀,11,0,11,合庫-鳳山,2023-06-14,1029
3545,敦泰,11,0,11,合庫-鳳山,2023-06-14,1029
1231,聯華食,10,0,10,合庫-鳳山,2023-06-14,1029
00882,中信中國高股息,10,0,10,合庫-鳳山,2023-06-14,1029
00706L,期元大S＆P日圓正2,10,0,10,合庫-鳳山,2023-06-14,1029
1570,力肯,10,0,10,合庫-鳳山,2023-06-14,1029
2206,三陽工業,14,4,10,合庫-鳳山,2023-06-14,1029
9105,泰金寶-DR,10,0,10,合庫-鳳山,2023-06-14,1029
1409,新纖,9,0,9,合庫-鳳山,2023-06-14,1029
2340,台亞,10,1,9,合庫-鳳山,2023-06-14,1029
2886,兆豐金,9,0,9,合庫-鳳山,2023-06-14,1029
2889,國票金,9,0,9,合庫-鳳山,2023-06-14,1029
00720B,元大投資級公司債,8,0,8,合庫-鳳山,2023-06-14,1029
1723,中碳,8,0,8,合庫-鳳山,2023-06-14,1029
3019,亞光,19,11,8,合庫-鳳山,2023-06-14,1029
3707,漢磊,11,3,8,合庫-鳳山,2023-06-14,1029
6290,良維,9,1,8,合庫-鳳山,2023-06-14,1029
6456,GIS-KY,8,0,8,合庫-鳳山,2023-06-14,1029
2352,佳世達,10,2,8,合庫-鳳山,2023-06-14,1029
4906,正文,38,31,7,合庫-鳳山,2023-06-14,1029
00751B,元大AAA至A公司債,7,0,7,合庫-鳳山,2023-06-14,1029
1752,南光,7,0,7,合庫-鳳山,2023-06-14,1029
2388,威盛,13,6,7,合庫-鳳山,2023-06-14,1029
00712,復華富時不動產,144,3,141,合庫-鳳山,2023-06-15,1029
2888,新光金,155,31,124,合庫-鳳山,2023-06-15,1029
2892,第一金,98,0,98,合庫-鳳山,2023-06-15,1029
00919,群益台灣精選高息,97,22,75,合庫-鳳山,2023-06-15,1029
1570,力肯,51,0,51,合庫-鳳山,2023-06-15,1029
4533,協易機,37,4,33,合庫-鳳山,2023-06-15,1029
8222,寶一,33,0,33,合庫-鳳山,2023-06-15,1029
2401,凌陽,58,28,30,合庫-鳳山,2023-06-15,1029
5880,合庫金,32,6,26,合庫-鳳山,2023-06-15,1029
2457,飛宏,78,53,25,合庫-鳳山,2023-06-15,1029
3231,緯創,65,42,23,合庫-鳳山,2023-06-15,1029
0056,元大高股息,59,38,21,合庫-鳳山,2023-06-15,1029
2618,長榮航,336,316,20,合庫-鳳山,2023-06-15,1029
2609,陽明,40,22,18,合庫-鳳山,2023-06-15,1029
3013,晟銘電,36,19,17,合庫-鳳山,2023-06-15,1029
4306,炎洲,17,0,17,合庫-鳳山,2023-06-15,1029
3022,威強電,18,2,16,合庫-鳳山,2023-06-15,1029
2883B,凱基金乙特,15,0,15,合庫-鳳山,2023-06-15,1029
2356,英業達,123,109,14,合庫-鳳山,2023-06-15,1029
8076,伍豐,81,67,14,合庫-鳳山,2023-06-15,1029
3576,聯合再生,14,1,13,合庫-鳳山,2023-06-15,1029
1714,和桐,13,0,13,合庫-鳳山,2023-06-15,1029
00679B,元大美債20年,11,0,11,合庫-鳳山,2023-06-15,1029
2884,玉山金,22,11,11,合庫-鳳山,2023-06-15,1029
3356,奇偶,11,0,11,合庫-鳳山,2023-06-15,1029
5457,宣德,11,0,11,合庫-鳳山,2023-06-15,1029
6443,元晶,12,1,11,合庫-鳳山,2023-06-15,1029
2634,漢翔,24,14,10,合庫-鳳山,2023-06-15,1029
00706L,期元大S＆P日圓正2,10,0,10,合庫-鳳山,2023-06-15,1029
1506,正道,10,0,10,合庫-鳳山,2023-06-15,1029
2104,國際中橡,10,0,10,合庫-鳳山,2023-06-15,1029
2641,正德,10,0,10,合庫-鳳山,2023-06-15,1029
2883,凱基金,10,0,10,合庫-鳳山,2023-06-15,1029
3265,台星科,10,0,10,合庫-鳳山,2023-06-15,1029
3682,亞太電,10,0,10,合庫-鳳山,2023-06-15,1029
4915,致伸,10,0,10,合庫-鳳山,2023-06-15,1029
5498,凱崴,10,0,10,合庫-鳳山,2023-06-15,1029
6550,北極星藥業-KY,9,0,9,合庫-鳳山,2023-06-15,1029
00891,中信關鍵半導體,11,2,9,合庫-鳳山,2023-06-15,1029
3032,偉訓,13,4,9,合庫-鳳山,2023-06-15,1029
8099,大世科,10,1,9,合庫-鳳山,2023-06-15,1029
3481,群創,61,52,9,合庫-鳳山,2023-06-15,1029
2867,三商壽,8,0,8,合庫-鳳山,2023-06-15,1029
5425,台半,8,0,8,合庫-鳳山,2023-06-15,1029
6269,台郡,8,0,8,合庫-鳳山,2023-06-15,1029
1611,中電,10,3,7,合庫-鳳山,2023-06-15,1029
2349,錸德,10,3,7,合庫-鳳山,2023-06-15,1029
2409,友達,7,0,7,合庫-鳳山,2023-06-15,1029
6196,帆宣,7,0,7,合庫-鳳山,2023-06-15,1029
6285,啟��,8,1,7,合庫-鳳山,2023-06-15,1029
2834,臺企銀,414,8,406,合庫-鳳山,2023-06-16,1029
00900,富邦特選高股息30,235,2,233,合庫-鳳山,2023-06-16,1029
4960,誠美材,105,0,105,合庫-鳳山,2023-06-16,1029
00919,群益台灣精選高息,81,3,78,合庫-鳳山,2023-06-16,1029
00712,復華富時不動產,77,5,72,合庫-鳳山,2023-06-16,1029
5880,合庫金,63,1,62,合庫-鳳山,2023-06-16,1029
1605,華新,92,34,58,合庫-鳳山,2023-06-16,1029
1802,台玻,98,41,57,合庫-鳳山,2023-06-16,1029
2618,長榮航,345,291,54,合庫-鳳山,2023-06-16,1029
4306,炎洲,51,0,51,合庫-鳳山,2023-06-16,1029
2880,華南金,50,0,50,合庫-鳳山,2023-06-16,1029
3483,力致,50,1,49,合庫-鳳山,2023-06-16,1029
6270,倍微,47,0,47,合庫-鳳山,2023-06-16,1029
2882,國泰金,37,1,36,合庫-鳳山,2023-06-16,1029
2356,英業達,74,39,35,合庫-鳳山,2023-06-16,1029
2303,聯電,42,7,35,合庫-鳳山,2023-06-16,1029
4552,力達-KY,32,0,32,合庫-鳳山,2023-06-16,1029
6188,廣明,32,3,29,合庫-鳳山,2023-06-16,1029
3706,神達,62,35,27,合庫-鳳山,2023-06-16,1029
2385,群光,26,0,26,合庫-鳳山,2023-06-16,1029
00664R,國泰臺灣加權反1,22,0,22,合庫-鳳山,2023-06-16,1029
2457,飛宏,27,5,22,合庫-鳳山,2023-06-16,1029
1319,東陽,26,5,21,合庫-鳳山,2023-06-16,1029
2913,農林,20,1,19,合庫-鳳山,2023-06-16,1029
3312,弘憶股,19,0,19,合庫-鳳山,2023-06-16,1029
2330,台積電,18,2,16,合庫-鳳山,2023-06-16,1029
0056,元大高股息,43,27,16,合庫-鳳山,2023-06-16,1029
4533,協易機,19,4,15,合庫-鳳山,2023-06-16,1029
3022,威強電,15,0,15,合庫-鳳山,2023-06-16,1029
2206,三陽工業,14,0,14,合庫-鳳山,2023-06-16,1029
1504,東元,26,12,14,合庫-鳳山,2023-06-16,1029
1529,樂事綠能,25,11,14,合庫-鳳山,2023-06-16,1029
2345,智邦,14,0,14,合庫-鳳山,2023-06-16,1029
8436,大江,24,10,14,合庫-鳳山,2023-06-16,1029
00713,元大台灣高息低波,15,2,13,合庫-鳳山,2023-06-16,1029
2359,所羅門,17,4,13,合庫-鳳山,2023-06-16,1029
2495,普安,14,1,13,合庫-鳳山,2023-06-16,1029
2892,第一金,12,0,12,合庫-鳳山,2023-06-16,1029
00632R,元大台灣50反1,20,8,12,合庫-鳳山,2023-06-16,1029
3010,華立,12,0,12,合庫-鳳山,2023-06-16,1029
2492,華新科,12,1,11,合庫-鳳山,2023-06-16,1029
6182,合晶,13,2,11,合庫-鳳山,2023-06-16,1029
1714,和桐,10,0,10,合庫-鳳山,2023-06-16,1029
3005,神基,10,0,10,合庫-鳳山,2023-06-16,1029
3711,日月光投控,12,2,10,合庫-鳳山,2023-06-16,1029
4536,拓凱,10,0,10,合庫-鳳山,2023-06-16,1029
4977,眾達-KY,11,1,10,合庫-鳳山,2023-06-16,1029
5425,台半,10,0,10,合庫-鳳山,2023-06-16,1029
6026,福邦證,10,0,10,合庫-鳳山,2023-06-16,1029
6282,康舒,25,15,10,合庫-鳳山,2023-06-16,1029
4960,誠美材,218,0,218,合庫-鳳山,2023-06-19,1029
00637L,元大滬深300正2,222,50,172,合庫-鳳山,2023-06-19,1029
00712,復華富時不動產,136,0,136,合庫-鳳山,2023-06-19,1029
1714,和桐,90,0,90,合庫-鳳山,2023-06-19,1029
2301,光寶科,85,3,82,合庫-鳳山,2023-06-19,1029
8215,明基材,62,0,62,合庫-鳳山,2023-06-19,1029
4552,力達-KY,58,0,58,合庫-鳳山,2023-06-19,1029
2312,金寶,85,38,47,合庫-鳳山,2023-06-19,1029
00921,兆豐龍頭等權重,45,0,45,合庫-鳳山,2023-06-19,1029
3078,僑威,51,6,45,合庫-鳳山,2023-06-19,1029
6282,康舒,38,0,38,合庫-鳳山,2023-06-19,1029
2356,英業達,59,22,37,合庫-鳳山,2023-06-19,1029
8033,雷虎,34,4,30,合庫-鳳山,2023-06-19,1029
3016,嘉晶,30,1,29,合庫-鳳山,2023-06-19,1029
00642U,期元大S＆P石油,30,3,27,合庫-鳳山,2023-06-19,1029
1605,華新,39,12,27,合庫-鳳山,2023-06-19,1029
2014,中鴻,25,1,24,合庫-鳳山,2023-06-19,1029
2618,長榮航,155,134,21,合庫-鳳山,2023-06-19,1029
2834,臺企銀,22,1,21,合庫-鳳山,2023-06-19,1029
1471,首利,23,3,20,合庫-鳳山,2023-06-19,1029
00713,元大台灣高息低波,21,2,19,合庫-鳳山,2023-06-19,1029
4533,協易機,20,2,18,合庫-鳳山,2023-06-19,1029
2606,裕民,16,0,16,合庫-鳳山,2023-06-19,1029
3312,弘憶股,16,0,16,合庫-鳳山,2023-06-19,1029
6188,廣明,16,1,15,合庫-鳳山,2023-06-19,1029
2609,陽明,26,11,15,合庫-鳳山,2023-06-19,1029
1513,中興電,51,37,14,合庫-鳳山,2023-06-19,1029
1907,永豐餘,14,0,14,合庫-鳳山,2023-06-19,1029
2324,仁寶,13,0,13,合庫-鳳山,2023-06-19,1029
5880,合庫金,15,2,13,合庫-鳳山,2023-06-19,1029
2330,台積電,14,1,13,合庫-鳳山,2023-06-19,1029
5426,振發,15,3,12,合庫-鳳山,2023-06-19,1029
1611,中電,13,1,12,合庫-鳳山,2023-06-19,1029
1736,喬山,12,0,12,合庫-鳳山,2023-06-19,1029
3706,神達,31,19,12,合庫-鳳山,2023-06-19,1029
6770,力積電,16,4,12,合庫-鳳山,2023-06-19,1029
3526,凡甲,11,0,11,合庫-鳳山,2023-06-19,1029
8436,大江,11,0,11,合庫-鳳山,2023-06-19,1029
2887,台新金,14,4,10,合庫-鳳山,2023-06-19,1029
00905,FT臺灣Smart,10,0,10,合庫-鳳山,2023-06-19,1029
1710,東聯,10,0,10,合庫-鳳山,2023-06-19,1029
1727,中華化,10,0,10,合庫-鳳山,2023-06-19,1029
2426,鼎元,10,0,10,合庫-鳳山,2023-06-19,1029
2892,第一金,10,0,10,合庫-鳳山,2023-06-19,1029
911868,同方友友-DR,10,0,10,合庫-鳳山,2023-06-19,1029
2421,建準,17,8,9,合庫-鳳山,2023-06-19,1029
2504,國產,9,0,9,合庫-鳳山,2023-06-19,1029
1528,恩德,9,1,8,合庫-鳳山,2023-06-19,1029
4129,聯合,11,3,8,合庫-鳳山,2023-06-19,1029
1503,士電,12,4,8,合庫-鳳山,2023-06-19,1029
3481,群創,188,66,122,合庫-鳳山,2023-06-20,1029
00632R,元大台灣50反1,100,0,100,合庫-鳳山,2023-06-20,1029
1802,台玻,89,10,79,合庫-鳳山,2023-06-20,1029
2618,長榮航,57,12,45,合庫-鳳山,2023-06-20,1029
2409,友達,56,18,38,合庫-鳳山,2023-06-20,1029
8927,北基,35,0,35,合庫-鳳山,2023-06-20,1029
2337,旺宏,32,1,31,合庫-鳳山,2023-06-20,1029
2412,中華電,30,0,30,合庫-鳳山,2023-06-20,1029
2867,三商壽,30,0,30,合庫-鳳山,2023-06-20,1029
4552,力達-KY,28,0,28,合庫-鳳山,2023-06-20,1029
1513,中興電,78,54,24,合庫-鳳山,2023-06-20,1029
2208,台船,23,0,23,合庫-鳳山,2023-06-20,1029
2382,廣達,26,5,21,合庫-鳳山,2023-06-20,1029
1460,宏遠,20,0,20,合庫-鳳山,2023-06-20,1029
2637,慧洋-KY,20,0,20,合庫-鳳山,2023-06-20,1029
1528,恩德,17,1,16,合庫-鳳山,2023-06-20,1029
2461,光群雷,15,0,15,合庫-鳳山,2023-06-20,1029
2454,聯發科,14,1,13,合庫-鳳山,2023-06-20,1029
2482,連宇,15,2,13,合庫-鳳山,2023-06-20,1029
2739,寒舍,16,3,13,合庫-鳳山,2023-06-20,1029
1471,首利,30,18,12,合庫-鳳山,2023-06-20,1029
3706,神達,16,4,12,合庫-鳳山,2023-06-20,1029
5512,力麒,12,0,12,合庫-鳳山,2023-06-20,1029
2206,三陽工業,19,8,11,合庫-鳳山,2023-06-20,1029
2331,精英,18,7,11,合庫-鳳山,2023-06-20,1029
2706,第一店,11,0,11,合庫-鳳山,2023-06-20,1029
6188,廣明,12,1,11,合庫-鳳山,2023-06-20,1029
6282,康舒,17,6,11,合庫-鳳山,2023-06-20,1029
6788,華景電,11,0,11,合庫-鳳山,2023-06-20,1029
00929,復華台灣科技優息,11,1,10,合庫-鳳山,2023-06-20,1029
00764B,群益25年美債,10,0,10,合庫-鳳山,2023-06-20,1029
00655L,國泰中國A50正2,10,0,10,合庫-鳳山,2023-06-20,1029
1815,富喬,10,0,10,合庫-鳳山,2023-06-20,1029
2201,裕隆,12,2,10,合庫-鳳山,2023-06-20,1029
2405,輔信,10,0,10,合庫-鳳山,2023-06-20,1029
3071,協禧,10,0,10,合庫-鳳山,2023-06-20,1029
3581,博磊,10,0,10,合庫-鳳山,2023-06-20,1029
6167,久正,10,0,10,合庫-鳳山,2023-06-20,1029
6531,愛普*,10,0,10,合庫-鳳山,2023-06-20,1029
6776,展�眥篕�,10,0,10,合庫-鳳山,2023-06-20,1029
2892,第一金,10,0,10,合庫-鳳山,2023-06-20,1029
4904,遠傳,10,0,10,合庫-鳳山,2023-06-20,1029
2886,兆豐金,9,0,9,合庫-鳳山,2023-06-20,1029
2457,飛宏,16,8,8,合庫-鳳山,2023-06-20,1029
8150,南茂,8,0,8,合庫-鳳山,2023-06-20,1029
8076,伍豐,10,2,8,合庫-鳳山,2023-06-20,1029
2883,凱基金,10,3,7,合庫-鳳山,2023-06-20,1029
2330,台積電,15,8,7,合庫-鳳山,2023-06-20,1029
2427,三商電,99,92,7,合庫-鳳山,2023-06-20,1029
2630,亞航,8,1,7,合庫-鳳山,2023-06-20,1029
2892,第一金,1000,0,1000,合庫-鳳山,2023-06-21,1029
00664R,國泰臺灣加權反1,200,0,200,合庫-鳳山,2023-06-21,1029
2834,臺企銀,201,3,198,合庫-鳳山,2023-06-21,1029
3058,立德,112,7,105,合庫-鳳山,2023-06-21,1029
1905,華紙,95,30,65,合庫-鳳山,2023-06-21,1029
2633,台灣高鐵,61,0,61,合庫-鳳山,2023-06-21,1029
2356,英業達,70,14,56,合庫-鳳山,2023-06-21,1029
2323,中環,46,2,44,合庫-鳳山,2023-06-21,1029
2498,宏達電,35,0,35,合庫-鳳山,2023-06-21,1029
8358,金居,43,8,35,合庫-鳳山,2023-06-21,1029
2002,中鋼,34,0,34,合庫-鳳山,2023-06-21,1029
6120,達運,36,4,32,合庫-鳳山,2023-06-21,1029
00751B,元大AAA至A公司債,30,0,30,合庫-鳳山,2023-06-21,1029
6005,群益證,30,0,30,合庫-鳳山,2023-06-21,1029
0056,元大高股息,72,44,28,合庫-鳳山,2023-06-21,1029
2618,長榮航,61,33,28,合庫-鳳山,2023-06-21,1029
3022,威強電,30,3,27,合庫-鳳山,2023-06-21,1029
2705,六福,29,3,26,合庫-鳳山,2023-06-21,1029
8105,凌巨,27,1,26,合庫-鳳山,2023-06-21,1029
2634,漢翔,68,42,26,合庫-鳳山,2023-06-21,1029
5905,南仁湖,30,5,25,合庫-鳳山,2023-06-21,1029
2312,金寶,28,4,24,合庫-鳳山,2023-06-21,1029
5483,中美晶,22,0,22,合庫-鳳山,2023-06-21,1029
00715L,期街口布蘭特正2,30,9,21,合庫-鳳山,2023-06-21,1029
1584,精剛,21,0,21,合庫-鳳山,2023-06-21,1029
6753,龍德造船,20,0,20,合庫-鳳山,2023-06-21,1029
2489,瑞軒,40,22,18,合庫-鳳山,2023-06-21,1029
4108,懷特,17,0,17,合庫-鳳山,2023-06-21,1029
2344,華邦電,17,1,16,合庫-鳳山,2023-06-21,1029
00712,復華富時不動產,16,1,15,合庫-鳳山,2023-06-21,1029
00679B,元大美債20年,19,4,15,合庫-鳳山,2023-06-21,1029
3526,凡甲,15,0,15,合庫-鳳山,2023-06-21,1029
4552,力達-KY,14,0,14,合庫-鳳山,2023-06-21,1029
6116,彩晶,19,5,14,合庫-鳳山,2023-06-21,1029
4128,中天,24,10,14,合庫-鳳山,2023-06-21,1029
1727,中華化,13,0,13,合庫-鳳山,2023-06-21,1029
2208,台船,13,0,13,合庫-鳳山,2023-06-21,1029
1309,台達化,12,0,12,合庫-鳳山,2023-06-21,1029
2888,新光金,17,5,12,合庫-鳳山,2023-06-21,1029
2889,國票金,12,0,12,合庫-鳳山,2023-06-21,1029
3049,精金,32,20,12,合庫-鳳山,2023-06-21,1029
00929,復華台灣科技優息,13,2,11,合庫-鳳山,2023-06-21,1029
2069,運錩,11,0,11,合庫-鳳山,2023-06-21,1029
2405,輔信,12,1,11,合庫-鳳山,2023-06-21,1029
9945,潤泰新,11,0,11,合庫-鳳山,2023-06-21,1029
00673R,期元大S＆P原油反1,10,0,10,合庫-鳳山,2023-06-21,1029
1314,中石化,10,0,10,合庫-鳳山,2023-06-21,1029
1319,東陽,10,0,10,合庫-鳳山,2023-06-21,1029
1570,力肯,10,0,10,合庫-鳳山,2023-06-21,1029
1605,華新,13,3,10,合庫-鳳山,2023-06-21,1029
2892,第一金,1021,0,1021,合庫-鳳山,2023-06-26,1029
00637L,元大滬深300正2,267,2,265,合庫-鳳山,2023-06-26,1029
1504,東元,246,1,245,合庫-鳳山,2023-06-26,1029
5905,南仁湖,170,5,165,合庫-鳳山,2023-06-26,1029
2323,中環,190,32,158,合庫-鳳山,2023-06-26,1029
00671R,富邦NASDAQ反1,200,70,130,合庫-鳳山,2023-06-26,1029
00715L,期街口布蘭特正2,77,5,72,合庫-鳳山,2023-06-26,1029
00632R,元大台灣50反1,100,35,65,合庫-鳳山,2023-06-26,1029
2412,中華電,39,0,39,合庫-鳳山,2023-06-26,1029
9105,泰金寶-DR,37,0,37,合庫-鳳山,2023-06-26,1029
00665L,富邦�琤肭磪囓�2,40,5,35,合庫-鳳山,2023-06-26,1029
6282,康舒,37,3,34,合庫-鳳山,2023-06-26,1029
2014,中鴻,37,4,33,合庫-鳳山,2023-06-26,1029
2915,潤泰全,31,0,31,合庫-鳳山,2023-06-26,1029
8927,北基,30,0,30,合庫-鳳山,2023-06-26,1029
00882,中信中國高股息,29,0,29,合庫-鳳山,2023-06-26,1029
00712,復華富時不動產,30,1,29,合庫-鳳山,2023-06-26,1029
1905,華紙,50,22,28,合庫-鳳山,2023-06-26,1029
2371,大同,45,20,25,合庫-鳳山,2023-06-26,1029
3049,精金,50,25,25,合庫-鳳山,2023-06-26,1029
2615,萬海,24,0,24,合庫-鳳山,2023-06-26,1029
2367,燿華,22,0,22,合庫-鳳山,2023-06-26,1029
3058,立德,126,104,22,合庫-鳳山,2023-06-26,1029
2382,廣達,27,6,21,合庫-鳳山,2023-06-26,1029
00929,復華台灣科技優息,20,0,20,合庫-鳳山,2023-06-26,1029
2609,陽明,23,3,20,合庫-鳳山,2023-06-26,1029
911868,同方友友-DR,20,0,20,合庫-鳳山,2023-06-26,1029
1528,恩德,20,1,19,合庫-鳳山,2023-06-26,1029
2356,英業達,30,11,19,合庫-鳳山,2023-06-26,1029
2344,華邦電,22,4,18,合庫-鳳山,2023-06-26,1029
1513,中興電,25,9,16,合庫-鳳山,2023-06-26,1029
2748,雲品,17,1,16,合庫-鳳山,2023-06-26,1029
2913,農林,15,0,15,合庫-鳳山,2023-06-26,1029
00633L,富邦上証正2,13,0,13,合庫-鳳山,2023-06-26,1029
00679B,元大美債20年,13,0,13,合庫-鳳山,2023-06-26,1029
2303,聯電,47,34,13,合庫-鳳山,2023-06-26,1029
00738U,期元大道瓊白銀,12,0,12,合庫-鳳山,2023-06-26,1029
2399,映泰,12,0,12,合庫-鳳山,2023-06-26,1029
2002,中鋼,11,0,11,合庫-鳳山,2023-06-26,1029
2208,台船,11,0,11,合庫-鳳山,2023-06-26,1029
2427,三商電,14,3,11,合庫-鳳山,2023-06-26,1029
2495,普安,14,3,11,合庫-鳳山,2023-06-26,1029
3078,僑威,20,9,11,合庫-鳳山,2023-06-26,1029
6219,富旺,11,0,11,合庫-鳳山,2023-06-26,1029
6770,力積電,10,0,10,合庫-鳳山,2023-06-26,1029
00664R,國泰臺灣加權反1,10,0,10,合庫-鳳山,2023-06-26,1029
2409,友達,13,3,10,合庫-鳳山,2023-06-26,1029
2881,富邦金,10,0,10,合庫-鳳山,2023-06-26,1029
3712,永崴投控,10,0,10,合庫-鳳山,2023-06-26,1029
4915,致伸,10,0,10,合庫-鳳山,2023-06-26,1029
2323,中環,178,29,149,合庫-鳳山,2023-06-27,1029
00632R,元大台灣50反1,120,1,119,合庫-鳳山,2023-06-27,1029
3058,立德,253,136,117,合庫-鳳山,2023-06-27,1029
5905,南仁湖,112,0,112,合庫-鳳山,2023-06-27,1029
4960,誠美材,103,0,103,合庫-鳳山,2023-06-27,1029
2303,聯電,101,2,99,合庫-鳳山,2023-06-27,1029
2618,長榮航,136,44,92,合庫-鳳山,2023-06-27,1029
8222,寶一,87,5,82,合庫-鳳山,2023-06-27,1029
1504,東元,96,20,76,合庫-鳳山,2023-06-27,1029
2888,新光金,71,8,63,合庫-鳳山,2023-06-27,1029
2412,中華電,54,1,53,合庫-鳳山,2023-06-27,1029
6274,台燿,44,0,44,合庫-鳳山,2023-06-27,1029
2367,燿華,41,0,41,合庫-鳳山,2023-06-27,1029
00637L,元大滬深300正2,40,0,40,合庫-鳳山,2023-06-27,1029
3483,力致,40,0,40,合庫-鳳山,2023-06-27,1029
00664R,國泰臺灣加權反1,30,0,30,合庫-鳳山,2023-06-27,1029
8097,常珵,30,0,30,合庫-鳳山,2023-06-27,1029
1907,永豐餘,38,10,28,合庫-鳳山,2023-06-27,1029
3049,精金,56,30,26,合庫-鳳山,2023-06-27,1029
5309,系統電,26,0,26,合庫-鳳山,2023-06-27,1029
8927,北基,25,0,25,合庫-鳳山,2023-06-27,1029
2459,敦吉,24,0,24,合庫-鳳山,2023-06-27,1029
3481,群創,58,35,23,合庫-鳳山,2023-06-27,1029
2206,三陽工業,27,5,22,合庫-鳳山,2023-06-27,1029
00922,國泰台灣領袖50,20,0,20,合庫-鳳山,2023-06-27,1029
00650L,復華香港正2,20,0,20,合庫-鳳山,2023-06-27,1029
8937,合騏,20,0,20,合庫-鳳山,2023-06-27,1029
6443,元晶,22,3,19,合庫-鳳山,2023-06-27,1029
1513,中興電,54,37,17,合庫-鳳山,2023-06-27,1029
2736,富野,17,1,16,合庫-鳳山,2023-06-27,1029
1605,華新,22,7,15,合庫-鳳山,2023-06-27,1029
1802,台玻,15,0,15,合庫-鳳山,2023-06-27,1029
4120,友華,15,0,15,合庫-鳳山,2023-06-27,1029
1301,台塑,14,0,14,合庫-鳳山,2023-06-27,1029
2344,華邦電,17,3,14,合庫-鳳山,2023-06-27,1029
8996,高力,19,5,14,合庫-鳳山,2023-06-27,1029
2201,裕隆,13,0,13,合庫-鳳山,2023-06-27,1029
1905,華紙,18,6,12,合庫-鳳山,2023-06-27,1029
2377,微星,12,0,12,合庫-鳳山,2023-06-27,1029
2637,慧洋-KY,12,0,12,合庫-鳳山,2023-06-27,1029
3682,亞太電,12,0,12,合庫-鳳山,2023-06-27,1029
2371,大同,12,1,11,合庫-鳳山,2023-06-27,1029
00706L,期元大S＆P日圓正2,11,0,11,合庫-鳳山,2023-06-27,1029
6733,博晟生醫,11,0,11,合庫-鳳山,2023-06-27,1029
8284,三竹,11,0,11,合庫-鳳山,2023-06-27,1029
6191,精成科,13,2,11,合庫-鳳山,2023-06-27,1029
6282,康舒,12,2,10,合庫-鳳山,2023-06-27,1029
00665L,富邦�琤肭磪囓�2,90,80,10,合庫-鳳山,2023-06-27,1029
1727,中華化,10,0,10,合庫-鳳山,2023-06-27,1029
2032,新鋼,10,0,10,合庫-鳳山,2023-06-27,1029
00637L,元大滬深300正2,400,6,394,合庫-鳳山,2023-06-28,1029
00715L,期街口布蘭特正2,228,0,228,合庫-鳳山,2023-06-28,1029
2906,高林,200,30,170,合庫-鳳山,2023-06-28,1029
8927,北基,158,0,158,合庫-鳳山,2023-06-28,1029
4960,誠美材,140,5,135,合庫-鳳山,2023-06-28,1029
2887,台新金,100,0,100,合庫-鳳山,2023-06-28,1029
8222,寶一,54,3,51,合庫-鳳山,2023-06-28,1029
2349,錸德,50,0,50,合庫-鳳山,2023-06-28,1029
2634,漢翔,51,9,42,合庫-鳳山,2023-06-28,1029
1612,宏泰,40,0,40,合庫-鳳山,2023-06-28,1029
1605,華新,72,33,39,合庫-鳳山,2023-06-28,1029
6188,廣明,38,1,37,合庫-鳳山,2023-06-28,1029
4552,力達-KY,33,0,33,合庫-鳳山,2023-06-28,1029
3038,全台,38,7,31,合庫-鳳山,2023-06-28,1029
2430,燦坤,30,0,30,合庫-鳳山,2023-06-28,1029
2412,中華電,29,0,29,合庫-鳳山,2023-06-28,1029
2892,第一金,28,0,28,合庫-鳳山,2023-06-28,1029
4414,如興,20,0,20,合庫-鳳山,2023-06-28,1029
00885,富邦越南,21,3,18,合庫-鳳山,2023-06-28,1029
1524,耿鼎,17,0,17,合庫-鳳山,2023-06-28,1029
2867,三商壽,16,0,16,合庫-鳳山,2023-06-28,1029
2637,慧洋-KY,15,1,14,合庫-鳳山,2023-06-28,1029
3434,哲固,17,3,14,合庫-鳳山,2023-06-28,1029
5880,合庫金,14,0,14,合庫-鳳山,2023-06-28,1029
6111,大宇資,17,3,14,合庫-鳳山,2023-06-28,1029
2014,中鴻,13,0,13,合庫-鳳山,2023-06-28,1029
2457,飛宏,32,20,12,合庫-鳳山,2023-06-28,1029
3037,欣興,15,4,11,合庫-鳳山,2023-06-28,1029
8076,伍豐,11,0,11,合庫-鳳山,2023-06-28,1029
1503,士電,13,3,10,合庫-鳳山,2023-06-28,1029
2371,大同,31,21,10,合庫-鳳山,2023-06-28,1029
2498,宏達電,14,4,10,合庫-鳳山,2023-06-28,1029
2820,華票,10,0,10,合庫-鳳山,2023-06-28,1029
1609,大亞,50,41,9,合庫-鳳山,2023-06-28,1029
1783,和康生,15,6,9,合庫-鳳山,2023-06-28,1029
2032,新鋼,9,0,9,合庫-鳳山,2023-06-28,1029
3005,神基,9,0,9,合庫-鳳山,2023-06-28,1029
5347,世界,10,1,9,合庫-鳳山,2023-06-28,1029
00642U,期元大S＆P石油,8,0,8,合庫-鳳山,2023-06-28,1029
1513,中興電,18,10,8,合庫-鳳山,2023-06-28,1029
4106,雃博,11,3,8,合庫-鳳山,2023-06-28,1029
3025,星通,10,3,7,合庫-鳳山,2023-06-28,1029
3207,耀勝,11,4,7,合庫-鳳山,2023-06-28,1029
4747,強生,7,0,7,合庫-鳳山,2023-06-28,1029
5014,建錩,7,0,7,合庫-鳳山,2023-06-28,1029
6026,福邦證,7,0,7,合庫-鳳山,2023-06-28,1029
2603,長榮,11,5,6,合庫-鳳山,2023-06-28,1029
1303,南亞,6,0,6,合庫-鳳山,2023-06-28,1029
00888,永豐台灣ESG,6,0,6,合庫-鳳山,2023-06-28,1029
1708,東鹼,6,0,6,合庫-鳳山,2023-06-28,1029
2892,第一金,1005,0,1005,合庫-鳳山,2023-06-29,1029
4960,誠美材,227,0,227,合庫-鳳山,2023-06-29,1029
4414,如興,114,15,99,合庫-鳳山,2023-06-29,1029
2338,光罩,64,0,64,合庫-鳳山,2023-06-29,1029
9933,中鼎,57,0,57,合庫-鳳山,2023-06-29,1029
2618,長榮航,64,16,48,合庫-鳳山,2023-06-29,1029
6274,台燿,51,4,47,合庫-鳳山,2023-06-29,1029
2032,新鋼,43,0,43,合庫-鳳山,2023-06-29,1029
3356,奇偶,54,15,39,合庫-鳳山,2023-06-29,1029
2603,長榮,49,13,36,合庫-鳳山,2023-06-29,1029
00722B,群益投資級電信債,35,0,35,合庫-鳳山,2023-06-29,1029
4157,太景*-KY,31,2,29,合庫-鳳山,2023-06-29,1029
1605,華新,79,53,26,合庫-鳳山,2023-06-29,1029
0056,元大高股息,28,2,26,合庫-鳳山,2023-06-29,1029
6244,茂迪,25,1,24,合庫-鳳山,2023-06-29,1029
2303,聯電,28,5,23,合庫-鳳山,2023-06-29,1029
2610,華航,40,18,22,合庫-鳳山,2023-06-29,1029
3297,杭特,20,0,20,合庫-鳳山,2023-06-29,1029
2609,陽明,45,26,19,合庫-鳳山,2023-06-29,1029
5465,富驊,21,2,19,合庫-鳳山,2023-06-29,1029
2634,漢翔,33,15,18,合庫-鳳山,2023-06-29,1029
2014,中鴻,18,1,17,合庫-鳳山,2023-06-29,1029
00919,群益台灣精選高息,15,0,15,合庫-鳳山,2023-06-29,1029
2419,仲琦,21,6,15,合庫-鳳山,2023-06-29,1029
1301,台塑,14,0,14,合庫-鳳山,2023-06-29,1029
2542,興富發,20,6,14,合庫-鳳山,2023-06-29,1029
2038,海光,16,3,13,合庫-鳳山,2023-06-29,1029
3694,海華,13,0,13,合庫-鳳山,2023-06-29,1029
1609,大亞,52,40,12,合庫-鳳山,2023-06-29,1029
3481,群創,28,16,12,合庫-鳳山,2023-06-29,1029
3078,僑威,13,2,11,合庫-鳳山,2023-06-29,1029
2317,鴻海,10,0,10,合庫-鳳山,2023-06-29,1029
1711,永光,11,1,10,合庫-鳳山,2023-06-29,1029
1727,中華化,10,0,10,合庫-鳳山,2023-06-29,1029
4906,正文,56,46,10,合庫-鳳山,2023-06-29,1029
4967,十銓,16,6,10,合庫-鳳山,2023-06-29,1029
00885,富邦越南,10,1,9,合庫-鳳山,2023-06-29,1029
6112,邁達特,10,2,8,合庫-鳳山,2023-06-29,1029
2734,易飛網,7,0,7,合庫-鳳山,2023-06-29,1029
7402,邑錡,7,0,7,合庫-鳳山,2023-06-29,1029
00772B,中信高評級公司債,7,0,7,合庫-鳳山,2023-06-29,1029
00713,元大台灣高息低波,9,2,7,合庫-鳳山,2023-06-29,1029
00712,復華富時不動產,7,0,7,合庫-鳳山,2023-06-29,1029
2103,台橡,7,0,7,合庫-鳳山,2023-06-29,1029
2331,精英,15,8,7,合庫-鳳山,2023-06-29,1029
3661,世芯-KY,7,0,7,合庫-鳳山,2023-06-29,1029
4114,健喬,7,0,7,合庫-鳳山,2023-06-29,1029
00751B,元大AAA至A公司債,6,0,6,合庫-鳳山,2023-06-29,1029
1593,祺驊,6,0,6,合庫-鳳山,2023-06-29,1029
3207,耀勝,20,14,6,合庫-鳳山,2023-06-29,1029
2801,彰銀,1261,21,1240,合庫-鳳山,2023-06-30,1029
3188,鑫龍騰,178,0,178,合庫-鳳山,2023-06-30,1029
00637L,元大滬深300正2,100,3,97,合庫-鳳山,2023-06-30,1029
4157,太景*-KY,110,28,82,合庫-鳳山,2023-06-30,1029
2409,友達,52,10,42,合庫-鳳山,2023-06-30,1029
2618,長榮航,57,23,34,合庫-鳳山,2023-06-30,1029
2412,中華電,31,0,31,合庫-鳳山,2023-06-30,1029
5905,南仁湖,30,5,25,合庫-鳳山,2023-06-30,1029
2371,大同,38,14,24,合庫-鳳山,2023-06-30,1029
3260,威剛,25,1,24,合庫-鳳山,2023-06-30,1029
2610,華航,58,35,23,合庫-鳳山,2023-06-30,1029
2303,聯電,41,19,22,合庫-鳳山,2023-06-30,1029
00679B,元大美債20年,20,0,20,合庫-鳳山,2023-06-30,1029
2038,海光,20,0,20,合庫-鳳山,2023-06-30,1029
2633,台灣高鐵,20,0,20,合庫-鳳山,2023-06-30,1029
2892,第一金,20,0,20,合庫-鳳山,2023-06-30,1029
00772B,中信高評級公司債,19,0,19,合庫-鳳山,2023-06-30,1029
2603,長榮,55,36,19,合庫-鳳山,2023-06-30,1029
5880,合庫金,16,0,16,合庫-鳳山,2023-06-30,1029
1736,喬山,15,0,15,合庫-鳳山,2023-06-30,1029
3703,欣陸,16,1,15,合庫-鳳山,2023-06-30,1029
00878,國泰永續高股息,19,5,14,合庫-鳳山,2023-06-30,1029
3711,日月光投控,13,0,13,合庫-鳳山,2023-06-30,1029
00687B,國泰20年美債,13,0,13,合庫-鳳山,2023-06-30,1029
2344,華邦電,20,7,13,合庫-鳳山,2023-06-30,1029
3321,同泰,13,0,13,合庫-鳳山,2023-06-30,1029
2634,漢翔,13,1,12,合庫-鳳山,2023-06-30,1029
3706,神達,13,1,12,合庫-鳳山,2023-06-30,1029
4155,訊映,12,1,11,合庫-鳳山,2023-06-30,1029
8033,雷虎,11,0,11,合庫-鳳山,2023-06-30,1029
2883,凱基金,10,0,10,合庫-鳳山,2023-06-30,1029
0056,元大高股息,16,6,10,合庫-鳳山,2023-06-30,1029
2030,彰源,10,0,10,合庫-鳳山,2023-06-30,1029
3005,神基,10,0,10,合庫-鳳山,2023-06-30,1029
3038,全台,11,1,10,合庫-鳳山,2023-06-30,1029
8034,榮群,19,9,10,合庫-鳳山,2023-06-30,1029
1795,美時,11,2,9,合庫-鳳山,2023-06-30,1029
1612,宏泰,10,1,9,合庫-鳳山,2023-06-30,1029
2314,台揚,9,0,9,合庫-鳳山,2023-06-30,1029
2402,毅嘉,13,4,9,合庫-鳳山,2023-06-30,1029
3034,聯詠,7,0,7,合庫-鳳山,2023-06-30,1029
2377,微星,7,0,7,合庫-鳳山,2023-06-30,1029
2482,連宇,9,2,7,合庫-鳳山,2023-06-30,1029
2637,慧洋-KY,12,5,7,合庫-鳳山,2023-06-30,1029
8271,宇瞻,7,0,7,合庫-鳳山,2023-06-30,1029
3045,台灣大,6,0,6,合庫-鳳山,2023-06-30,1029
1504,東元,7,1,6,合庫-鳳山,2023-06-30,1029
2032,新鋼,6,0,6,合庫-鳳山,2023-06-30,1029
2888,新光金,16,10,6,合庫-鳳山,2023-06-30,1029
3518,柏騰,7,1,6,合庫-鳳山,2023-06-30,1029
2338,光罩,93,0,93,合庫-鳳山,2023-07-03,1029
0056,元大高股息,135,51,84,合庫-鳳山,2023-07-03,1029
3188,鑫龍騰,53,0,53,合庫-鳳山,2023-07-03,1029
2409,友達,52,2,50,合庫-鳳山,2023-07-03,1029
8436,大江,46,0,46,合庫-鳳山,2023-07-03,1029
00891,中信關鍵半導體,41,0,41,合庫-鳳山,2023-07-03,1029
4168,醣聯,40,2,38,合庫-鳳山,2023-07-03,1029
3380,明泰,38,3,35,合庫-鳳山,2023-07-03,1029
00929,復華台灣科技優息,35,2,33,合庫-鳳山,2023-07-03,1029
2882,國泰金,31,0,31,合庫-鳳山,2023-07-03,1029
3264,欣銓,27,0,27,合庫-鳳山,2023-07-03,1029
2312,金寶,28,4,24,合庫-鳳山,2023-07-03,1029
2609,陽明,168,145,23,合庫-鳳山,2023-07-03,1029
6196,帆宣,24,2,22,合庫-鳳山,2023-07-03,1029
00893,國泰智能電動車,31,9,22,合庫-鳳山,2023-07-03,1029
3231,緯創,39,17,22,合庫-鳳山,2023-07-03,1029
2332,友訊,32,11,21,合庫-鳳山,2023-07-03,1029
00648R,元大S＆P500反1,20,0,20,合庫-鳳山,2023-07-03,1029
2331,精英,16,1,15,合庫-鳳山,2023-07-03,1029
1528,恩德,18,4,14,合庫-鳳山,2023-07-03,1029
2430,燦坤,14,0,14,合庫-鳳山,2023-07-03,1029
2303,聯電,24,11,13,合庫-鳳山,2023-07-03,1029
2883,凱基金,13,0,13,合庫-鳳山,2023-07-03,1029
1802,台玻,13,0,13,合庫-鳳山,2023-07-03,1029
3707,漢磊,12,0,12,合庫-鳳山,2023-07-03,1029
4114,健喬,12,0,12,合庫-鳳山,2023-07-03,1029
4532,瑞智,34,22,12,合庫-鳳山,2023-07-03,1029
5234,達興材料,12,0,12,合庫-鳳山,2023-07-03,1029
2030,彰源,11,0,11,合庫-鳳山,2023-07-03,1029
4417,金洲,10,0,10,合庫-鳳山,2023-07-03,1029
00650L,復華香港正2,10,0,10,合庫-鳳山,2023-07-03,1029
1609,大亞,50,40,10,合庫-鳳山,2023-07-03,1029
1709,和益,10,0,10,合庫-鳳山,2023-07-03,1029
2402,毅嘉,19,9,10,合庫-鳳山,2023-07-03,1029
3014,聯陽,10,0,10,合庫-鳳山,2023-07-03,1029
8277,商丞,10,0,10,合庫-鳳山,2023-07-03,1029
8358,金居,10,0,10,合庫-鳳山,2023-07-03,1029
2344,華邦電,25,16,9,合庫-鳳山,2023-07-03,1029
2610,華航,24,15,9,合庫-鳳山,2023-07-03,1029
8033,雷虎,10,1,9,合庫-鳳山,2023-07-03,1029
2034,允強,8,0,8,合庫-鳳山,2023-07-03,1029
2206,三陽工業,9,1,8,合庫-鳳山,2023-07-03,1029
2405,輔信,8,0,8,合庫-鳳山,2023-07-03,1029
3078,僑威,20,12,8,合庫-鳳山,2023-07-03,1029
4123,晟德,8,0,8,合庫-鳳山,2023-07-03,1029
5511,德昌,8,0,8,合庫-鳳山,2023-07-03,1029
2880,華南金,9,1,8,合庫-鳳山,2023-07-03,1029
00640L,富邦日本正2,6,0,6,合庫-鳳山,2023-07-03,1029
2323,中環,11,5,6,合庫-鳳山,2023-07-03,1029
2352,佳世達,11,5,6,合庫-鳳山,2023-07-03,1029
2801,彰銀,749,7,742,合庫-鳳山,2023-07-04,1029
00712,復華富時不動產,82,0,82,合庫-鳳山,2023-07-04,1029
6125,廣運,81,4,77,合庫-鳳山,2023-07-04,1029
2317,鴻海,74,5,69,合庫-鳳山,2023-07-04,1029
2303,聯電,61,3,58,合庫-鳳山,2023-07-04,1029
2603,長榮,97,43,54,合庫-鳳山,2023-07-04,1029
3706,神達,79,40,39,合庫-鳳山,2023-07-04,1029
2888,新光金,38,0,38,合庫-鳳山,2023-07-04,1029
3188,鑫龍騰,36,0,36,合庫-鳳山,2023-07-04,1029
8215,明基材,35,2,33,合庫-鳳山,2023-07-04,1029
00673R,期元大S＆P原油反1,30,0,30,合庫-鳳山,2023-07-04,1029
2301,光寶科,156,132,24,合庫-鳳山,2023-07-04,1029
8222,寶一,22,1,21,合庫-鳳山,2023-07-04,1029
6282,康舒,58,38,20,合庫-鳳山,2023-07-04,1029
2329,華泰,50,31,19,合庫-鳳山,2023-07-04,1029
00929,復華台灣科技優息,34,15,19,合庫-鳳山,2023-07-04,1029
2615,萬海,50,31,19,合庫-鳳山,2023-07-04,1029
2637,慧洋-KY,18,0,18,合庫-鳳山,2023-07-04,1029
1612,宏泰,16,0,16,合庫-鳳山,2023-07-04,1029
2337,旺宏,17,1,16,合庫-鳳山,2023-07-04,1029
1503,士電,25,10,15,合庫-鳳山,2023-07-04,1029
6274,台燿,15,0,15,合庫-鳳山,2023-07-04,1029
2634,漢翔,14,0,14,合庫-鳳山,2023-07-04,1029
6112,邁達特,14,0,14,合庫-鳳山,2023-07-04,1029
2331,精英,22,9,13,合庫-鳳山,2023-07-04,1029
2332,友訊,14,1,13,合庫-鳳山,2023-07-04,1029
4538,大詠城,13,0,13,合庫-鳳山,2023-07-04,1029
6122,擎邦,13,0,13,合庫-鳳山,2023-07-04,1029
3545,敦泰,12,0,12,合庫-鳳山,2023-07-04,1029
00679B,元大美債20年,11,0,11,合庫-鳳山,2023-07-04,1029
1301,台塑,11,0,11,合庫-鳳山,2023-07-04,1029
2421,建準,18,8,10,合庫-鳳山,2023-07-04,1029
1314,中石化,10,0,10,合庫-鳳山,2023-07-04,1029
3058,立德,11,1,10,合庫-鳳山,2023-07-04,1029
4533,協易機,10,0,10,合庫-鳳山,2023-07-04,1029
1605,華新,11,2,9,合庫-鳳山,2023-07-04,1029
1608,華榮,10,1,9,合庫-鳳山,2023-07-04,1029
2312,金寶,26,17,9,合庫-鳳山,2023-07-04,1029
2641,正德,9,0,9,合庫-鳳山,2023-07-04,1029
2344,華邦電,10,1,9,合庫-鳳山,2023-07-04,1029
4906,正文,9,1,8,合庫-鳳山,2023-07-04,1029
1313,聯成,7,0,7,合庫-鳳山,2023-07-04,1029
2748,雲品,7,0,7,合庫-鳳山,2023-07-04,1029
6197,佳必琪,7,0,7,合庫-鳳山,2023-07-04,1029
6435,大中,7,0,7,合庫-鳳山,2023-07-04,1029
1904,正隆,6,0,6,合庫-鳳山,2023-07-04,1029
2736,富野,6,0,6,合庫-鳳山,2023-07-04,1029
3025,星通,26,20,6,合庫-鳳山,2023-07-04,1029
5351,鈺創,7,1,6,合庫-鳳山,2023-07-04,1029
6477,安集,6,0,6,合庫-鳳山,2023-07-04,1029
4960,誠美材,296,17,279,合庫-鳳山,2023-07-05,1029
2609,陽明,227,96,131,合庫-鳳山,2023-07-05,1029
00673R,期元大S＆P原油反1,80,0,80,合庫-鳳山,2023-07-05,1029
2323,中環,111,37,74,合庫-鳳山,2023-07-05,1029
2618,長榮航,128,61,67,合庫-鳳山,2023-07-05,1029
2356,英業達,64,23,41,合庫-鳳山,2023-07-05,1029
4979,華星光,36,2,34,合庫-鳳山,2023-07-05,1029
3260,威剛,33,4,29,合庫-鳳山,2023-07-05,1029
1608,華榮,30,3,27,合庫-鳳山,2023-07-05,1029
2419,仲琦,34,9,25,合庫-鳳山,2023-07-05,1029
2331,精英,25,0,25,合庫-鳳山,2023-07-05,1029
2399,映泰,23,0,23,合庫-鳳山,2023-07-05,1029
2812,台中銀,21,0,21,合庫-鳳山,2023-07-05,1029
5880,合庫金,21,0,21,合庫-鳳山,2023-07-05,1029
2317,鴻海,24,3,21,合庫-鳳山,2023-07-05,1029
3005,神基,20,0,20,合庫-鳳山,2023-07-05,1029
2369,菱生,27,9,18,合庫-鳳山,2023-07-05,1029
5905,南仁湖,20,2,18,合庫-鳳山,2023-07-05,1029
3481,群創,26,9,17,合庫-鳳山,2023-07-05,1029
2303,聯電,21,5,16,合庫-鳳山,2023-07-05,1029
1710,東聯,16,0,16,合庫-鳳山,2023-07-05,1029
6168,宏齊,18,2,16,合庫-鳳山,2023-07-05,1029
00929,復華台灣科技優息,26,10,16,合庫-鳳山,2023-07-05,1029
4904,遠傳,15,0,15,合庫-鳳山,2023-07-05,1029
2801,彰銀,15,0,15,合庫-鳳山,2023-07-05,1029
8088,品安,15,0,15,合庫-鳳山,2023-07-05,1029
00878,國泰永續高股息,17,5,12,合庫-鳳山,2023-07-05,1029
1101,台泥,12,0,12,合庫-鳳山,2023-07-05,1029
00712,復華富時不動產,12,0,12,合庫-鳳山,2023-07-05,1029
3188,鑫龍騰,12,0,12,合庫-鳳山,2023-07-05,1029
6548,長科*,14,2,12,合庫-鳳山,2023-07-05,1029
8033,雷虎,12,0,12,合庫-鳳山,2023-07-05,1029
6188,廣明,12,1,11,合庫-鳳山,2023-07-05,1029
2382,廣達,29,19,10,合庫-鳳山,2023-07-05,1029
2881,富邦金,10,0,10,合庫-鳳山,2023-07-05,1029
1301,台塑,10,0,10,合庫-鳳山,2023-07-05,1029
1714,和桐,10,0,10,合庫-鳳山,2023-07-05,1029
2230,泰茂,10,0,10,合庫-鳳山,2023-07-05,1029
6112,邁達特,11,1,10,合庫-鳳山,2023-07-05,1029
6117,迎廣,10,0,10,合庫-鳳山,2023-07-05,1029
9943,好樂迪,10,0,10,合庫-鳳山,2023-07-05,1029
0056,元大高股息,64,54,10,合庫-鳳山,2023-07-05,1029
6770,力積電,12,2,10,合庫-鳳山,2023-07-05,1029
2867,三商壽,9,0,9,合庫-鳳山,2023-07-05,1029
3038,全台,22,13,9,合庫-鳳山,2023-07-05,1029
3062,建漢,10,1,9,合庫-鳳山,2023-07-05,1029
3325,旭品,9,0,9,合庫-鳳山,2023-07-05,1029
3363,上詮,22,13,9,合庫-鳳山,2023-07-05,1029
3380,明泰,9,0,9,合庫-鳳山,2023-07-05,1029
6443,元晶,10,1,9,合庫-鳳山,2023-07-05,1029
00632R,元大台灣50反1,201,1,200,合庫-鳳山,2023-07-06,1029
00637L,元大滬深300正2,103,1,102,合庫-鳳山,2023-07-06,1029
4960,誠美材,84,3,81,合庫-鳳山,2023-07-06,1029
2329,華泰,91,13,78,合庫-鳳山,2023-07-06,1029
2323,中環,80,3,77,合庫-鳳山,2023-07-06,1029
2887,台新金,67,1,66,合庫-鳳山,2023-07-06,1029
2382,廣達,127,72,55,合庫-鳳山,2023-07-06,1029
5905,南仁湖,55,2,53,合庫-鳳山,2023-07-06,1029
3706,神達,50,0,50,合庫-鳳山,2023-07-06,1029
00687B,國泰20年美債,62,15,47,合庫-鳳山,2023-07-06,1029
2609,陽明,96,49,47,合庫-鳳山,2023-07-06,1029
4904,遠傳,42,0,42,合庫-鳳山,2023-07-06,1029
00929,復華台灣科技優息,46,5,41,合庫-鳳山,2023-07-06,1029
8215,明基材,41,2,39,合庫-鳳山,2023-07-06,1029
3188,鑫龍騰,37,0,37,合庫-鳳山,2023-07-06,1029
00712,復華富時不動產,39,3,36,合庫-鳳山,2023-07-06,1029
1217,愛之味,36,0,36,合庫-鳳山,2023-07-06,1029
2883,凱基金,57,21,36,合庫-鳳山,2023-07-06,1029
2812,台中銀,33,1,32,合庫-鳳山,2023-07-06,1029
3037,欣興,35,3,32,合庫-鳳山,2023-07-06,1029
5880,合庫金,51,19,32,合庫-鳳山,2023-07-06,1029
6282,康舒,36,5,31,合庫-鳳山,2023-07-06,1029
3260,威剛,28,0,28,合庫-鳳山,2023-07-06,1029
2634,漢翔,30,3,27,合庫-鳳山,2023-07-06,1029
2891,中信金,26,0,26,合庫-鳳山,2023-07-06,1029
2356,英業達,34,8,26,合庫-鳳山,2023-07-06,1029
1301,台塑,25,0,25,合庫-鳳山,2023-07-06,1029
2618,長榮航,28,6,22,合庫-鳳山,2023-07-06,1029
4414,如興,23,1,22,合庫-鳳山,2023-07-06,1029
1101,台泥,23,2,21,合庫-鳳山,2023-07-06,1029
2002,中鋼,22,0,22,合庫-鳳山,2023-07-06,1029
2801,彰銀,21,0,21,合庫-鳳山,2023-07-06,1029
5243,乙盛-KY,26,5,21,合庫-鳳山,2023-07-06,1029
2331,精英,26,6,20,合庫-鳳山,2023-07-06,1029
9907,統一實,20,0,20,合庫-鳳山,2023-07-06,1029
1584,精剛,21,2,19,合庫-鳳山,2023-07-06,1029
3062,建漢,18,0,18,合庫-鳳山,2023-07-06,1029
4566,時碩工業,17,0,17,合庫-鳳山,2023-07-06,1029
8436,大江,24,8,16,合庫-鳳山,2023-07-06,1029
3379,彬台,15,0,15,合庫-鳳山,2023-07-06,1029
6753,龍德造船,16,1,15,合庫-鳳山,2023-07-06,1029
8234,新漢,16,1,15,合庫-鳳山,2023-07-06,1029
1905,華紙,18,4,14,合庫-鳳山,2023-07-06,1029
2888,新光金,18,5,13,合庫-鳳山,2023-07-06,1029
00679B,元大美債20年,13,0,13,合庫-鳳山,2023-07-06,1029
00720B,元大投資級公司債,12,0,12,合庫-鳳山,2023-07-06,1029
2881,富邦金,12,0,12,合庫-鳳山,2023-07-06,1029
3362,先進光,16,4,12,合庫-鳳山,2023-07-06,1029
00680L,元大美債20正2,12,0,12,合庫-鳳山,2023-07-06,1029
1708,東鹼,12,0,12,合庫-鳳山,2023-07-06,1029
00665L,富邦�琤肭磪囓�2,725,135,590,合庫-鳳山,2023-07-07,1029
00753L,中信中國50正2,200,4,196,合庫-鳳山,2023-07-07,1029
2618,長榮航,134,13,121,合庫-鳳山,2023-07-07,1029
00673R,期元大S＆P原油反1,112,0,112,合庫-鳳山,2023-07-07,1029
3188,鑫龍騰,95,0,95,合庫-鳳山,2023-07-07,1029
00687B,國泰20年美債,65,0,65,合庫-鳳山,2023-07-07,1029
3231,緯創,102,37,65,合庫-鳳山,2023-07-07,1029
0056,元大高股息,67,6,61,合庫-鳳山,2023-07-07,1029
1301,台塑,56,1,55,合庫-鳳山,2023-07-07,1029
1514,亞力,88,37,51,合庫-鳳山,2023-07-07,1029
2323,中環,50,0,50,合庫-鳳山,2023-07-07,1029
3483,力致,50,1,49,合庫-鳳山,2023-07-07,1029
3481,群創,68,22,46,合庫-鳳山,2023-07-07,1029
1217,愛之味,37,0,37,合庫-鳳山,2023-07-07,1029
2324,仁寶,38,1,37,合庫-鳳山,2023-07-07,1029
5880,合庫金,36,0,36,合庫-鳳山,2023-07-07,1029
1326,台化,30,0,30,合庫-鳳山,2023-07-07,1029
2906,高林,30,0,30,合庫-鳳山,2023-07-07,1029
00679B,元大美債20年,25,1,24,合庫-鳳山,2023-07-07,1029
2409,友達,25,1,24,合庫-鳳山,2023-07-07,1029
00713,元大台灣高息低波,23,0,23,合庫-鳳山,2023-07-07,1029
2301,光寶科,66,44,22,合庫-鳳山,2023-07-07,1029
6120,達運,22,0,22,合庫-鳳山,2023-07-07,1029
5309,系統電,20,0,20,合庫-鳳山,2023-07-07,1029
00712,復華富時不動產,19,0,19,合庫-鳳山,2023-07-07,1029
00882,中信中國高股息,18,0,18,合庫-鳳山,2023-07-07,1029
3260,威剛,18,1,17,合庫-鳳山,2023-07-07,1029
2601,益航,17,1,16,合庫-鳳山,2023-07-07,1029
3163,波若威,18,2,16,合庫-鳳山,2023-07-07,1029
4417,金洲,16,1,15,合庫-鳳山,2023-07-07,1029
1314,中石化,15,0,15,合庫-鳳山,2023-07-07,1029
2887,台新金,26,11,15,合庫-鳳山,2023-07-07,1029
8064,東捷,15,0,15,合庫-鳳山,2023-07-07,1029
1471,首利,15,1,14,合庫-鳳山,2023-07-07,1029
6116,彩晶,14,0,14,合庫-鳳山,2023-07-07,1029
2883,凱基金,27,14,13,合庫-鳳山,2023-07-07,1029
4536,拓凱,13,0,13,合庫-鳳山,2023-07-07,1029
00929,復華台灣科技優息,12,0,12,合庫-鳳山,2023-07-07,1029
2206,三陽工業,12,0,12,合庫-鳳山,2023-07-07,1029
3715,定穎投控,15,3,12,合庫-鳳山,2023-07-07,1029
1218,泰山,11,0,11,合庫-鳳山,2023-07-07,1029
2208,台船,11,0,11,合庫-鳳山,2023-07-07,1029
2637,慧洋-KY,11,0,11,合庫-鳳山,2023-07-07,1029
3325,旭品,11,0,11,合庫-鳳山,2023-07-07,1029
8033,雷虎,11,0,11,合庫-鳳山,2023-07-07,1029
00675L,富邦臺灣加權正2,10,0,10,合庫-鳳山,2023-07-07,1029
2542,興富發,10,0,10,合庫-鳳山,2023-07-07,1029
2867,三商壽,10,0,10,合庫-鳳山,2023-07-07,1029
3005,神基,10,0,10,合庫-鳳山,2023-07-07,1029
4572,駐龍,10,0,10,合庫-鳳山,2023-07-07,1029
00665L,富邦�琤肭磪囓�2,485,0,485,合庫-鳳山,2023-07-10,1029
4960,誠美材,155,9,146,合庫-鳳山,2023-07-10,1029
00632R,元大台灣50反1,110,0,110,合庫-鳳山,2023-07-10,1029
00882,中信中國高股息,106,0,106,合庫-鳳山,2023-07-10,1029
0056,元大高股息,74,0,74,合庫-鳳山,2023-07-10,1029
3188,鑫龍騰,68,0,68,合庫-鳳山,2023-07-10,1029
2356,英業達,67,3,64,合庫-鳳山,2023-07-10,1029
8436,大江,74,22,52,合庫-鳳山,2023-07-10,1029
2609,陽明,81,32,49,合庫-鳳山,2023-07-10,1029
00929,復華台灣科技優息,44,0,44,合庫-鳳山,2023-07-10,1029
3038,全台,40,0,40,合庫-鳳山,2023-07-10,1029
2886,兆豐金,42,4,38,合庫-鳳山,2023-07-10,1029
1217,愛之味,36,1,35,合庫-鳳山,2023-07-10,1029
00878,國泰永續高股息,39,8,31,合庫-鳳山,2023-07-10,1029
00673R,期元大S＆P原油反1,31,0,31,合庫-鳳山,2023-07-10,1029
2419,仲琦,45,17,28,合庫-鳳山,2023-07-10,1029
00712,復華富時不動產,26,2,24,合庫-鳳山,2023-07-10,1029
2385,群光,25,1,24,合庫-鳳山,2023-07-10,1029
2610,華航,27,4,23,合庫-鳳山,2023-07-10,1029
3689,湧德,25,2,23,合庫-鳳山,2023-07-10,1029
4527,方土霖,23,0,23,合庫-鳳山,2023-07-10,1029
2431,聯昌,20,0,20,合庫-鳳山,2023-07-10,1029
2618,長榮航,26,6,20,合庫-鳳山,2023-07-10,1029
2884,玉山金,22,2,20,合庫-鳳山,2023-07-10,1029
2601,益航,18,0,18,合庫-鳳山,2023-07-10,1029
1301,台塑,18,0,18,合庫-鳳山,2023-07-10,1029
2317,鴻海,18,1,17,合庫-鳳山,2023-07-10,1029
2329,華泰,27,10,17,合庫-鳳山,2023-07-10,1029
3694,海華,21,5,16,合庫-鳳山,2023-07-10,1029
6244,茂迪,23,7,16,合庫-鳳山,2023-07-10,1029
3576,聯合再生,15,0,15,合庫-鳳山,2023-07-10,1029
4532,瑞智,33,18,15,合庫-鳳山,2023-07-10,1029
5905,南仁湖,15,0,15,合庫-鳳山,2023-07-10,1029
6239,力成,15,0,15,合庫-鳳山,2023-07-10,1029
9907,統一實,15,0,15,合庫-鳳山,2023-07-10,1029
3481,群創,50,35,15,合庫-鳳山,2023-07-10,1029
2409,友達,15,1,14,合庫-鳳山,2023-07-10,1029
4563,百德,20,6,14,合庫-鳳山,2023-07-10,1029
6585,鼎基,15,1,14,合庫-鳳山,2023-07-10,1029
2303,聯電,14,0,14,合庫-鳳山,2023-07-10,1029
1304,台聚,13,0,13,合庫-鳳山,2023-07-10,1029
2032,新鋼,14,1,13,合庫-鳳山,2023-07-10,1029
2323,中環,13,0,13,合庫-鳳山,2023-07-10,1029
3265,台星科,13,0,13,合庫-鳳山,2023-07-10,1029
00679B,元大美債20年,15,2,13,合庫-鳳山,2023-07-10,1029
2834,臺企銀,11,0,11,合庫-鳳山,2023-07-10,1029
3289,宜特,11,0,11,合庫-鳳山,2023-07-10,1029
9933,中鼎,11,0,11,合庫-鳳山,2023-07-10,1029
2014,中鴻,10,0,10,合庫-鳳山,2023-07-10,1029
2101,南港,10,0,10,合庫-鳳山,2023-07-10,1029
2801,彰銀,1001,0,1001,合庫-鳳山,2023-07-11,1029
8927,北基,346,127,219,合庫-鳳山,2023-07-11,1029
4532,瑞智,112,4,108,合庫-鳳山,2023-07-11,1029
8215,明基材,214,109,105,合庫-鳳山,2023-07-11,1029
2338,光罩,63,0,63,合庫-鳳山,2023-07-11,1029
3188,鑫龍騰,37,0,37,合庫-鳳山,2023-07-11,1029
5465,富驊,36,0,36,合庫-鳳山,2023-07-11,1029
2385,群光,35,0,35,合庫-鳳山,2023-07-11,1029
2618,長榮航,73,42,31,合庫-鳳山,2023-07-11,1029
2906,高林,30,0,30,合庫-鳳山,2023-07-11,1029
1305,華夏,26,0,26,合庫-鳳山,2023-07-11,1029
00632R,元大台灣50反1,25,0,25,合庫-鳳山,2023-07-11,1029
2073,雄順,25,0,25,合庫-鳳山,2023-07-11,1029
5905,南仁湖,25,0,25,合庫-鳳山,2023-07-11,1029
0056,元大高股息,78,55,23,合庫-鳳山,2023-07-11,1029
2329,華泰,46,23,23,合庫-鳳山,2023-07-11,1029
2883,凱基金,21,0,21,合庫-鳳山,2023-07-11,1029
2605,新興,20,0,20,合庫-鳳山,2023-07-11,1029
3706,神達,20,3,17,合庫-鳳山,2023-07-11,1029
6182,合晶,18,1,17,合庫-鳳山,2023-07-11,1029
3305,昇貿,25,9,16,合庫-鳳山,2023-07-11,1029
2427,三商電,15,0,15,合庫-鳳山,2023-07-11,1029
00772B,中信高評級公司債,15,1,14,合庫-鳳山,2023-07-11,1029
2609,陽明,81,69,12,合庫-鳳山,2023-07-11,1029
00929,復華台灣科技優息,12,0,12,合庫-鳳山,2023-07-11,1029
1503,士電,16,4,12,合庫-鳳山,2023-07-11,1029
2034,允強,12,0,12,合庫-鳳山,2023-07-11,1029
8033,雷虎,14,2,12,合庫-鳳山,2023-07-11,1029
00885,富邦越南,11,0,11,合庫-鳳山,2023-07-11,1029
2820,華票,11,0,11,合庫-鳳山,2023-07-11,1029
1714,和桐,10,0,10,合庫-鳳山,2023-07-11,1029
2399,映泰,10,0,10,合庫-鳳山,2023-07-11,1029
2495,普安,10,0,10,合庫-鳳山,2023-07-11,1029
3090,日電貿,10,0,10,合庫-鳳山,2023-07-11,1029
3535,晶彩科,10,0,10,合庫-鳳山,2023-07-11,1029
3689,湧德,10,0,10,合庫-鳳山,2023-07-11,1029
4739,康普,10,0,10,合庫-鳳山,2023-07-11,1029
1103,嘉泥,9,0,9,合庫-鳳山,2023-07-11,1029
6547,高端疫苗,9,0,9,合庫-鳳山,2023-07-11,1029
2402,毅嘉,11,3,8,合庫-鳳山,2023-07-11,1029
6290,良維,8,0,8,合庫-鳳山,2023-07-11,1029
8488,吉源-KY,8,0,8,合庫-鳳山,2023-07-11,1029
6188,廣明,16,8,8,合庫-鳳山,2023-07-11,1029
2603,長榮,13,6,7,合庫-鳳山,2023-07-11,1029
1101,台泥,12,5,7,合庫-鳳山,2023-07-11,1029
1605,華新,7,0,7,合庫-鳳山,2023-07-11,1029
2032,新鋼,7,0,7,合庫-鳳山,2023-07-11,1029
2371,大同,14,7,7,合庫-鳳山,2023-07-11,1029
6138,茂達,7,0,7,合庫-鳳山,2023-07-11,1029
6288,聯嘉,11,4,7,合庫-鳳山,2023-07-11,1029
00632R,元大台灣50反1,2001,150,1851,合庫-鳳山,2023-07-12,1029
2892,第一金,1001,2,999,合庫-鳳山,2023-07-12,1029
4960,誠美材,448,0,448,合庫-鳳山,2023-07-12,1029
00882,中信中國高股息,172,0,172,合庫-鳳山,2023-07-12,1029
3481,群創,162,12,150,合庫-鳳山,2023-07-12,1029
1303,南亞,106,0,106,合庫-鳳山,2023-07-12,1029
00929,復華台灣科技優息,95,11,84,合庫-鳳山,2023-07-12,1029
2609,陽明,123,48,75,合庫-鳳山,2023-07-12,1029
6235,華孚,66,4,62,合庫-鳳山,2023-07-12,1029
3188,鑫龍騰,60,0,60,合庫-鳳山,2023-07-12,1029
00927,群益半導體收益,53,0,53,合庫-鳳山,2023-07-12,1029
0056,元大高股息,89,40,49,合庫-鳳山,2023-07-12,1029
2032,新鋼,45,0,45,合庫-鳳山,2023-07-12,1029
00671R,富邦NASDAQ反1,40,0,40,合庫-鳳山,2023-07-12,1029
5905,南仁湖,40,0,40,合庫-鳳山,2023-07-12,1029
2641,正德,39,0,39,合庫-鳳山,2023-07-12,1029
6191,精成科,44,6,38,合庫-鳳山,2023-07-12,1029
6782,視陽,38,0,38,合庫-鳳山,2023-07-12,1029
2481,強茂,93,61,32,合庫-鳳山,2023-07-12,1029
3234,光環,25,0,25,合庫-鳳山,2023-07-12,1029
3037,欣興,27,3,24,合庫-鳳山,2023-07-12,1029
00772B,中信高評級公司債,22,1,21,合庫-鳳山,2023-07-12,1029
00673R,期元大S＆P原油反1,39,18,21,合庫-鳳山,2023-07-12,1029
2820,華票,20,0,20,合庫-鳳山,2023-07-12,1029
8071,能率網通,20,0,20,合庫-鳳山,2023-07-12,1029
2303,聯電,26,6,20,合庫-鳳山,2023-07-12,1029
4552,力達-KY,19,0,19,合庫-鳳山,2023-07-12,1029
6285,啟��,24,5,19,合庫-鳳山,2023-07-12,1029
2419,仲琦,22,4,18,合庫-鳳山,2023-07-12,1029
2323,中環,27,9,18,合庫-鳳山,2023-07-12,1029
2385,群光,15,0,15,合庫-鳳山,2023-07-12,1029
5439,高技,19,4,15,合庫-鳳山,2023-07-12,1029
6282,康舒,22,7,15,合庫-鳳山,2023-07-12,1029
6415,矽力*-KY,17,3,14,合庫-鳳山,2023-07-12,1029
1609,大亞,62,48,14,合庫-鳳山,2023-07-12,1029
2489,瑞軒,14,0,14,合庫-鳳山,2023-07-12,1029
6770,力積電,13,0,13,合庫-鳳山,2023-07-12,1029
6548,長科*,13,0,13,合庫-鳳山,2023-07-12,1029
5465,富驊,17,4,13,合庫-鳳山,2023-07-12,1029
2486,一詮,16,3,13,合庫-鳳山,2023-07-12,1029
2308,台達電,13,1,12,合庫-鳳山,2023-07-12,1029
4533,協易機,12,0,12,合庫-鳳山,2023-07-12,1029
5608,四維航,12,0,12,合庫-鳳山,2023-07-12,1029
6218,豪勉,18,6,12,合庫-鳳山,2023-07-12,1029
3035,智原,14,2,12,合庫-鳳山,2023-07-12,1029
2834,臺企銀,33,22,11,合庫-鳳山,2023-07-12,1029
2038,海光,11,0,11,合庫-鳳山,2023-07-12,1029
2637,慧洋-KY,11,0,11,合庫-鳳山,2023-07-12,1029
9929,秋雨,33,22,11,合庫-鳳山,2023-07-12,1029
4414,如興,13,3,10,合庫-鳳山,2023-07-12,1029
2892,第一金,1000,15,985,合庫-鳳山,2023-07-13,1029
4960,誠美材,347,0,347,合庫-鳳山,2023-07-13,1029
3188,鑫龍騰,94,0,94,合庫-鳳山,2023-07-13,1029
4938,和碩,91,1,90,合庫-鳳山,2023-07-13,1029
2338,光罩,155,84,71,合庫-鳳山,2023-07-13,1029
2618,長榮航,188,121,67,合庫-鳳山,2023-07-13,1029
6782,視陽,60,0,60,合庫-鳳山,2023-07-13,1029
2883,凱基金,70,12,58,合庫-鳳山,2023-07-13,1029
00929,復華台灣科技優息,64,11,53,合庫-鳳山,2023-07-13,1029
5905,南仁湖,49,0,49,合庫-鳳山,2023-07-13,1029
2385,群光,45,0,45,合庫-鳳山,2023-07-13,1029
2609,陽明,121,80,41,合庫-鳳山,2023-07-13,1029
2303,聯電,44,3,41,合庫-鳳山,2023-07-13,1029
1711,永光,37,0,37,合庫-鳳山,2023-07-13,1029
2637,慧洋-KY,36,0,36,合庫-鳳山,2023-07-13,1029
8936,國統,36,0,36,合庫-鳳山,2023-07-13,1029
8210,勤誠,42,7,35,合庫-鳳山,2023-07-13,1029
6282,康舒,47,13,34,合庫-鳳山,2023-07-13,1029
1609,大亞,69,35,34,合庫-鳳山,2023-07-13,1029
2323,中環,54,20,34,合庫-鳳山,2023-07-13,1029
2820,華票,30,0,30,合庫-鳳山,2023-07-13,1029
4536,拓凱,28,0,28,合庫-鳳山,2023-07-13,1029
2610,華航,36,9,27,合庫-鳳山,2023-07-13,1029
4533,協易機,32,10,22,合庫-鳳山,2023-07-13,1029
5009,榮剛,21,0,21,合庫-鳳山,2023-07-13,1029
2889,國票金,52,31,21,合庫-鳳山,2023-07-13,1029
00671R,富邦NASDAQ反1,20,0,20,合庫-鳳山,2023-07-13,1029
2834,臺企銀,20,0,20,合庫-鳳山,2023-07-13,1029
1905,華紙,18,0,18,合庫-鳳山,2023-07-13,1029
3022,威強電,18,0,18,合庫-鳳山,2023-07-13,1029
2352,佳世達,29,13,16,合庫-鳳山,2023-07-13,1029
6239,力成,16,0,16,合庫-鳳山,2023-07-13,1029
2431,聯昌,15,0,15,合庫-鳳山,2023-07-13,1029
6213,聯茂,15,0,15,合庫-鳳山,2023-07-13,1029
2492,華新科,16,2,14,合庫-鳳山,2023-07-13,1029
1314,中石化,13,0,13,合庫-鳳山,2023-07-13,1029
2324,仁寶,36,23,13,合庫-鳳山,2023-07-13,1029
6120,達運,44,32,12,合庫-鳳山,2023-07-13,1029
1304,台聚,11,0,11,合庫-鳳山,2023-07-13,1029
6747,亨泰光,11,0,11,合庫-鳳山,2023-07-13,1029
1605,華新,15,4,11,合庫-鳳山,2023-07-13,1029
2801,彰銀,10,0,10,合庫-鳳山,2023-07-13,1029
3596,智易,10,0,10,合庫-鳳山,2023-07-13,1029
4417,金洲,10,0,10,合庫-鳳山,2023-07-13,1029
00915,凱基優選高股息30,10,0,10,合庫-鳳山,2023-07-13,1029
1513,中興電,14,4,10,合庫-鳳山,2023-07-13,1029
2028,威致,10,0,10,合庫-鳳山,2023-07-13,1029
8938,明安,10,0,10,合庫-鳳山,2023-07-13,1029
2497,怡利電,9,0,9,合庫-鳳山,2023-07-13,1029
3515,華擎,13,4,9,合庫-鳳山,2023-07-13,1029
3481,群創,363,24,339,合庫-鳳山,2023-07-14,1029
4114,健喬,180,1,179,合庫-鳳山,2023-07-14,1029
2906,高林,97,0,97,合庫-鳳山,2023-07-14,1029
2409,友達,100,6,94,合庫-鳳山,2023-07-14,1029
3022,威強電,94,10,84,合庫-鳳山,2023-07-14,1029
6026,福邦證,75,0,75,合庫-鳳山,2023-07-14,1029
2338,光罩,192,133,59,合庫-鳳山,2023-07-14,1029
8436,大江,58,0,58,合庫-鳳山,2023-07-14,1029
2610,華航,136,82,54,合庫-鳳山,2023-07-14,1029
2855,統一證,50,1,49,合庫-鳳山,2023-07-14,1029
2371,大同,60,17,43,合庫-鳳山,2023-07-14,1029
3188,鑫龍騰,43,0,43,合庫-鳳山,2023-07-14,1029
00673R,期元大S＆P原油反1,71,30,41,合庫-鳳山,2023-07-14,1029
2382,廣達,55,23,32,合庫-鳳山,2023-07-14,1029
3264,欣銓,32,1,31,合庫-鳳山,2023-07-14,1029
2009,第一銅,30,1,29,合庫-鳳山,2023-07-14,1029
2609,陽明,65,44,21,合庫-鳳山,2023-07-14,1029
6235,華孚,30,9,21,合庫-鳳山,2023-07-14,1029
1522,堤維西,20,0,20,合庫-鳳山,2023-07-14,1029
2301,光寶科,149,129,20,合庫-鳳山,2023-07-14,1029
2880,華南金,20,0,20,合庫-鳳山,2023-07-14,1029
2882,國泰金,20,0,20,合庫-鳳山,2023-07-14,1029
3045,台灣大,20,0,20,合庫-鳳山,2023-07-14,1029
5905,南仁湖,20,0,20,合庫-鳳山,2023-07-14,1029
5706,鳳凰,21,2,19,合庫-鳳山,2023-07-14,1029
6443,元晶,21,2,19,合庫-鳳山,2023-07-14,1029
4967,十銓,18,0,18,合庫-鳳山,2023-07-14,1029
2329,華泰,37,22,15,合庫-鳳山,2023-07-14,1029
2385,群光,15,0,15,合庫-鳳山,2023-07-14,1029
00929,復華台灣科技優息,20,6,14,合庫-鳳山,2023-07-14,1029
00930,永豐ESG低碳高息,16,2,14,合庫-鳳山,2023-07-14,1029
00885,富邦越南,13,0,13,合庫-鳳山,2023-07-14,1029
6288,聯嘉,14,1,13,合庫-鳳山,2023-07-14,1029
1101,台泥,21,8,13,合庫-鳳山,2023-07-14,1029
1506,正道,12,0,12,合庫-鳳山,2023-07-14,1029
3231,緯創,27,15,12,合庫-鳳山,2023-07-14,1029
2630,亞航,11,0,11,合庫-鳳山,2023-07-14,1029
00687B,國泰20年美債,10,0,10,合庫-鳳山,2023-07-14,1029
1540,喬福,10,0,10,合庫-鳳山,2023-07-14,1029
1711,永光,20,10,10,合庫-鳳山,2023-07-14,1029
2399,映泰,12,2,10,合庫-鳳山,2023-07-14,1029
2534,宏盛,10,0,10,合庫-鳳山,2023-07-14,1029
3287,廣寰科,15,5,10,合庫-鳳山,2023-07-14,1029
3346,麗清,10,0,10,合庫-鳳山,2023-07-14,1029
4414,如興,10,0,10,合庫-鳳山,2023-07-14,1029
8358,金居,13,3,10,合庫-鳳山,2023-07-14,1029
3617,碩天,10,1,9,合庫-鳳山,2023-07-14,1029
3006,晶豪科,10,1,9,合庫-鳳山,2023-07-14,1029
3265,台星科,12,3,9,合庫-鳳山,2023-07-14,1029
4162,智擎,10,1,9,合庫-鳳山,2023-07-14,1029
4960,誠美材,321,0,321,合庫-鳳山,2023-07-17,1029
00632R,元大台灣50反1,230,30,200,合庫-鳳山,2023-07-17,1029
3481,群創,243,72,171,合庫-鳳山,2023-07-17,1029
8215,明基材,188,57,131,合庫-鳳山,2023-07-17,1029
2906,高林,116,0,116,合庫-鳳山,2023-07-17,1029
6235,華孚,81,0,81,合庫-鳳山,2023-07-17,1029
00673R,期元大S＆P原油反1,70,20,50,合庫-鳳山,2023-07-17,1029
2371,大同,80,30,50,合庫-鳳山,2023-07-17,1029
6207,雷科,45,0,45,合庫-鳳山,2023-07-17,1029
2618,長榮航,107,69,38,合庫-鳳山,2023-07-17,1029
2312,金寶,52,15,37,合庫-鳳山,2023-07-17,1029
8289,泰藝,37,0,37,合庫-鳳山,2023-07-17,1029
5905,南仁湖,35,0,35,合庫-鳳山,2023-07-17,1029
2347,聯強,30,0,30,合庫-鳳山,2023-07-17,1029
2356,英業達,59,30,29,合庫-鳳山,2023-07-17,1029
2301,光寶科,50,22,28,合庫-鳳山,2023-07-17,1029
3231,緯創,27,2,25,合庫-鳳山,2023-07-17,1029
00772B,中信高評級公司債,22,0,22,合庫-鳳山,2023-07-17,1029
4123,晟德,21,0,21,合庫-鳳山,2023-07-17,1029
2812,台中銀,21,0,21,合庫-鳳山,2023-07-17,1029
00882,中信中國高股息,20,0,20,合庫-鳳山,2023-07-17,1029
2606,裕民,35,15,20,合庫-鳳山,2023-07-17,1029
3037,欣興,20,0,20,合庫-鳳山,2023-07-17,1029
1905,華紙,35,17,18,合庫-鳳山,2023-07-17,1029
3380,明泰,22,5,17,合庫-鳳山,2023-07-17,1029
5009,榮剛,19,2,17,合庫-鳳山,2023-07-17,1029
1711,永光,21,5,16,合庫-鳳山,2023-07-17,1029
6015,宏遠證,20,4,16,合庫-鳳山,2023-07-17,1029
8038,長園科,16,0,16,合庫-鳳山,2023-07-17,1029
00929,復華台灣科技優息,28,13,15,合庫-鳳山,2023-07-17,1029
2338,光罩,206,191,15,合庫-鳳山,2023-07-17,1029
4552,力達-KY,15,0,15,合庫-鳳山,2023-07-17,1029
6416,瑞祺電通,15,0,15,合庫-鳳山,2023-07-17,1029
2368,金像電,15,0,15,合庫-鳳山,2023-07-17,1029
2610,華航,18,4,14,合庫-鳳山,2023-07-17,1029
2485,兆赫,13,0,13,合庫-鳳山,2023-07-17,1029
3003,健和興,17,4,13,合庫-鳳山,2023-07-17,1029
5302,太欣,13,0,13,合庫-鳳山,2023-07-17,1029
2382,廣達,28,16,12,合庫-鳳山,2023-07-17,1029
2354,鴻準,12,0,12,合庫-鳳山,2023-07-17,1029
2425,承啟,13,1,12,合庫-鳳山,2023-07-17,1029
6173,信昌電,15,3,12,合庫-鳳山,2023-07-17,1029
2449,京元電子,19,8,11,合庫-鳳山,2023-07-17,1029
00720B,元大投資級公司債,11,0,11,合庫-鳳山,2023-07-17,1029
1471,首利,17,6,11,合庫-鳳山,2023-07-17,1029
2481,強茂,14,3,11,合庫-鳳山,2023-07-17,1029
8109,博大,11,0,11,合庫-鳳山,2023-07-17,1029
00679B,元大美債20年,10,0,10,合庫-鳳山,2023-07-17,1029
00905,FT臺灣Smart,10,0,10,合庫-鳳山,2023-07-17,1029
00782B,國泰A級公用債,10,0,10,合庫-鳳山,2023-07-17,1029
3052,夆典,240,0,240,合庫-鳳山,2023-07-18,1029
2312,金寶,241,99,142,合庫-鳳山,2023-07-18,1029
3706,神達,188,62,126,合庫-鳳山,2023-07-18,1029
1609,大亞,137,12,125,合庫-鳳山,2023-07-18,1029
3022,威強電,171,49,122,合庫-鳳山,2023-07-18,1029
2356,英業達,170,55,115,合庫-鳳山,2023-07-18,1029
3188,鑫龍騰,108,0,108,合庫-鳳山,2023-07-18,1029
2363,矽統,104,1,103,合庫-鳳山,2023-07-18,1029
00878,國泰永續高股息,138,43,95,合庫-鳳山,2023-07-18,1029
2449,京元電子,124,37,87,合庫-鳳山,2023-07-18,1029
00929,復華台灣科技優息,97,16,81,合庫-鳳山,2023-07-18,1029
2352,佳世達,78,17,61,合庫-鳳山,2023-07-18,1029
2324,仁寶,90,33,57,合庫-鳳山,2023-07-18,1029
00882,中信中國高股息,98,44,54,合庫-鳳山,2023-07-18,1029
3481,群創,107,57,50,合庫-鳳山,2023-07-18,1029
6288,聯嘉,53,5,48,合庫-鳳山,2023-07-18,1029
1514,亞力,50,4,46,合庫-鳳山,2023-07-18,1029
1440,南紡,40,0,40,合庫-鳳山,2023-07-18,1029
6282,康舒,59,26,33,合庫-鳳山,2023-07-18,1029
4915,致伸,32,0,32,合庫-鳳山,2023-07-18,1029
2317,鴻海,51,20,31,合庫-鳳山,2023-07-18,1029
1513,中興電,72,41,31,合庫-鳳山,2023-07-18,1029
2906,高林,31,0,31,合庫-鳳山,2023-07-18,1029
3483,力致,49,19,30,合庫-鳳山,2023-07-18,1029
8289,泰藝,26,0,26,合庫-鳳山,2023-07-18,1029
3062,建漢,24,0,24,合庫-鳳山,2023-07-18,1029
3591,艾笛森,21,0,21,合庫-鳳山,2023-07-18,1029
00892,富邦台灣半導體,20,0,20,合庫-鳳山,2023-07-18,1029
2399,映泰,29,9,20,合庫-鳳山,2023-07-18,1029
3018,隆銘綠能,20,0,20,合庫-鳳山,2023-07-18,1029
3264,欣銓,22,2,20,合庫-鳳山,2023-07-18,1029
3710,連展投控,20,0,20,合庫-鳳山,2023-07-18,1029
8936,國統,32,13,19,合庫-鳳山,2023-07-18,1029
6191,精成科,20,1,19,合庫-鳳山,2023-07-18,1029
8028,昇陽半導體,20,1,19,合庫-鳳山,2023-07-18,1029
8234,新漢,20,1,19,合庫-鳳山,2023-07-18,1029
00900,富邦特選高股息30,256,238,18,合庫-鳳山,2023-07-18,1029
2882,國泰金,23,5,18,合庫-鳳山,2023-07-18,1029
2485,兆赫,17,0,17,合庫-鳳山,2023-07-18,1029
1321,大洋,16,0,16,合庫-鳳山,2023-07-18,1029
2329,華泰,66,50,16,合庫-鳳山,2023-07-18,1029
4414,如興,16,0,16,合庫-鳳山,2023-07-18,1029
2603,長榮,39,23,16,合庫-鳳山,2023-07-18,1029
1504,東元,20,5,15,合庫-鳳山,2023-07-18,1029
2883,凱基金,25,10,15,合庫-鳳山,2023-07-18,1029
8284,三竹,15,0,15,合庫-鳳山,2023-07-18,1029
1711,永光,27,14,13,合庫-鳳山,2023-07-18,1029
2409,友達,23,10,13,合庫-鳳山,2023-07-18,1029
3051,力特,13,0,13,合庫-鳳山,2023-07-18,1029
3232,昱捷,13,0,13,合庫-鳳山,2023-07-18,1029
2884,玉山金,1004,1,1003,合庫-鳳山,2023-07-19,1029
00632R,元大台灣50反1,200,0,200,合庫-鳳山,2023-07-19,1029
00929,復華台灣科技優息,98,0,98,合庫-鳳山,2023-07-19,1029
1609,大亞,128,44,84,合庫-鳳山,2023-07-19,1029
1504,東元,80,3,77,合庫-鳳山,2023-07-19,1029
2324,仁寶,120,51,69,合庫-鳳山,2023-07-19,1029
2353,宏��,92,32,60,合庫-鳳山,2023-07-19,1029
6005,群益證,57,0,57,合庫-鳳山,2023-07-19,1029
2312,金寶,85,39,46,合庫-鳳山,2023-07-19,1029
1708,東鹼,56,13,43,合庫-鳳山,2023-07-19,1029
8436,大江,176,134,42,合庫-鳳山,2023-07-19,1029
1101,台泥,36,0,36,合庫-鳳山,2023-07-19,1029
2303,聯電,38,2,36,合庫-鳳山,2023-07-19,1029
1514,亞力,48,12,36,合庫-鳳山,2023-07-19,1029
1513,中興電,34,0,34,合庫-鳳山,2023-07-19,1029
2351,順德,31,0,31,合庫-鳳山,2023-07-19,1029
3188,鑫龍騰,30,0,30,合庫-鳳山,2023-07-19,1029
3037,欣興,49,20,29,合庫-鳳山,2023-07-19,1029
3305,昇貿,32,4,28,合庫-鳳山,2023-07-19,1029
8076,伍豐,29,1,28,合庫-鳳山,2023-07-19,1029
2317,鴻海,24,0,24,合庫-鳳山,2023-07-19,1029
2329,華泰,39,15,24,合庫-鳳山,2023-07-19,1029
3481,群創,56,33,23,合庫-鳳山,2023-07-19,1029
4207,環泰,22,0,22,合庫-鳳山,2023-07-19,1029
5258,虹堡,24,3,21,合庫-鳳山,2023-07-19,1029
4938,和碩,42,21,21,合庫-鳳山,2023-07-19,1029
00882,中信中國高股息,20,0,20,合庫-鳳山,2023-07-19,1029
8215,明基材,396,376,20,合庫-鳳山,2023-07-19,1029
6770,力積電,21,2,19,合庫-鳳山,2023-07-19,1029
2382,廣達,21,2,19,合庫-鳳山,2023-07-19,1029
1471,首利,20,2,18,合庫-鳳山,2023-07-19,1029
2485,兆赫,18,0,18,合庫-鳳山,2023-07-19,1029
3051,力特,18,0,18,合庫-鳳山,2023-07-19,1029
3380,明泰,17,0,17,合庫-鳳山,2023-07-19,1029
3055,蔚華科,15,0,15,合庫-鳳山,2023-07-19,1029
00712,復華富時不動產,20,6,14,合庫-鳳山,2023-07-19,1029
2812,台中銀,13,0,13,合庫-鳳山,2023-07-19,1029
2888,新光金,17,4,13,合庫-鳳山,2023-07-19,1029
5353,台林,13,0,13,合庫-鳳山,2023-07-19,1029
6191,精成科,14,1,13,合庫-鳳山,2023-07-19,1029
1584,精剛,14,2,12,合庫-鳳山,2023-07-19,1029
3189,景碩,18,6,12,合庫-鳳山,2023-07-19,1029
00881,國泰台灣5G+,10,0,10,合庫-鳳山,2023-07-19,1029
2457,飛宏,17,7,10,合庫-鳳山,2023-07-19,1029
1304,台聚,10,0,10,合庫-鳳山,2023-07-19,1029
1463,強盛新,10,0,10,合庫-鳳山,2023-07-19,1029
1618,合機,13,3,10,合庫-鳳山,2023-07-19,1029
1710,東聯,10,0,10,合庫-鳳山,2023-07-19,1029
2906,高林,10,0,10,合庫-鳳山,2023-07-19,1029
3622,洋華,10,0,10,合庫-鳳山,2023-07-19,1029
2801,彰銀,1000,1,999,合庫-鳳山,2023-07-20,1029
8215,明基材,177,11,166,合庫-鳳山,2023-07-20,1029
2303,聯電,82,0,82,合庫-鳳山,2023-07-20,1029
3188,鑫龍騰,75,0,75,合庫-鳳山,2023-07-20,1029
3481,群創,79,25,54,合庫-鳳山,2023-07-20,1029
6122,擎邦,51,0,51,合庫-鳳山,2023-07-20,1029
2301,光寶科,88,41,47,合庫-鳳山,2023-07-20,1029
6217,中探針,65,19,46,合庫-鳳山,2023-07-20,1029
4114,健喬,40,0,40,合庫-鳳山,2023-07-20,1029
3545,敦泰,39,0,39,合庫-鳳山,2023-07-20,1029
00929,復華台灣科技優息,30,0,30,合庫-鳳山,2023-07-20,1029
2032,新鋼,46,16,30,合庫-鳳山,2023-07-20,1029
3483,力致,28,1,27,合庫-鳳山,2023-07-20,1029
1513,中興電,25,0,25,合庫-鳳山,2023-07-20,1029
2352,佳世達,41,16,25,合庫-鳳山,2023-07-20,1029
4123,晟德,30,11,19,合庫-鳳山,2023-07-20,1029
2618,長榮航,32,15,17,合庫-鳳山,2023-07-20,1029
6285,啟��,16,0,16,合庫-鳳山,2023-07-20,1029
1301,台塑,15,0,15,合庫-鳳山,2023-07-20,1029
1463,強盛新,15,0,15,合庫-鳳山,2023-07-20,1029
2014,中鴻,30,15,15,合庫-鳳山,2023-07-20,1029
6531,愛普*,15,1,14,合庫-鳳山,2023-07-20,1029
6282,康舒,29,16,13,合庫-鳳山,2023-07-20,1029
8071,能率網通,13,0,13,合庫-鳳山,2023-07-20,1029
1529,樂事綠能,23,10,13,合庫-鳳山,2023-07-20,1029
3289,宜特,21,9,12,合庫-鳳山,2023-07-20,1029
4552,力達-KY,12,0,12,合庫-鳳山,2023-07-20,1029
5381,合正,11,0,11,合庫-鳳山,2023-07-20,1029
8227,巨有科技,11,0,11,合庫-鳳山,2023-07-20,1029
1795,美時,14,4,10,合庫-鳳山,2023-07-20,1029
00722B,群益投資級電信債,10,0,10,合庫-鳳山,2023-07-20,1029
1907,永豐餘,10,0,10,合庫-鳳山,2023-07-20,1029
2906,高林,10,0,10,合庫-鳳山,2023-07-20,1029
3710,連展投控,20,10,10,合庫-鳳山,2023-07-20,1029
4414,如興,10,0,10,合庫-鳳山,2023-07-20,1029
6147,頎邦,10,0,10,合庫-鳳山,2023-07-20,1029
6535,順藥,10,0,10,合庫-鳳山,2023-07-20,1029
00687B,國泰20年美債,10,1,9,合庫-鳳山,2023-07-20,1029
3011,今皓,12,3,9,合庫-鳳山,2023-07-20,1029
5706,鳳凰,10,1,9,合庫-鳳山,2023-07-20,1029
6191,精成科,10,1,9,合庫-鳳山,2023-07-20,1029
4977,眾達-KY,13,5,8,合庫-鳳山,2023-07-20,1029
8933,愛地雅,8,0,8,合庫-鳳山,2023-07-20,1029
2323,中環,7,0,7,合庫-鳳山,2023-07-20,1029
4967,十銓,7,0,7,合庫-鳳山,2023-07-20,1029
1101,台泥,7,1,6,合庫-鳳山,2023-07-20,1029
1503,士電,9,3,6,合庫-鳳山,2023-07-20,1029
2492,華新科,6,0,6,合庫-鳳山,2023-07-20,1029
2637,慧洋-KY,6,0,6,合庫-鳳山,2023-07-20,1029
5392,能率,11,5,6,合庫-鳳山,2023-07-20,1029
00665L,富邦�琤肭磪囓�2,499,0,499,合庫-鳳山,2023-07-21,1029
00753L,中信中國50正2,202,2,200,合庫-鳳山,2023-07-21,1029
00679B,元大美債20年,94,1,93,合庫-鳳山,2023-07-21,1029
1513,中興電,109,33,76,合庫-鳳山,2023-07-21,1029
00673R,期元大S＆P原油反1,62,0,62,合庫-鳳山,2023-07-21,1029
1444,力麗,60,0,60,合庫-鳳山,2023-07-21,1029
00642U,期元大S＆P石油,51,1,50,合庫-鳳山,2023-07-21,1029
2303,聯電,65,18,47,合庫-鳳山,2023-07-21,1029
2906,高林,45,0,45,合庫-鳳山,2023-07-21,1029
3058,立德,50,5,45,合庫-鳳山,2023-07-21,1029
2032,新鋼,45,2,43,合庫-鳳山,2023-07-21,1029
6122,擎邦,41,1,40,合庫-鳳山,2023-07-21,1029
5706,鳳凰,39,3,36,合庫-鳳山,2023-07-21,1029
00929,復華台灣科技優息,33,7,26,合庫-鳳山,2023-07-21,1029
1301,台塑,25,0,25,合庫-鳳山,2023-07-21,1029
1102,亞泥,21,0,21,合庫-鳳山,2023-07-21,1029
1101,台泥,23,2,21,合庫-鳳山,2023-07-21,1029
1609,大亞,70,51,19,合庫-鳳山,2023-07-21,1029
1708,東鹼,40,22,18,合庫-鳳山,2023-07-21,1029
6150,撼訊,24,6,18,合庫-鳳山,2023-07-21,1029
2330,台積電,21,3,18,合庫-鳳山,2023-07-21,1029
2603,長榮,20,4,16,合庫-鳳山,2023-07-21,1029
2736,富野,17,1,16,合庫-鳳山,2023-07-21,1029
6120,達運,17,1,16,合庫-鳳山,2023-07-21,1029
8028,昇陽半導體,15,0,15,合庫-鳳山,2023-07-21,1029
2834,臺企銀,18,3,15,合庫-鳳山,2023-07-21,1029
3682,亞太電,18,3,15,合庫-鳳山,2023-07-21,1029
2436,偉詮電,14,0,14,合庫-鳳山,2023-07-21,1029
2317,鴻海,14,1,13,合庫-鳳山,2023-07-21,1029
1314,中石化,14,1,13,合庫-鳳山,2023-07-21,1029
2312,金寶,17,4,13,合庫-鳳山,2023-07-21,1029
2301,光寶科,119,107,12,合庫-鳳山,2023-07-21,1029
2324,仁寶,23,11,12,合庫-鳳山,2023-07-21,1029
2883,凱基金,15,3,12,合庫-鳳山,2023-07-21,1029
6290,良維,13,1,12,合庫-鳳山,2023-07-21,1029
00895,富邦未來車,11,0,11,合庫-鳳山,2023-07-21,1029
2601,益航,11,0,11,合庫-鳳山,2023-07-21,1029
3706,神達,28,17,11,合庫-鳳山,2023-07-21,1029
4532,瑞智,14,3,11,合庫-鳳山,2023-07-21,1029
1229,聯華,10,0,10,合庫-鳳山,2023-07-21,1029
1463,強盛新,10,0,10,合庫-鳳山,2023-07-21,1029
1514,亞力,19,9,10,合庫-鳳山,2023-07-21,1029
1904,正隆,10,0,10,合庫-鳳山,2023-07-21,1029
2344,華邦電,45,35,10,合庫-鳳山,2023-07-21,1029
2399,映泰,10,0,10,合庫-鳳山,2023-07-21,1029
4536,拓凱,10,0,10,合庫-鳳山,2023-07-21,1029
6415,矽力*-KY,11,1,10,合庫-鳳山,2023-07-21,1029
2887,台新金,10,0,10,合庫-鳳山,2023-07-21,1029
2206,三陽工業,11,2,9,合庫-鳳山,2023-07-21,1029
3454,晶睿,10,1,9,合庫-鳳山,2023-07-21,1029
00671R,富邦NASDAQ反1,200,0,200,合庫-鳳山,2023-07-24,1029
00679B,元大美債20年,92,5,87,合庫-鳳山,2023-07-24,1029
00720B,元大投資級公司債,96,12,84,合庫-鳳山,2023-07-24,1029
00642U,期元大S＆P石油,72,0,72,合庫-鳳山,2023-07-24,1029
2356,英業達,115,44,71,合庫-鳳山,2023-07-24,1029
2419,仲琦,68,4,64,合庫-鳳山,2023-07-24,1029
1609,大亞,106,50,56,合庫-鳳山,2023-07-24,1029
2323,中環,51,0,51,合庫-鳳山,2023-07-24,1029
00929,復華台灣科技優息,82,32,50,合庫-鳳山,2023-07-24,1029
3188,鑫龍騰,47,0,47,合庫-鳳山,2023-07-24,1029
8215,明基材,112,78,34,合庫-鳳山,2023-07-24,1029
3483,力致,33,0,33,合庫-鳳山,2023-07-24,1029
2032,新鋼,30,0,30,合庫-鳳山,2023-07-24,1029
6257,矽格,30,0,30,合庫-鳳山,2023-07-24,1029
9105,泰金寶-DR,63,33,30,合庫-鳳山,2023-07-24,1029
2457,飛宏,28,1,27,合庫-鳳山,2023-07-24,1029
4967,十銓,27,0,27,合庫-鳳山,2023-07-24,1029
6449,鈺邦,28,2,26,合庫-鳳山,2023-07-24,1029
2603,長榮,24,2,22,合庫-鳳山,2023-07-24,1029
2801,彰銀,21,0,21,合庫-鳳山,2023-07-24,1029
00882,中信中國高股息,20,0,20,合庫-鳳山,2023-07-24,1029
2421,建準,39,19,20,合庫-鳳山,2023-07-24,1029
5905,南仁湖,20,0,20,合庫-鳳山,2023-07-24,1029
3013,晟銘電,48,29,19,合庫-鳳山,2023-07-24,1029
3051,力特,19,0,19,合庫-鳳山,2023-07-24,1029
8927,北基,19,0,19,合庫-鳳山,2023-07-24,1029
1605,華新,22,5,17,合庫-鳳山,2023-07-24,1029
2330,台積電,18,1,17,合庫-鳳山,2023-07-24,1029
1711,永光,16,0,16,合庫-鳳山,2023-07-24,1029
2890,永豐金,16,0,16,合庫-鳳山,2023-07-24,1029
2312,金寶,15,0,15,合庫-鳳山,2023-07-24,1029
2637,慧洋-KY,16,1,15,合庫-鳳山,2023-07-24,1029
3035,智原,24,10,14,合庫-鳳山,2023-07-24,1029
6125,廣運,24,10,14,合庫-鳳山,2023-07-24,1029
3037,欣興,22,8,14,合庫-鳳山,2023-07-24,1029
3234,光環,14,1,13,合庫-鳳山,2023-07-24,1029
6122,擎邦,14,1,13,合庫-鳳山,2023-07-24,1029
6285,啟��,14,1,13,合庫-鳳山,2023-07-24,1029
2609,陽明,25,13,12,合庫-鳳山,2023-07-24,1029
1603,華電,20,8,12,合庫-鳳山,2023-07-24,1029
2409,友達,12,0,12,合庫-鳳山,2023-07-24,1029
2882,國泰金,12,0,12,合庫-鳳山,2023-07-24,1029
3691,碩禾,12,0,12,合庫-鳳山,2023-07-24,1029
00919,群益台灣精選高息,21,10,11,合庫-鳳山,2023-07-24,1029
1752,南光,11,0,11,合庫-鳳山,2023-07-24,1029
1786,科妍,11,0,11,合庫-鳳山,2023-07-24,1029
2027,大成鋼,11,0,11,合庫-鳳山,2023-07-24,1029
2337,旺宏,11,0,11,合庫-鳳山,2023-07-24,1029
2606,裕民,11,0,11,合庫-鳳山,2023-07-24,1029
6218,豪勉,11,0,11,合庫-鳳山,2023-07-24,1029
2892,第一金,1100,3,1097,合庫-鳳山,2023-07-25,1029
00665L,富邦�琤肭磪囓�2,499,1,498,合庫-鳳山,2023-07-25,1029
3481,群創,224,9,215,合庫-鳳山,2023-07-25,1029
1513,中興電,176,41,135,合庫-鳳山,2023-07-25,1029
8215,明基材,218,93,125,合庫-鳳山,2023-07-25,1029
00679B,元大美債20年,99,0,99,合庫-鳳山,2023-07-25,1029
4960,誠美材,241,170,71,合庫-鳳山,2023-07-25,1029
00753L,中信中國50正2,65,1,64,合庫-鳳山,2023-07-25,1029
2887,台新金,55,3,52,合庫-鳳山,2023-07-25,1029
3055,蔚華科,61,16,45,合庫-鳳山,2023-07-25,1029
2855,統一證,45,2,43,合庫-鳳山,2023-07-25,1029
6196,帆宣,37,1,36,合庫-鳳山,2023-07-25,1029
00878,國泰永續高股息,155,121,34,合庫-鳳山,2023-07-25,1029
00830,國泰費城半導體,34,0,34,合庫-鳳山,2023-07-25,1029
6125,廣運,44,10,34,合庫-鳳山,2023-07-25,1029
2421,建準,38,8,30,合庫-鳳山,2023-07-25,1029
2382,廣達,91,63,28,合庫-鳳山,2023-07-25,1029
2027,大成鋼,28,2,26,合庫-鳳山,2023-07-25,1029
2354,鴻準,31,8,23,合庫-鳳山,2023-07-25,1029
2882,國泰金,22,1,21,合庫-鳳山,2023-07-25,1029
1326,台化,20,0,20,合庫-鳳山,2023-07-25,1029
3188,鑫龍騰,20,0,20,合庫-鳳山,2023-07-25,1029
6015,宏遠證,20,0,20,合庫-鳳山,2023-07-25,1029
9907,統一實,20,0,20,合庫-鳳山,2023-07-25,1029
6026,福邦證,20,2,18,合庫-鳳山,2023-07-25,1029
2301,光寶科,169,153,16,合庫-鳳山,2023-07-25,1029
2347,聯強,15,0,15,合庫-鳳山,2023-07-25,1029
3231,緯創,19,4,15,合庫-鳳山,2023-07-25,1029
2316,楠梓電,17,3,14,合庫-鳳山,2023-07-25,1029
00893,國泰智能電動車,13,0,13,合庫-鳳山,2023-07-25,1029
00885,富邦越南,16,3,13,合庫-鳳山,2023-07-25,1029
5234,達興材料,13,0,13,合庫-鳳山,2023-07-25,1029
2609,陽明,18,6,12,合庫-鳳山,2023-07-25,1029
3105,穩懋,12,0,12,合庫-鳳山,2023-07-25,1029
3232,昱捷,12,0,12,合庫-鳳山,2023-07-25,1029
5452,佶優,12,0,12,合庫-鳳山,2023-07-25,1029
6657,華安,16,4,12,合庫-鳳山,2023-07-25,1029
00929,復華台灣科技優息,61,50,11,合庫-鳳山,2023-07-25,1029
00720B,元大投資級公司債,11,0,11,合庫-鳳山,2023-07-25,1029
1314,中石化,11,0,11,合庫-鳳山,2023-07-25,1029
1707,葡萄王,18,7,11,合庫-鳳山,2023-07-25,1029
3701,大眾控,12,1,11,合庫-鳳山,2023-07-25,1029
4977,眾達-KY,11,0,11,合庫-鳳山,2023-07-25,1029
5457,宣德,12,1,11,合庫-鳳山,2023-07-25,1029
6271,同欣電,11,0,11,合庫-鳳山,2023-07-25,1029
00795B,中信美國公債20年,10,0,10,合庫-鳳山,2023-07-25,1029
1560,中砂,10,0,10,合庫-鳳山,2023-07-25,1029
2034,允強,10,0,10,合庫-鳳山,2023-07-25,1029
2427,三商電,10,0,10,合庫-鳳山,2023-07-25,1029
2820,華票,10,0,10,合庫-鳳山,2023-07-25,1029
2892,第一金,904,5,899,合庫-鳳山,2023-07-26,1029
3481,群創,273,89,184,合庫-鳳山,2023-07-26,1029
00679B,元大美債20年,110,0,110,合庫-鳳山,2023-07-26,1029
00929,復華台灣科技優息,82,0,82,合庫-鳳山,2023-07-26,1029
00878,國泰永續高股息,204,127,77,合庫-鳳山,2023-07-26,1029
6274,台燿,70,9,61,合庫-鳳山,2023-07-26,1029
6026,福邦證,50,6,44,合庫-鳳山,2023-07-26,1029
8215,明基材,292,252,40,合庫-鳳山,2023-07-26,1029
2329,華泰,89,50,39,合庫-鳳山,2023-07-26,1029
6449,鈺邦,33,0,33,合庫-鳳山,2023-07-26,1029
2888,新光金,63,34,29,合庫-鳳山,2023-07-26,1029
2474,可成,25,0,25,合庫-鳳山,2023-07-26,1029
00882,中信中國高股息,21,0,21,合庫-鳳山,2023-07-26,1029
9945,潤泰新,20,0,20,合庫-鳳山,2023-07-26,1029
00673R,期元大S＆P原油反1,30,10,20,合庫-鳳山,2023-07-26,1029
2801,彰銀,20,0,20,合庫-鳳山,2023-07-26,1029
5353,台林,20,0,20,合庫-鳳山,2023-07-26,1029
2402,毅嘉,23,4,19,合庫-鳳山,2023-07-26,1029
3059,華晶科,26,7,19,合庫-鳳山,2023-07-26,1029
1504,東元,40,22,18,合庫-鳳山,2023-07-26,1029
3188,鑫龍騰,18,0,18,合庫-鳳山,2023-07-26,1029
2382,廣達,68,52,16,合庫-鳳山,2023-07-26,1029
6841,長佳智能,17,1,16,合庫-鳳山,2023-07-26,1029
1783,和康生,15,0,15,合庫-鳳山,2023-07-26,1029
8234,新漢,16,1,15,合庫-鳳山,2023-07-26,1029
4414,如興,15,1,14,合庫-鳳山,2023-07-26,1029
5483,中美晶,14,1,13,合庫-鳳山,2023-07-26,1029
2337,旺宏,13,0,13,合庫-鳳山,2023-07-26,1029
2303,聯電,12,0,12,合庫-鳳山,2023-07-26,1029
00687B,國泰20年美債,12,0,12,合庫-鳳山,2023-07-26,1029
2453,凌群,12,0,12,合庫-鳳山,2023-07-26,1029
6589,台康生技,12,0,12,合庫-鳳山,2023-07-26,1029
00885,富邦越南,11,0,11,合庫-鳳山,2023-07-26,1029
3380,明泰,11,0,11,合庫-鳳山,2023-07-26,1029
3689,湧德,13,2,11,合庫-鳳山,2023-07-26,1029
2105,正新,10,0,10,合庫-鳳山,2023-07-26,1029
2317,鴻海,14,4,10,合庫-鳳山,2023-07-26,1029
2354,鴻準,12,2,10,合庫-鳳山,2023-07-26,1029
2419,仲琦,18,8,10,合庫-鳳山,2023-07-26,1029
2820,華票,10,0,10,合庫-鳳山,2023-07-26,1029
3032,偉訓,20,10,10,合庫-鳳山,2023-07-26,1029
4128,中天,10,0,10,合庫-鳳山,2023-07-26,1029
5234,達興材料,10,0,10,合庫-鳳山,2023-07-26,1029
6235,華孚,11,1,10,合庫-鳳山,2023-07-26,1029
4533,協易機,34,24,10,合庫-鳳山,2023-07-26,1029
2889,國票金,12,2,10,合庫-鳳山,2023-07-26,1029
00712,復華富時不動產,10,1,9,合庫-鳳山,2023-07-26,1029
6125,廣運,17,8,9,合庫-鳳山,2023-07-26,1029
6214,精誠,9,1,8,合庫-鳳山,2023-07-26,1029
1513,中興電,30,22,8,合庫-鳳山,2023-07-26,1029
2007,燁興,150,0,150,合庫-鳳山,2023-07-27,1029
3037,欣興,74,5,69,合庫-鳳山,2023-07-27,1029
6015,宏遠證,86,20,66,合庫-鳳山,2023-07-27,1029
00929,復華台灣科技優息,66,5,61,合庫-鳳山,2023-07-27,1029
8222,寶一,45,2,43,合庫-鳳山,2023-07-27,1029
00919,群益台灣精選高息,43,0,43,合庫-鳳山,2023-07-27,1029
00902,中信電池及儲能,40,0,40,合庫-鳳山,2023-07-27,1029
2023,燁輝,40,0,40,合庫-鳳山,2023-07-27,1029
2359,所羅門,47,8,39,合庫-鳳山,2023-07-27,1029
2801,彰銀,36,0,36,合庫-鳳山,2023-07-27,1029
1513,中興電,41,7,34,合庫-鳳山,2023-07-27,1029
2892,第一金,35,1,34,合庫-鳳山,2023-07-27,1029
2301,光寶科,85,55,30,合庫-鳳山,2023-07-27,1029
1710,東聯,30,0,30,合庫-鳳山,2023-07-27,1029
3188,鑫龍騰,30,0,30,合庫-鳳山,2023-07-27,1029
2887,台新金,30,1,29,合庫-鳳山,2023-07-27,1029
00679B,元大美債20年,29,0,29,合庫-鳳山,2023-07-27,1029
00713,元大台灣高息低波,30,1,29,合庫-鳳山,2023-07-27,1029
6405,悅城,28,0,28,合庫-鳳山,2023-07-27,1029
00632R,元大台灣50反1,20,0,20,合庫-鳳山,2023-07-27,1029
2029,盛餘,20,0,20,合庫-鳳山,2023-07-27,1029
8021,尖點,20,0,20,合庫-鳳山,2023-07-27,1029
8928,鉅明,20,0,20,合庫-鳳山,2023-07-27,1029
2002,中鋼,20,1,19,合庫-鳳山,2023-07-27,1029
2014,中鴻,25,6,19,合庫-鳳山,2023-07-27,1029
2371,大同,37,18,19,合庫-鳳山,2023-07-27,1029
6443,元晶,21,2,19,合庫-鳳山,2023-07-27,1029
6116,彩晶,22,4,18,合庫-鳳山,2023-07-27,1029
00712,復華富時不動產,32,15,17,合庫-鳳山,2023-07-27,1029
6218,豪勉,15,0,15,合庫-鳳山,2023-07-27,1029
4973,廣穎,15,0,15,合庫-鳳山,2023-07-27,1029
4123,晟德,21,7,14,合庫-鳳山,2023-07-27,1029
2382,廣達,49,36,13,合庫-鳳山,2023-07-27,1029
2884,玉山金,16,4,12,合庫-鳳山,2023-07-27,1029
1304,台聚,12,0,12,合庫-鳳山,2023-07-27,1029
2009,第一銅,13,1,12,合庫-鳳山,2023-07-27,1029
2405,輔信,18,6,12,合庫-鳳山,2023-07-27,1029
1815,富喬,24,12,12,合庫-鳳山,2023-07-27,1029
3706,神達,12,0,12,合庫-鳳山,2023-07-27,1029
00680L,元大美債20正2,11,0,11,合庫-鳳山,2023-07-27,1029
1218,泰山,10,0,10,合庫-鳳山,2023-07-27,1029
00830,國泰費城半導體,10,0,10,合庫-鳳山,2023-07-27,1029
1709,和益,10,0,10,合庫-鳳山,2023-07-27,1029
6753,龍德造船,10,0,10,合庫-鳳山,2023-07-27,1029
00924,復華S＆P500成長,9,0,9,合庫-鳳山,2023-07-27,1029
6290,良維,9,0,9,合庫-鳳山,2023-07-27,1029
8046,南電,9,0,9,合庫-鳳山,2023-07-27,1029
1785,光洋科,8,0,8,合庫-鳳山,2023-07-27,1029
2883,凱基金,10,2,8,合庫-鳳山,2023-07-27,1029
3049,精金,9,1,8,合庫-鳳山,2023-07-27,1029
00679B,元大美債20年,136,0,136,合庫-鳳山,2023-07-28,1029
2323,中環,103,9,94,合庫-鳳山,2023-07-28,1029
2027,大成鋼,80,5,75,合庫-鳳山,2023-07-28,1029
2002,中鋼,69,0,69,合庫-鳳山,2023-07-28,1029
2338,光罩,213,145,68,合庫-鳳山,2023-07-28,1029
2888,新光金,56,3,53,合庫-鳳山,2023-07-28,1029
00929,復華台灣科技優息,53,6,47,合庫-鳳山,2023-07-28,1029
1905,華紙,112,72,40,合庫-鳳山,2023-07-28,1029
00687B,國泰20年美債,39,0,39,合庫-鳳山,2023-07-28,1029
00632R,元大台灣50反1,33,0,33,合庫-鳳山,2023-07-28,1029
6015,宏遠證,33,0,33,合庫-鳳山,2023-07-28,1029
2883,凱基金,29,0,29,合庫-鳳山,2023-07-28,1029
5608,四維航,31,2,29,合庫-鳳山,2023-07-28,1029
00680L,元大美債20正2,27,0,27,合庫-鳳山,2023-07-28,1029
00919,群益台灣精選高息,27,3,24,合庫-鳳山,2023-07-28,1029
00712,復華富時不動產,25,2,23,合庫-鳳山,2023-07-28,1029
3231,緯創,76,54,22,合庫-鳳山,2023-07-28,1029
00753L,中信中國50正2,22,0,22,合庫-鳳山,2023-07-28,1029
2618,長榮航,40,18,22,合庫-鳳山,2023-07-28,1029
2007,燁興,20,0,20,合庫-鳳山,2023-07-28,1029
6535,順藥,50,31,19,合庫-鳳山,2023-07-28,1029
5706,鳳凰,20,3,17,合庫-鳳山,2023-07-28,1029
6405,悅城,17,0,17,合庫-鳳山,2023-07-28,1029
6116,彩晶,15,0,15,合庫-鳳山,2023-07-28,1029
6190,萬泰科,18,3,15,合庫-鳳山,2023-07-28,1029
2887,台新金,15,0,15,合庫-鳳山,2023-07-28,1029
3037,欣興,27,13,14,合庫-鳳山,2023-07-28,1029
6147,頎邦,15,1,14,合庫-鳳山,2023-07-28,1029
2009,第一銅,13,0,13,合庫-鳳山,2023-07-28,1029
2610,華航,14,1,13,合庫-鳳山,2023-07-28,1029
1609,大亞,60,47,13,合庫-鳳山,2023-07-28,1029
00893,國泰智能電動車,12,0,12,合庫-鳳山,2023-07-28,1029
2449,京元電子,19,7,12,合庫-鳳山,2023-07-28,1029
6188,廣明,22,11,11,合庫-鳳山,2023-07-28,1029
00751B,元大AAA至A公司債,11,0,11,合庫-鳳山,2023-07-28,1029
2801,彰銀,11,0,11,合庫-鳳山,2023-07-28,1029
3346,麗清,10,0,10,合庫-鳳山,2023-07-28,1029
6782,視陽,10,0,10,合庫-鳳山,2023-07-28,1029
2031,新光鋼,9,0,9,合庫-鳳山,2023-07-28,1029
2344,華邦電,18,9,9,合庫-鳳山,2023-07-28,1029
4961,天鈺,11,3,8,合庫-鳳山,2023-07-28,1029
00902,中信電池及儲能,10,2,8,合庫-鳳山,2023-07-28,1029
00882,中信中國高股息,10,2,8,合庫-鳳山,2023-07-28,1029
00795B,中信美國公債20年,8,0,8,合庫-鳳山,2023-07-28,1029
1314,中石化,8,0,8,合庫-鳳山,2023-07-28,1029
1711,永光,8,0,8,合庫-鳳山,2023-07-28,1029
3003,健和興,8,0,8,合庫-鳳山,2023-07-28,1029
6016,康和證,8,0,8,合庫-鳳山,2023-07-28,1029
6761,穩得,8,0,8,合庫-鳳山,2023-07-28,1029
8048,德勝,10,2,8,合庫-鳳山,2023-07-28,1029
00900,富邦特選高股息30,177,6,171,合庫-鳳山,2023-07-31,1029
00929,復華台灣科技優息,124,15,109,合庫-鳳山,2023-07-31,1029
00878,國泰永續高股息,156,80,76,合庫-鳳山,2023-07-31,1029
8215,明基材,177,122,55,合庫-鳳山,2023-07-31,1029
2002,中鋼,56,2,54,合庫-鳳山,2023-07-31,1029
2887,台新金,50,0,50,合庫-鳳山,2023-07-31,1029
8150,南茂,50,0,50,合庫-鳳山,2023-07-31,1029
2603,長榮,50,2,48,合庫-鳳山,2023-07-31,1029
2891,中信金,38,0,38,合庫-鳳山,2023-07-31,1029
2301,光寶科,74,38,36,合庫-鳳山,2023-07-31,1029
3037,欣興,40,5,35,合庫-鳳山,2023-07-31,1029
2615,萬海,34,0,34,合庫-鳳山,2023-07-31,1029
2303,聯電,37,5,32,合庫-鳳山,2023-07-31,1029
2618,長榮航,40,9,31,合庫-鳳山,2023-07-31,1029
2382,廣達,48,17,31,合庫-鳳山,2023-07-31,1029
2884,玉山金,30,2,28,合庫-鳳山,2023-07-31,1029
8050,廣積,39,12,27,合庫-鳳山,2023-07-31,1029
6015,宏遠證,30,3,27,合庫-鳳山,2023-07-31,1029
1101,台泥,28,1,27,合庫-鳳山,2023-07-31,1029
4967,十銓,26,1,25,合庫-鳳山,2023-07-31,1029
6125,廣運,46,22,24,合庫-鳳山,2023-07-31,1029
00673R,期元大S＆P原油反1,35,13,22,合庫-鳳山,2023-07-31,1029
2402,毅嘉,24,2,22,合庫-鳳山,2023-07-31,1029
3481,群創,37,16,21,合庫-鳳山,2023-07-31,1029
00632R,元大台灣50反1,21,0,21,合庫-鳳山,2023-07-31,1029
2337,旺宏,22,1,21,合庫-鳳山,2023-07-31,1029
2606,裕民,21,0,21,合庫-鳳山,2023-07-31,1029
2409,友達,75,54,21,合庫-鳳山,2023-07-31,1029
6026,福邦證,20,0,20,合庫-鳳山,2023-07-31,1029
00637L,元大滬深300正2,19,0,19,合庫-鳳山,2023-07-31,1029
3231,緯創,147,129,18,合庫-鳳山,2023-07-31,1029
00679B,元大美債20年,17,0,17,合庫-鳳山,2023-07-31,1029
2637,慧洋-KY,16,0,16,合庫-鳳山,2023-07-31,1029
5243,乙盛-KY,15,0,15,合庫-鳳山,2023-07-31,1029
6188,廣明,26,12,14,合庫-鳳山,2023-07-31,1029
00919,群益台灣精選高息,17,4,13,合庫-鳳山,2023-07-31,1029
1784,訊聯,14,1,13,合庫-鳳山,2023-07-31,1029
00930,永豐ESG低碳高息,12,1,11,合庫-鳳山,2023-07-31,1029
6182,合晶,11,0,11,合庫-鳳山,2023-07-31,1029
6405,悅城,11,0,11,合庫-鳳山,2023-07-31,1029
00773B,中信優先金融債,10,0,10,合庫-鳳山,2023-07-31,1029
1522,堤維西,10,0,10,合庫-鳳山,2023-07-31,1029
2023,燁輝,10,0,10,合庫-鳳山,2023-07-31,1029
2323,中環,14,4,10,合庫-鳳山,2023-07-31,1029
2851,中再保,15,5,10,合庫-鳳山,2023-07-31,1029
3057,喬鼎,10,0,10,合庫-鳳山,2023-07-31,1029
3479,安勤,10,0,10,合庫-鳳山,2023-07-31,1029
2317,鴻海,13,4,9,合庫-鳳山,2023-07-31,1029
2610,華航,20,11,9,合庫-鳳山,2023-07-31,1029
8284,三竹,9,0,9,合庫-鳳山,2023-07-31,1029
2880,華南金,500,5,495,合庫-鳳山,2023-08-01,1029
00665L,富邦�琤肭磪囓�2,202,0,202,合庫-鳳山,2023-08-01,1029
2618,長榮航,198,49,149,合庫-鳳山,2023-08-01,1029
00929,復華台灣科技優息,144,0,144,合庫-鳳山,2023-08-01,1029
3419,譁裕,101,0,101,合庫-鳳山,2023-08-01,1029
00753L,中信中國50正2,100,10,90,合庫-鳳山,2023-08-01,1029
00632R,元大台灣50反1,90,0,90,合庫-鳳山,2023-08-01,1029
2323,中環,95,6,89,合庫-鳳山,2023-08-01,1029
1513,中興電,88,2,86,合庫-鳳山,2023-08-01,1029
00680L,元大美債20正2,52,0,52,合庫-鳳山,2023-08-01,1029
6274,台燿,60,9,51,合庫-鳳山,2023-08-01,1029
2344,華邦電,58,8,50,合庫-鳳山,2023-08-01,1029
3483,力致,33,2,31,合庫-鳳山,2023-08-01,1029
1714,和桐,30,1,29,合庫-鳳山,2023-08-01,1029
3105,穩懋,28,0,28,合庫-鳳山,2023-08-01,1029
3479,安勤,26,0,26,合庫-鳳山,2023-08-01,1029
4960,誠美材,23,0,23,合庫-鳳山,2023-08-01,1029
3325,旭品,49,28,21,合庫-鳳山,2023-08-01,1029
6125,廣運,26,7,19,合庫-鳳山,2023-08-01,1029
1608,華榮,20,1,19,合庫-鳳山,2023-08-01,1029
3188,鑫龍騰,19,0,19,合庫-鳳山,2023-08-01,1029
00923,群益台ESG低碳50,17,0,17,合庫-鳳山,2023-08-01,1029
2606,裕民,17,0,17,合庫-鳳山,2023-08-01,1029
3706,神達,25,9,16,合庫-鳳山,2023-08-01,1029
3265,台星科,18,2,16,合庫-鳳山,2023-08-01,1029
2312,金寶,43,28,15,合庫-鳳山,2023-08-01,1029
1784,訊聯,16,2,14,合庫-鳳山,2023-08-01,1029
00930,永豐ESG低碳高息,13,0,13,合庫-鳳山,2023-08-01,1029
2836,高雄銀,13,0,13,合庫-鳳山,2023-08-01,1029
2206,三陽工業,12,0,12,合庫-鳳山,2023-08-01,1029
2426,鼎元,14,2,12,合庫-鳳山,2023-08-01,1029
3163,波若威,30,18,12,合庫-鳳山,2023-08-01,1029
6282,康舒,27,16,11,合庫-鳳山,2023-08-01,1029
3264,欣銓,14,3,11,合庫-鳳山,2023-08-01,1029
1905,華紙,51,40,11,合庫-鳳山,2023-08-01,1029
2883,凱基金,15,4,11,合庫-鳳山,2023-08-01,1029
3707,漢磊,11,0,11,合庫-鳳山,2023-08-01,1029
6753,龍德造船,13,2,11,合庫-鳳山,2023-08-01,1029
1409,新纖,10,0,10,合庫-鳳山,2023-08-01,1029
2449,京元電子,11,1,10,合庫-鳳山,2023-08-01,1029
6550,北極星藥業-KY,10,0,10,合庫-鳳山,2023-08-01,1029
2006,東和鋼鐵,10,1,9,合庫-鳳山,2023-08-01,1029
1514,亞力,26,18,8,合庫-鳳山,2023-08-01,1029
1519,華城,14,6,8,合庫-鳳山,2023-08-01,1029
5425,台半,8,0,8,合庫-鳳山,2023-08-01,1029
3583,辛耘,15,7,8,合庫-鳳山,2023-08-01,1029
00885,富邦越南,22,14,8,合庫-鳳山,2023-08-01,1029
00900,富邦特選高股息30,7,0,7,合庫-鳳山,2023-08-01,1029
00637L,元大滬深300正2,7,0,7,合庫-鳳山,2023-08-01,1029
2009,第一銅,8,1,7,合庫-鳳山,2023-08-01,1029
00878,國泰永續高股息,335,64,271,合庫-鳳山,2023-08-02,1029
00665L,富邦�琤肭磪囓�2,110,0,110,合庫-鳳山,2023-08-02,1029
00929,復華台灣科技優息,110,2,108,合庫-鳳山,2023-08-02,1029
00753L,中信中國50正2,178,72,106,合庫-鳳山,2023-08-02,1029
2301,光寶科,116,33,83,合庫-鳳山,2023-08-02,1029
0056,元大高股息,96,21,75,合庫-鳳山,2023-08-02,1029
2610,華航,73,10,63,合庫-鳳山,2023-08-02,1029
3706,神達,64,1,63,合庫-鳳山,2023-08-02,1029
00680L,元大美債20正2,59,1,58,合庫-鳳山,2023-08-02,1029
00900,富邦特選高股息30,58,1,57,合庫-鳳山,2023-08-02,1029
2323,中環,51,2,49,合庫-鳳山,2023-08-02,1029
00923,群益台ESG低碳50,43,0,43,合庫-鳳山,2023-08-02,1029
00712,復華富時不動產,42,1,41,合庫-鳳山,2023-08-02,1029
5483,中美晶,45,5,40,合庫-鳳山,2023-08-02,1029
2382,廣達,49,9,40,合庫-鳳山,2023-08-02,1029
8215,明基材,77,41,36,合庫-鳳山,2023-08-02,1029
1504,東元,43,8,35,合庫-鳳山,2023-08-02,1029
3188,鑫龍騰,35,0,35,合庫-鳳山,2023-08-02,1029
3481,群創,56,22,34,合庫-鳳山,2023-08-02,1029
3231,緯創,43,13,30,合庫-鳳山,2023-08-02,1029
1714,和桐,31,2,29,合庫-鳳山,2023-08-02,1029
2431,聯昌,25,0,25,合庫-鳳山,2023-08-02,1029
2884,玉山金,23,1,22,合庫-鳳山,2023-08-02,1029
1608,華榮,23,1,22,合庫-鳳山,2023-08-02,1029
2002,中鋼,45,23,22,合庫-鳳山,2023-08-02,1029
2367,燿華,20,0,20,合庫-鳳山,2023-08-02,1029
3058,立德,20,0,20,合庫-鳳山,2023-08-02,1029
1605,華新,90,71,19,合庫-鳳山,2023-08-02,1029
2618,長榮航,32,14,18,合庫-鳳山,2023-08-02,1029
00692,富邦公司治理,18,0,18,合庫-鳳山,2023-08-02,1029
6282,康舒,34,19,15,合庫-鳳山,2023-08-02,1029
2897,王道銀行,15,0,15,合庫-鳳山,2023-08-02,1029
2312,金寶,17,2,15,合庫-鳳山,2023-08-02,1029
0050,元大台灣50,15,0,15,合庫-鳳山,2023-08-02,1029
00679B,元大美債20年,14,0,14,合庫-鳳山,2023-08-02,1029
6120,達運,19,5,14,合庫-鳳山,2023-08-02,1029
2356,英業達,21,7,14,合庫-鳳山,2023-08-02,1029
2820,華票,15,2,13,合庫-鳳山,2023-08-02,1029
2006,東和鋼鐵,12,0,12,合庫-鳳山,2023-08-02,1029
2352,佳世達,27,15,12,合庫-鳳山,2023-08-02,1029
2890,永豐金,12,0,12,合庫-鳳山,2023-08-02,1029
5905,南仁湖,12,0,12,合庫-鳳山,2023-08-02,1029
8936,國統,16,4,12,合庫-鳳山,2023-08-02,1029
2330,台積電,11,0,11,合庫-鳳山,2023-08-02,1029
2371,大同,11,0,11,合庫-鳳山,2023-08-02,1029
2612,中航,13,2,11,合庫-鳳山,2023-08-02,1029
3419,譁裕,11,0,11,合庫-鳳山,2023-08-02,1029
4161,聿新科,11,0,11,合庫-鳳山,2023-08-02,1029
2363,矽統,13,2,11,合庫-鳳山,2023-08-02,1029
00772B,中信高評級公司債,10,0,10,合庫-鳳山,2023-08-02,1029
00929,復華台灣科技優息,102,15,87,合庫-鳳山,2023-08-04,1029
00900,富邦特選高股息30,86,1,85,合庫-鳳山,2023-08-04,1029
00680L,元大美債20正2,85,0,85,合庫-鳳山,2023-08-04,1029
00679B,元大美債20年,87,2,85,合庫-鳳山,2023-08-04,1029
2344,華邦電,67,14,53,合庫-鳳山,2023-08-04,1029
2891,中信金,57,5,52,合庫-鳳山,2023-08-04,1029
1609,大亞,57,7,50,合庫-鳳山,2023-08-04,1029
1605,華新,66,26,40,合庫-鳳山,2023-08-04,1029
00687B,國泰20年美債,36,0,36,合庫-鳳山,2023-08-04,1029
8021,尖點,36,0,36,合庫-鳳山,2023-08-04,1029
1504,東元,36,6,30,合庫-鳳山,2023-08-04,1029
3581,博磊,35,7,28,合庫-鳳山,2023-08-04,1029
00720B,元大投資級公司債,29,4,25,合庫-鳳山,2023-08-04,1029
3706,神達,37,12,25,合庫-鳳山,2023-08-04,1029
00919,群益台灣精選高息,24,1,23,合庫-鳳山,2023-08-04,1029
9955,佳龍,23,0,23,合庫-鳳山,2023-08-04,1029
2367,燿華,22,0,22,合庫-鳳山,2023-08-04,1029
2883,凱基金,27,5,22,合庫-鳳山,2023-08-04,1029
2820,華票,20,0,20,合庫-鳳山,2023-08-04,1029
2855,統一證,20,0,20,合庫-鳳山,2023-08-04,1029
00923,群益台ESG低碳50,18,0,18,合庫-鳳山,2023-08-04,1029
00751B,元大AAA至A公司債,19,1,18,合庫-鳳山,2023-08-04,1029
00772B,中信高評級公司債,15,0,15,合庫-鳳山,2023-08-04,1029
4746,台耀,16,1,15,合庫-鳳山,2023-08-04,1029
2356,英業達,48,35,13,合庫-鳳山,2023-08-04,1029
6015,宏遠證,30,17,13,合庫-鳳山,2023-08-04,1029
6290,良維,13,0,13,合庫-鳳山,2023-08-04,1029
2440,太空梭,12,0,12,合庫-鳳山,2023-08-04,1029
00673R,期元大S＆P原油反1,13,1,12,合庫-鳳山,2023-08-04,1029
2206,三陽工業,16,4,12,合庫-鳳山,2023-08-04,1029
2610,華航,12,0,12,合庫-鳳山,2023-08-04,1029
2104,國際中橡,21,9,12,合庫-鳳山,2023-08-04,1029
00905,FT臺灣Smart,11,0,11,合庫-鳳山,2023-08-04,1029
00795B,中信美國公債20年,12,1,11,合庫-鳳山,2023-08-04,1029
2633,台灣高鐵,10,0,10,合庫-鳳山,2023-08-04,1029
3702,大聯大,10,0,10,合庫-鳳山,2023-08-04,1029
4934,太極,11,1,10,合庫-鳳山,2023-08-04,1029
8076,伍豐,10,0,10,合庫-鳳山,2023-08-04,1029
006208,富邦台50,9,0,9,合庫-鳳山,2023-08-04,1029
00725B,國泰投資級公司債,9,0,9,合庫-鳳山,2023-08-04,1029
2382,廣達,44,35,9,合庫-鳳山,2023-08-04,1029
1503,士電,9,1,8,合庫-鳳山,2023-08-04,1029
2009,第一銅,8,0,8,合庫-鳳山,2023-08-04,1029
2887,台新金,11,3,8,合庫-鳳山,2023-08-04,1029
4743,合一,8,0,8,合庫-鳳山,2023-08-04,1029
6411,晶焱,8,0,8,合庫-鳳山,2023-08-04,1029
2352,佳世達,15,8,7,合庫-鳳山,2023-08-04,1029
00892,富邦台灣半導體,7,0,7,合庫-鳳山,2023-08-04,1029
00730,富邦臺灣優質高息,7,0,7,合庫-鳳山,2023-08-04,1029
00688L,國泰20年美債正2,7,0,7,合庫-鳳山,2023-08-04,1029
8215,明基材,424,32,392,合庫-鳳山,2023-08-07,1029
1609,大亞,184,47,137,合庫-鳳山,2023-08-07,1029
00720B,元大投資級公司債,104,10,94,合庫-鳳山,2023-08-07,1029
2323,中環,67,0,67,合庫-鳳山,2023-08-07,1029
8038,長園科,60,0,60,合庫-鳳山,2023-08-07,1029
00929,復華台灣科技優息,65,21,44,合庫-鳳山,2023-08-07,1029
3188,鑫龍騰,39,0,39,合庫-鳳山,2023-08-07,1029
00931B,統一美債20年,38,0,38,合庫-鳳山,2023-08-07,1029
00900,富邦特選高股息30,37,2,35,合庫-鳳山,2023-08-07,1029
6125,廣運,39,4,35,合庫-鳳山,2023-08-07,1029
2006,東和鋼鐵,32,0,32,合庫-鳳山,2023-08-07,1029
2820,華票,30,0,30,合庫-鳳山,2023-08-07,1029
3706,神達,45,18,27,合庫-鳳山,2023-08-07,1029
3231,緯創,71,45,26,合庫-鳳山,2023-08-07,1029
1905,華紙,34,10,24,合庫-鳳山,2023-08-07,1029
2609,陽明,39,15,24,合庫-鳳山,2023-08-07,1029
2886,兆豐金,25,1,24,合庫-鳳山,2023-08-07,1029
2329,華泰,21,3,18,合庫-鳳山,2023-08-07,1029
2743,山富,17,0,17,合庫-鳳山,2023-08-07,1029
00679B,元大美債20年,16,0,16,合庫-鳳山,2023-08-07,1029
00878,國泰永續高股息,76,61,15,合庫-鳳山,2023-08-07,1029
2038,海光,14,0,14,合庫-鳳山,2023-08-07,1029
00687B,國泰20年美債,17,4,13,合庫-鳳山,2023-08-07,1029
2890,永豐金,12,0,12,合庫-鳳山,2023-08-07,1029
1519,華城,12,0,12,合庫-鳳山,2023-08-07,1029
1301,台塑,11,0,11,合庫-鳳山,2023-08-07,1029
3325,旭品,13,2,11,合庫-鳳山,2023-08-07,1029
3591,艾笛森,12,1,11,合庫-鳳山,2023-08-07,1029
00715L,期街口布蘭特正2,20,10,10,合庫-鳳山,2023-08-07,1029
3479,安勤,10,0,10,合庫-鳳山,2023-08-07,1029
3483,力致,10,0,10,合庫-鳳山,2023-08-07,1029
3443,創意,11,2,9,合庫-鳳山,2023-08-07,1029
00923,群益台ESG低碳50,10,2,8,合庫-鳳山,2023-08-07,1029
2913,農林,33,25,8,合庫-鳳山,2023-08-07,1029
00712,復華富時不動產,10,2,8,合庫-鳳山,2023-08-07,1029
2421,建準,8,0,8,合庫-鳳山,2023-08-07,1029
2458,義隆,9,1,8,合庫-鳳山,2023-08-07,1029
3189,景碩,21,13,8,合庫-鳳山,2023-08-07,1029
00636,國泰中國A50,7,0,7,合庫-鳳山,2023-08-07,1029
2352,佳世達,15,8,7,合庫-鳳山,2023-08-07,1029
2882,國泰金,10,3,7,合庫-鳳山,2023-08-07,1029
3078,僑威,8,1,7,合庫-鳳山,2023-08-07,1029
4906,正文,13,6,7,合庫-鳳山,2023-08-07,1029
5009,榮剛,7,0,7,合庫-鳳山,2023-08-07,1029
00885,富邦越南,11,5,6,合庫-鳳山,2023-08-07,1029
1907,永豐餘,6,0,6,合庫-鳳山,2023-08-07,1029
2884,玉山金,6,0,6,合庫-鳳山,2023-08-07,1029
8067,志旭,6,0,6,合庫-鳳山,2023-08-07,1029
8210,勤誠,6,0,6,合庫-鳳山,2023-08-07,1029
006208,富邦台50,7,2,5,合庫-鳳山,2023-08-07,1029
00878,國泰永續高股息,121,13,108,合庫-鳳山,2023-08-08,1029
00929,復華台灣科技優息,90,2,88,合庫-鳳山,2023-08-08,1029
00900,富邦特選高股息30,81,3,78,合庫-鳳山,2023-08-08,1029
00931B,統一美債20年,75,0,75,合庫-鳳山,2023-08-08,1029
1504,東元,68,0,68,合庫-鳳山,2023-08-08,1029
3706,神達,79,16,63,合庫-鳳山,2023-08-08,1029
2367,燿華,62,0,62,合庫-鳳山,2023-08-08,1029
00680L,元大美債20正2,53,0,53,合庫-鳳山,2023-08-08,1029
2323,中環,50,0,50,合庫-鳳山,2023-08-08,1029
2887,台新金,47,0,47,合庫-鳳山,2023-08-08,1029
2006,東和鋼鐵,40,1,39,合庫-鳳山,2023-08-08,1029
2801,彰銀,31,0,31,合庫-鳳山,2023-08-08,1029
2906,高林,30,0,30,合庫-鳳山,2023-08-08,1029
00751B,元大AAA至A公司債,29,0,29,合庫-鳳山,2023-08-08,1029
2303,聯電,30,5,25,合庫-鳳山,2023-08-08,1029
4114,健喬,25,0,25,合庫-鳳山,2023-08-08,1029
006208,富邦台50,24,0,24,合庫-鳳山,2023-08-08,1029
00632R,元大台灣50反1,30,6,24,合庫-鳳山,2023-08-08,1029
00891,中信關鍵半導體,23,0,23,合庫-鳳山,2023-08-08,1029
2356,英業達,57,34,23,合庫-鳳山,2023-08-08,1029
2615,萬海,22,0,22,合庫-鳳山,2023-08-08,1029
2884,玉山金,22,1,21,合庫-鳳山,2023-08-08,1029
2535,達欣工,20,0,20,合庫-鳳山,2023-08-08,1029
3481,群創,48,28,20,合庫-鳳山,2023-08-08,1029
2032,新鋼,18,0,18,合庫-鳳山,2023-08-08,1029
1101,台泥,17,0,17,合庫-鳳山,2023-08-08,1029
2312,金寶,17,0,17,合庫-鳳山,2023-08-08,1029
2352,佳世達,25,9,16,合庫-鳳山,2023-08-08,1029
2820,華票,16,0,16,合庫-鳳山,2023-08-08,1029
2634,漢翔,20,4,16,合庫-鳳山,2023-08-08,1029
3231,緯創,117,101,16,合庫-鳳山,2023-08-08,1029
2890,永豐金,15,0,15,合庫-鳳山,2023-08-08,1029
1301,台塑,14,0,14,合庫-鳳山,2023-08-08,1029
2834,臺企銀,14,0,14,合庫-鳳山,2023-08-08,1029
00712,復華富時不動產,13,0,13,合庫-鳳山,2023-08-08,1029
2002,中鋼,15,2,13,合庫-鳳山,2023-08-08,1029
2913,農林,21,8,13,合庫-鳳山,2023-08-08,1029
00888,永豐台灣ESG,12,0,12,合庫-鳳山,2023-08-08,1029
00679B,元大美債20年,12,0,12,合庫-鳳山,2023-08-08,1029
3583,辛耘,16,5,11,合庫-鳳山,2023-08-08,1029
2301,光寶科,157,147,10,合庫-鳳山,2023-08-08,1029
2388,威盛,12,2,10,合庫-鳳山,2023-08-08,1029
9941,裕融,10,0,10,合庫-鳳山,2023-08-08,1029
00636,國泰中國A50,10,0,10,合庫-鳳山,2023-08-08,1029
2009,第一銅,12,2,10,合庫-鳳山,2023-08-08,1029
2030,彰源,10,0,10,合庫-鳳山,2023-08-08,1029
2838,聯邦銀,10,0,10,合庫-鳳山,2023-08-08,1029
1503,士電,14,5,9,合庫-鳳山,2023-08-08,1029
1304,台聚,10,1,9,合庫-鳳山,2023-08-08,1029
2883,凱基金,9,0,9,合庫-鳳山,2023-08-08,1029
00632R,元大台灣50反1,300,40,260,合庫-鳳山,2023-08-09,1029
00929,復華台灣科技優息,227,5,222,合庫-鳳山,2023-08-09,1029
00900,富邦特選高股息30,85,6,79,合庫-鳳山,2023-08-09,1029
5880,合庫金,67,7,60,合庫-鳳山,2023-08-09,1029
1504,東元,51,4,47,合庫-鳳山,2023-08-09,1029
2887,台新金,42,0,42,合庫-鳳山,2023-08-09,1029
00923,群益台ESG低碳50,35,0,35,合庫-鳳山,2023-08-09,1029
6005,群益證,35,0,35,合庫-鳳山,2023-08-09,1029
5905,南仁湖,30,0,30,合庫-鳳山,2023-08-09,1029
00878,國泰永續高股息,66,37,29,合庫-鳳山,2023-08-09,1029
2371,大同,27,1,26,合庫-鳳山,2023-08-09,1029
2002,中鋼,26,3,23,合庫-鳳山,2023-08-09,1029
2027,大成鋼,23,0,23,合庫-鳳山,2023-08-09,1029
2032,新鋼,23,0,23,合庫-鳳山,2023-08-09,1029
2069,運錩,20,0,20,合庫-鳳山,2023-08-09,1029
3189,景碩,20,0,20,合庫-鳳山,2023-08-09,1029
4533,協易機,20,0,20,合庫-鳳山,2023-08-09,1029
6418,詠昇,20,0,20,合庫-鳳山,2023-08-09,1029
00882,中信中國高股息,17,0,17,合庫-鳳山,2023-08-09,1029
2337,旺宏,16,0,16,合庫-鳳山,2023-08-09,1029
00795B,中信美國公債20年,15,0,15,合庫-鳳山,2023-08-09,1029
2637,慧洋-KY,15,0,15,合庫-鳳山,2023-08-09,1029
2820,華票,15,0,15,合庫-鳳山,2023-08-09,1029
6182,合晶,15,0,15,合庫-鳳山,2023-08-09,1029
1514,亞力,16,2,14,合庫-鳳山,2023-08-09,1029
2344,華邦電,15,3,12,合庫-鳳山,2023-08-09,1029
00642U,期元大S＆P石油,11,0,11,合庫-鳳山,2023-08-09,1029
1101,台泥,21,10,11,合庫-鳳山,2023-08-09,1029
2206,三陽工業,12,1,11,合庫-鳳山,2023-08-09,1029
9907,統一實,14,3,11,合庫-鳳山,2023-08-09,1029
2006,東和鋼鐵,10,0,10,合庫-鳳山,2023-08-09,1029
2323,中環,10,0,10,合庫-鳳山,2023-08-09,1029
2645,長榮航太,11,1,10,合庫-鳳山,2023-08-09,1029
2812,台中銀,10,0,10,合庫-鳳山,2023-08-09,1029
3018,隆銘綠能,10,0,10,合庫-鳳山,2023-08-09,1029
2376,技嘉,30,21,9,合庫-鳳山,2023-08-09,1029
2399,映泰,10,1,9,合庫-鳳山,2023-08-09,1029
3706,神達,32,23,9,合庫-鳳山,2023-08-09,1029
6405,悅城,8,0,8,合庫-鳳山,2023-08-09,1029
2329,華泰,10,3,7,合庫-鳳山,2023-08-09,1029
2516,新建,16,9,7,合庫-鳳山,2023-08-09,1029
2834,臺企銀,11,4,7,合庫-鳳山,2023-08-09,1029
2891,中信金,12,5,7,合庫-鳳山,2023-08-09,1029
8027,鈦昇,10,3,7,合庫-鳳山,2023-08-09,1029
8086,宏捷科,7,0,7,合庫-鳳山,2023-08-09,1029
8942,森鉅,7,0,7,合庫-鳳山,2023-08-09,1029
4906,正文,24,18,6,合庫-鳳山,2023-08-09,1029
2324,仁寶,6,0,6,合庫-鳳山,2023-08-09,1029
1731,美吾華,6,0,6,合庫-鳳山,2023-08-09,1029
2801,彰銀,6,0,6,合庫-鳳山,2023-08-09,1029
00929,復華台灣科技優息,286,10,276,合庫-鳳山,2023-08-10,1029
1609,大亞,166,52,114,合庫-鳳山,2023-08-10,1029
00632R,元大台灣50反1,100,19,81,合庫-鳳山,2023-08-10,1029
00878,國泰永續高股息,135,64,71,合庫-鳳山,2023-08-10,1029
00900,富邦特選高股息30,72,10,62,合庫-鳳山,2023-08-10,1029
2323,中環,62,0,62,合庫-鳳山,2023-08-10,1029
2610,華航,81,21,60,合庫-鳳山,2023-08-10,1029
5880,合庫金,52,0,52,合庫-鳳山,2023-08-10,1029
2363,矽統,116,70,46,合庫-鳳山,2023-08-10,1029
00673R,期元大S＆P原油反1,40,0,40,合庫-鳳山,2023-08-10,1029
2032,新鋼,39,0,39,合庫-鳳山,2023-08-10,1029
2017,官田鋼,41,5,36,合庫-鳳山,2023-08-10,1029
00931B,統一美債20年,25,0,25,合庫-鳳山,2023-08-10,1029
6282,康舒,42,19,23,合庫-鳳山,2023-08-10,1029
00923,群益台ESG低碳50,23,0,23,合庫-鳳山,2023-08-10,1029
2886,兆豐金,25,3,22,合庫-鳳山,2023-08-10,1029
1815,富喬,23,1,22,合庫-鳳山,2023-08-10,1029
3037,欣興,25,3,22,合庫-鳳山,2023-08-10,1029
3038,全台,21,0,21,合庫-鳳山,2023-08-10,1029
3188,鑫龍騰,21,0,21,合庫-鳳山,2023-08-10,1029
2324,仁寶,23,3,20,合庫-鳳山,2023-08-10,1029
00795B,中信美國公債20年,20,0,20,合庫-鳳山,2023-08-10,1029
2312,金寶,20,1,19,合庫-鳳山,2023-08-10,1029
2637,慧洋-KY,20,1,19,合庫-鳳山,2023-08-10,1029
2352,佳世達,24,6,18,合庫-鳳山,2023-08-10,1029
3078,僑威,17,0,17,合庫-鳳山,2023-08-10,1029
4746,台耀,18,1,17,合庫-鳳山,2023-08-10,1029
0050,元大台灣50,16,0,16,合庫-鳳山,2023-08-10,1029
2314,台揚,16,0,16,合庫-鳳山,2023-08-10,1029
3231,緯創,93,77,16,合庫-鳳山,2023-08-10,1029
00687B,國泰20年美債,15,0,15,合庫-鳳山,2023-08-10,1029
0056,元大高股息,32,18,14,合庫-鳳山,2023-08-10,1029
2382,廣達,45,32,13,合庫-鳳山,2023-08-10,1029
2303,聯電,19,6,13,合庫-鳳山,2023-08-10,1029
2883,凱基金,15,2,13,合庫-鳳山,2023-08-10,1029
00680L,元大美債20正2,12,0,12,合庫-鳳山,2023-08-10,1029
1514,亞力,12,0,12,合庫-鳳山,2023-08-10,1029
3058,立德,12,0,12,合庫-鳳山,2023-08-10,1029
2890,永豐金,12,0,12,合庫-鳳山,2023-08-10,1029
1711,永光,11,0,11,合庫-鳳山,2023-08-10,1029
1717,長興,11,0,11,合庫-鳳山,2023-08-10,1029
2801,彰銀,11,0,11,合庫-鳳山,2023-08-10,1029
1513,中興電,30,20,10,合庫-鳳山,2023-08-10,1029
1618,合機,11,1,10,合庫-鳳山,2023-08-10,1029
2007,燁興,10,0,10,合庫-鳳山,2023-08-10,1029
2402,毅嘉,17,7,10,合庫-鳳山,2023-08-10,1029
2609,陽明,14,4,10,合庫-鳳山,2023-08-10,1029
2820,華票,10,0,10,合庫-鳳山,2023-08-10,1029
3018,隆銘綠能,10,0,10,合庫-鳳山,2023-08-10,1029
3048,益登,10,0,10,合庫-鳳山,2023-08-10,1029
2618,長榮航,210,34,176,合庫-鳳山,2023-08-11,1029
00900,富邦特選高股息30,149,0,149,合庫-鳳山,2023-08-11,1029
2356,英業達,154,30,124,合庫-鳳山,2023-08-11,1029
2017,官田鋼,120,0,120,合庫-鳳山,2023-08-11,1029
2331,精英,111,0,111,合庫-鳳山,2023-08-11,1029
3231,緯創,163,58,105,合庫-鳳山,2023-08-11,1029
2312,金寶,90,4,86,合庫-鳳山,2023-08-11,1029
1609,大亞,90,6,84,合庫-鳳山,2023-08-11,1029
00929,復華台灣科技優息,80,10,70,合庫-鳳山,2023-08-11,1029
00680L,元大美債20正2,56,1,55,合庫-鳳山,2023-08-11,1029
2337,旺宏,60,11,49,合庫-鳳山,2023-08-11,1029
00712,復華富時不動產,40,0,40,合庫-鳳山,2023-08-11,1029
2634,漢翔,37,2,35,合庫-鳳山,2023-08-11,1029
3188,鑫龍騰,34,0,34,合庫-鳳山,2023-08-11,1029
00931B,統一美債20年,33,0,33,合庫-鳳山,2023-08-11,1029
2002,中鋼,29,0,29,合庫-鳳山,2023-08-11,1029
2892,第一金,29,1,28,合庫-鳳山,2023-08-11,1029
2883,凱基金,27,0,27,合庫-鳳山,2023-08-11,1029
5880,合庫金,28,1,27,合庫-鳳山,2023-08-11,1029
1784,訊聯,28,2,26,合庫-鳳山,2023-08-11,1029
3325,旭品,33,8,25,合庫-鳳山,2023-08-11,1029
6120,達運,35,12,23,合庫-鳳山,2023-08-11,1029
1522,堤維西,20,0,20,合庫-鳳山,2023-08-11,1029
2820,華票,20,0,20,合庫-鳳山,2023-08-11,1029
3041,揚智,20,0,20,合庫-鳳山,2023-08-11,1029
2440,太空梭,20,1,19,合庫-鳳山,2023-08-11,1029
00795B,中信美國公債20年,18,0,18,合庫-鳳山,2023-08-11,1029
00720B,元大投資級公司債,22,4,18,合庫-鳳山,2023-08-11,1029
1514,亞力,21,3,18,合庫-鳳山,2023-08-11,1029
2471,資通,18,1,17,合庫-鳳山,2023-08-11,1029
6405,悅城,16,0,16,合庫-鳳山,2023-08-11,1029
0050,元大台灣50,13,0,13,合庫-鳳山,2023-08-11,1029
00679B,元大美債20年,13,0,13,合庫-鳳山,2023-08-11,1029
2027,大成鋼,15,2,13,合庫-鳳山,2023-08-11,1029
2886,兆豐金,12,0,12,合庫-鳳山,2023-08-11,1029
00687B,國泰20年美債,12,0,12,合庫-鳳山,2023-08-11,1029
00864B,中信美國公債0-1,12,0,12,合庫-鳳山,2023-08-11,1029
2032,新鋼,13,1,12,合庫-鳳山,2023-08-11,1029
2884,玉山金,14,2,12,合庫-鳳山,2023-08-11,1029
3051,力特,12,0,12,合庫-鳳山,2023-08-11,1029
00773B,中信優先金融債,11,0,11,合庫-鳳山,2023-08-11,1029
2359,所羅門,11,0,11,合庫-鳳山,2023-08-11,1029
2368,金像電,14,3,11,合庫-鳳山,2023-08-11,1029
1512,瑞利,10,0,10,合庫-鳳山,2023-08-11,1029
2516,新建,10,0,10,合庫-鳳山,2023-08-11,1029
2609,陽明,11,1,10,合庫-鳳山,2023-08-11,1029
2731,雄獅,11,1,10,合庫-鳳山,2023-08-11,1029
3078,僑威,12,2,10,合庫-鳳山,2023-08-11,1029
6282,康舒,17,7,10,合庫-鳳山,2023-08-11,1029
00923,群益台ESG低碳50,11,2,9,合庫-鳳山,2023-08-11,1029
00929,復華台灣科技優息,185,38,147,合庫-鳳山,2023-08-14,1029
1609,大亞,124,0,124,合庫-鳳山,2023-08-14,1029
0056,元大高股息,115,19,96,合庫-鳳山,2023-08-14,1029
00900,富邦特選高股息30,93,0,93,合庫-鳳山,2023-08-14,1029
00632R,元大台灣50反1,100,28,72,合庫-鳳山,2023-08-14,1029
5905,南仁湖,70,0,70,合庫-鳳山,2023-08-14,1029
2017,官田鋼,60,0,60,合庫-鳳山,2023-08-14,1029
3188,鑫龍騰,57,0,57,合庫-鳳山,2023-08-14,1029
3479,安勤,57,0,57,合庫-鳳山,2023-08-14,1029
2610,華航,75,20,55,合庫-鳳山,2023-08-14,1029
00878,國泰永續高股息,125,72,53,合庫-鳳山,2023-08-14,1029
00923,群益台ESG低碳50,46,4,42,合庫-鳳山,2023-08-14,1029
00888,永豐台灣ESG,38,0,38,合庫-鳳山,2023-08-14,1029
2851,中再保,42,5,37,合庫-鳳山,2023-08-14,1029
2883,凱基金,39,3,36,合庫-鳳山,2023-08-14,1029
2887,台新金,38,2,36,合庫-鳳山,2023-08-14,1029
2834,臺企銀,35,0,35,合庫-鳳山,2023-08-14,1029
2880,華南金,36,2,34,合庫-鳳山,2023-08-14,1029
2812,台中銀,33,0,33,合庫-鳳山,2023-08-14,1029
2356,英業達,44,14,30,合庫-鳳山,2023-08-14,1029
8446,華研,30,0,30,合庫-鳳山,2023-08-14,1029
2891,中信金,30,1,29,合庫-鳳山,2023-08-14,1029
2002,中鋼,30,1,29,合庫-鳳山,2023-08-14,1029
5880,合庫金,30,2,28,合庫-鳳山,2023-08-14,1029
3231,緯創,116,88,28,合庫-鳳山,2023-08-14,1029
00882,中信中國高股息,32,5,27,合庫-鳳山,2023-08-14,1029
2609,陽明,43,16,27,合庫-鳳山,2023-08-14,1029
1513,中興電,30,4,26,合庫-鳳山,2023-08-14,1029
3706,神達,46,20,26,合庫-鳳山,2023-08-14,1029
6282,康舒,30,6,24,合庫-鳳山,2023-08-14,1029
2431,聯昌,23,0,23,合庫-鳳山,2023-08-14,1029
2820,華票,23,0,23,合庫-鳳山,2023-08-14,1029
2892,第一金,22,0,22,合庫-鳳山,2023-08-14,1029
2618,長榮航,49,29,20,合庫-鳳山,2023-08-14,1029
9943,好樂迪,20,0,20,合庫-鳳山,2023-08-14,1029
0050,元大台灣50,18,0,18,合庫-鳳山,2023-08-14,1029
1305,華夏,18,0,18,合庫-鳳山,2023-08-14,1029
8088,品安,18,0,18,合庫-鳳山,2023-08-14,1029
2027,大成鋼,18,1,17,合庫-鳳山,2023-08-14,1029
2897,王道銀行,22,5,17,合庫-鳳山,2023-08-14,1029
2344,華邦電,19,3,16,合庫-鳳山,2023-08-14,1029
00637L,元大滬深300正2,17,1,16,合庫-鳳山,2023-08-14,1029
2206,三陽工業,16,0,16,合庫-鳳山,2023-08-14,1029
3483,力致,26,11,15,合庫-鳳山,2023-08-14,1029
2489,瑞軒,15,0,15,合庫-鳳山,2023-08-14,1029
1101,台泥,18,4,14,合庫-鳳山,2023-08-14,1029
2836,高雄銀,14,0,14,合庫-鳳山,2023-08-14,1029
4999,鑫禾,13,0,13,合庫-鳳山,2023-08-14,1029
6223,旺矽,12,0,12,合庫-鳳山,2023-08-14,1029
2801,彰銀,12,0,12,合庫-鳳山,2023-08-14,1029
00712,復華富時不動產,127,0,127,合庫-鳳山,2023-08-15,1029
00929,復華台灣科技優息,122,1,121,合庫-鳳山,2023-08-15,1029
2338,光罩,110,0,110,合庫-鳳山,2023-08-15,1029
00923,群益台ESG低碳50,71,0,71,合庫-鳳山,2023-08-15,1029
00900,富邦特選高股息30,68,0,68,合庫-鳳山,2023-08-15,1029
4114,健喬,60,0,60,合庫-鳳山,2023-08-15,1029
3481,群創,65,9,56,合庫-鳳山,2023-08-15,1029
5880,合庫金,49,0,49,合庫-鳳山,2023-08-15,1029
2883,凱基金,48,4,44,合庫-鳳山,2023-08-15,1029
2006,東和鋼鐵,40,0,40,合庫-鳳山,2023-08-15,1029
3188,鑫龍騰,38,0,38,合庫-鳳山,2023-08-15,1029
2834,臺企銀,34,1,33,合庫-鳳山,2023-08-15,1029
00751B,元大AAA至A公司債,31,0,31,合庫-鳳山,2023-08-15,1029
2301,光寶科,60,35,25,合庫-鳳山,2023-08-15,1029
2002,中鋼,22,1,21,合庫-鳳山,2023-08-15,1029
2017,官田鋼,20,0,20,合庫-鳳山,2023-08-15,1029
2606,裕民,20,1,19,合庫-鳳山,2023-08-15,1029
3051,力特,17,0,17,合庫-鳳山,2023-08-15,1029
00907,永豐優息存股,15,0,15,合庫-鳳山,2023-08-15,1029
00931B,統一美債20年,15,0,15,合庫-鳳山,2023-08-15,1029
00680L,元大美債20正2,14,0,14,合庫-鳳山,2023-08-15,1029
2605,新興,13,0,13,合庫-鳳山,2023-08-15,1029
2618,長榮航,16,3,13,合庫-鳳山,2023-08-15,1029
8121,越峰,13,0,13,合庫-鳳山,2023-08-15,1029
2324,仁寶,75,63,12,合庫-鳳山,2023-08-15,1029
2890,永豐金,17,6,11,合庫-鳳山,2023-08-15,1029
2897,王道銀行,10,0,10,合庫-鳳山,2023-08-15,1029
6147,頎邦,10,0,10,合庫-鳳山,2023-08-15,1029
00772B,中信高評級公司債,9,0,9,合庫-鳳山,2023-08-15,1029
1718,中纖,9,0,9,合庫-鳳山,2023-08-15,1029
2352,佳世達,10,1,9,合庫-鳳山,2023-08-15,1029
3043,科風,10,1,9,合庫-鳳山,2023-08-15,1029
00795B,中信美國公債20年,8,0,8,合庫-鳳山,2023-08-15,1029
2109,華豐,8,0,8,合庫-鳳山,2023-08-15,1029
6026,福邦證,8,0,8,合庫-鳳山,2023-08-15,1029
4919,新唐,8,0,8,合庫-鳳山,2023-08-15,1029
1707,葡萄王,7,0,7,合庫-鳳山,2023-08-15,1029
6112,邁達特,8,1,7,合庫-鳳山,2023-08-15,1029
3090,日電貿,6,0,6,合庫-鳳山,2023-08-15,1029
2603,長榮,7,1,6,合庫-鳳山,2023-08-15,1029
3231,緯創,51,46,5,合庫-鳳山,2023-08-15,1029
2609,陽明,23,18,5,合庫-鳳山,2023-08-15,1029
00773B,中信優先金融債,5,0,5,合庫-鳳山,2023-08-15,1029
1587,吉茂,5,0,5,合庫-鳳山,2023-08-15,1029
2543,皇昌,5,0,5,合庫-鳳山,2023-08-15,1029
4536,拓凱,5,0,5,合庫-鳳山,2023-08-15,1029
6143,振曜,5,0,5,合庫-鳳山,2023-08-15,1029
8049,晶采,5,0,5,合庫-鳳山,2023-08-15,1029
2887,台新金,5,0,5,合庫-鳳山,2023-08-15,1029
1219,福壽,4,0,4,合庫-鳳山,2023-08-15,1029
00929,復華台灣科技優息,133,10,123,合庫-鳳山,2023-08-16,1029
00673R,期元大S＆P原油反1,121,5,116,合庫-鳳山,2023-08-16,1029
1303,南亞,111,0,111,合庫-鳳山,2023-08-16,1029
2303,聯電,104,8,96,合庫-鳳山,2023-08-16,1029
00632R,元大台灣50反1,105,24,81,合庫-鳳山,2023-08-16,1029
6147,頎邦,61,0,61,合庫-鳳山,2023-08-16,1029
9929,秋雨,55,0,55,合庫-鳳山,2023-08-16,1029
2887,台新金,52,1,51,合庫-鳳山,2023-08-16,1029
3231,緯創,108,61,47,合庫-鳳山,2023-08-16,1029
2363,矽統,60,16,44,合庫-鳳山,2023-08-16,1029
00712,復華富時不動產,43,0,43,合庫-鳳山,2023-08-16,1029
00923,群益台ESG低碳50,39,0,39,合庫-鳳山,2023-08-16,1029
5880,合庫金,37,0,37,合庫-鳳山,2023-08-16,1029
00882,中信中國高股息,36,0,36,合庫-鳳山,2023-08-16,1029
00900,富邦特選高股息30,53,23,30,合庫-鳳山,2023-08-16,1029
1101,台泥,28,0,28,合庫-鳳山,2023-08-16,1029
2891,中信金,29,2,27,合庫-鳳山,2023-08-16,1029
2329,華泰,36,10,26,合庫-鳳山,2023-08-16,1029
00751B,元大AAA至A公司債,24,0,24,合庫-鳳山,2023-08-16,1029
2886,兆豐金,25,1,24,合庫-鳳山,2023-08-16,1029
3706,神達,29,8,21,合庫-鳳山,2023-08-16,1029
2897,王道銀行,20,0,20,合庫-鳳山,2023-08-16,1029
2317,鴻海,18,0,18,合庫-鳳山,2023-08-16,1029
2892,第一金,15,0,15,合庫-鳳山,2023-08-16,1029
2880,華南金,14,0,14,合庫-鳳山,2023-08-16,1029
3682,亞太電,14,0,14,合庫-鳳山,2023-08-16,1029
3481,群創,42,28,14,合庫-鳳山,2023-08-16,1029
2615,萬海,13,0,13,合庫-鳳山,2023-08-16,1029
2206,三陽工業,13,0,13,合庫-鳳山,2023-08-16,1029
2323,中環,16,4,12,合庫-鳳山,2023-08-16,1029
2409,友達,12,0,12,合庫-鳳山,2023-08-16,1029
5014,建錩,12,0,12,合庫-鳳山,2023-08-16,1029
3711,日月光投控,11,0,11,合庫-鳳山,2023-08-16,1029
00772B,中信高評級公司債,10,0,10,合庫-鳳山,2023-08-16,1029
3051,力特,20,10,10,合庫-鳳山,2023-08-16,1029
2820,華票,10,0,10,合庫-鳳山,2023-08-16,1029
0050,元大台灣50,10,1,9,合庫-鳳山,2023-08-16,1029
2883,凱基金,79,70,9,合庫-鳳山,2023-08-16,1029
2801,彰銀,11,2,9,合庫-鳳山,2023-08-16,1029
00795B,中信美國公債20年,8,0,8,合庫-鳳山,2023-08-16,1029
00931B,統一美債20年,15,7,8,合庫-鳳山,2023-08-16,1029
1529,樂事綠能,12,5,7,合庫-鳳山,2023-08-16,1029
1714,和桐,7,0,7,合庫-鳳山,2023-08-16,1029
2027,大成鋼,7,0,7,合庫-鳳山,2023-08-16,1029
3058,立德,10,3,7,合庫-鳳山,2023-08-16,1029
6405,悅城,7,0,7,合庫-鳳山,2023-08-16,1029
00919,群益台灣精選高息,6,0,6,合庫-鳳山,2023-08-16,1029
2356,英業達,36,30,6,合庫-鳳山,2023-08-16,1029
1402,遠東新,6,0,6,合庫-鳳山,2023-08-16,1029
1783,和康生,6,0,6,合庫-鳳山,2023-08-16,1029
00929,復華台灣科技優息,272,0,272,合庫-鳳山,2023-08-17,1029
2338,光罩,186,115,71,合庫-鳳山,2023-08-17,1029
3231,緯創,131,67,64,合庫-鳳山,2023-08-17,1029
2886,兆豐金,43,0,43,合庫-鳳山,2023-08-17,1029
00931B,統一美債20年,43,5,38,合庫-鳳山,2023-08-17,1029
6188,廣明,38,6,32,合庫-鳳山,2023-08-17,1029
2002,中鋼,36,5,31,合庫-鳳山,2023-08-17,1029
00900,富邦特選高股息30,26,1,25,合庫-鳳山,2023-08-17,1029
2303,聯電,53,32,21,合庫-鳳山,2023-08-17,1029
00712,復華富時不動產,22,1,21,合庫-鳳山,2023-08-17,1029
5880,合庫金,26,5,21,合庫-鳳山,2023-08-17,1029
00687B,國泰20年美債,20,0,20,合庫-鳳山,2023-08-17,1029
3188,鑫龍騰,20,0,20,合庫-鳳山,2023-08-17,1029
2329,華泰,43,23,20,合庫-鳳山,2023-08-17,1029
2312,金寶,18,1,17,合庫-鳳山,2023-08-17,1029
4114,健喬,17,0,17,合庫-鳳山,2023-08-17,1029
2820,華票,15,0,15,合庫-鳳山,2023-08-17,1029
6547,高端疫苗,15,0,15,合庫-鳳山,2023-08-17,1029
00751B,元大AAA至A公司債,14,0,14,合庫-鳳山,2023-08-17,1029
2892,第一金,24,10,14,合庫-鳳山,2023-08-17,1029
00923,群益台ESG低碳50,13,0,13,合庫-鳳山,2023-08-17,1029
00893,國泰智能電動車,13,0,13,合庫-鳳山,2023-08-17,1029
1326,台化,11,0,11,合庫-鳳山,2023-08-17,1029
2845,遠東銀,10,0,10,合庫-鳳山,2023-08-17,1029
3707,漢磊,11,1,10,合庫-鳳山,2023-08-17,1029
4113,聯上,10,0,10,合庫-鳳山,2023-08-17,1029
8033,雷虎,10,0,10,合庫-鳳山,2023-08-17,1029
4414,如興,11,1,10,合庫-鳳山,2023-08-17,1029
1301,台塑,9,0,9,合庫-鳳山,2023-08-17,1029
2880,華南金,9,0,9,合庫-鳳山,2023-08-17,1029
1513,中興電,10,1,9,合庫-鳳山,2023-08-17,1029
2891,中信金,16,7,9,合庫-鳳山,2023-08-17,1029
2206,三陽工業,8,0,8,合庫-鳳山,2023-08-17,1029
00637L,元大滬深300正2,8,0,8,合庫-鳳山,2023-08-17,1029
1471,首利,13,5,8,合庫-鳳山,2023-08-17,1029
4746,台耀,11,3,8,合庫-鳳山,2023-08-17,1029
6122,擎邦,8,0,8,合庫-鳳山,2023-08-17,1029
6488,環球晶,8,0,8,合庫-鳳山,2023-08-17,1029
2887,台新金,8,1,7,合庫-鳳山,2023-08-17,1029
3105,穩懋,13,6,7,合庫-鳳山,2023-08-17,1029
2324,仁寶,81,74,7,合庫-鳳山,2023-08-17,1029
9927,泰銘,7,0,7,合庫-鳳山,2023-08-17,1029
00882,中信中國高股息,13,6,7,合庫-鳳山,2023-08-17,1029
1802,台玻,9,2,7,合庫-鳳山,2023-08-17,1029
2890,永豐金,7,0,7,合庫-鳳山,2023-08-17,1029
3715,定穎投控,16,9,7,合庫-鳳山,2023-08-17,1029
4536,拓凱,7,0,7,合庫-鳳山,2023-08-17,1029
2618,長榮航,9,3,6,合庫-鳳山,2023-08-17,1029
3056,富華新,7,1,6,合庫-鳳山,2023-08-17,1029
9904,寶成,6,0,6,合庫-鳳山,2023-08-17,1029
00676R,富邦臺灣加權反1,430,0,430,合庫-鳳山,2023-08-18,1029
00929,復華台灣科技優息,150,65,85,合庫-鳳山,2023-08-18,1029
2324,仁寶,127,43,84,合庫-鳳山,2023-08-18,1029
3231,緯創,247,169,78,合庫-鳳山,2023-08-18,1029
1101,台泥,80,10,70,合庫-鳳山,2023-08-18,1029
2884,玉山金,59,1,58,合庫-鳳山,2023-08-18,1029
3188,鑫龍騰,56,0,56,合庫-鳳山,2023-08-18,1029
00900,富邦特選高股息30,63,10,53,合庫-鳳山,2023-08-18,1029
2301,光寶科,58,17,41,合庫-鳳山,2023-08-18,1029
00712,復華富時不動產,40,0,40,合庫-鳳山,2023-08-18,1029
3037,欣興,42,5,37,合庫-鳳山,2023-08-18,1029
2363,矽統,63,31,32,合庫-鳳山,2023-08-18,1029
00648R,元大S＆P500反1,30,0,30,合庫-鳳山,2023-08-18,1029
00632R,元大台灣50反1,24,0,24,合庫-鳳山,2023-08-18,1029
1471,首利,26,3,23,合庫-鳳山,2023-08-18,1029
6015,宏遠證,23,0,23,合庫-鳳山,2023-08-18,1029
2883,凱基金,22,0,22,合庫-鳳山,2023-08-18,1029
3362,先進光,29,8,21,合庫-鳳山,2023-08-18,1029
00795B,中信美國公債20年,20,0,20,合庫-鳳山,2023-08-18,1029
2352,佳世達,23,5,18,合庫-鳳山,2023-08-18,1029
2402,毅嘉,33,15,18,合庫-鳳山,2023-08-18,1029
6531,愛普*,19,2,17,合庫-鳳山,2023-08-18,1029
2887,台新金,17,1,16,合庫-鳳山,2023-08-18,1029
2610,華航,39,23,16,合庫-鳳山,2023-08-18,1029
1504,東元,18,3,15,合庫-鳳山,2023-08-18,1029
2409,友達,18,3,15,合庫-鳳山,2023-08-18,1029
1319,東陽,16,2,14,合庫-鳳山,2023-08-18,1029
6547,高端疫苗,17,3,14,合庫-鳳山,2023-08-18,1029
2356,英業達,46,32,14,合庫-鳳山,2023-08-18,1029
00923,群益台ESG低碳50,13,0,13,合庫-鳳山,2023-08-18,1029
3260,威剛,12,0,12,合庫-鳳山,2023-08-18,1029
9945,潤泰新,12,0,12,合庫-鳳山,2023-08-18,1029
00725B,國泰投資級公司債,11,0,11,合庫-鳳山,2023-08-18,1029
1612,宏泰,13,2,11,合庫-鳳山,2023-08-18,1029
4976,佳凌,11,0,11,合庫-鳳山,2023-08-18,1029
6191,精成科,12,1,11,合庫-鳳山,2023-08-18,1029
2330,台積電,12,1,11,合庫-鳳山,2023-08-18,1029
00722B,群益投資級電信債,10,0,10,合庫-鳳山,2023-08-18,1029
00680L,元大美債20正2,10,0,10,合庫-鳳山,2023-08-18,1029
00671R,富邦NASDAQ反1,70,60,10,合庫-鳳山,2023-08-18,1029
1903,士紙,10,0,10,合庫-鳳山,2023-08-18,1029
2323,中環,10,0,10,合庫-鳳山,2023-08-18,1029
2634,漢翔,13,3,10,合庫-鳳山,2023-08-18,1029
3005,神基,11,1,10,合庫-鳳山,2023-08-18,1029
4402,郡都開發,10,0,10,合庫-鳳山,2023-08-18,1029
5880,合庫金,11,1,10,合庫-鳳山,2023-08-18,1029
2382,廣達,33,23,10,合庫-鳳山,2023-08-18,1029
1210,大成,10,1,9,合庫-鳳山,2023-08-18,1029
1503,士電,11,2,9,合庫-鳳山,2023-08-18,1029
00772B,中信高評級公司債,8,0,8,合庫-鳳山,2023-08-18,1029
00665L,富邦�琤肭磪囓�2,939,0,939,合庫-鳳山,2023-08-21,1029
00753L,中信中國50正2,200,0,200,合庫-鳳山,2023-08-21,1029
00632R,元大台灣50反1,160,0,160,合庫-鳳山,2023-08-21,1029
00715L,期街口布蘭特正2,85,0,85,合庫-鳳山,2023-08-21,1029
2338,光罩,148,83,65,合庫-鳳山,2023-08-21,1029
3188,鑫龍騰,55,0,55,合庫-鳳山,2023-08-21,1029
2312,金寶,51,3,48,合庫-鳳山,2023-08-21,1029
00687B,國泰20年美債,43,0,43,合庫-鳳山,2023-08-21,1029
2303,聯電,48,10,38,合庫-鳳山,2023-08-21,1029
5905,南仁湖,33,0,33,合庫-鳳山,2023-08-21,1029
00882,中信中國高股息,37,5,32,合庫-鳳山,2023-08-21,1029
00679B,元大美債20年,39,10,29,合庫-鳳山,2023-08-21,1029
2887,台新金,28,1,27,合庫-鳳山,2023-08-21,1029
3037,欣興,31,5,26,合庫-鳳山,2023-08-21,1029
2382,廣達,27,4,23,合庫-鳳山,2023-08-21,1029
6770,力積電,21,0,21,合庫-鳳山,2023-08-21,1029
2313,華通,21,0,21,合庫-鳳山,2023-08-21,1029
2516,新建,21,0,21,合庫-鳳山,2023-08-21,1029
2324,仁寶,33,14,19,合庫-鳳山,2023-08-21,1029
2637,慧洋-KY,27,8,19,合庫-鳳山,2023-08-21,1029
00919,群益台灣精選高息,18,0,18,合庫-鳳山,2023-08-21,1029
3051,力特,21,4,17,合庫-鳳山,2023-08-21,1029
2329,華泰,43,26,17,合庫-鳳山,2023-08-21,1029
2609,陽明,18,2,16,合庫-鳳山,2023-08-21,1029
6108,競國,16,0,16,合庫-鳳山,2023-08-21,1029
3306,鼎天,19,4,15,合庫-鳳山,2023-08-21,1029
1513,中興電,21,8,13,合庫-鳳山,2023-08-21,1029
3706,神達,17,5,12,合庫-鳳山,2023-08-21,1029
00637L,元大滬深300正2,16,5,11,合庫-鳳山,2023-08-21,1029
2038,海光,11,0,11,合庫-鳳山,2023-08-21,1029
2884,玉山金,21,10,11,合庫-鳳山,2023-08-21,1029
00931B,統一美債20年,10,0,10,合庫-鳳山,2023-08-21,1029
00795B,中信美國公債20年,10,0,10,合庫-鳳山,2023-08-21,1029
00881,國泰台灣5G+,10,0,10,合庫-鳳山,2023-08-21,1029
1101,台泥,14,4,10,合庫-鳳山,2023-08-21,1029
2820,華票,10,0,10,合庫-鳳山,2023-08-21,1029
3056,富華新,14,4,10,合庫-鳳山,2023-08-21,1029
6257,矽格,10,0,10,合庫-鳳山,2023-08-21,1029
1301,台塑,9,0,9,合庫-鳳山,2023-08-21,1029
00751B,元大AAA至A公司債,8,0,8,合庫-鳳山,2023-08-21,1029
2344,華邦電,8,0,8,合庫-鳳山,2023-08-21,1029
6117,迎廣,11,3,8,合庫-鳳山,2023-08-21,1029
00923,群益台ESG低碳50,7,0,7,合庫-鳳山,2023-08-21,1029
00633L,富邦上証正2,11,4,7,合庫-鳳山,2023-08-21,1029
1529,樂事綠能,7,0,7,合庫-鳳山,2023-08-21,1029
2605,新興,9,2,7,合庫-鳳山,2023-08-21,1029
6111,大宇資,7,0,7,合庫-鳳山,2023-08-21,1029
2641,正德,6,0,6,合庫-鳳山,2023-08-21,1029
6015,宏遠證,6,0,6,合庫-鳳山,2023-08-21,1029
7402,邑錡,6,0,6,合庫-鳳山,2023-08-21,1029
6147,頎邦,158,3,155,合庫-鳳山,2023-08-22,1029
00712,復華富時不動產,57,0,57,合庫-鳳山,2023-08-22,1029
3188,鑫龍騰,40,0,40,合庫-鳳山,2023-08-22,1029
1326,台化,35,0,35,合庫-鳳山,2023-08-22,1029
5905,南仁湖,32,0,32,合庫-鳳山,2023-08-22,1029
2886,兆豐金,35,3,32,合庫-鳳山,2023-08-22,1029
2356,英業達,73,42,31,合庫-鳳山,2023-08-22,1029
6117,迎廣,30,0,30,合庫-鳳山,2023-08-22,1029
2002,中鋼,24,0,24,合庫-鳳山,2023-08-22,1029
00929,復華台灣科技優息,23,2,21,合庫-鳳山,2023-08-22,1029
1605,華新,29,8,21,合庫-鳳山,2023-08-22,1029
00676R,富邦臺灣加權反1,20,0,20,合庫-鳳山,2023-08-22,1029
00687B,國泰20年美債,21,2,19,合庫-鳳山,2023-08-22,1029
2312,金寶,17,1,16,合庫-鳳山,2023-08-22,1029
1513,中興電,38,22,16,合庫-鳳山,2023-08-22,1029
2314,台揚,15,0,15,合庫-鳳山,2023-08-22,1029
3596,智易,21,6,15,合庫-鳳山,2023-08-22,1029
6170,統振,16,1,15,合庫-鳳山,2023-08-22,1029
2883,凱基金,23,9,14,合庫-鳳山,2023-08-22,1029
3380,明泰,14,0,14,合庫-鳳山,2023-08-22,1029
6139,亞翔,15,1,14,合庫-鳳山,2023-08-22,1029
5880,合庫金,13,0,13,合庫-鳳山,2023-08-22,1029
4979,華星光,14,1,13,合庫-鳳山,2023-08-22,1029
2641,正德,12,0,12,合庫-鳳山,2023-08-22,1029
2355,敬鵬,12,0,12,合庫-鳳山,2023-08-22,1029
2892,第一金,25,13,12,合庫-鳳山,2023-08-22,1029
2891,中信金,10,0,10,合庫-鳳山,2023-08-22,1029
00738U,期元大道瓊白銀,10,0,10,合庫-鳳山,2023-08-22,1029
00795B,中信美國公債20年,10,0,10,合庫-鳳山,2023-08-22,1029
1471,首利,17,7,10,合庫-鳳山,2023-08-22,1029
1603,華電,10,0,10,合庫-鳳山,2023-08-22,1029
2369,菱生,10,0,10,合庫-鳳山,2023-08-22,1029
2634,漢翔,10,0,10,合庫-鳳山,2023-08-22,1029
3576,聯合再生,10,0,10,合庫-鳳山,2023-08-22,1029
3591,艾笛森,10,0,10,合庫-鳳山,2023-08-22,1029
4915,致伸,10,0,10,合庫-鳳山,2023-08-22,1029
8027,鈦昇,10,0,10,合庫-鳳山,2023-08-22,1029
8033,雷虎,10,0,10,合庫-鳳山,2023-08-22,1029
8076,伍豐,10,0,10,合庫-鳳山,2023-08-22,1029
2344,華邦電,10,0,10,合庫-鳳山,2023-08-22,1029
00882,中信中國高股息,9,0,9,合庫-鳳山,2023-08-22,1029
2421,建準,19,10,9,合庫-鳳山,2023-08-22,1029
2332,友訊,18,10,8,合庫-鳳山,2023-08-22,1029
3325,旭品,13,5,8,合庫-鳳山,2023-08-22,1029
2303,聯電,15,7,8,合庫-鳳山,2023-08-22,1029
00632R,元大台灣50反1,8,0,8,合庫-鳳山,2023-08-22,1029
2401,凌陽,10,2,8,合庫-鳳山,2023-08-22,1029
2419,仲琦,24,16,8,合庫-鳳山,2023-08-22,1029
2363,矽統,31,24,7,合庫-鳳山,2023-08-22,1029
2913,農林,7,0,7,合庫-鳳山,2023-08-22,1029
00632R,元大台灣50反1,1885,0,1885,合庫-鳳山,2023-08-23,1029
2338,光罩,417,194,223,合庫-鳳山,2023-08-23,1029
2301,光寶科,88,38,50,合庫-鳳山,2023-08-23,1029
2002,中鋼,52,3,49,合庫-鳳山,2023-08-23,1029
3188,鑫龍騰,40,0,40,合庫-鳳山,2023-08-23,1029
4114,健喬,40,0,40,合庫-鳳山,2023-08-23,1029
4167,松瑞藥,40,0,40,合庫-鳳山,2023-08-23,1029
00923,群益台ESG低碳50,36,1,35,合庫-鳳山,2023-08-23,1029
2312,金寶,41,7,34,合庫-鳳山,2023-08-23,1029
2606,裕民,26,0,26,合庫-鳳山,2023-08-23,1029
8420,明揚,25,0,25,合庫-鳳山,2023-08-23,1029
2634,漢翔,59,35,24,合庫-鳳山,2023-08-23,1029
2329,華泰,37,15,22,合庫-鳳山,2023-08-23,1029
8050,廣積,25,3,22,合庫-鳳山,2023-08-23,1029
00929,復華台灣科技優息,23,3,20,合庫-鳳山,2023-08-23,1029
00931B,統一美債20年,20,0,20,合庫-鳳山,2023-08-23,1029
00680L,元大美債20正2,20,0,20,合庫-鳳山,2023-08-23,1029
2032,新鋼,22,2,20,合庫-鳳山,2023-08-23,1029
00712,復華富時不動產,19,0,19,合庫-鳳山,2023-08-23,1029
6282,康舒,33,16,17,合庫-鳳山,2023-08-23,1029
2303,聯電,19,3,16,合庫-鳳山,2023-08-23,1029
2609,陽明,17,1,16,合庫-鳳山,2023-08-23,1029
2618,長榮航,38,22,16,合庫-鳳山,2023-08-23,1029
2884,玉山金,15,0,15,合庫-鳳山,2023-08-23,1029
2352,佳世達,22,9,13,合庫-鳳山,2023-08-23,1029
00865B,國泰US短期公債,11,0,11,合庫-鳳山,2023-08-23,1029
5608,四維航,16,5,11,合庫-鳳山,2023-08-23,1029
00708L,期元大S＆P黃金正2,10,0,10,合庫-鳳山,2023-08-23,1029
7402,邑錡,10,0,10,合庫-鳳山,2023-08-23,1029
2637,慧洋-KY,11,2,9,合庫-鳳山,2023-08-23,1029
2911,麗嬰房,9,0,9,合庫-鳳山,2023-08-23,1029
8358,金居,8,0,8,合庫-鳳山,2023-08-23,1029
1784,訊聯,7,0,7,合庫-鳳山,2023-08-23,1029
2867,三商壽,7,0,7,合庫-鳳山,2023-08-23,1029
3715,定穎投控,12,5,7,合庫-鳳山,2023-08-23,1029
2328,廣宇,6,0,6,合庫-鳳山,2023-08-23,1029
3163,波若威,9,3,6,合庫-鳳山,2023-08-23,1029
1316,上曜,5,0,5,合庫-鳳山,2023-08-23,1029
1905,華紙,5,0,5,合庫-鳳山,2023-08-23,1029
2368,金像電,19,14,5,合庫-鳳山,2023-08-23,1029
2399,映泰,5,0,5,合庫-鳳山,2023-08-23,1029
2838,聯邦銀,5,0,5,合庫-鳳山,2023-08-23,1029
3022,威強電,5,0,5,合庫-鳳山,2023-08-23,1029
3058,立德,5,0,5,合庫-鳳山,2023-08-23,1029
3317,尼克森,5,0,5,合庫-鳳山,2023-08-23,1029
6185,幃翔,6,1,5,合庫-鳳山,2023-08-23,1029
6191,精成科,6,1,5,合庫-鳳山,2023-08-23,1029
9105,泰金寶-DR,4,0,4,合庫-鳳山,2023-08-23,1029
2913,農林,5,1,4,合庫-鳳山,2023-08-23,1029
8936,國統,4,0,4,合庫-鳳山,2023-08-23,1029
00929,復華台灣科技優息,413,104,309,合庫-鳳山,2023-08-24,1029
00665L,富邦�琤肭磪囓�2,300,100,200,合庫-鳳山,2023-08-24,1029
3231,緯創,190,66,124,合庫-鳳山,2023-08-24,1029
2880,華南金,111,0,111,合庫-鳳山,2023-08-24,1029
00650L,復華香港正2,75,0,75,合庫-鳳山,2023-08-24,1029
2338,光罩,212,155,57,合庫-鳳山,2023-08-24,1029
2618,長榮航,56,5,51,合庫-鳳山,2023-08-24,1029
1303,南亞,51,0,51,合庫-鳳山,2023-08-24,1029
2605,新興,47,0,47,合庫-鳳山,2023-08-24,1029
3188,鑫龍騰,35,0,35,合庫-鳳山,2023-08-24,1029
2312,金寶,32,2,30,合庫-鳳山,2023-08-24,1029
2382,廣達,60,33,27,合庫-鳳山,2023-08-24,1029
2363,矽統,130,103,27,合庫-鳳山,2023-08-24,1029
6147,頎邦,25,0,25,合庫-鳳山,2023-08-24,1029
2883,凱基金,23,0,23,合庫-鳳山,2023-08-24,1029
2324,仁寶,50,28,22,合庫-鳳山,2023-08-24,1029
00655L,國泰中國A50正2,20,0,20,合庫-鳳山,2023-08-24,1029
2006,東和鋼鐵,20,0,20,合庫-鳳山,2023-08-24,1029
5905,南仁湖,20,0,20,合庫-鳳山,2023-08-24,1029
8936,國統,18,0,18,合庫-鳳山,2023-08-24,1029
00830,國泰費城半導體,19,1,18,合庫-鳳山,2023-08-24,1029
00919,群益台灣精選高息,17,0,17,合庫-鳳山,2023-08-24,1029
2609,陽明,21,5,16,合庫-鳳山,2023-08-24,1029
2032,新鋼,17,2,15,合庫-鳳山,2023-08-24,1029
2886,兆豐金,15,0,15,合庫-鳳山,2023-08-24,1029
2884,玉山金,16,2,14,合庫-鳳山,2023-08-24,1029
3041,揚智,20,6,14,合庫-鳳山,2023-08-24,1029
9904,寶成,12,0,12,合庫-鳳山,2023-08-24,1029
6168,宏齊,13,1,12,合庫-鳳山,2023-08-24,1029
8420,明揚,12,0,12,合庫-鳳山,2023-08-24,1029
2637,慧洋-KY,10,0,10,合庫-鳳山,2023-08-24,1029
3016,嘉晶,10,0,10,合庫-鳳山,2023-08-24,1029
3308,聯德,13,3,10,合庫-鳳山,2023-08-24,1029
4128,中天,10,0,10,合庫-鳳山,2023-08-24,1029
5880,合庫金,10,0,10,合庫-鳳山,2023-08-24,1029
6821,聯寶,10,0,10,合庫-鳳山,2023-08-24,1029
9950,萬國通,10,0,10,合庫-鳳山,2023-08-24,1029
2485,兆赫,10,1,9,合庫-鳳山,2023-08-24,1029
3380,明泰,14,5,9,合庫-鳳山,2023-08-24,1029
5452,佶優,10,1,9,合庫-鳳山,2023-08-24,1029
8358,金居,10,1,9,合庫-鳳山,2023-08-24,1029
2002,中鋼,12,3,9,合庫-鳳山,2023-08-24,1029
2449,京元電子,13,5,8,合庫-鳳山,2023-08-24,1029
2498,宏達電,8,0,8,合庫-鳳山,2023-08-24,1029
3094,聯傑,8,0,8,合庫-鳳山,2023-08-24,1029
2615,萬海,7,0,7,合庫-鳳山,2023-08-24,1029
1815,富喬,9,2,7,合庫-鳳山,2023-08-24,1029
2488,漢平,7,0,7,合庫-鳳山,2023-08-24,1029
2610,華航,20,13,7,合庫-鳳山,2023-08-24,1029
5009,榮剛,7,0,7,合庫-鳳山,2023-08-24,1029
3231,緯創,344,131,213,合庫-鳳山,2023-08-25,1029
00878,國泰永續高股息,143,3,140,合庫-鳳山,2023-08-25,1029
2303,聯電,136,0,136,合庫-鳳山,2023-08-25,1029
00929,復華台灣科技優息,120,7,113,合庫-鳳山,2023-08-25,1029
1101,台泥,72,0,72,合庫-鳳山,2023-08-25,1029
6179,亞通,57,0,57,合庫-鳳山,2023-08-25,1029
6147,頎邦,119,64,55,合庫-鳳山,2023-08-25,1029
0056,元大高股息,54,1,53,合庫-鳳山,2023-08-25,1029
5905,南仁湖,50,0,50,合庫-鳳山,2023-08-25,1029
2329,華泰,55,10,45,合庫-鳳山,2023-08-25,1029
00665L,富邦�琤肭磪囓�2,80,40,40,合庫-鳳山,2023-08-25,1029
2382,廣達,64,32,32,合庫-鳳山,2023-08-25,1029
00752,中信中國50,30,0,30,合庫-鳳山,2023-08-25,1029
5880,合庫金,40,11,29,合庫-鳳山,2023-08-25,1029
1721,三晃,30,2,28,合庫-鳳山,2023-08-25,1029
00919,群益台灣精選高息,25,0,25,合庫-鳳山,2023-08-25,1029
2002,中鋼,24,0,24,合庫-鳳山,2023-08-25,1029
2324,仁寶,44,28,16,合庫-鳳山,2023-08-25,1029
2634,漢翔,57,41,16,合庫-鳳山,2023-08-25,1029
2886,兆豐金,15,0,15,合庫-鳳山,2023-08-25,1029
3037,欣興,18,3,15,合庫-鳳山,2023-08-25,1029
00692,富邦公司治理,14,0,14,合庫-鳳山,2023-08-25,1029
00830,國泰費城半導體,14,0,14,合庫-鳳山,2023-08-25,1029
2032,新鋼,16,2,14,合庫-鳳山,2023-08-25,1029
2618,長榮航,16,3,13,合庫-鳳山,2023-08-25,1029
6116,彩晶,12,0,12,合庫-鳳山,2023-08-25,1029
2891,中信金,11,0,11,合庫-鳳山,2023-08-25,1029
8222,寶一,17,6,11,合庫-鳳山,2023-08-25,1029
3041,揚智,15,5,10,合庫-鳳山,2023-08-25,1029
4938,和碩,11,1,10,合庫-鳳山,2023-08-25,1029
9950,萬國通,10,0,10,合庫-鳳山,2023-08-25,1029
3706,神達,11,2,9,合庫-鳳山,2023-08-25,1029
2363,矽統,63,54,9,合庫-鳳山,2023-08-25,1029
2301,光寶科,23,14,9,合庫-鳳山,2023-08-25,1029
2897,王道銀行,10,1,9,合庫-鳳山,2023-08-25,1029
2884,玉山金,8,0,8,合庫-鳳山,2023-08-25,1029
00900,富邦特選高股息30,18,10,8,合庫-鳳山,2023-08-25,1029
2027,大成鋼,11,3,8,合庫-鳳山,2023-08-25,1029
2836,高雄銀,10,2,8,合庫-鳳山,2023-08-25,1029
2331,精英,35,28,7,合庫-鳳山,2023-08-25,1029
2399,映泰,10,3,7,合庫-鳳山,2023-08-25,1029
2516,新建,14,7,7,合庫-鳳山,2023-08-25,1029
6111,大宇資,7,0,7,合庫-鳳山,2023-08-25,1029
3017,奇鋐,7,1,6,合庫-鳳山,2023-08-25,1029
00923,群益台ESG低碳50,11,5,6,合庫-鳳山,2023-08-25,1029
3045,台灣大,5,0,5,合庫-鳳山,2023-08-25,1029
6188,廣明,5,0,5,合庫-鳳山,2023-08-25,1029
2330,台積電,6,1,5,合庫-鳳山,2023-08-25,1029
00931B,統一美債20年,5,0,5,合庫-鳳山,2023-08-25,1029
00715L,期街口布蘭特正2,15,10,5,合庫-鳳山,2023-08-25,1029
00929,復華台灣科技優息,345,4,341,合庫-鳳山,2023-08-28,1029
2880,華南金,103,1,102,合庫-鳳山,2023-08-28,1029
6147,頎邦,110,34,76,合庫-鳳山,2023-08-28,1029
00878,國泰永續高股息,40,0,40,合庫-鳳山,2023-08-28,1029
4906,正文,39,6,33,合庫-鳳山,2023-08-28,1029
2610,華航,40,10,30,合庫-鳳山,2023-08-28,1029
5905,南仁湖,30,0,30,合庫-鳳山,2023-08-28,1029
5608,四維航,25,0,25,合庫-鳳山,2023-08-28,1029
00671R,富邦NASDAQ反1,24,0,24,合庫-鳳山,2023-08-28,1029
5340,建榮,25,1,24,合庫-鳳山,2023-08-28,1029
2352,佳世達,24,3,21,合庫-鳳山,2023-08-28,1029
2634,漢翔,37,19,18,合庫-鳳山,2023-08-28,1029
1718,中纖,15,0,15,合庫-鳳山,2023-08-28,1029
2388,威盛,22,7,15,合庫-鳳山,2023-08-28,1029
00900,富邦特選高股息30,13,0,13,合庫-鳳山,2023-08-28,1029
2382,廣達,39,28,11,合庫-鳳山,2023-08-28,1029
2449,京元電子,18,7,11,合庫-鳳山,2023-08-28,1029
3308,聯德,18,7,11,合庫-鳳山,2023-08-28,1029
6122,擎邦,11,0,11,合庫-鳳山,2023-08-28,1029
2314,台揚,10,0,10,合庫-鳳山,2023-08-28,1029
2323,中環,10,0,10,合庫-鳳山,2023-08-28,1029
4167,松瑞藥,10,0,10,合庫-鳳山,2023-08-28,1029
5301,寶得利,10,0,10,合庫-鳳山,2023-08-28,1029
6005,群益證,10,0,10,合庫-鳳山,2023-08-28,1029
2363,矽統,37,27,10,合庫-鳳山,2023-08-28,1029
1529,樂事綠能,10,1,9,合庫-鳳山,2023-08-28,1029
2603,長榮,9,0,9,合庫-鳳山,2023-08-28,1029
5347,世界,9,0,9,合庫-鳳山,2023-08-28,1029
1513,中興電,9,0,9,合庫-鳳山,2023-08-28,1029
1737,臺鹽,15,7,8,合庫-鳳山,2023-08-28,1029
4968,立積,8,0,8,合庫-鳳山,2023-08-28,1029
1514,亞力,6,0,6,合庫-鳳山,2023-08-28,1029
2032,新鋼,6,0,6,合庫-鳳山,2023-08-28,1029
3078,僑威,6,0,6,合庫-鳳山,2023-08-28,1029
3260,威剛,6,0,6,合庫-鳳山,2023-08-28,1029
5706,鳳凰,7,1,6,合庫-鳳山,2023-08-28,1029
2645,長榮航太,18,12,6,合庫-鳳山,2023-08-28,1029
3105,穩懋,10,5,5,合庫-鳳山,2023-08-28,1029
00724B,群益投資級金融債,5,0,5,合庫-鳳山,2023-08-28,1029
00795B,中信美國公債20年,5,0,5,合庫-鳳山,2023-08-28,1029
2377,微星,5,0,5,合庫-鳳山,2023-08-28,1029
2516,新建,5,0,5,合庫-鳳山,2023-08-28,1029
2543,皇昌,5,0,5,合庫-鳳山,2023-08-28,1029
2838,聯邦銀,5,0,5,合庫-鳳山,2023-08-28,1029
3037,欣興,6,1,5,合庫-鳳山,2023-08-28,1029
3338,泰碩,5,0,5,合庫-鳳山,2023-08-28,1029
3441,聯一光,5,0,5,合庫-鳳山,2023-08-28,1029
4142,國光生,5,0,5,合庫-鳳山,2023-08-28,1029
4707,磐亞,5,0,5,合庫-鳳山,2023-08-28,1029
5434,崇越,5,0,5,合庫-鳳山,2023-08-28,1029
00929,復華台灣科技優息,81,6,75,合庫-鳳山,2023-08-29,1029
00632R,元大台灣50反1,87,19,68,合庫-鳳山,2023-08-29,1029
00919,群益台灣精選高息,56,0,56,合庫-鳳山,2023-08-29,1029
2363,矽統,213,158,55,合庫-鳳山,2023-08-29,1029
2409,友達,51,0,51,合庫-鳳山,2023-08-29,1029
1721,三晃,32,0,32,合庫-鳳山,2023-08-29,1029
2317,鴻海,38,9,29,合庫-鳳山,2023-08-29,1029
2441,超豐,21,0,21,合庫-鳳山,2023-08-29,1029
9950,萬國通,18,0,18,合庫-鳳山,2023-08-29,1029
2002,中鋼,19,3,16,合庫-鳳山,2023-08-29,1029
2884,玉山金,18,3,15,合庫-鳳山,2023-08-29,1029
2455,全新,16,1,15,合庫-鳳山,2023-08-29,1029
2383,台光電,20,6,14,合庫-鳳山,2023-08-29,1029
1709,和益,11,0,11,合庫-鳳山,2023-08-29,1029
1304,台聚,10,0,10,合庫-鳳山,2023-08-29,1029
5905,南仁湖,10,0,10,合庫-鳳山,2023-08-29,1029
6548,長科*,10,0,10,合庫-鳳山,2023-08-29,1029
2022,聚亨,10,1,9,合庫-鳳山,2023-08-29,1029
1471,首利,19,10,9,合庫-鳳山,2023-08-29,1029
2634,漢翔,23,14,9,合庫-鳳山,2023-08-29,1029
6770,力積電,9,0,9,合庫-鳳山,2023-08-29,1029
2434,統懋,8,0,8,合庫-鳳山,2023-08-29,1029
4968,立積,8,0,8,合庫-鳳山,2023-08-29,1029
2449,京元電子,11,3,8,合庫-鳳山,2023-08-29,1029
2886,兆豐金,7,0,7,合庫-鳳山,2023-08-29,1029
2032,新鋼,6,0,6,合庫-鳳山,2023-08-29,1029
2038,海光,6,0,6,合庫-鳳山,2023-08-29,1029
2303,聯電,7,1,6,合庫-鳳山,2023-08-29,1029
2323,中環,6,0,6,合庫-鳳山,2023-08-29,1029
3041,揚智,6,0,6,合庫-鳳山,2023-08-29,1029
00680L,元大美債20正2,5,0,5,合庫-鳳山,2023-08-29,1029
00795B,中信美國公債20年,5,0,5,合庫-鳳山,2023-08-29,1029
1718,中纖,5,0,5,合庫-鳳山,2023-08-29,1029
2312,金寶,5,0,5,合庫-鳳山,2023-08-29,1029
3088,艾訊,5,0,5,合庫-鳳山,2023-08-29,1029
4417,金洲,5,0,5,合庫-鳳山,2023-08-29,1029
4938,和碩,5,0,5,合庫-鳳山,2023-08-29,1029
4961,天鈺,7,2,5,合庫-鳳山,2023-08-29,1029
5314,世紀,5,0,5,合庫-鳳山,2023-08-29,1029
6821,聯寶,5,0,5,合庫-鳳山,2023-08-29,1029
8222,寶一,7,2,5,合庫-鳳山,2023-08-29,1029
5880,合庫金,4,0,4,合庫-鳳山,2023-08-29,1029
9945,潤泰新,5,1,4,合庫-鳳山,2023-08-29,1029
00794B,群益7+中國政金債,4,0,4,合庫-鳳山,2023-08-29,1029
1504,東元,5,1,4,合庫-鳳山,2023-08-29,1029
1905,華紙,4,0,4,合庫-鳳山,2023-08-29,1029
2340,台亞,5,1,4,合庫-鳳山,2023-08-29,1029
3051,力特,5,1,4,合庫-鳳山,2023-08-29,1029
3071,協禧,4,0,4,合庫-鳳山,2023-08-29,1029
3149,正達,4,0,4,合庫-鳳山,2023-08-29,1029
2338,光罩,220,126,94,合庫-鳳山,2023-08-30,1029
2618,長榮航,120,34,86,合庫-鳳山,2023-08-30,1029
2887,台新金,79,6,73,合庫-鳳山,2023-08-30,1029
2409,友達,53,0,53,合庫-鳳山,2023-08-30,1029
1802,台玻,53,6,47,合庫-鳳山,2023-08-30,1029
6443,元晶,37,0,37,合庫-鳳山,2023-08-30,1029
5880,合庫金,31,0,31,合庫-鳳山,2023-08-30,1029
00671R,富邦NASDAQ反1,24,0,24,合庫-鳳山,2023-08-30,1029
2610,華航,45,23,22,合庫-鳳山,2023-08-30,1029
00642U,期元大S＆P石油,17,0,17,合庫-鳳山,2023-08-30,1029
6531,愛普*,18,2,16,合庫-鳳山,2023-08-30,1029
1471,首利,18,4,14,合庫-鳳山,2023-08-30,1029
3231,緯創,28,14,14,合庫-鳳山,2023-08-30,1029
2609,陽明,43,30,13,合庫-鳳山,2023-08-30,1029
5608,四維航,13,0,13,合庫-鳳山,2023-08-30,1029
00830,國泰費城半導體,12,0,12,合庫-鳳山,2023-08-30,1029
2434,統懋,12,0,12,合庫-鳳山,2023-08-30,1029
2834,臺企銀,12,0,12,合庫-鳳山,2023-08-30,1029
00882,中信中國高股息,11,0,11,合庫-鳳山,2023-08-30,1029
2355,敬鵬,25,16,9,合庫-鳳山,2023-08-30,1029
5009,榮剛,9,0,9,合庫-鳳山,2023-08-30,1029
6026,福邦證,9,0,9,合庫-鳳山,2023-08-30,1029
2317,鴻海,9,0,9,合庫-鳳山,2023-08-30,1029
2324,仁寶,14,6,8,合庫-鳳山,2023-08-30,1029
3105,穩懋,8,0,8,合庫-鳳山,2023-08-30,1029
00885,富邦越南,11,4,7,合庫-鳳山,2023-08-30,1029
6550,北極星藥業-KY,7,0,7,合庫-鳳山,2023-08-30,1029
2886,兆豐金,7,0,7,合庫-鳳山,2023-08-30,1029
00655L,國泰中國A50正2,6,0,6,合庫-鳳山,2023-08-30,1029
2344,華邦電,26,20,6,合庫-鳳山,2023-08-30,1029
3583,辛耘,6,0,6,合庫-鳳山,2023-08-30,1029
3706,神達,9,3,6,合庫-鳳山,2023-08-30,1029
4128,中天,7,1,6,合庫-鳳山,2023-08-30,1029
4563,百德,6,0,6,合庫-鳳山,2023-08-30,1029
6282,康舒,6,0,6,合庫-鳳山,2023-08-30,1029
00637L,元大滬深300正2,5,0,5,合庫-鳳山,2023-08-30,1029
1513,中興電,6,1,5,合庫-鳳山,2023-08-30,1029
2495,普安,5,0,5,合庫-鳳山,2023-08-30,1029
3006,晶豪科,6,1,5,合庫-鳳山,2023-08-30,1029
3264,欣銓,10,5,5,合庫-鳳山,2023-08-30,1029
4908,前鼎,5,0,5,合庫-鳳山,2023-08-30,1029
6198,瑞築,5,0,5,合庫-鳳山,2023-08-30,1029
8046,南電,5,0,5,合庫-鳳山,2023-08-30,1029
00919,群益台灣精選高息,8,4,4,合庫-鳳山,2023-08-30,1029
4953,緯軟,4,0,4,合庫-鳳山,2023-08-30,1029
1717,長興,4,0,4,合庫-鳳山,2023-08-30,1029
1789,神隆,4,0,4,合庫-鳳山,2023-08-30,1029
2707,晶華,4,0,4,合庫-鳳山,2023-08-30,1029
3257,虹冠電,5,1,4,合庫-鳳山,2023-08-30,1029
5284,jpp-KY,4,0,4,合庫-鳳山,2023-08-30,1029
2367,燿華,206,11,195,合庫-鳳山,2023-08-31,1029
00929,復華台灣科技優息,88,5,83,合庫-鳳山,2023-08-31,1029
00919,群益台灣精選高息,75,1,74,合庫-鳳山,2023-08-31,1029
2887,台新金,52,0,52,合庫-鳳山,2023-08-31,1029
2883,凱基金,43,0,43,合庫-鳳山,2023-08-31,1029
00671R,富邦NASDAQ反1,42,0,42,合庫-鳳山,2023-08-31,1029
2324,仁寶,50,11,39,合庫-鳳山,2023-08-31,1029
1101,台泥,32,0,32,合庫-鳳山,2023-08-31,1029
00680L,元大美債20正2,30,0,30,合庫-鳳山,2023-08-31,1029
00891,中信關鍵半導體,32,5,27,合庫-鳳山,2023-08-31,1029
8222,寶一,31,9,22,合庫-鳳山,2023-08-31,1029
2436,偉詮電,27,6,21,合庫-鳳山,2023-08-31,1029
00885,富邦越南,37,16,21,合庫-鳳山,2023-08-31,1029
5301,寶得利,20,0,20,合庫-鳳山,2023-08-31,1029
3706,神達,25,6,19,合庫-鳳山,2023-08-31,1029
6126,信音,20,1,19,合庫-鳳山,2023-08-31,1029
2890,永豐金,15,0,15,合庫-鳳山,2023-08-31,1029
00923,群益台ESG低碳50,15,0,15,合庫-鳳山,2023-08-31,1029
2002,中鋼,15,0,15,合庫-鳳山,2023-08-31,1029
2330,台積電,13,1,12,合庫-鳳山,2023-08-31,1029
0056,元大高股息,12,0,12,合庫-鳳山,2023-08-31,1029
00900,富邦特選高股息30,11,0,11,合庫-鳳山,2023-08-31,1029
2645,長榮航太,16,5,11,合庫-鳳山,2023-08-31,1029
2801,彰銀,11,0,11,合庫-鳳山,2023-08-31,1029
6117,迎廣,11,0,11,合庫-鳳山,2023-08-31,1029
3045,台灣大,10,0,10,合庫-鳳山,2023-08-31,1029
1514,亞力,21,11,10,合庫-鳳山,2023-08-31,1029
3715,定穎投控,18,8,10,合庫-鳳山,2023-08-31,1029
6796,晉弘,10,0,10,合庫-鳳山,2023-08-31,1029
2027,大成鋼,11,2,9,合庫-鳳山,2023-08-31,1029
3042,晶技,10,1,9,合庫-鳳山,2023-08-31,1029
6547,高端疫苗,14,5,9,合庫-鳳山,2023-08-31,1029
3035,智原,12,3,9,合庫-鳳山,2023-08-31,1029
5880,合庫金,23,15,8,合庫-鳳山,2023-08-31,1029
2376,技嘉,15,7,8,合庫-鳳山,2023-08-31,1029
6213,聯茂,15,7,8,合庫-鳳山,2023-08-31,1029
2884,玉山金,7,0,7,合庫-鳳山,2023-08-31,1029
2301,光寶科,22,15,7,合庫-鳳山,2023-08-31,1029
3032,偉訓,7,0,7,合庫-鳳山,2023-08-31,1029
6435,大中,7,0,7,合庫-鳳山,2023-08-31,1029
1802,台玻,9,3,6,合庫-鳳山,2023-08-31,1029
1409,新纖,6,0,6,合庫-鳳山,2023-08-31,1029
1522,堤維西,9,3,6,合庫-鳳山,2023-08-31,1029
2401,凌陽,20,14,6,合庫-鳳山,2023-08-31,1029
2881,富邦金,6,0,6,合庫-鳳山,2023-08-31,1029
3227,原相,7,1,6,合庫-鳳山,2023-08-31,1029
5314,世紀,6,0,6,合庫-鳳山,2023-08-31,1029
8088,品安,15,9,6,合庫-鳳山,2023-08-31,1029
2371,大同,5,0,5,合庫-鳳山,2023-08-31,1029
1467,南緯,12,7,5,合庫-鳳山,2023-08-31,1029
6179,亞通,194,43,151,合庫-鳳山,2023-09-01,1029
2323,中環,100,0,100,合庫-鳳山,2023-09-01,1029
00919,群益台灣精選高息,82,1,81,合庫-鳳山,2023-09-01,1029
00929,復華台灣科技優息,76,0,76,合庫-鳳山,2023-09-01,1029
2390,云辰,53,3,50,合庫-鳳山,2023-09-01,1029
2356,英業達,68,26,42,合庫-鳳山,2023-09-01,1029
2836,高雄銀,42,0,42,合庫-鳳山,2023-09-01,1029
2886,兆豐金,41,0,41,合庫-鳳山,2023-09-01,1029
00712,復華富時不動產,36,0,36,合庫-鳳山,2023-09-01,1029
2382,廣達,38,3,35,合庫-鳳山,2023-09-01,1029
00719B,元大美債1-3,33,0,33,合庫-鳳山,2023-09-01,1029
00673R,期元大S＆P原油反1,30,0,30,合庫-鳳山,2023-09-01,1029
1513,中興電,73,44,29,合庫-鳳山,2023-09-01,1029
2329,華泰,33,6,27,合庫-鳳山,2023-09-01,1029
8210,勤誠,37,10,27,合庫-鳳山,2023-09-01,1029
2331,精英,29,5,24,合庫-鳳山,2023-09-01,1029
6282,康舒,28,5,23,合庫-鳳山,2023-09-01,1029
2887,台新金,21,0,21,合庫-鳳山,2023-09-01,1029
8048,德勝,23,2,21,合庫-鳳山,2023-09-01,1029
2338,光罩,120,99,21,合庫-鳳山,2023-09-01,1029
2368,金像電,20,0,20,合庫-鳳山,2023-09-01,1029
1605,華新,22,2,20,合庫-鳳山,2023-09-01,1029
5608,四維航,20,0,20,合庫-鳳山,2023-09-01,1029
5880,合庫金,20,2,18,合庫-鳳山,2023-09-01,1029
00932,兆豐永續高息等權,27,10,17,合庫-鳳山,2023-09-01,1029
1402,遠東新,16,0,16,合庫-鳳山,2023-09-01,1029
3037,欣興,17,1,16,合庫-鳳山,2023-09-01,1029
00878,國泰永續高股息,15,1,14,合庫-鳳山,2023-09-01,1029
2891,中信金,14,0,14,合庫-鳳山,2023-09-01,1029
00679B,元大美債20年,13,0,13,合庫-鳳山,2023-09-01,1029
1522,堤維西,17,4,13,合庫-鳳山,2023-09-01,1029
2884,玉山金,12,0,12,合庫-鳳山,2023-09-01,1029
2485,兆赫,38,26,12,合庫-鳳山,2023-09-01,1029
2324,仁寶,11,1,10,合庫-鳳山,2023-09-01,1029
1434,福懋,10,0,10,合庫-鳳山,2023-09-01,1029
1304,台聚,10,0,10,合庫-鳳山,2023-09-01,1029
00885,富邦越南,10,0,10,合庫-鳳山,2023-09-01,1029
2801,彰銀,10,0,10,合庫-鳳山,2023-09-01,1029
2301,光寶科,56,48,8,合庫-鳳山,2023-09-01,1029
00900,富邦特選高股息30,28,20,8,合庫-鳳山,2023-09-01,1029
2401,凌陽,8,0,8,合庫-鳳山,2023-09-01,1029
3078,僑威,11,4,7,合庫-鳳山,2023-09-01,1029
006208,富邦台50,7,0,7,合庫-鳳山,2023-09-01,1029
2399,映泰,8,1,7,合庫-鳳山,2023-09-01,1029
6182,合晶,10,3,7,合庫-鳳山,2023-09-01,1029
4162,智擎,7,1,6,合庫-鳳山,2023-09-01,1029
1307,三芳,6,0,6,合庫-鳳山,2023-09-01,1029
1540,喬福,6,0,6,合庫-鳳山,2023-09-01,1029
2511,太子,6,0,6,合庫-鳳山,2023-09-01,1029
6593,台灣銘板,6,0,6,合庫-鳳山,2023-09-01,1029
00929,復華台灣科技優息,182,67,115,合庫-鳳山,2023-09-04,1029
00919,群益台灣精選高息,64,0,64,合庫-鳳山,2023-09-04,1029
2323,中環,78,18,60,合庫-鳳山,2023-09-04,1029
2371,大同,73,21,52,合庫-鳳山,2023-09-04,1029
4114,健喬,50,0,50,合庫-鳳山,2023-09-04,1029
3715,定穎投控,38,2,36,合庫-鳳山,2023-09-04,1029
2402,毅嘉,49,22,27,合庫-鳳山,2023-09-04,1029
2338,光罩,58,32,26,合庫-鳳山,2023-09-04,1029
1905,華紙,31,7,24,合庫-鳳山,2023-09-04,1029
6173,信昌電,23,1,22,合庫-鳳山,2023-09-04,1029
2009,第一銅,20,0,20,合庫-鳳山,2023-09-04,1029
3005,神基,20,0,20,合庫-鳳山,2023-09-04,1029
00671R,富邦NASDAQ反1,17,0,17,合庫-鳳山,2023-09-04,1029
2002,中鋼,24,7,17,合庫-鳳山,2023-09-04,1029
2409,友達,23,7,16,合庫-鳳山,2023-09-04,1029
1802,台玻,19,4,15,合庫-鳳山,2023-09-04,1029
2881,富邦金,15,0,15,合庫-鳳山,2023-09-04,1029
1101,台泥,14,0,14,合庫-鳳山,2023-09-04,1029
00931B,統一美債20年,15,1,14,合庫-鳳山,2023-09-04,1029
2317,鴻海,14,0,14,合庫-鳳山,2023-09-04,1029
2634,漢翔,18,4,14,合庫-鳳山,2023-09-04,1029
2376,技嘉,26,13,13,合庫-鳳山,2023-09-04,1029
2891,中信金,13,0,13,合庫-鳳山,2023-09-04,1029
00687B,國泰20年美債,12,0,12,合庫-鳳山,2023-09-04,1029
00673R,期元大S＆P原油反1,12,0,12,合庫-鳳山,2023-09-04,1029
6234,高僑,12,0,12,合庫-鳳山,2023-09-04,1029
2014,中鴻,12,1,11,合庫-鳳山,2023-09-04,1029
3481,群創,23,12,11,合庫-鳳山,2023-09-04,1029
2344,華邦電,13,2,11,合庫-鳳山,2023-09-04,1029
00636,國泰中國A50,10,0,10,合庫-鳳山,2023-09-04,1029
00650L,復華香港正2,10,0,10,合庫-鳳山,2023-09-04,1029
2028,威致,10,0,10,合庫-鳳山,2023-09-04,1029
2812,台中銀,10,0,10,合庫-鳳山,2023-09-04,1029
3056,富華新,10,0,10,合庫-鳳山,2023-09-04,1029
2492,華新科,14,5,9,合庫-鳳山,2023-09-04,1029
1471,首利,10,1,9,合庫-鳳山,2023-09-04,1029
4976,佳凌,9,0,9,合庫-鳳山,2023-09-04,1029
1609,大亞,10,1,9,合庫-鳳山,2023-09-04,1029
2329,華泰,17,9,8,合庫-鳳山,2023-09-04,1029
2363,矽統,62,54,8,合庫-鳳山,2023-09-04,1029
00772B,中信高評級公司債,11,3,8,合庫-鳳山,2023-09-04,1029
6213,聯茂,12,4,8,合庫-鳳山,2023-09-04,1029
6239,力成,9,1,8,合庫-鳳山,2023-09-04,1029
3689,湧德,7,0,7,合庫-鳳山,2023-09-04,1029
4908,前鼎,7,0,7,合庫-鳳山,2023-09-04,1029
00923,群益台ESG低碳50,6,0,6,合庫-鳳山,2023-09-04,1029
00932,兆豐永續高息等權,6,0,6,合庫-鳳山,2023-09-04,1029
00764B,群益25年美債,6,0,6,合庫-鳳山,2023-09-04,1029
1402,遠東新,6,0,6,合庫-鳳山,2023-09-04,1029
1455,集盛,6,0,6,合庫-鳳山,2023-09-04,1029
2880,華南金,503,1,502,合庫-鳳山,2023-09-05,1029
6109,亞元,170,19,151,合庫-鳳山,2023-09-05,1029
4915,致伸,58,5,53,合庫-鳳山,2023-09-05,1029
00878,國泰永續高股息,56,4,52,合庫-鳳山,2023-09-05,1029
4552,力達-KY,49,0,49,合庫-鳳山,2023-09-05,1029
2836,高雄銀,47,0,47,合庫-鳳山,2023-09-05,1029
00706L,期元大S＆P日圓正2,35,0,35,合庫-鳳山,2023-09-05,1029
3188,鑫龍騰,33,0,33,合庫-鳳山,2023-09-05,1029
00919,群益台灣精選高息,39,11,28,合庫-鳳山,2023-09-05,1029
3588,通嘉,33,5,28,合庫-鳳山,2023-09-05,1029
6026,福邦證,34,7,27,合庫-鳳山,2023-09-05,1029
2303,聯電,34,11,23,合庫-鳳山,2023-09-05,1029
3037,欣興,26,4,22,合庫-鳳山,2023-09-05,1029
00636,國泰中國A50,20,0,20,合庫-鳳山,2023-09-05,1029
00900,富邦特選高股息30,45,27,18,合庫-鳳山,2023-09-05,1029
3231,緯創,33,17,16,合庫-鳳山,2023-09-05,1029
2440,太空梭,15,1,14,合庫-鳳山,2023-09-05,1029
00931B,統一美債20年,13,0,13,合庫-鳳山,2023-09-05,1029
2402,毅嘉,28,15,13,合庫-鳳山,2023-09-05,1029
3481,群創,36,24,12,合庫-鳳山,2023-09-05,1029
3051,力特,17,5,12,合庫-鳳山,2023-09-05,1029
00918,大華優利高填息30,11,0,11,合庫-鳳山,2023-09-05,1029
2906,高林,12,1,11,合庫-鳳山,2023-09-05,1029
4536,拓凱,11,0,11,合庫-鳳山,2023-09-05,1029
5258,虹堡,12,1,11,合庫-鳳山,2023-09-05,1029
2027,大成鋼,10,0,10,合庫-鳳山,2023-09-05,1029
2630,亞航,10,0,10,合庫-鳳山,2023-09-05,1029
3703,欣陸,10,0,10,合庫-鳳山,2023-09-05,1029
5488,松普,10,0,10,合庫-鳳山,2023-09-05,1029
6218,豪勉,10,0,10,合庫-鳳山,2023-09-05,1029
1584,精剛,13,4,9,合庫-鳳山,2023-09-05,1029
2344,華邦電,15,6,9,合庫-鳳山,2023-09-05,1029
2434,統懋,9,0,9,合庫-鳳山,2023-09-05,1029
2436,偉詮電,38,29,9,合庫-鳳山,2023-09-05,1029
3260,威剛,9,0,9,合庫-鳳山,2023-09-05,1029
1101,台泥,9,0,9,合庫-鳳山,2023-09-05,1029
2301,光寶科,38,30,8,合庫-鳳山,2023-09-05,1029
3056,富華新,11,3,8,合庫-鳳山,2023-09-05,1029
6547,高端疫苗,28,20,8,合庫-鳳山,2023-09-05,1029
8908,欣雄,8,0,8,合庫-鳳山,2023-09-05,1029
9958,世紀鋼,8,0,8,合庫-鳳山,2023-09-05,1029
3545,敦泰,10,2,8,合庫-鳳山,2023-09-05,1029
2610,華航,9,2,7,合庫-鳳山,2023-09-05,1029
2885,元大金,7,0,7,合庫-鳳山,2023-09-05,1029
8044,網家,7,0,7,合庫-鳳山,2023-09-05,1029
4162,智擎,6,0,6,合庫-鳳山,2023-09-05,1029
4908,前鼎,8,2,6,合庫-鳳山,2023-09-05,1029
5471,松翰,6,0,6,合庫-鳳山,2023-09-05,1029
6593,台灣銘板,6,0,6,合庫-鳳山,2023-09-05,1029
2884,玉山金,6,0,6,合庫-鳳山,2023-09-05,1029
5285,界霖,171,5,166,合庫-鳳山,2023-09-06,1029
00929,復華台灣科技優息,141,11,130,合庫-鳳山,2023-09-06,1029
00932,兆豐永續高息等權,94,30,64,合庫-鳳山,2023-09-06,1029
2641,正德,61,0,61,合庫-鳳山,2023-09-06,1029
2610,華航,57,4,53,合庫-鳳山,2023-09-06,1029
00919,群益台灣精選高息,48,1,47,合庫-鳳山,2023-09-06,1029
6191,精成科,43,1,42,合庫-鳳山,2023-09-06,1029
3188,鑫龍騰,40,0,40,合庫-鳳山,2023-09-06,1029
1101,台泥,44,5,39,合庫-鳳山,2023-09-06,1029
2405,輔信,40,1,39,合庫-鳳山,2023-09-06,1029
3481,群創,155,119,36,合庫-鳳山,2023-09-06,1029
00915,凱基優選高股息30,33,0,33,合庫-鳳山,2023-09-06,1029
2409,友達,39,11,28,合庫-鳳山,2023-09-06,1029
2301,光寶科,27,2,25,合庫-鳳山,2023-09-06,1029
2363,矽統,98,73,25,合庫-鳳山,2023-09-06,1029
2376,技嘉,31,8,23,合庫-鳳山,2023-09-06,1029
2401,凌陽,22,0,22,合庫-鳳山,2023-09-06,1029
2032,新鋼,21,2,19,合庫-鳳山,2023-09-06,1029
2390,云辰,20,2,18,合庫-鳳山,2023-09-06,1029
2618,長榮航,22,5,17,合庫-鳳山,2023-09-06,1029
2887,台新金,16,0,16,合庫-鳳山,2023-09-06,1029
3163,波若威,32,16,16,合庫-鳳山,2023-09-06,1029
5880,合庫金,13,0,13,合庫-鳳山,2023-09-06,1029
5371,中光電,14,2,12,合庫-鳳山,2023-09-06,1029
00882,中信中國高股息,11,0,11,合庫-鳳山,2023-09-06,1029
2886,兆豐金,11,0,11,合庫-鳳山,2023-09-06,1029
8068,全達,14,3,11,合庫-鳳山,2023-09-06,1029
2633,台灣高鐵,11,0,11,合庫-鳳山,2023-09-06,1029
00764B,群益25年美債,10,0,10,合庫-鳳山,2023-09-06,1029
00717,富邦美國特別股,10,0,10,合庫-鳳山,2023-09-06,1029
00673R,期元大S＆P原油反1,10,0,10,合庫-鳳山,2023-09-06,1029
00885,富邦越南,10,0,10,合庫-鳳山,2023-09-06,1029
8261,富鼎,10,0,10,合庫-鳳山,2023-09-06,1029
2884,玉山金,10,0,10,合庫-鳳山,2023-09-06,1029
2201,裕隆,9,0,9,合庫-鳳山,2023-09-06,1029
3051,力特,13,4,9,合庫-鳳山,2023-09-06,1029
5471,松翰,9,0,9,合庫-鳳山,2023-09-06,1029
6770,力積電,14,5,9,合庫-鳳山,2023-09-06,1029
00918,大華優利高填息30,8,0,8,合庫-鳳山,2023-09-06,1029
2888,新光金,8,0,8,合庫-鳳山,2023-09-06,1029
2891,中信金,8,0,8,合庫-鳳山,2023-09-06,1029
2892,第一金,8,0,8,合庫-鳳山,2023-09-06,1029
3545,敦泰,11,3,8,合庫-鳳山,2023-09-06,1029
6593,台灣銘板,8,0,8,合庫-鳳山,2023-09-06,1029
00671R,富邦NASDAQ反1,7,0,7,合庫-鳳山,2023-09-06,1029
1513,中興電,7,0,7,合庫-鳳山,2023-09-06,1029
2314,台揚,7,0,7,合庫-鳳山,2023-09-06,1029
2331,精英,10,3,7,合庫-鳳山,2023-09-06,1029
6116,彩晶,7,0,7,合庫-鳳山,2023-09-06,1029
2308,台達電,7,0,7,合庫-鳳山,2023-09-06,1029
00929,復華台灣科技優息,292,42,250,合庫-鳳山,2023-09-07,1029
2887,台新金,84,0,84,合庫-鳳山,2023-09-07,1029
00671R,富邦NASDAQ反1,68,0,68,合庫-鳳山,2023-09-07,1029
9945,潤泰新,50,0,50,合庫-鳳山,2023-09-07,1029
2884,玉山金,48,0,48,合庫-鳳山,2023-09-07,1029
3188,鑫龍騰,46,0,46,合庫-鳳山,2023-09-07,1029
6109,亞元,193,147,46,合庫-鳳山,2023-09-07,1029
2002,中鋼,42,2,40,合庫-鳳山,2023-09-07,1029
00885,富邦越南,37,1,36,合庫-鳳山,2023-09-07,1029
2605,新興,35,0,35,合庫-鳳山,2023-09-07,1029
1513,中興電,24,0,24,合庫-鳳山,2023-09-07,1029
00878,國泰永續高股息,28,5,23,合庫-鳳山,2023-09-07,1029
3481,群創,36,14,22,合庫-鳳山,2023-09-07,1029
2838,聯邦銀,17,0,17,合庫-鳳山,2023-09-07,1029
00915,凱基優選高股息30,16,0,16,合庫-鳳山,2023-09-07,1029
00680L,元大美債20正2,15,0,15,合庫-鳳山,2023-09-07,1029
00637L,元大滬深300正2,14,0,14,合庫-鳳山,2023-09-07,1029
3037,欣興,16,2,14,合庫-鳳山,2023-09-07,1029
5285,界霖,51,37,14,合庫-鳳山,2023-09-07,1029
3041,揚智,13,0,13,合庫-鳳山,2023-09-07,1029
8112,至上,41,28,13,合庫-鳳山,2023-09-07,1029
2363,矽統,24,12,12,合庫-鳳山,2023-09-07,1029
2405,輔信,13,1,12,合庫-鳳山,2023-09-07,1029
3704,合勤控,25,13,12,合庫-鳳山,2023-09-07,1029
4147,中裕,15,3,12,合庫-鳳山,2023-09-07,1029
5880,合庫金,11,0,11,合庫-鳳山,2023-09-07,1029
3231,緯創,16,5,11,合庫-鳳山,2023-09-07,1029
2344,華邦電,16,5,11,合庫-鳳山,2023-09-07,1029
3005,神基,11,0,11,合庫-鳳山,2023-09-07,1029
3711,日月光投控,11,0,11,合庫-鳳山,2023-09-07,1029
00673R,期元大S＆P原油反1,10,0,10,合庫-鳳山,2023-09-07,1029
2434,統懋,10,0,10,合庫-鳳山,2023-09-07,1029
2606,裕民,10,0,10,合庫-鳳山,2023-09-07,1029
2637,慧洋-KY,10,0,10,合庫-鳳山,2023-09-07,1029
2883,凱基金,12,2,10,合庫-鳳山,2023-09-07,1029
4188,安克,10,0,10,合庫-鳳山,2023-09-07,1029
6577,勁豐,10,0,10,合庫-鳳山,2023-09-07,1029
00932,兆豐永續高息等權,9,0,9,合庫-鳳山,2023-09-07,1029
2356,英業達,25,16,9,合庫-鳳山,2023-09-07,1029
4906,正文,9,0,9,合庫-鳳山,2023-09-07,1029
8908,欣雄,9,0,9,合庫-鳳山,2023-09-07,1029
00900,富邦特選高股息30,10,2,8,合庫-鳳山,2023-09-07,1029
3260,威剛,35,27,8,合庫-鳳山,2023-09-07,1029
2027,大成鋼,8,1,7,合庫-鳳山,2023-09-07,1029
2358,廷鑫,37,30,7,合庫-鳳山,2023-09-07,1029
2401,凌陽,11,4,7,合庫-鳳山,2023-09-07,1029
2409,友達,9,2,7,合庫-鳳山,2023-09-07,1029
2610,華航,20,13,7,合庫-鳳山,2023-09-07,1029
3088,艾訊,8,1,7,合庫-鳳山,2023-09-07,1029
3051,力特,7,0,7,合庫-鳳山,2023-09-07,1029
00929,復華台灣科技優息,189,17,172,合庫-鳳山,2023-09-08,1029
00919,群益台灣精選高息,106,4,102,合庫-鳳山,2023-09-08,1029
2002,中鋼,79,0,79,合庫-鳳山,2023-09-08,1029
00673R,期元大S＆P原油反1,52,0,52,合庫-鳳山,2023-09-08,1029
3264,欣銓,60,9,51,合庫-鳳山,2023-09-08,1029
00665L,富邦�琤肭磪囓�2,50,0,50,合庫-鳳山,2023-09-08,1029
9105,泰金寶-DR,65,15,50,合庫-鳳山,2023-09-08,1029
3058,立德,40,2,38,合庫-鳳山,2023-09-08,1029
2313,華通,38,4,34,合庫-鳳山,2023-09-08,1029
2301,光寶科,54,20,34,合庫-鳳山,2023-09-08,1029
2390,云辰,30,0,30,合庫-鳳山,2023-09-08,1029
00680L,元大美債20正2,30,1,29,合庫-鳳山,2023-09-08,1029
2337,旺宏,33,5,28,合庫-鳳山,2023-09-08,1029
3715,定穎投控,75,47,28,合庫-鳳山,2023-09-08,1029
2884,玉山金,28,0,28,合庫-鳳山,2023-09-08,1029
00918,大華優利高填息30,25,0,25,合庫-鳳山,2023-09-08,1029
00915,凱基優選高股息30,24,0,24,合庫-鳳山,2023-09-08,1029
2836,高雄銀,24,0,24,合庫-鳳山,2023-09-08,1029
00900,富邦特選高股息30,23,3,20,合庫-鳳山,2023-09-08,1029
2887,台新金,19,1,18,合庫-鳳山,2023-09-08,1029
00633L,富邦上証正2,17,0,17,合庫-鳳山,2023-09-08,1029
3711,日月光投控,17,0,17,合庫-鳳山,2023-09-08,1029
6782,視陽,16,0,16,合庫-鳳山,2023-09-08,1029
00902,中信電池及儲能,13,0,13,合庫-鳳山,2023-09-08,1029
00882,中信中國高股息,13,0,13,合庫-鳳山,2023-09-08,1029
1714,和桐,13,0,13,合庫-鳳山,2023-09-08,1029
2498,宏達電,13,0,13,合庫-鳳山,2023-09-08,1029
3707,漢磊,13,0,13,合庫-鳳山,2023-09-08,1029
2329,華泰,16,3,13,合庫-鳳山,2023-09-08,1029
2486,一詮,12,0,12,合庫-鳳山,2023-09-08,1029
2314,台揚,11,0,11,合庫-鳳山,2023-09-08,1029
2382,廣達,12,1,11,合庫-鳳山,2023-09-08,1029
3306,鼎天,11,0,11,合庫-鳳山,2023-09-08,1029
8087,麗升能源,11,0,11,合庫-鳳山,2023-09-08,1029
00878,國泰永續高股息,11,1,10,合庫-鳳山,2023-09-08,1029
2633,台灣高鐵,10,0,10,合庫-鳳山,2023-09-08,1029
3045,台灣大,10,0,10,合庫-鳳山,2023-09-08,1029
00931B,統一美債20年,9,0,9,合庫-鳳山,2023-09-08,1029
2409,友達,10,1,9,合庫-鳳山,2023-09-08,1029
3265,台星科,10,1,9,合庫-鳳山,2023-09-08,1029
2488,漢平,8,0,8,合庫-鳳山,2023-09-08,1029
4533,協易機,13,5,8,合庫-鳳山,2023-09-08,1029
8050,廣積,15,7,8,合庫-鳳山,2023-09-08,1029
1101,台泥,7,0,7,合庫-鳳山,2023-09-08,1029
00881,國泰台灣5G+,7,0,7,合庫-鳳山,2023-09-08,1029
00932,兆豐永續高息等權,7,0,7,合庫-鳳山,2023-09-08,1029
00637L,元大滬深300正2,7,0,7,合庫-鳳山,2023-09-08,1029
2101,南港,7,0,7,合庫-鳳山,2023-09-08,1029
2453,凌群,7,0,7,合庫-鳳山,2023-09-08,1029
3062,建漢,7,0,7,合庫-鳳山,2023-09-08,1029
00919,群益台灣精選高息,282,0,282,合庫-鳳山,2023-09-11,1029
00929,復華台灣科技優息,225,10,215,合庫-鳳山,2023-09-11,1029
6179,亞通,312,107,205,合庫-鳳山,2023-09-11,1029
00878,國泰永續高股息,190,20,170,合庫-鳳山,2023-09-11,1029
00712,復華富時不動產,93,23,70,合庫-鳳山,2023-09-11,1029
2002,中鋼,69,0,69,合庫-鳳山,2023-09-11,1029
2363,矽統,81,20,61,合庫-鳳山,2023-09-11,1029
1307,三芳,60,0,60,合庫-鳳山,2023-09-11,1029
1721,三晃,50,1,49,合庫-鳳山,2023-09-11,1029
00696B,富邦美債20年,40,0,40,合庫-鳳山,2023-09-11,1029
2382,廣達,45,12,33,合庫-鳳山,2023-09-11,1029
3017,奇鋐,33,2,31,合庫-鳳山,2023-09-11,1029
2867,三商壽,30,0,30,合庫-鳳山,2023-09-11,1029
2897,王道銀行,30,0,30,合庫-鳳山,2023-09-11,1029
3005,神基,30,0,30,合庫-鳳山,2023-09-11,1029
00918,大華優利高填息30,29,0,29,合庫-鳳山,2023-09-11,1029
0056,元大高股息,47,19,28,合庫-鳳山,2023-09-11,1029
3481,群創,51,23,28,合庫-鳳山,2023-09-11,1029
00931B,統一美債20年,27,0,27,合庫-鳳山,2023-09-11,1029
3483,力致,27,0,27,合庫-鳳山,2023-09-11,1029
00772B,中信高評級公司債,28,3,25,合庫-鳳山,2023-09-11,1029
2324,仁寶,41,18,23,合庫-鳳山,2023-09-11,1029
6274,台燿,22,2,20,合庫-鳳山,2023-09-11,1029
00881,國泰台灣5G+,20,0,20,合庫-鳳山,2023-09-11,1029
2884,玉山金,18,0,18,合庫-鳳山,2023-09-11,1029
00932,兆豐永續高息等權,16,0,16,合庫-鳳山,2023-09-11,1029
00713,元大台灣高息低波,17,1,16,合庫-鳳山,2023-09-11,1029
2388,威盛,22,7,15,合庫-鳳山,2023-09-11,1029
2330,台積電,15,1,14,合庫-鳳山,2023-09-11,1029
00679B,元大美債20年,14,0,14,合庫-鳳山,2023-09-11,1029
1605,華新,17,3,14,合庫-鳳山,2023-09-11,1029
2312,金寶,14,0,14,合庫-鳳山,2023-09-11,1029
3043,科風,17,3,14,合庫-鳳山,2023-09-11,1029
2313,華通,22,9,13,合庫-鳳山,2023-09-11,1029
2344,華邦電,14,1,13,合庫-鳳山,2023-09-11,1029
6125,廣運,19,6,13,合庫-鳳山,2023-09-11,1029
2634,漢翔,22,10,12,合庫-鳳山,2023-09-11,1029
3338,泰碩,16,4,12,合庫-鳳山,2023-09-11,1029
2301,光寶科,19,7,12,合庫-鳳山,2023-09-11,1029
6116,彩晶,12,1,11,合庫-鳳山,2023-09-11,1029
6139,亞翔,12,1,11,合庫-鳳山,2023-09-11,1029
00915,凱基優選高股息30,15,5,10,合庫-鳳山,2023-09-11,1029
1434,福懋,10,0,10,合庫-鳳山,2023-09-11,1029
2610,華航,34,24,10,合庫-鳳山,2023-09-11,1029
3178,公準,10,0,10,合庫-鳳山,2023-09-11,1029
3479,安勤,10,0,10,合庫-鳳山,2023-09-11,1029
6854,錼創科技-KY創,10,0,10,合庫-鳳山,2023-09-11,1029
2881,富邦金,10,0,10,合庫-鳳山,2023-09-11,1029
2376,技嘉,39,29,10,合庫-鳳山,2023-09-11,1029
00692,富邦公司治理,9,0,9,合庫-鳳山,2023-09-11,1029
00919,群益台灣精選高息,102,0,102,合庫-鳳山,2023-09-12,1029
2002,中鋼,50,0,50,合庫-鳳山,2023-09-12,1029
00929,復華台灣科技優息,162,114,48,合庫-鳳山,2023-09-12,1029
00885,富邦越南,36,0,36,合庫-鳳山,2023-09-12,1029
5285,界霖,71,37,34,合庫-鳳山,2023-09-12,1029
6282,康舒,48,18,30,合庫-鳳山,2023-09-12,1029
2363,矽統,53,27,26,合庫-鳳山,2023-09-12,1029
2603,長榮,25,0,25,合庫-鳳山,2023-09-12,1029
8033,雷虎,25,0,25,合庫-鳳山,2023-09-12,1029
00878,國泰永續高股息,29,5,24,合庫-鳳山,2023-09-12,1029
5258,虹堡,30,7,23,合庫-鳳山,2023-09-12,1029
00636,國泰中國A50,20,0,20,合庫-鳳山,2023-09-12,1029
00893,國泰智能電動車,21,1,20,合庫-鳳山,2023-09-12,1029
6854,錼創科技-KY創,20,0,20,合庫-鳳山,2023-09-12,1029
4527,方土霖,20,1,19,合庫-鳳山,2023-09-12,1029
4915,致伸,21,2,19,合庫-鳳山,2023-09-12,1029
5434,崇越,15,0,15,合庫-鳳山,2023-09-12,1029
1471,首利,16,2,14,合庫-鳳山,2023-09-12,1029
2634,漢翔,25,11,14,合庫-鳳山,2023-09-12,1029
2884,玉山金,16,2,14,合庫-鳳山,2023-09-12,1029
00915,凱基優選高股息30,12,0,12,合庫-鳳山,2023-09-12,1029
00679B,元大美債20年,12,0,12,合庫-鳳山,2023-09-12,1029
2504,國產,12,0,12,合庫-鳳山,2023-09-12,1029
2538,基泰,23,11,12,合庫-鳳山,2023-09-12,1029
2330,台積電,13,2,11,合庫-鳳山,2023-09-12,1029
00712,復華富時不動產,21,10,11,合庫-鳳山,2023-09-12,1029
3515,華擎,12,1,11,合庫-鳳山,2023-09-12,1029
3545,敦泰,13,2,11,合庫-鳳山,2023-09-12,1029
4157,太景*-KY,11,0,11,合庫-鳳山,2023-09-12,1029
4306,炎洲,11,0,11,合庫-鳳山,2023-09-12,1029
3017,奇鋐,12,2,10,合庫-鳳山,2023-09-12,1029
00637L,元大滬深300正2,11,1,10,合庫-鳳山,2023-09-12,1029
2886,兆豐金,10,0,10,合庫-鳳山,2023-09-12,1029
4417,金洲,10,0,10,合庫-鳳山,2023-09-12,1029
0056,元大高股息,10,1,9,合庫-鳳山,2023-09-12,1029
1101,台泥,11,2,9,合庫-鳳山,2023-09-12,1029
00918,大華優利高填息30,9,0,9,合庫-鳳山,2023-09-12,1029
3260,威剛,18,9,9,合庫-鳳山,2023-09-12,1029
6139,亞翔,10,1,9,合庫-鳳山,2023-09-12,1029
6234,高僑,10,1,9,合庫-鳳山,2023-09-12,1029
5381,合正,14,6,8,合庫-鳳山,2023-09-12,1029
3035,智原,8,0,8,合庫-鳳山,2023-09-12,1029
00900,富邦特選高股息30,8,1,7,合庫-鳳山,2023-09-12,1029
2353,宏��,11,4,7,合庫-鳳山,2023-09-12,1029
00772B,中信高評級公司債,6,0,6,合庫-鳳山,2023-09-12,1029
00751B,元大AAA至A公司債,6,0,6,合庫-鳳山,2023-09-12,1029
1608,華榮,6,0,6,合庫-鳳山,2023-09-12,1029
4207,環泰,28,22,6,合庫-鳳山,2023-09-12,1029
6770,力積電,16,10,6,合庫-鳳山,2023-09-12,1029
2881,富邦金,5,0,5,合庫-鳳山,2023-09-12,1029
00665L,富邦�琤肭磪囓�2,1120,0,1120,合庫-鳳山,2023-09-13,1029
00753L,中信中國50正2,200,1,199,合庫-鳳山,2023-09-13,1029
3481,群創,124,8,116,合庫-鳳山,2023-09-13,1029
00929,復華台灣科技優息,157,53,104,合庫-鳳山,2023-09-13,1029
1307,三芳,80,5,75,合庫-鳳山,2023-09-13,1029
2929,淘帝-KY,60,0,60,合庫-鳳山,2023-09-13,1029
00878,國泰永續高股息,64,11,53,合庫-鳳山,2023-09-13,1029
00919,群益台灣精選高息,58,12,46,合庫-鳳山,2023-09-13,1029
6026,福邦證,32,0,32,合庫-鳳山,2023-09-13,1029
2303,聯電,54,28,26,合庫-鳳山,2023-09-13,1029
1524,耿鼎,80,59,21,合庫-鳳山,2023-09-13,1029
00680L,元大美債20正2,20,0,20,合庫-鳳山,2023-09-13,1029
00915,凱基優選高股息30,19,0,19,合庫-鳳山,2023-09-13,1029
2610,華航,21,2,19,合庫-鳳山,2023-09-13,1029
3043,科風,17,2,15,合庫-鳳山,2023-09-13,1029
5285,界霖,54,39,15,合庫-鳳山,2023-09-13,1029
2352,佳世達,20,6,14,合庫-鳳山,2023-09-13,1029
1568,倉佑,11,0,11,合庫-鳳山,2023-09-13,1029
6118,建達,11,0,11,合庫-鳳山,2023-09-13,1029
2609,陽明,11,0,11,合庫-鳳山,2023-09-13,1029
00931B,統一美債20年,10,0,10,合庫-鳳山,2023-09-13,1029
00673R,期元大S＆P原油反1,10,0,10,合庫-鳳山,2023-09-13,1029
00752,中信中國50,10,0,10,合庫-鳳山,2023-09-13,1029
2371,大同,15,5,10,合庫-鳳山,2023-09-13,1029
2618,長榮航,12,2,10,合庫-鳳山,2023-09-13,1029
2634,漢翔,10,0,10,合庫-鳳山,2023-09-13,1029
6548,長科*,10,0,10,合庫-鳳山,2023-09-13,1029
9930,中聯資源,10,0,10,合庫-鳳山,2023-09-13,1029
1802,台玻,10,1,9,合庫-鳳山,2023-09-13,1029
00633L,富邦上証正2,9,0,9,合庫-鳳山,2023-09-13,1029
00902,中信電池及儲能,8,0,8,合庫-鳳山,2023-09-13,1029
1809,中釉,21,13,8,合庫-鳳山,2023-09-13,1029
4532,瑞智,8,0,8,合庫-鳳山,2023-09-13,1029
4746,台耀,21,13,8,合庫-鳳山,2023-09-13,1029
5488,松普,8,0,8,合庫-鳳山,2023-09-13,1029
6605,帝寶,9,1,8,合庫-鳳山,2023-09-13,1029
3231,緯創,53,46,7,合庫-鳳山,2023-09-13,1029
4541,晟田,10,3,7,合庫-鳳山,2023-09-13,1029
5483,中美晶,21,14,7,合庫-鳳山,2023-09-13,1029
6112,邁達特,7,0,7,合庫-鳳山,2023-09-13,1029
6282,康舒,12,5,7,合庫-鳳山,2023-09-13,1029
8068,全達,7,0,7,合庫-鳳山,2023-09-13,1029
2301,光寶科,6,0,6,合庫-鳳山,2023-09-13,1029
2363,矽統,31,25,6,合庫-鳳山,2023-09-13,1029
00900,富邦特選高股息30,7,1,6,合庫-鳳山,2023-09-13,1029
2025,千興,6,0,6,合庫-鳳山,2023-09-13,1029
2355,敬鵬,7,1,6,合庫-鳳山,2023-09-13,1029
2484,希華,7,1,6,合庫-鳳山,2023-09-13,1029
3178,公準,7,1,6,合庫-鳳山,2023-09-13,1029
5371,中光電,7,1,6,合庫-鳳山,2023-09-13,1029
00632R,元大台灣50反1,406,0,406,合庫-鳳山,2023-09-14,1029
00929,復華台灣科技優息,140,31,109,合庫-鳳山,2023-09-14,1029
00665L,富邦�琤肭磪囓�2,250,170,80,合庫-鳳山,2023-09-14,1029
00680L,元大美債20正2,60,0,60,合庫-鳳山,2023-09-14,1029
2387,精元,55,0,55,合庫-鳳山,2023-09-14,1029
00881,國泰台灣5G+,50,11,39,合庫-鳳山,2023-09-14,1029
2371,大同,56,18,38,合庫-鳳山,2023-09-14,1029
5285,界霖,50,12,38,合庫-鳳山,2023-09-14,1029
2301,光寶科,42,8,34,合庫-鳳山,2023-09-14,1029
5608,四維航,54,21,33,合庫-鳳山,2023-09-14,1029
2323,中環,23,0,23,合庫-鳳山,2023-09-14,1029
00919,群益台灣精選高息,70,48,22,合庫-鳳山,2023-09-14,1029
3005,神基,20,1,19,合庫-鳳山,2023-09-14,1029
8234,新漢,17,0,17,合庫-鳳山,2023-09-14,1029
2618,長榮航,17,1,16,合庫-鳳山,2023-09-14,1029
2356,英業達,19,4,15,合庫-鳳山,2023-09-14,1029
2884,玉山金,15,1,14,合庫-鳳山,2023-09-14,1029
00931B,統一美債20年,12,0,12,合庫-鳳山,2023-09-14,1029
00830,國泰費城半導體,12,0,12,合庫-鳳山,2023-09-14,1029
2020,美亞,11,0,11,合庫-鳳山,2023-09-14,1029
6120,達運,22,11,11,合庫-鳳山,2023-09-14,1029
00752,中信中國50,10,0,10,合庫-鳳山,2023-09-14,1029
1522,堤維西,36,26,10,合庫-鳳山,2023-09-14,1029
1584,精剛,12,2,10,合庫-鳳山,2023-09-14,1029
3043,科風,12,2,10,合庫-鳳山,2023-09-14,1029
3294,英濟,10,0,10,合庫-鳳山,2023-09-14,1029
6117,迎廣,10,0,10,合庫-鳳山,2023-09-14,1029
6854,錼創科技-KY創,10,0,10,合庫-鳳山,2023-09-14,1029
2409,友達,10,1,9,合庫-鳳山,2023-09-14,1029
2630,亞航,11,2,9,合庫-鳳山,2023-09-14,1029
5465,富驊,10,1,9,合庫-鳳山,2023-09-14,1029
3264,欣銓,9,0,9,合庫-鳳山,2023-09-14,1029
3231,緯創,38,29,9,合庫-鳳山,2023-09-14,1029
1605,華新,23,15,8,合庫-鳳山,2023-09-14,1029
4977,眾達-KY,10,2,8,合庫-鳳山,2023-09-14,1029
6202,盛群,8,0,8,合庫-鳳山,2023-09-14,1029
6547,高端疫苗,8,0,8,合庫-鳳山,2023-09-14,1029
2337,旺宏,8,1,7,合庫-鳳山,2023-09-14,1029
2441,超豐,7,0,7,合庫-鳳山,2023-09-14,1029
3163,波若威,29,22,7,合庫-鳳山,2023-09-14,1029
00900,富邦特選高股息30,12,6,6,合庫-鳳山,2023-09-14,1029
1409,新纖,6,0,6,合庫-鳳山,2023-09-14,1029
2312,金寶,7,1,6,合庫-鳳山,2023-09-14,1029
2634,漢翔,31,25,6,合庫-鳳山,2023-09-14,1029
4736,泰博,6,0,6,合庫-鳳山,2023-09-14,1029
1304,台聚,5,0,5,合庫-鳳山,2023-09-14,1029
1434,福懋,5,0,5,合庫-鳳山,2023-09-14,1029
1519,華城,10,5,5,合庫-鳳山,2023-09-14,1029
1909,榮成,5,0,5,合庫-鳳山,2023-09-14,1029
3176,基亞,5,0,5,合庫-鳳山,2023-09-14,1029
5880,合庫金,388,64,324,合庫-鳳山,2023-09-15,1029
00929,復華台灣科技優息,183,87,96,合庫-鳳山,2023-09-15,1029
1568,倉佑,50,3,47,合庫-鳳山,2023-09-15,1029
2610,華航,48,2,46,合庫-鳳山,2023-09-15,1029
2337,旺宏,56,11,45,合庫-鳳山,2023-09-15,1029
8150,南茂,40,1,39,合庫-鳳山,2023-09-15,1029
00885,富邦越南,36,0,36,合庫-鳳山,2023-09-15,1029
4414,如興,35,0,35,合庫-鳳山,2023-09-15,1029
2317,鴻海,30,0,30,合庫-鳳山,2023-09-15,1029
1609,大亞,31,1,30,合庫-鳳山,2023-09-15,1029
3058,立德,45,15,30,合庫-鳳山,2023-09-15,1029
2486,一詮,48,21,27,合庫-鳳山,2023-09-15,1029
2303,聯電,38,11,27,合庫-鳳山,2023-09-15,1029
2634,漢翔,22,0,22,合庫-鳳山,2023-09-15,1029
1513,中興電,24,3,21,合庫-鳳山,2023-09-15,1029
6530,創威,20,0,20,合庫-鳳山,2023-09-15,1029
8034,榮群,31,12,19,合庫-鳳山,2023-09-15,1029
1525,江申,18,0,18,合庫-鳳山,2023-09-15,1029
1802,台玻,50,33,17,合庫-鳳山,2023-09-15,1029
2301,光寶科,24,7,17,合庫-鳳山,2023-09-15,1029
1108,幸福,15,0,15,合庫-鳳山,2023-09-15,1029
2891,中信金,16,1,15,合庫-鳳山,2023-09-15,1029
4746,台耀,15,0,15,合庫-鳳山,2023-09-15,1029
5905,南仁湖,50,35,15,合庫-鳳山,2023-09-15,1029
00857B,永豐20年美公債,14,0,14,合庫-鳳山,2023-09-15,1029
1718,中纖,14,0,14,合庫-鳳山,2023-09-15,1029
3081,聯亞,20,6,14,合庫-鳳山,2023-09-15,1029
00923,群益台ESG低碳50,13,0,13,合庫-鳳山,2023-09-15,1029
1524,耿鼎,14,1,13,合庫-鳳山,2023-09-15,1029
1903,士紙,12,0,12,合庫-鳳山,2023-09-15,1029
2618,長榮航,12,0,12,合庫-鳳山,2023-09-15,1029
5371,中光電,14,2,12,合庫-鳳山,2023-09-15,1029
1584,精剛,15,4,11,合庫-鳳山,2023-09-15,1029
00915,凱基優選高股息30,12,1,11,合庫-鳳山,2023-09-15,1029
1608,華榮,11,0,11,合庫-鳳山,2023-09-15,1029
2485,兆赫,11,0,11,合庫-鳳山,2023-09-15,1029
2884,玉山金,11,0,11,合庫-鳳山,2023-09-15,1029
6239,力成,11,0,11,合庫-鳳山,2023-09-15,1029
2929,淘帝-KY,10,0,10,合庫-鳳山,2023-09-15,1029
3272,東碩,10,0,10,合庫-鳳山,2023-09-15,1029
4552,力達-KY,10,0,10,合庫-鳳山,2023-09-15,1029
5465,富驊,12,2,10,合庫-鳳山,2023-09-15,1029
5475,德宏,10,0,10,合庫-鳳山,2023-09-15,1029
6126,信音,10,0,10,合庫-鳳山,2023-09-15,1029
6282,康舒,13,3,10,合庫-鳳山,2023-09-15,1029
2887,台新金,12,3,9,合庫-鳳山,2023-09-15,1029
00712,復華富時不動產,10,1,9,合庫-鳳山,2023-09-15,1029
1784,訊聯,9,0,9,合庫-鳳山,2023-09-15,1029
2630,亞航,9,0,9,合庫-鳳山,2023-09-15,1029
3018,隆銘綠能,10,1,9,合庫-鳳山,2023-09-15,1029
00929,復華台灣科技優息,348,125,223,合庫-鳳山,2023-09-18,1029
6005,群益證,80,0,80,合庫-鳳山,2023-09-18,1029
00753L,中信中國50正2,80,21,59,合庫-鳳山,2023-09-18,1029
00915,凱基優選高股息30,54,0,54,合庫-鳳山,2023-09-18,1029
3058,立德,50,6,44,合庫-鳳山,2023-09-18,1029
3481,群創,31,0,31,合庫-鳳山,2023-09-18,1029
4402,郡都開發,30,0,30,合庫-鳳山,2023-09-18,1029
1605,華新,31,2,29,合庫-鳳山,2023-09-18,1029
2356,英業達,34,5,29,合庫-鳳山,2023-09-18,1029
00931B,統一美債20年,29,0,29,合庫-鳳山,2023-09-18,1029
3163,波若威,40,12,28,合庫-鳳山,2023-09-18,1029
00679B,元大美債20年,29,3,26,合庫-鳳山,2023-09-18,1029
6806,森崴能源,27,1,26,合庫-鳳山,2023-09-18,1029
1409,新纖,25,0,25,合庫-鳳山,2023-09-18,1029
2609,陽明,29,4,25,合庫-鳳山,2023-09-18,1029
3483,力致,25,0,25,合庫-鳳山,2023-09-18,1029
00923,群益台ESG低碳50,24,0,24,合庫-鳳山,2023-09-18,1029
00918,大華優利高填息30,24,0,24,合庫-鳳山,2023-09-18,1029
3037,欣興,25,2,23,合庫-鳳山,2023-09-18,1029
2801,彰銀,22,0,22,合庫-鳳山,2023-09-18,1029
00882,中信中國高股息,21,0,21,合庫-鳳山,2023-09-18,1029
2002,中鋼,26,5,21,合庫-鳳山,2023-09-18,1029
00921,兆豐龍頭等權重,22,2,20,合庫-鳳山,2023-09-18,1029
2323,中環,20,0,20,合庫-鳳山,2023-09-18,1029
00900,富邦特選高股息30,18,0,18,合庫-鳳山,2023-09-18,1029
4155,訊映,18,0,18,合庫-鳳山,2023-09-18,1029
2301,光寶科,42,28,14,合庫-鳳山,2023-09-18,1029
3264,欣銓,17,3,14,合庫-鳳山,2023-09-18,1029
2618,長榮航,13,0,13,合庫-鳳山,2023-09-18,1029
3114,好德,13,0,13,合庫-鳳山,2023-09-18,1029
8936,國統,13,0,13,合庫-鳳山,2023-09-18,1029
2887,台新金,36,23,13,合庫-鳳山,2023-09-18,1029
00720B,元大投資級公司債,12,0,12,合庫-鳳山,2023-09-18,1029
3231,緯創,25,14,11,合庫-鳳山,2023-09-18,1029
0056,元大高股息,11,0,11,合庫-鳳山,2023-09-18,1029
00772B,中信高評級公司債,21,10,11,合庫-鳳山,2023-09-18,1029
1609,大亞,11,0,11,合庫-鳳山,2023-09-18,1029
00687B,國泰20年美債,10,0,10,合庫-鳳山,2023-09-18,1029
00708L,期元大S＆P黃金正2,10,0,10,合庫-鳳山,2023-09-18,1029
00885,富邦越南,10,0,10,合庫-鳳山,2023-09-18,1029
00738U,期元大道瓊白銀,10,0,10,合庫-鳳山,2023-09-18,1029
00857B,永豐20年美公債,10,0,10,合庫-鳳山,2023-09-18,1029
2006,東和鋼鐵,10,0,10,合庫-鳳山,2023-09-18,1029
2023,燁輝,10,0,10,合庫-鳳山,2023-09-18,1029
2449,京元電子,11,1,10,合庫-鳳山,2023-09-18,1029
3338,泰碩,11,1,10,合庫-鳳山,2023-09-18,1029
2330,台積電,9,0,9,合庫-鳳山,2023-09-18,1029
1101,台泥,9,0,9,合庫-鳳山,2023-09-18,1029
2303,聯電,17,8,9,合庫-鳳山,2023-09-18,1029
2353,宏��,10,1,9,合庫-鳳山,2023-09-18,1029
5475,德宏,110,0,110,合庫-鳳山,2023-09-19,1029
00919,群益台灣精選高息,87,9,78,合庫-鳳山,2023-09-19,1029
5880,合庫金,77,10,67,合庫-鳳山,2023-09-19,1029
6257,矽格,74,12,62,合庫-鳳山,2023-09-19,1029
00929,復華台灣科技優息,107,53,54,合庫-鳳山,2023-09-19,1029
00665L,富邦�琤肭磪囓�2,160,110,50,合庫-鳳山,2023-09-19,1029
00632R,元大台灣50反1,50,0,50,合庫-鳳山,2023-09-19,1029
00921,兆豐龍頭等權重,40,0,40,合庫-鳳山,2023-09-19,1029
2618,長榮航,36,0,36,合庫-鳳山,2023-09-19,1029
3481,群創,84,52,32,合庫-鳳山,2023-09-19,1029
00878,國泰永續高股息,34,2,32,合庫-鳳山,2023-09-19,1029
8240,華宏,25,0,25,合庫-鳳山,2023-09-19,1029
1815,富喬,28,6,22,合庫-鳳山,2023-09-19,1029
8927,北基,20,0,20,合庫-鳳山,2023-09-19,1029
3058,立德,20,3,17,合庫-鳳山,2023-09-19,1029
8034,榮群,35,18,17,合庫-鳳山,2023-09-19,1029
2634,漢翔,16,0,16,合庫-鳳山,2023-09-19,1029
2888,新光金,20,4,16,合庫-鳳山,2023-09-19,1029
2014,中鴻,15,0,15,合庫-鳳山,2023-09-19,1029
2303,聯電,16,1,15,合庫-鳳山,2023-09-19,1029
3043,科風,14,0,14,合庫-鳳山,2023-09-19,1029
1568,倉佑,13,0,13,合庫-鳳山,2023-09-19,1029
5608,四維航,13,1,12,合庫-鳳山,2023-09-19,1029
1101,台泥,12,1,11,合庫-鳳山,2023-09-19,1029
00888,永豐台灣ESG,11,0,11,合庫-鳳山,2023-09-19,1029
2402,毅嘉,11,0,11,合庫-鳳山,2023-09-19,1029
2838,聯邦銀,11,0,11,合庫-鳳山,2023-09-19,1029
2892,第一金,11,0,11,合庫-鳳山,2023-09-19,1029
6282,康舒,16,5,11,合庫-鳳山,2023-09-19,1029
00932,兆豐永續高息等權,10,0,10,合庫-鳳山,2023-09-19,1029
2543,皇昌,10,0,10,合庫-鳳山,2023-09-19,1029
2912,統一超,10,0,10,合庫-鳳山,2023-09-19,1029
5371,中光電,12,2,10,合庫-鳳山,2023-09-19,1029
2606,裕民,12,3,9,合庫-鳳山,2023-09-19,1029
3025,星通,13,4,9,合庫-鳳山,2023-09-19,1029
6782,視陽,9,0,9,合庫-鳳山,2023-09-19,1029
8908,欣雄,9,0,9,合庫-鳳山,2023-09-19,1029
2330,台積電,18,9,9,合庫-鳳山,2023-09-19,1029
1440,南紡,8,0,8,合庫-鳳山,2023-09-19,1029
2605,新興,10,2,8,合庫-鳳山,2023-09-19,1029
4979,華星光,11,3,8,合庫-鳳山,2023-09-19,1029
2376,技嘉,12,4,8,合庫-鳳山,2023-09-19,1029
00900,富邦特選高股息30,8,1,7,合庫-鳳山,2023-09-19,1029
2337,旺宏,10,2,8,合庫-鳳山,2023-09-19,1029
6901,鑽石投資,21,14,7,合庫-鳳山,2023-09-19,1029
00679B,元大美債20年,7,0,7,合庫-鳳山,2023-09-19,1029
2356,英業達,12,5,7,合庫-鳳山,2023-09-19,1029
2707,晶華,9,2,7,合庫-鳳山,2023-09-19,1029
2834,臺企銀,7,0,7,合庫-鳳山,2023-09-19,1029
3035,智原,12,5,7,合庫-鳳山,2023-09-19,1029
00632R,元大台灣50反1,300,2,298,合庫-鳳山,2023-09-20,1029
00929,復華台灣科技優息,384,214,170,合庫-鳳山,2023-09-20,1029
00673R,期元大S＆P原油反1,117,0,117,合庫-鳳山,2023-09-20,1029
3481,群創,135,22,113,合庫-鳳山,2023-09-20,1029
00919,群益台灣精選高息,122,10,112,合庫-鳳山,2023-09-20,1029
1605,華新,116,11,105,合庫-鳳山,2023-09-20,1029
2020,美亞,70,0,70,合庫-鳳山,2023-09-20,1029
00665L,富邦�琤肭磪囓�2,143,80,63,合庫-鳳山,2023-09-20,1029
2618,長榮航,59,2,57,合庫-鳳山,2023-09-20,1029
6770,力積電,50,0,50,合庫-鳳山,2023-09-20,1029
2332,友訊,53,4,49,合庫-鳳山,2023-09-20,1029
00679B,元大美債20年,33,0,33,合庫-鳳山,2023-09-20,1029
00878,國泰永續高股息,44,12,32,合庫-鳳山,2023-09-20,1029
3260,威剛,35,4,31,合庫-鳳山,2023-09-20,1029
2838,聯邦銀,30,0,30,合庫-鳳山,2023-09-20,1029
5285,界霖,31,3,28,合庫-鳳山,2023-09-20,1029
00921,兆豐龍頭等權重,24,0,24,合庫-鳳山,2023-09-20,1029
2014,中鴻,27,4,23,合庫-鳳山,2023-09-20,1029
3706,神達,32,9,23,合庫-鳳山,2023-09-20,1029
2606,裕民,29,7,22,合庫-鳳山,2023-09-20,1029
2313,華通,30,9,21,合庫-鳳山,2023-09-20,1029
2637,慧洋-KY,28,8,20,合庫-鳳山,2023-09-20,1029
2883,凱基金,20,0,20,合庫-鳳山,2023-09-20,1029
3058,立德,20,0,20,合庫-鳳山,2023-09-20,1029
1101,台泥,19,0,19,合庫-鳳山,2023-09-20,1029
0056,元大高股息,19,0,19,合庫-鳳山,2023-09-20,1029
3037,欣興,18,2,16,合庫-鳳山,2023-09-20,1029
2630,亞航,15,0,15,合庫-鳳山,2023-09-20,1029
4414,如興,15,0,15,合庫-鳳山,2023-09-20,1029
2330,台積電,15,0,15,合庫-鳳山,2023-09-20,1029
3265,台星科,28,14,14,合庫-鳳山,2023-09-20,1029
00915,凱基優選高股息30,17,4,13,合庫-鳳山,2023-09-20,1029
1319,東陽,14,1,13,合庫-鳳山,2023-09-20,1029
8112,至上,19,6,13,合庫-鳳山,2023-09-20,1029
00918,大華優利高填息30,11,0,11,合庫-鳳山,2023-09-20,1029
2892,第一金,12,1,11,合庫-鳳山,2023-09-20,1029
2377,微星,14,3,11,合庫-鳳山,2023-09-20,1029
2495,普安,11,0,11,合庫-鳳山,2023-09-20,1029
6901,鑽石投資,19,8,11,合庫-鳳山,2023-09-20,1029
6719,力智,10,0,10,合庫-鳳山,2023-09-20,1029
1447,力鵬,10,0,10,合庫-鳳山,2023-09-20,1029
2002,中鋼,15,5,10,合庫-鳳山,2023-09-20,1029
2390,云辰,10,0,10,合庫-鳳山,2023-09-20,1029
2537,聯上發,12,2,10,合庫-鳳山,2023-09-20,1029
4306,炎洲,10,0,10,合庫-鳳山,2023-09-20,1029
2887,台新金,27,17,10,合庫-鳳山,2023-09-20,1029
2367,燿華,79,70,9,合庫-鳳山,2023-09-20,1029
5469,瀚宇博,10,1,9,合庫-鳳山,2023-09-20,1029
00713,元大台灣高息低波,8,0,8,合庫-鳳山,2023-09-20,1029
3035,智原,13,5,8,合庫-鳳山,2023-09-20,1029
5880,合庫金,207,1,206,合庫-鳳山,2023-09-21,1029
00919,群益台灣精選高息,163,66,97,合庫-鳳山,2023-09-21,1029
1101,台泥,88,2,86,合庫-鳳山,2023-09-21,1029
00878,國泰永續高股息,63,0,63,合庫-鳳山,2023-09-21,1029
2891,中信金,68,7,61,合庫-鳳山,2023-09-21,1029
2610,華航,62,11,51,合庫-鳳山,2023-09-21,1029
1605,華新,52,9,43,合庫-鳳山,2023-09-21,1029
0056,元大高股息,40,1,39,合庫-鳳山,2023-09-21,1029
2419,仲琦,38,0,38,合庫-鳳山,2023-09-21,1029
2002,中鋼,38,0,38,合庫-鳳山,2023-09-21,1029
2615,萬海,36,0,36,合庫-鳳山,2023-09-21,1029
00753L,中信中國50正2,36,1,35,合庫-鳳山,2023-09-21,1029
2618,長榮航,37,7,30,合庫-鳳山,2023-09-21,1029
3037,欣興,29,0,29,合庫-鳳山,2023-09-21,1029
2884,玉山金,30,2,28,合庫-鳳山,2023-09-21,1029
00929,復華台灣科技優息,193,166,27,合庫-鳳山,2023-09-21,1029
0050,元大台灣50,24,0,24,合庫-鳳山,2023-09-21,1029
2014,中鴻,23,0,23,合庫-鳳山,2023-09-21,1029
2330,台積電,25,4,21,合庫-鳳山,2023-09-21,1029
00664R,國泰臺灣加權反1,20,0,20,合庫-鳳山,2023-09-21,1029
2006,東和鋼鐵,20,0,20,合庫-鳳山,2023-09-21,1029
3232,昱捷,20,0,20,合庫-鳳山,2023-09-21,1029
2834,臺企銀,19,0,19,合庫-鳳山,2023-09-21,1029
6770,力積電,21,2,19,合庫-鳳山,2023-09-21,1029
00902,中信電池及儲能,15,0,15,合庫-鳳山,2023-09-21,1029
2468,華經,20,5,15,合庫-鳳山,2023-09-21,1029
6282,康舒,18,3,15,合庫-鳳山,2023-09-21,1029
2881,富邦金,14,0,14,合庫-鳳山,2023-09-21,1029
2032,新鋼,18,4,14,合庫-鳳山,2023-09-21,1029
6120,達運,14,0,14,合庫-鳳山,2023-09-21,1029
00932,兆豐永續高息等權,14,0,14,合庫-鳳山,2023-09-21,1029
3706,神達,19,6,13,合庫-鳳山,2023-09-21,1029
6169,昱泉,13,0,13,合庫-鳳山,2023-09-21,1029
00900,富邦特選高股息30,12,0,12,合庫-鳳山,2023-09-21,1029
1440,南紡,12,0,12,合庫-鳳山,2023-09-21,1029
1447,力鵬,12,0,12,合庫-鳳山,2023-09-21,1029
2340,台亞,12,0,12,合庫-鳳山,2023-09-21,1029
3058,立德,11,0,11,合庫-鳳山,2023-09-21,1029
3005,神基,11,0,11,合庫-鳳山,2023-09-21,1029
2886,兆豐金,11,0,11,合庫-鳳山,2023-09-21,1029
00675L,富邦臺灣加權正2,10,0,10,合庫-鳳山,2023-09-21,1029
00931B,統一美債20年,10,0,10,合庫-鳳山,2023-09-21,1029
2317,鴻海,12,2,10,合庫-鳳山,2023-09-21,1029
2838,聯邦銀,10,0,10,合庫-鳳山,2023-09-21,1029
3265,台星科,16,6,10,合庫-鳳山,2023-09-21,1029
3685,元創精密,10,0,10,合庫-鳳山,2023-09-21,1029
4906,正文,10,0,10,合庫-鳳山,2023-09-21,1029
6547,高端疫苗,10,0,10,合庫-鳳山,2023-09-21,1029
00713,元大台灣高息低波,9,0,9,合庫-鳳山,2023-09-21,1029
5483,中美晶,9,0,9,合庫-鳳山,2023-09-21,1029
2887,台新金,209,0,209,合庫-鳳山,2023-09-22,1029
00929,復華台灣科技優息,114,22,92,合庫-鳳山,2023-09-22,1029
00680L,元大美債20正2,73,0,73,合庫-鳳山,2023-09-22,1029
00919,群益台灣精選高息,61,0,61,合庫-鳳山,2023-09-22,1029
00679B,元大美債20年,54,1,53,合庫-鳳山,2023-09-22,1029
2371,大同,43,1,42,合庫-鳳山,2023-09-22,1029
4908,前鼎,49,18,31,合庫-鳳山,2023-09-22,1029
1307,三芳,30,0,30,合庫-鳳山,2023-09-22,1029
1101,台泥,30,2,28,合庫-鳳山,2023-09-22,1029
2883,凱基金,30,9,21,合庫-鳳山,2023-09-22,1029
5880,合庫金,21,1,20,合庫-鳳山,2023-09-22,1029
2867,三商壽,20,0,20,合庫-鳳山,2023-09-22,1029
3051,力特,26,6,20,合庫-鳳山,2023-09-22,1029
2330,台積電,19,0,19,合庫-鳳山,2023-09-22,1029
00923,群益台ESG低碳50,18,0,18,合庫-鳳山,2023-09-22,1029
00921,兆豐龍頭等權重,27,10,17,合庫-鳳山,2023-09-22,1029
2891,中信金,17,0,17,合庫-鳳山,2023-09-22,1029
3481,群創,37,20,17,合庫-鳳山,2023-09-22,1029
8034,榮群,13,0,13,合庫-鳳山,2023-09-22,1029
00720B,元大投資級公司債,12,0,12,合庫-鳳山,2023-09-22,1029
00900,富邦特選高股息30,12,0,12,合庫-鳳山,2023-09-22,1029
2402,毅嘉,27,15,12,合庫-鳳山,2023-09-22,1029
3017,奇鋐,16,4,12,合庫-鳳山,2023-09-22,1029
00931B,統一美債20年,10,0,10,合庫-鳳山,2023-09-22,1029
3232,昱捷,10,0,10,合庫-鳳山,2023-09-22,1029
8068,全達,12,2,10,合庫-鳳山,2023-09-22,1029
00795B,中信美國公債20年,9,0,9,合庫-鳳山,2023-09-22,1029
00893,國泰智能電動車,9,0,9,合庫-鳳山,2023-09-22,1029
2337,旺宏,9,0,9,合庫-鳳山,2023-09-22,1029
2609,陽明,9,0,9,合庫-鳳山,2023-09-22,1029
2603,長榮,9,0,9,合庫-鳳山,2023-09-22,1029
00772B,中信高評級公司債,8,0,8,合庫-鳳山,2023-09-22,1029
2884,玉山金,8,0,8,合庫-鳳山,2023-09-22,1029
6190,萬泰科,14,6,8,合庫-鳳山,2023-09-22,1029
2303,聯電,12,4,8,合庫-鳳山,2023-09-22,1029
00687B,國泰20年美債,10,3,7,合庫-鳳山,2023-09-22,1029
1303,南亞,7,0,7,合庫-鳳山,2023-09-22,1029
1815,富喬,9,2,7,合庫-鳳山,2023-09-22,1029
2634,漢翔,10,3,7,合庫-鳳山,2023-09-22,1029
2881,富邦金,6,0,6,合庫-鳳山,2023-09-22,1029
00751B,元大AAA至A公司債,6,0,6,合庫-鳳山,2023-09-22,1029
00888,永豐台灣ESG,6,0,6,合庫-鳳山,2023-09-22,1029
1718,中纖,6,0,6,合庫-鳳山,2023-09-22,1029
2888,新光金,6,0,6,合庫-鳳山,2023-09-22,1029
6168,宏齊,6,0,6,合庫-鳳山,2023-09-22,1029
00712,復華富時不動產,55,50,5,合庫-鳳山,2023-09-22,1029
00706L,期元大S＆P日圓正2,5,0,5,合庫-鳳山,2023-09-22,1029
00902,中信電池及儲能,5,0,5,合庫-鳳山,2023-09-22,1029
00927,群益半導體收益,5,0,5,合庫-鳳山,2023-09-22,1029
2102,泰豐,5,0,5,合庫-鳳山,2023-09-22,1029
2888,新光金,277,11,266,合庫-鳳山,2023-09-25,1029
2883,凱基金,50,0,50,合庫-鳳山,2023-09-25,1029
00919,群益台灣精選高息,49,2,47,合庫-鳳山,2023-09-25,1029
1504,東元,42,5,37,合庫-鳳山,2023-09-25,1029
3265,台星科,48,13,35,合庫-鳳山,2023-09-25,1029
1101,台泥,30,0,30,合庫-鳳山,2023-09-25,1029
6120,達運,30,0,30,合庫-鳳山,2023-09-25,1029
2002,中鋼,38,10,28,合庫-鳳山,2023-09-25,1029
2363,矽統,40,12,28,合庫-鳳山,2023-09-25,1029
2329,華泰,27,0,27,合庫-鳳山,2023-09-25,1029
2891,中信金,32,8,24,合庫-鳳山,2023-09-25,1029
00929,復華台灣科技優息,35,14,21,合庫-鳳山,2023-09-25,1029
00753L,中信中國50正2,20,0,20,合庫-鳳山,2023-09-25,1029
4120,友華,20,0,20,合庫-鳳山,2023-09-25,1029
8114,振樺電,20,0,20,合庫-鳳山,2023-09-25,1029
1307,三芳,20,1,19,合庫-鳳山,2023-09-25,1029
2371,大同,20,1,19,合庫-鳳山,2023-09-25,1029
00772B,中信高評級公司債,15,0,15,合庫-鳳山,2023-09-25,1029
2838,聯邦銀,15,0,15,合庫-鳳山,2023-09-25,1029
2314,台揚,14,0,14,合庫-鳳山,2023-09-25,1029
00902,中信電池及儲能,13,0,13,合庫-鳳山,2023-09-25,1029
1909,榮成,15,2,13,合庫-鳳山,2023-09-25,1029
00931B,統一美債20年,12,0,12,合庫-鳳山,2023-09-25,1029
4414,如興,12,0,12,合庫-鳳山,2023-09-25,1029
2356,英業達,11,0,11,合庫-鳳山,2023-09-25,1029
2367,燿華,14,3,11,合庫-鳳山,2023-09-25,1029
2882,國泰金,11,0,11,合庫-鳳山,2023-09-25,1029
3615,安可,15,4,11,合庫-鳳山,2023-09-25,1029
8034,榮群,13,2,11,合庫-鳳山,2023-09-25,1029
2317,鴻海,11,1,10,合庫-鳳山,2023-09-25,1029
2382,廣達,16,6,10,合庫-鳳山,2023-09-25,1029
5880,合庫金,12,3,9,合庫-鳳山,2023-09-25,1029
2358,廷鑫,9,0,9,合庫-鳳山,2023-09-25,1029
4113,聯上,15,6,9,合庫-鳳山,2023-09-25,1029
2303,聯電,15,7,8,合庫-鳳山,2023-09-25,1029
2610,華航,15,7,8,合庫-鳳山,2023-09-25,1029
00679B,元大美債20年,7,0,7,合庫-鳳山,2023-09-25,1029
6443,元晶,6,0,6,合庫-鳳山,2023-09-25,1029
6530,創威,11,5,6,合庫-鳳山,2023-09-25,1029
2330,台積電,15,10,5,合庫-鳳山,2023-09-25,1029
00651R,復華香港反1,5,0,5,合庫-鳳山,2023-09-25,1029
1727,中華化,5,0,5,合庫-鳳山,2023-09-25,1029
2025,千興,5,0,5,合庫-鳳山,2023-09-25,1029
2421,建準,5,0,5,合庫-鳳山,2023-09-25,1029
2542,興富發,5,0,5,合庫-鳳山,2023-09-25,1029
4304,勝昱,5,0,5,合庫-鳳山,2023-09-25,1029
00857B,永豐20年美公債,4,0,4,合庫-鳳山,2023-09-25,1029
2543,皇昌,4,0,4,合庫-鳳山,2023-09-25,1029
2641,正德,5,1,4,合庫-鳳山,2023-09-25,1029
2912,統一超,4,0,4,合庫-鳳山,2023-09-25,1029
00929,復華台灣科技優息,157,5,152,合庫-鳳山,2023-09-26,1029
00919,群益台灣精選高息,76,1,75,合庫-鳳山,2023-09-26,1029
5880,合庫金,71,0,71,合庫-鳳山,2023-09-26,1029
00878,國泰永續高股息,66,2,64,合庫-鳳山,2023-09-26,1029
2888,新光金,56,3,53,合庫-鳳山,2023-09-26,1029
00712,復華富時不動產,38,0,38,合庫-鳳山,2023-09-26,1029
2515,中工,30,1,29,合庫-鳳山,2023-09-26,1029
00921,兆豐龍頭等權重,31,4,27,合庫-鳳山,2023-09-26,1029
2303,聯電,35,9,26,合庫-鳳山,2023-09-26,1029
1815,富喬,62,38,24,合庫-鳳山,2023-09-26,1029
2330,台積電,27,4,23,合庫-鳳山,2023-09-26,1029
00679B,元大美債20年,21,0,21,合庫-鳳山,2023-09-26,1029
2206,三陽工業,26,5,21,合庫-鳳山,2023-09-26,1029
1101,台泥,31,11,20,合庫-鳳山,2023-09-26,1029
00692,富邦公司治理,20,0,20,合庫-鳳山,2023-09-26,1029
2382,廣達,27,7,20,合庫-鳳山,2023-09-26,1029
00772B,中信高評級公司債,19,0,19,合庫-鳳山,2023-09-26,1029
8114,振樺電,20,1,19,合庫-鳳山,2023-09-26,1029
4414,如興,18,0,18,合庫-鳳山,2023-09-26,1029
2363,矽統,61,44,17,合庫-鳳山,2023-09-26,1029
2610,華航,18,1,17,合庫-鳳山,2023-09-26,1029
00680L,元大美債20正2,15,0,15,合庫-鳳山,2023-09-26,1029
2883,凱基金,27,12,15,合庫-鳳山,2023-09-26,1029
0056,元大高股息,15,0,15,合庫-鳳山,2023-09-26,1029
00881,國泰台灣5G+,14,0,14,合庫-鳳山,2023-09-26,1029
6547,高端疫苗,15,1,14,合庫-鳳山,2023-09-26,1029
2002,中鋼,15,2,13,合庫-鳳山,2023-09-26,1029
2329,華泰,17,4,13,合庫-鳳山,2023-09-26,1029
2834,臺企銀,13,0,13,合庫-鳳山,2023-09-26,1029
3032,偉訓,16,3,13,合庫-鳳山,2023-09-26,1029
3711,日月光投控,13,1,12,合庫-鳳山,2023-09-26,1029
5425,台半,13,1,12,合庫-鳳山,2023-09-26,1029
1301,台塑,10,0,10,合庫-鳳山,2023-09-26,1029
1108,幸福,10,0,10,合庫-鳳山,2023-09-26,1029
00751B,元大AAA至A公司債,10,0,10,合庫-鳳山,2023-09-26,1029
1603,華電,12,2,10,合庫-鳳山,2023-09-26,1029
2025,千興,14,4,10,合庫-鳳山,2023-09-26,1029
2368,金像電,14,4,10,合庫-鳳山,2023-09-26,1029
2371,大同,14,4,10,合庫-鳳山,2023-09-26,1029
2460,建通,10,0,10,合庫-鳳山,2023-09-26,1029
8421,旭源,10,0,10,合庫-鳳山,2023-09-26,1029
2542,興富發,12,3,9,合庫-鳳山,2023-09-26,1029
00687B,國泰20年美債,9,0,9,合庫-鳳山,2023-09-26,1029
2801,彰銀,10,1,9,合庫-鳳山,2023-09-26,1029
2884,玉山金,9,0,9,合庫-鳳山,2023-09-26,1029
1312,國喬,8,0,8,合庫-鳳山,2023-09-26,1029
6405,悅城,13,5,8,合庫-鳳山,2023-09-26,1029
0050,元大台灣50,8,0,8,合庫-鳳山,2023-09-26,1029
2317,鴻海,7,0,7,合庫-鳳山,2023-09-26,1029
00931B,統一美債20年,7,0,7,合庫-鳳山,2023-09-26,1029
1605,華新,102,3,99,合庫-鳳山,2023-09-27,1029
2002,中鋼,95,5,90,合庫-鳳山,2023-09-27,1029
00673R,期元大S＆P原油反1,50,2,48,合庫-鳳山,2023-09-27,1029
00929,復華台灣科技優息,112,67,45,合庫-鳳山,2023-09-27,1029
2883,凱基金,45,0,45,合庫-鳳山,2023-09-27,1029
6770,力積電,45,0,45,合庫-鳳山,2023-09-27,1029
00712,復華富時不動產,38,0,38,合庫-鳳山,2023-09-27,1029
1609,大亞,94,58,36,合庫-鳳山,2023-09-27,1029
00931B,統一美債20年,32,0,32,合庫-鳳山,2023-09-27,1029
2313,華通,26,1,25,合庫-鳳山,2023-09-27,1029
2855,統一證,20,0,20,合庫-鳳山,2023-09-27,1029
2892,第一金,20,0,20,合庫-鳳山,2023-09-27,1029
3163,波若威,35,16,19,合庫-鳳山,2023-09-27,1029
4414,如興,15,0,15,合庫-鳳山,2023-09-27,1029
2014,中鴻,14,0,14,合庫-鳳山,2023-09-27,1029
1513,中興電,15,3,12,合庫-鳳山,2023-09-27,1029
2515,中工,12,0,12,合庫-鳳山,2023-09-27,1029
9904,寶成,12,0,12,合庫-鳳山,2023-09-27,1029
2206,三陽工業,11,0,11,合庫-鳳山,2023-09-27,1029
3043,科風,11,0,11,合庫-鳳山,2023-09-27,1029
4736,泰博,10,0,10,合庫-鳳山,2023-09-27,1029
1503,士電,11,1,10,合庫-鳳山,2023-09-27,1029
00932,兆豐永續高息等權,10,0,10,合庫-鳳山,2023-09-27,1029
1307,三芳,10,0,10,合庫-鳳山,2023-09-27,1029
2331,精英,10,0,10,合庫-鳳山,2023-09-27,1029
4402,郡都開發,10,0,10,合庫-鳳山,2023-09-27,1029
00772B,中信高評級公司債,11,2,9,合庫-鳳山,2023-09-27,1029
3036,文曄,10,1,9,合庫-鳳山,2023-09-27,1029
1301,台塑,8,0,8,合庫-鳳山,2023-09-27,1029
00713,元大台灣高息低波,8,0,8,合庫-鳳山,2023-09-27,1029
2344,華邦電,8,0,8,合庫-鳳山,2023-09-27,1029
2891,中信金,12,4,8,合庫-鳳山,2023-09-27,1029
2303,聯電,136,128,8,合庫-鳳山,2023-09-27,1029
8422,可寧衛,7,0,7,合庫-鳳山,2023-09-27,1029
2834,臺企銀,9,2,7,合庫-鳳山,2023-09-27,1029
2337,旺宏,6,0,6,合庫-鳳山,2023-09-27,1029
5880,合庫金,7,0,7,合庫-鳳山,2023-09-27,1029
2542,興富發,6,0,6,合庫-鳳山,2023-09-27,1029
2402,毅嘉,6,0,6,合庫-鳳山,2023-09-27,1029
4536,拓凱,6,0,6,合庫-鳳山,2023-09-27,1029
4746,台耀,8,2,6,合庫-鳳山,2023-09-27,1029
1565,精華,5,0,5,合庫-鳳山,2023-09-27,1029
1727,中華化,5,0,5,合庫-鳳山,2023-09-27,1029
2032,新鋼,5,0,5,合庫-鳳山,2023-09-27,1029
2421,建準,24,19,5,合庫-鳳山,2023-09-27,1029
3265,台星科,6,1,5,合庫-鳳山,2023-09-27,1029
3715,定穎投控,58,53,5,合庫-鳳山,2023-09-27,1029
4906,正文,5,0,5,合庫-鳳山,2023-09-27,1029
6733,博晟生醫,5,0,5,合庫-鳳山,2023-09-27,1029
9941,裕融,5,0,5,合庫-鳳山,2023-09-27,1029
00673R,期元大S＆P原油反1,72,0,72,合庫-鳳山,2023-09-28,1029
00929,復華台灣科技優息,73,15,58,合庫-鳳山,2023-09-28,1029
2002,中鋼,63,21,42,合庫-鳳山,2023-09-28,1029
3260,威剛,42,0,42,合庫-鳳山,2023-09-28,1029
6120,達運,40,0,40,合庫-鳳山,2023-09-28,1029
00712,復華富時不動產,41,3,38,合庫-鳳山,2023-09-28,1029
00919,群益台灣精選高息,50,17,33,合庫-鳳山,2023-09-28,1029
00680L,元大美債20正2,32,0,32,合庫-鳳山,2023-09-28,1029
2610,華航,29,0,29,合庫-鳳山,2023-09-28,1029
2408,南亞科,28,1,27,合庫-鳳山,2023-09-28,1029
3231,緯創,122,99,23,合庫-鳳山,2023-09-28,1029
5452,佶優,25,2,23,合庫-鳳山,2023-09-28,1029
4979,華星光,33,11,22,合庫-鳳山,2023-09-28,1029
00878,國泰永續高股息,37,16,21,合庫-鳳山,2023-09-28,1029
0056,元大高股息,22,2,20,合庫-鳳山,2023-09-28,1029
3041,揚智,20,0,20,合庫-鳳山,2023-09-28,1029
5465,富驊,22,3,19,合庫-鳳山,2023-09-28,1029
1815,富喬,22,3,19,合庫-鳳山,2023-09-28,1029
2356,英業達,20,5,15,合庫-鳳山,2023-09-28,1029
4736,泰博,14,0,14,合庫-鳳山,2023-09-28,1029
00687B,國泰20年美債,14,0,14,合庫-鳳山,2023-09-28,1029
3105,穩懋,12,0,12,合庫-鳳山,2023-09-28,1029
2363,矽統,39,27,12,合庫-鳳山,2023-09-28,1029
00637L,元大滬深300正2,11,0,11,合庫-鳳山,2023-09-28,1029
2634,漢翔,15,4,11,合庫-鳳山,2023-09-28,1029
1307,三芳,10,0,10,合庫-鳳山,2023-09-28,1029
3325,旭品,11,1,10,合庫-鳳山,2023-09-28,1029
8114,振樺電,10,0,10,合庫-鳳山,2023-09-28,1029
00772B,中信高評級公司債,20,10,10,合庫-鳳山,2023-09-28,1029
1529,樂事綠能,13,4,9,合庫-鳳山,2023-09-28,1029
2344,華邦電,9,0,9,合庫-鳳山,2023-09-28,1029
2460,建通,9,0,9,合庫-鳳山,2023-09-28,1029
2618,長榮航,9,0,9,合庫-鳳山,2023-09-28,1029
3013,晟銘電,15,6,9,合庫-鳳山,2023-09-28,1029
00753L,中信中國50正2,10,2,8,合庫-鳳山,2023-09-28,1029
00679B,元大美債20年,7,0,7,合庫-鳳山,2023-09-28,1029
2886,兆豐金,7,0,7,合庫-鳳山,2023-09-28,1029
2317,鴻海,6,0,6,合庫-鳳山,2023-09-28,1029
00633L,富邦上証正2,6,0,6,合庫-鳳山,2023-09-28,1029
00710B,復華彭博非投等債,6,0,6,合庫-鳳山,2023-09-28,1029
00720B,元大投資級公司債,6,0,6,合庫-鳳山,2023-09-28,1029
3380,明泰,6,0,6,合庫-鳳山,2023-09-28,1029
3704,合勤控,8,2,6,合庫-鳳山,2023-09-28,1029
4120,友華,6,0,6,合庫-鳳山,2023-09-28,1029
006208,富邦台50,10,5,5,合庫-鳳山,2023-09-28,1029
00882,中信中國高股息,5,0,5,合庫-鳳山,2023-09-28,1029
1720,生達,5,0,5,合庫-鳳山,2023-09-28,1029
2032,新鋼,5,0,5,合庫-鳳山,2023-09-28,1029
3006,晶豪科,5,0,5,合庫-鳳山,2023-09-28,1029
3078,僑威,8,3,5,合庫-鳳山,2023-09-28,1029
00632R,元大台灣50反1,80,0,80,合庫-鳳山,2023-10-02,1029
00929,復華台灣科技優息,72,16,56,合庫-鳳山,2023-10-02,1029
00715L,期街口布蘭特正2,50,0,50,合庫-鳳山,2023-10-02,1029
3481,群創,52,2,50,合庫-鳳山,2023-10-02,1029
00712,復華富時不動產,28,0,28,合庫-鳳山,2023-10-02,1029
00772B,中信高評級公司債,27,0,27,合庫-鳳山,2023-10-02,1029
2329,華泰,41,16,25,合庫-鳳山,2023-10-02,1029
6770,力積電,31,10,21,合庫-鳳山,2023-10-02,1029
3479,安勤,20,0,20,合庫-鳳山,2023-10-02,1029
6271,同欣電,20,0,20,合庫-鳳山,2023-10-02,1029
5285,界霖,19,0,19,合庫-鳳山,2023-10-02,1029
2883,凱基金,15,0,15,合庫-鳳山,2023-10-02,1029
4306,炎洲,15,0,15,合庫-鳳山,2023-10-02,1029
3058,立德,13,0,13,合庫-鳳山,2023-10-02,1029
4736,泰博,13,0,13,合庫-鳳山,2023-10-02,1029
00931B,統一美債20年,11,0,11,合庫-鳳山,2023-10-02,1029
1503,士電,13,2,11,合庫-鳳山,2023-10-02,1029
2419,仲琦,12,1,11,合庫-鳳山,2023-10-02,1029
2421,建準,29,18,11,合庫-鳳山,2023-10-02,1029
00919,群益台灣精選高息,11,1,10,合庫-鳳山,2023-10-02,1029
2363,矽統,38,28,10,合庫-鳳山,2023-10-02,1029
2371,大同,10,0,10,合庫-鳳山,2023-10-02,1029
2845,遠東銀,10,0,10,合庫-鳳山,2023-10-02,1029
2867,三商壽,10,0,10,合庫-鳳山,2023-10-02,1029
5426,振發,15,5,10,合庫-鳳山,2023-10-02,1029
6191,精成科,10,0,10,合庫-鳳山,2023-10-02,1029
6603,富強鑫,10,0,10,合庫-鳳山,2023-10-02,1029
8112,至上,10,0,10,合庫-鳳山,2023-10-02,1029
00720B,元大投資級公司債,10,1,9,合庫-鳳山,2023-10-02,1029
2002,中鋼,21,12,9,合庫-鳳山,2023-10-02,1029
00893,國泰智能電動車,9,0,9,合庫-鳳山,2023-10-02,1029
1504,東元,17,8,9,合庫-鳳山,2023-10-02,1029
2312,金寶,10,1,9,合庫-鳳山,2023-10-02,1029
2641,正德,9,0,9,合庫-鳳山,2023-10-02,1029
4120,友華,9,0,9,合庫-鳳山,2023-10-02,1029
0056,元大高股息,21,12,9,合庫-鳳山,2023-10-02,1029
2206,三陽工業,9,1,8,合庫-鳳山,2023-10-02,1029
2337,旺宏,8,0,8,合庫-鳳山,2023-10-02,1029
3036,文曄,8,0,8,合庫-鳳山,2023-10-02,1029
2609,陽明,30,23,7,合庫-鳳山,2023-10-02,1029
1101,台泥,7,0,7,合庫-鳳山,2023-10-02,1029
1905,華紙,12,5,7,合庫-鳳山,2023-10-02,1029
2707,晶華,7,0,7,合庫-鳳山,2023-10-02,1029
5258,虹堡,11,4,7,合庫-鳳山,2023-10-02,1029
5452,佶優,9,2,7,合庫-鳳山,2023-10-02,1029
1609,大亞,12,6,6,合庫-鳳山,2023-10-02,1029
1301,台塑,6,0,6,合庫-鳳山,2023-10-02,1029
1307,三芳,6,0,6,合庫-鳳山,2023-10-02,1029
1584,精剛,6,0,6,合庫-鳳山,2023-10-02,1029
1603,華電,6,0,6,合庫-鳳山,2023-10-02,1029
00632R,元大台灣50反1,684,0,684,合庫-鳳山,2023-10-03,1029
2888,新光金,119,0,119,合庫-鳳山,2023-10-03,1029
1605,華新,103,1,102,合庫-鳳山,2023-10-03,1029
8277,商丞,100,1,99,合庫-鳳山,2023-10-03,1029
00715L,期街口布蘭特正2,80,2,78,合庫-鳳山,2023-10-03,1029
00882,中信中國高股息,73,0,73,合庫-鳳山,2023-10-03,1029
00929,復華台灣科技優息,73,2,71,合庫-鳳山,2023-10-03,1029
0056,元大高股息,61,3,58,合庫-鳳山,2023-10-03,1029
00642U,期元大S＆P石油,50,0,50,合庫-鳳山,2023-10-03,1029
3188,鑫龍騰,50,0,50,合庫-鳳山,2023-10-03,1029
00712,復華富時不動產,52,5,47,合庫-鳳山,2023-10-03,1029
2002,中鋼,87,45,42,合庫-鳳山,2023-10-03,1029
2419,仲琦,36,0,36,合庫-鳳山,2023-10-03,1029
00753L,中信中國50正2,30,0,30,合庫-鳳山,2023-10-03,1029
00922,國泰台灣領袖50,29,0,29,合庫-鳳山,2023-10-03,1029
2367,燿華,27,1,26,合庫-鳳山,2023-10-03,1029
3037,欣興,36,11,25,合庫-鳳山,2023-10-03,1029
5285,界霖,37,12,25,合庫-鳳山,2023-10-03,1029
2388,威盛,31,6,25,合庫-鳳山,2023-10-03,1029
3231,緯創,46,21,25,合庫-鳳山,2023-10-03,1029
2610,華航,23,0,23,合庫-鳳山,2023-10-03,1029
2356,英業達,23,0,23,合庫-鳳山,2023-10-03,1029
3264,欣銓,23,1,22,合庫-鳳山,2023-10-03,1029
4414,如興,22,0,22,合庫-鳳山,2023-10-03,1029
00637L,元大滬深300正2,20,0,20,合庫-鳳山,2023-10-03,1029
2371,大同,19,0,19,合庫-鳳山,2023-10-03,1029
00633L,富邦上証正2,18,0,18,合庫-鳳山,2023-10-03,1029
3325,旭品,46,30,16,合庫-鳳山,2023-10-03,1029
3483,力致,16,0,16,合庫-鳳山,2023-10-03,1029
4746,台耀,16,0,16,合庫-鳳山,2023-10-03,1029
00919,群益台灣精選高息,16,2,14,合庫-鳳山,2023-10-03,1029
2603,長榮,21,8,13,合庫-鳳山,2023-10-03,1029
00680L,元大美債20正2,12,0,12,合庫-鳳山,2023-10-03,1029
1504,東元,14,2,12,合庫-鳳山,2023-10-03,1029
1802,台玻,17,5,12,合庫-鳳山,2023-10-03,1029
2363,矽統,57,45,12,合庫-鳳山,2023-10-03,1029
6235,華孚,16,4,12,合庫-鳳山,2023-10-03,1029
4739,康普,11,0,11,合庫-鳳山,2023-10-03,1029
6285,啟��,11,0,11,合庫-鳳山,2023-10-03,1029
2882,國泰金,11,0,11,合庫-鳳山,2023-10-03,1029
2390,云辰,11,1,10,合庫-鳳山,2023-10-03,1029
2838,聯邦銀,10,0,10,合庫-鳳山,2023-10-03,1029
2867,三商壽,10,0,10,合庫-鳳山,2023-10-03,1029
3058,立德,10,0,10,合庫-鳳山,2023-10-03,1029
5880,合庫金,9,0,9,合庫-鳳山,2023-10-03,1029
2881,富邦金,9,0,9,合庫-鳳山,2023-10-03,1029
00931B,統一美債20年,9,0,9,合庫-鳳山,2023-10-03,1029
3481,群創,45,37,8,合庫-鳳山,2023-10-03,1029
2885,元大金,8,0,8,合庫-鳳山,2023-10-03,1029
3339,泰谷,8,0,8,合庫-鳳山,2023-10-03,1029
1605,華新,170,0,170,合庫-鳳山,2023-10-04,1029
00712,復華富時不動產,109,0,109,合庫-鳳山,2023-10-04,1029
5880,合庫金,99,2,97,合庫-鳳山,2023-10-04,1029
00637L,元大滬深300正2,80,1,79,合庫-鳳山,2023-10-04,1029
00929,復華台灣科技優息,78,15,63,合庫-鳳山,2023-10-04,1029
2883,凱基金,61,0,61,合庫-鳳山,2023-10-04,1029
2887,台新金,63,8,55,合庫-鳳山,2023-10-04,1029
2002,中鋼,48,0,48,合庫-鳳山,2023-10-04,1029
4105,東洋,45,0,45,合庫-鳳山,2023-10-04,1029
2884,玉山金,42,0,42,合庫-鳳山,2023-10-04,1029
00679B,元大美債20年,41,0,41,合庫-鳳山,2023-10-04,1029
2892,第一金,36,0,36,合庫-鳳山,2023-10-04,1029
2303,聯電,37,3,34,合庫-鳳山,2023-10-04,1029
2891,中信金,30,0,30,合庫-鳳山,2023-10-04,1029
2605,新興,29,2,27,合庫-鳳山,2023-10-04,1029
1609,大亞,23,0,23,合庫-鳳山,2023-10-04,1029
0056,元大高股息,27,5,22,合庫-鳳山,2023-10-04,1029
00919,群益台灣精選高息,42,20,22,合庫-鳳山,2023-10-04,1029
1504,東元,27,5,22,合庫-鳳山,2023-10-04,1029
1301,台塑,22,0,22,合庫-鳳山,2023-10-04,1029
2885,元大金,21,0,21,合庫-鳳山,2023-10-04,1029
4114,健喬,21,0,21,合庫-鳳山,2023-10-04,1029
00753L,中信中國50正2,20,0,20,合庫-鳳山,2023-10-04,1029
2542,興富發,21,1,20,合庫-鳳山,2023-10-04,1029
00931B,統一美債20年,20,2,18,合庫-鳳山,2023-10-04,1029
2344,華邦電,20,2,18,合庫-鳳山,2023-10-04,1029
00922,國泰台灣領袖50,17,0,17,合庫-鳳山,2023-10-04,1029
4906,正文,16,0,16,合庫-鳳山,2023-10-04,1029
6547,高端疫苗,16,0,16,合庫-鳳山,2023-10-04,1029
1101,台泥,15,0,15,合庫-鳳山,2023-10-04,1029
3037,欣興,15,0,15,合庫-鳳山,2023-10-04,1029
2206,三陽工業,32,17,15,合庫-鳳山,2023-10-04,1029
3715,定穎投控,37,22,15,合庫-鳳山,2023-10-04,1029
1584,精剛,15,1,14,合庫-鳳山,2023-10-04,1029
3481,群創,32,18,14,合庫-鳳山,2023-10-04,1029
00772B,中信高評級公司債,24,11,13,合庫-鳳山,2023-10-04,1029
2888,新光金,12,0,12,合庫-鳳山,2023-10-04,1029
8926,台汽電,12,0,12,合庫-鳳山,2023-10-04,1029
3545,敦泰,12,1,11,合庫-鳳山,2023-10-04,1029
1714,和桐,11,0,11,合庫-鳳山,2023-10-04,1029
2538,基泰,11,0,11,合庫-鳳山,2023-10-04,1029
00918,大華優利高填息30,10,0,10,合庫-鳳山,2023-10-04,1029
00908,富邦入息REITs+,10,0,10,合庫-鳳山,2023-10-04,1029
00633L,富邦上証正2,10,0,10,合庫-鳳山,2023-10-04,1029
1762,中化生,10,0,10,合庫-鳳山,2023-10-04,1029
2353,宏��,10,0,10,合庫-鳳山,2023-10-04,1029
6799,來頡,10,0,10,合庫-鳳山,2023-10-04,1029
1326,台化,10,1,9,合庫-鳳山,2023-10-04,1029
2409,友達,29,20,9,合庫-鳳山,2023-10-04,1029
8422,可寧衛,10,1,9,合庫-鳳山,2023-10-04,1029
2618,長榮航,683,41,642,合庫-鳳山,2023-10-05,1029
00632R,元大台灣50反1,440,0,440,合庫-鳳山,2023-10-05,1029
00715L,期街口布蘭特正2,97,0,97,合庫-鳳山,2023-10-05,1029
3715,定穎投控,129,47,82,合庫-鳳山,2023-10-05,1029
00712,復華富時不動產,72,0,72,合庫-鳳山,2023-10-05,1029
00706L,期元大S＆P日圓正2,51,0,51,合庫-鳳山,2023-10-05,1029
00929,復華台灣科技優息,47,7,40,合庫-鳳山,2023-10-05,1029
00673R,期元大S＆P原油反1,30,0,30,合庫-鳳山,2023-10-05,1029
2538,基泰,58,29,29,合庫-鳳山,2023-10-05,1029
00772B,中信高評級公司債,26,0,26,合庫-鳳山,2023-10-05,1029
1815,富喬,47,22,25,合庫-鳳山,2023-10-05,1029
5880,合庫金,22,0,22,合庫-鳳山,2023-10-05,1029
00878,國泰永續高股息,21,0,21,合庫-鳳山,2023-10-05,1029
4114,健喬,20,0,20,合庫-鳳山,2023-10-05,1029
2883,凱基金,19,0,19,合庫-鳳山,2023-10-05,1029
00931B,統一美債20年,17,1,16,合庫-鳳山,2023-10-05,1029
2419,仲琦,17,1,16,合庫-鳳山,2023-10-05,1029
2834,臺企銀,16,0,16,合庫-鳳山,2023-10-05,1029
5426,振發,21,5,16,合庫-鳳山,2023-10-05,1029
6213,聯茂,19,4,15,合庫-鳳山,2023-10-05,1029
00919,群益台灣精選高息,15,1,14,合庫-鳳山,2023-10-05,1029
3231,緯創,52,38,14,合庫-鳳山,2023-10-05,1029
2002,中鋼,64,52,12,合庫-鳳山,2023-10-05,1029
3056,富華新,12,0,12,合庫-鳳山,2023-10-05,1029
00655L,國泰中國A50正2,11,0,11,合庫-鳳山,2023-10-05,1029
3379,彬台,11,0,11,合庫-鳳山,2023-10-05,1029
2892,第一金,11,0,11,合庫-鳳山,2023-10-05,1029
2382,廣達,16,5,11,合庫-鳳山,2023-10-05,1029
00671R,富邦NASDAQ反1,10,0,10,合庫-鳳山,2023-10-05,1029
00680L,元大美債20正2,10,0,10,合庫-鳳山,2023-10-05,1029
2329,華泰,11,1,10,合庫-鳳山,2023-10-05,1029
2882,國泰金,10,0,10,合庫-鳳山,2023-10-05,1029
3338,泰碩,10,0,10,合庫-鳳山,2023-10-05,1029
4572,駐龍,10,0,10,合庫-鳳山,2023-10-05,1029
4960,誠美材,9,0,9,合庫-鳳山,2023-10-05,1029
2637,慧洋-KY,10,2,8,合庫-鳳山,2023-10-05,1029
3041,揚智,9,1,8,合庫-鳳山,2023-10-05,1029
3325,旭品,12,5,7,合庫-鳳山,2023-10-05,1029
6244,茂迪,7,0,7,合庫-鳳山,2023-10-05,1029
6285,啟��,7,0,7,合庫-鳳山,2023-10-05,1029
2887,台新金,7,1,6,合庫-鳳山,2023-10-05,1029
3380,明泰,6,0,6,合庫-鳳山,2023-10-05,1029
4979,華星光,13,7,6,合庫-鳳山,2023-10-05,1029
6288,聯嘉,13,7,6,合庫-鳳山,2023-10-05,1029
1101,台泥,7,1,6,合庫-鳳山,2023-10-05,1029
1609,大亞,19,13,6,合庫-鳳山,2023-10-05,1029
0056,元大高股息,6,1,5,合庫-鳳山,2023-10-05,1029
3044,健鼎,6,1,5,合庫-鳳山,2023-10-05,1029
00679B,元大美債20年,5,0,5,合庫-鳳山,2023-10-05,1029
00665L,富邦�琤肭磪囓�2,250,245,5,合庫-鳳山,2023-10-05,1029
2618,長榮航,515,3,512,合庫-鳳山,2023-10-06,1029
3501,維熹,60,0,60,合庫-鳳山,2023-10-06,1029
9105,泰金寶-DR,66,10,56,合庫-鳳山,2023-10-06,1029
00712,復華富時不動產,52,1,51,合庫-鳳山,2023-10-06,1029
00642U,期元大S＆P石油,50,5,45,合庫-鳳山,2023-10-06,1029
00922,國泰台灣領袖50,30,0,30,合庫-鳳山,2023-10-06,1029
5608,四維航,40,11,29,合庫-鳳山,2023-10-06,1029
3037,欣興,28,0,28,合庫-鳳山,2023-10-06,1029
00680L,元大美債20正2,22,0,22,合庫-鳳山,2023-10-06,1029
00715L,期街口布蘭特正2,22,0,22,合庫-鳳山,2023-10-06,1029
00696B,富邦美債20年,21,0,21,合庫-鳳山,2023-10-06,1029
6120,達運,21,0,21,合庫-鳳山,2023-10-06,1029
00688L,國泰20年美債正2,20,0,20,合庫-鳳山,2023-10-06,1029
00687B,國泰20年美債,20,0,20,合庫-鳳山,2023-10-06,1029
00752,中信中國50,20,0,20,合庫-鳳山,2023-10-06,1029
2329,華泰,22,2,20,合庫-鳳山,2023-10-06,1029
1603,華電,18,2,16,合庫-鳳山,2023-10-06,1029
2834,臺企銀,20,5,15,合庫-鳳山,2023-10-06,1029
3231,緯創,38,23,15,合庫-鳳山,2023-10-06,1029
00751B,元大AAA至A公司債,15,0,15,合庫-鳳山,2023-10-06,1029
00679B,元大美債20年,15,0,15,合庫-鳳山,2023-10-06,1029
6139,亞翔,16,1,15,合庫-鳳山,2023-10-06,1029
0056,元大高股息,21,7,14,合庫-鳳山,2023-10-06,1029
3265,台星科,13,1,12,合庫-鳳山,2023-10-06,1029
6122,擎邦,13,1,12,合庫-鳳山,2023-10-06,1029
8069,元太,13,1,12,合庫-鳳山,2023-10-06,1029
5880,合庫金,12,1,11,合庫-鳳山,2023-10-06,1029
2605,新興,22,12,10,合庫-鳳山,2023-10-06,1029
2388,威盛,10,0,10,合庫-鳳山,2023-10-06,1029
2617,台航,10,0,10,合庫-鳳山,2023-10-06,1029
3025,星通,14,4,10,合庫-鳳山,2023-10-06,1029
6596,寬宏藝術,10,0,10,合庫-鳳山,2023-10-06,1029
2301,光寶科,10,1,9,合庫-鳳山,2023-10-06,1029
1524,耿鼎,9,1,8,合庫-鳳山,2023-10-06,1029
3338,泰碩,10,2,8,合庫-鳳山,2023-10-06,1029
3704,合勤控,8,0,8,合庫-鳳山,2023-10-06,1029
4533,協易機,10,2,8,合庫-鳳山,2023-10-06,1029
8087,麗升能源,8,0,8,合庫-鳳山,2023-10-06,1029
00919,群益台灣精選高息,8,0,8,合庫-鳳山,2023-10-06,1029
00931B,統一美債20年,7,0,7,合庫-鳳山,2023-10-06,1029
2409,友達,8,1,7,合庫-鳳山,2023-10-06,1029
1504,東元,6,0,6,合庫-鳳山,2023-10-06,1029
2027,大成鋼,6,0,6,合庫-鳳山,2023-10-06,1029
2468,華經,7,1,6,合庫-鳳山,2023-10-06,1029
2633,台灣高鐵,7,1,6,合庫-鳳山,2023-10-06,1029
2634,漢翔,6,0,6,合庫-鳳山,2023-10-06,1029
2801,彰銀,7,1,6,合庫-鳳山,2023-10-06,1029
6282,康舒,27,21,6,合庫-鳳山,2023-10-06,1029
8027,鈦昇,6,0,6,合庫-鳳山,2023-10-06,1029
2206,三陽工業,5,0,5,合庫-鳳山,2023-10-06,1029
2618,長榮航,240,5,235,合庫-鳳山,2023-10-11,1029
00929,復華台灣科技優息,222,22,200,合庫-鳳山,2023-10-11,1029
2338,光罩,257,72,185,合庫-鳳山,2023-10-11,1029
3231,緯創,100,14,86,合庫-鳳山,2023-10-11,1029
00632R,元大台灣50反1,80,0,80,合庫-鳳山,2023-10-11,1029
3715,定穎投控,123,47,76,合庫-鳳山,2023-10-11,1029
6120,達運,55,0,55,合庫-鳳山,2023-10-11,1029
00715L,期街口布蘭特正2,60,6,54,合庫-鳳山,2023-10-11,1029
6547,高端疫苗,52,0,52,合庫-鳳山,2023-10-11,1029
6147,頎邦,36,0,36,合庫-鳳山,2023-10-11,1029
1504,東元,30,0,30,合庫-鳳山,2023-10-11,1029
2329,華泰,35,5,30,合庫-鳳山,2023-10-11,1029
2610,華航,38,9,29,合庫-鳳山,2023-10-11,1029
00919,群益台灣精選高息,39,10,29,合庫-鳳山,2023-10-11,1029
2637,慧洋-KY,28,0,28,合庫-鳳山,2023-10-11,1029
2002,中鋼,27,1,26,合庫-鳳山,2023-10-11,1029
3005,神基,22,0,22,合庫-鳳山,2023-10-11,1029
0056,元大高股息,28,7,21,合庫-鳳山,2023-10-11,1029
911868,同方友友-DR,20,0,20,合庫-鳳山,2023-10-11,1029
1708,東鹼,18,0,18,合庫-鳳山,2023-10-11,1029
3260,威剛,17,1,16,合庫-鳳山,2023-10-11,1029
4930,燦星網,16,0,16,合庫-鳳山,2023-10-11,1029
3501,維熹,15,0,15,合庫-鳳山,2023-10-11,1029
6592,和潤企業,15,0,15,合庫-鳳山,2023-10-11,1029
5880,合庫金,27,12,15,合庫-鳳山,2023-10-11,1029
2409,友達,16,2,14,合庫-鳳山,2023-10-11,1029
2382,廣達,26,13,13,合庫-鳳山,2023-10-11,1029
8033,雷虎,14,1,13,合庫-鳳山,2023-10-11,1029
2376,技嘉,32,20,12,合庫-鳳山,2023-10-11,1029
3706,神達,17,5,12,合庫-鳳山,2023-10-11,1029
1524,耿鼎,14,3,11,合庫-鳳山,2023-10-11,1029
1612,宏泰,11,0,11,合庫-鳳山,2023-10-11,1029
1784,訊聯,15,4,11,合庫-鳳山,2023-10-11,1029
1909,榮成,11,0,11,合庫-鳳山,2023-10-11,1029
8478,東哥遊艇,11,1,10,合庫-鳳山,2023-10-11,1029
2331,精英,10,0,10,合庫-鳳山,2023-10-11,1029
3088,艾訊,10,0,10,合庫-鳳山,2023-10-11,1029
3504,揚明光,10,0,10,合庫-鳳山,2023-10-11,1029
6196,帆宣,10,0,10,合庫-鳳山,2023-10-11,1029
00712,復華富時不動產,10,0,10,合庫-鳳山,2023-10-11,1029
2356,英業達,33,24,9,合庫-鳳山,2023-10-11,1029
3479,安勤,9,0,9,合庫-鳳山,2023-10-11,1029
3545,敦泰,9,0,9,合庫-鳳山,2023-10-11,1029
2421,建準,15,7,8,合庫-鳳山,2023-10-11,1029
00751B,元大AAA至A公司債,9,1,8,合庫-鳳山,2023-10-11,1029
2206,三陽工業,8,0,8,合庫-鳳山,2023-10-11,1029
2609,陽明,48,41,7,合庫-鳳山,2023-10-11,1029
00722B,群益投資級電信債,7,0,7,合庫-鳳山,2023-10-11,1029
1339,昭輝,7,0,7,合庫-鳳山,2023-10-11,1029
1815,富喬,8,1,7,合庫-鳳山,2023-10-11,1029
00929,復華台灣科技優息,693,18,675,合庫-鳳山,2023-10-12,1029
5285,界霖,83,2,81,合庫-鳳山,2023-10-12,1029
8150,南茂,40,1,39,合庫-鳳山,2023-10-12,1029
00632R,元大台灣50反1,37,0,37,合庫-鳳山,2023-10-12,1029
2382,廣達,53,17,36,合庫-鳳山,2023-10-12,1029
2884,玉山金,40,6,34,合庫-鳳山,2023-10-12,1029
00673R,期元大S＆P原油反1,25,0,25,合庫-鳳山,2023-10-12,1029
2880,華南金,24,0,24,合庫-鳳山,2023-10-12,1029
2485,兆赫,23,0,23,合庫-鳳山,2023-10-12,1029
2317,鴻海,36,14,22,合庫-鳳山,2023-10-12,1029
2834,臺企銀,20,0,20,合庫-鳳山,2023-10-12,1029
2883,凱基金,26,8,18,合庫-鳳山,2023-10-12,1029
3163,波若威,43,25,18,合庫-鳳山,2023-10-12,1029
00680L,元大美債20正2,15,0,15,合庫-鳳山,2023-10-12,1029
2329,華泰,16,1,15,合庫-鳳山,2023-10-12,1029
2206,三陽工業,14,1,13,合庫-鳳山,2023-10-12,1029
00712,復華富時不動產,16,4,12,合庫-鳳山,2023-10-12,1029
2324,仁寶,12,1,11,合庫-鳳山,2023-10-12,1029
1307,三芳,10,0,10,合庫-鳳山,2023-10-12,1029
1584,精剛,13,3,10,合庫-鳳山,2023-10-12,1029
1784,訊聯,10,0,10,合庫-鳳山,2023-10-12,1029
2867,三商壽,10,0,10,合庫-鳳山,2023-10-12,1029
3325,旭品,11,1,10,合庫-鳳山,2023-10-12,1029
8068,全達,10,0,10,合庫-鳳山,2023-10-12,1029
911868,同方友友-DR,10,0,10,合庫-鳳山,2023-10-12,1029
00923,群益台ESG低碳50,10,1,9,合庫-鳳山,2023-10-12,1029
1101,台泥,9,0,9,合庫-鳳山,2023-10-12,1029
00720B,元大投資級公司債,8,0,8,合庫-鳳山,2023-10-12,1029
5880,合庫金,7,0,7,合庫-鳳山,2023-10-12,1029
2603,長榮,10,3,7,合庫-鳳山,2023-10-12,1029
1519,華城,7,0,7,合庫-鳳山,2023-10-12,1029
2748,雲品,7,0,7,合庫-鳳山,2023-10-12,1029
6415,矽力*-KY,8,1,7,合庫-鳳山,2023-10-12,1029
1229,聯華,6,0,6,合庫-鳳山,2023-10-12,1029
2032,新鋼,8,2,6,合庫-鳳山,2023-10-12,1029
2425,承啟,8,2,6,合庫-鳳山,2023-10-12,1029
3494,誠研,6,0,6,合庫-鳳山,2023-10-12,1029
3034,聯詠,5,0,5,合庫-鳳山,2023-10-12,1029
5347,世界,6,1,5,合庫-鳳山,2023-10-12,1029
00708L,期元大S＆P黃金正2,5,0,5,合庫-鳳山,2023-10-12,1029
2352,佳世達,6,1,5,合庫-鳳山,2023-10-12,1029
3689,湧德,5,0,5,合庫-鳳山,2023-10-12,1029
5381,合正,5,0,5,合庫-鳳山,2023-10-12,1029
6125,廣運,12,7,5,合庫-鳳山,2023-10-12,1029
8201,無敵,5,0,5,合庫-鳳山,2023-10-12,1029
00919,群益台灣精選高息,19,14,5,合庫-鳳山,2023-10-12,1029
2208,台船,5,0,5,合庫-鳳山,2023-10-12,1029
2337,旺宏,4,0,4,合庫-鳳山,2023-10-12,1029
00687B,國泰20年美債,4,0,4,合庫-鳳山,2023-10-12,1029
1503,士電,10,6,4,合庫-鳳山,2023-10-12,1029
00919,群益台灣精選高息,270,0,270,合庫-鳳山,2023-10-13,1029
00712,復華富時不動產,232,0,232,合庫-鳳山,2023-10-13,1029
00673R,期元大S＆P原油反1,127,30,97,合庫-鳳山,2023-10-13,1029
00929,復華台灣科技優息,92,9,83,合庫-鳳山,2023-10-13,1029
0056,元大高股息,83,3,80,合庫-鳳山,2023-10-13,1029
6282,康舒,137,66,71,合庫-鳳山,2023-10-13,1029
00878,國泰永續高股息,64,4,60,合庫-鳳山,2023-10-13,1029
2610,華航,58,4,54,合庫-鳳山,2023-10-13,1029
2301,光寶科,52,2,50,合庫-鳳山,2023-10-13,1029
00665L,富邦�琤肭磪囓�2,200,150,50,合庫-鳳山,2023-10-13,1029
1314,中石化,59,25,34,合庫-鳳山,2023-10-13,1029
3483,力致,47,17,30,合庫-鳳山,2023-10-13,1029
1218,泰山,30,0,30,合庫-鳳山,2023-10-13,1029
2324,仁寶,39,10,29,合庫-鳳山,2023-10-13,1029
2382,廣達,53,25,28,合庫-鳳山,2023-10-13,1029
2313,華通,31,3,28,合庫-鳳山,2023-10-13,1029
1905,華紙,24,0,24,合庫-鳳山,2023-10-13,1029
2883,凱基金,23,0,23,合庫-鳳山,2023-10-13,1029
00922,國泰台灣領袖50,22,0,22,合庫-鳳山,2023-10-13,1029
00888,永豐台灣ESG,22,0,22,合庫-鳳山,2023-10-13,1029
2376,技嘉,32,11,21,合庫-鳳山,2023-10-13,1029
8996,高力,20,1,19,合庫-鳳山,2023-10-13,1029
2886,兆豐金,21,2,19,合庫-鳳山,2023-10-13,1029
1101,台泥,19,1,18,合庫-鳳山,2023-10-13,1029
1301,台塑,24,6,18,合庫-鳳山,2023-10-13,1029
3037,欣興,31,14,17,合庫-鳳山,2023-10-13,1029
00931B,統一美債20年,16,1,15,合庫-鳳山,2023-10-13,1029
4414,如興,15,1,14,合庫-鳳山,2023-10-13,1029
00687B,國泰20年美債,11,0,11,合庫-鳳山,2023-10-13,1029
2201,裕隆,17,6,11,合庫-鳳山,2023-10-13,1029
2002,中鋼,12,1,11,合庫-鳳山,2023-10-13,1029
00908,富邦入息REITs+,10,0,10,合庫-鳳山,2023-10-13,1029
00753L,中信中國50正2,10,0,10,合庫-鳳山,2023-10-13,1029
2338,光罩,74,64,10,合庫-鳳山,2023-10-13,1029
2365,昆盈,11,1,10,合庫-鳳山,2023-10-13,1029
00715L,期街口布蘭特正2,49,40,9,合庫-鳳山,2023-10-13,1029
00655L,國泰中國A50正2,9,0,9,合庫-鳳山,2023-10-13,1029
2618,長榮航,9,0,9,合庫-鳳山,2023-10-13,1029
00679B,元大美債20年,10,2,8,合庫-鳳山,2023-10-13,1029
00720B,元大投資級公司債,8,0,8,合庫-鳳山,2023-10-13,1029
2371,大同,8,0,8,合庫-鳳山,2023-10-13,1029
2881,富邦金,6,0,6,合庫-鳳山,2023-10-13,1029
00751B,元大AAA至A公司債,6,0,6,合庫-鳳山,2023-10-13,1029
1513,中興電,8,2,6,合庫-鳳山,2023-10-13,1029
00642U,期元大S＆P石油,6,0,6,合庫-鳳山,2023-10-13,1029
00932,兆豐永續高息等權,6,0,6,合庫-鳳山,2023-10-13,1029
1504,東元,6,0,6,合庫-鳳山,2023-10-13,1029
1524,耿鼎,8,2,6,合庫-鳳山,2023-10-13,1029
1612,宏泰,10,4,6,合庫-鳳山,2023-10-13,1029
3043,科風,6,0,6,合庫-鳳山,2023-10-13,1029
00720B,元大投資級公司債,103,0,103,合庫-鳳山,2023-10-16,1029
2338,光罩,220,124,96,合庫-鳳山,2023-10-16,1029
00929,復華台灣科技優息,153,61,92,合庫-鳳山,2023-10-16,1029
00712,復華富時不動產,72,0,72,合庫-鳳山,2023-10-16,1029
00922,國泰台灣領袖50,62,0,62,合庫-鳳山,2023-10-16,1029
00637L,元大滬深300正2,60,0,60,合庫-鳳山,2023-10-16,1029
00673R,期元大S＆P原油反1,55,0,55,合庫-鳳山,2023-10-16,1029
2515,中工,59,4,55,合庫-鳳山,2023-10-16,1029
2610,華航,49,5,44,合庫-鳳山,2023-10-16,1029
2344,華邦電,43,2,41,合庫-鳳山,2023-10-16,1029
00919,群益台灣精選高息,37,1,36,合庫-鳳山,2023-10-16,1029
0056,元大高股息,35,2,33,合庫-鳳山,2023-10-16,1029
1218,泰山,30,0,30,合庫-鳳山,2023-10-16,1029
2337,旺宏,30,0,30,合庫-鳳山,2023-10-16,1029
1905,華紙,61,34,27,合庫-鳳山,2023-10-16,1029
2618,長榮航,76,49,27,合庫-鳳山,2023-10-16,1029
1605,華新,28,2,26,合庫-鳳山,2023-10-16,1029
2363,矽統,53,28,25,合庫-鳳山,2023-10-16,1029
00931B,統一美債20年,23,3,20,合庫-鳳山,2023-10-16,1029
1314,中石化,111,91,20,合庫-鳳山,2023-10-16,1029
3005,神基,20,0,20,合庫-鳳山,2023-10-16,1029
2330,台積電,18,1,17,合庫-鳳山,2023-10-16,1029
3479,安勤,17,1,16,合庫-鳳山,2023-10-16,1029
2206,三陽工業,15,0,15,合庫-鳳山,2023-10-16,1029
5009,榮剛,17,2,15,合庫-鳳山,2023-10-16,1029
2376,技嘉,34,19,15,合庫-鳳山,2023-10-16,1029
3325,旭品,17,3,14,合庫-鳳山,2023-10-16,1029
6274,台燿,13,0,13,合庫-鳳山,2023-10-16,1029
2313,華通,13,0,13,合庫-鳳山,2023-10-16,1029
3037,欣興,46,34,12,合庫-鳳山,2023-10-16,1029
1316,上曜,12,0,12,合庫-鳳山,2023-10-16,1029
8936,國統,12,0,12,合庫-鳳山,2023-10-16,1029
1101,台泥,12,0,12,合庫-鳳山,2023-10-16,1029
2301,光寶科,15,4,11,合庫-鳳山,2023-10-16,1029
2371,大同,11,0,11,合庫-鳳山,2023-10-16,1029
3706,神達,11,0,11,合庫-鳳山,2023-10-16,1029
8070,長華*,11,0,11,合庫-鳳山,2023-10-16,1029
00633L,富邦上証正2,10,0,10,合庫-鳳山,2023-10-16,1029
2204,中華,10,0,10,合庫-鳳山,2023-10-16,1029
2637,慧洋-KY,10,0,10,合庫-鳳山,2023-10-16,1029
5328,華容,10,0,10,合庫-鳳山,2023-10-16,1029
5703,亞都,10,0,10,合庫-鳳山,2023-10-16,1029
00632R,元大台灣50反1,9,0,9,合庫-鳳山,2023-10-16,1029
00893,國泰智能電動車,9,0,9,合庫-鳳山,2023-10-16,1029
2324,仁寶,57,48,9,合庫-鳳山,2023-10-16,1029
6569,醫揚,9,0,9,合庫-鳳山,2023-10-16,1029
2382,廣達,11,2,9,合庫-鳳山,2023-10-16,1029
3036,文曄,11,3,8,合庫-鳳山,2023-10-16,1029
3363,上詮,19,11,8,合庫-鳳山,2023-10-16,1029
2201,裕隆,14,7,7,合庫-鳳山,2023-10-16,1029
3715,定穎投控,202,56,146,合庫-鳳山,2023-10-17,1029
5880,合庫金,110,4,106,合庫-鳳山,2023-10-17,1029
4114,健喬,80,2,78,合庫-鳳山,2023-10-17,1029
3231,緯創,124,55,69,合庫-鳳山,2023-10-17,1029
2618,長榮航,79,10,69,合庫-鳳山,2023-10-17,1029
0056,元大高股息,61,1,60,合庫-鳳山,2023-10-17,1029
3576,聯合再生,59,0,59,合庫-鳳山,2023-10-17,1029
1609,大亞,65,20,45,合庫-鳳山,2023-10-17,1029
00878,國泰永續高股息,43,0,43,合庫-鳳山,2023-10-17,1029
6547,高端疫苗,41,1,40,合庫-鳳山,2023-10-17,1029
3483,力致,37,0,37,合庫-鳳山,2023-10-17,1029
2390,云辰,32,2,30,合庫-鳳山,2023-10-17,1029
2002,中鋼,45,16,29,合庫-鳳山,2023-10-17,1029
2329,華泰,27,2,25,合庫-鳳山,2023-10-17,1029
1584,精剛,25,3,22,合庫-鳳山,2023-10-17,1029
00720B,元大投資級公司債,21,0,21,合庫-鳳山,2023-10-17,1029
2313,華通,27,7,20,合庫-鳳山,2023-10-17,1029
4806,桂田文創,20,0,20,合庫-鳳山,2023-10-17,1029
00715L,期街口布蘭特正2,20,1,19,合庫-鳳山,2023-10-17,1029
1524,耿鼎,28,9,19,合庫-鳳山,2023-10-17,1029
2610,華航,34,16,18,合庫-鳳山,2023-10-17,1029
020039,元大加權N,18,0,18,合庫-鳳山,2023-10-17,1029
3481,群創,28,11,17,合庫-鳳山,2023-10-17,1029
1815,富喬,18,1,17,合庫-鳳山,2023-10-17,1029
2401,凌陽,22,6,16,合庫-鳳山,2023-10-17,1029
00687B,國泰20年美債,15,0,15,合庫-鳳山,2023-10-17,1029
00929,復華台灣科技優息,49,34,15,合庫-鳳山,2023-10-17,1029
00931B,統一美債20年,14,0,14,合庫-鳳山,2023-10-17,1029
2301,光寶科,15,1,14,合庫-鳳山,2023-10-17,1029
00922,國泰台灣領袖50,13,0,13,合庫-鳳山,2023-10-17,1029
00637L,元大滬深300正2,83,70,13,合庫-鳳山,2023-10-17,1029
8054,安國,14,1,13,合庫-鳳山,2023-10-17,1029
2201,裕隆,15,2,13,合庫-鳳山,2023-10-17,1029
2368,金像電,15,3,12,合庫-鳳山,2023-10-17,1029
8048,德勝,13,1,12,合庫-鳳山,2023-10-17,1029
00772B,中信高評級公司債,12,0,12,合庫-鳳山,2023-10-17,1029
5310,天剛,11,0,11,合庫-鳳山,2023-10-17,1029
00923,群益台ESG低碳50,11,1,10,合庫-鳳山,2023-10-17,1029
2028,威致,10,0,10,合庫-鳳山,2023-10-17,1029
2485,兆赫,10,0,10,合庫-鳳山,2023-10-17,1029
3058,立德,10,0,10,合庫-鳳山,2023-10-17,1029
3094,聯傑,10,0,10,合庫-鳳山,2023-10-17,1029
8358,金居,10,0,10,合庫-鳳山,2023-10-17,1029
00712,復華富時不動產,13,3,10,合庫-鳳山,2023-10-17,1029
1504,東元,12,4,8,合庫-鳳山,2023-10-17,1029
4306,炎洲,7,0,7,合庫-鳳山,2023-10-17,1029
4938,和碩,9,2,7,合庫-鳳山,2023-10-17,1029
00722B,群益投資級電信債,6,0,6,合庫-鳳山,2023-10-17,1029
2305,全友,6,0,6,合庫-鳳山,2023-10-17,1029
2352,佳世達,6,0,6,合庫-鳳山,2023-10-17,1029
0056,元大高股息,207,0,207,合庫-鳳山,2023-10-18,1029
2618,長榮航,122,1,121,合庫-鳳山,2023-10-18,1029
00673R,期元大S＆P原油反1,120,30,90,合庫-鳳山,2023-10-18,1029
2002,中鋼,85,0,85,合庫-鳳山,2023-10-18,1029
00878,國泰永續高股息,137,82,55,合庫-鳳山,2023-10-18,1029
2867,三商壽,53,0,53,合庫-鳳山,2023-10-18,1029
00919,群益台灣精選高息,55,2,53,合庫-鳳山,2023-10-18,1029
1101,台泥,49,2,47,合庫-鳳山,2023-10-18,1029
00922,國泰台灣領袖50,44,0,44,合庫-鳳山,2023-10-18,1029
2382,廣達,60,18,42,合庫-鳳山,2023-10-18,1029
00929,復華台灣科技優息,97,61,36,合庫-鳳山,2023-10-18,1029
2363,矽統,36,2,34,合庫-鳳山,2023-10-18,1029
2409,友達,31,0,31,合庫-鳳山,2023-10-18,1029
8150,南茂,30,0,30,合庫-鳳山,2023-10-18,1029
3706,神達,78,51,27,合庫-鳳山,2023-10-18,1029
2344,華邦電,23,0,23,合庫-鳳山,2023-10-18,1029
1802,台玻,22,0,22,合庫-鳳山,2023-10-18,1029
2376,技嘉,61,40,21,合庫-鳳山,2023-10-18,1029
6274,台燿,20,0,20,合庫-鳳山,2023-10-18,1029
3264,欣銓,20,0,20,合庫-鳳山,2023-10-18,1029
1218,泰山,20,0,20,合庫-鳳山,2023-10-18,1029
00907,永豐優息存股,20,0,20,合庫-鳳山,2023-10-18,1029
3037,欣興,28,9,19,合庫-鳳山,2023-10-18,1029
2610,華航,48,30,18,合庫-鳳山,2023-10-18,1029
2368,金像電,20,2,18,合庫-鳳山,2023-10-18,1029
00687B,國泰20年美債,17,0,17,合庫-鳳山,2023-10-18,1029
1815,富喬,17,0,17,合庫-鳳山,2023-10-18,1029
00751B,元大AAA至A公司債,16,0,16,合庫-鳳山,2023-10-18,1029
1584,精剛,18,2,16,合庫-鳳山,2023-10-18,1029
6442,光聖,15,0,15,合庫-鳳山,2023-10-18,1029
2534,宏盛,14,0,14,合庫-鳳山,2023-10-18,1029
5483,中美晶,13,0,13,合庫-鳳山,2023-10-18,1029
2607,榮運,12,0,12,合庫-鳳山,2023-10-18,1029
6719,力智,11,0,11,合庫-鳳山,2023-10-18,1029
2352,佳世達,13,2,11,合庫-鳳山,2023-10-18,1029
2388,威盛,19,8,11,合庫-鳳山,2023-10-18,1029
1471,首利,10,0,10,合庫-鳳山,2023-10-18,1029
1605,華新,11,1,10,合庫-鳳山,2023-10-18,1029
2612,中航,10,0,10,合庫-鳳山,2023-10-18,1029
5258,虹堡,10,0,10,合庫-鳳山,2023-10-18,1029
6113,亞矽,10,0,10,合庫-鳳山,2023-10-18,1029
6547,高端疫苗,10,0,10,合庫-鳳山,2023-10-18,1029
2330,台積電,12,2,10,合庫-鳳山,2023-10-18,1029
3005,神基,10,1,9,合庫-鳳山,2023-10-18,1029
00713,元大台灣高息低波,8,0,8,合庫-鳳山,2023-10-18,1029
1905,華紙,10,2,8,合庫-鳳山,2023-10-18,1029
2323,中環,8,0,8,合庫-鳳山,2023-10-18,1029
6592,和潤企業,8,0,8,合庫-鳳山,2023-10-18,1029
00679B,元大美債20年,7,0,7,合庫-鳳山,2023-10-18,1029
2887,台新金,7,0,7,合庫-鳳山,2023-10-18,1029
0056,元大高股息,158,2,156,合庫-鳳山,2023-10-19,1029
00878,國泰永續高股息,94,10,84,合庫-鳳山,2023-10-19,1029
00933B,國泰10Y+金融債,72,0,72,合庫-鳳山,2023-10-19,1029
00665L,富邦�琤肭磪囓�2,200,140,60,合庫-鳳山,2023-10-19,1029
2323,中環,50,0,50,合庫-鳳山,2023-10-19,1029
00712,復華富時不動產,47,2,45,合庫-鳳山,2023-10-19,1029
00900,富邦特選高股息30,41,1,40,合庫-鳳山,2023-10-19,1029
00929,復華台灣科技優息,46,8,38,合庫-鳳山,2023-10-19,1029
00637L,元大滬深300正2,39,2,37,合庫-鳳山,2023-10-19,1029
00679B,元大美債20年,34,0,34,合庫-鳳山,2023-10-19,1029
00919,群益台灣精選高息,33,0,33,合庫-鳳山,2023-10-19,1029
1101,台泥,45,14,31,合庫-鳳山,2023-10-19,1029
2820,華票,30,0,30,合庫-鳳山,2023-10-19,1029
00687B,國泰20年美債,28,1,27,合庫-鳳山,2023-10-19,1029
00922,國泰台灣領袖50,27,0,27,合庫-鳳山,2023-10-19,1029
00772B,中信高評級公司債,27,0,27,合庫-鳳山,2023-10-19,1029
2338,光罩,150,127,23,合庫-鳳山,2023-10-19,1029
2834,臺企銀,22,0,22,合庫-鳳山,2023-10-19,1029
1609,大亞,65,43,22,合庫-鳳山,2023-10-19,1029
1737,臺鹽,20,0,20,合庫-鳳山,2023-10-19,1029
2885,元大金,20,0,20,合庫-鳳山,2023-10-19,1029
2002,中鋼,21,3,18,合庫-鳳山,2023-10-19,1029
5880,合庫金,16,1,15,合庫-鳳山,2023-10-19,1029
6282,康舒,15,1,14,合庫-鳳山,2023-10-19,1029
00633L,富邦上証正2,14,0,14,合庫-鳳山,2023-10-19,1029
00751B,元大AAA至A公司債,14,0,14,合庫-鳳山,2023-10-19,1029
2356,英業達,20,7,13,合庫-鳳山,2023-10-19,1029
2312,金寶,15,2,13,合庫-鳳山,2023-10-19,1029
3672,康聯訊,13,0,13,合庫-鳳山,2023-10-19,1029
6223,旺矽,13,1,12,合庫-鳳山,2023-10-19,1029
2465,麗臺,11,0,11,合庫-鳳山,2023-10-19,1029
2801,彰銀,11,0,11,合庫-鳳山,2023-10-19,1029
2888,新光金,10,0,10,合庫-鳳山,2023-10-19,1029
6695,芯鼎,10,0,10,合庫-鳳山,2023-10-19,1029
2886,兆豐金,9,0,9,合庫-鳳山,2023-10-19,1029
3013,晟銘電,12,3,9,合庫-鳳山,2023-10-19,1029
3035,智原,13,4,9,合庫-鳳山,2023-10-19,1029
2317,鴻海,12,3,9,合庫-鳳山,2023-10-19,1029
00720B,元大投資級公司債,9,0,9,合庫-鳳山,2023-10-19,1029
2892,第一金,9,1,8,合庫-鳳山,2023-10-19,1029
00931B,統一美債20年,8,0,8,合庫-鳳山,2023-10-19,1029
1303,南亞,8,0,8,合庫-鳳山,2023-10-19,1029
3041,揚智,8,0,8,合庫-鳳山,2023-10-19,1029
6719,力智,8,1,7,合庫-鳳山,2023-10-19,1029
1110,東泥,7,0,7,合庫-鳳山,2023-10-19,1029
5483,中美晶,8,1,7,合庫-鳳山,2023-10-19,1029
8210,勤誠,6,0,6,合庫-鳳山,2023-10-19,1029
2344,華邦電,8,2,6,合庫-鳳山,2023-10-19,1029
2371,大同,9,3,6,合庫-鳳山,2023-10-19,1029
9904,寶成,6,0,6,合庫-鳳山,2023-10-19,1029
5880,合庫金,225,0,225,合庫-鳳山,2023-10-20,1029
2303,聯電,148,26,122,合庫-鳳山,2023-10-20,1029
1101,台泥,122,8,114,合庫-鳳山,2023-10-20,1029
00712,復華富時不動產,95,2,93,合庫-鳳山,2023-10-20,1029
6158,禾昌,88,0,88,合庫-鳳山,2023-10-20,1029
00929,復華台灣科技優息,97,10,87,合庫-鳳山,2023-10-20,1029
2002,中鋼,80,28,52,合庫-鳳山,2023-10-20,1029
1524,耿鼎,65,28,37,合庫-鳳山,2023-10-20,1029
6269,台郡,34,0,34,合庫-鳳山,2023-10-20,1029
2883,凱基金,31,0,31,合庫-鳳山,2023-10-20,1029
00878,國泰永續高股息,72,43,29,合庫-鳳山,2023-10-20,1029
2887,台新金,23,0,23,合庫-鳳山,2023-10-20,1029
0056,元大高股息,100,78,22,合庫-鳳山,2023-10-20,1029
00673R,期元大S＆P原油反1,20,0,20,合庫-鳳山,2023-10-20,1029
2324,仁寶,20,0,20,合庫-鳳山,2023-10-20,1029
2489,瑞軒,20,0,20,合庫-鳳山,2023-10-20,1029
00637L,元大滬深300正2,38,20,18,合庫-鳳山,2023-10-20,1029
00680L,元大美債20正2,17,0,17,合庫-鳳山,2023-10-20,1029
2834,臺企銀,17,0,17,合庫-鳳山,2023-10-20,1029
1525,江申,16,0,16,合庫-鳳山,2023-10-20,1029
2892,第一金,16,0,16,合庫-鳳山,2023-10-20,1029
2363,矽統,18,3,15,合庫-鳳山,2023-10-20,1029
3005,神基,15,0,15,合庫-鳳山,2023-10-20,1029
00720B,元大投資級公司債,14,0,14,合庫-鳳山,2023-10-20,1029
00931B,統一美債20年,14,0,14,合庫-鳳山,2023-10-20,1029
1605,華新,16,2,14,合庫-鳳山,2023-10-20,1029
3037,欣興,21,8,13,合庫-鳳山,2023-10-20,1029
00905,FT臺灣Smart,13,0,13,合庫-鳳山,2023-10-20,1029
2891,中信金,25,12,13,合庫-鳳山,2023-10-20,1029
6282,康舒,13,0,13,合庫-鳳山,2023-10-20,1029
00919,群益台灣精選高息,17,5,12,合庫-鳳山,2023-10-20,1029
6770,力積電,20,8,12,合庫-鳳山,2023-10-20,1029
9921,巨大,11,0,11,合庫-鳳山,2023-10-20,1029
00882,中信中國高股息,11,0,11,合庫-鳳山,2023-10-20,1029
2317,鴻海,19,8,11,合庫-鳳山,2023-10-20,1029
1815,富喬,10,0,10,合庫-鳳山,2023-10-20,1029
6026,福邦證,10,0,10,合庫-鳳山,2023-10-20,1029
6143,振曜,10,0,10,合庫-鳳山,2023-10-20,1029
2382,廣達,26,17,9,合庫-鳳山,2023-10-20,1029
3078,僑威,10,1,9,合庫-鳳山,2023-10-20,1029
00679B,元大美債20年,11,3,8,合庫-鳳山,2023-10-20,1029
00713,元大台灣高息低波,8,0,8,合庫-鳳山,2023-10-20,1029
2884,玉山金,8,0,8,合庫-鳳山,2023-10-20,1029
6235,華孚,8,0,8,合庫-鳳山,2023-10-20,1029
2610,華航,22,14,8,合庫-鳳山,2023-10-20,1029
00753L,中信中國50正2,10,2,8,合庫-鳳山,2023-10-20,1029
00655L,國泰中國A50正2,8,0,8,合庫-鳳山,2023-10-20,1029
1301,台塑,8,0,8,合庫-鳳山,2023-10-20,1029
1522,堤維西,7,0,7,合庫-鳳山,2023-10-20,1029
2329,華泰,9,2,7,合庫-鳳山,2023-10-20,1029
00929,復華台灣科技優息,135,18,117,合庫-鳳山,2023-10-23,1029
00712,復華富時不動產,82,4,78,合庫-鳳山,2023-10-23,1029
5880,合庫金,91,16,75,合庫-鳳山,2023-10-23,1029
2002,中鋼,59,0,59,合庫-鳳山,2023-10-23,1029
00637L,元大滬深300正2,56,0,56,合庫-鳳山,2023-10-23,1029
6179,亞通,52,0,52,合庫-鳳山,2023-10-23,1029
2317,鴻海,56,4,52,合庫-鳳山,2023-10-23,1029
00919,群益台灣精選高息,42,5,37,合庫-鳳山,2023-10-23,1029
3041,揚智,33,2,31,合庫-鳳山,2023-10-23,1029
3715,定穎投控,38,9,29,合庫-鳳山,2023-10-23,1029
6269,台郡,26,0,26,合庫-鳳山,2023-10-23,1029
2891,中信金,26,0,26,合庫-鳳山,2023-10-23,1029
8150,南茂,25,2,23,合庫-鳳山,2023-10-23,1029
6173,信昌電,21,0,21,合庫-鳳山,2023-10-23,1029
00922,國泰台灣領袖50,20,0,20,合庫-鳳山,2023-10-23,1029
00753L,中信中國50正2,21,2,19,合庫-鳳山,2023-10-23,1029
00933B,國泰10Y+金融債,51,34,17,合庫-鳳山,2023-10-23,1029
2883,凱基金,17,0,17,合庫-鳳山,2023-10-23,1029
6770,力積電,22,7,15,合庫-鳳山,2023-10-23,1029
1101,台泥,28,14,14,合庫-鳳山,2023-10-23,1029
00772B,中信高評級公司債,13,0,13,合庫-鳳山,2023-10-23,1029
3443,創意,13,1,12,合庫-鳳山,2023-10-23,1029
2032,新鋼,12,1,11,合庫-鳳山,2023-10-23,1029
3483,力致,11,0,11,合庫-鳳山,2023-10-23,1029
4953,緯軟,11,0,11,合庫-鳳山,2023-10-23,1029
00931B,統一美債20年,10,0,10,合庫-鳳山,2023-10-23,1029
00921,兆豐龍頭等權重,10,0,10,合庫-鳳山,2023-10-23,1029
1721,三晃,10,1,9,合庫-鳳山,2023-10-23,1029
2605,新興,11,2,9,合庫-鳳山,2023-10-23,1029
00878,國泰永續高股息,52,43,9,合庫-鳳山,2023-10-23,1029
3481,群創,27,19,8,合庫-鳳山,2023-10-23,1029
2303,聯電,19,11,8,合庫-鳳山,2023-10-23,1029
2431,聯昌,8,0,8,合庫-鳳山,2023-10-23,1029
00900,富邦特選高股息30,8,0,8,合庫-鳳山,2023-10-23,1029
0056,元大高股息,17,10,7,合庫-鳳山,2023-10-23,1029
2882,國泰金,8,1,7,合庫-鳳山,2023-10-23,1029
2367,燿華,7,0,7,合庫-鳳山,2023-10-23,1029
2884,玉山金,7,0,7,合庫-鳳山,2023-10-23,1029
2887,台新金,6,0,6,合庫-鳳山,2023-10-23,1029
00679B,元大美債20年,9,3,6,合庫-鳳山,2023-10-23,1029
2324,仁寶,6,0,6,合庫-鳳山,2023-10-23,1029
4108,懷特,6,0,6,合庫-鳳山,2023-10-23,1029
6122,擎邦,8,2,6,合庫-鳳山,2023-10-23,1029
3680,家登,7,1,6,合庫-鳳山,2023-10-23,1029
2402,毅嘉,5,0,5,合庫-鳳山,2023-10-23,1029
00764B,群益25年美債,5,0,5,合庫-鳳山,2023-10-23,1029
1524,耿鼎,10,5,5,合庫-鳳山,2023-10-23,1029
1603,華電,5,0,5,合庫-鳳山,2023-10-23,1029
2034,允強,5,0,5,合庫-鳳山,2023-10-23,1029
2108,南帝,5,0,5,合庫-鳳山,2023-10-23,1029
5880,合庫金,100,0,100,合庫-鳳山,2023-10-24,1029
00712,復華富時不動產,79,0,79,合庫-鳳山,2023-10-24,1029
00665L,富邦�琤肭磪囓�2,420,360,60,合庫-鳳山,2023-10-24,1029
00881,國泰台灣5G+,50,0,50,合庫-鳳山,2023-10-24,1029
2889,國票金,50,0,50,合庫-鳳山,2023-10-24,1029
1101,台泥,36,1,35,合庫-鳳山,2023-10-24,1029
6179,亞通,33,0,33,合庫-鳳山,2023-10-24,1029
2883,凱基金,109,78,31,合庫-鳳山,2023-10-24,1029
2317,鴻海,76,45,31,合庫-鳳山,2023-10-24,1029
1301,台塑,29,0,29,合庫-鳳山,2023-10-24,1029
2618,長榮航,30,2,28,合庫-鳳山,2023-10-24,1029
0056,元大高股息,36,9,27,合庫-鳳山,2023-10-24,1029
00922,國泰台灣領袖50,25,0,25,合庫-鳳山,2023-10-24,1029
00680L,元大美債20正2,24,0,24,合庫-鳳山,2023-10-24,1029
2641,正德,21,0,21,合庫-鳳山,2023-10-24,1029
2887,台新金,23,3,20,合庫-鳳山,2023-10-24,1029
2820,華票,20,0,20,合庫-鳳山,2023-10-24,1029
3260,威剛,26,8,18,合庫-鳳山,2023-10-24,1029
2892,第一金,17,0,17,合庫-鳳山,2023-10-24,1029
2405,輔信,35,19,16,合庫-鳳山,2023-10-24,1029
6577,勁豐,15,0,15,合庫-鳳山,2023-10-24,1029
00931B,統一美債20年,13,0,13,合庫-鳳山,2023-10-24,1029
2382,廣達,22,10,12,合庫-鳳山,2023-10-24,1029
00772B,中信高評級公司債,12,0,12,合庫-鳳山,2023-10-24,1029
2002,中鋼,15,4,11,合庫-鳳山,2023-10-24,1029
00933B,國泰10Y+金融債,26,15,11,合庫-鳳山,2023-10-24,1029
006208,富邦台50,10,0,10,合庫-鳳山,2023-10-24,1029
2485,兆赫,10,0,10,合庫-鳳山,2023-10-24,1029
2515,中工,16,6,10,合庫-鳳山,2023-10-24,1029
2606,裕民,10,0,10,合庫-鳳山,2023-10-24,1029
2834,臺企銀,10,0,10,合庫-鳳山,2023-10-24,1029
3051,力特,18,8,10,合庫-鳳山,2023-10-24,1029
4934,太極,10,0,10,合庫-鳳山,2023-10-24,1029
6196,帆宣,10,0,10,合庫-鳳山,2023-10-24,1029
00687B,國泰20年美債,11,2,9,合庫-鳳山,2023-10-24,1029
2369,菱生,92,83,9,合庫-鳳山,2023-10-24,1029
3376,新日興,9,0,9,合庫-鳳山,2023-10-24,1029
3006,晶豪科,9,0,9,合庫-鳳山,2023-10-24,1029
6168,宏齊,10,2,8,合庫-鳳山,2023-10-24,1029
00751B,元大AAA至A公司債,8,0,8,合庫-鳳山,2023-10-24,1029
6415,矽力*-KY,11,3,8,合庫-鳳山,2023-10-24,1029
1905,華紙,7,0,7,合庫-鳳山,2023-10-24,1029
2379,瑞昱,7,0,7,合庫-鳳山,2023-10-24,1029
4304,勝昱,11,4,7,合庫-鳳山,2023-10-24,1029
2201,裕隆,7,0,7,合庫-鳳山,2023-10-24,1029
1303,南亞,6,0,6,合庫-鳳山,2023-10-24,1029
2891,中信金,6,0,6,合庫-鳳山,2023-10-24,1029
3078,僑威,6,0,6,合庫-鳳山,2023-10-24,1029
6173,信昌電,6,0,6,合庫-鳳山,2023-10-24,1029
6443,元晶,7,1,6,合庫-鳳山,2023-10-24,1029
4950,牧東,125,0,125,合庫-鳳山,2023-10-25,1029
2338,光罩,136,17,119,合庫-鳳山,2023-10-25,1029
00632R,元大台灣50反1,100,0,100,合庫-鳳山,2023-10-25,1029
00712,復華富時不動產,87,0,87,合庫-鳳山,2023-10-25,1029
2337,旺宏,39,0,39,合庫-鳳山,2023-10-25,1029
2390,云辰,45,10,35,合庫-鳳山,2023-10-25,1029
3231,緯創,98,71,27,合庫-鳳山,2023-10-25,1029
00878,國泰永續高股息,34,7,27,合庫-鳳山,2023-10-25,1029
00687B,國泰20年美債,26,0,26,合庫-鳳山,2023-10-25,1029
2329,華泰,32,8,24,合庫-鳳山,2023-10-25,1029
2637,慧洋-KY,23,0,23,合庫-鳳山,2023-10-25,1029
0056,元大高股息,26,6,20,合庫-鳳山,2023-10-25,1029
2836,高雄銀,20,0,20,合庫-鳳山,2023-10-25,1029
1711,永光,20,1,19,合庫-鳳山,2023-10-25,1029
00733,富邦臺灣中小,18,0,18,合庫-鳳山,2023-10-25,1029
2301,光寶科,17,1,16,合庫-鳳山,2023-10-25,1029
00853B,統一美債10年Aa-,15,0,15,合庫-鳳山,2023-10-25,1029
2317,鴻海,15,2,13,合庫-鳳山,2023-10-25,1029
2892,第一金,12,0,12,合庫-鳳山,2023-10-25,1029
1101,台泥,11,0,11,合庫-鳳山,2023-10-25,1029
2449,京元電子,11,0,11,合庫-鳳山,2023-10-25,1029
00795B,中信美國公債20年,10,0,10,合庫-鳳山,2023-10-25,1029
1604,聲寶,10,0,10,合庫-鳳山,2023-10-25,1029
1605,華新,10,0,10,合庫-鳳山,2023-10-25,1029
3005,神基,20,10,10,合庫-鳳山,2023-10-25,1029
6550,北極星藥業-KY,12,2,10,合庫-鳳山,2023-10-25,1029
1529,樂事綠能,10,0,10,合庫-鳳山,2023-10-25,1029
1609,大亞,9,0,9,合庫-鳳山,2023-10-25,1029
3025,星通,12,3,9,合庫-鳳山,2023-10-25,1029
6269,台郡,9,0,9,合庫-鳳山,2023-10-25,1029
9105,泰金寶-DR,9,0,9,合庫-鳳山,2023-10-25,1029
00675L,富邦臺灣加權正2,8,0,8,合庫-鳳山,2023-10-25,1029
1815,富喬,26,18,8,合庫-鳳山,2023-10-25,1029
4123,晟德,8,0,8,合庫-鳳山,2023-10-25,1029
2884,玉山金,8,0,8,合庫-鳳山,2023-10-25,1029
00919,群益台灣精選高息,7,0,7,合庫-鳳山,2023-10-25,1029
5880,合庫金,10,3,7,合庫-鳳山,2023-10-25,1029
2233,宇隆,7,0,7,合庫-鳳山,2023-10-25,1029
2324,仁寶,9,2,7,合庫-鳳山,2023-10-25,1029
2883,凱基金,83,76,7,合庫-鳳山,2023-10-25,1029
2313,華通,8,2,6,合庫-鳳山,2023-10-25,1029
1582,信錦,6,0,6,合庫-鳳山,2023-10-25,1029
2356,英業達,7,1,6,合庫-鳳山,2023-10-25,1029
1522,堤維西,7,1,6,合庫-鳳山,2023-10-25,1029
2485,兆赫,7,1,6,合庫-鳳山,2023-10-25,1029
6530,創威,6,0,6,合庫-鳳山,2023-10-25,1029
00637L,元大滬深300正2,58,53,5,合庫-鳳山,2023-10-25,1029
1409,新纖,5,0,5,合庫-鳳山,2023-10-25,1029
1721,三晃,13,8,5,合庫-鳳山,2023-10-25,1029
2023,燁輝,5,0,5,合庫-鳳山,2023-10-25,1029
6179,亞通,150,0,150,合庫-鳳山,2023-10-26,1029
00712,復華富時不動產,149,10,139,合庫-鳳山,2023-10-26,1029
00929,復華台灣科技優息,135,8,127,合庫-鳳山,2023-10-26,1029
00933B,國泰10Y+金融債,90,0,90,合庫-鳳山,2023-10-26,1029
2303,聯電,83,1,82,合庫-鳳山,2023-10-26,1029
5880,合庫金,114,40,74,合庫-鳳山,2023-10-26,1029
6770,力積電,72,1,71,合庫-鳳山,2023-10-26,1029
00665L,富邦�琤肭磪囓�2,50,0,50,合庫-鳳山,2023-10-26,1029
2618,長榮航,48,0,48,合庫-鳳山,2023-10-26,1029
4552,力達-KY,40,0,40,合庫-鳳山,2023-10-26,1029
1721,三晃,46,12,34,合庫-鳳山,2023-10-26,1029
2408,南亞科,31,0,31,合庫-鳳山,2023-10-26,1029
2409,友達,31,0,31,合庫-鳳山,2023-10-26,1029
2884,玉山金,32,2,30,合庫-鳳山,2023-10-26,1029
2344,華邦電,29,1,28,合庫-鳳山,2023-10-26,1029
00885,富邦越南,26,0,26,合庫-鳳山,2023-10-26,1029
00922,國泰台灣領袖50,26,0,26,合庫-鳳山,2023-10-26,1029
00919,群益台灣精選高息,66,41,25,合庫-鳳山,2023-10-26,1029
2330,台積電,21,1,20,合庫-鳳山,2023-10-26,1029
5488,松普,20,0,20,合庫-鳳山,2023-10-26,1029
2382,廣達,25,6,19,合庫-鳳山,2023-10-26,1029
3055,蔚華科,18,0,18,合庫-鳳山,2023-10-26,1029
00687B,國泰20年美債,16,0,16,合庫-鳳山,2023-10-26,1029
3088,艾訊,15,0,15,合庫-鳳山,2023-10-26,1029
00878,國泰永續高股息,56,41,15,合庫-鳳山,2023-10-26,1029
00772B,中信高評級公司債,14,0,14,合庫-鳳山,2023-10-26,1029
3481,群創,30,17,13,合庫-鳳山,2023-10-26,1029
00893,國泰智能電動車,13,0,13,合庫-鳳山,2023-10-26,1029
00633L,富邦上証正2,13,0,13,合庫-鳳山,2023-10-26,1029
0056,元大高股息,33,20,13,合庫-鳳山,2023-10-26,1029
5483,中美晶,12,0,12,合庫-鳳山,2023-10-26,1029
00902,中信電池及儲能,19,7,12,合庫-鳳山,2023-10-26,1029
1786,科妍,12,0,12,合庫-鳳山,2023-10-26,1029
2337,旺宏,12,1,11,合庫-鳳山,2023-10-26,1029
0050,元大台灣50,11,0,11,合庫-鳳山,2023-10-26,1029
2515,中工,11,0,11,合庫-鳳山,2023-10-26,1029
00888,永豐台灣ESG,10,0,10,合庫-鳳山,2023-10-26,1029
4414,如興,10,0,10,合庫-鳳山,2023-10-26,1029
4906,正文,10,0,10,合庫-鳳山,2023-10-26,1029
8996,高力,10,0,10,合庫-鳳山,2023-10-26,1029
2363,矽統,12,3,9,合庫-鳳山,2023-10-26,1029
3013,晟銘電,15,6,9,合庫-鳳山,2023-10-26,1029
00900,富邦特選高股息30,8,0,8,合庫-鳳山,2023-10-26,1029
2633,台灣高鐵,10,2,8,合庫-鳳山,2023-10-26,1029
3090,日電貿,8,0,8,合庫-鳳山,2023-10-26,1029
6125,廣運,16,8,8,合庫-鳳山,2023-10-26,1029
6415,矽力*-KY,10,2,8,合庫-鳳山,2023-10-26,1029
1301,台塑,7,0,7,合庫-鳳山,2023-10-26,1029
00679B,元大美債20年,7,0,7,合庫-鳳山,2023-10-26,1029
3105,穩懋,11,4,7,合庫-鳳山,2023-10-26,1029
00929,復華台灣科技優息,101,30,71,合庫-鳳山,2023-10-27,1029
00878,國泰永續高股息,44,4,40,合庫-鳳山,2023-10-27,1029
2883,凱基金,36,0,36,合庫-鳳山,2023-10-27,1029
6770,力積電,31,0,31,合庫-鳳山,2023-10-27,1029
2820,華票,30,0,30,合庫-鳳山,2023-10-27,1029
6120,達運,30,0,30,合庫-鳳山,2023-10-27,1029
00712,復華富時不動產,28,0,28,合庫-鳳山,2023-10-27,1029
6244,茂迪,21,1,20,合庫-鳳山,2023-10-27,1029
3481,群創,25,7,18,合庫-鳳山,2023-10-27,1029
2303,聯電,20,3,17,合庫-鳳山,2023-10-27,1029
00919,群益台灣精選高息,15,0,15,合庫-鳳山,2023-10-27,1029
3276,宇環,29,14,15,合庫-鳳山,2023-10-27,1029
2886,兆豐金,14,0,14,合庫-鳳山,2023-10-27,1029
3264,欣銓,15,1,14,合庫-鳳山,2023-10-27,1029
3312,弘憶股,14,0,14,合庫-鳳山,2023-10-27,1029
3325,旭品,15,2,13,合庫-鳳山,2023-10-27,1029
6418,詠昇,13,1,12,合庫-鳳山,2023-10-27,1029
1815,富喬,12,1,11,合庫-鳳山,2023-10-27,1029
2408,南亞科,12,1,11,合庫-鳳山,2023-10-27,1029
6282,康舒,11,0,11,合庫-鳳山,2023-10-27,1029
1460,宏遠,10,0,10,合庫-鳳山,2023-10-27,1029
4532,瑞智,10,0,10,合庫-鳳山,2023-10-27,1029
5488,松普,10,0,10,合庫-鳳山,2023-10-27,1029
2337,旺宏,12,4,8,合庫-鳳山,2023-10-27,1029
1504,東元,9,1,8,合庫-鳳山,2023-10-27,1029
2492,華新科,8,0,8,合庫-鳳山,2023-10-27,1029
2743,山富,8,0,8,合庫-鳳山,2023-10-27,1029
3645,達邁,8,0,8,合庫-鳳山,2023-10-27,1029
1310,台苯,7,0,7,合庫-鳳山,2023-10-27,1029
1721,三晃,9,2,7,合庫-鳳山,2023-10-27,1029
3044,健鼎,8,1,7,合庫-鳳山,2023-10-27,1029
6274,台燿,6,0,6,合庫-鳳山,2023-10-27,1029
00933B,國泰10Y+金融債,6,0,6,合庫-鳳山,2023-10-27,1029
2032,新鋼,7,1,6,合庫-鳳山,2023-10-27,1029
2453,凌群,6,0,6,合庫-鳳山,2023-10-27,1029
2465,麗臺,6,0,6,合庫-鳳山,2023-10-27,1029
3346,麗清,6,0,6,合庫-鳳山,2023-10-27,1029
6491,晶碩,6,0,6,合庫-鳳山,2023-10-27,1029
6589,台康生技,9,3,6,合庫-鳳山,2023-10-27,1029
3231,緯創,42,36,6,合庫-鳳山,2023-10-27,1029
2610,華航,12,7,5,合庫-鳳山,2023-10-27,1029
2360,致茂,5,0,5,合庫-鳳山,2023-10-27,1029
00857B,永豐20年美公債,5,0,5,合庫-鳳山,2023-10-27,1029
00882,中信中國高股息,5,0,5,合庫-鳳山,2023-10-27,1029
00881,國泰台灣5G+,5,0,5,合庫-鳳山,2023-10-27,1029
2390,云辰,14,9,5,合庫-鳳山,2023-10-27,1029
2723,美食-KY,5,0,5,合庫-鳳山,2023-10-27,1029
3005,神基,5,0,5,合庫-鳳山,2023-10-27,1029
3017,奇鋐,7,2,5,合庫-鳳山,2023-10-27,1029
3105,穩懋,5,0,5,合庫-鳳山,2023-10-27,1029
2880,華南金,2000,0,2000,合庫-鳳山,2023-10-30,1029
00712,復華富時不動產,63,0,63,合庫-鳳山,2023-10-30,1029
3037,欣興,60,1,59,合庫-鳳山,2023-10-30,1029
2618,長榮航,63,5,58,合庫-鳳山,2023-10-30,1029
00676R,富邦臺灣加權反1,55,0,55,合庫-鳳山,2023-10-30,1029
00919,群益台灣精選高息,42,1,41,合庫-鳳山,2023-10-30,1029
2886,兆豐金,42,3,39,合庫-鳳山,2023-10-30,1029
1524,耿鼎,38,1,37,合庫-鳳山,2023-10-30,1029
2883,凱基金,36,8,28,合庫-鳳山,2023-10-30,1029
2887,台新金,26,0,26,合庫-鳳山,2023-10-30,1029
5880,合庫金,26,0,26,合庫-鳳山,2023-10-30,1029
00664R,國泰臺灣加權反1,25,0,25,合庫-鳳山,2023-10-30,1029
2492,華新科,20,0,20,合庫-鳳山,2023-10-30,1029
2801,彰銀,20,0,20,合庫-鳳山,2023-10-30,1029
8088,品安,20,0,20,合庫-鳳山,2023-10-30,1029
8054,安國,26,7,19,合庫-鳳山,2023-10-30,1029
2884,玉山金,18,0,18,合庫-鳳山,2023-10-30,1029
00878,國泰永續高股息,30,13,17,合庫-鳳山,2023-10-30,1029
00651R,復華香港反1,15,0,15,合庫-鳳山,2023-10-30,1029
1721,三晃,14,0,14,合庫-鳳山,2023-10-30,1029
2317,鴻海,110,97,13,合庫-鳳山,2023-10-30,1029
8936,國統,13,0,13,合庫-鳳山,2023-10-30,1029
2303,聯電,15,3,12,合庫-鳳山,2023-10-30,1029
2885,元大金,11,0,11,合庫-鳳山,2023-10-30,1029
2301,光寶科,12,1,11,合庫-鳳山,2023-10-30,1029
00907,永豐優息存股,11,1,10,合庫-鳳山,2023-10-30,1029
00772B,中信高評級公司債,11,1,10,合庫-鳳山,2023-10-30,1029
00687B,國泰20年美債,20,10,10,合庫-鳳山,2023-10-30,1029
1781,合世,10,0,10,合庫-鳳山,2023-10-30,1029
00922,國泰台灣領袖50,10,0,10,合庫-鳳山,2023-10-30,1029
0056,元大高股息,10,2,8,合庫-鳳山,2023-10-30,1029
00632R,元大台灣50反1,8,0,8,合庫-鳳山,2023-10-30,1029
1605,華新,18,10,8,合庫-鳳山,2023-10-30,1029
2353,宏��,9,1,8,合庫-鳳山,2023-10-30,1029
6117,迎廣,22,14,8,合庫-鳳山,2023-10-30,1029
3231,緯創,60,52,8,合庫-鳳山,2023-10-30,1029
00933B,國泰10Y+金融債,11,4,7,合庫-鳳山,2023-10-30,1029
6122,擎邦,7,0,7,合庫-鳳山,2023-10-30,1029
6244,茂迪,8,1,7,合庫-鳳山,2023-10-30,1029
0050,元大台灣50,6,0,6,合庫-鳳山,2023-10-30,1029
1785,光洋科,6,0,6,合庫-鳳山,2023-10-30,1029
2891,中信金,6,0,6,合庫-鳳山,2023-10-30,1029
4747,強生,6,0,6,合庫-鳳山,2023-10-30,1029
4934,太極,6,0,6,合庫-鳳山,2023-10-30,1029
6191,精成科,6,0,6,合庫-鳳山,2023-10-30,1029
1301,台塑,6,0,6,合庫-鳳山,2023-10-30,1029
00679B,元大美債20年,5,0,5,合庫-鳳山,2023-10-30,1029
2330,台積電,6,1,5,合庫-鳳山,2023-10-30,1029
00931B,統一美債20年,5,0,5,合庫-鳳山,2023-10-30,1029
2108,南帝,5,0,5,合庫-鳳山,2023-10-30,1029
4419,皇家美食,184,0,184,合庫-鳳山,2023-10-31,1029
00878,國泰永續高股息,77,5,72,合庫-鳳山,2023-10-31,1029
00919,群益台灣精選高息,55,1,54,合庫-鳳山,2023-10-31,1029
00665L,富邦�琤肭磪囓�2,50,0,50,合庫-鳳山,2023-10-31,1029
3715,定穎投控,77,37,40,合庫-鳳山,2023-10-31,1029
2612,中航,25,0,25,合庫-鳳山,2023-10-31,1029
6026,福邦證,25,0,25,合庫-鳳山,2023-10-31,1029
2485,兆赫,24,0,24,合庫-鳳山,2023-10-31,1029
2338,光罩,252,229,23,合庫-鳳山,2023-10-31,1029
2032,新鋼,23,1,22,合庫-鳳山,2023-10-31,1029
4529,淳紳,20,0,20,合庫-鳳山,2023-10-31,1029
2382,廣達,27,10,17,合庫-鳳山,2023-10-31,1029
3231,緯創,21,4,17,合庫-鳳山,2023-10-31,1029
8033,雷虎,20,3,17,合庫-鳳山,2023-10-31,1029
8358,金居,17,0,17,合庫-鳳山,2023-10-31,1029
2618,長榮航,29,13,16,合庫-鳳山,2023-10-31,1029
9949,琉園,16,0,16,合庫-鳳山,2023-10-31,1029
3706,神達,35,21,14,合庫-鳳山,2023-10-31,1029
3276,宇環,23,10,13,合庫-鳳山,2023-10-31,1029
3078,僑威,29,17,12,合庫-鳳山,2023-10-31,1029
2388,威盛,15,3,12,合庫-鳳山,2023-10-31,1029
0056,元大高股息,44,33,11,合庫-鳳山,2023-10-31,1029
00933B,國泰10Y+金融債,11,0,11,合庫-鳳山,2023-10-31,1029
00922,國泰台灣領袖50,11,0,11,合庫-鳳山,2023-10-31,1029
8227,巨有科技,11,0,11,合庫-鳳山,2023-10-31,1029
00772B,中信高評級公司債,11,0,11,合庫-鳳山,2023-10-31,1029
2006,東和鋼鐵,11,0,11,合庫-鳳山,2023-10-31,1029
8054,安國,14,3,11,合庫-鳳山,2023-10-31,1029
8936,國統,11,0,11,合庫-鳳山,2023-10-31,1029
00885,富邦越南,10,0,10,合庫-鳳山,2023-10-31,1029
00674R,期元大S＆P黃金反1,10,0,10,合庫-鳳山,2023-10-31,1029
3058,立德,10,0,10,合庫-鳳山,2023-10-31,1029
3483,力致,10,0,10,合庫-鳳山,2023-10-31,1029
3707,漢磊,10,0,10,合庫-鳳山,2023-10-31,1029
5521,工信,10,0,10,合庫-鳳山,2023-10-31,1029
6695,芯鼎,10,0,10,合庫-鳳山,2023-10-31,1029
9105,泰金寶-DR,10,0,10,合庫-鳳山,2023-10-31,1029
3380,明泰,11,2,9,合庫-鳳山,2023-10-31,1029
4906,正文,10,1,9,合庫-鳳山,2023-10-31,1029
6443,元晶,9,0,9,合庫-鳳山,2023-10-31,1029
00637L,元大滬深300正2,9,1,8,合庫-鳳山,2023-10-31,1029
2461,光群雷,8,0,8,合庫-鳳山,2023-10-31,1029
8110,華東,8,0,8,合庫-鳳山,2023-10-31,1029
3017,奇鋐,8,1,7,合庫-鳳山,2023-10-31,1029
1721,三晃,7,0,7,合庫-鳳山,2023-10-31,1029
3044,健鼎,7,0,7,合庫-鳳山,2023-10-31,1029
3217,優群,7,0,7,合庫-鳳山,2023-10-31,1029
3665,貿聯-KY,8,1,7,合庫-鳳山,2023-10-31,1029
4130,健亞,7,0,7,合庫-鳳山,2023-10-31,1029
2201,裕隆,8,1,7,合庫-鳳山,2023-10-31,1029
2880,華南金,646,0,646,合庫-鳳山,2023-11-01,1029
6179,亞通,278,176,102,合庫-鳳山,2023-11-01,1029
6158,禾昌,97,0,97,合庫-鳳山,2023-11-01,1029
00878,國泰永續高股息,108,20,88,合庫-鳳山,2023-11-01,1029
00919,群益台灣精選高息,64,1,63,合庫-鳳山,2023-11-01,1029
00665L,富邦�琤肭磪囓�2,160,100,60,合庫-鳳山,2023-11-01,1029
00715L,期街口布蘭特正2,51,0,51,合庫-鳳山,2023-11-01,1029
2337,旺宏,49,1,48,合庫-鳳山,2023-11-01,1029
3706,神達,34,1,33,合庫-鳳山,2023-11-01,1029
2883,凱基金,34,5,29,合庫-鳳山,2023-11-01,1029
00929,復華台灣科技優息,55,27,28,合庫-鳳山,2023-11-01,1029
00935,野村臺灣新科技50,23,0,23,合庫-鳳山,2023-11-01,1029
00687B,國泰20年美債,18,0,18,合庫-鳳山,2023-11-01,1029
8054,安國,54,36,18,合庫-鳳山,2023-11-01,1029
6026,福邦證,16,0,16,合庫-鳳山,2023-11-01,1029
2606,裕民,15,0,15,合庫-鳳山,2023-11-01,1029
6173,信昌電,15,0,15,合庫-鳳山,2023-11-01,1029
4167,松瑞藥,28,14,14,合庫-鳳山,2023-11-01,1029
6284,佳邦,22,9,13,合庫-鳳山,2023-11-01,1029
3264,欣銓,11,0,11,合庫-鳳山,2023-11-01,1029
6492,生華科,12,1,11,合庫-鳳山,2023-11-01,1029
2382,廣達,20,10,10,合庫-鳳山,2023-11-01,1029
00669R,國泰美國道瓊反1,10,0,10,合庫-鳳山,2023-11-01,1029
00671R,富邦NASDAQ反1,10,0,10,合庫-鳳山,2023-11-01,1029
1504,東元,10,0,10,合庫-鳳山,2023-11-01,1029
2313,華通,11,1,10,合庫-鳳山,2023-11-01,1029
2314,台揚,10,0,10,合庫-鳳山,2023-11-01,1029
2543,皇昌,11,1,10,合庫-鳳山,2023-11-01,1029
2743,山富,11,1,10,合庫-鳳山,2023-11-01,1029
3016,嘉晶,10,0,10,合庫-鳳山,2023-11-01,1029
9919,康那香,10,0,10,合庫-鳳山,2023-11-01,1029
2485,兆赫,9,0,9,合庫-鳳山,2023-11-01,1029
8112,至上,10,1,9,合庫-鳳山,2023-11-01,1029
3481,群創,13,5,8,合庫-鳳山,2023-11-01,1029
2634,漢翔,8,0,8,合庫-鳳山,2023-11-01,1029
8110,華東,8,0,8,合庫-鳳山,2023-11-01,1029
1815,富喬,10,3,7,合庫-鳳山,2023-11-01,1029
2891,中信金,7,0,7,合庫-鳳山,2023-11-01,1029
3231,緯創,79,73,6,合庫-鳳山,2023-11-01,1029
3346,麗清,8,2,6,合庫-鳳山,2023-11-01,1029
5347,世界,6,0,6,合庫-鳳山,2023-11-01,1029
8044,網家,15,9,6,合庫-鳳山,2023-11-01,1029
00673R,期元大S＆P原油反1,5,0,5,合庫-鳳山,2023-11-01,1029
00679B,元大美債20年,5,0,5,合庫-鳳山,2023-11-01,1029
2338,光罩,104,99,5,合庫-鳳山,2023-11-01,1029
2449,京元電子,5,0,5,合庫-鳳山,2023-11-01,1029
2731,雄獅,5,0,5,合庫-鳳山,2023-11-01,1029
2748,雲品,5,0,5,合庫-鳳山,2023-11-01,1029
3055,蔚華科,5,0,5,合庫-鳳山,2023-11-01,1029
4155,訊映,5,0,5,合庫-鳳山,2023-11-01,1029
00632R,元大台灣50反1,143,0,143,合庫-鳳山,2023-11-02,1029
2338,光罩,177,74,103,合庫-鳳山,2023-11-02,1029
00712,復華富時不動產,109,7,102,合庫-鳳山,2023-11-02,1029
6284,佳邦,78,8,70,合庫-鳳山,2023-11-02,1029
00715L,期街口布蘭特正2,61,0,61,合庫-鳳山,2023-11-02,1029
2883,凱基金,57,0,57,合庫-鳳山,2023-11-02,1029
00642U,期元大S＆P石油,50,0,50,合庫-鳳山,2023-11-02,1029
3037,欣興,39,7,32,合庫-鳳山,2023-11-02,1029
2492,華新科,19,1,18,合庫-鳳山,2023-11-02,1029
6202,盛群,16,0,16,合庫-鳳山,2023-11-02,1029
3322,建舜電,15,0,15,合庫-鳳山,2023-11-02,1029
5285,界霖,15,0,15,合庫-鳳山,2023-11-02,1029
00687B,國泰20年美債,15,1,14,合庫-鳳山,2023-11-02,1029
2002,中鋼,13,0,13,合庫-鳳山,2023-11-02,1029
00935,野村臺灣新科技50,11,0,11,合庫-鳳山,2023-11-02,1029
00633L,富邦上証正2,11,0,11,合庫-鳳山,2023-11-02,1029
2356,英業達,19,8,11,合庫-鳳山,2023-11-02,1029
4167,松瑞藥,11,0,11,合庫-鳳山,2023-11-02,1029
1565,精華,10,0,10,合庫-鳳山,2023-11-02,1029
2006,東和鋼鐵,10,0,10,合庫-鳳山,2023-11-02,1029
2313,華通,19,9,10,合庫-鳳山,2023-11-02,1029
6005,群益證,10,0,10,合庫-鳳山,2023-11-02,1029
2610,華航,13,4,9,合庫-鳳山,2023-11-02,1029
4908,前鼎,13,5,8,合庫-鳳山,2023-11-02,1029
8358,金居,8,0,8,合庫-鳳山,2023-11-02,1029
00679B,元大美債20年,11,4,7,合庫-鳳山,2023-11-02,1029
2867,三商壽,7,0,7,合庫-鳳山,2023-11-02,1029
4304,勝昱,7,0,7,合庫-鳳山,2023-11-02,1029
5272,笙科,7,0,7,合庫-鳳山,2023-11-02,1029
5880,合庫金,7,0,7,合庫-鳳山,2023-11-02,1029
6806,森崴能源,7,0,7,合庫-鳳山,2023-11-02,1029
3105,穩懋,20,15,5,合庫-鳳山,2023-11-02,1029
00637L,元大滬深300正2,6,1,5,合庫-鳳山,2023-11-02,1029
1524,耿鼎,12,7,5,合庫-鳳山,2023-11-02,1029
4108,懷特,5,0,5,合庫-鳳山,2023-11-02,1029
1529,樂事綠能,4,0,4,合庫-鳳山,2023-11-02,1029
2377,微星,4,0,4,合庫-鳳山,2023-11-02,1029
2485,兆赫,4,0,4,合庫-鳳山,2023-11-02,1029
2736,富野,5,1,4,合庫-鳳山,2023-11-02,1029
2743,山富,4,0,4,合庫-鳳山,2023-11-02,1029
3325,旭品,7,3,4,合庫-鳳山,2023-11-02,1029
3380,明泰,10,6,4,合庫-鳳山,2023-11-02,1029
4188,安克,4,0,4,合庫-鳳山,2023-11-02,1029
6197,佳必琪,4,0,4,合庫-鳳山,2023-11-02,1029
2376,技嘉,5,1,4,合庫-鳳山,2023-11-02,1029
00923,群益台ESG低碳50,3,0,3,合庫-鳳山,2023-11-02,1029
1104,環泥,3,0,3,合庫-鳳山,2023-11-02,1029
2455,全新,3,0,3,合庫-鳳山,2023-11-02,1029
2845,遠東銀,3,0,3,合庫-鳳山,2023-11-02,1029
4746,台耀,3,0,3,合庫-鳳山,2023-11-02,1029
2880,華南金,355,0,355,合庫-鳳山,2023-11-03,1029
2363,矽統,121,23,98,合庫-鳳山,2023-11-03,1029
00878,國泰永續高股息,61,4,57,合庫-鳳山,2023-11-03,1029
00929,復華台灣科技優息,64,10,54,合庫-鳳山,2023-11-03,1029
2338,光罩,86,34,52,合庫-鳳山,2023-11-03,1029
00885,富邦越南,49,2,47,合庫-鳳山,2023-11-03,1029
00712,復華富時不動產,47,8,39,合庫-鳳山,2023-11-03,1029
2516,新建,20,1,19,合庫-鳳山,2023-11-03,1029
6284,佳邦,20,2,18,合庫-鳳山,2023-11-03,1029
1605,華新,20,3,17,合庫-鳳山,2023-11-03,1029
00651R,復華香港反1,15,0,15,合庫-鳳山,2023-11-03,1029
00632R,元大台灣50反1,20,8,12,合庫-鳳山,2023-11-03,1029
8150,南茂,11,0,11,合庫-鳳山,2023-11-03,1029
9105,泰金寶-DR,11,0,11,合庫-鳳山,2023-11-03,1029
1409,新纖,10,0,10,合庫-鳳山,2023-11-03,1029
2332,友訊,10,0,10,合庫-鳳山,2023-11-03,1029
3479,安勤,10,0,10,合庫-鳳山,2023-11-03,1029
1721,三晃,10,1,9,合庫-鳳山,2023-11-03,1029
2028,威致,8,0,8,合庫-鳳山,2023-11-03,1029
3715,定穎投控,9,1,8,合庫-鳳山,2023-11-03,1029
9955,佳龍,8,0,8,合庫-鳳山,2023-11-03,1029
8046,南電,7,0,7,合庫-鳳山,2023-11-03,1029
00633L,富邦上証正2,7,0,7,合庫-鳳山,2023-11-03,1029
3051,力特,7,0,7,合庫-鳳山,2023-11-03,1029
3491,昇達科,10,3,7,合庫-鳳山,2023-11-03,1029
3545,敦泰,7,0,7,合庫-鳳山,2023-11-03,1029
2002,中鋼,11,5,6,合庫-鳳山,2023-11-03,1029
3338,泰碩,6,0,6,合庫-鳳山,2023-11-03,1029
4915,致伸,6,0,6,合庫-鳳山,2023-11-03,1029
8112,至上,7,1,6,合庫-鳳山,2023-11-03,1029
3481,群創,14,8,6,合庫-鳳山,2023-11-03,1029
00679B,元大美債20年,10,4,6,合庫-鳳山,2023-11-03,1029
00935,野村臺灣新科技50,5,0,5,合庫-鳳山,2023-11-03,1029
00850,元大臺灣ESG永續,5,0,5,合庫-鳳山,2023-11-03,1029
1437,勤益控,5,0,5,合庫-鳳山,2023-11-03,1029
2337,旺宏,5,0,5,合庫-鳳山,2023-11-03,1029
2605,新興,5,0,5,合庫-鳳山,2023-11-03,1029
4155,訊映,5,0,5,合庫-鳳山,2023-11-03,1029
6112,邁達特,7,2,5,合庫-鳳山,2023-11-03,1029
6191,精成科,6,1,5,合庫-鳳山,2023-11-03,1029
3034,聯詠,5,0,5,合庫-鳳山,2023-11-03,1029
00637L,元大滬深300正2,5,1,4,合庫-鳳山,2023-11-03,1029
00706L,期元大S＆P日圓正2,4,0,4,合庫-鳳山,2023-11-03,1029
00673R,期元大S＆P原油反1,4,0,4,合庫-鳳山,2023-11-03,1029
2324,仁寶,5,1,4,合庫-鳳山,2023-11-03,1029
2367,燿華,5,1,4,合庫-鳳山,2023-11-03,1029
2449,京元電子,14,10,4,合庫-鳳山,2023-11-03,1029
2458,義隆,9,5,4,合庫-鳳山,2023-11-03,1029
6282,康舒,3,0,3,合庫-鳳山,2023-11-03,1029
1449,佳和,5,2,3,合庫-鳳山,2023-11-03,1029
00632R,元大台灣50反1,348,0,348,合庫-鳳山,2023-11-06,1029
00929,復華台灣科技優息,411,74,337,合庫-鳳山,2023-11-06,1029
00637L,元大滬深300正2,124,22,102,合庫-鳳山,2023-11-06,1029
2338,光罩,187,119,68,合庫-鳳山,2023-11-06,1029
00772B,中信高評級公司債,61,0,61,合庫-鳳山,2023-11-06,1029
00715L,期街口布蘭特正2,57,0,57,合庫-鳳山,2023-11-06,1029
2603,長榮,47,13,34,合庫-鳳山,2023-11-06,1029
00642U,期元大S＆P石油,33,2,31,合庫-鳳山,2023-11-06,1029
8150,南茂,31,0,31,合庫-鳳山,2023-11-06,1029
2618,長榮航,32,3,29,合庫-鳳山,2023-11-06,1029
2382,廣達,30,5,25,合庫-鳳山,2023-11-06,1029
00651R,復華香港反1,25,0,25,合庫-鳳山,2023-11-06,1029
1101,台泥,43,21,22,合庫-鳳山,2023-11-06,1029
6284,佳邦,21,0,21,合庫-鳳山,2023-11-06,1029
2363,矽統,64,43,21,合庫-鳳山,2023-11-06,1029
0056,元大高股息,31,10,21,合庫-鳳山,2023-11-06,1029
00931B,統一美債20年,17,0,17,合庫-鳳山,2023-11-06,1029
3576,聯合再生,17,2,15,合庫-鳳山,2023-11-06,1029
3483,力致,16,4,12,合庫-鳳山,2023-11-06,1029
2748,雲品,14,2,12,合庫-鳳山,2023-11-06,1029
1809,中釉,11,0,11,合庫-鳳山,2023-11-06,1029
2634,漢翔,13,2,11,合庫-鳳山,2023-11-06,1029
2889,國票金,11,0,11,合庫-鳳山,2023-11-06,1029
1718,中纖,10,0,10,合庫-鳳山,2023-11-06,1029
8432,東生華,10,0,10,合庫-鳳山,2023-11-06,1029
9105,泰金寶-DR,10,1,9,合庫-鳳山,2023-11-06,1029
2367,燿華,13,4,9,合庫-鳳山,2023-11-06,1029
2883,凱基金,10,1,9,合庫-鳳山,2023-11-06,1029
00687B,國泰20年美債,8,0,8,合庫-鳳山,2023-11-06,1029
3078,僑威,8,0,8,合庫-鳳山,2023-11-06,1029
00679B,元大美債20年,7,0,7,合庫-鳳山,2023-11-06,1029
020033,統一�琤肮黕篾,7,0,7,合庫-鳳山,2023-11-06,1029
2388,威盛,15,8,7,合庫-鳳山,2023-11-06,1029
6770,力積電,19,12,7,合庫-鳳山,2023-11-06,1029
3231,緯創,24,17,7,合庫-鳳山,2023-11-06,1029
1504,東元,7,1,6,合庫-鳳山,2023-11-06,1029
1217,愛之味,6,0,6,合庫-鳳山,2023-11-06,1029
4162,智擎,6,0,6,合庫-鳳山,2023-11-06,1029
6202,盛群,6,0,6,合庫-鳳山,2023-11-06,1029
6806,森崴能源,6,0,6,合庫-鳳山,2023-11-06,1029
00922,國泰台灣領袖50,7,1,6,合庫-鳳山,2023-11-06,1029
00680L,元大美債20正2,5,0,5,合庫-鳳山,2023-11-06,1029
00706L,期元大S＆P日圓正2,5,0,5,合庫-鳳山,2023-11-06,1029
2006,東和鋼鐵,5,0,5,合庫-鳳山,2023-11-06,1029
2443,昶虹,5,0,5,合庫-鳳山,2023-11-06,1029
3163,波若威,5,0,5,合庫-鳳山,2023-11-06,1029
3265,台星科,5,0,5,合庫-鳳山,2023-11-06,1029
4155,訊映,5,0,5,合庫-鳳山,2023-11-06,1029
6116,彩晶,5,0,5,合庫-鳳山,2023-11-06,1029
6275,元山,5,0,5,合庫-鳳山,2023-11-06,1029
4806,桂田文創,330,0,330,合庫-鳳山,2023-11-07,1029
00712,復華富時不動產,68,0,68,合庫-鳳山,2023-11-07,1029
00772B,中信高評級公司債,62,1,61,合庫-鳳山,2023-11-07,1029
2401,凌陽,63,11,52,合庫-鳳山,2023-11-07,1029
9955,佳龍,44,0,44,合庫-鳳山,2023-11-07,1029
00919,群益台灣精選高息,31,0,31,合庫-鳳山,2023-11-07,1029
4157,太景*-KY,30,0,30,合庫-鳳山,2023-11-07,1029
1524,耿鼎,33,4,29,合庫-鳳山,2023-11-07,1029
2634,漢翔,60,32,28,合庫-鳳山,2023-11-07,1029
4155,訊映,26,0,26,合庫-鳳山,2023-11-07,1029
00715L,期街口布蘭特正2,82,60,22,合庫-鳳山,2023-11-07,1029
2331,精英,21,0,21,合庫-鳳山,2023-11-07,1029
00719B,元大美債1-3,18,0,18,合庫-鳳山,2023-11-07,1029
2002,中鋼,21,4,17,合庫-鳳山,2023-11-07,1029
4167,松瑞藥,27,10,17,合庫-鳳山,2023-11-07,1029
6284,佳邦,19,2,17,合庫-鳳山,2023-11-07,1029
6147,頎邦,16,0,16,合庫-鳳山,2023-11-07,1029
2338,光罩,83,68,15,合庫-鳳山,2023-11-07,1029
4953,緯軟,15,0,15,合庫-鳳山,2023-11-07,1029
3380,明泰,14,0,14,合庫-鳳山,2023-11-07,1029
3481,群創,20,7,13,合庫-鳳山,2023-11-07,1029
3029,零壹,12,0,12,合庫-鳳山,2023-11-07,1029
6133,金橋,12,0,12,合庫-鳳山,2023-11-07,1029
00900,富邦特選高股息30,11,0,11,合庫-鳳山,2023-11-07,1029
2105,正新,11,0,11,合庫-鳳山,2023-11-07,1029
00632R,元大台灣50反1,10,0,10,合庫-鳳山,2023-11-07,1029
1584,精剛,10,0,10,合庫-鳳山,2023-11-07,1029
00932,兆豐永續高息等權,30,21,9,合庫-鳳山,2023-11-07,1029
2329,華泰,11,2,9,合庫-鳳山,2023-11-07,1029
00878,國泰永續高股息,21,12,9,合庫-鳳山,2023-11-07,1029
4304,勝昱,18,10,8,合庫-鳳山,2023-11-07,1029
2344,華邦電,7,0,7,合庫-鳳山,2023-11-07,1029
2453,凌群,17,10,7,合庫-鳳山,2023-11-07,1029
2883,凱基金,7,0,7,合庫-鳳山,2023-11-07,1029
00891,中信關鍵半導體,6,0,6,合庫-鳳山,2023-11-07,1029
00665L,富邦�琤肭磪囓�2,6,0,6,合庫-鳳山,2023-11-07,1029
00687B,國泰20年美債,6,0,6,合庫-鳳山,2023-11-07,1029
1312,國喬,6,0,6,合庫-鳳山,2023-11-07,1029
00933B,國泰10Y+金融債,6,0,6,合庫-鳳山,2023-11-07,1029
1815,富喬,7,1,6,合庫-鳳山,2023-11-07,1029
2368,金像電,6,0,6,合庫-鳳山,2023-11-07,1029
2882,國泰金,6,0,6,合庫-鳳山,2023-11-07,1029
4915,致伸,6,1,5,合庫-鳳山,2023-11-07,1029
1711,永光,5,0,5,合庫-鳳山,2023-11-07,1029
2324,仁寶,15,10,5,合庫-鳳山,2023-11-07,1029
3454,晶睿,5,0,5,合庫-鳳山,2023-11-07,1029
4960,誠美材,5,0,5,合庫-鳳山,2023-11-07,1029
6550,北極星藥業-KY,8,3,5,合庫-鳳山,2023-11-07,1029
2748,雲品,7,2,5,合庫-鳳山,2023-11-07,1029
1314,中石化,5,1,4,合庫-鳳山,2023-11-07,1029
00664R,國泰臺灣加權反1,201,0,201,合庫-鳳山,2023-11-08,1029
4806,桂田文創,101,0,101,合庫-鳳山,2023-11-08,1029
2363,矽統,163,64,99,合庫-鳳山,2023-11-08,1029
00715L,期街口布蘭特正2,250,160,90,合庫-鳳山,2023-11-08,1029
2451,創見,41,0,41,合庫-鳳山,2023-11-08,1029
2610,華航,53,16,37,合庫-鳳山,2023-11-08,1029
3041,揚智,37,3,34,合庫-鳳山,2023-11-08,1029
00633L,富邦上証正2,29,0,29,合庫-鳳山,2023-11-08,1029
4533,協易機,30,2,28,合庫-鳳山,2023-11-08,1029
2002,中鋼,24,0,24,合庫-鳳山,2023-11-08,1029
00642U,期元大S＆P石油,23,0,23,合庫-鳳山,2023-11-08,1029
6284,佳邦,37,14,23,合庫-鳳山,2023-11-08,1029
2618,長榮航,25,3,22,合庫-鳳山,2023-11-08,1029
00687B,國泰20年美債,24,2,22,合庫-鳳山,2023-11-08,1029
8358,金居,21,0,21,合庫-鳳山,2023-11-08,1029
00632R,元大台灣50反1,20,0,20,合庫-鳳山,2023-11-08,1029
2607,榮運,19,0,19,合庫-鳳山,2023-11-08,1029
2634,漢翔,21,2,19,合庫-鳳山,2023-11-08,1029
00918,大華優利高填息30,15,0,15,合庫-鳳山,2023-11-08,1029
1815,富喬,17,2,15,合庫-鳳山,2023-11-08,1029
4414,如興,15,0,15,合庫-鳳山,2023-11-08,1029
2883,凱基金,14,0,14,合庫-鳳山,2023-11-08,1029
5386,青雲,13,0,13,合庫-鳳山,2023-11-08,1029
2014,中鴻,12,0,12,合庫-鳳山,2023-11-08,1029
3363,上詮,33,21,12,合庫-鳳山,2023-11-08,1029
00885,富邦越南,13,1,12,合庫-鳳山,2023-11-08,1029
2337,旺宏,11,0,11,合庫-鳳山,2023-11-08,1029
2331,精英,11,0,11,合庫-鳳山,2023-11-08,1029
2867,三商壽,11,0,11,合庫-鳳山,2023-11-08,1029
2028,威致,10,0,10,合庫-鳳山,2023-11-08,1029
2412,中華電,10,0,10,合庫-鳳山,2023-11-08,1029
5351,鈺創,14,4,10,合庫-鳳山,2023-11-08,1029
00931B,統一美債20年,9,0,9,合庫-鳳山,2023-11-08,1029
9955,佳龍,8,0,8,合庫-鳳山,2023-11-08,1029
00637L,元大滬深300正2,7,0,7,合庫-鳳山,2023-11-08,1029
2421,建準,10,3,7,合庫-鳳山,2023-11-08,1029
2816,旺旺保,7,0,7,合庫-鳳山,2023-11-08,1029
1312,國喬,6,0,6,合庫-鳳山,2023-11-08,1029
1723,中碳,6,0,6,合庫-鳳山,2023-11-08,1029
2743,山富,7,1,6,合庫-鳳山,2023-11-08,1029
4167,松瑞藥,6,0,6,合庫-鳳山,2023-11-08,1029
4967,十銓,6,0,6,合庫-鳳山,2023-11-08,1029
5347,世界,6,0,6,合庫-鳳山,2023-11-08,1029
6122,擎邦,6,0,6,合庫-鳳山,2023-11-08,1029
8926,台汽電,6,0,6,合庫-鳳山,2023-11-08,1029
2376,技嘉,10,4,6,合庫-鳳山,2023-11-08,1029
2884,玉山金,5,0,5,合庫-鳳山,2023-11-08,1029
00669R,國泰美國道瓊反1,5,0,5,合庫-鳳山,2023-11-08,1029
2367,燿華,10,5,5,合庫-鳳山,2023-11-08,1029
2495,普安,5,0,5,合庫-鳳山,2023-11-08,1029
4806,桂田文創,200,0,200,合庫-鳳山,2023-11-09,1029
00933B,國泰10Y+金融債,177,0,177,合庫-鳳山,2023-11-09,1029
00680L,元大美債20正2,112,0,112,合庫-鳳山,2023-11-09,1029
00687B,國泰20年美債,111,28,83,合庫-鳳山,2023-11-09,1029
1568,倉佑,52,0,52,合庫-鳳山,2023-11-09,1029
2486,一詮,51,2,49,合庫-鳳山,2023-11-09,1029
2450,神腦,40,0,40,合庫-鳳山,2023-11-09,1029
2317,鴻海,49,14,35,合庫-鳳山,2023-11-09,1029
00929,復華台灣科技優息,44,13,31,合庫-鳳山,2023-11-09,1029
00878,國泰永續高股息,30,2,28,合庫-鳳山,2023-11-09,1029
6188,廣明,27,0,27,合庫-鳳山,2023-11-09,1029
00934,中信成長高股息,35,10,25,合庫-鳳山,2023-11-09,1029
1815,富喬,26,3,23,合庫-鳳山,2023-11-09,1029
2331,精英,23,2,21,合庫-鳳山,2023-11-09,1029
1314,中石化,20,0,20,合庫-鳳山,2023-11-09,1029
2618,長榮航,33,14,19,合庫-鳳山,2023-11-09,1029
6284,佳邦,20,1,19,合庫-鳳山,2023-11-09,1029
2329,華泰,30,12,18,合庫-鳳山,2023-11-09,1029
00922,國泰台灣領袖50,16,0,16,合庫-鳳山,2023-11-09,1029
2344,華邦電,16,0,16,合庫-鳳山,2023-11-09,1029
4304,勝昱,16,0,16,合庫-鳳山,2023-11-09,1029
2382,廣達,22,9,13,合庫-鳳山,2023-11-09,1029
8087,麗升能源,13,0,13,合庫-鳳山,2023-11-09,1029
8111,立��,30,17,13,合庫-鳳山,2023-11-09,1029
3715,定穎投控,13,1,12,合庫-鳳山,2023-11-09,1029
5905,南仁湖,27,15,12,合庫-鳳山,2023-11-09,1029
6285,啟��,13,1,12,合庫-鳳山,2023-11-09,1029
00915,凱基優選高股息30,11,0,11,合庫-鳳山,2023-11-09,1029
2002,中鋼,11,0,11,合庫-鳳山,2023-11-09,1029
3013,晟銘電,17,6,11,合庫-鳳山,2023-11-09,1029
8112,至上,11,0,11,合庫-鳳山,2023-11-09,1029
00882,中信中國高股息,10,0,10,合庫-鳳山,2023-11-09,1029
2323,中環,10,0,10,合庫-鳳山,2023-11-09,1029
2516,新建,10,0,10,合庫-鳳山,2023-11-09,1029
2637,慧洋-KY,10,0,10,合庫-鳳山,2023-11-09,1029
6125,廣運,36,26,10,合庫-鳳山,2023-11-09,1029
6770,力積電,11,1,10,合庫-鳳山,2023-11-09,1029
2607,榮運,9,0,9,合庫-鳳山,2023-11-09,1029
9105,泰金寶-DR,10,1,9,合庫-鳳山,2023-11-09,1029
00642U,期元大S＆P石油,8,0,8,合庫-鳳山,2023-11-09,1029
1324,地球,9,1,8,合庫-鳳山,2023-11-09,1029
1539,巨庭,8,0,8,合庫-鳳山,2023-11-09,1029
2301,光寶科,12,4,8,合庫-鳳山,2023-11-09,1029
2743,山富,9,1,8,合庫-鳳山,2023-11-09,1029
3272,東碩,8,0,8,合庫-鳳山,2023-11-09,1029
6196,帆宣,10,2,8,合庫-鳳山,2023-11-09,1029
2412,中華電,7,0,7,合庫-鳳山,2023-11-09,1029
6530,創威,8,1,7,合庫-鳳山,2023-11-09,1029
8432,東生華,8,1,7,合庫-鳳山,2023-11-09,1029
2408,南亞科,6,0,6,合庫-鳳山,2023-11-09,1029
5905,南仁湖,81,0,81,合庫-鳳山,2023-11-10,1029
3483,力致,63,0,63,合庫-鳳山,2023-11-10,1029
4743,合一,64,7,57,合庫-鳳山,2023-11-10,1029
00933B,國泰10Y+金融債,54,0,54,合庫-鳳山,2023-11-10,1029
00878,國泰永續高股息,53,0,53,合庫-鳳山,2023-11-10,1029
00687B,國泰20年美債,52,0,52,合庫-鳳山,2023-11-10,1029
00715L,期街口布蘭特正2,25,0,25,合庫-鳳山,2023-11-10,1029
00919,群益台灣精選高息,26,2,24,合庫-鳳山,2023-11-10,1029
00679B,元大美債20年,23,1,22,合庫-鳳山,2023-11-10,1029
3088,艾訊,22,0,22,合庫-鳳山,2023-11-10,1029
2618,長榮航,24,3,21,合庫-鳳山,2023-11-10,1029
6901,鑽石投資,26,5,21,合庫-鳳山,2023-11-10,1029
6118,建達,20,0,20,合庫-鳳山,2023-11-10,1029
2891,中信金,20,1,19,合庫-鳳山,2023-11-10,1029
00936,台新永續高息中小,36,18,18,合庫-鳳山,2023-11-10,1029
3231,緯創,101,83,18,合庫-鳳山,2023-11-10,1029
00931B,統一美債20年,16,0,16,合庫-鳳山,2023-11-10,1029
6547,高端疫苗,16,0,16,合庫-鳳山,2023-11-10,1029
00929,復華台灣科技優息,15,0,15,合庫-鳳山,2023-11-10,1029
00923,群益台ESG低碳50,15,0,15,合庫-鳳山,2023-11-10,1029
00934,中信成長高股息,32,18,14,合庫-鳳山,2023-11-10,1029
00922,國泰台灣領袖50,13,0,13,合庫-鳳山,2023-11-10,1029
00900,富邦特選高股息30,13,0,13,合庫-鳳山,2023-11-10,1029
4167,松瑞藥,11,0,11,合庫-鳳山,2023-11-10,1029
00712,復華富時不動產,12,2,10,合庫-鳳山,2023-11-10,1029
2409,友達,10,0,10,合庫-鳳山,2023-11-10,1029
3058,立德,10,0,10,合庫-鳳山,2023-11-10,1029
3322,建舜電,10,0,10,合庫-鳳山,2023-11-10,1029
3441,聯一光,10,0,10,合庫-鳳山,2023-11-10,1029
3481,群創,12,2,10,合庫-鳳山,2023-11-10,1029
4960,誠美材,10,0,10,合庫-鳳山,2023-11-10,1029
6189,豐藝,11,1,10,合庫-鳳山,2023-11-10,1029
6209,今國光,10,0,10,合庫-鳳山,2023-11-10,1029
8086,宏捷科,10,0,10,合庫-鳳山,2023-11-10,1029
8112,至上,10,0,10,合庫-鳳山,2023-11-10,1029
1314,中石化,10,1,9,合庫-鳳山,2023-11-10,1029
3176,基亞,9,0,9,合庫-鳳山,2023-11-10,1029
4967,十銓,22,13,9,合庫-鳳山,2023-11-10,1029
2412,中華電,8,0,8,合庫-鳳山,2023-11-10,1029
2929,淘帝-KY,21,13,8,合庫-鳳山,2023-11-10,1029
3041,揚智,8,0,8,合庫-鳳山,2023-11-10,1029
6016,康和證,8,0,8,合庫-鳳山,2023-11-10,1029
2201,裕隆,17,10,7,合庫-鳳山,2023-11-10,1029
1524,耿鼎,12,5,7,合庫-鳳山,2023-11-10,1029
2331,精英,9,2,7,合庫-鳳山,2023-11-10,1029
2382,廣達,20,14,6,合庫-鳳山,2023-11-10,1029
2516,新建,6,0,6,合庫-鳳山,2023-11-10,1029
2634,漢翔,7,1,6,合庫-鳳山,2023-11-10,1029
2816,旺旺保,6,0,6,合庫-鳳山,2023-11-10,1029
6026,福邦證,6,0,6,合庫-鳳山,2023-11-10,1029
2338,光罩,173,0,173,合庫-鳳山,2023-11-13,1029
00637L,元大滬深300正2,178,55,123,合庫-鳳山,2023-11-13,1029
00665L,富邦�琤肭磪囓�2,382,280,102,合庫-鳳山,2023-11-13,1029
2382,廣達,119,18,101,合庫-鳳山,2023-11-13,1029
00679B,元大美債20年,61,0,61,合庫-鳳山,2023-11-13,1029
2610,華航,61,3,58,合庫-鳳山,2023-11-13,1029
00936,台新永續高息中小,60,2,58,合庫-鳳山,2023-11-13,1029
6284,佳邦,55,0,55,合庫-鳳山,2023-11-13,1029
00934,中信成長高股息,51,0,51,合庫-鳳山,2023-11-13,1029
9904,寶成,37,0,37,合庫-鳳山,2023-11-13,1029
00919,群益台灣精選高息,37,2,35,合庫-鳳山,2023-11-13,1029
2412,中華電,35,0,35,合庫-鳳山,2023-11-13,1029
6197,佳必琪,24,0,24,合庫-鳳山,2023-11-13,1029
00915,凱基優選高股息30,25,2,23,合庫-鳳山,2023-11-13,1029
2337,旺宏,19,0,19,合庫-鳳山,2023-11-13,1029
00687B,國泰20年美債,18,0,18,合庫-鳳山,2023-11-13,1029
2376,技嘉,20,4,16,合庫-鳳山,2023-11-13,1029
4938,和碩,15,0,15,合庫-鳳山,2023-11-13,1029
00878,國泰永續高股息,20,5,15,合庫-鳳山,2023-11-13,1029
00882,中信中國高股息,14,0,14,合庫-鳳山,2023-11-13,1029
4173,久裕,14,0,14,合庫-鳳山,2023-11-13,1029
6901,鑽石投資,18,4,14,合庫-鳳山,2023-11-13,1029
8940,新天地,15,2,13,合庫-鳳山,2023-11-13,1029
3390,旭軟,34,22,12,合庫-鳳山,2023-11-13,1029
00632R,元大台灣50反1,11,0,11,合庫-鳳山,2023-11-13,1029
2492,華新科,12,1,11,合庫-鳳山,2023-11-13,1029
2618,長榮航,26,15,11,合庫-鳳山,2023-11-13,1029
4953,緯軟,15,4,11,合庫-鳳山,2023-11-13,1029
00680L,元大美債20正2,10,0,10,合庫-鳳山,2023-11-13,1029
00642U,期元大S＆P石油,15,5,10,合庫-鳳山,2023-11-13,1029
3045,台灣大,10,0,10,合庫-鳳山,2023-11-13,1029
5439,高技,10,0,10,合庫-鳳山,2023-11-13,1029
6196,帆宣,10,0,10,合庫-鳳山,2023-11-13,1029
6217,中探針,10,0,10,合庫-鳳山,2023-11-13,1029
1101,台泥,11,3,8,合庫-鳳山,2023-11-13,1029
5347,世界,8,0,8,合庫-鳳山,2023-11-13,1029
1314,中石化,13,6,7,合庫-鳳山,2023-11-13,1029
2369,菱生,9,2,7,合庫-鳳山,2023-11-13,1029
2515,中工,7,0,7,合庫-鳳山,2023-11-13,1029
1301,台塑,6,0,6,合庫-鳳山,2023-11-13,1029
1326,台化,6,0,6,合庫-鳳山,2023-11-13,1029
1802,台玻,7,1,6,合庫-鳳山,2023-11-13,1029
2408,南亞科,6,0,6,合庫-鳳山,2023-11-13,1029
4950,牧東,6,0,6,合庫-鳳山,2023-11-13,1029
00927,群益半導體收益,5,0,5,合庫-鳳山,2023-11-13,1029
1473,台南,5,0,5,合庫-鳳山,2023-11-13,1029
2355,敬鵬,7,2,5,合庫-鳳山,2023-11-13,1029
2603,長榮,6,1,5,合庫-鳳山,2023-11-13,1029
3703,欣陸,5,0,5,合庫-鳳山,2023-11-13,1029
3706,神達,6,1,5,合庫-鳳山,2023-11-13,1029
5905,南仁湖,175,11,164,合庫-鳳山,2023-11-14,1029
00632R,元大台灣50反1,50,0,50,合庫-鳳山,2023-11-14,1029
2317,鴻海,60,12,48,合庫-鳳山,2023-11-14,1029
2412,中華電,40,0,40,合庫-鳳山,2023-11-14,1029
2515,中工,40,1,39,合庫-鳳山,2023-11-14,1029
3231,緯創,113,87,26,合庫-鳳山,2023-11-14,1029
5521,工信,30,5,25,合庫-鳳山,2023-11-14,1029
2323,中環,24,1,23,合庫-鳳山,2023-11-14,1029
3481,群創,33,12,21,合庫-鳳山,2023-11-14,1029
00706L,期元大S＆P日圓正2,20,0,20,合庫-鳳山,2023-11-14,1029
00687B,國泰20年美債,20,0,20,合庫-鳳山,2023-11-14,1029
2006,東和鋼鐵,20,0,20,合庫-鳳山,2023-11-14,1029
6271,同欣電,20,0,20,合庫-鳳山,2023-11-14,1029
1504,東元,21,2,19,合庫-鳳山,2023-11-14,1029
2834,臺企銀,17,0,17,合庫-鳳山,2023-11-14,1029
1101,台泥,15,0,15,合庫-鳳山,2023-11-14,1029
3006,晶豪科,19,4,15,合庫-鳳山,2023-11-14,1029
6203,海韻電,15,0,15,合庫-鳳山,2023-11-14,1029
00915,凱基優選高股息30,13,0,13,合庫-鳳山,2023-11-14,1029
2062,橋椿,12,0,12,合庫-鳳山,2023-11-14,1029
2356,英業達,13,1,12,合庫-鳳山,2023-11-14,1029
2883,凱基金,12,0,12,合庫-鳳山,2023-11-14,1029
8011,台通,22,10,12,合庫-鳳山,2023-11-14,1029
4743,合一,12,0,12,合庫-鳳山,2023-11-14,1029
1584,精剛,11,0,11,合庫-鳳山,2023-11-14,1029
2417,圓剛,14,3,11,合庫-鳳山,2023-11-14,1029
3088,艾訊,11,0,11,合庫-鳳山,2023-11-14,1029
4173,久裕,11,0,11,合庫-鳳山,2023-11-14,1029
00772B,中信高評級公司債,10,0,10,合庫-鳳山,2023-11-14,1029
1815,富喬,10,0,10,合庫-鳳山,2023-11-14,1029
2027,大成鋼,10,0,10,合庫-鳳山,2023-11-14,1029
2459,敦吉,10,0,10,合庫-鳳山,2023-11-14,1029
2606,裕民,10,0,10,合庫-鳳山,2023-11-14,1029
8044,網家,10,0,10,合庫-鳳山,2023-11-14,1029
8086,宏捷科,10,0,10,合庫-鳳山,2023-11-14,1029
4128,中天,43,34,9,合庫-鳳山,2023-11-14,1029
6116,彩晶,8,0,8,合庫-鳳山,2023-11-14,1029
6284,佳邦,10,2,8,合庫-鳳山,2023-11-14,1029
2374,佳能,7,0,7,合庫-鳳山,2023-11-14,1029
2845,遠東銀,7,0,7,合庫-鳳山,2023-11-14,1029
2450,神腦,6,0,6,合庫-鳳山,2023-11-14,1029
5351,鈺創,8,2,6,合庫-鳳山,2023-11-14,1029
9934,成霖,6,0,6,合庫-鳳山,2023-11-14,1029
1459,聯發,5,0,5,合庫-鳳山,2023-11-14,1029
1515,力山,38,33,5,合庫-鳳山,2023-11-14,1029
1609,大亞,5,0,5,合庫-鳳山,2023-11-14,1029
1714,和桐,6,1,5,合庫-鳳山,2023-11-14,1029
2014,中鴻,10,5,5,合庫-鳳山,2023-11-14,1029
2069,運錩,5,0,5,合庫-鳳山,2023-11-14,1029
2369,菱生,5,0,5,合庫-鳳山,2023-11-14,1029
00878,國泰永續高股息,116,10,106,合庫-鳳山,2023-11-15,1029
8088,品安,83,1,82,合庫-鳳山,2023-11-15,1029
2882,國泰金,40,1,39,合庫-鳳山,2023-11-15,1029
2317,鴻海,37,3,34,合庫-鳳山,2023-11-15,1029
00679B,元大美債20年,42,10,32,合庫-鳳山,2023-11-15,1029
00753L,中信中國50正2,26,0,26,合庫-鳳山,2023-11-15,1029
00772B,中信高評級公司債,31,6,25,合庫-鳳山,2023-11-15,1029
1903,士紙,20,0,20,合庫-鳳山,2023-11-15,1029
1409,新纖,17,0,17,合庫-鳳山,2023-11-15,1029
6282,康舒,17,2,15,合庫-鳳山,2023-11-15,1029
9105,泰金寶-DR,15,0,15,合庫-鳳山,2023-11-15,1029
3088,艾訊,13,0,13,合庫-鳳山,2023-11-15,1029
3706,神達,16,4,12,合庫-鳳山,2023-11-15,1029
1815,富喬,15,3,12,合庫-鳳山,2023-11-15,1029
6547,高端疫苗,11,0,11,合庫-鳳山,2023-11-15,1029
3043,科風,10,0,10,合庫-鳳山,2023-11-15,1029
2032,新鋼,22,12,10,合庫-鳳山,2023-11-15,1029
2867,三商壽,10,0,10,合庫-鳳山,2023-11-15,1029
4157,太景*-KY,10,0,10,合庫-鳳山,2023-11-15,1029
2801,彰銀,10,0,10,合庫-鳳山,2023-11-15,1029
2069,運錩,9,0,9,合庫-鳳山,2023-11-15,1029
3017,奇鋐,13,4,9,合庫-鳳山,2023-11-15,1029
3056,富華新,10,1,9,合庫-鳳山,2023-11-15,1029
6901,鑽石投資,13,4,9,合庫-鳳山,2023-11-15,1029
8936,國統,15,6,9,合庫-鳳山,2023-11-15,1029
00934,中信成長高股息,8,0,8,合庫-鳳山,2023-11-15,1029
2607,榮運,8,0,8,合庫-鳳山,2023-11-15,1029
3276,宇環,14,6,8,合庫-鳳山,2023-11-15,1029
1618,合機,10,3,7,合庫-鳳山,2023-11-15,1029
2355,敬鵬,7,0,7,合庫-鳳山,2023-11-15,1029
3202,樺晟,7,0,7,合庫-鳳山,2023-11-15,1029
4142,國光生,7,0,7,合庫-鳳山,2023-11-15,1029
2609,陽明,38,31,7,合庫-鳳山,2023-11-15,1029
4155,訊映,7,0,7,合庫-鳳山,2023-11-15,1029
5351,鈺創,8,2,6,合庫-鳳山,2023-11-15,1029
00680L,元大美債20正2,6,0,6,合庫-鳳山,2023-11-15,1029
00936,台新永續高息中小,6,0,6,合庫-鳳山,2023-11-15,1029
2358,廷鑫,6,0,6,合庫-鳳山,2023-11-15,1029
2402,毅嘉,6,0,6,合庫-鳳山,2023-11-15,1029
2485,兆赫,8,2,6,合庫-鳳山,2023-11-15,1029
3052,夆典,6,0,6,合庫-鳳山,2023-11-15,1029
5439,高技,8,2,6,合庫-鳳山,2023-11-15,1029
6517,保勝光學,6,0,6,合庫-鳳山,2023-11-15,1029
2329,華泰,12,7,5,合庫-鳳山,2023-11-15,1029
00692,富邦公司治理,5,0,5,合庫-鳳山,2023-11-15,1029
2331,精英,5,0,5,合庫-鳳山,2023-11-15,1029
2634,漢翔,6,1,5,合庫-鳳山,2023-11-15,1029
2636,台驊控股,5,0,5,合庫-鳳山,2023-11-15,1029
3234,光環,5,0,5,合庫-鳳山,2023-11-15,1029
3289,宜特,5,0,5,合庫-鳳山,2023-11-15,1029
00878,國泰永續高股息,237,1,236,合庫-鳳山,2023-11-16,1029
00673R,期元大S＆P原油反1,200,0,200,合庫-鳳山,2023-11-16,1029
5512,力麒,150,2,148,合庫-鳳山,2023-11-16,1029
00679B,元大美債20年,142,0,142,合庫-鳳山,2023-11-16,1029
2892,第一金,80,4,76,合庫-鳳山,2023-11-16,1029
00715L,期街口布蘭特正2,68,1,67,合庫-鳳山,2023-11-16,1029
00637L,元大滬深300正2,64,11,53,合庫-鳳山,2023-11-16,1029
2801,彰銀,45,0,45,合庫-鳳山,2023-11-16,1029
00929,復華台灣科技優息,52,10,42,合庫-鳳山,2023-11-16,1029
2412,中華電,40,0,40,合庫-鳳山,2023-11-16,1029
5880,合庫金,41,8,33,合庫-鳳山,2023-11-16,1029
6185,幃翔,39,13,26,合庫-鳳山,2023-11-16,1029
00687B,國泰20年美債,25,0,25,合庫-鳳山,2023-11-16,1029
5905,南仁湖,30,7,23,合庫-鳳山,2023-11-16,1029
2382,廣達,22,6,16,合庫-鳳山,2023-11-16,1029
00665L,富邦�琤肭磪囓�2,15,0,15,合庫-鳳山,2023-11-16,1029
0056,元大高股息,18,3,15,合庫-鳳山,2023-11-16,1029
5203,訊連,15,0,15,合庫-鳳山,2023-11-16,1029
1504,東元,18,4,14,合庫-鳳山,2023-11-16,1029
00772B,中信高評級公司債,13,0,13,合庫-鳳山,2023-11-16,1029
00931B,統一美債20年,12,0,12,合庫-鳳山,2023-11-16,1029
1218,泰山,12,0,12,合庫-鳳山,2023-11-16,1029
6153,嘉聯益,12,0,12,合庫-鳳山,2023-11-16,1029
6547,高端疫苗,12,0,12,合庫-鳳山,2023-11-16,1029
4128,中天,19,7,12,合庫-鳳山,2023-11-16,1029
00632R,元大台灣50反1,11,0,11,合庫-鳳山,2023-11-16,1029
00692,富邦公司治理,11,0,11,合庫-鳳山,2023-11-16,1029
00935,野村臺灣新科技50,10,0,10,合庫-鳳山,2023-11-16,1029
1609,大亞,45,35,10,合庫-鳳山,2023-11-16,1029
2331,精英,10,0,10,合庫-鳳山,2023-11-16,1029
2388,威盛,21,11,10,合庫-鳳山,2023-11-16,1029
2498,宏達電,10,0,10,合庫-鳳山,2023-11-16,1029
4950,牧東,10,0,10,合庫-鳳山,2023-11-16,1029
4953,緯軟,10,0,10,合庫-鳳山,2023-11-16,1029
00882,中信中國高股息,10,1,9,合庫-鳳山,2023-11-16,1029
8088,品安,10,1,9,合庫-鳳山,2023-11-16,1029
00720B,元大投資級公司債,9,0,9,合庫-鳳山,2023-11-16,1029
1524,耿鼎,12,4,8,合庫-鳳山,2023-11-16,1029
2609,陽明,30,22,8,合庫-鳳山,2023-11-16,1029
00751B,元大AAA至A公司債,8,0,8,合庫-鳳山,2023-11-16,1029
3231,緯創,70,63,7,合庫-鳳山,2023-11-16,1029
00900,富邦特選高股息30,7,0,7,合庫-鳳山,2023-11-16,1029
00680L,元大美債20正2,7,0,7,合庫-鳳山,2023-11-16,1029
2634,漢翔,11,4,7,合庫-鳳山,2023-11-16,1029
3617,碩天,7,0,7,合庫-鳳山,2023-11-16,1029
4967,十銓,9,2,7,合庫-鳳山,2023-11-16,1029
2014,中鴻,6,0,6,合庫-鳳山,2023-11-16,1029
1402,遠東新,8,2,6,合庫-鳳山,2023-11-16,1029
2358,廷鑫,6,0,6,合庫-鳳山,2023-11-16,1029
3037,欣興,6,0,6,合庫-鳳山,2023-11-16,1029
00632R,元大台灣50反1,535,0,535,合庫-鳳山,2023-11-17,1029
00715L,期街口布蘭特正2,146,20,126,合庫-鳳山,2023-11-17,1029
00795B,中信美國公債20年,105,0,105,合庫-鳳山,2023-11-17,1029
2618,長榮航,155,60,95,合庫-鳳山,2023-11-17,1029
5905,南仁湖,156,104,52,合庫-鳳山,2023-11-17,1029
00637L,元大滬深300正2,53,3,50,合庫-鳳山,2023-11-17,1029
00679B,元大美債20年,46,0,46,合庫-鳳山,2023-11-17,1029
2382,廣達,48,9,39,合庫-鳳山,2023-11-17,1029
2337,旺宏,33,0,33,合庫-鳳山,2023-11-17,1029
00900,富邦特選高股息30,24,0,24,合庫-鳳山,2023-11-17,1029
2884,玉山金,27,4,23,合庫-鳳山,2023-11-17,1029
6125,廣運,39,17,22,合庫-鳳山,2023-11-17,1029
9945,潤泰新,22,0,22,合庫-鳳山,2023-11-17,1029
6770,力積電,21,1,20,合庫-鳳山,2023-11-17,1029
00687B,國泰20年美債,18,0,18,合庫-鳳山,2023-11-17,1029
00919,群益台灣精選高息,32,17,15,合庫-鳳山,2023-11-17,1029
00665L,富邦�琤肭磪囓�2,15,0,15,合庫-鳳山,2023-11-17,1029
3189,景碩,16,1,15,合庫-鳳山,2023-11-17,1029
00882,中信中國高股息,14,0,14,合庫-鳳山,2023-11-17,1029
3231,緯創,21,9,12,合庫-鳳山,2023-11-17,1029
2352,佳世達,12,0,12,合庫-鳳山,2023-11-17,1029
2610,華航,27,15,12,合庫-鳳山,2023-11-17,1029
00927,群益半導體收益,10,0,10,合庫-鳳山,2023-11-17,1029
00712,復華富時不動產,22,12,10,合庫-鳳山,2023-11-17,1029
00642U,期元大S＆P石油,10,0,10,合庫-鳳山,2023-11-17,1029
2314,台揚,10,0,10,合庫-鳳山,2023-11-17,1029
2369,菱生,11,1,10,合庫-鳳山,2023-11-17,1029
6609,瀧澤科,10,0,10,合庫-鳳山,2023-11-17,1029
8101,華冠,10,0,10,合庫-鳳山,2023-11-17,1029
0056,元大高股息,16,6,10,合庫-鳳山,2023-11-17,1029
00929,復華台灣科技優息,46,37,9,合庫-鳳山,2023-11-17,1029
6016,康和證,10,1,9,合庫-鳳山,2023-11-17,1029
00878,國泰永續高股息,25,16,9,合庫-鳳山,2023-11-17,1029
1815,富喬,14,6,8,合庫-鳳山,2023-11-17,1029
2014,中鴻,8,0,8,合庫-鳳山,2023-11-17,1029
2376,技嘉,29,22,7,合庫-鳳山,2023-11-17,1029
00720B,元大投資級公司債,7,0,7,合庫-鳳山,2023-11-17,1029
6118,建達,10,3,7,合庫-鳳山,2023-11-17,1029
2006,東和鋼鐵,6,0,6,合庫-鳳山,2023-11-17,1029
4714,永捷,6,0,6,合庫-鳳山,2023-11-17,1029
5203,訊連,6,0,6,合庫-鳳山,2023-11-17,1029
6214,精誠,6,0,6,合庫-鳳山,2023-11-17,1029
6753,龍德造船,6,0,6,合庫-鳳山,2023-11-17,1029
8422,可寧衛,6,0,6,合庫-鳳山,2023-11-17,1029
00885,富邦越南,5,0,5,合庫-鳳山,2023-11-17,1029
00891,中信關鍵半導體,5,0,5,合庫-鳳山,2023-11-17,1029
00772B,中信高評級公司債,5,0,5,合庫-鳳山,2023-11-17,1029
1471,首利,5,0,5,合庫-鳳山,2023-11-17,1029
1524,耿鼎,5,0,5,合庫-鳳山,2023-11-17,1029
2636,台驊控股,5,0,5,合庫-鳳山,2023-11-17,1029
2883,凱基金,106,0,106,合庫-鳳山,2023-11-20,1029
6179,亞通,97,0,97,合庫-鳳山,2023-11-20,1029
00929,復華台灣科技優息,145,82,63,合庫-鳳山,2023-11-20,1029
2610,華航,68,11,57,合庫-鳳山,2023-11-20,1029
5469,瀚宇博,52,1,51,合庫-鳳山,2023-11-20,1029
00878,國泰永續高股息,48,14,34,合庫-鳳山,2023-11-20,1029
00632R,元大台灣50反1,30,0,30,合庫-鳳山,2023-11-20,1029
2014,中鴻,38,10,28,合庫-鳳山,2023-11-20,1029
9945,潤泰新,27,0,27,合庫-鳳山,2023-11-20,1029
2363,矽統,45,22,23,合庫-鳳山,2023-11-20,1029
9105,泰金寶-DR,23,0,23,合庫-鳳山,2023-11-20,1029
00923,群益台ESG低碳50,32,10,22,合庫-鳳山,2023-11-20,1029
2317,鴻海,23,2,21,合庫-鳳山,2023-11-20,1029
2633,台灣高鐵,20,0,20,合庫-鳳山,2023-11-20,1029
00687B,國泰20年美債,20,0,20,合庫-鳳山,2023-11-20,1029
00637L,元大滬深300正2,119,100,19,合庫-鳳山,2023-11-20,1029
2338,光罩,19,0,19,合庫-鳳山,2023-11-20,1029
8908,欣雄,19,0,19,合庫-鳳山,2023-11-20,1029
6127,九豪,20,2,18,合庫-鳳山,2023-11-20,1029
1101,台泥,18,1,17,合庫-鳳山,2023-11-20,1029
8358,金居,21,5,16,合庫-鳳山,2023-11-20,1029
00679B,元大美債20年,15,0,15,合庫-鳳山,2023-11-20,1029
00857B,永豐20年美公債,12,0,12,合庫-鳳山,2023-11-20,1029
2356,英業達,14,2,12,合庫-鳳山,2023-11-20,1029
5203,訊連,12,0,12,合庫-鳳山,2023-11-20,1029
2543,皇昌,14,3,11,合庫-鳳山,2023-11-20,1029
1524,耿鼎,16,6,10,合庫-鳳山,2023-11-20,1029
2323,中環,10,0,10,合庫-鳳山,2023-11-20,1029
3035,智原,23,13,10,合庫-鳳山,2023-11-20,1029
3058,立德,10,0,10,合庫-鳳山,2023-11-20,1029
6443,元晶,16,6,10,合庫-鳳山,2023-11-20,1029
8044,網家,10,0,10,合庫-鳳山,2023-11-20,1029
6243,迅杰,13,4,9,合庫-鳳山,2023-11-20,1029
2885,元大金,8,0,8,合庫-鳳山,2023-11-20,1029
00931B,統一美債20年,8,0,8,合庫-鳳山,2023-11-20,1029
1339,昭輝,8,0,8,合庫-鳳山,2023-11-20,1029
5347,世界,11,3,8,合庫-鳳山,2023-11-20,1029
6168,宏齊,12,4,8,合庫-鳳山,2023-11-20,1029
6589,台康生技,9,1,8,合庫-鳳山,2023-11-20,1029
6719,力智,12,4,8,合庫-鳳山,2023-11-20,1029
9955,佳龍,8,0,8,合庫-鳳山,2023-11-20,1029
2731,雄獅,8,0,8,合庫-鳳山,2023-11-20,1029
2344,華邦電,44,37,7,合庫-鳳山,2023-11-20,1029
4714,永捷,10,3,7,合庫-鳳山,2023-11-20,1029
6196,帆宣,7,0,7,合庫-鳳山,2023-11-20,1029
3013,晟銘電,10,4,6,合庫-鳳山,2023-11-20,1029
00888,永豐台灣ESG,6,0,6,合庫-鳳山,2023-11-20,1029
3265,台星科,6,0,6,合庫-鳳山,2023-11-20,1029
6197,佳必琪,6,0,6,合庫-鳳山,2023-11-20,1029
2201,裕隆,5,0,5,合庫-鳳山,2023-11-20,1029
00632R,元大台灣50反1,1815,0,1815,合庫-鳳山,2023-11-21,1029
00929,復華台灣科技優息,187,31,156,合庫-鳳山,2023-11-21,1029
00650L,復華香港正2,80,10,70,合庫-鳳山,2023-11-21,1029
2338,光罩,126,60,66,合庫-鳳山,2023-11-21,1029
5469,瀚宇博,60,2,58,合庫-鳳山,2023-11-21,1029
00669R,國泰美國道瓊反1,50,0,50,合庫-鳳山,2023-11-21,1029
00665L,富邦�琤肭磪囓�2,101,52,49,合庫-鳳山,2023-11-21,1029
1714,和桐,50,1,49,合庫-鳳山,2023-11-21,1029
2363,矽統,109,66,43,合庫-鳳山,2023-11-21,1029
5351,鈺創,68,27,41,合庫-鳳山,2023-11-21,1029
00933B,國泰10Y+金融債,40,0,40,合庫-鳳山,2023-11-21,1029
00934,中信成長高股息,45,7,38,合庫-鳳山,2023-11-21,1029
2855,統一證,30,0,30,合庫-鳳山,2023-11-21,1029
2915,潤泰全,30,0,30,合庫-鳳山,2023-11-21,1029
2303,聯電,37,7,30,合庫-鳳山,2023-11-21,1029
2329,華泰,35,11,24,合庫-鳳山,2023-11-21,1029
00712,復華富時不動產,22,0,22,合庫-鳳山,2023-11-21,1029
00788B,元大10年IG電能債,20,0,20,合庫-鳳山,2023-11-21,1029
00885,富邦越南,20,0,20,合庫-鳳山,2023-11-21,1029
1603,華電,20,0,20,合庫-鳳山,2023-11-21,1029
6133,金橋,20,0,20,合庫-鳳山,2023-11-21,1029
2421,建準,31,13,18,合庫-鳳山,2023-11-21,1029
2313,華通,83,65,18,合庫-鳳山,2023-11-21,1029
3576,聯合再生,20,3,17,合庫-鳳山,2023-11-21,1029
1524,耿鼎,21,5,16,合庫-鳳山,2023-11-21,1029
3715,定穎投控,20,4,16,合庫-鳳山,2023-11-21,1029
3189,景碩,21,6,15,合庫-鳳山,2023-11-21,1029
00936,台新永續高息中小,15,0,15,合庫-鳳山,2023-11-21,1029
8112,至上,15,0,15,合庫-鳳山,2023-11-21,1029
2486,一詮,14,0,14,合庫-鳳山,2023-11-21,1029
3176,基亞,14,0,14,合庫-鳳山,2023-11-21,1029
2634,漢翔,13,0,13,合庫-鳳山,2023-11-21,1029
2415,錩新,12,0,12,合庫-鳳山,2023-11-21,1029
6257,矽格,24,12,12,合庫-鳳山,2023-11-21,1029
2355,敬鵬,21,9,12,合庫-鳳山,2023-11-21,1029
00882,中信中國高股息,21,10,11,合庫-鳳山,2023-11-21,1029
6188,廣明,13,2,11,合庫-鳳山,2023-11-21,1029
9955,佳龍,11,0,11,合庫-鳳山,2023-11-21,1029
00676R,富邦臺灣加權反1,10,0,10,合庫-鳳山,2023-11-21,1029
00655L,國泰中國A50正2,10,0,10,合庫-鳳山,2023-11-21,1029
3041,揚智,24,14,10,合庫-鳳山,2023-11-21,1029
3202,樺晟,10,0,10,合庫-鳳山,2023-11-21,1029
5471,松翰,10,0,10,合庫-鳳山,2023-11-21,1029
8996,高力,11,1,10,合庫-鳳山,2023-11-21,1029
00907,永豐優息存股,10,1,9,合庫-鳳山,2023-11-21,1029
1504,東元,10,1,9,合庫-鳳山,2023-11-21,1029
9904,寶成,10,1,9,合庫-鳳山,2023-11-21,1029
2630,亞航,10,2,8,合庫-鳳山,2023-11-21,1029
5215,科嘉-KY,8,0,8,合庫-鳳山,2023-11-21,1029
3231,緯創,42,34,8,合庫-鳳山,2023-11-21,1029
00929,復華台灣科技優息,155,5,150,合庫-鳳山,2023-11-22,1029
00673R,期元大S＆P原油反1,119,0,119,合庫-鳳山,2023-11-22,1029
00637L,元大滬深300正2,114,5,109,合庫-鳳山,2023-11-22,1029
00919,群益台灣精選高息,91,2,89,合庫-鳳山,2023-11-22,1029
00715L,期街口布蘭特正2,72,7,65,合庫-鳳山,2023-11-22,1029
2313,華通,73,19,54,合庫-鳳山,2023-11-22,1029
2382,廣達,50,5,45,合庫-鳳山,2023-11-22,1029
3706,神達,45,10,35,合庫-鳳山,2023-11-22,1029
2338,光罩,52,19,33,合庫-鳳山,2023-11-22,1029
8011,台通,35,3,32,合庫-鳳山,2023-11-22,1029
3231,緯創,62,31,31,合庫-鳳山,2023-11-22,1029
5880,合庫金,27,0,27,合庫-鳳山,2023-11-22,1029
2367,燿華,42,17,25,合庫-鳳山,2023-11-22,1029
2002,中鋼,29,7,22,合庫-鳳山,2023-11-22,1029
5203,訊連,22,0,22,合庫-鳳山,2023-11-22,1029
2323,中環,20,0,20,合庫-鳳山,2023-11-22,1029
6196,帆宣,20,0,20,合庫-鳳山,2023-11-22,1029
2023,燁輝,26,7,19,合庫-鳳山,2023-11-22,1029
2353,宏��,23,5,18,合庫-鳳山,2023-11-22,1029
3078,僑威,20,2,18,合庫-鳳山,2023-11-22,1029
2376,技嘉,18,1,17,合庫-鳳山,2023-11-22,1029
2356,英業達,22,5,17,合庫-鳳山,2023-11-22,1029
00934,中信成長高股息,17,1,16,合庫-鳳山,2023-11-22,1029
00905,FT臺灣Smart,15,0,15,合庫-鳳山,2023-11-22,1029
2344,華邦電,20,5,15,合庫-鳳山,2023-11-22,1029
2301,光寶科,16,3,13,合庫-鳳山,2023-11-22,1029
00864B,中信美國公債0-1,12,0,12,合庫-鳳山,2023-11-22,1029
2409,友達,14,2,12,合庫-鳳山,2023-11-22,1029
00888,永豐台灣ESG,11,0,11,合庫-鳳山,2023-11-22,1029
2915,潤泰全,10,0,10,合庫-鳳山,2023-11-22,1029
6005,群益證,10,0,10,合庫-鳳山,2023-11-22,1029
8112,至上,10,0,10,合庫-鳳山,2023-11-22,1029
00680L,元大美債20正2,9,0,9,合庫-鳳山,2023-11-22,1029
2889,國票金,10,1,9,合庫-鳳山,2023-11-22,1029
4933,友輝,10,1,9,合庫-鳳山,2023-11-22,1029
1101,台泥,9,0,9,合庫-鳳山,2023-11-22,1029
00878,國泰永續高股息,69,61,8,合庫-鳳山,2023-11-22,1029
3701,大眾控,10,2,8,合庫-鳳山,2023-11-22,1029
4167,松瑞藥,8,0,8,合庫-鳳山,2023-11-22,1029
3041,揚智,23,15,8,合庫-鳳山,2023-11-22,1029
2402,毅嘉,14,6,8,合庫-鳳山,2023-11-22,1029
2330,台積電,8,1,7,合庫-鳳山,2023-11-22,1029
3122,笙泉,10,3,7,合庫-鳳山,2023-11-22,1029
3163,波若威,8,1,7,合庫-鳳山,2023-11-22,1029
2383,台光電,6,0,6,合庫-鳳山,2023-11-22,1029
2258,鴻華先進-創,6,0,6,合庫-鳳山,2023-11-22,1029
2324,仁寶,6,0,6,合庫-鳳山,2023-11-22,1029
2421,建準,7,1,6,合庫-鳳山,2023-11-22,1029
3047,訊舟,9,3,6,合庫-鳳山,2023-11-22,1029
3363,上詮,11,5,6,合庫-鳳山,2023-11-22,1029
2880,華南金,1863,32,1831,合庫-鳳山,2023-11-23,1029
00687B,國泰20年美債,105,13,92,合庫-鳳山,2023-11-23,1029
2883,凱基金,109,19,90,合庫-鳳山,2023-11-23,1029
2382,廣達,54,4,50,合庫-鳳山,2023-11-23,1029
00878,國泰永續高股息,43,1,42,合庫-鳳山,2023-11-23,1029
5607,遠雄港,35,0,35,合庫-鳳山,2023-11-23,1029
3231,緯創,61,28,33,合庫-鳳山,2023-11-23,1029
6125,廣運,106,73,33,合庫-鳳山,2023-11-23,1029
00919,群益台灣精選高息,32,0,32,合庫-鳳山,2023-11-23,1029
3041,揚智,43,13,30,合庫-鳳山,2023-11-23,1029
6237,驊訊,37,13,24,合庫-鳳山,2023-11-23,1029
2610,華航,33,10,23,合庫-鳳山,2023-11-23,1029
3005,神基,21,3,18,合庫-鳳山,2023-11-23,1029
3483,力致,22,5,17,合庫-鳳山,2023-11-23,1029
2338,光罩,37,20,17,合庫-鳳山,2023-11-23,1029
2344,華邦電,41,24,17,合庫-鳳山,2023-11-23,1029
3437,榮創,16,0,16,合庫-鳳山,2023-11-23,1029
00637L,元大滬深300正2,28,13,15,合庫-鳳山,2023-11-23,1029
2368,金像電,15,0,15,合庫-鳳山,2023-11-23,1029
5521,工信,23,8,15,合庫-鳳山,2023-11-23,1029
2516,新建,14,0,14,合庫-鳳山,2023-11-23,1029
3494,誠研,13,0,13,合庫-鳳山,2023-11-23,1029
5272,笙科,18,5,13,合庫-鳳山,2023-11-23,1029
3234,光環,14,1,13,合庫-鳳山,2023-11-23,1029
1101,台泥,12,0,12,合庫-鳳山,2023-11-23,1029
2606,裕民,12,0,12,合庫-鳳山,2023-11-23,1029
4979,華星光,12,0,12,合庫-鳳山,2023-11-23,1029
6719,力智,31,20,11,合庫-鳳山,2023-11-23,1029
00882,中信中國高股息,11,0,11,合庫-鳳山,2023-11-23,1029
2352,佳世達,13,2,11,合庫-鳳山,2023-11-23,1029
2408,南亞科,11,0,11,合庫-鳳山,2023-11-23,1029
00669R,國泰美國道瓊反1,10,0,10,合庫-鳳山,2023-11-23,1029
4108,懷特,10,0,10,合庫-鳳山,2023-11-23,1029
4951,精拓科,10,0,10,合庫-鳳山,2023-11-23,1029
5203,訊連,10,0,10,合庫-鳳山,2023-11-23,1029
5471,松翰,11,1,10,合庫-鳳山,2023-11-23,1029
5530,龍巖,10,0,10,合庫-鳳山,2023-11-23,1029
6005,群益證,10,0,10,合庫-鳳山,2023-11-23,1029
6139,亞翔,24,14,10,合庫-鳳山,2023-11-23,1029
8927,北基,10,0,10,合庫-鳳山,2023-11-23,1029
2892,第一金,13,3,10,合庫-鳳山,2023-11-23,1029
6282,康舒,29,20,9,合庫-鳳山,2023-11-23,1029
2002,中鋼,10,2,8,合庫-鳳山,2023-11-23,1029
3122,笙泉,31,23,8,合庫-鳳山,2023-11-23,1029
6104,創惟,10,2,8,合庫-鳳山,2023-11-23,1029
1815,富喬,10,2,8,合庫-鳳山,2023-11-23,1029
4746,台耀,10,2,8,合庫-鳳山,2023-11-23,1029
4976,佳凌,8,0,8,合庫-鳳山,2023-11-23,1029
2367,燿華,10,3,7,合庫-鳳山,2023-11-23,1029
2882,國泰金,7,0,7,合庫-鳳山,2023-11-23,1029
2880,華南金,637,0,637,合庫-鳳山,2023-11-24,1029
5469,瀚宇博,53,0,53,合庫-鳳山,2023-11-24,1029
2382,廣達,54,11,43,合庫-鳳山,2023-11-24,1029
3706,神達,60,21,39,合庫-鳳山,2023-11-24,1029
2618,長榮航,38,4,34,合庫-鳳山,2023-11-24,1029
2344,華邦電,44,11,33,合庫-鳳山,2023-11-24,1029
2498,宏達電,35,2,33,合庫-鳳山,2023-11-24,1029
00882,中信中國高股息,30,0,30,合庫-鳳山,2023-11-24,1029
2883,凱基金,48,20,28,合庫-鳳山,2023-11-24,1029
00934,中信成長高股息,27,0,27,合庫-鳳山,2023-11-24,1029
00687B,國泰20年美債,26,0,26,合庫-鳳山,2023-11-24,1029
5351,鈺創,40,18,22,合庫-鳳山,2023-11-24,1029
6235,華孚,20,0,20,合庫-鳳山,2023-11-24,1029
2610,華航,23,4,19,合庫-鳳山,2023-11-24,1029
4931,新盛力,21,2,19,合庫-鳳山,2023-11-24,1029
2888,新光金,33,15,18,合庫-鳳山,2023-11-24,1029
2329,華泰,16,0,16,合庫-鳳山,2023-11-24,1029
3437,榮創,23,8,15,合庫-鳳山,2023-11-24,1029
2002,中鋼,31,17,14,合庫-鳳山,2023-11-24,1029
00679B,元大美債20年,17,6,11,合庫-鳳山,2023-11-24,1029
2884,玉山金,20,9,11,合庫-鳳山,2023-11-24,1029
00900,富邦特選高股息30,11,0,11,合庫-鳳山,2023-11-24,1029
1504,東元,11,0,11,合庫-鳳山,2023-11-24,1029
2374,佳能,11,0,11,合庫-鳳山,2023-11-24,1029
2492,華新科,17,6,11,合庫-鳳山,2023-11-24,1029
3005,神基,31,20,11,合庫-鳳山,2023-11-24,1029
9955,佳龍,11,0,11,合庫-鳳山,2023-11-24,1029
00680L,元大美債20正2,10,0,10,合庫-鳳山,2023-11-24,1029
3060,銘異,10,0,10,合庫-鳳山,2023-11-24,1029
3006,晶豪科,14,4,10,合庫-鳳山,2023-11-24,1029
2363,矽統,24,15,9,合庫-鳳山,2023-11-24,1029
1809,中釉,10,1,9,合庫-鳳山,2023-11-24,1029
2206,三陽工業,9,0,9,合庫-鳳山,2023-11-24,1029
2637,慧洋-KY,9,0,9,合庫-鳳山,2023-11-24,1029
3483,力致,14,5,9,合庫-鳳山,2023-11-24,1029
2891,中信金,8,0,8,合庫-鳳山,2023-11-24,1029
3094,聯傑,28,20,8,合庫-鳳山,2023-11-24,1029
3576,聯合再生,11,3,8,合庫-鳳山,2023-11-24,1029
5009,榮剛,9,1,8,合庫-鳳山,2023-11-24,1029
5272,笙科,8,0,8,合庫-鳳山,2023-11-24,1029
00673R,期元大S＆P原油反1,7,0,7,合庫-鳳山,2023-11-24,1029
6282,康舒,12,5,7,合庫-鳳山,2023-11-24,1029
8054,安國,30,23,7,合庫-鳳山,2023-11-24,1029
3231,緯創,13,6,7,合庫-鳳山,2023-11-24,1029
2356,英業達,12,6,6,合庫-鳳山,2023-11-24,1029
4188,安克,13,7,6,合庫-鳳山,2023-11-24,1029
2352,佳世達,5,0,5,合庫-鳳山,2023-11-24,1029
2417,圓剛,17,12,5,合庫-鳳山,2023-11-24,1029
3029,零壹,5,0,5,合庫-鳳山,2023-11-24,1029
3252,海灣,5,0,5,合庫-鳳山,2023-11-24,1029
2880,華南金,1501,0,1501,合庫-鳳山,2023-11-27,1029
00929,復華台灣科技優息,123,4,119,合庫-鳳山,2023-11-27,1029
00665L,富邦�琤肭磪囓�2,380,300,80,合庫-鳳山,2023-11-27,1029
2374,佳能,48,2,46,合庫-鳳山,2023-11-27,1029
5469,瀚宇博,40,0,40,合庫-鳳山,2023-11-27,1029
1584,精剛,40,1,39,合庫-鳳山,2023-11-27,1029
3706,神達,35,2,33,合庫-鳳山,2023-11-27,1029
3005,神基,32,0,32,合庫-鳳山,2023-11-27,1029
3041,揚智,36,5,31,合庫-鳳山,2023-11-27,1029
00882,中信中國高股息,30,0,30,合庫-鳳山,2023-11-27,1029
00772B,中信高評級公司債,26,0,26,合庫-鳳山,2023-11-27,1029
3576,聯合再生,28,2,26,合庫-鳳山,2023-11-27,1029
2356,英業達,23,0,23,合庫-鳳山,2023-11-27,1029
00715L,期街口布蘭特正2,44,22,22,合庫-鳳山,2023-11-27,1029
00679B,元大美債20年,22,0,22,合庫-鳳山,2023-11-27,1029
5706,鳳凰,23,2,21,合庫-鳳山,2023-11-27,1029
00919,群益台灣精選高息,20,0,20,合庫-鳳山,2023-11-27,1029
00632R,元大台灣50反1,20,0,20,合庫-鳳山,2023-11-27,1029
00936,台新永續高息中小,23,3,20,合庫-鳳山,2023-11-27,1029
3105,穩懋,21,1,20,合庫-鳳山,2023-11-27,1029
3481,群創,22,2,20,合庫-鳳山,2023-11-27,1029
00934,中信成長高股息,19,0,19,合庫-鳳山,2023-11-27,1029
4413,飛寶企業,16,0,16,合庫-鳳山,2023-11-27,1029
6806,森崴能源,17,1,16,合庫-鳳山,2023-11-27,1029
2408,南亞科,16,0,16,合庫-鳳山,2023-11-27,1029
00923,群益台ESG低碳50,15,0,15,合庫-鳳山,2023-11-27,1029
00888,永豐台灣ESG,15,0,15,合庫-鳳山,2023-11-27,1029
3231,緯創,49,34,15,合庫-鳳山,2023-11-27,1029
8086,宏捷科,15,1,14,合庫-鳳山,2023-11-27,1029
2382,廣達,35,22,13,合庫-鳳山,2023-11-27,1029
1815,富喬,14,1,13,合庫-鳳山,2023-11-27,1029
5452,佶優,13,0,13,合庫-鳳山,2023-11-27,1029
00687B,國泰20年美債,14,2,12,合庫-鳳山,2023-11-27,1029
1524,耿鼎,19,7,12,合庫-鳳山,2023-11-27,1029
5203,訊連,12,0,12,合庫-鳳山,2023-11-27,1029
4167,松瑞藥,23,12,11,合庫-鳳山,2023-11-27,1029
6509,聚和,10,0,10,合庫-鳳山,2023-11-27,1029
00681R,元大美債20反1,10,0,10,合庫-鳳山,2023-11-27,1029
00680L,元大美債20正2,10,0,10,合庫-鳳山,2023-11-27,1029
1471,首利,10,0,10,合庫-鳳山,2023-11-27,1029
2028,威致,10,0,10,合庫-鳳山,2023-11-27,1029
2481,強茂,10,0,10,合庫-鳳山,2023-11-27,1029
4108,懷特,10,0,10,合庫-鳳山,2023-11-27,1029
5388,中磊,10,0,10,合庫-鳳山,2023-11-27,1029
6530,創威,10,0,10,合庫-鳳山,2023-11-27,1029
2634,漢翔,11,1,10,合庫-鳳山,2023-11-27,1029
00878,國泰永續高股息,23,13,10,合庫-鳳山,2023-11-27,1029
2457,飛宏,10,1,9,合庫-鳳山,2023-11-27,1029
1752,南光,10,2,8,合庫-鳳山,2023-11-27,1029
2352,佳世達,16,8,8,合庫-鳳山,2023-11-27,1029
00637L,元大滬深300正2,222,2,220,合庫-鳳山,2023-11-28,1029
6158,禾昌,70,0,70,合庫-鳳山,2023-11-28,1029
00712,復華富時不動產,56,4,52,合庫-鳳山,2023-11-28,1029
2498,宏達電,172,140,32,合庫-鳳山,2023-11-28,1029
6120,達運,30,0,30,合庫-鳳山,2023-11-28,1029
5469,瀚宇博,30,2,28,合庫-鳳山,2023-11-28,1029
2883B,凱基金乙特,20,0,20,合庫-鳳山,2023-11-28,1029
2399,映泰,19,0,19,合庫-鳳山,2023-11-28,1029
2353,宏��,25,7,18,合庫-鳳山,2023-11-28,1029
1701,中化,16,1,15,合庫-鳳山,2023-11-28,1029
00931B,統一美債20年,16,1,15,合庫-鳳山,2023-11-28,1029
2630,亞航,20,5,15,合庫-鳳山,2023-11-28,1029
3176,基亞,15,0,15,合庫-鳳山,2023-11-28,1029
6203,海韻電,15,0,15,合庫-鳳山,2023-11-28,1029
5465,富驊,15,1,14,合庫-鳳山,2023-11-28,1029
2006,東和鋼鐵,14,0,14,合庫-鳳山,2023-11-28,1029
3231,緯創,15,1,14,合庫-鳳山,2023-11-28,1029
00772B,中信高評級公司債,15,2,13,合庫-鳳山,2023-11-28,1029
2303,聯電,15,3,12,合庫-鳳山,2023-11-28,1029
00788B,元大10年IG電能債,12,0,12,合庫-鳳山,2023-11-28,1029
2606,裕民,23,11,12,合庫-鳳山,2023-11-28,1029
2612,中航,12,0,12,合庫-鳳山,2023-11-28,1029
5347,世界,11,0,11,合庫-鳳山,2023-11-28,1029
2739,寒舍,11,0,11,合庫-鳳山,2023-11-28,1029
1618,合機,10,0,10,合庫-鳳山,2023-11-28,1029
2515,中工,10,0,10,合庫-鳳山,2023-11-28,1029
2605,新興,40,30,10,合庫-鳳山,2023-11-28,1029
3024,憶聲,10,0,10,合庫-鳳山,2023-11-28,1029
5351,鈺創,13,3,10,合庫-鳳山,2023-11-28,1029
6237,驊訊,10,0,10,合庫-鳳山,2023-11-28,1029
8927,北基,10,0,10,合庫-鳳山,2023-11-28,1029
00919,群益台灣精選高息,11,2,9,合庫-鳳山,2023-11-28,1029
00905,FT臺灣Smart,10,1,9,合庫-鳳山,2023-11-28,1029
2748,雲品,9,0,9,合庫-鳳山,2023-11-28,1029
2382,廣達,14,6,8,合庫-鳳山,2023-11-28,1029
1471,首利,7,0,7,合庫-鳳山,2023-11-28,1029
1795,美時,11,4,7,合庫-鳳山,2023-11-28,1029
2723,美食-KY,7,0,7,合庫-鳳山,2023-11-28,1029
1732,毛寶,6,0,6,合庫-鳳山,2023-11-28,1029
2371,大同,16,10,6,合庫-鳳山,2023-11-28,1029
3260,威剛,6,0,6,合庫-鳳山,2023-11-28,1029
3346,麗清,6,0,6,合庫-鳳山,2023-11-28,1029
9103,美德醫療-DR,6,0,6,合庫-鳳山,2023-11-28,1029
00669R,國泰美國道瓊反1,5,0,5,合庫-鳳山,2023-11-28,1029
3122,笙泉,9,4,5,合庫-鳳山,2023-11-28,1029
5703,亞都,5,0,5,合庫-鳳山,2023-11-28,1029
6026,福邦證,5,0,5,合庫-鳳山,2023-11-28,1029
6243,迅杰,8,3,5,合庫-鳳山,2023-11-28,1029
6282,康舒,6,1,5,合庫-鳳山,2023-11-28,1029
8358,金居,6,1,5,合庫-鳳山,2023-11-28,1029
00637L,元大滬深300正2,195,58,137,合庫-鳳山,2023-11-29,1029
00665L,富邦�琤肭磪囓�2,425,322,103,合庫-鳳山,2023-11-29,1029
5608,四維航,86,2,84,合庫-鳳山,2023-11-29,1029
00720B,元大投資級公司債,60,1,59,合庫-鳳山,2023-11-29,1029
2338,光罩,175,118,57,合庫-鳳山,2023-11-29,1029
2367,燿華,54,1,53,合庫-鳳山,2023-11-29,1029
3028,增你強,50,0,50,合庫-鳳山,2023-11-29,1029
4114,健喬,49,1,48,合庫-鳳山,2023-11-29,1029
00772B,中信高評級公司債,46,0,46,合庫-鳳山,2023-11-29,1029
4188,安克,40,0,40,合庫-鳳山,2023-11-29,1029
2884,玉山金,41,4,37,合庫-鳳山,2023-11-29,1029
00882,中信中國高股息,42,10,32,合庫-鳳山,2023-11-29,1029
2855,統一證,31,0,31,合庫-鳳山,2023-11-29,1029
5469,瀚宇博,30,0,30,合庫-鳳山,2023-11-29,1029
00919,群益台灣精選高息,31,3,28,合庫-鳳山,2023-11-29,1029
00712,復華富時不動產,58,30,28,合庫-鳳山,2023-11-29,1029
8936,國統,44,16,28,合庫-鳳山,2023-11-29,1029
1815,富喬,24,1,23,合庫-鳳山,2023-11-29,1029
2883,凱基金,55,32,23,合庫-鳳山,2023-11-29,1029
6243,迅杰,78,56,22,合庫-鳳山,2023-11-29,1029
00633L,富邦上証正2,21,0,21,合庫-鳳山,2023-11-29,1029
00679B,元大美債20年,20,0,20,合庫-鳳山,2023-11-29,1029
3231,緯創,48,30,18,合庫-鳳山,2023-11-29,1029
6173,信昌電,22,5,17,合庫-鳳山,2023-11-29,1029
1701,中化,20,4,16,合庫-鳳山,2023-11-29,1029
00687B,國泰20年美債,17,2,15,合庫-鳳山,2023-11-29,1029
2421,建準,15,0,15,合庫-鳳山,2023-11-29,1029
2609,陽明,16,1,15,合庫-鳳山,2023-11-29,1029
2383,台光電,13,0,13,合庫-鳳山,2023-11-29,1029
1524,耿鼎,15,2,13,合庫-鳳山,2023-11-29,1029
2618,長榮航,13,0,13,合庫-鳳山,2023-11-29,1029
2363,矽統,13,2,11,合庫-鳳山,2023-11-29,1029
2637,慧洋-KY,13,2,11,合庫-鳳山,2023-11-29,1029
4133,亞諾法,13,2,11,合庫-鳳山,2023-11-29,1029
2836,高雄銀,12,2,10,合庫-鳳山,2023-11-29,1029
3211,順達,10,0,10,合庫-鳳山,2023-11-29,1029
4956,光鋐,10,0,10,合庫-鳳山,2023-11-29,1029
1101,台泥,17,7,10,合庫-鳳山,2023-11-29,1029
2017,官田鋼,10,0,10,合庫-鳳山,2023-11-29,1029
00885,富邦越南,11,2,9,合庫-鳳山,2023-11-29,1029
1312,國喬,9,0,9,合庫-鳳山,2023-11-29,1029
1584,精剛,10,1,9,合庫-鳳山,2023-11-29,1029
1616,億泰,13,4,9,合庫-鳳山,2023-11-29,1029
2425,承啟,10,1,9,合庫-鳳山,2023-11-29,1029
2382,廣達,15,6,9,合庫-鳳山,2023-11-29,1029
2027,大成鋼,11,2,9,合庫-鳳山,2023-11-29,1029
2356,英業達,8,0,8,合庫-鳳山,2023-11-29,1029
00930,永豐ESG低碳高息,8,0,8,合庫-鳳山,2023-11-29,1029
2401,凌陽,8,0,8,合庫-鳳山,2023-11-29,1029
2330,台積電,10,2,8,合庫-鳳山,2023-11-29,1029
2618,長榮航,402,2,400,合庫-鳳山,2023-11-30,1029
1513,中興電,105,4,101,合庫-鳳山,2023-11-30,1029
2338,光罩,197,132,65,合庫-鳳山,2023-11-30,1029
5608,四維航,50,0,50,合庫-鳳山,2023-11-30,1029
00878,國泰永續高股息,73,33,40,合庫-鳳山,2023-11-30,1029
5465,富驊,48,8,40,合庫-鳳山,2023-11-30,1029
3231,緯創,55,16,39,合庫-鳳山,2023-11-30,1029
00772B,中信高評級公司債,33,0,33,合庫-鳳山,2023-11-30,1029
00929,復華台灣科技優息,48,17,31,合庫-鳳山,2023-11-30,1029
6284,佳邦,27,0,27,合庫-鳳山,2023-11-30,1029
00905,FT臺灣Smart,26,0,26,合庫-鳳山,2023-11-30,1029
2889,國票金,25,0,25,合庫-鳳山,2023-11-30,1029
00687B,國泰20年美債,31,8,23,合庫-鳳山,2023-11-30,1029
2867,三商壽,33,10,23,合庫-鳳山,2023-11-30,1029
00680L,元大美債20正2,22,0,22,合庫-鳳山,2023-11-30,1029
6530,創威,25,4,21,合庫-鳳山,2023-11-30,1029
2892,第一金,20,0,20,合庫-鳳山,2023-11-30,1029
00679B,元大美債20年,31,12,19,合庫-鳳山,2023-11-30,1029
5469,瀚宇博,20,2,18,合庫-鳳山,2023-11-30,1029
3704,合勤控,52,36,16,合庫-鳳山,2023-11-30,1029
3317,尼克森,17,2,15,合庫-鳳山,2023-11-30,1029
3322,建舜電,15,0,15,合庫-鳳山,2023-11-30,1029
5347,世界,15,1,14,合庫-鳳山,2023-11-30,1029
6271,同欣電,17,3,14,合庫-鳳山,2023-11-30,1029
8358,金居,14,0,14,合庫-鳳山,2023-11-30,1029
2634,漢翔,13,0,13,合庫-鳳山,2023-11-30,1029
6150,撼訊,34,21,13,合庫-鳳山,2023-11-30,1029
8261,富鼎,13,0,13,合庫-鳳山,2023-11-30,1029
4114,健喬,12,0,12,合庫-鳳山,2023-11-30,1029
00720B,元大投資級公司債,11,0,11,合庫-鳳山,2023-11-30,1029
2002,中鋼,23,12,11,合庫-鳳山,2023-11-30,1029
2331,精英,12,1,11,合庫-鳳山,2023-11-30,1029
00882,中信中國高股息,10,0,10,合庫-鳳山,2023-11-30,1029
1217,愛之味,10,0,10,合庫-鳳山,2023-11-30,1029
2413,環科,10,0,10,合庫-鳳山,2023-11-30,1029
2436,偉詮電,11,1,10,合庫-鳳山,2023-11-30,1029
2605,新興,20,10,10,合庫-鳳山,2023-11-30,1029
3044,健鼎,10,0,10,合庫-鳳山,2023-11-30,1029
5498,凱崴,10,0,10,合庫-鳳山,2023-11-30,1029
2363,矽統,25,15,10,合庫-鳳山,2023-11-30,1029
2603,長榮,11,2,9,合庫-鳳山,2023-11-30,1029
2369,菱生,70,61,9,合庫-鳳山,2023-11-30,1029
2606,裕民,11,2,9,合庫-鳳山,2023-11-30,1029
3209,全科,12,3,9,合庫-鳳山,2023-11-30,1029
2303,聯電,13,5,8,合庫-鳳山,2023-11-30,1029
2201,裕隆,8,0,8,合庫-鳳山,2023-11-30,1029
00931B,統一美債20年,8,1,7,合庫-鳳山,2023-11-30,1029
2332,友訊,11,4,7,合庫-鳳山,2023-11-30,1029
3043,科風,13,6,7,合庫-鳳山,2023-11-30,1029
3545,敦泰,11,4,7,合庫-鳳山,2023-11-30,1029
2618,長榮航,301,0,301,合庫-鳳山,2023-12-01,1029
00637L,元大滬深300正2,208,0,208,合庫-鳳山,2023-12-01,1029
2880,華南金,154,0,154,合庫-鳳山,2023-12-01,1029
00919,群益台灣精選高息,157,9,148,合庫-鳳山,2023-12-01,1029
00715L,期街口布蘭特正2,72,0,72,合庫-鳳山,2023-12-01,1029
2883,凱基金,101,35,66,合庫-鳳山,2023-12-01,1029
00687B,國泰20年美債,63,0,63,合庫-鳳山,2023-12-01,1029
00772B,中信高評級公司債,60,0,60,合庫-鳳山,2023-12-01,1029
2892,第一金,57,0,57,合庫-鳳山,2023-12-01,1029
00878,國泰永續高股息,109,56,53,合庫-鳳山,2023-12-01,1029
2317,鴻海,56,6,50,合庫-鳳山,2023-12-01,1029
00665L,富邦�琤肭磪囓�2,310,270,40,合庫-鳳山,2023-12-01,1029
5880,合庫金,38,3,35,合庫-鳳山,2023-12-01,1029
2371,大同,37,6,31,合庫-鳳山,2023-12-01,1029
2353,宏��,35,4,31,合庫-鳳山,2023-12-01,1029
1584,精剛,32,3,29,合庫-鳳山,2023-12-01,1029
1514,亞力,35,8,27,合庫-鳳山,2023-12-01,1029
00720B,元大投資級公司債,27,0,27,合庫-鳳山,2023-12-01,1029
00935,野村臺灣新科技50,25,0,25,合庫-鳳山,2023-12-01,1029
00929,復華台灣科技優息,27,2,25,合庫-鳳山,2023-12-01,1029
00679B,元大美債20年,24,0,24,合庫-鳳山,2023-12-01,1029
2405,輔信,27,3,24,合庫-鳳山,2023-12-01,1029
4114,健喬,28,4,24,合庫-鳳山,2023-12-01,1029
2359,所羅門,31,8,23,合庫-鳳山,2023-12-01,1029
2834,臺企銀,23,0,23,合庫-鳳山,2023-12-01,1029
4552,力達-KY,21,0,21,合庫-鳳山,2023-12-01,1029
00632R,元大台灣50反1,20,0,20,合庫-鳳山,2023-12-01,1029
00934,中信成長高股息,17,0,17,合庫-鳳山,2023-12-01,1029
4123,晟德,26,10,16,合庫-鳳山,2023-12-01,1029
1101,台泥,15,0,15,合庫-鳳山,2023-12-01,1029
2888,新光金,15,0,15,合庫-鳳山,2023-12-01,1029
00680L,元大美債20正2,13,0,13,合庫-鳳山,2023-12-01,1029
2355,敬鵬,16,3,13,合庫-鳳山,2023-12-01,1029
3701,大眾控,13,0,13,合庫-鳳山,2023-12-01,1029
3231,緯創,55,42,13,合庫-鳳山,2023-12-01,1029
2609,陽明,24,12,12,合庫-鳳山,2023-12-01,1029
8927,北基,12,0,12,合庫-鳳山,2023-12-01,1029
2002,中鋼,32,21,11,合庫-鳳山,2023-12-01,1029
2356,英業達,10,0,10,合庫-鳳山,2023-12-01,1029
9945,潤泰新,11,1,10,合庫-鳳山,2023-12-01,1029
00650L,復華香港正2,10,0,10,合庫-鳳山,2023-12-01,1029
00751B,元大AAA至A公司債,10,0,10,合庫-鳳山,2023-12-01,1029
00933B,國泰10Y+金融債,10,0,10,合庫-鳳山,2023-12-01,1029
5469,瀚宇博,10,0,10,合庫-鳳山,2023-12-01,1029
6259,百徽,10,0,10,合庫-鳳山,2023-12-01,1029
00936,台新永續高息中小,19,10,9,合庫-鳳山,2023-12-01,1029
1714,和桐,10,1,9,合庫-鳳山,2023-12-01,1029
3013,晟銘電,18,9,9,合庫-鳳山,2023-12-01,1029
1582,信錦,24,16,8,合庫-鳳山,2023-12-01,1029
2303,聯電,11,3,8,合庫-鳳山,2023-12-01,1029
00772B,中信高評級公司債,170,5,165,合庫-鳳山,2023-12-04,1029
00637L,元大滬深300正2,159,9,150,合庫-鳳山,2023-12-04,1029
2498,宏達電,119,0,119,合庫-鳳山,2023-12-04,1029
00715L,期街口布蘭特正2,145,35,110,合庫-鳳山,2023-12-04,1029
2323,中環,110,0,110,合庫-鳳山,2023-12-04,1029
6109,亞元,93,0,93,合庫-鳳山,2023-12-04,1029
2855,統一證,62,0,62,合庫-鳳山,2023-12-04,1029
00919,群益台灣精選高息,109,48,61,合庫-鳳山,2023-12-04,1029
3704,合勤控,85,34,51,合庫-鳳山,2023-12-04,1029
00764B,群益25年美債,50,0,50,合庫-鳳山,2023-12-04,1029
00918,大華優利高填息30,49,0,49,合庫-鳳山,2023-12-04,1029
3483,力致,42,2,40,合庫-鳳山,2023-12-04,1029
2371,大同,35,0,35,合庫-鳳山,2023-12-04,1029
3706,神達,35,1,34,合庫-鳳山,2023-12-04,1029
2883,凱基金,52,20,32,合庫-鳳山,2023-12-04,1029
6530,創威,32,0,32,合庫-鳳山,2023-12-04,1029
00922,國泰台灣領袖50,29,0,29,合庫-鳳山,2023-12-04,1029
1504,東元,32,3,29,合庫-鳳山,2023-12-04,1029
00720B,元大投資級公司債,34,6,28,合庫-鳳山,2023-12-04,1029
6235,華孚,30,3,27,合庫-鳳山,2023-12-04,1029
00933B,國泰10Y+金融債,26,0,26,合庫-鳳山,2023-12-04,1029
00934,中信成長高股息,26,0,26,合庫-鳳山,2023-12-04,1029
2376,技嘉,45,22,23,合庫-鳳山,2023-12-04,1029
00712,復華富時不動產,50,27,23,合庫-鳳山,2023-12-04,1029
6257,矽格,24,1,23,合庫-鳳山,2023-12-04,1029
3017,奇鋐,21,0,21,合庫-鳳山,2023-12-04,1029
3715,定穎投控,24,3,21,合庫-鳳山,2023-12-04,1029
6191,精成科,24,3,21,合庫-鳳山,2023-12-04,1029
00885,富邦越南,21,1,20,合庫-鳳山,2023-12-04,1029
2867,三商壽,20,0,20,合庫-鳳山,2023-12-04,1029
00642U,期元大S＆P石油,19,0,19,合庫-鳳山,2023-12-04,1029
4552,力達-KY,20,1,19,合庫-鳳山,2023-12-04,1029
4977,眾達-KY,19,0,19,合庫-鳳山,2023-12-04,1029
3231,緯創,26,8,18,合庫-鳳山,2023-12-04,1029
00882,中信中國高股息,18,0,18,合庫-鳳山,2023-12-04,1029
2329,華泰,62,44,18,合庫-鳳山,2023-12-04,1029
00687B,國泰20年美債,22,5,17,合庫-鳳山,2023-12-04,1029
2363,矽統,33,16,17,合庫-鳳山,2023-12-04,1029
5469,瀚宇博,26,10,16,合庫-鳳山,2023-12-04,1029
5452,佶優,16,1,15,合庫-鳳山,2023-12-04,1029
00900,富邦特選高股息30,15,0,15,合庫-鳳山,2023-12-04,1029
1319,東陽,15,1,14,合庫-鳳山,2023-12-04,1029
1524,耿鼎,14,0,14,合庫-鳳山,2023-12-04,1029
1101,台泥,26,12,14,合庫-鳳山,2023-12-04,1029
6125,廣運,22,9,13,合庫-鳳山,2023-12-04,1029
1514,亞力,17,5,12,合庫-鳳山,2023-12-04,1029
2884,玉山金,16,4,12,合庫-鳳山,2023-12-04,1029
6108,競國,12,0,12,合庫-鳳山,2023-12-04,1029
8210,勤誠,17,5,12,合庫-鳳山,2023-12-04,1029
2331,精英,11,0,11,合庫-鳳山,2023-12-04,1029
00937B,群益ESG投等債20,509,62,447,合庫-鳳山,2023-12-05,1029
00919,群益台灣精選高息,384,9,375,合庫-鳳山,2023-12-05,1029
00772B,中信高評級公司債,319,1,318,合庫-鳳山,2023-12-05,1029
00637L,元大滬深300正2,266,67,199,合庫-鳳山,2023-12-05,1029
00753L,中信中國50正2,100,0,100,合庫-鳳山,2023-12-05,1029
00715L,期街口布蘭特正2,73,0,73,合庫-鳳山,2023-12-05,1029
5469,瀚宇博,72,0,72,合庫-鳳山,2023-12-05,1029
00929,復華台灣科技優息,107,40,67,合庫-鳳山,2023-12-05,1029
2338,光罩,57,0,57,合庫-鳳山,2023-12-05,1029
2883,凱基金,41,0,41,合庫-鳳山,2023-12-05,1029
00687B,國泰20年美債,37,0,37,合庫-鳳山,2023-12-05,1029
6257,矽格,36,1,35,合庫-鳳山,2023-12-05,1029
00934,中信成長高股息,43,11,32,合庫-鳳山,2023-12-05,1029
2610,華航,35,4,31,合庫-鳳山,2023-12-05,1029
3715,定穎投控,33,5,28,合庫-鳳山,2023-12-05,1029
2606,裕民,92,64,28,合庫-鳳山,2023-12-05,1029
00936,台新永續高息中小,26,0,26,合庫-鳳山,2023-12-05,1029
4167,松瑞藥,42,16,26,合庫-鳳山,2023-12-05,1029
3380,明泰,30,6,24,合庫-鳳山,2023-12-05,1029
2609,陽明,29,7,22,合庫-鳳山,2023-12-05,1029
2368,金像電,23,1,22,合庫-鳳山,2023-12-05,1029
2601,益航,24,2,22,合庫-鳳山,2023-12-05,1029
3231,緯創,34,14,20,合庫-鳳山,2023-12-05,1029
2303,聯電,20,2,18,合庫-鳳山,2023-12-05,1029
00679B,元大美債20年,17,0,17,合庫-鳳山,2023-12-05,1029
00935,野村臺灣新科技50,16,0,16,合庫-鳳山,2023-12-05,1029
2376,技嘉,38,22,16,合庫-鳳山,2023-12-05,1029
00669R,國泰美國道瓊反1,15,0,15,合庫-鳳山,2023-12-05,1029
1605,華新,14,0,14,合庫-鳳山,2023-12-05,1029
00642U,期元大S＆P石油,13,0,13,合庫-鳳山,2023-12-05,1029
2607,榮運,15,2,13,合庫-鳳山,2023-12-05,1029
00918,大華優利高填息30,12,0,12,合庫-鳳山,2023-12-05,1029
2344,華邦電,21,10,11,合庫-鳳山,2023-12-05,1029
4173,久裕,11,0,11,合庫-鳳山,2023-12-05,1029
9103,美德醫療-DR,10,0,10,合庫-鳳山,2023-12-05,1029
00734B,台新JPM新興債,10,0,10,合庫-鳳山,2023-12-05,1029
00671R,富邦NASDAQ反1,10,0,10,合庫-鳳山,2023-12-05,1029
00650L,復華香港正2,10,0,10,合庫-鳳山,2023-12-05,1029
00931B,統一美債20年,11,1,10,合庫-鳳山,2023-12-05,1029
2377,微星,10,0,10,合庫-鳳山,2023-12-05,1029
2413,環科,10,0,10,合庫-鳳山,2023-12-05,1029
3013,晟銘電,17,7,10,合庫-鳳山,2023-12-05,1029
5452,佶優,10,0,10,合庫-鳳山,2023-12-05,1029
8049,晶采,10,0,10,合庫-鳳山,2023-12-05,1029
3706,神達,11,2,9,合庫-鳳山,2023-12-05,1029
2363,矽統,56,47,9,合庫-鳳山,2023-12-05,1029
5521,工信,11,2,9,合庫-鳳山,2023-12-05,1029
5603,陸海,10,1,9,合庫-鳳山,2023-12-05,1029
6625,必應,9,0,9,合庫-鳳山,2023-12-05,1029
8088,品安,13,4,9,合庫-鳳山,2023-12-05,1029
00919,群益台灣精選高息,312,35,277,合庫-鳳山,2023-12-06,1029
00637L,元大滬深300正2,295,130,165,合庫-鳳山,2023-12-06,1029
00937B,群益ESG投等債20,174,21,153,合庫-鳳山,2023-12-06,1029
00933B,國泰10Y+金融債,116,2,114,合庫-鳳山,2023-12-06,1029
00680L,元大美債20正2,77,1,76,合庫-鳳山,2023-12-06,1029
2367,燿華,66,9,57,合庫-鳳山,2023-12-06,1029
2371,大同,42,1,41,合庫-鳳山,2023-12-06,1029
5351,鈺創,41,2,39,合庫-鳳山,2023-12-06,1029
8088,品安,62,25,37,合庫-鳳山,2023-12-06,1029
00679B,元大美債20年,38,2,36,合庫-鳳山,2023-12-06,1029
2211,長榮鋼,30,1,29,合庫-鳳山,2023-12-06,1029
00715L,期街口布蘭特正2,52,25,27,合庫-鳳山,2023-12-06,1029
2888,新光金,25,0,25,合庫-鳳山,2023-12-06,1029
00931B,統一美債20年,23,1,22,合庫-鳳山,2023-12-06,1029
00918,大華優利高填息30,21,0,21,合庫-鳳山,2023-12-06,1029
2022,聚亨,21,0,21,合庫-鳳山,2023-12-06,1029
2355,敬鵬,45,24,21,合庫-鳳山,2023-12-06,1029
1718,中纖,50,30,20,合庫-鳳山,2023-12-06,1029
1503,士電,30,12,18,合庫-鳳山,2023-12-06,1029
2338,光罩,74,56,18,合庫-鳳山,2023-12-06,1029
00633L,富邦上証正2,17,0,17,合庫-鳳山,2023-12-06,1029
00687B,國泰20年美債,21,5,16,合庫-鳳山,2023-12-06,1029
00688L,國泰20年美債正2,16,0,16,合庫-鳳山,2023-12-06,1029
00650L,復華香港正2,15,0,15,合庫-鳳山,2023-12-06,1029
4167,松瑞藥,33,18,15,合庫-鳳山,2023-12-06,1029
8071,能率網通,16,2,14,合庫-鳳山,2023-12-06,1029
3481,群創,31,18,13,合庫-鳳山,2023-12-06,1029
3050,鈺德,24,11,13,合庫-鳳山,2023-12-06,1029
2892,第一金,12,0,12,合庫-鳳山,2023-12-06,1029
2492,華新科,18,6,12,合庫-鳳山,2023-12-06,1029
2520,冠德,12,0,12,合庫-鳳山,2023-12-06,1029
1616,億泰,13,2,11,合庫-鳳山,2023-12-06,1029
3176,基亞,11,0,11,合庫-鳳山,2023-12-06,1029
6125,廣運,12,1,11,合庫-鳳山,2023-12-06,1029
00720B,元大投資級公司債,11,1,10,合庫-鳳山,2023-12-06,1029
00655L,國泰中國A50正2,10,0,10,合庫-鳳山,2023-12-06,1029
3322,建舜電,10,0,10,合庫-鳳山,2023-12-06,1029
4931,新盛力,10,0,10,合庫-鳳山,2023-12-06,1029
6547,高端疫苗,10,0,10,合庫-鳳山,2023-12-06,1029
8927,北基,10,0,10,合庫-鳳山,2023-12-06,1029
6531,愛普*,11,2,9,合庫-鳳山,2023-12-06,1029
00642U,期元大S＆P石油,9,0,9,合庫-鳳山,2023-12-06,1029
00753L,中信中國50正2,11,2,9,合庫-鳳山,2023-12-06,1029
1752,南光,8,0,8,合庫-鳳山,2023-12-06,1029
6148,驊宏資,10,2,8,合庫-鳳山,2023-12-06,1029
6161,捷波,8,0,8,合庫-鳳山,2023-12-06,1029
00882,中信中國高股息,7,0,7,合庫-鳳山,2023-12-06,1029
4162,智擎,7,0,7,合庫-鳳山,2023-12-06,1029
6213,聯茂,10,3,7,合庫-鳳山,2023-12-06,1029
6510,精測,7,0,7,合庫-鳳山,2023-12-06,1029
00937B,群益ESG投等債20,457,41,416,合庫-鳳山,2023-12-07,1029
00679B,元大美債20年,247,47,200,合庫-鳳山,2023-12-07,1029
00919,群益台灣精選高息,151,1,150,合庫-鳳山,2023-12-07,1029
2498,宏達電,169,35,134,合庫-鳳山,2023-12-07,1029
2605,新興,139,9,130,合庫-鳳山,2023-12-07,1029
00753L,中信中國50正2,118,0,118,合庫-鳳山,2023-12-07,1029
2630,亞航,102,1,101,合庫-鳳山,2023-12-07,1029
00931B,統一美債20年,89,1,88,合庫-鳳山,2023-12-07,1029
8088,品安,97,22,75,合庫-鳳山,2023-12-07,1029
00715L,期街口布蘭特正2,107,60,47,合庫-鳳山,2023-12-07,1029
3715,定穎投控,63,18,45,合庫-鳳山,2023-12-07,1029
00933B,國泰10Y+金融債,43,0,43,合庫-鳳山,2023-12-07,1029
2603,長榮,41,0,41,合庫-鳳山,2023-12-07,1029
2363,矽統,60,20,40,合庫-鳳山,2023-12-07,1029
6757,台灣虎航,40,1,39,合庫-鳳山,2023-12-07,1029
00929,復華台灣科技優息,64,27,37,合庫-鳳山,2023-12-07,1029
3231,緯創,106,69,37,合庫-鳳山,2023-12-07,1029
00687B,國泰20年美債,90,53,37,合庫-鳳山,2023-12-07,1029
6179,亞通,33,0,33,合庫-鳳山,2023-12-07,1029
00882,中信中國高股息,26,0,26,合庫-鳳山,2023-12-07,1029
2303,聯電,25,0,25,合庫-鳳山,2023-12-07,1029
2609,陽明,28,3,25,合庫-鳳山,2023-12-07,1029
2355,敬鵬,32,9,23,合庫-鳳山,2023-12-07,1029
3260,威剛,23,0,23,合庫-鳳山,2023-12-07,1029
3483,力致,22,0,22,合庫-鳳山,2023-12-07,1029
6120,達運,20,0,20,合庫-鳳山,2023-12-07,1029
00632R,元大台灣50反1,20,0,20,合庫-鳳山,2023-12-07,1029
2317,鴻海,23,4,19,合庫-鳳山,2023-12-07,1029
2388,威盛,33,15,18,合庫-鳳山,2023-12-07,1029
6117,迎廣,28,10,18,合庫-鳳山,2023-12-07,1029
3041,揚智,57,39,18,合庫-鳳山,2023-12-07,1029
2618,長榮航,49,32,17,合庫-鳳山,2023-12-07,1029
00642U,期元大S＆P石油,15,0,15,合庫-鳳山,2023-12-07,1029
00680L,元大美債20正2,38,23,15,合庫-鳳山,2023-12-07,1029
2882,國泰金,13,0,13,合庫-鳳山,2023-12-07,1029
2324,仁寶,16,3,13,合庫-鳳山,2023-12-07,1029
2344,華邦電,13,0,13,合庫-鳳山,2023-12-07,1029
1522,堤維西,15,4,11,合庫-鳳山,2023-12-07,1029
2354,鴻準,11,0,11,合庫-鳳山,2023-12-07,1029
5258,虹堡,11,0,11,合庫-鳳山,2023-12-07,1029
3228,金麗科,10,0,10,合庫-鳳山,2023-12-07,1029
00688L,國泰20年美債正2,10,0,10,合庫-鳳山,2023-12-07,1029
00862B,中信投資級公司債,10,0,10,合庫-鳳山,2023-12-07,1029
00654R,富邦印度反1,10,0,10,合庫-鳳山,2023-12-07,1029
00650L,復華香港正2,10,0,10,合庫-鳳山,2023-12-07,1029
00641R,富邦日本反1,10,0,10,合庫-鳳山,2023-12-07,1029
1314,中石化,10,0,10,合庫-鳳山,2023-12-07,1029
1612,宏泰,10,0,10,合庫-鳳山,2023-12-07,1029
1616,億泰,14,4,10,合庫-鳳山,2023-12-07,1029
3704,合勤控,11,1,10,合庫-鳳山,2023-12-07,1029
2618,長榮航,548,48,500,合庫-鳳山,2023-12-08,1029
00919,群益台灣精選高息,213,22,191,合庫-鳳山,2023-12-08,1029
00715L,期街口布蘭特正2,140,30,110,合庫-鳳山,2023-12-08,1029
00632R,元大台灣50反1,100,0,100,合庫-鳳山,2023-12-08,1029
00929,復華台灣科技優息,87,20,67,合庫-鳳山,2023-12-08,1029
00753L,中信中國50正2,48,0,48,合庫-鳳山,2023-12-08,1029
00688L,國泰20年美債正2,40,0,40,合庫-鳳山,2023-12-08,1029
8996,高力,39,1,38,合庫-鳳山,2023-12-08,1029
00937B,群益ESG投等債20,32,1,31,合庫-鳳山,2023-12-08,1029
00680L,元大美債20正2,29,0,29,合庫-鳳山,2023-12-08,1029
00687B,國泰20年美債,31,6,25,合庫-鳳山,2023-12-08,1029
00931B,統一美債20年,24,0,24,合庫-鳳山,2023-12-08,1029
1815,富喬,23,0,23,合庫-鳳山,2023-12-08,1029
00933B,國泰10Y+金融債,21,1,20,合庫-鳳山,2023-12-08,1029
2607,榮運,20,3,17,合庫-鳳山,2023-12-08,1029
2637,慧洋-KY,16,0,16,合庫-鳳山,2023-12-08,1029
3715,定穎投控,29,14,15,合庫-鳳山,2023-12-08,1029
1714,和桐,15,0,15,合庫-鳳山,2023-12-08,1029
3036,文曄,22,7,15,合庫-鳳山,2023-12-08,1029
5258,虹堡,15,0,15,合庫-鳳山,2023-12-08,1029
6558,興能高,12,0,12,合庫-鳳山,2023-12-08,1029
2888,新光金,11,0,11,合庫-鳳山,2023-12-08,1029
00882,中信中國高股息,13,2,11,合庫-鳳山,2023-12-08,1029
3260,威剛,12,1,11,合庫-鳳山,2023-12-08,1029
2915,潤泰全,10,0,10,合庫-鳳山,2023-12-08,1029
00857B,永豐20年美公債,10,0,10,合庫-鳳山,2023-12-08,1029
00641R,富邦日本反1,10,0,10,合庫-鳳山,2023-12-08,1029
00633L,富邦上証正2,10,0,10,合庫-鳳山,2023-12-08,1029
2367,燿華,11,1,10,合庫-鳳山,2023-12-08,1029
2641,正德,15,5,10,合庫-鳳山,2023-12-08,1029
5386,青雲,10,0,10,合庫-鳳山,2023-12-08,1029
5608,四維航,10,0,10,合庫-鳳山,2023-12-08,1029
6757,台灣虎航,10,0,10,合庫-鳳山,2023-12-08,1029
8054,安國,28,18,10,合庫-鳳山,2023-12-08,1029
8087,麗升能源,10,0,10,合庫-鳳山,2023-12-08,1029
1513,中興電,11,3,8,合庫-鳳山,2023-12-08,1029
1605,華新,10,2,8,合庫-鳳山,2023-12-08,1029
00642U,期元大S＆P石油,8,0,8,合庫-鳳山,2023-12-08,1029
2481,強茂,8,0,8,合庫-鳳山,2023-12-08,1029
2739,寒舍,8,0,8,合庫-鳳山,2023-12-08,1029
3078,僑威,29,21,8,合庫-鳳山,2023-12-08,1029
2882,國泰金,8,0,8,合庫-鳳山,2023-12-08,1029
1503,士電,13,6,7,合庫-鳳山,2023-12-08,1029
1603,華電,7,0,7,合庫-鳳山,2023-12-08,1029
5469,瀚宇博,7,0,7,合庫-鳳山,2023-12-08,1029
2376,技嘉,13,6,7,合庫-鳳山,2023-12-08,1029
6443,元晶,11,4,7,合庫-鳳山,2023-12-08,1029
2449,京元電子,6,0,6,合庫-鳳山,2023-12-08,1029
3287,廣寰科,6,0,6,合庫-鳳山,2023-12-08,1029
3706,神達,18,12,6,合庫-鳳山,2023-12-08,1029
00919,群益台灣精選高息,442,99,343,合庫-鳳山,2023-12-11,1029
2618,長榮航,320,0,320,合庫-鳳山,2023-12-11,1029
00712,復華富時不動產,220,5,215,合庫-鳳山,2023-12-11,1029
00665L,富邦�琤肭磪囓�2,401,300,101,合庫-鳳山,2023-12-11,1029
00632R,元大台灣50反1,100,0,100,合庫-鳳山,2023-12-11,1029
00637L,元大滬深300正2,193,100,93,合庫-鳳山,2023-12-11,1029
3260,威剛,74,3,71,合庫-鳳山,2023-12-11,1029
00882,中信中國高股息,65,1,64,合庫-鳳山,2023-12-11,1029
00935,野村臺灣新科技50,56,0,56,合庫-鳳山,2023-12-11,1029
00753L,中信中國50正2,54,0,54,合庫-鳳山,2023-12-11,1029
4744,皇將,50,0,50,合庫-鳳山,2023-12-11,1029
6547,高端疫苗,50,0,50,合庫-鳳山,2023-12-11,1029
1524,耿鼎,55,13,42,合庫-鳳山,2023-12-11,1029
3483,力致,42,0,42,合庫-鳳山,2023-12-11,1029
3704,合勤控,53,12,41,合庫-鳳山,2023-12-11,1029
3078,僑威,39,5,34,合庫-鳳山,2023-12-11,1029
1514,亞力,35,3,32,合庫-鳳山,2023-12-11,1029
6179,亞通,33,1,32,合庫-鳳山,2023-12-11,1029
2412,中華電,30,0,30,合庫-鳳山,2023-12-11,1029
2002,中鋼,28,0,28,合庫-鳳山,2023-12-11,1029
2368,金像電,26,0,26,合庫-鳳山,2023-12-11,1029
2388,威盛,28,2,26,合庫-鳳山,2023-12-11,1029
2609,陽明,59,33,26,合庫-鳳山,2023-12-11,1029
1609,大亞,68,45,23,合庫-鳳山,2023-12-11,1029
2883,凱基金,21,1,20,合庫-鳳山,2023-12-11,1029
6288,聯嘉,16,0,16,合庫-鳳山,2023-12-11,1029
2329,華泰,18,2,16,合庫-鳳山,2023-12-11,1029
00679B,元大美債20年,15,0,15,合庫-鳳山,2023-12-11,1029
2313,華通,15,0,15,合庫-鳳山,2023-12-11,1029
4114,健喬,14,0,14,合庫-鳳山,2023-12-11,1029
3715,定穎投控,16,3,13,合庫-鳳山,2023-12-11,1029
2330,台積電,18,6,12,合庫-鳳山,2023-12-11,1029
2317,鴻海,12,0,12,合庫-鳳山,2023-12-11,1029
6290,良維,15,3,12,合庫-鳳山,2023-12-11,1029
00934,中信成長高股息,12,0,12,合庫-鳳山,2023-12-11,1029
2206,三陽工業,12,0,12,合庫-鳳山,2023-12-11,1029
3703,欣陸,12,0,12,合庫-鳳山,2023-12-11,1029
3041,揚智,28,17,11,合庫-鳳山,2023-12-11,1029
00878,國泰永續高股息,11,1,10,合庫-鳳山,2023-12-11,1029
00893,國泰智能電動車,10,0,10,合庫-鳳山,2023-12-11,1029
00922,國泰台灣領袖50,10,0,10,合庫-鳳山,2023-12-11,1029
00706L,期元大S＆P日圓正2,10,0,10,合庫-鳳山,2023-12-11,1029
3266,昇陽,10,0,10,合庫-鳳山,2023-12-11,1029
3499,環天科,10,0,10,合庫-鳳山,2023-12-11,1029
6266,泰詠,10,0,10,合庫-鳳山,2023-12-11,1029
2323,中環,9,0,9,合庫-鳳山,2023-12-11,1029
5706,鳳凰,10,1,9,合庫-鳳山,2023-12-11,1029
00650L,復華香港正2,8,0,8,合庫-鳳山,2023-12-11,1029
2367,燿華,8,0,8,合庫-鳳山,2023-12-11,1029
4906,正文,8,0,8,合庫-鳳山,2023-12-11,1029
00919,群益台灣精選高息,237,27,210,合庫-鳳山,2023-12-12,1029
00918,大華優利高填息30,196,0,196,合庫-鳳山,2023-12-12,1029
00882,中信中國高股息,165,30,135,合庫-鳳山,2023-12-12,1029
9105,泰金寶-DR,84,1,83,合庫-鳳山,2023-12-12,1029
5381,合正,71,0,71,合庫-鳳山,2023-12-12,1029
2609,陽明,90,25,65,合庫-鳳山,2023-12-12,1029
3260,威剛,71,6,65,合庫-鳳山,2023-12-12,1029
2615,萬海,64,2,62,合庫-鳳山,2023-12-12,1029
2368,金像電,51,0,51,合庫-鳳山,2023-12-12,1029
9949,琉園,51,0,51,合庫-鳳山,2023-12-12,1029
2002,中鋼,48,0,48,合庫-鳳山,2023-12-12,1029
00934,中信成長高股息,47,3,44,合庫-鳳山,2023-12-12,1029
00772B,中信高評級公司債,37,0,37,合庫-鳳山,2023-12-12,1029
00687B,國泰20年美債,34,0,34,合庫-鳳山,2023-12-12,1029
2313,華通,47,16,31,合庫-鳳山,2023-12-12,1029
4114,健喬,32,1,31,合庫-鳳山,2023-12-12,1029
2388,威盛,32,2,30,合庫-鳳山,2023-12-12,1029
3041,揚智,26,0,26,合庫-鳳山,2023-12-12,1029
00931B,統一美債20年,24,0,24,合庫-鳳山,2023-12-12,1029
00706L,期元大S＆P日圓正2,21,0,21,合庫-鳳山,2023-12-12,1029
2883,凱基金,39,20,19,合庫-鳳山,2023-12-12,1029
3033,威健,20,2,18,合庫-鳳山,2023-12-12,1029
00679B,元大美債20年,17,0,17,合庫-鳳山,2023-12-12,1029
3704,合勤控,20,3,17,合庫-鳳山,2023-12-12,1029
2344,華邦電,24,10,14,合庫-鳳山,2023-12-12,1029
00712,復華富時不動產,26,13,13,合庫-鳳山,2023-12-12,1029
2409,友達,13,0,13,合庫-鳳山,2023-12-12,1029
00936,台新永續高息中小,12,0,12,合庫-鳳山,2023-12-12,1029
2890,永豐金,12,0,12,合庫-鳳山,2023-12-12,1029
3703,欣陸,12,0,12,合庫-鳳山,2023-12-12,1029
5452,佶優,12,0,12,合庫-鳳山,2023-12-12,1029
6143,振曜,12,2,10,合庫-鳳山,2023-12-12,1029
00935,野村臺灣新科技50,11,1,10,合庫-鳳山,2023-12-12,1029
2331,精英,10,0,10,合庫-鳳山,2023-12-12,1029
3013,晟銘電,11,1,10,合庫-鳳山,2023-12-12,1029
5515,建國,10,0,10,合庫-鳳山,2023-12-12,1029
1618,合機,33,24,9,合庫-鳳山,2023-12-12,1029
2888,新光金,9,0,9,合庫-鳳山,2023-12-12,1029
2542,興富發,8,0,8,合庫-鳳山,2023-12-12,1029
1524,耿鼎,20,12,8,合庫-鳳山,2023-12-12,1029
00930,永豐ESG低碳高息,8,0,8,合庫-鳳山,2023-12-12,1029
3264,欣銓,8,0,8,合庫-鳳山,2023-12-12,1029
5706,鳳凰,10,2,8,合庫-鳳山,2023-12-12,1029
8996,高力,12,4,8,合庫-鳳山,2023-12-12,1029
4979,華星光,9,2,7,合庫-鳳山,2023-12-12,1029
1603,華電,7,0,7,合庫-鳳山,2023-12-12,1029
2105,正新,8,1,7,合庫-鳳山,2023-12-12,1029
3036,文曄,8,1,7,合庫-鳳山,2023-12-12,1029
5215,科嘉-KY,8,1,7,合庫-鳳山,2023-12-12,1029
6189,豐藝,7,0,7,合庫-鳳山,2023-12-12,1029
00665L,富邦�琤肭磪囓�2,420,10,410,合庫-鳳山,2023-12-13,1029
00715L,期街口布蘭特正2,242,82,160,合庫-鳳山,2023-12-13,1029
00919,群益台灣精選高息,181,76,105,合庫-鳳山,2023-12-13,1029
00753L,中信中國50正2,100,0,100,合庫-鳳山,2023-12-13,1029
00929,復華台灣科技優息,140,40,100,合庫-鳳山,2023-12-13,1029
00918,大華優利高填息30,95,12,83,合庫-鳳山,2023-12-13,1029
00632R,元大台灣50反1,50,0,50,合庫-鳳山,2023-12-13,1029
2731,雄獅,50,0,50,合庫-鳳山,2023-12-13,1029
3704,合勤控,138,88,50,合庫-鳳山,2023-12-13,1029
00687B,國泰20年美債,49,0,49,合庫-鳳山,2023-12-13,1029
2605,新興,46,8,38,合庫-鳳山,2023-12-13,1029
5880,合庫金,38,1,37,合庫-鳳山,2023-12-13,1029
2002,中鋼,33,0,33,合庫-鳳山,2023-12-13,1029
2017,官田鋼,31,0,31,合庫-鳳山,2023-12-13,1029
2891,中信金,40,9,31,合庫-鳳山,2023-12-13,1029
2355,敬鵬,47,17,30,合庫-鳳山,2023-12-13,1029
3499,環天科,30,0,30,合庫-鳳山,2023-12-13,1029
8034,榮群,35,6,29,合庫-鳳山,2023-12-13,1029
2610,華航,30,3,27,合庫-鳳山,2023-12-13,1029
00706L,期元大S＆P日圓正2,20,0,20,合庫-鳳山,2023-12-13,1029
6147,頎邦,23,3,20,合庫-鳳山,2023-12-13,1029
2353,宏��,23,4,19,合庫-鳳山,2023-12-13,1029
2634,漢翔,84,67,17,合庫-鳳山,2023-12-13,1029
4561,健椿,38,21,17,合庫-鳳山,2023-12-13,1029
00637L,元大滬深300正2,16,0,16,合庫-鳳山,2023-12-13,1029
2105,正新,17,1,16,合庫-鳳山,2023-12-13,1029
00882,中信中國高股息,15,0,15,合庫-鳳山,2023-12-13,1029
3325,旭品,15,0,15,合庫-鳳山,2023-12-13,1029
4161,聿新科,14,0,14,合庫-鳳山,2023-12-13,1029
00907,永豐優息存股,12,0,12,合庫-鳳山,2023-12-13,1029
2367,燿華,12,1,11,合庫-鳳山,2023-12-13,1029
3017,奇鋐,11,0,11,合庫-鳳山,2023-12-13,1029
6015,宏遠證,11,0,11,合庫-鳳山,2023-12-13,1029
00642U,期元大S＆P石油,10,0,10,合庫-鳳山,2023-12-13,1029
2201,裕隆,10,0,10,合庫-鳳山,2023-12-13,1029
5388,中磊,13,3,10,合庫-鳳山,2023-12-13,1029
6209,今國光,10,0,10,合庫-鳳山,2023-12-13,1029
6530,創威,10,0,10,合庫-鳳山,2023-12-13,1029
9934,成霖,10,0,10,合庫-鳳山,2023-12-13,1029
2881,富邦金,11,1,10,合庫-鳳山,2023-12-13,1029
2376,技嘉,14,5,9,合庫-鳳山,2023-12-13,1029
6182,合晶,26,17,9,合庫-鳳山,2023-12-13,1029
00933B,國泰10Y+金融債,8,0,8,合庫-鳳山,2023-12-13,1029
1402,遠東新,8,0,8,合庫-鳳山,2023-12-13,1029
2371,大同,9,1,8,合庫-鳳山,2023-12-13,1029
2616,山隆,8,0,8,合庫-鳳山,2023-12-13,1029
4909,新復興,11,3,8,合庫-鳳山,2023-12-13,1029
6282,康舒,8,0,8,合庫-鳳山,2023-12-13,1029
8454,富邦媒,7,0,7,合庫-鳳山,2023-12-13,1029
1325,恆大,7,0,7,合庫-鳳山,2023-12-13,1029
00919,群益台灣精選高息,373,41,332,合庫-鳳山,2023-12-14,1029
2618,長榮航,305,2,303,合庫-鳳山,2023-12-14,1029
00929,復華台灣科技優息,167,44,123,合庫-鳳山,2023-12-14,1029
2324,仁寶,100,14,86,合庫-鳳山,2023-12-14,1029
6147,頎邦,224,141,83,合庫-鳳山,2023-12-14,1029
00712,復華富時不動產,82,18,64,合庫-鳳山,2023-12-14,1029
00937B,群益ESG投等債20,51,0,51,合庫-鳳山,2023-12-14,1029
6026,福邦證,51,0,51,合庫-鳳山,2023-12-14,1029
2002,中鋼,162,117,45,合庫-鳳山,2023-12-14,1029
3715,定穎投控,69,33,36,合庫-鳳山,2023-12-14,1029
6770,力積電,25,2,23,合庫-鳳山,2023-12-14,1029
2368,金像電,32,11,21,合庫-鳳山,2023-12-14,1029
00902,中信電池及儲能,20,0,20,合庫-鳳山,2023-12-14,1029
6161,捷波,20,0,20,合庫-鳳山,2023-12-14,1029
6166,凌華,20,0,20,合庫-鳳山,2023-12-14,1029
5521,工信,58,39,19,合庫-鳳山,2023-12-14,1029
3390,旭軟,17,0,17,合庫-鳳山,2023-12-14,1029
3231,緯創,35,18,17,合庫-鳳山,2023-12-14,1029
2387,精元,19,3,16,合庫-鳳山,2023-12-14,1029
5426,振發,42,26,16,合庫-鳳山,2023-12-14,1029
00933B,國泰10Y+金融債,15,0,15,合庫-鳳山,2023-12-14,1029
2383,台光電,16,1,15,合庫-鳳山,2023-12-14,1029
5452,佶優,15,0,15,合庫-鳳山,2023-12-14,1029
00706L,期元大S＆P日圓正2,14,0,14,合庫-鳳山,2023-12-14,1029
00936,台新永續高息中小,16,2,14,合庫-鳳山,2023-12-14,1029
2408,南亞科,14,1,13,合庫-鳳山,2023-12-14,1029
2637,慧洋-KY,13,0,13,合庫-鳳山,2023-12-14,1029
6122,擎邦,13,0,13,合庫-鳳山,2023-12-14,1029
00918,大華優利高填息30,43,30,13,合庫-鳳山,2023-12-14,1029
1312,國喬,12,0,12,合庫-鳳山,2023-12-14,1029
6189,豐藝,14,2,12,合庫-鳳山,2023-12-14,1029
2425,承啟,13,2,11,合庫-鳳山,2023-12-14,1029
3576,聯合再生,11,0,11,合庫-鳳山,2023-12-14,1029
2603,長榮,14,3,11,合庫-鳳山,2023-12-14,1029
1524,耿鼎,28,17,11,合庫-鳳山,2023-12-14,1029
00671R,富邦NASDAQ反1,10,0,10,合庫-鳳山,2023-12-14,1029
00934,中信成長高股息,25,15,10,合庫-鳳山,2023-12-14,1029
1338,廣華-KY,10,0,10,合庫-鳳山,2023-12-14,1029
2609,陽明,10,0,10,合庫-鳳山,2023-12-14,1029
2745,五福,10,0,10,合庫-鳳山,2023-12-14,1029
6217,中探針,10,0,10,合庫-鳳山,2023-12-14,1029
2355,敬鵬,13,4,9,合庫-鳳山,2023-12-14,1029
3645,達邁,16,7,9,合庫-鳳山,2023-12-14,1029
4420,光明,10,1,9,合庫-鳳山,2023-12-14,1029
8936,國統,15,6,9,合庫-鳳山,2023-12-14,1029
2351,順德,10,2,8,合庫-鳳山,2023-12-14,1029
2610,華航,30,22,8,合庫-鳳山,2023-12-14,1029
2884,玉山金,15,7,8,合庫-鳳山,2023-12-14,1029
3025,星通,19,11,8,合庫-鳳山,2023-12-14,1029
3545,敦泰,8,0,8,合庫-鳳山,2023-12-14,1029
00632R,元大台灣50反1,1013,15,998,合庫-鳳山,2023-12-15,1029
2618,長榮航,602,8,594,合庫-鳳山,2023-12-15,1029
2363,矽統,253,94,159,合庫-鳳山,2023-12-15,1029
00919,群益台灣精選高息,200,45,155,合庫-鳳山,2023-12-15,1029
00687B,國泰20年美債,120,3,117,合庫-鳳山,2023-12-15,1029
2356,英業達,208,104,104,合庫-鳳山,2023-12-15,1029
00637L,元大滬深300正2,275,201,74,合庫-鳳山,2023-12-15,1029
00900,富邦特選高股息30,77,10,67,合庫-鳳山,2023-12-15,1029
00688L,國泰20年美債正2,67,0,67,合庫-鳳山,2023-12-15,1029
5521,工信,83,22,61,合庫-鳳山,2023-12-15,1029
2610,華航,63,3,60,合庫-鳳山,2023-12-15,1029
00923,群益台ESG低碳50,58,3,55,合庫-鳳山,2023-12-15,1029
00680L,元大美債20正2,91,47,44,合庫-鳳山,2023-12-15,1029
2731,雄獅,38,0,38,合庫-鳳山,2023-12-15,1029
3042,晶技,30,1,29,合庫-鳳山,2023-12-15,1029
6015,宏遠證,30,2,28,合庫-鳳山,2023-12-15,1029
00931B,統一美債20年,28,1,27,合庫-鳳山,2023-12-15,1029
2010,春源,26,0,26,合庫-鳳山,2023-12-15,1029
00696B,富邦美債20年,22,0,22,合庫-鳳山,2023-12-15,1029
2605,新興,22,0,22,合庫-鳳山,2023-12-15,1029
2027,大成鋼,30,8,22,合庫-鳳山,2023-12-15,1029
2913,農林,21,0,21,合庫-鳳山,2023-12-15,1029
0056,元大高股息,38,17,21,合庫-鳳山,2023-12-15,1029
00650L,復華香港正2,20,0,20,合庫-鳳山,2023-12-15,1029
2331,精英,21,1,20,合庫-鳳山,2023-12-15,1029
2367,燿華,24,4,20,合庫-鳳山,2023-12-15,1029
2368,金像電,21,2,19,合庫-鳳山,2023-12-15,1029
4906,正文,39,20,19,合庫-鳳山,2023-12-15,1029
6443,元晶,26,8,18,合庫-鳳山,2023-12-15,1029
00679B,元大美債20年,23,5,18,合庫-鳳山,2023-12-15,1029
2354,鴻準,17,0,17,合庫-鳳山,2023-12-15,1029
2801,彰銀,20,3,17,合庫-鳳山,2023-12-15,1029
3017,奇鋐,18,1,17,合庫-鳳山,2023-12-15,1029
6235,華孚,17,1,16,合庫-鳳山,2023-12-15,1029
2388,威盛,28,13,15,合庫-鳳山,2023-12-15,1029
5258,虹堡,15,0,15,合庫-鳳山,2023-12-15,1029
6770,力積電,15,0,15,合庫-鳳山,2023-12-15,1029
00795B,中信美國公債20年,14,0,14,合庫-鳳山,2023-12-15,1029
2206,三陽工業,14,0,14,合庫-鳳山,2023-12-15,1029
3041,揚智,18,4,14,合庫-鳳山,2023-12-15,1029
3231,緯創,19,5,14,合庫-鳳山,2023-12-15,1029
3265,台星科,13,0,13,合庫-鳳山,2023-12-15,1029
2637,慧洋-KY,13,0,13,合庫-鳳山,2023-12-15,1029
3545,敦泰,13,0,13,合庫-鳳山,2023-12-15,1029
2402,毅嘉,13,1,12,合庫-鳳山,2023-12-15,1029
00936,台新永續高息中小,23,11,12,合庫-鳳山,2023-12-15,1029
2211,長榮鋼,13,1,12,合庫-鳳山,2023-12-15,1029
2609,陽明,41,29,12,合庫-鳳山,2023-12-15,1029
5706,鳳凰,12,0,12,合庫-鳳山,2023-12-15,1029
6282,康舒,12,0,12,合庫-鳳山,2023-12-15,1029
00665L,富邦�琤肭磪囓�2,610,100,510,合庫-鳳山,2023-12-18,1029
00679B,元大美債20年,342,13,329,合庫-鳳山,2023-12-18,1029
00919,群益台灣精選高息,217,9,208,合庫-鳳山,2023-12-18,1029
2356,英業達,134,23,111,合庫-鳳山,2023-12-18,1029
2002,中鋼,132,44,88,合庫-鳳山,2023-12-18,1029
2610,華航,75,6,69,合庫-鳳山,2023-12-18,1029
2618,長榮航,88,19,69,合庫-鳳山,2023-12-18,1029
3706,神達,71,11,60,合庫-鳳山,2023-12-18,1029
00931B,統一美債20年,57,0,57,合庫-鳳山,2023-12-18,1029
3289,宜特,50,0,50,合庫-鳳山,2023-12-18,1029
00937B,群益ESG投等債20,96,48,48,合庫-鳳山,2023-12-18,1029
00706L,期元大S＆P日圓正2,45,0,45,合庫-鳳山,2023-12-18,1029
2338,光罩,43,0,43,合庫-鳳山,2023-12-18,1029
00936,台新永續高息中小,66,30,36,合庫-鳳山,2023-12-18,1029
2303,聯電,36,0,36,合庫-鳳山,2023-12-18,1029
4744,皇將,35,0,35,合庫-鳳山,2023-12-18,1029
2731,雄獅,32,0,32,合庫-鳳山,2023-12-18,1029
5608,四維航,34,5,29,合庫-鳳山,2023-12-18,1029
00680L,元大美債20正2,27,0,27,合庫-鳳山,2023-12-18,1029
00935,野村臺灣新科技50,23,0,23,合庫-鳳山,2023-12-18,1029
2505,國揚,23,0,23,合庫-鳳山,2023-12-18,1029
6005,群益證,24,1,23,合庫-鳳山,2023-12-18,1029
2615,萬海,47,25,22,合庫-鳳山,2023-12-18,1029
1709,和益,21,0,21,合庫-鳳山,2023-12-18,1029
00722B,群益投資級電信債,18,0,18,合庫-鳳山,2023-12-18,1029
2014,中鴻,77,59,18,合庫-鳳山,2023-12-18,1029
3234,光環,20,2,18,合庫-鳳山,2023-12-18,1029
5483,中美晶,23,5,18,合庫-鳳山,2023-12-18,1029
00933B,國泰10Y+金融債,15,0,15,合庫-鳳山,2023-12-18,1029
4911,德英,15,0,15,合庫-鳳山,2023-12-18,1029
2367,燿華,15,1,14,合庫-鳳山,2023-12-18,1029
3437,榮創,15,1,14,合庫-鳳山,2023-12-18,1029
1409,新纖,15,2,13,合庫-鳳山,2023-12-18,1029
00720B,元大投資級公司債,12,0,12,合庫-鳳山,2023-12-18,1029
00897,富邦基因免疫生技,12,0,12,合庫-鳳山,2023-12-18,1029
2069,運錩,12,0,12,合庫-鳳山,2023-12-18,1029
2611,志信,13,1,12,合庫-鳳山,2023-12-18,1029
6415,矽力*-KY,13,1,12,合庫-鳳山,2023-12-18,1029
1907,永豐餘,11,0,11,合庫-鳳山,2023-12-18,1029
2023,燁輝,57,46,11,合庫-鳳山,2023-12-18,1029
2312,金寶,13,2,11,合庫-鳳山,2023-12-18,1029
2353,宏��,24,13,11,合庫-鳳山,2023-12-18,1029
3047,訊舟,13,2,11,合庫-鳳山,2023-12-18,1029
3265,台星科,12,1,11,合庫-鳳山,2023-12-18,1029
6101,寬魚國際,11,0,11,合庫-鳳山,2023-12-18,1029
1304,台聚,10,0,10,合庫-鳳山,2023-12-18,1029
3042,晶技,10,0,10,合庫-鳳山,2023-12-18,1029
8112,至上,13,3,10,合庫-鳳山,2023-12-18,1029
8046,南電,13,3,10,合庫-鳳山,2023-12-18,1029
2329,華泰,14,4,10,合庫-鳳山,2023-12-18,1029
2618,長榮航,634,11,623,合庫-鳳山,2023-12-19,1029
00665L,富邦�琤肭磪囓�2,200,0,200,合庫-鳳山,2023-12-19,1029
2412,中華電,150,0,150,合庫-鳳山,2023-12-19,1029
00937B,群益ESG投等債20,116,3,113,合庫-鳳山,2023-12-19,1029
00919,群益台灣精選高息,153,58,95,合庫-鳳山,2023-12-19,1029
00923,群益台ESG低碳50,61,0,61,合庫-鳳山,2023-12-19,1029
00632R,元大台灣50反1,50,0,50,合庫-鳳山,2023-12-19,1029
2609,陽明,119,78,41,合庫-鳳山,2023-12-19,1029
00679B,元大美債20年,45,4,41,合庫-鳳山,2023-12-19,1029
2801,彰銀,38,1,37,合庫-鳳山,2023-12-19,1029
2731,雄獅,41,5,36,合庫-鳳山,2023-12-19,1029
3041,揚智,40,5,35,合庫-鳳山,2023-12-19,1029
00934,中信成長高股息,35,1,34,合庫-鳳山,2023-12-19,1029
2641,正德,31,0,31,合庫-鳳山,2023-12-19,1029
2601,益航,30,0,30,合庫-鳳山,2023-12-19,1029
3005,神基,32,2,30,合庫-鳳山,2023-12-19,1029
2610,華航,29,1,28,合庫-鳳山,2023-12-19,1029
00929,復華台灣科技優息,211,184,27,合庫-鳳山,2023-12-19,1029
00936,台新永續高息中小,26,1,25,合庫-鳳山,2023-12-19,1029
2356,英業達,36,16,20,合庫-鳳山,2023-12-19,1029
2032,新鋼,23,3,20,合庫-鳳山,2023-12-19,1029
2739,寒舍,20,0,20,合庫-鳳山,2023-12-19,1029
4167,松瑞藥,34,14,20,合庫-鳳山,2023-12-19,1029
6235,華孚,28,8,20,合庫-鳳山,2023-12-19,1029
2324,仁寶,26,7,19,合庫-鳳山,2023-12-19,1029
2425,承啟,18,0,18,合庫-鳳山,2023-12-19,1029
2367,燿華,16,0,16,合庫-鳳山,2023-12-19,1029
4908,前鼎,16,0,16,合庫-鳳山,2023-12-19,1029
2303,聯電,18,3,15,合庫-鳳山,2023-12-19,1029
3035,智原,22,7,15,合庫-鳳山,2023-12-19,1029
3706,神達,12,0,12,合庫-鳳山,2023-12-19,1029
3006,晶豪科,13,1,12,合庫-鳳山,2023-12-19,1029
2888,新光金,11,0,11,合庫-鳳山,2023-12-19,1029
3042,晶技,11,0,11,合庫-鳳山,2023-12-19,1029
5351,鈺創,13,2,11,合庫-鳳山,2023-12-19,1029
00671R,富邦NASDAQ反1,10,0,10,合庫-鳳山,2023-12-19,1029
00905,FT臺灣Smart,10,0,10,合庫-鳳山,2023-12-19,1029
1536,和大,10,0,10,合庫-鳳山,2023-12-19,1029
1903,士紙,10,0,10,合庫-鳳山,2023-12-19,1029
3105,穩懋,10,0,10,合庫-鳳山,2023-12-19,1029
8044,網家,10,0,10,合庫-鳳山,2023-12-19,1029
8938,明安,10,0,10,合庫-鳳山,2023-12-19,1029
2038,海光,25,16,9,合庫-鳳山,2023-12-19,1029
6191,精成科,10,1,9,合庫-鳳山,2023-12-19,1029
1815,富喬,8,0,8,合庫-鳳山,2023-12-19,1029
2402,毅嘉,10,2,8,合庫-鳳山,2023-12-19,1029
00918,大華優利高填息30,7,0,7,合庫-鳳山,2023-12-19,1029
00696B,富邦美債20年,7,0,7,合庫-鳳山,2023-12-19,1029
00933B,國泰10Y+金融債,12,5,7,合庫-鳳山,2023-12-19,1029
2007,燁興,10,3,7,合庫-鳳山,2023-12-19,1029
2002,中鋼,172,3,169,合庫-鳳山,2023-12-20,1029
00665L,富邦�琤肭磪囓�2,200,100,100,合庫-鳳山,2023-12-20,1029
00919,群益台灣精選高息,79,5,74,合庫-鳳山,2023-12-20,1029
5515,建國,58,0,58,合庫-鳳山,2023-12-20,1029
00680L,元大美債20正2,55,0,55,合庫-鳳山,2023-12-20,1029
5905,南仁湖,55,0,55,合庫-鳳山,2023-12-20,1029
2371,大同,63,12,51,合庫-鳳山,2023-12-20,1029
3704,合勤控,52,1,51,合庫-鳳山,2023-12-20,1029
3694,海華,35,0,35,合庫-鳳山,2023-12-20,1029
00937B,群益ESG投等債20,67,33,34,合庫-鳳山,2023-12-20,1029
2609,陽明,92,59,33,合庫-鳳山,2023-12-20,1029
00671R,富邦NASDAQ反1,30,0,30,合庫-鳳山,2023-12-20,1029
00918,大華優利高填息30,29,0,29,合庫-鳳山,2023-12-20,1029
2014,中鴻,63,39,24,合庫-鳳山,2023-12-20,1029
00933B,國泰10Y+金融債,21,0,21,合庫-鳳山,2023-12-20,1029
00934,中信成長高股息,28,7,21,合庫-鳳山,2023-12-20,1029
2329,華泰,21,0,21,合庫-鳳山,2023-12-20,1029
2618,長榮航,22,1,21,合庫-鳳山,2023-12-20,1029
2356,英業達,121,102,19,合庫-鳳山,2023-12-20,1029
2009,第一銅,25,6,19,合庫-鳳山,2023-12-20,1029
2882,國泰金,18,0,18,合庫-鳳山,2023-12-20,1029
00632R,元大台灣50反1,18,0,18,合庫-鳳山,2023-12-20,1029
00715L,期街口布蘭特正2,117,99,18,合庫-鳳山,2023-12-20,1029
6182,合晶,17,0,17,合庫-鳳山,2023-12-20,1029
00679B,元大美債20年,19,3,16,合庫-鳳山,2023-12-20,1029
3211,順達,16,3,13,合庫-鳳山,2023-12-20,1029
2358,廷鑫,12,0,12,合庫-鳳山,2023-12-20,1029
5014,建錩,12,0,12,合庫-鳳山,2023-12-20,1029
2201,裕隆,21,10,11,合庫-鳳山,2023-12-20,1029
2383,台光電,11,0,11,合庫-鳳山,2023-12-20,1029
00929,復華台灣科技優息,54,43,11,合庫-鳳山,2023-12-20,1029
2344,華邦電,11,0,11,合庫-鳳山,2023-12-20,1029
3711,日月光投控,12,1,11,合庫-鳳山,2023-12-20,1029
00905,FT臺灣Smart,10,0,10,合庫-鳳山,2023-12-20,1029
00904,新光臺灣半導體30,10,0,10,合庫-鳳山,2023-12-20,1029
2380,虹光,10,0,10,合庫-鳳山,2023-12-20,1029
2886,兆豐金,11,1,10,合庫-鳳山,2023-12-20,1029
4561,健椿,10,0,10,合庫-鳳山,2023-12-20,1029
6592,和潤企業,10,0,10,合庫-鳳山,2023-12-20,1029
00885,富邦越南,11,2,9,合庫-鳳山,2023-12-20,1029
4167,松瑞藥,10,1,9,合庫-鳳山,2023-12-20,1029
00922,國泰台灣領袖50,8,0,8,合庫-鳳山,2023-12-20,1029
3390,旭軟,8,0,8,合庫-鳳山,2023-12-20,1029
00878,國泰永續高股息,16,9,7,合庫-鳳山,2023-12-20,1029
2368,金像電,7,0,7,合庫-鳳山,2023-12-20,1029
3306,鼎天,7,0,7,合庫-鳳山,2023-12-20,1029
4174,浩鼎,7,0,7,合庫-鳳山,2023-12-20,1029
4934,太極,8,1,7,合庫-鳳山,2023-12-20,1029
1907,永豐餘,6,0,6,合庫-鳳山,2023-12-20,1029
2327,國巨,6,0,6,合庫-鳳山,2023-12-20,1029
9105,泰金寶-DR,193,93,100,合庫-鳳山,2023-12-21,1029
2353,宏��,120,22,98,合庫-鳳山,2023-12-21,1029
00688L,國泰20年美債正2,91,0,91,合庫-鳳山,2023-12-21,1029
00753L,中信中國50正2,32,2,30,合庫-鳳山,2023-12-21,1029
3704,合勤控,79,50,29,合庫-鳳山,2023-12-21,1029
2303,聯電,32,3,29,合庫-鳳山,2023-12-21,1029
00937B,群益ESG投等債20,27,0,27,合庫-鳳山,2023-12-21,1029
6182,合晶,27,0,27,合庫-鳳山,2023-12-21,1029
2007,燁興,26,0,26,合庫-鳳山,2023-12-21,1029
00637L,元大滬深300正2,41,17,24,合庫-鳳山,2023-12-21,1029
2412,中華電,22,0,22,合庫-鳳山,2023-12-21,1029
6443,元晶,23,1,22,合庫-鳳山,2023-12-21,1029
00751B,元大AAA至A公司債,22,2,20,合庫-鳳山,2023-12-21,1029
5222,全訊,20,0,20,合庫-鳳山,2023-12-21,1029
00933B,國泰10Y+金融債,18,0,18,合庫-鳳山,2023-12-21,1029
5515,建國,18,0,18,合庫-鳳山,2023-12-21,1029
00680L,元大美債20正2,16,0,16,合庫-鳳山,2023-12-21,1029
2739,寒舍,16,0,16,合庫-鳳山,2023-12-21,1029
2324,仁寶,77,61,16,合庫-鳳山,2023-12-21,1029
2368,金像電,17,2,15,合庫-鳳山,2023-12-21,1029
00931B,統一美債20年,14,0,14,合庫-鳳山,2023-12-21,1029
2371,大同,15,1,14,合庫-鳳山,2023-12-21,1029
9919,康那香,53,39,14,合庫-鳳山,2023-12-21,1029
1466,聚隆,13,0,13,合庫-鳳山,2023-12-21,1029
2888,新光金,24,11,13,合庫-鳳山,2023-12-21,1029
3005,神基,13,0,13,合庫-鳳山,2023-12-21,1029
00679B,元大美債20年,29,17,12,合庫-鳳山,2023-12-21,1029
3105,穩懋,12,0,12,合庫-鳳山,2023-12-21,1029
1536,和大,11,0,11,合庫-鳳山,2023-12-21,1029
2363,矽統,15,4,11,合庫-鳳山,2023-12-21,1029
3035,智原,13,3,10,合庫-鳳山,2023-12-21,1029
00671R,富邦NASDAQ反1,10,0,10,合庫-鳳山,2023-12-21,1029
3305,昇貿,10,0,10,合庫-鳳山,2023-12-21,1029
3499,環天科,10,0,10,合庫-鳳山,2023-12-21,1029
3622,洋華,10,0,10,合庫-鳳山,2023-12-21,1029
4572,駐龍,10,0,10,合庫-鳳山,2023-12-21,1029
2834,臺企銀,10,0,10,合庫-鳳山,2023-12-21,1029
00923,群益台ESG低碳50,13,4,9,合庫-鳳山,2023-12-21,1029
2014,中鴻,53,44,9,合庫-鳳山,2023-12-21,1029
2449,京元電子,11,2,9,合庫-鳳山,2023-12-21,1029
2731,雄獅,9,0,9,合庫-鳳山,2023-12-21,1029
1618,合機,8,0,8,合庫-鳳山,2023-12-21,1029
2331,精英,10,2,8,合庫-鳳山,2023-12-21,1029
2542,興富發,8,0,8,合庫-鳳山,2023-12-21,1029
00934,中信成長高股息,10,3,7,合庫-鳳山,2023-12-21,1029
00922,國泰台灣領袖50,7,0,7,合庫-鳳山,2023-12-21,1029
1504,東元,21,14,7,合庫-鳳山,2023-12-21,1029
2812,台中銀,7,0,7,合庫-鳳山,2023-12-21,1029
8938,明安,7,0,7,合庫-鳳山,2023-12-21,1029
1325,恆大,14,7,7,合庫-鳳山,2023-12-21,1029
2609,陽明,1198,132,1066,合庫-鳳山,2023-12-22,1029
00715L,期街口布蘭特正2,64,6,58,合庫-鳳山,2023-12-22,1029
2337,旺宏,52,1,51,合庫-鳳山,2023-12-22,1029
2888,新光金,51,0,51,合庫-鳳山,2023-12-22,1029
2014,中鴻,55,16,39,合庫-鳳山,2023-12-22,1029
00937B,群益ESG投等債20,38,1,37,合庫-鳳山,2023-12-22,1029
00933B,國泰10Y+金融債,48,15,33,合庫-鳳山,2023-12-22,1029
00918,大華優利高填息30,32,0,32,合庫-鳳山,2023-12-22,1029
5009,榮剛,33,5,28,合庫-鳳山,2023-12-22,1029
2408,南亞科,31,5,26,合庫-鳳山,2023-12-22,1029
00929,復華台灣科技優息,39,13,26,合庫-鳳山,2023-12-22,1029
00919,群益台灣精選高息,32,7,25,合庫-鳳山,2023-12-22,1029
1314,中石化,33,10,23,合庫-鳳山,2023-12-22,1029
00936,台新永續高息中小,22,0,22,合庫-鳳山,2023-12-22,1029
00687B,國泰20年美債,27,5,22,合庫-鳳山,2023-12-22,1029
00688L,國泰20年美債正2,20,0,20,合庫-鳳山,2023-12-22,1029
8011,台通,19,0,19,合庫-鳳山,2023-12-22,1029
00679B,元大美債20年,29,11,18,合庫-鳳山,2023-12-22,1029
2353,宏��,25,9,16,合庫-鳳山,2023-12-22,1029
6550,北極星藥業-KY,20,5,15,合庫-鳳山,2023-12-22,1029
2520,冠德,14,0,14,合庫-鳳山,2023-12-22,1029
00931B,統一美債20年,13,0,13,合庫-鳳山,2023-12-22,1029
2884,玉山金,13,0,13,合庫-鳳山,2023-12-22,1029
4979,華星光,14,2,12,合庫-鳳山,2023-12-22,1029
2356,英業達,26,14,12,合庫-鳳山,2023-12-22,1029
00753L,中信中國50正2,13,2,11,合庫-鳳山,2023-12-22,1029
2615,萬海,74,63,11,合庫-鳳山,2023-12-22,1029
00632R,元大台灣50反1,10,0,10,合庫-鳳山,2023-12-22,1029
00882,中信中國高股息,10,0,10,合庫-鳳山,2023-12-22,1029
2069,運錩,10,0,10,合庫-鳳山,2023-12-22,1029
3622,洋華,11,1,10,合庫-鳳山,2023-12-22,1029
4934,太極,10,0,10,合庫-鳳山,2023-12-22,1029
4967,十銓,15,5,10,合庫-鳳山,2023-12-22,1029
5515,建國,10,0,10,合庫-鳳山,2023-12-22,1029
3231,緯創,79,69,10,合庫-鳳山,2023-12-22,1029
2344,華邦電,12,3,9,合庫-鳳山,2023-12-22,1029
00720B,元大投資級公司債,9,0,9,合庫-鳳山,2023-12-22,1029
00830,國泰費城半導體,10,1,9,合庫-鳳山,2023-12-22,1029
6182,合晶,9,0,9,合庫-鳳山,2023-12-22,1029
00934,中信成長高股息,15,7,8,合庫-鳳山,2023-12-22,1029
2032,新鋼,8,0,8,合庫-鳳山,2023-12-22,1029
2105,正新,8,0,8,合庫-鳳山,2023-12-22,1029
2363,矽統,10,2,8,合庫-鳳山,2023-12-22,1029
6451,訊芯-KY,8,0,8,合庫-鳳山,2023-12-22,1029
8033,雷虎,10,2,8,合庫-鳳山,2023-12-22,1029
2382,廣達,16,9,7,合庫-鳳山,2023-12-22,1029
2324,仁寶,43,36,7,合庫-鳳山,2023-12-22,1029
2492,華新科,7,0,7,合庫-鳳山,2023-12-22,1029
2739,寒舍,7,0,7,合庫-鳳山,2023-12-22,1029
8112,至上,7,0,7,合庫-鳳山,2023-12-22,1029
00665L,富邦�琤肭磪囓�2,100,0,100,合庫-鳳山,2023-12-25,1029
00919,群益台灣精選高息,79,3,76,合庫-鳳山,2023-12-25,1029
00646,元大S＆P500,74,0,74,合庫-鳳山,2023-12-25,1029
2421,建準,75,13,62,合庫-鳳山,2023-12-25,1029
00929,復華台灣科技優息,67,6,61,合庫-鳳山,2023-12-25,1029
2363,矽統,60,1,59,合庫-鳳山,2023-12-25,1029
3438,類比科,43,0,43,合庫-鳳山,2023-12-25,1029
3704,合勤控,40,0,40,合庫-鳳山,2023-12-25,1029
1514,亞力,46,9,37,合庫-鳳山,2023-12-25,1029
2014,中鴻,88,53,35,合庫-鳳山,2023-12-25,1029
00937B,群益ESG投等債20,34,3,31,合庫-鳳山,2023-12-25,1029
2637,慧洋-KY,27,0,27,合庫-鳳山,2023-12-25,1029
5515,建國,25,0,25,合庫-鳳山,2023-12-25,1029
3483,力致,24,0,24,合庫-鳳山,2023-12-25,1029
3306,鼎天,22,0,22,合庫-鳳山,2023-12-25,1029
6550,北極星藥業-KY,24,2,22,合庫-鳳山,2023-12-25,1029
2636,台驊控股,20,0,20,合庫-鳳山,2023-12-25,1029
00904,新光臺灣半導體30,18,0,18,合庫-鳳山,2023-12-25,1029
00918,大華優利高填息30,20,3,17,合庫-鳳山,2023-12-25,1029
2412,中華電,16,0,16,合庫-鳳山,2023-12-25,1029
2324,仁寶,81,67,14,合庫-鳳山,2023-12-25,1029
2618,長榮航,21,7,14,合庫-鳳山,2023-12-25,1029
8096,擎亞,14,0,14,合庫-鳳山,2023-12-25,1029
5309,系統電,14,2,12,合庫-鳳山,2023-12-25,1029
6182,合晶,11,0,11,合庫-鳳山,2023-12-25,1029
8011,台通,12,1,11,合庫-鳳山,2023-12-25,1029
2609,陽明,128,117,11,合庫-鳳山,2023-12-25,1029
2201,裕隆,12,2,10,合庫-鳳山,2023-12-25,1029
2338,光罩,10,0,10,合庫-鳳山,2023-12-25,1029
2516,新建,10,0,10,合庫-鳳山,2023-12-25,1029
3051,力特,10,0,10,合庫-鳳山,2023-12-25,1029
5258,虹堡,10,0,10,合庫-鳳山,2023-12-25,1029
5608,四維航,22,12,10,合庫-鳳山,2023-12-25,1029
6592,和潤企業,10,0,10,合庫-鳳山,2023-12-25,1029
1210,大成,10,1,9,合庫-鳳山,2023-12-25,1029
2883,凱基金,10,1,9,合庫-鳳山,2023-12-25,1029
6271,同欣電,8,0,8,合庫-鳳山,2023-12-25,1029
2498,宏達電,11,3,8,合庫-鳳山,2023-12-25,1029
2601,益航,8,0,8,合庫-鳳山,2023-12-25,1029
3339,泰谷,8,0,8,合庫-鳳山,2023-12-25,1029
8059,凱碩,10,2,8,合庫-鳳山,2023-12-25,1029
00900,富邦特選高股息30,7,0,7,合庫-鳳山,2023-12-25,1029
8054,安國,8,1,7,合庫-鳳山,2023-12-25,1029
8277,商丞,7,0,7,合庫-鳳山,2023-12-25,1029
3022,威強電,7,0,7,合庫-鳳山,2023-12-25,1029
8088,品安,42,36,6,合庫-鳳山,2023-12-25,1029
2515,中工,7,1,6,合庫-鳳山,2023-12-25,1029
3305,昇貿,6,0,6,合庫-鳳山,2023-12-25,1029
3373,熱映,6,0,6,合庫-鳳山,2023-12-25,1029
6257,矽格,6,0,6,合庫-鳳山,2023-12-25,1029
00882,中信中國高股息,102,0,102,合庫-鳳山,2023-12-26,1029
2338,光罩,112,10,102,合庫-鳳山,2023-12-26,1029
00919,群益台灣精選高息,101,7,94,合庫-鳳山,2023-12-26,1029
00632R,元大台灣50反1,78,0,78,合庫-鳳山,2023-12-26,1029
2889,國票金,57,8,49,合庫-鳳山,2023-12-26,1029
6668,中揚光,47,0,47,合庫-鳳山,2023-12-26,1029
2402,毅嘉,44,3,41,合庫-鳳山,2023-12-26,1029
2618,長榮航,41,0,41,合庫-鳳山,2023-12-26,1029
00857B,永豐20年美公債,40,0,40,合庫-鳳山,2023-12-26,1029
2356,英業達,114,76,38,合庫-鳳山,2023-12-26,1029
2014,中鴻,56,20,36,合庫-鳳山,2023-12-26,1029
3438,類比科,50,15,35,合庫-鳳山,2023-12-26,1029
6237,驊訊,35,2,33,合庫-鳳山,2023-12-26,1029
00905,FT臺灣Smart,30,0,30,合庫-鳳山,2023-12-26,1029
00687B,國泰20年美債,29,0,29,合庫-鳳山,2023-12-26,1029
00885,富邦越南,45,21,24,合庫-鳳山,2023-12-26,1029
00915,凱基優選高股息30,21,0,21,合庫-鳳山,2023-12-26,1029
5398,慕康生醫,21,0,21,合庫-鳳山,2023-12-26,1029
00688L,國泰20年美債正2,20,0,20,合庫-鳳山,2023-12-26,1029
2421,建準,25,7,18,合庫-鳳山,2023-12-26,1029
1325,恆大,16,1,15,合庫-鳳山,2023-12-26,1029
00931B,統一美債20年,12,0,12,合庫-鳳山,2023-12-26,1029
00933B,國泰10Y+金融債,10,0,10,合庫-鳳山,2023-12-26,1029
3373,熱映,12,2,10,合庫-鳳山,2023-12-26,1029
6196,帆宣,10,0,10,合庫-鳳山,2023-12-26,1029
00680L,元大美債20正2,9,0,9,合庫-鳳山,2023-12-26,1029
2610,華航,25,16,9,合庫-鳳山,2023-12-26,1029
3704,合勤控,91,82,9,合庫-鳳山,2023-12-26,1029
3363,上詮,8,0,8,合庫-鳳山,2023-12-26,1029
8421,旭源,8,0,8,合庫-鳳山,2023-12-26,1029
8936,國統,16,8,8,合庫-鳳山,2023-12-26,1029
8255,朋程,8,0,8,合庫-鳳山,2023-12-26,1029
3231,緯創,69,62,7,合庫-鳳山,2023-12-26,1029
00934,中信成長高股息,7,0,7,合庫-鳳山,2023-12-26,1029
1609,大亞,7,0,7,合庫-鳳山,2023-12-26,1029
2314,台揚,8,1,7,合庫-鳳山,2023-12-26,1029
2363,矽統,37,30,7,合庫-鳳山,2023-12-26,1029
3178,公準,7,0,7,合庫-鳳山,2023-12-26,1029
9904,寶成,7,0,7,合庫-鳳山,2023-12-26,1029
2308,台達電,7,0,7,合庫-鳳山,2023-12-26,1029
6435,大中,6,0,6,合庫-鳳山,2023-12-26,1029
1519,華城,11,5,6,合庫-鳳山,2023-12-26,1029
2449,京元電子,8,2,6,合庫-鳳山,2023-12-26,1029
2634,漢翔,6,0,6,合庫-鳳山,2023-12-26,1029
5515,建國,6,0,6,合庫-鳳山,2023-12-26,1029
6191,精成科,6,0,6,合庫-鳳山,2023-12-26,1029
6270,倍微,6,0,6,合庫-鳳山,2023-12-26,1029
1308,亞聚,5,0,5,合庫-鳳山,2023-12-26,1029
1513,中興電,5,0,5,合庫-鳳山,2023-12-26,1029
2032,新鋼,5,0,5,合庫-鳳山,2023-12-26,1029
00919,群益台灣精選高息,243,5,238,合庫-鳳山,2023-12-27,1029
00937B,群益ESG投等債20,176,4,172,合庫-鳳山,2023-12-27,1029
00665L,富邦�琤肭磪囓�2,311,210,101,合庫-鳳山,2023-12-27,1029
2405,輔信,105,10,95,合庫-鳳山,2023-12-27,1029
00933B,國泰10Y+金融債,89,12,77,合庫-鳳山,2023-12-27,1029
00633L,富邦上証正2,70,0,70,合庫-鳳山,2023-12-27,1029
00688L,國泰20年美債正2,50,0,50,合庫-鳳山,2023-12-27,1029
8936,國統,50,9,41,合庫-鳳山,2023-12-27,1029
00632R,元大台灣50反1,37,0,37,合庫-鳳山,2023-12-27,1029
00712,復華富時不動產,80,44,36,合庫-鳳山,2023-12-27,1029
00915,凱基優選高股息30,31,0,31,合庫-鳳山,2023-12-27,1029
2609,陽明,87,58,29,合庫-鳳山,2023-12-27,1029
00905,FT臺灣Smart,28,0,28,合庫-鳳山,2023-12-27,1029
00918,大華優利高填息30,26,0,26,合庫-鳳山,2023-12-27,1029
2618,長榮航,25,3,22,合庫-鳳山,2023-12-27,1029
3044,健鼎,21,0,21,合庫-鳳山,2023-12-27,1029
3438,類比科,64,45,19,合庫-鳳山,2023-12-27,1029
2353,宏��,28,10,18,合庫-鳳山,2023-12-27,1029
3532,台勝科,17,0,17,合庫-鳳山,2023-12-27,1029
00885,富邦越南,15,0,15,合庫-鳳山,2023-12-27,1029
9945,潤泰新,16,1,15,合庫-鳳山,2023-12-27,1029
1605,華新,13,0,13,合庫-鳳山,2023-12-27,1029
4979,華星光,13,0,13,合庫-鳳山,2023-12-27,1029
5347,世界,12,0,12,合庫-鳳山,2023-12-27,1029
2344,華邦電,23,12,11,合庫-鳳山,2023-12-27,1029
00931B,統一美債20年,10,0,10,合庫-鳳山,2023-12-27,1029
00934,中信成長高股息,11,1,10,合庫-鳳山,2023-12-27,1029
00706L,期元大S＆P日圓正2,10,0,10,合庫-鳳山,2023-12-27,1029
3303,岱稜,10,0,10,合庫-鳳山,2023-12-27,1029
6547,高端疫苗,10,0,10,合庫-鳳山,2023-12-27,1029
2439,美律,9,0,9,合庫-鳳山,2023-12-27,1029
3078,僑威,9,0,9,合庫-鳳山,2023-12-27,1029
5483,中美晶,10,1,9,合庫-鳳山,2023-12-27,1029
2329,華泰,9,0,9,合庫-鳳山,2023-12-27,1029
00936,台新永續高息中小,8,0,8,合庫-鳳山,2023-12-27,1029
1514,亞力,8,0,8,合庫-鳳山,2023-12-27,1029
2010,春源,8,0,8,合庫-鳳山,2023-12-27,1029
2881,富邦金,8,0,8,合庫-鳳山,2023-12-27,1029
6538,倉和,8,0,8,合庫-鳳山,2023-12-27,1029
8277,商丞,8,0,8,合庫-鳳山,2023-12-27,1029
9105,泰金寶-DR,12,4,8,合庫-鳳山,2023-12-27,1029
00687B,國泰20年美債,7,0,7,合庫-鳳山,2023-12-27,1029
2436,偉詮電,8,1,7,合庫-鳳山,2023-12-27,1029
2027,大成鋼,7,0,7,合庫-鳳山,2023-12-27,1029
00720B,元大投資級公司債,8,2,6,合庫-鳳山,2023-12-27,1029
2492,華新科,6,0,6,合庫-鳳山,2023-12-27,1029
00882,中信中國高股息,6,0,6,合庫-鳳山,2023-12-27,1029
2889,國票金,7,1,6,合庫-鳳山,2023-12-27,1029
6005,群益證,6,0,6,合庫-鳳山,2023-12-27,1029
6282,康舒,6,0,6,合庫-鳳山,2023-12-27,1029
00673R,期元大S＆P原油反1,255,0,255,合庫-鳳山,2023-12-28,1029
00891,中信關鍵半導體,154,0,154,合庫-鳳山,2023-12-28,1029
2324,仁寶,146,29,117,合庫-鳳山,2023-12-28,1029
00937B,群益ESG投等債20,109,1,108,合庫-鳳山,2023-12-28,1029
2362,藍天,102,1,101,合庫-鳳山,2023-12-28,1029
00929,復華台灣科技優息,86,3,83,合庫-鳳山,2023-12-28,1029
6161,捷波,80,0,80,合庫-鳳山,2023-12-28,1029
2603,長榮,54,5,49,合庫-鳳山,2023-12-28,1029
00715L,期街口布蘭特正2,93,50,43,合庫-鳳山,2023-12-28,1029
1312,國喬,42,2,40,合庫-鳳山,2023-12-28,1029
00919,群益台灣精選高息,38,3,35,合庫-鳳山,2023-12-28,1029
00882,中信中國高股息,30,0,30,合庫-鳳山,2023-12-28,1029
2028,威致,30,0,30,合庫-鳳山,2023-12-28,1029
2363,矽統,33,5,28,合庫-鳳山,2023-12-28,1029
2405,輔信,27,3,24,合庫-鳳山,2023-12-28,1029
3706,神達,72,49,23,合庫-鳳山,2023-12-28,1029
2408,南亞科,23,2,21,合庫-鳳山,2023-12-28,1029
3294,英濟,30,10,20,合庫-鳳山,2023-12-28,1029
8936,國統,43,23,20,合庫-鳳山,2023-12-28,1029
2010,春源,20,1,19,合庫-鳳山,2023-12-28,1029
2313,華通,21,2,19,合庫-鳳山,2023-12-28,1029
00712,復華富時不動產,17,0,17,合庫-鳳山,2023-12-28,1029
2609,陽明,50,34,16,合庫-鳳山,2023-12-28,1029
5351,鈺創,24,9,15,合庫-鳳山,2023-12-28,1029
8096,擎亞,15,1,14,合庫-鳳山,2023-12-28,1029
4953,緯軟,18,4,14,合庫-鳳山,2023-12-28,1029
6257,矽格,14,0,14,合庫-鳳山,2023-12-28,1029
2601,益航,13,0,13,合庫-鳳山,2023-12-28,1029
00934,中信成長高股息,12,0,12,合庫-鳳山,2023-12-28,1029
00680L,元大美債20正2,12,0,12,合庫-鳳山,2023-12-28,1029
2353,宏��,36,25,11,合庫-鳳山,2023-12-28,1029
3024,憶聲,11,0,11,合庫-鳳山,2023-12-28,1029
1616,億泰,10,0,10,合庫-鳳山,2023-12-28,1029
2481,強茂,12,2,10,合庫-鳳山,2023-12-28,1029
2637,慧洋-KY,10,0,10,合庫-鳳山,2023-12-28,1029
3044,健鼎,21,11,10,合庫-鳳山,2023-12-28,1029
3576,聯合再生,10,0,10,合庫-鳳山,2023-12-28,1029
4973,廣穎,10,0,10,合庫-鳳山,2023-12-28,1029
1513,中興電,14,5,9,合庫-鳳山,2023-12-28,1029
6284,佳邦,13,4,9,合庫-鳳山,2023-12-28,1029
2421,建準,9,1,8,合庫-鳳山,2023-12-28,1029
00655L,國泰中國A50正2,8,0,8,合庫-鳳山,2023-12-28,1029
2014,中鴻,8,0,8,合庫-鳳山,2023-12-28,1029
3036,文曄,9,1,8,合庫-鳳山,2023-12-28,1029
6191,精成科,8,0,8,合庫-鳳山,2023-12-28,1029
1319,東陽,7,0,7,合庫-鳳山,2023-12-28,1029
3437,榮創,7,0,7,合庫-鳳山,2023-12-28,1029
00918,大華優利高填息30,6,0,6,合庫-鳳山,2023-12-28,1029
1108,幸福,6,0,6,合庫-鳳山,2023-12-28,1029
2449,京元電子,9,3,6,合庫-鳳山,2023-12-28,1029
00929,復華台灣科技優息,149,4,145,合庫-鳳山,2023-12-29,1029
00637L,元大滬深300正2,132,0,132,合庫-鳳山,2023-12-29,1029
00688L,國泰20年美債正2,109,0,109,合庫-鳳山,2023-12-29,1029
00937B,群益ESG投等債20,104,0,104,合庫-鳳山,2023-12-29,1029
1714,和桐,100,0,100,合庫-鳳山,2023-12-29,1029
8477,創業家,90,0,90,合庫-鳳山,2023-12-29,1029
00891,中信關鍵半導體,58,0,58,合庫-鳳山,2023-12-29,1029
2405,輔信,59,3,56,合庫-鳳山,2023-12-29,1029
00715L,期街口布蘭特正2,116,75,41,合庫-鳳山,2023-12-29,1029
00882,中信中國高股息,40,0,40,合庫-鳳山,2023-12-29,1029
3714,富采,40,0,40,合庫-鳳山,2023-12-29,1029
00632R,元大台灣50反1,30,0,30,合庫-鳳山,2023-12-29,1029
1514,亞力,32,3,29,合庫-鳳山,2023-12-29,1029
00680L,元大美債20正2,29,0,29,合庫-鳳山,2023-12-29,1029
00931B,統一美債20年,25,0,25,合庫-鳳山,2023-12-29,1029
3706,神達,29,8,21,合庫-鳳山,2023-12-29,1029
2323,中環,21,0,21,合庫-鳳山,2023-12-29,1029
00915,凱基優選高股息30,20,0,20,合庫-鳳山,2023-12-29,1029
1903,士紙,20,0,20,合庫-鳳山,2023-12-29,1029
00687B,國泰20年美債,18,0,18,合庫-鳳山,2023-12-29,1029
2014,中鴻,18,0,18,合庫-鳳山,2023-12-29,1029
2892,第一金,18,0,18,合庫-鳳山,2023-12-29,1029
2618,長榮航,18,1,17,合庫-鳳山,2023-12-29,1029
4979,華星光,17,1,16,合庫-鳳山,2023-12-29,1029
2329,華泰,16,0,16,合庫-鳳山,2023-12-29,1029
2353,宏��,51,35,16,合庫-鳳山,2023-12-29,1029
00642U,期元大S＆P石油,15,0,15,合庫-鳳山,2023-12-29,1029
3088,艾訊,15,0,15,合庫-鳳山,2023-12-29,1029
2889,國票金,14,0,14,合庫-鳳山,2023-12-29,1029
3260,威剛,20,6,14,合庫-鳳山,2023-12-29,1029
00919,群益台灣精選高息,18,4,14,合庫-鳳山,2023-12-29,1029
1504,東元,16,4,12,合庫-鳳山,2023-12-29,1029
3006,晶豪科,16,6,10,合庫-鳳山,2023-12-29,1029
1605,華新,11,1,10,合庫-鳳山,2023-12-29,1029
2017,官田鋼,10,0,10,合庫-鳳山,2023-12-29,1029
2363,矽統,10,0,10,合庫-鳳山,2023-12-29,1029
2443,昶虹,10,0,10,合庫-鳳山,2023-12-29,1029
2611,志信,10,0,10,合庫-鳳山,2023-12-29,1029
2891,中信金,10,0,10,合庫-鳳山,2023-12-29,1029
2344,華邦電,18,9,9,合庫-鳳山,2023-12-29,1029
8299,群聯,9,0,9,合庫-鳳山,2023-12-29,1029
00905,FT臺灣Smart,8,0,8,合庫-鳳山,2023-12-29,1029
00878,國泰永續高股息,23,15,8,合庫-鳳山,2023-12-29,1029
2331,精英,9,1,8,合庫-鳳山,2023-12-29,1029
2337,旺宏,7,0,7,合庫-鳳山,2023-12-29,1029
2634,漢翔,7,0,7,合庫-鳳山,2023-12-29,1029
6182,合晶,7,0,7,合庫-鳳山,2023-12-29,1029
00753L,中信中國50正2,6,0,6,合庫-鳳山,2023-12-29,1029
1503,士電,11,5,6,合庫-鳳山,2023-12-29,1029
1608,華榮,6,0,6,合庫-鳳山,2023-12-29,1029
00665L,富邦�琤肭磪囓�2,500,0,500,合庫-鳳山,2024-01-02,1029
00937B,群益ESG投等債20,317,0,317,合庫-鳳山,2024-01-02,1029
00929,復華台灣科技優息,90,0,90,合庫-鳳山,2024-01-02,1029
00688L,國泰20年美債正2,65,0,65,合庫-鳳山,2024-01-02,1029
00878,國泰永續高股息,84,26,58,合庫-鳳山,2024-01-02,1029
00919,群益台灣精選高息,64,6,58,合庫-鳳山,2024-01-02,1029
3231,緯創,117,64,53,合庫-鳳山,2024-01-02,1029
00712,復華富時不動產,61,10,51,合庫-鳳山,2024-01-02,1029
5452,佶優,51,0,51,合庫-鳳山,2024-01-02,1029
2382,廣達,50,4,46,合庫-鳳山,2024-01-02,1029
00933B,國泰10Y+金融債,43,0,43,合庫-鳳山,2024-01-02,1029
2376,技嘉,49,9,40,合庫-鳳山,2024-01-02,1029
00680L,元大美債20正2,33,0,33,合庫-鳳山,2024-01-02,1029
2615,萬海,35,3,32,合庫-鳳山,2024-01-02,1029
00931B,統一美債20年,28,0,28,合庫-鳳山,2024-01-02,1029
00637L,元大滬深300正2,26,0,26,合庫-鳳山,2024-01-02,1029
2330,台積電,30,5,25,合庫-鳳山,2024-01-02,1029
3706,神達,32,7,25,合庫-鳳山,2024-01-02,1029
00915,凱基優選高股息30,22,0,22,合庫-鳳山,2024-01-02,1029
00679B,元大美債20年,23,2,21,合庫-鳳山,2024-01-02,1029
6668,中揚光,72,51,21,合庫-鳳山,2024-01-02,1029
2356,英業達,35,15,20,合庫-鳳山,2024-01-02,1029
2634,漢翔,20,0,20,合庫-鳳山,2024-01-02,1029
2801,彰銀,20,0,20,合庫-鳳山,2024-01-02,1029
00715L,期街口布蘭特正2,21,2,19,合庫-鳳山,2024-01-02,1029
1785,光洋科,18,0,18,合庫-鳳山,2024-01-02,1029
2641,正德,55,38,17,合庫-鳳山,2024-01-02,1029
00923,群益台ESG低碳50,14,0,14,合庫-鳳山,2024-01-02,1029
00687B,國泰20年美債,13,0,13,合庫-鳳山,2024-01-02,1029
00935,野村臺灣新科技50,13,0,13,合庫-鳳山,2024-01-02,1029
2408,南亞科,13,0,13,合庫-鳳山,2024-01-02,1029
5351,鈺創,13,0,13,合庫-鳳山,2024-01-02,1029
6118,建達,13,0,13,合庫-鳳山,2024-01-02,1029
2891,中信金,12,0,12,合庫-鳳山,2024-01-02,1029
00891,中信關鍵半導體,12,1,11,合庫-鳳山,2024-01-02,1029
2009,第一銅,11,0,11,合庫-鳳山,2024-01-02,1029
2352,佳世達,15,4,11,合庫-鳳山,2024-01-02,1029
6443,元晶,11,0,11,合庫-鳳山,2024-01-02,1029
6547,高端疫苗,11,0,11,合庫-鳳山,2024-01-02,1029
2363,矽統,11,0,11,合庫-鳳山,2024-01-02,1029
2443,昶虹,10,0,10,合庫-鳳山,2024-01-02,1029
2501,國建,10,0,10,合庫-鳳山,2024-01-02,1029
2515,中工,10,0,10,合庫-鳳山,2024-01-02,1029
2607,榮運,10,0,10,合庫-鳳山,2024-01-02,1029
2642,宅配通,10,0,10,合庫-鳳山,2024-01-02,1029
4533,協易機,10,0,10,合庫-鳳山,2024-01-02,1029
8996,高力,10,0,10,合庫-鳳山,2024-01-02,1029
5301,寶得利,9,0,9,合庫-鳳山,2024-01-02,1029
0056,元大高股息,19,11,8,合庫-鳳山,2024-01-02,1029
3041,揚智,10,2,8,合庫-鳳山,2024-01-02,1029
00929,復華台灣科技優息,342,14,328,合庫-鳳山,2024-01-03,1029
00665L,富邦�琤肭磪囓�2,770,504,266,合庫-鳳山,2024-01-03,1029
00937B,群益ESG投等債20,140,29,111,合庫-鳳山,2024-01-03,1029
2615,萬海,82,0,82,合庫-鳳山,2024-01-03,1029
00715L,期街口布蘭特正2,109,35,74,合庫-鳳山,2024-01-03,1029
00919,群益台灣精選高息,73,14,59,合庫-鳳山,2024-01-03,1029
00905,FT臺灣Smart,55,0,55,合庫-鳳山,2024-01-03,1029
00680L,元大美債20正2,43,0,43,合庫-鳳山,2024-01-03,1029
00934,中信成長高股息,52,11,41,合庫-鳳山,2024-01-03,1029
2610,華航,61,26,35,合庫-鳳山,2024-01-03,1029
00915,凱基優選高股息30,35,2,33,合庫-鳳山,2024-01-03,1029
00882,中信中國高股息,31,0,31,合庫-鳳山,2024-01-03,1029
5880,合庫金,30,0,30,合庫-鳳山,2024-01-03,1029
6689,伊雲谷,30,0,30,合庫-鳳山,2024-01-03,1029
8299,群聯,30,0,30,合庫-鳳山,2024-01-03,1029
2353,宏��,40,11,29,合庫-鳳山,2024-01-03,1029
2376,技嘉,29,2,27,合庫-鳳山,2024-01-03,1029
3711,日月光投控,26,0,26,合庫-鳳山,2024-01-03,1029
2408,南亞科,22,0,22,合庫-鳳山,2024-01-03,1029
2371,大同,22,2,20,合庫-鳳山,2024-01-03,1029
00753L,中信中國50正2,20,2,18,合庫-鳳山,2024-01-03,1029
00688L,國泰20年美債正2,18,0,18,合庫-鳳山,2024-01-03,1029
00918,大華優利高填息30,18,0,18,合庫-鳳山,2024-01-03,1029
2337,旺宏,29,11,18,合庫-鳳山,2024-01-03,1029
2630,亞航,28,10,18,合庫-鳳山,2024-01-03,1029
3105,穩懋,18,0,18,合庫-鳳山,2024-01-03,1029
6668,中揚光,70,52,18,合庫-鳳山,2024-01-03,1029
2303,聯電,27,10,17,合庫-鳳山,2024-01-03,1029
00923,群益台ESG低碳50,16,0,16,合庫-鳳山,2024-01-03,1029
00687B,國泰20年美債,15,0,15,合庫-鳳山,2024-01-03,1029
00931B,統一美債20年,15,0,15,合庫-鳳山,2024-01-03,1029
6116,彩晶,15,0,15,合庫-鳳山,2024-01-03,1029
2014,中鴻,14,0,14,合庫-鳳山,2024-01-03,1029
3016,嘉晶,14,0,14,合庫-鳳山,2024-01-03,1029
3189,景碩,15,2,13,合庫-鳳山,2024-01-03,1029
2607,榮運,12,0,12,合庫-鳳山,2024-01-03,1029
3036,文曄,16,4,12,合庫-鳳山,2024-01-03,1029
00935,野村臺灣新科技50,13,2,11,合庫-鳳山,2024-01-03,1029
2330,台積電,11,0,11,合庫-鳳山,2024-01-03,1029
2324,仁寶,154,143,11,合庫-鳳山,2024-01-03,1029
2421,建準,15,4,11,合庫-鳳山,2024-01-03,1029
2891,中信金,13,2,11,合庫-鳳山,2024-01-03,1029
3450,聯鈞,14,3,11,合庫-鳳山,2024-01-03,1029
2889,國票金,10,0,10,合庫-鳳山,2024-01-03,1029
2890,永豐金,10,0,10,合庫-鳳山,2024-01-03,1029
00679B,元大美債20年,12,3,9,合庫-鳳山,2024-01-03,1029
2486,一詮,14,5,9,合庫-鳳山,2024-01-03,1029
00712,復華富時不動產,19,10,9,合庫-鳳山,2024-01-03,1029
1608,華榮,9,0,9,合庫-鳳山,2024-01-03,1029
3707,漢磊,9,0,9,合庫-鳳山,2024-01-03,1029
00929,復華台灣科技優息,169,4,165,合庫-鳳山,2024-01-04,1029
2014,中鴻,118,0,118,合庫-鳳山,2024-01-04,1029
00937B,群益ESG投等債20,89,1,88,合庫-鳳山,2024-01-04,1029
5880,合庫金,80,5,75,合庫-鳳山,2024-01-04,1029
5515,建國,62,0,62,合庫-鳳山,2024-01-04,1029
00919,群益台灣精選高息,107,50,57,合庫-鳳山,2024-01-04,1029
2611,志信,60,14,46,合庫-鳳山,2024-01-04,1029
2356,英業達,42,2,40,合庫-鳳山,2024-01-04,1029
2610,華航,53,16,37,合庫-鳳山,2024-01-04,1029
2421,建準,33,1,32,合庫-鳳山,2024-01-04,1029
6116,彩晶,30,0,30,合庫-鳳山,2024-01-04,1029
00680L,元大美債20正2,23,0,23,合庫-鳳山,2024-01-04,1029
8046,南電,26,4,22,合庫-鳳山,2024-01-04,1029
0055,元大MSCI金融,22,0,22,合庫-鳳山,2024-01-04,1029
00878,國泰永續高股息,34,13,21,合庫-鳳山,2024-01-04,1029
00688L,國泰20年美債正2,20,0,20,合庫-鳳山,2024-01-04,1029
2022,聚亨,20,0,20,合庫-鳳山,2024-01-04,1029
2601,益航,20,0,20,合庫-鳳山,2024-01-04,1029
6217,中探針,20,0,20,合庫-鳳山,2024-01-04,1029
00933B,國泰10Y+金融債,19,0,19,合庫-鳳山,2024-01-04,1029
2618,長榮航,57,39,18,合庫-鳳山,2024-01-04,1029
2739,寒舍,18,0,18,合庫-鳳山,2024-01-04,1029
3006,晶豪科,20,3,17,合庫-鳳山,2024-01-04,1029
3706,神達,34,17,17,合庫-鳳山,2024-01-04,1029
9912,偉聯,16,0,16,合庫-鳳山,2024-01-04,1029
00751B,元大AAA至A公司債,16,0,16,合庫-鳳山,2024-01-04,1029
3041,揚智,15,0,15,合庫-鳳山,2024-01-04,1029
5452,佶優,15,0,15,合庫-鳳山,2024-01-04,1029
2376,技嘉,14,0,14,合庫-鳳山,2024-01-04,1029
1605,華新,15,1,14,合庫-鳳山,2024-01-04,1029
00934,中信成長高股息,13,0,13,合庫-鳳山,2024-01-04,1029
1466,聚隆,13,0,13,合庫-鳳山,2024-01-04,1029
8086,宏捷科,15,2,13,合庫-鳳山,2024-01-04,1029
2353,宏��,23,10,13,合庫-鳳山,2024-01-04,1029
00927,群益半導體收益,12,0,12,合庫-鳳山,2024-01-04,1029
2312,金寶,14,2,12,合庫-鳳山,2024-01-04,1029
2498,宏達電,12,0,12,合庫-鳳山,2024-01-04,1029
3105,穩懋,12,0,12,合庫-鳳山,2024-01-04,1029
3707,漢磊,12,0,12,合庫-鳳山,2024-01-04,1029
8089,康全電訊,12,0,12,合庫-鳳山,2024-01-04,1029
1909,榮成,11,0,11,合庫-鳳山,2024-01-04,1029
2337,旺宏,13,2,11,合庫-鳳山,2024-01-04,1029
3450,聯鈞,12,1,11,合庫-鳳山,2024-01-04,1029
2330,台積電,11,0,11,合庫-鳳山,2024-01-04,1029
8261,富鼎,10,0,10,合庫-鳳山,2024-01-04,1029
3037,欣興,12,2,10,合庫-鳳山,2024-01-04,1029
00904,新光臺灣半導體30,10,0,10,合庫-鳳山,2024-01-04,1029
00902,中信電池及儲能,10,0,10,合庫-鳳山,2024-01-04,1029
00690,兆豐藍籌30,10,0,10,合庫-鳳山,2024-01-04,1029
1710,東聯,10,0,10,合庫-鳳山,2024-01-04,1029
00632R,元大台灣50反1,200,0,200,合庫-鳳山,2024-01-05,1029
00929,復華台灣科技優息,140,12,128,合庫-鳳山,2024-01-05,1029
2618,長榮航,83,0,83,合庫-鳳山,2024-01-05,1029
3438,類比科,58,0,58,合庫-鳳山,2024-01-05,1029
00937B,群益ESG投等債20,57,0,57,合庫-鳳山,2024-01-05,1029
2405,輔信,51,0,51,合庫-鳳山,2024-01-05,1029
00712,復華富時不動產,48,0,48,合庫-鳳山,2024-01-05,1029
00933B,國泰10Y+金融債,45,0,45,合庫-鳳山,2024-01-05,1029
1732,毛寶,44,0,44,合庫-鳳山,2024-01-05,1029
8096,擎亞,83,41,42,合庫-鳳山,2024-01-05,1029
00687B,國泰20年美債,39,0,39,合庫-鳳山,2024-01-05,1029
2014,中鴻,37,0,37,合庫-鳳山,2024-01-05,1029
2609,陽明,93,59,34,合庫-鳳山,2024-01-05,1029
00918,大華優利高填息30,31,0,31,合庫-鳳山,2024-01-05,1029
4552,力達-KY,30,0,30,合庫-鳳山,2024-01-05,1029
00642U,期元大S＆P石油,29,0,29,合庫-鳳山,2024-01-05,1029
00931B,統一美債20年,25,0,25,合庫-鳳山,2024-01-05,1029
00919,群益台灣精選高息,81,56,25,合庫-鳳山,2024-01-05,1029
8011,台通,30,7,23,合庫-鳳山,2024-01-05,1029
2612,中航,20,0,20,合庫-鳳山,2024-01-05,1029
00706L,期元大S＆P日圓正2,20,0,20,合庫-鳳山,2024-01-05,1029
4402,郡都開發,20,0,20,合庫-鳳山,2024-01-05,1029
6161,捷波,20,3,17,合庫-鳳山,2024-01-05,1029
00830,國泰費城半導體,20,4,16,合庫-鳳山,2024-01-05,1029
2633,台灣高鐵,21,5,16,合庫-鳳山,2024-01-05,1029
6243,迅杰,21,8,13,合庫-鳳山,2024-01-05,1029
3380,明泰,18,6,12,合庫-鳳山,2024-01-05,1029
2104,國際中橡,12,0,12,合庫-鳳山,2024-01-05,1029
00881,國泰台灣5G+,11,0,11,合庫-鳳山,2024-01-05,1029
00882,中信中國高股息,11,0,11,合庫-鳳山,2024-01-05,1029
00679B,元大美債20年,11,0,11,合庫-鳳山,2024-01-05,1029
4304,勝昱,11,0,11,合庫-鳳山,2024-01-05,1029
6265,方土昶,11,0,11,合庫-鳳山,2024-01-05,1029
8046,南電,10,0,10,合庫-鳳山,2024-01-05,1029
00858,永豐美國500大,10,0,10,合庫-鳳山,2024-01-05,1029
00753L,中信中國50正2,10,0,10,合庫-鳳山,2024-01-05,1029
2891,中信金,10,0,10,合庫-鳳山,2024-01-05,1029
3305,昇貿,10,0,10,合庫-鳳山,2024-01-05,1029
3373,熱映,11,1,10,合庫-鳳山,2024-01-05,1029
6182,合晶,10,0,10,合庫-鳳山,2024-01-05,1029
2542,興富發,10,0,10,合庫-鳳山,2024-01-05,1029
00751B,元大AAA至A公司債,9,0,9,合庫-鳳山,2024-01-05,1029
8049,晶采,9,0,9,合庫-鳳山,2024-01-05,1029
00927,群益半導體收益,8,0,8,合庫-鳳山,2024-01-05,1029
2323,中環,10,2,8,合庫-鳳山,2024-01-05,1029
2331,精英,11,3,8,合庫-鳳山,2024-01-05,1029
2337,旺宏,11,3,8,合庫-鳳山,2024-01-05,1029
3704,合勤控,8,0,8,合庫-鳳山,2024-01-05,1029
2605,新興,10,3,7,合庫-鳳山,2024-01-05,1029
1514,亞力,9,2,7,合庫-鳳山,2024-01-05,1029
00637L,元大滬深300正2,527,98,429,合庫-鳳山,2024-01-08,1029
00929,復華台灣科技優息,446,67,379,合庫-鳳山,2024-01-08,1029
00882,中信中國高股息,165,0,165,合庫-鳳山,2024-01-08,1029
2338,光罩,165,61,104,合庫-鳳山,2024-01-08,1029
00919,群益台灣精選高息,120,21,99,合庫-鳳山,2024-01-08,1029
2630,亞航,77,1,76,合庫-鳳山,2024-01-08,1029
00665L,富邦�琤肭磪囓�2,210,140,70,合庫-鳳山,2024-01-08,1029
00937B,群益ESG投等債20,86,26,60,合庫-鳳山,2024-01-08,1029
3041,揚智,60,5,55,合庫-鳳山,2024-01-08,1029
3483,力致,45,0,45,合庫-鳳山,2024-01-08,1029
00753L,中信中國50正2,40,0,40,合庫-鳳山,2024-01-08,1029
2615,萬海,41,14,27,合庫-鳳山,2024-01-08,1029
00712,復華富時不動產,27,0,27,合庫-鳳山,2024-01-08,1029
2303,聯電,26,0,26,合庫-鳳山,2024-01-08,1029
00680L,元大美債20正2,25,0,25,合庫-鳳山,2024-01-08,1029
1732,毛寶,25,0,25,合庫-鳳山,2024-01-08,1029
00918,大華優利高填息30,24,0,24,合庫-鳳山,2024-01-08,1029
2353,宏��,31,8,23,合庫-鳳山,2024-01-08,1029
00891,中信關鍵半導體,26,3,23,合庫-鳳山,2024-01-08,1029
3588,通嘉,22,2,20,合庫-鳳山,2024-01-08,1029
8446,華研,20,0,20,合庫-鳳山,2024-01-08,1029
2542,興富發,20,0,20,合庫-鳳山,2024-01-08,1029
00931B,統一美債20年,36,17,19,合庫-鳳山,2024-01-08,1029
2498,宏達電,25,9,16,合庫-鳳山,2024-01-08,1029
00679B,元大美債20年,24,9,15,合庫-鳳山,2024-01-08,1029
2409,友達,23,9,14,合庫-鳳山,2024-01-08,1029
00857B,永豐20年美公債,11,0,11,合庫-鳳山,2024-01-08,1029
2637,慧洋-KY,14,3,11,合庫-鳳山,2024-01-08,1029
00916,國泰全球品牌50,10,0,10,合庫-鳳山,2024-01-08,1029
00752,中信中國50,10,0,10,合庫-鳳山,2024-01-08,1029
3325,旭品,10,0,10,合庫-鳳山,2024-01-08,1029
4108,懷特,10,0,10,合庫-鳳山,2024-01-08,1029
00933B,國泰10Y+金融債,9,0,9,合庫-鳳山,2024-01-08,1029
00934,中信成長高股息,14,5,9,合庫-鳳山,2024-01-08,1029
00935,野村臺灣新科技50,10,1,9,合庫-鳳山,2024-01-08,1029
2377,微星,10,1,9,合庫-鳳山,2024-01-08,1029
2610,華航,10,1,9,合庫-鳳山,2024-01-08,1029
8011,台通,13,4,9,合庫-鳳山,2024-01-08,1029
3017,奇鋐,8,0,8,合庫-鳳山,2024-01-08,1029
8227,巨有科技,8,0,8,合庫-鳳山,2024-01-08,1029
3707,漢磊,8,0,8,合庫-鳳山,2024-01-08,1029
6257,矽格,8,0,8,合庫-鳳山,2024-01-08,1029
8046,南電,10,3,7,合庫-鳳山,2024-01-08,1029
00772B,中信高評級公司債,7,0,7,合庫-鳳山,2024-01-08,1029
00881,國泰台灣5G+,8,1,7,合庫-鳳山,2024-01-08,1029
1612,宏泰,8,1,7,合庫-鳳山,2024-01-08,1029
2356,英業達,16,9,7,合庫-鳳山,2024-01-08,1029
3078,僑威,7,0,7,合庫-鳳山,2024-01-08,1029
8112,至上,8,2,6,合庫-鳳山,2024-01-08,1029
2337,旺宏,6,0,6,合庫-鳳山,2024-01-08,1029
00665L,富邦�琤肭磪囓�2,659,323,336,合庫-鳳山,2024-01-09,1029
00919,群益台灣精選高息,290,4,286,合庫-鳳山,2024-01-09,1029
00715L,期街口布蘭特正2,130,2,128,合庫-鳳山,2024-01-09,1029
00882,中信中國高股息,101,0,101,合庫-鳳山,2024-01-09,1029
00937B,群益ESG投等債20,96,0,96,合庫-鳳山,2024-01-09,1029
2609,陽明,134,52,82,合庫-鳳山,2024-01-09,1029
4552,力達-KY,51,0,51,合庫-鳳山,2024-01-09,1029
2303,聯電,45,3,42,合庫-鳳山,2024-01-09,1029
2382,廣達,43,2,41,合庫-鳳山,2024-01-09,1029
00680L,元大美債20正2,40,0,40,合庫-鳳山,2024-01-09,1029
2615,萬海,49,9,40,合庫-鳳山,2024-01-09,1029
2002,中鋼,43,6,37,合庫-鳳山,2024-01-09,1029
2610,華航,53,17,36,合庫-鳳山,2024-01-09,1029
4114,健喬,36,1,35,合庫-鳳山,2024-01-09,1029
00927,群益半導體收益,30,0,30,合庫-鳳山,2024-01-09,1029
2353,宏��,59,29,30,合庫-鳳山,2024-01-09,1029
6223,旺矽,31,1,30,合庫-鳳山,2024-01-09,1029
2363,矽統,38,10,28,合庫-鳳山,2024-01-09,1029
00929,復華台灣科技優息,54,27,27,合庫-鳳山,2024-01-09,1029
3438,類比科,25,0,25,合庫-鳳山,2024-01-09,1029
2337,旺宏,23,0,23,合庫-鳳山,2024-01-09,1029
3576,聯合再生,23,0,23,合庫-鳳山,2024-01-09,1029
6244,茂迪,23,0,23,合庫-鳳山,2024-01-09,1029
2329,華泰,29,7,22,合庫-鳳山,2024-01-09,1029
00900,富邦特選高股息30,21,0,21,合庫-鳳山,2024-01-09,1029
3346,麗清,20,0,20,合庫-鳳山,2024-01-09,1029
6491,晶碩,20,0,20,合庫-鳳山,2024-01-09,1029
9105,泰金寶-DR,20,0,20,合庫-鳳山,2024-01-09,1029
2317,鴻海,20,1,19,合庫-鳳山,2024-01-09,1029
00933B,國泰10Y+金融債,18,0,18,合庫-鳳山,2024-01-09,1029
2356,英業達,29,13,16,合庫-鳳山,2024-01-09,1029
2324,仁寶,38,23,15,合庫-鳳山,2024-01-09,1029
00918,大華優利高填息30,15,0,15,合庫-鳳山,2024-01-09,1029
00712,復華富時不動產,19,6,13,合庫-鳳山,2024-01-09,1029
3051,力特,14,1,13,合庫-鳳山,2024-01-09,1029
00751B,元大AAA至A公司債,12,0,12,合庫-鳳山,2024-01-09,1029
2206,三陽工業,12,0,12,合庫-鳳山,2024-01-09,1029
8111,立��,11,0,11,合庫-鳳山,2024-01-09,1029
2313,華通,11,0,11,合庫-鳳山,2024-01-09,1029
3588,通嘉,14,4,10,合庫-鳳山,2024-01-09,1029
00753L,中信中國50正2,10,0,10,合庫-鳳山,2024-01-09,1029
3325,旭品,10,0,10,合庫-鳳山,2024-01-09,1029
4973,廣穎,10,0,10,合庫-鳳山,2024-01-09,1029
8085,福華,10,0,10,合庫-鳳山,2024-01-09,1029
3704,合勤控,10,1,9,合庫-鳳山,2024-01-09,1029
9907,統一實,9,0,9,合庫-鳳山,2024-01-09,1029
2308,台達電,8,0,8,合庫-鳳山,2024-01-09,1029
3025,星通,72,64,8,合庫-鳳山,2024-01-09,1029
00931B,統一美債20年,11,3,8,合庫-鳳山,2024-01-09,1029
2031,新光鋼,8,0,8,合庫-鳳山,2024-01-09,1029
2303,聯電,109,3,106,合庫-鳳山,2024-01-10,1029
3521,鴻翊,94,0,94,合庫-鳳山,2024-01-10,1029
00929,復華台灣科技優息,136,50,86,合庫-鳳山,2024-01-10,1029
00933B,國泰10Y+金融債,84,0,84,合庫-鳳山,2024-01-10,1029
00937B,群益ESG投等債20,87,4,83,合庫-鳳山,2024-01-10,1029
00918,大華優利高填息30,47,0,47,合庫-鳳山,2024-01-10,1029
00919,群益台灣精選高息,46,4,42,合庫-鳳山,2024-01-10,1029
2376,技嘉,33,0,33,合庫-鳳山,2024-01-10,1029
1504,東元,29,0,29,合庫-鳳山,2024-01-10,1029
00878,國泰永續高股息,40,14,26,合庫-鳳山,2024-01-10,1029
2324,仁寶,33,8,25,合庫-鳳山,2024-01-10,1029
2618,長榮航,34,15,19,合庫-鳳山,2024-01-10,1029
3707,漢磊,19,0,19,合庫-鳳山,2024-01-10,1029
00772B,中信高評級公司債,17,0,17,合庫-鳳山,2024-01-10,1029
00885,富邦越南,16,0,16,合庫-鳳山,2024-01-10,1029
2009,第一銅,16,0,16,合庫-鳳山,2024-01-10,1029
00853B,統一美債10年Aa-,15,0,15,合庫-鳳山,2024-01-10,1029
2516,新建,15,0,15,合庫-鳳山,2024-01-10,1029
2301,光寶科,17,2,15,合庫-鳳山,2024-01-10,1029
00770,國泰北美科技,16,2,14,合庫-鳳山,2024-01-10,1029
2027,大成鋼,15,1,14,合庫-鳳山,2024-01-10,1029
00881,國泰台灣5G+,13,0,13,合庫-鳳山,2024-01-10,1029
2601,益航,15,2,13,合庫-鳳山,2024-01-10,1029
1308,亞聚,12,0,12,合庫-鳳山,2024-01-10,1029
3088,艾訊,12,0,12,合庫-鳳山,2024-01-10,1029
00687B,國泰20年美債,11,0,11,合庫-鳳山,2024-01-10,1029
1785,光洋科,11,0,11,合庫-鳳山,2024-01-10,1029
2014,中鴻,17,6,11,合庫-鳳山,2024-01-10,1029
5876,上海商銀,11,0,11,合庫-鳳山,2024-01-10,1029
6243,迅杰,32,21,11,合庫-鳳山,2024-01-10,1029
3231,緯創,35,24,11,合庫-鳳山,2024-01-10,1029
00905,FT臺灣Smart,10,0,10,合庫-鳳山,2024-01-10,1029
00753L,中信中國50正2,10,0,10,合庫-鳳山,2024-01-10,1029
3645,達邁,10,0,10,合庫-鳳山,2024-01-10,1029
8110,華東,10,0,10,合庫-鳳山,2024-01-10,1029
00927,群益半導體收益,8,0,8,合庫-鳳山,2024-01-10,1029
00904,新光臺灣半導體30,8,0,8,合庫-鳳山,2024-01-10,1029
00680L,元大美債20正2,10,2,8,合庫-鳳山,2024-01-10,1029
00934,中信成長高股息,8,0,8,合庫-鳳山,2024-01-10,1029
2317,鴻海,8,0,8,合庫-鳳山,2024-01-10,1029
2353,宏��,15,7,8,合庫-鳳山,2024-01-10,1029
2612,中航,10,2,8,合庫-鳳山,2024-01-10,1029
4114,健喬,9,1,8,合庫-鳳山,2024-01-10,1029
8096,擎亞,30,22,8,合庫-鳳山,2024-01-10,1029
2882,國泰金,8,1,7,合庫-鳳山,2024-01-10,1029
2615,萬海,12,5,7,合庫-鳳山,2024-01-10,1029
0056,元大高股息,13,6,7,合庫-鳳山,2024-01-10,1029
00696B,富邦美債20年,13,6,7,合庫-鳳山,2024-01-10,1029
00679B,元大美債20年,7,0,7,合庫-鳳山,2024-01-10,1029
1402,遠東新,7,0,7,合庫-鳳山,2024-01-10,1029
6120,達運,254,68,186,合庫-鳳山,2024-01-11,1029
1303,南亞,101,1,100,合庫-鳳山,2024-01-11,1029
00929,復華台灣科技優息,104,8,96,合庫-鳳山,2024-01-11,1029
00919,群益台灣精選高息,85,1,84,合庫-鳳山,2024-01-11,1029
00937B,群益ESG投等債20,83,0,83,合庫-鳳山,2024-01-11,1029
3041,揚智,51,0,51,合庫-鳳山,2024-01-11,1029
00687B,國泰20年美債,49,0,49,合庫-鳳山,2024-01-11,1029
5328,華容,41,0,41,合庫-鳳山,2024-01-11,1029
2408,南亞科,46,11,35,合庫-鳳山,2024-01-11,1029
6125,廣運,27,2,25,合庫-鳳山,2024-01-11,1029
00772B,中信高評級公司債,34,10,24,合庫-鳳山,2024-01-11,1029
00918,大華優利高填息30,24,0,24,合庫-鳳山,2024-01-11,1029
2399,映泰,21,0,21,合庫-鳳山,2024-01-11,1029
3576,聯合再生,21,0,21,合庫-鳳山,2024-01-11,1029
00679B,元大美債20年,17,0,17,合庫-鳳山,2024-01-11,1029
6668,中揚光,37,20,17,合庫-鳳山,2024-01-11,1029
2377,微星,16,0,16,合庫-鳳山,2024-01-11,1029
2208,台船,15,0,15,合庫-鳳山,2024-01-11,1029
00933B,國泰10Y+金融債,14,0,14,合庫-鳳山,2024-01-11,1029
6547,高端疫苗,13,0,13,合庫-鳳山,2024-01-11,1029
00632R,元大台灣50反1,25,12,13,合庫-鳳山,2024-01-11,1029
1504,東元,13,0,13,合庫-鳳山,2024-01-11,1029
2449,京元電子,13,0,13,合庫-鳳山,2024-01-11,1029
2618,長榮航,13,0,13,合庫-鳳山,2024-01-11,1029
3438,類比科,50,38,12,合庫-鳳山,2024-01-11,1029
00891,中信關鍵半導體,15,4,11,合庫-鳳山,2024-01-11,1029
4304,勝昱,13,2,11,合庫-鳳山,2024-01-11,1029
1312,國喬,11,0,11,合庫-鳳山,2024-01-11,1029
00927,群益半導體收益,10,0,10,合庫-鳳山,2024-01-11,1029
1314,中石化,10,0,10,合庫-鳳山,2024-01-11,1029
1711,永光,10,0,10,合庫-鳳山,2024-01-11,1029
2405,輔信,10,0,10,合庫-鳳山,2024-01-11,1029
2607,榮運,20,10,10,合庫-鳳山,2024-01-11,1029
2612,中航,10,0,10,合庫-鳳山,2024-01-11,1029
2615,萬海,10,0,10,合庫-鳳山,2024-01-11,1029
3025,星通,14,4,10,合庫-鳳山,2024-01-11,1029
3055,蔚華科,10,0,10,合庫-鳳山,2024-01-11,1029
6163,華電網,10,0,10,合庫-鳳山,2024-01-11,1029
8088,品安,11,1,10,合庫-鳳山,2024-01-11,1029
6235,華孚,10,1,9,合庫-鳳山,2024-01-11,1029
00900,富邦特選高股息30,12,3,9,合庫-鳳山,2024-01-11,1029
5515,建國,9,0,9,合庫-鳳山,2024-01-11,1029
6164,華興,11,2,9,合庫-鳳山,2024-01-11,1029
2882,國泰金,9,0,9,合庫-鳳山,2024-01-11,1029
2344,華邦電,8,0,8,合庫-鳳山,2024-01-11,1029
00830,國泰費城半導體,7,0,7,合庫-鳳山,2024-01-11,1029
1785,光洋科,7,0,7,合庫-鳳山,2024-01-11,1029
00725B,國泰投資級公司債,7,0,7,合庫-鳳山,2024-01-11,1029
1101,台泥,6,0,6,合庫-鳳山,2024-01-11,1029
2002,中鋼,6,0,6,合庫-鳳山,2024-01-11,1029
00632R,元大台灣50反1,405,12,393,合庫-鳳山,2024-01-12,1029
00929,復華台灣科技優息,300,0,300,合庫-鳳山,2024-01-12,1029
2353,宏��,93,21,72,合庫-鳳山,2024-01-12,1029
2208,台船,106,44,62,合庫-鳳山,2024-01-12,1029
00712,復華富時不動產,52,0,52,合庫-鳳山,2024-01-12,1029
0056,元大高股息,41,0,41,合庫-鳳山,2024-01-12,1029
00687B,國泰20年美債,47,10,37,合庫-鳳山,2024-01-12,1029
00937B,群益ESG投等債20,34,0,34,合庫-鳳山,2024-01-12,1029
1528,恩德,160,127,33,合庫-鳳山,2024-01-12,1029
00679B,元大美債20年,31,0,31,合庫-鳳山,2024-01-12,1029
00927,群益半導體收益,26,0,26,合庫-鳳山,2024-01-12,1029
00932,兆豐永續高息等權,25,0,25,合庫-鳳山,2024-01-12,1029
2601,益航,23,0,23,合庫-鳳山,2024-01-12,1029
2606,裕民,24,1,23,合庫-鳳山,2024-01-12,1029
00933B,國泰10Y+金融債,22,0,22,合庫-鳳山,2024-01-12,1029
6451,訊芯-KY,23,2,21,合庫-鳳山,2024-01-12,1029
4155,訊映,20,0,20,合庫-鳳山,2024-01-12,1029
2014,中鴻,19,0,19,合庫-鳳山,2024-01-12,1029
8096,擎亞,45,29,16,合庫-鳳山,2024-01-12,1029
00919,群益台灣精選高息,15,0,15,合庫-鳳山,2024-01-12,1029
2324,仁寶,15,1,14,合庫-鳳山,2024-01-12,1029
6282,康舒,14,0,14,合庫-鳳山,2024-01-12,1029
00931B,統一美債20年,13,0,13,合庫-鳳山,2024-01-12,1029
3025,星通,19,6,13,合庫-鳳山,2024-01-12,1029
4979,華星光,19,6,13,合庫-鳳山,2024-01-12,1029
2739,寒舍,13,1,12,合庫-鳳山,2024-01-12,1029
4533,協易機,12,0,12,合庫-鳳山,2024-01-12,1029
3706,神達,12,0,12,合庫-鳳山,2024-01-12,1029
1301,台塑,12,0,12,合庫-鳳山,2024-01-12,1029
00696B,富邦美債20年,11,0,11,合庫-鳳山,2024-01-12,1029
2365,昆盈,11,0,11,合庫-鳳山,2024-01-12,1029
6668,中揚光,28,17,11,合庫-鳳山,2024-01-12,1029
8044,網家,11,0,11,合庫-鳳山,2024-01-12,1029
6235,華孚,10,0,10,合庫-鳳山,2024-01-12,1029
6244,茂迪,10,0,10,合庫-鳳山,2024-01-12,1029
6425,易發,10,0,10,合庫-鳳山,2024-01-12,1029
2883,凱基金,10,2,8,合庫-鳳山,2024-01-12,1029
6125,廣運,8,0,8,合庫-鳳山,2024-01-12,1029
00878,國泰永續高股息,8,0,8,合庫-鳳山,2024-01-12,1029
2886,兆豐金,7,0,7,合庫-鳳山,2024-01-12,1029
00905,FT臺灣Smart,8,1,7,合庫-鳳山,2024-01-12,1029
00680L,元大美債20正2,7,0,7,合庫-鳳山,2024-01-12,1029
00673R,期元大S＆P原油反1,7,0,7,合庫-鳳山,2024-01-12,1029
2313,華通,9,2,7,合庫-鳳山,2024-01-12,1029
4402,郡都開發,7,0,7,合庫-鳳山,2024-01-12,1029
4419,皇家美食,7,0,7,合庫-鳳山,2024-01-12,1029
5014,建錩,7,0,7,合庫-鳳山,2024-01-12,1029
0050,元大台灣50,7,0,7,合庫-鳳山,2024-01-12,1029
3622,洋華,16,10,6,合庫-鳳山,2024-01-12,1029
8050,廣積,9,3,6,合庫-鳳山,2024-01-12,1029
00929,復華台灣科技優息,125,7,118,合庫-鳳山,2024-01-15,1029
00632R,元大台灣50反1,110,15,95,合庫-鳳山,2024-01-15,1029
00937B,群益ESG投等債20,95,1,94,合庫-鳳山,2024-01-15,1029
6245,立端,50,2,48,合庫-鳳山,2024-01-15,1029
00885,富邦越南,42,0,42,合庫-鳳山,2024-01-15,1029
00680L,元大美債20正2,40,0,40,合庫-鳳山,2024-01-15,1029
00891,中信關鍵半導體,38,0,38,合庫-鳳山,2024-01-15,1029
6179,亞通,38,0,38,合庫-鳳山,2024-01-15,1029
8096,擎亞,40,4,36,合庫-鳳山,2024-01-15,1029
2338,光罩,35,0,35,合庫-鳳山,2024-01-15,1029
1608,華榮,30,0,30,合庫-鳳山,2024-01-15,1029
00753L,中信中國50正2,30,2,28,合庫-鳳山,2024-01-15,1029
2618,長榮航,26,4,22,合庫-鳳山,2024-01-15,1029
4552,力達-KY,22,0,22,合庫-鳳山,2024-01-15,1029
5328,華容,20,0,20,合庫-鳳山,2024-01-15,1029
00919,群益台灣精選高息,31,11,20,合庫-鳳山,2024-01-15,1029
2641,正德,20,2,18,合庫-鳳山,2024-01-15,1029
2739,寒舍,20,2,18,合庫-鳳山,2024-01-15,1029
4561,健椿,18,0,18,合庫-鳳山,2024-01-15,1029
3231,緯創,96,79,17,合庫-鳳山,2024-01-15,1029
00715L,期街口布蘭特正2,37,20,17,合庫-鳳山,2024-01-15,1029
00933B,國泰10Y+金融債,15,0,15,合庫-鳳山,2024-01-15,1029
1713,國化,15,0,15,合庫-鳳山,2024-01-15,1029
2323,中環,25,10,15,合庫-鳳山,2024-01-15,1029
5426,振發,22,7,15,合庫-鳳山,2024-01-15,1029
2405,輔信,13,0,13,合庫-鳳山,2024-01-15,1029
4906,正文,13,0,13,合庫-鳳山,2024-01-15,1029
5880,合庫金,12,0,12,合庫-鳳山,2024-01-15,1029
00688L,國泰20年美債正2,12,0,12,合庫-鳳山,2024-01-15,1029
2634,漢翔,24,12,12,合庫-鳳山,2024-01-15,1029
2377,微星,22,11,11,合庫-鳳山,2024-01-15,1029
2401,凌陽,16,5,11,合庫-鳳山,2024-01-15,1029
9907,統一實,11,0,11,合庫-鳳山,2024-01-15,1029
00935,野村臺灣新科技50,11,0,11,合庫-鳳山,2024-01-15,1029
1301,台塑,10,0,10,合庫-鳳山,2024-01-15,1029
00881,國泰台灣5G+,10,0,10,合庫-鳳山,2024-01-15,1029
1304,台聚,10,0,10,合庫-鳳山,2024-01-15,1029
2340,台亞,10,0,10,合庫-鳳山,2024-01-15,1029
2421,建準,11,1,10,合庫-鳳山,2024-01-15,1029
0056,元大高股息,11,1,10,合庫-鳳山,2024-01-15,1029
2888,新光金,9,0,9,合庫-鳳山,2024-01-15,1029
3027,盛達,11,2,9,合庫-鳳山,2024-01-15,1029
6415,矽力*-KY,11,2,9,合庫-鳳山,2024-01-15,1029
8046,南電,9,0,9,合庫-鳳山,2024-01-15,1029
00927,群益半導體收益,8,0,8,合庫-鳳山,2024-01-15,1029
00905,FT臺灣Smart,8,0,8,合庫-鳳山,2024-01-15,1029
1472,三洋實業,8,0,8,合庫-鳳山,2024-01-15,1029
2362,藍天,8,0,8,合庫-鳳山,2024-01-15,1029
2748,雲品,8,0,8,合庫-鳳山,2024-01-15,1029
00770,國泰北美科技,11,4,7,合庫-鳳山,2024-01-15,1029
2881,富邦金,326,2,324,合庫-鳳山,2024-01-16,1029
00632R,元大台灣50反1,260,30,230,合庫-鳳山,2024-01-16,1029
00882,中信中國高股息,110,1,109,合庫-鳳山,2024-01-16,1029
1504,東元,81,0,81,合庫-鳳山,2024-01-16,1029
00922,國泰台灣領袖50,64,0,64,合庫-鳳山,2024-01-16,1029
00929,復華台灣科技優息,96,35,61,合庫-鳳山,2024-01-16,1029
3438,類比科,60,0,60,合庫-鳳山,2024-01-16,1029
00919,群益台灣精選高息,56,0,56,合庫-鳳山,2024-01-16,1029
2405,輔信,65,15,50,合庫-鳳山,2024-01-16,1029
5880,合庫金,68,22,46,合庫-鳳山,2024-01-16,1029
0056,元大高股息,56,10,46,合庫-鳳山,2024-01-16,1029
2421,建準,68,27,41,合庫-鳳山,2024-01-16,1029
00891,中信關鍵半導體,38,1,37,合庫-鳳山,2024-01-16,1029
00881,國泰台灣5G+,36,0,36,合庫-鳳山,2024-01-16,1029
2486,一詮,38,3,35,合庫-鳳山,2024-01-16,1029
00665L,富邦�琤肭磪囓�2,509,474,35,合庫-鳳山,2024-01-16,1029
4561,健椿,35,0,35,合庫-鳳山,2024-01-16,1029
9945,潤泰新,32,0,32,合庫-鳳山,2024-01-16,1029
1802,台玻,30,0,30,合庫-鳳山,2024-01-16,1029
6245,立端,30,0,30,合庫-鳳山,2024-01-16,1029
2888,新光金,30,1,29,合庫-鳳山,2024-01-16,1029
2609,陽明,77,49,28,合庫-鳳山,2024-01-16,1029
6120,達運,158,132,26,合庫-鳳山,2024-01-16,1029
2883,凱基金,25,0,25,合庫-鳳山,2024-01-16,1029
00878,國泰永續高股息,29,5,24,合庫-鳳山,2024-01-16,1029
6684,安格,34,10,24,合庫-鳳山,2024-01-16,1029
2002,中鋼,25,2,23,合庫-鳳山,2024-01-16,1029
2887,台新金,22,0,22,合庫-鳳山,2024-01-16,1029
2882,國泰金,22,0,22,合庫-鳳山,2024-01-16,1029
2449,京元電子,23,2,21,合庫-鳳山,2024-01-16,1029
2374,佳能,21,0,21,合庫-鳳山,2024-01-16,1029
2377,微星,20,0,20,合庫-鳳山,2024-01-16,1029
1301,台塑,19,2,17,合庫-鳳山,2024-01-16,1029
2337,旺宏,14,0,14,合庫-鳳山,2024-01-16,1029
1303,南亞,13,0,13,合庫-鳳山,2024-01-16,1029
4402,郡都開發,13,0,13,合庫-鳳山,2024-01-16,1029
00904,新光臺灣半導體30,11,0,11,合庫-鳳山,2024-01-16,1029
2610,華航,14,3,11,合庫-鳳山,2024-01-16,1029
00701,國泰股利精選30,10,0,10,合庫-鳳山,2024-01-16,1029
00937B,群益ESG投等債20,10,0,10,合庫-鳳山,2024-01-16,1029
2476,鉅祥,15,5,10,合庫-鳳山,2024-01-16,1029
2516,新建,10,0,10,合庫-鳳山,2024-01-16,1029
3704,合勤控,10,0,10,合庫-鳳山,2024-01-16,1029
4401,東隆興,10,0,10,合庫-鳳山,2024-01-16,1029
5465,富驊,10,0,10,合庫-鳳山,2024-01-16,1029
6770,力積電,10,0,10,合庫-鳳山,2024-01-16,1029
0050,元大台灣50,9,0,9,合庫-鳳山,2024-01-16,1029
00680L,元大美債20正2,9,0,9,合庫-鳳山,2024-01-16,1029
5328,華容,11,2,9,合庫-鳳山,2024-01-16,1029
8088,品安,13,4,9,合庫-鳳山,2024-01-16,1029
00637L,元大滬深300正2,301,2,299,合庫-鳳山,2024-01-17,1029
00882,中信中國高股息,238,0,238,合庫-鳳山,2024-01-17,1029
2834,臺企銀,210,0,210,合庫-鳳山,2024-01-17,1029
00929,復華台灣科技優息,187,0,187,合庫-鳳山,2024-01-17,1029
00919,群益台灣精選高息,122,12,110,合庫-鳳山,2024-01-17,1029
6179,亞通,136,31,105,合庫-鳳山,2024-01-17,1029
00753L,中信中國50正2,77,0,77,合庫-鳳山,2024-01-17,1029
0056,元大高股息,68,1,67,合庫-鳳山,2024-01-17,1029
5880,合庫金,67,2,65,合庫-鳳山,2024-01-17,1029
2356,英業達,107,44,63,合庫-鳳山,2024-01-17,1029
1504,東元,63,0,63,合庫-鳳山,2024-01-17,1029
2303,聯電,70,8,62,合庫-鳳山,2024-01-17,1029
2883,凱基金,54,0,54,合庫-鳳山,2024-01-17,1029
2492,華新科,50,0,50,合庫-鳳山,2024-01-17,1029
00922,國泰台灣領袖50,49,2,47,合庫-鳳山,2024-01-17,1029
00878,國泰永續高股息,57,15,42,合庫-鳳山,2024-01-17,1029
2371,大同,42,0,42,合庫-鳳山,2024-01-17,1029
2313,華通,37,0,37,合庫-鳳山,2024-01-17,1029
2888,新光金,38,2,36,合庫-鳳山,2024-01-17,1029
00881,國泰台灣5G+,35,0,35,合庫-鳳山,2024-01-17,1029
3066,李洲,28,0,28,合庫-鳳山,2024-01-17,1029
00927,群益半導體收益,25,0,25,合庫-鳳山,2024-01-17,1029
2880,華南金,24,0,24,合庫-鳳山,2024-01-17,1029
00687B,國泰20年美債,26,2,24,合庫-鳳山,2024-01-17,1029
2609,陽明,33,9,24,合庫-鳳山,2024-01-17,1029
2887,台新金,23,1,22,合庫-鳳山,2024-01-17,1029
2002,中鋼,26,5,21,合庫-鳳山,2024-01-17,1029
1326,台化,20,0,20,合庫-鳳山,2024-01-17,1029
2355,敬鵬,20,0,20,合庫-鳳山,2024-01-17,1029
0050,元大台灣50,19,0,19,合庫-鳳山,2024-01-17,1029
1215,卜蜂,18,0,18,合庫-鳳山,2024-01-17,1029
1785,光洋科,18,0,18,合庫-鳳山,2024-01-17,1029
3265,台星科,31,13,18,合庫-鳳山,2024-01-17,1029
2486,一詮,23,6,17,合庫-鳳山,2024-01-17,1029
4529,淳紳,17,0,17,合庫-鳳山,2024-01-17,1029
2882,國泰金,25,9,16,合庫-鳳山,2024-01-17,1029
00679B,元大美債20年,21,5,16,合庫-鳳山,2024-01-17,1029
1718,中纖,16,0,16,合庫-鳳山,2024-01-17,1029
2344,華邦電,16,0,16,合庫-鳳山,2024-01-17,1029
00918,大華優利高填息30,15,0,15,合庫-鳳山,2024-01-17,1029
00706L,期元大S＆P日圓正2,15,0,15,合庫-鳳山,2024-01-17,1029
00900,富邦特選高股息30,16,1,15,合庫-鳳山,2024-01-17,1029
1514,亞力,15,0,15,合庫-鳳山,2024-01-17,1029
2891,中信金,15,0,15,合庫-鳳山,2024-01-17,1029
2886,兆豐金,15,1,14,合庫-鳳山,2024-01-17,1029
6243,迅杰,39,25,14,合庫-鳳山,2024-01-17,1029
2208,台船,13,0,13,合庫-鳳山,2024-01-17,1029
2889,國票金,13,0,13,合庫-鳳山,2024-01-17,1029
5488,松普,23,10,13,合庫-鳳山,2024-01-17,1029
2317,鴻海,13,0,13,合庫-鳳山,2024-01-17,1029
00637L,元大滬深300正2,277,164,113,合庫-鳳山,2024-01-18,1029
00632R,元大台灣50反1,100,0,100,合庫-鳳山,2024-01-18,1029
00664R,國泰臺灣加權反1,75,0,75,合庫-鳳山,2024-01-18,1029
00919,群益台灣精選高息,82,41,41,合庫-鳳山,2024-01-18,1029
3041,揚智,40,0,40,合庫-鳳山,2024-01-18,1029
3265,台星科,41,2,39,合庫-鳳山,2024-01-18,1029
00878,國泰永續高股息,54,16,38,合庫-鳳山,2024-01-18,1029
00929,復華台灣科技優息,107,70,37,合庫-鳳山,2024-01-18,1029
2887,台新金,37,1,36,合庫-鳳山,2024-01-18,1029
2303,聯電,144,109,35,合庫-鳳山,2024-01-18,1029
2883,凱基金,33,0,33,合庫-鳳山,2024-01-18,1029
00633L,富邦上証正2,32,0,32,合庫-鳳山,2024-01-18,1029
2324,仁寶,44,12,32,合庫-鳳山,2024-01-18,1029
3576,聯合再生,28,0,28,合庫-鳳山,2024-01-18,1029
9945,潤泰新,20,0,20,合庫-鳳山,2024-01-18,1029
00753L,中信中國50正2,20,0,20,合庫-鳳山,2024-01-18,1029
2313,華通,20,0,20,合庫-鳳山,2024-01-18,1029
6125,廣運,20,0,20,合庫-鳳山,2024-01-18,1029
00904,新光臺灣半導體30,20,2,18,合庫-鳳山,2024-01-18,1029
3706,神達,23,5,18,合庫-鳳山,2024-01-18,1029
00881,國泰台灣5G+,16,0,16,合庫-鳳山,2024-01-18,1029
2382,廣達,25,9,16,合庫-鳳山,2024-01-18,1029
5880,合庫金,18,2,16,合庫-鳳山,2024-01-18,1029
2882,國泰金,15,0,15,合庫-鳳山,2024-01-18,1029
00715L,期街口布蘭特正2,15,1,14,合庫-鳳山,2024-01-18,1029
00679B,元大美債20年,14,0,14,合庫-鳳山,2024-01-18,1029
2408,南亞科,13,0,13,合庫-鳳山,2024-01-18,1029
2888,新光金,13,0,13,合庫-鳳山,2024-01-18,1029
1101,台泥,21,8,13,合庫-鳳山,2024-01-18,1029
3231,緯創,18,6,12,合庫-鳳山,2024-01-18,1029
1802,台玻,12,0,12,合庫-鳳山,2024-01-18,1029
2881,富邦金,11,0,11,合庫-鳳山,2024-01-18,1029
2337,旺宏,12,1,11,合庫-鳳山,2024-01-18,1029
00728,第一金工業30,10,0,10,合庫-鳳山,2024-01-18,1029
00665L,富邦�琤肭磪囓�2,260,250,10,合庫-鳳山,2024-01-18,1029
2641,正德,10,0,10,合庫-鳳山,2024-01-18,1029
3438,類比科,10,0,10,合庫-鳳山,2024-01-18,1029
5483,中美晶,10,0,10,合庫-鳳山,2024-01-18,1029
4979,華星光,14,4,10,合庫-鳳山,2024-01-18,1029
00911,兆豐洲際半導體,9,0,9,合庫-鳳山,2024-01-18,1029
00921,兆豐龍頭等權重,9,0,9,合庫-鳳山,2024-01-18,1029
8936,國統,10,1,9,合庫-鳳山,2024-01-18,1029
2356,英業達,9,1,8,合庫-鳳山,2024-01-18,1029
3088,艾訊,8,0,8,合庫-鳳山,2024-01-18,1029
1301,台塑,7,0,7,合庫-鳳山,2024-01-18,1029
00680L,元大美債20正2,7,0,7,合庫-鳳山,2024-01-18,1029
5432,新門,7,0,7,合庫-鳳山,2024-01-18,1029
8215,明基材,7,0,7,合庫-鳳山,2024-01-18,1029
3036,文曄,19,12,7,合庫-鳳山,2024-01-18,1029
2368,金像電,6,0,6,合庫-鳳山,2024-01-18,1029
2618,長榮航,657,5,652,合庫-鳳山,2024-01-19,1029
00919,群益台灣精選高息,198,44,154,合庫-鳳山,2024-01-19,1029
00687B,國泰20年美債,82,0,82,合庫-鳳山,2024-01-19,1029
2515,中工,80,0,80,合庫-鳳山,2024-01-19,1029
4960,誠美材,62,1,61,合庫-鳳山,2024-01-19,1029
00882,中信中國高股息,56,0,56,合庫-鳳山,2024-01-19,1029
00753L,中信中國50正2,52,0,52,合庫-鳳山,2024-01-19,1029
6233,旺玖,53,3,50,合庫-鳳山,2024-01-19,1029
3265,台星科,56,7,49,合庫-鳳山,2024-01-19,1029
00679B,元大美債20年,46,0,46,合庫-鳳山,2024-01-19,1029
00929,復華台灣科技優息,56,18,38,合庫-鳳山,2024-01-19,1029
2610,華航,38,0,38,合庫-鳳山,2024-01-19,1029
00650L,復華香港正2,37,0,37,合庫-鳳山,2024-01-19,1029
2882,國泰金,32,0,32,合庫-鳳山,2024-01-19,1029
00931B,統一美債20年,28,0,28,合庫-鳳山,2024-01-19,1029
00665L,富邦�琤肭磪囓�2,236,210,26,合庫-鳳山,2024-01-19,1029
3706,神達,35,12,23,合庫-鳳山,2024-01-19,1029
8096,擎亞,24,2,22,合庫-鳳山,2024-01-19,1029
2382,廣達,86,65,21,合庫-鳳山,2024-01-19,1029
2303,聯電,31,10,21,合庫-鳳山,2024-01-19,1029
5328,華容,20,0,20,合庫-鳳山,2024-01-19,1029
2002,中鋼,19,1,18,合庫-鳳山,2024-01-19,1029
2409,友達,18,0,18,合庫-鳳山,2024-01-19,1029
00712,復華富時不動產,17,0,17,合庫-鳳山,2024-01-19,1029
00933B,國泰10Y+金融債,18,1,17,合庫-鳳山,2024-01-19,1029
5347,世界,18,1,17,合庫-鳳山,2024-01-19,1029
2454,聯發科,15,0,15,合庫-鳳山,2024-01-19,1029
3010,華立,15,0,15,合庫-鳳山,2024-01-19,1029
5488,松普,23,8,15,合庫-鳳山,2024-01-19,1029
00904,新光臺灣半導體30,14,0,14,合庫-鳳山,2024-01-19,1029
2637,慧洋-KY,14,0,14,合庫-鳳山,2024-01-19,1029
2603,長榮,16,2,14,合庫-鳳山,2024-01-19,1029
1301,台塑,13,0,13,合庫-鳳山,2024-01-19,1029
00885,富邦越南,13,1,12,合庫-鳳山,2024-01-19,1029
00937B,群益ESG投等債20,16,4,12,合庫-鳳山,2024-01-19,1029
5443,均豪,13,2,11,合庫-鳳山,2024-01-19,1029
6719,力智,12,1,11,合庫-鳳山,2024-01-19,1029
8111,立��,11,0,11,合庫-鳳山,2024-01-19,1029
3483,力致,17,6,11,合庫-鳳山,2024-01-19,1029
2883,凱基金,13,2,11,合庫-鳳山,2024-01-19,1029
1101,台泥,14,4,10,合庫-鳳山,2024-01-19,1029
00664R,國泰臺灣加權反1,10,0,10,合庫-鳳山,2024-01-19,1029
00706L,期元大S＆P日圓正2,10,0,10,合庫-鳳山,2024-01-19,1029
1514,亞力,12,2,10,合庫-鳳山,2024-01-19,1029
1718,中纖,10,0,10,合庫-鳳山,2024-01-19,1029
2014,中鴻,10,0,10,合庫-鳳山,2024-01-19,1029
2022,聚亨,10,0,10,合庫-鳳山,2024-01-19,1029
6122,擎邦,10,0,10,合庫-鳳山,2024-01-19,1029
2615,萬海,11,2,9,合庫-鳳山,2024-01-19,1029
9919,康那香,9,0,9,合庫-鳳山,2024-01-19,1029
2618,長榮航,629,137,492,合庫-鳳山,2024-01-22,1029
00919,群益台灣精選高息,116,9,107,合庫-鳳山,2024-01-22,1029
1216,統一,105,0,105,合庫-鳳山,2024-01-22,1029
1314,中石化,80,3,77,合庫-鳳山,2024-01-22,1029
8096,擎亞,77,1,76,合庫-鳳山,2024-01-22,1029
6111,大宇資,76,2,74,合庫-鳳山,2024-01-22,1029
2610,華航,71,1,70,合庫-鳳山,2024-01-22,1029
00715L,期街口布蘭特正2,57,0,57,合庫-鳳山,2024-01-22,1029
00753L,中信中國50正2,51,0,51,合庫-鳳山,2024-01-22,1029
2317,鴻海,54,5,49,合庫-鳳山,2024-01-22,1029
00933B,國泰10Y+金融債,53,5,48,合庫-鳳山,2024-01-22,1029
00634R,富邦上証反1,40,0,40,合庫-鳳山,2024-01-22,1029
2338,光罩,57,27,30,合庫-鳳山,2024-01-22,1029
1213,大飲,28,0,28,合庫-鳳山,2024-01-22,1029
00882,中信中國高股息,75,50,25,合庫-鳳山,2024-01-22,1029
2324,仁寶,138,114,24,合庫-鳳山,2024-01-22,1029
5426,振發,37,13,24,合庫-鳳山,2024-01-22,1029
2609,陽明,35,13,22,合庫-鳳山,2024-01-22,1029
00632R,元大台灣50反1,20,0,20,合庫-鳳山,2024-01-22,1029
3714,富采,20,0,20,合庫-鳳山,2024-01-22,1029
4114,健喬,20,0,20,合庫-鳳山,2024-01-22,1029
6189,豐藝,20,0,20,合庫-鳳山,2024-01-22,1029
910322,康師傅-DR,20,0,20,合庫-鳳山,2024-01-22,1029
2313,華通,22,2,20,合庫-鳳山,2024-01-22,1029
2316,楠梓電,25,6,19,合庫-鳳山,2024-01-22,1029
2369,菱生,19,0,19,合庫-鳳山,2024-01-22,1029
5880,合庫金,19,1,18,合庫-鳳山,2024-01-22,1029
8059,凱碩,16,0,16,合庫-鳳山,2024-01-22,1029
00680L,元大美債20正2,15,0,15,合庫-鳳山,2024-01-22,1029
00679B,元大美債20年,15,0,15,合庫-鳳山,2024-01-22,1029
2357,華碩,15,0,15,合庫-鳳山,2024-01-22,1029
2834,臺企銀,15,0,15,合庫-鳳山,2024-01-22,1029
3623,富晶通,15,1,14,合庫-鳳山,2024-01-22,1029
1101,台泥,15,2,13,合庫-鳳山,2024-01-22,1029
00720B,元大投資級公司債,12,0,12,合庫-鳳山,2024-01-22,1029
3059,華晶科,14,2,12,合庫-鳳山,2024-01-22,1029
6233,旺玖,12,0,12,合庫-鳳山,2024-01-22,1029
6770,力積電,12,1,11,合庫-鳳山,2024-01-22,1029
2329,華泰,43,32,11,合庫-鳳山,2024-01-22,1029
2486,一詮,13,2,11,合庫-鳳山,2024-01-22,1029
3438,類比科,11,0,11,合庫-鳳山,2024-01-22,1029
2887,台新金,13,2,11,合庫-鳳山,2024-01-22,1029
2820,華票,10,0,10,合庫-鳳山,2024-01-22,1029
5398,慕康生醫,10,0,10,合庫-鳳山,2024-01-22,1029
9105,泰金寶-DR,10,0,10,合庫-鳳山,2024-01-22,1029
00878,國泰永續高股息,123,114,9,合庫-鳳山,2024-01-22,1029
2344,華邦電,10,1,9,合庫-鳳山,2024-01-22,1029
1303,南亞,15,7,8,合庫-鳳山,2024-01-22,1029
00931B,統一美債20年,7,0,7,合庫-鳳山,2024-01-22,1029
2641,正德,7,0,7,合庫-鳳山,2024-01-22,1029
2618,長榮航,617,9,608,合庫-鳳山,2024-01-23,1029
00632R,元大台灣50反1,121,0,121,合庫-鳳山,2024-01-23,1029
00679B,元大美債20年,101,1,100,合庫-鳳山,2024-01-23,1029
00687B,國泰20年美債,100,20,80,合庫-鳳山,2024-01-23,1029
3265,台星科,87,29,58,合庫-鳳山,2024-01-23,1029
2883,凱基金,51,1,50,合庫-鳳山,2024-01-23,1029
2329,華泰,57,13,44,合庫-鳳山,2024-01-23,1029
00857B,永豐20年美公債,40,0,40,合庫-鳳山,2024-01-23,1029
2457,飛宏,32,0,32,合庫-鳳山,2024-01-23,1029
1213,大飲,27,0,27,合庫-鳳山,2024-01-23,1029
2324,仁寶,95,71,24,合庫-鳳山,2024-01-23,1029
00929,復華台灣科技優息,31,9,22,合庫-鳳山,2024-01-23,1029
2609,陽明,55,35,20,合庫-鳳山,2024-01-23,1029
2603,長榮,28,8,20,合庫-鳳山,2024-01-23,1029
2303,聯電,121,103,18,合庫-鳳山,2024-01-23,1029
00673R,期元大S＆P原油反1,18,0,18,合庫-鳳山,2024-01-23,1029
8028,昇陽半導體,17,0,17,合庫-鳳山,2024-01-23,1029
00637L,元大滬深300正2,16,2,14,合庫-鳳山,2024-01-23,1029
6140,訊達,24,10,14,合庫-鳳山,2024-01-23,1029
6120,達運,14,2,12,合庫-鳳山,2024-01-23,1029
5880,合庫金,11,0,11,合庫-鳳山,2024-01-23,1029
2399,映泰,10,0,10,合庫-鳳山,2024-01-23,1029
4953,緯軟,10,0,10,合庫-鳳山,2024-01-23,1029
6284,佳邦,11,1,10,合庫-鳳山,2024-01-23,1029
2002,中鋼,9,0,9,合庫-鳳山,2024-01-23,1029
00680L,元大美債20正2,9,0,9,合庫-鳳山,2024-01-23,1029
2887,台新金,9,0,9,合庫-鳳山,2024-01-23,1029
5347,世界,10,2,8,合庫-鳳山,2024-01-23,1029
00934,中信成長高股息,20,12,8,合庫-鳳山,2024-01-23,1029
2328,廣宇,10,2,8,合庫-鳳山,2024-01-23,1029
5258,虹堡,8,0,8,合庫-鳳山,2024-01-23,1029
1434,福懋,7,0,7,合庫-鳳山,2024-01-23,1029
2344,華邦電,7,0,7,合庫-鳳山,2024-01-23,1029
3296,勝德,7,0,7,合庫-鳳山,2024-01-23,1029
4123,晟德,7,0,7,合庫-鳳山,2024-01-23,1029
6122,擎邦,7,0,7,合庫-鳳山,2024-01-23,1029
2634,漢翔,6,0,6,合庫-鳳山,2024-01-23,1029
00937B,群益ESG投等債20,10,4,6,合庫-鳳山,2024-01-23,1029
4979,華星光,14,8,6,合庫-鳳山,2024-01-23,1029
00877,復華中國5G,5,0,5,合庫-鳳山,2024-01-23,1029
00751B,元大AAA至A公司債,5,0,5,合庫-鳳山,2024-01-23,1029
00720B,元大投資級公司債,5,0,5,合庫-鳳山,2024-01-23,1029
1609,大亞,5,0,5,合庫-鳳山,2024-01-23,1029
1795,美時,5,0,5,合庫-鳳山,2024-01-23,1029
2355,敬鵬,5,0,5,合庫-鳳山,2024-01-23,1029
2419,仲琦,5,0,5,合庫-鳳山,2024-01-23,1029
2471,資通,5,0,5,合庫-鳳山,2024-01-23,1029
2633,台灣高鐵,5,0,5,合庫-鳳山,2024-01-23,1029
4909,新復興,5,0,5,合庫-鳳山,2024-01-23,1029
5398,慕康生醫,5,0,5,合庫-鳳山,2024-01-23,1029
00632R,元大台灣50反1,2000,0,2000,合庫-鳳山,2024-01-24,1029
2618,長榮航,498,16,482,合庫-鳳山,2024-01-24,1029
00882,中信中國高股息,176,0,176,合庫-鳳山,2024-01-24,1029
00715L,期街口布蘭特正2,68,20,48,合庫-鳳山,2024-01-24,1029
2313,華通,50,4,46,合庫-鳳山,2024-01-24,1029
00937B,群益ESG投等債20,48,7,41,合庫-鳳山,2024-01-24,1029
00633L,富邦上証正2,40,0,40,合庫-鳳山,2024-01-24,1029
6120,達運,40,0,40,合庫-鳳山,2024-01-24,1029
00679B,元大美債20年,40,0,40,合庫-鳳山,2024-01-24,1029
2369,菱生,117,85,32,合庫-鳳山,2024-01-24,1029
00933B,國泰10Y+金融債,30,0,30,合庫-鳳山,2024-01-24,1029
00753L,中信中國50正2,30,0,30,合庫-鳳山,2024-01-24,1029
2460,建通,30,0,30,合庫-鳳山,2024-01-24,1029
3499,環天科,30,0,30,合庫-鳳山,2024-01-24,1029
1609,大亞,33,6,27,合庫-鳳山,2024-01-24,1029
00680L,元大美債20正2,25,0,25,合庫-鳳山,2024-01-24,1029
3706,神達,36,11,25,合庫-鳳山,2024-01-24,1029
00688L,國泰20年美債正2,21,0,21,合庫-鳳山,2024-01-24,1029
6770,力積電,21,0,21,合庫-鳳山,2024-01-24,1029
2342,茂矽,20,0,20,合庫-鳳山,2024-01-24,1029
00919,群益台灣精選高息,22,4,18,合庫-鳳山,2024-01-24,1029
5234,達興材料,21,5,16,合庫-鳳山,2024-01-24,1029
2388,威盛,20,4,16,合庫-鳳山,2024-01-24,1029
2906,高林,20,4,16,合庫-鳳山,2024-01-24,1029
00706L,期元大S＆P日圓正2,15,0,15,合庫-鳳山,2024-01-24,1029
2329,華泰,24,10,14,合庫-鳳山,2024-01-24,1029
2344,華邦電,19,7,12,合庫-鳳山,2024-01-24,1029
00929,復華台灣科技優息,34,23,11,合庫-鳳山,2024-01-24,1029
3481,群創,16,6,10,合庫-鳳山,2024-01-24,1029
00687B,國泰20年美債,10,0,10,合庫-鳳山,2024-01-24,1029
1268,漢來美食,10,0,10,合庫-鳳山,2024-01-24,1029
00751B,元大AAA至A公司債,10,0,10,合庫-鳳山,2024-01-24,1029
1314,中石化,10,0,10,合庫-鳳山,2024-01-24,1029
2809,京城銀,10,0,10,合庫-鳳山,2024-01-24,1029
2881,富邦金,10,0,10,合庫-鳳山,2024-01-24,1029
3354,律勝,10,0,10,合庫-鳳山,2024-01-24,1029
3550,聯穎,10,0,10,合庫-鳳山,2024-01-24,1029
6284,佳邦,11,1,10,合庫-鳳山,2024-01-24,1029
6405,悅城,10,0,10,合庫-鳳山,2024-01-24,1029
9105,泰金寶-DR,10,0,10,合庫-鳳山,2024-01-24,1029
6531,愛普*,13,4,9,合庫-鳳山,2024-01-24,1029
00918,大華優利高填息30,9,0,9,合庫-鳳山,2024-01-24,1029
2882,國泰金,10,2,8,合庫-鳳山,2024-01-24,1029
2331,精英,8,0,8,合庫-鳳山,2024-01-24,1029
5880,合庫金,20,12,8,合庫-鳳山,2024-01-24,1029
2363,矽統,23,16,7,合庫-鳳山,2024-01-24,1029
2365,昆盈,10,3,7,合庫-鳳山,2024-01-24,1029
8071,能率網通,9,2,7,合庫-鳳山,2024-01-24,1029
1301,台塑,7,0,7,合庫-鳳山,2024-01-24,1029
00770,國泰北美科技,6,0,6,合庫-鳳山,2024-01-24,1029
2886,兆豐金,501,0,501,合庫-鳳山,2024-01-25,1029
2618,長榮航,304,0,304,合庫-鳳山,2024-01-25,1029
00687B,國泰20年美債,117,1,116,合庫-鳳山,2024-01-25,1029
6179,亞通,127,56,71,合庫-鳳山,2024-01-25,1029
00650L,復華香港正2,62,0,62,合庫-鳳山,2024-01-25,1029
00919,群益台灣精選高息,61,4,57,合庫-鳳山,2024-01-25,1029
00665L,富邦�琤肭磪囓�2,53,0,53,合庫-鳳山,2024-01-25,1029
00927,群益半導體收益,50,0,50,合庫-鳳山,2024-01-25,1029
00882,中信中國高股息,55,10,45,合庫-鳳山,2024-01-25,1029
1609,大亞,32,0,32,合庫-鳳山,2024-01-25,1029
2344,華邦電,48,17,31,合庫-鳳山,2024-01-25,1029
2603,長榮,32,3,29,合庫-鳳山,2024-01-25,1029
2867,三商壽,29,0,29,合庫-鳳山,2024-01-25,1029
6108,競國,26,1,25,合庫-鳳山,2024-01-25,1029
4533,協易機,21,0,21,合庫-鳳山,2024-01-25,1029
00933B,國泰10Y+金融債,23,3,20,合庫-鳳山,2024-01-25,1029
00679B,元大美債20年,19,0,19,合庫-鳳山,2024-01-25,1029
6113,亞矽,38,19,19,合庫-鳳山,2024-01-25,1029
2421,建準,28,9,19,合庫-鳳山,2024-01-25,1029
2882,國泰金,18,0,18,合庫-鳳山,2024-01-25,1029
4956,光鋐,27,10,17,合庫-鳳山,2024-01-25,1029
8096,擎亞,44,27,17,合庫-鳳山,2024-01-25,1029
6274,台燿,17,0,17,合庫-鳳山,2024-01-25,1029
00655L,國泰中國A50正2,15,0,15,合庫-鳳山,2024-01-25,1029
00680L,元大美債20正2,39,25,14,合庫-鳳山,2024-01-25,1029
3038,全台,17,3,14,合庫-鳳山,2024-01-25,1029
3706,神達,31,17,14,合庫-鳳山,2024-01-25,1029
3339,泰谷,22,9,13,合庫-鳳山,2024-01-25,1029
00904,新光臺灣半導體30,14,2,12,合庫-鳳山,2024-01-25,1029
6668,中揚光,12,0,12,合庫-鳳山,2024-01-25,1029
5880,合庫金,12,1,11,合庫-鳳山,2024-01-25,1029
2002,中鋼,14,3,11,合庫-鳳山,2024-01-25,1029
6770,力積電,11,0,11,合庫-鳳山,2024-01-25,1029
8112,至上,12,2,10,合庫-鳳山,2024-01-25,1029
1528,恩德,10,0,10,合庫-鳳山,2024-01-25,1029
2377,微星,11,1,10,合庫-鳳山,2024-01-25,1029
3059,華晶科,10,0,10,合庫-鳳山,2024-01-25,1029
6235,華孚,10,0,10,合庫-鳳山,2024-01-25,1029
6270,倍微,10,0,10,合庫-鳳山,2024-01-25,1029
00751B,元大AAA至A公司債,9,0,9,合庫-鳳山,2024-01-25,1029
00931B,統一美債20年,9,0,9,合庫-鳳山,2024-01-25,1029
00937B,群益ESG投等債20,27,18,9,合庫-鳳山,2024-01-25,1029
3149,正達,9,1,8,合庫-鳳山,2024-01-25,1029
8936,國統,10,2,8,合庫-鳳山,2024-01-25,1029
3265,台星科,7,0,7,合庫-鳳山,2024-01-25,1029
1524,耿鼎,7,0,7,合庫-鳳山,2024-01-25,1029
2365,昆盈,16,9,7,合庫-鳳山,2024-01-25,1029
2399,映泰,7,0,7,合庫-鳳山,2024-01-25,1029
5398,慕康生醫,17,10,7,合庫-鳳山,2024-01-25,1029
5234,達興材料,6,0,6,合庫-鳳山,2024-01-25,1029
2618,長榮航,314,2,312,合庫-鳳山,2024-01-26,1029
00687B,國泰20年美債,183,0,183,合庫-鳳山,2024-01-26,1029
2303,聯電,189,6,183,合庫-鳳山,2024-01-26,1029
00679B,元大美債20年,118,3,115,合庫-鳳山,2024-01-26,1029
2356,英業達,122,22,100,合庫-鳳山,2024-01-26,1029
00919,群益台灣精選高息,107,25,82,合庫-鳳山,2024-01-26,1029
00937B,群益ESG投等債20,58,6,52,合庫-鳳山,2024-01-26,1029
2417,圓剛,49,4,45,合庫-鳳山,2024-01-26,1029
00665L,富邦�琤肭磪囓�2,40,0,40,合庫-鳳山,2024-01-26,1029
2208,台船,38,0,38,合庫-鳳山,2024-01-26,1029
3438,類比科,34,0,34,合庫-鳳山,2024-01-26,1029
3483,力致,32,4,28,合庫-鳳山,2024-01-26,1029
3231,緯創,97,72,25,合庫-鳳山,2024-01-26,1029
3706,神達,30,7,23,合庫-鳳山,2024-01-26,1029
2520,冠德,21,0,21,合庫-鳳山,2024-01-26,1029
2611,志信,20,0,20,合庫-鳳山,2024-01-26,1029
00673R,期元大S＆P原油反1,18,0,18,合庫-鳳山,2024-01-26,1029
00878,國泰永續高股息,59,41,18,合庫-鳳山,2024-01-26,1029
2324,仁寶,24,7,17,合庫-鳳山,2024-01-26,1029
2353,宏��,37,20,17,合庫-鳳山,2024-01-26,1029
8096,擎亞,20,3,17,合庫-鳳山,2024-01-26,1029
2301,光寶科,16,0,16,合庫-鳳山,2024-01-26,1029
1101,台泥,16,0,16,合庫-鳳山,2024-01-26,1029
8110,華東,22,6,16,合庫-鳳山,2024-01-26,1029
00632R,元大台灣50反1,15,0,15,合庫-鳳山,2024-01-26,1029
00933B,國泰10Y+金融債,15,1,14,合庫-鳳山,2024-01-26,1029
1609,大亞,14,0,14,合庫-鳳山,2024-01-26,1029
00935,野村臺灣新科技50,13,0,13,合庫-鳳山,2024-01-26,1029
2436,偉詮電,13,0,13,合庫-鳳山,2024-01-26,1029
6113,亞矽,13,1,12,合庫-鳳山,2024-01-26,1029
00891,中信關鍵半導體,11,0,11,合庫-鳳山,2024-01-26,1029
6535,順藥,13,2,11,合庫-鳳山,2024-01-26,1029
00753L,中信中國50正2,10,0,10,合庫-鳳山,2024-01-26,1029
2431,聯昌,20,10,10,合庫-鳳山,2024-01-26,1029
5483,中美晶,10,0,10,合庫-鳳山,2024-01-26,1029
00676R,富邦臺灣加權反1,9,0,9,合庫-鳳山,2024-01-26,1029
2344,華邦電,75,66,9,合庫-鳳山,2024-01-26,1029
2457,飛宏,10,1,9,合庫-鳳山,2024-01-26,1029
3038,全台,9,0,9,合庫-鳳山,2024-01-26,1029
00637L,元大滬深300正2,11,3,8,合庫-鳳山,2024-01-26,1029
2609,陽明,30,22,8,合庫-鳳山,2024-01-26,1029
3454,晶睿,8,0,8,合庫-鳳山,2024-01-26,1029
00904,新光臺灣半導體30,10,3,7,合庫-鳳山,2024-01-26,1029
2882,國泰金,6,0,6,合庫-鳳山,2024-01-26,1029
3623,富晶通,8,2,6,合庫-鳳山,2024-01-26,1029
5426,振發,34,28,6,合庫-鳳山,2024-01-26,1029
8027,鈦昇,14,8,6,合庫-鳳山,2024-01-26,1029
2812,台中銀,5,0,5,合庫-鳳山,2024-01-26,1029
6235,華孚,6,1,5,合庫-鳳山,2024-01-26,1029
00931B,統一美債20年,5,0,5,合庫-鳳山,2024-01-26,1029
00632R,元大台灣50反1,1225,0,1225,合庫-鳳山,2024-01-29,1029
00637L,元大滬深300正2,301,0,301,合庫-鳳山,2024-01-29,1029
00679B,元大美債20年,180,0,180,合庫-鳳山,2024-01-29,1029
00933B,國泰10Y+金融債,70,3,67,合庫-鳳山,2024-01-29,1029
00687B,國泰20年美債,38,0,38,合庫-鳳山,2024-01-29,1029
2303,聯電,144,107,37,合庫-鳳山,2024-01-29,1029
6229,研通,33,0,33,合庫-鳳山,2024-01-29,1029
00753L,中信中國50正2,26,0,26,合庫-鳳山,2024-01-29,1029
3041,揚智,21,0,21,合庫-鳳山,2024-01-29,1029
6143,振曜,21,1,20,合庫-鳳山,2024-01-29,1029
4402,郡都開發,19,0,19,合庫-鳳山,2024-01-29,1029
2603,長榮,16,0,16,合庫-鳳山,2024-01-29,1029
8071,能率網通,37,21,16,合庫-鳳山,2024-01-29,1029
3483,力致,26,11,15,合庫-鳳山,2024-01-29,1029
00931B,統一美債20年,14,0,14,合庫-鳳山,2024-01-29,1029
2312,金寶,14,0,14,合庫-鳳山,2024-01-29,1029
6179,亞通,62,50,12,合庫-鳳山,2024-01-29,1029
2610,華航,22,11,11,合庫-鳳山,2024-01-29,1029
3265,台星科,14,3,11,合庫-鳳山,2024-01-29,1029
5258,虹堡,11,0,11,合庫-鳳山,2024-01-29,1029
6546,正基,12,1,11,合庫-鳳山,2024-01-29,1029
00919,群益台灣精選高息,10,0,10,合庫-鳳山,2024-01-29,1029
2417,圓剛,44,34,10,合庫-鳳山,2024-01-29,1029
2897,王道銀行,10,0,10,合庫-鳳山,2024-01-29,1029
6191,精成科,10,0,10,合庫-鳳山,2024-01-29,1029
6196,帆宣,17,7,10,合庫-鳳山,2024-01-29,1029
8110,華東,12,2,10,合庫-鳳山,2024-01-29,1029
00937B,群益ESG投等債20,32,23,9,合庫-鳳山,2024-01-29,1029
1101,台泥,11,3,8,合庫-鳳山,2024-01-29,1029
2355,敬鵬,8,0,8,合庫-鳳山,2024-01-29,1029
9105,泰金寶-DR,10,2,8,合庫-鳳山,2024-01-29,1029
2609,陽明,17,10,7,合庫-鳳山,2024-01-29,1029
2882,國泰金,7,0,7,合庫-鳳山,2024-01-29,1029
3339,泰谷,7,0,7,合庫-鳳山,2024-01-29,1029
3535,晶彩科,7,0,7,合庫-鳳山,2024-01-29,1029
6122,擎邦,7,0,7,合庫-鳳山,2024-01-29,1029
2362,藍天,6,0,6,合庫-鳳山,2024-01-29,1029
4979,華星光,7,1,6,合庫-鳳山,2024-01-29,1029
6270,倍微,13,7,6,合庫-鳳山,2024-01-29,1029
2329,華泰,8,2,6,合庫-鳳山,2024-01-29,1029
3360,尚立,28,22,6,合庫-鳳山,2024-01-29,1029
2363,矽統,12,7,5,合庫-鳳山,2024-01-29,1029
2421,建準,47,42,5,合庫-鳳山,2024-01-29,1029
00915,凱基優選高股息30,10,5,5,合庫-鳳山,2024-01-29,1029
00877,復華中國5G,5,0,5,合庫-鳳山,2024-01-29,1029
1713,國化,5,0,5,合庫-鳳山,2024-01-29,1029
2357,華碩,5,0,5,合庫-鳳山,2024-01-29,1029
2409,友達,5,0,5,合庫-鳳山,2024-01-29,1029
2618,長榮航,90,85,5,合庫-鳳山,2024-01-29,1029
4968,立積,6,1,5,合庫-鳳山,2024-01-29,1029
00637L,元大滬深300正2,279,0,279,合庫-鳳山,2024-01-30,1029
2610,華航,56,0,56,合庫-鳳山,2024-01-30,1029
00633L,富邦上証正2,72,17,55,合庫-鳳山,2024-01-30,1029
00919,群益台灣精選高息,54,7,47,合庫-鳳山,2024-01-30,1029
00715L,期街口布蘭特正2,48,10,38,合庫-鳳山,2024-01-30,1029
00933B,國泰10Y+金融債,37,0,37,合庫-鳳山,2024-01-30,1029
2885,元大金,33,0,33,合庫-鳳山,2024-01-30,1029
3576,聯合再生,31,0,31,合庫-鳳山,2024-01-30,1029
00753L,中信中國50正2,30,0,30,合庫-鳳山,2024-01-30,1029
2421,建準,41,16,25,合庫-鳳山,2024-01-30,1029
1101,台泥,23,0,23,合庫-鳳山,2024-01-30,1029
4909,新復興,26,4,22,合庫-鳳山,2024-01-30,1029
6143,振曜,20,2,18,合庫-鳳山,2024-01-30,1029
00642U,期元大S＆P石油,16,0,16,合庫-鳳山,2024-01-30,1029
00679B,元大美債20年,41,25,16,合庫-鳳山,2024-01-30,1029
2344,華邦電,16,0,16,合庫-鳳山,2024-01-30,1029
3481,群創,18,2,16,合庫-鳳山,2024-01-30,1029
2887,台新金,14,0,14,合庫-鳳山,2024-01-30,1029
00929,復華台灣科技優息,23,9,14,合庫-鳳山,2024-01-30,1029
3260,威剛,14,0,14,合庫-鳳山,2024-01-30,1029
2353,宏��,27,14,13,合庫-鳳山,2024-01-30,1029
2883,凱基金,13,0,13,合庫-鳳山,2024-01-30,1029
2002,中鋼,12,0,12,合庫-鳳山,2024-01-30,1029
1718,中纖,12,0,12,合庫-鳳山,2024-01-30,1029
6165,浪凡,29,17,12,合庫-鳳山,2024-01-30,1029
2409,友達,12,0,12,合庫-鳳山,2024-01-30,1029
4402,郡都開發,11,0,11,合庫-鳳山,2024-01-30,1029
6695,芯鼎,13,2,11,合庫-鳳山,2024-01-30,1029
6770,力積電,11,0,11,合庫-鳳山,2024-01-30,1029
00882,中信中國高股息,10,0,10,合庫-鳳山,2024-01-30,1029
00632R,元大台灣50反1,10,0,10,合庫-鳳山,2024-01-30,1029
1536,和大,10,0,10,合庫-鳳山,2024-01-30,1029
2884,玉山金,10,0,10,合庫-鳳山,2024-01-30,1029
2897,王道銀行,10,0,10,合庫-鳳山,2024-01-30,1029
4114,健喬,10,0,10,合庫-鳳山,2024-01-30,1029
1514,亞力,14,4,10,合庫-鳳山,2024-01-30,1029
00688L,國泰20年美債正2,10,1,9,合庫-鳳山,2024-01-30,1029
5251,天鉞電,10,1,9,合庫-鳳山,2024-01-30,1029
5426,振發,25,16,9,合庫-鳳山,2024-01-30,1029
00673R,期元大S＆P原油反1,8,0,8,合庫-鳳山,2024-01-30,1029
4188,安克,8,0,8,合庫-鳳山,2024-01-30,1029
8046,南電,8,0,8,合庫-鳳山,2024-01-30,1029
6462,神盾,13,6,7,合庫-鳳山,2024-01-30,1029
00881,國泰台灣5G+,10,3,7,合庫-鳳山,2024-01-30,1029
00687B,國泰20年美債,17,10,7,合庫-鳳山,2024-01-30,1029
2352,佳世達,8,1,7,合庫-鳳山,2024-01-30,1029
4908,前鼎,17,10,7,合庫-鳳山,2024-01-30,1029
3715,定穎投控,10,4,6,合庫-鳳山,2024-01-30,1029
00937B,群益ESG投等債20,21,15,6,合庫-鳳山,2024-01-30,1029
1905,華紙,6,0,6,合庫-鳳山,2024-01-30,1029
2886,兆豐金,505,6,499,合庫-鳳山,2024-01-31,1029
00665L,富邦�琤肭磪囓�2,300,0,300,合庫-鳳山,2024-01-31,1029
2618,長榮航,314,26,288,合庫-鳳山,2024-01-31,1029
00632R,元大台灣50反1,100,0,100,合庫-鳳山,2024-01-31,1029
00687B,國泰20年美債,83,2,81,合庫-鳳山,2024-01-31,1029
00933B,國泰10Y+金融債,51,0,51,合庫-鳳山,2024-01-31,1029
00680L,元大美債20正2,38,5,33,合庫-鳳山,2024-01-31,1029
3438,類比科,48,15,33,合庫-鳳山,2024-01-31,1029
00929,復華台灣科技優息,38,5,33,合庫-鳳山,2024-01-31,1029
3664,安瑞-KY,34,3,31,合庫-鳳山,2024-01-31,1029
2892,第一金,30,0,30,合庫-鳳山,2024-01-31,1029
6120,達運,60,30,30,合庫-鳳山,2024-01-31,1029
00919,群益台灣精選高息,49,21,28,合庫-鳳山,2024-01-31,1029
2303,聯電,29,4,25,合庫-鳳山,2024-01-31,1029
9945,潤泰新,32,10,22,合庫-鳳山,2024-01-31,1029
2356,英業達,38,16,22,合庫-鳳山,2024-01-31,1029
00753L,中信中國50正2,21,0,21,合庫-鳳山,2024-01-31,1029
2409,友達,23,2,21,合庫-鳳山,2024-01-31,1029
3231,緯創,79,58,21,合庫-鳳山,2024-01-31,1029
2888,新光金,20,0,20,合庫-鳳山,2024-01-31,1029
00688L,國泰20年美債正2,18,0,18,合庫-鳳山,2024-01-31,1029
2421,建準,19,1,18,合庫-鳳山,2024-01-31,1029
2017,官田鋼,16,0,16,合庫-鳳山,2024-01-31,1029
4909,新復興,16,1,15,合庫-鳳山,2024-01-31,1029
2609,陽明,30,16,14,合庫-鳳山,2024-01-31,1029
1101,台泥,13,0,13,合庫-鳳山,2024-01-31,1029
2867,三商壽,13,0,13,合庫-鳳山,2024-01-31,1029
6179,亞通,95,82,13,合庫-鳳山,2024-01-31,1029
8936,國統,23,11,12,合庫-鳳山,2024-01-31,1029
00888,永豐台灣ESG,12,0,12,合庫-鳳山,2024-01-31,1029
2313,華通,12,0,12,合庫-鳳山,2024-01-31,1029
2610,華航,11,0,11,合庫-鳳山,2024-01-31,1029
3376,新日興,22,11,11,合庫-鳳山,2024-01-31,1029
00904,新光臺灣半導體30,10,0,10,合庫-鳳山,2024-01-31,1029
00882,中信中國高股息,10,0,10,合庫-鳳山,2024-01-31,1029
6237,驊訊,12,2,10,合庫-鳳山,2024-01-31,1029
8096,擎亞,13,3,10,合庫-鳳山,2024-01-31,1029
2308,台達電,10,1,9,合庫-鳳山,2024-01-31,1029
4979,華星光,10,1,9,合庫-鳳山,2024-01-31,1029
2369,菱生,108,99,9,合庫-鳳山,2024-01-31,1029
2634,漢翔,11,2,9,合庫-鳳山,2024-01-31,1029
00931B,統一美債20年,11,3,8,合庫-鳳山,2024-01-31,1029
2603,長榮,10,2,8,合庫-鳳山,2024-01-31,1029
1609,大亞,11,3,8,合庫-鳳山,2024-01-31,1029
3583,辛耘,8,0,8,合庫-鳳山,2024-01-31,1029
6415,矽力*-KY,11,3,8,合庫-鳳山,2024-01-31,1029
2330,台積電,11,4,7,合庫-鳳山,2024-01-31,1029
2344,華邦電,7,0,7,合庫-鳳山,2024-01-31,1029
2812,台中銀,9,2,7,合庫-鳳山,2024-01-31,1029
3036,文曄,11,4,7,合庫-鳳山,2024-01-31,1029
00764B,群益25年美債,128,0,128,合庫-鳳山,2024-02-01,1029
4188,安克,100,8,92,合庫-鳳山,2024-02-01,1029
2618,長榮航,100,14,86,合庫-鳳山,2024-02-01,1029
3543,州巧,70,0,70,合庫-鳳山,2024-02-01,1029
00712,復華富時不動產,41,0,41,合庫-鳳山,2024-02-01,1029
00933B,國泰10Y+金融債,41,0,41,合庫-鳳山,2024-02-01,1029
1785,光洋科,40,0,40,合庫-鳳山,2024-02-01,1029
8936,國統,61,22,39,合庫-鳳山,2024-02-01,1029
00929,復華台灣科技優息,26,0,26,合庫-鳳山,2024-02-01,1029
2382,廣達,25,2,23,合庫-鳳山,2024-02-01,1029
8096,擎亞,56,33,23,合庫-鳳山,2024-02-01,1029
00891,中信關鍵半導體,22,0,22,合庫-鳳山,2024-02-01,1029
5512,力麒,21,0,21,合庫-鳳山,2024-02-01,1029
00679B,元大美債20年,20,0,20,合庫-鳳山,2024-02-01,1029
00882,中信中國高股息,22,3,19,合庫-鳳山,2024-02-01,1029
3360,尚立,22,7,15,合庫-鳳山,2024-02-01,1029
2017,官田鋼,15,1,14,合庫-鳳山,2024-02-01,1029
2303,聯電,13,1,12,合庫-鳳山,2024-02-01,1029
6243,迅杰,22,10,12,合庫-鳳山,2024-02-01,1029
5347,世界,10,0,10,合庫-鳳山,2024-02-01,1029
1301,台塑,10,0,10,合庫-鳳山,2024-02-01,1029
00706L,期元大S＆P日圓正2,10,0,10,合庫-鳳山,2024-02-01,1029
00830,國泰費城半導體,10,0,10,合庫-鳳山,2024-02-01,1029
2352,佳世達,11,1,10,合庫-鳳山,2024-02-01,1029
2485,兆赫,10,0,10,合庫-鳳山,2024-02-01,1029
3706,神達,30,20,10,合庫-鳳山,2024-02-01,1029
6179,亞通,131,121,10,合庫-鳳山,2024-02-01,1029
3051,力特,11,2,9,合庫-鳳山,2024-02-01,1029
6196,帆宣,8,0,8,合庫-鳳山,2024-02-01,1029
2409,友達,8,1,7,合庫-鳳山,2024-02-01,1029
3078,僑威,7,0,7,合庫-鳳山,2024-02-01,1029
2417,圓剛,12,5,7,合庫-鳳山,2024-02-01,1029
3231,緯創,63,56,7,合庫-鳳山,2024-02-01,1029
8011,台通,8,1,7,合庫-鳳山,2024-02-01,1029
00919,群益台灣精選高息,6,0,6,合庫-鳳山,2024-02-01,1029
2360,致茂,6,0,6,合庫-鳳山,2024-02-01,1029
1616,億泰,6,0,6,合庫-鳳山,2024-02-01,1029
3694,海華,7,1,6,合庫-鳳山,2024-02-01,1029
3711,日月光投控,6,0,6,合庫-鳳山,2024-02-01,1029
6188,廣明,6,0,6,合庫-鳳山,2024-02-01,1029
9945,潤泰新,6,0,6,合庫-鳳山,2024-02-01,1029
006208,富邦台50,5,0,5,合庫-鳳山,2024-02-01,1029
00673R,期元大S＆P原油反1,11,6,5,合庫-鳳山,2024-02-01,1029
00665L,富邦�琤肭磪囓�2,55,50,5,合庫-鳳山,2024-02-01,1029
00637L,元大滬深300正2,7,2,5,合庫-鳳山,2024-02-01,1029
00632R,元大台灣50反1,5,0,5,合庫-鳳山,2024-02-01,1029
3038,全台,5,0,5,合庫-鳳山,2024-02-01,1029
3374,精材,5,0,5,合庫-鳳山,2024-02-01,1029
4526,東台,5,0,5,合庫-鳳山,2024-02-01,1029
6198,瑞築,5,0,5,合庫-鳳山,2024-02-01,1029
00665L,富邦�琤肭磪囓�2,300,0,300,合庫-鳳山,2024-02-02,1029
2618,長榮航,300,9,291,合庫-鳳山,2024-02-02,1029
00929,復華台灣科技優息,171,9,162,合庫-鳳山,2024-02-02,1029
00937B,群益ESG投等債20,89,3,86,合庫-鳳山,2024-02-02,1029
00753L,中信中國50正2,78,0,78,合庫-鳳山,2024-02-02,1029
2303,聯電,74,6,68,合庫-鳳山,2024-02-02,1029
00933B,國泰10Y+金融債,45,0,45,合庫-鳳山,2024-02-02,1029
00687B,國泰20年美債,43,3,40,合庫-鳳山,2024-02-02,1029
2603,長榮,33,1,32,合庫-鳳山,2024-02-02,1029
8096,擎亞,151,121,30,合庫-鳳山,2024-02-02,1029
2408,南亞科,22,0,22,合庫-鳳山,2024-02-02,1029
2891,中信金,23,1,22,合庫-鳳山,2024-02-02,1029
8936,國統,44,22,22,合庫-鳳山,2024-02-02,1029
3287,廣寰科,24,3,21,合庫-鳳山,2024-02-02,1029
00712,復華富時不動產,25,5,20,合庫-鳳山,2024-02-02,1029
2017,官田鋼,20,0,20,合庫-鳳山,2024-02-02,1029
00919,群益台灣精選高息,28,8,20,合庫-鳳山,2024-02-02,1029
1514,亞力,31,12,19,合庫-鳳山,2024-02-02,1029
2363,矽統,24,5,19,合庫-鳳山,2024-02-02,1029
3520,華盈,18,0,18,合庫-鳳山,2024-02-02,1029
2353,宏��,24,8,16,合庫-鳳山,2024-02-02,1029
3354,律勝,15,0,15,合庫-鳳山,2024-02-02,1029
6139,亞翔,14,0,14,合庫-鳳山,2024-02-02,1029
4188,安克,14,1,13,合庫-鳳山,2024-02-02,1029
0056,元大高股息,18,6,12,合庫-鳳山,2024-02-02,1029
2014,中鴻,12,0,12,合庫-鳳山,2024-02-02,1029
4906,正文,13,1,12,合庫-鳳山,2024-02-02,1029
2324,仁寶,17,6,11,合庫-鳳山,2024-02-02,1029
2421,建準,49,38,11,合庫-鳳山,2024-02-02,1029
2352,佳世達,11,1,10,合庫-鳳山,2024-02-02,1029
2636,台驊控股,10,0,10,合庫-鳳山,2024-02-02,1029
2736,富野,10,0,10,合庫-鳳山,2024-02-02,1029
2889,國票金,12,2,10,合庫-鳳山,2024-02-02,1029
3052,夆典,10,0,10,合庫-鳳山,2024-02-02,1029
8044,網家,10,0,10,合庫-鳳山,2024-02-02,1029
2313,華通,10,1,9,合庫-鳳山,2024-02-02,1029
2748,雲品,10,1,9,合庫-鳳山,2024-02-02,1029
3481,群創,11,2,9,合庫-鳳山,2024-02-02,1029
3711,日月光投控,9,0,9,合庫-鳳山,2024-02-02,1029
5351,鈺創,9,0,9,合庫-鳳山,2024-02-02,1029
3036,文曄,34,26,8,合庫-鳳山,2024-02-02,1029
3312,弘憶股,11,3,8,合庫-鳳山,2024-02-02,1029
6547,高端疫苗,10,2,8,合庫-鳳山,2024-02-02,1029
2317,鴻海,10,3,7,合庫-鳳山,2024-02-02,1029
5426,振發,13,6,7,合庫-鳳山,2024-02-02,1029
1464,得力,6,0,6,合庫-鳳山,2024-02-02,1029
2465,麗臺,6,0,6,合庫-鳳山,2024-02-02,1029
6469,大樹,6,0,6,合庫-鳳山,2024-02-02,1029
6863,永道-KY,7,1,6,合庫-鳳山,2024-02-02,1029
3615,安可,14,9,5,合庫-鳳山,2024-02-02,1029
2369,菱生,125,7,118,合庫-鳳山,2024-02-05,1029
2323,中環,102,0,102,合庫-鳳山,2024-02-05,1029
00687B,國泰20年美債,85,0,85,合庫-鳳山,2024-02-05,1029
00680L,元大美債20正2,78,2,76,合庫-鳳山,2024-02-05,1029
3041,揚智,62,0,62,合庫-鳳山,2024-02-05,1029
2421,建準,63,5,58,合庫-鳳山,2024-02-05,1029
6179,亞通,74,20,54,合庫-鳳山,2024-02-05,1029
2356,英業達,65,12,53,合庫-鳳山,2024-02-05,1029
2303,聯電,58,6,52,合庫-鳳山,2024-02-05,1029
00715L,期街口布蘭特正2,50,0,50,合庫-鳳山,2024-02-05,1029
00706L,期元大S＆P日圓正2,50,0,50,合庫-鳳山,2024-02-05,1029
6547,高端疫苗,73,23,50,合庫-鳳山,2024-02-05,1029
1609,大亞,49,0,49,合庫-鳳山,2024-02-05,1029
00919,群益台灣精選高息,151,102,49,合庫-鳳山,2024-02-05,1029
00929,復華台灣科技優息,56,9,47,合庫-鳳山,2024-02-05,1029
3714,富采,40,0,40,合庫-鳳山,2024-02-05,1029
00933B,國泰10Y+金融債,34,0,34,合庫-鳳山,2024-02-05,1029
00679B,元大美債20年,36,7,29,合庫-鳳山,2024-02-05,1029
00931B,統一美債20年,28,0,28,合庫-鳳山,2024-02-05,1029
00937B,群益ESG投等債20,73,47,26,合庫-鳳山,2024-02-05,1029
00891,中信關鍵半導體,24,0,24,合庫-鳳山,2024-02-05,1029
2884,玉山金,23,0,23,合庫-鳳山,2024-02-05,1029
2887,台新金,28,5,23,合庫-鳳山,2024-02-05,1029
00688L,國泰20年美債正2,24,2,22,合庫-鳳山,2024-02-05,1029
6863,永道-KY,22,0,22,合庫-鳳山,2024-02-05,1029
00878,國泰永續高股息,40,18,22,合庫-鳳山,2024-02-05,1029
1517,利奇,20,0,20,合庫-鳳山,2024-02-05,1029
3591,艾笛森,20,0,20,合庫-鳳山,2024-02-05,1029
5351,鈺創,20,0,20,合庫-鳳山,2024-02-05,1029
1713,國化,17,0,17,合庫-鳳山,2024-02-05,1029
8088,品安,15,0,15,合庫-鳳山,2024-02-05,1029
1721,三晃,13,0,13,合庫-鳳山,2024-02-05,1029
3312,弘憶股,13,0,13,合庫-鳳山,2024-02-05,1029
3483,力致,21,8,13,合庫-鳳山,2024-02-05,1029
6684,安格,19,6,13,合庫-鳳山,2024-02-05,1029
8096,擎亞,14,1,13,合庫-鳳山,2024-02-05,1029
6112,邁達特,24,12,12,合庫-鳳山,2024-02-05,1029
00795B,中信美國公債20年,12,1,11,合庫-鳳山,2024-02-05,1029
2329,華泰,19,8,11,合庫-鳳山,2024-02-05,1029
2867,三商壽,11,0,11,合庫-鳳山,2024-02-05,1029
2882,國泰金,11,0,11,合庫-鳳山,2024-02-05,1029
00857B,永豐20年美公債,10,0,10,合庫-鳳山,2024-02-05,1029
5452,佶優,10,0,10,合庫-鳳山,2024-02-05,1029
5475,德宏,10,0,10,合庫-鳳山,2024-02-05,1029
6244,茂迪,10,0,10,合庫-鳳山,2024-02-05,1029
3376,新日興,29,19,10,合庫-鳳山,2024-02-05,1029
00720B,元大投資級公司債,15,6,9,合庫-鳳山,2024-02-05,1029
3583,辛耘,9,0,9,合庫-鳳山,2024-02-05,1029
3587,閎康,13,4,9,合庫-鳳山,2024-02-05,1029
6139,亞翔,10,1,9,合庫-鳳山,2024-02-05,1029
00632R,元大台灣50反1,1149,40,1109,合庫-鳳山,2024-02-15,1029
00753L,中信中國50正2,363,29,334,合庫-鳳山,2024-02-15,1029
00680L,元大美債20正2,158,10,148,合庫-鳳山,2024-02-15,1029
3481,群創,138,3,135,合庫-鳳山,2024-02-15,1029
00687B,國泰20年美債,121,0,121,合庫-鳳山,2024-02-15,1029
2610,華航,129,10,119,合庫-鳳山,2024-02-15,1029
00937B,群益ESG投等債20,134,20,114,合庫-鳳山,2024-02-15,1029
00679B,元大美債20年,119,6,113,合庫-鳳山,2024-02-15,1029
2344,華邦電,93,0,93,合庫-鳳山,2024-02-15,1029
00933B,國泰10Y+金融債,97,10,87,合庫-鳳山,2024-02-15,1029
2353,宏��,79,1,78,合庫-鳳山,2024-02-15,1029
00712,復華富時不動產,94,23,71,合庫-鳳山,2024-02-15,1029
6116,彩晶,50,0,50,合庫-鳳山,2024-02-15,1029
2317,鴻海,52,7,45,合庫-鳳山,2024-02-15,1029
00919,群益台灣精選高息,110,66,44,合庫-鳳山,2024-02-15,1029
3005,神基,45,2,43,合庫-鳳山,2024-02-15,1029
00931B,統一美債20年,42,0,42,合庫-鳳山,2024-02-15,1029
00688L,國泰20年美債正2,42,0,42,合庫-鳳山,2024-02-15,1029
2408,南亞科,44,4,40,合庫-鳳山,2024-02-15,1029
2820,華票,40,0,40,合庫-鳳山,2024-02-15,1029
6166,凌華,40,0,40,合庫-鳳山,2024-02-15,1029
3576,聯合再生,36,0,36,合庫-鳳山,2024-02-15,1029
8936,國統,33,4,29,合庫-鳳山,2024-02-15,1029
2002,中鋼,31,8,23,合庫-鳳山,2024-02-15,1029
5703,亞都,20,0,20,合庫-鳳山,2024-02-15,1029
6592,和潤企業,20,0,20,合庫-鳳山,2024-02-15,1029
8112,至上,21,1,20,合庫-鳳山,2024-02-15,1029
2834,臺企銀,20,1,19,合庫-鳳山,2024-02-15,1029
8086,宏捷科,22,4,18,合庫-鳳山,2024-02-15,1029
8089,康全電訊,21,3,18,合庫-鳳山,2024-02-15,1029
6112,邁達特,18,2,16,合庫-鳳山,2024-02-15,1029
5483,中美晶,14,0,14,合庫-鳳山,2024-02-15,1029
6770,力積電,19,5,14,合庫-鳳山,2024-02-15,1029
2308,台達電,14,1,13,合庫-鳳山,2024-02-15,1029
1514,亞力,13,0,13,合庫-鳳山,2024-02-15,1029
3694,海華,13,0,13,合庫-鳳山,2024-02-15,1029
1303,南亞,12,0,12,合庫-鳳山,2024-02-15,1029
2464,盟立,13,1,12,合庫-鳳山,2024-02-15,1029
4303,信立,20,8,12,合庫-鳳山,2024-02-15,1029
8996,高力,18,6,12,合庫-鳳山,2024-02-15,1029
00918,大華優利高填息30,11,0,11,合庫-鳳山,2024-02-15,1029
2515,中工,11,0,11,合庫-鳳山,2024-02-15,1029
2888,新光金,33,22,11,合庫-鳳山,2024-02-15,1029
00706L,期元大S＆P日圓正2,10,0,10,合庫-鳳山,2024-02-15,1029
2365,昆盈,14,4,10,合庫-鳳山,2024-02-15,1029
2867,三商壽,10,0,10,合庫-鳳山,2024-02-15,1029
3052,夆典,10,0,10,合庫-鳳山,2024-02-15,1029
4564,元翎,12,2,10,合庫-鳳山,2024-02-15,1029
6438,迅得,10,0,10,合庫-鳳山,2024-02-15,1029
4714,永捷,12,3,9,合庫-鳳山,2024-02-15,1029
00937B,群益ESG投等債20,123,6,117,合庫-鳳山,2024-02-16,1029
00687B,國泰20年美債,112,0,112,合庫-鳳山,2024-02-16,1029
00688L,國泰20年美債正2,111,0,111,合庫-鳳山,2024-02-16,1029
00665L,富邦�琤肭磪囓�2,100,10,90,合庫-鳳山,2024-02-16,1029
2820,華票,62,1,61,合庫-鳳山,2024-02-16,1029
00933B,國泰10Y+金融債,49,0,49,合庫-鳳山,2024-02-16,1029
00643,群益深証中小,37,0,37,合庫-鳳山,2024-02-16,1029
00753L,中信中國50正2,62,28,34,合庫-鳳山,2024-02-16,1029
4552,力達-KY,34,0,34,合庫-鳳山,2024-02-16,1029
1514,亞力,44,13,31,合庫-鳳山,2024-02-16,1029
2365,昆盈,56,26,30,合庫-鳳山,2024-02-16,1029
8473,山林水,31,1,30,合庫-鳳山,2024-02-16,1029
3231,緯創,84,59,25,合庫-鳳山,2024-02-16,1029
4188,安克,24,0,24,合庫-鳳山,2024-02-16,1029
00655L,國泰中國A50正2,23,0,23,合庫-鳳山,2024-02-16,1029
2887,台新金,23,1,22,合庫-鳳山,2024-02-16,1029
6533,晶心科,21,0,21,合庫-鳳山,2024-02-16,1029
00882,中信中國高股息,35,14,21,合庫-鳳山,2024-02-16,1029
00795B,中信美國公債20年,23,2,21,合庫-鳳山,2024-02-16,1029
1319,東陽,22,1,21,合庫-鳳山,2024-02-16,1029
2888,新光金,27,6,21,合庫-鳳山,2024-02-16,1029
2417,圓剛,42,22,20,合庫-鳳山,2024-02-16,1029
00878,國泰永續高股息,72,53,19,合庫-鳳山,2024-02-16,1029
2303,聯電,19,1,18,合庫-鳳山,2024-02-16,1029
3035,智原,22,4,18,合庫-鳳山,2024-02-16,1029
2362,藍天,27,10,17,合庫-鳳山,2024-02-16,1029
2371,大同,19,2,17,合庫-鳳山,2024-02-16,1029
4402,郡都開發,16,0,16,合庫-鳳山,2024-02-16,1029
2317,鴻海,15,0,15,合庫-鳳山,2024-02-16,1029
1529,樂事綠能,15,0,15,合庫-鳳山,2024-02-16,1029
2634,漢翔,25,10,15,合庫-鳳山,2024-02-16,1029
6164,華興,15,0,15,合庫-鳳山,2024-02-16,1029
6191,精成科,17,2,15,合庫-鳳山,2024-02-16,1029
6569,醫揚,15,0,15,合庫-鳳山,2024-02-16,1029
2356,英業達,38,24,14,合庫-鳳山,2024-02-16,1029
2338,光罩,24,10,14,合庫-鳳山,2024-02-16,1029
00679B,元大美債20年,20,6,14,合庫-鳳山,2024-02-16,1029
00931B,統一美債20年,25,12,13,合庫-鳳山,2024-02-16,1029
2062,橋椿,13,0,13,合庫-鳳山,2024-02-16,1029
2344,華邦電,26,13,13,合庫-鳳山,2024-02-16,1029
2850,新產,13,0,13,合庫-鳳山,2024-02-16,1029
3576,聯合再生,13,0,13,合庫-鳳山,2024-02-16,1029
00673R,期元大S＆P原油反1,12,0,12,合庫-鳳山,2024-02-16,1029
3438,類比科,135,123,12,合庫-鳳山,2024-02-16,1029
2382,廣達,73,62,11,合庫-鳳山,2024-02-16,1029
6139,亞翔,13,2,11,合庫-鳳山,2024-02-16,1029
00751B,元大AAA至A公司債,11,0,11,合庫-鳳山,2024-02-16,1029
4561,健椿,157,146,11,合庫-鳳山,2024-02-16,1029
00915,凱基優選高股息30,11,0,11,合庫-鳳山,2024-02-16,1029
00712,復華富時不動產,10,0,10,合庫-鳳山,2024-02-16,1029
00753L,中信中國50正2,139,0,139,合庫-鳳山,2024-02-19,1029
00637L,元大滬深300正2,108,2,106,合庫-鳳山,2024-02-19,1029
00665L,富邦�琤肭磪囓�2,115,10,105,合庫-鳳山,2024-02-19,1029
00680L,元大美債20正2,80,0,80,合庫-鳳山,2024-02-19,1029
8110,華東,112,43,69,合庫-鳳山,2024-02-19,1029
00937B,群益ESG投等債20,71,4,67,合庫-鳳山,2024-02-19,1029
00933B,國泰10Y+金融債,64,0,64,合庫-鳳山,2024-02-19,1029
00878,國泰永續高股息,76,12,64,合庫-鳳山,2024-02-19,1029
00687B,國泰20年美債,52,0,52,合庫-鳳山,2024-02-19,1029
00919,群益台灣精選高息,54,10,44,合庫-鳳山,2024-02-19,1029
3437,榮創,46,2,44,合庫-鳳山,2024-02-19,1029
3715,定穎投控,44,1,43,合庫-鳳山,2024-02-19,1029
00679B,元大美債20年,46,5,41,合庫-鳳山,2024-02-19,1029
00929,復華台灣科技優息,32,3,29,合庫-鳳山,2024-02-19,1029
2881,富邦金,30,3,27,合庫-鳳山,2024-02-19,1029
6156,松上,27,0,27,合庫-鳳山,2024-02-19,1029
2353,宏��,45,22,23,合庫-鳳山,2024-02-19,1029
3231,緯創,31,8,23,合庫-鳳山,2024-02-19,1029
00795B,中信美國公債20年,22,0,22,合庫-鳳山,2024-02-19,1029
8064,東捷,28,6,22,合庫-鳳山,2024-02-19,1029
1752,南光,20,0,20,合庫-鳳山,2024-02-19,1029
3287,廣寰科,20,0,20,合庫-鳳山,2024-02-19,1029
3623,富晶通,21,1,20,合庫-鳳山,2024-02-19,1029
00922,國泰台灣領袖50,19,0,19,合庫-鳳山,2024-02-19,1029
3438,類比科,36,17,19,合庫-鳳山,2024-02-19,1029
1701,中化,20,2,18,合庫-鳳山,2024-02-19,1029
3035,智原,19,2,17,合庫-鳳山,2024-02-19,1029
2618,長榮航,17,0,17,合庫-鳳山,2024-02-19,1029
2330,台積電,19,3,16,合庫-鳳山,2024-02-19,1029
00688L,國泰20年美債正2,16,0,16,合庫-鳳山,2024-02-19,1029
2457,飛宏,22,6,16,合庫-鳳山,2024-02-19,1029
3036,文曄,18,3,15,合庫-鳳山,2024-02-19,1029
2382,廣達,22,8,14,合庫-鳳山,2024-02-19,1029
2329,華泰,31,17,14,合庫-鳳山,2024-02-19,1029
2337,旺宏,14,0,14,合庫-鳳山,2024-02-19,1029
3483,力致,15,1,14,合庫-鳳山,2024-02-19,1029
6125,廣運,20,6,14,合庫-鳳山,2024-02-19,1029
2637,慧洋-KY,30,17,13,合庫-鳳山,2024-02-19,1029
5213,亞昕,13,0,13,合庫-鳳山,2024-02-19,1029
00712,復華富時不動產,13,0,13,合庫-鳳山,2024-02-19,1029
00632R,元大台灣50反1,15,3,12,合庫-鳳山,2024-02-19,1029
2355,敬鵬,28,16,12,合庫-鳳山,2024-02-19,1029
2465,麗臺,11,0,11,合庫-鳳山,2024-02-19,1029
00931B,統一美債20年,11,0,11,合庫-鳳山,2024-02-19,1029
1806,冠軍,11,0,11,合庫-鳳山,2024-02-19,1029
3010,華立,11,0,11,合庫-鳳山,2024-02-19,1029
3363,上詮,18,7,11,合庫-鳳山,2024-02-19,1029
006208,富邦台50,10,0,10,合庫-鳳山,2024-02-19,1029
00915,凱基優選高股息30,10,0,10,合庫-鳳山,2024-02-19,1029
1905,華紙,10,0,10,合庫-鳳山,2024-02-19,1029
00937B,群益ESG投等債20,195,6,189,合庫-鳳山,2024-02-20,1029
2489,瑞軒,138,5,133,合庫-鳳山,2024-02-20,1029
00929,復華台灣科技優息,233,102,131,合庫-鳳山,2024-02-20,1029
3494,誠研,100,0,100,合庫-鳳山,2024-02-20,1029
00878,國泰永續高股息,118,27,91,合庫-鳳山,2024-02-20,1029
00933B,國泰10Y+金融債,90,0,90,合庫-鳳山,2024-02-20,1029
2884,玉山金,65,1,64,合庫-鳳山,2024-02-20,1029
00753L,中信中國50正2,63,0,63,合庫-鳳山,2024-02-20,1029
4714,永捷,80,18,62,合庫-鳳山,2024-02-20,1029
00680L,元大美債20正2,57,0,57,合庫-鳳山,2024-02-20,1029
00918,大華優利高填息30,45,0,45,合庫-鳳山,2024-02-20,1029
3231,緯創,50,6,44,合庫-鳳山,2024-02-20,1029
00687B,國泰20年美債,40,1,39,合庫-鳳山,2024-02-20,1029
00891,中信關鍵半導體,42,6,36,合庫-鳳山,2024-02-20,1029
1785,光洋科,30,0,30,合庫-鳳山,2024-02-20,1029
5905,南仁湖,30,0,30,合庫-鳳山,2024-02-20,1029
3041,揚智,33,6,27,合庫-鳳山,2024-02-20,1029
2382,廣達,61,34,27,合庫-鳳山,2024-02-20,1029
2610,華航,33,6,27,合庫-鳳山,2024-02-20,1029
5426,振發,27,1,26,合庫-鳳山,2024-02-20,1029
2618,長榮航,26,2,24,合庫-鳳山,2024-02-20,1029
00795B,中信美國公債20年,22,0,22,合庫-鳳山,2024-02-20,1029
3360,尚立,22,0,22,合庫-鳳山,2024-02-20,1029
2376,技嘉,48,27,21,合庫-鳳山,2024-02-20,1029
00882,中信中國高股息,25,8,17,合庫-鳳山,2024-02-20,1029
911868,同方友友-DR,17,0,17,合庫-鳳山,2024-02-20,1029
00673R,期元大S＆P原油反1,16,0,16,合庫-鳳山,2024-02-20,1029
2417,圓剛,19,3,16,合庫-鳳山,2024-02-20,1029
2637,慧洋-KY,25,10,15,合庫-鳳山,2024-02-20,1029
2353,宏��,29,15,14,合庫-鳳山,2024-02-20,1029
3035,智原,18,5,13,合庫-鳳山,2024-02-20,1029
00922,國泰台灣領袖50,28,15,13,合庫-鳳山,2024-02-20,1029
00927,群益半導體收益,15,2,13,合庫-鳳山,2024-02-20,1029
00643,群益深証中小,13,0,13,合庫-鳳山,2024-02-20,1029
2421,建準,18,5,13,合庫-鳳山,2024-02-20,1029
00725B,國泰投資級公司債,12,0,12,合庫-鳳山,2024-02-20,1029
2356,英業達,18,6,12,合庫-鳳山,2024-02-20,1029
6179,亞通,15,3,12,合庫-鳳山,2024-02-20,1029
6470,宇智,12,0,12,合庫-鳳山,2024-02-20,1029
00688L,國泰20年美債正2,11,0,11,合庫-鳳山,2024-02-20,1029
1717,長興,11,0,11,合庫-鳳山,2024-02-20,1029
6156,松上,11,0,11,合庫-鳳山,2024-02-20,1029
2303,聯電,27,17,10,合庫-鳳山,2024-02-20,1029
2371,大同,12,2,10,合庫-鳳山,2024-02-20,1029
4188,安克,12,2,10,合庫-鳳山,2024-02-20,1029
4503,金雨,10,0,10,合庫-鳳山,2024-02-20,1029
4561,健椿,10,0,10,合庫-鳳山,2024-02-20,1029
8044,網家,10,0,10,合庫-鳳山,2024-02-20,1029
00931B,統一美債20年,9,0,9,合庫-鳳山,2024-02-20,1029
00907,永豐優息存股,10,1,9,合庫-鳳山,2024-02-20,1029
00632R,元大台灣50反1,250,0,250,合庫-鳳山,2024-02-21,1029
00878,國泰永續高股息,120,15,105,合庫-鳳山,2024-02-21,1029
00931B,統一美債20年,102,0,102,合庫-鳳山,2024-02-21,1029
4960,誠美材,101,1,100,合庫-鳳山,2024-02-21,1029
00882,中信中國高股息,103,5,98,合庫-鳳山,2024-02-21,1029
00937B,群益ESG投等債20,91,1,90,合庫-鳳山,2024-02-21,1029
00933B,國泰10Y+金融債,79,0,79,合庫-鳳山,2024-02-21,1029
2312,金寶,65,3,62,合庫-鳳山,2024-02-21,1029
1529,樂事綠能,62,1,61,合庫-鳳山,2024-02-21,1029
2344,華邦電,54,1,53,合庫-鳳山,2024-02-21,1029
3481,群創,62,9,53,合庫-鳳山,2024-02-21,1029
4414,如興,52,0,52,合庫-鳳山,2024-02-21,1029
3231,緯創,112,60,52,合庫-鳳山,2024-02-21,1029
2303,聯電,44,5,39,合庫-鳳山,2024-02-21,1029
2338,光罩,39,0,39,合庫-鳳山,2024-02-21,1029
2609,陽明,65,26,39,合庫-鳳山,2024-02-21,1029
00712,復華富時不動產,36,1,35,合庫-鳳山,2024-02-21,1029
5905,南仁湖,31,0,31,合庫-鳳山,2024-02-21,1029
3035,智原,33,5,28,合庫-鳳山,2024-02-21,1029
1905,華紙,27,0,27,合庫-鳳山,2024-02-21,1029
1449,佳和,26,0,26,合庫-鳳山,2024-02-21,1029
6282,康舒,27,1,26,合庫-鳳山,2024-02-21,1029
2543,皇昌,29,5,24,合庫-鳳山,2024-02-21,1029
2363,矽統,24,2,22,合庫-鳳山,2024-02-21,1029
00720B,元大投資級公司債,21,0,21,合庫-鳳山,2024-02-21,1029
3438,類比科,50,29,21,合庫-鳳山,2024-02-21,1029
6116,彩晶,21,0,21,合庫-鳳山,2024-02-21,1029
6120,達運,22,1,21,合庫-鳳山,2024-02-21,1029
00919,群益台灣精選高息,67,47,20,合庫-鳳山,2024-02-21,1029
00655L,國泰中國A50正2,20,0,20,合庫-鳳山,2024-02-21,1029
8096,擎亞,40,20,20,合庫-鳳山,2024-02-21,1029
00665L,富邦�琤肭磪囓�2,19,0,19,合庫-鳳山,2024-02-21,1029
2884,玉山金,19,0,19,合庫-鳳山,2024-02-21,1029
3706,神達,43,24,19,合庫-鳳山,2024-02-21,1029
4714,永捷,19,0,19,合庫-鳳山,2024-02-21,1029
00929,復華台灣科技優息,70,51,19,合庫-鳳山,2024-02-21,1029
3163,波若威,23,5,18,合庫-鳳山,2024-02-21,1029
2332,友訊,15,0,15,合庫-鳳山,2024-02-21,1029
6156,松上,15,0,15,合庫-鳳山,2024-02-21,1029
2367,燿華,15,1,14,合庫-鳳山,2024-02-21,1029
3325,旭品,18,5,13,合庫-鳳山,2024-02-21,1029
4123,晟德,13,0,13,合庫-鳳山,2024-02-21,1029
00687B,國泰20年美債,13,1,12,合庫-鳳山,2024-02-21,1029
2476,鉅祥,12,0,12,合庫-鳳山,2024-02-21,1029
9103,美德醫療-DR,16,4,12,合庫-鳳山,2024-02-21,1029
00751B,元大AAA至A公司債,11,0,11,合庫-鳳山,2024-02-21,1029
00795B,中信美國公債20年,11,0,11,合庫-鳳山,2024-02-21,1029
2358,廷鑫,11,0,11,合庫-鳳山,2024-02-21,1029
2376,技嘉,34,24,10,合庫-鳳山,2024-02-21,1029
2317,鴻海,10,0,10,合庫-鳳山,2024-02-21,1029
2892,第一金,153,6,147,合庫-鳳山,2024-02-22,1029
00937B,群益ESG投等債20,123,0,123,合庫-鳳山,2024-02-22,1029
00687B,國泰20年美債,84,0,84,合庫-鳳山,2024-02-22,1029
2356,英業達,82,19,63,合庫-鳳山,2024-02-22,1029
2637,慧洋-KY,62,2,60,合庫-鳳山,2024-02-22,1029
3231,緯創,77,25,52,合庫-鳳山,2024-02-22,1029
3438,類比科,72,25,47,合庫-鳳山,2024-02-22,1029
4552,力達-KY,41,0,41,合庫-鳳山,2024-02-22,1029
00680L,元大美債20正2,40,0,40,合庫-鳳山,2024-02-22,1029
5905,南仁湖,40,0,40,合庫-鳳山,2024-02-22,1029
9904,寶成,33,0,33,合庫-鳳山,2024-02-22,1029
00931B,統一美債20年,31,0,31,合庫-鳳山,2024-02-22,1029
2417,圓剛,45,14,31,合庫-鳳山,2024-02-22,1029
2489,瑞軒,52,21,31,合庫-鳳山,2024-02-22,1029
2303,聯電,53,22,31,合庫-鳳山,2024-02-22,1029
00637L,元大滬深300正2,29,0,29,合庫-鳳山,2024-02-22,1029
00919,群益台灣精選高息,50,22,28,合庫-鳳山,2024-02-22,1029
00933B,國泰10Y+金融債,27,0,27,合庫-鳳山,2024-02-22,1029
00795B,中信美國公債20年,22,0,22,合庫-鳳山,2024-02-22,1029
1101,台泥,25,3,22,合庫-鳳山,2024-02-22,1029
3013,晟銘電,29,8,21,合庫-鳳山,2024-02-22,1029
6274,台燿,26,5,21,合庫-鳳山,2024-02-22,1029
00696B,富邦美債20年,20,0,20,合庫-鳳山,2024-02-22,1029
4561,健椿,23,3,20,合庫-鳳山,2024-02-22,1029
6005,群益證,20,0,20,合庫-鳳山,2024-02-22,1029
00712,復華富時不動產,19,0,19,合庫-鳳山,2024-02-22,1029
6156,松上,19,0,19,合庫-鳳山,2024-02-22,1029
2371,大同,52,34,18,合庫-鳳山,2024-02-22,1029
00923,群益台ESG低碳50,17,1,16,合庫-鳳山,2024-02-22,1029
2617,台航,17,1,16,合庫-鳳山,2024-02-22,1029
2610,華航,15,0,15,合庫-鳳山,2024-02-22,1029
2884,玉山金,17,2,15,合庫-鳳山,2024-02-22,1029
3481,群創,18,4,14,合庫-鳳山,2024-02-22,1029
1513,中興電,26,13,13,合庫-鳳山,2024-02-22,1029
2312,金寶,131,118,13,合庫-鳳山,2024-02-22,1029
2353,宏��,41,29,12,合庫-鳳山,2024-02-22,1029
6684,安格,34,22,12,合庫-鳳山,2024-02-22,1029
1514,亞力,21,9,12,合庫-鳳山,2024-02-22,1029
1785,光洋科,11,0,11,合庫-鳳山,2024-02-22,1029
8210,勤誠,11,0,11,合庫-鳳山,2024-02-22,1029
5498,凱崴,33,22,11,合庫-鳳山,2024-02-22,1029
1713,國化,10,0,10,合庫-鳳山,2024-02-22,1029
1809,中釉,15,5,10,合庫-鳳山,2024-02-22,1029
2421,建準,18,8,10,合庫-鳳山,2024-02-22,1029
2634,漢翔,10,0,10,合庫-鳳山,2024-02-22,1029
3234,光環,10,0,10,合庫-鳳山,2024-02-22,1029
3354,律勝,10,0,10,合庫-鳳山,2024-02-22,1029
3360,尚立,10,0,10,合庫-鳳山,2024-02-22,1029
3535,晶彩科,10,0,10,合庫-鳳山,2024-02-22,1029
6136,富爾特,10,0,10,合庫-鳳山,2024-02-22,1029
00933B,國泰10Y+金融債,311,45,266,合庫-鳳山,2024-02-23,1029
2329,華泰,96,25,71,合庫-鳳山,2024-02-23,1029
2313,華通,99,34,65,合庫-鳳山,2024-02-23,1029
00919,群益台灣精選高息,75,22,53,合庫-鳳山,2024-02-23,1029
2609,陽明,54,7,47,合庫-鳳山,2024-02-23,1029
2884,玉山金,45,0,45,合庫-鳳山,2024-02-23,1029
00679B,元大美債20年,30,0,30,合庫-鳳山,2024-02-23,1029
2610,華航,30,0,30,合庫-鳳山,2024-02-23,1029
6270,倍微,30,0,30,合庫-鳳山,2024-02-23,1029
8096,擎亞,50,21,29,合庫-鳳山,2024-02-23,1029
00929,復華台灣科技優息,78,50,28,合庫-鳳山,2024-02-23,1029
1785,光洋科,27,0,27,合庫-鳳山,2024-02-23,1029
3025,星通,30,4,26,合庫-鳳山,2024-02-23,1029
4714,永捷,48,23,25,合庫-鳳山,2024-02-23,1029
2017,官田鋼,23,0,23,合庫-鳳山,2024-02-23,1029
6156,松上,22,0,22,合庫-鳳山,2024-02-23,1029
3010,華立,21,0,21,合庫-鳳山,2024-02-23,1029
00632R,元大台灣50反1,21,0,21,合庫-鳳山,2024-02-23,1029
3231,緯創,116,96,20,合庫-鳳山,2024-02-23,1029
5905,南仁湖,20,0,20,合庫-鳳山,2024-02-23,1029
2618,長榮航,20,0,20,合庫-鳳山,2024-02-23,1029
6116,彩晶,20,1,19,合庫-鳳山,2024-02-23,1029
00712,復華富時不動產,18,0,18,合庫-鳳山,2024-02-23,1029
00795B,中信美國公債20年,17,0,17,合庫-鳳山,2024-02-23,1029
2208,台船,18,1,17,合庫-鳳山,2024-02-23,1029
6189,豐藝,52,36,16,合庫-鳳山,2024-02-23,1029
6167,久正,21,6,15,合庫-鳳山,2024-02-23,1029
6530,創威,16,1,15,合庫-鳳山,2024-02-23,1029
4552,力達-KY,14,0,14,合庫-鳳山,2024-02-23,1029
6257,矽格,25,11,14,合庫-鳳山,2024-02-23,1029
2408,南亞科,13,0,13,合庫-鳳山,2024-02-23,1029
2417,圓剛,24,11,13,合庫-鳳山,2024-02-23,1029
8150,南茂,13,0,13,合庫-鳳山,2024-02-23,1029
1303,南亞,15,2,13,合庫-鳳山,2024-02-23,1029
1718,中纖,12,0,12,合庫-鳳山,2024-02-23,1029
2303,聯電,20,8,12,合庫-鳳山,2024-02-23,1029
2365,昆盈,12,0,12,合庫-鳳山,2024-02-23,1029
2405,輔信,29,17,12,合庫-鳳山,2024-02-23,1029
3483,力致,12,0,12,合庫-鳳山,2024-02-23,1029
8936,國統,14,2,12,合庫-鳳山,2024-02-23,1029
00882,中信中國高股息,12,0,12,合庫-鳳山,2024-02-23,1029
5880,合庫金,15,4,11,合庫-鳳山,2024-02-23,1029
2489,瑞軒,15,4,11,合庫-鳳山,2024-02-23,1029
00720B,元大投資級公司債,11,0,11,合庫-鳳山,2024-02-23,1029
6282,康舒,12,2,10,合庫-鳳山,2024-02-23,1029
6126,信音,11,1,10,合庫-鳳山,2024-02-23,1029
00927,群益半導體收益,16,6,10,合庫-鳳山,2024-02-23,1029
2332,友訊,13,3,10,合庫-鳳山,2024-02-23,1029
3321,同泰,11,1,10,合庫-鳳山,2024-02-23,1029
2882,國泰金,10,0,10,合庫-鳳山,2024-02-23,1029
00878,國泰永續高股息,80,13,67,合庫-鳳山,2024-02-26,1029
00680L,元大美債20正2,59,0,59,合庫-鳳山,2024-02-26,1029
2027,大成鋼,70,12,58,合庫-鳳山,2024-02-26,1029
6226,光鼎,50,0,50,合庫-鳳山,2024-02-26,1029
6120,達運,40,0,40,合庫-鳳山,2024-02-26,1029
2884,玉山金,34,0,34,合庫-鳳山,2024-02-26,1029
3321,同泰,31,0,31,合庫-鳳山,2024-02-26,1029
4526,東台,32,1,31,合庫-鳳山,2024-02-26,1029
1717,長興,38,8,30,合庫-鳳山,2024-02-26,1029
2313,華通,29,3,26,合庫-鳳山,2024-02-26,1029
00753L,中信中國50正2,25,0,25,合庫-鳳山,2024-02-26,1029
00919,群益台灣精選高息,28,5,23,合庫-鳳山,2024-02-26,1029
00632R,元大台灣50反1,23,0,23,合庫-鳳山,2024-02-26,1029
6288,聯嘉,24,1,23,合庫-鳳山,2024-02-26,1029
2641,正德,21,0,21,合庫-鳳山,2024-02-26,1029
2809,京城銀,21,0,21,合庫-鳳山,2024-02-26,1029
6416,瑞祺電通,21,0,21,合庫-鳳山,2024-02-26,1029
1568,倉佑,20,0,20,合庫-鳳山,2024-02-26,1029
6829,千附精密,20,0,20,合庫-鳳山,2024-02-26,1029
00679B,元大美債20年,20,2,18,合庫-鳳山,2024-02-26,1029
5284,jpp-KY,18,0,18,合庫-鳳山,2024-02-26,1029
2337,旺宏,17,0,17,合庫-鳳山,2024-02-26,1029
5607,遠雄港,17,0,17,合庫-鳳山,2024-02-26,1029
2409,友達,17,1,16,合庫-鳳山,2024-02-26,1029
2356,英業達,19,4,15,合庫-鳳山,2024-02-26,1029
2449,京元電子,23,9,14,合庫-鳳山,2024-02-26,1029
1449,佳和,20,6,14,合庫-鳳山,2024-02-26,1029
3707,漢磊,14,0,14,合庫-鳳山,2024-02-26,1029
00882,中信中國高股息,13,0,13,合庫-鳳山,2024-02-26,1029
2609,陽明,17,4,13,合庫-鳳山,2024-02-26,1029
00795B,中信美國公債20年,16,3,13,合庫-鳳山,2024-02-26,1029
2538,基泰,13,0,13,合庫-鳳山,2024-02-26,1029
00637L,元大滬深300正2,12,0,12,合庫-鳳山,2024-02-26,1029
1504,東元,15,3,12,合庫-鳳山,2024-02-26,1029
2382,廣達,17,6,11,合庫-鳳山,2024-02-26,1029
2547,日勝生,11,0,11,合庫-鳳山,2024-02-26,1029
2888,新光金,26,15,11,合庫-鳳山,2024-02-26,1029
6239,力成,13,2,11,合庫-鳳山,2024-02-26,1029
9105,泰金寶-DR,21,10,11,合庫-鳳山,2024-02-26,1029
6592,和潤企業,10,0,10,合庫-鳳山,2024-02-26,1029
00915,凱基優選高股息30,10,0,10,合庫-鳳山,2024-02-26,1029
00634R,富邦上証反1,10,0,10,合庫-鳳山,2024-02-26,1029
2355,敬鵬,16,6,10,合庫-鳳山,2024-02-26,1029
2820,華票,10,0,10,合庫-鳳山,2024-02-26,1029
3708,上緯投控,12,2,10,合庫-鳳山,2024-02-26,1029
4958,臻鼎-KY,10,0,10,合庫-鳳山,2024-02-26,1029
5905,南仁湖,10,0,10,合庫-鳳山,2024-02-26,1029
6140,訊達,10,0,10,合庫-鳳山,2024-02-26,1029
911868,同方友友-DR,10,0,10,合庫-鳳山,2024-02-26,1029
2882,國泰金,14,5,9,合庫-鳳山,2024-02-26,1029
00937B,群益ESG投等債20,201,0,201,合庫-鳳山,2024-02-27,1029
00687B,國泰20年美債,129,0,129,合庫-鳳山,2024-02-27,1029
00929,復華台灣科技優息,158,38,120,合庫-鳳山,2024-02-27,1029
9105,泰金寶-DR,103,0,103,合庫-鳳山,2024-02-27,1029
1810,和成,100,0,100,合庫-鳳山,2024-02-27,1029
00664R,國泰臺灣加權反1,91,0,91,合庫-鳳山,2024-02-27,1029
8096,擎亞,81,18,63,合庫-鳳山,2024-02-27,1029
2408,南亞科,66,3,63,合庫-鳳山,2024-02-27,1029
00712,復華富時不動產,68,12,56,合庫-鳳山,2024-02-27,1029
2377,微星,46,1,45,合庫-鳳山,2024-02-27,1029
2610,華航,38,0,38,合庫-鳳山,2024-02-27,1029
00878,國泰永續高股息,156,120,36,合庫-鳳山,2024-02-27,1029
3037,欣興,39,6,33,合庫-鳳山,2024-02-27,1029
6125,廣運,38,6,32,合庫-鳳山,2024-02-27,1029
3231,緯創,107,77,30,合庫-鳳山,2024-02-27,1029
2438,翔耀,30,0,30,合庫-鳳山,2024-02-27,1029
3483,力致,63,34,29,合庫-鳳山,2024-02-27,1029
00933B,國泰10Y+金融債,52,23,29,合庫-鳳山,2024-02-27,1029
1303,南亞,27,3,24,合庫-鳳山,2024-02-27,1029
00688L,國泰20年美債正2,21,0,21,合庫-鳳山,2024-02-27,1029
6156,松上,21,0,21,合庫-鳳山,2024-02-27,1029
00919,群益台灣精選高息,94,74,20,合庫-鳳山,2024-02-27,1029
4908,前鼎,24,5,19,合庫-鳳山,2024-02-27,1029
2002,中鋼,24,7,17,合庫-鳳山,2024-02-27,1029
2641,正德,22,5,17,合庫-鳳山,2024-02-27,1029
8040,九暘,24,7,17,合庫-鳳山,2024-02-27,1029
8046,南電,18,1,17,合庫-鳳山,2024-02-27,1029
00679B,元大美債20年,19,3,16,合庫-鳳山,2024-02-27,1029
1316,上曜,20,5,15,合庫-鳳山,2024-02-27,1029
2891,中信金,16,1,15,合庫-鳳山,2024-02-27,1029
3005,神基,18,3,15,合庫-鳳山,2024-02-27,1029
6233,旺玖,39,24,15,合庫-鳳山,2024-02-27,1029
1711,永光,49,35,14,合庫-鳳山,2024-02-27,1029
2367,燿華,32,18,14,合庫-鳳山,2024-02-27,1029
6167,久正,15,1,14,合庫-鳳山,2024-02-27,1029
2313,華通,29,15,14,合庫-鳳山,2024-02-27,1029
2382,廣達,28,14,14,合庫-鳳山,2024-02-27,1029
3481,群創,15,2,13,合庫-鳳山,2024-02-27,1029
3105,穩懋,13,0,13,合庫-鳳山,2024-02-27,1029
3450,聯鈞,13,1,12,合庫-鳳山,2024-02-27,1029
1319,東陽,18,6,12,合庫-鳳山,2024-02-27,1029
2421,建準,15,3,12,合庫-鳳山,2024-02-27,1029
5284,jpp-KY,12,0,12,合庫-鳳山,2024-02-27,1029
6120,達運,22,11,11,合庫-鳳山,2024-02-27,1029
8926,台汽電,13,2,11,合庫-鳳山,2024-02-27,1029
1514,亞力,29,18,11,合庫-鳳山,2024-02-27,1029
3033,威健,10,0,10,合庫-鳳山,2024-02-27,1029
00931B,統一美債20年,10,0,10,合庫-鳳山,2024-02-27,1029
00680L,元大美債20正2,11,1,10,合庫-鳳山,2024-02-27,1029
00697B,元大美債7-10,10,0,10,合庫-鳳山,2024-02-27,1029
00687B,國泰20年美債,186,1,185,合庫-鳳山,2024-02-29,1029
00937B,群益ESG投等債20,124,1,123,合庫-鳳山,2024-02-29,1029
00933B,國泰10Y+金融債,93,1,92,合庫-鳳山,2024-02-29,1029
1522,堤維西,166,97,69,合庫-鳳山,2024-02-29,1029
00680L,元大美債20正2,55,0,55,合庫-鳳山,2024-02-29,1029
00643,群益深証中小,43,0,43,合庫-鳳山,2024-02-29,1029
2605,新興,45,4,41,合庫-鳳山,2024-02-29,1029
00679B,元大美債20年,43,6,37,合庫-鳳山,2024-02-29,1029
9105,泰金寶-DR,33,0,33,合庫-鳳山,2024-02-29,1029
0056,元大高股息,38,7,31,合庫-鳳山,2024-02-29,1029
00929,復華台灣科技優息,42,12,30,合庫-鳳山,2024-02-29,1029
3576,聯合再生,28,0,28,合庫-鳳山,2024-02-29,1029
8050,廣積,34,8,26,合庫-鳳山,2024-02-29,1029
2329,華泰,28,4,24,合庫-鳳山,2024-02-29,1029
1301,台塑,23,0,23,合庫-鳳山,2024-02-29,1029
00913,兆豐台灣晶圓製造,23,0,23,合庫-鳳山,2024-02-29,1029
2610,華航,25,2,23,合庫-鳳山,2024-02-29,1029
00673R,期元大S＆P原油反1,21,0,21,合庫-鳳山,2024-02-29,1029
3360,尚立,25,5,20,合庫-鳳山,2024-02-29,1029
4552,力達-KY,20,0,20,合庫-鳳山,2024-02-29,1029
00919,群益台灣精選高息,29,10,19,合庫-鳳山,2024-02-29,1029
2834,臺企銀,28,10,18,合庫-鳳山,2024-02-29,1029
2495,普安,21,3,18,合庫-鳳山,2024-02-29,1029
2353,宏��,20,3,17,合庫-鳳山,2024-02-29,1029
6770,力積電,17,0,17,合庫-鳳山,2024-02-29,1029
00757,統一FANG+,15,0,15,合庫-鳳山,2024-02-29,1029
00720B,元大投資級公司債,15,0,15,合庫-鳳山,2024-02-29,1029
1101,台泥,15,0,15,合庫-鳳山,2024-02-29,1029
2303,聯電,42,27,15,合庫-鳳山,2024-02-29,1029
2431,聯昌,24,9,15,合庫-鳳山,2024-02-29,1029
4402,郡都開發,14,0,14,合庫-鳳山,2024-02-29,1029
1712,興農,13,0,13,合庫-鳳山,2024-02-29,1029
3390,旭軟,21,8,13,合庫-鳳山,2024-02-29,1029
3450,聯鈞,13,0,13,合庫-鳳山,2024-02-29,1029
2062,橋椿,13,1,12,合庫-鳳山,2024-02-29,1029
5013,強新,12,0,12,合庫-鳳山,2024-02-29,1029
6156,松上,12,0,12,合庫-鳳山,2024-02-29,1029
1303,南亞,12,1,11,合庫-鳳山,2024-02-29,1029
3105,穩懋,11,0,11,合庫-鳳山,2024-02-29,1029
3479,安勤,11,0,11,合庫-鳳山,2024-02-29,1029
5284,jpp-KY,11,0,11,合庫-鳳山,2024-02-29,1029
00690,兆豐藍籌30,10,0,10,合庫-鳳山,2024-02-29,1029
00632R,元大台灣50反1,10,0,10,合庫-鳳山,2024-02-29,1029
1713,國化,10,0,10,合庫-鳳山,2024-02-29,1029
2836,高雄銀,10,0,10,合庫-鳳山,2024-02-29,1029
4503,金雨,10,0,10,合庫-鳳山,2024-02-29,1029
6179,亞通,11,1,10,合庫-鳳山,2024-02-29,1029
6243,迅杰,10,0,10,合庫-鳳山,2024-02-29,1029
6270,倍微,10,0,10,合庫-鳳山,2024-02-29,1029
2884,玉山金,18,8,10,合庫-鳳山,2024-02-29,1029
00919,群益台灣精選高息,337,62,275,合庫-鳳山,2024-03-01,1029
00687B,國泰20年美債,129,0,129,合庫-鳳山,2024-03-01,1029
00918,大華優利高填息30,124,10,114,合庫-鳳山,2024-03-01,1029
00929,復華台灣科技優息,84,13,71,合庫-鳳山,2024-03-01,1029
00643,群益深証中小,62,0,62,合庫-鳳山,2024-03-01,1029
3231,緯創,100,41,59,合庫-鳳山,2024-03-01,1029
00937B,群益ESG投等債20,75,21,54,合庫-鳳山,2024-03-01,1029
1717,長興,52,0,52,合庫-鳳山,2024-03-01,1029
2883,凱基金,61,11,50,合庫-鳳山,2024-03-01,1029
2408,南亞科,43,0,43,合庫-鳳山,2024-03-01,1029
2609,陽明,49,7,42,合庫-鳳山,2024-03-01,1029
2492,華新科,40,0,40,合庫-鳳山,2024-03-01,1029
3036,文曄,38,7,31,合庫-鳳山,2024-03-01,1029
00878,國泰永續高股息,71,42,29,合庫-鳳山,2024-03-01,1029
6664,群翊,26,0,26,合庫-鳳山,2024-03-01,1029
00673R,期元大S＆P原油反1,25,0,25,合庫-鳳山,2024-03-01,1029
1303,南亞,22,0,22,合庫-鳳山,2024-03-01,1029
00680L,元大美債20正2,28,6,22,合庫-鳳山,2024-03-01,1029
3706,神達,26,5,21,合庫-鳳山,2024-03-01,1029
2002,中鋼,21,0,21,合庫-鳳山,2024-03-01,1029
00715L,期街口布蘭特正2,20,0,20,合庫-鳳山,2024-03-01,1029
2637,慧洋-KY,22,3,19,合庫-鳳山,2024-03-01,1029
2615,萬海,17,0,17,合庫-鳳山,2024-03-01,1029
6235,華孚,18,2,16,合庫-鳳山,2024-03-01,1029
2363,矽統,18,4,14,合庫-鳳山,2024-03-01,1029
2441,超豐,13,0,13,合庫-鳳山,2024-03-01,1029
1319,東陽,14,2,12,合庫-鳳山,2024-03-01,1029
5521,工信,12,0,12,合庫-鳳山,2024-03-01,1029
6126,信音,12,0,12,合庫-鳳山,2024-03-01,1029
2303,聯電,13,1,12,合庫-鳳山,2024-03-01,1029
2362,藍天,11,0,11,合庫-鳳山,2024-03-01,1029
3294,英濟,11,0,11,合庫-鳳山,2024-03-01,1029
1524,耿鼎,12,1,11,合庫-鳳山,2024-03-01,1029
3443,創意,13,3,10,合庫-鳳山,2024-03-01,1029
4927,泰鼎-KY,10,0,10,合庫-鳳山,2024-03-01,1029
00639,富邦深100,10,0,10,合庫-鳳山,2024-03-01,1029
00720B,元大投資級公司債,15,5,10,合庫-鳳山,2024-03-01,1029
1316,上曜,26,16,10,合庫-鳳山,2024-03-01,1029
2498,宏達電,11,1,10,合庫-鳳山,2024-03-01,1029
3703,欣陸,10,0,10,合庫-鳳山,2024-03-01,1029
6191,精成科,10,0,10,合庫-鳳山,2024-03-01,1029
6275,元山,10,0,10,合庫-鳳山,2024-03-01,1029
6415,矽力*-KY,13,3,10,合庫-鳳山,2024-03-01,1029
8085,福華,14,4,10,合庫-鳳山,2024-03-01,1029
2323,中環,10,0,10,合庫-鳳山,2024-03-01,1029
00933B,國泰10Y+金融債,13,4,9,合庫-鳳山,2024-03-01,1029
1529,樂事綠能,10,1,9,合庫-鳳山,2024-03-01,1029
2409,友達,9,0,9,合庫-鳳山,2024-03-01,1029
3322,建舜電,11,2,9,合庫-鳳山,2024-03-01,1029
4402,郡都開發,9,0,9,合庫-鳳山,2024-03-01,1029
00937B,群益ESG投等債20,122,2,120,合庫-鳳山,2024-03-04,1029
00929,復華台灣科技優息,137,42,95,合庫-鳳山,2024-03-04,1029
2356,英業達,100,17,83,合庫-鳳山,2024-03-04,1029
00632R,元大台灣50反1,81,0,81,合庫-鳳山,2024-03-04,1029
00918,大華優利高填息30,66,1,65,合庫-鳳山,2024-03-04,1029
2327,國巨,53,0,53,合庫-鳳山,2024-03-04,1029
00687B,國泰20年美債,64,12,52,合庫-鳳山,2024-03-04,1029
2888,新光金,65,20,45,合庫-鳳山,2024-03-04,1029
00919,群益台灣精選高息,184,143,41,合庫-鳳山,2024-03-04,1029
1409,新纖,39,0,39,合庫-鳳山,2024-03-04,1029
2880,華南金,40,2,38,合庫-鳳山,2024-03-04,1029
2338,光罩,35,0,35,合庫-鳳山,2024-03-04,1029
6282,康舒,36,1,35,合庫-鳳山,2024-03-04,1029
00891,中信關鍵半導體,35,3,32,合庫-鳳山,2024-03-04,1029
3701,大眾控,33,2,31,合庫-鳳山,2024-03-04,1029
2610,華航,30,3,27,合庫-鳳山,2024-03-04,1029
1303,南亞,29,2,27,合庫-鳳山,2024-03-04,1029
00878,國泰永續高股息,71,45,26,合庫-鳳山,2024-03-04,1029
1905,華紙,32,6,26,合庫-鳳山,2024-03-04,1029
4968,立積,26,0,26,合庫-鳳山,2024-03-04,1029
2329,華泰,31,5,26,合庫-鳳山,2024-03-04,1029
2206,三陽工業,26,2,24,合庫-鳳山,2024-03-04,1029
3005,神基,64,41,23,合庫-鳳山,2024-03-04,1029
00753L,中信中國50正2,23,0,23,合庫-鳳山,2024-03-04,1029
3231,緯創,60,37,23,合庫-鳳山,2024-03-04,1029
8089,康全電訊,20,0,20,合庫-鳳山,2024-03-04,1029
1314,中石化,21,2,19,合庫-鳳山,2024-03-04,1029
1513,中興電,25,8,17,合庫-鳳山,2024-03-04,1029
2303,聯電,29,12,17,合庫-鳳山,2024-03-04,1029
00680L,元大美債20正2,27,10,17,合庫-鳳山,2024-03-04,1029
00639,富邦深100,16,0,16,合庫-鳳山,2024-03-04,1029
00715L,期街口布蘭特正2,20,4,16,合庫-鳳山,2024-03-04,1029
2324,仁寶,53,37,16,合庫-鳳山,2024-03-04,1029
00933B,國泰10Y+金融債,17,2,15,合庫-鳳山,2024-03-04,1029
4188,安克,15,0,15,合庫-鳳山,2024-03-04,1029
2353,宏��,39,25,14,合庫-鳳山,2024-03-04,1029
2376,技嘉,20,6,14,合庫-鳳山,2024-03-04,1029
2002,中鋼,28,15,13,合庫-鳳山,2024-03-04,1029
3623,富晶通,12,0,12,合庫-鳳山,2024-03-04,1029
3707,漢磊,12,0,12,合庫-鳳山,2024-03-04,1029
00751B,元大AAA至A公司債,11,0,11,合庫-鳳山,2024-03-04,1029
2344,華邦電,12,1,11,合庫-鳳山,2024-03-04,1029
2634,漢翔,11,0,11,合庫-鳳山,2024-03-04,1029
3234,光環,14,3,11,合庫-鳳山,2024-03-04,1029
1514,亞力,18,8,10,合庫-鳳山,2024-03-04,1029
00643,群益深証中小,10,0,10,合庫-鳳山,2024-03-04,1029
1727,中華化,10,0,10,合庫-鳳山,2024-03-04,1029
2421,建準,11,1,10,合庫-鳳山,2024-03-04,1029
2458,義隆,10,0,10,合庫-鳳山,2024-03-04,1029
2489,瑞軒,12,2,10,合庫-鳳山,2024-03-04,1029
00712,復華富時不動產,205,2,203,合庫-鳳山,2024-03-05,1029
1522,堤維西,213,42,171,合庫-鳳山,2024-03-05,1029
00937B,群益ESG投等債20,158,5,153,合庫-鳳山,2024-03-05,1029
1303,南亞,123,0,123,合庫-鳳山,2024-03-05,1029
00918,大華優利高填息30,92,19,73,合庫-鳳山,2024-03-05,1029
00632R,元大台灣50反1,115,50,65,合庫-鳳山,2024-03-05,1029
4906,正文,88,28,60,合庫-鳳山,2024-03-05,1029
2002,中鋼,62,4,58,合庫-鳳山,2024-03-05,1029
2883,凱基金,50,0,50,合庫-鳳山,2024-03-05,1029
3090,日電貿,50,0,50,合庫-鳳山,2024-03-05,1029
6167,久正,50,2,48,合庫-鳳山,2024-03-05,1029
2888,新光金,41,0,41,合庫-鳳山,2024-03-05,1029
3021,鴻名,41,0,41,合庫-鳳山,2024-03-05,1029
4114,健喬,40,0,40,合庫-鳳山,2024-03-05,1029
3060,銘異,38,0,38,合庫-鳳山,2024-03-05,1029
00915,凱基優選高股息30,40,5,35,合庫-鳳山,2024-03-05,1029
2485,兆赫,35,0,35,合庫-鳳山,2024-03-05,1029
00680L,元大美債20正2,30,0,30,合庫-鳳山,2024-03-05,1029
2801,彰銀,30,0,30,合庫-鳳山,2024-03-05,1029
2409,友達,27,0,27,合庫-鳳山,2024-03-05,1029
2337,旺宏,27,0,27,合庫-鳳山,2024-03-05,1029
3260,威剛,29,2,27,合庫-鳳山,2024-03-05,1029
4552,力達-KY,25,0,25,合庫-鳳山,2024-03-05,1029
2887,台新金,27,2,25,合庫-鳳山,2024-03-05,1029
2371,大同,30,6,24,合庫-鳳山,2024-03-05,1029
00753L,中信中國50正2,22,0,22,合庫-鳳山,2024-03-05,1029
1455,集盛,52,30,22,合庫-鳳山,2024-03-05,1029
00665L,富邦�琤肭磪囓�2,20,0,20,合庫-鳳山,2024-03-05,1029
8054,安國,27,7,20,合庫-鳳山,2024-03-05,1029
00933B,國泰10Y+金融債,21,2,19,合庫-鳳山,2024-03-05,1029
5009,榮剛,19,1,18,合庫-鳳山,2024-03-05,1029
1773,勝一,18,0,18,合庫-鳳山,2024-03-05,1029
1409,新纖,24,7,17,合庫-鳳山,2024-03-05,1029
1785,光洋科,21,4,17,合庫-鳳山,2024-03-05,1029
8096,擎亞,56,40,16,合庫-鳳山,2024-03-05,1029
3481,群創,39,24,15,合庫-鳳山,2024-03-05,1029
4402,郡都開發,15,0,15,合庫-鳳山,2024-03-05,1029
6664,群翊,15,0,15,合庫-鳳山,2024-03-05,1029
2344,華邦電,15,0,15,合庫-鳳山,2024-03-05,1029
2609,陽明,37,22,15,合庫-鳳山,2024-03-05,1029
1711,永光,14,0,14,合庫-鳳山,2024-03-05,1029
2880,華南金,13,0,13,合庫-鳳山,2024-03-05,1029
2312,金寶,13,0,13,合庫-鳳山,2024-03-05,1029
6770,力積電,23,10,13,合庫-鳳山,2024-03-05,1029
1605,華新,11,0,11,合庫-鳳山,2024-03-05,1029
2464,盟立,11,0,11,合庫-鳳山,2024-03-05,1029
8064,東捷,15,4,11,合庫-鳳山,2024-03-05,1029
1319,東陽,10,0,10,合庫-鳳山,2024-03-05,1029
2204,中華,10,0,10,合庫-鳳山,2024-03-05,1029
2492,華新科,12,2,10,合庫-鳳山,2024-03-05,1029
00919,群益台灣精選高息,290,42,248,合庫-鳳山,2024-03-06,1029
3481,群創,204,13,191,合庫-鳳山,2024-03-06,1029
2516,新建,98,6,92,合庫-鳳山,2024-03-06,1029
2610,華航,93,3,90,合庫-鳳山,2024-03-06,1029
00937B,群益ESG投等債20,60,2,58,合庫-鳳山,2024-03-06,1029
00933B,國泰10Y+金融債,56,0,56,合庫-鳳山,2024-03-06,1029
00632R,元大台灣50反1,201,151,50,合庫-鳳山,2024-03-06,1029
2605,新興,49,0,49,合庫-鳳山,2024-03-06,1029
1609,大亞,78,30,48,合庫-鳳山,2024-03-06,1029
2356,英業達,118,74,44,合庫-鳳山,2024-03-06,1029
3231,緯創,53,19,34,合庫-鳳山,2024-03-06,1029
1303,南亞,33,0,33,合庫-鳳山,2024-03-06,1029
8936,國統,32,0,32,合庫-鳳山,2024-03-06,1029
3483,力致,44,13,31,合庫-鳳山,2024-03-06,1029
4114,健喬,30,0,30,合庫-鳳山,2024-03-06,1029
8476,台境*,25,1,24,合庫-鳳山,2024-03-06,1029
00918,大華優利高填息30,43,20,23,合庫-鳳山,2024-03-06,1029
6245,立端,23,0,23,合庫-鳳山,2024-03-06,1029
8096,擎亞,22,0,22,合庫-鳳山,2024-03-06,1029
2353,宏��,27,6,21,合庫-鳳山,2024-03-06,1029
00753L,中信中國50正2,20,0,20,合庫-鳳山,2024-03-06,1029
00715L,期街口布蘭特正2,20,0,20,合庫-鳳山,2024-03-06,1029
2457,飛宏,20,0,20,合庫-鳳山,2024-03-06,1029
2845,遠東銀,20,0,20,合庫-鳳山,2024-03-06,1029
6141,柏承,20,1,19,合庫-鳳山,2024-03-06,1029
2301,光寶科,21,2,19,合庫-鳳山,2024-03-06,1029
1316,上曜,37,19,18,合庫-鳳山,2024-03-06,1029
6163,華電網,31,14,17,合庫-鳳山,2024-03-06,1029
6179,亞通,16,0,16,合庫-鳳山,2024-03-06,1029
6547,高端疫苗,31,15,16,合庫-鳳山,2024-03-06,1029
00642U,期元大S＆P石油,15,0,15,合庫-鳳山,2024-03-06,1029
2515,中工,25,10,15,合庫-鳳山,2024-03-06,1029
2903,遠百,16,1,15,合庫-鳳山,2024-03-06,1029
2352,佳世達,15,1,14,合庫-鳳山,2024-03-06,1029
6197,佳必琪,14,1,13,合庫-鳳山,2024-03-06,1029
2409,友達,12,0,12,合庫-鳳山,2024-03-06,1029
2329,華泰,19,7,12,合庫-鳳山,2024-03-06,1029
1301,台塑,12,0,12,合庫-鳳山,2024-03-06,1029
1802,台玻,12,0,12,合庫-鳳山,2024-03-06,1029
2206,三陽工業,17,5,12,合庫-鳳山,2024-03-06,1029
5521,工信,20,8,12,合庫-鳳山,2024-03-06,1029
8926,台汽電,12,0,12,合庫-鳳山,2024-03-06,1029
3105,穩懋,11,0,11,合庫-鳳山,2024-03-06,1029
3706,神達,15,4,11,合庫-鳳山,2024-03-06,1029
4939,亞電,16,5,11,合庫-鳳山,2024-03-06,1029
6257,矽格,22,11,11,合庫-鳳山,2024-03-06,1029
8091,翔名,11,0,11,合庫-鳳山,2024-03-06,1029
6531,愛普*,14,4,10,合庫-鳳山,2024-03-06,1029
2498,宏達電,10,0,10,合庫-鳳山,2024-03-06,1029
2633,台灣高鐵,10,0,10,合庫-鳳山,2024-03-06,1029
00919,群益台灣精選高息,342,88,254,合庫-鳳山,2024-03-07,1029
00632R,元大台灣50反1,206,30,176,合庫-鳳山,2024-03-07,1029
00687B,國泰20年美債,197,22,175,合庫-鳳山,2024-03-07,1029
2356,英業達,168,11,157,合庫-鳳山,2024-03-07,1029
4714,永捷,84,5,79,合庫-鳳山,2024-03-07,1029
3481,群創,118,53,65,合庫-鳳山,2024-03-07,1029
2002,中鋼,51,1,50,合庫-鳳山,2024-03-07,1029
2610,華航,58,10,48,合庫-鳳山,2024-03-07,1029
1815,富喬,60,17,43,合庫-鳳山,2024-03-07,1029
3576,聯合再生,32,0,32,合庫-鳳山,2024-03-07,1029
3010,華立,30,1,29,合庫-鳳山,2024-03-07,1029
5203,訊連,29,0,29,合庫-鳳山,2024-03-07,1029
3060,銘異,26,0,26,合庫-鳳山,2024-03-07,1029
2367,燿華,57,32,25,合庫-鳳山,2024-03-07,1029
4128,中天,30,5,25,合庫-鳳山,2024-03-07,1029
00918,大華優利高填息30,46,22,24,合庫-鳳山,2024-03-07,1029
2486,一詮,43,19,24,合庫-鳳山,2024-03-07,1029
3036,文曄,24,0,24,合庫-鳳山,2024-03-07,1029
1303,南亞,22,0,22,合庫-鳳山,2024-03-07,1029
1316,上曜,63,41,22,合庫-鳳山,2024-03-07,1029
4123,晟德,22,0,22,合庫-鳳山,2024-03-07,1029
00680L,元大美債20正2,40,19,21,合庫-鳳山,2024-03-07,1029
1773,勝一,37,16,21,合庫-鳳山,2024-03-07,1029
00715L,期街口布蘭特正2,20,0,20,合庫-鳳山,2024-03-07,1029
3346,麗清,20,0,20,合庫-鳳山,2024-03-07,1029
4529,淳紳,20,0,20,合庫-鳳山,2024-03-07,1029
1608,華榮,20,1,19,合庫-鳳山,2024-03-07,1029
6161,捷波,19,0,19,合庫-鳳山,2024-03-07,1029
2609,陽明,26,7,19,合庫-鳳山,2024-03-07,1029
00753L,中信中國50正2,19,2,17,合庫-鳳山,2024-03-07,1029
2352,佳世達,34,17,17,合庫-鳳山,2024-03-07,1029
9902,台火,17,0,17,合庫-鳳山,2024-03-07,1029
2034,允強,15,0,15,合庫-鳳山,2024-03-07,1029
2337,旺宏,15,0,15,合庫-鳳山,2024-03-07,1029
6275,元山,39,24,15,合庫-鳳山,2024-03-07,1029
2887,台新金,17,2,15,合庫-鳳山,2024-03-07,1029
2481,強茂,14,0,14,合庫-鳳山,2024-03-07,1029
2368,金像電,19,5,14,合庫-鳳山,2024-03-07,1029
1305,華夏,14,0,14,合庫-鳳山,2024-03-07,1029
2615,萬海,15,1,14,合庫-鳳山,2024-03-07,1029
6168,宏齊,15,1,14,合庫-鳳山,2024-03-07,1029
8096,擎亞,14,0,14,合庫-鳳山,2024-03-07,1029
6125,廣運,23,9,14,合庫-鳳山,2024-03-07,1029
2421,建準,24,11,13,合庫-鳳山,2024-03-07,1029
00915,凱基優選高股息30,14,1,13,合庫-鳳山,2024-03-07,1029
2409,友達,16,3,13,合庫-鳳山,2024-03-07,1029
6591,動力-KY,16,3,13,合庫-鳳山,2024-03-07,1029
2457,飛宏,13,1,12,合庫-鳳山,2024-03-07,1029
4906,正文,32,20,12,合庫-鳳山,2024-03-07,1029
6415,矽力*-KY,13,1,12,合庫-鳳山,2024-03-07,1029
1522,堤維西,158,1,157,合庫-鳳山,2024-03-08,1029
00687B,國泰20年美債,144,10,134,合庫-鳳山,2024-03-08,1029
2002,中鋼,121,9,112,合庫-鳳山,2024-03-08,1029
00937B,群益ESG投等債20,127,23,104,合庫-鳳山,2024-03-08,1029
00637L,元大滬深300正2,100,0,100,合庫-鳳山,2024-03-08,1029
3094,聯傑,65,4,61,合庫-鳳山,2024-03-08,1029
2838,聯邦銀,60,0,60,合庫-鳳山,2024-03-08,1029
6270,倍微,51,0,51,合庫-鳳山,2024-03-08,1029
00923,群益台ESG低碳50,53,6,47,合庫-鳳山,2024-03-08,1029
1570,力肯,40,0,40,合庫-鳳山,2024-03-08,1029
1721,三晃,40,0,40,合庫-鳳山,2024-03-08,1029
2342,茂矽,38,0,38,合庫-鳳山,2024-03-08,1029
2882,國泰金,50,13,37,合庫-鳳山,2024-03-08,1029
6182,合晶,62,25,37,合庫-鳳山,2024-03-08,1029
3483,力致,34,0,34,合庫-鳳山,2024-03-08,1029
00929,復華台灣科技優息,103,71,32,合庫-鳳山,2024-03-08,1029
1517,利奇,45,13,32,合庫-鳳山,2024-03-08,1029
4306,炎洲,31,0,31,合庫-鳳山,2024-03-08,1029
5498,凱崴,42,11,31,合庫-鳳山,2024-03-08,1029
1216,統一,30,0,30,合庫-鳳山,2024-03-08,1029
3260,威剛,30,3,27,合庫-鳳山,2024-03-08,1029
00753L,中信中國50正2,26,0,26,合庫-鳳山,2024-03-08,1029
5347,世界,30,6,24,合庫-鳳山,2024-03-08,1029
2371,大同,35,13,22,合庫-鳳山,2024-03-08,1029
4188,安克,22,0,22,合庫-鳳山,2024-03-08,1029
2603,長榮,42,20,22,合庫-鳳山,2024-03-08,1029
4114,健喬,21,0,21,合庫-鳳山,2024-03-08,1029
6274,台燿,24,3,21,合庫-鳳山,2024-03-08,1029
5009,榮剛,20,0,20,合庫-鳳山,2024-03-08,1029
2441,超豐,21,1,20,合庫-鳳山,2024-03-08,1029
2449,京元電子,38,18,20,合庫-鳳山,2024-03-08,1029
1471,首利,19,0,19,合庫-鳳山,2024-03-08,1029
3105,穩懋,23,6,17,合庫-鳳山,2024-03-08,1029
00915,凱基優選高股息30,16,0,16,合庫-鳳山,2024-03-08,1029
1314,中石化,21,5,16,合庫-鳳山,2024-03-08,1029
2609,陽明,29,14,15,合庫-鳳山,2024-03-08,1029
1303,南亞,17,2,15,合庫-鳳山,2024-03-08,1029
6125,廣運,32,17,15,合庫-鳳山,2024-03-08,1029
3052,夆典,15,0,15,合庫-鳳山,2024-03-08,1029
6005,群益證,22,7,15,合庫-鳳山,2024-03-08,1029
8476,台境*,15,0,15,合庫-鳳山,2024-03-08,1029
00772B,中信高評級公司債,15,0,15,合庫-鳳山,2024-03-08,1029
2317,鴻海,14,1,13,合庫-鳳山,2024-03-08,1029
3481,群創,38,24,14,合庫-鳳山,2024-03-08,1029
00712,復華富時不動產,16,3,13,合庫-鳳山,2024-03-08,1029
1718,中纖,13,0,13,合庫-鳳山,2024-03-08,1029
2025,千興,13,0,13,合庫-鳳山,2024-03-08,1029
3711,日月光投控,31,19,12,合庫-鳳山,2024-03-08,1029
1409,新纖,14,2,12,合庫-鳳山,2024-03-08,1029
1438,三地開發,12,0,12,合庫-鳳山,2024-03-08,1029
00919,群益台灣精選高息,270,79,191,合庫-鳳山,2024-03-11,1029
00937B,群益ESG投等債20,124,0,124,合庫-鳳山,2024-03-11,1029
00915,凱基優選高股息30,77,0,77,合庫-鳳山,2024-03-11,1029
00706L,期元大S＆P日圓正2,60,0,60,合庫-鳳山,2024-03-11,1029
00687B,國泰20年美債,58,1,57,合庫-鳳山,2024-03-11,1029
2002,中鋼,55,1,54,合庫-鳳山,2024-03-11,1029
00753L,中信中國50正2,50,0,50,合庫-鳳山,2024-03-11,1029
2812,台中銀,50,1,49,合庫-鳳山,2024-03-11,1029
2884,玉山金,51,5,46,合庫-鳳山,2024-03-11,1029
2886,兆豐金,50,5,45,合庫-鳳山,2024-03-11,1029
2887,台新金,50,18,32,合庫-鳳山,2024-03-11,1029
4114,健喬,32,0,32,合庫-鳳山,2024-03-11,1029
00715L,期街口布蘭特正2,24,0,24,合庫-鳳山,2024-03-11,1029
00725B,國泰投資級公司債,24,0,24,合庫-鳳山,2024-03-11,1029
6161,捷波,23,0,23,合庫-鳳山,2024-03-11,1029
00900,富邦特選高股息30,23,1,22,合庫-鳳山,2024-03-11,1029
2009,第一銅,20,0,20,合庫-鳳山,2024-03-11,1029
5475,德宏,20,0,20,合庫-鳳山,2024-03-11,1029
8112,至上,23,3,20,合庫-鳳山,2024-03-11,1029
5880,合庫金,22,4,18,合庫-鳳山,2024-03-11,1029
00679B,元大美債20年,19,1,18,合庫-鳳山,2024-03-11,1029
00935,野村臺灣新科技50,18,0,18,合庫-鳳山,2024-03-11,1029
2610,華航,18,1,17,合庫-鳳山,2024-03-11,1029
2367,燿華,50,33,17,合庫-鳳山,2024-03-11,1029
6770,力積電,33,16,17,合庫-鳳山,2024-03-11,1029
2330,台積電,21,4,17,合庫-鳳山,2024-03-11,1029
1316,上曜,33,17,16,合庫-鳳山,2024-03-11,1029
6274,台燿,32,16,16,合庫-鳳山,2024-03-11,1029
8926,台汽電,22,7,15,合庫-鳳山,2024-03-11,1029
1101,台泥,14,0,14,合庫-鳳山,2024-03-11,1029
00933B,國泰10Y+金融債,24,11,13,合庫-鳳山,2024-03-11,1029
2303,聯電,63,51,12,合庫-鳳山,2024-03-11,1029
2834,臺企銀,12,0,12,合庫-鳳山,2024-03-11,1029
6156,松上,12,0,12,合庫-鳳山,2024-03-11,1029
00795B,中信美國公債20年,10,0,10,合庫-鳳山,2024-03-11,1029
1711,永光,10,0,10,合庫-鳳山,2024-03-11,1029
3043,科風,10,0,10,合庫-鳳山,2024-03-11,1029
3321,同泰,10,0,10,合庫-鳳山,2024-03-11,1029
5306,桂盟,10,0,10,合庫-鳳山,2024-03-11,1029
5530,龍巖,10,0,10,合庫-鳳山,2024-03-11,1029
6026,福邦證,10,0,10,合庫-鳳山,2024-03-11,1029
6120,達運,12,2,10,合庫-鳳山,2024-03-11,1029
3231,緯創,88,79,9,合庫-鳳山,2024-03-11,1029
1513,中興電,10,1,9,合庫-鳳山,2024-03-11,1029
3005,神基,30,21,9,合庫-鳳山,2024-03-11,1029
2409,友達,13,4,9,合庫-鳳山,2024-03-11,1029
2743,山富,9,0,9,合庫-鳳山,2024-03-11,1029
4188,安克,9,0,9,合庫-鳳山,2024-03-11,1029
6269,台郡,9,0,9,合庫-鳳山,2024-03-11,1029
2609,陽明,14,6,8,合庫-鳳山,2024-03-11,1029
00937B,群益ESG投等債20,184,16,168,合庫-鳳山,2024-03-12,1029
00753L,中信中國50正2,54,0,54,合庫-鳳山,2024-03-12,1029
2884,玉山金,60,10,50,合庫-鳳山,2024-03-12,1029
00679B,元大美債20年,45,2,43,合庫-鳳山,2024-03-12,1029
00904,新光臺灣半導體30,40,0,40,合庫-鳳山,2024-03-12,1029
00632R,元大台灣50反1,39,2,37,合庫-鳳山,2024-03-12,1029
3264,欣銓,40,4,36,合庫-鳳山,2024-03-12,1029
0056,元大高股息,47,14,33,合庫-鳳山,2024-03-12,1029
00919,群益台灣精選高息,143,110,33,合庫-鳳山,2024-03-12,1029
00706L,期元大S＆P日圓正2,31,0,31,合庫-鳳山,2024-03-12,1029
00933B,國泰10Y+金融債,31,0,31,合庫-鳳山,2024-03-12,1029
00687B,國泰20年美債,29,0,29,合庫-鳳山,2024-03-12,1029
00881,國泰台灣5G+,30,3,27,合庫-鳳山,2024-03-12,1029
8112,至上,30,4,26,合庫-鳳山,2024-03-12,1029
00830,國泰費城半導體,25,0,25,合庫-鳳山,2024-03-12,1029
2241,艾姆勒,21,0,21,合庫-鳳山,2024-03-12,1029
5243,乙盛-KY,23,2,21,合庫-鳳山,2024-03-12,1029
00688L,國泰20年美債正2,20,0,20,合庫-鳳山,2024-03-12,1029
3481,群創,50,30,20,合庫-鳳山,2024-03-12,1029
6015,宏遠證,20,0,20,合庫-鳳山,2024-03-12,1029
00918,大華優利高填息30,29,11,18,合庫-鳳山,2024-03-12,1029
2349,錸德,20,2,18,合庫-鳳山,2024-03-12,1029
4114,健喬,18,0,18,合庫-鳳山,2024-03-12,1029
00931B,統一美債20年,17,0,17,合庫-鳳山,2024-03-12,1029
2371,大同,38,21,17,合庫-鳳山,2024-03-12,1029
3707,漢磊,16,2,14,合庫-鳳山,2024-03-12,1029
3711,日月光投控,15,1,14,合庫-鳳山,2024-03-12,1029
3062,建漢,14,0,14,合庫-鳳山,2024-03-12,1029
00725B,國泰投資級公司債,13,0,13,合庫-鳳山,2024-03-12,1029
2329,華泰,14,1,13,合庫-鳳山,2024-03-12,1029
1712,興農,13,1,12,合庫-鳳山,2024-03-12,1029
1301,台塑,15,4,11,合庫-鳳山,2024-03-12,1029
1514,亞力,14,3,11,合庫-鳳山,2024-03-12,1029
2615,萬海,15,4,11,合庫-鳳山,2024-03-12,1029
3339,泰谷,11,0,11,合庫-鳳山,2024-03-12,1029
00902,中信電池及儲能,10,0,10,合庫-鳳山,2024-03-12,1029
1582,信錦,14,4,10,合庫-鳳山,2024-03-12,1029
2313,華通,24,14,10,合庫-鳳山,2024-03-12,1029
2610,華航,21,11,10,合庫-鳳山,2024-03-12,1029
5864,致和證,10,0,10,合庫-鳳山,2024-03-12,1029
9105,泰金寶-DR,10,0,10,合庫-鳳山,2024-03-12,1029
1326,台化,10,1,9,合庫-鳳山,2024-03-12,1029
2380,虹光,9,0,9,合庫-鳳山,2024-03-12,1029
3006,晶豪科,10,1,9,合庫-鳳山,2024-03-12,1029
3163,波若威,26,17,9,合庫-鳳山,2024-03-12,1029
4552,力達-KY,9,0,9,合庫-鳳山,2024-03-12,1029
00891,中信關鍵半導體,8,0,8,合庫-鳳山,2024-03-12,1029
2344,華邦電,8,0,8,合庫-鳳山,2024-03-12,1029
2365,昆盈,10,2,8,合庫-鳳山,2024-03-12,1029
2369,菱生,14,6,8,合庫-鳳山,2024-03-12,1029
00919,群益台灣精選高息,246,106,140,合庫-鳳山,2024-03-13,1029
00915,凱基優選高股息30,111,1,110,合庫-鳳山,2024-03-13,1029
00933B,國泰10Y+金融債,110,5,105,合庫-鳳山,2024-03-13,1029
00918,大華優利高填息30,96,10,86,合庫-鳳山,2024-03-13,1029
3231,緯創,103,18,85,合庫-鳳山,2024-03-13,1029
2408,南亞科,46,2,44,合庫-鳳山,2024-03-13,1029
1513,中興電,65,23,42,合庫-鳳山,2024-03-13,1029
6161,捷波,40,0,40,合庫-鳳山,2024-03-13,1029
2421,建準,33,3,30,合庫-鳳山,2024-03-13,1029
00633L,富邦上証正2,28,0,28,合庫-鳳山,2024-03-13,1029
6016,康和證,28,0,28,合庫-鳳山,2024-03-13,1029
2303,聯電,52,25,27,合庫-鳳山,2024-03-13,1029
1618,合機,32,5,27,合庫-鳳山,2024-03-13,1029
1314,中石化,26,0,26,合庫-鳳山,2024-03-13,1029
1802,台玻,31,5,26,合庫-鳳山,2024-03-13,1029
2002,中鋼,27,3,24,合庫-鳳山,2024-03-13,1029
3483,力致,22,0,22,合庫-鳳山,2024-03-13,1029
2603,長榮,30,8,22,合庫-鳳山,2024-03-13,1029
1717,長興,20,0,20,合庫-鳳山,2024-03-13,1029
2344,華邦電,25,5,20,合庫-鳳山,2024-03-13,1029
2607,榮運,20,0,20,合庫-鳳山,2024-03-13,1029
00937B,群益ESG投等債20,42,23,19,合庫-鳳山,2024-03-13,1029
2353,宏��,39,22,17,合庫-鳳山,2024-03-13,1029
8926,台汽電,24,7,17,合庫-鳳山,2024-03-13,1029
1471,首利,19,3,16,合庫-鳳山,2024-03-13,1029
3715,定穎投控,16,0,16,合庫-鳳山,2024-03-13,1029
8011,台通,22,6,16,合庫-鳳山,2024-03-13,1029
3576,聯合再生,16,0,16,合庫-鳳山,2024-03-13,1029
2609,陽明,22,8,14,合庫-鳳山,2024-03-13,1029
2543,皇昌,17,3,14,合庫-鳳山,2024-03-13,1029
6531,愛普*,16,3,13,合庫-鳳山,2024-03-13,1029
00904,新光臺灣半導體30,13,0,13,合庫-鳳山,2024-03-13,1029
5905,南仁湖,13,0,13,合庫-鳳山,2024-03-13,1029
00922,國泰台灣領袖50,12,0,12,合庫-鳳山,2024-03-13,1029
1438,三地開發,12,0,12,合庫-鳳山,2024-03-13,1029
1718,中纖,12,0,12,合庫-鳳山,2024-03-13,1029
2250,IKKA-KY,12,0,12,合庫-鳳山,2024-03-13,1029
4188,安克,12,0,12,合庫-鳳山,2024-03-13,1029
5880,合庫金,28,17,11,合庫-鳳山,2024-03-13,1029
00907,永豐優息存股,11,0,11,合庫-鳳山,2024-03-13,1029
00905,FT臺灣Smart,11,0,11,合庫-鳳山,2024-03-13,1029
3105,穩懋,12,1,11,合庫-鳳山,2024-03-13,1029
3540,曜越,11,0,11,合庫-鳳山,2024-03-13,1029
6015,宏遠證,16,5,11,合庫-鳳山,2024-03-13,1029
00706L,期元大S＆P日圓正2,10,0,10,合庫-鳳山,2024-03-13,1029
2547,日勝生,10,0,10,合庫-鳳山,2024-03-13,1029
3265,台星科,10,0,10,合庫-鳳山,2024-03-13,1029
4114,健喬,10,0,10,合庫-鳳山,2024-03-13,1029
4123,晟德,10,0,10,合庫-鳳山,2024-03-13,1029
4736,泰博,10,0,10,合庫-鳳山,2024-03-13,1029
6026,福邦證,602,0,602,合庫-鳳山,2024-03-14,1029
00919,群益台灣精選高息,512,124,388,合庫-鳳山,2024-03-14,1029
2303,聯電,221,42,179,合庫-鳳山,2024-03-14,1029
00937B,群益ESG投等債20,158,16,142,合庫-鳳山,2024-03-14,1029
2356,英業達,132,35,97,合庫-鳳山,2024-03-14,1029
00918,大華優利高填息30,98,9,89,合庫-鳳山,2024-03-14,1029
2889,國票金,92,11,81,合庫-鳳山,2024-03-14,1029
2618,長榮航,67,13,54,合庫-鳳山,2024-03-14,1029
1218,泰山,50,0,50,合庫-鳳山,2024-03-14,1029
2883,凱基金,96,49,47,合庫-鳳山,2024-03-14,1029
2610,華航,46,0,46,合庫-鳳山,2024-03-14,1029
00933B,國泰10Y+金融債,89,50,39,合庫-鳳山,2024-03-14,1029
2353,宏��,44,6,38,合庫-鳳山,2024-03-14,1029
00857B,永豐20年美公債,37,0,37,合庫-鳳山,2024-03-14,1029
2834,臺企銀,115,80,35,合庫-鳳山,2024-03-14,1029
00632R,元大台灣50反1,35,3,32,合庫-鳳山,2024-03-14,1029
2892,第一金,32,0,32,合庫-鳳山,2024-03-14,1029
00687B,國泰20年美債,100,70,30,合庫-鳳山,2024-03-14,1029
00673R,期元大S＆P原油反1,29,0,29,合庫-鳳山,2024-03-14,1029
00915,凱基優選高股息30,52,24,28,合庫-鳳山,2024-03-14,1029
3231,緯創,47,19,28,合庫-鳳山,2024-03-14,1029
00679B,元大美債20年,26,0,26,合庫-鳳山,2024-03-14,1029
2363,矽統,36,11,25,合庫-鳳山,2024-03-14,1029
2408,南亞科,27,4,23,合庫-鳳山,2024-03-14,1029
3356,奇偶,33,11,22,合庫-鳳山,2024-03-14,1029
2382,廣達,24,3,21,合庫-鳳山,2024-03-14,1029
2342,茂矽,20,0,20,合庫-鳳山,2024-03-14,1029
00669R,國泰美國道瓊反1,20,0,20,合庫-鳳山,2024-03-14,1029
1785,光洋科,22,2,20,合庫-鳳山,2024-03-14,1029
5483,中美晶,21,1,20,合庫-鳳山,2024-03-14,1029
5864,致和證,20,0,20,合庫-鳳山,2024-03-14,1029
6161,捷波,20,0,20,合庫-鳳山,2024-03-14,1029
2317,鴻海,81,62,19,合庫-鳳山,2024-03-14,1029
1503,士電,34,15,19,合庫-鳳山,2024-03-14,1029
1522,堤維西,20,1,19,合庫-鳳山,2024-03-14,1029
8271,宇瞻,19,0,19,合庫-鳳山,2024-03-14,1029
2368,金像電,20,4,16,合庫-鳳山,2024-03-14,1029
00878,國泰永續高股息,69,54,15,合庫-鳳山,2024-03-14,1029
2897,王道銀行,20,5,15,合庫-鳳山,2024-03-14,1029
3090,日電貿,15,0,15,合庫-鳳山,2024-03-14,1029
00929,復華台灣科技優息,169,155,14,合庫-鳳山,2024-03-14,1029
1608,華榮,14,1,13,合庫-鳳山,2024-03-14,1029
2354,鴻準,15,2,13,合庫-鳳山,2024-03-14,1029
2371,大同,15,2,13,合庫-鳳山,2024-03-14,1029
6217,中探針,13,0,13,合庫-鳳山,2024-03-14,1029
3163,波若威,17,5,12,合庫-鳳山,2024-03-14,1029
00650L,復華香港正2,16,5,11,合庫-鳳山,2024-03-14,1029
5347,世界,18,7,11,合庫-鳳山,2024-03-14,1029
1712,興農,10,0,10,合庫-鳳山,2024-03-14,1029
2376,技嘉,17,7,10,合庫-鳳山,2024-03-14,1029
2834,臺企銀,329,6,323,合庫-鳳山,2024-03-15,1029
00919,群益台灣精選高息,370,128,242,合庫-鳳山,2024-03-15,1029
2610,華航,193,0,193,合庫-鳳山,2024-03-15,1029
00941,中信上游半導體,183,1,182,合庫-鳳山,2024-03-15,1029
2884,玉山金,180,13,167,合庫-鳳山,2024-03-15,1029
00929,復華台灣科技優息,196,34,162,合庫-鳳山,2024-03-15,1029
00933B,國泰10Y+金融債,173,22,151,合庫-鳳山,2024-03-15,1029
2303,聯電,94,4,90,合庫-鳳山,2024-03-15,1029
00687B,國泰20年美債,96,16,80,合庫-鳳山,2024-03-15,1029
2356,英業達,181,103,78,合庫-鳳山,2024-03-15,1029
00918,大華優利高填息30,83,5,78,合庫-鳳山,2024-03-15,1029
8271,宇瞻,60,0,60,合庫-鳳山,2024-03-15,1029
2603,長榮,76,23,53,合庫-鳳山,2024-03-15,1029
2201,裕隆,52,1,51,合庫-鳳山,2024-03-15,1029
1605,華新,59,11,48,合庫-鳳山,2024-03-15,1029
1316,上曜,63,21,42,合庫-鳳山,2024-03-15,1029
6126,信音,41,1,40,合庫-鳳山,2024-03-15,1029
00937B,群益ESG投等債20,66,32,34,合庫-鳳山,2024-03-15,1029
2618,長榮航,35,2,33,合庫-鳳山,2024-03-15,1029
3041,揚智,33,0,33,合庫-鳳山,2024-03-15,1029
00679B,元大美債20年,38,7,31,合庫-鳳山,2024-03-15,1029
3081,聯亞,31,0,31,合庫-鳳山,2024-03-15,1029
1513,中興電,33,4,29,合庫-鳳山,2024-03-15,1029
2408,南亞科,28,0,28,合庫-鳳山,2024-03-15,1029
00673R,期元大S＆P原油反1,27,0,27,合庫-鳳山,2024-03-15,1029
1455,集盛,27,0,27,合庫-鳳山,2024-03-15,1029
6419,京晨科,26,0,26,合庫-鳳山,2024-03-15,1029
1471,首利,25,0,25,合庫-鳳山,2024-03-15,1029
2891,中信金,27,5,22,合庫-鳳山,2024-03-15,1029
2323,中環,34,13,21,合庫-鳳山,2024-03-15,1029
3062,建漢,21,0,21,合庫-鳳山,2024-03-15,1029
6770,力積電,73,52,21,合庫-鳳山,2024-03-15,1029
00712,復華富時不動產,16,0,16,合庫-鳳山,2024-03-15,1029
5425,台半,16,0,16,合庫-鳳山,2024-03-15,1029
5905,南仁湖,15,0,15,合庫-鳳山,2024-03-15,1029
00915,凱基優選高股息30,28,13,15,合庫-鳳山,2024-03-15,1029
00637L,元大滬深300正2,19,5,14,合庫-鳳山,2024-03-15,1029
2743,山富,14,0,14,合庫-鳳山,2024-03-15,1029
3052,夆典,13,0,13,合庫-鳳山,2024-03-15,1029
00931B,統一美債20年,12,0,12,合庫-鳳山,2024-03-15,1029
3086,華義,12,0,12,合庫-鳳山,2024-03-15,1029
1303,南亞,12,0,12,合庫-鳳山,2024-03-15,1029
2867,三商壽,11,0,11,合庫-鳳山,2024-03-15,1029
3390,旭軟,12,1,11,合庫-鳳山,2024-03-15,1029
4529,淳紳,11,0,11,合庫-鳳山,2024-03-15,1029
5443,均豪,13,2,11,合庫-鳳山,2024-03-15,1029
6442,光聖,11,0,11,合庫-鳳山,2024-03-15,1029
6026,福邦證,20,9,11,合庫-鳳山,2024-03-15,1029
2010,春源,10,0,10,合庫-鳳山,2024-03-15,1029
2069,運錩,10,0,10,合庫-鳳山,2024-03-15,1029
00632R,元大台灣50反1,648,0,648,合庫-鳳山,2024-03-18,1029
00919,群益台灣精選高息,261,63,198,合庫-鳳山,2024-03-18,1029
2303,聯電,117,9,108,合庫-鳳山,2024-03-18,1029
00687B,國泰20年美債,96,0,96,合庫-鳳山,2024-03-18,1029
2610,華航,84,5,79,合庫-鳳山,2024-03-18,1029
2002,中鋼,76,3,73,合庫-鳳山,2024-03-18,1029
00679B,元大美債20年,47,0,47,合庫-鳳山,2024-03-18,1029
00680L,元大美債20正2,46,3,43,合庫-鳳山,2024-03-18,1029
3481,群創,38,0,38,合庫-鳳山,2024-03-18,1029
00830,國泰費城半導體,35,0,35,合庫-鳳山,2024-03-18,1029
2637,慧洋-KY,35,0,35,合庫-鳳山,2024-03-18,1029
4552,力達-KY,32,0,32,合庫-鳳山,2024-03-18,1029
3041,揚智,31,0,31,合庫-鳳山,2024-03-18,1029
2834,臺企銀,31,0,31,合庫-鳳山,2024-03-18,1029
2328,廣宇,30,0,30,合庫-鳳山,2024-03-18,1029
1303,南亞,29,0,29,合庫-鳳山,2024-03-18,1029
2408,南亞科,31,3,28,合庫-鳳山,2024-03-18,1029
00673R,期元大S＆P原油反1,27,0,27,合庫-鳳山,2024-03-18,1029
00905,FT臺灣Smart,27,0,27,合庫-鳳山,2024-03-18,1029
00941,中信上游半導體,59,32,27,合庫-鳳山,2024-03-18,1029
2353,宏��,41,16,25,合庫-鳳山,2024-03-18,1029
00933B,國泰10Y+金融債,25,0,25,合庫-鳳山,2024-03-18,1029
00915,凱基優選高股息30,24,0,24,合庫-鳳山,2024-03-18,1029
00937B,群益ESG投等債20,47,24,23,合庫-鳳山,2024-03-18,1029
1802,台玻,22,0,22,合庫-鳳山,2024-03-18,1029
00878,國泰永續高股息,26,6,20,合庫-鳳山,2024-03-18,1029
00918,大華優利高填息30,21,1,20,合庫-鳳山,2024-03-18,1029
6026,福邦證,20,0,20,合庫-鳳山,2024-03-18,1029
6229,研通,20,0,20,合庫-鳳山,2024-03-18,1029
3325,旭品,18,0,18,合庫-鳳山,2024-03-18,1029
2888,新光金,17,0,17,合庫-鳳山,2024-03-18,1029
6419,京晨科,17,0,17,合庫-鳳山,2024-03-18,1029
8011,台通,20,3,17,合庫-鳳山,2024-03-18,1029
8096,擎亞,17,1,16,合庫-鳳山,2024-03-18,1029
00931B,統一美債20年,16,0,16,合庫-鳳山,2024-03-18,1029
2376,技嘉,20,5,15,合庫-鳳山,2024-03-18,1029
00857B,永豐20年美公債,15,0,15,合庫-鳳山,2024-03-18,1029
1438,三地開發,15,0,15,合庫-鳳山,2024-03-18,1029
2641,正德,15,0,15,合庫-鳳山,2024-03-18,1029
6161,捷波,15,0,15,合庫-鳳山,2024-03-18,1029
2449,京元電子,17,3,14,合庫-鳳山,2024-03-18,1029
2486,一詮,40,26,14,合庫-鳳山,2024-03-18,1029
2323,中環,15,2,13,合庫-鳳山,2024-03-18,1029
6416,瑞祺電通,12,0,12,合庫-鳳山,2024-03-18,1029
2885,元大金,12,0,12,合庫-鳳山,2024-03-18,1029
1304,台聚,11,0,11,合庫-鳳山,2024-03-18,1029
2609,陽明,33,22,11,合庫-鳳山,2024-03-18,1029
2412,中華電,10,0,10,合庫-鳳山,2024-03-18,1029
3049,精金,10,0,10,合庫-鳳山,2024-03-18,1029
5347,世界,14,4,10,合庫-鳳山,2024-03-18,1029
00902,中信電池及儲能,135,0,135,合庫-鳳山,2024-03-19,1029
00933B,國泰10Y+金融債,67,1,66,合庫-鳳山,2024-03-19,1029
00679B,元大美債20年,60,4,56,合庫-鳳山,2024-03-19,1029
00937B,群益ESG投等債20,56,6,50,合庫-鳳山,2024-03-19,1029
00941,中信上游半導體,56,11,45,合庫-鳳山,2024-03-19,1029
2888,新光金,45,0,45,合庫-鳳山,2024-03-19,1029
2408,南亞科,45,2,43,合庫-鳳山,2024-03-19,1029
2331,精英,42,0,42,合庫-鳳山,2024-03-19,1029
2002,中鋼,43,5,38,合庫-鳳山,2024-03-19,1029
3481,群創,37,0,37,合庫-鳳山,2024-03-19,1029
2025,千興,36,0,36,合庫-鳳山,2024-03-19,1029
2323,中環,40,6,34,合庫-鳳山,2024-03-19,1029
2883,凱基金,49,16,33,合庫-鳳山,2024-03-19,1029
2889,國票金,33,0,33,合庫-鳳山,2024-03-19,1029
5880,合庫金,32,2,30,合庫-鳳山,2024-03-19,1029
5381,合正,30,0,30,合庫-鳳山,2024-03-19,1029
2352,佳世達,28,1,27,合庫-鳳山,2024-03-19,1029
2367,燿華,32,6,26,合庫-鳳山,2024-03-19,1029
2515,中工,53,30,23,合庫-鳳山,2024-03-19,1029
3005,神基,41,18,23,合庫-鳳山,2024-03-19,1029
2371,大同,26,4,22,合庫-鳳山,2024-03-19,1029
1101,台泥,22,0,22,合庫-鳳山,2024-03-19,1029
5202,力新,21,0,21,合庫-鳳山,2024-03-19,1029
1702,南僑,20,0,20,合庫-鳳山,2024-03-19,1029
00706L,期元大S＆P日圓正2,20,0,20,合庫-鳳山,2024-03-19,1029
4155,訊映,20,0,20,合庫-鳳山,2024-03-19,1029
00712,復華富時不動產,21,2,19,合庫-鳳山,2024-03-19,1029
6278,台表科,23,4,19,合庫-鳳山,2024-03-19,1029
0056,元大高股息,21,2,19,合庫-鳳山,2024-03-19,1029
00936,台新永續高息中小,18,0,18,合庫-鳳山,2024-03-19,1029
9105,泰金寶-DR,18,0,18,合庫-鳳山,2024-03-19,1029
00857B,永豐20年美公債,16,1,15,合庫-鳳山,2024-03-19,1029
1905,華紙,15,0,15,合庫-鳳山,2024-03-19,1029
00919,群益台灣精選高息,73,59,14,合庫-鳳山,2024-03-19,1029
00687B,國泰20年美債,41,28,13,合庫-鳳山,2024-03-19,1029
2845,遠東銀,13,0,13,合庫-鳳山,2024-03-19,1029
2376,技嘉,31,18,13,合庫-鳳山,2024-03-19,1029
2834,臺企銀,20,8,12,合庫-鳳山,2024-03-19,1029
5512,力麒,12,0,12,合庫-鳳山,2024-03-19,1029
2354,鴻準,17,6,11,合庫-鳳山,2024-03-19,1029
5434,崇越,11,0,11,合庫-鳳山,2024-03-19,1029
3294,英濟,15,4,11,合庫-鳳山,2024-03-19,1029
1301,台塑,16,6,10,合庫-鳳山,2024-03-19,1029
00753L,中信中國50正2,10,0,10,合庫-鳳山,2024-03-19,1029
2355,敬鵬,11,1,10,合庫-鳳山,2024-03-19,1029
2613,中櫃,10,0,10,合庫-鳳山,2024-03-19,1029
2820,華票,10,0,10,合庫-鳳山,2024-03-19,1029
2897,王道銀行,10,0,10,合庫-鳳山,2024-03-19,1029
3265,台星科,11,1,10,合庫-鳳山,2024-03-19,1029
4147,中裕,10,0,10,合庫-鳳山,2024-03-19,1029
00939,統一台灣高息動能,872,111,761,合庫-鳳山,2024-03-20,1029
00665L,富邦�琤肭磪囓�2,695,200,495,合庫-鳳山,2024-03-20,1029
00753L,中信中國50正2,300,0,300,合庫-鳳山,2024-03-20,1029
2884,玉山金,222,3,219,合庫-鳳山,2024-03-20,1029
00664R,國泰臺灣加權反1,90,0,90,合庫-鳳山,2024-03-20,1029
00937B,群益ESG投等債20,79,7,72,合庫-鳳山,2024-03-20,1029
2834,臺企銀,57,1,56,合庫-鳳山,2024-03-20,1029
2618,長榮航,56,1,55,合庫-鳳山,2024-03-20,1029
00904,新光臺灣半導體30,51,0,51,合庫-鳳山,2024-03-20,1029
00687B,國泰20年美債,54,4,50,合庫-鳳山,2024-03-20,1029
00929,復華台灣科技優息,67,18,49,合庫-鳳山,2024-03-20,1029
00919,群益台灣精選高息,209,163,46,合庫-鳳山,2024-03-20,1029
5880,合庫金,56,10,46,合庫-鳳山,2024-03-20,1029
2367,燿華,54,11,43,合庫-鳳山,2024-03-20,1029
2888,新光金,89,47,42,合庫-鳳山,2024-03-20,1029
00902,中信電池及儲能,38,0,38,合庫-鳳山,2024-03-20,1029
6005,群益證,37,0,37,合庫-鳳山,2024-03-20,1029
2376,技嘉,53,16,37,合庫-鳳山,2024-03-20,1029
2610,華航,45,8,37,合庫-鳳山,2024-03-20,1029
4938,和碩,61,27,34,合庫-鳳山,2024-03-20,1029
1416,廣豐,30,0,30,合庫-鳳山,2024-03-20,1029
2891,中信金,29,1,28,合庫-鳳山,2024-03-20,1029
2025,千興,36,9,27,合庫-鳳山,2024-03-20,1029
6278,台表科,32,5,27,合庫-鳳山,2024-03-20,1029
2356,英業達,33,8,25,合庫-鳳山,2024-03-20,1029
00673R,期元大S＆P原油反1,25,0,25,合庫-鳳山,2024-03-20,1029
3163,波若威,36,13,23,合庫-鳳山,2024-03-20,1029
3481,群創,27,4,23,合庫-鳳山,2024-03-20,1029
00712,復華富時不動產,26,4,22,合庫-鳳山,2024-03-20,1029
2408,南亞科,23,1,22,合庫-鳳山,2024-03-20,1029
2609,陽明,27,7,20,合庫-鳳山,2024-03-20,1029
1609,大亞,20,0,20,合庫-鳳山,2024-03-20,1029
1702,南僑,20,0,20,合庫-鳳山,2024-03-20,1029
1725,元禎,20,0,20,合庫-鳳山,2024-03-20,1029
2340,台亞,20,0,20,合庫-鳳山,2024-03-20,1029
2406,國碩,20,0,20,合庫-鳳山,2024-03-20,1029
00941,中信上游半導體,37,18,19,合庫-鳳山,2024-03-20,1029
00679B,元大美債20年,22,3,19,合庫-鳳山,2024-03-20,1029
00930,永豐ESG低碳高息,17,0,17,合庫-鳳山,2024-03-20,1029
2885,元大金,17,0,17,合庫-鳳山,2024-03-20,1029
2897,王道銀行,17,0,17,合庫-鳳山,2024-03-20,1029
3576,聯合再生,23,6,17,合庫-鳳山,2024-03-20,1029
6274,台燿,21,4,17,合庫-鳳山,2024-03-20,1029
2371,大同,22,6,16,合庫-鳳山,2024-03-20,1029
00878,國泰永續高股息,20,4,16,合庫-鳳山,2024-03-20,1029
00680L,元大美債20正2,15,0,15,合庫-鳳山,2024-03-20,1029
2301,光寶科,26,12,14,合庫-鳳山,2024-03-20,1029
2208,台船,17,3,14,合庫-鳳山,2024-03-20,1029
3042,晶技,14,2,12,合庫-鳳山,2024-03-20,1029
00927,群益半導體收益,12,0,12,合庫-鳳山,2024-03-20,1029
00637L,元大滬深300正2,1021,10,1011,合庫-鳳山,2024-03-21,1029
00665L,富邦�琤肭磪囓�2,609,0,609,合庫-鳳山,2024-03-21,1029
00753L,中信中國50正2,304,0,304,合庫-鳳山,2024-03-21,1029
00937B,群益ESG投等債20,246,13,233,合庫-鳳山,2024-03-21,1029
00632R,元大台灣50反1,261,60,201,合庫-鳳山,2024-03-21,1029
00687B,國泰20年美債,158,0,158,合庫-鳳山,2024-03-21,1029
00939,統一台灣高息動能,217,82,135,合庫-鳳山,2024-03-21,1029
00679B,元大美債20年,115,8,107,合庫-鳳山,2024-03-21,1029
00933B,國泰10Y+金融債,60,0,60,合庫-鳳山,2024-03-21,1029
2317,鴻海,79,25,54,合庫-鳳山,2024-03-21,1029
00905,FT臺灣Smart,42,0,42,合庫-鳳山,2024-03-21,1029
6806,森崴能源,40,3,37,合庫-鳳山,2024-03-21,1029
6235,華孚,36,3,33,合庫-鳳山,2024-03-21,1029
2405,輔信,35,5,30,合庫-鳳山,2024-03-21,1029
2610,華航,33,10,23,合庫-鳳山,2024-03-21,1029
2009,第一銅,20,0,20,合庫-鳳山,2024-03-21,1029
5864,致和證,20,0,20,合庫-鳳山,2024-03-21,1029
6477,安集,23,3,20,合庫-鳳山,2024-03-21,1029
2834,臺企銀,30,10,20,合庫-鳳山,2024-03-21,1029
00635U,期元大S＆P黃金,19,0,19,合庫-鳳山,2024-03-21,1029
5225,東科-KY,16,0,16,合庫-鳳山,2024-03-21,1029
1504,東元,31,17,14,合庫-鳳山,2024-03-21,1029
1589,永冠-KY,14,0,14,合庫-鳳山,2024-03-21,1029
2603,長榮,38,25,13,合庫-鳳山,2024-03-21,1029
1416,廣豐,13,0,13,合庫-鳳山,2024-03-21,1029
3363,上詮,14,1,13,合庫-鳳山,2024-03-21,1029
8271,宇瞻,14,1,13,合庫-鳳山,2024-03-21,1029
2615,萬海,14,2,12,合庫-鳳山,2024-03-21,1029
4938,和碩,20,8,12,合庫-鳳山,2024-03-21,1029
00720B,元大投資級公司債,11,0,11,合庫-鳳山,2024-03-21,1029
3406,玉晶光,11,0,11,合庫-鳳山,2024-03-21,1029
00941,中信上游半導體,23,12,11,合庫-鳳山,2024-03-21,1029
00706L,期元大S＆P日圓正2,11,0,11,合庫-鳳山,2024-03-21,1029
2312,金寶,11,0,11,合庫-鳳山,2024-03-21,1029
2329,華泰,11,0,11,合庫-鳳山,2024-03-21,1029
2451,創見,11,0,11,合庫-鳳山,2024-03-21,1029
6243,迅杰,11,0,11,合庫-鳳山,2024-03-21,1029
1434,福懋,10,0,10,合庫-鳳山,2024-03-21,1029
3016,嘉晶,10,0,10,合庫-鳳山,2024-03-21,1029
3530,晶相光,10,0,10,合庫-鳳山,2024-03-21,1029
3594,磐儀,11,1,10,合庫-鳳山,2024-03-21,1029
6021,美好證,10,0,10,合庫-鳳山,2024-03-21,1029
6026,福邦證,10,0,10,合庫-鳳山,2024-03-21,1029
8050,廣積,10,0,10,合庫-鳳山,2024-03-21,1029
8092,建暐,10,0,10,合庫-鳳山,2024-03-21,1029
3005,神基,24,14,10,合庫-鳳山,2024-03-21,1029
4960,誠美材,9,0,9,合庫-鳳山,2024-03-21,1029
6547,高端疫苗,9,0,9,合庫-鳳山,2024-03-21,1029
6188,廣明,18,9,9,合庫-鳳山,2024-03-21,1029
00772B,中信高評級公司債,8,0,8,合庫-鳳山,2024-03-21,1029
00937B,群益ESG投等債20,465,0,465,合庫-鳳山,2024-03-22,1029
00939,統一台灣高息動能,183,21,162,合庫-鳳山,2024-03-22,1029
8110,華東,149,6,143,合庫-鳳山,2024-03-22,1029
00679B,元大美債20年,105,0,105,合庫-鳳山,2024-03-22,1029
8064,東捷,102,0,102,合庫-鳳山,2024-03-22,1029
00632R,元大台灣50反1,104,7,97,合庫-鳳山,2024-03-22,1029
2812,台中銀,80,0,80,合庫-鳳山,2024-03-22,1029
6443,元晶,92,15,77,合庫-鳳山,2024-03-22,1029
00919,群益台灣精選高息,193,118,75,合庫-鳳山,2024-03-22,1029
4714,永捷,77,5,72,合庫-鳳山,2024-03-22,1029
00646,元大S＆P500,67,0,67,合庫-鳳山,2024-03-22,1029
00680L,元大美債20正2,60,0,60,合庫-鳳山,2024-03-22,1029
2303,聯電,61,5,56,合庫-鳳山,2024-03-22,1029
00885,富邦越南,50,0,50,合庫-鳳山,2024-03-22,1029
00687B,國泰20年美債,29,0,29,合庫-鳳山,2024-03-22,1029
00753L,中信中國50正2,30,4,26,合庫-鳳山,2024-03-22,1029
4938,和碩,36,11,25,合庫-鳳山,2024-03-22,1029
2376,技嘉,35,11,24,合庫-鳳山,2024-03-22,1029
2317,鴻海,78,55,23,合庫-鳳山,2024-03-22,1029
2006,東和鋼鐵,22,0,22,合庫-鳳山,2024-03-22,1029
00715L,期街口布蘭特正2,23,2,21,合庫-鳳山,2024-03-22,1029
00637L,元大滬深300正2,51,31,20,合庫-鳳山,2024-03-22,1029
1464,得力,20,0,20,合庫-鳳山,2024-03-22,1029
1513,中興電,30,10,20,合庫-鳳山,2024-03-22,1029
8271,宇瞻,24,4,20,合庫-鳳山,2024-03-22,1029
1101,台泥,20,1,19,合庫-鳳山,2024-03-22,1029
1612,宏泰,26,10,16,合庫-鳳山,2024-03-22,1029
2329,華泰,20,6,14,合庫-鳳山,2024-03-22,1029
4123,晟德,14,0,14,合庫-鳳山,2024-03-22,1029
2002,中鋼,13,1,12,合庫-鳳山,2024-03-22,1029
3011,今皓,12,0,12,合庫-鳳山,2024-03-22,1029
1608,華榮,12,1,11,合庫-鳳山,2024-03-22,1029
3050,鈺德,11,0,11,合庫-鳳山,2024-03-22,1029
6176,瑞儀,12,1,11,合庫-鳳山,2024-03-22,1029
6235,華孚,12,1,11,合庫-鳳山,2024-03-22,1029
2886,兆豐金,11,1,10,合庫-鳳山,2024-03-22,1029
00720B,元大投資級公司債,21,10,11,合庫-鳳山,2024-03-22,1029
2603,長榮,42,32,10,合庫-鳳山,2024-03-22,1029
3005,神基,20,10,10,合庫-鳳山,2024-03-22,1029
00706L,期元大S＆P日圓正2,10,0,10,合庫-鳳山,2024-03-22,1029
2108,南帝,10,0,10,合庫-鳳山,2024-03-22,1029
2891,中信金,10,0,10,合庫-鳳山,2024-03-22,1029
3712,永崴投控,10,0,10,合庫-鳳山,2024-03-22,1029
6116,彩晶,11,1,10,合庫-鳳山,2024-03-22,1029
6550,北極星藥業-KY,10,0,10,合庫-鳳山,2024-03-22,1029
2615,萬海,9,0,9,合庫-鳳山,2024-03-22,1029
4908,前鼎,9,0,9,合庫-鳳山,2024-03-22,1029
00931B,統一美債20年,10,2,8,合庫-鳳山,2024-03-22,1029
1815,富喬,9,1,8,合庫-鳳山,2024-03-22,1029
2633,台灣高鐵,8,0,8,合庫-鳳山,2024-03-22,1029
2356,英業達,266,35,231,合庫-鳳山,2024-03-25,1029
00795B,中信美國公債20年,211,1,210,合庫-鳳山,2024-03-25,1029
1810,和成,153,0,153,合庫-鳳山,2024-03-25,1029
00939,統一台灣高息動能,149,35,114,合庫-鳳山,2024-03-25,1029
2515,中工,100,0,100,合庫-鳳山,2024-03-25,1029
2801,彰銀,81,0,81,合庫-鳳山,2024-03-25,1029
00919,群益台灣精選高息,90,11,79,合庫-鳳山,2024-03-25,1029
2303,聯電,96,17,79,合庫-鳳山,2024-03-25,1029
6005,群益證,77,0,77,合庫-鳳山,2024-03-25,1029
00937B,群益ESG投等債20,89,23,66,合庫-鳳山,2024-03-25,1029
00679B,元大美債20年,56,1,55,合庫-鳳山,2024-03-25,1029
00941,中信上游半導體,96,47,49,合庫-鳳山,2024-03-25,1029
00687B,國泰20年美債,50,2,48,合庫-鳳山,2024-03-25,1029
00929,復華台灣科技優息,65,17,48,合庫-鳳山,2024-03-25,1029
2352,佳世達,42,2,40,合庫-鳳山,2024-03-25,1029
00902,中信電池及儲能,36,0,36,合庫-鳳山,2024-03-25,1029
2610,華航,32,0,32,合庫-鳳山,2024-03-25,1029
3231,緯創,41,10,31,合庫-鳳山,2024-03-25,1029
2353,宏��,51,25,26,合庫-鳳山,2024-03-25,1029
2889,國票金,26,0,26,合庫-鳳山,2024-03-25,1029
00905,FT臺灣Smart,45,22,23,合庫-鳳山,2024-03-25,1029
6125,廣運,35,14,21,合庫-鳳山,2024-03-25,1029
1216,統一,20,0,20,合庫-鳳山,2024-03-25,1029
1608,華榮,20,0,20,合庫-鳳山,2024-03-25,1029
3005,神基,20,1,19,合庫-鳳山,2024-03-25,1029
2464,盟立,40,21,19,合庫-鳳山,2024-03-25,1029
4938,和碩,62,43,19,合庫-鳳山,2024-03-25,1029
00632R,元大台灣50反1,17,0,17,合庫-鳳山,2024-03-25,1029
3058,立德,21,4,17,合庫-鳳山,2024-03-25,1029
3706,神達,36,19,17,合庫-鳳山,2024-03-25,1029
2002,中鋼,18,1,17,合庫-鳳山,2024-03-25,1029
2208,台船,16,0,16,合庫-鳳山,2024-03-25,1029
1597,直得,17,2,15,合庫-鳳山,2024-03-25,1029
3294,英濟,28,13,15,合庫-鳳山,2024-03-25,1029
4414,如興,15,0,15,合庫-鳳山,2024-03-25,1029
6189,豐藝,18,3,15,合庫-鳳山,2024-03-25,1029
00857B,永豐20年美公債,14,0,14,合庫-鳳山,2024-03-25,1029
00673R,期元大S＆P原油反1,14,0,14,合庫-鳳山,2024-03-25,1029
2836,高雄銀,15,1,14,合庫-鳳山,2024-03-25,1029
6161,捷波,22,8,14,合庫-鳳山,2024-03-25,1029
6182,合晶,12,0,12,合庫-鳳山,2024-03-25,1029
2449,京元電子,16,4,12,合庫-鳳山,2024-03-25,1029
00915,凱基優選高股息30,12,1,11,合庫-鳳山,2024-03-25,1029
8089,康全電訊,12,1,11,合庫-鳳山,2024-03-25,1029
0056,元大高股息,11,1,10,合庫-鳳山,2024-03-25,1029
00715L,期街口布蘭特正2,10,0,10,合庫-鳳山,2024-03-25,1029
2367,燿華,26,16,10,合庫-鳳山,2024-03-25,1029
2453,凌群,10,0,10,合庫-鳳山,2024-03-25,1029
2820,華票,10,0,10,合庫-鳳山,2024-03-25,1029
2897,王道銀行,10,0,10,合庫-鳳山,2024-03-25,1029
00720B,元大投資級公司債,153,0,153,合庫-鳳山,2024-03-26,1029
00941,中信上游半導體,170,38,132,合庫-鳳山,2024-03-26,1029
2303,聯電,150,20,130,合庫-鳳山,2024-03-26,1029
00939,統一台灣高息動能,159,31,128,合庫-鳳山,2024-03-26,1029
2834,臺企銀,64,0,64,合庫-鳳山,2024-03-26,1029
2610,華航,66,5,61,合庫-鳳山,2024-03-26,1029
00671R,富邦NASDAQ反1,50,0,50,合庫-鳳山,2024-03-26,1029
2353,宏��,53,4,49,合庫-鳳山,2024-03-26,1029
2367,燿華,51,3,48,合庫-鳳山,2024-03-26,1029
1609,大亞,117,69,48,合庫-鳳山,2024-03-26,1029
00680L,元大美債20正2,58,12,46,合庫-鳳山,2024-03-26,1029
1608,華榮,77,31,46,合庫-鳳山,2024-03-26,1029
6770,力積電,54,8,46,合庫-鳳山,2024-03-26,1029
1618,合機,55,14,41,合庫-鳳山,2024-03-26,1029
3481,群創,41,6,35,合庫-鳳山,2024-03-26,1029
1109,信大,30,0,30,合庫-鳳山,2024-03-26,1029
00673R,期元大S＆P原油反1,27,0,27,合庫-鳳山,2024-03-26,1029
1603,華電,32,6,26,合庫-鳳山,2024-03-26,1029
2331,精英,28,2,26,合庫-鳳山,2024-03-26,1029
2406,國碩,25,0,25,合庫-鳳山,2024-03-26,1029
6167,久正,25,0,25,合庫-鳳山,2024-03-26,1029
2883,凱基金,43,19,24,合庫-鳳山,2024-03-26,1029
00902,中信電池及儲能,23,0,23,合庫-鳳山,2024-03-26,1029
00935,野村臺灣新科技50,29,8,21,合庫-鳳山,2024-03-26,1029
1455,集盛,20,0,20,合庫-鳳山,2024-03-26,1029
2618,長榮航,27,8,19,合庫-鳳山,2024-03-26,1029
3163,波若威,21,2,19,合庫-鳳山,2024-03-26,1029
6197,佳必琪,19,0,19,合庫-鳳山,2024-03-26,1029
3005,神基,26,7,19,合庫-鳳山,2024-03-26,1029
5426,振發,36,18,18,合庫-鳳山,2024-03-26,1029
2387,精元,17,0,17,合庫-鳳山,2024-03-26,1029
2301,光寶科,20,4,16,合庫-鳳山,2024-03-26,1029
2641,正德,16,0,16,合庫-鳳山,2024-03-26,1029
3059,華晶科,16,1,15,合庫-鳳山,2024-03-26,1029
00918,大華優利高填息30,27,13,14,合庫-鳳山,2024-03-26,1029
2323,中環,20,6,14,合庫-鳳山,2024-03-26,1029
1513,中興電,44,30,14,合庫-鳳山,2024-03-26,1029
3058,立德,15,2,13,合庫-鳳山,2024-03-26,1029
00937B,群益ESG投等債20,16,3,13,合庫-鳳山,2024-03-26,1029
2417,圓剛,28,15,13,合庫-鳳山,2024-03-26,1029
8112,至上,14,1,13,合庫-鳳山,2024-03-26,1029
2606,裕民,11,0,11,合庫-鳳山,2024-03-26,1029
2359,所羅門,16,6,10,合庫-鳳山,2024-03-26,1029
00795B,中信美國公債20年,10,0,10,合庫-鳳山,2024-03-26,1029
2820,華票,10,0,10,合庫-鳳山,2024-03-26,1029
3360,尚立,10,0,10,合庫-鳳山,2024-03-26,1029
3588,通嘉,12,2,10,合庫-鳳山,2024-03-26,1029
6122,擎邦,15,5,10,合庫-鳳山,2024-03-26,1029
8271,宇瞻,10,0,10,合庫-鳳山,2024-03-26,1029
4532,瑞智,10,0,10,合庫-鳳山,2024-03-26,1029
00939,統一台灣高息動能,97,34,63,合庫-鳳山,2024-03-27,1029
2371,大同,125,73,52,合庫-鳳山,2024-03-27,1029
2515,中工,162,111,51,合庫-鳳山,2024-03-27,1029
2530,華建,40,0,40,合庫-鳳山,2024-03-27,1029
00830,國泰費城半導體,38,0,38,合庫-鳳山,2024-03-27,1029
2301,光寶科,39,1,38,合庫-鳳山,2024-03-27,1029
00679B,元大美債20年,38,4,34,合庫-鳳山,2024-03-27,1029
6026,福邦證,30,0,30,合庫-鳳山,2024-03-27,1029
1513,中興電,41,14,27,合庫-鳳山,2024-03-27,1029
00915,凱基優選高股息30,29,4,25,合庫-鳳山,2024-03-27,1029
6770,力積電,58,33,25,合庫-鳳山,2024-03-27,1029
2330,台積電,25,1,24,合庫-鳳山,2024-03-27,1029
2409,友達,22,0,22,合庫-鳳山,2024-03-27,1029
2450,神腦,22,0,22,合庫-鳳山,2024-03-27,1029
2609,陽明,21,2,19,合庫-鳳山,2024-03-27,1029
2002,中鋼,19,0,19,合庫-鳳山,2024-03-27,1029
00929,復華台灣科技優息,45,27,18,合庫-鳳山,2024-03-27,1029
1101,台泥,22,4,18,合庫-鳳山,2024-03-27,1029
00941,中信上游半導體,18,1,17,合庫-鳳山,2024-03-27,1029
2888,新光金,17,0,17,合庫-鳳山,2024-03-27,1029
1808,潤隆,19,4,15,合庫-鳳山,2024-03-27,1029
3163,波若威,60,46,14,合庫-鳳山,2024-03-27,1029
3059,華晶科,20,6,14,合庫-鳳山,2024-03-27,1029
2363,矽統,18,5,13,合庫-鳳山,2024-03-27,1029
2356,英業達,16,4,12,合庫-鳳山,2024-03-27,1029
2358,廷鑫,12,0,12,合庫-鳳山,2024-03-27,1029
5515,建國,12,0,12,合庫-鳳山,2024-03-27,1029
6125,廣運,17,6,11,合庫-鳳山,2024-03-27,1029
00712,復華富時不動產,11,0,11,合庫-鳳山,2024-03-27,1029
00720B,元大投資級公司債,11,0,11,合庫-鳳山,2024-03-27,1029
00715L,期街口布蘭特正2,10,0,10,合庫-鳳山,2024-03-27,1029
00680L,元大美債20正2,10,0,10,合庫-鳳山,2024-03-27,1029
00674R,期元大S＆P黃金反1,10,0,10,合庫-鳳山,2024-03-27,1029
2014,中鴻,11,1,10,合庫-鳳山,2024-03-27,1029
2328,廣宇,15,5,10,合庫-鳳山,2024-03-27,1029
3149,正達,10,0,10,合庫-鳳山,2024-03-27,1029
4402,郡都開發,11,1,10,合庫-鳳山,2024-03-27,1029
5864,致和證,10,0,10,合庫-鳳山,2024-03-27,1029
6505,台塑化,10,0,10,合庫-鳳山,2024-03-27,1029
8358,金居,10,0,10,合庫-鳳山,2024-03-27,1029
2406,國碩,9,0,9,合庫-鳳山,2024-03-27,1029
2464,盟立,16,7,9,合庫-鳳山,2024-03-27,1029
00931B,統一美債20年,10,2,8,合庫-鳳山,2024-03-27,1029
1616,億泰,10,2,8,合庫-鳳山,2024-03-27,1029
2331,精英,8,0,8,合庫-鳳山,2024-03-27,1029
4207,環泰,8,0,8,合庫-鳳山,2024-03-27,1029
6179,亞通,11,3,8,合庫-鳳山,2024-03-27,1029
8222,寶一,11,3,8,合庫-鳳山,2024-03-27,1029
2548,華固,7,0,7,合庫-鳳山,2024-03-27,1029
6415,矽力*-KY,7,0,7,合庫-鳳山,2024-03-27,1029
00753L,中信中國50正2,70,0,70,合庫-鳳山,2024-03-28,1029
3005,神基,76,37,39,合庫-鳳山,2024-03-28,1029
6161,捷波,36,0,36,合庫-鳳山,2024-03-28,1029
2515,中工,33,0,33,合庫-鳳山,2024-03-28,1029
2880,華南金,34,3,31,合庫-鳳山,2024-03-28,1029
2883,凱基金,55,25,30,合庫-鳳山,2024-03-28,1029
3706,神達,43,13,30,合庫-鳳山,2024-03-28,1029
2328,廣宇,59,31,28,合庫-鳳山,2024-03-28,1029
00669R,國泰美國道瓊反1,28,0,28,合庫-鳳山,2024-03-28,1029
3325,旭品,35,7,28,合庫-鳳山,2024-03-28,1029
00674R,期元大S＆P黃金反1,26,0,26,合庫-鳳山,2024-03-28,1029
00919,群益台灣精選高息,49,26,23,合庫-鳳山,2024-03-28,1029
00915,凱基優選高股息30,35,12,23,合庫-鳳山,2024-03-28,1029
3483,力致,25,4,21,合庫-鳳山,2024-03-28,1029
00673R,期元大S＆P原油反1,20,0,20,合庫-鳳山,2024-03-28,1029
3011,今皓,20,0,20,合庫-鳳山,2024-03-28,1029
4127,天良,22,2,20,合庫-鳳山,2024-03-28,1029
6205,詮欣,20,0,20,合庫-鳳山,2024-03-28,1029
1314,中石化,20,0,20,合庫-鳳山,2024-03-28,1029
2356,英業達,30,10,20,合庫-鳳山,2024-03-28,1029
2834,臺企銀,18,0,18,合庫-鳳山,2024-03-28,1029
00637L,元大滬深300正2,20,3,17,合庫-鳳山,2024-03-28,1029
5511,德昌,14,0,14,合庫-鳳山,2024-03-28,1029
6770,力積電,24,12,12,合庫-鳳山,2024-03-28,1029
6592,和潤企業,12,0,12,合庫-鳳山,2024-03-28,1029
2634,漢翔,52,40,12,合庫-鳳山,2024-03-28,1029
2888,新光金,11,0,11,合庫-鳳山,2024-03-28,1029
1316,上曜,34,23,11,合庫-鳳山,2024-03-28,1029
1701,中化,11,0,11,合庫-鳳山,2024-03-28,1029
2108,南帝,11,0,11,合庫-鳳山,2024-03-28,1029
2368,金像電,11,0,11,合庫-鳳山,2024-03-28,1029
2537,聯上發,22,11,11,合庫-鳳山,2024-03-28,1029
3027,盛達,11,0,11,合庫-鳳山,2024-03-28,1029
3033,威健,12,1,11,合庫-鳳山,2024-03-28,1029
5880,合庫金,25,14,11,合庫-鳳山,2024-03-28,1029
00650L,復華香港正2,10,0,10,合庫-鳳山,2024-03-28,1029
00686R,群益臺灣加權反1,10,0,10,合庫-鳳山,2024-03-28,1029
1303,南亞,10,0,10,合庫-鳳山,2024-03-28,1029
1587,吉茂,10,0,10,合庫-鳳山,2024-03-28,1029
1789,神隆,15,5,10,合庫-鳳山,2024-03-28,1029
2530,華建,10,0,10,合庫-鳳山,2024-03-28,1029
5452,佶優,10,0,10,合庫-鳳山,2024-03-28,1029
6015,宏遠證,10,0,10,合庫-鳳山,2024-03-28,1029
6026,福邦證,10,0,10,合庫-鳳山,2024-03-28,1029
6548,長科*,11,1,10,合庫-鳳山,2024-03-28,1029
4402,郡都開發,13,4,9,合庫-鳳山,2024-03-28,1029
4979,華星光,10,1,9,合庫-鳳山,2024-03-28,1029
2301,光寶科,27,18,9,合庫-鳳山,2024-03-28,1029
2548,華固,8,0,8,合庫-鳳山,2024-03-28,1029
3062,建漢,18,10,8,合庫-鳳山,2024-03-28,1029
2354,鴻準,96,5,91,合庫-鳳山,2024-03-29,1029
2303,聯電,115,39,76,合庫-鳳山,2024-03-29,1029
2317,鴻海,186,119,67,合庫-鳳山,2024-03-29,1029
00795B,中信美國公債20年,60,0,60,合庫-鳳山,2024-03-29,1029
2867,三商壽,50,0,50,合庫-鳳山,2024-03-29,1029
00830,國泰費城半導體,38,1,37,合庫-鳳山,2024-03-29,1029
00673R,期元大S＆P原油反1,34,0,34,合庫-鳳山,2024-03-29,1029
5386,青雲,38,8,30,合庫-鳳山,2024-03-29,1029
2025,千興,30,0,30,合庫-鳳山,2024-03-29,1029
2417,圓剛,31,3,28,合庫-鳳山,2024-03-29,1029
1909,榮成,25,0,25,合庫-鳳山,2024-03-29,1029
3706,神達,28,4,24,合庫-鳳山,2024-03-29,1029
1326,台化,23,0,23,合庫-鳳山,2024-03-29,1029
3062,建漢,24,1,23,合庫-鳳山,2024-03-29,1029
2371,大同,37,15,22,合庫-鳳山,2024-03-29,1029
2324,仁寶,28,7,21,合庫-鳳山,2024-03-29,1029
2409,友達,21,0,21,合庫-鳳山,2024-03-29,1029
5706,鳳凰,20,0,20,合庫-鳳山,2024-03-29,1029
00937B,群益ESG投等債20,21,2,19,合庫-鳳山,2024-03-29,1029
3041,揚智,20,1,19,合庫-鳳山,2024-03-29,1029
2301,光寶科,34,17,17,合庫-鳳山,2024-03-29,1029
6161,捷波,16,0,16,合庫-鳳山,2024-03-29,1029
1609,大亞,40,24,16,合庫-鳳山,2024-03-29,1029
00881,國泰台灣5G+,15,0,15,合庫-鳳山,2024-03-29,1029
8050,廣積,16,1,15,合庫-鳳山,2024-03-29,1029
2888,新光金,14,0,14,合庫-鳳山,2024-03-29,1029
8033,雷虎,14,1,13,合庫-鳳山,2024-03-29,1029
00857B,永豐20年美公債,12,0,12,合庫-鳳山,2024-03-29,1029
6505,台塑化,12,0,12,合庫-鳳山,2024-03-29,1029
1316,上曜,16,5,11,合庫-鳳山,2024-03-29,1029
6122,擎邦,11,0,11,合庫-鳳山,2024-03-29,1029
00939,統一台灣高息動能,123,113,10,合庫-鳳山,2024-03-29,1029
00933B,國泰10Y+金融債,17,7,10,合庫-鳳山,2024-03-29,1029
2834,臺企銀,18,7,11,合庫-鳳山,2024-03-29,1029
00637L,元大滬深300正2,10,0,10,合庫-鳳山,2024-03-29,1029
00915,凱基優選高股息30,10,0,10,合庫-鳳山,2024-03-29,1029
1731,美吾華,10,0,10,合庫-鳳山,2024-03-29,1029
1789,神隆,10,0,10,合庫-鳳山,2024-03-29,1029
2328,廣宇,10,0,10,合庫-鳳山,2024-03-29,1029
2547,日勝生,10,0,10,合庫-鳳山,2024-03-29,1029
3149,正達,11,1,10,合庫-鳳山,2024-03-29,1029
6668,中揚光,10,0,10,合庫-鳳山,2024-03-29,1029
6753,龍德造船,10,0,10,合庫-鳳山,2024-03-29,1029
3406,玉晶光,10,1,9,合庫-鳳山,2024-03-29,1029
00679B,元大美債20年,15,6,9,合庫-鳳山,2024-03-29,1029
5515,建國,22,13,9,合庫-鳳山,2024-03-29,1029
6488,環球晶,10,2,8,合庫-鳳山,2024-03-29,1029
2352,佳世達,16,8,8,合庫-鳳山,2024-03-29,1029
6182,合晶,10,2,8,合庫-鳳山,2024-03-29,1029
6805,富世達,9,1,8,合庫-鳳山,2024-03-29,1029
00940,元大台灣價值高息,1457,167,1290,合庫-鳳山,2024-04-01,1029
00795B,中信美國公債20年,140,0,140,合庫-鳳山,2024-04-01,1029
00939,統一台灣高息動能,116,1,115,合庫-鳳山,2024-04-01,1029
2303,聯電,83,16,67,合庫-鳳山,2024-04-01,1029
00918,大華優利高填息30,59,0,59,合庫-鳳山,2024-04-01,1029
00919,群益台灣精選高息,64,10,54,合庫-鳳山,2024-04-01,1029
0056,元大高股息,44,3,41,合庫-鳳山,2024-04-01,1029
2358,廷鑫,40,0,40,合庫-鳳山,2024-04-01,1029
2363,矽統,40,0,40,合庫-鳳山,2024-04-01,1029
2891,中信金,36,0,36,合庫-鳳山,2024-04-01,1029
4123,晟德,31,0,31,合庫-鳳山,2024-04-01,1029
00665L,富邦�琤肭磪囓�2,40,10,30,合庫-鳳山,2024-04-01,1029
2385,群光,30,0,30,合庫-鳳山,2024-04-01,1029
1301,台塑,33,3,30,合庫-鳳山,2024-04-01,1029
2353,宏��,34,6,28,合庫-鳳山,2024-04-01,1029
2408,南亞科,34,6,28,合庫-鳳山,2024-04-01,1029
00753L,中信中國50正2,27,0,27,合庫-鳳山,2024-04-01,1029
00679B,元大美債20年,30,5,25,合庫-鳳山,2024-04-01,1029
2885,元大金,23,0,23,合庫-鳳山,2024-04-01,1029
3704,合勤控,23,0,23,合庫-鳳山,2024-04-01,1029
8050,廣積,23,1,22,合庫-鳳山,2024-04-01,1029
1609,大亞,39,18,21,合庫-鳳山,2024-04-01,1029
5607,遠雄港,21,0,21,合庫-鳳山,2024-04-01,1029
2382,廣達,27,7,20,合庫-鳳山,2024-04-01,1029
00680L,元大美債20正2,20,0,20,合庫-鳳山,2024-04-01,1029
00655L,國泰中國A50正2,20,0,20,合庫-鳳山,2024-04-01,1029
2014,中鴻,20,0,20,合庫-鳳山,2024-04-01,1029
2109,華豐,21,1,20,合庫-鳳山,2024-04-01,1029
6026,福邦證,20,0,20,合庫-鳳山,2024-04-01,1029
9927,泰銘,20,0,20,合庫-鳳山,2024-04-01,1029
1504,東元,24,5,19,合庫-鳳山,2024-04-01,1029
3712,永崴投控,18,0,18,合庫-鳳山,2024-04-01,1029
3711,日月光投控,18,1,17,合庫-鳳山,2024-04-01,1029
2301,光寶科,23,6,17,合庫-鳳山,2024-04-01,1029
00929,復華台灣科技優息,56,40,16,合庫-鳳山,2024-04-01,1029
2352,佳世達,20,4,16,合庫-鳳山,2024-04-01,1029
1605,華新,16,1,15,合庫-鳳山,2024-04-01,1029
9105,泰金寶-DR,15,0,15,合庫-鳳山,2024-04-01,1029
2371,大同,24,10,14,合庫-鳳山,2024-04-01,1029
2062,橋椿,36,23,13,合庫-鳳山,2024-04-01,1029
2603,長榮,23,10,13,合庫-鳳山,2024-04-01,1029
3231,緯創,28,16,12,合庫-鳳山,2024-04-01,1029
3036,文曄,15,3,12,合庫-鳳山,2024-04-01,1029
2208,台船,12,0,12,合庫-鳳山,2024-04-01,1029
5864,致和證,11,0,11,合庫-鳳山,2024-04-01,1029
00878,國泰永續高股息,13,3,10,合庫-鳳山,2024-04-01,1029
00632R,元大台灣50反1,45,35,10,合庫-鳳山,2024-04-01,1029
00927,群益半導體收益,10,0,10,合庫-鳳山,2024-04-01,1029
3033,威健,10,0,10,合庫-鳳山,2024-04-01,1029
3694,海華,10,0,10,合庫-鳳山,2024-04-01,1029
00929,復華台灣科技優息,725,24,701,合庫-鳳山,2024-04-02,1029
00940,元大台灣價值高息,322,107,215,合庫-鳳山,2024-04-02,1029
00632R,元大台灣50反1,90,0,90,合庫-鳳山,2024-04-02,1029
1609,大亞,81,19,62,合庫-鳳山,2024-04-02,1029
00680L,元大美債20正2,53,0,53,合庫-鳳山,2024-04-02,1029
3188,鑫龍騰,42,0,42,合庫-鳳山,2024-04-02,1029
00679B,元大美債20年,42,0,42,合庫-鳳山,2024-04-02,1029
00915,凱基優選高股息30,45,5,40,合庫-鳳山,2024-04-02,1029
2820,華票,40,0,40,合庫-鳳山,2024-04-02,1029
00937B,群益ESG投等債20,121,82,39,合庫-鳳山,2024-04-02,1029
3576,聯合再生,50,12,38,合庫-鳳山,2024-04-02,1029
6234,高僑,34,1,33,合庫-鳳山,2024-04-02,1029
2834,臺企銀,34,5,29,合庫-鳳山,2024-04-02,1029
1909,榮成,26,0,26,合庫-鳳山,2024-04-02,1029
2344,華邦電,25,1,24,合庫-鳳山,2024-04-02,1029
2316,楠梓電,23,1,22,合庫-鳳山,2024-04-02,1029
4304,勝昱,21,0,21,合庫-鳳山,2024-04-02,1029
00637L,元大滬深300正2,27,6,21,合庫-鳳山,2024-04-02,1029
00857B,永豐20年美公債,20,0,20,合庫-鳳山,2024-04-02,1029
6443,元晶,20,0,20,合庫-鳳山,2024-04-02,1029
1605,華新,24,5,19,合庫-鳳山,2024-04-02,1029
3706,神達,20,3,17,合庫-鳳山,2024-04-02,1029
2888,新光金,16,0,16,合庫-鳳山,2024-04-02,1029
3231,緯創,32,16,16,合庫-鳳山,2024-04-02,1029
3483,力致,16,0,16,合庫-鳳山,2024-04-02,1029
4123,晟德,16,0,16,合庫-鳳山,2024-04-02,1029
6257,矽格,16,0,16,合庫-鳳山,2024-04-02,1029
00931B,統一美債20年,15,0,15,合庫-鳳山,2024-04-02,1029
2506,太設,15,0,15,合庫-鳳山,2024-04-02,1029
6770,力積電,15,1,14,合庫-鳳山,2024-04-02,1029
00673R,期元大S＆P原油反1,14,0,14,合庫-鳳山,2024-04-02,1029
6026,福邦證,14,0,14,合庫-鳳山,2024-04-02,1029
00878,國泰永續高股息,17,4,13,合庫-鳳山,2024-04-02,1029
1513,中興電,19,6,13,合庫-鳳山,2024-04-02,1029
2368,金像電,13,0,13,合庫-鳳山,2024-04-02,1029
1514,亞力,16,3,13,合庫-鳳山,2024-04-02,1029
3163,波若威,24,11,13,合庫-鳳山,2024-04-02,1029
6124,業強,15,2,13,合庫-鳳山,2024-04-02,1029
3481,群創,13,1,12,合庫-鳳山,2024-04-02,1029
8390,金益鼎,12,0,12,合庫-鳳山,2024-04-02,1029
2537,聯上發,19,8,11,合庫-鳳山,2024-04-02,1029
6414,樺漢,18,7,11,合庫-鳳山,2024-04-02,1029
2352,佳世達,13,2,11,合庫-鳳山,2024-04-02,1029
2542,興富發,12,1,11,合庫-鳳山,2024-04-02,1029
4958,臻鼎-KY,16,5,11,合庫-鳳山,2024-04-02,1029
00688L,國泰20年美債正2,10,0,10,合庫-鳳山,2024-04-02,1029
1101,台泥,10,0,10,合庫-鳳山,2024-04-02,1029
1905,華紙,11,1,10,合庫-鳳山,2024-04-02,1029
2387,精元,10,0,10,合庫-鳳山,2024-04-02,1029
2883,凱基金,14,4,10,合庫-鳳山,2024-04-02,1029
00929,復華台灣科技優息,290,31,259,合庫-鳳山,2024-04-03,1029
2303,聯電,120,1,119,合庫-鳳山,2024-04-03,1029
00680L,元大美債20正2,103,0,103,合庫-鳳山,2024-04-03,1029
4716,大立,100,1,99,合庫-鳳山,2024-04-03,1029
00937B,群益ESG投等債20,117,39,78,合庫-鳳山,2024-04-03,1029
00941,中信上游半導體,72,1,71,合庫-鳳山,2024-04-03,1029
00687B,國泰20年美債,64,1,63,合庫-鳳山,2024-04-03,1029
2344,華邦電,61,0,61,合庫-鳳山,2024-04-03,1029
00753L,中信中國50正2,66,7,59,合庫-鳳山,2024-04-03,1029
1713,國化,59,0,59,合庫-鳳山,2024-04-03,1029
00679B,元大美債20年,59,0,59,合庫-鳳山,2024-04-03,1029
1617,榮星,54,3,51,合庫-鳳山,2024-04-03,1029
5512,力麒,48,0,48,合庫-鳳山,2024-04-03,1029
2371,大同,54,8,46,合庫-鳳山,2024-04-03,1029
00673R,期元大S＆P原油反1,65,20,45,合庫-鳳山,2024-04-03,1029
3481,群創,43,0,43,合庫-鳳山,2024-04-03,1029
5443,均豪,100,60,40,合庫-鳳山,2024-04-03,1029
0056,元大高股息,43,3,40,合庫-鳳山,2024-04-03,1029
00940,元大台灣價值高息,144,106,38,合庫-鳳山,2024-04-03,1029
00927,群益半導體收益,36,0,36,合庫-鳳山,2024-04-03,1029
1714,和桐,36,0,36,合庫-鳳山,2024-04-03,1029
2610,華航,60,25,35,合庫-鳳山,2024-04-03,1029
2486,一詮,65,31,34,合庫-鳳山,2024-04-03,1029
2449,京元電子,37,3,34,合庫-鳳山,2024-04-03,1029
1101,台泥,75,42,33,合庫-鳳山,2024-04-03,1029
2801,彰銀,32,0,32,合庫-鳳山,2024-04-03,1029
00919,群益台灣精選高息,35,4,31,合庫-鳳山,2024-04-03,1029
3535,晶彩科,34,3,31,合庫-鳳山,2024-04-03,1029
00751B,元大AAA至A公司債,30,0,30,合庫-鳳山,2024-04-03,1029
1609,大亞,40,12,28,合庫-鳳山,2024-04-03,1029
4714,永捷,25,0,25,合庫-鳳山,2024-04-03,1029
1815,富喬,24,0,24,合庫-鳳山,2024-04-03,1029
2002,中鋼,54,30,24,合庫-鳳山,2024-04-03,1029
5864,致和證,24,0,24,合庫-鳳山,2024-04-03,1029
2382,廣達,31,7,24,合庫-鳳山,2024-04-03,1029
4550,長佳,23,1,22,合庫-鳳山,2024-04-03,1029
1513,中興電,28,7,21,合庫-鳳山,2024-04-03,1029
2530,華建,21,0,21,合庫-鳳山,2024-04-03,1029
00915,凱基優選高股息30,20,0,20,合庫-鳳山,2024-04-03,1029
2820,華票,20,0,20,合庫-鳳山,2024-04-03,1029
3013,晟銘電,27,7,20,合庫-鳳山,2024-04-03,1029
4123,晟德,20,0,20,合庫-鳳山,2024-04-03,1029
3036,文曄,22,3,19,合庫-鳳山,2024-04-03,1029
8064,東捷,28,9,19,合庫-鳳山,2024-04-03,1029
3011,今皓,18,0,18,合庫-鳳山,2024-04-03,1029
00931B,統一美債20年,17,0,17,合庫-鳳山,2024-04-03,1029
6207,雷科,17,2,15,合庫-鳳山,2024-04-03,1029
1416,廣豐,15,0,15,合庫-鳳山,2024-04-03,1029
00857B,永豐20年美公債,14,0,14,合庫-鳳山,2024-04-03,1029
00795B,中信美國公債20年,13,0,13,合庫-鳳山,2024-04-03,1029
00929,復華台灣科技優息,337,0,337,合庫-鳳山,2024-04-08,1029
00687B,國泰20年美債,76,5,71,合庫-鳳山,2024-04-08,1029
00637L,元大滬深300正2,64,0,64,合庫-鳳山,2024-04-08,1029
00679B,元大美債20年,81,33,48,合庫-鳳山,2024-04-08,1029
3036,文曄,50,3,47,合庫-鳳山,2024-04-08,1029
2371,大同,55,15,40,合庫-鳳山,2024-04-08,1029
2417,圓剛,110,70,40,合庫-鳳山,2024-04-08,1029
1609,大亞,61,23,38,合庫-鳳山,2024-04-08,1029
00673R,期元大S＆P原油反1,47,10,37,合庫-鳳山,2024-04-08,1029
00680L,元大美債20正2,67,30,37,合庫-鳳山,2024-04-08,1029
2317,鴻海,55,21,34,合庫-鳳山,2024-04-08,1029
00933B,國泰10Y+金融債,39,6,33,合庫-鳳山,2024-04-08,1029
00919,群益台灣精選高息,70,37,33,合庫-鳳山,2024-04-08,1029
2377,微星,31,0,31,合庫-鳳山,2024-04-08,1029
2504,國產,33,3,30,合庫-鳳山,2024-04-08,1029
2365,昆盈,43,14,29,合庫-鳳山,2024-04-08,1029
00939,統一台灣高息動能,30,2,28,合庫-鳳山,2024-04-08,1029
2516,新建,26,0,26,合庫-鳳山,2024-04-08,1029
2375,凱美,25,0,25,合庫-鳳山,2024-04-08,1029
2527,宏璟,24,0,24,合庫-鳳山,2024-04-08,1029
6161,捷波,23,0,23,合庫-鳳山,2024-04-08,1029
3105,穩懋,22,0,22,合庫-鳳山,2024-04-08,1029
5243,乙盛-KY,23,2,21,合庫-鳳山,2024-04-08,1029
6016,康和證,18,0,18,合庫-鳳山,2024-04-08,1029
00941,中信上游半導體,16,0,16,合庫-鳳山,2024-04-08,1029
00632R,元大台灣50反1,16,0,16,合庫-鳳山,2024-04-08,1029
2888,新光金,16,0,16,合庫-鳳山,2024-04-08,1029
3027,盛達,16,0,16,合庫-鳳山,2024-04-08,1029
00927,群益半導體收益,15,0,15,合庫-鳳山,2024-04-08,1029
6548,長科*,15,1,14,合庫-鳳山,2024-04-08,1029
00795B,中信美國公債20年,14,0,14,合庫-鳳山,2024-04-08,1029
1815,富喬,14,0,14,合庫-鳳山,2024-04-08,1029
00712,復華富時不動產,13,0,13,合庫-鳳山,2024-04-08,1029
2515,中工,55,43,12,合庫-鳳山,2024-04-08,1029
1301,台塑,13,1,12,合庫-鳳山,2024-04-08,1029
2362,藍天,18,6,12,合庫-鳳山,2024-04-08,1029
3545,敦泰,11,0,11,合庫-鳳山,2024-04-08,1029
3706,神達,12,1,11,合庫-鳳山,2024-04-08,1029
5471,松翰,11,0,11,合庫-鳳山,2024-04-08,1029
6288,聯嘉,17,6,11,合庫-鳳山,2024-04-08,1029
00931B,統一美債20年,10,0,10,合庫-鳳山,2024-04-08,1029
2324,仁寶,12,2,10,合庫-鳳山,2024-04-08,1029
3010,華立,10,0,10,合庫-鳳山,2024-04-08,1029
3056,富華新,10,0,10,合庫-鳳山,2024-04-08,1029
4402,郡都開發,10,0,10,合庫-鳳山,2024-04-08,1029
6189,豐藝,10,0,10,合庫-鳳山,2024-04-08,1029
2501,國建,14,5,9,合庫-鳳山,2024-04-08,1029
2506,太設,19,10,9,合庫-鳳山,2024-04-08,1029
3325,旭品,10,1,9,合庫-鳳山,2024-04-08,1029
6274,台燿,12,3,9,合庫-鳳山,2024-04-08,1029
2880,華南金,700,200,500,合庫-鳳山,2024-04-09,1029
00940,元大台灣價值高息,196,12,184,合庫-鳳山,2024-04-09,1029
2025,千興,176,41,135,合庫-鳳山,2024-04-09,1029
00637L,元大滬深300正2,186,79,107,合庫-鳳山,2024-04-09,1029
2855,統一證,111,20,91,合庫-鳳山,2024-04-09,1029
6770,力積電,89,0,89,合庫-鳳山,2024-04-09,1029
00929,復華台灣科技優息,87,3,84,合庫-鳳山,2024-04-09,1029
3231,緯創,126,42,84,合庫-鳳山,2024-04-09,1029
1713,國化,81,0,81,合庫-鳳山,2024-04-09,1029
00632R,元大台灣50反1,95,26,69,合庫-鳳山,2024-04-09,1029
00915,凱基優選高股息30,60,4,56,合庫-鳳山,2024-04-09,1029
3706,神達,44,3,41,合庫-鳳山,2024-04-09,1029
4714,永捷,41,0,41,合庫-鳳山,2024-04-09,1029
2537,聯上發,59,23,36,合庫-鳳山,2024-04-09,1029
3010,華立,34,0,34,合庫-鳳山,2024-04-09,1029
2371,大同,62,30,32,合庫-鳳山,2024-04-09,1029
1905,華紙,32,0,32,合庫-鳳山,2024-04-09,1029
00919,群益台灣精選高息,51,19,32,合庫-鳳山,2024-04-09,1029
6188,廣明,32,1,31,合庫-鳳山,2024-04-09,1029
00937B,群益ESG投等債20,56,26,30,合庫-鳳山,2024-04-09,1029
00753L,中信中國50正2,30,0,30,合庫-鳳山,2024-04-09,1029
2601,益航,30,0,30,合庫-鳳山,2024-04-09,1029
00673R,期元大S＆P原油反1,32,3,29,合庫-鳳山,2024-04-09,1029
2542,興富發,24,0,24,合庫-鳳山,2024-04-09,1029
6548,長科*,36,13,23,合庫-鳳山,2024-04-09,1029
5443,均豪,29,7,22,合庫-鳳山,2024-04-09,1029
2356,英業達,26,6,20,合庫-鳳山,2024-04-09,1029
00671R,富邦NASDAQ反1,20,0,20,合庫-鳳山,2024-04-09,1029
00679B,元大美債20年,20,0,20,合庫-鳳山,2024-04-09,1029
3041,揚智,20,0,20,合庫-鳳山,2024-04-09,1029
4402,郡都開發,34,14,20,合庫-鳳山,2024-04-09,1029
00904,新光臺灣半導體30,20,1,19,合庫-鳳山,2024-04-09,1029
2316,楠梓電,20,1,19,合庫-鳳山,2024-04-09,1029
2486,一詮,30,11,19,合庫-鳳山,2024-04-09,1029
00687B,國泰20年美債,20,1,19,合庫-鳳山,2024-04-09,1029
1513,中興電,47,29,18,合庫-鳳山,2024-04-09,1029
3033,威健,18,0,18,合庫-鳳山,2024-04-09,1029
3711,日月光投控,20,3,17,合庫-鳳山,2024-04-09,1029
2382,廣達,43,27,16,合庫-鳳山,2024-04-09,1029
6026,福邦證,16,0,16,合庫-鳳山,2024-04-09,1029
4942,嘉彰,15,0,15,合庫-鳳山,2024-04-09,1029
2374,佳能,17,3,14,合庫-鳳山,2024-04-09,1029
2010,春源,13,0,13,合庫-鳳山,2024-04-09,1029
9955,佳龍,15,2,13,合庫-鳳山,2024-04-09,1029
1101,台泥,17,5,12,合庫-鳳山,2024-04-09,1029
1603,華電,22,10,12,合庫-鳳山,2024-04-09,1029
2497,怡利電,12,0,12,合庫-鳳山,2024-04-09,1029
6189,豐藝,21,9,12,合庫-鳳山,2024-04-09,1029
2501,國建,21,10,11,合庫-鳳山,2024-04-09,1029
6015,宏遠證,11,0,11,合庫-鳳山,2024-04-09,1029
00929,復華台灣科技優息,362,12,350,合庫-鳳山,2024-04-10,1029
1514,亞力,139,18,121,合庫-鳳山,2024-04-10,1029
00940,元大台灣價值高息,193,79,114,合庫-鳳山,2024-04-10,1029
8096,擎亞,213,102,111,合庫-鳳山,2024-04-10,1029
5512,力麒,100,0,100,合庫-鳳山,2024-04-10,1029
00665L,富邦�琤肭磪囓�2,87,0,87,合庫-鳳山,2024-04-10,1029
00857B,永豐20年美公債,60,0,60,合庫-鳳山,2024-04-10,1029
00937B,群益ESG投等債20,61,2,59,合庫-鳳山,2024-04-10,1029
2382,廣達,62,5,57,合庫-鳳山,2024-04-10,1029
2618,長榮航,50,0,50,合庫-鳳山,2024-04-10,1029
2486,一詮,66,16,50,合庫-鳳山,2024-04-10,1029
00915,凱基優選高股息30,50,0,50,合庫-鳳山,2024-04-10,1029
2317,鴻海,67,25,42,合庫-鳳山,2024-04-10,1029
1909,榮成,40,0,40,合庫-鳳山,2024-04-10,1029
1905,華紙,43,5,38,合庫-鳳山,2024-04-10,1029
1612,宏泰,35,0,35,合庫-鳳山,2024-04-10,1029
00680L,元大美債20正2,31,0,31,合庫-鳳山,2024-04-10,1029
2610,華航,27,0,27,合庫-鳳山,2024-04-10,1029
00679B,元大美債20年,26,0,26,合庫-鳳山,2024-04-10,1029
6189,豐藝,33,7,26,合庫-鳳山,2024-04-10,1029
2537,聯上發,27,2,25,合庫-鳳山,2024-04-10,1029
2801,彰銀,25,0,25,合庫-鳳山,2024-04-10,1029
2888,新光金,45,23,22,合庫-鳳山,2024-04-10,1029
00673R,期元大S＆P原油反1,21,0,21,合庫-鳳山,2024-04-10,1029
2376,技嘉,27,8,19,合庫-鳳山,2024-04-10,1029
00882,中信中國高股息,20,1,19,合庫-鳳山,2024-04-10,1029
6235,華孚,21,2,19,合庫-鳳山,2024-04-10,1029
1503,士電,21,3,18,合庫-鳳山,2024-04-10,1029
8033,雷虎,19,2,17,合庫-鳳山,2024-04-10,1029
1605,華新,26,9,17,合庫-鳳山,2024-04-10,1029
2515,中工,24,7,17,合庫-鳳山,2024-04-10,1029
3669,圓展,17,0,17,合庫-鳳山,2024-04-10,1029
3167,大量,16,0,16,合庫-鳳山,2024-04-10,1029
3481,群創,46,30,16,合庫-鳳山,2024-04-10,1029
2002,中鋼,37,22,15,合庫-鳳山,2024-04-10,1029
6207,雷科,16,2,14,合庫-鳳山,2024-04-10,1029
1785,光洋科,19,5,14,合庫-鳳山,2024-04-10,1029
2038,海光,15,1,14,合庫-鳳山,2024-04-10,1029
2547,日勝生,64,50,14,合庫-鳳山,2024-04-10,1029
6245,立端,14,0,14,合庫-鳳山,2024-04-10,1029
2355,敬鵬,13,0,13,合庫-鳳山,2024-04-10,1029
2634,漢翔,26,13,13,合庫-鳳山,2024-04-10,1029
5227,立凱-KY,13,0,13,合庫-鳳山,2024-04-10,1029
2374,佳能,12,0,12,合庫-鳳山,2024-04-10,1029
1513,中興電,34,22,12,合庫-鳳山,2024-04-10,1029
3016,嘉晶,11,0,11,合庫-鳳山,2024-04-10,1029
3265,台星科,11,0,11,合庫-鳳山,2024-04-10,1029
5347,世界,11,0,11,合庫-鳳山,2024-04-10,1029
6578,達邦蛋白,11,0,11,合庫-鳳山,2024-04-10,1029
2834,臺企銀,20,9,11,合庫-鳳山,2024-04-10,1029
3481,群創,337,88,249,合庫-鳳山,2024-04-11,1029
2303,聯電,152,2,150,合庫-鳳山,2024-04-11,1029
3419,譁裕,120,0,120,合庫-鳳山,2024-04-11,1029
00929,復華台灣科技優息,109,2,107,合庫-鳳山,2024-04-11,1029
00712,復華富時不動產,83,0,83,合庫-鳳山,2024-04-11,1029
00687B,國泰20年美債,54,0,54,合庫-鳳山,2024-04-11,1029
00937B,群益ESG投等債20,57,6,51,合庫-鳳山,2024-04-11,1029
2376,技嘉,52,8,44,合庫-鳳山,2024-04-11,1029
3231,緯創,59,21,38,合庫-鳳山,2024-04-11,1029
00673R,期元大S＆P原油反1,57,20,37,合庫-鳳山,2024-04-11,1029
2630,亞航,46,12,34,合庫-鳳山,2024-04-11,1029
00632R,元大台灣50反1,53,20,33,合庫-鳳山,2024-04-11,1029
00939,統一台灣高息動能,34,2,32,合庫-鳳山,2024-04-11,1029
2353,宏��,51,21,30,合庫-鳳山,2024-04-11,1029
6179,亞通,48,18,30,合庫-鳳山,2024-04-11,1029
00679B,元大美債20年,29,0,29,合庫-鳳山,2024-04-11,1029
3576,聯合再生,40,11,29,合庫-鳳山,2024-04-11,1029
2406,國碩,36,8,28,合庫-鳳山,2024-04-11,1029
1504,東元,30,4,26,合庫-鳳山,2024-04-11,1029
4113,聯上,26,0,26,合庫-鳳山,2024-04-11,1029
00940,元大台灣價值高息,103,78,25,合庫-鳳山,2024-04-11,1029
00671R,富邦NASDAQ反1,24,0,24,合庫-鳳山,2024-04-11,1029
2301,光寶科,25,1,24,合庫-鳳山,2024-04-11,1029
2388,威盛,24,0,24,合庫-鳳山,2024-04-11,1029
0056,元大高股息,25,1,24,合庫-鳳山,2024-04-11,1029
5443,均豪,34,12,22,合庫-鳳山,2024-04-11,1029
1905,華紙,27,5,22,合庫-鳳山,2024-04-11,1029
2009,第一銅,25,3,22,合庫-鳳山,2024-04-11,1029
3035,智原,22,1,21,合庫-鳳山,2024-04-11,1029
3013,晟銘電,36,15,21,合庫-鳳山,2024-04-11,1029
8476,台境*,21,0,21,合庫-鳳山,2024-04-11,1029
00688L,國泰20年美債正2,20,0,20,合庫-鳳山,2024-04-11,1029
00753L,中信中國50正2,20,0,20,合庫-鳳山,2024-04-11,1029
1316,上曜,20,0,20,合庫-鳳山,2024-04-11,1029
1785,光洋科,21,1,20,合庫-鳳山,2024-04-11,1029
00674R,期元大S＆P黃金反1,19,0,19,合庫-鳳山,2024-04-11,1029
00669R,國泰美國道瓊反1,18,0,18,合庫-鳳山,2024-04-11,1029
6021,美好證,18,0,18,合庫-鳳山,2024-04-11,1029
2637,慧洋-KY,19,2,17,合庫-鳳山,2024-04-11,1029
2316,楠梓電,15,0,15,合庫-鳳山,2024-04-11,1029
00933B,國泰10Y+金融債,27,12,15,合庫-鳳山,2024-04-11,1029
2501,國建,25,10,15,合庫-鳳山,2024-04-11,1029
2527,宏璟,15,0,15,合庫-鳳山,2024-04-11,1029
3363,上詮,17,2,15,合庫-鳳山,2024-04-11,1029
00931B,統一美債20年,17,3,14,合庫-鳳山,2024-04-11,1029
2302,麗正,14,0,14,合庫-鳳山,2024-04-11,1029
6015,宏遠證,14,0,14,合庫-鳳山,2024-04-11,1029
2645,長榮航太,13,0,13,合庫-鳳山,2024-04-11,1029
1201,味全,13,0,13,合庫-鳳山,2024-04-11,1029
3025,星通,13,0,13,合庫-鳳山,2024-04-11,1029
00929,復華台灣科技優息,133,2,131,合庫-鳳山,2024-04-12,1029
00940,元大台灣價值高息,170,49,121,合庫-鳳山,2024-04-12,1029
3481,群創,127,53,74,合庫-鳳山,2024-04-12,1029
2417,圓剛,109,48,61,合庫-鳳山,2024-04-12,1029
2834,臺企銀,59,1,58,合庫-鳳山,2024-04-12,1029
1301,台塑,56,2,54,合庫-鳳山,2024-04-12,1029
00673R,期元大S＆P原油反1,50,0,50,合庫-鳳山,2024-04-12,1029
00687B,國泰20年美債,51,6,45,合庫-鳳山,2024-04-12,1029
3231,緯創,75,33,42,合庫-鳳山,2024-04-12,1029
00679B,元大美債20年,41,1,40,合庫-鳳山,2024-04-12,1029
2610,華航,73,34,39,合庫-鳳山,2024-04-12,1029
2382,廣達,48,9,39,合庫-鳳山,2024-04-12,1029
4526,東台,35,0,35,合庫-鳳山,2024-04-12,1029
2025,千興,30,1,29,合庫-鳳山,2024-04-12,1029
2363,矽統,115,87,28,合庫-鳳山,2024-04-12,1029
00878,國泰永續高股息,33,7,26,合庫-鳳山,2024-04-12,1029
00830,國泰費城半導體,25,0,25,合庫-鳳山,2024-04-12,1029
8011,台通,29,4,25,合庫-鳳山,2024-04-12,1029
2618,長榮航,27,4,23,合庫-鳳山,2024-04-12,1029
00937B,群益ESG投等債20,64,41,23,合庫-鳳山,2024-04-12,1029
2887,台新金,22,0,22,合庫-鳳山,2024-04-12,1029
00881,國泰台灣5G+,21,0,21,合庫-鳳山,2024-04-12,1029
2801,彰銀,21,0,21,合庫-鳳山,2024-04-12,1029
2883,凱基金,22,3,19,合庫-鳳山,2024-04-12,1029
3294,英濟,19,0,19,合庫-鳳山,2024-04-12,1029
0056,元大高股息,24,6,18,合庫-鳳山,2024-04-12,1029
00939,統一台灣高息動能,19,1,18,合庫-鳳山,2024-04-12,1029
2002,中鋼,41,25,16,合庫-鳳山,2024-04-12,1029
2888,新光金,16,0,16,合庫-鳳山,2024-04-12,1029
00733,富邦臺灣中小,15,0,15,合庫-鳳山,2024-04-12,1029
1617,榮星,15,0,15,合庫-鳳山,2024-04-12,1029
2344,華邦電,15,0,15,合庫-鳳山,2024-04-12,1029
5880,合庫金,15,1,14,合庫-鳳山,2024-04-12,1029
00720B,元大投資級公司債,14,0,14,合庫-鳳山,2024-04-12,1029
2337,旺宏,14,0,14,合庫-鳳山,2024-04-12,1029
5353,台林,14,0,14,合庫-鳳山,2024-04-12,1029
5425,台半,15,1,14,合庫-鳳山,2024-04-12,1029
2634,漢翔,17,4,13,合庫-鳳山,2024-04-12,1029
2836,高雄銀,13,0,13,合庫-鳳山,2024-04-12,1029
5009,榮剛,12,0,12,合庫-鳳山,2024-04-12,1029
2028,威致,11,0,11,合庫-鳳山,2024-04-12,1029
3027,盛達,12,1,11,合庫-鳳山,2024-04-12,1029
1312,國喬,10,0,10,合庫-鳳山,2024-04-12,1029
1517,利奇,10,0,10,合庫-鳳山,2024-04-12,1029
2461,光群雷,10,0,10,合庫-鳳山,2024-04-12,1029
2851,中再保,10,0,10,合庫-鳳山,2024-04-12,1029
3025,星通,10,0,10,合庫-鳳山,2024-04-12,1029
5381,合正,16,6,10,合庫-鳳山,2024-04-12,1029
5426,振發,13,3,10,合庫-鳳山,2024-04-12,1029
6015,宏遠證,11,1,10,合庫-鳳山,2024-04-12,1029
00929,復華台灣科技優息,413,7,406,合庫-鳳山,2024-04-15,1029
2367,燿華,161,11,150,合庫-鳳山,2024-04-15,1029
5512,力麒,101,0,101,合庫-鳳山,2024-04-15,1029
2303,聯電,79,10,69,合庫-鳳山,2024-04-15,1029
00680L,元大美債20正2,61,0,61,合庫-鳳山,2024-04-15,1029
2634,漢翔,107,53,54,合庫-鳳山,2024-04-15,1029
2327,國巨,54,1,53,合庫-鳳山,2024-04-15,1029
2867,三商壽,57,4,53,合庫-鳳山,2024-04-15,1029
3312,弘憶股,55,4,51,合庫-鳳山,2024-04-15,1029
00687B,國泰20年美債,41,1,40,合庫-鳳山,2024-04-15,1029
00715L,期街口布蘭特正2,70,30,40,合庫-鳳山,2024-04-15,1029
00937B,群益ESG投等債20,55,23,32,合庫-鳳山,2024-04-15,1029
00919,群益台灣精選高息,47,16,31,合庫-鳳山,2024-04-15,1029
2356,英業達,38,7,31,合庫-鳳山,2024-04-15,1029
1513,中興電,59,28,31,合庫-鳳山,2024-04-15,1029
0056,元大高股息,47,17,30,合庫-鳳山,2024-04-15,1029
2530,華建,30,0,30,合庫-鳳山,2024-04-15,1029
2317,鴻海,43,15,28,合庫-鳳山,2024-04-15,1029
00877,復華中國5G,26,0,26,合庫-鳳山,2024-04-15,1029
00679B,元大美債20年,27,1,26,合庫-鳳山,2024-04-15,1029
2344,華邦電,32,7,25,合庫-鳳山,2024-04-15,1029
00939,統一台灣高息動能,36,12,24,合庫-鳳山,2024-04-15,1029
8403,盛弘,23,0,23,合庫-鳳山,2024-04-15,1029
1301,台塑,23,1,22,合庫-鳳山,2024-04-15,1029
00941,中信上游半導體,22,0,22,合庫-鳳山,2024-04-15,1029
1101,台泥,26,5,21,合庫-鳳山,2024-04-15,1029
00676R,富邦臺灣加權反1,20,0,20,合庫-鳳山,2024-04-15,1029
1815,富喬,21,1,20,合庫-鳳山,2024-04-15,1029
6214,精誠,20,0,20,合庫-鳳山,2024-04-15,1029
8261,富鼎,20,0,20,合庫-鳳山,2024-04-15,1029
2883,凱基金,21,1,20,合庫-鳳山,2024-04-15,1029
2834,臺企銀,18,0,18,合庫-鳳山,2024-04-15,1029
00712,復華富時不動產,19,2,17,合庫-鳳山,2024-04-15,1029
2002,中鋼,17,0,17,合庫-鳳山,2024-04-15,1029
8011,台通,21,4,17,合庫-鳳山,2024-04-15,1029
2371,大同,137,120,17,合庫-鳳山,2024-04-15,1029
00887,永豐中國科技50大,16,0,16,合庫-鳳山,2024-04-15,1029
2236,百達-KY,20,4,16,合庫-鳳山,2024-04-15,1029
00753L,中信中國50正2,15,0,15,合庫-鳳山,2024-04-15,1029
2406,國碩,15,0,15,合庫-鳳山,2024-04-15,1029
3059,華晶科,23,8,15,合庫-鳳山,2024-04-15,1029
1312,國喬,15,0,15,合庫-鳳山,2024-04-15,1029
2618,長榮航,18,4,14,合庫-鳳山,2024-04-15,1029
2022,聚亨,14,0,14,合庫-鳳山,2024-04-15,1029
2610,華航,19,5,14,合庫-鳳山,2024-04-15,1029
3712,永崴投控,16,2,14,合庫-鳳山,2024-04-15,1029
3037,欣興,13,0,13,合庫-鳳山,2024-04-15,1029
1605,華新,32,19,13,合庫-鳳山,2024-04-15,1029
1608,華榮,33,20,13,合庫-鳳山,2024-04-15,1029
2409,友達,13,0,13,合庫-鳳山,2024-04-15,1029
00940,元大台灣價值高息,699,186,513,合庫-鳳山,2024-04-16,1029
00929,復華台灣科技優息,400,12,388,合庫-鳳山,2024-04-16,1029
00919,群益台灣精選高息,238,86,152,合庫-鳳山,2024-04-16,1029
00939,統一台灣高息動能,165,26,139,合庫-鳳山,2024-04-16,1029
2880,華南金,106,0,106,合庫-鳳山,2024-04-16,1029
00937B,群益ESG投等債20,270,177,93,合庫-鳳山,2024-04-16,1029
00878,國泰永續高股息,108,26,82,合庫-鳳山,2024-04-16,1029
1101,台泥,100,21,79,合庫-鳳山,2024-04-16,1029
2834,臺企銀,73,2,71,合庫-鳳山,2024-04-16,1029
0056,元大高股息,97,30,67,合庫-鳳山,2024-04-16,1029
2344,華邦電,64,1,63,合庫-鳳山,2024-04-16,1029
2610,華航,81,18,63,合庫-鳳山,2024-04-16,1029
2618,長榮航,65,2,63,合庫-鳳山,2024-04-16,1029
00918,大華優利高填息30,68,16,52,合庫-鳳山,2024-04-16,1029
1718,中纖,50,0,50,合庫-鳳山,2024-04-16,1029
2408,南亞科,55,5,50,合庫-鳳山,2024-04-16,1029
2892,第一金,48,2,46,合庫-鳳山,2024-04-16,1029
00687B,國泰20年美債,46,0,46,合庫-鳳山,2024-04-16,1029
8033,雷虎,76,31,45,合庫-鳳山,2024-04-16,1029
3481,群創,44,2,42,合庫-鳳山,2024-04-16,1029
00927,群益半導體收益,40,0,40,合庫-鳳山,2024-04-16,1029
5880,合庫金,38,0,38,合庫-鳳山,2024-04-16,1029
2801,彰銀,39,1,38,合庫-鳳山,2024-04-16,1029
00679B,元大美債20年,36,0,36,合庫-鳳山,2024-04-16,1029
00933B,國泰10Y+金融債,69,33,36,合庫-鳳山,2024-04-16,1029
2887,台新金,37,3,34,合庫-鳳山,2024-04-16,1029
1609,大亞,97,64,33,合庫-鳳山,2024-04-16,1029
00632R,元大台灣50反1,214,185,29,合庫-鳳山,2024-04-16,1029
2891,中信金,38,11,27,合庫-鳳山,2024-04-16,1029
2303,聯電,90,63,27,合庫-鳳山,2024-04-16,1029
4934,太極,27,0,27,合庫-鳳山,2024-04-16,1029
3231,緯創,105,79,26,合庫-鳳山,2024-04-16,1029
2606,裕民,24,0,24,合庫-鳳山,2024-04-16,1029
2630,亞航,48,24,24,合庫-鳳山,2024-04-16,1029
4714,永捷,23,0,23,合庫-鳳山,2024-04-16,1029
6283,淳安,29,6,23,合庫-鳳山,2024-04-16,1029
00720B,元大投資級公司債,23,0,23,合庫-鳳山,2024-04-16,1029
00673R,期元大S＆P原油反1,21,0,21,合庫-鳳山,2024-04-16,1029
00922,國泰台灣領袖50,21,0,21,合庫-鳳山,2024-04-16,1029
2745,五福,21,0,21,合庫-鳳山,2024-04-16,1029
5905,南仁湖,21,0,21,合庫-鳳山,2024-04-16,1029
9934,成霖,21,0,21,合庫-鳳山,2024-04-16,1029
2208,台船,23,2,21,合庫-鳳山,2024-04-16,1029
2609,陽明,22,2,20,合庫-鳳山,2024-04-16,1029
2301,光寶科,26,6,20,合庫-鳳山,2024-04-16,1029
2537,聯上發,20,0,20,合庫-鳳山,2024-04-16,1029
2367,燿華,20,0,20,合庫-鳳山,2024-04-16,1029
2820,華票,20,0,20,合庫-鳳山,2024-04-16,1029
2836,高雄銀,30,10,20,合庫-鳳山,2024-04-16,1029
5009,榮剛,28,8,20,合庫-鳳山,2024-04-16,1029
00712,復華富時不動產,193,0,193,合庫-鳳山,2024-04-17,1029
00929,復華台灣科技優息,140,11,129,合庫-鳳山,2024-04-17,1029
2887,台新金,125,5,120,合庫-鳳山,2024-04-17,1029
00940,元大台灣價值高息,182,68,114,合庫-鳳山,2024-04-17,1029
00857B,永豐20年美公債,103,0,103,合庫-鳳山,2024-04-17,1029
00937B,群益ESG投等債20,126,34,92,合庫-鳳山,2024-04-17,1029
00671R,富邦NASDAQ反1,84,0,84,合庫-鳳山,2024-04-17,1029
3481,群創,102,25,77,合庫-鳳山,2024-04-17,1029
00632R,元大台灣50反1,76,0,76,合庫-鳳山,2024-04-17,1029
00679B,元大美債20年,81,5,76,合庫-鳳山,2024-04-17,1029
0056,元大高股息,81,8,73,合庫-鳳山,2024-04-17,1029
1101,台泥,65,0,65,合庫-鳳山,2024-04-17,1029
00933B,國泰10Y+金融債,56,5,51,合庫-鳳山,2024-04-17,1029
2801,彰銀,40,0,40,合庫-鳳山,2024-04-17,1029
8033,雷虎,40,1,39,合庫-鳳山,2024-04-17,1029
00687B,國泰20年美債,40,2,38,合庫-鳳山,2024-04-17,1029
2408,南亞科,40,3,37,合庫-鳳山,2024-04-17,1029
00669R,國泰美國道瓊反1,35,1,34,合庫-鳳山,2024-04-17,1029
2618,長榮航,36,4,32,合庫-鳳山,2024-04-17,1029
9945,潤泰新,25,3,22,合庫-鳳山,2024-04-17,1029
8096,擎亞,24,3,21,合庫-鳳山,2024-04-17,1029
9934,成霖,20,0,20,合庫-鳳山,2024-04-17,1029
00720B,元大投資級公司債,16,0,16,合庫-鳳山,2024-04-17,1029
2610,華航,17,1,16,合庫-鳳山,2024-04-17,1029
2313,華通,22,7,15,合庫-鳳山,2024-04-17,1029
2363,矽統,30,15,15,合庫-鳳山,2024-04-17,1029
2025,千興,15,1,14,合庫-鳳山,2024-04-17,1029
3231,緯創,51,37,14,合庫-鳳山,2024-04-17,1029
3037,欣興,14,0,14,合庫-鳳山,2024-04-17,1029
5880,合庫金,15,1,14,合庫-鳳山,2024-04-17,1029
2834,臺企銀,16,3,13,合庫-鳳山,2024-04-17,1029
00923,群益台ESG低碳50,13,1,12,合庫-鳳山,2024-04-17,1029
00941,中信上游半導體,14,2,12,合庫-鳳山,2024-04-17,1029
2884,玉山金,12,0,12,合庫-鳳山,2024-04-17,1029
6189,豐藝,15,3,12,合庫-鳳山,2024-04-17,1029
2501,國建,12,1,11,合庫-鳳山,2024-04-17,1029
1303,南亞,11,0,11,合庫-鳳山,2024-04-17,1029
2504,國產,11,0,11,合庫-鳳山,2024-04-17,1029
5512,力麒,60,50,10,合庫-鳳山,2024-04-17,1029
2388,威盛,17,7,10,合庫-鳳山,2024-04-17,1029
00641R,富邦日本反1,10,0,10,合庫-鳳山,2024-04-17,1029
2301,光寶科,13,3,10,合庫-鳳山,2024-04-17,1029
2897,王道銀行,10,0,10,合庫-鳳山,2024-04-17,1029
3006,晶豪科,17,7,10,合庫-鳳山,2024-04-17,1029
5289,宜鼎,10,0,10,合庫-鳳山,2024-04-17,1029
5864,致和證,10,0,10,合庫-鳳山,2024-04-17,1029
2812,台中銀,10,0,10,合庫-鳳山,2024-04-17,1029
2356,英業達,10,1,9,合庫-鳳山,2024-04-17,1029
1319,東陽,11,2,9,合庫-鳳山,2024-04-17,1029
2634,漢翔,12,3,9,合庫-鳳山,2024-04-17,1029
00929,復華台灣科技優息,178,41,137,合庫-鳳山,2024-04-18,1029
00857B,永豐20年美公債,95,0,95,合庫-鳳山,2024-04-18,1029
1605,華新,134,40,94,合庫-鳳山,2024-04-18,1029
2371,大同,150,56,94,合庫-鳳山,2024-04-18,1029
00680L,元大美債20正2,60,0,60,合庫-鳳山,2024-04-18,1029
00940,元大台灣價值高息,64,7,57,合庫-鳳山,2024-04-18,1029
9105,泰金寶-DR,41,0,41,合庫-鳳山,2024-04-18,1029
5512,力麒,41,1,40,合庫-鳳山,2024-04-18,1029
00676R,富邦臺灣加權反1,40,0,40,合庫-鳳山,2024-04-18,1029
00664R,國泰臺灣加權反1,40,0,40,合庫-鳳山,2024-04-18,1029
2014,中鴻,62,22,40,合庫-鳳山,2024-04-18,1029
00720B,元大投資級公司債,39,0,39,合庫-鳳山,2024-04-18,1029
6015,宏遠證,39,2,37,合庫-鳳山,2024-04-18,1029
00939,統一台灣高息動能,38,6,32,合庫-鳳山,2024-04-18,1029
3013,晟銘電,48,22,26,合庫-鳳山,2024-04-18,1029
0056,元大高股息,37,12,25,合庫-鳳山,2024-04-18,1029
1513,中興電,55,32,23,合庫-鳳山,2024-04-18,1029
00655L,國泰中國A50正2,22,0,22,合庫-鳳山,2024-04-18,1029
9919,康那香,24,2,22,合庫-鳳山,2024-04-18,1029
1440,南紡,20,0,20,合庫-鳳山,2024-04-18,1029
3707,漢磊,47,27,20,合庫-鳳山,2024-04-18,1029
6548,長科*,20,0,20,合庫-鳳山,2024-04-18,1029
2501,國建,26,6,20,合庫-鳳山,2024-04-18,1029
00674R,期元大S＆P黃金反1,19,0,19,合庫-鳳山,2024-04-18,1029
8033,雷虎,27,8,19,合庫-鳳山,2024-04-18,1029
2887,台新金,20,1,19,合庫-鳳山,2024-04-18,1029
00941,中信上游半導體,24,5,19,合庫-鳳山,2024-04-18,1029
8390,金益鼎,23,6,17,合庫-鳳山,2024-04-18,1029
2889,國票金,16,0,16,合庫-鳳山,2024-04-18,1029
3095,及成,15,0,15,合庫-鳳山,2024-04-18,1029
00712,復華富時不動產,24,9,15,合庫-鳳山,2024-04-18,1029
1529,樂事綠能,25,12,13,合庫-鳳山,2024-04-18,1029
2009,第一銅,18,5,13,合庫-鳳山,2024-04-18,1029
2408,南亞科,13,1,12,合庫-鳳山,2024-04-18,1029
00942B,台新美A公司債20+,12,0,12,合庫-鳳山,2024-04-18,1029
2406,國碩,15,3,12,合庫-鳳山,2024-04-18,1029
1504,東元,38,26,12,合庫-鳳山,2024-04-18,1029
2460,建通,11,0,11,合庫-鳳山,2024-04-18,1029
4909,新復興,11,0,11,合庫-鳳山,2024-04-18,1029
8112,至上,11,1,10,合庫-鳳山,2024-04-18,1029
00753L,中信中國50正2,10,0,10,合庫-鳳山,2024-04-18,1029
00918,大華優利高填息30,10,0,10,合庫-鳳山,2024-04-18,1029
2362,藍天,10,0,10,合庫-鳳山,2024-04-18,1029
2385,群光,10,0,10,合庫-鳳山,2024-04-18,1029
3010,華立,11,1,10,合庫-鳳山,2024-04-18,1029
4906,正文,10,0,10,合庫-鳳山,2024-04-18,1029
5864,致和證,10,0,10,合庫-鳳山,2024-04-18,1029
6282,康舒,12,2,10,合庫-鳳山,2024-04-18,1029
6288,聯嘉,10,0,10,合庫-鳳山,2024-04-18,1029
9955,佳龍,15,5,10,合庫-鳳山,2024-04-18,1029
00929,復華台灣科技優息,715,134,581,合庫-鳳山,2024-04-19,1029
00940,元大台灣價值高息,361,5,356,合庫-鳳山,2024-04-19,1029
2887,台新金,223,0,223,合庫-鳳山,2024-04-19,1029
00941,中信上游半導體,125,0,125,合庫-鳳山,2024-04-19,1029
00937B,群益ESG投等債20,215,96,119,合庫-鳳山,2024-04-19,1029
1608,華榮,152,56,96,合庫-鳳山,2024-04-19,1029
00919,群益台灣精選高息,128,41,87,合庫-鳳山,2024-04-19,1029
1609,大亞,147,64,83,合庫-鳳山,2024-04-19,1029
2880,華南金,89,10,79,合庫-鳳山,2024-04-19,1029
2317,鴻海,98,24,74,合庫-鳳山,2024-04-19,1029
2515,中工,126,52,74,合庫-鳳山,2024-04-19,1029
0056,元大高股息,96,26,70,合庫-鳳山,2024-04-19,1029
2330,台積電,109,43,66,合庫-鳳山,2024-04-19,1029
00857B,永豐20年美公債,60,0,60,合庫-鳳山,2024-04-19,1029
2417,圓剛,89,32,57,合庫-鳳山,2024-04-19,1029
3231,緯創,88,32,56,合庫-鳳山,2024-04-19,1029
6505,台塑化,55,0,55,合庫-鳳山,2024-04-19,1029
00933B,國泰10Y+金融債,53,0,53,合庫-鳳山,2024-04-19,1029
00939,統一台灣高息動能,98,47,51,合庫-鳳山,2024-04-19,1029
5905,南仁湖,50,0,50,合庫-鳳山,2024-04-19,1029
00878,國泰永續高股息,128,79,49,合庫-鳳山,2024-04-19,1029
2303,聯電,71,24,47,合庫-鳳山,2024-04-19,1029
3312,弘憶股,47,3,44,合庫-鳳山,2024-04-19,1029
2618,長榮航,46,7,39,合庫-鳳山,2024-04-19,1029
5512,力麒,74,41,33,合庫-鳳山,2024-04-19,1029
3260,威剛,31,1,30,合庫-鳳山,2024-04-19,1029
2460,建通,26,0,26,合庫-鳳山,2024-04-19,1029
00753L,中信中國50正2,26,0,26,合庫-鳳山,2024-04-19,1029
4906,正文,25,0,25,合庫-鳳山,2024-04-19,1029
5521,工信,28,5,23,合庫-鳳山,2024-04-19,1029
00891,中信關鍵半導體,23,0,23,合庫-鳳山,2024-04-19,1029
1326,台化,23,0,23,合庫-鳳山,2024-04-19,1029
2363,矽統,38,16,22,合庫-鳳山,2024-04-19,1029
2834,臺企銀,22,0,22,合庫-鳳山,2024-04-19,1029
1612,宏泰,73,51,22,合庫-鳳山,2024-04-19,1029
2020,美亞,22,0,22,合庫-鳳山,2024-04-19,1029
4714,永捷,23,1,22,合庫-鳳山,2024-04-19,1029
5880,合庫金,45,23,22,合庫-鳳山,2024-04-19,1029
5347,世界,27,6,21,合庫-鳳山,2024-04-19,1029
5310,天剛,20,0,20,合庫-鳳山,2024-04-19,1029
5864,致和證,20,0,20,合庫-鳳山,2024-04-19,1029
2891,中信金,19,0,19,合庫-鳳山,2024-04-19,1029
2010,春源,20,1,19,合庫-鳳山,2024-04-19,1029
0050,元大台灣50,18,0,18,合庫-鳳山,2024-04-19,1029
00715L,期街口布蘭特正2,20,2,18,合庫-鳳山,2024-04-19,1029
2888,新光金,21,3,18,合庫-鳳山,2024-04-19,1029
3006,晶豪科,18,0,18,合庫-鳳山,2024-04-19,1029
3105,穩懋,19,1,18,合庫-鳳山,2024-04-19,1029
2344,華邦電,19,2,17,合庫-鳳山,2024-04-19,1029
00918,大華優利高填息30,33,16,17,合庫-鳳山,2024-04-19,1029
00933B,國泰10Y+金融債,231,1,230,合庫-鳳山,2024-04-22,1029
00940,元大台灣價值高息,245,32,213,合庫-鳳山,2024-04-22,1029
00929,復華台灣科技優息,380,246,134,合庫-鳳山,2024-04-22,1029
2303,聯電,76,1,75,合庫-鳳山,2024-04-22,1029
00937B,群益ESG投等債20,73,0,73,合庫-鳳山,2024-04-22,1029
5512,力麒,102,38,64,合庫-鳳山,2024-04-22,1029
2409,友達,59,0,59,合庫-鳳山,2024-04-22,1029
3481,群創,82,29,53,合庫-鳳山,2024-04-22,1029
00919,群益台灣精選高息,85,36,49,合庫-鳳山,2024-04-22,1029
1609,大亞,122,73,49,合庫-鳳山,2024-04-22,1029
2605,新興,45,2,43,合庫-鳳山,2024-04-22,1029
3707,漢磊,41,0,41,合庫-鳳山,2024-04-22,1029
8033,雷虎,38,0,38,合庫-鳳山,2024-04-22,1029
2547,日勝生,77,43,34,合庫-鳳山,2024-04-22,1029
2515,中工,123,91,32,合庫-鳳山,2024-04-22,1029
2506,太設,50,20,30,合庫-鳳山,2024-04-22,1029
2634,漢翔,33,6,27,合庫-鳳山,2024-04-22,1029
2610,華航,32,6,26,合庫-鳳山,2024-04-22,1029
2511,太子,28,3,25,合庫-鳳山,2024-04-22,1029
0056,元大高股息,50,26,24,合庫-鳳山,2024-04-22,1029
3703,欣陸,58,34,24,合庫-鳳山,2024-04-22,1029
1618,合機,32,8,24,合庫-鳳山,2024-04-22,1029
00930,永豐ESG低碳高息,23,0,23,合庫-鳳山,2024-04-22,1029
3016,嘉晶,25,2,23,合庫-鳳山,2024-04-22,1029
3041,揚智,23,0,23,合庫-鳳山,2024-04-22,1029
2317,鴻海,33,11,22,合庫-鳳山,2024-04-22,1029
00878,國泰永續高股息,37,16,21,合庫-鳳山,2024-04-22,1029
2382,廣達,32,11,21,合庫-鳳山,2024-04-22,1029
2324,仁寶,26,5,21,合庫-鳳山,2024-04-22,1029
1732,毛寶,26,6,20,合庫-鳳山,2024-04-22,1029
5864,致和證,20,0,20,合庫-鳳山,2024-04-22,1029
2537,聯上發,47,29,18,合庫-鳳山,2024-04-22,1029
6015,宏遠證,20,2,18,合庫-鳳山,2024-04-22,1029
1815,富喬,16,0,16,合庫-鳳山,2024-04-22,1029
1504,東元,29,13,16,合庫-鳳山,2024-04-22,1029
2038,海光,16,0,16,合庫-鳳山,2024-04-22,1029
2331,精英,15,0,15,合庫-鳳山,2024-04-22,1029
6125,廣運,18,3,15,合庫-鳳山,2024-04-22,1029
6116,彩晶,14,0,14,合庫-鳳山,2024-04-22,1029
00922,國泰台灣領袖50,14,1,13,合庫-鳳山,2024-04-22,1029
2363,矽統,21,9,12,合庫-鳳山,2024-04-22,1029
3015,全漢,14,2,12,合庫-鳳山,2024-04-22,1029
3260,威剛,14,2,12,合庫-鳳山,2024-04-22,1029
3312,弘憶股,14,2,12,合庫-鳳山,2024-04-22,1029
5521,工信,38,27,11,合庫-鳳山,2024-04-22,1029
6288,聯嘉,11,0,11,合庫-鳳山,2024-04-22,1029
6535,順藥,11,0,11,合庫-鳳山,2024-04-22,1029
2330,台積電,45,34,11,合庫-鳳山,2024-04-22,1029
00671R,富邦NASDAQ反1,10,0,10,合庫-鳳山,2024-04-22,1029
00669R,國泰美國道瓊反1,10,0,10,合庫-鳳山,2024-04-22,1029
00929,復華台灣科技優息,196,12,184,合庫-鳳山,2024-04-23,1029
00937B,群益ESG投等債20,116,20,96,合庫-鳳山,2024-04-23,1029
9924,福興,70,0,70,合庫-鳳山,2024-04-23,1029
2515,中工,85,29,56,合庫-鳳山,2024-04-23,1029
00632R,元大台灣50反1,111,57,54,合庫-鳳山,2024-04-23,1029
5512,力麒,77,25,52,合庫-鳳山,2024-04-23,1029
00939,統一台灣高息動能,57,8,49,合庫-鳳山,2024-04-23,1029
2886,兆豐金,41,4,37,合庫-鳳山,2024-04-23,1029
2537,聯上發,34,4,30,合庫-鳳山,2024-04-23,1029
2542,興富發,21,0,21,合庫-鳳山,2024-04-23,1029
6443,元晶,22,1,21,合庫-鳳山,2024-04-23,1029
2417,圓剛,20,0,20,合庫-鳳山,2024-04-23,1029
3027,盛達,20,0,20,合庫-鳳山,2024-04-23,1029
6182,合晶,20,0,20,合庫-鳳山,2024-04-23,1029
00720B,元大投資級公司債,18,0,18,合庫-鳳山,2024-04-23,1029
1316,上曜,24,7,17,合庫-鳳山,2024-04-23,1029
6125,廣運,30,13,17,合庫-鳳山,2024-04-23,1029
2371,大同,75,59,16,合庫-鳳山,2024-04-23,1029
2501,國建,22,7,15,合庫-鳳山,2024-04-23,1029
6120,達運,15,0,15,合庫-鳳山,2024-04-23,1029
6548,長科*,25,10,15,合庫-鳳山,2024-04-23,1029
2388,威盛,30,16,14,合庫-鳳山,2024-04-23,1029
2301,光寶科,17,4,13,合庫-鳳山,2024-04-23,1029
6290,良維,15,2,13,合庫-鳳山,2024-04-23,1029
2324,仁寶,16,4,12,合庫-鳳山,2024-04-23,1029
6462,神盾,14,2,12,合庫-鳳山,2024-04-23,1029
6770,力積電,44,32,12,合庫-鳳山,2024-04-23,1029
2365,昆盈,11,0,11,合庫-鳳山,2024-04-23,1029
2883,凱基金,13,2,11,合庫-鳳山,2024-04-23,1029
2834,臺企銀,33,23,10,合庫-鳳山,2024-04-23,1029
8089,康全電訊,10,0,10,合庫-鳳山,2024-04-23,1029
2603,長榮,11,2,9,合庫-鳳山,2024-04-23,1029
3059,華晶科,11,2,9,合庫-鳳山,2024-04-23,1029
2546,根基,8,0,8,合庫-鳳山,2024-04-23,1029
2374,佳能,25,17,8,合庫-鳳山,2024-04-23,1029
2547,日勝生,16,8,8,合庫-鳳山,2024-04-23,1029
9105,泰金寶-DR,8,0,8,合庫-鳳山,2024-04-23,1029
1725,元禎,7,0,7,合庫-鳳山,2024-04-23,1029
3231,緯創,13,6,7,合庫-鳳山,2024-04-23,1029
1905,華紙,8,2,6,合庫-鳳山,2024-04-23,1029
3708,上緯投控,7,1,6,合庫-鳳山,2024-04-23,1029
2449,京元電子,11,6,5,合庫-鳳山,2024-04-23,1029
1101,台泥,46,41,5,合庫-鳳山,2024-04-23,1029
2208,台船,6,1,5,合庫-鳳山,2024-04-23,1029
2303,聯電,9,4,5,合庫-鳳山,2024-04-23,1029
2367,燿華,5,0,5,合庫-鳳山,2024-04-23,1029
2524,京城,5,0,5,合庫-鳳山,2024-04-23,1029
3015,全漢,6,1,5,合庫-鳳山,2024-04-23,1029
3095,及成,10,5,5,合庫-鳳山,2024-04-23,1029
6209,今國光,5,0,5,合庫-鳳山,2024-04-23,1029
1316,上曜,53,1,52,合庫-鳳山,2024-04-24,1029
00929,復華台灣科技優息,75,26,49,合庫-鳳山,2024-04-24,1029
1101,台泥,45,1,44,合庫-鳳山,2024-04-24,1029
3059,華晶科,43,0,43,合庫-鳳山,2024-04-24,1029
2009,第一銅,63,28,35,合庫-鳳山,2024-04-24,1029
00679B,元大美債20年,33,0,33,合庫-鳳山,2024-04-24,1029
00937B,群益ESG投等債20,42,12,30,合庫-鳳山,2024-04-24,1029
2886,兆豐金,25,1,24,合庫-鳳山,2024-04-24,1029
4402,郡都開發,23,0,23,合庫-鳳山,2024-04-24,1029
3703,欣陸,34,13,21,合庫-鳳山,2024-04-24,1029
2028,威致,20,0,20,合庫-鳳山,2024-04-24,1029
4157,太景*-KY,20,0,20,合庫-鳳山,2024-04-24,1029
2417,圓剛,36,20,16,合庫-鳳山,2024-04-24,1029
00915,凱基優選高股息30,15,0,15,合庫-鳳山,2024-04-24,1029
2547,日勝生,15,0,15,合庫-鳳山,2024-04-24,1029
2023,燁輝,14,0,14,合庫-鳳山,2024-04-24,1029
2739,寒舍,13,0,13,合庫-鳳山,2024-04-24,1029
2515,中工,41,29,12,合庫-鳳山,2024-04-24,1029
2888,新光金,31,19,12,合庫-鳳山,2024-04-24,1029
4532,瑞智,13,1,12,合庫-鳳山,2024-04-24,1029
2027,大成鋼,11,0,11,合庫-鳳山,2024-04-24,1029
00671R,富邦NASDAQ反1,11,0,11,合庫-鳳山,2024-04-24,1029
1457,宜進,11,0,11,合庫-鳳山,2024-04-24,1029
2442,新美齊,11,0,11,合庫-鳳山,2024-04-24,1029
3686,達能,17,6,11,合庫-鳳山,2024-04-24,1029
00878,國泰永續高股息,12,1,11,合庫-鳳山,2024-04-24,1029
2501,國建,21,10,11,合庫-鳳山,2024-04-24,1029
1608,華榮,16,6,10,合庫-鳳山,2024-04-24,1029
2851,中再保,10,0,10,合庫-鳳山,2024-04-24,1029
5512,力麒,19,9,10,合庫-鳳山,2024-04-24,1029
00919,群益台灣精選高息,14,4,10,合庫-鳳山,2024-04-24,1029
00881,國泰台灣5G+,10,1,9,合庫-鳳山,2024-04-24,1029
00720B,元大投資級公司債,9,0,9,合庫-鳳山,2024-04-24,1029
00669R,國泰美國道瓊反1,9,0,9,合庫-鳳山,2024-04-24,1029
00674R,期元大S＆P黃金反1,9,0,9,合庫-鳳山,2024-04-24,1029
00680L,元大美債20正2,8,0,8,合庫-鳳山,2024-04-24,1029
2038,海光,13,5,8,合庫-鳳山,2024-04-24,1029
3481,群創,24,16,8,合庫-鳳山,2024-04-24,1029
6213,聯茂,11,3,8,合庫-鳳山,2024-04-24,1029
00830,國泰費城半導體,7,0,7,合庫-鳳山,2024-04-24,1029
6443,元晶,7,0,7,合庫-鳳山,2024-04-24,1029
00687B,國泰20年美債,7,0,7,合庫-鳳山,2024-04-24,1029
2007,燁興,9,2,7,合庫-鳳山,2024-04-24,1029
6015,宏遠證,7,0,7,合庫-鳳山,2024-04-24,1029
6916,華凌,7,0,7,合庫-鳳山,2024-04-24,1029
8070,長華*,21,14,7,合庫-鳳山,2024-04-24,1029
2542,興富發,7,0,7,合庫-鳳山,2024-04-24,1029
2032,新鋼,6,0,6,合庫-鳳山,2024-04-24,1029
3015,全漢,6,0,6,合庫-鳳山,2024-04-24,1029
5483,中美晶,11,5,6,合庫-鳳山,2024-04-24,1029
00933B,國泰10Y+金融債,195,0,195,合庫-鳳山,2024-04-25,1029
00937B,群益ESG投等債20,104,3,101,合庫-鳳山,2024-04-25,1029
2062,橋椿,90,0,90,合庫-鳳山,2024-04-25,1029
1605,華新,63,3,60,合庫-鳳山,2024-04-25,1029
00878,國泰永續高股息,45,2,43,合庫-鳳山,2024-04-25,1029
00680L,元大美債20正2,46,5,41,合庫-鳳山,2024-04-25,1029
00915,凱基優選高股息30,35,0,35,合庫-鳳山,2024-04-25,1029
00687B,國泰20年美債,34,1,33,合庫-鳳山,2024-04-25,1029
2882,國泰金,33,0,33,合庫-鳳山,2024-04-25,1029
6005,群益證,34,1,33,合庫-鳳山,2024-04-25,1029
00679B,元大美債20年,32,0,32,合庫-鳳山,2024-04-25,1029
2303,聯電,39,9,30,合庫-鳳山,2024-04-25,1029
4157,太景*-KY,30,0,30,合庫-鳳山,2024-04-25,1029
00940,元大台灣價值高息,59,31,28,合庫-鳳山,2024-04-25,1029
00939,統一台灣高息動能,28,0,28,合庫-鳳山,2024-04-25,1029
6585,鼎基,30,5,25,合庫-鳳山,2024-04-25,1029
2009,第一銅,32,10,22,合庫-鳳山,2024-04-25,1029
2801,彰銀,22,0,22,合庫-鳳山,2024-04-25,1029
2888,新光金,22,0,22,合庫-鳳山,2024-04-25,1029
00902,中信電池及儲能,21,0,21,合庫-鳳山,2024-04-25,1029
00666R,富邦�琤肭磪齯�1,20,0,20,合庫-鳳山,2024-04-25,1029
3013,晟銘電,22,3,19,合庫-鳳山,2024-04-25,1029
3059,華晶科,18,0,18,合庫-鳳山,2024-04-25,1029
00929,復華台灣科技優息,32,15,17,合庫-鳳山,2024-04-25,1029
00891,中信關鍵半導體,16,0,16,合庫-鳳山,2024-04-25,1029
2634,漢翔,22,6,16,合庫-鳳山,2024-04-25,1029
2317,鴻海,28,13,15,合庫-鳳山,2024-04-25,1029
5515,建國,15,0,15,合庫-鳳山,2024-04-25,1029
2542,興富發,15,0,15,合庫-鳳山,2024-04-25,1029
00720B,元大投資級公司債,14,0,14,合庫-鳳山,2024-04-25,1029
2547,日勝生,13,0,13,合庫-鳳山,2024-04-25,1029
1532,勤美,12,0,12,合庫-鳳山,2024-04-25,1029
3041,揚智,12,0,12,合庫-鳳山,2024-04-25,1029
2887,台新金,11,0,11,合庫-鳳山,2024-04-25,1029
1301,台塑,12,1,11,合庫-鳳山,2024-04-25,1029
00918,大華優利高填息30,11,0,11,合庫-鳳山,2024-04-25,1029
2027,大成鋼,11,0,11,合庫-鳳山,2024-04-25,1029
2354,鴻準,13,2,11,合庫-鳳山,2024-04-25,1029
1536,和大,11,1,10,合庫-鳳山,2024-04-25,1029
2349,錸德,10,0,10,合庫-鳳山,2024-04-25,1029
8096,擎亞,10,0,10,合庫-鳳山,2024-04-25,1029
6207,雷科,12,2,10,合庫-鳳山,2024-04-25,1029
00882,中信中國高股息,14,5,9,合庫-鳳山,2024-04-25,1029
2031,新光鋼,9,0,9,合庫-鳳山,2024-04-25,1029
9933,中鼎,11,2,9,合庫-鳳山,2024-04-25,1029
00923,群益台ESG低碳50,8,0,8,合庫-鳳山,2024-04-25,1029
2365,昆盈,10,2,8,合庫-鳳山,2024-04-25,1029
3016,嘉晶,10,2,8,合庫-鳳山,2024-04-25,1029
6770,力積電,8,0,8,合庫-鳳山,2024-04-25,1029
0056,元大高股息,12,5,7,合庫-鳳山,2024-04-25,1029
00933B,國泰10Y+金融債,121,0,121,合庫-鳳山,2024-04-26,1029
00632R,元大台灣50反1,95,7,88,合庫-鳳山,2024-04-26,1029
00937B,群益ESG投等債20,81,1,80,合庫-鳳山,2024-04-26,1029
3030,德律,60,3,57,合庫-鳳山,2024-04-26,1029
00795B,中信美國公債20年,52,0,52,合庫-鳳山,2024-04-26,1029
1605,華新,65,14,51,合庫-鳳山,2024-04-26,1029
00941,中信上游半導體,50,0,50,合庫-鳳山,2024-04-26,1029
2889,國票金,50,0,50,合庫-鳳山,2024-04-26,1029
00940,元大台灣價值高息,62,16,46,合庫-鳳山,2024-04-26,1029
00679B,元大美債20年,45,1,44,合庫-鳳山,2024-04-26,1029
2867,三商壽,62,22,40,合庫-鳳山,2024-04-26,1029
00878,國泰永續高股息,38,0,38,合庫-鳳山,2024-04-26,1029
00915,凱基優選高股息30,35,2,33,合庫-鳳山,2024-04-26,1029
8234,新漢,38,6,32,合庫-鳳山,2024-04-26,1029
00650L,復華香港正2,30,2,28,合庫-鳳山,2024-04-26,1029
00929,復華台灣科技優息,29,4,25,合庫-鳳山,2024-04-26,1029
6186,新潤,24,0,24,合庫-鳳山,2024-04-26,1029
00637L,元大滬深300正2,30,8,22,合庫-鳳山,2024-04-26,1029
3013,晟銘電,44,23,21,合庫-鳳山,2024-04-26,1029
1101,台泥,42,24,18,合庫-鳳山,2024-04-26,1029
2545,皇翔,18,0,18,合庫-鳳山,2024-04-26,1029
4532,瑞智,20,2,18,合庫-鳳山,2024-04-26,1029
2363,矽統,26,9,17,合庫-鳳山,2024-04-26,1029
2504,國產,22,5,17,合庫-鳳山,2024-04-26,1029
2374,佳能,17,0,17,合庫-鳳山,2024-04-26,1029
00687B,國泰20年美債,15,0,15,合庫-鳳山,2024-04-26,1029
00655L,國泰中國A50正2,15,0,15,合庫-鳳山,2024-04-26,1029
2498,宏達電,19,4,15,合庫-鳳山,2024-04-26,1029
6770,力積電,15,1,14,合庫-鳳山,2024-04-26,1029
00934,中信成長高股息,20,6,14,合庫-鳳山,2024-04-26,1029
6425,易發,18,4,14,合庫-鳳山,2024-04-26,1029
2359,所羅門,36,23,13,合庫-鳳山,2024-04-26,1029
6462,神盾,14,1,13,合庫-鳳山,2024-04-26,1029
00665L,富邦�琤肭磪囓�2,34,22,12,合庫-鳳山,2024-04-26,1029
2028,威致,12,0,12,合庫-鳳山,2024-04-26,1029
2705,六福,12,0,12,合庫-鳳山,2024-04-26,1029
6548,長科*,14,2,12,合庫-鳳山,2024-04-26,1029
2371,大同,37,26,11,合庫-鳳山,2024-04-26,1029
1609,大亞,24,13,11,合庫-鳳山,2024-04-26,1029
00942B,台新美A公司債20+,11,0,11,合庫-鳳山,2024-04-26,1029
1440,南紡,76,65,11,合庫-鳳山,2024-04-26,1029
5521,工信,11,0,11,合庫-鳳山,2024-04-26,1029
6213,聯茂,12,1,11,合庫-鳳山,2024-04-26,1029
1503,士電,24,14,10,合庫-鳳山,2024-04-26,1029
00671R,富邦NASDAQ反1,10,0,10,合庫-鳳山,2024-04-26,1029
2031,新光鋼,10,0,10,合庫-鳳山,2024-04-26,1029
2460,建通,10,0,10,合庫-鳳山,2024-04-26,1029
6167,久正,11,1,10,合庫-鳳山,2024-04-26,1029
6275,元山,11,2,9,合庫-鳳山,2024-04-26,1029
8936,國統,12,3,9,合庫-鳳山,2024-04-26,1029
1608,華榮,211,1,210,合庫-鳳山,2024-04-29,1029
00929,復華台灣科技優息,138,17,121,合庫-鳳山,2024-04-29,1029
00632R,元大台灣50反1,122,10,112,合庫-鳳山,2024-04-29,1029
1609,大亞,100,40,60,合庫-鳳山,2024-04-29,1029
00687B,國泰20年美債,61,1,60,合庫-鳳山,2024-04-29,1029
00666R,富邦�琤肭磪齯�1,50,0,50,合庫-鳳山,2024-04-29,1029
6177,達麗,53,4,49,合庫-鳳山,2024-04-29,1029
2323,中環,88,42,46,合庫-鳳山,2024-04-29,1029
1301,台塑,56,11,45,合庫-鳳山,2024-04-29,1029
5905,南仁湖,40,0,40,合庫-鳳山,2024-04-29,1029
2618,長榮航,79,46,33,合庫-鳳山,2024-04-29,1029
1722,台肥,36,3,33,合庫-鳳山,2024-04-29,1029
2363,矽統,58,28,30,合庫-鳳山,2024-04-29,1029
00706L,期元大S＆P日圓正2,30,0,30,合庫-鳳山,2024-04-29,1029
6548,長科*,30,1,29,合庫-鳳山,2024-04-29,1029
3041,揚智,30,2,28,合庫-鳳山,2024-04-29,1029
2464,盟立,25,0,25,合庫-鳳山,2024-04-29,1029
2017,官田鋼,23,0,23,合庫-鳳山,2024-04-29,1029
2374,佳能,35,16,19,合庫-鳳山,2024-04-29,1029
3013,晟銘電,21,2,19,合庫-鳳山,2024-04-29,1029
6585,鼎基,19,1,18,合庫-鳳山,2024-04-29,1029
00919,群益台灣精選高息,22,5,17,合庫-鳳山,2024-04-29,1029
00878,國泰永續高股息,22,5,17,合庫-鳳山,2024-04-29,1029
6015,宏遠證,20,3,17,合庫-鳳山,2024-04-29,1029
6125,廣運,23,7,16,合庫-鳳山,2024-04-29,1029
1532,勤美,40,24,16,合庫-鳳山,2024-04-29,1029
2610,華航,53,37,16,合庫-鳳山,2024-04-29,1029
2454,聯發科,16,0,16,合庫-鳳山,2024-04-29,1029
2010,春源,15,0,15,合庫-鳳山,2024-04-29,1029
5511,德昌,14,0,14,合庫-鳳山,2024-04-29,1029
2337,旺宏,20,7,13,合庫-鳳山,2024-04-29,1029
3005,神基,13,0,13,合庫-鳳山,2024-04-29,1029
6693,廣閎科,12,0,12,合庫-鳳山,2024-04-29,1029
2501,國建,13,2,11,合庫-鳳山,2024-04-29,1029
6197,佳必琪,11,0,11,合庫-鳳山,2024-04-29,1029
00679B,元大美債20年,15,5,10,合庫-鳳山,2024-04-29,1029
1103,嘉泥,10,0,10,合庫-鳳山,2024-04-29,1029
1459,聯發,10,0,10,合庫-鳳山,2024-04-29,1029
1806,冠軍,10,0,10,合庫-鳳山,2024-04-29,1029
2431,聯昌,10,0,10,合庫-鳳山,2024-04-29,1029
3188,鑫龍騰,10,0,10,合庫-鳳山,2024-04-29,1029
3455,由田,11,1,10,合庫-鳳山,2024-04-29,1029
5258,虹堡,10,0,10,合庫-鳳山,2024-04-29,1029
5706,鳳凰,10,0,10,合庫-鳳山,2024-04-29,1029
6005,群益證,14,4,10,合庫-鳳山,2024-04-29,1029
2316,楠梓電,9,0,9,合庫-鳳山,2024-04-29,1029
2409,友達,13,4,9,合庫-鳳山,2024-04-29,1029
4171,瑞基,10,1,9,合庫-鳳山,2024-04-29,1029
2885,元大金,11,2,9,合庫-鳳山,2024-04-29,1029
1101,台泥,14,6,8,合庫-鳳山,2024-04-29,1029
00632R,元大台灣50反1,707,205,502,合庫-鳳山,2024-04-30,1029
1301,台塑,101,0,101,合庫-鳳山,2024-04-30,1029
3672,康聯訊,98,0,98,合庫-鳳山,2024-04-30,1029
2501,國建,84,24,60,合庫-鳳山,2024-04-30,1029
1608,華榮,50,1,49,合庫-鳳山,2024-04-30,1029
00940,元大台灣價值高息,71,25,46,合庫-鳳山,2024-04-30,1029
2206,三陽工業,47,2,45,合庫-鳳山,2024-04-30,1029
2547,日勝生,43,0,43,合庫-鳳山,2024-04-30,1029
5531,鄉林,38,0,38,合庫-鳳山,2024-04-30,1029
2537,聯上發,45,11,34,合庫-鳳山,2024-04-30,1029
2891,中信金,54,20,34,合庫-鳳山,2024-04-30,1029
00915,凱基優選高股息30,31,0,31,合庫-鳳山,2024-04-30,1029
1445,大宇,30,0,30,合庫-鳳山,2024-04-30,1029
1904,正隆,30,0,30,合庫-鳳山,2024-04-30,1029
1101,台泥,31,3,28,合庫-鳳山,2024-04-30,1029
2515,中工,107,81,26,合庫-鳳山,2024-04-30,1029
00929,復華台灣科技優息,28,3,25,合庫-鳳山,2024-04-30,1029
1316,上曜,29,6,23,合庫-鳳山,2024-04-30,1029
6189,豐藝,22,0,22,合庫-鳳山,2024-04-30,1029
8358,金居,23,1,22,合庫-鳳山,2024-04-30,1029
2630,亞航,21,0,21,合庫-鳳山,2024-04-30,1029
00919,群益台灣精選高息,20,0,20,合庫-鳳山,2024-04-30,1029
2344,華邦電,21,1,20,合庫-鳳山,2024-04-30,1029
2317,鴻海,25,5,20,合庫-鳳山,2024-04-30,1029
2834,臺企銀,29,10,19,合庫-鳳山,2024-04-30,1029
5905,南仁湖,20,2,18,合庫-鳳山,2024-04-30,1029
00687B,國泰20年美債,16,1,15,合庫-鳳山,2024-04-30,1029
1532,勤美,14,0,14,合庫-鳳山,2024-04-30,1029
4402,郡都開發,33,20,13,合庫-鳳山,2024-04-30,1029
0056,元大高股息,13,0,13,合庫-鳳山,2024-04-30,1029
6547,高端疫苗,12,0,12,合庫-鳳山,2024-04-30,1029
6841,長佳智能,11,0,11,合庫-鳳山,2024-04-30,1029
00937B,群益ESG投等債20,11,0,11,合庫-鳳山,2024-04-30,1029
1605,華新,12,1,11,合庫-鳳山,2024-04-30,1029
1447,力鵬,10,0,10,合庫-鳳山,2024-04-30,1029
2511,太子,10,0,10,合庫-鳳山,2024-04-30,1029
4533,協易機,23,13,10,合庫-鳳山,2024-04-30,1029
5864,致和證,10,0,10,合庫-鳳山,2024-04-30,1029
1304,台聚,9,0,9,合庫-鳳山,2024-04-30,1029
2427,三商電,13,4,9,合庫-鳳山,2024-04-30,1029
8942,森鉅,9,0,9,合庫-鳳山,2024-04-30,1029
00712,復華富時不動產,9,1,8,合庫-鳳山,2024-04-30,1029
1536,和大,15,7,8,合庫-鳳山,2024-04-30,1029
2889,國票金,8,0,8,合庫-鳳山,2024-04-30,1029
6264,富裔,8,0,8,合庫-鳳山,2024-04-30,1029
8383,千附,8,0,8,合庫-鳳山,2024-04-30,1029
1503,士電,14,7,7,合庫-鳳山,2024-04-30,1029
3234,光環,7,0,7,合庫-鳳山,2024-04-30,1029
2605,新興,8,1,7,合庫-鳳山,2024-04-30,1029
3363,上詮,12,5,7,合庫-鳳山,2024-04-30,1029
00940,元大台灣價值高息,155,17,138,合庫-鳳山,2024-05-02,1029
00715L,期街口布蘭特正2,181,100,81,合庫-鳳山,2024-05-02,1029
00878,國泰永續高股息,86,5,81,合庫-鳳山,2024-05-02,1029
2515,中工,88,9,79,合庫-鳳山,2024-05-02,1029
2363,矽統,75,9,66,合庫-鳳山,2024-05-02,1029
2301,光寶科,74,15,59,合庫-鳳山,2024-05-02,1029
00932,兆豐永續高息等權,50,0,50,合庫-鳳山,2024-05-02,1029
1301,台塑,47,0,47,合庫-鳳山,2024-05-02,1029
2371,大同,123,79,44,合庫-鳳山,2024-05-02,1029
3481,群創,101,60,41,合庫-鳳山,2024-05-02,1029
00671R,富邦NASDAQ反1,40,0,40,合庫-鳳山,2024-05-02,1029
9105,泰金寶-DR,39,0,39,合庫-鳳山,2024-05-02,1029
3706,神達,35,0,35,合庫-鳳山,2024-05-02,1029
2609,陽明,68,37,31,合庫-鳳山,2024-05-02,1029
6282,康舒,30,0,30,合庫-鳳山,2024-05-02,1029
2330,台積電,29,0,29,合庫-鳳山,2024-05-02,1029
00665L,富邦�琤肭磪囓�2,25,0,25,合庫-鳳山,2024-05-02,1029
1609,大亞,65,40,25,合庫-鳳山,2024-05-02,1029
4157,太景*-KY,25,0,25,合庫-鳳山,2024-05-02,1029
6164,華興,30,5,25,合庫-鳳山,2024-05-02,1029
1314,中石化,30,9,21,合庫-鳳山,2024-05-02,1029
2442,新美齊,21,1,20,合庫-鳳山,2024-05-02,1029
5905,南仁湖,20,0,20,合庫-鳳山,2024-05-02,1029
6235,華孚,20,0,20,合庫-鳳山,2024-05-02,1029
2888,新光金,20,1,19,合庫-鳳山,2024-05-02,1029
2641,正德,21,3,18,合庫-鳳山,2024-05-02,1029
2409,友達,27,10,17,合庫-鳳山,2024-05-02,1029
2497,怡利電,19,3,16,合庫-鳳山,2024-05-02,1029
00650L,復華香港正2,15,0,15,合庫-鳳山,2024-05-02,1029
00936,台新永續高息中小,15,0,15,合庫-鳳山,2024-05-02,1029
2506,太設,16,1,15,合庫-鳳山,2024-05-02,1029
4513,福裕,20,6,14,合庫-鳳山,2024-05-02,1029
00891,中信關鍵半導體,13,0,13,合庫-鳳山,2024-05-02,1029
00902,中信電池及儲能,13,0,13,合庫-鳳山,2024-05-02,1029
00915,凱基優選高股息30,14,1,13,合庫-鳳山,2024-05-02,1029
5512,力麒,100,87,13,合庫-鳳山,2024-05-02,1029
8112,至上,13,1,12,合庫-鳳山,2024-05-02,1029
5371,中光電,11,0,11,合庫-鳳山,2024-05-02,1029
00690,兆豐藍籌30,10,0,10,合庫-鳳山,2024-05-02,1029
1459,聯發,10,0,10,合庫-鳳山,2024-05-02,1029
2388,威盛,10,0,10,合庫-鳳山,2024-05-02,1029
2743,山富,10,0,10,合庫-鳳山,2024-05-02,1029
3043,科風,10,0,10,合庫-鳳山,2024-05-02,1029
2615,萬海,30,20,10,合庫-鳳山,2024-05-02,1029
1605,華新,10,1,9,合庫-鳳山,2024-05-02,1029
00830,國泰費城半導體,9,0,9,合庫-鳳山,2024-05-02,1029
1618,合機,16,7,9,合庫-鳳山,2024-05-02,1029
2303,聯電,11,2,9,合庫-鳳山,2024-05-02,1029
2401,凌陽,10,1,9,合庫-鳳山,2024-05-02,1029
2889,國票金,10,1,9,合庫-鳳山,2024-05-02,1029
00632R,元大台灣50反1,511,10,501,合庫-鳳山,2024-05-03,1029
00680L,元大美債20正2,310,0,310,合庫-鳳山,2024-05-03,1029
00878,國泰永續高股息,162,13,149,合庫-鳳山,2024-05-03,1029
2889,國票金,57,1,56,合庫-鳳山,2024-05-03,1029
3466,德晉,55,5,50,合庫-鳳山,2024-05-03,1029
1608,華榮,47,0,47,合庫-鳳山,2024-05-03,1029
6120,達運,47,6,41,合庫-鳳山,2024-05-03,1029
5905,南仁湖,40,0,40,合庫-鳳山,2024-05-03,1029
1514,亞力,39,3,36,合庫-鳳山,2024-05-03,1029
3231,緯創,55,22,33,合庫-鳳山,2024-05-03,1029
1310,台苯,33,2,31,合庫-鳳山,2024-05-03,1029
00679B,元大美債20年,31,0,31,合庫-鳳山,2024-05-03,1029
00687B,國泰20年美債,27,0,27,合庫-鳳山,2024-05-03,1029
2371,大同,66,40,26,合庫-鳳山,2024-05-03,1029
00929,復華台灣科技優息,39,14,25,合庫-鳳山,2024-05-03,1029
2316,楠梓電,23,0,23,合庫-鳳山,2024-05-03,1029
2344,華邦電,24,1,23,合庫-鳳山,2024-05-03,1029
2515,中工,37,14,23,合庫-鳳山,2024-05-03,1029
6585,鼎基,24,1,23,合庫-鳳山,2024-05-03,1029
2038,海光,22,0,22,合庫-鳳山,2024-05-03,1029
00665L,富邦�琤肭磪囓�2,21,0,21,合庫-鳳山,2024-05-03,1029
3481,群創,22,2,20,合庫-鳳山,2024-05-03,1029
2442,新美齊,20,0,20,合庫-鳳山,2024-05-03,1029
2301,光寶科,81,62,19,合庫-鳳山,2024-05-03,1029
2606,裕民,19,0,19,合庫-鳳山,2024-05-03,1029
00637L,元大滬深300正2,28,10,18,合庫-鳳山,2024-05-03,1029
2009,第一銅,27,9,18,合庫-鳳山,2024-05-03,1029
5521,工信,20,2,18,合庫-鳳山,2024-05-03,1029
8033,雷虎,16,0,16,合庫-鳳山,2024-05-03,1029
1438,三地開發,15,0,15,合庫-鳳山,2024-05-03,1029
6016,康和證,15,0,15,合庫-鳳山,2024-05-03,1029
00941,中信上游半導體,15,0,15,合庫-鳳山,2024-05-03,1029
1609,大亞,29,15,14,合庫-鳳山,2024-05-03,1029
4714,永捷,22,8,14,合庫-鳳山,2024-05-03,1029
8390,金益鼎,15,1,14,合庫-鳳山,2024-05-03,1029
6239,力成,13,0,13,合庫-鳳山,2024-05-03,1029
2359,所羅門,15,2,13,合庫-鳳山,2024-05-03,1029
00933B,國泰10Y+金融債,12,0,12,合庫-鳳山,2024-05-03,1029
00715L,期街口布蘭特正2,11,0,11,合庫-鳳山,2024-05-03,1029
6188,廣明,11,0,11,合庫-鳳山,2024-05-03,1029
6592,和潤企業,11,0,11,合庫-鳳山,2024-05-03,1029
3163,波若威,14,3,11,合庫-鳳山,2024-05-03,1029
3005,神基,10,0,10,合庫-鳳山,2024-05-03,1029
2880,華南金,10,0,10,合庫-鳳山,2024-05-03,1029
00909,國泰數位支付服務,10,0,10,合庫-鳳山,2024-05-03,1029
1409,新纖,10,0,10,合庫-鳳山,2024-05-03,1029
1612,宏泰,14,4,10,合庫-鳳山,2024-05-03,1029
2748,雲品,10,0,10,合庫-鳳山,2024-05-03,1029
3188,鑫龍騰,25,15,10,合庫-鳳山,2024-05-03,1029
4157,太景*-KY,40,30,10,合庫-鳳山,2024-05-03,1029
00680L,元大美債20正2,514,0,514,合庫-鳳山,2024-05-06,1029
00929,復華台灣科技優息,423,24,399,合庫-鳳山,2024-05-06,1029
2515,中工,126,9,117,合庫-鳳山,2024-05-06,1029
1316,上曜,108,4,104,合庫-鳳山,2024-05-06,1029
2301,光寶科,71,2,69,合庫-鳳山,2024-05-06,1029
00632R,元大台灣50反1,57,0,57,合庫-鳳山,2024-05-06,1029
1532,勤美,51,1,50,合庫-鳳山,2024-05-06,1029
2610,華航,53,7,46,合庫-鳳山,2024-05-06,1029
00937B,群益ESG投等債20,33,1,32,合庫-鳳山,2024-05-06,1029
00932,兆豐永續高息等權,30,0,30,合庫-鳳山,2024-05-06,1029
2618,長榮航,44,14,30,合庫-鳳山,2024-05-06,1029
5905,南仁湖,30,0,30,合庫-鳳山,2024-05-06,1029
2367,燿華,36,10,26,合庫-鳳山,2024-05-06,1029
00919,群益台灣精選高息,31,7,24,合庫-鳳山,2024-05-06,1029
2524,京城,23,1,22,合庫-鳳山,2024-05-06,1029
2542,興富發,28,7,21,合庫-鳳山,2024-05-06,1029
2634,漢翔,22,1,21,合庫-鳳山,2024-05-06,1029
2449,京元電子,24,4,20,合庫-鳳山,2024-05-06,1029
00650L,復華香港正2,20,0,20,合庫-鳳山,2024-05-06,1029
1438,三地開發,20,0,20,合庫-鳳山,2024-05-06,1029
2062,橋椿,21,1,20,合庫-鳳山,2024-05-06,1029
2834,臺企銀,27,7,20,合庫-鳳山,2024-05-06,1029
3010,華立,30,10,20,合庫-鳳山,2024-05-06,1029
3033,威健,22,2,20,合庫-鳳山,2024-05-06,1029
6125,廣運,27,7,20,合庫-鳳山,2024-05-06,1029
00671R,富邦NASDAQ反1,19,0,19,合庫-鳳山,2024-05-06,1029
2891,中信金,51,33,18,合庫-鳳山,2024-05-06,1029
2883,凱基金,30,12,18,合庫-鳳山,2024-05-06,1029
2547,日勝生,18,3,15,合庫-鳳山,2024-05-06,1029
6906,現觀科,15,0,15,合庫-鳳山,2024-05-06,1029
2328,廣宇,17,3,14,合庫-鳳山,2024-05-06,1029
2606,裕民,14,0,14,合庫-鳳山,2024-05-06,1029
2409,友達,14,1,13,合庫-鳳山,2024-05-06,1029
6274,台燿,17,4,13,合庫-鳳山,2024-05-06,1029
3005,神基,12,0,12,合庫-鳳山,2024-05-06,1029
9933,中鼎,12,0,12,合庫-鳳山,2024-05-06,1029
6770,力積電,30,18,12,合庫-鳳山,2024-05-06,1029
2545,皇翔,12,1,11,合庫-鳳山,2024-05-06,1029
6269,台郡,13,2,11,合庫-鳳山,2024-05-06,1029
6282,康舒,11,0,11,合庫-鳳山,2024-05-06,1029
2352,佳世達,10,0,10,合庫-鳳山,2024-05-06,1029
2402,毅嘉,10,0,10,合庫-鳳山,2024-05-06,1029
3624,光頡,11,1,10,合庫-鳳山,2024-05-06,1029
5348,正能量智能,10,0,10,合庫-鳳山,2024-05-06,1029
5607,遠雄港,10,0,10,合庫-鳳山,2024-05-06,1029
8940,新天地,10,0,10,合庫-鳳山,2024-05-06,1029
00713,元大台灣高息低波,10,1,9,合庫-鳳山,2024-05-06,1029
2009,第一銅,10,1,9,合庫-鳳山,2024-05-06,1029
5508,永信建,11,2,9,合庫-鳳山,2024-05-06,1029
2365,昆盈,9,1,8,合庫-鳳山,2024-05-06,1029
00933B,國泰10Y+金融債,102,0,102,合庫-鳳山,2024-05-07,1029
6125,廣運,97,6,91,合庫-鳳山,2024-05-07,1029
2301,光寶科,78,3,75,合庫-鳳山,2024-05-07,1029
00929,復華台灣科技優息,73,7,66,合庫-鳳山,2024-05-07,1029
2834,臺企銀,61,8,53,合庫-鳳山,2024-05-07,1029
2887,台新金,51,3,48,合庫-鳳山,2024-05-07,1029
2009,第一銅,47,0,47,合庫-鳳山,2024-05-07,1029
2618,長榮航,68,27,41,合庫-鳳山,2024-05-07,1029
2888,新光金,43,2,41,合庫-鳳山,2024-05-07,1029
2417,圓剛,87,49,38,合庫-鳳山,2024-05-07,1029
2374,佳能,59,22,37,合庫-鳳山,2024-05-07,1029
3481,群創,62,31,31,合庫-鳳山,2024-05-07,1029
6834,天二科技,31,0,31,合庫-鳳山,2024-05-07,1029
00918,大華優利高填息30,31,5,26,合庫-鳳山,2024-05-07,1029
3363,上詮,33,7,26,合庫-鳳山,2024-05-07,1029
00878,國泰永續高股息,26,2,24,合庫-鳳山,2024-05-07,1029
00687B,國泰20年美債,24,1,23,合庫-鳳山,2024-05-07,1029
1314,中石化,36,14,22,合庫-鳳山,2024-05-07,1029
00676R,富邦臺灣加權反1,20,0,20,合庫-鳳山,2024-05-07,1029
1609,大亞,36,16,20,合庫-鳳山,2024-05-07,1029
5905,南仁湖,20,0,20,合庫-鳳山,2024-05-07,1029
6016,康和證,20,0,20,合庫-鳳山,2024-05-07,1029
6269,台郡,25,6,19,合庫-鳳山,2024-05-07,1029
3260,威剛,24,7,17,合庫-鳳山,2024-05-07,1029
6282,康舒,20,3,17,合庫-鳳山,2024-05-07,1029
00665L,富邦�琤肭磪囓�2,16,0,16,合庫-鳳山,2024-05-07,1029
3706,神達,20,4,16,合庫-鳳山,2024-05-07,1029
00642U,期元大S＆P石油,15,0,15,合庫-鳳山,2024-05-07,1029
4804,大略-KY,15,0,15,合庫-鳳山,2024-05-07,1029
6015,宏遠證,14,0,14,合庫-鳳山,2024-05-07,1029
00679B,元大美債20年,14,0,14,合庫-鳳山,2024-05-07,1029
00940,元大台灣價值高息,26,13,13,合庫-鳳山,2024-05-07,1029
2362,藍天,13,0,13,合庫-鳳山,2024-05-07,1029
2486,一詮,41,29,12,合庫-鳳山,2024-05-07,1029
2610,華航,13,1,12,合庫-鳳山,2024-05-07,1029
5519,隆大,21,9,12,合庫-鳳山,2024-05-07,1029
6290,良維,16,4,12,合庫-鳳山,2024-05-07,1029
8477,創業家,12,0,12,合庫-鳳山,2024-05-07,1029
2892,第一金,14,3,11,合庫-鳳山,2024-05-07,1029
2014,中鴻,12,1,11,合庫-鳳山,2024-05-07,1029
6213,聯茂,26,15,11,合庫-鳳山,2024-05-07,1029
2547,日勝生,15,4,11,合庫-鳳山,2024-05-07,1029
1102,亞泥,10,0,10,合庫-鳳山,2024-05-07,1029
4707,磐亞,10,0,10,合庫-鳳山,2024-05-07,1029
5512,力麒,14,4,10,合庫-鳳山,2024-05-07,1029
6021,美好證,10,0,10,合庫-鳳山,2024-05-07,1029
6026,福邦證,10,0,10,合庫-鳳山,2024-05-07,1029
2317,鴻海,43,34,9,合庫-鳳山,2024-05-07,1029
3231,緯創,19,10,9,合庫-鳳山,2024-05-07,1029
00637L,元大滬深300正2,9,0,9,合庫-鳳山,2024-05-07,1029
00680L,元大美債20正2,293,0,293,合庫-鳳山,2024-05-08,1029
00937B,群益ESG投等債20,119,2,117,合庫-鳳山,2024-05-08,1029
00940,元大台灣價值高息,130,19,111,合庫-鳳山,2024-05-08,1029
2515,中工,124,27,97,合庫-鳳山,2024-05-08,1029
2882,國泰金,96,3,93,合庫-鳳山,2024-05-08,1029
3481,群創,123,50,73,合庫-鳳山,2024-05-08,1029
4564,元翎,80,10,70,合庫-鳳山,2024-05-08,1029
00687B,國泰20年美債,52,2,50,合庫-鳳山,2024-05-08,1029
00929,復華台灣科技優息,58,13,45,合庫-鳳山,2024-05-08,1029
3188,鑫龍騰,42,0,42,合庫-鳳山,2024-05-08,1029
2527,宏璟,34,5,29,合庫-鳳山,2024-05-08,1029
3036,文曄,28,0,28,合庫-鳳山,2024-05-08,1029
00650L,復華香港正2,28,0,28,合庫-鳳山,2024-05-08,1029
00919,群益台灣精選高息,26,0,26,合庫-鳳山,2024-05-08,1029
5871,中租-KY,28,3,25,合庫-鳳山,2024-05-08,1029
9945,潤泰新,24,0,24,合庫-鳳山,2024-05-08,1029
4967,十銓,29,6,23,合庫-鳳山,2024-05-08,1029
00933B,國泰10Y+金融債,21,0,21,合庫-鳳山,2024-05-08,1029
00936,台新永續高息中小,20,0,20,合庫-鳳山,2024-05-08,1029
2545,皇翔,20,0,20,合庫-鳳山,2024-05-08,1029
4552,力達-KY,20,0,20,合庫-鳳山,2024-05-08,1029
5531,鄉林,20,0,20,合庫-鳳山,2024-05-08,1029
2542,興富發,26,7,19,合庫-鳳山,2024-05-08,1029
2634,漢翔,23,5,18,合庫-鳳山,2024-05-08,1029
1618,合機,35,18,17,合庫-鳳山,2024-05-08,1029
2328,廣宇,21,4,17,合庫-鳳山,2024-05-08,1029
1438,三地開發,16,0,16,合庫-鳳山,2024-05-08,1029
2603,長榮,18,3,15,合庫-鳳山,2024-05-08,1029
2009,第一銅,21,7,14,合庫-鳳山,2024-05-08,1029
1310,台苯,13,0,13,合庫-鳳山,2024-05-08,1029
2441,超豐,14,1,13,合庫-鳳山,2024-05-08,1029
5302,太欣,13,0,13,合庫-鳳山,2024-05-08,1029
3231,緯創,37,25,12,合庫-鳳山,2024-05-08,1029
4303,信立,13,1,12,合庫-鳳山,2024-05-08,1029
5905,南仁湖,11,0,11,合庫-鳳山,2024-05-08,1029
6207,雷科,42,31,11,合庫-鳳山,2024-05-08,1029
6282,康舒,20,9,11,合庫-鳳山,2024-05-08,1029
1316,上曜,11,0,11,合庫-鳳山,2024-05-08,1029
1446,宏和,10,0,10,合庫-鳳山,2024-05-08,1029
1713,國化,10,0,10,合庫-鳳山,2024-05-08,1029
2641,正德,17,7,10,合庫-鳳山,2024-05-08,1029
5284,jpp-KY,10,0,10,合庫-鳳山,2024-05-08,1029
5608,四維航,11,1,10,合庫-鳳山,2024-05-08,1029
6585,鼎基,65,55,10,合庫-鳳山,2024-05-08,1029
1612,宏泰,33,24,9,合庫-鳳山,2024-05-08,1029
2427,三商電,12,3,9,合庫-鳳山,2024-05-08,1029
2002,中鋼,21,13,8,合庫-鳳山,2024-05-08,1029
2547,日勝生,8,0,8,合庫-鳳山,2024-05-08,1029
5864,致和證,8,0,8,合庫-鳳山,2024-05-08,1029
6770,力積電,11,3,8,合庫-鳳山,2024-05-08,1029
00665L,富邦�琤肭磪囓�2,1101,1,1100,合庫-鳳山,2024-05-09,1029
00753L,中信中國50正2,651,0,651,合庫-鳳山,2024-05-09,1029
2542,興富發,117,18,99,合庫-鳳山,2024-05-09,1029
8277,商丞,100,6,94,合庫-鳳山,2024-05-09,1029
00929,復華台灣科技優息,89,9,80,合庫-鳳山,2024-05-09,1029
1609,大亞,82,3,79,合庫-鳳山,2024-05-09,1029
00878,國泰永續高股息,81,3,78,合庫-鳳山,2024-05-09,1029
8112,至上,83,21,62,合庫-鳳山,2024-05-09,1029
2880,華南金,61,0,61,合庫-鳳山,2024-05-09,1029
2610,華航,74,18,56,合庫-鳳山,2024-05-09,1029
2408,南亞科,57,2,55,合庫-鳳山,2024-05-09,1029
2834,臺企銀,54,0,54,合庫-鳳山,2024-05-09,1029
9945,潤泰新,53,0,53,合庫-鳳山,2024-05-09,1029
00706L,期元大S＆P日圓正2,50,0,50,合庫-鳳山,2024-05-09,1029
2363,矽統,75,27,48,合庫-鳳山,2024-05-09,1029
00937B,群益ESG投等債20,42,1,41,合庫-鳳山,2024-05-09,1029
3041,揚智,38,4,34,合庫-鳳山,2024-05-09,1029
2371,大同,52,19,33,合庫-鳳山,2024-05-09,1029
3036,文曄,37,6,31,合庫-鳳山,2024-05-09,1029
00679B,元大美債20年,36,6,30,合庫-鳳山,2024-05-09,1029
00687B,國泰20年美債,35,6,29,合庫-鳳山,2024-05-09,1029
2515,中工,62,33,29,合庫-鳳山,2024-05-09,1029
00882,中信中國高股息,34,8,26,合庫-鳳山,2024-05-09,1029
2547,日勝生,26,0,26,合庫-鳳山,2024-05-09,1029
2891,中信金,31,6,25,合庫-鳳山,2024-05-09,1029
00946,群益科技高息成長,32,7,25,合庫-鳳山,2024-05-09,1029
4402,郡都開發,24,0,24,合庫-鳳山,2024-05-09,1029
2618,長榮航,128,104,24,合庫-鳳山,2024-05-09,1029
00944,野村趨勢動能高息,21,0,21,合庫-鳳山,2024-05-09,1029
4510,高鋒,20,0,20,合庫-鳳山,2024-05-09,1029
6143,振曜,31,11,20,合庫-鳳山,2024-05-09,1029
3260,威剛,26,6,20,合庫-鳳山,2024-05-09,1029
2367,燿華,34,17,17,合庫-鳳山,2024-05-09,1029
2317,鴻海,43,28,15,合庫-鳳山,2024-05-09,1029
2324,仁寶,23,8,15,合庫-鳳山,2024-05-09,1029
8027,鈦昇,16,1,15,合庫-鳳山,2024-05-09,1029
3231,緯創,34,20,14,合庫-鳳山,2024-05-09,1029
5351,鈺創,14,0,14,合庫-鳳山,2024-05-09,1029
6191,精成科,14,0,14,合庫-鳳山,2024-05-09,1029
5871,中租-KY,13,0,13,合庫-鳳山,2024-05-09,1029
00915,凱基優選高股息30,13,0,13,合庫-鳳山,2024-05-09,1029
2506,太設,13,0,13,合庫-鳳山,2024-05-09,1029
00795B,中信美國公債20年,12,0,12,合庫-鳳山,2024-05-09,1029
2312,金寶,12,0,12,合庫-鳳山,2024-05-09,1029
2520,冠德,20,8,12,合庫-鳳山,2024-05-09,1029
3481,群創,13,1,12,合庫-鳳山,2024-05-09,1029
1434,福懋,11,0,11,合庫-鳳山,2024-05-09,1029
1809,中釉,12,1,11,合庫-鳳山,2024-05-09,1029
00932,兆豐永續高息等權,11,0,11,合庫-鳳山,2024-05-09,1029
2892,第一金,10,0,10,合庫-鳳山,2024-05-09,1029
00665L,富邦�琤肭磪囓�2,516,0,516,合庫-鳳山,2024-05-10,1029
00929,復華台灣科技優息,472,29,443,合庫-鳳山,2024-05-10,1029
00753L,中信中國50正2,410,0,410,合庫-鳳山,2024-05-10,1029
00637L,元大滬深300正2,365,0,365,合庫-鳳山,2024-05-10,1029
2890,永豐金,128,1,127,合庫-鳳山,2024-05-10,1029
00937B,群益ESG投等債20,106,2,104,合庫-鳳山,2024-05-10,1029
2417,圓剛,80,1,79,合庫-鳳山,2024-05-10,1029
00650L,復華香港正2,88,28,60,合庫-鳳山,2024-05-10,1029
2371,大同,78,19,59,合庫-鳳山,2024-05-10,1029
3041,揚智,60,15,45,合庫-鳳山,2024-05-10,1029
1904,正隆,40,0,40,合庫-鳳山,2024-05-10,1029
2542,興富發,45,6,39,合庫-鳳山,2024-05-10,1029
00946,群益科技高息成長,38,2,36,合庫-鳳山,2024-05-10,1029
2313,華通,49,15,34,合庫-鳳山,2024-05-10,1029
00651R,復華香港反1,28,0,28,合庫-鳳山,2024-05-10,1029
00632R,元大台灣50反1,26,0,26,合庫-鳳山,2024-05-10,1029
5457,宣德,25,0,25,合庫-鳳山,2024-05-10,1029
2408,南亞科,24,0,24,合庫-鳳山,2024-05-10,1029
2388,威盛,26,2,24,合庫-鳳山,2024-05-10,1029
5521,工信,20,0,20,合庫-鳳山,2024-05-10,1029
3376,新日興,26,6,20,合庫-鳳山,2024-05-10,1029
8112,至上,59,41,18,合庫-鳳山,2024-05-10,1029
1905,華紙,20,2,18,合庫-鳳山,2024-05-10,1029
6235,華孚,19,2,17,合庫-鳳山,2024-05-10,1029
911868,同方友友-DR,17,0,17,合庫-鳳山,2024-05-10,1029
2363,矽統,171,155,16,合庫-鳳山,2024-05-10,1029
00930,永豐ESG低碳高息,15,0,15,合庫-鳳山,2024-05-10,1029
00932,兆豐永續高息等權,15,0,15,合庫-鳳山,2024-05-10,1029
8936,國統,23,9,14,合庫-鳳山,2024-05-10,1029
2449,京元電子,14,0,14,合庫-鳳山,2024-05-10,1029
6169,昱泉,14,0,14,合庫-鳳山,2024-05-10,1029
2520,冠德,17,5,12,合庫-鳳山,2024-05-10,1029
3036,文曄,15,3,12,合庫-鳳山,2024-05-10,1029
3499,環天科,12,0,12,合庫-鳳山,2024-05-10,1029
6197,佳必琪,16,4,12,合庫-鳳山,2024-05-10,1029
2317,鴻海,38,27,11,合庫-鳳山,2024-05-10,1029
5309,系統電,11,0,11,合庫-鳳山,2024-05-10,1029
1314,中石化,12,1,11,合庫-鳳山,2024-05-10,1029
6282,康舒,11,0,11,合庫-鳳山,2024-05-10,1029
2495,普安,10,0,10,合庫-鳳山,2024-05-10,1029
2506,太設,11,1,10,合庫-鳳山,2024-05-10,1029
2537,聯上發,10,0,10,合庫-鳳山,2024-05-10,1029
3231,緯創,13,3,10,合庫-鳳山,2024-05-10,1029
5905,南仁湖,10,0,10,合庫-鳳山,2024-05-10,1029
00944,野村趨勢動能高息,9,0,9,合庫-鳳山,2024-05-10,1029
5871,中租-KY,9,1,8,合庫-鳳山,2024-05-10,1029
00939,統一台灣高息動能,9,1,8,合庫-鳳山,2024-05-10,1029
2338,光罩,10,2,8,合庫-鳳山,2024-05-10,1029
3557,嘉威,8,0,8,合庫-鳳山,2024-05-10,1029
2421,建準,8,1,7,合庫-鳳山,2024-05-10,1029
00929,復華台灣科技優息,240,11,229,合庫-鳳山,2024-05-13,1029
2618,長榮航,113,10,103,合庫-鳳山,2024-05-13,1029
2897,王道銀行,100,1,99,合庫-鳳山,2024-05-13,1029
00937B,群益ESG投等債20,98,0,98,合庫-鳳山,2024-05-13,1029
00878,國泰永續高股息,88,15,73,合庫-鳳山,2024-05-13,1029
2027,大成鋼,70,0,70,合庫-鳳山,2024-05-13,1029
2537,聯上發,54,0,54,合庫-鳳山,2024-05-13,1029
00664R,國泰臺灣加權反1,50,0,50,合庫-鳳山,2024-05-13,1029
00915,凱基優選高股息30,50,0,50,合庫-鳳山,2024-05-13,1029
00931B,統一美債20年,50,0,50,合庫-鳳山,2024-05-13,1029
6585,鼎基,133,92,41,合庫-鳳山,2024-05-13,1029
2363,矽統,80,42,38,合庫-鳳山,2024-05-13,1029
2367,燿華,67,32,35,合庫-鳳山,2024-05-13,1029
3260,威剛,33,0,33,合庫-鳳山,2024-05-13,1029
00939,統一台灣高息動能,28,0,28,合庫-鳳山,2024-05-13,1029
2206,三陽工業,26,1,25,合庫-鳳山,2024-05-13,1029
2609,陽明,57,36,21,合庫-鳳山,2024-05-13,1029
2892,第一金,20,0,20,合庫-鳳山,2024-05-13,1029
2834,臺企銀,24,5,19,合庫-鳳山,2024-05-13,1029
00944,野村趨勢動能高息,18,0,18,合庫-鳳山,2024-05-13,1029
2891,中信金,18,1,17,合庫-鳳山,2024-05-13,1029
00919,群益台灣精選高息,19,3,16,合庫-鳳山,2024-05-13,1029
00940,元大台灣價值高息,45,29,16,合庫-鳳山,2024-05-13,1029
2515,中工,34,18,16,合庫-鳳山,2024-05-13,1029
3188,鑫龍騰,25,9,16,合庫-鳳山,2024-05-13,1029
5608,四維航,19,4,15,合庫-鳳山,2024-05-13,1029
2449,京元電子,14,0,14,合庫-鳳山,2024-05-13,1029
2851,中再保,14,0,14,合庫-鳳山,2024-05-13,1029
2882,國泰金,16,3,13,合庫-鳳山,2024-05-13,1029
00933B,國泰10Y+金融債,13,0,13,合庫-鳳山,2024-05-13,1029
00946,群益科技高息成長,13,0,13,合庫-鳳山,2024-05-13,1029
2353,宏��,15,2,13,合庫-鳳山,2024-05-13,1029
2641,正德,75,62,13,合庫-鳳山,2024-05-13,1029
1440,南紡,12,0,12,合庫-鳳山,2024-05-13,1029
2342,茂矽,12,0,12,合庫-鳳山,2024-05-13,1029
2812,台中銀,12,0,12,合庫-鳳山,2024-05-13,1029
3095,及成,12,0,12,合庫-鳳山,2024-05-13,1029
2501,國建,11,0,11,合庫-鳳山,2024-05-13,1029
2520,冠德,14,3,11,合庫-鳳山,2024-05-13,1029
2611,志信,22,11,11,合庫-鳳山,2024-05-13,1029
1455,集盛,10,0,10,合庫-鳳山,2024-05-13,1029
2401,凌陽,11,1,10,合庫-鳳山,2024-05-13,1029
2885,元大金,10,0,10,合庫-鳳山,2024-05-13,1029
4142,國光生,10,0,10,合庫-鳳山,2024-05-13,1029
9912,偉聯,10,0,10,合庫-鳳山,2024-05-13,1029
3036,文曄,16,6,10,合庫-鳳山,2024-05-13,1029
1785,光洋科,9,0,9,合庫-鳳山,2024-05-13,1029
2888,新光金,9,0,9,合庫-鳳山,2024-05-13,1029
5457,宣德,9,0,9,合庫-鳳山,2024-05-13,1029
1513,中興電,12,4,8,合庫-鳳山,2024-05-13,1029
00632R,元大台灣50反1,821,46,775,合庫-鳳山,2024-05-14,1029
00637L,元大滬深300正2,103,0,103,合庫-鳳山,2024-05-14,1029
00937B,群益ESG投等債20,111,25,86,合庫-鳳山,2024-05-14,1029
2537,聯上發,81,0,81,合庫-鳳山,2024-05-14,1029
00946,群益科技高息成長,50,0,50,合庫-鳳山,2024-05-14,1029
2535,達欣工,50,0,50,合庫-鳳山,2024-05-14,1029
5608,四維航,55,15,40,合庫-鳳山,2024-05-14,1029
00642U,期元大S＆P石油,33,0,33,合庫-鳳山,2024-05-14,1029
1904,正隆,29,0,29,合庫-鳳山,2024-05-14,1029
2617,台航,28,0,28,合庫-鳳山,2024-05-14,1029
1609,大亞,56,29,27,合庫-鳳山,2024-05-14,1029
3231,緯創,137,110,27,合庫-鳳山,2024-05-14,1029
6505,台塑化,21,0,21,合庫-鳳山,2024-05-14,1029
3041,揚智,21,0,21,合庫-鳳山,2024-05-14,1029
00932,兆豐永續高息等權,20,0,20,合庫-鳳山,2024-05-14,1029
2608,嘉里大榮,20,0,20,合庫-鳳山,2024-05-14,1029
3576,聯合再生,20,0,20,合庫-鳳山,2024-05-14,1029
2542,興富發,33,14,19,合庫-鳳山,2024-05-14,1029
6548,長科*,25,6,19,合庫-鳳山,2024-05-14,1029
00878,國泰永續高股息,33,14,19,合庫-鳳山,2024-05-14,1029
00665L,富邦�琤肭磪囓�2,18,0,18,合庫-鳳山,2024-05-14,1029
3557,嘉威,22,5,17,合庫-鳳山,2024-05-14,1029
1514,亞力,37,21,16,合庫-鳳山,2024-05-14,1029
3188,鑫龍騰,13,0,13,合庫-鳳山,2024-05-14,1029
3036,文曄,20,8,12,合庫-鳳山,2024-05-14,1029
2888,新光金,11,0,11,合庫-鳳山,2024-05-14,1029
2615,萬海,104,94,10,合庫-鳳山,2024-05-14,1029
00795B,中信美國公債20年,10,0,10,合庫-鳳山,2024-05-14,1029
2897,王道銀行,10,0,10,合庫-鳳山,2024-05-14,1029
3390,旭軟,11,1,10,合庫-鳳山,2024-05-14,1029
5515,建國,10,0,10,合庫-鳳山,2024-05-14,1029
00941,中信上游半導體,9,0,9,合庫-鳳山,2024-05-14,1029
2547,日勝生,10,1,9,合庫-鳳山,2024-05-14,1029
2329,華泰,8,0,8,合庫-鳳山,2024-05-14,1029
2241,艾姆勒,13,5,8,合庫-鳳山,2024-05-14,1029
6282,康舒,8,0,8,合庫-鳳山,2024-05-14,1029
5871,中租-KY,9,1,8,合庫-鳳山,2024-05-14,1029
2344,華邦電,7,0,7,合庫-鳳山,2024-05-14,1029
2915,潤泰全,8,1,7,合庫-鳳山,2024-05-14,1029
3260,威剛,7,0,7,合庫-鳳山,2024-05-14,1029
3707,漢磊,7,0,7,合庫-鳳山,2024-05-14,1029
4938,和碩,12,5,7,合庫-鳳山,2024-05-14,1029
9934,成霖,7,0,7,合庫-鳳山,2024-05-14,1029
1612,宏泰,11,5,6,合庫-鳳山,2024-05-14,1029
2347,聯強,6,0,6,合庫-鳳山,2024-05-14,1029
2405,輔信,13,7,6,合庫-鳳山,2024-05-14,1029
2515,中工,25,19,6,合庫-鳳山,2024-05-14,1029
2645,長榮航太,7,1,6,合庫-鳳山,2024-05-14,1029
2731,雄獅,6,0,6,合庫-鳳山,2024-05-14,1029
2739,寒舍,6,0,6,合庫-鳳山,2024-05-14,1029
00878,國泰永續高股息,171,24,147,合庫-鳳山,2024-05-15,1029
00919,群益台灣精選高息,138,13,125,合庫-鳳山,2024-05-15,1029
1609,大亞,119,24,95,合庫-鳳山,2024-05-15,1029
00632R,元大台灣50反1,105,25,80,合庫-鳳山,2024-05-15,1029
2406,國碩,69,10,59,合庫-鳳山,2024-05-15,1029
2618,長榮航,59,12,47,合庫-鳳山,2024-05-15,1029
1904,正隆,41,0,41,合庫-鳳山,2024-05-15,1029
2206,三陽工業,55,17,38,合庫-鳳山,2024-05-15,1029
00936,台新永續高息中小,33,0,33,合庫-鳳山,2024-05-15,1029
00753L,中信中國50正2,30,0,30,合庫-鳳山,2024-05-15,1029
00665L,富邦�琤肭磪囓�2,62,32,30,合庫-鳳山,2024-05-15,1029
2801,彰銀,30,1,29,合庫-鳳山,2024-05-15,1029
2486,一詮,36,7,29,合庫-鳳山,2024-05-15,1029
00937B,群益ESG投等債20,26,0,26,合庫-鳳山,2024-05-15,1029
6753,龍德造船,35,9,26,合庫-鳳山,2024-05-15,1029
2356,英業達,84,60,24,合庫-鳳山,2024-05-15,1029
4414,如興,27,3,24,合庫-鳳山,2024-05-15,1029
2367,燿華,50,27,23,合庫-鳳山,2024-05-15,1029
8070,長華*,23,0,23,合庫-鳳山,2024-05-15,1029
2610,華航,46,24,22,合庫-鳳山,2024-05-15,1029
00687B,國泰20年美債,33,12,21,合庫-鳳山,2024-05-15,1029
6143,振曜,20,0,20,合庫-鳳山,2024-05-15,1029
00946,群益科技高息成長,23,3,20,合庫-鳳山,2024-05-15,1029
1514,亞力,42,23,19,合庫-鳳山,2024-05-15,1029
8277,商丞,20,1,19,合庫-鳳山,2024-05-15,1029
2495,普安,18,0,18,合庫-鳳山,2024-05-15,1029
2002,中鋼,24,7,17,合庫-鳳山,2024-05-15,1029
2617,台航,17,1,16,合庫-鳳山,2024-05-15,1029
3260,威剛,16,0,16,合庫-鳳山,2024-05-15,1029
6548,長科*,19,3,16,合庫-鳳山,2024-05-15,1029
2603,長榮,64,48,16,合庫-鳳山,2024-05-15,1029
2357,華碩,15,0,15,合庫-鳳山,2024-05-15,1029
00679B,元大美債20年,15,0,15,合庫-鳳山,2024-05-15,1029
2745,五福,15,0,15,合庫-鳳山,2024-05-15,1029
2374,佳能,37,22,15,合庫-鳳山,2024-05-15,1029
4306,炎洲,11,0,11,合庫-鳳山,2024-05-15,1029
1532,勤美,10,0,10,合庫-鳳山,2024-05-15,1029
2338,光罩,10,0,10,合庫-鳳山,2024-05-15,1029
2405,輔信,13,3,10,合庫-鳳山,2024-05-15,1029
2440,太空梭,10,0,10,合庫-鳳山,2024-05-15,1029
2535,達欣工,10,0,10,合庫-鳳山,2024-05-15,1029
3360,尚立,10,0,10,合庫-鳳山,2024-05-15,1029
3673,TPK-KY,10,0,10,合庫-鳳山,2024-05-15,1029
4561,健椿,11,1,10,合庫-鳳山,2024-05-15,1029
9912,偉聯,10,0,10,合庫-鳳山,2024-05-15,1029
5871,中租-KY,10,0,10,合庫-鳳山,2024-05-15,1029
00915,凱基優選高股息30,10,1,9,合庫-鳳山,2024-05-15,1029
3030,德律,10,1,9,合庫-鳳山,2024-05-15,1029
4906,正文,10,1,9,合庫-鳳山,2024-05-15,1029
1326,台化,8,0,8,合庫-鳳山,2024-05-15,1029
3231,緯創,165,111,54,合庫-鳳山,2024-05-16,1029
1609,大亞,85,31,54,合庫-鳳山,2024-05-16,1029
2882,國泰金,53,7,46,合庫-鳳山,2024-05-16,1029
00665L,富邦�琤肭磪囓�2,40,0,40,合庫-鳳山,2024-05-16,1029
00687B,國泰20年美債,85,46,39,合庫-鳳山,2024-05-16,1029
2356,英業達,73,36,37,合庫-鳳山,2024-05-16,1029
00919,群益台灣精選高息,84,53,31,合庫-鳳山,2024-05-16,1029
8033,雷虎,31,1,30,合庫-鳳山,2024-05-16,1029
3033,威健,30,2,28,合庫-鳳山,2024-05-16,1029
1514,亞力,33,6,27,合庫-鳳山,2024-05-16,1029
2362,藍天,43,20,23,合庫-鳳山,2024-05-16,1029
00753L,中信中國50正2,22,0,22,合庫-鳳山,2024-05-16,1029
2382,廣達,45,23,22,合庫-鳳山,2024-05-16,1029
4908,前鼎,22,1,21,合庫-鳳山,2024-05-16,1029
6227,茂綸,23,3,20,合庫-鳳山,2024-05-16,1029
00632R,元大台灣50反1,18,0,18,合庫-鳳山,2024-05-16,1029
00940,元大台灣價值高息,53,36,17,合庫-鳳山,2024-05-16,1029
00937B,群益ESG投等債20,115,98,17,合庫-鳳山,2024-05-16,1029
00946,群益科技高息成長,23,6,17,合庫-鳳山,2024-05-16,1029
2344,華邦電,16,0,16,合庫-鳳山,2024-05-16,1029
8054,安國,16,1,15,合庫-鳳山,2024-05-16,1029
00929,復華台灣科技優息,92,77,15,合庫-鳳山,2024-05-16,1029
1591,駿吉-KY,17,3,14,合庫-鳳山,2024-05-16,1029
1434,福懋,13,0,13,合庫-鳳山,2024-05-16,1029
3312,弘憶股,13,0,13,合庫-鳳山,2024-05-16,1029
912000,晨訊科-DR,13,0,13,合庫-鳳山,2024-05-16,1029
4542,科嶠,13,1,12,合庫-鳳山,2024-05-16,1029
5347,世界,13,1,12,合庫-鳳山,2024-05-16,1029
2301,光寶科,11,0,11,合庫-鳳山,2024-05-16,1029
2520,冠德,12,1,11,合庫-鳳山,2024-05-16,1029
8112,至上,14,3,11,合庫-鳳山,2024-05-16,1029
9945,潤泰新,20,10,10,合庫-鳳山,2024-05-16,1029
2317,鴻海,31,21,10,合庫-鳳山,2024-05-16,1029
1453,大將,11,1,10,合庫-鳳山,2024-05-16,1029
3005,神基,10,0,10,合庫-鳳山,2024-05-16,1029
3221,台嘉碩,10,0,10,合庫-鳳山,2024-05-16,1029
3481,群創,15,5,10,合庫-鳳山,2024-05-16,1029
3702,大聯大,10,0,10,合庫-鳳山,2024-05-16,1029
4510,高鋒,10,0,10,合庫-鳳山,2024-05-16,1029
6213,聯茂,12,2,10,合庫-鳳山,2024-05-16,1029
6753,龍德造船,12,2,10,合庫-鳳山,2024-05-16,1029
0056,元大高股息,23,14,9,合庫-鳳山,2024-05-16,1029
2359,所羅門,29,21,8,合庫-鳳山,2024-05-16,1029
2408,南亞科,8,0,8,合庫-鳳山,2024-05-16,1029
3037,欣興,9,1,8,合庫-鳳山,2024-05-16,1029
3188,鑫龍騰,25,17,8,合庫-鳳山,2024-05-16,1029
3260,威剛,11,3,8,合庫-鳳山,2024-05-16,1029
1301,台塑,7,0,7,合庫-鳳山,2024-05-16,1029
3138,耀登,7,0,7,合庫-鳳山,2024-05-16,1029
3576,聯合再生,7,0,7,合庫-鳳山,2024-05-16,1029
00929,復華台灣科技優息,239,5,234,合庫-鳳山,2024-05-17,1029
2867,三商壽,199,26,173,合庫-鳳山,2024-05-17,1029
00642U,期元大S＆P石油,142,0,142,合庫-鳳山,2024-05-17,1029
00878,國泰永續高股息,133,9,124,合庫-鳳山,2024-05-17,1029
00940,元大台灣價值高息,167,55,112,合庫-鳳山,2024-05-17,1029
00632R,元大台灣50反1,106,2,104,合庫-鳳山,2024-05-17,1029
00679B,元大美債20年,94,4,90,合庫-鳳山,2024-05-17,1029
00680L,元大美債20正2,67,0,67,合庫-鳳山,2024-05-17,1029
2317,鴻海,82,19,63,合庫-鳳山,2024-05-17,1029
2323,中環,48,5,43,合庫-鳳山,2024-05-17,1029
00688L,國泰20年美債正2,40,0,40,合庫-鳳山,2024-05-17,1029
2501,國建,47,8,39,合庫-鳳山,2024-05-17,1029
2489,瑞軒,48,10,38,合庫-鳳山,2024-05-17,1029
00753L,中信中國50正2,36,0,36,合庫-鳳山,2024-05-17,1029
00665L,富邦�琤肭磪囓�2,31,0,31,合庫-鳳山,2024-05-17,1029
2603,長榮,42,12,30,合庫-鳳山,2024-05-17,1029
3363,上詮,36,7,29,合庫-鳳山,2024-05-17,1029
3047,訊舟,33,7,26,合庫-鳳山,2024-05-17,1029
3041,揚智,23,0,23,合庫-鳳山,2024-05-17,1029
3265,台星科,25,3,22,合庫-鳳山,2024-05-17,1029
2417,圓剛,24,3,21,合庫-鳳山,2024-05-17,1029
3481,群創,28,7,21,合庫-鳳山,2024-05-17,1029
6264,富裔,21,0,21,合庫-鳳山,2024-05-17,1029
2408,南亞科,20,0,20,合庫-鳳山,2024-05-17,1029
6770,力積電,28,8,20,合庫-鳳山,2024-05-17,1029
3234,光環,22,4,18,合庫-鳳山,2024-05-17,1029
2342,茂矽,15,0,15,合庫-鳳山,2024-05-17,1029
2349,錸德,28,13,15,合庫-鳳山,2024-05-17,1029
2312,金寶,25,11,14,合庫-鳳山,2024-05-17,1029
5014,建錩,15,1,14,合庫-鳳山,2024-05-17,1029
2356,英業達,14,0,14,合庫-鳳山,2024-05-17,1029
00933B,國泰10Y+金融債,17,4,13,合庫-鳳山,2024-05-17,1029
3706,神達,15,2,13,合庫-鳳山,2024-05-17,1029
9928,中視,13,0,13,合庫-鳳山,2024-05-17,1029
3005,神基,12,0,12,合庫-鳳山,2024-05-17,1029
3702,大聯大,24,12,12,合庫-鳳山,2024-05-17,1029
6462,神盾,15,3,12,合庫-鳳山,2024-05-17,1029
2352,佳世達,12,1,11,合庫-鳳山,2024-05-17,1029
2514,龍邦,12,1,11,合庫-鳳山,2024-05-17,1029
9946,三發地產,15,4,11,合庫-鳳山,2024-05-17,1029
2609,陽明,27,17,10,合庫-鳳山,2024-05-17,1029
8299,群聯,10,0,10,合庫-鳳山,2024-05-17,1029
00676R,富邦臺灣加權反1,10,0,10,合庫-鳳山,2024-05-17,1029
00650L,復華香港正2,10,0,10,合庫-鳳山,2024-05-17,1029
00931B,統一美債20年,10,0,10,合庫-鳳山,2024-05-17,1029
1711,永光,10,0,10,合庫-鳳山,2024-05-17,1029
2332,友訊,20,10,10,合庫-鳳山,2024-05-17,1029
5353,台林,10,0,10,合庫-鳳山,2024-05-17,1029
2344,華邦電,9,0,9,合庫-鳳山,2024-05-17,1029
2409,友達,14,5,9,合庫-鳳山,2024-05-17,1029
00929,復華台灣科技優息,239,24,215,合庫-鳳山,2024-05-20,1029
2867,三商壽,182,34,148,合庫-鳳山,2024-05-20,1029
00632R,元大台灣50反1,140,10,130,合庫-鳳山,2024-05-20,1029
3188,鑫龍騰,100,0,100,合庫-鳳山,2024-05-20,1029
2618,長榮航,100,32,68,合庫-鳳山,2024-05-20,1029
2317,鴻海,84,24,60,合庫-鳳山,2024-05-20,1029
00933B,國泰10Y+金融債,51,0,51,合庫-鳳山,2024-05-20,1029
00878,國泰永續高股息,70,34,36,合庫-鳳山,2024-05-20,1029
2630,亞航,28,1,27,合庫-鳳山,2024-05-20,1029
3231,緯創,28,2,26,合庫-鳳山,2024-05-20,1029
2834,臺企銀,30,5,25,合庫-鳳山,2024-05-20,1029
3047,訊舟,28,6,22,合庫-鳳山,2024-05-20,1029
6235,華孚,23,1,22,合庫-鳳山,2024-05-20,1029
8033,雷虎,31,11,20,合庫-鳳山,2024-05-20,1029
00655L,國泰中國A50正2,20,0,20,合庫-鳳山,2024-05-20,1029
4552,力達-KY,20,0,20,合庫-鳳山,2024-05-20,1029
00679B,元大美債20年,30,10,20,合庫-鳳山,2024-05-20,1029
2514,龍邦,19,1,18,合庫-鳳山,2024-05-20,1029
4952,凌通,20,2,18,合庫-鳳山,2024-05-20,1029
2890,永豐金,20,2,18,合庫-鳳山,2024-05-20,1029
8070,長華*,17,1,16,合庫-鳳山,2024-05-20,1029
00713,元大台灣高息低波,16,1,15,合庫-鳳山,2024-05-20,1029
1316,上曜,13,0,13,合庫-鳳山,2024-05-20,1029
6291,沛亨,13,0,13,合庫-鳳山,2024-05-20,1029
2467,志聖,12,1,11,合庫-鳳山,2024-05-20,1029
3265,台星科,11,0,11,合庫-鳳山,2024-05-20,1029
1503,士電,17,6,11,合庫-鳳山,2024-05-20,1029
00881,國泰台灣5G+,10,0,10,合庫-鳳山,2024-05-20,1029
1434,福懋,10,0,10,合庫-鳳山,2024-05-20,1029
1504,東元,37,27,10,合庫-鳳山,2024-05-20,1029
1789,神隆,10,0,10,合庫-鳳山,2024-05-20,1029
2324,仁寶,11,1,10,合庫-鳳山,2024-05-20,1029
2331,精英,11,1,10,合庫-鳳山,2024-05-20,1029
2449,京元電子,10,0,10,合庫-鳳山,2024-05-20,1029
3030,德律,10,0,10,合庫-鳳山,2024-05-20,1029
8071,能率網通,11,1,10,合庫-鳳山,2024-05-20,1029
8101,華冠,10,0,10,合庫-鳳山,2024-05-20,1029
9105,泰金寶-DR,10,0,10,合庫-鳳山,2024-05-20,1029
2606,裕民,9,0,9,合庫-鳳山,2024-05-20,1029
2611,志信,10,1,9,合庫-鳳山,2024-05-20,1029
3033,威健,17,8,9,合庫-鳳山,2024-05-20,1029
6005,群益證,9,0,9,合庫-鳳山,2024-05-20,1029
5009,榮剛,13,5,8,合庫-鳳山,2024-05-20,1029
2206,三陽工業,11,3,8,合庫-鳳山,2024-05-20,1029
2417,圓剛,95,87,8,合庫-鳳山,2024-05-20,1029
3013,晟銘電,14,6,8,合庫-鳳山,2024-05-20,1029
6117,迎廣,8,0,8,合庫-鳳山,2024-05-20,1029
6223,旺矽,9,1,8,合庫-鳳山,2024-05-20,1029
2376,技嘉,67,59,8,合庫-鳳山,2024-05-20,1029
2465,麗臺,9,1,8,合庫-鳳山,2024-05-20,1029
00929,復華台灣科技優息,107,31,76,合庫-鳳山,2024-05-21,1029
00878,國泰永續高股息,70,3,67,合庫-鳳山,2024-05-21,1029
1609,大亞,57,0,57,合庫-鳳山,2024-05-21,1029
1605,華新,74,24,50,合庫-鳳山,2024-05-21,1029
00933B,國泰10Y+金融債,52,4,48,合庫-鳳山,2024-05-21,1029
00680L,元大美債20正2,51,4,47,合庫-鳳山,2024-05-21,1029
9105,泰金寶-DR,44,0,44,合庫-鳳山,2024-05-21,1029
6188,廣明,60,19,41,合庫-鳳山,2024-05-21,1029
2367,燿華,75,41,34,合庫-鳳山,2024-05-21,1029
3230,錦明,30,0,30,合庫-鳳山,2024-05-21,1029
2801,彰銀,31,4,27,合庫-鳳山,2024-05-21,1029
3033,威健,28,1,27,合庫-鳳山,2024-05-21,1029
2834,臺企銀,26,0,26,合庫-鳳山,2024-05-21,1029
2029,盛餘,25,0,25,合庫-鳳山,2024-05-21,1029
6128,上福,21,0,21,合庫-鳳山,2024-05-21,1029
1615,大山,20,0,20,合庫-鳳山,2024-05-21,1029
00795B,中信美國公債20年,20,0,20,合庫-鳳山,2024-05-21,1029
2515,中工,42,22,20,合庫-鳳山,2024-05-21,1029
4552,力達-KY,20,0,20,合庫-鳳山,2024-05-21,1029
4945,陞達科技,29,9,20,合庫-鳳山,2024-05-21,1029
2884,玉山金,20,0,20,合庫-鳳山,2024-05-21,1029
5880,合庫金,20,1,19,合庫-鳳山,2024-05-21,1029
1503,士電,34,15,19,合庫-鳳山,2024-05-21,1029
3041,揚智,20,1,19,合庫-鳳山,2024-05-21,1029
6133,金橋,20,1,19,合庫-鳳山,2024-05-21,1029
00937B,群益ESG投等債20,19,1,18,合庫-鳳山,2024-05-21,1029
00651R,復華香港反1,18,0,18,合庫-鳳山,2024-05-21,1029
2388,威盛,18,0,18,合庫-鳳山,2024-05-21,1029
2890,永豐金,16,0,16,合庫-鳳山,2024-05-21,1029
00715L,期街口布蘭特正2,15,0,15,合庫-鳳山,2024-05-21,1029
9912,偉聯,17,2,15,合庫-鳳山,2024-05-21,1029
00919,群益台灣精選高息,27,13,14,合庫-鳳山,2024-05-21,1029
2618,長榮航,59,46,13,合庫-鳳山,2024-05-21,1029
8028,昇陽半導體,16,3,13,合庫-鳳山,2024-05-21,1029
1314,中石化,12,0,12,合庫-鳳山,2024-05-21,1029
2449,京元電子,14,2,12,合庫-鳳山,2024-05-21,1029
2897,王道銀行,12,0,12,合庫-鳳山,2024-05-21,1029
2317,鴻海,12,1,11,合庫-鳳山,2024-05-21,1029
4908,前鼎,11,0,11,合庫-鳳山,2024-05-21,1029
4967,十銓,12,1,11,合庫-鳳山,2024-05-21,1029
5392,能率,19,8,11,合庫-鳳山,2024-05-21,1029
00939,統一台灣高息動能,12,2,10,合庫-鳳山,2024-05-21,1029
2845,遠東銀,10,0,10,合庫-鳳山,2024-05-21,1029
8101,華冠,10,0,10,合庫-鳳山,2024-05-21,1029
2363,矽統,42,32,10,合庫-鳳山,2024-05-21,1029
2888,新光金,9,0,9,合庫-鳳山,2024-05-21,1029
4561,健椿,9,0,9,合庫-鳳山,2024-05-21,1029
5469,瀚宇博,10,1,9,合庫-鳳山,2024-05-21,1029
6005,群益證,11,2,9,合庫-鳳山,2024-05-21,1029
6215,和椿,11,2,9,合庫-鳳山,2024-05-21,1029
2002,中鋼,174,0,174,合庫-鳳山,2024-05-22,1029
00680L,元大美債20正2,100,0,100,合庫-鳳山,2024-05-22,1029
1314,中石化,102,7,95,合庫-鳳山,2024-05-22,1029
1514,亞力,75,2,73,合庫-鳳山,2024-05-22,1029
2867,三商壽,62,0,62,合庫-鳳山,2024-05-22,1029
2417,圓剛,234,184,50,合庫-鳳山,2024-05-22,1029
2535,達欣工,50,0,50,合庫-鳳山,2024-05-22,1029
00930,永豐ESG低碳高息,48,0,48,合庫-鳳山,2024-05-22,1029
6116,彩晶,40,0,40,合庫-鳳山,2024-05-22,1029
8150,南茂,40,0,40,合庫-鳳山,2024-05-22,1029
6609,瀧澤科,41,6,35,合庫-鳳山,2024-05-22,1029
3047,訊舟,38,4,34,合庫-鳳山,2024-05-22,1029
8110,華東,35,2,33,合庫-鳳山,2024-05-22,1029
6125,廣運,52,20,32,合庫-鳳山,2024-05-22,1029
2009,第一銅,134,102,32,合庫-鳳山,2024-05-22,1029
00937B,群益ESG投等債20,36,6,30,合庫-鳳山,2024-05-22,1029
00878,國泰永續高股息,43,14,29,合庫-鳳山,2024-05-22,1029
6538,倉和,28,0,28,合庫-鳳山,2024-05-22,1029
2618,長榮航,46,19,27,合庫-鳳山,2024-05-22,1029
3013,晟銘電,40,18,22,合庫-鳳山,2024-05-22,1029
4543,萬在,29,7,22,合庫-鳳山,2024-05-22,1029
6548,長科*,22,1,21,合庫-鳳山,2024-05-22,1029
9955,佳龍,21,1,20,合庫-鳳山,2024-05-22,1029
1909,榮成,20,0,20,合庫-鳳山,2024-05-22,1029
2897,王道銀行,20,0,20,合庫-鳳山,2024-05-22,1029
1303,南亞,18,1,17,合庫-鳳山,2024-05-22,1029
2420,新巨,17,0,17,合庫-鳳山,2024-05-22,1029
2890,永豐金,18,1,17,合庫-鳳山,2024-05-22,1029
2354,鴻準,21,5,16,合庫-鳳山,2024-05-22,1029
00642U,期元大S＆P石油,15,0,15,合庫-鳳山,2024-05-22,1029
1609,大亞,16,1,15,合庫-鳳山,2024-05-22,1029
8093,保銳,15,0,15,合庫-鳳山,2024-05-22,1029
2374,佳能,27,13,14,合庫-鳳山,2024-05-22,1029
4533,協易機,38,24,14,合庫-鳳山,2024-05-22,1029
00715L,期街口布蘭特正2,13,0,13,合庫-鳳山,2024-05-22,1029
6806,森崴能源,13,0,13,合庫-鳳山,2024-05-22,1029
5512,力麒,12,0,12,合庫-鳳山,2024-05-22,1029
2312,金寶,26,14,12,合庫-鳳山,2024-05-22,1029
2809,京城銀,13,2,11,合庫-鳳山,2024-05-22,1029
1785,光洋科,12,1,11,合庫-鳳山,2024-05-22,1029
2352,佳世達,13,2,11,合庫-鳳山,2024-05-22,1029
3221,台嘉碩,11,0,11,合庫-鳳山,2024-05-22,1029
3694,海華,12,1,11,合庫-鳳山,2024-05-22,1029
8064,東捷,32,21,11,合庫-鳳山,2024-05-22,1029
1904,正隆,10,0,10,合庫-鳳山,2024-05-22,1029
6592,和潤企業,10,0,10,合庫-鳳山,2024-05-22,1029
1789,神隆,10,0,10,合庫-鳳山,2024-05-22,1029
2025,千興,10,0,10,合庫-鳳山,2024-05-22,1029
2608,嘉里大榮,10,0,10,合庫-鳳山,2024-05-22,1029
5386,青雲,13,3,10,合庫-鳳山,2024-05-22,1029
00650L,復華香港正2,210,38,172,合庫-鳳山,2024-05-23,1029
00919,群益台灣精選高息,163,4,159,合庫-鳳山,2024-05-23,1029
1301,台塑,102,0,102,合庫-鳳山,2024-05-23,1029
2363,矽統,100,25,75,合庫-鳳山,2024-05-23,1029
4111,濟生,59,4,55,合庫-鳳山,2024-05-23,1029
2017,官田鋼,50,0,50,合庫-鳳山,2024-05-23,1029
2324,仁寶,62,14,48,合庫-鳳山,2024-05-23,1029
3706,神達,55,7,48,合庫-鳳山,2024-05-23,1029
2353,宏��,107,61,46,合庫-鳳山,2024-05-23,1029
2002,中鋼,62,16,46,合庫-鳳山,2024-05-23,1029
00671R,富邦NASDAQ反1,40,0,40,合庫-鳳山,2024-05-23,1029
4552,力達-KY,40,0,40,合庫-鳳山,2024-05-23,1029
1514,亞力,54,16,38,合庫-鳳山,2024-05-23,1029
3041,揚智,35,0,35,合庫-鳳山,2024-05-23,1029
8150,南茂,33,0,33,合庫-鳳山,2024-05-23,1029
00637L,元大滬深300正2,63,30,33,合庫-鳳山,2024-05-23,1029
2609,陽明,41,8,33,合庫-鳳山,2024-05-23,1029
00878,國泰永續高股息,38,5,33,合庫-鳳山,2024-05-23,1029
4543,萬在,34,3,31,合庫-鳳山,2024-05-23,1029
6147,頎邦,29,0,29,合庫-鳳山,2024-05-23,1029
9945,潤泰新,28,0,28,合庫-鳳山,2024-05-23,1029
5498,凱崴,41,14,27,合庫-鳳山,2024-05-23,1029
00687B,國泰20年美債,27,2,25,合庫-鳳山,2024-05-23,1029
1609,大亞,33,9,24,合庫-鳳山,2024-05-23,1029
2801,彰銀,23,0,23,合庫-鳳山,2024-05-23,1029
2359,所羅門,75,52,23,合庫-鳳山,2024-05-23,1029
00940,元大台灣價值高息,37,15,22,合庫-鳳山,2024-05-23,1029
00753L,中信中國50正2,20,0,20,合庫-鳳山,2024-05-23,1029
00632R,元大台灣50反1,25,5,20,合庫-鳳山,2024-05-23,1029
1904,正隆,20,0,20,合庫-鳳山,2024-05-23,1029
3548,兆利,21,1,20,合庫-鳳山,2024-05-23,1029
9912,偉聯,20,0,20,合庫-鳳山,2024-05-23,1029
2465,麗臺,20,2,18,合庫-鳳山,2024-05-23,1029
6207,雷科,66,49,17,合庫-鳳山,2024-05-23,1029
2009,第一銅,105,89,16,合庫-鳳山,2024-05-23,1029
3481,群創,49,33,16,合庫-鳳山,2024-05-23,1029
5392,能率,19,3,16,合庫-鳳山,2024-05-23,1029
6425,易發,16,0,16,合庫-鳳山,2024-05-23,1029
3702,大聯大,15,0,15,合庫-鳳山,2024-05-23,1029
2834,臺企銀,13,0,13,合庫-鳳山,2024-05-23,1029
1101,台泥,13,0,13,合庫-鳳山,2024-05-23,1029
2547,日勝生,13,0,13,合庫-鳳山,2024-05-23,1029
5443,均豪,14,1,13,合庫-鳳山,2024-05-23,1029
6443,元晶,14,1,13,合庫-鳳山,2024-05-23,1029
00946,群益科技高息成長,20,7,13,合庫-鳳山,2024-05-23,1029
2405,輔信,12,0,12,合庫-鳳山,2024-05-23,1029
3265,台星科,12,0,12,合庫-鳳山,2024-05-23,1029
3338,泰碩,22,10,12,合庫-鳳山,2024-05-23,1029
2356,英業達,21,10,11,合庫-鳳山,2024-05-23,1029
00943,兆豐電子高息等權,11,0,11,合庫-鳳山,2024-05-23,1029
00937B,群益ESG投等債20,220,5,215,合庫-鳳山,2024-05-24,1029
1904,正隆,110,5,105,合庫-鳳山,2024-05-24,1029
1301,台塑,85,0,85,合庫-鳳山,2024-05-24,1029
00933B,國泰10Y+金融債,76,0,76,合庫-鳳山,2024-05-24,1029
2405,輔信,79,6,73,合庫-鳳山,2024-05-24,1029
2417,圓剛,58,6,52,合庫-鳳山,2024-05-24,1029
00712,復華富時不動產,46,0,46,合庫-鳳山,2024-05-24,1029
00637L,元大滬深300正2,41,0,41,合庫-鳳山,2024-05-24,1029
2618,長榮航,69,28,41,合庫-鳳山,2024-05-24,1029
00946,群益科技高息成長,43,4,39,合庫-鳳山,2024-05-24,1029
2867,三商壽,43,4,39,合庫-鳳山,2024-05-24,1029
00915,凱基優選高股息30,34,0,34,合庫-鳳山,2024-05-24,1029
00679B,元大美債20年,34,0,34,合庫-鳳山,2024-05-24,1029
2903,遠百,31,0,31,合庫-鳳山,2024-05-24,1029
6443,元晶,30,0,30,合庫-鳳山,2024-05-24,1029
1785,光洋科,25,0,25,合庫-鳳山,2024-05-24,1029
00633L,富邦上証正2,23,0,23,合庫-鳳山,2024-05-24,1029
1608,華榮,23,2,21,合庫-鳳山,2024-05-24,1029
2337,旺宏,21,0,21,合庫-鳳山,2024-05-24,1029
00865B,國泰US短期公債,19,0,19,合庫-鳳山,2024-05-24,1029
6147,頎邦,22,3,19,合庫-鳳山,2024-05-24,1029
6188,廣明,31,12,19,合庫-鳳山,2024-05-24,1029
2002,中鋼,18,0,18,合庫-鳳山,2024-05-24,1029
2365,昆盈,41,23,18,合庫-鳳山,2024-05-24,1029
2891,中信金,18,0,18,合庫-鳳山,2024-05-24,1029
3260,威剛,20,2,18,合庫-鳳山,2024-05-24,1029
2486,一詮,28,10,18,合庫-鳳山,2024-05-24,1029
2206,三陽工業,22,7,15,合庫-鳳山,2024-05-24,1029
3363,上詮,25,11,14,合庫-鳳山,2024-05-24,1029
3163,波若威,37,23,14,合庫-鳳山,2024-05-24,1029
2371,大同,44,31,13,合庫-鳳山,2024-05-24,1029
4510,高鋒,13,0,13,合庫-鳳山,2024-05-24,1029
6282,康舒,14,1,13,合庫-鳳山,2024-05-24,1029
9928,中視,14,1,13,合庫-鳳山,2024-05-24,1029
00936,台新永續高息中小,12,0,12,合庫-鳳山,2024-05-24,1029
3691,碩禾,14,2,12,合庫-鳳山,2024-05-24,1029
4566,時碩工業,12,0,12,合庫-鳳山,2024-05-24,1029
6592,和潤企業,12,0,12,合庫-鳳山,2024-05-24,1029
6117,迎廣,20,8,12,合庫-鳳山,2024-05-24,1029
3706,神達,16,5,11,合庫-鳳山,2024-05-24,1029
1101,台泥,11,0,11,合庫-鳳山,2024-05-24,1029
1810,和成,25,15,10,合庫-鳳山,2024-05-24,1029
2027,大成鋼,11,1,10,合庫-鳳山,2024-05-24,1029
2731,雄獅,11,1,10,合庫-鳳山,2024-05-24,1029
5434,崇越,10,0,10,合庫-鳳山,2024-05-24,1029
5905,南仁湖,10,0,10,合庫-鳳山,2024-05-24,1029
8093,保銳,10,0,10,合庫-鳳山,2024-05-24,1029
00878,國泰永續高股息,13,4,9,合庫-鳳山,2024-05-24,1029
5871,中租-KY,8,0,8,合庫-鳳山,2024-05-24,1029
1609,大亞,13,5,8,合庫-鳳山,2024-05-24,1029
00937B,群益ESG投等債20,1133,32,1101,合庫-鳳山,2024-05-27,1029
00687B,國泰20年美債,222,0,222,合庫-鳳山,2024-05-27,1029
9105,泰金寶-DR,226,103,123,合庫-鳳山,2024-05-27,1029
1301,台塑,74,0,74,合庫-鳳山,2024-05-27,1029
00946,群益科技高息成長,75,1,74,合庫-鳳山,2024-05-27,1029
2417,圓剛,225,154,71,合庫-鳳山,2024-05-27,1029
2002,中鋼,69,6,63,合庫-鳳山,2024-05-27,1029
00637L,元大滬深300正2,65,3,62,合庫-鳳山,2024-05-27,1029
1815,富喬,96,43,53,合庫-鳳山,2024-05-27,1029
6770,力積電,53,0,53,合庫-鳳山,2024-05-27,1029
1303,南亞,63,12,51,合庫-鳳山,2024-05-27,1029
00632R,元大台灣50反1,101,50,51,合庫-鳳山,2024-05-27,1029
6015,宏遠證,38,0,38,合庫-鳳山,2024-05-27,1029
1570,力肯,37,0,37,合庫-鳳山,2024-05-27,1029
2609,陽明,39,4,35,合庫-鳳山,2024-05-27,1029
2353,宏��,70,37,33,合庫-鳳山,2024-05-27,1029
2363,矽統,92,61,31,合庫-鳳山,2024-05-27,1029
2489,瑞軒,56,29,27,合庫-鳳山,2024-05-27,1029
6016,康和證,26,0,26,合庫-鳳山,2024-05-27,1029
00933B,國泰10Y+金融債,25,2,23,合庫-鳳山,2024-05-27,1029
1101,台泥,26,3,23,合庫-鳳山,2024-05-27,1029
3363,上詮,35,13,22,合庫-鳳山,2024-05-27,1029
2314,台揚,21,0,21,合庫-鳳山,2024-05-27,1029
2009,第一銅,23,3,20,合庫-鳳山,2024-05-27,1029
2028,威致,20,0,20,合庫-鳳山,2024-05-27,1029
2031,新光鋼,20,0,20,合庫-鳳山,2024-05-27,1029
6257,矽格,19,1,18,合庫-鳳山,2024-05-27,1029
3483,力致,20,3,17,合庫-鳳山,2024-05-27,1029
6125,廣運,38,23,15,合庫-鳳山,2024-05-27,1029
00712,復華富時不動產,17,2,15,合庫-鳳山,2024-05-27,1029
5864,致和證,15,0,15,合庫-鳳山,2024-05-27,1029
5880,合庫金,16,2,14,合庫-鳳山,2024-05-27,1029
00943,兆豐電子高息等權,14,0,14,合庫-鳳山,2024-05-27,1029
1314,中石化,19,6,13,合庫-鳳山,2024-05-27,1029
3338,泰碩,27,14,13,合庫-鳳山,2024-05-27,1029
8096,擎亞,16,3,13,合庫-鳳山,2024-05-27,1029
4168,醣聯,12,0,12,合庫-鳳山,2024-05-27,1029
3010,華立,11,0,11,合庫-鳳山,2024-05-27,1029
3027,盛達,11,0,11,合庫-鳳山,2024-05-27,1029
4967,十銓,22,11,11,合庫-鳳山,2024-05-27,1029
6719,力智,11,0,11,合庫-鳳山,2024-05-27,1029
1714,和桐,10,0,10,合庫-鳳山,2024-05-27,1029
2241,艾姆勒,12,2,10,合庫-鳳山,2024-05-27,1029
2630,亞航,10,0,10,合庫-鳳山,2024-05-27,1029
2883,凱基金,12,2,10,合庫-鳳山,2024-05-27,1029
6005,群益證,10,0,10,合庫-鳳山,2024-05-27,1029
8150,南茂,10,0,10,合庫-鳳山,2024-05-27,1029
3548,兆利,10,0,10,合庫-鳳山,2024-05-27,1029
3265,台星科,11,2,9,合庫-鳳山,2024-05-27,1029
2342,茂矽,9,0,9,合庫-鳳山,2024-05-27,1029
00918,大華優利高填息30,99,10,89,合庫-鳳山,2024-05-28,1029
5498,凱崴,89,7,82,合庫-鳳山,2024-05-28,1029
00937B,群益ESG投等債20,78,3,75,合庫-鳳山,2024-05-28,1029
00680L,元大美債20正2,57,0,57,合庫-鳳山,2024-05-28,1029
3234,光環,62,9,53,合庫-鳳山,2024-05-28,1029
00944,野村趨勢動能高息,50,0,50,合庫-鳳山,2024-05-28,1029
5371,中光電,41,1,40,合庫-鳳山,2024-05-28,1029
00632R,元大台灣50反1,35,0,35,合庫-鳳山,2024-05-28,1029
00931B,統一美債20年,34,0,34,合庫-鳳山,2024-05-28,1029
6016,康和證,38,5,33,合庫-鳳山,2024-05-28,1029
00946,群益科技高息成長,30,0,30,合庫-鳳山,2024-05-28,1029
2501,國建,40,10,30,合庫-鳳山,2024-05-28,1029
3231,緯創,53,23,30,合庫-鳳山,2024-05-28,1029
6215,和椿,34,6,28,合庫-鳳山,2024-05-28,1029
2609,陽明,32,4,28,合庫-鳳山,2024-05-28,1029
912000,晨訊科-DR,27,0,27,合庫-鳳山,2024-05-28,1029
2330,台積電,52,25,27,合庫-鳳山,2024-05-28,1029
5871,中租-KY,30,4,26,合庫-鳳山,2024-05-28,1029
00940,元大台灣價值高息,29,4,25,合庫-鳳山,2024-05-28,1029
2363,矽統,72,47,25,合庫-鳳山,2024-05-28,1029
2613,中櫃,34,10,24,合庫-鳳山,2024-05-28,1029
3169,亞信,25,1,24,合庫-鳳山,2024-05-28,1029
1504,東元,22,1,21,合庫-鳳山,2024-05-28,1029
00939,統一台灣高息動能,21,1,20,合庫-鳳山,2024-05-28,1029
00932,兆豐永續高息等權,20,0,20,合庫-鳳山,2024-05-28,1029
00753L,中信中國50正2,20,0,20,合庫-鳳山,2024-05-28,1029
2601,益航,20,0,20,合庫-鳳山,2024-05-28,1029
2889,國票金,21,1,20,合庫-鳳山,2024-05-28,1029
6108,競國,33,13,20,合庫-鳳山,2024-05-28,1029
2365,昆盈,21,4,17,合庫-鳳山,2024-05-28,1029
2301,光寶科,25,9,16,合庫-鳳山,2024-05-28,1029
2464,盟立,34,18,16,合庫-鳳山,2024-05-28,1029
6197,佳必琪,19,3,16,合庫-鳳山,2024-05-28,1029
00738U,期元大道瓊白銀,15,0,15,合庫-鳳山,2024-05-28,1029
4526,東台,15,0,15,合庫-鳳山,2024-05-28,1029
2303,聯電,32,18,14,合庫-鳳山,2024-05-28,1029
6015,宏遠證,14,0,14,合庫-鳳山,2024-05-28,1029
2417,圓剛,123,110,13,合庫-鳳山,2024-05-28,1029
2453,凌群,17,4,13,合庫-鳳山,2024-05-28,1029
1303,南亞,22,10,12,合庫-鳳山,2024-05-28,1029
00905,FT臺灣Smart,12,0,12,合庫-鳳山,2024-05-28,1029
2025,千興,14,2,12,合庫-鳳山,2024-05-28,1029
2316,楠梓電,12,0,12,合庫-鳳山,2024-05-28,1029
3712,永崴投控,34,22,12,合庫-鳳山,2024-05-28,1029
2382,廣達,11,0,11,合庫-鳳山,2024-05-28,1029
00720B,元大投資級公司債,11,0,11,合庫-鳳山,2024-05-28,1029
3450,聯鈞,31,21,10,合庫-鳳山,2024-05-28,1029
2603,長榮,20,10,10,合庫-鳳山,2024-05-28,1029
2030,彰源,10,0,10,合庫-鳳山,2024-05-28,1029
2034,允強,10,0,10,合庫-鳳山,2024-05-28,1029
00937B,群益ESG投等債20,336,18,318,合庫-鳳山,2024-05-29,1029
00680L,元大美債20正2,188,0,188,合庫-鳳山,2024-05-29,1029
2801,彰銀,175,7,168,合庫-鳳山,2024-05-29,1029
00933B,國泰10Y+金融債,153,0,153,合庫-鳳山,2024-05-29,1029
2317,鴻海,144,16,128,合庫-鳳山,2024-05-29,1029
5880,合庫金,110,0,110,合庫-鳳山,2024-05-29,1029
6770,力積電,100,1,99,合庫-鳳山,2024-05-29,1029
3231,緯創,151,57,94,合庫-鳳山,2024-05-29,1029
2489,瑞軒,113,28,85,合庫-鳳山,2024-05-29,1029
1522,堤維西,81,3,78,合庫-鳳山,2024-05-29,1029
00679B,元大美債20年,64,0,64,合庫-鳳山,2024-05-29,1029
3379,彬台,58,0,58,合庫-鳳山,2024-05-29,1029
00931B,統一美債20年,41,0,41,合庫-鳳山,2024-05-29,1029
1524,耿鼎,53,12,41,合庫-鳳山,2024-05-29,1029
00637L,元大滬深300正2,63,23,40,合庫-鳳山,2024-05-29,1029
2349,錸德,44,5,39,合庫-鳳山,2024-05-29,1029
4906,正文,43,5,38,合庫-鳳山,2024-05-29,1029
2324,仁寶,37,2,35,合庫-鳳山,2024-05-29,1029
2610,華航,39,4,35,合庫-鳳山,2024-05-29,1029
1303,南亞,32,1,31,合庫-鳳山,2024-05-29,1029
2834,臺企銀,30,0,30,合庫-鳳山,2024-05-29,1029
6156,松上,30,0,30,合庫-鳳山,2024-05-29,1029
6164,華興,30,0,30,合庫-鳳山,2024-05-29,1029
2401,凌陽,70,41,29,合庫-鳳山,2024-05-29,1029
4976,佳凌,31,3,28,合庫-鳳山,2024-05-29,1029
1101,台泥,27,0,27,合庫-鳳山,2024-05-29,1029
2375,凱美,26,0,26,合庫-鳳山,2024-05-29,1029
00946,群益科技高息成長,25,0,25,合庫-鳳山,2024-05-29,1029
2353,宏��,51,27,24,合庫-鳳山,2024-05-29,1029
2002,中鋼,26,3,23,合庫-鳳山,2024-05-29,1029
3202,樺晟,21,0,21,合庫-鳳山,2024-05-29,1029
1904,正隆,21,0,21,合庫-鳳山,2024-05-29,1029
00665L,富邦�琤肭磪囓�2,170,150,20,合庫-鳳山,2024-05-29,1029
00795B,中信美國公債20年,20,0,20,合庫-鳳山,2024-05-29,1029
8033,雷虎,20,1,19,合庫-鳳山,2024-05-29,1029
2449,京元電子,19,0,19,合庫-鳳山,2024-05-29,1029
00878,國泰永續高股息,37,18,19,合庫-鳳山,2024-05-29,1029
2605,新興,74,56,18,合庫-鳳山,2024-05-29,1029
8027,鈦昇,22,4,18,合庫-鳳山,2024-05-29,1029
2515,中工,17,0,17,合庫-鳳山,2024-05-29,1029
2641,正德,37,20,17,合庫-鳳山,2024-05-29,1029
5340,建榮,18,1,17,合庫-鳳山,2024-05-29,1029
6021,美好證,17,0,17,合庫-鳳山,2024-05-29,1029
2009,第一銅,20,4,16,合庫-鳳山,2024-05-29,1029
2495,普安,22,6,16,合庫-鳳山,2024-05-29,1029
4973,廣穎,17,1,16,合庫-鳳山,2024-05-29,1029
2354,鴻準,47,31,16,合庫-鳳山,2024-05-29,1029
3338,泰碩,57,42,15,合庫-鳳山,2024-05-29,1029
6264,富裔,15,0,15,合庫-鳳山,2024-05-29,1029
00687B,國泰20年美債,75,60,15,合庫-鳳山,2024-05-29,1029
00919,群益台灣精選高息,236,48,188,合庫-鳳山,2024-05-30,1029
00680L,元大美債20正2,168,0,168,合庫-鳳山,2024-05-30,1029
00940,元大台灣價值高息,160,32,128,合庫-鳳山,2024-05-30,1029
00929,復華台灣科技優息,236,132,104,合庫-鳳山,2024-05-30,1029
5498,凱崴,93,0,93,合庫-鳳山,2024-05-30,1029
00637L,元大滬深300正2,109,20,89,合庫-鳳山,2024-05-30,1029
00687B,國泰20年美債,88,15,73,合庫-鳳山,2024-05-30,1029
00679B,元大美債20年,72,0,72,合庫-鳳山,2024-05-30,1029
4168,醣聯,69,0,69,合庫-鳳山,2024-05-30,1029
5880,合庫金,66,0,66,合庫-鳳山,2024-05-30,1029
00878,國泰永續高股息,104,38,66,合庫-鳳山,2024-05-30,1029
6126,信音,78,13,65,合庫-鳳山,2024-05-30,1029
2324,仁寶,63,2,61,合庫-鳳山,2024-05-30,1029
00937B,群益ESG投等債20,106,48,58,合庫-鳳山,2024-05-30,1029
2317,鴻海,69,12,57,合庫-鳳山,2024-05-30,1029
1815,富喬,204,150,54,合庫-鳳山,2024-05-30,1029
2891,中信金,50,2,48,合庫-鳳山,2024-05-30,1029
2354,鴻準,53,5,48,合庫-鳳山,2024-05-30,1029
2610,華航,61,15,46,合庫-鳳山,2024-05-30,1029
6209,今國光,58,17,41,合庫-鳳山,2024-05-30,1029
8064,東捷,55,15,40,合庫-鳳山,2024-05-30,1029
2408,南亞科,40,2,38,合庫-鳳山,2024-05-30,1029
3706,神達,45,12,33,合庫-鳳山,2024-05-30,1029
00712,復華富時不動產,32,0,32,合庫-鳳山,2024-05-30,1029
4967,十銓,42,10,32,合庫-鳳山,2024-05-30,1029
2887,台新金,29,0,29,合庫-鳳山,2024-05-30,1029
5512,力麒,28,0,28,合庫-鳳山,2024-05-30,1029
2002,中鋼,27,0,27,合庫-鳳山,2024-05-30,1029
8105,凌巨,43,16,27,合庫-鳳山,2024-05-30,1029
00946,群益科技高息成長,26,2,24,合庫-鳳山,2024-05-30,1029
2356,英業達,24,1,23,合庫-鳳山,2024-05-30,1029
6270,倍微,23,0,23,合庫-鳳山,2024-05-30,1029
00933B,國泰10Y+金融債,42,20,22,合庫-鳳山,2024-05-30,1029
2606,裕民,26,5,21,合庫-鳳山,2024-05-30,1029
3545,敦泰,21,0,21,合庫-鳳山,2024-05-30,1029
5469,瀚宇博,22,1,21,合庫-鳳山,2024-05-30,1029
2353,宏��,52,31,21,合庫-鳳山,2024-05-30,1029
1471,首利,32,12,20,合庫-鳳山,2024-05-30,1029
3354,律勝,20,0,20,合庫-鳳山,2024-05-30,1029
2374,佳能,19,0,19,合庫-鳳山,2024-05-30,1029
2834,臺企銀,23,4,19,合庫-鳳山,2024-05-30,1029
6147,頎邦,18,0,18,合庫-鳳山,2024-05-30,1029
2405,輔信,19,1,18,合庫-鳳山,2024-05-30,1029
8054,安國,67,49,18,合庫-鳳山,2024-05-30,1029
2363,矽統,49,31,18,合庫-鳳山,2024-05-30,1029
6005,群益證,17,0,17,合庫-鳳山,2024-05-30,1029
1303,南亞,19,3,16,合庫-鳳山,2024-05-30,1029
4909,新復興,16,0,16,合庫-鳳山,2024-05-30,1029
4562,穎漢,28,13,15,合庫-鳳山,2024-05-30,1029
6269,台郡,17,3,14,合庫-鳳山,2024-05-30,1029
00665L,富邦�琤肭磪囓�2,237,0,237,合庫-鳳山,2024-05-31,1029
2867,三商壽,227,45,182,合庫-鳳山,2024-05-31,1029
2002,中鋼,150,1,149,合庫-鳳山,2024-05-31,1029
2609,陽明,216,98,118,合庫-鳳山,2024-05-31,1029
2367,燿華,117,13,104,合庫-鳳山,2024-05-31,1029
2317,鴻海,120,21,99,合庫-鳳山,2024-05-31,1029
00919,群益台灣精選高息,100,6,94,合庫-鳳山,2024-05-31,1029
00706L,期元大S＆P日圓正2,90,0,90,合庫-鳳山,2024-05-31,1029
00918,大華優利高填息30,69,1,68,合庫-鳳山,2024-05-31,1029
4552,力達-KY,60,0,60,合庫-鳳山,2024-05-31,1029
2905,三商,60,2,58,合庫-鳳山,2024-05-31,1029
6695,芯鼎,75,19,56,合庫-鳳山,2024-05-31,1029
2460,建通,50,0,50,合庫-鳳山,2024-05-31,1029
3231,緯創,79,29,50,合庫-鳳山,2024-05-31,1029
6548,長科*,48,0,48,合庫-鳳山,2024-05-31,1029
1609,大亞,77,31,46,合庫-鳳山,2024-05-31,1029
5880,合庫金,31,0,31,合庫-鳳山,2024-05-31,1029
1522,堤維西,37,6,31,合庫-鳳山,2024-05-31,1029
00929,復華台灣科技優息,91,62,29,合庫-鳳山,2024-05-31,1029
00940,元大台灣價值高息,48,22,26,合庫-鳳山,2024-05-31,1029
1714,和桐,25,1,24,合庫-鳳山,2024-05-31,1029
3390,旭軟,24,0,24,合庫-鳳山,2024-05-31,1029
00878,國泰永續高股息,27,4,23,合庫-鳳山,2024-05-31,1029
8093,保銳,22,0,22,合庫-鳳山,2024-05-31,1029
2354,鴻準,76,55,21,合庫-鳳山,2024-05-31,1029
00712,復華富時不動產,20,0,20,合庫-鳳山,2024-05-31,1029
00915,凱基優選高股息30,20,0,20,合庫-鳳山,2024-05-31,1029
9928,中視,20,0,20,合庫-鳳山,2024-05-31,1029
00891,中信關鍵半導體,19,0,19,合庫-鳳山,2024-05-31,1029
2301,光寶科,22,3,19,合庫-鳳山,2024-05-31,1029
2388,威盛,20,1,19,合庫-鳳山,2024-05-31,1029
2606,裕民,30,11,19,合庫-鳳山,2024-05-31,1029
5512,力麒,25,7,18,合庫-鳳山,2024-05-31,1029
3312,弘憶股,60,43,17,合庫-鳳山,2024-05-31,1029
2605,新興,42,25,17,合庫-鳳山,2024-05-31,1029
00715L,期街口布蘭特正2,17,0,17,合庫-鳳山,2024-05-31,1029
2409,友達,17,0,17,合庫-鳳山,2024-05-31,1029
6462,神盾,23,7,16,合庫-鳳山,2024-05-31,1029
2365,昆盈,22,7,15,合庫-鳳山,2024-05-31,1029
6244,茂迪,15,0,15,合庫-鳳山,2024-05-31,1029
2356,英業達,16,1,15,合庫-鳳山,2024-05-31,1029
0056,元大高股息,14,0,14,合庫-鳳山,2024-05-31,1029
6239,力成,15,1,14,合庫-鳳山,2024-05-31,1029
00946,群益科技高息成長,43,30,13,合庫-鳳山,2024-05-31,1029
2417,圓剛,16,3,13,合庫-鳳山,2024-05-31,1029
3265,台星科,13,0,13,合庫-鳳山,2024-05-31,1029
3545,敦泰,12,0,12,合庫-鳳山,2024-05-31,1029
2382,廣達,20,9,11,合庫-鳳山,2024-05-31,1029
1708,東鹼,11,0,11,合庫-鳳山,2024-05-31,1029
2009,第一銅,11,0,11,合庫-鳳山,2024-05-31,1029
00637L,元大滬深300正2,148,10,138,合庫-鳳山,2024-06-03,1029
00919,群益台灣精選高息,139,27,112,合庫-鳳山,2024-06-03,1029
00918,大華優利高填息30,77,1,76,合庫-鳳山,2024-06-03,1029
2615,萬海,123,47,76,合庫-鳳山,2024-06-03,1029
2401,凌陽,61,1,60,合庫-鳳山,2024-06-03,1029
8028,昇陽半導體,79,24,55,合庫-鳳山,2024-06-03,1029
3481,群創,51,9,42,合庫-鳳山,2024-06-03,1029
00929,復華台灣科技優息,168,127,41,合庫-鳳山,2024-06-03,1029
2438,翔耀,39,0,39,合庫-鳳山,2024-06-03,1029
00940,元大台灣價值高息,73,38,35,合庫-鳳山,2024-06-03,1029
1815,富喬,80,45,35,合庫-鳳山,2024-06-03,1029
2610,華航,39,6,33,合庫-鳳山,2024-06-03,1029
2303,聯電,46,13,33,合庫-鳳山,2024-06-03,1029
2317,鴻海,47,16,31,合庫-鳳山,2024-06-03,1029
2353,宏��,32,4,28,合庫-鳳山,2024-06-03,1029
00937B,群益ESG投等債20,36,8,28,合庫-鳳山,2024-06-03,1029
5263,智崴,31,4,27,合庫-鳳山,2024-06-03,1029
2002,中鋼,29,3,26,合庫-鳳山,2024-06-03,1029
2460,建通,25,0,25,合庫-鳳山,2024-06-03,1029
6770,力積電,33,11,22,合庫-鳳山,2024-06-03,1029
1608,華榮,23,1,22,合庫-鳳山,2024-06-03,1029
1301,台塑,20,0,20,合庫-鳳山,2024-06-03,1029
00830,國泰費城半導體,20,0,20,合庫-鳳山,2024-06-03,1029
2605,新興,20,1,19,合庫-鳳山,2024-06-03,1029
1314,中石化,20,1,19,合庫-鳳山,2024-06-03,1029
5880,合庫金,24,6,18,合庫-鳳山,2024-06-03,1029
3059,華晶科,18,0,18,合庫-鳳山,2024-06-03,1029
2354,鴻準,35,18,17,合庫-鳳山,2024-06-03,1029
4168,醣聯,18,1,17,合庫-鳳山,2024-06-03,1029
6695,芯鼎,18,2,16,合庫-鳳山,2024-06-03,1029
00642U,期元大S＆P石油,15,0,15,合庫-鳳山,2024-06-03,1029
6021,美好證,15,0,15,合庫-鳳山,2024-06-03,1029
6163,華電網,23,8,15,合庫-鳳山,2024-06-03,1029
6189,豐藝,18,3,15,合庫-鳳山,2024-06-03,1029
6579,研揚,15,0,15,合庫-鳳山,2024-06-03,1029
2330,台積電,26,12,14,合庫-鳳山,2024-06-03,1029
00933B,國泰10Y+金融債,25,11,14,合庫-鳳山,2024-06-03,1029
6270,倍微,17,3,14,合庫-鳳山,2024-06-03,1029
8107,大億金茂,13,0,13,合庫-鳳山,2024-06-03,1029
2427,三商電,25,12,13,合庫-鳳山,2024-06-03,1029
1316,上曜,17,5,12,合庫-鳳山,2024-06-03,1029
2367,燿華,13,1,12,合庫-鳳山,2024-06-03,1029
3545,敦泰,12,0,12,合庫-鳳山,2024-06-03,1029
5309,系統電,12,0,12,合庫-鳳山,2024-06-03,1029
2377,微星,13,2,11,合庫-鳳山,2024-06-03,1029
1909,榮成,11,0,11,合庫-鳳山,2024-06-03,1029
3005,神基,11,0,11,合庫-鳳山,2024-06-03,1029
8096,擎亞,24,13,11,合庫-鳳山,2024-06-03,1029
2889,國票金,13,2,11,合庫-鳳山,2024-06-03,1029
1514,亞力,12,2,10,合庫-鳳山,2024-06-03,1029
00929,復華台灣科技優息,226,6,220,合庫-鳳山,2024-06-04,1029
2002,中鋼,102,0,102,合庫-鳳山,2024-06-04,1029
2324,仁寶,94,5,89,合庫-鳳山,2024-06-04,1029
00918,大華優利高填息30,66,0,66,合庫-鳳山,2024-06-04,1029
2317,鴻海,73,14,59,合庫-鳳山,2024-06-04,1029
00706L,期元大S＆P日圓正2,50,0,50,合庫-鳳山,2024-06-04,1029
8064,東捷,51,2,49,合庫-鳳山,2024-06-04,1029
00919,群益台灣精選高息,52,4,48,合庫-鳳山,2024-06-04,1029
2867,三商壽,51,4,47,合庫-鳳山,2024-06-04,1029
2344,華邦電,45,0,45,合庫-鳳山,2024-06-04,1029
2888,新光金,67,26,41,合庫-鳳山,2024-06-04,1029
00936,台新永續高息中小,99,60,39,合庫-鳳山,2024-06-04,1029
1605,華新,38,1,37,合庫-鳳山,2024-06-04,1029
00715L,期街口布蘭特正2,33,0,33,合庫-鳳山,2024-06-04,1029
2354,鴻準,68,38,30,合庫-鳳山,2024-06-04,1029
2356,英業達,36,6,30,合庫-鳳山,2024-06-04,1029
3338,泰碩,41,12,29,合庫-鳳山,2024-06-04,1029
6770,力積電,27,1,26,合庫-鳳山,2024-06-04,1029
3481,群創,35,10,25,合庫-鳳山,2024-06-04,1029
6005,群益證,24,0,24,合庫-鳳山,2024-06-04,1029
2365,昆盈,22,0,22,合庫-鳳山,2024-06-04,1029
2382,廣達,24,2,22,合庫-鳳山,2024-06-04,1029
00878,國泰永續高股息,37,15,22,合庫-鳳山,2024-06-04,1029
1301,台塑,25,4,21,合庫-鳳山,2024-06-04,1029
00915,凱基優選高股息30,23,3,20,合庫-鳳山,2024-06-04,1029
00885,富邦越南,20,0,20,合庫-鳳山,2024-06-04,1029
2460,建通,20,0,20,合庫-鳳山,2024-06-04,1029
6163,華電網,20,0,20,合庫-鳳山,2024-06-04,1029
3041,揚智,25,6,19,合庫-鳳山,2024-06-04,1029
3548,兆利,46,27,19,合庫-鳳山,2024-06-04,1029
2613,中櫃,19,1,18,合庫-鳳山,2024-06-04,1029
2349,錸德,18,0,18,合庫-鳳山,2024-06-04,1029
5880,合庫金,19,1,18,合庫-鳳山,2024-06-04,1029
2331,精英,41,24,17,合庫-鳳山,2024-06-04,1029
3013,晟銘電,27,11,16,合庫-鳳山,2024-06-04,1029
2885,元大金,16,0,16,合庫-鳳山,2024-06-04,1029
2303,聯電,20,4,16,合庫-鳳山,2024-06-04,1029
1609,大亞,21,6,15,合庫-鳳山,2024-06-04,1029
00713,元大台灣高息低波,14,0,14,合庫-鳳山,2024-06-04,1029
6125,廣運,41,27,14,合庫-鳳山,2024-06-04,1029
2367,燿華,23,9,14,合庫-鳳山,2024-06-04,1029
2609,陽明,78,64,14,合庫-鳳山,2024-06-04,1029
00882,中信中國高股息,15,2,13,合庫-鳳山,2024-06-04,1029
2388,威盛,14,1,13,合庫-鳳山,2024-06-04,1029
2498,宏達電,13,0,13,合庫-鳳山,2024-06-04,1029
4938,和碩,16,3,13,合庫-鳳山,2024-06-04,1029
3231,緯創,63,51,12,合庫-鳳山,2024-06-04,1029
00923,群益台ESG低碳50,12,0,12,合庫-鳳山,2024-06-04,1029
1326,台化,12,0,12,合庫-鳳山,2024-06-04,1029
3062,建漢,12,0,12,合庫-鳳山,2024-06-04,1029
00715L,期街口布蘭特正2,529,5,524,合庫-鳳山,2024-06-05,1029
00936,台新永續高息中小,328,0,328,合庫-鳳山,2024-06-05,1029
00637L,元大滬深300正2,252,1,251,合庫-鳳山,2024-06-05,1029
00929,復華台灣科技優息,169,1,168,合庫-鳳山,2024-06-05,1029
2002,中鋼,176,10,166,合庫-鳳山,2024-06-05,1029
00679B,元大美債20年,96,8,88,合庫-鳳山,2024-06-05,1029
2501,國建,87,1,86,合庫-鳳山,2024-06-05,1029
00878,國泰永續高股息,82,4,78,合庫-鳳山,2024-06-05,1029
2317,鴻海,92,25,67,合庫-鳳山,2024-06-05,1029
00942B,台新美A公司債20+,70,10,60,合庫-鳳山,2024-06-05,1029
2417,圓剛,99,48,51,合庫-鳳山,2024-06-05,1029
00933B,國泰10Y+金融債,52,5,47,合庫-鳳山,2024-06-05,1029
00946,群益科技高息成長,37,0,37,合庫-鳳山,2024-06-05,1029
00918,大華優利高填息30,36,0,36,合庫-鳳山,2024-06-05,1029
00753L,中信中國50正2,34,0,34,合庫-鳳山,2024-06-05,1029
3048,益登,34,3,31,合庫-鳳山,2024-06-05,1029
6161,捷波,34,3,31,合庫-鳳山,2024-06-05,1029
2603,長榮,53,31,22,合庫-鳳山,2024-06-05,1029
2324,仁寶,21,0,21,合庫-鳳山,2024-06-05,1029
6585,鼎基,24,3,21,合庫-鳳山,2024-06-05,1029
3321,同泰,20,0,20,合庫-鳳山,2024-06-05,1029
1815,富喬,70,50,20,合庫-鳳山,2024-06-05,1029
3706,神達,21,2,19,合庫-鳳山,2024-06-05,1029
6695,芯鼎,19,2,17,合庫-鳳山,2024-06-05,1029
1304,台聚,16,0,16,合庫-鳳山,2024-06-05,1029
2354,鴻準,38,22,16,合庫-鳳山,2024-06-05,1029
2888,新光金,33,17,16,合庫-鳳山,2024-06-05,1029
6125,廣運,47,31,16,合庫-鳳山,2024-06-05,1029
5880,合庫金,16,0,16,合庫-鳳山,2024-06-05,1029
00665L,富邦�琤肭磪囓�2,315,300,15,合庫-鳳山,2024-06-05,1029
0056,元大高股息,16,1,15,合庫-鳳山,2024-06-05,1029
5009,榮剛,22,8,14,合庫-鳳山,2024-06-05,1029
2537,聯上發,16,3,13,合庫-鳳山,2024-06-05,1029
4726,永昕,15,2,13,合庫-鳳山,2024-06-05,1029
6188,廣明,19,6,13,合庫-鳳山,2024-06-05,1029
2353,宏��,37,25,12,合庫-鳳山,2024-06-05,1029
00687B,國泰20年美債,32,20,12,合庫-鳳山,2024-06-05,1029
2397,友通,20,8,12,合庫-鳳山,2024-06-05,1029
3712,永崴投控,12,0,12,合庫-鳳山,2024-06-05,1029
4526,東台,12,0,12,合庫-鳳山,2024-06-05,1029
6548,長科*,13,1,12,合庫-鳳山,2024-06-05,1029
2303,聯電,28,16,12,合庫-鳳山,2024-06-05,1029
00650L,復華香港正2,11,0,11,合庫-鳳山,2024-06-05,1029
1514,亞力,11,0,11,合庫-鳳山,2024-06-05,1029
3033,威健,12,1,11,合庫-鳳山,2024-06-05,1029
3236,千如,11,0,11,合庫-鳳山,2024-06-05,1029
3260,威剛,13,2,11,合庫-鳳山,2024-06-05,1029
5469,瀚宇博,11,0,11,合庫-鳳山,2024-06-05,1029
2382,廣達,28,18,10,合庫-鳳山,2024-06-05,1029
1313,聯成,10,0,10,合庫-鳳山,2024-06-05,1029
00665L,富邦�琤肭磪囓�2,1010,600,410,合庫-鳳山,2024-06-06,1029
00929,復華台灣科技優息,174,26,148,合庫-鳳山,2024-06-06,1029
2002,中鋼,111,6,105,合庫-鳳山,2024-06-06,1029
00936,台新永續高息中小,148,43,105,合庫-鳳山,2024-06-06,1029
1815,富喬,103,37,66,合庫-鳳山,2024-06-06,1029
1310,台苯,64,0,64,合庫-鳳山,2024-06-06,1029
2609,陽明,155,93,62,合庫-鳳山,2024-06-06,1029
00687B,國泰20年美債,57,3,54,合庫-鳳山,2024-06-06,1029
5302,太欣,56,6,50,合庫-鳳山,2024-06-06,1029
00882,中信中國高股息,46,5,41,合庫-鳳山,2024-06-06,1029
5880,合庫金,55,14,41,合庫-鳳山,2024-06-06,1029
2460,建通,40,0,40,合庫-鳳山,2024-06-06,1029
00632R,元大台灣50反1,79,40,39,合庫-鳳山,2024-06-06,1029
00944,野村趨勢動能高息,38,0,38,合庫-鳳山,2024-06-06,1029
00918,大華優利高填息30,36,0,36,合庫-鳳山,2024-06-06,1029
2617,台航,36,0,36,合庫-鳳山,2024-06-06,1029
8096,擎亞,43,9,34,合庫-鳳山,2024-06-06,1029
1713,國化,30,0,30,合庫-鳳山,2024-06-06,1029
2328,廣宇,37,9,28,合庫-鳳山,2024-06-06,1029
2834,臺企銀,32,4,28,合庫-鳳山,2024-06-06,1029
6116,彩晶,28,1,27,合庫-鳳山,2024-06-06,1029
00895,富邦未來車,25,0,25,合庫-鳳山,2024-06-06,1029
5392,能率,34,10,24,合庫-鳳山,2024-06-06,1029
00931B,統一美債20年,20,0,20,合庫-鳳山,2024-06-06,1029
9924,福興,20,0,20,合庫-鳳山,2024-06-06,1029
3297,杭特,18,0,18,合庫-鳳山,2024-06-06,1029
6188,廣明,20,3,17,合庫-鳳山,2024-06-06,1029
00933B,國泰10Y+金融債,16,0,16,合庫-鳳山,2024-06-06,1029
8068,全達,16,0,16,合庫-鳳山,2024-06-06,1029
2363,矽統,42,28,14,合庫-鳳山,2024-06-06,1029
1303,南亞,16,3,13,合庫-鳳山,2024-06-06,1029
2312,金寶,30,17,13,合庫-鳳山,2024-06-06,1029
4707,磐亞,13,0,13,合庫-鳳山,2024-06-06,1029
1314,中石化,13,0,13,合庫-鳳山,2024-06-06,1029
2344,華邦電,12,0,12,合庫-鳳山,2024-06-06,1029
5512,力麒,12,0,12,合庫-鳳山,2024-06-06,1029
6550,北極星藥業-KY,23,11,12,合庫-鳳山,2024-06-06,1029
2603,長榮,30,18,12,合庫-鳳山,2024-06-06,1029
1304,台聚,11,0,11,合庫-鳳山,2024-06-06,1029
1316,上曜,11,0,11,合庫-鳳山,2024-06-06,1029
1718,中纖,11,0,11,合庫-鳳山,2024-06-06,1029
2365,昆盈,11,0,11,合庫-鳳山,2024-06-06,1029
3564,其陽,13,2,11,合庫-鳳山,2024-06-06,1029
5608,四維航,11,0,11,合庫-鳳山,2024-06-06,1029
6125,廣運,32,22,10,合庫-鳳山,2024-06-06,1029
00676R,富邦臺灣加權反1,10,0,10,合庫-鳳山,2024-06-06,1029
2101,南港,12,2,10,合庫-鳳山,2024-06-06,1029
2511,太子,10,0,10,合庫-鳳山,2024-06-06,1029
2850,新產,10,0,10,合庫-鳳山,2024-06-06,1029
4114,健喬,10,0,10,合庫-鳳山,2024-06-06,1029
00637L,元大滬深300正2,281,61,220,合庫-鳳山,2024-06-07,1029
00665L,富邦�琤肭磪囓�2,606,400,206,合庫-鳳山,2024-06-07,1029
00929,復華台灣科技優息,193,66,127,合庫-鳳山,2024-06-07,1029
3231,緯創,112,1,111,合庫-鳳山,2024-06-07,1029
00937B,群益ESG投等債20,106,15,91,合庫-鳳山,2024-06-07,1029
2312,金寶,167,108,59,合庫-鳳山,2024-06-07,1029
00936,台新永續高息中小,59,1,58,合庫-鳳山,2024-06-07,1029
8064,東捷,65,7,58,合庫-鳳山,2024-06-07,1029
1904,正隆,50,0,50,合庫-鳳山,2024-06-07,1029
2883B,凱基金乙特,50,0,50,合庫-鳳山,2024-06-07,1029
00919,群益台灣精選高息,53,11,42,合庫-鳳山,2024-06-07,1029
1605,華新,42,2,40,合庫-鳳山,2024-06-07,1029
00715L,期街口布蘭特正2,70,31,39,合庫-鳳山,2024-06-07,1029
5864,致和證,38,0,38,合庫-鳳山,2024-06-07,1029
5469,瀚宇博,35,0,35,合庫-鳳山,2024-06-07,1029
2421,建準,30,3,27,合庫-鳳山,2024-06-07,1029
2886,兆豐金,27,2,25,合庫-鳳山,2024-06-07,1029
1310,台苯,25,0,25,合庫-鳳山,2024-06-07,1029
2002,中鋼,26,2,24,合庫-鳳山,2024-06-07,1029
00633L,富邦上証正2,24,0,24,合庫-鳳山,2024-06-07,1029
00679B,元大美債20年,34,11,23,合庫-鳳山,2024-06-07,1029
00918,大華優利高填息30,21,0,21,合庫-鳳山,2024-06-07,1029
00895,富邦未來車,20,0,20,合庫-鳳山,2024-06-07,1029
2527,宏璟,20,0,20,合庫-鳳山,2024-06-07,1029
3058,立德,20,0,20,合庫-鳳山,2024-06-07,1029
3483,力致,20,0,20,合庫-鳳山,2024-06-07,1029
3481,群創,27,8,19,合庫-鳳山,2024-06-07,1029
00687B,國泰20年美債,20,1,19,合庫-鳳山,2024-06-07,1029
5263,智崴,19,0,19,合庫-鳳山,2024-06-07,1029
2511,太子,30,12,18,合庫-鳳山,2024-06-07,1029
2330,台積電,42,24,18,合庫-鳳山,2024-06-07,1029
00942B,台新美A公司債20+,16,0,16,合庫-鳳山,2024-06-07,1029
2329,華泰,18,3,15,合庫-鳳山,2024-06-07,1029
2482,連宇,20,5,15,合庫-鳳山,2024-06-07,1029
6005,群益證,15,0,15,合庫-鳳山,2024-06-07,1029
2356,英業達,14,0,14,合庫-鳳山,2024-06-07,1029
8046,南電,15,2,13,合庫-鳳山,2024-06-07,1029
2609,陽明,121,108,13,合庫-鳳山,2024-06-07,1029
00650L,復華香港正2,12,0,12,合庫-鳳山,2024-06-07,1029
6188,廣明,13,1,12,合庫-鳳山,2024-06-07,1029
6239,力成,12,0,12,合庫-鳳山,2024-06-07,1029
3532,台勝科,12,0,12,合庫-鳳山,2024-06-07,1029
00881,國泰台灣5G+,10,0,10,合庫-鳳山,2024-06-07,1029
2014,中鴻,10,0,10,合庫-鳳山,2024-06-07,1029
3122,笙泉,19,9,10,合庫-鳳山,2024-06-07,1029
3706,神達,10,0,10,合庫-鳳山,2024-06-07,1029
8093,保銳,10,0,10,合庫-鳳山,2024-06-07,1029
00878,國泰永續高股息,11,1,10,合庫-鳳山,2024-06-07,1029
2382,廣達,14,5,9,合庫-鳳山,2024-06-07,1029
8107,大億金茂,10,1,9,合庫-鳳山,2024-06-07,1029
00665L,富邦�琤肭磪囓�2,790,90,700,合庫-鳳山,2024-06-11,1029
00637L,元大滬深300正2,289,4,285,合庫-鳳山,2024-06-11,1029
00929,復華台灣科技優息,283,23,260,合庫-鳳山,2024-06-11,1029
00937B,群益ESG投等債20,209,23,186,合庫-鳳山,2024-06-11,1029
00878,國泰永續高股息,161,3,158,合庫-鳳山,2024-06-11,1029
2867,三商壽,108,20,88,合庫-鳳山,2024-06-11,1029
00919,群益台灣精選高息,112,31,81,合庫-鳳山,2024-06-11,1029
1608,華榮,79,1,78,合庫-鳳山,2024-06-11,1029
00918,大華優利高填息30,76,0,76,合庫-鳳山,2024-06-11,1029
00680L,元大美債20正2,70,0,70,合庫-鳳山,2024-06-11,1029
2009,第一銅,71,2,69,合庫-鳳山,2024-06-11,1029
1514,亞力,97,28,69,合庫-鳳山,2024-06-11,1029
2883,凱基金,91,32,59,合庫-鳳山,2024-06-11,1029
3483,力致,53,0,53,合庫-鳳山,2024-06-11,1029
00679B,元大美債20年,54,2,52,合庫-鳳山,2024-06-11,1029
2891,中信金,53,1,52,合庫-鳳山,2024-06-11,1029
2888,新光金,66,17,49,合庫-鳳山,2024-06-11,1029
2618,長榮航,68,25,43,合庫-鳳山,2024-06-11,1029
3481,群創,41,0,41,合庫-鳳山,2024-06-11,1029
00687B,國泰20年美債,71,31,40,合庫-鳳山,2024-06-11,1029
2603,長榮,84,47,37,合庫-鳳山,2024-06-11,1029
00882,中信中國高股息,40,4,36,合庫-鳳山,2024-06-11,1029
9945,潤泰新,36,0,36,合庫-鳳山,2024-06-11,1029
00933B,國泰10Y+金融債,36,0,36,合庫-鳳山,2024-06-11,1029
2331,精英,36,1,35,合庫-鳳山,2024-06-11,1029
2609,陽明,189,156,33,合庫-鳳山,2024-06-11,1029
4552,力達-KY,30,0,30,合庫-鳳山,2024-06-11,1029
1815,富喬,69,41,28,合庫-鳳山,2024-06-11,1029
6552,易華電,30,2,28,合庫-鳳山,2024-06-11,1029
2002,中鋼,55,28,27,合庫-鳳山,2024-06-11,1029
2882,國泰金,29,3,26,合庫-鳳山,2024-06-11,1029
1301,台塑,26,0,26,合庫-鳳山,2024-06-11,1029
6239,力成,26,1,25,合庫-鳳山,2024-06-11,1029
1609,大亞,46,22,24,合庫-鳳山,2024-06-11,1029
6548,長科*,21,0,21,合庫-鳳山,2024-06-11,1029
9105,泰金寶-DR,24,3,21,合庫-鳳山,2024-06-11,1029
3576,聯合再生,21,0,21,合庫-鳳山,2024-06-11,1029
2356,英業達,31,11,20,合庫-鳳山,2024-06-11,1029
8088,品安,20,0,20,合庫-鳳山,2024-06-11,1029
2834,臺企銀,19,0,19,合庫-鳳山,2024-06-11,1029
1303,南亞,18,0,18,合庫-鳳山,2024-06-11,1029
3041,揚智,20,2,18,合庫-鳳山,2024-06-11,1029
2641,正德,18,1,17,合庫-鳳山,2024-06-11,1029
2801,彰銀,17,0,17,合庫-鳳山,2024-06-11,1029
2312,金寶,22,6,16,合庫-鳳山,2024-06-11,1029
5439,高技,16,0,16,合庫-鳳山,2024-06-11,1029
2421,建準,16,1,15,合庫-鳳山,2024-06-11,1029
00936,台新永續高息中小,24,9,15,合庫-鳳山,2024-06-11,1029
00942B,台新美A公司債20+,15,0,15,合庫-鳳山,2024-06-11,1029
2515,中工,71,56,15,合庫-鳳山,2024-06-11,1029
00929,復華台灣科技優息,164,32,132,合庫-鳳山,2024-06-12,1029
00632R,元大台灣50反1,132,0,132,合庫-鳳山,2024-06-12,1029
1447,力鵬,102,7,95,合庫-鳳山,2024-06-12,1029
2897,王道銀行,90,0,90,合庫-鳳山,2024-06-12,1029
00936,台新永續高息中小,104,16,88,合庫-鳳山,2024-06-12,1029
00687B,國泰20年美債,88,4,84,合庫-鳳山,2024-06-12,1029
00680L,元大美債20正2,80,10,70,合庫-鳳山,2024-06-12,1029
00918,大華優利高填息30,55,0,55,合庫-鳳山,2024-06-12,1029
2888,新光金,128,76,52,合庫-鳳山,2024-06-12,1029
00948B,中信優息投資級債,45,2,43,合庫-鳳山,2024-06-12,1029
2610,華航,51,8,43,合庫-鳳山,2024-06-12,1029
00937B,群益ESG投等債20,51,10,41,合庫-鳳山,2024-06-12,1029
3231,緯創,230,189,41,合庫-鳳山,2024-06-12,1029
2606,裕民,40,0,40,合庫-鳳山,2024-06-12,1029
6128,上福,40,0,40,合庫-鳳山,2024-06-12,1029
6005,群益證,35,0,35,合庫-鳳山,2024-06-12,1029
2356,英業達,39,5,34,合庫-鳳山,2024-06-12,1029
00919,群益台灣精選高息,43,13,30,合庫-鳳山,2024-06-12,1029
4908,前鼎,35,5,30,合庫-鳳山,2024-06-12,1029
2002,中鋼,30,0,30,合庫-鳳山,2024-06-12,1029
00947,台新臺灣IC設計,33,5,28,合庫-鳳山,2024-06-12,1029
2537,聯上發,42,15,27,合庫-鳳山,2024-06-12,1029
1503,士電,49,23,26,合庫-鳳山,2024-06-12,1029
00712,復華富時不動產,25,0,25,合庫-鳳山,2024-06-12,1029
1316,上曜,27,2,25,合庫-鳳山,2024-06-12,1029
6239,力成,24,1,23,合庫-鳳山,2024-06-12,1029
2850,新產,21,0,21,合庫-鳳山,2024-06-12,1029
5608,四維航,26,5,21,合庫-鳳山,2024-06-12,1029
00941,中信上游半導體,20,0,20,合庫-鳳山,2024-06-12,1029
3548,兆利,20,0,20,合庫-鳳山,2024-06-12,1029
1618,合機,36,17,19,合庫-鳳山,2024-06-12,1029
4174,浩鼎,20,1,19,合庫-鳳山,2024-06-12,1029
3481,群創,29,13,16,合庫-鳳山,2024-06-12,1029
00940,元大台灣價值高息,41,25,16,合庫-鳳山,2024-06-12,1029
2324,仁寶,16,1,15,合庫-鳳山,2024-06-12,1029
5392,能率,21,6,15,合庫-鳳山,2024-06-12,1029
5465,富驊,15,0,15,合庫-鳳山,2024-06-12,1029
6164,華興,18,3,15,合庫-鳳山,2024-06-12,1029
00637L,元大滬深300正2,101,87,14,合庫-鳳山,2024-06-12,1029
2323,中環,14,0,14,合庫-鳳山,2024-06-12,1029
6116,彩晶,29,15,14,合庫-鳳山,2024-06-12,1029
5880,合庫金,14,1,13,合庫-鳳山,2024-06-12,1029
2892,第一金,13,0,13,合庫-鳳山,2024-06-12,1029
1714,和桐,14,2,12,合庫-鳳山,2024-06-12,1029
4161,聿新科,12,0,12,合庫-鳳山,2024-06-12,1029
4707,磐亞,12,0,12,合庫-鳳山,2024-06-12,1029
6552,易華電,12,0,12,合庫-鳳山,2024-06-12,1029
1101,台泥,11,0,11,合庫-鳳山,2024-06-12,1029
1325,恆大,22,11,11,合庫-鳳山,2024-06-12,1029
2486,一詮,28,17,11,合庫-鳳山,2024-06-12,1029
00665L,富邦�琤肭磪囓�2,500,0,500,合庫-鳳山,2024-06-13,1029
6952,大武山,470,0,470,合庫-鳳山,2024-06-13,1029
00687B,國泰20年美債,168,6,162,合庫-鳳山,2024-06-13,1029
1314,中石化,145,1,144,合庫-鳳山,2024-06-13,1029
1815,富喬,110,28,82,合庫-鳳山,2024-06-13,1029
00947,台新臺灣IC設計,90,11,79,合庫-鳳山,2024-06-13,1029
2888,新光金,85,30,55,合庫-鳳山,2024-06-13,1029
1609,大亞,70,18,52,合庫-鳳山,2024-06-13,1029
00637L,元大滬深300正2,156,107,49,合庫-鳳山,2024-06-13,1029
2489,瑞軒,50,5,45,合庫-鳳山,2024-06-13,1029
00696B,富邦美債20年,40,0,40,合庫-鳳山,2024-06-13,1029
2897,王道銀行,30,0,30,合庫-鳳山,2024-06-13,1029
00937B,群益ESG投等債20,30,3,27,合庫-鳳山,2024-06-13,1029
2618,長榮航,26,1,25,合庫-鳳山,2024-06-13,1029
2365,昆盈,48,25,23,合庫-鳳山,2024-06-13,1029
6207,雷科,27,6,21,合庫-鳳山,2024-06-13,1029
00680L,元大美債20正2,23,2,21,合庫-鳳山,2024-06-13,1029
2206,三陽工業,21,0,21,合庫-鳳山,2024-06-13,1029
2359,所羅門,53,32,21,合庫-鳳山,2024-06-13,1029
2002,中鋼,21,1,20,合庫-鳳山,2024-06-13,1029
2516,新建,20,0,20,合庫-鳳山,2024-06-13,1029
8088,品安,20,0,20,合庫-鳳山,2024-06-13,1029
1570,力肯,20,1,19,合庫-鳳山,2024-06-13,1029
5398,慕康生醫,20,1,19,合庫-鳳山,2024-06-13,1029
6645,金萬林-創,19,0,19,合庫-鳳山,2024-06-13,1029
2427,三商電,21,3,18,合庫-鳳山,2024-06-13,1029
2881,富邦金,17,0,17,合庫-鳳山,2024-06-13,1029
2313,華通,17,1,16,合庫-鳳山,2024-06-13,1029
2867,三商壽,25,10,15,合庫-鳳山,2024-06-13,1029
2105,正新,15,0,15,合庫-鳳山,2024-06-13,1029
2609,陽明,69,54,15,合庫-鳳山,2024-06-13,1029
6188,廣明,15,1,14,合庫-鳳山,2024-06-13,1029
00944,野村趨勢動能高息,15,2,13,合庫-鳳山,2024-06-13,1029
6552,易華電,33,20,13,合庫-鳳山,2024-06-13,1029
6239,力成,13,0,13,合庫-鳳山,2024-06-13,1029
2312,金寶,15,3,12,合庫-鳳山,2024-06-13,1029
2338,光罩,12,0,12,合庫-鳳山,2024-06-13,1029
4952,凌通,13,1,12,合庫-鳳山,2024-06-13,1029
00948B,中信優息投資級債,12,1,11,合庫-鳳山,2024-06-13,1029
2882,國泰金,31,20,11,合庫-鳳山,2024-06-13,1029
3290,東浦,11,0,11,合庫-鳳山,2024-06-13,1029
3481,群創,15,4,11,合庫-鳳山,2024-06-13,1029
2603,長榮,43,32,11,合庫-鳳山,2024-06-13,1029
2615,萬海,24,14,10,合庫-鳳山,2024-06-13,1029
1305,華夏,10,0,10,合庫-鳳山,2024-06-13,1029
2014,中鴻,10,0,10,合庫-鳳山,2024-06-13,1029
2349,錸德,10,0,10,合庫-鳳山,2024-06-13,1029
2464,盟立,14,4,10,合庫-鳳山,2024-06-13,1029
2511,太子,10,0,10,合庫-鳳山,2024-06-13,1029
3324,雙鴻,12,2,10,合庫-鳳山,2024-06-13,1029
00706L,期元大S＆P日圓正2,311,0,311,合庫-鳳山,2024-06-14,1029
00687B,國泰20年美債,314,39,275,合庫-鳳山,2024-06-14,1029
00929,復華台灣科技優息,388,183,205,合庫-鳳山,2024-06-14,1029
00637L,元大滬深300正2,234,79,155,合庫-鳳山,2024-06-14,1029
2897,王道銀行,130,0,130,合庫-鳳山,2024-06-14,1029
5880,合庫金,101,2,99,合庫-鳳山,2024-06-14,1029
00795B,中信美國公債20年,100,3,97,合庫-鳳山,2024-06-14,1029
2025,千興,91,1,90,合庫-鳳山,2024-06-14,1029
6770,力積電,77,9,68,合庫-鳳山,2024-06-14,1029
2301,光寶科,67,1,66,合庫-鳳山,2024-06-14,1029
6207,雷科,63,0,63,合庫-鳳山,2024-06-14,1029
2887,台新金,60,5,55,合庫-鳳山,2024-06-14,1029
2371,大同,116,62,54,合庫-鳳山,2024-06-14,1029
2891,中信金,50,0,50,合庫-鳳山,2024-06-14,1029
3047,訊舟,53,8,45,合庫-鳳山,2024-06-14,1029
00919,群益台灣精選高息,58,13,45,合庫-鳳山,2024-06-14,1029
00948B,中信優息投資級債,65,21,44,合庫-鳳山,2024-06-14,1029
00885,富邦越南,40,0,40,合庫-鳳山,2024-06-14,1029
00680L,元大美債20正2,40,4,36,合庫-鳳山,2024-06-14,1029
6952,大武山,35,1,34,合庫-鳳山,2024-06-14,1029
00713,元大台灣高息低波,33,0,33,合庫-鳳山,2024-06-14,1029
2009,第一銅,30,2,28,合庫-鳳山,2024-06-14,1029
3048,益登,46,18,28,合庫-鳳山,2024-06-14,1029
3576,聯合再生,31,5,26,合庫-鳳山,2024-06-14,1029
2028,威致,20,0,20,合庫-鳳山,2024-06-14,1029
1718,中纖,19,0,19,合庫-鳳山,2024-06-14,1029
2392,正崴,41,22,19,合庫-鳳山,2024-06-14,1029
1815,富喬,32,14,18,合庫-鳳山,2024-06-14,1029
00632R,元大台灣50反1,16,0,16,合庫-鳳山,2024-06-14,1029
5351,鈺創,16,0,16,合庫-鳳山,2024-06-14,1029
6645,金萬林-創,16,0,16,合庫-鳳山,2024-06-14,1029
2363,矽統,46,31,15,合庫-鳳山,2024-06-14,1029
912000,晨訊科-DR,15,0,15,合庫-鳳山,2024-06-14,1029
00918,大華優利高填息30,15,0,15,合庫-鳳山,2024-06-14,1029
4588,玖鼎電力,14,0,14,合庫-鳳山,2024-06-14,1029
5490,同亨,14,0,14,合庫-鳳山,2024-06-14,1029
4908,前鼎,21,7,14,合庫-鳳山,2024-06-14,1029
00947,台新臺灣IC設計,13,0,13,合庫-鳳山,2024-06-14,1029
6116,彩晶,13,0,13,合庫-鳳山,2024-06-14,1029
2356,英業達,16,4,12,合庫-鳳山,2024-06-14,1029
6161,捷波,26,14,12,合庫-鳳山,2024-06-14,1029
2609,陽明,89,78,11,合庫-鳳山,2024-06-14,1029
2332,友訊,11,0,11,合庫-鳳山,2024-06-14,1029
3712,永崴投控,11,0,11,合庫-鳳山,2024-06-14,1029
8103,瀚荃,11,0,11,合庫-鳳山,2024-06-14,1029
4174,浩鼎,10,0,10,合庫-鳳山,2024-06-14,1029
6216,居易,10,0,10,合庫-鳳山,2024-06-14,1029
6228,全譜,10,0,10,合庫-鳳山,2024-06-14,1029
2482,連宇,9,0,9,合庫-鳳山,2024-06-14,1029
3036,文曄,9,0,9,合庫-鳳山,2024-06-14,1029
00687B,國泰20年美債,459,39,420,合庫-鳳山,2024-06-17,1029
00946,群益科技高息成長,113,0,113,合庫-鳳山,2024-06-17,1029
00947,台新臺灣IC設計,113,0,113,合庫-鳳山,2024-06-17,1029
6770,力積電,128,15,113,合庫-鳳山,2024-06-17,1029
00706L,期元大S＆P日圓正2,100,0,100,合庫-鳳山,2024-06-17,1029
00929,復華台灣科技優息,182,124,58,合庫-鳳山,2024-06-17,1029
2615,萬海,81,24,57,合庫-鳳山,2024-06-17,1029
2462,良得電,47,0,47,合庫-鳳山,2024-06-17,1029
2888,新光金,47,0,47,合庫-鳳山,2024-06-17,1029
2897,王道銀行,40,0,40,合庫-鳳山,2024-06-17,1029
2542,興富發,48,8,40,合庫-鳳山,2024-06-17,1029
00712,復華富時不動產,43,4,39,合庫-鳳山,2024-06-17,1029
00918,大華優利高填息30,71,35,36,合庫-鳳山,2024-06-17,1029
2371,大同,94,61,33,合庫-鳳山,2024-06-17,1029
1618,合機,39,7,32,合庫-鳳山,2024-06-17,1029
00632R,元大台灣50反1,30,0,30,合庫-鳳山,2024-06-17,1029
2601,益航,30,0,30,合庫-鳳山,2024-06-17,1029
9945,潤泰新,30,1,29,合庫-鳳山,2024-06-17,1029
1609,大亞,51,23,28,合庫-鳳山,2024-06-17,1029
00921,兆豐龍頭等權重,27,0,27,合庫-鳳山,2024-06-17,1029
911868,同方友友-DR,25,0,25,合庫-鳳山,2024-06-17,1029
00885,富邦越南,22,0,22,合庫-鳳山,2024-06-17,1029
2363,矽統,33,11,22,合庫-鳳山,2024-06-17,1029
2353,宏��,26,4,22,合庫-鳳山,2024-06-17,1029
00830,國泰費城半導體,20,0,20,合庫-鳳山,2024-06-17,1029
00635U,期元大S＆P黃金,20,0,20,合庫-鳳山,2024-06-17,1029
2010,春源,20,0,20,合庫-鳳山,2024-06-17,1029
6161,捷波,20,0,20,合庫-鳳山,2024-06-17,1029
8107,大億金茂,20,0,20,合庫-鳳山,2024-06-17,1029
1503,士電,30,10,20,合庫-鳳山,2024-06-17,1029
1513,中興電,40,21,19,合庫-鳳山,2024-06-17,1029
00948B,中信優息投資級債,24,6,18,合庫-鳳山,2024-06-17,1029
6952,大武山,21,3,18,合庫-鳳山,2024-06-17,1029
2834,臺企銀,21,4,17,合庫-鳳山,2024-06-17,1029
00919,群益台灣精選高息,27,10,17,合庫-鳳山,2024-06-17,1029
1616,億泰,27,11,16,合庫-鳳山,2024-06-17,1029
1785,光洋科,81,66,15,合庫-鳳山,2024-06-17,1029
5864,致和證,15,0,15,合庫-鳳山,2024-06-17,1029
2610,華航,17,3,14,合庫-鳳山,2024-06-17,1029
2609,陽明,113,100,13,合庫-鳳山,2024-06-17,1029
6585,鼎基,19,6,13,合庫-鳳山,2024-06-17,1029
9904,寶成,14,1,13,合庫-鳳山,2024-06-17,1029
2330,台積電,31,18,13,合庫-鳳山,2024-06-17,1029
2354,鴻準,15,3,12,合庫-鳳山,2024-06-17,1029
2515,中工,15,3,12,合庫-鳳山,2024-06-17,1029
3707,漢磊,12,1,11,合庫-鳳山,2024-06-17,1029
4532,瑞智,12,1,11,合庫-鳳山,2024-06-17,1029
3231,緯創,13,3,10,合庫-鳳山,2024-06-17,1029
2313,華通,11,1,10,合庫-鳳山,2024-06-17,1029
2723,美食-KY,10,0,10,合庫-鳳山,2024-06-17,1029
00665L,富邦�琤肭磪囓�2,1565,0,1565,合庫-鳳山,2024-06-18,1029
00929,復華台灣科技優息,286,112,174,合庫-鳳山,2024-06-18,1029
2344,華邦電,186,48,138,合庫-鳳山,2024-06-18,1029
00919,群益台灣精選高息,154,58,96,合庫-鳳山,2024-06-18,1029
00936,台新永續高息中小,93,1,92,合庫-鳳山,2024-06-18,1029
00937B,群益ESG投等債20,87,10,77,合庫-鳳山,2024-06-18,1029
6952,大武山,68,0,68,合庫-鳳山,2024-06-18,1029
00679B,元大美債20年,88,22,66,合庫-鳳山,2024-06-18,1029
00680L,元大美債20正2,64,0,64,合庫-鳳山,2024-06-18,1029
2515,中工,47,0,47,合庫-鳳山,2024-06-18,1029
912000,晨訊科-DR,45,0,45,合庫-鳳山,2024-06-18,1029
00940,元大台灣價值高息,126,86,40,合庫-鳳山,2024-06-18,1029
2371,大同,101,63,38,合庫-鳳山,2024-06-18,1029
00923,群益台ESG低碳50,35,0,35,合庫-鳳山,2024-06-18,1029
00687B,國泰20年美債,37,7,30,合庫-鳳山,2024-06-18,1029
1307,三芳,30,0,30,合庫-鳳山,2024-06-18,1029
5371,中光電,30,0,30,合庫-鳳山,2024-06-18,1029
2009,第一銅,30,1,29,合庫-鳳山,2024-06-18,1029
2317,鴻海,36,9,27,合庫-鳳山,2024-06-18,1029
8096,擎亞,88,62,26,合庫-鳳山,2024-06-18,1029
2489,瑞軒,24,0,24,合庫-鳳山,2024-06-18,1029
2486,一詮,24,3,21,合庫-鳳山,2024-06-18,1029
00939,統一台灣高息動能,24,3,21,合庫-鳳山,2024-06-18,1029
2887,台新金,21,0,21,合庫-鳳山,2024-06-18,1029
4977,眾達-KY,24,3,21,合庫-鳳山,2024-06-18,1029
00942B,台新美A公司債20+,20,0,20,合庫-鳳山,2024-06-18,1029
2897,王道銀行,20,0,20,合庫-鳳山,2024-06-18,1029
3105,穩懋,21,1,20,合庫-鳳山,2024-06-18,1029
6770,力積電,40,20,20,合庫-鳳山,2024-06-18,1029
00948B,中信優息投資級債,24,5,19,合庫-鳳山,2024-06-18,1029
3041,揚智,20,1,19,合庫-鳳山,2024-06-18,1029
5469,瀚宇博,25,6,19,合庫-鳳山,2024-06-18,1029
1504,東元,38,20,18,合庫-鳳山,2024-06-18,1029
1591,駿吉-KY,20,2,18,合庫-鳳山,2024-06-18,1029
1802,台玻,21,3,18,合庫-鳳山,2024-06-18,1029
9105,泰金寶-DR,31,14,17,合庫-鳳山,2024-06-18,1029
1815,富喬,23,8,15,合庫-鳳山,2024-06-18,1029
2605,新興,15,0,15,合庫-鳳山,2024-06-18,1029
00878,國泰永續高股息,21,6,15,合庫-鳳山,2024-06-18,1029
00632R,元大台灣50反1,20,6,14,合庫-鳳山,2024-06-18,1029
6021,美好證,14,0,14,合庫-鳳山,2024-06-18,1029
6207,雷科,16,2,14,合庫-鳳山,2024-06-18,1029
4414,如興,13,0,13,合庫-鳳山,2024-06-18,1029
2913,農林,12,0,12,合庫-鳳山,2024-06-18,1029
3481,群創,106,94,12,合庫-鳳山,2024-06-18,1029
2332,友訊,11,0,11,合庫-鳳山,2024-06-18,1029
5531,鄉林,11,0,11,合庫-鳳山,2024-06-18,1029
6189,豐藝,12,1,11,合庫-鳳山,2024-06-18,1029
00715L,期街口布蘭特正2,12,2,10,合庫-鳳山,2024-06-18,1029
1611,中電,10,0,10,合庫-鳳山,2024-06-18,1029
00940,元大台灣價值高息,176,18,158,合庫-鳳山,2024-06-19,1029
00937B,群益ESG投等債20,122,8,114,合庫-鳳山,2024-06-19,1029
1609,大亞,120,9,111,合庫-鳳山,2024-06-19,1029
00795B,中信美國公債20年,108,0,108,合庫-鳳山,2024-06-19,1029
00680L,元大美債20正2,119,32,87,合庫-鳳山,2024-06-19,1029
8011,台通,80,4,76,合庫-鳳山,2024-06-19,1029
911868,同方友友-DR,82,10,72,合庫-鳳山,2024-06-19,1029
2344,華邦電,105,37,68,合庫-鳳山,2024-06-19,1029
00632R,元大台灣50反1,96,32,64,合庫-鳳山,2024-06-19,1029
5512,力麒,62,0,62,合庫-鳳山,2024-06-19,1029
00936,台新永續高息中小,87,30,57,合庫-鳳山,2024-06-19,1029
00687B,國泰20年美債,79,25,54,合庫-鳳山,2024-06-19,1029
00706L,期元大S＆P日圓正2,50,0,50,合庫-鳳山,2024-06-19,1029
2365,昆盈,126,77,49,合庫-鳳山,2024-06-19,1029
00946,群益科技高息成長,44,0,44,合庫-鳳山,2024-06-19,1029
00679B,元大美債20年,42,6,36,合庫-鳳山,2024-06-19,1029
00931B,統一美債20年,31,0,31,合庫-鳳山,2024-06-19,1029
2405,輔信,31,0,31,合庫-鳳山,2024-06-19,1029
00830,國泰費城半導體,30,0,30,合庫-鳳山,2024-06-19,1029
00881,國泰台灣5G+,37,7,30,合庫-鳳山,2024-06-19,1029
1710,東聯,30,0,30,合庫-鳳山,2024-06-19,1029
00713,元大台灣高息低波,29,0,29,合庫-鳳山,2024-06-19,1029
5243,乙盛-KY,39,10,29,合庫-鳳山,2024-06-19,1029
1608,華榮,31,4,27,合庫-鳳山,2024-06-19,1029
6021,美好證,27,0,27,合庫-鳳山,2024-06-19,1029
00753L,中信中國50正2,25,0,25,合庫-鳳山,2024-06-19,1029
6190,萬泰科,26,1,25,合庫-鳳山,2024-06-19,1029
6952,大武山,25,0,25,合庫-鳳山,2024-06-19,1029
00757,統一FANG+,24,0,24,合庫-鳳山,2024-06-19,1029
2324,仁寶,26,2,24,合庫-鳳山,2024-06-19,1029
2367,燿華,28,5,23,合庫-鳳山,2024-06-19,1029
9105,泰金寶-DR,25,2,23,合庫-鳳山,2024-06-19,1029
00885,富邦越南,22,0,22,合庫-鳳山,2024-06-19,1029
1605,華新,23,1,22,合庫-鳳山,2024-06-19,1029
3483,力致,23,2,21,合庫-鳳山,2024-06-19,1029
2371,大同,64,44,20,合庫-鳳山,2024-06-19,1029
2427,三商電,20,0,20,合庫-鳳山,2024-06-19,1029
2607,榮運,20,0,20,合庫-鳳山,2024-06-19,1029
00915,凱基優選高股息30,21,2,19,合庫-鳳山,2024-06-19,1029
00947,台新臺灣IC設計,20,1,19,合庫-鳳山,2024-06-19,1029
3707,漢磊,19,0,19,合庫-鳳山,2024-06-19,1029
5340,建榮,19,0,19,合庫-鳳山,2024-06-19,1029
6770,力積電,20,1,19,合庫-鳳山,2024-06-19,1029
2359,所羅門,28,11,17,合庫-鳳山,2024-06-19,1029
00948B,中信優息投資級債,17,0,17,合庫-鳳山,2024-06-19,1029
3105,穩懋,18,1,17,合庫-鳳山,2024-06-19,1029
3673,TPK-KY,21,4,17,合庫-鳳山,2024-06-19,1029
4714,永捷,17,0,17,合庫-鳳山,2024-06-19,1029
2317,鴻海,73,56,17,合庫-鳳山,2024-06-19,1029
00662,富邦NASDAQ,15,0,15,合庫-鳳山,2024-06-19,1029
00665L,富邦�琤肭磪囓�2,1219,319,900,合庫-鳳山,2024-06-20,1029
8277,商丞,249,0,249,合庫-鳳山,2024-06-20,1029
00937B,群益ESG投等債20,174,4,170,合庫-鳳山,2024-06-20,1029
2353,宏��,171,28,143,合庫-鳳山,2024-06-20,1029
00919,群益台灣精選高息,177,55,122,合庫-鳳山,2024-06-20,1029
00687B,國泰20年美債,153,39,114,合庫-鳳山,2024-06-20,1029
00940,元大台灣價值高息,152,41,111,合庫-鳳山,2024-06-20,1029
00637L,元大滬深300正2,111,11,100,合庫-鳳山,2024-06-20,1029
1309,台達化,75,0,75,合庫-鳳山,2024-06-20,1029
00680L,元大美債20正2,60,6,54,合庫-鳳山,2024-06-20,1029
00948B,中信優息投資級債,52,0,52,合庫-鳳山,2024-06-20,1029
00936,台新永續高息中小,54,6,48,合庫-鳳山,2024-06-20,1029
6016,康和證,46,0,46,合庫-鳳山,2024-06-20,1029
00931B,統一美債20年,43,1,42,合庫-鳳山,2024-06-20,1029
5864,致和證,40,0,40,合庫-鳳山,2024-06-20,1029
00946,群益科技高息成長,38,0,38,合庫-鳳山,2024-06-20,1029
00939,統一台灣高息動能,47,10,37,合庫-鳳山,2024-06-20,1029
2329,華泰,37,0,37,合庫-鳳山,2024-06-20,1029
00795B,中信美國公債20年,33,0,33,合庫-鳳山,2024-06-20,1029
00929,復華台灣科技優息,64,32,32,合庫-鳳山,2024-06-20,1029
2867,三商壽,30,1,29,合庫-鳳山,2024-06-20,1029
4526,東台,33,5,28,合庫-鳳山,2024-06-20,1029
6015,宏遠證,28,0,28,合庫-鳳山,2024-06-20,1029
00915,凱基優選高股息30,28,1,27,合庫-鳳山,2024-06-20,1029
8096,擎亞,36,12,24,合庫-鳳山,2024-06-20,1029
00679B,元大美債20年,22,0,22,合庫-鳳山,2024-06-20,1029
5340,建榮,21,0,21,合庫-鳳山,2024-06-20,1029
1609,大亞,149,129,20,合庫-鳳山,2024-06-20,1029
5347,世界,20,3,17,合庫-鳳山,2024-06-20,1029
911868,同方友友-DR,18,2,16,合庫-鳳山,2024-06-20,1029
912000,晨訊科-DR,35,20,15,合庫-鳳山,2024-06-20,1029
2330,台積電,37,22,15,合庫-鳳山,2024-06-20,1029
00632R,元大台灣50反1,24,10,14,合庫-鳳山,2024-06-20,1029
6005,群益證,14,0,14,合庫-鳳山,2024-06-20,1029
8105,凌巨,16,2,14,合庫-鳳山,2024-06-20,1029
2610,華航,17,4,13,合庫-鳳山,2024-06-20,1029
4909,新復興,16,3,13,合庫-鳳山,2024-06-20,1029
3090,日電貿,12,0,12,合庫-鳳山,2024-06-20,1029
8107,大億金茂,23,11,12,合庫-鳳山,2024-06-20,1029
1303,南亞,10,0,10,合庫-鳳山,2024-06-20,1029
00696B,富邦美債20年,20,10,10,合庫-鳳山,2024-06-20,1029
1529,樂事綠能,10,0,10,合庫-鳳山,2024-06-20,1029
1710,東聯,10,0,10,合庫-鳳山,2024-06-20,1029
2029,盛餘,10,0,10,合庫-鳳山,2024-06-20,1029
3041,揚智,10,0,10,合庫-鳳山,2024-06-20,1029
3708,上緯投控,10,0,10,合庫-鳳山,2024-06-20,1029
6117,迎廣,11,1,10,合庫-鳳山,2024-06-20,1029
6143,振曜,10,0,10,合庫-鳳山,2024-06-20,1029
6591,動力-KY,10,0,10,合庫-鳳山,2024-06-20,1029
6712,長聖,10,0,10,合庫-鳳山,2024-06-20,1029
00665L,富邦�琤肭磪囓�2,1555,213,1342,合庫-鳳山,2024-06-21,1029
00937B,群益ESG投等債20,229,8,221,合庫-鳳山,2024-06-21,1029
00637L,元大滬深300正2,227,15,212,合庫-鳳山,2024-06-21,1029
00919,群益台灣精選高息,161,54,107,合庫-鳳山,2024-06-21,1029
00706L,期元大S＆P日圓正2,100,0,100,合庫-鳳山,2024-06-21,1029
3576,聯合再生,105,5,100,合庫-鳳山,2024-06-21,1029
9105,泰金寶-DR,124,52,72,合庫-鳳山,2024-06-21,1029
5880,合庫金,70,4,66,合庫-鳳山,2024-06-21,1029
00946,群益科技高息成長,66,2,64,合庫-鳳山,2024-06-21,1029
4563,百德,60,0,60,合庫-鳳山,2024-06-21,1029
2891,中信金,55,0,55,合庫-鳳山,2024-06-21,1029
2363,矽統,78,26,52,合庫-鳳山,2024-06-21,1029
00680L,元大美債20正2,52,0,52,合庫-鳳山,2024-06-21,1029
2337,旺宏,50,0,50,合庫-鳳山,2024-06-21,1029
2303,聯電,57,11,46,合庫-鳳山,2024-06-21,1029
2330,台積電,68,23,45,合庫-鳳山,2024-06-21,1029
00948B,中信優息投資級債,44,0,44,合庫-鳳山,2024-06-21,1029
00931B,統一美債20年,44,0,44,合庫-鳳山,2024-06-21,1029
2206,三陽工業,41,0,41,合庫-鳳山,2024-06-21,1029
3379,彬台,41,0,41,合庫-鳳山,2024-06-21,1029
00944,野村趨勢動能高息,36,0,36,合庫-鳳山,2024-06-21,1029
8277,商丞,64,28,36,合庫-鳳山,2024-06-21,1029
00933B,國泰10Y+金融債,35,0,35,合庫-鳳山,2024-06-21,1029
00942B,台新美A公司債20+,33,0,33,合庫-鳳山,2024-06-21,1029
2009,第一銅,30,0,30,合庫-鳳山,2024-06-21,1029
2886,兆豐金,30,0,30,合庫-鳳山,2024-06-21,1029
6116,彩晶,34,5,29,合庫-鳳山,2024-06-21,1029
00878,國泰永續高股息,28,1,27,合庫-鳳山,2024-06-21,1029
00947,台新臺灣IC設計,27,0,27,合庫-鳳山,2024-06-21,1029
2834,臺企銀,28,3,25,合庫-鳳山,2024-06-21,1029
00940,元大台灣價值高息,134,111,23,合庫-鳳山,2024-06-21,1029
00881,國泰台灣5G+,24,4,20,合庫-鳳山,2024-06-21,1029
4956,光鋐,25,5,20,合庫-鳳山,2024-06-21,1029
00936,台新永續高息中小,39,20,19,合庫-鳳山,2024-06-21,1029
6016,康和證,19,0,19,合庫-鳳山,2024-06-21,1029
1326,台化,17,0,17,合庫-鳳山,2024-06-21,1029
2354,鴻準,34,17,17,合庫-鳳山,2024-06-21,1029
4714,永捷,20,3,17,合庫-鳳山,2024-06-21,1029
6239,力成,17,0,17,合庫-鳳山,2024-06-21,1029
00882,中信中國高股息,18,3,15,合庫-鳳山,2024-06-21,1029
2101,南港,34,19,15,合庫-鳳山,2024-06-21,1029
2883,凱基金,16,1,15,合庫-鳳山,2024-06-21,1029
2615,萬海,64,49,15,合庫-鳳山,2024-06-21,1029
8096,擎亞,43,29,14,合庫-鳳山,2024-06-21,1029
2524,京城,13,0,13,合庫-鳳山,2024-06-21,1029
4157,太景*-KY,13,0,13,合庫-鳳山,2024-06-21,1029
2359,所羅門,16,4,12,合庫-鳳山,2024-06-21,1029
00633L,富邦上証正2,11,0,11,合庫-鳳山,2024-06-21,1029
1301,台塑,11,0,11,合庫-鳳山,2024-06-21,1029
2023,燁輝,13,2,11,合庫-鳳山,2024-06-21,1029
00665L,富邦�琤肭磪囓�2,1000,200,800,合庫-鳳山,2024-06-24,1029
9105,泰金寶-DR,298,33,265,合庫-鳳山,2024-06-24,1029
3481,群創,250,112,138,合庫-鳳山,2024-06-24,1029
00940,元大台灣價值高息,192,90,102,合庫-鳳山,2024-06-24,1029
2324,仁寶,102,2,100,合庫-鳳山,2024-06-24,1029
00929,復華台灣科技優息,201,112,89,合庫-鳳山,2024-06-24,1029
00795B,中信美國公債20年,100,20,80,合庫-鳳山,2024-06-24,1029
2888,新光金,68,5,63,合庫-鳳山,2024-06-24,1029
00679B,元大美債20年,65,3,62,合庫-鳳山,2024-06-24,1029
0056,元大高股息,64,3,61,合庫-鳳山,2024-06-24,1029
1785,光洋科,78,29,49,合庫-鳳山,2024-06-24,1029
6147,頎邦,51,3,48,合庫-鳳山,2024-06-24,1029
6153,嘉聯益,44,1,43,合庫-鳳山,2024-06-24,1029
1609,大亞,77,34,43,合庫-鳳山,2024-06-24,1029
2408,南亞科,44,3,41,合庫-鳳山,2024-06-24,1029
2615,萬海,58,23,35,合庫-鳳山,2024-06-24,1029
00936,台新永續高息中小,40,6,34,合庫-鳳山,2024-06-24,1029
2329,華泰,33,1,32,合庫-鳳山,2024-06-24,1029
2002,中鋼,31,0,31,合庫-鳳山,2024-06-24,1029
6509,聚和,31,2,29,合庫-鳳山,2024-06-24,1029
00878,國泰永續高股息,32,5,27,合庫-鳳山,2024-06-24,1029
00720B,元大投資級公司債,27,0,27,合庫-鳳山,2024-06-24,1029
00919,群益台灣精選高息,93,66,27,合庫-鳳山,2024-06-24,1029
00939,統一台灣高息動能,26,0,26,合庫-鳳山,2024-06-24,1029
00881,國泰台灣5G+,31,6,25,合庫-鳳山,2024-06-24,1029
00713,元大台灣高息低波,25,0,25,合庫-鳳山,2024-06-24,1029
4426,利勤,25,0,25,合庫-鳳山,2024-06-24,1029
6161,捷波,24,0,24,合庫-鳳山,2024-06-24,1029
5328,華容,49,27,22,合庫-鳳山,2024-06-24,1029
2317,鴻海,66,44,22,合庫-鳳山,2024-06-24,1029
2353,宏��,25,3,22,合庫-鳳山,2024-06-24,1029
3663,鑫科,38,17,21,合庫-鳳山,2024-06-24,1029
00946,群益科技高息成長,20,0,20,合庫-鳳山,2024-06-24,1029
2038,海光,22,2,20,合庫-鳳山,2024-06-24,1029
2406,國碩,20,0,20,合庫-鳳山,2024-06-24,1029
4563,百德,20,0,20,合庫-鳳山,2024-06-24,1029
3047,訊舟,31,12,19,合庫-鳳山,2024-06-24,1029
3041,揚智,20,2,18,合庫-鳳山,2024-06-24,1029
2330,台積電,68,50,18,合庫-鳳山,2024-06-24,1029
2382,廣達,24,8,16,合庫-鳳山,2024-06-24,1029
2352,佳世達,16,0,16,合庫-鳳山,2024-06-24,1029
2392,正崴,16,0,16,合庫-鳳山,2024-06-24,1029
0053,元大電子,15,0,15,合庫-鳳山,2024-06-24,1029
2610,華航,20,5,15,合庫-鳳山,2024-06-24,1029
8076,伍豐,17,2,15,合庫-鳳山,2024-06-24,1029
2347,聯強,14,1,13,合庫-鳳山,2024-06-24,1029
2409,友達,32,19,13,合庫-鳳山,2024-06-24,1029
912000,晨訊科-DR,14,1,13,合庫-鳳山,2024-06-24,1029
6156,松上,13,0,13,合庫-鳳山,2024-06-24,1029
1301,台塑,23,10,13,合庫-鳳山,2024-06-24,1029
00632R,元大台灣50反1,229,12,217,合庫-鳳山,2024-06-25,1029
00706L,期元大S＆P日圓正2,150,0,150,合庫-鳳山,2024-06-25,1029
00646,元大S＆P500,72,0,72,合庫-鳳山,2024-06-25,1029
00919,群益台灣精選高息,80,22,58,合庫-鳳山,2024-06-25,1029
2317,鴻海,72,17,55,合庫-鳳山,2024-06-25,1029
00929,復華台灣科技優息,84,34,50,合庫-鳳山,2024-06-25,1029
8096,擎亞,50,1,49,合庫-鳳山,2024-06-25,1029
3481,群創,158,111,47,合庫-鳳山,2024-06-25,1029
00712,復華富時不動產,55,15,40,合庫-鳳山,2024-06-25,1029
2489,瑞軒,41,1,40,合庫-鳳山,2024-06-25,1029
2002,中鋼,42,2,40,合庫-鳳山,2024-06-25,1029
8935,邦泰,34,0,34,合庫-鳳山,2024-06-25,1029
9105,泰金寶-DR,38,5,33,合庫-鳳山,2024-06-25,1029
00933B,國泰10Y+金融債,37,6,31,合庫-鳳山,2024-06-25,1029
2303,聯電,35,6,29,合庫-鳳山,2024-06-25,1029
00946,群益科技高息成長,28,0,28,合庫-鳳山,2024-06-25,1029
1815,富喬,41,13,28,合庫-鳳山,2024-06-25,1029
6116,彩晶,33,6,27,合庫-鳳山,2024-06-25,1029
00687B,國泰20年美債,38,12,26,合庫-鳳山,2024-06-25,1029
00936,台新永續高息中小,34,8,26,合庫-鳳山,2024-06-25,1029
2406,國碩,34,8,26,合庫-鳳山,2024-06-25,1029
5328,華容,25,0,25,合庫-鳳山,2024-06-25,1029
2330,台積電,25,2,23,合庫-鳳山,2024-06-25,1029
2890,永豐金,22,1,21,合庫-鳳山,2024-06-25,1029
6173,信昌電,21,0,21,合庫-鳳山,2024-06-25,1029
2897,王道銀行,20,0,20,合庫-鳳山,2024-06-25,1029
8110,華東,25,5,20,合庫-鳳山,2024-06-25,1029
1101,台泥,18,0,18,合庫-鳳山,2024-06-25,1029
1301,台塑,19,3,16,合庫-鳳山,2024-06-25,1029
2527,宏璟,16,0,16,合庫-鳳山,2024-06-25,1029
8064,東捷,16,0,16,合庫-鳳山,2024-06-25,1029
5347,世界,17,2,15,合庫-鳳山,2024-06-25,1029
2834,臺企銀,17,2,15,合庫-鳳山,2024-06-25,1029
3037,欣興,17,3,14,合庫-鳳山,2024-06-25,1029
8046,南電,14,0,14,合庫-鳳山,2024-06-25,1029
2883,凱基金,15,1,14,合庫-鳳山,2024-06-25,1029
4532,瑞智,25,11,14,合庫-鳳山,2024-06-25,1029
6161,捷波,14,0,14,合庫-鳳山,2024-06-25,1029
2427,三商電,13,0,13,合庫-鳳山,2024-06-25,1029
3055,蔚華科,19,6,13,合庫-鳳山,2024-06-25,1029
3163,波若威,14,1,13,合庫-鳳山,2024-06-25,1029
5493,三聯,13,0,13,合庫-鳳山,2024-06-25,1029
2374,佳能,24,12,12,合庫-鳳山,2024-06-25,1029
5452,佶優,21,9,12,合庫-鳳山,2024-06-25,1029
1611,中電,33,22,11,合庫-鳳山,2024-06-25,1029
3231,緯創,33,23,10,合庫-鳳山,2024-06-25,1029
00676R,富邦臺灣加權反1,10,0,10,合庫-鳳山,2024-06-25,1029
1714,和桐,10,0,10,合庫-鳳山,2024-06-25,1029
2236,百達-KY,10,0,10,合庫-鳳山,2024-06-25,1029
3707,漢磊,10,0,10,合庫-鳳山,2024-06-25,1029
00637L,元大滬深300正2,134,20,114,合庫-鳳山,2024-06-26,1029
2891,中信金,85,2,83,合庫-鳳山,2024-06-26,1029
5880,合庫金,76,1,75,合庫-鳳山,2024-06-26,1029
00680L,元大美債20正2,64,0,64,合庫-鳳山,2024-06-26,1029
2537,聯上發,63,2,61,合庫-鳳山,2024-06-26,1029
9105,泰金寶-DR,66,8,58,合庫-鳳山,2024-06-26,1029
00632R,元大台灣50反1,65,12,53,合庫-鳳山,2024-06-26,1029
00936,台新永續高息中小,50,0,50,合庫-鳳山,2024-06-26,1029
00940,元大台灣價值高息,70,20,50,合庫-鳳山,2024-06-26,1029
00882,中信中國高股息,48,0,48,合庫-鳳山,2024-06-26,1029
6207,雷科,53,8,45,合庫-鳳山,2024-06-26,1029
00919,群益台灣精選高息,40,1,39,合庫-鳳山,2024-06-26,1029
1785,光洋科,84,47,37,合庫-鳳山,2024-06-26,1029
6173,信昌電,37,3,34,合庫-鳳山,2024-06-26,1029
2002,中鋼,45,13,32,合庫-鳳山,2024-06-26,1029
1325,恆大,32,0,32,合庫-鳳山,2024-06-26,1029
2408,南亞科,32,0,32,合庫-鳳山,2024-06-26,1029
00878,國泰永續高股息,28,0,28,合庫-鳳山,2024-06-26,1029
00795B,中信美國公債20年,30,2,28,合庫-鳳山,2024-06-26,1029
00927,群益半導體收益,25,0,25,合庫-鳳山,2024-06-26,1029
2009,第一銅,22,0,22,合庫-鳳山,2024-06-26,1029
2354,鴻準,51,30,21,合庫-鳳山,2024-06-26,1029
3041,揚智,20,0,20,合庫-鳳山,2024-06-26,1029
3289,宜特,25,5,20,合庫-鳳山,2024-06-26,1029
8085,福華,21,2,19,合庫-鳳山,2024-06-26,1029
5351,鈺創,20,2,18,合庫-鳳山,2024-06-26,1029
2382,廣達,18,1,17,合庫-鳳山,2024-06-26,1029
00941,中信上游半導體,18,1,17,合庫-鳳山,2024-06-26,1029
2834,臺企銀,18,1,17,合庫-鳳山,2024-06-26,1029
8028,昇陽半導體,42,26,16,合庫-鳳山,2024-06-26,1029
2317,鴻海,43,28,15,合庫-鳳山,2024-06-26,1029
2330,台積電,39,24,15,合庫-鳳山,2024-06-26,1029
2371,大同,34,19,15,合庫-鳳山,2024-06-26,1029
2867,三商壽,16,1,15,合庫-鳳山,2024-06-26,1029
4123,晟德,30,15,15,合庫-鳳山,2024-06-26,1029
6156,松上,15,0,15,合庫-鳳山,2024-06-26,1029
2352,佳世達,13,0,13,合庫-鳳山,2024-06-26,1029
2618,長榮航,21,8,13,合庫-鳳山,2024-06-26,1029
3576,聯合再生,16,3,13,合庫-鳳山,2024-06-26,1029
00946,群益科技高息成長,13,0,13,合庫-鳳山,2024-06-26,1029
2547,日勝生,12,0,12,合庫-鳳山,2024-06-26,1029
3498,陽程,13,1,12,合庫-鳳山,2024-06-26,1029
8068,全達,12,0,12,合庫-鳳山,2024-06-26,1029
2609,陽明,25,14,11,合庫-鳳山,2024-06-26,1029
2498,宏達電,12,1,11,合庫-鳳山,2024-06-26,1029
2340,台亞,10,0,10,合庫-鳳山,2024-06-26,1029
2506,太設,10,0,10,合庫-鳳山,2024-06-26,1029
2511,太子,10,0,10,合庫-鳳山,2024-06-26,1029
4961,天鈺,11,1,10,合庫-鳳山,2024-06-26,1029
6117,迎廣,11,1,10,合庫-鳳山,2024-06-26,1029
00665L,富邦�琤肭磪囓�2,2106,25,2081,合庫-鳳山,2024-06-27,1029
00680L,元大美債20正2,183,0,183,合庫-鳳山,2024-06-27,1029
00929,復華台灣科技優息,184,1,183,合庫-鳳山,2024-06-27,1029
00937B,群益ESG投等債20,147,3,144,合庫-鳳山,2024-06-27,1029
00940,元大台灣價值高息,180,45,135,合庫-鳳山,2024-06-27,1029
8277,商丞,122,0,122,合庫-鳳山,2024-06-27,1029
5355,佳總,92,0,92,合庫-鳳山,2024-06-27,1029
00687B,國泰20年美債,88,5,83,合庫-鳳山,2024-06-27,1029
8064,東捷,118,49,69,合庫-鳳山,2024-06-27,1029
9105,泰金寶-DR,84,27,57,合庫-鳳山,2024-06-27,1029
1785,光洋科,61,10,51,合庫-鳳山,2024-06-27,1029
6026,福邦證,50,0,50,合庫-鳳山,2024-06-27,1029
3483,力致,52,2,50,合庫-鳳山,2024-06-27,1029
00882,中信中國高股息,40,0,40,合庫-鳳山,2024-06-27,1029
00679B,元大美債20年,37,0,37,合庫-鳳山,2024-06-27,1029
2101,南港,53,17,36,合庫-鳳山,2024-06-27,1029
00919,群益台灣精選高息,34,0,34,合庫-鳳山,2024-06-27,1029
00946,群益科技高息成長,33,0,33,合庫-鳳山,2024-06-27,1029
00706L,期元大S＆P日圓正2,60,30,30,合庫-鳳山,2024-06-27,1029
00936,台新永續高息中小,32,3,29,合庫-鳳山,2024-06-27,1029
5864,致和證,29,0,29,合庫-鳳山,2024-06-27,1029
2385,群光,28,0,28,合庫-鳳山,2024-06-27,1029
2353,宏��,34,7,27,合庫-鳳山,2024-06-27,1029
2002,中鋼,29,3,26,合庫-鳳山,2024-06-27,1029
1303,南亞,27,2,25,合庫-鳳山,2024-06-27,1029
2489,瑞軒,40,15,25,合庫-鳳山,2024-06-27,1029
4938,和碩,40,16,24,合庫-鳳山,2024-06-27,1029
00933B,國泰10Y+金融債,23,0,23,合庫-鳳山,2024-06-27,1029
3481,群創,34,12,22,合庫-鳳山,2024-06-27,1029
3708,上緯投控,22,0,22,合庫-鳳山,2024-06-27,1029
8076,伍豐,40,19,21,合庫-鳳山,2024-06-27,1029
00931B,統一美債20年,20,0,20,合庫-鳳山,2024-06-27,1029
2009,第一銅,20,0,20,合庫-鳳山,2024-06-27,1029
3090,日電貿,20,0,20,合庫-鳳山,2024-06-27,1029
6188,廣明,20,0,20,合庫-鳳山,2024-06-27,1029
6806,森崴能源,35,16,19,合庫-鳳山,2024-06-27,1029
2885,元大金,19,0,19,合庫-鳳山,2024-06-27,1029
00878,國泰永續高股息,20,2,18,合庫-鳳山,2024-06-27,1029
2834,臺企銀,17,0,17,合庫-鳳山,2024-06-27,1029
1326,台化,16,0,16,合庫-鳳山,2024-06-27,1029
4976,佳凌,20,4,16,合庫-鳳山,2024-06-27,1029
6928,攸泰科技,16,0,16,合庫-鳳山,2024-06-27,1029
2515,中工,16,0,16,合庫-鳳山,2024-06-27,1029
3231,緯創,21,7,14,合庫-鳳山,2024-06-27,1029
2889,國票金,14,0,14,合庫-鳳山,2024-06-27,1029
6546,正基,14,0,14,合庫-鳳山,2024-06-27,1029
8085,福華,21,7,14,合庫-鳳山,2024-06-27,1029
00795B,中信美國公債20年,13,0,13,合庫-鳳山,2024-06-27,1029
1611,中電,23,10,13,合庫-鳳山,2024-06-27,1029
3027,盛達,13,1,12,合庫-鳳山,2024-06-27,1029
00929,復華台灣科技優息,191,20,171,合庫-鳳山,2024-06-28,1029
00712,復華富時不動產,171,0,171,合庫-鳳山,2024-06-28,1029
8935,邦泰,121,0,121,合庫-鳳山,2024-06-28,1029
6244,茂迪,116,30,86,合庫-鳳山,2024-06-28,1029
2542,興富發,51,0,51,合庫-鳳山,2024-06-28,1029
00753L,中信中國50正2,50,0,50,合庫-鳳山,2024-06-28,1029
9105,泰金寶-DR,50,0,50,合庫-鳳山,2024-06-28,1029
3481,群創,49,18,31,合庫-鳳山,2024-06-28,1029
00687B,國泰20年美債,97,66,31,合庫-鳳山,2024-06-28,1029
00937B,群益ESG投等債20,39,10,29,合庫-鳳山,2024-06-28,1029
3047,訊舟,45,16,29,合庫-鳳山,2024-06-28,1029
1785,光洋科,32,6,26,合庫-鳳山,2024-06-28,1029
2337,旺宏,26,1,25,合庫-鳳山,2024-06-28,1029
9924,福興,30,5,25,合庫-鳳山,2024-06-28,1029
4909,新復興,27,3,24,合庫-鳳山,2024-06-28,1029
00936,台新永續高息中小,40,18,22,合庫-鳳山,2024-06-28,1029
6928,攸泰科技,23,1,22,合庫-鳳山,2024-06-28,1029
00933B,國泰10Y+金融債,31,10,21,合庫-鳳山,2024-06-28,1029
2002,中鋼,21,0,21,合庫-鳳山,2024-06-28,1029
2374,佳能,37,17,20,合庫-鳳山,2024-06-28,1029
5009,榮剛,20,0,20,合庫-鳳山,2024-06-28,1029
00942B,台新美A公司債20+,20,0,20,合庫-鳳山,2024-06-28,1029
3050,鈺德,22,2,20,合庫-鳳山,2024-06-28,1029
3265,台星科,20,0,20,合庫-鳳山,2024-06-28,1029
6161,捷波,20,0,20,合庫-鳳山,2024-06-28,1029
8064,東捷,109,90,19,合庫-鳳山,2024-06-28,1029
8103,瀚荃,26,7,19,合庫-鳳山,2024-06-28,1029
2618,長榮航,23,5,18,合庫-鳳山,2024-06-28,1029
3231,緯創,28,10,18,合庫-鳳山,2024-06-28,1029
00679B,元大美債20年,25,8,17,合庫-鳳山,2024-06-28,1029
3576,聯合再生,41,25,16,合庫-鳳山,2024-06-28,1029
3711,日月光投控,15,0,15,合庫-鳳山,2024-06-28,1029
2883,凱基金,16,1,15,合庫-鳳山,2024-06-28,1029
2330,台積電,22,7,15,合庫-鳳山,2024-06-28,1029
8104,錸寶,18,4,14,合庫-鳳山,2024-06-28,1029
2609,陽明,23,10,13,合庫-鳳山,2024-06-28,1029
00918,大華優利高填息30,13,0,13,合庫-鳳山,2024-06-28,1029
1781,合世,13,0,13,合庫-鳳山,2024-06-28,1029
2303,聯電,20,9,11,合庫-鳳山,2024-06-28,1029
8027,鈦昇,11,0,11,合庫-鳳山,2024-06-28,1029
2610,華航,20,9,11,合庫-鳳山,2024-06-28,1029
3483,力致,12,1,11,合庫-鳳山,2024-06-28,1029
3520,華盈,11,0,11,合庫-鳳山,2024-06-28,1029
8112,至上,12,1,11,合庫-鳳山,2024-06-28,1029
1301,台塑,12,1,11,合庫-鳳山,2024-06-28,1029
1101,台泥,13,3,10,合庫-鳳山,2024-06-28,1029
5880,合庫金,12,1,11,合庫-鳳山,2024-06-28,1029
2331,精英,10,0,10,合庫-鳳山,2024-06-28,1029
6127,九豪,10,0,10,合庫-鳳山,2024-06-28,1029
6170,統振,10,0,10,合庫-鳳山,2024-06-28,1029
00680L,元大美債20正2,255,2,253,合庫-鳳山,2024-07-01,1029
00936,台新永續高息中小,230,2,228,合庫-鳳山,2024-07-01,1029
00937B,群益ESG投等債20,212,5,207,合庫-鳳山,2024-07-01,1029
00665L,富邦�琤肭磪囓�2,420,220,200,合庫-鳳山,2024-07-01,1029
00637L,元大滬深300正2,300,100,200,合庫-鳳山,2024-07-01,1029
8277,商丞,180,8,172,合庫-鳳山,2024-07-01,1029
00929,復華台灣科技優息,149,3,146,合庫-鳳山,2024-07-01,1029
00687B,國泰20年美債,108,0,108,合庫-鳳山,2024-07-01,1029
1713,國化,100,0,100,合庫-鳳山,2024-07-01,1029
8935,邦泰,74,0,74,合庫-鳳山,2024-07-01,1029
8096,擎亞,70,4,66,合庫-鳳山,2024-07-01,1029
6188,廣明,67,5,62,合庫-鳳山,2024-07-01,1029
2891,中信金,72,20,52,合庫-鳳山,2024-07-01,1029
00679B,元大美債20年,56,13,43,合庫-鳳山,2024-07-01,1029
2367,燿華,47,4,43,合庫-鳳山,2024-07-01,1029
1609,大亞,77,35,42,合庫-鳳山,2024-07-01,1029
3576,聯合再生,46,6,40,合庫-鳳山,2024-07-01,1029
00942B,台新美A公司債20+,39,0,39,合庫-鳳山,2024-07-01,1029
00933B,國泰10Y+金融債,37,0,37,合庫-鳳山,2024-07-01,1029
2349,錸德,55,21,34,合庫-鳳山,2024-07-01,1029
2615,萬海,46,14,32,合庫-鳳山,2024-07-01,1029
2317,鴻海,92,61,31,合庫-鳳山,2024-07-01,1029
5880,合庫金,32,5,27,合庫-鳳山,2024-07-01,1029
0056,元大高股息,35,10,25,合庫-鳳山,2024-07-01,1029
00882,中信中國高股息,22,0,22,合庫-鳳山,2024-07-01,1029
3481,群創,22,0,22,合庫-鳳山,2024-07-01,1029
00915,凱基優選高股息30,21,0,21,合庫-鳳山,2024-07-01,1029
2313,華通,29,11,18,合庫-鳳山,2024-07-01,1029
1513,中興電,18,1,17,合庫-鳳山,2024-07-01,1029
2408,南亞科,17,0,17,合庫-鳳山,2024-07-01,1029
2515,中工,17,0,17,合庫-鳳山,2024-07-01,1029
2883,凱基金,19,2,17,合庫-鳳山,2024-07-01,1029
00931B,統一美債20年,16,0,16,合庫-鳳山,2024-07-01,1029
1785,光洋科,17,1,16,合庫-鳳山,2024-07-01,1029
00949,復華日本龍頭,17,2,15,合庫-鳳山,2024-07-01,1029
2516,新建,16,1,15,合庫-鳳山,2024-07-01,1029
2892,第一金,15,0,15,合庫-鳳山,2024-07-01,1029
9941,裕融,15,0,15,合庫-鳳山,2024-07-01,1029
3402,漢科,32,18,14,合庫-鳳山,2024-07-01,1029
6603,富強鑫,15,1,14,合庫-鳳山,2024-07-01,1029
4534,慶騰,14,1,13,合庫-鳳山,2024-07-01,1029
4726,永昕,13,0,13,合庫-鳳山,2024-07-01,1029
6191,精成科,13,0,13,合庫-鳳山,2024-07-01,1029
2374,佳能,18,6,12,合庫-鳳山,2024-07-01,1029
1313,聯成,12,0,12,合庫-鳳山,2024-07-01,1029
2352,佳世達,20,8,12,合庫-鳳山,2024-07-01,1029
1303,南亞,11,0,11,合庫-鳳山,2024-07-01,1029
00905,FT臺灣Smart,11,0,11,合庫-鳳山,2024-07-01,1029
00948B,中信優息投資級債,13,2,11,合庫-鳳山,2024-07-01,1029
1514,亞力,12,1,11,合庫-鳳山,2024-07-01,1029
00934,中信成長高股息,423,90,333,合庫-鳳山,2024-07-02,1029
00680L,元大美債20正2,331,0,331,合庫-鳳山,2024-07-02,1029
00929,復華台灣科技優息,319,55,264,合庫-鳳山,2024-07-02,1029
00687B,國泰20年美債,116,8,108,合庫-鳳山,2024-07-02,1029
2317,鴻海,134,26,108,合庫-鳳山,2024-07-02,1029
2303,聯電,110,23,87,合庫-鳳山,2024-07-02,1029
6244,茂迪,128,45,83,合庫-鳳山,2024-07-02,1029
5880,合庫金,80,3,77,合庫-鳳山,2024-07-02,1029
2027,大成鋼,71,0,71,合庫-鳳山,2024-07-02,1029
00933B,國泰10Y+金融債,56,0,56,合庫-鳳山,2024-07-02,1029
8064,東捷,86,30,56,合庫-鳳山,2024-07-02,1029
00908,富邦入息REITs+,50,0,50,合庫-鳳山,2024-07-02,1029
0056,元大高股息,55,6,49,合庫-鳳山,2024-07-02,1029
2337,旺宏,49,1,48,合庫-鳳山,2024-07-02,1029
00949,復華日本龍頭,48,1,47,合庫-鳳山,2024-07-02,1029
2349,錸德,69,26,43,合庫-鳳山,2024-07-02,1029
00919,群益台灣精選高息,54,14,40,合庫-鳳山,2024-07-02,1029
1714,和桐,50,10,40,合庫-鳳山,2024-07-02,1029
6189,豐藝,52,12,40,合庫-鳳山,2024-07-02,1029
3686,達能,43,7,36,合庫-鳳山,2024-07-02,1029
2834,臺企銀,33,0,33,合庫-鳳山,2024-07-02,1029
3041,揚智,31,0,31,合庫-鳳山,2024-07-02,1029
00645,富邦日本,30,0,30,合庫-鳳山,2024-07-02,1029
6658,聯策,30,0,30,合庫-鳳山,2024-07-02,1029
2002,中鋼,38,10,28,合庫-鳳山,2024-07-02,1029
00948B,中信優息投資級債,35,9,26,合庫-鳳山,2024-07-02,1029
3702,大聯大,27,1,26,合庫-鳳山,2024-07-02,1029
8068,全達,26,0,26,合庫-鳳山,2024-07-02,1029
4414,如興,24,0,24,合庫-鳳山,2024-07-02,1029
6269,台郡,25,1,24,合庫-鳳山,2024-07-02,1029
2354,鴻準,44,21,23,合庫-鳳山,2024-07-02,1029
00937B,群益ESG投等債20,28,6,22,合庫-鳳山,2024-07-02,1029
00715L,期街口布蘭特正2,20,0,20,合庫-鳳山,2024-07-02,1029
00673R,期元大S＆P原油反1,19,0,19,合庫-鳳山,2024-07-02,1029
3481,群創,19,1,18,合庫-鳳山,2024-07-02,1029
5483,中美晶,24,6,18,合庫-鳳山,2024-07-02,1029
00927,群益半導體收益,18,0,18,合庫-鳳山,2024-07-02,1029
6928,攸泰科技,18,0,18,合庫-鳳山,2024-07-02,1029
00946,群益科技高息成長,17,0,17,合庫-鳳山,2024-07-02,1029
00936,台新永續高息中小,33,17,16,合庫-鳳山,2024-07-02,1029
6235,華孚,23,7,16,合庫-鳳山,2024-07-02,1029
1806,冠軍,16,2,14,合庫-鳳山,2024-07-02,1029
6215,和椿,15,1,14,合庫-鳳山,2024-07-02,1029
1303,南亞,14,0,14,合庫-鳳山,2024-07-02,1029
1815,富喬,20,7,13,合庫-鳳山,2024-07-02,1029
1101,台泥,24,11,13,合庫-鳳山,2024-07-02,1029
00679B,元大美債20年,15,2,13,合庫-鳳山,2024-07-02,1029
2324,仁寶,14,1,13,合庫-鳳山,2024-07-02,1029
3615,安可,18,5,13,合庫-鳳山,2024-07-02,1029
6026,福邦證,14,1,13,合庫-鳳山,2024-07-02,1029
00934,中信成長高股息,177,0,177,合庫-鳳山,2024-07-03,1029
00929,復華台灣科技優息,205,44,161,合庫-鳳山,2024-07-03,1029
6244,茂迪,145,35,110,合庫-鳳山,2024-07-03,1029
00795B,中信美國公債20年,101,0,101,合庫-鳳山,2024-07-03,1029
9105,泰金寶-DR,259,191,68,合庫-鳳山,2024-07-03,1029
00712,復華富時不動產,55,5,50,合庫-鳳山,2024-07-03,1029
2342,茂矽,47,0,47,合庫-鳳山,2024-07-03,1029
2317,鴻海,61,22,39,合庫-鳳山,2024-07-03,1029
1905,華紙,32,1,31,合庫-鳳山,2024-07-03,1029
6005,群益證,31,0,31,合庫-鳳山,2024-07-03,1029
6215,和椿,32,1,31,合庫-鳳山,2024-07-03,1029
2337,旺宏,35,6,29,合庫-鳳山,2024-07-03,1029
00680L,元大美債20正2,27,0,27,合庫-鳳山,2024-07-03,1029
3049,精金,29,5,24,合庫-鳳山,2024-07-03,1029
6443,元晶,34,10,24,合庫-鳳山,2024-07-03,1029
00949,復華日本龍頭,23,1,22,合庫-鳳山,2024-07-03,1029
6026,福邦證,22,0,22,合庫-鳳山,2024-07-03,1029
00632R,元大台灣50反1,27,6,21,合庫-鳳山,2024-07-03,1029
6278,台表科,23,2,21,合庫-鳳山,2024-07-03,1029
2402,毅嘉,41,20,21,合庫-鳳山,2024-07-03,1029
2356,英業達,23,3,20,合庫-鳳山,2024-07-03,1029
00933B,國泰10Y+金融債,33,13,20,合庫-鳳山,2024-07-03,1029
00931B,統一美債20年,20,0,20,合庫-鳳山,2024-07-03,1029
2906,高林,20,0,20,合庫-鳳山,2024-07-03,1029
2349,錸德,19,0,19,合庫-鳳山,2024-07-03,1029
6235,華孚,20,1,19,合庫-鳳山,2024-07-03,1029
00878,國泰永續高股息,23,5,18,合庫-鳳山,2024-07-03,1029
0056,元大高股息,24,7,17,合庫-鳳山,2024-07-03,1029
3217,優群,16,0,16,合庫-鳳山,2024-07-03,1029
00679B,元大美債20年,16,0,16,合庫-鳳山,2024-07-03,1029
3211,順達,16,0,16,合庫-鳳山,2024-07-03,1029
00944,野村趨勢動能高息,15,0,15,合庫-鳳山,2024-07-03,1029
8103,瀚荃,16,1,15,合庫-鳳山,2024-07-03,1029
6282,康舒,22,7,15,合庫-鳳山,2024-07-03,1029
2385,群光,14,0,14,合庫-鳳山,2024-07-03,1029
4977,眾達-KY,13,0,13,合庫-鳳山,2024-07-03,1029
2892,第一金,14,2,12,合庫-鳳山,2024-07-03,1029
00687B,國泰20年美債,18,6,12,合庫-鳳山,2024-07-03,1029
2353,宏��,14,2,12,合庫-鳳山,2024-07-03,1029
4510,高鋒,16,4,12,合庫-鳳山,2024-07-03,1029
00942B,台新美A公司債20+,11,0,11,合庫-鳳山,2024-07-03,1029
1802,台玻,11,0,11,合庫-鳳山,2024-07-03,1029
2610,華航,24,13,11,合庫-鳳山,2024-07-03,1029
3704,合勤控,11,0,11,合庫-鳳山,2024-07-03,1029
8936,國統,12,1,11,合庫-鳳山,2024-07-03,1029
00673R,期元大S＆P原油反1,10,0,10,合庫-鳳山,2024-07-03,1029
2204,中華,10,0,10,合庫-鳳山,2024-07-03,1029
2427,三商電,10,0,10,合庫-鳳山,2024-07-03,1029
6128,上福,10,0,10,合庫-鳳山,2024-07-03,1029
6188,廣明,16,6,10,合庫-鳳山,2024-07-03,1029
2002,中鋼,201,24,177,合庫-鳳山,2024-07-04,1029
2883,凱基金,227,69,158,合庫-鳳山,2024-07-04,1029
3576,聯合再生,103,6,97,合庫-鳳山,2024-07-04,1029
00945B,凱基美國非投等債,75,0,75,合庫-鳳山,2024-07-04,1029
00632R,元大台灣50反1,63,0,63,合庫-鳳山,2024-07-04,1029
00711B,復華彭博新興債,50,0,50,合庫-鳳山,2024-07-04,1029
00773B,中信優先金融債,50,0,50,合庫-鳳山,2024-07-04,1029
00882,中信中國高股息,50,2,48,合庫-鳳山,2024-07-04,1029
2405,輔信,72,27,45,合庫-鳳山,2024-07-04,1029
2609,陽明,54,11,43,合庫-鳳山,2024-07-04,1029
00949,復華日本龍頭,42,1,41,合庫-鳳山,2024-07-04,1029
1536,和大,41,0,41,合庫-鳳山,2024-07-04,1029
2324,仁寶,37,1,36,合庫-鳳山,2024-07-04,1029
00929,復華台灣科技優息,114,81,33,合庫-鳳山,2024-07-04,1029
3481,群創,95,66,29,合庫-鳳山,2024-07-04,1029
6156,松上,28,0,28,合庫-鳳山,2024-07-04,1029
6170,統振,30,3,27,合庫-鳳山,2024-07-04,1029
2412,中華電,27,0,27,合庫-鳳山,2024-07-04,1029
00936,台新永續高息中小,30,4,26,合庫-鳳山,2024-07-04,1029
3189,景碩,25,0,25,合庫-鳳山,2024-07-04,1029
9105,泰金寶-DR,99,76,23,合庫-鳳山,2024-07-04,1029
00905,FT臺灣Smart,21,0,21,合庫-鳳山,2024-07-04,1029
6026,福邦證,21,0,21,合庫-鳳山,2024-07-04,1029
6188,廣明,68,47,21,合庫-鳳山,2024-07-04,1029
5347,世界,23,3,20,合庫-鳳山,2024-07-04,1029
00934,中信成長高股息,38,18,20,合庫-鳳山,2024-07-04,1029
00948B,中信優息投資級債,20,0,20,合庫-鳳山,2024-07-04,1029
1809,中釉,21,1,20,合庫-鳳山,2024-07-04,1029
3673,TPK-KY,20,0,20,合庫-鳳山,2024-07-04,1029
5443,均豪,34,14,20,合庫-鳳山,2024-07-04,1029
911868,同方友友-DR,19,0,19,合庫-鳳山,2024-07-04,1029
2359,所羅門,49,33,16,合庫-鳳山,2024-07-04,1029
00687B,國泰20年美債,27,12,15,合庫-鳳山,2024-07-04,1029
2618,長榮航,19,4,15,合庫-鳳山,2024-07-04,1029
2886,兆豐金,15,1,14,合庫-鳳山,2024-07-04,1029
3498,陽程,16,2,14,合庫-鳳山,2024-07-04,1029
8104,錸寶,21,8,13,合庫-鳳山,2024-07-04,1029
3492,長盛,13,0,13,合庫-鳳山,2024-07-04,1029
6142,友勁,29,16,13,合庫-鳳山,2024-07-04,1029
00673R,期元大S＆P原油反1,12,0,12,合庫-鳳山,2024-07-04,1029
6443,元晶,42,30,12,合庫-鳳山,2024-07-04,1029
2610,華航,37,26,11,合庫-鳳山,2024-07-04,1029
4157,太景*-KY,11,0,11,合庫-鳳山,2024-07-04,1029
3047,訊舟,18,8,10,合庫-鳳山,2024-07-04,1029
00676R,富邦臺灣加權反1,10,0,10,合庫-鳳山,2024-07-04,1029
1815,富喬,69,59,10,合庫-鳳山,2024-07-04,1029
2367,燿華,20,10,10,合庫-鳳山,2024-07-04,1029
2393,億光,10,0,10,合庫-鳳山,2024-07-04,1029
3229,晟鈦,10,0,10,合庫-鳳山,2024-07-04,1029
6125,廣運,16,6,10,合庫-鳳山,2024-07-04,1029
00637L,元大滬深300正2,429,118,311,合庫-鳳山,2024-07-05,1029
6153,嘉聯益,55,1,54,合庫-鳳山,2024-07-05,1029
00929,復華台灣科技優息,57,5,52,合庫-鳳山,2024-07-05,1029
6164,華興,51,0,51,合庫-鳳山,2024-07-05,1029
2609,陽明,86,37,49,合庫-鳳山,2024-07-05,1029
00936,台新永續高息中小,39,0,39,合庫-鳳山,2024-07-05,1029
2349,錸德,48,13,35,合庫-鳳山,2024-07-05,1029
6016,康和證,34,2,32,合庫-鳳山,2024-07-05,1029
1536,和大,49,19,30,合庫-鳳山,2024-07-05,1029
00934,中信成長高股息,29,0,29,合庫-鳳山,2024-07-05,1029
2489,瑞軒,30,3,27,合庫-鳳山,2024-07-05,1029
2884,玉山金,21,0,21,合庫-鳳山,2024-07-05,1029
6658,聯策,21,0,21,合庫-鳳山,2024-07-05,1029
3615,安可,21,2,19,合庫-鳳山,2024-07-05,1029
2601,益航,20,2,18,合庫-鳳山,2024-07-05,1029
3686,達能,19,1,18,合庫-鳳山,2024-07-05,1029
5484,慧友,18,0,18,合庫-鳳山,2024-07-05,1029
00633L,富邦上証正2,17,0,17,合庫-鳳山,2024-07-05,1029
00673R,期元大S＆P原油反1,17,0,17,合庫-鳳山,2024-07-05,1029
6026,福邦證,17,0,17,合庫-鳳山,2024-07-05,1029
6768,志強-KY,17,0,17,合庫-鳳山,2024-07-05,1029
8104,錸寶,20,3,17,合庫-鳳山,2024-07-05,1029
2354,鴻準,20,4,16,合庫-鳳山,2024-07-05,1029
00858,永豐美國500大,16,0,16,合庫-鳳山,2024-07-05,1029
911868,同方友友-DR,15,0,15,合庫-鳳山,2024-07-05,1029
3016,嘉晶,17,2,15,合庫-鳳山,2024-07-05,1029
6133,金橋,16,1,15,合庫-鳳山,2024-07-05,1029
6456,GIS-KY,17,2,15,合庫-鳳山,2024-07-05,1029
2317,鴻海,17,2,15,合庫-鳳山,2024-07-05,1029
2337,旺宏,24,10,14,合庫-鳳山,2024-07-05,1029
3048,益登,44,30,14,合庫-鳳山,2024-07-05,1029
6191,精成科,14,0,14,合庫-鳳山,2024-07-05,1029
2618,長榮航,21,7,14,合庫-鳳山,2024-07-05,1029
00687B,國泰20年美債,17,3,14,合庫-鳳山,2024-07-05,1029
2603,長榮,16,3,13,合庫-鳳山,2024-07-05,1029
00918,大華優利高填息30,13,0,13,合庫-鳳山,2024-07-05,1029
00943,兆豐電子高息等權,13,0,13,合庫-鳳山,2024-07-05,1029
2352,佳世達,14,1,13,合庫-鳳山,2024-07-05,1029
4956,光鋐,13,0,13,合庫-鳳山,2024-07-05,1029
6234,高僑,17,4,13,合庫-鳳山,2024-07-05,1029
8112,至上,22,9,13,合庫-鳳山,2024-07-05,1029
00915,凱基優選高股息30,12,0,12,合庫-鳳山,2024-07-05,1029
8064,東捷,103,91,12,合庫-鳳山,2024-07-05,1029
00679B,元大美債20年,11,0,11,合庫-鳳山,2024-07-05,1029
6538,倉和,12,1,11,合庫-鳳山,2024-07-05,1029
2911,麗嬰房,10,0,10,合庫-鳳山,2024-07-05,1029
00933B,國泰10Y+金融債,10,0,10,合庫-鳳山,2024-07-05,1029
00674R,期元大S＆P黃金反1,10,0,10,合庫-鳳山,2024-07-05,1029
00941,中信上游半導體,10,0,10,合庫-鳳山,2024-07-05,1029
6116,彩晶,10,0,10,合庫-鳳山,2024-07-05,1029
00665L,富邦�琤肭磪囓�2,2350,850,1500,合庫-鳳山,2024-07-08,1029
00934,中信成長高股息,239,8,231,合庫-鳳山,2024-07-08,1029
5392,能率,124,14,110,合庫-鳳山,2024-07-08,1029
00942B,台新美A公司債20+,100,0,100,合庫-鳳山,2024-07-08,1029
2312,金寶,100,7,93,合庫-鳳山,2024-07-08,1029
00940,元大台灣價值高息,112,23,89,合庫-鳳山,2024-07-08,1029
2363,矽統,225,155,70,合庫-鳳山,2024-07-08,1029
2618,長榮航,76,14,62,合庫-鳳山,2024-07-08,1029
3379,彬台,61,5,56,合庫-鳳山,2024-07-08,1029
00882,中信中國高股息,64,11,53,合庫-鳳山,2024-07-08,1029
3419,譁裕,50,0,50,合庫-鳳山,2024-07-08,1029
00937B,群益ESG投等債20,47,14,33,合庫-鳳山,2024-07-08,1029
6188,廣明,37,4,33,合庫-鳳山,2024-07-08,1029
1609,大亞,35,5,30,合庫-鳳山,2024-07-08,1029
0056,元大高股息,31,1,30,合庫-鳳山,2024-07-08,1029
2331,精英,31,2,29,合庫-鳳山,2024-07-08,1029
00946,群益科技高息成長,28,1,27,合庫-鳳山,2024-07-08,1029
8064,東捷,47,27,20,合庫-鳳山,2024-07-08,1029
2929,淘帝-KY,20,0,20,合庫-鳳山,2024-07-08,1029
3230,錦明,20,0,20,合庫-鳳山,2024-07-08,1029
5864,致和證,20,0,20,合庫-鳳山,2024-07-08,1029
1570,力肯,23,4,19,合庫-鳳山,2024-07-08,1029
5309,系統電,20,1,19,合庫-鳳山,2024-07-08,1029
2365,昆盈,70,52,18,合庫-鳳山,2024-07-08,1029
3016,嘉晶,18,0,18,合庫-鳳山,2024-07-08,1029
3234,光環,19,1,18,合庫-鳳山,2024-07-08,1029
2323,中環,25,7,18,合庫-鳳山,2024-07-08,1029
4526,東台,22,4,18,合庫-鳳山,2024-07-08,1029
3062,建漢,24,7,17,合庫-鳳山,2024-07-08,1029
6026,福邦證,17,0,17,合庫-鳳山,2024-07-08,1029
00918,大華優利高填息30,22,6,16,合庫-鳳山,2024-07-08,1029
00927,群益半導體收益,16,0,16,合庫-鳳山,2024-07-08,1029
1617,榮星,16,0,16,合庫-鳳山,2024-07-08,1029
2344,華邦電,19,3,16,合庫-鳳山,2024-07-08,1029
2472,立隆電,16,0,16,合庫-鳳山,2024-07-08,1029
4976,佳凌,29,13,16,合庫-鳳山,2024-07-08,1029
8011,台通,26,10,16,合庫-鳳山,2024-07-08,1029
2515,中工,17,2,15,合庫-鳳山,2024-07-08,1029
6133,金橋,17,2,15,合庫-鳳山,2024-07-08,1029
6175,立敦,15,0,15,合庫-鳳山,2024-07-08,1029
3338,泰碩,14,0,14,合庫-鳳山,2024-07-08,1029
00858,永豐美國500大,13,0,13,合庫-鳳山,2024-07-08,1029
2417,圓剛,28,15,13,合庫-鳳山,2024-07-08,1029
6153,嘉聯益,20,7,13,合庫-鳳山,2024-07-08,1029
3708,上緯投控,12,0,12,合庫-鳳山,2024-07-08,1029
00949,復華日本龍頭,14,2,12,合庫-鳳山,2024-07-08,1029
1326,台化,12,0,12,合庫-鳳山,2024-07-08,1029
5443,均豪,15,3,12,合庫-鳳山,2024-07-08,1029
5533,皇鼎,12,0,12,合庫-鳳山,2024-07-08,1029
6282,康舒,14,2,12,合庫-鳳山,2024-07-08,1029
00665L,富邦�琤肭磪囓�2,620,30,590,合庫-鳳山,2024-07-09,1029
2312,金寶,229,110,119,合庫-鳳山,2024-07-09,1029
1528,恩德,112,2,110,合庫-鳳山,2024-07-09,1029
2009,第一銅,100,1,99,合庫-鳳山,2024-07-09,1029
5328,華容,96,16,80,合庫-鳳山,2024-07-09,1029
8064,東捷,93,20,73,合庫-鳳山,2024-07-09,1029
2002,中鋼,68,12,56,合庫-鳳山,2024-07-09,1029
2834,臺企銀,61,5,56,合庫-鳳山,2024-07-09,1029
2349,錸德,64,9,55,合庫-鳳山,2024-07-09,1029
2367,燿華,101,48,53,合庫-鳳山,2024-07-09,1029
2029,盛餘,49,0,49,合庫-鳳山,2024-07-09,1029
2344,華邦電,47,1,46,合庫-鳳山,2024-07-09,1029
3043,科風,45,0,45,合庫-鳳山,2024-07-09,1029
00927,群益半導體收益,44,0,44,合庫-鳳山,2024-07-09,1029
6005,群益證,41,0,41,合庫-鳳山,2024-07-09,1029
6188,廣明,41,2,39,合庫-鳳山,2024-07-09,1029
2354,鴻準,43,7,36,合庫-鳳山,2024-07-09,1029
8150,南茂,32,0,32,合庫-鳳山,2024-07-09,1029
00679B,元大美債20年,33,1,32,合庫-鳳山,2024-07-09,1029
3673,TPK-KY,44,14,30,合庫-鳳山,2024-07-09,1029
2609,陽明,38,8,30,合庫-鳳山,2024-07-09,1029
2618,長榮航,33,4,29,合庫-鳳山,2024-07-09,1029
8101,華冠,28,0,28,合庫-鳳山,2024-07-09,1029
00937B,群益ESG投等債20,35,11,24,合庫-鳳山,2024-07-09,1029
1326,台化,24,0,24,合庫-鳳山,2024-07-09,1029
3047,訊舟,62,38,24,合庫-鳳山,2024-07-09,1029
00878,國泰永續高股息,26,3,23,合庫-鳳山,2024-07-09,1029
00720B,元大投資級公司債,27,5,22,合庫-鳳山,2024-07-09,1029
6182,合晶,21,0,21,合庫-鳳山,2024-07-09,1029
3048,益登,22,2,20,合庫-鳳山,2024-07-09,1029
3686,達能,22,2,20,合庫-鳳山,2024-07-09,1029
4157,太景*-KY,20,0,20,合庫-鳳山,2024-07-09,1029
4510,高鋒,24,4,20,合庫-鳳山,2024-07-09,1029
8277,商丞,20,0,20,合庫-鳳山,2024-07-09,1029
2449,京元電子,49,29,20,合庫-鳳山,2024-07-09,1029
00929,復華台灣科技優息,92,73,19,合庫-鳳山,2024-07-09,1029
1536,和大,33,15,18,合庫-鳳山,2024-07-09,1029
3481,群創,79,61,18,合庫-鳳山,2024-07-09,1029
6116,彩晶,18,0,18,合庫-鳳山,2024-07-09,1029
6153,嘉聯益,20,2,18,合庫-鳳山,2024-07-09,1029
00936,台新永續高息中小,34,17,17,合庫-鳳山,2024-07-09,1029
2301,光寶科,20,3,17,合庫-鳳山,2024-07-09,1029
2801,彰銀,17,0,17,合庫-鳳山,2024-07-09,1029
4906,正文,21,4,17,合庫-鳳山,2024-07-09,1029
2356,英業達,30,13,17,合庫-鳳山,2024-07-09,1029
00905,FT臺灣Smart,16,0,16,合庫-鳳山,2024-07-09,1029
2313,華通,21,5,16,合庫-鳳山,2024-07-09,1029
1101,台泥,18,3,15,合庫-鳳山,2024-07-09,1029
2305,全友,15,0,15,合庫-鳳山,2024-07-09,1029
2884,玉山金,18,3,15,合庫-鳳山,2024-07-09,1029
2489,瑞軒,214,34,180,合庫-鳳山,2024-07-10,1029
00680L,元大美債20正2,155,0,155,合庫-鳳山,2024-07-10,1029
00937B,群益ESG投等債20,402,294,108,合庫-鳳山,2024-07-10,1029
2609,陽明,94,21,73,合庫-鳳山,2024-07-10,1029
00934,中信成長高股息,69,0,69,合庫-鳳山,2024-07-10,1029
6215,和椿,55,1,54,合庫-鳳山,2024-07-10,1029
2009,第一銅,51,0,51,合庫-鳳山,2024-07-10,1029
2801,彰銀,49,0,49,合庫-鳳山,2024-07-10,1029
3576,聯合再生,42,0,42,合庫-鳳山,2024-07-10,1029
6877,鏵友益,39,0,39,合庫-鳳山,2024-07-10,1029
6164,華興,32,0,32,合庫-鳳山,2024-07-10,1029
2317,鴻海,39,9,30,合庫-鳳山,2024-07-10,1029
2002,中鋼,36,9,27,合庫-鳳山,2024-07-10,1029
5392,能率,28,1,27,合庫-鳳山,2024-07-10,1029
8101,華冠,24,0,24,合庫-鳳山,2024-07-10,1029
8105,凌巨,26,2,24,合庫-鳳山,2024-07-10,1029
00687B,國泰20年美債,23,0,23,合庫-鳳山,2024-07-10,1029
1528,恩德,21,0,21,合庫-鳳山,2024-07-10,1029
00949,復華日本龍頭,20,0,20,合庫-鳳山,2024-07-10,1029
3555,博士旺,20,0,20,合庫-鳳山,2024-07-10,1029
4563,百德,20,0,20,合庫-鳳山,2024-07-10,1029
5864,致和證,20,0,20,合庫-鳳山,2024-07-10,1029
6217,中探針,20,0,20,合庫-鳳山,2024-07-10,1029
2834,臺企銀,21,2,19,合庫-鳳山,2024-07-10,1029
8088,品安,19,0,19,合庫-鳳山,2024-07-10,1029
2353,宏��,38,21,17,合庫-鳳山,2024-07-10,1029
2867,三商壽,54,37,17,合庫-鳳山,2024-07-10,1029
2014,中鴻,24,8,16,合庫-鳳山,2024-07-10,1029
6806,森崴能源,24,9,15,合庫-鳳山,2024-07-10,1029
00679B,元大美債20年,40,26,14,合庫-鳳山,2024-07-10,1029
00725B,國泰投資級公司債,14,0,14,合庫-鳳山,2024-07-10,1029
6271,同欣電,17,3,14,合庫-鳳山,2024-07-10,1029
00927,群益半導體收益,13,0,13,合庫-鳳山,2024-07-10,1029
1444,力麗,13,0,13,合庫-鳳山,2024-07-10,1029
1785,光洋科,26,13,13,合庫-鳳山,2024-07-10,1029
2303,聯電,22,9,13,合庫-鳳山,2024-07-10,1029
8112,至上,14,1,13,合庫-鳳山,2024-07-10,1029
2603,長榮,14,1,13,合庫-鳳山,2024-07-10,1029
00905,FT臺灣Smart,13,1,12,合庫-鳳山,2024-07-10,1029
2427,三商電,13,1,12,合庫-鳳山,2024-07-10,1029
8046,南電,12,0,12,合庫-鳳山,2024-07-10,1029
2392,正崴,29,18,11,合庫-鳳山,2024-07-10,1029
1733,五鼎,11,0,11,合庫-鳳山,2024-07-10,1029
2406,國碩,12,1,11,合庫-鳳山,2024-07-10,1029
6015,宏遠證,11,0,11,合庫-鳳山,2024-07-10,1029
2330,台積電,13,3,10,合庫-鳳山,2024-07-10,1029
00712,復華富時不動產,11,1,10,合庫-鳳山,2024-07-10,1029
2105,正新,10,0,10,合庫-鳳山,2024-07-10,1029
2301,光寶科,27,17,10,合庫-鳳山,2024-07-10,1029
2369,菱生,10,0,10,合庫-鳳山,2024-07-10,1029
00632R,元大台灣50反1,1026,21,1005,合庫-鳳山,2024-07-11,1029
00665L,富邦�琤肭磪囓�2,1100,746,354,合庫-鳳山,2024-07-11,1029
00725B,國泰投資級公司債,104,0,104,合庫-鳳山,2024-07-11,1029
2891,中信金,140,43,97,合庫-鳳山,2024-07-11,1029
1609,大亞,132,44,88,合庫-鳳山,2024-07-11,1029
2542,興富發,90,19,71,合庫-鳳山,2024-07-11,1029
00680L,元大美債20正2,59,0,59,合庫-鳳山,2024-07-11,1029
00929,復華台灣科技優息,67,14,53,合庫-鳳山,2024-07-11,1029
00950B,凱基A級公司債,40,0,40,合庫-鳳山,2024-07-11,1029
6156,松上,40,0,40,合庫-鳳山,2024-07-11,1029
00934,中信成長高股息,42,3,39,合庫-鳳山,2024-07-11,1029
3016,嘉晶,46,8,38,合庫-鳳山,2024-07-11,1029
5864,致和證,37,0,37,合庫-鳳山,2024-07-11,1029
2880,華南金,40,5,35,合庫-鳳山,2024-07-11,1029
2405,輔信,36,3,33,合庫-鳳山,2024-07-11,1029
2834,臺企銀,31,0,31,合庫-鳳山,2024-07-11,1029
00905,FT臺灣Smart,31,0,31,合庫-鳳山,2024-07-11,1029
8101,華冠,30,0,30,合庫-鳳山,2024-07-11,1029
00936,台新永續高息中小,28,0,28,合庫-鳳山,2024-07-11,1029
3707,漢磊,38,13,25,合庫-鳳山,2024-07-11,1029
2537,聯上發,43,18,25,合庫-鳳山,2024-07-11,1029
2884,玉山金,30,5,25,合庫-鳳山,2024-07-11,1029
2317,鴻海,36,12,24,合庫-鳳山,2024-07-11,1029
8011,台通,77,53,24,合庫-鳳山,2024-07-11,1029
0056,元大高股息,22,0,22,合庫-鳳山,2024-07-11,1029
1785,光洋科,36,14,22,合庫-鳳山,2024-07-11,1029
3163,波若威,39,17,22,合庫-鳳山,2024-07-11,1029
1101,台泥,33,12,21,合庫-鳳山,2024-07-11,1029
2371,大同,42,21,21,合庫-鳳山,2024-07-11,1029
6217,中探針,22,2,20,合庫-鳳山,2024-07-11,1029
4510,高鋒,24,5,19,合庫-鳳山,2024-07-11,1029
00928,中信上櫃ESG30,18,0,18,合庫-鳳山,2024-07-11,1029
2365,昆盈,52,35,17,合庫-鳳山,2024-07-11,1029
2618,長榮航,24,7,17,合庫-鳳山,2024-07-11,1029
2323,中環,17,0,17,合庫-鳳山,2024-07-11,1029
4533,協易機,17,0,17,合庫-鳳山,2024-07-11,1029
2002,中鋼,22,6,16,合庫-鳳山,2024-07-11,1029
6235,華孚,16,0,16,合庫-鳳山,2024-07-11,1029
2449,京元電子,17,2,15,合庫-鳳山,2024-07-11,1029
2349,錸德,34,19,15,合庫-鳳山,2024-07-11,1029
2515,中工,17,2,15,合庫-鳳山,2024-07-11,1029
1504,東元,14,0,14,合庫-鳳山,2024-07-11,1029
2380,虹光,14,0,14,合庫-鳳山,2024-07-11,1029
6118,建達,14,0,14,合庫-鳳山,2024-07-11,1029
1809,中釉,13,0,13,合庫-鳳山,2024-07-11,1029
1714,和桐,12,0,12,合庫-鳳山,2024-07-11,1029
1314,中石化,164,153,11,合庫-鳳山,2024-07-11,1029
2344,華邦電,17,6,11,合庫-鳳山,2024-07-11,1029
2376,技嘉,11,0,11,合庫-鳳山,2024-07-11,1029
2408,南亞科,13,2,11,合庫-鳳山,2024-07-11,1029
3576,聯合再生,214,4,210,合庫-鳳山,2024-07-12,1029
00919,群益台灣精選高息,225,28,197,合庫-鳳山,2024-07-12,1029
00929,復華台灣科技優息,416,232,184,合庫-鳳山,2024-07-12,1029
2303,聯電,140,3,137,合庫-鳳山,2024-07-12,1029
9105,泰金寶-DR,312,193,119,合庫-鳳山,2024-07-12,1029
2317,鴻海,114,13,101,合庫-鳳山,2024-07-12,1029
00878,國泰永續高股息,90,0,90,合庫-鳳山,2024-07-12,1029
00934,中信成長高股息,83,9,74,合庫-鳳山,2024-07-12,1029
00905,FT臺灣Smart,74,1,73,合庫-鳳山,2024-07-12,1029
2882,國泰金,53,2,51,合庫-鳳山,2024-07-12,1029
1514,亞力,61,12,49,合庫-鳳山,2024-07-12,1029
00939,統一台灣高息動能,52,6,46,合庫-鳳山,2024-07-12,1029
00937B,群益ESG投等債20,94,49,45,合庫-鳳山,2024-07-12,1029
00881,國泰台灣5G+,45,1,44,合庫-鳳山,2024-07-12,1029
2312,金寶,110,69,41,合庫-鳳山,2024-07-12,1029
00940,元大台灣價值高息,51,13,38,合庫-鳳山,2024-07-12,1029
3105,穩懋,34,1,33,合庫-鳳山,2024-07-12,1029
00725B,國泰投資級公司債,32,0,32,合庫-鳳山,2024-07-12,1029
2609,陽明,53,22,31,合庫-鳳山,2024-07-12,1029
2542,興富發,40,13,27,合庫-鳳山,2024-07-12,1029
2610,華航,34,7,27,合庫-鳳山,2024-07-12,1029
006208,富邦台50,27,2,25,合庫-鳳山,2024-07-12,1029
00927,群益半導體收益,24,0,24,合庫-鳳山,2024-07-12,1029
3019,亞光,31,8,23,合庫-鳳山,2024-07-12,1029
3047,訊舟,24,2,22,合庫-鳳山,2024-07-12,1029
2316,楠梓電,22,2,20,合庫-鳳山,2024-07-12,1029
2906,高林,20,0,20,合庫-鳳山,2024-07-12,1029
2889,國票金,23,3,20,合庫-鳳山,2024-07-12,1029
6877,鏵友益,19,0,19,合庫-鳳山,2024-07-12,1029
3037,欣興,28,10,18,合庫-鳳山,2024-07-12,1029
2911,麗嬰房,18,2,16,合庫-鳳山,2024-07-12,1029
3707,漢磊,17,2,15,合庫-鳳山,2024-07-12,1029
3010,華立,15,0,15,合庫-鳳山,2024-07-12,1029
00933B,國泰10Y+金融債,15,2,13,合庫-鳳山,2024-07-12,1029
5309,系統電,14,1,13,合庫-鳳山,2024-07-12,1029
2881,富邦金,15,3,12,合庫-鳳山,2024-07-12,1029
2330,台積電,47,35,12,合庫-鳳山,2024-07-12,1029
3450,聯鈞,22,10,12,合庫-鳳山,2024-07-12,1029
00947,台新臺灣IC設計,11,0,11,合庫-鳳山,2024-07-12,1029
00949,復華日本龍頭,13,2,11,合庫-鳳山,2024-07-12,1029
2013,中鋼構,11,0,11,合庫-鳳山,2024-07-12,1029
2367,燿華,20,9,11,合庫-鳳山,2024-07-12,1029
2371,大同,14,3,11,合庫-鳳山,2024-07-12,1029
1413,宏洲,10,0,10,合庫-鳳山,2024-07-12,1029
1530,亞崴,10,0,10,合庫-鳳山,2024-07-12,1029
2405,輔信,46,36,10,合庫-鳳山,2024-07-12,1029
2455,全新,10,0,10,合庫-鳳山,2024-07-12,1029
3276,宇環,10,0,10,合庫-鳳山,2024-07-12,1029
5864,致和證,10,0,10,合庫-鳳山,2024-07-12,1029
6288,聯嘉,10,0,10,合庫-鳳山,2024-07-12,1029
00665L,富邦�琤肭磪囓�2,1660,250,1410,合庫-鳳山,2024-07-15,1029
2888,新光金,614,6,608,合庫-鳳山,2024-07-15,1029
3481,群創,364,45,319,合庫-鳳山,2024-07-15,1029
00632R,元大台灣50反1,335,45,290,合庫-鳳山,2024-07-15,1029
00934,中信成長高股息,151,32,119,合庫-鳳山,2024-07-15,1029
1304,台聚,112,0,112,合庫-鳳山,2024-07-15,1029
00919,群益台灣精選高息,73,4,69,合庫-鳳山,2024-07-15,1029
00878,國泰永續高股息,68,0,68,合庫-鳳山,2024-07-15,1029
2891,中信金,92,26,66,合庫-鳳山,2024-07-15,1029
2489,瑞軒,92,30,62,合庫-鳳山,2024-07-15,1029
2009,第一銅,60,0,60,合庫-鳳山,2024-07-15,1029
5328,華容,63,3,60,合庫-鳳山,2024-07-15,1029
2542,興富發,65,8,57,合庫-鳳山,2024-07-15,1029
2867,三商壽,61,5,56,合庫-鳳山,2024-07-15,1029
00687B,國泰20年美債,47,0,47,合庫-鳳山,2024-07-15,1029
8936,國統,50,7,43,合庫-鳳山,2024-07-15,1029
2369,菱生,40,0,40,合庫-鳳山,2024-07-15,1029
00905,FT臺灣Smart,35,0,35,合庫-鳳山,2024-07-15,1029
8064,東捷,86,52,34,合庫-鳳山,2024-07-15,1029
6877,鏵友益,44,11,33,合庫-鳳山,2024-07-15,1029
3019,亞光,44,12,32,合庫-鳳山,2024-07-15,1029
2618,長榮航,29,0,29,合庫-鳳山,2024-07-15,1029
2344,華邦電,29,0,29,合庫-鳳山,2024-07-15,1029
6177,達麗,31,4,27,合庫-鳳山,2024-07-15,1029
2399,映泰,27,1,26,合庫-鳳山,2024-07-15,1029
2515,中工,30,5,25,合庫-鳳山,2024-07-15,1029
9945,潤泰新,27,2,25,合庫-鳳山,2024-07-15,1029
2356,英業達,52,28,24,合庫-鳳山,2024-07-15,1029
00936,台新永續高息中小,23,0,23,合庫-鳳山,2024-07-15,1029
9955,佳龍,33,10,23,合庫-鳳山,2024-07-15,1029
2374,佳能,24,2,22,合庫-鳳山,2024-07-15,1029
00735,國泰臺韓科技,21,0,21,合庫-鳳山,2024-07-15,1029
00679B,元大美債20年,22,2,20,合庫-鳳山,2024-07-15,1029
00904,新光臺灣半導體30,20,0,20,合庫-鳳山,2024-07-15,1029
00945B,凱基美國非投等債,20,0,20,合庫-鳳山,2024-07-15,1029
2610,華航,44,24,20,合庫-鳳山,2024-07-15,1029
8110,華東,20,0,20,合庫-鳳山,2024-07-15,1029
8011,台通,38,20,18,合庫-鳳山,2024-07-15,1029
2376,技嘉,18,1,17,合庫-鳳山,2024-07-15,1029
3707,漢磊,17,1,16,合庫-鳳山,2024-07-15,1029
00933B,國泰10Y+金融債,16,0,16,合庫-鳳山,2024-07-15,1029
00946,群益科技高息成長,24,8,16,合庫-鳳山,2024-07-15,1029
2312,金寶,105,90,15,合庫-鳳山,2024-07-15,1029
1785,光洋科,16,1,15,合庫-鳳山,2024-07-15,1029
2324,仁寶,15,0,15,合庫-鳳山,2024-07-15,1029
2409,友達,15,0,15,合庫-鳳山,2024-07-15,1029
6021,美好證,15,0,15,合庫-鳳山,2024-07-15,1029
00937B,群益ESG投等債20,115,101,14,合庫-鳳山,2024-07-15,1029
2405,輔信,24,10,14,合庫-鳳山,2024-07-15,1029
00927,群益半導體收益,14,0,14,合庫-鳳山,2024-07-15,1029
00665L,富邦�琤肭磪囓�2,1100,700,400,合庫-鳳山,2024-07-16,1029
3481,群創,254,9,245,合庫-鳳山,2024-07-16,1029
00929,復華台灣科技優息,239,15,224,合庫-鳳山,2024-07-16,1029
00934,中信成長高股息,124,0,124,合庫-鳳山,2024-07-16,1029
6173,信昌電,93,2,91,合庫-鳳山,2024-07-16,1029
9105,泰金寶-DR,294,207,87,合庫-鳳山,2024-07-16,1029
2610,華航,105,20,85,合庫-鳳山,2024-07-16,1029
0056,元大高股息,77,8,69,合庫-鳳山,2024-07-16,1029
2317,鴻海,71,5,66,合庫-鳳山,2024-07-16,1029
00949,復華日本龍頭,65,0,65,合庫-鳳山,2024-07-16,1029
00725B,國泰投資級公司債,63,5,58,合庫-鳳山,2024-07-16,1029
00905,FT臺灣Smart,56,0,56,合庫-鳳山,2024-07-16,1029
1909,榮成,50,1,49,合庫-鳳山,2024-07-16,1029
2891,中信金,42,1,41,合庫-鳳山,2024-07-16,1029
00937B,群益ESG投等債20,37,1,36,合庫-鳳山,2024-07-16,1029
2337,旺宏,33,2,31,合庫-鳳山,2024-07-16,1029
00941,中信上游半導體,30,0,30,合庫-鳳山,2024-07-16,1029
3024,憶聲,30,0,30,合庫-鳳山,2024-07-16,1029
00927,群益半導體收益,39,10,29,合庫-鳳山,2024-07-16,1029
5371,中光電,27,0,27,合庫-鳳山,2024-07-16,1029
2312,金寶,135,109,26,合庫-鳳山,2024-07-16,1029
2405,輔信,33,7,26,合庫-鳳山,2024-07-16,1029
1815,富喬,26,1,25,合庫-鳳山,2024-07-16,1029
2356,英業達,27,2,25,合庫-鳳山,2024-07-16,1029
00878,國泰永續高股息,28,4,24,合庫-鳳山,2024-07-16,1029
2886,兆豐金,22,0,22,合庫-鳳山,2024-07-16,1029
00911,兆豐洲際半導體,21,0,21,合庫-鳳山,2024-07-16,1029
2484,希華,20,0,20,合庫-鳳山,2024-07-16,1029
2009,第一銅,20,0,20,合庫-鳳山,2024-07-16,1029
2314,台揚,20,0,20,合庫-鳳山,2024-07-16,1029
2495,普安,30,10,20,合庫-鳳山,2024-07-16,1029
6108,競國,20,0,20,合庫-鳳山,2024-07-16,1029
00933B,國泰10Y+金融債,18,0,18,合庫-鳳山,2024-07-16,1029
00882,中信中國高股息,17,0,17,合庫-鳳山,2024-07-16,1029
1513,中興電,27,11,16,合庫-鳳山,2024-07-16,1029
5328,華容,22,6,16,合庫-鳳山,2024-07-16,1029
00664R,國泰臺灣加權反1,15,0,15,合庫-鳳山,2024-07-16,1029
2352,佳世達,23,8,15,合庫-鳳山,2024-07-16,1029
4956,光鋐,15,1,14,合庫-鳳山,2024-07-16,1029
5347,世界,14,0,14,合庫-鳳山,2024-07-16,1029
2489,瑞軒,167,154,13,合庫-鳳山,2024-07-16,1029
1785,光洋科,19,7,12,合庫-鳳山,2024-07-16,1029
2481,強茂,38,26,12,合庫-鳳山,2024-07-16,1029
2515,中工,12,0,12,合庫-鳳山,2024-07-16,1029
4960,誠美材,12,0,12,合庫-鳳山,2024-07-16,1029
4743,合一,11,0,11,合庫-鳳山,2024-07-16,1029
1714,和桐,11,0,11,合庫-鳳山,2024-07-16,1029
6117,迎廣,17,6,11,合庫-鳳山,2024-07-16,1029
5880,合庫金,16,5,11,合庫-鳳山,2024-07-16,1029
00632R,元大台灣50反1,66,56,10,合庫-鳳山,2024-07-16,1029
00665L,富邦�琤肭磪囓�2,1320,100,1220,合庫-鳳山,2024-07-17,1029
00937B,群益ESG投等債20,420,11,409,合庫-鳳山,2024-07-17,1029
00929,復華台灣科技優息,324,73,251,合庫-鳳山,2024-07-17,1029
00940,元大台灣價值高息,120,25,95,合庫-鳳山,2024-07-17,1029
00919,群益台灣精選高息,94,2,92,合庫-鳳山,2024-07-17,1029
3048,益登,76,2,74,合庫-鳳山,2024-07-17,1029
6770,力積電,83,10,73,合庫-鳳山,2024-07-17,1029
3231,緯創,59,7,52,合庫-鳳山,2024-07-17,1029
2330,台積電,73,22,51,合庫-鳳山,2024-07-17,1029
2609,陽明,176,125,51,合庫-鳳山,2024-07-17,1029
2402,毅嘉,94,57,37,合庫-鳳山,2024-07-17,1029
00946,群益科技高息成長,36,1,35,合庫-鳳山,2024-07-17,1029
00935,野村臺灣新科技50,34,0,34,合庫-鳳山,2024-07-17,1029
2353,宏��,33,0,33,合庫-鳳山,2024-07-17,1029
3062,建漢,33,3,30,合庫-鳳山,2024-07-17,1029
00941,中信上游半導體,30,0,30,合庫-鳳山,2024-07-17,1029
0056,元大高股息,32,3,29,合庫-鳳山,2024-07-17,1029
2891,中信金,51,23,28,合庫-鳳山,2024-07-17,1029
00881,國泰台灣5G+,27,0,27,合庫-鳳山,2024-07-17,1029
00933B,國泰10Y+金融債,26,0,26,合庫-鳳山,2024-07-17,1029
3605,宏致,26,1,25,合庫-鳳山,2024-07-17,1029
6173,信昌電,28,3,25,合庫-鳳山,2024-07-17,1029
00679B,元大美債20年,29,7,22,合庫-鳳山,2024-07-17,1029
00830,國泰費城半導體,21,0,21,合庫-鳳山,2024-07-17,1029
6182,合晶,21,0,21,合庫-鳳山,2024-07-17,1029
9958,世紀鋼,24,3,21,合庫-鳳山,2024-07-17,1029
6117,迎廣,47,27,20,合庫-鳳山,2024-07-17,1029
6217,中探針,20,0,20,合庫-鳳山,2024-07-17,1029
00918,大華優利高填息30,32,12,20,合庫-鳳山,2024-07-17,1029
911868,同方友友-DR,19,0,19,合庫-鳳山,2024-07-17,1029
006208,富邦台50,21,3,18,合庫-鳳山,2024-07-17,1029
5328,華容,21,3,18,合庫-鳳山,2024-07-17,1029
6120,達運,20,2,18,合庫-鳳山,2024-07-17,1029
8099,大世科,17,0,17,合庫-鳳山,2024-07-17,1029
8473,山林水,21,4,17,合庫-鳳山,2024-07-17,1029
2317,鴻海,24,7,17,合庫-鳳山,2024-07-17,1029
00927,群益半導體收益,36,19,17,合庫-鳳山,2024-07-17,1029
2371,大同,30,14,16,合庫-鳳山,2024-07-17,1029
2834,臺企銀,18,3,15,合庫-鳳山,2024-07-17,1029
00922,國泰台灣領袖50,15,0,15,合庫-鳳山,2024-07-17,1029
2392,正崴,17,2,15,合庫-鳳山,2024-07-17,1029
5864,致和證,15,0,15,合庫-鳳山,2024-07-17,1029
2618,長榮航,25,11,14,合庫-鳳山,2024-07-17,1029
00934,中信成長高股息,33,20,13,合庫-鳳山,2024-07-17,1029
00878,國泰永續高股息,25,13,12,合庫-鳳山,2024-07-17,1029
3294,英濟,14,2,12,合庫-鳳山,2024-07-17,1029
00905,FT臺灣Smart,11,0,11,合庫-鳳山,2024-07-17,1029
8089,康全電訊,11,0,11,合庫-鳳山,2024-07-17,1029
2408,南亞科,11,1,10,合庫-鳳山,2024-07-17,1029
2382,廣達,14,4,10,合庫-鳳山,2024-07-17,1029
00937B,群益ESG投等債20,332,81,251,合庫-鳳山,2024-07-18,1029
00929,復華台灣科技優息,458,242,216,合庫-鳳山,2024-07-18,1029
9105,泰金寶-DR,303,175,128,合庫-鳳山,2024-07-18,1029
00946,群益科技高息成長,130,5,125,合庫-鳳山,2024-07-18,1029
00919,群益台灣精選高息,139,31,108,合庫-鳳山,2024-07-18,1029
6770,力積電,121,22,99,合庫-鳳山,2024-07-18,1029
2317,鴻海,119,24,95,合庫-鳳山,2024-07-18,1029
8105,凌巨,111,28,83,合庫-鳳山,2024-07-18,1029
00940,元大台灣價值高息,121,47,74,合庫-鳳山,2024-07-18,1029
2356,英業達,72,1,71,合庫-鳳山,2024-07-18,1029
2489,瑞軒,114,47,67,合庫-鳳山,2024-07-18,1029
00927,群益半導體收益,54,0,54,合庫-鳳山,2024-07-18,1029
00725B,國泰投資級公司債,47,0,47,合庫-鳳山,2024-07-18,1029
1304,台聚,50,7,43,合庫-鳳山,2024-07-18,1029
00949,復華日本龍頭,41,1,40,合庫-鳳山,2024-07-18,1029
2330,台積電,47,11,36,合庫-鳳山,2024-07-18,1029
2303,聯電,47,11,36,合庫-鳳山,2024-07-18,1029
9945,潤泰新,44,8,36,合庫-鳳山,2024-07-18,1029
3605,宏致,28,0,28,合庫-鳳山,2024-07-18,1029
3707,漢磊,28,0,28,合庫-鳳山,2024-07-18,1029
3231,緯創,46,19,27,合庫-鳳山,2024-07-18,1029
1815,富喬,27,0,27,合庫-鳳山,2024-07-18,1029
2344,華邦電,30,5,25,合庫-鳳山,2024-07-18,1029
00687B,國泰20年美債,42,18,24,合庫-鳳山,2024-07-18,1029
2609,陽明,33,9,24,合庫-鳳山,2024-07-18,1029
2354,鴻準,24,3,21,合庫-鳳山,2024-07-18,1029
00907,永豐優息存股,21,0,21,合庫-鳳山,2024-07-18,1029
00893,國泰智能電動車,21,0,21,合庫-鳳山,2024-07-18,1029
2353,宏��,23,2,21,合庫-鳳山,2024-07-18,1029
6505,台塑化,23,2,21,合庫-鳳山,2024-07-18,1029
00651R,復華香港反1,20,0,20,合庫-鳳山,2024-07-18,1029
1608,華榮,24,4,20,合庫-鳳山,2024-07-18,1029
2891,中信金,21,1,20,合庫-鳳山,2024-07-18,1029
3576,聯合再生,21,1,20,合庫-鳳山,2024-07-18,1029
8473,山林水,44,25,19,合庫-鳳山,2024-07-18,1029
00881,國泰台灣5G+,20,3,17,合庫-鳳山,2024-07-18,1029
3013,晟銘電,25,8,17,合庫-鳳山,2024-07-18,1029
00918,大華優利高填息30,17,0,17,合庫-鳳山,2024-07-18,1029
2362,藍天,57,40,17,合庫-鳳山,2024-07-18,1029
3481,群創,80,63,17,合庫-鳳山,2024-07-18,1029
00878,國泰永續高股息,65,49,16,合庫-鳳山,2024-07-18,1029
0056,元大高股息,20,4,16,合庫-鳳山,2024-07-18,1029
00752,中信中國50,15,0,15,合庫-鳳山,2024-07-18,1029
1308,亞聚,21,6,15,合庫-鳳山,2024-07-18,1029
5452,佶優,22,7,15,合庫-鳳山,2024-07-18,1029
5371,中光電,15,1,14,合庫-鳳山,2024-07-18,1029
1301,台塑,18,5,13,合庫-鳳山,2024-07-18,1029
2449,京元電子,17,4,13,合庫-鳳山,2024-07-18,1029
1540,喬福,15,3,12,合庫-鳳山,2024-07-18,1029
3379,彬台,12,0,12,合庫-鳳山,2024-07-18,1029
00929,復華台灣科技優息,323,108,215,合庫-鳳山,2024-07-19,1029
00919,群益台灣精選高息,213,26,187,合庫-鳳山,2024-07-19,1029
3481,群創,251,101,150,合庫-鳳山,2024-07-19,1029
00937B,群益ESG投等債20,141,1,140,合庫-鳳山,2024-07-19,1029
2887,台新金,84,0,84,合庫-鳳山,2024-07-19,1029
00918,大華優利高填息30,79,0,79,合庫-鳳山,2024-07-19,1029
00878,國泰永續高股息,105,27,78,合庫-鳳山,2024-07-19,1029
00687B,國泰20年美債,76,4,72,合庫-鳳山,2024-07-19,1029
3706,神達,66,0,66,合庫-鳳山,2024-07-19,1029
2330,台積電,74,19,55,合庫-鳳山,2024-07-19,1029
00933B,國泰10Y+金融債,51,1,50,合庫-鳳山,2024-07-19,1029
2888,新光金,62,12,50,合庫-鳳山,2024-07-19,1029
9945,潤泰新,58,11,47,合庫-鳳山,2024-07-19,1029
2344,華邦電,46,0,46,合庫-鳳山,2024-07-19,1029
00934,中信成長高股息,45,0,45,合庫-鳳山,2024-07-19,1029
4564,元翎,41,0,41,合庫-鳳山,2024-07-19,1029
6161,捷波,40,1,39,合庫-鳳山,2024-07-19,1029
6164,華興,40,1,39,合庫-鳳山,2024-07-19,1029
2365,昆盈,61,24,37,合庫-鳳山,2024-07-19,1029
8011,台通,41,4,37,合庫-鳳山,2024-07-19,1029
2408,南亞科,37,0,37,合庫-鳳山,2024-07-19,1029
3231,緯創,41,5,36,合庫-鳳山,2024-07-19,1029
00946,群益科技高息成長,35,0,35,合庫-鳳山,2024-07-19,1029
0056,元大高股息,48,13,35,合庫-鳳山,2024-07-19,1029
912000,晨訊科-DR,30,0,30,合庫-鳳山,2024-07-19,1029
2520,冠德,74,44,30,合庫-鳳山,2024-07-19,1029
2834,臺企銀,31,2,29,合庫-鳳山,2024-07-19,1029
2353,宏��,33,4,29,合庫-鳳山,2024-07-19,1029
2515,中工,30,1,29,合庫-鳳山,2024-07-19,1029
00940,元大台灣價值高息,98,70,28,合庫-鳳山,2024-07-19,1029
1785,光洋科,57,29,28,合庫-鳳山,2024-07-19,1029
2324,仁寶,28,1,27,合庫-鳳山,2024-07-19,1029
1718,中纖,24,0,24,合庫-鳳山,2024-07-19,1029
2356,英業達,28,4,24,合庫-鳳山,2024-07-19,1029
00927,群益半導體收益,23,1,22,合庫-鳳山,2024-07-19,1029
4916,事欣科,47,26,21,合庫-鳳山,2024-07-19,1029
00669R,國泰美國道瓊反1,20,0,20,合庫-鳳山,2024-07-19,1029
2023,燁輝,20,0,20,合庫-鳳山,2024-07-19,1029
2618,長榮航,23,5,18,合庫-鳳山,2024-07-19,1029
2867,三商壽,23,5,18,合庫-鳳山,2024-07-19,1029
4123,晟德,18,0,18,合庫-鳳山,2024-07-19,1029
00713,元大台灣高息低波,18,1,17,合庫-鳳山,2024-07-19,1029
1608,華榮,19,2,17,合庫-鳳山,2024-07-19,1029
2103,台橡,17,0,17,合庫-鳳山,2024-07-19,1029
3380,明泰,17,1,16,合庫-鳳山,2024-07-19,1029
3576,聯合再生,17,1,16,合庫-鳳山,2024-07-19,1029
8210,勤誠,16,0,16,合庫-鳳山,2024-07-19,1029
00881,國泰台灣5G+,25,10,15,合庫-鳳山,2024-07-19,1029
3689,湧德,17,2,15,合庫-鳳山,2024-07-19,1029
2812,台中銀,16,2,14,合庫-鳳山,2024-07-19,1029
00665L,富邦�琤肭磪囓�2,300,10,290,合庫-鳳山,2024-07-22,1029
00937B,群益ESG投等債20,268,24,244,合庫-鳳山,2024-07-22,1029
00929,復華台灣科技優息,362,233,129,合庫-鳳山,2024-07-22,1029
00919,群益台灣精選高息,165,49,116,合庫-鳳山,2024-07-22,1029
00940,元大台灣價值高息,223,144,79,合庫-鳳山,2024-07-22,1029
00934,中信成長高股息,116,40,76,合庫-鳳山,2024-07-22,1029
2356,英業達,61,3,58,合庫-鳳山,2024-07-22,1029
00878,國泰永續高股息,104,46,58,合庫-鳳山,2024-07-22,1029
00946,群益科技高息成長,63,19,44,合庫-鳳山,2024-07-22,1029
9105,泰金寶-DR,128,85,43,合庫-鳳山,2024-07-22,1029
8473,山林水,100,57,43,合庫-鳳山,2024-07-22,1029
2610,華航,44,2,42,合庫-鳳山,2024-07-22,1029
00933B,國泰10Y+金融債,39,2,37,合庫-鳳山,2024-07-22,1029
5512,力麒,86,51,35,合庫-鳳山,2024-07-22,1029
2324,仁寶,35,1,34,合庫-鳳山,2024-07-22,1029
6173,信昌電,35,1,34,合庫-鳳山,2024-07-22,1029
2889,國票金,31,0,31,合庫-鳳山,2024-07-22,1029
6282,康舒,29,0,29,合庫-鳳山,2024-07-22,1029
00930,永豐ESG低碳高息,28,0,28,合庫-鳳山,2024-07-22,1029
2408,南亞科,27,0,27,合庫-鳳山,2024-07-22,1029
2888,新光金,62,35,27,合庫-鳳山,2024-07-22,1029
3707,漢磊,25,0,25,合庫-鳳山,2024-07-22,1029
2303,聯電,42,17,25,合庫-鳳山,2024-07-22,1029
3231,緯創,33,9,24,合庫-鳳山,2024-07-22,1029
2337,旺宏,28,4,24,合庫-鳳山,2024-07-22,1029
912000,晨訊科-DR,40,16,24,合庫-鳳山,2024-07-22,1029
3576,聯合再生,26,3,23,合庫-鳳山,2024-07-22,1029
2634,漢翔,24,2,22,合庫-鳳山,2024-07-22,1029
00939,統一台灣高息動能,29,8,21,合庫-鳳山,2024-07-22,1029
4714,永捷,22,1,21,合庫-鳳山,2024-07-22,1029
1101,台泥,31,11,20,合庫-鳳山,2024-07-22,1029
2867,三商壽,28,8,20,合庫-鳳山,2024-07-22,1029
3041,揚智,20,0,20,合庫-鳳山,2024-07-22,1029
6161,捷波,20,0,20,合庫-鳳山,2024-07-22,1029
4945,陞達科技,19,0,19,合庫-鳳山,2024-07-22,1029
3037,欣興,20,3,17,合庫-鳳山,2024-07-22,1029
00881,國泰台灣5G+,18,2,16,合庫-鳳山,2024-07-22,1029
3712,永崴投控,27,12,15,合庫-鳳山,2024-07-22,1029
2542,興富發,21,7,14,合庫-鳳山,2024-07-22,1029
1611,中電,16,2,14,合庫-鳳山,2024-07-22,1029
6202,盛群,16,2,14,合庫-鳳山,2024-07-22,1029
1802,台玻,13,0,13,合庫-鳳山,2024-07-22,1029
2352,佳世達,22,9,13,合庫-鳳山,2024-07-22,1029
3701,大眾控,13,0,13,合庫-鳳山,2024-07-22,1029
3149,正達,14,2,12,合庫-鳳山,2024-07-22,1029
2834,臺企銀,26,15,11,合庫-鳳山,2024-07-22,1029
2891,中信金,12,1,11,合庫-鳳山,2024-07-22,1029
8046,南電,11,1,10,合庫-鳳山,2024-07-22,1029
00719B,元大美債1-3,10,0,10,合庫-鳳山,2024-07-22,1029
00947,台新臺灣IC設計,10,0,10,合庫-鳳山,2024-07-22,1029
00665L,富邦�琤肭磪囓�2,300,0,300,合庫-鳳山,2024-07-23,1029
00929,復華台灣科技優息,221,36,185,合庫-鳳山,2024-07-23,1029
00919,群益台灣精選高息,118,3,115,合庫-鳳山,2024-07-23,1029
00937B,群益ESG投等債20,83,1,82,合庫-鳳山,2024-07-23,1029
3481,群創,128,54,74,合庫-鳳山,2024-07-23,1029
00933B,國泰10Y+金融債,64,1,63,合庫-鳳山,2024-07-23,1029
6173,信昌電,56,0,56,合庫-鳳山,2024-07-23,1029
00680L,元大美債20正2,50,0,50,合庫-鳳山,2024-07-23,1029
2883,凱基金,43,4,39,合庫-鳳山,2024-07-23,1029
2312,金寶,66,27,39,合庫-鳳山,2024-07-23,1029
2349,錸德,37,2,35,合庫-鳳山,2024-07-23,1029
00934,中信成長高股息,35,0,35,合庫-鳳山,2024-07-23,1029
3027,盛達,36,2,34,合庫-鳳山,2024-07-23,1029
00946,群益科技高息成長,33,1,32,合庫-鳳山,2024-07-23,1029
00941,中信上游半導體,30,0,30,合庫-鳳山,2024-07-23,1029
2385,群光,29,0,29,合庫-鳳山,2024-07-23,1029
2504,國產,30,5,25,合庫-鳳山,2024-07-23,1029
6015,宏遠證,28,3,25,合庫-鳳山,2024-07-23,1029
2356,英業達,24,1,23,合庫-鳳山,2024-07-23,1029
00940,元大台灣價值高息,37,15,22,合庫-鳳山,2024-07-23,1029
5512,力麒,28,6,22,合庫-鳳山,2024-07-23,1029
5309,系統電,22,1,21,合庫-鳳山,2024-07-23,1029
00687B,國泰20年美債,20,0,20,合庫-鳳山,2024-07-23,1029
3062,建漢,24,4,20,合庫-鳳山,2024-07-23,1029
2371,大同,27,8,19,合庫-鳳山,2024-07-23,1029
2489,瑞軒,25,6,19,合庫-鳳山,2024-07-23,1029
2408,南亞科,48,30,18,合庫-鳳山,2024-07-23,1029
2888,新光金,31,14,17,合庫-鳳山,2024-07-23,1029
3230,錦明,16,0,16,合庫-鳳山,2024-07-23,1029
3673,TPK-KY,16,0,16,合庫-鳳山,2024-07-23,1029
4533,協易機,16,0,16,合庫-鳳山,2024-07-23,1029
2884,玉山金,16,0,16,合庫-鳳山,2024-07-23,1029
00712,復華富時不動產,26,11,15,合庫-鳳山,2024-07-23,1029
00858,永豐美國500大,15,0,15,合庫-鳳山,2024-07-23,1029
3607,谷崧,15,0,15,合庫-鳳山,2024-07-23,1029
6770,力積電,25,10,15,合庫-鳳山,2024-07-23,1029
1536,和大,15,1,14,合庫-鳳山,2024-07-23,1029
2834,臺企銀,16,2,14,合庫-鳳山,2024-07-23,1029
3013,晟銘電,14,1,13,合庫-鳳山,2024-07-23,1029
8440,綠電,15,2,13,合庫-鳳山,2024-07-23,1029
00878,國泰永續高股息,35,22,13,合庫-鳳山,2024-07-23,1029
2330,台積電,40,27,13,合庫-鳳山,2024-07-23,1029
00881,國泰台灣5G+,20,8,12,合庫-鳳山,2024-07-23,1029
3231,緯創,17,5,12,合庫-鳳山,2024-07-23,1029
911868,同方友友-DR,12,0,12,合庫-鳳山,2024-07-23,1029
2812,台中銀,12,0,12,合庫-鳳山,2024-07-23,1029
2317,鴻海,46,35,11,合庫-鳳山,2024-07-23,1029
00857B,永豐20年美公債,11,0,11,合庫-鳳山,2024-07-23,1029
2618,長榮航,12,1,11,合庫-鳳山,2024-07-23,1029
6869,雲豹能源,11,0,11,合庫-鳳山,2024-07-23,1029
00665L,富邦�琤肭磪囓�2,1200,800,400,合庫-鳳山,2024-07-26,1029
00680L,元大美債20正2,357,0,357,合庫-鳳山,2024-07-26,1029
00637L,元大滬深300正2,242,27,215,合庫-鳳山,2024-07-26,1029
00929,復華台灣科技優息,203,3,200,合庫-鳳山,2024-07-26,1029
00937B,群益ESG投等債20,268,83,185,合庫-鳳山,2024-07-26,1029
2884,玉山金,141,0,141,合庫-鳳山,2024-07-26,1029
00919,群益台灣精選高息,136,5,131,合庫-鳳山,2024-07-26,1029
2408,南亞科,82,0,82,合庫-鳳山,2024-07-26,1029
00951,台新日本半導體,80,0,80,合庫-鳳山,2024-07-26,1029
2317,鴻海,72,6,66,合庫-鳳山,2024-07-26,1029
2330,台積電,90,29,61,合庫-鳳山,2024-07-26,1029
00753L,中信中國50正2,61,0,61,合庫-鳳山,2024-07-26,1029
0056,元大高股息,58,2,56,合庫-鳳山,2024-07-26,1029
8926,台汽電,59,6,53,合庫-鳳山,2024-07-26,1029
2303,聯電,50,0,50,合庫-鳳山,2024-07-26,1029
00940,元大台灣價值高息,146,97,49,合庫-鳳山,2024-07-26,1029
6116,彩晶,50,3,47,合庫-鳳山,2024-07-26,1029
00922,國泰台灣領袖50,43,0,43,合庫-鳳山,2024-07-26,1029
2002,中鋼,40,3,37,合庫-鳳山,2024-07-26,1029
00946,群益科技高息成長,41,6,35,合庫-鳳山,2024-07-26,1029
00949,復華日本龍頭,34,0,34,合庫-鳳山,2024-07-26,1029
00687B,國泰20年美債,34,2,32,合庫-鳳山,2024-07-26,1029
00931B,統一美債20年,31,0,31,合庫-鳳山,2024-07-26,1029
2887,台新金,41,10,31,合庫-鳳山,2024-07-26,1029
3711,日月光投控,32,3,29,合庫-鳳山,2024-07-26,1029
3027,盛達,28,0,28,合庫-鳳山,2024-07-26,1029
00679B,元大美債20年,26,0,26,合庫-鳳山,2024-07-26,1029
2344,華邦電,23,0,23,合庫-鳳山,2024-07-26,1029
6182,合晶,25,2,23,合庫-鳳山,2024-07-26,1029
00633L,富邦上証正2,22,0,22,合庫-鳳山,2024-07-26,1029
2349,錸德,36,16,20,合庫-鳳山,2024-07-26,1029
00893,國泰智能電動車,20,0,20,合庫-鳳山,2024-07-26,1029
00664R,國泰臺灣加權反1,20,0,20,合庫-鳳山,2024-07-26,1029
00939,統一台灣高息動能,20,0,20,合庫-鳳山,2024-07-26,1029
6425,易發,20,0,20,合庫-鳳山,2024-07-26,1029
00941,中信上游半導體,17,0,17,合庫-鳳山,2024-07-26,1029
3105,穩懋,16,0,16,合庫-鳳山,2024-07-26,1029
00885,富邦越南,15,0,15,合庫-鳳山,2024-07-26,1029
2356,英業達,18,3,15,合庫-鳳山,2024-07-26,1029
2385,群光,15,0,15,合庫-鳳山,2024-07-26,1029
6161,捷波,15,0,15,合庫-鳳山,2024-07-26,1029
00713,元大台灣高息低波,15,0,15,合庫-鳳山,2024-07-26,1029
3231,緯創,23,9,14,合庫-鳳山,2024-07-26,1029
00881,國泰台灣5G+,15,1,14,合庫-鳳山,2024-07-26,1029
2382,廣達,20,6,14,合庫-鳳山,2024-07-26,1029
00923,群益台ESG低碳50,14,0,14,合庫-鳳山,2024-07-26,1029
1785,光洋科,24,11,13,合庫-鳳山,2024-07-26,1029
00934,中信成長高股息,17,4,13,合庫-鳳山,2024-07-26,1029
2462,良得電,13,0,13,合庫-鳳山,2024-07-26,1029
3663,鑫科,31,18,13,合庫-鳳山,2024-07-26,1029
00929,復華台灣科技優息,310,32,278,合庫-鳳山,2024-07-29,1029
6173,信昌電,83,6,77,合庫-鳳山,2024-07-29,1029
00946,群益科技高息成長,70,3,67,合庫-鳳山,2024-07-29,1029
00753L,中信中國50正2,55,0,55,合庫-鳳山,2024-07-29,1029
00919,群益台灣精選高息,65,21,44,合庫-鳳山,2024-07-29,1029
2324,仁寶,44,0,44,合庫-鳳山,2024-07-29,1029
6182,合晶,44,0,44,合庫-鳳山,2024-07-29,1029
3033,威健,41,3,38,合庫-鳳山,2024-07-29,1029
0056,元大高股息,36,2,34,合庫-鳳山,2024-07-29,1029
5512,力麒,30,0,30,合庫-鳳山,2024-07-29,1029
00941,中信上游半導體,30,0,30,合庫-鳳山,2024-07-29,1029
00937B,群益ESG投等債20,39,10,29,合庫-鳳山,2024-07-29,1029
1714,和桐,35,6,29,合庫-鳳山,2024-07-29,1029
2834,臺企銀,32,4,28,合庫-鳳山,2024-07-29,1029
1449,佳和,62,36,26,合庫-鳳山,2024-07-29,1029
2301,光寶科,28,2,26,合庫-鳳山,2024-07-29,1029
2367,燿華,26,0,26,合庫-鳳山,2024-07-29,1029
2884,玉山金,25,0,25,合庫-鳳山,2024-07-29,1029
3189,景碩,30,5,25,合庫-鳳山,2024-07-29,1029
8936,國統,27,3,24,合庫-鳳山,2024-07-29,1029
4945,陞達科技,24,0,24,合庫-鳳山,2024-07-29,1029
00940,元大台灣價值高息,89,66,23,合庫-鳳山,2024-07-29,1029
6177,達麗,25,2,23,合庫-鳳山,2024-07-29,1029
00934,中信成長高股息,22,0,22,合庫-鳳山,2024-07-29,1029
00878,國泰永續高股息,46,26,20,合庫-鳳山,2024-07-29,1029
3013,晟銘電,24,4,20,合庫-鳳山,2024-07-29,1029
5519,隆大,22,2,20,合庫-鳳山,2024-07-29,1029
8104,錸寶,35,16,19,合庫-鳳山,2024-07-29,1029
6770,力積電,18,0,18,合庫-鳳山,2024-07-29,1029
00712,復華富時不動產,18,1,17,合庫-鳳山,2024-07-29,1029
6116,彩晶,17,0,17,合庫-鳳山,2024-07-29,1029
6282,康舒,18,1,17,合庫-鳳山,2024-07-29,1029
3163,波若威,18,2,16,合庫-鳳山,2024-07-29,1029
2385,群光,16,0,16,合庫-鳳山,2024-07-29,1029
3432,台端,16,0,16,合庫-鳳山,2024-07-29,1029
2353,宏��,16,1,15,合庫-鳳山,2024-07-29,1029
9105,泰金寶-DR,19,5,14,合庫-鳳山,2024-07-29,1029
9945,潤泰新,20,6,14,合庫-鳳山,2024-07-29,1029
00939,統一台灣高息動能,14,0,14,合庫-鳳山,2024-07-29,1029
00951,台新日本半導體,14,0,14,合庫-鳳山,2024-07-29,1029
3711,日月光投控,18,5,13,合庫-鳳山,2024-07-29,1029
00936,台新永續高息中小,13,0,13,合庫-鳳山,2024-07-29,1029
2359,所羅門,18,6,12,合庫-鳳山,2024-07-29,1029
2002,中鋼,17,5,12,合庫-鳳山,2024-07-29,1029
2524,京城,14,2,12,合庫-鳳山,2024-07-29,1029
2363,矽統,36,24,12,合庫-鳳山,2024-07-29,1029
3231,緯創,22,10,12,合庫-鳳山,2024-07-29,1029
2347,聯強,16,5,11,合庫-鳳山,2024-07-29,1029
2356,英業達,15,4,11,合庫-鳳山,2024-07-29,1029
2891,中信金,11,0,11,合庫-鳳山,2024-07-29,1029
00665L,富邦�琤肭磪囓�2,800,210,590,合庫-鳳山,2024-07-30,1029
00933B,國泰10Y+金融債,183,0,183,合庫-鳳山,2024-07-30,1029
00940,元大台灣價值高息,189,14,175,合庫-鳳山,2024-07-30,1029
00937B,群益ESG投等債20,164,2,162,合庫-鳳山,2024-07-30,1029
00637L,元大滬深300正2,200,60,140,合庫-鳳山,2024-07-30,1029
2834,臺企銀,115,0,115,合庫-鳳山,2024-07-30,1029
00929,復華台灣科技優息,180,90,90,合庫-鳳山,2024-07-30,1029
00946,群益科技高息成長,79,5,74,合庫-鳳山,2024-07-30,1029
00878,國泰永續高股息,90,32,58,合庫-鳳山,2024-07-30,1029
3706,神達,55,1,54,合庫-鳳山,2024-07-30,1029
2317,鴻海,54,6,48,合庫-鳳山,2024-07-30,1029
00919,群益台灣精選高息,42,9,33,合庫-鳳山,2024-07-30,1029
3605,宏致,31,0,31,合庫-鳳山,2024-07-30,1029
00939,統一台灣高息動能,31,1,30,合庫-鳳山,2024-07-30,1029
2303,聯電,40,10,30,合庫-鳳山,2024-07-30,1029
2337,旺宏,31,2,29,合庫-鳳山,2024-07-30,1029
2489,瑞軒,24,0,24,合庫-鳳山,2024-07-30,1029
0056,元大高股息,33,11,22,合庫-鳳山,2024-07-30,1029
2890,永豐金,22,0,22,合庫-鳳山,2024-07-30,1029
9105,泰金寶-DR,28,6,22,合庫-鳳山,2024-07-30,1029
2509,全坤建,20,0,20,合庫-鳳山,2024-07-30,1029
1536,和大,21,2,19,合庫-鳳山,2024-07-30,1029
00936,台新永續高息中小,17,0,17,合庫-鳳山,2024-07-30,1029
2891,中信金,18,2,16,合庫-鳳山,2024-07-30,1029
1316,上曜,22,7,15,合庫-鳳山,2024-07-30,1029
00679B,元大美債20年,99,84,15,合庫-鳳山,2024-07-30,1029
2353,宏��,13,0,13,合庫-鳳山,2024-07-30,1029
3231,緯創,15,3,12,合庫-鳳山,2024-07-30,1029
00713,元大台灣高息低波,12,0,12,合庫-鳳山,2024-07-30,1029
2376,技嘉,13,2,11,合庫-鳳山,2024-07-30,1029
6202,盛群,11,0,11,合庫-鳳山,2024-07-30,1029
00751B,元大AAA至A公司債,10,0,10,合庫-鳳山,2024-07-30,1029
00633L,富邦上証正2,10,0,10,合庫-鳳山,2024-07-30,1029
2023,燁輝,10,0,10,合庫-鳳山,2024-07-30,1029
3025,星通,10,0,10,合庫-鳳山,2024-07-30,1029
3498,陽程,10,0,10,合庫-鳳山,2024-07-30,1029
3581,博磊,10,0,10,合庫-鳳山,2024-07-30,1029
4767,誠泰科技,10,0,10,合庫-鳳山,2024-07-30,1029
6719,力智,10,0,10,合庫-鳳山,2024-07-30,1029
00941,中信上游半導體,10,1,9,合庫-鳳山,2024-07-30,1029
0050,元大台灣50,9,0,9,合庫-鳳山,2024-07-30,1029
6116,彩晶,32,23,9,合庫-鳳山,2024-07-30,1029
2363,矽統,37,29,8,合庫-鳳山,2024-07-30,1029
2867,三商壽,8,0,8,合庫-鳳山,2024-07-30,1029
3338,泰碩,11,3,8,合庫-鳳山,2024-07-30,1029
6441,廣錠,8,0,8,合庫-鳳山,2024-07-30,1029
00891,中信關鍵半導體,8,0,8,合庫-鳳山,2024-07-30,1029
3037,欣興,41,34,7,合庫-鳳山,2024-07-30,1029
00753L,中信中國50正2,45,38,7,合庫-鳳山,2024-07-30,1029
00752,中信中國50,7,0,7,合庫-鳳山,2024-07-30,1029
2349,錸德,247,39,208,合庫-鳳山,2024-07-31,1029
00940,元大台灣價值高息,157,0,157,合庫-鳳山,2024-07-31,1029
2516,新建,127,21,106,合庫-鳳山,2024-07-31,1029
5512,力麒,100,2,98,合庫-鳳山,2024-07-31,1029
00937B,群益ESG投等債20,107,18,89,合庫-鳳山,2024-07-31,1029
2330,台積電,81,3,78,合庫-鳳山,2024-07-31,1029
3105,穩懋,78,2,76,合庫-鳳山,2024-07-31,1029
00632R,元大台灣50反1,69,0,69,合庫-鳳山,2024-07-31,1029
2344,華邦電,76,8,68,合庫-鳳山,2024-07-31,1029
00679B,元大美債20年,48,3,45,合庫-鳳山,2024-07-31,1029
00929,復華台灣科技優息,77,34,43,合庫-鳳山,2024-07-31,1029
00915,凱基優選高股息30,38,0,38,合庫-鳳山,2024-07-31,1029
00919,群益台灣精選高息,35,2,33,合庫-鳳山,2024-07-31,1029
00933B,國泰10Y+金融債,29,0,29,合庫-鳳山,2024-07-31,1029
3711,日月光投控,30,1,29,合庫-鳳山,2024-07-31,1029
00934,中信成長高股息,27,1,26,合庫-鳳山,2024-07-31,1029
2419,仲琦,27,2,25,合庫-鳳山,2024-07-31,1029
00946,群益科技高息成長,24,0,24,合庫-鳳山,2024-07-31,1029
3576,聯合再生,23,0,23,合庫-鳳山,2024-07-31,1029
00900,富邦特選高股息30,21,0,21,合庫-鳳山,2024-07-31,1029
2492,華新科,20,0,20,合庫-鳳山,2024-07-31,1029
5443,均豪,37,20,17,合庫-鳳山,2024-07-31,1029
4510,高鋒,35,19,16,合庫-鳳山,2024-07-31,1029
6829,千附精密,16,0,16,合庫-鳳山,2024-07-31,1029
6877,鏵友益,16,0,16,合庫-鳳山,2024-07-31,1029
9962,有益,16,0,16,合庫-鳳山,2024-07-31,1029
6173,信昌電,14,0,14,合庫-鳳山,2024-07-31,1029
3663,鑫科,29,16,13,合庫-鳳山,2024-07-31,1029
00686R,群益臺灣加權反1,13,0,13,合庫-鳳山,2024-07-31,1029
2204,中華,17,4,13,合庫-鳳山,2024-07-31,1029
3706,神達,12,0,12,合庫-鳳山,2024-07-31,1029
00878,國泰永續高股息,18,6,12,合庫-鳳山,2024-07-31,1029
2301,光寶科,26,15,11,合庫-鳳山,2024-07-31,1029
2834,臺企銀,12,1,11,合庫-鳳山,2024-07-31,1029
2888,新光金,12,2,10,合庫-鳳山,2024-07-31,1029
00939,統一台灣高息動能,10,0,10,合庫-鳳山,2024-07-31,1029
00715L,期街口布蘭特正2,10,0,10,合庫-鳳山,2024-07-31,1029
00947,台新臺灣IC設計,10,0,10,合庫-鳳山,2024-07-31,1029
00948B,中信優息投資級債,10,0,10,合庫-鳳山,2024-07-31,1029
3010,華立,10,0,10,合庫-鳳山,2024-07-31,1029
3016,嘉晶,10,0,10,合庫-鳳山,2024-07-31,1029
3530,晶相光,10,0,10,合庫-鳳山,2024-07-31,1029
5508,永信建,11,1,10,合庫-鳳山,2024-07-31,1029
3047,訊舟,58,49,9,合庫-鳳山,2024-07-31,1029
2385,群光,10,1,9,合庫-鳳山,2024-07-31,1029
2449,京元電子,14,5,9,合庫-鳳山,2024-07-31,1029
2537,聯上發,16,7,9,合庫-鳳山,2024-07-31,1029
1453,大將,8,0,8,合庫-鳳山,2024-07-31,1029
2324,仁寶,9,1,8,合庫-鳳山,2024-07-31,1029
8101,華冠,8,0,8,合庫-鳳山,2024-07-31,1029
00665L,富邦�琤肭磪囓�2,1100,0,1100,合庫-鳳山,2024-08-01,1029
00933B,國泰10Y+金融債,180,1,179,合庫-鳳山,2024-08-01,1029
00632R,元大台灣50反1,100,0,100,合庫-鳳山,2024-08-01,1029
2888,新光金,85,1,84,合庫-鳳山,2024-08-01,1029
00937B,群益ESG投等債20,77,6,71,合庫-鳳山,2024-08-01,1029
3481,群創,66,11,55,合庫-鳳山,2024-08-01,1029
00949,復華日本龍頭,53,1,52,合庫-鳳山,2024-08-01,1029
00932,兆豐永續高息等權,50,0,50,合庫-鳳山,2024-08-01,1029
00929,復華台灣科技優息,94,48,46,合庫-鳳山,2024-08-01,1029
00878,國泰永續高股息,47,2,45,合庫-鳳山,2024-08-01,1029
2349,錸德,69,25,44,合庫-鳳山,2024-08-01,1029
4564,元翎,40,0,40,合庫-鳳山,2024-08-01,1029
8096,擎亞,52,12,40,合庫-鳳山,2024-08-01,1029
1303,南亞,37,0,37,合庫-鳳山,2024-08-01,1029
8064,東捷,51,16,35,合庫-鳳山,2024-08-01,1029
00715L,期街口布蘭特正2,29,2,27,合庫-鳳山,2024-08-01,1029
00642U,期元大S＆P石油,27,0,27,合庫-鳳山,2024-08-01,1029
00934,中信成長高股息,28,1,27,合庫-鳳山,2024-08-01,1029
00679B,元大美債20年,80,57,23,合庫-鳳山,2024-08-01,1029
1514,亞力,24,1,23,合庫-鳳山,2024-08-01,1029
5443,均豪,37,14,23,合庫-鳳山,2024-08-01,1029
00764B,群益25年美債,21,0,21,合庫-鳳山,2024-08-01,1029
2516,新建,34,13,21,合庫-鳳山,2024-08-01,1029
3518,柏騰,21,1,20,合庫-鳳山,2024-08-01,1029
6177,達麗,26,6,20,合庫-鳳山,2024-08-01,1029
5519,隆大,21,3,18,合庫-鳳山,2024-08-01,1029
2884,玉山金,17,0,17,合庫-鳳山,2024-08-01,1029
2845,遠東銀,17,0,17,合庫-鳳山,2024-08-01,1029
2204,中華,22,6,16,合庫-鳳山,2024-08-01,1029
5213,亞昕,16,0,16,合庫-鳳山,2024-08-01,1029
00919,群益台灣精選高息,19,4,15,合庫-鳳山,2024-08-01,1029
1785,光洋科,16,1,15,合庫-鳳山,2024-08-01,1029
006208,富邦台50,14,0,14,合庫-鳳山,2024-08-01,1029
00680L,元大美債20正2,16,2,14,合庫-鳳山,2024-08-01,1029
8046,南電,15,2,13,合庫-鳳山,2024-08-01,1029
00946,群益科技高息成長,13,0,13,合庫-鳳山,2024-08-01,1029
2409,友達,13,0,13,合庫-鳳山,2024-08-01,1029
2363,矽統,34,22,12,合庫-鳳山,2024-08-01,1029
2449,京元電子,33,21,12,合庫-鳳山,2024-08-01,1029
2885,元大金,11,0,11,合庫-鳳山,2024-08-01,1029
00751B,元大AAA至A公司債,11,0,11,合庫-鳳山,2024-08-01,1029
3056,富華新,12,1,11,合庫-鳳山,2024-08-01,1029
4513,福裕,20,9,11,合庫-鳳山,2024-08-01,1029
0056,元大高股息,10,0,10,合庫-鳳山,2024-08-01,1029
1806,冠軍,10,0,10,合庫-鳳山,2024-08-01,1029
2002,中鋼,20,10,10,合庫-鳳山,2024-08-01,1029
5483,中美晶,10,0,10,合庫-鳳山,2024-08-01,1029
1711,永光,16,8,8,合庫-鳳山,2024-08-01,1029
3231,緯創,16,9,7,合庫-鳳山,2024-08-01,1029
9105,泰金寶-DR,40,34,6,合庫-鳳山,2024-08-01,1029
00929,復華台灣科技優息,393,53,340,合庫-鳳山,2024-08-02,1029
00878,國泰永續高股息,301,0,301,合庫-鳳山,2024-08-02,1029
2516,新建,339,74,265,合庫-鳳山,2024-08-02,1029
00665L,富邦�琤肭磪囓�2,1420,1220,200,合庫-鳳山,2024-08-02,1029
00919,群益台灣精選高息,199,7,192,合庫-鳳山,2024-08-02,1029
00632R,元大台灣50反1,263,84,179,合庫-鳳山,2024-08-02,1029
00940,元大台灣價值高息,189,10,179,合庫-鳳山,2024-08-02,1029
1303,南亞,157,14,143,合庫-鳳山,2024-08-02,1029
2317,鴻海,184,43,141,合庫-鳳山,2024-08-02,1029
2330,台積電,123,8,115,合庫-鳳山,2024-08-02,1029
3481,群創,117,16,101,合庫-鳳山,2024-08-02,1029
00946,群益科技高息成長,97,0,97,合庫-鳳山,2024-08-02,1029
00951,台新日本半導體,97,1,96,合庫-鳳山,2024-08-02,1029
00680L,元大美債20正2,130,42,88,合庫-鳳山,2024-08-02,1029
0056,元大高股息,78,1,77,合庫-鳳山,2024-08-02,1029
00937B,群益ESG投等債20,130,55,75,合庫-鳳山,2024-08-02,1029
5531,鄉林,67,1,66,合庫-鳳山,2024-08-02,1029
00945B,凱基美國非投等債,64,0,64,合庫-鳳山,2024-08-02,1029
00936,台新永續高息中小,62,1,61,合庫-鳳山,2024-08-02,1029
00933B,國泰10Y+金融債,71,11,60,合庫-鳳山,2024-08-02,1029
00753L,中信中國50正2,60,5,55,合庫-鳳山,2024-08-02,1029
1805,寶徠,55,0,55,合庫-鳳山,2024-08-02,1029
6658,聯策,50,0,50,合庫-鳳山,2024-08-02,1029
2303,聯電,49,5,44,合庫-鳳山,2024-08-02,1029
00905,FT臺灣Smart,42,0,42,合庫-鳳山,2024-08-02,1029
3037,欣興,74,32,42,合庫-鳳山,2024-08-02,1029
2834,臺企銀,41,0,41,合庫-鳳山,2024-08-02,1029
00664R,國泰臺灣加權反1,40,0,40,合庫-鳳山,2024-08-02,1029
1438,三地開發,42,7,35,合庫-鳳山,2024-08-02,1029
2891,中信金,34,0,34,合庫-鳳山,2024-08-02,1029
9945,潤泰新,33,0,33,合庫-鳳山,2024-08-02,1029
2405,輔信,33,2,31,合庫-鳳山,2024-08-02,1029
2537,聯上發,39,8,31,合庫-鳳山,2024-08-02,1029
00893,國泰智能電動車,30,0,30,合庫-鳳山,2024-08-02,1029
8105,凌巨,30,0,30,合庫-鳳山,2024-08-02,1029
00712,復華富時不動產,27,0,27,合庫-鳳山,2024-08-02,1029
9955,佳龍,30,3,27,合庫-鳳山,2024-08-02,1029
00881,國泰台灣5G+,46,20,26,合庫-鳳山,2024-08-02,1029
3576,聯合再生,24,0,24,合庫-鳳山,2024-08-02,1029
2382,廣達,32,9,23,合庫-鳳山,2024-08-02,1029
0050,元大台灣50,23,0,23,合庫-鳳山,2024-08-02,1029
6770,力積電,22,0,22,合庫-鳳山,2024-08-02,1029
2812,台中銀,26,5,21,合庫-鳳山,2024-08-02,1029
9105,泰金寶-DR,53,33,20,合庫-鳳山,2024-08-02,1029
3013,晟銘電,21,1,20,合庫-鳳山,2024-08-02,1029
006208,富邦台50,23,3,20,合庫-鳳山,2024-08-02,1029
00922,國泰台灣領袖50,20,0,20,合庫-鳳山,2024-08-02,1029
00679B,元大美債20年,33,14,19,合庫-鳳山,2024-08-02,1029
00918,大華優利高填息30,19,0,19,合庫-鳳山,2024-08-02,1029
8096,擎亞,26,7,19,合庫-鳳山,2024-08-02,1029
2888,新光金,2023,54,1969,合庫-鳳山,2024-08-05,1029
00940,元大台灣價值高息,871,180,691,合庫-鳳山,2024-08-05,1029
00929,復華台灣科技優息,562,251,311,合庫-鳳山,2024-08-05,1029
00634R,富邦上証反1,232,0,232,合庫-鳳山,2024-08-05,1029
00878,國泰永續高股息,287,86,201,合庫-鳳山,2024-08-05,1029
00679B,元大美債20年,196,27,169,合庫-鳳山,2024-08-05,1029
0056,元大高股息,136,32,104,合庫-鳳山,2024-08-05,1029
5880,合庫金,77,2,75,合庫-鳳山,2024-08-05,1029
2537,聯上發,74,1,73,合庫-鳳山,2024-08-05,1029
00946,群益科技高息成長,73,0,73,合庫-鳳山,2024-08-05,1029
2002,中鋼,137,75,62,合庫-鳳山,2024-08-05,1029
00676R,富邦臺灣加權反1,60,0,60,合庫-鳳山,2024-08-05,1029
2330,台積電,96,38,58,合庫-鳳山,2024-08-05,1029
2515,中工,55,1,54,合庫-鳳山,2024-08-05,1029
3037,欣興,60,9,51,合庫-鳳山,2024-08-05,1029
3041,揚智,50,0,50,合庫-鳳山,2024-08-05,1029
2610,華航,67,19,48,合庫-鳳山,2024-08-05,1029
2301,光寶科,48,3,45,合庫-鳳山,2024-08-05,1029
3576,聯合再生,58,14,44,合庫-鳳山,2024-08-05,1029
3481,群創,178,136,42,合庫-鳳山,2024-08-05,1029
6719,力智,40,0,40,合庫-鳳山,2024-08-05,1029
2317,鴻海,116,77,39,合庫-鳳山,2024-08-05,1029
3707,漢磊,36,1,35,合庫-鳳山,2024-08-05,1029
3105,穩懋,32,3,29,合庫-鳳山,2024-08-05,1029
2897,王道銀行,29,1,28,合庫-鳳山,2024-08-05,1029
6116,彩晶,32,4,28,合庫-鳳山,2024-08-05,1029
00939,統一台灣高息動能,42,15,27,合庫-鳳山,2024-08-05,1029
2409,友達,53,26,27,合庫-鳳山,2024-08-05,1029
2303,聯電,47,21,26,合庫-鳳山,2024-08-05,1029
00715L,期街口布蘭特正2,25,0,25,合庫-鳳山,2024-08-05,1029
6770,力積電,109,85,24,合庫-鳳山,2024-08-05,1029
00922,國泰台灣領袖50,29,5,24,合庫-鳳山,2024-08-05,1029
00918,大華優利高填息30,23,1,22,合庫-鳳山,2024-08-05,1029
1314,中石化,40,18,22,合庫-鳳山,2024-08-05,1029
6282,康舒,26,4,22,合庫-鳳山,2024-08-05,1029
1808,潤隆,21,0,21,合庫-鳳山,2024-08-05,1029
00664R,國泰臺灣加權反1,21,0,21,合庫-鳳山,2024-08-05,1029
6182,合晶,21,0,21,合庫-鳳山,2024-08-05,1029
2354,鴻準,22,2,20,合庫-鳳山,2024-08-05,1029
00915,凱基優選高股息30,23,3,20,合庫-鳳山,2024-08-05,1029
2365,昆盈,32,12,20,合庫-鳳山,2024-08-05,1029
1313,聯成,23,3,20,合庫-鳳山,2024-08-05,1029
2801,彰銀,20,0,20,合庫-鳳山,2024-08-05,1029
2885,元大金,20,0,20,合庫-鳳山,2024-08-05,1029
2911,麗嬰房,20,0,20,合庫-鳳山,2024-08-05,1029
6771,平和環保-創,20,0,20,合庫-鳳山,2024-08-05,1029
00881,國泰台灣5G+,27,7,20,合庫-鳳山,2024-08-05,1029
1609,大亞,37,18,19,合庫-鳳山,2024-08-05,1029
2891,中信金,46,27,19,合庫-鳳山,2024-08-05,1029
00687B,國泰20年美債,49,30,19,合庫-鳳山,2024-08-05,1029
00632R,元大台灣50反1,714,303,411,合庫-鳳山,2024-08-06,1029
00933B,國泰10Y+金融債,232,2,230,合庫-鳳山,2024-08-06,1029
00940,元大台灣價值高息,204,29,175,合庫-鳳山,2024-08-06,1029
2836,高雄銀,140,0,140,合庫-鳳山,2024-08-06,1029
5512,力麒,145,50,95,合庫-鳳山,2024-08-06,1029
00878,國泰永續高股息,110,18,92,合庫-鳳山,2024-08-06,1029
6164,華興,80,0,80,合庫-鳳山,2024-08-06,1029
2887,台新金,70,0,70,合庫-鳳山,2024-08-06,1029
2002,中鋼,57,1,56,合庫-鳳山,2024-08-06,1029
2542,興富發,61,12,49,合庫-鳳山,2024-08-06,1029
3706,神達,53,7,46,合庫-鳳山,2024-08-06,1029
2317,鴻海,101,56,45,合庫-鳳山,2024-08-06,1029
00945B,凱基美國非投等債,42,0,42,合庫-鳳山,2024-08-06,1029
2409,友達,55,14,41,合庫-鳳山,2024-08-06,1029
2365,昆盈,70,32,38,合庫-鳳山,2024-08-06,1029
2889,國票金,44,7,37,合庫-鳳山,2024-08-06,1029
00929,復華台灣科技優息,299,271,28,合庫-鳳山,2024-08-06,1029
6770,力積電,48,20,28,合庫-鳳山,2024-08-06,1029
00675L,富邦臺灣加權正2,28,1,27,合庫-鳳山,2024-08-06,1029
00795B,中信美國公債20年,30,4,26,合庫-鳳山,2024-08-06,1029
00948B,中信優息投資級債,24,0,24,合庫-鳳山,2024-08-06,1029
00881,國泰台灣5G+,35,13,22,合庫-鳳山,2024-08-06,1029
3013,晟銘電,37,15,22,合庫-鳳山,2024-08-06,1029
0050,元大台灣50,28,6,22,合庫-鳳山,2024-08-06,1029
00712,復華富時不動產,21,0,21,合庫-鳳山,2024-08-06,1029
2867,三商壽,22,1,21,合庫-鳳山,2024-08-06,1029
911868,同方友友-DR,21,0,21,合庫-鳳山,2024-08-06,1029
00642U,期元大S＆P石油,21,1,20,合庫-鳳山,2024-08-06,1029
1440,南紡,20,0,20,合庫-鳳山,2024-08-06,1029
2537,聯上發,27,8,19,合庫-鳳山,2024-08-06,1029
00946,群益科技高息成長,18,1,17,合庫-鳳山,2024-08-06,1029
2888,新光金,45,28,17,合庫-鳳山,2024-08-06,1029
3062,建漢,16,0,16,合庫-鳳山,2024-08-06,1029
2408,南亞科,17,2,15,合庫-鳳山,2024-08-06,1029
2812,台中銀,16,1,15,合庫-鳳山,2024-08-06,1029
2731,雄獅,15,0,15,合庫-鳳山,2024-08-06,1029
2062,橋椿,17,3,14,合庫-鳳山,2024-08-06,1029
00633L,富邦上証正2,13,0,13,合庫-鳳山,2024-08-06,1029
00679B,元大美債20年,72,59,13,合庫-鳳山,2024-08-06,1029
2884,玉山金,13,0,13,合庫-鳳山,2024-08-06,1029
00905,FT臺灣Smart,13,1,12,合庫-鳳山,2024-08-06,1029
3035,智原,23,11,12,合庫-鳳山,2024-08-06,1029
2460,建通,12,0,12,合庫-鳳山,2024-08-06,1029
00936,台新永續高息中小,18,7,11,合庫-鳳山,2024-08-06,1029
1513,中興電,16,5,11,合庫-鳳山,2024-08-06,1029
2349,錸德,13,2,11,合庫-鳳山,2024-08-06,1029
3694,海華,11,0,11,合庫-鳳山,2024-08-06,1029
6126,信音,11,0,11,合庫-鳳山,2024-08-06,1029
00764B,群益25年美債,10,0,10,合庫-鳳山,2024-08-06,1029
00730,富邦臺灣優質高息,10,0,10,合庫-鳳山,2024-08-06,1029
00929,復華台灣科技優息,452,98,354,合庫-鳳山,2024-08-07,1029
00878,國泰永續高股息,209,68,141,合庫-鳳山,2024-08-07,1029
2834,臺企銀,118,13,105,合庫-鳳山,2024-08-07,1029
2317,鴻海,95,24,71,合庫-鳳山,2024-08-07,1029
00940,元大台灣價值高息,62,5,57,合庫-鳳山,2024-08-07,1029
00934,中信成長高股息,53,0,53,合庫-鳳山,2024-08-07,1029
00892,富邦台灣半導體,45,1,44,合庫-鳳山,2024-08-07,1029
00881,國泰台灣5G+,40,0,40,合庫-鳳山,2024-08-07,1029
00936,台新永續高息中小,34,1,33,合庫-鳳山,2024-08-07,1029
00795B,中信美國公債20年,32,0,32,合庫-鳳山,2024-08-07,1029
00919,群益台灣精選高息,52,21,31,合庫-鳳山,2024-08-07,1029
00713,元大台灣高息低波,31,0,31,合庫-鳳山,2024-08-07,1029
00900,富邦特選高股息30,160,130,30,合庫-鳳山,2024-08-07,1029
00753L,中信中國50正2,30,0,30,合庫-鳳山,2024-08-07,1029
00680L,元大美債20正2,108,80,28,合庫-鳳山,2024-08-07,1029
00642U,期元大S＆P石油,36,11,25,合庫-鳳山,2024-08-07,1029
2356,英業達,24,3,21,合庫-鳳山,2024-08-07,1029
00734B,台新JPM新興債,20,0,20,合庫-鳳山,2024-08-07,1029
00715L,期街口布蘭特正2,19,0,19,合庫-鳳山,2024-08-07,1029
6213,聯茂,21,2,19,合庫-鳳山,2024-08-07,1029
3010,華立,18,0,18,合庫-鳳山,2024-08-07,1029
2312,金寶,23,6,17,合庫-鳳山,2024-08-07,1029
0056,元大高股息,16,1,15,合庫-鳳山,2024-08-07,1029
00949,復華日本龍頭,14,0,14,合庫-鳳山,2024-08-07,1029
2367,燿華,28,14,14,合庫-鳳山,2024-08-07,1029
2408,南亞科,16,2,14,合庫-鳳山,2024-08-07,1029
2887,台新金,13,0,13,合庫-鳳山,2024-08-07,1029
00631L,元大台灣50正2,13,0,13,合庫-鳳山,2024-08-07,1029
3593,力銘,13,0,13,合庫-鳳山,2024-08-07,1029
8112,至上,12,0,12,合庫-鳳山,2024-08-07,1029
00951,台新日本半導體,12,0,12,合庫-鳳山,2024-08-07,1029
2634,漢翔,12,0,12,合庫-鳳山,2024-08-07,1029
00933B,國泰10Y+金融債,68,57,11,合庫-鳳山,2024-08-07,1029
2344,華邦電,14,3,11,合庫-鳳山,2024-08-07,1029
3188,鑫龍騰,10,0,10,合庫-鳳山,2024-08-07,1029
00725B,國泰投資級公司債,10,0,10,合庫-鳳山,2024-08-07,1029
00640L,富邦日本正2,10,0,10,合庫-鳳山,2024-08-07,1029
00902,中信電池及儲能,10,0,10,合庫-鳳山,2024-08-07,1029
2399,映泰,10,0,10,合庫-鳳山,2024-08-07,1029
3062,建漢,10,0,10,合庫-鳳山,2024-08-07,1029
5481,新華,10,0,10,合庫-鳳山,2024-08-07,1029
8104,錸寶,10,0,10,合庫-鳳山,2024-08-07,1029
3013,晟銘電,19,9,10,合庫-鳳山,2024-08-07,1029
5880,合庫金,11,1,10,合庫-鳳山,2024-08-07,1029
2204,中華,10,0,10,合庫-鳳山,2024-08-07,1029
2201,裕隆,10,0,10,合庫-鳳山,2024-08-07,1029
00915,凱基優選高股息30,9,0,9,合庫-鳳山,2024-08-07,1029
6770,力積電,10,1,9,合庫-鳳山,2024-08-07,1029
2610,華航,10,2,8,合庫-鳳山,2024-08-07,1029
4510,高鋒,13,5,8,合庫-鳳山,2024-08-07,1029
00676R,富邦臺灣加權反1,430,0,430,合庫-鳳山,2024-08-08,1029
00933B,國泰10Y+金融債,239,0,239,合庫-鳳山,2024-08-08,1029
00929,復華台灣科技優息,261,43,218,合庫-鳳山,2024-08-08,1029
2888,新光金,208,0,208,合庫-鳳山,2024-08-08,1029
00665L,富邦�琤肭磪囓�2,500,300,200,合庫-鳳山,2024-08-08,1029
2409,友達,103,0,103,合庫-鳳山,2024-08-08,1029
00940,元大台灣價值高息,104,10,94,合庫-鳳山,2024-08-08,1029
2641,正德,64,0,64,合庫-鳳山,2024-08-08,1029
2317,鴻海,97,34,63,合庫-鳳山,2024-08-08,1029
00632R,元大台灣50反1,104,46,58,合庫-鳳山,2024-08-08,1029
00936,台新永續高息中小,56,0,56,合庫-鳳山,2024-08-08,1029
2886,兆豐金,53,0,53,合庫-鳳山,2024-08-08,1029
2834,臺企銀,50,6,44,合庫-鳳山,2024-08-08,1029
3048,益登,42,3,39,合庫-鳳山,2024-08-08,1029
6658,聯策,38,1,37,合庫-鳳山,2024-08-08,1029
00919,群益台灣精選高息,49,13,36,合庫-鳳山,2024-08-08,1029
4967,十銓,36,1,35,合庫-鳳山,2024-08-08,1029
2885,元大金,41,7,34,合庫-鳳山,2024-08-08,1029
2891,中信金,47,13,34,合庫-鳳山,2024-08-08,1029
2892,第一金,31,1,30,合庫-鳳山,2024-08-08,1029
00752,中信中國50,30,0,30,合庫-鳳山,2024-08-08,1029
2609,陽明,40,11,29,合庫-鳳山,2024-08-08,1029
00878,國泰永續高股息,54,26,28,合庫-鳳山,2024-08-08,1029
2356,英業達,30,1,29,合庫-鳳山,2024-08-08,1029
00892,富邦台灣半導體,28,0,28,合庫-鳳山,2024-08-08,1029
2303,聯電,61,33,28,合庫-鳳山,2024-08-08,1029
00718B,富邦中國政策債,27,0,27,合庫-鳳山,2024-08-08,1029
2344,華邦電,34,7,27,合庫-鳳山,2024-08-08,1029
6215,和椿,26,1,25,合庫-鳳山,2024-08-08,1029
00680L,元大美債20正2,24,0,24,合庫-鳳山,2024-08-08,1029
2371,大同,28,4,24,合庫-鳳山,2024-08-08,1029
2515,中工,25,1,24,合庫-鳳山,2024-08-08,1029
3481,群創,23,1,22,合庫-鳳山,2024-08-08,1029
00703,台新MSCI中國,20,0,20,合庫-鳳山,2024-08-08,1029
1718,中纖,21,1,20,合庫-鳳山,2024-08-08,1029
2206,三陽工業,20,0,20,合庫-鳳山,2024-08-08,1029
3032,偉訓,20,0,20,合庫-鳳山,2024-08-08,1029
6127,九豪,20,0,20,合庫-鳳山,2024-08-08,1029
2382,廣達,22,3,19,合庫-鳳山,2024-08-08,1029
2489,瑞軒,42,24,18,合庫-鳳山,2024-08-08,1029
00642U,期元大S＆P石油,54,37,17,合庫-鳳山,2024-08-08,1029
2537,聯上發,39,22,17,合庫-鳳山,2024-08-08,1029
2615,萬海,46,29,17,合庫-鳳山,2024-08-08,1029
2324,仁寶,16,0,16,合庫-鳳山,2024-08-08,1029
2486,一詮,29,13,16,合庫-鳳山,2024-08-08,1029
00753L,中信中國50正2,20,5,15,合庫-鳳山,2024-08-08,1029
00931B,統一美債20年,15,0,15,合庫-鳳山,2024-08-08,1029
00915,凱基優選高股息30,14,0,14,合庫-鳳山,2024-08-08,1029
6282,康舒,14,0,14,合庫-鳳山,2024-08-08,1029
0056,元大高股息,15,2,13,合庫-鳳山,2024-08-08,1029
00929,復華台灣科技優息,230,72,158,合庫-鳳山,2024-08-09,1029
00679B,元大美債20年,130,10,120,合庫-鳳山,2024-08-09,1029
00753L,中信中國50正2,102,5,97,合庫-鳳山,2024-08-09,1029
1514,亞力,61,6,55,合庫-鳳山,2024-08-09,1029
2887,台新金,56,2,54,合庫-鳳山,2024-08-09,1029
00933B,國泰10Y+金融債,40,0,40,合庫-鳳山,2024-08-09,1029
00632R,元大台灣50反1,68,30,38,合庫-鳳山,2024-08-09,1029
2891,中信金,50,13,37,合庫-鳳山,2024-08-09,1029
00878,國泰永續高股息,38,8,30,合庫-鳳山,2024-08-09,1029
00932,兆豐永續高息等權,30,0,30,合庫-鳳山,2024-08-09,1029
3481,群創,49,22,27,合庫-鳳山,2024-08-09,1029
2615,萬海,42,16,26,合庫-鳳山,2024-08-09,1029
3576,聯合再生,25,1,24,合庫-鳳山,2024-08-09,1029
2301,光寶科,30,7,23,合庫-鳳山,2024-08-09,1029
3189,景碩,52,29,23,合庫-鳳山,2024-08-09,1029
2349,錸德,131,109,22,合庫-鳳山,2024-08-09,1029
2387,精元,23,2,21,合庫-鳳山,2024-08-09,1029
5309,系統電,20,1,19,合庫-鳳山,2024-08-09,1029
3010,華立,24,6,18,合庫-鳳山,2024-08-09,1029
1815,富喬,15,0,15,合庫-鳳山,2024-08-09,1029
2329,華泰,15,0,15,合庫-鳳山,2024-08-09,1029
2515,中工,15,0,15,合庫-鳳山,2024-08-09,1029
00795B,中信美國公債20年,14,0,14,合庫-鳳山,2024-08-09,1029
4534,慶騰,16,2,14,合庫-鳳山,2024-08-09,1029
5351,鈺創,21,8,13,合庫-鳳山,2024-08-09,1029
1536,和大,13,1,12,合庫-鳳山,2024-08-09,1029
2353,宏��,11,0,11,合庫-鳳山,2024-08-09,1029
1714,和桐,11,0,11,合庫-鳳山,2024-08-09,1029
3044,健鼎,11,1,10,合庫-鳳山,2024-08-09,1029
00712,復華富時不動產,10,0,10,合庫-鳳山,2024-08-09,1029
00734B,台新JPM新興債,10,0,10,合庫-鳳山,2024-08-09,1029
00949,復華日本龍頭,10,0,10,合庫-鳳山,2024-08-09,1029
3707,漢磊,10,0,10,合庫-鳳山,2024-08-09,1029
4174,浩鼎,14,4,10,合庫-鳳山,2024-08-09,1029
00915,凱基優選高股息30,9,0,9,合庫-鳳山,2024-08-09,1029
1785,光洋科,21,12,9,合庫-鳳山,2024-08-09,1029
9103,美德醫療-DR,11,2,9,合庫-鳳山,2024-08-09,1029
00919,群益台灣精選高息,33,24,9,合庫-鳳山,2024-08-09,1029
00857B,永豐20年美公債,8,0,8,合庫-鳳山,2024-08-09,1029
00935,野村臺灣新科技50,10,2,8,合庫-鳳山,2024-08-09,1029
2421,建準,10,2,8,合庫-鳳山,2024-08-09,1029
2486,一詮,32,24,8,合庫-鳳山,2024-08-09,1029
3715,定穎投控,29,21,8,合庫-鳳山,2024-08-09,1029
8255,朋程,8,0,8,合庫-鳳山,2024-08-09,1029
2892,第一金,17,9,8,合庫-鳳山,2024-08-09,1029
1101,台泥,10,3,7,合庫-鳳山,2024-08-09,1029
6770,力積電,7,0,7,合庫-鳳山,2024-08-09,1029
2337,旺宏,9,2,7,合庫-鳳山,2024-08-09,1029
2542,興富發,11,4,7,合庫-鳳山,2024-08-09,1029
2850,新產,7,0,7,合庫-鳳山,2024-08-09,1029
00929,復華台灣科技優息,185,16,169,合庫-鳳山,2024-08-12,1029
00687B,國泰20年美債,108,6,102,合庫-鳳山,2024-08-12,1029
00680L,元大美債20正2,202,100,102,合庫-鳳山,2024-08-12,1029
00937B,群益ESG投等債20,86,10,76,合庫-鳳山,2024-08-12,1029
00679B,元大美債20年,72,0,72,合庫-鳳山,2024-08-12,1029
00936,台新永續高息中小,86,23,63,合庫-鳳山,2024-08-12,1029
00878,國泰永續高股息,78,20,58,合庫-鳳山,2024-08-12,1029
1718,中纖,71,20,51,合庫-鳳山,2024-08-12,1029
6658,聯策,57,7,50,合庫-鳳山,2024-08-12,1029
00915,凱基優選高股息30,39,0,39,合庫-鳳山,2024-08-12,1029
00900,富邦特選高股息30,37,0,37,合庫-鳳山,2024-08-12,1029
2891,中信金,30,0,30,合庫-鳳山,2024-08-12,1029
00945B,凱基美國非投等債,30,0,30,合庫-鳳山,2024-08-12,1029
2618,長榮航,32,3,29,合庫-鳳山,2024-08-12,1029
3535,晶彩科,28,2,26,合庫-鳳山,2024-08-12,1029
00688L,國泰20年美債正2,26,1,25,合庫-鳳山,2024-08-12,1029
8105,凌巨,23,1,22,合庫-鳳山,2024-08-12,1029
8064,東捷,22,1,21,合庫-鳳山,2024-08-12,1029
4513,福裕,18,0,18,合庫-鳳山,2024-08-12,1029
2887,台新金,18,0,18,合庫-鳳山,2024-08-12,1029
3663,鑫科,65,49,16,合庫-鳳山,2024-08-12,1029
4532,瑞智,15,0,15,合庫-鳳山,2024-08-12,1029
6532,瑞耘,15,0,15,合庫-鳳山,2024-08-12,1029
2911,麗嬰房,31,17,14,合庫-鳳山,2024-08-12,1029
1609,大亞,28,16,12,合庫-鳳山,2024-08-12,1029
1608,華榮,11,0,11,合庫-鳳山,2024-08-12,1029
3518,柏騰,11,0,11,合庫-鳳山,2024-08-12,1029
2359,所羅門,32,22,10,合庫-鳳山,2024-08-12,1029
00718B,富邦中國政策債,10,0,10,合庫-鳳山,2024-08-12,1029
00932,兆豐永續高息等權,10,0,10,合庫-鳳山,2024-08-12,1029
9945,潤泰新,11,1,10,合庫-鳳山,2024-08-12,1029
2002,中鋼,9,0,9,合庫-鳳山,2024-08-12,1029
00918,大華優利高填息30,10,1,9,合庫-鳳山,2024-08-12,1029
2501,國建,10,1,9,合庫-鳳山,2024-08-12,1029
00772B,中信高評級公司債,9,0,9,合庫-鳳山,2024-08-12,1029
6187,萬潤,12,4,8,合庫-鳳山,2024-08-12,1029
3686,達能,8,0,8,合庫-鳳山,2024-08-12,1029
6189,豐藝,8,0,8,合庫-鳳山,2024-08-12,1029
6488,環球晶,9,1,8,合庫-鳳山,2024-08-12,1029
8011,台通,16,8,8,合庫-鳳山,2024-08-12,1029
2880,華南金,7,0,7,合庫-鳳山,2024-08-12,1029
00946,群益科技高息成長,6,0,6,合庫-鳳山,2024-08-12,1029
2349,錸德,58,52,6,合庫-鳳山,2024-08-12,1029
2421,建準,6,0,6,合庫-鳳山,2024-08-12,1029
2464,盟立,12,6,6,合庫-鳳山,2024-08-12,1029
4540,全球傳動,7,1,6,合庫-鳳山,2024-08-12,1029
6505,台塑化,6,0,6,合庫-鳳山,2024-08-12,1029
8374,羅昇,8,2,6,合庫-鳳山,2024-08-12,1029
2317,鴻海,40,35,5,合庫-鳳山,2024-08-12,1029
00633L,富邦上証正2,5,0,5,合庫-鳳山,2024-08-12,1029
00665L,富邦�琤肭磪囓�2,400,0,400,合庫-鳳山,2024-08-13,1029
00878,國泰永續高股息,189,10,179,合庫-鳳山,2024-08-13,1029
00679B,元大美債20年,117,24,93,合庫-鳳山,2024-08-13,1029
2301,光寶科,64,14,50,合庫-鳳山,2024-08-13,1029
2834,臺企銀,46,0,46,合庫-鳳山,2024-08-13,1029
2880,華南金,46,1,45,合庫-鳳山,2024-08-13,1029
2615,萬海,50,10,40,合庫-鳳山,2024-08-13,1029
00937B,群益ESG投等債20,42,12,30,合庫-鳳山,2024-08-13,1029
00915,凱基優選高股息30,28,0,28,合庫-鳳山,2024-08-13,1029
00892,富邦台灣半導體,28,0,28,合庫-鳳山,2024-08-13,1029
6505,台塑化,27,0,27,合庫-鳳山,2024-08-13,1029
00881,國泰台灣5G+,25,2,23,合庫-鳳山,2024-08-13,1029
3450,聯鈞,37,15,22,合庫-鳳山,2024-08-13,1029
2609,陽明,35,13,22,合庫-鳳山,2024-08-13,1029
00671R,富邦NASDAQ反1,20,0,20,合庫-鳳山,2024-08-13,1029
00674R,期元大S＆P黃金反1,20,0,20,合庫-鳳山,2024-08-13,1029
00936,台新永續高息中小,33,15,18,合庫-鳳山,2024-08-13,1029
3231,緯創,21,3,18,合庫-鳳山,2024-08-13,1029
3593,力銘,18,0,18,合庫-鳳山,2024-08-13,1029
1808,潤隆,16,0,16,合庫-鳳山,2024-08-13,1029
6269,台郡,15,0,15,合庫-鳳山,2024-08-13,1029
00919,群益台灣精選高息,16,1,15,合庫-鳳山,2024-08-13,1029
6603,富強鑫,15,0,15,合庫-鳳山,2024-08-13,1029
00918,大華優利高填息30,14,0,14,合庫-鳳山,2024-08-13,1029
1314,中石化,16,2,14,合庫-鳳山,2024-08-13,1029
2492,華新科,25,11,14,合庫-鳳山,2024-08-13,1029
3062,建漢,34,20,14,合庫-鳳山,2024-08-13,1029
3188,鑫龍騰,24,10,14,合庫-鳳山,2024-08-13,1029
2886,兆豐金,14,0,14,合庫-鳳山,2024-08-13,1029
00900,富邦特選高股息30,16,3,13,合庫-鳳山,2024-08-13,1029
2486,一詮,16,3,13,合庫-鳳山,2024-08-13,1029
00934,中信成長高股息,12,0,12,合庫-鳳山,2024-08-13,1029
00712,復華富時不動產,12,0,12,合庫-鳳山,2024-08-13,1029
3691,碩禾,11,0,11,合庫-鳳山,2024-08-13,1029
3024,憶聲,11,0,11,合庫-鳳山,2024-08-13,1029
00632R,元大台灣50反1,15,5,10,合庫-鳳山,2024-08-13,1029
3673,TPK-KY,10,0,10,合庫-鳳山,2024-08-13,1029
4532,瑞智,10,0,10,合庫-鳳山,2024-08-13,1029
6288,聯嘉,10,0,10,合庫-鳳山,2024-08-13,1029
8358,金居,12,2,10,合庫-鳳山,2024-08-13,1029
2344,華邦電,12,2,10,合庫-鳳山,2024-08-13,1029
00680L,元大美債20正2,79,70,9,合庫-鳳山,2024-08-13,1029
3013,晟銘電,75,66,9,合庫-鳳山,2024-08-13,1029
3605,宏致,11,2,9,合庫-鳳山,2024-08-13,1029
3706,神達,13,4,9,合庫-鳳山,2024-08-13,1029
1301,台塑,8,0,8,合庫-鳳山,2024-08-13,1029
1584,精剛,10,2,8,合庫-鳳山,2024-08-13,1029
2449,京元電子,8,0,8,合庫-鳳山,2024-08-13,1029
2610,華航,16,8,8,合庫-鳳山,2024-08-13,1029
6282,康舒,9,1,8,合庫-鳳山,2024-08-13,1029
00878,國泰永續高股息,161,14,147,合庫-鳳山,2024-08-14,1029
00929,復華台灣科技優息,133,15,118,合庫-鳳山,2024-08-14,1029
00687B,國泰20年美債,113,3,110,合庫-鳳山,2024-08-14,1029
5880,合庫金,208,125,83,合庫-鳳山,2024-08-14,1029
2609,陽明,88,6,82,合庫-鳳山,2024-08-14,1029
00632R,元大台灣50反1,140,71,69,合庫-鳳山,2024-08-14,1029
2349,錸德,71,3,68,合庫-鳳山,2024-08-14,1029
3062,建漢,70,6,64,合庫-鳳山,2024-08-14,1029
6658,聯策,45,0,45,合庫-鳳山,2024-08-14,1029
2615,萬海,87,43,44,合庫-鳳山,2024-08-14,1029
1446,宏和,43,1,42,合庫-鳳山,2024-08-14,1029
6269,台郡,37,1,36,合庫-鳳山,2024-08-14,1029
00915,凱基優選高股息30,36,7,29,合庫-鳳山,2024-08-14,1029
6274,台燿,25,1,24,合庫-鳳山,2024-08-14,1029
2618,長榮航,25,2,23,合庫-鳳山,2024-08-14,1029
4561,健椿,27,5,22,合庫-鳳山,2024-08-14,1029
2603,長榮,31,9,22,合庫-鳳山,2024-08-14,1029
00936,台新永續高息中小,46,25,21,合庫-鳳山,2024-08-14,1029
00948B,中信優息投資級債,21,0,21,合庫-鳳山,2024-08-14,1029
2356,英業達,32,11,21,合庫-鳳山,2024-08-14,1029
00679B,元大美債20年,26,5,21,合庫-鳳山,2024-08-14,1029
00881,國泰台灣5G+,28,7,21,合庫-鳳山,2024-08-14,1029
00671R,富邦NASDAQ反1,20,0,20,合庫-鳳山,2024-08-14,1029
00932,兆豐永續高息等權,20,0,20,合庫-鳳山,2024-08-14,1029
5309,系統電,20,1,19,合庫-鳳山,2024-08-14,1029
00715L,期街口布蘭特正2,18,0,18,合庫-鳳山,2024-08-14,1029
3576,聯合再生,18,0,18,合庫-鳳山,2024-08-14,1029
3312,弘憶股,16,0,16,合庫-鳳山,2024-08-14,1029
4513,福裕,27,11,16,合庫-鳳山,2024-08-14,1029
6257,矽格,18,2,16,合庫-鳳山,2024-08-14,1029
2427,三商電,23,9,14,合庫-鳳山,2024-08-14,1029
6505,台塑化,20,7,13,合庫-鳳山,2024-08-14,1029
2911,麗嬰房,12,0,12,合庫-鳳山,2024-08-14,1029
2892,第一金,12,0,12,合庫-鳳山,2024-08-14,1029
2007,燁興,11,0,11,合庫-鳳山,2024-08-14,1029
5521,工信,11,0,11,合庫-鳳山,2024-08-14,1029
2312,金寶,26,15,11,合庫-鳳山,2024-08-14,1029
00899,FT潔淨能源,10,0,10,合庫-鳳山,2024-08-14,1029
2486,一詮,12,2,10,合庫-鳳山,2024-08-14,1029
2362,藍天,10,0,10,合庫-鳳山,2024-08-14,1029
00664R,國泰臺灣加權反1,9,0,9,合庫-鳳山,2024-08-14,1029
2884,玉山金,10,1,9,合庫-鳳山,2024-08-14,1029
2880,華南金,13,4,9,合庫-鳳山,2024-08-14,1029
2337,旺宏,13,5,8,合庫-鳳山,2024-08-14,1029
1301,台塑,10,2,8,合庫-鳳山,2024-08-14,1029
3047,訊舟,17,9,8,合庫-鳳山,2024-08-14,1029
6446,藥華藥,15,8,7,合庫-鳳山,2024-08-14,1029
00753L,中信中國50正2,7,0,7,合庫-鳳山,2024-08-14,1029
1618,合機,17,10,7,合庫-鳳山,2024-08-14,1029
2014,中鴻,8,1,7,合庫-鳳山,2024-08-14,1029
00929,復華台灣科技優息,192,19,173,合庫-鳳山,2024-08-15,1029
00632R,元大台灣50反1,227,58,169,合庫-鳳山,2024-08-15,1029
00688L,國泰20年美債正2,122,2,120,合庫-鳳山,2024-08-15,1029
00878,國泰永續高股息,163,43,120,合庫-鳳山,2024-08-15,1029
00934,中信成長高股息,100,0,100,合庫-鳳山,2024-08-15,1029
00900,富邦特選高股息30,73,0,73,合庫-鳳山,2024-08-15,1029
00687B,國泰20年美債,152,83,69,合庫-鳳山,2024-08-15,1029
00679B,元大美債20年,78,21,57,合庫-鳳山,2024-08-15,1029
00642U,期元大S＆P石油,51,0,51,合庫-鳳山,2024-08-15,1029
2002,中鋼,51,0,51,合庫-鳳山,2024-08-15,1029
3711,日月光投控,42,1,41,合庫-鳳山,2024-08-15,1029
00881,國泰台灣5G+,41,2,39,合庫-鳳山,2024-08-15,1029
2891,中信金,31,1,30,合庫-鳳山,2024-08-15,1029
3062,建漢,31,1,30,合庫-鳳山,2024-08-15,1029
3605,宏致,32,4,28,合庫-鳳山,2024-08-15,1029
2317,鴻海,61,34,27,合庫-鳳山,2024-08-15,1029
3013,晟銘電,41,15,26,合庫-鳳山,2024-08-15,1029
2834,臺企銀,24,0,24,合庫-鳳山,2024-08-15,1029
4566,時碩工業,31,9,22,合庫-鳳山,2024-08-15,1029
6505,台塑化,23,1,22,合庫-鳳山,2024-08-15,1029
2892,第一金,20,0,20,合庫-鳳山,2024-08-15,1029
2886,兆豐金,21,2,19,合庫-鳳山,2024-08-15,1029
00942B,台新美A公司債20+,20,1,19,合庫-鳳山,2024-08-15,1029
2208,台船,23,5,18,合庫-鳳山,2024-08-15,1029
6191,精成科,20,2,18,合庫-鳳山,2024-08-15,1029
00936,台新永續高息中小,16,0,16,合庫-鳳山,2024-08-15,1029
2312,金寶,15,0,15,合庫-鳳山,2024-08-15,1029
5880,合庫金,24,10,14,合庫-鳳山,2024-08-15,1029
1101,台泥,15,2,13,合庫-鳳山,2024-08-15,1029
1513,中興電,14,2,12,合庫-鳳山,2024-08-15,1029
00932,兆豐永續高息等權,12,0,12,合庫-鳳山,2024-08-15,1029
2303,聯電,15,3,12,合庫-鳳山,2024-08-15,1029
3663,鑫科,25,13,12,合庫-鳳山,2024-08-15,1029
4526,東台,12,0,12,合庫-鳳山,2024-08-15,1029
6706,惠特,14,2,12,合庫-鳳山,2024-08-15,1029
1570,力肯,21,10,11,合庫-鳳山,2024-08-15,1029
00671R,富邦NASDAQ反1,10,0,10,合庫-鳳山,2024-08-15,1029
00950B,凱基A級公司債,10,0,10,合庫-鳳山,2024-08-15,1029
2880,華南金,12,2,10,合庫-鳳山,2024-08-15,1029
3596,智易,10,0,10,合庫-鳳山,2024-08-15,1029
4523,永彰,20,10,10,合庫-鳳山,2024-08-15,1029
5512,力麒,11,1,10,合庫-鳳山,2024-08-15,1029
8091,翔名,10,0,10,合庫-鳳山,2024-08-15,1029
00715L,期街口布蘭特正2,14,5,9,合庫-鳳山,2024-08-15,1029
4540,全球傳動,14,5,9,合庫-鳳山,2024-08-15,1029
5521,工信,10,1,9,合庫-鳳山,2024-08-15,1029
6112,邁達特,9,0,9,合庫-鳳山,2024-08-15,1029
8064,東捷,14,5,9,合庫-鳳山,2024-08-15,1029
1702,南僑,8,0,8,合庫-鳳山,2024-08-15,1029
2371,大同,9,1,8,合庫-鳳山,2024-08-15,1029
00937B,群益ESG投等債20,879,20,859,合庫-鳳山,2024-08-16,1029
00679B,元大美債20年,264,1,263,合庫-鳳山,2024-08-16,1029
00687B,國泰20年美債,256,1,255,合庫-鳳山,2024-08-16,1029
00929,復華台灣科技優息,138,14,124,合庫-鳳山,2024-08-16,1029
00632R,元大台灣50反1,131,39,92,合庫-鳳山,2024-08-16,1029
2883,凱基金,100,21,79,合庫-鳳山,2024-08-16,1029
2845,遠東銀,33,0,33,合庫-鳳山,2024-08-16,1029
2323,中環,39,11,28,合庫-鳳山,2024-08-16,1029
2356,英業達,27,3,24,合庫-鳳山,2024-08-16,1029
6188,廣明,23,1,22,合庫-鳳山,2024-08-16,1029
2002,中鋼,22,1,21,合庫-鳳山,2024-08-16,1029
2397,友通,22,1,21,合庫-鳳山,2024-08-16,1029
2388,威盛,23,2,21,合庫-鳳山,2024-08-16,1029
00688L,國泰20年美債正2,16,0,16,合庫-鳳山,2024-08-16,1029
4533,協易機,16,0,16,合庫-鳳山,2024-08-16,1029
1808,潤隆,16,0,16,合庫-鳳山,2024-08-16,1029
3230,錦明,15,0,15,合庫-鳳山,2024-08-16,1029
3715,定穎投控,19,4,15,合庫-鳳山,2024-08-16,1029
3673,TPK-KY,17,3,14,合庫-鳳山,2024-08-16,1029
3706,神達,19,5,14,合庫-鳳山,2024-08-16,1029
00900,富邦特選高股息30,13,0,13,合庫-鳳山,2024-08-16,1029
00718B,富邦中國政策債,13,0,13,合庫-鳳山,2024-08-16,1029
2605,新興,13,0,13,合庫-鳳山,2024-08-16,1029
2867,三商壽,12,1,11,合庫-鳳山,2024-08-16,1029
4562,穎漢,22,11,11,合庫-鳳山,2024-08-16,1029
6161,捷波,11,0,11,合庫-鳳山,2024-08-16,1029
00650L,復華香港正2,10,0,10,合庫-鳳山,2024-08-16,1029
2889,國票金,10,0,10,合庫-鳳山,2024-08-16,1029
3078,僑威,10,0,10,合庫-鳳山,2024-08-16,1029
3357,臺慶科,10,0,10,合庫-鳳山,2024-08-16,1029
5512,力麒,10,0,10,合庫-鳳山,2024-08-16,1029
6139,亞翔,11,1,10,合庫-鳳山,2024-08-16,1029
8096,擎亞,61,51,10,合庫-鳳山,2024-08-16,1029
1449,佳和,10,1,9,合庫-鳳山,2024-08-16,1029
2241,艾姆勒,10,1,9,合庫-鳳山,2024-08-16,1029
3228,金麗科,10,1,9,合庫-鳳山,2024-08-16,1029
8150,南茂,8,0,8,合庫-鳳山,2024-08-16,1029
00655L,國泰中國A50正2,8,0,8,合庫-鳳山,2024-08-16,1029
00923,群益台ESG低碳50,8,1,7,合庫-鳳山,2024-08-16,1029
6443,元晶,7,0,7,合庫-鳳山,2024-08-16,1029
6552,易華電,7,0,7,合庫-鳳山,2024-08-16,1029
00713,元大台灣高息低波,7,0,7,合庫-鳳山,2024-08-16,1029
3712,永崴投控,9,3,6,合庫-鳳山,2024-08-16,1029
4961,天鈺,7,1,6,合庫-鳳山,2024-08-16,1029
6505,台塑化,7,1,6,合庫-鳳山,2024-08-16,1029
00712,復華富時不動產,5,0,5,合庫-鳳山,2024-08-16,1029
00734B,台新JPM新興債,5,0,5,合庫-鳳山,2024-08-16,1029
00795B,中信美國公債20年,5,0,5,合庫-鳳山,2024-08-16,1029
00753L,中信中國50正2,10,5,5,合庫-鳳山,2024-08-16,1029
1325,恆大,5,0,5,合庫-鳳山,2024-08-16,1029
00753L,中信中國50正2,208,0,208,合庫-鳳山,2024-08-19,1029
00687B,國泰20年美債,178,107,71,合庫-鳳山,2024-08-19,1029
5371,中光電,66,1,65,合庫-鳳山,2024-08-19,1029
00929,復華台灣科技優息,118,55,63,合庫-鳳山,2024-08-19,1029
00918,大華優利高填息30,63,7,56,合庫-鳳山,2024-08-19,1029
2887,台新金,55,0,55,合庫-鳳山,2024-08-19,1029
1805,寶徠,50,0,50,合庫-鳳山,2024-08-19,1029
00679B,元大美債20年,68,20,48,合庫-鳳山,2024-08-19,1029
2002,中鋼,45,1,44,合庫-鳳山,2024-08-19,1029
00878,國泰永續高股息,42,3,39,合庫-鳳山,2024-08-19,1029
1609,大亞,37,3,34,合庫-鳳山,2024-08-19,1029
2610,華航,30,0,30,合庫-鳳山,2024-08-19,1029
5880,合庫金,29,0,29,合庫-鳳山,2024-08-19,1029
00937B,群益ESG投等債20,33,9,24,合庫-鳳山,2024-08-19,1029
00933B,國泰10Y+金融債,23,0,23,合庫-鳳山,2024-08-19,1029
2505,國揚,25,2,23,合庫-鳳山,2024-08-19,1029
2834,臺企銀,22,0,22,合庫-鳳山,2024-08-19,1029
1611,中電,21,0,21,合庫-鳳山,2024-08-19,1029
2359,所羅門,31,10,21,合庫-鳳山,2024-08-19,1029
00680L,元大美債20正2,20,0,20,合庫-鳳山,2024-08-19,1029
2845,遠東銀,20,0,20,合庫-鳳山,2024-08-19,1029
3711,日月光投控,23,4,19,合庫-鳳山,2024-08-19,1029
1303,南亞,21,3,18,合庫-鳳山,2024-08-19,1029
6207,雷科,68,50,18,合庫-鳳山,2024-08-19,1029
00715L,期街口布蘭特正2,17,0,17,合庫-鳳山,2024-08-19,1029
3056,富華新,20,3,17,合庫-鳳山,2024-08-19,1029
6188,廣明,22,6,16,合庫-鳳山,2024-08-19,1029
2354,鴻準,35,20,15,合庫-鳳山,2024-08-19,1029
4533,協易機,14,1,13,合庫-鳳山,2024-08-19,1029
00900,富邦特選高股息30,35,22,13,合庫-鳳山,2024-08-19,1029
2618,長榮航,13,1,12,合庫-鳳山,2024-08-19,1029
3047,訊舟,20,8,12,合庫-鳳山,2024-08-19,1029
2014,中鴻,18,7,11,合庫-鳳山,2024-08-19,1029
00712,復華富時不動產,11,0,11,合庫-鳳山,2024-08-19,1029
00632R,元大台灣50反1,31,20,11,合庫-鳳山,2024-08-19,1029
1714,和桐,11,0,11,合庫-鳳山,2024-08-19,1029
3163,波若威,14,3,11,合庫-鳳山,2024-08-19,1029
4566,時碩工業,16,5,11,合庫-鳳山,2024-08-19,1029
9945,潤泰新,11,0,11,合庫-鳳山,2024-08-19,1029
2201,裕隆,11,0,11,合庫-鳳山,2024-08-19,1029
00947,台新臺灣IC設計,10,0,10,合庫-鳳山,2024-08-19,1029
00892,富邦台灣半導體,10,0,10,合庫-鳳山,2024-08-19,1029
00718B,富邦中國政策債,10,0,10,合庫-鳳山,2024-08-19,1029
00674R,期元大S＆P黃金反1,10,0,10,合庫-鳳山,2024-08-19,1029
00650L,復華香港正2,10,0,10,合庫-鳳山,2024-08-19,1029
3041,揚智,10,0,10,合庫-鳳山,2024-08-19,1029
00731,復華富時高息低波,10,0,10,合庫-鳳山,2024-08-19,1029
2324,仁寶,8,0,8,合庫-鳳山,2024-08-19,1029
2601,益航,13,5,8,合庫-鳳山,2024-08-19,1029
3044,健鼎,8,0,8,合庫-鳳山,2024-08-19,1029
00632R,元大台灣50反1,2271,363,1908,合庫-鳳山,2024-08-20,1029
00665L,富邦�琤肭磪囓�2,304,0,304,合庫-鳳山,2024-08-20,1029
00687B,國泰20年美債,169,12,157,合庫-鳳山,2024-08-20,1029
00680L,元大美債20正2,61,0,61,合庫-鳳山,2024-08-20,1029
00715L,期街口布蘭特正2,60,0,60,合庫-鳳山,2024-08-20,1029
1584,精剛,76,27,49,合庫-鳳山,2024-08-20,1029
00679B,元大美債20年,59,15,44,合庫-鳳山,2024-08-20,1029
2312,金寶,43,1,42,合庫-鳳山,2024-08-20,1029
00945B,凱基美國非投等債,30,0,30,合庫-鳳山,2024-08-20,1029
4979,華星光,35,6,29,合庫-鳳山,2024-08-20,1029
00642U,期元大S＆P石油,24,0,24,合庫-鳳山,2024-08-20,1029
2374,佳能,33,11,22,合庫-鳳山,2024-08-20,1029
9105,泰金寶-DR,22,0,22,合庫-鳳山,2024-08-20,1029
9945,潤泰新,22,0,22,合庫-鳳山,2024-08-20,1029
00919,群益台灣精選高息,41,20,21,合庫-鳳山,2024-08-20,1029
2408,南亞科,21,0,21,合庫-鳳山,2024-08-20,1029
4909,新復興,22,1,21,合庫-鳳山,2024-08-20,1029
1449,佳和,20,0,20,合庫-鳳山,2024-08-20,1029
2505,國揚,20,0,20,合庫-鳳山,2024-08-20,1029
5607,遠雄港,20,0,20,合庫-鳳山,2024-08-20,1029
2317,鴻海,36,19,17,合庫-鳳山,2024-08-20,1029
1303,南亞,17,0,17,合庫-鳳山,2024-08-20,1029
00937B,群益ESG投等債20,20,4,16,合庫-鳳山,2024-08-20,1029
2401,凌陽,18,2,16,合庫-鳳山,2024-08-20,1029
3266,昇陽,16,0,16,合庫-鳳山,2024-08-20,1029
00915,凱基優選高股息30,15,0,15,合庫-鳳山,2024-08-20,1029
3312,弘憶股,24,10,14,合庫-鳳山,2024-08-20,1029
00929,復華台灣科技優息,56,43,13,合庫-鳳山,2024-08-20,1029
00949,復華日本龍頭,13,0,13,合庫-鳳山,2024-08-20,1029
6209,今國光,13,0,13,合庫-鳳山,2024-08-20,1029
2492,華新科,13,0,13,合庫-鳳山,2024-08-20,1029
5443,均豪,64,52,12,合庫-鳳山,2024-08-20,1029
2243,宏旭-KY,21,9,12,合庫-鳳山,2024-08-20,1029
2501,國建,12,0,12,合庫-鳳山,2024-08-20,1029
3498,陽程,14,2,12,合庫-鳳山,2024-08-20,1029
4513,福裕,16,4,12,合庫-鳳山,2024-08-20,1029
5484,慧友,15,3,12,合庫-鳳山,2024-08-20,1029
2417,圓剛,11,0,11,合庫-鳳山,2024-08-20,1029
2886,兆豐金,11,0,11,合庫-鳳山,2024-08-20,1029
3037,欣興,16,5,11,合庫-鳳山,2024-08-20,1029
00751B,元大AAA至A公司債,10,0,10,合庫-鳳山,2024-08-20,1029
00948B,中信優息投資級債,10,0,10,合庫-鳳山,2024-08-20,1029
00955,中信日本商社,10,0,10,合庫-鳳山,2024-08-20,1029
00956,中信日經高股息,10,0,10,合庫-鳳山,2024-08-20,1029
3663,鑫科,26,16,10,合庫-鳳山,2024-08-20,1029
4303,信立,10,0,10,合庫-鳳山,2024-08-20,1029
4743,合一,10,0,10,合庫-鳳山,2024-08-20,1029
8091,翔名,10,0,10,合庫-鳳山,2024-08-20,1029
2365,昆盈,23,14,9,合庫-鳳山,2024-08-20,1029
6505,台塑化,9,0,9,合庫-鳳山,2024-08-20,1029
5880,合庫金,100,1,99,合庫-鳳山,2024-08-21,1029
00632R,元大台灣50反1,130,42,88,合庫-鳳山,2024-08-21,1029
2891,中信金,87,11,76,合庫-鳳山,2024-08-21,1029
00679B,元大美債20年,70,0,70,合庫-鳳山,2024-08-21,1029
00919,群益台灣精選高息,61,1,60,合庫-鳳山,2024-08-21,1029
00948B,中信優息投資級債,57,0,57,合庫-鳳山,2024-08-21,1029
6757,台灣虎航,40,0,40,合庫-鳳山,2024-08-21,1029
8064,東捷,120,83,37,合庫-鳳山,2024-08-21,1029
00715L,期街口布蘭特正2,29,0,29,合庫-鳳山,2024-08-21,1029
00953B,群益優選非投等債,29,1,28,合庫-鳳山,2024-08-21,1029
2362,藍天,29,3,26,合庫-鳳山,2024-08-21,1029
00725B,國泰投資級公司債,26,0,26,合庫-鳳山,2024-08-21,1029
6024,群益期,25,0,25,合庫-鳳山,2024-08-21,1029
00878,國泰永續高股息,25,2,23,合庫-鳳山,2024-08-21,1029
00934,中信成長高股息,22,1,21,合庫-鳳山,2024-08-21,1029
00907,永豐優息存股,20,0,20,合庫-鳳山,2024-08-21,1029
4109,加捷生醫,30,10,20,合庫-鳳山,2024-08-21,1029
8101,華冠,20,0,20,合庫-鳳山,2024-08-21,1029
00923,群益台ESG低碳50,18,0,18,合庫-鳳山,2024-08-21,1029
2542,興富發,22,5,17,合庫-鳳山,2024-08-21,1029
6207,雷科,17,0,17,合庫-鳳山,2024-08-21,1029
00687B,國泰20年美債,82,65,17,合庫-鳳山,2024-08-21,1029
00937B,群益ESG投等債20,51,35,16,合庫-鳳山,2024-08-21,1029
8440,綠電,15,1,14,合庫-鳳山,2024-08-21,1029
4540,全球傳動,14,0,14,合庫-鳳山,2024-08-21,1029
5512,力麒,14,0,14,合庫-鳳山,2024-08-21,1029
2880,華南金,13,0,13,合庫-鳳山,2024-08-21,1029
6462,神盾,22,9,13,合庫-鳳山,2024-08-21,1029
00904,新光臺灣半導體30,12,0,12,合庫-鳳山,2024-08-21,1029
2731,雄獅,12,0,12,合庫-鳳山,2024-08-21,1029
3016,嘉晶,21,9,12,合庫-鳳山,2024-08-21,1029
3702,大聯大,12,0,12,合庫-鳳山,2024-08-21,1029
00713,元大台灣高息低波,11,0,11,合庫-鳳山,2024-08-21,1029
00932,兆豐永續高息等權,11,0,11,合庫-鳳山,2024-08-21,1029
3537,堡達,12,1,11,合庫-鳳山,2024-08-21,1029
3663,鑫科,14,3,11,合庫-鳳山,2024-08-21,1029
00674R,期元大S＆P黃金反1,10,0,10,合庫-鳳山,2024-08-21,1029
1444,力麗,10,0,10,合庫-鳳山,2024-08-21,1029
1460,宏遠,10,0,10,合庫-鳳山,2024-08-21,1029
2515,中工,12,2,10,合庫-鳳山,2024-08-21,1029
2547,日勝生,10,0,10,合庫-鳳山,2024-08-21,1029
2317,鴻海,18,8,10,合庫-鳳山,2024-08-21,1029
4563,百德,15,6,9,合庫-鳳山,2024-08-21,1029
00881,國泰台灣5G+,10,1,9,合庫-鳳山,2024-08-21,1029
2330,台積電,9,1,8,合庫-鳳山,2024-08-21,1029
00918,大華優利高填息30,9,1,8,合庫-鳳山,2024-08-21,1029
00915,凱基優選高股息30,8,0,8,合庫-鳳山,2024-08-21,1029
1319,東陽,8,0,8,合庫-鳳山,2024-08-21,1029
1785,光洋科,12,4,8,合庫-鳳山,2024-08-21,1029
2014,中鴻,11,3,8,合庫-鳳山,2024-08-21,1029
2891,中信金,315,107,208,合庫-鳳山,2024-08-22,1029
2349,錸德,448,319,129,合庫-鳳山,2024-08-22,1029
00715L,期街口布蘭特正2,67,2,65,合庫-鳳山,2024-08-22,1029
2610,華航,60,1,59,合庫-鳳山,2024-08-22,1029
00878,國泰永續高股息,47,6,41,合庫-鳳山,2024-08-22,1029
2317,鴻海,36,6,30,合庫-鳳山,2024-08-22,1029
00687B,國泰20年美債,55,26,29,合庫-鳳山,2024-08-22,1029
00937B,群益ESG投等債20,31,3,28,合庫-鳳山,2024-08-22,1029
6505,台塑化,27,0,27,合庫-鳳山,2024-08-22,1029
00929,復華台灣科技優息,36,9,27,合庫-鳳山,2024-08-22,1029
2885,元大金,26,0,26,合庫-鳳山,2024-08-22,1029
1785,光洋科,26,2,24,合庫-鳳山,2024-08-22,1029
00953B,群益優選非投等債,22,0,22,合庫-鳳山,2024-08-22,1029
00680L,元大美債20正2,21,0,21,合庫-鳳山,2024-08-22,1029
4540,全球傳動,20,0,20,合庫-鳳山,2024-08-22,1029
6449,鈺邦,23,3,20,合庫-鳳山,2024-08-22,1029
1540,喬福,20,1,19,合庫-鳳山,2024-08-22,1029
2890,永豐金,20,3,17,合庫-鳳山,2024-08-22,1029
00688L,國泰20年美債正2,22,5,17,合庫-鳳山,2024-08-22,1029
3163,波若威,31,15,16,合庫-鳳山,2024-08-22,1029
8064,東捷,103,88,15,合庫-鳳山,2024-08-22,1029
4714,永捷,17,3,14,合庫-鳳山,2024-08-22,1029
00919,群益台灣精選高息,12,0,12,合庫-鳳山,2024-08-22,1029
00940,元大台灣價值高息,29,17,12,合庫-鳳山,2024-08-22,1029
2537,聯上發,12,0,12,合庫-鳳山,2024-08-22,1029
3062,建漢,13,1,12,合庫-鳳山,2024-08-22,1029
6125,廣運,12,0,12,合庫-鳳山,2024-08-22,1029
2330,台積電,34,23,11,合庫-鳳山,2024-08-22,1029
2337,旺宏,11,0,11,合庫-鳳山,2024-08-22,1029
2380,虹光,11,0,11,合庫-鳳山,2024-08-22,1029
1717,長興,11,1,10,合庫-鳳山,2024-08-22,1029
3535,晶彩科,18,8,10,合庫-鳳山,2024-08-22,1029
2327,國巨,10,0,10,合庫-鳳山,2024-08-22,1029
00850,元大臺灣ESG永續,10,0,10,合庫-鳳山,2024-08-22,1029
1714,和桐,10,0,10,合庫-鳳山,2024-08-22,1029
2547,日勝生,10,0,10,合庫-鳳山,2024-08-22,1029
3234,光環,10,0,10,合庫-鳳山,2024-08-22,1029
4533,協易機,12,2,10,合庫-鳳山,2024-08-22,1029
5206,坤悅,10,0,10,合庫-鳳山,2024-08-22,1029
5443,均豪,15,5,10,合庫-鳳山,2024-08-22,1029
8043,蜜望實,15,5,10,合庫-鳳山,2024-08-22,1029
5905,南仁湖,31,22,9,合庫-鳳山,2024-08-22,1029
00881,國泰台灣5G+,11,2,9,合庫-鳳山,2024-08-22,1029
4563,百德,11,2,9,合庫-鳳山,2024-08-22,1029
00876,元大全球5G,8,0,8,合庫-鳳山,2024-08-22,1029
1522,堤維西,8,0,8,合庫-鳳山,2024-08-22,1029
2476,鉅祥,12,4,8,合庫-鳳山,2024-08-22,1029
2486,一詮,13,5,8,合庫-鳳山,2024-08-22,1029
3711,日月光投控,18,10,8,合庫-鳳山,2024-08-22,1029
4402,郡都開發,9,1,8,合庫-鳳山,2024-08-22,1029
00632R,元大台灣50反1,540,0,540,合庫-鳳山,2024-08-23,1029
1314,中石化,101,23,78,合庫-鳳山,2024-08-23,1029
00857B,永豐20年美公債,70,0,70,合庫-鳳山,2024-08-23,1029
2885,元大金,47,0,47,合庫-鳳山,2024-08-23,1029
00687B,國泰20年美債,59,16,43,合庫-鳳山,2024-08-23,1029
4563,百德,40,0,40,合庫-鳳山,2024-08-23,1029
2537,聯上發,34,0,34,合庫-鳳山,2024-08-23,1029
2891,中信金,60,28,32,合庫-鳳山,2024-08-23,1029
00945B,凱基美國非投等債,30,0,30,合庫-鳳山,2024-08-23,1029
00688L,國泰20年美債正2,30,0,30,合庫-鳳山,2024-08-23,1029
4513,福裕,31,6,25,合庫-鳳山,2024-08-23,1029
2317,鴻海,26,2,24,合庫-鳳山,2024-08-23,1029
00795B,中信美國公債20年,22,0,22,合庫-鳳山,2024-08-23,1029
00679B,元大美債20年,21,0,21,合庫-鳳山,2024-08-23,1029
00919,群益台灣精選高息,24,3,21,合庫-鳳山,2024-08-23,1029
1524,耿鼎,21,0,21,合庫-鳳山,2024-08-23,1029
3189,景碩,53,32,21,合庫-鳳山,2024-08-23,1029
00947,台新臺灣IC設計,20,0,20,合庫-鳳山,2024-08-23,1029
2328,廣宇,20,0,20,合庫-鳳山,2024-08-23,1029
00680L,元大美債20正2,19,0,19,合庫-鳳山,2024-08-23,1029
2539,櫻花建,16,0,16,合庫-鳳山,2024-08-23,1029
00937B,群益ESG投等債20,18,3,15,合庫-鳳山,2024-08-23,1029
1708,東鹼,23,8,15,合庫-鳳山,2024-08-23,1029
2883,凱基金,16,1,15,合庫-鳳山,2024-08-23,1029
6505,台塑化,14,0,14,合庫-鳳山,2024-08-23,1029
6658,聯策,13,0,13,合庫-鳳山,2024-08-23,1029
8354,冠好,14,1,13,合庫-鳳山,2024-08-23,1029
2542,興富發,14,1,13,合庫-鳳山,2024-08-23,1029
00931B,統一美債20年,13,1,12,合庫-鳳山,2024-08-23,1029
00940,元大台灣價值高息,19,8,11,合庫-鳳山,2024-08-23,1029
1570,力肯,51,40,11,合庫-鳳山,2024-08-23,1029
00720B,元大投資級公司債,10,0,10,合庫-鳳山,2024-08-23,1029
00715L,期街口布蘭特正2,10,0,10,合庫-鳳山,2024-08-23,1029
00893,國泰智能電動車,13,3,10,合庫-鳳山,2024-08-23,1029
2408,南亞科,11,1,10,合庫-鳳山,2024-08-23,1029
2547,日勝生,10,0,10,合庫-鳳山,2024-08-23,1029
2801,彰銀,10,0,10,合庫-鳳山,2024-08-23,1029
1584,精剛,11,2,9,合庫-鳳山,2024-08-23,1029
1799,易威,9,0,9,合庫-鳳山,2024-08-23,1029
4906,正文,9,0,9,合庫-鳳山,2024-08-23,1029
2330,台積電,13,5,8,合庫-鳳山,2024-08-23,1029
00923,群益台ESG低碳50,8,0,8,合庫-鳳山,2024-08-23,1029
2349,錸德,88,80,8,合庫-鳳山,2024-08-23,1029
1711,永光,39,31,8,合庫-鳳山,2024-08-23,1029
2834,臺企銀,10,2,8,合庫-鳳山,2024-08-23,1029
6143,振曜,12,4,8,合庫-鳳山,2024-08-23,1029
1776,展宇,8,0,8,合庫-鳳山,2024-08-23,1029
1316,上曜,9,2,7,合庫-鳳山,2024-08-23,1029
2354,鴻準,9,2,7,合庫-鳳山,2024-08-23,1029
3019,亞光,14,7,7,合庫-鳳山,2024-08-23,1029
2891,中信金,822,35,787,合庫-鳳山,2024-08-26,1029
2888,新光金,549,264,285,合庫-鳳山,2024-08-26,1029
2409,友達,223,10,213,合庫-鳳山,2024-08-26,1029
2887,台新金,220,19,201,合庫-鳳山,2024-08-26,1029
00687B,國泰20年美債,170,17,153,合庫-鳳山,2024-08-26,1029
2516,新建,126,0,126,合庫-鳳山,2024-08-26,1029
1711,永光,86,34,52,合庫-鳳山,2024-08-26,1029
00637L,元大滬深300正2,50,0,50,合庫-鳳山,2024-08-26,1029
3711,日月光投控,38,0,38,合庫-鳳山,2024-08-26,1029
00919,群益台灣精選高息,37,1,36,合庫-鳳山,2024-08-26,1029
2331,精英,37,4,33,合庫-鳳山,2024-08-26,1029
8028,昇陽半導體,41,11,30,合庫-鳳山,2024-08-26,1029
8064,東捷,36,13,23,合庫-鳳山,2024-08-26,1029
5443,均豪,57,35,22,合庫-鳳山,2024-08-26,1029
2419,仲琦,20,0,20,合庫-鳳山,2024-08-26,1029
5452,佶優,17,1,16,合庫-鳳山,2024-08-26,1029
00795B,中信美國公債20年,16,0,16,合庫-鳳山,2024-08-26,1029
2882,國泰金,40,25,15,合庫-鳳山,2024-08-26,1029
00680L,元大美債20正2,15,1,14,合庫-鳳山,2024-08-26,1029
1442,名軒,14,0,14,合庫-鳳山,2024-08-26,1029
1609,大亞,19,5,14,合庫-鳳山,2024-08-26,1029
00900,富邦特選高股息30,13,0,13,合庫-鳳山,2024-08-26,1029
6462,神盾,17,4,13,合庫-鳳山,2024-08-26,1029
2537,聯上發,15,3,12,合庫-鳳山,2024-08-26,1029
3339,泰谷,13,1,12,合庫-鳳山,2024-08-26,1029
2359,所羅門,14,3,11,合庫-鳳山,2024-08-26,1029
2356,英業達,15,4,11,合庫-鳳山,2024-08-26,1029
3047,訊舟,13,2,11,合庫-鳳山,2024-08-26,1029
8091,翔名,11,0,11,合庫-鳳山,2024-08-26,1029
2603,長榮,11,1,10,合庫-鳳山,2024-08-26,1029
00905,FT臺灣Smart,10,0,10,合庫-鳳山,2024-08-26,1029
00764B,群益25年美債,10,0,10,合庫-鳳山,2024-08-26,1029
00674R,期元大S＆P黃金反1,10,0,10,合庫-鳳山,2024-08-26,1029
1316,上曜,11,1,10,合庫-鳳山,2024-08-26,1029
2049,上銀,10,0,10,合庫-鳳山,2024-08-26,1029
2727,王品,10,0,10,合庫-鳳山,2024-08-26,1029
3481,群創,33,23,10,合庫-鳳山,2024-08-26,1029
911868,同方友友-DR,9,0,9,合庫-鳳山,2024-08-26,1029
2324,仁寶,10,2,8,合庫-鳳山,2024-08-26,1029
3374,精材,12,4,8,合庫-鳳山,2024-08-26,1029
0056,元大高股息,11,3,8,合庫-鳳山,2024-08-26,1029
1584,精剛,37,30,7,合庫-鳳山,2024-08-26,1029
1708,東鹼,9,2,7,合庫-鳳山,2024-08-26,1029
1789,神隆,7,0,7,合庫-鳳山,2024-08-26,1029
2397,友通,7,0,7,合庫-鳳山,2024-08-26,1029
4113,聯上,7,0,7,合庫-鳳山,2024-08-26,1029
6143,振曜,11,4,7,合庫-鳳山,2024-08-26,1029
1717,長興,8,1,7,合庫-鳳山,2024-08-26,1029
2349,錸德,22,16,6,合庫-鳳山,2024-08-26,1029
2610,華航,8,2,6,合庫-鳳山,2024-08-26,1029
2891,中信金,286,44,242,合庫-鳳山,2024-08-27,1029
00673R,期元大S＆P原油反1,130,0,130,合庫-鳳山,2024-08-27,1029
00773B,中信優先金融債,104,0,104,合庫-鳳山,2024-08-27,1029
00919,群益台灣精選高息,90,2,88,合庫-鳳山,2024-08-27,1029
00687B,國泰20年美債,58,0,58,合庫-鳳山,2024-08-27,1029
00688L,國泰20年美債正2,57,0,57,合庫-鳳山,2024-08-27,1029
1711,永光,58,9,49,合庫-鳳山,2024-08-27,1029
00929,復華台灣科技優息,50,2,48,合庫-鳳山,2024-08-27,1029
3149,正達,47,9,38,合庫-鳳山,2024-08-27,1029
3481,群創,152,116,36,合庫-鳳山,2024-08-27,1029
2027,大成鋼,30,0,30,合庫-鳳山,2024-08-27,1029
0056,元大高股息,27,0,27,合庫-鳳山,2024-08-27,1029
00878,國泰永續高股息,20,3,17,合庫-鳳山,2024-08-27,1029
4561,健椿,17,0,17,合庫-鳳山,2024-08-27,1029
4967,十銓,34,18,16,合庫-鳳山,2024-08-27,1029
911868,同方友友-DR,15,0,15,合庫-鳳山,2024-08-27,1029
2609,陽明,21,7,14,合庫-鳳山,2024-08-27,1029
2408,南亞科,12,0,12,合庫-鳳山,2024-08-27,1029
2845,遠東銀,12,0,12,合庫-鳳山,2024-08-27,1029
00795B,中信美國公債20年,11,0,11,合庫-鳳山,2024-08-27,1029
2610,華航,13,2,11,合庫-鳳山,2024-08-27,1029
2615,萬海,14,3,11,合庫-鳳山,2024-08-27,1029
2880,華南金,11,0,11,合庫-鳳山,2024-08-27,1029
3019,亞光,13,2,11,合庫-鳳山,2024-08-27,1029
6282,康舒,11,0,11,合庫-鳳山,2024-08-27,1029
00753L,中信中國50正2,10,0,10,合庫-鳳山,2024-08-27,1029
00905,FT臺灣Smart,10,0,10,合庫-鳳山,2024-08-27,1029
2349,錸德,24,14,10,合庫-鳳山,2024-08-27,1029
3706,神達,11,1,10,合庫-鳳山,2024-08-27,1029
8064,東捷,67,57,10,合庫-鳳山,2024-08-27,1029
3231,緯創,9,0,9,合庫-鳳山,2024-08-27,1029
2515,中工,9,0,9,合庫-鳳山,2024-08-27,1029
3189,景碩,36,27,9,合庫-鳳山,2024-08-27,1029
5469,瀚宇博,14,5,9,合庫-鳳山,2024-08-27,1029
2049,上銀,10,1,9,合庫-鳳山,2024-08-27,1029
00945B,凱基美國非投等債,8,0,8,合庫-鳳山,2024-08-27,1029
1584,精剛,8,0,8,合庫-鳳山,2024-08-27,1029
2303,聯電,20,12,8,合庫-鳳山,2024-08-27,1029
2312,金寶,8,0,8,合庫-鳳山,2024-08-27,1029
2362,藍天,13,5,8,合庫-鳳山,2024-08-27,1029
6142,友勁,8,0,8,合庫-鳳山,2024-08-27,1029
5880,合庫金,7,0,7,合庫-鳳山,2024-08-27,1029
3492,長盛,7,0,7,合庫-鳳山,2024-08-27,1029
3580,友威科,13,6,7,合庫-鳳山,2024-08-27,1029
8027,鈦昇,9,2,7,合庫-鳳山,2024-08-27,1029
2330,台積電,8,1,7,合庫-鳳山,2024-08-27,1029
00937B,群益ESG投等債20,7,1,6,合庫-鳳山,2024-08-27,1029
00679B,元大美債20年,21,15,6,合庫-鳳山,2024-08-27,1029
00634R,富邦上証反1,6,0,6,合庫-鳳山,2024-08-27,1029
1522,堤維西,6,0,6,合庫-鳳山,2024-08-27,1029
00665L,富邦�琤肭磪囓�2,603,0,603,合庫-鳳山,2024-08-28,1029
00632R,元大台灣50反1,147,17,130,合庫-鳳山,2024-08-28,1029
2444,兆勁,96,0,96,合庫-鳳山,2024-08-28,1029
6164,華興,70,0,70,合庫-鳳山,2024-08-28,1029
3105,穩懋,69,1,68,合庫-鳳山,2024-08-28,1029
2891,中信金,75,17,58,合庫-鳳山,2024-08-28,1029
00687B,國泰20年美債,54,0,54,合庫-鳳山,2024-08-28,1029
2609,陽明,54,1,53,合庫-鳳山,2024-08-28,1029
00936,台新永續高息中小,51,0,51,合庫-鳳山,2024-08-28,1029
00882,中信中國高股息,50,0,50,合庫-鳳山,2024-08-28,1029
00642U,期元大S＆P石油,50,2,48,合庫-鳳山,2024-08-28,1029
2049,上銀,43,0,43,合庫-鳳山,2024-08-28,1029
4564,元翎,44,3,41,合庫-鳳山,2024-08-28,1029
2313,華通,43,8,35,合庫-鳳山,2024-08-28,1029
2801,彰銀,32,0,32,合庫-鳳山,2024-08-28,1029
9105,泰金寶-DR,32,1,31,合庫-鳳山,2024-08-28,1029
6658,聯策,30,0,30,合庫-鳳山,2024-08-28,1029
00673R,期元大S＆P原油反1,25,0,25,合庫-鳳山,2024-08-28,1029
00937B,群益ESG投等債20,32,11,21,合庫-鳳山,2024-08-28,1029
2392,正崴,27,7,20,合庫-鳳山,2024-08-28,1029
3498,陽程,23,3,20,合庫-鳳山,2024-08-28,1029
8111,立��,20,0,20,合庫-鳳山,2024-08-28,1029
1597,直得,21,3,18,合庫-鳳山,2024-08-28,1029
00753L,中信中國50正2,15,0,15,合庫-鳳山,2024-08-28,1029
00919,群益台灣精選高息,14,1,13,合庫-鳳山,2024-08-28,1029
3535,晶彩科,76,63,13,合庫-鳳山,2024-08-28,1029
2887,台新金,11,0,11,合庫-鳳山,2024-08-28,1029
5608,四維航,12,1,11,合庫-鳳山,2024-08-28,1029
5443,均豪,21,11,10,合庫-鳳山,2024-08-28,1029
00876,元大全球5G,10,0,10,合庫-鳳山,2024-08-28,1029
00713,元大台灣高息低波,10,0,10,合庫-鳳山,2024-08-28,1029
00701,國泰股利精選30,10,0,10,合庫-鳳山,2024-08-28,1029
2409,友達,10,0,10,合庫-鳳山,2024-08-28,1029
2606,裕民,10,0,10,合庫-鳳山,2024-08-28,1029
2913,農林,10,0,10,合庫-鳳山,2024-08-28,1029
3339,泰谷,17,7,10,合庫-鳳山,2024-08-28,1029
6606,建德工業,10,0,10,合庫-鳳山,2024-08-28,1029
9103,美德醫療-DR,10,0,10,合庫-鳳山,2024-08-28,1029
1609,大亞,13,3,10,合庫-鳳山,2024-08-28,1029
2888,新光金,82,73,9,合庫-鳳山,2024-08-28,1029
1240,茂生農經,9,0,9,合庫-鳳山,2024-08-28,1029
5014,建錩,9,0,9,合庫-鳳山,2024-08-28,1029
8096,擎亞,10,1,9,合庫-鳳山,2024-08-28,1029
2880,華南金,8,0,8,合庫-鳳山,2024-08-28,1029
2442,新美齊,8,0,8,合庫-鳳山,2024-08-28,1029
2890,永豐金,12,4,8,合庫-鳳山,2024-08-28,1029
4109,加捷生醫,9,1,8,合庫-鳳山,2024-08-28,1029
2834,臺企銀,7,0,7,合庫-鳳山,2024-08-28,1029
2886,兆豐金,7,0,7,合庫-鳳山,2024-08-28,1029
3694,海華,7,0,7,合庫-鳳山,2024-08-28,1029
00665L,富邦�琤肭磪囓�2,851,200,651,合庫-鳳山,2024-08-29,1029
2891,中信金,204,2,202,合庫-鳳山,2024-08-29,1029
00673R,期元大S＆P原油反1,150,0,150,合庫-鳳山,2024-08-29,1029
2630,亞航,97,2,95,合庫-鳳山,2024-08-29,1029
1314,中石化,80,0,80,合庫-鳳山,2024-08-29,1029
00882,中信中國高股息,47,0,47,合庫-鳳山,2024-08-29,1029
4974,亞泰,40,0,40,合庫-鳳山,2024-08-29,1029
1721,三晃,45,8,37,合庫-鳳山,2024-08-29,1029
2353,宏��,31,0,31,合庫-鳳山,2024-08-29,1029
6505,台塑化,31,0,31,合庫-鳳山,2024-08-29,1029
3481,群創,47,17,30,合庫-鳳山,2024-08-29,1029
8064,東捷,153,124,29,合庫-鳳山,2024-08-29,1029
2880,華南金,29,2,27,合庫-鳳山,2024-08-29,1029
4526,東台,55,30,25,合庫-鳳山,2024-08-29,1029
00919,群益台灣精選高息,26,2,24,合庫-鳳山,2024-08-29,1029
2887,台新金,28,4,24,合庫-鳳山,2024-08-29,1029
00679B,元大美債20年,55,32,23,合庫-鳳山,2024-08-29,1029
00940,元大台灣價值高息,36,14,22,合庫-鳳山,2024-08-29,1029
2408,南亞科,31,11,20,合庫-鳳山,2024-08-29,1029
2885,元大金,20,0,20,合庫-鳳山,2024-08-29,1029
6877,鏵友益,17,0,17,合庫-鳳山,2024-08-29,1029
8277,商丞,17,0,17,合庫-鳳山,2024-08-29,1029
00927,群益半導體收益,16,0,16,合庫-鳳山,2024-08-29,1029
00715L,期街口布蘭特正2,16,0,16,合庫-鳳山,2024-08-29,1029
2330,台積電,37,21,16,合庫-鳳山,2024-08-29,1029
2317,鴻海,19,4,15,合庫-鳳山,2024-08-29,1029
2314,台揚,22,7,15,合庫-鳳山,2024-08-29,1029
2524,京城,25,10,15,合庫-鳳山,2024-08-29,1029
3550,聯穎,26,12,14,合庫-鳳山,2024-08-29,1029
4958,臻鼎-KY,15,1,14,合庫-鳳山,2024-08-29,1029
2515,中工,14,0,14,合庫-鳳山,2024-08-29,1029
00959B,大華投等美債15Y+,13,0,13,合庫-鳳山,2024-08-29,1029
00795B,中信美國公債20年,12,0,12,合庫-鳳山,2024-08-29,1029
00946,群益科技高息成長,14,3,11,合庫-鳳山,2024-08-29,1029
6177,達麗,11,0,11,合庫-鳳山,2024-08-29,1029
3231,緯創,15,5,10,合庫-鳳山,2024-08-29,1029
00935,野村臺灣新科技50,10,0,10,合庫-鳳山,2024-08-29,1029
00934,中信成長高股息,10,0,10,合庫-鳳山,2024-08-29,1029
00947,台新臺灣IC設計,10,0,10,合庫-鳳山,2024-08-29,1029
2444,兆勁,10,0,10,合庫-鳳山,2024-08-29,1029
5299,杰力,10,0,10,合庫-鳳山,2024-08-29,1029
6658,聯策,20,10,10,合庫-鳳山,2024-08-29,1029
2801,彰銀,10,1,9,合庫-鳳山,2024-08-29,1029
2834,臺企銀,9,0,9,合庫-鳳山,2024-08-29,1029
4303,信立,17,8,9,合庫-鳳山,2024-08-29,1029
00893,國泰智能電動車,8,0,8,合庫-鳳山,2024-08-29,1029
4109,加捷生醫,14,6,8,合庫-鳳山,2024-08-29,1029
4976,佳凌,8,0,8,合庫-鳳山,2024-08-29,1029
2382,廣達,14,7,7,合庫-鳳山,2024-08-29,1029
5880,合庫金,17,10,7,合庫-鳳山,2024-08-29,1029
00632R,元大台灣50反1,530,0,530,合庫-鳳山,2024-08-30,1029
8064,東捷,144,70,74,合庫-鳳山,2024-08-30,1029
00687B,國泰20年美債,68,10,58,合庫-鳳山,2024-08-30,1029
1711,永光,91,34,57,合庫-鳳山,2024-08-30,1029
2313,華通,83,30,53,合庫-鳳山,2024-08-30,1029
00673R,期元大S＆P原油反1,50,0,50,合庫-鳳山,2024-08-30,1029
2349,錸德,34,7,27,合庫-鳳山,2024-08-30,1029
6161,捷波,24,0,24,合庫-鳳山,2024-08-30,1029
6215,和椿,30,7,23,合庫-鳳山,2024-08-30,1029
3189,景碩,54,33,21,合庫-鳳山,2024-08-30,1029
00941,中信上游半導體,20,0,20,合庫-鳳山,2024-08-30,1029
4958,臻鼎-KY,23,5,18,合庫-鳳山,2024-08-30,1029
2887,台新金,18,0,18,合庫-鳳山,2024-08-30,1029
2618,長榮航,16,0,16,合庫-鳳山,2024-08-30,1029
2801,彰銀,16,0,16,合庫-鳳山,2024-08-30,1029
2888,新光金,23,7,16,合庫-鳳山,2024-08-30,1029
1301,台塑,14,0,14,合庫-鳳山,2024-08-30,1029
2834,臺企銀,15,1,14,合庫-鳳山,2024-08-30,1029
4113,聯上,17,3,14,合庫-鳳山,2024-08-30,1029
6548,長科*,21,7,14,合庫-鳳山,2024-08-30,1029
3535,晶彩科,19,6,13,合庫-鳳山,2024-08-30,1029
6188,廣明,14,1,13,合庫-鳳山,2024-08-30,1029
00959B,大華投等美債15Y+,12,0,12,合庫-鳳山,2024-08-30,1029
1303,南亞,12,0,12,合庫-鳳山,2024-08-30,1029
3037,欣興,17,5,12,合庫-鳳山,2024-08-30,1029
2476,鉅祥,12,1,11,合庫-鳳山,2024-08-30,1029
00918,大華優利高填息30,11,0,11,合庫-鳳山,2024-08-30,1029
00764B,群益25年美債,11,0,11,合庫-鳳山,2024-08-30,1029
3013,晟銘電,13,2,11,合庫-鳳山,2024-08-30,1029
00680L,元大美債20正2,10,0,10,合庫-鳳山,2024-08-30,1029
1587,吉茂,10,0,10,合庫-鳳山,2024-08-30,1029
1735,日勝化,10,0,10,合庫-鳳山,2024-08-30,1029
2408,南亞科,10,0,10,合庫-鳳山,2024-08-30,1029
3015,全漢,14,4,10,合庫-鳳山,2024-08-30,1029
3019,亞光,13,3,10,合庫-鳳山,2024-08-30,1029
6213,聯茂,20,10,10,合庫-鳳山,2024-08-30,1029
6606,建德工業,10,0,10,合庫-鳳山,2024-08-30,1029
2330,台積電,31,22,9,合庫-鳳山,2024-08-30,1029
2364,倫飛,11,2,9,合庫-鳳山,2024-08-30,1029
2425,承啟,17,8,9,合庫-鳳山,2024-08-30,1029
3615,安可,10,1,9,合庫-鳳山,2024-08-30,1029
8086,宏捷科,12,3,9,合庫-鳳山,2024-08-30,1029
6541,泰福-KY,8,0,8,合庫-鳳山,2024-08-30,1029
1316,上曜,14,6,8,合庫-鳳山,2024-08-30,1029
2457,飛宏,9,1,8,合庫-鳳山,2024-08-30,1029
3062,建漢,18,10,8,合庫-鳳山,2024-08-30,1029
0056,元大高股息,8,1,7,合庫-鳳山,2024-08-30,1029
2382,廣達,14,7,7,合庫-鳳山,2024-08-30,1029
2312,金寶,13,6,7,合庫-鳳山,2024-08-30,1029
2543,皇昌,10,3,7,合庫-鳳山,2024-08-30,1029
00687B,國泰20年美債,376,6,370,合庫-鳳山,2024-09-02,1029
2891,中信金,321,21,300,合庫-鳳山,2024-09-02,1029
00665L,富邦�琤肭磪囓�2,408,200,208,合庫-鳳山,2024-09-02,1029
00715L,期街口布蘭特正2,107,0,107,合庫-鳳山,2024-09-02,1029
2516,新建,71,0,71,合庫-鳳山,2024-09-02,1029
2881,富邦金,62,0,62,合庫-鳳山,2024-09-02,1029
00680L,元大美債20正2,56,0,56,合庫-鳳山,2024-09-02,1029
2609,陽明,43,0,43,合庫-鳳山,2024-09-02,1029
1303,南亞,42,0,42,合庫-鳳山,2024-09-02,1029
00915,凱基優選高股息30,41,0,41,合庫-鳳山,2024-09-02,1029
6658,聯策,40,6,34,合庫-鳳山,2024-09-02,1029
00918,大華優利高填息30,31,0,31,合庫-鳳山,2024-09-02,1029
00929,復華台灣科技優息,48,17,31,合庫-鳳山,2024-09-02,1029
5880,合庫金,27,2,25,合庫-鳳山,2024-09-02,1029
2542,興富發,25,2,23,合庫-鳳山,2024-09-02,1029
00959B,大華投等美債15Y+,22,0,22,合庫-鳳山,2024-09-02,1029
4908,前鼎,27,5,22,合庫-鳳山,2024-09-02,1029
2402,毅嘉,31,11,20,合庫-鳳山,2024-09-02,1029
2049,上銀,20,0,20,合庫-鳳山,2024-09-02,1029
2313,華通,21,2,19,合庫-鳳山,2024-09-02,1029
2615,萬海,25,6,19,合庫-鳳山,2024-09-02,1029
4979,華星光,21,2,19,合庫-鳳山,2024-09-02,1029
6505,台塑化,19,1,18,合庫-鳳山,2024-09-02,1029
8473,山林水,20,2,18,合庫-鳳山,2024-09-02,1029
00937B,群益ESG投等債20,60,45,15,合庫-鳳山,2024-09-02,1029
2323,中環,15,0,15,合庫-鳳山,2024-09-02,1029
4109,加捷生醫,13,0,13,合庫-鳳山,2024-09-02,1029
4510,高鋒,13,0,13,合庫-鳳山,2024-09-02,1029
00679B,元大美債20年,16,3,13,合庫-鳳山,2024-09-02,1029
3167,大量,11,0,11,合庫-鳳山,2024-09-02,1029
4533,協易機,11,0,11,合庫-鳳山,2024-09-02,1029
00642U,期元大S＆P石油,10,0,10,合庫-鳳山,2024-09-02,1029
00712,復華富時不動產,10,0,10,合庫-鳳山,2024-09-02,1029
00876,元大全球5G,10,0,10,合庫-鳳山,2024-09-02,1029
00795B,中信美國公債20年,10,0,10,合庫-鳳山,2024-09-02,1029
2359,所羅門,14,4,10,合庫-鳳山,2024-09-02,1029
2393,億光,10,0,10,合庫-鳳山,2024-09-02,1029
2892,第一金,10,0,10,合庫-鳳山,2024-09-02,1029
2906,高林,10,0,10,合庫-鳳山,2024-09-02,1029
4161,聿新科,10,0,10,合庫-鳳山,2024-09-02,1029
4420,光明,10,0,10,合庫-鳳山,2024-09-02,1029
4526,東台,30,20,10,合庫-鳳山,2024-09-02,1029
2880,華南金,10,1,9,合庫-鳳山,2024-09-02,1029
00753L,中信中國50正2,9,0,9,合庫-鳳山,2024-09-02,1029
00637L,元大滬深300正2,29,20,9,合庫-鳳山,2024-09-02,1029
3498,陽程,10,1,9,合庫-鳳山,2024-09-02,1029
00688L,國泰20年美債正2,8,0,8,合庫-鳳山,2024-09-02,1029
1314,中石化,8,0,8,合庫-鳳山,2024-09-02,1029
1727,中華化,10,2,8,合庫-鳳山,2024-09-02,1029
1808,潤隆,8,0,8,合庫-鳳山,2024-09-02,1029
00918,大華優利高填息30,166,0,166,合庫-鳳山,2024-09-03,1029
00878,國泰永續高股息,105,11,94,合庫-鳳山,2024-09-03,1029
00940,元大台灣價值高息,95,2,93,合庫-鳳山,2024-09-03,1029
00919,群益台灣精選高息,105,15,90,合庫-鳳山,2024-09-03,1029
2609,陽明,76,2,74,合庫-鳳山,2024-09-03,1029
00679B,元大美債20年,55,2,53,合庫-鳳山,2024-09-03,1029
00632R,元大台灣50反1,50,0,50,合庫-鳳山,2024-09-03,1029
00673R,期元大S＆P原油反1,50,0,50,合庫-鳳山,2024-09-03,1029
2002,中鋼,49,2,47,合庫-鳳山,2024-09-03,1029
3062,建漢,49,5,44,合庫-鳳山,2024-09-03,1029
00795B,中信美國公債20年,40,0,40,合庫-鳳山,2024-09-03,1029
3041,揚智,40,0,40,合庫-鳳山,2024-09-03,1029
00937B,群益ESG投等債20,47,9,38,合庫-鳳山,2024-09-03,1029
2408,南亞科,52,14,38,合庫-鳳山,2024-09-03,1029
2486,一詮,80,43,37,合庫-鳳山,2024-09-03,1029
1303,南亞,33,0,33,合庫-鳳山,2024-09-03,1029
00959B,大華投等美債15Y+,33,0,33,合庫-鳳山,2024-09-03,1029
00915,凱基優選高股息30,32,0,32,合庫-鳳山,2024-09-03,1029
2516,新建,30,0,30,合庫-鳳山,2024-09-03,1029
5475,德宏,27,0,27,合庫-鳳山,2024-09-03,1029
2313,華通,40,15,25,合庫-鳳山,2024-09-03,1029
6609,瀧澤科,23,0,23,合庫-鳳山,2024-09-03,1029
3231,緯創,24,3,21,合庫-鳳山,2024-09-03,1029
00715L,期街口布蘭特正2,20,0,20,合庫-鳳山,2024-09-03,1029
00948B,中信優息投資級債,20,0,20,合庫-鳳山,2024-09-03,1029
4142,國光生,20,1,19,合庫-鳳山,2024-09-03,1029
2542,興富發,20,2,18,合庫-鳳山,2024-09-03,1029
4711,永純,18,0,18,合庫-鳳山,2024-09-03,1029
00680L,元大美債20正2,17,0,17,合庫-鳳山,2024-09-03,1029
6213,聯茂,33,17,16,合庫-鳳山,2024-09-03,1029
3105,穩懋,14,0,14,合庫-鳳山,2024-09-03,1029
2537,聯上發,16,2,14,合庫-鳳山,2024-09-03,1029
5880,合庫金,14,0,14,合庫-鳳山,2024-09-03,1029
2356,英業達,14,1,13,合庫-鳳山,2024-09-03,1029
3149,正達,17,4,13,合庫-鳳山,2024-09-03,1029
00930,永豐ESG低碳高息,12,0,12,合庫-鳳山,2024-09-03,1029
5206,坤悅,12,0,12,合庫-鳳山,2024-09-03,1029
9945,潤泰新,12,0,12,合庫-鳳山,2024-09-03,1029
2515,中工,15,4,11,合庫-鳳山,2024-09-03,1029
00951,台新日本半導體,11,0,11,合庫-鳳山,2024-09-03,1029
00953B,群益優選非投等債,10,0,10,合庫-鳳山,2024-09-03,1029
1436,華友聯,10,0,10,合庫-鳳山,2024-09-03,1029
1584,精剛,10,0,10,合庫-鳳山,2024-09-03,1029
2610,華航,10,0,10,合庫-鳳山,2024-09-03,1029
2906,高林,10,0,10,合庫-鳳山,2024-09-03,1029
3016,嘉晶,10,0,10,合庫-鳳山,2024-09-03,1029
6770,力積電,10,0,10,合庫-鳳山,2024-09-03,1029
8112,至上,10,0,10,合庫-鳳山,2024-09-03,1029
00882,中信中國高股息,9,0,9,合庫-鳳山,2024-09-03,1029
00688L,國泰20年美債正2,9,0,9,合庫-鳳山,2024-09-03,1029
00715L,期街口布蘭特正2,768,5,763,合庫-鳳山,2024-09-04,1029
2516,新建,553,0,553,合庫-鳳山,2024-09-04,1029
00665L,富邦�琤肭磪囓�2,456,0,456,合庫-鳳山,2024-09-04,1029
00919,群益台灣精選高息,404,30,374,合庫-鳳山,2024-09-04,1029
00878,國泰永續高股息,289,2,287,合庫-鳳山,2024-09-04,1029
00940,元大台灣價值高息,226,7,219,合庫-鳳山,2024-09-04,1029
1303,南亞,133,3,130,合庫-鳳山,2024-09-04,1029
00929,復華台灣科技優息,285,158,127,合庫-鳳山,2024-09-04,1029
2610,華航,124,4,120,合庫-鳳山,2024-09-04,1029
5880,合庫金,103,10,93,合庫-鳳山,2024-09-04,1029
0056,元大高股息,85,0,85,合庫-鳳山,2024-09-04,1029
00930,永豐ESG低碳高息,73,0,73,合庫-鳳山,2024-09-04,1029
00915,凱基優選高股息30,67,2,65,合庫-鳳山,2024-09-04,1029
00918,大華優利高填息30,63,0,63,合庫-鳳山,2024-09-04,1029
00641R,富邦日本反1,60,0,60,合庫-鳳山,2024-09-04,1029
2888,新光金,60,1,59,合庫-鳳山,2024-09-04,1029
2330,台積電,63,7,56,合庫-鳳山,2024-09-04,1029
2408,南亞科,62,10,52,合庫-鳳山,2024-09-04,1029
00687B,國泰20年美債,61,10,51,合庫-鳳山,2024-09-04,1029
6505,台塑化,45,0,45,合庫-鳳山,2024-09-04,1029
2537,聯上發,45,0,45,合庫-鳳山,2024-09-04,1029
2542,興富發,43,2,41,合庫-鳳山,2024-09-04,1029
1301,台塑,36,0,36,合庫-鳳山,2024-09-04,1029
1609,大亞,38,4,34,合庫-鳳山,2024-09-04,1029
2002,中鋼,54,21,33,合庫-鳳山,2024-09-04,1029
00946,群益科技高息成長,34,3,31,合庫-鳳山,2024-09-04,1029
00921,兆豐龍頭等權重,30,0,30,合庫-鳳山,2024-09-04,1029
2364,倫飛,34,4,30,合庫-鳳山,2024-09-04,1029
00951,台新日本半導體,30,1,29,合庫-鳳山,2024-09-04,1029
2609,陽明,32,4,28,合庫-鳳山,2024-09-04,1029
2382,廣達,31,4,27,合庫-鳳山,2024-09-04,1029
2880,華南金,27,1,26,合庫-鳳山,2024-09-04,1029
2303,聯電,34,9,25,合庫-鳳山,2024-09-04,1029
0050,元大台灣50,25,1,24,合庫-鳳山,2024-09-04,1029
2881,富邦金,24,1,23,合庫-鳳山,2024-09-04,1029
00949,復華日本龍頭,22,0,22,合庫-鳳山,2024-09-04,1029
2883,凱基金,23,1,22,合庫-鳳山,2024-09-04,1029
2834,臺企銀,21,0,21,合庫-鳳山,2024-09-04,1029
00713,元大台灣高息低波,21,0,21,合庫-鳳山,2024-09-04,1029
2365,昆盈,37,16,21,合庫-鳳山,2024-09-04,1029
2208,台船,20,0,20,合庫-鳳山,2024-09-04,1029
00712,復華富時不動產,19,0,19,合庫-鳳山,2024-09-04,1029
1326,台化,20,1,19,合庫-鳳山,2024-09-04,1029
3231,緯創,27,9,18,合庫-鳳山,2024-09-04,1029
2312,金寶,22,4,18,合庫-鳳山,2024-09-04,1029
00905,FT臺灣Smart,16,0,16,合庫-鳳山,2024-09-04,1029
2885,元大金,16,0,16,合庫-鳳山,2024-09-04,1029
3037,欣興,21,6,15,合庫-鳳山,2024-09-04,1029
00934,中信成長高股息,15,0,15,合庫-鳳山,2024-09-04,1029
1536,和大,15,0,15,合庫-鳳山,2024-09-04,1029
00632R,元大台灣50反1,1323,112,1211,合庫-鳳山,2024-09-05,1029
00715L,期街口布蘭特正2,279,15,264,合庫-鳳山,2024-09-05,1029
00665L,富邦�琤肭磪囓�2,252,0,252,合庫-鳳山,2024-09-05,1029
2516,新建,180,0,180,合庫-鳳山,2024-09-05,1029
00676R,富邦臺灣加權反1,145,0,145,合庫-鳳山,2024-09-05,1029
00919,群益台灣精選高息,158,15,143,合庫-鳳山,2024-09-05,1029
00940,元大台灣價值高息,79,15,64,合庫-鳳山,2024-09-05,1029
00641R,富邦日本反1,60,0,60,合庫-鳳山,2024-09-05,1029
2002,中鋼,60,7,53,合庫-鳳山,2024-09-05,1029
00952,凱基台灣AI50,54,1,53,合庫-鳳山,2024-09-05,1029
00878,國泰永續高股息,60,14,46,合庫-鳳山,2024-09-05,1029
00946,群益科技高息成長,56,10,46,合庫-鳳山,2024-09-05,1029
0056,元大高股息,45,1,44,合庫-鳳山,2024-09-05,1029
6606,建德工業,41,0,41,合庫-鳳山,2024-09-05,1029
1609,大亞,53,13,40,合庫-鳳山,2024-09-05,1029
00937B,群益ESG投等債20,89,51,38,合庫-鳳山,2024-09-05,1029
00664R,國泰臺灣加權反1,35,0,35,合庫-鳳山,2024-09-05,1029
2317,鴻海,49,14,35,合庫-鳳山,2024-09-05,1029
3105,穩懋,32,0,32,合庫-鳳山,2024-09-05,1029
6182,合晶,32,0,32,合庫-鳳山,2024-09-05,1029
2539,櫻花建,30,0,30,合庫-鳳山,2024-09-05,1029
3540,曜越,30,0,30,合庫-鳳山,2024-09-05,1029
2382,廣達,30,1,29,合庫-鳳山,2024-09-05,1029
00881,國泰台灣5G+,35,6,29,合庫-鳳山,2024-09-05,1029
3580,友威科,39,11,28,合庫-鳳山,2024-09-05,1029
2891,中信金,26,3,23,合庫-鳳山,2024-09-05,1029
00915,凱基優選高股息30,23,1,22,合庫-鳳山,2024-09-05,1029
3689,湧德,21,0,21,合庫-鳳山,2024-09-05,1029
2030,彰源,20,0,20,合庫-鳳山,2024-09-05,1029
2614,東森,20,0,20,合庫-鳳山,2024-09-05,1029
2609,陽明,24,4,20,合庫-鳳山,2024-09-05,1029
2337,旺宏,19,0,19,合庫-鳳山,2024-09-05,1029
3037,欣興,30,14,16,合庫-鳳山,2024-09-05,1029
00680L,元大美債20正2,18,2,16,合庫-鳳山,2024-09-05,1029
00830,國泰費城半導體,15,0,15,合庫-鳳山,2024-09-05,1029
2537,聯上發,15,0,15,合庫-鳳山,2024-09-05,1029
5439,高技,15,0,15,合庫-鳳山,2024-09-05,1029
00642U,期元大S＆P石油,14,0,14,合庫-鳳山,2024-09-05,1029
5512,力麒,14,0,14,合庫-鳳山,2024-09-05,1029
2359,所羅門,29,16,13,合庫-鳳山,2024-09-05,1029
2408,南亞科,14,1,13,合庫-鳳山,2024-09-05,1029
00918,大華優利高填息30,16,4,12,合庫-鳳山,2024-09-05,1029
3548,兆利,42,30,12,合庫-鳳山,2024-09-05,1029
00921,兆豐龍頭等權重,11,0,11,合庫-鳳山,2024-09-05,1029
2344,華邦電,11,0,11,合庫-鳳山,2024-09-05,1029
2511,太子,11,0,11,合庫-鳳山,2024-09-05,1029
8908,欣雄,11,0,11,合庫-鳳山,2024-09-05,1029
6505,台塑化,17,6,11,合庫-鳳山,2024-09-05,1029
3374,精材,16,6,10,合庫-鳳山,2024-09-05,1029
00712,復華富時不動產,10,0,10,合庫-鳳山,2024-09-05,1029
00632R,元大台灣50反1,639,22,617,合庫-鳳山,2024-09-06,1029
00937B,群益ESG投等債20,201,8,193,合庫-鳳山,2024-09-06,1029
4576,大銀微系統,150,0,150,合庫-鳳山,2024-09-06,1029
00940,元大台灣價值高息,130,8,122,合庫-鳳山,2024-09-06,1029
3062,建漢,70,1,69,合庫-鳳山,2024-09-06,1029
00642U,期元大S＆P石油,66,0,66,合庫-鳳山,2024-09-06,1029
00919,群益台灣精選高息,64,0,64,合庫-鳳山,2024-09-06,1029
00664R,國泰臺灣加權反1,60,0,60,合庫-鳳山,2024-09-06,1029
00715L,期街口布蘭特正2,66,8,58,合庫-鳳山,2024-09-06,1029
00687B,國泰20年美債,76,21,55,合庫-鳳山,2024-09-06,1029
1530,亞崴,36,0,36,合庫-鳳山,2024-09-06,1029
2330,台積電,57,23,34,合庫-鳳山,2024-09-06,1029
00915,凱基優選高股息30,39,5,34,合庫-鳳山,2024-09-06,1029
2349,錸德,31,1,30,合庫-鳳山,2024-09-06,1029
00934,中信成長高股息,30,0,30,合庫-鳳山,2024-09-06,1029
00671R,富邦NASDAQ反1,25,0,25,合庫-鳳山,2024-09-06,1029
00878,國泰永續高股息,27,3,24,合庫-鳳山,2024-09-06,1029
1503,士電,22,2,20,合庫-鳳山,2024-09-06,1029
6603,富強鑫,20,0,20,合庫-鳳山,2024-09-06,1029
3019,亞光,26,7,19,合庫-鳳山,2024-09-06,1029
00712,復華富時不動產,19,0,19,合庫-鳳山,2024-09-06,1029
3455,由田,20,3,17,合庫-鳳山,2024-09-06,1029
3581,博磊,19,3,16,合庫-鳳山,2024-09-06,1029
00918,大華優利高填息30,20,5,15,合庫-鳳山,2024-09-06,1029
1240,茂生農經,15,0,15,合庫-鳳山,2024-09-06,1029
5460,同協,15,0,15,合庫-鳳山,2024-09-06,1029
8089,康全電訊,15,0,15,合庫-鳳山,2024-09-06,1029
00951,台新日本半導體,14,0,14,合庫-鳳山,2024-09-06,1029
2002,中鋼,22,9,13,合庫-鳳山,2024-09-06,1029
2317,鴻海,14,1,13,合庫-鳳山,2024-09-06,1029
00930,永豐ESG低碳高息,13,0,13,合庫-鳳山,2024-09-06,1029
2014,中鴻,15,2,13,合庫-鳳山,2024-09-06,1029
1540,喬福,69,57,12,合庫-鳳山,2024-09-06,1029
1612,宏泰,13,1,12,合庫-鳳山,2024-09-06,1029
4510,高鋒,14,2,12,合庫-鳳山,2024-09-06,1029
00949,復華日本龍頭,11,0,11,合庫-鳳山,2024-09-06,1029
0056,元大高股息,14,3,11,合庫-鳳山,2024-09-06,1029
00910,第一金太空衛星,10,0,10,合庫-鳳山,2024-09-06,1029
2353,宏��,11,1,10,合庫-鳳山,2024-09-06,1029
2614,東森,10,0,10,合庫-鳳山,2024-09-06,1029
6166,凌華,10,0,10,合庫-鳳山,2024-09-06,1029
6215,和椿,49,39,10,合庫-鳳山,2024-09-06,1029
6220,岳豐,10,0,10,合庫-鳳山,2024-09-06,1029
00941,中信上游半導體,10,0,10,合庫-鳳山,2024-09-06,1029
1609,大亞,11,2,9,合庫-鳳山,2024-09-06,1029
2444,兆勁,10,1,9,合庫-鳳山,2024-09-06,1029
4956,光鋐,20,11,9,合庫-鳳山,2024-09-06,1029
2891,中信金,22,13,9,合庫-鳳山,2024-09-06,1029
3481,群創,112,103,9,合庫-鳳山,2024-09-06,1029
2356,英業達,12,4,8,合庫-鳳山,2024-09-06,1029
00878,國泰永續高股息,205,8,197,合庫-鳳山,2024-09-09,1029
00919,群益台灣精選高息,197,22,175,合庫-鳳山,2024-09-09,1029
2516,新建,161,0,161,合庫-鳳山,2024-09-09,1029
00665L,富邦�琤肭磪囓�2,153,0,153,合庫-鳳山,2024-09-09,1029
00715L,期街口布蘭特正2,143,0,143,合庫-鳳山,2024-09-09,1029
00929,復華台灣科技優息,145,12,133,合庫-鳳山,2024-09-09,1029
00940,元大台灣價值高息,121,26,95,合庫-鳳山,2024-09-09,1029
00687B,國泰20年美債,98,7,91,合庫-鳳山,2024-09-09,1029
00857B,永豐20年美公債,53,0,53,合庫-鳳山,2024-09-09,1029
00893,國泰智能電動車,47,5,42,合庫-鳳山,2024-09-09,1029
2542,興富發,34,1,33,合庫-鳳山,2024-09-09,1029
6505,台塑化,32,0,32,合庫-鳳山,2024-09-09,1029
00680L,元大美債20正2,41,10,31,合庫-鳳山,2024-09-09,1029
6658,聯策,30,0,30,合庫-鳳山,2024-09-09,1029
00915,凱基優選高股息30,27,0,27,合庫-鳳山,2024-09-09,1029
2002,中鋼,27,0,27,合庫-鳳山,2024-09-09,1029
00881,國泰台灣5G+,26,0,26,合庫-鳳山,2024-09-09,1029
2330,台積電,48,23,25,合庫-鳳山,2024-09-09,1029
00642U,期元大S＆P石油,24,0,24,合庫-鳳山,2024-09-09,1029
00713,元大台灣高息低波,25,2,23,合庫-鳳山,2024-09-09,1029
2382,廣達,24,1,23,合庫-鳳山,2024-09-09,1029
0056,元大高股息,24,2,22,合庫-鳳山,2024-09-09,1029
2891,中信金,22,1,21,合庫-鳳山,2024-09-09,1029
4974,亞泰,20,2,18,合庫-鳳山,2024-09-09,1029
00937B,群益ESG投等債20,43,26,17,合庫-鳳山,2024-09-09,1029
00951,台新日本半導體,18,1,17,合庫-鳳山,2024-09-09,1029
2303,聯電,20,3,17,合庫-鳳山,2024-09-09,1029
00637L,元大滬深300正2,106,90,16,合庫-鳳山,2024-09-09,1029
4956,光鋐,16,0,16,合庫-鳳山,2024-09-09,1029
6215,和椿,41,26,15,合庫-鳳山,2024-09-09,1029
2881,富邦金,16,1,15,合庫-鳳山,2024-09-09,1029
5905,南仁湖,14,0,14,合庫-鳳山,2024-09-09,1029
2317,鴻海,25,11,14,合庫-鳳山,2024-09-09,1029
00753L,中信中國50正2,13,0,13,合庫-鳳山,2024-09-09,1029
1436,華友聯,13,0,13,合庫-鳳山,2024-09-09,1029
3230,錦明,13,0,13,合庫-鳳山,2024-09-09,1029
3706,神達,15,2,13,合庫-鳳山,2024-09-09,1029
0050,元大台灣50,13,0,13,合庫-鳳山,2024-09-09,1029
2388,威盛,15,3,12,合庫-鳳山,2024-09-09,1029
2609,陽明,16,4,12,合庫-鳳山,2024-09-09,1029
00633L,富邦上証正2,12,0,12,合庫-鳳山,2024-09-09,1029
00795B,中信美國公債20年,12,0,12,合庫-鳳山,2024-09-09,1029
00934,中信成長高股息,14,2,12,合庫-鳳山,2024-09-09,1029
2371,大同,23,11,12,合庫-鳳山,2024-09-09,1029
2406,國碩,15,4,11,合庫-鳳山,2024-09-09,1029
3481,群創,17,7,10,合庫-鳳山,2024-09-09,1029
00830,國泰費城半導體,10,0,10,合庫-鳳山,2024-09-09,1029
00949,復華日本龍頭,10,0,10,合庫-鳳山,2024-09-09,1029
2353,宏��,10,0,10,合庫-鳳山,2024-09-09,1029
2885,元大金,10,0,10,合庫-鳳山,2024-09-09,1029
00665L,富邦�琤肭磪囓�2,150,0,150,合庫-鳳山,2024-09-10,1029
2516,新建,147,0,147,合庫-鳳山,2024-09-10,1029
00940,元大台灣價值高息,131,0,131,合庫-鳳山,2024-09-10,1029
2312,金寶,131,0,131,合庫-鳳山,2024-09-10,1029
00937B,群益ESG投等債20,119,10,109,合庫-鳳山,2024-09-10,1029
00715L,期街口布蘭特正2,95,0,95,合庫-鳳山,2024-09-10,1029
00687B,國泰20年美債,160,76,84,合庫-鳳山,2024-09-10,1029
00919,群益台灣精選高息,88,30,58,合庫-鳳山,2024-09-10,1029
0056,元大高股息,48,0,48,合庫-鳳山,2024-09-10,1029
4306,炎洲,45,0,45,合庫-鳳山,2024-09-10,1029
00878,國泰永續高股息,45,7,38,合庫-鳳山,2024-09-10,1029
2002,中鋼,40,3,37,合庫-鳳山,2024-09-10,1029
00688L,國泰20年美債正2,31,0,31,合庫-鳳山,2024-09-10,1029
2609,陽明,37,6,31,合庫-鳳山,2024-09-10,1029
00918,大華優利高填息30,29,0,29,合庫-鳳山,2024-09-10,1029
2883,凱基金,30,1,29,合庫-鳳山,2024-09-10,1029
6838,台新藥,27,0,27,合庫-鳳山,2024-09-10,1029
00713,元大台灣高息低波,26,0,26,合庫-鳳山,2024-09-10,1029
2542,興富發,36,10,26,合庫-鳳山,2024-09-10,1029
1436,華友聯,26,0,26,合庫-鳳山,2024-09-10,1029
1303,南亞,27,2,25,合庫-鳳山,2024-09-10,1029
2382,廣達,67,44,23,合庫-鳳山,2024-09-10,1029
00753L,中信中國50正2,22,0,22,合庫-鳳山,2024-09-10,1029
8103,瀚荃,22,0,22,合庫-鳳山,2024-09-10,1029
2399,映泰,24,6,18,合庫-鳳山,2024-09-10,1029
1605,華新,17,0,17,合庫-鳳山,2024-09-10,1029
00881,國泰台灣5G+,18,1,17,合庫-鳳山,2024-09-10,1029
00952,凱基台灣AI50,16,0,16,合庫-鳳山,2024-09-10,1029
00664R,國泰臺灣加權反1,15,0,15,合庫-鳳山,2024-09-10,1029
2406,國碩,15,0,15,合庫-鳳山,2024-09-10,1029
6658,聯策,15,0,15,合庫-鳳山,2024-09-10,1029
3047,訊舟,17,2,15,合庫-鳳山,2024-09-10,1029
5206,坤悅,15,1,14,合庫-鳳山,2024-09-10,1029
2356,英業達,19,7,12,合庫-鳳山,2024-09-10,1029
6770,力積電,14,2,12,合庫-鳳山,2024-09-10,1029
2349,錸德,11,0,11,合庫-鳳山,2024-09-10,1029
2489,瑞軒,12,1,11,合庫-鳳山,2024-09-10,1029
00933B,國泰10Y+金融債,11,0,11,合庫-鳳山,2024-09-10,1029
00907,永豐優息存股,10,0,10,合庫-鳳山,2024-09-10,1029
00876,元大全球5G,10,0,10,合庫-鳳山,2024-09-10,1029
2897,王道銀行,10,0,10,合庫-鳳山,2024-09-10,1029
6706,惠特,10,0,10,合庫-鳳山,2024-09-10,1029
6505,台塑化,11,2,9,合庫-鳳山,2024-09-10,1029
1815,富喬,15,6,9,合庫-鳳山,2024-09-10,1029
3105,穩懋,10,1,9,合庫-鳳山,2024-09-10,1029
2317,鴻海,23,14,9,合庫-鳳山,2024-09-10,1029
00675L,富邦臺灣加權正2,8,0,8,合庫-鳳山,2024-09-10,1029
00712,復華富時不動產,10,2,8,合庫-鳳山,2024-09-10,1029
00915,凱基優選高股息30,8,0,8,合庫-鳳山,2024-09-10,1029
00946,群益科技高息成長,8,0,8,合庫-鳳山,2024-09-10,1029
00715L,期街口布蘭特正2,154,0,154,合庫-鳳山,2024-09-11,1029
00665L,富邦�琤肭磪囓�2,252,100,152,合庫-鳳山,2024-09-11,1029
00929,復華台灣科技優息,147,24,123,合庫-鳳山,2024-09-11,1029
00642U,期元大S＆P石油,116,0,116,合庫-鳳山,2024-09-11,1029
00664R,國泰臺灣加權反1,100,0,100,合庫-鳳山,2024-09-11,1029
00687B,國泰20年美債,273,188,85,合庫-鳳山,2024-09-11,1029
00937B,群益ESG投等債20,61,1,60,合庫-鳳山,2024-09-11,1029
00641R,富邦日本反1,60,0,60,合庫-鳳山,2024-09-11,1029
2891,中信金,67,11,56,合庫-鳳山,2024-09-11,1029
3481,群創,67,18,49,合庫-鳳山,2024-09-11,1029
00878,國泰永續高股息,53,6,47,合庫-鳳山,2024-09-11,1029
2399,映泰,68,28,40,合庫-鳳山,2024-09-11,1029
3010,華立,40,0,40,合庫-鳳山,2024-09-11,1029
6505,台塑化,34,0,34,合庫-鳳山,2024-09-11,1029
0056,元大高股息,28,0,28,合庫-鳳山,2024-09-11,1029
00919,群益台灣精選高息,29,2,27,合庫-鳳山,2024-09-11,1029
00915,凱基優選高股息30,27,0,27,合庫-鳳山,2024-09-11,1029
3360,尚立,28,2,26,合庫-鳳山,2024-09-11,1029
6838,台新藥,24,0,24,合庫-鳳山,2024-09-11,1029
00712,復華富時不動產,32,10,22,合庫-鳳山,2024-09-11,1029
8103,瀚荃,22,0,22,合庫-鳳山,2024-09-11,1029
00953B,群益優選非投等債,20,0,20,合庫-鳳山,2024-09-11,1029
3707,漢磊,32,13,19,合庫-鳳山,2024-09-11,1029
2349,錸德,19,0,19,合庫-鳳山,2024-09-11,1029
8011,台通,21,2,19,合庫-鳳山,2024-09-11,1029
2542,興富發,20,3,17,合庫-鳳山,2024-09-11,1029
00753L,中信中國50正2,16,0,16,合庫-鳳山,2024-09-11,1029
3047,訊舟,23,7,16,合庫-鳳山,2024-09-11,1029
2890,永豐金,16,0,16,合庫-鳳山,2024-09-11,1029
00900,富邦特選高股息30,15,0,15,合庫-鳳山,2024-09-11,1029
5225,東科-KY,14,0,14,合庫-鳳山,2024-09-11,1029
00882,中信中國高股息,14,0,14,合庫-鳳山,2024-09-11,1029
00940,元大台灣價值高息,19,6,13,合庫-鳳山,2024-09-11,1029
2537,聯上發,12,0,12,合庫-鳳山,2024-09-11,1029
3704,合勤控,12,0,12,合庫-鳳山,2024-09-11,1029
4533,協易機,12,0,12,合庫-鳳山,2024-09-11,1029
4906,正文,12,0,12,合庫-鳳山,2024-09-11,1029
3374,精材,11,0,11,合庫-鳳山,2024-09-11,1029
00957B,兆豐US優選投等債,11,0,11,合庫-鳳山,2024-09-11,1029
6579,研揚,11,0,11,合庫-鳳山,2024-09-11,1029
00918,大華優利高填息30,11,1,10,合庫-鳳山,2024-09-11,1029
2323,中環,10,0,10,合庫-鳳山,2024-09-11,1029
3706,神達,10,0,10,合庫-鳳山,2024-09-11,1029
4807,日成-KY,10,0,10,合庫-鳳山,2024-09-11,1029
5460,同協,10,0,10,合庫-鳳山,2024-09-11,1029
00713,元大台灣高息低波,9,0,9,合庫-鳳山,2024-09-11,1029
3209,全科,10,1,9,合庫-鳳山,2024-09-11,1029
6161,捷波,9,0,9,合庫-鳳山,2024-09-11,1029
00680L,元大美債20正2,55,46,9,合庫-鳳山,2024-09-11,1029
00931B,統一美債20年,8,0,8,合庫-鳳山,2024-09-11,1029
2633,台灣高鐵,400,0,400,合庫-鳳山,2024-09-12,1029
00665L,富邦�琤肭磪囓�2,201,0,201,合庫-鳳山,2024-09-12,1029
00632R,元大台灣50反1,88,14,74,合庫-鳳山,2024-09-12,1029
00687B,國泰20年美債,130,57,73,合庫-鳳山,2024-09-12,1029
2388,威盛,42,2,40,合庫-鳳山,2024-09-12,1029
00715L,期街口布蘭特正2,335,300,35,合庫-鳳山,2024-09-12,1029
2399,映泰,51,16,35,合庫-鳳山,2024-09-12,1029
00919,群益台灣精選高息,49,15,34,合庫-鳳山,2024-09-12,1029
2365,昆盈,35,6,29,合庫-鳳山,2024-09-12,1029
3066,李洲,25,0,25,合庫-鳳山,2024-09-12,1029
2539,櫻花建,23,2,21,合庫-鳳山,2024-09-12,1029
4977,眾達-KY,27,7,20,合庫-鳳山,2024-09-12,1029
00959B,大華投等美債15Y+,19,0,19,合庫-鳳山,2024-09-12,1029
8112,至上,19,0,19,合庫-鳳山,2024-09-12,1029
00936,台新永續高息中小,13,0,13,合庫-鳳山,2024-09-12,1029
1584,精剛,12,1,11,合庫-鳳山,2024-09-12,1029
4956,光鋐,11,0,11,合庫-鳳山,2024-09-12,1029
6161,捷波,11,0,11,合庫-鳳山,2024-09-12,1029
00957B,兆豐US優選投等債,10,0,10,合庫-鳳山,2024-09-12,1029
2547,日勝生,10,0,10,合庫-鳳山,2024-09-12,1029
3284,太普高,10,0,10,合庫-鳳山,2024-09-12,1029
6188,廣明,10,0,10,合庫-鳳山,2024-09-12,1029
6952,大武山,10,0,10,合庫-鳳山,2024-09-12,1029
9904,寶成,10,0,10,合庫-鳳山,2024-09-12,1029
1718,中纖,9,0,9,合庫-鳳山,2024-09-12,1029
6530,創威,31,22,9,合庫-鳳山,2024-09-12,1029
9105,泰金寶-DR,10,1,9,合庫-鳳山,2024-09-12,1029
2888,新光金,23,14,9,合庫-鳳山,2024-09-12,1029
00679B,元大美債20年,15,6,9,合庫-鳳山,2024-09-12,1029
1301,台塑,8,0,8,合庫-鳳山,2024-09-12,1029
2867,三商壽,8,0,8,合庫-鳳山,2024-09-12,1029
5351,鈺創,9,1,8,合庫-鳳山,2024-09-12,1029
00878,國泰永續高股息,13,6,7,合庫-鳳山,2024-09-12,1029
00940,元大台灣價值高息,45,38,7,合庫-鳳山,2024-09-12,1029
00713,元大台灣高息低波,8,1,7,合庫-鳳山,2024-09-12,1029
00921,兆豐龍頭等權重,7,0,7,合庫-鳳山,2024-09-12,1029
1536,和大,7,0,7,合庫-鳳山,2024-09-12,1029
6152,百一,7,0,7,合庫-鳳山,2024-09-12,1029
2449,京元電子,12,5,7,合庫-鳳山,2024-09-12,1029
3481,群創,12,5,7,合庫-鳳山,2024-09-12,1029
3062,建漢,9,3,6,合庫-鳳山,2024-09-12,1029
8110,華東,6,0,6,合庫-鳳山,2024-09-12,1029
6187,萬潤,7,1,6,合庫-鳳山,2024-09-12,1029
00915,凱基優選高股息30,10,4,6,合庫-鳳山,2024-09-12,1029
2887,台新金,8,3,5,合庫-鳳山,2024-09-12,1029
1570,力肯,5,0,5,合庫-鳳山,2024-09-12,1029
2349,錸德,5,0,5,合庫-鳳山,2024-09-12,1029
2405,輔信,5,0,5,合庫-鳳山,2024-09-12,1029
2408,南亞科,6,1,5,合庫-鳳山,2024-09-12,1029
2509,全坤建,5,0,5,合庫-鳳山,2024-09-12,1029
00715L,期街口布蘭特正2,302,40,262,合庫-鳳山,2024-09-13,1029
3481,群創,101,5,96,合庫-鳳山,2024-09-13,1029
2633,台灣高鐵,92,0,92,合庫-鳳山,2024-09-13,1029
00919,群益台灣精選高息,107,15,92,合庫-鳳山,2024-09-13,1029
2891,中信金,60,12,48,合庫-鳳山,2024-09-13,1029
00929,復華台灣科技優息,50,10,40,合庫-鳳山,2024-09-13,1029
00688L,國泰20年美債正2,40,0,40,合庫-鳳山,2024-09-13,1029
1718,中纖,40,0,40,合庫-鳳山,2024-09-13,1029
3149,正達,32,4,28,合庫-鳳山,2024-09-13,1029
8039,台虹,56,31,25,合庫-鳳山,2024-09-13,1029
3706,神達,30,6,24,合庫-鳳山,2024-09-13,1029
2303,聯電,18,1,17,合庫-鳳山,2024-09-13,1029
6117,迎廣,16,0,16,合庫-鳳山,2024-09-13,1029
2317,鴻海,26,10,16,合庫-鳳山,2024-09-13,1029
00637L,元大滬深300正2,105,90,15,合庫-鳳山,2024-09-13,1029
6133,金橋,15,0,15,合庫-鳳山,2024-09-13,1029
6579,研揚,15,0,15,合庫-鳳山,2024-09-13,1029
00931B,統一美債20年,14,0,14,合庫-鳳山,2024-09-13,1029
00878,國泰永續高股息,24,11,13,合庫-鳳山,2024-09-13,1029
4979,華星光,37,26,11,合庫-鳳山,2024-09-13,1029
00674R,期元大S＆P黃金反1,10,0,10,合庫-鳳山,2024-09-13,1029
1304,台聚,11,1,10,合庫-鳳山,2024-09-13,1029
6863,永道-KY,10,0,10,合庫-鳳山,2024-09-13,1029
1617,榮星,9,0,9,合庫-鳳山,2024-09-13,1029
2399,映泰,14,5,9,合庫-鳳山,2024-09-13,1029
6257,矽格,9,0,9,合庫-鳳山,2024-09-13,1029
6505,台塑化,15,6,9,合庫-鳳山,2024-09-13,1029
00918,大華優利高填息30,8,0,8,合庫-鳳山,2024-09-13,1029
1513,中興電,10,2,8,合庫-鳳山,2024-09-13,1029
4974,亞泰,9,1,8,合庫-鳳山,2024-09-13,1029
5483,中美晶,8,0,8,合庫-鳳山,2024-09-13,1029
1303,南亞,8,0,8,合庫-鳳山,2024-09-13,1029
00881,國泰台灣5G+,16,9,7,合庫-鳳山,2024-09-13,1029
1514,亞力,7,0,7,合庫-鳳山,2024-09-13,1029
2497,怡利電,13,6,7,合庫-鳳山,2024-09-13,1029
6147,頎邦,7,0,7,合庫-鳳山,2024-09-13,1029
5243,乙盛-KY,6,0,6,合庫-鳳山,2024-09-13,1029
5452,佶優,6,0,6,合庫-鳳山,2024-09-13,1029
00900,富邦特選高股息30,5,0,5,合庫-鳳山,2024-09-13,1029
00795B,中信美國公債20年,7,2,5,合庫-鳳山,2024-09-13,1029
00957B,兆豐US優選投等債,5,0,5,合庫-鳳山,2024-09-13,1029
2408,南亞科,7,2,5,合庫-鳳山,2024-09-13,1029
5213,亞昕,5,0,5,合庫-鳳山,2024-09-13,1029
6152,百一,5,0,5,合庫-鳳山,2024-09-13,1029
1711,永光,6,2,4,合庫-鳳山,2024-09-13,1029
2101,南港,4,0,4,合庫-鳳山,2024-09-13,1029
3013,晟銘電,6,2,4,合庫-鳳山,2024-09-13,1029
3313,斐成,4,0,4,合庫-鳳山,2024-09-13,1029
3710,連展投控,4,0,4,合庫-鳳山,2024-09-13,1029
4561,健椿,4,0,4,合庫-鳳山,2024-09-13,1029
00632R,元大台灣50反1,1110,400,710,合庫-鳳山,2024-09-16,1029
00665L,富邦�琤肭磪囓�2,300,0,300,合庫-鳳山,2024-09-16,1029
00919,群益台灣精選高息,184,10,174,合庫-鳳山,2024-09-16,1029
00929,復華台灣科技優息,132,18,114,合庫-鳳山,2024-09-16,1029
00687B,國泰20年美債,158,76,82,合庫-鳳山,2024-09-16,1029
9105,泰金寶-DR,86,21,65,合庫-鳳山,2024-09-16,1029
00679B,元大美債20年,61,2,59,合庫-鳳山,2024-09-16,1029
00878,國泰永續高股息,50,11,39,合庫-鳳山,2024-09-16,1029
3706,神達,36,0,36,合庫-鳳山,2024-09-16,1029
00857B,永豐20年美公債,30,0,30,合庫-鳳山,2024-09-16,1029
00915,凱基優選高股息30,28,0,28,合庫-鳳山,2024-09-16,1029
00918,大華優利高填息30,24,0,24,合庫-鳳山,2024-09-16,1029
2609,陽明,24,0,24,合庫-鳳山,2024-09-16,1029
00943,兆豐電子高息等權,20,0,20,合庫-鳳山,2024-09-16,1029
00637L,元大滬深300正2,50,30,20,合庫-鳳山,2024-09-16,1029
1110,東泥,20,0,20,合庫-鳳山,2024-09-16,1029
00712,復華富時不動產,20,1,19,合庫-鳳山,2024-09-16,1029
2388,威盛,22,3,19,合庫-鳳山,2024-09-16,1029
2062,橋椿,20,3,17,合庫-鳳山,2024-09-16,1029
3360,尚立,17,0,17,合庫-鳳山,2024-09-16,1029
0056,元大高股息,16,1,15,合庫-鳳山,2024-09-16,1029
00795B,中信美國公債20年,17,2,15,合庫-鳳山,2024-09-16,1029
2889,國票金,15,0,15,合庫-鳳山,2024-09-16,1029
6117,迎廣,15,1,14,合庫-鳳山,2024-09-16,1029
2332,友訊,13,1,12,合庫-鳳山,2024-09-16,1029
2070,精湛,29,17,12,合庫-鳳山,2024-09-16,1029
8033,雷虎,12,1,11,合庫-鳳山,2024-09-16,1029
1301,台塑,12,2,10,合庫-鳳山,2024-09-16,1029
2867,三商壽,10,0,10,合庫-鳳山,2024-09-16,1029
3580,友威科,12,2,10,合庫-鳳山,2024-09-16,1029
3607,谷崧,11,1,10,合庫-鳳山,2024-09-16,1029
3645,達邁,10,0,10,合庫-鳳山,2024-09-16,1029
00713,元大台灣高息低波,10,1,9,合庫-鳳山,2024-09-16,1029
2408,南亞科,10,1,9,合庫-鳳山,2024-09-16,1029
8249,菱光,20,11,9,合庫-鳳山,2024-09-16,1029
00939,統一台灣高息動能,8,0,8,合庫-鳳山,2024-09-16,1029
00688L,國泰20年美債正2,28,20,8,合庫-鳳山,2024-09-16,1029
1314,中石化,12,4,8,合庫-鳳山,2024-09-16,1029
2344,華邦電,7,0,7,合庫-鳳山,2024-09-16,1029
2367,燿華,7,0,7,合庫-鳳山,2024-09-16,1029
2399,映泰,13,6,7,合庫-鳳山,2024-09-16,1029
4736,泰博,7,0,7,合庫-鳳山,2024-09-16,1029
6838,台新藥,7,0,7,合庫-鳳山,2024-09-16,1029
00715L,期街口布蘭特正2,6,0,6,合庫-鳳山,2024-09-16,1029
00921,兆豐龍頭等權重,6,0,6,合庫-鳳山,2024-09-16,1029
3484,崧騰,6,0,6,合庫-鳳山,2024-09-16,1029
5460,同協,6,0,6,合庫-鳳山,2024-09-16,1029
9904,寶成,6,0,6,合庫-鳳山,2024-09-16,1029
8046,南電,5,0,5,合庫-鳳山,2024-09-16,1029
00933B,國泰10Y+金融債,6,1,5,合庫-鳳山,2024-09-16,1029
00687B,國泰20年美債,232,48,184,合庫-鳳山,2024-09-18,1029
00929,復華台灣科技優息,160,2,158,合庫-鳳山,2024-09-18,1029
3481,群創,160,4,156,合庫-鳳山,2024-09-18,1029
00919,群益台灣精選高息,154,36,118,合庫-鳳山,2024-09-18,1029
2409,友達,114,0,114,合庫-鳳山,2024-09-18,1029
00665L,富邦�琤肭磪囓�2,100,0,100,合庫-鳳山,2024-09-18,1029
3062,建漢,117,23,94,合庫-鳳山,2024-09-18,1029
00937B,群益ESG投等債20,76,19,57,合庫-鳳山,2024-09-18,1029
00918,大華優利高填息30,52,0,52,合庫-鳳山,2024-09-18,1029
00915,凱基優選高股息30,51,0,51,合庫-鳳山,2024-09-18,1029
2303,聯電,54,4,50,合庫-鳳山,2024-09-18,1029
2888,新光金,155,107,48,合庫-鳳山,2024-09-18,1029
00688L,國泰20年美債正2,32,0,32,合庫-鳳山,2024-09-18,1029
2062,橋椿,31,0,31,合庫-鳳山,2024-09-18,1029
2426,鼎元,36,6,30,合庫-鳳山,2024-09-18,1029
00713,元大台灣高息低波,29,1,28,合庫-鳳山,2024-09-18,1029
2382,廣達,27,0,27,合庫-鳳山,2024-09-18,1029
2633,台灣高鐵,26,0,26,合庫-鳳山,2024-09-18,1029
00878,國泰永續高股息,34,10,24,合庫-鳳山,2024-09-18,1029
2890,永豐金,24,0,24,合庫-鳳山,2024-09-18,1029
0056,元大高股息,24,0,24,合庫-鳳山,2024-09-18,1029
00725B,國泰投資級公司債,22,0,22,合庫-鳳山,2024-09-18,1029
2374,佳能,24,3,21,合庫-鳳山,2024-09-18,1029
2317,鴻海,33,15,18,合庫-鳳山,2024-09-18,1029
1530,亞崴,17,0,17,合庫-鳳山,2024-09-18,1029
8096,擎亞,18,1,17,合庫-鳳山,2024-09-18,1029
00881,國泰台灣5G+,18,1,17,合庫-鳳山,2024-09-18,1029
2887,台新金,17,1,16,合庫-鳳山,2024-09-18,1029
2313,華通,30,15,15,合庫-鳳山,2024-09-18,1029
2539,櫻花建,15,0,15,合庫-鳳山,2024-09-18,1029
00927,群益半導體收益,14,0,14,合庫-鳳山,2024-09-18,1029
3035,智原,12,0,12,合庫-鳳山,2024-09-18,1029
2228,劍麟,12,0,12,合庫-鳳山,2024-09-18,1029
2477,美隆電,12,0,12,合庫-鳳山,2024-09-18,1029
2889,國票金,12,0,12,合庫-鳳山,2024-09-18,1029
00934,中信成長高股息,11,0,11,合庫-鳳山,2024-09-18,1029
2497,怡利電,12,1,11,合庫-鳳山,2024-09-18,1029
3455,由田,11,0,11,合庫-鳳山,2024-09-18,1029
3550,聯穎,25,14,11,合庫-鳳山,2024-09-18,1029
00891,中信關鍵半導體,10,0,10,合庫-鳳山,2024-09-18,1029
00679B,元大美債20年,17,7,10,合庫-鳳山,2024-09-18,1029
00945B,凱基美國非投等債,10,0,10,合庫-鳳山,2024-09-18,1029
00946,群益科技高息成長,10,0,10,合庫-鳳山,2024-09-18,1029
1460,宏遠,10,0,10,合庫-鳳山,2024-09-18,1029
1584,精剛,10,0,10,合庫-鳳山,2024-09-18,1029
3006,晶豪科,10,0,10,合庫-鳳山,2024-09-18,1029
5488,松普,10,0,10,合庫-鳳山,2024-09-18,1029
8110,華東,10,0,10,合庫-鳳山,2024-09-18,1029
9946,三發地產,10,0,10,合庫-鳳山,2024-09-18,1029
3037,欣興,9,0,9,合庫-鳳山,2024-09-18,1029
00632R,元大台灣50反1,178,40,138,合庫-鳳山,2024-09-19,1029
3049,精金,135,8,127,合庫-鳳山,2024-09-19,1029
00919,群益台灣精選高息,130,13,117,合庫-鳳山,2024-09-19,1029
00929,復華台灣科技優息,107,1,106,合庫-鳳山,2024-09-19,1029
00688L,國泰20年美債正2,120,20,100,合庫-鳳山,2024-09-19,1029
00795B,中信美國公債20年,79,2,77,合庫-鳳山,2024-09-19,1029
3041,揚智,50,0,50,合庫-鳳山,2024-09-19,1029
3706,神達,40,1,39,合庫-鳳山,2024-09-19,1029
2891,中信金,43,5,38,合庫-鳳山,2024-09-19,1029
1711,永光,40,7,33,合庫-鳳山,2024-09-19,1029
1718,中纖,30,0,30,合庫-鳳山,2024-09-19,1029
00680L,元大美債20正2,40,10,30,合庫-鳳山,2024-09-19,1029
8249,菱光,27,0,27,合庫-鳳山,2024-09-19,1029
00946,群益科技高息成長,27,1,26,合庫-鳳山,2024-09-19,1029
4513,福裕,35,14,21,合庫-鳳山,2024-09-19,1029
2408,南亞科,20,0,20,合庫-鳳山,2024-09-19,1029
00931B,統一美債20年,18,0,18,合庫-鳳山,2024-09-19,1029
2250,IKKA-KY,19,1,18,合庫-鳳山,2024-09-19,1029
00915,凱基優選高股息30,14,0,14,合庫-鳳山,2024-09-19,1029
2365,昆盈,15,2,13,合庫-鳳山,2024-09-19,1029
0056,元大高股息,12,0,12,合庫-鳳山,2024-09-19,1029
2399,映泰,39,28,11,合庫-鳳山,2024-09-19,1029
6788,華景電,13,2,11,合庫-鳳山,2024-09-19,1029
00878,國泰永續高股息,18,7,11,合庫-鳳山,2024-09-19,1029
3711,日月光投控,14,3,11,合庫-鳳山,2024-09-19,1029
8033,雷虎,12,2,10,合庫-鳳山,2024-09-19,1029
00958B,永豐ESG銀行債15,11,1,10,合庫-鳳山,2024-09-19,1029
2204,中華,10,0,10,合庫-鳳山,2024-09-19,1029
2420,新巨,20,10,10,合庫-鳳山,2024-09-19,1029
3003,健和興,12,2,10,合庫-鳳山,2024-09-19,1029
6492,生華科,15,5,10,合庫-鳳山,2024-09-19,1029
9105,泰金寶-DR,10,0,10,合庫-鳳山,2024-09-19,1029
00918,大華優利高填息30,10,1,9,合庫-鳳山,2024-09-19,1029
2477,美隆電,27,18,9,合庫-鳳山,2024-09-19,1029
00713,元大台灣高息低波,9,0,9,合庫-鳳山,2024-09-19,1029
3062,建漢,19,11,8,合庫-鳳山,2024-09-19,1029
9935,慶豐富,11,3,8,合庫-鳳山,2024-09-19,1029
2349,錸德,8,0,8,合庫-鳳山,2024-09-19,1029
2243,宏旭-KY,17,10,7,合庫-鳳山,2024-09-19,1029
911868,同方友友-DR,7,1,6,合庫-鳳山,2024-09-19,1029
1539,巨庭,11,5,6,合庫-鳳山,2024-09-19,1029
00928,中信上櫃ESG30,5,0,5,合庫-鳳山,2024-09-19,1029
1301,台塑,8,3,5,合庫-鳳山,2024-09-19,1029
2002,中鋼,19,14,5,合庫-鳳山,2024-09-19,1029
2201,裕隆,5,0,5,合庫-鳳山,2024-09-19,1029
2344,華邦電,7,2,5,合庫-鳳山,2024-09-19,1029
2412,中華電,5,0,5,合庫-鳳山,2024-09-19,1029
3363,上詮,13,8,5,合庫-鳳山,2024-09-19,1029
3707,漢磊,5,0,5,合庫-鳳山,2024-09-19,1029
5328,華容,5,0,5,合庫-鳳山,2024-09-19,1029
00632R,元大台灣50反1,520,0,520,合庫-鳳山,2024-09-20,1029
2888,新光金,220,11,209,合庫-鳳山,2024-09-20,1029
00919,群益台灣精選高息,265,85,180,合庫-鳳山,2024-09-20,1029
1101,台泥,101,0,101,合庫-鳳山,2024-09-20,1029
00673R,期元大S＆P原油反1,101,0,101,合庫-鳳山,2024-09-20,1029
2633,台灣高鐵,100,0,100,合庫-鳳山,2024-09-20,1029
00687B,國泰20年美債,121,42,79,合庫-鳳山,2024-09-20,1029
00680L,元大美債20正2,71,5,66,合庫-鳳山,2024-09-20,1029
6505,台塑化,51,1,50,合庫-鳳山,2024-09-20,1029
00666R,富邦�琤肭磪齯�1,40,0,40,合庫-鳳山,2024-09-20,1029
2303,聯電,38,1,37,合庫-鳳山,2024-09-20,1029
00931B,統一美債20年,35,0,35,合庫-鳳山,2024-09-20,1029
00882,中信中國高股息,45,11,34,合庫-鳳山,2024-09-20,1029
9935,慶豐富,33,2,31,合庫-鳳山,2024-09-20,1029
00915,凱基優選高股息30,26,0,26,合庫-鳳山,2024-09-20,1029
1808,潤隆,26,1,25,合庫-鳳山,2024-09-20,1029
2349,錸德,31,12,19,合庫-鳳山,2024-09-20,1029
00958B,永豐ESG銀行債15,19,0,19,合庫-鳳山,2024-09-20,1029
1711,永光,47,28,19,合庫-鳳山,2024-09-20,1029
4526,東台,30,12,18,合庫-鳳山,2024-09-20,1029
6104,創惟,21,3,18,合庫-鳳山,2024-09-20,1029
6743,安普新,18,0,18,合庫-鳳山,2024-09-20,1029
6134,萬旭,17,0,17,合庫-鳳山,2024-09-20,1029
911868,同方友友-DR,16,0,16,合庫-鳳山,2024-09-20,1029
3188,鑫龍騰,16,1,15,合庫-鳳山,2024-09-20,1029
3706,神達,15,0,15,合庫-鳳山,2024-09-20,1029
2062,橋椿,15,1,14,合庫-鳳山,2024-09-20,1029
1815,富喬,19,6,13,合庫-鳳山,2024-09-20,1029
1785,光洋科,60,47,13,合庫-鳳山,2024-09-20,1029
3230,錦明,23,11,12,合庫-鳳山,2024-09-20,1029
3673,TPK-KY,15,3,12,合庫-鳳山,2024-09-20,1029
00679B,元大美債20年,13,2,11,合庫-鳳山,2024-09-20,1029
2002,中鋼,29,18,11,合庫-鳳山,2024-09-20,1029
4945,陞達科技,11,0,11,合庫-鳳山,2024-09-20,1029
6177,達麗,10,0,10,合庫-鳳山,2024-09-20,1029
00688L,國泰20年美債正2,10,0,10,合庫-鳳山,2024-09-20,1029
00674R,期元大S＆P黃金反1,10,0,10,合庫-鳳山,2024-09-20,1029
2313,華通,35,25,10,合庫-鳳山,2024-09-20,1029
2488,漢平,10,0,10,合庫-鳳山,2024-09-20,1029
2515,中工,13,3,10,合庫-鳳山,2024-09-20,1029
2547,日勝生,11,1,10,合庫-鳳山,2024-09-20,1029
6198,瑞築,10,0,10,合庫-鳳山,2024-09-20,1029
6706,惠特,16,6,10,合庫-鳳山,2024-09-20,1029
8473,山林水,10,0,10,合庫-鳳山,2024-09-20,1029
9105,泰金寶-DR,20,10,10,合庫-鳳山,2024-09-20,1029
2464,盟立,35,25,10,合庫-鳳山,2024-09-20,1029
3581,博磊,9,0,9,合庫-鳳山,2024-09-20,1029
0056,元大高股息,12,4,8,合庫-鳳山,2024-09-20,1029
00712,復華富時不動產,8,0,8,合庫-鳳山,2024-09-20,1029
00881,國泰台灣5G+,10,2,8,合庫-鳳山,2024-09-20,1029
00919,群益台灣精選高息,260,3,257,合庫-鳳山,2024-09-23,1029
00929,復華台灣科技優息,144,1,143,合庫-鳳山,2024-09-23,1029
00687B,國泰20年美債,139,10,129,合庫-鳳山,2024-09-23,1029
00632R,元大台灣50反1,68,0,68,合庫-鳳山,2024-09-23,1029
00679B,元大美債20年,53,5,48,合庫-鳳山,2024-09-23,1029
2425,承啟,50,9,41,合庫-鳳山,2024-09-23,1029
00878,國泰永續高股息,49,9,40,合庫-鳳山,2024-09-23,1029
00937B,群益ESG投等債20,38,6,32,合庫-鳳山,2024-09-23,1029
2801,彰銀,30,1,29,合庫-鳳山,2024-09-23,1029
1815,富喬,29,2,27,合庫-鳳山,2024-09-23,1029
00637L,元大滬深300正2,30,7,23,合庫-鳳山,2024-09-23,1029
2888,新光金,206,184,22,合庫-鳳山,2024-09-23,1029
2542,興富發,25,3,22,合庫-鳳山,2024-09-23,1029
2344,華邦電,21,1,20,合庫-鳳山,2024-09-23,1029
5392,能率,20,0,20,合庫-鳳山,2024-09-23,1029
2062,橋椿,20,1,19,合庫-鳳山,2024-09-23,1029
8033,雷虎,26,8,18,合庫-鳳山,2024-09-23,1029
3715,定穎投控,53,36,17,合庫-鳳山,2024-09-23,1029
2887,台新金,24,7,17,合庫-鳳山,2024-09-23,1029
5905,南仁湖,15,0,15,合庫-鳳山,2024-09-23,1029
5483,中美晶,13,0,13,合庫-鳳山,2024-09-23,1029
3481,群創,52,39,13,合庫-鳳山,2024-09-23,1029
00940,元大台灣價值高息,23,11,12,合庫-鳳山,2024-09-23,1029
3062,建漢,16,4,12,合庫-鳳山,2024-09-23,1029
6142,友勁,12,0,12,合庫-鳳山,2024-09-23,1029
6161,捷波,12,0,12,合庫-鳳山,2024-09-23,1029
1522,堤維西,16,5,11,合庫-鳳山,2024-09-23,1029
00680L,元大美債20正2,10,0,10,合庫-鳳山,2024-09-23,1029
00945B,凱基美國非投等債,10,0,10,合庫-鳳山,2024-09-23,1029
1708,東鹼,10,0,10,合庫-鳳山,2024-09-23,1029
3230,錦明,11,1,10,合庫-鳳山,2024-09-23,1029
3376,新日興,10,0,10,合庫-鳳山,2024-09-23,1029
3685,元創精密,10,0,10,合庫-鳳山,2024-09-23,1029
6733,博晟生醫,10,0,10,合庫-鳳山,2024-09-23,1029
1711,永光,29,20,9,合庫-鳳山,2024-09-23,1029
2867,三商壽,10,1,9,合庫-鳳山,2024-09-23,1029
6134,萬旭,9,0,9,合庫-鳳山,2024-09-23,1029
6706,惠特,12,3,9,合庫-鳳山,2024-09-23,1029
2547,日勝生,10,1,9,合庫-鳳山,2024-09-23,1029
1776,展宇,12,4,8,合庫-鳳山,2024-09-23,1029
2495,普安,13,5,8,合庫-鳳山,2024-09-23,1029
3580,友威科,15,7,8,合庫-鳳山,2024-09-23,1029
4716,大立,23,15,8,合庫-鳳山,2024-09-23,1029
4958,臻鼎-KY,8,0,8,合庫-鳳山,2024-09-23,1029
6582,申豐,8,0,8,合庫-鳳山,2024-09-23,1029
8277,商丞,9,1,8,合庫-鳳山,2024-09-23,1029
00753L,中信中國50正2,7,0,7,合庫-鳳山,2024-09-23,1029
2548,華固,7,0,7,合庫-鳳山,2024-09-23,1029
4908,前鼎,9,2,7,合庫-鳳山,2024-09-23,1029
3605,宏致,7,0,7,合庫-鳳山,2024-09-23,1029
00632R,元大台灣50反1,511,0,511,合庫-鳳山,2024-09-24,1029
00687B,國泰20年美債,208,1,207,合庫-鳳山,2024-09-24,1029
3188,鑫龍騰,180,0,180,合庫-鳳山,2024-09-24,1029
00878,國泰永續高股息,140,2,138,合庫-鳳山,2024-09-24,1029
00927,群益半導體收益,109,0,109,合庫-鳳山,2024-09-24,1029
00679B,元大美債20年,93,0,93,合庫-鳳山,2024-09-24,1029
00715L,期街口布蘭特正2,87,0,87,合庫-鳳山,2024-09-24,1029
2888,新光金,94,29,65,合庫-鳳山,2024-09-24,1029
00639,富邦深100,52,0,52,合庫-鳳山,2024-09-24,1029
3062,建漢,111,65,46,合庫-鳳山,2024-09-24,1029
00637L,元大滬深300正2,62,17,45,合庫-鳳山,2024-09-24,1029
2425,承啟,41,2,39,合庫-鳳山,2024-09-24,1029
00642U,期元大S＆P石油,40,3,37,合庫-鳳山,2024-09-24,1029
2867,三商壽,37,0,37,合庫-鳳山,2024-09-24,1029
2539,櫻花建,35,0,35,合庫-鳳山,2024-09-24,1029
00960,野村全球航運龍頭,31,0,31,合庫-鳳山,2024-09-24,1029
1815,富喬,30,0,30,合庫-鳳山,2024-09-24,1029
2606,裕民,31,2,29,合庫-鳳山,2024-09-24,1029
3073,天方能源,31,3,28,合庫-鳳山,2024-09-24,1029
00680L,元大美債20正2,27,0,27,合庫-鳳山,2024-09-24,1029
3041,揚智,27,0,27,合庫-鳳山,2024-09-24,1029
00958B,永豐ESG銀行債15,25,0,25,合庫-鳳山,2024-09-24,1029
00712,復華富時不動產,30,8,22,合庫-鳳山,2024-09-24,1029
00918,大華優利高填息30,22,0,22,合庫-鳳山,2024-09-24,1029
6257,矽格,26,5,21,合庫-鳳山,2024-09-24,1029
00795B,中信美國公債20年,20,0,20,合庫-鳳山,2024-09-24,1029
00937B,群益ESG投等債20,21,3,18,合庫-鳳山,2024-09-24,1029
2344,華邦電,19,1,18,合庫-鳳山,2024-09-24,1029
0056,元大高股息,19,1,18,合庫-鳳山,2024-09-24,1029
00688L,國泰20年美債正2,17,0,17,合庫-鳳山,2024-09-24,1029
6104,創惟,24,8,16,合庫-鳳山,2024-09-24,1029
2349,錸德,51,36,15,合庫-鳳山,2024-09-24,1029
5880,合庫金,25,11,14,合庫-鳳山,2024-09-24,1029
2062,橋椿,16,4,12,合庫-鳳山,2024-09-24,1029
2305,全友,12,0,12,合庫-鳳山,2024-09-24,1029
6806,森崴能源,15,3,12,合庫-鳳山,2024-09-24,1029
2481,強茂,15,4,11,合庫-鳳山,2024-09-24,1029
3035,智原,11,0,11,合庫-鳳山,2024-09-24,1029
00674R,期元大S＆P黃金反1,10,0,10,合庫-鳳山,2024-09-24,1029
2385,群光,10,0,10,合庫-鳳山,2024-09-24,1029
3615,安可,15,5,10,合庫-鳳山,2024-09-24,1029
4906,正文,10,0,10,合庫-鳳山,2024-09-24,1029
5388,中磊,10,0,10,合庫-鳳山,2024-09-24,1029
6405,悅城,13,3,10,合庫-鳳山,2024-09-24,1029
3306,鼎天,15,5,10,合庫-鳳山,2024-09-24,1029
00936,台新永續高息中小,10,1,9,合庫-鳳山,2024-09-24,1029
1727,中華化,8,0,8,合庫-鳳山,2024-09-24,1029
6770,力積電,10,2,8,合庫-鳳山,2024-09-24,1029
3037,欣興,8,1,7,合庫-鳳山,2024-09-24,1029
00923,群益台ESG低碳50,10,3,7,合庫-鳳山,2024-09-24,1029
00937B,群益ESG投等債20,620,151,469,合庫-鳳山,2024-09-25,1029
3481,群創,216,1,215,合庫-鳳山,2024-09-25,1029
00929,復華台灣科技優息,117,8,109,合庫-鳳山,2024-09-25,1029
5871,中租-KY,105,8,97,合庫-鳳山,2024-09-25,1029
3062,建漢,98,7,91,合庫-鳳山,2024-09-25,1029
6161,捷波,69,0,69,合庫-鳳山,2024-09-25,1029
3714,富采,54,2,52,合庫-鳳山,2024-09-25,1029
00688L,國泰20年美債正2,102,60,42,合庫-鳳山,2024-09-25,1029
00680L,元大美債20正2,50,9,41,合庫-鳳山,2024-09-25,1029
00687B,國泰20年美債,59,23,36,合庫-鳳山,2024-09-25,1029
1815,富喬,36,0,36,合庫-鳳山,2024-09-25,1029
2613,中櫃,41,8,33,合庫-鳳山,2024-09-25,1029
5488,松普,33,0,33,合庫-鳳山,2024-09-25,1029
2891,中信金,34,1,33,合庫-鳳山,2024-09-25,1029
00764B,群益25年美債,30,0,30,合庫-鳳山,2024-09-25,1029
3149,正達,36,7,29,合庫-鳳山,2024-09-25,1029
00679B,元大美債20年,30,1,29,合庫-鳳山,2024-09-25,1029
00918,大華優利高填息30,30,2,28,合庫-鳳山,2024-09-25,1029
8070,長華*,32,4,28,合庫-鳳山,2024-09-25,1029
2542,興富發,49,22,27,合庫-鳳山,2024-09-25,1029
00665L,富邦�琤肭磪囓�2,530,505,25,合庫-鳳山,2024-09-25,1029
00919,群益台灣精選高息,40,16,24,合庫-鳳山,2024-09-25,1029
6163,華電網,23,0,23,合庫-鳳山,2024-09-25,1029
8096,擎亞,23,0,23,合庫-鳳山,2024-09-25,1029
8089,康全電訊,22,0,22,合庫-鳳山,2024-09-25,1029
6213,聯茂,20,0,20,合庫-鳳山,2024-09-25,1029
00960,野村全球航運龍頭,28,8,20,合庫-鳳山,2024-09-25,1029
2425,承啟,30,10,20,合庫-鳳山,2024-09-25,1029
8358,金居,20,0,20,合庫-鳳山,2024-09-25,1029
1514,亞力,21,2,19,合庫-鳳山,2024-09-25,1029
2890,永豐金,16,0,16,合庫-鳳山,2024-09-25,1029
4571,鈞興-KY,19,4,15,合庫-鳳山,2024-09-25,1029
3715,定穎投控,18,4,14,合庫-鳳山,2024-09-25,1029
8473,山林水,13,0,13,合庫-鳳山,2024-09-25,1029
00795B,中信美國公債20年,16,4,12,合庫-鳳山,2024-09-25,1029
3622,洋華,12,0,12,合庫-鳳山,2024-09-25,1029
2455,全新,29,18,11,合庫-鳳山,2024-09-25,1029
4956,光鋐,11,0,11,合庫-鳳山,2024-09-25,1029
8234,新漢,11,0,11,合庫-鳳山,2024-09-25,1029
0050,元大台灣50,12,1,11,合庫-鳳山,2024-09-25,1029
00715L,期街口布蘭特正2,10,0,10,合庫-鳳山,2024-09-25,1029
00643,群益深証中小,10,0,10,合庫-鳳山,2024-09-25,1029
00915,凱基優選高股息30,10,0,10,合庫-鳳山,2024-09-25,1029
00928,中信上櫃ESG30,10,0,10,合庫-鳳山,2024-09-25,1029
4931,新盛力,10,0,10,合庫-鳳山,2024-09-25,1029
6241,易通展,10,0,10,合庫-鳳山,2024-09-25,1029
8277,商丞,10,0,10,合庫-鳳山,2024-09-25,1029
2356,英業達,12,3,9,合庫-鳳山,2024-09-25,1029
8033,雷虎,20,11,9,合庫-鳳山,2024-09-25,1029
00642U,期元大S＆P石油,10,1,9,合庫-鳳山,2024-09-25,1029
3188,鑫龍騰,227,0,227,合庫-鳳山,2024-09-26,1029
00715L,期街口布蘭特正2,163,0,163,合庫-鳳山,2024-09-26,1029
00687B,國泰20年美債,144,3,141,合庫-鳳山,2024-09-26,1029
00679B,元大美債20年,120,3,117,合庫-鳳山,2024-09-26,1029
00937B,群益ESG投等債20,212,102,110,合庫-鳳山,2024-09-26,1029
5608,四維航,110,1,109,合庫-鳳山,2024-09-26,1029
5871,中租-KY,101,1,100,合庫-鳳山,2024-09-26,1029
00960,野村全球航運龍頭,193,107,86,合庫-鳳山,2024-09-26,1029
2535,達欣工,60,0,60,合庫-鳳山,2024-09-26,1029
00639,富邦深100,52,0,52,合庫-鳳山,2024-09-26,1029
00929,復華台灣科技優息,94,43,51,合庫-鳳山,2024-09-26,1029
00931B,統一美債20年,50,0,50,合庫-鳳山,2024-09-26,1029
00688L,國泰20年美債正2,62,13,49,合庫-鳳山,2024-09-26,1029
3019,亞光,44,6,38,合庫-鳳山,2024-09-26,1029
2344,華邦電,44,6,38,合庫-鳳山,2024-09-26,1029
00712,復華富時不動產,35,0,35,合庫-鳳山,2024-09-26,1029
3062,建漢,35,2,33,合庫-鳳山,2024-09-26,1029
1815,富喬,26,0,26,合庫-鳳山,2024-09-26,1029
2887,台新金,23,0,23,合庫-鳳山,2024-09-26,1029
4945,陞達科技,23,0,23,合庫-鳳山,2024-09-26,1029
00680L,元大美債20正2,33,11,22,合庫-鳳山,2024-09-26,1029
00655L,國泰中國A50正2,20,0,20,合庫-鳳山,2024-09-26,1029
2801,彰銀,21,2,19,合庫-鳳山,2024-09-26,1029
5880,合庫金,23,8,15,合庫-鳳山,2024-09-26,1029
2367,燿華,15,0,15,合庫-鳳山,2024-09-26,1029
2883,凱基金,20,5,15,合庫-鳳山,2024-09-26,1029
3013,晟銘電,25,10,15,合庫-鳳山,2024-09-26,1029
2388,威盛,31,17,14,合庫-鳳山,2024-09-26,1029
2323,中環,32,18,14,合庫-鳳山,2024-09-26,1029
6104,創惟,28,14,14,合庫-鳳山,2024-09-26,1029
2542,興富發,33,20,13,合庫-鳳山,2024-09-26,1029
00907,永豐優息存股,12,0,12,合庫-鳳山,2024-09-26,1029
00772B,中信高評級公司債,13,1,12,合庫-鳳山,2024-09-26,1029
2426,鼎元,12,0,12,合庫-鳳山,2024-09-26,1029
2497,怡利電,22,10,12,合庫-鳳山,2024-09-26,1029
3715,定穎投控,20,8,12,合庫-鳳山,2024-09-26,1029
8070,長華*,14,3,11,合庫-鳳山,2024-09-26,1029
2882,國泰金,14,3,11,合庫-鳳山,2024-09-26,1029
3661,世芯-KY,13,2,11,合庫-鳳山,2024-09-26,1029
2002,中鋼,11,0,11,合庫-鳳山,2024-09-26,1029
2408,南亞科,12,1,11,合庫-鳳山,2024-09-26,1029
3689,湧德,13,2,11,合庫-鳳山,2024-09-26,1029
4526,東台,11,0,11,合庫-鳳山,2024-09-26,1029
4716,大立,30,19,11,合庫-鳳山,2024-09-26,1029
6830,汎銓,13,2,11,合庫-鳳山,2024-09-26,1029
00946,群益科技高息成長,10,0,10,合庫-鳳山,2024-09-26,1029
1314,中石化,10,0,10,合庫-鳳山,2024-09-26,1029
2451,創見,11,1,10,合庫-鳳山,2024-09-26,1029
3707,漢磊,10,0,10,合庫-鳳山,2024-09-26,1029
6589,台康生技,10,0,10,合庫-鳳山,2024-09-26,1029
00665L,富邦�琤肭磪囓�2,1230,1000,230,合庫-鳳山,2024-09-27,1029
00715L,期街口布蘭特正2,207,10,197,合庫-鳳山,2024-09-27,1029
2409,友達,192,1,191,合庫-鳳山,2024-09-27,1029
00688L,國泰20年美債正2,128,0,128,合庫-鳳山,2024-09-27,1029
00679B,元大美債20年,134,14,120,合庫-鳳山,2024-09-27,1029
00929,復華台灣科技優息,108,21,87,合庫-鳳山,2024-09-27,1029
1326,台化,84,1,83,合庫-鳳山,2024-09-27,1029
00687B,國泰20年美債,62,13,49,合庫-鳳山,2024-09-27,1029
00937B,群益ESG投等債20,69,22,47,合庫-鳳山,2024-09-27,1029
00655L,國泰中國A50正2,42,0,42,合庫-鳳山,2024-09-27,1029
2010,春源,40,0,40,合庫-鳳山,2024-09-27,1029
4729,熒茂,34,4,30,合庫-鳳山,2024-09-27,1029
00680L,元大美債20正2,29,0,29,合庫-鳳山,2024-09-27,1029
3019,亞光,29,2,27,合庫-鳳山,2024-09-27,1029
1319,東陽,26,0,26,合庫-鳳山,2024-09-27,1029
8277,商丞,25,0,25,合庫-鳳山,2024-09-27,1029
2363,矽統,97,72,25,合庫-鳳山,2024-09-27,1029
00632R,元大台灣50反1,42,18,24,合庫-鳳山,2024-09-27,1029
00953B,群益優選非投等債,23,0,23,合庫-鳳山,2024-09-27,1029
3066,李洲,23,0,23,合庫-鳳山,2024-09-27,1029
6492,生華科,55,32,23,合庫-鳳山,2024-09-27,1029
1815,富喬,18,0,18,合庫-鳳山,2024-09-27,1029
00933B,國泰10Y+金融債,20,3,17,合庫-鳳山,2024-09-27,1029
00712,復華富時不動產,20,5,15,合庫-鳳山,2024-09-27,1029
2371,大同,31,17,14,合庫-鳳山,2024-09-27,1029
3041,揚智,17,3,14,合庫-鳳山,2024-09-27,1029
2891,中信金,31,17,14,合庫-鳳山,2024-09-27,1029
1721,三晃,16,3,13,合庫-鳳山,2024-09-27,1029
3550,聯穎,17,4,13,合庫-鳳山,2024-09-27,1029
911868,同方友友-DR,13,0,13,合庫-鳳山,2024-09-27,1029
1785,光洋科,24,13,11,合庫-鳳山,2024-09-27,1029
3711,日月光投控,14,3,11,合庫-鳳山,2024-09-27,1029
00960,野村全球航運龍頭,81,71,10,合庫-鳳山,2024-09-27,1029
4956,光鋐,10,0,10,合庫-鳳山,2024-09-27,1029
6215,和椿,22,12,10,合庫-鳳山,2024-09-27,1029
910861,神州-DR,10,0,10,合庫-鳳山,2024-09-27,1029
8039,台虹,11,2,9,合庫-鳳山,2024-09-27,1029
00919,群益台灣精選高息,57,48,9,合庫-鳳山,2024-09-27,1029
2027,大成鋼,10,2,8,合庫-鳳山,2024-09-27,1029
4772,台特化,9,1,8,合庫-鳳山,2024-09-27,1029
2618,長榮航,18,10,8,合庫-鳳山,2024-09-27,1029
3030,德律,9,2,7,合庫-鳳山,2024-09-27,1029
4903,聯光通,8,1,7,合庫-鳳山,2024-09-27,1029
6969,成信實業*-創,7,0,7,合庫-鳳山,2024-09-27,1029
3189,景碩,28,21,7,合庫-鳳山,2024-09-27,1029
00948B,中信優息投資級債,6,0,6,合庫-鳳山,2024-09-27,1029
1314,中石化,10,4,6,合庫-鳳山,2024-09-27,1029
2312,金寶,20,14,6,合庫-鳳山,2024-09-27,1029
2399,映泰,12,6,6,合庫-鳳山,2024-09-27,1029
3033,威健,6,0,6,合庫-鳳山,2024-09-27,1029
00665L,富邦�琤肭磪囓�2,1251,950,301,合庫-鳳山,2024-09-30,1029
1314,中石化,337,112,225,合庫-鳳山,2024-09-30,1029
00929,復華台灣科技優息,150,8,142,合庫-鳳山,2024-09-30,1029
00919,群益台灣精選高息,125,1,124,合庫-鳳山,2024-09-30,1029
2409,友達,64,1,63,合庫-鳳山,2024-09-30,1029
00688L,國泰20年美債正2,58,4,54,合庫-鳳山,2024-09-30,1029
00753L,中信中國50正2,112,61,51,合庫-鳳山,2024-09-30,1029
5014,建錩,54,11,43,合庫-鳳山,2024-09-30,1029
2356,英業達,40,1,39,合庫-鳳山,2024-09-30,1029
2002,中鋼,70,33,37,合庫-鳳山,2024-09-30,1029
00687B,國泰20年美債,69,32,37,合庫-鳳山,2024-09-30,1029
1815,富喬,36,0,36,合庫-鳳山,2024-09-30,1029
2605,新興,55,19,36,合庫-鳳山,2024-09-30,1029
00637L,元大滬深300正2,86,51,35,合庫-鳳山,2024-09-30,1029
1536,和大,34,0,34,合庫-鳳山,2024-09-30,1029
4526,東台,34,1,33,合庫-鳳山,2024-09-30,1029
00679B,元大美債20年,35,3,32,合庫-鳳山,2024-09-30,1029
2344,華邦電,32,1,31,合庫-鳳山,2024-09-30,1029
6161,捷波,30,0,30,合庫-鳳山,2024-09-30,1029
00700,富邦�琤肭磪�,26,0,26,合庫-鳳山,2024-09-30,1029
0056,元大高股息,28,3,25,合庫-鳳山,2024-09-30,1029
3188,鑫龍騰,22,0,22,合庫-鳳山,2024-09-30,1029
00881,國泰台灣5G+,21,0,21,合庫-鳳山,2024-09-30,1029
2030,彰源,21,1,20,合庫-鳳山,2024-09-30,1029
3149,正達,39,19,20,合庫-鳳山,2024-09-30,1029
2010,春源,19,0,19,合庫-鳳山,2024-09-30,1029
2615,萬海,66,48,18,合庫-鳳山,2024-09-30,1029
00891,中信關鍵半導體,17,0,17,合庫-鳳山,2024-09-30,1029
2330,台積電,22,6,16,合庫-鳳山,2024-09-30,1029
3062,建漢,16,0,16,合庫-鳳山,2024-09-30,1029
00946,群益科技高息成長,15,0,15,合庫-鳳山,2024-09-30,1029
00960,野村全球航運龍頭,16,2,14,合庫-鳳山,2024-09-30,1029
5392,能率,14,0,14,合庫-鳳山,2024-09-30,1029
00878,國泰永續高股息,28,15,13,合庫-鳳山,2024-09-30,1029
2929,淘帝-KY,14,1,13,合庫-鳳山,2024-09-30,1029
2313,華通,17,4,13,合庫-鳳山,2024-09-30,1029
00918,大華優利高填息30,17,5,12,合庫-鳳山,2024-09-30,1029
5371,中光電,12,0,12,合庫-鳳山,2024-09-30,1029
5871,中租-KY,12,1,11,合庫-鳳山,2024-09-30,1029
00945B,凱基美國非投等債,11,0,11,合庫-鳳山,2024-09-30,1029
2009,第一銅,12,1,11,合庫-鳳山,2024-09-30,1029
2613,中櫃,16,5,11,合庫-鳳山,2024-09-30,1029
8097,常珵,11,0,11,合庫-鳳山,2024-09-30,1029
0061,元大寶滬深,10,0,10,合庫-鳳山,2024-09-30,1029
1609,大亞,10,0,10,合庫-鳳山,2024-09-30,1029
2329,華泰,10,0,10,合庫-鳳山,2024-09-30,1029
3030,德律,10,0,10,合庫-鳳山,2024-09-30,1029
4722,國精化,10,0,10,合庫-鳳山,2024-09-30,1029
6244,茂迪,10,0,10,合庫-鳳山,2024-09-30,1029
8908,欣雄,10,0,10,合庫-鳳山,2024-09-30,1029
00885,富邦越南,150,4,146,合庫-鳳山,2024-10-01,1029
3188,鑫龍騰,82,0,82,合庫-鳳山,2024-10-01,1029
00929,復華台灣科技優息,104,52,52,合庫-鳳山,2024-10-01,1029
00936,台新永續高息中小,50,0,50,合庫-鳳山,2024-10-01,1029
5014,建錩,50,1,49,合庫-鳳山,2024-10-01,1029
00878,國泰永續高股息,49,0,49,合庫-鳳山,2024-10-01,1029
00687B,國泰20年美債,48,3,45,合庫-鳳山,2024-10-01,1029
00632R,元大台灣50反1,49,5,44,合庫-鳳山,2024-10-01,1029
00945B,凱基美國非投等債,39,0,39,合庫-鳳山,2024-10-01,1029
0056,元大高股息,38,0,38,合庫-鳳山,2024-10-01,1029
2312,金寶,27,0,27,合庫-鳳山,2024-10-01,1029
00919,群益台灣精選高息,28,2,26,合庫-鳳山,2024-10-01,1029
3019,亞光,23,0,23,合庫-鳳山,2024-10-01,1029
4903,聯光通,25,3,22,合庫-鳳山,2024-10-01,1029
2618,長榮航,25,4,21,合庫-鳳山,2024-10-01,1029
9105,泰金寶-DR,20,0,20,合庫-鳳山,2024-10-01,1029
2359,所羅門,20,1,19,合庫-鳳山,2024-10-01,1029
00680L,元大美債20正2,18,0,18,合庫-鳳山,2024-10-01,1029
2834,臺企銀,14,0,14,合庫-鳳山,2024-10-01,1029
00700,富邦�琤肭磪�,15,1,14,合庫-鳳山,2024-10-01,1029
4971,IET-KY,30,16,14,合庫-鳳山,2024-10-01,1029
3149,正達,18,5,13,合庫-鳳山,2024-10-01,1029
3622,洋華,12,0,12,合庫-鳳山,2024-10-01,1029
00713,元大台灣高息低波,12,0,12,合庫-鳳山,2024-10-01,1029
2385,群光,12,0,12,合庫-鳳山,2024-10-01,1029
00679B,元大美債20年,11,0,11,合庫-鳳山,2024-10-01,1029
4527,方土霖,12,1,11,合庫-鳳山,2024-10-01,1029
00671R,富邦NASDAQ反1,10,0,10,合庫-鳳山,2024-10-01,1029
0061,元大寶滬深,10,0,10,合庫-鳳山,2024-10-01,1029
00877,復華中國5G,10,0,10,合庫-鳳山,2024-10-01,1029
00712,復華富時不動產,10,0,10,合庫-鳳山,2024-10-01,1029
1605,華新,10,0,10,合庫-鳳山,2024-10-01,1029
2231,為升,10,0,10,合庫-鳳山,2024-10-01,1029
2605,新興,15,5,10,合庫-鳳山,2024-10-01,1029
6215,和椿,13,3,10,合庫-鳳山,2024-10-01,1029
6548,長科*,10,0,10,合庫-鳳山,2024-10-01,1029
00900,富邦特選高股息30,16,7,9,合庫-鳳山,2024-10-01,1029
6838,台新藥,9,0,9,合庫-鳳山,2024-10-01,1029
00688L,國泰20年美債正2,18,10,8,合庫-鳳山,2024-10-01,1029
00752,中信中國50,8,0,8,合庫-鳳山,2024-10-01,1029
2406,國碩,8,0,8,合庫-鳳山,2024-10-01,1029
2408,南亞科,9,1,8,合庫-鳳山,2024-10-01,1029
6505,台塑化,9,1,8,合庫-鳳山,2024-10-01,1029
8150,南茂,8,0,8,合庫-鳳山,2024-10-01,1029
2317,鴻海,10,3,7,合庫-鳳山,2024-10-01,1029
1513,中興電,8,0,8,合庫-鳳山,2024-10-01,1029
2887,台新金,8,0,8,合庫-鳳山,2024-10-01,1029
00940,元大台灣價值高息,19,12,7,合庫-鳳山,2024-10-01,1029
1301,台塑,10,3,7,合庫-鳳山,2024-10-01,1029
2449,京元電子,10,3,7,合庫-鳳山,2024-10-01,1029
00919,群益台灣精選高息,246,17,229,合庫-鳳山,2024-10-04,1029
00665L,富邦�琤肭磪囓�2,212,11,201,合庫-鳳山,2024-10-04,1029
00680L,元大美債20正2,130,0,130,合庫-鳳山,2024-10-04,1029
3188,鑫龍騰,120,0,120,合庫-鳳山,2024-10-04,1029
00878,國泰永續高股息,93,1,92,合庫-鳳山,2024-10-04,1029
0056,元大高股息,66,1,65,合庫-鳳山,2024-10-04,1029
00632R,元大台灣50反1,74,20,54,合庫-鳳山,2024-10-04,1029
1337,再生-KY,51,0,51,合庫-鳳山,2024-10-04,1029
00643,群益深証中小,50,0,50,合庫-鳳山,2024-10-04,1029
2633,台灣高鐵,50,0,50,合庫-鳳山,2024-10-04,1029
2610,華航,50,1,49,合庫-鳳山,2024-10-04,1029
2303,聯電,47,3,44,合庫-鳳山,2024-10-04,1029
2010,春源,40,0,40,合庫-鳳山,2024-10-04,1029
2891,中信金,59,21,38,合庫-鳳山,2024-10-04,1029
00929,復華台灣科技優息,46,9,37,合庫-鳳山,2024-10-04,1029
5880,合庫金,37,2,35,合庫-鳳山,2024-10-04,1029
3580,友威科,34,1,33,合庫-鳳山,2024-10-04,1029
5014,建錩,46,15,31,合庫-鳳山,2024-10-04,1029
3019,亞光,30,1,29,合庫-鳳山,2024-10-04,1029
00922,國泰台灣領袖50,21,0,21,合庫-鳳山,2024-10-04,1029
3030,德律,21,0,21,合庫-鳳山,2024-10-04,1029
2615,萬海,20,0,20,合庫-鳳山,2024-10-04,1029
00887,永豐中國科技50大,30,10,20,合庫-鳳山,2024-10-04,1029
6770,力積電,21,2,19,合庫-鳳山,2024-10-04,1029
2537,聯上發,17,0,17,合庫-鳳山,2024-10-04,1029
00713,元大台灣高息低波,17,0,17,合庫-鳳山,2024-10-04,1029
9935,慶豐富,36,20,16,合庫-鳳山,2024-10-04,1029
2007,燁興,13,0,13,合庫-鳳山,2024-10-04,1029
4979,華星光,24,11,13,合庫-鳳山,2024-10-04,1029
2613,中櫃,15,3,12,合庫-鳳山,2024-10-04,1029
8039,台虹,27,15,12,合庫-鳳山,2024-10-04,1029
2383,台光電,11,0,11,合庫-鳳山,2024-10-04,1029
1314,中石化,11,0,11,合庫-鳳山,2024-10-04,1029
1802,台玻,13,2,11,合庫-鳳山,2024-10-04,1029
2498,宏達電,42,31,11,合庫-鳳山,2024-10-04,1029
2308,台達電,11,0,11,合庫-鳳山,2024-10-04,1029
2489,瑞軒,13,2,11,合庫-鳳山,2024-10-04,1029
2603,長榮,23,12,11,合庫-鳳山,2024-10-04,1029
3024,憶聲,10,0,10,合庫-鳳山,2024-10-04,1029
3048,益登,10,0,10,合庫-鳳山,2024-10-04,1029
4414,如興,10,0,10,合庫-鳳山,2024-10-04,1029
6134,萬旭,10,0,10,合庫-鳳山,2024-10-04,1029
6244,茂迪,10,0,10,合庫-鳳山,2024-10-04,1029
8074,鉅橡,10,0,10,合庫-鳳山,2024-10-04,1029
2327,國巨,10,0,10,合庫-鳳山,2024-10-04,1029
00952,凱基台灣AI50,9,0,9,合庫-鳳山,2024-10-04,1029
2382,廣達,19,11,8,合庫-鳳山,2024-10-04,1029
2312,金寶,8,0,8,合庫-鳳山,2024-10-04,1029
5344,立衛,8,0,8,合庫-鳳山,2024-10-04,1029
6492,生華科,11,3,8,合庫-鳳山,2024-10-04,1029
00673R,期元大S＆P原油反1,151,0,151,合庫-鳳山,2024-10-07,1029
1314,中石化,170,25,145,合庫-鳳山,2024-10-07,1029
00937B,群益ESG投等債20,127,6,121,合庫-鳳山,2024-10-07,1029
00753L,中信中國50正2,119,2,117,合庫-鳳山,2024-10-07,1029
00936,台新永續高息中小,115,1,114,合庫-鳳山,2024-10-07,1029
3481,群創,132,21,111,合庫-鳳山,2024-10-07,1029
5014,建錩,85,2,83,合庫-鳳山,2024-10-07,1029
00940,元大台灣價值高息,100,32,68,合庫-鳳山,2024-10-07,1029
00919,群益台灣精選高息,75,13,62,合庫-鳳山,2024-10-07,1029
00725B,國泰投資級公司債,62,5,57,合庫-鳳山,2024-10-07,1029
00636,國泰中國A50,70,16,54,合庫-鳳山,2024-10-07,1029
00948B,中信優息投資級債,50,0,50,合庫-鳳山,2024-10-07,1029
2303,聯電,43,0,43,合庫-鳳山,2024-10-07,1029
2547,日勝生,40,0,40,合庫-鳳山,2024-10-07,1029
00878,國泰永續高股息,47,9,38,合庫-鳳山,2024-10-07,1029
2356,英業達,38,0,38,合庫-鳳山,2024-10-07,1029
5309,系統電,30,1,29,合庫-鳳山,2024-10-07,1029
1711,永光,28,0,28,合庫-鳳山,2024-10-07,1029
3188,鑫龍騰,27,0,27,合庫-鳳山,2024-10-07,1029
0056,元大高股息,29,2,27,合庫-鳳山,2024-10-07,1029
00713,元大台灣高息低波,25,0,25,合庫-鳳山,2024-10-07,1029
00712,復華富時不動產,24,0,24,合庫-鳳山,2024-10-07,1029
6215,和椿,25,1,24,合庫-鳳山,2024-10-07,1029
2408,南亞科,26,3,23,合庫-鳳山,2024-10-07,1029
2615,萬海,62,39,23,合庫-鳳山,2024-10-07,1029
00687B,國泰20年美債,71,48,23,合庫-鳳山,2024-10-07,1029
00887,永豐中國科技50大,28,6,22,合庫-鳳山,2024-10-07,1029
8074,鉅橡,20,0,20,合庫-鳳山,2024-10-07,1029
8111,立��,36,16,20,合庫-鳳山,2024-10-07,1029
00679B,元大美債20年,40,20,20,合庫-鳳山,2024-10-07,1029
2409,友達,19,0,19,合庫-鳳山,2024-10-07,1029
3041,揚智,19,0,19,合庫-鳳山,2024-10-07,1029
00929,復華台灣科技優息,64,45,19,合庫-鳳山,2024-10-07,1029
00922,國泰台灣領袖50,17,0,17,合庫-鳳山,2024-10-07,1029
3048,益登,20,5,15,合庫-鳳山,2024-10-07,1029
2344,華邦電,14,0,14,合庫-鳳山,2024-10-07,1029
00665L,富邦�琤肭磪囓�2,1014,1002,12,合庫-鳳山,2024-10-07,1029
00680L,元大美債20正2,22,10,12,合庫-鳳山,2024-10-07,1029
2515,中工,15,3,12,合庫-鳳山,2024-10-07,1029
6161,捷波,12,0,12,合庫-鳳山,2024-10-07,1029
2887,台新金,12,0,12,合庫-鳳山,2024-10-07,1029
3706,神達,11,0,11,合庫-鳳山,2024-10-07,1029
6438,迅得,15,4,11,合庫-鳳山,2024-10-07,1029
6548,長科*,11,0,11,合庫-鳳山,2024-10-07,1029
00943,兆豐電子高息等權,10,0,10,合庫-鳳山,2024-10-07,1029
2337,旺宏,10,0,10,合庫-鳳山,2024-10-07,1029
2404,漢唐,10,0,10,合庫-鳳山,2024-10-07,1029
2482,連宇,10,0,10,合庫-鳳山,2024-10-07,1029
2605,新興,15,5,10,合庫-鳳山,2024-10-07,1029
2929,淘帝-KY,20,10,10,合庫-鳳山,2024-10-07,1029
00673R,期元大S＆P原油反1,254,0,254,合庫-鳳山,2024-10-08,1029
00940,元大台灣價值高息,251,10,241,合庫-鳳山,2024-10-08,1029
00929,復華台灣科技優息,179,3,176,合庫-鳳山,2024-10-08,1029
1314,中石化,158,23,135,合庫-鳳山,2024-10-08,1029
00680L,元大美債20正2,130,25,105,合庫-鳳山,2024-10-08,1029
00637L,元大滬深300正2,211,106,105,合庫-鳳山,2024-10-08,1029
3188,鑫龍騰,92,0,92,合庫-鳳山,2024-10-08,1029
00882,中信中國高股息,108,26,82,合庫-鳳山,2024-10-08,1029
0056,元大高股息,66,0,66,合庫-鳳山,2024-10-08,1029
5014,建錩,65,6,59,合庫-鳳山,2024-10-08,1029
00878,國泰永續高股息,57,8,49,合庫-鳳山,2024-10-08,1029
00753L,中信中國50正2,60,13,47,合庫-鳳山,2024-10-08,1029
2399,映泰,99,53,46,合庫-鳳山,2024-10-08,1029
00919,群益台灣精選高息,51,8,43,合庫-鳳山,2024-10-08,1029
00937B,群益ESG投等債20,41,3,38,合庫-鳳山,2024-10-08,1029
00948B,中信優息投資級債,80,43,37,合庫-鳳山,2024-10-08,1029
3036,文曄,31,0,31,合庫-鳳山,2024-10-08,1029
00934,中信成長高股息,30,0,30,合庫-鳳山,2024-10-08,1029
5880,合庫金,30,0,30,合庫-鳳山,2024-10-08,1029
00687B,國泰20年美債,66,40,26,合庫-鳳山,2024-10-08,1029
00922,國泰台灣領袖50,25,0,25,合庫-鳳山,2024-10-08,1029
4909,新復興,34,9,25,合庫-鳳山,2024-10-08,1029
6269,台郡,24,0,24,合庫-鳳山,2024-10-08,1029
00725B,國泰投資級公司債,23,0,23,合庫-鳳山,2024-10-08,1029
00923,群益台ESG低碳50,23,0,23,合庫-鳳山,2024-10-08,1029
2408,南亞科,24,2,22,合庫-鳳山,2024-10-08,1029
3430,奇鈦科,21,0,21,合庫-鳳山,2024-10-08,1029
2038,海光,20,0,20,合庫-鳳山,2024-10-08,1029
2344,華邦電,20,0,20,合庫-鳳山,2024-10-08,1029
6116,彩晶,20,0,20,合庫-鳳山,2024-10-08,1029
3209,全科,21,3,18,合庫-鳳山,2024-10-08,1029
3037,欣興,17,0,17,合庫-鳳山,2024-10-08,1029
2812,台中銀,17,0,17,合庫-鳳山,2024-10-08,1029
00918,大華優利高填息30,16,0,16,合庫-鳳山,2024-10-08,1029
00933B,國泰10Y+金融債,19,3,16,合庫-鳳山,2024-10-08,1029
2371,大同,18,2,16,合庫-鳳山,2024-10-08,1029
6161,捷波,16,0,16,合庫-鳳山,2024-10-08,1029
2450,神腦,15,0,15,合庫-鳳山,2024-10-08,1029
2356,英業達,38,24,14,合庫-鳳山,2024-10-08,1029
3149,正達,19,5,14,合庫-鳳山,2024-10-08,1029
00939,統一台灣高息動能,13,0,13,合庫-鳳山,2024-10-08,1029
2601,益航,45,32,13,合庫-鳳山,2024-10-08,1029
2887,台新金,18,5,13,合庫-鳳山,2024-10-08,1029
3047,訊舟,13,0,13,合庫-鳳山,2024-10-08,1029
00688L,國泰20年美債正2,52,40,12,合庫-鳳山,2024-10-08,1029
2385,群光,13,1,12,合庫-鳳山,2024-10-08,1029
2615,萬海,25,13,12,合庫-鳳山,2024-10-08,1029
4513,福裕,14,2,12,合庫-鳳山,2024-10-08,1029
2317,鴻海,14,2,12,合庫-鳳山,2024-10-08,1029
2610,華航,11,0,11,合庫-鳳山,2024-10-08,1029
00882,中信中國高股息,233,112,121,合庫-鳳山,2024-10-09,1029
2425,承啟,105,0,105,合庫-鳳山,2024-10-09,1029
00940,元大台灣價值高息,115,11,104,合庫-鳳山,2024-10-09,1029
00937B,群益ESG投等債20,102,4,98,合庫-鳳山,2024-10-09,1029
00639,富邦深100,78,8,70,合庫-鳳山,2024-10-09,1029
2002,中鋼,83,13,70,合庫-鳳山,2024-10-09,1029
00680L,元大美債20正2,63,0,63,合庫-鳳山,2024-10-09,1029
00637L,元大滬深300正2,256,197,59,合庫-鳳山,2024-10-09,1029
00919,群益台灣精選高息,61,11,50,合庫-鳳山,2024-10-09,1029
00887,永豐中國科技50大,74,25,49,合庫-鳳山,2024-10-09,1029
00665L,富邦�琤肭磪囓�2,1149,1101,48,合庫-鳳山,2024-10-09,1029
2363,矽統,166,119,47,合庫-鳳山,2024-10-09,1029
3188,鑫龍騰,40,0,40,合庫-鳳山,2024-10-09,1029
1718,中纖,40,1,39,合庫-鳳山,2024-10-09,1029
5880,合庫金,36,0,36,合庫-鳳山,2024-10-09,1029
1536,和大,33,0,33,合庫-鳳山,2024-10-09,1029
1314,中石化,38,5,33,合庫-鳳山,2024-10-09,1029
0056,元大高股息,36,4,32,合庫-鳳山,2024-10-09,1029
00712,復華富時不動產,30,0,30,合庫-鳳山,2024-10-09,1029
00929,復華台灣科技優息,41,13,28,合庫-鳳山,2024-10-09,1029
00922,國泰台灣領袖50,26,0,26,合庫-鳳山,2024-10-09,1029
2014,中鴻,25,0,25,合庫-鳳山,2024-10-09,1029
00650L,復華香港正2,30,6,24,合庫-鳳山,2024-10-09,1029
00655L,國泰中國A50正2,23,1,22,合庫-鳳山,2024-10-09,1029
00948B,中信優息投資級債,22,2,20,合庫-鳳山,2024-10-09,1029
6658,聯策,20,0,20,合庫-鳳山,2024-10-09,1029
00688L,國泰20年美債正2,19,0,19,合庫-鳳山,2024-10-09,1029
00633L,富邦上証正2,20,2,18,合庫-鳳山,2024-10-09,1029
6405,悅城,20,2,18,合庫-鳳山,2024-10-09,1029
2303,聯電,33,16,17,合庫-鳳山,2024-10-09,1029
3591,艾笛森,17,0,17,合庫-鳳山,2024-10-09,1029
1815,富喬,17,1,16,合庫-鳳山,2024-10-09,1029
2812,台中銀,16,0,16,合庫-鳳山,2024-10-09,1029
6133,金橋,20,4,16,合庫-鳳山,2024-10-09,1029
6770,力積電,18,2,16,合庫-鳳山,2024-10-09,1029
2609,陽明,32,16,16,合庫-鳳山,2024-10-09,1029
1316,上曜,15,0,15,合庫-鳳山,2024-10-09,1029
3006,晶豪科,15,0,15,合庫-鳳山,2024-10-09,1029
3036,文曄,15,0,15,合庫-鳳山,2024-10-09,1029
00933B,國泰10Y+金融債,18,4,14,合庫-鳳山,2024-10-09,1029
1714,和桐,14,0,14,合庫-鳳山,2024-10-09,1029
5443,均豪,25,11,14,合庫-鳳山,2024-10-09,1029
6134,萬旭,18,5,13,合庫-鳳山,2024-10-09,1029
911868,同方友友-DR,13,0,13,合庫-鳳山,2024-10-09,1029
2618,長榮航,12,0,12,合庫-鳳山,2024-10-09,1029
2890,永豐金,12,0,12,合庫-鳳山,2024-10-09,1029
3430,奇鈦科,15,3,12,合庫-鳳山,2024-10-09,1029
6153,嘉聯益,12,0,12,合庫-鳳山,2024-10-09,1029
912000,晨訊科-DR,12,0,12,合庫-鳳山,2024-10-09,1029
00751B,元大AAA至A公司債,11,0,11,合庫-鳳山,2024-10-09,1029
5871,中租-KY,210,0,210,合庫-鳳山,2024-10-11,1029
2887,台新金,110,0,110,合庫-鳳山,2024-10-11,1029
00637L,元大滬深300正2,157,84,73,合庫-鳳山,2024-10-11,1029
3188,鑫龍騰,48,0,48,合庫-鳳山,2024-10-11,1029
00937B,群益ESG投等債20,40,1,39,合庫-鳳山,2024-10-11,1029
2444,兆勁,40,1,39,合庫-鳳山,2024-10-11,1029
00919,群益台灣精選高息,39,0,39,合庫-鳳山,2024-10-11,1029
00948B,中信優息投資級債,35,0,35,合庫-鳳山,2024-10-11,1029
00679B,元大美債20年,37,3,34,合庫-鳳山,2024-10-11,1029
4173,久裕,32,0,32,合庫-鳳山,2024-10-11,1029
00665L,富邦�琤肭磪囓�2,30,0,30,合庫-鳳山,2024-10-11,1029
00958B,永豐ESG銀行債15,30,0,30,合庫-鳳山,2024-10-11,1029
1605,華新,25,0,25,合庫-鳳山,2024-10-11,1029
00687B,國泰20年美債,64,40,24,合庫-鳳山,2024-10-11,1029
00639,富邦深100,33,10,23,合庫-鳳山,2024-10-11,1029
0056,元大高股息,24,1,23,合庫-鳳山,2024-10-11,1029
00633L,富邦上証正2,21,0,21,合庫-鳳山,2024-10-11,1029
6505,台塑化,20,0,20,合庫-鳳山,2024-10-11,1029
6658,聯策,20,0,20,合庫-鳳山,2024-10-11,1029
6405,悅城,20,1,19,合庫-鳳山,2024-10-11,1029
4903,聯光通,86,69,17,合庫-鳳山,2024-10-11,1029
2542,興富發,15,0,15,合庫-鳳山,2024-10-11,1029
2812,台中銀,15,0,15,合庫-鳳山,2024-10-11,1029
2449,京元電子,28,13,15,合庫-鳳山,2024-10-11,1029
00915,凱基優選高股息30,16,2,14,合庫-鳳山,2024-10-11,1029
6838,台新藥,14,0,14,合庫-鳳山,2024-10-11,1029
3037,欣興,17,3,14,合庫-鳳山,2024-10-11,1029
00882,中信中國高股息,27,14,13,合庫-鳳山,2024-10-11,1029
2367,燿華,14,1,13,合庫-鳳山,2024-10-11,1029
4967,十銓,14,2,12,合庫-鳳山,2024-10-11,1029
1609,大亞,12,0,12,合庫-鳳山,2024-10-11,1029
4909,新復興,19,7,12,合庫-鳳山,2024-10-11,1029
2801,彰銀,14,2,12,合庫-鳳山,2024-10-11,1029
00931B,統一美債20年,11,0,11,合庫-鳳山,2024-10-11,1029
1536,和大,30,19,11,合庫-鳳山,2024-10-11,1029
2344,華邦電,13,2,11,合庫-鳳山,2024-10-11,1029
4563,百德,11,0,11,合庫-鳳山,2024-10-11,1029
00713,元大台灣高息低波,12,2,10,合庫-鳳山,2024-10-11,1029
00907,永豐優息存股,10,0,10,合庫-鳳山,2024-10-11,1029
00643,群益深証中小,10,0,10,合庫-鳳山,2024-10-11,1029
00922,國泰台灣領袖50,12,2,10,合庫-鳳山,2024-10-11,1029
00952,凱基台灣AI50,10,0,10,合庫-鳳山,2024-10-11,1029
1514,亞力,10,0,10,合庫-鳳山,2024-10-11,1029
2421,建準,13,3,10,合庫-鳳山,2024-10-11,1029
2495,普安,14,4,10,合庫-鳳山,2024-10-11,1029
3580,友威科,10,0,10,合庫-鳳山,2024-10-11,1029
3615,安可,12,2,10,合庫-鳳山,2024-10-11,1029
6530,創威,12,2,10,合庫-鳳山,2024-10-11,1029
6606,建德工業,11,2,9,合庫-鳳山,2024-10-11,1029
8032,光菱,10,1,9,合庫-鳳山,2024-10-11,1029
00712,復華富時不動產,202,0,202,合庫-鳳山,2024-10-14,1029
00929,復華台灣科技優息,115,2,113,合庫-鳳山,2024-10-14,1029
2312,金寶,159,60,99,合庫-鳳山,2024-10-14,1029
00665L,富邦�琤肭磪囓�2,99,2,97,合庫-鳳山,2024-10-14,1029
00948B,中信優息投資級債,96,5,91,合庫-鳳山,2024-10-14,1029
00753L,中信中國50正2,67,5,62,合庫-鳳山,2024-10-14,1029
00887,永豐中國科技50大,57,0,57,合庫-鳳山,2024-10-14,1029
00922,國泰台灣領袖50,43,0,43,合庫-鳳山,2024-10-14,1029
2317,鴻海,52,11,41,合庫-鳳山,2024-10-14,1029
2887,台新金,37,0,37,合庫-鳳山,2024-10-14,1029
00680L,元大美債20正2,32,0,32,合庫-鳳山,2024-10-14,1029
6505,台塑化,63,31,32,合庫-鳳山,2024-10-14,1029
3710,連展投控,29,0,29,合庫-鳳山,2024-10-14,1029
0056,元大高股息,35,11,24,合庫-鳳山,2024-10-14,1029
00919,群益台灣精選高息,27,4,23,合庫-鳳山,2024-10-14,1029
00679B,元大美債20年,54,32,22,合庫-鳳山,2024-10-14,1029
4563,百德,22,1,21,合庫-鳳山,2024-10-14,1029
00933B,國泰10Y+金融債,41,22,19,合庫-鳳山,2024-10-14,1029
9105,泰金寶-DR,35,17,18,合庫-鳳山,2024-10-14,1029
2421,建準,29,12,17,合庫-鳳山,2024-10-14,1029
00905,FT臺灣Smart,16,0,16,合庫-鳳山,2024-10-14,1029
00655L,國泰中國A50正2,20,5,15,合庫-鳳山,2024-10-14,1029
2888,新光金,15,0,15,合庫-鳳山,2024-10-14,1029
00637L,元大滬深300正2,75,61,14,合庫-鳳山,2024-10-14,1029
2618,長榮航,12,0,12,合庫-鳳山,2024-10-14,1029
00730,富邦臺灣優質高息,11,0,11,合庫-鳳山,2024-10-14,1029
1815,富喬,11,0,11,合庫-鳳山,2024-10-14,1029
2812,台中銀,11,0,11,合庫-鳳山,2024-10-14,1029
2355,敬鵬,10,0,10,合庫-鳳山,2024-10-14,1029
1326,台化,10,0,10,合庫-鳳山,2024-10-14,1029
2883,凱基金,11,1,10,合庫-鳳山,2024-10-14,1029
3430,奇鈦科,11,1,10,合庫-鳳山,2024-10-14,1029
4807,日成-KY,10,0,10,合庫-鳳山,2024-10-14,1029
4976,佳凌,10,0,10,合庫-鳳山,2024-10-14,1029
3032,偉訓,7,0,7,合庫-鳳山,2024-10-14,1029
4716,大立,7,0,7,合庫-鳳山,2024-10-14,1029
911868,同方友友-DR,7,0,7,合庫-鳳山,2024-10-14,1029
3231,緯創,28,22,6,合庫-鳳山,2024-10-14,1029
2329,華泰,6,0,6,合庫-鳳山,2024-10-14,1029
3306,鼎天,6,0,6,合庫-鳳山,2024-10-14,1029
3702,大聯大,6,0,6,合庫-鳳山,2024-10-14,1029
4956,光鋐,21,15,6,合庫-鳳山,2024-10-14,1029
6838,台新藥,6,0,6,合庫-鳳山,2024-10-14,1029
00688L,國泰20年美債正2,5,0,5,合庫-鳳山,2024-10-14,1029
00953B,群益優選非投等債,5,0,5,合庫-鳳山,2024-10-14,1029
1310,台苯,5,0,5,合庫-鳳山,2024-10-14,1029
1464,得力,5,0,5,合庫-鳳山,2024-10-14,1029
1615,大山,5,0,5,合庫-鳳山,2024-10-14,1029
2344,華邦電,12,7,5,合庫-鳳山,2024-10-14,1029
2426,鼎元,7,2,5,合庫-鳳山,2024-10-14,1029
00961,FT臺灣永續高息,210,0,210,合庫-鳳山,2024-10-15,1029
00665L,富邦�琤肭磪囓�2,207,140,67,合庫-鳳山,2024-10-15,1029
6505,台塑化,69,3,66,合庫-鳳山,2024-10-15,1029
00922,國泰台灣領袖50,66,5,61,合庫-鳳山,2024-10-15,1029
00680L,元大美債20正2,56,0,56,合庫-鳳山,2024-10-15,1029
00637L,元大滬深300正2,55,2,53,合庫-鳳山,2024-10-15,1029
00687B,國泰20年美債,51,1,50,合庫-鳳山,2024-10-15,1029
1721,三晃,54,5,49,合庫-鳳山,2024-10-15,1029
00887,永豐中國科技50大,47,1,46,合庫-鳳山,2024-10-15,1029
1314,中石化,112,66,46,合庫-鳳山,2024-10-15,1029
00650L,復華香港正2,45,2,43,合庫-鳳山,2024-10-15,1029
3231,緯創,65,23,42,合庫-鳳山,2024-10-15,1029
00679B,元大美債20年,45,5,40,合庫-鳳山,2024-10-15,1029
00936,台新永續高息中小,40,2,38,合庫-鳳山,2024-10-15,1029
3047,訊舟,37,0,37,合庫-鳳山,2024-10-15,1029
6492,生華科,35,2,33,合庫-鳳山,2024-10-15,1029
4919,新唐,28,0,28,合庫-鳳山,2024-10-15,1029
5452,佶優,54,28,26,合庫-鳳山,2024-10-15,1029
00688L,國泰20年美債正2,26,1,25,合庫-鳳山,2024-10-15,1029
00715L,期街口布蘭特正2,23,0,23,合庫-鳳山,2024-10-15,1029
00943,兆豐電子高息等權,25,2,23,合庫-鳳山,2024-10-15,1029
00757,統一FANG+,20,0,20,合庫-鳳山,2024-10-15,1029
1514,亞力,20,0,20,合庫-鳳山,2024-10-15,1029
0056,元大高股息,63,44,19,合庫-鳳山,2024-10-15,1029
2406,國碩,18,0,18,合庫-鳳山,2024-10-15,1029
2399,映泰,35,18,17,合庫-鳳山,2024-10-15,1029
00632R,元大台灣50反1,36,20,16,合庫-鳳山,2024-10-15,1029
1711,永光,15,0,15,合庫-鳳山,2024-10-15,1029
2444,兆勁,14,0,14,合庫-鳳山,2024-10-15,1029
00948B,中信優息投資級債,15,1,14,合庫-鳳山,2024-10-15,1029
1301,台塑,16,2,14,合庫-鳳山,2024-10-15,1029
00937B,群益ESG投等債20,23,10,13,合庫-鳳山,2024-10-15,1029
6156,松上,27,14,13,合庫-鳳山,2024-10-15,1029
8096,擎亞,15,2,13,合庫-鳳山,2024-10-15,1029
4903,聯光通,31,19,12,合庫-鳳山,2024-10-15,1029
2349,錸德,12,0,12,合庫-鳳山,2024-10-15,1029
3499,環天科,12,0,12,合庫-鳳山,2024-10-15,1029
6116,彩晶,12,0,12,合庫-鳳山,2024-10-15,1029
6706,惠特,20,8,12,合庫-鳳山,2024-10-15,1029
9955,佳龍,12,0,12,合庫-鳳山,2024-10-15,1029
3019,亞光,12,1,11,合庫-鳳山,2024-10-15,1029
6525,捷敏-KY,11,0,11,合庫-鳳山,2024-10-15,1029
00945B,凱基美國非投等債,10,0,10,合庫-鳳山,2024-10-15,1029
2812,台中銀,10,0,10,合庫-鳳山,2024-10-15,1029
3312,弘憶股,10,0,10,合庫-鳳山,2024-10-15,1029
3380,明泰,12,2,10,合庫-鳳山,2024-10-15,1029
2542,興富發,12,2,10,合庫-鳳山,2024-10-15,1029
4167,松瑞藥,9,0,9,合庫-鳳山,2024-10-15,1029
5443,均豪,11,2,9,合庫-鳳山,2024-10-15,1029
00905,FT臺灣Smart,8,0,8,合庫-鳳山,2024-10-15,1029
00922,國泰台灣領袖50,220,0,220,合庫-鳳山,2024-10-16,1029
00687B,國泰20年美債,105,0,105,合庫-鳳山,2024-10-16,1029
00937B,群益ESG投等債20,115,42,73,合庫-鳳山,2024-10-16,1029
00915,凱基優選高股息30,66,1,65,合庫-鳳山,2024-10-16,1029
00680L,元大美債20正2,55,0,55,合庫-鳳山,2024-10-16,1029
1815,富喬,54,0,54,合庫-鳳山,2024-10-16,1029
00948B,中信優息投資級債,52,0,52,合庫-鳳山,2024-10-16,1029
6127,九豪,50,0,50,合庫-鳳山,2024-10-16,1029
0056,元大高股息,69,21,48,合庫-鳳山,2024-10-16,1029
00939,統一台灣高息動能,50,2,48,合庫-鳳山,2024-10-16,1029
2891,中信金,78,31,47,合庫-鳳山,2024-10-16,1029
00919,群益台灣精選高息,66,23,43,合庫-鳳山,2024-10-16,1029
00679B,元大美債20年,44,3,41,合庫-鳳山,2024-10-16,1029
00929,復華台灣科技優息,127,87,40,合庫-鳳山,2024-10-16,1029
6770,力積電,68,32,36,合庫-鳳山,2024-10-16,1029
2344,華邦電,35,0,35,合庫-鳳山,2024-10-16,1029
2406,國碩,41,6,35,合庫-鳳山,2024-10-16,1029
00688L,國泰20年美債正2,32,0,32,合庫-鳳山,2024-10-16,1029
2887,台新金,33,2,31,合庫-鳳山,2024-10-16,1029
00905,FT臺灣Smart,36,5,31,合庫-鳳山,2024-10-16,1029
00878,國泰永續高股息,30,1,29,合庫-鳳山,2024-10-16,1029
1609,大亞,25,0,25,合庫-鳳山,2024-10-16,1029
00887,永豐中國科技50大,44,20,24,合庫-鳳山,2024-10-16,1029
00637L,元大滬深300正2,80,58,22,合庫-鳳山,2024-10-16,1029
3149,正達,65,43,22,合庫-鳳山,2024-10-16,1029
1569,濱川,21,1,20,合庫-鳳山,2024-10-16,1029
3030,德律,20,0,20,合庫-鳳山,2024-10-16,1029
5426,振發,20,0,20,合庫-鳳山,2024-10-16,1029
6505,台塑化,20,0,20,合庫-鳳山,2024-10-16,1029
4510,高鋒,22,4,18,合庫-鳳山,2024-10-16,1029
2303,聯電,18,1,17,合庫-鳳山,2024-10-16,1029
2388,威盛,18,2,16,合庫-鳳山,2024-10-16,1029
00650L,復華香港正2,15,0,15,合庫-鳳山,2024-10-16,1029
00945B,凱基美國非投等債,15,0,15,合庫-鳳山,2024-10-16,1029
1536,和大,15,0,15,合庫-鳳山,2024-10-16,1029
4991,環宇-KY,17,2,15,合庫-鳳山,2024-10-16,1029
00639,富邦深100,14,0,14,合庫-鳳山,2024-10-16,1029
2324,仁寶,14,1,13,合庫-鳳山,2024-10-16,1029
2426,鼎元,27,14,13,合庫-鳳山,2024-10-16,1029
2330,台積電,20,8,12,合庫-鳳山,2024-10-16,1029
5347,世界,13,1,12,合庫-鳳山,2024-10-16,1029
2382,廣達,19,8,11,合庫-鳳山,2024-10-16,1029
2542,興富發,11,0,11,合庫-鳳山,2024-10-16,1029
4729,熒茂,12,1,11,合庫-鳳山,2024-10-16,1029
2911,麗嬰房,12,1,11,合庫-鳳山,2024-10-16,1029
00753L,中信中國50正2,20,10,10,合庫-鳳山,2024-10-16,1029
3029,零壹,11,1,10,合庫-鳳山,2024-10-16,1029
1597,直得,10,1,9,合庫-鳳山,2024-10-16,1029
006208,富邦台50,9,0,9,合庫-鳳山,2024-10-16,1029
6425,易發,14,5,9,合庫-鳳山,2024-10-16,1029
6127,九豪,87,0,87,合庫-鳳山,2024-10-17,1029
00922,國泰台灣領袖50,63,0,63,合庫-鳳山,2024-10-17,1029
00687B,國泰20年美債,65,3,62,合庫-鳳山,2024-10-17,1029
00753L,中信中國50正2,57,0,57,合庫-鳳山,2024-10-17,1029
0056,元大高股息,45,2,43,合庫-鳳山,2024-10-17,1029
1618,合機,41,3,38,合庫-鳳山,2024-10-17,1029
00887,永豐中國科技50大,36,0,36,合庫-鳳山,2024-10-17,1029
2885,元大金,31,0,31,合庫-鳳山,2024-10-17,1029
00637L,元大滬深300正2,46,17,29,合庫-鳳山,2024-10-17,1029
2399,映泰,52,27,25,合庫-鳳山,2024-10-17,1029
4919,新唐,21,0,21,合庫-鳳山,2024-10-17,1029
6658,聯策,25,4,21,合庫-鳳山,2024-10-17,1029
6763,綠界科技*,29,9,20,合庫-鳳山,2024-10-17,1029
2887,台新金,18,0,18,合庫-鳳山,2024-10-17,1029
6829,千附精密,18,0,18,合庫-鳳山,2024-10-17,1029
4542,科嶠,27,9,18,合庫-鳳山,2024-10-17,1029
8150,南茂,16,2,14,合庫-鳳山,2024-10-17,1029
1314,中石化,13,0,13,合庫-鳳山,2024-10-17,1029
4552,力達-KY,12,0,12,合庫-鳳山,2024-10-17,1029
00679B,元大美債20年,22,11,11,合庫-鳳山,2024-10-17,1029
00954,中信日本半導體,10,0,10,合庫-鳳山,2024-10-17,1029
00891,中信關鍵半導體,11,1,10,合庫-鳳山,2024-10-17,1029
00877,復華中國5G,10,0,10,合庫-鳳山,2024-10-17,1029
00700,富邦�琤肭磪�,10,0,10,合庫-鳳山,2024-10-17,1029
00650L,復華香港正2,15,5,10,合庫-鳳山,2024-10-17,1029
1528,恩德,42,32,10,合庫-鳳山,2024-10-17,1029
2323,中環,10,0,10,合庫-鳳山,2024-10-17,1029
2613,中櫃,15,5,10,合庫-鳳山,2024-10-17,1029
3005,神基,10,0,10,合庫-鳳山,2024-10-17,1029
3379,彬台,19,9,10,合庫-鳳山,2024-10-17,1029
3498,陽程,19,9,10,合庫-鳳山,2024-10-17,1029
6235,華孚,10,0,10,合庫-鳳山,2024-10-17,1029
6456,GIS-KY,20,10,10,合庫-鳳山,2024-10-17,1029
910861,神州-DR,10,0,10,合庫-鳳山,2024-10-17,1029
006208,富邦台50,10,1,9,合庫-鳳山,2024-10-17,1029
3062,建漢,115,106,9,合庫-鳳山,2024-10-17,1029
00927,群益半導體收益,10,1,9,合庫-鳳山,2024-10-17,1029
4956,光鋐,8,0,8,合庫-鳳山,2024-10-17,1029
2359,所羅門,19,12,7,合庫-鳳山,2024-10-17,1029
2388,威盛,9,2,7,合庫-鳳山,2024-10-17,1029
2537,聯上發,7,0,7,合庫-鳳山,2024-10-17,1029
3060,銘異,15,8,7,合庫-鳳山,2024-10-17,1029
3066,李洲,17,10,7,合庫-鳳山,2024-10-17,1029
4945,陞達科技,7,0,7,合庫-鳳山,2024-10-17,1029
4977,眾達-KY,7,0,7,合庫-鳳山,2024-10-17,1029
6188,廣明,12,5,7,合庫-鳳山,2024-10-17,1029
6198,瑞築,7,0,7,合庫-鳳山,2024-10-17,1029
2330,台積電,26,20,6,合庫-鳳山,2024-10-17,1029
2363,矽統,29,23,6,合庫-鳳山,2024-10-17,1029
2231,為升,6,0,6,合庫-鳳山,2024-10-17,1029
2886,兆豐金,260,12,248,合庫-鳳山,2024-10-18,1029
00632R,元大台灣50反1,197,56,141,合庫-鳳山,2024-10-18,1029
00933B,國泰10Y+金融債,138,0,138,合庫-鳳山,2024-10-18,1029
2881,富邦金,137,3,134,合庫-鳳山,2024-10-18,1029
00680L,元大美債20正2,125,0,125,合庫-鳳山,2024-10-18,1029
00941,中信上游半導體,101,0,101,合庫-鳳山,2024-10-18,1029
6244,茂迪,100,0,100,合庫-鳳山,2024-10-18,1029
2303,聯電,101,6,95,合庫-鳳山,2024-10-18,1029
2367,燿華,78,1,77,合庫-鳳山,2024-10-18,1029
2356,英業達,79,10,69,合庫-鳳山,2024-10-18,1029
00679B,元大美債20年,62,1,61,合庫-鳳山,2024-10-18,1029
3188,鑫龍騰,56,0,56,合庫-鳳山,2024-10-18,1029
2449,京元電子,74,21,53,合庫-鳳山,2024-10-18,1029
00931B,統一美債20年,46,0,46,合庫-鳳山,2024-10-18,1029
0056,元大高股息,44,0,44,合庫-鳳山,2024-10-18,1029
2867,三商壽,94,51,43,合庫-鳳山,2024-10-18,1029
6215,和椿,41,2,39,合庫-鳳山,2024-10-18,1029
9105,泰金寶-DR,45,9,36,合庫-鳳山,2024-10-18,1029
3030,德律,34,0,34,合庫-鳳山,2024-10-18,1029
00887,永豐中國科技50大,39,6,33,合庫-鳳山,2024-10-18,1029
2313,華通,43,11,32,合庫-鳳山,2024-10-18,1029
00687B,國泰20年美債,52,22,30,合庫-鳳山,2024-10-18,1029
00905,FT臺灣Smart,35,6,29,合庫-鳳山,2024-10-18,1029
00937B,群益ESG投等債20,57,28,29,合庫-鳳山,2024-10-18,1029
2344,華邦電,26,0,26,合庫-鳳山,2024-10-18,1029
00919,群益台灣精選高息,24,2,22,合庫-鳳山,2024-10-18,1029
3032,偉訓,22,0,22,合庫-鳳山,2024-10-18,1029
1597,直得,26,5,21,合庫-鳳山,2024-10-18,1029
3580,友威科,21,0,21,合庫-鳳山,2024-10-18,1029
2542,興富發,20,0,20,合庫-鳳山,2024-10-18,1029
6770,力積電,20,0,20,合庫-鳳山,2024-10-18,1029
00725B,國泰投資級公司債,19,0,19,合庫-鳳山,2024-10-18,1029
5426,振發,20,2,18,合庫-鳳山,2024-10-18,1029
00948B,中信優息投資級債,17,0,17,合庫-鳳山,2024-10-18,1029
2402,毅嘉,23,6,17,合庫-鳳山,2024-10-18,1029
3041,揚智,17,0,17,合庫-鳳山,2024-10-18,1029
5347,世界,17,1,16,合庫-鳳山,2024-10-18,1029
00878,國泰永續高股息,20,5,15,合庫-鳳山,2024-10-18,1029
1314,中石化,17,4,13,合庫-鳳山,2024-10-18,1029
2349,錸德,16,3,13,合庫-鳳山,2024-10-18,1029
5474,聰泰,14,1,13,合庫-鳳山,2024-10-18,1029
2399,映泰,55,43,12,合庫-鳳山,2024-10-18,1029
6443,元晶,12,0,12,合庫-鳳山,2024-10-18,1029
3149,正達,100,88,12,合庫-鳳山,2024-10-18,1029
00857B,永豐20年美公債,11,0,11,合庫-鳳山,2024-10-18,1029
1569,濱川,11,0,11,合庫-鳳山,2024-10-18,1029
3031,佰鴻,12,1,11,合庫-鳳山,2024-10-18,1029
6213,聯茂,15,4,11,合庫-鳳山,2024-10-18,1029
00650L,復華香港正2,15,5,10,合庫-鳳山,2024-10-18,1029
00946,群益科技高息成長,10,0,10,合庫-鳳山,2024-10-18,1029
00933B,國泰10Y+金融債,321,0,321,合庫-鳳山,2024-10-21,1029
00715L,期街口布蘭特正2,201,0,201,合庫-鳳山,2024-10-21,1029
00753L,中信中國50正2,150,0,150,合庫-鳳山,2024-10-21,1029
00937B,群益ESG投等債20,96,10,86,合庫-鳳山,2024-10-21,1029
00887,永豐中國科技50大,77,6,71,合庫-鳳山,2024-10-21,1029
00948B,中信優息投資級債,64,0,64,合庫-鳳山,2024-10-21,1029
4552,力達-KY,53,0,53,合庫-鳳山,2024-10-21,1029
2891,中信金,82,30,52,合庫-鳳山,2024-10-21,1029
00907,永豐優息存股,40,0,40,合庫-鳳山,2024-10-21,1029
00687B,國泰20年美債,29,1,28,合庫-鳳山,2024-10-21,1029
00637L,元大滬深300正2,28,0,28,合庫-鳳山,2024-10-21,1029
00679B,元大美債20年,32,6,26,合庫-鳳山,2024-10-21,1029
4541,晟田,22,0,22,合庫-鳳山,2024-10-21,1029
00931B,統一美債20年,21,0,21,合庫-鳳山,2024-10-21,1029
6215,和椿,21,0,21,合庫-鳳山,2024-10-21,1029
2356,英業達,24,4,20,合庫-鳳山,2024-10-21,1029
2421,建準,20,1,19,合庫-鳳山,2024-10-21,1029
3149,正達,83,65,18,合庫-鳳山,2024-10-21,1029
2002,中鋼,15,0,15,合庫-鳳山,2024-10-21,1029
00878,國泰永續高股息,23,8,15,合庫-鳳山,2024-10-21,1029
6161,捷波,15,0,15,合庫-鳳山,2024-10-21,1029
00929,復華台灣科技優息,35,21,14,合庫-鳳山,2024-10-21,1029
00958B,永豐ESG銀行債15,14,0,14,合庫-鳳山,2024-10-21,1029
2359,所羅門,18,4,14,合庫-鳳山,2024-10-21,1029
00905,FT臺灣Smart,28,15,13,合庫-鳳山,2024-10-21,1029
00725B,國泰投資級公司債,12,1,11,合庫-鳳山,2024-10-21,1029
5452,佶優,14,3,11,合庫-鳳山,2024-10-21,1029
006208,富邦台50,11,1,10,合庫-鳳山,2024-10-21,1029
2883,凱基金,26,16,10,合庫-鳳山,2024-10-21,1029
2888,新光金,10,0,10,合庫-鳳山,2024-10-21,1029
3162,精確,10,0,10,合庫-鳳山,2024-10-21,1029
3230,錦明,10,0,10,合庫-鳳山,2024-10-21,1029
6207,雷科,10,0,10,合庫-鳳山,2024-10-21,1029
00632R,元大台灣50反1,20,11,9,合庫-鳳山,2024-10-21,1029
00733,富邦臺灣中小,9,0,9,合庫-鳳山,2024-10-21,1029
1595,川寶,28,19,9,合庫-鳳山,2024-10-21,1029
2349,錸德,10,1,9,合庫-鳳山,2024-10-21,1029
3011,今皓,25,16,9,合庫-鳳山,2024-10-21,1029
2303,聯電,19,10,9,合庫-鳳山,2024-10-21,1029
2881,富邦金,8,0,8,合庫-鳳山,2024-10-21,1029
1301,台塑,9,1,8,合庫-鳳山,2024-10-21,1029
1569,濱川,10,2,8,合庫-鳳山,2024-10-21,1029
2034,允強,8,0,8,合庫-鳳山,2024-10-21,1029
2890,永豐金,8,0,8,合庫-鳳山,2024-10-21,1029
5443,均豪,8,0,8,合庫-鳳山,2024-10-21,1029
00923,群益台ESG低碳50,7,0,7,合庫-鳳山,2024-10-21,1029
00919,群益台灣精選高息,25,18,7,合庫-鳳山,2024-10-21,1029
2542,興富發,16,10,6,合庫-鳳山,2024-10-21,1029
00712,復華富時不動產,6,0,6,合庫-鳳山,2024-10-21,1029
00655L,國泰中國A50正2,6,0,6,合庫-鳳山,2024-10-21,1029
00933B,國泰10Y+金融債,616,0,616,合庫-鳳山,2024-10-22,1029
00937B,群益ESG投等債20,443,46,397,合庫-鳳山,2024-10-22,1029
00687B,國泰20年美債,240,16,224,合庫-鳳山,2024-10-22,1029
00948B,中信優息投資級債,191,0,191,合庫-鳳山,2024-10-22,1029
00753L,中信中國50正2,150,0,150,合庫-鳳山,2024-10-22,1029
00680L,元大美債20正2,143,18,125,合庫-鳳山,2024-10-22,1029
5460,同協,120,10,110,合庫-鳳山,2024-10-22,1029
00679B,元大美債20年,93,7,86,合庫-鳳山,2024-10-22,1029
00931B,統一美債20年,44,0,44,合庫-鳳山,2024-10-22,1029
2542,興富發,40,0,40,合庫-鳳山,2024-10-22,1029
00905,FT臺灣Smart,36,0,36,合庫-鳳山,2024-10-22,1029
00725B,國泰投資級公司債,34,0,34,合庫-鳳山,2024-10-22,1029
00887,永豐中國科技50大,33,0,33,合庫-鳳山,2024-10-22,1029
2312,金寶,62,34,28,合庫-鳳山,2024-10-22,1029
2303,聯電,28,2,26,合庫-鳳山,2024-10-22,1029
3706,神達,25,0,25,合庫-鳳山,2024-10-22,1029
00688L,國泰20年美債正2,132,108,24,合庫-鳳山,2024-10-22,1029
00959B,大華投等美債15Y+,22,0,22,合庫-鳳山,2024-10-22,1029
6658,聯策,23,2,21,合庫-鳳山,2024-10-22,1029
00632R,元大台灣50反1,30,10,20,合庫-鳳山,2024-10-22,1029
2408,南亞科,21,2,19,合庫-鳳山,2024-10-22,1029
2613,中櫃,20,1,19,合庫-鳳山,2024-10-22,1029
00919,群益台灣精選高息,24,6,18,合庫-鳳山,2024-10-22,1029
00720B,元大投資級公司債,18,0,18,合庫-鳳山,2024-10-22,1029
00712,復華富時不動產,17,0,17,合庫-鳳山,2024-10-22,1029
3188,鑫龍騰,18,1,17,合庫-鳳山,2024-10-22,1029
2327,國巨,15,0,15,合庫-鳳山,2024-10-22,1029
2511,太子,13,0,13,合庫-鳳山,2024-10-22,1029
3581,博磊,19,6,13,合庫-鳳山,2024-10-22,1029
6742,澤米,21,8,13,合庫-鳳山,2024-10-22,1029
3149,正達,40,28,12,合庫-鳳山,2024-10-22,1029
00907,永豐優息存股,12,0,12,合庫-鳳山,2024-10-22,1029
00673R,期元大S＆P原油反1,20,8,12,合庫-鳳山,2024-10-22,1029
6505,台塑化,12,0,12,合庫-鳳山,2024-10-22,1029
6770,力積電,12,0,12,合庫-鳳山,2024-10-22,1029
2883,凱基金,15,4,11,合庫-鳳山,2024-10-22,1029
00941,中信上游半導體,11,0,11,合庫-鳳山,2024-10-22,1029
00664R,國泰臺灣加權反1,10,0,10,合庫-鳳山,2024-10-22,1029
4113,聯上,10,0,10,合庫-鳳山,2024-10-22,1029
6235,華孚,10,0,10,合庫-鳳山,2024-10-22,1029
2393,億光,10,1,9,合庫-鳳山,2024-10-22,1029
2605,新興,9,0,9,合庫-鳳山,2024-10-22,1029
9958,世紀鋼,12,3,9,合庫-鳳山,2024-10-22,1029
006208,富邦台50,9,0,9,合庫-鳳山,2024-10-22,1029
00795B,中信美國公債20年,12,4,8,合庫-鳳山,2024-10-22,1029
1708,東鹼,8,0,8,合庫-鳳山,2024-10-22,1029
2344,華邦電,12,4,8,合庫-鳳山,2024-10-22,1029
2481,強茂,8,0,8,合庫-鳳山,2024-10-22,1029
4540,全球傳動,13,5,8,合庫-鳳山,2024-10-22,1029
3622,洋華,7,0,7,合庫-鳳山,2024-10-22,1029
00688L,國泰20年美債正2,152,0,152,合庫-鳳山,2024-10-23,1029
6152,百一,150,0,150,合庫-鳳山,2024-10-23,1029
00933B,國泰10Y+金融債,144,0,144,合庫-鳳山,2024-10-23,1029
00940,元大台灣價值高息,102,2,100,合庫-鳳山,2024-10-23,1029
6770,力積電,93,3,90,合庫-鳳山,2024-10-23,1029
00937B,群益ESG投等債20,112,30,82,合庫-鳳山,2024-10-23,1029
6127,九豪,63,0,63,合庫-鳳山,2024-10-23,1029
00679B,元大美債20年,50,0,50,合庫-鳳山,2024-10-23,1029
00665L,富邦�琤肭磪囓�2,943,900,43,合庫-鳳山,2024-10-23,1029
2891,中信金,38,0,38,合庫-鳳山,2024-10-23,1029
00687B,國泰20年美債,38,1,37,合庫-鳳山,2024-10-23,1029
2613,中櫃,40,3,37,合庫-鳳山,2024-10-23,1029
00919,群益台灣精選高息,57,23,34,合庫-鳳山,2024-10-23,1029
0056,元大高股息,33,0,33,合庫-鳳山,2024-10-23,1029
2610,華航,38,7,31,合庫-鳳山,2024-10-23,1029
4563,百德,31,0,31,合庫-鳳山,2024-10-23,1029
00929,復華台灣科技優息,46,16,30,合庫-鳳山,2024-10-23,1029
2329,華泰,57,28,29,合庫-鳳山,2024-10-23,1029
00938,凱基優選30,27,0,27,合庫-鳳山,2024-10-23,1029
00948B,中信優息投資級債,27,0,27,合庫-鳳山,2024-10-23,1029
00753L,中信中國50正2,26,0,26,合庫-鳳山,2024-10-23,1029
00878,國泰永續高股息,27,1,26,合庫-鳳山,2024-10-23,1029
2303,聯電,26,4,22,合庫-鳳山,2024-10-23,1029
2834,臺企銀,22,0,22,合庫-鳳山,2024-10-23,1029
1536,和大,21,0,21,合庫-鳳山,2024-10-23,1029
00905,FT臺灣Smart,20,0,20,合庫-鳳山,2024-10-23,1029
00673R,期元大S＆P原油反1,20,0,20,合庫-鳳山,2024-10-23,1029
2883,凱基金,25,5,20,合庫-鳳山,2024-10-23,1029
2408,南亞科,19,0,19,合庫-鳳山,2024-10-23,1029
3481,群創,35,16,19,合庫-鳳山,2024-10-23,1029
8064,東捷,24,7,17,合庫-鳳山,2024-10-23,1029
5880,合庫金,16,0,16,合庫-鳳山,2024-10-23,1029
1540,喬福,15,0,15,合庫-鳳山,2024-10-23,1029
2313,華通,25,11,14,合庫-鳳山,2024-10-23,1029
2409,友達,15,1,14,合庫-鳳山,2024-10-23,1029
00635U,期元大S＆P黃金,13,0,13,合庫-鳳山,2024-10-23,1029
00712,復華富時不動產,13,0,13,合庫-鳳山,2024-10-23,1029
2233,宇隆,13,0,13,合庫-鳳山,2024-10-23,1029
2880,華南金,13,0,13,合庫-鳳山,2024-10-23,1029
00927,群益半導體收益,12,0,12,合庫-鳳山,2024-10-23,1029
2887,台新金,12,0,12,合庫-鳳山,2024-10-23,1029
5905,南仁湖,14,3,11,合庫-鳳山,2024-10-23,1029
1102,亞泥,10,0,10,合庫-鳳山,2024-10-23,1029
1735,日勝化,10,0,10,合庫-鳳山,2024-10-23,1029
1785,光洋科,17,7,10,合庫-鳳山,2024-10-23,1029
2369,菱生,13,3,10,合庫-鳳山,2024-10-23,1029
2606,裕民,10,0,10,合庫-鳳山,2024-10-23,1029
2912,統一超,10,0,10,合庫-鳳山,2024-10-23,1029
4577,達航科技,10,0,10,合庫-鳳山,2024-10-23,1029
6197,佳必琪,18,8,10,合庫-鳳山,2024-10-23,1029
00632R,元大台灣50反1,310,15,295,合庫-鳳山,2024-10-24,1029
00753L,中信中國50正2,132,0,132,合庫-鳳山,2024-10-24,1029
3481,群創,164,45,119,合庫-鳳山,2024-10-24,1029
6127,九豪,100,0,100,合庫-鳳山,2024-10-24,1029
2303,聯電,86,4,82,合庫-鳳山,2024-10-24,1029
0056,元大高股息,80,0,80,合庫-鳳山,2024-10-24,1029
6770,力積電,64,3,61,合庫-鳳山,2024-10-24,1029
00940,元大台灣價值高息,142,87,55,合庫-鳳山,2024-10-24,1029
00930,永豐ESG低碳高息,53,0,53,合庫-鳳山,2024-10-24,1029
2313,華通,50,2,48,合庫-鳳山,2024-10-24,1029
4563,百德,45,1,44,合庫-鳳山,2024-10-24,1029
2542,興富發,42,0,42,合庫-鳳山,2024-10-24,1029
00887,永豐中國科技50大,43,1,42,合庫-鳳山,2024-10-24,1029
00878,國泰永續高股息,45,3,42,合庫-鳳山,2024-10-24,1029
2891,中信金,94,55,39,合庫-鳳山,2024-10-24,1029
00929,復華台灣科技優息,50,15,35,合庫-鳳山,2024-10-24,1029
00937B,群益ESG投等債20,68,33,35,合庫-鳳山,2024-10-24,1029
1569,濱川,34,0,34,合庫-鳳山,2024-10-24,1029
2399,映泰,52,20,32,合庫-鳳山,2024-10-24,1029
2363,矽統,33,2,31,合庫-鳳山,2024-10-24,1029
4513,福裕,28,0,28,合庫-鳳山,2024-10-24,1029
1609,大亞,25,0,25,合庫-鳳山,2024-10-24,1029
3041,揚智,20,0,20,合庫-鳳山,2024-10-24,1029
3149,正達,41,21,20,合庫-鳳山,2024-10-24,1029
2388,威盛,23,5,18,合庫-鳳山,2024-10-24,1029
2312,金寶,20,2,18,合庫-鳳山,2024-10-24,1029
1597,直得,39,22,17,合庫-鳳山,2024-10-24,1029
00712,復華富時不動產,16,0,16,合庫-鳳山,2024-10-24,1029
00933B,國泰10Y+金融債,17,1,16,合庫-鳳山,2024-10-24,1029
00665L,富邦�琤肭磪囓�2,1016,1000,16,合庫-鳳山,2024-10-24,1029
2812,台中銀,16,0,16,合庫-鳳山,2024-10-24,1029
1528,恩德,71,56,15,合庫-鳳山,2024-10-24,1029
2888,新光金,16,1,15,合庫-鳳山,2024-10-24,1029
2344,華邦電,14,0,14,合庫-鳳山,2024-10-24,1029
2356,英業達,14,0,14,合庫-鳳山,2024-10-24,1029
8096,擎亞,14,0,14,合庫-鳳山,2024-10-24,1029
8097,常珵,15,1,14,合庫-鳳山,2024-10-24,1029
00687B,國泰20年美債,17,4,13,合庫-鳳山,2024-10-24,1029
2408,南亞科,13,0,13,合庫-鳳山,2024-10-24,1029
3032,偉訓,13,0,13,合庫-鳳山,2024-10-24,1029
00905,FT臺灣Smart,12,0,12,合庫-鳳山,2024-10-24,1029
2382,廣達,20,8,12,合庫-鳳山,2024-10-24,1029
2486,一詮,15,4,11,合庫-鳳山,2024-10-24,1029
00725B,國泰投資級公司債,11,0,11,合庫-鳳山,2024-10-24,1029
6104,創惟,36,25,11,合庫-鳳山,2024-10-24,1029
6241,易通展,12,1,11,合庫-鳳山,2024-10-24,1029
00637L,元大滬深300正2,30,20,10,合庫-鳳山,2024-10-24,1029
00907,永豐優息存股,10,0,10,合庫-鳳山,2024-10-24,1029
00951,台新日本半導體,10,0,10,合庫-鳳山,2024-10-24,1029
1540,喬福,16,6,10,合庫-鳳山,2024-10-24,1029
2646,星宇航空,304,32,272,合庫-鳳山,2024-10-25,1029
2892,第一金,85,0,85,合庫-鳳山,2024-10-25,1029
00715L,期街口布蘭特正2,49,0,49,合庫-鳳山,2024-10-25,1029
1618,合機,50,2,48,合庫-鳳山,2024-10-25,1029
6770,力積電,44,0,44,合庫-鳳山,2024-10-25,1029
0056,元大高股息,33,0,33,合庫-鳳山,2024-10-25,1029
3188,鑫龍騰,31,3,28,合庫-鳳山,2024-10-25,1029
00632R,元大台灣50反1,42,15,27,合庫-鳳山,2024-10-25,1029
4564,元翎,23,1,22,合庫-鳳山,2024-10-25,1029
8249,菱光,36,14,22,合庫-鳳山,2024-10-25,1029
2303,聯電,34,13,21,合庫-鳳山,2024-10-25,1029
8096,擎亞,16,0,16,合庫-鳳山,2024-10-25,1029
2344,華邦電,15,0,15,合庫-鳳山,2024-10-25,1029
2911,麗嬰房,15,0,15,合庫-鳳山,2024-10-25,1029
00671R,富邦NASDAQ反1,13,0,13,合庫-鳳山,2024-10-25,1029
2601,益航,13,0,13,合庫-鳳山,2024-10-25,1029
8996,高力,14,1,13,合庫-鳳山,2024-10-25,1029
00687B,國泰20年美債,14,2,12,合庫-鳳山,2024-10-25,1029
1536,和大,51,39,12,合庫-鳳山,2024-10-25,1029
5608,四維航,12,0,12,合庫-鳳山,2024-10-25,1029
2405,輔信,19,8,11,合庫-鳳山,2024-10-25,1029
3663,鑫科,16,5,11,合庫-鳳山,2024-10-25,1029
3706,神達,11,0,11,合庫-鳳山,2024-10-25,1029
4931,新盛力,11,0,11,合庫-鳳山,2024-10-25,1029
5202,力新,11,0,11,合庫-鳳山,2024-10-25,1029
5452,佶優,21,10,11,合庫-鳳山,2024-10-25,1029
3037,欣興,21,11,10,合庫-鳳山,2024-10-25,1029
6269,台郡,10,0,10,合庫-鳳山,2024-10-25,1029
5876,上海商銀,10,0,10,合庫-鳳山,2024-10-25,1029
00887,永豐中國科技50大,11,2,9,合庫-鳳山,2024-10-25,1029
2408,南亞科,19,10,9,合庫-鳳山,2024-10-25,1029
3029,零壹,10,1,9,合庫-鳳山,2024-10-25,1029
4919,新唐,55,48,7,合庫-鳳山,2024-10-25,1029
00937B,群益ESG投等債20,68,61,7,合庫-鳳山,2024-10-25,1029
00915,凱基優選高股息30,8,1,7,合庫-鳳山,2024-10-25,1029
2402,毅嘉,7,0,7,合庫-鳳山,2024-10-25,1029
6414,樺漢,7,0,7,合庫-鳳山,2024-10-25,1029
9907,統一實,7,0,7,合庫-鳳山,2024-10-25,1029
6788,華景電,7,1,6,合庫-鳳山,2024-10-25,1029
3450,聯鈞,28,22,6,合庫-鳳山,2024-10-25,1029
2367,燿華,6,0,6,合庫-鳳山,2024-10-25,1029
4109,加捷生醫,6,0,6,合庫-鳳山,2024-10-25,1029
5521,工信,6,0,6,合庫-鳳山,2024-10-25,1029
2867,三商壽,6,0,6,合庫-鳳山,2024-10-25,1029
4743,合一,5,0,5,合庫-鳳山,2024-10-25,1029
2383,台光電,5,0,5,合庫-鳳山,2024-10-25,1029
00882,中信中國高股息,5,0,5,合庫-鳳山,2024-10-25,1029
00712,復華富時不動產,5,0,5,合庫-鳳山,2024-10-25,1029
00948B,中信優息投資級債,5,0,5,合庫-鳳山,2024-10-25,1029
00961,FT臺灣永續高息,5,0,5,合庫-鳳山,2024-10-25,1029
00715L,期街口布蘭特正2,380,0,380,合庫-鳳山,2024-10-28,1029
00687B,國泰20年美債,161,35,126,合庫-鳳山,2024-10-28,1029
00937B,群益ESG投等債20,117,14,103,合庫-鳳山,2024-10-28,1029
00878,國泰永續高股息,107,7,100,合庫-鳳山,2024-10-28,1029
00706L,期元大S＆P日圓正2,100,0,100,合庫-鳳山,2024-10-28,1029
00933B,國泰10Y+金融債,64,2,62,合庫-鳳山,2024-10-28,1029
00680L,元大美債20正2,76,20,56,合庫-鳳山,2024-10-28,1029
6770,力積電,103,52,51,合庫-鳳山,2024-10-28,1029
2312,金寶,208,165,43,合庫-鳳山,2024-10-28,1029
1301,台塑,42,3,39,合庫-鳳山,2024-10-28,1029
3231,緯創,40,4,36,合庫-鳳山,2024-10-28,1029
2330,台積電,50,19,31,合庫-鳳山,2024-10-28,1029
3481,群創,42,13,29,合庫-鳳山,2024-10-28,1029
2354,鴻準,32,7,25,合庫-鳳山,2024-10-28,1029
2883,凱基金,26,5,21,合庫-鳳山,2024-10-28,1029
2867,三商壽,20,0,20,合庫-鳳山,2024-10-28,1029
3209,全科,20,0,20,合庫-鳳山,2024-10-28,1029
00679B,元大美債20年,19,0,19,合庫-鳳山,2024-10-28,1029
0056,元大高股息,32,14,18,合庫-鳳山,2024-10-28,1029
00918,大華優利高填息30,18,1,17,合庫-鳳山,2024-10-28,1029
00887,永豐中國科技50大,16,0,16,合庫-鳳山,2024-10-28,1029
6791,虎門科技,16,0,16,合庫-鳳山,2024-10-28,1029
2406,國碩,15,0,15,合庫-鳳山,2024-10-28,1029
3551,世禾,19,5,14,合庫-鳳山,2024-10-28,1029
5386,青雲,15,1,14,合庫-鳳山,2024-10-28,1029
2615,萬海,21,7,14,合庫-鳳山,2024-10-28,1029
2303,聯電,25,12,13,合庫-鳳山,2024-10-28,1029
5871,中租-KY,16,3,13,合庫-鳳山,2024-10-28,1029
00931B,統一美債20年,12,0,12,合庫-鳳山,2024-10-28,1029
3499,環天科,12,0,12,合庫-鳳山,2024-10-28,1029
3715,定穎投控,14,2,12,合庫-鳳山,2024-10-28,1029
5398,慕康生醫,20,8,12,合庫-鳳山,2024-10-28,1029
00946,群益科技高息成長,11,0,11,合庫-鳳山,2024-10-28,1029
3030,德律,11,0,11,合庫-鳳山,2024-10-28,1029
00795B,中信美國公債20年,10,0,10,合庫-鳳山,2024-10-28,1029
2812,台中銀,10,0,10,合庫-鳳山,2024-10-28,1029
6186,新潤,10,0,10,合庫-鳳山,2024-10-28,1029
8097,常珵,10,0,10,合庫-鳳山,2024-10-28,1029
00712,復華富時不動產,10,0,10,合庫-鳳山,2024-10-28,1029
00922,國泰台灣領袖50,9,0,9,合庫-鳳山,2024-10-28,1029
2603,長榮,9,0,9,合庫-鳳山,2024-10-28,1029
2327,國巨,9,0,9,合庫-鳳山,2024-10-28,1029
1528,恩德,19,10,9,合庫-鳳山,2024-10-28,1029
3189,景碩,11,2,9,合庫-鳳山,2024-10-28,1029
8068,全達,9,0,9,合庫-鳳山,2024-10-28,1029
2543,皇昌,18,10,8,合庫-鳳山,2024-10-28,1029
3363,上詮,8,0,8,合庫-鳳山,2024-10-28,1029
00637L,元大滬深300正2,10,2,8,合庫-鳳山,2024-10-28,1029
6530,創威,7,0,7,合庫-鳳山,2024-10-28,1029
00939,統一台灣高息動能,15,8,7,合庫-鳳山,2024-10-28,1029
2888,新光金,500,7,493,合庫-鳳山,2024-10-29,1029
00887,永豐中國科技50大,256,0,256,合庫-鳳山,2024-10-29,1029
00715L,期街口布蘭特正2,226,0,226,合庫-鳳山,2024-10-29,1029
2317,鴻海,188,34,154,合庫-鳳山,2024-10-29,1029
00919,群益台灣精選高息,169,22,147,合庫-鳳山,2024-10-29,1029
00929,復華台灣科技優息,176,31,145,合庫-鳳山,2024-10-29,1029
00878,國泰永續高股息,143,4,139,合庫-鳳山,2024-10-29,1029
2406,國碩,112,3,109,合庫-鳳山,2024-10-29,1029
00713,元大台灣高息低波,99,0,99,合庫-鳳山,2024-10-29,1029
0056,元大高股息,84,1,83,合庫-鳳山,2024-10-29,1029
2303,聯電,76,14,62,合庫-鳳山,2024-10-29,1029
00918,大華優利高填息30,61,0,61,合庫-鳳山,2024-10-29,1029
00922,國泰台灣領袖50,35,0,35,合庫-鳳山,2024-10-29,1029
2892,第一金,33,1,32,合庫-鳳山,2024-10-29,1029
2344,華邦電,34,5,29,合庫-鳳山,2024-10-29,1029
00933B,國泰10Y+金融債,30,1,29,合庫-鳳山,2024-10-29,1029
6770,力積電,93,66,27,合庫-鳳山,2024-10-29,1029
00930,永豐ESG低碳高息,26,0,26,合庫-鳳山,2024-10-29,1029
2884,玉山金,29,4,25,合庫-鳳山,2024-10-29,1029
00881,國泰台灣5G+,27,3,24,合庫-鳳山,2024-10-29,1029
5880,合庫金,29,6,23,合庫-鳳山,2024-10-29,1029
8183,精星,20,0,20,合庫-鳳山,2024-10-29,1029
2880,華南金,19,0,19,合庫-鳳山,2024-10-29,1029
006208,富邦台50,20,1,19,合庫-鳳山,2024-10-29,1029
2363,矽統,39,22,17,合庫-鳳山,2024-10-29,1029
2883,凱基金,17,0,17,合庫-鳳山,2024-10-29,1029
1440,南紡,16,0,16,合庫-鳳山,2024-10-29,1029
9945,潤泰新,17,1,16,合庫-鳳山,2024-10-29,1029
2330,台積電,35,20,15,合庫-鳳山,2024-10-29,1029
2812,台中銀,15,0,15,合庫-鳳山,2024-10-29,1029
1471,首利,15,0,15,合庫-鳳山,2024-10-29,1029
2867,三商壽,15,0,15,合庫-鳳山,2024-10-29,1029
5306,桂盟,15,0,15,合庫-鳳山,2024-10-29,1029
3041,揚智,15,2,13,合庫-鳳山,2024-10-29,1029
5488,松普,23,10,13,合庫-鳳山,2024-10-29,1029
8107,大億金茂,30,17,13,合庫-鳳山,2024-10-29,1029
00943,兆豐電子高息等權,14,2,12,合庫-鳳山,2024-10-29,1029
2331,精英,12,0,12,合庫-鳳山,2024-10-29,1029
2367,燿華,12,0,12,合庫-鳳山,2024-10-29,1029
00637L,元大滬深300正2,16,5,11,合庫-鳳山,2024-10-29,1029
1708,東鹼,11,0,11,合庫-鳳山,2024-10-29,1029
2323,中環,11,0,11,合庫-鳳山,2024-10-29,1029
2408,南亞科,22,11,11,合庫-鳳山,2024-10-29,1029
2615,萬海,16,5,11,合庫-鳳山,2024-10-29,1029
4510,高鋒,55,44,11,合庫-鳳山,2024-10-29,1029
3037,欣興,13,2,11,合庫-鳳山,2024-10-29,1029
00915,凱基優選高股息30,19,9,10,合庫-鳳山,2024-10-29,1029
2834,臺企銀,10,0,10,合庫-鳳山,2024-10-29,1029
00853B,統一美債10年Aa-,10,0,10,合庫-鳳山,2024-10-29,1029
00939,統一台灣高息動能,10,0,10,合庫-鳳山,2024-10-29,1029
00632R,元大台灣50反1,223,46,177,合庫-鳳山,2024-10-30,1029
00919,群益台灣精選高息,99,3,96,合庫-鳳山,2024-10-30,1029
00715L,期街口布蘭特正2,85,0,85,合庫-鳳山,2024-10-30,1029
00940,元大台灣價值高息,280,203,77,合庫-鳳山,2024-10-30,1029
00929,復華台灣科技優息,69,9,60,合庫-鳳山,2024-10-30,1029
00725B,國泰投資級公司債,52,0,52,合庫-鳳山,2024-10-30,1029
6770,力積電,135,100,35,合庫-鳳山,2024-10-30,1029
1618,合機,31,1,30,合庫-鳳山,2024-10-30,1029
2891,中信金,28,0,28,合庫-鳳山,2024-10-30,1029
3481,群創,30,2,28,合庫-鳳山,2024-10-30,1029
2303,聯電,101,74,27,合庫-鳳山,2024-10-30,1029
5880,合庫金,29,3,26,合庫-鳳山,2024-10-30,1029
3580,友威科,25,0,25,合庫-鳳山,2024-10-30,1029
00650L,復華香港正2,23,1,22,合庫-鳳山,2024-10-30,1029
0056,元大高股息,28,6,22,合庫-鳳山,2024-10-30,1029
00713,元大台灣高息低波,21,0,21,合庫-鳳山,2024-10-30,1029
00637L,元大滬深300正2,24,4,20,合庫-鳳山,2024-10-30,1029
4142,國光生,20,0,20,合庫-鳳山,2024-10-30,1029
6757,台灣虎航,20,0,20,合庫-鳳山,2024-10-30,1029
2646,星宇航空,30,11,19,合庫-鳳山,2024-10-30,1029
4919,新唐,47,30,17,合庫-鳳山,2024-10-30,1029
1718,中纖,17,1,16,合庫-鳳山,2024-10-30,1029
00688L,國泰20年美債正2,15,0,15,合庫-鳳山,2024-10-30,1029
00887,永豐中國科技50大,15,0,15,合庫-鳳山,2024-10-30,1029
911868,同方友友-DR,15,0,15,合庫-鳳山,2024-10-30,1029
2642,宅配通,13,0,13,合庫-鳳山,2024-10-30,1029
00918,大華優利高填息30,12,0,12,合庫-鳳山,2024-10-30,1029
6257,矽格,12,0,12,合庫-鳳山,2024-10-30,1029
00878,國泰永續高股息,15,3,12,合庫-鳳山,2024-10-30,1029
4909,新復興,12,1,11,合庫-鳳山,2024-10-30,1029
6116,彩晶,12,1,11,合庫-鳳山,2024-10-30,1029
6235,華孚,13,2,11,合庫-鳳山,2024-10-30,1029
2338,光罩,16,5,11,合庫-鳳山,2024-10-30,1029
00712,復華富時不動產,10,0,10,合庫-鳳山,2024-10-30,1029
1201,味全,10,0,10,合庫-鳳山,2024-10-30,1029
3372,典範,10,0,10,合庫-鳳山,2024-10-30,1029
00665L,富邦�琤肭磪囓�2,9,0,9,合庫-鳳山,2024-10-30,1029
2887,台新金,9,0,9,合庫-鳳山,2024-10-30,1029
00679B,元大美債20年,9,0,9,合庫-鳳山,2024-10-30,1029
2337,旺宏,8,0,8,合庫-鳳山,2024-10-30,1029
2482,連宇,8,0,8,合庫-鳳山,2024-10-30,1029
1909,榮成,7,0,7,合庫-鳳山,2024-10-30,1029
00882,中信中國高股息,7,0,7,合庫-鳳山,2024-10-30,1029
3010,華立,8,1,7,合庫-鳳山,2024-10-30,1029
4956,光鋐,8,1,7,合庫-鳳山,2024-10-30,1029
2204,中華,6,0,6,合庫-鳳山,2024-10-30,1029
00687B,國泰20年美債,6,0,6,合庫-鳳山,2024-10-30,1029
1528,恩德,29,23,6,合庫-鳳山,2024-10-30,1029
1569,濱川,6,0,6,合庫-鳳山,2024-10-30,1029
2062,橋椿,6,0,6,合庫-鳳山,2024-10-30,1029
00940,元大台灣價值高息,131,31,100,合庫-鳳山,2024-11-01,1029
00878,國泰永續高股息,98,0,98,合庫-鳳山,2024-11-01,1029
00919,群益台灣精選高息,121,31,90,合庫-鳳山,2024-11-01,1029
0056,元大高股息,69,1,68,合庫-鳳山,2024-11-01,1029
2303,聯電,70,5,65,合庫-鳳山,2024-11-01,1029
2891,中信金,62,1,61,合庫-鳳山,2024-11-01,1029
5880,合庫金,56,3,53,合庫-鳳山,2024-11-01,1029
5371,中光電,50,0,50,合庫-鳳山,2024-11-01,1029
00937B,群益ESG投等債20,84,42,42,合庫-鳳山,2024-11-01,1029
00712,復華富時不動產,38,0,38,合庫-鳳山,2024-11-01,1029
3062,建漢,37,2,35,合庫-鳳山,2024-11-01,1029
0050,元大台灣50,35,1,34,合庫-鳳山,2024-11-01,1029
2317,鴻海,57,25,32,合庫-鳳山,2024-11-01,1029
00929,復華台灣科技優息,130,104,26,合庫-鳳山,2024-11-01,1029
00637L,元大滬深300正2,53,30,23,合庫-鳳山,2024-11-01,1029
00687B,國泰20年美債,35,12,23,合庫-鳳山,2024-11-01,1029
00930,永豐ESG低碳高息,22,0,22,合庫-鳳山,2024-11-01,1029
00959B,大華投等美債15Y+,20,0,20,合庫-鳳山,2024-11-01,1029
1608,華榮,20,0,20,合庫-鳳山,2024-11-01,1029
3711,日月光投控,20,1,19,合庫-鳳山,2024-11-01,1029
6235,華孚,17,0,17,合庫-鳳山,2024-11-01,1029
6163,華電網,16,0,16,合庫-鳳山,2024-11-01,1029
2397,友通,18,3,15,合庫-鳳山,2024-11-01,1029
3663,鑫科,28,13,15,合庫-鳳山,2024-11-01,1029
6285,啟��,15,0,15,合庫-鳳山,2024-11-01,1029
6505,台塑化,20,5,15,合庫-鳳山,2024-11-01,1029
00918,大華優利高填息30,14,0,14,合庫-鳳山,2024-11-01,1029
2886,兆豐金,17,3,14,合庫-鳳山,2024-11-01,1029
3025,星通,19,5,14,合庫-鳳山,2024-11-01,1029
00915,凱基優選高股息30,15,1,14,合庫-鳳山,2024-11-01,1029
2354,鴻準,41,28,13,合庫-鳳山,2024-11-01,1029
2912,統一超,12,0,12,合庫-鳳山,2024-11-01,1029
00946,群益科技高息成長,12,0,12,合庫-鳳山,2024-11-01,1029
2880,華南金,12,0,12,合庫-鳳山,2024-11-01,1029
2543,皇昌,25,14,11,合庫-鳳山,2024-11-01,1029
8064,東捷,11,0,11,合庫-鳳山,2024-11-01,1029
00932,兆豐永續高息等權,10,0,10,合庫-鳳山,2024-11-01,1029
2312,金寶,10,0,10,合庫-鳳山,2024-11-01,1029
2489,瑞軒,11,1,10,合庫-鳳山,2024-11-01,1029
00713,元大台灣高息低波,10,0,10,合庫-鳳山,2024-11-01,1029
2330,台積電,44,34,10,合庫-鳳山,2024-11-01,1029
00881,國泰台灣5G+,12,3,9,合庫-鳳山,2024-11-01,1029
00900,富邦特選高股息30,9,0,9,合庫-鳳山,2024-11-01,1029
2331,精英,9,0,9,合庫-鳳山,2024-11-01,1029
2481,強茂,9,0,9,合庫-鳳山,2024-11-01,1029
5460,同協,10,1,9,合庫-鳳山,2024-11-01,1029
00830,國泰費城半導體,8,0,8,合庫-鳳山,2024-11-01,1029
1909,榮成,8,0,8,合庫-鳳山,2024-11-01,1029
911868,同方友友-DR,8,0,8,合庫-鳳山,2024-11-01,1029
00905,FT臺灣Smart,13,6,7,合庫-鳳山,2024-11-01,1029
00953B,群益優選非投等債,500,0,500,合庫-鳳山,2024-11-04,1029
00945B,凱基美國非投等債,310,0,310,合庫-鳳山,2024-11-04,1029
00632R,元大台灣50反1,109,0,109,合庫-鳳山,2024-11-04,1029
00919,群益台灣精選高息,86,11,75,合庫-鳳山,2024-11-04,1029
00712,復華富時不動產,73,0,73,合庫-鳳山,2024-11-04,1029
00878,國泰永續高股息,77,9,68,合庫-鳳山,2024-11-04,1029
0056,元大高股息,67,0,67,合庫-鳳山,2024-11-04,1029
00948B,中信優息投資級債,64,0,64,合庫-鳳山,2024-11-04,1029
00882,中信中國高股息,57,0,57,合庫-鳳山,2024-11-04,1029
00933B,國泰10Y+金融債,47,0,47,合庫-鳳山,2024-11-04,1029
00772B,中信高評級公司債,40,0,40,合庫-鳳山,2024-11-04,1029
2303,聯電,42,3,39,合庫-鳳山,2024-11-04,1029
00679B,元大美債20年,35,8,27,合庫-鳳山,2024-11-04,1029
00946,群益科技高息成長,26,0,26,合庫-鳳山,2024-11-04,1029
2329,華泰,23,1,22,合庫-鳳山,2024-11-04,1029
00941,中信上游半導體,21,0,21,合庫-鳳山,2024-11-04,1029
00949,復華日本龍頭,20,0,20,合庫-鳳山,2024-11-04,1029
00959B,大華投等美債15Y+,20,0,20,合庫-鳳山,2024-11-04,1029
2646,星宇航空,24,5,19,合庫-鳳山,2024-11-04,1029
3047,訊舟,20,1,19,合庫-鳳山,2024-11-04,1029
3037,欣興,39,22,17,合庫-鳳山,2024-11-04,1029
2397,友通,17,0,17,合庫-鳳山,2024-11-04,1029
2615,萬海,46,30,16,合庫-鳳山,2024-11-04,1029
1815,富喬,17,2,15,合庫-鳳山,2024-11-04,1029
3701,大眾控,16,1,15,合庫-鳳山,2024-11-04,1029
00665L,富邦�琤肭磪囓�2,13,0,13,合庫-鳳山,2024-11-04,1029
2542,興富發,12,0,12,合庫-鳳山,2024-11-04,1029
1595,川寶,11,0,11,合庫-鳳山,2024-11-04,1029
3290,東浦,11,0,11,合庫-鳳山,2024-11-04,1029
6133,金橋,16,5,11,合庫-鳳山,2024-11-04,1029
8249,菱光,37,26,11,合庫-鳳山,2024-11-04,1029
00713,元大台灣高息低波,10,0,10,合庫-鳳山,2024-11-04,1029
00939,統一台灣高息動能,10,0,10,合庫-鳳山,2024-11-04,1029
3010,華立,10,0,10,合庫-鳳山,2024-11-04,1029
00857B,永豐20年美公債,10,0,10,合庫-鳳山,2024-11-04,1029
00795B,中信美國公債20年,10,0,10,合庫-鳳山,2024-11-04,1029
2363,矽統,28,18,10,合庫-鳳山,2024-11-04,1029
2603,長榮,10,0,10,合庫-鳳山,2024-11-04,1029
3313,斐成,10,0,10,合庫-鳳山,2024-11-04,1029
3550,聯穎,10,0,10,合庫-鳳山,2024-11-04,1029
8121,越峰,10,0,10,合庫-鳳山,2024-11-04,1029
2399,映泰,18,8,10,合庫-鳳山,2024-11-04,1029
00687B,國泰20年美債,52,43,9,合庫-鳳山,2024-11-04,1029
00720B,元大投資級公司債,10,1,9,合庫-鳳山,2024-11-04,1029
1303,南亞,10,1,9,合庫-鳳山,2024-11-04,1029
2106,建大,9,0,9,合庫-鳳山,2024-11-04,1029
00891,中信關鍵半導體,8,0,8,合庫-鳳山,2024-11-04,1029
2438,翔耀,8,0,8,合庫-鳳山,2024-11-04,1029
2524,京城,9,1,8,合庫-鳳山,2024-11-04,1029
8032,光菱,24,16,8,合庫-鳳山,2024-11-04,1029
2303,聯電,190,112,78,合庫-鳳山,2024-11-05,1029
00943,兆豐電子高息等權,60,0,60,合庫-鳳山,2024-11-05,1029
00673R,期元大S＆P原油反1,30,0,30,合庫-鳳山,2024-11-05,1029
00680L,元大美債20正2,30,0,30,合庫-鳳山,2024-11-05,1029
1101,台泥,25,0,25,合庫-鳳山,2024-11-05,1029
2312,金寶,29,4,25,合庫-鳳山,2024-11-05,1029
00877,復華中國5G,21,0,21,合庫-鳳山,2024-11-05,1029
00946,群益科技高息成長,20,0,20,合庫-鳳山,2024-11-05,1029
00953B,群益優選非投等債,20,0,20,合庫-鳳山,2024-11-05,1029
6550,北極星藥業-KY,20,0,20,合庫-鳳山,2024-11-05,1029
8088,品安,20,0,20,合庫-鳳山,2024-11-05,1029
4563,百德,20,3,17,合庫-鳳山,2024-11-05,1029
00915,凱基優選高股息30,17,0,17,合庫-鳳山,2024-11-05,1029
3030,德律,16,0,16,合庫-鳳山,2024-11-05,1029
00878,國泰永續高股息,18,2,16,合庫-鳳山,2024-11-05,1029
1436,華友聯,15,0,15,合庫-鳳山,2024-11-05,1029
00919,群益台灣精選高息,64,50,14,合庫-鳳山,2024-11-05,1029
00930,永豐ESG低碳高息,14,0,14,合庫-鳳山,2024-11-05,1029
2108,南帝,13,0,13,合庫-鳳山,2024-11-05,1029
3062,建漢,16,3,13,合庫-鳳山,2024-11-05,1029
00932,兆豐永續高息等權,11,0,11,合庫-鳳山,2024-11-05,1029
5880,合庫金,12,1,11,合庫-鳳山,2024-11-05,1029
6285,啟��,10,0,10,合庫-鳳山,2024-11-05,1029
1595,川寶,13,3,10,合庫-鳳山,2024-11-05,1029
00882,中信中國高股息,12,2,10,合庫-鳳山,2024-11-05,1029
00881,國泰台灣5G+,10,0,10,合庫-鳳山,2024-11-05,1029
00939,統一台灣高息動能,10,0,10,合庫-鳳山,2024-11-05,1029
00712,復華富時不動產,10,0,10,合庫-鳳山,2024-11-05,1029
3711,日月光投控,9,0,9,合庫-鳳山,2024-11-05,1029
2327,國巨,10,1,9,合庫-鳳山,2024-11-05,1029
2481,強茂,10,2,8,合庫-鳳山,2024-11-05,1029
00891,中信關鍵半導體,7,0,7,合庫-鳳山,2024-11-05,1029
2408,南亞科,30,23,7,合庫-鳳山,2024-11-05,1029
2834,臺企銀,12,5,7,合庫-鳳山,2024-11-05,1029
6451,訊芯-KY,16,9,7,合庫-鳳山,2024-11-05,1029
6791,虎門科技,7,0,7,合庫-鳳山,2024-11-05,1029
8064,東捷,10,3,7,合庫-鳳山,2024-11-05,1029
6547,高端疫苗,6,0,6,合庫-鳳山,2024-11-05,1029
2409,友達,6,0,6,合庫-鳳山,2024-11-05,1029
2524,京城,6,0,6,合庫-鳳山,2024-11-05,1029
2739,寒舍,6,0,6,合庫-鳳山,2024-11-05,1029
3290,東浦,6,0,6,合庫-鳳山,2024-11-05,1029
3714,富采,6,0,6,合庫-鳳山,2024-11-05,1029
8086,宏捷科,6,0,6,合庫-鳳山,2024-11-05,1029
1560,中砂,5,0,5,合庫-鳳山,2024-11-05,1029
2406,國碩,5,0,5,合庫-鳳山,2024-11-05,1029
3013,晟銘電,10,5,5,合庫-鳳山,2024-11-05,1029
6284,佳邦,5,0,5,合庫-鳳山,2024-11-05,1029
8473,山林水,5,0,5,合庫-鳳山,2024-11-05,1029
2330,台積電,6,1,5,合庫-鳳山,2024-11-05,1029
00878,國泰永續高股息,220,30,190,合庫-鳳山,2024-11-06,1029
00933B,國泰10Y+金融債,176,29,147,合庫-鳳山,2024-11-06,1029
00680L,元大美債20正2,161,27,134,合庫-鳳山,2024-11-06,1029
6550,北極星藥業-KY,125,0,125,合庫-鳳山,2024-11-06,1029
00706L,期元大S＆P日圓正2,120,0,120,合庫-鳳山,2024-11-06,1029
1815,富喬,112,24,88,合庫-鳳山,2024-11-06,1029
00679B,元大美債20年,88,3,85,合庫-鳳山,2024-11-06,1029
00688L,國泰20年美債正2,84,0,84,合庫-鳳山,2024-11-06,1029
00937B,群益ESG投等債20,73,0,73,合庫-鳳山,2024-11-06,1029
00650L,復華香港正2,66,9,57,合庫-鳳山,2024-11-06,1029
6152,百一,55,0,55,合庫-鳳山,2024-11-06,1029
2356,英業達,119,71,48,合庫-鳳山,2024-11-06,1029
00895,富邦未來車,38,0,38,合庫-鳳山,2024-11-06,1029
00637L,元大滬深300正2,38,2,36,合庫-鳳山,2024-11-06,1029
8070,長華*,33,2,31,合庫-鳳山,2024-11-06,1029
2615,萬海,42,14,28,合庫-鳳山,2024-11-06,1029
00918,大華優利高填息30,25,0,25,合庫-鳳山,2024-11-06,1029
2344,華邦電,30,11,19,合庫-鳳山,2024-11-06,1029
00887,永豐中國科技50大,39,20,19,合庫-鳳山,2024-11-06,1029
2486,一詮,23,4,19,合庫-鳳山,2024-11-06,1029
6133,金橋,28,10,18,合庫-鳳山,2024-11-06,1029
1609,大亞,19,3,16,合庫-鳳山,2024-11-06,1029
1708,東鹼,14,0,14,合庫-鳳山,2024-11-06,1029
2014,中鴻,17,4,13,合庫-鳳山,2024-11-06,1029
8927,北基,13,0,13,合庫-鳳山,2024-11-06,1029
00632R,元大台灣50反1,34,22,12,合庫-鳳山,2024-11-06,1029
2204,中華,12,0,12,合庫-鳳山,2024-11-06,1029
00753L,中信中國50正2,11,0,11,合庫-鳳山,2024-11-06,1029
8150,南茂,11,0,11,合庫-鳳山,2024-11-06,1029
00946,群益科技高息成長,10,0,10,合庫-鳳山,2024-11-06,1029
00953B,群益優選非投等債,10,0,10,合庫-鳳山,2024-11-06,1029
2031,新光鋼,10,0,10,合庫-鳳山,2024-11-06,1029
2353,宏��,10,0,10,合庫-鳳山,2024-11-06,1029
3234,光環,10,0,10,合庫-鳳山,2024-11-06,1029
8011,台通,10,0,10,合庫-鳳山,2024-11-06,1029
911868,同方友友-DR,10,0,10,合庫-鳳山,2024-11-06,1029
912000,晨訊科-DR,10,0,10,合庫-鳳山,2024-11-06,1029
2542,興富發,9,0,9,合庫-鳳山,2024-11-06,1029
00919,群益台灣精選高息,33,24,9,合庫-鳳山,2024-11-06,1029
00948B,中信優息投資級債,9,0,9,合庫-鳳山,2024-11-06,1029
1905,華紙,10,1,9,合庫-鳳山,2024-11-06,1029
2027,大成鋼,11,2,9,合庫-鳳山,2024-11-06,1029
3290,東浦,9,0,9,合庫-鳳山,2024-11-06,1029
4526,東台,13,4,9,合庫-鳳山,2024-11-06,1029
4919,新唐,24,15,9,合庫-鳳山,2024-11-06,1029
2834,臺企銀,10,2,8,合庫-鳳山,2024-11-06,1029
5880,合庫金,8,0,8,合庫-鳳山,2024-11-06,1029
00720B,元大投資級公司債,8,0,8,合庫-鳳山,2024-11-06,1029
2601,益航,8,0,8,合庫-鳳山,2024-11-06,1029
00795B,中信美國公債20年,7,0,7,合庫-鳳山,2024-11-06,1029
00673R,期元大S＆P原油反1,130,0,130,合庫-鳳山,2024-11-07,1029
3481,群創,129,43,86,合庫-鳳山,2024-11-07,1029
00932,兆豐永續高息等權,70,0,70,合庫-鳳山,2024-11-07,1029
2303,聯電,109,50,59,合庫-鳳山,2024-11-07,1029
00933B,國泰10Y+金融債,62,6,56,合庫-鳳山,2024-11-07,1029
2399,映泰,67,15,52,合庫-鳳山,2024-11-07,1029
6505,台塑化,60,9,51,合庫-鳳山,2024-11-07,1029
00632R,元大台灣50反1,60,10,50,合庫-鳳山,2024-11-07,1029
00945B,凱基美國非投等債,46,0,46,合庫-鳳山,2024-11-07,1029
6658,聯策,40,2,38,合庫-鳳山,2024-11-07,1029
00878,國泰永續高股息,58,24,34,合庫-鳳山,2024-11-07,1029
2038,海光,42,11,31,合庫-鳳山,2024-11-07,1029
2337,旺宏,30,1,29,合庫-鳳山,2024-11-07,1029
2028,威致,22,0,22,合庫-鳳山,2024-11-07,1029
00882,中信中國高股息,80,60,20,合庫-鳳山,2024-11-07,1029
5398,慕康生醫,21,1,20,合庫-鳳山,2024-11-07,1029
6550,北極星藥業-KY,20,0,20,合庫-鳳山,2024-11-07,1029
00936,台新永續高息中小,20,1,19,合庫-鳳山,2024-11-07,1029
1618,合機,20,1,19,合庫-鳳山,2024-11-07,1029
4552,力達-KY,18,0,18,合庫-鳳山,2024-11-07,1029
00919,群益台灣精選高息,15,0,15,合庫-鳳山,2024-11-07,1029
2535,達欣工,15,0,15,合庫-鳳山,2024-11-07,1029
2356,英業達,84,69,15,合庫-鳳山,2024-11-07,1029
2014,中鴻,16,2,14,合庫-鳳山,2024-11-07,1029
2892,第一金,12,0,12,合庫-鳳山,2024-11-07,1029
00905,FT臺灣Smart,15,3,12,合庫-鳳山,2024-11-07,1029
00642U,期元大S＆P石油,11,0,11,合庫-鳳山,2024-11-07,1029
00669R,國泰美國道瓊反1,11,0,11,合庫-鳳山,2024-11-07,1029
3372,典範,11,0,11,合庫-鳳山,2024-11-07,1029
2851,中再保,12,2,10,合庫-鳳山,2024-11-07,1029
1307,三芳,10,0,10,合庫-鳳山,2024-11-07,1029
1464,得力,10,0,10,合庫-鳳山,2024-11-07,1029
2027,大成鋼,11,1,10,合庫-鳳山,2024-11-07,1029
2302,麗正,10,0,10,合庫-鳳山,2024-11-07,1029
2353,宏��,11,1,10,合庫-鳳山,2024-11-07,1029
2888,新光金,10,0,10,合庫-鳳山,2024-11-07,1029
3530,晶相光,10,0,10,合庫-鳳山,2024-11-07,1029
3550,聯穎,10,0,10,合庫-鳳山,2024-11-07,1029
4113,聯上,10,0,10,合庫-鳳山,2024-11-07,1029
6257,矽格,12,2,10,合庫-鳳山,2024-11-07,1029
8261,富鼎,13,3,10,合庫-鳳山,2024-11-07,1029
8415,大國鋼,10,1,9,合庫-鳳山,2024-11-07,1029
00918,大華優利高填息30,8,0,8,合庫-鳳山,2024-11-07,1029
3504,揚明光,8,0,8,合庫-鳳山,2024-11-07,1029
4561,健椿,9,1,8,合庫-鳳山,2024-11-07,1029
6150,撼訊,13,5,8,合庫-鳳山,2024-11-07,1029
3413,京鼎,7,0,7,合庫-鳳山,2024-11-07,1029
2489,瑞軒,10,3,7,合庫-鳳山,2024-11-07,1029
3701,大眾控,24,17,7,合庫-鳳山,2024-11-07,1029
2615,萬海,42,36,6,合庫-鳳山,2024-11-07,1029
6505,台塑化,192,0,192,合庫-鳳山,2024-11-08,1029
3188,鑫龍騰,102,0,102,合庫-鳳山,2024-11-08,1029
00632R,元大台灣50反1,120,24,96,合庫-鳳山,2024-11-08,1029
00688L,國泰20年美債正2,100,7,93,合庫-鳳山,2024-11-08,1029
1609,大亞,72,0,72,合庫-鳳山,2024-11-08,1029
2313,華通,60,9,51,合庫-鳳山,2024-11-08,1029
6550,北極星藥業-KY,50,0,50,合庫-鳳山,2024-11-08,1029
3062,建漢,69,31,38,合庫-鳳山,2024-11-08,1029
00637L,元大滬深300正2,46,11,35,合庫-鳳山,2024-11-08,1029
2388,威盛,34,2,32,合庫-鳳山,2024-11-08,1029
2303,聯電,40,8,32,合庫-鳳山,2024-11-08,1029
6269,台郡,30,2,28,合庫-鳳山,2024-11-08,1029
3010,華立,25,0,25,合庫-鳳山,2024-11-08,1029
2891,中信金,26,3,23,合庫-鳳山,2024-11-08,1029
2929,淘帝-KY,21,0,21,合庫-鳳山,2024-11-08,1029
1301,台塑,55,35,20,合庫-鳳山,2024-11-08,1029
8463,潤泰材,21,1,20,合庫-鳳山,2024-11-08,1029
00929,復華台灣科技優息,30,11,19,合庫-鳳山,2024-11-08,1029
2344,華邦電,20,1,19,合庫-鳳山,2024-11-08,1029
2353,宏��,26,8,18,合庫-鳳山,2024-11-08,1029
2392,正崴,36,18,18,合庫-鳳山,2024-11-08,1029
8261,富鼎,21,4,17,合庫-鳳山,2024-11-08,1029
6285,啟��,17,1,16,合庫-鳳山,2024-11-08,1029
2354,鴻準,59,43,16,合庫-鳳山,2024-11-08,1029
3290,東浦,17,2,15,合庫-鳳山,2024-11-08,1029
5243,乙盛-KY,16,1,15,合庫-鳳山,2024-11-08,1029
00878,國泰永續高股息,28,15,13,合庫-鳳山,2024-11-08,1029
00679B,元大美債20年,15,2,13,合庫-鳳山,2024-11-08,1029
1314,中石化,13,0,13,合庫-鳳山,2024-11-08,1029
5531,鄉林,13,0,13,合庫-鳳山,2024-11-08,1029
00633L,富邦上証正2,37,25,12,合庫-鳳山,2024-11-08,1029
6213,聯茂,12,0,12,合庫-鳳山,2024-11-08,1029
9958,世紀鋼,12,1,11,合庫-鳳山,2024-11-08,1029
2337,旺宏,12,1,11,合庫-鳳山,2024-11-08,1029
2884,玉山金,11,0,11,合庫-鳳山,2024-11-08,1029
6133,金橋,11,0,11,合庫-鳳山,2024-11-08,1029
5880,合庫金,11,0,11,合庫-鳳山,2024-11-08,1029
00936,台新永續高息中小,10,0,10,合庫-鳳山,2024-11-08,1029
00857B,永豐20年美公債,10,0,10,合庫-鳳山,2024-11-08,1029
1527,鑽全,10,0,10,合庫-鳳山,2024-11-08,1029
2444,兆勁,10,0,10,合庫-鳳山,2024-11-08,1029
2911,麗嬰房,10,0,10,合庫-鳳山,2024-11-08,1029
3558,神準,13,3,10,合庫-鳳山,2024-11-08,1029
4153,鈺緯,10,0,10,合庫-鳳山,2024-11-08,1029
4916,事欣科,10,0,10,合庫-鳳山,2024-11-08,1029
5203,訊連,10,0,10,合庫-鳳山,2024-11-08,1029
5276,達輝-KY,10,0,10,合庫-鳳山,2024-11-08,1029
6161,捷波,10,0,10,合庫-鳳山,2024-11-08,1029
6190,萬泰科,10,0,10,合庫-鳳山,2024-11-08,1029
00919,群益台灣精選高息,19,9,10,合庫-鳳山,2024-11-08,1029
00665L,富邦�琤肭磪囓�2,164,70,94,合庫-鳳山,2024-11-11,1029
00878,國泰永續高股息,92,5,87,合庫-鳳山,2024-11-11,1029
00918,大華優利高填息30,71,0,71,合庫-鳳山,2024-11-11,1029
00715L,期街口布蘭特正2,60,0,60,合庫-鳳山,2024-11-11,1029
00919,群益台灣精選高息,65,15,50,合庫-鳳山,2024-11-11,1029
00932,兆豐永續高息等權,42,0,42,合庫-鳳山,2024-11-11,1029
3290,東浦,32,0,32,合庫-鳳山,2024-11-11,1029
00945B,凱基美國非投等債,29,0,29,合庫-鳳山,2024-11-11,1029
00687B,國泰20年美債,29,5,24,合庫-鳳山,2024-11-11,1029
1909,榮成,22,0,22,合庫-鳳山,2024-11-11,1029
00713,元大台灣高息低波,21,0,21,合庫-鳳山,2024-11-11,1029
2313,華通,22,1,21,合庫-鳳山,2024-11-11,1029
3037,欣興,23,2,21,合庫-鳳山,2024-11-11,1029
00961,FT臺灣永續高息,20,0,20,合庫-鳳山,2024-11-11,1029
2609,陽明,25,5,20,合庫-鳳山,2024-11-11,1029
6763,綠界科技*,46,26,20,合庫-鳳山,2024-11-11,1029
1605,華新,20,1,19,合庫-鳳山,2024-11-11,1029
2489,瑞軒,18,0,18,合庫-鳳山,2024-11-11,1029
6416,瑞祺電通,17,0,17,合庫-鳳山,2024-11-11,1029
1301,台塑,21,6,15,合庫-鳳山,2024-11-11,1029
00646,元大S＆P500,17,2,15,合庫-鳳山,2024-11-11,1029
3188,鑫龍騰,15,0,15,合庫-鳳山,2024-11-11,1029
00679B,元大美債20年,16,2,14,合庫-鳳山,2024-11-11,1029
2337,旺宏,14,0,14,合庫-鳳山,2024-11-11,1029
2399,映泰,25,11,14,合庫-鳳山,2024-11-11,1029
6269,台郡,14,0,14,合庫-鳳山,2024-11-11,1029
2615,萬海,24,11,13,合庫-鳳山,2024-11-11,1029
4716,大立,22,9,13,合庫-鳳山,2024-11-11,1029
4916,事欣科,12,0,12,合庫-鳳山,2024-11-11,1029
4958,臻鼎-KY,21,9,12,合庫-鳳山,2024-11-11,1029
6134,萬旭,12,0,12,合庫-鳳山,2024-11-11,1029
3010,華立,11,0,11,合庫-鳳山,2024-11-11,1029
3419,譁裕,11,0,11,合庫-鳳山,2024-11-11,1029
00930,永豐ESG低碳高息,10,0,10,合庫-鳳山,2024-11-11,1029
1304,台聚,10,0,10,合庫-鳳山,2024-11-11,1029
2108,南帝,10,0,10,合庫-鳳山,2024-11-11,1029
3049,精金,10,0,10,合庫-鳳山,2024-11-11,1029
3260,威剛,25,15,10,合庫-鳳山,2024-11-11,1029
3558,神準,11,1,10,合庫-鳳山,2024-11-11,1029
4552,力達-KY,10,0,10,合庫-鳳山,2024-11-11,1029
2330,台積電,30,20,10,合庫-鳳山,2024-11-11,1029
00690,兆豐藍籌30,9,0,9,合庫-鳳山,2024-11-11,1029
2353,宏��,16,7,9,合庫-鳳山,2024-11-11,1029
3701,大眾控,9,0,9,合庫-鳳山,2024-11-11,1029
6160,欣技,9,0,9,合庫-鳳山,2024-11-11,1029
9105,泰金寶-DR,17,8,9,合庫-鳳山,2024-11-11,1029
5880,合庫金,12,3,9,合庫-鳳山,2024-11-11,1029
2610,華航,20,12,8,合庫-鳳山,2024-11-11,1029
4571,鈞興-KY,8,0,8,合庫-鳳山,2024-11-11,1029
6585,鼎基,8,0,8,合庫-鳳山,2024-11-11,1029
2891,中信金,781,1,780,合庫-鳳山,2024-11-12,1029
00715L,期街口布蘭特正2,297,5,292,合庫-鳳山,2024-11-12,1029
00878,國泰永續高股息,257,6,251,合庫-鳳山,2024-11-12,1029
2317,鴻海,147,19,128,合庫-鳳山,2024-11-12,1029
1101,台泥,103,1,102,合庫-鳳山,2024-11-12,1029
1909,榮成,75,0,75,合庫-鳳山,2024-11-12,1029
00922,國泰台灣領袖50,65,0,65,合庫-鳳山,2024-11-12,1029
2892,第一金,62,0,62,合庫-鳳山,2024-11-12,1029
5880,合庫金,51,6,45,合庫-鳳山,2024-11-12,1029
0056,元大高股息,43,2,41,合庫-鳳山,2024-11-12,1029
2834,臺企銀,38,0,38,合庫-鳳山,2024-11-12,1029
00930,永豐ESG低碳高息,38,0,38,合庫-鳳山,2024-11-12,1029
2312,金寶,40,3,37,合庫-鳳山,2024-11-12,1029
5871,中租-KY,38,1,37,合庫-鳳山,2024-11-12,1029
2002,中鋼,36,0,36,合庫-鳳山,2024-11-12,1029
00915,凱基優選高股息30,34,0,34,合庫-鳳山,2024-11-12,1029
2884,玉山金,32,1,31,合庫-鳳山,2024-11-12,1029
3481,群創,32,1,31,合庫-鳳山,2024-11-12,1029
00665L,富邦�琤肭磪囓�2,31,0,31,合庫-鳳山,2024-11-12,1029
00713,元大台灣高息低波,29,0,29,合庫-鳳山,2024-11-12,1029
00919,群益台灣精選高息,65,36,29,合庫-鳳山,2024-11-12,1029
6274,台燿,28,0,28,合庫-鳳山,2024-11-12,1029
2408,南亞科,81,54,27,合庫-鳳山,2024-11-12,1029
2382,廣達,26,1,25,合庫-鳳山,2024-11-12,1029
00881,國泰台灣5G+,23,0,23,合庫-鳳山,2024-11-12,1029
2301,光寶科,27,5,22,合庫-鳳山,2024-11-12,1029
8096,擎亞,37,15,22,合庫-鳳山,2024-11-12,1029
3003,健和興,23,2,21,合庫-鳳山,2024-11-12,1029
006208,富邦台50,21,0,21,合庫-鳳山,2024-11-12,1029
2303,聯電,35,16,19,合庫-鳳山,2024-11-12,1029
1314,中石化,18,0,18,合庫-鳳山,2024-11-12,1029
00650L,復華香港正2,18,2,16,合庫-鳳山,2024-11-12,1029
2353,宏��,22,6,16,合庫-鳳山,2024-11-12,1029
8261,富鼎,20,4,16,合庫-鳳山,2024-11-12,1029
2882,國泰金,16,1,15,合庫-鳳山,2024-11-12,1029
00731,復華富時高息低波,15,0,15,合庫-鳳山,2024-11-12,1029
00895,富邦未來車,14,0,14,合庫-鳳山,2024-11-12,1029
4971,IET-KY,14,0,14,合庫-鳳山,2024-11-12,1029
5014,建錩,14,0,14,合庫-鳳山,2024-11-12,1029
2883,凱基金,15,2,13,合庫-鳳山,2024-11-12,1029
2615,萬海,21,8,13,合庫-鳳山,2024-11-12,1029
00900,富邦特選高股息30,13,0,13,合庫-鳳山,2024-11-12,1029
2385,群光,12,0,12,合庫-鳳山,2024-11-12,1029
2609,陽明,76,64,12,合庫-鳳山,2024-11-12,1029
9105,泰金寶-DR,23,11,12,合庫-鳳山,2024-11-12,1029
2014,中鴻,12,1,11,合庫-鳳山,2024-11-12,1029
2641,正德,17,6,11,合庫-鳳山,2024-11-12,1029
5309,系統電,14,3,11,合庫-鳳山,2024-11-12,1029
2887,台新金,12,1,11,合庫-鳳山,2024-11-12,1029
1532,勤美,10,0,10,合庫-鳳山,2024-11-12,1029
00878,國泰永續高股息,148,2,146,合庫-鳳山,2024-11-13,1029
00688L,國泰20年美債正2,134,8,126,合庫-鳳山,2024-11-13,1029
0056,元大高股息,103,1,102,合庫-鳳山,2024-11-13,1029
6244,茂迪,100,0,100,合庫-鳳山,2024-11-13,1029
00937B,群益ESG投等債20,156,79,77,合庫-鳳山,2024-11-13,1029
00680L,元大美債20正2,65,0,65,合庫-鳳山,2024-11-13,1029
1609,大亞,63,0,63,合庫-鳳山,2024-11-13,1029
1909,榮成,48,0,48,合庫-鳳山,2024-11-13,1029
2324,仁寶,73,28,45,合庫-鳳山,2024-11-13,1029
00933B,國泰10Y+金融債,46,1,45,合庫-鳳山,2024-11-13,1029
6505,台塑化,41,0,41,合庫-鳳山,2024-11-13,1029
2883,凱基金,40,0,40,合庫-鳳山,2024-11-13,1029
6120,達運,31,0,31,合庫-鳳山,2024-11-13,1029
1446,宏和,31,0,31,合庫-鳳山,2024-11-13,1029
2330,台積電,31,0,31,合庫-鳳山,2024-11-13,1029
00882,中信中國高股息,33,4,29,合庫-鳳山,2024-11-13,1029
2801,彰銀,26,0,26,合庫-鳳山,2024-11-13,1029
2892,第一金,23,0,23,合庫-鳳山,2024-11-13,1029
5309,系統電,31,9,22,合庫-鳳山,2024-11-13,1029
2812,台中銀,21,0,21,合庫-鳳山,2024-11-13,1029
00927,群益半導體收益,20,0,20,合庫-鳳山,2024-11-13,1029
00922,國泰台灣領袖50,20,0,20,合庫-鳳山,2024-11-13,1029
1605,華新,25,8,17,合庫-鳳山,2024-11-13,1029
00915,凱基優選高股息30,17,0,17,合庫-鳳山,2024-11-13,1029
00713,元大台灣高息低波,17,0,17,合庫-鳳山,2024-11-13,1029
2344,華邦電,20,4,16,合庫-鳳山,2024-11-13,1029
2834,臺企銀,17,2,15,合庫-鳳山,2024-11-13,1029
2312,金寶,46,31,15,合庫-鳳山,2024-11-13,1029
2353,宏��,15,0,15,合庫-鳳山,2024-11-13,1029
00853B,統一美債10年Aa-,15,0,15,合庫-鳳山,2024-11-13,1029
3236,千如,15,0,15,合庫-鳳山,2024-11-13,1029
6695,芯鼎,20,6,14,合庫-鳳山,2024-11-13,1029
8403,盛弘,14,0,14,合庫-鳳山,2024-11-13,1029
2882,國泰金,14,0,14,合庫-鳳山,2024-11-13,1029
8032,光菱,33,20,13,合庫-鳳山,2024-11-13,1029
00637L,元大滬深300正2,49,36,13,合庫-鳳山,2024-11-13,1029
6227,茂綸,15,2,13,合庫-鳳山,2024-11-13,1029
00665L,富邦�琤肭磪囓�2,12,0,12,合庫-鳳山,2024-11-13,1029
1513,中興電,14,2,12,合庫-鳳山,2024-11-13,1029
6288,聯嘉,15,3,12,合庫-鳳山,2024-11-13,1029
2887,台新金,11,0,11,合庫-鳳山,2024-11-13,1029
4979,華星光,14,3,11,合庫-鳳山,2024-11-13,1029
6606,建德工業,11,0,11,合庫-鳳山,2024-11-13,1029
00934,中信成長高股息,10,0,10,合庫-鳳山,2024-11-13,1029
1313,聯成,10,0,10,合庫-鳳山,2024-11-13,1029
00830,國泰費城半導體,10,0,10,合庫-鳳山,2024-11-13,1029
00932,兆豐永續高息等權,10,0,10,合庫-鳳山,2024-11-13,1029
2349,錸德,60,50,10,合庫-鳳山,2024-11-13,1029
5426,振發,10,0,10,合庫-鳳山,2024-11-13,1029
6163,華電網,10,0,10,合庫-鳳山,2024-11-13,1029
00929,復華台灣科技優息,437,68,369,合庫-鳳山,2024-11-14,1029
00878,國泰永續高股息,260,0,260,合庫-鳳山,2024-11-14,1029
00940,元大台灣價值高息,145,11,134,合庫-鳳山,2024-11-14,1029
00688L,國泰20年美債正2,132,0,132,合庫-鳳山,2024-11-14,1029
2303,聯電,142,25,117,合庫-鳳山,2024-11-14,1029
5880,合庫金,93,2,91,合庫-鳳山,2024-11-14,1029
00680L,元大美債20正2,81,10,71,合庫-鳳山,2024-11-14,1029
3481,群創,66,2,64,合庫-鳳山,2024-11-14,1029
2884,玉山金,59,0,59,合庫-鳳山,2024-11-14,1029
0056,元大高股息,62,18,44,合庫-鳳山,2024-11-14,1029
00937B,群益ESG投等債20,55,15,40,合庫-鳳山,2024-11-14,1029
00919,群益台灣精選高息,39,0,39,合庫-鳳山,2024-11-14,1029
2327,國巨,38,0,38,合庫-鳳山,2024-11-14,1029
2618,長榮航,53,18,35,合庫-鳳山,2024-11-14,1029
00665L,富邦�琤肭磪囓�2,632,599,33,合庫-鳳山,2024-11-14,1029
00945B,凱基美國非投等債,30,0,30,合庫-鳳山,2024-11-14,1029
00927,群益半導體收益,29,0,29,合庫-鳳山,2024-11-14,1029
00687B,國泰20年美債,27,0,27,合庫-鳳山,2024-11-14,1029
2892,第一金,26,1,25,合庫-鳳山,2024-11-14,1029
3290,東浦,24,0,24,合庫-鳳山,2024-11-14,1029
2317,鴻海,33,10,23,合庫-鳳山,2024-11-14,1029
1314,中石化,22,0,22,合庫-鳳山,2024-11-14,1029
3632,研勤,22,0,22,合庫-鳳山,2024-11-14,1029
4552,力達-KY,22,0,22,合庫-鳳山,2024-11-14,1029
3048,益登,21,0,21,合庫-鳳山,2024-11-14,1029
4903,聯光通,21,0,21,合庫-鳳山,2024-11-14,1029
4931,新盛力,44,23,21,合庫-鳳山,2024-11-14,1029
2020,美亞,20,0,20,合庫-鳳山,2024-11-14,1029
2405,輔信,20,0,20,合庫-鳳山,2024-11-14,1029
2834,臺企銀,22,2,20,合庫-鳳山,2024-11-14,1029
2331,精英,19,0,19,合庫-鳳山,2024-11-14,1029
3231,緯創,19,1,18,合庫-鳳山,2024-11-14,1029
3236,千如,18,0,18,合庫-鳳山,2024-11-14,1029
00915,凱基優選高股息30,17,0,17,合庫-鳳山,2024-11-14,1029
00963,中信全球高股息,16,0,16,合庫-鳳山,2024-11-14,1029
00713,元大台灣高息低波,23,7,16,合庫-鳳山,2024-11-14,1029
5871,中租-KY,16,0,16,合庫-鳳山,2024-11-14,1029
00922,國泰台灣領袖50,14,0,14,合庫-鳳山,2024-11-14,1029
9105,泰金寶-DR,99,85,14,合庫-鳳山,2024-11-14,1029
2476,鉅祥,13,0,13,合庫-鳳山,2024-11-14,1029
1303,南亞,13,0,13,合庫-鳳山,2024-11-14,1029
5351,鈺創,13,0,13,合庫-鳳山,2024-11-14,1029
006208,富邦台50,13,0,13,合庫-鳳山,2024-11-14,1029
00891,中信關鍵半導體,12,0,12,合庫-鳳山,2024-11-14,1029
00943,兆豐電子高息等權,12,0,12,合庫-鳳山,2024-11-14,1029
6282,康舒,18,6,12,合庫-鳳山,2024-11-14,1029
2603,長榮,16,4,12,合庫-鳳山,2024-11-14,1029
2376,技嘉,15,3,12,合庫-鳳山,2024-11-14,1029
2605,新興,16,5,11,合庫-鳳山,2024-11-14,1029
3015,全漢,11,0,11,合庫-鳳山,2024-11-14,1029
00878,國泰永續高股息,184,1,183,合庫-鳳山,2024-11-15,1029
00933B,國泰10Y+金融債,146,0,146,合庫-鳳山,2024-11-15,1029
2049,上銀,100,0,100,合庫-鳳山,2024-11-15,1029
2880,華南金,63,0,63,合庫-鳳山,2024-11-15,1029
00945B,凱基美國非投等債,60,0,60,合庫-鳳山,2024-11-15,1029
00632R,元大台灣50反1,60,8,52,合庫-鳳山,2024-11-15,1029
3706,神達,94,42,52,合庫-鳳山,2024-11-15,1029
3236,千如,50,0,50,合庫-鳳山,2024-11-15,1029
2834,臺企銀,46,3,43,合庫-鳳山,2024-11-15,1029
2317,鴻海,71,28,43,合庫-鳳山,2024-11-15,1029
00713,元大台灣高息低波,41,0,41,合庫-鳳山,2024-11-15,1029
00715L,期街口布蘭特正2,40,0,40,合庫-鳳山,2024-11-15,1029
6505,台塑化,40,0,40,合庫-鳳山,2024-11-15,1029
2382,廣達,40,7,33,合庫-鳳山,2024-11-15,1029
00950B,凱基A級公司債,30,0,30,合庫-鳳山,2024-11-15,1029
5880,合庫金,26,1,25,合庫-鳳山,2024-11-15,1029
0056,元大高股息,20,0,20,合庫-鳳山,2024-11-15,1029
00918,大華優利高填息30,20,0,20,合庫-鳳山,2024-11-15,1029
00941,中信上游半導體,20,0,20,合庫-鳳山,2024-11-15,1029
3188,鑫龍騰,20,0,20,合庫-鳳山,2024-11-15,1029
3338,泰碩,23,4,19,合庫-鳳山,2024-11-15,1029
6606,建德工業,19,0,19,合庫-鳳山,2024-11-15,1029
2929,淘帝-KY,27,11,16,合庫-鳳山,2024-11-15,1029
2376,技嘉,21,8,13,合庫-鳳山,2024-11-15,1029
2883,凱基金,12,0,12,合庫-鳳山,2024-11-15,1029
1909,榮成,11,0,11,合庫-鳳山,2024-11-15,1029
00905,FT臺灣Smart,11,0,11,合庫-鳳山,2024-11-15,1029
3712,永崴投控,11,0,11,合庫-鳳山,2024-11-15,1029
00712,復華富時不動產,10,0,10,合庫-鳳山,2024-11-15,1029
1611,中電,10,0,10,合庫-鳳山,2024-11-15,1029
2887,台新金,10,0,10,合庫-鳳山,2024-11-15,1029
5392,能率,10,0,10,合庫-鳳山,2024-11-15,1029
8011,台通,10,0,10,合庫-鳳山,2024-11-15,1029
8150,南茂,11,1,10,合庫-鳳山,2024-11-15,1029
912000,晨訊科-DR,10,0,10,合庫-鳳山,2024-11-15,1029
2330,台積電,29,19,10,合庫-鳳山,2024-11-15,1029
00943,兆豐電子高息等權,9,0,9,合庫-鳳山,2024-11-15,1029
2324,仁寶,12,3,9,合庫-鳳山,2024-11-15,1029
2353,宏��,10,1,9,合庫-鳳山,2024-11-15,1029
00665L,富邦�琤肭磪囓�2,108,100,8,合庫-鳳山,2024-11-15,1029
3149,正達,18,10,8,合庫-鳳山,2024-11-15,1029
3576,聯合再生,10,2,8,合庫-鳳山,2024-11-15,1029
2002,中鋼,7,0,7,合庫-鳳山,2024-11-15,1029
00680L,元大美債20正2,8,1,7,合庫-鳳山,2024-11-15,1029
2489,瑞軒,8,1,7,合庫-鳳山,2024-11-15,1029
2630,亞航,7,0,7,合庫-鳳山,2024-11-15,1029
4977,眾達-KY,12,5,7,合庫-鳳山,2024-11-15,1029
3037,欣興,8,2,6,合庫-鳳山,2024-11-15,1029
2421,建準,7,1,6,合庫-鳳山,2024-11-15,1029
3324,雙鴻,6,0,6,合庫-鳳山,2024-11-15,1029
00715L,期街口布蘭特正2,272,2,270,合庫-鳳山,2024-11-18,1029
00878,國泰永續高股息,194,4,190,合庫-鳳山,2024-11-18,1029
00881,國泰台灣5G+,103,1,102,合庫-鳳山,2024-11-18,1029
2332,友訊,71,1,70,合庫-鳳山,2024-11-18,1029
00929,復華台灣科技優息,113,55,58,合庫-鳳山,2024-11-18,1029
00905,FT臺灣Smart,41,0,41,合庫-鳳山,2024-11-18,1029
00632R,元大台灣50反1,60,20,40,合庫-鳳山,2024-11-18,1029
5531,鄉林,40,2,38,合庫-鳳山,2024-11-18,1029
2881,富邦金,37,0,37,合庫-鳳山,2024-11-18,1029
2312,金寶,60,23,37,合庫-鳳山,2024-11-18,1029
9105,泰金寶-DR,58,23,35,合庫-鳳山,2024-11-18,1029
0056,元大高股息,33,0,33,合庫-鳳山,2024-11-18,1029
00943,兆豐電子高息等權,32,0,32,合庫-鳳山,2024-11-18,1029
1717,長興,31,0,31,合庫-鳳山,2024-11-18,1029
2834,臺企銀,30,2,28,合庫-鳳山,2024-11-18,1029
00953B,群益優選非投等債,25,0,25,合庫-鳳山,2024-11-18,1029
2105,正新,33,8,25,合庫-鳳山,2024-11-18,1029
2610,華航,22,0,22,合庫-鳳山,2024-11-18,1029
1605,華新,21,0,21,合庫-鳳山,2024-11-18,1029
3149,正達,23,3,20,合庫-鳳山,2024-11-18,1029
5880,合庫金,20,1,19,合庫-鳳山,2024-11-18,1029
2354,鴻準,54,36,18,合庫-鳳山,2024-11-18,1029
2618,長榮航,41,25,16,合庫-鳳山,2024-11-18,1029
3032,偉訓,18,3,15,合庫-鳳山,2024-11-18,1029
00922,國泰台灣領袖50,13,0,13,合庫-鳳山,2024-11-18,1029
1785,光洋科,14,1,13,合庫-鳳山,2024-11-18,1029
2303,聯電,13,1,12,合庫-鳳山,2024-11-18,1029
00887,永豐中國科技50大,14,2,12,合庫-鳳山,2024-11-18,1029
2344,華邦電,12,0,12,合庫-鳳山,2024-11-18,1029
6505,台塑化,13,1,12,合庫-鳳山,2024-11-18,1029
00932,兆豐永續高息等權,11,0,11,合庫-鳳山,2024-11-18,1029
00891,中信關鍵半導體,11,0,11,合庫-鳳山,2024-11-18,1029
00637L,元大滬深300正2,37,26,11,合庫-鳳山,2024-11-18,1029
5351,鈺創,11,0,11,合庫-鳳山,2024-11-18,1029
8150,南茂,12,1,11,合庫-鳳山,2024-11-18,1029
2880,華南金,10,0,10,合庫-鳳山,2024-11-18,1029
1432,大魯閣,10,0,10,合庫-鳳山,2024-11-18,1029
1808,潤隆,10,0,10,合庫-鳳山,2024-11-18,1029
1815,富喬,11,1,10,合庫-鳳山,2024-11-18,1029
2331,精英,10,0,10,合庫-鳳山,2024-11-18,1029
3188,鑫龍騰,10,0,10,合庫-鳳山,2024-11-18,1029
3260,威剛,10,0,10,合庫-鳳山,2024-11-18,1029
2317,鴻海,31,21,10,合庫-鳳山,2024-11-18,1029
2382,廣達,12,3,9,合庫-鳳山,2024-11-18,1029
00937B,群益ESG投等債20,15,6,9,合庫-鳳山,2024-11-18,1029
1536,和大,9,0,9,合庫-鳳山,2024-11-18,1029
3017,奇鋐,9,0,9,合庫-鳳山,2024-11-18,1029
3050,鈺德,23,14,9,合庫-鳳山,2024-11-18,1029
3706,神達,47,38,9,合庫-鳳山,2024-11-18,1029
006208,富邦台50,8,0,8,合庫-鳳山,2024-11-18,1029
00948B,中信優息投資級債,100,0,100,合庫-鳳山,2024-11-19,1029
00963,中信全球高股息,100,1,99,合庫-鳳山,2024-11-19,1029
00930,永豐ESG低碳高息,81,1,80,合庫-鳳山,2024-11-19,1029
3481,群創,84,17,67,合庫-鳳山,2024-11-19,1029
2883,凱基金,51,12,39,合庫-鳳山,2024-11-19,1029
00687B,國泰20年美債,50,14,36,合庫-鳳山,2024-11-19,1029
00680L,元大美債20正2,35,0,35,合庫-鳳山,2024-11-19,1029
2317,鴻海,39,7,32,合庫-鳳山,2024-11-19,1029
8104,錸寶,49,17,32,合庫-鳳山,2024-11-19,1029
00673R,期元大S＆P原油反1,30,0,30,合庫-鳳山,2024-11-19,1029
00878,國泰永續高股息,25,0,25,合庫-鳳山,2024-11-19,1029
2641,正德,23,0,23,合庫-鳳山,2024-11-19,1029
3188,鑫龍騰,23,0,23,合庫-鳳山,2024-11-19,1029
2332,友訊,32,10,22,合庫-鳳山,2024-11-19,1029
00753L,中信中國50正2,20,0,20,合庫-鳳山,2024-11-19,1029
6109,亞元,20,0,20,合庫-鳳山,2024-11-19,1029
00637L,元大滬深300正2,29,9,20,合庫-鳳山,2024-11-19,1029
1301,台塑,19,0,19,合庫-鳳山,2024-11-19,1029
1471,首利,17,0,17,合庫-鳳山,2024-11-19,1029
2303,聯電,28,13,15,合庫-鳳山,2024-11-19,1029
2884,玉山金,15,0,15,合庫-鳳山,2024-11-19,1029
00933B,國泰10Y+金融債,13,0,13,合庫-鳳山,2024-11-19,1029
4766,南寶,13,0,13,合庫-鳳山,2024-11-19,1029
2331,精英,12,0,12,合庫-鳳山,2024-11-19,1029
1303,南亞,11,0,11,合庫-鳳山,2024-11-19,1029
3687,歐買尬,11,0,11,合庫-鳳山,2024-11-19,1029
2382,廣達,12,1,11,合庫-鳳山,2024-11-19,1029
2547,日勝生,10,0,10,合庫-鳳山,2024-11-19,1029
2606,裕民,13,3,10,合庫-鳳山,2024-11-19,1029
2834,臺企銀,16,6,10,合庫-鳳山,2024-11-19,1029
6134,萬旭,14,4,10,合庫-鳳山,2024-11-19,1029
1734,杏輝,9,0,9,合庫-鳳山,2024-11-19,1029
2363,矽統,29,20,9,合庫-鳳山,2024-11-19,1029
3050,鈺德,9,0,9,合庫-鳳山,2024-11-19,1029
4903,聯光通,10,1,9,合庫-鳳山,2024-11-19,1029
6283,淳安,10,1,9,合庫-鳳山,2024-11-19,1029
00679B,元大美債20年,11,3,8,合庫-鳳山,2024-11-19,1029
00675L,富邦臺灣加權正2,8,0,8,合庫-鳳山,2024-11-19,1029
2891,中信金,18,10,8,合庫-鳳山,2024-11-19,1029
8240,華宏,18,10,8,合庫-鳳山,2024-11-19,1029
00713,元大台灣高息低波,8,0,8,合庫-鳳山,2024-11-19,1029
006208,富邦台50,7,0,7,合庫-鳳山,2024-11-19,1029
2615,萬海,11,4,7,合庫-鳳山,2024-11-19,1029
2881,富邦金,7,0,7,合庫-鳳山,2024-11-19,1029
00935,野村臺灣新科技50,7,0,7,合庫-鳳山,2024-11-19,1029
2362,藍天,7,0,7,合庫-鳳山,2024-11-19,1029
2367,燿華,12,5,7,合庫-鳳山,2024-11-19,1029
2399,映泰,29,22,7,合庫-鳳山,2024-11-19,1029
3625,西勝,11,4,7,合庫-鳳山,2024-11-19,1029
6763,綠界科技*,12,5,7,合庫-鳳山,2024-11-19,1029
2354,鴻準,134,33,101,合庫-鳳山,2024-11-20,1029
6164,華興,60,0,60,合庫-鳳山,2024-11-20,1029
00878,國泰永續高股息,46,2,44,合庫-鳳山,2024-11-20,1029
00632R,元大台灣50反1,51,8,43,合庫-鳳山,2024-11-20,1029
00687B,國泰20年美債,56,13,43,合庫-鳳山,2024-11-20,1029
2312,金寶,47,8,39,合庫-鳳山,2024-11-20,1029
00929,復華台灣科技優息,41,3,38,合庫-鳳山,2024-11-20,1029
00937B,群益ESG投等債20,34,3,31,合庫-鳳山,2024-11-20,1029
00738U,期元大道瓊白銀,30,0,30,合庫-鳳山,2024-11-20,1029
2380,虹光,30,0,30,合庫-鳳山,2024-11-20,1029
3706,神達,98,69,29,合庫-鳳山,2024-11-20,1029
5880,合庫金,28,4,24,合庫-鳳山,2024-11-20,1029
3687,歐買尬,22,0,22,合庫-鳳山,2024-11-20,1029
00919,群益台灣精選高息,36,14,22,合庫-鳳山,2024-11-20,1029
2303,聯電,37,16,21,合庫-鳳山,2024-11-20,1029
2884,玉山金,22,2,20,合庫-鳳山,2024-11-20,1029
00959B,大華投等美債15Y+,20,0,20,合庫-鳳山,2024-11-20,1029
4956,光鋐,29,10,19,合庫-鳳山,2024-11-20,1029
2449,京元電子,19,1,18,合庫-鳳山,2024-11-20,1029
2888,新光金,17,0,17,合庫-鳳山,2024-11-20,1029
00946,群益科技高息成長,16,0,16,合庫-鳳山,2024-11-20,1029
3019,亞光,25,9,16,合庫-鳳山,2024-11-20,1029
00930,永豐ESG低碳高息,15,0,15,合庫-鳳山,2024-11-20,1029
00932,兆豐永續高息等權,15,0,15,合庫-鳳山,2024-11-20,1029
3032,偉訓,18,3,15,合庫-鳳山,2024-11-20,1029
8011,台通,15,0,15,合庫-鳳山,2024-11-20,1029
6244,茂迪,17,3,14,合庫-鳳山,2024-11-20,1029
2328,廣宇,16,3,13,合庫-鳳山,2024-11-20,1029
00915,凱基優選高股息30,12,0,12,合庫-鳳山,2024-11-20,1029
2105,正新,12,0,12,合庫-鳳山,2024-11-20,1029
6269,台郡,12,0,12,合庫-鳳山,2024-11-20,1029
2882,國泰金,12,0,12,合庫-鳳山,2024-11-20,1029
2344,華邦電,11,0,11,合庫-鳳山,2024-11-20,1029
8064,東捷,13,2,11,合庫-鳳山,2024-11-20,1029
2330,台積電,29,18,11,合庫-鳳山,2024-11-20,1029
00923,群益台ESG低碳50,10,0,10,合庫-鳳山,2024-11-20,1029
00643,群益深証中小,10,0,10,合庫-鳳山,2024-11-20,1029
00665L,富邦�琤肭磪囓�2,10,0,10,合庫-鳳山,2024-11-20,1029
1786,科妍,11,1,10,合庫-鳳山,2024-11-20,1029
1909,榮成,10,0,10,合庫-鳳山,2024-11-20,1029
9962,有益,10,0,10,合庫-鳳山,2024-11-20,1029
3593,力銘,9,0,9,合庫-鳳山,2024-11-20,1029
0056,元大高股息,9,1,8,合庫-鳳山,2024-11-20,1029
006208,富邦台50,8,0,8,合庫-鳳山,2024-11-20,1029
2331,精英,20,12,8,合庫-鳳山,2024-11-20,1029
2332,友訊,12,4,8,合庫-鳳山,2024-11-20,1029
3323,加百裕,14,6,8,合庫-鳳山,2024-11-20,1029
2911,麗嬰房,21,13,8,合庫-鳳山,2024-11-20,1029
00881,國泰台灣5G+,7,0,7,合庫-鳳山,2024-11-20,1029
00891,中信關鍵半導體,7,0,7,合庫-鳳山,2024-11-20,1029
2886,兆豐金,102,0,102,合庫-鳳山,2024-11-21,1029
00878,國泰永續高股息,78,2,76,合庫-鳳山,2024-11-21,1029
1569,濱川,66,14,52,合庫-鳳山,2024-11-21,1029
6770,力積電,89,52,37,合庫-鳳山,2024-11-21,1029
2303,聯電,35,8,27,合庫-鳳山,2024-11-21,1029
00959B,大華投等美債15Y+,25,0,25,合庫-鳳山,2024-11-21,1029
00930,永豐ESG低碳高息,22,0,22,合庫-鳳山,2024-11-21,1029
00929,復華台灣科技優息,59,37,22,合庫-鳳山,2024-11-21,1029
00919,群益台灣精選高息,21,1,20,合庫-鳳山,2024-11-21,1029
00715L,期街口布蘭特正2,20,0,20,合庫-鳳山,2024-11-21,1029
2204,中華,47,27,20,合庫-鳳山,2024-11-21,1029
0050,元大台灣50,18,0,18,合庫-鳳山,2024-11-21,1029
2330,台積電,16,0,16,合庫-鳳山,2024-11-21,1029
0056,元大高股息,16,1,15,合庫-鳳山,2024-11-21,1029
2354,鴻準,93,78,15,合庫-鳳山,2024-11-21,1029
3545,敦泰,16,2,14,合庫-鳳山,2024-11-21,1029
3625,西勝,21,7,14,合庫-鳳山,2024-11-21,1029
2317,鴻海,20,6,14,合庫-鳳山,2024-11-21,1029
006208,富邦台50,13,0,13,合庫-鳳山,2024-11-21,1029
00933B,國泰10Y+金融債,15,2,13,合庫-鳳山,2024-11-21,1029
2344,華邦電,15,2,13,合庫-鳳山,2024-11-21,1029
2363,矽統,33,20,13,合庫-鳳山,2024-11-21,1029
6282,康舒,13,1,12,合庫-鳳山,2024-11-21,1029
2409,友達,12,0,12,合庫-鳳山,2024-11-21,1029
00881,國泰台灣5G+,11,0,11,合庫-鳳山,2024-11-21,1029
2524,京城,11,0,11,合庫-鳳山,2024-11-21,1029
5227,立凱-KY,11,0,11,合庫-鳳山,2024-11-21,1029
00753L,中信中國50正2,10,0,10,合庫-鳳山,2024-11-21,1029
00932,兆豐永續高息等權,10,0,10,合庫-鳳山,2024-11-21,1029
1101,台泥,10,0,10,合庫-鳳山,2024-11-21,1029
4976,佳凌,10,0,10,合庫-鳳山,2024-11-21,1029
8104,錸寶,71,62,9,合庫-鳳山,2024-11-21,1029
8038,長園科,10,1,9,合庫-鳳山,2024-11-21,1029
3090,日電貿,8,0,8,合庫-鳳山,2024-11-21,1029
5347,世界,9,1,8,合庫-鳳山,2024-11-21,1029
2208,台船,7,0,7,合庫-鳳山,2024-11-21,1029
2406,國碩,9,2,7,合庫-鳳山,2024-11-21,1029
2482,連宇,7,0,7,合庫-鳳山,2024-11-21,1029
3017,奇鋐,9,2,7,合庫-鳳山,2024-11-21,1029
3044,健鼎,7,0,7,合庫-鳳山,2024-11-21,1029
3047,訊舟,7,0,7,合庫-鳳山,2024-11-21,1029
2882,國泰金,6,0,6,合庫-鳳山,2024-11-21,1029
2313,華通,11,5,6,合庫-鳳山,2024-11-21,1029
00940,元大台灣價值高息,10,4,6,合庫-鳳山,2024-11-21,1029
00960,野村全球航運龍頭,6,0,6,合庫-鳳山,2024-11-21,1029
2351,順德,6,0,6,合庫-鳳山,2024-11-21,1029
5880,合庫金,10,4,6,合庫-鳳山,2024-11-21,1029
1723,中碳,5,0,5,合庫-鳳山,2024-11-21,1029
2002,中鋼,13,8,5,合庫-鳳山,2024-11-21,1029
2431,聯昌,8,3,5,合庫-鳳山,2024-11-21,1029
00930,永豐ESG低碳高息,151,0,151,合庫-鳳山,2024-11-22,1029
4513,福裕,55,10,45,合庫-鳳山,2024-11-22,1029
3027,盛達,41,0,41,合庫-鳳山,2024-11-22,1029
00882,中信中國高股息,42,4,38,合庫-鳳山,2024-11-22,1029
2356,英業達,63,26,37,合庫-鳳山,2024-11-22,1029
00753L,中信中國50正2,34,3,31,合庫-鳳山,2024-11-22,1029
00959B,大華投等美債15Y+,30,0,30,合庫-鳳山,2024-11-22,1029
2542,興富發,34,5,29,合庫-鳳山,2024-11-22,1029
00878,國泰永續高股息,24,2,22,合庫-鳳山,2024-11-22,1029
00637L,元大滬深300正2,26,6,20,合庫-鳳山,2024-11-22,1029
3430,奇鈦科,20,0,20,合庫-鳳山,2024-11-22,1029
00937B,群益ESG投等債20,24,5,19,合庫-鳳山,2024-11-22,1029
6770,力積電,20,1,19,合庫-鳳山,2024-11-22,1029
8064,東捷,21,2,19,合庫-鳳山,2024-11-22,1029
2610,華航,70,53,17,合庫-鳳山,2024-11-22,1029
9921,巨大,15,0,15,合庫-鳳山,2024-11-22,1029
00632R,元大台灣50反1,90,76,14,合庫-鳳山,2024-11-22,1029
2324,仁寶,31,18,13,合庫-鳳山,2024-11-22,1029
3511,矽瑪,26,13,13,合庫-鳳山,2024-11-22,1029
6558,興能高,14,1,13,合庫-鳳山,2024-11-22,1029
8358,金居,11,0,11,合庫-鳳山,2024-11-22,1029
912000,晨訊科-DR,11,0,11,合庫-鳳山,2024-11-22,1029
1809,中釉,11,0,11,合庫-鳳山,2024-11-22,1029
00687B,國泰20年美債,12,2,10,合庫-鳳山,2024-11-22,1029
1316,上曜,10,0,10,合庫-鳳山,2024-11-22,1029
2002,中鋼,10,1,9,合庫-鳳山,2024-11-22,1029
3323,加百裕,100,91,9,合庫-鳳山,2024-11-22,1029
00960,野村全球航運龍頭,9,1,8,合庫-鳳山,2024-11-22,1029
2486,一詮,12,4,8,合庫-鳳山,2024-11-22,1029
6274,台燿,11,3,8,合庫-鳳山,2024-11-22,1029
8163,達方,23,15,8,合庫-鳳山,2024-11-22,1029
00919,群益台灣精選高息,10,3,7,合庫-鳳山,2024-11-22,1029
2465,麗臺,7,0,7,合庫-鳳山,2024-11-22,1029
6156,松上,7,0,7,合庫-鳳山,2024-11-22,1029
2867,三商壽,23,16,7,合庫-鳳山,2024-11-22,1029
2431,聯昌,8,2,6,合庫-鳳山,2024-11-22,1029
5434,崇越,6,0,6,合庫-鳳山,2024-11-22,1029
5880,合庫金,8,2,6,合庫-鳳山,2024-11-22,1029
6844,諾貝兒,6,0,6,合庫-鳳山,2024-11-22,1029
2615,萬海,12,7,5,合庫-鳳山,2024-11-22,1029
00941,中信上游半導體,6,1,5,合庫-鳳山,2024-11-22,1029
00770,國泰北美科技,5,0,5,合庫-鳳山,2024-11-22,1029
1301,台塑,5,0,5,合庫-鳳山,2024-11-22,1029
1304,台聚,5,0,5,合庫-鳳山,2024-11-22,1029
1616,億泰,5,0,5,合庫-鳳山,2024-11-22,1029
2208,台船,5,0,5,合庫-鳳山,2024-11-22,1029
2352,佳世達,5,0,5,合庫-鳳山,2024-11-22,1029
2399,映泰,5,0,5,合庫-鳳山,2024-11-22,1029
2845,遠東銀,5,0,5,合庫-鳳山,2024-11-22,1029
3484,崧騰,5,0,5,合庫-鳳山,2024-11-22,1029
9105,泰金寶-DR,234,73,161,合庫-鳳山,2024-11-25,1029
00687B,國泰20年美債,90,0,90,合庫-鳳山,2024-11-25,1029
00887,永豐中國科技50大,70,0,70,合庫-鳳山,2024-11-25,1029
00930,永豐ESG低碳高息,60,1,59,合庫-鳳山,2024-11-25,1029
00953B,群益優選非投等債,55,0,55,合庫-鳳山,2024-11-25,1029
6952,大武山,54,0,54,合庫-鳳山,2024-11-25,1029
00919,群益台灣精選高息,55,1,54,合庫-鳳山,2024-11-25,1029
00917,中信特選金融,50,0,50,合庫-鳳山,2024-11-25,1029
2601,益航,50,4,46,合庫-鳳山,2024-11-25,1029
3455,由田,37,0,37,合庫-鳳山,2024-11-25,1029
00959B,大華投等美債15Y+,31,0,31,合庫-鳳山,2024-11-25,1029
6164,華興,31,0,31,合庫-鳳山,2024-11-25,1029
00950B,凱基A級公司債,30,0,30,合庫-鳳山,2024-11-25,1029
2371,大同,29,3,26,合庫-鳳山,2024-11-25,1029
3481,群創,28,2,26,合庫-鳳山,2024-11-25,1029
1569,濱川,32,10,22,合庫-鳳山,2024-11-25,1029
00753L,中信中國50正2,21,0,21,合庫-鳳山,2024-11-25,1029
2392,正崴,92,71,21,合庫-鳳山,2024-11-25,1029
2888,新光金,23,2,21,合庫-鳳山,2024-11-25,1029
00637L,元大滬深300正2,74,54,20,合庫-鳳山,2024-11-25,1029
1432,大魯閣,20,0,20,合庫-鳳山,2024-11-25,1029
1815,富喬,30,13,17,合庫-鳳山,2024-11-25,1029
5243,乙盛-KY,29,12,17,合庫-鳳山,2024-11-25,1029
2603,長榮,18,1,17,合庫-鳳山,2024-11-25,1029
00882,中信中國高股息,16,0,16,合庫-鳳山,2024-11-25,1029
1802,台玻,28,12,16,合庫-鳳山,2024-11-25,1029
2834,臺企銀,15,0,15,合庫-鳳山,2024-11-25,1029
3712,永崴投控,31,16,15,合庫-鳳山,2024-11-25,1029
4552,力達-KY,14,0,14,合庫-鳳山,2024-11-25,1029
2880,華南金,14,2,12,合庫-鳳山,2024-11-25,1029
6147,頎邦,12,0,12,合庫-鳳山,2024-11-25,1029
2357,華碩,11,0,11,合庫-鳳山,2024-11-25,1029
00653L,富邦印度正2,11,0,11,合庫-鳳山,2024-11-25,1029
912000,晨訊科-DR,11,0,11,合庫-鳳山,2024-11-25,1029
2014,中鴻,10,0,10,合庫-鳳山,2024-11-25,1029
3027,盛達,10,0,10,合庫-鳳山,2024-11-25,1029
3380,明泰,25,15,10,合庫-鳳山,2024-11-25,1029
3390,旭軟,10,0,10,合庫-鳳山,2024-11-25,1029
6245,立端,10,0,10,合庫-鳳山,2024-11-25,1029
2382,廣達,14,4,10,合庫-鳳山,2024-11-25,1029
3625,西勝,9,0,9,合庫-鳳山,2024-11-25,1029
4303,信立,10,1,9,合庫-鳳山,2024-11-25,1029
8046,南電,9,0,9,合庫-鳳山,2024-11-25,1029
2615,萬海,14,5,9,合庫-鳳山,2024-11-25,1029
2312,金寶,74,65,9,合庫-鳳山,2024-11-25,1029
1524,耿鼎,10,2,8,合庫-鳳山,2024-11-25,1029
3702,大聯大,8,0,8,合庫-鳳山,2024-11-25,1029
6546,正基,8,0,8,合庫-鳳山,2024-11-25,1029
8027,鈦昇,25,17,8,合庫-鳳山,2024-11-25,1029
2344,華邦電,10,3,7,合庫-鳳山,2024-11-25,1029
00632R,元大台灣50反1,200,0,200,合庫-鳳山,2024-11-26,1029
00715L,期街口布蘭特正2,154,0,154,合庫-鳳山,2024-11-26,1029
9105,泰金寶-DR,108,25,83,合庫-鳳山,2024-11-26,1029
4956,光鋐,58,7,51,合庫-鳳山,2024-11-26,1029
2317,鴻海,51,4,47,合庫-鳳山,2024-11-26,1029
00673R,期元大S＆P原油反1,41,0,41,合庫-鳳山,2024-11-26,1029
00959B,大華投等美債15Y+,40,0,40,合庫-鳳山,2024-11-26,1029
2344,華邦電,41,2,39,合庫-鳳山,2024-11-26,1029
00680L,元大美債20正2,52,14,38,合庫-鳳山,2024-11-26,1029
2312,金寶,94,58,36,合庫-鳳山,2024-11-26,1029
2615,萬海,36,2,34,合庫-鳳山,2024-11-26,1029
00915,凱基優選高股息30,30,0,30,合庫-鳳山,2024-11-26,1029
2890,永豐金,27,0,27,合庫-鳳山,2024-11-26,1029
00934,中信成長高股息,25,0,25,合庫-鳳山,2024-11-26,1029
00943,兆豐電子高息等權,24,0,24,合庫-鳳山,2024-11-26,1029
5309,系統電,41,19,22,合庫-鳳山,2024-11-26,1029
3231,緯創,55,35,20,合庫-鳳山,2024-11-26,1029
6952,大武山,20,0,20,合庫-鳳山,2024-11-26,1029
5880,合庫金,25,6,19,合庫-鳳山,2024-11-26,1029
3706,神達,38,19,19,合庫-鳳山,2024-11-26,1029
2367,燿華,19,1,18,合庫-鳳山,2024-11-26,1029
5465,富驊,19,1,18,合庫-鳳山,2024-11-26,1029
006208,富邦台50,17,0,17,合庫-鳳山,2024-11-26,1029
00878,國泰永續高股息,21,6,15,合庫-鳳山,2024-11-26,1029
3062,建漢,15,0,15,合庫-鳳山,2024-11-26,1029
2883,凱基金,14,0,14,合庫-鳳山,2024-11-26,1029
6558,興能高,61,47,14,合庫-鳳山,2024-11-26,1029
00919,群益台灣精選高息,14,0,14,合庫-鳳山,2024-11-26,1029
00891,中信關鍵半導體,13,0,13,合庫-鳳山,2024-11-26,1029
6269,台郡,13,0,13,合庫-鳳山,2024-11-26,1029
6412,群電,13,0,13,合庫-鳳山,2024-11-26,1029
8033,雷虎,17,5,12,合庫-鳳山,2024-11-26,1029
2371,大同,13,0,13,合庫-鳳山,2024-11-26,1029
00887,永豐中國科技50大,11,0,11,合庫-鳳山,2024-11-26,1029
2887,台新金,11,0,11,合庫-鳳山,2024-11-26,1029
9904,寶成,14,3,11,合庫-鳳山,2024-11-26,1029
00675L,富邦臺灣加權正2,10,0,10,合庫-鳳山,2024-11-26,1029
00671R,富邦NASDAQ反1,10,0,10,合庫-鳳山,2024-11-26,1029
3693,營邦,10,0,10,合庫-鳳山,2024-11-26,1029
6125,廣運,16,6,10,合庫-鳳山,2024-11-26,1029
6456,GIS-KY,10,0,10,合庫-鳳山,2024-11-26,1029
8044,網家,17,7,10,合庫-鳳山,2024-11-26,1029
0056,元大高股息,11,1,10,合庫-鳳山,2024-11-26,1029
2408,南亞科,12,3,9,合庫-鳳山,2024-11-26,1029
2498,宏達電,9,0,9,合庫-鳳山,2024-11-26,1029
6134,萬旭,16,7,9,合庫-鳳山,2024-11-26,1029
2330,台積電,30,21,9,合庫-鳳山,2024-11-26,1029
00653L,富邦印度正2,9,1,8,合庫-鳳山,2024-11-26,1029
00930,永豐ESG低碳高息,8,0,8,合庫-鳳山,2024-11-26,1029
00946,群益科技高息成長,8,0,8,合庫-鳳山,2024-11-26,1029
2884,玉山金,376,4,372,合庫-鳳山,2024-11-27,1029
00878,國泰永續高股息,218,0,218,合庫-鳳山,2024-11-27,1029
00919,群益台灣精選高息,195,22,173,合庫-鳳山,2024-11-27,1029
00953B,群益優選非投等債,100,0,100,合庫-鳳山,2024-11-27,1029
3231,緯創,244,144,100,合庫-鳳山,2024-11-27,1029
2303,聯電,54,2,52,合庫-鳳山,2024-11-27,1029
00918,大華優利高填息30,46,0,46,合庫-鳳山,2024-11-27,1029
0056,元大高股息,67,22,45,合庫-鳳山,2024-11-27,1029
2609,陽明,82,44,38,合庫-鳳山,2024-11-27,1029
00905,FT臺灣Smart,37,1,36,合庫-鳳山,2024-11-27,1029
2344,華邦電,31,1,30,合庫-鳳山,2024-11-27,1029
4562,穎漢,100,72,28,合庫-鳳山,2024-11-27,1029
6770,力積電,29,2,27,合庫-鳳山,2024-11-27,1029
2392,正崴,49,25,24,合庫-鳳山,2024-11-27,1029
2354,鴻準,27,3,24,合庫-鳳山,2024-11-27,1029
00915,凱基優選高股息30,24,0,24,合庫-鳳山,2024-11-27,1029
2888,新光金,23,0,23,合庫-鳳山,2024-11-27,1029
2603,長榮,46,23,23,合庫-鳳山,2024-11-27,1029
2382,廣達,25,2,23,合庫-鳳山,2024-11-27,1029
1808,潤隆,21,0,21,合庫-鳳山,2024-11-27,1029
00940,元大台灣價值高息,22,2,20,合庫-鳳山,2024-11-27,1029
4113,聯上,20,0,20,合庫-鳳山,2024-11-27,1029
2891,中信金,19,0,19,合庫-鳳山,2024-11-27,1029
2330,台積電,19,1,18,合庫-鳳山,2024-11-27,1029
00891,中信關鍵半導體,18,0,18,合庫-鳳山,2024-11-27,1029
2363,矽統,37,20,17,合庫-鳳山,2024-11-27,1029
2615,萬海,62,45,17,合庫-鳳山,2024-11-27,1029
2002,中鋼,26,10,16,合庫-鳳山,2024-11-27,1029
1524,耿鼎,16,0,16,合庫-鳳山,2024-11-27,1029
2349,錸德,22,6,16,合庫-鳳山,2024-11-27,1029
6114,久威,15,0,15,合庫-鳳山,2024-11-27,1029
1815,富喬,29,15,14,合庫-鳳山,2024-11-27,1029
00929,復華台灣科技優息,84,70,14,合庫-鳳山,2024-11-27,1029
006208,富邦台50,15,1,14,合庫-鳳山,2024-11-27,1029
2881,富邦金,13,0,13,合庫-鳳山,2024-11-27,1029
0050,元大台灣50,14,1,13,合庫-鳳山,2024-11-27,1029
8163,達方,17,5,12,合庫-鳳山,2024-11-27,1029
3323,加百裕,157,145,12,合庫-鳳山,2024-11-27,1029
00946,群益科技高息成長,12,0,12,合庫-鳳山,2024-11-27,1029
00922,國泰台灣領袖50,13,2,11,合庫-鳳山,2024-11-27,1029
3706,神達,68,57,11,合庫-鳳山,2024-11-27,1029
1785,光洋科,11,0,11,合庫-鳳山,2024-11-27,1029
1609,大亞,10,0,10,合庫-鳳山,2024-11-27,1029
2360,致茂,10,0,10,合庫-鳳山,2024-11-27,1029
2736,富野,11,1,10,合庫-鳳山,2024-11-27,1029
00930,永豐ESG低碳高息,11,1,10,合庫-鳳山,2024-11-27,1029
3037,欣興,25,15,10,合庫-鳳山,2024-11-27,1029
00679B,元大美債20年,50,41,9,合庫-鳳山,2024-11-27,1029
00687B,國泰20年美債,12,3,9,合庫-鳳山,2024-11-27,1029
2911,麗嬰房,11,2,9,合庫-鳳山,2024-11-27,1029
00878,國泰永續高股息,140,0,140,合庫-鳳山,2024-11-28,1029
00922,國泰台灣領袖50,111,0,111,合庫-鳳山,2024-11-28,1029
0056,元大高股息,89,2,87,合庫-鳳山,2024-11-28,1029
2312,金寶,141,58,83,合庫-鳳山,2024-11-28,1029
00929,復華台灣科技優息,88,20,68,合庫-鳳山,2024-11-28,1029
00919,群益台灣精選高息,85,28,57,合庫-鳳山,2024-11-28,1029
6952,大武山,40,0,40,合庫-鳳山,2024-11-28,1029
00632R,元大台灣50反1,90,55,35,合庫-鳳山,2024-11-28,1029
3481,群創,35,0,35,合庫-鳳山,2024-11-28,1029
00915,凱基優選高股息30,35,1,34,合庫-鳳山,2024-11-28,1029
00960,野村全球航運龍頭,28,0,28,合庫-鳳山,2024-11-28,1029
2834,臺企銀,31,3,28,合庫-鳳山,2024-11-28,1029
3043,科風,28,2,26,合庫-鳳山,2024-11-28,1029
00715L,期街口布蘭特正2,25,0,25,合庫-鳳山,2024-11-28,1029
2408,南亞科,53,28,25,合庫-鳳山,2024-11-28,1029
3591,艾笛森,22,0,22,合庫-鳳山,2024-11-28,1029
4510,高鋒,49,28,21,合庫-鳳山,2024-11-28,1029
00687B,國泰20年美債,30,10,20,合庫-鳳山,2024-11-28,1029
2542,興富發,20,0,20,合庫-鳳山,2024-11-28,1029
00891,中信關鍵半導體,19,0,19,合庫-鳳山,2024-11-28,1029
2888,新光金,20,2,18,合庫-鳳山,2024-11-28,1029
3016,嘉晶,18,0,18,合庫-鳳山,2024-11-28,1029
2303,聯電,35,17,18,合庫-鳳山,2024-11-28,1029
00918,大華優利高填息30,15,0,15,合庫-鳳山,2024-11-28,1029
911868,同方友友-DR,15,1,14,合庫-鳳山,2024-11-28,1029
00881,國泰台灣5G+,12,0,12,合庫-鳳山,2024-11-28,1029
6770,力積電,101,89,12,合庫-鳳山,2024-11-28,1029
2354,鴻準,56,44,12,合庫-鳳山,2024-11-28,1029
00713,元大台灣高息低波,12,0,12,合庫-鳳山,2024-11-28,1029
0050,元大台灣50,13,2,11,合庫-鳳山,2024-11-28,1029
00675L,富邦臺灣加權正2,11,0,11,合庫-鳳山,2024-11-28,1029
2867,三商壽,11,0,11,合庫-鳳山,2024-11-28,1029
6283,淳安,11,0,11,合庫-鳳山,2024-11-28,1029
2204,中華,12,1,11,合庫-鳳山,2024-11-28,1029
2070,精湛,40,30,10,合庫-鳳山,2024-11-28,1029
1809,中釉,20,10,10,合庫-鳳山,2024-11-28,1029
2062,橋椿,10,0,10,合庫-鳳山,2024-11-28,1029
2535,達欣工,10,0,10,合庫-鳳山,2024-11-28,1029
4562,穎漢,10,0,10,合庫-鳳山,2024-11-28,1029
5309,系統電,35,25,10,合庫-鳳山,2024-11-28,1029
8996,高力,12,2,10,合庫-鳳山,2024-11-28,1029
1605,華新,9,0,9,合庫-鳳山,2024-11-28,1029
1319,東陽,10,2,8,合庫-鳳山,2024-11-28,1029
2349,錸德,7,0,7,合庫-鳳山,2024-11-28,1029
1101,台泥,7,0,7,合庫-鳳山,2024-11-28,1029
2476,鉅祥,9,2,7,合庫-鳳山,2024-11-28,1029
3693,營邦,7,0,7,合庫-鳳山,2024-11-28,1029
8240,華宏,11,4,7,合庫-鳳山,2024-11-28,1029
2330,台積電,18,11,7,合庫-鳳山,2024-11-28,1029
1301,台塑,13,7,6,合庫-鳳山,2024-11-28,1029
2888,新光金,133,0,133,合庫-鳳山,2024-11-29,1029
5880,合庫金,136,11,125,合庫-鳳山,2024-11-29,1029
00715L,期街口布蘭特正2,95,3,92,合庫-鳳山,2024-11-29,1029
2613,中櫃,91,2,89,合庫-鳳山,2024-11-29,1029
1815,富喬,89,27,62,合庫-鳳山,2024-11-29,1029
6505,台塑化,57,0,57,合庫-鳳山,2024-11-29,1029
00953B,群益優選非投等債,50,0,50,合庫-鳳山,2024-11-29,1029
00878,國泰永續高股息,58,15,43,合庫-鳳山,2024-11-29,1029
00919,群益台灣精選高息,37,0,37,合庫-鳳山,2024-11-29,1029
00950B,凱基A級公司債,32,0,32,合庫-鳳山,2024-11-29,1029
2002,中鋼,28,0,28,合庫-鳳山,2024-11-29,1029
9105,泰金寶-DR,38,10,28,合庫-鳳山,2024-11-29,1029
00680L,元大美債20正2,30,8,22,合庫-鳳山,2024-11-29,1029
00940,元大台灣價值高息,25,3,22,合庫-鳳山,2024-11-29,1029
2887,台新金,21,0,21,合庫-鳳山,2024-11-29,1029
1101,台泥,20,0,20,合庫-鳳山,2024-11-29,1029
2032,新鋼,18,0,18,合庫-鳳山,2024-11-29,1029
6182,合晶,21,3,18,合庫-鳳山,2024-11-29,1029
0056,元大高股息,21,4,17,合庫-鳳山,2024-11-29,1029
00915,凱基優選高股息30,17,0,17,合庫-鳳山,2024-11-29,1029
3090,日電貿,32,16,16,合庫-鳳山,2024-11-29,1029
2535,達欣工,15,0,15,合庫-鳳山,2024-11-29,1029
2303,聯電,25,12,13,合庫-鳳山,2024-11-29,1029
2317,鴻海,15,3,12,合庫-鳳山,2024-11-29,1029
1301,台塑,12,0,12,合庫-鳳山,2024-11-29,1029
00960,野村全球航運龍頭,11,0,11,合庫-鳳山,2024-11-29,1029
2406,國碩,11,0,11,合庫-鳳山,2024-11-29,1029
2342,茂矽,10,0,10,合庫-鳳山,2024-11-29,1029
2883,凱基金,10,0,10,合庫-鳳山,2024-11-29,1029
2891,中信金,14,4,10,合庫-鳳山,2024-11-29,1029
6770,力積電,10,0,10,合庫-鳳山,2024-11-29,1029
8171,天宇,55,45,10,合庫-鳳山,2024-11-29,1029
2603,長榮,11,2,9,合庫-鳳山,2024-11-29,1029
6530,創威,19,10,9,合庫-鳳山,2024-11-29,1029
2204,中華,13,5,8,合庫-鳳山,2024-11-29,1029
2330,台積電,30,22,8,合庫-鳳山,2024-11-29,1029
8104,錸寶,12,4,8,合庫-鳳山,2024-11-29,1029
00932,兆豐永續高息等權,8,0,8,合庫-鳳山,2024-11-29,1029
1605,華新,9,1,8,合庫-鳳山,2024-11-29,1029
00943,兆豐電子高息等權,9,1,8,合庫-鳳山,2024-11-29,1029
0050,元大台灣50,9,2,7,合庫-鳳山,2024-11-29,1029
3481,群創,10,3,7,合庫-鳳山,2024-11-29,1029
2392,正崴,14,7,7,合庫-鳳山,2024-11-29,1029
2070,精湛,32,25,7,合庫-鳳山,2024-11-29,1029
2801,彰銀,7,0,7,合庫-鳳山,2024-11-29,1029
3013,晟銘電,16,9,7,合庫-鳳山,2024-11-29,1029
3323,加百裕,38,31,7,合庫-鳳山,2024-11-29,1029
6120,達運,7,0,7,合庫-鳳山,2024-11-29,1029
00946,群益科技高息成長,6,0,6,合庫-鳳山,2024-11-29,1029
1591,駿吉-KY,6,0,6,合庫-鳳山,2024-11-29,1029
5315,光聯,70,0,70,合庫-鳳山,2024-12-02,1029
2613,中櫃,61,0,61,合庫-鳳山,2024-12-02,1029
00715L,期街口布蘭特正2,64,5,59,合庫-鳳山,2024-12-02,1029
00922,國泰台灣領袖50,47,5,42,合庫-鳳山,2024-12-02,1029
2495,普安,43,1,42,合庫-鳳山,2024-12-02,1029
5309,系統電,60,18,42,合庫-鳳山,2024-12-02,1029
00680L,元大美債20正2,38,4,34,合庫-鳳山,2024-12-02,1029
00646,元大S＆P500,25,0,25,合庫-鳳山,2024-12-02,1029
1905,華紙,25,0,25,合庫-鳳山,2024-12-02,1029
1609,大亞,23,0,23,合庫-鳳山,2024-12-02,1029
2312,金寶,38,15,23,合庫-鳳山,2024-12-02,1029
2356,英業達,46,23,23,合庫-鳳山,2024-12-02,1029
3290,東浦,23,0,23,合庫-鳳山,2024-12-02,1029
1815,富喬,30,8,22,合庫-鳳山,2024-12-02,1029
5880,合庫金,23,2,21,合庫-鳳山,2024-12-02,1029
2317,鴻海,28,7,21,合庫-鳳山,2024-12-02,1029
0056,元大高股息,21,1,20,合庫-鳳山,2024-12-02,1029
6838,台新藥,20,0,20,合庫-鳳山,2024-12-02,1029
00878,國泰永續高股息,33,14,19,合庫-鳳山,2024-12-02,1029
1314,中石化,18,0,18,合庫-鳳山,2024-12-02,1029
1524,耿鼎,18,1,17,合庫-鳳山,2024-12-02,1029
2426,鼎元,19,2,17,合庫-鳳山,2024-12-02,1029
6121,新普,17,0,17,合庫-鳳山,2024-12-02,1029
4123,晟德,17,1,16,合庫-鳳山,2024-12-02,1029
1532,勤美,15,0,15,合庫-鳳山,2024-12-02,1029
2002,中鋼,14,0,14,合庫-鳳山,2024-12-02,1029
5244,弘凱,34,21,13,合庫-鳳山,2024-12-02,1029
5465,富驊,13,0,13,合庫-鳳山,2024-12-02,1029
6770,力積電,63,50,13,合庫-鳳山,2024-12-02,1029
00637L,元大滬深300正2,14,2,12,合庫-鳳山,2024-12-02,1029
8033,雷虎,16,4,12,合庫-鳳山,2024-12-02,1029
1522,堤維西,12,1,11,合庫-鳳山,2024-12-02,1029
1605,華新,11,0,11,合庫-鳳山,2024-12-02,1029
3338,泰碩,12,1,11,合庫-鳳山,2024-12-02,1029
2606,裕民,10,0,10,合庫-鳳山,2024-12-02,1029
3025,星通,10,0,10,合庫-鳳山,2024-12-02,1029
2349,錸德,8,0,8,合庫-鳳山,2024-12-02,1029
3481,群創,10,2,8,合庫-鳳山,2024-12-02,1029
00882,中信中國高股息,8,0,8,合庫-鳳山,2024-12-02,1029
1591,駿吉-KY,8,0,8,合庫-鳳山,2024-12-02,1029
3032,偉訓,8,0,8,合庫-鳳山,2024-12-02,1029
3673,TPK-KY,8,0,8,合庫-鳳山,2024-12-02,1029
4564,元翎,8,0,8,合庫-鳳山,2024-12-02,1029
4958,臻鼎-KY,15,7,8,合庫-鳳山,2024-12-02,1029
8104,錸寶,12,4,8,合庫-鳳山,2024-12-02,1029
2354,鴻準,27,20,7,合庫-鳳山,2024-12-02,1029
3024,憶聲,7,0,7,合庫-鳳山,2024-12-02,1029
3450,聯鈞,30,23,7,合庫-鳳山,2024-12-02,1029
6505,台塑化,11,4,7,合庫-鳳山,2024-12-02,1029
2301,光寶科,7,1,6,合庫-鳳山,2024-12-02,1029
00632R,元大台灣50反1,535,100,435,合庫-鳳山,2024-12-03,1029
00919,群益台灣精選高息,422,13,409,合庫-鳳山,2024-12-03,1029
00878,國泰永續高股息,297,13,284,合庫-鳳山,2024-12-03,1029
00918,大華優利高填息30,241,3,238,合庫-鳳山,2024-12-03,1029
00715L,期街口布蘭特正2,130,0,130,合庫-鳳山,2024-12-03,1029
00953B,群益優選非投等債,100,0,100,合庫-鳳山,2024-12-03,1029
2317,鴻海,53,1,52,合庫-鳳山,2024-12-03,1029
00963,中信全球高股息,45,0,45,合庫-鳳山,2024-12-03,1029
00945B,凱基美國非投等債,43,0,43,合庫-鳳山,2024-12-03,1029
00915,凱基優選高股息30,40,0,40,合庫-鳳山,2024-12-03,1029
00680L,元大美債20正2,40,1,39,合庫-鳳山,2024-12-03,1029
2002,中鋼,40,3,37,合庫-鳳山,2024-12-03,1029
2303,聯電,50,16,34,合庫-鳳山,2024-12-03,1029
00959B,大華投等美債15Y+,31,0,31,合庫-鳳山,2024-12-03,1029
2634,漢翔,32,2,30,合庫-鳳山,2024-12-03,1029
1789,神隆,24,0,24,合庫-鳳山,2024-12-03,1029
6127,九豪,20,0,20,合庫-鳳山,2024-12-03,1029
3037,欣興,23,5,18,合庫-鳳山,2024-12-03,1029
1795,美時,17,0,17,合庫-鳳山,2024-12-03,1029
2344,華邦電,28,12,16,合庫-鳳山,2024-12-03,1029
00894,中信小資高價30,15,0,15,合庫-鳳山,2024-12-03,1029
00753L,中信中國50正2,15,0,15,合庫-鳳山,2024-12-03,1029
0056,元大高股息,19,4,15,合庫-鳳山,2024-12-03,1029
00950B,凱基A級公司債,14,0,14,合庫-鳳山,2024-12-03,1029
5439,高技,19,6,13,合庫-鳳山,2024-12-03,1029
1605,華新,13,0,13,合庫-鳳山,2024-12-03,1029
4991,環宇-KY,14,2,12,合庫-鳳山,2024-12-03,1029
4303,信立,64,53,11,合庫-鳳山,2024-12-03,1029
5371,中光電,19,9,10,合庫-鳳山,2024-12-03,1029
1532,勤美,10,0,10,合庫-鳳山,2024-12-03,1029
2375,凱美,18,8,10,合庫-鳳山,2024-12-03,1029
2408,南亞科,22,12,10,合庫-鳳山,2024-12-03,1029
3276,宇環,10,0,10,合庫-鳳山,2024-12-03,1029
3290,東浦,10,0,10,合庫-鳳山,2024-12-03,1029
6606,建德工業,10,0,10,合庫-鳳山,2024-12-03,1029
8033,雷虎,15,6,9,合庫-鳳山,2024-12-03,1029
2419,仲琦,16,7,9,合庫-鳳山,2024-12-03,1029
2535,達欣工,9,0,9,合庫-鳳山,2024-12-03,1029
3060,銘異,9,0,9,合庫-鳳山,2024-12-03,1029
3338,泰碩,11,2,9,合庫-鳳山,2024-12-03,1029
00637L,元大滬深300正2,12,4,8,合庫-鳳山,2024-12-03,1029
6121,新普,8,0,8,合庫-鳳山,2024-12-03,1029
2444,兆勁,7,0,7,合庫-鳳山,2024-12-03,1029
006208,富邦台50,7,1,6,合庫-鳳山,2024-12-03,1029
2312,金寶,31,25,6,合庫-鳳山,2024-12-03,1029
5469,瀚宇博,6,0,6,合庫-鳳山,2024-12-03,1029
8299,群聯,6,0,6,合庫-鳳山,2024-12-03,1029
00940,元大台灣價值高息,7,2,5,合庫-鳳山,2024-12-03,1029
9938,百和,5,0,5,合庫-鳳山,2024-12-03,1029
1316,上曜,5,0,5,合庫-鳳山,2024-12-03,1029
00687B,國泰20年美債,145,16,129,合庫-鳳山,2024-12-04,1029
00918,大華優利高填息30,63,0,63,合庫-鳳山,2024-12-04,1029
00919,群益台灣精選高息,65,5,60,合庫-鳳山,2024-12-04,1029
2883,凱基金,50,0,50,合庫-鳳山,2024-12-04,1029
2405,輔信,37,1,36,合庫-鳳山,2024-12-04,1029
6505,台塑化,38,2,36,合庫-鳳山,2024-12-04,1029
00937B,群益ESG投等債20,105,72,33,合庫-鳳山,2024-12-04,1029
5880,合庫金,34,3,31,合庫-鳳山,2024-12-04,1029
2349,錸德,31,3,28,合庫-鳳山,2024-12-04,1029
9105,泰金寶-DR,54,27,27,合庫-鳳山,2024-12-04,1029
00953B,群益優選非投等債,25,0,25,合庫-鳳山,2024-12-04,1029
2303,聯電,23,0,23,合庫-鳳山,2024-12-04,1029
2542,興富發,20,2,18,合庫-鳳山,2024-12-04,1029
2486,一詮,23,6,17,合庫-鳳山,2024-12-04,1029
6530,創威,44,27,17,合庫-鳳山,2024-12-04,1029
2301,光寶科,15,0,15,合庫-鳳山,2024-12-04,1029
00945B,凱基美國非投等債,15,0,15,合庫-鳳山,2024-12-04,1029
2891,中信金,15,0,15,合庫-鳳山,2024-12-04,1029
4303,信立,27,13,14,合庫-鳳山,2024-12-04,1029
00948B,中信優息投資級債,12,0,12,合庫-鳳山,2024-12-04,1029
00893,國泰智能電動車,11,0,11,合庫-鳳山,2024-12-04,1029
00940,元大台灣價值高息,30,19,11,合庫-鳳山,2024-12-04,1029
1449,佳和,11,0,11,合庫-鳳山,2024-12-04,1029
2472,立隆電,20,9,11,合庫-鳳山,2024-12-04,1029
2887,台新金,11,0,11,合庫-鳳山,2024-12-04,1029
00688L,國泰20年美債正2,10,0,10,合庫-鳳山,2024-12-04,1029
1101,台泥,10,0,10,合庫-鳳山,2024-12-04,1029
1909,榮成,10,0,10,合庫-鳳山,2024-12-04,1029
2344,華邦電,62,52,10,合庫-鳳山,2024-12-04,1029
2880,華南金,10,0,10,合庫-鳳山,2024-12-04,1029
3025,星通,15,5,10,合庫-鳳山,2024-12-04,1029
3537,堡達,11,1,10,合庫-鳳山,2024-12-04,1029
3706,神達,56,46,10,合庫-鳳山,2024-12-04,1029
4142,國光生,10,0,10,合庫-鳳山,2024-12-04,1029
6770,力積電,65,55,10,合庫-鳳山,2024-12-04,1029
3338,泰碩,13,4,9,合庫-鳳山,2024-12-04,1029
6558,興能高,20,11,9,合庫-鳳山,2024-12-04,1029
911868,同方友友-DR,9,0,9,合庫-鳳山,2024-12-04,1029
2324,仁寶,12,4,8,合庫-鳳山,2024-12-04,1029
2457,飛宏,8,0,8,合庫-鳳山,2024-12-04,1029
3078,僑威,8,0,8,合庫-鳳山,2024-12-04,1029
00959B,大華投等美債15Y+,10,3,7,合庫-鳳山,2024-12-04,1029
2062,橋椿,11,4,7,合庫-鳳山,2024-12-04,1029
3694,海華,8,1,7,合庫-鳳山,2024-12-04,1029
00907,永豐優息存股,6,0,6,合庫-鳳山,2024-12-04,1029
0056,元大高股息,11,5,6,合庫-鳳山,2024-12-04,1029
00650L,復華香港正2,6,0,6,合庫-鳳山,2024-12-04,1029
2449,京元電子,6,0,6,合庫-鳳山,2024-12-04,1029
3013,晟銘電,10,4,6,合庫-鳳山,2024-12-04,1029
3702,大聯大,8,2,6,合庫-鳳山,2024-12-04,1029
00715L,期街口布蘭特正2,179,0,179,合庫-鳳山,2024-12-05,1029
6505,台塑化,115,0,115,合庫-鳳山,2024-12-05,1029
2317,鴻海,105,1,104,合庫-鳳山,2024-12-05,1029
00919,群益台灣精選高息,66,6,60,合庫-鳳山,2024-12-05,1029
6658,聯策,40,0,40,合庫-鳳山,2024-12-05,1029
3062,建漢,38,7,31,合庫-鳳山,2024-12-05,1029
2812,台中銀,30,0,30,合庫-鳳山,2024-12-05,1029
2542,興富發,25,0,25,合庫-鳳山,2024-12-05,1029
3003,健和興,30,5,25,合庫-鳳山,2024-12-05,1029
0056,元大高股息,29,5,24,合庫-鳳山,2024-12-05,1029
2392,正崴,43,21,22,合庫-鳳山,2024-12-05,1029
3015,全漢,31,9,22,合庫-鳳山,2024-12-05,1029
00945B,凱基美國非投等債,22,0,22,合庫-鳳山,2024-12-05,1029
00905,FT臺灣Smart,20,0,20,合庫-鳳山,2024-12-05,1029
2405,輔信,20,0,20,合庫-鳳山,2024-12-05,1029
2312,金寶,26,7,19,合庫-鳳山,2024-12-05,1029
3323,加百裕,35,17,18,合庫-鳳山,2024-12-05,1029
4161,聿新科,16,0,16,合庫-鳳山,2024-12-05,1029
4303,信立,31,15,16,合庫-鳳山,2024-12-05,1029
00918,大華優利高填息30,15,0,15,合庫-鳳山,2024-12-05,1029
1447,力鵬,15,0,15,合庫-鳳山,2024-12-05,1029
5309,系統電,38,23,15,合庫-鳳山,2024-12-05,1029
2344,華邦電,14,1,13,合庫-鳳山,2024-12-05,1029
2408,南亞科,14,1,13,合庫-鳳山,2024-12-05,1029
4931,新盛力,49,36,13,合庫-鳳山,2024-12-05,1029
5475,德宏,13,0,13,合庫-鳳山,2024-12-05,1029
2303,聯電,22,10,12,合庫-鳳山,2024-12-05,1029
2371,大同,55,44,11,合庫-鳳山,2024-12-05,1029
2609,陽明,16,5,11,合庫-鳳山,2024-12-05,1029
3021,鴻名,13,2,11,合庫-鳳山,2024-12-05,1029
3163,波若威,22,11,11,合庫-鳳山,2024-12-05,1029
3625,西勝,15,4,11,合庫-鳳山,2024-12-05,1029
00963,中信全球高股息,10,0,10,合庫-鳳山,2024-12-05,1029
2891,中信金,14,4,10,合庫-鳳山,2024-12-05,1029
3036,文曄,10,0,10,合庫-鳳山,2024-12-05,1029
3257,虹冠電,10,0,10,合庫-鳳山,2024-12-05,1029
6226,光鼎,10,0,10,合庫-鳳山,2024-12-05,1029
6914,阜爾運通,10,0,10,合庫-鳳山,2024-12-05,1029
8021,尖點,10,0,10,合庫-鳳山,2024-12-05,1029
00757,統一FANG+,10,0,10,合庫-鳳山,2024-12-05,1029
00964,中信亞太高股息,9,0,9,合庫-鳳山,2024-12-05,1029
2331,精英,9,0,9,合庫-鳳山,2024-12-05,1029
3019,亞光,10,1,9,合庫-鳳山,2024-12-05,1029
3481,群創,9,0,9,合庫-鳳山,2024-12-05,1029
3231,緯創,16,7,9,合庫-鳳山,2024-12-05,1029
2002,中鋼,9,1,8,合庫-鳳山,2024-12-05,1029
2615,萬海,8,0,8,合庫-鳳山,2024-12-05,1029
6130,上亞科技,8,0,8,合庫-鳳山,2024-12-05,1029
6173,信昌電,8,0,8,合庫-鳳山,2024-12-05,1029
3450,聯鈞,21,13,8,合庫-鳳山,2024-12-05,1029
00715L,期街口布蘭特正2,334,1,333,合庫-鳳山,2024-12-06,1029
1815,富喬,112,23,89,合庫-鳳山,2024-12-06,1029
00919,群益台灣精選高息,66,10,56,合庫-鳳山,2024-12-06,1029
00945B,凱基美國非投等債,56,0,56,合庫-鳳山,2024-12-06,1029
6763,綠界科技*,58,5,53,合庫-鳳山,2024-12-06,1029
00638R,元大滬深300反1,50,4,46,合庫-鳳山,2024-12-06,1029
6548,長科*,31,0,31,合庫-鳳山,2024-12-06,1029
9105,泰金寶-DR,41,15,26,合庫-鳳山,2024-12-06,1029
00926,凱基全球菁英55,20,0,20,合庫-鳳山,2024-12-06,1029
00952,凱基台灣AI50,20,0,20,合庫-鳳山,2024-12-06,1029
00961,FT臺灣永續高息,20,0,20,合庫-鳳山,2024-12-06,1029
3317,尼克森,31,11,20,合庫-鳳山,2024-12-06,1029
2405,輔信,32,15,17,合庫-鳳山,2024-12-06,1029
4919,新唐,42,26,16,合庫-鳳山,2024-12-06,1029
2031,新光鋼,14,0,14,合庫-鳳山,2024-12-06,1029
3062,建漢,14,0,14,合庫-鳳山,2024-12-06,1029
5244,弘凱,58,44,14,合庫-鳳山,2024-12-06,1029
6719,力智,14,0,14,合庫-鳳山,2024-12-06,1029
2886,兆豐金,14,1,13,合庫-鳳山,2024-12-06,1029
3015,全漢,17,4,13,合庫-鳳山,2024-12-06,1029
00687B,國泰20年美債,15,2,13,合庫-鳳山,2024-12-06,1029
3290,東浦,14,1,13,合庫-鳳山,2024-12-06,1029
00948B,中信優息投資級債,12,0,12,合庫-鳳山,2024-12-06,1029
2371,大同,23,11,12,合庫-鳳山,2024-12-06,1029
8028,昇陽半導體,12,0,12,合庫-鳳山,2024-12-06,1029
4743,合一,17,6,11,合庫-鳳山,2024-12-06,1029
2382,廣達,12,1,11,合庫-鳳山,2024-12-06,1029
00918,大華優利高填息30,12,1,11,合庫-鳳山,2024-12-06,1029
2535,達欣工,11,0,11,合庫-鳳山,2024-12-06,1029
5871,中租-KY,11,0,11,合庫-鳳山,2024-12-06,1029
00953B,群益優選非投等債,10,0,10,合庫-鳳山,2024-12-06,1029
1301,台塑,16,6,10,合庫-鳳山,2024-12-06,1029
1597,直得,10,0,10,合庫-鳳山,2024-12-06,1029
3450,聯鈞,36,26,10,合庫-鳳山,2024-12-06,1029
3706,神達,66,56,10,合庫-鳳山,2024-12-06,1029
4128,中天,10,0,10,合庫-鳳山,2024-12-06,1029
4952,凌通,10,0,10,合庫-鳳山,2024-12-06,1029
2354,鴻準,81,72,9,合庫-鳳山,2024-12-06,1029
00915,凱基優選高股息30,9,0,9,合庫-鳳山,2024-12-06,1029
00962,台新AI優息動能,19,10,9,合庫-鳳山,2024-12-06,1029
2890,永豐金,11,2,9,合庫-鳳山,2024-12-06,1029
3152,璟德,10,1,9,合庫-鳳山,2024-12-06,1029
8111,立��,11,2,9,合庫-鳳山,2024-12-06,1029
3202,樺晟,8,0,8,合庫-鳳山,2024-12-06,1029
00881,國泰台灣5G+,10,3,7,合庫-鳳山,2024-12-06,1029
1303,南亞,7,0,7,合庫-鳳山,2024-12-06,1029
8011,台通,7,0,7,合庫-鳳山,2024-12-06,1029
4909,新復興,7,1,6,合庫-鳳山,2024-12-06,1029
8069,元太,6,0,6,合庫-鳳山,2024-12-06,1029
2204,中華,9,3,6,合庫-鳳山,2024-12-06,1029
00715L,期街口布蘭特正2,528,0,528,合庫-鳳山,2024-12-09,1029
00965,元大航太防衛科技,103,0,103,合庫-鳳山,2024-12-09,1029
00650L,復華香港正2,70,0,70,合庫-鳳山,2024-12-09,1029
00953B,群益優選非投等債,166,100,66,合庫-鳳山,2024-12-09,1029
00919,群益台灣精選高息,64,5,59,合庫-鳳山,2024-12-09,1029
5880,合庫金,55,1,54,合庫-鳳山,2024-12-09,1029
2801,彰銀,55,3,52,合庫-鳳山,2024-12-09,1029
1591,駿吉-KY,46,2,44,合庫-鳳山,2024-12-09,1029
2399,映泰,82,40,42,合庫-鳳山,2024-12-09,1029
0056,元大高股息,35,1,34,合庫-鳳山,2024-12-09,1029
00918,大華優利高填息30,34,0,34,合庫-鳳山,2024-12-09,1029
3706,神達,83,53,30,合庫-鳳山,2024-12-09,1029
1471,首利,30,1,29,合庫-鳳山,2024-12-09,1029
2317,鴻海,29,0,29,合庫-鳳山,2024-12-09,1029
00915,凱基優選高股息30,25,0,25,合庫-鳳山,2024-12-09,1029
6695,芯鼎,29,6,23,合庫-鳳山,2024-12-09,1029
3003,健和興,22,0,22,合庫-鳳山,2024-12-09,1029
2002,中鋼,26,4,22,合庫-鳳山,2024-12-09,1029
2613,中櫃,21,1,20,合庫-鳳山,2024-12-09,1029
00922,國泰台灣領袖50,20,0,20,合庫-鳳山,2024-12-09,1029
2344,華邦電,20,0,20,合庫-鳳山,2024-12-09,1029
6538,倉和,20,0,20,合庫-鳳山,2024-12-09,1029
2028,威致,19,0,19,合庫-鳳山,2024-12-09,1029
2354,鴻準,44,25,19,合庫-鳳山,2024-12-09,1029
2495,普安,20,1,19,合庫-鳳山,2024-12-09,1029
3025,星通,49,30,19,合庫-鳳山,2024-12-09,1029
3715,定穎投控,21,3,18,合庫-鳳山,2024-12-09,1029
3711,日月光投控,18,1,17,合庫-鳳山,2024-12-09,1029
3090,日電貿,17,0,17,合庫-鳳山,2024-12-09,1029
00909,國泰數位支付服務,16,0,16,合庫-鳳山,2024-12-09,1029
2031,新光鋼,16,0,16,合庫-鳳山,2024-12-09,1029
8927,北基,17,2,15,合庫-鳳山,2024-12-09,1029
2890,永豐金,15,0,15,合庫-鳳山,2024-12-09,1029
2349,錸德,14,0,14,合庫-鳳山,2024-12-09,1029
2337,旺宏,15,1,14,合庫-鳳山,2024-12-09,1029
2392,正崴,24,10,14,合庫-鳳山,2024-12-09,1029
2460,建通,12,0,12,合庫-鳳山,2024-12-09,1029
9105,泰金寶-DR,22,10,12,合庫-鳳山,2024-12-09,1029
1718,中纖,11,0,11,合庫-鳳山,2024-12-09,1029
4142,國光生,11,0,11,合庫-鳳山,2024-12-09,1029
6121,新普,11,0,11,合庫-鳳山,2024-12-09,1029
6658,聯策,11,0,11,合庫-鳳山,2024-12-09,1029
00962,台新AI優息動能,10,0,10,合庫-鳳山,2024-12-09,1029
2515,中工,10,0,10,合庫-鳳山,2024-12-09,1029
2734,易飛網,10,0,10,合庫-鳳山,2024-12-09,1029
3041,揚智,10,0,10,合庫-鳳山,2024-12-09,1029
5244,弘凱,11,1,10,合庫-鳳山,2024-12-09,1029
5512,力麒,10,0,10,合庫-鳳山,2024-12-09,1029
6603,富強鑫,10,0,10,合庫-鳳山,2024-12-09,1029
6901,鑽石投資,13,3,10,合庫-鳳山,2024-12-09,1029
00940,元大台灣價值高息,150,55,95,合庫-鳳山,2024-12-10,1029
00918,大華優利高填息30,92,0,92,合庫-鳳山,2024-12-10,1029
00953B,群益優選非投等債,76,0,76,合庫-鳳山,2024-12-10,1029
00878,國泰永續高股息,86,12,74,合庫-鳳山,2024-12-10,1029
00919,群益台灣精選高息,84,16,68,合庫-鳳山,2024-12-10,1029
00712,復華富時不動產,70,10,60,合庫-鳳山,2024-12-10,1029
00664R,國泰臺灣加權反1,50,0,50,合庫-鳳山,2024-12-10,1029
5880,合庫金,52,11,41,合庫-鳳山,2024-12-10,1029
2354,鴻準,46,13,33,合庫-鳳山,2024-12-10,1029
3051,力特,30,0,30,合庫-鳳山,2024-12-10,1029
1815,富喬,42,13,29,合庫-鳳山,2024-12-10,1029
8271,宇瞻,28,0,28,合庫-鳳山,2024-12-10,1029
0056,元大高股息,34,6,28,合庫-鳳山,2024-12-10,1029
2734,易飛網,24,0,24,合庫-鳳山,2024-12-10,1029
3706,神達,106,85,21,合庫-鳳山,2024-12-10,1029
3234,光環,21,0,21,合庫-鳳山,2024-12-10,1029
8096,擎亞,21,0,21,合庫-鳳山,2024-12-10,1029
006208,富邦台50,17,0,17,合庫-鳳山,2024-12-10,1029
9105,泰金寶-DR,42,27,15,合庫-鳳山,2024-12-10,1029
9949,琉園,13,0,13,合庫-鳳山,2024-12-10,1029
2609,陽明,49,36,13,合庫-鳳山,2024-12-10,1029
00893,國泰智能電動車,15,3,12,合庫-鳳山,2024-12-10,1029
2363,矽統,38,26,12,合庫-鳳山,2024-12-10,1029
2883,凱基金,12,0,12,合庫-鳳山,2024-12-10,1029
00637L,元大滬深300正2,90,79,11,合庫-鳳山,2024-12-10,1029
1536,和大,11,0,11,合庫-鳳山,2024-12-10,1029
2028,威致,11,0,11,合庫-鳳山,2024-12-10,1029
5278,尚凡*,11,0,11,合庫-鳳山,2024-12-10,1029
8358,金居,11,0,11,合庫-鳳山,2024-12-10,1029
2618,長榮航,27,16,11,合庫-鳳山,2024-12-10,1029
3231,緯創,14,3,11,合庫-鳳山,2024-12-10,1029
2449,京元電子,13,3,10,合庫-鳳山,2024-12-10,1029
1605,華新,12,2,10,合庫-鳳山,2024-12-10,1029
2331,精英,10,0,10,合庫-鳳山,2024-12-10,1029
2344,華邦電,10,0,10,合庫-鳳山,2024-12-10,1029
2905,三商,10,0,10,合庫-鳳山,2024-12-10,1029
3033,威健,10,0,10,合庫-鳳山,2024-12-10,1029
3260,威剛,10,0,10,合庫-鳳山,2024-12-10,1029
6015,宏遠證,10,0,10,合庫-鳳山,2024-12-10,1029
6591,動力-KY,10,0,10,合庫-鳳山,2024-12-10,1029
1513,中興電,9,0,9,合庫-鳳山,2024-12-10,1029
2231,為升,11,2,9,合庫-鳳山,2024-12-10,1029
6695,芯鼎,35,26,9,合庫-鳳山,2024-12-10,1029
1303,南亞,11,2,9,合庫-鳳山,2024-12-10,1029
00915,凱基優選高股息30,9,0,9,合庫-鳳山,2024-12-10,1029
2303,聯電,11,3,8,合庫-鳳山,2024-12-10,1029
00882,中信中國高股息,8,0,8,合庫-鳳山,2024-12-10,1029
1449,佳和,8,0,8,合庫-鳳山,2024-12-10,1029
2356,英業達,13,5,8,合庫-鳳山,2024-12-10,1029
2542,興富發,8,0,8,合庫-鳳山,2024-12-10,1029
00665L,富邦�琤肭磪囓�2,1697,1497,200,合庫-鳳山,2024-12-11,1029
00878,國泰永續高股息,159,20,139,合庫-鳳山,2024-12-11,1029
00919,群益台灣精選高息,141,15,126,合庫-鳳山,2024-12-11,1029
00937B,群益ESG投等債20,100,10,90,合庫-鳳山,2024-12-11,1029
2426,鼎元,71,1,70,合庫-鳳山,2024-12-11,1029
00918,大華優利高填息30,60,0,60,合庫-鳳山,2024-12-11,1029
00687B,國泰20年美債,189,131,58,合庫-鳳山,2024-12-11,1029
3231,緯創,49,1,48,合庫-鳳山,2024-12-11,1029
8011,台通,42,0,42,合庫-鳳山,2024-12-11,1029
2867,三商壽,40,2,38,合庫-鳳山,2024-12-11,1029
00940,元大台灣價值高息,48,13,35,合庫-鳳山,2024-12-11,1029
00945B,凱基美國非投等債,35,0,35,合庫-鳳山,2024-12-11,1029
6505,台塑化,46,15,31,合庫-鳳山,2024-12-11,1029
2002,中鋼,30,1,29,合庫-鳳山,2024-12-11,1029
3062,建漢,65,36,29,合庫-鳳山,2024-12-11,1029
2408,南亞科,80,54,26,合庫-鳳山,2024-12-11,1029
0056,元大高股息,34,14,20,合庫-鳳山,2024-12-11,1029
8358,金居,20,0,20,合庫-鳳山,2024-12-11,1029
00900,富邦特選高股息30,19,0,19,合庫-鳳山,2024-12-11,1029
6005,群益證,20,2,18,合庫-鳳山,2024-12-11,1029
6770,力積電,129,111,18,合庫-鳳山,2024-12-11,1029
2615,萬海,24,6,18,合庫-鳳山,2024-12-11,1029
2449,京元電子,78,62,16,合庫-鳳山,2024-12-11,1029
2344,華邦電,16,0,16,合庫-鳳山,2024-12-11,1029
2317,鴻海,59,45,14,合庫-鳳山,2024-12-11,1029
2887,台新金,13,0,13,合庫-鳳山,2024-12-11,1029
3033,威健,13,0,13,合庫-鳳山,2024-12-11,1029
6695,芯鼎,19,6,13,合庫-鳳山,2024-12-11,1029
00915,凱基優選高股息30,23,10,13,合庫-鳳山,2024-12-11,1029
2303,聯電,20,8,12,合庫-鳳山,2024-12-11,1029
2883,凱基金,22,10,12,合庫-鳳山,2024-12-11,1029
5371,中光電,27,15,12,合庫-鳳山,2024-12-11,1029
5880,合庫金,14,4,10,合庫-鳳山,2024-12-11,1029
00650L,復華香港正2,10,0,10,合庫-鳳山,2024-12-11,1029
2031,新光鋼,10,0,10,合庫-鳳山,2024-12-11,1029
3498,陽程,12,2,10,合庫-鳳山,2024-12-11,1029
4167,松瑞藥,10,0,10,合庫-鳳山,2024-12-11,1029
6901,鑽石投資,11,1,10,合庫-鳳山,2024-12-11,1029
2382,廣達,10,0,10,合庫-鳳山,2024-12-11,1029
2609,陽明,65,55,10,合庫-鳳山,2024-12-11,1029
1301,台塑,9,0,9,合庫-鳳山,2024-12-11,1029
2886,兆豐金,11,2,9,合庫-鳳山,2024-12-11,1029
6187,萬潤,8,0,8,合庫-鳳山,2024-12-11,1029
2324,仁寶,12,4,8,合庫-鳳山,2024-12-11,1029
2356,英業達,10,2,8,合庫-鳳山,2024-12-11,1029
4729,熒茂,8,0,8,合庫-鳳山,2024-12-11,1029
4931,新盛力,21,13,8,合庫-鳳山,2024-12-11,1029
8054,安國,34,26,8,合庫-鳳山,2024-12-11,1029
00887,永豐中國科技50大,7,0,7,合庫-鳳山,2024-12-11,1029
00909,國泰數位支付服務,7,0,7,合庫-鳳山,2024-12-11,1029
00919,群益台灣精選高息,223,49,174,合庫-鳳山,2024-12-12,1029
2801,彰銀,152,4,148,合庫-鳳山,2024-12-12,1029
2303,聯電,111,3,108,合庫-鳳山,2024-12-12,1029
00878,國泰永續高股息,115,8,107,合庫-鳳山,2024-12-12,1029
00713,元大台灣高息低波,102,2,100,合庫-鳳山,2024-12-12,1029
2317,鴻海,89,4,85,合庫-鳳山,2024-12-12,1029
6658,聯策,63,0,63,合庫-鳳山,2024-12-12,1029
00918,大華優利高填息30,42,0,42,合庫-鳳山,2024-12-12,1029
00960,野村全球航運龍頭,40,3,37,合庫-鳳山,2024-12-12,1029
00948B,中信優息投資級債,36,0,36,合庫-鳳山,2024-12-12,1029
2002,中鋼,34,1,33,合庫-鳳山,2024-12-12,1029
8011,台通,30,0,30,合庫-鳳山,2024-12-12,1029
2208,台船,29,0,29,合庫-鳳山,2024-12-12,1029
00680L,元大美債20正2,73,46,27,合庫-鳳山,2024-12-12,1029
4566,時碩工業,30,4,26,合庫-鳳山,2024-12-12,1029
00687B,國泰20年美債,44,21,23,合庫-鳳山,2024-12-12,1029
2312,金寶,36,14,22,合庫-鳳山,2024-12-12,1029
00664R,國泰臺灣加權反1,21,0,21,合庫-鳳山,2024-12-12,1029
2324,仁寶,25,5,20,合庫-鳳山,2024-12-12,1029
9105,泰金寶-DR,55,36,19,合庫-鳳山,2024-12-12,1029
6505,台塑化,25,7,18,合庫-鳳山,2024-12-12,1029
00637L,元大滬深300正2,23,6,17,合庫-鳳山,2024-12-12,1029
00937B,群益ESG投等債20,23,6,17,合庫-鳳山,2024-12-12,1029
00679B,元大美債20年,15,0,15,合庫-鳳山,2024-12-12,1029
00945B,凱基美國非投等債,15,0,15,合庫-鳳山,2024-12-12,1029
1301,台塑,20,6,14,合庫-鳳山,2024-12-12,1029
2014,中鴻,13,0,13,合庫-鳳山,2024-12-12,1029
00931B,統一美債20年,12,0,12,合庫-鳳山,2024-12-12,1029
00933B,國泰10Y+金融債,12,0,12,合庫-鳳山,2024-12-12,1029
3231,緯創,61,49,12,合庫-鳳山,2024-12-12,1029
1714,和桐,11,0,11,合庫-鳳山,2024-12-12,1029
3033,威健,11,0,11,合庫-鳳山,2024-12-12,1029
4561,健椿,11,0,11,合庫-鳳山,2024-12-12,1029
00688L,國泰20年美債正2,10,0,10,合庫-鳳山,2024-12-12,1029
6187,萬潤,10,0,10,合庫-鳳山,2024-12-12,1029
2464,盟立,13,3,10,合庫-鳳山,2024-12-12,1029
4952,凌通,10,0,10,合庫-鳳山,2024-12-12,1029
3041,揚智,12,2,10,合庫-鳳山,2024-12-12,1029
00915,凱基優選高股息30,9,0,9,合庫-鳳山,2024-12-12,1029
00943,兆豐電子高息等權,9,0,9,合庫-鳳山,2024-12-12,1029
6770,力積電,9,0,9,合庫-鳳山,2024-12-12,1029
3019,亞光,12,4,8,合庫-鳳山,2024-12-12,1029
2890,永豐金,12,5,7,合庫-鳳山,2024-12-12,1029
00720B,元大投資級公司債,7,0,7,合庫-鳳山,2024-12-12,1029
1314,中石化,7,0,7,合庫-鳳山,2024-12-12,1029
6547,高端疫苗,17,10,7,合庫-鳳山,2024-12-12,1029
2615,萬海,10,4,6,合庫-鳳山,2024-12-12,1029
1524,耿鼎,9,3,6,合庫-鳳山,2024-12-12,1029
2344,華邦電,8,2,6,合庫-鳳山,2024-12-12,1029
3029,零壹,17,11,6,合庫-鳳山,2024-12-12,1029
2324,仁寶,129,0,129,合庫-鳳山,2024-12-13,1029
5880,合庫金,103,4,99,合庫-鳳山,2024-12-13,1029
00937B,群益ESG投等債20,148,50,98,合庫-鳳山,2024-12-13,1029
00680L,元大美債20正2,98,10,88,合庫-鳳山,2024-12-13,1029
6244,茂迪,83,0,83,合庫-鳳山,2024-12-13,1029
2633,台灣高鐵,80,0,80,合庫-鳳山,2024-12-13,1029
00933B,國泰10Y+金融債,73,0,73,合庫-鳳山,2024-12-13,1029
0056,元大高股息,56,0,56,合庫-鳳山,2024-12-13,1029
2801,彰銀,55,0,55,合庫-鳳山,2024-12-13,1029
00878,國泰永續高股息,59,7,52,合庫-鳳山,2024-12-13,1029
00918,大華優利高填息30,50,0,50,合庫-鳳山,2024-12-13,1029
00940,元大台灣價值高息,60,14,46,合庫-鳳山,2024-12-13,1029
3231,緯創,49,3,46,合庫-鳳山,2024-12-13,1029
3706,神達,90,54,36,合庫-鳳山,2024-12-13,1029
1815,富喬,38,2,36,合庫-鳳山,2024-12-13,1029
4931,新盛力,38,4,34,合庫-鳳山,2024-12-13,1029
00687B,國泰20年美債,31,0,31,合庫-鳳山,2024-12-13,1029
3147,大綜,31,2,29,合庫-鳳山,2024-12-13,1029
2610,華航,27,0,27,合庫-鳳山,2024-12-13,1029
2382,廣達,24,1,23,合庫-鳳山,2024-12-13,1029
2317,鴻海,35,14,21,合庫-鳳山,2024-12-13,1029
2426,鼎元,20,0,20,合庫-鳳山,2024-12-13,1029
2303,聯電,56,36,20,合庫-鳳山,2024-12-13,1029
00932,兆豐永續高息等權,19,0,19,合庫-鳳山,2024-12-13,1029
2548,華固,18,0,18,合庫-鳳山,2024-12-13,1029
00959B,大華投等美債15Y+,20,3,17,合庫-鳳山,2024-12-13,1029
00919,群益台灣精選高息,149,132,17,合庫-鳳山,2024-12-13,1029
2313,華通,17,2,15,合庫-鳳山,2024-12-13,1029
3122,笙泉,15,0,15,合庫-鳳山,2024-12-13,1029
8011,台通,14,0,14,合庫-鳳山,2024-12-13,1029
2002,中鋼,22,9,13,合庫-鳳山,2024-12-13,1029
00922,國泰台灣領袖50,14,1,13,合庫-鳳山,2024-12-13,1029
00915,凱基優選高股息30,13,0,13,合庫-鳳山,2024-12-13,1029
4576,大銀微系統,16,4,12,合庫-鳳山,2024-12-13,1029
2618,長榮航,12,0,12,合庫-鳳山,2024-12-13,1029
3041,揚智,12,0,12,合庫-鳳山,2024-12-13,1029
8028,昇陽半導體,13,1,12,合庫-鳳山,2024-12-13,1029
3707,漢磊,11,0,11,合庫-鳳山,2024-12-13,1029
2887,台新金,11,0,11,合庫-鳳山,2024-12-13,1029
00713,元大台灣高息低波,11,0,11,合庫-鳳山,2024-12-13,1029
2880,華南金,11,0,11,合庫-鳳山,2024-12-13,1029
00679B,元大美債20年,12,1,11,合庫-鳳山,2024-12-13,1029
2208,台船,10,0,10,合庫-鳳山,2024-12-13,1029
00650L,復華香港正2,10,0,10,合庫-鳳山,2024-12-13,1029
1316,上曜,10,0,10,合庫-鳳山,2024-12-13,1029
2031,新光鋼,10,0,10,合庫-鳳山,2024-12-13,1029
2328,廣宇,12,2,10,合庫-鳳山,2024-12-13,1029
8271,宇瞻,10,0,10,合庫-鳳山,2024-12-13,1029
00637L,元大滬深300正2,11,2,9,合庫-鳳山,2024-12-13,1029
2371,大同,29,20,9,合庫-鳳山,2024-12-13,1029
00937B,群益ESG投等債20,205,0,205,合庫-鳳山,2024-12-16,1029
00919,群益台灣精選高息,164,3,161,合庫-鳳山,2024-12-16,1029
2883,凱基金,210,75,135,合庫-鳳山,2024-12-16,1029
00687B,國泰20年美債,161,56,105,合庫-鳳山,2024-12-16,1029
00965,元大航太防衛科技,101,0,101,合庫-鳳山,2024-12-16,1029
00915,凱基優選高股息30,79,0,79,合庫-鳳山,2024-12-16,1029
00680L,元大美債20正2,77,1,76,合庫-鳳山,2024-12-16,1029
00918,大華優利高填息30,72,2,70,合庫-鳳山,2024-12-16,1029
3706,神達,118,56,62,合庫-鳳山,2024-12-16,1029
3231,緯創,65,6,59,合庫-鳳山,2024-12-16,1029
00924,復華S＆P500成長,52,0,52,合庫-鳳山,2024-12-16,1029
00945B,凱基美國非投等債,51,0,51,合庫-鳳山,2024-12-16,1029
6244,茂迪,50,0,50,合庫-鳳山,2024-12-16,1029
00953B,群益優選非投等債,45,0,45,合庫-鳳山,2024-12-16,1029
2324,仁寶,40,2,38,合庫-鳳山,2024-12-16,1029
0056,元大高股息,37,0,37,合庫-鳳山,2024-12-16,1029
00940,元大台灣價值高息,72,37,35,合庫-鳳山,2024-12-16,1029
2344,華邦電,31,1,30,合庫-鳳山,2024-12-16,1029
00948B,中信優息投資級債,30,0,30,合庫-鳳山,2024-12-16,1029
2002,中鋼,34,10,24,合庫-鳳山,2024-12-16,1029
2337,旺宏,24,1,23,合庫-鳳山,2024-12-16,1029
00922,國泰台灣領袖50,22,0,22,合庫-鳳山,2024-12-16,1029
00900,富邦特選高股息30,21,0,21,合庫-鳳山,2024-12-16,1029
5608,四維航,20,0,20,合庫-鳳山,2024-12-16,1029
2356,英業達,20,1,19,合庫-鳳山,2024-12-16,1029
2609,陽明,43,24,19,合庫-鳳山,2024-12-16,1029
2364,倫飛,18,0,18,合庫-鳳山,2024-12-16,1029
2317,鴻海,22,6,16,合庫-鳳山,2024-12-16,1029
00946,群益科技高息成長,21,5,16,合庫-鳳山,2024-12-16,1029
00757,統一FANG+,16,0,16,合庫-鳳山,2024-12-16,1029
4155,訊映,16,0,16,合庫-鳳山,2024-12-16,1029
2408,南亞科,16,0,16,合庫-鳳山,2024-12-16,1029
6282,康舒,21,5,16,合庫-鳳山,2024-12-16,1029
6180,橘子,15,0,15,合庫-鳳山,2024-12-16,1029
00712,復華富時不動產,15,0,15,合庫-鳳山,2024-12-16,1029
911868,同方友友-DR,15,0,15,合庫-鳳山,2024-12-16,1029
00930,永豐ESG低碳高息,15,1,14,合庫-鳳山,2024-12-16,1029
2312,金寶,17,3,14,合庫-鳳山,2024-12-16,1029
2449,京元電子,14,1,13,合庫-鳳山,2024-12-16,1029
2208,台船,13,0,13,合庫-鳳山,2024-12-16,1029
3202,樺晟,13,0,13,合庫-鳳山,2024-12-16,1029
3481,群創,13,0,13,合庫-鳳山,2024-12-16,1029
2615,萬海,15,2,13,合庫-鳳山,2024-12-16,1029
3037,欣興,13,1,12,合庫-鳳山,2024-12-16,1029
6449,鈺邦,12,0,12,合庫-鳳山,2024-12-16,1029
2363,矽統,47,35,12,合庫-鳳山,2024-12-16,1029
3017,奇鋐,15,3,12,合庫-鳳山,2024-12-16,1029
2355,敬鵬,17,6,11,合庫-鳳山,2024-12-16,1029
3013,晟銘電,15,4,11,合庫-鳳山,2024-12-16,1029
00725B,國泰投資級公司債,10,0,10,合庫-鳳山,2024-12-16,1029
00937B,群益ESG投等債20,143,0,143,合庫-鳳山,2024-12-17,1029
00918,大華優利高填息30,129,0,129,合庫-鳳山,2024-12-17,1029
2834,臺企銀,109,2,107,合庫-鳳山,2024-12-17,1029
00940,元大台灣價值高息,90,7,83,合庫-鳳山,2024-12-17,1029
2317,鴻海,99,31,68,合庫-鳳山,2024-12-17,1029
00963,中信全球高股息,51,0,51,合庫-鳳山,2024-12-17,1029
0056,元大高股息,50,0,50,合庫-鳳山,2024-12-17,1029
00915,凱基優選高股息30,45,0,45,合庫-鳳山,2024-12-17,1029
00878,國泰永續高股息,46,3,43,合庫-鳳山,2024-12-17,1029
3706,神達,62,21,41,合庫-鳳山,2024-12-17,1029
00713,元大台灣高息低波,38,0,38,合庫-鳳山,2024-12-17,1029
1326,台化,38,0,38,合庫-鳳山,2024-12-17,1029
6505,台塑化,38,0,38,合庫-鳳山,2024-12-17,1029
00712,復華富時不動產,36,0,36,合庫-鳳山,2024-12-17,1029
2363,矽統,63,27,36,合庫-鳳山,2024-12-17,1029
00933B,國泰10Y+金融債,33,0,33,合庫-鳳山,2024-12-17,1029
2883,凱基金,27,0,27,合庫-鳳山,2024-12-17,1029
2002,中鋼,28,2,26,合庫-鳳山,2024-12-17,1029
2388,威盛,25,0,25,合庫-鳳山,2024-12-17,1029
1301,台塑,27,5,22,合庫-鳳山,2024-12-17,1029
2374,佳能,59,38,21,合庫-鳳山,2024-12-17,1029
00753L,中信中國50正2,101,80,21,合庫-鳳山,2024-12-17,1029
3202,樺晟,20,0,20,合庫-鳳山,2024-12-17,1029
6174,安��,20,0,20,合庫-鳳山,2024-12-17,1029
6885,全福生技,30,10,20,合庫-鳳山,2024-12-17,1029
00970B,新光BBB投等債20,18,0,18,合庫-鳳山,2024-12-17,1029
00757,統一FANG+,18,2,16,合庫-鳳山,2024-12-17,1029
3481,群創,16,0,16,合庫-鳳山,2024-12-17,1029
2520,冠德,15,0,15,合庫-鳳山,2024-12-17,1029
3059,華晶科,14,0,14,合庫-鳳山,2024-12-17,1029
2324,仁寶,14,0,14,合庫-鳳山,2024-12-17,1029
2449,京元電子,15,3,12,合庫-鳳山,2024-12-17,1029
2014,中鴻,15,3,12,合庫-鳳山,2024-12-17,1029
2886,兆豐金,12,0,12,合庫-鳳山,2024-12-17,1029
8249,菱光,27,15,12,合庫-鳳山,2024-12-17,1029
2610,華航,24,12,12,合庫-鳳山,2024-12-17,1029
5880,合庫金,13,2,11,合庫-鳳山,2024-12-17,1029
4541,晟田,11,0,11,合庫-鳳山,2024-12-17,1029
4577,達航科技,12,1,11,合庫-鳳山,2024-12-17,1029
6770,力積電,14,3,11,合庫-鳳山,2024-12-17,1029
2609,陽明,24,14,10,合庫-鳳山,2024-12-17,1029
00930,永豐ESG低碳高息,10,0,10,合庫-鳳山,2024-12-17,1029
00665L,富邦�琤肭磪囓�2,709,699,10,合庫-鳳山,2024-12-17,1029
00953B,群益優選非投等債,10,0,10,合庫-鳳山,2024-12-17,1029
1436,華友聯,10,0,10,合庫-鳳山,2024-12-17,1029
1447,力鵬,10,0,10,合庫-鳳山,2024-12-17,1029
2616,山隆,10,0,10,合庫-鳳山,2024-12-17,1029
9924,福興,10,0,10,合庫-鳳山,2024-12-17,1029
1402,遠東新,9,0,9,合庫-鳳山,2024-12-17,1029
2882,國泰金,8,0,8,合庫-鳳山,2024-12-17,1029
00918,大華優利高填息30,178,11,167,合庫-鳳山,2024-12-18,1029
3059,華晶科,159,12,147,合庫-鳳山,2024-12-18,1029
00712,復華富時不動產,83,0,83,合庫-鳳山,2024-12-18,1029
00937B,群益ESG投等債20,83,0,83,合庫-鳳山,2024-12-18,1029
2317,鴻海,54,5,49,合庫-鳳山,2024-12-18,1029
00950B,凱基A級公司債,41,0,41,合庫-鳳山,2024-12-18,1029
4526,東台,41,0,41,合庫-鳳山,2024-12-18,1029
2891,中信金,51,11,40,合庫-鳳山,2024-12-18,1029
00945B,凱基美國非投等債,55,20,35,合庫-鳳山,2024-12-18,1029
2344,華邦電,43,8,35,合庫-鳳山,2024-12-18,1029
5880,合庫金,39,5,34,合庫-鳳山,2024-12-18,1029
00915,凱基優選高股息30,35,2,33,合庫-鳳山,2024-12-18,1029
2303,聯電,48,19,29,合庫-鳳山,2024-12-18,1029
2354,鴻準,25,0,25,合庫-鳳山,2024-12-18,1029
00926,凱基全球菁英55,24,0,24,合庫-鳳山,2024-12-18,1029
00679B,元大美債20年,21,0,21,合庫-鳳山,2024-12-18,1029
00664R,國泰臺灣加權反1,20,0,20,合庫-鳳山,2024-12-18,1029
5457,宣德,21,1,20,合庫-鳳山,2024-12-18,1029
9950,萬國通,20,0,20,合庫-鳳山,2024-12-18,1029
2884,玉山金,19,1,18,合庫-鳳山,2024-12-18,1029
00687B,國泰20年美債,18,0,18,合庫-鳳山,2024-12-18,1029
2409,友達,16,0,16,合庫-鳳山,2024-12-18,1029
0056,元大高股息,18,2,16,合庫-鳳山,2024-12-18,1029
2002,中鋼,17,2,15,合庫-鳳山,2024-12-18,1029
2645,長榮航太,15,0,15,合庫-鳳山,2024-12-18,1029
4952,凌通,15,0,15,合庫-鳳山,2024-12-18,1029
6282,康舒,15,0,15,合庫-鳳山,2024-12-18,1029
00713,元大台灣高息低波,15,0,15,合庫-鳳山,2024-12-18,1029
00919,群益台灣精選高息,53,39,14,合庫-鳳山,2024-12-18,1029
00751B,元大AAA至A公司債,13,0,13,合庫-鳳山,2024-12-18,1029
1471,首利,12,0,12,合庫-鳳山,2024-12-18,1029
5371,中光電,12,1,11,合庫-鳳山,2024-12-18,1029
5439,高技,17,6,11,合庫-鳳山,2024-12-18,1029
5706,鳳凰,12,1,11,合庫-鳳山,2024-12-18,1029
00952,凱基台灣AI50,10,0,10,合庫-鳳山,2024-12-18,1029
00932,兆豐永續高息等權,10,0,10,合庫-鳳山,2024-12-18,1029
3481,群創,11,1,10,合庫-鳳山,2024-12-18,1029
4540,全球傳動,40,30,10,合庫-鳳山,2024-12-18,1029
8032,光菱,16,6,10,合庫-鳳山,2024-12-18,1029
3323,加百裕,22,13,9,合庫-鳳山,2024-12-18,1029
00757,統一FANG+,8,0,8,合庫-鳳山,2024-12-18,1029
2328,廣宇,8,0,8,合庫-鳳山,2024-12-18,1029
6288,聯嘉,10,2,8,合庫-鳳山,2024-12-18,1029
00878,國泰永續高股息,13,5,8,合庫-鳳山,2024-12-18,1029
1213,大飲,7,0,7,合庫-鳳山,2024-12-18,1029
1303,南亞,7,0,7,合庫-鳳山,2024-12-18,1029
2495,普安,7,0,7,合庫-鳳山,2024-12-18,1029
2618,長榮航,37,30,7,合庫-鳳山,2024-12-18,1029
2890,永豐金,7,0,7,合庫-鳳山,2024-12-18,1029
4903,聯光通,7,0,7,合庫-鳳山,2024-12-18,1029
00632R,元大台灣50反1,1003,7,996,合庫-鳳山,2024-12-19,1029
00715L,期街口布蘭特正2,407,200,207,合庫-鳳山,2024-12-19,1029
00918,大華優利高填息30,199,3,196,合庫-鳳山,2024-12-19,1029
00878,國泰永續高股息,183,3,180,合庫-鳳山,2024-12-19,1029
00933B,國泰10Y+金融債,157,0,157,合庫-鳳山,2024-12-19,1029
00937B,群益ESG投等債20,125,0,125,合庫-鳳山,2024-12-19,1029
2883,凱基金,125,2,123,合庫-鳳山,2024-12-19,1029
00680L,元大美債20正2,109,0,109,合庫-鳳山,2024-12-19,1029
00687B,國泰20年美債,104,0,104,合庫-鳳山,2024-12-19,1029
00712,復華富時不動產,105,1,104,合庫-鳳山,2024-12-19,1029
5880,合庫金,82,0,82,合庫-鳳山,2024-12-19,1029
2801,彰銀,76,0,76,合庫-鳳山,2024-12-19,1029
00950B,凱基A級公司債,70,0,70,合庫-鳳山,2024-12-19,1029
6108,競國,70,0,70,合庫-鳳山,2024-12-19,1029
9105,泰金寶-DR,83,21,62,合庫-鳳山,2024-12-19,1029
2317,鴻海,62,1,61,合庫-鳳山,2024-12-19,1029
2890,永豐金,51,0,51,合庫-鳳山,2024-12-19,1029
6244,茂迪,50,0,50,合庫-鳳山,2024-12-19,1029
2887,台新金,48,0,48,合庫-鳳山,2024-12-19,1029
00679B,元大美債20年,48,0,48,合庫-鳳山,2024-12-19,1029
2891,中信金,68,24,44,合庫-鳳山,2024-12-19,1029
2354,鴻準,47,6,41,合庫-鳳山,2024-12-19,1029
2303,聯電,38,1,37,合庫-鳳山,2024-12-19,1029
0056,元大高股息,36,0,36,合庫-鳳山,2024-12-19,1029
00959B,大華投等美債15Y+,33,0,33,合庫-鳳山,2024-12-19,1029
00922,國泰台灣領袖50,33,0,33,合庫-鳳山,2024-12-19,1029
2734,易飛網,33,1,32,合庫-鳳山,2024-12-19,1029
2002,中鋼,31,1,30,合庫-鳳山,2024-12-19,1029
2409,友達,30,0,30,合庫-鳳山,2024-12-19,1029
00909,國泰數位支付服務,29,0,29,合庫-鳳山,2024-12-19,1029
2382,廣達,27,2,25,合庫-鳳山,2024-12-19,1029
2250,IKKA-KY,22,0,22,合庫-鳳山,2024-12-19,1029
2736,富野,22,0,22,合庫-鳳山,2024-12-19,1029
2834,臺企銀,21,0,21,合庫-鳳山,2024-12-19,1029
00713,元大台灣高息低波,20,0,20,合庫-鳳山,2024-12-19,1029
5608,四維航,50,30,20,合庫-鳳山,2024-12-19,1029
4931,新盛力,107,87,20,合庫-鳳山,2024-12-19,1029
2609,陽明,69,52,17,合庫-鳳山,2024-12-19,1029
2886,兆豐金,16,0,16,合庫-鳳山,2024-12-19,1029
3059,華晶科,13,0,13,合庫-鳳山,2024-12-19,1029
4167,松瑞藥,17,4,13,合庫-鳳山,2024-12-19,1029
2884,玉山金,15,2,13,合庫-鳳山,2024-12-19,1029
2344,華邦電,12,0,12,合庫-鳳山,2024-12-19,1029
4569,六方科-KY,11,0,11,合庫-鳳山,2024-12-19,1029
2882,國泰金,11,0,11,合庫-鳳山,2024-12-19,1029
1301,台塑,15,4,11,合庫-鳳山,2024-12-19,1029
2371,大同,11,1,10,合庫-鳳山,2024-12-19,1029
2355,敬鵬,10,0,10,合庫-鳳山,2024-12-19,1029
00688L,國泰20年美債正2,10,0,10,合庫-鳳山,2024-12-19,1029
2542,興富發,10,0,10,合庫-鳳山,2024-12-19,1029
