Ticker,Name,buy,sell,diff,Branch,Date,Branch_Code
6143,振曜,30,0,30,土銀-嘉義,2023-01-03,1034
00637L,元大滬深300正2,33,8,25,土銀-嘉義,2023-01-03,1034
2609,陽明,17,3,14,土銀-嘉義,2023-01-03,1034
4746,台耀,13,0,13,土銀-嘉義,2023-01-03,1034
6443,元晶,13,0,13,土銀-嘉義,2023-01-03,1034
00893,國泰智能電動車,11,0,11,土銀-嘉義,2023-01-03,1034
2317,鴻海,14,3,11,土銀-嘉義,2023-01-03,1034
3705,永信,11,0,11,土銀-嘉義,2023-01-03,1034
9919,康那香,11,0,11,土銀-嘉義,2023-01-03,1034
00664R,國泰臺灣加權反1,30,20,10,土銀-嘉義,2023-01-03,1034
0056,元大高股息,10,0,10,土銀-嘉義,2023-01-03,1034
2002,中鋼,13,3,10,土銀-嘉義,2023-01-03,1034
9904,寶成,10,0,10,土銀-嘉義,2023-01-03,1034
00878,國泰永續高股息,9,0,9,土銀-嘉義,2023-01-03,1034
6530,創威,7,0,7,土銀-嘉義,2023-01-03,1034
2885,元大金,13,6,7,土銀-嘉義,2023-01-03,1034
00882,中信中國高股息,6,0,6,土銀-嘉義,2023-01-03,1034
1514,亞力,10,4,6,土銀-嘉義,2023-01-03,1034
1701,中化,8,2,6,土銀-嘉義,2023-01-03,1034
3548,兆利,6,0,6,土銀-嘉義,2023-01-03,1034
4102,永日,6,0,6,土銀-嘉義,2023-01-03,1034
4114,健喬,7,1,6,土銀-嘉義,2023-01-03,1034
5009,榮剛,7,1,6,土銀-嘉義,2023-01-03,1034
5014,建錩,6,0,6,土銀-嘉義,2023-01-03,1034
5351,鈺創,6,0,6,土銀-嘉義,2023-01-03,1034
5608,四維航,6,0,6,土銀-嘉義,2023-01-03,1034
1722,台肥,5,0,5,土銀-嘉義,2023-01-03,1034
1234,黑松,5,0,5,土銀-嘉義,2023-01-03,1034
2312,金寶,5,0,5,土銀-嘉義,2023-01-03,1034
2889,國票金,6,1,5,土銀-嘉義,2023-01-03,1034
5607,遠雄港,5,0,5,土銀-嘉義,2023-01-03,1034
2371,大同,4,0,4,土銀-嘉義,2023-01-03,1034
3033,威健,4,0,4,土銀-嘉義,2023-01-03,1034
3141,晶宏,4,0,4,土銀-嘉義,2023-01-03,1034
3484,崧騰,4,0,4,土銀-嘉義,2023-01-03,1034
5227,立凱-KY,4,0,4,土銀-嘉義,2023-01-03,1034
8996,高力,24,20,4,土銀-嘉義,2023-01-03,1034
00712,復華富時不動產,3,0,3,土銀-嘉義,2023-01-03,1034
1580,新麥,3,0,3,土銀-嘉義,2023-01-03,1034
00881,國泰台灣5G+,3,0,3,土銀-嘉義,2023-01-03,1034
1445,大宇,3,0,3,土銀-嘉義,2023-01-03,1034
1319,東陽,3,0,3,土銀-嘉義,2023-01-03,1034
2241,艾姆勒,3,0,3,土銀-嘉義,2023-01-03,1034
2615,萬海,5,2,3,土銀-嘉義,2023-01-03,1034
4979,華星光,3,0,3,土銀-嘉義,2023-01-03,1034
8429,金麗-KY,3,0,3,土銀-嘉義,2023-01-03,1034
1342,八貫,2,0,2,土銀-嘉義,2023-01-03,1034
1102,亞泥,2,0,2,土銀-嘉義,2023-01-03,1034
6525,捷敏-KY,2,0,2,土銀-嘉義,2023-01-03,1034
6592A,和潤企業甲特,2,0,2,土銀-嘉義,2023-01-03,1034
2892,第一金,105,0,105,土銀-嘉義,2023-01-04,1034
00632R,元大台灣50反1,50,0,50,土銀-嘉義,2023-01-04,1034
2498,宏達電,50,31,19,土銀-嘉義,2023-01-04,1034
2634,漢翔,18,0,18,土銀-嘉義,2023-01-04,1034
00893,國泰智能電動車,18,1,17,土銀-嘉義,2023-01-04,1034
1217,愛之味,15,2,13,土銀-嘉義,2023-01-04,1034
4746,台耀,11,0,11,土銀-嘉義,2023-01-04,1034
00637L,元大滬深300正2,14,4,10,土銀-嘉義,2023-01-04,1034
2888,新光金,10,0,10,土銀-嘉義,2023-01-04,1034
8249,菱光,10,0,10,土銀-嘉義,2023-01-04,1034
3705,永信,10,1,9,土銀-嘉義,2023-01-04,1034
6116,彩晶,10,2,8,土銀-嘉義,2023-01-04,1034
00642U,期元大S＆P石油,7,0,7,土銀-嘉義,2023-01-04,1034
00715L,期街口布蘭特正2,7,0,7,土銀-嘉義,2023-01-04,1034
2303,聯電,13,6,7,土銀-嘉義,2023-01-04,1034
2409,友達,11,5,6,土銀-嘉義,2023-01-04,1034
2884,玉山金,6,0,6,土銀-嘉義,2023-01-04,1034
3027,盛達,6,0,6,土銀-嘉義,2023-01-04,1034
4167,松瑞藥,7,1,6,土銀-嘉義,2023-01-04,1034
9907,統一實,6,0,6,土銀-嘉義,2023-01-04,1034
1101,台泥,5,0,5,土銀-嘉義,2023-01-04,1034
2034,允強,5,0,5,土銀-嘉義,2023-01-04,1034
2610,華航,7,2,5,土銀-嘉義,2023-01-04,1034
2637,慧洋-KY,7,2,5,土銀-嘉義,2023-01-04,1034
4174,浩鼎,5,0,5,土銀-嘉義,2023-01-04,1034
5014,建錩,5,0,5,土銀-嘉義,2023-01-04,1034
6441,廣錠,5,0,5,土銀-嘉義,2023-01-04,1034
8046,南電,5,0,5,土銀-嘉義,2023-01-04,1034
2338,光罩,14,10,4,土銀-嘉義,2023-01-04,1034
2615,萬海,5,1,4,土銀-嘉義,2023-01-04,1034
3092,鴻碩,4,0,4,土銀-嘉義,2023-01-04,1034
3548,兆利,4,0,4,土銀-嘉義,2023-01-04,1034
4114,健喬,7,3,4,土銀-嘉義,2023-01-04,1034
4743,合一,4,0,4,土銀-嘉義,2023-01-04,1034
5009,榮剛,4,0,4,土銀-嘉義,2023-01-04,1034
8050,廣積,5,1,4,土銀-嘉義,2023-01-04,1034
8442,威宏-KY,4,0,4,土銀-嘉義,2023-01-04,1034
00888,永豐台灣ESG,3,0,3,土銀-嘉義,2023-01-04,1034
1445,大宇,3,0,3,土銀-嘉義,2023-01-04,1034
2428,興勤,3,0,3,土銀-嘉義,2023-01-04,1034
3013,晟銘電,3,0,3,土銀-嘉義,2023-01-04,1034
3189,景碩,3,0,3,土銀-嘉義,2023-01-04,1034
4747,強生,3,0,3,土銀-嘉義,2023-01-04,1034
1760,寶齡富錦,2,0,2,土銀-嘉義,2023-01-04,1034
1417,嘉裕,14,12,2,土銀-嘉義,2023-01-04,1034
00900,富邦特選高股息30,2,0,2,土銀-嘉義,2023-01-04,1034
1517,利奇,2,0,2,土銀-嘉義,2023-01-04,1034
1526,日馳,2,0,2,土銀-嘉義,2023-01-04,1034
00712,復華富時不動產,2,0,2,土銀-嘉義,2023-01-04,1034
006208,富邦台50,2,0,2,土銀-嘉義,2023-01-04,1034
2609,陽明,52,0,52,土銀-嘉義,2023-01-05,1034
5309,系統電,31,0,31,土銀-嘉義,2023-01-05,1034
3705,永信,22,0,22,土銀-嘉義,2023-01-05,1034
2882,國泰金,22,2,20,土銀-嘉義,2023-01-05,1034
2317,鴻海,18,3,15,土銀-嘉義,2023-01-05,1034
00881,國泰台灣5G+,14,0,14,土銀-嘉義,2023-01-05,1034
3713,新晶投控,13,0,13,土銀-嘉義,2023-01-05,1034
6547,高端疫苗,13,0,13,土銀-嘉義,2023-01-05,1034
1417,嘉裕,16,4,12,土銀-嘉義,2023-01-05,1034
00642U,期元大S＆P石油,12,0,12,土銀-嘉義,2023-01-05,1034
00885,富邦越南,10,0,10,土銀-嘉義,2023-01-05,1034
00701,國泰股利精選30,10,0,10,土銀-嘉義,2023-01-05,1034
00664R,國泰臺灣加權反1,10,0,10,土銀-嘉義,2023-01-05,1034
00902,中信電池及儲能,10,0,10,土銀-嘉義,2023-01-05,1034
00892,富邦台灣半導體,10,0,10,土銀-嘉義,2023-01-05,1034
1810,和成,10,0,10,土銀-嘉義,2023-01-05,1034
2027,大成鋼,10,0,10,土銀-嘉義,2023-01-05,1034
5211,蒙恬,10,0,10,土銀-嘉義,2023-01-05,1034
5410,國眾,10,0,10,土銀-嘉義,2023-01-05,1034
1307,三芳,9,0,9,土銀-嘉義,2023-01-05,1034
2409,友達,9,0,9,土銀-嘉義,2023-01-05,1034
3041,揚智,10,1,9,土銀-嘉義,2023-01-05,1034
2344,華邦電,8,0,8,土銀-嘉義,2023-01-05,1034
1605,華新,16,9,7,土銀-嘉義,2023-01-05,1034
2498,宏達電,52,45,7,土銀-嘉義,2023-01-05,1034
0050,元大台灣50,8,2,6,土銀-嘉義,2023-01-05,1034
00713,元大台灣高息低波,6,0,6,土銀-嘉義,2023-01-05,1034
00712,復華富時不動產,6,0,6,土銀-嘉義,2023-01-05,1034
1504,東元,6,0,6,土銀-嘉義,2023-01-05,1034
1445,大宇,6,0,6,土銀-嘉義,2023-01-05,1034
1609,大亞,6,0,6,土銀-嘉義,2023-01-05,1034
5483,中美晶,7,1,6,土銀-嘉義,2023-01-05,1034
1612,宏泰,5,0,5,土銀-嘉義,2023-01-05,1034
00888,永豐台灣ESG,5,0,5,土銀-嘉義,2023-01-05,1034
2338,光罩,5,0,5,土銀-嘉義,2023-01-05,1034
2353,宏��,5,0,5,土銀-嘉義,2023-01-05,1034
2419,仲琦,7,2,5,土銀-嘉義,2023-01-05,1034
2867,三商壽,5,0,5,土銀-嘉義,2023-01-05,1034
3046,建��,5,0,5,土銀-嘉義,2023-01-05,1034
4147,中裕,5,0,5,土銀-嘉義,2023-01-05,1034
6509,聚和,5,0,5,土銀-嘉義,2023-01-05,1034
8454,富邦媒,5,0,5,土銀-嘉義,2023-01-05,1034
1101,台泥,4,0,4,土銀-嘉義,2023-01-05,1034
2324,仁寶,4,0,4,土銀-嘉義,2023-01-05,1034
3714,富采,5,1,4,土銀-嘉義,2023-01-05,1034
6285,啟��,4,0,4,土銀-嘉義,2023-01-05,1034
8050,廣積,4,0,4,土銀-嘉義,2023-01-05,1034
1718,中纖,3,0,3,土銀-嘉義,2023-01-05,1034
2303,聯電,5,2,3,土銀-嘉義,2023-01-05,1034
4174,浩鼎,3,0,3,土銀-嘉義,2023-01-05,1034
00892,富邦台灣半導體,22,0,22,土銀-嘉義,2023-01-06,1034
1513,中興電,21,0,21,土銀-嘉義,2023-01-06,1034
00881,國泰台灣5G+,20,0,20,土銀-嘉義,2023-01-06,1034
00885,富邦越南,20,1,19,土銀-嘉義,2023-01-06,1034
2882,國泰金,17,2,15,土銀-嘉義,2023-01-06,1034
00893,國泰智能電動車,15,1,14,土銀-嘉義,2023-01-06,1034
0050,元大台灣50,12,0,12,土銀-嘉義,2023-01-06,1034
2344,華邦電,12,0,12,土銀-嘉義,2023-01-06,1034
2881,富邦金,11,0,11,土銀-嘉義,2023-01-06,1034
8105,凌巨,11,0,11,土銀-嘉義,2023-01-06,1034
00701,國泰股利精選30,10,0,10,土銀-嘉義,2023-01-06,1034
00664R,國泰臺灣加權反1,10,0,10,土銀-嘉義,2023-01-06,1034
2408,南亞科,10,0,10,土銀-嘉義,2023-01-06,1034
2888,新光金,15,5,10,土銀-嘉義,2023-01-06,1034
3705,永信,10,0,10,土銀-嘉義,2023-01-06,1034
5309,系統電,10,0,10,土銀-嘉義,2023-01-06,1034
4114,健喬,17,7,10,土銀-嘉義,2023-01-06,1034
2014,中鴻,11,2,9,土銀-嘉義,2023-01-06,1034
6547,高端疫苗,12,4,8,土銀-嘉義,2023-01-06,1034
3013,晟銘電,7,0,7,土銀-嘉義,2023-01-06,1034
2885,元大金,7,0,7,土銀-嘉義,2023-01-06,1034
2308,台達電,6,0,6,土銀-嘉義,2023-01-06,1034
2303,聯電,15,9,6,土銀-嘉義,2023-01-06,1034
00830,國泰費城半導體,6,0,6,土銀-嘉義,2023-01-06,1034
3466,德晉,10,4,6,土銀-嘉義,2023-01-06,1034
4167,松瑞藥,6,0,6,土銀-嘉義,2023-01-06,1034
0056,元大高股息,6,0,6,土銀-嘉義,2023-01-06,1034
2002,中鋼,10,5,5,土銀-嘉義,2023-01-06,1034
2609,陽明,6,1,5,土銀-嘉義,2023-01-06,1034
2889,國票金,9,4,5,土銀-嘉義,2023-01-06,1034
3712,永崴投控,5,0,5,土銀-嘉義,2023-01-06,1034
6182,合晶,5,0,5,土銀-嘉義,2023-01-06,1034
1445,大宇,4,0,4,土銀-嘉義,2023-01-06,1034
3162,精確,4,0,4,土銀-嘉義,2023-01-06,1034
8222,寶一,4,0,4,土銀-嘉義,2023-01-06,1034
2317,鴻海,5,1,4,土銀-嘉義,2023-01-06,1034
00878,國泰永續高股息,3,0,3,土銀-嘉義,2023-01-06,1034
2332,友訊,3,0,3,土銀-嘉義,2023-01-06,1034
2428,興勤,3,0,3,土銀-嘉義,2023-01-06,1034
3679,新至陞,3,0,3,土銀-嘉義,2023-01-06,1034
3708,上緯投控,3,0,3,土銀-嘉義,2023-01-06,1034
6708,天擎,3,0,3,土銀-嘉義,2023-01-06,1034
6176,瑞儀,3,1,2,土銀-嘉義,2023-01-06,1034
1752,南光,7,5,2,土銀-嘉義,2023-01-06,1034
2069,運錩,2,0,2,土銀-嘉義,2023-01-06,1034
2241,艾姆勒,2,0,2,土銀-嘉義,2023-01-06,1034
00648R,元大S＆P500反1,2,0,2,土銀-嘉義,2023-01-06,1034
00642U,期元大S＆P石油,2,0,2,土銀-嘉義,2023-01-06,1034
2367,燿華,2,0,2,土銀-嘉義,2023-01-06,1034
2393,億光,2,0,2,土銀-嘉義,2023-01-06,1034
00676R,富邦臺灣加權反1,220,0,220,土銀-嘉義,2023-01-09,1034
2603,長榮,101,0,101,土銀-嘉義,2023-01-09,1034
2801,彰銀,100,6,94,土銀-嘉義,2023-01-09,1034
2882,國泰金,90,2,88,土銀-嘉義,2023-01-09,1034
2344,華邦電,22,1,21,土銀-嘉義,2023-01-09,1034
6182,合晶,21,0,21,土銀-嘉義,2023-01-09,1034
00669R,國泰美國道瓊反1,15,0,15,土銀-嘉義,2023-01-09,1034
2889,國票金,14,0,14,土銀-嘉義,2023-01-09,1034
1513,中興電,15,2,13,土銀-嘉義,2023-01-09,1034
1909,榮成,14,1,13,土銀-嘉義,2023-01-09,1034
6530,創威,12,0,12,土銀-嘉義,2023-01-09,1034
00892,富邦台灣半導體,11,0,11,土銀-嘉義,2023-01-09,1034
2867,三商壽,11,0,11,土銀-嘉義,2023-01-09,1034
1809,中釉,10,0,10,土銀-嘉義,2023-01-09,1034
2388,威盛,10,0,10,土銀-嘉義,2023-01-09,1034
2241,艾姆勒,8,0,8,土銀-嘉義,2023-01-09,1034
3081,聯亞,8,0,8,土銀-嘉義,2023-01-09,1034
6218,豪勉,8,0,8,土銀-嘉義,2023-01-09,1034
00712,復華富時不動產,6,0,6,土銀-嘉義,2023-01-09,1034
0050,元大台灣50,10,4,6,土銀-嘉義,2023-01-09,1034
8429,金麗-KY,6,0,6,土銀-嘉義,2023-01-09,1034
00882,中信中國高股息,8,3,5,土銀-嘉義,2023-01-09,1034
00830,國泰費城半導體,5,0,5,土銀-嘉義,2023-01-09,1034
00903,富邦元宇宙,5,0,5,土銀-嘉義,2023-01-09,1034
1516,川飛,5,0,5,土銀-嘉義,2023-01-09,1034
2027,大成鋼,5,0,5,土銀-嘉義,2023-01-09,1034
2881,富邦金,5,0,5,土銀-嘉義,2023-01-09,1034
3548,兆利,5,0,5,土銀-嘉義,2023-01-09,1034
3708,上緯投控,8,3,5,土銀-嘉義,2023-01-09,1034
2408,南亞科,5,1,4,土銀-嘉義,2023-01-09,1034
2409,友達,5,1,4,土銀-嘉義,2023-01-09,1034
4722,國精化,4,0,4,土銀-嘉義,2023-01-09,1034
8069,元太,5,1,4,土銀-嘉義,2023-01-09,1034
8131,福懋科,4,0,4,土銀-嘉義,2023-01-09,1034
8150,南茂,4,0,4,土銀-嘉義,2023-01-09,1034
3034,聯詠,4,1,3,土銀-嘉義,2023-01-09,1034
1560,中砂,3,0,3,土銀-嘉義,2023-01-09,1034
1734,杏輝,3,0,3,土銀-嘉義,2023-01-09,1034
00885,富邦越南,3,0,3,土銀-嘉義,2023-01-09,1034
00720B,元大投資級公司債,3,0,3,土銀-嘉義,2023-01-09,1034
1795,美時,7,4,3,土銀-嘉義,2023-01-09,1034
2313,華通,8,5,3,土銀-嘉義,2023-01-09,1034
2328,廣宇,3,0,3,土銀-嘉義,2023-01-09,1034
2359,所羅門,3,0,3,土銀-嘉義,2023-01-09,1034
2484,希華,3,0,3,土銀-嘉義,2023-01-09,1034
2498,宏達電,12,9,3,土銀-嘉義,2023-01-09,1034
3532,台勝科,3,0,3,土銀-嘉義,2023-01-09,1034
3679,新至陞,3,0,3,土銀-嘉義,2023-01-09,1034
4147,中裕,3,0,3,土銀-嘉義,2023-01-09,1034
4174,浩鼎,4,1,3,土銀-嘉義,2023-01-09,1034
2845,遠東銀,120,0,120,土銀-嘉義,2023-01-10,1034
00632R,元大台灣50反1,50,0,50,土銀-嘉義,2023-01-10,1034
00878,國泰永續高股息,27,4,23,土銀-嘉義,2023-01-10,1034
00671R,富邦NASDAQ反1,20,0,20,土銀-嘉義,2023-01-10,1034
3231,緯創,20,0,20,土銀-嘉義,2023-01-10,1034
0056,元大高股息,16,1,15,土銀-嘉義,2023-01-10,1034
2609,陽明,15,0,15,土銀-嘉義,2023-01-10,1034
3705,永信,15,0,15,土銀-嘉義,2023-01-10,1034
00892,富邦台灣半導體,12,0,12,土銀-嘉義,2023-01-10,1034
2357,華碩,10,0,10,土銀-嘉義,2023-01-10,1034
8105,凌巨,12,2,10,土銀-嘉義,2023-01-10,1034
00830,國泰費城半導體,21,12,9,土銀-嘉義,2023-01-10,1034
3128,昇銳,9,0,9,土銀-嘉義,2023-01-10,1034
4114,健喬,8,0,8,土銀-嘉義,2023-01-10,1034
8249,菱光,8,0,8,土銀-嘉義,2023-01-10,1034
3189,景碩,7,0,7,土銀-嘉義,2023-01-10,1034
1907,永豐餘,6,0,6,土銀-嘉義,2023-01-10,1034
2353,宏��,6,0,6,土銀-嘉義,2023-01-10,1034
6770,力積電,7,1,6,土銀-嘉義,2023-01-10,1034
1612,宏泰,5,0,5,土銀-嘉義,2023-01-10,1034
3481,群創,5,0,5,土銀-嘉義,2023-01-10,1034
6109,亞元,5,0,5,土銀-嘉義,2023-01-10,1034
6274,台燿,5,0,5,土銀-嘉義,2023-01-10,1034
00642U,期元大S＆P石油,4,0,4,土銀-嘉義,2023-01-10,1034
1605,華新,15,11,4,土銀-嘉義,2023-01-10,1034
3714,富采,6,2,4,土銀-嘉義,2023-01-10,1034
6589,台康生技,9,5,4,土銀-嘉義,2023-01-10,1034
9907,統一實,4,0,4,土銀-嘉義,2023-01-10,1034
8016,矽創,4,0,4,土銀-嘉義,2023-01-10,1034
2241,艾姆勒,3,0,3,土銀-嘉義,2023-01-10,1034
2387,精元,3,0,3,土銀-嘉義,2023-01-10,1034
3679,新至陞,3,0,3,土銀-嘉義,2023-01-10,1034
5371,中光電,3,0,3,土銀-嘉義,2023-01-10,1034
8255,朋程,3,0,3,土銀-嘉義,2023-01-10,1034
4938,和碩,3,0,3,土銀-嘉義,2023-01-10,1034
1795,美時,2,0,2,土銀-嘉義,2023-01-10,1034
1701,中化,4,2,2,土銀-嘉義,2023-01-10,1034
00885,富邦越南,2,0,2,土銀-嘉義,2023-01-10,1034
00715L,期街口布蘭特正2,2,0,2,土銀-嘉義,2023-01-10,1034
00712,復華富時不動產,2,0,2,土銀-嘉義,2023-01-10,1034
0050,元大台灣50,2,0,2,土銀-嘉義,2023-01-10,1034
00665L,富邦�琤肭磪囓�2,2,0,2,土銀-嘉義,2023-01-10,1034
2034,允強,2,0,2,土銀-嘉義,2023-01-10,1034
2328,廣宇,2,0,2,土銀-嘉義,2023-01-10,1034
2363,矽統,2,0,2,土銀-嘉義,2023-01-10,1034
2401,凌陽,2,0,2,土銀-嘉義,2023-01-10,1034
2515,中工,2,0,2,土銀-嘉義,2023-01-10,1034
2603,長榮,2,0,2,土銀-嘉義,2023-01-10,1034
2610,華航,3,1,2,土銀-嘉義,2023-01-10,1034
2615,萬海,2,0,2,土銀-嘉義,2023-01-10,1034
2845,遠東銀,50,10,40,土銀-嘉義,2023-01-11,1034
00671R,富邦NASDAQ反1,20,0,20,土銀-嘉義,2023-01-11,1034
00715L,期街口布蘭特正2,16,0,16,土銀-嘉義,2023-01-11,1034
2882,國泰金,13,0,13,土銀-嘉義,2023-01-11,1034
2884,玉山金,12,0,12,土銀-嘉義,2023-01-11,1034
2897,王道銀行,21,9,12,土銀-嘉義,2023-01-11,1034
4904,遠傳,12,0,12,土銀-嘉義,2023-01-11,1034
00892,富邦台灣半導體,11,0,11,土銀-嘉義,2023-01-11,1034
4746,台耀,14,3,11,土銀-嘉義,2023-01-11,1034
6486,互動,11,0,11,土銀-嘉義,2023-01-11,1034
00669R,國泰美國道瓊反1,10,0,10,土銀-嘉義,2023-01-11,1034
3705,永信,10,0,10,土銀-嘉義,2023-01-11,1034
6530,創威,10,0,10,土銀-嘉義,2023-01-11,1034
8429,金麗-KY,9,0,9,土銀-嘉義,2023-01-11,1034
00878,國泰永續高股息,8,0,8,土銀-嘉義,2023-01-11,1034
00830,國泰費城半導體,10,2,8,土銀-嘉義,2023-01-11,1034
0056,元大高股息,6,0,6,土銀-嘉義,2023-01-11,1034
1701,中化,11,6,5,土銀-嘉義,2023-01-11,1034
00893,國泰智能電動車,5,0,5,土銀-嘉義,2023-01-11,1034
2027,大成鋼,6,1,5,土銀-嘉義,2023-01-11,1034
2388,威盛,5,0,5,土銀-嘉義,2023-01-11,1034
3380,明泰,7,2,5,土銀-嘉義,2023-01-11,1034
6274,台燿,5,0,5,土銀-嘉義,2023-01-11,1034
00885,富邦越南,8,4,4,土銀-嘉義,2023-01-11,1034
2241,艾姆勒,4,0,4,土銀-嘉義,2023-01-11,1034
2359,所羅門,4,0,4,土銀-嘉義,2023-01-11,1034
5880,合庫金,4,0,4,土銀-嘉義,2023-01-11,1034
3045,台灣大,4,0,4,土銀-嘉義,2023-01-11,1034
00882,中信中國高股息,3,0,3,土銀-嘉義,2023-01-11,1034
00900,富邦特選高股息30,3,0,3,土銀-嘉義,2023-01-11,1034
2495,普安,3,0,3,土銀-嘉義,2023-01-11,1034
2892,第一金,3,0,3,土銀-嘉義,2023-01-11,1034
4133,亞諾法,3,0,3,土銀-嘉義,2023-01-11,1034
4979,華星光,3,0,3,土銀-嘉義,2023-01-11,1034
5351,鈺創,3,0,3,土銀-嘉義,2023-01-11,1034
6239,力成,3,0,3,土銀-嘉義,2023-01-11,1034
6616,特昇-KY,3,0,3,土銀-嘉義,2023-01-11,1034
1760,寶齡富錦,2,0,2,土銀-嘉義,2023-01-11,1034
00642U,期元大S＆P石油,2,0,2,土銀-嘉義,2023-01-11,1034
00720B,元大投資級公司債,2,0,2,土銀-嘉義,2023-01-11,1034
00680L,元大美債20正2,2,0,2,土銀-嘉義,2023-01-11,1034
2401,凌陽,2,0,2,土銀-嘉義,2023-01-11,1034
2458,義隆,2,0,2,土銀-嘉義,2023-01-11,1034
3081,聯亞,2,0,2,土銀-嘉義,2023-01-11,1034
3707,漢磊,2,0,2,土銀-嘉義,2023-01-11,1034
5483,中美晶,2,0,2,土銀-嘉義,2023-01-11,1034
8044,網家,2,0,2,土銀-嘉義,2023-01-11,1034
8105,凌巨,2,0,2,土銀-嘉義,2023-01-11,1034
8916,光隆,2,0,2,土銀-嘉義,2023-01-11,1034
9910,豐泰,2,0,2,土銀-嘉義,2023-01-11,1034
00882,中信中國高股息,94,0,94,土銀-嘉義,2023-01-12,1034
2880,華南金,85,0,85,土銀-嘉義,2023-01-12,1034
2892,第一金,44,0,44,土銀-嘉義,2023-01-12,1034
5321,美而快,28,1,27,土銀-嘉義,2023-01-12,1034
2409,友達,25,2,23,土銀-嘉義,2023-01-12,1034
6770,力積電,16,4,12,土銀-嘉義,2023-01-12,1034
2317,鴻海,11,0,11,土銀-嘉義,2023-01-12,1034
2009,第一銅,11,0,11,土銀-嘉義,2023-01-12,1034
3714,富采,16,5,11,土銀-嘉義,2023-01-12,1034
4121,優盛,11,0,11,土銀-嘉義,2023-01-12,1034
00878,國泰永續高股息,10,0,10,土銀-嘉義,2023-01-12,1034
2539,櫻花建,10,0,10,土銀-嘉義,2023-01-12,1034
2888,新光金,10,0,10,土銀-嘉義,2023-01-12,1034
6213,聯茂,10,0,10,土銀-嘉義,2023-01-12,1034
6257,矽格,10,0,10,土銀-嘉義,2023-01-12,1034
2609,陽明,9,0,9,土銀-嘉義,2023-01-12,1034
0056,元大高股息,8,0,8,土銀-嘉義,2023-01-12,1034
3705,永信,8,0,8,土銀-嘉義,2023-01-12,1034
1795,美時,7,0,7,土銀-嘉義,2023-01-12,1034
2303,聯電,21,14,7,土銀-嘉義,2023-01-12,1034
00885,富邦越南,6,0,6,土銀-嘉義,2023-01-12,1034
2428,興勤,6,0,6,土銀-嘉義,2023-01-12,1034
2444,兆勁,6,0,6,土銀-嘉義,2023-01-12,1034
2618,長榮航,12,6,6,土銀-嘉義,2023-01-12,1034
8429,金麗-KY,6,0,6,土銀-嘉義,2023-01-12,1034
2603,長榮,6,1,5,土銀-嘉義,2023-01-12,1034
1615,大山,5,0,5,土銀-嘉義,2023-01-12,1034
00669R,國泰美國道瓊反1,5,0,5,土銀-嘉義,2023-01-12,1034
2380,虹光,5,0,5,土銀-嘉義,2023-01-12,1034
2548,華固,5,0,5,土銀-嘉義,2023-01-12,1034
2634,漢翔,5,0,5,土銀-嘉義,2023-01-12,1034
2891,中信金,5,0,5,土銀-嘉義,2023-01-12,1034
5443,均豪,5,0,5,土銀-嘉義,2023-01-12,1034
2027,大成鋼,9,5,4,土銀-嘉義,2023-01-12,1034
2312,金寶,4,0,4,土銀-嘉義,2023-01-12,1034
2641,正德,4,0,4,土銀-嘉義,2023-01-12,1034
2736,富野,5,1,4,土銀-嘉義,2023-01-12,1034
2887,台新金,4,0,4,土銀-嘉義,2023-01-12,1034
00900,富邦特選高股息30,3,0,3,土銀-嘉義,2023-01-12,1034
2340,台亞,3,0,3,土銀-嘉義,2023-01-12,1034
2492,華新科,3,0,3,土銀-嘉義,2023-01-12,1034
5880,合庫金,3,0,3,土銀-嘉義,2023-01-12,1034
6616,特昇-KY,3,0,3,土銀-嘉義,2023-01-12,1034
6806,森崴能源,3,0,3,土銀-嘉義,2023-01-12,1034
8112,至上,3,0,3,土銀-嘉義,2023-01-12,1034
2308,台達電,2,0,2,土銀-嘉義,2023-01-12,1034
1304,台聚,3,1,2,土銀-嘉義,2023-01-12,1034
00903,富邦元宇宙,2,0,2,土銀-嘉義,2023-01-12,1034
00892,富邦台灣半導體,2,0,2,土銀-嘉義,2023-01-12,1034
00752,中信中國50,2,0,2,土銀-嘉義,2023-01-12,1034
2845,遠東銀,232,0,232,土銀-嘉義,2023-01-13,1034
2609,陽明,64,1,63,土銀-嘉義,2023-01-13,1034
00673R,期元大S＆P原油反1,30,0,30,土銀-嘉義,2023-01-13,1034
2880,華南金,30,0,30,土銀-嘉義,2023-01-13,1034
2303,聯電,31,5,26,土銀-嘉義,2023-01-13,1034
2883,凱基金,25,0,25,土銀-嘉義,2023-01-13,1034
5410,國眾,24,0,24,土銀-嘉義,2023-01-13,1034
00671R,富邦NASDAQ反1,20,0,20,土銀-嘉義,2023-01-13,1034
3013,晟銘電,20,0,20,土銀-嘉義,2023-01-13,1034
6591,動力-KY,20,0,20,土銀-嘉義,2023-01-13,1034
00632R,元大台灣50反1,15,0,15,土銀-嘉義,2023-01-13,1034
2312,金寶,13,0,13,土銀-嘉義,2023-01-13,1034
1605,華新,12,2,10,土銀-嘉義,2023-01-13,1034
1513,中興電,10,0,10,土銀-嘉義,2023-01-13,1034
2027,大成鋼,10,0,10,土銀-嘉義,2023-01-13,1034
2498,宏達電,13,3,10,土銀-嘉義,2023-01-13,1034
2897,王道銀行,10,0,10,土銀-嘉義,2023-01-13,1034
4804,大略-KY,10,0,10,土銀-嘉義,2023-01-13,1034
9945,潤泰新,10,0,10,土銀-嘉義,2023-01-13,1034
00878,國泰永續高股息,15,6,9,土銀-嘉義,2023-01-13,1034
2444,兆勁,6,0,6,土銀-嘉義,2023-01-13,1034
1608,華榮,6,1,5,土銀-嘉義,2023-01-13,1034
2241,艾姆勒,5,0,5,土銀-嘉義,2023-01-13,1034
2342,茂矽,5,0,5,土銀-嘉義,2023-01-13,1034
2634,漢翔,5,0,5,土銀-嘉義,2023-01-13,1034
3714,富采,5,0,5,土銀-嘉義,2023-01-13,1034
1536,和大,4,0,4,土銀-嘉義,2023-01-13,1034
3228,金麗科,4,0,4,土銀-嘉義,2023-01-13,1034
8103,瀚荃,4,0,4,土銀-嘉義,2023-01-13,1034
1723,中碳,3,0,3,土銀-嘉義,2023-01-13,1034
00712,復華富時不動產,3,0,3,土銀-嘉義,2023-01-13,1034
3178,公準,3,0,3,土銀-嘉義,2023-01-13,1034
3704,合勤控,3,0,3,土銀-嘉義,2023-01-13,1034
4976,佳凌,3,0,3,土銀-嘉義,2023-01-13,1034
6191,精成科,3,0,3,土銀-嘉義,2023-01-13,1034
3105,穩懋,2,0,2,土銀-嘉義,2023-01-13,1034
00893,國泰智能電動車,2,0,2,土銀-嘉義,2023-01-13,1034
00679B,元大美債20年,2,0,2,土銀-嘉義,2023-01-13,1034
1752,南光,7,5,2,土銀-嘉義,2023-01-13,1034
1762,中化生,2,0,2,土銀-嘉義,2023-01-13,1034
2428,興勤,2,0,2,土銀-嘉義,2023-01-13,1034
2633,台灣高鐵,2,0,2,土銀-嘉義,2023-01-13,1034
2916,滿心,2,0,2,土銀-嘉義,2023-01-13,1034
3035,智原,2,0,2,土銀-嘉義,2023-01-13,1034
3062,建漢,2,0,2,土銀-嘉義,2023-01-13,1034
3708,上緯投控,3,1,2,土銀-嘉義,2023-01-13,1034
5351,鈺創,2,0,2,土銀-嘉義,2023-01-13,1034
6245,立端,2,0,2,土銀-嘉義,2023-01-13,1034
6443,元晶,2,0,2,土銀-嘉義,2023-01-13,1034
6530,創威,2,0,2,土銀-嘉義,2023-01-13,1034
2845,遠東銀,300,6,294,土銀-嘉義,2023-01-16,1034
00882,中信中國高股息,82,0,82,土銀-嘉義,2023-01-16,1034
2609,陽明,72,11,61,土銀-嘉義,2023-01-16,1034
2610,華航,50,0,50,土銀-嘉義,2023-01-16,1034
00770,國泰北美科技,30,0,30,土銀-嘉義,2023-01-16,1034
3011,今皓,30,0,30,土銀-嘉義,2023-01-16,1034
2332,友訊,25,0,25,土銀-嘉義,2023-01-16,1034
00878,國泰永續高股息,30,11,19,土銀-嘉義,2023-01-16,1034
5410,國眾,19,0,19,土銀-嘉義,2023-01-16,1034
2303,聯電,22,3,19,土銀-嘉義,2023-01-16,1034
8358,金居,11,0,11,土銀-嘉義,2023-01-16,1034
1605,華新,14,4,10,土銀-嘉義,2023-01-16,1034
2388,威盛,10,0,10,土銀-嘉義,2023-01-16,1034
2852,第一保,10,0,10,土銀-嘉義,2023-01-16,1034
6541,泰福-KY,10,0,10,土銀-嘉義,2023-01-16,1034
2317,鴻海,10,2,8,土銀-嘉義,2023-01-16,1034
6443,元晶,8,0,8,土銀-嘉義,2023-01-16,1034
2618,長榮航,7,0,7,土銀-嘉義,2023-01-16,1034
2888,新光金,11,5,6,土銀-嘉義,2023-01-16,1034
00897,富邦基因免疫生技,5,0,5,土銀-嘉義,2023-01-16,1034
00892,富邦台灣半導體,5,0,5,土銀-嘉義,2023-01-16,1034
00885,富邦越南,5,0,5,土銀-嘉義,2023-01-16,1034
00669R,國泰美國道瓊反1,5,0,5,土銀-嘉義,2023-01-16,1034
00632R,元大台灣50反1,5,0,5,土銀-嘉義,2023-01-16,1034
2027,大成鋼,5,0,5,土銀-嘉義,2023-01-16,1034
2241,艾姆勒,5,0,5,土銀-嘉義,2023-01-16,1034
2889,國票金,5,0,5,土銀-嘉義,2023-01-16,1034
4979,華星光,10,5,5,土銀-嘉義,2023-01-16,1034
6547,高端疫苗,5,0,5,土銀-嘉義,2023-01-16,1034
0056,元大高股息,5,0,5,土銀-嘉義,2023-01-16,1034
5009,榮剛,5,0,5,土銀-嘉義,2023-01-16,1034
00720B,元大投資級公司債,4,0,4,土銀-嘉義,2023-01-16,1034
00679B,元大美債20年,4,0,4,土銀-嘉義,2023-01-16,1034
3041,揚智,4,0,4,土銀-嘉義,2023-01-16,1034
00903,富邦元宇宙,3,0,3,土銀-嘉義,2023-01-16,1034
1304,台聚,3,0,3,土銀-嘉義,2023-01-16,1034
2428,興勤,3,0,3,土銀-嘉義,2023-01-16,1034
3037,欣興,6,3,3,土銀-嘉義,2023-01-16,1034
3704,合勤控,3,0,3,土銀-嘉義,2023-01-16,1034
9907,統一實,3,0,3,土銀-嘉義,2023-01-16,1034
1443,立益物流,2,0,2,土銀-嘉義,2023-01-16,1034
2607,榮運,2,0,2,土銀-嘉義,2023-01-16,1034
3178,公準,2,0,2,土銀-嘉義,2023-01-16,1034
4968,立積,3,1,2,土銀-嘉義,2023-01-16,1034
6266,泰詠,2,0,2,土銀-嘉義,2023-01-16,1034
6741,91APP*-KY,2,0,2,土銀-嘉義,2023-01-16,1034
8050,廣積,3,1,2,土銀-嘉義,2023-01-16,1034
8341,日友,2,0,2,土銀-嘉義,2023-01-16,1034
8420,明揚,2,0,2,土銀-嘉義,2023-01-16,1034
912000,晨訊科-DR,2,0,2,土銀-嘉義,2023-01-16,1034
2883,凱基金,275,1,274,土銀-嘉義,2023-01-17,1034
00885,富邦越南,198,0,198,土銀-嘉義,2023-01-17,1034
2845,遠東銀,78,0,78,土銀-嘉義,2023-01-17,1034
1101,台泥,26,2,24,土銀-嘉義,2023-01-17,1034
2610,華航,23,0,23,土銀-嘉義,2023-01-17,1034
5321,美而快,22,0,22,土銀-嘉義,2023-01-17,1034
2607,榮運,20,0,20,土銀-嘉義,2023-01-17,1034
6770,力積電,20,2,18,土銀-嘉義,2023-01-17,1034
2882,國泰金,14,2,12,土銀-嘉義,2023-01-17,1034
5309,系統電,11,0,11,土銀-嘉義,2023-01-17,1034
2609,陽明,11,1,10,土銀-嘉義,2023-01-17,1034
2887,台新金,10,0,10,土銀-嘉義,2023-01-17,1034
00882,中信中國高股息,10,0,10,土銀-嘉義,2023-01-17,1034
2618,長榮航,9,0,9,土銀-嘉義,2023-01-17,1034
2317,鴻海,10,2,8,土銀-嘉義,2023-01-17,1034
00878,國泰永續高股息,8,0,8,土銀-嘉義,2023-01-17,1034
8044,網家,8,0,8,土銀-嘉義,2023-01-17,1034
3491,昇達科,7,0,7,土銀-嘉義,2023-01-17,1034
6139,亞翔,7,0,7,土銀-嘉義,2023-01-17,1034
00720B,元大投資級公司債,6,0,6,土銀-嘉義,2023-01-17,1034
3714,富采,6,0,6,土銀-嘉義,2023-01-17,1034
4105,東洋,6,0,6,土銀-嘉義,2023-01-17,1034
8933,愛地雅,6,0,6,土銀-嘉義,2023-01-17,1034
1584,精剛,5,0,5,土銀-嘉義,2023-01-17,1034
00632R,元大台灣50反1,5,0,5,土銀-嘉義,2023-01-17,1034
2027,大成鋼,5,0,5,土銀-嘉義,2023-01-17,1034
2388,威盛,6,1,5,土銀-嘉義,2023-01-17,1034
2468,華經,5,0,5,土銀-嘉義,2023-01-17,1034
2603,長榮,6,1,5,土銀-嘉義,2023-01-17,1034
2897,王道銀行,5,0,5,土銀-嘉義,2023-01-17,1034
3484,崧騰,5,0,5,土銀-嘉義,2023-01-17,1034
3548,兆利,5,0,5,土銀-嘉義,2023-01-17,1034
3576,聯合再生,5,0,5,土銀-嘉義,2023-01-17,1034
5410,國眾,5,0,5,土銀-嘉義,2023-01-17,1034
6530,創威,5,0,5,土銀-嘉義,2023-01-17,1034
6547,高端疫苗,5,0,5,土銀-嘉義,2023-01-17,1034
3455,由田,4,0,4,土銀-嘉義,2023-01-17,1034
3481,群創,5,1,4,土銀-嘉義,2023-01-17,1034
1342,八貫,4,0,4,土銀-嘉義,2023-01-17,1034
8454,富邦媒,8,4,4,土銀-嘉義,2023-01-17,1034
2368,金像電,3,0,3,土銀-嘉義,2023-01-17,1034
3081,聯亞,3,0,3,土銀-嘉義,2023-01-17,1034
4536,拓凱,3,0,3,土銀-嘉義,2023-01-17,1034
00783,富邦中証500,2,0,2,土銀-嘉義,2023-01-17,1034
1313,聯成,2,0,2,土銀-嘉義,2023-01-17,1034
1560,中砂,2,0,2,土銀-嘉義,2023-01-17,1034
1519,華城,2,0,2,土銀-嘉義,2023-01-17,1034
1789,神隆,2,0,2,土銀-嘉義,2023-01-17,1034
2615,萬海,3,1,2,土銀-嘉義,2023-01-17,1034
2884,玉山金,2,0,2,土銀-嘉義,2023-01-17,1034
00885,富邦越南,522,0,522,土銀-嘉義,2023-01-30,1034
00632R,元大台灣50反1,321,2,319,土銀-嘉義,2023-01-30,1034
2412,中華電,51,0,51,土銀-嘉義,2023-01-30,1034
1305,華夏,25,1,24,土銀-嘉義,2023-01-30,1034
2241,艾姆勒,24,0,24,土銀-嘉義,2023-01-30,1034
2317,鴻海,26,2,24,土銀-嘉義,2023-01-30,1034
00903,富邦元宇宙,20,0,20,土銀-嘉義,2023-01-30,1034
6591,動力-KY,20,0,20,土銀-嘉義,2023-01-30,1034
00665L,富邦�琤肭磪囓�2,13,0,13,土銀-嘉義,2023-01-30,1034
3322,建舜電,12,0,12,土銀-嘉義,2023-01-30,1034
6016,康和證,12,0,12,土銀-嘉義,2023-01-30,1034
00712,復華富時不動產,10,0,10,土銀-嘉義,2023-01-30,1034
2329,華泰,10,0,10,土銀-嘉義,2023-01-30,1034
3228,金麗科,10,0,10,土銀-嘉義,2023-01-30,1034
6150,撼訊,11,1,10,土銀-嘉義,2023-01-30,1034
2539,櫻花建,9,0,9,土銀-嘉義,2023-01-30,1034
2881,富邦金,10,2,8,土銀-嘉義,2023-01-30,1034
2607,榮運,10,2,8,土銀-嘉義,2023-01-30,1034
2609,陽明,8,0,8,土銀-嘉義,2023-01-30,1034
2027,大成鋼,8,2,6,土銀-嘉義,2023-01-30,1034
3484,崧騰,6,0,6,土銀-嘉義,2023-01-30,1034
1525,江申,5,0,5,土銀-嘉義,2023-01-30,1034
2415,錩新,5,0,5,土銀-嘉義,2023-01-30,1034
3189,景碩,6,1,5,土銀-嘉義,2023-01-30,1034
4747,強生,5,0,5,土銀-嘉義,2023-01-30,1034
9904,寶成,5,0,5,土銀-嘉義,2023-01-30,1034
2454,聯發科,5,0,5,土銀-嘉義,2023-01-30,1034
2891,中信金,4,0,4,土銀-嘉義,2023-01-30,1034
3548,兆利,4,0,4,土銀-嘉義,2023-01-30,1034
1432,大魯閣,4,0,4,土銀-嘉義,2023-01-30,1034
00897,富邦基因免疫生技,3,0,3,土銀-嘉義,2023-01-30,1034
2338,光罩,10,7,3,土銀-嘉義,2023-01-30,1034
2342,茂矽,3,0,3,土銀-嘉義,2023-01-30,1034
2478,大毅,3,0,3,土銀-嘉義,2023-01-30,1034
2633,台灣高鐵,3,0,3,土銀-嘉義,2023-01-30,1034
2634,漢翔,3,0,3,土銀-嘉義,2023-01-30,1034
3527,聚積,3,0,3,土銀-嘉義,2023-01-30,1034
3583,辛耘,3,0,3,土銀-嘉義,2023-01-30,1034
6788,華景電,12,9,3,土銀-嘉義,2023-01-30,1034
8050,廣積,3,0,3,土銀-嘉義,2023-01-30,1034
6147,頎邦,3,0,3,土銀-嘉義,2023-01-30,1034
8924,大田,3,0,3,土銀-嘉義,2023-01-30,1034
00720B,元大投資級公司債,5,3,2,土銀-嘉義,2023-01-30,1034
3218,大學光,2,0,2,土銀-嘉義,2023-01-30,1034
0050,元大台灣50,5,3,2,土銀-嘉義,2023-01-30,1034
00684R,期元大美元指反1,2,0,2,土銀-嘉義,2023-01-30,1034
00654R,富邦印度反1,2,0,2,土銀-嘉義,2023-01-30,1034
00772B,中信高評級公司債,2,0,2,土銀-嘉義,2023-01-30,1034
00882,中信中國高股息,75,73,2,土銀-嘉義,2023-01-30,1034
1609,大亞,2,0,2,土銀-嘉義,2023-01-30,1034
00882,中信中國高股息,218,10,208,土銀-嘉義,2023-01-31,1034
2892,第一金,124,0,124,土銀-嘉義,2023-01-31,1034
5309,系統電,50,8,42,土銀-嘉義,2023-01-31,1034
6770,力積電,41,2,39,土銀-嘉義,2023-01-31,1034
00885,富邦越南,25,0,25,土銀-嘉義,2023-01-31,1034
2412,中華電,23,0,23,土銀-嘉義,2023-01-31,1034
00878,國泰永續高股息,22,0,22,土銀-嘉義,2023-01-31,1034
4105,東洋,21,0,21,土銀-嘉義,2023-01-31,1034
2834,臺企銀,21,0,21,土銀-嘉義,2023-01-31,1034
00893,國泰智能電動車,26,10,16,土銀-嘉義,2023-01-31,1034
3176,基亞,15,0,15,土銀-嘉義,2023-01-31,1034
5607,遠雄港,14,0,14,土銀-嘉義,2023-01-31,1034
00637L,元大滬深300正2,13,0,13,土銀-嘉義,2023-01-31,1034
2887,台新金,14,1,13,土銀-嘉義,2023-01-31,1034
2002,中鋼,13,1,12,土銀-嘉義,2023-01-31,1034
2890,永豐金,11,0,11,土銀-嘉義,2023-01-31,1034
1101,台泥,9,0,9,土銀-嘉義,2023-01-31,1034
2881,富邦金,11,2,9,土銀-嘉義,2023-01-31,1034
3178,公準,11,4,7,土銀-嘉義,2023-01-31,1034
5410,國眾,7,0,7,土銀-嘉義,2023-01-31,1034
1319,東陽,7,1,6,土銀-嘉義,2023-01-31,1034
2201,裕隆,8,3,5,土銀-嘉義,2023-01-31,1034
2241,艾姆勒,5,0,5,土銀-嘉義,2023-01-31,1034
2885,元大金,5,0,5,土銀-嘉義,2023-01-31,1034
4114,健喬,5,0,5,土銀-嘉義,2023-01-31,1034
4961,天鈺,5,0,5,土銀-嘉義,2023-01-31,1034
6116,彩晶,7,2,5,土銀-嘉義,2023-01-31,1034
5880,合庫金,4,0,4,土銀-嘉義,2023-01-31,1034
1526,日馳,4,0,4,土銀-嘉義,2023-01-31,1034
1219,福壽,5,1,4,土銀-嘉義,2023-01-31,1034
1304,台聚,6,2,4,土銀-嘉義,2023-01-31,1034
1443,立益物流,4,0,4,土銀-嘉義,2023-01-31,1034
2603,長榮,4,0,4,土銀-嘉義,2023-01-31,1034
6576,逸達,4,0,4,土銀-嘉義,2023-01-31,1034
2428,興勤,3,0,3,土銀-嘉義,2023-01-31,1034
2449,京元電子,4,1,3,土銀-嘉義,2023-01-31,1034
2884,玉山金,3,0,3,土銀-嘉義,2023-01-31,1034
2886,兆豐金,3,0,3,土銀-嘉義,2023-01-31,1034
3017,奇鋐,3,0,3,土銀-嘉義,2023-01-31,1034
6139,亞翔,5,2,3,土銀-嘉義,2023-01-31,1034
6213,聯茂,3,0,3,土銀-嘉義,2023-01-31,1034
6244,茂迪,3,0,3,土銀-嘉義,2023-01-31,1034
6274,台燿,11,8,3,土銀-嘉義,2023-01-31,1034
6788,華景電,8,5,3,土銀-嘉義,2023-01-31,1034
2330,台積電,5,3,2,土銀-嘉義,2023-01-31,1034
2451,創見,2,0,2,土銀-嘉義,2023-01-31,1034
1417,嘉裕,2,0,2,土銀-嘉義,2023-01-31,1034
00772B,中信高評級公司債,2,0,2,土銀-嘉義,2023-01-31,1034
00741B,富邦全球非投等債,2,0,2,土銀-嘉義,2023-01-31,1034
00720B,元大投資級公司債,2,0,2,土銀-嘉義,2023-01-31,1034
2845,遠東銀,425,1,424,土銀-嘉義,2023-02-01,1034
2201,裕隆,81,7,74,土銀-嘉義,2023-02-01,1034
2883,凱基金,42,0,42,土銀-嘉義,2023-02-01,1034
9105,泰金寶-DR,25,0,25,土銀-嘉義,2023-02-01,1034
00878,國泰永續高股息,21,0,21,土銀-嘉義,2023-02-01,1034
2030,彰源,18,2,16,土銀-嘉義,2023-02-01,1034
2634,漢翔,14,0,14,土銀-嘉義,2023-02-01,1034
1326,台化,10,0,10,土銀-嘉義,2023-02-01,1034
00830,國泰費城半導體,10,0,10,土銀-嘉義,2023-02-01,1034
00633L,富邦上証正2,20,10,10,土銀-嘉義,2023-02-01,1034
1608,華榮,10,0,10,土銀-嘉義,2023-02-01,1034
2023,燁輝,10,0,10,土銀-嘉義,2023-02-01,1034
2204,中華,10,0,10,土銀-嘉義,2023-02-01,1034
2409,友達,12,3,9,土銀-嘉義,2023-02-01,1034
2882,國泰金,10,1,9,土銀-嘉義,2023-02-01,1034
6441,廣錠,7,0,7,土銀-嘉義,2023-02-01,1034
1701,中化,6,0,6,土銀-嘉義,2023-02-01,1034
3481,群創,6,0,6,土銀-嘉義,2023-02-01,1034
3548,兆利,6,0,6,土銀-嘉義,2023-02-01,1034
4128,中天,7,1,6,土銀-嘉義,2023-02-01,1034
6548,長科*,6,0,6,土銀-嘉義,2023-02-01,1034
00637L,元大滬深300正2,13,8,5,土銀-嘉義,2023-02-01,1034
2028,威致,5,0,5,土銀-嘉義,2023-02-01,1034
2241,艾姆勒,5,0,5,土銀-嘉義,2023-02-01,1034
2368,金像電,5,0,5,土銀-嘉義,2023-02-01,1034
4906,正文,5,0,5,土銀-嘉義,2023-02-01,1034
5410,國眾,5,0,5,土銀-嘉義,2023-02-01,1034
1314,中石化,4,0,4,土銀-嘉義,2023-02-01,1034
2009,第一銅,7,3,4,土銀-嘉義,2023-02-01,1034
2014,中鴻,5,1,4,土銀-嘉義,2023-02-01,1034
2481,強茂,4,0,4,土銀-嘉義,2023-02-01,1034
2881,富邦金,8,4,4,土銀-嘉義,2023-02-01,1034
6153,嘉聯益,4,0,4,土銀-嘉義,2023-02-01,1034
6168,宏齊,5,1,4,土銀-嘉義,2023-02-01,1034
00713,元大台灣高息低波,3,0,3,土銀-嘉義,2023-02-01,1034
00885,富邦越南,3,0,3,土銀-嘉義,2023-02-01,1034
2358,廷鑫,3,0,3,土銀-嘉義,2023-02-01,1034
2834,臺企銀,4,1,3,土銀-嘉義,2023-02-01,1034
2891,中信金,3,0,3,土銀-嘉義,2023-02-01,1034
3031,佰鴻,3,0,3,土銀-嘉義,2023-02-01,1034
4938,和碩,3,0,3,土銀-嘉義,2023-02-01,1034
6143,振曜,4,1,3,土銀-嘉義,2023-02-01,1034
6220,岳豐,3,0,3,土銀-嘉義,2023-02-01,1034
8105,凌巨,3,0,3,土銀-嘉義,2023-02-01,1034
8429,金麗-KY,3,0,3,土銀-嘉義,2023-02-01,1034
3704,合勤控,6,4,2,土銀-嘉義,2023-02-01,1034
6525,捷敏-KY,2,0,2,土銀-嘉義,2023-02-01,1034
1319,東陽,2,0,2,土銀-嘉義,2023-02-01,1034
1789,神隆,2,0,2,土銀-嘉義,2023-02-01,1034
1580,新麥,2,0,2,土銀-嘉義,2023-02-01,1034
00632R,元大台灣50反1,414,0,414,土銀-嘉義,2023-02-02,1034
2845,遠東銀,281,18,263,土銀-嘉義,2023-02-02,1034
00671R,富邦NASDAQ反1,50,0,50,土銀-嘉義,2023-02-02,1034
2880,華南金,30,0,30,土銀-嘉義,2023-02-02,1034
2618,長榮航,35,11,24,土銀-嘉義,2023-02-02,1034
6770,力積電,33,11,22,土銀-嘉義,2023-02-02,1034
8105,凌巨,21,0,21,土銀-嘉義,2023-02-02,1034
2884,玉山金,23,2,21,土銀-嘉義,2023-02-02,1034
2867,三商壽,20,0,20,土銀-嘉義,2023-02-02,1034
2317,鴻海,26,8,18,土銀-嘉義,2023-02-02,1034
8069,元太,20,2,18,土銀-嘉義,2023-02-02,1034
8050,廣積,17,1,16,土銀-嘉義,2023-02-02,1034
2891,中信金,15,0,15,土銀-嘉義,2023-02-02,1034
1303,南亞,13,0,13,土銀-嘉義,2023-02-02,1034
3062,建漢,15,2,13,土銀-嘉義,2023-02-02,1034
1605,華新,29,17,12,土銀-嘉義,2023-02-02,1034
6182,合晶,12,0,12,土銀-嘉義,2023-02-02,1034
3006,晶豪科,17,6,11,土銀-嘉義,2023-02-02,1034
8933,愛地雅,11,0,11,土銀-嘉義,2023-02-02,1034
2027,大成鋼,10,0,10,土銀-嘉義,2023-02-02,1034
2241,艾姆勒,11,1,10,土銀-嘉義,2023-02-02,1034
2458,義隆,10,0,10,土銀-嘉義,2023-02-02,1034
3710,連展投控,10,0,10,土銀-嘉義,2023-02-02,1034
5258,虹堡,10,0,10,土銀-嘉義,2023-02-02,1034
5302,太欣,10,0,10,土銀-嘉義,2023-02-02,1034
2892,第一金,9,0,9,土銀-嘉義,2023-02-02,1034
2014,中鴻,8,0,8,土銀-嘉義,2023-02-02,1034
00882,中信中國高股息,7,0,7,土銀-嘉義,2023-02-02,1034
3491,昇達科,7,0,7,土銀-嘉義,2023-02-02,1034
3527,聚積,7,0,7,土銀-嘉義,2023-02-02,1034
00712,復華富時不動產,6,0,6,土銀-嘉義,2023-02-02,1034
1701,中化,15,9,6,土銀-嘉義,2023-02-02,1034
2393,億光,8,2,6,土銀-嘉義,2023-02-02,1034
3706,神達,10,4,6,土銀-嘉義,2023-02-02,1034
00773B,中信優先金融債,5,0,5,土銀-嘉義,2023-02-02,1034
00715L,期街口布蘭特正2,19,14,5,土銀-嘉義,2023-02-02,1034
2030,彰源,5,0,5,土銀-嘉義,2023-02-02,1034
2338,光罩,5,0,5,土銀-嘉義,2023-02-02,1034
2472,立隆電,5,0,5,土銀-嘉義,2023-02-02,1034
2702,華園,5,0,5,土銀-嘉義,2023-02-02,1034
2885,元大金,5,0,5,土銀-嘉義,2023-02-02,1034
2888,新光金,5,0,5,土銀-嘉義,2023-02-02,1034
2890,永豐金,5,0,5,土銀-嘉義,2023-02-02,1034
3548,兆利,5,0,5,土銀-嘉義,2023-02-02,1034
3714,富采,6,1,5,土銀-嘉義,2023-02-02,1034
6016,康和證,5,0,5,土銀-嘉義,2023-02-02,1034
6129,普誠,5,0,5,土銀-嘉義,2023-02-02,1034
2881,富邦金,6,1,5,土銀-嘉義,2023-02-02,1034
1524,耿鼎,5,1,4,土銀-嘉義,2023-02-02,1034
1717,長興,4,0,4,土銀-嘉義,2023-02-02,1034
2845,遠東銀,100,0,100,土銀-嘉義,2023-02-03,1034
2892,第一金,61,0,61,土銀-嘉義,2023-02-03,1034
00637L,元大滬深300正2,52,0,52,土銀-嘉義,2023-02-03,1034
2610,華航,52,1,51,土銀-嘉義,2023-02-03,1034
2208,台船,50,0,50,土銀-嘉義,2023-02-03,1034
3189,景碩,51,6,45,土銀-嘉義,2023-02-03,1034
00715L,期街口布蘭特正2,38,0,38,土銀-嘉義,2023-02-03,1034
2633,台灣高鐵,34,0,34,土銀-嘉義,2023-02-03,1034
2618,長榮航,30,5,25,土銀-嘉義,2023-02-03,1034
00878,國泰永續高股息,23,0,23,土銀-嘉義,2023-02-03,1034
00665L,富邦�琤肭磪囓�2,26,9,17,土銀-嘉義,2023-02-03,1034
2317,鴻海,16,0,16,土銀-嘉義,2023-02-03,1034
3484,崧騰,16,0,16,土銀-嘉義,2023-02-03,1034
00633L,富邦上証正2,21,6,15,土銀-嘉義,2023-02-03,1034
2409,友達,15,0,15,土銀-嘉義,2023-02-03,1034
2888,新光金,15,1,14,土銀-嘉義,2023-02-03,1034
2241,艾姆勒,13,0,13,土銀-嘉義,2023-02-03,1034
2030,彰源,12,0,12,土銀-嘉義,2023-02-03,1034
00893,國泰智能電動車,11,0,11,土銀-嘉義,2023-02-03,1034
3707,漢磊,11,0,11,土銀-嘉義,2023-02-03,1034
1513,中興電,14,4,10,土銀-嘉義,2023-02-03,1034
0056,元大高股息,10,0,10,土銀-嘉義,2023-02-03,1034
3305,昇貿,12,2,10,土銀-嘉義,2023-02-03,1034
6530,創威,10,0,10,土銀-嘉義,2023-02-03,1034
2002,中鋼,16,7,9,土銀-嘉義,2023-02-03,1034
3006,晶豪科,10,1,9,土銀-嘉義,2023-02-03,1034
00720B,元大投資級公司債,8,0,8,土銀-嘉義,2023-02-03,1034
00642U,期元大S＆P石油,8,0,8,土銀-嘉義,2023-02-03,1034
00679B,元大美債20年,7,0,7,土銀-嘉義,2023-02-03,1034
6531,愛普*,8,1,7,土銀-嘉義,2023-02-03,1034
2882,國泰金,6,0,6,土銀-嘉義,2023-02-03,1034
3141,晶宏,7,1,6,土銀-嘉義,2023-02-03,1034
5258,虹堡,29,23,6,土銀-嘉義,2023-02-03,1034
8429,金麗-KY,6,0,6,土銀-嘉義,2023-02-03,1034
5388,中磊,5,0,5,土銀-嘉義,2023-02-03,1034
6116,彩晶,10,5,5,土銀-嘉義,2023-02-03,1034
2886,兆豐金,5,0,5,土銀-嘉義,2023-02-03,1034
3702,大聯大,4,0,4,土銀-嘉義,2023-02-03,1034
3704,合勤控,7,3,4,土銀-嘉義,2023-02-03,1034
4102,永日,11,7,4,土銀-嘉義,2023-02-03,1034
00655L,國泰中國A50正2,3,0,3,土銀-嘉義,2023-02-03,1034
00888,永豐台灣ESG,6,3,3,土銀-嘉義,2023-02-03,1034
00885,富邦越南,3,0,3,土銀-嘉義,2023-02-03,1034
00896,中信綠能及電動車,3,0,3,土銀-嘉義,2023-02-03,1034
2014,中鴻,3,0,3,土銀-嘉義,2023-02-03,1034
2206,三陽工業,3,0,3,土銀-嘉義,2023-02-03,1034
2367,燿華,4,1,3,土銀-嘉義,2023-02-03,1034
2465,麗臺,3,0,3,土銀-嘉義,2023-02-03,1034
2891,中信金,3,0,3,土銀-嘉義,2023-02-03,1034
3042,晶技,3,0,3,土銀-嘉義,2023-02-03,1034
2845,遠東銀,145,0,145,土銀-嘉義,2023-02-06,1034
2409,友達,106,2,104,土銀-嘉義,2023-02-06,1034
1605,華新,57,15,42,土銀-嘉義,2023-02-06,1034
3011,今皓,30,0,30,土銀-嘉義,2023-02-06,1034
6770,力積電,27,1,26,土銀-嘉義,2023-02-06,1034
2009,第一銅,22,0,22,土銀-嘉義,2023-02-06,1034
00676R,富邦臺灣加權反1,20,0,20,土銀-嘉義,2023-02-06,1034
00637L,元大滬深300正2,22,2,20,土銀-嘉義,2023-02-06,1034
00632R,元大台灣50反1,20,0,20,土銀-嘉義,2023-02-06,1034
2834,臺企銀,19,0,19,土銀-嘉義,2023-02-06,1034
2002,中鋼,16,4,12,土銀-嘉義,2023-02-06,1034
2892,第一金,12,0,12,土銀-嘉義,2023-02-06,1034
1342,八貫,11,0,11,土銀-嘉義,2023-02-06,1034
2329,華泰,11,0,11,土銀-嘉義,2023-02-06,1034
00682U,期元大美元指數,10,0,10,土銀-嘉義,2023-02-06,1034
2030,彰源,10,0,10,土銀-嘉義,2023-02-06,1034
2354,鴻準,10,0,10,土銀-嘉義,2023-02-06,1034
2633,台灣高鐵,10,0,10,土銀-嘉義,2023-02-06,1034
3706,神達,11,1,10,土銀-嘉義,2023-02-06,1034
6469,大樹,10,0,10,土銀-嘉義,2023-02-06,1034
6605,帝寶,10,0,10,土銀-嘉義,2023-02-06,1034
00893,國泰智能電動車,10,2,8,土銀-嘉義,2023-02-06,1034
2007,燁興,8,0,8,土銀-嘉義,2023-02-06,1034
2241,艾姆勒,8,0,8,土銀-嘉義,2023-02-06,1034
6116,彩晶,8,0,8,土銀-嘉義,2023-02-06,1034
00882,中信中國高股息,7,0,7,土銀-嘉義,2023-02-06,1034
2897,王道銀行,7,0,7,土銀-嘉義,2023-02-06,1034
2014,中鴻,6,0,6,土銀-嘉義,2023-02-06,1034
2468,華經,6,0,6,土銀-嘉義,2023-02-06,1034
2801,彰銀,6,0,6,土銀-嘉義,2023-02-06,1034
5410,國眾,6,0,6,土銀-嘉義,2023-02-06,1034
6269,台郡,6,0,6,土銀-嘉義,2023-02-06,1034
2317,鴻海,12,7,5,土銀-嘉義,2023-02-06,1034
00890B,凱基ESG BBB債,5,0,5,土銀-嘉義,2023-02-06,1034
00900,富邦特選高股息30,5,0,5,土銀-嘉義,2023-02-06,1034
1701,中化,5,0,5,土銀-嘉義,2023-02-06,1034
2609,陽明,15,10,5,土銀-嘉義,2023-02-06,1034
3013,晟銘電,5,0,5,土銀-嘉義,2023-02-06,1034
3704,合勤控,5,0,5,土銀-嘉義,2023-02-06,1034
3714,富采,5,0,5,土銀-嘉義,2023-02-06,1034
4934,太極,5,0,5,土銀-嘉義,2023-02-06,1034
4952,凌通,5,0,5,土銀-嘉義,2023-02-06,1034
6124,業強,5,0,5,土銀-嘉義,2023-02-06,1034
8150,南茂,5,0,5,土銀-嘉義,2023-02-06,1034
0056,元大高股息,5,0,5,土銀-嘉義,2023-02-06,1034
00720B,元大投資級公司債,4,0,4,土銀-嘉義,2023-02-06,1034
1580,新麥,4,0,4,土銀-嘉義,2023-02-06,1034
1101,台泥,5,1,4,土銀-嘉義,2023-02-06,1034
00888,永豐台灣ESG,6,2,4,土銀-嘉義,2023-02-06,1034
00715L,期街口布蘭特正2,4,0,4,土銀-嘉義,2023-02-06,1034
2845,遠東銀,101,0,101,土銀-嘉義,2023-02-07,1034
1605,華新,56,5,51,土銀-嘉義,2023-02-07,1034
8227,巨有科技,20,1,19,土銀-嘉義,2023-02-07,1034
2610,華航,16,0,16,土銀-嘉義,2023-02-07,1034
1795,美時,19,6,13,土銀-嘉義,2023-02-07,1034
6116,彩晶,13,0,13,土銀-嘉義,2023-02-07,1034
2498,宏達電,18,7,11,土銀-嘉義,2023-02-07,1034
2887,台新金,11,0,11,土銀-嘉義,2023-02-07,1034
6104,創惟,10,0,10,土銀-嘉義,2023-02-07,1034
00679B,元大美債20年,10,0,10,土銀-嘉義,2023-02-07,1034
2007,燁興,10,0,10,土銀-嘉義,2023-02-07,1034
2890,永豐金,10,0,10,土銀-嘉義,2023-02-07,1034
3588,通嘉,10,0,10,土銀-嘉義,2023-02-07,1034
5410,國眾,10,0,10,土銀-嘉義,2023-02-07,1034
6530,創威,10,0,10,土銀-嘉義,2023-02-07,1034
9933,中鼎,10,0,10,土銀-嘉義,2023-02-07,1034
1219,福壽,8,1,7,土銀-嘉義,2023-02-07,1034
00680L,元大美債20正2,7,0,7,土銀-嘉義,2023-02-07,1034
2241,艾姆勒,6,0,6,土銀-嘉義,2023-02-07,1034
2328,廣宇,6,0,6,土銀-嘉義,2023-02-07,1034
2428,興勤,6,0,6,土銀-嘉義,2023-02-07,1034
2618,長榮航,8,2,6,土銀-嘉義,2023-02-07,1034
2801,彰銀,6,0,6,土銀-嘉義,2023-02-07,1034
4164,承業醫,6,0,6,土銀-嘉義,2023-02-07,1034
6770,力積電,9,3,6,土銀-嘉義,2023-02-07,1034
00878,國泰永續高股息,5,0,5,土銀-嘉義,2023-02-07,1034
00720B,元大投資級公司債,5,0,5,土銀-嘉義,2023-02-07,1034
1701,中化,6,1,5,土銀-嘉義,2023-02-07,1034
1752,南光,7,2,5,土銀-嘉義,2023-02-07,1034
2344,華邦電,5,0,5,土銀-嘉義,2023-02-07,1034
2891,中信金,5,0,5,土銀-嘉義,2023-02-07,1034
2897,王道銀行,5,0,5,土銀-嘉義,2023-02-07,1034
3705,永信,5,0,5,土銀-嘉義,2023-02-07,1034
4934,太極,5,0,5,土銀-嘉義,2023-02-07,1034
5258,虹堡,5,0,5,土銀-嘉義,2023-02-07,1034
5483,中美晶,7,2,5,土銀-嘉義,2023-02-07,1034
00633L,富邦上証正2,5,1,4,土銀-嘉義,2023-02-07,1034
1810,和成,5,1,4,土銀-嘉義,2023-02-07,1034
2641,正德,4,0,4,土銀-嘉義,2023-02-07,1034
2882,國泰金,4,0,4,土銀-嘉義,2023-02-07,1034
6235,華孚,18,14,4,土銀-嘉義,2023-02-07,1034
2330,台積電,5,2,3,土銀-嘉義,2023-02-07,1034
1232,大統益,3,0,3,土銀-嘉義,2023-02-07,1034
2881,富邦金,3,0,3,土銀-嘉義,2023-02-07,1034
3088,艾訊,3,0,3,土銀-嘉義,2023-02-07,1034
3093,港建*,3,0,3,土銀-嘉義,2023-02-07,1034
3163,波若威,3,0,3,土銀-嘉義,2023-02-07,1034
4979,華星光,3,0,3,土銀-嘉義,2023-02-07,1034
8996,高力,3,0,3,土銀-嘉義,2023-02-07,1034
912000,晨訊科-DR,3,0,3,土銀-嘉義,2023-02-07,1034
2834,臺企銀,80,0,80,土銀-嘉義,2023-02-08,1034
2324,仁寶,50,0,50,土銀-嘉義,2023-02-08,1034
2354,鴻準,40,0,40,土銀-嘉義,2023-02-08,1034
2890,永豐金,30,0,30,土銀-嘉義,2023-02-08,1034
00679B,元大美債20年,28,0,28,土銀-嘉義,2023-02-08,1034
2610,華航,29,2,27,土銀-嘉義,2023-02-08,1034
2303,聯電,52,26,26,土銀-嘉義,2023-02-08,1034
2618,長榮航,42,16,26,土銀-嘉義,2023-02-08,1034
2881,富邦金,25,0,25,土銀-嘉義,2023-02-08,1034
1506,正道,20,0,20,土銀-嘉義,2023-02-08,1034
00637L,元大滬深300正2,16,0,16,土銀-嘉義,2023-02-08,1034
3481,群創,38,25,13,土銀-嘉義,2023-02-08,1034
00903,富邦元宇宙,10,0,10,土銀-嘉義,2023-02-08,1034
00892,富邦台灣半導體,10,0,10,土銀-嘉義,2023-02-08,1034
00655L,國泰中國A50正2,10,0,10,土銀-嘉義,2023-02-08,1034
2889,國票金,10,0,10,土銀-嘉義,2023-02-08,1034
2897,王道銀行,10,0,10,土銀-嘉義,2023-02-08,1034
3374,精材,10,0,10,土銀-嘉義,2023-02-08,1034
2449,京元電子,9,0,9,土銀-嘉義,2023-02-08,1034
3484,崧騰,9,0,9,土銀-嘉義,2023-02-08,1034
1605,華新,26,18,8,土銀-嘉義,2023-02-08,1034
2368,金像電,8,0,8,土銀-嘉義,2023-02-08,1034
2387,精元,8,0,8,土銀-嘉義,2023-02-08,1034
3706,神達,10,2,8,土銀-嘉義,2023-02-08,1034
3029,零壹,7,0,7,土銀-嘉義,2023-02-08,1034
3062,建漢,10,3,7,土銀-嘉義,2023-02-08,1034
5009,榮剛,8,1,7,土銀-嘉義,2023-02-08,1034
2328,廣宇,10,4,6,土銀-嘉義,2023-02-08,1034
3027,盛達,8,2,6,土銀-嘉義,2023-02-08,1034
6282,康舒,10,4,6,土銀-嘉義,2023-02-08,1034
6666,羅麗芬-KY,6,0,6,土銀-嘉義,2023-02-08,1034
5371,中光電,6,0,6,土銀-嘉義,2023-02-08,1034
00878,國泰永續高股息,5,0,5,土銀-嘉義,2023-02-08,1034
00896,中信綠能及電動車,5,0,5,土銀-嘉義,2023-02-08,1034
1417,嘉裕,10,5,5,土銀-嘉義,2023-02-08,1034
00882,中信中國高股息,5,0,5,土銀-嘉義,2023-02-08,1034
2371,大同,5,0,5,土銀-嘉義,2023-02-08,1034
2401,凌陽,10,5,5,土銀-嘉義,2023-02-08,1034
3548,兆利,5,0,5,土銀-嘉義,2023-02-08,1034
4174,浩鼎,5,0,5,土銀-嘉義,2023-02-08,1034
5388,中磊,5,0,5,土銀-嘉義,2023-02-08,1034
6531,愛普*,5,0,5,土銀-嘉義,2023-02-08,1034
6788,華景電,5,0,5,土銀-嘉義,2023-02-08,1034
00720B,元大投資級公司債,4,0,4,土銀-嘉義,2023-02-08,1034
1584,精剛,5,1,4,土銀-嘉義,2023-02-08,1034
1513,中興電,6,2,4,土銀-嘉義,2023-02-08,1034
2241,艾姆勒,4,0,4,土銀-嘉義,2023-02-08,1034
2312,金寶,4,0,4,土銀-嘉義,2023-02-08,1034
2882,國泰金,4,0,4,土銀-嘉義,2023-02-08,1034
3035,智原,6,2,4,土銀-嘉義,2023-02-08,1034
2845,遠東銀,262,100,162,土銀-嘉義,2023-02-09,1034
3481,群創,40,18,22,土銀-嘉義,2023-02-09,1034
2913,農林,17,0,17,土銀-嘉義,2023-02-09,1034
3466,德晉,14,0,14,土銀-嘉義,2023-02-09,1034
00878,國泰永續高股息,12,0,12,土銀-嘉義,2023-02-09,1034
1313,聯成,11,0,11,土銀-嘉義,2023-02-09,1034
00888,永豐台灣ESG,11,0,11,土銀-嘉義,2023-02-09,1034
2891,中信金,11,0,11,土銀-嘉義,2023-02-09,1034
2415,錩新,10,0,10,土銀-嘉義,2023-02-09,1034
2892,第一金,10,0,10,土銀-嘉義,2023-02-09,1034
4960,誠美材,10,0,10,土銀-嘉義,2023-02-09,1034
2610,華航,33,24,9,土銀-嘉義,2023-02-09,1034
5014,建錩,11,2,9,土銀-嘉義,2023-02-09,1034
6129,普誠,9,0,9,土銀-嘉義,2023-02-09,1034
1732,毛寶,8,0,8,土銀-嘉義,2023-02-09,1034
00882,中信中國高股息,8,0,8,土銀-嘉義,2023-02-09,1034
2409,友達,19,11,8,土銀-嘉義,2023-02-09,1034
6005,群益證,8,0,8,土銀-嘉義,2023-02-09,1034
2103,台橡,7,0,7,土銀-嘉義,2023-02-09,1034
2609,陽明,12,5,7,土銀-嘉義,2023-02-09,1034
2897,王道銀行,7,0,7,土銀-嘉義,2023-02-09,1034
2002,中鋼,6,0,6,土銀-嘉義,2023-02-09,1034
2618,長榮航,40,34,6,土銀-嘉義,2023-02-09,1034
2634,漢翔,14,8,6,土銀-嘉義,2023-02-09,1034
2736,富野,6,0,6,土銀-嘉義,2023-02-09,1034
3548,兆利,6,0,6,土銀-嘉義,2023-02-09,1034
3710,連展投控,6,0,6,土銀-嘉義,2023-02-09,1034
8016,矽創,6,1,5,土銀-嘉義,2023-02-09,1034
1417,嘉裕,5,0,5,土銀-嘉義,2023-02-09,1034
1101,台泥,5,0,5,土銀-嘉義,2023-02-09,1034
00893,國泰智能電動車,5,0,5,土銀-嘉義,2023-02-09,1034
2105,正新,5,0,5,土銀-嘉義,2023-02-09,1034
2368,金像電,5,0,5,土銀-嘉義,2023-02-09,1034
6770,力積電,5,0,5,土銀-嘉義,2023-02-09,1034
9933,中鼎,5,0,5,土銀-嘉義,2023-02-09,1034
00679B,元大美債20年,4,0,4,土銀-嘉義,2023-02-09,1034
00720B,元大投資級公司債,4,0,4,土銀-嘉義,2023-02-09,1034
4142,國光生,4,0,4,土銀-嘉義,2023-02-09,1034
6133,金橋,4,0,4,土銀-嘉義,2023-02-09,1034
6274,台燿,4,0,4,土銀-嘉義,2023-02-09,1034
6441,廣錠,4,0,4,土銀-嘉義,2023-02-09,1034
3035,智原,5,2,3,土銀-嘉義,2023-02-09,1034
00897,富邦基因免疫生技,3,0,3,土銀-嘉義,2023-02-09,1034
00712,復華富時不動產,3,0,3,土銀-嘉義,2023-02-09,1034
2201,裕隆,3,0,3,土銀-嘉義,2023-02-09,1034
2241,艾姆勒,3,0,3,土銀-嘉義,2023-02-09,1034
2371,大同,4,1,3,土銀-嘉義,2023-02-09,1034
2426,鼎元,3,0,3,土銀-嘉義,2023-02-09,1034
2520,冠德,3,0,3,土銀-嘉義,2023-02-09,1034
2603,長榮,3,0,3,土銀-嘉義,2023-02-09,1034
2845,遠東銀,200,0,200,土銀-嘉義,2023-02-10,1034
2618,長榮航,53,13,40,土銀-嘉義,2023-02-10,1034
6285,啟��,32,0,32,土銀-嘉義,2023-02-10,1034
2002,中鋼,28,0,28,土銀-嘉義,2023-02-10,1034
1605,華新,42,15,27,土銀-嘉義,2023-02-10,1034
00878,國泰永續高股息,25,0,25,土銀-嘉義,2023-02-10,1034
2610,華航,33,9,24,土銀-嘉義,2023-02-10,1034
00713,元大台灣高息低波,18,0,18,土銀-嘉義,2023-02-10,1034
2884,玉山金,18,0,18,土銀-嘉義,2023-02-10,1034
8429,金麗-KY,15,0,15,土銀-嘉義,2023-02-10,1034
2609,陽明,14,0,14,土銀-嘉義,2023-02-10,1034
2409,友達,12,0,12,土銀-嘉義,2023-02-10,1034
2883,凱基金,11,0,11,土銀-嘉義,2023-02-10,1034
4121,優盛,11,0,11,土銀-嘉義,2023-02-10,1034
2027,大成鋼,10,0,10,土銀-嘉義,2023-02-10,1034
2880,華南金,10,0,10,土銀-嘉義,2023-02-10,1034
3024,憶聲,10,0,10,土銀-嘉義,2023-02-10,1034
3508,位速,10,0,10,土銀-嘉義,2023-02-10,1034
3686,達能,10,0,10,土銀-嘉義,2023-02-10,1034
3704,合勤控,10,0,10,土銀-嘉義,2023-02-10,1034
3705,永信,10,0,10,土銀-嘉義,2023-02-10,1034
6282,康舒,19,9,10,土銀-嘉義,2023-02-10,1034
6441,廣錠,10,0,10,土銀-嘉義,2023-02-10,1034
2241,艾姆勒,9,0,9,土銀-嘉義,2023-02-10,1034
2890,永豐金,10,1,9,土銀-嘉義,2023-02-10,1034
1313,聯成,8,0,8,土銀-嘉義,2023-02-10,1034
3006,晶豪科,8,0,8,土銀-嘉義,2023-02-10,1034
3231,緯創,8,0,8,土銀-嘉義,2023-02-10,1034
8050,廣積,8,0,8,土銀-嘉義,2023-02-10,1034
3624,光頡,11,4,7,土銀-嘉義,2023-02-10,1034
00752,中信中國50,6,0,6,土銀-嘉義,2023-02-10,1034
00720B,元大投資級公司債,6,0,6,土銀-嘉義,2023-02-10,1034
1721,三晃,6,0,6,土銀-嘉義,2023-02-10,1034
3062,建漢,7,1,6,土銀-嘉義,2023-02-10,1034
3228,金麗科,6,0,6,土銀-嘉義,2023-02-10,1034
3548,兆利,6,0,6,土銀-嘉義,2023-02-10,1034
6109,亞元,6,0,6,土銀-嘉義,2023-02-10,1034
6414,樺漢,5,0,5,土銀-嘉義,2023-02-10,1034
00898,國泰基因免疫革命,5,0,5,土銀-嘉義,2023-02-10,1034
00680L,元大美債20正2,5,0,5,土銀-嘉義,2023-02-10,1034
2204,中華,5,0,5,土銀-嘉義,2023-02-10,1034
2368,金像電,5,0,5,土銀-嘉義,2023-02-10,1034
2501,國建,5,0,5,土銀-嘉義,2023-02-10,1034
3013,晟銘電,5,0,5,土銀-嘉義,2023-02-10,1034
3141,晶宏,5,0,5,土銀-嘉義,2023-02-10,1034
5203,訊連,5,0,5,土銀-嘉義,2023-02-10,1034
6245,立端,5,0,5,土銀-嘉義,2023-02-10,1034
8215,明基材,5,0,5,土銀-嘉義,2023-02-10,1034
1513,中興電,6,2,4,土銀-嘉義,2023-02-10,1034
00665L,富邦�琤肭磪囓�2,4,0,4,土銀-嘉義,2023-02-10,1034
2409,友達,84,7,77,土銀-嘉義,2023-02-13,1034
00878,國泰永續高股息,59,0,59,土銀-嘉義,2023-02-13,1034
00679B,元大美債20年,29,0,29,土銀-嘉義,2023-02-13,1034
6274,台燿,30,4,26,土銀-嘉義,2023-02-13,1034
00888,永豐台灣ESG,24,2,22,土銀-嘉義,2023-02-13,1034
6530,創威,20,0,20,土銀-嘉義,2023-02-13,1034
2884,玉山金,20,2,18,土銀-嘉義,2023-02-13,1034
2618,長榮航,33,17,16,土銀-嘉義,2023-02-13,1034
2609,陽明,13,1,12,土銀-嘉義,2023-02-13,1034
1584,精剛,13,2,11,土銀-嘉義,2023-02-13,1034
8227,巨有科技,11,0,11,土銀-嘉義,2023-02-13,1034
2002,中鋼,13,3,10,土銀-嘉義,2023-02-13,1034
2241,艾姆勒,10,0,10,土銀-嘉義,2023-02-13,1034
2880,華南金,10,0,10,土銀-嘉義,2023-02-13,1034
2889,國票金,10,0,10,土銀-嘉義,2023-02-13,1034
3013,晟銘電,10,0,10,土銀-嘉義,2023-02-13,1034
3128,昇銳,10,0,10,土銀-嘉義,2023-02-13,1034
6770,力積電,10,0,10,土銀-嘉義,2023-02-13,1034
2498,宏達電,15,6,9,土銀-嘉義,2023-02-13,1034
2736,富野,9,0,9,土銀-嘉義,2023-02-13,1034
3006,晶豪科,9,1,8,土銀-嘉義,2023-02-13,1034
3705,永信,9,1,8,土銀-嘉義,2023-02-13,1034
2888,新光金,7,0,7,土銀-嘉義,2023-02-13,1034
1810,和成,12,6,6,土銀-嘉義,2023-02-13,1034
2801,彰銀,6,0,6,土銀-嘉義,2023-02-13,1034
4167,松瑞藥,6,0,6,土銀-嘉義,2023-02-13,1034
6472,保瑞,6,0,6,土銀-嘉義,2023-02-13,1034
8429,金麗-KY,6,0,6,土銀-嘉義,2023-02-13,1034
00893,國泰智能電動車,5,0,5,土銀-嘉義,2023-02-13,1034
00720B,元大投資級公司債,5,0,5,土銀-嘉義,2023-02-13,1034
2468,華經,5,0,5,土銀-嘉義,2023-02-13,1034
3041,揚智,5,0,5,土銀-嘉義,2023-02-13,1034
6152,百一,5,0,5,土銀-嘉義,2023-02-13,1034
6547,高端疫苗,11,6,5,土銀-嘉義,2023-02-13,1034
0056,元大高股息,5,1,4,土銀-嘉義,2023-02-13,1034
2352,佳世達,5,1,4,土銀-嘉義,2023-02-13,1034
2428,興勤,4,0,4,土銀-嘉義,2023-02-13,1034
8222,寶一,5,1,4,土銀-嘉義,2023-02-13,1034
00772B,中信高評級公司債,3,0,3,土銀-嘉義,2023-02-13,1034
00713,元大台灣高息低波,3,0,3,土銀-嘉義,2023-02-13,1034
2641,正德,3,0,3,土銀-嘉義,2023-02-13,1034
2892,第一金,3,0,3,土銀-嘉義,2023-02-13,1034
3081,聯亞,3,0,3,土銀-嘉義,2023-02-13,1034
3189,景碩,12,9,3,土銀-嘉義,2023-02-13,1034
3444,利機,3,0,3,土銀-嘉義,2023-02-13,1034
6266,泰詠,5,2,3,土銀-嘉義,2023-02-13,1034
6806,森崴能源,4,1,3,土銀-嘉義,2023-02-13,1034
6865,偉康科技,3,0,3,土銀-嘉義,2023-02-13,1034
1795,美時,2,0,2,土銀-嘉義,2023-02-13,1034
1789,神隆,2,0,2,土銀-嘉義,2023-02-13,1034
1718,中纖,20,0,20,土銀-嘉義,2023-02-14,1034
1584,精剛,21,1,20,土銀-嘉義,2023-02-14,1034
00673R,期元大S＆P原油反1,20,0,20,土銀-嘉義,2023-02-14,1034
3705,永信,11,0,11,土銀-嘉義,2023-02-14,1034
00878,國泰永續高股息,13,3,10,土銀-嘉義,2023-02-14,1034
00655L,國泰中國A50正2,10,0,10,土銀-嘉義,2023-02-14,1034
2009,第一銅,10,0,10,土銀-嘉義,2023-02-14,1034
2034,允強,10,0,10,土銀-嘉義,2023-02-14,1034
2368,金像電,10,0,10,土銀-嘉義,2023-02-14,1034
3042,晶技,10,0,10,土銀-嘉義,2023-02-14,1034
00637L,元大滬深300正2,18,9,9,土銀-嘉義,2023-02-14,1034
2014,中鴻,10,2,8,土銀-嘉義,2023-02-14,1034
8222,寶一,9,1,8,土銀-嘉義,2023-02-14,1034
2897,王道銀行,7,0,7,土銀-嘉義,2023-02-14,1034
3128,昇銳,7,0,7,土銀-嘉義,2023-02-14,1034
8049,晶采,7,0,7,土銀-嘉義,2023-02-14,1034
8227,巨有科技,7,0,7,土銀-嘉義,2023-02-14,1034
2388,威盛,6,0,6,土銀-嘉義,2023-02-14,1034
2634,漢翔,7,1,6,土銀-嘉義,2023-02-14,1034
2834,臺企銀,6,0,6,土銀-嘉義,2023-02-14,1034
00882,中信中國高股息,5,0,5,土銀-嘉義,2023-02-14,1034
2204,中華,5,0,5,土銀-嘉義,2023-02-14,1034
2812,台中銀,5,0,5,土銀-嘉義,2023-02-14,1034
3176,基亞,5,0,5,土銀-嘉義,2023-02-14,1034
3548,兆利,5,0,5,土銀-嘉義,2023-02-14,1034
9904,寶成,7,2,5,土銀-嘉義,2023-02-14,1034
1342,八貫,4,0,4,土銀-嘉義,2023-02-14,1034
1231,聯華食,4,0,4,土銀-嘉義,2023-02-14,1034
00720B,元大投資級公司債,4,0,4,土銀-嘉義,2023-02-14,1034
1712,興農,4,0,4,土銀-嘉義,2023-02-14,1034
2241,艾姆勒,4,0,4,土銀-嘉義,2023-02-14,1034
2453,凌群,4,0,4,土銀-嘉義,2023-02-14,1034
2504,國產,4,0,4,土銀-嘉義,2023-02-14,1034
6282,康舒,4,0,4,土銀-嘉義,2023-02-14,1034
1605,華新,13,10,3,土銀-嘉義,2023-02-14,1034
2066,世德,3,0,3,土銀-嘉義,2023-02-14,1034
2338,光罩,3,0,3,土銀-嘉義,2023-02-14,1034
2497,怡利電,3,0,3,土銀-嘉義,2023-02-14,1034
2498,宏達電,8,5,3,土銀-嘉義,2023-02-14,1034
6741,91APP*-KY,3,0,3,土銀-嘉義,2023-02-14,1034
00712,復華富時不動產,3,0,3,土銀-嘉義,2023-02-14,1034
1795,美時,4,2,2,土銀-嘉義,2023-02-14,1034
2330,台積電,4,2,2,土銀-嘉義,2023-02-14,1034
3035,智原,2,0,2,土銀-嘉義,2023-02-14,1034
1701,中化,3,1,2,土銀-嘉義,2023-02-14,1034
1219,福壽,6,4,2,土銀-嘉義,2023-02-14,1034
1101,台泥,3,1,2,土銀-嘉義,2023-02-14,1034
1417,嘉裕,4,2,2,土銀-嘉義,2023-02-14,1034
00885,富邦越南,2,0,2,土銀-嘉義,2023-02-14,1034
00679B,元大美債20年,2,0,2,土銀-嘉義,2023-02-14,1034
2618,長榮航,96,0,96,土銀-嘉義,2023-02-15,1034
00878,國泰永續高股息,45,0,45,土銀-嘉義,2023-02-15,1034
2610,華航,40,4,36,土銀-嘉義,2023-02-15,1034
3027,盛達,24,2,22,土銀-嘉義,2023-02-15,1034
2303,聯電,22,1,21,土銀-嘉義,2023-02-15,1034
2501,國建,20,0,20,土銀-嘉義,2023-02-15,1034
3042,晶技,20,0,20,土銀-嘉義,2023-02-15,1034
4105,東洋,20,0,20,土銀-嘉義,2023-02-15,1034
4746,台耀,20,0,20,土銀-嘉義,2023-02-15,1034
3706,神達,15,0,15,土銀-嘉義,2023-02-15,1034
2009,第一銅,14,0,14,土銀-嘉義,2023-02-15,1034
1584,精剛,12,0,12,土銀-嘉義,2023-02-15,1034
1718,中纖,20,8,12,土銀-嘉義,2023-02-15,1034
00637L,元大滬深300正2,24,12,12,土銀-嘉義,2023-02-15,1034
2330,台積電,15,4,11,土銀-嘉義,2023-02-15,1034
2845,遠東銀,10,0,10,土銀-嘉義,2023-02-15,1034
00664R,國泰臺灣加權反1,10,0,10,土銀-嘉義,2023-02-15,1034
3041,揚智,10,0,10,土銀-嘉義,2023-02-15,1034
5512,力麒,10,0,10,土銀-嘉義,2023-02-15,1034
1104,環泥,10,0,10,土銀-嘉義,2023-02-15,1034
00882,中信中國高股息,9,0,9,土銀-嘉義,2023-02-15,1034
2897,王道銀行,8,0,8,土銀-嘉義,2023-02-15,1034
5347,世界,6,0,6,土銀-嘉義,2023-02-15,1034
6741,91APP*-KY,6,0,6,土銀-嘉義,2023-02-15,1034
8050,廣積,10,4,6,土銀-嘉義,2023-02-15,1034
0050,元大台灣50,5,0,5,土銀-嘉義,2023-02-15,1034
2409,友達,10,5,5,土銀-嘉義,2023-02-15,1034
2453,凌群,11,6,5,土銀-嘉義,2023-02-15,1034
2484,希華,5,0,5,土銀-嘉義,2023-02-15,1034
2884,玉山金,5,0,5,土銀-嘉義,2023-02-15,1034
2915,潤泰全,5,0,5,土銀-嘉義,2023-02-15,1034
3128,昇銳,5,0,5,土銀-嘉義,2023-02-15,1034
5351,鈺創,5,0,5,土銀-嘉義,2023-02-15,1034
6278,台表科,5,0,5,土銀-嘉義,2023-02-15,1034
00885,富邦越南,4,0,4,土銀-嘉義,2023-02-15,1034
2641,正德,4,0,4,土銀-嘉義,2023-02-15,1034
2882,國泰金,4,0,4,土銀-嘉義,2023-02-15,1034
6101,寬魚國際,4,0,4,土銀-嘉義,2023-02-15,1034
9938,百和,4,0,4,土銀-嘉義,2023-02-15,1034
006208,富邦台50,5,1,4,土銀-嘉義,2023-02-15,1034
2014,中鴻,3,0,3,土銀-嘉義,2023-02-15,1034
0056,元大高股息,3,0,3,土銀-嘉義,2023-02-15,1034
1701,中化,3,0,3,土銀-嘉義,2023-02-15,1034
2481,強茂,3,0,3,土銀-嘉義,2023-02-15,1034
2498,宏達電,5,2,3,土銀-嘉義,2023-02-15,1034
2754,亞洲藏壽司,18,15,3,土銀-嘉義,2023-02-15,1034
3494,誠研,3,0,3,土銀-嘉義,2023-02-15,1034
6109,亞元,3,0,3,土銀-嘉義,2023-02-15,1034
6235,華孚,8,5,3,土銀-嘉義,2023-02-15,1034
1503,士電,3,1,2,土銀-嘉義,2023-02-15,1034
00772B,中信高評級公司債,174,0,174,土銀-嘉義,2023-02-16,1034
00878,國泰永續高股息,58,5,53,土銀-嘉義,2023-02-16,1034
00673R,期元大S＆P原油反1,50,0,50,土銀-嘉義,2023-02-16,1034
2002,中鋼,45,4,41,土銀-嘉義,2023-02-16,1034
00885,富邦越南,21,0,21,土銀-嘉義,2023-02-16,1034
00830,國泰費城半導體,20,0,20,土銀-嘉義,2023-02-16,1034
2303,聯電,19,0,19,土銀-嘉義,2023-02-16,1034
00665L,富邦�琤肭磪囓�2,16,0,16,土銀-嘉義,2023-02-16,1034
2337,旺宏,15,0,15,土銀-嘉義,2023-02-16,1034
1609,大亞,13,3,10,土銀-嘉義,2023-02-16,1034
00751B,元大AAA至A公司債,10,0,10,土銀-嘉義,2023-02-16,1034
00632R,元大台灣50反1,10,0,10,土銀-嘉義,2023-02-16,1034
2851,中再保,10,0,10,土銀-嘉義,2023-02-16,1034
3231,緯創,10,0,10,土銀-嘉義,2023-02-16,1034
4746,台耀,10,0,10,土銀-嘉義,2023-02-16,1034
6530,創威,10,0,10,土銀-嘉義,2023-02-16,1034
8105,凌巨,10,0,10,土銀-嘉義,2023-02-16,1034
0056,元大高股息,12,3,9,土銀-嘉義,2023-02-16,1034
2027,大成鋼,12,3,9,土銀-嘉義,2023-02-16,1034
2332,友訊,10,1,9,土銀-嘉義,2023-02-16,1034
2453,凌群,10,1,9,土銀-嘉義,2023-02-16,1034
00679B,元大美債20年,8,0,8,土銀-嘉義,2023-02-16,1034
00720B,元大投資級公司債,8,0,8,土銀-嘉義,2023-02-16,1034
00881,國泰台灣5G+,10,2,8,土銀-嘉義,2023-02-16,1034
1718,中纖,8,0,8,土銀-嘉義,2023-02-16,1034
2406,國碩,10,2,8,土銀-嘉義,2023-02-16,1034
2609,陽明,8,0,8,土銀-嘉義,2023-02-16,1034
8050,廣積,8,0,8,土銀-嘉義,2023-02-16,1034
00893,國泰智能電動車,14,7,7,土銀-嘉義,2023-02-16,1034
2241,艾姆勒,7,0,7,土銀-嘉義,2023-02-16,1034
00712,復華富時不動產,6,0,6,土銀-嘉義,2023-02-16,1034
6180,橘子,6,0,6,土銀-嘉義,2023-02-16,1034
1218,泰山,5,0,5,土銀-嘉義,2023-02-16,1034
2340,台亞,5,0,5,土銀-嘉義,2023-02-16,1034
2368,金像電,5,0,5,土銀-嘉義,2023-02-16,1034
2607,榮運,5,0,5,土銀-嘉義,2023-02-16,1034
2881,富邦金,5,0,5,土銀-嘉義,2023-02-16,1034
3024,憶聲,5,0,5,土銀-嘉義,2023-02-16,1034
3484,崧騰,5,0,5,土銀-嘉義,2023-02-16,1034
3548,兆利,5,0,5,土銀-嘉義,2023-02-16,1034
4804,大略-KY,5,0,5,土銀-嘉義,2023-02-16,1034
6239,力成,5,0,5,土銀-嘉義,2023-02-16,1034
1584,精剛,6,2,4,土銀-嘉義,2023-02-16,1034
00882,中信中國高股息,4,0,4,土銀-嘉義,2023-02-16,1034
1104,環泥,4,0,4,土銀-嘉義,2023-02-16,1034
2103,台橡,4,0,4,土銀-嘉義,2023-02-16,1034
3705,永信,4,0,4,土銀-嘉義,2023-02-16,1034
6168,宏齊,5,1,4,土銀-嘉義,2023-02-16,1034
6290,良維,4,0,4,土銀-嘉義,2023-02-16,1034
1437,勤益控,3,0,3,土銀-嘉義,2023-02-16,1034
00772B,中信高評級公司債,56,0,56,土銀-嘉義,2023-02-17,1034
00679B,元大美債20年,49,0,49,土銀-嘉義,2023-02-17,1034
2610,華航,45,5,40,土銀-嘉義,2023-02-17,1034
2889,國票金,51,22,29,土銀-嘉義,2023-02-17,1034
6116,彩晶,27,0,27,土銀-嘉義,2023-02-17,1034
00637L,元大滬深300正2,24,3,21,土銀-嘉義,2023-02-17,1034
00903,富邦元宇宙,20,0,20,土銀-嘉義,2023-02-17,1034
6547,高端疫苗,17,0,17,土銀-嘉義,2023-02-17,1034
2449,京元電子,16,0,16,土銀-嘉義,2023-02-17,1034
00893,國泰智能電動車,17,2,15,土銀-嘉義,2023-02-17,1034
2444,兆勁,15,0,15,土銀-嘉義,2023-02-17,1034
2618,長榮航,54,40,14,土銀-嘉義,2023-02-17,1034
3027,盛達,16,2,14,土銀-嘉義,2023-02-17,1034
4960,誠美材,13,2,11,土銀-嘉義,2023-02-17,1034
00655L,國泰中國A50正2,20,10,10,土銀-嘉義,2023-02-17,1034
2616,山隆,10,0,10,土銀-嘉義,2023-02-17,1034
4746,台耀,10,0,10,土銀-嘉義,2023-02-17,1034
6568,宏觀,10,0,10,土銀-嘉義,2023-02-17,1034
00633L,富邦上証正2,16,7,9,土銀-嘉義,2023-02-17,1034
3011,今皓,9,0,9,土銀-嘉義,2023-02-17,1034
2492,華新科,8,0,8,土銀-嘉義,2023-02-17,1034
2332,友訊,7,0,7,土銀-嘉義,2023-02-17,1034
00878,國泰永續高股息,14,8,6,土銀-嘉義,2023-02-17,1034
2368,金像電,6,0,6,土銀-嘉義,2023-02-17,1034
2838,聯邦銀,6,0,6,土銀-嘉義,2023-02-17,1034
3037,欣興,9,3,6,土銀-嘉義,2023-02-17,1034
3596,智易,6,0,6,土銀-嘉義,2023-02-17,1034
6235,華孚,7,1,6,土銀-嘉義,2023-02-17,1034
00724B,群益投資級金融債,5,0,5,土銀-嘉義,2023-02-17,1034
00885,富邦越南,5,0,5,土銀-嘉義,2023-02-17,1034
2201,裕隆,8,3,5,土銀-嘉義,2023-02-17,1034
2609,陽明,8,3,5,土銀-嘉義,2023-02-17,1034
3041,揚智,5,0,5,土銀-嘉義,2023-02-17,1034
3141,晶宏,5,0,5,土銀-嘉義,2023-02-17,1034
3162,精確,5,0,5,土銀-嘉義,2023-02-17,1034
3706,神達,5,0,5,土銀-嘉義,2023-02-17,1034
2376,技嘉,4,0,4,土銀-嘉義,2023-02-17,1034
00902,中信電池及儲能,4,0,4,土銀-嘉義,2023-02-17,1034
00895,富邦未來車,4,0,4,土銀-嘉義,2023-02-17,1034
3189,景碩,5,1,4,土銀-嘉義,2023-02-17,1034
6612,奈米醫材,8,4,4,土銀-嘉義,2023-02-17,1034
5701,劍湖山,4,0,4,土銀-嘉義,2023-02-17,1034
2009,第一銅,8,4,4,土銀-嘉義,2023-02-17,1034
0050,元大台灣50,3,0,3,土銀-嘉義,2023-02-17,1034
00680L,元大美債20正2,3,0,3,土銀-嘉義,2023-02-17,1034
00881,國泰台灣5G+,3,0,3,土銀-嘉義,2023-02-17,1034
00773B,中信優先金融債,3,0,3,土銀-嘉義,2023-02-17,1034
1442,名軒,3,0,3,土銀-嘉義,2023-02-17,1034
2498,宏達電,11,8,3,土銀-嘉義,2023-02-17,1034
2606,裕民,3,0,3,土銀-嘉義,2023-02-17,1034
8940,新天地,54,0,54,土銀-嘉義,2023-02-20,1034
2618,長榮航,106,58,48,土銀-嘉義,2023-02-20,1034
1304,台聚,46,3,43,土銀-嘉義,2023-02-20,1034
5309,系統電,40,0,40,土銀-嘉義,2023-02-20,1034
00772B,中信高評級公司債,16,0,16,土銀-嘉義,2023-02-20,1034
00679B,元大美債20年,15,0,15,土銀-嘉義,2023-02-20,1034
6173,信昌電,15,0,15,土銀-嘉義,2023-02-20,1034
00720B,元大投資級公司債,13,0,13,土銀-嘉義,2023-02-20,1034
3006,晶豪科,20,7,13,土銀-嘉義,2023-02-20,1034
2884,玉山金,13,2,11,土銀-嘉義,2023-02-20,1034
2354,鴻準,10,0,10,土銀-嘉義,2023-02-20,1034
2472,立隆電,10,0,10,土銀-嘉義,2023-02-20,1034
2610,華航,27,17,10,土銀-嘉義,2023-02-20,1034
4746,台耀,10,0,10,土銀-嘉義,2023-02-20,1034
3376,新日興,8,0,8,土銀-嘉義,2023-02-20,1034
2009,第一銅,7,0,7,土銀-嘉義,2023-02-20,1034
2230,泰茂,8,1,7,土銀-嘉義,2023-02-20,1034
2705,六福,7,0,7,土銀-嘉義,2023-02-20,1034
3189,景碩,10,3,7,土銀-嘉義,2023-02-20,1034
5706,鳳凰,8,2,6,土銀-嘉義,2023-02-20,1034
1326,台化,6,0,6,土銀-嘉義,2023-02-20,1034
1612,宏泰,6,0,6,土銀-嘉義,2023-02-20,1034
3027,盛達,11,5,6,土銀-嘉義,2023-02-20,1034
3037,欣興,6,0,6,土銀-嘉義,2023-02-20,1034
3207,耀勝,6,0,6,土銀-嘉義,2023-02-20,1034
9904,寶成,6,0,6,土銀-嘉義,2023-02-20,1034
00665L,富邦�琤肭磪囓�2,5,0,5,土銀-嘉義,2023-02-20,1034
1342,八貫,6,1,5,土銀-嘉義,2023-02-20,1034
2208,台船,6,1,5,土銀-嘉義,2023-02-20,1034
3705,永信,5,0,5,土銀-嘉義,2023-02-20,1034
6005,群益證,12,7,5,土銀-嘉義,2023-02-20,1034
6213,聯茂,5,0,5,土銀-嘉義,2023-02-20,1034
6288,聯嘉,5,0,5,土銀-嘉義,2023-02-20,1034
00727B,國泰優選非投等債,4,0,4,土銀-嘉義,2023-02-20,1034
00893,國泰智能電動車,5,1,4,土銀-嘉義,2023-02-20,1034
1503,士電,5,1,4,土銀-嘉義,2023-02-20,1034
2426,鼎元,4,0,4,土銀-嘉義,2023-02-20,1034
2867,三商壽,4,0,4,土銀-嘉義,2023-02-20,1034
3152,璟德,4,0,4,土銀-嘉義,2023-02-20,1034
3178,公準,4,0,4,土銀-嘉義,2023-02-20,1034
3594,磐儀,4,0,4,土銀-嘉義,2023-02-20,1034
4114,健喬,4,0,4,土銀-嘉義,2023-02-20,1034
4979,華星光,5,1,4,土銀-嘉義,2023-02-20,1034
5222,全訊,14,10,4,土銀-嘉義,2023-02-20,1034
6612,奈米醫材,4,0,4,土銀-嘉義,2023-02-20,1034
00845B,富邦新興投等債,3,0,3,土銀-嘉義,2023-02-20,1034
00903,富邦元宇宙,4,1,3,土銀-嘉義,2023-02-20,1034
00902,中信電池及儲能,5,2,3,土銀-嘉義,2023-02-20,1034
1514,亞力,6,3,3,土銀-嘉義,2023-02-20,1034
2340,台亞,4,1,3,土銀-嘉義,2023-02-20,1034
2880,華南金,85,0,85,土銀-嘉義,2023-02-21,1034
6153,嘉聯益,50,0,50,土銀-嘉義,2023-02-21,1034
1584,精剛,53,10,43,土銀-嘉義,2023-02-21,1034
2884,玉山金,56,21,35,土銀-嘉義,2023-02-21,1034
5512,力麒,25,0,25,土銀-嘉義,2023-02-21,1034
2634,漢翔,31,9,22,土銀-嘉義,2023-02-21,1034
2388,威盛,26,7,19,土銀-嘉義,2023-02-21,1034
2618,長榮航,17,0,17,土銀-嘉義,2023-02-21,1034
8936,國統,18,1,17,土銀-嘉義,2023-02-21,1034
2882,國泰金,16,0,16,土銀-嘉義,2023-02-21,1034
1108,幸福,16,1,15,土銀-嘉義,2023-02-21,1034
00720B,元大投資級公司債,12,0,12,土銀-嘉義,2023-02-21,1034
00680L,元大美債20正2,12,0,12,土銀-嘉義,2023-02-21,1034
6104,創惟,11,0,11,土銀-嘉義,2023-02-21,1034
00903,富邦元宇宙,10,0,10,土銀-嘉義,2023-02-21,1034
00878,國泰永續高股息,10,0,10,土銀-嘉義,2023-02-21,1034
2102,泰豐,10,0,10,土銀-嘉義,2023-02-21,1034
2313,華通,12,2,10,土銀-嘉義,2023-02-21,1034
2891,中信金,9,0,9,土銀-嘉義,2023-02-21,1034
8050,廣積,22,13,9,土銀-嘉義,2023-02-21,1034
2241,艾姆勒,8,0,8,土銀-嘉義,2023-02-21,1034
2409,友達,21,13,8,土銀-嘉義,2023-02-21,1034
2867,三商壽,8,0,8,土銀-嘉義,2023-02-21,1034
8358,金居,9,1,8,土銀-嘉義,2023-02-21,1034
1231,聯華食,7,0,7,土銀-嘉義,2023-02-21,1034
2401,凌陽,7,0,7,土銀-嘉義,2023-02-21,1034
1103,嘉泥,6,0,6,土銀-嘉義,2023-02-21,1034
3031,佰鴻,6,0,6,土銀-嘉義,2023-02-21,1034
3594,磐儀,14,8,6,土銀-嘉義,2023-02-21,1034
4174,浩鼎,9,3,6,土銀-嘉義,2023-02-21,1034
00877,復華中國5G,5,0,5,土銀-嘉義,2023-02-21,1034
1101,台泥,5,0,5,土銀-嘉義,2023-02-21,1034
1314,中石化,5,0,5,土銀-嘉義,2023-02-21,1034
00725B,國泰投資級公司債,6,1,5,土銀-嘉義,2023-02-21,1034
1437,勤益控,6,1,5,土銀-嘉義,2023-02-21,1034
2303,聯電,6,1,5,土銀-嘉義,2023-02-21,1034
2314,台揚,6,1,5,土銀-嘉義,2023-02-21,1034
2455,全新,5,0,5,土銀-嘉義,2023-02-21,1034
2489,瑞軒,5,0,5,土銀-嘉義,2023-02-21,1034
2845,遠東銀,5,0,5,土銀-嘉義,2023-02-21,1034
3038,全台,5,0,5,土銀-嘉義,2023-02-21,1034
5251,天鉞電,5,0,5,土銀-嘉義,2023-02-21,1034
6205,詮欣,5,0,5,土銀-嘉義,2023-02-21,1034
6288,聯嘉,5,0,5,土銀-嘉義,2023-02-21,1034
6509,聚和,5,0,5,土銀-嘉義,2023-02-21,1034
6556,勝品,5,0,5,土銀-嘉義,2023-02-21,1034
8021,尖點,6,1,5,土銀-嘉義,2023-02-21,1034
1589,永冠-KY,4,0,4,土銀-嘉義,2023-02-21,1034
1516,川飛,4,0,4,土銀-嘉義,2023-02-21,1034
2206,三陽工業,5,1,4,土銀-嘉義,2023-02-21,1034
00900,富邦特選高股息30,35,3,32,土銀-嘉義,2023-02-22,1034
00878,國泰永續高股息,28,3,25,土銀-嘉義,2023-02-22,1034
3548,兆利,25,0,25,土銀-嘉義,2023-02-22,1034
00637L,元大滬深300正2,26,3,23,土銀-嘉義,2023-02-22,1034
1584,精剛,32,11,21,土銀-嘉義,2023-02-22,1034
3037,欣興,15,0,15,土銀-嘉義,2023-02-22,1034
1605,華新,20,5,15,土銀-嘉義,2023-02-22,1034
2618,長榮航,14,0,14,土銀-嘉義,2023-02-22,1034
2610,華航,23,10,13,土銀-嘉義,2023-02-22,1034
3006,晶豪科,14,2,12,土銀-嘉義,2023-02-22,1034
4129,聯合,12,0,12,土銀-嘉義,2023-02-22,1034
00772B,中信高評級公司債,11,0,11,土銀-嘉義,2023-02-22,1034
2308,台達電,11,0,11,土銀-嘉義,2023-02-22,1034
00632R,元大台灣50反1,10,0,10,土銀-嘉義,2023-02-22,1034
2201,裕隆,13,3,10,土銀-嘉義,2023-02-22,1034
2498,宏達電,21,11,10,土銀-嘉義,2023-02-22,1034
2501,國建,10,0,10,土銀-嘉義,2023-02-22,1034
6143,振曜,10,0,10,土銀-嘉義,2023-02-22,1034
6509,聚和,10,0,10,土銀-嘉義,2023-02-22,1034
6741,91APP*-KY,11,2,9,土銀-嘉義,2023-02-22,1034
1102,亞泥,10,1,9,土銀-嘉義,2023-02-22,1034
1519,華城,14,6,8,土銀-嘉義,2023-02-22,1034
2332,友訊,8,0,8,土銀-嘉義,2023-02-22,1034
2882,國泰金,8,0,8,土銀-嘉義,2023-02-22,1034
3041,揚智,8,0,8,土銀-嘉義,2023-02-22,1034
6547,高端疫苗,8,0,8,土銀-嘉義,2023-02-22,1034
00902,中信電池及儲能,7,0,7,土銀-嘉義,2023-02-22,1034
2340,台亞,9,2,7,土銀-嘉義,2023-02-22,1034
2702,華園,8,1,7,土銀-嘉義,2023-02-22,1034
3419,譁裕,7,0,7,土銀-嘉義,2023-02-22,1034
6235,華孚,16,9,7,土銀-嘉義,2023-02-22,1034
1303,南亞,6,0,6,土銀-嘉義,2023-02-22,1034
3029,零壹,6,0,6,土銀-嘉義,2023-02-22,1034
3162,精確,6,0,6,土銀-嘉義,2023-02-22,1034
6770,力積電,6,0,6,土銀-嘉義,2023-02-22,1034
8429,金麗-KY,6,0,6,土銀-嘉義,2023-02-22,1034
3035,智原,5,0,5,土銀-嘉義,2023-02-22,1034
1736,喬山,5,0,5,土銀-嘉義,2023-02-22,1034
2241,艾姆勒,5,0,5,土銀-嘉義,2023-02-22,1034
2388,威盛,7,2,5,土銀-嘉義,2023-02-22,1034
2409,友達,18,13,5,土銀-嘉義,2023-02-22,1034
2719,燦星旅,10,5,5,土銀-嘉義,2023-02-22,1034
3062,建漢,6,1,5,土銀-嘉義,2023-02-22,1034
4533,協易機,5,0,5,土銀-嘉義,2023-02-22,1034
5353,台林,5,0,5,土銀-嘉義,2023-02-22,1034
6245,立端,9,4,5,土銀-嘉義,2023-02-22,1034
6443,元晶,5,0,5,土銀-嘉義,2023-02-22,1034
8033,雷虎,10,5,5,土銀-嘉義,2023-02-22,1034
2317,鴻海,4,0,4,土銀-嘉義,2023-02-22,1034
00720B,元大投資級公司債,4,0,4,土銀-嘉義,2023-02-22,1034
2303,聯電,29,4,25,土銀-嘉義,2023-02-23,1034
1605,華新,34,10,24,土銀-嘉義,2023-02-23,1034
2023,燁輝,23,0,23,土銀-嘉義,2023-02-23,1034
00637L,元大滬深300正2,30,8,22,土銀-嘉義,2023-02-23,1034
3027,盛達,24,4,20,土銀-嘉義,2023-02-23,1034
2409,友達,19,1,18,土銀-嘉義,2023-02-23,1034
2379,瑞昱,16,0,16,土銀-嘉義,2023-02-23,1034
5211,蒙恬,16,0,16,土銀-嘉義,2023-02-23,1034
1514,亞力,14,0,14,土銀-嘉義,2023-02-23,1034
6118,建達,14,0,14,土銀-嘉義,2023-02-23,1034
5512,力麒,20,8,12,土銀-嘉義,2023-02-23,1034
2312,金寶,11,0,11,土銀-嘉義,2023-02-23,1034
00633L,富邦上証正2,21,11,10,土銀-嘉義,2023-02-23,1034
00655L,國泰中國A50正2,10,0,10,土銀-嘉義,2023-02-23,1034
2211,長榮鋼,10,0,10,土銀-嘉義,2023-02-23,1034
2471,資通,10,0,10,土銀-嘉義,2023-02-23,1034
2881,富邦金,10,0,10,土銀-嘉義,2023-02-23,1034
2897,王道銀行,10,0,10,土銀-嘉義,2023-02-23,1034
3041,揚智,10,0,10,土銀-嘉義,2023-02-23,1034
5009,榮剛,13,3,10,土銀-嘉義,2023-02-23,1034
00891,中信關鍵半導體,9,0,9,土銀-嘉義,2023-02-23,1034
2007,燁興,9,0,9,土銀-嘉義,2023-02-23,1034
1513,中興電,14,6,8,土銀-嘉義,2023-02-23,1034
1609,大亞,8,0,8,土銀-嘉義,2023-02-23,1034
2408,南亞科,8,0,8,土銀-嘉義,2023-02-23,1034
2892,第一金,10,2,8,土銀-嘉義,2023-02-23,1034
3481,群創,22,15,7,土銀-嘉義,2023-02-23,1034
00882,中信中國高股息,7,0,7,土銀-嘉義,2023-02-23,1034
4174,浩鼎,7,0,7,土銀-嘉義,2023-02-23,1034
6173,信昌電,7,0,7,土銀-嘉義,2023-02-23,1034
0050,元大台灣50,6,0,6,土銀-嘉義,2023-02-23,1034
2241,艾姆勒,6,0,6,土銀-嘉義,2023-02-23,1034
2371,大同,6,0,6,土銀-嘉義,2023-02-23,1034
3042,晶技,6,0,6,土銀-嘉義,2023-02-23,1034
3162,精確,6,0,6,土銀-嘉義,2023-02-23,1034
3178,公準,6,0,6,土銀-嘉義,2023-02-23,1034
6530,創威,6,0,6,土銀-嘉義,2023-02-23,1034
6531,愛普*,7,1,6,土銀-嘉義,2023-02-23,1034
00670L,富邦NASDAQ正2,5,0,5,土銀-嘉義,2023-02-23,1034
00712,復華富時不動產,5,0,5,土銀-嘉義,2023-02-23,1034
1736,喬山,5,0,5,土銀-嘉義,2023-02-23,1034
2415,錩新,5,0,5,土銀-嘉義,2023-02-23,1034
2634,漢翔,8,3,5,土銀-嘉義,2023-02-23,1034
2923,鼎固-KY,5,0,5,土銀-嘉義,2023-02-23,1034
3081,聯亞,6,1,5,土銀-嘉義,2023-02-23,1034
3289,宜特,5,0,5,土銀-嘉義,2023-02-23,1034
3322,建舜電,5,0,5,土銀-嘉義,2023-02-23,1034
4931,新盛力,5,0,5,土銀-嘉義,2023-02-23,1034
5351,鈺創,5,0,5,土銀-嘉義,2023-02-23,1034
6147,頎邦,5,0,5,土銀-嘉義,2023-02-23,1034
00637L,元大滬深300正2,53,11,42,土銀-嘉義,2023-02-24,1034
2303,聯電,36,4,32,土銀-嘉義,2023-02-24,1034
3013,晟銘電,34,2,32,土銀-嘉義,2023-02-24,1034
1584,精剛,32,2,30,土銀-嘉義,2023-02-24,1034
1409,新纖,20,0,20,土銀-嘉義,2023-02-24,1034
2884,玉山金,20,2,18,土銀-嘉義,2023-02-24,1034
00878,國泰永續高股息,18,0,18,土銀-嘉義,2023-02-24,1034
0050,元大台灣50,19,2,17,土銀-嘉義,2023-02-24,1034
1218,泰山,17,0,17,土銀-嘉義,2023-02-24,1034
1605,華新,25,8,17,土銀-嘉義,2023-02-24,1034
2641,正德,18,1,17,土銀-嘉義,2023-02-24,1034
5009,榮剛,39,24,15,土銀-嘉義,2023-02-24,1034
3027,盛達,15,0,15,土銀-嘉義,2023-02-24,1034
8289,泰藝,13,0,13,土銀-嘉義,2023-02-24,1034
2634,漢翔,12,0,12,土銀-嘉義,2023-02-24,1034
1210,大成,11,0,11,土銀-嘉義,2023-02-24,1034
00670L,富邦NASDAQ正2,10,0,10,土銀-嘉義,2023-02-24,1034
2888,新光金,10,0,10,土銀-嘉義,2023-02-24,1034
3042,晶技,10,0,10,土銀-嘉義,2023-02-24,1034
6591,動力-KY,10,0,10,土銀-嘉義,2023-02-24,1034
2317,鴻海,9,0,9,土銀-嘉義,2023-02-24,1034
2002,中鋼,12,3,9,土銀-嘉義,2023-02-24,1034
2498,宏達電,33,24,9,土銀-嘉義,2023-02-24,1034
6147,頎邦,9,0,9,土銀-嘉義,2023-02-24,1034
3037,欣興,19,11,8,土銀-嘉義,2023-02-24,1034
00633L,富邦上証正2,14,6,8,土銀-嘉義,2023-02-24,1034
2401,凌陽,9,1,8,土銀-嘉義,2023-02-24,1034
2603,長榮,8,0,8,土銀-嘉義,2023-02-24,1034
3081,聯亞,7,0,7,土銀-嘉義,2023-02-24,1034
5203,訊連,7,0,7,土銀-嘉義,2023-02-24,1034
6173,信昌電,7,0,7,土銀-嘉義,2023-02-24,1034
8016,矽創,9,2,7,土銀-嘉義,2023-02-24,1034
2330,台積電,8,1,7,土銀-嘉義,2023-02-24,1034
00900,富邦特選高股息30,6,0,6,土銀-嘉義,2023-02-24,1034
2359,所羅門,6,0,6,土銀-嘉義,2023-02-24,1034
2610,華航,7,1,6,土銀-嘉義,2023-02-24,1034
2618,長榮航,7,1,6,土銀-嘉義,2023-02-24,1034
2885,元大金,6,0,6,土銀-嘉義,2023-02-24,1034
5438,東友,8,2,6,土銀-嘉義,2023-02-24,1034
6133,金橋,6,0,6,土銀-嘉義,2023-02-24,1034
6589,台康生技,8,2,6,土銀-嘉義,2023-02-24,1034
8028,昇陽半導體,6,0,6,土銀-嘉義,2023-02-24,1034
1526,日馳,5,0,5,土銀-嘉義,2023-02-24,1034
1268,漢來美食,5,0,5,土銀-嘉義,2023-02-24,1034
2313,華通,5,0,5,土銀-嘉義,2023-02-24,1034
2338,光罩,5,0,5,土銀-嘉義,2023-02-24,1034
2408,南亞科,5,0,5,土銀-嘉義,2023-02-24,1034
2449,京元電子,5,0,5,土銀-嘉義,2023-02-24,1034
2712,遠雄來,5,0,5,土銀-嘉義,2023-02-24,1034
2734,易飛網,5,0,5,土銀-嘉義,2023-02-24,1034
2834,臺企銀,79,21,58,土銀-嘉義,2023-03-01,1034
1605,華新,73,22,51,土銀-嘉義,2023-03-01,1034
5512,力麒,55,18,37,土銀-嘉義,2023-03-01,1034
00665L,富邦�琤肭磪囓�2,36,0,36,土銀-嘉義,2023-03-01,1034
2002,中鋼,35,0,35,土銀-嘉義,2023-03-01,1034
2014,中鴻,32,0,32,土銀-嘉義,2023-03-01,1034
1101,台泥,30,1,29,土銀-嘉義,2023-03-01,1034
2409,友達,27,3,24,土銀-嘉義,2023-03-01,1034
00878,國泰永續高股息,23,0,23,土銀-嘉義,2023-03-01,1034
6547,高端疫苗,23,0,23,土銀-嘉義,2023-03-01,1034
1444,力麗,20,0,20,土銀-嘉義,2023-03-01,1034
2755,揚秦,20,0,20,土銀-嘉義,2023-03-01,1034
2882,國泰金,19,0,19,土銀-嘉義,2023-03-01,1034
2888,新光金,19,0,19,土銀-嘉義,2023-03-01,1034
1219,福壽,26,8,18,土銀-嘉義,2023-03-01,1034
2344,華邦電,17,0,17,土銀-嘉義,2023-03-01,1034
8936,國統,16,0,16,土銀-嘉義,2023-03-01,1034
00890B,凱基ESG BBB債,15,0,15,土銀-嘉義,2023-03-01,1034
2201,裕隆,28,15,13,土銀-嘉義,2023-03-01,1034
2610,華航,15,3,12,土銀-嘉義,2023-03-01,1034
2618,長榮航,19,8,11,土銀-嘉義,2023-03-01,1034
2892,第一金,11,0,11,土銀-嘉義,2023-03-01,1034
3006,晶豪科,11,0,11,土銀-嘉義,2023-03-01,1034
1102,亞泥,10,0,10,土銀-嘉義,2023-03-01,1034
1434,福懋,10,0,10,土銀-嘉義,2023-03-01,1034
1307,三芳,10,0,10,土銀-嘉義,2023-03-01,1034
1402,遠東新,10,0,10,土銀-嘉義,2023-03-01,1034
00893,國泰智能電動車,10,0,10,土銀-嘉義,2023-03-01,1034
3231,緯創,10,0,10,土銀-嘉義,2023-03-01,1034
6591,動力-KY,10,0,10,土銀-嘉義,2023-03-01,1034
9933,中鼎,10,0,10,土銀-嘉義,2023-03-01,1034
00712,復華富時不動產,9,0,9,土銀-嘉義,2023-03-01,1034
2885,元大金,10,1,9,土銀-嘉義,2023-03-01,1034
1802,台玻,8,0,8,土銀-嘉義,2023-03-01,1034
2408,南亞科,8,0,8,土銀-嘉義,2023-03-01,1034
2719,燦星旅,8,0,8,土銀-嘉義,2023-03-01,1034
4174,浩鼎,8,0,8,土銀-嘉義,2023-03-01,1034
5464,霖宏,8,1,7,土銀-嘉義,2023-03-01,1034
6770,力積電,7,0,7,土銀-嘉義,2023-03-01,1034
2881,富邦金,6,0,6,土銀-嘉義,2023-03-01,1034
6167,久正,10,4,6,土銀-嘉義,2023-03-01,1034
8183,精星,6,0,6,土銀-嘉義,2023-03-01,1034
00741B,富邦全球非投等債,5,0,5,土銀-嘉義,2023-03-01,1034
2736,富野,5,0,5,土銀-嘉義,2023-03-01,1034
3176,基亞,5,0,5,土銀-嘉義,2023-03-01,1034
3419,譁裕,5,0,5,土銀-嘉義,2023-03-01,1034
4147,中裕,5,0,5,土銀-嘉義,2023-03-01,1034
4968,立積,5,0,5,土銀-嘉義,2023-03-01,1034
8076,伍豐,5,0,5,土銀-嘉義,2023-03-01,1034
00680L,元大美債20正2,4,0,4,土銀-嘉義,2023-03-01,1034
2892,第一金,84,0,84,土銀-嘉義,2023-03-02,1034
00753L,中信中國50正2,82,0,82,土銀-嘉義,2023-03-02,1034
6153,嘉聯益,33,0,33,土銀-嘉義,2023-03-02,1034
00878,國泰永續高股息,30,0,30,土銀-嘉義,2023-03-02,1034
2897,王道銀行,28,0,28,土銀-嘉義,2023-03-02,1034
3481,群創,28,2,26,土銀-嘉義,2023-03-02,1034
2409,友達,25,0,25,土銀-嘉義,2023-03-02,1034
00673R,期元大S＆P原油反1,20,0,20,土銀-嘉義,2023-03-02,1034
5210,寶碩,20,0,20,土銀-嘉義,2023-03-02,1034
2498,宏達電,18,0,18,土銀-嘉義,2023-03-02,1034
00637L,元大滬深300正2,20,3,17,土銀-嘉義,2023-03-02,1034
2201,裕隆,26,12,14,土銀-嘉義,2023-03-02,1034
4915,致伸,13,1,12,土銀-嘉義,2023-03-02,1034
2886,兆豐金,10,0,10,土銀-嘉義,2023-03-02,1034
4804,大略-KY,10,0,10,土銀-嘉義,2023-03-02,1034
00712,復華富時不動產,9,0,9,土銀-嘉義,2023-03-02,1034
2367,燿華,10,1,9,土銀-嘉義,2023-03-02,1034
3548,兆利,9,0,9,土銀-嘉義,2023-03-02,1034
00680L,元大美債20正2,8,0,8,土銀-嘉義,2023-03-02,1034
5211,蒙恬,8,0,8,土銀-嘉義,2023-03-02,1034
2883,凱基金,7,0,7,土銀-嘉義,2023-03-02,1034
6835,圓裕,7,0,7,土銀-嘉義,2023-03-02,1034
2603,長榮,7,1,6,土銀-嘉義,2023-03-02,1034
2303,聯電,6,0,6,土銀-嘉義,2023-03-02,1034
2611,志信,8,2,6,土銀-嘉義,2023-03-02,1034
6139,亞翔,6,0,6,土銀-嘉義,2023-03-02,1034
1515,力山,5,0,5,土銀-嘉義,2023-03-02,1034
1432,大魯閣,5,0,5,土銀-嘉義,2023-03-02,1034
2027,大成鋼,5,0,5,土銀-嘉義,2023-03-02,1034
2471,資通,7,2,5,土銀-嘉義,2023-03-02,1034
3027,盛達,6,1,5,土銀-嘉義,2023-03-02,1034
3419,譁裕,5,0,5,土銀-嘉義,2023-03-02,1034
4930,燦星網,5,0,5,土銀-嘉義,2023-03-02,1034
8933,愛地雅,5,0,5,土銀-嘉義,2023-03-02,1034
1101,台泥,5,1,4,土銀-嘉義,2023-03-02,1034
6547,高端疫苗,4,0,4,土銀-嘉義,2023-03-02,1034
1701,中化,5,1,4,土銀-嘉義,2023-03-02,1034
2317,鴻海,4,0,4,土銀-嘉義,2023-03-02,1034
2832,台產,4,0,4,土銀-嘉義,2023-03-02,1034
3035,智原,3,0,3,土銀-嘉義,2023-03-02,1034
00900,富邦特選高股息30,5,2,3,土銀-嘉義,2023-03-02,1034
00882,中信中國高股息,5,2,3,土銀-嘉義,2023-03-02,1034
2401,凌陽,5,2,3,土銀-嘉義,2023-03-02,1034
2702,華園,3,0,3,土銀-嘉義,2023-03-02,1034
3016,嘉晶,3,0,3,土銀-嘉義,2023-03-02,1034
3265,台星科,3,0,3,土銀-嘉義,2023-03-02,1034
5009,榮剛,3,0,3,土銀-嘉義,2023-03-02,1034
5521,工信,3,0,3,土銀-嘉義,2023-03-02,1034
0056,元大高股息,2,0,2,土銀-嘉義,2023-03-02,1034
00679B,元大美債20年,2,0,2,土銀-嘉義,2023-03-02,1034
0056,元大高股息,72,0,72,土銀-嘉義,2023-03-03,1034
00753L,中信中國50正2,30,0,30,土銀-嘉義,2023-03-03,1034
00713,元大台灣高息低波,22,0,22,土銀-嘉義,2023-03-03,1034
00878,國泰永續高股息,26,5,21,土銀-嘉義,2023-03-03,1034
8176,智捷,20,0,20,土銀-嘉義,2023-03-03,1034
2634,漢翔,28,9,19,土銀-嘉義,2023-03-03,1034
1810,和成,21,3,18,土銀-嘉義,2023-03-03,1034
00888,永豐台灣ESG,14,0,14,土銀-嘉義,2023-03-03,1034
00720B,元大投資級公司債,14,0,14,土銀-嘉義,2023-03-03,1034
00751B,元大AAA至A公司債,13,0,13,土銀-嘉義,2023-03-03,1034
00756B,群益投等新興公債,12,0,12,土銀-嘉義,2023-03-03,1034
00740B,富邦全球投等債,12,0,12,土銀-嘉義,2023-03-03,1034
00725B,國泰投資級公司債,12,0,12,土銀-嘉義,2023-03-03,1034
2834,臺企銀,12,0,12,土銀-嘉義,2023-03-03,1034
4541,晟田,13,1,12,土銀-嘉義,2023-03-03,1034
2883,凱基金,11,0,11,土銀-嘉義,2023-03-03,1034
00679B,元大美債20年,11,0,11,土銀-嘉義,2023-03-03,1034
2890,永豐金,11,0,11,土銀-嘉義,2023-03-03,1034
5410,國眾,11,0,11,土銀-嘉義,2023-03-03,1034
00830,國泰費城半導體,10,0,10,土銀-嘉義,2023-03-03,1034
00885,富邦越南,10,0,10,土銀-嘉義,2023-03-03,1034
1101,台泥,10,0,10,土銀-嘉義,2023-03-03,1034
00670L,富邦NASDAQ正2,10,0,10,土銀-嘉義,2023-03-03,1034
00655L,國泰中國A50正2,10,0,10,土銀-嘉義,2023-03-03,1034
2332,友訊,10,0,10,土銀-嘉義,2023-03-03,1034
2888,新光金,10,0,10,土銀-嘉義,2023-03-03,1034
3706,神達,10,0,10,土銀-嘉義,2023-03-03,1034
1605,華新,18,9,9,土銀-嘉義,2023-03-03,1034
2388,威盛,11,2,9,土銀-嘉義,2023-03-03,1034
2606,裕民,12,3,9,土銀-嘉義,2023-03-03,1034
2002,中鋼,31,23,8,土銀-嘉義,2023-03-03,1034
3484,崧騰,8,0,8,土銀-嘉義,2023-03-03,1034
5222,全訊,8,0,8,土銀-嘉義,2023-03-03,1034
6116,彩晶,11,4,7,土銀-嘉義,2023-03-03,1034
00712,復華富時不動產,6,0,6,土銀-嘉義,2023-03-03,1034
1752,南光,6,0,6,土銀-嘉義,2023-03-03,1034
2615,萬海,8,2,6,土銀-嘉義,2023-03-03,1034
00637L,元大滬深300正2,7,2,5,土銀-嘉義,2023-03-03,1034
1722,台肥,5,0,5,土銀-嘉義,2023-03-03,1034
2337,旺宏,10,5,5,土銀-嘉義,2023-03-03,1034
2605,新興,7,2,5,土銀-嘉義,2023-03-03,1034
2736,富野,5,0,5,土銀-嘉義,2023-03-03,1034
3714,富采,5,0,5,土銀-嘉義,2023-03-03,1034
5512,力麒,5,0,5,土銀-嘉義,2023-03-03,1034
6111,大宇資,5,0,5,土銀-嘉義,2023-03-03,1034
6492,生華科,5,0,5,土銀-嘉義,2023-03-03,1034
9907,統一實,5,0,5,土銀-嘉義,2023-03-03,1034
1476,儒鴻,4,0,4,土銀-嘉義,2023-03-03,1034
00680L,元大美債20正2,4,0,4,土銀-嘉義,2023-03-03,1034
00898,國泰基因免疫革命,4,0,4,土銀-嘉義,2023-03-03,1034
00637L,元大滬深300正2,59,1,58,土銀-嘉義,2023-03-06,1034
00753L,中信中國50正2,53,0,53,土銀-嘉義,2023-03-06,1034
00878,國泰永續高股息,47,1,46,土銀-嘉義,2023-03-06,1034
00713,元大台灣高息低波,40,1,39,土銀-嘉義,2023-03-06,1034
3481,群創,47,11,36,土銀-嘉義,2023-03-06,1034
1611,中電,30,0,30,土銀-嘉義,2023-03-06,1034
2002,中鋼,20,2,18,土銀-嘉義,2023-03-06,1034
00712,復華富時不動產,15,0,15,土銀-嘉義,2023-03-06,1034
2882,國泰金,15,1,14,土銀-嘉義,2023-03-06,1034
2241,艾姆勒,13,0,13,土銀-嘉義,2023-03-06,1034
1535,中宇,12,0,12,土銀-嘉義,2023-03-06,1034
2641,正德,16,4,12,土銀-嘉義,2023-03-06,1034
2313,華通,11,0,11,土銀-嘉義,2023-03-06,1034
00830,國泰費城半導體,10,0,10,土銀-嘉義,2023-03-06,1034
00881,國泰台灣5G+,10,0,10,土銀-嘉義,2023-03-06,1034
00892,富邦台灣半導體,10,0,10,土銀-嘉義,2023-03-06,1034
00885,富邦越南,10,0,10,土銀-嘉義,2023-03-06,1034
2605,新興,10,0,10,土銀-嘉義,2023-03-06,1034
2617,台航,10,0,10,土銀-嘉義,2023-03-06,1034
3432,台端,10,0,10,土銀-嘉義,2023-03-06,1034
4906,正文,10,0,10,土銀-嘉義,2023-03-06,1034
5211,蒙恬,10,0,10,土銀-嘉義,2023-03-06,1034
6116,彩晶,10,0,10,土銀-嘉義,2023-03-06,1034
6576,逸達,10,0,10,土銀-嘉義,2023-03-06,1034
8176,智捷,10,0,10,土銀-嘉義,2023-03-06,1034
4979,華星光,10,1,9,土銀-嘉義,2023-03-06,1034
2332,友訊,8,0,8,土銀-嘉義,2023-03-06,1034
2498,宏達電,10,2,8,土銀-嘉義,2023-03-06,1034
1584,精剛,7,0,7,土銀-嘉義,2023-03-06,1034
2007,燁興,7,0,7,土銀-嘉義,2023-03-06,1034
1210,大成,6,0,6,土銀-嘉義,2023-03-06,1034
00680L,元大美債20正2,22,16,6,土銀-嘉義,2023-03-06,1034
1708,東鹼,6,0,6,土銀-嘉義,2023-03-06,1034
2367,燿華,6,0,6,土銀-嘉義,2023-03-06,1034
2449,京元電子,6,0,6,土銀-嘉義,2023-03-06,1034
2618,長榮航,12,6,6,土銀-嘉義,2023-03-06,1034
912000,晨訊科-DR,6,0,6,土銀-嘉義,2023-03-06,1034
00701,國泰股利精選30,5,0,5,土銀-嘉義,2023-03-06,1034
1519,華城,5,0,5,土銀-嘉義,2023-03-06,1034
2374,佳能,5,0,5,土銀-嘉義,2023-03-06,1034
2736,富野,5,0,5,土銀-嘉義,2023-03-06,1034
2881,富邦金,5,0,5,土銀-嘉義,2023-03-06,1034
3047,訊舟,5,0,5,土銀-嘉義,2023-03-06,1034
3141,晶宏,5,0,5,土銀-嘉義,2023-03-06,1034
4915,致伸,8,3,5,土銀-嘉義,2023-03-06,1034
5371,中光電,5,0,5,土銀-嘉義,2023-03-06,1034
6124,業強,5,0,5,土銀-嘉義,2023-03-06,1034
6806,森崴能源,5,0,5,土銀-嘉義,2023-03-06,1034
00882,中信中國高股息,4,0,4,土銀-嘉義,2023-03-06,1034
0056,元大高股息,10,6,4,土銀-嘉義,2023-03-06,1034
2241,艾姆勒,26,0,26,土銀-嘉義,2023-03-07,1034
2017,官田鋼,20,0,20,土銀-嘉義,2023-03-07,1034
2610,華航,13,0,13,土銀-嘉義,2023-03-07,1034
00885,富邦越南,12,0,12,土銀-嘉義,2023-03-07,1034
3019,亞光,11,0,11,土銀-嘉義,2023-03-07,1034
1434,福懋,11,0,11,土銀-嘉義,2023-03-07,1034
00893,國泰智能電動車,10,0,10,土銀-嘉義,2023-03-07,1034
00892,富邦台灣半導體,10,0,10,土銀-嘉義,2023-03-07,1034
00830,國泰費城半導體,10,0,10,土銀-嘉義,2023-03-07,1034
2845,遠東銀,10,0,10,土銀-嘉義,2023-03-07,1034
3708,上緯投控,10,0,10,土銀-嘉義,2023-03-07,1034
6016,康和證,10,0,10,土銀-嘉義,2023-03-07,1034
8176,智捷,10,0,10,土銀-嘉義,2023-03-07,1034
2481,強茂,11,2,9,土銀-嘉義,2023-03-07,1034
2606,裕民,12,3,9,土銀-嘉義,2023-03-07,1034
00881,國泰台灣5G+,10,2,8,土銀-嘉義,2023-03-07,1034
1810,和成,8,0,8,土銀-嘉義,2023-03-07,1034
3297,杭特,8,0,8,土銀-嘉義,2023-03-07,1034
8046,南電,8,0,8,土銀-嘉義,2023-03-07,1034
2618,長榮航,15,7,8,土銀-嘉義,2023-03-07,1034
2337,旺宏,7,0,7,土銀-嘉義,2023-03-07,1034
2882,國泰金,7,0,7,土銀-嘉義,2023-03-07,1034
4129,聯合,7,0,7,土銀-嘉義,2023-03-07,1034
5425,台半,11,4,7,土銀-嘉義,2023-03-07,1034
6441,廣錠,7,0,7,土銀-嘉義,2023-03-07,1034
8044,網家,7,0,7,土銀-嘉義,2023-03-07,1034
2501,國建,6,0,6,土銀-嘉義,2023-03-07,1034
3576,聯合再生,7,1,6,土銀-嘉義,2023-03-07,1034
8936,國統,6,0,6,土銀-嘉義,2023-03-07,1034
00679B,元大美債20年,5,0,5,土銀-嘉義,2023-03-07,1034
2314,台揚,5,0,5,土銀-嘉義,2023-03-07,1034
2342,茂矽,5,0,5,土銀-嘉義,2023-03-07,1034
2368,金像電,5,0,5,土銀-嘉義,2023-03-07,1034
2881,富邦金,5,0,5,土銀-嘉義,2023-03-07,1034
3548,兆利,5,0,5,土銀-嘉義,2023-03-07,1034
6139,亞翔,5,0,5,土銀-嘉義,2023-03-07,1034
1513,中興電,5,1,4,土銀-嘉義,2023-03-07,1034
00701,國泰股利精選30,6,2,4,土銀-嘉義,2023-03-07,1034
2393,億光,4,0,4,土銀-嘉義,2023-03-07,1034
3228,金麗科,4,0,4,土銀-嘉義,2023-03-07,1034
4114,健喬,4,0,4,土銀-嘉義,2023-03-07,1034
8284,三竹,4,0,4,土銀-嘉義,2023-03-07,1034
00878,國泰永續高股息,6,2,4,土銀-嘉義,2023-03-07,1034
00882,中信中國高股息,3,0,3,土銀-嘉義,2023-03-07,1034
1712,興農,3,0,3,土銀-嘉義,2023-03-07,1034
2641,正德,6,3,3,土銀-嘉義,2023-03-07,1034
3006,晶豪科,13,10,3,土銀-嘉義,2023-03-07,1034
3013,晟銘電,3,0,3,土銀-嘉義,2023-03-07,1034
3031,佰鴻,3,0,3,土銀-嘉義,2023-03-07,1034
3532,台勝科,3,0,3,土銀-嘉義,2023-03-07,1034
00637L,元大滬深300正2,98,0,98,土銀-嘉義,2023-03-08,1034
2609,陽明,29,5,24,土銀-嘉義,2023-03-08,1034
1733,五鼎,20,0,20,土銀-嘉義,2023-03-08,1034
1101,台泥,19,0,19,土銀-嘉義,2023-03-08,1034
6770,力積電,18,0,18,土銀-嘉義,2023-03-08,1034
5009,榮剛,22,7,15,土銀-嘉義,2023-03-08,1034
2883,凱基金,15,0,15,土銀-嘉義,2023-03-08,1034
2834,臺企銀,13,0,13,土銀-嘉義,2023-03-08,1034
00665L,富邦�琤肭磪囓�2,23,11,12,土銀-嘉義,2023-03-08,1034
2027,大成鋼,11,0,11,土銀-嘉義,2023-03-08,1034
2481,強茂,11,0,11,土銀-嘉義,2023-03-08,1034
2344,華邦電,19,9,10,土銀-嘉義,2023-03-08,1034
00655L,國泰中國A50正2,10,0,10,土銀-嘉義,2023-03-08,1034
1519,華城,12,2,10,土銀-嘉義,2023-03-08,1034
2002,中鋼,10,0,10,土銀-嘉義,2023-03-08,1034
2634,漢翔,29,19,10,土銀-嘉義,2023-03-08,1034
2891,中信金,10,0,10,土銀-嘉義,2023-03-08,1034
4162,智擎,10,0,10,土銀-嘉義,2023-03-08,1034
9933,中鼎,10,0,10,土銀-嘉義,2023-03-08,1034
006208,富邦台50,10,0,10,土銀-嘉義,2023-03-08,1034
00888,永豐台灣ESG,9,0,9,土銀-嘉義,2023-03-08,1034
6576,逸達,11,2,9,土銀-嘉義,2023-03-08,1034
00882,中信中國高股息,8,0,8,土銀-嘉義,2023-03-08,1034
00878,國泰永續高股息,13,5,8,土銀-嘉義,2023-03-08,1034
1504,東元,10,2,8,土銀-嘉義,2023-03-08,1034
2241,艾姆勒,8,0,8,土銀-嘉義,2023-03-08,1034
6282,康舒,9,2,7,土銀-嘉義,2023-03-08,1034
1432,大魯閣,8,1,7,土銀-嘉義,2023-03-08,1034
2498,宏達電,17,10,7,土銀-嘉義,2023-03-08,1034
2637,慧洋-KY,7,0,7,土銀-嘉義,2023-03-08,1034
6589,台康生技,7,0,7,土銀-嘉義,2023-03-08,1034
2882,國泰金,8,2,6,土銀-嘉義,2023-03-08,1034
00633L,富邦上証正2,16,10,6,土銀-嘉義,2023-03-08,1034
1104,環泥,6,0,6,土銀-嘉義,2023-03-08,1034
3484,崧騰,6,0,6,土銀-嘉義,2023-03-08,1034
3527,聚積,6,0,6,土銀-嘉義,2023-03-08,1034
6616,特昇-KY,6,0,6,土銀-嘉義,2023-03-08,1034
2105,正新,5,0,5,土銀-嘉義,2023-03-08,1034
1313,聯成,5,0,5,土銀-嘉義,2023-03-08,1034
1102,亞泥,10,5,5,土銀-嘉義,2023-03-08,1034
00830,國泰費城半導體,5,0,5,土銀-嘉義,2023-03-08,1034
1608,華榮,7,2,5,土銀-嘉義,2023-03-08,1034
2342,茂矽,5,0,5,土銀-嘉義,2023-03-08,1034
2606,裕民,6,1,5,土銀-嘉義,2023-03-08,1034
2610,華航,14,9,5,土銀-嘉義,2023-03-08,1034
2736,富野,5,0,5,土銀-嘉義,2023-03-08,1034
3176,基亞,5,0,5,土銀-嘉義,2023-03-08,1034
3576,聯合再生,5,0,5,土銀-嘉義,2023-03-08,1034
6168,宏齊,5,0,5,土銀-嘉義,2023-03-08,1034
6290,良維,5,0,5,土銀-嘉義,2023-03-08,1034
00632R,元大台灣50反1,203,0,203,土銀-嘉義,2023-03-09,1034
3535,晶彩科,94,0,94,土銀-嘉義,2023-03-09,1034
1718,中纖,46,0,46,土銀-嘉義,2023-03-09,1034
2618,長榮航,49,3,46,土銀-嘉義,2023-03-09,1034
2409,友達,42,0,42,土銀-嘉義,2023-03-09,1034
2208,台船,40,0,40,土銀-嘉義,2023-03-09,1034
00878,國泰永續高股息,32,0,32,土銀-嘉義,2023-03-09,1034
3481,群創,35,3,32,土銀-嘉義,2023-03-09,1034
1402,遠東新,30,0,30,土銀-嘉義,2023-03-09,1034
1101,台泥,29,2,27,土銀-嘉義,2023-03-09,1034
2344,華邦電,29,6,23,土銀-嘉義,2023-03-09,1034
2243,宏旭-KY,20,0,20,土銀-嘉義,2023-03-09,1034
1605,華新,42,23,19,土銀-嘉義,2023-03-09,1034
6530,創威,16,0,16,土銀-嘉義,2023-03-09,1034
2408,南亞科,15,0,15,土銀-嘉義,2023-03-09,1034
00665L,富邦�琤肭磪囓�2,15,0,15,土銀-嘉義,2023-03-09,1034
2317,鴻海,14,0,14,土銀-嘉義,2023-03-09,1034
2883,凱基金,14,2,12,土銀-嘉義,2023-03-09,1034
8171,天宇,12,0,12,土銀-嘉義,2023-03-09,1034
2891,中信金,11,0,11,土銀-嘉義,2023-03-09,1034
1434,福懋,10,0,10,土銀-嘉義,2023-03-09,1034
4746,台耀,10,0,10,土銀-嘉義,2023-03-09,1034
5355,佳總,10,0,10,土銀-嘉義,2023-03-09,1034
5443,均豪,10,0,10,土銀-嘉義,2023-03-09,1034
1303,南亞,9,0,9,土銀-嘉義,2023-03-09,1034
3037,欣興,10,1,9,土銀-嘉義,2023-03-09,1034
9907,統一實,9,0,9,土銀-嘉義,2023-03-09,1034
1513,中興電,10,2,8,土銀-嘉義,2023-03-09,1034
00637L,元大滬深300正2,38,30,8,土銀-嘉義,2023-03-09,1034
6547,高端疫苗,26,18,8,土銀-嘉義,2023-03-09,1034
1219,福壽,7,0,7,土銀-嘉義,2023-03-09,1034
1810,和成,7,0,7,土銀-嘉義,2023-03-09,1034
3231,緯創,10,3,7,土銀-嘉義,2023-03-09,1034
8049,晶采,7,0,7,土銀-嘉義,2023-03-09,1034
00642U,期元大S＆P石油,6,0,6,土銀-嘉義,2023-03-09,1034
00885,富邦越南,6,0,6,土銀-嘉義,2023-03-09,1034
2201,裕隆,9,3,6,土銀-嘉義,2023-03-09,1034
2241,艾姆勒,6,0,6,土銀-嘉義,2023-03-09,1034
2616,山隆,6,0,6,土銀-嘉義,2023-03-09,1034
3005,神基,6,0,6,土銀-嘉義,2023-03-09,1034
3264,欣銓,16,10,6,土銀-嘉義,2023-03-09,1034
3484,崧騰,6,0,6,土銀-嘉義,2023-03-09,1034
4903,聯光通,20,14,6,土銀-嘉義,2023-03-09,1034
5469,瀚宇博,6,0,6,土銀-嘉義,2023-03-09,1034
1515,力山,5,0,5,土銀-嘉義,2023-03-09,1034
00918,大華優利高填息30,5,0,5,土銀-嘉義,2023-03-09,1034
00902,中信電池及儲能,5,0,5,土銀-嘉義,2023-03-09,1034
2880,華南金,5,0,5,土銀-嘉義,2023-03-09,1034
2888,新光金,5,0,5,土銀-嘉義,2023-03-09,1034
4114,健喬,5,0,5,土銀-嘉義,2023-03-09,1034
00878,國泰永續高股息,187,11,176,土銀-嘉義,2023-03-10,1034
00923,群益台ESG低碳50,81,0,81,土銀-嘉義,2023-03-10,1034
3535,晶彩科,50,0,50,土銀-嘉義,2023-03-10,1034
2880,華南金,42,0,42,土銀-嘉義,2023-03-10,1034
2002,中鋼,41,0,41,土銀-嘉義,2023-03-10,1034
2449,京元電子,36,1,35,土銀-嘉義,2023-03-10,1034
2891,中信金,36,1,35,土銀-嘉義,2023-03-10,1034
1101,台泥,24,0,24,土銀-嘉義,2023-03-10,1034
00882,中信中國高股息,23,0,23,土銀-嘉義,2023-03-10,1034
3312,弘憶股,18,0,18,土銀-嘉義,2023-03-10,1034
2023,燁輝,20,3,17,土銀-嘉義,2023-03-10,1034
2618,長榮航,18,1,17,土銀-嘉義,2023-03-10,1034
2610,華航,27,11,16,土銀-嘉義,2023-03-10,1034
1605,華新,24,8,16,土銀-嘉義,2023-03-10,1034
2484,希華,20,4,16,土銀-嘉義,2023-03-10,1034
2892,第一金,16,0,16,土銀-嘉義,2023-03-10,1034
3189,景碩,17,1,16,土銀-嘉義,2023-03-10,1034
4121,優盛,16,0,16,土銀-嘉義,2023-03-10,1034
00885,富邦越南,15,0,15,土銀-嘉義,2023-03-10,1034
2498,宏達電,17,3,14,土銀-嘉義,2023-03-10,1034
2413,環科,22,9,13,土銀-嘉義,2023-03-10,1034
3006,晶豪科,16,3,13,土銀-嘉義,2023-03-10,1034
4746,台耀,13,0,13,土銀-嘉義,2023-03-10,1034
6770,力積電,18,6,12,土銀-嘉義,2023-03-10,1034
2882,國泰金,12,1,11,土銀-嘉義,2023-03-10,1034
3029,零壹,11,0,11,土銀-嘉義,2023-03-10,1034
3041,揚智,11,0,11,土銀-嘉義,2023-03-10,1034
3686,達能,11,0,11,土銀-嘉義,2023-03-10,1034
1216,統一,10,0,10,土銀-嘉義,2023-03-10,1034
1215,卜蜂,10,0,10,土銀-嘉義,2023-03-10,1034
00888,永豐台灣ESG,10,0,10,土銀-嘉義,2023-03-10,1034
00642U,期元大S＆P石油,10,0,10,土銀-嘉義,2023-03-10,1034
00712,復華富時不動產,10,0,10,土銀-嘉義,2023-03-10,1034
1702,南僑,10,0,10,土銀-嘉義,2023-03-10,1034
2539,櫻花建,10,0,10,土銀-嘉義,2023-03-10,1034
2883,凱基金,10,0,10,土銀-嘉義,2023-03-10,1034
3042,晶技,10,0,10,土銀-嘉義,2023-03-10,1034
2409,友達,9,0,9,土銀-嘉義,2023-03-10,1034
2884,玉山金,9,0,9,土銀-嘉義,2023-03-10,1034
3024,憶聲,10,1,9,土銀-嘉義,2023-03-10,1034
3037,欣興,11,2,9,土銀-嘉義,2023-03-10,1034
3035,智原,8,0,8,土銀-嘉義,2023-03-10,1034
00665L,富邦�琤肭磪囓�2,28,20,8,土銀-嘉義,2023-03-10,1034
2886,兆豐金,8,0,8,土銀-嘉義,2023-03-10,1034
6470,宇智,12,4,8,土銀-嘉義,2023-03-10,1034
1104,環泥,8,0,8,土銀-嘉義,2023-03-10,1034
1618,合機,7,0,7,土銀-嘉義,2023-03-10,1034
2388,威盛,9,2,7,土銀-嘉義,2023-03-10,1034
3297,杭特,7,0,7,土銀-嘉義,2023-03-10,1034
6191,精成科,17,10,7,土銀-嘉義,2023-03-10,1034
00878,國泰永續高股息,123,61,62,土銀-嘉義,2023-03-13,1034
2880,華南金,42,0,42,土銀-嘉義,2023-03-13,1034
2888,新光金,103,80,23,土銀-嘉義,2023-03-13,1034
2023,燁輝,21,0,21,土銀-嘉義,2023-03-13,1034
2241,艾姆勒,21,0,21,土銀-嘉義,2023-03-13,1034
2427,三商電,21,0,21,土銀-嘉義,2023-03-13,1034
2883,凱基金,21,0,21,土銀-嘉義,2023-03-13,1034
2891,中信金,31,10,21,土銀-嘉義,2023-03-13,1034
2913,農林,17,0,17,土銀-嘉義,2023-03-13,1034
3042,晶技,14,0,14,土銀-嘉義,2023-03-13,1034
3178,公準,12,0,12,土銀-嘉義,2023-03-13,1034
4126,太醫,12,0,12,土銀-嘉義,2023-03-13,1034
6122,擎邦,12,0,12,土銀-嘉義,2023-03-13,1034
1101,台泥,15,4,11,土銀-嘉義,2023-03-13,1034
2211,長榮鋼,11,0,11,土銀-嘉義,2023-03-13,1034
1432,大魯閣,10,0,10,土銀-嘉義,2023-03-13,1034
00679B,元大美債20年,10,0,10,土銀-嘉義,2023-03-13,1034
2705,六福,10,0,10,土銀-嘉義,2023-03-13,1034
3128,昇銳,10,0,10,土銀-嘉義,2023-03-13,1034
6016,康和證,10,0,10,土銀-嘉義,2023-03-13,1034
2449,京元電子,14,5,9,土銀-嘉義,2023-03-13,1034
3006,晶豪科,10,1,9,土銀-嘉義,2023-03-13,1034
2408,南亞科,8,0,8,土銀-嘉義,2023-03-13,1034
3484,崧騰,8,0,8,土銀-嘉義,2023-03-13,1034
4746,台耀,10,2,8,土銀-嘉義,2023-03-13,1034
8131,福懋科,8,0,8,土銀-嘉義,2023-03-13,1034
00712,復華富時不動產,7,0,7,土銀-嘉義,2023-03-13,1034
3041,揚智,7,0,7,土銀-嘉義,2023-03-13,1034
00888,永豐台灣ESG,6,0,6,土銀-嘉義,2023-03-13,1034
2882,國泰金,6,0,6,土銀-嘉義,2023-03-13,1034
2890,永豐金,6,0,6,土銀-嘉義,2023-03-13,1034
3031,佰鴻,6,0,6,土銀-嘉義,2023-03-13,1034
8916,光隆,6,0,6,土銀-嘉義,2023-03-13,1034
2609,陽明,21,16,5,土銀-嘉義,2023-03-13,1034
2892,第一金,15,10,5,土銀-嘉義,2023-03-13,1034
1515,力山,5,0,5,土銀-嘉義,2023-03-13,1034
2302,麗正,5,0,5,土銀-嘉義,2023-03-13,1034
2484,希華,5,0,5,土銀-嘉義,2023-03-13,1034
2498,宏達電,9,4,5,土銀-嘉義,2023-03-13,1034
2834,臺企銀,7,2,5,土銀-嘉義,2023-03-13,1034
3027,盛達,5,0,5,土銀-嘉義,2023-03-13,1034
4804,大略-KY,5,0,5,土銀-嘉義,2023-03-13,1034
4979,華星光,5,0,5,土銀-嘉義,2023-03-13,1034
6163,華電網,5,0,5,土銀-嘉義,2023-03-13,1034
6174,安��,5,0,5,土銀-嘉義,2023-03-13,1034
6202,盛群,5,0,5,土銀-嘉義,2023-03-13,1034
6548,長科*,15,10,5,土銀-嘉義,2023-03-13,1034
2451,創見,4,0,4,土銀-嘉義,2023-03-13,1034
00633L,富邦上証正2,10,6,4,土銀-嘉義,2023-03-13,1034
1217,愛之味,4,0,4,土銀-嘉義,2023-03-13,1034
2888,新光金,162,30,132,土銀-嘉義,2023-03-14,1034
00632R,元大台灣50反1,100,0,100,土銀-嘉義,2023-03-14,1034
00878,國泰永續高股息,96,1,95,土銀-嘉義,2023-03-14,1034
2610,華航,71,1,70,土銀-嘉義,2023-03-14,1034
2618,長榮航,63,5,58,土銀-嘉義,2023-03-14,1034
00715L,期街口布蘭特正2,43,0,43,土銀-嘉義,2023-03-14,1034
2883,凱基金,43,2,41,土銀-嘉義,2023-03-14,1034
2891,中信金,37,2,35,土銀-嘉義,2023-03-14,1034
2344,華邦電,28,0,28,土銀-嘉義,2023-03-14,1034
00637L,元大滬深300正2,65,42,23,土銀-嘉義,2023-03-14,1034
2834,臺企銀,23,0,23,土銀-嘉義,2023-03-14,1034
2303,聯電,33,10,23,土銀-嘉義,2023-03-14,1034
00642U,期元大S＆P石油,20,0,20,土銀-嘉義,2023-03-14,1034
6235,華孚,21,1,20,土銀-嘉義,2023-03-14,1034
8112,至上,20,0,20,土銀-嘉義,2023-03-14,1034
2352,佳世達,17,0,17,土銀-嘉義,2023-03-14,1034
2880,華南金,36,20,16,土銀-嘉義,2023-03-14,1034
5880,合庫金,16,0,16,土銀-嘉義,2023-03-14,1034
3481,群創,17,1,16,土銀-嘉義,2023-03-14,1034
2897,王道銀行,15,0,15,土銀-嘉義,2023-03-14,1034
3128,昇銳,15,0,15,土銀-嘉義,2023-03-14,1034
4550,長佳,15,0,15,土銀-嘉義,2023-03-14,1034
2719,燦星旅,14,0,14,土銀-嘉義,2023-03-14,1034
00670L,富邦NASDAQ正2,13,0,13,土銀-嘉義,2023-03-14,1034
2892,第一金,18,5,13,土銀-嘉義,2023-03-14,1034
00665L,富邦�琤肭磪囓�2,18,6,12,土銀-嘉義,2023-03-14,1034
00679B,元大美債20年,11,0,11,土銀-嘉義,2023-03-14,1034
00893,國泰智能電動車,11,0,11,土銀-嘉義,2023-03-14,1034
6122,擎邦,13,2,11,土銀-嘉義,2023-03-14,1034
00888,永豐台灣ESG,10,0,10,土銀-嘉義,2023-03-14,1034
1605,華新,14,4,10,土銀-嘉義,2023-03-14,1034
2312,金寶,10,0,10,土銀-嘉義,2023-03-14,1034
4304,勝昱,10,0,10,土銀-嘉義,2023-03-14,1034
6770,力積電,10,0,10,土銀-嘉義,2023-03-14,1034
1210,大成,9,0,9,土銀-嘉義,2023-03-14,1034
2408,南亞科,8,0,8,土銀-嘉義,2023-03-14,1034
2615,萬海,25,17,8,土銀-嘉義,2023-03-14,1034
2027,大成鋼,18,11,7,土銀-嘉義,2023-03-14,1034
2409,友達,7,0,7,土銀-嘉義,2023-03-14,1034
2867,三商壽,7,0,7,土銀-嘉義,2023-03-14,1034
5438,東友,10,3,7,土銀-嘉義,2023-03-14,1034
6109,亞元,7,0,7,土銀-嘉義,2023-03-14,1034
6576,逸達,7,0,7,土銀-嘉義,2023-03-14,1034
00895,富邦未來車,6,0,6,土銀-嘉義,2023-03-14,1034
8933,愛地雅,6,0,6,土銀-嘉義,2023-03-14,1034
2349,錸德,5,0,5,土銀-嘉義,2023-03-14,1034
2457,飛宏,20,15,5,土銀-嘉義,2023-03-14,1034
2484,希華,10,5,5,土銀-嘉義,2023-03-14,1034
2613,中櫃,5,0,5,土銀-嘉義,2023-03-14,1034
2736,富野,5,0,5,土銀-嘉義,2023-03-14,1034
2882,國泰金,100,15,85,土銀-嘉義,2023-03-15,1034
3028,增你強,65,0,65,土銀-嘉義,2023-03-15,1034
2880,華南金,63,0,63,土銀-嘉義,2023-03-15,1034
2836,高雄銀,50,0,50,土銀-嘉義,2023-03-15,1034
2603,長榮,44,12,32,土銀-嘉義,2023-03-15,1034
2409,友達,31,5,26,土銀-嘉義,2023-03-15,1034
8112,至上,24,0,24,土銀-嘉義,2023-03-15,1034
00878,國泰永續高股息,36,17,19,土銀-嘉義,2023-03-15,1034
4938,和碩,21,2,19,土銀-嘉義,2023-03-15,1034
00715L,期街口布蘭特正2,28,10,18,土銀-嘉義,2023-03-15,1034
6125,廣運,18,1,17,土銀-嘉義,2023-03-15,1034
3481,群創,21,6,15,土銀-嘉義,2023-03-15,1034
5880,合庫金,14,0,14,土銀-嘉義,2023-03-15,1034
2484,希華,13,0,13,土銀-嘉義,2023-03-15,1034
2881,富邦金,13,0,13,土銀-嘉義,2023-03-15,1034
00642U,期元大S＆P石油,12,0,12,土銀-嘉義,2023-03-15,1034
3624,光頡,12,0,12,土銀-嘉義,2023-03-15,1034
2313,華通,11,0,11,土銀-嘉義,2023-03-15,1034
1409,新纖,10,0,10,土銀-嘉義,2023-03-15,1034
2634,漢翔,19,9,10,土銀-嘉義,2023-03-15,1034
9907,統一實,11,1,10,土銀-嘉義,2023-03-15,1034
1611,中電,10,1,9,土銀-嘉義,2023-03-15,1034
2883,凱基金,9,0,9,土銀-嘉義,2023-03-15,1034
2884,玉山金,9,0,9,土銀-嘉義,2023-03-15,1034
3029,零壹,10,1,9,土銀-嘉義,2023-03-15,1034
5608,四維航,11,2,9,土銀-嘉義,2023-03-15,1034
2358,廷鑫,8,0,8,土銀-嘉義,2023-03-15,1034
6173,信昌電,8,0,8,土銀-嘉義,2023-03-15,1034
00753L,中信中國50正2,11,4,7,土銀-嘉義,2023-03-15,1034
2885,元大金,7,0,7,土銀-嘉義,2023-03-15,1034
6109,亞元,7,0,7,土銀-嘉義,2023-03-15,1034
1618,合機,6,0,6,土銀-嘉義,2023-03-15,1034
2332,友訊,6,0,6,土銀-嘉義,2023-03-15,1034
2353,宏��,7,1,6,土銀-嘉義,2023-03-15,1034
4967,十銓,6,0,6,土銀-嘉義,2023-03-15,1034
9904,寶成,6,0,6,土銀-嘉義,2023-03-15,1034
00633L,富邦上証正2,13,8,5,土銀-嘉義,2023-03-15,1034
2317,鴻海,5,0,5,土銀-嘉義,2023-03-15,1034
2393,億光,5,0,5,土銀-嘉義,2023-03-15,1034
2520,冠德,5,0,5,土銀-嘉義,2023-03-15,1034
2607,榮運,5,0,5,土銀-嘉義,2023-03-15,1034
2801,彰銀,5,0,5,土銀-嘉義,2023-03-15,1034
2887,台新金,5,0,5,土銀-嘉義,2023-03-15,1034
3031,佰鴻,5,0,5,土銀-嘉義,2023-03-15,1034
3037,欣興,5,0,5,土銀-嘉義,2023-03-15,1034
3380,明泰,5,0,5,土銀-嘉義,2023-03-15,1034
6129,普誠,5,0,5,土銀-嘉義,2023-03-15,1034
6248,沛波,5,0,5,土銀-嘉義,2023-03-15,1034
8249,菱光,5,0,5,土銀-嘉義,2023-03-15,1034
9919,康那香,5,0,5,土銀-嘉義,2023-03-15,1034
2880,華南金,139,3,136,土銀-嘉義,2023-03-16,1034
2883,凱基金,125,0,125,土銀-嘉義,2023-03-16,1034
00878,國泰永續高股息,107,0,107,土銀-嘉義,2023-03-16,1034
2834,臺企銀,98,13,85,土銀-嘉義,2023-03-16,1034
00715L,期街口布蘭特正2,80,0,80,土銀-嘉義,2023-03-16,1034
2530,華建,54,0,54,土銀-嘉義,2023-03-16,1034
2618,長榮航,37,0,37,土銀-嘉義,2023-03-16,1034
2888,新光金,35,0,35,土銀-嘉義,2023-03-16,1034
2882,國泰金,30,0,30,土銀-嘉義,2023-03-16,1034
2358,廷鑫,27,0,27,土銀-嘉義,2023-03-16,1034
2498,宏達電,30,6,24,土銀-嘉義,2023-03-16,1034
00642U,期元大S＆P石油,23,0,23,土銀-嘉義,2023-03-16,1034
2881,富邦金,22,0,22,土銀-嘉義,2023-03-16,1034
2484,希華,20,0,20,土銀-嘉義,2023-03-16,1034
2891,中信金,27,10,17,土銀-嘉義,2023-03-16,1034
1409,新纖,16,0,16,土銀-嘉義,2023-03-16,1034
1101,台泥,15,0,15,土銀-嘉義,2023-03-16,1034
2241,艾姆勒,13,0,13,土銀-嘉義,2023-03-16,1034
2023,燁輝,11,0,11,土銀-嘉義,2023-03-16,1034
00751B,元大AAA至A公司債,10,0,10,土銀-嘉義,2023-03-16,1034
3466,德晉,10,0,10,土銀-嘉義,2023-03-16,1034
4976,佳凌,10,0,10,土銀-嘉義,2023-03-16,1034
5203,訊連,10,0,10,土銀-嘉義,2023-03-16,1034
2641,正德,17,8,9,土銀-嘉義,2023-03-16,1034
2719,燦星旅,9,0,9,土銀-嘉義,2023-03-16,1034
0050,元大台灣50,8,0,8,土銀-嘉義,2023-03-16,1034
2312,金寶,8,0,8,土銀-嘉義,2023-03-16,1034
4164,承業醫,8,0,8,土銀-嘉義,2023-03-16,1034
5009,榮剛,9,1,8,土銀-嘉義,2023-03-16,1034
2603,長榮,9,2,7,土銀-嘉義,2023-03-16,1034
3484,崧騰,7,0,7,土銀-嘉義,2023-03-16,1034
2884,玉山金,11,5,6,土銀-嘉義,2023-03-16,1034
1314,中石化,6,0,6,土銀-嘉義,2023-03-16,1034
2890,永豐金,6,0,6,土銀-嘉義,2023-03-16,1034
3128,昇銳,6,0,6,土銀-嘉義,2023-03-16,1034
6214,精誠,6,0,6,土銀-嘉義,2023-03-16,1034
8046,南電,9,3,6,土銀-嘉義,2023-03-16,1034
9907,統一實,8,2,6,土銀-嘉義,2023-03-16,1034
9945,潤泰新,20,14,6,土銀-嘉義,2023-03-16,1034
00713,元大台灣高息低波,5,0,5,土銀-嘉義,2023-03-16,1034
1316,上曜,5,0,5,土銀-嘉義,2023-03-16,1034
00830,國泰費城半導體,5,0,5,土銀-嘉義,2023-03-16,1034
2022,聚亨,5,0,5,土銀-嘉義,2023-03-16,1034
2301,光寶科,5,0,5,土銀-嘉義,2023-03-16,1034
2371,大同,5,0,5,土銀-嘉義,2023-03-16,1034
2387,精元,5,0,5,土銀-嘉義,2023-03-16,1034
2852,第一保,5,0,5,土銀-嘉義,2023-03-16,1034
3006,晶豪科,5,0,5,土銀-嘉義,2023-03-16,1034
3056,富華新,10,5,5,土銀-嘉義,2023-03-16,1034
3176,基亞,5,0,5,土銀-嘉義,2023-03-16,1034
2888,新光金,400,0,400,土銀-嘉義,2023-03-17,1034
00679B,元大美債20年,105,0,105,土銀-嘉義,2023-03-17,1034
00632R,元大台灣50反1,100,0,100,土銀-嘉義,2023-03-17,1034
00671R,富邦NASDAQ反1,50,0,50,土銀-嘉義,2023-03-17,1034
2801,彰銀,42,0,42,土銀-嘉義,2023-03-17,1034
6153,嘉聯益,40,0,40,土銀-嘉義,2023-03-17,1034
2457,飛宏,40,6,34,土銀-嘉義,2023-03-17,1034
2014,中鴻,20,0,20,土銀-嘉義,2023-03-17,1034
5315,光聯,20,0,20,土銀-嘉義,2023-03-17,1034
2883,凱基金,17,0,17,土銀-嘉義,2023-03-17,1034
2399,映泰,15,0,15,土銀-嘉義,2023-03-17,1034
2880,華南金,13,0,13,土銀-嘉義,2023-03-17,1034
2241,艾姆勒,13,0,13,土銀-嘉義,2023-03-17,1034
6116,彩晶,14,1,13,土銀-嘉義,2023-03-17,1034
2344,華邦電,12,0,12,土銀-嘉義,2023-03-17,1034
2618,長榮航,11,0,11,土銀-嘉義,2023-03-17,1034
0056,元大高股息,10,0,10,土銀-嘉義,2023-03-17,1034
1216,統一,10,0,10,土銀-嘉義,2023-03-17,1034
00893,國泰智能電動車,10,0,10,土銀-嘉義,2023-03-17,1034
1611,中電,11,1,10,土銀-嘉義,2023-03-17,1034
2530,華建,10,0,10,土銀-嘉義,2023-03-17,1034
2641,正德,10,0,10,土銀-嘉義,2023-03-17,1034
2867,三商壽,10,0,10,土銀-嘉義,2023-03-17,1034
3088,艾訊,10,0,10,土銀-嘉義,2023-03-17,1034
3715,定穎投控,10,0,10,土銀-嘉義,2023-03-17,1034
6275,元山,10,0,10,土銀-嘉義,2023-03-17,1034
8176,智捷,10,0,10,土銀-嘉義,2023-03-17,1034
1524,耿鼎,13,4,9,土銀-嘉義,2023-03-17,1034
2603,長榮,12,3,9,土銀-嘉義,2023-03-17,1034
2027,大成鋼,9,1,8,土銀-嘉義,2023-03-17,1034
3624,光頡,14,6,8,土銀-嘉義,2023-03-17,1034
2891,中信金,9,2,7,土銀-嘉義,2023-03-17,1034
3481,群創,20,13,7,土銀-嘉義,2023-03-17,1034
2393,億光,6,0,6,土銀-嘉義,2023-03-17,1034
3162,精確,10,4,6,土銀-嘉義,2023-03-17,1034
3548,兆利,6,0,6,土銀-嘉義,2023-03-17,1034
6109,亞元,6,0,6,土銀-嘉義,2023-03-17,1034
2425,承啟,5,0,5,土銀-嘉義,2023-03-17,1034
3013,晟銘電,5,0,5,土銀-嘉義,2023-03-17,1034
3078,僑威,5,0,5,土銀-嘉義,2023-03-17,1034
4536,拓凱,5,0,5,土銀-嘉義,2023-03-17,1034
5483,中美晶,5,0,5,土銀-嘉義,2023-03-17,1034
6217,中探針,5,0,5,土銀-嘉義,2023-03-17,1034
6234,高僑,5,0,5,土銀-嘉義,2023-03-17,1034
2890,永豐金,4,0,4,土銀-嘉義,2023-03-17,1034
3081,聯亞,4,0,4,土銀-嘉義,2023-03-17,1034
9904,寶成,4,0,4,土銀-嘉義,2023-03-17,1034
1101,台泥,3,0,3,土銀-嘉義,2023-03-17,1034
00650L,復華香港正2,3,0,3,土銀-嘉義,2023-03-17,1034
1504,東元,5,2,3,土銀-嘉義,2023-03-17,1034
5880,合庫金,100,1,99,土銀-嘉義,2023-03-20,1034
2888,新光金,65,0,65,土銀-嘉義,2023-03-20,1034
00637L,元大滬深300正2,81,20,61,土銀-嘉義,2023-03-20,1034
2882,國泰金,46,0,46,土銀-嘉義,2023-03-20,1034
6443,元晶,50,13,37,土銀-嘉義,2023-03-20,1034
00712,復華富時不動產,36,0,36,土銀-嘉義,2023-03-20,1034
1605,華新,36,3,33,土銀-嘉義,2023-03-20,1034
00715L,期街口布蘭特正2,32,0,32,土銀-嘉義,2023-03-20,1034
2801,彰銀,26,0,26,土銀-嘉義,2023-03-20,1034
3481,群創,31,6,25,土銀-嘉義,2023-03-20,1034
00878,國泰永續高股息,26,4,22,土銀-嘉義,2023-03-20,1034
2867,三商壽,20,0,20,土銀-嘉義,2023-03-20,1034
6770,力積電,20,0,20,土銀-嘉義,2023-03-20,1034
00633L,富邦上証正2,21,9,12,土銀-嘉義,2023-03-20,1034
6244,茂迪,22,10,12,土銀-嘉義,2023-03-20,1034
1513,中興電,11,0,11,土銀-嘉義,2023-03-20,1034
2530,華建,10,0,10,土銀-嘉義,2023-03-20,1034
4716,大立,10,0,10,土銀-嘉義,2023-03-20,1034
5410,國眾,10,0,10,土銀-嘉義,2023-03-20,1034
4934,太極,9,0,9,土銀-嘉義,2023-03-20,1034
2230,泰茂,8,0,8,土銀-嘉義,2023-03-20,1034
1514,亞力,9,2,7,土銀-嘉義,2023-03-20,1034
2892,第一金,7,0,7,土銀-嘉義,2023-03-20,1034
4804,大略-KY,7,0,7,土銀-嘉義,2023-03-20,1034
8044,網家,7,0,7,土銀-嘉義,2023-03-20,1034
1526,日馳,7,1,6,土銀-嘉義,2023-03-20,1034
3548,兆利,6,0,6,土銀-嘉義,2023-03-20,1034
4536,拓凱,6,0,6,土銀-嘉義,2023-03-20,1034
1519,華城,5,0,5,土銀-嘉義,2023-03-20,1034
2449,京元電子,7,2,5,土銀-嘉義,2023-03-20,1034
2834,臺企銀,5,0,5,土銀-嘉義,2023-03-20,1034
5351,鈺創,5,0,5,土銀-嘉義,2023-03-20,1034
6125,廣運,5,1,4,土銀-嘉義,2023-03-20,1034
3576,聯合再生,8,4,4,土銀-嘉義,2023-03-20,1034
00713,元大台灣高息低波,3,0,3,土銀-嘉義,2023-03-20,1034
1326,台化,3,0,3,土銀-嘉義,2023-03-20,1034
00893,國泰智能電動車,3,0,3,土銀-嘉義,2023-03-20,1034
00882,中信中國高股息,3,0,3,土銀-嘉義,2023-03-20,1034
00635U,期元大S＆P黃金,3,0,3,土銀-嘉義,2023-03-20,1034
0056,元大高股息,4,1,3,土銀-嘉義,2023-03-20,1034
00665L,富邦�琤肭磪囓�2,3,0,3,土銀-嘉義,2023-03-20,1034
2344,華邦電,3,0,3,土銀-嘉義,2023-03-20,1034
2454,聯發科,3,0,3,土銀-嘉義,2023-03-20,1034
3081,聯亞,3,0,3,土銀-嘉義,2023-03-20,1034
4155,訊映,3,0,3,土銀-嘉義,2023-03-20,1034
5203,訊連,3,0,3,土銀-嘉義,2023-03-20,1034
5483,中美晶,3,0,3,土銀-嘉義,2023-03-20,1034
6109,亞元,3,0,3,土銀-嘉義,2023-03-20,1034
6612,奈米醫材,3,0,3,土銀-嘉義,2023-03-20,1034
8358,金居,3,0,3,土銀-嘉義,2023-03-20,1034
00680L,元大美債20正2,110,0,110,土銀-嘉義,2023-03-21,1034
00679B,元大美債20年,50,1,49,土銀-嘉義,2023-03-21,1034
1605,華新,31,10,21,土銀-嘉義,2023-03-21,1034
4938,和碩,20,0,20,土銀-嘉義,2023-03-21,1034
8176,智捷,18,0,18,土銀-嘉義,2023-03-21,1034
2890,永豐金,18,2,16,土銀-嘉義,2023-03-21,1034
00885,富邦越南,15,0,15,土銀-嘉義,2023-03-21,1034
00878,國泰永續高股息,13,0,13,土銀-嘉義,2023-03-21,1034
2367,燿華,15,2,13,土銀-嘉義,2023-03-21,1034
3013,晟銘電,13,0,13,土銀-嘉義,2023-03-21,1034
3432,台端,13,1,12,土銀-嘉義,2023-03-21,1034
2409,友達,36,25,11,土銀-嘉義,2023-03-21,1034
2610,華航,11,0,11,土銀-嘉義,2023-03-21,1034
6443,元晶,11,0,11,土銀-嘉義,2023-03-21,1034
00892,富邦台灣半導體,10,0,10,土銀-嘉義,2023-03-21,1034
00881,國泰台灣5G+,10,0,10,土銀-嘉義,2023-03-21,1034
1326,台化,11,1,10,土銀-嘉義,2023-03-21,1034
1718,中纖,10,0,10,土銀-嘉義,2023-03-21,1034
2302,麗正,10,0,10,土銀-嘉義,2023-03-21,1034
2884,玉山金,10,0,10,土銀-嘉義,2023-03-21,1034
3466,德晉,10,0,10,土銀-嘉義,2023-03-21,1034
2388,威盛,10,1,9,土銀-嘉義,2023-03-21,1034
4960,誠美材,10,1,9,土銀-嘉義,2023-03-21,1034
2342,茂矽,18,10,8,土銀-嘉義,2023-03-21,1034
5203,訊連,8,0,8,土銀-嘉義,2023-03-21,1034
2498,宏達電,17,10,7,土銀-嘉義,2023-03-21,1034
3715,定穎投控,7,0,7,土銀-嘉義,2023-03-21,1034
4934,太極,7,0,7,土銀-嘉義,2023-03-21,1034
6244,茂迪,18,11,7,土銀-嘉義,2023-03-21,1034
2352,佳世達,6,0,6,土銀-嘉義,2023-03-21,1034
2834,臺企銀,6,0,6,土銀-嘉義,2023-03-21,1034
2881,富邦金,6,0,6,土銀-嘉義,2023-03-21,1034
2888,新光金,6,0,6,土銀-嘉義,2023-03-21,1034
3552,同致,6,0,6,土銀-嘉義,2023-03-21,1034
4119,旭富,6,0,6,土銀-嘉義,2023-03-21,1034
6234,高僑,6,0,6,土銀-嘉義,2023-03-21,1034
6274,台燿,6,0,6,土銀-嘉義,2023-03-21,1034
6470,宇智,6,0,6,土銀-嘉義,2023-03-21,1034
6788,華景電,6,0,6,土銀-嘉義,2023-03-21,1034
00830,國泰費城半導體,5,0,5,土銀-嘉義,2023-03-21,1034
2204,中華,5,0,5,土銀-嘉義,2023-03-21,1034
2303,聯電,5,0,5,土銀-嘉義,2023-03-21,1034
2362,藍天,5,0,5,土銀-嘉義,2023-03-21,1034
2427,三商電,5,0,5,土銀-嘉義,2023-03-21,1034
6163,華電網,12,7,5,土銀-嘉義,2023-03-21,1034
6235,華孚,5,0,5,土銀-嘉義,2023-03-21,1034
6603,富強鑫,5,0,5,土銀-嘉義,2023-03-21,1034
2609,陽明,4,0,4,土銀-嘉義,2023-03-21,1034
2618,長榮航,4,0,4,土銀-嘉義,2023-03-21,1034
3058,立德,4,0,4,土銀-嘉義,2023-03-21,1034
2002,中鋼,69,1,68,土銀-嘉義,2023-03-22,1034
00679B,元大美債20年,51,0,51,土銀-嘉義,2023-03-22,1034
2605,新興,30,0,30,土銀-嘉義,2023-03-22,1034
2618,長榮航,40,10,30,土銀-嘉義,2023-03-22,1034
3027,盛達,30,1,29,土銀-嘉義,2023-03-22,1034
3481,群創,28,0,28,土銀-嘉義,2023-03-22,1034
1409,新纖,31,4,27,土銀-嘉義,2023-03-22,1034
1102,亞泥,20,0,20,土銀-嘉義,2023-03-22,1034
00632R,元大台灣50反1,20,0,20,土銀-嘉義,2023-03-22,1034
3162,精確,23,5,18,土銀-嘉義,2023-03-22,1034
8105,凌巨,17,0,17,土銀-嘉義,2023-03-22,1034
2241,艾姆勒,16,0,16,土銀-嘉義,2023-03-22,1034
3178,公準,15,0,15,土銀-嘉義,2023-03-22,1034
1513,中興電,15,1,14,土銀-嘉義,2023-03-22,1034
2409,友達,12,1,11,土銀-嘉義,2023-03-22,1034
2317,鴻海,11,1,10,土銀-嘉義,2023-03-22,1034
2358,廷鑫,10,0,10,土銀-嘉義,2023-03-22,1034
3013,晟銘電,157,147,10,土銀-嘉義,2023-03-22,1034
3715,定穎投控,26,16,10,土銀-嘉義,2023-03-22,1034
6244,茂迪,24,14,10,土銀-嘉義,2023-03-22,1034
2888,新光金,51,42,9,土銀-嘉義,2023-03-22,1034
5009,榮剛,10,1,9,土銀-嘉義,2023-03-22,1034
6168,宏齊,8,0,8,土銀-嘉義,2023-03-22,1034
2641,正德,7,0,7,土銀-嘉義,2023-03-22,1034
8033,雷虎,6,0,6,土銀-嘉義,2023-03-22,1034
1522,堤維西,6,1,5,土銀-嘉義,2023-03-22,1034
00773B,中信優先金融債,5,0,5,土銀-嘉義,2023-03-22,1034
00741B,富邦全球非投等債,5,0,5,土銀-嘉義,2023-03-22,1034
1584,精剛,5,0,5,土銀-嘉義,2023-03-22,1034
2342,茂矽,5,0,5,土銀-嘉義,2023-03-22,1034
2890,永豐金,10,5,5,土銀-嘉義,2023-03-22,1034
3596,智易,5,0,5,土銀-嘉義,2023-03-22,1034
5483,中美晶,7,2,5,土銀-嘉義,2023-03-22,1034
6167,久正,10,5,5,土銀-嘉義,2023-03-22,1034
6806,森崴能源,5,0,5,土銀-嘉義,2023-03-22,1034
1101,台泥,4,0,4,土銀-嘉義,2023-03-22,1034
1589,永冠-KY,4,0,4,土銀-嘉義,2023-03-22,1034
3038,全台,5,1,4,土銀-嘉義,2023-03-22,1034
3548,兆利,4,0,4,土銀-嘉義,2023-03-22,1034
5309,系統電,4,0,4,土銀-嘉義,2023-03-22,1034
5608,四維航,4,0,4,土銀-嘉義,2023-03-22,1034
6234,高僑,4,0,4,土銀-嘉義,2023-03-22,1034
6290,良維,4,0,4,土銀-嘉義,2023-03-22,1034
2482,連宇,4,0,4,土銀-嘉義,2023-03-22,1034
1529,樂事綠能,4,1,3,土銀-嘉義,2023-03-22,1034
1519,華城,5,2,3,土銀-嘉義,2023-03-22,1034
2359,所羅門,3,0,3,土銀-嘉義,2023-03-22,1034
2442,新美齊,3,0,3,土銀-嘉義,2023-03-22,1034
3037,欣興,6,3,3,土銀-嘉義,2023-03-22,1034
3046,建��,4,1,3,土銀-嘉義,2023-03-22,1034
00830,國泰費城半導體,54,0,54,土銀-嘉義,2023-03-23,1034
2412,中華電,50,3,47,土銀-嘉義,2023-03-23,1034
3013,晟銘電,59,13,46,土銀-嘉義,2023-03-23,1034
00650L,復華香港正2,36,0,36,土銀-嘉義,2023-03-23,1034
1409,新纖,30,0,30,土銀-嘉義,2023-03-23,1034
6115,鎰勝,30,0,30,土銀-嘉義,2023-03-23,1034
3322,建舜電,24,0,24,土銀-嘉義,2023-03-23,1034
3481,群創,22,0,22,土銀-嘉義,2023-03-23,1034
1708,東鹼,20,2,18,土銀-嘉義,2023-03-23,1034
2241,艾姆勒,17,0,17,土銀-嘉義,2023-03-23,1034
2402,毅嘉,15,0,15,土銀-嘉義,2023-03-23,1034
3483,力致,14,0,14,土銀-嘉義,2023-03-23,1034
2014,中鴻,15,3,12,土銀-嘉義,2023-03-23,1034
2329,華泰,12,0,12,土銀-嘉義,2023-03-23,1034
2605,新興,12,0,12,土銀-嘉義,2023-03-23,1034
2368,金像電,11,0,11,土銀-嘉義,2023-03-23,1034
3479,安勤,12,1,11,土銀-嘉義,2023-03-23,1034
1442,名軒,10,0,10,土銀-嘉義,2023-03-23,1034
2486,一詮,16,6,10,土銀-嘉義,2023-03-23,1034
2607,榮運,10,0,10,土銀-嘉義,2023-03-23,1034
2719,燦星旅,10,0,10,土銀-嘉義,2023-03-23,1034
2548,華固,10,0,10,土銀-嘉義,2023-03-23,1034
1524,耿鼎,11,3,8,土銀-嘉義,2023-03-23,1034
2204,中華,9,1,8,土銀-嘉義,2023-03-23,1034
00893,國泰智能電動車,10,3,7,土銀-嘉義,2023-03-23,1034
00712,復華富時不動產,6,0,6,土銀-嘉義,2023-03-23,1034
2606,裕民,10,4,6,土銀-嘉義,2023-03-23,1034
2637,慧洋-KY,7,1,6,土銀-嘉義,2023-03-23,1034
3652,精聯,6,0,6,土銀-嘉義,2023-03-23,1034
6163,華電網,6,0,6,土銀-嘉義,2023-03-23,1034
00772B,中信高評級公司債,5,0,5,土銀-嘉義,2023-03-23,1034
2413,環科,5,0,5,土銀-嘉義,2023-03-23,1034
2427,三商電,5,0,5,土銀-嘉義,2023-03-23,1034
2468,華經,5,0,5,土銀-嘉義,2023-03-23,1034
2481,強茂,5,0,5,土銀-嘉義,2023-03-23,1034
2609,陽明,13,8,5,土銀-嘉義,2023-03-23,1034
3031,佰鴻,8,3,5,土銀-嘉義,2023-03-23,1034
4721,美琪瑪,5,0,5,土銀-嘉義,2023-03-23,1034
5351,鈺創,5,0,5,土銀-嘉義,2023-03-23,1034
6015,宏遠證,5,0,5,土銀-嘉義,2023-03-23,1034
6139,亞翔,5,0,5,土銀-嘉義,2023-03-23,1034
6182,合晶,5,0,5,土銀-嘉義,2023-03-23,1034
6274,台燿,5,0,5,土銀-嘉義,2023-03-23,1034
6576,逸達,5,1,4,土銀-嘉義,2023-03-23,1034
00891,中信關鍵半導體,4,0,4,土銀-嘉義,2023-03-23,1034
1301,台塑,4,0,4,土銀-嘉義,2023-03-23,1034
1227,佳格,4,0,4,土銀-嘉義,2023-03-23,1034
2428,興勤,4,0,4,土銀-嘉義,2023-03-23,1034
1519,華城,6,3,3,土銀-嘉義,2023-03-23,1034
00753L,中信中國50正2,3,0,3,土銀-嘉義,2023-03-23,1034
2883,凱基金,22,1,21,土銀-嘉義,2023-03-24,1034
3715,定穎投控,28,7,21,土銀-嘉義,2023-03-24,1034
00632R,元大台灣50反1,20,0,20,土銀-嘉義,2023-03-24,1034
2610,華航,22,2,20,土銀-嘉義,2023-03-24,1034
3024,憶聲,20,0,20,土銀-嘉義,2023-03-24,1034
2449,京元電子,24,6,18,土銀-嘉義,2023-03-24,1034
00772B,中信高評級公司債,15,0,15,土銀-嘉義,2023-03-24,1034
6548,長科*,15,0,15,土銀-嘉義,2023-03-24,1034
2634,漢翔,26,12,14,土銀-嘉義,2023-03-24,1034
00751B,元大AAA至A公司債,13,0,13,土銀-嘉義,2023-03-24,1034
00712,復華富時不動產,10,0,10,土銀-嘉義,2023-03-24,1034
00637L,元大滬深300正2,167,157,10,土銀-嘉義,2023-03-24,1034
3027,盛達,10,0,10,土銀-嘉義,2023-03-24,1034
2358,廷鑫,6,0,6,土銀-嘉義,2023-03-24,1034
2641,正德,6,0,6,土銀-嘉義,2023-03-24,1034
3527,聚積,6,0,6,土銀-嘉義,2023-03-24,1034
1326,台化,6,1,5,土銀-嘉義,2023-03-24,1034
2427,三商電,5,0,5,土銀-嘉義,2023-03-24,1034
2834,臺企銀,5,0,5,土銀-嘉義,2023-03-24,1034
3189,景碩,7,2,5,土銀-嘉義,2023-03-24,1034
4119,旭富,5,0,5,土銀-嘉義,2023-03-24,1034
6167,久正,5,0,5,土銀-嘉義,2023-03-24,1034
6191,精成科,5,0,5,土銀-嘉義,2023-03-24,1034
1536,和大,4,0,4,土銀-嘉義,2023-03-24,1034
1708,東鹼,4,0,4,土銀-嘉義,2023-03-24,1034
3005,神基,4,0,4,土銀-嘉義,2023-03-24,1034
3441,聯一光,4,0,4,土銀-嘉義,2023-03-24,1034
3679,新至陞,4,0,4,土銀-嘉義,2023-03-24,1034
5309,系統電,4,0,4,土銀-嘉義,2023-03-24,1034
6122,擎邦,7,3,4,土銀-嘉義,2023-03-24,1034
6282,康舒,4,0,4,土銀-嘉義,2023-03-24,1034
6485,點序,4,0,4,土銀-嘉義,2023-03-24,1034
8088,品安,10,6,4,土銀-嘉義,2023-03-24,1034
2330,台積電,8,4,4,土銀-嘉義,2023-03-24,1034
00633L,富邦上証正2,5,2,3,土銀-嘉義,2023-03-24,1034
00650L,復華香港正2,3,0,3,土銀-嘉義,2023-03-24,1034
00740B,富邦全球投等債,3,0,3,土銀-嘉義,2023-03-24,1034
00725B,國泰投資級公司債,3,0,3,土銀-嘉義,2023-03-24,1034
00720B,元大投資級公司債,3,0,3,土銀-嘉義,2023-03-24,1034
1810,和成,5,2,3,土銀-嘉義,2023-03-24,1034
2356,英業達,12,9,3,土銀-嘉義,2023-03-24,1034
2458,義隆,3,0,3,土銀-嘉義,2023-03-24,1034
2645,長榮航太,3,0,3,土銀-嘉義,2023-03-24,1034
2881,富邦金,3,0,3,土銀-嘉義,2023-03-24,1034
2897,王道銀行,3,0,3,土銀-嘉義,2023-03-24,1034
3491,昇達科,3,0,3,土銀-嘉義,2023-03-24,1034
3706,神達,3,0,3,土銀-嘉義,2023-03-24,1034
4566,時碩工業,3,0,3,土銀-嘉義,2023-03-24,1034
4903,聯光通,3,0,3,土銀-嘉義,2023-03-24,1034
6235,華孚,6,3,3,土銀-嘉義,2023-03-24,1034
1605,華新,126,7,119,土銀-嘉義,2023-03-27,1034
2371,大同,45,0,45,土銀-嘉義,2023-03-27,1034
2834,臺企銀,47,3,44,土銀-嘉義,2023-03-27,1034
2882,國泰金,45,5,40,土銀-嘉義,2023-03-27,1034
2344,華邦電,45,14,31,土銀-嘉義,2023-03-27,1034
1907,永豐餘,30,0,30,土銀-嘉義,2023-03-27,1034
1504,東元,41,14,27,土銀-嘉義,2023-03-27,1034
3056,富華新,23,1,22,土銀-嘉義,2023-03-27,1034
3481,群創,22,3,19,土銀-嘉義,2023-03-27,1034
2461,光群雷,21,4,17,土銀-嘉義,2023-03-27,1034
3706,神達,17,0,17,土銀-嘉義,2023-03-27,1034
00637L,元大滬深300正2,15,0,15,土銀-嘉義,2023-03-27,1034
2349,錸德,15,0,15,土銀-嘉義,2023-03-27,1034
2409,友達,28,13,15,土銀-嘉義,2023-03-27,1034
00882,中信中國高股息,12,0,12,土銀-嘉義,2023-03-27,1034
2498,宏達電,16,4,12,土銀-嘉義,2023-03-27,1034
2610,華航,13,1,12,土銀-嘉義,2023-03-27,1034
6770,力積電,14,2,12,土銀-嘉義,2023-03-27,1034
00908,富邦入息REITs+,10,0,10,土銀-嘉義,2023-03-27,1034
00893,國泰智能電動車,10,0,10,土銀-嘉義,2023-03-27,1034
00680L,元大美債20正2,10,0,10,土銀-嘉義,2023-03-27,1034
00665L,富邦�琤肭磪囓�2,10,0,10,土銀-嘉義,2023-03-27,1034
3025,星通,10,0,10,土銀-嘉義,2023-03-27,1034
3047,訊舟,10,0,10,土銀-嘉義,2023-03-27,1034
3479,安勤,10,0,10,土銀-嘉義,2023-03-27,1034
6226,光鼎,10,0,10,土銀-嘉義,2023-03-27,1034
1473,台南,9,0,9,土銀-嘉義,2023-03-27,1034
1437,勤益控,8,0,8,土銀-嘉義,2023-03-27,1034
3046,建��,10,2,8,土銀-嘉義,2023-03-27,1034
6235,華孚,10,2,8,土銀-嘉義,2023-03-27,1034
00878,國泰永續高股息,7,0,7,土銀-嘉義,2023-03-27,1034
3548,兆利,7,0,7,土銀-嘉義,2023-03-27,1034
2002,中鋼,7,0,7,土銀-嘉義,2023-03-27,1034
3715,定穎投控,6,0,6,土銀-嘉義,2023-03-27,1034
6835,圓裕,6,0,6,土銀-嘉義,2023-03-27,1034
8222,寶一,10,4,6,土銀-嘉義,2023-03-27,1034
1313,聯成,5,0,5,土銀-嘉義,2023-03-27,1034
00715L,期街口布蘭特正2,10,5,5,土銀-嘉義,2023-03-27,1034
2317,鴻海,5,0,5,土銀-嘉義,2023-03-27,1034
2630,亞航,5,0,5,土銀-嘉義,2023-03-27,1034
3546,宇峻,5,0,5,土銀-嘉義,2023-03-27,1034
4142,國光生,5,0,5,土銀-嘉義,2023-03-27,1034
912000,晨訊科-DR,5,0,5,土銀-嘉義,2023-03-27,1034
9912,偉聯,5,0,5,土銀-嘉義,2023-03-27,1034
1319,東陽,7,2,5,土銀-嘉義,2023-03-27,1034
00773B,中信優先金融債,4,0,4,土銀-嘉義,2023-03-27,1034
1417,嘉裕,4,0,4,土銀-嘉義,2023-03-27,1034
1536,和大,4,0,4,土銀-嘉義,2023-03-27,1034
2206,三陽工業,5,1,4,土銀-嘉義,2023-03-27,1034
2241,艾姆勒,4,0,4,土銀-嘉義,2023-03-27,1034
5880,合庫金,450,0,450,土銀-嘉義,2023-03-28,1034
00679B,元大美債20年,79,5,74,土銀-嘉義,2023-03-28,1034
3011,今皓,50,0,50,土銀-嘉義,2023-03-28,1034
2412,中華電,40,0,40,土銀-嘉義,2023-03-28,1034
2889,國票金,30,0,30,土銀-嘉義,2023-03-28,1034
2358,廷鑫,21,0,21,土銀-嘉義,2023-03-28,1034
3479,安勤,20,1,19,土銀-嘉義,2023-03-28,1034
00680L,元大美債20正2,17,0,17,土銀-嘉義,2023-03-28,1034
3035,智原,13,1,12,土銀-嘉義,2023-03-28,1034
2388,威盛,19,7,12,土銀-嘉義,2023-03-28,1034
2014,中鴻,11,0,11,土銀-嘉義,2023-03-28,1034
3025,星通,11,0,11,土銀-嘉義,2023-03-28,1034
6168,宏齊,12,1,11,土銀-嘉義,2023-03-28,1034
8046,南電,12,2,10,土銀-嘉義,2023-03-28,1034
3037,欣興,12,2,10,土銀-嘉義,2023-03-28,1034
3189,景碩,10,0,10,土銀-嘉義,2023-03-28,1034
3686,達能,10,0,10,土銀-嘉義,2023-03-28,1034
5211,蒙恬,10,0,10,土銀-嘉義,2023-03-28,1034
6244,茂迪,10,0,10,土銀-嘉義,2023-03-28,1034
6443,元晶,10,0,10,土銀-嘉義,2023-03-28,1034
00878,國泰永續高股息,9,0,9,土銀-嘉義,2023-03-28,1034
2344,華邦電,14,5,9,土銀-嘉義,2023-03-28,1034
2637,慧洋-KY,9,0,9,土銀-嘉義,2023-03-28,1034
00923,群益台ESG低碳50,8,0,8,土銀-嘉義,2023-03-28,1034
00922,國泰台灣領袖50,8,0,8,土銀-嘉義,2023-03-28,1034
00882,中信中國高股息,14,6,8,土銀-嘉義,2023-03-28,1034
2457,飛宏,20,12,8,土銀-嘉義,2023-03-28,1034
1605,華新,19,12,7,土銀-嘉義,2023-03-28,1034
3706,神達,8,1,7,土銀-嘉義,2023-03-28,1034
8016,矽創,10,3,7,土銀-嘉義,2023-03-28,1034
1101,台泥,6,0,6,土銀-嘉義,2023-03-28,1034
2476,鉅祥,6,0,6,土銀-嘉義,2023-03-28,1034
3526,凡甲,6,0,6,土銀-嘉義,2023-03-28,1034
4934,太極,6,0,6,土銀-嘉義,2023-03-28,1034
6109,亞元,6,0,6,土銀-嘉義,2023-03-28,1034
6531,愛普*,6,0,6,土銀-嘉義,2023-03-28,1034
00712,復華富時不動產,5,0,5,土銀-嘉義,2023-03-28,1034
2736,富野,5,0,5,土銀-嘉義,2023-03-28,1034
3005,神基,7,2,5,土銀-嘉義,2023-03-28,1034
3031,佰鴻,5,0,5,土銀-嘉義,2023-03-28,1034
3046,建��,5,0,5,土銀-嘉義,2023-03-28,1034
3484,崧騰,6,1,5,土銀-嘉義,2023-03-28,1034
3501,維熹,5,0,5,土銀-嘉義,2023-03-28,1034
3714,富采,7,2,5,土銀-嘉義,2023-03-28,1034
4162,智擎,5,0,5,土銀-嘉義,2023-03-28,1034
5608,四維航,6,1,5,土銀-嘉義,2023-03-28,1034
6152,百一,5,0,5,土銀-嘉義,2023-03-28,1034
6279,胡連,5,0,5,土銀-嘉義,2023-03-28,1034
6606,建德工業,5,0,5,土銀-嘉義,2023-03-28,1034
1536,和大,4,0,4,土銀-嘉義,2023-03-28,1034
5880,合庫金,212,0,212,土銀-嘉義,2023-03-29,1034
3011,今皓,167,0,167,土銀-嘉義,2023-03-29,1034
2609,陽明,108,0,108,土銀-嘉義,2023-03-29,1034
00923,群益台ESG低碳50,72,0,72,土銀-嘉義,2023-03-29,1034
00679B,元大美債20年,33,0,33,土銀-嘉義,2023-03-29,1034
9904,寶成,30,1,29,土銀-嘉義,2023-03-29,1034
2344,華邦電,22,0,22,土銀-嘉義,2023-03-29,1034
6770,力積電,22,1,21,土銀-嘉義,2023-03-29,1034
00680L,元大美債20正2,17,2,15,土銀-嘉義,2023-03-29,1034
1504,東元,22,8,14,土銀-嘉義,2023-03-29,1034
1609,大亞,25,13,12,土銀-嘉義,2023-03-29,1034
00922,國泰台灣領袖50,12,0,12,土銀-嘉義,2023-03-29,1034
2241,艾姆勒,16,4,12,土銀-嘉義,2023-03-29,1034
2401,凌陽,11,0,11,土銀-嘉義,2023-03-29,1034
00712,復華富時不動產,10,0,10,土銀-嘉義,2023-03-29,1034
2332,友訊,10,0,10,土銀-嘉義,2023-03-29,1034
2484,希華,10,0,10,土銀-嘉義,2023-03-29,1034
3041,揚智,10,0,10,土銀-嘉義,2023-03-29,1034
3466,德晉,10,0,10,土銀-嘉義,2023-03-29,1034
4119,旭富,10,0,10,土銀-嘉義,2023-03-29,1034
00751B,元大AAA至A公司債,9,0,9,土銀-嘉義,2023-03-29,1034
2442,新美齊,10,1,9,土銀-嘉義,2023-03-29,1034
2603,長榮,7,0,7,土銀-嘉義,2023-03-29,1034
2641,正德,7,0,7,土銀-嘉義,2023-03-29,1034
3035,智原,10,3,7,土銀-嘉義,2023-03-29,1034
2303,聯電,20,13,7,土銀-嘉義,2023-03-29,1034
00772B,中信高評級公司債,6,0,6,土銀-嘉義,2023-03-29,1034
2704,國賓,6,0,6,土銀-嘉義,2023-03-29,1034
5309,系統電,6,0,6,土銀-嘉義,2023-03-29,1034
2845,遠東銀,5,0,5,土銀-嘉義,2023-03-29,1034
2367,燿華,5,0,5,土銀-嘉義,2023-03-29,1034
2449,京元電子,5,0,5,土銀-嘉義,2023-03-29,1034
2457,飛宏,8,3,5,土銀-嘉義,2023-03-29,1034
3548,兆利,5,0,5,土銀-嘉義,2023-03-29,1034
4942,嘉彰,5,0,5,土銀-嘉義,2023-03-29,1034
5388,中磊,5,0,5,土銀-嘉義,2023-03-29,1034
6180,橘子,5,0,5,土銀-嘉義,2023-03-29,1034
6182,合晶,5,0,5,土銀-嘉義,2023-03-29,1034
6290,良維,5,0,5,土銀-嘉義,2023-03-29,1034
9962,有益,5,0,5,土銀-嘉義,2023-03-29,1034
00720B,元大投資級公司債,4,0,4,土銀-嘉義,2023-03-29,1034
2301,光寶科,4,0,4,土銀-嘉義,2023-03-29,1034
2360,致茂,5,1,4,土銀-嘉義,2023-03-29,1034
3664,安瑞-KY,4,0,4,土銀-嘉義,2023-03-29,1034
6168,宏齊,9,5,4,土銀-嘉義,2023-03-29,1034
6220,岳豐,4,0,4,土銀-嘉義,2023-03-29,1034
3034,聯詠,4,0,4,土銀-嘉義,2023-03-29,1034
00725B,國泰投資級公司債,3,0,3,土銀-嘉義,2023-03-29,1034
00756B,群益投等新興公債,3,0,3,土銀-嘉義,2023-03-29,1034
00740B,富邦全球投等債,3,0,3,土銀-嘉義,2023-03-29,1034
3011,今皓,100,0,100,土銀-嘉義,2023-03-30,1034
3481,群創,54,1,53,土銀-嘉義,2023-03-30,1034
2882,國泰金,56,4,52,土銀-嘉義,2023-03-30,1034
00753L,中信中國50正2,76,25,51,土銀-嘉義,2023-03-30,1034
1605,華新,43,2,41,土銀-嘉義,2023-03-30,1034
1708,東鹼,20,0,20,土銀-嘉義,2023-03-30,1034
2371,大同,20,0,20,土銀-嘉義,2023-03-30,1034
00680L,元大美債20正2,18,0,18,土銀-嘉義,2023-03-30,1034
2329,華泰,15,0,15,土銀-嘉義,2023-03-30,1034
2889,國票金,12,0,12,土銀-嘉義,2023-03-30,1034
00751B,元大AAA至A公司債,10,0,10,土銀-嘉義,2023-03-30,1034
2409,友達,9,0,9,土銀-嘉義,2023-03-30,1034
2610,華航,9,0,9,土銀-嘉義,2023-03-30,1034
3324,雙鴻,9,0,9,土銀-嘉義,2023-03-30,1034
2412,中華電,10,2,8,土銀-嘉義,2023-03-30,1034
2331,精英,7,0,7,土銀-嘉義,2023-03-30,1034
4743,合一,7,0,7,土銀-嘉義,2023-03-30,1034
6109,亞元,7,0,7,土銀-嘉義,2023-03-30,1034
8050,廣積,7,0,7,土銀-嘉義,2023-03-30,1034
1513,中興電,7,1,6,土銀-嘉義,2023-03-30,1034
00715L,期街口布蘭特正2,6,0,6,土銀-嘉義,2023-03-30,1034
3059,華晶科,6,0,6,土銀-嘉義,2023-03-30,1034
3703,欣陸,6,0,6,土銀-嘉義,2023-03-30,1034
4755,三福化,7,1,6,土銀-嘉義,2023-03-30,1034
5243,乙盛-KY,6,0,6,土銀-嘉義,2023-03-30,1034
5310,天剛,6,0,6,土銀-嘉義,2023-03-30,1034
9939,宏全,6,0,6,土銀-嘉義,2023-03-30,1034
00897,富邦基因免疫生技,5,0,5,土銀-嘉義,2023-03-30,1034
1210,大成,5,0,5,土銀-嘉義,2023-03-30,1034
1301,台塑,5,0,5,土銀-嘉義,2023-03-30,1034
1618,合機,5,0,5,土銀-嘉義,2023-03-30,1034
2374,佳能,5,0,5,土銀-嘉義,2023-03-30,1034
2461,光群雷,5,0,5,土銀-嘉義,2023-03-30,1034
2603,長榮,5,0,5,土銀-嘉義,2023-03-30,1034
3141,晶宏,5,0,5,土銀-嘉義,2023-03-30,1034
3176,基亞,5,0,5,土銀-嘉義,2023-03-30,1034
4960,誠美材,5,0,5,土銀-嘉義,2023-03-30,1034
6139,亞翔,5,0,5,土銀-嘉義,2023-03-30,1034
6167,久正,6,1,5,土銀-嘉義,2023-03-30,1034
9902,台火,5,0,5,土銀-嘉義,2023-03-30,1034
1471,首利,4,0,4,土銀-嘉義,2023-03-30,1034
1102,亞泥,4,0,4,土銀-嘉義,2023-03-30,1034
00712,復華富時不動產,4,0,4,土銀-嘉義,2023-03-30,1034
2006,東和鋼鐵,5,1,4,土銀-嘉義,2023-03-30,1034
2428,興勤,4,0,4,土銀-嘉義,2023-03-30,1034
4162,智擎,4,0,4,土銀-嘉義,2023-03-30,1034
6753,龍德造船,4,0,4,土銀-嘉義,2023-03-30,1034
9962,有益,4,0,4,土銀-嘉義,2023-03-30,1034
00885,富邦越南,3,0,3,土銀-嘉義,2023-03-30,1034
1101,台泥,3,0,3,土銀-嘉義,2023-03-30,1034
2618,長榮航,36,0,36,土銀-嘉義,2023-03-31,1034
9904,寶成,34,0,34,土銀-嘉義,2023-03-31,1034
2890,永豐金,25,0,25,土銀-嘉義,2023-03-31,1034
3294,英濟,25,0,25,土銀-嘉義,2023-03-31,1034
2885,元大金,26,3,23,土銀-嘉義,2023-03-31,1034
1217,愛之味,20,0,20,土銀-嘉義,2023-03-31,1034
3231,緯創,25,8,17,土銀-嘉義,2023-03-31,1034
2241,艾姆勒,20,4,16,土銀-嘉義,2023-03-31,1034
2889,國票金,14,0,14,土銀-嘉義,2023-03-31,1034
00772B,中信高評級公司債,12,0,12,土銀-嘉義,2023-03-31,1034
00756B,群益投等新興公債,12,0,12,土銀-嘉義,2023-03-31,1034
00751B,元大AAA至A公司債,12,0,12,土銀-嘉義,2023-03-31,1034
00740B,富邦全球投等債,12,0,12,土銀-嘉義,2023-03-31,1034
00712,復華富時不動產,12,0,12,土銀-嘉義,2023-03-31,1034
00725B,國泰投資級公司債,12,0,12,土銀-嘉義,2023-03-31,1034
00720B,元大投資級公司債,12,1,11,土銀-嘉義,2023-03-31,1034
2438,翔耀,10,0,10,土銀-嘉義,2023-03-31,1034
3178,公準,10,0,10,土銀-嘉義,2023-03-31,1034
4950,牧東,10,0,10,土銀-嘉義,2023-03-31,1034
8277,商丞,10,0,10,土銀-嘉義,2023-03-31,1034
2349,錸德,9,0,9,土銀-嘉義,2023-03-31,1034
2324,仁寶,8,0,8,土銀-嘉義,2023-03-31,1034
3481,群創,9,1,8,土銀-嘉義,2023-03-31,1034
2337,旺宏,7,0,7,土銀-嘉義,2023-03-31,1034
2867,三商壽,7,0,7,土銀-嘉義,2023-03-31,1034
2610,華航,15,9,6,土銀-嘉義,2023-03-31,1034
3703,欣陸,6,0,6,土銀-嘉義,2023-03-31,1034
8086,宏捷科,7,1,6,土銀-嘉義,2023-03-31,1034
8131,福懋科,6,0,6,土銀-嘉義,2023-03-31,1034
00680L,元大美債20正2,5,0,5,土銀-嘉義,2023-03-31,1034
00670L,富邦NASDAQ正2,5,0,5,土銀-嘉義,2023-03-31,1034
4973,廣穎,5,0,5,土銀-嘉義,2023-03-31,1034
4979,華星光,5,0,5,土銀-嘉義,2023-03-31,1034
8028,昇陽半導體,5,0,5,土銀-嘉義,2023-03-31,1034
1760,寶齡富錦,4,0,4,土銀-嘉義,2023-03-31,1034
2603,長榮,4,0,4,土銀-嘉義,2023-03-31,1034
8227,巨有科技,4,0,4,土銀-嘉義,2023-03-31,1034
1584,精剛,4,1,3,土銀-嘉義,2023-03-31,1034
1539,巨庭,3,0,3,土銀-嘉義,2023-03-31,1034
00632R,元大台灣50反1,3,0,3,土銀-嘉義,2023-03-31,1034
1313,聯成,3,0,3,土銀-嘉義,2023-03-31,1034
2027,大成鋼,3,0,3,土銀-嘉義,2023-03-31,1034
2330,台積電,3,0,3,土銀-嘉義,2023-03-31,1034
2363,矽統,3,0,3,土銀-嘉義,2023-03-31,1034
3005,神基,3,0,3,土銀-嘉義,2023-03-31,1034
3228,金麗科,3,0,3,土銀-嘉義,2023-03-31,1034
3466,德晉,10,7,3,土銀-嘉義,2023-03-31,1034
4906,正文,4,1,3,土銀-嘉義,2023-03-31,1034
6109,亞元,3,0,3,土銀-嘉義,2023-03-31,1034
6835,圓裕,3,0,3,土銀-嘉義,2023-03-31,1034
2027,大成鋼,89,0,89,土銀-嘉義,2023-04-06,1034
00637L,元大滬深300正2,67,0,67,土銀-嘉義,2023-04-06,1034
2358,廷鑫,32,0,32,土銀-嘉義,2023-04-06,1034
6592,和潤企業,30,0,30,土銀-嘉義,2023-04-06,1034
2344,華邦電,39,14,25,土銀-嘉義,2023-04-06,1034
2208,台船,28,8,20,土銀-嘉義,2023-04-06,1034
2241,艾姆勒,20,1,19,土銀-嘉義,2023-04-06,1034
6770,力積電,24,7,17,土銀-嘉義,2023-04-06,1034
3499,環天科,14,0,14,土銀-嘉義,2023-04-06,1034
00893,國泰智能電動車,13,0,13,土銀-嘉義,2023-04-06,1034
00712,復華富時不動產,12,0,12,土銀-嘉義,2023-04-06,1034
2368,金像電,12,0,12,土銀-嘉義,2023-04-06,1034
3484,崧騰,12,0,12,土銀-嘉義,2023-04-06,1034
6576,逸達,11,1,10,土銀-嘉義,2023-04-06,1034
00665L,富邦�琤肭磪囓�2,20,10,10,土銀-嘉義,2023-04-06,1034
2317,鴻海,11,1,10,土銀-嘉義,2023-04-06,1034
2442,新美齊,10,0,10,土銀-嘉義,2023-04-06,1034
2609,陽明,17,7,10,土銀-嘉義,2023-04-06,1034
3042,晶技,10,0,10,土銀-嘉義,2023-04-06,1034
6443,元晶,10,0,10,土銀-嘉義,2023-04-06,1034
6662,樂斯科,10,0,10,土銀-嘉義,2023-04-06,1034
9941,裕融,10,0,10,土銀-嘉義,2023-04-06,1034
2388,威盛,9,0,9,土銀-嘉義,2023-04-06,1034
2482,連宇,9,0,9,土銀-嘉義,2023-04-06,1034
00908,富邦入息REITs+,8,0,8,土銀-嘉義,2023-04-06,1034
6168,宏齊,9,1,8,土銀-嘉義,2023-04-06,1034
8046,南電,7,0,7,土銀-嘉義,2023-04-06,1034
00882,中信中國高股息,7,0,7,土銀-嘉義,2023-04-06,1034
2610,華航,7,0,7,土銀-嘉義,2023-04-06,1034
6285,啟��,8,1,7,土銀-嘉義,2023-04-06,1034
00922,國泰台灣領袖50,6,0,6,土銀-嘉義,2023-04-06,1034
3527,聚積,6,0,6,土銀-嘉義,2023-04-06,1034
4119,旭富,6,0,6,土銀-嘉義,2023-04-06,1034
5309,系統電,14,8,6,土銀-嘉義,2023-04-06,1034
1308,亞聚,5,0,5,土銀-嘉義,2023-04-06,1034
1303,南亞,5,0,5,土銀-嘉義,2023-04-06,1034
2486,一詮,5,0,5,土銀-嘉義,2023-04-06,1034
2820,華票,5,0,5,土銀-嘉義,2023-04-06,1034
3664,安瑞-KY,5,0,5,土銀-嘉義,2023-04-06,1034
8088,品安,5,0,5,土銀-嘉義,2023-04-06,1034
1301,台塑,4,0,4,土銀-嘉義,2023-04-06,1034
00885,富邦越南,4,0,4,土銀-嘉義,2023-04-06,1034
2230,泰茂,4,0,4,土銀-嘉義,2023-04-06,1034
2542,興富發,4,0,4,土銀-嘉義,2023-04-06,1034
2889,國票金,4,0,4,土銀-嘉義,2023-04-06,1034
4804,大略-KY,4,0,4,土銀-嘉義,2023-04-06,1034
2454,聯發科,3,0,3,土銀-嘉義,2023-04-06,1034
006208,富邦台50,3,0,3,土銀-嘉義,2023-04-06,1034
00753L,中信中國50正2,3,0,3,土銀-嘉義,2023-04-06,1034
00751B,元大AAA至A公司債,5,2,3,土銀-嘉義,2023-04-06,1034
6770,力積電,100,0,100,土銀-嘉義,2023-04-07,1034
00632R,元大台灣50反1,40,0,40,土銀-嘉義,2023-04-07,1034
2208,台船,26,0,26,土銀-嘉義,2023-04-07,1034
00674R,期元大S＆P黃金反1,20,0,20,土銀-嘉義,2023-04-07,1034
4157,太景*-KY,15,0,15,土銀-嘉義,2023-04-07,1034
00882,中信中國高股息,14,0,14,土銀-嘉義,2023-04-07,1034
1605,華新,17,3,14,土銀-嘉義,2023-04-07,1034
2884,玉山金,14,0,14,土銀-嘉義,2023-04-07,1034
2530,華建,12,0,12,土銀-嘉義,2023-04-07,1034
3189,景碩,13,2,11,土銀-嘉義,2023-04-07,1034
1308,亞聚,10,0,10,土銀-嘉義,2023-04-07,1034
2302,麗正,10,0,10,土銀-嘉義,2023-04-07,1034
3499,環天科,10,0,10,土銀-嘉義,2023-04-07,1034
4142,國光生,10,0,10,土銀-嘉義,2023-04-07,1034
2409,友達,24,15,9,土銀-嘉義,2023-04-07,1034
2540,愛山林,10,1,9,土銀-嘉義,2023-04-07,1034
3231,緯創,10,1,9,土銀-嘉義,2023-04-07,1034
00712,復華富時不動產,8,0,8,土銀-嘉義,2023-04-07,1034
5469,瀚宇博,8,0,8,土銀-嘉義,2023-04-07,1034
2303,聯電,7,0,7,土銀-嘉義,2023-04-07,1034
2329,華泰,7,0,7,土銀-嘉義,2023-04-07,1034
3035,智原,8,1,7,土銀-嘉義,2023-04-07,1034
3466,德晉,7,0,7,土銀-嘉義,2023-04-07,1034
2356,英業達,6,0,6,土銀-嘉義,2023-04-07,1034
2618,長榮航,10,4,6,土銀-嘉義,2023-04-07,1034
6191,精成科,6,0,6,土銀-嘉義,2023-04-07,1034
00845B,富邦新興投等債,5,0,5,土銀-嘉義,2023-04-07,1034
00897,富邦基因免疫生技,5,0,5,土銀-嘉義,2023-04-07,1034
2101,南港,5,0,5,土銀-嘉義,2023-04-07,1034
3046,建��,5,0,5,土銀-嘉義,2023-04-07,1034
6109,亞元,5,0,5,土銀-嘉義,2023-04-07,1034
6139,亞翔,5,0,5,土銀-嘉義,2023-04-07,1034
6188,廣明,5,0,5,土銀-嘉義,2023-04-07,1034
6576,逸達,5,0,5,土銀-嘉義,2023-04-07,1034
2317,鴻海,4,0,4,土銀-嘉義,2023-04-07,1034
2387,精元,4,0,4,土銀-嘉義,2023-04-07,1034
2408,南亞科,6,2,4,土銀-嘉義,2023-04-07,1034
2633,台灣高鐵,4,0,4,土銀-嘉義,2023-04-07,1034
2641,正德,6,2,4,土銀-嘉義,2023-04-07,1034
2645,長榮航太,4,0,4,土銀-嘉義,2023-04-07,1034
3003,健和興,4,0,4,土銀-嘉義,2023-04-07,1034
5234,達興材料,4,0,4,土銀-嘉義,2023-04-07,1034
5309,系統電,4,0,4,土銀-嘉義,2023-04-07,1034
5438,東友,4,0,4,土銀-嘉義,2023-04-07,1034
6173,信昌電,4,0,4,土銀-嘉義,2023-04-07,1034
6187,萬潤,4,0,4,土銀-嘉義,2023-04-07,1034
6753,龍德造船,3,0,3,土銀-嘉義,2023-04-07,1034
1101,台泥,3,0,3,土銀-嘉義,2023-04-07,1034
1301,台塑,3,0,3,土銀-嘉義,2023-04-07,1034
1319,東陽,3,0,3,土銀-嘉義,2023-04-07,1034
00679B,元大美債20年,100,0,100,土銀-嘉義,2023-04-10,1034
00632R,元大台灣50反1,50,0,50,土銀-嘉義,2023-04-10,1034
00888,永豐台灣ESG,32,0,32,土銀-嘉義,2023-04-10,1034
2457,飛宏,50,19,31,土銀-嘉義,2023-04-10,1034
6182,合晶,21,0,21,土銀-嘉義,2023-04-10,1034
6116,彩晶,20,0,20,土銀-嘉義,2023-04-10,1034
00772B,中信高評級公司債,17,0,17,土銀-嘉義,2023-04-10,1034
00720B,元大投資級公司債,15,0,15,土銀-嘉義,2023-04-10,1034
00751B,元大AAA至A公司債,14,0,14,土銀-嘉義,2023-04-10,1034
2409,友達,14,0,14,土銀-嘉義,2023-04-10,1034
00882,中信中國高股息,13,0,13,土銀-嘉義,2023-04-10,1034
6770,力積電,13,0,13,土銀-嘉義,2023-04-10,1034
00637L,元大滬深300正2,34,22,12,土銀-嘉義,2023-04-10,1034
2630,亞航,12,0,12,土銀-嘉義,2023-04-10,1034
2408,南亞科,11,0,11,土銀-嘉義,2023-04-10,1034
5465,富驊,11,0,11,土銀-嘉義,2023-04-10,1034
00680L,元大美債20正2,10,0,10,土銀-嘉義,2023-04-10,1034
00712,復華富時不動產,10,0,10,土銀-嘉義,2023-04-10,1034
00756B,群益投等新興公債,10,0,10,土銀-嘉義,2023-04-10,1034
00725B,國泰投資級公司債,10,0,10,土銀-嘉義,2023-04-10,1034
00740B,富邦全球投等債,10,0,10,土銀-嘉義,2023-04-10,1034
2867,三商壽,10,0,10,土銀-嘉義,2023-04-10,1034
3290,東浦,10,0,10,土銀-嘉義,2023-04-10,1034
6670,復盛應用,10,0,10,土銀-嘉義,2023-04-10,1034
8409,商之器,10,0,10,土銀-嘉義,2023-04-10,1034
3011,今皓,9,0,9,土銀-嘉義,2023-04-10,1034
3025,星通,11,2,9,土銀-嘉義,2023-04-10,1034
1524,耿鼎,8,0,8,土銀-嘉義,2023-04-10,1034
2241,艾姆勒,8,0,8,土銀-嘉義,2023-04-10,1034
6173,信昌電,8,0,8,土銀-嘉義,2023-04-10,1034
00773B,中信優先金融債,7,0,7,土銀-嘉義,2023-04-10,1034
2340,台亞,8,1,7,土銀-嘉義,2023-04-10,1034
9907,統一實,7,0,7,土銀-嘉義,2023-04-10,1034
3062,建漢,6,0,6,土銀-嘉義,2023-04-10,1034
6109,亞元,6,0,6,土銀-嘉義,2023-04-10,1034
1514,亞力,6,1,5,土銀-嘉義,2023-04-10,1034
1504,東元,6,1,5,土銀-嘉義,2023-04-10,1034
1312,國喬,5,0,5,土銀-嘉義,2023-04-10,1034
00923,群益台ESG低碳50,5,0,5,土銀-嘉義,2023-04-10,1034
1717,長興,5,0,5,土銀-嘉義,2023-04-10,1034
2736,富野,5,0,5,土銀-嘉義,2023-04-10,1034
3176,基亞,5,0,5,土銀-嘉義,2023-04-10,1034
1609,大亞,9,5,4,土銀-嘉義,2023-04-10,1034
00787B,元大10年IG醫療債,4,0,4,土銀-嘉義,2023-04-10,1034
1227,佳格,4,0,4,土銀-嘉義,2023-04-10,1034
1313,聯成,5,1,4,土銀-嘉義,2023-04-10,1034
2449,京元電子,4,0,4,土銀-嘉義,2023-04-10,1034
2609,陽明,6,2,4,土銀-嘉義,2023-04-10,1034
2641,正德,7,3,4,土銀-嘉義,2023-04-10,1034
3178,公準,4,0,4,土銀-嘉義,2023-04-10,1034
1802,台玻,128,0,128,土銀-嘉義,2023-04-11,1034
3535,晶彩科,100,0,100,土銀-嘉義,2023-04-11,1034
00637L,元大滬深300正2,56,7,49,土銀-嘉義,2023-04-11,1034
4971,IET-KY,25,0,25,土銀-嘉義,2023-04-11,1034
00680L,元大美債20正2,20,0,20,土銀-嘉義,2023-04-11,1034
00679B,元大美債20年,20,0,20,土銀-嘉義,2023-04-11,1034
2331,精英,20,0,20,土銀-嘉義,2023-04-11,1034
2208,台船,16,0,16,土銀-嘉義,2023-04-11,1034
3027,盛達,16,0,16,土銀-嘉義,2023-04-11,1034
2206,三陽工業,17,2,15,土銀-嘉義,2023-04-11,1034
00712,復華富時不動產,13,0,13,土銀-嘉義,2023-04-11,1034
2342,茂矽,12,0,12,土銀-嘉義,2023-04-11,1034
6578,達邦蛋白,12,0,12,土銀-嘉義,2023-04-11,1034
1308,亞聚,10,0,10,土銀-嘉義,2023-04-11,1034
2388,威盛,11,1,10,土銀-嘉義,2023-04-11,1034
2406,國碩,10,0,10,土銀-嘉義,2023-04-11,1034
3548,兆利,10,0,10,土銀-嘉義,2023-04-11,1034
6282,康舒,10,0,10,土銀-嘉義,2023-04-11,1034
8110,華東,10,0,10,土銀-嘉義,2023-04-11,1034
1503,士電,9,0,9,土銀-嘉義,2023-04-11,1034
1580,新麥,9,0,9,土銀-嘉義,2023-04-11,1034
2408,南亞科,10,1,9,土銀-嘉義,2023-04-11,1034
6026,福邦證,9,0,9,土銀-嘉義,2023-04-11,1034
2535,達欣工,10,2,8,土銀-嘉義,2023-04-11,1034
3289,宜特,9,1,8,土銀-嘉義,2023-04-11,1034
2442,新美齊,7,0,7,土銀-嘉義,2023-04-11,1034
6187,萬潤,7,0,7,土銀-嘉義,2023-04-11,1034
2027,大成鋼,6,0,6,土銀-嘉義,2023-04-11,1034
2609,陽明,9,3,6,土銀-嘉義,2023-04-11,1034
4919,新唐,6,0,6,土銀-嘉義,2023-04-11,1034
5531,鄉林,6,0,6,土銀-嘉義,2023-04-11,1034
1101,台泥,6,1,5,土銀-嘉義,2023-04-11,1034
00720B,元大投資級公司債,5,0,5,土銀-嘉義,2023-04-11,1034
00878,國泰永續高股息,8,3,5,土銀-嘉義,2023-04-11,1034
1752,南光,5,0,5,土銀-嘉義,2023-04-11,1034
2634,漢翔,7,2,5,土銀-嘉義,2023-04-11,1034
3189,景碩,5,0,5,土銀-嘉義,2023-04-11,1034
4906,正文,6,1,5,土銀-嘉義,2023-04-11,1034
6109,亞元,5,0,5,土銀-嘉義,2023-04-11,1034
6139,亞翔,5,0,5,土銀-嘉義,2023-04-11,1034
6163,華電網,12,7,5,土銀-嘉義,2023-04-11,1034
6276,安鈦克,5,0,5,土銀-嘉義,2023-04-11,1034
6576,逸達,5,0,5,土銀-嘉義,2023-04-11,1034
8183,精星,5,0,5,土銀-嘉義,2023-04-11,1034
8390,金益鼎,5,0,5,土銀-嘉義,2023-04-11,1034
2002,中鋼,4,0,4,土銀-嘉義,2023-04-11,1034
00650L,復華香港正2,4,0,4,土銀-嘉義,2023-04-11,1034
00753L,中信中國50正2,4,0,4,土銀-嘉義,2023-04-11,1034
2105,正新,4,0,4,土銀-嘉義,2023-04-11,1034
2505,國揚,4,0,4,土銀-嘉義,2023-04-11,1034
00637L,元大滬深300正2,59,0,59,土銀-嘉義,2023-04-12,1034
1611,中電,44,9,35,土銀-嘉義,2023-04-12,1034
6485,點序,32,1,31,土銀-嘉義,2023-04-12,1034
00720B,元大投資級公司債,30,0,30,土銀-嘉義,2023-04-12,1034
6203,海韻電,25,0,25,土銀-嘉義,2023-04-12,1034
00773B,中信優先金融債,23,0,23,土銀-嘉義,2023-04-12,1034
3535,晶彩科,23,0,23,土銀-嘉義,2023-04-12,1034
00751B,元大AAA至A公司債,18,0,18,土銀-嘉義,2023-04-12,1034
00725B,國泰投資級公司債,18,0,18,土銀-嘉義,2023-04-12,1034
00772B,中信高評級公司債,18,0,18,土銀-嘉義,2023-04-12,1034
8112,至上,20,2,18,土銀-嘉義,2023-04-12,1034
00885,富邦越南,15,0,15,土銀-嘉義,2023-04-12,1034
2634,漢翔,34,19,15,土銀-嘉義,2023-04-12,1034
2344,華邦電,15,2,13,土銀-嘉義,2023-04-12,1034
4162,智擎,13,0,13,土銀-嘉義,2023-04-12,1034
2329,華泰,17,5,12,土銀-嘉義,2023-04-12,1034
3484,崧騰,11,0,11,土銀-嘉義,2023-04-12,1034
1409,新纖,10,0,10,土銀-嘉義,2023-04-12,1034
00632R,元大台灣50反1,10,0,10,土銀-嘉義,2023-04-12,1034
00655L,國泰中國A50正2,10,0,10,土銀-嘉義,2023-04-12,1034
3594,磐儀,12,2,10,土銀-嘉義,2023-04-12,1034
6578,達邦蛋白,10,0,10,土銀-嘉義,2023-04-12,1034
1710,東聯,9,0,9,土銀-嘉義,2023-04-12,1034
2317,鴻海,9,0,9,土銀-嘉義,2023-04-12,1034
4114,健喬,11,2,9,土銀-嘉義,2023-04-12,1034
2393,億光,7,0,7,土銀-嘉義,2023-04-12,1034
00633L,富邦上証正2,6,0,6,土銀-嘉義,2023-04-12,1034
3236,千如,6,0,6,土銀-嘉義,2023-04-12,1034
3483,力致,6,0,6,土銀-嘉義,2023-04-12,1034
4973,廣穎,6,0,6,土銀-嘉義,2023-04-12,1034
5531,鄉林,6,0,6,土銀-嘉義,2023-04-12,1034
1101,台泥,6,1,5,土銀-嘉義,2023-04-12,1034
1615,大山,5,0,5,土銀-嘉義,2023-04-12,1034
1731,美吾華,5,0,5,土銀-嘉義,2023-04-12,1034
2014,中鴻,5,0,5,土銀-嘉義,2023-04-12,1034
2402,毅嘉,5,0,5,土銀-嘉義,2023-04-12,1034
2406,國碩,5,0,5,土銀-嘉義,2023-04-12,1034
3029,零壹,5,0,5,土銀-嘉義,2023-04-12,1034
3202,樺晟,5,0,5,土銀-嘉義,2023-04-12,1034
9945,潤泰新,5,0,5,土銀-嘉義,2023-04-12,1034
00882,中信中國高股息,4,0,4,土銀-嘉義,2023-04-12,1034
2609,陽明,12,8,4,土銀-嘉義,2023-04-12,1034
3162,精確,5,1,4,土銀-嘉義,2023-04-12,1034
3481,群創,35,31,4,土銀-嘉義,2023-04-12,1034
3545,敦泰,8,4,4,土銀-嘉義,2023-04-12,1034
4979,華星光,6,2,4,土銀-嘉義,2023-04-12,1034
6269,台郡,4,0,4,土銀-嘉義,2023-04-12,1034
8926,台汽電,5,1,4,土銀-嘉義,2023-04-12,1034
00665L,富邦�琤肭磪囓�2,3,0,3,土銀-嘉義,2023-04-12,1034
1616,億泰,3,0,3,土銀-嘉義,2023-04-12,1034
3535,晶彩科,100,0,100,土銀-嘉義,2023-04-13,1034
00923,群益台ESG低碳50,79,0,79,土銀-嘉義,2023-04-13,1034
00772B,中信高評級公司債,75,5,70,土銀-嘉義,2023-04-13,1034
1504,東元,58,4,54,土銀-嘉義,2023-04-13,1034
00679B,元大美債20年,50,0,50,土銀-嘉義,2023-04-13,1034
00720B,元大投資級公司債,42,0,42,土銀-嘉義,2023-04-13,1034
00751B,元大AAA至A公司債,40,0,40,土銀-嘉義,2023-04-13,1034
1605,華新,53,20,33,土銀-嘉義,2023-04-13,1034
2208,台船,38,9,29,土銀-嘉義,2023-04-13,1034
2367,燿華,30,1,29,土銀-嘉義,2023-04-13,1034
3059,華晶科,28,0,28,土銀-嘉義,2023-04-13,1034
2329,華泰,30,6,24,土銀-嘉義,2023-04-13,1034
1584,精剛,34,11,23,土銀-嘉義,2023-04-13,1034
1609,大亞,25,2,23,土銀-嘉義,2023-04-13,1034
00740B,富邦全球投等債,22,0,22,土銀-嘉義,2023-04-13,1034
2344,華邦電,29,7,22,土銀-嘉義,2023-04-13,1034
2897,王道銀行,25,3,22,土銀-嘉義,2023-04-13,1034
5309,系統電,22,1,21,土銀-嘉義,2023-04-13,1034
00725B,國泰投資級公司債,18,0,18,土銀-嘉義,2023-04-13,1034
00712,復華富時不動產,25,7,18,土銀-嘉義,2023-04-13,1034
00878,國泰永續高股息,37,19,18,土銀-嘉義,2023-04-13,1034
6163,華電網,26,8,18,土銀-嘉義,2023-04-13,1034
2634,漢翔,29,12,17,土銀-嘉義,2023-04-13,1034
3231,緯創,42,26,16,土銀-嘉義,2023-04-13,1034
00890B,凱基ESG BBB債,15,0,15,土銀-嘉義,2023-04-13,1034
2313,華通,14,1,13,土銀-嘉義,2023-04-13,1034
00882,中信中國高股息,12,0,12,土銀-嘉義,2023-04-13,1034
9962,有益,13,1,12,土銀-嘉義,2023-04-13,1034
6133,金橋,11,0,11,土銀-嘉義,2023-04-13,1034
6244,茂迪,11,0,11,土銀-嘉義,2023-04-13,1034
1102,亞泥,10,0,10,土銀-嘉義,2023-04-13,1034
1219,福壽,10,0,10,土銀-嘉義,2023-04-13,1034
00897,富邦基因免疫生技,10,0,10,土銀-嘉義,2023-04-13,1034
5353,台林,10,0,10,土銀-嘉義,2023-04-13,1034
8383,千附,10,0,10,土銀-嘉義,2023-04-13,1034
00900,富邦特選高股息30,10,1,9,土銀-嘉義,2023-04-13,1034
2402,毅嘉,12,3,9,土銀-嘉義,2023-04-13,1034
2408,南亞科,9,0,9,土銀-嘉義,2023-04-13,1034
3078,僑威,10,1,9,土銀-嘉義,2023-04-13,1034
1513,中興電,16,8,8,土銀-嘉義,2023-04-13,1034
00665L,富邦�琤肭磪囓�2,8,0,8,土銀-嘉義,2023-04-13,1034
3037,欣興,8,0,8,土銀-嘉義,2023-04-13,1034
3711,日月光投控,8,0,8,土銀-嘉義,2023-04-13,1034
2342,茂矽,7,0,7,土銀-嘉義,2023-04-13,1034
2393,億光,7,0,7,土銀-嘉義,2023-04-13,1034
2539,櫻花建,7,0,7,土銀-嘉義,2023-04-13,1034
6290,良維,7,0,7,土銀-嘉義,2023-04-13,1034
3013,晟銘電,6,0,6,土銀-嘉義,2023-04-13,1034
6213,聯茂,6,0,6,土銀-嘉義,2023-04-13,1034
2889,國票金,6,0,6,土銀-嘉義,2023-04-13,1034
6770,力積電,102,0,102,土銀-嘉義,2023-04-14,1034
3011,今皓,101,0,101,土銀-嘉義,2023-04-14,1034
00720B,元大投資級公司債,73,0,73,土銀-嘉義,2023-04-14,1034
2002,中鋼,33,0,33,土銀-嘉義,2023-04-14,1034
5009,榮剛,36,5,31,土銀-嘉義,2023-04-14,1034
2610,華航,47,17,30,土銀-嘉義,2023-04-14,1034
2382,廣達,25,0,25,土銀-嘉義,2023-04-14,1034
8097,常珵,23,0,23,土銀-嘉義,2023-04-14,1034
2883,凱基金,22,1,21,土銀-嘉義,2023-04-14,1034
2344,華邦電,23,2,21,土銀-嘉義,2023-04-14,1034
00679B,元大美債20年,20,0,20,土銀-嘉義,2023-04-14,1034
2515,中工,20,0,20,土銀-嘉義,2023-04-14,1034
9105,泰金寶-DR,20,0,20,土銀-嘉義,2023-04-14,1034
2409,友達,83,63,20,土銀-嘉義,2023-04-14,1034
00751B,元大AAA至A公司債,18,0,18,土銀-嘉義,2023-04-14,1034
3481,群創,47,29,18,土銀-嘉義,2023-04-14,1034
2634,漢翔,62,45,17,土銀-嘉義,2023-04-14,1034
00773B,中信優先金融債,16,0,16,土銀-嘉義,2023-04-14,1034
1533,車王電,15,0,15,土銀-嘉義,2023-04-14,1034
5309,系統電,16,1,15,土銀-嘉義,2023-04-14,1034
5355,佳總,15,0,15,土銀-嘉義,2023-04-14,1034
3499,環天科,14,0,14,土銀-嘉義,2023-04-14,1034
2323,中環,12,0,12,土銀-嘉義,2023-04-14,1034
1529,樂事綠能,11,0,11,土銀-嘉義,2023-04-14,1034
2329,華泰,11,0,11,土銀-嘉義,2023-04-14,1034
6188,廣明,11,0,11,土銀-嘉義,2023-04-14,1034
6125,廣運,10,0,10,土銀-嘉義,2023-04-14,1034
6234,高僑,33,23,10,土銀-嘉義,2023-04-14,1034
00772B,中信高評級公司債,10,0,10,土銀-嘉義,2023-04-14,1034
00882,中信中國高股息,10,0,10,土銀-嘉義,2023-04-14,1034
00897,富邦基因免疫生技,10,0,10,土銀-嘉義,2023-04-14,1034
00893,國泰智能電動車,10,0,10,土銀-嘉義,2023-04-14,1034
8933,愛地雅,10,0,10,土銀-嘉義,2023-04-14,1034
00725B,國泰投資級公司債,9,0,9,土銀-嘉義,2023-04-14,1034
4119,旭富,9,0,9,土銀-嘉義,2023-04-14,1034
00680L,元大美債20正2,8,0,8,土銀-嘉義,2023-04-14,1034
3031,佰鴻,8,0,8,土銀-嘉義,2023-04-14,1034
3037,欣興,11,3,8,土銀-嘉義,2023-04-14,1034
6109,亞元,8,0,8,土銀-嘉義,2023-04-14,1034
6191,精成科,8,0,8,土銀-嘉義,2023-04-14,1034
2303,聯電,8,1,7,土銀-嘉義,2023-04-14,1034
5410,國眾,8,1,7,土銀-嘉義,2023-04-14,1034
1313,聯成,6,0,6,土銀-嘉義,2023-04-14,1034
2027,大成鋼,6,0,6,土銀-嘉義,2023-04-14,1034
2402,毅嘉,12,6,6,土銀-嘉義,2023-04-14,1034
3624,光頡,12,6,6,土銀-嘉義,2023-04-14,1034
0056,元大高股息,6,1,5,土銀-嘉義,2023-04-14,1034
1514,亞力,11,6,5,土銀-嘉義,2023-04-14,1034
2886,兆豐金,5,0,5,土銀-嘉義,2023-04-14,1034
4162,智擎,5,0,5,土銀-嘉義,2023-04-14,1034
3060,銘異,133,0,133,土銀-嘉義,2023-04-17,1034
00680L,元大美債20正2,56,0,56,土銀-嘉義,2023-04-17,1034
1605,華新,54,4,50,土銀-嘉義,2023-04-17,1034
2634,漢翔,66,22,44,土銀-嘉義,2023-04-17,1034
2812,台中銀,30,0,30,土銀-嘉義,2023-04-17,1034
6578,達邦蛋白,30,0,30,土銀-嘉義,2023-04-17,1034
00772B,中信高評級公司債,25,0,25,土銀-嘉義,2023-04-17,1034
2002,中鋼,22,0,22,土銀-嘉義,2023-04-17,1034
6125,廣運,20,0,20,土銀-嘉義,2023-04-17,1034
3481,群創,26,7,19,土銀-嘉義,2023-04-17,1034
2610,華航,26,9,17,土銀-嘉義,2023-04-17,1034
00773B,中信優先金融債,15,0,15,土銀-嘉義,2023-04-17,1034
2368,金像電,13,0,13,土銀-嘉義,2023-04-17,1034
6770,力積電,13,0,13,土銀-嘉義,2023-04-17,1034
2618,長榮航,12,0,12,土銀-嘉義,2023-04-17,1034
00751B,元大AAA至A公司債,11,0,11,土銀-嘉義,2023-04-17,1034
00720B,元大投資級公司債,11,0,11,土銀-嘉義,2023-04-17,1034
1809,中釉,13,2,11,土銀-嘉義,2023-04-17,1034
2883,凱基金,21,10,11,土銀-嘉義,2023-04-17,1034
00687B,國泰20年美債,10,0,10,土銀-嘉義,2023-04-17,1034
2009,第一銅,10,0,10,土銀-嘉義,2023-04-17,1034
2208,台船,24,14,10,土銀-嘉義,2023-04-17,1034
2535,達欣工,10,0,10,土銀-嘉義,2023-04-17,1034
5410,國眾,10,0,10,土銀-嘉義,2023-04-17,1034
6197,佳必琪,10,0,10,土銀-嘉義,2023-04-17,1034
6275,元山,10,0,10,土銀-嘉義,2023-04-17,1034
00888,永豐台灣ESG,9,0,9,土銀-嘉義,2023-04-17,1034
2449,京元電子,9,0,9,土銀-嘉義,2023-04-17,1034
00725B,國泰投資級公司債,8,0,8,土銀-嘉義,2023-04-17,1034
2515,中工,8,0,8,土銀-嘉義,2023-04-17,1034
2892,第一金,8,0,8,土銀-嘉義,2023-04-17,1034
1810,和成,7,0,7,土銀-嘉義,2023-04-17,1034
2641,正德,7,0,7,土銀-嘉義,2023-04-17,1034
5258,虹堡,12,5,7,土銀-嘉義,2023-04-17,1034
1615,大山,6,0,6,土銀-嘉義,2023-04-17,1034
1714,和桐,6,0,6,土銀-嘉義,2023-04-17,1034
2030,彰源,6,0,6,土銀-嘉義,2023-04-17,1034
2359,所羅門,6,0,6,土銀-嘉義,2023-04-17,1034
2393,億光,6,0,6,土銀-嘉義,2023-04-17,1034
2882,國泰金,6,0,6,土銀-嘉義,2023-04-17,1034
5309,系統電,6,0,6,土銀-嘉義,2023-04-17,1034
6245,立端,6,0,6,土銀-嘉義,2023-04-17,1034
2324,仁寶,5,0,5,土銀-嘉義,2023-04-17,1034
2344,華邦電,8,3,5,土銀-嘉義,2023-04-17,1034
2409,友達,16,11,5,土銀-嘉義,2023-04-17,1034
2885,元大金,5,0,5,土銀-嘉義,2023-04-17,1034
3704,合勤控,5,0,5,土銀-嘉義,2023-04-17,1034
5355,佳總,5,0,5,土銀-嘉義,2023-04-17,1034
5465,富驊,5,0,5,土銀-嘉義,2023-04-17,1034
00679B,元大美債20年,5,0,5,土銀-嘉義,2023-04-17,1034
00772B,中信高評級公司債,224,1,223,土銀-嘉義,2023-04-18,1034
1444,力麗,70,1,69,土銀-嘉義,2023-04-18,1034
00687B,國泰20年美債,33,0,33,土銀-嘉義,2023-04-18,1034
00680L,元大美債20正2,32,0,32,土銀-嘉義,2023-04-18,1034
1584,精剛,41,14,27,土銀-嘉義,2023-04-18,1034
6282,康舒,20,1,19,土銀-嘉義,2023-04-18,1034
3481,群創,19,1,18,土銀-嘉義,2023-04-18,1034
6235,華孚,18,2,16,土銀-嘉義,2023-04-18,1034
2618,長榮航,15,0,15,土銀-嘉義,2023-04-18,1034
2755,揚秦,15,0,15,土銀-嘉義,2023-04-18,1034
00679B,元大美債20年,14,0,14,土銀-嘉義,2023-04-18,1034
3231,緯創,14,1,13,土銀-嘉義,2023-04-18,1034
1101,台泥,17,4,13,土銀-嘉義,2023-04-18,1034
2610,華航,24,12,12,土銀-嘉義,2023-04-18,1034
8033,雷虎,53,41,12,土銀-嘉義,2023-04-18,1034
3025,星通,28,17,11,土銀-嘉義,2023-04-18,1034
00632R,元大台灣50反1,10,0,10,土銀-嘉義,2023-04-18,1034
2409,友達,20,10,10,土銀-嘉義,2023-04-18,1034
2706,第一店,10,0,10,土銀-嘉義,2023-04-18,1034
2812,台中銀,10,0,10,土銀-嘉義,2023-04-18,1034
2881,富邦金,10,0,10,土銀-嘉義,2023-04-18,1034
3013,晟銘電,11,1,10,土銀-嘉義,2023-04-18,1034
6173,信昌電,10,0,10,土銀-嘉義,2023-04-18,1034
6245,立端,10,0,10,土銀-嘉義,2023-04-18,1034
6266,泰詠,10,0,10,土銀-嘉義,2023-04-18,1034
6578,達邦蛋白,10,0,10,土銀-嘉義,2023-04-18,1034
5309,系統電,9,0,9,土銀-嘉義,2023-04-18,1034
6112,邁達特,9,0,9,土銀-嘉義,2023-04-18,1034
1609,大亞,9,1,8,土銀-嘉義,2023-04-18,1034
2241,艾姆勒,8,0,8,土銀-嘉義,2023-04-18,1034
3499,環天科,8,0,8,土銀-嘉義,2023-04-18,1034
6194,育富,11,3,8,土銀-嘉義,2023-04-18,1034
8105,凌巨,10,2,8,土銀-嘉義,2023-04-18,1034
1605,華新,12,5,7,土銀-嘉義,2023-04-18,1034
00720B,元大投資級公司債,7,0,7,土銀-嘉義,2023-04-18,1034
2027,大成鋼,7,0,7,土銀-嘉義,2023-04-18,1034
2457,飛宏,35,28,7,土銀-嘉義,2023-04-18,1034
4746,台耀,7,0,7,土銀-嘉義,2023-04-18,1034
5483,中美晶,7,0,7,土銀-嘉義,2023-04-18,1034
8926,台汽電,10,3,7,土銀-嘉義,2023-04-18,1034
2317,鴻海,6,0,6,土銀-嘉義,2023-04-18,1034
2359,所羅門,6,0,6,土銀-嘉義,2023-04-18,1034
3260,威剛,6,0,6,土銀-嘉義,2023-04-18,1034
3527,聚積,10,4,6,土銀-嘉義,2023-04-18,1034
4968,立積,6,0,6,土銀-嘉義,2023-04-18,1034
5009,榮剛,7,1,6,土銀-嘉義,2023-04-18,1034
6168,宏齊,6,0,6,土銀-嘉義,2023-04-18,1034
1514,亞力,8,3,5,土銀-嘉義,2023-04-18,1034
1513,中興電,5,0,5,土銀-嘉義,2023-04-18,1034
1714,和桐,5,0,5,土銀-嘉義,2023-04-18,1034
00878,國泰永續高股息,47,8,39,土銀-嘉義,2023-04-19,1034
3481,群創,130,97,33,土銀-嘉義,2023-04-19,1034
2409,友達,32,5,27,土銀-嘉義,2023-04-19,1034
2634,漢翔,40,13,27,土銀-嘉義,2023-04-19,1034
00680L,元大美債20正2,25,0,25,土銀-嘉義,2023-04-19,1034
3576,聯合再生,37,13,24,土銀-嘉義,2023-04-19,1034
2312,金寶,22,0,22,土銀-嘉義,2023-04-19,1034
6578,達邦蛋白,25,3,22,土銀-嘉義,2023-04-19,1034
1529,樂事綠能,33,12,21,土銀-嘉義,2023-04-19,1034
2027,大成鋼,28,7,21,土銀-嘉義,2023-04-19,1034
2515,中工,17,0,17,土銀-嘉義,2023-04-19,1034
1504,東元,37,22,15,土銀-嘉義,2023-04-19,1034
2342,茂矽,17,2,15,土銀-嘉義,2023-04-19,1034
2208,台船,21,8,13,土銀-嘉義,2023-04-19,1034
2356,英業達,13,1,12,土銀-嘉義,2023-04-19,1034
3548,兆利,12,0,12,土銀-嘉義,2023-04-19,1034
00923,群益台ESG低碳50,11,0,11,土銀-嘉義,2023-04-19,1034
2344,華邦電,11,0,11,土銀-嘉義,2023-04-19,1034
00888,永豐台灣ESG,10,0,10,土銀-嘉義,2023-04-19,1034
00751B,元大AAA至A公司債,10,0,10,土銀-嘉義,2023-04-19,1034
2615,萬海,10,0,10,土銀-嘉義,2023-04-19,1034
3013,晟銘電,10,0,10,土銀-嘉義,2023-04-19,1034
4510,高鋒,10,0,10,土銀-嘉義,2023-04-19,1034
6770,力積電,19,9,10,土銀-嘉義,2023-04-19,1034
8033,雷虎,14,5,9,土銀-嘉義,2023-04-19,1034
8176,智捷,9,0,9,土銀-嘉義,2023-04-19,1034
1810,和成,10,2,8,土銀-嘉義,2023-04-19,1034
2303,聯電,8,0,8,土銀-嘉義,2023-04-19,1034
2498,宏達電,9,1,8,土銀-嘉義,2023-04-19,1034
3037,欣興,8,0,8,土銀-嘉義,2023-04-19,1034
3673,TPK-KY,8,0,8,土銀-嘉義,2023-04-19,1034
00720B,元大投資級公司債,7,0,7,土銀-嘉義,2023-04-19,1034
2457,飛宏,31,24,7,土銀-嘉義,2023-04-19,1034
3706,神達,7,0,7,土銀-嘉義,2023-04-19,1034
5309,系統電,7,0,7,土銀-嘉義,2023-04-19,1034
6129,普誠,9,2,7,土銀-嘉義,2023-04-19,1034
6148,驊宏資,7,0,7,土銀-嘉義,2023-04-19,1034
0050,元大台灣50,6,0,6,土銀-嘉義,2023-04-19,1034
2337,旺宏,6,0,6,土銀-嘉義,2023-04-19,1034
3046,建��,6,0,6,土銀-嘉義,2023-04-19,1034
6139,亞翔,6,0,6,土銀-嘉義,2023-04-19,1034
6167,久正,6,0,6,土銀-嘉義,2023-04-19,1034
1731,美吾華,6,0,6,土銀-嘉義,2023-04-19,1034
1616,億泰,5,0,5,土銀-嘉義,2023-04-19,1034
2002,中鋼,6,1,5,土銀-嘉義,2023-04-19,1034
3050,鈺德,5,0,5,土銀-嘉義,2023-04-19,1034
3260,威剛,5,0,5,土銀-嘉義,2023-04-19,1034
6235,華孚,7,2,5,土銀-嘉義,2023-04-19,1034
6874,倍力,5,0,5,土銀-嘉義,2023-04-19,1034
1227,佳格,4,0,4,土銀-嘉義,2023-04-19,1034
2618,長榮航,107,0,107,土銀-嘉義,2023-04-20,1034
3060,銘異,100,0,100,土銀-嘉義,2023-04-20,1034
3535,晶彩科,100,0,100,土銀-嘉義,2023-04-20,1034
00740B,富邦全球投等債,45,0,45,土銀-嘉義,2023-04-20,1034
00679B,元大美債20年,30,0,30,土銀-嘉義,2023-04-20,1034
00725B,國泰投資級公司債,20,0,20,土銀-嘉義,2023-04-20,1034
00720B,元大投資級公司債,20,0,20,土銀-嘉義,2023-04-20,1034
3231,緯創,21,1,20,土銀-嘉義,2023-04-20,1034
00637L,元大滬深300正2,20,2,18,土銀-嘉義,2023-04-20,1034
3484,崧騰,18,0,18,土銀-嘉義,2023-04-20,1034
2349,錸德,17,0,17,土銀-嘉義,2023-04-20,1034
2610,華航,16,0,16,土銀-嘉義,2023-04-20,1034
2409,友達,15,0,15,土銀-嘉義,2023-04-20,1034
00773B,中信優先金融債,15,0,15,土銀-嘉義,2023-04-20,1034
3703,欣陸,14,0,14,土銀-嘉義,2023-04-20,1034
1605,華新,16,3,13,土銀-嘉義,2023-04-20,1034
6148,驊宏資,20,7,13,土銀-嘉義,2023-04-20,1034
00772B,中信高評級公司債,12,0,12,土銀-嘉義,2023-04-20,1034
2241,艾姆勒,11,0,11,土銀-嘉義,2023-04-20,1034
8940,新天地,11,0,11,土銀-嘉義,2023-04-20,1034
1471,首利,10,0,10,土銀-嘉義,2023-04-20,1034
1326,台化,10,0,10,土銀-嘉義,2023-04-20,1034
00741B,富邦全球非投等債,10,0,10,土銀-嘉義,2023-04-20,1034
2332,友訊,10,0,10,土銀-嘉義,2023-04-20,1034
3042,晶技,10,0,10,土銀-嘉義,2023-04-20,1034
3047,訊舟,11,1,10,土銀-嘉義,2023-04-20,1034
3707,漢磊,11,1,10,土銀-嘉義,2023-04-20,1034
00751B,元大AAA至A公司債,9,0,9,土銀-嘉義,2023-04-20,1034
1101,台泥,9,0,9,土銀-嘉義,2023-04-20,1034
2208,台船,10,1,9,土銀-嘉義,2023-04-20,1034
3162,精確,9,0,9,土銀-嘉義,2023-04-20,1034
4114,健喬,10,1,9,土銀-嘉義,2023-04-20,1034
6109,亞元,9,0,9,土銀-嘉義,2023-04-20,1034
4119,旭富,8,0,8,土銀-嘉義,2023-04-20,1034
8033,雷虎,12,4,8,土銀-嘉義,2023-04-20,1034
00878,國泰永續高股息,7,0,7,土銀-嘉義,2023-04-20,1034
1777,生泰,7,0,7,土銀-嘉義,2023-04-20,1034
2002,中鋼,7,0,7,土銀-嘉義,2023-04-20,1034
2324,仁寶,6,0,6,土銀-嘉義,2023-04-20,1034
2520,冠德,6,0,6,土銀-嘉義,2023-04-20,1034
3322,建舜電,6,0,6,土銀-嘉義,2023-04-20,1034
5452,佶優,6,0,6,土銀-嘉義,2023-04-20,1034
6168,宏齊,6,0,6,土銀-嘉義,2023-04-20,1034
6203,海韻電,6,0,6,土銀-嘉義,2023-04-20,1034
00922,國泰台灣領袖50,5,0,5,土銀-嘉義,2023-04-20,1034
00900,富邦特選高股息30,5,0,5,土銀-嘉義,2023-04-20,1034
1584,精剛,11,6,5,土銀-嘉義,2023-04-20,1034
2329,華泰,5,0,5,土銀-嘉義,2023-04-20,1034
2342,茂矽,5,0,5,土銀-嘉義,2023-04-20,1034
3576,聯合再生,5,0,5,土銀-嘉義,2023-04-20,1034
00637L,元大滬深300正2,147,1,146,土銀-嘉義,2023-04-21,1034
00923,群益台ESG低碳50,38,0,38,土銀-嘉義,2023-04-21,1034
2342,茂矽,22,0,22,土銀-嘉義,2023-04-21,1034
6115,鎰勝,21,0,21,土銀-嘉義,2023-04-21,1034
00665L,富邦�琤肭磪囓�2,80,60,20,土銀-嘉義,2023-04-21,1034
2349,錸德,17,0,17,土銀-嘉義,2023-04-21,1034
2241,艾姆勒,16,0,16,土銀-嘉義,2023-04-21,1034
00900,富邦特選高股息30,15,0,15,土銀-嘉義,2023-04-21,1034
2615,萬海,15,0,15,土銀-嘉義,2023-04-21,1034
6485,點序,15,0,15,土銀-嘉義,2023-04-21,1034
2206,三陽工業,32,18,14,土銀-嘉義,2023-04-21,1034
2634,漢翔,32,18,14,土銀-嘉義,2023-04-21,1034
2471,資通,13,0,13,土銀-嘉義,2023-04-21,1034
1611,中電,26,14,12,土銀-嘉義,2023-04-21,1034
2706,第一店,12,0,12,土銀-嘉義,2023-04-21,1034
6282,康舒,14,2,12,土銀-嘉義,2023-04-21,1034
1711,永光,12,1,11,土銀-嘉義,2023-04-21,1034
2303,聯電,13,2,11,土銀-嘉義,2023-04-21,1034
6770,力積電,11,0,11,土銀-嘉義,2023-04-21,1034
2913,農林,16,6,10,土銀-嘉義,2023-04-21,1034
1714,和桐,10,0,10,土銀-嘉義,2023-04-21,1034
2736,富野,10,0,10,土銀-嘉義,2023-04-21,1034
3041,揚智,10,0,10,土銀-嘉義,2023-04-21,1034
3042,晶技,10,0,10,土銀-嘉義,2023-04-21,1034
3297,杭特,10,0,10,土銀-嘉義,2023-04-21,1034
3686,達能,10,0,10,土銀-嘉義,2023-04-21,1034
6235,華孚,11,1,10,土銀-嘉義,2023-04-21,1034
8176,智捷,9,0,9,土銀-嘉義,2023-04-21,1034
2313,華通,8,0,8,土銀-嘉義,2023-04-21,1034
2387,精元,8,0,8,土銀-嘉義,2023-04-21,1034
2891,中信金,8,0,8,土銀-嘉義,2023-04-21,1034
2379,瑞昱,8,1,7,土銀-嘉義,2023-04-21,1034
5009,榮剛,11,4,7,土銀-嘉義,2023-04-21,1034
6163,華電網,9,2,7,土銀-嘉義,2023-04-21,1034
1909,榮成,7,1,6,土銀-嘉義,2023-04-21,1034
2641,正德,6,0,6,土銀-嘉義,2023-04-21,1034
3322,建舜電,6,0,6,土銀-嘉義,2023-04-21,1034
6517,保勝光學,11,5,6,土銀-嘉義,2023-04-21,1034
00893,國泰智能電動車,5,0,5,土銀-嘉義,2023-04-21,1034
1319,東陽,5,0,5,土銀-嘉義,2023-04-21,1034
1409,新纖,10,5,5,土銀-嘉義,2023-04-21,1034
1709,和益,5,0,5,土銀-嘉義,2023-04-21,1034
2481,強茂,5,0,5,土銀-嘉義,2023-04-21,1034
2888,新光金,5,0,5,土銀-嘉義,2023-04-21,1034
3176,基亞,5,0,5,土銀-嘉義,2023-04-21,1034
4931,新盛力,5,0,5,土銀-嘉義,2023-04-21,1034
6182,合晶,5,0,5,土銀-嘉義,2023-04-21,1034
6197,佳必琪,7,2,5,土銀-嘉義,2023-04-21,1034
8050,廣積,5,0,5,土銀-嘉義,2023-04-21,1034
8383,千附,5,0,5,土銀-嘉義,2023-04-21,1034
1905,華紙,72,0,72,土銀-嘉義,2023-04-24,1034
00637L,元大滬深300正2,47,0,47,土銀-嘉義,2023-04-24,1034
1444,力麗,32,0,32,土銀-嘉義,2023-04-24,1034
00772B,中信高評級公司債,30,0,30,土銀-嘉義,2023-04-24,1034
3707,漢磊,26,0,26,土銀-嘉義,2023-04-24,1034
00751B,元大AAA至A公司債,25,0,25,土銀-嘉義,2023-04-24,1034
2353,宏��,21,0,21,土銀-嘉義,2023-04-24,1034
00665L,富邦�琤肭磪囓�2,40,20,20,土銀-嘉義,2023-04-24,1034
00680L,元大美債20正2,20,0,20,土銀-嘉義,2023-04-24,1034
2409,友達,18,0,18,土銀-嘉義,2023-04-24,1034
00878,國泰永續高股息,15,0,15,土銀-嘉義,2023-04-24,1034
2105,正新,20,5,15,土銀-嘉義,2023-04-24,1034
1101,台泥,41,30,11,土銀-嘉義,2023-04-24,1034
00902,中信電池及儲能,11,0,11,土銀-嘉義,2023-04-24,1034
006208,富邦台50,10,0,10,土銀-嘉義,2023-04-24,1034
00655L,國泰中國A50正2,10,0,10,土銀-嘉義,2023-04-24,1034
1319,東陽,10,0,10,土銀-嘉義,2023-04-24,1034
2630,亞航,10,0,10,土銀-嘉義,2023-04-24,1034
6109,亞元,10,0,10,土銀-嘉義,2023-04-24,1034
00882,中信中國高股息,10,1,9,土銀-嘉義,2023-04-24,1034
1326,台化,10,1,9,土銀-嘉義,2023-04-24,1034
2344,華邦電,25,16,9,土銀-嘉義,2023-04-24,1034
2634,漢翔,40,31,9,土銀-嘉義,2023-04-24,1034
8176,智捷,9,0,9,土銀-嘉義,2023-04-24,1034
1616,億泰,8,0,8,土銀-嘉義,2023-04-24,1034
2515,中工,10,2,8,土銀-嘉義,2023-04-24,1034
2754,亞洲藏壽司,16,8,8,土銀-嘉義,2023-04-24,1034
6167,久正,8,0,8,土銀-嘉義,2023-04-24,1034
912000,晨訊科-DR,8,0,8,土銀-嘉義,2023-04-24,1034
2913,農林,8,1,7,土銀-嘉義,2023-04-24,1034
2330,台積電,9,3,6,土銀-嘉義,2023-04-24,1034
1533,車王電,6,0,6,土銀-嘉義,2023-04-24,1034
1304,台聚,6,0,6,土銀-嘉義,2023-04-24,1034
3484,崧騰,6,0,6,土銀-嘉義,2023-04-24,1034
9902,台火,6,0,6,土銀-嘉義,2023-04-24,1034
2457,飛宏,8,3,5,土銀-嘉義,2023-04-24,1034
2317,鴻海,5,0,5,土銀-嘉義,2023-04-24,1034
3031,佰鴻,5,0,5,土銀-嘉義,2023-04-24,1034
3041,揚智,5,0,5,土銀-嘉義,2023-04-24,1034
3715,定穎投控,5,0,5,土銀-嘉義,2023-04-24,1034
6829,千附精密,6,1,5,土銀-嘉義,2023-04-24,1034
8996,高力,5,0,5,土銀-嘉義,2023-04-24,1034
00687B,國泰20年美債,4,0,4,土銀-嘉義,2023-04-24,1034
1711,永光,4,0,4,土銀-嘉義,2023-04-24,1034
2002,中鋼,4,0,4,土銀-嘉義,2023-04-24,1034
2313,華通,4,0,4,土銀-嘉義,2023-04-24,1034
2408,南亞科,4,0,4,土銀-嘉義,2023-04-24,1034
2609,陽明,5,1,4,土銀-嘉義,2023-04-24,1034
3481,群創,5,1,4,土銀-嘉義,2023-04-24,1034
6733,博晟生醫,5,1,4,土銀-嘉義,2023-04-24,1034
00665L,富邦�琤肭磪囓�2,80,0,80,土銀-嘉義,2023-04-25,1034
2344,華邦電,46,0,46,土銀-嘉義,2023-04-25,1034
00637L,元大滬深300正2,49,4,45,土銀-嘉義,2023-04-25,1034
3060,銘異,34,0,34,土銀-嘉義,2023-04-25,1034
00632R,元大台灣50反1,30,0,30,土銀-嘉義,2023-04-25,1034
3042,晶技,30,0,30,土銀-嘉義,2023-04-25,1034
00904,新光臺灣半導體30,25,0,25,土銀-嘉義,2023-04-25,1034
2409,友達,30,7,23,土銀-嘉義,2023-04-25,1034
6282,康舒,25,4,21,土銀-嘉義,2023-04-25,1034
2353,宏��,21,0,21,土銀-嘉義,2023-04-25,1034
2106,建大,20,0,20,土銀-嘉義,2023-04-25,1034
2457,飛宏,25,5,20,土銀-嘉義,2023-04-25,1034
3703,欣陸,20,0,20,土銀-嘉義,2023-04-25,1034
5340,建榮,20,0,20,土銀-嘉義,2023-04-25,1034
1417,嘉裕,20,2,18,土銀-嘉義,2023-04-25,1034
2618,長榮航,20,2,18,土銀-嘉義,2023-04-25,1034
0056,元大高股息,19,2,17,土銀-嘉義,2023-04-25,1034
00923,群益台ESG低碳50,17,0,17,土銀-嘉義,2023-04-25,1034
00878,國泰永續高股息,16,0,16,土銀-嘉義,2023-04-25,1034
2002,中鋼,20,5,15,土銀-嘉義,2023-04-25,1034
00888,永豐台灣ESG,15,0,15,土銀-嘉義,2023-04-25,1034
2610,華航,17,2,15,土銀-嘉義,2023-04-25,1034
2241,艾姆勒,13,0,13,土銀-嘉義,2023-04-25,1034
6625,必應,12,0,12,土銀-嘉義,2023-04-25,1034
2449,京元電子,11,0,11,土銀-嘉義,2023-04-25,1034
2607,榮運,11,0,11,土銀-嘉義,2023-04-25,1034
1809,中釉,10,0,10,土銀-嘉義,2023-04-25,1034
2342,茂矽,10,0,10,土銀-嘉義,2023-04-25,1034
2423,固緯,10,0,10,土銀-嘉義,2023-04-25,1034
2884,玉山金,11,1,10,土銀-嘉義,2023-04-25,1034
3322,建舜電,10,0,10,土銀-嘉義,2023-04-25,1034
4306,炎洲,10,0,10,土銀-嘉義,2023-04-25,1034
6125,廣運,10,0,10,土銀-嘉義,2023-04-25,1034
2630,亞航,10,1,9,土銀-嘉義,2023-04-25,1034
3231,緯創,12,3,9,土銀-嘉義,2023-04-25,1034
6109,亞元,9,0,9,土銀-嘉義,2023-04-25,1034
1605,華新,8,0,8,土銀-嘉義,2023-04-25,1034
00679B,元大美債20年,8,0,8,土銀-嘉義,2023-04-25,1034
00751B,元大AAA至A公司債,8,0,8,土銀-嘉義,2023-04-25,1034
1711,永光,9,1,8,土銀-嘉義,2023-04-25,1034
2324,仁寶,8,0,8,土銀-嘉義,2023-04-25,1034
3686,達能,8,0,8,土銀-嘉義,2023-04-25,1034
6443,元晶,8,0,8,土銀-嘉義,2023-04-25,1034
00885,富邦越南,7,0,7,土銀-嘉義,2023-04-25,1034
00633L,富邦上証正2,7,0,7,土銀-嘉義,2023-04-25,1034
4934,太極,7,0,7,土銀-嘉義,2023-04-25,1034
5309,系統電,12,5,7,土銀-嘉義,2023-04-25,1034
0050,元大台灣50,6,0,6,土銀-嘉義,2023-04-25,1034
1513,中興電,9,3,6,土銀-嘉義,2023-04-25,1034
1802,台玻,6,0,6,土銀-嘉義,2023-04-25,1034
6153,嘉聯益,100,0,100,土銀-嘉義,2023-04-26,1034
00751B,元大AAA至A公司債,55,4,51,土銀-嘉義,2023-04-26,1034
00772B,中信高評級公司債,50,0,50,土銀-嘉義,2023-04-26,1034
3060,銘異,46,0,46,土銀-嘉義,2023-04-26,1034
1409,新纖,30,0,30,土銀-嘉義,2023-04-26,1034
2409,友達,35,5,30,土銀-嘉義,2023-04-26,1034
1907,永豐餘,33,6,27,土銀-嘉義,2023-04-26,1034
2002,中鋼,25,0,25,土銀-嘉義,2023-04-26,1034
2634,漢翔,30,7,23,土銀-嘉義,2023-04-26,1034
3714,富采,48,25,23,土銀-嘉義,2023-04-26,1034
00632R,元大台灣50反1,30,10,20,土銀-嘉義,2023-04-26,1034
1714,和桐,18,0,18,土銀-嘉義,2023-04-26,1034
2375,凱美,16,0,16,土銀-嘉義,2023-04-26,1034
2206,三陽工業,15,0,15,土銀-嘉義,2023-04-26,1034
2027,大成鋼,12,0,12,土銀-嘉義,2023-04-26,1034
2313,華通,12,0,12,土銀-嘉義,2023-04-26,1034
00712,復華富時不動產,11,0,11,土銀-嘉義,2023-04-26,1034
0056,元大高股息,10,0,10,土銀-嘉義,2023-04-26,1034
2014,中鴻,10,0,10,土銀-嘉義,2023-04-26,1034
2618,長榮航,10,0,10,土銀-嘉義,2023-04-26,1034
2883,凱基金,10,0,10,土銀-嘉義,2023-04-26,1034
3703,欣陸,10,0,10,土銀-嘉義,2023-04-26,1034
3035,智原,9,0,9,土銀-嘉義,2023-04-26,1034
8176,智捷,9,0,9,土銀-嘉義,2023-04-26,1034
3231,緯創,10,2,8,土銀-嘉義,2023-04-26,1034
3484,崧騰,8,0,8,土銀-嘉義,2023-04-26,1034
2457,飛宏,45,38,7,土銀-嘉義,2023-04-26,1034
3305,昇貿,7,0,7,土銀-嘉義,2023-04-26,1034
00882,中信中國高股息,6,0,6,土銀-嘉義,2023-04-26,1034
2610,華航,6,0,6,土銀-嘉義,2023-04-26,1034
4746,台耀,6,0,6,土銀-嘉義,2023-04-26,1034
6576,逸達,6,0,6,土銀-嘉義,2023-04-26,1034
00923,群益台ESG低碳50,5,0,5,土銀-嘉義,2023-04-26,1034
00904,新光臺灣半導體30,5,0,5,土銀-嘉義,2023-04-26,1034
1903,士紙,5,0,5,土銀-嘉義,2023-04-26,1034
2890,永豐金,5,0,5,土銀-嘉義,2023-04-26,1034
3176,基亞,5,0,5,土銀-嘉義,2023-04-26,1034
5351,鈺創,5,0,5,土銀-嘉義,2023-04-26,1034
6470,宇智,5,0,5,土銀-嘉義,2023-04-26,1034
6517,保勝光學,5,0,5,土銀-嘉義,2023-04-26,1034
2609,陽明,5,1,4,土銀-嘉義,2023-04-26,1034
2913,農林,8,4,4,土銀-嘉義,2023-04-26,1034
6143,振曜,4,0,4,土銀-嘉義,2023-04-26,1034
1517,利奇,3,0,3,土銀-嘉義,2023-04-26,1034
2408,南亞科,3,0,3,土銀-嘉義,2023-04-26,1034
3228,金麗科,3,0,3,土銀-嘉義,2023-04-26,1034
3691,碩禾,3,0,3,土銀-嘉義,2023-04-26,1034
5531,鄉林,3,0,3,土銀-嘉義,2023-04-26,1034
2303,聯電,4,1,3,土銀-嘉義,2023-04-26,1034
3006,晶豪科,2,0,2,土銀-嘉義,2023-04-26,1034
2409,友達,52,10,42,土銀-嘉義,2023-04-27,1034
2634,漢翔,72,30,42,土銀-嘉義,2023-04-27,1034
00712,復華富時不動產,40,0,40,土銀-嘉義,2023-04-27,1034
2845,遠東銀,40,0,40,土銀-嘉義,2023-04-27,1034
00923,群益台ESG低碳50,38,1,37,土銀-嘉義,2023-04-27,1034
2002,中鋼,36,1,35,土銀-嘉義,2023-04-27,1034
00679B,元大美債20年,26,2,24,土銀-嘉義,2023-04-27,1034
3703,欣陸,23,0,23,土銀-嘉義,2023-04-27,1034
1714,和桐,20,0,20,土銀-嘉義,2023-04-27,1034
2913,農林,21,1,20,土銀-嘉義,2023-04-27,1034
3430,奇鈦科,20,0,20,土銀-嘉義,2023-04-27,1034
2892,第一金,18,0,18,土銀-嘉義,2023-04-27,1034
2618,長榮航,19,3,16,土銀-嘉義,2023-04-27,1034
00887,永豐中國科技50大,15,0,15,土銀-嘉義,2023-04-27,1034
2611,志信,15,0,15,土銀-嘉義,2023-04-27,1034
1710,東聯,23,13,10,土銀-嘉義,2023-04-27,1034
00892,富邦台灣半導體,10,0,10,土銀-嘉義,2023-04-27,1034
00885,富邦越南,10,0,10,土銀-嘉義,2023-04-27,1034
00720B,元大投資級公司債,10,0,10,土銀-嘉義,2023-04-27,1034
2485,兆赫,10,0,10,土銀-嘉義,2023-04-27,1034
4306,炎洲,10,0,10,土銀-嘉義,2023-04-27,1034
00637L,元大滬深300正2,10,1,9,土銀-嘉義,2023-04-27,1034
1905,華紙,10,1,9,土銀-嘉義,2023-04-27,1034
8176,智捷,9,0,9,土銀-嘉義,2023-04-27,1034
1102,亞泥,8,0,8,土銀-嘉義,2023-04-27,1034
6180,橘子,8,0,8,土銀-嘉義,2023-04-27,1034
1101,台泥,14,7,7,土銀-嘉義,2023-04-27,1034
2449,京元電子,14,8,6,土銀-嘉義,2023-04-27,1034
2609,陽明,7,1,6,土銀-嘉義,2023-04-27,1034
6163,華電網,8,2,6,土銀-嘉義,2023-04-27,1034
1709,和益,12,7,5,土銀-嘉義,2023-04-27,1034
1605,華新,10,5,5,土銀-嘉義,2023-04-27,1034
1604,聲寶,5,0,5,土銀-嘉義,2023-04-27,1034
00893,國泰智能電動車,5,0,5,土銀-嘉義,2023-04-27,1034
00878,國泰永續高股息,7,2,5,土銀-嘉義,2023-04-27,1034
00830,國泰費城半導體,5,0,5,土銀-嘉義,2023-04-27,1034
00642U,期元大S＆P石油,5,0,5,土銀-嘉義,2023-04-27,1034
2515,中工,5,0,5,土銀-嘉義,2023-04-27,1034
5227,立凱-KY,5,0,5,土銀-嘉義,2023-04-27,1034
5465,富驊,5,0,5,土銀-嘉義,2023-04-27,1034
5478,智冠,5,0,5,土銀-嘉義,2023-04-27,1034
6109,亞元,5,0,5,土銀-嘉義,2023-04-27,1034
6125,廣運,5,0,5,土銀-嘉義,2023-04-27,1034
0050,元大台灣50,4,0,4,土銀-嘉義,2023-04-27,1034
00715L,期街口布蘭特正2,4,0,4,土銀-嘉義,2023-04-27,1034
1219,福壽,5,1,4,土銀-嘉義,2023-04-27,1034
2891,中信金,4,0,4,土銀-嘉義,2023-04-27,1034
4979,華星光,6,2,4,土銀-嘉義,2023-04-27,1034
6532,瑞耘,4,0,4,土銀-嘉義,2023-04-27,1034
2330,台積電,3,0,3,土銀-嘉義,2023-04-27,1034
2409,友達,183,12,171,土銀-嘉義,2023-04-28,1034
2880,華南金,62,1,61,土銀-嘉義,2023-04-28,1034
2610,華航,62,1,61,土銀-嘉義,2023-04-28,1034
00900,富邦特選高股息30,60,0,60,土銀-嘉義,2023-04-28,1034
00680L,元大美債20正2,53,0,53,土銀-嘉義,2023-04-28,1034
6163,華電網,51,3,48,土銀-嘉義,2023-04-28,1034
2630,亞航,53,6,47,土銀-嘉義,2023-04-28,1034
6770,力積電,29,0,29,土銀-嘉義,2023-04-28,1034
912000,晨訊科-DR,29,1,28,土銀-嘉義,2023-04-28,1034
2027,大成鋼,22,0,22,土銀-嘉義,2023-04-28,1034
3041,揚智,20,1,19,土銀-嘉義,2023-04-28,1034
2883,凱基金,19,0,19,土銀-嘉義,2023-04-28,1034
2344,華邦電,18,3,15,土銀-嘉義,2023-04-28,1034
2002,中鋼,14,0,14,土銀-嘉義,2023-04-28,1034
6213,聯茂,13,0,13,土銀-嘉義,2023-04-28,1034
1513,中興電,15,4,11,土銀-嘉義,2023-04-28,1034
1711,永光,13,2,11,土銀-嘉義,2023-04-28,1034
1905,華紙,11,0,11,土銀-嘉義,2023-04-28,1034
3481,群創,11,0,11,土銀-嘉義,2023-04-28,1034
1903,士紙,10,0,10,土銀-嘉義,2023-04-28,1034
00904,新光臺灣半導體30,10,0,10,土銀-嘉義,2023-04-28,1034
2352,佳世達,13,3,10,土銀-嘉義,2023-04-28,1034
2367,燿華,10,0,10,土銀-嘉義,2023-04-28,1034
3703,欣陸,10,0,10,土銀-嘉義,2023-04-28,1034
4961,天鈺,10,0,10,土銀-嘉義,2023-04-28,1034
5880,合庫金,10,0,10,土銀-嘉義,2023-04-28,1034
8390,金益鼎,10,0,10,土銀-嘉義,2023-04-28,1034
2495,普安,12,3,9,土銀-嘉義,2023-04-28,1034
2890,永豐金,9,0,9,土銀-嘉義,2023-04-28,1034
3548,兆利,9,0,9,土銀-嘉義,2023-04-28,1034
5009,榮剛,14,5,9,土銀-嘉義,2023-04-28,1034
8176,智捷,9,0,9,土銀-嘉義,2023-04-28,1034
3363,上詮,8,0,8,土銀-嘉義,2023-04-28,1034
3704,合勤控,8,0,8,土銀-嘉義,2023-04-28,1034
00923,群益台ESG低碳50,6,0,6,土銀-嘉義,2023-04-28,1034
2368,金像電,6,0,6,土銀-嘉義,2023-04-28,1034
3025,星通,10,4,6,土銀-嘉義,2023-04-28,1034
3031,佰鴻,6,0,6,土銀-嘉義,2023-04-28,1034
4979,華星光,12,6,6,土銀-嘉義,2023-04-28,1034
2330,台積電,5,0,5,土銀-嘉義,2023-04-28,1034
1603,華電,5,0,5,土銀-嘉義,2023-04-28,1034
1525,江申,5,0,5,土銀-嘉義,2023-04-28,1034
2337,旺宏,5,0,5,土銀-嘉義,2023-04-28,1034
2342,茂矽,5,0,5,土銀-嘉義,2023-04-28,1034
2349,錸德,5,0,5,土銀-嘉義,2023-04-28,1034
2481,強茂,5,0,5,土銀-嘉義,2023-04-28,1034
2719,燦星旅,5,0,5,土銀-嘉義,2023-04-28,1034
3081,聯亞,5,0,5,土銀-嘉義,2023-04-28,1034
6516,勤崴國際,5,0,5,土銀-嘉義,2023-04-28,1034
1216,統一,4,0,4,土銀-嘉義,2023-04-28,1034
1434,福懋,105,1,104,土銀-嘉義,2023-05-02,1034
2884,玉山金,51,2,49,土銀-嘉義,2023-05-02,1034
4306,炎洲,50,1,49,土銀-嘉義,2023-05-02,1034
2634,漢翔,75,29,46,土銀-嘉義,2023-05-02,1034
2801,彰銀,43,0,43,土銀-嘉義,2023-05-02,1034
00687B,國泰20年美債,30,0,30,土銀-嘉義,2023-05-02,1034
6234,高僑,23,0,23,土銀-嘉義,2023-05-02,1034
2630,亞航,29,7,22,土銀-嘉義,2023-05-02,1034
6112,邁達特,21,0,21,土銀-嘉義,2023-05-02,1034
00633L,富邦上証正2,20,0,20,土銀-嘉義,2023-05-02,1034
1802,台玻,18,1,17,土銀-嘉義,2023-05-02,1034
00637L,元大滬深300正2,28,12,16,土銀-嘉義,2023-05-02,1034
2206,三陽工業,15,2,13,土銀-嘉義,2023-05-02,1034
2603,長榮,14,1,13,土銀-嘉義,2023-05-02,1034
2495,普安,12,1,11,土銀-嘉義,2023-05-02,1034
00878,國泰永續高股息,19,9,10,土銀-嘉義,2023-05-02,1034
00772B,中信高評級公司債,10,0,10,土銀-嘉義,2023-05-02,1034
2609,陽明,13,3,10,土銀-嘉義,2023-05-02,1034
2880,華南金,10,0,10,土銀-嘉義,2023-05-02,1034
6173,信昌電,8,0,8,土銀-嘉義,2023-05-02,1034
2344,華邦電,8,1,7,土銀-嘉義,2023-05-02,1034
1611,中電,6,0,6,土銀-嘉義,2023-05-02,1034
2402,毅嘉,6,0,6,土銀-嘉義,2023-05-02,1034
2645,長榮航太,6,0,6,土銀-嘉義,2023-05-02,1034
3484,崧騰,6,0,6,土銀-嘉義,2023-05-02,1034
6517,保勝光學,6,0,6,土銀-嘉義,2023-05-02,1034
1809,中釉,5,0,5,土銀-嘉義,2023-05-02,1034
2468,華經,5,0,5,土銀-嘉義,2023-05-02,1034
3520,華盈,5,0,5,土銀-嘉義,2023-05-02,1034
3563,牧德,5,0,5,土銀-嘉義,2023-05-02,1034
6532,瑞耘,5,0,5,土銀-嘉義,2023-05-02,1034
2484,希華,4,0,4,土銀-嘉義,2023-05-02,1034
2489,瑞軒,4,0,4,土銀-嘉義,2023-05-02,1034
2754,亞洲藏壽司,4,0,4,土銀-嘉義,2023-05-02,1034
3297,杭特,4,0,4,土銀-嘉義,2023-05-02,1034
4121,優盛,14,10,4,土銀-嘉義,2023-05-02,1034
5227,立凱-KY,4,0,4,土銀-嘉義,2023-05-02,1034
6282,康舒,10,6,4,土銀-嘉義,2023-05-02,1034
6516,勤崴國際,4,0,4,土銀-嘉義,2023-05-02,1034
1522,堤維西,3,0,3,土銀-嘉義,2023-05-02,1034
00679B,元大美債20年,3,0,3,土銀-嘉義,2023-05-02,1034
00720B,元大投資級公司債,3,0,3,土銀-嘉義,2023-05-02,1034
00907,永豐優息存股,3,0,3,土銀-嘉義,2023-05-02,1034
00900,富邦特選高股息30,3,0,3,土銀-嘉義,2023-05-02,1034
2208,台船,3,0,3,土銀-嘉義,2023-05-02,1034
2338,光罩,3,0,3,土銀-嘉義,2023-05-02,1034
2442,新美齊,3,0,3,土銀-嘉義,2023-05-02,1034
2845,遠東銀,3,0,3,土銀-嘉義,2023-05-02,1034
4541,晟田,3,0,3,土銀-嘉義,2023-05-02,1034
8074,鉅橡,3,0,3,土銀-嘉義,2023-05-02,1034
2409,友達,53,0,53,土銀-嘉義,2023-05-03,1034
6153,嘉聯益,50,0,50,土銀-嘉義,2023-05-03,1034
00642U,期元大S＆P石油,40,0,40,土銀-嘉義,2023-05-03,1034
3481,群創,32,2,30,土銀-嘉義,2023-05-03,1034
00665L,富邦�琤肭磪囓�2,28,0,28,土銀-嘉義,2023-05-03,1034
1434,福懋,35,16,19,土銀-嘉義,2023-05-03,1034
6112,邁達特,19,0,19,土銀-嘉義,2023-05-03,1034
00878,國泰永續高股息,25,7,18,土銀-嘉義,2023-05-03,1034
1101,台泥,17,1,16,土銀-嘉義,2023-05-03,1034
1810,和成,14,0,14,土銀-嘉義,2023-05-03,1034
6167,久正,27,13,14,土銀-嘉義,2023-05-03,1034
00712,復華富時不動產,13,0,13,土銀-嘉義,2023-05-03,1034
00637L,元大滬深300正2,26,13,13,土銀-嘉義,2023-05-03,1034
2609,陽明,13,1,12,土銀-嘉義,2023-05-03,1034
00715L,期街口布蘭特正2,11,0,11,土銀-嘉義,2023-05-03,1034
2375,凱美,11,0,11,土銀-嘉義,2023-05-03,1034
3363,上詮,11,0,11,土銀-嘉義,2023-05-03,1034
1528,恩德,10,0,10,土銀-嘉義,2023-05-03,1034
3703,欣陸,10,0,10,土銀-嘉義,2023-05-03,1034
3715,定穎投控,20,10,10,土銀-嘉義,2023-05-03,1034
4541,晟田,15,5,10,土銀-嘉義,2023-05-03,1034
2812,台中銀,9,0,9,土銀-嘉義,2023-05-03,1034
3499,環天科,9,0,9,土銀-嘉義,2023-05-03,1034
2022,聚亨,8,0,8,土銀-嘉義,2023-05-03,1034
1313,聯成,8,0,8,土銀-嘉義,2023-05-03,1034
2002,中鋼,8,0,8,土銀-嘉義,2023-05-03,1034
2615,萬海,8,0,8,土銀-嘉義,2023-05-03,1034
2603,長榮,9,2,7,土銀-嘉義,2023-05-03,1034
3006,晶豪科,7,0,7,土銀-嘉義,2023-05-03,1034
1440,南紡,6,0,6,土銀-嘉義,2023-05-03,1034
2208,台船,6,0,6,土銀-嘉義,2023-05-03,1034
4968,立積,7,1,6,土銀-嘉義,2023-05-03,1034
6282,康舒,10,4,6,土銀-嘉義,2023-05-03,1034
6285,啟��,7,1,6,土銀-嘉義,2023-05-03,1034
00893,國泰智能電動車,5,0,5,土銀-嘉義,2023-05-03,1034
1612,宏泰,10,5,5,土銀-嘉義,2023-05-03,1034
1611,中電,5,0,5,土銀-嘉義,2023-05-03,1034
2449,京元電子,7,2,5,土銀-嘉義,2023-05-03,1034
2484,希華,5,0,5,土銀-嘉義,2023-05-03,1034
2897,王道銀行,5,0,5,土銀-嘉義,2023-05-03,1034
3005,神基,7,2,5,土銀-嘉義,2023-05-03,1034
3231,緯創,5,0,5,土銀-嘉義,2023-05-03,1034
3380,明泰,5,0,5,土銀-嘉義,2023-05-03,1034
3548,兆利,5,0,5,土銀-嘉義,2023-05-03,1034
3711,日月光投控,5,0,5,土銀-嘉義,2023-05-03,1034
4148,全宇生技-KY,5,0,5,土銀-嘉義,2023-05-03,1034
5203,訊連,5,0,5,土銀-嘉義,2023-05-03,1034
6148,驊宏資,6,1,5,土銀-嘉義,2023-05-03,1034
1519,華城,6,2,4,土銀-嘉義,2023-05-03,1034
1513,中興電,5,1,4,土銀-嘉義,2023-05-03,1034
00712,復華富時不動產,97,0,97,土銀-嘉義,2023-05-04,1034
2883B,凱基金乙特,30,0,30,土銀-嘉義,2023-05-04,1034
9902,台火,30,0,30,土銀-嘉義,2023-05-04,1034
00878,國泰永續高股息,26,0,26,土銀-嘉義,2023-05-04,1034
00642U,期元大S＆P石油,30,5,25,土銀-嘉義,2023-05-04,1034
2634,漢翔,35,12,23,土銀-嘉義,2023-05-04,1034
2409,友達,30,10,20,土銀-嘉義,2023-05-04,1034
00715L,期街口布蘭特正2,19,0,19,土銀-嘉義,2023-05-04,1034
2208,台船,27,10,17,土銀-嘉義,2023-05-04,1034
6112,邁達特,13,0,13,土銀-嘉義,2023-05-04,1034
1710,東聯,13,1,12,土銀-嘉義,2023-05-04,1034
4541,晟田,14,3,11,土銀-嘉義,2023-05-04,1034
1416,廣豐,10,0,10,土銀-嘉義,2023-05-04,1034
2438,翔耀,10,0,10,土銀-嘉義,2023-05-04,1034
2897,王道銀行,10,0,10,土銀-嘉義,2023-05-04,1034
2002,中鋼,13,4,9,土銀-嘉義,2023-05-04,1034
6191,精成科,9,0,9,土銀-嘉義,2023-05-04,1034
1605,華新,7,0,7,土銀-嘉義,2023-05-04,1034
1536,和大,7,0,7,土銀-嘉義,2023-05-04,1034
2609,陽明,7,0,7,土銀-嘉義,2023-05-04,1034
3006,晶豪科,8,1,7,土銀-嘉義,2023-05-04,1034
3071,協禧,7,0,7,土銀-嘉義,2023-05-04,1034
1101,台泥,7,1,6,土銀-嘉義,2023-05-04,1034
2352,佳世達,7,1,6,土銀-嘉義,2023-05-04,1034
2388,威盛,7,1,6,土銀-嘉義,2023-05-04,1034
4119,旭富,6,0,6,土銀-嘉義,2023-05-04,1034
4994,傳奇,6,0,6,土銀-嘉義,2023-05-04,1034
6163,華電網,6,0,6,土銀-嘉義,2023-05-04,1034
00893,國泰智能電動車,5,0,5,土銀-嘉義,2023-05-04,1034
1313,聯成,5,0,5,土銀-嘉義,2023-05-04,1034
1722,台肥,5,0,5,土銀-嘉義,2023-05-04,1034
2880,華南金,5,0,5,土銀-嘉義,2023-05-04,1034
3046,建��,6,1,5,土銀-嘉義,2023-05-04,1034
3673,TPK-KY,5,0,5,土銀-嘉義,2023-05-04,1034
8044,網家,5,0,5,土銀-嘉義,2023-05-04,1034
9904,寶成,5,0,5,土銀-嘉義,2023-05-04,1034
1609,大亞,26,22,4,土銀-嘉義,2023-05-04,1034
2643,捷迅,4,0,4,土銀-嘉義,2023-05-04,1034
3035,智原,4,0,4,土銀-嘉義,2023-05-04,1034
4968,立積,5,1,4,土銀-嘉義,2023-05-04,1034
6142,友勁,4,0,4,土銀-嘉義,2023-05-04,1034
6578,達邦蛋白,4,0,4,土銀-嘉義,2023-05-04,1034
2206,三陽工業,14,10,4,土銀-嘉義,2023-05-04,1034
2812,台中銀,3,0,3,土銀-嘉義,2023-05-04,1034
1708,東鹼,3,0,3,土銀-嘉義,2023-05-04,1034
1711,永光,8,5,3,土銀-嘉義,2023-05-04,1034
1514,亞力,3,0,3,土銀-嘉義,2023-05-04,1034
2241,艾姆勒,3,0,3,土銀-嘉義,2023-05-04,1034
4111,濟生,3,0,3,土銀-嘉義,2023-05-04,1034
5009,榮剛,3,0,3,土銀-嘉義,2023-05-04,1034
00772B,中信高評級公司債,145,0,145,土銀-嘉義,2023-05-05,1034
1802,台玻,100,0,100,土銀-嘉義,2023-05-05,1034
2845,遠東銀,100,0,100,土銀-嘉義,2023-05-05,1034
2353,宏��,49,0,49,土銀-嘉義,2023-05-05,1034
00712,復華富時不動產,56,10,46,土銀-嘉義,2023-05-05,1034
00751B,元大AAA至A公司債,35,0,35,土銀-嘉義,2023-05-05,1034
00878,國泰永續高股息,31,0,31,土銀-嘉義,2023-05-05,1034
2002,中鋼,30,0,30,土銀-嘉義,2023-05-05,1034
1603,華電,20,0,20,土銀-嘉義,2023-05-05,1034
00642U,期元大S＆P石油,20,0,20,土銀-嘉義,2023-05-05,1034
2344,華邦電,20,1,19,土銀-嘉義,2023-05-05,1034
00715L,期街口布蘭特正2,12,0,12,土銀-嘉義,2023-05-05,1034
00720B,元大投資級公司債,11,0,11,土銀-嘉義,2023-05-05,1034
00632R,元大台灣50反1,10,0,10,土銀-嘉義,2023-05-05,1034
00679B,元大美債20年,10,0,10,土銀-嘉義,2023-05-05,1034
2358,廷鑫,10,0,10,土銀-嘉義,2023-05-05,1034
6285,啟��,10,0,10,土銀-嘉義,2023-05-05,1034
9105,泰金寶-DR,10,0,10,土銀-嘉義,2023-05-05,1034
2610,華航,9,0,9,土銀-嘉義,2023-05-05,1034
4746,台耀,9,0,9,土銀-嘉義,2023-05-05,1034
6244,茂迪,9,0,9,土銀-嘉義,2023-05-05,1034
2615,萬海,20,12,8,土銀-嘉義,2023-05-05,1034
8271,宇瞻,8,0,8,土銀-嘉義,2023-05-05,1034
1904,正隆,10,4,6,土銀-嘉義,2023-05-05,1034
00680L,元大美債20正2,6,0,6,土銀-嘉義,2023-05-05,1034
2885,元大金,6,0,6,土銀-嘉義,2023-05-05,1034
4111,濟生,6,0,6,土銀-嘉義,2023-05-05,1034
4121,優盛,7,1,6,土銀-嘉義,2023-05-05,1034
1714,和桐,5,0,5,土銀-嘉義,2023-05-05,1034
00882,中信中國高股息,5,0,5,土銀-嘉義,2023-05-05,1034
00830,國泰費城半導體,5,0,5,土銀-嘉義,2023-05-05,1034
1434,福懋,5,0,5,土銀-嘉義,2023-05-05,1034
2022,聚亨,5,0,5,土銀-嘉義,2023-05-05,1034
3029,零壹,5,0,5,土銀-嘉義,2023-05-05,1034
3548,兆利,5,0,5,土銀-嘉義,2023-05-05,1034
3596,智易,8,3,5,土銀-嘉義,2023-05-05,1034
6160,欣技,6,1,5,土銀-嘉義,2023-05-05,1034
6266,泰詠,6,1,5,土銀-嘉義,2023-05-05,1034
1536,和大,4,0,4,土銀-嘉義,2023-05-05,1034
1101,台泥,6,2,4,土銀-嘉義,2023-05-05,1034
1789,神隆,4,0,4,土銀-嘉義,2023-05-05,1034
2208,台船,12,8,4,土銀-嘉義,2023-05-05,1034
2368,金像電,5,1,4,土銀-嘉義,2023-05-05,1034
2428,興勤,4,0,4,土銀-嘉義,2023-05-05,1034
2442,新美齊,4,0,4,土銀-嘉義,2023-05-05,1034
3062,建漢,4,0,4,土銀-嘉義,2023-05-05,1034
3711,日月光投控,5,1,4,土銀-嘉義,2023-05-05,1034
8121,越峰,4,0,4,土銀-嘉義,2023-05-05,1034
2457,飛宏,16,13,3,土銀-嘉義,2023-05-05,1034
2484,希華,3,0,3,土銀-嘉義,2023-05-05,1034
00772B,中信高評級公司債,101,0,101,土銀-嘉義,2023-05-08,1034
2883,凱基金,103,15,88,土銀-嘉義,2023-05-08,1034
1605,華新,56,7,49,土銀-嘉義,2023-05-08,1034
00727B,國泰優選非投等債,40,0,40,土銀-嘉義,2023-05-08,1034
00878,國泰永續高股息,34,8,26,土銀-嘉義,2023-05-08,1034
3703,欣陸,20,0,20,土銀-嘉義,2023-05-08,1034
2344,華邦電,17,0,17,土銀-嘉義,2023-05-08,1034
1218,泰山,17,1,16,土銀-嘉義,2023-05-08,1034
3029,零壹,18,2,16,土銀-嘉義,2023-05-08,1034
3231,緯創,25,9,16,土銀-嘉義,2023-05-08,1034
1444,力麗,15,0,15,土銀-嘉義,2023-05-08,1034
2409,友達,27,14,13,土銀-嘉義,2023-05-08,1034
3481,群創,12,0,12,土銀-嘉義,2023-05-08,1034
1580,新麥,11,0,11,土銀-嘉義,2023-05-08,1034
00690,兆豐藍籌30,10,0,10,土銀-嘉義,2023-05-08,1034
00680L,元大美債20正2,10,0,10,土銀-嘉義,2023-05-08,1034
1603,華電,10,0,10,土銀-嘉義,2023-05-08,1034
2882,國泰金,10,0,10,土銀-嘉義,2023-05-08,1034
3686,達能,10,0,10,土銀-嘉義,2023-05-08,1034
1536,和大,8,0,8,土銀-嘉義,2023-05-08,1034
2359,所羅門,8,0,8,土銀-嘉義,2023-05-08,1034
2371,大同,8,1,7,土銀-嘉義,2023-05-08,1034
2408,南亞科,7,0,7,土銀-嘉義,2023-05-08,1034
3548,兆利,7,0,7,土銀-嘉義,2023-05-08,1034
6191,精成科,8,1,7,土銀-嘉義,2023-05-08,1034
2427,三商電,6,0,6,土銀-嘉義,2023-05-08,1034
2887,台新金,13,7,6,土銀-嘉義,2023-05-08,1034
3078,僑威,10,4,6,土銀-嘉義,2023-05-08,1034
6163,華電網,6,0,6,土銀-嘉義,2023-05-08,1034
9902,台火,6,0,6,土銀-嘉義,2023-05-08,1034
00712,復華富時不動產,5,0,5,土銀-嘉義,2023-05-08,1034
0050,元大台灣50,5,0,5,土銀-嘉義,2023-05-08,1034
2609,陽明,5,0,5,土銀-嘉義,2023-05-08,1034
4121,優盛,6,1,5,土銀-嘉義,2023-05-08,1034
6244,茂迪,5,0,5,土銀-嘉義,2023-05-08,1034
1907,永豐餘,5,1,4,土銀-嘉義,2023-05-08,1034
3005,神基,4,0,4,土銀-嘉義,2023-05-08,1034
5450,南良,4,0,4,土銀-嘉義,2023-05-08,1034
6209,今國光,4,0,4,土銀-嘉義,2023-05-08,1034
6443,元晶,4,0,4,土銀-嘉義,2023-05-08,1034
1101,台泥,6,3,3,土銀-嘉義,2023-05-08,1034
1326,台化,3,0,3,土銀-嘉義,2023-05-08,1034
1708,東鹼,3,0,3,土銀-嘉義,2023-05-08,1034
1731,美吾華,3,0,3,土銀-嘉義,2023-05-08,1034
1734,杏輝,3,0,3,土銀-嘉義,2023-05-08,1034
1802,台玻,3,0,3,土銀-嘉義,2023-05-08,1034
2303,聯電,5,2,3,土銀-嘉義,2023-05-08,1034
2387,精元,4,1,3,土銀-嘉義,2023-05-08,1034
2617,台航,3,0,3,土銀-嘉義,2023-05-08,1034
3679,新至陞,3,0,3,土銀-嘉義,2023-05-08,1034
00680L,元大美債20正2,421,2,419,土銀-嘉義,2023-05-09,1034
00687B,國泰20年美債,70,0,70,土銀-嘉義,2023-05-09,1034
2027,大成鋼,50,0,50,土銀-嘉義,2023-05-09,1034
1605,華新,39,5,34,土銀-嘉義,2023-05-09,1034
1101,台泥,39,7,32,土銀-嘉義,2023-05-09,1034
2375,凱美,23,0,23,土銀-嘉義,2023-05-09,1034
00720B,元大投資級公司債,22,0,22,土銀-嘉義,2023-05-09,1034
00751B,元大AAA至A公司債,20,0,20,土銀-嘉義,2023-05-09,1034
3704,合勤控,20,1,19,土銀-嘉義,2023-05-09,1034
2423,固緯,18,0,18,土銀-嘉義,2023-05-09,1034
3013,晟銘電,20,4,16,土銀-嘉義,2023-05-09,1034
00878,國泰永續高股息,15,0,15,土銀-嘉義,2023-05-09,1034
00715L,期街口布蘭特正2,14,0,14,土銀-嘉義,2023-05-09,1034
1712,興農,12,0,12,土銀-嘉義,2023-05-09,1034
2883,凱基金,12,0,12,土銀-嘉義,2023-05-09,1034
00727B,國泰優選非投等債,10,0,10,土銀-嘉義,2023-05-09,1034
00713,元大台灣高息低波,10,0,10,土銀-嘉義,2023-05-09,1034
1513,中興電,18,8,10,土銀-嘉義,2023-05-09,1034
3484,崧騰,10,0,10,土銀-嘉義,2023-05-09,1034
3520,華盈,10,0,10,土銀-嘉義,2023-05-09,1034
4564,元翎,10,0,10,土銀-嘉義,2023-05-09,1034
1609,大亞,15,6,9,土銀-嘉義,2023-05-09,1034
2468,華經,9,0,9,土銀-嘉義,2023-05-09,1034
1519,華城,10,2,8,土銀-嘉義,2023-05-09,1034
1219,福壽,7,0,7,土銀-嘉義,2023-05-09,1034
1784,訊聯,12,5,7,土銀-嘉義,2023-05-09,1034
2484,希華,10,3,7,土銀-嘉義,2023-05-09,1034
6182,合晶,7,0,7,土銀-嘉義,2023-05-09,1034
2457,飛宏,21,15,6,土銀-嘉義,2023-05-09,1034
3308,聯德,6,0,6,土銀-嘉義,2023-05-09,1034
3322,建舜電,6,0,6,土銀-嘉義,2023-05-09,1034
3663,鑫科,6,0,6,土銀-嘉義,2023-05-09,1034
3715,定穎投控,6,0,6,土銀-嘉義,2023-05-09,1034
4746,台耀,6,0,6,土銀-嘉義,2023-05-09,1034
8033,雷虎,8,2,6,土銀-嘉義,2023-05-09,1034
1714,和桐,10,5,5,土銀-嘉義,2023-05-09,1034
1731,美吾華,5,0,5,土銀-嘉義,2023-05-09,1034
8926,台汽電,5,0,5,土銀-嘉義,2023-05-09,1034
1584,精剛,4,0,4,土銀-嘉義,2023-05-09,1034
00712,復華富時不動產,4,0,4,土銀-嘉義,2023-05-09,1034
1734,杏輝,4,0,4,土銀-嘉義,2023-05-09,1034
1783,和康生,4,0,4,土銀-嘉義,2023-05-09,1034
1904,正隆,11,7,4,土銀-嘉義,2023-05-09,1034
2342,茂矽,4,0,4,土銀-嘉義,2023-05-09,1034
2371,大同,4,0,4,土銀-嘉義,2023-05-09,1034
2449,京元電子,4,0,4,土銀-嘉義,2023-05-09,1034
2630,亞航,5,1,4,土銀-嘉義,2023-05-09,1034
3147,大綜,4,0,4,土銀-嘉義,2023-05-09,1034
6197,佳必琪,4,0,4,土銀-嘉義,2023-05-09,1034
6244,茂迪,4,0,4,土銀-嘉義,2023-05-09,1034
2610,華航,85,2,83,土銀-嘉義,2023-05-10,1034
00637L,元大滬深300正2,45,6,39,土銀-嘉義,2023-05-10,1034
00680L,元大美債20正2,38,0,38,土銀-嘉義,2023-05-10,1034
00687B,國泰20年美債,33,0,33,土銀-嘉義,2023-05-10,1034
00878,國泰永續高股息,28,0,28,土銀-嘉義,2023-05-10,1034
2409,友達,35,14,21,土銀-嘉義,2023-05-10,1034
1101,台泥,20,0,20,土銀-嘉義,2023-05-10,1034
00665L,富邦�琤肭磪囓�2,20,0,20,土銀-嘉義,2023-05-10,1034
3042,晶技,20,0,20,土銀-嘉義,2023-05-10,1034
00772B,中信高評級公司債,24,5,19,土銀-嘉義,2023-05-10,1034
3231,緯創,41,22,19,土銀-嘉義,2023-05-10,1034
5487,通泰,19,1,18,土銀-嘉義,2023-05-10,1034
3013,晟銘電,17,0,17,土銀-嘉義,2023-05-10,1034
2402,毅嘉,16,2,14,土銀-嘉義,2023-05-10,1034
5309,系統電,14,0,14,土銀-嘉義,2023-05-10,1034
00713,元大台灣高息低波,12,0,12,土銀-嘉義,2023-05-10,1034
3363,上詮,11,0,11,土銀-嘉義,2023-05-10,1034
00893,國泰智能電動車,10,0,10,土銀-嘉義,2023-05-10,1034
5452,佶優,10,0,10,土銀-嘉義,2023-05-10,1034
6276,安鈦克,10,0,10,土銀-嘉義,2023-05-10,1034
6443,元晶,10,0,10,土銀-嘉義,2023-05-10,1034
1714,和桐,9,0,9,土銀-嘉義,2023-05-10,1034
3025,星通,12,3,9,土銀-嘉義,2023-05-10,1034
6517,保勝光學,9,0,9,土銀-嘉義,2023-05-10,1034
1605,華新,10,2,8,土銀-嘉義,2023-05-10,1034
3484,崧騰,8,0,8,土銀-嘉義,2023-05-10,1034
5351,鈺創,8,0,8,土銀-嘉義,2023-05-10,1034
6173,信昌電,8,0,8,土銀-嘉義,2023-05-10,1034
2002,中鋼,7,0,7,土銀-嘉義,2023-05-10,1034
2887,台新金,8,1,7,土銀-嘉義,2023-05-10,1034
3703,欣陸,7,0,7,土銀-嘉義,2023-05-10,1034
1904,正隆,7,1,6,土銀-嘉義,2023-05-10,1034
2423,固緯,6,0,6,土銀-嘉義,2023-05-10,1034
6770,力積電,6,0,6,土銀-嘉義,2023-05-10,1034
2208,台船,6,1,5,土銀-嘉義,2023-05-10,1034
2387,精元,5,0,5,土銀-嘉義,2023-05-10,1034
2449,京元電子,5,0,5,土銀-嘉義,2023-05-10,1034
3176,基亞,5,0,5,土銀-嘉義,2023-05-10,1034
3297,杭特,5,0,5,土銀-嘉義,2023-05-10,1034
5301,寶得利,5,0,5,土銀-嘉義,2023-05-10,1034
6191,精成科,5,0,5,土銀-嘉義,2023-05-10,1034
6203,海韻電,5,0,5,土銀-嘉義,2023-05-10,1034
6585,鼎基,5,0,5,土銀-嘉義,2023-05-10,1034
00904,新光臺灣半導體30,4,0,4,土銀-嘉義,2023-05-10,1034
1314,中石化,4,0,4,土銀-嘉義,2023-05-10,1034
1337,再生-KY,4,0,4,土銀-嘉義,2023-05-10,1034
1229,聯華,4,0,4,土銀-嘉義,2023-05-10,1034
1529,樂事綠能,4,0,4,土銀-嘉義,2023-05-10,1034
1734,杏輝,4,0,4,土銀-嘉義,2023-05-10,1034
1777,生泰,4,0,4,土銀-嘉義,2023-05-10,1034
3535,晶彩科,100,0,100,土銀-嘉義,2023-05-11,1034
1504,東元,37,9,28,土銀-嘉義,2023-05-11,1034
2618,長榮航,31,6,25,土銀-嘉義,2023-05-11,1034
9927,泰銘,24,0,24,土銀-嘉義,2023-05-11,1034
2014,中鴻,20,0,20,土銀-嘉義,2023-05-11,1034
2409,友達,29,10,19,土銀-嘉義,2023-05-11,1034
00878,國泰永續高股息,40,22,18,土銀-嘉義,2023-05-11,1034
2812,台中銀,14,0,14,土銀-嘉義,2023-05-11,1034
2312,金寶,14,0,14,土銀-嘉義,2023-05-11,1034
5009,榮剛,16,3,13,土銀-嘉義,2023-05-11,1034
6285,啟��,14,1,13,土銀-嘉義,2023-05-11,1034
2609,陽明,12,0,12,土銀-嘉義,2023-05-11,1034
2834,臺企銀,12,0,12,土銀-嘉義,2023-05-11,1034
8222,寶一,12,0,12,土銀-嘉義,2023-05-11,1034
2610,華航,18,7,11,土銀-嘉義,2023-05-11,1034
6282,康舒,15,4,11,土銀-嘉義,2023-05-11,1034
9907,統一實,11,0,11,土銀-嘉義,2023-05-11,1034
00713,元大台灣高息低波,10,0,10,土銀-嘉義,2023-05-11,1034
1219,福壽,8,0,8,土銀-嘉義,2023-05-11,1034
3703,欣陸,8,0,8,土銀-嘉義,2023-05-11,1034
4121,優盛,8,0,8,土銀-嘉義,2023-05-11,1034
1101,台泥,18,11,7,土銀-嘉義,2023-05-11,1034
3062,建漢,8,1,7,土銀-嘉義,2023-05-11,1034
4729,熒茂,7,0,7,土銀-嘉義,2023-05-11,1034
4746,台耀,7,0,7,土銀-嘉義,2023-05-11,1034
1301,台塑,6,0,6,土銀-嘉義,2023-05-11,1034
3297,杭特,6,0,6,土銀-嘉義,2023-05-11,1034
5309,系統電,7,1,6,土銀-嘉義,2023-05-11,1034
8091,翔名,6,0,6,土銀-嘉義,2023-05-11,1034
6592,和潤企業,6,0,6,土銀-嘉義,2023-05-11,1034
2066,世德,5,0,5,土銀-嘉義,2023-05-11,1034
2103,台橡,5,0,5,土銀-嘉義,2023-05-11,1034
2438,翔耀,5,0,5,土銀-嘉義,2023-05-11,1034
2542,興富發,5,0,5,土銀-嘉義,2023-05-11,1034
3024,憶聲,5,0,5,土銀-嘉義,2023-05-11,1034
3176,基亞,5,0,5,土銀-嘉義,2023-05-11,1034
3322,建舜電,5,0,5,土銀-嘉義,2023-05-11,1034
9945,潤泰新,5,0,5,土銀-嘉義,2023-05-11,1034
2317,鴻海,7,3,4,土銀-嘉義,2023-05-11,1034
00715L,期街口布蘭特正2,4,0,4,土銀-嘉義,2023-05-11,1034
00692,富邦公司治理,4,0,4,土銀-嘉義,2023-05-11,1034
00908,富邦入息REITs+,4,0,4,土銀-嘉義,2023-05-11,1034
1731,美吾華,7,3,4,土銀-嘉義,2023-05-11,1034
1605,華新,4,0,4,土銀-嘉義,2023-05-11,1034
1784,訊聯,5,1,4,土銀-嘉義,2023-05-11,1034
1810,和成,5,1,4,土銀-嘉義,2023-05-11,1034
1904,正隆,4,0,4,土銀-嘉義,2023-05-11,1034
2402,毅嘉,4,0,4,土銀-嘉義,2023-05-11,1034
2504,國產,4,0,4,土銀-嘉義,2023-05-11,1034
2615,萬海,5,1,4,土銀-嘉義,2023-05-11,1034
00687B,國泰20年美債,125,0,125,土銀-嘉義,2023-05-12,1034
00637L,元大滬深300正2,38,6,32,土銀-嘉義,2023-05-12,1034
2317,鴻海,34,2,32,土銀-嘉義,2023-05-12,1034
2801,彰銀,32,0,32,土銀-嘉義,2023-05-12,1034
2409,友達,29,0,29,土銀-嘉義,2023-05-12,1034
00715L,期街口布蘭特正2,22,0,22,土銀-嘉義,2023-05-12,1034
00632R,元大台灣50反1,20,0,20,土銀-嘉義,2023-05-12,1034
2546,根基,19,0,19,土銀-嘉義,2023-05-12,1034
2890,永豐金,18,0,18,土銀-嘉義,2023-05-12,1034
9907,統一實,16,0,16,土銀-嘉義,2023-05-12,1034
2882,國泰金,15,0,15,土銀-嘉義,2023-05-12,1034
3078,僑威,13,1,12,土銀-嘉義,2023-05-12,1034
2457,飛宏,21,11,10,土銀-嘉義,2023-05-12,1034
00713,元大台灣高息低波,10,0,10,土銀-嘉義,2023-05-12,1034
2374,佳能,10,0,10,土銀-嘉義,2023-05-12,1034
6203,海韻電,8,0,8,土銀-嘉義,2023-05-12,1034
2358,廷鑫,7,0,7,土銀-嘉義,2023-05-12,1034
3576,聯合再生,7,0,7,土銀-嘉義,2023-05-12,1034
4147,中裕,8,1,7,土銀-嘉義,2023-05-12,1034
6173,信昌電,7,0,7,土銀-嘉義,2023-05-12,1034
2354,鴻準,6,0,6,土銀-嘉義,2023-05-12,1034
2303,聯電,13,7,6,土銀-嘉義,2023-05-12,1034
1434,福懋,5,0,5,土銀-嘉義,2023-05-12,1034
2103,台橡,5,0,5,土銀-嘉義,2023-05-12,1034
2337,旺宏,5,0,5,土銀-嘉義,2023-05-12,1034
2832,台產,5,0,5,土銀-嘉義,2023-05-12,1034
4148,全宇生技-KY,5,0,5,土銀-嘉義,2023-05-12,1034
00751B,元大AAA至A公司債,4,0,4,土銀-嘉義,2023-05-12,1034
00908,富邦入息REITs+,4,0,4,土銀-嘉義,2023-05-12,1034
2630,亞航,5,1,4,土銀-嘉義,2023-05-12,1034
6782,視陽,4,0,4,土銀-嘉義,2023-05-12,1034
1752,南光,3,0,3,土銀-嘉義,2023-05-12,1034
1303,南亞,3,0,3,土銀-嘉義,2023-05-12,1034
1319,東陽,3,0,3,土銀-嘉義,2023-05-12,1034
2002,中鋼,3,0,3,土銀-嘉義,2023-05-12,1034
2330,台積電,3,0,3,土銀-嘉義,2023-05-12,1034
2356,英業達,10,7,3,土銀-嘉義,2023-05-12,1034
2913,農林,3,0,3,土銀-嘉義,2023-05-12,1034
3162,精確,3,0,3,土銀-嘉義,2023-05-12,1034
3176,基亞,3,0,3,土銀-嘉義,2023-05-12,1034
3481,群創,8,5,3,土銀-嘉義,2023-05-12,1034
5388,中磊,3,0,3,土銀-嘉義,2023-05-12,1034
6285,啟��,3,0,3,土銀-嘉義,2023-05-12,1034
8091,翔名,3,0,3,土銀-嘉義,2023-05-12,1034
8176,智捷,3,0,3,土銀-嘉義,2023-05-12,1034
8403,盛弘,3,0,3,土銀-嘉義,2023-05-12,1034
9945,潤泰新,3,0,3,土銀-嘉義,2023-05-12,1034
2885,元大金,3,0,3,土銀-嘉義,2023-05-12,1034
006208,富邦台50,3,0,3,土銀-嘉義,2023-05-12,1034
8996,高力,2,0,2,土銀-嘉義,2023-05-12,1034
00680L,元大美債20正2,53,0,53,土銀-嘉義,2023-05-15,1034
00772B,中信高評級公司債,52,0,52,土銀-嘉義,2023-05-15,1034
2883,凱基金,51,1,50,土銀-嘉義,2023-05-15,1034
00696B,富邦美債20年,30,0,30,土銀-嘉義,2023-05-15,1034
2489,瑞軒,30,0,30,土銀-嘉義,2023-05-15,1034
00878,國泰永續高股息,39,13,26,土銀-嘉義,2023-05-15,1034
2358,廷鑫,26,0,26,土銀-嘉義,2023-05-15,1034
00637L,元大滬深300正2,40,15,25,土銀-嘉義,2023-05-15,1034
00642U,期元大S＆P石油,20,0,20,土銀-嘉義,2023-05-15,1034
2022,聚亨,24,4,20,土銀-嘉義,2023-05-15,1034
2303,聯電,20,0,20,土銀-嘉義,2023-05-15,1034
3548,兆利,21,6,15,土銀-嘉義,2023-05-15,1034
3231,緯創,30,16,14,土銀-嘉義,2023-05-15,1034
1519,華城,18,7,11,土銀-嘉義,2023-05-15,1034
5009,榮剛,11,0,11,土銀-嘉義,2023-05-15,1034
00687B,國泰20年美債,10,0,10,土銀-嘉義,2023-05-15,1034
2329,華泰,10,0,10,土銀-嘉義,2023-05-15,1034
2634,漢翔,11,1,10,土銀-嘉義,2023-05-15,1034
2890,永豐金,10,0,10,土銀-嘉義,2023-05-15,1034
2317,鴻海,9,0,9,土銀-嘉義,2023-05-15,1034
4746,台耀,9,0,9,土銀-嘉義,2023-05-15,1034
1504,東元,18,10,8,土銀-嘉義,2023-05-15,1034
2402,毅嘉,8,0,8,土銀-嘉義,2023-05-15,1034
3046,建��,11,3,8,土銀-嘉義,2023-05-15,1034
1101,台泥,7,0,7,土銀-嘉義,2023-05-15,1034
6234,高僑,11,4,7,土銀-嘉義,2023-05-15,1034
00882,中信中國高股息,6,0,6,土銀-嘉義,2023-05-15,1034
2618,長榮航,7,1,6,土銀-嘉義,2023-05-15,1034
1529,樂事綠能,7,2,5,土銀-嘉義,2023-05-15,1034
1513,中興電,15,10,5,土銀-嘉義,2023-05-15,1034
00693U,期街口S＆P黃豆,5,0,5,土銀-嘉義,2023-05-15,1034
2607,榮運,5,0,5,土銀-嘉義,2023-05-15,1034
4967,十銓,17,12,5,土銀-嘉義,2023-05-15,1034
4979,華星光,5,0,5,土銀-嘉義,2023-05-15,1034
9945,潤泰新,5,0,5,土銀-嘉義,2023-05-15,1034
3105,穩懋,5,0,5,土銀-嘉義,2023-05-15,1034
00679B,元大美債20年,54,50,4,土銀-嘉義,2023-05-15,1034
1584,精剛,4,0,4,土銀-嘉義,2023-05-15,1034
3037,欣興,5,1,4,土銀-嘉義,2023-05-15,1034
3570,大塚,6,2,4,土銀-嘉義,2023-05-15,1034
4190,佐登-KY,4,0,4,土銀-嘉義,2023-05-15,1034
5283,禾聯碩,4,0,4,土銀-嘉義,2023-05-15,1034
6285,啟��,4,0,4,土銀-嘉義,2023-05-15,1034
6517,保勝光學,4,0,4,土銀-嘉義,2023-05-15,1034
8926,台汽電,4,0,4,土銀-嘉義,2023-05-15,1034
1616,億泰,3,0,3,土銀-嘉義,2023-05-15,1034
1802,台玻,3,0,3,土銀-嘉義,2023-05-15,1034
2206,三陽工業,8,5,3,土銀-嘉義,2023-05-15,1034
2438,翔耀,3,0,3,土銀-嘉義,2023-05-15,1034
2637,慧洋-KY,3,0,3,土銀-嘉義,2023-05-15,1034
00680L,元大美債20正2,428,0,428,土銀-嘉義,2023-05-16,1034
00772B,中信高評級公司債,328,0,328,土銀-嘉義,2023-05-16,1034
1802,台玻,100,0,100,土銀-嘉義,2023-05-16,1034
2610,華航,55,16,39,土銀-嘉義,2023-05-16,1034
2409,友達,22,0,22,土銀-嘉義,2023-05-16,1034
1905,華紙,20,0,20,土銀-嘉義,2023-05-16,1034
2323,中環,13,0,13,土銀-嘉義,2023-05-16,1034
2634,漢翔,15,2,13,土銀-嘉義,2023-05-16,1034
00890B,凱基ESG BBB債,12,0,12,土銀-嘉義,2023-05-16,1034
6173,信昌電,11,0,11,土銀-嘉義,2023-05-16,1034
00696B,富邦美債20年,10,0,10,土銀-嘉義,2023-05-16,1034
00751B,元大AAA至A公司債,10,0,10,土銀-嘉義,2023-05-16,1034
2801,彰銀,10,0,10,土銀-嘉義,2023-05-16,1034
3236,千如,10,0,10,土銀-嘉義,2023-05-16,1034
3363,上詮,36,26,10,土銀-嘉義,2023-05-16,1034
6698,旭暉應材,10,0,10,土銀-嘉義,2023-05-16,1034
00720B,元大投資級公司債,9,0,9,土銀-嘉義,2023-05-16,1034
1709,和益,8,0,8,土銀-嘉義,2023-05-16,1034
1609,大亞,9,1,8,土銀-嘉義,2023-05-16,1034
3624,光頡,7,0,7,土銀-嘉義,2023-05-16,1034
00679B,元大美債20年,56,50,6,土銀-嘉義,2023-05-16,1034
00693U,期街口S＆P黃豆,5,0,5,土銀-嘉義,2023-05-16,1034
1104,環泥,13,8,5,土銀-嘉義,2023-05-16,1034
00893,國泰智能電動車,5,0,5,土銀-嘉義,2023-05-16,1034
2014,中鴻,5,0,5,土銀-嘉義,2023-05-16,1034
2337,旺宏,5,0,5,土銀-嘉義,2023-05-16,1034
2349,錸德,10,5,5,土銀-嘉義,2023-05-16,1034
2387,精元,5,0,5,土銀-嘉義,2023-05-16,1034
2834,臺企銀,10,5,5,土銀-嘉義,2023-05-16,1034
3006,晶豪科,6,1,5,土銀-嘉義,2023-05-16,1034
3229,晟鈦,5,0,5,土銀-嘉義,2023-05-16,1034
3491,昇達科,5,0,5,土銀-嘉義,2023-05-16,1034
3518,柏騰,5,0,5,土銀-嘉義,2023-05-16,1034
6531,愛普*,5,0,5,土銀-嘉義,2023-05-16,1034
2421,建準,4,0,4,土銀-嘉義,2023-05-16,1034
4967,十銓,15,11,4,土銀-嘉義,2023-05-16,1034
1712,興農,3,0,3,土銀-嘉義,2023-05-16,1034
2314,台揚,3,0,3,土銀-嘉義,2023-05-16,1034
2449,京元電子,3,0,3,土銀-嘉義,2023-05-16,1034
2838,聯邦銀,3,0,3,土銀-嘉義,2023-05-16,1034
3037,欣興,4,1,3,土銀-嘉義,2023-05-16,1034
00919,群益台灣精選高息,2,0,2,土銀-嘉義,2023-05-16,1034
1219,福壽,2,0,2,土銀-嘉義,2023-05-16,1034
1504,東元,8,6,2,土銀-嘉義,2023-05-16,1034
1503,士電,7,5,2,土銀-嘉義,2023-05-16,1034
00712,復華富時不動產,2,0,2,土銀-嘉義,2023-05-16,1034
00725B,國泰投資級公司債,2,0,2,土銀-嘉義,2023-05-16,1034
1612,宏泰,3,1,2,土銀-嘉義,2023-05-16,1034
2208,台船,2,0,2,土銀-嘉義,2023-05-16,1034
2317,鴻海,7,5,2,土銀-嘉義,2023-05-16,1034
00772B,中信高評級公司債,90,0,90,土銀-嘉義,2023-05-17,1034
00680L,元大美債20正2,81,0,81,土銀-嘉義,2023-05-17,1034
00632R,元大台灣50反1,70,0,70,土銀-嘉義,2023-05-17,1034
00878,國泰永續高股息,45,16,29,土銀-嘉義,2023-05-17,1034
2022,聚亨,20,0,20,土銀-嘉義,2023-05-17,1034
00637L,元大滬深300正2,39,21,18,土銀-嘉義,2023-05-17,1034
2618,長榮航,18,1,17,土銀-嘉義,2023-05-17,1034
00687B,國泰20年美債,15,0,15,土銀-嘉義,2023-05-17,1034
2317,鴻海,18,3,15,土銀-嘉義,2023-05-17,1034
6285,啟��,16,1,15,土銀-嘉義,2023-05-17,1034
00715L,期街口布蘭特正2,14,0,14,土銀-嘉義,2023-05-17,1034
1905,華紙,14,1,13,土銀-嘉義,2023-05-17,1034
5531,鄉林,12,0,12,土銀-嘉義,2023-05-17,1034
00751B,元大AAA至A公司債,11,0,11,土銀-嘉義,2023-05-17,1034
3715,定穎投控,11,0,11,土銀-嘉義,2023-05-17,1034
00727B,國泰優選非投等債,10,0,10,土銀-嘉義,2023-05-17,1034
00720B,元大投資級公司債,10,0,10,土銀-嘉義,2023-05-17,1034
6191,精成科,10,0,10,土銀-嘉義,2023-05-17,1034
00712,復華富時不動產,9,0,9,土銀-嘉義,2023-05-17,1034
2371,大同,11,2,9,土銀-嘉義,2023-05-17,1034
3308,聯德,10,1,9,土銀-嘉義,2023-05-17,1034
00761B,國泰A級公司債,8,0,8,土銀-嘉義,2023-05-17,1034
2438,翔耀,8,0,8,土銀-嘉義,2023-05-17,1034
2885,元大金,15,7,8,土銀-嘉義,2023-05-17,1034
1104,環泥,7,0,7,土銀-嘉義,2023-05-17,1034
1101,台泥,7,0,7,土銀-嘉義,2023-05-17,1034
2630,亞航,8,1,7,土銀-嘉義,2023-05-17,1034
3207,耀勝,21,15,6,土銀-嘉義,2023-05-17,1034
1709,和益,6,0,6,土銀-嘉義,2023-05-17,1034
4114,健喬,6,0,6,土銀-嘉義,2023-05-17,1034
2103,台橡,5,0,5,土銀-嘉義,2023-05-17,1034
2387,精元,5,0,5,土銀-嘉義,2023-05-17,1034
3035,智原,5,0,5,土銀-嘉義,2023-05-17,1034
3231,緯創,15,10,5,土銀-嘉義,2023-05-17,1034
3548,兆利,5,0,5,土銀-嘉義,2023-05-17,1034
6257,矽格,5,0,5,土銀-嘉義,2023-05-17,1034
6443,元晶,8,3,5,土銀-嘉義,2023-05-17,1034
6509,聚和,5,0,5,土銀-嘉義,2023-05-17,1034
8924,大田,5,0,5,土銀-嘉義,2023-05-17,1034
2887,台新金,5,1,4,土銀-嘉義,2023-05-17,1034
3006,晶豪科,10,6,4,土銀-嘉義,2023-05-17,1034
4123,晟德,4,0,4,土銀-嘉義,2023-05-17,1034
1609,大亞,3,0,3,土銀-嘉義,2023-05-17,1034
1721,三晃,3,0,3,土銀-嘉義,2023-05-17,1034
2356,英業達,3,0,3,土銀-嘉義,2023-05-17,1034
2546,根基,4,1,3,土銀-嘉義,2023-05-17,1034
2734,易飛網,3,0,3,土銀-嘉義,2023-05-17,1034
3518,柏騰,3,0,3,土銀-嘉義,2023-05-17,1034
4919,新唐,3,0,3,土銀-嘉義,2023-05-17,1034
5225,東科-KY,3,0,3,土銀-嘉義,2023-05-17,1034
00632R,元大台灣50反1,60,0,60,土銀-嘉義,2023-05-18,1034
00713,元大台灣高息低波,20,0,20,土銀-嘉義,2023-05-18,1034
3047,訊舟,15,0,15,土銀-嘉義,2023-05-18,1034
2734,易飛網,14,1,13,土銀-嘉義,2023-05-18,1034
1504,東元,18,6,12,土銀-嘉義,2023-05-18,1034
00772B,中信高評級公司債,11,0,11,土銀-嘉義,2023-05-18,1034
1568,倉佑,10,0,10,土銀-嘉義,2023-05-18,1034
2408,南亞科,12,2,10,土銀-嘉義,2023-05-18,1034
2498,宏達電,13,3,10,土銀-嘉義,2023-05-18,1034
4541,晟田,17,7,10,土銀-嘉義,2023-05-18,1034
5310,天剛,10,0,10,土銀-嘉義,2023-05-18,1034
1584,精剛,16,7,9,土銀-嘉義,2023-05-18,1034
2887,台新金,8,1,7,土銀-嘉義,2023-05-18,1034
3548,兆利,7,0,7,土銀-嘉義,2023-05-18,1034
00720B,元大投資級公司債,6,0,6,土銀-嘉義,2023-05-18,1034
1103,嘉泥,6,0,6,土銀-嘉義,2023-05-18,1034
6285,啟��,6,0,6,土銀-嘉義,2023-05-18,1034
1101,台泥,15,10,5,土銀-嘉義,2023-05-18,1034
1591,駿吉-KY,5,0,5,土銀-嘉義,2023-05-18,1034
1616,億泰,5,0,5,土銀-嘉義,2023-05-18,1034
2719,燦星旅,5,0,5,土銀-嘉義,2023-05-18,1034
3035,智原,6,1,5,土銀-嘉義,2023-05-18,1034
3202,樺晟,5,0,5,土銀-嘉義,2023-05-18,1034
3308,聯德,5,0,5,土銀-嘉義,2023-05-18,1034
3576,聯合再生,5,0,5,土銀-嘉義,2023-05-18,1034
5388,中磊,5,0,5,土銀-嘉義,2023-05-18,1034
6198,瑞築,5,0,5,土銀-嘉義,2023-05-18,1034
8046,南電,5,0,5,土銀-嘉義,2023-05-18,1034
912000,晨訊科-DR,5,0,5,土銀-嘉義,2023-05-18,1034
2743,山富,4,0,4,土銀-嘉義,2023-05-18,1034
2890,永豐金,4,0,4,土銀-嘉義,2023-05-18,1034
8222,寶一,4,0,4,土銀-嘉義,2023-05-18,1034
8926,台汽電,6,2,4,土銀-嘉義,2023-05-18,1034
9938,百和,4,0,4,土銀-嘉義,2023-05-18,1034
1580,新麥,3,0,3,土銀-嘉義,2023-05-18,1034
00690,兆豐藍籌30,3,0,3,土銀-嘉義,2023-05-18,1034
1605,華新,6,3,3,土銀-嘉義,2023-05-18,1034
1608,華榮,3,0,3,土銀-嘉義,2023-05-18,1034
2603,長榮,6,3,3,土銀-嘉義,2023-05-18,1034
3006,晶豪科,4,1,3,土銀-嘉義,2023-05-18,1034
3046,建��,3,0,3,土銀-嘉義,2023-05-18,1034
3071,協禧,3,0,3,土銀-嘉義,2023-05-18,1034
4157,太景*-KY,3,0,3,土銀-嘉義,2023-05-18,1034
5531,鄉林,3,0,3,土銀-嘉義,2023-05-18,1034
6163,華電網,8,5,3,土銀-嘉義,2023-05-18,1034
6243,迅杰,3,0,3,土銀-嘉義,2023-05-18,1034
6266,泰詠,3,0,3,土銀-嘉義,2023-05-18,1034
6589,台康生技,3,0,3,土銀-嘉義,2023-05-18,1034
9927,泰銘,3,0,3,土銀-嘉義,2023-05-18,1034
0056,元大高股息,5,3,2,土銀-嘉義,2023-05-18,1034
00772B,中信高評級公司債,282,0,282,土銀-嘉義,2023-05-19,1034
00687B,國泰20年美債,166,0,166,土銀-嘉義,2023-05-19,1034
00637L,元大滬深300正2,54,31,23,土銀-嘉義,2023-05-19,1034
2457,飛宏,34,12,22,土銀-嘉義,2023-05-19,1034
00676R,富邦臺灣加權反1,20,0,20,土銀-嘉義,2023-05-19,1034
00712,復華富時不動產,20,0,20,土銀-嘉義,2023-05-19,1034
00882,中信中國高股息,17,0,17,土銀-嘉義,2023-05-19,1034
00715L,期街口布蘭特正2,15,0,15,土銀-嘉義,2023-05-19,1034
4744,皇將,15,3,12,土銀-嘉義,2023-05-19,1034
6111,大宇資,12,0,12,土銀-嘉義,2023-05-19,1034
1605,華新,23,12,11,土銀-嘉義,2023-05-19,1034
00890B,凱基ESG BBB債,10,0,10,土銀-嘉義,2023-05-19,1034
2634,漢翔,11,1,10,土銀-嘉義,2023-05-19,1034
3703,欣陸,10,0,10,土銀-嘉義,2023-05-19,1034
4147,中裕,12,2,10,土銀-嘉義,2023-05-19,1034
4979,華星光,10,0,10,土銀-嘉義,2023-05-19,1034
2887,台新金,11,2,9,土銀-嘉義,2023-05-19,1034
00665L,富邦�琤肭磪囓�2,68,60,8,土銀-嘉義,2023-05-19,1034
6517,保勝光學,15,7,8,土銀-嘉義,2023-05-19,1034
00727B,國泰優選非投等債,7,0,7,土銀-嘉義,2023-05-19,1034
1580,新麥,7,0,7,土銀-嘉義,2023-05-19,1034
3484,崧騰,7,0,7,土銀-嘉義,2023-05-19,1034
2409,友達,7,0,7,土銀-嘉義,2023-05-19,1034
3548,兆利,6,0,6,土銀-嘉義,2023-05-19,1034
3715,定穎投控,7,1,6,土銀-嘉義,2023-05-19,1034
1513,中興電,8,3,5,土銀-嘉義,2023-05-19,1034
1104,環泥,5,0,5,土銀-嘉義,2023-05-19,1034
1584,精剛,11,6,5,土銀-嘉義,2023-05-19,1034
1604,聲寶,5,0,5,土銀-嘉義,2023-05-19,1034
2103,台橡,5,0,5,土銀-嘉義,2023-05-19,1034
2340,台亞,5,0,5,土銀-嘉義,2023-05-19,1034
2371,大同,7,2,5,土銀-嘉義,2023-05-19,1034
3046,建��,10,5,5,土銀-嘉義,2023-05-19,1034
3118,進階,5,0,5,土銀-嘉義,2023-05-19,1034
5706,鳳凰,10,5,5,土銀-嘉義,2023-05-19,1034
6197,佳必琪,5,0,5,土銀-嘉義,2023-05-19,1034
6244,茂迪,5,0,5,土銀-嘉義,2023-05-19,1034
9927,泰銘,5,0,5,土銀-嘉義,2023-05-19,1034
9958,世紀鋼,5,0,5,土銀-嘉義,2023-05-19,1034
1101,台泥,5,0,5,土銀-嘉義,2023-05-19,1034
1609,大亞,8,4,4,土銀-嘉義,2023-05-19,1034
2402,毅嘉,5,1,4,土銀-嘉義,2023-05-19,1034
2438,翔耀,4,0,4,土銀-嘉義,2023-05-19,1034
3029,零壹,25,21,4,土銀-嘉義,2023-05-19,1034
3058,立德,4,0,4,土銀-嘉義,2023-05-19,1034
4163,鐿鈦,4,0,4,土銀-嘉義,2023-05-19,1034
5310,天剛,4,0,4,土銀-嘉義,2023-05-19,1034
00633L,富邦上証正2,6,3,3,土銀-嘉義,2023-05-19,1034
00632R,元大台灣50反1,3,0,3,土銀-嘉義,2023-05-19,1034
1219,福壽,3,0,3,土銀-嘉義,2023-05-19,1034
00637L,元大滬深300正2,205,90,115,土銀-嘉義,2023-05-22,1034
3060,銘異,50,0,50,土銀-嘉義,2023-05-22,1034
6288,聯嘉,40,0,40,土銀-嘉義,2023-05-22,1034
1528,恩德,30,0,30,土銀-嘉義,2023-05-22,1034
2371,大同,26,1,25,土銀-嘉義,2023-05-22,1034
00632R,元大台灣50反1,23,0,23,土銀-嘉義,2023-05-22,1034
2409,友達,84,62,22,土銀-嘉義,2023-05-22,1034
3025,星通,24,5,19,土銀-嘉義,2023-05-22,1034
1504,東元,21,5,16,土銀-嘉義,2023-05-22,1034
2303,聯電,18,3,15,土銀-嘉義,2023-05-22,1034
00715L,期街口布蘭特正2,15,0,15,土銀-嘉義,2023-05-22,1034
2022,聚亨,15,0,15,土銀-嘉義,2023-05-22,1034
2352,佳世達,17,2,15,土銀-嘉義,2023-05-22,1034
1714,和桐,13,0,13,土銀-嘉義,2023-05-22,1034
2412,中華電,12,0,12,土銀-嘉義,2023-05-22,1034
3703,欣陸,10,0,10,土銀-嘉義,2023-05-22,1034
3704,合勤控,10,0,10,土銀-嘉義,2023-05-22,1034
6282,康舒,12,2,10,土銀-嘉義,2023-05-22,1034
8046,南電,12,2,10,土銀-嘉義,2023-05-22,1034
8093,保銳,9,0,9,土銀-嘉義,2023-05-22,1034
5310,天剛,8,0,8,土銀-嘉義,2023-05-22,1034
6173,信昌電,8,0,8,土銀-嘉義,2023-05-22,1034
1904,正隆,7,0,7,土銀-嘉義,2023-05-22,1034
3706,神達,7,0,7,土銀-嘉義,2023-05-22,1034
5531,鄉林,10,3,7,土銀-嘉義,2023-05-22,1034
2885,元大金,6,0,6,土銀-嘉義,2023-05-22,1034
8070,長華*,6,0,6,土銀-嘉義,2023-05-22,1034
00893,國泰智能電動車,5,0,5,土銀-嘉義,2023-05-22,1034
1584,精剛,7,2,5,土銀-嘉義,2023-05-22,1034
5706,鳳凰,5,0,5,土銀-嘉義,2023-05-22,1034
6167,久正,5,0,5,土銀-嘉義,2023-05-22,1034
6285,啟��,6,1,5,土銀-嘉義,2023-05-22,1034
00751B,元大AAA至A公司債,4,0,4,土銀-嘉義,2023-05-22,1034
1711,永光,4,0,4,土銀-嘉義,2023-05-22,1034
2337,旺宏,4,0,4,土銀-嘉義,2023-05-22,1034
2739,寒舍,4,0,4,土銀-嘉義,2023-05-22,1034
4967,十銓,8,4,4,土銀-嘉義,2023-05-22,1034
1513,中興電,15,11,4,土銀-嘉義,2023-05-22,1034
1580,新麥,3,0,3,土銀-嘉義,2023-05-22,1034
1314,中石化,3,0,3,土銀-嘉義,2023-05-22,1034
1591,駿吉-KY,3,0,3,土銀-嘉義,2023-05-22,1034
1762,中化生,3,0,3,土銀-嘉義,2023-05-22,1034
2453,凌群,3,0,3,土銀-嘉義,2023-05-22,1034
4126,太醫,3,0,3,土銀-嘉義,2023-05-22,1034
4173,久裕,4,1,3,土銀-嘉義,2023-05-22,1034
4174,浩鼎,3,0,3,土銀-嘉義,2023-05-22,1034
5227,立凱-KY,3,0,3,土銀-嘉義,2023-05-22,1034
00761B,國泰A級公司債,2,0,2,土銀-嘉義,2023-05-22,1034
00753L,中信中國50正2,2,0,2,土銀-嘉義,2023-05-22,1034
1301,台塑,2,0,2,土銀-嘉義,2023-05-22,1034
00680L,元大美債20正2,127,0,127,土銀-嘉義,2023-05-23,1034
6285,啟��,83,0,83,土銀-嘉義,2023-05-23,1034
2634,漢翔,70,29,41,土銀-嘉義,2023-05-23,1034
2867,三商壽,30,0,30,土銀-嘉義,2023-05-23,1034
2344,華邦電,22,0,22,土銀-嘉義,2023-05-23,1034
1905,華紙,39,18,21,土銀-嘉義,2023-05-23,1034
3231,緯創,25,5,20,土銀-嘉義,2023-05-23,1034
2442,新美齊,17,0,17,土銀-嘉義,2023-05-23,1034
00882,中信中國高股息,13,0,13,土銀-嘉義,2023-05-23,1034
2618,長榮航,24,11,13,土銀-嘉義,2023-05-23,1034
2745,五福,13,0,13,土銀-嘉義,2023-05-23,1034
00878,國泰永續高股息,12,0,12,土銀-嘉義,2023-05-23,1034
1528,恩德,10,0,10,土銀-嘉義,2023-05-23,1034
00679B,元大美債20年,10,0,10,土銀-嘉義,2023-05-23,1034
2241,艾姆勒,10,0,10,土銀-嘉義,2023-05-23,1034
2886,兆豐金,10,0,10,土銀-嘉義,2023-05-23,1034
8422,可寧衛,10,0,10,土銀-嘉義,2023-05-23,1034
2881,富邦金,9,0,9,土銀-嘉義,2023-05-23,1034
6613,朋億*,9,0,9,土銀-嘉義,2023-05-23,1034
00687B,國泰20年美債,8,0,8,土銀-嘉義,2023-05-23,1034
3481,群創,9,1,8,土銀-嘉義,2023-05-23,1034
4938,和碩,8,0,8,土銀-嘉義,2023-05-23,1034
1529,樂事綠能,7,0,7,土銀-嘉義,2023-05-23,1034
2409,友達,7,0,7,土銀-嘉義,2023-05-23,1034
2603,長榮,7,0,7,土銀-嘉義,2023-05-23,1034
1101,台泥,6,0,6,土銀-嘉義,2023-05-23,1034
2317,鴻海,6,0,6,土銀-嘉義,2023-05-23,1034
2888,新光金,6,0,6,土銀-嘉義,2023-05-23,1034
00632R,元大台灣50反1,5,0,5,土銀-嘉義,2023-05-23,1034
1731,美吾華,5,0,5,土銀-嘉義,2023-05-23,1034
2022,聚亨,7,2,5,土銀-嘉義,2023-05-23,1034
3031,佰鴻,5,0,5,土銀-嘉義,2023-05-23,1034
3380,明泰,5,0,5,土銀-嘉義,2023-05-23,1034
5310,天剛,5,0,5,土銀-嘉義,2023-05-23,1034
5531,鄉林,5,0,5,土銀-嘉義,2023-05-23,1034
6116,彩晶,5,0,5,土銀-嘉義,2023-05-23,1034
6142,友勁,5,0,5,土銀-嘉義,2023-05-23,1034
1504,東元,11,7,4,土銀-嘉義,2023-05-23,1034
1604,聲寶,5,1,4,土銀-嘉義,2023-05-23,1034
00665L,富邦�琤肭磪囓�2,4,0,4,土銀-嘉義,2023-05-23,1034
2371,大同,4,0,4,土銀-嘉義,2023-05-23,1034
2884,玉山金,5,1,4,土銀-嘉義,2023-05-23,1034
3013,晟銘電,7,3,4,土銀-嘉義,2023-05-23,1034
3205,佰研,4,0,4,土銀-嘉義,2023-05-23,1034
4541,晟田,4,0,4,土銀-嘉義,2023-05-23,1034
5009,榮剛,6,2,4,土銀-嘉義,2023-05-23,1034
6288,聯嘉,9,5,4,土銀-嘉義,2023-05-23,1034
5222,全訊,5,1,4,土銀-嘉義,2023-05-23,1034
00885,富邦越南,5,2,3,土銀-嘉義,2023-05-23,1034
2027,大成鋼,24,21,3,土銀-嘉義,2023-05-23,1034
00679B,元大美債20年,79,0,79,土銀-嘉義,2023-05-24,1034
00637L,元大滬深300正2,48,1,47,土銀-嘉義,2023-05-24,1034
00882,中信中國高股息,42,0,42,土銀-嘉義,2023-05-24,1034
2888,新光金,37,10,27,土銀-嘉義,2023-05-24,1034
00715L,期街口布蘭特正2,24,0,24,土銀-嘉義,2023-05-24,1034
3078,僑威,29,11,18,土銀-嘉義,2023-05-24,1034
1711,永光,15,0,15,土銀-嘉義,2023-05-24,1034
00772B,中信高評級公司債,12,0,12,土銀-嘉義,2023-05-24,1034
00665L,富邦�琤肭磪囓�2,62,50,12,土銀-嘉義,2023-05-24,1034
2886,兆豐金,12,0,12,土銀-嘉義,2023-05-24,1034
2402,毅嘉,16,5,11,土銀-嘉義,2023-05-24,1034
2509,全坤建,10,0,10,土銀-嘉義,2023-05-24,1034
2537,聯上發,10,0,10,土銀-嘉義,2023-05-24,1034
2892,第一金,10,0,10,土銀-嘉義,2023-05-24,1034
3032,偉訓,10,0,10,土銀-嘉義,2023-05-24,1034
6446,藥華藥,10,0,10,土銀-嘉義,2023-05-24,1034
00751B,元大AAA至A公司債,7,0,7,土銀-嘉義,2023-05-24,1034
00878,國泰永續高股息,9,2,7,土銀-嘉義,2023-05-24,1034
00633L,富邦上証正2,15,8,7,土銀-嘉義,2023-05-24,1034
2453,凌群,7,0,7,土銀-嘉義,2023-05-24,1034
2881,富邦金,7,0,7,土銀-嘉義,2023-05-24,1034
4564,元翎,12,5,7,土銀-嘉義,2023-05-24,1034
2027,大成鋼,6,0,6,土銀-嘉義,2023-05-24,1034
3037,欣興,6,0,6,土銀-嘉義,2023-05-24,1034
3147,大綜,6,0,6,土銀-嘉義,2023-05-24,1034
5410,國眾,6,0,6,土銀-嘉義,2023-05-24,1034
6173,信昌電,6,0,6,土銀-嘉義,2023-05-24,1034
6234,高僑,13,7,6,土銀-嘉義,2023-05-24,1034
1504,東元,11,6,5,土銀-嘉義,2023-05-24,1034
1101,台泥,5,0,5,土銀-嘉義,2023-05-24,1034
2206,三陽工業,7,2,5,土銀-嘉義,2023-05-24,1034
2704,國賓,5,0,5,土銀-嘉義,2023-05-24,1034
2706,第一店,6,1,5,土銀-嘉義,2023-05-24,1034
6416,瑞祺電通,5,0,5,土銀-嘉義,2023-05-24,1034
1326,台化,4,0,4,土銀-嘉義,2023-05-24,1034
3046,建��,4,0,4,土銀-嘉義,2023-05-24,1034
4155,訊映,5,1,4,土銀-嘉義,2023-05-24,1034
1444,力麗,3,0,3,土銀-嘉義,2023-05-24,1034
00893,國泰智能電動車,5,2,3,土銀-嘉義,2023-05-24,1034
00650L,復華香港正2,3,0,3,土銀-嘉義,2023-05-24,1034
1760,寶齡富錦,3,0,3,土銀-嘉義,2023-05-24,1034
2314,台揚,3,0,3,土銀-嘉義,2023-05-24,1034
2605,新興,5,2,3,土銀-嘉義,2023-05-24,1034
2884,玉山金,3,0,3,土銀-嘉義,2023-05-24,1034
3548,兆利,6,3,3,土銀-嘉義,2023-05-24,1034
3558,神準,3,0,3,土銀-嘉義,2023-05-24,1034
5706,鳳凰,7,4,3,土銀-嘉義,2023-05-24,1034
6111,大宇資,3,0,3,土銀-嘉義,2023-05-24,1034
6245,立端,5,2,3,土銀-嘉義,2023-05-24,1034
6285,啟��,6,3,3,土銀-嘉義,2023-05-24,1034
00772B,中信高評級公司債,194,0,194,土銀-嘉義,2023-05-25,1034
00665L,富邦�琤肭磪囓�2,254,150,104,土銀-嘉義,2023-05-25,1034
00679B,元大美債20年,58,0,58,土銀-嘉義,2023-05-25,1034
00637L,元大滬深300正2,41,0,41,土銀-嘉義,2023-05-25,1034
00891,中信關鍵半導體,40,0,40,土銀-嘉義,2023-05-25,1034
2303,聯電,35,1,34,土銀-嘉義,2023-05-25,1034
00632R,元大台灣50反1,30,0,30,土銀-嘉義,2023-05-25,1034
00882,中信中國高股息,30,0,30,土銀-嘉義,2023-05-25,1034
2610,華航,53,24,29,土銀-嘉義,2023-05-25,1034
2002,中鋼,28,0,28,土銀-嘉義,2023-05-25,1034
1605,華新,24,0,24,土銀-嘉義,2023-05-25,1034
1529,樂事綠能,21,0,21,土銀-嘉義,2023-05-25,1034
6015,宏遠證,20,0,20,土銀-嘉義,2023-05-25,1034
8227,巨有科技,16,0,16,土銀-嘉義,2023-05-25,1034
2888,新光金,14,0,14,土銀-嘉義,2023-05-25,1034
00687B,國泰20年美債,13,0,13,土銀-嘉義,2023-05-25,1034
4744,皇將,13,0,13,土銀-嘉義,2023-05-25,1034
2706,第一店,12,0,12,土銀-嘉義,2023-05-25,1034
3078,僑威,12,0,12,土銀-嘉義,2023-05-25,1034
6446,藥華藥,12,0,12,土銀-嘉義,2023-05-25,1034
1504,東元,14,3,11,土銀-嘉義,2023-05-25,1034
00712,復華富時不動產,13,2,11,土銀-嘉義,2023-05-25,1034
1785,光洋科,10,0,10,土銀-嘉義,2023-05-25,1034
2317,鴻海,10,0,10,土銀-嘉義,2023-05-25,1034
5364,力麗店,10,0,10,土銀-嘉義,2023-05-25,1034
5464,霖宏,10,0,10,土銀-嘉義,2023-05-25,1034
6153,嘉聯益,10,0,10,土銀-嘉義,2023-05-25,1034
2834,臺企銀,9,0,9,土銀-嘉義,2023-05-25,1034
3363,上詮,9,1,8,土銀-嘉義,2023-05-25,1034
4147,中裕,8,0,8,土銀-嘉義,2023-05-25,1034
00680L,元大美債20正2,7,0,7,土銀-嘉義,2023-05-25,1034
2887,台新金,7,0,7,土銀-嘉義,2023-05-25,1034
3548,兆利,7,0,7,土銀-嘉義,2023-05-25,1034
1101,台泥,6,0,6,土銀-嘉義,2023-05-25,1034
00650L,復華香港正2,6,0,6,土銀-嘉義,2023-05-25,1034
1720,生達,6,0,6,土銀-嘉義,2023-05-25,1034
2105,正新,6,0,6,土銀-嘉義,2023-05-25,1034
2603,長榮,6,0,6,土銀-嘉義,2023-05-25,1034
2605,新興,6,0,6,土銀-嘉義,2023-05-25,1034
2883,凱基金,6,0,6,土銀-嘉義,2023-05-25,1034
2911,麗嬰房,6,0,6,土銀-嘉義,2023-05-25,1034
3029,零壹,8,2,6,土銀-嘉義,2023-05-25,1034
3046,建��,6,0,6,土銀-嘉義,2023-05-25,1034
00751B,元大AAA至A公司債,5,0,5,土銀-嘉義,2023-05-25,1034
00725B,國泰投資級公司債,5,0,5,土銀-嘉義,2023-05-25,1034
00633L,富邦上証正2,20,15,5,土銀-嘉義,2023-05-25,1034
0061,元大寶滬深,5,0,5,土銀-嘉義,2023-05-25,1034
1219,福壽,5,0,5,土銀-嘉義,2023-05-25,1034
00878,國泰永續高股息,12,7,5,土銀-嘉義,2023-05-25,1034
2457,飛宏,12,7,5,土銀-嘉義,2023-05-25,1034
00878,國泰永續高股息,65,7,58,土銀-嘉義,2023-05-26,1034
00637L,元大滬深300正2,39,1,38,土銀-嘉義,2023-05-26,1034
2484,希華,34,0,34,土銀-嘉義,2023-05-26,1034
2409,友達,31,0,31,土銀-嘉義,2023-05-26,1034
00715L,期街口布蘭特正2,40,10,30,土銀-嘉義,2023-05-26,1034
2618,長榮航,51,23,28,土銀-嘉義,2023-05-26,1034
00679B,元大美債20年,28,2,26,土銀-嘉義,2023-05-26,1034
00882,中信中國高股息,21,1,20,土銀-嘉義,2023-05-26,1034
00712,復華富時不動產,21,1,20,土銀-嘉義,2023-05-26,1034
2701,萬企,20,0,20,土銀-嘉義,2023-05-26,1034
2317,鴻海,20,3,17,土銀-嘉義,2023-05-26,1034
2883,凱基金,15,0,15,土銀-嘉義,2023-05-26,1034
2356,英業達,20,7,13,土銀-嘉義,2023-05-26,1034
2630,亞航,15,2,13,土銀-嘉義,2023-05-26,1034
6282,康舒,12,0,12,土銀-嘉義,2023-05-26,1034
1460,宏遠,11,0,11,土銀-嘉義,2023-05-26,1034
00772B,中信高評級公司債,11,0,11,土銀-嘉義,2023-05-26,1034
5310,天剛,11,0,11,土銀-嘉義,2023-05-26,1034
00680L,元大美債20正2,10,0,10,土銀-嘉義,2023-05-26,1034
2349,錸德,10,0,10,土銀-嘉義,2023-05-26,1034
2706,第一店,10,0,10,土銀-嘉義,2023-05-26,1034
2867,三商壽,10,0,10,土銀-嘉義,2023-05-26,1034
3041,揚智,10,0,10,土銀-嘉義,2023-05-26,1034
3176,基亞,10,0,10,土銀-嘉義,2023-05-26,1034
3432,台端,10,0,10,土銀-嘉義,2023-05-26,1034
3703,欣陸,10,0,10,土銀-嘉義,2023-05-26,1034
5464,霖宏,10,0,10,土銀-嘉義,2023-05-26,1034
6164,華興,10,0,10,土銀-嘉義,2023-05-26,1034
6285,啟��,11,1,10,土銀-嘉義,2023-05-26,1034
2884,玉山金,10,0,10,土銀-嘉義,2023-05-26,1034
2105,正新,10,1,9,土銀-嘉義,2023-05-26,1034
1904,正隆,7,0,7,土銀-嘉義,2023-05-26,1034
6589,台康生技,7,0,7,土銀-嘉義,2023-05-26,1034
2340,台亞,6,0,6,土銀-嘉義,2023-05-26,1034
2376,技嘉,27,21,6,土銀-嘉義,2023-05-26,1034
2382,廣達,17,11,6,土銀-嘉義,2023-05-26,1034
2388,威盛,6,0,6,土銀-嘉義,2023-05-26,1034
2606,裕民,7,1,6,土銀-嘉義,2023-05-26,1034
2705,六福,6,0,6,土銀-嘉義,2023-05-26,1034
3483,力致,8,2,6,土銀-嘉義,2023-05-26,1034
3715,定穎投控,6,0,6,土銀-嘉義,2023-05-26,1034
4536,拓凱,6,0,6,土銀-嘉義,2023-05-26,1034
8038,長園科,10,4,6,土銀-嘉義,2023-05-26,1034
1313,聯成,5,0,5,土銀-嘉義,2023-05-26,1034
1519,華城,5,0,5,土銀-嘉義,2023-05-26,1034
00885,富邦越南,5,0,5,土銀-嘉義,2023-05-26,1034
1714,和桐,5,0,5,土銀-嘉義,2023-05-26,1034
1731,美吾華,5,0,5,土銀-嘉義,2023-05-26,1034
2352,佳世達,5,0,5,土銀-嘉義,2023-05-26,1034
2368,金像電,6,1,5,土銀-嘉義,2023-05-26,1034
0056,元大高股息,139,9,130,土銀-嘉義,2023-05-29,1034
1409,新纖,100,0,100,土銀-嘉義,2023-05-29,1034
5328,華容,46,0,46,土銀-嘉義,2023-05-29,1034
00637L,元大滬深300正2,37,1,36,土銀-嘉義,2023-05-29,1034
2489,瑞軒,54,20,34,土銀-嘉義,2023-05-29,1034
3013,晟銘電,31,1,30,土銀-嘉義,2023-05-29,1034
2618,長榮航,86,58,28,土銀-嘉義,2023-05-29,1034
00713,元大台灣高息低波,21,0,21,土銀-嘉義,2023-05-29,1034
3484,崧騰,18,0,18,土銀-嘉義,2023-05-29,1034
2317,鴻海,32,15,17,土銀-嘉義,2023-05-29,1034
3231,緯創,64,47,17,土銀-嘉義,2023-05-29,1034
3037,欣興,16,1,15,土銀-嘉義,2023-05-29,1034
1316,上曜,14,0,14,土銀-嘉義,2023-05-29,1034
00882,中信中國高股息,19,5,14,土銀-嘉義,2023-05-29,1034
2845,遠東銀,14,0,14,土銀-嘉義,2023-05-29,1034
1608,華榮,16,3,13,土銀-嘉義,2023-05-29,1034
2034,允強,11,0,11,土銀-嘉義,2023-05-29,1034
00679B,元大美債20年,11,0,11,土銀-嘉義,2023-05-29,1034
00892,富邦台灣半導體,10,0,10,土銀-嘉義,2023-05-29,1034
00891,中信關鍵半導體,10,0,10,土銀-嘉義,2023-05-29,1034
00772B,中信高評級公司債,10,0,10,土銀-嘉義,2023-05-29,1034
00680L,元大美債20正2,10,0,10,土銀-嘉義,2023-05-29,1034
1584,精剛,10,0,10,土銀-嘉義,2023-05-29,1034
3615,安可,10,0,10,土銀-嘉義,2023-05-29,1034
4130,健亞,10,0,10,土銀-嘉義,2023-05-29,1034
4979,華星光,11,1,10,土銀-嘉義,2023-05-29,1034
1460,宏遠,10,1,9,土銀-嘉義,2023-05-29,1034
00712,復華富時不動產,9,0,9,土銀-嘉義,2023-05-29,1034
4744,皇將,8,0,8,土銀-嘉義,2023-05-29,1034
2352,佳世達,11,4,7,土銀-嘉義,2023-05-29,1034
00878,國泰永續高股息,8,1,7,土銀-嘉義,2023-05-29,1034
1731,美吾華,7,0,7,土銀-嘉義,2023-05-29,1034
2453,凌群,7,0,7,土銀-嘉義,2023-05-29,1034
8046,南電,6,0,6,土銀-嘉義,2023-05-29,1034
2002,中鋼,8,2,6,土銀-嘉義,2023-05-29,1034
3078,僑威,15,9,6,土銀-嘉義,2023-05-29,1034
3162,精確,6,0,6,土銀-嘉義,2023-05-29,1034
3265,台星科,11,5,6,土銀-嘉義,2023-05-29,1034
1234,黑松,5,0,5,土銀-嘉義,2023-05-29,1034
00725B,國泰投資級公司債,5,0,5,土銀-嘉義,2023-05-29,1034
2337,旺宏,5,0,5,土銀-嘉義,2023-05-29,1034
2641,正德,5,0,5,土銀-嘉義,2023-05-29,1034
3092,鴻碩,5,0,5,土銀-嘉義,2023-05-29,1034
3540,曜越,5,0,5,土銀-嘉義,2023-05-29,1034
8069,元太,5,0,5,土銀-嘉義,2023-05-29,1034
8150,南茂,5,0,5,土銀-嘉義,2023-05-29,1034
1709,和益,4,0,4,土銀-嘉義,2023-05-29,1034
2323,中環,4,0,4,土銀-嘉義,2023-05-29,1034
2376,技嘉,16,12,4,土銀-嘉義,2023-05-29,1034
2801,彰銀,4,0,4,土銀-嘉義,2023-05-29,1034
00713,元大台灣高息低波,70,2,68,土銀-嘉義,2023-05-30,1034
2883,凱基金,38,5,33,土銀-嘉義,2023-05-30,1034
00715L,期街口布蘭特正2,30,0,30,土銀-嘉義,2023-05-30,1034
3308,聯德,28,0,28,土銀-嘉義,2023-05-30,1034
5310,天剛,28,0,28,土銀-嘉義,2023-05-30,1034
2409,友達,28,2,26,土銀-嘉義,2023-05-30,1034
2618,長榮航,49,25,24,土銀-嘉義,2023-05-30,1034
0056,元大高股息,31,8,23,土銀-嘉義,2023-05-30,1034
2356,英業達,26,4,22,土銀-嘉義,2023-05-30,1034
1605,華新,20,0,20,土銀-嘉義,2023-05-30,1034
3025,星通,20,0,20,土銀-嘉義,2023-05-30,1034
3625,西勝,20,0,20,土銀-嘉義,2023-05-30,1034
00637L,元大滬深300正2,18,0,18,土銀-嘉義,2023-05-30,1034
0061,元大寶滬深,17,0,17,土銀-嘉義,2023-05-30,1034
00882,中信中國高股息,15,0,15,土銀-嘉義,2023-05-30,1034
2412,中華電,14,0,14,土銀-嘉義,2023-05-30,1034
00712,復華富時不動產,12,0,12,土銀-嘉義,2023-05-30,1034
3362,先進光,13,1,12,土銀-嘉義,2023-05-30,1034
00893,國泰智能電動車,10,0,10,土銀-嘉義,2023-05-30,1034
2002,中鋼,10,0,10,土銀-嘉義,2023-05-30,1034
2801,彰銀,10,0,10,土銀-嘉義,2023-05-30,1034
6282,康舒,14,4,10,土銀-嘉義,2023-05-30,1034
6613,朋億*,10,0,10,土銀-嘉義,2023-05-30,1034
6285,啟��,9,0,9,土銀-嘉義,2023-05-30,1034
2444,兆勁,8,0,8,土銀-嘉義,2023-05-30,1034
2834,臺企銀,8,0,8,土銀-嘉義,2023-05-30,1034
2388,威盛,7,0,7,土銀-嘉義,2023-05-30,1034
4174,浩鼎,8,1,7,土銀-嘉義,2023-05-30,1034
9907,統一實,8,1,7,土銀-嘉義,2023-05-30,1034
1210,大成,6,0,6,土銀-嘉義,2023-05-30,1034
1905,華紙,6,0,6,土銀-嘉義,2023-05-30,1034
6235,華孚,14,8,6,土銀-嘉義,2023-05-30,1034
8033,雷虎,6,0,6,土銀-嘉義,2023-05-30,1034
1326,台化,5,0,5,土銀-嘉義,2023-05-30,1034
00900,富邦特選高股息30,5,0,5,土銀-嘉義,2023-05-30,1034
1219,福壽,5,0,5,土銀-嘉義,2023-05-30,1034
1316,上曜,5,0,5,土銀-嘉義,2023-05-30,1034
00665L,富邦�琤肭磪囓�2,6,1,5,土銀-嘉義,2023-05-30,1034
1731,美吾華,5,0,5,土銀-嘉義,2023-05-30,1034
2103,台橡,5,0,5,土銀-嘉義,2023-05-30,1034
2352,佳世達,11,6,5,土銀-嘉義,2023-05-30,1034
2371,大同,39,34,5,土銀-嘉義,2023-05-30,1034
2382,廣達,6,1,5,土銀-嘉義,2023-05-30,1034
5469,瀚宇博,5,0,5,土銀-嘉義,2023-05-30,1034
6125,廣運,10,5,5,土銀-嘉義,2023-05-30,1034
2423,固緯,5,1,4,土銀-嘉義,2023-05-30,1034
6197,佳必琪,5,1,4,土銀-嘉義,2023-05-30,1034
6531,愛普*,10,6,4,土銀-嘉義,2023-05-30,1034
8289,泰藝,4,0,4,土銀-嘉義,2023-05-30,1034
00650L,復華香港正2,3,0,3,土銀-嘉義,2023-05-30,1034
00642U,期元大S＆P石油,55,0,55,土銀-嘉義,2023-05-31,1034
1409,新纖,50,0,50,土銀-嘉義,2023-05-31,1034
00679B,元大美債20年,50,0,50,土銀-嘉義,2023-05-31,1034
00712,復華富時不動產,50,2,48,土銀-嘉義,2023-05-31,1034
00715L,期街口布蘭特正2,35,0,35,土銀-嘉義,2023-05-31,1034
2883,凱基金,27,0,27,土銀-嘉義,2023-05-31,1034
2457,飛宏,33,7,26,土銀-嘉義,2023-05-31,1034
1314,中石化,20,0,20,土銀-嘉義,2023-05-31,1034
00637L,元大滬深300正2,28,13,15,土銀-嘉義,2023-05-31,1034
2328,廣宇,22,7,15,土銀-嘉義,2023-05-31,1034
2382,廣達,15,1,14,土銀-嘉義,2023-05-31,1034
1101,台泥,12,0,12,土銀-嘉義,2023-05-31,1034
1210,大成,11,0,11,土銀-嘉義,2023-05-31,1034
00878,國泰永續高股息,22,11,11,土銀-嘉義,2023-05-31,1034
00665L,富邦�琤肭磪囓�2,10,0,10,土銀-嘉義,2023-05-31,1034
3205,佰研,10,0,10,土銀-嘉義,2023-05-31,1034
3540,曜越,10,0,10,土銀-嘉義,2023-05-31,1034
00882,中信中國高股息,10,1,9,土銀-嘉義,2023-05-31,1034
2402,毅嘉,10,1,9,土銀-嘉義,2023-05-31,1034
2801,彰銀,9,0,9,土銀-嘉義,2023-05-31,1034
3059,華晶科,10,1,9,土銀-嘉義,2023-05-31,1034
2603,長榮,8,0,8,土銀-嘉義,2023-05-31,1034
5302,太欣,8,0,8,土銀-嘉義,2023-05-31,1034
8088,品安,12,4,8,土銀-嘉義,2023-05-31,1034
1444,力麗,7,0,7,土銀-嘉義,2023-05-31,1034
00650L,復華香港正2,7,0,7,土銀-嘉義,2023-05-31,1034
3706,神達,16,9,7,土銀-嘉義,2023-05-31,1034
2605,新興,6,0,6,土銀-嘉義,2023-05-31,1034
4908,前鼎,6,0,6,土銀-嘉義,2023-05-31,1034
1907,永豐餘,5,0,5,土銀-嘉義,2023-05-31,1034
3037,欣興,7,2,5,土銀-嘉義,2023-05-31,1034
3038,全台,5,0,5,土銀-嘉義,2023-05-31,1034
3041,揚智,5,0,5,土銀-嘉義,2023-05-31,1034
4566,時碩工業,5,0,5,土銀-嘉義,2023-05-31,1034
4916,事欣科,5,0,5,土銀-嘉義,2023-05-31,1034
5310,天剛,5,0,5,土銀-嘉義,2023-05-31,1034
6485,點序,5,0,5,土銀-嘉義,2023-05-31,1034
9943,好樂迪,5,0,5,土銀-嘉義,2023-05-31,1034
2885,元大金,7,2,5,土銀-嘉義,2023-05-31,1034
2834,臺企銀,4,0,4,土銀-嘉義,2023-05-31,1034
4155,訊映,4,0,4,土銀-嘉義,2023-05-31,1034
5289,宜鼎,8,4,4,土銀-嘉義,2023-05-31,1034
1608,華榮,3,0,3,土銀-嘉義,2023-05-31,1034
1802,台玻,3,0,3,土銀-嘉義,2023-05-31,1034
2324,仁寶,4,1,3,土銀-嘉義,2023-05-31,1034
2453,凌群,3,0,3,土銀-嘉義,2023-05-31,1034
2886,兆豐金,3,0,3,土銀-嘉義,2023-05-31,1034
3520,華盈,3,0,3,土銀-嘉義,2023-05-31,1034
3537,堡達,3,0,3,土銀-嘉義,2023-05-31,1034
3679,新至陞,3,0,3,土銀-嘉義,2023-05-31,1034
00637L,元大滬深300正2,706,326,380,土銀-嘉義,2023-06-01,1034
2610,華航,167,68,99,土銀-嘉義,2023-06-01,1034
1605,華新,56,0,56,土銀-嘉義,2023-06-01,1034
6015,宏遠證,40,1,39,土銀-嘉義,2023-06-01,1034
2867,三商壽,35,0,35,土銀-嘉義,2023-06-01,1034
2427,三商電,29,0,29,土銀-嘉義,2023-06-01,1034
00642U,期元大S＆P石油,25,0,25,土銀-嘉義,2023-06-01,1034
2504,國產,30,10,20,土銀-嘉義,2023-06-01,1034
00715L,期街口布蘭特正2,19,0,19,土銀-嘉義,2023-06-01,1034
2489,瑞軒,36,17,19,土銀-嘉義,2023-06-01,1034
2539,櫻花建,18,0,18,土銀-嘉義,2023-06-01,1034
00882,中信中國高股息,17,0,17,土銀-嘉義,2023-06-01,1034
4564,元翎,18,1,17,土銀-嘉義,2023-06-01,1034
2371,大同,28,12,16,土銀-嘉義,2023-06-01,1034
00675L,富邦臺灣加權正2,13,0,13,土銀-嘉義,2023-06-01,1034
3037,欣興,13,0,13,土銀-嘉義,2023-06-01,1034
1519,華城,15,3,12,土銀-嘉義,2023-06-01,1034
2303,聯電,13,1,12,土銀-嘉義,2023-06-01,1034
1609,大亞,12,1,11,土銀-嘉義,2023-06-01,1034
2323,中環,21,10,11,土銀-嘉義,2023-06-01,1034
5328,華容,11,0,11,土銀-嘉義,2023-06-01,1034
2206,三陽工業,19,9,10,土銀-嘉義,2023-06-01,1034
2353,宏��,10,0,10,土銀-嘉義,2023-06-01,1034
3715,定穎投控,10,0,10,土銀-嘉義,2023-06-01,1034
4956,光鋐,10,0,10,土銀-嘉義,2023-06-01,1034
6190,萬泰科,11,1,10,土銀-嘉義,2023-06-01,1034
2882,國泰金,9,0,9,土銀-嘉義,2023-06-01,1034
2412,中華電,8,0,8,土銀-嘉義,2023-06-01,1034
2801,彰銀,8,0,8,土銀-嘉義,2023-06-01,1034
4510,高鋒,7,0,7,土銀-嘉義,2023-06-01,1034
5706,鳳凰,15,8,7,土銀-嘉義,2023-06-01,1034
3231,緯創,34,28,6,土銀-嘉義,2023-06-01,1034
00679B,元大美債20年,6,0,6,土銀-嘉義,2023-06-01,1034
2634,漢翔,6,0,6,土銀-嘉義,2023-06-01,1034
2748,雲品,6,0,6,土銀-嘉義,2023-06-01,1034
1709,和益,5,0,5,土銀-嘉義,2023-06-01,1034
1219,福壽,5,0,5,土銀-嘉義,2023-06-01,1034
1733,五鼎,5,0,5,土銀-嘉義,2023-06-01,1034
2603,長榮,5,0,5,土銀-嘉義,2023-06-01,1034
2892,第一金,5,0,5,土銀-嘉義,2023-06-01,1034
6235,華孚,7,3,4,土銀-嘉義,2023-06-01,1034
1513,中興電,4,0,4,土銀-嘉義,2023-06-01,1034
1503,士電,5,1,4,土銀-嘉義,2023-06-01,1034
2201,裕隆,6,2,4,土銀-嘉義,2023-06-01,1034
2501,國建,4,0,4,土銀-嘉義,2023-06-01,1034
2885,元大金,4,0,4,土銀-嘉義,2023-06-01,1034
3540,曜越,4,0,4,土銀-嘉義,2023-06-01,1034
4174,浩鼎,4,0,4,土銀-嘉義,2023-06-01,1034
6125,廣運,4,0,4,土銀-嘉義,2023-06-01,1034
00878,國泰永續高股息,4,0,4,土銀-嘉義,2023-06-01,1034
2610,華航,206,35,171,土銀-嘉義,2023-06-02,1034
3088,艾訊,51,0,51,土銀-嘉義,2023-06-02,1034
00679B,元大美債20年,50,0,50,土銀-嘉義,2023-06-02,1034
2618,長榮航,63,16,47,土銀-嘉義,2023-06-02,1034
00882,中信中國高股息,40,0,40,土銀-嘉義,2023-06-02,1034
6015,宏遠證,40,1,39,土銀-嘉義,2023-06-02,1034
2427,三商電,30,0,30,土銀-嘉義,2023-06-02,1034
2884,玉山金,31,3,28,土銀-嘉義,2023-06-02,1034
2303,聯電,34,13,21,土銀-嘉義,2023-06-02,1034
00919,群益台灣精選高息,21,0,21,土銀-嘉義,2023-06-02,1034
00892,富邦台灣半導體,20,0,20,土銀-嘉義,2023-06-02,1034
00881,國泰台灣5G+,20,0,20,土銀-嘉義,2023-06-02,1034
00830,國泰費城半導體,20,0,20,土銀-嘉義,2023-06-02,1034
1810,和成,20,0,20,土銀-嘉義,2023-06-02,1034
6167,久正,20,2,18,土銀-嘉義,2023-06-02,1034
2337,旺宏,18,1,17,土銀-嘉義,2023-06-02,1034
3231,緯創,37,22,15,土銀-嘉義,2023-06-02,1034
5310,天剛,15,0,15,土銀-嘉義,2023-06-02,1034
3047,訊舟,14,0,14,土銀-嘉義,2023-06-02,1034
2317,鴻海,22,9,13,土銀-嘉義,2023-06-02,1034
6111,大宇資,13,0,13,土銀-嘉義,2023-06-02,1034
00712,復華富時不動產,12,0,12,土銀-嘉義,2023-06-02,1034
3025,星通,13,1,12,土銀-嘉義,2023-06-02,1034
2701,萬企,11,0,11,土銀-嘉義,2023-06-02,1034
5488,松普,11,0,11,土銀-嘉義,2023-06-02,1034
1907,永豐餘,11,0,11,土銀-嘉義,2023-06-02,1034
00632R,元大台灣50反1,10,0,10,土銀-嘉義,2023-06-02,1034
00701,國泰股利精選30,10,0,10,土銀-嘉義,2023-06-02,1034
2484,希華,10,0,10,土銀-嘉義,2023-06-02,1034
2497,怡利電,10,0,10,土銀-嘉義,2023-06-02,1034
2706,第一店,11,1,10,土銀-嘉義,2023-06-02,1034
3703,欣陸,10,0,10,土銀-嘉義,2023-06-02,1034
6161,捷波,10,0,10,土銀-嘉義,2023-06-02,1034
6173,信昌電,10,0,10,土銀-嘉義,2023-06-02,1034
2331,精英,10,1,9,土銀-嘉義,2023-06-02,1034
8112,至上,10,1,9,土銀-嘉義,2023-06-02,1034
1727,中華化,8,0,8,土銀-嘉義,2023-06-02,1034
3706,神達,11,3,8,土銀-嘉義,2023-06-02,1034
2371,大同,32,25,7,土銀-嘉義,2023-06-02,1034
2734,易飛網,8,1,7,土銀-嘉義,2023-06-02,1034
3363,上詮,12,5,7,土銀-嘉義,2023-06-02,1034
2892,第一金,6,0,6,土銀-嘉義,2023-06-02,1034
3031,佰鴻,6,0,6,土銀-嘉義,2023-06-02,1034
4121,優盛,6,0,6,土銀-嘉義,2023-06-02,1034
8222,寶一,6,0,6,土銀-嘉義,2023-06-02,1034
1210,大成,5,0,5,土銀-嘉義,2023-06-02,1034
1104,環泥,5,0,5,土銀-嘉義,2023-06-02,1034
1319,東陽,5,0,5,土銀-嘉義,2023-06-02,1034
00687B,國泰20年美債,5,0,5,土銀-嘉義,2023-06-02,1034
2359,所羅門,5,0,5,土銀-嘉義,2023-06-02,1034
2489,瑞軒,84,10,74,土銀-嘉義,2023-06-05,1034
1605,華新,59,9,50,土銀-嘉義,2023-06-05,1034
2353,宏��,47,2,45,土銀-嘉義,2023-06-05,1034
2382,廣達,29,3,26,土銀-嘉義,2023-06-05,1034
2457,飛宏,34,9,25,土銀-嘉義,2023-06-05,1034
2344,華邦電,33,9,24,土銀-嘉義,2023-06-05,1034
2885,元大金,24,0,24,土銀-嘉義,2023-06-05,1034
2634,漢翔,25,2,23,土銀-嘉義,2023-06-05,1034
5328,華容,23,0,23,土銀-嘉義,2023-06-05,1034
00878,國泰永續高股息,24,2,22,土銀-嘉義,2023-06-05,1034
1711,永光,26,4,22,土銀-嘉義,2023-06-05,1034
00885,富邦越南,20,0,20,土銀-嘉義,2023-06-05,1034
1714,和桐,20,0,20,土銀-嘉義,2023-06-05,1034
2618,長榮航,41,21,20,土銀-嘉義,2023-06-05,1034
1314,中石化,40,21,19,土銀-嘉義,2023-06-05,1034
3711,日月光投控,18,0,18,土銀-嘉義,2023-06-05,1034
00712,復華富時不動產,17,0,17,土銀-嘉義,2023-06-05,1034
00692,富邦公司治理,20,3,17,土銀-嘉義,2023-06-05,1034
6282,康舒,24,8,16,土銀-嘉義,2023-06-05,1034
1529,樂事綠能,43,28,15,土銀-嘉義,2023-06-05,1034
00893,國泰智能電動車,15,0,15,土銀-嘉義,2023-06-05,1034
4938,和碩,15,0,15,土銀-嘉義,2023-06-05,1034
2515,中工,17,3,14,土銀-嘉義,2023-06-05,1034
2027,大成鋼,15,2,13,土銀-嘉義,2023-06-05,1034
2371,大同,16,3,13,土銀-嘉義,2023-06-05,1034
00680L,元大美債20正2,12,0,12,土銀-嘉義,2023-06-05,1034
00673R,期元大S＆P原油反1,12,0,12,土銀-嘉義,2023-06-05,1034
5009,榮剛,26,14,12,土銀-嘉義,2023-06-05,1034
00919,群益台灣精選高息,11,0,11,土銀-嘉義,2023-06-05,1034
1316,上曜,10,0,10,土銀-嘉義,2023-06-05,1034
1815,富喬,10,0,10,土銀-嘉義,2023-06-05,1034
2328,廣宇,12,2,10,土銀-嘉義,2023-06-05,1034
2399,映泰,10,0,10,土銀-嘉義,2023-06-05,1034
2883B,凱基金乙特,10,0,10,土銀-嘉義,2023-06-05,1034
6470,宇智,10,0,10,土銀-嘉義,2023-06-05,1034
6578,達邦蛋白,11,1,10,土銀-嘉義,2023-06-05,1034
1591,駿吉-KY,9,0,9,土銀-嘉義,2023-06-05,1034
2206,三陽工業,50,41,9,土銀-嘉義,2023-06-05,1034
3088,艾訊,10,1,9,土銀-嘉義,2023-06-05,1034
1504,東元,16,8,8,土銀-嘉義,2023-06-05,1034
2609,陽明,10,2,8,土銀-嘉義,2023-06-05,1034
2615,萬海,8,0,8,土銀-嘉義,2023-06-05,1034
3311,閎暉,8,0,8,土銀-嘉義,2023-06-05,1034
4906,正文,11,4,7,土銀-嘉義,2023-06-05,1034
1608,華榮,10,4,6,土銀-嘉義,2023-06-05,1034
1218,泰山,6,0,6,土銀-嘉義,2023-06-05,1034
2317,鴻海,7,1,6,土銀-嘉義,2023-06-05,1034
3484,崧騰,6,0,6,土銀-嘉義,2023-06-05,1034
6274,台燿,7,1,6,土銀-嘉義,2023-06-05,1034
8222,寶一,7,1,6,土銀-嘉義,2023-06-05,1034
00637L,元大滬深300正2,617,360,257,土銀-嘉義,2023-06-06,1034
00878,國泰永續高股息,120,5,115,土銀-嘉義,2023-06-06,1034
1528,恩德,106,2,104,土銀-嘉義,2023-06-06,1034
2489,瑞軒,57,0,57,土銀-嘉義,2023-06-06,1034
00679B,元大美債20年,55,0,55,土銀-嘉義,2023-06-06,1034
00713,元大台灣高息低波,45,0,45,土銀-嘉義,2023-06-06,1034
00927,群益半導體收益,44,0,44,土銀-嘉義,2023-06-06,1034
2349,錸德,25,0,25,土銀-嘉義,2023-06-06,1034
2888,新光金,34,12,22,土銀-嘉義,2023-06-06,1034
5310,天剛,21,0,21,土銀-嘉義,2023-06-06,1034
00923,群益台ESG低碳50,20,0,20,土銀-嘉義,2023-06-06,1034
00922,國泰台灣領袖50,20,0,20,土銀-嘉義,2023-06-06,1034
4915,致伸,21,1,20,土銀-嘉義,2023-06-06,1034
6282,康舒,18,0,18,土銀-嘉義,2023-06-06,1034
1591,駿吉-KY,17,0,17,土銀-嘉義,2023-06-06,1034
2399,映泰,16,0,16,土銀-嘉義,2023-06-06,1034
3711,日月光投控,26,10,16,土銀-嘉義,2023-06-06,1034
6116,彩晶,16,0,16,土銀-嘉義,2023-06-06,1034
1905,華紙,26,11,15,土銀-嘉義,2023-06-06,1034
3088,艾訊,15,0,15,土銀-嘉義,2023-06-06,1034
2634,漢翔,14,0,14,土銀-嘉義,2023-06-06,1034
2353,宏��,14,1,13,土銀-嘉義,2023-06-06,1034
1609,大亞,56,44,12,土銀-嘉義,2023-06-06,1034
1319,東陽,11,0,11,土銀-嘉義,2023-06-06,1034
00772B,中信高評級公司債,10,0,10,土銀-嘉義,2023-06-06,1034
2402,毅嘉,36,26,10,土銀-嘉義,2023-06-06,1034
8390,金益鼎,10,0,10,土銀-嘉義,2023-06-06,1034
2457,飛宏,28,19,9,土銀-嘉義,2023-06-06,1034
2303,聯電,8,0,8,土銀-嘉義,2023-06-06,1034
2498,宏達電,8,0,8,土銀-嘉義,2023-06-06,1034
6016,康和證,8,0,8,土銀-嘉義,2023-06-06,1034
5905,南仁湖,8,1,7,土銀-嘉義,2023-06-06,1034
6485,點序,7,0,7,土銀-嘉義,2023-06-06,1034
3481,群創,18,12,6,土銀-嘉義,2023-06-06,1034
3016,嘉晶,7,1,6,土銀-嘉義,2023-06-06,1034
6168,宏齊,6,0,6,土銀-嘉義,2023-06-06,1034
00715L,期街口布蘭特正2,15,10,5,土銀-嘉義,2023-06-06,1034
1101,台泥,5,0,5,土銀-嘉義,2023-06-06,1034
3071,協禧,5,0,5,土銀-嘉義,2023-06-06,1034
4123,晟德,5,0,5,土銀-嘉義,2023-06-06,1034
4147,中裕,5,0,5,土銀-嘉義,2023-06-06,1034
4440,宜新實業,5,0,5,土銀-嘉義,2023-06-06,1034
4726,永昕,5,0,5,土銀-嘉義,2023-06-06,1034
6109,亞元,5,0,5,土銀-嘉義,2023-06-06,1034
6578,達邦蛋白,5,0,5,土銀-嘉義,2023-06-06,1034
8088,品安,5,0,5,土銀-嘉義,2023-06-06,1034
1104,環泥,5,1,4,土銀-嘉義,2023-06-06,1034
00919,群益台灣精選高息,4,0,4,土銀-嘉義,2023-06-06,1034
2352,佳世達,5,1,4,土銀-嘉義,2023-06-06,1034
2603,長榮,5,1,4,土銀-嘉義,2023-06-06,1034
00637L,元大滬深300正2,379,0,379,土銀-嘉義,2023-06-07,1034
2887,台新金,100,0,100,土銀-嘉義,2023-06-07,1034
00878,國泰永續高股息,83,2,81,土銀-嘉義,2023-06-07,1034
0056,元大高股息,61,4,57,土銀-嘉義,2023-06-07,1034
3013,晟銘電,65,15,50,土銀-嘉義,2023-06-07,1034
2889,國票金,36,0,36,土銀-嘉義,2023-06-07,1034
1905,華紙,36,1,35,土銀-嘉義,2023-06-07,1034
2883B,凱基金乙特,30,0,30,土銀-嘉義,2023-06-07,1034
2701,萬企,30,3,27,土銀-嘉義,2023-06-07,1034
2610,華航,24,0,24,土銀-嘉義,2023-06-07,1034
1605,華新,23,1,22,土銀-嘉義,2023-06-07,1034
2618,長榮航,25,5,20,土銀-嘉義,2023-06-07,1034
4744,皇將,20,0,20,土銀-嘉義,2023-06-07,1034
3708,上緯投控,16,0,16,土銀-嘉義,2023-06-07,1034
2027,大成鋼,15,0,15,土銀-嘉義,2023-06-07,1034
0061,元大寶滬深,14,0,14,土銀-嘉義,2023-06-07,1034
5706,鳳凰,19,7,12,土銀-嘉義,2023-06-07,1034
8905,裕國,12,0,12,土銀-嘉義,2023-06-07,1034
2603,長榮,12,1,11,土銀-嘉義,2023-06-07,1034
1444,力麗,10,0,10,土銀-嘉義,2023-06-07,1034
00892,富邦台灣半導體,10,0,10,土銀-嘉義,2023-06-07,1034
2881,富邦金,10,0,10,土銀-嘉義,2023-06-07,1034
8011,台通,10,0,10,土銀-嘉義,2023-06-07,1034
2706,第一店,18,9,9,土銀-嘉義,2023-06-07,1034
1710,東聯,10,1,9,土銀-嘉義,2023-06-07,1034
2344,華邦電,12,5,7,土銀-嘉義,2023-06-07,1034
6125,廣運,7,0,7,土銀-嘉義,2023-06-07,1034
6282,康舒,10,3,7,土銀-嘉義,2023-06-07,1034
00645,富邦日本,6,0,6,土銀-嘉義,2023-06-07,1034
1701,中化,6,0,6,土銀-嘉義,2023-06-07,1034
2347,聯強,6,0,6,土銀-嘉義,2023-06-07,1034
2801,彰銀,8,2,6,土銀-嘉義,2023-06-07,1034
1524,耿鼎,5,0,5,土銀-嘉義,2023-06-07,1034
1504,東元,8,3,5,土銀-嘉義,2023-06-07,1034
00923,群益台ESG低碳50,5,0,5,土銀-嘉義,2023-06-07,1034
00922,國泰台灣領袖50,5,0,5,土銀-嘉義,2023-06-07,1034
1618,合機,5,0,5,土銀-嘉義,2023-06-07,1034
1714,和桐,5,0,5,土銀-嘉義,2023-06-07,1034
1731,美吾華,5,0,5,土銀-嘉義,2023-06-07,1034
2332,友訊,5,0,5,土銀-嘉義,2023-06-07,1034
2515,中工,8,3,5,土銀-嘉義,2023-06-07,1034
3029,零壹,5,0,5,土銀-嘉義,2023-06-07,1034
3071,協禧,10,5,5,土銀-嘉義,2023-06-07,1034
3088,艾訊,5,0,5,土銀-嘉義,2023-06-07,1034
3484,崧騰,5,0,5,土銀-嘉義,2023-06-07,1034
3701,大眾控,5,0,5,土銀-嘉義,2023-06-07,1034
6191,精成科,5,0,5,土銀-嘉義,2023-06-07,1034
6776,展�眥篕�,5,0,5,土銀-嘉義,2023-06-07,1034
8046,南電,6,1,5,土銀-嘉義,2023-06-07,1034
8076,伍豐,5,0,5,土銀-嘉義,2023-06-07,1034
00720B,元大投資級公司債,69,0,69,土銀-嘉義,2023-06-08,1034
00919,群益台灣精選高息,52,0,52,土銀-嘉義,2023-06-08,1034
00680L,元大美債20正2,47,0,47,土銀-嘉義,2023-06-08,1034
00915,凱基優選高股息30,42,0,42,土銀-嘉義,2023-06-08,1034
1609,大亞,49,11,38,土銀-嘉義,2023-06-08,1034
1905,華紙,32,2,30,土銀-嘉義,2023-06-08,1034
1591,駿吉-KY,25,0,25,土銀-嘉義,2023-06-08,1034
00674R,期元大S＆P黃金反1,20,0,20,土銀-嘉義,2023-06-08,1034
1810,和成,20,0,20,土銀-嘉義,2023-06-08,1034
1710,東聯,21,3,18,土銀-嘉義,2023-06-08,1034
2706,第一店,28,11,17,土銀-嘉義,2023-06-08,1034
1444,力麗,15,0,15,土銀-嘉義,2023-06-08,1034
2399,映泰,15,1,14,土銀-嘉義,2023-06-08,1034
00893,國泰智能電動車,12,0,12,土銀-嘉義,2023-06-08,1034
1101,台泥,12,0,12,土銀-嘉義,2023-06-08,1034
1219,福壽,10,0,10,土銀-嘉義,2023-06-08,1034
00772B,中信高評級公司債,10,0,10,土銀-嘉義,2023-06-08,1034
00708L,期元大S＆P黃金正2,10,0,10,土銀-嘉義,2023-06-08,1034
0056,元大高股息,10,0,10,土銀-嘉義,2023-06-08,1034
3625,西勝,10,0,10,土銀-嘉義,2023-06-08,1034
3703,欣陸,10,0,10,土銀-嘉義,2023-06-08,1034
5464,霖宏,10,0,10,土銀-嘉義,2023-06-08,1034
5512,力麒,10,0,10,土銀-嘉義,2023-06-08,1034
6015,宏遠證,10,0,10,土銀-嘉義,2023-06-08,1034
6456,GIS-KY,10,0,10,土銀-嘉義,2023-06-08,1034
1409,新纖,10,1,9,土銀-嘉義,2023-06-08,1034
6282,康舒,13,4,9,土銀-嘉義,2023-06-08,1034
00679B,元大美債20年,8,0,8,土銀-嘉義,2023-06-08,1034
1605,華新,40,32,8,土銀-嘉義,2023-06-08,1034
1701,中化,8,0,8,土銀-嘉義,2023-06-08,1034
2393,億光,8,0,8,土銀-嘉義,2023-06-08,1034
2498,宏達電,8,0,8,土銀-嘉義,2023-06-08,1034
2882,國泰金,8,0,8,土銀-嘉義,2023-06-08,1034
6770,力積電,8,0,8,土銀-嘉義,2023-06-08,1034
6835,圓裕,8,0,8,土銀-嘉義,2023-06-08,1034
00645,富邦日本,6,0,6,土銀-嘉義,2023-06-08,1034
1612,宏泰,21,15,6,土銀-嘉義,2023-06-08,1034
2337,旺宏,6,0,6,土銀-嘉義,2023-06-08,1034
2427,三商電,8,2,6,土銀-嘉義,2023-06-08,1034
2888,新光金,14,8,6,土銀-嘉義,2023-06-08,1034
5706,鳳凰,9,3,6,土銀-嘉義,2023-06-08,1034
6173,信昌電,6,0,6,土銀-嘉義,2023-06-08,1034
2317,鴻海,7,2,5,土銀-嘉義,2023-06-08,1034
2409,友達,5,0,5,土銀-嘉義,2023-06-08,1034
2453,凌群,5,0,5,土銀-嘉義,2023-06-08,1034
3029,零壹,5,0,5,土銀-嘉義,2023-06-08,1034
3055,蔚華科,6,1,5,土銀-嘉義,2023-06-08,1034
3289,宜特,10,5,5,土銀-嘉義,2023-06-08,1034
5364,力麗店,5,0,5,土銀-嘉義,2023-06-08,1034
6122,擎邦,5,0,5,土銀-嘉義,2023-06-08,1034
00929,復華台灣科技優息,86,0,86,土銀-嘉義,2023-06-09,1034
2888,新光金,46,2,44,土銀-嘉義,2023-06-09,1034
00720B,元大投資級公司債,36,0,36,土銀-嘉義,2023-06-09,1034
1815,富喬,26,0,26,土銀-嘉義,2023-06-09,1034
2030,彰源,21,0,21,土銀-嘉義,2023-06-09,1034
2033,佳大,20,0,20,土銀-嘉義,2023-06-09,1034
2002,中鋼,21,1,20,土銀-嘉義,2023-06-09,1034
1605,華新,22,3,19,土銀-嘉義,2023-06-09,1034
00919,群益台灣精選高息,20,2,18,土銀-嘉義,2023-06-09,1034
2611,志信,21,3,18,土銀-嘉義,2023-06-09,1034
2457,飛宏,25,8,17,土銀-嘉義,2023-06-09,1034
2706,第一店,18,1,17,土銀-嘉義,2023-06-09,1034
6664,群翊,17,0,17,土銀-嘉義,2023-06-09,1034
6015,宏遠證,15,0,15,土銀-嘉義,2023-06-09,1034
1591,駿吉-KY,16,2,14,土銀-嘉義,2023-06-09,1034
2634,漢翔,15,1,14,土銀-嘉義,2023-06-09,1034
3027,盛達,16,3,13,土銀-嘉義,2023-06-09,1034
1535,中宇,12,0,12,土銀-嘉義,2023-06-09,1034
2610,華航,19,7,12,土銀-嘉義,2023-06-09,1034
00712,復華富時不動產,11,0,11,土銀-嘉義,2023-06-09,1034
2032,新鋼,11,0,11,土銀-嘉義,2023-06-09,1034
1528,恩德,10,0,10,土銀-嘉義,2023-06-09,1034
00892,富邦台灣半導體,10,0,10,土銀-嘉義,2023-06-09,1034
00642U,期元大S＆P石油,10,0,10,土銀-嘉義,2023-06-09,1034
00687B,國泰20年美債,10,0,10,土銀-嘉義,2023-06-09,1034
00715L,期街口布蘭特正2,10,0,10,土銀-嘉義,2023-06-09,1034
00881,國泰台灣5G+,10,0,10,土銀-嘉義,2023-06-09,1034
2501,國建,10,0,10,土銀-嘉義,2023-06-09,1034
2613,中櫃,10,0,10,土銀-嘉義,2023-06-09,1034
2642,宅配通,10,0,10,土銀-嘉義,2023-06-09,1034
3013,晟銘電,10,0,10,土銀-嘉義,2023-06-09,1034
00878,國泰永續高股息,36,27,9,土銀-嘉義,2023-06-09,1034
6235,華孚,15,6,9,土銀-嘉義,2023-06-09,1034
1504,東元,9,1,8,土銀-嘉義,2023-06-09,1034
2399,映泰,23,15,8,土銀-嘉義,2023-06-09,1034
2883,凱基金,8,0,8,土銀-嘉義,2023-06-09,1034
00882,中信中國高股息,7,0,7,土銀-嘉義,2023-06-09,1034
2303,聯電,12,5,7,土銀-嘉義,2023-06-09,1034
2356,英業達,16,9,7,土銀-嘉義,2023-06-09,1034
2425,承啟,10,3,7,土銀-嘉義,2023-06-09,1034
5310,天剛,7,0,7,土銀-嘉義,2023-06-09,1034
1532,勤美,6,0,6,土銀-嘉義,2023-06-09,1034
2201,裕隆,6,0,6,土銀-嘉義,2023-06-09,1034
2734,易飛網,7,1,6,土銀-嘉義,2023-06-09,1034
3548,兆利,6,0,6,土銀-嘉義,2023-06-09,1034
1580,新麥,5,0,5,土銀-嘉義,2023-06-09,1034
00701,國泰股利精選30,5,0,5,土銀-嘉義,2023-06-09,1034
00637L,元大滬深300正2,12,7,5,土銀-嘉義,2023-06-09,1034
2301,光寶科,5,0,5,土銀-嘉義,2023-06-09,1034
2337,旺宏,5,0,5,土銀-嘉義,2023-06-09,1034
00885,富邦越南,455,0,455,土銀-嘉義,2023-06-12,1034
2888,新光金,90,16,74,土銀-嘉義,2023-06-12,1034
2618,長榮航,71,24,47,土銀-嘉義,2023-06-12,1034
00878,國泰永續高股息,68,25,43,土銀-嘉義,2023-06-12,1034
2887,台新金,44,3,41,土銀-嘉義,2023-06-12,1034
2834,臺企銀,35,1,34,土銀-嘉義,2023-06-12,1034
00919,群益台灣精選高息,33,0,33,土銀-嘉義,2023-06-12,1034
00715L,期街口布蘭特正2,50,20,30,土銀-嘉義,2023-06-12,1034
00679B,元大美債20年,15,0,15,土銀-嘉義,2023-06-12,1034
00893,國泰智能電動車,15,0,15,土銀-嘉義,2023-06-12,1034
2890,永豐金,15,0,15,土銀-嘉義,2023-06-12,1034
2312,金寶,14,1,13,土銀-嘉義,2023-06-12,1034
2323,中環,17,4,13,土銀-嘉義,2023-06-12,1034
2609,陽明,14,1,13,土銀-嘉義,2023-06-12,1034
3374,精材,13,1,12,土銀-嘉義,2023-06-12,1034
3706,神達,12,0,12,土銀-嘉義,2023-06-12,1034
1101,台泥,13,2,11,土銀-嘉義,2023-06-12,1034
00712,復華富時不動產,11,0,11,土銀-嘉義,2023-06-12,1034
2352,佳世達,13,2,11,土銀-嘉義,2023-06-12,1034
2353,宏��,11,0,11,土銀-嘉義,2023-06-12,1034
3088,艾訊,11,0,11,土銀-嘉義,2023-06-12,1034
00642U,期元大S＆P石油,10,0,10,土銀-嘉義,2023-06-12,1034
1535,中宇,10,0,10,土銀-嘉義,2023-06-12,1034
1591,駿吉-KY,10,0,10,土銀-嘉義,2023-06-12,1034
2501,國建,10,0,10,土銀-嘉義,2023-06-12,1034
4916,事欣科,10,0,10,土銀-嘉義,2023-06-12,1034
6282,康舒,10,0,10,土銀-嘉義,2023-06-12,1034
3540,曜越,9,0,9,土銀-嘉義,2023-06-12,1034
8034,榮群,13,4,9,土銀-嘉義,2023-06-12,1034
1460,宏遠,8,0,8,土銀-嘉義,2023-06-12,1034
00645,富邦日本,8,0,8,土銀-嘉義,2023-06-12,1034
2376,技嘉,21,13,8,土銀-嘉義,2023-06-12,1034
3032,偉訓,8,0,8,土銀-嘉義,2023-06-12,1034
2705,六福,7,0,7,土銀-嘉義,2023-06-12,1034
1710,東聯,7,0,7,土銀-嘉義,2023-06-12,1034
2382,廣達,9,2,7,土銀-嘉義,2023-06-12,1034
2706,第一店,9,2,7,土銀-嘉義,2023-06-12,1034
3576,聯合再生,7,0,7,土銀-嘉義,2023-06-12,1034
8155,博智,7,0,7,土銀-嘉義,2023-06-12,1034
0056,元大高股息,7,1,6,土銀-嘉義,2023-06-12,1034
1580,新麥,6,0,6,土銀-嘉義,2023-06-12,1034
1731,美吾華,7,1,6,土銀-嘉義,2023-06-12,1034
2493,揚博,6,0,6,土銀-嘉義,2023-06-12,1034
3484,崧騰,6,0,6,土銀-嘉義,2023-06-12,1034
4906,正文,6,0,6,土銀-嘉義,2023-06-12,1034
5439,高技,6,0,6,土銀-嘉義,2023-06-12,1034
5512,力麒,6,0,6,土銀-嘉義,2023-06-12,1034
00751B,元大AAA至A公司債,5,0,5,土銀-嘉義,2023-06-12,1034
00891,中信關鍵半導體,5,0,5,土銀-嘉義,2023-06-12,1034
1605,華新,5,0,5,土銀-嘉義,2023-06-12,1034
00830,國泰費城半導體,92,0,92,土銀-嘉義,2023-06-13,1034
2888,新光金,56,0,56,土銀-嘉義,2023-06-13,1034
1409,新纖,50,0,50,土銀-嘉義,2023-06-13,1034
00715L,期街口布蘭特正2,32,0,32,土銀-嘉義,2023-06-13,1034
00713,元大台灣高息低波,30,0,30,土銀-嘉義,2023-06-13,1034
00919,群益台灣精選高息,29,2,27,土銀-嘉義,2023-06-13,1034
3260,威剛,28,4,24,土銀-嘉義,2023-06-13,1034
00642U,期元大S＆P石油,23,0,23,土銀-嘉義,2023-06-13,1034
2356,英業達,41,18,23,土銀-嘉義,2023-06-13,1034
1504,東元,19,4,15,土銀-嘉義,2023-06-13,1034
6733,博晟生醫,16,1,15,土銀-嘉義,2023-06-13,1034
2449,京元電子,27,13,14,土銀-嘉義,2023-06-13,1034
2353,宏��,13,1,12,土銀-嘉義,2023-06-13,1034
3044,健鼎,12,0,12,土銀-嘉義,2023-06-13,1034
3715,定穎投控,12,0,12,土銀-嘉義,2023-06-13,1034
2515,中工,11,0,11,土銀-嘉義,2023-06-13,1034
2701,萬企,10,0,10,土銀-嘉義,2023-06-13,1034
2834,臺企銀,10,0,10,土銀-嘉義,2023-06-13,1034
4916,事欣科,10,0,10,土銀-嘉義,2023-06-13,1034
6129,普誠,10,0,10,土銀-嘉義,2023-06-13,1034
6261,久元,10,0,10,土銀-嘉義,2023-06-13,1034
2409,友達,11,2,9,土銀-嘉義,2023-06-13,1034
3548,兆利,9,0,9,土銀-嘉義,2023-06-13,1034
6125,廣運,12,3,9,土銀-嘉義,2023-06-13,1034
00882,中信中國高股息,8,0,8,土銀-嘉義,2023-06-13,1034
1104,環泥,11,3,8,土銀-嘉義,2023-06-13,1034
4906,正文,8,0,8,土銀-嘉義,2023-06-13,1034
5880,合庫金,10,2,8,土銀-嘉義,2023-06-13,1034
2376,技嘉,12,5,7,土銀-嘉義,2023-06-13,1034
1584,精剛,7,0,7,土銀-嘉義,2023-06-13,1034
3033,威健,13,6,7,土銀-嘉義,2023-06-13,1034
6266,泰詠,7,0,7,土銀-嘉義,2023-06-13,1034
3019,亞光,6,0,6,土銀-嘉義,2023-06-13,1034
3297,杭特,6,0,6,土銀-嘉義,2023-06-13,1034
3481,群創,7,1,6,土銀-嘉義,2023-06-13,1034
3576,聯合再生,7,1,6,土銀-嘉義,2023-06-13,1034
6517,保勝光學,6,0,6,土銀-嘉義,2023-06-13,1034
8420,明揚,6,0,6,土銀-嘉義,2023-06-13,1034
8069,元太,10,4,6,土銀-嘉義,2023-06-13,1034
1591,駿吉-KY,5,0,5,土銀-嘉義,2023-06-13,1034
1605,華新,11,6,5,土銀-嘉義,2023-06-13,1034
1802,台玻,5,0,5,土銀-嘉義,2023-06-13,1034
2206,三陽工業,37,32,5,土銀-嘉義,2023-06-13,1034
3062,建漢,5,0,5,土銀-嘉義,2023-06-13,1034
3078,僑威,6,1,5,土銀-嘉義,2023-06-13,1034
5310,天剛,5,0,5,土銀-嘉義,2023-06-13,1034
6168,宏齊,5,0,5,土銀-嘉義,2023-06-13,1034
8049,晶采,5,0,5,土銀-嘉義,2023-06-13,1034
8222,寶一,5,0,5,土銀-嘉義,2023-06-13,1034
2880,華南金,5,1,4,土銀-嘉義,2023-06-13,1034
00830,國泰費城半導體,92,0,92,土銀-嘉義,2023-06-14,1034
00712,復華富時不動產,57,0,57,土銀-嘉義,2023-06-14,1034
2352,佳世達,50,3,47,土銀-嘉義,2023-06-14,1034
00919,群益台灣精選高息,36,0,36,土銀-嘉義,2023-06-14,1034
5310,天剛,38,3,35,土銀-嘉義,2023-06-14,1034
4533,協易機,32,5,27,土銀-嘉義,2023-06-14,1034
2457,飛宏,42,17,25,土銀-嘉義,2023-06-14,1034
5309,系統電,27,2,25,土銀-嘉義,2023-06-14,1034
6122,擎邦,21,0,21,土銀-嘉義,2023-06-14,1034
1733,五鼎,20,0,20,土銀-嘉義,2023-06-14,1034
2489,瑞軒,20,1,19,土銀-嘉義,2023-06-14,1034
2903,遠百,18,0,18,土銀-嘉義,2023-06-14,1034
1591,駿吉-KY,15,0,15,土銀-嘉義,2023-06-14,1034
2382,廣達,18,3,15,土銀-嘉義,2023-06-14,1034
3025,星通,15,0,15,土銀-嘉義,2023-06-14,1034
0056,元大高股息,20,6,14,土銀-嘉義,2023-06-14,1034
1504,東元,14,1,13,土銀-嘉義,2023-06-14,1034
2887,台新金,20,7,13,土銀-嘉義,2023-06-14,1034
1609,大亞,11,0,11,土銀-嘉義,2023-06-14,1034
1907,永豐餘,11,0,11,土銀-嘉義,2023-06-14,1034
1301,台塑,10,0,10,土銀-嘉義,2023-06-14,1034
1611,中電,12,2,10,土銀-嘉義,2023-06-14,1034
2323,中環,10,0,10,土銀-嘉義,2023-06-14,1034
3013,晟銘電,10,0,10,土銀-嘉義,2023-06-14,1034
4440,宜新實業,10,0,10,土銀-嘉義,2023-06-14,1034
1529,樂事綠能,23,14,9,土銀-嘉義,2023-06-14,1034
4541,晟田,23,14,9,土銀-嘉義,2023-06-14,1034
6282,康舒,13,6,7,土銀-嘉義,2023-06-14,1034
1905,華紙,11,5,6,土銀-嘉義,2023-06-14,1034
2376,技嘉,7,1,6,土銀-嘉義,2023-06-14,1034
2393,億光,6,0,6,土銀-嘉義,2023-06-14,1034
2838,聯邦銀,6,0,6,土銀-嘉義,2023-06-14,1034
3162,精確,6,0,6,土銀-嘉義,2023-06-14,1034
3252,海灣,6,0,6,土銀-嘉義,2023-06-14,1034
3484,崧騰,6,0,6,土銀-嘉義,2023-06-14,1034
3583,辛耘,8,2,6,土銀-嘉義,2023-06-14,1034
3706,神達,7,1,6,土銀-嘉義,2023-06-14,1034
4130,健亞,6,0,6,土銀-嘉義,2023-06-14,1034
4979,華星光,9,3,6,土銀-嘉義,2023-06-14,1034
5531,鄉林,6,0,6,土銀-嘉義,2023-06-14,1034
6173,信昌電,6,0,6,土銀-嘉義,2023-06-14,1034
1102,亞泥,5,0,5,土銀-嘉義,2023-06-14,1034
00891,中信關鍵半導體,5,0,5,土銀-嘉義,2023-06-14,1034
2353,宏��,5,0,5,土銀-嘉義,2023-06-14,1034
2405,輔信,8,3,5,土銀-嘉義,2023-06-14,1034
2515,中工,5,0,5,土銀-嘉義,2023-06-14,1034
2883,凱基金,5,0,5,土銀-嘉義,2023-06-14,1034
2891,中信金,5,0,5,土銀-嘉義,2023-06-14,1034
3037,欣興,5,0,5,土銀-嘉義,2023-06-14,1034
3202,樺晟,5,0,5,土銀-嘉義,2023-06-14,1034
2888,新光金,56,0,56,土銀-嘉義,2023-06-15,1034
1409,新纖,50,0,50,土銀-嘉義,2023-06-15,1034
6112,邁達特,36,1,35,土銀-嘉義,2023-06-15,1034
2401,凌陽,49,19,30,土銀-嘉義,2023-06-15,1034
3162,精確,25,0,25,土銀-嘉義,2023-06-15,1034
00642U,期元大S＆P石油,30,9,21,土銀-嘉義,2023-06-15,1034
3625,西勝,21,0,21,土銀-嘉義,2023-06-15,1034
00727B,國泰優選非投等債,13,0,13,土銀-嘉義,2023-06-15,1034
2375,凱美,13,0,13,土銀-嘉義,2023-06-15,1034
1519,華城,15,3,12,土銀-嘉義,2023-06-15,1034
2356,英業達,59,47,12,土銀-嘉義,2023-06-15,1034
2405,輔信,11,0,11,土銀-嘉義,2023-06-15,1034
2453,凌群,28,18,10,土銀-嘉義,2023-06-15,1034
3019,亞光,10,0,10,土銀-嘉義,2023-06-15,1034
00715L,期街口布蘭特正2,10,0,10,土銀-嘉義,2023-06-15,1034
1904,正隆,10,0,10,土銀-嘉義,2023-06-15,1034
2501,國建,10,0,10,土銀-嘉義,2023-06-15,1034
2618,長榮航,148,138,10,土銀-嘉義,2023-06-15,1034
3118,進階,10,0,10,土銀-嘉義,2023-06-15,1034
3236,千如,10,0,10,土銀-嘉義,2023-06-15,1034
5309,系統電,9,0,9,土銀-嘉義,2023-06-15,1034
00679B,元大美債20年,8,0,8,土銀-嘉義,2023-06-15,1034
1710,東聯,8,0,8,土銀-嘉義,2023-06-15,1034
3033,威健,9,1,8,土銀-嘉義,2023-06-15,1034
4938,和碩,10,2,8,土銀-嘉義,2023-06-15,1034
8034,榮群,8,0,8,土銀-嘉義,2023-06-15,1034
1402,遠東新,7,0,7,土銀-嘉義,2023-06-15,1034
00896,中信綠能及電動車,7,0,7,土銀-嘉義,2023-06-15,1034
1609,大亞,14,7,7,土銀-嘉義,2023-06-15,1034
2645,長榮航太,7,0,7,土銀-嘉義,2023-06-15,1034
3005,神基,7,0,7,土銀-嘉義,2023-06-15,1034
2206,三陽工業,18,12,6,土銀-嘉義,2023-06-15,1034
2606,裕民,6,0,6,土銀-嘉義,2023-06-15,1034
6143,振曜,6,0,6,土銀-嘉義,2023-06-15,1034
8429,金麗-KY,6,0,6,土銀-嘉義,2023-06-15,1034
00927,群益半導體收益,5,0,5,土銀-嘉義,2023-06-15,1034
1733,五鼎,5,0,5,土銀-嘉義,2023-06-15,1034
2337,旺宏,5,0,5,土銀-嘉義,2023-06-15,1034
2340,台亞,5,0,5,土銀-嘉義,2023-06-15,1034
2458,義隆,5,0,5,土銀-嘉義,2023-06-15,1034
2607,榮運,5,0,5,土銀-嘉義,2023-06-15,1034
3059,華晶科,6,1,5,土銀-嘉義,2023-06-15,1034
5905,南仁湖,5,0,5,土銀-嘉義,2023-06-15,1034
6517,保勝光學,5,0,5,土銀-嘉義,2023-06-15,1034
8069,元太,5,0,5,土銀-嘉義,2023-06-15,1034
00919,群益台灣精選高息,4,0,4,土銀-嘉義,2023-06-15,1034
00893,國泰智能電動車,15,11,4,土銀-嘉義,2023-06-15,1034
00687B,國泰20年美債,4,0,4,土銀-嘉義,2023-06-15,1034
1806,冠軍,4,0,4,土銀-嘉義,2023-06-15,1034
2883,凱基金,5,1,4,土銀-嘉義,2023-06-15,1034
2610,華航,286,63,223,土銀-嘉義,2023-06-16,1034
2888,新光金,134,20,114,土銀-嘉義,2023-06-16,1034
2504,國產,101,0,101,土銀-嘉義,2023-06-16,1034
2897,王道銀行,100,0,100,土銀-嘉義,2023-06-16,1034
6005,群益證,40,0,40,土銀-嘉義,2023-06-16,1034
00671R,富邦NASDAQ反1,30,0,30,土銀-嘉義,2023-06-16,1034
00919,群益台灣精選高息,40,11,29,土銀-嘉義,2023-06-16,1034
3576,聯合再生,30,2,28,土銀-嘉義,2023-06-16,1034
2482,連宇,21,0,21,土銀-嘉義,2023-06-16,1034
2834,臺企銀,21,0,21,土銀-嘉義,2023-06-16,1034
6161,捷波,20,0,20,土銀-嘉義,2023-06-16,1034
6266,泰詠,20,0,20,土銀-嘉義,2023-06-16,1034
2618,長榮航,124,107,17,土銀-嘉義,2023-06-16,1034
1519,華城,27,15,12,土銀-嘉義,2023-06-16,1034
3078,僑威,23,11,12,土銀-嘉義,2023-06-16,1034
1514,亞力,11,0,11,土銀-嘉義,2023-06-16,1034
2371,大同,24,13,11,土銀-嘉義,2023-06-16,1034
2892,第一金,11,0,11,土銀-嘉義,2023-06-16,1034
00761B,國泰A級公司債,10,0,10,土銀-嘉義,2023-06-16,1034
1504,東元,12,2,10,土銀-嘉義,2023-06-16,1034
1712,興農,10,0,10,土銀-嘉義,2023-06-16,1034
1731,美吾華,10,0,10,土銀-嘉義,2023-06-16,1034
2106,建大,10,0,10,土銀-嘉義,2023-06-16,1034
2801,彰銀,10,0,10,土銀-嘉義,2023-06-16,1034
2887,台新金,10,0,10,土銀-嘉義,2023-06-16,1034
6016,康和證,10,0,10,土銀-嘉義,2023-06-16,1034
6125,廣運,12,2,10,土銀-嘉義,2023-06-16,1034
6226,光鼎,10,0,10,土銀-嘉義,2023-06-16,1034
6470,宇智,10,0,10,土銀-嘉義,2023-06-16,1034
2368,金像電,20,11,9,土銀-嘉義,2023-06-16,1034
3380,明泰,13,4,9,土銀-嘉義,2023-06-16,1034
5309,系統電,11,2,9,土銀-嘉義,2023-06-16,1034
8163,達方,9,0,9,土銀-嘉義,2023-06-16,1034
9945,潤泰新,9,0,9,土銀-嘉義,2023-06-16,1034
00712,復華富時不動產,10,2,8,土銀-嘉義,2023-06-16,1034
3032,偉訓,11,3,8,土銀-嘉義,2023-06-16,1034
3481,群創,9,1,8,土銀-嘉義,2023-06-16,1034
6282,康舒,15,7,8,土銀-嘉義,2023-06-16,1034
2419,仲琦,12,5,7,土銀-嘉義,2023-06-16,1034
2428,興勤,7,0,7,土銀-嘉義,2023-06-16,1034
3673,TPK-KY,10,3,7,土銀-嘉義,2023-06-16,1034
6770,力積電,9,2,7,土銀-嘉義,2023-06-16,1034
1905,華紙,48,42,6,土銀-嘉義,2023-06-16,1034
3693,營邦,6,0,6,土銀-嘉義,2023-06-16,1034
00927,群益半導體收益,5,0,5,土銀-嘉義,2023-06-16,1034
00753L,中信中國50正2,5,0,5,土銀-嘉義,2023-06-16,1034
1219,福壽,5,0,5,土銀-嘉義,2023-06-16,1034
2014,中鴻,6,1,5,土銀-嘉義,2023-06-16,1034
2027,大成鋼,10,5,5,土銀-嘉義,2023-06-16,1034
2208,台船,10,5,5,土銀-嘉義,2023-06-16,1034
00712,復華富時不動產,263,0,263,土銀-嘉義,2023-06-19,1034
00665L,富邦�琤肭磪囓�2,100,0,100,土銀-嘉義,2023-06-19,1034
6116,彩晶,54,0,54,土銀-嘉義,2023-06-19,1034
2104,國際中橡,51,10,41,土銀-嘉義,2023-06-19,1034
2504,國產,88,47,41,土銀-嘉義,2023-06-19,1034
1802,台玻,38,6,32,土銀-嘉義,2023-06-19,1034
00715L,期街口布蘭特正2,20,0,20,土銀-嘉義,2023-06-19,1034
8105,凌巨,20,0,20,土銀-嘉義,2023-06-19,1034
3715,定穎投控,20,2,18,土銀-嘉義,2023-06-19,1034
2312,金寶,18,1,17,土銀-嘉義,2023-06-19,1034
5009,榮剛,20,3,17,土銀-嘉義,2023-06-19,1034
2883,凱基金,16,0,16,土銀-嘉義,2023-06-19,1034
6148,驊宏資,17,1,16,土銀-嘉義,2023-06-19,1034
1217,愛之味,15,0,15,土銀-嘉義,2023-06-19,1034
6282,康舒,15,0,15,土銀-嘉義,2023-06-19,1034
2353,宏��,13,0,13,土銀-嘉義,2023-06-19,1034
00751B,元大AAA至A公司債,10,0,10,土銀-嘉義,2023-06-19,1034
00761B,國泰A級公司債,10,0,10,土銀-嘉義,2023-06-19,1034
00680L,元大美債20正2,10,0,10,土銀-嘉義,2023-06-19,1034
2009,第一銅,10,0,10,土銀-嘉義,2023-06-19,1034
2367,燿華,10,0,10,土銀-嘉義,2023-06-19,1034
2485,兆赫,10,0,10,土銀-嘉義,2023-06-19,1034
2489,瑞軒,20,10,10,土銀-嘉義,2023-06-19,1034
2801,彰銀,10,0,10,土銀-嘉義,2023-06-19,1034
3520,華盈,10,0,10,土銀-嘉義,2023-06-19,1034
4157,太景*-KY,10,0,10,土銀-嘉義,2023-06-19,1034
4973,廣穎,10,0,10,土銀-嘉義,2023-06-19,1034
2401,凌陽,10,1,9,土銀-嘉義,2023-06-19,1034
2468,華經,21,12,9,土銀-嘉義,2023-06-19,1034
3059,華晶科,9,0,9,土銀-嘉義,2023-06-19,1034
4938,和碩,9,0,9,土銀-嘉義,2023-06-19,1034
2409,友達,28,20,8,土銀-嘉義,2023-06-19,1034
00637L,元大滬深300正2,8,0,8,土銀-嘉義,2023-06-19,1034
1709,和益,8,0,8,土銀-嘉義,2023-06-19,1034
2498,宏達電,9,1,8,土銀-嘉義,2023-06-19,1034
3058,立德,8,0,8,土銀-嘉義,2023-06-19,1034
2421,建準,8,1,7,土銀-嘉義,2023-06-19,1034
3546,宇峻,7,0,7,土銀-嘉義,2023-06-19,1034
2308,台達電,8,2,6,土銀-嘉義,2023-06-19,1034
1503,士電,8,2,6,土銀-嘉義,2023-06-19,1034
1591,駿吉-KY,6,0,6,土銀-嘉義,2023-06-19,1034
2323,中環,6,0,6,土銀-嘉義,2023-06-19,1034
2362,藍天,6,0,6,土銀-嘉義,2023-06-19,1034
0056,元大高股息,9,4,5,土銀-嘉義,2023-06-19,1034
00753L,中信中國50正2,5,0,5,土銀-嘉義,2023-06-19,1034
00882,中信中國高股息,5,0,5,土銀-嘉義,2023-06-19,1034
2105,正新,5,0,5,土銀-嘉義,2023-06-19,1034
2520,冠德,5,0,5,土銀-嘉義,2023-06-19,1034
2633,台灣高鐵,5,0,5,土銀-嘉義,2023-06-19,1034
3038,全台,5,0,5,土銀-嘉義,2023-06-19,1034
2610,華航,113,49,64,土銀-嘉義,2023-06-20,1034
2489,瑞軒,65,3,62,土銀-嘉義,2023-06-20,1034
00679B,元大美債20年,61,0,61,土銀-嘉義,2023-06-20,1034
4510,高鋒,47,0,47,土銀-嘉義,2023-06-20,1034
2504,國產,45,2,43,土銀-嘉義,2023-06-20,1034
2027,大成鋼,41,0,41,土銀-嘉義,2023-06-20,1034
2634,漢翔,74,41,33,土銀-嘉義,2023-06-20,1034
00878,國泰永續高股息,31,0,31,土銀-嘉義,2023-06-20,1034
1101,台泥,26,0,26,土銀-嘉義,2023-06-20,1034
2409,友達,21,0,21,土銀-嘉義,2023-06-20,1034
1219,福壽,16,0,16,土銀-嘉義,2023-06-20,1034
3289,宜特,15,0,15,土銀-嘉義,2023-06-20,1034
3687,歐買尬,15,0,15,土銀-嘉義,2023-06-20,1034
1802,台玻,14,0,14,土銀-嘉義,2023-06-20,1034
2482,連宇,14,1,13,土銀-嘉義,2023-06-20,1034
2755,揚秦,13,0,13,土銀-嘉義,2023-06-20,1034
3088,艾訊,12,0,12,土銀-嘉義,2023-06-20,1034
3707,漢磊,15,3,12,土銀-嘉義,2023-06-20,1034
00919,群益台灣精選高息,11,0,11,土銀-嘉義,2023-06-20,1034
00761B,國泰A級公司債,10,0,10,土銀-嘉義,2023-06-20,1034
2312,金寶,10,0,10,土銀-嘉義,2023-06-20,1034
3024,憶聲,10,0,10,土銀-嘉義,2023-06-20,1034
3176,基亞,10,0,10,土銀-嘉義,2023-06-20,1034
4109,加捷生醫,10,0,10,土銀-嘉義,2023-06-20,1034
6005,群益證,10,0,10,土銀-嘉義,2023-06-20,1034
6485,點序,10,0,10,土銀-嘉義,2023-06-20,1034
2421,建準,10,1,9,土銀-嘉義,2023-06-20,1034
5905,南仁湖,10,1,9,土銀-嘉義,2023-06-20,1034
2454,聯發科,13,4,9,土銀-嘉義,2023-06-20,1034
2356,英業達,19,12,7,土銀-嘉義,2023-06-20,1034
2377,微星,7,0,7,土銀-嘉義,2023-06-20,1034
5310,天剛,7,0,7,土銀-嘉義,2023-06-20,1034
1513,中興電,17,10,7,土銀-嘉義,2023-06-20,1034
1810,和成,6,0,6,土銀-嘉義,2023-06-20,1034
3162,精確,6,0,6,土銀-嘉義,2023-06-20,1034
1432,大魯閣,5,0,5,土銀-嘉義,2023-06-20,1034
1712,興農,5,0,5,土銀-嘉義,2023-06-20,1034
2014,中鴻,5,0,5,土銀-嘉義,2023-06-20,1034
2035,唐榮,5,0,5,土銀-嘉義,2023-06-20,1034
2801,彰銀,5,0,5,土銀-嘉義,2023-06-20,1034
2880,華南金,5,0,5,土銀-嘉義,2023-06-20,1034
2883,凱基金,5,0,5,土銀-嘉義,2023-06-20,1034
3528,安馳,5,0,5,土銀-嘉義,2023-06-20,1034
6120,達運,5,0,5,土銀-嘉義,2023-06-20,1034
6219,富旺,5,0,5,土銀-嘉義,2023-06-20,1034
1709,和益,4,0,4,土銀-嘉義,2023-06-20,1034
00712,復華富時不動產,4,0,4,土銀-嘉義,2023-06-20,1034
2206,三陽工業,9,5,4,土銀-嘉義,2023-06-20,1034
2428,興勤,4,0,4,土銀-嘉義,2023-06-20,1034
00680L,元大美債20正2,3,0,3,土銀-嘉義,2023-06-20,1034
00676R,富邦臺灣加權反1,240,0,240,土銀-嘉義,2023-06-21,1034
00686R,群益臺灣加權反1,200,0,200,土銀-嘉義,2023-06-21,1034
00632R,元大台灣50反1,200,0,200,土銀-嘉義,2023-06-21,1034
2888,新光金,71,0,71,土銀-嘉義,2023-06-21,1034
1605,華新,58,5,53,土銀-嘉義,2023-06-21,1034
00751B,元大AAA至A公司債,51,0,51,土銀-嘉義,2023-06-21,1034
00665L,富邦�琤肭磪囓�2,50,0,50,土銀-嘉義,2023-06-21,1034
3481,群創,72,52,20,土銀-嘉義,2023-06-21,1034
2609,陽明,16,0,16,土銀-嘉義,2023-06-21,1034
00772B,中信高評級公司債,15,0,15,土銀-嘉義,2023-06-21,1034
2104,國際中橡,15,0,15,土銀-嘉義,2023-06-21,1034
00882,中信中國高股息,14,0,14,土銀-嘉義,2023-06-21,1034
3260,威剛,13,0,13,土銀-嘉義,2023-06-21,1034
6275,元山,14,3,11,土銀-嘉義,2023-06-21,1034
00761B,國泰A級公司債,10,0,10,土銀-嘉義,2023-06-21,1034
6189,豐藝,10,0,10,土銀-嘉義,2023-06-21,1034
2314,台揚,11,3,8,土銀-嘉義,2023-06-21,1034
2317,鴻海,10,2,8,土銀-嘉義,2023-06-21,1034
2504,國產,8,0,8,土銀-嘉義,2023-06-21,1034
6173,信昌電,8,0,8,土銀-嘉義,2023-06-21,1034
00680L,元大美債20正2,10,3,7,土銀-嘉義,2023-06-21,1034
1533,車王電,17,10,7,土銀-嘉義,2023-06-21,1034
2323,中環,14,8,6,土銀-嘉義,2023-06-21,1034
2634,漢翔,37,31,6,土銀-嘉義,2023-06-21,1034
3031,佰鴻,6,0,6,土銀-嘉義,2023-06-21,1034
00919,群益台灣精選高息,5,0,5,土銀-嘉義,2023-06-21,1034
2017,官田鋼,5,0,5,土銀-嘉義,2023-06-21,1034
2474,可成,5,0,5,土銀-嘉義,2023-06-21,1034
2801,彰銀,5,0,5,土銀-嘉義,2023-06-21,1034
3044,健鼎,5,0,5,土銀-嘉義,2023-06-21,1034
3162,精確,5,0,5,土銀-嘉義,2023-06-21,1034
6190,萬泰科,5,0,5,土銀-嘉義,2023-06-21,1034
3362,先進光,4,0,4,土銀-嘉義,2023-06-21,1034
3686,達能,4,0,4,土銀-嘉義,2023-06-21,1034
4904,遠傳,5,1,4,土銀-嘉義,2023-06-21,1034
5483,中美晶,4,0,4,土銀-嘉義,2023-06-21,1034
5905,南仁湖,4,0,4,土銀-嘉義,2023-06-21,1034
2382,廣達,40,36,4,土銀-嘉義,2023-06-21,1034
2603,長榮,4,0,4,土銀-嘉義,2023-06-21,1034
00891,中信關鍵半導體,3,0,3,土銀-嘉義,2023-06-21,1034
00637L,元大滬深300正2,6,3,3,土銀-嘉義,2023-06-21,1034
1608,華榮,3,0,3,土銀-嘉義,2023-06-21,1034
1727,中華化,6,3,3,土銀-嘉義,2023-06-21,1034
1802,台玻,5,2,3,土銀-嘉義,2023-06-21,1034
2301,光寶科,23,20,3,土銀-嘉義,2023-06-21,1034
2408,南亞科,3,0,3,土銀-嘉義,2023-06-21,1034
2515,中工,3,0,3,土銀-嘉義,2023-06-21,1034
2601,益航,3,0,3,土銀-嘉義,2023-06-21,1034
3055,蔚華科,8,5,3,土銀-嘉義,2023-06-21,1034
5309,系統電,3,0,3,土銀-嘉義,2023-06-21,1034
2409,友達,73,0,73,土銀-嘉義,2023-06-26,1034
00637L,元大滬深300正2,66,1,65,土銀-嘉義,2023-06-26,1034
1301,台塑,50,0,50,土銀-嘉義,2023-06-26,1034
1605,華新,36,5,31,土銀-嘉義,2023-06-26,1034
00715L,期街口布蘭特正2,29,0,29,土銀-嘉義,2023-06-26,1034
2323,中環,32,10,22,土銀-嘉義,2023-06-26,1034
2353,宏��,23,2,21,土銀-嘉義,2023-06-26,1034
2702,華園,20,0,20,土銀-嘉義,2023-06-26,1034
2634,漢翔,26,8,18,土銀-嘉義,2023-06-26,1034
6282,康舒,19,1,18,土銀-嘉義,2023-06-26,1034
2610,華航,24,8,16,土銀-嘉義,2023-06-26,1034
1802,台玻,54,41,13,土銀-嘉義,2023-06-26,1034
2706,第一店,12,0,12,土銀-嘉義,2023-06-26,1034
6125,廣運,13,1,12,土銀-嘉義,2023-06-26,1034
2382,廣達,11,0,11,土銀-嘉義,2023-06-26,1034
1319,東陽,11,0,11,土銀-嘉義,2023-06-26,1034
2352,佳世達,11,0,11,土銀-嘉義,2023-06-26,1034
5009,榮剛,12,1,11,土銀-嘉義,2023-06-26,1034
00751B,元大AAA至A公司債,10,0,10,土銀-嘉義,2023-06-26,1034
1219,福壽,10,0,10,土銀-嘉義,2023-06-26,1034
00893,國泰智能電動車,15,5,10,土銀-嘉義,2023-06-26,1034
2375,凱美,10,0,10,土銀-嘉義,2023-06-26,1034
2618,長榮航,24,14,10,土銀-嘉義,2023-06-26,1034
2883,凱基金,10,0,10,土銀-嘉義,2023-06-26,1034
3058,立德,10,0,10,土銀-嘉義,2023-06-26,1034
3092,鴻碩,10,0,10,土銀-嘉義,2023-06-26,1034
3356,奇偶,10,0,10,土銀-嘉義,2023-06-26,1034
6243,迅杰,10,0,10,土銀-嘉義,2023-06-26,1034
9105,泰金寶-DR,10,0,10,土銀-嘉義,2023-06-26,1034
00882,中信中國高股息,8,0,8,土銀-嘉義,2023-06-26,1034
3673,TPK-KY,8,0,8,土銀-嘉義,2023-06-26,1034
1712,興農,7,0,7,土銀-嘉義,2023-06-26,1034
2344,華邦電,9,2,7,土銀-嘉義,2023-06-26,1034
3481,群創,24,17,7,土銀-嘉義,2023-06-26,1034
1731,美吾華,7,0,7,土銀-嘉義,2023-06-26,1034
0056,元大高股息,11,5,6,土銀-嘉義,2023-06-26,1034
2002,中鋼,6,0,6,土銀-嘉義,2023-06-26,1034
2609,陽明,10,4,6,土銀-嘉義,2023-06-26,1034
3707,漢磊,6,0,6,土銀-嘉義,2023-06-26,1034
00761B,國泰A級公司債,5,0,5,土銀-嘉義,2023-06-26,1034
00680L,元大美債20正2,10,5,5,土銀-嘉義,2023-06-26,1034
2073,雄順,5,0,5,土銀-嘉義,2023-06-26,1034
2453,凌群,5,0,5,土銀-嘉義,2023-06-26,1034
2498,宏達電,5,0,5,土銀-嘉義,2023-06-26,1034
2607,榮運,5,0,5,土銀-嘉義,2023-06-26,1034
2615,萬海,5,0,5,土銀-嘉義,2023-06-26,1034
3308,聯德,5,0,5,土銀-嘉義,2023-06-26,1034
3687,歐買尬,5,0,5,土銀-嘉義,2023-06-26,1034
4906,正文,5,0,5,土銀-嘉義,2023-06-26,1034
6203,海韻電,6,1,5,土銀-嘉義,2023-06-26,1034
2897,王道銀行,203,0,203,土銀-嘉義,2023-06-27,1034
2610,華航,165,20,145,土銀-嘉義,2023-06-27,1034
1605,華新,93,1,92,土銀-嘉義,2023-06-27,1034
2303,聯電,93,9,84,土銀-嘉義,2023-06-27,1034
00680L,元大美債20正2,35,0,35,土銀-嘉義,2023-06-27,1034
2634,漢翔,43,9,34,土銀-嘉義,2023-06-27,1034
1301,台塑,27,0,27,土銀-嘉義,2023-06-27,1034
6282,康舒,26,0,26,土銀-嘉義,2023-06-27,1034
1905,華紙,25,3,22,土銀-嘉義,2023-06-27,1034
8033,雷虎,22,0,22,土銀-嘉義,2023-06-27,1034
2371,大同,31,9,22,土銀-嘉義,2023-06-27,1034
00919,群益台灣精選高息,21,0,21,土銀-嘉義,2023-06-27,1034
1709,和益,20,0,20,土銀-嘉義,2023-06-27,1034
2332,友訊,22,2,20,土銀-嘉義,2023-06-27,1034
2375,凱美,20,0,20,土銀-嘉義,2023-06-27,1034
2409,友達,21,2,19,土銀-嘉義,2023-06-27,1034
1591,駿吉-KY,15,0,15,土銀-嘉義,2023-06-27,1034
1731,美吾華,15,1,14,土銀-嘉義,2023-06-27,1034
2344,華邦電,12,0,12,土銀-嘉義,2023-06-27,1034
2412,中華電,12,0,12,土銀-嘉義,2023-06-27,1034
1104,環泥,10,0,10,土銀-嘉義,2023-06-27,1034
2464,盟立,10,0,10,土銀-嘉義,2023-06-27,1034
2889,國票金,10,0,10,土銀-嘉義,2023-06-27,1034
3687,歐買尬,19,9,10,土銀-嘉義,2023-06-27,1034
6180,橘子,10,0,10,土銀-嘉義,2023-06-27,1034
6485,點序,10,0,10,土銀-嘉義,2023-06-27,1034
1513,中興電,14,5,9,土銀-嘉義,2023-06-27,1034
1609,大亞,13,4,9,土銀-嘉義,2023-06-27,1034
1734,杏輝,14,5,9,土銀-嘉義,2023-06-27,1034
5310,天剛,9,0,9,土銀-嘉義,2023-06-27,1034
3231,緯創,30,21,9,土銀-嘉義,2023-06-27,1034
1319,東陽,8,0,8,土銀-嘉義,2023-06-27,1034
00882,中信中國高股息,8,0,8,土銀-嘉義,2023-06-27,1034
2206,三陽工業,13,5,8,土銀-嘉義,2023-06-27,1034
2428,興勤,8,0,8,土銀-嘉義,2023-06-27,1034
3481,群創,14,6,8,土銀-嘉義,2023-06-27,1034
2882,國泰金,7,0,7,土銀-嘉義,2023-06-27,1034
2891,中信金,8,1,7,土銀-嘉義,2023-06-27,1034
1519,華城,6,0,6,土銀-嘉義,2023-06-27,1034
1529,樂事綠能,9,3,6,土銀-嘉義,2023-06-27,1034
2323,中環,29,23,6,土銀-嘉義,2023-06-27,1034
3024,憶聲,6,0,6,土銀-嘉義,2023-06-27,1034
3715,定穎投控,6,0,6,土銀-嘉義,2023-06-27,1034
6168,宏齊,6,0,6,土銀-嘉義,2023-06-27,1034
8358,金居,6,0,6,土銀-嘉義,2023-06-27,1034
8926,台汽電,6,0,6,土銀-嘉義,2023-06-27,1034
6770,力積電,6,0,6,土銀-嘉義,2023-06-27,1034
00761B,國泰A級公司債,5,0,5,土銀-嘉義,2023-06-27,1034
2376,技嘉,5,0,5,土銀-嘉義,2023-06-27,1034
2388,威盛,5,0,5,土銀-嘉義,2023-06-27,1034
1802,台玻,204,10,194,土銀-嘉義,2023-06-28,1034
2892,第一金,151,9,142,土銀-嘉義,2023-06-28,1034
2883,凱基金,106,0,106,土銀-嘉義,2023-06-28,1034
00632R,元大台灣50反1,100,0,100,土銀-嘉義,2023-06-28,1034
00715L,期街口布蘭特正2,81,0,81,土銀-嘉義,2023-06-28,1034
2851,中再保,80,0,80,土銀-嘉義,2023-06-28,1034
1605,華新,70,1,69,土銀-嘉義,2023-06-28,1034
2888,新光金,55,0,55,土銀-嘉義,2023-06-28,1034
1444,力麗,62,11,51,土銀-嘉義,2023-06-28,1034
00687B,國泰20年美債,45,0,45,土銀-嘉義,2023-06-28,1034
00642U,期元大S＆P石油,35,0,35,土銀-嘉義,2023-06-28,1034
1301,台塑,22,0,22,土銀-嘉義,2023-06-28,1034
2352,佳世達,18,1,17,土銀-嘉義,2023-06-28,1034
00680L,元大美債20正2,15,0,15,土銀-嘉義,2023-06-28,1034
2405,輔信,17,3,14,土銀-嘉義,2023-06-28,1034
2882,國泰金,13,0,13,土銀-嘉義,2023-06-28,1034
2303,聯電,13,2,11,土銀-嘉義,2023-06-28,1034
2911,麗嬰房,10,0,10,土銀-嘉義,2023-06-28,1034
3703,欣陸,10,0,10,土銀-嘉義,2023-06-28,1034
4906,正文,14,4,10,土銀-嘉義,2023-06-28,1034
5608,四維航,10,0,10,土銀-嘉義,2023-06-28,1034
1101,台泥,9,0,9,土銀-嘉義,2023-06-28,1034
2409,友達,8,0,8,土銀-嘉義,2023-06-28,1034
1734,杏輝,7,0,7,土銀-嘉義,2023-06-28,1034
1504,東元,7,0,7,土銀-嘉義,2023-06-28,1034
2014,中鴻,7,0,7,土銀-嘉義,2023-06-28,1034
3037,欣興,16,9,7,土銀-嘉義,2023-06-28,1034
3090,日電貿,7,0,7,土銀-嘉義,2023-06-28,1034
3484,崧騰,7,0,7,土銀-嘉義,2023-06-28,1034
3576,聯合再生,7,0,7,土銀-嘉義,2023-06-28,1034
1904,正隆,7,1,6,土銀-嘉義,2023-06-28,1034
2201,裕隆,6,0,6,土銀-嘉義,2023-06-28,1034
2323,中環,6,0,6,土銀-嘉義,2023-06-28,1034
3162,精確,6,0,6,土銀-嘉義,2023-06-28,1034
6516,勤崴國際,6,0,6,土銀-嘉義,2023-06-28,1034
8076,伍豐,6,0,6,土銀-嘉義,2023-06-28,1034
2314,台揚,5,0,5,土銀-嘉義,2023-06-28,1034
2611,志信,5,0,5,土銀-嘉義,2023-06-28,1034
2889,國票金,5,0,5,土銀-嘉義,2023-06-28,1034
3356,奇偶,6,1,5,土銀-嘉義,2023-06-28,1034
4564,元翎,5,0,5,土銀-嘉義,2023-06-28,1034
5009,榮剛,7,2,5,土銀-嘉義,2023-06-28,1034
00761B,國泰A級公司債,4,0,4,土銀-嘉義,2023-06-28,1034
1201,味全,4,0,4,土銀-嘉義,2023-06-28,1034
1905,華紙,7,3,4,土銀-嘉義,2023-06-28,1034
4916,事欣科,4,0,4,土銀-嘉義,2023-06-28,1034
6116,彩晶,5,1,4,土銀-嘉義,2023-06-28,1034
6168,宏齊,4,0,4,土銀-嘉義,2023-06-28,1034
3481,群創,5,1,4,土銀-嘉義,2023-06-28,1034
2603,長榮,3,0,3,土銀-嘉義,2023-06-28,1034
2897,王道銀行,150,0,150,土銀-嘉義,2023-06-29,1034
00712,復華富時不動產,126,0,126,土銀-嘉義,2023-06-29,1034
1605,華新,111,0,111,土銀-嘉義,2023-06-29,1034
1802,台玻,102,28,74,土銀-嘉義,2023-06-29,1034
2618,長榮航,67,19,48,土銀-嘉義,2023-06-29,1034
00893,國泰智能電動車,40,0,40,土銀-嘉義,2023-06-29,1034
2892,第一金,30,0,30,土銀-嘉義,2023-06-29,1034
2845,遠東銀,30,1,29,土銀-嘉義,2023-06-29,1034
00679B,元大美債20年,30,4,26,土銀-嘉義,2023-06-29,1034
2888,新光金,25,0,25,土銀-嘉義,2023-06-29,1034
2610,華航,34,10,24,土銀-嘉義,2023-06-29,1034
2890,永豐金,24,0,24,土銀-嘉義,2023-06-29,1034
2851,中再保,20,0,20,土銀-嘉義,2023-06-29,1034
2603,長榮,23,5,18,土銀-嘉義,2023-06-29,1034
2409,友達,24,7,17,土銀-嘉義,2023-06-29,1034
00919,群益台灣精選高息,16,0,16,土銀-嘉義,2023-06-29,1034
3025,星通,15,0,15,土銀-嘉義,2023-06-29,1034
2609,陽明,14,0,14,土銀-嘉義,2023-06-29,1034
2634,漢翔,16,3,13,土銀-嘉義,2023-06-29,1034
3706,神達,12,1,11,土銀-嘉義,2023-06-29,1034
2010,春源,10,0,10,土銀-嘉義,2023-06-29,1034
2340,台亞,17,7,10,土銀-嘉義,2023-06-29,1034
4167,松瑞藥,10,0,10,土銀-嘉義,2023-06-29,1034
3356,奇偶,10,2,8,土銀-嘉義,2023-06-29,1034
1591,駿吉-KY,8,0,8,土銀-嘉義,2023-06-29,1034
00882,中信中國高股息,8,0,8,土銀-嘉義,2023-06-29,1034
1504,東元,14,6,8,土銀-嘉義,2023-06-29,1034
3037,欣興,12,4,8,土銀-嘉義,2023-06-29,1034
1319,東陽,6,0,6,土銀-嘉義,2023-06-29,1034
2303,聯電,8,2,6,土銀-嘉義,2023-06-29,1034
3714,富采,6,0,6,土銀-嘉義,2023-06-29,1034
4979,華星光,7,1,6,土銀-嘉義,2023-06-29,1034
8034,榮群,6,0,6,土銀-嘉義,2023-06-29,1034
1519,華城,5,0,5,土銀-嘉義,2023-06-29,1034
2002,中鋼,6,1,5,土銀-嘉義,2023-06-29,1034
2332,友訊,5,0,5,土銀-嘉義,2023-06-29,1034
2393,億光,5,0,5,土銀-嘉義,2023-06-29,1034
2607,榮運,5,0,5,土銀-嘉義,2023-06-29,1034
3162,精確,5,0,5,土銀-嘉義,2023-06-29,1034
3308,聯德,5,0,5,土銀-嘉義,2023-06-29,1034
3346,麗清,5,0,5,土銀-嘉義,2023-06-29,1034
9907,統一實,5,0,5,土銀-嘉義,2023-06-29,1034
2206,三陽工業,6,2,4,土銀-嘉義,2023-06-29,1034
2323,中環,4,0,4,土銀-嘉義,2023-06-29,1034
2362,藍天,4,0,4,土銀-嘉義,2023-06-29,1034
3005,神基,5,1,4,土銀-嘉義,2023-06-29,1034
6219,富旺,4,0,4,土銀-嘉義,2023-06-29,1034
00878,國泰永續高股息,4,0,4,土銀-嘉義,2023-06-29,1034
2312,金寶,5,1,4,土銀-嘉義,2023-06-29,1034
1734,杏輝,3,0,3,土銀-嘉義,2023-06-29,1034
00712,復華富時不動產,185,6,179,土銀-嘉義,2023-06-30,1034
2845,遠東銀,161,0,161,土銀-嘉義,2023-06-30,1034
00687B,國泰20年美債,247,100,147,土銀-嘉義,2023-06-30,1034
2888,新光金,109,0,109,土銀-嘉義,2023-06-30,1034
2489,瑞軒,63,5,58,土銀-嘉義,2023-06-30,1034
2618,長榮航,64,8,56,土銀-嘉義,2023-06-30,1034
2892,第一金,50,0,50,土銀-嘉義,2023-06-30,1034
1301,台塑,24,0,24,土銀-嘉義,2023-06-30,1034
6219,富旺,21,0,21,土銀-嘉義,2023-06-30,1034
2105,正新,19,0,19,土銀-嘉義,2023-06-30,1034
1605,華新,20,2,18,土銀-嘉義,2023-06-30,1034
1219,福壽,12,1,11,土銀-嘉義,2023-06-30,1034
2344,華邦電,11,0,11,土銀-嘉義,2023-06-30,1034
2104,國際中橡,10,0,10,土銀-嘉義,2023-06-30,1034
1528,恩德,10,0,10,土銀-嘉義,2023-06-30,1034
2375,凱美,10,0,10,土銀-嘉義,2023-06-30,1034
2402,毅嘉,12,2,10,土銀-嘉義,2023-06-30,1034
2883,凱基金,10,0,10,土銀-嘉義,2023-06-30,1034
3520,華盈,10,0,10,土銀-嘉義,2023-06-30,1034
1529,樂事綠能,12,3,9,土銀-嘉義,2023-06-30,1034
2615,萬海,15,6,9,土銀-嘉義,2023-06-30,1034
3231,緯創,56,47,9,土銀-嘉義,2023-06-30,1034
1734,杏輝,8,0,8,土銀-嘉義,2023-06-30,1034
6153,嘉聯益,10,2,8,土銀-嘉義,2023-06-30,1034
1904,正隆,7,0,7,土銀-嘉義,2023-06-30,1034
2705,六福,6,0,6,土銀-嘉義,2023-06-30,1034
2887,台新金,6,0,6,土銀-嘉義,2023-06-30,1034
3260,威剛,6,0,6,土銀-嘉義,2023-06-30,1034
2603,長榮,29,23,6,土銀-嘉義,2023-06-30,1034
3450,聯鈞,5,0,5,土銀-嘉義,2023-06-30,1034
00680L,元大美債20正2,5,0,5,土銀-嘉義,2023-06-30,1034
00882,中信中國高股息,5,0,5,土銀-嘉義,2023-06-30,1034
00696B,富邦美債20年,5,0,5,土銀-嘉義,2023-06-30,1034
1513,中興電,10,5,5,土銀-嘉義,2023-06-30,1034
1522,堤維西,5,0,5,土銀-嘉義,2023-06-30,1034
1731,美吾華,5,0,5,土銀-嘉義,2023-06-30,1034
2014,中鴻,5,0,5,土銀-嘉義,2023-06-30,1034
2323,中環,10,5,5,土銀-嘉義,2023-06-30,1034
2332,友訊,8,3,5,土銀-嘉義,2023-06-30,1034
2353,宏��,5,0,5,土銀-嘉義,2023-06-30,1034
2834,臺企銀,5,0,5,土銀-嘉義,2023-06-30,1034
3311,閎暉,5,0,5,土銀-嘉義,2023-06-30,1034
3481,群創,7,2,5,土銀-嘉義,2023-06-30,1034
5603,陸海,5,0,5,土銀-嘉義,2023-06-30,1034
6672,騰輝電子-KY,5,0,5,土銀-嘉義,2023-06-30,1034
1589,永冠-KY,5,1,4,土銀-嘉義,2023-06-30,1034
2340,台亞,5,1,4,土銀-嘉義,2023-06-30,1034
3032,偉訓,4,0,4,土銀-嘉義,2023-06-30,1034
3038,全台,5,1,4,土銀-嘉義,2023-06-30,1034
3045,台灣大,4,0,4,土銀-嘉義,2023-06-30,1034
2845,遠東銀,264,45,219,土銀-嘉義,2023-07-03,1034
00753L,中信中國50正2,62,0,62,土銀-嘉義,2023-07-03,1034
2883,凱基金,50,0,50,土銀-嘉義,2023-07-03,1034
4906,正文,35,2,33,土銀-嘉義,2023-07-03,1034
1104,環泥,32,0,32,土銀-嘉義,2023-07-03,1034
00720B,元大投資級公司債,30,0,30,土銀-嘉義,2023-07-03,1034
2883B,凱基金乙特,30,0,30,土銀-嘉義,2023-07-03,1034
5009,榮剛,21,0,21,土銀-嘉義,2023-07-03,1034
6591,動力-KY,20,0,20,土銀-嘉義,2023-07-03,1034
3051,力特,20,1,19,土銀-嘉義,2023-07-03,1034
1609,大亞,22,4,18,土銀-嘉義,2023-07-03,1034
2356,英業達,21,5,16,土銀-嘉義,2023-07-03,1034
1528,恩德,14,1,13,土銀-嘉義,2023-07-03,1034
2331,精英,17,4,13,土銀-嘉義,2023-07-03,1034
2603,長榮,20,8,12,土銀-嘉義,2023-07-03,1034
8050,廣積,15,4,11,土銀-嘉義,2023-07-03,1034
00881,國泰台灣5G+,10,0,10,土銀-嘉義,2023-07-03,1034
00830,國泰費城半導體,10,0,10,土銀-嘉義,2023-07-03,1034
00712,復華富時不動產,10,0,10,土銀-嘉義,2023-07-03,1034
00892,富邦台灣半導體,10,0,10,土銀-嘉義,2023-07-03,1034
2701,萬企,10,0,10,土銀-嘉義,2023-07-03,1034
3703,欣陸,10,0,10,土銀-嘉義,2023-07-03,1034
4157,太景*-KY,10,0,10,土銀-嘉義,2023-07-03,1034
6441,廣錠,10,0,10,土銀-嘉義,2023-07-03,1034
6712,長聖,10,0,10,土銀-嘉義,2023-07-03,1034
1101,台泥,9,0,9,土銀-嘉義,2023-07-03,1034
2374,佳能,10,1,9,土銀-嘉義,2023-07-03,1034
2303,聯電,10,2,8,土銀-嘉義,2023-07-03,1034
2323,中環,23,15,8,土銀-嘉義,2023-07-03,1034
2388,威盛,8,0,8,土銀-嘉義,2023-07-03,1034
6153,嘉聯益,10,2,8,土銀-嘉義,2023-07-03,1034
00640L,富邦日本正2,7,0,7,土銀-嘉義,2023-07-03,1034
1907,永豐餘,8,1,7,土銀-嘉義,2023-07-03,1034
2606,裕民,7,0,7,土銀-嘉義,2023-07-03,1034
5309,系統電,7,0,7,土銀-嘉義,2023-07-03,1034
8049,晶采,7,0,7,土銀-嘉義,2023-07-03,1034
8059,凱碩,7,0,7,土銀-嘉義,2023-07-03,1034
2352,佳世達,7,1,6,土銀-嘉義,2023-07-03,1034
1795,美時,10,5,5,土銀-嘉義,2023-07-03,1034
1708,東鹼,5,0,5,土銀-嘉義,2023-07-03,1034
2888,新光金,5,0,5,土銀-嘉義,2023-07-03,1034
3176,基亞,5,0,5,土銀-嘉義,2023-07-03,1034
4707,磐亞,5,0,5,土銀-嘉義,2023-07-03,1034
6122,擎邦,5,0,5,土銀-嘉義,2023-07-03,1034
6176,瑞儀,5,0,5,土銀-嘉義,2023-07-03,1034
6470,宇智,6,1,5,土銀-嘉義,2023-07-03,1034
8450,霹靂,5,0,5,土銀-嘉義,2023-07-03,1034
00764B,群益25年美債,4,0,4,土銀-嘉義,2023-07-03,1034
00885,富邦越南,4,0,4,土銀-嘉義,2023-07-03,1034
2377,微星,4,0,4,土銀-嘉義,2023-07-03,1034
00679B,元大美債20年,153,0,153,土銀-嘉義,2023-07-04,1034
2883,凱基金,139,0,139,土銀-嘉義,2023-07-04,1034
2888,新光金,131,0,131,土銀-嘉義,2023-07-04,1034
1802,台玻,103,0,103,土銀-嘉義,2023-07-04,1034
2030,彰源,102,1,101,土銀-嘉義,2023-07-04,1034
00772B,中信高評級公司債,79,0,79,土銀-嘉義,2023-07-04,1034
4938,和碩,65,0,65,土銀-嘉義,2023-07-04,1034
2107,厚生,50,0,50,土銀-嘉義,2023-07-04,1034
6288,聯嘉,52,2,50,土銀-嘉義,2023-07-04,1034
1217,愛之味,50,10,40,土銀-嘉義,2023-07-04,1034
2399,映泰,32,0,32,土銀-嘉義,2023-07-04,1034
2357,華碩,31,0,31,土銀-嘉義,2023-07-04,1034
00712,復華富時不動產,28,3,25,土銀-嘉義,2023-07-04,1034
0056,元大高股息,49,24,25,土銀-嘉義,2023-07-04,1034
1905,華紙,39,16,23,土銀-嘉義,2023-07-04,1034
2317,鴻海,31,11,20,土銀-嘉義,2023-07-04,1034
00715L,期街口布蘭特正2,20,0,20,土銀-嘉義,2023-07-04,1034
2501,國建,20,0,20,土銀-嘉義,2023-07-04,1034
2892,第一金,20,0,20,土銀-嘉義,2023-07-04,1034
4533,協易機,20,0,20,土銀-嘉義,2023-07-04,1034
2409,友達,28,10,18,土銀-嘉義,2023-07-04,1034
00893,國泰智能電動車,20,3,17,土銀-嘉義,2023-07-04,1034
3013,晟銘電,18,1,17,土銀-嘉義,2023-07-04,1034
2375,凱美,16,0,16,土銀-嘉義,2023-07-04,1034
00892,富邦台灣半導體,15,0,15,土銀-嘉義,2023-07-04,1034
1303,南亞,15,0,15,土銀-嘉義,2023-07-04,1034
00830,國泰費城半導體,15,0,15,土銀-嘉義,2023-07-04,1034
2352,佳世達,15,0,15,土銀-嘉義,2023-07-04,1034
2618,長榮航,32,17,15,土銀-嘉義,2023-07-04,1034
4979,華星光,13,0,13,土銀-嘉義,2023-07-04,1034
4916,事欣科,16,5,11,土銀-嘉義,2023-07-04,1034
00720B,元大投資級公司債,11,0,11,土銀-嘉義,2023-07-04,1034
3025,星通,21,10,11,土銀-嘉義,2023-07-04,1034
4915,致伸,11,0,11,土銀-嘉義,2023-07-04,1034
1460,宏遠,18,8,10,土銀-嘉義,2023-07-04,1034
2104,國際中橡,10,0,10,土銀-嘉義,2023-07-04,1034
3703,欣陸,10,0,10,土銀-嘉義,2023-07-04,1034
8088,品安,10,0,10,土銀-嘉義,2023-07-04,1034
9103,美德醫療-DR,10,0,10,土銀-嘉義,2023-07-04,1034
2609,陽明,22,13,9,土銀-嘉義,2023-07-04,1034
3031,佰鴻,9,0,9,土銀-嘉義,2023-07-04,1034
2382,廣達,33,25,8,土銀-嘉義,2023-07-04,1034
8050,廣積,8,0,8,土銀-嘉義,2023-07-04,1034
1522,堤維西,11,4,7,土銀-嘉義,2023-07-04,1034
2413,環科,7,0,7,土銀-嘉義,2023-07-04,1034
3704,合勤控,18,11,7,土銀-嘉義,2023-07-04,1034
6188,廣明,9,2,7,土銀-嘉義,2023-07-04,1034
1301,台塑,6,0,6,土銀-嘉義,2023-07-04,1034
00885,富邦越南,6,0,6,土銀-嘉義,2023-07-04,1034
2301,光寶科,29,23,6,土銀-嘉義,2023-07-04,1034
2888,新光金,107,6,101,土銀-嘉義,2023-07-05,1034
2618,長榮航,168,76,92,土銀-嘉義,2023-07-05,1034
6506,雙邦,50,0,50,土銀-嘉義,2023-07-05,1034
3576,聯合再生,30,0,30,土銀-嘉義,2023-07-05,1034
3265,台星科,26,0,26,土銀-嘉義,2023-07-05,1034
00679B,元大美債20年,22,0,22,土銀-嘉義,2023-07-05,1034
2609,陽明,56,34,22,土銀-嘉義,2023-07-05,1034
2034,允強,20,0,20,土銀-嘉義,2023-07-05,1034
3051,力特,20,0,20,土銀-嘉義,2023-07-05,1034
2489,瑞軒,20,3,17,土銀-嘉義,2023-07-05,1034
00882,中信中國高股息,23,7,16,土銀-嘉義,2023-07-05,1034
2356,英業達,18,3,15,土銀-嘉義,2023-07-05,1034
4919,新唐,28,13,15,土銀-嘉義,2023-07-05,1034
5425,台半,14,0,14,土銀-嘉義,2023-07-05,1034
1605,華新,15,2,13,土銀-嘉義,2023-07-05,1034
2002,中鋼,13,0,13,土銀-嘉義,2023-07-05,1034
2421,建準,13,1,12,土銀-嘉義,2023-07-05,1034
1314,中石化,11,0,11,土銀-嘉義,2023-07-05,1034
3027,盛達,14,3,11,土銀-嘉義,2023-07-05,1034
1905,華紙,16,6,10,土銀-嘉義,2023-07-05,1034
8034,榮群,10,0,10,土銀-嘉義,2023-07-05,1034
0056,元大高股息,9,0,9,土銀-嘉義,2023-07-05,1034
00712,復華富時不動產,11,2,9,土銀-嘉義,2023-07-05,1034
1785,光洋科,11,2,9,土銀-嘉義,2023-07-05,1034
2402,毅嘉,12,3,9,土銀-嘉義,2023-07-05,1034
3013,晟銘電,10,1,9,土銀-嘉義,2023-07-05,1034
2027,大成鋼,8,0,8,土銀-嘉義,2023-07-05,1034
4927,泰鼎-KY,8,0,8,土銀-嘉義,2023-07-05,1034
1513,中興電,13,6,7,土銀-嘉義,2023-07-05,1034
1815,富喬,7,0,7,土銀-嘉義,2023-07-05,1034
1734,杏輝,6,0,6,土銀-嘉義,2023-07-05,1034
3078,僑威,11,5,6,土銀-嘉義,2023-07-05,1034
4938,和碩,6,0,6,土銀-嘉義,2023-07-05,1034
1301,台塑,5,0,5,土銀-嘉義,2023-07-05,1034
1529,樂事綠能,5,0,5,土銀-嘉義,2023-07-05,1034
1219,福壽,5,0,5,土銀-嘉義,2023-07-05,1034
006208,富邦台50,5,0,5,土銀-嘉義,2023-07-05,1034
2103,台橡,5,0,5,土銀-嘉義,2023-07-05,1034
2408,南亞科,5,0,5,土銀-嘉義,2023-07-05,1034
2413,環科,5,0,5,土銀-嘉義,2023-07-05,1034
2745,五福,10,5,5,土銀-嘉義,2023-07-05,1034
2801,彰銀,5,0,5,土銀-嘉義,2023-07-05,1034
2882,國泰金,5,0,5,土銀-嘉義,2023-07-05,1034
3006,晶豪科,5,0,5,土銀-嘉義,2023-07-05,1034
3289,宜特,6,1,5,土銀-嘉義,2023-07-05,1034
3532,台勝科,5,0,5,土銀-嘉義,2023-07-05,1034
3607,谷崧,5,0,5,土銀-嘉義,2023-07-05,1034
3706,神達,9,4,5,土銀-嘉義,2023-07-05,1034
3712,永崴投控,5,0,5,土銀-嘉義,2023-07-05,1034
5512,力麒,5,0,5,土銀-嘉義,2023-07-05,1034
2888,新光金,205,25,180,土銀-嘉義,2023-07-06,1034
1802,台玻,106,0,106,土銀-嘉義,2023-07-06,1034
4157,太景*-KY,63,1,62,土銀-嘉義,2023-07-06,1034
2880,華南金,55,0,55,土銀-嘉義,2023-07-06,1034
00665L,富邦�琤肭磪囓�2,50,0,50,土銀-嘉義,2023-07-06,1034
3576,聯合再生,42,0,42,土銀-嘉義,2023-07-06,1034
5009,榮剛,33,3,30,土銀-嘉義,2023-07-06,1034
6282,康舒,45,15,30,土銀-嘉義,2023-07-06,1034
00680L,元大美債20正2,28,0,28,土銀-嘉義,2023-07-06,1034
00878,國泰永續高股息,30,5,25,土銀-嘉義,2023-07-06,1034
0056,元大高股息,27,3,24,土銀-嘉義,2023-07-06,1034
2027,大成鋼,23,0,23,土銀-嘉義,2023-07-06,1034
3535,晶彩科,22,0,22,土銀-嘉義,2023-07-06,1034
2409,友達,43,22,21,土銀-嘉義,2023-07-06,1034
00751B,元大AAA至A公司債,21,0,21,土銀-嘉義,2023-07-06,1034
00688L,國泰20年美債正2,20,0,20,土銀-嘉義,2023-07-06,1034
1591,駿吉-KY,20,0,20,土銀-嘉義,2023-07-06,1034
2002,中鋼,19,0,19,土銀-嘉義,2023-07-06,1034
00929,復華台灣科技優息,18,0,18,土銀-嘉義,2023-07-06,1034
00679B,元大美債20年,17,0,17,土銀-嘉義,2023-07-06,1034
9907,統一實,17,0,17,土銀-嘉義,2023-07-06,1034
1904,正隆,17,2,15,土銀-嘉義,2023-07-06,1034
00888,永豐台灣ESG,15,0,15,土銀-嘉義,2023-07-06,1034
00919,群益台灣精選高息,15,0,15,土銀-嘉義,2023-07-06,1034
2883,凱基金,15,0,15,土銀-嘉義,2023-07-06,1034
2489,瑞軒,37,23,14,土銀-嘉義,2023-07-06,1034
2892,第一金,14,0,14,土銀-嘉義,2023-07-06,1034
2436,偉詮電,13,0,13,土銀-嘉義,2023-07-06,1034
2457,飛宏,13,0,13,土銀-嘉義,2023-07-06,1034
8016,矽創,14,1,13,土銀-嘉義,2023-07-06,1034
2887,台新金,12,0,12,土銀-嘉義,2023-07-06,1034
00715L,期街口布蘭特正2,20,8,12,土銀-嘉義,2023-07-06,1034
6244,茂迪,12,0,12,土銀-嘉義,2023-07-06,1034
3260,威剛,11,0,11,土銀-嘉義,2023-07-06,1034
00900,富邦特選高股息30,10,0,10,土銀-嘉義,2023-07-06,1034
1303,南亞,10,0,10,土銀-嘉義,2023-07-06,1034
1584,精剛,10,0,10,土銀-嘉義,2023-07-06,1034
2882,國泰金,10,0,10,土銀-嘉義,2023-07-06,1034
3062,建漢,10,0,10,土銀-嘉義,2023-07-06,1034
5340,建榮,10,0,10,土銀-嘉義,2023-07-06,1034
5864,致和證,10,0,10,土銀-嘉義,2023-07-06,1034
6133,金橋,10,0,10,土銀-嘉義,2023-07-06,1034
6182,合晶,10,0,10,土銀-嘉義,2023-07-06,1034
6821,聯寶,10,0,10,土銀-嘉義,2023-07-06,1034
1460,宏遠,9,0,9,土銀-嘉義,2023-07-06,1034
2405,輔信,10,1,9,土銀-嘉義,2023-07-06,1034
1301,台塑,8,0,8,土銀-嘉義,2023-07-06,1034
00713,元大台灣高息低波,10,2,8,土銀-嘉義,2023-07-06,1034
3037,欣興,9,1,8,土銀-嘉義,2023-07-06,1034
4414,如興,8,0,8,土銀-嘉義,2023-07-06,1034
00712,復華富時不動產,203,8,195,土銀-嘉義,2023-07-07,1034
2888,新光金,185,0,185,土銀-嘉義,2023-07-07,1034
00687B,國泰20年美債,148,0,148,土銀-嘉義,2023-07-07,1034
1802,台玻,111,1,110,土銀-嘉義,2023-07-07,1034
00680L,元大美債20正2,43,0,43,土銀-嘉義,2023-07-07,1034
0056,元大高股息,38,2,36,土銀-嘉義,2023-07-07,1034
2883,凱基金,32,0,32,土銀-嘉義,2023-07-07,1034
6770,力積電,29,2,27,土銀-嘉義,2023-07-07,1034
00929,復華台灣科技優息,24,0,24,土銀-嘉義,2023-07-07,1034
2880,華南金,25,1,24,土銀-嘉義,2023-07-07,1034
3231,緯創,66,44,22,土銀-嘉義,2023-07-07,1034
1529,樂事綠能,20,0,20,土銀-嘉義,2023-07-07,1034
2495,普安,20,0,20,土銀-嘉義,2023-07-07,1034
6222,上揚,20,0,20,土銀-嘉義,2023-07-07,1034
2887,台新金,16,0,16,土銀-嘉義,2023-07-07,1034
3481,群創,18,2,16,土銀-嘉義,2023-07-07,1034
1522,堤維西,15,0,15,土銀-嘉義,2023-07-07,1034
2344,華邦電,15,0,15,土銀-嘉義,2023-07-07,1034
2353,宏��,15,0,15,土銀-嘉義,2023-07-07,1034
9907,統一實,17,2,15,土銀-嘉義,2023-07-07,1034
1904,正隆,14,0,14,土銀-嘉義,2023-07-07,1034
2419,仲琦,32,20,12,土銀-嘉義,2023-07-07,1034
2618,長榮航,34,22,12,土銀-嘉義,2023-07-07,1034
3006,晶豪科,11,0,11,土銀-嘉義,2023-07-07,1034
4938,和碩,11,0,11,土銀-嘉義,2023-07-07,1034
00637L,元大滬深300正2,11,1,10,土銀-嘉義,2023-07-07,1034
00751B,元大AAA至A公司債,10,0,10,土銀-嘉義,2023-07-07,1034
00888,永豐台灣ESG,10,0,10,土銀-嘉義,2023-07-07,1034
3025,星通,14,4,10,土銀-嘉義,2023-07-07,1034
3372,典範,10,0,10,土銀-嘉義,2023-07-07,1034
3703,欣陸,10,0,10,土銀-嘉義,2023-07-07,1034
4155,訊映,10,0,10,土銀-嘉義,2023-07-07,1034
00882,中信中國高股息,13,4,9,土銀-嘉義,2023-07-07,1034
2615,萬海,9,0,9,土銀-嘉義,2023-07-07,1034
2834,臺企銀,11,2,9,土銀-嘉義,2023-07-07,1034
2892,第一金,11,2,9,土銀-嘉義,2023-07-07,1034
4532,瑞智,12,3,9,土銀-嘉義,2023-07-07,1034
2501,國建,8,0,8,土銀-嘉義,2023-07-07,1034
3260,威剛,10,2,8,土銀-嘉義,2023-07-07,1034
5309,系統電,15,7,8,土銀-嘉義,2023-07-07,1034
8093,保銳,10,2,8,土銀-嘉義,2023-07-07,1034
1301,台塑,7,0,7,土銀-嘉義,2023-07-07,1034
2393,億光,7,0,7,土銀-嘉義,2023-07-07,1034
6173,信昌電,7,0,7,土銀-嘉義,2023-07-07,1034
2881,富邦金,7,1,6,土銀-嘉義,2023-07-07,1034
00919,群益台灣精選高息,6,0,6,土銀-嘉義,2023-07-07,1034
2324,仁寶,7,1,6,土銀-嘉義,2023-07-07,1034
2375,凱美,10,4,6,土銀-嘉義,2023-07-07,1034
3019,亞光,6,0,6,土銀-嘉義,2023-07-07,1034
6109,亞元,6,0,6,土銀-嘉義,2023-07-07,1034
2845,遠東銀,128,21,107,土銀-嘉義,2023-07-10,1034
00893,國泰智能電動車,70,3,67,土銀-嘉義,2023-07-10,1034
3576,聯合再生,52,0,52,土銀-嘉義,2023-07-10,1034
1409,新纖,50,0,50,土銀-嘉義,2023-07-10,1034
6770,力積電,50,0,50,土銀-嘉義,2023-07-10,1034
6257,矽格,30,1,29,土銀-嘉義,2023-07-10,1034
2027,大成鋼,27,0,27,土銀-嘉義,2023-07-10,1034
2317,鴻海,25,2,23,土銀-嘉義,2023-07-10,1034
00680L,元大美債20正2,20,0,20,土銀-嘉義,2023-07-10,1034
4532,瑞智,57,38,19,土銀-嘉義,2023-07-10,1034
4938,和碩,18,0,18,土銀-嘉義,2023-07-10,1034
6016,康和證,20,2,18,土銀-嘉義,2023-07-10,1034
2883,凱基金,20,2,18,土銀-嘉義,2023-07-10,1034
00882,中信中國高股息,17,0,17,土銀-嘉義,2023-07-10,1034
2888,新光金,14,0,14,土銀-嘉義,2023-07-10,1034
6282,康舒,31,18,13,土銀-嘉義,2023-07-10,1034
2002,中鋼,18,5,13,土銀-嘉義,2023-07-10,1034
4533,協易機,13,1,12,土銀-嘉義,2023-07-10,1034
1515,力山,21,10,11,土銀-嘉義,2023-07-10,1034
00712,復華富時不動產,11,0,11,土銀-嘉義,2023-07-10,1034
00687B,國泰20年美債,10,0,10,土銀-嘉義,2023-07-10,1034
00751B,元大AAA至A公司債,10,0,10,土銀-嘉義,2023-07-10,1034
00856B,永豐1-3年美公債,10,0,10,土銀-嘉義,2023-07-10,1034
2105,正新,10,0,10,土銀-嘉義,2023-07-10,1034
2375,凱美,10,0,10,土銀-嘉義,2023-07-10,1034
2453,凌群,10,0,10,土銀-嘉義,2023-07-10,1034
2615,萬海,10,0,10,土銀-嘉義,2023-07-10,1034
3535,晶彩科,10,0,10,土銀-嘉義,2023-07-10,1034
3707,漢磊,12,2,10,土銀-嘉義,2023-07-10,1034
8050,廣積,10,0,10,土銀-嘉義,2023-07-10,1034
2352,佳世達,10,1,9,土銀-嘉義,2023-07-10,1034
2323,中環,8,0,8,土銀-嘉義,2023-07-10,1034
00673R,期元大S＆P原油反1,7,0,7,土銀-嘉義,2023-07-10,1034
1101,台泥,7,0,7,土銀-嘉義,2023-07-10,1034
2427,三商電,10,3,7,土銀-嘉義,2023-07-10,1034
2603,長榮,13,6,7,土銀-嘉義,2023-07-10,1034
3178,公準,7,0,7,土銀-嘉義,2023-07-10,1034
3324,雙鴻,9,2,7,土銀-嘉義,2023-07-10,1034
00919,群益台灣精選高息,7,0,7,土銀-嘉義,2023-07-10,1034
00715L,期街口布蘭特正2,6,0,6,土銀-嘉義,2023-07-10,1034
1522,堤維西,6,0,6,土銀-嘉義,2023-07-10,1034
2630,亞航,6,0,6,土銀-嘉義,2023-07-10,1034
3305,昇貿,6,0,6,土銀-嘉義,2023-07-10,1034
1737,臺鹽,6,0,6,土銀-嘉義,2023-07-10,1034
1584,精剛,5,0,5,土銀-嘉義,2023-07-10,1034
1103,嘉泥,5,0,5,土銀-嘉義,2023-07-10,1034
2034,允強,5,0,5,土銀-嘉義,2023-07-10,1034
2412,中華電,5,0,5,土銀-嘉義,2023-07-10,1034
2485,兆赫,5,0,5,土銀-嘉義,2023-07-10,1034
2617,台航,5,0,5,土銀-嘉義,2023-07-10,1034
6770,力積電,35,1,34,土銀-嘉義,2023-07-11,1034
8033,雷虎,34,4,30,土銀-嘉義,2023-07-11,1034
2515,中工,30,0,30,土銀-嘉義,2023-07-11,1034
3576,聯合再生,30,0,30,土銀-嘉義,2023-07-11,1034
00929,復華台灣科技優息,37,8,29,土銀-嘉義,2023-07-11,1034
2897,王道銀行,25,3,22,土銀-嘉義,2023-07-11,1034
2609,陽明,23,4,19,土銀-嘉義,2023-07-11,1034
2883,凱基金,18,0,18,土銀-嘉義,2023-07-11,1034
2368,金像電,36,22,14,土銀-嘉義,2023-07-11,1034
6285,啟��,52,40,12,土銀-嘉義,2023-07-11,1034
3025,星通,38,27,11,土銀-嘉義,2023-07-11,1034
1618,合機,11,0,11,土銀-嘉義,2023-07-11,1034
2867,三商壽,11,0,11,土銀-嘉義,2023-07-11,1034
00712,復華富時不動產,10,0,10,土銀-嘉義,2023-07-11,1034
00680L,元大美債20正2,10,0,10,土銀-嘉義,2023-07-11,1034
1609,大亞,12,2,10,土銀-嘉義,2023-07-11,1034
4942,嘉彰,10,0,10,土銀-嘉義,2023-07-11,1034
5310,天剛,10,0,10,土銀-嘉義,2023-07-11,1034
6168,宏齊,10,0,10,土銀-嘉義,2023-07-11,1034
2603,長榮,8,0,8,土銀-嘉義,2023-07-11,1034
2206,三陽工業,7,0,7,土銀-嘉義,2023-07-11,1034
2375,凱美,10,3,7,土銀-嘉義,2023-07-11,1034
3035,智原,17,10,7,土銀-嘉義,2023-07-11,1034
3162,精確,7,0,7,土銀-嘉義,2023-07-11,1034
8050,廣積,10,3,7,土銀-嘉義,2023-07-11,1034
2409,友達,33,26,7,土銀-嘉義,2023-07-11,1034
1734,杏輝,6,0,6,土銀-嘉義,2023-07-11,1034
1513,中興電,8,2,6,土銀-嘉義,2023-07-11,1034
1532,勤美,6,0,6,土銀-嘉義,2023-07-11,1034
2838,聯邦銀,6,0,6,土銀-嘉義,2023-07-11,1034
3062,建漢,6,0,6,土銀-嘉義,2023-07-11,1034
3703,欣陸,6,0,6,土銀-嘉義,2023-07-11,1034
5009,榮剛,7,1,6,土銀-嘉義,2023-07-11,1034
2913,農林,6,0,6,土銀-嘉義,2023-07-11,1034
2303,聯電,6,1,5,土銀-嘉義,2023-07-11,1034
1718,中纖,5,0,5,土銀-嘉義,2023-07-11,1034
1522,堤維西,5,0,5,土銀-嘉義,2023-07-11,1034
1442,名軒,5,0,5,土銀-嘉義,2023-07-11,1034
00856B,永豐1-3年美公債,5,0,5,土銀-嘉義,2023-07-11,1034
00882,中信中國高股息,5,0,5,土銀-嘉義,2023-07-11,1034
1604,聲寶,5,0,5,土銀-嘉義,2023-07-11,1034
2034,允強,5,0,5,土銀-嘉義,2023-07-11,1034
2492,華新科,5,0,5,土銀-嘉義,2023-07-11,1034
3147,大綜,5,0,5,土銀-嘉義,2023-07-11,1034
3234,光環,5,0,5,土銀-嘉義,2023-07-11,1034
4106,雃博,5,0,5,土銀-嘉義,2023-07-11,1034
4116,明基醫,5,0,5,土銀-嘉義,2023-07-11,1034
6188,廣明,5,0,5,土銀-嘉義,2023-07-11,1034
4960,誠美材,4,0,4,土銀-嘉義,2023-07-11,1034
00715L,期街口布蘭特正2,4,0,4,土銀-嘉義,2023-07-11,1034
2897,王道銀行,76,0,76,土銀-嘉義,2023-07-12,1034
00679B,元大美債20年,57,1,56,土銀-嘉義,2023-07-12,1034
1802,台玻,50,0,50,土銀-嘉義,2023-07-12,1034
3535,晶彩科,50,0,50,土銀-嘉義,2023-07-12,1034
3576,聯合再生,50,0,50,土銀-嘉義,2023-07-12,1034
2027,大成鋼,45,0,45,土銀-嘉義,2023-07-12,1034
6770,力積電,32,2,30,土銀-嘉義,2023-07-12,1034
00712,復華富時不動產,30,0,30,土銀-嘉義,2023-07-12,1034
2356,英業達,60,34,26,土銀-嘉義,2023-07-12,1034
00680L,元大美債20正2,20,0,20,土銀-嘉義,2023-07-12,1034
6120,達運,22,2,20,土銀-嘉義,2023-07-12,1034
2353,宏��,22,4,18,土銀-嘉義,2023-07-12,1034
00929,復華台灣科技優息,22,5,17,土銀-嘉義,2023-07-12,1034
2438,翔耀,15,0,15,土銀-嘉義,2023-07-12,1034
2484,希華,13,0,13,土銀-嘉義,2023-07-12,1034
2755,揚秦,13,0,13,土銀-嘉義,2023-07-12,1034
2303,聯電,12,0,12,土銀-嘉義,2023-07-12,1034
4533,協易機,17,5,12,土銀-嘉義,2023-07-12,1034
1440,南紡,11,0,11,土銀-嘉義,2023-07-12,1034
2374,佳能,11,0,11,土銀-嘉義,2023-07-12,1034
2603,長榮,23,13,10,土銀-嘉義,2023-07-12,1034
00905,FT臺灣Smart,10,0,10,土銀-嘉義,2023-07-12,1034
2375,凱美,10,0,10,土銀-嘉義,2023-07-12,1034
2399,映泰,13,3,10,土銀-嘉義,2023-07-12,1034
2745,五福,10,0,10,土銀-嘉義,2023-07-12,1034
3266,昇陽,10,0,10,土銀-嘉義,2023-07-12,1034
4106,雃博,10,0,10,土銀-嘉義,2023-07-12,1034
3062,建漢,9,0,9,土銀-嘉義,2023-07-12,1034
8429,金麗-KY,9,0,9,土銀-嘉義,2023-07-12,1034
2611,志信,8,0,8,土銀-嘉義,2023-07-12,1034
2630,亞航,10,2,8,土銀-嘉義,2023-07-12,1034
3078,僑威,16,8,8,土銀-嘉義,2023-07-12,1034
3484,崧騰,8,0,8,土銀-嘉義,2023-07-12,1034
00673R,期元大S＆P原油反1,17,10,7,土銀-嘉義,2023-07-12,1034
00687B,國泰20年美債,7,0,7,土銀-嘉義,2023-07-12,1034
1618,合機,8,1,7,土銀-嘉義,2023-07-12,1034
2615,萬海,7,0,7,土銀-嘉義,2023-07-12,1034
5009,榮剛,14,7,7,土銀-嘉義,2023-07-12,1034
2337,旺宏,6,0,6,土銀-嘉義,2023-07-12,1034
2449,京元電子,9,4,5,土銀-嘉義,2023-07-12,1034
3317,尼克森,5,0,5,土銀-嘉義,2023-07-12,1034
2204,中華,5,0,5,土銀-嘉義,2023-07-12,1034
3176,基亞,5,0,5,土銀-嘉義,2023-07-12,1034
9904,寶成,5,0,5,土銀-嘉義,2023-07-12,1034
2359,所羅門,5,0,5,土銀-嘉義,2023-07-12,1034
2515,中工,4,0,4,土銀-嘉義,2023-07-12,1034
1584,精剛,4,0,4,土銀-嘉義,2023-07-12,1034
2393,億光,4,0,4,土銀-嘉義,2023-07-12,1034
3025,星通,5,1,4,土銀-嘉義,2023-07-12,1034
3031,佰鴻,4,0,4,土銀-嘉義,2023-07-12,1034
1605,華新,118,50,68,土銀-嘉義,2023-07-13,1034
00878,國泰永續高股息,87,20,67,土銀-嘉義,2023-07-13,1034
2885,元大金,55,0,55,土銀-嘉義,2023-07-13,1034
4931,新盛力,50,0,50,土銀-嘉義,2023-07-13,1034
2618,長榮航,50,1,49,土銀-嘉義,2023-07-13,1034
6288,聯嘉,50,1,49,土銀-嘉義,2023-07-13,1034
2610,華航,61,15,46,土銀-嘉義,2023-07-13,1034
2409,友達,51,22,29,土銀-嘉義,2023-07-13,1034
00673R,期元大S＆P原油反1,23,0,23,土銀-嘉義,2023-07-13,1034
3234,光環,22,0,22,土銀-嘉義,2023-07-13,1034
00712,復華富時不動產,20,0,20,土銀-嘉義,2023-07-13,1034
2489,瑞軒,20,0,20,土銀-嘉義,2023-07-13,1034
00733,富邦臺灣中小,16,0,16,土銀-嘉義,2023-07-13,1034
00900,富邦特選高股息30,17,1,16,土銀-嘉義,2023-07-13,1034
00930,永豐ESG低碳高息,15,0,15,土銀-嘉義,2023-07-13,1034
2382,廣達,35,20,15,土銀-嘉義,2023-07-13,1034
00882,中信中國高股息,14,0,14,土銀-嘉義,2023-07-13,1034
2206,三陽工業,20,6,14,土銀-嘉義,2023-07-13,1034
3176,基亞,14,0,14,土銀-嘉義,2023-07-13,1034
8358,金居,13,0,13,土銀-嘉義,2023-07-13,1034
2331,精英,12,0,12,土銀-嘉義,2023-07-13,1034
2457,飛宏,12,0,12,土銀-嘉義,2023-07-13,1034
3013,晟銘電,13,1,12,土銀-嘉義,2023-07-13,1034
2303,聯電,13,3,10,土銀-嘉義,2023-07-13,1034
00715L,期街口布蘭特正2,10,0,10,土銀-嘉義,2023-07-13,1034
2324,仁寶,16,6,10,土銀-嘉義,2023-07-13,1034
2399,映泰,13,3,10,土銀-嘉義,2023-07-13,1034
2438,翔耀,10,0,10,土銀-嘉義,2023-07-13,1034
2444,兆勁,10,0,10,土銀-嘉義,2023-07-13,1034
3703,欣陸,10,0,10,土銀-嘉義,2023-07-13,1034
4942,嘉彰,10,0,10,土銀-嘉義,2023-07-13,1034
1513,中興電,14,5,9,土銀-嘉義,2023-07-13,1034
1442,名軒,9,0,9,土銀-嘉義,2023-07-13,1034
2609,陽明,22,13,9,土銀-嘉義,2023-07-13,1034
4129,聯合,8,0,8,土銀-嘉義,2023-07-13,1034
2393,億光,8,0,8,土銀-嘉義,2023-07-13,1034
3071,協禧,10,2,8,土銀-嘉義,2023-07-13,1034
3217,優群,8,0,8,土銀-嘉義,2023-07-13,1034
3231,緯創,94,86,8,土銀-嘉義,2023-07-13,1034
4533,協易機,14,6,8,土銀-嘉義,2023-07-13,1034
8070,長華*,8,0,8,土銀-嘉義,2023-07-13,1034
3024,憶聲,7,0,7,土銀-嘉義,2023-07-13,1034
00929,復華台灣科技優息,23,17,6,土銀-嘉義,2023-07-13,1034
1103,嘉泥,6,0,6,土銀-嘉義,2023-07-13,1034
1514,亞力,6,0,6,土銀-嘉義,2023-07-13,1034
2419,仲琦,14,8,6,土銀-嘉義,2023-07-13,1034
3038,全台,6,0,6,土銀-嘉義,2023-07-13,1034
3673,TPK-KY,6,0,6,土銀-嘉義,2023-07-13,1034
6203,海韻電,6,0,6,土銀-嘉義,2023-07-13,1034
8049,晶采,6,1,5,土銀-嘉義,2023-07-13,1034
00632R,元大台灣50反1,60,0,60,土銀-嘉義,2023-07-14,1034
00671R,富邦NASDAQ反1,50,0,50,土銀-嘉義,2023-07-14,1034
00772B,中信高評級公司債,48,0,48,土銀-嘉義,2023-07-14,1034
2867,三商壽,46,0,46,土銀-嘉義,2023-07-14,1034
8050,廣積,46,0,46,土銀-嘉義,2023-07-14,1034
2618,長榮航,97,64,33,土銀-嘉義,2023-07-14,1034
2014,中鴻,30,0,30,土銀-嘉義,2023-07-14,1034
00882,中信中國高股息,17,2,15,土銀-嘉義,2023-07-14,1034
6517,保勝光學,15,0,15,土銀-嘉義,2023-07-14,1034
3325,旭品,12,0,12,土銀-嘉義,2023-07-14,1034
00673R,期元大S＆P原油反1,11,0,11,土銀-嘉義,2023-07-14,1034
2382,廣達,57,47,10,土銀-嘉義,2023-07-14,1034
1909,榮成,10,0,10,土銀-嘉義,2023-07-14,1034
00715L,期街口布蘭特正2,10,0,10,土銀-嘉義,2023-07-14,1034
00929,復華台灣科技優息,15,5,10,土銀-嘉義,2023-07-14,1034
00923,群益台ESG低碳50,10,0,10,土銀-嘉義,2023-07-14,1034
00919,群益台灣精選高息,10,0,10,土銀-嘉義,2023-07-14,1034
2362,藍天,10,0,10,土銀-嘉義,2023-07-14,1034
2371,大同,16,6,10,土銀-嘉義,2023-07-14,1034
2375,凱美,10,0,10,土銀-嘉義,2023-07-14,1034
2497,怡利電,10,0,10,土銀-嘉義,2023-07-14,1034
3703,欣陸,10,2,8,土銀-嘉義,2023-07-14,1034
4533,協易機,16,9,7,土銀-嘉義,2023-07-14,1034
6112,邁達特,7,0,7,土銀-嘉義,2023-07-14,1034
1609,大亞,7,1,6,土銀-嘉義,2023-07-14,1034
1802,台玻,6,0,6,土銀-嘉義,2023-07-14,1034
3114,好德,6,0,6,土銀-嘉義,2023-07-14,1034
3673,TPK-KY,13,7,6,土銀-嘉義,2023-07-14,1034
4746,台耀,12,6,6,土銀-嘉義,2023-07-14,1034
8059,凱碩,6,0,6,土銀-嘉義,2023-07-14,1034
2609,陽明,12,6,6,土銀-嘉義,2023-07-14,1034
6188,廣明,6,1,5,土銀-嘉義,2023-07-14,1034
1536,和大,5,0,5,土銀-嘉義,2023-07-14,1034
2027,大成鋼,5,0,5,土銀-嘉義,2023-07-14,1034
2103,台橡,5,0,5,土銀-嘉義,2023-07-14,1034
3374,精材,6,1,5,土銀-嘉義,2023-07-14,1034
6173,信昌電,5,0,5,土銀-嘉義,2023-07-14,1034
8048,德勝,5,0,5,土銀-嘉義,2023-07-14,1034
8155,博智,5,0,5,土銀-嘉義,2023-07-14,1034
6214,精誠,4,0,4,土銀-嘉義,2023-07-14,1034
1219,福壽,4,0,4,土銀-嘉義,2023-07-14,1034
00930,永豐ESG低碳高息,4,0,4,土銀-嘉義,2023-07-14,1034
1709,和益,4,0,4,土銀-嘉義,2023-07-14,1034
2402,毅嘉,6,2,4,土銀-嘉義,2023-07-14,1034
2481,強茂,5,1,4,土銀-嘉義,2023-07-14,1034
2615,萬海,6,2,4,土銀-嘉義,2023-07-14,1034
2890,永豐金,7,3,4,土銀-嘉義,2023-07-14,1034
3019,亞光,4,0,4,土銀-嘉義,2023-07-14,1034
3032,偉訓,4,0,4,土銀-嘉義,2023-07-14,1034
4157,太景*-KY,4,0,4,土銀-嘉義,2023-07-14,1034
2801,彰銀,95,0,95,土銀-嘉義,2023-07-17,1034
00637L,元大滬深300正2,74,0,74,土銀-嘉義,2023-07-17,1034
00720B,元大投資級公司債,52,0,52,土銀-嘉義,2023-07-17,1034
00687B,國泰20年美債,50,0,50,土銀-嘉義,2023-07-17,1034
2328,廣宇,41,1,40,土銀-嘉義,2023-07-17,1034
00919,群益台灣精選高息,33,2,31,土銀-嘉義,2023-07-17,1034
00929,復華台灣科技優息,27,2,25,土銀-嘉義,2023-07-17,1034
5483,中美晶,24,0,24,土銀-嘉義,2023-07-17,1034
6120,達運,21,0,21,土銀-嘉義,2023-07-17,1034
1434,福懋,21,1,20,土銀-嘉義,2023-07-17,1034
3481,群創,20,1,19,土銀-嘉義,2023-07-17,1034
4157,太景*-KY,16,0,16,土銀-嘉義,2023-07-17,1034
3711,日月光投控,15,0,15,土銀-嘉義,2023-07-17,1034
5426,振發,15,0,15,土銀-嘉義,2023-07-17,1034
2419,仲琦,15,1,14,土銀-嘉義,2023-07-17,1034
6770,力積電,13,0,13,土銀-嘉義,2023-07-17,1034
00882,中信中國高股息,16,4,12,土銀-嘉義,2023-07-17,1034
1301,台塑,12,0,12,土銀-嘉義,2023-07-17,1034
4931,新盛力,12,0,12,土銀-嘉義,2023-07-17,1034
1402,遠東新,11,0,11,土銀-嘉義,2023-07-17,1034
6290,良維,14,3,11,土銀-嘉義,2023-07-17,1034
00632R,元大台灣50反1,10,0,10,土銀-嘉義,2023-07-17,1034
00900,富邦特選高股息30,11,1,10,土銀-嘉義,2023-07-17,1034
2020,美亞,10,0,10,土銀-嘉義,2023-07-17,1034
2356,英業達,36,26,10,土銀-嘉義,2023-07-17,1034
2867,三商壽,10,0,10,土銀-嘉義,2023-07-17,1034
3266,昇陽,10,0,10,土銀-嘉義,2023-07-17,1034
4174,浩鼎,10,0,10,土銀-嘉義,2023-07-17,1034
5009,榮剛,10,0,10,土銀-嘉義,2023-07-17,1034
8271,宇瞻,10,0,10,土銀-嘉義,2023-07-17,1034
1314,中石化,9,0,9,土銀-嘉義,2023-07-17,1034
4968,立積,10,1,9,土銀-嘉義,2023-07-17,1034
3380,明泰,12,5,7,土銀-嘉義,2023-07-17,1034
2881,富邦金,15,8,7,土銀-嘉義,2023-07-17,1034
2388,威盛,24,17,7,土銀-嘉義,2023-07-17,1034
3576,聯合再生,7,0,7,土銀-嘉義,2023-07-17,1034
6185,幃翔,7,0,7,土銀-嘉義,2023-07-17,1034
1219,福壽,6,0,6,土銀-嘉義,2023-07-17,1034
00712,復華富時不動產,10,4,6,土銀-嘉義,2023-07-17,1034
2027,大成鋼,6,0,6,土銀-嘉義,2023-07-17,1034
2838,聯邦銀,6,0,6,土銀-嘉義,2023-07-17,1034
3306,鼎天,6,0,6,土銀-嘉義,2023-07-17,1034
2382,廣達,17,12,5,土銀-嘉義,2023-07-17,1034
1536,和大,5,0,5,土銀-嘉義,2023-07-17,1034
00715L,期街口布蘭特正2,5,0,5,土銀-嘉義,2023-07-17,1034
00893,國泰智能電動車,5,0,5,土銀-嘉義,2023-07-17,1034
1618,合機,11,6,5,土銀-嘉義,2023-07-17,1034
2399,映泰,12,7,5,土銀-嘉義,2023-07-17,1034
2460,建通,5,0,5,土銀-嘉義,2023-07-17,1034
2539,櫻花建,5,0,5,土銀-嘉義,2023-07-17,1034
3576,聯合再生,153,2,151,土銀-嘉義,2023-07-18,1034
1802,台玻,103,0,103,土銀-嘉義,2023-07-18,1034
4931,新盛力,101,0,101,土銀-嘉義,2023-07-18,1034
2801,彰銀,93,0,93,土銀-嘉義,2023-07-18,1034
1605,華新,100,12,88,土銀-嘉義,2023-07-18,1034
2312,金寶,96,10,86,土銀-嘉義,2023-07-18,1034
2324,仁寶,85,20,65,土銀-嘉義,2023-07-18,1034
2375,凱美,60,0,60,土銀-嘉義,2023-07-18,1034
00882,中信中國高股息,40,0,40,土銀-嘉義,2023-07-18,1034
00751B,元大AAA至A公司債,35,0,35,土銀-嘉義,2023-07-18,1034
4938,和碩,37,3,34,土銀-嘉義,2023-07-18,1034
2913,農林,30,0,30,土銀-嘉義,2023-07-18,1034
2489,瑞軒,27,0,27,土銀-嘉義,2023-07-18,1034
00929,復華台灣科技優息,41,15,26,土銀-嘉義,2023-07-18,1034
6257,矽格,21,0,21,土銀-嘉義,2023-07-18,1034
2104,國際中橡,20,0,20,土銀-嘉義,2023-07-18,1034
6153,嘉聯益,20,0,20,土銀-嘉義,2023-07-18,1034
6222,上揚,20,0,20,土銀-嘉義,2023-07-18,1034
2436,偉詮電,19,1,18,土銀-嘉義,2023-07-18,1034
3481,群創,31,13,18,土銀-嘉義,2023-07-18,1034
6282,康舒,28,13,15,土銀-嘉義,2023-07-18,1034
2409,友達,22,8,14,土銀-嘉義,2023-07-18,1034
2457,飛宏,14,0,14,土銀-嘉義,2023-07-18,1034
00712,復華富時不動產,13,0,13,土銀-嘉義,2023-07-18,1034
5469,瀚宇博,13,0,13,土銀-嘉義,2023-07-18,1034
1711,永光,14,2,12,土銀-嘉義,2023-07-18,1034
1101,台泥,11,0,11,土銀-嘉義,2023-07-18,1034
6288,聯嘉,11,0,11,土銀-嘉義,2023-07-18,1034
1471,首利,10,0,10,土銀-嘉義,2023-07-18,1034
1708,東鹼,10,0,10,土銀-嘉義,2023-07-18,1034
2302,麗正,10,0,10,土銀-嘉義,2023-07-18,1034
2515,中工,11,1,10,土銀-嘉義,2023-07-18,1034
3005,神基,11,1,10,土銀-嘉義,2023-07-18,1034
3703,欣陸,10,0,10,土銀-嘉義,2023-07-18,1034
5309,系統電,10,0,10,土銀-嘉義,2023-07-18,1034
8936,國統,11,1,10,土銀-嘉義,2023-07-18,1034
1514,亞力,9,0,9,土銀-嘉義,2023-07-18,1034
1307,三芳,9,0,9,土銀-嘉義,2023-07-18,1034
1513,中興電,21,13,8,土銀-嘉義,2023-07-18,1034
2352,佳世達,38,30,8,土銀-嘉義,2023-07-18,1034
2449,京元電子,18,10,8,土銀-嘉義,2023-07-18,1034
2897,王道銀行,8,0,8,土銀-嘉義,2023-07-18,1034
3019,亞光,8,0,8,土銀-嘉義,2023-07-18,1034
3265,台星科,10,2,8,土銀-嘉義,2023-07-18,1034
1618,合機,7,0,7,土銀-嘉義,2023-07-18,1034
2204,中華,7,0,7,土銀-嘉義,2023-07-18,1034
2301,光寶科,71,64,7,土銀-嘉義,2023-07-18,1034
5203,訊連,7,0,7,土銀-嘉義,2023-07-18,1034
6415,矽力*-KY,7,0,7,土銀-嘉義,2023-07-18,1034
2103,台橡,6,0,6,土銀-嘉義,2023-07-18,1034
1460,宏遠,111,0,111,土銀-嘉義,2023-07-19,1034
2618,長榮航,89,8,81,土銀-嘉義,2023-07-19,1034
00637L,元大滬深300正2,50,0,50,土銀-嘉義,2023-07-19,1034
4931,新盛力,50,0,50,土銀-嘉義,2023-07-19,1034
2353,宏��,71,35,36,土銀-嘉義,2023-07-19,1034
4414,如興,34,0,34,土銀-嘉義,2023-07-19,1034
2356,英業達,150,117,33,土銀-嘉義,2023-07-19,1034
00878,國泰永續高股息,46,15,31,土銀-嘉義,2023-07-19,1034
2489,瑞軒,30,5,25,土銀-嘉義,2023-07-19,1034
2409,友達,45,23,22,土銀-嘉義,2023-07-19,1034
2880,華南金,22,0,22,土銀-嘉義,2023-07-19,1034
2375,凱美,20,0,20,土銀-嘉義,2023-07-19,1034
4746,台耀,25,7,18,土銀-嘉義,2023-07-19,1034
1514,亞力,14,0,14,土銀-嘉義,2023-07-19,1034
00882,中信中國高股息,14,0,14,土銀-嘉義,2023-07-19,1034
00893,國泰智能電動車,12,0,12,土銀-嘉義,2023-07-19,1034
0056,元大高股息,20,8,12,土銀-嘉義,2023-07-19,1034
2881,富邦金,12,1,11,土銀-嘉義,2023-07-19,1034
00712,復華富時不動產,11,0,11,土銀-嘉義,2023-07-19,1034
2419,仲琦,18,7,11,土銀-嘉義,2023-07-19,1034
3078,僑威,11,0,11,土銀-嘉義,2023-07-19,1034
3325,旭品,11,0,11,土銀-嘉義,2023-07-19,1034
4157,太景*-KY,11,0,11,土銀-嘉義,2023-07-19,1034
4938,和碩,23,12,11,土銀-嘉義,2023-07-19,1034
00929,復華台灣科技優息,10,0,10,土銀-嘉義,2023-07-19,1034
3149,正達,10,0,10,土銀-嘉義,2023-07-19,1034
3706,神達,27,17,10,土銀-嘉義,2023-07-19,1034
4207,環泰,10,0,10,土銀-嘉義,2023-07-19,1034
6217,中探針,10,0,10,土銀-嘉義,2023-07-19,1034
00679B,元大美債20年,9,0,9,土銀-嘉義,2023-07-19,1034
5009,榮剛,11,2,9,土銀-嘉義,2023-07-19,1034
6143,振曜,9,0,9,土銀-嘉義,2023-07-19,1034
2303,聯電,10,1,9,土銀-嘉義,2023-07-19,1034
2603,長榮,10,2,8,土銀-嘉義,2023-07-19,1034
00895,富邦未來車,8,0,8,土銀-嘉義,2023-07-19,1034
2323,中環,8,0,8,土銀-嘉義,2023-07-19,1034
2329,華泰,11,3,8,土銀-嘉義,2023-07-19,1034
2382,廣達,10,2,8,土銀-嘉義,2023-07-19,1034
3037,欣興,18,10,8,土銀-嘉義,2023-07-19,1034
3038,全台,11,3,8,土銀-嘉義,2023-07-19,1034
2915,潤泰全,7,0,7,土銀-嘉義,2023-07-19,1034
1504,東元,7,0,7,土銀-嘉義,2023-07-19,1034
2344,華邦電,7,0,7,土銀-嘉義,2023-07-19,1034
2362,藍天,7,0,7,土銀-嘉義,2023-07-19,1034
3189,景碩,9,2,7,土銀-嘉義,2023-07-19,1034
3264,欣銓,7,0,7,土銀-嘉義,2023-07-19,1034
4167,松瑞藥,7,0,7,土銀-嘉義,2023-07-19,1034
9958,世紀鋼,8,1,7,土銀-嘉義,2023-07-19,1034
2014,中鴻,6,0,6,土銀-嘉義,2023-07-19,1034
2867,三商壽,6,0,6,土銀-嘉義,2023-07-19,1034
00772B,中信高評級公司債,97,0,97,土銀-嘉義,2023-07-20,1034
3191,雲嘉南,50,0,50,土銀-嘉義,2023-07-20,1034
00712,復華富時不動產,39,0,39,土銀-嘉義,2023-07-20,1034
2303,聯電,38,0,38,土銀-嘉義,2023-07-20,1034
2484,希華,37,0,37,土銀-嘉義,2023-07-20,1034
00929,復華台灣科技優息,31,0,31,土銀-嘉義,2023-07-20,1034
1402,遠東新,21,0,21,土銀-嘉義,2023-07-20,1034
1605,華新,21,3,18,土銀-嘉義,2023-07-20,1034
2461,光群雷,17,1,16,土銀-嘉義,2023-07-20,1034
2352,佳世達,13,0,13,土銀-嘉義,2023-07-20,1034
3363,上詮,11,0,11,土銀-嘉義,2023-07-20,1034
00893,國泰智能電動車,9,0,9,土銀-嘉義,2023-07-20,1034
2317,鴻海,9,0,9,土銀-嘉義,2023-07-20,1034
2371,大同,10,1,9,土銀-嘉義,2023-07-20,1034
4123,晟德,34,25,9,土銀-嘉義,2023-07-20,1034
4167,松瑞藥,9,0,9,土銀-嘉義,2023-07-20,1034
2206,三陽工業,11,4,7,土銀-嘉義,2023-07-20,1034
1513,中興電,7,0,7,土銀-嘉義,2023-07-20,1034
2748,雲品,9,2,7,土銀-嘉義,2023-07-20,1034
3024,憶聲,7,0,7,土銀-嘉義,2023-07-20,1034
3217,優群,7,0,7,土銀-嘉義,2023-07-20,1034
3260,威剛,10,3,7,土銀-嘉義,2023-07-20,1034
6517,保勝光學,16,9,7,土銀-嘉義,2023-07-20,1034
8059,凱碩,7,0,7,土銀-嘉義,2023-07-20,1034
8996,高力,7,0,7,土銀-嘉義,2023-07-20,1034
3231,緯創,8,2,6,土銀-嘉義,2023-07-20,1034
00680L,元大美債20正2,10,4,6,土銀-嘉義,2023-07-20,1034
2453,凌群,11,5,6,土銀-嘉義,2023-07-20,1034
3037,欣興,11,5,6,土銀-嘉義,2023-07-20,1034
1731,美吾華,5,0,5,土銀-嘉義,2023-07-20,1034
2301,光寶科,24,19,5,土銀-嘉義,2023-07-20,1034
2630,亞航,11,6,5,土銀-嘉義,2023-07-20,1034
3706,神達,9,4,5,土銀-嘉義,2023-07-20,1034
4108,懷特,5,0,5,土銀-嘉義,2023-07-20,1034
5484,慧友,5,0,5,土銀-嘉義,2023-07-20,1034
6531,愛普*,5,0,5,土銀-嘉義,2023-07-20,1034
00882,中信中國高股息,4,0,4,土銀-嘉義,2023-07-20,1034
1102,亞泥,4,0,4,土銀-嘉義,2023-07-20,1034
2428,興勤,4,0,4,土銀-嘉義,2023-07-20,1034
2438,翔耀,4,0,4,土銀-嘉義,2023-07-20,1034
2611,志信,4,0,4,土銀-嘉義,2023-07-20,1034
2634,漢翔,6,2,4,土銀-嘉義,2023-07-20,1034
1536,和大,3,0,3,土銀-嘉義,2023-07-20,1034
1529,樂事綠能,3,0,3,土銀-嘉義,2023-07-20,1034
1303,南亞,3,0,3,土銀-嘉義,2023-07-20,1034
1795,美時,3,0,3,土銀-嘉義,2023-07-20,1034
2344,華邦電,3,0,3,土銀-嘉義,2023-07-20,1034
2362,藍天,3,0,3,土銀-嘉義,2023-07-20,1034
2408,南亞科,3,0,3,土銀-嘉義,2023-07-20,1034
3062,建漢,3,0,3,土銀-嘉義,2023-07-20,1034
1802,台玻,111,1,110,土銀-嘉義,2023-07-21,1034
4931,新盛力,80,0,80,土銀-嘉義,2023-07-21,1034
00712,復華富時不動產,56,0,56,土銀-嘉義,2023-07-21,1034
2610,華航,46,12,34,土銀-嘉義,2023-07-21,1034
00919,群益台灣精選高息,30,0,30,土銀-嘉義,2023-07-21,1034
1711,永光,20,2,18,土銀-嘉義,2023-07-21,1034
2409,友達,41,23,18,土銀-嘉義,2023-07-21,1034
2303,聯電,24,6,18,土銀-嘉義,2023-07-21,1034
2618,長榮航,52,36,16,土銀-嘉義,2023-07-21,1034
00772B,中信高評級公司債,15,0,15,土銀-嘉義,2023-07-21,1034
5309,系統電,15,0,15,土銀-嘉義,2023-07-21,1034
3025,星通,13,1,12,土銀-嘉義,2023-07-21,1034
1605,華新,14,3,11,土銀-嘉義,2023-07-21,1034
2419,仲琦,51,40,11,土銀-嘉義,2023-07-21,1034
6770,力積電,13,2,11,土銀-嘉義,2023-07-21,1034
1101,台泥,16,6,10,土銀-嘉義,2023-07-21,1034
2206,三陽工業,13,3,10,土銀-嘉義,2023-07-21,1034
00679B,元大美債20年,10,0,10,土銀-嘉義,2023-07-21,1034
1514,亞力,12,2,10,土銀-嘉義,2023-07-21,1034
1710,東聯,10,0,10,土銀-嘉義,2023-07-21,1034
2387,精元,10,0,10,土銀-嘉義,2023-07-21,1034
2436,偉詮電,14,4,10,土銀-嘉義,2023-07-21,1034
9904,寶成,10,0,10,土銀-嘉義,2023-07-21,1034
2374,佳能,10,1,9,土銀-嘉義,2023-07-21,1034
3338,泰碩,13,4,9,土銀-嘉義,2023-07-21,1034
5310,天剛,9,0,9,土銀-嘉義,2023-07-21,1034
6290,良維,9,0,9,土銀-嘉義,2023-07-21,1034
1449,佳和,8,0,8,土銀-嘉義,2023-07-21,1034
2014,中鴻,10,2,8,土銀-嘉義,2023-07-21,1034
5009,榮剛,8,0,8,土銀-嘉義,2023-07-21,1034
6234,高僑,8,0,8,土銀-嘉義,2023-07-21,1034
2382,廣達,25,18,7,土銀-嘉義,2023-07-21,1034
3037,欣興,13,6,7,土銀-嘉義,2023-07-21,1034
1584,精剛,7,0,7,土銀-嘉義,2023-07-21,1034
1815,富喬,7,0,7,土銀-嘉義,2023-07-21,1034
3019,亞光,7,0,7,土銀-嘉義,2023-07-21,1034
3346,麗清,12,5,7,土銀-嘉義,2023-07-21,1034
6182,合晶,7,0,7,土銀-嘉義,2023-07-21,1034
2330,台積電,8,1,7,土銀-嘉義,2023-07-21,1034
2495,普安,6,0,6,土銀-嘉義,2023-07-21,1034
3162,精確,6,0,6,土銀-嘉義,2023-07-21,1034
6415,矽力*-KY,6,0,6,土銀-嘉義,2023-07-21,1034
2457,飛宏,5,0,5,土銀-嘉義,2023-07-21,1034
00720B,元大投資級公司債,5,0,5,土銀-嘉義,2023-07-21,1034
1810,和成,5,0,5,土銀-嘉義,2023-07-21,1034
2103,台橡,5,0,5,土銀-嘉義,2023-07-21,1034
2344,華邦電,6,1,5,土銀-嘉義,2023-07-21,1034
2367,燿華,5,0,5,土銀-嘉義,2023-07-21,1034
2375,凱美,5,0,5,土銀-嘉義,2023-07-21,1034
2606,裕民,5,0,5,土銀-嘉義,2023-07-21,1034
00679B,元大美債20年,151,0,151,土銀-嘉義,2023-07-24,1034
1802,台玻,100,0,100,土銀-嘉義,2023-07-24,1034
2888,新光金,45,0,45,土銀-嘉義,2023-07-24,1034
2303,聯電,48,9,39,土銀-嘉義,2023-07-24,1034
3540,曜越,39,0,39,土銀-嘉義,2023-07-24,1034
2409,友達,27,4,23,土銀-嘉義,2023-07-24,1034
2618,長榮航,24,2,22,土銀-嘉義,2023-07-24,1034
2881,富邦金,24,3,21,土銀-嘉義,2023-07-24,1034
00772B,中信高評級公司債,20,0,20,土銀-嘉義,2023-07-24,1034
2375,凱美,21,1,20,土銀-嘉義,2023-07-24,1034
4931,新盛力,20,0,20,土銀-嘉義,2023-07-24,1034
1504,東元,28,10,18,土銀-嘉義,2023-07-24,1034
00725B,國泰投資級公司債,18,0,18,土銀-嘉義,2023-07-24,1034
2412,中華電,18,0,18,土銀-嘉義,2023-07-24,1034
1736,喬山,17,0,17,土銀-嘉義,2023-07-24,1034
1101,台泥,13,0,13,土銀-嘉義,2023-07-24,1034
8033,雷虎,12,1,11,土銀-嘉義,2023-07-24,1034
006208,富邦台50,10,0,10,土銀-嘉義,2023-07-24,1034
1907,永豐餘,10,0,10,土銀-嘉義,2023-07-24,1034
2495,普安,10,0,10,土銀-嘉義,2023-07-24,1034
3092,鴻碩,10,0,10,土銀-嘉義,2023-07-24,1034
3317,尼克森,10,0,10,土銀-嘉義,2023-07-24,1034
4157,太景*-KY,10,0,10,土銀-嘉義,2023-07-24,1034
6288,聯嘉,10,0,10,土銀-嘉義,2023-07-24,1034
2103,台橡,9,0,9,土銀-嘉義,2023-07-24,1034
2887,台新金,9,0,9,土銀-嘉義,2023-07-24,1034
00930,永豐ESG低碳高息,8,0,8,土銀-嘉義,2023-07-24,1034
3083,網龍,8,0,8,土銀-嘉義,2023-07-24,1034
6188,廣明,25,17,8,土銀-嘉義,2023-07-24,1034
1710,東聯,7,0,7,土銀-嘉義,2023-07-24,1034
1903,士紙,7,0,7,土銀-嘉義,2023-07-24,1034
2634,漢翔,9,2,7,土銀-嘉義,2023-07-24,1034
3035,智原,10,3,7,土銀-嘉義,2023-07-24,1034
3374,精材,20,13,7,土銀-嘉義,2023-07-24,1034
5483,中美晶,8,1,7,土銀-嘉義,2023-07-24,1034
1102,亞泥,7,0,7,土銀-嘉義,2023-07-24,1034
4938,和碩,13,7,6,土銀-嘉義,2023-07-24,1034
1210,大成,7,1,6,土銀-嘉義,2023-07-24,1034
00733,富邦臺灣中小,6,0,6,土銀-嘉義,2023-07-24,1034
2449,京元電子,6,0,6,土銀-嘉義,2023-07-24,1034
2637,慧洋-KY,8,2,6,土銀-嘉義,2023-07-24,1034
3596,智易,7,1,6,土銀-嘉義,2023-07-24,1034
3706,神達,13,7,6,土銀-嘉義,2023-07-24,1034
4155,訊映,6,0,6,土銀-嘉義,2023-07-24,1034
6411,晶焱,6,0,6,土銀-嘉義,2023-07-24,1034
2323,中環,6,0,6,土銀-嘉義,2023-07-24,1034
00927,群益半導體收益,5,0,5,土銀-嘉義,2023-07-24,1034
00751B,元大AAA至A公司債,5,0,5,土銀-嘉義,2023-07-24,1034
2201,裕隆,6,1,5,土銀-嘉義,2023-07-24,1034
2352,佳世達,5,0,5,土銀-嘉義,2023-07-24,1034
00679B,元大美債20年,69,0,69,土銀-嘉義,2023-07-25,1034
3576,聯合再生,60,0,60,土銀-嘉義,2023-07-25,1034
6005,群益證,45,1,44,土銀-嘉義,2023-07-25,1034
00680L,元大美債20正2,35,0,35,土銀-嘉義,2023-07-25,1034
00751B,元大AAA至A公司債,31,0,31,土銀-嘉義,2023-07-25,1034
00722B,群益投資級電信債,20,0,20,土銀-嘉義,2023-07-25,1034
2201,裕隆,20,1,19,土銀-嘉義,2023-07-25,1034
3037,欣興,40,21,19,土銀-嘉義,2023-07-25,1034
2610,華航,30,12,18,土銀-嘉義,2023-07-25,1034
3380,明泰,18,2,16,土銀-嘉義,2023-07-25,1034
2637,慧洋-KY,14,0,14,土銀-嘉義,2023-07-25,1034
00878,國泰永續高股息,29,17,12,土銀-嘉義,2023-07-25,1034
2356,英業達,20,8,12,土銀-嘉義,2023-07-25,1034
00733,富邦臺灣中小,11,0,11,土銀-嘉義,2023-07-25,1034
2755,揚秦,11,0,11,土銀-嘉義,2023-07-25,1034
6275,元山,14,3,11,土銀-嘉義,2023-07-25,1034
00720B,元大投資級公司債,10,0,10,土銀-嘉義,2023-07-25,1034
3703,欣陸,10,0,10,土銀-嘉義,2023-07-25,1034
6257,矽格,10,0,10,土銀-嘉義,2023-07-25,1034
8234,新漢,10,0,10,土銀-嘉義,2023-07-25,1034
1301,台塑,9,0,9,土銀-嘉義,2023-07-25,1034
1905,華紙,17,8,9,土銀-嘉義,2023-07-25,1034
6752,叡揚,9,0,9,土銀-嘉義,2023-07-25,1034
2338,光罩,7,0,7,土銀-嘉義,2023-07-25,1034
2353,宏��,11,4,7,土銀-嘉義,2023-07-25,1034
3044,健鼎,8,1,7,土銀-嘉義,2023-07-25,1034
3706,神達,7,0,7,土銀-嘉義,2023-07-25,1034
2609,陽明,6,0,6,土銀-嘉義,2023-07-25,1034
00772B,中信高評級公司債,6,0,6,土銀-嘉義,2023-07-25,1034
2375,凱美,6,0,6,土銀-嘉義,2023-07-25,1034
2409,友達,13,7,6,土銀-嘉義,2023-07-25,1034
5386,青雲,6,0,6,土銀-嘉義,2023-07-25,1034
1210,大成,5,0,5,土銀-嘉義,2023-07-25,1034
00725B,國泰投資級公司債,5,0,5,土銀-嘉義,2023-07-25,1034
1736,喬山,5,0,5,土銀-嘉義,2023-07-25,1034
2103,台橡,5,0,5,土銀-嘉義,2023-07-25,1034
2204,中華,5,0,5,土銀-嘉義,2023-07-25,1034
2328,廣宇,11,6,5,土銀-嘉義,2023-07-25,1034
3290,東浦,5,0,5,土銀-嘉義,2023-07-25,1034
3324,雙鴻,5,0,5,土銀-嘉義,2023-07-25,1034
4961,天鈺,5,0,5,土銀-嘉義,2023-07-25,1034
5457,宣德,5,0,5,土銀-嘉義,2023-07-25,1034
6122,擎邦,5,0,5,土銀-嘉義,2023-07-25,1034
8163,達方,5,0,5,土銀-嘉義,2023-07-25,1034
2388,威盛,5,0,5,土銀-嘉義,2023-07-25,1034
00882,中信中國高股息,6,2,4,土銀-嘉義,2023-07-25,1034
2344,華邦電,5,1,4,土銀-嘉義,2023-07-25,1034
2498,宏達電,4,0,4,土銀-嘉義,2023-07-25,1034
3071,協禧,6,2,4,土銀-嘉義,2023-07-25,1034
3088,艾訊,5,1,4,土銀-嘉義,2023-07-25,1034
00679B,元大美債20年,108,0,108,土銀-嘉義,2023-07-26,1034
3540,曜越,48,2,46,土銀-嘉義,2023-07-26,1034
2892,第一金,40,0,40,土銀-嘉義,2023-07-26,1034
1605,華新,36,2,34,土銀-嘉義,2023-07-26,1034
00720B,元大投資級公司債,30,0,30,土銀-嘉義,2023-07-26,1034
1504,東元,53,25,28,土銀-嘉義,2023-07-26,1034
00929,復華台灣科技優息,24,2,22,土銀-嘉義,2023-07-26,1034
4532,瑞智,23,1,22,土銀-嘉義,2023-07-26,1034
2438,翔耀,19,0,19,土銀-嘉義,2023-07-26,1034
2371,大同,22,6,16,土銀-嘉義,2023-07-26,1034
2027,大成鋼,15,0,15,土銀-嘉義,2023-07-26,1034
3714,富采,15,0,15,土銀-嘉義,2023-07-26,1034
1905,華紙,22,9,13,土銀-嘉義,2023-07-26,1034
2359,所羅門,12,0,12,土銀-嘉義,2023-07-26,1034
4533,協易機,22,10,12,土銀-嘉義,2023-07-26,1034
00673R,期元大S＆P原油反1,11,0,11,土銀-嘉義,2023-07-26,1034
1904,正隆,11,0,11,土銀-嘉義,2023-07-26,1034
2344,華邦電,11,0,11,土銀-嘉義,2023-07-26,1034
3189,景碩,11,0,11,土銀-嘉義,2023-07-26,1034
00680L,元大美債20正2,10,0,10,土銀-嘉義,2023-07-26,1034
2453,凌群,13,3,10,土銀-嘉義,2023-07-26,1034
3094,聯傑,10,0,10,土銀-嘉義,2023-07-26,1034
8390,金益鼎,10,0,10,土銀-嘉義,2023-07-26,1034
00930,永豐ESG低碳高息,9,0,9,土銀-嘉義,2023-07-26,1034
4106,雃博,9,0,9,土銀-嘉義,2023-07-26,1034
8086,宏捷科,9,0,9,土銀-嘉義,2023-07-26,1034
8201,無敵,10,1,9,土銀-嘉義,2023-07-26,1034
3006,晶豪科,8,0,8,土銀-嘉義,2023-07-26,1034
3029,零壹,14,6,8,土銀-嘉義,2023-07-26,1034
2382,廣達,30,22,8,土銀-嘉義,2023-07-26,1034
1471,首利,11,4,7,土銀-嘉義,2023-07-26,1034
00882,中信中國高股息,8,1,7,土銀-嘉義,2023-07-26,1034
00733,富邦臺灣中小,7,0,7,土銀-嘉義,2023-07-26,1034
3059,華晶科,18,11,7,土銀-嘉義,2023-07-26,1034
4114,健喬,7,0,7,土銀-嘉義,2023-07-26,1034
2312,金寶,7,1,6,土銀-嘉義,2023-07-26,1034
3689,湧德,8,2,6,土銀-嘉義,2023-07-26,1034
3706,神達,7,1,6,土銀-嘉義,2023-07-26,1034
6226,光鼎,6,0,6,土銀-嘉義,2023-07-26,1034
6274,台燿,22,16,6,土銀-嘉義,2023-07-26,1034
6616,特昇-KY,6,0,6,土銀-嘉義,2023-07-26,1034
3481,群創,7,2,5,土銀-嘉義,2023-07-26,1034
00725B,國泰投資級公司債,5,0,5,土銀-嘉義,2023-07-26,1034
1815,富喬,5,0,5,土銀-嘉義,2023-07-26,1034
2424,隴華,5,0,5,土銀-嘉義,2023-07-26,1034
8033,雷虎,5,0,5,土銀-嘉義,2023-07-26,1034
8048,德勝,7,2,5,土銀-嘉義,2023-07-26,1034
2330,台積電,4,0,4,土銀-嘉義,2023-07-26,1034
00772B,中信高評級公司債,4,0,4,土銀-嘉義,2023-07-26,1034
1609,大亞,4,0,4,土銀-嘉義,2023-07-26,1034
00712,復華富時不動產,301,73,228,土銀-嘉義,2023-07-27,1034
2609,陽明,146,3,143,土銀-嘉義,2023-07-27,1034
2888,新光金,117,19,98,土銀-嘉義,2023-07-27,1034
1815,富喬,48,15,33,土銀-嘉義,2023-07-27,1034
2402,毅嘉,33,0,33,土銀-嘉義,2023-07-27,1034
2337,旺宏,30,0,30,土銀-嘉義,2023-07-27,1034
4931,新盛力,30,0,30,土銀-嘉義,2023-07-27,1034
3481,群創,111,85,26,土銀-嘉義,2023-07-27,1034
2618,長榮航,120,95,25,土銀-嘉義,2023-07-27,1034
2317,鴻海,27,3,24,土銀-嘉義,2023-07-27,1034
6120,達運,22,0,22,土銀-嘉義,2023-07-27,1034
4960,誠美材,21,0,21,土銀-嘉義,2023-07-27,1034
00927,群益半導體收益,20,0,20,土銀-嘉義,2023-07-27,1034
00902,中信電池及儲能,19,0,19,土銀-嘉義,2023-07-27,1034
00679B,元大美債20年,16,0,16,土銀-嘉義,2023-07-27,1034
2425,承啟,21,5,16,土銀-嘉義,2023-07-27,1034
1903,士紙,32,17,15,土銀-嘉義,2023-07-27,1034
2353,宏��,16,1,15,土銀-嘉義,2023-07-27,1034
2405,輔信,21,6,15,土銀-嘉義,2023-07-27,1034
3037,欣興,31,16,15,土銀-嘉義,2023-07-27,1034
2002,中鋼,15,2,13,土銀-嘉義,2023-07-27,1034
2838,聯邦銀,13,0,13,土銀-嘉義,2023-07-27,1034
2887,台新金,13,0,13,土銀-嘉義,2023-07-27,1034
1710,東聯,12,0,12,土銀-嘉義,2023-07-27,1034
00632R,元大台灣50反1,10,0,10,土銀-嘉義,2023-07-27,1034
00680L,元大美債20正2,10,0,10,土銀-嘉義,2023-07-27,1034
2023,燁輝,10,0,10,土銀-嘉義,2023-07-27,1034
2331,精英,10,0,10,土銀-嘉義,2023-07-27,1034
00885,富邦越南,9,0,9,土銀-嘉義,2023-07-27,1034
2438,翔耀,10,1,9,土銀-嘉義,2023-07-27,1034
4915,致伸,10,1,9,土銀-嘉義,2023-07-27,1034
5425,台半,10,1,9,土銀-嘉義,2023-07-27,1034
5483,中美晶,10,3,7,土銀-嘉義,2023-07-27,1034
6235,華孚,9,2,7,土銀-嘉義,2023-07-27,1034
1210,大成,10,3,7,土銀-嘉義,2023-07-27,1034
1522,堤維西,8,2,6,土銀-嘉義,2023-07-27,1034
2408,南亞科,10,4,6,土銀-嘉義,2023-07-27,1034
5347,世界,6,0,6,土銀-嘉義,2023-07-27,1034
2323,中環,5,0,5,土銀-嘉義,2023-07-27,1034
6188,廣明,11,6,5,土銀-嘉義,2023-07-27,1034
1504,東元,7,2,5,土銀-嘉義,2023-07-27,1034
1314,中石化,5,0,5,土銀-嘉義,2023-07-27,1034
1101,台泥,9,4,5,土銀-嘉義,2023-07-27,1034
2340,台亞,6,1,5,土銀-嘉義,2023-07-27,1034
2367,燿華,5,0,5,土銀-嘉義,2023-07-27,1034
2461,光群雷,7,2,5,土銀-嘉義,2023-07-27,1034
3380,明泰,5,0,5,土銀-嘉義,2023-07-27,1034
4162,智擎,7,2,5,土銀-嘉義,2023-07-27,1034
4906,正文,5,0,5,土銀-嘉義,2023-07-27,1034
6116,彩晶,6,1,5,土銀-嘉義,2023-07-27,1034
00680L,元大美債20正2,125,0,125,土銀-嘉義,2023-07-28,1034
2888,新光金,71,5,66,土銀-嘉義,2023-07-28,1034
2889,國票金,40,0,40,土銀-嘉義,2023-07-28,1034
2610,華航,43,5,38,土銀-嘉義,2023-07-28,1034
00679B,元大美債20年,34,0,34,土銀-嘉義,2023-07-28,1034
2913,農林,40,8,32,土銀-嘉義,2023-07-28,1034
4931,新盛力,30,0,30,土銀-嘉義,2023-07-28,1034
3059,華晶科,26,1,25,土銀-嘉義,2023-07-28,1034
4533,協易機,26,4,22,土銀-嘉義,2023-07-28,1034
1905,華紙,55,35,20,土銀-嘉義,2023-07-28,1034
2363,矽統,20,0,20,土銀-嘉義,2023-07-28,1034
1710,東聯,20,1,19,土銀-嘉義,2023-07-28,1034
2329,華泰,21,7,14,土銀-嘉義,2023-07-28,1034
1402,遠東新,11,0,11,土銀-嘉義,2023-07-28,1034
2356,英業達,13,2,11,土銀-嘉義,2023-07-28,1034
2323,中環,15,5,10,土銀-嘉義,2023-07-28,1034
5386,青雲,11,1,10,土銀-嘉義,2023-07-28,1034
3231,緯創,14,5,9,土銀-嘉義,2023-07-28,1034
2883,凱基金,9,0,9,土銀-嘉義,2023-07-28,1034
1342,八貫,8,0,8,土銀-嘉義,2023-07-28,1034
00772B,中信高評級公司債,8,0,8,土銀-嘉義,2023-07-28,1034
2317,鴻海,10,2,8,土銀-嘉義,2023-07-28,1034
3484,崧騰,8,0,8,土銀-嘉義,2023-07-28,1034
5426,振發,8,0,8,土銀-嘉義,2023-07-28,1034
1591,駿吉-KY,14,7,7,土銀-嘉義,2023-07-28,1034
2027,大成鋼,11,4,7,土銀-嘉義,2023-07-28,1034
3019,亞光,7,0,7,土銀-嘉義,2023-07-28,1034
3029,零壹,7,0,7,土銀-嘉義,2023-07-28,1034
4973,廣穎,7,0,7,土銀-嘉義,2023-07-28,1034
00687B,國泰20年美債,6,0,6,土銀-嘉義,2023-07-28,1034
1711,永光,6,0,6,土銀-嘉義,2023-07-28,1034
8936,國統,7,1,6,土銀-嘉義,2023-07-28,1034
1460,宏遠,5,0,5,土銀-嘉義,2023-07-28,1034
1504,東元,5,0,5,土銀-嘉義,2023-07-28,1034
00751B,元大AAA至A公司債,5,0,5,土銀-嘉義,2023-07-28,1034
1227,佳格,5,0,5,土銀-嘉義,2023-07-28,1034
1219,福壽,5,0,5,土銀-嘉義,2023-07-28,1034
1103,嘉泥,5,0,5,土銀-嘉義,2023-07-28,1034
1612,宏泰,5,0,5,土銀-嘉義,2023-07-28,1034
1731,美吾華,5,0,5,土銀-嘉義,2023-07-28,1034
2338,光罩,5,0,5,土銀-嘉義,2023-07-28,1034
2464,盟立,5,0,5,土銀-嘉義,2023-07-28,1034
2867,三商壽,5,0,5,土銀-嘉義,2023-07-28,1034
3044,健鼎,5,0,5,土銀-嘉義,2023-07-28,1034
3228,金麗科,5,0,5,土銀-嘉義,2023-07-28,1034
4157,太景*-KY,5,0,5,土銀-嘉義,2023-07-28,1034
5009,榮剛,6,1,5,土銀-嘉義,2023-07-28,1034
6187,萬潤,13,8,5,土銀-嘉義,2023-07-28,1034
6752,叡揚,9,4,5,土銀-嘉義,2023-07-28,1034
1319,東陽,10,6,4,土銀-嘉義,2023-07-28,1034
00878,國泰永續高股息,138,57,81,土銀-嘉義,2023-07-31,1034
2609,陽明,60,0,60,土銀-嘉義,2023-07-31,1034
1605,華新,56,5,51,土銀-嘉義,2023-07-31,1034
2337,旺宏,41,0,41,土銀-嘉義,2023-07-31,1034
3576,聯合再生,40,0,40,土銀-嘉義,2023-07-31,1034
2883,凱基金,38,0,38,土銀-嘉義,2023-07-31,1034
0056,元大高股息,54,23,31,土銀-嘉義,2023-07-31,1034
3191,雲嘉南,30,0,30,土銀-嘉義,2023-07-31,1034
2409,友達,34,7,27,土銀-嘉義,2023-07-31,1034
4414,如興,25,0,25,土銀-嘉義,2023-07-31,1034
6112,邁達特,22,0,22,土銀-嘉義,2023-07-31,1034
00679B,元大美債20年,23,4,19,土銀-嘉義,2023-07-31,1034
1591,駿吉-KY,18,0,18,土銀-嘉義,2023-07-31,1034
2002,中鋼,17,0,17,土銀-嘉義,2023-07-31,1034
2743,山富,16,0,16,土銀-嘉義,2023-07-31,1034
3715,定穎投控,15,0,15,土銀-嘉義,2023-07-31,1034
5009,榮剛,16,1,15,土銀-嘉義,2023-07-31,1034
6282,康舒,54,40,14,土銀-嘉義,2023-07-31,1034
00929,復華台灣科技優息,57,44,13,土銀-嘉義,2023-07-31,1034
1227,佳格,13,0,13,土銀-嘉義,2023-07-31,1034
1513,中興電,22,9,13,土銀-嘉義,2023-07-31,1034
3711,日月光投控,17,4,13,土銀-嘉義,2023-07-31,1034
00850,元大臺灣ESG永續,12,0,12,土銀-嘉義,2023-07-31,1034
3059,華晶科,14,2,12,土銀-嘉義,2023-07-31,1034
2353,宏��,11,0,11,土銀-嘉義,2023-07-31,1034
2603,長榮,17,6,11,土銀-嘉義,2023-07-31,1034
2618,長榮航,11,0,11,土銀-嘉義,2023-07-31,1034
00680L,元大美債20正2,10,0,10,土銀-嘉義,2023-07-31,1034
2392,正崴,10,0,10,土銀-嘉義,2023-07-31,1034
2630,亞航,10,0,10,土銀-嘉義,2023-07-31,1034
3202,樺晟,10,0,10,土銀-嘉義,2023-07-31,1034
4157,太景*-KY,10,0,10,土銀-嘉義,2023-07-31,1034
6147,頎邦,10,0,10,土銀-嘉義,2023-07-31,1034
6270,倍微,10,0,10,土銀-嘉義,2023-07-31,1034
8050,廣積,12,2,10,土銀-嘉義,2023-07-31,1034
8201,無敵,20,10,10,土銀-嘉義,2023-07-31,1034
1815,富喬,13,4,9,土銀-嘉義,2023-07-31,1034
2610,華航,11,2,9,土銀-嘉義,2023-07-31,1034
8358,金居,9,0,9,土銀-嘉義,2023-07-31,1034
1305,華夏,8,0,8,土銀-嘉義,2023-07-31,1034
5347,世界,8,0,8,土銀-嘉義,2023-07-31,1034
6640,均華,8,0,8,土銀-嘉義,2023-07-31,1034
2356,英業達,8,1,7,土銀-嘉義,2023-07-31,1034
3264,欣銓,7,0,7,土銀-嘉義,2023-07-31,1034
2357,華碩,7,1,6,土銀-嘉義,2023-07-31,1034
00687B,國泰20年美債,10,4,6,土銀-嘉義,2023-07-31,1034
2352,佳世達,6,0,6,土銀-嘉義,2023-07-31,1034
6269,台郡,7,1,6,土銀-嘉義,2023-07-31,1034
8163,達方,6,0,6,土銀-嘉義,2023-07-31,1034
1210,大成,6,0,6,土銀-嘉義,2023-07-31,1034
00882,中信中國高股息,121,6,115,土銀-嘉義,2023-08-01,1034
00712,復華富時不動產,100,0,100,土銀-嘉義,2023-08-01,1034
00929,復華台灣科技優息,50,0,50,土銀-嘉義,2023-08-01,1034
00637L,元大滬深300正2,50,0,50,土銀-嘉義,2023-08-01,1034
00878,國泰永續高股息,38,5,33,土銀-嘉義,2023-08-01,1034
2801,彰銀,30,0,30,土銀-嘉義,2023-08-01,1034
00885,富邦越南,31,2,29,土銀-嘉義,2023-08-01,1034
2375,凱美,24,0,24,土銀-嘉義,2023-08-01,1034
2363,矽統,35,12,23,土銀-嘉義,2023-08-01,1034
6153,嘉聯益,20,0,20,土銀-嘉義,2023-08-01,1034
00772B,中信高評級公司債,15,0,15,土銀-嘉義,2023-08-01,1034
00725B,國泰投資級公司債,15,0,15,土銀-嘉義,2023-08-01,1034
1802,台玻,38,23,15,土銀-嘉義,2023-08-01,1034
5880,合庫金,16,2,14,土銀-嘉義,2023-08-01,1034
6282,康舒,26,12,14,土銀-嘉義,2023-08-01,1034
2382,廣達,41,28,13,土銀-嘉義,2023-08-01,1034
00679B,元大美債20年,13,0,13,土銀-嘉義,2023-08-01,1034
1905,華紙,21,9,12,土銀-嘉義,2023-08-01,1034
2323,中環,12,1,11,土銀-嘉義,2023-08-01,1034
00900,富邦特選高股息30,11,0,11,土銀-嘉義,2023-08-01,1034
2913,農林,19,8,11,土銀-嘉義,2023-08-01,1034
1513,中興電,15,5,10,土銀-嘉義,2023-08-01,1034
00792B,群益A級公司債,10,0,10,土銀-嘉義,2023-08-01,1034
00773B,中信優先金融債,10,0,10,土銀-嘉義,2023-08-01,1034
00720B,元大投資級公司債,10,0,10,土銀-嘉義,2023-08-01,1034
00751B,元大AAA至A公司債,10,0,10,土銀-嘉義,2023-08-01,1034
1102,亞泥,10,0,10,土銀-嘉義,2023-08-01,1034
2344,華邦電,20,10,10,土銀-嘉義,2023-08-01,1034
2388,威盛,13,4,9,土銀-嘉義,2023-08-01,1034
3105,穩懋,8,0,8,土銀-嘉義,2023-08-01,1034
2329,華泰,11,4,7,土銀-嘉義,2023-08-01,1034
2301,光寶科,29,22,7,土銀-嘉義,2023-08-01,1034
2312,金寶,7,0,7,土銀-嘉義,2023-08-01,1034
3715,定穎投控,7,0,7,土銀-嘉義,2023-08-01,1034
5289,宜鼎,7,0,7,土銀-嘉義,2023-08-01,1034
8155,博智,7,0,7,土銀-嘉義,2023-08-01,1034
1227,佳格,6,0,6,土銀-嘉義,2023-08-01,1034
3607,谷崧,6,0,6,土銀-嘉義,2023-08-01,1034
5009,榮剛,15,9,6,土銀-嘉義,2023-08-01,1034
5371,中光電,8,2,6,土銀-嘉義,2023-08-01,1034
6173,信昌電,6,0,6,土銀-嘉義,2023-08-01,1034
1504,東元,8,3,5,土銀-嘉義,2023-08-01,1034
00687B,國泰20年美債,5,0,5,土銀-嘉義,2023-08-01,1034
0056,元大高股息,9,4,5,土銀-嘉義,2023-08-01,1034
1815,富喬,5,0,5,土銀-嘉義,2023-08-01,1034
2461,光群雷,7,2,5,土銀-嘉義,2023-08-01,1034
3025,星通,5,0,5,土銀-嘉義,2023-08-01,1034
3176,基亞,5,0,5,土銀-嘉義,2023-08-01,1034
5452,佶優,5,0,5,土銀-嘉義,2023-08-01,1034
8926,台汽電,5,0,5,土銀-嘉義,2023-08-01,1034
2888,新光金,132,2,130,土銀-嘉義,2023-08-02,1034
00878,國泰永續高股息,154,24,130,土銀-嘉義,2023-08-02,1034
1802,台玻,123,6,117,土銀-嘉義,2023-08-02,1034
00680L,元大美債20正2,115,0,115,土銀-嘉義,2023-08-02,1034
3576,聯合再生,101,7,94,土銀-嘉義,2023-08-02,1034
3481,群創,68,14,54,土銀-嘉義,2023-08-02,1034
2609,陽明,41,1,40,土銀-嘉義,2023-08-02,1034
2883,凱基金,40,0,40,土銀-嘉義,2023-08-02,1034
3231,緯創,35,3,32,土銀-嘉義,2023-08-02,1034
2337,旺宏,30,0,30,土銀-嘉義,2023-08-02,1034
2489,瑞軒,30,0,30,土銀-嘉義,2023-08-02,1034
00923,群益台ESG低碳50,27,0,27,土銀-嘉義,2023-08-02,1034
3535,晶彩科,25,2,23,土銀-嘉義,2023-08-02,1034
0056,元大高股息,34,12,22,土銀-嘉義,2023-08-02,1034
2375,凱美,20,0,20,土銀-嘉義,2023-08-02,1034
2498,宏達電,18,0,18,土銀-嘉義,2023-08-02,1034
2002,中鋼,17,2,15,土銀-嘉義,2023-08-02,1034
2436,偉詮電,15,0,15,土銀-嘉義,2023-08-02,1034
3037,欣興,16,2,14,土銀-嘉義,2023-08-02,1034
6142,友勁,14,0,14,土銀-嘉義,2023-08-02,1034
00673R,期元大S＆P原油反1,13,0,13,土銀-嘉義,2023-08-02,1034
2323,中環,13,0,13,土銀-嘉義,2023-08-02,1034
2897,王道銀行,13,0,13,土銀-嘉義,2023-08-02,1034
1591,駿吉-KY,12,0,12,土銀-嘉義,2023-08-02,1034
00900,富邦特選高股息30,11,0,11,土銀-嘉義,2023-08-02,1034
2344,華邦電,11,0,11,土銀-嘉義,2023-08-02,1034
6770,力積電,16,5,11,土銀-嘉義,2023-08-02,1034
1444,力麗,10,0,10,土銀-嘉義,2023-08-02,1034
2241,艾姆勒,10,0,10,土銀-嘉義,2023-08-02,1034
2438,翔耀,10,0,10,土銀-嘉義,2023-08-02,1034
2743,山富,10,0,10,土銀-嘉義,2023-08-02,1034
5388,中磊,31,21,10,土銀-嘉義,2023-08-02,1034
1609,大亞,36,27,9,土銀-嘉義,2023-08-02,1034
2312,金寶,10,1,9,土銀-嘉義,2023-08-02,1034
2353,宏��,9,0,9,土銀-嘉義,2023-08-02,1034
6451,訊芯-KY,10,1,9,土銀-嘉義,2023-08-02,1034
2461,光群雷,10,2,8,土銀-嘉義,2023-08-02,1034
2618,長榮航,46,39,7,土銀-嘉義,2023-08-02,1034
3033,威健,10,3,7,土銀-嘉義,2023-08-02,1034
4919,新唐,7,0,7,土銀-嘉義,2023-08-02,1034
6218,豪勉,10,3,7,土銀-嘉義,2023-08-02,1034
00679B,元大美債20年,6,0,6,土銀-嘉義,2023-08-02,1034
2611,志信,6,0,6,土銀-嘉義,2023-08-02,1034
6531,愛普*,8,2,6,土銀-嘉義,2023-08-02,1034
2845,遠東銀,5,0,5,土銀-嘉義,2023-08-02,1034
00696B,富邦美債20年,5,0,5,土銀-嘉義,2023-08-02,1034
1604,聲寶,5,0,5,土銀-嘉義,2023-08-02,1034
1608,華榮,5,0,5,土銀-嘉義,2023-08-02,1034
2383,台光電,5,0,5,土銀-嘉義,2023-08-02,1034
2610,華航,20,15,5,土銀-嘉義,2023-08-02,1034
00687B,國泰20年美債,152,0,152,土銀-嘉義,2023-08-04,1034
00680L,元大美債20正2,150,0,150,土銀-嘉義,2023-08-04,1034
1605,華新,135,16,119,土銀-嘉義,2023-08-04,1034
3576,聯合再生,101,1,100,土銀-嘉義,2023-08-04,1034
1609,大亞,70,8,62,土銀-嘉義,2023-08-04,1034
3325,旭品,60,0,60,土銀-嘉義,2023-08-04,1034
1210,大成,26,1,25,土銀-嘉義,2023-08-04,1034
2344,華邦電,46,21,25,土銀-嘉義,2023-08-04,1034
1471,首利,20,0,20,土銀-嘉義,2023-08-04,1034
2375,凱美,20,0,20,土銀-嘉義,2023-08-04,1034
00878,國泰永續高股息,59,41,18,土銀-嘉義,2023-08-04,1034
2376,技嘉,16,0,16,土銀-嘉義,2023-08-04,1034
1201,味全,15,0,15,土銀-嘉義,2023-08-04,1034
5009,榮剛,16,1,15,土銀-嘉義,2023-08-04,1034
1616,億泰,14,0,14,土銀-嘉義,2023-08-04,1034
2610,華航,13,0,13,土銀-嘉義,2023-08-04,1034
3706,神達,15,2,13,土銀-嘉義,2023-08-04,1034
2401,凌陽,12,0,12,土銀-嘉義,2023-08-04,1034
00688L,國泰20年美債正2,10,0,10,土銀-嘉義,2023-08-04,1034
1314,中石化,10,0,10,土銀-嘉義,2023-08-04,1034
2801,彰銀,10,0,10,土銀-嘉義,2023-08-04,1034
4746,台耀,10,0,10,土銀-嘉義,2023-08-04,1034
6770,力積電,10,0,10,土銀-嘉義,2023-08-04,1034
3481,群創,14,4,10,土銀-嘉義,2023-08-04,1034
6285,啟��,13,5,8,土銀-嘉義,2023-08-04,1034
2330,台積電,8,0,8,土銀-嘉義,2023-08-04,1034
1591,駿吉-KY,8,0,8,土銀-嘉義,2023-08-04,1034
00900,富邦特選高股息30,13,5,8,土銀-嘉義,2023-08-04,1034
2891,中信金,9,1,8,土銀-嘉義,2023-08-04,1034
00929,復華台灣科技優息,27,20,7,土銀-嘉義,2023-08-04,1034
2897,王道銀行,7,0,7,土銀-嘉義,2023-08-04,1034
2890,永豐金,6,0,6,土銀-嘉義,2023-08-04,1034
1227,佳格,6,0,6,土銀-嘉義,2023-08-04,1034
2103,台橡,6,0,6,土銀-嘉義,2023-08-04,1034
3322,建舜電,6,0,6,土銀-嘉義,2023-08-04,1034
8093,保銳,6,0,6,土銀-嘉義,2023-08-04,1034
3231,緯創,30,24,6,土銀-嘉義,2023-08-04,1034
00893,國泰智能電動車,5,0,5,土銀-嘉義,2023-08-04,1034
1608,華榮,5,0,5,土銀-嘉義,2023-08-04,1034
1904,正隆,5,0,5,土銀-嘉義,2023-08-04,1034
2105,正新,5,0,5,土銀-嘉義,2023-08-04,1034
2206,三陽工業,5,0,5,土銀-嘉義,2023-08-04,1034
2356,英業達,16,11,5,土銀-嘉義,2023-08-04,1034
2618,長榮航,5,0,5,土銀-嘉義,2023-08-04,1034
3484,崧騰,5,0,5,土銀-嘉義,2023-08-04,1034
3679,新至陞,5,0,5,土銀-嘉義,2023-08-04,1034
4915,致伸,5,0,5,土銀-嘉義,2023-08-04,1034
5388,中磊,5,0,5,土銀-嘉義,2023-08-04,1034
5410,國眾,5,0,5,土銀-嘉義,2023-08-04,1034
8390,金益鼎,5,0,5,土銀-嘉義,2023-08-04,1034
00929,復華台灣科技優息,240,11,229,土銀-嘉義,2023-08-07,1034
2801,彰銀,80,0,80,土銀-嘉義,2023-08-07,1034
3707,漢磊,40,0,40,土銀-嘉義,2023-08-07,1034
2014,中鴻,34,3,31,土銀-嘉義,2023-08-07,1034
00679B,元大美債20年,30,0,30,土銀-嘉義,2023-08-07,1034
2375,凱美,30,0,30,土銀-嘉義,2023-08-07,1034
00931B,統一美債20年,26,0,26,土銀-嘉義,2023-08-07,1034
00891,中信關鍵半導體,20,0,20,土銀-嘉義,2023-08-07,1034
4157,太景*-KY,20,0,20,土銀-嘉義,2023-08-07,1034
2897,王道銀行,18,0,18,土銀-嘉義,2023-08-07,1034
00720B,元大投資級公司債,17,0,17,土銀-嘉義,2023-08-07,1034
2609,陽明,19,2,17,土銀-嘉義,2023-08-07,1034
00923,群益台ESG低碳50,16,0,16,土銀-嘉義,2023-08-07,1034
2409,友達,20,4,16,土銀-嘉義,2023-08-07,1034
00882,中信中國高股息,13,0,13,土銀-嘉義,2023-08-07,1034
2883,凱基金,21,9,12,土銀-嘉義,2023-08-07,1034
4931,新盛力,12,0,12,土銀-嘉義,2023-08-07,1034
6125,廣運,24,12,12,土銀-嘉義,2023-08-07,1034
5009,榮剛,21,10,11,土銀-嘉義,2023-08-07,1034
2402,毅嘉,12,2,10,土銀-嘉義,2023-08-07,1034
4915,致伸,10,1,9,土銀-嘉義,2023-08-07,1034
00900,富邦特選高股息30,9,1,8,土銀-嘉義,2023-08-07,1034
3715,定穎投控,8,0,8,土銀-嘉義,2023-08-07,1034
3481,群創,11,4,7,土銀-嘉義,2023-08-07,1034
2356,英業達,23,16,7,土銀-嘉義,2023-08-07,1034
1102,亞泥,6,0,6,土銀-嘉義,2023-08-07,1034
2317,鴻海,7,1,6,土銀-嘉義,2023-08-07,1034
2393,億光,5,0,5,土銀-嘉義,2023-08-07,1034
6173,信昌電,5,0,5,土銀-嘉義,2023-08-07,1034
6244,茂迪,5,0,5,土銀-嘉義,2023-08-07,1034
912000,晨訊科-DR,5,0,5,土銀-嘉義,2023-08-07,1034
2630,亞航,5,0,5,土銀-嘉義,2023-08-07,1034
2913,農林,6,2,4,土銀-嘉義,2023-08-07,1034
3071,協禧,4,0,4,土銀-嘉義,2023-08-07,1034
4746,台耀,5,1,4,土銀-嘉義,2023-08-07,1034
5388,中磊,5,1,4,土銀-嘉義,2023-08-07,1034
6219,富旺,4,0,4,土銀-嘉義,2023-08-07,1034
8049,晶采,4,0,4,土銀-嘉義,2023-08-07,1034
1905,華紙,25,22,3,土銀-嘉義,2023-08-07,1034
1227,佳格,3,0,3,土銀-嘉義,2023-08-07,1034
00795B,中信美國公債20年,3,0,3,土銀-嘉義,2023-08-07,1034
00673R,期元大S＆P原油反1,3,0,3,土銀-嘉義,2023-08-07,1034
2329,華泰,5,2,3,土銀-嘉義,2023-08-07,1034
2340,台亞,3,0,3,土銀-嘉義,2023-08-07,1034
2458,義隆,4,1,3,土銀-嘉義,2023-08-07,1034
2603,長榮,3,0,3,土銀-嘉義,2023-08-07,1034
2702,華園,3,0,3,土銀-嘉義,2023-08-07,1034
2888,新光金,4,1,3,土銀-嘉義,2023-08-07,1034
3029,零壹,5,2,3,土銀-嘉義,2023-08-07,1034
5347,世界,3,0,3,土銀-嘉義,2023-08-07,1034
00900,富邦特選高股息30,506,0,506,土銀-嘉義,2023-08-08,1034
6770,力積電,64,1,63,土銀-嘉義,2023-08-08,1034
2337,旺宏,52,0,52,土銀-嘉義,2023-08-08,1034
4931,新盛力,51,0,51,土銀-嘉義,2023-08-08,1034
00929,復華台灣科技優息,53,4,49,土銀-嘉義,2023-08-08,1034
2375,凱美,39,0,39,土銀-嘉義,2023-08-08,1034
00878,國泰永續高股息,46,20,26,土銀-嘉義,2023-08-08,1034
3707,漢磊,25,0,25,土銀-嘉義,2023-08-08,1034
00931B,統一美債20年,22,0,22,土銀-嘉義,2023-08-08,1034
1529,樂事綠能,20,0,20,土銀-嘉義,2023-08-08,1034
2498,宏達電,20,4,16,土銀-嘉義,2023-08-08,1034
2883,凱基金,16,0,16,土銀-嘉義,2023-08-08,1034
2408,南亞科,14,0,14,土銀-嘉義,2023-08-08,1034
4746,台耀,13,0,13,土銀-嘉義,2023-08-08,1034
3041,揚智,11,0,11,土銀-嘉義,2023-08-08,1034
1101,台泥,11,1,10,土銀-嘉義,2023-08-08,1034
00902,中信電池及儲能,10,0,10,土銀-嘉義,2023-08-08,1034
3576,聯合再生,10,0,10,土銀-嘉義,2023-08-08,1034
4207,環泰,10,0,10,土銀-嘉義,2023-08-08,1034
6412,群電,10,0,10,土銀-嘉義,2023-08-08,1034
1904,正隆,9,0,9,土銀-嘉義,2023-08-08,1034
2354,鴻準,10,1,9,土銀-嘉義,2023-08-08,1034
5009,榮剛,10,1,9,土銀-嘉義,2023-08-08,1034
00882,中信中國高股息,8,0,8,土銀-嘉義,2023-08-08,1034
00679B,元大美債20年,8,0,8,土銀-嘉義,2023-08-08,1034
2382,廣達,45,37,8,土銀-嘉義,2023-08-08,1034
4916,事欣科,11,3,8,土銀-嘉義,2023-08-08,1034
6234,高僑,8,0,8,土銀-嘉義,2023-08-08,1034
1905,華紙,21,14,7,土銀-嘉義,2023-08-08,1034
2428,興勤,7,0,7,土銀-嘉義,2023-08-08,1034
2329,華泰,8,2,6,土銀-嘉義,2023-08-08,1034
00715L,期街口布蘭特正2,6,0,6,土銀-嘉義,2023-08-08,1034
2313,華通,8,2,6,土銀-嘉義,2023-08-08,1034
2303,聯電,5,0,5,土銀-嘉義,2023-08-08,1034
1504,東元,5,0,5,土銀-嘉義,2023-08-08,1034
1301,台塑,5,0,5,土銀-嘉義,2023-08-08,1034
2103,台橡,5,0,5,土銀-嘉義,2023-08-08,1034
2615,萬海,5,0,5,土銀-嘉義,2023-08-08,1034
2855,統一證,5,0,5,土銀-嘉義,2023-08-08,1034
2897,王道銀行,5,0,5,土銀-嘉義,2023-08-08,1034
3092,鴻碩,5,0,5,土銀-嘉義,2023-08-08,1034
3163,波若威,28,23,5,土銀-嘉義,2023-08-08,1034
8478,東哥遊艇,6,1,5,土銀-嘉義,2023-08-08,1034
2356,英業達,26,22,4,土銀-嘉義,2023-08-08,1034
0050,元大台灣50,4,0,4,土銀-嘉義,2023-08-08,1034
2301,光寶科,24,20,4,土銀-嘉義,2023-08-08,1034
1102,亞泥,4,0,4,土銀-嘉義,2023-08-08,1034
1587,吉茂,5,1,4,土銀-嘉義,2023-08-08,1034
2107,厚生,4,0,4,土銀-嘉義,2023-08-08,1034
2206,三陽工業,6,2,4,土銀-嘉義,2023-08-08,1034
2618,長榮航,72,11,61,土銀-嘉義,2023-08-09,1034
5880,合庫金,55,2,53,土銀-嘉義,2023-08-09,1034
00900,富邦特選高股息30,46,5,41,土銀-嘉義,2023-08-09,1034
2337,旺宏,41,0,41,土銀-嘉義,2023-08-09,1034
00929,復華台灣科技優息,38,0,38,土銀-嘉義,2023-08-09,1034
2375,凱美,30,0,30,土銀-嘉義,2023-08-09,1034
3325,旭品,30,0,30,土銀-嘉義,2023-08-09,1034
00665L,富邦�琤肭磪囓�2,29,0,29,土銀-嘉義,2023-08-09,1034
00712,復華富時不動產,17,0,17,土銀-嘉義,2023-08-09,1034
2888,新光金,16,0,16,土銀-嘉義,2023-08-09,1034
00919,群益台灣精選高息,15,0,15,土銀-嘉義,2023-08-09,1034
2303,聯電,14,0,14,土銀-嘉義,2023-08-09,1034
0056,元大高股息,12,0,12,土銀-嘉義,2023-08-09,1034
00931B,統一美債20年,12,0,12,土銀-嘉義,2023-08-09,1034
5469,瀚宇博,13,2,11,土銀-嘉義,2023-08-09,1034
1529,樂事綠能,10,0,10,土銀-嘉義,2023-08-09,1034
1444,力麗,10,0,10,土銀-嘉義,2023-08-09,1034
2344,華邦電,21,11,10,土銀-嘉義,2023-08-09,1034
2461,光群雷,10,0,10,土銀-嘉義,2023-08-09,1034
2903,遠百,10,0,10,土銀-嘉義,2023-08-09,1034
6517,保勝光學,10,0,10,土銀-嘉義,2023-08-09,1034
00878,國泰永續高股息,15,6,9,土銀-嘉義,2023-08-09,1034
5425,台半,8,0,8,土銀-嘉義,2023-08-09,1034
6806,森崴能源,8,0,8,土銀-嘉義,2023-08-09,1034
2516,新建,7,0,7,土銀-嘉義,2023-08-09,1034
4915,致伸,8,1,7,土銀-嘉義,2023-08-09,1034
00687B,國泰20年美債,6,0,6,土銀-嘉義,2023-08-09,1034
2206,三陽工業,31,25,6,土銀-嘉義,2023-08-09,1034
2609,陽明,6,0,6,土銀-嘉義,2023-08-09,1034
3704,合勤控,11,5,6,土銀-嘉義,2023-08-09,1034
8049,晶采,6,0,6,土銀-嘉義,2023-08-09,1034
00882,中信中國高股息,5,0,5,土銀-嘉義,2023-08-09,1034
1210,大成,5,0,5,土銀-嘉義,2023-08-09,1034
1522,堤維西,5,0,5,土銀-嘉義,2023-08-09,1034
00679B,元大美債20年,5,0,5,土銀-嘉義,2023-08-09,1034
00637L,元大滬深300正2,5,0,5,土銀-嘉義,2023-08-09,1034
1319,東陽,5,0,5,土銀-嘉義,2023-08-09,1034
1227,佳格,5,0,5,土銀-嘉義,2023-08-09,1034
00907,永豐優息存股,5,0,5,土銀-嘉義,2023-08-09,1034
2743,山富,5,0,5,土銀-嘉義,2023-08-09,1034
2855,統一證,5,0,5,土銀-嘉義,2023-08-09,1034
3019,亞光,5,0,5,土銀-嘉義,2023-08-09,1034
6752,叡揚,5,0,5,土銀-嘉義,2023-08-09,1034
3231,緯創,34,30,4,土銀-嘉義,2023-08-09,1034
1712,興農,4,0,4,土銀-嘉義,2023-08-09,1034
1102,亞泥,4,0,4,土銀-嘉義,2023-08-09,1034
00720B,元大投資級公司債,4,0,4,土銀-嘉義,2023-08-09,1034
2356,英業達,12,8,4,土銀-嘉義,2023-08-09,1034
2637,慧洋-KY,4,0,4,土銀-嘉義,2023-08-09,1034
3017,奇鋐,4,0,4,土銀-嘉義,2023-08-09,1034
5880,合庫金,700,0,700,土銀-嘉義,2023-08-10,1034
1802,台玻,114,2,112,土銀-嘉義,2023-08-10,1034
2342,茂矽,101,0,101,土銀-嘉義,2023-08-10,1034
1217,愛之味,70,0,70,土銀-嘉義,2023-08-10,1034
00929,復華台灣科技優息,56,0,56,土銀-嘉義,2023-08-10,1034
6153,嘉聯益,52,0,52,土銀-嘉義,2023-08-10,1034
0056,元大高股息,52,2,50,土銀-嘉義,2023-08-10,1034
00772B,中信高評級公司債,50,0,50,土銀-嘉義,2023-08-10,1034
00900,富邦特選高股息30,106,59,47,土銀-嘉義,2023-08-10,1034
2498,宏達電,42,0,42,土銀-嘉義,2023-08-10,1034
3325,旭品,41,0,41,土銀-嘉義,2023-08-10,1034
2375,凱美,38,0,38,土銀-嘉義,2023-08-10,1034
3481,群創,55,18,37,土銀-嘉義,2023-08-10,1034
00878,國泰永續高股息,47,13,34,土銀-嘉義,2023-08-10,1034
2892,第一金,33,1,32,土銀-嘉義,2023-08-10,1034
2610,華航,75,44,31,土銀-嘉義,2023-08-10,1034
1904,正隆,25,6,19,土銀-嘉義,2023-08-10,1034
3041,揚智,15,0,15,土銀-嘉義,2023-08-10,1034
2324,仁寶,15,1,14,土銀-嘉義,2023-08-10,1034
3356,奇偶,14,0,14,土銀-嘉義,2023-08-10,1034
2409,友達,14,1,13,土銀-嘉義,2023-08-10,1034
1444,力麗,12,0,12,土銀-嘉義,2023-08-10,1034
1227,佳格,12,0,12,土銀-嘉義,2023-08-10,1034
4746,台耀,12,0,12,土銀-嘉義,2023-08-10,1034
2886,兆豐金,11,0,11,土銀-嘉義,2023-08-10,1034
4906,正文,12,1,11,土銀-嘉義,2023-08-10,1034
5211,蒙恬,11,0,11,土銀-嘉義,2023-08-10,1034
2002,中鋼,10,0,10,土銀-嘉義,2023-08-10,1034
2354,鴻準,10,0,10,土銀-嘉義,2023-08-10,1034
2515,中工,10,0,10,土銀-嘉義,2023-08-10,1034
4121,優盛,10,0,10,土銀-嘉義,2023-08-10,1034
1591,駿吉-KY,9,0,9,土銀-嘉義,2023-08-10,1034
5438,東友,12,3,9,土銀-嘉義,2023-08-10,1034
00930,永豐ESG低碳高息,8,0,8,土銀-嘉義,2023-08-10,1034
6282,康舒,39,31,8,土銀-嘉義,2023-08-10,1034
00882,中信中國高股息,7,0,7,土銀-嘉義,2023-08-10,1034
1609,大亞,8,1,7,土銀-嘉義,2023-08-10,1034
2449,京元電子,7,0,7,土銀-嘉義,2023-08-10,1034
2609,陽明,12,5,7,土銀-嘉義,2023-08-10,1034
8926,台汽電,6,0,6,土銀-嘉義,2023-08-10,1034
2376,技嘉,8,2,6,土銀-嘉義,2023-08-10,1034
2408,南亞科,6,0,6,土銀-嘉義,2023-08-10,1034
3019,亞光,6,0,6,土銀-嘉義,2023-08-10,1034
3305,昇貿,6,0,6,土銀-嘉義,2023-08-10,1034
3583,辛耘,11,5,6,土銀-嘉義,2023-08-10,1034
6142,友勁,6,0,6,土銀-嘉義,2023-08-10,1034
00637L,元大滬深300正2,5,0,5,土銀-嘉義,2023-08-10,1034
00907,永豐優息存股,5,0,5,土銀-嘉義,2023-08-10,1034
2017,官田鋼,5,0,5,土銀-嘉義,2023-08-10,1034
2103,台橡,5,0,5,土銀-嘉義,2023-08-10,1034
5880,合庫金,1001,0,1001,土銀-嘉義,2023-08-11,1034
2801,彰銀,306,0,306,土銀-嘉義,2023-08-11,1034
2409,友達,103,2,101,土銀-嘉義,2023-08-11,1034
2618,長榮航,148,94,54,土銀-嘉義,2023-08-11,1034
00772B,中信高評級公司債,46,0,46,土銀-嘉義,2023-08-11,1034
2440,太空梭,26,0,26,土銀-嘉義,2023-08-11,1034
2892,第一金,26,0,26,土銀-嘉義,2023-08-11,1034
00680L,元大美債20正2,25,0,25,土銀-嘉義,2023-08-11,1034
2014,中鴻,26,2,24,土銀-嘉義,2023-08-11,1034
00923,群益台ESG低碳50,23,0,23,土銀-嘉義,2023-08-11,1034
2888,新光金,24,10,14,土銀-嘉義,2023-08-11,1034
2897,王道銀行,14,0,14,土銀-嘉義,2023-08-11,1034
5009,榮剛,22,8,14,土銀-嘉義,2023-08-11,1034
2317,鴻海,13,1,12,土銀-嘉義,2023-08-11,1034
3325,旭品,12,0,12,土銀-嘉義,2023-08-11,1034
3481,群創,12,0,12,土銀-嘉義,2023-08-11,1034
00773B,中信優先金融債,10,0,10,土銀-嘉義,2023-08-11,1034
00929,復華台灣科技優息,10,0,10,土銀-嘉義,2023-08-11,1034
2489,瑞軒,10,0,10,土銀-嘉義,2023-08-11,1034
8033,雷虎,10,0,10,土銀-嘉義,2023-08-11,1034
1605,華新,9,0,9,土銀-嘉義,2023-08-11,1034
4123,晟德,10,1,9,土銀-嘉義,2023-08-11,1034
1102,亞泥,8,0,8,土銀-嘉義,2023-08-11,1034
3037,欣興,8,0,8,土銀-嘉義,2023-08-11,1034
00900,富邦特選高股息30,41,34,7,土銀-嘉義,2023-08-11,1034
00712,復華富時不動產,7,0,7,土銀-嘉義,2023-08-11,1034
1604,聲寶,6,0,6,土銀-嘉義,2023-08-11,1034
00637L,元大滬深300正2,11,5,6,土銀-嘉義,2023-08-11,1034
00931B,統一美債20年,6,0,6,土銀-嘉義,2023-08-11,1034
2387,精元,6,0,6,土銀-嘉義,2023-08-11,1034
2855,統一證,6,0,6,土銀-嘉義,2023-08-11,1034
3491,昇達科,6,0,6,土銀-嘉義,2023-08-11,1034
6139,亞翔,8,2,6,土銀-嘉義,2023-08-11,1034
00907,永豐優息存股,5,0,5,土銀-嘉義,2023-08-11,1034
2305,全友,5,0,5,土銀-嘉義,2023-08-11,1034
2867,三商壽,5,0,5,土銀-嘉義,2023-08-11,1034
3041,揚智,5,0,5,土銀-嘉義,2023-08-11,1034
3693,營邦,7,2,5,土銀-嘉義,2023-08-11,1034
4121,優盛,5,0,5,土銀-嘉義,2023-08-11,1034
6841,長佳智能,6,1,5,土銀-嘉義,2023-08-11,1034
1712,興農,4,0,4,土銀-嘉義,2023-08-11,1034
1536,和大,4,0,4,土銀-嘉義,2023-08-11,1034
1504,東元,7,3,4,土銀-嘉義,2023-08-11,1034
1310,台苯,4,0,4,土銀-嘉義,2023-08-11,1034
00882,中信中國高股息,4,0,4,土銀-嘉義,2023-08-11,1034
2103,台橡,4,0,4,土銀-嘉義,2023-08-11,1034
4114,健喬,4,0,4,土銀-嘉義,2023-08-11,1034
8050,廣積,8,4,4,土銀-嘉義,2023-08-11,1034
2330,台積電,4,0,4,土銀-嘉義,2023-08-11,1034
00679B,元大美債20年,3,0,3,土銀-嘉義,2023-08-11,1034
5880,合庫金,400,20,380,土銀-嘉義,2023-08-14,1034
2801,彰銀,106,0,106,土銀-嘉義,2023-08-14,1034
6770,力積電,123,29,94,土銀-嘉義,2023-08-14,1034
2618,長榮航,81,24,57,土銀-嘉義,2023-08-14,1034
2409,友達,52,2,50,土銀-嘉義,2023-08-14,1034
1101,台泥,30,1,29,土銀-嘉義,2023-08-14,1034
00665L,富邦�琤肭磪囓�2,28,0,28,土銀-嘉義,2023-08-14,1034
2888,新光金,35,10,25,土銀-嘉義,2023-08-14,1034
2014,中鴻,25,1,24,土銀-嘉義,2023-08-14,1034
0056,元大高股息,27,4,23,土銀-嘉義,2023-08-14,1034
00680L,元大美債20正2,20,0,20,土銀-嘉義,2023-08-14,1034
2489,瑞軒,20,0,20,土銀-嘉義,2023-08-14,1034
1504,東元,20,1,19,土銀-嘉義,2023-08-14,1034
3715,定穎投控,20,2,18,土銀-嘉義,2023-08-14,1034
00878,國泰永續高股息,28,10,18,土銀-嘉義,2023-08-14,1034
3481,群創,17,0,17,土銀-嘉義,2023-08-14,1034
3231,緯創,31,15,16,土銀-嘉義,2023-08-14,1034
6282,康舒,21,5,16,土銀-嘉義,2023-08-14,1034
00923,群益台ESG低碳50,15,0,15,土銀-嘉義,2023-08-14,1034
00637L,元大滬深300正2,17,2,15,土銀-嘉義,2023-08-14,1034
2881,富邦金,14,0,14,土銀-嘉義,2023-08-14,1034
2356,英業達,49,36,13,土銀-嘉義,2023-08-14,1034
2883,凱基金,18,5,13,土銀-嘉義,2023-08-14,1034
2382,廣達,31,20,11,土銀-嘉義,2023-08-14,1034
5211,蒙恬,11,0,11,土銀-嘉義,2023-08-14,1034
00751B,元大AAA至A公司債,10,0,10,土銀-嘉義,2023-08-14,1034
1909,榮成,10,0,10,土銀-嘉義,2023-08-14,1034
2323,中環,10,0,10,土銀-嘉義,2023-08-14,1034
2504,國產,10,0,10,土銀-嘉義,2023-08-14,1034
2538,基泰,10,0,10,土銀-嘉義,2023-08-14,1034
2838,聯邦銀,10,0,10,土銀-嘉義,2023-08-14,1034
3706,神達,12,2,10,土銀-嘉義,2023-08-14,1034
6163,華電網,10,0,10,土銀-嘉義,2023-08-14,1034
6753,龍德造船,10,0,10,土銀-嘉義,2023-08-14,1034
00929,復華台灣科技優息,29,20,9,土銀-嘉義,2023-08-14,1034
2886,兆豐金,10,2,8,土銀-嘉義,2023-08-14,1034
00919,群益台灣精選高息,8,0,8,土銀-嘉義,2023-08-14,1034
2344,華邦電,11,3,8,土銀-嘉義,2023-08-14,1034
2606,裕民,8,0,8,土銀-嘉義,2023-08-14,1034
0050,元大台灣50,9,1,8,土銀-嘉義,2023-08-14,1034
2515,中工,11,4,7,土銀-嘉義,2023-08-14,1034
2880,華南金,7,0,7,土銀-嘉義,2023-08-14,1034
3062,建漢,7,0,7,土銀-嘉義,2023-08-14,1034
2882,國泰金,8,2,6,土銀-嘉義,2023-08-14,1034
1303,南亞,6,0,6,土銀-嘉義,2023-08-14,1034
2002,中鋼,7,1,6,土銀-嘉義,2023-08-14,1034
3260,威剛,6,0,6,土銀-嘉義,2023-08-14,1034
4961,天鈺,6,0,6,土銀-嘉義,2023-08-14,1034
6173,信昌電,6,0,6,土銀-嘉義,2023-08-14,1034
6285,啟��,9,3,6,土銀-嘉義,2023-08-14,1034
5880,合庫金,401,0,401,土銀-嘉義,2023-08-15,1034
2880,華南金,91,0,91,土銀-嘉義,2023-08-15,1034
2801,彰銀,50,0,50,土銀-嘉義,2023-08-15,1034
00900,富邦特選高股息30,41,4,37,土銀-嘉義,2023-08-15,1034
2332,友訊,30,0,30,土銀-嘉義,2023-08-15,1034
00929,復華台灣科技優息,53,24,29,土銀-嘉義,2023-08-15,1034
00772B,中信高評級公司債,28,0,28,土銀-嘉義,2023-08-15,1034
1905,華紙,21,0,21,土銀-嘉義,2023-08-15,1034
00680L,元大美債20正2,20,0,20,土銀-嘉義,2023-08-15,1034
2883,凱基金,17,0,17,土銀-嘉義,2023-08-15,1034
00923,群益台ESG低碳50,15,0,15,土銀-嘉義,2023-08-15,1034
00725B,國泰投資級公司債,15,0,15,土銀-嘉義,2023-08-15,1034
00687B,國泰20年美債,14,0,14,土銀-嘉義,2023-08-15,1034
3013,晟銘電,15,1,14,土銀-嘉義,2023-08-15,1034
6770,力積電,16,2,14,土銀-嘉義,2023-08-15,1034
2618,長榮航,26,14,12,土銀-嘉義,2023-08-15,1034
00712,復華富時不動產,10,0,10,土銀-嘉義,2023-08-15,1034
1101,台泥,10,0,10,土銀-嘉義,2023-08-15,1034
00931B,統一美債20年,10,0,10,土銀-嘉義,2023-08-15,1034
2204,中華,10,0,10,土銀-嘉義,2023-08-15,1034
2329,華泰,11,1,10,土銀-嘉義,2023-08-15,1034
2611,志信,10,0,10,土銀-嘉義,2023-08-15,1034
5009,榮剛,16,6,10,土銀-嘉義,2023-08-15,1034
3481,群創,11,4,7,土銀-嘉義,2023-08-15,1034
3679,新至陞,7,0,7,土銀-嘉義,2023-08-15,1034
2308,台達電,7,0,7,土銀-嘉義,2023-08-15,1034
2324,仁寶,21,15,6,土銀-嘉義,2023-08-15,1034
2892,第一金,6,0,6,土銀-嘉義,2023-08-15,1034
2317,鴻海,12,7,5,土銀-嘉義,2023-08-15,1034
2402,毅嘉,7,2,5,土銀-嘉義,2023-08-15,1034
3045,台灣大,5,0,5,土銀-嘉義,2023-08-15,1034
3176,基亞,5,0,5,土銀-嘉義,2023-08-15,1034
3322,建舜電,5,0,5,土銀-嘉義,2023-08-15,1034
7402,邑錡,5,0,5,土銀-嘉義,2023-08-15,1034
9910,豐泰,5,0,5,土銀-嘉義,2023-08-15,1034
1102,亞泥,4,0,4,土銀-嘉義,2023-08-15,1034
1709,和益,4,0,4,土銀-嘉義,2023-08-15,1034
2303,聯電,4,0,4,土銀-嘉義,2023-08-15,1034
2408,南亞科,4,0,4,土銀-嘉義,2023-08-15,1034
2630,亞航,6,2,4,土銀-嘉義,2023-08-15,1034
3583,辛耘,11,7,4,土銀-嘉義,2023-08-15,1034
6125,廣運,4,0,4,土銀-嘉義,2023-08-15,1034
1802,台玻,3,0,3,土銀-嘉義,2023-08-15,1034
00888,永豐台灣ESG,3,0,3,土銀-嘉義,2023-08-15,1034
00637L,元大滬深300正2,4,1,3,土銀-嘉義,2023-08-15,1034
00679B,元大美債20年,3,0,3,土銀-嘉義,2023-08-15,1034
2103,台橡,3,0,3,土銀-嘉義,2023-08-15,1034
2603,長榮,3,0,3,土銀-嘉義,2023-08-15,1034
2812,台中銀,3,0,3,土銀-嘉義,2023-08-15,1034
4942,嘉彰,3,0,3,土銀-嘉義,2023-08-15,1034
6770,力積電,103,2,101,土銀-嘉義,2023-08-16,1034
2409,友達,62,4,58,土銀-嘉義,2023-08-16,1034
2883,凱基金,47,0,47,土銀-嘉義,2023-08-16,1034
2303,聯電,29,0,29,土銀-嘉義,2023-08-16,1034
2892,第一金,29,0,29,土銀-嘉義,2023-08-16,1034
1301,台塑,22,0,22,土銀-嘉義,2023-08-16,1034
2913,農林,24,2,22,土銀-嘉義,2023-08-16,1034
2022,聚亨,20,5,15,土銀-嘉義,2023-08-16,1034
00680L,元大美債20正2,14,0,14,土銀-嘉義,2023-08-16,1034
00923,群益台ESG低碳50,14,0,14,土銀-嘉義,2023-08-16,1034
2603,長榮,13,0,13,土銀-嘉義,2023-08-16,1034
2880,華南金,12,0,12,土銀-嘉義,2023-08-16,1034
2886,兆豐金,15,3,12,土銀-嘉義,2023-08-16,1034
2002,中鋼,11,0,11,土銀-嘉義,2023-08-16,1034
2301,光寶科,12,1,11,土銀-嘉義,2023-08-16,1034
2891,中信金,11,0,11,土銀-嘉義,2023-08-16,1034
00929,復華台灣科技優息,12,2,10,土銀-嘉義,2023-08-16,1034
00893,國泰智能電動車,10,0,10,土銀-嘉義,2023-08-16,1034
2363,矽統,27,17,10,土銀-嘉義,2023-08-16,1034
2889,國票金,10,0,10,土銀-嘉義,2023-08-16,1034
3622,洋華,10,0,10,土銀-嘉義,2023-08-16,1034
8933,愛地雅,10,0,10,土銀-嘉義,2023-08-16,1034
2356,英業達,37,28,9,土銀-嘉義,2023-08-16,1034
2393,億光,9,0,9,土銀-嘉義,2023-08-16,1034
2317,鴻海,11,2,9,土銀-嘉義,2023-08-16,1034
2324,仁寶,25,17,8,土銀-嘉義,2023-08-16,1034
00878,國泰永續高股息,18,10,8,土銀-嘉義,2023-08-16,1034
2887,台新金,8,0,8,土銀-嘉義,2023-08-16,1034
2610,華航,7,0,7,土銀-嘉義,2023-08-16,1034
2890,永豐金,7,0,7,土銀-嘉義,2023-08-16,1034
3481,群創,11,4,7,土銀-嘉義,2023-08-16,1034
2330,台積電,6,0,6,土銀-嘉義,2023-08-16,1034
2329,華泰,18,12,6,土銀-嘉義,2023-08-16,1034
2344,華邦電,6,0,6,土銀-嘉義,2023-08-16,1034
4915,致伸,6,0,6,土銀-嘉義,2023-08-16,1034
1709,和益,5,0,5,土銀-嘉義,2023-08-16,1034
2425,承啟,5,0,5,土銀-嘉義,2023-08-16,1034
3356,奇偶,5,0,5,土銀-嘉義,2023-08-16,1034
6753,龍德造船,5,0,5,土銀-嘉義,2023-08-16,1034
2884,玉山金,5,0,5,土銀-嘉義,2023-08-16,1034
1471,首利,4,0,4,土銀-嘉義,2023-08-16,1034
00650L,復華香港正2,4,0,4,土銀-嘉義,2023-08-16,1034
00888,永豐台灣ESG,4,0,4,土銀-嘉義,2023-08-16,1034
1102,亞泥,4,0,4,土銀-嘉義,2023-08-16,1034
2201,裕隆,4,0,4,土銀-嘉義,2023-08-16,1034
2801,彰銀,4,0,4,土銀-嘉義,2023-08-16,1034
4106,雃博,4,0,4,土銀-嘉義,2023-08-16,1034
5880,合庫金,4,0,4,土銀-嘉義,2023-08-16,1034
00907,永豐優息存股,3,0,3,土銀-嘉義,2023-08-16,1034
1303,南亞,3,0,3,土銀-嘉義,2023-08-16,1034
00680L,元大美債20正2,120,0,120,土銀-嘉義,2023-08-17,1034
6770,力積電,103,13,90,土銀-嘉義,2023-08-17,1034
2892,第一金,56,0,56,土銀-嘉義,2023-08-17,1034
2883,凱基金,55,0,55,土銀-嘉義,2023-08-17,1034
4931,新盛力,30,0,30,土銀-嘉義,2023-08-17,1034
00712,復華富時不動產,34,5,29,土銀-嘉義,2023-08-17,1034
2834,臺企銀,29,0,29,土銀-嘉義,2023-08-17,1034
00929,復華台灣科技優息,26,0,26,土銀-嘉義,2023-08-17,1034
3231,緯創,77,52,25,土銀-嘉義,2023-08-17,1034
00665L,富邦�琤肭磪囓�2,24,0,24,土銀-嘉義,2023-08-17,1034
2891,中信金,23,0,23,土銀-嘉義,2023-08-17,1034
4157,太景*-KY,20,0,20,土銀-嘉義,2023-08-17,1034
2332,友訊,32,13,19,土銀-嘉義,2023-08-17,1034
00878,國泰永續高股息,18,0,18,土銀-嘉義,2023-08-17,1034
3312,弘憶股,15,0,15,土銀-嘉義,2023-08-17,1034
2002,中鋼,21,8,13,土銀-嘉義,2023-08-17,1034
2801,彰銀,12,0,12,土銀-嘉義,2023-08-17,1034
00923,群益台ESG低碳50,11,0,11,土銀-嘉義,2023-08-17,1034
2329,華泰,13,2,11,土銀-嘉義,2023-08-17,1034
00687B,國泰20年美債,10,0,10,土銀-嘉義,2023-08-17,1034
3092,鴻碩,10,0,10,土銀-嘉義,2023-08-17,1034
3576,聯合再生,10,0,10,土銀-嘉義,2023-08-17,1034
00751B,元大AAA至A公司債,9,0,9,土銀-嘉義,2023-08-17,1034
00650L,復華香港正2,9,0,9,土銀-嘉義,2023-08-17,1034
3706,神達,10,1,9,土銀-嘉義,2023-08-17,1034
8050,廣積,11,2,9,土銀-嘉義,2023-08-17,1034
1303,南亞,8,0,8,土銀-嘉義,2023-08-17,1034
2342,茂矽,7,0,7,土銀-嘉義,2023-08-17,1034
6231,系微,9,2,7,土銀-嘉義,2023-08-17,1034
9945,潤泰新,7,0,7,土銀-嘉義,2023-08-17,1034
2382,廣達,26,20,6,土銀-嘉義,2023-08-17,1034
2547,日勝生,6,0,6,土銀-嘉義,2023-08-17,1034
2890,永豐金,6,0,6,土銀-嘉義,2023-08-17,1034
1710,東聯,5,0,5,土銀-嘉義,2023-08-17,1034
2344,華邦電,10,5,5,土銀-嘉義,2023-08-17,1034
2484,希華,5,0,5,土銀-嘉義,2023-08-17,1034
2609,陽明,5,0,5,土銀-嘉義,2023-08-17,1034
2634,漢翔,8,3,5,土銀-嘉義,2023-08-17,1034
2886,兆豐金,5,0,5,土銀-嘉義,2023-08-17,1034
3325,旭品,5,0,5,土銀-嘉義,2023-08-17,1034
3363,上詮,5,0,5,土銀-嘉義,2023-08-17,1034
3484,崧騰,5,0,5,土銀-嘉義,2023-08-17,1034
5211,蒙恬,5,0,5,土銀-嘉義,2023-08-17,1034
00679B,元大美債20年,9,5,4,土銀-嘉義,2023-08-17,1034
00772B,中信高評級公司債,4,0,4,土銀-嘉義,2023-08-17,1034
00900,富邦特選高股息30,4,0,4,土銀-嘉義,2023-08-17,1034
1301,台塑,4,0,4,土銀-嘉義,2023-08-17,1034
2324,仁寶,41,37,4,土銀-嘉義,2023-08-17,1034
2481,強茂,6,2,4,土銀-嘉義,2023-08-17,1034
2905,三商,4,0,4,土銀-嘉義,2023-08-17,1034
2883,凱基金,287,0,287,土銀-嘉義,2023-08-18,1034
2891,中信金,147,1,146,土銀-嘉義,2023-08-18,1034
5880,合庫金,100,0,100,土銀-嘉義,2023-08-18,1034
2409,友達,72,1,71,土銀-嘉義,2023-08-18,1034
2342,茂矽,50,0,50,土銀-嘉義,2023-08-18,1034
4931,新盛力,50,0,50,土銀-嘉義,2023-08-18,1034
00878,國泰永續高股息,64,33,31,土銀-嘉義,2023-08-18,1034
2201,裕隆,30,0,30,土銀-嘉義,2023-08-18,1034
2303,聯電,32,4,28,土銀-嘉義,2023-08-18,1034
2102,泰豐,26,0,26,土銀-嘉義,2023-08-18,1034
3231,緯創,65,40,25,土銀-嘉義,2023-08-18,1034
00929,復華台灣科技優息,22,0,22,土銀-嘉義,2023-08-18,1034
2892,第一金,22,0,22,土銀-嘉義,2023-08-18,1034
2489,瑞軒,20,0,20,土銀-嘉義,2023-08-18,1034
5009,榮剛,24,5,19,土銀-嘉義,2023-08-18,1034
2329,華泰,26,11,15,土銀-嘉義,2023-08-18,1034
2890,永豐金,15,0,15,土銀-嘉義,2023-08-18,1034
00712,復華富時不動產,15,1,14,土銀-嘉義,2023-08-18,1034
6282,康舒,15,2,13,土銀-嘉義,2023-08-18,1034
0050,元大台灣50,12,0,12,土銀-嘉義,2023-08-18,1034
2317,鴻海,12,0,12,土銀-嘉義,2023-08-18,1034
2356,英業達,93,82,11,土銀-嘉義,2023-08-18,1034
3583,辛耘,14,3,11,土銀-嘉義,2023-08-18,1034
00930,永豐ESG低碳高息,10,0,10,土銀-嘉義,2023-08-18,1034
1718,中纖,10,0,10,土銀-嘉義,2023-08-18,1034
2461,光群雷,10,0,10,土銀-嘉義,2023-08-18,1034
2889,國票金,10,0,10,土銀-嘉義,2023-08-18,1034
3149,正達,10,0,10,土銀-嘉義,2023-08-18,1034
9950,萬國通,10,0,10,土銀-嘉義,2023-08-18,1034
0056,元大高股息,8,0,8,土銀-嘉義,2023-08-18,1034
2363,矽統,20,12,8,土銀-嘉義,2023-08-18,1034
2610,華航,14,6,8,土銀-嘉義,2023-08-18,1034
00665L,富邦�琤肭磪囓�2,24,17,7,土銀-嘉義,2023-08-18,1034
2353,宏��,15,8,7,土銀-嘉義,2023-08-18,1034
2402,毅嘉,16,9,7,土銀-嘉義,2023-08-18,1034
2609,陽明,11,4,7,土銀-嘉義,2023-08-18,1034
8473,山林水,7,0,7,土銀-嘉義,2023-08-18,1034
1101,台泥,7,1,6,土銀-嘉義,2023-08-18,1034
1301,台塑,6,0,6,土銀-嘉義,2023-08-18,1034
2332,友訊,7,1,6,土銀-嘉義,2023-08-18,1034
2630,亞航,6,0,6,土銀-嘉義,2023-08-18,1034
6168,宏齊,6,0,6,土銀-嘉義,2023-08-18,1034
2382,廣達,27,22,5,土銀-嘉義,2023-08-18,1034
00919,群益台灣精選高息,5,0,5,土銀-嘉義,2023-08-18,1034
00856B,永豐1-3年美公債,5,0,5,土銀-嘉義,2023-08-18,1034
2204,中華,5,0,5,土銀-嘉義,2023-08-18,1034
2355,敬鵬,5,0,5,土銀-嘉義,2023-08-18,1034
2468,華經,5,0,5,土銀-嘉義,2023-08-18,1034
2618,長榮航,22,17,5,土銀-嘉義,2023-08-18,1034
3176,基亞,5,0,5,土銀-嘉義,2023-08-18,1034
2883,凱基金,202,0,202,土銀-嘉義,2023-08-21,1034
5880,合庫金,200,0,200,土銀-嘉義,2023-08-21,1034
00772B,中信高評級公司債,53,0,53,土銀-嘉義,2023-08-21,1034
00907,永豐優息存股,30,0,30,土銀-嘉義,2023-08-21,1034
1712,興農,29,0,29,土銀-嘉義,2023-08-21,1034
00632R,元大台灣50反1,20,0,20,土銀-嘉義,2023-08-21,1034
2393,億光,20,0,20,土銀-嘉義,2023-08-21,1034
00919,群益台灣精選高息,22,5,17,土銀-嘉義,2023-08-21,1034
1504,東元,17,4,13,土銀-嘉義,2023-08-21,1034
2324,仁寶,14,1,13,土銀-嘉義,2023-08-21,1034
00712,復華富時不動產,11,0,11,土銀-嘉義,2023-08-21,1034
2889,國票金,10,0,10,土銀-嘉義,2023-08-21,1034
3062,建漢,10,0,10,土銀-嘉義,2023-08-21,1034
8050,廣積,15,5,10,土銀-嘉義,2023-08-21,1034
9955,佳龍,10,0,10,土銀-嘉義,2023-08-21,1034
0056,元大高股息,9,0,9,土銀-嘉義,2023-08-21,1034
00923,群益台ESG低碳50,9,0,9,土銀-嘉義,2023-08-21,1034
3056,富華新,34,25,9,土銀-嘉義,2023-08-21,1034
00929,復華台灣科技優息,8,0,8,土銀-嘉義,2023-08-21,1034
00637L,元大滬深300正2,12,4,8,土銀-嘉義,2023-08-21,1034
00665L,富邦�琤肭磪囓�2,8,0,8,土銀-嘉義,2023-08-21,1034
2344,華邦電,8,0,8,土銀-嘉義,2023-08-21,1034
2317,鴻海,7,0,7,土銀-嘉義,2023-08-21,1034
2382,廣達,40,33,7,土銀-嘉義,2023-08-21,1034
00650L,復華香港正2,7,0,7,土銀-嘉義,2023-08-21,1034
2606,裕民,7,0,7,土銀-嘉義,2023-08-21,1034
3706,神達,7,0,7,土銀-嘉義,2023-08-21,1034
5211,蒙恬,7,0,7,土銀-嘉義,2023-08-21,1034
1301,台塑,6,0,6,土銀-嘉義,2023-08-21,1034
1802,台玻,6,0,6,土銀-嘉義,2023-08-21,1034
1513,中興電,6,0,6,土銀-嘉義,2023-08-21,1034
2002,中鋼,6,0,6,土銀-嘉義,2023-08-21,1034
2356,英業達,25,19,6,土銀-嘉義,2023-08-21,1034
5608,四維航,6,0,6,土銀-嘉義,2023-08-21,1034
2359,所羅門,5,0,5,土銀-嘉義,2023-08-21,1034
2374,佳能,5,0,5,土銀-嘉義,2023-08-21,1034
2438,翔耀,5,0,5,土銀-嘉義,2023-08-21,1034
2888,新光金,5,0,5,土銀-嘉義,2023-08-21,1034
2897,王道銀行,5,0,5,土銀-嘉義,2023-08-21,1034
4906,正文,12,7,5,土銀-嘉義,2023-08-21,1034
4960,誠美材,5,0,5,土銀-嘉義,2023-08-21,1034
6194,育富,5,0,5,土銀-嘉義,2023-08-21,1034
1709,和益,4,0,4,土銀-嘉義,2023-08-21,1034
2211,長榮鋼,4,0,4,土銀-嘉義,2023-08-21,1034
2441,超豐,4,0,4,土銀-嘉義,2023-08-21,1034
2484,希華,4,0,4,土銀-嘉義,2023-08-21,1034
2605,新興,4,0,4,土銀-嘉義,2023-08-21,1034
3032,偉訓,4,0,4,土銀-嘉義,2023-08-21,1034
6117,迎廣,4,0,4,土銀-嘉義,2023-08-21,1034
0050,元大台灣50,4,0,4,土銀-嘉義,2023-08-21,1034
5880,合庫金,300,0,300,土銀-嘉義,2023-08-22,1034
2883,凱基金,113,5,108,土銀-嘉義,2023-08-22,1034
3576,聯合再生,100,0,100,土銀-嘉義,2023-08-22,1034
3231,緯創,51,16,35,土銀-嘉義,2023-08-22,1034
6770,力積電,35,2,33,土銀-嘉義,2023-08-22,1034
6153,嘉聯益,30,0,30,土銀-嘉義,2023-08-22,1034
6208,日揚,30,0,30,土銀-嘉義,2023-08-22,1034
2323,中環,24,0,24,土銀-嘉義,2023-08-22,1034
2891,中信金,20,0,20,土銀-嘉義,2023-08-22,1034
2356,英業達,43,25,18,土銀-嘉義,2023-08-22,1034
2324,仁寶,24,8,16,土銀-嘉義,2023-08-22,1034
1609,大亞,20,6,14,土銀-嘉義,2023-08-22,1034
2363,矽統,59,45,14,土銀-嘉義,2023-08-22,1034
2886,兆豐金,14,0,14,土銀-嘉義,2023-08-22,1034
3363,上詮,12,0,12,土銀-嘉義,2023-08-22,1034
00900,富邦特選高股息30,21,10,11,土銀-嘉義,2023-08-22,1034
2002,中鋼,12,1,11,土銀-嘉義,2023-08-22,1034
2882,國泰金,11,0,11,土銀-嘉義,2023-08-22,1034
1608,華榮,10,0,10,土銀-嘉義,2023-08-22,1034
00929,復華台灣科技優息,12,2,10,土銀-嘉義,2023-08-22,1034
1103,嘉泥,10,0,10,土銀-嘉義,2023-08-22,1034
4904,遠傳,10,0,10,土銀-嘉義,2023-08-22,1034
1504,東元,10,0,10,土銀-嘉義,2023-08-22,1034
00687B,國泰20年美債,9,0,9,土銀-嘉義,2023-08-22,1034
2353,宏��,22,13,9,土銀-嘉義,2023-08-22,1034
4960,誠美材,10,1,9,土銀-嘉義,2023-08-22,1034
5211,蒙恬,9,0,9,土銀-嘉義,2023-08-22,1034
00632R,元大台灣50反1,8,0,8,土銀-嘉義,2023-08-22,1034
8050,廣積,8,0,8,土銀-嘉義,2023-08-22,1034
1712,興農,7,0,7,土銀-嘉義,2023-08-22,1034
8163,達方,7,0,7,土銀-嘉義,2023-08-22,1034
1711,永光,6,0,6,土銀-嘉義,2023-08-22,1034
2484,希華,6,0,6,土銀-嘉義,2023-08-22,1034
8131,福懋科,6,0,6,土銀-嘉義,2023-08-22,1034
912000,晨訊科-DR,6,0,6,土銀-嘉義,2023-08-22,1034
3045,台灣大,5,0,5,土銀-嘉義,2023-08-22,1034
2204,中華,5,0,5,土銀-嘉義,2023-08-22,1034
6016,康和證,5,0,5,土銀-嘉義,2023-08-22,1034
6122,擎邦,5,0,5,土銀-嘉義,2023-08-22,1034
6173,信昌電,10,5,5,土銀-嘉義,2023-08-22,1034
6517,保勝光學,5,0,5,土銀-嘉義,2023-08-22,1034
1709,和益,4,0,4,土銀-嘉義,2023-08-22,1034
1303,南亞,4,0,4,土銀-嘉義,2023-08-22,1034
00665L,富邦�琤肭磪囓�2,4,0,4,土銀-嘉義,2023-08-22,1034
2726,雅茗-KY,4,0,4,土銀-嘉義,2023-08-22,1034
5386,青雲,4,0,4,土銀-嘉義,2023-08-22,1034
6223,旺矽,5,1,4,土銀-嘉義,2023-08-22,1034
6533,晶心科,4,0,4,土銀-嘉義,2023-08-22,1034
00637L,元大滬深300正2,9,6,3,土銀-嘉義,2023-08-22,1034
1802,台玻,3,0,3,土銀-嘉義,2023-08-22,1034
5880,合庫金,321,0,321,土銀-嘉義,2023-08-23,1034
2883,凱基金,107,0,107,土銀-嘉義,2023-08-23,1034
2897,王道銀行,50,0,50,土銀-嘉義,2023-08-23,1034
2618,長榮航,62,13,49,土銀-嘉義,2023-08-23,1034
00929,復華台灣科技優息,46,7,39,土銀-嘉義,2023-08-23,1034
1609,大亞,31,0,31,土銀-嘉義,2023-08-23,1034
6191,精成科,29,0,29,土銀-嘉義,2023-08-23,1034
6167,久正,24,3,21,土銀-嘉義,2023-08-23,1034
6282,康舒,16,0,16,土銀-嘉義,2023-08-23,1034
3037,欣興,14,1,13,土銀-嘉義,2023-08-23,1034
5009,榮剛,13,0,13,土銀-嘉義,2023-08-23,1034
2105,正新,10,0,10,土銀-嘉義,2023-08-23,1034
00687B,國泰20年美債,10,0,10,土銀-嘉義,2023-08-23,1034
00665L,富邦�琤肭磪囓�2,10,0,10,土銀-嘉義,2023-08-23,1034
00885,富邦越南,10,0,10,土銀-嘉義,2023-08-23,1034
2408,南亞科,10,0,10,土銀-嘉義,2023-08-23,1034
2610,華航,26,16,10,土銀-嘉義,2023-08-23,1034
2883B,凱基金乙特,10,0,10,土銀-嘉義,2023-08-23,1034
2892,第一金,10,0,10,土銀-嘉義,2023-08-23,1034
4960,誠美材,35,26,9,土銀-嘉義,2023-08-23,1034
1101,台泥,9,0,9,土銀-嘉義,2023-08-23,1034
6412,群電,7,0,7,土銀-嘉義,2023-08-23,1034
2882,國泰金,6,0,6,土銀-嘉義,2023-08-23,1034
3013,晟銘電,11,5,6,土銀-嘉義,2023-08-23,1034
2376,技嘉,5,0,5,土銀-嘉義,2023-08-23,1034
00830,國泰費城半導體,5,0,5,土銀-嘉義,2023-08-23,1034
00679B,元大美債20年,5,0,5,土銀-嘉義,2023-08-23,1034
2324,仁寶,8,3,5,土銀-嘉義,2023-08-23,1034
2884,玉山金,5,0,5,土銀-嘉義,2023-08-23,1034
3014,聯陽,5,0,5,土銀-嘉義,2023-08-23,1034
6125,廣運,6,1,5,土銀-嘉義,2023-08-23,1034
6163,華電網,5,0,5,土銀-嘉義,2023-08-23,1034
6895,宏碩系統,5,0,5,土銀-嘉義,2023-08-23,1034
8222,寶一,6,1,5,土銀-嘉義,2023-08-23,1034
2329,華泰,13,9,4,土銀-嘉義,2023-08-23,1034
2484,希華,4,0,4,土銀-嘉義,2023-08-23,1034
5211,蒙恬,4,0,4,土銀-嘉義,2023-08-23,1034
5452,佶優,7,3,4,土銀-嘉義,2023-08-23,1034
1326,台化,3,0,3,土銀-嘉義,2023-08-23,1034
2002,中鋼,3,0,3,土銀-嘉義,2023-08-23,1034
2421,建準,3,0,3,土銀-嘉義,2023-08-23,1034
2428,興勤,3,0,3,土銀-嘉義,2023-08-23,1034
2731,雄獅,3,0,3,土銀-嘉義,2023-08-23,1034
3051,力特,4,1,3,土銀-嘉義,2023-08-23,1034
3322,建舜電,3,0,3,土銀-嘉義,2023-08-23,1034
3483,力致,4,1,3,土銀-嘉義,2023-08-23,1034
6227,茂綸,5,2,3,土銀-嘉義,2023-08-23,1034
8111,立��,3,0,3,土銀-嘉義,2023-08-23,1034
9904,寶成,3,0,3,土銀-嘉義,2023-08-23,1034
2363,矽統,35,32,3,土銀-嘉義,2023-08-23,1034
2883,凱基金,226,0,226,土銀-嘉義,2023-08-24,1034
00878,國泰永續高股息,78,16,62,土銀-嘉義,2023-08-24,1034
2363,矽統,124,72,52,土銀-嘉義,2023-08-24,1034
3231,緯創,73,32,41,土銀-嘉義,2023-08-24,1034
2208,台船,30,0,30,土銀-嘉義,2023-08-24,1034
2630,亞航,22,1,21,土銀-嘉義,2023-08-24,1034
1609,大亞,21,0,21,土銀-嘉義,2023-08-24,1034
00929,復華台灣科技優息,22,4,18,土銀-嘉義,2023-08-24,1034
2402,毅嘉,24,7,17,土銀-嘉義,2023-08-24,1034
2002,中鋼,15,0,15,土銀-嘉義,2023-08-24,1034
2419,仲琦,18,3,15,土銀-嘉義,2023-08-24,1034
2329,華泰,20,9,11,土銀-嘉義,2023-08-24,1034
2882,國泰金,13,2,11,土銀-嘉義,2023-08-24,1034
3706,神達,14,3,11,土銀-嘉義,2023-08-24,1034
1101,台泥,10,0,10,土銀-嘉義,2023-08-24,1034
00679B,元大美債20年,10,0,10,土銀-嘉義,2023-08-24,1034
00715L,期街口布蘭特正2,10,0,10,土銀-嘉義,2023-08-24,1034
2393,億光,10,0,10,土銀-嘉義,2023-08-24,1034
2745,五福,10,0,10,土銀-嘉義,2023-08-24,1034
2880,華南金,10,0,10,土銀-嘉義,2023-08-24,1034
2485,兆赫,10,1,9,土銀-嘉義,2023-08-24,1034
3013,晟銘電,36,27,9,土銀-嘉義,2023-08-24,1034
3305,昇貿,10,1,9,土銀-嘉義,2023-08-24,1034
2323,中環,8,0,8,土銀-嘉義,2023-08-24,1034
3078,僑威,8,0,8,土銀-嘉義,2023-08-24,1034
5009,榮剛,9,2,7,土銀-嘉義,2023-08-24,1034
6173,信昌電,7,0,7,土銀-嘉義,2023-08-24,1034
6167,久正,6,0,6,土銀-嘉義,2023-08-24,1034
00830,國泰費城半導體,5,0,5,土銀-嘉義,2023-08-24,1034
2374,佳能,5,0,5,土銀-嘉義,2023-08-24,1034
2457,飛宏,13,8,5,土銀-嘉義,2023-08-24,1034
2615,萬海,5,0,5,土銀-嘉義,2023-08-24,1034
3322,建舜電,5,0,5,土銀-嘉義,2023-08-24,1034
6163,華電網,5,0,5,土銀-嘉義,2023-08-24,1034
8091,翔名,5,0,5,土銀-嘉義,2023-08-24,1034
00922,國泰台灣領袖50,4,0,4,土銀-嘉義,2023-08-24,1034
1537,廣隆,4,0,4,土銀-嘉義,2023-08-24,1034
2337,旺宏,4,0,4,土銀-嘉義,2023-08-24,1034
3228,金麗科,4,0,4,土銀-嘉義,2023-08-24,1034
3483,力致,4,0,4,土銀-嘉義,2023-08-24,1034
4960,誠美材,4,0,4,土銀-嘉義,2023-08-24,1034
6418,詠昇,4,0,4,土銀-嘉義,2023-08-24,1034
2884,玉山金,3,0,3,土銀-嘉義,2023-08-24,1034
1712,興農,3,0,3,土銀-嘉義,2023-08-24,1034
00637L,元大滬深300正2,11,8,3,土銀-嘉義,2023-08-24,1034
0050,元大台灣50,3,0,3,土銀-嘉義,2023-08-24,1034
1513,中興電,3,0,3,土銀-嘉義,2023-08-24,1034
1802,台玻,3,0,3,土銀-嘉義,2023-08-24,1034
2421,建準,12,9,3,土銀-嘉義,2023-08-24,1034
3031,佰鴻,3,0,3,土銀-嘉義,2023-08-24,1034
00919,群益台灣精選高息,126,0,126,土銀-嘉義,2023-08-25,1034
00878,國泰永續高股息,118,0,118,土銀-嘉義,2023-08-25,1034
3231,緯創,83,30,53,土銀-嘉義,2023-08-25,1034
0056,元大高股息,36,3,33,土銀-嘉義,2023-08-25,1034
00900,富邦特選高股息30,36,5,31,土銀-嘉義,2023-08-25,1034
2002,中鋼,26,0,26,土銀-嘉義,2023-08-25,1034
2353,宏��,26,0,26,土銀-嘉義,2023-08-25,1034
4960,誠美材,23,0,23,土銀-嘉義,2023-08-25,1034
00675L,富邦臺灣加權正2,20,0,20,土銀-嘉義,2023-08-25,1034
00907,永豐優息存股,20,0,20,土銀-嘉義,2023-08-25,1034
9934,成霖,16,0,16,土銀-嘉義,2023-08-25,1034
2382,廣達,41,26,15,土銀-嘉義,2023-08-25,1034
00929,復華台灣科技優息,15,0,15,土銀-嘉義,2023-08-25,1034
2880,華南金,13,0,13,土銀-嘉義,2023-08-25,1034
3706,神達,14,3,11,土銀-嘉義,2023-08-25,1034
3715,定穎投控,24,13,11,土銀-嘉義,2023-08-25,1034
00893,國泰智能電動車,10,0,10,土銀-嘉義,2023-08-25,1034
00915,凱基優選高股息30,10,0,10,土銀-嘉義,2023-08-25,1034
5706,鳳凰,10,0,10,土銀-嘉義,2023-08-25,1034
1513,中興電,21,12,9,土銀-嘉義,2023-08-25,1034
4906,正文,21,12,9,土銀-嘉義,2023-08-25,1034
2425,承啟,8,0,8,土銀-嘉義,2023-08-25,1034
6412,群電,10,2,8,土銀-嘉義,2023-08-25,1034
8222,寶一,8,0,8,土銀-嘉義,2023-08-25,1034
3037,欣興,10,3,7,土銀-嘉義,2023-08-25,1034
1303,南亞,6,0,6,土銀-嘉義,2023-08-25,1034
6173,信昌電,6,0,6,土銀-嘉義,2023-08-25,1034
1301,台塑,6,0,6,土銀-嘉義,2023-08-25,1034
2356,英業達,11,6,5,土銀-嘉義,2023-08-25,1034
2303,聯電,5,0,5,土銀-嘉義,2023-08-25,1034
2891,中信金,5,0,5,土銀-嘉義,2023-08-25,1034
912000,晨訊科-DR,5,0,5,土銀-嘉義,2023-08-25,1034
5880,合庫金,5,0,5,土銀-嘉義,2023-08-25,1034
00680L,元大美債20正2,4,0,4,土銀-嘉義,2023-08-25,1034
1220,台榮,6,2,4,土銀-嘉義,2023-08-25,1034
2104,國際中橡,4,0,4,土銀-嘉義,2023-08-25,1034
2323,中環,5,1,4,土銀-嘉義,2023-08-25,1034
2484,希華,4,0,4,土銀-嘉義,2023-08-25,1034
4114,健喬,6,2,4,土銀-嘉義,2023-08-25,1034
2330,台積電,4,0,4,土銀-嘉義,2023-08-25,1034
2301,光寶科,5,2,3,土銀-嘉義,2023-08-25,1034
2332,友訊,8,5,3,土銀-嘉義,2023-08-25,1034
2352,佳世達,3,0,3,土銀-嘉義,2023-08-25,1034
2409,友達,3,0,3,土銀-嘉義,2023-08-25,1034
2726,雅茗-KY,3,0,3,土銀-嘉義,2023-08-25,1034
3032,偉訓,3,0,3,土銀-嘉義,2023-08-25,1034
3051,力特,3,0,3,土銀-嘉義,2023-08-25,1034
5211,蒙恬,3,0,3,土銀-嘉義,2023-08-25,1034
5289,宜鼎,3,0,3,土銀-嘉義,2023-08-25,1034
6016,康和證,3,0,3,土銀-嘉義,2023-08-25,1034
00712,復華富時不動產,176,0,176,土銀-嘉義,2023-08-28,1034
1609,大亞,35,1,34,土銀-嘉義,2023-08-28,1034
1810,和成,30,3,27,土銀-嘉義,2023-08-28,1034
00878,國泰永續高股息,26,0,26,土銀-嘉義,2023-08-28,1034
3481,群創,44,20,24,土銀-嘉義,2023-08-28,1034
2303,聯電,38,15,23,土銀-嘉義,2023-08-28,1034
3059,華晶科,19,0,19,土銀-嘉義,2023-08-28,1034
3231,緯創,30,13,17,土銀-嘉義,2023-08-28,1034
1802,台玻,16,1,15,土銀-嘉義,2023-08-28,1034
4960,誠美材,13,0,13,土銀-嘉義,2023-08-28,1034
1101,台泥,11,0,11,土銀-嘉義,2023-08-28,1034
5347,世界,11,0,11,土銀-嘉義,2023-08-28,1034
6770,力積電,11,0,11,土銀-嘉義,2023-08-28,1034
2020,美亞,10,0,10,土銀-嘉義,2023-08-28,1034
2393,億光,10,0,10,土銀-嘉義,2023-08-28,1034
2743,山富,20,10,10,土銀-嘉義,2023-08-28,1034
2897,王道銀行,10,0,10,土銀-嘉義,2023-08-28,1034
3322,建舜電,10,0,10,土銀-嘉義,2023-08-28,1034
00929,復華台灣科技優息,16,7,9,土銀-嘉義,2023-08-28,1034
2440,太空梭,10,1,9,土銀-嘉義,2023-08-28,1034
1737,臺鹽,10,2,8,土銀-嘉義,2023-08-28,1034
4915,致伸,8,0,8,土銀-嘉義,2023-08-28,1034
2353,宏��,10,3,7,土銀-嘉義,2023-08-28,1034
2355,敬鵬,11,4,7,土銀-嘉義,2023-08-28,1034
6139,亞翔,8,1,7,土銀-嘉義,2023-08-28,1034
6168,宏齊,10,3,7,土銀-嘉義,2023-08-28,1034
2332,友訊,13,7,6,土銀-嘉義,2023-08-28,1034
0056,元大高股息,5,0,5,土銀-嘉義,2023-08-28,1034
2204,中華,5,0,5,土銀-嘉義,2023-08-28,1034
2344,華邦電,5,0,5,土銀-嘉義,2023-08-28,1034
2610,華航,13,8,5,土銀-嘉義,2023-08-28,1034
5608,四維航,5,0,5,土銀-嘉義,2023-08-28,1034
6443,元晶,5,0,5,土銀-嘉義,2023-08-28,1034
912000,晨訊科-DR,5,0,5,土銀-嘉義,2023-08-28,1034
1815,富喬,4,0,4,土銀-嘉義,2023-08-28,1034
2356,英業達,14,10,4,土銀-嘉義,2023-08-28,1034
3051,力特,6,2,4,土銀-嘉義,2023-08-28,1034
5211,蒙恬,4,0,4,土銀-嘉義,2023-08-28,1034
5703,亞都,4,0,4,土銀-嘉義,2023-08-28,1034
8358,金居,4,0,4,土銀-嘉義,2023-08-28,1034
9919,康那香,4,0,4,土銀-嘉義,2023-08-28,1034
00895,富邦未來車,3,0,3,土銀-嘉義,2023-08-28,1034
00882,中信中國高股息,3,0,3,土銀-嘉義,2023-08-28,1034
2230,泰茂,3,0,3,土銀-嘉義,2023-08-28,1034
2329,華泰,5,2,3,土銀-嘉義,2023-08-28,1034
2609,陽明,3,0,3,土銀-嘉義,2023-08-28,1034
3037,欣興,3,0,3,土銀-嘉義,2023-08-28,1034
3338,泰碩,3,0,3,土銀-嘉義,2023-08-28,1034
4707,磐亞,3,0,3,土銀-嘉義,2023-08-28,1034
5225,東科-KY,3,0,3,土銀-嘉義,2023-08-28,1034
00885,富邦越南,440,0,440,土銀-嘉義,2023-08-29,1034
2883,凱基金,200,100,100,土銀-嘉義,2023-08-29,1034
2317,鴻海,24,2,22,土銀-嘉義,2023-08-29,1034
2363,矽統,70,50,20,土銀-嘉義,2023-08-29,1034
00878,國泰永續高股息,15,2,13,土銀-嘉義,2023-08-29,1034
00929,復華台灣科技優息,12,0,12,土銀-嘉義,2023-08-29,1034
3231,緯創,49,37,12,土銀-嘉義,2023-08-29,1034
2816,旺旺保,11,0,11,土銀-嘉義,2023-08-29,1034
00923,群益台ESG低碳50,10,0,10,土銀-嘉義,2023-08-29,1034
00922,國泰台灣領袖50,10,0,10,土銀-嘉義,2023-08-29,1034
2897,王道銀行,10,0,10,土銀-嘉義,2023-08-29,1034
5283,禾聯碩,10,0,10,土銀-嘉義,2023-08-29,1034
1709,和益,9,0,9,土銀-嘉義,2023-08-29,1034
00712,復華富時不動產,7,0,7,土銀-嘉義,2023-08-29,1034
2606,裕民,16,10,6,土銀-嘉義,2023-08-29,1034
2409,友達,5,0,5,土銀-嘉義,2023-08-29,1034
2312,金寶,5,0,5,土銀-嘉義,2023-08-29,1034
6197,佳必琪,5,0,5,土銀-嘉義,2023-08-29,1034
8048,德勝,5,0,5,土銀-嘉義,2023-08-29,1034
1319,東陽,5,1,4,土銀-嘉義,2023-08-29,1034
00919,群益台灣精選高息,4,0,4,土銀-嘉義,2023-08-29,1034
2356,英業達,5,1,4,土銀-嘉義,2023-08-29,1034
3163,波若威,10,6,4,土銀-嘉義,2023-08-29,1034
4961,天鈺,4,0,4,土銀-嘉義,2023-08-29,1034
5211,蒙恬,4,0,4,土銀-嘉義,2023-08-29,1034
6456,GIS-KY,4,0,4,土銀-嘉義,2023-08-29,1034
2014,中鴻,3,0,3,土銀-嘉義,2023-08-29,1034
1712,興農,25,22,3,土銀-嘉義,2023-08-29,1034
2402,毅嘉,17,14,3,土銀-嘉義,2023-08-29,1034
2419,仲琦,3,0,3,土銀-嘉義,2023-08-29,1034
3052,夆典,3,0,3,土銀-嘉義,2023-08-29,1034
3257,虹冠電,3,0,3,土銀-嘉義,2023-08-29,1034
2449,京元電子,5,3,2,土銀-嘉義,2023-08-29,1034
2301,光寶科,3,1,2,土銀-嘉義,2023-08-29,1034
1710,東聯,2,0,2,土銀-嘉義,2023-08-29,1034
1519,華城,2,0,2,土銀-嘉義,2023-08-29,1034
1612,宏泰,4,2,2,土銀-嘉義,2023-08-29,1034
3105,穩懋,2,0,2,土銀-嘉義,2023-08-29,1034
3673,TPK-KY,2,0,2,土銀-嘉義,2023-08-29,1034
3706,神達,3,1,2,土銀-嘉義,2023-08-29,1034
4908,前鼎,2,0,2,土銀-嘉義,2023-08-29,1034
5347,世界,2,0,2,土銀-嘉義,2023-08-29,1034
5469,瀚宇博,2,0,2,土銀-嘉義,2023-08-29,1034
6257,矽格,2,0,2,土銀-嘉義,2023-08-29,1034
6275,元山,14,12,2,土銀-嘉義,2023-08-29,1034
6770,力積電,2,0,2,土銀-嘉義,2023-08-29,1034
8222,寶一,2,0,2,土銀-嘉義,2023-08-29,1034
8415,大國鋼,2,0,2,土銀-嘉義,2023-08-29,1034
0056,元大高股息,3,1,2,土銀-嘉義,2023-08-29,1034
2059,川湖,1,0,1,土銀-嘉義,2023-08-29,1034
00712,復華富時不動產,103,0,103,土銀-嘉義,2023-08-30,1034
2888,新光金,100,0,100,土銀-嘉義,2023-08-30,1034
2618,長榮航,29,0,29,土銀-嘉義,2023-08-30,1034
2002,中鋼,22,0,22,土銀-嘉義,2023-08-30,1034
00891,中信關鍵半導體,22,0,22,土銀-嘉義,2023-08-30,1034
2323,中環,18,0,18,土銀-嘉義,2023-08-30,1034
5009,榮剛,14,0,14,土銀-嘉義,2023-08-30,1034
2324,仁寶,13,1,12,土銀-嘉義,2023-08-30,1034
6188,廣明,15,3,12,土銀-嘉義,2023-08-30,1034
9938,百和,12,0,12,土銀-嘉義,2023-08-30,1034
2485,兆赫,13,3,10,土銀-嘉義,2023-08-30,1034
4938,和碩,10,0,10,土銀-嘉義,2023-08-30,1034
6208,日揚,10,0,10,土銀-嘉義,2023-08-30,1034
2331,精英,15,6,9,土銀-嘉義,2023-08-30,1034
2816,旺旺保,9,0,9,土銀-嘉義,2023-08-30,1034
00679B,元大美債20年,7,0,7,土銀-嘉義,2023-08-30,1034
00637L,元大滬深300正2,10,3,7,土銀-嘉義,2023-08-30,1034
2303,聯電,14,7,7,土銀-嘉義,2023-08-30,1034
2883,凱基金,7,0,7,土銀-嘉義,2023-08-30,1034
3484,崧騰,7,0,7,土銀-嘉義,2023-08-30,1034
2355,敬鵬,6,0,6,土銀-嘉義,2023-08-30,1034
2409,友達,6,0,6,土銀-嘉義,2023-08-30,1034
3017,奇鋐,12,6,6,土銀-嘉義,2023-08-30,1034
2301,光寶科,9,4,5,土銀-嘉義,2023-08-30,1034
2368,金像電,17,12,5,土銀-嘉義,2023-08-30,1034
5351,鈺創,5,0,5,土銀-嘉義,2023-08-30,1034
5469,瀚宇博,5,0,5,土銀-嘉義,2023-08-30,1034
6153,嘉聯益,5,0,5,土銀-嘉義,2023-08-30,1034
6592A,和潤企業甲特,5,0,5,土銀-嘉義,2023-08-30,1034
1101,台泥,4,0,4,土銀-嘉義,2023-08-30,1034
1319,東陽,8,4,4,土銀-嘉義,2023-08-30,1034
1727,中華化,4,0,4,土銀-嘉義,2023-08-30,1034
2421,建準,19,15,4,土銀-嘉義,2023-08-30,1034
6156,松上,4,0,4,土銀-嘉義,2023-08-30,1034
2376,技嘉,27,23,4,土銀-嘉義,2023-08-30,1034
3481,群創,4,0,4,土銀-嘉義,2023-08-30,1034
1605,華新,3,0,3,土銀-嘉義,2023-08-30,1034
1445,大宇,3,0,3,土銀-嘉義,2023-08-30,1034
3163,波若威,4,1,3,土銀-嘉義,2023-08-30,1034
3264,欣銓,3,0,3,土銀-嘉義,2023-08-30,1034
3322,建舜電,3,0,3,土銀-嘉義,2023-08-30,1034
3679,新至陞,3,0,3,土銀-嘉義,2023-08-30,1034
4968,立積,4,1,3,土銀-嘉義,2023-08-30,1034
8940,新天地,3,0,3,土銀-嘉義,2023-08-30,1034
1535,中宇,2,0,2,土銀-嘉義,2023-08-30,1034
1326,台化,2,0,2,土銀-嘉義,2023-08-30,1034
1227,佳格,2,0,2,土銀-嘉義,2023-08-30,1034
00882,中信中國高股息,2,0,2,土銀-嘉義,2023-08-30,1034
2340,台亞,3,1,2,土銀-嘉義,2023-08-30,1034
2353,宏��,4,2,2,土銀-嘉義,2023-08-30,1034
2801,彰銀,51,0,51,土銀-嘉義,2023-08-31,1034
2883,凱基金,22,0,22,土銀-嘉義,2023-08-31,1034
1802,台玻,29,11,18,土銀-嘉義,2023-08-31,1034
00929,復華台灣科技優息,17,0,17,土銀-嘉義,2023-08-31,1034
3162,精確,15,0,15,土銀-嘉義,2023-08-31,1034
00680L,元大美債20正2,14,0,14,土銀-嘉義,2023-08-31,1034
2867,三商壽,14,0,14,土銀-嘉義,2023-08-31,1034
1101,台泥,11,0,11,土銀-嘉義,2023-08-31,1034
2324,仁寶,11,0,11,土銀-嘉義,2023-08-31,1034
00891,中信關鍵半導體,10,0,10,土銀-嘉義,2023-08-31,1034
2002,中鋼,10,0,10,土銀-嘉義,2023-08-31,1034
2489,瑞軒,10,0,10,土銀-嘉義,2023-08-31,1034
6285,啟��,32,23,9,土銀-嘉義,2023-08-31,1034
2317,鴻海,11,2,9,土銀-嘉義,2023-08-31,1034
1216,統一,8,0,8,土銀-嘉義,2023-08-31,1034
00637L,元大滬深300正2,10,3,7,土銀-嘉義,2023-08-31,1034
00878,國泰永續高股息,8,1,7,土銀-嘉義,2023-08-31,1034
6168,宏齊,8,1,7,土銀-嘉義,2023-08-31,1034
00893,國泰智能電動車,11,5,6,土銀-嘉義,2023-08-31,1034
00712,復華富時不動產,6,0,6,土銀-嘉義,2023-08-31,1034
2834,臺企銀,6,0,6,土銀-嘉義,2023-08-31,1034
3029,零壹,6,0,6,土銀-嘉義,2023-08-31,1034
6176,瑞儀,6,0,6,土銀-嘉義,2023-08-31,1034
1604,聲寶,5,0,5,土銀-嘉義,2023-08-31,1034
00907,永豐優息存股,5,0,5,土銀-嘉義,2023-08-31,1034
2630,亞航,5,0,5,土銀-嘉義,2023-08-31,1034
2816,旺旺保,5,0,5,土銀-嘉義,2023-08-31,1034
2880,華南金,5,0,5,土銀-嘉義,2023-08-31,1034
2888,新光金,5,0,5,土銀-嘉義,2023-08-31,1034
3596,智易,5,0,5,土銀-嘉義,2023-08-31,1034
5211,蒙恬,5,0,5,土銀-嘉義,2023-08-31,1034
2303,聯電,19,15,4,土銀-嘉義,2023-08-31,1034
2357,華碩,5,1,4,土銀-嘉義,2023-08-31,1034
2376,技嘉,4,0,4,土銀-嘉義,2023-08-31,1034
1326,台化,4,0,4,土銀-嘉義,2023-08-31,1034
2401,凌陽,7,3,4,土銀-嘉義,2023-08-31,1034
2891,中信金,4,0,4,土銀-嘉義,2023-08-31,1034
4933,友輝,8,4,4,土銀-嘉義,2023-08-31,1034
9938,百和,4,0,4,土銀-嘉義,2023-08-31,1034
8996,高力,3,0,3,土銀-嘉義,2023-08-31,1034
1522,堤維西,5,2,3,土銀-嘉義,2023-08-31,1034
2206,三陽工業,3,0,3,土銀-嘉義,2023-08-31,1034
2340,台亞,3,0,3,土銀-嘉義,2023-08-31,1034
2344,華邦電,3,0,3,土銀-嘉義,2023-08-31,1034
2367,燿華,9,6,3,土銀-嘉義,2023-08-31,1034
2428,興勤,3,0,3,土銀-嘉義,2023-08-31,1034
2457,飛宏,20,17,3,土銀-嘉義,2023-08-31,1034
2461,光群雷,3,0,3,土銀-嘉義,2023-08-31,1034
2885,元大金,3,0,3,土銀-嘉義,2023-08-31,1034
3706,神達,4,1,3,土銀-嘉義,2023-08-31,1034
3576,聯合再生,92,0,92,土銀-嘉義,2023-09-01,1034
2337,旺宏,82,3,79,土銀-嘉義,2023-09-01,1034
00712,復華富時不動產,50,0,50,土銀-嘉義,2023-09-01,1034
2323,中環,30,0,30,土銀-嘉義,2023-09-01,1034
1815,富喬,29,2,27,土銀-嘉義,2023-09-01,1034
6770,力積電,25,0,25,土銀-嘉義,2023-09-01,1034
00932,兆豐永續高息等權,24,0,24,土銀-嘉義,2023-09-01,1034
00919,群益台灣精選高息,23,0,23,土銀-嘉義,2023-09-01,1034
00772B,中信高評級公司債,21,0,21,土銀-嘉義,2023-09-01,1034
2329,華泰,17,0,17,土銀-嘉義,2023-09-01,1034
2618,長榮航,33,16,17,土銀-嘉義,2023-09-01,1034
2438,翔耀,14,1,13,土銀-嘉義,2023-09-01,1034
3706,神達,21,10,11,土銀-嘉義,2023-09-01,1034
4906,正文,11,0,11,土銀-嘉義,2023-09-01,1034
2816,旺旺保,10,0,10,土銀-嘉義,2023-09-01,1034
2023,燁輝,10,0,10,土銀-嘉義,2023-09-01,1034
2317,鴻海,10,0,10,土銀-嘉義,2023-09-01,1034
2399,映泰,10,0,10,土銀-嘉義,2023-09-01,1034
2891,中信金,10,0,10,土銀-嘉義,2023-09-01,1034
6188,廣明,9,0,9,土銀-嘉義,2023-09-01,1034
1101,台泥,10,1,9,土銀-嘉義,2023-09-01,1034
00878,國泰永續高股息,17,8,9,土銀-嘉義,2023-09-01,1034
3551,世禾,8,0,8,土銀-嘉義,2023-09-01,1034
2376,技嘉,14,6,8,土銀-嘉義,2023-09-01,1034
3374,精材,7,0,7,土銀-嘉義,2023-09-01,1034
3548,兆利,10,3,7,土銀-嘉義,2023-09-01,1034
5434,崇越,7,0,7,土銀-嘉義,2023-09-01,1034
00929,復華台灣科技優息,10,4,6,土銀-嘉義,2023-09-01,1034
1522,堤維西,6,0,6,土銀-嘉義,2023-09-01,1034
1909,榮成,5,0,5,土銀-嘉義,2023-09-01,1034
1440,南紡,5,0,5,土銀-嘉義,2023-09-01,1034
1314,中石化,5,0,5,土銀-嘉義,2023-09-01,1034
2353,宏��,5,0,5,土銀-嘉義,2023-09-01,1034
2609,陽明,7,2,5,土銀-嘉義,2023-09-01,1034
3162,精確,5,0,5,土銀-嘉義,2023-09-01,1034
5211,蒙恬,5,0,5,土銀-嘉義,2023-09-01,1034
6125,廣運,5,0,5,土銀-嘉義,2023-09-01,1034
3163,波若威,6,2,4,土銀-嘉義,2023-09-01,1034
3508,位速,4,0,4,土銀-嘉義,2023-09-01,1034
6139,亞翔,4,0,4,土銀-嘉義,2023-09-01,1034
6285,啟��,5,1,4,土銀-嘉義,2023-09-01,1034
6589,台康生技,4,0,4,土銀-嘉義,2023-09-01,1034
3481,群創,5,2,3,土銀-嘉義,2023-09-01,1034
1471,首利,5,2,3,土銀-嘉義,2023-09-01,1034
00931B,統一美債20年,3,0,3,土銀-嘉義,2023-09-01,1034
1609,大亞,4,1,3,土銀-嘉義,2023-09-01,1034
2412,中華電,3,0,3,土銀-嘉義,2023-09-01,1034
6276,安鈦克,3,0,3,土銀-嘉義,2023-09-01,1034
2382,廣達,5,3,2,土銀-嘉義,2023-09-01,1034
2421,建準,3,1,2,土銀-嘉義,2023-09-01,1034
2317,鴻海,31,10,21,土銀-嘉義,2023-09-04,1034
2363,矽統,36,17,19,土銀-嘉義,2023-09-04,1034
2409,友達,17,1,16,土銀-嘉義,2023-09-04,1034
2634,漢翔,14,1,13,土銀-嘉義,2023-09-04,1034
1802,台玻,27,16,11,土銀-嘉義,2023-09-04,1034
00680L,元大美債20正2,10,0,10,土銀-嘉義,2023-09-04,1034
2618,長榮航,18,8,10,土銀-嘉義,2023-09-04,1034
3071,協禧,10,0,10,土銀-嘉義,2023-09-04,1034
6005,群益證,10,0,10,土銀-嘉義,2023-09-04,1034
00919,群益台灣精選高息,9,0,9,土銀-嘉義,2023-09-04,1034
2206,三陽工業,9,0,9,土銀-嘉義,2023-09-04,1034
2838,聯邦銀,9,0,9,土銀-嘉義,2023-09-04,1034
3481,群創,9,0,9,土銀-嘉義,2023-09-04,1034
2103,台橡,8,0,8,土銀-嘉義,2023-09-04,1034
2485,兆赫,14,6,8,土銀-嘉義,2023-09-04,1034
3162,精確,10,2,8,土銀-嘉義,2023-09-04,1034
3178,公準,8,0,8,土銀-嘉義,2023-09-04,1034
3260,威剛,10,2,8,土銀-嘉義,2023-09-04,1034
2344,華邦電,12,5,7,土銀-嘉義,2023-09-04,1034
2369,菱生,7,0,7,土銀-嘉義,2023-09-04,1034
3014,聯陽,7,0,7,土銀-嘉義,2023-09-04,1034
3305,昇貿,7,0,7,土銀-嘉義,2023-09-04,1034
3715,定穎投控,14,7,7,土銀-嘉義,2023-09-04,1034
6282,康舒,13,6,7,土銀-嘉義,2023-09-04,1034
2303,聯電,10,4,6,土銀-嘉義,2023-09-04,1034
3019,亞光,10,4,6,土銀-嘉義,2023-09-04,1034
6719,力智,6,0,6,土銀-嘉義,2023-09-04,1034
8996,高力,6,0,6,土銀-嘉義,2023-09-04,1034
00932,兆豐永續高息等權,5,0,5,土銀-嘉義,2023-09-04,1034
2882,國泰金,5,0,5,土銀-嘉義,2023-09-04,1034
3588,通嘉,8,3,5,土銀-嘉義,2023-09-04,1034
5381,合正,5,0,5,土銀-嘉義,2023-09-04,1034
8054,安國,5,0,5,土銀-嘉義,2023-09-04,1034
2371,大同,7,3,4,土銀-嘉義,2023-09-04,1034
1101,台泥,6,2,4,土銀-嘉義,2023-09-04,1034
1532,勤美,4,0,4,土銀-嘉義,2023-09-04,1034
1709,和益,4,0,4,土銀-嘉義,2023-09-04,1034
2312,金寶,5,1,4,土銀-嘉義,2023-09-04,1034
2428,興勤,4,0,4,土銀-嘉義,2023-09-04,1034
2891,中信金,4,0,4,土銀-嘉義,2023-09-04,1034
5211,蒙恬,5,1,4,土銀-嘉義,2023-09-04,1034
5310,天剛,4,0,4,土銀-嘉義,2023-09-04,1034
5386,青雲,4,0,4,土銀-嘉義,2023-09-04,1034
6143,振曜,4,0,4,土銀-嘉義,2023-09-04,1034
6188,廣明,4,0,4,土銀-嘉義,2023-09-04,1034
00782B,國泰A級公用債,3,0,3,土銀-嘉義,2023-09-04,1034
1604,聲寶,3,0,3,土銀-嘉義,2023-09-04,1034
1609,大亞,4,1,3,土銀-嘉義,2023-09-04,1034
2393,億光,3,0,3,土銀-嘉義,2023-09-04,1034
3432,台端,3,0,3,土銀-嘉義,2023-09-04,1034
00712,復華富時不動產,36,0,36,土銀-嘉義,2023-09-05,1034
2002,中鋼,35,0,35,土銀-嘉義,2023-09-05,1034
00772B,中信高評級公司債,34,0,34,土銀-嘉義,2023-09-05,1034
00713,元大台灣高息低波,30,1,29,土銀-嘉義,2023-09-05,1034
2618,長榮航,48,21,27,土銀-嘉義,2023-09-05,1034
00929,復華台灣科技優息,33,13,20,土銀-嘉義,2023-09-05,1034
2353,宏��,37,18,19,土銀-嘉義,2023-09-05,1034
00919,群益台灣精選高息,14,0,14,土銀-嘉義,2023-09-05,1034
3338,泰碩,12,0,12,土銀-嘉義,2023-09-05,1034
2421,建準,11,0,11,土銀-嘉義,2023-09-05,1034
2374,佳能,10,0,10,土銀-嘉義,2023-09-05,1034
6005,群益證,10,0,10,土銀-嘉義,2023-09-05,1034
00878,國泰永續高股息,18,9,9,土銀-嘉義,2023-09-05,1034
3059,華晶科,8,0,8,土銀-嘉義,2023-09-05,1034
00915,凱基優選高股息30,7,0,7,土銀-嘉義,2023-09-05,1034
2368,金像電,7,0,7,土銀-嘉義,2023-09-05,1034
3038,全台,7,0,7,土銀-嘉義,2023-09-05,1034
3078,僑威,6,0,6,土銀-嘉義,2023-09-05,1034
2492,華新科,6,0,6,土銀-嘉義,2023-09-05,1034
2609,陽明,6,0,6,土銀-嘉義,2023-09-05,1034
5258,虹堡,6,0,6,土銀-嘉義,2023-09-05,1034
2357,華碩,5,0,5,土銀-嘉義,2023-09-05,1034
00717,富邦美國特別股,5,0,5,土銀-嘉義,2023-09-05,1034
2008,高興昌,7,2,5,土銀-嘉義,2023-09-05,1034
2337,旺宏,5,0,5,土銀-嘉義,2023-09-05,1034
2408,南亞科,5,0,5,土銀-嘉義,2023-09-05,1034
4960,誠美材,5,0,5,土銀-嘉義,2023-09-05,1034
2376,技嘉,4,0,4,土銀-嘉義,2023-09-05,1034
1709,和益,4,0,4,土銀-嘉義,2023-09-05,1034
1326,台化,4,0,4,土銀-嘉義,2023-09-05,1034
00782B,國泰A級公用債,4,0,4,土銀-嘉義,2023-09-05,1034
00680L,元大美債20正2,4,0,4,土銀-嘉義,2023-09-05,1034
2358,廷鑫,4,0,4,土銀-嘉義,2023-09-05,1034
2436,偉詮電,9,5,4,土銀-嘉義,2023-09-05,1034
2457,飛宏,7,3,4,土銀-嘉義,2023-09-05,1034
2610,華航,8,4,4,土銀-嘉義,2023-09-05,1034
2834,臺企銀,4,0,4,土銀-嘉義,2023-09-05,1034
2851,中再保,4,0,4,土銀-嘉義,2023-09-05,1034
2888,新光金,4,0,4,土銀-嘉義,2023-09-05,1034
3025,星通,4,0,4,土銀-嘉義,2023-09-05,1034
4147,中裕,4,0,4,土銀-嘉義,2023-09-05,1034
4915,致伸,5,1,4,土銀-嘉義,2023-09-05,1034
5425,台半,8,4,4,土銀-嘉義,2023-09-05,1034
6231,系微,5,1,4,土銀-嘉義,2023-09-05,1034
6418,詠昇,5,1,4,土銀-嘉義,2023-09-05,1034
3481,群創,3,0,3,土銀-嘉義,2023-09-05,1034
00679B,元大美債20年,3,0,3,土銀-嘉義,2023-09-05,1034
00923,群益台ESG低碳50,3,0,3,土銀-嘉義,2023-09-05,1034
2329,華泰,6,3,3,土銀-嘉義,2023-09-05,1034
2344,華邦電,8,5,3,土銀-嘉義,2023-09-05,1034
1802,台玻,227,3,224,土銀-嘉義,2023-09-06,1034
00720B,元大投資級公司債,124,1,123,土銀-嘉義,2023-09-06,1034
00751B,元大AAA至A公司債,121,1,120,土銀-嘉義,2023-09-06,1034
00929,復華台灣科技優息,107,17,90,土銀-嘉義,2023-09-06,1034
2409,友達,36,0,36,土銀-嘉義,2023-09-06,1034
2890,永豐金,33,0,33,土銀-嘉義,2023-09-06,1034
00919,群益台灣精選高息,40,8,32,土銀-嘉義,2023-09-06,1034
2401,凌陽,33,3,30,土銀-嘉義,2023-09-06,1034
2888,新光金,30,0,30,土銀-嘉義,2023-09-06,1034
00878,國泰永續高股息,32,7,25,土銀-嘉義,2023-09-06,1034
00932,兆豐永續高息等權,23,0,23,土銀-嘉義,2023-09-06,1034
1101,台泥,25,3,22,土銀-嘉義,2023-09-06,1034
3481,群創,28,9,19,土銀-嘉義,2023-09-06,1034
00915,凱基優選高股息30,15,2,13,土銀-嘉義,2023-09-06,1034
6005,群益證,10,0,10,土銀-嘉義,2023-09-06,1034
1102,亞泥,8,0,8,土銀-嘉義,2023-09-06,1034
3508,位速,8,0,8,土銀-嘉義,2023-09-06,1034
8112,至上,17,9,8,土銀-嘉義,2023-09-06,1034
00637L,元大滬深300正2,9,2,7,土銀-嘉義,2023-09-06,1034
2892,第一金,7,0,7,土銀-嘉義,2023-09-06,1034
2354,鴻準,6,0,6,土銀-嘉義,2023-09-06,1034
2393,億光,6,0,6,土銀-嘉義,2023-09-06,1034
2801,彰銀,6,0,6,土銀-嘉義,2023-09-06,1034
2882,國泰金,6,0,6,土銀-嘉義,2023-09-06,1034
00687B,國泰20年美債,6,1,5,土銀-嘉義,2023-09-06,1034
00905,FT臺灣Smart,5,0,5,土銀-嘉義,2023-09-06,1034
2363,矽統,40,35,5,土銀-嘉義,2023-09-06,1034
2402,毅嘉,19,14,5,土銀-嘉義,2023-09-06,1034
4167,松瑞藥,5,0,5,土銀-嘉義,2023-09-06,1034
5469,瀚宇博,5,0,5,土銀-嘉義,2023-09-06,1034
6167,久正,5,0,5,土銀-嘉義,2023-09-06,1034
8088,品安,5,0,5,土銀-嘉義,2023-09-06,1034
00891,中信關鍵半導體,4,0,4,土銀-嘉義,2023-09-06,1034
1709,和益,4,0,4,土銀-嘉義,2023-09-06,1034
2308,台達電,4,0,4,土銀-嘉義,2023-09-06,1034
2349,錸德,4,0,4,土銀-嘉義,2023-09-06,1034
2352,佳世達,8,4,4,土銀-嘉義,2023-09-06,1034
2504,國產,4,0,4,土銀-嘉義,2023-09-06,1034
3706,神達,4,0,4,土銀-嘉義,2023-09-06,1034
1216,統一,3,0,3,土銀-嘉義,2023-09-06,1034
00680L,元大美債20正2,3,0,3,土銀-嘉義,2023-09-06,1034
00900,富邦特選高股息30,3,0,3,土銀-嘉義,2023-09-06,1034
2002,中鋼,3,0,3,土銀-嘉義,2023-09-06,1034
2027,大成鋼,3,0,3,土銀-嘉義,2023-09-06,1034
2303,聯電,5,2,3,土銀-嘉義,2023-09-06,1034
2369,菱生,3,0,3,土銀-嘉義,2023-09-06,1034
2419,仲琦,10,7,3,土銀-嘉義,2023-09-06,1034
2603,長榮,3,0,3,土銀-嘉義,2023-09-06,1034
2881,富邦金,3,0,3,土銀-嘉義,2023-09-06,1034
3265,台星科,5,2,3,土銀-嘉義,2023-09-06,1034
1802,台玻,212,7,205,土銀-嘉義,2023-09-07,1034
00929,復華台灣科技優息,162,16,146,土銀-嘉義,2023-09-07,1034
00772B,中信高評級公司債,78,0,78,土銀-嘉義,2023-09-07,1034
00919,群益台灣精選高息,43,4,39,土銀-嘉義,2023-09-07,1034
00751B,元大AAA至A公司債,31,0,31,土銀-嘉義,2023-09-07,1034
2610,華航,21,0,21,土銀-嘉義,2023-09-07,1034
2356,英業達,25,5,20,土銀-嘉義,2023-09-07,1034
6208,日揚,20,0,20,土銀-嘉義,2023-09-07,1034
0056,元大高股息,20,3,17,土銀-嘉義,2023-09-07,1034
2618,長榮航,37,24,13,土銀-嘉義,2023-09-07,1034
2880,華南金,13,0,13,土銀-嘉義,2023-09-07,1034
00878,國泰永續高股息,12,0,12,土銀-嘉義,2023-09-07,1034
00932,兆豐永續高息等權,11,0,11,土銀-嘉義,2023-09-07,1034
3010,華立,11,0,11,土銀-嘉義,2023-09-07,1034
00902,中信電池及儲能,10,0,10,土銀-嘉義,2023-09-07,1034
2329,華泰,11,2,9,土銀-嘉義,2023-09-07,1034
3481,群創,13,5,8,土銀-嘉義,2023-09-07,1034
2409,友達,24,17,7,土銀-嘉義,2023-09-07,1034
3206,志豐,7,0,7,土銀-嘉義,2023-09-07,1034
3679,新至陞,7,0,7,土銀-嘉義,2023-09-07,1034
6139,亞翔,9,2,7,土銀-嘉義,2023-09-07,1034
2393,億光,10,4,6,土銀-嘉義,2023-09-07,1034
2401,凌陽,13,7,6,土銀-嘉義,2023-09-07,1034
6143,振曜,6,0,6,土銀-嘉義,2023-09-07,1034
00712,復華富時不動產,5,0,5,土銀-嘉義,2023-09-07,1034
2312,金寶,5,0,5,土銀-嘉義,2023-09-07,1034
2358,廷鑫,9,4,5,土銀-嘉義,2023-09-07,1034
2421,建準,5,0,5,土銀-嘉義,2023-09-07,1034
2504,國產,5,0,5,土銀-嘉義,2023-09-07,1034
2603,長榮,5,0,5,土銀-嘉義,2023-09-07,1034
2615,萬海,5,0,5,土銀-嘉義,2023-09-07,1034
2834,臺企銀,5,0,5,土銀-嘉義,2023-09-07,1034
3289,宜特,5,0,5,土銀-嘉義,2023-09-07,1034
4906,正文,5,0,5,土銀-嘉義,2023-09-07,1034
4967,十銓,5,0,5,土銀-嘉義,2023-09-07,1034
5211,蒙恬,5,0,5,土銀-嘉義,2023-09-07,1034
2382,廣達,9,5,4,土銀-嘉義,2023-09-07,1034
00905,FT臺灣Smart,4,0,4,土銀-嘉義,2023-09-07,1034
2317,鴻海,4,0,4,土銀-嘉義,2023-09-07,1034
2425,承啟,4,0,4,土銀-嘉義,2023-09-07,1034
2449,京元電子,7,3,4,土銀-嘉義,2023-09-07,1034
2485,兆赫,15,11,4,土銀-嘉義,2023-09-07,1034
2516,新建,5,1,4,土銀-嘉義,2023-09-07,1034
2882,國泰金,4,0,4,土銀-嘉義,2023-09-07,1034
2888,新光金,4,0,4,土銀-嘉義,2023-09-07,1034
3004,豐達科,4,0,4,土銀-嘉義,2023-09-07,1034
5381,合正,6,2,4,土銀-嘉義,2023-09-07,1034
3035,智原,5,2,3,土銀-嘉義,2023-09-07,1034
1616,億泰,3,0,3,土銀-嘉義,2023-09-07,1034
00918,大華優利高填息30,3,0,3,土銀-嘉義,2023-09-07,1034
4931,新盛力,300,0,300,土銀-嘉義,2023-09-08,1034
2618,長榮航,68,16,52,土銀-嘉義,2023-09-08,1034
2498,宏達電,51,0,51,土銀-嘉義,2023-09-08,1034
00919,群益台灣精選高息,49,0,49,土銀-嘉義,2023-09-08,1034
2312,金寶,34,0,34,土銀-嘉義,2023-09-08,1034
2605,新興,30,0,30,土銀-嘉義,2023-09-08,1034
1802,台玻,21,0,21,土銀-嘉義,2023-09-08,1034
3715,定穎投控,32,13,19,土銀-嘉義,2023-09-08,1034
6173,信昌電,15,0,15,土銀-嘉義,2023-09-08,1034
2489,瑞軒,24,12,12,土銀-嘉義,2023-09-08,1034
00637L,元大滬深300正2,11,0,11,土銀-嘉義,2023-09-08,1034
2206,三陽工業,10,0,10,土銀-嘉義,2023-09-08,1034
2405,輔信,11,1,10,土銀-嘉義,2023-09-08,1034
5009,榮剛,11,1,10,土銀-嘉義,2023-09-08,1034
6208,日揚,10,0,10,土銀-嘉義,2023-09-08,1034
2401,凌陽,10,1,9,土銀-嘉義,2023-09-08,1034
3231,緯創,15,6,9,土銀-嘉義,2023-09-08,1034
6770,力積電,9,0,9,土銀-嘉義,2023-09-08,1034
2353,宏��,9,1,8,土銀-嘉義,2023-09-08,1034
3260,威剛,8,0,8,土銀-嘉義,2023-09-08,1034
3045,台灣大,7,0,7,土銀-嘉義,2023-09-08,1034
1513,中興電,7,1,6,土銀-嘉義,2023-09-08,1034
2002,中鋼,6,0,6,土銀-嘉義,2023-09-08,1034
5211,蒙恬,6,0,6,土銀-嘉義,2023-09-08,1034
4123,晟德,6,0,6,土銀-嘉義,2023-09-08,1034
1522,堤維西,6,1,5,土銀-嘉義,2023-09-08,1034
2313,華通,5,0,5,土銀-嘉義,2023-09-08,1034
2337,旺宏,5,0,5,土銀-嘉義,2023-09-08,1034
2393,億光,5,0,5,土銀-嘉義,2023-09-08,1034
2516,新建,5,0,5,土銀-嘉義,2023-09-08,1034
2897,王道銀行,5,0,5,土銀-嘉義,2023-09-08,1034
3163,波若威,5,0,5,土銀-嘉義,2023-09-08,1034
5381,合正,5,0,5,土銀-嘉義,2023-09-08,1034
6015,宏遠證,5,0,5,土銀-嘉義,2023-09-08,1034
6485,點序,6,1,5,土銀-嘉義,2023-09-08,1034
9904,寶成,5,0,5,土銀-嘉義,2023-09-08,1034
0061,元大寶滬深,4,0,4,土銀-嘉義,2023-09-08,1034
00916,國泰全球品牌50,4,0,4,土銀-嘉義,2023-09-08,1034
00929,復華台灣科技優息,50,46,4,土銀-嘉義,2023-09-08,1034
2449,京元電子,5,1,4,土銀-嘉義,2023-09-08,1034
2884,玉山金,4,0,4,土銀-嘉義,2023-09-08,1034
4114,健喬,4,0,4,土銀-嘉義,2023-09-08,1034
5483,中美晶,4,0,4,土銀-嘉義,2023-09-08,1034
1101,台泥,3,0,3,土銀-嘉義,2023-09-08,1034
2382,廣達,20,17,3,土銀-嘉義,2023-09-08,1034
6282,康舒,4,1,3,土銀-嘉義,2023-09-08,1034
1504,東元,4,1,3,土銀-嘉義,2023-09-08,1034
1326,台化,3,0,3,土銀-嘉義,2023-09-08,1034
1709,和益,3,0,3,土銀-嘉義,2023-09-08,1034
2408,南亞科,3,0,3,土銀-嘉義,2023-09-08,1034
2845,遠東銀,200,21,179,土銀-嘉義,2023-09-11,1034
00878,國泰永續高股息,95,1,94,土銀-嘉義,2023-09-11,1034
6770,力積電,55,2,53,土銀-嘉義,2023-09-11,1034
00919,群益台灣精選高息,55,3,52,土銀-嘉義,2023-09-11,1034
2498,宏達電,50,0,50,土銀-嘉義,2023-09-11,1034
3231,緯創,53,16,37,土銀-嘉義,2023-09-11,1034
2618,長榮航,85,54,31,土銀-嘉義,2023-09-11,1034
2546,根基,30,0,30,土銀-嘉義,2023-09-11,1034
3013,晟銘電,30,2,28,土銀-嘉義,2023-09-11,1034
2888,新光金,17,0,17,土銀-嘉義,2023-09-11,1034
00932,兆豐永續高息等權,16,0,16,土銀-嘉義,2023-09-11,1034
2363,矽統,19,6,13,土銀-嘉義,2023-09-11,1034
00929,復華台灣科技優息,18,6,12,土銀-嘉義,2023-09-11,1034
3046,建��,12,0,12,土銀-嘉義,2023-09-11,1034
00882,中信中國高股息,11,0,11,土銀-嘉義,2023-09-11,1034
2312,金寶,13,2,11,土銀-嘉義,2023-09-11,1034
3715,定穎投控,50,40,10,土銀-嘉義,2023-09-11,1034
2603,長榮,9,0,9,土銀-嘉義,2023-09-11,1034
2606,裕民,10,1,9,土銀-嘉義,2023-09-11,1034
2834,臺企銀,9,0,9,土銀-嘉義,2023-09-11,1034
6005,群益證,9,0,9,土銀-嘉義,2023-09-11,1034
00923,群益台ESG低碳50,8,0,8,土銀-嘉義,2023-09-11,1034
1809,中釉,9,1,8,土銀-嘉義,2023-09-11,1034
2201,裕隆,8,0,8,土銀-嘉義,2023-09-11,1034
00918,大華優利高填息30,7,0,7,土銀-嘉義,2023-09-11,1034
3163,波若威,7,0,7,土銀-嘉義,2023-09-11,1034
2382,廣達,15,8,7,土銀-嘉義,2023-09-11,1034
2376,技嘉,20,14,6,土銀-嘉義,2023-09-11,1034
1612,宏泰,6,0,6,土銀-嘉義,2023-09-11,1034
00915,凱基優選高股息30,6,0,6,土銀-嘉義,2023-09-11,1034
1216,統一,6,0,6,土銀-嘉義,2023-09-11,1034
6125,廣運,6,0,6,土銀-嘉義,2023-09-11,1034
0056,元大高股息,10,5,5,土銀-嘉義,2023-09-11,1034
1618,合機,5,0,5,土銀-嘉義,2023-09-11,1034
1339,昭輝,5,0,5,土銀-嘉義,2023-09-11,1034
1319,東陽,8,3,5,土銀-嘉義,2023-09-11,1034
3481,群創,6,1,5,土銀-嘉義,2023-09-11,1034
00680L,元大美債20正2,4,0,4,土銀-嘉義,2023-09-11,1034
00795B,中信美國公債20年,4,0,4,土銀-嘉義,2023-09-11,1034
2359,所羅門,4,0,4,土銀-嘉義,2023-09-11,1034
2485,兆赫,7,3,4,土銀-嘉義,2023-09-11,1034
3004,豐達科,4,0,4,土銀-嘉義,2023-09-11,1034
3679,新至陞,4,0,4,土銀-嘉義,2023-09-11,1034
4931,新盛力,4,0,4,土銀-嘉義,2023-09-11,1034
5388,中磊,5,1,4,土銀-嘉義,2023-09-11,1034
6477,安集,4,0,4,土銀-嘉義,2023-09-11,1034
8358,金居,9,5,4,土銀-嘉義,2023-09-11,1034
6282,康舒,4,0,4,土銀-嘉義,2023-09-11,1034
2002,中鋼,3,0,3,土銀-嘉義,2023-09-11,1034
2358,廷鑫,3,0,3,土銀-嘉義,2023-09-11,1034
2891,中信金,155,1,154,土銀-嘉義,2023-09-12,1034
00929,復華台灣科技優息,89,22,67,土銀-嘉義,2023-09-12,1034
00919,群益台灣精選高息,62,0,62,土銀-嘉義,2023-09-12,1034
2489,瑞軒,30,0,30,土銀-嘉義,2023-09-12,1034
00878,國泰永續高股息,25,2,23,土銀-嘉義,2023-09-12,1034
2618,長榮航,76,53,23,土銀-嘉義,2023-09-12,1034
00712,復華富時不動產,20,0,20,土銀-嘉義,2023-09-12,1034
00930,永豐ESG低碳高息,20,0,20,土銀-嘉義,2023-09-12,1034
1216,統一,15,0,15,土銀-嘉義,2023-09-12,1034
5704,老爺知,14,0,14,土銀-嘉義,2023-09-12,1034
1201,味全,12,0,12,土銀-嘉義,2023-09-12,1034
00751B,元大AAA至A公司債,11,0,11,土銀-嘉義,2023-09-12,1034
2002,中鋼,13,2,11,土銀-嘉義,2023-09-12,1034
5309,系統電,13,2,11,土銀-嘉義,2023-09-12,1034
2023,燁輝,10,0,10,土銀-嘉義,2023-09-12,1034
2888,新光金,10,0,10,土銀-嘉義,2023-09-12,1034
8039,台虹,10,0,10,土銀-嘉義,2023-09-12,1034
9950,萬國通,10,0,10,土銀-嘉義,2023-09-12,1034
3046,建��,9,1,8,土銀-嘉義,2023-09-12,1034
1524,耿鼎,11,4,7,土銀-嘉義,2023-09-12,1034
2634,漢翔,8,1,7,土銀-嘉義,2023-09-12,1034
3078,僑威,8,1,7,土銀-嘉義,2023-09-12,1034
2301,光寶科,6,0,6,土銀-嘉義,2023-09-12,1034
2382,廣達,13,7,6,土銀-嘉義,2023-09-12,1034
2405,輔信,37,31,6,土銀-嘉義,2023-09-12,1034
6173,信昌電,6,0,6,土銀-嘉義,2023-09-12,1034
00882,中信中國高股息,6,0,6,土銀-嘉義,2023-09-12,1034
00923,群益台ESG低碳50,5,0,5,土銀-嘉義,2023-09-12,1034
2388,威盛,11,6,5,土銀-嘉義,2023-09-12,1034
2880,華南金,5,0,5,土銀-嘉義,2023-09-12,1034
3264,欣銓,5,0,5,土銀-嘉義,2023-09-12,1034
5211,蒙恬,5,0,5,土銀-嘉義,2023-09-12,1034
6191,精成科,6,1,5,土銀-嘉義,2023-09-12,1034
6672,騰輝電子-KY,5,0,5,土銀-嘉義,2023-09-12,1034
8150,南茂,5,0,5,土銀-嘉義,2023-09-12,1034
2892,第一金,4,0,4,土銀-嘉義,2023-09-12,1034
1471,首利,4,0,4,土銀-嘉義,2023-09-12,1034
00679B,元大美債20年,4,0,4,土銀-嘉義,2023-09-12,1034
00773B,中信優先金融債,4,0,4,土銀-嘉義,2023-09-12,1034
2883,凱基金,4,0,4,土銀-嘉義,2023-09-12,1034
3260,威剛,7,3,4,土銀-嘉義,2023-09-12,1034
3545,敦泰,5,1,4,土銀-嘉義,2023-09-12,1034
4906,正文,9,5,4,土銀-嘉義,2023-09-12,1034
4968,立積,4,0,4,土銀-嘉義,2023-09-12,1034
5381,合正,4,0,4,土銀-嘉義,2023-09-12,1034
5386,青雲,4,0,4,土銀-嘉義,2023-09-12,1034
6139,亞翔,5,1,4,土銀-嘉義,2023-09-12,1034
00918,大華優利高填息30,3,0,3,土銀-嘉義,2023-09-12,1034
00916,國泰全球品牌50,3,0,3,土銀-嘉義,2023-09-12,1034
1513,中興電,4,1,3,土銀-嘉義,2023-09-12,1034
00929,復華台灣科技優息,100,57,43,土銀-嘉義,2023-09-13,1034
2892,第一金,17,0,17,土銀-嘉義,2023-09-13,1034
2382,廣達,29,13,16,土銀-嘉義,2023-09-13,1034
2363,矽統,27,11,16,土銀-嘉義,2023-09-13,1034
8011,台通,13,0,13,土銀-嘉義,2023-09-13,1034
1524,耿鼎,14,4,10,土銀-嘉義,2023-09-13,1034
00632R,元大台灣50反1,10,0,10,土銀-嘉義,2023-09-13,1034
2610,華航,17,7,10,土銀-嘉義,2023-09-13,1034
2630,亞航,17,7,10,土銀-嘉義,2023-09-13,1034
2303,聯電,17,8,9,土銀-嘉義,2023-09-13,1034
2377,微星,10,1,9,土銀-嘉義,2023-09-13,1034
3013,晟銘電,10,1,9,土銀-嘉義,2023-09-13,1034
3715,定穎投控,51,42,9,土銀-嘉義,2023-09-13,1034
3162,精確,10,2,8,土銀-嘉義,2023-09-13,1034
5211,蒙恬,9,1,8,土銀-嘉義,2023-09-13,1034
00637L,元大滬深300正2,9,2,7,土銀-嘉義,2023-09-13,1034
00712,復華富時不動產,7,0,7,土銀-嘉義,2023-09-13,1034
2352,佳世達,15,8,7,土銀-嘉義,2023-09-13,1034
1582,信錦,10,4,6,土銀-嘉義,2023-09-13,1034
00882,中信中國高股息,6,0,6,土銀-嘉義,2023-09-13,1034
2867,三商壽,6,0,6,土銀-嘉義,2023-09-13,1034
4938,和碩,6,0,6,土銀-嘉義,2023-09-13,1034
00878,國泰永續高股息,11,6,5,土銀-嘉義,2023-09-13,1034
2409,友達,5,0,5,土銀-嘉義,2023-09-13,1034
2492,華新科,5,0,5,土銀-嘉義,2023-09-13,1034
2883,凱基金,5,0,5,土銀-嘉義,2023-09-13,1034
2891,中信金,5,0,5,土銀-嘉義,2023-09-13,1034
3033,威健,5,0,5,土銀-嘉義,2023-09-13,1034
3567,逸昌,5,0,5,土銀-嘉義,2023-09-13,1034
4934,太極,5,0,5,土銀-嘉義,2023-09-13,1034
5704,老爺知,5,0,5,土銀-嘉義,2023-09-13,1034
6257,矽格,5,0,5,土銀-嘉義,2023-09-13,1034
6282,康舒,5,0,5,土銀-嘉義,2023-09-13,1034
8050,廣積,8,3,5,土銀-嘉義,2023-09-13,1034
8048,德勝,5,1,4,土銀-嘉義,2023-09-13,1034
2353,宏��,4,0,4,土銀-嘉義,2023-09-13,1034
3019,亞光,4,0,4,土銀-嘉義,2023-09-13,1034
3021,鴻名,4,0,4,土銀-嘉義,2023-09-13,1034
5386,青雲,4,0,4,土銀-嘉義,2023-09-13,1034
2105,正新,9,5,4,土銀-嘉義,2023-09-13,1034
00893,國泰智能電動車,3,0,3,土銀-嘉義,2023-09-13,1034
2428,興勤,3,0,3,土銀-嘉義,2023-09-13,1034
3081,聯亞,3,0,3,土銀-嘉義,2023-09-13,1034
3481,群創,3,0,3,土銀-嘉義,2023-09-13,1034
6191,精成科,13,10,3,土銀-嘉義,2023-09-13,1034
2812,台中銀,3,0,3,土銀-嘉義,2023-09-13,1034
1584,精剛,2,0,2,土銀-嘉義,2023-09-13,1034
1568,倉佑,4,2,2,土銀-嘉義,2023-09-13,1034
1727,中華化,2,0,2,土銀-嘉義,2023-09-13,1034
1802,台玻,2,0,2,土銀-嘉義,2023-09-13,1034
2845,遠東銀,200,0,200,土銀-嘉義,2023-09-14,1034
2897,王道銀行,100,0,100,土銀-嘉義,2023-09-14,1034
00712,復華富時不動產,42,0,42,土銀-嘉義,2023-09-14,1034
00919,群益台灣精選高息,54,16,38,土銀-嘉義,2023-09-14,1034
00929,復華台灣科技優息,35,4,31,土銀-嘉義,2023-09-14,1034
00915,凱基優選高股息30,20,0,20,土銀-嘉義,2023-09-14,1034
00881,國泰台灣5G+,20,2,18,土銀-嘉義,2023-09-14,1034
0056,元大高股息,15,0,15,土銀-嘉義,2023-09-14,1034
00892,富邦台灣半導體,15,0,15,土銀-嘉義,2023-09-14,1034
00830,國泰費城半導體,15,0,15,土銀-嘉義,2023-09-14,1034
2838,聯邦銀,13,0,13,土銀-嘉義,2023-09-14,1034
00713,元大台灣高息低波,10,0,10,土銀-嘉義,2023-09-14,1034
00687B,國泰20年美債,10,0,10,土銀-嘉義,2023-09-14,1034
2427,三商電,10,0,10,土銀-嘉義,2023-09-14,1034
2882,國泰金,10,2,8,土銀-嘉義,2023-09-14,1034
3380,明泰,10,2,8,土銀-嘉義,2023-09-14,1034
2485,兆赫,9,2,7,土銀-嘉義,2023-09-14,1034
2812,台中銀,7,0,7,土銀-嘉義,2023-09-14,1034
1314,中石化,6,0,6,土銀-嘉義,2023-09-14,1034
1736,喬山,6,0,6,土銀-嘉義,2023-09-14,1034
2376,技嘉,13,7,6,土銀-嘉義,2023-09-14,1034
2382,廣達,8,3,5,土銀-嘉義,2023-09-14,1034
00701,國泰股利精選30,5,0,5,土銀-嘉義,2023-09-14,1034
1810,和成,5,0,5,土銀-嘉義,2023-09-14,1034
2332,友訊,6,1,5,土銀-嘉義,2023-09-14,1034
2352,佳世達,5,0,5,土銀-嘉義,2023-09-14,1034
2371,大同,9,4,5,土銀-嘉義,2023-09-14,1034
3017,奇鋐,8,3,5,土銀-嘉義,2023-09-14,1034
3094,聯傑,5,0,5,土銀-嘉義,2023-09-14,1034
3213,茂訊,5,0,5,土銀-嘉義,2023-09-14,1034
4566,時碩工業,5,0,5,土銀-嘉義,2023-09-14,1034
6026,福邦證,5,0,5,土銀-嘉義,2023-09-14,1034
00637L,元大滬深300正2,6,2,4,土銀-嘉義,2023-09-14,1034
2881,富邦金,5,1,4,土銀-嘉義,2023-09-14,1034
3479,安勤,4,0,4,土銀-嘉義,2023-09-14,1034
3481,群創,4,0,4,土銀-嘉義,2023-09-14,1034
4953,緯軟,4,0,4,土銀-嘉義,2023-09-14,1034
8050,廣積,9,5,4,土銀-嘉義,2023-09-14,1034
9938,百和,4,0,4,土銀-嘉義,2023-09-14,1034
1229,聯華,3,0,3,土銀-嘉義,2023-09-14,1034
1217,愛之味,3,0,3,土銀-嘉義,2023-09-14,1034
2367,燿華,3,0,3,土銀-嘉義,2023-09-14,1034
2417,圓剛,6,3,3,土銀-嘉義,2023-09-14,1034
2428,興勤,3,0,3,土銀-嘉義,2023-09-14,1034
2436,偉詮電,4,1,3,土銀-嘉義,2023-09-14,1034
2481,強茂,3,0,3,土銀-嘉義,2023-09-14,1034
3071,協禧,3,0,3,土銀-嘉義,2023-09-14,1034
5469,瀚宇博,3,0,3,土銀-嘉義,2023-09-14,1034
6005,群益證,3,0,3,土銀-嘉義,2023-09-14,1034
6139,亞翔,3,0,3,土銀-嘉義,2023-09-14,1034
1802,台玻,113,0,113,土銀-嘉義,2023-09-15,1034
00679B,元大美債20年,75,0,75,土銀-嘉義,2023-09-15,1034
2610,華航,72,7,65,土銀-嘉義,2023-09-15,1034
00919,群益台灣精選高息,79,24,55,土銀-嘉義,2023-09-15,1034
00929,復華台灣科技優息,58,10,48,土銀-嘉義,2023-09-15,1034
00830,國泰費城半導體,25,0,25,土銀-嘉義,2023-09-15,1034
00637L,元大滬深300正2,25,3,22,土銀-嘉義,2023-09-15,1034
3520,華盈,15,0,15,土銀-嘉義,2023-09-15,1034
2303,聯電,20,5,15,土銀-嘉義,2023-09-15,1034
00680L,元大美債20正2,14,0,14,土銀-嘉義,2023-09-15,1034
2371,大同,14,0,14,土銀-嘉義,2023-09-15,1034
2634,漢翔,15,2,13,土銀-嘉義,2023-09-15,1034
2329,華泰,12,0,12,土銀-嘉義,2023-09-15,1034
4904,遠傳,12,0,12,土銀-嘉義,2023-09-15,1034
00892,富邦台灣半導體,10,0,10,土銀-嘉義,2023-09-15,1034
00930,永豐ESG低碳高息,10,0,10,土銀-嘉義,2023-09-15,1034
2230,泰茂,10,0,10,土銀-嘉義,2023-09-15,1034
2331,精英,10,0,10,土銀-嘉義,2023-09-15,1034
2489,瑞軒,10,0,10,土銀-嘉義,2023-09-15,1034
5351,鈺創,10,0,10,土銀-嘉義,2023-09-15,1034
6120,達運,10,0,10,土銀-嘉義,2023-09-15,1034
2002,中鋼,12,3,9,土銀-嘉義,2023-09-15,1034
1301,台塑,9,0,9,土銀-嘉義,2023-09-15,1034
2892,第一金,9,0,9,土銀-嘉義,2023-09-15,1034
3308,聯德,9,0,9,土銀-嘉義,2023-09-15,1034
4967,十銓,12,3,9,土銀-嘉義,2023-09-15,1034
6477,安集,8,0,8,土銀-嘉義,2023-09-15,1034
2317,鴻海,8,1,7,土銀-嘉義,2023-09-15,1034
00687B,國泰20年美債,7,0,7,土銀-嘉義,2023-09-15,1034
3419,譁裕,8,1,7,土銀-嘉義,2023-09-15,1034
3484,崧騰,7,0,7,土銀-嘉義,2023-09-15,1034
1101,台泥,6,0,6,土銀-嘉義,2023-09-15,1034
2405,輔信,7,1,6,土銀-嘉義,2023-09-15,1034
4916,事欣科,6,0,6,土銀-嘉義,2023-09-15,1034
2884,玉山金,5,0,5,土銀-嘉義,2023-09-15,1034
6191,精成科,9,4,5,土銀-嘉義,2023-09-15,1034
00662,富邦NASDAQ,5,0,5,土銀-嘉義,2023-09-15,1034
0050,元大台灣50,5,0,5,土銀-嘉義,2023-09-15,1034
2312,金寶,5,0,5,土銀-嘉義,2023-09-15,1034
2645,長榮航太,5,0,5,土銀-嘉義,2023-09-15,1034
2731,雄獅,5,0,5,土銀-嘉義,2023-09-15,1034
3014,聯陽,13,8,5,土銀-嘉義,2023-09-15,1034
3228,金麗科,5,0,5,土銀-嘉義,2023-09-15,1034
8033,雷虎,5,0,5,土銀-嘉義,2023-09-15,1034
2376,技嘉,4,0,4,土銀-嘉義,2023-09-15,1034
1201,味全,4,0,4,土銀-嘉義,2023-09-15,1034
2436,偉詮電,4,0,4,土銀-嘉義,2023-09-15,1034
2883,凱基金,4,0,4,土銀-嘉義,2023-09-15,1034
2891,中信金,5,1,4,土銀-嘉義,2023-09-15,1034
6209,今國光,4,0,4,土銀-嘉義,2023-09-15,1034
00919,群益台灣精選高息,113,0,113,土銀-嘉義,2023-09-18,1034
00929,復華台灣科技優息,115,5,110,土銀-嘉義,2023-09-18,1034
00772B,中信高評級公司債,54,5,49,土銀-嘉義,2023-09-18,1034
00878,國泰永續高股息,44,2,42,土銀-嘉義,2023-09-18,1034
00687B,國泰20年美債,39,0,39,土銀-嘉義,2023-09-18,1034
2363,矽統,39,5,34,土銀-嘉義,2023-09-18,1034
9105,泰金寶-DR,30,0,30,土銀-嘉義,2023-09-18,1034
2641,正德,24,2,22,土銀-嘉義,2023-09-18,1034
2601,益航,20,0,20,土銀-嘉義,2023-09-18,1034
4931,新盛力,16,0,16,土銀-嘉義,2023-09-18,1034
2353,宏��,15,0,15,土銀-嘉義,2023-09-18,1034
8112,至上,23,9,14,土銀-嘉義,2023-09-18,1034
3231,緯創,17,6,11,土銀-嘉義,2023-09-18,1034
2838,聯邦銀,11,0,11,土銀-嘉義,2023-09-18,1034
00830,國泰費城半導體,10,0,10,土銀-嘉義,2023-09-18,1034
2002,中鋼,10,0,10,土銀-嘉義,2023-09-18,1034
2208,台船,10,0,10,土銀-嘉義,2023-09-18,1034
2393,億光,10,0,10,土銀-嘉義,2023-09-18,1034
2489,瑞軒,10,0,10,土銀-嘉義,2023-09-18,1034
3090,日電貿,10,0,10,土銀-嘉義,2023-09-18,1034
9930,中聯資源,10,0,10,土銀-嘉義,2023-09-18,1034
1319,東陽,9,0,9,土銀-嘉義,2023-09-18,1034
1201,味全,8,0,8,土銀-嘉義,2023-09-18,1034
00931B,統一美債20年,8,0,8,土銀-嘉義,2023-09-18,1034
2851,中再保,8,0,8,土銀-嘉義,2023-09-18,1034
3545,敦泰,10,2,8,土銀-嘉義,2023-09-18,1034
6505,台塑化,8,0,8,土銀-嘉義,2023-09-18,1034
2605,新興,7,0,7,土銀-嘉義,2023-09-18,1034
3305,昇貿,7,0,7,土銀-嘉義,2023-09-18,1034
2330,台積電,6,0,6,土銀-嘉義,2023-09-18,1034
00680L,元大美債20正2,6,0,6,土銀-嘉義,2023-09-18,1034
2313,華通,7,1,6,土銀-嘉義,2023-09-18,1034
3567,逸昌,6,0,6,土銀-嘉義,2023-09-18,1034
4916,事欣科,16,10,6,土銀-嘉義,2023-09-18,1034
1802,台玻,5,0,5,土銀-嘉義,2023-09-18,1034
00679B,元大美債20年,5,0,5,土銀-嘉義,2023-09-18,1034
00857B,永豐20年美公債,5,0,5,土銀-嘉義,2023-09-18,1034
00773B,中信優先金融債,5,0,5,土銀-嘉義,2023-09-18,1034
00930,永豐ESG低碳高息,5,0,5,土銀-嘉義,2023-09-18,1034
2337,旺宏,5,0,5,土銀-嘉義,2023-09-18,1034
2367,燿華,11,6,5,土銀-嘉義,2023-09-18,1034
2609,陽明,23,18,5,土銀-嘉義,2023-09-18,1034
4934,太極,5,0,5,土銀-嘉義,2023-09-18,1034
6173,信昌電,5,0,5,土銀-嘉義,2023-09-18,1034
8358,金居,6,1,5,土銀-嘉義,2023-09-18,1034
8937,合騏,5,0,5,土銀-嘉義,2023-09-18,1034
2630,亞航,5,1,4,土銀-嘉義,2023-09-18,1034
3058,立德,5,1,4,土銀-嘉義,2023-09-18,1034
3081,聯亞,5,1,4,土銀-嘉義,2023-09-18,1034
2356,英業達,3,0,3,土銀-嘉義,2023-09-18,1034
4931,新盛力,150,0,150,土銀-嘉義,2023-09-19,1034
00929,復華台灣科技優息,59,5,54,土銀-嘉義,2023-09-19,1034
2610,華航,90,40,50,土銀-嘉義,2023-09-19,1034
2367,燿華,51,4,47,土銀-嘉義,2023-09-19,1034
00919,群益台灣精選高息,35,0,35,土銀-嘉義,2023-09-19,1034
00720B,元大投資級公司債,30,0,30,土銀-嘉義,2023-09-19,1034
0056,元大高股息,17,0,17,土銀-嘉義,2023-09-19,1034
2313,華通,57,47,10,土銀-嘉義,2023-09-19,1034
2332,友訊,10,0,10,土銀-嘉義,2023-09-19,1034
2425,承啟,10,0,10,土銀-嘉義,2023-09-19,1034
3481,群創,10,0,10,土銀-嘉義,2023-09-19,1034
6153,嘉聯益,11,1,10,土銀-嘉義,2023-09-19,1034
8039,台虹,10,0,10,土銀-嘉義,2023-09-19,1034
8933,愛地雅,10,0,10,土銀-嘉義,2023-09-19,1034
9950,萬國通,10,0,10,土銀-嘉義,2023-09-19,1034
3059,華晶科,9,0,9,土銀-嘉義,2023-09-19,1034
3715,定穎投控,22,13,9,土銀-嘉義,2023-09-19,1034
4906,正文,13,4,9,土銀-嘉義,2023-09-19,1034
2436,偉詮電,14,6,8,土銀-嘉義,2023-09-19,1034
2498,宏達電,8,0,8,土銀-嘉義,2023-09-19,1034
2382,廣達,11,4,7,土銀-嘉義,2023-09-19,1034
00930,永豐ESG低碳高息,7,0,7,土銀-嘉義,2023-09-19,1034
2617,台航,7,0,7,土銀-嘉義,2023-09-19,1034
2883,凱基金,7,0,7,土銀-嘉義,2023-09-19,1034
3484,崧騰,7,0,7,土銀-嘉義,2023-09-19,1034
00637L,元大滬深300正2,8,2,6,土銀-嘉義,2023-09-19,1034
2401,凌陽,6,0,6,土銀-嘉義,2023-09-19,1034
2851,中再保,6,0,6,土銀-嘉義,2023-09-19,1034
4916,事欣科,6,0,6,土銀-嘉義,2023-09-19,1034
6257,矽格,9,3,6,土銀-嘉義,2023-09-19,1034
2330,台積電,7,1,6,土銀-嘉義,2023-09-19,1034
00687B,國泰20年美債,5,0,5,土銀-嘉義,2023-09-19,1034
2002,中鋼,5,0,5,土銀-嘉義,2023-09-19,1034
2353,宏��,5,0,5,土銀-嘉義,2023-09-19,1034
2609,陽明,9,4,5,土銀-嘉義,2023-09-19,1034
2645,長榮航太,5,0,5,土銀-嘉義,2023-09-19,1034
3062,建漢,5,0,5,土銀-嘉義,2023-09-19,1034
5340,建榮,5,0,5,土銀-嘉義,2023-09-19,1034
6282,康舒,7,2,5,土銀-嘉義,2023-09-19,1034
6672,騰輝電子-KY,5,0,5,土銀-嘉義,2023-09-19,1034
1731,美吾華,4,0,4,土銀-嘉義,2023-09-19,1034
2458,義隆,4,0,4,土銀-嘉義,2023-09-19,1034
2867,三商壽,4,0,4,土銀-嘉義,2023-09-19,1034
3025,星通,5,1,4,土銀-嘉義,2023-09-19,1034
1734,杏輝,3,0,3,土銀-嘉義,2023-09-19,1034
1720,生達,3,0,3,土銀-嘉義,2023-09-19,1034
00893,國泰智能電動車,3,0,3,土銀-嘉義,2023-09-19,1034
00885,富邦越南,3,0,3,土銀-嘉義,2023-09-19,1034
00751B,元大AAA至A公司債,3,0,3,土銀-嘉義,2023-09-19,1034
2025,千興,3,0,3,土銀-嘉義,2023-09-19,1034
00929,復華台灣科技優息,127,29,98,土銀-嘉義,2023-09-20,1034
00919,群益台灣精選高息,51,1,50,土銀-嘉義,2023-09-20,1034
2489,瑞軒,20,0,20,土銀-嘉義,2023-09-20,1034
00720B,元大投資級公司債,18,0,18,土銀-嘉義,2023-09-20,1034
2367,燿華,28,12,16,土銀-嘉義,2023-09-20,1034
6257,矽格,14,0,14,土銀-嘉義,2023-09-20,1034
2401,凌陽,12,0,12,土銀-嘉義,2023-09-20,1034
1802,台玻,13,2,11,土銀-嘉義,2023-09-20,1034
2344,華邦電,12,1,11,土銀-嘉義,2023-09-20,1034
2405,輔信,10,0,10,土銀-嘉義,2023-09-20,1034
912000,晨訊科-DR,10,0,10,土銀-嘉義,2023-09-20,1034
4979,華星光,11,2,9,土銀-嘉義,2023-09-20,1034
1201,味全,8,0,8,土銀-嘉義,2023-09-20,1034
2634,漢翔,13,5,8,土銀-嘉義,2023-09-20,1034
3260,威剛,8,0,8,土銀-嘉義,2023-09-20,1034
00751B,元大AAA至A公司債,7,0,7,土銀-嘉義,2023-09-20,1034
2303,聯電,7,0,7,土銀-嘉義,2023-09-20,1034
2329,華泰,12,5,7,土銀-嘉義,2023-09-20,1034
3033,威健,7,0,7,土銀-嘉義,2023-09-20,1034
8048,德勝,7,0,7,土銀-嘉義,2023-09-20,1034
00712,復華富時不動產,6,0,6,土銀-嘉義,2023-09-20,1034
2408,南亞科,6,0,6,土銀-嘉義,2023-09-20,1034
2436,偉詮電,6,0,6,土銀-嘉義,2023-09-20,1034
3025,星通,6,0,6,土銀-嘉義,2023-09-20,1034
0056,元大高股息,5,0,5,土銀-嘉義,2023-09-20,1034
00830,國泰費城半導體,5,0,5,土銀-嘉義,2023-09-20,1034
2605,新興,9,4,5,土銀-嘉義,2023-09-20,1034
3029,零壹,5,0,5,土銀-嘉義,2023-09-20,1034
3163,波若威,8,3,5,土銀-嘉義,2023-09-20,1034
3522,御嵿,5,0,5,土銀-嘉義,2023-09-20,1034
4916,事欣科,5,0,5,土銀-嘉義,2023-09-20,1034
6139,亞翔,5,0,5,土銀-嘉義,2023-09-20,1034
6442,光聖,5,0,5,土銀-嘉義,2023-09-20,1034
6770,力積電,5,0,5,土銀-嘉義,2023-09-20,1034
8937,合騏,5,0,5,土銀-嘉義,2023-09-20,1034
2330,台積電,5,0,5,土銀-嘉義,2023-09-20,1034
00923,群益台ESG低碳50,4,0,4,土銀-嘉義,2023-09-20,1034
00782B,國泰A級公用債,4,0,4,土銀-嘉義,2023-09-20,1034
00722B,群益投資級電信債,4,0,4,土銀-嘉義,2023-09-20,1034
2316,楠梓電,6,2,4,土銀-嘉義,2023-09-20,1034
2356,英業達,4,0,4,土銀-嘉義,2023-09-20,1034
2388,威盛,5,1,4,土銀-嘉義,2023-09-20,1034
3265,台星科,8,4,4,土銀-嘉義,2023-09-20,1034
6285,啟��,16,12,4,土銀-嘉義,2023-09-20,1034
00679B,元大美債20年,3,0,3,土銀-嘉義,2023-09-20,1034
1210,大成,3,0,3,土銀-嘉義,2023-09-20,1034
1605,華新,6,3,3,土銀-嘉義,2023-09-20,1034
1809,中釉,3,0,3,土銀-嘉義,2023-09-20,1034
2486,一詮,3,0,3,土銀-嘉義,2023-09-20,1034
2883,凱基金,11,8,3,土銀-嘉義,2023-09-20,1034
2610,華航,120,0,120,土銀-嘉義,2023-09-21,1034
2542,興富發,100,0,100,土銀-嘉義,2023-09-21,1034
2801,彰銀,38,0,38,土銀-嘉義,2023-09-21,1034
00929,復華台灣科技優息,55,21,34,土銀-嘉義,2023-09-21,1034
2498,宏達電,30,0,30,土銀-嘉義,2023-09-21,1034
00919,群益台灣精選高息,26,2,24,土銀-嘉義,2023-09-21,1034
2883,凱基金,21,0,21,土銀-嘉義,2023-09-21,1034
5340,建榮,20,0,20,土銀-嘉義,2023-09-21,1034
00878,國泰永續高股息,29,10,19,土銀-嘉義,2023-09-21,1034
4931,新盛力,18,0,18,土銀-嘉義,2023-09-21,1034
1802,台玻,17,0,17,土銀-嘉義,2023-09-21,1034
00720B,元大投資級公司債,15,0,15,土銀-嘉義,2023-09-21,1034
8011,台通,15,0,15,土銀-嘉義,2023-09-21,1034
00932,兆豐永續高息等權,13,0,13,土銀-嘉義,2023-09-21,1034
0056,元大高股息,13,1,12,土銀-嘉義,2023-09-21,1034
2891,中信金,12,0,12,土銀-嘉義,2023-09-21,1034
3045,台灣大,12,0,12,土銀-嘉義,2023-09-21,1034
1101,台泥,11,0,11,土銀-嘉義,2023-09-21,1034
2887,台新金,11,0,11,土銀-嘉義,2023-09-21,1034
2374,佳能,10,0,10,土銀-嘉義,2023-09-21,1034
5258,虹堡,10,0,10,土銀-嘉義,2023-09-21,1034
9930,中聯資源,10,0,10,土銀-嘉義,2023-09-21,1034
2002,中鋼,9,0,9,土銀-嘉義,2023-09-21,1034
2641,正德,12,3,9,土銀-嘉義,2023-09-21,1034
2845,遠東銀,9,0,9,土銀-嘉義,2023-09-21,1034
2851,中再保,9,0,9,土銀-嘉義,2023-09-21,1034
2330,台積電,9,0,9,土銀-嘉義,2023-09-21,1034
2204,中華,8,0,8,土銀-嘉義,2023-09-21,1034
2331,精英,10,2,8,土銀-嘉義,2023-09-21,1034
0050,元大台灣50,10,2,8,土銀-嘉義,2023-09-21,1034
1303,南亞,7,0,7,土銀-嘉義,2023-09-21,1034
00713,元大台灣高息低波,7,0,7,土銀-嘉義,2023-09-21,1034
00712,復華富時不動產,7,0,7,土銀-嘉義,2023-09-21,1034
3037,欣興,7,0,7,土銀-嘉義,2023-09-21,1034
006208,富邦台50,6,0,6,土銀-嘉義,2023-09-21,1034
00680L,元大美債20正2,6,0,6,土銀-嘉義,2023-09-21,1034
2409,友達,6,0,6,土銀-嘉義,2023-09-21,1034
3025,星通,6,0,6,土銀-嘉義,2023-09-21,1034
2313,華通,12,6,6,土銀-嘉義,2023-09-21,1034
00830,國泰費城半導體,5,0,5,土銀-嘉義,2023-09-21,1034
2356,英業達,9,4,5,土銀-嘉義,2023-09-21,1034
2401,凌陽,5,0,5,土銀-嘉義,2023-09-21,1034
2645,長榮航太,5,0,5,土銀-嘉義,2023-09-21,1034
4916,事欣科,5,0,5,土銀-嘉義,2023-09-21,1034
4934,太極,5,0,5,土銀-嘉義,2023-09-21,1034
5009,榮剛,5,0,5,土銀-嘉義,2023-09-21,1034
8033,雷虎,5,0,5,土銀-嘉義,2023-09-21,1034
2317,鴻海,4,0,4,土銀-嘉義,2023-09-21,1034
1201,味全,4,0,4,土銀-嘉義,2023-09-21,1034
00637L,元大滬深300正2,11,7,4,土銀-嘉義,2023-09-21,1034
2845,遠東銀,180,0,180,土銀-嘉義,2023-09-22,1034
00772B,中信高評級公司債,111,0,111,土銀-嘉義,2023-09-22,1034
00679B,元大美債20年,110,0,110,土銀-嘉義,2023-09-22,1034
00680L,元大美債20正2,108,0,108,土銀-嘉義,2023-09-22,1034
00687B,國泰20年美債,60,0,60,土銀-嘉義,2023-09-22,1034
4931,新盛力,33,0,33,土銀-嘉義,2023-09-22,1034
3576,聯合再生,30,0,30,土銀-嘉義,2023-09-22,1034
00665L,富邦�琤肭磪囓�2,24,0,24,土銀-嘉義,2023-09-22,1034
3042,晶技,22,0,22,土銀-嘉義,2023-09-22,1034
00712,復華富時不動產,17,0,17,土銀-嘉義,2023-09-22,1034
1101,台泥,17,0,17,土銀-嘉義,2023-09-22,1034
1802,台玻,17,0,17,土銀-嘉義,2023-09-22,1034
2342,茂矽,14,0,14,土銀-嘉義,2023-09-22,1034
2641,正德,12,0,12,土銀-嘉義,2023-09-22,1034
2880,華南金,15,3,12,土銀-嘉義,2023-09-22,1034
2881,富邦金,11,0,11,土銀-嘉義,2023-09-22,1034
2002,中鋼,10,0,10,土銀-嘉義,2023-09-22,1034
2883,凱基金,10,0,10,土銀-嘉義,2023-09-22,1034
2888,新光金,10,0,10,土銀-嘉義,2023-09-22,1034
2891,中信金,12,2,10,土銀-嘉義,2023-09-22,1034
00773B,中信優先金融債,9,0,9,土銀-嘉義,2023-09-22,1034
00915,凱基優選高股息30,9,0,9,土銀-嘉義,2023-09-22,1034
00720B,元大投資級公司債,8,0,8,土銀-嘉義,2023-09-22,1034
2618,長榮航,15,7,8,土銀-嘉義,2023-09-22,1034
2367,燿華,11,4,7,土銀-嘉義,2023-09-22,1034
3484,崧騰,7,0,7,土銀-嘉義,2023-09-22,1034
6139,亞翔,7,0,7,土銀-嘉義,2023-09-22,1034
1605,華新,8,2,6,土銀-嘉義,2023-09-22,1034
2356,英業達,9,3,6,土銀-嘉義,2023-09-22,1034
2882,國泰金,6,0,6,土銀-嘉義,2023-09-22,1034
2330,台積電,7,2,5,土銀-嘉義,2023-09-22,1034
00751B,元大AAA至A公司債,5,0,5,土銀-嘉義,2023-09-22,1034
1444,力麗,5,0,5,土銀-嘉義,2023-09-22,1034
2634,漢翔,5,0,5,土銀-嘉義,2023-09-22,1034
2905,三商,5,0,5,土銀-嘉義,2023-09-22,1034
3035,智原,12,7,5,土銀-嘉義,2023-09-22,1034
3078,僑威,7,2,5,土銀-嘉義,2023-09-22,1034
3567,逸昌,5,0,5,土銀-嘉義,2023-09-22,1034
3706,神達,12,7,5,土銀-嘉義,2023-09-22,1034
006208,富邦台50,4,0,4,土銀-嘉義,2023-09-22,1034
00722B,群益投資級電信債,4,0,4,土銀-嘉義,2023-09-22,1034
2014,中鴻,4,0,4,土銀-嘉義,2023-09-22,1034
2344,華邦電,4,0,4,土銀-嘉義,2023-09-22,1034
2317,鴻海,4,1,3,土銀-嘉義,2023-09-22,1034
00713,元大台灣高息低波,3,0,3,土銀-嘉義,2023-09-22,1034
00932,兆豐永續高息等權,3,0,3,土銀-嘉義,2023-09-22,1034
00931B,統一美債20年,3,0,3,土銀-嘉義,2023-09-22,1034
2027,大成鋼,3,0,3,土銀-嘉義,2023-09-22,1034
2301,光寶科,5,2,3,土銀-嘉義,2023-09-22,1034
2436,偉詮電,6,3,3,土銀-嘉義,2023-09-22,1034
1815,富喬,118,11,107,土銀-嘉義,2023-09-25,1034
2363,矽統,42,4,38,土銀-嘉義,2023-09-25,1034
2303,聯電,31,4,27,土銀-嘉義,2023-09-25,1034
00720B,元大投資級公司債,15,0,15,土銀-嘉義,2023-09-25,1034
1101,台泥,15,0,15,土銀-嘉義,2023-09-25,1034
2890,永豐金,15,0,15,土銀-嘉義,2023-09-25,1034
2618,長榮航,25,11,14,土銀-嘉義,2023-09-25,1034
00919,群益台灣精選高息,14,0,14,土銀-嘉義,2023-09-25,1034
2353,宏��,12,0,12,土銀-嘉義,2023-09-25,1034
2891,中信金,11,0,11,土銀-嘉義,2023-09-25,1034
00885,富邦越南,10,0,10,土銀-嘉義,2023-09-25,1034
00892,富邦台灣半導體,10,0,10,土銀-嘉義,2023-09-25,1034
2367,燿華,16,6,10,土銀-嘉義,2023-09-25,1034
4960,誠美材,10,0,10,土銀-嘉義,2023-09-25,1034
4979,華星光,8,0,8,土銀-嘉義,2023-09-25,1034
00915,凱基優選高股息30,7,0,7,土銀-嘉義,2023-09-25,1034
2845,遠東銀,7,0,7,土銀-嘉義,2023-09-25,1034
00893,國泰智能電動車,6,0,6,土銀-嘉義,2023-09-25,1034
00881,國泰台灣5G+,5,0,5,土銀-嘉義,2023-09-25,1034
2402,毅嘉,5,0,5,土銀-嘉義,2023-09-25,1034
3010,華立,5,0,5,土銀-嘉義,2023-09-25,1034
3090,日電貿,5,0,5,土銀-嘉義,2023-09-25,1034
6116,彩晶,5,0,5,土銀-嘉義,2023-09-25,1034
2206,三陽工業,4,0,4,土銀-嘉義,2023-09-25,1034
00712,復華富時不動產,4,0,4,土銀-嘉義,2023-09-25,1034
00888,永豐台灣ESG,4,0,4,土銀-嘉義,2023-09-25,1034
00895,富邦未來車,4,0,4,土銀-嘉義,2023-09-25,1034
2881,富邦金,4,0,4,土銀-嘉義,2023-09-25,1034
3265,台星科,9,5,4,土銀-嘉義,2023-09-25,1034
3594,磐儀,4,0,4,土銀-嘉義,2023-09-25,1034
3706,神達,6,2,4,土銀-嘉義,2023-09-25,1034
9928,中視,4,0,4,土銀-嘉義,2023-09-25,1034
6684,安格,11,8,3,土銀-嘉義,2023-09-25,1034
3037,欣興,3,0,3,土銀-嘉義,2023-09-25,1034
1513,中興電,3,0,3,土銀-嘉義,2023-09-25,1034
1504,東元,3,0,3,土銀-嘉義,2023-09-25,1034
2316,楠梓電,3,0,3,土銀-嘉義,2023-09-25,1034
2356,英業達,3,0,3,土銀-嘉義,2023-09-25,1034
2408,南亞科,3,0,3,土銀-嘉義,2023-09-25,1034
2421,建準,4,1,3,土銀-嘉義,2023-09-25,1034
3548,兆利,3,0,3,土銀-嘉義,2023-09-25,1034
8112,至上,8,5,3,土銀-嘉義,2023-09-25,1034
2002,中鋼,2,0,2,土銀-嘉義,2023-09-25,1034
1560,中砂,2,0,2,土銀-嘉義,2023-09-25,1034
1584,精剛,3,1,2,土銀-嘉義,2023-09-25,1034
00878,國泰永續高股息,3,1,2,土銀-嘉義,2023-09-25,1034
2329,華泰,3,1,2,土銀-嘉義,2023-09-25,1034
2344,華邦電,2,0,2,土銀-嘉義,2023-09-25,1034
2880,華南金,2,0,2,土銀-嘉義,2023-09-25,1034
2882,國泰金,2,0,2,土銀-嘉義,2023-09-25,1034
00679B,元大美債20年,163,0,163,土銀-嘉義,2023-09-26,1034
00931B,統一美債20年,103,0,103,土銀-嘉義,2023-09-26,1034
2409,友達,80,0,80,土銀-嘉義,2023-09-26,1034
00680L,元大美債20正2,54,0,54,土銀-嘉義,2023-09-26,1034
6153,嘉聯益,50,0,50,土銀-嘉義,2023-09-26,1034
00665L,富邦�琤肭磪囓�2,42,0,42,土銀-嘉義,2023-09-26,1034
2605,新興,35,1,34,土銀-嘉義,2023-09-26,1034
2498,宏達電,31,0,31,土銀-嘉義,2023-09-26,1034
00929,復華台灣科技優息,29,1,28,土銀-嘉義,2023-09-26,1034
00720B,元大投資級公司債,18,0,18,土銀-嘉義,2023-09-26,1034
2002,中鋼,16,0,16,土銀-嘉義,2023-09-26,1034
00878,國泰永續高股息,25,10,15,土銀-嘉義,2023-09-26,1034
00919,群益台灣精選高息,14,0,14,土銀-嘉義,2023-09-26,1034
00772B,中信高評級公司債,11,0,11,土銀-嘉義,2023-09-26,1034
00885,富邦越南,11,0,11,土銀-嘉義,2023-09-26,1034
6208,日揚,11,0,11,土銀-嘉義,2023-09-26,1034
1303,南亞,10,0,10,土銀-嘉義,2023-09-26,1034
1103,嘉泥,10,0,10,土銀-嘉義,2023-09-26,1034
00712,復華富時不動產,12,3,9,土銀-嘉義,2023-09-26,1034
2356,英業達,9,0,9,土銀-嘉義,2023-09-26,1034
2883,凱基金,9,0,9,土銀-嘉義,2023-09-26,1034
5211,蒙恬,9,0,9,土銀-嘉義,2023-09-26,1034
00637L,元大滬深300正2,9,1,8,土銀-嘉義,2023-09-26,1034
00888,永豐台灣ESG,6,0,6,土銀-嘉義,2023-09-26,1034
2317,鴻海,6,0,6,土銀-嘉義,2023-09-26,1034
1522,堤維西,10,4,6,土銀-嘉義,2023-09-26,1034
2329,華泰,9,3,6,土銀-嘉義,2023-09-26,1034
2634,漢翔,11,5,6,土銀-嘉義,2023-09-26,1034
0056,元大高股息,5,0,5,土銀-嘉義,2023-09-26,1034
00687B,國泰20年美債,15,10,5,土銀-嘉義,2023-09-26,1034
2368,金像電,5,0,5,土銀-嘉義,2023-09-26,1034
2610,華航,9,4,5,土銀-嘉義,2023-09-26,1034
6026,福邦證,5,0,5,土銀-嘉義,2023-09-26,1034
2881,富邦金,5,0,5,土銀-嘉義,2023-09-26,1034
00915,凱基優選高股息30,4,0,4,土銀-嘉義,2023-09-26,1034
2017,官田鋼,4,0,4,土銀-嘉義,2023-09-26,1034
2892,第一金,4,0,4,土銀-嘉義,2023-09-26,1034
6579,研揚,4,0,4,土銀-嘉義,2023-09-26,1034
9938,百和,4,0,4,土銀-嘉義,2023-09-26,1034
6139,亞翔,22,19,3,土銀-嘉義,2023-09-26,1034
00923,群益台ESG低碳50,3,0,3,土銀-嘉義,2023-09-26,1034
1101,台泥,3,0,3,土銀-嘉義,2023-09-26,1034
2608,嘉里大榮,3,0,3,土銀-嘉義,2023-09-26,1034
2867,三商壽,3,0,3,土銀-嘉義,2023-09-26,1034
2882,國泰金,3,0,3,土銀-嘉義,2023-09-26,1034
2888,新光金,3,0,3,土銀-嘉義,2023-09-26,1034
3260,威剛,2,0,2,土銀-嘉義,2023-09-26,1034
1301,台塑,2,0,2,土銀-嘉義,2023-09-26,1034
00751B,元大AAA至A公司債,2,0,2,土銀-嘉義,2023-09-26,1034
00902,中信電池及儲能,2,0,2,土銀-嘉義,2023-09-26,1034
00929,復華台灣科技優息,62,11,51,土銀-嘉義,2023-09-27,1034
00680L,元大美債20正2,50,0,50,土銀-嘉義,2023-09-27,1034
00637L,元大滬深300正2,40,4,36,土銀-嘉義,2023-09-27,1034
2014,中鴻,21,0,21,土銀-嘉義,2023-09-27,1034
00633L,富邦上証正2,20,0,20,土銀-嘉義,2023-09-27,1034
2409,友達,25,10,15,土銀-嘉義,2023-09-27,1034
2645,長榮航太,11,0,11,土銀-嘉義,2023-09-27,1034
00772B,中信高評級公司債,10,0,10,土銀-嘉義,2023-09-27,1034
3311,閎暉,10,0,10,土銀-嘉義,2023-09-27,1034
2313,華通,12,3,9,土銀-嘉義,2023-09-27,1034
2461,光群雷,8,0,8,土銀-嘉義,2023-09-27,1034
3679,新至陞,8,0,8,土銀-嘉義,2023-09-27,1034
1101,台泥,7,0,7,土銀-嘉義,2023-09-27,1034
00830,國泰費城半導體,6,0,6,土銀-嘉義,2023-09-27,1034
2337,旺宏,8,2,6,土銀-嘉義,2023-09-27,1034
2609,陽明,8,2,6,土銀-嘉義,2023-09-27,1034
6854,錼創科技-KY創,6,0,6,土銀-嘉義,2023-09-27,1034
1504,東元,7,2,5,土銀-嘉義,2023-09-27,1034
2405,輔信,5,0,5,土銀-嘉義,2023-09-27,1034
2641,正德,14,9,5,土銀-嘉義,2023-09-27,1034
3013,晟銘電,5,0,5,土銀-嘉義,2023-09-27,1034
3709,鑫聯大投控,5,0,5,土銀-嘉義,2023-09-27,1034
6139,亞翔,8,3,5,土銀-嘉義,2023-09-27,1034
8027,鈦昇,5,0,5,土銀-嘉義,2023-09-27,1034
2363,矽統,6,1,5,土銀-嘉義,2023-09-27,1034
00712,復華富時不動產,5,0,5,土銀-嘉義,2023-09-27,1034
2882,國泰金,4,0,4,土銀-嘉義,2023-09-27,1034
1301,台塑,4,0,4,土銀-嘉義,2023-09-27,1034
00773B,中信優先金融債,4,0,4,土銀-嘉義,2023-09-27,1034
00881,國泰台灣5G+,4,0,4,土銀-嘉義,2023-09-27,1034
00679B,元大美債20年,4,0,4,土銀-嘉義,2023-09-27,1034
2002,中鋼,37,33,4,土銀-嘉義,2023-09-27,1034
2317,鴻海,5,1,4,土銀-嘉義,2023-09-27,1034
2371,大同,4,0,4,土銀-嘉義,2023-09-27,1034
2634,漢翔,4,0,4,土銀-嘉義,2023-09-27,1034
3005,神基,4,0,4,土銀-嘉義,2023-09-27,1034
3545,敦泰,6,2,4,土銀-嘉義,2023-09-27,1034
3548,兆利,4,0,4,土銀-嘉義,2023-09-27,1034
6505,台塑化,4,0,4,土銀-嘉義,2023-09-27,1034
8011,台通,4,0,4,土銀-嘉義,2023-09-27,1034
2330,台積電,4,1,3,土銀-嘉義,2023-09-27,1034
2393,億光,3,0,3,土銀-嘉義,2023-09-27,1034
3029,零壹,3,0,3,土銀-嘉義,2023-09-27,1034
3217,優群,3,0,3,土銀-嘉義,2023-09-27,1034
5258,虹堡,3,0,3,土銀-嘉義,2023-09-27,1034
6451,訊芯-KY,3,0,3,土銀-嘉義,2023-09-27,1034
0050,元大台灣50,2,0,2,土銀-嘉義,2023-09-27,1034
1326,台化,2,0,2,土銀-嘉義,2023-09-27,1034
00882,中信中國高股息,2,0,2,土銀-嘉義,2023-09-27,1034
00919,群益台灣精選高息,2,0,2,土銀-嘉義,2023-09-27,1034
00751B,元大AAA至A公司債,60,15,45,土銀-嘉義,2023-09-28,1034
2883,凱基金,45,0,45,土銀-嘉義,2023-09-28,1034
00929,復華台灣科技優息,44,4,40,土銀-嘉義,2023-09-28,1034
8112,至上,42,3,39,土銀-嘉義,2023-09-28,1034
2344,華邦電,22,0,22,土銀-嘉義,2023-09-28,1034
00671R,富邦NASDAQ反1,20,0,20,土銀-嘉義,2023-09-28,1034
00720B,元大投資級公司債,16,0,16,土銀-嘉義,2023-09-28,1034
2353,宏��,16,0,16,土銀-嘉義,2023-09-28,1034
2618,長榮航,38,22,16,土銀-嘉義,2023-09-28,1034
3013,晟銘電,19,3,16,土銀-嘉義,2023-09-28,1034
3231,緯創,20,4,16,土銀-嘉義,2023-09-28,1034
2408,南亞科,15,0,15,土銀-嘉義,2023-09-28,1034
00712,復華富時不動產,14,0,14,土銀-嘉義,2023-09-28,1034
2002,中鋼,30,16,14,土銀-嘉義,2023-09-28,1034
00637L,元大滬深300正2,16,3,13,土銀-嘉義,2023-09-28,1034
00665L,富邦�琤肭磪囓�2,12,0,12,土銀-嘉義,2023-09-28,1034
3715,定穎投控,47,35,12,土銀-嘉義,2023-09-28,1034
00931B,統一美債20年,10,0,10,土銀-嘉義,2023-09-28,1034
00885,富邦越南,10,0,10,土銀-嘉義,2023-09-28,1034
3037,欣興,10,0,10,土銀-嘉義,2023-09-28,1034
2017,官田鋼,9,0,9,土銀-嘉義,2023-09-28,1034
2610,華航,18,9,9,土銀-嘉義,2023-09-28,1034
00772B,中信高評級公司債,7,0,7,土銀-嘉義,2023-09-28,1034
2363,矽統,16,9,7,土銀-嘉義,2023-09-28,1034
6117,迎廣,7,0,7,土銀-嘉義,2023-09-28,1034
2329,華泰,7,1,6,土銀-嘉義,2023-09-28,1034
2317,鴻海,5,0,5,土銀-嘉義,2023-09-28,1034
2330,台積電,5,0,5,土銀-嘉義,2023-09-28,1034
1215,卜蜂,5,0,5,土銀-嘉義,2023-09-28,1034
00900,富邦特選高股息30,5,0,5,土銀-嘉義,2023-09-28,1034
00888,永豐台灣ESG,5,0,5,土銀-嘉義,2023-09-28,1034
00918,大華優利高填息30,5,0,5,土銀-嘉義,2023-09-28,1034
2313,華通,9,4,5,土銀-嘉義,2023-09-28,1034
2425,承啟,5,0,5,土銀-嘉義,2023-09-28,1034
2609,陽明,30,25,5,土銀-嘉義,2023-09-28,1034
2834,臺企銀,5,0,5,土銀-嘉義,2023-09-28,1034
4906,正文,5,0,5,土銀-嘉義,2023-09-28,1034
6173,信昌電,5,0,5,土銀-嘉義,2023-09-28,1034
8033,雷虎,5,0,5,土銀-嘉義,2023-09-28,1034
9904,寶成,5,0,5,土銀-嘉義,2023-09-28,1034
00773B,中信優先金融債,4,0,4,土銀-嘉義,2023-09-28,1034
00908,富邦入息REITs+,4,0,4,土銀-嘉義,2023-09-28,1034
2105,正新,4,0,4,土銀-嘉義,2023-09-28,1034
3260,威剛,4,0,4,土銀-嘉義,2023-09-28,1034
3419,譁裕,4,0,4,土銀-嘉義,2023-09-28,1034
5386,青雲,4,0,4,土銀-嘉義,2023-09-28,1034
00919,群益台灣精選高息,3,0,3,土銀-嘉義,2023-09-28,1034
1301,台塑,3,0,3,土銀-嘉義,2023-09-28,1034
2726,雅茗-KY,3,0,3,土銀-嘉義,2023-09-28,1034
3059,華晶科,3,0,3,土銀-嘉義,2023-09-28,1034
00751B,元大AAA至A公司債,140,0,140,土銀-嘉義,2023-10-02,1034
00680L,元大美債20正2,100,0,100,土銀-嘉義,2023-10-02,1034
2409,友達,92,6,86,土銀-嘉義,2023-10-02,1034
2845,遠東銀,50,2,48,土銀-嘉義,2023-10-02,1034
2002,中鋼,46,0,46,土銀-嘉義,2023-10-02,1034
2610,華航,59,17,42,土銀-嘉義,2023-10-02,1034
00772B,中信高評級公司債,32,0,32,土銀-嘉義,2023-10-02,1034
6164,華興,30,0,30,土銀-嘉義,2023-10-02,1034
00687B,國泰20年美債,25,0,25,土銀-嘉義,2023-10-02,1034
2303,聯電,22,0,22,土銀-嘉義,2023-10-02,1034
6015,宏遠證,20,0,20,土銀-嘉義,2023-10-02,1034
00929,復華台灣科技優息,46,27,19,土銀-嘉義,2023-10-02,1034
00888,永豐台灣ESG,14,0,14,土銀-嘉義,2023-10-02,1034
2206,三陽工業,13,0,13,土銀-嘉義,2023-10-02,1034
00679B,元大美債20年,12,0,12,土銀-嘉義,2023-10-02,1034
00632R,元大台灣50反1,20,10,10,土銀-嘉義,2023-10-02,1034
00892,富邦台灣半導體,10,0,10,土銀-嘉義,2023-10-02,1034
2883,凱基金,10,0,10,土銀-嘉義,2023-10-02,1034
5309,系統電,10,0,10,土銀-嘉義,2023-10-02,1034
2606,裕民,9,0,9,土銀-嘉義,2023-10-02,1034
3704,合勤控,9,0,9,土銀-嘉義,2023-10-02,1034
2329,華泰,17,9,8,土銀-嘉義,2023-10-02,1034
2363,矽統,14,6,8,土銀-嘉義,2023-10-02,1034
1609,大亞,8,1,7,土銀-嘉義,2023-10-02,1034
00919,群益台灣精選高息,6,0,6,土銀-嘉義,2023-10-02,1034
1201,味全,6,0,6,土銀-嘉義,2023-10-02,1034
2880,華南金,6,0,6,土銀-嘉義,2023-10-02,1034
1210,大成,10,5,5,土銀-嘉義,2023-10-02,1034
1618,合機,11,6,5,土銀-嘉義,2023-10-02,1034
2405,輔信,6,1,5,土銀-嘉義,2023-10-02,1034
2609,陽明,28,23,5,土銀-嘉義,2023-10-02,1034
3105,穩懋,6,1,5,土銀-嘉義,2023-10-02,1034
4934,太極,5,0,5,土銀-嘉義,2023-10-02,1034
00782B,國泰A級公用債,4,0,4,土銀-嘉義,2023-10-02,1034
2337,旺宏,4,0,4,土銀-嘉義,2023-10-02,1034
1580,新麥,3,0,3,土銀-嘉義,2023-10-02,1034
1717,長興,3,0,3,土銀-嘉義,2023-10-02,1034
2393,億光,3,0,3,土銀-嘉義,2023-10-02,1034
2401,凌陽,3,0,3,土銀-嘉義,2023-10-02,1034
4938,和碩,3,0,3,土銀-嘉義,2023-10-02,1034
6235,華孚,3,0,3,土銀-嘉義,2023-10-02,1034
6470,宇智,3,0,3,土銀-嘉義,2023-10-02,1034
2376,技嘉,10,7,3,土銀-嘉義,2023-10-02,1034
2382,廣達,27,24,3,土銀-嘉義,2023-10-02,1034
1303,南亞,2,0,2,土銀-嘉義,2023-10-02,1034
1529,樂事綠能,2,0,2,土銀-嘉義,2023-10-02,1034
2301,光寶科,8,6,2,土銀-嘉義,2023-10-02,1034
2302,麗正,2,0,2,土銀-嘉義,2023-10-02,1034
2316,楠梓電,3,1,2,土銀-嘉義,2023-10-02,1034
2371,大同,2,0,2,土銀-嘉義,2023-10-02,1034
00929,復華台灣科技優息,79,11,68,土銀-嘉義,2023-10-03,1034
00919,群益台灣精選高息,60,3,57,土銀-嘉義,2023-10-03,1034
2610,華航,45,0,45,土銀-嘉義,2023-10-03,1034
00637L,元大滬深300正2,41,0,41,土銀-嘉義,2023-10-03,1034
2892,第一金,40,0,40,土銀-嘉義,2023-10-03,1034
3231,緯創,56,29,27,土銀-嘉義,2023-10-03,1034
2353,宏��,26,1,25,土銀-嘉義,2023-10-03,1034
00665L,富邦�琤肭磪囓�2,25,0,25,土銀-嘉義,2023-10-03,1034
0056,元大高股息,25,0,25,土銀-嘉義,2023-10-03,1034
2409,友達,45,22,23,土銀-嘉義,2023-10-03,1034
1324,地球,20,0,20,土銀-嘉義,2023-10-03,1034
5309,系統電,20,0,20,土銀-嘉義,2023-10-03,1034
00715L,期街口布蘭特正2,16,0,16,土銀-嘉義,2023-10-03,1034
1514,亞力,19,5,14,土銀-嘉義,2023-10-03,1034
5381,合正,13,0,13,土銀-嘉義,2023-10-03,1034
2891,中信金,12,0,12,土銀-嘉義,2023-10-03,1034
2538,基泰,11,0,11,土銀-嘉義,2023-10-03,1034
00751B,元大AAA至A公司債,10,0,10,土銀-嘉義,2023-10-03,1034
00712,復華富時不動產,10,0,10,土銀-嘉義,2023-10-03,1034
1409,新纖,10,0,10,土銀-嘉義,2023-10-03,1034
1815,富喬,32,23,9,土銀-嘉義,2023-10-03,1034
2002,中鋼,19,10,9,土銀-嘉義,2023-10-03,1034
2374,佳能,10,1,9,土銀-嘉義,2023-10-03,1034
5211,蒙恬,8,0,8,土銀-嘉義,2023-10-03,1034
1605,華新,10,3,7,土銀-嘉義,2023-10-03,1034
00923,群益台ESG低碳50,7,0,7,土銀-嘉義,2023-10-03,1034
2368,金像電,8,1,7,土銀-嘉義,2023-10-03,1034
2882,國泰金,6,0,6,土銀-嘉義,2023-10-03,1034
00772B,中信高評級公司債,6,0,6,土銀-嘉義,2023-10-03,1034
00922,國泰台灣領袖50,6,0,6,土銀-嘉義,2023-10-03,1034
2388,威盛,8,2,6,土銀-嘉義,2023-10-03,1034
1303,南亞,5,0,5,土銀-嘉義,2023-10-03,1034
3105,穩懋,5,0,5,土銀-嘉義,2023-10-03,1034
2301,光寶科,7,2,5,土銀-嘉義,2023-10-03,1034
2355,敬鵬,5,0,5,土銀-嘉義,2023-10-03,1034
2367,燿華,7,2,5,土銀-嘉義,2023-10-03,1034
2429,銘旺科,5,0,5,土銀-嘉義,2023-10-03,1034
2702,華園,5,0,5,土銀-嘉義,2023-10-03,1034
2883,凱基金,5,0,5,土銀-嘉義,2023-10-03,1034
4174,浩鼎,5,0,5,土銀-嘉義,2023-10-03,1034
4746,台耀,5,0,5,土銀-嘉義,2023-10-03,1034
6139,亞翔,7,2,5,土銀-嘉義,2023-10-03,1034
1609,大亞,12,8,4,土銀-嘉義,2023-10-03,1034
00679B,元大美債20年,4,0,4,土銀-嘉義,2023-10-03,1034
2105,正新,4,0,4,土銀-嘉義,2023-10-03,1034
2356,英業達,4,0,4,土銀-嘉義,2023-10-03,1034
2421,建準,5,1,4,土銀-嘉義,2023-10-03,1034
6191,精成科,6,2,4,土銀-嘉義,2023-10-03,1034
6257,矽格,4,0,4,土銀-嘉義,2023-10-03,1034
00927,群益半導體收益,3,0,3,土銀-嘉義,2023-10-03,1034
1802,台玻,111,12,99,土銀-嘉義,2023-10-04,1034
00929,復華台灣科技優息,53,3,50,土銀-嘉義,2023-10-04,1034
00772B,中信高評級公司債,46,0,46,土銀-嘉義,2023-10-04,1034
2610,華航,37,5,32,土銀-嘉義,2023-10-04,1034
2303,聯電,30,3,27,土銀-嘉義,2023-10-04,1034
00679B,元大美債20年,26,0,26,土銀-嘉義,2023-10-04,1034
00720B,元大投資級公司債,24,0,24,土銀-嘉義,2023-10-04,1034
1303,南亞,25,1,24,土銀-嘉義,2023-10-04,1034
3276,宇環,23,3,20,土銀-嘉義,2023-10-04,1034
00878,國泰永續高股息,44,27,17,土銀-嘉義,2023-10-04,1034
2002,中鋼,21,4,17,土銀-嘉義,2023-10-04,1034
00893,國泰智能電動車,16,0,16,土銀-嘉義,2023-10-04,1034
3481,群創,26,11,15,土銀-嘉義,2023-10-04,1034
1609,大亞,19,5,14,土銀-嘉義,2023-10-04,1034
2888,新光金,14,0,14,土銀-嘉義,2023-10-04,1034
3231,緯創,18,4,14,土銀-嘉義,2023-10-04,1034
2014,中鴻,13,0,13,土銀-嘉義,2023-10-04,1034
00687B,國泰20年美債,21,9,12,土銀-嘉義,2023-10-04,1034
2880,華南金,12,0,12,土銀-嘉義,2023-10-04,1034
00919,群益台灣精選高息,10,0,10,土銀-嘉義,2023-10-04,1034
0056,元大高股息,12,2,10,土銀-嘉義,2023-10-04,1034
00730,富邦臺灣優質高息,10,0,10,土銀-嘉義,2023-10-04,1034
1301,台塑,11,1,10,土銀-嘉義,2023-10-04,1034
2882,國泰金,10,0,10,土銀-嘉義,2023-10-04,1034
2891,中信金,10,0,10,土銀-嘉義,2023-10-04,1034
3013,晟銘電,11,1,10,土銀-嘉義,2023-10-04,1034
2881,富邦金,9,0,9,土銀-嘉義,2023-10-04,1034
2317,鴻海,11,3,8,土銀-嘉義,2023-10-04,1034
1216,統一,8,0,8,土銀-嘉義,2023-10-04,1034
1314,中石化,8,0,8,土銀-嘉義,2023-10-04,1034
2449,京元電子,8,0,8,土銀-嘉義,2023-10-04,1034
2887,台新金,8,0,8,土銀-嘉義,2023-10-04,1034
2892,第一金,8,0,8,土銀-嘉義,2023-10-04,1034
2884,玉山金,8,1,7,土銀-嘉義,2023-10-04,1034
00712,復華富時不動產,10,3,7,土銀-嘉義,2023-10-04,1034
2412,中華電,7,0,7,土銀-嘉義,2023-10-04,1034
1319,東陽,6,0,6,土銀-嘉義,2023-10-04,1034
3260,威剛,10,4,6,土銀-嘉義,2023-10-04,1034
00773B,中信優先金融債,5,0,5,土銀-嘉義,2023-10-04,1034
1215,卜蜂,5,0,5,土銀-嘉義,2023-10-04,1034
2330,台積電,5,0,5,土銀-嘉義,2023-10-04,1034
2427,三商電,5,0,5,土銀-嘉義,2023-10-04,1034
3006,晶豪科,7,2,5,土銀-嘉義,2023-10-04,1034
4967,十銓,6,1,5,土銀-嘉義,2023-10-04,1034
6505,台塑化,5,0,5,土銀-嘉義,2023-10-04,1034
6538,倉和,5,0,5,土銀-嘉義,2023-10-04,1034
1326,台化,4,0,4,土銀-嘉義,2023-10-04,1034
00665L,富邦�琤肭磪囓�2,4,0,4,土銀-嘉義,2023-10-04,1034
00637L,元大滬深300正2,5,1,4,土銀-嘉義,2023-10-04,1034
1605,華新,4,0,4,土銀-嘉義,2023-10-04,1034
2883,凱基金,353,0,353,土銀-嘉義,2023-10-05,1034
00751B,元大AAA至A公司債,52,0,52,土銀-嘉義,2023-10-05,1034
00931B,統一美債20年,50,0,50,土銀-嘉義,2023-10-05,1034
00720B,元大投資級公司債,50,0,50,土銀-嘉義,2023-10-05,1034
00680L,元大美債20正2,50,4,46,土銀-嘉義,2023-10-05,1034
1815,富喬,33,9,24,土銀-嘉義,2023-10-05,1034
00712,復華富時不動產,19,0,19,土銀-嘉義,2023-10-05,1034
00687B,國泰20年美債,19,0,19,土銀-嘉義,2023-10-05,1034
00679B,元大美債20年,16,0,16,土銀-嘉義,2023-10-05,1034
4417,金洲,16,0,16,土銀-嘉義,2023-10-05,1034
8054,安國,21,6,15,土銀-嘉義,2023-10-05,1034
2726,雅茗-KY,14,0,14,土銀-嘉義,2023-10-05,1034
3715,定穎投控,42,29,13,土銀-嘉義,2023-10-05,1034
1514,亞力,12,0,12,土銀-嘉義,2023-10-05,1034
2317,鴻海,12,0,12,土銀-嘉義,2023-10-05,1034
00637L,元大滬深300正2,10,0,10,土銀-嘉義,2023-10-05,1034
2801,彰銀,10,0,10,土銀-嘉義,2023-10-05,1034
3481,群創,10,0,10,土銀-嘉義,2023-10-05,1034
6275,元山,30,20,10,土銀-嘉義,2023-10-05,1034
8933,愛地雅,10,0,10,土銀-嘉義,2023-10-05,1034
1101,台泥,8,0,8,土銀-嘉義,2023-10-05,1034
2882,國泰金,8,0,8,土銀-嘉義,2023-10-05,1034
1522,堤維西,8,1,7,土銀-嘉義,2023-10-05,1034
2838,聯邦銀,7,0,7,土銀-嘉義,2023-10-05,1034
6695,芯鼎,7,0,7,土銀-嘉義,2023-10-05,1034
2002,中鋼,5,0,5,土銀-嘉義,2023-10-05,1034
00929,復華台灣科技優息,7,2,5,土銀-嘉義,2023-10-05,1034
00632R,元大台灣50反1,5,0,5,土銀-嘉義,2023-10-05,1034
2415,錩新,5,0,5,土銀-嘉義,2023-10-05,1034
2486,一詮,5,0,5,土銀-嘉義,2023-10-05,1034
2867,三商壽,5,0,5,土銀-嘉義,2023-10-05,1034
2884,玉山金,5,0,5,土銀-嘉義,2023-10-05,1034
3694,海華,5,0,5,土銀-嘉義,2023-10-05,1034
6139,亞翔,5,0,5,土銀-嘉義,2023-10-05,1034
6715,嘉基,5,0,5,土銀-嘉義,2023-10-05,1034
8147,正淩,5,0,5,土銀-嘉義,2023-10-05,1034
00715L,期街口布蘭特正2,24,20,4,土銀-嘉義,2023-10-05,1034
1215,卜蜂,4,0,4,土銀-嘉義,2023-10-05,1034
2892,第一金,4,0,4,土銀-嘉義,2023-10-05,1034
3006,晶豪科,6,2,4,土銀-嘉義,2023-10-05,1034
3689,湧德,4,0,4,土銀-嘉義,2023-10-05,1034
4564,元翎,5,1,4,土銀-嘉義,2023-10-05,1034
5488,松普,4,0,4,土銀-嘉義,2023-10-05,1034
6235,華孚,4,0,4,土銀-嘉義,2023-10-05,1034
8086,宏捷科,4,0,4,土銀-嘉義,2023-10-05,1034
8088,品安,6,2,4,土銀-嘉義,2023-10-05,1034
1519,華城,4,0,4,土銀-嘉義,2023-10-05,1034
4967,十銓,5,1,4,土銀-嘉義,2023-10-05,1034
3037,欣興,3,0,3,土銀-嘉義,2023-10-05,1034
1524,耿鼎,4,1,3,土銀-嘉義,2023-10-05,1034
2409,友達,99,0,99,土銀-嘉義,2023-10-06,1034
2002,中鋼,88,0,88,土銀-嘉義,2023-10-06,1034
00715L,期街口布蘭特正2,31,0,31,土銀-嘉義,2023-10-06,1034
2605,新興,37,7,30,土銀-嘉義,2023-10-06,1034
2883B,凱基金乙特,30,0,30,土銀-嘉義,2023-10-06,1034
00680L,元大美債20正2,27,0,27,土銀-嘉義,2023-10-06,1034
2610,華航,20,0,20,土銀-嘉義,2023-10-06,1034
3276,宇環,19,0,19,土銀-嘉義,2023-10-06,1034
2367,燿華,16,0,16,土銀-嘉義,2023-10-06,1034
4417,金洲,13,0,13,土銀-嘉義,2023-10-06,1034
2881,富邦金,10,0,10,土銀-嘉義,2023-10-06,1034
1324,地球,10,2,8,土銀-嘉義,2023-10-06,1034
2201,裕隆,8,0,8,土銀-嘉義,2023-10-06,1034
2353,宏��,8,0,8,土銀-嘉義,2023-10-06,1034
2883,凱基金,8,0,8,土銀-嘉義,2023-10-06,1034
2538,基泰,10,3,7,土銀-嘉義,2023-10-06,1034
2618,長榮航,7,0,7,土銀-嘉義,2023-10-06,1034
5272,笙科,7,1,6,土銀-嘉義,2023-10-06,1034
1524,耿鼎,6,0,6,土銀-嘉義,2023-10-06,1034
00893,國泰智能電動車,6,0,6,土銀-嘉義,2023-10-06,1034
2303,聯電,6,0,6,土銀-嘉義,2023-10-06,1034
2427,三商電,6,0,6,土銀-嘉義,2023-10-06,1034
00751B,元大AAA至A公司債,5,0,5,土銀-嘉義,2023-10-06,1034
2323,中環,5,0,5,土銀-嘉義,2023-10-06,1034
2329,華泰,9,4,5,土銀-嘉義,2023-10-06,1034
2882,國泰金,10,5,5,土銀-嘉義,2023-10-06,1034
3014,聯陽,6,1,5,土銀-嘉義,2023-10-06,1034
3481,群創,4,0,4,土銀-嘉義,2023-10-06,1034
1319,東陽,8,4,4,土銀-嘉義,2023-10-06,1034
2453,凌群,4,0,4,土銀-嘉義,2023-10-06,1034
2867,三商壽,4,0,4,土銀-嘉義,2023-10-06,1034
6282,康舒,4,0,4,土銀-嘉義,2023-10-06,1034
5880,合庫金,5,1,4,土銀-嘉義,2023-10-06,1034
00882,中信中國高股息,5,2,3,土銀-嘉義,2023-10-06,1034
00720B,元大投資級公司債,3,0,3,土銀-嘉義,2023-10-06,1034
1522,堤維西,4,1,3,土銀-嘉義,2023-10-06,1034
2615,萬海,4,1,3,土銀-嘉義,2023-10-06,1034
2727,王品,3,0,3,土銀-嘉義,2023-10-06,1034
3059,華晶科,3,0,3,土銀-嘉義,2023-10-06,1034
3264,欣銓,3,0,3,土銀-嘉義,2023-10-06,1034
3450,聯鈞,3,0,3,土銀-嘉義,2023-10-06,1034
4909,新復興,10,7,3,土銀-嘉義,2023-10-06,1034
6470,宇智,3,0,3,土銀-嘉義,2023-10-06,1034
6525,捷敏-KY,3,0,3,土銀-嘉義,2023-10-06,1034
8054,安國,13,10,3,土銀-嘉義,2023-10-06,1034
9933,中鼎,3,0,3,土銀-嘉義,2023-10-06,1034
6799,來頡,2,0,2,土銀-嘉義,2023-10-06,1034
1616,億泰,2,0,2,土銀-嘉義,2023-10-06,1034
1471,首利,2,0,2,土銀-嘉義,2023-10-06,1034
0056,元大高股息,2,0,2,土銀-嘉義,2023-10-06,1034
00680L,元大美債20正2,63,0,63,土銀-嘉義,2023-10-11,1034
2002,中鋼,54,2,52,土銀-嘉義,2023-10-11,1034
2845,遠東銀,52,0,52,土銀-嘉義,2023-10-11,1034
3231,緯創,55,9,46,土銀-嘉義,2023-10-11,1034
2353,宏��,29,3,26,土銀-嘉義,2023-10-11,1034
00929,復華台灣科技優息,20,4,16,土銀-嘉義,2023-10-11,1034
2382,廣達,15,2,13,土銀-嘉義,2023-10-11,1034
0056,元大高股息,13,0,13,土銀-嘉義,2023-10-11,1034
2609,陽明,44,31,13,土銀-嘉義,2023-10-11,1034
8358,金居,16,3,13,土銀-嘉義,2023-10-11,1034
00751B,元大AAA至A公司債,10,0,10,土銀-嘉義,2023-10-11,1034
2324,仁寶,11,1,10,土銀-嘉義,2023-10-11,1034
2356,英業達,7,0,7,土銀-嘉義,2023-10-11,1034
2603,長榮,8,1,7,土銀-嘉義,2023-10-11,1034
2605,新興,37,30,7,土銀-嘉義,2023-10-11,1034
4967,十銓,9,2,7,土銀-嘉義,2023-10-11,1034
3558,神準,6,0,6,土銀-嘉義,2023-10-11,1034
3715,定穎投控,45,39,6,土銀-嘉義,2023-10-11,1034
3006,晶豪科,12,6,6,土銀-嘉義,2023-10-11,1034
00717,富邦美國特別股,5,0,5,土銀-嘉義,2023-10-11,1034
00915,凱基優選高股息30,5,0,5,土銀-嘉義,2023-10-11,1034
1560,中砂,10,5,5,土銀-嘉義,2023-10-11,1034
1717,長興,5,0,5,土銀-嘉義,2023-10-11,1034
2402,毅嘉,5,0,5,土銀-嘉義,2023-10-11,1034
2468,華經,5,0,5,土銀-嘉義,2023-10-11,1034
2606,裕民,5,0,5,土銀-嘉義,2023-10-11,1034
2834,臺企銀,5,0,5,土銀-嘉義,2023-10-11,1034
2881,富邦金,5,0,5,土銀-嘉義,2023-10-11,1034
3014,聯陽,9,4,5,土銀-嘉義,2023-10-11,1034
4417,金洲,5,0,5,土銀-嘉義,2023-10-11,1034
4934,太極,5,0,5,土銀-嘉義,2023-10-11,1034
6275,元山,10,5,5,土銀-嘉義,2023-10-11,1034
6672,騰輝電子-KY,5,0,5,土銀-嘉義,2023-10-11,1034
2801,彰銀,6,1,5,土銀-嘉義,2023-10-11,1034
1720,生達,4,0,4,土銀-嘉義,2023-10-11,1034
1504,東元,4,0,4,土銀-嘉義,2023-10-11,1034
1522,堤維西,4,0,4,土銀-嘉義,2023-10-11,1034
1301,台塑,5,1,4,土銀-嘉義,2023-10-11,1034
2380,虹光,4,0,4,土銀-嘉義,2023-10-11,1034
2453,凌群,4,0,4,土銀-嘉義,2023-10-11,1034
2884,玉山金,5,1,4,土銀-嘉義,2023-10-11,1034
6190,萬泰科,4,0,4,土銀-嘉義,2023-10-11,1034
9938,百和,4,0,4,土銀-嘉義,2023-10-11,1034
2376,技嘉,19,16,3,土銀-嘉義,2023-10-11,1034
00679B,元大美債20年,3,0,3,土銀-嘉義,2023-10-11,1034
1201,味全,3,0,3,土銀-嘉義,2023-10-11,1034
2312,金寶,3,0,3,土銀-嘉義,2023-10-11,1034
2497,怡利電,3,0,3,土銀-嘉義,2023-10-11,1034
2726,雅茗-KY,3,0,3,土銀-嘉義,2023-10-11,1034
3078,僑威,3,0,3,土銀-嘉義,2023-10-11,1034
2845,遠東銀,201,0,201,土銀-嘉義,2023-10-12,1034
00679B,元大美債20年,140,0,140,土銀-嘉義,2023-10-12,1034
00687B,國泰20年美債,30,0,30,土銀-嘉義,2023-10-12,1034
00680L,元大美債20正2,20,0,20,土銀-嘉義,2023-10-12,1034
2317,鴻海,21,3,18,土銀-嘉義,2023-10-12,1034
2025,千興,10,0,10,土銀-嘉義,2023-10-12,1034
2374,佳能,10,0,10,土銀-嘉義,2023-10-12,1034
3094,聯傑,11,1,10,土銀-嘉義,2023-10-12,1034
2352,佳世達,8,0,8,土銀-嘉義,2023-10-12,1034
3715,定穎投控,40,32,8,土銀-嘉義,2023-10-12,1034
5203,訊連,7,0,7,土銀-嘉義,2023-10-12,1034
00888,永豐台灣ESG,6,0,6,土銀-嘉義,2023-10-12,1034
2356,英業達,7,1,6,土銀-嘉義,2023-10-12,1034
00788B,元大10年IG電能債,5,0,5,土銀-嘉義,2023-10-12,1034
2402,毅嘉,5,0,5,土銀-嘉義,2023-10-12,1034
2891,中信金,24,19,5,土銀-嘉義,2023-10-12,1034
3689,湧德,5,0,5,土銀-嘉義,2023-10-12,1034
5272,笙科,6,1,5,土銀-嘉義,2023-10-12,1034
8048,德勝,5,0,5,土銀-嘉義,2023-10-12,1034
2376,技嘉,5,1,4,土銀-嘉義,2023-10-12,1034
2468,華經,4,0,4,土銀-嘉義,2023-10-12,1034
5351,鈺創,4,0,4,土銀-嘉義,2023-10-12,1034
00715L,期街口布蘭特正2,3,0,3,土銀-嘉義,2023-10-12,1034
2387,精元,3,0,3,土銀-嘉義,2023-10-12,1034
2637,慧洋-KY,3,0,3,土銀-嘉義,2023-10-12,1034
2883,凱基金,4,1,3,土銀-嘉義,2023-10-12,1034
3036,文曄,3,0,3,土銀-嘉義,2023-10-12,1034
3044,健鼎,3,0,3,土銀-嘉義,2023-10-12,1034
3227,原相,3,0,3,土銀-嘉義,2023-10-12,1034
3308,聯德,3,0,3,土銀-嘉義,2023-10-12,1034
3694,海華,4,1,3,土銀-嘉義,2023-10-12,1034
6167,久正,3,0,3,土銀-嘉義,2023-10-12,1034
6235,華孚,3,0,3,土銀-嘉義,2023-10-12,1034
6274,台燿,5,2,3,土銀-嘉義,2023-10-12,1034
1519,華城,7,5,2,土銀-嘉義,2023-10-12,1034
1201,味全,2,0,2,土銀-嘉義,2023-10-12,1034
00916,國泰全球品牌50,2,0,2,土銀-嘉義,2023-10-12,1034
00893,國泰智能電動車,5,3,2,土銀-嘉義,2023-10-12,1034
00712,復華富時不動產,2,0,2,土銀-嘉義,2023-10-12,1034
2344,華邦電,15,13,2,土銀-嘉義,2023-10-12,1034
2354,鴻準,2,0,2,土銀-嘉義,2023-10-12,1034
2888,新光金,13,11,2,土銀-嘉義,2023-10-12,1034
3028,增你強,2,0,2,土銀-嘉義,2023-10-12,1034
3264,欣銓,2,0,2,土銀-嘉義,2023-10-12,1034
3491,昇達科,2,0,2,土銀-嘉義,2023-10-12,1034
3583,辛耘,9,7,2,土銀-嘉義,2023-10-12,1034
4916,事欣科,2,0,2,土銀-嘉義,2023-10-12,1034
5258,虹堡,2,0,2,土銀-嘉義,2023-10-12,1034
6156,松上,3,1,2,土銀-嘉義,2023-10-12,1034
6257,矽格,2,0,2,土銀-嘉義,2023-10-12,1034
1802,台玻,158,0,158,土銀-嘉義,2023-10-13,1034
00687B,國泰20年美債,35,0,35,土銀-嘉義,2023-10-13,1034
00679B,元大美債20年,35,0,35,土銀-嘉義,2023-10-13,1034
2610,華航,32,0,32,土銀-嘉義,2023-10-13,1034
3231,緯創,23,4,19,土銀-嘉義,2023-10-13,1034
2363,矽統,124,106,18,土銀-嘉義,2023-10-13,1034
2881,富邦金,16,0,16,土銀-嘉義,2023-10-13,1034
2206,三陽工業,17,2,15,土銀-嘉義,2023-10-13,1034
00637L,元大滬深300正2,12,1,11,土銀-嘉義,2023-10-13,1034
00751B,元大AAA至A公司債,10,0,10,土銀-嘉義,2023-10-13,1034
2356,英業達,13,3,10,土銀-嘉義,2023-10-13,1034
2618,長榮航,38,28,10,土銀-嘉義,2023-10-13,1034
2888,新光金,9,0,9,土銀-嘉義,2023-10-13,1034
3322,建舜電,8,0,8,土銀-嘉義,2023-10-13,1034
3037,欣興,7,0,7,土銀-嘉義,2023-10-13,1034
00919,群益台灣精選高息,6,0,6,土銀-嘉義,2023-10-13,1034
00893,國泰智能電動車,6,0,6,土銀-嘉義,2023-10-13,1034
2355,敬鵬,7,1,6,土銀-嘉義,2023-10-13,1034
6684,安格,6,0,6,土銀-嘉義,2023-10-13,1034
00720B,元大投資級公司債,5,0,5,土銀-嘉義,2023-10-13,1034
00715L,期街口布蘭特正2,5,0,5,土銀-嘉義,2023-10-13,1034
00788B,元大10年IG電能債,5,0,5,土銀-嘉義,2023-10-13,1034
1314,中石化,6,1,5,土銀-嘉義,2023-10-13,1034
2388,威盛,8,3,5,土銀-嘉義,2023-10-13,1034
2603,長榮,6,1,5,土銀-嘉義,2023-10-13,1034
3317,尼克森,5,0,5,土銀-嘉義,2023-10-13,1034
3362,先進光,5,0,5,土銀-嘉義,2023-10-13,1034
4934,太極,5,0,5,土銀-嘉義,2023-10-13,1034
6180,橘子,5,0,5,土銀-嘉義,2023-10-13,1034
2301,光寶科,9,4,5,土銀-嘉義,2023-10-13,1034
1303,南亞,4,0,4,土銀-嘉義,2023-10-13,1034
1905,華紙,9,5,4,土銀-嘉義,2023-10-13,1034
2420,新巨,4,0,4,土銀-嘉義,2023-10-13,1034
1580,新麥,3,0,3,土銀-嘉義,2023-10-13,1034
2408,南亞科,3,0,3,土銀-嘉義,2023-10-13,1034
2427,三商電,7,4,3,土銀-嘉義,2023-10-13,1034
2539,櫻花建,3,0,3,土銀-嘉義,2023-10-13,1034
2883,凱基金,3,0,3,土銀-嘉義,2023-10-13,1034
3450,聯鈞,11,8,3,土銀-嘉義,2023-10-13,1034
3530,晶相光,3,0,3,土銀-嘉義,2023-10-13,1034
3576,聯合再生,3,0,3,土銀-嘉義,2023-10-13,1034
3596,智易,3,0,3,土銀-嘉義,2023-10-13,1034
3708,上緯投控,3,0,3,土銀-嘉義,2023-10-13,1034
6274,台燿,3,0,3,土銀-嘉義,2023-10-13,1034
6275,元山,4,1,3,土銀-嘉義,2023-10-13,1034
8261,富鼎,3,0,3,土銀-嘉義,2023-10-13,1034
8358,金居,5,2,3,土銀-嘉義,2023-10-13,1034
9945,潤泰新,3,0,3,土銀-嘉義,2023-10-13,1034
8996,高力,2,0,2,土銀-嘉義,2023-10-13,1034
2382,廣達,17,15,2,土銀-嘉義,2023-10-13,1034
4960,誠美材,153,4,149,土銀-嘉義,2023-10-16,1034
2409,友達,43,0,43,土銀-嘉義,2023-10-16,1034
00900,富邦特選高股息30,41,0,41,土銀-嘉義,2023-10-16,1034
2002,中鋼,38,0,38,土銀-嘉義,2023-10-16,1034
2516,新建,36,0,36,土銀-嘉義,2023-10-16,1034
2344,華邦電,31,3,28,土銀-嘉義,2023-10-16,1034
1815,富喬,25,1,24,土銀-嘉義,2023-10-16,1034
00687B,國泰20年美債,20,0,20,土銀-嘉義,2023-10-16,1034
00679B,元大美債20年,20,0,20,土銀-嘉義,2023-10-16,1034
00891,中信關鍵半導體,20,0,20,土銀-嘉義,2023-10-16,1034
00929,復華台灣科技優息,17,0,17,土銀-嘉義,2023-10-16,1034
00878,國泰永續高股息,15,1,14,土銀-嘉義,2023-10-16,1034
2515,中工,20,7,13,土銀-嘉義,2023-10-16,1034
0056,元大高股息,17,5,12,土銀-嘉義,2023-10-16,1034
00720B,元大投資級公司債,12,0,12,土銀-嘉義,2023-10-16,1034
6770,力積電,29,17,12,土銀-嘉義,2023-10-16,1034
2317,鴻海,10,0,10,土銀-嘉義,2023-10-16,1034
2374,佳能,10,0,10,土銀-嘉義,2023-10-16,1034
2618,長榮航,25,15,10,土銀-嘉義,2023-10-16,1034
6719,力智,10,0,10,土銀-嘉義,2023-10-16,1034
1605,華新,8,0,8,土銀-嘉義,2023-10-16,1034
6244,茂迪,9,1,8,土銀-嘉義,2023-10-16,1034
3059,華晶科,7,0,7,土銀-嘉義,2023-10-16,1034
6173,信昌電,7,0,7,土銀-嘉義,2023-10-16,1034
00908,富邦入息REITs+,6,0,6,土銀-嘉義,2023-10-16,1034
2610,華航,6,0,6,土銀-嘉義,2023-10-16,1034
6285,啟��,6,0,6,土銀-嘉義,2023-10-16,1034
1301,台塑,5,0,5,土銀-嘉義,2023-10-16,1034
00893,國泰智能電動車,5,0,5,土銀-嘉義,2023-10-16,1034
00888,永豐台灣ESG,6,1,5,土銀-嘉義,2023-10-16,1034
2812,台中銀,5,0,5,土銀-嘉義,2023-10-16,1034
2888,新光金,5,0,5,土銀-嘉義,2023-10-16,1034
3260,威剛,5,0,5,土銀-嘉義,2023-10-16,1034
4714,永捷,5,0,5,土銀-嘉義,2023-10-16,1034
6111,大宇資,5,0,5,土銀-嘉義,2023-10-16,1034
6197,佳必琪,5,0,5,土銀-嘉義,2023-10-16,1034
6672,騰輝電子-KY,5,0,5,土銀-嘉義,2023-10-16,1034
9907,統一實,5,0,5,土銀-嘉義,2023-10-16,1034
00782B,國泰A級公用債,4,0,4,土銀-嘉義,2023-10-16,1034
2641,正德,4,0,4,土銀-嘉義,2023-10-16,1034
3483,力致,6,2,4,土銀-嘉義,2023-10-16,1034
6139,亞翔,4,0,4,土銀-嘉義,2023-10-16,1034
00717,富邦美國特別股,3,0,3,土銀-嘉義,2023-10-16,1034
00753L,中信中國50正2,3,0,3,土銀-嘉義,2023-10-16,1034
1460,宏遠,3,0,3,土銀-嘉義,2023-10-16,1034
1303,南亞,3,0,3,土銀-嘉義,2023-10-16,1034
2393,億光,3,0,3,土銀-嘉義,2023-10-16,1034
3006,晶豪科,4,1,3,土銀-嘉義,2023-10-16,1034
5388,中磊,3,0,3,土銀-嘉義,2023-10-16,1034
6275,元山,3,0,3,土銀-嘉義,2023-10-16,1034
2618,長榮航,121,6,115,土銀-嘉義,2023-10-17,1034
00637L,元大滬深300正2,68,15,53,土銀-嘉義,2023-10-17,1034
1712,興農,40,0,40,土銀-嘉義,2023-10-17,1034
00931B,統一美債20年,35,0,35,土銀-嘉義,2023-10-17,1034
00772B,中信高評級公司債,31,0,31,土銀-嘉義,2023-10-17,1034
00740B,富邦全球投等債,30,0,30,土銀-嘉義,2023-10-17,1034
2344,華邦電,35,12,23,土銀-嘉義,2023-10-17,1034
00878,國泰永續高股息,33,11,22,土銀-嘉義,2023-10-17,1034
0056,元大高股息,25,4,21,土銀-嘉義,2023-10-17,1034
00680L,元大美債20正2,20,0,20,土銀-嘉義,2023-10-17,1034
00929,復華台灣科技優息,27,8,19,土銀-嘉義,2023-10-17,1034
2002,中鋼,15,1,14,土銀-嘉義,2023-10-17,1034
2516,新建,16,3,13,土銀-嘉義,2023-10-17,1034
2303,聯電,36,23,13,土銀-嘉義,2023-10-17,1034
6284,佳邦,12,0,12,土銀-嘉義,2023-10-17,1034
2323,中環,11,0,11,土銀-嘉義,2023-10-17,1034
1324,地球,10,0,10,土銀-嘉義,2023-10-17,1034
2374,佳能,11,1,10,土銀-嘉義,2023-10-17,1034
2402,毅嘉,10,0,10,土銀-嘉義,2023-10-17,1034
2888,新光金,10,0,10,土銀-嘉義,2023-10-17,1034
2486,一詮,18,9,9,土銀-嘉義,2023-10-17,1034
4746,台耀,9,0,9,土銀-嘉義,2023-10-17,1034
6168,宏齊,17,8,9,土銀-嘉義,2023-10-17,1034
6244,茂迪,9,0,9,土銀-嘉義,2023-10-17,1034
1301,台塑,8,0,8,土銀-嘉義,2023-10-17,1034
1802,台玻,7,0,7,土銀-嘉義,2023-10-17,1034
2317,鴻海,8,1,7,土銀-嘉義,2023-10-17,1034
3491,昇達科,7,0,7,土銀-嘉義,2023-10-17,1034
3481,群創,11,5,6,土銀-嘉義,2023-10-17,1034
6530,創威,6,0,6,土銀-嘉義,2023-10-17,1034
3231,緯創,17,12,5,土銀-嘉義,2023-10-17,1034
00665L,富邦�琤肭磪囓�2,5,0,5,土銀-嘉義,2023-10-17,1034
00720B,元大投資級公司債,5,0,5,土銀-嘉義,2023-10-17,1034
00915,凱基優選高股息30,5,0,5,土銀-嘉義,2023-10-17,1034
2453,凌群,5,0,5,土銀-嘉義,2023-10-17,1034
2641,正德,5,0,5,土銀-嘉義,2023-10-17,1034
00908,富邦入息REITs+,4,0,4,土銀-嘉義,2023-10-17,1034
00782B,國泰A級公用債,4,0,4,土銀-嘉義,2023-10-17,1034
00753L,中信中國50正2,4,0,4,土銀-嘉義,2023-10-17,1034
1720,生達,4,0,4,土銀-嘉義,2023-10-17,1034
2376,技嘉,9,5,4,土銀-嘉義,2023-10-17,1034
3276,宇環,4,0,4,土銀-嘉義,2023-10-17,1034
3479,安勤,4,0,4,土銀-嘉義,2023-10-17,1034
2301,光寶科,9,6,3,土銀-嘉義,2023-10-17,1034
2308,台達電,3,0,3,土銀-嘉義,2023-10-17,1034
2353,宏��,3,0,3,土銀-嘉義,2023-10-17,1034
2539,櫻花建,3,0,3,土銀-嘉義,2023-10-17,1034
2610,華航,11,8,3,土銀-嘉義,2023-10-17,1034
2882,國泰金,3,0,3,土銀-嘉義,2023-10-17,1034
3059,華晶科,3,0,3,土銀-嘉義,2023-10-17,1034
4931,新盛力,100,0,100,土銀-嘉義,2023-10-18,1034
2618,長榮航,153,66,87,土銀-嘉義,2023-10-18,1034
00878,國泰永續高股息,81,0,81,土銀-嘉義,2023-10-18,1034
4960,誠美材,57,2,55,土銀-嘉義,2023-10-18,1034
00929,復華台灣科技優息,74,23,51,土銀-嘉義,2023-10-18,1034
0056,元大高股息,39,3,36,土銀-嘉義,2023-10-18,1034
3013,晟銘電,34,0,34,土銀-嘉義,2023-10-18,1034
00722B,群益投資級電信債,28,0,28,土銀-嘉義,2023-10-18,1034
00922,國泰台灣領袖50,23,0,23,土銀-嘉義,2023-10-18,1034
3588,通嘉,24,3,21,土銀-嘉義,2023-10-18,1034
2002,中鋼,22,2,20,土銀-嘉義,2023-10-18,1034
3062,建漢,20,0,20,土銀-嘉義,2023-10-18,1034
1101,台泥,18,0,18,土銀-嘉義,2023-10-18,1034
00679B,元大美債20年,15,0,15,土銀-嘉義,2023-10-18,1034
6770,力積電,15,0,15,土銀-嘉義,2023-10-18,1034
00687B,國泰20年美債,14,0,14,土銀-嘉義,2023-10-18,1034
6168,宏齊,41,27,14,土銀-嘉義,2023-10-18,1034
2342,茂矽,11,0,11,土銀-嘉義,2023-10-18,1034
2344,華邦電,11,0,11,土銀-嘉義,2023-10-18,1034
2610,華航,11,0,11,土銀-嘉義,2023-10-18,1034
00740B,富邦全球投等債,10,0,10,土銀-嘉義,2023-10-18,1034
2892,第一金,10,0,10,土銀-嘉義,2023-10-18,1034
00919,群益台灣精選高息,8,0,8,土銀-嘉義,2023-10-18,1034
00907,永豐優息存股,8,0,8,土銀-嘉義,2023-10-18,1034
1709,和益,7,0,7,土銀-嘉義,2023-10-18,1034
1319,東陽,7,0,7,土銀-嘉義,2023-10-18,1034
8054,安國,17,10,7,土銀-嘉義,2023-10-18,1034
1314,中石化,6,0,6,土銀-嘉義,2023-10-18,1034
2515,中工,8,2,6,土銀-嘉義,2023-10-18,1034
9910,豐泰,6,0,6,土銀-嘉義,2023-10-18,1034
00673R,期元大S＆P原油反1,5,0,5,土銀-嘉義,2023-10-18,1034
00720B,元大投資級公司債,5,0,5,土銀-嘉義,2023-10-18,1034
00932,兆豐永續高息等權,5,0,5,土銀-嘉義,2023-10-18,1034
1304,台聚,5,0,5,土銀-嘉義,2023-10-18,1034
2312,金寶,5,0,5,土銀-嘉義,2023-10-18,1034
3094,聯傑,8,3,5,土銀-嘉義,2023-10-18,1034
4746,台耀,5,0,5,土銀-嘉義,2023-10-18,1034
4916,事欣科,5,0,5,土銀-嘉義,2023-10-18,1034
1305,華夏,5,0,5,土銀-嘉義,2023-10-18,1034
3231,緯創,25,20,5,土銀-嘉義,2023-10-18,1034
1609,大亞,4,0,4,土銀-嘉義,2023-10-18,1034
2376,技嘉,4,0,4,土銀-嘉義,2023-10-18,1034
2421,建準,4,0,4,土銀-嘉義,2023-10-18,1034
2633,台灣高鐵,4,0,4,土銀-嘉義,2023-10-18,1034
2634,漢翔,5,1,4,土銀-嘉義,2023-10-18,1034
3479,安勤,4,0,4,土銀-嘉義,2023-10-18,1034
6213,聯茂,4,0,4,土銀-嘉義,2023-10-18,1034
1720,生達,4,0,4,土銀-嘉義,2023-10-18,1034
00772B,中信高評級公司債,3,0,3,土銀-嘉義,2023-10-18,1034
1580,新麥,3,0,3,土銀-嘉義,2023-10-18,1034
2845,遠東銀,150,0,150,土銀-嘉義,2023-10-19,1034
00933B,國泰10Y+金融債,85,0,85,土銀-嘉義,2023-10-19,1034
00637L,元大滬深300正2,93,22,71,土銀-嘉義,2023-10-19,1034
00878,國泰永續高股息,48,5,43,土銀-嘉義,2023-10-19,1034
00687B,國泰20年美債,39,1,38,土銀-嘉義,2023-10-19,1034
00929,復華台灣科技優息,33,0,33,土銀-嘉義,2023-10-19,1034
1712,興農,25,0,25,土銀-嘉義,2023-10-19,1034
0056,元大高股息,26,7,19,土銀-嘉義,2023-10-19,1034
2363,矽統,20,2,18,土銀-嘉義,2023-10-19,1034
1101,台泥,17,0,17,土銀-嘉義,2023-10-19,1034
2489,瑞軒,17,0,17,土銀-嘉義,2023-10-19,1034
3481,群創,17,0,17,土銀-嘉義,2023-10-19,1034
00931B,統一美債20年,16,0,16,土銀-嘉義,2023-10-19,1034
00680L,元大美債20正2,13,0,13,土銀-嘉義,2023-10-19,1034
3276,宇環,14,1,13,土銀-嘉義,2023-10-19,1034
3013,晟銘電,10,0,10,土銀-嘉義,2023-10-19,1034
00712,復華富時不動產,9,0,9,土銀-嘉義,2023-10-19,1034
00679B,元大美債20年,13,4,9,土銀-嘉義,2023-10-19,1034
00665L,富邦�琤肭磪囓�2,9,1,8,土銀-嘉義,2023-10-19,1034
2888,新光金,8,0,8,土銀-嘉義,2023-10-19,1034
4706,大恭,8,0,8,土銀-嘉義,2023-10-19,1034
8112,至上,9,1,8,土銀-嘉義,2023-10-19,1034
2409,友達,15,7,8,土銀-嘉義,2023-10-19,1034
1584,精剛,7,0,7,土銀-嘉義,2023-10-19,1034
2892,第一金,7,0,7,土銀-嘉義,2023-10-19,1034
2317,鴻海,7,1,6,土銀-嘉義,2023-10-19,1034
5521,工信,6,0,6,土銀-嘉義,2023-10-19,1034
2356,英業達,5,0,5,土銀-嘉義,2023-10-19,1034
2881,富邦金,5,0,5,土銀-嘉義,2023-10-19,1034
2882,國泰金,5,0,5,土銀-嘉義,2023-10-19,1034
2883B,凱基金乙特,5,0,5,土銀-嘉義,2023-10-19,1034
3231,緯創,29,24,5,土銀-嘉義,2023-10-19,1034
5607,遠雄港,5,0,5,土銀-嘉義,2023-10-19,1034
6168,宏齊,9,4,5,土銀-嘉義,2023-10-19,1034
6180,橘子,5,0,5,土銀-嘉義,2023-10-19,1034
2371,大同,4,0,4,土銀-嘉義,2023-10-19,1034
00893,國泰智能電動車,4,0,4,土銀-嘉義,2023-10-19,1034
1102,亞泥,4,0,4,土銀-嘉義,2023-10-19,1034
4906,正文,5,1,4,土銀-嘉義,2023-10-19,1034
2382,廣達,12,9,3,土銀-嘉義,2023-10-19,1034
2388,威盛,6,3,3,土銀-嘉義,2023-10-19,1034
2641,正德,3,0,3,土銀-嘉義,2023-10-19,1034
2801,彰銀,3,0,3,土銀-嘉義,2023-10-19,1034
4417,金洲,3,0,3,土銀-嘉義,2023-10-19,1034
6235,華孚,3,0,3,土銀-嘉義,2023-10-19,1034
6244,茂迪,3,0,3,土銀-嘉義,2023-10-19,1034
6901,鑽石投資,3,0,3,土銀-嘉義,2023-10-19,1034
2301,光寶科,4,2,2,土銀-嘉義,2023-10-19,1034
1525,江申,2,0,2,土銀-嘉義,2023-10-19,1034
1504,東元,2,0,2,土銀-嘉義,2023-10-19,1034
1217,愛之味,300,0,300,土銀-嘉義,2023-10-20,1034
00722B,群益投資級電信債,33,0,33,土銀-嘉義,2023-10-20,1034
00772B,中信高評級公司債,30,0,30,土銀-嘉義,2023-10-20,1034
4931,新盛力,30,0,30,土銀-嘉義,2023-10-20,1034
00679B,元大美債20年,29,0,29,土銀-嘉義,2023-10-20,1034
00878,國泰永續高股息,37,10,27,土銀-嘉義,2023-10-20,1034
00687B,國泰20年美債,22,0,22,土銀-嘉義,2023-10-20,1034
2888,新光金,31,9,22,土銀-嘉義,2023-10-20,1034
2002,中鋼,23,3,20,土銀-嘉義,2023-10-20,1034
00712,復華富時不動產,19,0,19,土銀-嘉義,2023-10-20,1034
2884,玉山金,17,0,17,土銀-嘉義,2023-10-20,1034
2883,凱基金,15,0,15,土銀-嘉義,2023-10-20,1034
1101,台泥,15,2,13,土銀-嘉義,2023-10-20,1034
5272,笙科,13,1,12,土銀-嘉義,2023-10-20,1034
1701,中化,11,0,11,土銀-嘉義,2023-10-20,1034
2889,國票金,12,1,11,土銀-嘉義,2023-10-20,1034
2892,第一金,11,0,11,土銀-嘉義,2023-10-20,1034
2393,億光,10,0,10,土銀-嘉義,2023-10-20,1034
3032,偉訓,10,0,10,土銀-嘉義,2023-10-20,1034
3041,揚智,18,8,10,土銀-嘉義,2023-10-20,1034
3338,泰碩,10,0,10,土銀-嘉義,2023-10-20,1034
0056,元大高股息,9,0,9,土銀-嘉義,2023-10-20,1034
1802,台玻,10,1,9,土銀-嘉義,2023-10-20,1034
6770,力積電,9,0,9,土銀-嘉義,2023-10-20,1034
2610,華航,15,7,8,土銀-嘉義,2023-10-20,1034
3013,晟銘電,10,2,8,土銀-嘉義,2023-10-20,1034
3059,華晶科,10,3,7,土銀-嘉義,2023-10-20,1034
2881,富邦金,7,0,7,土銀-嘉義,2023-10-20,1034
1605,華新,6,0,6,土銀-嘉義,2023-10-20,1034
2812,台中銀,6,0,6,土銀-嘉義,2023-10-20,1034
3715,定穎投控,33,27,6,土銀-嘉義,2023-10-20,1034
4306,炎洲,6,0,6,土銀-嘉義,2023-10-20,1034
6901,鑽石投資,7,1,6,土銀-嘉義,2023-10-20,1034
8027,鈦昇,5,0,5,土銀-嘉義,2023-10-20,1034
00919,群益台灣精選高息,5,0,5,土銀-嘉義,2023-10-20,1034
2104,國際中橡,5,0,5,土銀-嘉義,2023-10-20,1034
2401,凌陽,8,3,5,土銀-嘉義,2023-10-20,1034
2438,翔耀,5,0,5,土銀-嘉義,2023-10-20,1034
2605,新興,71,66,5,土銀-嘉義,2023-10-20,1034
2801,彰銀,105,100,5,土銀-嘉義,2023-10-20,1034
3062,建漢,5,0,5,土銀-嘉義,2023-10-20,1034
3206,志豐,5,0,5,土銀-嘉義,2023-10-20,1034
4417,金洲,5,0,5,土銀-嘉義,2023-10-20,1034
4934,太極,5,0,5,土銀-嘉義,2023-10-20,1034
1102,亞泥,4,0,4,土銀-嘉義,2023-10-20,1034
2402,毅嘉,4,0,4,土銀-嘉義,2023-10-20,1034
2882,國泰金,4,0,4,土銀-嘉義,2023-10-20,1034
3025,星通,21,17,4,土銀-嘉義,2023-10-20,1034
3029,零壹,4,0,4,土銀-嘉義,2023-10-20,1034
8054,安國,14,10,4,土銀-嘉義,2023-10-20,1034
2317,鴻海,57,4,53,土銀-嘉義,2023-10-23,1034
2618,長榮航,164,119,45,土銀-嘉義,2023-10-23,1034
00665L,富邦�琤肭磪囓�2,36,0,36,土銀-嘉義,2023-10-23,1034
00878,國泰永續高股息,31,0,31,土銀-嘉義,2023-10-23,1034
00635U,期元大S＆P黃金,30,0,30,土銀-嘉義,2023-10-23,1034
1303,南亞,20,0,20,土銀-嘉義,2023-10-23,1034
6208,日揚,20,0,20,土銀-嘉義,2023-10-23,1034
6770,力積電,30,12,18,土銀-嘉義,2023-10-23,1034
2401,凌陽,14,1,13,土銀-嘉義,2023-10-23,1034
5009,榮剛,11,0,11,土銀-嘉義,2023-10-23,1034
0056,元大高股息,10,0,10,土銀-嘉義,2023-10-23,1034
00712,復華富時不動產,10,0,10,土銀-嘉義,2023-10-23,1034
1711,永光,11,1,10,土銀-嘉義,2023-10-23,1034
3481,群創,10,0,10,土銀-嘉義,2023-10-23,1034
4714,永捷,10,0,10,土銀-嘉義,2023-10-23,1034
6187,萬潤,10,0,10,土銀-嘉義,2023-10-23,1034
3062,建漢,9,0,9,土銀-嘉義,2023-10-23,1034
00687B,國泰20年美債,8,0,8,土銀-嘉義,2023-10-23,1034
00929,復華台灣科技優息,8,0,8,土銀-嘉義,2023-10-23,1034
2103,台橡,7,0,7,土銀-嘉義,2023-10-23,1034
00751B,元大AAA至A公司債,6,0,6,土銀-嘉義,2023-10-23,1034
00900,富邦特選高股息30,6,0,6,土銀-嘉義,2023-10-23,1034
2412,中華電,6,0,6,土銀-嘉義,2023-10-23,1034
2891,中信金,6,0,6,土銀-嘉義,2023-10-23,1034
3231,緯創,25,19,6,土銀-嘉義,2023-10-23,1034
1219,福壽,5,0,5,土銀-嘉義,2023-10-23,1034
2344,華邦電,5,0,5,土銀-嘉義,2023-10-23,1034
2438,翔耀,5,0,5,土銀-嘉義,2023-10-23,1034
2504,國產,5,0,5,土銀-嘉義,2023-10-23,1034
2883,凱基金,5,0,5,土銀-嘉義,2023-10-23,1034
2883B,凱基金乙特,5,0,5,土銀-嘉義,2023-10-23,1034
1467,南緯,4,0,4,土銀-嘉義,2023-10-23,1034
1324,地球,9,5,4,土銀-嘉義,2023-10-23,1034
1102,亞泥,4,0,4,土銀-嘉義,2023-10-23,1034
1101,台泥,4,0,4,土銀-嘉義,2023-10-23,1034
2305,全友,24,20,4,土銀-嘉義,2023-10-23,1034
2354,鴻準,4,0,4,土銀-嘉義,2023-10-23,1034
2402,毅嘉,5,1,4,土銀-嘉義,2023-10-23,1034
2731,雄獅,4,0,4,土銀-嘉義,2023-10-23,1034
2881,富邦金,4,0,4,土銀-嘉義,2023-10-23,1034
3260,威剛,5,1,4,土銀-嘉義,2023-10-23,1034
4944,兆遠,4,0,4,土銀-嘉義,2023-10-23,1034
6684,安格,14,10,4,土銀-嘉義,2023-10-23,1034
00902,中信電池及儲能,3,0,3,土銀-嘉義,2023-10-23,1034
00919,群益台灣精選高息,3,0,3,土銀-嘉義,2023-10-23,1034
2017,官田鋼,3,0,3,土銀-嘉義,2023-10-23,1034
2882,國泰金,3,0,3,土銀-嘉義,2023-10-23,1034
2892,第一金,3,0,3,土銀-嘉義,2023-10-23,1034
3019,亞光,3,0,3,土銀-嘉義,2023-10-23,1034
3040,遠見,3,0,3,土銀-嘉義,2023-10-23,1034
00680L,元大美債20正2,101,2,99,土銀-嘉義,2023-10-24,1034
2618,長榮航,118,44,74,土銀-嘉義,2023-10-24,1034
2883,凱基金,60,1,59,土銀-嘉義,2023-10-24,1034
00720B,元大投資級公司債,50,0,50,土銀-嘉義,2023-10-24,1034
00830,國泰費城半導體,50,0,50,土銀-嘉義,2023-10-24,1034
2317,鴻海,59,14,45,土銀-嘉義,2023-10-24,1034
4157,太景*-KY,20,0,20,土銀-嘉義,2023-10-24,1034
00929,復華台灣科技優息,19,1,18,土銀-嘉義,2023-10-24,1034
00712,復華富時不動產,15,0,15,土銀-嘉義,2023-10-24,1034
0056,元大高股息,15,0,15,土銀-嘉義,2023-10-24,1034
2888,新光金,15,0,15,土銀-嘉義,2023-10-24,1034
5272,笙科,16,1,15,土銀-嘉義,2023-10-24,1034
2891,中信金,14,1,13,土銀-嘉義,2023-10-24,1034
2369,菱生,57,44,13,土銀-嘉義,2023-10-24,1034
1301,台塑,12,0,12,土銀-嘉義,2023-10-24,1034
2543,皇昌,12,0,12,土銀-嘉義,2023-10-24,1034
4167,松瑞藥,10,0,10,土銀-嘉義,2023-10-24,1034
2816,旺旺保,9,0,9,土銀-嘉義,2023-10-24,1034
1701,中化,8,0,8,土銀-嘉義,2023-10-24,1034
3481,群創,12,4,8,土銀-嘉義,2023-10-24,1034
3715,定穎投控,16,10,6,土銀-嘉義,2023-10-24,1034
2438,翔耀,6,0,6,土銀-嘉義,2023-10-24,1034
2449,京元電子,6,0,6,土銀-嘉義,2023-10-24,1034
3260,威剛,8,2,6,土銀-嘉義,2023-10-24,1034
00665L,富邦�琤肭磪囓�2,6,1,5,土銀-嘉義,2023-10-24,1034
2408,南亞科,5,0,5,土銀-嘉義,2023-10-24,1034
3014,聯陽,5,0,5,土銀-嘉義,2023-10-24,1034
3090,日電貿,5,0,5,土銀-嘉義,2023-10-24,1034
1216,統一,4,0,4,土銀-嘉義,2023-10-24,1034
2104,國際中橡,4,0,4,土銀-嘉義,2023-10-24,1034
3231,緯創,32,28,4,土銀-嘉義,2023-10-24,1034
3704,合勤控,8,4,4,土銀-嘉義,2023-10-24,1034
8054,安國,26,22,4,土銀-嘉義,2023-10-24,1034
1303,南亞,3,0,3,土銀-嘉義,2023-10-24,1034
1727,中華化,3,0,3,土銀-嘉義,2023-10-24,1034
1722,台肥,3,0,3,土銀-嘉義,2023-10-24,1034
2353,宏��,3,0,3,土銀-嘉義,2023-10-24,1034
2801,彰銀,3,0,3,土銀-嘉義,2023-10-24,1034
2812,台中銀,3,0,3,土銀-嘉義,2023-10-24,1034
2892,第一金,3,0,3,土銀-嘉義,2023-10-24,1034
3037,欣興,3,0,3,土銀-嘉義,2023-10-24,1034
3051,力特,5,2,3,土銀-嘉義,2023-10-24,1034
3706,神達,4,1,3,土銀-嘉義,2023-10-24,1034
4417,金洲,3,0,3,土銀-嘉義,2023-10-24,1034
5871,中租-KY,3,0,3,土銀-嘉義,2023-10-24,1034
6191,精成科,4,1,3,土銀-嘉義,2023-10-24,1034
00679B,元大美債20年,2,0,2,土銀-嘉義,2023-10-24,1034
00724B,群益投資級金融債,2,0,2,土銀-嘉義,2023-10-24,1034
00882,中信中國高股息,2,0,2,土銀-嘉義,2023-10-24,1034
1324,地球,2,0,2,土銀-嘉義,2023-10-24,1034
2883,凱基金,150,0,150,土銀-嘉義,2023-10-25,1034
2812,台中銀,115,0,115,土銀-嘉義,2023-10-25,1034
00929,復華台灣科技優息,85,13,72,土銀-嘉義,2023-10-25,1034
00878,國泰永續高股息,51,9,42,土銀-嘉義,2023-10-25,1034
3041,揚智,56,16,40,土銀-嘉義,2023-10-25,1034
2913,農林,28,0,28,土銀-嘉義,2023-10-25,1034
2618,長榮航,28,2,26,土銀-嘉義,2023-10-25,1034
2337,旺宏,23,2,21,土銀-嘉義,2023-10-25,1034
1524,耿鼎,27,9,18,土銀-嘉義,2023-10-25,1034
2303,聯電,19,7,12,土銀-嘉義,2023-10-25,1034
1301,台塑,12,0,12,土銀-嘉義,2023-10-25,1034
00933B,國泰10Y+金融債,10,0,10,土銀-嘉義,2023-10-25,1034
00679B,元大美債20年,10,0,10,土銀-嘉義,2023-10-25,1034
2208,台船,10,0,10,土銀-嘉義,2023-10-25,1034
2438,翔耀,10,0,10,土銀-嘉義,2023-10-25,1034
0056,元大高股息,8,0,8,土銀-嘉義,2023-10-25,1034
1324,地球,8,1,7,土銀-嘉義,2023-10-25,1034
00712,復華富時不動產,7,0,7,土銀-嘉義,2023-10-25,1034
2305,全友,7,0,7,土銀-嘉義,2023-10-25,1034
2405,輔信,11,4,7,土銀-嘉義,2023-10-25,1034
2610,華航,7,0,7,土銀-嘉義,2023-10-25,1034
6109,亞元,7,0,7,土銀-嘉義,2023-10-25,1034
2104,國際中橡,6,0,6,土銀-嘉義,2023-10-25,1034
2313,華通,7,1,6,土銀-嘉義,2023-10-25,1034
2399,映泰,8,2,6,土銀-嘉義,2023-10-25,1034
8110,華東,6,0,6,土銀-嘉義,2023-10-25,1034
8150,南茂,19,13,6,土銀-嘉義,2023-10-25,1034
00830,國泰費城半導體,5,0,5,土銀-嘉義,2023-10-25,1034
2393,億光,5,0,5,土銀-嘉義,2023-10-25,1034
2888,新光金,5,0,5,土銀-嘉義,2023-10-25,1034
3363,上詮,5,0,5,土銀-嘉義,2023-10-25,1034
3535,晶彩科,5,0,5,土銀-嘉義,2023-10-25,1034
5258,虹堡,17,12,5,土銀-嘉義,2023-10-25,1034
00715L,期街口布蘭特正2,4,0,4,土銀-嘉義,2023-10-25,1034
4944,兆遠,4,0,4,土銀-嘉義,2023-10-25,1034
5426,振發,4,0,4,土銀-嘉義,2023-10-25,1034
8048,德勝,4,0,4,土銀-嘉義,2023-10-25,1034
8086,宏捷科,4,0,4,土銀-嘉義,2023-10-25,1034
8112,至上,5,1,4,土銀-嘉義,2023-10-25,1034
1618,合機,6,3,3,土銀-嘉義,2023-10-25,1034
1319,東陽,3,0,3,土銀-嘉義,2023-10-25,1034
2344,華邦電,3,0,3,土銀-嘉義,2023-10-25,1034
2412,中華電,3,0,3,土銀-嘉義,2023-10-25,1034
3006,晶豪科,3,0,3,土銀-嘉義,2023-10-25,1034
3078,僑威,10,7,3,土銀-嘉義,2023-10-25,1034
3694,海華,3,0,3,土銀-嘉義,2023-10-25,1034
4960,誠美材,3,0,3,土銀-嘉義,2023-10-25,1034
5465,富驊,3,0,3,土銀-嘉義,2023-10-25,1034
6168,宏齊,4,1,3,土銀-嘉義,2023-10-25,1034
6579,研揚,3,0,3,土銀-嘉義,2023-10-25,1034
00929,復華台灣科技優息,50,10,40,土銀-嘉義,2023-10-26,1034
2369,菱生,34,2,32,土銀-嘉義,2023-10-26,1034
0056,元大高股息,20,0,20,土銀-嘉義,2023-10-26,1034
2884,玉山金,20,0,20,土銀-嘉義,2023-10-26,1034
5531,鄉林,20,0,20,土銀-嘉義,2023-10-26,1034
00919,群益台灣精選高息,19,0,19,土銀-嘉義,2023-10-26,1034
00878,國泰永續高股息,24,5,19,土銀-嘉義,2023-10-26,1034
6257,矽格,19,0,19,土銀-嘉義,2023-10-26,1034
2344,華邦電,20,4,16,土銀-嘉義,2023-10-26,1034
2303,聯電,17,1,16,土銀-嘉義,2023-10-26,1034
2317,鴻海,15,0,15,土銀-嘉義,2023-10-26,1034
2002,中鋼,16,1,15,土銀-嘉義,2023-10-26,1034
00712,復華富時不動產,15,0,15,土銀-嘉義,2023-10-26,1034
2882,國泰金,15,0,15,土銀-嘉義,2023-10-26,1034
4162,智擎,15,1,14,土銀-嘉義,2023-10-26,1034
2618,長榮航,56,44,12,土銀-嘉義,2023-10-26,1034
8039,台虹,11,0,11,土銀-嘉義,2023-10-26,1034
00635U,期元大S＆P黃金,10,0,10,土銀-嘉義,2023-10-26,1034
2201,裕隆,10,0,10,土銀-嘉義,2023-10-26,1034
2543,皇昌,10,0,10,土銀-嘉義,2023-10-26,1034
00687B,國泰20年美債,9,0,9,土銀-嘉義,2023-10-26,1034
2401,凌陽,12,3,9,土銀-嘉義,2023-10-26,1034
2610,華航,10,1,9,土銀-嘉義,2023-10-26,1034
1101,台泥,9,1,8,土銀-嘉義,2023-10-26,1034
00720B,元大投資級公司債,8,0,8,土銀-嘉義,2023-10-26,1034
2449,京元電子,12,4,8,土銀-嘉義,2023-10-26,1034
1514,亞力,7,0,7,土銀-嘉義,2023-10-26,1034
00830,國泰費城半導體,7,0,7,土銀-嘉義,2023-10-26,1034
2633,台灣高鐵,7,0,7,土銀-嘉義,2023-10-26,1034
3059,華晶科,6,0,6,土銀-嘉義,2023-10-26,1034
3450,聯鈞,9,3,6,土銀-嘉義,2023-10-26,1034
1303,南亞,5,0,5,土銀-嘉義,2023-10-26,1034
1305,華夏,5,0,5,土銀-嘉義,2023-10-26,1034
00933B,國泰10Y+金融債,5,0,5,土銀-嘉義,2023-10-26,1034
2305,全友,5,0,5,土銀-嘉義,2023-10-26,1034
3376,新日興,5,0,5,土銀-嘉義,2023-10-26,1034
3535,晶彩科,5,0,5,土銀-嘉義,2023-10-26,1034
4167,松瑞藥,11,6,5,土銀-嘉義,2023-10-26,1034
6113,亞矽,10,5,5,土銀-嘉義,2023-10-26,1034
00680L,元大美債20正2,4,0,4,土銀-嘉義,2023-10-26,1034
2330,台積電,4,0,4,土銀-嘉義,2023-10-26,1034
2382,廣達,9,5,4,土銀-嘉義,2023-10-26,1034
2408,南亞科,4,0,4,土銀-嘉義,2023-10-26,1034
3209,全科,4,0,4,土銀-嘉義,2023-10-26,1034
8085,福華,4,0,4,土銀-嘉義,2023-10-26,1034
8358,金居,6,2,4,土銀-嘉義,2023-10-26,1034
2888,新光金,4,0,4,土銀-嘉義,2023-10-26,1034
2376,技嘉,5,2,3,土銀-嘉義,2023-10-26,1034
0050,元大台灣50,3,0,3,土銀-嘉義,2023-10-26,1034
2457,飛宏,3,0,3,土銀-嘉義,2023-10-26,1034
00676R,富邦臺灣加權反1,330,0,330,土銀-嘉義,2023-10-27,1034
2409,友達,209,0,209,土銀-嘉義,2023-10-27,1034
00929,復華台灣科技優息,49,0,49,土銀-嘉義,2023-10-27,1034
2883,凱基金,35,0,35,土銀-嘉義,2023-10-27,1034
2303,聯電,32,0,32,土銀-嘉義,2023-10-27,1034
2337,旺宏,22,0,22,土銀-嘉義,2023-10-27,1034
2449,京元電子,18,2,16,土銀-嘉義,2023-10-27,1034
2002,中鋼,14,0,14,土銀-嘉義,2023-10-27,1034
00710B,復華彭博非投等債,12,0,12,土銀-嘉義,2023-10-27,1034
00885,富邦越南,12,0,12,土銀-嘉義,2023-10-27,1034
8936,國統,11,0,11,土銀-嘉義,2023-10-27,1034
4167,松瑞藥,18,10,8,土銀-嘉義,2023-10-27,1034
2329,華泰,8,1,7,土銀-嘉義,2023-10-27,1034
2344,華邦電,9,2,7,土銀-嘉義,2023-10-27,1034
3694,海華,7,0,7,土銀-嘉義,2023-10-27,1034
00878,國泰永續高股息,11,5,6,土銀-嘉義,2023-10-27,1034
3041,揚智,6,0,6,土銀-嘉義,2023-10-27,1034
4916,事欣科,6,0,6,土銀-嘉義,2023-10-27,1034
5465,富驊,6,0,6,土銀-嘉義,2023-10-27,1034
1101,台泥,5,0,5,土銀-嘉義,2023-10-27,1034
1303,南亞,5,0,5,土銀-嘉義,2023-10-27,1034
2633,台灣高鐵,5,0,5,土銀-嘉義,2023-10-27,1034
2736,富野,5,0,5,土銀-嘉義,2023-10-27,1034
4123,晟德,5,0,5,土銀-嘉義,2023-10-27,1034
00712,復華富時不動產,5,0,5,土銀-嘉義,2023-10-27,1034
2353,宏��,4,0,4,土銀-嘉義,2023-10-27,1034
2393,億光,4,0,4,土銀-嘉義,2023-10-27,1034
2408,南亞科,6,2,4,土銀-嘉義,2023-10-27,1034
3081,聯亞,3,0,3,土銀-嘉義,2023-10-27,1034
3363,上詮,3,0,3,土銀-嘉義,2023-10-27,1034
3714,富采,3,0,3,土銀-嘉義,2023-10-27,1034
5483,中美晶,3,0,3,土銀-嘉義,2023-10-27,1034
6156,松上,3,0,3,土銀-嘉義,2023-10-27,1034
8104,錸寶,3,0,3,土銀-嘉義,2023-10-27,1034
1229,聯華,2,0,2,土銀-嘉義,2023-10-27,1034
1734,杏輝,3,1,2,土銀-嘉義,2023-10-27,1034
2324,仁寶,3,1,2,土銀-嘉義,2023-10-27,1034
2390,云辰,3,1,2,土銀-嘉義,2023-10-27,1034
2610,華航,12,10,2,土銀-嘉義,2023-10-27,1034
3078,僑威,2,0,2,土銀-嘉義,2023-10-27,1034
3162,精確,4,2,2,土銀-嘉義,2023-10-27,1034
3260,威剛,13,11,2,土銀-嘉義,2023-10-27,1034
3706,神達,2,0,2,土銀-嘉義,2023-10-27,1034
4960,誠美材,2,0,2,土銀-嘉義,2023-10-27,1034
6133,金橋,2,0,2,土銀-嘉義,2023-10-27,1034
6531,愛普*,2,0,2,土銀-嘉義,2023-10-27,1034
6533,晶心科,2,0,2,土銀-嘉義,2023-10-27,1034
6550,北極星藥業-KY,2,0,2,土銀-嘉義,2023-10-27,1034
8028,昇陽半導體,2,0,2,土銀-嘉義,2023-10-27,1034
8940,新天地,2,0,2,土銀-嘉義,2023-10-27,1034
2867,三商壽,50,0,50,土銀-嘉義,2023-10-30,1034
2303,聯電,31,2,29,土銀-嘉義,2023-10-30,1034
00712,復華富時不動產,28,0,28,土銀-嘉義,2023-10-30,1034
2317,鴻海,38,10,28,土銀-嘉義,2023-10-30,1034
00665L,富邦�琤肭磪囓�2,20,0,20,土銀-嘉義,2023-10-30,1034
2888,新光金,20,0,20,土銀-嘉義,2023-10-30,1034
1524,耿鼎,20,1,19,土銀-嘉義,2023-10-30,1034
00720B,元大投資級公司債,18,0,18,土銀-嘉義,2023-10-30,1034
2610,華航,17,0,17,土銀-嘉義,2023-10-30,1034
3576,聯合再生,18,4,14,土銀-嘉義,2023-10-30,1034
2889,國票金,22,10,12,土銀-嘉義,2023-10-30,1034
2618,長榮航,71,60,11,土銀-嘉義,2023-10-30,1034
00751B,元大AAA至A公司債,10,0,10,土銀-嘉義,2023-10-30,1034
2449,京元電子,10,0,10,土銀-嘉義,2023-10-30,1034
00933B,國泰10Y+金融債,10,1,9,土銀-嘉義,2023-10-30,1034
00900,富邦特選高股息30,7,0,7,土銀-嘉義,2023-10-30,1034
1303,南亞,6,0,6,土銀-嘉義,2023-10-30,1034
2419,仲琦,12,6,6,土銀-嘉義,2023-10-30,1034
3231,緯創,13,8,5,土銀-嘉義,2023-10-30,1034
2390,云辰,6,1,5,土銀-嘉義,2023-10-30,1034
4162,智擎,7,2,5,土銀-嘉義,2023-10-30,1034
6443,元晶,5,0,5,土銀-嘉義,2023-10-30,1034
6715,嘉基,5,0,5,土銀-嘉義,2023-10-30,1034
1519,華城,4,0,4,土銀-嘉義,2023-10-30,1034
00878,國泰永續高股息,6,2,4,土銀-嘉義,2023-10-30,1034
1709,和益,4,0,4,土銀-嘉義,2023-10-30,1034
2401,凌陽,5,1,4,土銀-嘉義,2023-10-30,1034
2485,兆赫,7,3,4,土銀-嘉義,2023-10-30,1034
2630,亞航,4,0,4,土銀-嘉義,2023-10-30,1034
2887,台新金,4,0,4,土銀-嘉義,2023-10-30,1034
4916,事欣科,4,0,4,土銀-嘉義,2023-10-30,1034
2301,光寶科,5,2,3,土銀-嘉義,2023-10-30,1034
2376,技嘉,8,5,3,土銀-嘉義,2023-10-30,1034
2606,裕民,3,0,3,土銀-嘉義,2023-10-30,1034
3081,聯亞,3,0,3,土銀-嘉義,2023-10-30,1034
3711,日月光投控,3,0,3,土銀-嘉義,2023-10-30,1034
3715,定穎投控,19,16,3,土銀-嘉義,2023-10-30,1034
6550,北極星藥業-KY,5,2,3,土銀-嘉義,2023-10-30,1034
9945,潤泰新,3,0,3,土銀-嘉義,2023-10-30,1034
2363,矽統,3,0,3,土銀-嘉義,2023-10-30,1034
0050,元大台灣50,2,0,2,土銀-嘉義,2023-10-30,1034
2330,台積電,3,1,2,土銀-嘉義,2023-10-30,1034
1604,聲寶,2,0,2,土銀-嘉義,2023-10-30,1034
00725B,國泰投資級公司債,2,0,2,土銀-嘉義,2023-10-30,1034
006208,富邦台50,2,0,2,土銀-嘉義,2023-10-30,1034
2312,金寶,2,0,2,土銀-嘉義,2023-10-30,1034
2316,楠梓電,2,0,2,土銀-嘉義,2023-10-30,1034
2356,英業達,13,11,2,土銀-嘉義,2023-10-30,1034
2457,飛宏,2,0,2,土銀-嘉義,2023-10-30,1034
4728,雙美,2,0,2,土銀-嘉義,2023-10-30,1034
00692,富邦公司治理,61,0,61,土銀-嘉義,2023-10-31,1034
3576,聯合再生,37,5,32,土銀-嘉義,2023-10-31,1034
00712,復華富時不動產,32,0,32,土銀-嘉義,2023-10-31,1034
2605,新興,41,15,26,土銀-嘉義,2023-10-31,1034
6243,迅杰,20,0,20,土銀-嘉義,2023-10-31,1034
3714,富采,20,3,17,土銀-嘉義,2023-10-31,1034
00878,國泰永續高股息,20,4,16,土銀-嘉義,2023-10-31,1034
0056,元大高股息,15,0,15,土銀-嘉義,2023-10-31,1034
1504,東元,15,2,13,土銀-嘉義,2023-10-31,1034
3260,威剛,13,1,12,土銀-嘉義,2023-10-31,1034
9950,萬國通,11,0,11,土銀-嘉義,2023-10-31,1034
5272,笙科,16,5,11,土銀-嘉義,2023-10-31,1034
2382,廣達,20,10,10,土銀-嘉義,2023-10-31,1034
00753L,中信中國50正2,10,0,10,土銀-嘉義,2023-10-31,1034
2374,佳能,10,0,10,土銀-嘉義,2023-10-31,1034
4155,訊映,10,0,10,土銀-嘉義,2023-10-31,1034
2449,京元電子,10,2,8,土銀-嘉義,2023-10-31,1034
3231,緯創,12,4,8,土銀-嘉義,2023-10-31,1034
3484,崧騰,7,0,7,土銀-嘉義,2023-10-31,1034
2406,國碩,6,0,6,土銀-嘉義,2023-10-31,1034
2888,新光金,6,0,6,土銀-嘉義,2023-10-31,1034
8110,華東,7,1,6,土銀-嘉義,2023-10-31,1034
00923,群益台ESG低碳50,5,0,5,土銀-嘉義,2023-10-31,1034
00751B,元大AAA至A公司債,5,0,5,土銀-嘉義,2023-10-31,1034
00715L,期街口布蘭特正2,5,0,5,土銀-嘉義,2023-10-31,1034
00932,兆豐永續高息等權,5,0,5,土銀-嘉義,2023-10-31,1034
1785,光洋科,5,0,5,土銀-嘉義,2023-10-31,1034
2303,聯電,8,3,5,土銀-嘉義,2023-10-31,1034
2390,云辰,7,2,5,土銀-嘉義,2023-10-31,1034
2405,輔信,5,0,5,土銀-嘉義,2023-10-31,1034
2438,翔耀,5,0,5,土銀-嘉義,2023-10-31,1034
2834,臺企銀,5,0,5,土銀-嘉義,2023-10-31,1034
5371,中光電,5,0,5,土銀-嘉義,2023-10-31,1034
6126,信音,7,2,5,土銀-嘉義,2023-10-31,1034
8155,博智,5,0,5,土銀-嘉義,2023-10-31,1034
1605,華新,6,2,4,土銀-嘉義,2023-10-31,1034
1324,地球,4,0,4,土銀-嘉義,2023-10-31,1034
2020,美亞,4,0,4,土銀-嘉義,2023-10-31,1034
2393,億光,4,0,4,土銀-嘉義,2023-10-31,1034
4162,智擎,4,0,4,土銀-嘉義,2023-10-31,1034
4960,誠美材,5,1,4,土銀-嘉義,2023-10-31,1034
6168,宏齊,4,0,4,土銀-嘉義,2023-10-31,1034
9945,潤泰新,4,0,4,土銀-嘉義,2023-10-31,1034
2887,台新金,3,0,3,土銀-嘉義,2023-10-31,1034
2301,光寶科,12,9,3,土銀-嘉義,2023-10-31,1034
00929,復華台灣科技優息,14,11,3,土銀-嘉義,2023-10-31,1034
2002,中鋼,3,0,3,土銀-嘉義,2023-10-31,1034
2324,仁寶,3,0,3,土銀-嘉義,2023-10-31,1034
2485,兆赫,3,0,3,土銀-嘉義,2023-10-31,1034
2891,中信金,3,0,3,土銀-嘉義,2023-10-31,1034
2812,台中銀,115,0,115,土銀-嘉義,2023-11-01,1034
00687B,國泰20年美債,34,0,34,土銀-嘉義,2023-11-01,1034
3481,群創,28,1,27,土銀-嘉義,2023-11-01,1034
2618,長榮航,120,96,24,土銀-嘉義,2023-11-01,1034
3041,揚智,24,1,23,土銀-嘉義,2023-11-01,1034
00878,國泰永續高股息,22,0,22,土銀-嘉義,2023-11-01,1034
00934,中信成長高股息,21,0,21,土銀-嘉義,2023-11-01,1034
3715,定穎投控,44,24,20,土銀-嘉義,2023-11-01,1034
2409,友達,18,0,18,土銀-嘉義,2023-11-01,1034
3714,富采,15,0,15,土銀-嘉義,2023-11-01,1034
00935,野村臺灣新科技50,10,0,10,土銀-嘉義,2023-11-01,1034
2408,南亞科,10,0,10,土銀-嘉義,2023-11-01,1034
3013,晟銘電,15,5,10,土銀-嘉義,2023-11-01,1034
2610,華航,61,52,9,土銀-嘉義,2023-11-01,1034
8110,華東,9,0,9,土銀-嘉義,2023-11-01,1034
2002,中鋼,8,0,8,土銀-嘉義,2023-11-01,1034
00753L,中信中國50正2,8,0,8,土銀-嘉義,2023-11-01,1034
2609,陽明,7,0,7,土銀-嘉義,2023-11-01,1034
3059,華晶科,8,1,7,土銀-嘉義,2023-11-01,1034
1101,台泥,6,0,6,土銀-嘉義,2023-11-01,1034
2406,國碩,6,0,6,土銀-嘉義,2023-11-01,1034
1524,耿鼎,7,2,5,土銀-嘉義,2023-11-01,1034
006205,富邦上証,5,0,5,土銀-嘉義,2023-11-01,1034
00715L,期街口布蘭特正2,5,0,5,土銀-嘉義,2023-11-01,1034
4566,時碩工業,5,0,5,土銀-嘉義,2023-11-01,1034
6770,力積電,5,0,5,土銀-嘉義,2023-11-01,1034
2317,鴻海,4,0,4,土銀-嘉義,2023-11-01,1034
3576,聯合再生,4,0,4,土銀-嘉義,2023-11-01,1034
5215,科嘉-KY,4,0,4,土銀-嘉義,2023-11-01,1034
00885,富邦越南,3,0,3,土銀-嘉義,2023-11-01,1034
0056,元大高股息,3,0,3,土銀-嘉義,2023-11-01,1034
00680L,元大美債20正2,3,0,3,土銀-嘉義,2023-11-01,1034
2401,凌陽,8,5,3,土銀-嘉義,2023-11-01,1034
4581,光隆精密-KY,3,0,3,土銀-嘉義,2023-11-01,1034
4927,泰鼎-KY,3,0,3,土銀-嘉義,2023-11-01,1034
4763,材料-KY,2,0,2,土銀-嘉義,2023-11-01,1034
2330,台積電,2,0,2,土銀-嘉義,2023-11-01,1034
1301,台塑,2,0,2,土銀-嘉義,2023-11-01,1034
1464,得力,2,0,2,土銀-嘉義,2023-11-01,1034
00679B,元大美債20年,2,0,2,土銀-嘉義,2023-11-01,1034
00637L,元大滬深300正2,15,13,2,土銀-嘉義,2023-11-01,1034
00922,國泰台灣領袖50,2,0,2,土銀-嘉義,2023-11-01,1034
2353,宏��,3,1,2,土銀-嘉義,2023-11-01,1034
2354,鴻準,2,0,2,土銀-嘉義,2023-11-01,1034
2883,凱基金,2,0,2,土銀-嘉義,2023-11-01,1034
2887,台新金,2,0,2,土銀-嘉義,2023-11-01,1034
3287,廣寰科,2,0,2,土銀-嘉義,2023-11-01,1034
4915,致伸,2,0,2,土銀-嘉義,2023-11-01,1034
5211,蒙恬,2,0,2,土銀-嘉義,2023-11-01,1034
5272,笙科,13,11,2,土銀-嘉義,2023-11-01,1034
2618,長榮航,146,7,139,土銀-嘉義,2023-11-02,1034
2883,凱基金,100,26,74,土銀-嘉義,2023-11-02,1034
2501,國建,40,0,40,土銀-嘉義,2023-11-02,1034
6770,力積電,26,0,26,土銀-嘉義,2023-11-02,1034
2610,華航,67,49,18,土銀-嘉義,2023-11-02,1034
6164,華興,18,0,18,土銀-嘉義,2023-11-02,1034
3094,聯傑,21,5,16,土銀-嘉義,2023-11-02,1034
5258,虹堡,14,0,14,土銀-嘉義,2023-11-02,1034
0056,元大高股息,13,0,13,土銀-嘉義,2023-11-02,1034
2399,映泰,12,0,12,土銀-嘉義,2023-11-02,1034
00885,富邦越南,11,0,11,土銀-嘉義,2023-11-02,1034
3363,上詮,10,0,10,土銀-嘉義,2023-11-02,1034
3714,富采,10,4,6,土銀-嘉義,2023-11-02,1034
2736,富野,5,0,5,土銀-嘉義,2023-11-02,1034
3450,聯鈞,5,0,5,土銀-嘉義,2023-11-02,1034
3481,群創,12,7,5,土銀-嘉義,2023-11-02,1034
4167,松瑞藥,22,17,5,土銀-嘉義,2023-11-02,1034
2363,矽統,8,4,4,土銀-嘉義,2023-11-02,1034
1314,中石化,4,0,4,土銀-嘉義,2023-11-02,1034
3041,揚智,7,3,4,土銀-嘉義,2023-11-02,1034
4162,智擎,7,3,4,土銀-嘉義,2023-11-02,1034
00919,群益台灣精選高息,3,0,3,土銀-嘉義,2023-11-02,1034
00715L,期街口布蘭特正2,3,0,3,土銀-嘉義,2023-11-02,1034
00712,復華富時不動產,3,0,3,土銀-嘉義,2023-11-02,1034
00680L,元大美債20正2,6,3,3,土銀-嘉義,2023-11-02,1034
1580,新麥,3,0,3,土銀-嘉義,2023-11-02,1034
2428,興勤,3,0,3,土銀-嘉義,2023-11-02,1034
2543,皇昌,3,0,3,土銀-嘉義,2023-11-02,1034
2719,燦星旅,3,0,3,土銀-嘉義,2023-11-02,1034
3213,茂訊,3,0,3,土銀-嘉義,2023-11-02,1034
4915,致伸,3,0,3,土銀-嘉義,2023-11-02,1034
9928,中視,3,0,3,土銀-嘉義,2023-11-02,1034
1584,精剛,2,0,2,土銀-嘉義,2023-11-02,1034
1785,光洋科,2,0,2,土銀-嘉義,2023-11-02,1034
2006,東和鋼鐵,2,0,2,土銀-嘉義,2023-11-02,1034
2014,中鴻,2,0,2,土銀-嘉義,2023-11-02,1034
2340,台亞,3,1,2,土銀-嘉義,2023-11-02,1034
2369,菱生,4,2,2,土銀-嘉義,2023-11-02,1034
2376,技嘉,7,5,2,土銀-嘉義,2023-11-02,1034
3105,穩懋,2,0,2,土銀-嘉義,2023-11-02,1034
3380,明泰,5,3,2,土銀-嘉義,2023-11-02,1034
4916,事欣科,2,0,2,土銀-嘉義,2023-11-02,1034
6117,迎廣,2,0,2,土銀-嘉義,2023-11-02,1034
6592,和潤企業,2,0,2,土銀-嘉義,2023-11-02,1034
8112,至上,2,0,2,土銀-嘉義,2023-11-02,1034
3034,聯詠,3,1,2,土銀-嘉義,2023-11-02,1034
8996,高力,1,0,1,土銀-嘉義,2023-11-02,1034
1905,華紙,1,0,1,土銀-嘉義,2023-11-02,1034
00902,中信電池及儲能,1,0,1,土銀-嘉義,2023-11-02,1034
00706L,期元大S＆P日圓正2,1,0,1,土銀-嘉義,2023-11-02,1034
00934,中信成長高股息,100,0,100,土銀-嘉義,2023-11-03,1034
2417,圓剛,40,1,39,土銀-嘉義,2023-11-03,1034
00929,復華台灣科技優息,27,0,27,土銀-嘉義,2023-11-03,1034
00882,中信中國高股息,21,0,21,土銀-嘉義,2023-11-03,1034
4157,太景*-KY,20,0,20,土銀-嘉義,2023-11-03,1034
2530,華建,18,0,18,土銀-嘉義,2023-11-03,1034
2363,矽統,29,11,18,土銀-嘉義,2023-11-03,1034
00772B,中信高評級公司債,149,136,13,土銀-嘉義,2023-11-03,1034
00679B,元大美債20年,13,0,13,土銀-嘉義,2023-11-03,1034
3041,揚智,13,0,13,土銀-嘉義,2023-11-03,1034
3213,茂訊,13,1,12,土銀-嘉義,2023-11-03,1034
2313,華通,19,8,11,土銀-嘉義,2023-11-03,1034
00632R,元大台灣50反1,10,0,10,土銀-嘉義,2023-11-03,1034
00921,兆豐龍頭等權重,10,0,10,土銀-嘉義,2023-11-03,1034
2208,台船,10,0,10,土銀-嘉義,2023-11-03,1034
4960,誠美材,10,0,10,土銀-嘉義,2023-11-03,1034
6243,迅杰,17,7,10,土銀-嘉義,2023-11-03,1034
6284,佳邦,10,0,10,土銀-嘉義,2023-11-03,1034
8088,品安,11,2,9,土銀-嘉義,2023-11-03,1034
00893,國泰智能電動車,8,0,8,土銀-嘉義,2023-11-03,1034
2498,宏達電,10,2,8,土銀-嘉義,2023-11-03,1034
6168,宏齊,7,0,7,土銀-嘉義,2023-11-03,1034
00720B,元大投資級公司債,7,1,6,土銀-嘉義,2023-11-03,1034
00637L,元大滬深300正2,7,1,6,土銀-嘉義,2023-11-03,1034
1815,富喬,13,7,6,土銀-嘉義,2023-11-03,1034
2376,技嘉,18,12,6,土銀-嘉義,2023-11-03,1034
3694,海華,6,0,6,土銀-嘉義,2023-11-03,1034
4916,事欣科,6,0,6,土銀-嘉義,2023-11-03,1034
8150,南茂,6,0,6,土銀-嘉義,2023-11-03,1034
2317,鴻海,6,1,5,土銀-嘉義,2023-11-03,1034
2393,億光,5,0,5,土銀-嘉義,2023-11-03,1034
3228,金麗科,5,0,5,土銀-嘉義,2023-11-03,1034
4566,時碩工業,5,0,5,土銀-嘉義,2023-11-03,1034
2458,義隆,7,2,5,土銀-嘉義,2023-11-03,1034
00633L,富邦上証正2,4,0,4,土銀-嘉義,2023-11-03,1034
2382,廣達,6,2,4,土銀-嘉義,2023-11-03,1034
2421,建準,4,0,4,土銀-嘉義,2023-11-03,1034
8171,天宇,4,0,4,土銀-嘉義,2023-11-03,1034
00919,群益台灣精選高息,3,0,3,土銀-嘉義,2023-11-03,1034
00935,野村臺灣新科技50,3,0,3,土銀-嘉義,2023-11-03,1034
2736,富野,3,0,3,土銀-嘉義,2023-11-03,1034
3105,穩懋,4,1,3,土銀-嘉義,2023-11-03,1034
8086,宏捷科,4,1,3,土銀-嘉義,2023-11-03,1034
6285,啟��,6,4,2,土銀-嘉義,2023-11-03,1034
1449,佳和,2,0,2,土銀-嘉義,2023-11-03,1034
00923,群益台ESG低碳50,2,0,2,土銀-嘉義,2023-11-03,1034
0056,元大高股息,2,0,2,土銀-嘉義,2023-11-03,1034
00751B,元大AAA至A公司債,2,0,2,土銀-嘉義,2023-11-03,1034
2105,正新,2,0,2,土銀-嘉義,2023-11-03,1034
2337,旺宏,2,0,2,土銀-嘉義,2023-11-03,1034
00772B,中信高評級公司債,149,0,149,土銀-嘉義,2023-11-06,1034
2618,長榮航,156,7,149,土銀-嘉義,2023-11-06,1034
00934,中信成長高股息,81,0,81,土銀-嘉義,2023-11-06,1034
1721,三晃,35,0,35,土銀-嘉義,2023-11-06,1034
00935,野村臺灣新科技50,30,0,30,土銀-嘉義,2023-11-06,1034
6243,迅杰,29,13,16,土銀-嘉義,2023-11-06,1034
00715L,期街口布蘭特正2,15,0,15,土銀-嘉義,2023-11-06,1034
3322,建舜電,14,0,14,土銀-嘉義,2023-11-06,1034
2303,聯電,18,5,13,土銀-嘉義,2023-11-06,1034
3260,威剛,13,0,13,土銀-嘉義,2023-11-06,1034
00900,富邦特選高股息30,11,1,10,土銀-嘉義,2023-11-06,1034
00632R,元大台灣50反1,10,0,10,土銀-嘉義,2023-11-06,1034
2884,玉山金,10,1,9,土銀-嘉義,2023-11-06,1034
0056,元大高股息,13,6,7,土銀-嘉義,2023-11-06,1034
00893,國泰智能電動車,15,8,7,土銀-嘉義,2023-11-06,1034
00902,中信電池及儲能,7,0,7,土銀-嘉義,2023-11-06,1034
3231,緯創,15,9,6,土銀-嘉義,2023-11-06,1034
2408,南亞科,7,1,6,土銀-嘉義,2023-11-06,1034
3013,晟銘電,6,0,6,土銀-嘉義,2023-11-06,1034
3105,穩懋,8,2,6,土銀-嘉義,2023-11-06,1034
6770,力積電,20,14,6,土銀-嘉義,2023-11-06,1034
2363,矽統,13,8,5,土銀-嘉義,2023-11-06,1034
2388,威盛,30,25,5,土銀-嘉義,2023-11-06,1034
2409,友達,6,1,5,土銀-嘉義,2023-11-06,1034
3189,景碩,5,0,5,土銀-嘉義,2023-11-06,1034
6116,彩晶,5,0,5,土銀-嘉義,2023-11-06,1034
00919,群益台灣精選高息,4,0,4,土銀-嘉義,2023-11-06,1034
2337,旺宏,5,1,4,土銀-嘉義,2023-11-06,1034
2393,億光,5,1,4,土銀-嘉義,2023-11-06,1034
2883,凱基金,7,3,4,土銀-嘉義,2023-11-06,1034
6156,松上,4,0,4,土銀-嘉義,2023-11-06,1034
6139,亞翔,7,3,4,土銀-嘉義,2023-11-06,1034
2313,華通,3,0,3,土銀-嘉義,2023-11-06,1034
2314,台揚,3,0,3,土銀-嘉義,2023-11-06,1034
2390,云辰,4,1,3,土銀-嘉義,2023-11-06,1034
3029,零壹,5,2,3,土銀-嘉義,2023-11-06,1034
3308,聯德,3,0,3,土銀-嘉義,2023-11-06,1034
3714,富采,3,0,3,土銀-嘉義,2023-11-06,1034
5210,寶碩,3,0,3,土銀-嘉義,2023-11-06,1034
6578,達邦蛋白,3,0,3,土銀-嘉義,2023-11-06,1034
6901,鑽石投資,3,0,3,土銀-嘉義,2023-11-06,1034
8415,大國鋼,3,0,3,土銀-嘉義,2023-11-06,1034
00724B,群益投資級金融債,4,2,2,土銀-嘉義,2023-11-06,1034
1582,信錦,2,0,2,土銀-嘉義,2023-11-06,1034
1319,東陽,2,0,2,土銀-嘉義,2023-11-06,1034
00933B,國泰10Y+金融債,2,0,2,土銀-嘉義,2023-11-06,1034
2006,東和鋼鐵,2,0,2,土銀-嘉義,2023-11-06,1034
2059,川湖,2,0,2,土銀-嘉義,2023-11-06,1034
2428,興勤,2,0,2,土銀-嘉義,2023-11-06,1034
2484,希華,2,0,2,土銀-嘉義,2023-11-06,1034
00929,復華台灣科技優息,106,35,71,土銀-嘉義,2023-11-07,1034
00934,中信成長高股息,50,0,50,土銀-嘉義,2023-11-07,1034
4960,誠美材,50,0,50,土銀-嘉義,2023-11-07,1034
1217,愛之味,30,0,30,土銀-嘉義,2023-11-07,1034
2337,旺宏,30,0,30,土銀-嘉義,2023-11-07,1034
4931,新盛力,30,0,30,土銀-嘉義,2023-11-07,1034
3715,定穎投控,21,1,20,土銀-嘉義,2023-11-07,1034
1514,亞力,20,0,20,土銀-嘉義,2023-11-07,1034
1815,富喬,21,6,15,土銀-嘉義,2023-11-07,1034
1513,中興電,13,0,13,土銀-嘉義,2023-11-07,1034
2702,華園,13,0,13,土銀-嘉義,2023-11-07,1034
00878,國泰永續高股息,12,0,12,土銀-嘉義,2023-11-07,1034
2105,正新,15,3,12,土銀-嘉義,2023-11-07,1034
6185,幃翔,15,3,12,土銀-嘉義,2023-11-07,1034
00715L,期街口布蘭特正2,10,0,10,土銀-嘉義,2023-11-07,1034
2745,五福,10,0,10,土銀-嘉義,2023-11-07,1034
4533,協易機,12,2,10,土銀-嘉義,2023-11-07,1034
2340,台亞,11,3,8,土銀-嘉義,2023-11-07,1034
2363,矽統,10,2,8,土銀-嘉義,2023-11-07,1034
00935,野村臺灣新科技50,7,0,7,土銀-嘉義,2023-11-07,1034
2344,華邦電,7,0,7,土銀-嘉義,2023-11-07,1034
2371,大同,7,0,7,土銀-嘉義,2023-11-07,1034
2382,廣達,7,1,6,土銀-嘉義,2023-11-07,1034
2368,金像電,6,0,6,土銀-嘉義,2023-11-07,1034
6173,信昌電,6,0,6,土銀-嘉義,2023-11-07,1034
6695,芯鼎,6,0,6,土銀-嘉義,2023-11-07,1034
1477,聚陽,5,0,5,土銀-嘉義,2023-11-07,1034
1324,地球,5,0,5,土銀-嘉義,2023-11-07,1034
1319,東陽,5,0,5,土銀-嘉義,2023-11-07,1034
00885,富邦越南,5,0,5,土銀-嘉義,2023-11-07,1034
00881,國泰台灣5G+,5,0,5,土銀-嘉義,2023-11-07,1034
2305,全友,5,0,5,土銀-嘉義,2023-11-07,1034
2451,創見,5,0,5,土銀-嘉義,2023-11-07,1034
2610,華航,15,10,5,土銀-嘉義,2023-11-07,1034
2888,新光金,5,0,5,土銀-嘉義,2023-11-07,1034
6133,金橋,5,0,5,土銀-嘉義,2023-11-07,1034
8110,華東,5,0,5,土銀-嘉義,2023-11-07,1034
00637L,元大滬深300正2,6,2,4,土銀-嘉義,2023-11-07,1034
2884,玉山金,4,0,4,土銀-嘉義,2023-11-07,1034
3228,金麗科,4,0,4,土銀-嘉義,2023-11-07,1034
2002,中鋼,8,5,3,土銀-嘉義,2023-11-07,1034
2317,鴻海,7,4,3,土銀-嘉義,2023-11-07,1034
2609,陽明,3,0,3,土銀-嘉義,2023-11-07,1034
2634,漢翔,3,0,3,土銀-嘉義,2023-11-07,1034
2867,三商壽,3,0,3,土銀-嘉義,2023-11-07,1034
3037,欣興,4,1,3,土銀-嘉義,2023-11-07,1034
4417,金洲,3,0,3,土銀-嘉義,2023-11-07,1034
00891,中信關鍵半導體,2,0,2,土銀-嘉義,2023-11-07,1034
1303,南亞,2,0,2,土銀-嘉義,2023-11-07,1034
1301,台塑,2,0,2,土銀-嘉義,2023-11-07,1034
2618,長榮航,148,89,59,土銀-嘉義,2023-11-08,1034
00936,台新永續高息中小,37,0,37,土銀-嘉義,2023-11-08,1034
00929,復華台灣科技優息,46,17,29,土銀-嘉義,2023-11-08,1034
2303,聯電,28,0,28,土銀-嘉義,2023-11-08,1034
2355,敬鵬,21,0,21,土銀-嘉義,2023-11-08,1034
00931B,統一美債20年,20,0,20,土銀-嘉義,2023-11-08,1034
3260,威剛,15,0,15,土銀-嘉義,2023-11-08,1034
4167,松瑞藥,17,2,15,土銀-嘉義,2023-11-08,1034
00679B,元大美債20年,12,0,12,土銀-嘉義,2023-11-08,1034
2609,陽明,11,0,11,土銀-嘉義,2023-11-08,1034
00688L,國泰20年美債正2,10,0,10,土銀-嘉義,2023-11-08,1034
00772B,中信高評級公司債,10,0,10,土銀-嘉義,2023-11-08,1034
2495,普安,10,0,10,土銀-嘉義,2023-11-08,1034
00882,中信中國高股息,8,0,8,土銀-嘉義,2023-11-08,1034
1789,神隆,8,0,8,土銀-嘉義,2023-11-08,1034
2605,新興,8,0,8,土銀-嘉義,2023-11-08,1034
00921,兆豐龍頭等權重,10,3,7,土銀-嘉義,2023-11-08,1034
00665L,富邦�琤肭磪囓�2,7,0,7,土銀-嘉義,2023-11-08,1034
2702,華園,7,0,7,土銀-嘉義,2023-11-08,1034
4162,智擎,8,1,7,土銀-嘉義,2023-11-08,1034
2356,英業達,9,3,6,土銀-嘉義,2023-11-08,1034
00715L,期街口布蘭特正2,5,0,5,土銀-嘉義,2023-11-08,1034
1815,富喬,105,100,5,土銀-嘉義,2023-11-08,1034
2427,三商電,6,1,5,土銀-嘉義,2023-11-08,1034
2610,華航,6,1,5,土銀-嘉義,2023-11-08,1034
3694,海華,5,0,5,土銀-嘉義,2023-11-08,1034
6173,信昌電,5,0,5,土銀-嘉義,2023-11-08,1034
2206,三陽工業,4,0,4,土銀-嘉義,2023-11-08,1034
2412,中華電,4,0,4,土銀-嘉義,2023-11-08,1034
3014,聯陽,6,2,4,土銀-嘉義,2023-11-08,1034
3346,麗清,4,0,4,土銀-嘉義,2023-11-08,1034
1303,南亞,3,0,3,土銀-嘉義,2023-11-08,1034
00680L,元大美債20正2,3,0,3,土銀-嘉義,2023-11-08,1034
00724B,群益投資級金融債,3,0,3,土銀-嘉義,2023-11-08,1034
1504,東元,3,0,3,土銀-嘉義,2023-11-08,1034
1568,倉佑,3,0,3,土銀-嘉義,2023-11-08,1034
2352,佳世達,3,0,3,土銀-嘉義,2023-11-08,1034
2353,宏��,6,3,3,土銀-嘉義,2023-11-08,1034
2369,菱生,3,0,3,土銀-嘉義,2023-11-08,1034
2421,建準,4,1,3,土銀-嘉義,2023-11-08,1034
2736,富野,4,1,3,土銀-嘉義,2023-11-08,1034
3522,御嵿,3,0,3,土銀-嘉義,2023-11-08,1034
6156,松上,3,0,3,土銀-嘉義,2023-11-08,1034
8131,福懋科,3,0,3,土銀-嘉義,2023-11-08,1034
2454,聯發科,3,1,2,土銀-嘉義,2023-11-08,1034
3034,聯詠,3,1,2,土銀-嘉義,2023-11-08,1034
1519,華城,4,2,2,土銀-嘉義,2023-11-08,1034
1712,興農,2,0,2,土銀-嘉義,2023-11-08,1034
2006,東和鋼鐵,2,0,2,土銀-嘉義,2023-11-08,1034
2313,華通,3,1,2,土銀-嘉義,2023-11-08,1034
00687B,國泰20年美債,110,9,101,土銀-嘉義,2023-11-09,1034
00936,台新永續高息中小,59,5,54,土銀-嘉義,2023-11-09,1034
4931,新盛力,50,0,50,土銀-嘉義,2023-11-09,1034
00931B,統一美債20年,21,0,21,土銀-嘉義,2023-11-09,1034
1324,地球,14,0,14,土銀-嘉義,2023-11-09,1034
1314,中石化,11,0,11,土銀-嘉義,2023-11-09,1034
1434,福懋,10,0,10,土銀-嘉義,2023-11-09,1034
00751B,元大AAA至A公司債,10,0,10,土銀-嘉義,2023-11-09,1034
00632R,元大台灣50反1,10,0,10,土銀-嘉義,2023-11-09,1034
00715L,期街口布蘭特正2,10,0,10,土銀-嘉義,2023-11-09,1034
9950,萬國通,10,0,10,土銀-嘉義,2023-11-09,1034
3176,基亞,9,1,8,土銀-嘉義,2023-11-09,1034
1815,富喬,9,2,7,土銀-嘉義,2023-11-09,1034
2002,中鋼,7,0,7,土銀-嘉義,2023-11-09,1034
3484,崧騰,7,0,7,土銀-嘉義,2023-11-09,1034
00680L,元大美債20正2,6,0,6,土銀-嘉義,2023-11-09,1034
3346,麗清,6,0,6,土銀-嘉義,2023-11-09,1034
1712,興農,5,0,5,土銀-嘉義,2023-11-09,1034
00679B,元大美債20年,7,2,5,土銀-嘉義,2023-11-09,1034
00724B,群益投資級金融債,5,0,5,土銀-嘉義,2023-11-09,1034
00788B,元大10年IG電能債,5,0,5,土銀-嘉義,2023-11-09,1034
1449,佳和,5,0,5,土銀-嘉義,2023-11-09,1034
2605,新興,7,2,5,土銀-嘉義,2023-11-09,1034
2609,陽明,5,0,5,土銀-嘉義,2023-11-09,1034
5347,世界,5,0,5,土銀-嘉義,2023-11-09,1034
6112,邁達特,5,0,5,土銀-嘉義,2023-11-09,1034
6120,達運,5,0,5,土銀-嘉義,2023-11-09,1034
3231,緯創,8,4,4,土銀-嘉義,2023-11-09,1034
2027,大成鋼,4,0,4,土銀-嘉義,2023-11-09,1034
3260,威剛,4,0,4,土銀-嘉義,2023-11-09,1034
6285,啟��,12,8,4,土銀-嘉義,2023-11-09,1034
6485,點序,4,0,4,土銀-嘉義,2023-11-09,1034
6243,迅杰,6,3,3,土銀-嘉義,2023-11-09,1034
00929,復華台灣科技優息,28,25,3,土銀-嘉義,2023-11-09,1034
2206,三陽工業,5,2,3,土銀-嘉義,2023-11-09,1034
2340,台亞,3,0,3,土銀-嘉義,2023-11-09,1034
3338,泰碩,3,0,3,土銀-嘉義,2023-11-09,1034
3622,洋華,3,0,3,土銀-嘉義,2023-11-09,1034
3704,合勤控,3,0,3,土銀-嘉義,2023-11-09,1034
3715,定穎投控,3,0,3,土銀-嘉義,2023-11-09,1034
4417,金洲,3,0,3,土銀-嘉義,2023-11-09,1034
8048,德勝,3,0,3,土銀-嘉義,2023-11-09,1034
1525,江申,2,0,2,土銀-嘉義,2023-11-09,1034
1604,聲寶,2,0,2,土銀-嘉義,2023-11-09,1034
1795,美時,3,1,2,土銀-嘉義,2023-11-09,1034
2303,聯電,16,14,2,土銀-嘉義,2023-11-09,1034
2349,錸德,2,0,2,土銀-嘉義,2023-11-09,1034
2356,英業達,2,0,2,土銀-嘉義,2023-11-09,1034
2364,倫飛,2,0,2,土銀-嘉義,2023-11-09,1034
2633,台灣高鐵,2,0,2,土銀-嘉義,2023-11-09,1034
00740B,富邦全球投等債,80,0,80,土銀-嘉義,2023-11-10,1034
00712,復華富時不動產,61,2,59,土銀-嘉義,2023-11-10,1034
00929,復華台灣科技優息,104,46,58,土銀-嘉義,2023-11-10,1034
4931,新盛力,50,0,50,土銀-嘉義,2023-11-10,1034
00720B,元大投資級公司債,32,0,32,土銀-嘉義,2023-11-10,1034
00680L,元大美債20正2,30,0,30,土銀-嘉義,2023-11-10,1034
00891,中信關鍵半導體,20,0,20,土銀-嘉義,2023-11-10,1034
2501,國建,20,0,20,土銀-嘉義,2023-11-10,1034
2363,矽統,32,15,17,土銀-嘉義,2023-11-10,1034
00900,富邦特選高股息30,17,0,17,土銀-嘉義,2023-11-10,1034
6770,力積電,15,0,15,土銀-嘉義,2023-11-10,1034
2201,裕隆,11,0,11,土銀-嘉義,2023-11-10,1034
1584,精剛,10,0,10,土銀-嘉義,2023-11-10,1034
1101,台泥,10,0,10,土銀-嘉義,2023-11-10,1034
6118,建達,10,0,10,土銀-嘉義,2023-11-10,1034
3059,華晶科,9,0,9,土銀-嘉義,2023-11-10,1034
00637L,元大滬深300正2,10,2,8,土銀-嘉義,2023-11-10,1034
2352,佳世達,7,0,7,土銀-嘉義,2023-11-10,1034
2387,精元,11,4,7,土銀-嘉義,2023-11-10,1034
2367,燿華,6,0,6,土銀-嘉義,2023-11-10,1034
00788B,元大10年IG電能債,5,0,5,土銀-嘉義,2023-11-10,1034
1216,統一,5,0,5,土銀-嘉義,2023-11-10,1034
1568,倉佑,5,0,5,土銀-嘉義,2023-11-10,1034
1713,國化,5,0,5,土銀-嘉義,2023-11-10,1034
2027,大成鋼,5,0,5,土銀-嘉義,2023-11-10,1034
2312,金寶,5,0,5,土銀-嘉義,2023-11-10,1034
2317,鴻海,5,0,5,土銀-嘉義,2023-11-10,1034
4746,台耀,5,0,5,土銀-嘉義,2023-11-10,1034
5703,亞都,5,0,5,土銀-嘉義,2023-11-10,1034
6684,安格,10,5,5,土銀-嘉義,2023-11-10,1034
2368,金像電,5,0,5,土銀-嘉義,2023-11-10,1034
2421,建準,4,0,4,土銀-嘉義,2023-11-10,1034
1460,宏遠,4,0,4,土銀-嘉義,2023-11-10,1034
1712,興農,4,0,4,土銀-嘉義,2023-11-10,1034
2353,宏��,4,0,4,土銀-嘉義,2023-11-10,1034
3714,富采,4,0,4,土銀-嘉義,2023-11-10,1034
4162,智擎,5,1,4,土銀-嘉義,2023-11-10,1034
6188,廣明,4,0,4,土銀-嘉義,2023-11-10,1034
8011,台通,4,0,4,土銀-嘉義,2023-11-10,1034
9914,美利達,4,0,4,土銀-嘉義,2023-11-10,1034
1319,東陽,3,0,3,土銀-嘉義,2023-11-10,1034
2436,偉詮電,3,0,3,土銀-嘉義,2023-11-10,1034
2610,華航,5,2,3,土銀-嘉義,2023-11-10,1034
2801,彰銀,3,0,3,土銀-嘉義,2023-11-10,1034
3034,聯詠,6,3,3,土銀-嘉義,2023-11-10,1034
3213,茂訊,3,0,3,土銀-嘉義,2023-11-10,1034
3228,金麗科,3,0,3,土銀-嘉義,2023-11-10,1034
4128,中天,6,3,3,土銀-嘉義,2023-11-10,1034
6139,亞翔,6,3,3,土銀-嘉義,2023-11-10,1034
6418,詠昇,3,0,3,土銀-嘉義,2023-11-10,1034
2897,王道銀行,25,0,25,土銀-嘉義,2023-11-13,1034
2402,毅嘉,26,5,21,土銀-嘉義,2023-11-13,1034
00929,復華台灣科技優息,46,27,19,土銀-嘉義,2023-11-13,1034
00900,富邦特選高股息30,18,0,18,土銀-嘉義,2023-11-13,1034
00915,凱基優選高股息30,12,0,12,土銀-嘉義,2023-11-13,1034
2329,華泰,17,5,12,土銀-嘉義,2023-11-13,1034
2367,燿華,10,0,10,土銀-嘉義,2023-11-13,1034
2543,皇昌,10,0,10,土銀-嘉義,2023-11-13,1034
2883,凱基金,10,0,10,土銀-嘉義,2023-11-13,1034
00919,群益台灣精選高息,10,1,9,土銀-嘉義,2023-11-13,1034
00878,國泰永續高股息,10,1,9,土銀-嘉義,2023-11-13,1034
2313,華通,18,9,9,土銀-嘉義,2023-11-13,1034
2393,億光,10,1,9,土銀-嘉義,2023-11-13,1034
2891,中信金,14,5,9,土銀-嘉義,2023-11-13,1034
00637L,元大滬深300正2,12,4,8,土銀-嘉義,2023-11-13,1034
2201,裕隆,8,0,8,土銀-嘉義,2023-11-13,1034
2610,華航,8,0,8,土銀-嘉義,2023-11-13,1034
6770,力積電,8,0,8,土銀-嘉義,2023-11-13,1034
2382,廣達,17,11,6,土銀-嘉義,2023-11-13,1034
2412,中華電,6,0,6,土銀-嘉義,2023-11-13,1034
6231,系微,6,0,6,土銀-嘉義,2023-11-13,1034
00931B,統一美債20年,5,0,5,土銀-嘉義,2023-11-13,1034
1815,富喬,5,0,5,土銀-嘉義,2023-11-13,1034
2352,佳世達,6,1,5,土銀-嘉義,2023-11-13,1034
2358,廷鑫,5,0,5,土銀-嘉義,2023-11-13,1034
2515,中工,5,0,5,土銀-嘉義,2023-11-13,1034
2888,新光金,5,0,5,土銀-嘉義,2023-11-13,1034
4938,和碩,7,2,5,土銀-嘉義,2023-11-13,1034
5272,笙科,5,0,5,土銀-嘉義,2023-11-13,1034
5351,鈺創,5,0,5,土銀-嘉義,2023-11-13,1034
6173,信昌電,5,0,5,土銀-嘉義,2023-11-13,1034
6290,良維,6,1,5,土銀-嘉義,2023-11-13,1034
1580,新麥,4,0,4,土銀-嘉義,2023-11-13,1034
00927,群益半導體收益,4,0,4,土銀-嘉義,2023-11-13,1034
1301,台塑,4,0,4,土銀-嘉義,2023-11-13,1034
2457,飛宏,5,1,4,土銀-嘉義,2023-11-13,1034
2618,長榮航,20,16,4,土銀-嘉義,2023-11-13,1034
3010,華立,4,0,4,土銀-嘉義,2023-11-13,1034
3027,盛達,4,0,4,土銀-嘉義,2023-11-13,1034
6901,鑽石投資,4,0,4,土銀-嘉義,2023-11-13,1034
1314,中石化,3,0,3,土銀-嘉義,2023-11-13,1034
1504,東元,3,0,3,土銀-嘉義,2023-11-13,1034
00710B,復華彭博非投等債,3,0,3,土銀-嘉義,2023-11-13,1034
2353,宏��,3,0,3,土銀-嘉義,2023-11-13,1034
2377,微星,5,2,3,土銀-嘉義,2023-11-13,1034
3052,夆典,3,0,3,土銀-嘉義,2023-11-13,1034
3078,僑威,3,0,3,土銀-嘉義,2023-11-13,1034
3138,耀登,6,3,3,土銀-嘉義,2023-11-13,1034
4105,東洋,3,0,3,土銀-嘉義,2023-11-13,1034
5211,蒙恬,3,0,3,土銀-嘉義,2023-11-13,1034
00933B,國泰10Y+金融債,300,0,300,土銀-嘉義,2023-11-14,1034
00679B,元大美債20年,100,0,100,土銀-嘉義,2023-11-14,1034
2002,中鋼,59,2,57,土銀-嘉義,2023-11-14,1034
1217,愛之味,42,2,40,土銀-嘉義,2023-11-14,1034
2485,兆赫,37,0,37,土銀-嘉義,2023-11-14,1034
1522,堤維西,27,4,23,土銀-嘉義,2023-11-14,1034
00892,富邦台灣半導體,20,0,20,土銀-嘉義,2023-11-14,1034
2402,毅嘉,18,0,18,土銀-嘉義,2023-11-14,1034
3231,緯創,18,1,17,土銀-嘉義,2023-11-14,1034
2355,敬鵬,17,2,15,土銀-嘉義,2023-11-14,1034
2515,中工,15,0,15,土銀-嘉義,2023-11-14,1034
2606,裕民,15,0,15,土銀-嘉義,2023-11-14,1034
1101,台泥,14,0,14,土銀-嘉義,2023-11-14,1034
2206,三陽工業,12,0,12,土銀-嘉義,2023-11-14,1034
2609,陽明,21,9,12,土銀-嘉義,2023-11-14,1034
2427,三商電,11,0,11,土銀-嘉義,2023-11-14,1034
00637L,元大滬深300正2,12,2,10,土銀-嘉義,2023-11-14,1034
00632R,元大台灣50反1,10,0,10,土銀-嘉義,2023-11-14,1034
2374,佳能,10,0,10,土銀-嘉義,2023-11-14,1034
2745,五福,10,0,10,土銀-嘉義,2023-11-14,1034
2834,臺企銀,10,0,10,土銀-嘉義,2023-11-14,1034
2329,華泰,21,12,9,土銀-嘉義,2023-11-14,1034
2363,矽統,17,9,8,土銀-嘉義,2023-11-14,1034
4714,永捷,7,0,7,土銀-嘉義,2023-11-14,1034
2881,富邦金,6,0,6,土銀-嘉義,2023-11-14,1034
3530,晶相光,6,0,6,土銀-嘉義,2023-11-14,1034
4417,金洲,6,0,6,土銀-嘉義,2023-11-14,1034
6282,康舒,6,0,6,土銀-嘉義,2023-11-14,1034
3260,威剛,7,1,6,土銀-嘉義,2023-11-14,1034
1709,和益,5,0,5,土銀-嘉義,2023-11-14,1034
1815,富喬,5,0,5,土銀-嘉義,2023-11-14,1034
6187,萬潤,5,0,5,土銀-嘉義,2023-11-14,1034
1471,首利,4,0,4,土銀-嘉義,2023-11-14,1034
2356,英業達,4,0,4,土銀-嘉義,2023-11-14,1034
2359,所羅門,4,0,4,土銀-嘉義,2023-11-14,1034
3702,大聯大,4,0,4,土銀-嘉義,2023-11-14,1034
0056,元大高股息,4,1,3,土銀-嘉義,2023-11-14,1034
1515,力山,3,0,3,土銀-嘉義,2023-11-14,1034
1460,宏遠,3,0,3,土銀-嘉義,2023-11-14,1034
2211,長榮鋼,3,0,3,土銀-嘉義,2023-11-14,1034
2303,聯電,5,2,3,土銀-嘉義,2023-11-14,1034
2911,麗嬰房,3,0,3,土銀-嘉義,2023-11-14,1034
3450,聯鈞,3,0,3,土銀-嘉義,2023-11-14,1034
5321,美而快,4,1,3,土銀-嘉義,2023-11-14,1034
6584,南俊國際,3,0,3,土銀-嘉義,2023-11-14,1034
9910,豐泰,3,0,3,土銀-嘉義,2023-11-14,1034
4743,合一,3,1,2,土銀-嘉義,2023-11-14,1034
2345,智邦,2,0,2,土銀-嘉義,2023-11-14,1034
1721,三晃,3,1,2,土銀-嘉義,2023-11-14,1034
1432,大魯閣,2,0,2,土銀-嘉義,2023-11-14,1034
00933B,國泰10Y+金融債,300,0,300,土銀-嘉義,2023-11-15,1034
2801,彰銀,200,0,200,土銀-嘉義,2023-11-15,1034
00931B,統一美債20年,78,1,77,土銀-嘉義,2023-11-15,1034
2884,玉山金,70,2,68,土銀-嘉義,2023-11-15,1034
2303,聯電,64,3,61,土銀-嘉義,2023-11-15,1034
1815,富喬,23,0,23,土銀-嘉義,2023-11-15,1034
8110,華東,21,1,20,土銀-嘉義,2023-11-15,1034
6578,達邦蛋白,18,4,14,土銀-嘉義,2023-11-15,1034
2465,麗臺,11,0,11,土銀-嘉義,2023-11-15,1034
2486,一詮,10,1,9,土銀-嘉義,2023-11-15,1034
00935,野村臺灣新科技50,6,0,6,土銀-嘉義,2023-11-15,1034
00679B,元大美債20年,16,10,6,土銀-嘉義,2023-11-15,1034
00687B,國泰20年美債,6,0,6,土銀-嘉義,2023-11-15,1034
2402,毅嘉,6,0,6,土銀-嘉義,2023-11-15,1034
2610,華航,11,5,6,土銀-嘉義,2023-11-15,1034
3138,耀登,6,0,6,土銀-嘉義,2023-11-15,1034
3209,全科,6,0,6,土銀-嘉義,2023-11-15,1034
3260,威剛,9,3,6,土銀-嘉義,2023-11-15,1034
1709,和益,5,0,5,土銀-嘉義,2023-11-15,1034
2401,凌陽,5,0,5,土銀-嘉義,2023-11-15,1034
2530,華建,5,0,5,土銀-嘉義,2023-11-15,1034
2630,亞航,6,1,5,土銀-嘉義,2023-11-15,1034
3162,精確,5,0,5,土銀-嘉義,2023-11-15,1034
6122,擎邦,13,8,5,土銀-嘉義,2023-11-15,1034
2356,英業達,10,5,5,土銀-嘉義,2023-11-15,1034
2449,京元電子,5,1,4,土銀-嘉義,2023-11-15,1034
00919,群益台灣精選高息,4,0,4,土銀-嘉義,2023-11-15,1034
2069,運錩,5,1,4,土銀-嘉義,2023-11-15,1034
3227,原相,5,1,4,土銀-嘉義,2023-11-15,1034
3706,神達,4,0,4,土銀-嘉義,2023-11-15,1034
5347,世界,5,1,4,土銀-嘉義,2023-11-15,1034
8936,國統,4,0,4,土銀-嘉義,2023-11-15,1034
2369,菱生,8,5,3,土銀-嘉義,2023-11-15,1034
2492,華新科,3,0,3,土銀-嘉義,2023-11-15,1034
2736,富野,3,0,3,土銀-嘉義,2023-11-15,1034
2809,京城銀,3,0,3,土銀-嘉義,2023-11-15,1034
3122,笙泉,4,1,3,土銀-嘉義,2023-11-15,1034
3128,昇銳,3,0,3,土銀-嘉義,2023-11-15,1034
3276,宇環,3,0,3,土銀-嘉義,2023-11-15,1034
3583,辛耘,3,0,3,土銀-嘉義,2023-11-15,1034
3705,永信,3,0,3,土銀-嘉義,2023-11-15,1034
4164,承業醫,3,0,3,土銀-嘉義,2023-11-15,1034
6285,啟��,8,5,3,土銀-嘉義,2023-11-15,1034
9933,中鼎,3,0,3,土銀-嘉義,2023-11-15,1034
2317,鴻海,16,13,3,土銀-嘉義,2023-11-15,1034
00915,凱基優選高股息30,3,1,2,土銀-嘉義,2023-11-15,1034
2323,中環,2,0,2,土銀-嘉義,2023-11-15,1034
2353,宏��,5,3,2,土銀-嘉義,2023-11-15,1034
2359,所羅門,6,4,2,土銀-嘉義,2023-11-15,1034
2360,致茂,2,0,2,土銀-嘉義,2023-11-15,1034
00632R,元大台灣50反1,100,0,100,土銀-嘉義,2023-11-16,1034
1815,富喬,121,27,94,土銀-嘉義,2023-11-16,1034
00878,國泰永續高股息,79,5,74,土銀-嘉義,2023-11-16,1034
00637L,元大滬深300正2,43,4,39,土銀-嘉義,2023-11-16,1034
0056,元大高股息,27,4,23,土銀-嘉義,2023-11-16,1034
00635U,期元大S＆P黃金,20,0,20,土銀-嘉義,2023-11-16,1034
2610,華航,45,35,10,土銀-嘉義,2023-11-16,1034
00751B,元大AAA至A公司債,10,0,10,土銀-嘉義,2023-11-16,1034
00893,國泰智能電動車,10,0,10,土銀-嘉義,2023-11-16,1034
00715L,期街口布蘭特正2,10,0,10,土銀-嘉義,2023-11-16,1034
00687B,國泰20年美債,10,0,10,土銀-嘉義,2023-11-16,1034
2903,遠百,10,0,10,土銀-嘉義,2023-11-16,1034
5512,力麒,10,0,10,土銀-嘉義,2023-11-16,1034
1524,耿鼎,23,14,9,土銀-嘉義,2023-11-16,1034
00679B,元大美債20年,9,0,9,土銀-嘉義,2023-11-16,1034
2882,國泰金,8,1,7,土銀-嘉義,2023-11-16,1034
4746,台耀,7,0,7,土銀-嘉義,2023-11-16,1034
00935,野村臺灣新科技50,6,0,6,土銀-嘉義,2023-11-16,1034
2375,凱美,6,0,6,土銀-嘉義,2023-11-16,1034
3041,揚智,7,1,6,土銀-嘉義,2023-11-16,1034
6290,良維,6,0,6,土銀-嘉義,2023-11-16,1034
6578,達邦蛋白,6,0,6,土銀-嘉義,2023-11-16,1034
2603,長榮,8,2,6,土銀-嘉義,2023-11-16,1034
00688L,國泰20年美債正2,10,5,5,土銀-嘉義,2023-11-16,1034
2344,華邦電,6,1,5,土銀-嘉義,2023-11-16,1034
2371,大同,7,2,5,土銀-嘉義,2023-11-16,1034
2641,正德,5,0,5,土銀-嘉義,2023-11-16,1034
3006,晶豪科,8,3,5,土銀-嘉義,2023-11-16,1034
3484,崧騰,10,5,5,土銀-嘉義,2023-11-16,1034
3522,御嵿,5,0,5,土銀-嘉義,2023-11-16,1034
2002,中鋼,16,12,4,土銀-嘉義,2023-11-16,1034
00655L,國泰中國A50正2,4,0,4,土銀-嘉義,2023-11-16,1034
1301,台塑,5,1,4,土銀-嘉義,2023-11-16,1034
1795,美時,4,0,4,土銀-嘉義,2023-11-16,1034
2461,光群雷,6,2,4,土銀-嘉義,2023-11-16,1034
2719,燦星旅,4,0,4,土銀-嘉義,2023-11-16,1034
6122,擎邦,5,1,4,土銀-嘉義,2023-11-16,1034
1504,東元,4,1,3,土銀-嘉義,2023-11-16,1034
2027,大成鋼,3,0,3,土銀-嘉義,2023-11-16,1034
2352,佳世達,8,5,3,土銀-嘉義,2023-11-16,1034
2408,南亞科,3,0,3,土銀-嘉義,2023-11-16,1034
2442,新美齊,3,0,3,土銀-嘉義,2023-11-16,1034
3094,聯傑,3,0,3,土銀-嘉義,2023-11-16,1034
6156,松上,5,2,3,土銀-嘉義,2023-11-16,1034
6274,台燿,4,1,3,土銀-嘉義,2023-11-16,1034
8255,朋程,3,0,3,土銀-嘉義,2023-11-16,1034
2454,聯發科,7,5,2,土銀-嘉義,2023-11-16,1034
1519,華城,2,0,2,土銀-嘉義,2023-11-16,1034
1568,倉佑,2,0,2,土銀-嘉義,2023-11-16,1034
1605,華新,3,1,2,土銀-嘉義,2023-11-16,1034
2883,凱基金,401,1,400,土銀-嘉義,2023-11-17,1034
00632R,元大台灣50反1,60,0,60,土銀-嘉義,2023-11-17,1034
00715L,期街口布蘭特正2,63,10,53,土銀-嘉義,2023-11-17,1034
2337,旺宏,30,0,30,土銀-嘉義,2023-11-17,1034
00679B,元大美債20年,22,0,22,土銀-嘉義,2023-11-17,1034
00687B,國泰20年美債,20,0,20,土銀-嘉義,2023-11-17,1034
6185,幃翔,20,0,20,土銀-嘉義,2023-11-17,1034
2498,宏達電,20,2,18,土銀-嘉義,2023-11-17,1034
3260,威剛,14,0,14,土銀-嘉義,2023-11-17,1034
2887,台新金,12,0,12,土銀-嘉義,2023-11-17,1034
6176,瑞儀,12,0,12,土銀-嘉義,2023-11-17,1034
2312,金寶,11,0,11,土銀-嘉義,2023-11-17,1034
00882,中信中國高股息,10,0,10,土銀-嘉義,2023-11-17,1034
2388,威盛,24,14,10,土銀-嘉義,2023-11-17,1034
2606,裕民,10,0,10,土銀-嘉義,2023-11-17,1034
5009,榮剛,10,0,10,土銀-嘉義,2023-11-17,1034
2405,輔信,10,1,9,土銀-嘉義,2023-11-17,1034
00878,國泰永續高股息,12,4,8,土銀-嘉義,2023-11-17,1034
1815,富喬,8,0,8,土銀-嘉義,2023-11-17,1034
00637L,元大滬深300正2,11,4,7,土銀-嘉義,2023-11-17,1034
00919,群益台灣精選高息,7,0,7,土銀-嘉義,2023-11-17,1034
3530,晶相光,7,0,7,土銀-嘉義,2023-11-17,1034
4566,時碩工業,6,0,6,土銀-嘉義,2023-11-17,1034
6285,啟��,7,1,6,土銀-嘉義,2023-11-17,1034
3149,正達,5,0,5,土銀-嘉義,2023-11-17,1034
6127,九豪,5,0,5,土銀-嘉義,2023-11-17,1034
1324,地球,4,0,4,土銀-嘉義,2023-11-17,1034
00916,國泰全球品牌50,4,0,4,土銀-嘉義,2023-11-17,1034
2516,新建,4,0,4,土銀-嘉義,2023-11-17,1034
2736,富野,6,2,4,土銀-嘉義,2023-11-17,1034
2745,五福,4,0,4,土銀-嘉義,2023-11-17,1034
3041,揚智,12,8,4,土銀-嘉義,2023-11-17,1034
3522,御嵿,4,0,4,土銀-嘉義,2023-11-17,1034
4707,磐亞,4,0,4,土銀-嘉義,2023-11-17,1034
6231,系微,4,0,4,土銀-嘉義,2023-11-17,1034
1522,堤維西,4,1,3,土銀-嘉義,2023-11-17,1034
2363,矽統,7,4,3,土銀-嘉義,2023-11-17,1034
2442,新美齊,3,0,3,土銀-嘉義,2023-11-17,1034
2515,中工,5,2,3,土銀-嘉義,2023-11-17,1034
4915,致伸,3,0,3,土銀-嘉義,2023-11-17,1034
6126,信音,3,0,3,土銀-嘉義,2023-11-17,1034
6290,良維,4,1,3,土銀-嘉義,2023-11-17,1034
6667,信紘科,6,3,3,土銀-嘉義,2023-11-17,1034
8046,南電,3,0,3,土銀-嘉義,2023-11-17,1034
8048,德勝,3,0,3,土銀-嘉義,2023-11-17,1034
2301,光寶科,5,3,2,土銀-嘉義,2023-11-17,1034
4763,材料-KY,4,2,2,土銀-嘉義,2023-11-17,1034
1582,信錦,2,0,2,土銀-嘉義,2023-11-17,1034
1339,昭輝,2,0,2,土銀-嘉義,2023-11-17,1034
2323,中環,2,0,2,土銀-嘉義,2023-11-17,1034
00878,國泰永續高股息,51,12,39,土銀-嘉義,2023-11-20,1034
2610,華航,32,2,30,土銀-嘉義,2023-11-20,1034
3714,富采,25,0,25,土銀-嘉義,2023-11-20,1034
2303,聯電,49,30,19,土銀-嘉義,2023-11-20,1034
2317,鴻海,18,0,18,土銀-嘉義,2023-11-20,1034
00712,復華富時不動產,15,0,15,土銀-嘉義,2023-11-20,1034
00687B,國泰20年美債,15,0,15,土銀-嘉義,2023-11-20,1034
5706,鳳凰,19,5,14,土銀-嘉義,2023-11-20,1034
00919,群益台灣精選高息,13,0,13,土銀-嘉義,2023-11-20,1034
2618,長榮航,160,147,13,土銀-嘉義,2023-11-20,1034
00679B,元大美債20年,13,0,13,土銀-嘉義,2023-11-20,1034
00715L,期街口布蘭特正2,12,2,10,土銀-嘉義,2023-11-20,1034
1802,台玻,10,0,10,土銀-嘉義,2023-11-20,1034
2702,華園,10,0,10,土銀-嘉義,2023-11-20,1034
2834,臺企銀,10,0,10,土銀-嘉義,2023-11-20,1034
6173,信昌電,9,0,9,土銀-嘉義,2023-11-20,1034
6197,佳必琪,9,0,9,土銀-嘉義,2023-11-20,1034
2745,五福,10,2,8,土銀-嘉義,2023-11-20,1034
3252,海灣,8,0,8,土銀-嘉義,2023-11-20,1034
2515,中工,7,0,7,土銀-嘉義,2023-11-20,1034
2449,京元電子,6,0,6,土銀-嘉義,2023-11-20,1034
1584,精剛,5,0,5,土銀-嘉義,2023-11-20,1034
006205,富邦上証,5,0,5,土銀-嘉義,2023-11-20,1034
00724B,群益投資級金融債,5,0,5,土銀-嘉義,2023-11-20,1034
2530,華建,5,0,5,土銀-嘉義,2023-11-20,1034
2887,台新金,5,0,5,土銀-嘉義,2023-11-20,1034
3035,智原,12,7,5,土銀-嘉義,2023-11-20,1034
6142,友勁,5,0,5,土銀-嘉義,2023-11-20,1034
6451,訊芯-KY,5,0,5,土銀-嘉義,2023-11-20,1034
2363,矽統,31,26,5,土銀-嘉義,2023-11-20,1034
00916,國泰全球品牌50,4,0,4,土銀-嘉義,2023-11-20,1034
1217,愛之味,4,0,4,土銀-嘉義,2023-11-20,1034
2409,友達,9,5,4,土銀-嘉義,2023-11-20,1034
6589,台康生技,4,0,4,土銀-嘉義,2023-11-20,1034
1303,南亞,3,0,3,土銀-嘉義,2023-11-20,1034
00882,中信中國高股息,3,0,3,土銀-嘉義,2023-11-20,1034
1731,美吾華,3,0,3,土銀-嘉義,2023-11-20,1034
2002,中鋼,3,0,3,土銀-嘉義,2023-11-20,1034
2347,聯強,3,0,3,土銀-嘉義,2023-11-20,1034
2371,大同,10,7,3,土銀-嘉義,2023-11-20,1034
2425,承啟,3,0,3,土銀-嘉義,2023-11-20,1034
2442,新美齊,3,0,3,土銀-嘉義,2023-11-20,1034
2498,宏達電,3,0,3,土銀-嘉義,2023-11-20,1034
2607,榮運,3,0,3,土銀-嘉義,2023-11-20,1034
3094,聯傑,5,2,3,土銀-嘉義,2023-11-20,1034
3481,群創,3,0,3,土銀-嘉義,2023-11-20,1034
3522,御嵿,3,0,3,土銀-嘉義,2023-11-20,1034
3530,晶相光,3,0,3,土銀-嘉義,2023-11-20,1034
3705,永信,3,0,3,土銀-嘉義,2023-11-20,1034
6005,群益證,3,0,3,土銀-嘉義,2023-11-20,1034
2845,遠東銀,202,1,201,土銀-嘉義,2023-11-21,1034
2618,長榮航,117,10,107,土銀-嘉義,2023-11-21,1034
00720B,元大投資級公司債,50,0,50,土銀-嘉義,2023-11-21,1034
00929,復華台灣科技優息,154,112,42,土銀-嘉義,2023-11-21,1034
00632R,元大台灣50反1,34,0,34,土銀-嘉義,2023-11-21,1034
8110,華東,31,0,31,土銀-嘉義,2023-11-21,1034
1815,富喬,24,2,22,土銀-嘉義,2023-11-21,1034
2367,燿華,60,40,20,土銀-嘉義,2023-11-21,1034
2412,中華電,15,0,15,土銀-嘉義,2023-11-21,1034
2834,臺企銀,15,0,15,土銀-嘉義,2023-11-21,1034
2303,聯電,27,13,14,土銀-嘉義,2023-11-21,1034
3047,訊舟,13,0,13,土銀-嘉義,2023-11-21,1034
00679B,元大美債20年,13,0,13,土銀-嘉義,2023-11-21,1034
5351,鈺創,24,13,11,土銀-嘉義,2023-11-21,1034
6191,精成科,11,0,11,土銀-嘉義,2023-11-21,1034
00892,富邦台灣半導體,10,0,10,土銀-嘉義,2023-11-21,1034
00722B,群益投資級電信債,10,0,10,土銀-嘉義,2023-11-21,1034
00830,國泰費城半導體,10,0,10,土銀-嘉義,2023-11-21,1034
1568,倉佑,10,0,10,土銀-嘉義,2023-11-21,1034
00726B,國泰新興投等債,9,0,9,土銀-嘉義,2023-11-21,1034
2023,燁輝,9,0,9,土銀-嘉義,2023-11-21,1034
6138,茂達,10,1,9,土銀-嘉義,2023-11-21,1034
3346,麗清,8,0,8,土銀-嘉義,2023-11-21,1034
2355,敬鵬,16,10,6,土銀-嘉義,2023-11-21,1034
2402,毅嘉,6,0,6,土銀-嘉義,2023-11-21,1034
3289,宜特,6,0,6,土銀-嘉義,2023-11-21,1034
6168,宏齊,6,0,6,土銀-嘉義,2023-11-21,1034
6552,易華電,6,0,6,土銀-嘉義,2023-11-21,1034
6576,逸達,6,0,6,土銀-嘉義,2023-11-21,1034
8261,富鼎,6,0,6,土銀-嘉義,2023-11-21,1034
1101,台泥,6,1,5,土銀-嘉義,2023-11-21,1034
006205,富邦上証,5,0,5,土銀-嘉義,2023-11-21,1034
1609,大亞,7,2,5,土銀-嘉義,2023-11-21,1034
2748,雲品,5,0,5,土銀-嘉義,2023-11-21,1034
2888,新光金,5,0,5,土銀-嘉義,2023-11-21,1034
3317,尼克森,5,0,5,土銀-嘉義,2023-11-21,1034
3325,旭品,5,0,5,土銀-嘉義,2023-11-21,1034
3707,漢磊,5,0,5,土銀-嘉義,2023-11-21,1034
00882,中信中國高股息,4,0,4,土銀-嘉義,2023-11-21,1034
00633L,富邦上証正2,4,0,4,土銀-嘉義,2023-11-21,1034
00916,國泰全球品牌50,4,0,4,土銀-嘉義,2023-11-21,1034
00933B,國泰10Y+金融債,4,0,4,土銀-嘉義,2023-11-21,1034
1432,大魯閣,6,2,4,土銀-嘉義,2023-11-21,1034
1580,新麥,4,0,4,土銀-嘉義,2023-11-21,1034
2069,運錩,5,1,4,土銀-嘉義,2023-11-21,1034
2329,華泰,6,2,4,土銀-嘉義,2023-11-21,1034
2421,建準,4,0,4,土銀-嘉義,2023-11-21,1034
2609,陽明,5,1,4,土銀-嘉義,2023-11-21,1034
4162,智擎,5,1,4,土銀-嘉義,2023-11-21,1034
6233,旺玖,6,2,4,土銀-嘉義,2023-11-21,1034
3576,聯合再生,100,0,100,土銀-嘉義,2023-11-22,1034
2618,長榮航,190,96,94,土銀-嘉義,2023-11-22,1034
2845,遠東銀,73,0,73,土銀-嘉義,2023-11-22,1034
2884,玉山金,31,0,31,土銀-嘉義,2023-11-22,1034
2337,旺宏,30,0,30,土銀-嘉義,2023-11-22,1034
00680L,元大美債20正2,22,0,22,土銀-嘉義,2023-11-22,1034
00637L,元大滬深300正2,23,2,21,土銀-嘉義,2023-11-22,1034
00905,FT臺灣Smart,20,0,20,土銀-嘉義,2023-11-22,1034
00919,群益台灣精選高息,19,0,19,土銀-嘉義,2023-11-22,1034
2023,燁輝,23,6,17,土銀-嘉義,2023-11-22,1034
3231,緯創,21,5,16,土銀-嘉義,2023-11-22,1034
00882,中信中國高股息,18,2,16,土銀-嘉義,2023-11-22,1034
00679B,元大美債20年,15,0,15,土銀-嘉義,2023-11-22,1034
2883,凱基金,35,21,14,土銀-嘉義,2023-11-22,1034
3260,威剛,20,6,14,土銀-嘉義,2023-11-22,1034
5521,工信,16,2,14,土銀-嘉義,2023-11-22,1034
2382,廣達,13,1,12,土銀-嘉義,2023-11-22,1034
2610,華航,17,5,12,土銀-嘉義,2023-11-22,1034
00751B,元大AAA至A公司債,10,0,10,土銀-嘉義,2023-11-22,1034
0056,元大高股息,11,1,10,土銀-嘉義,2023-11-22,1034
5515,建國,10,0,10,土銀-嘉義,2023-11-22,1034
3706,神達,8,1,7,土銀-嘉義,2023-11-22,1034
6122,擎邦,6,0,6,土銀-嘉義,2023-11-22,1034
1101,台泥,6,0,6,土銀-嘉義,2023-11-22,1034
4581,光隆精密-KY,6,0,6,土銀-嘉義,2023-11-22,1034
00933B,國泰10Y+金融債,5,0,5,土銀-嘉義,2023-11-22,1034
2367,燿華,22,17,5,土銀-嘉義,2023-11-22,1034
2834,臺企銀,5,0,5,土銀-嘉義,2023-11-22,1034
4552,力達-KY,5,0,5,土銀-嘉義,2023-11-22,1034
5607,遠雄港,5,0,5,土銀-嘉義,2023-11-22,1034
6191,精成科,5,0,5,土銀-嘉義,2023-11-22,1034
2002,中鋼,6,2,4,土銀-嘉義,2023-11-22,1034
00916,國泰全球品牌50,4,0,4,土銀-嘉義,2023-11-22,1034
2301,光寶科,7,3,4,土銀-嘉義,2023-11-22,1034
2353,宏��,8,4,4,土銀-嘉義,2023-11-22,1034
2356,英業達,5,1,4,土銀-嘉義,2023-11-22,1034
3515,華擎,4,0,4,土銀-嘉義,2023-11-22,1034
4979,華星光,4,0,4,土銀-嘉義,2023-11-22,1034
6139,亞翔,5,2,3,土銀-嘉義,2023-11-22,1034
2376,技嘉,14,11,3,土銀-嘉義,2023-11-22,1034
1582,信錦,3,0,3,土銀-嘉義,2023-11-22,1034
00922,國泰台灣領袖50,3,0,3,土銀-嘉義,2023-11-22,1034
2495,普安,3,0,3,土銀-嘉義,2023-11-22,1034
2539,櫻花建,3,0,3,土銀-嘉義,2023-11-22,1034
2641,正德,3,0,3,土銀-嘉義,2023-11-22,1034
2723,美食-KY,3,0,3,土銀-嘉義,2023-11-22,1034
6108,競國,5,2,3,土銀-嘉義,2023-11-22,1034
6695,芯鼎,8,5,3,土銀-嘉義,2023-11-22,1034
9919,康那香,3,0,3,土銀-嘉義,2023-11-22,1034
2363,矽統,25,23,2,土銀-嘉義,2023-11-22,1034
2845,遠東銀,75,13,62,土銀-嘉義,2023-11-23,1034
00919,群益台灣精選高息,44,0,44,土銀-嘉義,2023-11-23,1034
2337,旺宏,30,2,28,土銀-嘉義,2023-11-23,1034
2363,矽統,42,16,26,土銀-嘉義,2023-11-23,1034
1101,台泥,22,0,22,土銀-嘉義,2023-11-23,1034
00679B,元大美債20年,20,0,20,土銀-嘉義,2023-11-23,1034
2002,中鋼,15,0,15,土銀-嘉義,2023-11-23,1034
2329,華泰,24,10,14,土銀-嘉義,2023-11-23,1034
3122,笙泉,15,2,13,土銀-嘉義,2023-11-23,1034
5521,工信,16,3,13,土銀-嘉義,2023-11-23,1034
00931B,統一美債20年,10,0,10,土銀-嘉義,2023-11-23,1034
00905,FT臺灣Smart,10,0,10,土銀-嘉義,2023-11-23,1034
00632R,元大台灣50反1,10,0,10,土銀-嘉義,2023-11-23,1034
2476,鉅祥,10,0,10,土銀-嘉義,2023-11-23,1034
00687B,國泰20年美債,18,9,9,土銀-嘉義,2023-11-23,1034
3484,崧騰,9,0,9,土銀-嘉義,2023-11-23,1034
6285,啟��,10,1,9,土銀-嘉義,2023-11-23,1034
00637L,元大滬深300正2,13,5,8,土銀-嘉義,2023-11-23,1034
6168,宏齊,9,1,8,土銀-嘉義,2023-11-23,1034
6282,康舒,14,6,8,土銀-嘉義,2023-11-23,1034
00878,國泰永續高股息,7,0,7,土銀-嘉義,2023-11-23,1034
2393,億光,7,0,7,土銀-嘉義,2023-11-23,1034
2382,廣達,9,3,6,土銀-嘉義,2023-11-23,1034
6243,迅杰,18,12,6,土銀-嘉義,2023-11-23,1034
00688L,國泰20年美債正2,5,0,5,土銀-嘉義,2023-11-23,1034
1471,首利,10,5,5,土銀-嘉義,2023-11-23,1034
1104,環泥,5,0,5,土銀-嘉義,2023-11-23,1034
1802,台玻,5,0,5,土銀-嘉義,2023-11-23,1034
6129,普誠,6,1,5,土銀-嘉義,2023-11-23,1034
2323,中環,5,0,5,土銀-嘉義,2023-11-23,1034
1582,信錦,5,1,4,土銀-嘉義,2023-11-23,1034
00933B,國泰10Y+金融債,4,0,4,土銀-嘉義,2023-11-23,1034
00916,國泰全球品牌50,4,0,4,土銀-嘉義,2023-11-23,1034
0056,元大高股息,4,0,4,土銀-嘉義,2023-11-23,1034
2603,長榮,4,0,4,土銀-嘉義,2023-11-23,1034
3483,力致,6,2,4,土銀-嘉義,2023-11-23,1034
4960,誠美材,4,0,4,土銀-嘉義,2023-11-23,1034
5009,榮剛,12,8,4,土銀-嘉義,2023-11-23,1034
6411,晶焱,4,0,4,土銀-嘉義,2023-11-23,1034
6456,GIS-KY,5,1,4,土銀-嘉義,2023-11-23,1034
6531,愛普*,4,0,4,土銀-嘉義,2023-11-23,1034
6684,安格,14,10,4,土銀-嘉義,2023-11-23,1034
8016,矽創,4,0,4,土銀-嘉義,2023-11-23,1034
00724B,群益投資級金融債,3,0,3,土銀-嘉義,2023-11-23,1034
1324,地球,3,0,3,土銀-嘉義,2023-11-23,1034
1532,勤美,3,0,3,土銀-嘉義,2023-11-23,1034
2344,華邦電,3,0,3,土銀-嘉義,2023-11-23,1034
2352,佳世達,4,1,3,土銀-嘉義,2023-11-23,1034
2457,飛宏,30,27,3,土銀-嘉義,2023-11-23,1034
3037,欣興,3,0,3,土銀-嘉義,2023-11-23,1034
2618,長榮航,225,30,195,土銀-嘉義,2023-11-24,1034
00680L,元大美債20正2,80,0,80,土銀-嘉義,2023-11-24,1034
2501,國建,30,0,30,土銀-嘉義,2023-11-24,1034
5351,鈺創,24,3,21,土銀-嘉義,2023-11-24,1034
00929,復華台灣科技優息,30,10,20,土銀-嘉義,2023-11-24,1034
2845,遠東銀,20,0,20,土銀-嘉義,2023-11-24,1034
3450,聯鈞,21,1,20,土銀-嘉義,2023-11-24,1034
00687B,國泰20年美債,18,0,18,土銀-嘉義,2023-11-24,1034
2303,聯電,23,11,12,土銀-嘉義,2023-11-24,1034
00720B,元大投資級公司債,12,0,12,土銀-嘉義,2023-11-24,1034
1609,大亞,13,2,11,土銀-嘉義,2023-11-24,1034
2891,中信金,13,2,11,土銀-嘉義,2023-11-24,1034
2317,鴻海,10,0,10,土銀-嘉義,2023-11-24,1034
1709,和益,15,5,10,土銀-嘉義,2023-11-24,1034
00751B,元大AAA至A公司債,10,0,10,土銀-嘉義,2023-11-24,1034
2363,矽統,16,6,10,土銀-嘉義,2023-11-24,1034
00679B,元大美債20年,8,0,8,土銀-嘉義,2023-11-24,1034
2610,華航,18,10,8,土銀-嘉義,2023-11-24,1034
3437,榮創,13,5,8,土銀-嘉義,2023-11-24,1034
2009,第一銅,7,0,7,土銀-嘉義,2023-11-24,1034
2812,台中銀,7,0,7,土銀-嘉義,2023-11-24,1034
3178,公準,6,0,6,土銀-嘉義,2023-11-24,1034
3706,神達,7,1,6,土銀-嘉義,2023-11-24,1034
1471,首利,5,0,5,土銀-嘉義,2023-11-24,1034
2313,華通,14,9,5,土銀-嘉義,2023-11-24,1034
2369,菱生,5,0,5,土銀-嘉義,2023-11-24,1034
2852,第一保,5,0,5,土銀-嘉義,2023-11-24,1034
5531,鄉林,5,0,5,土銀-嘉義,2023-11-24,1034
6243,迅杰,13,8,5,土銀-嘉義,2023-11-24,1034
00916,國泰全球品牌50,4,0,4,土銀-嘉義,2023-11-24,1034
00637L,元大滬深300正2,4,0,4,土銀-嘉義,2023-11-24,1034
5706,鳳凰,4,0,4,土銀-嘉義,2023-11-24,1034
8011,台通,5,1,4,土銀-嘉義,2023-11-24,1034
8086,宏捷科,4,0,4,土銀-嘉義,2023-11-24,1034
2382,廣達,5,2,3,土銀-嘉義,2023-11-24,1034
1324,地球,3,0,3,土銀-嘉義,2023-11-24,1034
0056,元大高股息,3,0,3,土銀-嘉義,2023-11-24,1034
2449,京元電子,3,0,3,土銀-嘉義,2023-11-24,1034
5234,達興材料,3,0,3,土銀-嘉義,2023-11-24,1034
6274,台燿,3,0,3,土銀-嘉義,2023-11-24,1034
6418,詠昇,3,0,3,土銀-嘉義,2023-11-24,1034
6578,達邦蛋白,4,1,3,土銀-嘉義,2023-11-24,1034
8261,富鼎,3,0,3,土銀-嘉義,2023-11-24,1034
2002,中鋼,6,4,2,土銀-嘉義,2023-11-24,1034
2353,宏��,3,1,2,土銀-嘉義,2023-11-24,1034
2375,凱美,2,0,2,土銀-嘉義,2023-11-24,1034
2421,建準,2,0,2,土銀-嘉義,2023-11-24,1034
2615,萬海,2,0,2,土銀-嘉義,2023-11-24,1034
3105,穩懋,6,4,2,土銀-嘉義,2023-11-24,1034
3217,優群,2,0,2,土銀-嘉義,2023-11-24,1034
2883,凱基金,410,20,390,土銀-嘉義,2023-11-27,1034
2618,長榮航,138,0,138,土銀-嘉義,2023-11-27,1034
2498,宏達電,60,0,60,土銀-嘉義,2023-11-27,1034
00850,元大臺灣ESG永續,30,0,30,土銀-嘉義,2023-11-27,1034
2634,漢翔,23,0,23,土銀-嘉義,2023-11-27,1034
00919,群益台灣精選高息,18,0,18,土銀-嘉義,2023-11-27,1034
2888,新光金,32,16,16,土銀-嘉義,2023-11-27,1034
1701,中化,23,8,15,土銀-嘉義,2023-11-27,1034
1605,華新,14,0,14,土銀-嘉義,2023-11-27,1034
2881,富邦金,13,0,13,土銀-嘉義,2023-11-27,1034
2353,宏��,15,3,12,土銀-嘉義,2023-11-27,1034
00680L,元大美債20正2,10,0,10,土銀-嘉義,2023-11-27,1034
00679B,元大美債20年,10,0,10,土銀-嘉義,2023-11-27,1034
00665L,富邦�琤肭磪囓�2,10,0,10,土銀-嘉義,2023-11-27,1034
00632R,元大台灣50反1,10,0,10,土銀-嘉義,2023-11-27,1034
6578,達邦蛋白,10,0,10,土銀-嘉義,2023-11-27,1034
00712,復華富時不動產,9,0,9,土銀-嘉義,2023-11-27,1034
2344,華邦電,9,0,9,土銀-嘉義,2023-11-27,1034
00900,富邦特選高股息30,8,0,8,土銀-嘉義,2023-11-27,1034
2382,廣達,24,18,6,土銀-嘉義,2023-11-27,1034
00935,野村臺灣新科技50,6,0,6,土銀-嘉義,2023-11-27,1034
6015,宏遠證,6,0,6,土銀-嘉義,2023-11-27,1034
2834,臺企銀,7,1,6,土銀-嘉義,2023-11-27,1034
1338,廣華-KY,5,0,5,土銀-嘉義,2023-11-27,1034
00933B,國泰10Y+金融債,5,0,5,土銀-嘉義,2023-11-27,1034
2002,中鋼,11,6,5,土銀-嘉義,2023-11-27,1034
3006,晶豪科,11,6,5,土銀-嘉義,2023-11-27,1034
3013,晟銘電,7,2,5,土銀-嘉義,2023-11-27,1034
3231,緯創,23,18,5,土銀-嘉義,2023-11-27,1034
3260,威剛,5,0,5,土銀-嘉義,2023-11-27,1034
3322,建舜電,5,0,5,土銀-嘉義,2023-11-27,1034
3530,晶相光,7,2,5,土銀-嘉義,2023-11-27,1034
6160,欣技,5,0,5,土銀-嘉義,2023-11-27,1034
6173,信昌電,5,0,5,土銀-嘉義,2023-11-27,1034
2303,聯電,10,5,5,土銀-嘉義,2023-11-27,1034
00882,中信中國高股息,5,1,4,土銀-嘉義,2023-11-27,1034
00916,國泰全球品牌50,4,0,4,土銀-嘉義,2023-11-27,1034
00773B,中信優先金融債,4,0,4,土銀-嘉義,2023-11-27,1034
2352,佳世達,12,8,4,土銀-嘉義,2023-11-27,1034
2609,陽明,4,0,4,土銀-嘉義,2023-11-27,1034
4167,松瑞藥,5,1,4,土銀-嘉義,2023-11-27,1034
6235,華孚,5,1,4,土銀-嘉義,2023-11-27,1034
3035,智原,4,1,3,土銀-嘉義,2023-11-27,1034
00687B,國泰20年美債,3,0,3,土銀-嘉義,2023-11-27,1034
00720B,元大投資級公司債,3,0,3,土銀-嘉義,2023-11-27,1034
00902,中信電池及儲能,3,0,3,土銀-嘉義,2023-11-27,1034
00934,中信成長高股息,3,0,3,土銀-嘉義,2023-11-27,1034
2025,千興,3,0,3,土銀-嘉義,2023-11-27,1034
2401,凌陽,5,2,3,土銀-嘉義,2023-11-27,1034
2610,華航,3,0,3,土銀-嘉義,2023-11-27,1034
2371,大同,56,0,56,土銀-嘉義,2023-11-28,1034
00680L,元大美債20正2,50,0,50,土銀-嘉義,2023-11-28,1034
4121,優盛,80,37,43,土銀-嘉義,2023-11-28,1034
2883,凱基金,52,10,42,土銀-嘉義,2023-11-28,1034
1701,中化,26,3,23,土銀-嘉義,2023-11-28,1034
6015,宏遠證,20,0,20,土銀-嘉義,2023-11-28,1034
00637L,元大滬深300正2,14,2,12,土銀-嘉義,2023-11-28,1034
2605,新興,15,4,11,土銀-嘉義,2023-11-28,1034
00655L,國泰中國A50正2,10,0,10,土銀-嘉義,2023-11-28,1034
1604,聲寶,10,0,10,土銀-嘉義,2023-11-28,1034
2889,國票金,10,0,10,土銀-嘉義,2023-11-28,1034
5351,鈺創,14,4,10,土銀-嘉義,2023-11-28,1034
5531,鄉林,10,0,10,土銀-嘉義,2023-11-28,1034
6016,康和證,10,0,10,土銀-嘉義,2023-11-28,1034
6578,達邦蛋白,10,0,10,土銀-嘉義,2023-11-28,1034
6245,立端,10,1,9,土銀-嘉義,2023-11-28,1034
1504,東元,8,0,8,土銀-嘉義,2023-11-28,1034
6684,安格,17,9,8,土銀-嘉義,2023-11-28,1034
9938,百和,8,0,8,土銀-嘉義,2023-11-28,1034
1216,統一,6,0,6,土銀-嘉義,2023-11-28,1034
00907,永豐優息存股,6,0,6,土銀-嘉義,2023-11-28,1034
2382,廣達,7,1,6,土銀-嘉義,2023-11-28,1034
2897,王道銀行,6,0,6,土銀-嘉義,2023-11-28,1034
4114,健喬,10,4,6,土銀-嘉義,2023-11-28,1034
00900,富邦特選高股息30,5,0,5,土銀-嘉義,2023-11-28,1034
2497,怡利電,5,0,5,土銀-嘉義,2023-11-28,1034
2852,第一保,5,0,5,土銀-嘉義,2023-11-28,1034
00665L,富邦�琤肭磪囓�2,4,0,4,土銀-嘉義,2023-11-28,1034
00916,國泰全球品牌50,4,0,4,土銀-嘉義,2023-11-28,1034
1795,美時,4,0,4,土銀-嘉義,2023-11-28,1034
2377,微星,4,0,4,土銀-嘉義,2023-11-28,1034
1734,杏輝,3,0,3,土銀-嘉義,2023-11-28,1034
1101,台泥,5,2,3,土銀-嘉義,2023-11-28,1034
00882,中信中國高股息,4,1,3,土銀-嘉義,2023-11-28,1034
2308,台達電,3,0,3,土銀-嘉義,2023-11-28,1034
2516,新建,3,0,3,土銀-嘉義,2023-11-28,1034
3078,僑威,3,0,3,土銀-嘉義,2023-11-28,1034
3679,新至陞,3,0,3,土銀-嘉義,2023-11-28,1034
4714,永捷,3,0,3,土銀-嘉義,2023-11-28,1034
4905,台聯電,3,0,3,土銀-嘉義,2023-11-28,1034
6117,迎廣,10,7,3,土銀-嘉義,2023-11-28,1034
2314,台揚,3,0,3,土銀-嘉義,2023-11-28,1034
00929,復華台灣科技優息,4,2,2,土銀-嘉義,2023-11-28,1034
2025,千興,2,0,2,土銀-嘉義,2023-11-28,1034
1815,富喬,5,3,2,土銀-嘉義,2023-11-28,1034
2027,大成鋼,2,0,2,土銀-嘉義,2023-11-28,1034
2367,燿華,22,20,2,土銀-嘉義,2023-11-28,1034
2428,興勤,2,0,2,土銀-嘉義,2023-11-28,1034
2617,台航,2,0,2,土銀-嘉義,2023-11-28,1034
2809,京城銀,2,0,2,土銀-嘉義,2023-11-28,1034
2618,長榮航,172,16,156,土銀-嘉義,2023-11-29,1034
4931,新盛力,100,0,100,土銀-嘉義,2023-11-29,1034
2367,燿華,58,1,57,土銀-嘉義,2023-11-29,1034
6153,嘉聯益,50,0,50,土銀-嘉義,2023-11-29,1034
2883,凱基金,27,0,27,土銀-嘉義,2023-11-29,1034
00680L,元大美債20正2,31,5,26,土銀-嘉義,2023-11-29,1034
6578,達邦蛋白,20,0,20,土銀-嘉義,2023-11-29,1034
00751B,元大AAA至A公司債,20,0,20,土銀-嘉義,2023-11-29,1034
00665L,富邦�琤肭磪囓�2,20,0,20,土銀-嘉義,2023-11-29,1034
1760,寶齡富錦,20,0,20,土銀-嘉義,2023-11-29,1034
00637L,元大滬深300正2,31,13,18,土銀-嘉義,2023-11-29,1034
00882,中信中國高股息,15,1,14,土銀-嘉義,2023-11-29,1034
2356,英業達,16,2,14,土銀-嘉義,2023-11-29,1034
2610,華航,14,0,14,土銀-嘉義,2023-11-29,1034
3037,欣興,19,7,12,土銀-嘉義,2023-11-29,1034
00720B,元大投資級公司債,10,0,10,土銀-嘉義,2023-11-29,1034
00934,中信成長高股息,10,0,10,土銀-嘉義,2023-11-29,1034
2867,三商壽,10,0,10,土銀-嘉義,2023-11-29,1034
3540,曜越,12,2,10,土銀-嘉義,2023-11-29,1034
2478,大毅,8,0,8,土銀-嘉義,2023-11-29,1034
6269,台郡,8,0,8,土銀-嘉義,2023-11-29,1034
2449,京元電子,7,0,7,土銀-嘉義,2023-11-29,1034
00933B,國泰10Y+金融債,6,0,6,土銀-嘉義,2023-11-29,1034
2211,長榮鋼,6,0,6,土銀-嘉義,2023-11-29,1034
2369,菱生,12,6,6,土銀-嘉義,2023-11-29,1034
3484,崧騰,6,0,6,土銀-嘉義,2023-11-29,1034
3545,敦泰,9,3,6,土銀-嘉義,2023-11-29,1034
4162,智擎,6,0,6,土銀-嘉義,2023-11-29,1034
00632R,元大台灣50反1,5,0,5,土銀-嘉義,2023-11-29,1034
2329,華泰,11,6,5,土銀-嘉義,2023-11-29,1034
2537,聯上發,5,0,5,土銀-嘉義,2023-11-29,1034
2845,遠東銀,5,0,5,土銀-嘉義,2023-11-29,1034
3017,奇鋐,5,0,5,土銀-嘉義,2023-11-29,1034
3047,訊舟,5,0,5,土銀-嘉義,2023-11-29,1034
3305,昇貿,5,0,5,土銀-嘉義,2023-11-29,1034
3714,富采,5,0,5,土銀-嘉義,2023-11-29,1034
8054,安國,9,4,5,土銀-嘉義,2023-11-29,1034
00753L,中信中國50正2,4,0,4,土銀-嘉義,2023-11-29,1034
00916,國泰全球品牌50,4,0,4,土銀-嘉義,2023-11-29,1034
00679B,元大美債20年,4,0,4,土銀-嘉義,2023-11-29,1034
2630,亞航,5,1,4,土銀-嘉義,2023-11-29,1034
5347,世界,6,2,4,土銀-嘉義,2023-11-29,1034
2313,華通,44,40,4,土銀-嘉義,2023-11-29,1034
3317,尼克森,5,1,4,土銀-嘉義,2023-11-29,1034
1513,中興電,5,2,3,土銀-嘉義,2023-11-29,1034
00878,國泰永續高股息,6,3,3,土銀-嘉義,2023-11-29,1034
00919,群益台灣精選高息,8,5,3,土銀-嘉義,2023-11-29,1034
1580,新麥,3,0,3,土銀-嘉義,2023-11-29,1034
2492,華新科,17,14,3,土銀-嘉義,2023-11-29,1034
2882,國泰金,3,0,3,土銀-嘉義,2023-11-29,1034
00680L,元大美債20正2,185,2,183,土銀-嘉義,2023-11-30,1034
2801,彰銀,100,0,100,土銀-嘉義,2023-11-30,1034
00919,群益台灣精選高息,51,0,51,土銀-嘉義,2023-11-30,1034
2371,大同,50,1,49,土銀-嘉義,2023-11-30,1034
1440,南紡,30,1,29,土銀-嘉義,2023-11-30,1034
00679B,元大美債20年,28,5,23,土銀-嘉義,2023-11-30,1034
00687B,國泰20年美債,12,0,12,土銀-嘉義,2023-11-30,1034
6116,彩晶,12,0,12,土銀-嘉義,2023-11-30,1034
00934,中信成長高股息,10,0,10,土銀-嘉義,2023-11-30,1034
2340,台亞,10,0,10,土銀-嘉義,2023-11-30,1034
8271,宇瞻,11,1,10,土銀-嘉義,2023-11-30,1034
2609,陽明,8,0,8,土銀-嘉義,2023-11-30,1034
1795,美時,8,0,8,土銀-嘉義,2023-11-30,1034
2317,鴻海,6,0,6,土銀-嘉義,2023-11-30,1034
2368,金像電,6,0,6,土銀-嘉義,2023-11-30,1034
5272,笙科,8,2,6,土銀-嘉義,2023-11-30,1034
8261,富鼎,6,0,6,土銀-嘉義,2023-11-30,1034
2303,聯電,11,5,6,土銀-嘉義,2023-11-30,1034
3231,緯創,9,4,5,土銀-嘉義,2023-11-30,1034
2201,裕隆,5,0,5,土銀-嘉義,2023-11-30,1034
1503,士電,5,0,5,土銀-嘉義,2023-11-30,1034
00900,富邦特選高股息30,5,0,5,土銀-嘉義,2023-11-30,1034
2478,大毅,5,0,5,土銀-嘉義,2023-11-30,1034
2498,宏達電,5,0,5,土銀-嘉義,2023-11-30,1034
2736,富野,5,0,5,土銀-嘉義,2023-11-30,1034
3036,文曄,5,0,5,土銀-嘉義,2023-11-30,1034
8086,宏捷科,18,13,5,土銀-嘉義,2023-11-30,1034
2376,技嘉,11,6,5,土銀-嘉義,2023-11-30,1034
1605,華新,4,0,4,土銀-嘉義,2023-11-30,1034
00916,國泰全球品牌50,4,0,4,土銀-嘉義,2023-11-30,1034
2105,正新,6,2,4,土銀-嘉義,2023-11-30,1034
2630,亞航,4,0,4,土銀-嘉義,2023-11-30,1034
3094,聯傑,4,0,4,土銀-嘉義,2023-11-30,1034
5469,瀚宇博,5,1,4,土銀-嘉義,2023-11-30,1034
2383,台光電,6,3,3,土銀-嘉義,2023-11-30,1034
1513,中興電,3,0,3,土銀-嘉義,2023-11-30,1034
00882,中信中國高股息,3,0,3,土銀-嘉義,2023-11-30,1034
00935,野村臺灣新科技50,3,0,3,土銀-嘉義,2023-11-30,1034
1326,台化,3,0,3,土銀-嘉義,2023-11-30,1034
2206,三陽工業,3,0,3,土銀-嘉義,2023-11-30,1034
2353,宏��,4,1,3,土銀-嘉義,2023-11-30,1034
2367,燿華,7,4,3,土銀-嘉義,2023-11-30,1034
2369,菱生,5,2,3,土銀-嘉義,2023-11-30,1034
2484,希華,3,0,3,土銀-嘉義,2023-11-30,1034
2890,永豐金,3,0,3,土銀-嘉義,2023-11-30,1034
3704,合勤控,3,0,3,土銀-嘉義,2023-11-30,1034
4968,立積,3,0,3,土銀-嘉義,2023-11-30,1034
5438,東友,3,0,3,土銀-嘉義,2023-11-30,1034
6578,達邦蛋白,3,0,3,土銀-嘉義,2023-11-30,1034
3260,威剛,14,11,3,土銀-嘉義,2023-11-30,1034
2371,大同,70,26,44,土銀-嘉義,2023-12-01,1034
00919,群益台灣精選高息,39,0,39,土銀-嘉義,2023-12-01,1034
2317,鴻海,32,0,32,土銀-嘉義,2023-12-01,1034
6257,矽格,32,3,29,土銀-嘉義,2023-12-01,1034
8096,擎亞,30,1,29,土銀-嘉義,2023-12-01,1034
6770,力積電,28,2,26,土銀-嘉義,2023-12-01,1034
3260,威剛,21,0,21,土銀-嘉義,2023-12-01,1034
00933B,國泰10Y+金融債,170,150,20,土銀-嘉義,2023-12-01,1034
00632R,元大台灣50反1,20,0,20,土銀-嘉義,2023-12-01,1034
00680L,元大美債20正2,20,0,20,土銀-嘉義,2023-12-01,1034
6168,宏齊,17,0,17,土銀-嘉義,2023-12-01,1034
3437,榮創,16,0,16,土銀-嘉義,2023-12-01,1034
2883,凱基金,17,2,15,土銀-嘉義,2023-12-01,1034
00712,復華富時不動產,13,0,13,土銀-嘉義,2023-12-01,1034
00637L,元大滬深300正2,17,4,13,土銀-嘉義,2023-12-01,1034
4919,新唐,14,1,13,土銀-嘉義,2023-12-01,1034
2891,中信金,12,0,12,土銀-嘉義,2023-12-01,1034
00882,中信中國高股息,12,1,11,土銀-嘉義,2023-12-01,1034
2405,輔信,14,3,11,土銀-嘉義,2023-12-01,1034
5328,華容,18,7,11,土銀-嘉義,2023-12-01,1034
00773B,中信優先金融債,10,0,10,土銀-嘉義,2023-12-01,1034
2355,敬鵬,11,1,10,土銀-嘉義,2023-12-01,1034
2356,英業達,10,0,10,土銀-嘉義,2023-12-01,1034
2867,三商壽,10,0,10,土銀-嘉義,2023-12-01,1034
3706,神達,17,7,10,土銀-嘉義,2023-12-01,1034
00751B,元大AAA至A公司債,9,0,9,土銀-嘉義,2023-12-01,1034
00715L,期街口布蘭特正2,8,0,8,土銀-嘉義,2023-12-01,1034
00679B,元大美債20年,8,0,8,土銀-嘉義,2023-12-01,1034
2888,新光金,8,1,7,土銀-嘉義,2023-12-01,1034
2401,凌陽,7,1,6,土銀-嘉義,2023-12-01,1034
2498,宏達電,6,0,6,土銀-嘉義,2023-12-01,1034
3231,緯創,13,7,6,土銀-嘉義,2023-12-01,1034
3702,大聯大,6,0,6,土銀-嘉義,2023-12-01,1034
8176,智捷,6,0,6,土銀-嘉義,2023-12-01,1034
1503,士電,5,0,5,土銀-嘉義,2023-12-01,1034
2408,南亞科,6,1,5,土銀-嘉義,2023-12-01,1034
2882,國泰金,5,0,5,土銀-嘉義,2023-12-01,1034
4114,健喬,13,8,5,土銀-嘉義,2023-12-01,1034
5347,世界,5,0,5,土銀-嘉義,2023-12-01,1034
3545,敦泰,6,2,4,土銀-嘉義,2023-12-01,1034
00687B,國泰20年美債,4,0,4,土銀-嘉義,2023-12-01,1034
00916,國泰全球品牌50,4,0,4,土銀-嘉義,2023-12-01,1034
00931B,統一美債20年,4,0,4,土銀-嘉義,2023-12-01,1034
2014,中鴻,4,0,4,土銀-嘉義,2023-12-01,1034
2301,光寶科,7,3,4,土銀-嘉義,2023-12-01,1034
2332,友訊,4,0,4,土銀-嘉義,2023-12-01,1034
2880,華南金,4,0,4,土銀-嘉義,2023-12-01,1034
2884,玉山金,4,0,4,土銀-嘉義,2023-12-01,1034
1101,台泥,4,1,3,土銀-嘉義,2023-12-01,1034
2312,金寶,3,0,3,土銀-嘉義,2023-12-01,1034
00933B,國泰10Y+金融債,217,0,217,土銀-嘉義,2023-12-04,1034
2884,玉山金,72,0,72,土銀-嘉義,2023-12-04,1034
00715L,期街口布蘭特正2,40,0,40,土銀-嘉義,2023-12-04,1034
6288,聯嘉,42,2,40,土銀-嘉義,2023-12-04,1034
1802,台玻,41,19,22,土銀-嘉義,2023-12-04,1034
2393,億光,20,0,20,土銀-嘉義,2023-12-04,1034
3481,群創,22,4,18,土銀-嘉義,2023-12-04,1034
2867,三商壽,16,0,16,土銀-嘉義,2023-12-04,1034
00918,大華優利高填息30,15,0,15,土銀-嘉義,2023-12-04,1034
3264,欣銓,17,2,15,土銀-嘉義,2023-12-04,1034
6285,啟��,22,8,14,土銀-嘉義,2023-12-04,1034
00915,凱基優選高股息30,12,0,12,土銀-嘉義,2023-12-04,1034
3260,威剛,15,3,12,土銀-嘉義,2023-12-04,1034
9103,美德醫療-DR,12,0,12,土銀-嘉義,2023-12-04,1034
00665L,富邦�琤肭磪囓�2,11,0,11,土銀-嘉義,2023-12-04,1034
3317,尼克森,11,0,11,土銀-嘉義,2023-12-04,1034
00712,復華富時不動產,10,0,10,土銀-嘉義,2023-12-04,1034
2421,建準,10,0,10,土銀-嘉義,2023-12-04,1034
2438,翔耀,10,0,10,土銀-嘉義,2023-12-04,1034
2634,漢翔,10,0,10,土銀-嘉義,2023-12-04,1034
2891,中信金,10,0,10,土銀-嘉義,2023-12-04,1034
00680L,元大美債20正2,16,7,9,土銀-嘉義,2023-12-04,1034
1504,東元,9,1,8,土銀-嘉義,2023-12-04,1034
4909,新復興,8,0,8,土銀-嘉義,2023-12-04,1034
4967,十銓,10,2,8,土銀-嘉義,2023-12-04,1034
00882,中信中國高股息,6,0,6,土銀-嘉義,2023-12-04,1034
2105,正新,6,0,6,土銀-嘉義,2023-12-04,1034
2606,裕民,7,1,6,土銀-嘉義,2023-12-04,1034
4440,宜新實業,6,0,6,土銀-嘉義,2023-12-04,1034
1216,統一,6,1,5,土銀-嘉義,2023-12-04,1034
00885,富邦越南,5,0,5,土銀-嘉義,2023-12-04,1034
2025,千興,5,0,5,土銀-嘉義,2023-12-04,1034
2208,台船,5,0,5,土銀-嘉義,2023-12-04,1034
2355,敬鵬,7,2,5,土銀-嘉義,2023-12-04,1034
2409,友達,5,0,5,土銀-嘉義,2023-12-04,1034
3094,聯傑,5,0,5,土銀-嘉義,2023-12-04,1034
3390,旭軟,5,0,5,土銀-嘉義,2023-12-04,1034
6147,頎邦,5,0,5,土銀-嘉義,2023-12-04,1034
6173,信昌電,5,0,5,土銀-嘉義,2023-12-04,1034
2382,廣達,8,4,4,土銀-嘉義,2023-12-04,1034
3231,緯創,13,9,4,土銀-嘉義,2023-12-04,1034
00916,國泰全球品牌50,4,0,4,土銀-嘉義,2023-12-04,1034
1325,恆大,5,1,4,土銀-嘉義,2023-12-04,1034
1701,中化,5,1,4,土銀-嘉義,2023-12-04,1034
6625,必應,4,0,4,土銀-嘉義,2023-12-04,1034
2812,台中銀,3,0,3,土銀-嘉義,2023-12-04,1034
3483,力致,4,1,3,土銀-嘉義,2023-12-04,1034
3624,光頡,3,0,3,土銀-嘉義,2023-12-04,1034
5426,振發,3,0,3,土銀-嘉義,2023-12-04,1034
5531,鄉林,3,0,3,土銀-嘉義,2023-12-04,1034
1802,台玻,150,0,150,土銀-嘉義,2023-12-05,1034
1101,台泥,112,3,109,土銀-嘉義,2023-12-05,1034
00687B,國泰20年美債,104,5,99,土銀-嘉義,2023-12-05,1034
00919,群益台灣精選高息,56,0,56,土銀-嘉義,2023-12-05,1034
00918,大華優利高填息30,40,0,40,土銀-嘉義,2023-12-05,1034
2887,台新金,35,0,35,土銀-嘉義,2023-12-05,1034
2641,正德,52,22,30,土銀-嘉義,2023-12-05,1034
00915,凱基優選高股息30,32,5,27,土銀-嘉義,2023-12-05,1034
3231,緯創,34,10,24,土銀-嘉義,2023-12-05,1034
00929,復華台灣科技優息,28,8,20,土銀-嘉義,2023-12-05,1034
00934,中信成長高股息,20,0,20,土銀-嘉義,2023-12-05,1034
2601,益航,20,1,19,土銀-嘉義,2023-12-05,1034
3306,鼎天,19,0,19,土銀-嘉義,2023-12-05,1034
00665L,富邦�琤肭磪囓�2,43,26,17,土銀-嘉義,2023-12-05,1034
00679B,元大美債20年,14,0,14,土銀-嘉義,2023-12-05,1034
3290,東浦,14,0,14,土銀-嘉義,2023-12-05,1034
00937B,群益ESG投等債20,13,0,13,土銀-嘉義,2023-12-05,1034
1605,華新,14,1,13,土銀-嘉義,2023-12-05,1034
00715L,期街口布蘭特正2,12,0,12,土銀-嘉義,2023-12-05,1034
2883,凱基金,12,0,12,土銀-嘉義,2023-12-05,1034
2891,中信金,12,0,12,土銀-嘉義,2023-12-05,1034
00931B,統一美債20年,11,0,11,土銀-嘉義,2023-12-05,1034
2611,志信,11,0,11,土銀-嘉義,2023-12-05,1034
2617,台航,16,5,11,土銀-嘉義,2023-12-05,1034
4967,十銓,11,0,11,土銀-嘉義,2023-12-05,1034
00636,國泰中國A50,10,0,10,土銀-嘉義,2023-12-05,1034
3083,網龍,10,0,10,土銀-嘉義,2023-12-05,1034
4939,亞電,10,0,10,土銀-嘉義,2023-12-05,1034
1905,華紙,10,2,8,土銀-嘉義,2023-12-05,1034
2303,聯電,8,0,8,土銀-嘉義,2023-12-05,1034
2882,國泰金,8,0,8,土銀-嘉義,2023-12-05,1034
00882,中信中國高股息,7,0,7,土銀-嘉義,2023-12-05,1034
2316,楠梓電,7,0,7,土銀-嘉義,2023-12-05,1034
2363,矽統,7,0,7,土銀-嘉義,2023-12-05,1034
5351,鈺創,8,1,7,土銀-嘉義,2023-12-05,1034
5608,四維航,9,2,7,土銀-嘉義,2023-12-05,1034
6173,信昌電,7,0,7,土銀-嘉義,2023-12-05,1034
3062,建漢,6,0,6,土銀-嘉義,2023-12-05,1034
5603,陸海,6,0,6,土銀-嘉義,2023-12-05,1034
1324,地球,5,0,5,土銀-嘉義,2023-12-05,1034
1712,興農,5,0,5,土銀-嘉義,2023-12-05,1034
1815,富喬,5,0,5,土銀-嘉義,2023-12-05,1034
2329,華泰,16,11,5,土銀-嘉義,2023-12-05,1034
2402,毅嘉,5,0,5,土銀-嘉義,2023-12-05,1034
2478,大毅,5,0,5,土銀-嘉義,2023-12-05,1034
2488,漢平,5,0,5,土銀-嘉義,2023-12-05,1034
2867,三商壽,5,0,5,土銀-嘉義,2023-12-05,1034
3322,建舜電,5,0,5,土銀-嘉義,2023-12-05,1034
3535,晶彩科,5,0,5,土銀-嘉義,2023-12-05,1034
5347,世界,5,0,5,土銀-嘉義,2023-12-05,1034
2371,大同,167,0,167,土銀-嘉義,2023-12-06,1034
2801,彰銀,100,0,100,土銀-嘉義,2023-12-06,1034
2883,凱基金,65,0,65,土銀-嘉義,2023-12-06,1034
3481,群創,28,0,28,土銀-嘉義,2023-12-06,1034
1301,台塑,23,0,23,土銀-嘉義,2023-12-06,1034
00688L,國泰20年美債正2,20,0,20,土銀-嘉義,2023-12-06,1034
2883B,凱基金乙特,20,0,20,土銀-嘉義,2023-12-06,1034
1504,東元,56,41,15,土銀-嘉義,2023-12-06,1034
00637L,元大滬深300正2,23,9,14,土銀-嘉義,2023-12-06,1034
2303,聯電,16,3,13,土銀-嘉義,2023-12-06,1034
8088,品安,16,3,13,土銀-嘉義,2023-12-06,1034
00715L,期街口布蘭特正2,12,0,12,土銀-嘉義,2023-12-06,1034
2317,鴻海,11,0,11,土銀-嘉義,2023-12-06,1034
00751B,元大AAA至A公司債,10,0,10,土銀-嘉義,2023-12-06,1034
00636,國泰中國A50,10,0,10,土銀-嘉義,2023-12-06,1034
00632R,元大台灣50反1,10,0,10,土銀-嘉義,2023-12-06,1034
2605,新興,19,9,10,土銀-嘉義,2023-12-06,1034
5210,寶碩,10,0,10,土銀-嘉義,2023-12-06,1034
1529,樂事綠能,29,20,9,土銀-嘉義,2023-12-06,1034
6122,擎邦,10,1,9,土銀-嘉義,2023-12-06,1034
2329,華泰,20,13,7,土銀-嘉義,2023-12-06,1034
2355,敬鵬,7,0,7,土銀-嘉義,2023-12-06,1034
2419,仲琦,16,9,7,土銀-嘉義,2023-12-06,1034
6285,啟��,7,1,6,土銀-嘉義,2023-12-06,1034
2367,燿華,18,12,6,土銀-嘉義,2023-12-06,1034
1216,統一,6,0,6,土銀-嘉義,2023-12-06,1034
2029,盛餘,5,0,5,土銀-嘉義,2023-12-06,1034
2375,凱美,5,0,5,土銀-嘉義,2023-12-06,1034
2468,華經,6,1,5,土銀-嘉義,2023-12-06,1034
2484,希華,5,0,5,土銀-嘉義,2023-12-06,1034
2812,台中銀,5,0,5,土銀-嘉義,2023-12-06,1034
6271,同欣電,5,0,5,土銀-嘉義,2023-12-06,1034
6684,安格,15,10,5,土銀-嘉義,2023-12-06,1034
1568,倉佑,4,0,4,土銀-嘉義,2023-12-06,1034
00679B,元大美債20年,6,2,4,土銀-嘉義,2023-12-06,1034
00916,國泰全球品牌50,4,0,4,土銀-嘉義,2023-12-06,1034
2017,官田鋼,4,0,4,土銀-嘉義,2023-12-06,1034
2313,華通,23,19,4,土銀-嘉義,2023-12-06,1034
2364,倫飛,4,0,4,土銀-嘉義,2023-12-06,1034
2409,友達,4,0,4,土銀-嘉義,2023-12-06,1034
2637,慧洋-KY,16,12,4,土銀-嘉義,2023-12-06,1034
3014,聯陽,4,0,4,土銀-嘉義,2023-12-06,1034
3050,鈺德,4,0,4,土銀-嘉義,2023-12-06,1034
3162,精確,4,0,4,土銀-嘉義,2023-12-06,1034
4581,光隆精密-KY,4,0,4,土銀-嘉義,2023-12-06,1034
6156,松上,4,0,4,土銀-嘉義,2023-12-06,1034
3037,欣興,4,1,3,土銀-嘉義,2023-12-06,1034
1101,台泥,3,0,3,土銀-嘉義,2023-12-06,1034
00937B,群益ESG投等債20,33,30,3,土銀-嘉義,2023-12-06,1034
00931B,統一美債20年,3,0,3,土銀-嘉義,2023-12-06,1034
00933B,國泰10Y+金融債,115,0,115,土銀-嘉義,2023-12-07,1034
00931B,統一美債20年,71,0,71,土銀-嘉義,2023-12-07,1034
00937B,群益ESG投等債20,60,2,58,土銀-嘉義,2023-12-07,1034
00919,群益台灣精選高息,35,3,32,土銀-嘉義,2023-12-07,1034
2610,華航,43,18,25,土銀-嘉義,2023-12-07,1034
1609,大亞,44,19,25,土銀-嘉義,2023-12-07,1034
4414,如興,20,0,20,土銀-嘉義,2023-12-07,1034
3481,群創,18,0,18,土銀-嘉義,2023-12-07,1034
00679B,元大美債20年,16,0,16,土銀-嘉義,2023-12-07,1034
6243,迅杰,29,15,14,土銀-嘉義,2023-12-07,1034
3231,緯創,21,8,13,土銀-嘉義,2023-12-07,1034
2363,矽統,13,1,12,土銀-嘉義,2023-12-07,1034
2889,國票金,12,0,12,土銀-嘉義,2023-12-07,1034
1568,倉佑,12,1,11,土銀-嘉義,2023-12-07,1034
2881,富邦金,11,0,11,土銀-嘉義,2023-12-07,1034
00636,國泰中國A50,10,0,10,土銀-嘉義,2023-12-07,1034
1802,台玻,10,0,10,土銀-嘉義,2023-12-07,1034
2312,金寶,10,0,10,土銀-嘉義,2023-12-07,1034
3041,揚智,13,3,10,土銀-嘉義,2023-12-07,1034
00929,復華台灣科技優息,12,3,9,土銀-嘉義,2023-12-07,1034
2882,國泰金,9,0,9,土銀-嘉義,2023-12-07,1034
1513,中興電,8,0,8,土銀-嘉義,2023-12-07,1034
2354,鴻準,8,0,8,土銀-嘉義,2023-12-07,1034
6443,元晶,8,0,8,土銀-嘉義,2023-12-07,1034
00642U,期元大S＆P石油,7,0,7,土銀-嘉義,2023-12-07,1034
00918,大華優利高填息30,7,0,7,土銀-嘉義,2023-12-07,1034
00715L,期街口布蘭特正2,7,0,7,土銀-嘉義,2023-12-07,1034
1616,億泰,7,0,7,土銀-嘉義,2023-12-07,1034
2337,旺宏,7,0,7,土銀-嘉義,2023-12-07,1034
3484,崧騰,7,0,7,土銀-嘉義,2023-12-07,1034
6139,亞翔,7,0,7,土銀-嘉義,2023-12-07,1034
00882,中信中國高股息,6,0,6,土銀-嘉義,2023-12-07,1034
00665L,富邦�琤肭磪囓�2,6,0,6,土銀-嘉義,2023-12-07,1034
1618,合機,19,13,6,土銀-嘉義,2023-12-07,1034
2344,華邦電,6,0,6,土銀-嘉義,2023-12-07,1034
2377,微星,5,0,5,土銀-嘉義,2023-12-07,1034
00637L,元大滬深300正2,14,9,5,土銀-嘉義,2023-12-07,1034
00751B,元大AAA至A公司債,10,5,5,土銀-嘉義,2023-12-07,1034
2313,華通,10,5,5,土銀-嘉義,2023-12-07,1034
2543,皇昌,5,0,5,土銀-嘉義,2023-12-07,1034
2609,陽明,8,3,5,土銀-嘉義,2023-12-07,1034
2612,中航,5,0,5,土銀-嘉義,2023-12-07,1034
2852,第一保,5,0,5,土銀-嘉義,2023-12-07,1034
3114,好德,5,0,5,土銀-嘉義,2023-12-07,1034
3138,耀登,5,0,5,土銀-嘉義,2023-12-07,1034
8930,青鋼,5,0,5,土銀-嘉義,2023-12-07,1034
2330,台積電,4,0,4,土銀-嘉義,2023-12-07,1034
00706L,期元大S＆P日圓正2,4,0,4,土銀-嘉義,2023-12-07,1034
00916,國泰全球品牌50,4,0,4,土銀-嘉義,2023-12-07,1034
2375,凱美,4,0,4,土銀-嘉義,2023-12-07,1034
00937B,群益ESG投等債20,67,0,67,土銀-嘉義,2023-12-08,1034
2449,京元電子,23,1,22,土銀-嘉義,2023-12-08,1034
00687B,國泰20年美債,22,0,22,土銀-嘉義,2023-12-08,1034
0056,元大高股息,20,0,20,土銀-嘉義,2023-12-08,1034
1524,耿鼎,33,14,19,土銀-嘉義,2023-12-08,1034
5351,鈺創,35,17,18,土銀-嘉義,2023-12-08,1034
1529,樂事綠能,21,4,17,土銀-嘉義,2023-12-08,1034
2606,裕民,17,3,14,土銀-嘉義,2023-12-08,1034
2888,新光金,13,0,13,土銀-嘉義,2023-12-08,1034
00882,中信中國高股息,13,0,13,土銀-嘉義,2023-12-08,1034
00715L,期街口布蘭特正2,12,0,12,土銀-嘉義,2023-12-08,1034
2889,國票金,12,0,12,土銀-嘉義,2023-12-08,1034
3290,東浦,12,0,12,土銀-嘉義,2023-12-08,1034
5608,四維航,11,0,11,土銀-嘉義,2023-12-08,1034
00636,國泰中國A50,10,0,10,土銀-嘉義,2023-12-08,1034
3231,緯創,13,3,10,土銀-嘉義,2023-12-08,1034
00642U,期元大S＆P石油,10,1,9,土銀-嘉義,2023-12-08,1034
2478,大毅,8,0,8,土銀-嘉義,2023-12-08,1034
3390,旭軟,9,1,8,土銀-嘉義,2023-12-08,1034
1513,中興電,10,3,7,土銀-嘉義,2023-12-08,1034
2236,百達-KY,7,0,7,土銀-嘉義,2023-12-08,1034
2882,國泰金,7,0,7,土銀-嘉義,2023-12-08,1034
5302,太欣,6,0,6,土銀-嘉義,2023-12-08,1034
1444,力麗,5,0,5,土銀-嘉義,2023-12-08,1034
00679B,元大美債20年,16,11,5,土銀-嘉義,2023-12-08,1034
2337,旺宏,9,4,5,土銀-嘉義,2023-12-08,1034
2543,皇昌,5,0,5,土銀-嘉義,2023-12-08,1034
2641,正德,7,2,5,土銀-嘉義,2023-12-08,1034
3059,華晶科,7,2,5,土銀-嘉義,2023-12-08,1034
3483,力致,5,0,5,土銀-嘉義,2023-12-08,1034
4906,正文,5,0,5,土銀-嘉義,2023-12-08,1034
6117,迎廣,5,0,5,土銀-嘉義,2023-12-08,1034
00706L,期元大S＆P日圓正2,4,0,4,土銀-嘉義,2023-12-08,1034
1503,士電,5,1,4,土銀-嘉義,2023-12-08,1034
2851,中再保,4,0,4,土銀-嘉義,2023-12-08,1034
3128,昇銳,4,0,4,土銀-嘉義,2023-12-08,1034
3704,合勤控,5,1,4,土銀-嘉義,2023-12-08,1034
6148,驊宏資,4,0,4,土銀-嘉義,2023-12-08,1034
6197,佳必琪,4,0,4,土銀-嘉義,2023-12-08,1034
6625,必應,4,0,4,土銀-嘉義,2023-12-08,1034
8261,富鼎,4,0,4,土銀-嘉義,2023-12-08,1034
3035,智原,6,3,3,土銀-嘉義,2023-12-08,1034
2358,廷鑫,15,12,3,土銀-嘉義,2023-12-08,1034
2450,神腦,3,0,3,土銀-嘉義,2023-12-08,1034
3714,富采,3,0,3,土銀-嘉義,2023-12-08,1034
6274,台燿,3,0,3,土銀-嘉義,2023-12-08,1034
6806,森崴能源,3,0,3,土銀-嘉義,2023-12-08,1034
8049,晶采,3,0,3,土銀-嘉義,2023-12-08,1034
1504,東元,7,5,2,土銀-嘉義,2023-12-08,1034
1532,勤美,2,0,2,土銀-嘉義,2023-12-08,1034
00665L,富邦�琤肭磪囓�2,71,17,54,土銀-嘉義,2023-12-11,1034
2867,三商壽,30,0,30,土銀-嘉義,2023-12-11,1034
00919,群益台灣精選高息,40,10,30,土銀-嘉義,2023-12-11,1034
2892,第一金,25,0,25,土銀-嘉義,2023-12-11,1034
00882,中信中國高股息,21,0,21,土銀-嘉義,2023-12-11,1034
2888,新光金,20,0,20,土銀-嘉義,2023-12-11,1034
1524,耿鼎,33,15,18,土銀-嘉義,2023-12-11,1034
2603,長榮,20,3,17,土銀-嘉義,2023-12-11,1034
00929,復華台灣科技優息,18,2,16,土銀-嘉義,2023-12-11,1034
1104,環泥,15,0,15,土銀-嘉義,2023-12-11,1034
1609,大亞,19,4,15,土銀-嘉義,2023-12-11,1034
2329,華泰,19,6,13,土銀-嘉義,2023-12-11,1034
6191,精成科,13,1,12,土銀-嘉義,2023-12-11,1034
00680L,元大美債20正2,13,2,11,土銀-嘉義,2023-12-11,1034
2618,長榮航,12,1,11,土銀-嘉義,2023-12-11,1034
00636,國泰中國A50,10,0,10,土銀-嘉義,2023-12-11,1034
00688L,國泰20年美債正2,10,0,10,土銀-嘉義,2023-12-11,1034
2317,鴻海,10,0,10,土銀-嘉義,2023-12-11,1034
3357,臺慶科,12,2,10,土銀-嘉義,2023-12-11,1034
4707,磐亞,10,0,10,土銀-嘉義,2023-12-11,1034
00937B,群益ESG投等債20,9,0,9,土銀-嘉義,2023-12-11,1034
1519,華城,13,4,9,土銀-嘉義,2023-12-11,1034
2388,威盛,18,9,9,土銀-嘉義,2023-12-11,1034
6233,旺玖,11,2,9,土銀-嘉義,2023-12-11,1034
8176,智捷,8,0,8,土銀-嘉義,2023-12-11,1034
4938,和碩,10,2,8,土銀-嘉義,2023-12-11,1034
1584,精剛,7,0,7,土銀-嘉義,2023-12-11,1034
2449,京元電子,7,0,7,土銀-嘉義,2023-12-11,1034
2465,麗臺,8,1,7,土銀-嘉義,2023-12-11,1034
4979,華星光,21,14,7,土銀-嘉義,2023-12-11,1034
2002,中鋼,6,0,6,土銀-嘉義,2023-12-11,1034
1568,倉佑,6,0,6,土銀-嘉義,2023-12-11,1034
00918,大華優利高填息30,6,0,6,土銀-嘉義,2023-12-11,1034
00931B,統一美債20年,6,0,6,土銀-嘉義,2023-12-11,1034
00679B,元大美債20年,6,0,6,土銀-嘉義,2023-12-11,1034
2606,裕民,6,0,6,土銀-嘉義,2023-12-11,1034
6147,頎邦,6,0,6,土銀-嘉義,2023-12-11,1034
00687B,國泰20年美債,5,0,5,土銀-嘉義,2023-12-11,1034
1604,聲寶,5,0,5,土銀-嘉義,2023-12-11,1034
1720,生達,5,0,5,土銀-嘉義,2023-12-11,1034
1802,台玻,5,0,5,土銀-嘉義,2023-12-11,1034
2363,矽統,9,4,5,土銀-嘉義,2023-12-11,1034
2369,菱生,5,0,5,土銀-嘉義,2023-12-11,1034
2885,元大金,5,0,5,土銀-嘉義,2023-12-11,1034
3483,力致,5,0,5,土銀-嘉義,2023-12-11,1034
5608,四維航,5,0,5,土銀-嘉義,2023-12-11,1034
6290,良維,5,0,5,土銀-嘉義,2023-12-11,1034
2891,中信金,5,0,5,土銀-嘉義,2023-12-11,1034
2458,義隆,5,0,5,土銀-嘉義,2023-12-11,1034
1731,美吾華,4,0,4,土銀-嘉義,2023-12-11,1034
5426,振發,61,2,59,土銀-嘉義,2023-12-12,1034
00679B,元大美債20年,53,1,52,土銀-嘉義,2023-12-12,1034
00751B,元大AAA至A公司債,50,0,50,土銀-嘉義,2023-12-12,1034
2888,新光金,34,0,34,土銀-嘉義,2023-12-12,1034
2618,長榮航,47,14,33,土銀-嘉義,2023-12-12,1034
00687B,國泰20年美債,32,1,31,土銀-嘉義,2023-12-12,1034
5347,世界,24,2,22,土銀-嘉義,2023-12-12,1034
2883,凱基金,20,0,20,土銀-嘉義,2023-12-12,1034
3481,群創,24,5,19,土銀-嘉義,2023-12-12,1034
00937B,群益ESG投等債20,16,0,16,土銀-嘉義,2023-12-12,1034
2002,中鋼,16,0,16,土銀-嘉義,2023-12-12,1034
1301,台塑,14,0,14,土銀-嘉義,2023-12-12,1034
2352,佳世達,17,3,14,土銀-嘉義,2023-12-12,1034
00773B,中信優先金融債,13,0,13,土銀-嘉義,2023-12-12,1034
2402,毅嘉,14,1,13,土銀-嘉義,2023-12-12,1034
2889,國票金,12,0,12,土銀-嘉義,2023-12-12,1034
1618,合機,14,4,10,土銀-嘉義,2023-12-12,1034
2201,裕隆,10,0,10,土銀-嘉義,2023-12-12,1034
2630,亞航,10,0,10,土銀-嘉義,2023-12-12,1034
8096,擎亞,10,0,10,土銀-嘉義,2023-12-12,1034
00918,大華優利高填息30,12,3,9,土銀-嘉義,2023-12-12,1034
2851,中再保,9,0,9,土銀-嘉義,2023-12-12,1034
3264,欣銓,10,1,9,土銀-嘉義,2023-12-12,1034
2427,三商電,11,3,8,土銀-嘉義,2023-12-12,1034
2882,國泰金,8,0,8,土銀-嘉義,2023-12-12,1034
3306,鼎天,8,0,8,土銀-嘉義,2023-12-12,1034
1802,台玻,7,0,7,土銀-嘉義,2023-12-12,1034
5487,通泰,7,0,7,土銀-嘉義,2023-12-12,1034
6509,聚和,7,0,7,土銀-嘉義,2023-12-12,1034
1504,東元,6,0,6,土銀-嘉義,2023-12-12,1034
1514,亞力,7,2,5,土銀-嘉義,2023-12-12,1034
1591,駿吉-KY,5,0,5,土銀-嘉義,2023-12-12,1034
2313,華通,12,7,5,土銀-嘉義,2023-12-12,1034
2374,佳能,15,10,5,土銀-嘉義,2023-12-12,1034
3441,聯一光,5,0,5,土銀-嘉義,2023-12-12,1034
4906,正文,13,8,5,土銀-嘉義,2023-12-12,1034
6684,安格,19,14,5,土銀-嘉義,2023-12-12,1034
1709,和益,4,0,4,土銀-嘉義,2023-12-12,1034
1815,富喬,4,0,4,土銀-嘉義,2023-12-12,1034
2388,威盛,10,6,4,土銀-嘉義,2023-12-12,1034
2428,興勤,4,0,4,土銀-嘉義,2023-12-12,1034
2465,麗臺,4,0,4,土銀-嘉義,2023-12-12,1034
2498,宏達電,4,0,4,土銀-嘉義,2023-12-12,1034
2605,新興,8,4,4,土銀-嘉義,2023-12-12,1034
3576,聯合再生,4,0,4,土銀-嘉義,2023-12-12,1034
3706,神達,4,0,4,土銀-嘉義,2023-12-12,1034
4506,崇友,4,0,4,土銀-嘉義,2023-12-12,1034
4743,合一,5,1,4,土銀-嘉義,2023-12-12,1034
4967,十銓,5,1,4,土銀-嘉義,2023-12-12,1034
6197,佳必琪,4,0,4,土銀-嘉義,2023-12-12,1034
2888,新光金,212,0,212,土銀-嘉義,2023-12-13,1034
2845,遠東銀,181,1,180,土銀-嘉義,2023-12-13,1034
2883,凱基金,105,30,75,土銀-嘉義,2023-12-13,1034
2371,大同,83,20,63,土銀-嘉義,2023-12-13,1034
00878,國泰永續高股息,44,0,44,土銀-嘉義,2023-12-13,1034
00918,大華優利高填息30,34,1,33,土銀-嘉義,2023-12-13,1034
00882,中信中國高股息,31,0,31,土銀-嘉義,2023-12-13,1034
00715L,期街口布蘭特正2,27,0,27,土銀-嘉義,2023-12-13,1034
8112,至上,29,2,27,土銀-嘉義,2023-12-13,1034
00934,中信成長高股息,24,0,24,土銀-嘉義,2023-12-13,1034
00937B,群益ESG投等債20,21,0,21,土銀-嘉義,2023-12-13,1034
00632R,元大台灣50反1,20,4,16,土銀-嘉義,2023-12-13,1034
2002,中鋼,15,0,15,土銀-嘉義,2023-12-13,1034
00919,群益台灣精選高息,48,33,15,土銀-嘉義,2023-12-13,1034
00773B,中信優先金融債,15,0,15,土銀-嘉義,2023-12-13,1034
2324,仁寶,42,27,15,土銀-嘉義,2023-12-13,1034
4502,健信,15,0,15,土銀-嘉義,2023-12-13,1034
2303,聯電,18,4,14,土銀-嘉義,2023-12-13,1034
2313,華通,22,9,13,土銀-嘉義,2023-12-13,1034
2317,鴻海,12,0,12,土銀-嘉義,2023-12-13,1034
2889,國票金,12,0,12,土銀-嘉義,2023-12-13,1034
6127,九豪,12,0,12,土銀-嘉義,2023-12-13,1034
00712,復華富時不動產,11,0,11,土銀-嘉義,2023-12-13,1034
00830,國泰費城半導體,10,0,10,土銀-嘉義,2023-12-13,1034
00892,富邦台灣半導體,10,0,10,土銀-嘉義,2023-12-13,1034
00636,國泰中國A50,10,0,10,土銀-嘉義,2023-12-13,1034
0050,元大台灣50,10,0,10,土銀-嘉義,2023-12-13,1034
00751B,元大AAA至A公司債,10,0,10,土銀-嘉義,2023-12-13,1034
3363,上詮,10,0,10,土銀-嘉義,2023-12-13,1034
3484,崧騰,10,0,10,土銀-嘉義,2023-12-13,1034
00637L,元大滬深300正2,35,26,9,土銀-嘉義,2023-12-13,1034
2409,友達,10,2,8,土銀-嘉義,2023-12-13,1034
2618,長榮航,14,7,7,土銀-嘉義,2023-12-13,1034
3607,谷崧,12,5,7,土銀-嘉義,2023-12-13,1034
2402,毅嘉,6,0,6,土銀-嘉義,2023-12-13,1034
2609,陽明,6,0,6,土銀-嘉義,2023-12-13,1034
4979,華星光,6,0,6,土銀-嘉義,2023-12-13,1034
2105,正新,6,0,6,土銀-嘉義,2023-12-13,1034
1514,亞力,6,1,5,土銀-嘉義,2023-12-13,1034
00898,國泰基因免疫革命,5,0,5,土銀-嘉義,2023-12-13,1034
00857B,永豐20年美公債,5,0,5,土銀-嘉義,2023-12-13,1034
1605,華新,5,0,5,土銀-嘉義,2023-12-13,1034
2375,凱美,5,0,5,土銀-嘉義,2023-12-13,1034
2641,正德,5,0,5,土銀-嘉義,2023-12-13,1034
3702,大聯大,6,1,5,土銀-嘉義,2023-12-13,1034
4906,正文,10,5,5,土銀-嘉義,2023-12-13,1034
4976,佳凌,8,3,5,土銀-嘉義,2023-12-13,1034
00642U,期元大S＆P石油,5,1,4,土銀-嘉義,2023-12-13,1034
2610,華航,6,2,4,土銀-嘉義,2023-12-13,1034
6282,康舒,5,1,4,土銀-嘉義,2023-12-13,1034
00929,復華台灣科技優息,163,5,158,土銀-嘉義,2023-12-14,1034
2883,凱基金,196,65,131,土銀-嘉義,2023-12-14,1034
00931B,統一美債20年,60,0,60,土銀-嘉義,2023-12-14,1034
00933B,國泰10Y+金融債,58,0,58,土銀-嘉義,2023-12-14,1034
2888,新光金,63,15,48,土銀-嘉義,2023-12-14,1034
2313,華通,59,19,40,土銀-嘉義,2023-12-14,1034
00679B,元大美債20年,39,2,37,土銀-嘉義,2023-12-14,1034
00936,台新永續高息中小,31,0,31,土銀-嘉義,2023-12-14,1034
2484,希華,25,0,25,土銀-嘉義,2023-12-14,1034
00687B,國泰20年美債,32,10,22,土銀-嘉義,2023-12-14,1034
5426,振發,27,5,22,土銀-嘉義,2023-12-14,1034
2371,大同,20,0,20,土銀-嘉義,2023-12-14,1034
8088,品安,29,9,20,土銀-嘉義,2023-12-14,1034
2630,亞航,17,0,17,土銀-嘉義,2023-12-14,1034
2474,可成,15,0,15,土銀-嘉義,2023-12-14,1034
2606,裕民,15,0,15,土銀-嘉義,2023-12-14,1034
2905,三商,15,0,15,土銀-嘉義,2023-12-14,1034
8150,南茂,15,1,14,土銀-嘉義,2023-12-14,1034
3231,緯創,15,2,13,土銀-嘉義,2023-12-14,1034
2387,精元,20,7,13,土銀-嘉義,2023-12-14,1034
3390,旭軟,17,4,13,土銀-嘉義,2023-12-14,1034
6016,康和證,13,0,13,土銀-嘉義,2023-12-14,1034
2615,萬海,62,50,12,土銀-嘉義,2023-12-14,1034
00637L,元大滬深300正2,15,4,11,土銀-嘉義,2023-12-14,1034
1609,大亞,11,0,11,土銀-嘉義,2023-12-14,1034
2637,慧洋-KY,11,0,11,土銀-嘉義,2023-12-14,1034
5328,華容,12,1,11,土銀-嘉義,2023-12-14,1034
6173,信昌電,11,0,11,土銀-嘉義,2023-12-14,1034
00696B,富邦美債20年,10,0,10,土銀-嘉義,2023-12-14,1034
00830,國泰費城半導體,10,0,10,土銀-嘉義,2023-12-14,1034
00636,國泰中國A50,10,0,10,土銀-嘉義,2023-12-14,1034
00893,國泰智能電動車,10,0,10,土銀-嘉義,2023-12-14,1034
2329,華泰,12,2,10,土銀-嘉義,2023-12-14,1034
6770,力積電,10,0,10,土銀-嘉義,2023-12-14,1034
2465,麗臺,10,0,10,土銀-嘉義,2023-12-14,1034
1718,中纖,9,0,9,土銀-嘉義,2023-12-14,1034
2515,中工,14,5,9,土銀-嘉義,2023-12-14,1034
2543,皇昌,10,1,9,土銀-嘉義,2023-12-14,1034
00915,凱基優選高股息30,8,0,8,土銀-嘉義,2023-12-14,1034
2353,宏��,11,3,8,土銀-嘉義,2023-12-14,1034
2816,旺旺保,8,0,8,土銀-嘉義,2023-12-14,1034
4502,健信,8,0,8,土銀-嘉義,2023-12-14,1034
4979,華星光,7,0,7,土銀-嘉義,2023-12-14,1034
1734,杏輝,6,0,6,土銀-嘉義,2023-12-14,1034
2002,中鋼,6,0,6,土銀-嘉義,2023-12-14,1034
2301,光寶科,12,6,6,土銀-嘉義,2023-12-14,1034
00680L,元大美債20正2,5,0,5,土銀-嘉義,2023-12-14,1034
00751B,元大AAA至A公司債,5,0,5,土銀-嘉義,2023-12-14,1034
2362,藍天,5,0,5,土銀-嘉義,2023-12-14,1034
2405,輔信,5,0,5,土銀-嘉義,2023-12-14,1034
00680L,元大美債20正2,318,1,317,土銀-嘉義,2023-12-15,1034
00751B,元大AAA至A公司債,54,0,54,土銀-嘉義,2023-12-15,1034
00918,大華優利高填息30,52,2,50,土銀-嘉義,2023-12-15,1034
8354,冠好,50,1,49,土銀-嘉義,2023-12-15,1034
2371,大同,48,0,48,土銀-嘉義,2023-12-15,1034
2356,英業達,62,24,38,土銀-嘉義,2023-12-15,1034
2363,矽統,52,15,37,土銀-嘉義,2023-12-15,1034
00882,中信中國高股息,35,0,35,土銀-嘉義,2023-12-15,1034
00919,群益台灣精選高息,65,33,32,土銀-嘉義,2023-12-15,1034
00929,復華台灣科技優息,78,47,31,土銀-嘉義,2023-12-15,1034
00635U,期元大S＆P黃金,30,0,30,土銀-嘉義,2023-12-15,1034
00915,凱基優選高股息30,18,0,18,土銀-嘉義,2023-12-15,1034
00687B,國泰20年美債,26,9,17,土銀-嘉義,2023-12-15,1034
3264,欣銓,17,0,17,土銀-嘉義,2023-12-15,1034
3363,上詮,17,0,17,土銀-嘉義,2023-12-15,1034
2707,晶華,14,0,14,土銀-嘉義,2023-12-15,1034
2201,裕隆,12,1,11,土銀-嘉義,2023-12-15,1034
3019,亞光,11,0,11,土銀-嘉義,2023-12-15,1034
00632R,元大台灣50反1,50,40,10,土銀-嘉義,2023-12-15,1034
00636,國泰中國A50,10,0,10,土銀-嘉義,2023-12-15,1034
2314,台揚,10,0,10,土銀-嘉義,2023-12-15,1034
2369,菱生,10,0,10,土銀-嘉義,2023-12-15,1034
2884,玉山金,10,0,10,土銀-嘉義,2023-12-15,1034
3013,晟銘電,8,0,8,土銀-嘉義,2023-12-15,1034
3714,富采,8,0,8,土銀-嘉義,2023-12-15,1034
5521,工信,11,3,8,土銀-嘉義,2023-12-15,1034
1326,台化,7,0,7,土銀-嘉義,2023-12-15,1034
5009,榮剛,11,4,7,土銀-嘉義,2023-12-15,1034
00878,國泰永續高股息,7,0,7,土銀-嘉義,2023-12-15,1034
2206,三陽工業,6,0,6,土銀-嘉義,2023-12-15,1034
2352,佳世達,6,0,6,土銀-嘉義,2023-12-15,1034
2368,金像電,6,0,6,土銀-嘉義,2023-12-15,1034
2402,毅嘉,6,0,6,土銀-嘉義,2023-12-15,1034
2618,長榮航,11,5,6,土銀-嘉義,2023-12-15,1034
3078,僑威,6,0,6,土銀-嘉義,2023-12-15,1034
3231,緯創,9,3,6,土銀-嘉義,2023-12-15,1034
3702,大聯大,6,0,6,土銀-嘉義,2023-12-15,1034
5487,通泰,21,15,6,土銀-嘉義,2023-12-15,1034
2603,長榮,14,8,6,土銀-嘉義,2023-12-15,1034
1216,統一,6,1,5,土銀-嘉義,2023-12-15,1034
1717,長興,5,0,5,土銀-嘉義,2023-12-15,1034
2801,彰銀,5,0,5,土銀-嘉義,2023-12-15,1034
2891,中信金,6,1,5,土銀-嘉義,2023-12-15,1034
3006,晶豪科,11,6,5,土銀-嘉義,2023-12-15,1034
5202,力新,5,0,5,土銀-嘉義,2023-12-15,1034
910861,神州-DR,5,0,5,土銀-嘉義,2023-12-15,1034
1101,台泥,4,0,4,土銀-嘉義,2023-12-15,1034
00773B,中信優先金融債,4,0,4,土銀-嘉義,2023-12-15,1034
2375,凱美,5,1,4,土銀-嘉義,2023-12-15,1034
2392,正崴,5,1,4,土銀-嘉義,2023-12-15,1034
2610,華航,198,2,196,土銀-嘉義,2023-12-18,1034
00680L,元大美債20正2,210,104,106,土銀-嘉義,2023-12-18,1034
00929,復華台灣科技優息,110,8,102,土銀-嘉義,2023-12-18,1034
00712,復華富時不動產,101,0,101,土銀-嘉義,2023-12-18,1034
2801,彰銀,82,0,82,土銀-嘉義,2023-12-18,1034
2371,大同,50,0,50,土銀-嘉義,2023-12-18,1034
00919,群益台灣精選高息,55,15,40,土銀-嘉義,2023-12-18,1034
00918,大華優利高填息30,52,18,34,土銀-嘉義,2023-12-18,1034
00937B,群益ESG投等債20,42,15,27,土銀-嘉義,2023-12-18,1034
00931B,統一美債20年,15,0,15,土銀-嘉義,2023-12-18,1034
00751B,元大AAA至A公司債,15,0,15,土銀-嘉義,2023-12-18,1034
6191,精成科,16,1,15,土銀-嘉義,2023-12-18,1034
2014,中鴻,19,5,14,土銀-嘉義,2023-12-18,1034
5009,榮剛,14,1,13,土銀-嘉義,2023-12-18,1034
00788B,元大10年IG電能債,10,0,10,土銀-嘉義,2023-12-18,1034
2313,華通,10,0,10,土銀-嘉義,2023-12-18,1034
2455,全新,10,0,10,土銀-嘉義,2023-12-18,1034
3289,宜特,11,1,10,土銀-嘉義,2023-12-18,1034
6282,康舒,10,0,10,土銀-嘉義,2023-12-18,1034
8110,華東,10,0,10,土銀-嘉義,2023-12-18,1034
1802,台玻,10,1,9,土銀-嘉義,2023-12-18,1034
2363,矽統,10,1,9,土銀-嘉義,2023-12-18,1034
2449,京元電子,9,0,9,土銀-嘉義,2023-12-18,1034
8033,雷虎,10,1,9,土銀-嘉義,2023-12-18,1034
8176,智捷,9,0,9,土銀-嘉義,2023-12-18,1034
0056,元大高股息,9,0,9,土銀-嘉義,2023-12-18,1034
1605,華新,10,2,8,土銀-嘉義,2023-12-18,1034
6168,宏齊,8,0,8,土銀-嘉義,2023-12-18,1034
00687B,國泰20年美債,12,5,7,土銀-嘉義,2023-12-18,1034
00679B,元大美債20年,8,1,7,土銀-嘉義,2023-12-18,1034
1815,富喬,7,0,7,土銀-嘉義,2023-12-18,1034
2431,聯昌,6,0,6,土銀-嘉義,2023-12-18,1034
3002,歐格,6,0,6,土銀-嘉義,2023-12-18,1034
4909,新復興,6,0,6,土銀-嘉義,2023-12-18,1034
4976,佳凌,6,0,6,土銀-嘉義,2023-12-18,1034
2603,長榮,11,5,6,土銀-嘉義,2023-12-18,1034
00915,凱基優選高股息30,5,0,5,土銀-嘉義,2023-12-18,1034
2030,彰源,5,0,5,土銀-嘉義,2023-12-18,1034
2401,凌陽,5,0,5,土銀-嘉義,2023-12-18,1034
2501,國建,5,0,5,土銀-嘉義,2023-12-18,1034
2543,皇昌,5,0,5,土銀-嘉義,2023-12-18,1034
2615,萬海,5,0,5,土銀-嘉義,2023-12-18,1034
2630,亞航,5,0,5,土銀-嘉義,2023-12-18,1034
4119,旭富,5,0,5,土銀-嘉義,2023-12-18,1034
00933B,國泰10Y+金融債,290,286,4,土銀-嘉義,2023-12-18,1034
2301,光寶科,7,3,4,土銀-嘉義,2023-12-18,1034
2867,三商壽,5,1,4,土銀-嘉義,2023-12-18,1034
4167,松瑞藥,4,0,4,土銀-嘉義,2023-12-18,1034
5211,蒙恬,4,0,4,土銀-嘉義,2023-12-18,1034
5347,世界,5,1,4,土銀-嘉義,2023-12-18,1034
00706L,期元大S＆P日圓正2,120,0,120,土銀-嘉義,2023-12-19,1034
00937B,群益ESG投等債20,78,6,72,土銀-嘉義,2023-12-19,1034
00929,復華台灣科技優息,64,10,54,土銀-嘉義,2023-12-19,1034
00900,富邦特選高股息30,51,0,51,土銀-嘉義,2023-12-19,1034
00687B,國泰20年美債,41,0,41,土銀-嘉義,2023-12-19,1034
2609,陽明,59,27,32,土銀-嘉義,2023-12-19,1034
2881,富邦金,32,0,32,土銀-嘉義,2023-12-19,1034
00919,群益台灣精選高息,41,13,28,土銀-嘉義,2023-12-19,1034
00878,國泰永續高股息,22,2,20,土銀-嘉義,2023-12-19,1034
2851,中再保,20,0,20,土銀-嘉義,2023-12-19,1034
2618,長榮航,33,14,19,土銀-嘉義,2023-12-19,1034
6770,力積電,18,1,17,土銀-嘉義,2023-12-19,1034
2367,燿華,13,0,13,土銀-嘉義,2023-12-19,1034
3231,緯創,13,1,12,土銀-嘉義,2023-12-19,1034
3481,群創,13,1,12,土銀-嘉義,2023-12-19,1034
00773B,中信優先金融債,11,0,11,土銀-嘉義,2023-12-19,1034
2615,萬海,13,2,11,土銀-嘉義,2023-12-19,1034
1101,台泥,14,4,10,土銀-嘉義,2023-12-19,1034
2409,友達,10,0,10,土銀-嘉義,2023-12-19,1034
2887,台新金,10,0,10,土銀-嘉義,2023-12-19,1034
00712,復華富時不動產,10,3,7,土銀-嘉義,2023-12-19,1034
00724B,群益投資級金融債,7,0,7,土銀-嘉義,2023-12-19,1034
1802,台玻,7,0,7,土銀-嘉義,2023-12-19,1034
2344,華邦電,7,0,7,土銀-嘉義,2023-12-19,1034
2356,英業達,10,3,7,土銀-嘉義,2023-12-19,1034
3062,建漢,7,0,7,土銀-嘉義,2023-12-19,1034
00679B,元大美債20年,8,2,6,土銀-嘉義,2023-12-19,1034
2641,正德,6,0,6,土銀-嘉義,2023-12-19,1034
2903,遠百,7,1,6,土銀-嘉義,2023-12-19,1034
3484,崧騰,6,0,6,土銀-嘉義,2023-12-19,1034
6173,信昌電,6,0,6,土銀-嘉義,2023-12-19,1034
3264,欣銓,7,1,6,土銀-嘉義,2023-12-19,1034
2002,中鋼,7,2,5,土銀-嘉義,2023-12-19,1034
2038,海光,7,2,5,土銀-嘉義,2023-12-19,1034
2449,京元電子,5,0,5,土銀-嘉義,2023-12-19,1034
2485,兆赫,5,0,5,土銀-嘉義,2023-12-19,1034
2801,彰銀,5,0,5,土銀-嘉義,2023-12-19,1034
3390,旭軟,6,1,5,土銀-嘉義,2023-12-19,1034
6625,必應,5,0,5,土銀-嘉義,2023-12-19,1034
00787B,元大10年IG醫療債,4,0,4,土銀-嘉義,2023-12-19,1034
1815,富喬,4,0,4,土銀-嘉義,2023-12-19,1034
2032,新鋼,5,1,4,土銀-嘉義,2023-12-19,1034
2303,聯電,7,3,4,土銀-嘉義,2023-12-19,1034
3576,聯合再生,4,0,4,土銀-嘉義,2023-12-19,1034
9919,康那香,5,1,4,土銀-嘉義,2023-12-19,1034
00915,凱基優選高股息30,5,2,3,土銀-嘉義,2023-12-19,1034
2017,官田鋼,3,0,3,土銀-嘉義,2023-12-19,1034
2369,菱生,3,0,3,土銀-嘉義,2023-12-19,1034
2482,連宇,4,1,3,土銀-嘉義,2023-12-19,1034
3105,穩懋,3,0,3,土銀-嘉義,2023-12-19,1034
00933B,國泰10Y+金融債,295,0,295,土銀-嘉義,2023-12-20,1034
2883B,凱基金乙特,30,0,30,土銀-嘉義,2023-12-20,1034
1905,華紙,30,1,29,土銀-嘉義,2023-12-20,1034
00725B,國泰投資級公司債,28,0,28,土銀-嘉義,2023-12-20,1034
2897,王道銀行,20,0,20,土銀-嘉義,2023-12-20,1034
2883,凱基金,15,0,15,土銀-嘉義,2023-12-20,1034
2609,陽明,55,41,14,土銀-嘉義,2023-12-20,1034
2367,燿華,15,2,13,土銀-嘉義,2023-12-20,1034
00893,國泰智能電動車,10,0,10,土銀-嘉義,2023-12-20,1034
2867,三商壽,10,0,10,土銀-嘉義,2023-12-20,1034
00919,群益台灣精選高息,8,0,8,土銀-嘉義,2023-12-20,1034
00679B,元大美債20年,12,4,8,土銀-嘉義,2023-12-20,1034
2356,英業達,55,47,8,土銀-嘉義,2023-12-20,1034
3260,威剛,10,3,7,土銀-嘉義,2023-12-20,1034
6147,頎邦,7,0,7,土銀-嘉義,2023-12-20,1034
00724B,群益投資級金融債,6,0,6,土銀-嘉義,2023-12-20,1034
3356,奇偶,6,0,6,土銀-嘉義,2023-12-20,1034
8089,康全電訊,6,0,6,土銀-嘉義,2023-12-20,1034
1618,合機,5,0,5,土銀-嘉義,2023-12-20,1034
00712,復華富時不動產,5,0,5,土銀-嘉義,2023-12-20,1034
3264,欣銓,5,0,5,土銀-嘉義,2023-12-20,1034
2375,凱美,4,0,4,土銀-嘉義,2023-12-20,1034
2516,新建,6,2,4,土銀-嘉義,2023-12-20,1034
2891,中信金,4,0,4,土銀-嘉義,2023-12-20,1034
9919,康那香,5,1,4,土銀-嘉義,2023-12-20,1034
9933,中鼎,4,0,4,土銀-嘉義,2023-12-20,1034
00687B,國泰20年美債,28,25,3,土銀-嘉義,2023-12-20,1034
1504,東元,5,2,3,土銀-嘉義,2023-12-20,1034
1339,昭輝,3,0,3,土銀-嘉義,2023-12-20,1034
1312,國喬,3,0,3,土銀-嘉義,2023-12-20,1034
2032,新鋼,3,0,3,土銀-嘉義,2023-12-20,1034
2393,億光,3,0,3,土銀-嘉義,2023-12-20,1034
2402,毅嘉,3,0,3,土銀-嘉義,2023-12-20,1034
3715,定穎投控,20,17,3,土銀-嘉義,2023-12-20,1034
6285,啟��,5,2,3,土銀-嘉義,2023-12-20,1034
00937B,群益ESG投等債20,2,0,2,土銀-嘉義,2023-12-20,1034
1326,台化,2,0,2,土銀-嘉義,2023-12-20,1034
00636,國泰中國A50,2,0,2,土銀-嘉義,2023-12-20,1034
1720,生達,2,0,2,土銀-嘉義,2023-12-20,1034
00934,中信成長高股息,2,0,2,土銀-嘉義,2023-12-20,1034
1781,合世,2,0,2,土銀-嘉義,2023-12-20,1034
2002,中鋼,2,0,2,土銀-嘉義,2023-12-20,1034
2033,佳大,2,0,2,土銀-嘉義,2023-12-20,1034
2330,台積電,2,0,2,土銀-嘉義,2023-12-20,1034
2365,昆盈,2,0,2,土銀-嘉義,2023-12-20,1034
2368,金像電,2,0,2,土銀-嘉義,2023-12-20,1034
2465,麗臺,3,1,2,土銀-嘉義,2023-12-20,1034
2498,宏達電,2,0,2,土銀-嘉義,2023-12-20,1034
2892,第一金,2,0,2,土銀-嘉義,2023-12-20,1034
3006,晶豪科,2,0,2,土銀-嘉義,2023-12-20,1034
2845,遠東銀,150,0,150,土銀-嘉義,2023-12-21,1034
00929,復華台灣科技優息,117,1,116,土銀-嘉義,2023-12-21,1034
00919,群益台灣精選高息,108,3,105,土銀-嘉義,2023-12-21,1034
2371,大同,62,0,62,土銀-嘉義,2023-12-21,1034
2883B,凱基金乙特,50,0,50,土銀-嘉義,2023-12-21,1034
1802,台玻,24,0,24,土銀-嘉義,2023-12-21,1034
5521,工信,28,4,24,土銀-嘉義,2023-12-21,1034
2331,精英,22,2,20,土銀-嘉義,2023-12-21,1034
00882,中信中國高股息,19,0,19,土銀-嘉義,2023-12-21,1034
2353,宏��,26,10,16,土銀-嘉義,2023-12-21,1034
00753L,中信中國50正2,13,0,13,土銀-嘉義,2023-12-21,1034
00937B,群益ESG投等債20,13,0,13,土銀-嘉義,2023-12-21,1034
1324,地球,11,0,11,土銀-嘉義,2023-12-21,1034
2511,太子,10,0,10,土銀-嘉義,2023-12-21,1034
2801,彰銀,10,0,10,土銀-嘉義,2023-12-21,1034
3013,晟銘電,10,0,10,土銀-嘉義,2023-12-21,1034
1513,中興電,9,0,9,土銀-嘉義,2023-12-21,1034
2374,佳能,9,0,9,土銀-嘉義,2023-12-21,1034
2641,正德,24,15,9,土銀-嘉義,2023-12-21,1034
3481,群創,11,2,9,土銀-嘉義,2023-12-21,1034
3704,合勤控,12,4,8,土銀-嘉義,2023-12-21,1034
1707,葡萄王,8,0,8,土銀-嘉義,2023-12-21,1034
00687B,國泰20年美債,10,2,8,土銀-嘉義,2023-12-21,1034
2449,京元電子,8,0,8,土銀-嘉義,2023-12-21,1034
3034,聯詠,7,0,7,土銀-嘉義,2023-12-21,1034
00893,國泰智能電動車,7,0,7,土銀-嘉義,2023-12-21,1034
6168,宏齊,7,0,7,土銀-嘉義,2023-12-21,1034
6257,矽格,7,0,7,土銀-嘉義,2023-12-21,1034
00934,中信成長高股息,6,0,6,土銀-嘉義,2023-12-21,1034
1303,南亞,6,0,6,土銀-嘉義,2023-12-21,1034
2543,皇昌,6,0,6,土銀-嘉義,2023-12-21,1034
3058,立德,5,0,5,土銀-嘉義,2023-12-21,1034
3550,聯穎,5,0,5,土銀-嘉義,2023-12-21,1034
5457,宣德,5,0,5,土銀-嘉義,2023-12-21,1034
6156,松上,5,0,5,土銀-嘉義,2023-12-21,1034
8089,康全電訊,5,0,5,土銀-嘉義,2023-12-21,1034
1319,東陽,5,1,4,土銀-嘉義,2023-12-21,1034
00900,富邦特選高股息30,4,0,4,土銀-嘉義,2023-12-21,1034
2027,大成鋼,4,0,4,土銀-嘉義,2023-12-21,1034
2337,旺宏,5,1,4,土銀-嘉義,2023-12-21,1034
2363,矽統,4,0,4,土銀-嘉義,2023-12-21,1034
2436,偉詮電,5,1,4,土銀-嘉義,2023-12-21,1034
2634,漢翔,4,0,4,土銀-嘉義,2023-12-21,1034
3163,波若威,4,0,4,土銀-嘉義,2023-12-21,1034
6147,頎邦,4,0,4,土銀-嘉義,2023-12-21,1034
6176,瑞儀,4,0,4,土銀-嘉義,2023-12-21,1034
3035,智原,4,0,4,土銀-嘉義,2023-12-21,1034
1708,東鹼,3,0,3,土銀-嘉義,2023-12-21,1034
2312,金寶,4,1,3,土銀-嘉義,2023-12-21,1034
2367,燿華,3,0,3,土銀-嘉義,2023-12-21,1034
2845,遠東銀,146,0,146,土銀-嘉義,2023-12-22,1034
00720B,元大投資級公司債,57,0,57,土銀-嘉義,2023-12-22,1034
1905,華紙,42,0,42,土銀-嘉義,2023-12-22,1034
2014,中鴻,30,0,30,土銀-嘉義,2023-12-22,1034
00687B,國泰20年美債,23,0,23,土銀-嘉義,2023-12-22,1034
2371,大同,21,0,21,土銀-嘉義,2023-12-22,1034
2323,中環,20,0,20,土銀-嘉義,2023-12-22,1034
00753L,中信中國50正2,28,10,18,土銀-嘉義,2023-12-22,1034
2211,長榮鋼,18,0,18,土銀-嘉義,2023-12-22,1034
00934,中信成長高股息,16,0,16,土銀-嘉義,2023-12-22,1034
910861,神州-DR,15,0,15,土銀-嘉義,2023-12-22,1034
00679B,元大美債20年,11,0,11,土銀-嘉義,2023-12-22,1034
2027,大成鋼,11,0,11,土銀-嘉義,2023-12-22,1034
2367,燿華,11,0,11,土銀-嘉義,2023-12-22,1034
2344,華邦電,32,22,10,土銀-嘉義,2023-12-22,1034
2354,鴻準,10,0,10,土銀-嘉義,2023-12-22,1034
2883,凱基金,10,0,10,土銀-嘉義,2023-12-22,1034
4108,懷特,10,0,10,土銀-嘉義,2023-12-22,1034
5426,振發,10,0,10,土銀-嘉義,2023-12-22,1034
00937B,群益ESG投等債20,8,0,8,土銀-嘉義,2023-12-22,1034
00929,復華台灣科技優息,9,2,7,土銀-嘉義,2023-12-22,1034
2002,中鋼,7,0,7,土銀-嘉義,2023-12-22,1034
2363,矽統,8,1,7,土銀-嘉義,2023-12-22,1034
2882,國泰金,7,0,7,土銀-嘉義,2023-12-22,1034
2356,英業達,20,14,6,土銀-嘉義,2023-12-22,1034
2408,南亞科,21,15,6,土銀-嘉義,2023-12-22,1034
2441,超豐,6,0,6,土銀-嘉義,2023-12-22,1034
3231,緯創,7,1,6,土銀-嘉義,2023-12-22,1034
4979,華星光,7,1,6,土銀-嘉義,2023-12-22,1034
1324,地球,5,0,5,土銀-嘉義,2023-12-22,1034
00788B,元大10年IG電能債,5,0,5,土銀-嘉義,2023-12-22,1034
00772B,中信高評級公司債,5,0,5,土銀-嘉義,2023-12-22,1034
1713,國化,5,0,5,土銀-嘉義,2023-12-22,1034
2029,盛餘,5,0,5,土銀-嘉義,2023-12-22,1034
2105,正新,5,0,5,土銀-嘉義,2023-12-22,1034
2376,技嘉,5,0,5,土銀-嘉義,2023-12-22,1034
2892,第一金,5,0,5,土銀-嘉義,2023-12-22,1034
4743,合一,5,0,5,土銀-嘉義,2023-12-22,1034
00712,復華富時不動產,4,0,4,土銀-嘉義,2023-12-22,1034
2301,光寶科,6,2,4,土銀-嘉義,2023-12-22,1034
2387,精元,5,1,4,土銀-嘉義,2023-12-22,1034
2484,希華,4,0,4,土銀-嘉義,2023-12-22,1034
2515,中工,14,10,4,土銀-嘉義,2023-12-22,1034
3163,波若威,4,0,4,土銀-嘉義,2023-12-22,1034
3704,合勤控,5,1,4,土銀-嘉義,2023-12-22,1034
1536,和大,3,0,3,土銀-嘉義,2023-12-22,1034
00893,國泰智能電動車,4,1,3,土銀-嘉義,2023-12-22,1034
1618,合機,3,0,3,土銀-嘉義,2023-12-22,1034
2303,聯電,6,3,3,土銀-嘉義,2023-12-22,1034
2606,裕民,3,0,3,土銀-嘉義,2023-12-22,1034
00929,復華台灣科技優息,76,0,76,土銀-嘉義,2023-12-25,1034
00679B,元大美債20年,56,0,56,土銀-嘉義,2023-12-25,1034
1905,華紙,25,0,25,土銀-嘉義,2023-12-25,1034
2606,裕民,21,0,21,土銀-嘉義,2023-12-25,1034
00740B,富邦全球投等債,20,0,20,土銀-嘉義,2023-12-25,1034
00885,富邦越南,20,0,20,土銀-嘉義,2023-12-25,1034
2641,正德,21,4,17,土銀-嘉義,2023-12-25,1034
00923,群益台ESG低碳50,15,0,15,土銀-嘉義,2023-12-25,1034
00907,永豐優息存股,15,0,15,土銀-嘉義,2023-12-25,1034
2637,慧洋-KY,12,0,12,土銀-嘉義,2023-12-25,1034
3058,立德,12,0,12,土銀-嘉義,2023-12-25,1034
2609,陽明,122,111,11,土銀-嘉義,2023-12-25,1034
2356,英業達,21,10,11,土銀-嘉義,2023-12-25,1034
00753L,中信中國50正2,10,0,10,土銀-嘉義,2023-12-25,1034
2371,大同,31,21,10,土銀-嘉義,2023-12-25,1034
3059,華晶科,10,0,10,土銀-嘉義,2023-12-25,1034
6257,矽格,10,0,10,土銀-嘉義,2023-12-25,1034
7402,邑錡,10,0,10,土銀-嘉義,2023-12-25,1034
00931B,統一美債20年,9,0,9,土銀-嘉義,2023-12-25,1034
6270,倍微,9,0,9,土銀-嘉義,2023-12-25,1034
2405,輔信,9,1,8,土銀-嘉義,2023-12-25,1034
3231,緯創,18,11,7,土銀-嘉義,2023-12-25,1034
3484,崧騰,7,0,7,土銀-嘉義,2023-12-25,1034
4108,懷特,7,0,7,土銀-嘉義,2023-12-25,1034
2033,佳大,6,0,6,土銀-嘉義,2023-12-25,1034
2883,凱基金,6,0,6,土銀-嘉義,2023-12-25,1034
4979,華星光,6,0,6,土銀-嘉義,2023-12-25,1034
00772B,中信高評級公司債,5,0,5,土銀-嘉義,2023-12-25,1034
2331,精英,8,3,5,土銀-嘉義,2023-12-25,1034
2630,亞航,5,0,5,土銀-嘉義,2023-12-25,1034
3373,熱映,5,0,5,土銀-嘉義,2023-12-25,1034
3479,安勤,6,1,5,土銀-嘉義,2023-12-25,1034
2357,華碩,9,4,5,土銀-嘉義,2023-12-25,1034
1313,聯成,4,0,4,土銀-嘉義,2023-12-25,1034
00795B,中信美國公債20年,4,0,4,土銀-嘉義,2023-12-25,1034
00687B,國泰20年美債,4,0,4,土銀-嘉義,2023-12-25,1034
2362,藍天,4,0,4,土銀-嘉義,2023-12-25,1034
6191,精成科,4,0,4,土銀-嘉義,2023-12-25,1034
1733,五鼎,4,1,3,土銀-嘉義,2023-12-25,1034
00882,中信中國高股息,3,0,3,土銀-嘉義,2023-12-25,1034
2388,威盛,4,1,3,土銀-嘉義,2023-12-25,1034
2493,揚博,3,0,3,土銀-嘉義,2023-12-25,1034
3211,順達,3,0,3,土銀-嘉義,2023-12-25,1034
4174,浩鼎,3,0,3,土銀-嘉義,2023-12-25,1034
4956,光鋐,3,0,3,土銀-嘉義,2023-12-25,1034
4967,十銓,3,0,3,土銀-嘉義,2023-12-25,1034
5203,訊連,8,5,3,土銀-嘉義,2023-12-25,1034
6176,瑞儀,3,0,3,土銀-嘉義,2023-12-25,1034
6278,台表科,3,0,3,土銀-嘉義,2023-12-25,1034
6550,北極星藥業-KY,3,0,3,土銀-嘉義,2023-12-25,1034
00933B,國泰10Y+金融債,200,0,200,土銀-嘉義,2023-12-26,1034
00929,復華台灣科技優息,200,0,200,土銀-嘉義,2023-12-26,1034
2897,王道銀行,100,0,100,土銀-嘉義,2023-12-26,1034
00632R,元大台灣50反1,30,0,30,土銀-嘉義,2023-12-26,1034
2371,大同,20,1,19,土銀-嘉義,2023-12-26,1034
2618,長榮航,18,0,18,土銀-嘉義,2023-12-26,1034
2303,聯電,28,11,17,土銀-嘉義,2023-12-26,1034
00679B,元大美債20年,13,0,13,土銀-嘉義,2023-12-26,1034
2308,台達電,10,0,10,土銀-嘉義,2023-12-26,1034
2484,希華,10,0,10,土銀-嘉義,2023-12-26,1034
2543,皇昌,10,0,10,土銀-嘉義,2023-12-26,1034
2641,正德,12,2,10,土銀-嘉義,2023-12-26,1034
00637L,元大滬深300正2,9,0,9,土銀-嘉義,2023-12-26,1034
2014,中鴻,16,7,9,土銀-嘉義,2023-12-26,1034
1584,精剛,7,0,7,土銀-嘉義,2023-12-26,1034
2324,仁寶,38,31,7,土銀-嘉義,2023-12-26,1034
2393,億光,7,0,7,土銀-嘉義,2023-12-26,1034
2609,陽明,64,57,7,土銀-嘉義,2023-12-26,1034
00919,群益台灣精選高息,7,0,7,土銀-嘉義,2023-12-26,1034
00900,富邦特選高股息30,11,5,6,土銀-嘉義,2023-12-26,1034
00937B,群益ESG投等債20,6,0,6,土銀-嘉義,2023-12-26,1034
1618,合機,5,0,5,土銀-嘉義,2023-12-26,1034
1524,耿鼎,5,0,5,土銀-嘉義,2023-12-26,1034
2610,華航,6,1,5,土銀-嘉義,2023-12-26,1034
3211,順達,6,1,5,土銀-嘉義,2023-12-26,1034
4906,正文,5,0,5,土銀-嘉義,2023-12-26,1034
6139,亞翔,5,0,5,土銀-嘉義,2023-12-26,1034
6269,台郡,5,0,5,土銀-嘉義,2023-12-26,1034
6590,普鴻,5,0,5,土銀-嘉義,2023-12-26,1034
1905,華紙,4,0,4,土銀-嘉義,2023-12-26,1034
5309,系統電,4,0,4,土銀-嘉義,2023-12-26,1034
6470,宇智,4,0,4,土銀-嘉義,2023-12-26,1034
1303,南亞,3,0,3,土銀-嘉義,2023-12-26,1034
2915,潤泰全,3,0,3,土銀-嘉義,2023-12-26,1034
3105,穩懋,3,0,3,土銀-嘉義,2023-12-26,1034
3481,群創,76,73,3,土銀-嘉義,2023-12-26,1034
6616,特昇-KY,6,3,3,土銀-嘉義,2023-12-26,1034
8089,康全電訊,3,0,3,土銀-嘉義,2023-12-26,1034
00916,國泰全球品牌50,2,0,2,土銀-嘉義,2023-12-26,1034
00687B,國泰20年美債,2,0,2,土銀-嘉義,2023-12-26,1034
00696B,富邦美債20年,2,0,2,土銀-嘉義,2023-12-26,1034
00756B,群益投等新興公債,2,0,2,土銀-嘉義,2023-12-26,1034
1324,地球,2,0,2,土銀-嘉義,2023-12-26,1034
1536,和大,2,0,2,土銀-嘉義,2023-12-26,1034
1727,中華化,2,0,2,土銀-嘉義,2023-12-26,1034
2314,台揚,2,0,2,土銀-嘉義,2023-12-26,1034
2402,毅嘉,2,0,2,土銀-嘉義,2023-12-26,1034
2421,建準,2,0,2,土銀-嘉義,2023-12-26,1034
2492,華新科,2,0,2,土銀-嘉義,2023-12-26,1034
2630,亞航,3,1,2,土銀-嘉義,2023-12-26,1034
2883,凱基金,230,15,215,土銀-嘉義,2023-12-27,1034
2897,王道銀行,100,0,100,土銀-嘉義,2023-12-27,1034
00929,復華台灣科技優息,91,1,90,土銀-嘉義,2023-12-27,1034
00919,群益台灣精選高息,94,32,62,土銀-嘉義,2023-12-27,1034
2845,遠東銀,50,0,50,土銀-嘉義,2023-12-27,1034
00937B,群益ESG投等債20,45,0,45,土銀-嘉義,2023-12-27,1034
2014,中鴻,45,8,37,土銀-嘉義,2023-12-27,1034
2618,長榮航,34,3,31,土銀-嘉義,2023-12-27,1034
00687B,國泰20年美債,27,0,27,土銀-嘉義,2023-12-27,1034
1905,華紙,21,0,21,土銀-嘉義,2023-12-27,1034
5469,瀚宇博,15,0,15,土銀-嘉義,2023-12-27,1034
4979,華星光,14,0,14,土銀-嘉義,2023-12-27,1034
2402,毅嘉,12,0,12,土銀-嘉義,2023-12-27,1034
2736,富野,12,0,12,土銀-嘉義,2023-12-27,1034
00882,中信中國高股息,11,0,11,土銀-嘉義,2023-12-27,1034
00885,富邦越南,10,0,10,土銀-嘉義,2023-12-27,1034
00934,中信成長高股息,11,1,10,土銀-嘉義,2023-12-27,1034
00751B,元大AAA至A公司債,10,0,10,土銀-嘉義,2023-12-27,1034
00740B,富邦全球投等債,10,0,10,土銀-嘉義,2023-12-27,1034
00701,國泰股利精選30,10,0,10,土銀-嘉義,2023-12-27,1034
00632R,元大台灣50反1,10,0,10,土銀-嘉義,2023-12-27,1034
1802,台玻,10,0,10,土銀-嘉義,2023-12-27,1034
3058,立德,10,0,10,土銀-嘉義,2023-12-27,1034
4174,浩鼎,10,0,10,土銀-嘉義,2023-12-27,1034
6016,康和證,20,10,10,土銀-嘉義,2023-12-27,1034
1524,耿鼎,8,0,8,土銀-嘉義,2023-12-27,1034
2388,威盛,8,0,8,土銀-嘉義,2023-12-27,1034
2405,輔信,24,16,8,土銀-嘉義,2023-12-27,1034
3390,旭軟,15,7,8,土銀-嘉義,2023-12-27,1034
5309,系統電,8,0,8,土銀-嘉義,2023-12-27,1034
6189,豐藝,8,0,8,土銀-嘉義,2023-12-27,1034
0056,元大高股息,34,27,7,土銀-嘉義,2023-12-27,1034
3450,聯鈞,6,0,6,土銀-嘉義,2023-12-27,1034
8068,全達,6,0,6,土銀-嘉義,2023-12-27,1034
1611,中電,5,0,5,土銀-嘉義,2023-12-27,1034
1733,五鼎,5,0,5,土銀-嘉義,2023-12-27,1034
2105,正新,5,0,5,土銀-嘉義,2023-12-27,1034
00688L,國泰20年美債正2,5,1,4,土銀-嘉義,2023-12-27,1034
1709,和益,4,0,4,土銀-嘉義,2023-12-27,1034
2010,春源,4,0,4,土銀-嘉義,2023-12-27,1034
2313,華通,6,2,4,土銀-嘉義,2023-12-27,1034
2375,凱美,4,0,4,土銀-嘉義,2023-12-27,1034
2421,建準,5,1,4,土銀-嘉義,2023-12-27,1034
3545,敦泰,4,0,4,土銀-嘉義,2023-12-27,1034
6269,台郡,4,0,4,土銀-嘉義,2023-12-27,1034
8039,台虹,5,1,4,土銀-嘉義,2023-12-27,1034
00679B,元大美債20年,5,2,3,土銀-嘉義,2023-12-27,1034
00931B,統一美債20年,3,0,3,土銀-嘉義,2023-12-27,1034
00891,中信關鍵半導體,3,0,3,土銀-嘉義,2023-12-27,1034
1504,東元,3,0,3,土銀-嘉義,2023-12-27,1034
00937B,群益ESG投等債20,237,0,237,土銀-嘉義,2023-12-28,1034
00712,復華富時不動產,200,2,198,土銀-嘉義,2023-12-28,1034
00934,中信成長高股息,27,0,27,土銀-嘉義,2023-12-28,1034
00722B,群益投資級電信債,20,0,20,土銀-嘉義,2023-12-28,1034
2356,英業達,41,22,19,土銀-嘉義,2023-12-28,1034
00929,復華台灣科技優息,15,0,15,土銀-嘉義,2023-12-28,1034
00687B,國泰20年美債,14,0,14,土銀-嘉義,2023-12-28,1034
0056,元大高股息,16,3,13,土銀-嘉義,2023-12-28,1034
00936,台新永續高息中小,12,0,12,土銀-嘉義,2023-12-28,1034
2913,農林,12,0,12,土銀-嘉義,2023-12-28,1034
00637L,元大滬深300正2,52,41,11,土銀-嘉義,2023-12-28,1034
3715,定穎投控,11,0,11,土銀-嘉義,2023-12-28,1034
00918,大華優利高填息30,10,0,10,土銀-嘉義,2023-12-28,1034
00713,元大台灣高息低波,10,0,10,土銀-嘉義,2023-12-28,1034
2367,燿華,22,12,10,土銀-嘉義,2023-12-28,1034
2736,富野,10,0,10,土銀-嘉義,2023-12-28,1034
8171,天宇,10,0,10,土銀-嘉義,2023-12-28,1034
2363,矽統,9,0,9,土銀-嘉義,2023-12-28,1034
00688L,國泰20年美債正2,8,0,8,土銀-嘉義,2023-12-28,1034
5203,訊連,7,0,7,土銀-嘉義,2023-12-28,1034
1514,亞力,6,0,6,土銀-嘉義,2023-12-28,1034
2352,佳世達,8,2,6,土銀-嘉義,2023-12-28,1034
3006,晶豪科,13,7,6,土銀-嘉義,2023-12-28,1034
6164,華興,6,0,6,土銀-嘉義,2023-12-28,1034
6416,瑞祺電通,6,0,6,土銀-嘉義,2023-12-28,1034
1618,合機,5,0,5,土銀-嘉義,2023-12-28,1034
2201,裕隆,5,0,5,土銀-嘉義,2023-12-28,1034
2337,旺宏,6,1,5,土銀-嘉義,2023-12-28,1034
2436,偉詮電,7,2,5,土銀-嘉義,2023-12-28,1034
2484,希華,5,0,5,土銀-嘉義,2023-12-28,1034
3019,亞光,5,0,5,土銀-嘉義,2023-12-28,1034
6129,普誠,5,0,5,土銀-嘉義,2023-12-28,1034
00919,群益台灣精選高息,4,0,4,土銀-嘉義,2023-12-28,1034
3035,智原,4,0,4,土銀-嘉義,2023-12-28,1034
2498,宏達電,4,0,4,土銀-嘉義,2023-12-28,1034
3376,新日興,4,0,4,土銀-嘉義,2023-12-28,1034
6117,迎廣,20,16,4,土銀-嘉義,2023-12-28,1034
3545,敦泰,3,0,3,土銀-嘉義,2023-12-28,1034
1536,和大,3,0,3,土銀-嘉義,2023-12-28,1034
00632R,元大台灣50反1,3,0,3,土銀-嘉義,2023-12-28,1034
1324,地球,3,0,3,土銀-嘉義,2023-12-28,1034
2328,廣宇,3,0,3,土銀-嘉義,2023-12-28,1034
2365,昆盈,3,0,3,土銀-嘉義,2023-12-28,1034
2603,長榮,7,4,3,土銀-嘉義,2023-12-28,1034
3024,憶聲,3,0,3,土銀-嘉義,2023-12-28,1034
3043,科風,3,0,3,土銀-嘉義,2023-12-28,1034
3374,精材,3,0,3,土銀-嘉義,2023-12-28,1034
5225,東科-KY,3,0,3,土銀-嘉義,2023-12-28,1034
5258,虹堡,3,0,3,土銀-嘉義,2023-12-28,1034
6168,宏齊,5,2,3,土銀-嘉義,2023-12-28,1034
00937B,群益ESG投等債20,232,0,232,土銀-嘉義,2023-12-29,1034
00637L,元大滬深300正2,163,15,148,土銀-嘉義,2023-12-29,1034
2344,華邦電,149,96,53,土銀-嘉義,2023-12-29,1034
00751B,元大AAA至A公司債,52,0,52,土銀-嘉義,2023-12-29,1034
2371,大同,40,1,39,土銀-嘉義,2023-12-29,1034
00929,復華台灣科技優息,47,8,39,土銀-嘉義,2023-12-29,1034
2883,凱基金,32,8,24,土銀-嘉義,2023-12-29,1034
2328,廣宇,21,0,21,土銀-嘉義,2023-12-29,1034
9105,泰金寶-DR,21,0,21,土銀-嘉義,2023-12-29,1034
2892,第一金,20,0,20,土銀-嘉義,2023-12-29,1034
3006,晶豪科,22,5,17,土銀-嘉義,2023-12-29,1034
2353,宏��,61,44,17,土銀-嘉義,2023-12-29,1034
8112,至上,11,0,11,土銀-嘉義,2023-12-29,1034
00679B,元大美債20年,10,0,10,土銀-嘉義,2023-12-29,1034
4906,正文,10,0,10,土銀-嘉義,2023-12-29,1034
2515,中工,13,4,9,土銀-嘉義,2023-12-29,1034
00687B,國泰20年美債,8,0,8,土銀-嘉義,2023-12-29,1034
1514,亞力,24,16,8,土銀-嘉義,2023-12-29,1034
1519,華城,16,9,7,土銀-嘉義,2023-12-29,1034
2367,燿華,7,0,7,土銀-嘉義,2023-12-29,1034
3484,崧騰,7,0,7,土銀-嘉義,2023-12-29,1034
00934,中信成長高股息,11,5,6,土銀-嘉義,2023-12-29,1034
4967,十銓,6,0,6,土銀-嘉義,2023-12-29,1034
4979,華星光,9,3,6,土銀-嘉義,2023-12-29,1034
6196,帆宣,6,0,6,土銀-嘉義,2023-12-29,1034
6689,伊雲谷,6,0,6,土銀-嘉義,2023-12-29,1034
1524,耿鼎,5,0,5,土銀-嘉義,2023-12-29,1034
00636,國泰中國A50,5,0,5,土銀-嘉義,2023-12-29,1034
2014,中鴻,6,1,5,土銀-嘉義,2023-12-29,1034
2101,南港,5,0,5,土銀-嘉義,2023-12-29,1034
8110,華東,5,0,5,土銀-嘉義,2023-12-29,1034
3481,群創,9,4,5,土銀-嘉義,2023-12-29,1034
00632R,元大台灣50反1,4,0,4,土銀-嘉義,2023-12-29,1034
00713,元大台灣高息低波,7,3,4,土銀-嘉義,2023-12-29,1034
00795B,中信美國公債20年,4,0,4,土銀-嘉義,2023-12-29,1034
2009,第一銅,4,0,4,土銀-嘉義,2023-12-29,1034
2375,凱美,4,0,4,土銀-嘉義,2023-12-29,1034
2609,陽明,8,4,4,土銀-嘉義,2023-12-29,1034
3390,旭軟,7,3,4,土銀-嘉義,2023-12-29,1034
3508,位速,4,0,4,土銀-嘉義,2023-12-29,1034
3706,神達,11,7,4,土銀-嘉義,2023-12-29,1034
5009,榮剛,5,1,4,土銀-嘉義,2023-12-29,1034
5203,訊連,4,0,4,土銀-嘉義,2023-12-29,1034
6187,萬潤,4,0,4,土銀-嘉義,2023-12-29,1034
1612,宏泰,6,3,3,土銀-嘉義,2023-12-29,1034
00919,群益台灣精選高息,13,10,3,土銀-嘉義,2023-12-29,1034
2323,中環,3,0,3,土銀-嘉義,2023-12-29,1034
3260,威剛,4,1,3,土銀-嘉義,2023-12-29,1034
6139,亞翔,3,0,3,土銀-嘉義,2023-12-29,1034
6616,特昇-KY,3,0,3,土銀-嘉義,2023-12-29,1034
00687B,國泰20年美債,88,0,88,土銀-嘉義,2024-01-02,1034
00637L,元大滬深300正2,77,17,60,土銀-嘉義,2024-01-02,1034
00937B,群益ESG投等債20,44,0,44,土銀-嘉義,2024-01-02,1034
2609,陽明,48,13,35,土銀-嘉義,2024-01-02,1034
00919,群益台灣精選高息,52,20,32,土銀-嘉義,2024-01-02,1034
2892,第一金,30,0,30,土銀-嘉義,2024-01-02,1034
00929,復華台灣科技優息,35,10,25,土銀-嘉義,2024-01-02,1034
2356,英業達,24,1,23,土銀-嘉義,2024-01-02,1034
00679B,元大美債20年,22,0,22,土銀-嘉義,2024-01-02,1034
1905,華紙,20,0,20,土銀-嘉義,2024-01-02,1034
5403,中菲,20,0,20,土銀-嘉義,2024-01-02,1034
3231,緯創,35,18,17,土銀-嘉義,2024-01-02,1034
2736,富野,16,0,16,土銀-嘉義,2024-01-02,1034
00933B,國泰10Y+金融債,13,0,13,土銀-嘉義,2024-01-02,1034
00882,中信中國高股息,11,0,11,土銀-嘉義,2024-01-02,1034
3481,群創,13,3,10,土銀-嘉義,2024-01-02,1034
2382,廣達,10,0,10,土銀-嘉義,2024-01-02,1034
00636,國泰中國A50,10,0,10,土銀-嘉義,2024-01-02,1034
2498,宏達電,10,0,10,土銀-嘉義,2024-01-02,1034
2882,國泰金,10,0,10,土銀-嘉義,2024-01-02,1034
7402,邑錡,10,0,10,土銀-嘉義,2024-01-02,1034
2615,萬海,10,1,9,土銀-嘉義,2024-01-02,1034
2393,億光,8,0,8,土銀-嘉義,2024-01-02,1034
00878,國泰永續高股息,7,0,7,土銀-嘉義,2024-01-02,1034
0056,元大高股息,11,4,7,土銀-嘉義,2024-01-02,1034
2408,南亞科,9,2,7,土銀-嘉義,2024-01-02,1034
3522,御嵿,7,0,7,土銀-嘉義,2024-01-02,1034
00772B,中信高評級公司債,6,0,6,土銀-嘉義,2024-01-02,1034
00752,中信中國50,6,0,6,土銀-嘉義,2024-01-02,1034
2376,技嘉,8,2,6,土銀-嘉義,2024-01-02,1034
3504,揚明光,9,3,6,土銀-嘉義,2024-01-02,1034
1210,大成,5,0,5,土銀-嘉義,2024-01-02,1034
2029,盛餘,5,0,5,土銀-嘉義,2024-01-02,1034
2352,佳世達,36,31,5,土銀-嘉義,2024-01-02,1034
2405,輔信,5,0,5,土銀-嘉義,2024-01-02,1034
2755,揚秦,5,0,5,土銀-嘉義,2024-01-02,1034
6005,群益證,5,0,5,土銀-嘉義,2024-01-02,1034
6187,萬潤,5,0,5,土銀-嘉義,2024-01-02,1034
6191,精成科,5,0,5,土銀-嘉義,2024-01-02,1034
910861,神州-DR,5,0,5,土銀-嘉義,2024-01-02,1034
9945,潤泰新,4,0,4,土銀-嘉義,2024-01-02,1034
00934,中信成長高股息,4,0,4,土銀-嘉義,2024-01-02,1034
00661,元大日經225,4,0,4,土銀-嘉義,2024-01-02,1034
2313,華通,15,11,4,土銀-嘉義,2024-01-02,1034
2324,仁寶,10,6,4,土銀-嘉義,2024-01-02,1034
2367,燿華,6,2,4,土銀-嘉義,2024-01-02,1034
3526,凡甲,4,0,4,土銀-嘉義,2024-01-02,1034
6629,泰金-KY,4,0,4,土銀-嘉義,2024-01-02,1034
8081,致新,4,0,4,土銀-嘉義,2024-01-02,1034
00712,復華富時不動產,4,0,4,土銀-嘉義,2024-01-02,1034
00929,復華台灣科技優息,113,0,113,土銀-嘉義,2024-01-03,1034
00937B,群益ESG投等債20,89,2,87,土銀-嘉義,2024-01-03,1034
00751B,元大AAA至A公司債,52,0,52,土銀-嘉義,2024-01-03,1034
2888,新光金,50,0,50,土銀-嘉義,2024-01-03,1034
1905,華紙,40,0,40,土銀-嘉義,2024-01-03,1034
2303,聯電,40,2,38,土銀-嘉義,2024-01-03,1034
00878,國泰永續高股息,41,5,36,土銀-嘉義,2024-01-03,1034
00712,復華富時不動產,31,0,31,土銀-嘉義,2024-01-03,1034
2352,佳世達,80,49,31,土銀-嘉義,2024-01-03,1034
2014,中鴻,37,7,30,土銀-嘉義,2024-01-03,1034
2353,宏��,41,12,29,土銀-嘉義,2024-01-03,1034
00679B,元大美債20年,26,1,25,土銀-嘉義,2024-01-03,1034
00772B,中信高評級公司債,20,0,20,土銀-嘉義,2024-01-03,1034
00882,中信中國高股息,20,0,20,土銀-嘉義,2024-01-03,1034
1802,台玻,22,3,19,土銀-嘉義,2024-01-03,1034
0056,元大高股息,18,3,15,土銀-嘉義,2024-01-03,1034
00919,群益台灣精選高息,13,0,13,土銀-嘉義,2024-01-03,1034
2881,富邦金,13,0,13,土銀-嘉義,2024-01-03,1034
6770,力積電,12,0,12,土銀-嘉義,2024-01-03,1034
6505,台塑化,11,0,11,土銀-嘉義,2024-01-03,1034
5426,振發,11,0,11,土銀-嘉義,2024-01-03,1034
2330,台積電,11,0,11,土銀-嘉義,2024-01-03,1034
00753L,中信中國50正2,10,0,10,土銀-嘉義,2024-01-03,1034
00715L,期街口布蘭特正2,10,0,10,土銀-嘉義,2024-01-03,1034
00740B,富邦全球投等債,10,0,10,土銀-嘉義,2024-01-03,1034
00655L,國泰中國A50正2,10,0,10,土銀-嘉義,2024-01-03,1034
00891,中信關鍵半導體,10,0,10,土銀-嘉義,2024-01-03,1034
2201,裕隆,10,0,10,土銀-嘉義,2024-01-03,1034
2367,燿華,10,0,10,土銀-嘉義,2024-01-03,1034
2801,彰銀,10,0,10,土銀-嘉義,2024-01-03,1034
4183,福永生技,10,0,10,土銀-嘉義,2024-01-03,1034
5521,工信,20,10,10,土銀-嘉義,2024-01-03,1034
6026,福邦證,10,0,10,土銀-嘉義,2024-01-03,1034
6182,合晶,10,0,10,土銀-嘉義,2024-01-03,1034
1907,永豐餘,10,1,9,土銀-嘉義,2024-01-03,1034
2376,技嘉,10,1,9,土銀-嘉義,2024-01-03,1034
00934,中信成長高股息,8,0,8,土銀-嘉義,2024-01-03,1034
3481,群創,16,8,8,土銀-嘉義,2024-01-03,1034
2027,大成鋼,12,4,8,土銀-嘉義,2024-01-03,1034
2736,富野,12,5,7,土銀-嘉義,2024-01-03,1034
00935,野村臺灣新科技50,6,0,6,土銀-嘉義,2024-01-03,1034
3062,建漢,6,0,6,土銀-嘉義,2024-01-03,1034
1101,台泥,8,3,5,土銀-嘉義,2024-01-03,1034
2454,聯發科,6,0,6,土銀-嘉義,2024-01-03,1034
00915,凱基優選高股息30,5,0,5,土銀-嘉義,2024-01-03,1034
00636,國泰中國A50,10,5,5,土銀-嘉義,2024-01-03,1034
1582,信錦,5,0,5,土銀-嘉義,2024-01-03,1034
1760,寶齡富錦,5,0,5,土銀-嘉義,2024-01-03,1034
2421,建準,5,0,5,土銀-嘉義,2024-01-03,1034
3325,旭品,6,1,5,土銀-嘉義,2024-01-03,1034
00937B,群益ESG投等債20,73,0,73,土銀-嘉義,2024-01-04,1034
00637L,元大滬深300正2,78,14,64,土銀-嘉義,2024-01-04,1034
1802,台玻,50,0,50,土銀-嘉義,2024-01-04,1034
00929,復華台灣科技優息,55,19,36,土銀-嘉義,2024-01-04,1034
2009,第一銅,30,0,30,土銀-嘉義,2024-01-04,1034
00633L,富邦上証正2,21,0,21,土銀-嘉義,2024-01-04,1034
2892,第一金,20,0,20,土銀-嘉義,2024-01-04,1034
00712,復華富時不動產,21,3,18,土銀-嘉義,2024-01-04,1034
2641,正德,21,6,15,土銀-嘉義,2024-01-04,1034
2367,燿華,16,2,14,土銀-嘉義,2024-01-04,1034
2610,華航,18,5,13,土銀-嘉義,2024-01-04,1034
00751B,元大AAA至A公司債,12,0,12,土銀-嘉義,2024-01-04,1034
2736,富野,12,0,12,土銀-嘉義,2024-01-04,1034
1524,耿鼎,11,0,11,土銀-嘉義,2024-01-04,1034
0056,元大高股息,11,0,11,土銀-嘉義,2024-01-04,1034
00931B,統一美債20年,10,0,10,土銀-嘉義,2024-01-04,1034
2323,中環,10,0,10,土銀-嘉義,2024-01-04,1034
2406,國碩,10,0,10,土銀-嘉義,2024-01-04,1034
3260,威剛,10,1,9,土銀-嘉義,2024-01-04,1034
00725B,國泰投資級公司債,8,0,8,土銀-嘉義,2024-01-04,1034
2412,中華電,8,0,8,土銀-嘉義,2024-01-04,1034
2605,新興,18,10,8,土銀-嘉義,2024-01-04,1034
6173,信昌電,8,0,8,土銀-嘉義,2024-01-04,1034
2344,華邦電,8,1,7,土銀-嘉義,2024-01-04,1034
5309,系統電,6,0,6,土銀-嘉義,2024-01-04,1034
3006,晶豪科,5,0,5,土銀-嘉義,2024-01-04,1034
1714,和桐,10,5,5,土銀-嘉義,2024-01-04,1034
1731,美吾華,5,0,5,土銀-嘉義,2024-01-04,1034
2883,凱基金,5,0,5,土銀-嘉義,2024-01-04,1034
6689,伊雲谷,5,0,5,土銀-嘉義,2024-01-04,1034
8070,長華*,5,0,5,土銀-嘉義,2024-01-04,1034
2303,聯電,14,10,4,土銀-嘉義,2024-01-04,1034
1536,和大,4,0,4,土銀-嘉義,2024-01-04,1034
1466,聚隆,4,0,4,土銀-嘉義,2024-01-04,1034
00720B,元大投資級公司債,4,0,4,土銀-嘉義,2024-01-04,1034
2329,華泰,8,4,4,土銀-嘉義,2024-01-04,1034
2356,英業達,15,11,4,土銀-嘉義,2024-01-04,1034
2374,佳能,4,0,4,土銀-嘉義,2024-01-04,1034
2376,技嘉,4,0,4,土銀-嘉義,2024-01-04,1034
2455,全新,6,2,4,土銀-嘉義,2024-01-04,1034
2915,潤泰全,4,0,4,土銀-嘉義,2024-01-04,1034
3037,欣興,4,0,4,土銀-嘉義,2024-01-04,1034
8183,精星,4,0,4,土銀-嘉義,2024-01-04,1034
2454,聯發科,3,0,3,土銀-嘉義,2024-01-04,1034
00770,國泰北美科技,3,0,3,土銀-嘉義,2024-01-04,1034
00893,國泰智能電動車,3,0,3,土銀-嘉義,2024-01-04,1034
1605,華新,7,4,3,土銀-嘉義,2024-01-04,1034
1712,興農,3,0,3,土銀-嘉義,2024-01-04,1034
2375,凱美,3,0,3,土銀-嘉義,2024-01-04,1034
2421,建準,3,0,3,土銀-嘉義,2024-01-04,1034
2618,長榮航,98,2,96,土銀-嘉義,2024-01-05,1034
00751B,元大AAA至A公司債,56,0,56,土銀-嘉義,2024-01-05,1034
00679B,元大美債20年,30,0,30,土銀-嘉義,2024-01-05,1034
00712,復華富時不動產,23,0,23,土銀-嘉義,2024-01-05,1034
8085,福華,20,0,20,土銀-嘉義,2024-01-05,1034
00929,復華台灣科技優息,21,1,20,土銀-嘉義,2024-01-05,1034
2883,凱基金,15,1,14,土銀-嘉義,2024-01-05,1034
2609,陽明,45,31,14,土銀-嘉義,2024-01-05,1034
3576,聯合再生,10,0,10,土銀-嘉義,2024-01-05,1034
00931B,統一美債20年,8,0,8,土銀-嘉義,2024-01-05,1034
00687B,國泰20年美債,7,0,7,土銀-嘉義,2024-01-05,1034
00919,群益台灣精選高息,7,0,7,土銀-嘉義,2024-01-05,1034
2478,大毅,7,0,7,土銀-嘉義,2024-01-05,1034
2352,佳世達,7,1,6,土銀-嘉義,2024-01-05,1034
2393,億光,9,3,6,土銀-嘉義,2024-01-05,1034
8942,森鉅,6,0,6,土銀-嘉義,2024-01-05,1034
2356,英業達,9,4,5,土銀-嘉義,2024-01-05,1034
3694,海華,5,0,5,土銀-嘉義,2024-01-05,1034
3706,神達,8,4,4,土銀-嘉義,2024-01-05,1034
00770,國泰北美科技,4,0,4,土銀-嘉義,2024-01-05,1034
1536,和大,4,0,4,土銀-嘉義,2024-01-05,1034
00934,中信成長高股息,4,0,4,土銀-嘉義,2024-01-05,1034
2101,南港,5,1,4,土銀-嘉義,2024-01-05,1034
2303,聯電,8,4,4,土銀-嘉義,2024-01-05,1034
2331,精英,7,3,4,土銀-嘉義,2024-01-05,1034
2374,佳能,4,0,4,土銀-嘉義,2024-01-05,1034
2543,皇昌,4,0,4,土銀-嘉義,2024-01-05,1034
2376,技嘉,3,0,3,土銀-嘉義,2024-01-05,1034
2211,長榮鋼,3,0,3,土銀-嘉義,2024-01-05,1034
1101,台泥,3,0,3,土銀-嘉義,2024-01-05,1034
00936,台新永續高息中小,3,0,3,土銀-嘉義,2024-01-05,1034
2324,仁寶,3,0,3,土銀-嘉義,2024-01-05,1034
2344,華邦電,15,12,3,土銀-嘉義,2024-01-05,1034
2382,廣達,4,1,3,土銀-嘉義,2024-01-05,1034
2608,嘉里大榮,3,0,3,土銀-嘉義,2024-01-05,1034
2756,聯發國際,3,0,3,土銀-嘉義,2024-01-05,1034
4904,遠傳,3,0,3,土銀-嘉義,2024-01-05,1034
8086,宏捷科,3,0,3,土銀-嘉義,2024-01-05,1034
9958,世紀鋼,5,2,3,土銀-嘉義,2024-01-05,1034
3037,欣興,2,0,2,土銀-嘉義,2024-01-05,1034
00636,國泰中國A50,2,0,2,土銀-嘉義,2024-01-05,1034
00890B,凱基ESG BBB債,2,0,2,土銀-嘉義,2024-01-05,1034
00756B,群益投等新興公債,2,0,2,土銀-嘉義,2024-01-05,1034
00725B,國泰投資級公司債,2,0,2,土銀-嘉義,2024-01-05,1034
1733,五鼎,2,0,2,土銀-嘉義,2024-01-05,1034
1605,華新,4,2,2,土銀-嘉義,2024-01-05,1034
2329,華泰,3,1,2,土銀-嘉義,2024-01-05,1034
2408,南亞科,12,10,2,土銀-嘉義,2024-01-05,1034
2420,新巨,2,0,2,土銀-嘉義,2024-01-05,1034
2603,長榮,4,2,2,土銀-嘉義,2024-01-05,1034
00665L,富邦�琤肭磪囓�2,411,0,411,土銀-嘉義,2024-01-08,1034
3481,群創,87,28,59,土銀-嘉義,2024-01-08,1034
2618,長榮航,69,36,33,土銀-嘉義,2024-01-08,1034
00753L,中信中國50正2,29,0,29,土銀-嘉義,2024-01-08,1034
00929,復華台灣科技優息,32,4,28,土銀-嘉義,2024-01-08,1034
00637L,元大滬深300正2,41,14,27,土銀-嘉義,2024-01-08,1034
00882,中信中國高股息,28,6,22,土銀-嘉義,2024-01-08,1034
1314,中石化,21,0,21,土銀-嘉義,2024-01-08,1034
2303,聯電,20,0,20,土銀-嘉義,2024-01-08,1034
00687B,國泰20年美債,18,0,18,土銀-嘉義,2024-01-08,1034
8096,擎亞,20,2,18,土銀-嘉義,2024-01-08,1034
3714,富采,25,8,17,土銀-嘉義,2024-01-08,1034
2353,宏��,27,14,13,土銀-嘉義,2024-01-08,1034
2838,聯邦銀,12,0,12,土銀-嘉義,2024-01-08,1034
00655L,國泰中國A50正2,10,0,10,土銀-嘉義,2024-01-08,1034
00933B,國泰10Y+金融債,10,0,10,土銀-嘉義,2024-01-08,1034
2421,建準,10,0,10,土銀-嘉義,2024-01-08,1034
8034,榮群,10,0,10,土銀-嘉義,2024-01-08,1034
2615,萬海,11,2,9,土銀-嘉義,2024-01-08,1034
00937B,群益ESG投等債20,8,0,8,土銀-嘉義,2024-01-08,1034
00915,凱基優選高股息30,7,0,7,土銀-嘉義,2024-01-08,1034
00679B,元大美債20年,7,0,7,土銀-嘉義,2024-01-08,1034
00893,國泰智能電動車,7,0,7,土銀-嘉義,2024-01-08,1034
2489,瑞軒,10,3,7,土銀-嘉義,2024-01-08,1034
2603,長榮,9,3,6,土銀-嘉義,2024-01-08,1034
00935,野村臺灣新科技50,6,0,6,土銀-嘉義,2024-01-08,1034
2543,皇昌,7,1,6,土銀-嘉義,2024-01-08,1034
6164,華興,6,0,6,土銀-嘉義,2024-01-08,1034
1515,力山,5,0,5,土銀-嘉義,2024-01-08,1034
2344,華邦電,38,33,5,土銀-嘉義,2024-01-08,1034
2377,微星,7,2,5,土銀-嘉義,2024-01-08,1034
2801,彰銀,5,0,5,土銀-嘉義,2024-01-08,1034
3163,波若威,5,0,5,土銀-嘉義,2024-01-08,1034
3679,新至陞,5,0,5,土銀-嘉義,2024-01-08,1034
6187,萬潤,5,0,5,土銀-嘉義,2024-01-08,1034
6451,訊芯-KY,8,3,5,土銀-嘉義,2024-01-08,1034
6689,伊雲谷,5,0,5,土銀-嘉義,2024-01-08,1034
8930,青鋼,5,0,5,土銀-嘉義,2024-01-08,1034
00770,國泰北美科技,4,0,4,土銀-嘉義,2024-01-08,1034
00756B,群益投等新興公債,4,0,4,土銀-嘉義,2024-01-08,1034
2637,慧洋-KY,4,0,4,土銀-嘉義,2024-01-08,1034
2736,富野,11,7,4,土銀-嘉義,2024-01-08,1034
5403,中菲,4,0,4,土銀-嘉義,2024-01-08,1034
6168,宏齊,12,8,4,土銀-嘉義,2024-01-08,1034
6770,力積電,7,3,4,土銀-嘉義,2024-01-08,1034
0056,元大高股息,4,1,3,土銀-嘉義,2024-01-08,1034
00931B,統一美債20年,3,0,3,土銀-嘉義,2024-01-08,1034
00927,群益半導體收益,3,0,3,土銀-嘉義,2024-01-08,1034
1721,三晃,3,0,3,土銀-嘉義,2024-01-08,1034
2107,厚生,3,0,3,土銀-嘉義,2024-01-08,1034
00637L,元大滬深300正2,516,31,485,土銀-嘉義,2024-01-09,1034
2610,華航,193,2,191,土銀-嘉義,2024-01-09,1034
1905,華紙,141,10,131,土銀-嘉義,2024-01-09,1034
00933B,國泰10Y+金融債,116,4,112,土銀-嘉義,2024-01-09,1034
00929,復華台灣科技優息,78,3,75,土銀-嘉義,2024-01-09,1034
2609,陽明,86,25,61,土銀-嘉義,2024-01-09,1034
00919,群益台灣精選高息,49,0,49,土銀-嘉義,2024-01-09,1034
2409,友達,41,1,40,土銀-嘉義,2024-01-09,1034
2014,中鴻,36,1,35,土銀-嘉義,2024-01-09,1034
00751B,元大AAA至A公司債,32,0,32,土銀-嘉義,2024-01-09,1034
2883,凱基金,22,0,22,土銀-嘉義,2024-01-09,1034
3260,威剛,18,0,18,土銀-嘉義,2024-01-09,1034
2356,英業達,100,83,17,土銀-嘉義,2024-01-09,1034
00642U,期元大S＆P石油,15,0,15,土銀-嘉義,2024-01-09,1034
2303,聯電,14,0,14,土銀-嘉義,2024-01-09,1034
2891,中信金,14,0,14,土銀-嘉義,2024-01-09,1034
1514,亞力,11,0,11,土銀-嘉義,2024-01-09,1034
3703,欣陸,10,0,10,土銀-嘉義,2024-01-09,1034
5351,鈺創,10,0,10,土銀-嘉義,2024-01-09,1034
8011,台通,10,0,10,土銀-嘉義,2024-01-09,1034
1605,華新,8,0,8,土銀-嘉義,2024-01-09,1034
3231,緯創,15,7,8,土銀-嘉義,2024-01-09,1034
2603,長榮,11,4,7,土銀-嘉義,2024-01-09,1034
00918,大華優利高填息30,7,0,7,土銀-嘉義,2024-01-09,1034
2375,凱美,6,0,6,土銀-嘉義,2024-01-09,1034
3504,揚明光,6,0,6,土銀-嘉義,2024-01-09,1034
6164,華興,6,0,6,土銀-嘉義,2024-01-09,1034
00715L,期街口布蘭特正2,5,0,5,土銀-嘉義,2024-01-09,1034
2002,中鋼,5,0,5,土銀-嘉義,2024-01-09,1034
2017,官田鋼,5,0,5,土銀-嘉義,2024-01-09,1034
2369,菱生,5,0,5,土銀-嘉義,2024-01-09,1034
3019,亞光,5,0,5,土銀-嘉義,2024-01-09,1034
3437,榮創,5,0,5,土銀-嘉義,2024-01-09,1034
2317,鴻海,4,0,4,土銀-嘉義,2024-01-09,1034
00770,國泰北美科技,8,4,4,土銀-嘉義,2024-01-09,1034
00687B,國泰20年美債,4,0,4,土銀-嘉義,2024-01-09,1034
2324,仁寶,10,6,4,土銀-嘉義,2024-01-09,1034
2367,燿華,6,2,4,土銀-嘉義,2024-01-09,1034
2421,建準,6,2,4,土銀-嘉義,2024-01-09,1034
3128,昇銳,4,0,4,土銀-嘉義,2024-01-09,1034
4904,遠傳,4,0,4,土銀-嘉義,2024-01-09,1034
5009,榮剛,4,0,4,土銀-嘉義,2024-01-09,1034
5403,中菲,4,0,4,土銀-嘉義,2024-01-09,1034
2308,台達電,3,0,3,土銀-嘉義,2024-01-09,1034
00720B,元大投資級公司債,4,1,3,土銀-嘉義,2024-01-09,1034
00907,永豐優息存股,3,0,3,土銀-嘉義,2024-01-09,1034
00937B,群益ESG投等債20,3,0,3,土銀-嘉義,2024-01-09,1034
00927,群益半導體收益,3,0,3,土銀-嘉義,2024-01-09,1034
2636,台驊控股,3,0,3,土銀-嘉義,2024-01-09,1034
2731,雄獅,3,0,3,土銀-嘉義,2024-01-09,1034
2845,遠東銀,154,0,154,土銀-嘉義,2024-01-10,1034
9105,泰金寶-DR,80,0,80,土銀-嘉義,2024-01-10,1034
2201,裕隆,53,0,53,土銀-嘉義,2024-01-10,1034
2515,中工,35,0,35,土銀-嘉義,2024-01-10,1034
2303,聯電,33,0,33,土銀-嘉義,2024-01-10,1034
2002,中鋼,30,0,30,土銀-嘉義,2024-01-10,1034
00929,復華台灣科技優息,28,0,28,土銀-嘉義,2024-01-10,1034
2014,中鴻,30,8,22,土銀-嘉義,2024-01-10,1034
3231,緯創,25,3,22,土銀-嘉義,2024-01-10,1034
2356,英業達,26,10,16,土銀-嘉義,2024-01-10,1034
2618,長榮航,19,3,16,土銀-嘉義,2024-01-10,1034
2609,陽明,30,16,14,土銀-嘉義,2024-01-10,1034
00937B,群益ESG投等債20,13,0,13,土銀-嘉義,2024-01-10,1034
2353,宏��,41,28,13,土銀-嘉義,2024-01-10,1034
3032,偉訓,13,0,13,土銀-嘉義,2024-01-10,1034
2308,台達電,11,0,11,土銀-嘉義,2024-01-10,1034
2637,慧洋-KY,11,0,11,土銀-嘉義,2024-01-10,1034
1802,台玻,10,0,10,土銀-嘉義,2024-01-10,1034
2606,裕民,9,0,9,土銀-嘉義,2024-01-10,1034
2352,佳世達,8,1,7,土銀-嘉義,2024-01-10,1034
00720B,元大投資級公司債,7,1,6,土銀-嘉義,2024-01-10,1034
2401,凌陽,6,0,6,土銀-嘉義,2024-01-10,1034
2498,宏達電,8,2,6,土銀-嘉義,2024-01-10,1034
0056,元大高股息,6,0,6,土銀-嘉義,2024-01-10,1034
006206,元大上證50,5,0,5,土銀-嘉義,2024-01-10,1034
006205,富邦上証,5,0,5,土銀-嘉義,2024-01-10,1034
2301,光寶科,5,0,5,土銀-嘉義,2024-01-10,1034
3264,欣銓,5,0,5,土銀-嘉義,2024-01-10,1034
4744,皇將,5,0,5,土銀-嘉義,2024-01-10,1034
6026,福邦證,5,0,5,土銀-嘉義,2024-01-10,1034
6173,信昌電,5,0,5,土銀-嘉義,2024-01-10,1034
00753L,中信中國50正2,4,0,4,土銀-嘉義,2024-01-10,1034
3679,新至陞,4,0,4,土銀-嘉義,2024-01-10,1034
2317,鴻海,4,0,4,土銀-嘉義,2024-01-10,1034
00878,國泰永續高股息,7,4,3,土銀-嘉義,2024-01-10,1034
0050,元大台灣50,3,0,3,土銀-嘉義,2024-01-10,1034
00679B,元大美債20年,3,0,3,土銀-嘉義,2024-01-10,1034
1229,聯華,3,0,3,土銀-嘉義,2024-01-10,1034
1101,台泥,3,0,3,土銀-嘉義,2024-01-10,1034
1609,大亞,3,0,3,土銀-嘉義,2024-01-10,1034
2312,金寶,3,0,3,土銀-嘉義,2024-01-10,1034
2316,楠梓電,3,0,3,土銀-嘉義,2024-01-10,1034
2324,仁寶,16,13,3,土銀-嘉義,2024-01-10,1034
2369,菱生,3,0,3,土銀-嘉義,2024-01-10,1034
2520,冠德,3,0,3,土銀-嘉義,2024-01-10,1034
2610,華航,6,3,3,土銀-嘉義,2024-01-10,1034
2891,中信金,3,0,3,土銀-嘉義,2024-01-10,1034
3056,富華新,3,0,3,土銀-嘉義,2024-01-10,1034
4909,新復興,4,1,3,土銀-嘉義,2024-01-10,1034
8183,精星,3,0,3,土銀-嘉義,2024-01-10,1034
2845,遠東銀,254,0,254,土銀-嘉義,2024-01-11,1034
00929,復華台灣科技優息,86,1,85,土銀-嘉義,2024-01-11,1034
00891,中信關鍵半導體,80,0,80,土銀-嘉義,2024-01-11,1034
00679B,元大美債20年,56,0,56,土銀-嘉義,2024-01-11,1034
00637L,元大滬深300正2,56,4,52,土銀-嘉義,2024-01-11,1034
1605,華新,50,0,50,土銀-嘉義,2024-01-11,1034
2883,凱基金,30,0,30,土銀-嘉義,2024-01-11,1034
2889,國票金,30,0,30,土銀-嘉義,2024-01-11,1034
00919,群益台灣精選高息,29,6,23,土銀-嘉義,2024-01-11,1034
00680L,元大美債20正2,20,0,20,土銀-嘉義,2024-01-11,1034
9907,統一實,20,0,20,土銀-嘉義,2024-01-11,1034
0056,元大高股息,15,0,15,土銀-嘉義,2024-01-11,1034
2851,中再保,14,0,14,土銀-嘉義,2024-01-11,1034
2498,宏達電,13,0,13,土銀-嘉義,2024-01-11,1034
2618,長榮航,14,2,12,土銀-嘉義,2024-01-11,1034
2303,聯電,12,0,12,土銀-嘉義,2024-01-11,1034
1301,台塑,10,0,10,土銀-嘉義,2024-01-11,1034
00893,國泰智能電動車,10,0,10,土銀-嘉義,2024-01-11,1034
3499,環天科,10,0,10,土銀-嘉義,2024-01-11,1034
3706,神達,22,12,10,土銀-嘉義,2024-01-11,1034
2609,陽明,15,7,8,土銀-嘉義,2024-01-11,1034
3339,泰谷,8,0,8,土銀-嘉義,2024-01-11,1034
6120,達運,9,2,7,土銀-嘉義,2024-01-11,1034
6163,華電網,6,0,6,土銀-嘉義,2024-01-11,1034
6695,芯鼎,6,0,6,土銀-嘉義,2024-01-11,1034
2002,中鋼,5,0,5,土銀-嘉義,2024-01-11,1034
006206,元大上證50,5,0,5,土銀-嘉義,2024-01-11,1034
00934,中信成長高股息,5,0,5,土銀-嘉義,2024-01-11,1034
1444,力麗,5,0,5,土銀-嘉義,2024-01-11,1034
1449,佳和,5,0,5,土銀-嘉義,2024-01-11,1034
1591,駿吉-KY,5,0,5,土銀-嘉義,2024-01-11,1034
1802,台玻,5,0,5,土銀-嘉義,2024-01-11,1034
2317,鴻海,5,0,5,土銀-嘉義,2024-01-11,1034
2515,中工,5,0,5,土銀-嘉義,2024-01-11,1034
2736,富野,5,0,5,土銀-嘉義,2024-01-11,1034
3031,佰鴻,10,5,5,土銀-嘉義,2024-01-11,1034
3128,昇銳,5,0,5,土銀-嘉義,2024-01-11,1034
2892,第一金,5,0,5,土銀-嘉義,2024-01-11,1034
3037,欣興,4,0,4,土銀-嘉義,2024-01-11,1034
1504,東元,4,0,4,土銀-嘉義,2024-01-11,1034
1101,台泥,5,1,4,土銀-嘉義,2024-01-11,1034
2324,仁寶,4,0,4,土銀-嘉義,2024-01-11,1034
2756,聯發國際,4,0,4,土銀-嘉義,2024-01-11,1034
3356,奇偶,4,0,4,土銀-嘉義,2024-01-11,1034
3707,漢磊,4,0,4,土銀-嘉義,2024-01-11,1034
6182,合晶,4,0,4,土銀-嘉義,2024-01-11,1034
00937B,群益ESG投等債20,3,0,3,土銀-嘉義,2024-01-11,1034
2882,國泰金,3,0,3,土銀-嘉義,2024-01-11,1034
3013,晟銘電,7,4,3,土銀-嘉義,2024-01-11,1034
3260,威剛,3,0,3,土銀-嘉義,2024-01-11,1034
6153,嘉聯益,100,0,100,土銀-嘉義,2024-01-12,1034
2371,大同,124,41,83,土銀-嘉義,2024-01-12,1034
2610,華航,72,6,66,土銀-嘉義,2024-01-12,1034
5426,振發,65,31,34,土銀-嘉義,2024-01-12,1034
2892,第一金,31,0,31,土銀-嘉義,2024-01-12,1034
00635U,期元大S＆P黃金,30,0,30,土銀-嘉義,2024-01-12,1034
6770,力積電,25,0,25,土銀-嘉義,2024-01-12,1034
00929,復華台灣科技優息,22,0,22,土銀-嘉義,2024-01-12,1034
2208,台船,24,4,20,土銀-嘉義,2024-01-12,1034
2913,農林,20,0,20,土銀-嘉義,2024-01-12,1034
00753L,中信中國50正2,20,2,18,土銀-嘉義,2024-01-12,1034
00904,新光臺灣半導體30,15,0,15,土銀-嘉義,2024-01-12,1034
3481,群創,15,1,14,土銀-嘉義,2024-01-12,1034
2303,聯電,13,0,13,土銀-嘉義,2024-01-12,1034
2353,宏��,29,16,13,土銀-嘉義,2024-01-12,1034
2882,國泰金,13,0,13,土銀-嘉義,2024-01-12,1034
2393,億光,12,0,12,土銀-嘉義,2024-01-12,1034
2888,新光金,20,8,12,土銀-嘉義,2024-01-12,1034
00712,復華富時不動產,11,0,11,土銀-嘉義,2024-01-12,1034
3260,威剛,12,1,11,土銀-嘉義,2024-01-12,1034
4909,新復興,71,60,11,土銀-嘉義,2024-01-12,1034
00878,國泰永續高股息,13,3,10,土銀-嘉義,2024-01-12,1034
2618,長榮航,14,6,8,土銀-嘉義,2024-01-12,1034
00636,國泰中國A50,8,0,8,土銀-嘉義,2024-01-12,1034
6139,亞翔,20,12,8,土銀-嘉義,2024-01-12,1034
6209,今國光,8,0,8,土銀-嘉義,2024-01-12,1034
8096,擎亞,14,6,8,土銀-嘉義,2024-01-12,1034
00679B,元大美債20年,7,0,7,土銀-嘉義,2024-01-12,1034
00770,國泰北美科技,7,1,6,土銀-嘉義,2024-01-12,1034
2324,仁寶,7,1,6,土銀-嘉義,2024-01-12,1034
3624,光頡,6,0,6,土銀-嘉義,2024-01-12,1034
6168,宏齊,7,1,6,土銀-嘉義,2024-01-12,1034
00919,群益台灣精選高息,10,5,5,土銀-嘉義,2024-01-12,1034
0056,元大高股息,5,0,5,土銀-嘉義,2024-01-12,1034
1303,南亞,5,0,5,土銀-嘉義,2024-01-12,1034
1227,佳格,5,0,5,土銀-嘉義,2024-01-12,1034
1605,華新,5,0,5,土銀-嘉義,2024-01-12,1034
1444,力麗,5,0,5,土銀-嘉義,2024-01-12,1034
2867,三商壽,5,0,5,土銀-嘉義,2024-01-12,1034
4931,新盛力,5,0,5,土銀-嘉義,2024-01-12,1034
6187,萬潤,5,0,5,土銀-嘉義,2024-01-12,1034
2634,漢翔,7,2,5,土銀-嘉義,2024-01-12,1034
1513,中興電,4,0,4,土銀-嘉義,2024-01-12,1034
1216,統一,4,0,4,土銀-嘉義,2024-01-12,1034
2002,中鋼,6,2,4,土銀-嘉義,2024-01-12,1034
2428,興勤,4,0,4,土銀-嘉義,2024-01-12,1034
2543,皇昌,6,2,4,土銀-嘉義,2024-01-12,1034
5009,榮剛,4,0,4,土銀-嘉義,2024-01-12,1034
6805,富世達,4,0,4,土銀-嘉義,2024-01-12,1034
00915,凱基優選高股息30,3,0,3,土銀-嘉義,2024-01-12,1034
2888,新光金,85,0,85,土銀-嘉義,2024-01-15,1034
2610,華航,71,3,68,土銀-嘉義,2024-01-15,1034
00679B,元大美債20年,63,0,63,土銀-嘉義,2024-01-15,1034
00878,國泰永續高股息,47,1,46,土銀-嘉義,2024-01-15,1034
00722B,群益投資級電信債,20,0,20,土銀-嘉義,2024-01-15,1034
2897,王道銀行,20,0,20,土銀-嘉義,2024-01-15,1034
2834,臺企銀,18,0,18,土銀-嘉義,2024-01-15,1034
1326,台化,15,0,15,土銀-嘉義,2024-01-15,1034
00687B,國泰20年美債,14,0,14,土銀-嘉義,2024-01-15,1034
1101,台泥,14,0,14,土銀-嘉義,2024-01-15,1034
2353,宏��,18,4,14,土銀-嘉義,2024-01-15,1034
00927,群益半導體收益,13,0,13,土銀-嘉義,2024-01-15,1034
00753L,中信中國50正2,13,0,13,土銀-嘉義,2024-01-15,1034
2736,富野,13,0,13,土銀-嘉義,2024-01-15,1034
1611,中電,12,0,12,土銀-嘉義,2024-01-15,1034
4979,華星光,14,3,11,土銀-嘉義,2024-01-15,1034
6120,達運,13,2,11,土銀-嘉義,2024-01-15,1034
0056,元大高股息,10,0,10,土銀-嘉義,2024-01-15,1034
1301,台塑,12,2,10,土銀-嘉義,2024-01-15,1034
2801,彰銀,10,0,10,土銀-嘉義,2024-01-15,1034
3231,緯創,30,20,10,土銀-嘉義,2024-01-15,1034
3257,虹冠電,10,0,10,土銀-嘉義,2024-01-15,1034
2884,玉山金,10,1,9,土銀-嘉義,2024-01-15,1034
2382,廣達,13,5,8,土銀-嘉義,2024-01-15,1034
00937B,群益ESG投等債20,7,0,7,土銀-嘉義,2024-01-15,1034
00770,國泰北美科技,9,2,7,土銀-嘉義,2024-01-15,1034
2408,南亞科,9,2,7,土銀-嘉義,2024-01-15,1034
2460,建通,8,1,7,土銀-嘉義,2024-01-15,1034
2618,長榮航,9,2,7,土銀-嘉義,2024-01-15,1034
2630,亞航,7,0,7,土銀-嘉義,2024-01-15,1034
2356,英業達,23,17,6,土銀-嘉義,2024-01-15,1034
2609,陽明,6,0,6,土銀-嘉義,2024-01-15,1034
2612,中航,5,0,5,土銀-嘉義,2024-01-15,1034
2615,萬海,5,0,5,土銀-嘉義,2024-01-15,1034
3019,亞光,5,0,5,土銀-嘉義,2024-01-15,1034
3105,穩懋,5,0,5,土銀-嘉義,2024-01-15,1034
3289,宜特,5,0,5,土銀-嘉義,2024-01-15,1034
6285,啟��,5,0,5,土銀-嘉義,2024-01-15,1034
6719,力智,5,0,5,土銀-嘉義,2024-01-15,1034
00919,群益台灣精選高息,14,10,4,土銀-嘉義,2024-01-15,1034
2882,國泰金,4,0,4,土銀-嘉義,2024-01-15,1034
3363,上詮,5,1,4,土銀-嘉義,2024-01-15,1034
8222,寶一,6,2,4,土銀-嘉義,2024-01-15,1034
1307,三芳,3,0,3,土銀-嘉義,2024-01-15,1034
1519,華城,21,18,3,土銀-嘉義,2024-01-15,1034
2374,佳能,4,1,3,土銀-嘉義,2024-01-15,1034
2603,長榮,4,1,3,土銀-嘉義,2024-01-15,1034
2731,雄獅,3,0,3,土銀-嘉義,2024-01-15,1034
2317,鴻海,4,1,3,土銀-嘉義,2024-01-15,1034
1513,中興電,2,0,2,土銀-嘉義,2024-01-15,1034
2845,遠東銀,200,0,200,土銀-嘉義,2024-01-16,1034
00929,復華台灣科技優息,185,0,185,土銀-嘉義,2024-01-16,1034
00919,群益台灣精選高息,136,6,130,土銀-嘉義,2024-01-16,1034
1802,台玻,101,0,101,土銀-嘉義,2024-01-16,1034
2412,中華電,90,0,90,土銀-嘉義,2024-01-16,1034
1905,華紙,82,0,82,土銀-嘉義,2024-01-16,1034
1605,華新,51,0,51,土銀-嘉義,2024-01-16,1034
00878,國泰永續高股息,45,0,45,土銀-嘉義,2024-01-16,1034
0056,元大高股息,43,0,43,土銀-嘉義,2024-01-16,1034
2371,大同,41,0,41,土銀-嘉義,2024-01-16,1034
9105,泰金寶-DR,40,0,40,土銀-嘉義,2024-01-16,1034
00687B,國泰20年美債,38,1,37,土銀-嘉義,2024-01-16,1034
8096,擎亞,40,11,29,土銀-嘉義,2024-01-16,1034
2883,凱基金,26,0,26,土銀-嘉義,2024-01-16,1034
2609,陽明,31,6,25,土銀-嘉義,2024-01-16,1034
2356,英業達,45,23,22,土銀-嘉義,2024-01-16,1034
00753L,中信中國50正2,20,0,20,土銀-嘉義,2024-01-16,1034
2891,中信金,20,0,20,土銀-嘉義,2024-01-16,1034
2888,新光金,15,0,15,土銀-嘉義,2024-01-16,1034
00881,國泰台灣5G+,12,0,12,土銀-嘉義,2024-01-16,1034
6695,芯鼎,33,21,12,土銀-嘉義,2024-01-16,1034
3013,晟銘電,14,3,11,土銀-嘉義,2024-01-16,1034
4909,新復興,10,0,10,土銀-嘉義,2024-01-16,1034
1301,台塑,12,2,10,土銀-嘉義,2024-01-16,1034
2375,凱美,10,0,10,土銀-嘉義,2024-01-16,1034
2882,國泰金,10,0,10,土銀-嘉義,2024-01-16,1034
6770,力積電,10,0,10,土銀-嘉義,2024-01-16,1034
2002,中鋼,9,0,9,土銀-嘉義,2024-01-16,1034
2308,台達電,9,0,9,土銀-嘉義,2024-01-16,1034
2405,輔信,11,2,9,土銀-嘉義,2024-01-16,1034
3715,定穎投控,9,0,9,土銀-嘉義,2024-01-16,1034
2486,一詮,8,0,8,土銀-嘉義,2024-01-16,1034
2881,富邦金,7,0,7,土銀-嘉義,2024-01-16,1034
2615,萬海,8,1,7,土銀-嘉義,2024-01-16,1034
3484,崧騰,7,0,7,土銀-嘉義,2024-01-16,1034
6505,台塑化,6,0,6,土銀-嘉義,2024-01-16,1034
2332,友訊,8,2,6,土銀-嘉義,2024-01-16,1034
2465,麗臺,6,0,6,土銀-嘉義,2024-01-16,1034
2610,華航,8,2,6,土銀-嘉義,2024-01-16,1034
4563,百德,6,0,6,土銀-嘉義,2024-01-16,1034
4906,正文,8,2,6,土銀-嘉義,2024-01-16,1034
4979,華星光,6,0,6,土銀-嘉義,2024-01-16,1034
1313,聯成,5,0,5,土銀-嘉義,2024-01-16,1034
00720B,元大投資級公司債,5,0,5,土銀-嘉義,2024-01-16,1034
2344,華邦電,13,8,5,土銀-嘉義,2024-01-16,1034
2889,國票金,5,0,5,土銀-嘉義,2024-01-16,1034
2897,王道銀行,5,0,5,土銀-嘉義,2024-01-16,1034
8085,福華,5,0,5,土銀-嘉義,2024-01-16,1034
00751B,元大AAA至A公司債,4,0,4,土銀-嘉義,2024-01-16,1034
2303,聯電,4,0,4,土銀-嘉義,2024-01-16,1034
00929,復華台灣科技優息,136,22,114,土銀-嘉義,2024-01-17,1034
00687B,國泰20年美債,87,2,85,土銀-嘉義,2024-01-17,1034
1605,華新,104,20,84,土銀-嘉義,2024-01-17,1034
2884,玉山金,76,0,76,土銀-嘉義,2024-01-17,1034
00753L,中信中國50正2,68,0,68,土銀-嘉義,2024-01-17,1034
00919,群益台灣精選高息,61,3,58,土銀-嘉義,2024-01-17,1034
2303,聯電,80,30,50,土銀-嘉義,2024-01-17,1034
0056,元大高股息,51,2,49,土銀-嘉義,2024-01-17,1034
00882,中信中國高股息,64,19,45,土銀-嘉義,2024-01-17,1034
2610,華航,47,2,45,土銀-嘉義,2024-01-17,1034
2892,第一金,41,0,41,土銀-嘉義,2024-01-17,1034
2356,英業達,43,8,35,土銀-嘉義,2024-01-17,1034
00680L,元大美債20正2,31,0,31,土銀-嘉義,2024-01-17,1034
2888,新光金,41,15,26,土銀-嘉義,2024-01-17,1034
00665L,富邦�琤肭磪囓�2,59,36,23,土銀-嘉義,2024-01-17,1034
00878,國泰永續高股息,28,6,22,土銀-嘉義,2024-01-17,1034
2371,大同,80,60,20,土銀-嘉義,2024-01-17,1034
5880,合庫金,20,0,20,土銀-嘉義,2024-01-17,1034
2344,華邦電,16,0,16,土銀-嘉義,2024-01-17,1034
2317,鴻海,15,0,15,土銀-嘉義,2024-01-17,1034
5351,鈺創,15,0,15,土銀-嘉義,2024-01-17,1034
2412,中華電,13,0,13,土銀-嘉義,2024-01-17,1034
2883,凱基金,13,0,13,土銀-嘉義,2024-01-17,1034
1303,南亞,13,1,12,土銀-嘉義,2024-01-17,1034
00720B,元大投資級公司債,13,1,12,土銀-嘉義,2024-01-17,1034
00712,復華富時不動產,12,0,12,土銀-嘉義,2024-01-17,1034
00751B,元大AAA至A公司債,11,0,11,土銀-嘉義,2024-01-17,1034
1504,東元,11,0,11,土銀-嘉義,2024-01-17,1034
3481,群創,30,20,10,土銀-嘉義,2024-01-17,1034
006206,元大上證50,10,0,10,土銀-嘉義,2024-01-17,1034
1514,亞力,10,0,10,土銀-嘉義,2024-01-17,1034
2885,元大金,10,0,10,土銀-嘉義,2024-01-17,1034
3013,晟銘電,12,2,10,土銀-嘉義,2024-01-17,1034
6005,群益證,10,0,10,土銀-嘉義,2024-01-17,1034
6209,今國光,10,0,10,土銀-嘉義,2024-01-17,1034
8033,雷虎,10,0,10,土銀-嘉義,2024-01-17,1034
0050,元大台灣50,8,0,8,土銀-嘉義,2024-01-17,1034
2002,中鋼,8,0,8,土銀-嘉義,2024-01-17,1034
2882,國泰金,8,0,8,土銀-嘉義,2024-01-17,1034
5347,世界,10,2,8,土銀-嘉義,2024-01-17,1034
00770,國泰北美科技,11,4,7,土銀-嘉義,2024-01-17,1034
1301,台塑,13,6,7,土銀-嘉義,2024-01-17,1034
2329,華泰,20,13,7,土銀-嘉義,2024-01-17,1034
2851,中再保,7,0,7,土銀-嘉義,2024-01-17,1034
2891,中信金,7,0,7,土銀-嘉義,2024-01-17,1034
3058,立德,7,0,7,土銀-嘉義,2024-01-17,1034
2323,中環,6,0,6,土銀-嘉義,2024-01-17,1034
5309,系統電,7,1,6,土銀-嘉義,2024-01-17,1034
1104,環泥,5,0,5,土銀-嘉義,2024-01-17,1034
006205,富邦上証,5,0,5,土銀-嘉義,2024-01-17,1034
3576,聯合再生,101,0,101,土銀-嘉義,2024-01-18,1034
2845,遠東銀,59,5,54,土銀-嘉義,2024-01-18,1034
00929,復華台灣科技優息,53,6,47,土銀-嘉義,2024-01-18,1034
2888,新光金,46,0,46,土銀-嘉義,2024-01-18,1034
5880,合庫金,42,0,42,土銀-嘉義,2024-01-18,1034
2883,凱基金,41,0,41,土銀-嘉義,2024-01-18,1034
0056,元大高股息,37,0,37,土銀-嘉義,2024-01-18,1034
2498,宏達電,35,0,35,土銀-嘉義,2024-01-18,1034
4707,磐亞,35,0,35,土銀-嘉義,2024-01-18,1034
5351,鈺創,33,0,33,土銀-嘉義,2024-01-18,1034
00637L,元大滬深300正2,37,7,30,土銀-嘉義,2024-01-18,1034
00680L,元大美債20正2,30,0,30,土銀-嘉義,2024-01-18,1034
00633L,富邦上証正2,30,0,30,土銀-嘉義,2024-01-18,1034
4960,誠美材,27,0,27,土銀-嘉義,2024-01-18,1034
00712,復華富時不動產,26,0,26,土銀-嘉義,2024-01-18,1034
2882,國泰金,20,0,20,土銀-嘉義,2024-01-18,1034
00753L,中信中國50正2,17,0,17,土銀-嘉義,2024-01-18,1034
2375,凱美,16,0,16,土銀-嘉義,2024-01-18,1034
00687B,國泰20年美債,15,0,15,土銀-嘉義,2024-01-18,1034
4979,華星光,28,14,14,土銀-嘉義,2024-01-18,1034
00882,中信中國高股息,13,0,13,土銀-嘉義,2024-01-18,1034
00720B,元大投資級公司債,12,0,12,土銀-嘉義,2024-01-18,1034
1101,台泥,11,0,11,土銀-嘉義,2024-01-18,1034
2834,臺企銀,11,0,11,土銀-嘉義,2024-01-18,1034
3711,日月光投控,11,0,11,土銀-嘉義,2024-01-18,1034
6770,力積電,11,0,11,土銀-嘉義,2024-01-18,1034
1301,台塑,10,0,10,土銀-嘉義,2024-01-18,1034
00751B,元大AAA至A公司債,10,0,10,土銀-嘉義,2024-01-18,1034
00893,國泰智能電動車,10,0,10,土銀-嘉義,2024-01-18,1034
006206,元大上證50,10,0,10,土銀-嘉義,2024-01-18,1034
8011,台通,10,0,10,土銀-嘉義,2024-01-18,1034
00937B,群益ESG投等債20,9,0,9,土銀-嘉義,2024-01-18,1034
3013,晟銘電,8,0,8,土銀-嘉義,2024-01-18,1034
1802,台玻,7,0,7,土銀-嘉義,2024-01-18,1034
1905,華紙,6,0,6,土銀-嘉義,2024-01-18,1034
2356,英業達,81,75,6,土銀-嘉義,2024-01-18,1034
5309,系統電,6,0,6,土銀-嘉義,2024-01-18,1034
6235,華孚,6,0,6,土銀-嘉義,2024-01-18,1034
00878,國泰永續高股息,5,0,5,土銀-嘉義,2024-01-18,1034
00933B,國泰10Y+金融債,5,0,5,土銀-嘉義,2024-01-18,1034
2409,友達,9,4,5,土銀-嘉義,2024-01-18,1034
2634,漢翔,5,0,5,土銀-嘉義,2024-01-18,1034
3058,立德,5,0,5,土銀-嘉義,2024-01-18,1034
6187,萬潤,5,0,5,土銀-嘉義,2024-01-18,1034
8096,擎亞,19,14,5,土銀-嘉義,2024-01-18,1034
910861,神州-DR,5,0,5,土銀-嘉義,2024-01-18,1034
2382,廣達,6,2,4,土銀-嘉義,2024-01-18,1034
00911,兆豐洲際半導體,4,0,4,土銀-嘉義,2024-01-18,1034
2002,中鋼,7,3,4,土銀-嘉義,2024-01-18,1034
2014,中鴻,4,0,4,土銀-嘉義,2024-01-18,1034
00680L,元大美債20正2,111,0,111,土銀-嘉義,2024-01-19,1034
2618,長榮航,62,0,62,土銀-嘉義,2024-01-19,1034
00751B,元大AAA至A公司債,61,0,61,土銀-嘉義,2024-01-19,1034
2520,冠德,61,0,61,土銀-嘉義,2024-01-19,1034
00929,復華台灣科技優息,56,0,56,土銀-嘉義,2024-01-19,1034
2845,遠東銀,53,0,53,土銀-嘉義,2024-01-19,1034
5213,亞昕,50,0,50,土銀-嘉義,2024-01-19,1034
2375,凱美,30,0,30,土銀-嘉義,2024-01-19,1034
4904,遠傳,26,0,26,土銀-嘉義,2024-01-19,1034
00882,中信中國高股息,24,0,24,土銀-嘉義,2024-01-19,1034
00885,富邦越南,23,0,23,土銀-嘉義,2024-01-19,1034
0056,元大高股息,21,0,21,土銀-嘉義,2024-01-19,1034
1532,勤美,20,0,20,土銀-嘉義,2024-01-19,1034
5519,隆大,20,0,20,土銀-嘉義,2024-01-19,1034
6177,達麗,20,0,20,土銀-嘉義,2024-01-19,1034
00687B,國泰20年美債,20,1,19,土銀-嘉義,2024-01-19,1034
3013,晟銘電,20,2,18,土銀-嘉義,2024-01-19,1034
2002,中鋼,17,0,17,土銀-嘉義,2024-01-19,1034
3032,偉訓,17,0,17,土銀-嘉義,2024-01-19,1034
3481,群創,48,31,17,土銀-嘉義,2024-01-19,1034
6770,力積電,14,0,14,土銀-嘉義,2024-01-19,1034
5347,世界,12,0,12,土銀-嘉義,2024-01-19,1034
4979,華星光,13,1,12,土銀-嘉義,2024-01-19,1034
00919,群益台灣精選高息,11,0,11,土銀-嘉義,2024-01-19,1034
3059,華晶科,11,0,11,土銀-嘉義,2024-01-19,1034
00720B,元大投資級公司債,10,0,10,土銀-嘉義,2024-01-19,1034
00712,復華富時不動產,10,0,10,土銀-嘉義,2024-01-19,1034
00753L,中信中國50正2,10,0,10,土銀-嘉義,2024-01-19,1034
00632R,元大台灣50反1,10,0,10,土銀-嘉義,2024-01-19,1034
2883,凱基金,10,0,10,土銀-嘉義,2024-01-19,1034
4960,誠美材,9,0,9,土銀-嘉義,2024-01-19,1034
00937B,群益ESG投等債20,8,0,8,土銀-嘉義,2024-01-19,1034
1609,大亞,11,3,8,土銀-嘉義,2024-01-19,1034
3711,日月光投控,7,0,7,土銀-嘉義,2024-01-19,1034
1301,台塑,7,1,6,土銀-嘉義,2024-01-19,1034
2353,宏��,17,11,6,土銀-嘉義,2024-01-19,1034
2301,光寶科,7,2,5,土銀-嘉義,2024-01-19,1034
00930,永豐ESG低碳高息,5,0,5,土銀-嘉義,2024-01-19,1034
1303,南亞,5,0,5,土銀-嘉義,2024-01-19,1034
1618,合機,5,0,5,土銀-嘉義,2024-01-19,1034
2388,威盛,5,0,5,土銀-嘉義,2024-01-19,1034
2408,南亞科,6,1,5,土銀-嘉義,2024-01-19,1034
2884,玉山金,5,0,5,土銀-嘉義,2024-01-19,1034
4707,磐亞,5,0,5,土銀-嘉義,2024-01-19,1034
2308,台達電,4,0,4,土銀-嘉義,2024-01-19,1034
3530,晶相光,33,29,4,土銀-嘉義,2024-01-19,1034
4566,時碩工業,4,0,4,土銀-嘉義,2024-01-19,1034
6505,台塑化,4,0,4,土銀-嘉義,2024-01-19,1034
9914,美利達,4,0,4,土銀-嘉義,2024-01-19,1034
6285,啟��,5,2,3,土銀-嘉義,2024-01-19,1034
2356,英業達,178,46,132,土銀-嘉義,2024-01-22,1034
2618,長榮航,90,1,89,土銀-嘉義,2024-01-22,1034
00751B,元大AAA至A公司債,43,0,43,土銀-嘉義,2024-01-22,1034
6177,達麗,35,0,35,土銀-嘉義,2024-01-22,1034
00680L,元大美債20正2,30,0,30,土銀-嘉義,2024-01-22,1034
00753L,中信中國50正2,28,0,28,土銀-嘉義,2024-01-22,1034
5426,振發,66,43,23,土銀-嘉義,2024-01-22,1034
6509,聚和,22,2,20,土銀-嘉義,2024-01-22,1034
2359,所羅門,19,0,19,土銀-嘉義,2024-01-22,1034
2329,華泰,38,21,17,土銀-嘉義,2024-01-22,1034
3013,晟銘電,17,2,15,土銀-嘉義,2024-01-22,1034
4904,遠傳,13,1,12,土銀-嘉義,2024-01-22,1034
2449,京元電子,14,2,12,土銀-嘉義,2024-01-22,1034
00712,復華富時不動產,11,0,11,土銀-嘉義,2024-01-22,1034
2316,楠梓電,11,0,11,土銀-嘉義,2024-01-22,1034
2317,鴻海,11,0,11,土銀-嘉義,2024-01-22,1034
2609,陽明,23,12,11,土銀-嘉義,2024-01-22,1034
00720B,元大投資級公司債,10,0,10,土銀-嘉義,2024-01-22,1034
2889,國票金,10,0,10,土銀-嘉義,2024-01-22,1034
3033,威健,10,0,10,土銀-嘉義,2024-01-22,1034
5009,榮剛,10,0,10,土銀-嘉義,2024-01-22,1034
2331,精英,10,1,9,土銀-嘉義,2024-01-22,1034
2374,佳能,8,0,8,土銀-嘉義,2024-01-22,1034
6207,雷科,8,0,8,土銀-嘉義,2024-01-22,1034
00900,富邦特選高股息30,10,3,7,土銀-嘉義,2024-01-22,1034
1101,台泥,7,0,7,土銀-嘉義,2024-01-22,1034
2303,聯電,20,13,7,土銀-嘉義,2024-01-22,1034
2324,仁寶,12,5,7,土銀-嘉義,2024-01-22,1034
5439,高技,7,0,7,土銀-嘉義,2024-01-22,1034
8059,凱碩,6,0,6,土銀-嘉義,2024-01-22,1034
00933B,國泰10Y+金融債,6,0,6,土銀-嘉義,2024-01-22,1034
00650L,復華香港正2,5,0,5,土銀-嘉義,2024-01-22,1034
00902,中信電池及儲能,5,0,5,土銀-嘉義,2024-01-22,1034
2408,南亞科,6,1,5,土銀-嘉義,2024-01-22,1034
2461,光群雷,5,0,5,土銀-嘉義,2024-01-22,1034
3714,富采,8,3,5,土銀-嘉義,2024-01-22,1034
4162,智擎,5,0,5,土銀-嘉義,2024-01-22,1034
6530,創威,5,0,5,土銀-嘉義,2024-01-22,1034
910861,神州-DR,5,0,5,土銀-嘉義,2024-01-22,1034
2884,玉山金,5,0,5,土銀-嘉義,2024-01-22,1034
4938,和碩,4,0,4,土銀-嘉義,2024-01-22,1034
1514,亞力,7,3,4,土銀-嘉義,2024-01-22,1034
1303,南亞,5,1,4,土銀-嘉義,2024-01-22,1034
00679B,元大美債20年,4,0,4,土銀-嘉義,2024-01-22,1034
3071,協禧,4,0,4,土銀-嘉義,2024-01-22,1034
6182,合晶,4,0,4,土銀-嘉義,2024-01-22,1034
2498,宏達電,4,0,4,土銀-嘉義,2024-01-22,1034
3702,大聯大,5,1,4,土銀-嘉義,2024-01-22,1034
6285,啟��,4,1,3,土銀-嘉義,2024-01-22,1034
3443,創意,3,0,3,土銀-嘉義,2024-01-22,1034
00687B,國泰20年美債,152,0,152,土銀-嘉義,2024-01-23,1034
00679B,元大美債20年,83,0,83,土銀-嘉義,2024-01-23,1034
00664R,國泰臺灣加權反1,56,0,56,土銀-嘉義,2024-01-23,1034
2618,長榮航,56,0,56,土銀-嘉義,2024-01-23,1034
3481,群創,71,35,36,土銀-嘉義,2024-01-23,1034
6116,彩晶,30,9,21,土銀-嘉義,2024-01-23,1034
00632R,元大台灣50反1,20,0,20,土銀-嘉義,2024-01-23,1034
2855,統一證,20,0,20,土銀-嘉義,2024-01-23,1034
3380,明泰,18,1,17,土銀-嘉義,2024-01-23,1034
3231,緯創,46,30,16,土銀-嘉義,2024-01-23,1034
2609,陽明,18,3,15,土銀-嘉義,2024-01-23,1034
00637L,元大滬深300正2,83,72,11,土銀-嘉義,2024-01-23,1034
4960,誠美材,11,0,11,土銀-嘉義,2024-01-23,1034
00937B,群益ESG投等債20,10,0,10,土銀-嘉義,2024-01-23,1034
00680L,元大美債20正2,10,0,10,土銀-嘉義,2024-01-23,1034
00720B,元大投資級公司債,10,0,10,土銀-嘉義,2024-01-23,1034
00751B,元大AAA至A公司債,10,0,10,土銀-嘉義,2024-01-23,1034
00712,復華富時不動產,10,0,10,土銀-嘉義,2024-01-23,1034
00893,國泰智能電動車,10,0,10,土銀-嘉義,2024-01-23,1034
2889,國票金,10,0,10,土銀-嘉義,2024-01-23,1034
4157,太景*-KY,10,0,10,土銀-嘉義,2024-01-23,1034
2316,楠梓電,8,0,8,土銀-嘉義,2024-01-23,1034
3017,奇鋐,8,0,8,土銀-嘉義,2024-01-23,1034
00929,復華台灣科技優息,7,1,6,土銀-嘉義,2024-01-23,1034
6269,台郡,6,0,6,土銀-嘉義,2024-01-23,1034
0061,元大寶滬深,5,0,5,土銀-嘉義,2024-01-23,1034
00919,群益台灣精選高息,5,0,5,土銀-嘉義,2024-01-23,1034
2329,華泰,30,25,5,土銀-嘉義,2024-01-23,1034
2891,中信金,5,0,5,土銀-嘉義,2024-01-23,1034
3257,虹冠電,5,0,5,土銀-嘉義,2024-01-23,1034
8096,擎亞,6,1,5,土銀-嘉義,2024-01-23,1034
4904,遠傳,4,0,4,土銀-嘉義,2024-01-23,1034
00882,中信中國高股息,4,0,4,土銀-嘉義,2024-01-23,1034
2324,仁寶,10,6,4,土銀-嘉義,2024-01-23,1034
2886,兆豐金,4,0,4,土銀-嘉義,2024-01-23,1034
8215,明基材,4,0,4,土銀-嘉義,2024-01-23,1034
00933B,國泰10Y+金融債,3,0,3,土銀-嘉義,2024-01-23,1034
2344,華邦電,11,8,3,土銀-嘉義,2024-01-23,1034
2471,資通,3,0,3,土銀-嘉義,2024-01-23,1034
2520,冠德,3,0,3,土銀-嘉義,2024-01-23,1034
3059,華晶科,4,1,3,土銀-嘉義,2024-01-23,1034
3236,千如,3,0,3,土銀-嘉義,2024-01-23,1034
3437,榮創,3,0,3,土銀-嘉義,2024-01-23,1034
3588,通嘉,3,0,3,土銀-嘉義,2024-01-23,1034
3712,永崴投控,3,0,3,土銀-嘉義,2024-01-23,1034
5211,蒙恬,3,0,3,土銀-嘉義,2024-01-23,1034
6177,達麗,3,0,3,土銀-嘉義,2024-01-23,1034
1528,恩德,2,0,2,土銀-嘉義,2024-01-23,1034
1504,東元,5,3,2,土銀-嘉義,2024-01-23,1034
00756B,群益投等新興公債,2,0,2,土銀-嘉義,2024-01-23,1034
00772B,中信高評級公司債,250,0,250,土銀-嘉義,2024-01-24,1034
00687B,國泰20年美債,155,0,155,土銀-嘉義,2024-01-24,1034
00937B,群益ESG投等債20,146,0,146,土銀-嘉義,2024-01-24,1034
00679B,元大美債20年,61,0,61,土銀-嘉義,2024-01-24,1034
2356,英業達,87,30,57,土銀-嘉義,2024-01-24,1034
00637L,元大滬深300正2,42,18,24,土銀-嘉義,2024-01-24,1034
2618,長榮航,30,9,21,土銀-嘉義,2024-01-24,1034
00680L,元大美債20正2,20,0,20,土銀-嘉義,2024-01-24,1034
00753L,中信中國50正2,20,0,20,土銀-嘉義,2024-01-24,1034
00715L,期街口布蘭特正2,20,0,20,土銀-嘉義,2024-01-24,1034
6177,達麗,17,0,17,土銀-嘉義,2024-01-24,1034
00933B,國泰10Y+金融債,15,0,15,土銀-嘉義,2024-01-24,1034
3231,緯創,33,18,15,土銀-嘉義,2024-01-24,1034
00712,復華富時不動產,13,0,13,土銀-嘉義,2024-01-24,1034
3260,威剛,17,4,13,土銀-嘉義,2024-01-24,1034
2610,華航,12,0,12,土銀-嘉義,2024-01-24,1034
6485,點序,12,0,12,土銀-嘉義,2024-01-24,1034
00751B,元大AAA至A公司債,11,0,11,土銀-嘉義,2024-01-24,1034
00655L,國泰中國A50正2,10,0,10,土銀-嘉義,2024-01-24,1034
00720B,元大投資級公司債,10,0,10,土銀-嘉義,2024-01-24,1034
2014,中鴻,10,0,10,土銀-嘉義,2024-01-24,1034
2208,台船,10,0,10,土銀-嘉義,2024-01-24,1034
2515,中工,10,0,10,土銀-嘉義,2024-01-24,1034
6026,福邦證,10,0,10,土銀-嘉義,2024-01-24,1034
9904,寶成,10,0,10,土銀-嘉義,2024-01-24,1034
2393,億光,10,1,9,土銀-嘉義,2024-01-24,1034
2736,富野,8,0,8,土銀-嘉義,2024-01-24,1034
00919,群益台灣精選高息,7,0,7,土銀-嘉義,2024-01-24,1034
3545,敦泰,7,0,7,土銀-嘉義,2024-01-24,1034
6164,華興,8,2,6,土銀-嘉義,2024-01-24,1034
00636,國泰中國A50,5,0,5,土銀-嘉義,2024-01-24,1034
2007,燁興,5,0,5,土銀-嘉義,2024-01-24,1034
2038,海光,5,0,5,土銀-嘉義,2024-01-24,1034
2344,華邦電,8,3,5,土銀-嘉義,2024-01-24,1034
2353,宏��,18,13,5,土銀-嘉義,2024-01-24,1034
2884,玉山金,5,0,5,土銀-嘉義,2024-01-24,1034
3484,崧騰,5,0,5,土銀-嘉義,2024-01-24,1034
00900,富邦特選高股息30,4,0,4,土銀-嘉義,2024-01-24,1034
3149,正達,5,1,4,土銀-嘉義,2024-01-24,1034
6111,大宇資,5,1,4,土銀-嘉義,2024-01-24,1034
6179,亞通,4,0,4,土銀-嘉義,2024-01-24,1034
6269,台郡,4,0,4,土銀-嘉義,2024-01-24,1034
2308,台達電,4,0,4,土銀-嘉義,2024-01-24,1034
3706,神達,6,2,4,土銀-嘉義,2024-01-24,1034
00728,第一金工業30,3,0,3,土銀-嘉義,2024-01-24,1034
00882,中信中國高股息,7,4,3,土銀-嘉義,2024-01-24,1034
1471,首利,3,0,3,土銀-嘉義,2024-01-24,1034
1101,台泥,3,0,3,土銀-嘉義,2024-01-24,1034
2324,仁寶,16,13,3,土銀-嘉義,2024-01-24,1034
2486,一詮,6,3,3,土銀-嘉義,2024-01-24,1034
00933B,國泰10Y+金融債,223,0,223,土銀-嘉義,2024-01-25,1034
00687B,國泰20年美債,65,0,65,土銀-嘉義,2024-01-25,1034
00712,復華富時不動產,62,0,62,土銀-嘉義,2024-01-25,1034
2002,中鋼,41,0,41,土銀-嘉義,2024-01-25,1034
2356,英業達,61,30,31,土銀-嘉義,2024-01-25,1034
2375,凱美,30,0,30,土銀-嘉義,2024-01-25,1034
00680L,元大美債20正2,24,0,24,土銀-嘉義,2024-01-25,1034
1522,堤維西,22,0,22,土銀-嘉義,2024-01-25,1034
00751B,元大AAA至A公司債,21,0,21,土銀-嘉義,2024-01-25,1034
00632R,元大台灣50反1,20,0,20,土銀-嘉義,2024-01-25,1034
2371,大同,20,0,20,土銀-嘉義,2024-01-25,1034
5347,世界,20,1,19,土銀-嘉義,2024-01-25,1034
00882,中信中國高股息,17,0,17,土銀-嘉義,2024-01-25,1034
2609,陽明,27,12,15,土銀-嘉義,2024-01-25,1034
00679B,元大美債20年,14,0,14,土銀-嘉義,2024-01-25,1034
00937B,群益ESG投等債20,13,0,13,土銀-嘉義,2024-01-25,1034
4931,新盛力,13,0,13,土銀-嘉義,2024-01-25,1034
00753L,中信中國50正2,10,0,10,土銀-嘉義,2024-01-25,1034
2365,昆盈,10,0,10,土銀-嘉義,2024-01-25,1034
3178,公準,10,0,10,土銀-嘉義,2024-01-25,1034
4979,華星光,10,0,10,土銀-嘉義,2024-01-25,1034
6164,華興,10,0,10,土銀-嘉義,2024-01-25,1034
6265,方土昶,12,2,10,土銀-嘉義,2024-01-25,1034
1905,華紙,8,0,8,土銀-嘉義,2024-01-25,1034
2390,云辰,8,0,8,土銀-嘉義,2024-01-25,1034
3504,揚明光,7,0,7,土銀-嘉義,2024-01-25,1034
3706,神達,14,7,7,土銀-嘉義,2024-01-25,1034
1609,大亞,6,0,6,土銀-嘉義,2024-01-25,1034
1101,台泥,6,0,6,土銀-嘉義,2024-01-25,1034
3162,精確,6,0,6,土銀-嘉義,2024-01-25,1034
3714,富采,6,0,6,土銀-嘉義,2024-01-25,1034
6167,久正,11,5,6,土銀-嘉義,2024-01-25,1034
1519,華城,5,0,5,土銀-嘉義,2024-01-25,1034
00931B,統一美債20年,5,0,5,土銀-嘉義,2024-01-25,1034
1809,中釉,5,0,5,土銀-嘉義,2024-01-25,1034
2353,宏��,20,15,5,土銀-嘉義,2024-01-25,1034
3257,虹冠電,5,0,5,土銀-嘉義,2024-01-25,1034
4956,光鋐,5,0,5,土銀-嘉義,2024-01-25,1034
6108,競國,5,0,5,土銀-嘉義,2024-01-25,1034
6113,亞矽,6,1,5,土銀-嘉義,2024-01-25,1034
6177,達麗,5,0,5,土銀-嘉義,2024-01-25,1034
2301,光寶科,4,0,4,土銀-嘉義,2024-01-25,1034
2401,凌陽,4,0,4,土銀-嘉義,2024-01-25,1034
2615,萬海,4,0,4,土銀-嘉義,2024-01-25,1034
3047,訊舟,5,1,4,土銀-嘉義,2024-01-25,1034
5483,中美晶,4,0,4,土銀-嘉義,2024-01-25,1034
6116,彩晶,4,0,4,土銀-嘉義,2024-01-25,1034
6830,汎銓,4,0,4,土銀-嘉義,2024-01-25,1034
2344,華邦電,3,0,3,土銀-嘉義,2024-01-25,1034
3583,辛耘,3,0,3,土銀-嘉義,2024-01-25,1034
00937B,群益ESG投等債20,132,5,127,土銀-嘉義,2024-01-26,1034
2609,陽明,86,18,68,土銀-嘉義,2024-01-26,1034
2303,聯電,57,0,57,土銀-嘉義,2024-01-26,1034
2371,大同,55,0,55,土銀-嘉義,2024-01-26,1034
00687B,國泰20年美債,51,0,51,土銀-嘉義,2024-01-26,1034
00680L,元大美債20正2,46,0,46,土銀-嘉義,2024-01-26,1034
2409,友達,41,4,37,土銀-嘉義,2024-01-26,1034
00918,大華優利高填息30,30,0,30,土銀-嘉義,2024-01-26,1034
00919,群益台灣精選高息,29,0,29,土銀-嘉義,2024-01-26,1034
6770,力積電,30,2,28,土銀-嘉義,2024-01-26,1034
00637L,元大滬深300正2,38,15,23,土銀-嘉義,2024-01-26,1034
00751B,元大AAA至A公司債,20,0,20,土銀-嘉義,2024-01-26,1034
2375,凱美,20,0,20,土銀-嘉義,2024-01-26,1034
4931,新盛力,20,0,20,土銀-嘉義,2024-01-26,1034
2329,華泰,19,1,18,土銀-嘉義,2024-01-26,1034
00929,復華台灣科技優息,17,0,17,土銀-嘉義,2024-01-26,1034
6116,彩晶,22,5,17,土銀-嘉義,2024-01-26,1034
2353,宏��,32,17,15,土銀-嘉義,2024-01-26,1034
2324,仁寶,13,0,13,土銀-嘉義,2024-01-26,1034
5211,蒙恬,13,0,13,土銀-嘉義,2024-01-26,1034
8222,寶一,12,0,12,土銀-嘉義,2024-01-26,1034
3354,律勝,14,2,12,土銀-嘉義,2024-01-26,1034
00878,國泰永續高股息,11,0,11,土銀-嘉義,2024-01-26,1034
00934,中信成長高股息,10,0,10,土銀-嘉義,2024-01-26,1034
00753L,中信中國50正2,10,0,10,土銀-嘉義,2024-01-26,1034
2618,長榮航,12,2,10,土銀-嘉義,2024-01-26,1034
2883,凱基金,10,0,10,土銀-嘉義,2024-01-26,1034
2889,國票金,10,0,10,土銀-嘉義,2024-01-26,1034
6282,康舒,10,0,10,土銀-嘉義,2024-01-26,1034
3260,威剛,8,0,8,土銀-嘉義,2024-01-26,1034
6270,倍微,15,7,8,土銀-嘉義,2024-01-26,1034
8069,元太,22,15,7,土銀-嘉義,2024-01-26,1034
2356,英業達,65,59,6,土銀-嘉義,2024-01-26,1034
5483,中美晶,6,0,6,土銀-嘉義,2024-01-26,1034
4909,新復興,7,2,5,土銀-嘉義,2024-01-26,1034
1707,葡萄王,5,0,5,土銀-嘉義,2024-01-26,1034
2478,大毅,5,0,5,土銀-嘉義,2024-01-26,1034
2489,瑞軒,5,0,5,土銀-嘉義,2024-01-26,1034
3163,波若威,5,0,5,土銀-嘉義,2024-01-26,1034
3484,崧騰,5,0,5,土銀-嘉義,2024-01-26,1034
6719,力智,5,0,5,土銀-嘉義,2024-01-26,1034
00911,兆豐洲際半導體,4,0,4,土銀-嘉義,2024-01-26,1034
2208,台船,4,0,4,土銀-嘉義,2024-01-26,1034
3005,神基,4,0,4,土銀-嘉義,2024-01-26,1034
6274,台燿,4,0,4,土銀-嘉義,2024-01-26,1034
8110,華東,8,4,4,土銀-嘉義,2024-01-26,1034
9945,潤泰新,4,0,4,土銀-嘉義,2024-01-26,1034
00770,國泰北美科技,3,0,3,土銀-嘉義,2024-01-26,1034
2421,建準,3,0,3,土銀-嘉義,2024-01-26,1034
3066,李洲,3,0,3,土銀-嘉義,2024-01-26,1034
00937B,群益ESG投等債20,364,0,364,土銀-嘉義,2024-01-29,1034
00687B,國泰20年美債,101,0,101,土銀-嘉義,2024-01-29,1034
2388,威盛,101,1,100,土銀-嘉義,2024-01-29,1034
00680L,元大美債20正2,66,0,66,土銀-嘉義,2024-01-29,1034
2486,一詮,48,0,48,土銀-嘉義,2024-01-29,1034
00931B,統一美債20年,40,0,40,土銀-嘉義,2024-01-29,1034
00935,野村臺灣新科技50,40,0,40,土銀-嘉義,2024-01-29,1034
00665L,富邦�琤肭磪囓�2,39,0,39,土銀-嘉義,2024-01-29,1034
00751B,元大AAA至A公司債,35,0,35,土銀-嘉義,2024-01-29,1034
00635U,期元大S＆P黃金,30,0,30,土銀-嘉義,2024-01-29,1034
4906,正文,28,3,25,土銀-嘉義,2024-01-29,1034
00919,群益台灣精選高息,22,0,22,土銀-嘉義,2024-01-29,1034
2301,光寶科,20,0,20,土銀-嘉義,2024-01-29,1034
5211,蒙恬,19,2,17,土銀-嘉義,2024-01-29,1034
2303,聯電,20,5,15,土銀-嘉義,2024-01-29,1034
3481,群創,16,2,14,土銀-嘉義,2024-01-29,1034
2002,中鋼,13,0,13,土銀-嘉義,2024-01-29,1034
2365,昆盈,13,0,13,土銀-嘉義,2024-01-29,1034
5347,世界,14,3,11,土銀-嘉義,2024-01-29,1034
1513,中興電,10,0,10,土銀-嘉義,2024-01-29,1034
00877,復華中國5G,10,0,10,土銀-嘉義,2024-01-29,1034
00830,國泰費城半導體,16,6,10,土銀-嘉義,2024-01-29,1034
3189,景碩,10,0,10,土銀-嘉義,2024-01-29,1034
3376,新日興,10,0,10,土銀-嘉義,2024-01-29,1034
3231,緯創,15,5,10,土銀-嘉義,2024-01-29,1034
2382,廣達,8,0,8,土銀-嘉義,2024-01-29,1034
2105,正新,7,0,7,土銀-嘉義,2024-01-29,1034
2393,億光,7,0,7,土銀-嘉義,2024-01-29,1034
6462,神盾,12,5,7,土銀-嘉義,2024-01-29,1034
8110,華東,9,2,7,土銀-嘉義,2024-01-29,1034
0061,元大寶滬深,6,0,6,土銀-嘉義,2024-01-29,1034
2882,國泰金,6,0,6,土銀-嘉義,2024-01-29,1034
1308,亞聚,5,0,5,土銀-嘉義,2024-01-29,1034
2609,陽明,20,15,5,土銀-嘉義,2024-01-29,1034
6026,福邦證,5,0,5,土銀-嘉義,2024-01-29,1034
6176,瑞儀,5,0,5,土銀-嘉義,2024-01-29,1034
6237,驊訊,5,0,5,土銀-嘉義,2024-01-29,1034
8071,能率網通,7,2,5,土銀-嘉義,2024-01-29,1034
2421,建準,8,3,5,土銀-嘉義,2024-01-29,1034
00679B,元大美債20年,4,0,4,土銀-嘉義,2024-01-29,1034
2337,旺宏,4,0,4,土銀-嘉義,2024-01-29,1034
3360,尚立,10,6,4,土銀-嘉義,2024-01-29,1034
3706,神達,4,0,4,土銀-嘉義,2024-01-29,1034
8096,擎亞,8,4,4,土銀-嘉義,2024-01-29,1034
3062,建漢,3,0,3,土銀-嘉義,2024-01-29,1034
4968,立積,3,0,3,土銀-嘉義,2024-01-29,1034
8064,東捷,7,4,3,土銀-嘉義,2024-01-29,1034
00911,兆豐洲際半導體,2,0,2,土銀-嘉義,2024-01-29,1034
00858,永豐美國500大,2,0,2,土銀-嘉義,2024-01-29,1034
00685L,群益臺灣加權正2,2,0,2,土銀-嘉義,2024-01-29,1034
6770,力積電,52,0,52,土銀-嘉義,2024-01-30,1034
3481,群創,38,5,33,土銀-嘉義,2024-01-30,1034
00929,復華台灣科技優息,32,2,30,土銀-嘉義,2024-01-30,1034
00632R,元大台灣50反1,30,0,30,土銀-嘉義,2024-01-30,1034
00753L,中信中國50正2,24,0,24,土銀-嘉義,2024-01-30,1034
00919,群益台灣精選高息,21,0,21,土銀-嘉義,2024-01-30,1034
00712,復華富時不動產,31,11,20,土銀-嘉義,2024-01-30,1034
2375,凱美,20,0,20,土銀-嘉義,2024-01-30,1034
00882,中信中國高股息,15,0,15,土銀-嘉義,2024-01-30,1034
2884,玉山金,13,1,12,土銀-嘉義,2024-01-30,1034
2889,國票金,12,0,12,土銀-嘉義,2024-01-30,1034
00693U,期街口S＆P黃豆,10,0,10,土銀-嘉義,2024-01-30,1034
00751B,元大AAA至A公司債,10,0,10,土銀-嘉義,2024-01-30,1034
1536,和大,10,0,10,土銀-嘉義,2024-01-30,1034
1102,亞泥,25,15,10,土銀-嘉義,2024-01-30,1034
2851,中再保,10,0,10,土銀-嘉義,2024-01-30,1034
5487,通泰,10,0,10,土銀-嘉義,2024-01-30,1034
2344,華邦電,9,0,9,土銀-嘉義,2024-01-30,1034
3504,揚明光,9,0,9,土銀-嘉義,2024-01-30,1034
1101,台泥,8,0,8,土銀-嘉義,2024-01-30,1034
3036,文曄,8,0,8,土銀-嘉義,2024-01-30,1034
2609,陽明,9,2,7,土銀-嘉義,2024-01-30,1034
3005,神基,9,2,7,土銀-嘉義,2024-01-30,1034
6139,亞翔,7,0,7,土銀-嘉義,2024-01-30,1034
6173,信昌電,7,0,7,土銀-嘉義,2024-01-30,1034
2388,威盛,7,0,7,土銀-嘉義,2024-01-30,1034
2409,友達,6,0,6,土銀-嘉義,2024-01-30,1034
00934,中信成長高股息,5,0,5,土銀-嘉義,2024-01-30,1034
1307,三芳,5,0,5,土銀-嘉義,2024-01-30,1034
00715L,期街口布蘭特正2,5,0,5,土銀-嘉義,2024-01-30,1034
2324,仁寶,6,1,5,土銀-嘉義,2024-01-30,1034
3312,弘憶股,5,0,5,土銀-嘉義,2024-01-30,1034
00637L,元大滬深300正2,32,28,4,土銀-嘉義,2024-01-30,1034
2002,中鋼,4,0,4,土銀-嘉義,2024-01-30,1034
3006,晶豪科,4,0,4,土銀-嘉義,2024-01-30,1034
8046,南電,3,0,3,土銀-嘉義,2024-01-30,1034
2421,建準,19,16,3,土銀-嘉義,2024-01-30,1034
00687B,國泰20年美債,3,0,3,土銀-嘉義,2024-01-30,1034
1722,台肥,4,1,3,土銀-嘉義,2024-01-30,1034
2103,台橡,3,0,3,土銀-嘉義,2024-01-30,1034
2329,華泰,10,7,3,土銀-嘉義,2024-01-30,1034
2393,億光,3,0,3,土銀-嘉義,2024-01-30,1034
2408,南亞科,3,0,3,土銀-嘉義,2024-01-30,1034
2801,彰銀,3,0,3,土銀-嘉義,2024-01-30,1034
2881,富邦金,3,0,3,土銀-嘉義,2024-01-30,1034
2887,台新金,3,0,3,土銀-嘉義,2024-01-30,1034
5347,世界,4,1,3,土銀-嘉義,2024-01-30,1034
5512,力麒,3,0,3,土銀-嘉義,2024-01-30,1034
6005,群益證,3,0,3,土銀-嘉義,2024-01-30,1034
5871,中租-KY,2,0,2,土銀-嘉義,2024-01-30,1034
00937B,群益ESG投等債20,114,0,114,土銀-嘉義,2024-01-31,1034
2801,彰銀,100,0,100,土銀-嘉義,2024-01-31,1034
3231,緯創,55,9,46,土銀-嘉義,2024-01-31,1034
3605,宏致,33,0,33,土銀-嘉義,2024-01-31,1034
2880,華南金,32,0,32,土銀-嘉義,2024-01-31,1034
6113,亞矽,26,2,24,土銀-嘉義,2024-01-31,1034
00919,群益台灣精選高息,21,0,21,土銀-嘉義,2024-01-31,1034
00929,復華台灣科技優息,29,10,19,土銀-嘉義,2024-01-31,1034
2609,陽明,20,2,18,土銀-嘉義,2024-01-31,1034
00712,復華富時不動產,13,0,13,土銀-嘉義,2024-01-31,1034
2867,三商壽,15,2,13,土銀-嘉義,2024-01-31,1034
1802,台玻,11,0,11,土銀-嘉義,2024-01-31,1034
00893,國泰智能電動車,11,0,11,土銀-嘉義,2024-01-31,1034
00931B,統一美債20年,10,0,10,土銀-嘉義,2024-01-31,1034
00688L,國泰20年美債正2,10,0,10,土銀-嘉義,2024-01-31,1034
2883,凱基金,10,0,10,土銀-嘉義,2024-01-31,1034
910861,神州-DR,10,0,10,土銀-嘉義,2024-01-31,1034
00687B,國泰20年美債,13,4,9,土銀-嘉義,2024-01-31,1034
00680L,元大美債20正2,11,3,8,土銀-嘉義,2024-01-31,1034
1616,億泰,7,0,7,土銀-嘉義,2024-01-31,1034
3484,崧騰,6,0,6,土銀-嘉義,2024-01-31,1034
00934,中信成長高股息,5,0,5,土銀-嘉義,2024-01-31,1034
2303,聯電,23,18,5,土銀-嘉義,2024-01-31,1034
2369,菱生,10,5,5,土銀-嘉義,2024-01-31,1034
2440,太空梭,5,0,5,土銀-嘉義,2024-01-31,1034
2618,長榮航,21,16,5,土銀-嘉義,2024-01-31,1034
2836,高雄銀,5,0,5,土銀-嘉義,2024-01-31,1034
3402,漢科,5,0,5,土銀-嘉義,2024-01-31,1034
3581,博磊,5,0,5,土銀-嘉義,2024-01-31,1034
5302,太欣,5,0,5,土銀-嘉義,2024-01-31,1034
6120,達運,5,0,5,土銀-嘉義,2024-01-31,1034
8908,欣雄,5,0,5,土銀-嘉義,2024-01-31,1034
2382,廣達,6,2,4,土銀-嘉義,2024-01-31,1034
00918,大華優利高填息30,4,0,4,土銀-嘉義,2024-01-31,1034
2324,仁寶,4,0,4,土銀-嘉義,2024-01-31,1034
2332,友訊,20,16,4,土銀-嘉義,2024-01-31,1034
8112,至上,6,2,4,土銀-嘉義,2024-01-31,1034
2886,兆豐金,6,2,4,土銀-嘉義,2024-01-31,1034
1307,三芳,3,0,3,土銀-嘉義,2024-01-31,1034
1101,台泥,3,0,3,土銀-嘉義,2024-01-31,1034
1760,寶齡富錦,3,0,3,土銀-嘉義,2024-01-31,1034
2314,台揚,3,0,3,土銀-嘉義,2024-01-31,1034
2352,佳世達,4,1,3,土銀-嘉義,2024-01-31,1034
2368,金像電,3,0,3,土銀-嘉義,2024-01-31,1034
2881,富邦金,3,0,3,土銀-嘉義,2024-01-31,1034
3312,弘憶股,3,0,3,土銀-嘉義,2024-01-31,1034
3356,奇偶,3,0,3,土銀-嘉義,2024-01-31,1034
6270,倍微,16,13,3,土銀-嘉義,2024-01-31,1034
8071,能率網通,5,2,3,土銀-嘉義,2024-01-31,1034
8917,欣泰,3,0,3,土銀-嘉義,2024-01-31,1034
00712,復華富時不動產,207,0,207,土銀-嘉義,2024-02-01,1034
2409,友達,73,2,71,土銀-嘉義,2024-02-01,1034
00687B,國泰20年美債,68,0,68,土銀-嘉義,2024-02-01,1034
3264,欣銓,30,0,30,土銀-嘉義,2024-02-01,1034
00929,復華台灣科技優息,23,1,22,土銀-嘉義,2024-02-01,1034
5211,蒙恬,18,0,18,土銀-嘉義,2024-02-01,1034
3046,建��,12,0,12,土銀-嘉義,2024-02-01,1034
3354,律勝,15,3,12,土銀-嘉義,2024-02-01,1034
6269,台郡,10,0,10,土銀-嘉義,2024-02-01,1034
8072,陞泰,10,0,10,土銀-嘉義,2024-02-01,1034
3017,奇鋐,11,2,9,土銀-嘉義,2024-02-01,1034
3481,群創,22,13,9,土銀-嘉義,2024-02-01,1034
2882,國泰金,7,0,7,土銀-嘉義,2024-02-01,1034
8936,國統,10,3,7,土銀-嘉義,2024-02-01,1034
2610,華航,7,1,6,土銀-嘉義,2024-02-01,1034
4968,立積,6,0,6,土銀-嘉義,2024-02-01,1034
1732,毛寶,5,0,5,土銀-嘉義,2024-02-01,1034
00715L,期街口布蘭特正2,5,0,5,土銀-嘉義,2024-02-01,1034
2356,英業達,7,2,5,土銀-嘉義,2024-02-01,1034
2897,王道銀行,5,0,5,土銀-嘉義,2024-02-01,1034
3694,海華,8,3,5,土銀-嘉義,2024-02-01,1034
4588,玖鼎電力,5,0,5,土銀-嘉義,2024-02-01,1034
4906,正文,6,1,5,土銀-嘉義,2024-02-01,1034
5512,力麒,7,2,5,土銀-嘉義,2024-02-01,1034
6196,帆宣,5,0,5,土銀-嘉義,2024-02-01,1034
00919,群益台灣精選高息,4,0,4,土銀-嘉義,2024-02-01,1034
00918,大華優利高填息30,4,0,4,土銀-嘉義,2024-02-01,1034
2388,威盛,5,1,4,土銀-嘉義,2024-02-01,1034
4142,國光生,4,0,4,土銀-嘉義,2024-02-01,1034
6152,百一,4,0,4,土銀-嘉義,2024-02-01,1034
2454,聯發科,3,0,3,土銀-嘉義,2024-02-01,1034
1560,中砂,3,0,3,土銀-嘉義,2024-02-01,1034
2027,大成鋼,3,0,3,土銀-嘉義,2024-02-01,1034
00858,永豐美國500大,3,0,3,土銀-嘉義,2024-02-01,1034
2303,聯電,9,6,3,土銀-嘉義,2024-02-01,1034
2369,菱生,3,0,3,土銀-嘉義,2024-02-01,1034
4746,台耀,8,5,3,土銀-嘉義,2024-02-01,1034
5351,鈺創,3,0,3,土銀-嘉義,2024-02-01,1034
8147,正淩,3,0,3,土銀-嘉義,2024-02-01,1034
2382,廣達,4,2,2,土銀-嘉義,2024-02-01,1034
2330,台積電,7,5,2,土銀-嘉義,2024-02-01,1034
00725B,國泰投資級公司債,2,0,2,土銀-嘉義,2024-02-01,1034
00878,國泰永續高股息,4,2,2,土銀-嘉義,2024-02-01,1034
00795B,中信美國公債20年,2,0,2,土銀-嘉義,2024-02-01,1034
1514,亞力,5,3,2,土銀-嘉義,2024-02-01,1034
1325,恆大,2,0,2,土銀-嘉義,2024-02-01,1034
2014,中鴻,2,0,2,土銀-嘉義,2024-02-01,1034
1582,信錦,4,2,2,土銀-嘉義,2024-02-01,1034
2731,雄獅,2,0,2,土銀-嘉義,2024-02-01,1034
2887,台新金,2,0,2,土銀-嘉義,2024-02-01,1034
00712,復華富時不動產,99,0,99,土銀-嘉義,2024-02-02,1034
2303,聯電,58,0,58,土銀-嘉義,2024-02-02,1034
00937B,群益ESG投等債20,57,2,55,土銀-嘉義,2024-02-02,1034
3264,欣銓,31,1,30,土銀-嘉義,2024-02-02,1034
1905,華紙,23,0,23,土銀-嘉義,2024-02-02,1034
6113,亞矽,23,2,21,土銀-嘉義,2024-02-02,1034
1605,華新,21,2,19,土銀-嘉義,2024-02-02,1034
2609,陽明,20,2,18,土銀-嘉義,2024-02-02,1034
3481,群創,30,13,17,土銀-嘉義,2024-02-02,1034
2891,中信金,76,60,16,土銀-嘉義,2024-02-02,1034
3376,新日興,26,11,15,土銀-嘉義,2024-02-02,1034
2313,華通,12,0,12,土銀-嘉義,2024-02-02,1034
2353,宏��,16,4,12,土銀-嘉義,2024-02-02,1034
2408,南亞科,14,2,12,土銀-嘉義,2024-02-02,1034
4979,華星光,17,6,11,土銀-嘉義,2024-02-02,1034
00715L,期街口布蘭特正2,10,0,10,土銀-嘉義,2024-02-02,1034
2885,元大金,10,0,10,土銀-嘉義,2024-02-02,1034
3019,亞光,20,10,10,土銀-嘉義,2024-02-02,1034
4915,致伸,10,0,10,土銀-嘉義,2024-02-02,1034
4931,新盛力,11,1,10,土銀-嘉義,2024-02-02,1034
2603,長榮,10,1,9,土銀-嘉義,2024-02-02,1034
8936,國統,9,0,9,土銀-嘉義,2024-02-02,1034
00687B,國泰20年美債,8,0,8,土銀-嘉義,2024-02-02,1034
8926,台汽電,7,0,7,土銀-嘉義,2024-02-02,1034
00919,群益台灣精選高息,11,5,6,土銀-嘉義,2024-02-02,1034
2208,台船,6,0,6,土銀-嘉義,2024-02-02,1034
2393,億光,6,0,6,土銀-嘉義,2024-02-02,1034
3715,定穎投控,6,0,6,土銀-嘉義,2024-02-02,1034
3036,文曄,7,2,5,土銀-嘉義,2024-02-02,1034
3006,晶豪科,6,1,5,土銀-嘉義,2024-02-02,1034
2329,華泰,10,5,5,土銀-嘉義,2024-02-02,1034
2332,友訊,19,14,5,土銀-嘉義,2024-02-02,1034
2436,偉詮電,5,0,5,土銀-嘉義,2024-02-02,1034
3356,奇偶,5,0,5,土銀-嘉義,2024-02-02,1034
4128,中天,5,0,5,土銀-嘉義,2024-02-02,1034
4960,誠美材,5,0,5,土銀-嘉義,2024-02-02,1034
5511,德昌,5,0,5,土銀-嘉義,2024-02-02,1034
6485,點序,5,0,5,土銀-嘉義,2024-02-02,1034
2330,台積電,4,0,4,土銀-嘉義,2024-02-02,1034
2374,佳能,4,0,4,土銀-嘉義,2024-02-02,1034
2401,凌陽,4,0,4,土銀-嘉義,2024-02-02,1034
4977,眾達-KY,4,0,4,土銀-嘉義,2024-02-02,1034
3035,智原,4,1,3,土銀-嘉義,2024-02-02,1034
1536,和大,3,0,3,土銀-嘉義,2024-02-02,1034
1535,中宇,3,0,3,土銀-嘉義,2024-02-02,1034
1528,恩德,6,3,3,土銀-嘉義,2024-02-02,1034
00733,富邦臺灣中小,3,0,3,土銀-嘉義,2024-02-02,1034
2027,大成鋼,3,0,3,土銀-嘉義,2024-02-02,1034
2736,富野,3,0,3,土銀-嘉義,2024-02-02,1034
3114,好德,3,0,3,土銀-嘉義,2024-02-02,1034
00937B,群益ESG投等債20,517,300,217,土銀-嘉義,2024-02-05,1034
1905,華紙,200,0,200,土銀-嘉義,2024-02-05,1034
00687B,國泰20年美債,140,0,140,土銀-嘉義,2024-02-05,1034
1802,台玻,110,0,110,土銀-嘉義,2024-02-05,1034
0056,元大高股息,64,2,62,土銀-嘉義,2024-02-05,1034
2801,彰銀,50,0,50,土銀-嘉義,2024-02-05,1034
2498,宏達電,46,0,46,土銀-嘉義,2024-02-05,1034
00919,群益台灣精選高息,92,50,42,土銀-嘉義,2024-02-05,1034
1605,華新,29,0,29,土銀-嘉義,2024-02-05,1034
2888,新光金,30,3,27,土銀-嘉義,2024-02-05,1034
4906,正文,25,0,25,土銀-嘉義,2024-02-05,1034
00753L,中信中國50正2,20,0,20,土銀-嘉義,2024-02-05,1034
2375,凱美,20,0,20,土銀-嘉義,2024-02-05,1034
3050,鈺德,20,0,20,土銀-嘉義,2024-02-05,1034
3081,聯亞,19,2,17,土銀-嘉義,2024-02-05,1034
1528,恩德,19,3,16,土銀-嘉義,2024-02-05,1034
4979,華星光,20,4,16,土銀-嘉義,2024-02-05,1034
00929,復華台灣科技優息,15,0,15,土銀-嘉義,2024-02-05,1034
3504,揚明光,14,0,14,土銀-嘉義,2024-02-05,1034
00680L,元大美債20正2,13,0,13,土銀-嘉義,2024-02-05,1034
1102,亞泥,15,3,12,土銀-嘉義,2024-02-05,1034
2329,華泰,10,0,10,土銀-嘉義,2024-02-05,1034
2388,威盛,10,0,10,土銀-嘉義,2024-02-05,1034
2834,臺企銀,10,0,10,土銀-嘉義,2024-02-05,1034
2851,中再保,10,0,10,土銀-嘉義,2024-02-05,1034
5347,世界,10,0,10,土銀-嘉義,2024-02-05,1034
6485,點序,10,0,10,土銀-嘉義,2024-02-05,1034
2303,聯電,10,2,8,土銀-嘉義,2024-02-05,1034
2884,玉山金,8,0,8,土銀-嘉義,2024-02-05,1034
5211,蒙恬,8,0,8,土銀-嘉義,2024-02-05,1034
1535,中宇,7,0,7,土銀-嘉義,2024-02-05,1034
6120,達運,7,0,7,土銀-嘉義,2024-02-05,1034
0050,元大台灣50,10,3,7,土銀-嘉義,2024-02-05,1034
3231,緯創,30,24,6,土銀-嘉義,2024-02-05,1034
2409,友達,6,0,6,土銀-嘉義,2024-02-05,1034
3443,創意,6,1,5,土銀-嘉義,2024-02-05,1034
3006,晶豪科,5,0,5,土銀-嘉義,2024-02-05,1034
00679B,元大美債20年,5,0,5,土銀-嘉義,2024-02-05,1034
00715L,期街口布蘭特正2,5,0,5,土銀-嘉義,2024-02-05,1034
2023,燁輝,5,0,5,土銀-嘉義,2024-02-05,1034
2365,昆盈,13,8,5,土銀-嘉義,2024-02-05,1034
3046,建��,5,0,5,土銀-嘉義,2024-02-05,1034
3202,樺晟,5,0,5,土銀-嘉義,2024-02-05,1034
4904,遠傳,9,4,5,土銀-嘉義,2024-02-05,1034
8072,陞泰,5,0,5,土銀-嘉義,2024-02-05,1034
910861,神州-DR,5,0,5,土銀-嘉義,2024-02-05,1034
2374,佳能,4,0,4,土銀-嘉義,2024-02-05,1034
3002,歐格,4,0,4,土銀-嘉義,2024-02-05,1034
3034,聯詠,4,0,4,土銀-嘉義,2024-02-05,1034
3128,昇銳,4,0,4,土銀-嘉義,2024-02-05,1034
00751B,元大AAA至A公司債,289,0,289,土銀-嘉義,2024-02-15,1034
1217,愛之味,207,0,207,土銀-嘉義,2024-02-15,1034
00680L,元大美債20正2,138,2,136,土銀-嘉義,2024-02-15,1034
00720B,元大投資級公司債,110,0,110,土銀-嘉義,2024-02-15,1034
2618,長榮航,88,2,86,土銀-嘉義,2024-02-15,1034
3481,群創,73,1,72,土銀-嘉義,2024-02-15,1034
2002,中鋼,46,0,46,土銀-嘉義,2024-02-15,1034
00937B,群益ESG投等債20,45,0,45,土銀-嘉義,2024-02-15,1034
00635U,期元大S＆P黃金,30,0,30,土銀-嘉義,2024-02-15,1034
00679B,元大美債20年,23,0,23,土銀-嘉義,2024-02-15,1034
2353,宏��,31,10,21,土銀-嘉義,2024-02-15,1034
5211,蒙恬,19,0,19,土銀-嘉義,2024-02-15,1034
6257,矽格,20,1,19,土銀-嘉義,2024-02-15,1034
2332,友訊,22,4,18,土銀-嘉義,2024-02-15,1034
00929,復華台灣科技優息,19,2,17,土銀-嘉義,2024-02-15,1034
00632R,元大台灣50反1,44,30,14,土銀-嘉義,2024-02-15,1034
2736,富野,14,0,14,土銀-嘉義,2024-02-15,1034
2344,華邦電,14,3,11,土銀-嘉義,2024-02-15,1034
2408,南亞科,17,6,11,土銀-嘉義,2024-02-15,1034
2317,鴻海,13,3,10,土銀-嘉義,2024-02-15,1034
2530,華建,10,0,10,土銀-嘉義,2024-02-15,1034
2603,長榮,12,2,10,土銀-嘉義,2024-02-15,1034
2610,華航,17,7,10,土銀-嘉義,2024-02-15,1034
2880,華南金,10,0,10,土銀-嘉義,2024-02-15,1034
3081,聯亞,12,2,10,土銀-嘉義,2024-02-15,1034
5426,振發,13,3,10,土銀-嘉義,2024-02-15,1034
5521,工信,10,0,10,土銀-嘉義,2024-02-15,1034
8926,台汽電,9,0,9,土銀-嘉義,2024-02-15,1034
2486,一詮,9,0,9,土銀-嘉義,2024-02-15,1034
5438,東友,9,0,9,土銀-嘉義,2024-02-15,1034
00687B,國泰20年美債,9,2,7,土銀-嘉義,2024-02-15,1034
3593,力銘,7,0,7,土銀-嘉義,2024-02-15,1034
00923,群益台ESG低碳50,6,0,6,土銀-嘉義,2024-02-15,1034
00933B,國泰10Y+金融債,6,0,6,土銀-嘉義,2024-02-15,1034
2352,佳世達,6,0,6,土銀-嘉義,2024-02-15,1034
2365,昆盈,10,4,6,土銀-嘉義,2024-02-15,1034
2484,希華,6,0,6,土銀-嘉義,2024-02-15,1034
5483,中美晶,6,0,6,土銀-嘉義,2024-02-15,1034
8201,無敵,6,0,6,土銀-嘉義,2024-02-15,1034
00877,復華中國5G,5,0,5,土銀-嘉義,2024-02-15,1034
1785,光洋科,5,0,5,土銀-嘉義,2024-02-15,1034
2884,玉山金,5,0,5,土銀-嘉義,2024-02-15,1034
4909,新復興,5,0,5,土銀-嘉義,2024-02-15,1034
6242,立康,5,0,5,土銀-嘉義,2024-02-15,1034
6770,力積電,10,5,5,土銀-嘉義,2024-02-15,1034
1101,台泥,6,2,4,土銀-嘉義,2024-02-15,1034
00752,中信中國50,4,0,4,土銀-嘉義,2024-02-15,1034
00907,永豐優息存股,4,0,4,土銀-嘉義,2024-02-15,1034
00931B,統一美債20年,4,0,4,土銀-嘉義,2024-02-15,1034
1528,恩德,4,0,4,土銀-嘉義,2024-02-15,1034
00937B,群益ESG投等債20,108,0,108,土銀-嘉義,2024-02-16,1034
2371,大同,81,12,69,土銀-嘉義,2024-02-16,1034
2888,新光金,71,10,61,土銀-嘉義,2024-02-16,1034
4114,健喬,54,0,54,土銀-嘉義,2024-02-16,1034
2609,陽明,63,13,50,土銀-嘉義,2024-02-16,1034
2892,第一金,50,2,48,土銀-嘉義,2024-02-16,1034
00830,國泰費城半導體,45,0,45,土銀-嘉義,2024-02-16,1034
3481,群創,31,1,30,土銀-嘉義,2024-02-16,1034
00918,大華優利高填息30,24,0,24,土銀-嘉義,2024-02-16,1034
2353,宏��,49,25,24,土銀-嘉義,2024-02-16,1034
2515,中工,23,0,23,土銀-嘉義,2024-02-16,1034
2887,台新金,20,0,20,土銀-嘉義,2024-02-16,1034
3047,訊舟,20,0,20,土銀-嘉義,2024-02-16,1034
00919,群益台灣精選高息,29,9,20,土銀-嘉義,2024-02-16,1034
4909,新復興,16,1,15,土銀-嘉義,2024-02-16,1034
8110,華東,15,0,15,土銀-嘉義,2024-02-16,1034
00673R,期元大S＆P原油反1,12,0,12,土銀-嘉義,2024-02-16,1034
00650L,復華香港正2,12,0,12,土銀-嘉義,2024-02-16,1034
006205,富邦上証,11,0,11,土銀-嘉義,2024-02-16,1034
1712,興農,12,1,11,土銀-嘉義,2024-02-16,1034
3032,偉訓,11,0,11,土銀-嘉義,2024-02-16,1034
4142,國光生,11,0,11,土銀-嘉義,2024-02-16,1034
00931B,統一美債20年,10,0,10,土銀-嘉義,2024-02-16,1034
00688L,國泰20年美債正2,10,0,10,土銀-嘉義,2024-02-16,1034
00632R,元大台灣50反1,10,0,10,土銀-嘉義,2024-02-16,1034
1528,恩德,10,0,10,土銀-嘉義,2024-02-16,1034
2486,一詮,10,0,10,土銀-嘉義,2024-02-16,1034
6015,宏遠證,10,0,10,土銀-嘉義,2024-02-16,1034
3081,聯亞,12,3,9,土銀-嘉義,2024-02-16,1034
2332,友訊,9,0,9,土銀-嘉義,2024-02-16,1034
2882,國泰金,10,1,9,土銀-嘉義,2024-02-16,1034
3714,富采,9,0,9,土銀-嘉義,2024-02-16,1034
8096,擎亞,14,5,9,土銀-嘉義,2024-02-16,1034
2382,廣達,23,15,8,土銀-嘉義,2024-02-16,1034
00786B,元大10年IG銀行債,8,0,8,土銀-嘉義,2024-02-16,1034
1802,台玻,8,0,8,土銀-嘉義,2024-02-16,1034
2362,藍天,8,0,8,土銀-嘉義,2024-02-16,1034
2393,億光,8,0,8,土銀-嘉義,2024-02-16,1034
2441,超豐,8,0,8,土銀-嘉義,2024-02-16,1034
2884,玉山金,7,0,7,土銀-嘉義,2024-02-16,1034
3354,律勝,8,1,7,土銀-嘉義,2024-02-16,1034
8064,東捷,12,5,7,土銀-嘉義,2024-02-16,1034
1101,台泥,7,0,7,土銀-嘉義,2024-02-16,1034
00795B,中信美國公債20年,6,0,6,土銀-嘉義,2024-02-16,1034
00893,國泰智能電動車,10,4,6,土銀-嘉義,2024-02-16,1034
00882,中信中國高股息,6,0,6,土銀-嘉義,2024-02-16,1034
00679B,元大美債20年,6,0,6,土銀-嘉義,2024-02-16,1034
00720B,元大投資級公司債,6,0,6,土銀-嘉義,2024-02-16,1034
3006,晶豪科,6,0,6,土銀-嘉義,2024-02-16,1034
2330,台積電,9,3,6,土銀-嘉義,2024-02-16,1034
00885,富邦越南,480,0,480,土銀-嘉義,2024-02-19,1034
2845,遠東銀,407,0,407,土銀-嘉義,2024-02-19,1034
1802,台玻,200,29,171,土銀-嘉義,2024-02-19,1034
00878,國泰永續高股息,142,15,127,土銀-嘉義,2024-02-19,1034
00679B,元大美債20年,118,0,118,土銀-嘉義,2024-02-19,1034
00650L,復華香港正2,88,0,88,土銀-嘉義,2024-02-19,1034
2888,新光金,62,0,62,土銀-嘉義,2024-02-19,1034
2356,英業達,41,2,39,土銀-嘉義,2024-02-19,1034
6125,廣運,30,0,30,土銀-嘉義,2024-02-19,1034
00751B,元大AAA至A公司債,24,0,24,土銀-嘉義,2024-02-19,1034
8926,台汽電,30,6,24,土銀-嘉義,2024-02-19,1034
00680L,元大美債20正2,23,0,23,土銀-嘉義,2024-02-19,1034
2303,聯電,23,0,23,土銀-嘉義,2024-02-19,1034
2881,富邦金,26,3,23,土銀-嘉義,2024-02-19,1034
2609,陽明,66,44,22,土銀-嘉義,2024-02-19,1034
2369,菱生,25,3,22,土銀-嘉義,2024-02-19,1034
00882,中信中國高股息,18,0,18,土銀-嘉義,2024-02-19,1034
00929,復華台灣科技優息,26,8,18,土銀-嘉義,2024-02-19,1034
2353,宏��,24,9,15,土銀-嘉義,2024-02-19,1034
00919,群益台灣精選高息,21,7,14,土銀-嘉義,2024-02-19,1034
4979,華星光,21,10,11,土銀-嘉義,2024-02-19,1034
5284,jpp-KY,12,1,11,土銀-嘉義,2024-02-19,1034
00693U,期街口S＆P黃豆,10,0,10,土銀-嘉義,2024-02-19,1034
00772B,中信高評級公司債,10,0,10,土銀-嘉義,2024-02-19,1034
1529,樂事綠能,10,0,10,土銀-嘉義,2024-02-19,1034
3059,華晶科,10,0,10,土銀-嘉義,2024-02-19,1034
6706,惠特,10,0,10,土銀-嘉義,2024-02-19,1034
8358,金居,10,0,10,土銀-嘉義,2024-02-19,1034
00933B,國泰10Y+金融債,9,0,9,土銀-嘉義,2024-02-19,1034
2891,中信金,11,2,9,土銀-嘉義,2024-02-19,1034
4714,永捷,9,0,9,土銀-嘉義,2024-02-19,1034
3231,緯創,13,5,8,土銀-嘉義,2024-02-19,1034
2009,第一銅,9,1,8,土銀-嘉義,2024-02-19,1034
00687B,國泰20年美債,7,0,7,土銀-嘉義,2024-02-19,1034
1504,東元,7,0,7,土銀-嘉義,2024-02-19,1034
3437,榮創,7,0,7,土銀-嘉義,2024-02-19,1034
00720B,元大投資級公司債,6,0,6,土銀-嘉義,2024-02-19,1034
2478,大毅,6,0,6,土銀-嘉義,2024-02-19,1034
3032,偉訓,8,2,6,土銀-嘉義,2024-02-19,1034
3484,崧騰,6,0,6,土銀-嘉義,2024-02-19,1034
6282,康舒,6,0,6,土銀-嘉義,2024-02-19,1034
8049,晶采,6,0,6,土銀-嘉義,2024-02-19,1034
00893,國泰智能電動車,5,0,5,土銀-嘉義,2024-02-19,1034
00673R,期元大S＆P原油反1,5,0,5,土銀-嘉義,2024-02-19,1034
1713,國化,5,0,5,土銀-嘉義,2024-02-19,1034
2355,敬鵬,5,0,5,土銀-嘉義,2024-02-19,1034
2367,燿華,5,0,5,土銀-嘉義,2024-02-19,1034
2484,希華,6,1,5,土銀-嘉義,2024-02-19,1034
2492,華新科,10,5,5,土銀-嘉義,2024-02-19,1034
2610,華航,5,0,5,土銀-嘉義,2024-02-19,1034
1802,台玻,100,0,100,土銀-嘉義,2024-02-20,1034
2888,新光金,60,0,60,土銀-嘉義,2024-02-20,1034
3481,群創,42,0,42,土銀-嘉義,2024-02-20,1034
1326,台化,40,0,40,土銀-嘉義,2024-02-20,1034
00680L,元大美債20正2,33,0,33,土銀-嘉義,2024-02-20,1034
2371,大同,31,0,31,土銀-嘉義,2024-02-20,1034
00632R,元大台灣50反1,30,0,30,土銀-嘉義,2024-02-20,1034
00937B,群益ESG投等債20,29,0,29,土銀-嘉義,2024-02-20,1034
6126,信音,28,0,28,土銀-嘉義,2024-02-20,1034
8110,華東,28,1,27,土銀-嘉義,2024-02-20,1034
1210,大成,25,0,25,土銀-嘉義,2024-02-20,1034
3032,偉訓,20,0,20,土銀-嘉義,2024-02-20,1034
2883,凱基金,21,2,19,土銀-嘉義,2024-02-20,1034
3450,聯鈞,23,5,18,土銀-嘉義,2024-02-20,1034
00878,國泰永續高股息,25,8,17,土銀-嘉義,2024-02-20,1034
00751B,元大AAA至A公司債,30,15,15,土銀-嘉義,2024-02-20,1034
3231,緯創,70,56,14,土銀-嘉義,2024-02-20,1034
00929,復華台灣科技優息,25,13,12,土銀-嘉義,2024-02-20,1034
5515,建國,12,0,12,土銀-嘉義,2024-02-20,1034
2329,華泰,12,2,10,土銀-嘉義,2024-02-20,1034
6136,富爾特,10,0,10,土銀-嘉義,2024-02-20,1034
1455,集盛,9,0,9,土銀-嘉義,2024-02-20,1034
1711,永光,9,0,9,土銀-嘉義,2024-02-20,1034
3264,欣銓,9,0,9,土銀-嘉義,2024-02-20,1034
2882,國泰金,9,1,8,土銀-嘉義,2024-02-20,1034
3207,耀勝,8,0,8,土銀-嘉義,2024-02-20,1034
1314,中石化,7,0,7,土銀-嘉義,2024-02-20,1034
2382,廣達,10,3,7,土銀-嘉義,2024-02-20,1034
2610,華航,14,7,7,土銀-嘉義,2024-02-20,1034
00635U,期元大S＆P黃金,6,0,6,土銀-嘉義,2024-02-20,1034
1731,美吾華,6,0,6,土銀-嘉義,2024-02-20,1034
2367,燿華,8,2,6,土銀-嘉義,2024-02-20,1034
2641,正德,7,1,6,土銀-嘉義,2024-02-20,1034
2845,遠東銀,6,0,6,土銀-嘉義,2024-02-20,1034
3163,波若威,6,0,6,土銀-嘉義,2024-02-20,1034
3583,辛耘,12,6,6,土銀-嘉義,2024-02-20,1034
4532,瑞智,6,0,6,土銀-嘉義,2024-02-20,1034
2409,友達,6,0,6,土銀-嘉義,2024-02-20,1034
00696B,富邦美債20年,5,0,5,土銀-嘉義,2024-02-20,1034
1101,台泥,6,1,5,土銀-嘉義,2024-02-20,1034
1514,亞力,5,0,5,土銀-嘉義,2024-02-20,1034
1605,華新,5,0,5,土銀-嘉義,2024-02-20,1034
1609,大亞,5,0,5,土銀-嘉義,2024-02-20,1034
2393,億光,5,0,5,土銀-嘉義,2024-02-20,1034
2516,新建,5,0,5,土銀-嘉義,2024-02-20,1034
3059,華晶科,5,0,5,土銀-嘉義,2024-02-20,1034
3202,樺晟,5,0,5,土銀-嘉義,2024-02-20,1034
3227,原相,9,4,5,土銀-嘉義,2024-02-20,1034
4306,炎洲,5,0,5,土銀-嘉義,2024-02-20,1034
4744,皇將,5,0,5,土銀-嘉義,2024-02-20,1034
00712,復華富時不動產,210,0,210,土銀-嘉義,2024-02-21,1034
00650L,復華香港正2,100,0,100,土銀-嘉義,2024-02-21,1034
00753L,中信中國50正2,100,0,100,土銀-嘉義,2024-02-21,1034
2880,華南金,80,0,80,土銀-嘉義,2024-02-21,1034
00751B,元大AAA至A公司債,64,0,64,土銀-嘉義,2024-02-21,1034
2882,國泰金,51,1,50,土銀-嘉義,2024-02-21,1034
00919,群益台灣精選高息,68,20,48,土銀-嘉義,2024-02-21,1034
2609,陽明,100,53,47,土銀-嘉義,2024-02-21,1034
2845,遠東銀,42,0,42,土銀-嘉義,2024-02-21,1034
2303,聯電,40,0,40,土銀-嘉義,2024-02-21,1034
9105,泰金寶-DR,40,0,40,土銀-嘉義,2024-02-21,1034
1717,長興,30,1,29,土銀-嘉義,2024-02-21,1034
3481,群創,50,24,26,土銀-嘉義,2024-02-21,1034
00635U,期元大S＆P黃金,24,0,24,土銀-嘉義,2024-02-21,1034
2317,鴻海,21,0,21,土銀-嘉義,2024-02-21,1034
00937B,群益ESG投等債20,20,0,20,土銀-嘉義,2024-02-21,1034
00680L,元大美債20正2,30,10,20,土銀-嘉義,2024-02-21,1034
2498,宏達電,20,0,20,土銀-嘉義,2024-02-21,1034
6233,旺玖,24,4,20,土銀-嘉義,2024-02-21,1034
2515,中工,22,3,19,土銀-嘉義,2024-02-21,1034
00929,復華台灣科技優息,17,1,16,土銀-嘉義,2024-02-21,1034
2885,元大金,15,0,15,土銀-嘉義,2024-02-21,1034
3231,緯創,60,47,13,土銀-嘉義,2024-02-21,1034
3013,晟銘電,11,0,11,土銀-嘉義,2024-02-21,1034
3376,新日興,12,1,11,土銀-嘉義,2024-02-21,1034
00688L,國泰20年美債正2,10,0,10,土銀-嘉義,2024-02-21,1034
2891,中信金,10,0,10,土銀-嘉義,2024-02-21,1034
2332,友訊,20,10,10,土銀-嘉義,2024-02-21,1034
1711,永光,9,0,9,土銀-嘉義,2024-02-21,1034
4909,新復興,9,0,9,土銀-嘉義,2024-02-21,1034
8409,商之器,9,0,9,土銀-嘉義,2024-02-21,1034
2301,光寶科,8,0,8,土銀-嘉義,2024-02-21,1034
5426,振發,105,97,8,土銀-嘉義,2024-02-21,1034
6227,茂綸,8,0,8,土銀-嘉義,2024-02-21,1034
6269,台郡,10,3,7,土銀-嘉義,2024-02-21,1034
1316,上曜,8,2,6,土銀-嘉義,2024-02-21,1034
00878,國泰永續高股息,18,12,6,土銀-嘉義,2024-02-21,1034
00679B,元大美債20年,7,1,6,土銀-嘉義,2024-02-21,1034
2313,華通,6,0,6,土銀-嘉義,2024-02-21,1034
5438,東友,6,0,6,土銀-嘉義,2024-02-21,1034
6538,倉和,6,0,6,土銀-嘉義,2024-02-21,1034
8034,榮群,6,0,6,土銀-嘉義,2024-02-21,1034
2330,台積電,5,0,5,土銀-嘉義,2024-02-21,1034
00715L,期街口布蘭特正2,5,0,5,土銀-嘉義,2024-02-21,1034
00900,富邦特選高股息30,5,0,5,土銀-嘉義,2024-02-21,1034
2352,佳世達,5,0,5,土銀-嘉義,2024-02-21,1034
2543,皇昌,5,0,5,土銀-嘉義,2024-02-21,1034
2634,漢翔,5,0,5,土銀-嘉義,2024-02-21,1034
2641,正德,9,4,5,土銀-嘉義,2024-02-21,1034
3504,揚明光,5,0,5,土銀-嘉義,2024-02-21,1034
00637L,元大滬深300正2,509,29,480,土銀-嘉義,2024-02-22,1034
00937B,群益ESG投等債20,93,0,93,土銀-嘉義,2024-02-22,1034
00751B,元大AAA至A公司債,67,0,67,土銀-嘉義,2024-02-22,1034
00680L,元大美債20正2,53,0,53,土銀-嘉義,2024-02-22,1034
00753L,中信中國50正2,50,0,50,土銀-嘉義,2024-02-22,1034
2375,凱美,50,0,50,土銀-嘉義,2024-02-22,1034
6153,嘉聯益,50,0,50,土銀-嘉義,2024-02-22,1034
00632R,元大台灣50反1,40,0,40,土銀-嘉義,2024-02-22,1034
9105,泰金寶-DR,40,0,40,土銀-嘉義,2024-02-22,1034
2371,大同,179,145,34,土銀-嘉義,2024-02-22,1034
3221,台嘉碩,33,0,33,土銀-嘉義,2024-02-22,1034
3481,群創,35,2,33,土銀-嘉義,2024-02-22,1034
3231,緯創,31,7,24,土銀-嘉義,2024-02-22,1034
00679B,元大美債20年,24,2,22,土銀-嘉義,2024-02-22,1034
00933B,國泰10Y+金融債,21,0,21,土銀-嘉義,2024-02-22,1034
8105,凌巨,21,0,21,土銀-嘉義,2024-02-22,1034
2618,長榮航,19,4,15,土銀-嘉義,2024-02-22,1034
00772B,中信高評級公司債,12,0,12,土銀-嘉義,2024-02-22,1034
6191,精成科,12,0,12,土銀-嘉義,2024-02-22,1034
00673R,期元大S＆P原油反1,10,0,10,土銀-嘉義,2024-02-22,1034
006206,元大上證50,10,0,10,土銀-嘉義,2024-02-22,1034
006205,富邦上証,10,0,10,土銀-嘉義,2024-02-22,1034
00885,富邦越南,10,0,10,土銀-嘉義,2024-02-22,1034
4534,慶騰,10,0,10,土銀-嘉義,2024-02-22,1034
5009,榮剛,11,1,10,土銀-嘉義,2024-02-22,1034
5340,建榮,10,0,10,土銀-嘉義,2024-02-22,1034
5498,凱崴,10,0,10,土銀-嘉義,2024-02-22,1034
3289,宜特,9,0,9,土銀-嘉義,2024-02-22,1034
00929,復華台灣科技優息,10,2,8,土銀-嘉義,2024-02-22,1034
2421,建準,11,3,8,土銀-嘉義,2024-02-22,1034
2367,燿華,10,3,7,土銀-嘉義,2024-02-22,1034
2392,正崴,7,0,7,土銀-嘉義,2024-02-22,1034
5381,合正,7,0,7,土銀-嘉義,2024-02-22,1034
6126,信音,11,4,7,土銀-嘉義,2024-02-22,1034
6207,雷科,8,1,7,土銀-嘉義,2024-02-22,1034
2884,玉山金,6,0,6,土銀-嘉義,2024-02-22,1034
2913,農林,6,0,6,土銀-嘉義,2024-02-22,1034
3360,尚立,6,0,6,土銀-嘉義,2024-02-22,1034
5272,笙科,8,2,6,土銀-嘉義,2024-02-22,1034
00882,中信中國高股息,5,0,5,土銀-嘉義,2024-02-22,1034
1524,耿鼎,5,0,5,土銀-嘉義,2024-02-22,1034
1528,恩德,5,0,5,土銀-嘉義,2024-02-22,1034
1568,倉佑,5,0,5,土銀-嘉義,2024-02-22,1034
1605,華新,5,0,5,土銀-嘉義,2024-02-22,1034
2028,威致,5,0,5,土銀-嘉義,2024-02-22,1034
2610,華航,7,2,5,土銀-嘉義,2024-02-22,1034
2883,凱基金,5,0,5,土銀-嘉義,2024-02-22,1034
2885,元大金,6,1,5,土銀-嘉義,2024-02-22,1034
3046,建��,5,0,5,土銀-嘉義,2024-02-22,1034
3354,律勝,5,0,5,土銀-嘉義,2024-02-22,1034
00885,富邦越南,232,2,230,土銀-嘉義,2024-02-23,1034
2845,遠東銀,156,0,156,土銀-嘉義,2024-02-23,1034
1905,華紙,140,0,140,土銀-嘉義,2024-02-23,1034
2888,新光金,60,0,60,土銀-嘉義,2024-02-23,1034
2891,中信金,40,6,34,土銀-嘉義,2024-02-23,1034
2609,陽明,41,13,28,土銀-嘉義,2024-02-23,1034
2618,長榮航,34,7,27,土銀-嘉義,2024-02-23,1034
00680L,元大美債20正2,24,0,24,土銀-嘉義,2024-02-23,1034
1303,南亞,21,0,21,土銀-嘉義,2024-02-23,1034
00907,永豐優息存股,21,0,21,土銀-嘉義,2024-02-23,1034
00933B,國泰10Y+金融債,21,0,21,土銀-嘉義,2024-02-23,1034
2880,華南金,20,0,20,土銀-嘉義,2024-02-23,1034
8105,凌巨,20,0,20,土銀-嘉義,2024-02-23,1034
2353,宏��,21,3,18,土銀-嘉義,2024-02-23,1034
3588,通嘉,28,10,18,土銀-嘉義,2024-02-23,1034
2382,廣達,19,2,17,土銀-嘉義,2024-02-23,1034
2352,佳世達,20,4,16,土銀-嘉義,2024-02-23,1034
2329,華泰,41,26,15,土銀-嘉義,2024-02-23,1034
00679B,元大美債20年,14,0,14,土銀-嘉義,2024-02-23,1034
2367,燿華,12,0,12,土銀-嘉義,2024-02-23,1034
6205,詮欣,12,0,12,土銀-嘉義,2024-02-23,1034
00712,復華富時不動產,11,0,11,土銀-嘉義,2024-02-23,1034
2882,國泰金,11,0,11,土銀-嘉義,2024-02-23,1034
00673R,期元大S＆P原油反1,10,0,10,土銀-嘉義,2024-02-23,1034
00751B,元大AAA至A公司債,10,0,10,土銀-嘉義,2024-02-23,1034
2006,東和鋼鐵,10,0,10,土銀-嘉義,2024-02-23,1034
2887,台新金,10,0,10,土銀-嘉義,2024-02-23,1034
3260,威剛,14,4,10,土銀-嘉義,2024-02-23,1034
8473,山林水,10,0,10,土銀-嘉義,2024-02-23,1034
2881,富邦金,10,1,9,土銀-嘉義,2024-02-23,1034
3005,神基,11,2,9,土銀-嘉義,2024-02-23,1034
8096,擎亞,11,2,9,土銀-嘉義,2024-02-23,1034
2308,台達電,8,0,8,土銀-嘉義,2024-02-23,1034
2441,超豐,8,0,8,土銀-嘉義,2024-02-23,1034
3504,揚明光,8,0,8,土銀-嘉義,2024-02-23,1034
6173,信昌電,8,0,8,土銀-嘉義,2024-02-23,1034
3714,富采,7,0,7,土銀-嘉義,2024-02-23,1034
6770,力積電,10,3,7,土銀-嘉義,2024-02-23,1034
00919,群益台灣精選高息,44,38,6,土銀-嘉義,2024-02-23,1034
00850,元大臺灣ESG永續,6,0,6,土銀-嘉義,2024-02-23,1034
2851,中再保,6,0,6,土銀-嘉義,2024-02-23,1034
2883,凱基金,6,0,6,土銀-嘉義,2024-02-23,1034
3380,明泰,6,0,6,土銀-嘉義,2024-02-23,1034
8390,金益鼎,6,0,6,土銀-嘉義,2024-02-23,1034
3715,定穎投控,5,0,5,土銀-嘉義,2024-02-23,1034
00752,中信中國50,5,0,5,土銀-嘉義,2024-02-23,1034
1618,合機,8,3,5,土銀-嘉義,2024-02-23,1034
1815,富喬,5,0,5,土銀-嘉義,2024-02-23,1034
2301,光寶科,5,0,5,土銀-嘉義,2024-02-23,1034
2371,大同,112,107,5,土銀-嘉義,2024-02-23,1034
6770,力積電,105,0,105,土銀-嘉義,2024-02-26,1034
2337,旺宏,102,0,102,土銀-嘉義,2024-02-26,1034
2845,遠東銀,85,0,85,土銀-嘉義,2024-02-26,1034
8092,建暐,80,0,80,土銀-嘉義,2024-02-26,1034
00878,國泰永續高股息,72,29,43,土銀-嘉義,2024-02-26,1034
00937B,群益ESG投等債20,32,0,32,土銀-嘉義,2024-02-26,1034
2892,第一金,31,0,31,土銀-嘉義,2024-02-26,1034
2317,鴻海,30,0,30,土銀-嘉義,2024-02-26,1034
2303,聯電,32,3,29,土銀-嘉義,2024-02-26,1034
00751B,元大AAA至A公司債,32,5,27,土銀-嘉義,2024-02-26,1034
00929,復華台灣科技優息,41,15,26,土銀-嘉義,2024-02-26,1034
2356,英業達,27,2,25,土銀-嘉義,2024-02-26,1034
3010,華立,25,1,24,土銀-嘉義,2024-02-26,1034
1514,亞力,29,6,23,土銀-嘉義,2024-02-26,1034
2609,陽明,35,12,23,土銀-嘉義,2024-02-26,1034
00882,中信中國高股息,19,0,19,土銀-嘉義,2024-02-26,1034
1504,東元,17,0,17,土銀-嘉義,2024-02-26,1034
3162,精確,17,0,17,土銀-嘉義,2024-02-26,1034
6168,宏齊,22,5,17,土銀-嘉義,2024-02-26,1034
00893,國泰智能電動車,15,0,15,土銀-嘉義,2024-02-26,1034
1232,大統益,14,0,14,土銀-嘉義,2024-02-26,1034
1609,大亞,16,3,13,土銀-嘉義,2024-02-26,1034
3046,建��,13,0,13,土銀-嘉義,2024-02-26,1034
2408,南亞科,12,1,11,土銀-嘉義,2024-02-26,1034
2882,國泰金,11,0,11,土銀-嘉義,2024-02-26,1034
2887,台新金,11,0,11,土銀-嘉義,2024-02-26,1034
3019,亞光,11,0,11,土銀-嘉義,2024-02-26,1034
00888,永豐台灣ESG,10,0,10,土銀-嘉義,2024-02-26,1034
00907,永豐優息存股,10,0,10,土銀-嘉義,2024-02-26,1034
006206,元大上證50,10,0,10,土銀-嘉義,2024-02-26,1034
006205,富邦上証,10,0,10,土銀-嘉義,2024-02-26,1034
00693U,期街口S＆P黃豆,10,0,10,土銀-嘉義,2024-02-26,1034
00715L,期街口布蘭特正2,10,0,10,土銀-嘉義,2024-02-26,1034
2476,鉅祥,10,0,10,土銀-嘉義,2024-02-26,1034
5443,均豪,10,0,10,土銀-嘉義,2024-02-26,1034
6292,迅德,10,0,10,土銀-嘉義,2024-02-26,1034
2405,輔信,18,9,9,土銀-嘉義,2024-02-26,1034
8064,東捷,14,5,9,土銀-嘉義,2024-02-26,1034
00712,復華富時不動產,10,2,8,土銀-嘉義,2024-02-26,1034
2371,大同,100,93,7,土銀-嘉義,2024-02-26,1034
2812,台中銀,8,1,7,土銀-嘉義,2024-02-26,1034
2890,永豐金,7,0,7,土銀-嘉義,2024-02-26,1034
2884,玉山金,7,1,6,土銀-嘉義,2024-02-26,1034
3437,榮創,6,0,6,土銀-嘉義,2024-02-26,1034
1339,昭輝,6,0,6,土銀-嘉義,2024-02-26,1034
3264,欣銓,6,0,6,土銀-嘉義,2024-02-26,1034
4979,華星光,51,45,6,土銀-嘉義,2024-02-26,1034
6788,華景電,6,0,6,土銀-嘉義,2024-02-26,1034
2002,中鋼,6,1,5,土銀-嘉義,2024-02-26,1034
1582,信錦,5,0,5,土銀-嘉義,2024-02-26,1034
00885,富邦越南,415,5,410,土銀-嘉義,2024-02-27,1034
00929,復華台灣科技優息,148,28,120,土銀-嘉義,2024-02-27,1034
3576,聯合再生,104,0,104,土銀-嘉義,2024-02-27,1034
2809,京城銀,102,1,101,土銀-嘉義,2024-02-27,1034
00637L,元大滬深300正2,116,16,100,土銀-嘉義,2024-02-27,1034
1802,台玻,100,0,100,土銀-嘉義,2024-02-27,1034
6153,嘉聯益,100,0,100,土銀-嘉義,2024-02-27,1034
00919,群益台灣精選高息,94,10,84,土銀-嘉義,2024-02-27,1034
2892,第一金,82,0,82,土銀-嘉義,2024-02-27,1034
00878,國泰永續高股息,70,0,70,土銀-嘉義,2024-02-27,1034
2409,友達,50,0,50,土銀-嘉義,2024-02-27,1034
1905,華紙,40,0,40,土銀-嘉義,2024-02-27,1034
9105,泰金寶-DR,40,0,40,土銀-嘉義,2024-02-27,1034
3231,緯創,44,6,38,土銀-嘉義,2024-02-27,1034
2888,新光金,36,0,36,土銀-嘉義,2024-02-27,1034
6189,豐藝,35,0,35,土銀-嘉義,2024-02-27,1034
2887,台新金,30,0,30,土銀-嘉義,2024-02-27,1034
1711,永光,40,13,27,土銀-嘉義,2024-02-27,1034
8092,建暐,26,0,26,土銀-嘉義,2024-02-27,1034
1712,興農,25,0,25,土銀-嘉義,2024-02-27,1034
6205,詮欣,25,0,25,土銀-嘉義,2024-02-27,1034
2408,南亞科,23,0,23,土銀-嘉義,2024-02-27,1034
4979,華星光,23,0,23,土銀-嘉義,2024-02-27,1034
6248,沛波,23,0,23,土銀-嘉義,2024-02-27,1034
00687B,國泰20年美債,18,0,18,土銀-嘉義,2024-02-27,1034
2002,中鋼,14,0,14,土銀-嘉義,2024-02-27,1034
00937B,群益ESG投等債20,14,0,14,土銀-嘉義,2024-02-27,1034
00680L,元大美債20正2,14,0,14,土銀-嘉義,2024-02-27,1034
3706,神達,16,2,14,土銀-嘉義,2024-02-27,1034
2356,英業達,13,0,13,土銀-嘉義,2024-02-27,1034
00751B,元大AAA至A公司債,12,0,12,土銀-嘉義,2024-02-27,1034
5272,笙科,12,1,11,土銀-嘉義,2024-02-27,1034
006206,元大上證50,10,0,10,土銀-嘉義,2024-02-27,1034
1304,台聚,10,0,10,土銀-嘉義,2024-02-27,1034
1810,和成,10,0,10,土銀-嘉義,2024-02-27,1034
2014,中鴻,10,0,10,土銀-嘉義,2024-02-27,1034
2421,建準,16,6,10,土銀-嘉義,2024-02-27,1034
2883,凱基金,10,0,10,土銀-嘉義,2024-02-27,1034
2884,玉山金,10,0,10,土銀-嘉義,2024-02-27,1034
3032,偉訓,10,0,10,土銀-嘉義,2024-02-27,1034
3033,威健,10,0,10,土銀-嘉義,2024-02-27,1034
3481,群創,10,0,10,土銀-嘉義,2024-02-27,1034
4142,國光生,10,0,10,土銀-嘉義,2024-02-27,1034
5009,榮剛,10,0,10,土銀-嘉義,2024-02-27,1034
3037,欣興,17,8,9,土銀-嘉義,2024-02-27,1034
3046,建��,9,0,9,土銀-嘉義,2024-02-27,1034
2332,友訊,13,5,8,土銀-嘉義,2024-02-27,1034
3005,神基,11,3,8,土銀-嘉義,2024-02-27,1034
1514,亞力,19,12,7,土銀-嘉義,2024-02-27,1034
1528,恩德,7,0,7,土銀-嘉義,2024-02-27,1034
00772B,中信高評級公司債,170,0,170,土銀-嘉義,2024-02-29,1034
00937B,群益ESG投等債20,157,0,157,土銀-嘉義,2024-02-29,1034
1815,富喬,126,23,103,土銀-嘉義,2024-02-29,1034
6770,力積電,101,5,96,土銀-嘉義,2024-02-29,1034
00637L,元大滬深300正2,93,4,89,土銀-嘉義,2024-02-29,1034
9105,泰金寶-DR,80,0,80,土銀-嘉義,2024-02-29,1034
2002,中鋼,48,0,48,土銀-嘉義,2024-02-29,1034
00679B,元大美債20年,44,0,44,土銀-嘉義,2024-02-29,1034
2882,國泰金,33,0,33,土銀-嘉義,2024-02-29,1034
2888,新光金,33,5,28,土銀-嘉義,2024-02-29,1034
1301,台塑,26,2,24,土銀-嘉義,2024-02-29,1034
00687B,國泰20年美債,22,0,22,土銀-嘉義,2024-02-29,1034
2883,凱基金,23,1,22,土銀-嘉義,2024-02-29,1034
2303,聯電,25,4,21,土銀-嘉義,2024-02-29,1034
00933B,國泰10Y+金融債,20,0,20,土銀-嘉義,2024-02-29,1034
00680L,元大美債20正2,18,0,18,土銀-嘉義,2024-02-29,1034
2851,中再保,16,0,16,土銀-嘉義,2024-02-29,1034
00673R,期元大S＆P原油反1,14,0,14,土銀-嘉義,2024-02-29,1034
2329,華泰,33,20,13,土銀-嘉義,2024-02-29,1034
2881,富邦金,14,1,13,土銀-嘉義,2024-02-29,1034
2353,宏��,12,0,12,土銀-嘉義,2024-02-29,1034
2812,台中銀,12,0,12,土銀-嘉義,2024-02-29,1034
2887,台新金,12,0,12,土銀-嘉義,2024-02-29,1034
00751B,元大AAA至A公司債,11,0,11,土銀-嘉義,2024-02-29,1034
2892,第一金,11,0,11,土銀-嘉義,2024-02-29,1034
1101,台泥,10,0,10,土銀-嘉義,2024-02-29,1034
00795B,中信美國公債20年,10,0,10,土銀-嘉義,2024-02-29,1034
00893,國泰智能電動車,10,0,10,土銀-嘉義,2024-02-29,1034
1711,永光,12,2,10,土銀-嘉義,2024-02-29,1034
2402,毅嘉,10,0,10,土銀-嘉義,2024-02-29,1034
2633,台灣高鐵,10,0,10,土銀-嘉義,2024-02-29,1034
3059,華晶科,10,0,10,土銀-嘉義,2024-02-29,1034
3354,律勝,10,0,10,土銀-嘉義,2024-02-29,1034
8092,建暐,12,2,10,土銀-嘉義,2024-02-29,1034
2609,陽明,83,74,9,土銀-嘉義,2024-02-29,1034
2845,遠東銀,10,1,9,土銀-嘉義,2024-02-29,1034
00752,中信中國50,8,0,8,土銀-嘉義,2024-02-29,1034
1303,南亞,8,0,8,土銀-嘉義,2024-02-29,1034
6125,廣運,17,9,8,土銀-嘉義,2024-02-29,1034
00930,永豐ESG低碳高息,10,3,7,土銀-嘉義,2024-02-29,1034
00929,復華台灣科技優息,10,3,7,土銀-嘉義,2024-02-29,1034
3162,精確,7,0,7,土銀-嘉義,2024-02-29,1034
4142,國光生,7,0,7,土銀-嘉義,2024-02-29,1034
6173,信昌電,7,0,7,土銀-嘉義,2024-02-29,1034
6462,神盾,7,1,6,土銀-嘉義,2024-02-29,1034
00665L,富邦�琤肭磪囓�2,6,0,6,土銀-嘉義,2024-02-29,1034
1582,信錦,6,0,6,土銀-嘉義,2024-02-29,1034
2382,廣達,8,2,6,土銀-嘉義,2024-02-29,1034
2393,億光,6,0,6,土銀-嘉義,2024-02-29,1034
2727,王品,6,0,6,土銀-嘉義,2024-02-29,1034
00679B,元大美債20年,105,0,105,土銀-嘉義,2024-03-01,1034
6770,力積電,101,1,100,土銀-嘉義,2024-03-01,1034
1101,台泥,41,1,40,土銀-嘉義,2024-03-01,1034
00687B,國泰20年美債,38,0,38,土銀-嘉義,2024-03-01,1034
00919,群益台灣精選高息,41,3,38,土銀-嘉義,2024-03-01,1034
2303,聯電,42,5,37,土銀-嘉義,2024-03-01,1034
2609,陽明,43,12,31,土銀-嘉義,2024-03-01,1034
2891,中信金,31,0,31,土銀-嘉義,2024-03-01,1034
1712,興農,26,0,26,土銀-嘉義,2024-03-01,1034
2329,華泰,22,0,22,土銀-嘉義,2024-03-01,1034
6126,信音,22,1,21,土銀-嘉義,2024-03-01,1034
00937B,群益ESG投等債20,23,3,20,土銀-嘉義,2024-03-01,1034
00918,大華優利高填息30,25,6,19,土銀-嘉義,2024-03-01,1034
2618,長榮航,17,1,16,土銀-嘉義,2024-03-01,1034
00929,復華台灣科技優息,13,0,13,土銀-嘉義,2024-03-01,1034
8072,陞泰,13,1,12,土銀-嘉義,2024-03-01,1034
00751B,元大AAA至A公司債,11,0,11,土銀-嘉義,2024-03-01,1034
1513,中興電,25,15,10,土銀-嘉義,2024-03-01,1034
1102,亞泥,10,0,10,土銀-嘉義,2024-03-01,1034
1718,中纖,10,0,10,土銀-嘉義,2024-03-01,1034
2881,富邦金,10,0,10,土銀-嘉義,2024-03-01,1034
4142,國光生,10,0,10,土銀-嘉義,2024-03-01,1034
6125,廣運,24,14,10,土銀-嘉義,2024-03-01,1034
8105,凌巨,10,0,10,土銀-嘉義,2024-03-01,1034
00891,中信關鍵半導體,9,0,9,土銀-嘉義,2024-03-01,1034
2049,上銀,9,0,9,土銀-嘉義,2024-03-01,1034
1303,南亞,9,1,8,土銀-嘉義,2024-03-01,1034
2009,第一銅,10,2,8,土銀-嘉義,2024-03-01,1034
6127,九豪,8,0,8,土銀-嘉義,2024-03-01,1034
2882,國泰金,7,0,7,土銀-嘉義,2024-03-01,1034
3231,緯創,13,6,7,土銀-嘉義,2024-03-01,1034
00933B,國泰10Y+金融債,6,0,6,土銀-嘉義,2024-03-01,1034
1301,台塑,6,0,6,土銀-嘉義,2024-03-01,1034
2356,英業達,9,3,6,土銀-嘉義,2024-03-01,1034
3178,公準,10,4,6,土銀-嘉義,2024-03-01,1034
1103,嘉泥,5,0,5,土銀-嘉義,2024-03-01,1034
00931B,統一美債20年,5,0,5,土銀-嘉義,2024-03-01,1034
1504,東元,5,0,5,土銀-嘉義,2024-03-01,1034
1727,中華化,5,0,5,土銀-嘉義,2024-03-01,1034
2405,輔信,5,0,5,土銀-嘉義,2024-03-01,1034
2419,仲琦,5,0,5,土銀-嘉義,2024-03-01,1034
2520,冠德,5,0,5,土銀-嘉義,2024-03-01,1034
2887,台新金,5,0,5,土銀-嘉義,2024-03-01,1034
3372,典範,5,0,5,土銀-嘉義,2024-03-01,1034
3492,長盛,5,0,5,土銀-嘉義,2024-03-01,1034
4513,福裕,5,0,5,土銀-嘉義,2024-03-01,1034
6120,達運,5,0,5,土銀-嘉義,2024-03-01,1034
6207,雷科,5,0,5,土銀-嘉義,2024-03-01,1034
00712,復華富時不動產,5,1,4,土銀-嘉義,2024-03-01,1034
00788B,元大10年IG電能債,4,0,4,土銀-嘉義,2024-03-01,1034
00885,富邦越南,225,0,225,土銀-嘉義,2024-03-04,1034
6770,力積電,130,13,117,土銀-嘉義,2024-03-04,1034
2834,臺企銀,65,0,65,土銀-嘉義,2024-03-04,1034
00919,群益台灣精選高息,71,7,64,土銀-嘉義,2024-03-04,1034
00937B,群益ESG投等債20,37,3,34,土銀-嘉義,2024-03-04,1034
1802,台玻,30,0,30,土銀-嘉義,2024-03-04,1034
2002,中鋼,35,9,26,土銀-嘉義,2024-03-04,1034
2867,三商壽,22,0,22,土銀-嘉義,2024-03-04,1034
2609,陽明,52,30,22,土銀-嘉義,2024-03-04,1034
2605,新興,21,1,20,土銀-嘉義,2024-03-04,1034
3051,力特,19,0,19,土銀-嘉義,2024-03-04,1034
00918,大華優利高填息30,17,0,17,土銀-嘉義,2024-03-04,1034
2615,萬海,20,4,16,土銀-嘉義,2024-03-04,1034
00751B,元大AAA至A公司債,15,0,15,土銀-嘉義,2024-03-04,1034
3231,緯創,23,8,15,土銀-嘉義,2024-03-04,1034
00673R,期元大S＆P原油反1,14,0,14,土銀-嘉義,2024-03-04,1034
2409,友達,15,1,14,土銀-嘉義,2024-03-04,1034
2421,建準,15,1,14,土銀-嘉義,2024-03-04,1034
1609,大亞,13,0,13,土銀-嘉義,2024-03-04,1034
3042,晶技,17,4,13,土銀-嘉義,2024-03-04,1034
4142,國光生,12,0,12,土銀-嘉義,2024-03-04,1034
2393,億光,11,0,11,土銀-嘉義,2024-03-04,1034
00830,國泰費城半導體,10,0,10,土銀-嘉義,2024-03-04,1034
2034,允強,10,0,10,土銀-嘉義,2024-03-04,1034
2897,王道銀行,10,0,10,土銀-嘉義,2024-03-04,1034
4526,東台,10,0,10,土銀-嘉義,2024-03-04,1034
6167,久正,10,0,10,土銀-嘉義,2024-03-04,1034
1307,三芳,10,1,9,土銀-嘉義,2024-03-04,1034
8064,東捷,10,1,9,土銀-嘉義,2024-03-04,1034
9105,泰金寶-DR,9,0,9,土銀-嘉義,2024-03-04,1034
2484,希華,10,2,8,土銀-嘉義,2024-03-04,1034
2365,昆盈,7,0,7,土銀-嘉義,2024-03-04,1034
6139,亞翔,7,0,7,土銀-嘉義,2024-03-04,1034
6173,信昌電,7,0,7,土銀-嘉義,2024-03-04,1034
6269,台郡,7,0,7,土銀-嘉義,2024-03-04,1034
8473,山林水,7,0,7,土銀-嘉義,2024-03-04,1034
1568,倉佑,6,0,6,土銀-嘉義,2024-03-04,1034
5272,笙科,7,1,6,土銀-嘉義,2024-03-04,1034
5880,合庫金,6,0,6,土銀-嘉義,2024-03-04,1034
6257,矽格,8,2,6,土銀-嘉義,2024-03-04,1034
1101,台泥,7,2,5,土銀-嘉義,2024-03-04,1034
2206,三陽工業,6,1,5,土銀-嘉義,2024-03-04,1034
00687B,國泰20年美債,6,1,5,土銀-嘉義,2024-03-04,1034
00652,富邦印度,5,0,5,土銀-嘉義,2024-03-04,1034
1905,華紙,5,0,5,土銀-嘉義,2024-03-04,1034
2356,英業達,12,7,5,土銀-嘉義,2024-03-04,1034
2610,華航,5,0,5,土銀-嘉義,2024-03-04,1034
3005,神基,7,2,5,土銀-嘉義,2024-03-04,1034
6163,華電網,5,0,5,土銀-嘉義,2024-03-04,1034
2327,國巨,5,1,4,土銀-嘉義,2024-03-04,1034
2883,凱基金,424,0,424,土銀-嘉義,2024-03-05,1034
00937B,群益ESG投等債20,336,12,324,土銀-嘉義,2024-03-05,1034
2892,第一金,261,30,231,土銀-嘉義,2024-03-05,1034
00751B,元大AAA至A公司債,124,0,124,土銀-嘉義,2024-03-05,1034
00665L,富邦�琤肭磪囓�2,105,0,105,土銀-嘉義,2024-03-05,1034
2609,陽明,149,81,68,土銀-嘉義,2024-03-05,1034
00918,大華優利高填息30,65,4,61,土銀-嘉義,2024-03-05,1034
00878,國泰永續高股息,57,2,55,土銀-嘉義,2024-03-05,1034
00927,群益半導體收益,50,0,50,土銀-嘉義,2024-03-05,1034
00915,凱基優選高股息30,36,0,36,土銀-嘉義,2024-03-05,1034
00687B,國泰20年美債,35,1,34,土銀-嘉義,2024-03-05,1034
6770,力積電,50,17,33,土銀-嘉義,2024-03-05,1034
00635U,期元大S＆P黃金,29,0,29,土銀-嘉義,2024-03-05,1034
8011,台通,35,6,29,土銀-嘉義,2024-03-05,1034
00632R,元大台灣50反1,30,5,25,土銀-嘉義,2024-03-05,1034
2324,仁寶,27,2,25,土銀-嘉義,2024-03-05,1034
2880,華南金,21,0,21,土銀-嘉義,2024-03-05,1034
00885,富邦越南,20,0,20,土銀-嘉義,2024-03-05,1034
00680L,元大美債20正2,20,0,20,土銀-嘉義,2024-03-05,1034
4157,太景*-KY,20,0,20,土銀-嘉義,2024-03-05,1034
5880,合庫金,20,0,20,土銀-嘉義,2024-03-05,1034
6005,群益證,20,0,20,土銀-嘉義,2024-03-05,1034
00712,復華富時不動產,18,0,18,土銀-嘉義,2024-03-05,1034
00919,群益台灣精選高息,46,34,12,土銀-嘉義,2024-03-05,1034
00881,國泰台灣5G+,12,0,12,土銀-嘉義,2024-03-05,1034
3260,威剛,12,0,12,土銀-嘉義,2024-03-05,1034
1409,新纖,16,5,11,土銀-嘉義,2024-03-05,1034
1455,集盛,10,0,10,土銀-嘉義,2024-03-05,1034
1604,聲寶,10,0,10,土銀-嘉義,2024-03-05,1034
6127,九豪,10,0,10,土銀-嘉義,2024-03-05,1034
6166,凌華,10,0,10,土銀-嘉義,2024-03-05,1034
1513,中興電,22,13,9,土銀-嘉義,2024-03-05,1034
00830,國泰費城半導體,10,1,9,土銀-嘉義,2024-03-05,1034
3376,新日興,17,8,9,土銀-嘉義,2024-03-05,1034
8034,榮群,10,1,9,土銀-嘉義,2024-03-05,1034
3027,盛達,10,2,8,土銀-嘉義,2024-03-05,1034
3481,群創,13,5,8,土銀-嘉義,2024-03-05,1034
4979,華星光,20,12,8,土銀-嘉義,2024-03-05,1034
3231,緯創,23,16,7,土銀-嘉義,2024-03-05,1034
1303,南亞,7,0,7,土銀-嘉義,2024-03-05,1034
3006,晶豪科,8,1,7,土銀-嘉義,2024-03-05,1034
1529,樂事綠能,6,0,6,土銀-嘉義,2024-03-05,1034
6227,茂綸,6,0,6,土銀-嘉義,2024-03-05,1034
00850,元大臺灣ESG永續,5,0,5,土銀-嘉義,2024-03-05,1034
2230,泰茂,5,0,5,土銀-嘉義,2024-03-05,1034
2438,翔耀,5,0,5,土銀-嘉義,2024-03-05,1034
2484,希華,6,1,5,土銀-嘉義,2024-03-05,1034
3092,鴻碩,5,0,5,土銀-嘉義,2024-03-05,1034
4513,福裕,5,0,5,土銀-嘉義,2024-03-05,1034
4763,材料-KY,5,0,5,土銀-嘉義,2024-03-05,1034
00937B,群益ESG投等債20,339,2,337,土銀-嘉義,2024-03-06,1034
00712,復華富時不動產,95,0,95,土銀-嘉義,2024-03-06,1034
00919,群益台灣精選高息,85,15,70,土銀-嘉義,2024-03-06,1034
00918,大華優利高填息30,57,5,52,土銀-嘉義,2024-03-06,1034
4906,正文,42,3,39,土銀-嘉義,2024-03-06,1034
2498,宏達電,37,0,37,土銀-嘉義,2024-03-06,1034
1316,上曜,33,2,31,土銀-嘉義,2024-03-06,1034
2888,新光金,30,0,30,土銀-嘉義,2024-03-06,1034
4564,元翎,30,0,30,土銀-嘉義,2024-03-06,1034
3481,群創,27,2,25,土銀-嘉義,2024-03-06,1034
5515,建國,23,2,21,土銀-嘉義,2024-03-06,1034
5340,建榮,20,0,20,土銀-嘉義,2024-03-06,1034
8163,達方,23,3,20,土銀-嘉義,2024-03-06,1034
1609,大亞,40,23,17,土銀-嘉義,2024-03-06,1034
3051,力特,18,2,16,土銀-嘉義,2024-03-06,1034
2208,台船,15,1,14,土銀-嘉義,2024-03-06,1034
2609,陽明,22,8,14,土銀-嘉義,2024-03-06,1034
2882,國泰金,21,7,14,土銀-嘉義,2024-03-06,1034
3006,晶豪科,13,0,13,土銀-嘉義,2024-03-06,1034
6163,華電網,16,3,13,土銀-嘉義,2024-03-06,1034
2352,佳世達,12,0,12,土銀-嘉義,2024-03-06,1034
5388,中磊,15,3,12,土銀-嘉義,2024-03-06,1034
2344,華邦電,11,0,11,土銀-嘉義,2024-03-06,1034
2449,京元電子,24,13,11,土銀-嘉義,2024-03-06,1034
1591,駿吉-KY,10,0,10,土銀-嘉義,2024-03-06,1034
3050,鈺德,10,0,10,土銀-嘉義,2024-03-06,1034
4108,懷特,10,0,10,土銀-嘉義,2024-03-06,1034
4162,智擎,10,0,10,土銀-嘉義,2024-03-06,1034
6005,群益證,10,0,10,土銀-嘉義,2024-03-06,1034
2834,臺企銀,11,2,9,土銀-嘉義,2024-03-06,1034
3231,緯創,11,2,9,土銀-嘉義,2024-03-06,1034
00632R,元大台灣50反1,12,4,8,土銀-嘉義,2024-03-06,1034
2303,聯電,11,3,8,土銀-嘉義,2024-03-06,1034
1514,亞力,12,5,7,土銀-嘉義,2024-03-06,1034
1616,億泰,7,0,7,土銀-嘉義,2024-03-06,1034
2618,長榮航,7,0,7,土銀-嘉義,2024-03-06,1034
5386,青雲,7,0,7,土銀-嘉義,2024-03-06,1034
6285,啟��,10,3,7,土銀-嘉義,2024-03-06,1034
1504,東元,8,1,7,土銀-嘉義,2024-03-06,1034
1432,大魯閣,6,0,6,土銀-嘉義,2024-03-06,1034
2472,立隆電,6,0,6,土銀-嘉義,2024-03-06,1034
2605,新興,8,2,6,土銀-嘉義,2024-03-06,1034
2610,華航,7,1,6,土銀-嘉義,2024-03-06,1034
4960,誠美材,7,1,6,土銀-嘉義,2024-03-06,1034
8112,至上,7,1,6,土銀-嘉義,2024-03-06,1034
2023,燁輝,5,0,5,土銀-嘉義,2024-03-06,1034
2427,三商電,5,0,5,土銀-嘉義,2024-03-06,1034
3037,欣興,7,2,5,土銀-嘉義,2024-03-06,1034
4956,光鋐,5,0,5,土銀-嘉義,2024-03-06,1034
6127,九豪,6,1,5,土銀-嘉義,2024-03-06,1034
2883,凱基金,434,41,393,土銀-嘉義,2024-03-07,1034
00679B,元大美債20年,349,0,349,土銀-嘉義,2024-03-07,1034
00687B,國泰20年美債,342,24,318,土銀-嘉義,2024-03-07,1034
00937B,群益ESG投等債20,227,10,217,土銀-嘉義,2024-03-07,1034
00637L,元大滬深300正2,202,3,199,土銀-嘉義,2024-03-07,1034
00919,群益台灣精選高息,119,17,102,土銀-嘉義,2024-03-07,1034
2344,華邦電,73,15,58,土銀-嘉義,2024-03-07,1034
2504,國產,54,0,54,土銀-嘉義,2024-03-07,1034
00857B,永豐20年美公債,45,0,45,土銀-嘉義,2024-03-07,1034
9105,泰金寶-DR,45,0,45,土銀-嘉義,2024-03-07,1034
8092,建暐,25,0,25,土銀-嘉義,2024-03-07,1034
3006,晶豪科,24,0,24,土銀-嘉義,2024-03-07,1034
2356,英業達,26,2,24,土銀-嘉義,2024-03-07,1034
1316,上曜,29,5,24,土銀-嘉義,2024-03-07,1034
1605,華新,24,1,23,土銀-嘉義,2024-03-07,1034
2313,華通,49,29,20,土銀-嘉義,2024-03-07,1034
3564,其陽,20,0,20,土銀-嘉義,2024-03-07,1034
2486,一詮,20,1,19,土銀-嘉義,2024-03-07,1034
3481,群創,19,2,17,土銀-嘉義,2024-03-07,1034
8033,雷虎,16,0,16,土銀-嘉義,2024-03-07,1034
1815,富喬,22,8,14,土銀-嘉義,2024-03-07,1034
2355,敬鵬,12,0,12,土銀-嘉義,2024-03-07,1034
2845,遠東銀,12,0,12,土銀-嘉義,2024-03-07,1034
1717,長興,12,1,11,土銀-嘉義,2024-03-07,1034
2025,千興,11,0,11,土銀-嘉義,2024-03-07,1034
6125,廣運,17,6,11,土銀-嘉義,2024-03-07,1034
2353,宏��,16,6,10,土銀-嘉義,2024-03-07,1034
00933B,國泰10Y+金融債,10,0,10,土銀-嘉義,2024-03-07,1034
1905,華紙,10,0,10,土銀-嘉義,2024-03-07,1034
2615,萬海,10,0,10,土銀-嘉義,2024-03-07,1034
3019,亞光,10,0,10,土銀-嘉義,2024-03-07,1034
3380,明泰,10,0,10,土銀-嘉義,2024-03-07,1034
6207,雷科,10,0,10,土銀-嘉義,2024-03-07,1034
5488,松普,9,0,9,土銀-嘉義,2024-03-07,1034
1301,台塑,8,0,8,土銀-嘉義,2024-03-07,1034
2421,建準,10,2,8,土銀-嘉義,2024-03-07,1034
5439,高技,13,5,8,土銀-嘉義,2024-03-07,1034
6173,信昌電,8,0,8,土銀-嘉義,2024-03-07,1034
9907,統一實,8,0,8,土銀-嘉義,2024-03-07,1034
1503,士電,8,1,7,土銀-嘉義,2024-03-07,1034
00915,凱基優選高股息30,8,1,7,土銀-嘉義,2024-03-07,1034
2408,南亞科,8,1,7,土銀-嘉義,2024-03-07,1034
2609,陽明,20,13,7,土銀-嘉義,2024-03-07,1034
4915,致伸,7,0,7,土銀-嘉義,2024-03-07,1034
5521,工信,10,3,7,土銀-嘉義,2024-03-07,1034
8403,盛弘,7,0,7,土銀-嘉義,2024-03-07,1034
6415,矽力*-KY,6,0,6,土銀-嘉義,2024-03-07,1034
00918,大華優利高填息30,7,1,6,土銀-嘉義,2024-03-07,1034
3005,神基,15,9,6,土銀-嘉義,2024-03-07,1034
3046,建��,6,0,6,土銀-嘉義,2024-03-07,1034
2834,臺企銀,145,2,143,土銀-嘉義,2024-03-08,1034
1815,富喬,117,9,108,土銀-嘉義,2024-03-08,1034
00918,大華優利高填息30,103,4,99,土銀-嘉義,2024-03-08,1034
8092,建暐,70,0,70,土銀-嘉義,2024-03-08,1034
2409,友達,62,7,55,土銀-嘉義,2024-03-08,1034
00632R,元大台灣50反1,54,0,54,土銀-嘉義,2024-03-08,1034
00919,群益台灣精選高息,85,38,47,土銀-嘉義,2024-03-08,1034
00679B,元大美債20年,40,0,40,土銀-嘉義,2024-03-08,1034
2344,華邦電,92,53,39,土銀-嘉義,2024-03-08,1034
00929,復華台灣科技優息,46,10,36,土銀-嘉義,2024-03-08,1034
00937B,群益ESG投等債20,31,0,31,土銀-嘉義,2024-03-08,1034
1605,華新,32,1,31,土銀-嘉義,2024-03-08,1034
2352,佳世達,31,0,31,土銀-嘉義,2024-03-08,1034
5310,天剛,35,7,28,土銀-嘉義,2024-03-08,1034
2913,農林,20,0,20,土銀-嘉義,2024-03-08,1034
6015,宏遠證,20,1,19,土銀-嘉義,2024-03-08,1034
1101,台泥,16,0,16,土銀-嘉義,2024-03-08,1034
2884,玉山金,11,0,11,土銀-嘉義,2024-03-08,1034
1905,華紙,11,0,11,土銀-嘉義,2024-03-08,1034
2317,鴻海,16,5,11,土銀-嘉義,2024-03-08,1034
00680L,元大美債20正2,10,0,10,土銀-嘉義,2024-03-08,1034
2838,聯邦銀,10,0,10,土銀-嘉義,2024-03-08,1034
3380,明泰,10,0,10,土銀-嘉義,2024-03-08,1034
3711,日月光投控,22,12,10,土銀-嘉義,2024-03-08,1034
6274,台燿,11,1,10,土銀-嘉義,2024-03-08,1034
1717,長興,10,1,9,土銀-嘉義,2024-03-08,1034
2025,千興,9,0,9,土銀-嘉義,2024-03-08,1034
2353,宏��,20,11,9,土銀-嘉義,2024-03-08,1034
00881,國泰台灣5G+,10,2,8,土銀-嘉義,2024-03-08,1034
2393,億光,8,0,8,土銀-嘉義,2024-03-08,1034
3006,晶豪科,8,0,8,土銀-嘉義,2024-03-08,1034
3081,聯亞,8,0,8,土銀-嘉義,2024-03-08,1034
5309,系統電,8,0,8,土銀-嘉義,2024-03-08,1034
1301,台塑,7,0,7,土銀-嘉義,2024-03-08,1034
1416,廣豐,6,0,6,土銀-嘉義,2024-03-08,1034
1609,大亞,9,3,6,土銀-嘉義,2024-03-08,1034
00665L,富邦�琤肭磪囓�2,5,0,5,土銀-嘉義,2024-03-08,1034
1313,聯成,5,0,5,土銀-嘉義,2024-03-08,1034
2002,中鋼,16,11,5,土銀-嘉義,2024-03-08,1034
2312,金寶,5,0,5,土銀-嘉義,2024-03-08,1034
2313,華通,5,0,5,土銀-嘉義,2024-03-08,1034
2449,京元電子,8,3,5,土銀-嘉義,2024-03-08,1034
2645,長榮航太,5,0,5,土銀-嘉義,2024-03-08,1034
2812,台中銀,5,0,5,土銀-嘉義,2024-03-08,1034
4934,太極,5,0,5,土銀-嘉義,2024-03-08,1034
6139,亞翔,5,0,5,土銀-嘉義,2024-03-08,1034
8033,雷虎,5,0,5,土銀-嘉義,2024-03-08,1034
1303,南亞,4,0,4,土銀-嘉義,2024-03-08,1034
1434,福懋,5,1,4,土銀-嘉義,2024-03-08,1034
1773,勝一,4,0,4,土銀-嘉義,2024-03-08,1034
2897,王道銀行,222,3,219,土銀-嘉義,2024-03-11,1034
2883,凱基金,216,37,179,土銀-嘉義,2024-03-11,1034
00919,群益台灣精選高息,182,26,156,土銀-嘉義,2024-03-11,1034
1712,興農,90,0,90,土銀-嘉義,2024-03-11,1034
6770,力積電,87,0,87,土銀-嘉義,2024-03-11,1034
3481,群創,70,13,57,土銀-嘉義,2024-03-11,1034
00934,中信成長高股息,50,0,50,土銀-嘉義,2024-03-11,1034
2881,富邦金,44,5,39,土銀-嘉義,2024-03-11,1034
8092,建暐,35,0,35,土銀-嘉義,2024-03-11,1034
2371,大同,58,28,30,土銀-嘉義,2024-03-11,1034
00882,中信中國高股息,28,0,28,土銀-嘉義,2024-03-11,1034
00915,凱基優選高股息30,26,0,26,土銀-嘉義,2024-03-11,1034
2303,聯電,33,10,23,土銀-嘉義,2024-03-11,1034
00885,富邦越南,20,0,20,土銀-嘉義,2024-03-11,1034
2603,長榮,22,4,18,土銀-嘉義,2024-03-11,1034
00893,國泰智能電動車,15,0,15,土銀-嘉義,2024-03-11,1034
00918,大華優利高填息30,29,16,13,土銀-嘉義,2024-03-11,1034
2884,玉山金,11,0,11,土銀-嘉義,2024-03-11,1034
00645,富邦日本,11,0,11,土銀-嘉義,2024-03-11,1034
2367,燿華,20,9,11,土銀-嘉義,2024-03-11,1034
3354,律勝,11,0,11,土銀-嘉義,2024-03-11,1034
1101,台泥,18,8,10,土銀-嘉義,2024-03-11,1034
2615,萬海,10,0,10,土銀-嘉義,2024-03-11,1034
2610,華航,9,0,9,土銀-嘉義,2024-03-11,1034
2852,第一保,10,1,9,土銀-嘉義,2024-03-11,1034
6163,華電網,10,1,9,土銀-嘉義,2024-03-11,1034
3293,鈊象,8,0,8,土銀-嘉義,2024-03-11,1034
00679B,元大美債20年,8,0,8,土銀-嘉義,2024-03-11,1034
1734,杏輝,8,0,8,土銀-嘉義,2024-03-11,1034
2618,長榮航,10,2,8,土銀-嘉義,2024-03-11,1034
2809,京城銀,10,2,8,土銀-嘉義,2024-03-11,1034
3711,日月光投控,8,0,8,土銀-嘉義,2024-03-11,1034
6166,凌華,8,0,8,土銀-嘉義,2024-03-11,1034
1307,三芳,7,0,7,土銀-嘉義,2024-03-11,1034
2365,昆盈,7,0,7,土銀-嘉義,2024-03-11,1034
00857B,永豐20年美公債,6,0,6,土銀-嘉義,2024-03-11,1034
2358,廷鑫,6,0,6,土銀-嘉義,2024-03-11,1034
5310,天剛,22,16,6,土銀-嘉義,2024-03-11,1034
6269,台郡,6,0,6,土銀-嘉義,2024-03-11,1034
8926,台汽電,11,5,6,土銀-嘉義,2024-03-11,1034
00715L,期街口布蘭特正2,5,0,5,土銀-嘉義,2024-03-11,1034
00933B,國泰10Y+金融債,5,0,5,土銀-嘉義,2024-03-11,1034
00931B,統一美債20年,5,0,5,土銀-嘉義,2024-03-11,1034
1608,華榮,6,1,5,土銀-嘉義,2024-03-11,1034
1618,合機,7,2,5,土銀-嘉義,2024-03-11,1034
2352,佳世達,6,1,5,土銀-嘉義,2024-03-11,1034
3209,全科,5,0,5,土銀-嘉義,2024-03-11,1034
3703,欣陸,5,0,5,土銀-嘉義,2024-03-11,1034
5388,中磊,5,0,5,土銀-嘉義,2024-03-11,1034
8112,至上,5,0,5,土銀-嘉義,2024-03-11,1034
00637L,元大滬深300正2,471,52,419,土銀-嘉義,2024-03-12,1034
2801,彰銀,100,0,100,土銀-嘉義,2024-03-12,1034
6770,力積電,100,0,100,土銀-嘉義,2024-03-12,1034
00687B,國泰20年美債,40,0,40,土銀-嘉義,2024-03-12,1034
2371,大同,70,35,35,土銀-嘉義,2024-03-12,1034
6120,達運,25,1,24,土銀-嘉義,2024-03-12,1034
3711,日月光投控,23,0,23,土銀-嘉義,2024-03-12,1034
2367,燿華,24,1,23,土銀-嘉義,2024-03-12,1034
4979,華星光,38,16,22,土銀-嘉義,2024-03-12,1034
00918,大華優利高填息30,38,19,19,土銀-嘉義,2024-03-12,1034
2897,王道銀行,18,0,18,土銀-嘉義,2024-03-12,1034
6163,華電網,17,0,17,土銀-嘉義,2024-03-12,1034
00919,群益台灣精選高息,30,14,16,土銀-嘉義,2024-03-12,1034
2882,國泰金,23,9,14,土銀-嘉義,2024-03-12,1034
3062,建漢,19,5,14,土銀-嘉義,2024-03-12,1034
2884,玉山金,15,1,14,土銀-嘉義,2024-03-12,1034
2603,長榮,16,2,14,土銀-嘉義,2024-03-12,1034
00891,中信關鍵半導體,11,0,11,土銀-嘉義,2024-03-12,1034
3189,景碩,11,0,11,土銀-嘉義,2024-03-12,1034
1802,台玻,10,0,10,土銀-嘉義,2024-03-12,1034
5211,蒙恬,10,0,10,土銀-嘉義,2024-03-12,1034
8446,華研,10,0,10,土銀-嘉義,2024-03-12,1034
1608,華榮,12,3,9,土銀-嘉義,2024-03-12,1034
2852,第一保,10,1,9,土銀-嘉義,2024-03-12,1034
1409,新纖,8,0,8,土銀-嘉義,2024-03-12,1034
3013,晟銘電,8,0,8,土銀-嘉義,2024-03-12,1034
3025,星通,7,0,7,土銀-嘉義,2024-03-12,1034
5498,凱崴,7,0,7,土銀-嘉義,2024-03-12,1034
6217,中探針,6,0,6,土銀-嘉義,2024-03-12,1034
6533,晶心科,6,0,6,土銀-嘉義,2024-03-12,1034
2313,華通,8,2,6,土銀-嘉義,2024-03-12,1034
1308,亞聚,5,0,5,土銀-嘉義,2024-03-12,1034
00632R,元大台灣50反1,5,0,5,土銀-嘉義,2024-03-12,1034
1604,聲寶,10,5,5,土銀-嘉義,2024-03-12,1034
1789,神隆,5,0,5,土銀-嘉義,2024-03-12,1034
2489,瑞軒,5,0,5,土銀-嘉義,2024-03-12,1034
2634,漢翔,5,0,5,土銀-嘉義,2024-03-12,1034
2880,華南金,5,0,5,土銀-嘉義,2024-03-12,1034
3701,大眾控,5,0,5,土銀-嘉義,2024-03-12,1034
3714,富采,6,1,5,土銀-嘉義,2024-03-12,1034
4746,台耀,6,1,5,土銀-嘉義,2024-03-12,1034
5272,笙科,5,0,5,土銀-嘉義,2024-03-12,1034
6462,神盾,11,6,5,土銀-嘉義,2024-03-12,1034
1514,亞力,5,1,4,土銀-嘉義,2024-03-12,1034
2308,台達電,4,0,4,土銀-嘉義,2024-03-12,1034
1580,新麥,4,0,4,土銀-嘉義,2024-03-12,1034
2329,華泰,12,8,4,土銀-嘉義,2024-03-12,1034
2344,華邦電,5,1,4,土銀-嘉義,2024-03-12,1034
2352,佳世達,9,5,4,土銀-嘉義,2024-03-12,1034
2365,昆盈,4,0,4,土銀-嘉義,2024-03-12,1034
2897,王道銀行,180,0,180,土銀-嘉義,2024-03-13,1034
00937B,群益ESG投等債20,96,0,96,土銀-嘉義,2024-03-13,1034
00933B,國泰10Y+金融債,85,0,85,土銀-嘉義,2024-03-13,1034
00919,群益台灣精選高息,86,11,75,土銀-嘉義,2024-03-13,1034
00929,復華台灣科技優息,80,8,72,土銀-嘉義,2024-03-13,1034
2883,凱基金,69,2,67,土銀-嘉義,2024-03-13,1034
2344,華邦電,68,15,53,土銀-嘉義,2024-03-13,1034
00687B,國泰20年美債,40,4,36,土銀-嘉義,2024-03-13,1034
00637L,元大滬深300正2,32,0,32,土銀-嘉義,2024-03-13,1034
2498,宏達電,25,0,25,土銀-嘉義,2024-03-13,1034
2882,國泰金,28,6,22,土銀-嘉義,2024-03-13,1034
4167,松瑞藥,21,0,21,土銀-嘉義,2024-03-13,1034
2375,凱美,20,0,20,土銀-嘉義,2024-03-13,1034
6770,力積電,36,17,19,土銀-嘉義,2024-03-13,1034
6127,九豪,20,3,17,土銀-嘉義,2024-03-13,1034
00915,凱基優選高股息30,22,6,16,土銀-嘉義,2024-03-13,1034
00918,大華優利高填息30,19,4,15,土銀-嘉義,2024-03-13,1034
1314,中石化,15,0,15,土銀-嘉義,2024-03-13,1034
3588,通嘉,15,0,15,土銀-嘉義,2024-03-13,1034
2367,燿華,16,3,13,土銀-嘉義,2024-03-13,1034
2392,正崴,14,1,13,土銀-嘉義,2024-03-13,1034
2464,盟立,14,1,13,土銀-嘉義,2024-03-13,1034
3231,緯創,93,81,12,土銀-嘉義,2024-03-13,1034
4979,華星光,45,33,12,土銀-嘉義,2024-03-13,1034
00632R,元大台灣50反1,12,0,12,土銀-嘉義,2024-03-13,1034
2881,富邦金,12,0,12,土銀-嘉義,2024-03-13,1034
4142,國光生,12,0,12,土銀-嘉義,2024-03-13,1034
3234,光環,11,0,11,土銀-嘉義,2024-03-13,1034
2609,陽明,27,16,11,土銀-嘉義,2024-03-13,1034
00680L,元大美債20正2,10,0,10,土銀-嘉義,2024-03-13,1034
4746,台耀,10,1,9,土銀-嘉義,2024-03-13,1034
2393,億光,9,0,9,土銀-嘉義,2024-03-13,1034
2618,長榮航,13,4,9,土銀-嘉義,2024-03-13,1034
00752,中信中國50,10,2,8,土銀-嘉義,2024-03-13,1034
2610,華航,10,2,8,土銀-嘉義,2024-03-13,1034
3017,奇鋐,11,3,8,土銀-嘉義,2024-03-13,1034
4420,光明,8,0,8,土銀-嘉義,2024-03-13,1034
6217,中探針,8,0,8,土銀-嘉義,2024-03-13,1034
6415,矽力*-KY,9,2,7,土銀-嘉義,2024-03-13,1034
00655L,國泰中國A50正2,7,0,7,土銀-嘉義,2024-03-13,1034
2408,南亞科,8,1,7,土銀-嘉義,2024-03-13,1034
2888,新光金,14,7,7,土銀-嘉義,2024-03-13,1034
3050,鈺德,17,10,7,土銀-嘉義,2024-03-13,1034
5309,系統電,7,0,7,土銀-嘉義,2024-03-13,1034
2376,技嘉,7,1,6,土銀-嘉義,2024-03-13,1034
2603,長榮,10,4,6,土銀-嘉義,2024-03-13,1034
00712,復華富時不動產,6,0,6,土銀-嘉義,2024-03-13,1034
8996,高力,8,2,6,土銀-嘉義,2024-03-13,1034
00793B,群益AAA-A醫療債,5,0,5,土銀-嘉義,2024-03-13,1034
00931B,統一美債20年,5,0,5,土銀-嘉義,2024-03-13,1034
00929,復華台灣科技優息,173,11,162,土銀-嘉義,2024-03-14,1034
2618,長榮航,110,11,99,土銀-嘉義,2024-03-14,1034
2883,凱基金,239,163,76,土銀-嘉義,2024-03-14,1034
2888,新光金,75,15,60,土銀-嘉義,2024-03-14,1034
2897,王道銀行,55,0,55,土銀-嘉義,2024-03-14,1034
00919,群益台灣精選高息,64,33,31,土銀-嘉義,2024-03-14,1034
00687B,國泰20年美債,29,0,29,土銀-嘉義,2024-03-14,1034
00891,中信關鍵半導體,31,3,28,土銀-嘉義,2024-03-14,1034
2241,艾姆勒,24,0,24,土銀-嘉義,2024-03-14,1034
2609,陽明,47,23,24,土銀-嘉義,2024-03-14,1034
00937B,群益ESG投等債20,24,2,22,土銀-嘉義,2024-03-14,1034
2801,彰銀,22,0,22,土銀-嘉義,2024-03-14,1034
2838,聯邦銀,22,0,22,土銀-嘉義,2024-03-14,1034
00633L,富邦上証正2,18,0,18,土銀-嘉義,2024-03-14,1034
00900,富邦特選高股息30,20,4,16,土銀-嘉義,2024-03-14,1034
2597,潤弘,15,0,15,土銀-嘉義,2024-03-14,1034
00637L,元大滬深300正2,20,6,14,土銀-嘉義,2024-03-14,1034
6217,中探針,14,1,13,土銀-嘉義,2024-03-14,1034
2371,大同,36,24,12,土銀-嘉義,2024-03-14,1034
2356,英業達,14,3,11,土銀-嘉義,2024-03-14,1034
2880,華南金,12,1,11,土銀-嘉義,2024-03-14,1034
00893,國泰智能電動車,10,0,10,土銀-嘉義,2024-03-14,1034
1409,新纖,10,0,10,土銀-嘉義,2024-03-14,1034
2845,遠東銀,110,100,10,土銀-嘉義,2024-03-14,1034
3704,合勤控,10,0,10,土銀-嘉義,2024-03-14,1034
6269,台郡,13,3,10,土銀-嘉義,2024-03-14,1034
2881,富邦金,18,8,10,土銀-嘉義,2024-03-14,1034
5880,合庫金,9,0,9,土銀-嘉義,2024-03-14,1034
1316,上曜,8,0,8,土銀-嘉義,2024-03-14,1034
2025,千興,8,0,8,土銀-嘉義,2024-03-14,1034
4142,國光生,8,0,8,土銀-嘉義,2024-03-14,1034
00915,凱基優選高股息30,10,3,7,土銀-嘉義,2024-03-14,1034
2615,萬海,7,0,7,土銀-嘉義,2024-03-14,1034
3702,大聯大,7,0,7,土銀-嘉義,2024-03-14,1034
8926,台汽電,11,4,7,土銀-嘉義,2024-03-14,1034
00882,中信中國高股息,6,0,6,土銀-嘉義,2024-03-14,1034
00712,復華富時不動產,6,0,6,土銀-嘉義,2024-03-14,1034
2809,京城銀,6,0,6,土銀-嘉義,2024-03-14,1034
2855,統一證,6,0,6,土銀-嘉義,2024-03-14,1034
3484,崧騰,6,0,6,土銀-嘉義,2024-03-14,1034
4714,永捷,7,1,6,土銀-嘉義,2024-03-14,1034
6139,亞翔,6,0,6,土銀-嘉義,2024-03-14,1034
2884,玉山金,5,0,5,土銀-嘉義,2024-03-14,1034
1709,和益,5,0,5,土銀-嘉義,2024-03-14,1034
1802,台玻,5,0,5,土銀-嘉義,2024-03-14,1034
2344,華邦電,10,5,5,土銀-嘉義,2024-03-14,1034
2363,矽統,7,2,5,土銀-嘉義,2024-03-14,1034
2375,凱美,5,0,5,土銀-嘉義,2024-03-14,1034
2834,臺企銀,19,14,5,土銀-嘉義,2024-03-14,1034
2889,國票金,8,3,5,土銀-嘉義,2024-03-14,1034
00941,中信上游半導體,194,0,194,土銀-嘉義,2024-03-15,1034
00919,群益台灣精選高息,195,3,192,土銀-嘉義,2024-03-15,1034
00687B,國泰20年美債,151,0,151,土銀-嘉義,2024-03-15,1034
2884,玉山金,139,6,133,土銀-嘉義,2024-03-15,1034
2834,臺企銀,398,273,125,土銀-嘉義,2024-03-15,1034
00632R,元大台灣50反1,90,0,90,土銀-嘉義,2024-03-15,1034
00929,復華台灣科技優息,94,14,80,土銀-嘉義,2024-03-15,1034
2609,陽明,57,10,47,土銀-嘉義,2024-03-15,1034
00918,大華優利高填息30,43,1,42,土銀-嘉義,2024-03-15,1034
2375,凱美,35,0,35,土銀-嘉義,2024-03-15,1034
6217,中探針,31,2,29,土銀-嘉義,2024-03-15,1034
00937B,群益ESG投等債20,35,10,25,土銀-嘉義,2024-03-15,1034
00927,群益半導體收益,22,0,22,土銀-嘉義,2024-03-15,1034
2356,英業達,24,2,22,土銀-嘉義,2024-03-15,1034
6244,茂迪,21,1,20,土銀-嘉義,2024-03-15,1034
1609,大亞,23,5,18,土銀-嘉義,2024-03-15,1034
2371,大同,20,2,18,土銀-嘉義,2024-03-15,1034
2603,長榮,41,23,18,土銀-嘉義,2024-03-15,1034
00878,國泰永續高股息,20,5,15,土銀-嘉義,2024-03-15,1034
2891,中信金,15,1,14,土銀-嘉義,2024-03-15,1034
2611,志信,15,2,13,土銀-嘉義,2024-03-15,1034
2002,中鋼,16,4,12,土銀-嘉義,2024-03-15,1034
00712,復華富時不動產,12,0,12,土銀-嘉義,2024-03-15,1034
2201,裕隆,12,0,12,土銀-嘉義,2024-03-15,1034
00891,中信關鍵半導體,10,0,10,土銀-嘉義,2024-03-15,1034
1711,永光,10,0,10,土銀-嘉義,2024-03-15,1034
4167,松瑞藥,10,0,10,土銀-嘉義,2024-03-15,1034
2303,聯電,16,7,9,土銀-嘉義,2024-03-15,1034
2885,元大金,11,2,9,土銀-嘉義,2024-03-15,1034
3050,鈺德,18,9,9,土銀-嘉義,2024-03-15,1034
6005,群益證,12,3,9,土銀-嘉義,2024-03-15,1034
00900,富邦特選高股息30,8,0,8,土銀-嘉義,2024-03-15,1034
2323,中環,8,0,8,土銀-嘉義,2024-03-15,1034
2610,華航,8,0,8,土銀-嘉義,2024-03-15,1034
2404,漢唐,7,0,7,土銀-嘉義,2024-03-15,1034
2615,萬海,17,10,7,土銀-嘉義,2024-03-15,1034
2888,新光金,6,0,6,土銀-嘉義,2024-03-15,1034
6616,特昇-KY,6,0,6,土銀-嘉義,2024-03-15,1034
2330,台積電,6,1,5,土銀-嘉義,2024-03-15,1034
1709,和益,5,0,5,土銀-嘉義,2024-03-15,1034
1734,杏輝,5,0,5,土銀-嘉義,2024-03-15,1034
2104,國際中橡,5,0,5,土銀-嘉義,2024-03-15,1034
2903,遠百,6,1,5,土銀-嘉義,2024-03-15,1034
3484,崧騰,5,0,5,土銀-嘉義,2024-03-15,1034
3715,定穎投控,5,0,5,土銀-嘉義,2024-03-15,1034
5521,工信,5,0,5,土銀-嘉義,2024-03-15,1034
6163,華電網,5,0,5,土銀-嘉義,2024-03-15,1034
6207,雷科,5,0,5,土銀-嘉義,2024-03-15,1034
00680L,元大美債20正2,4,0,4,土銀-嘉義,2024-03-15,1034
2301,光寶科,5,1,4,土銀-嘉義,2024-03-15,1034
2883,凱基金,305,36,269,土銀-嘉義,2024-03-18,1034
2897,王道銀行,70,0,70,土銀-嘉義,2024-03-18,1034
00680L,元大美債20正2,36,0,36,土銀-嘉義,2024-03-18,1034
00941,中信上游半導體,33,1,32,土銀-嘉義,2024-03-18,1034
2610,華航,30,0,30,土銀-嘉義,2024-03-18,1034
00919,群益台灣精選高息,64,34,30,土銀-嘉義,2024-03-18,1034
2801,彰銀,30,3,27,土銀-嘉義,2024-03-18,1034
00933B,國泰10Y+金融債,31,10,21,土銀-嘉義,2024-03-18,1034
8092,建暐,20,0,20,土銀-嘉義,2024-03-18,1034
2881,富邦金,15,1,14,土銀-嘉義,2024-03-18,1034
2888,新光金,30,16,14,土銀-嘉義,2024-03-18,1034
2002,中鋼,16,2,14,土銀-嘉義,2024-03-18,1034
6217,中探針,16,3,13,土銀-嘉義,2024-03-18,1034
2603,長榮,14,2,12,土銀-嘉義,2024-03-18,1034
00937B,群益ESG投等債20,11,0,11,土銀-嘉義,2024-03-18,1034
00751B,元大AAA至A公司債,11,0,11,土銀-嘉義,2024-03-18,1034
00927,群益半導體收益,10,0,10,土銀-嘉義,2024-03-18,1034
2426,鼎元,10,0,10,土銀-嘉義,2024-03-18,1034
2882,國泰金,15,5,10,土銀-嘉義,2024-03-18,1034
3050,鈺德,10,0,10,土銀-嘉義,2024-03-18,1034
3059,華晶科,10,0,10,土銀-嘉義,2024-03-18,1034
2409,友達,11,2,9,土銀-嘉義,2024-03-18,1034
1514,亞力,17,8,9,土銀-嘉義,2024-03-18,1034
1513,中興電,24,16,8,土銀-嘉義,2024-03-18,1034
1709,和益,12,4,8,土銀-嘉義,2024-03-18,1034
3715,定穎投控,12,4,8,土銀-嘉義,2024-03-18,1034
6505,台塑化,8,0,8,土銀-嘉義,2024-03-18,1034
2885,元大金,10,3,7,土銀-嘉義,2024-03-18,1034
00893,國泰智能電動車,7,0,7,土銀-嘉義,2024-03-18,1034
2376,技嘉,7,1,6,土銀-嘉義,2024-03-18,1034
00915,凱基優選高股息30,12,6,6,土銀-嘉義,2024-03-18,1034
2303,聯電,8,2,6,土銀-嘉義,2024-03-18,1034
2889,國票金,6,0,6,土銀-嘉義,2024-03-18,1034
4979,華星光,6,0,6,土銀-嘉義,2024-03-18,1034
6164,華興,6,0,6,土銀-嘉義,2024-03-18,1034
00687B,國泰20年美債,5,0,5,土銀-嘉義,2024-03-18,1034
2330,台積電,5,0,5,土銀-嘉義,2024-03-18,1034
1504,東元,7,2,5,土銀-嘉義,2024-03-18,1034
1616,億泰,5,0,5,土銀-嘉義,2024-03-18,1034
2609,陽明,17,12,5,土銀-嘉義,2024-03-18,1034
3090,日電貿,5,0,5,土銀-嘉義,2024-03-18,1034
3702,大聯大,5,0,5,土銀-嘉義,2024-03-18,1034
3704,合勤控,5,0,5,土銀-嘉義,2024-03-18,1034
9907,統一實,5,0,5,土銀-嘉義,2024-03-18,1034
4167,松瑞藥,5,0,5,土銀-嘉義,2024-03-18,1034
0056,元大高股息,4,0,4,土銀-嘉義,2024-03-18,1034
1734,杏輝,4,0,4,土銀-嘉義,2024-03-18,1034
2324,仁寶,4,0,4,土銀-嘉義,2024-03-18,1034
2601,益航,4,0,4,土銀-嘉義,2024-03-18,1034
3312,弘憶股,5,1,4,土銀-嘉義,2024-03-18,1034
2883,凱基金,155,5,150,土銀-嘉義,2024-03-19,1034
2888,新光金,120,0,120,土銀-嘉義,2024-03-19,1034
00773B,中信優先金融債,60,0,60,土銀-嘉義,2024-03-19,1034
3481,群創,67,12,55,土銀-嘉義,2024-03-19,1034
2371,大同,51,2,49,土銀-嘉義,2024-03-19,1034
00919,群益台灣精選高息,43,18,25,土銀-嘉義,2024-03-19,1034
00665L,富邦�琤肭磪囓�2,20,0,20,土銀-嘉義,2024-03-19,1034
2313,華通,20,1,19,土銀-嘉義,2024-03-19,1034
2201,裕隆,13,0,13,土銀-嘉義,2024-03-19,1034
8341,日友,16,3,13,土銀-嘉義,2024-03-19,1034
2317,鴻海,32,20,12,土銀-嘉義,2024-03-19,1034
2905,三商,10,0,10,土銀-嘉義,2024-03-19,1034
3038,全台,10,0,10,土銀-嘉義,2024-03-19,1034
3050,鈺德,10,0,10,土銀-嘉義,2024-03-19,1034
3062,建漢,10,0,10,土銀-嘉義,2024-03-19,1034
3703,欣陸,10,0,10,土銀-嘉義,2024-03-19,1034
4960,誠美材,10,0,10,土銀-嘉義,2024-03-19,1034
9907,統一實,10,0,10,土銀-嘉義,2024-03-19,1034
1101,台泥,9,0,9,土銀-嘉義,2024-03-19,1034
2887,台新金,9,0,9,土銀-嘉義,2024-03-19,1034
2376,技嘉,13,5,8,土銀-嘉義,2024-03-19,1034
1513,中興電,18,10,8,土銀-嘉義,2024-03-19,1034
2002,中鋼,6,0,6,土銀-嘉義,2024-03-19,1034
2881,富邦金,11,5,6,土銀-嘉義,2024-03-19,1034
5234,達興材料,7,1,6,土銀-嘉義,2024-03-19,1034
6269,台郡,6,0,6,土銀-嘉義,2024-03-19,1034
1605,華新,11,6,5,土銀-嘉義,2024-03-19,1034
1709,和益,6,1,5,土銀-嘉義,2024-03-19,1034
2353,宏��,8,3,5,土銀-嘉義,2024-03-19,1034
2405,輔信,5,0,5,土銀-嘉義,2024-03-19,1034
2618,長榮航,9,4,5,土銀-嘉義,2024-03-19,1034
5211,蒙恬,5,0,5,土銀-嘉義,2024-03-19,1034
6505,台塑化,5,0,5,土銀-嘉義,2024-03-19,1034
6788,華景電,5,0,5,土銀-嘉義,2024-03-19,1034
8438,昶昕,5,0,5,土銀-嘉義,2024-03-19,1034
00687B,國泰20年美債,4,0,4,土銀-嘉義,2024-03-19,1034
0056,元大高股息,4,0,4,土銀-嘉義,2024-03-19,1034
00918,大華優利高填息30,4,0,4,土銀-嘉義,2024-03-19,1034
1773,勝一,4,0,4,土銀-嘉義,2024-03-19,1034
2356,英業達,12,8,4,土銀-嘉義,2024-03-19,1034
2369,菱生,4,0,4,土銀-嘉義,2024-03-19,1034
2609,陽明,12,8,4,土銀-嘉義,2024-03-19,1034
6414,樺漢,5,1,4,土銀-嘉義,2024-03-19,1034
9933,中鼎,5,1,4,土銀-嘉義,2024-03-19,1034
00893,國泰智能電動車,3,0,3,土銀-嘉義,2024-03-19,1034
00882,中信中國高股息,3,0,3,土銀-嘉義,2024-03-19,1034
1503,士電,5,2,3,土銀-嘉義,2024-03-19,1034
1722,台肥,3,0,3,土銀-嘉義,2024-03-19,1034
2301,光寶科,8,5,3,土銀-嘉義,2024-03-19,1034
2408,南亞科,4,1,3,土銀-嘉義,2024-03-19,1034
00939,統一台灣高息動能,528,33,495,土銀-嘉義,2024-03-20,1034
2897,王道銀行,150,0,150,土銀-嘉義,2024-03-20,1034
00919,群益台灣精選高息,163,43,120,土銀-嘉義,2024-03-20,1034
1504,東元,40,9,31,土銀-嘉義,2024-03-20,1034
4127,天良,28,0,28,土銀-嘉義,2024-03-20,1034
2834,臺企銀,26,0,26,土銀-嘉義,2024-03-20,1034
00929,復華台灣科技優息,60,35,25,土銀-嘉義,2024-03-20,1034
2344,華邦電,24,0,24,土銀-嘉義,2024-03-20,1034
2609,陽明,38,14,24,土銀-嘉義,2024-03-20,1034
1101,台泥,22,0,22,土銀-嘉義,2024-03-20,1034
00922,國泰台灣領袖50,20,0,20,土銀-嘉義,2024-03-20,1034
1605,華新,20,0,20,土銀-嘉義,2024-03-20,1034
5531,鄉林,20,0,20,土銀-嘉義,2024-03-20,1034
00937B,群益ESG投等債20,16,0,16,土銀-嘉義,2024-03-20,1034
2867,三商壽,15,0,15,土銀-嘉義,2024-03-20,1034
00941,中信上游半導體,20,6,14,土銀-嘉義,2024-03-20,1034
3094,聯傑,13,0,13,土銀-嘉義,2024-03-20,1034
00891,中信關鍵半導體,13,1,12,土銀-嘉義,2024-03-20,1034
2356,英業達,28,16,12,土銀-嘉義,2024-03-20,1034
1303,南亞,10,0,10,土銀-嘉義,2024-03-20,1034
1326,台化,10,0,10,土銀-嘉義,2024-03-20,1034
00720B,元大投資級公司債,10,0,10,土銀-嘉義,2024-03-20,1034
2303,聯電,37,27,10,土銀-嘉義,2024-03-20,1034
2312,金寶,11,1,10,土銀-嘉義,2024-03-20,1034
2409,友達,10,0,10,土銀-嘉義,2024-03-20,1034
2880,華南金,10,0,10,土銀-嘉義,2024-03-20,1034
00930,永豐ESG低碳高息,8,0,8,土銀-嘉義,2024-03-20,1034
2354,鴻準,14,6,8,土銀-嘉義,2024-03-20,1034
2393,億光,8,0,8,土銀-嘉義,2024-03-20,1034
2618,長榮航,10,2,8,土銀-嘉義,2024-03-20,1034
3231,緯創,18,11,7,土銀-嘉義,2024-03-20,1034
1307,三芳,7,0,7,土銀-嘉義,2024-03-20,1034
3305,昇貿,7,0,7,土銀-嘉義,2024-03-20,1034
3508,位速,7,0,7,土銀-嘉義,2024-03-20,1034
1218,泰山,6,0,6,土銀-嘉義,2024-03-20,1034
00918,大華優利高填息30,8,2,6,土銀-嘉義,2024-03-20,1034
2020,美亞,6,0,6,土銀-嘉義,2024-03-20,1034
2241,艾姆勒,6,0,6,土銀-嘉義,2024-03-20,1034
2323,中環,17,11,6,土銀-嘉義,2024-03-20,1034
2882,國泰金,10,4,6,土銀-嘉義,2024-03-20,1034
3702,大聯大,7,1,6,土銀-嘉義,2024-03-20,1034
6005,群益證,6,0,6,土銀-嘉義,2024-03-20,1034
8234,新漢,6,0,6,土銀-嘉義,2024-03-20,1034
00830,國泰費城半導體,5,0,5,土銀-嘉義,2024-03-20,1034
2002,中鋼,6,1,5,土銀-嘉義,2024-03-20,1034
2425,承啟,5,0,5,土銀-嘉義,2024-03-20,1034
2489,瑞軒,5,0,5,土銀-嘉義,2024-03-20,1034
2547,日勝生,5,0,5,土銀-嘉義,2024-03-20,1034
2809,京城銀,5,0,5,土銀-嘉義,2024-03-20,1034
3059,華晶科,17,12,5,土銀-嘉義,2024-03-20,1034
2897,王道銀行,350,0,350,土銀-嘉義,2024-03-21,1034
00939,統一台灣高息動能,294,34,260,土銀-嘉義,2024-03-21,1034
00632R,元大台灣50反1,140,0,140,土銀-嘉義,2024-03-21,1034
00637L,元大滬深300正2,86,2,84,土銀-嘉義,2024-03-21,1034
2883,凱基金,50,1,49,土銀-嘉義,2024-03-21,1034
00929,復華台灣科技優息,51,8,43,土銀-嘉義,2024-03-21,1034
00679B,元大美債20年,41,0,41,土銀-嘉義,2024-03-21,1034
00941,中信上游半導體,37,0,37,土銀-嘉義,2024-03-21,1034
00937B,群益ESG投等債20,32,0,32,土銀-嘉義,2024-03-21,1034
00919,群益台灣精選高息,94,64,30,土銀-嘉義,2024-03-21,1034
2241,艾姆勒,30,0,30,土銀-嘉義,2024-03-21,1034
5531,鄉林,27,0,27,土銀-嘉義,2024-03-21,1034
2354,鴻準,32,6,26,土銀-嘉義,2024-03-21,1034
6485,點序,31,5,26,土銀-嘉義,2024-03-21,1034
3045,台灣大,25,0,25,土銀-嘉義,2024-03-21,1034
2438,翔耀,22,0,22,土銀-嘉義,2024-03-21,1034
00687B,國泰20年美債,21,0,21,土銀-嘉義,2024-03-21,1034
00633L,富邦上証正2,20,0,20,土銀-嘉義,2024-03-21,1034
2609,陽明,123,105,18,土銀-嘉義,2024-03-21,1034
6443,元晶,30,12,18,土銀-嘉義,2024-03-21,1034
1734,杏輝,16,0,16,土銀-嘉義,2024-03-21,1034
2367,燿華,22,6,16,土銀-嘉義,2024-03-21,1034
3706,神達,56,42,14,土銀-嘉義,2024-03-21,1034
00885,富邦越南,12,0,12,土銀-嘉義,2024-03-21,1034
5388,中磊,14,2,12,土銀-嘉義,2024-03-21,1034
6209,今國光,10,0,10,土銀-嘉義,2024-03-21,1034
6005,群益證,11,2,9,土銀-嘉義,2024-03-21,1034
6015,宏遠證,10,1,9,土銀-嘉義,2024-03-21,1034
6026,福邦證,10,1,9,土銀-嘉義,2024-03-21,1034
1314,中石化,10,2,8,土銀-嘉義,2024-03-21,1034
00878,國泰永續高股息,10,3,7,土銀-嘉義,2024-03-21,1034
6257,矽格,12,5,7,土銀-嘉義,2024-03-21,1034
2603,長榮,11,5,6,土銀-嘉義,2024-03-21,1034
1316,上曜,7,1,6,土銀-嘉義,2024-03-21,1034
2353,宏��,10,4,6,土銀-嘉義,2024-03-21,1034
3059,華晶科,6,0,6,土銀-嘉義,2024-03-21,1034
4566,時碩工業,6,0,6,土銀-嘉義,2024-03-21,1034
6219,富旺,6,0,6,土銀-嘉義,2024-03-21,1034
6285,啟��,8,2,6,土銀-嘉義,2024-03-21,1034
1307,三芳,5,0,5,土銀-嘉義,2024-03-21,1034
00830,國泰費城半導體,5,0,5,土銀-嘉義,2024-03-21,1034
1604,聲寶,5,0,5,土銀-嘉義,2024-03-21,1034
2208,台船,5,0,5,土銀-嘉義,2024-03-21,1034
2303,聯電,21,16,5,土銀-嘉義,2024-03-21,1034
2362,藍天,5,0,5,土銀-嘉義,2024-03-21,1034
2405,輔信,5,0,5,土銀-嘉義,2024-03-21,1034
3037,欣興,9,4,5,土銀-嘉義,2024-03-21,1034
4967,十銓,6,1,5,土銀-嘉義,2024-03-21,1034
2615,萬海,5,1,4,土銀-嘉義,2024-03-21,1034
2855,統一證,5,1,4,土銀-嘉義,2024-03-21,1034
00939,統一台灣高息動能,207,34,173,土銀-嘉義,2024-03-22,1034
00941,中信上游半導體,69,7,62,土銀-嘉義,2024-03-22,1034
2883,凱基金,50,2,48,土銀-嘉義,2024-03-22,1034
00679B,元大美債20年,47,0,47,土銀-嘉義,2024-03-22,1034
00929,復華台灣科技優息,63,20,43,土銀-嘉義,2024-03-22,1034
2609,陽明,44,12,32,土銀-嘉義,2024-03-22,1034
1714,和桐,30,0,30,土銀-嘉義,2024-03-22,1034
2888,新光金,30,0,30,土銀-嘉義,2024-03-22,1034
1605,華新,23,2,21,土銀-嘉義,2024-03-22,1034
00665L,富邦�琤肭磪囓�2,20,0,20,土銀-嘉義,2024-03-22,1034
2337,旺宏,18,0,18,土銀-嘉義,2024-03-22,1034
1570,力肯,26,10,16,土銀-嘉義,2024-03-22,1034
8110,華東,15,0,15,土銀-嘉義,2024-03-22,1034
6257,矽格,14,0,14,土銀-嘉義,2024-03-22,1034
2317,鴻海,36,23,13,土銀-嘉義,2024-03-22,1034
00919,群益台灣精選高息,125,112,13,土銀-嘉義,2024-03-22,1034
2881,富邦金,13,0,13,土銀-嘉義,2024-03-22,1034
1316,上曜,18,7,11,土銀-嘉義,2024-03-22,1034
5469,瀚宇博,12,1,11,土銀-嘉義,2024-03-22,1034
2031,新光鋼,10,0,10,土銀-嘉義,2024-03-22,1034
2324,仁寶,15,5,10,土銀-嘉義,2024-03-22,1034
2352,佳世達,10,0,10,土銀-嘉義,2024-03-22,1034
2353,宏��,26,16,10,土銀-嘉義,2024-03-22,1034
2412,中華電,10,0,10,土銀-嘉義,2024-03-22,1034
3202,樺晟,10,0,10,土銀-嘉義,2024-03-22,1034
3338,泰碩,10,0,10,土銀-嘉義,2024-03-22,1034
4934,太極,10,0,10,土銀-嘉義,2024-03-22,1034
6127,九豪,10,0,10,土銀-嘉義,2024-03-22,1034
6443,元晶,17,7,10,土銀-嘉義,2024-03-22,1034
00893,國泰智能電動車,9,0,9,土銀-嘉義,2024-03-22,1034
00918,大華優利高填息30,17,8,9,土銀-嘉義,2024-03-22,1034
4127,天良,9,0,9,土銀-嘉義,2024-03-22,1034
1216,統一,9,1,8,土銀-嘉義,2024-03-22,1034
5531,鄉林,8,0,8,土銀-嘉義,2024-03-22,1034
8038,長園科,8,0,8,土銀-嘉義,2024-03-22,1034
1503,士電,14,7,7,土銀-嘉義,2024-03-22,1034
2409,友達,9,2,7,土銀-嘉義,2024-03-22,1034
8473,山林水,11,4,7,土銀-嘉義,2024-03-22,1034
00885,富邦越南,6,0,6,土銀-嘉義,2024-03-22,1034
2313,華通,6,0,6,土銀-嘉義,2024-03-22,1034
2762,世界健身-KY,6,0,6,土銀-嘉義,2024-03-22,1034
2834,臺企銀,8,2,6,土銀-嘉義,2024-03-22,1034
2884,玉山金,20,14,6,土銀-嘉義,2024-03-22,1034
2376,技嘉,7,2,5,土銀-嘉義,2024-03-22,1034
1219,福壽,5,0,5,土銀-嘉義,2024-03-22,1034
2323,中環,5,0,5,土銀-嘉義,2024-03-22,1034
3081,聯亞,5,0,5,土銀-嘉義,2024-03-22,1034
3260,威剛,7,2,5,土銀-嘉義,2024-03-22,1034
3708,上緯投控,12,7,5,土銀-嘉義,2024-03-22,1034
5309,系統電,5,0,5,土銀-嘉義,2024-03-22,1034
00637L,元大滬深300正2,405,2,403,土銀-嘉義,2024-03-25,1034
2883,凱基金,100,7,93,土銀-嘉義,2024-03-25,1034
2356,英業達,111,48,63,土銀-嘉義,2024-03-25,1034
00679B,元大美債20年,35,4,31,土銀-嘉義,2024-03-25,1034
2303,聯電,66,38,28,土銀-嘉義,2024-03-25,1034
00937B,群益ESG投等債20,27,0,27,土銀-嘉義,2024-03-25,1034
2504,國產,29,2,27,土銀-嘉義,2024-03-25,1034
00941,中信上游半導體,38,12,26,土銀-嘉義,2024-03-25,1034
1608,華榮,28,3,25,土銀-嘉義,2024-03-25,1034
4127,天良,29,5,24,土銀-嘉義,2024-03-25,1034
00878,國泰永續高股息,29,6,23,土銀-嘉義,2024-03-25,1034
2881,富邦金,17,0,17,土銀-嘉義,2024-03-25,1034
1609,大亞,44,28,16,土銀-嘉義,2024-03-25,1034
2376,技嘉,16,2,14,土銀-嘉義,2024-03-25,1034
2630,亞航,12,0,12,土銀-嘉義,2024-03-25,1034
6282,康舒,12,1,11,土銀-嘉義,2024-03-25,1034
2353,宏��,23,13,10,土銀-嘉義,2024-03-25,1034
2836,高雄銀,15,5,10,土銀-嘉義,2024-03-25,1034
6733,博晟生醫,10,0,10,土銀-嘉義,2024-03-25,1034
8401,白紗科,10,0,10,土銀-嘉義,2024-03-25,1034
2884,玉山金,12,2,10,土銀-嘉義,2024-03-25,1034
4906,正文,12,3,9,土銀-嘉義,2024-03-25,1034
00882,中信中國高股息,7,0,7,土銀-嘉義,2024-03-25,1034
3481,群創,13,6,7,土銀-嘉義,2024-03-25,1034
2020,美亞,6,0,6,土銀-嘉義,2024-03-25,1034
2377,微星,6,0,6,土銀-嘉義,2024-03-25,1034
2645,長榮航太,6,0,6,土銀-嘉義,2024-03-25,1034
2731,雄獅,6,0,6,土銀-嘉義,2024-03-25,1034
3033,威健,6,0,6,土銀-嘉義,2024-03-25,1034
6173,信昌電,6,0,6,土銀-嘉義,2024-03-25,1034
6753,龍德造船,7,1,6,土銀-嘉義,2024-03-25,1034
4909,新復興,5,0,5,土銀-嘉義,2024-03-25,1034
3231,緯創,15,10,5,土銀-嘉義,2024-03-25,1034
1616,億泰,6,1,5,土銀-嘉義,2024-03-25,1034
2314,台揚,5,0,5,土銀-嘉義,2024-03-25,1034
2431,聯昌,5,0,5,土銀-嘉義,2024-03-25,1034
2438,翔耀,5,0,5,土銀-嘉義,2024-03-25,1034
4766,南寶,5,0,5,土銀-嘉義,2024-03-25,1034
9945,潤泰新,5,0,5,土銀-嘉義,2024-03-25,1034
1582,信錦,4,0,4,土銀-嘉義,2024-03-25,1034
00857B,永豐20年美公債,4,0,4,土銀-嘉義,2024-03-25,1034
1101,台泥,5,1,4,土銀-嘉義,2024-03-25,1034
2393,億光,5,1,4,土銀-嘉義,2024-03-25,1034
2461,光群雷,4,0,4,土銀-嘉義,2024-03-25,1034
3005,神基,9,5,4,土銀-嘉義,2024-03-25,1034
3312,弘憶股,4,0,4,土銀-嘉義,2024-03-25,1034
2301,光寶科,8,5,3,土銀-嘉義,2024-03-25,1034
1216,統一,4,1,3,土銀-嘉義,2024-03-25,1034
2317,鴻海,12,9,3,土銀-嘉義,2024-03-25,1034
2449,京元電子,4,1,3,土銀-嘉義,2024-03-25,1034
2897,王道銀行,200,0,200,土銀-嘉義,2024-03-26,1034
00939,統一台灣高息動能,139,4,135,土銀-嘉義,2024-03-26,1034
1513,中興電,139,24,115,土銀-嘉義,2024-03-26,1034
2883,凱基金,255,152,103,土銀-嘉義,2024-03-26,1034
6770,力積電,97,0,97,土銀-嘉義,2024-03-26,1034
00891,中信關鍵半導體,68,0,68,土銀-嘉義,2024-03-26,1034
2609,陽明,59,0,59,土銀-嘉義,2024-03-26,1034
2889,國票金,52,0,52,土銀-嘉義,2024-03-26,1034
4979,華星光,58,11,47,土銀-嘉義,2024-03-26,1034
2303,聯電,60,18,42,土銀-嘉義,2024-03-26,1034
00632R,元大台灣50反1,62,25,37,土銀-嘉義,2024-03-26,1034
3231,緯創,38,9,29,土銀-嘉義,2024-03-26,1034
00679B,元大美債20年,33,5,28,土銀-嘉義,2024-03-26,1034
1618,合機,36,13,23,土銀-嘉義,2024-03-26,1034
00937B,群益ESG投等債20,24,2,22,土銀-嘉義,2024-03-26,1034
1608,華榮,56,34,22,土銀-嘉義,2024-03-26,1034
00637L,元大滬深300正2,33,12,21,土銀-嘉義,2024-03-26,1034
2882,國泰金,20,0,20,土銀-嘉義,2024-03-26,1034
5531,鄉林,20,0,20,土銀-嘉義,2024-03-26,1034
2834,臺企銀,20,2,18,土銀-嘉義,2024-03-26,1034
2344,華邦電,38,22,16,土銀-嘉義,2024-03-26,1034
3006,晶豪科,16,1,15,土銀-嘉義,2024-03-26,1034
4533,協易機,13,0,13,土銀-嘉義,2024-03-26,1034
2354,鴻準,18,6,12,土銀-嘉義,2024-03-26,1034
2537,聯上發,12,0,12,土銀-嘉義,2024-03-26,1034
2337,旺宏,11,0,11,土銀-嘉義,2024-03-26,1034
3062,建漢,11,0,11,土銀-嘉義,2024-03-26,1034
2376,技嘉,13,3,10,土銀-嘉義,2024-03-26,1034
1528,恩德,10,0,10,土銀-嘉義,2024-03-26,1034
2002,中鋼,10,0,10,土銀-嘉義,2024-03-26,1034
2313,華通,10,0,10,土銀-嘉義,2024-03-26,1034
2855,統一證,10,0,10,土銀-嘉義,2024-03-26,1034
2515,中工,10,1,9,土銀-嘉義,2024-03-26,1034
2388,威盛,11,3,8,土銀-嘉義,2024-03-26,1034
6285,啟��,10,3,7,土銀-嘉義,2024-03-26,1034
1720,生達,6,0,6,土銀-嘉義,2024-03-26,1034
2014,中鴻,10,4,6,土銀-嘉義,2024-03-26,1034
2020,美亞,6,0,6,土銀-嘉義,2024-03-26,1034
2241,艾姆勒,6,0,6,土銀-嘉義,2024-03-26,1034
2367,燿華,6,0,6,土銀-嘉義,2024-03-26,1034
3484,崧騰,6,0,6,土銀-嘉義,2024-03-26,1034
4173,久裕,6,0,6,土銀-嘉義,2024-03-26,1034
6215,和椿,6,0,6,土銀-嘉義,2024-03-26,1034
6282,康舒,6,0,6,土銀-嘉義,2024-03-26,1034
8038,長園科,6,0,6,土銀-嘉義,2024-03-26,1034
1905,華紙,5,0,5,土銀-嘉義,2024-03-26,1034
2611,志信,5,0,5,土銀-嘉義,2024-03-26,1034
2867,三商壽,5,0,5,土銀-嘉義,2024-03-26,1034
3017,奇鋐,6,1,5,土銀-嘉義,2024-03-26,1034
4540,全球傳動,5,0,5,土銀-嘉義,2024-03-26,1034
2897,王道銀行,250,0,250,土銀-嘉義,2024-03-27,1034
00933B,國泰10Y+金融債,59,0,59,土銀-嘉義,2024-03-27,1034
2371,大同,68,23,45,土銀-嘉義,2024-03-27,1034
00918,大華優利高填息30,44,1,43,土銀-嘉義,2024-03-27,1034
00679B,元大美債20年,43,0,43,土銀-嘉義,2024-03-27,1034
2883B,凱基金乙特,30,0,30,土銀-嘉義,2024-03-27,1034
2408,南亞科,25,1,24,土銀-嘉義,2024-03-27,1034
2801,彰銀,20,0,20,土銀-嘉義,2024-03-27,1034
1504,東元,15,3,12,土銀-嘉義,2024-03-27,1034
2609,陽明,15,3,12,土銀-嘉義,2024-03-27,1034
2888,新光金,12,0,12,土銀-嘉義,2024-03-27,1034
2344,華邦電,11,0,11,土銀-嘉義,2024-03-27,1034
6770,力積電,10,0,10,土銀-嘉義,2024-03-27,1034
2303,聯電,11,1,10,土銀-嘉義,2024-03-27,1034
00637L,元大滬深300正2,14,4,10,土銀-嘉義,2024-03-27,1034
2023,燁輝,10,0,10,土銀-嘉義,2024-03-27,1034
2481,強茂,10,0,10,土銀-嘉義,2024-03-27,1034
2489,瑞軒,10,0,10,土銀-嘉義,2024-03-27,1034
3339,泰谷,10,0,10,土銀-嘉義,2024-03-27,1034
5531,鄉林,10,0,10,土銀-嘉義,2024-03-27,1034
6547,高端疫苗,10,0,10,土銀-嘉義,2024-03-27,1034
8076,伍豐,10,0,10,土銀-嘉義,2024-03-27,1034
1616,億泰,11,2,9,土銀-嘉義,2024-03-27,1034
00941,中信上游半導體,8,0,8,土銀-嘉義,2024-03-27,1034
2301,光寶科,8,0,8,土銀-嘉義,2024-03-27,1034
2634,漢翔,11,3,8,土銀-嘉義,2024-03-27,1034
3264,欣銓,8,0,8,土銀-嘉義,2024-03-27,1034
3105,穩懋,7,0,7,土銀-嘉義,2024-03-27,1034
2367,燿華,12,6,6,土銀-嘉義,2024-03-27,1034
4127,天良,10,4,6,土銀-嘉義,2024-03-27,1034
3231,緯創,34,29,5,土銀-嘉義,2024-03-27,1034
1514,亞力,8,3,5,土銀-嘉義,2024-03-27,1034
1438,三地開發,5,0,5,土銀-嘉義,2024-03-27,1034
00882,中信中國高股息,5,0,5,土銀-嘉義,2024-03-27,1034
00715L,期街口布蘭特正2,5,0,5,土銀-嘉義,2024-03-27,1034
1529,樂事綠能,5,0,5,土銀-嘉義,2024-03-27,1034
1707,葡萄王,5,0,5,土銀-嘉義,2024-03-27,1034
2406,國碩,5,0,5,土銀-嘉義,2024-03-27,1034
2467,志聖,5,0,5,土銀-嘉義,2024-03-27,1034
2890,永豐金,5,0,5,土銀-嘉義,2024-03-27,1034
3545,敦泰,5,0,5,土銀-嘉義,2024-03-27,1034
4157,太景*-KY,5,0,5,土銀-嘉義,2024-03-27,1034
4747,強生,5,0,5,土銀-嘉義,2024-03-27,1034
6591,動力-KY,5,0,5,土銀-嘉義,2024-03-27,1034
8438,昶昕,5,0,5,土銀-嘉義,2024-03-27,1034
00937B,群益ESG投等債20,5,1,4,土銀-嘉義,2024-03-27,1034
2892,第一金,4,0,4,土銀-嘉義,2024-03-27,1034
3015,全漢,4,0,4,土銀-嘉義,2024-03-27,1034
3019,亞光,4,0,4,土銀-嘉義,2024-03-27,1034
3413,京鼎,4,0,4,土銀-嘉義,2024-03-27,1034
00885,富邦越南,409,5,404,土銀-嘉義,2024-03-28,1034
00919,群益台灣精選高息,136,11,125,土銀-嘉義,2024-03-28,1034
00929,復華台灣科技優息,76,8,68,土銀-嘉義,2024-03-28,1034
00909,國泰數位支付服務,62,0,62,土銀-嘉義,2024-03-28,1034
2883,凱基金,56,22,34,土銀-嘉義,2024-03-28,1034
00679B,元大美債20年,33,0,33,土銀-嘉義,2024-03-28,1034
00939,統一台灣高息動能,36,3,33,土銀-嘉義,2024-03-28,1034
2888,新光金,31,5,26,土銀-嘉義,2024-03-28,1034
1231,聯華食,26,0,26,土銀-嘉義,2024-03-28,1034
6443,元晶,33,11,22,土銀-嘉義,2024-03-28,1034
2241,艾姆勒,21,0,21,土銀-嘉義,2024-03-28,1034
00891,中信關鍵半導體,20,0,20,土銀-嘉義,2024-03-28,1034
00882,中信中國高股息,19,0,19,土銀-嘉義,2024-03-28,1034
2408,南亞科,21,2,19,土銀-嘉義,2024-03-28,1034
2354,鴻準,39,21,18,土銀-嘉義,2024-03-28,1034
2609,陽明,20,3,17,土銀-嘉義,2024-03-28,1034
2344,華邦電,16,0,16,土銀-嘉義,2024-03-28,1034
2365,昆盈,16,0,16,土銀-嘉義,2024-03-28,1034
2515,中工,15,1,14,土銀-嘉義,2024-03-28,1034
2881,富邦金,14,0,14,土銀-嘉義,2024-03-28,1034
5309,系統電,14,1,13,土銀-嘉義,2024-03-28,1034
1604,聲寶,12,0,12,土銀-嘉義,2024-03-28,1034
4142,國光生,11,0,11,土銀-嘉義,2024-03-28,1034
8064,東捷,11,0,11,土銀-嘉義,2024-03-28,1034
00931B,統一美債20年,10,0,10,土銀-嘉義,2024-03-28,1034
1591,駿吉-KY,10,0,10,土銀-嘉義,2024-03-28,1034
2388,威盛,10,0,10,土銀-嘉義,2024-03-28,1034
2615,萬海,11,1,10,土銀-嘉義,2024-03-28,1034
2845,遠東銀,10,0,10,土銀-嘉義,2024-03-28,1034
5452,佶優,10,0,10,土銀-嘉義,2024-03-28,1034
00941,中信上游半導體,10,1,9,土銀-嘉義,2024-03-28,1034
2425,承啟,10,1,9,土銀-嘉義,2024-03-28,1034
2834,臺企銀,9,0,9,土銀-嘉義,2024-03-28,1034
2897,王道銀行,9,0,9,土銀-嘉義,2024-03-28,1034
6664,群翊,9,0,9,土銀-嘉義,2024-03-28,1034
1603,華電,10,2,8,土銀-嘉義,2024-03-28,1034
2367,燿華,11,3,8,土銀-嘉義,2024-03-28,1034
3005,神基,9,1,8,土銀-嘉義,2024-03-28,1034
6173,信昌電,8,0,8,土銀-嘉義,2024-03-28,1034
6546,正基,6,0,6,土銀-嘉義,2024-03-28,1034
1503,士電,7,1,6,土銀-嘉義,2024-03-28,1034
2376,技嘉,8,3,5,土銀-嘉義,2024-03-28,1034
1455,集盛,5,0,5,土銀-嘉義,2024-03-28,1034
1314,中石化,5,0,5,土銀-嘉義,2024-03-28,1034
1303,南亞,5,0,5,土銀-嘉義,2024-03-28,1034
00633L,富邦上証正2,5,0,5,土銀-嘉義,2024-03-28,1034
1815,富喬,5,0,5,土銀-嘉義,2024-03-28,1034
2838,聯邦銀,5,0,5,土銀-嘉義,2024-03-28,1034
3062,建漢,9,4,5,土銀-嘉義,2024-03-28,1034
8201,無敵,5,0,5,土銀-嘉義,2024-03-28,1034
2897,王道銀行,350,9,341,土銀-嘉義,2024-03-29,1034
00885,富邦越南,52,0,52,土銀-嘉義,2024-03-29,1034
2880,華南金,50,0,50,土銀-嘉義,2024-03-29,1034
00915,凱基優選高股息30,43,0,43,土銀-嘉義,2024-03-29,1034
4303,信立,32,0,32,土銀-嘉義,2024-03-29,1034
00937B,群益ESG投等債20,24,0,24,土銀-嘉義,2024-03-29,1034
00941,中信上游半導體,30,6,24,土銀-嘉義,2024-03-29,1034
2365,昆盈,20,0,20,土銀-嘉義,2024-03-29,1034
2301,光寶科,20,2,18,土銀-嘉義,2024-03-29,1034
00939,統一台灣高息動能,25,8,17,土銀-嘉義,2024-03-29,1034
2354,鴻準,27,10,17,土銀-嘉義,2024-03-29,1034
6443,元晶,16,0,16,土銀-嘉義,2024-03-29,1034
2324,仁寶,16,1,15,土銀-嘉義,2024-03-29,1034
00918,大華優利高填息30,25,11,14,土銀-嘉義,2024-03-29,1034
3588,通嘉,15,1,14,土銀-嘉義,2024-03-29,1034
2867,三商壽,15,2,13,土銀-嘉義,2024-03-29,1034
4909,新復興,11,0,11,土銀-嘉義,2024-03-29,1034
1609,大亞,12,1,11,土銀-嘉義,2024-03-29,1034
3706,神達,22,11,11,土銀-嘉義,2024-03-29,1034
3710,連展投控,11,0,11,土銀-嘉義,2024-03-29,1034
5309,系統電,16,5,11,土銀-嘉義,2024-03-29,1034
6191,精成科,11,0,11,土銀-嘉義,2024-03-29,1034
6217,中探針,11,0,11,土銀-嘉義,2024-03-29,1034
2002,中鋼,11,1,10,土銀-嘉義,2024-03-29,1034
2449,京元電子,10,0,10,土銀-嘉義,2024-03-29,1034
4161,聿新科,10,0,10,土銀-嘉義,2024-03-29,1034
2371,大同,24,15,9,土銀-嘉義,2024-03-29,1034
2515,中工,12,4,8,土銀-嘉義,2024-03-29,1034
4533,協易機,8,0,8,土銀-嘉義,2024-03-29,1034
5438,東友,8,0,8,土銀-嘉義,2024-03-29,1034
8255,朋程,5,0,5,土銀-嘉義,2024-03-29,1034
1455,集盛,5,0,5,土銀-嘉義,2024-03-29,1034
2211,長榮鋼,5,0,5,土銀-嘉義,2024-03-29,1034
2406,國碩,5,0,5,土銀-嘉義,2024-03-29,1034
4142,國光生,5,0,5,土銀-嘉義,2024-03-29,1034
4529,淳紳,5,0,5,土銀-嘉義,2024-03-29,1034
4956,光鋐,5,0,5,土銀-嘉義,2024-03-29,1034
6127,九豪,5,0,5,土銀-嘉義,2024-03-29,1034
6274,台燿,5,0,5,土銀-嘉義,2024-03-29,1034
00882,中信中國高股息,5,0,5,土銀-嘉義,2024-03-29,1034
1529,樂事綠能,4,0,4,土銀-嘉義,2024-03-29,1034
00679B,元大美債20年,5,1,4,土銀-嘉義,2024-03-29,1034
2314,台揚,4,0,4,土銀-嘉義,2024-03-29,1034
2328,廣宇,5,1,4,土銀-嘉義,2024-03-29,1034
2353,宏��,5,1,4,土銀-嘉義,2024-03-29,1034
3062,建漢,5,1,4,土銀-嘉義,2024-03-29,1034
3294,英濟,9,5,4,土銀-嘉義,2024-03-29,1034
3325,旭品,4,0,4,土銀-嘉義,2024-03-29,1034
4562,穎漢,4,0,4,土銀-嘉義,2024-03-29,1034
5225,東科-KY,4,0,4,土銀-嘉義,2024-03-29,1034
00940,元大台灣價值高息,743,1,742,土銀-嘉義,2024-04-01,1034
00919,群益台灣精選高息,84,19,65,土銀-嘉義,2024-04-01,1034
2618,長榮航,68,7,61,土銀-嘉義,2024-04-01,1034
00939,統一台灣高息動能,195,143,52,土銀-嘉義,2024-04-01,1034
2892,第一金,50,0,50,土銀-嘉義,2024-04-01,1034
9105,泰金寶-DR,40,0,40,土銀-嘉義,2024-04-01,1034
2609,陽明,68,30,38,土銀-嘉義,2024-04-01,1034
2834,臺企銀,37,1,36,土銀-嘉義,2024-04-01,1034
6015,宏遠證,25,0,25,土銀-嘉義,2024-04-01,1034
6182,合晶,21,0,21,土銀-嘉義,2024-04-01,1034
3231,緯創,23,5,18,土銀-嘉義,2024-04-01,1034
1591,駿吉-KY,15,0,15,土銀-嘉義,2024-04-01,1034
00937B,群益ESG投等債20,12,0,12,土銀-嘉義,2024-04-01,1034
2382,廣達,23,11,12,土銀-嘉義,2024-04-01,1034
00929,復華台灣科技優息,27,15,12,土銀-嘉義,2024-04-01,1034
8046,南電,11,0,11,土銀-嘉義,2024-04-01,1034
2891,中信金,12,1,11,土銀-嘉義,2024-04-01,1034
2365,昆盈,10,0,10,土銀-嘉義,2024-04-01,1034
2883,凱基金,10,0,10,土銀-嘉義,2024-04-01,1034
4909,新復興,10,0,10,土銀-嘉義,2024-04-01,1034
6139,亞翔,13,3,10,土銀-嘉義,2024-04-01,1034
6173,信昌電,10,0,10,土銀-嘉義,2024-04-01,1034
2301,光寶科,9,0,9,土銀-嘉義,2024-04-01,1034
3711,日月光投控,10,1,9,土銀-嘉義,2024-04-01,1034
2009,第一銅,12,3,9,土銀-嘉義,2024-04-01,1034
2845,遠東銀,10,1,9,土銀-嘉義,2024-04-01,1034
3013,晟銘電,10,1,9,土銀-嘉義,2024-04-01,1034
9933,中鼎,10,1,9,土銀-嘉義,2024-04-01,1034
2886,兆豐金,10,1,9,土銀-嘉義,2024-04-01,1034
1609,大亞,7,0,7,土銀-嘉義,2024-04-01,1034
6667,信紘科,7,0,7,土銀-嘉義,2024-04-01,1034
2303,聯電,9,3,6,土銀-嘉義,2024-04-01,1034
1504,東元,18,12,6,土銀-嘉義,2024-04-01,1034
1587,吉茂,6,0,6,土銀-嘉義,2024-04-01,1034
6770,力積電,11,5,6,土銀-嘉義,2024-04-01,1034
1528,恩德,5,0,5,土銀-嘉義,2024-04-01,1034
1785,光洋科,5,0,5,土銀-嘉義,2024-04-01,1034
2356,英業達,9,4,5,土銀-嘉義,2024-04-01,1034
3701,大眾控,5,0,5,土銀-嘉義,2024-04-01,1034
4190,佐登-KY,5,0,5,土銀-嘉義,2024-04-01,1034
6215,和椿,5,0,5,土銀-嘉義,2024-04-01,1034
6248,沛波,5,0,5,土銀-嘉義,2024-04-01,1034
6684,安格,5,0,5,土銀-嘉義,2024-04-01,1034
9907,統一實,5,0,5,土銀-嘉義,2024-04-01,1034
2881,富邦金,4,0,4,土銀-嘉義,2024-04-01,1034
00712,復華富時不動產,5,1,4,土銀-嘉義,2024-04-01,1034
00918,大華優利高填息30,4,0,4,土銀-嘉義,2024-04-01,1034
1795,美時,5,1,4,土銀-嘉義,2024-04-01,1034
2867,三商壽,25,21,4,土銀-嘉義,2024-04-01,1034
4976,佳凌,5,1,4,土銀-嘉義,2024-04-01,1034
00720B,元大投資級公司債,261,0,261,土銀-嘉義,2024-04-02,1034
00751B,元大AAA至A公司債,204,0,204,土銀-嘉義,2024-04-02,1034
00740B,富邦全球投等債,130,0,130,土銀-嘉義,2024-04-02,1034
00940,元大台灣價值高息,158,34,124,土銀-嘉義,2024-04-02,1034
00830,國泰費城半導體,73,0,73,土銀-嘉義,2024-04-02,1034
00929,復華台灣科技優息,93,22,71,土銀-嘉義,2024-04-02,1034
2344,華邦電,76,20,56,土銀-嘉義,2024-04-02,1034
00727B,國泰優選非投等債,50,0,50,土銀-嘉義,2024-04-02,1034
2352,佳世達,50,0,50,土銀-嘉義,2024-04-02,1034
00680L,元大美債20正2,46,0,46,土銀-嘉義,2024-04-02,1034
9105,泰金寶-DR,40,0,40,土銀-嘉義,2024-04-02,1034
00909,國泰數位支付服務,30,0,30,土銀-嘉義,2024-04-02,1034
00679B,元大美債20年,35,10,25,土銀-嘉義,2024-04-02,1034
1529,樂事綠能,20,0,20,土銀-嘉義,2024-04-02,1034
2834,臺企銀,23,5,18,土銀-嘉義,2024-04-02,1034
3231,緯創,40,22,18,土銀-嘉義,2024-04-02,1034
3694,海華,15,0,15,土銀-嘉義,2024-04-02,1034
4979,華星光,27,12,15,土銀-嘉義,2024-04-02,1034
00937B,群益ESG投等債20,14,2,12,土銀-嘉義,2024-04-02,1034
2511,太子,12,0,12,土銀-嘉義,2024-04-02,1034
0056,元大高股息,11,0,11,土銀-嘉義,2024-04-02,1034
1584,精剛,11,0,11,土銀-嘉義,2024-04-02,1034
00687B,國泰20年美債,11,1,10,土銀-嘉義,2024-04-02,1034
2365,昆盈,10,0,10,土銀-嘉義,2024-04-02,1034
2836,高雄銀,10,0,10,土銀-嘉義,2024-04-02,1034
2845,遠東銀,10,0,10,土銀-嘉義,2024-04-02,1034
3707,漢磊,14,4,10,土銀-嘉義,2024-04-02,1034
1605,華新,9,0,9,土銀-嘉義,2024-04-02,1034
2371,大同,14,5,9,土銀-嘉義,2024-04-02,1034
00927,群益半導體收益,10,1,9,土銀-嘉義,2024-04-02,1034
2367,燿華,18,10,8,土銀-嘉義,2024-04-02,1034
2421,建準,9,1,8,土銀-嘉義,2024-04-02,1034
2408,南亞科,7,0,7,土銀-嘉義,2024-04-02,1034
2610,華航,7,0,7,土銀-嘉義,2024-04-02,1034
2630,亞航,7,0,7,土銀-嘉義,2024-04-02,1034
3484,崧騰,7,0,7,土銀-嘉義,2024-04-02,1034
3706,神達,8,1,7,土銀-嘉義,2024-04-02,1034
5225,東科-KY,12,5,7,土銀-嘉義,2024-04-02,1034
5309,系統電,7,0,7,土銀-嘉義,2024-04-02,1034
8033,雷虎,9,2,7,土銀-嘉義,2024-04-02,1034
00941,中信上游半導體,11,5,6,土銀-嘉義,2024-04-02,1034
00632R,元大台灣50反1,6,0,6,土銀-嘉義,2024-04-02,1034
1609,大亞,6,0,6,土銀-嘉義,2024-04-02,1034
3030,德律,6,0,6,土銀-嘉義,2024-04-02,1034
4142,國光生,6,0,6,土銀-嘉義,2024-04-02,1034
6770,力積電,10,4,6,土銀-嘉義,2024-04-02,1034
00733,富邦臺灣中小,6,1,5,土銀-嘉義,2024-04-02,1034
00795B,中信美國公債20年,5,0,5,土銀-嘉義,2024-04-02,1034
00881,國泰台灣5G+,5,0,5,土銀-嘉義,2024-04-02,1034
00885,富邦越南,6,1,5,土銀-嘉義,2024-04-02,1034
8064,東捷,163,11,152,土銀-嘉義,2024-04-03,1034
00940,元大台灣價值高息,174,27,147,土銀-嘉義,2024-04-03,1034
00751B,元大AAA至A公司債,111,10,101,土銀-嘉義,2024-04-03,1034
2409,友達,86,0,86,土銀-嘉義,2024-04-03,1034
00679B,元大美債20年,68,1,67,土銀-嘉義,2024-04-03,1034
00687B,國泰20年美債,62,1,61,土銀-嘉義,2024-04-03,1034
00929,復華台灣科技優息,38,0,38,土銀-嘉義,2024-04-03,1034
00909,國泰數位支付服務,54,20,34,土銀-嘉義,2024-04-03,1034
2609,陽明,33,0,33,土銀-嘉義,2024-04-03,1034
2618,長榮航,33,0,33,土銀-嘉義,2024-04-03,1034
2486,一詮,35,3,32,土銀-嘉義,2024-04-03,1034
00857B,永豐20年美公債,30,0,30,土銀-嘉義,2024-04-03,1034
00937B,群益ESG投等債20,28,0,28,土銀-嘉義,2024-04-03,1034
2515,中工,47,20,27,土銀-嘉義,2024-04-03,1034
2888,新光金,27,0,27,土銀-嘉義,2024-04-03,1034
2301,光寶科,27,1,26,土銀-嘉義,2024-04-03,1034
2353,宏��,21,0,21,土銀-嘉義,2024-04-03,1034
3481,群創,21,0,21,土銀-嘉義,2024-04-03,1034
00900,富邦特選高股息30,20,0,20,土銀-嘉義,2024-04-03,1034
2801,彰銀,20,0,20,土銀-嘉義,2024-04-03,1034
2884,玉山金,18,0,18,土銀-嘉義,2024-04-03,1034
2344,華邦電,17,0,17,土銀-嘉義,2024-04-03,1034
4979,華星光,16,0,16,土銀-嘉義,2024-04-03,1034
8033,雷虎,16,1,15,土銀-嘉義,2024-04-03,1034
2382,廣達,14,0,14,土銀-嘉義,2024-04-03,1034
00688L,國泰20年美債正2,11,0,11,土銀-嘉義,2024-04-03,1034
2354,鴻準,17,6,11,土銀-嘉義,2024-04-03,1034
1316,上曜,10,0,10,土銀-嘉義,2024-04-03,1034
00740B,富邦全球投等債,10,0,10,土銀-嘉義,2024-04-03,1034
00673R,期元大S＆P原油反1,10,0,10,土銀-嘉義,2024-04-03,1034
00933B,國泰10Y+金融債,10,0,10,土銀-嘉義,2024-04-03,1034
2369,菱生,10,0,10,土銀-嘉義,2024-04-03,1034
2388,威盛,10,0,10,土銀-嘉義,2024-04-03,1034
2468,華經,10,0,10,土銀-嘉義,2024-04-03,1034
2481,強茂,10,0,10,土銀-嘉義,2024-04-03,1034
2845,遠東銀,10,0,10,土銀-嘉義,2024-04-03,1034
8110,華東,10,0,10,土銀-嘉義,2024-04-03,1034
2303,聯電,9,0,9,土銀-嘉義,2024-04-03,1034
2881,富邦金,9,0,9,土銀-嘉義,2024-04-03,1034
3015,全漢,9,0,9,土銀-嘉義,2024-04-03,1034
6213,聯茂,11,2,9,土銀-嘉義,2024-04-03,1034
6505,台塑化,9,0,9,土銀-嘉義,2024-04-03,1034
6753,龍德造船,9,0,9,土銀-嘉義,2024-04-03,1034
00941,中信上游半導體,19,11,8,土銀-嘉義,2024-04-03,1034
00878,國泰永續高股息,10,2,8,土銀-嘉義,2024-04-03,1034
1609,大亞,9,1,8,土銀-嘉義,2024-04-03,1034
2610,華航,8,0,8,土銀-嘉義,2024-04-03,1034
8092,建暐,8,0,8,土銀-嘉義,2024-04-03,1034
8201,無敵,7,0,7,土銀-嘉義,2024-04-03,1034
2467,志聖,6,0,6,土銀-嘉義,2024-04-03,1034
00940,元大台灣價值高息,171,1,170,土銀-嘉義,2024-04-08,1034
00909,國泰數位支付服務,135,4,131,土銀-嘉義,2024-04-08,1034
00929,復華台灣科技優息,76,0,76,土銀-嘉義,2024-04-08,1034
00857B,永豐20年美公債,60,0,60,土銀-嘉義,2024-04-08,1034
00751B,元大AAA至A公司債,59,3,56,土銀-嘉義,2024-04-08,1034
00918,大華優利高填息30,50,0,50,土銀-嘉義,2024-04-08,1034
2371,大同,33,1,32,土銀-嘉義,2024-04-08,1034
3294,英濟,31,0,31,土銀-嘉義,2024-04-08,1034
2887,台新金,31,0,31,土銀-嘉義,2024-04-08,1034
2515,中工,36,8,28,土銀-嘉義,2024-04-08,1034
6015,宏遠證,25,0,25,土銀-嘉義,2024-04-08,1034
6120,達運,36,13,23,土銀-嘉義,2024-04-08,1034
1314,中石化,20,0,20,土銀-嘉義,2024-04-08,1034
1438,三地開發,20,0,20,土銀-嘉義,2024-04-08,1034
1907,永豐餘,20,0,20,土銀-嘉義,2024-04-08,1034
2880,華南金,20,0,20,土銀-嘉義,2024-04-08,1034
2834,臺企銀,19,0,19,土銀-嘉義,2024-04-08,1034
00937B,群益ESG投等債20,18,0,18,土銀-嘉義,2024-04-08,1034
00680L,元大美債20正2,18,0,18,土銀-嘉義,2024-04-08,1034
3588,通嘉,16,0,16,土銀-嘉義,2024-04-08,1034
1504,東元,17,2,15,土銀-嘉義,2024-04-08,1034
8936,國統,19,5,14,土銀-嘉義,2024-04-08,1034
5310,天剛,13,0,13,土銀-嘉義,2024-04-08,1034
2009,第一銅,11,0,11,土銀-嘉義,2024-04-08,1034
2618,長榮航,11,0,11,土銀-嘉義,2024-04-08,1034
2501,國建,11,0,11,土銀-嘉義,2024-04-08,1034
00891,中信關鍵半導體,10,0,10,土銀-嘉義,2024-04-08,1034
1102,亞泥,10,0,10,土銀-嘉義,2024-04-08,1034
1529,樂事綠能,10,0,10,土銀-嘉義,2024-04-08,1034
2369,菱生,10,0,10,土銀-嘉義,2024-04-08,1034
2511,太子,20,10,10,土銀-嘉義,2024-04-08,1034
3081,聯亞,10,0,10,土銀-嘉義,2024-04-08,1034
6213,聯茂,10,0,10,土銀-嘉義,2024-04-08,1034
2344,華邦電,10,2,8,土銀-嘉義,2024-04-08,1034
1513,中興電,10,2,8,土銀-嘉義,2024-04-08,1034
2356,英業達,15,7,8,土銀-嘉義,2024-04-08,1034
2888,新光金,10,2,8,土銀-嘉義,2024-04-08,1034
8033,雷虎,9,1,8,土銀-嘉義,2024-04-08,1034
2486,一詮,17,10,7,土銀-嘉義,2024-04-08,1034
3679,新至陞,7,0,7,土銀-嘉義,2024-04-08,1034
00941,中信上游半導體,6,0,6,土銀-嘉義,2024-04-08,1034
3231,緯創,43,37,6,土銀-嘉義,2024-04-08,1034
4142,國光生,6,0,6,土銀-嘉義,2024-04-08,1034
2382,廣達,13,8,5,土銀-嘉義,2024-04-08,1034
1307,三芳,5,0,5,土銀-嘉義,2024-04-08,1034
00637L,元大滬深300正2,7,2,5,土銀-嘉義,2024-04-08,1034
00893,國泰智能電動車,5,0,5,土銀-嘉義,2024-04-08,1034
1524,耿鼎,5,0,5,土銀-嘉義,2024-04-08,1034
2020,美亞,5,0,5,土銀-嘉義,2024-04-08,1034
2032,新鋼,5,0,5,土銀-嘉義,2024-04-08,1034
00687B,國泰20年美債,133,0,133,土銀-嘉義,2024-04-09,1034
1314,中石化,65,2,63,土銀-嘉義,2024-04-09,1034
2027,大成鋼,55,3,52,土銀-嘉義,2024-04-09,1034
00909,國泰數位支付服務,46,0,46,土銀-嘉義,2024-04-09,1034
00857B,永豐20年美公債,45,0,45,土銀-嘉義,2024-04-09,1034
00751B,元大AAA至A公司債,37,0,37,土銀-嘉義,2024-04-09,1034
1326,台化,32,0,32,土銀-嘉義,2024-04-09,1034
8358,金居,33,4,29,土銀-嘉義,2024-04-09,1034
5310,天剛,27,0,27,土銀-嘉義,2024-04-09,1034
2834,臺企銀,25,0,25,土銀-嘉義,2024-04-09,1034
00929,復華台灣科技優息,27,3,24,土銀-嘉義,2024-04-09,1034
2303,聯電,39,15,24,土銀-嘉義,2024-04-09,1034
2618,長榮航,140,116,24,土銀-嘉義,2024-04-09,1034
3339,泰谷,32,10,22,土銀-嘉義,2024-04-09,1034
0056,元大高股息,20,0,20,土銀-嘉義,2024-04-09,1034
3466,德晉,20,0,20,土銀-嘉義,2024-04-09,1034
00923,群益台ESG低碳50,19,0,19,土銀-嘉義,2024-04-09,1034
3013,晟銘電,19,0,19,土銀-嘉義,2024-04-09,1034
912000,晨訊科-DR,19,0,19,土銀-嘉義,2024-04-09,1034
2371,大同,23,6,17,土銀-嘉義,2024-04-09,1034
00941,中信上游半導體,14,0,14,土銀-嘉義,2024-04-09,1034
3231,緯創,80,67,13,土銀-嘉義,2024-04-09,1034
1612,宏泰,27,15,12,土銀-嘉義,2024-04-09,1034
1307,三芳,11,0,11,土銀-嘉義,2024-04-09,1034
00720B,元大投資級公司債,10,0,10,土銀-嘉義,2024-04-09,1034
2374,佳能,11,1,10,土銀-嘉義,2024-04-09,1034
2547,日勝生,10,0,10,土銀-嘉義,2024-04-09,1034
4906,正文,10,0,10,土銀-嘉義,2024-04-09,1034
8936,國統,12,2,10,土銀-嘉義,2024-04-09,1034
00940,元大台灣價值高息,23,14,9,土銀-嘉義,2024-04-09,1034
6753,龍德造船,9,0,9,土銀-嘉義,2024-04-09,1034
8092,建暐,9,0,9,土銀-嘉義,2024-04-09,1034
00632R,元大台灣50反1,8,0,8,土銀-嘉義,2024-04-09,1034
3481,群創,21,13,8,土銀-嘉義,2024-04-09,1034
3583,辛耘,9,2,7,土銀-嘉義,2024-04-09,1034
00937B,群益ESG投等債20,7,0,7,土銀-嘉義,2024-04-09,1034
3059,華晶科,7,0,7,土銀-嘉義,2024-04-09,1034
4306,炎洲,8,1,7,土銀-嘉義,2024-04-09,1034
6182,合晶,7,0,7,土銀-嘉義,2024-04-09,1034
8163,達方,9,2,7,土銀-嘉義,2024-04-09,1034
2329,華泰,6,0,6,土銀-嘉義,2024-04-09,1034
2421,建準,6,0,6,土銀-嘉義,2024-04-09,1034
3305,昇貿,6,0,6,土銀-嘉義,2024-04-09,1034
3715,定穎投控,6,0,6,土銀-嘉義,2024-04-09,1034
4161,聿新科,6,0,6,土銀-嘉義,2024-04-09,1034
5521,工信,9,3,6,土銀-嘉義,2024-04-09,1034
6173,信昌電,6,0,6,土銀-嘉義,2024-04-09,1034
6274,台燿,16,10,6,土銀-嘉義,2024-04-09,1034
8112,至上,8,2,6,土銀-嘉義,2024-04-09,1034
6770,力積電,11,5,6,土銀-嘉義,2024-04-09,1034
00940,元大台灣價值高息,459,9,450,土銀-嘉義,2024-04-10,1034
1608,華榮,182,6,176,土銀-嘉義,2024-04-10,1034
2352,佳世達,85,0,85,土銀-嘉義,2024-04-10,1034
5531,鄉林,55,0,55,土銀-嘉義,2024-04-10,1034
00909,國泰數位支付服務,53,0,53,土銀-嘉義,2024-04-10,1034
2889,國票金,50,0,50,土銀-嘉義,2024-04-10,1034
5512,力麒,53,3,50,土銀-嘉義,2024-04-10,1034
2464,盟立,42,1,41,土銀-嘉義,2024-04-10,1034
2103,台橡,40,1,39,土銀-嘉義,2024-04-10,1034
3284,太普高,37,0,37,土銀-嘉義,2024-04-10,1034
00857B,永豐20年美公債,35,0,35,土銀-嘉義,2024-04-10,1034
6177,達麗,30,0,30,土銀-嘉義,2024-04-10,1034
00923,群益台ESG低碳50,20,0,20,土銀-嘉義,2024-04-10,1034
00632R,元大台灣50反1,20,0,20,土銀-嘉義,2024-04-10,1034
2486,一詮,37,17,20,土銀-嘉義,2024-04-10,1034
4207,環泰,20,0,20,土銀-嘉義,2024-04-10,1034
00637L,元大滬深300正2,24,5,19,土銀-嘉義,2024-04-10,1034
4306,炎洲,20,1,19,土銀-嘉義,2024-04-10,1034
4533,協易機,33,15,18,土銀-嘉義,2024-04-10,1034
1513,中興電,17,2,15,土銀-嘉義,2024-04-10,1034
1612,宏泰,19,4,15,土銀-嘉義,2024-04-10,1034
8033,雷虎,17,2,15,土銀-嘉義,2024-04-10,1034
0056,元大高股息,14,0,14,土銀-嘉義,2024-04-10,1034
4402,郡都開發,13,0,13,土銀-嘉義,2024-04-10,1034
2887,台新金,12,0,12,土銀-嘉義,2024-04-10,1034
2014,中鴻,13,2,11,土銀-嘉義,2024-04-10,1034
5310,天剛,12,1,11,土銀-嘉義,2024-04-10,1034
00941,中信上游半導體,11,1,10,土銀-嘉義,2024-04-10,1034
00633L,富邦上証正2,10,0,10,土銀-嘉義,2024-04-10,1034
00740B,富邦全球投等債,10,0,10,土銀-嘉義,2024-04-10,1034
2208,台船,10,0,10,土銀-嘉義,2024-04-10,1034
2449,京元電子,10,0,10,土銀-嘉義,2024-04-10,1034
2515,中工,21,11,10,土銀-嘉義,2024-04-10,1034
2892,第一金,10,0,10,土銀-嘉義,2024-04-10,1034
3306,鼎天,10,0,10,土銀-嘉義,2024-04-10,1034
6523,達爾膚,10,0,10,土銀-嘉義,2024-04-10,1034
9938,百和,10,0,10,土銀-嘉義,2024-04-10,1034
1314,中石化,10,1,9,土銀-嘉義,2024-04-10,1034
2845,遠東銀,9,0,9,土銀-嘉義,2024-04-10,1034
3339,泰谷,10,1,9,土銀-嘉義,2024-04-10,1034
6186,新潤,9,0,9,土銀-嘉義,2024-04-10,1034
2317,鴻海,13,5,8,土銀-嘉義,2024-04-10,1034
2382,廣達,8,1,7,土銀-嘉義,2024-04-10,1034
2206,三陽工業,7,0,7,土銀-嘉義,2024-04-10,1034
3015,全漢,11,4,7,土銀-嘉義,2024-04-10,1034
6016,康和證,11,4,7,土銀-嘉義,2024-04-10,1034
1316,上曜,6,0,6,土銀-嘉義,2024-04-10,1034
2505,國揚,10,4,6,土銀-嘉義,2024-04-10,1034
2609,陽明,6,0,6,土銀-嘉義,2024-04-10,1034
3118,進階,6,0,6,土銀-嘉義,2024-04-10,1034
00712,復華富時不動產,112,0,112,土銀-嘉義,2024-04-11,1034
00679B,元大美債20年,90,12,78,土銀-嘉義,2024-04-11,1034
3481,群創,78,16,62,土銀-嘉義,2024-04-11,1034
00687B,國泰20年美債,66,10,56,土銀-嘉義,2024-04-11,1034
00937B,群益ESG投等債20,54,0,54,土銀-嘉義,2024-04-11,1034
00919,群益台灣精選高息,54,0,54,土銀-嘉義,2024-04-11,1034
2409,友達,54,4,50,土銀-嘉義,2024-04-11,1034
00857B,永豐20年美公債,45,0,45,土銀-嘉義,2024-04-11,1034
3032,偉訓,40,0,40,土銀-嘉義,2024-04-11,1034
9105,泰金寶-DR,40,0,40,土銀-嘉義,2024-04-11,1034
00923,群益台ESG低碳50,36,0,36,土銀-嘉義,2024-04-11,1034
2887,台新金,30,0,30,土銀-嘉義,2024-04-11,1034
00830,國泰費城半導體,27,0,27,土銀-嘉義,2024-04-11,1034
2881,富邦金,27,0,27,土銀-嘉義,2024-04-11,1034
0056,元大高股息,26,1,25,土銀-嘉義,2024-04-11,1034
2103,台橡,24,0,24,土銀-嘉義,2024-04-11,1034
2329,華泰,31,11,20,土銀-嘉義,2024-04-11,1034
3686,達能,20,0,20,土銀-嘉義,2024-04-11,1034
4173,久裕,20,0,20,土銀-嘉義,2024-04-11,1034
5410,國眾,20,0,20,土銀-嘉義,2024-04-11,1034
8112,至上,22,4,18,土銀-嘉義,2024-04-11,1034
2882,國泰金,74,58,16,土銀-嘉義,2024-04-11,1034
3231,緯創,27,11,16,土銀-嘉義,2024-04-11,1034
3284,太普高,16,0,16,土銀-嘉義,2024-04-11,1034
5310,天剛,16,0,16,土銀-嘉義,2024-04-11,1034
00680L,元大美債20正2,15,0,15,土銀-嘉義,2024-04-11,1034
00929,復華台灣科技優息,15,0,15,土銀-嘉義,2024-04-11,1034
2025,千興,15,0,15,土銀-嘉義,2024-04-11,1034
3013,晟銘電,37,22,15,土銀-嘉義,2024-04-11,1034
9802,鈺齊-KY,14,0,14,土銀-嘉義,2024-04-11,1034
00941,中信上游半導體,13,0,13,土銀-嘉義,2024-04-11,1034
8033,雷虎,16,3,13,土銀-嘉義,2024-04-11,1034
00637L,元大滬深300正2,16,4,12,土銀-嘉義,2024-04-11,1034
9958,世紀鋼,12,0,12,土銀-嘉義,2024-04-11,1034
00673R,期元大S＆P原油反1,11,0,11,土銀-嘉義,2024-04-11,1034
1307,三芳,10,0,10,土銀-嘉義,2024-04-11,1034
00878,國泰永續高股息,10,0,10,土銀-嘉義,2024-04-11,1034
1810,和成,10,0,10,土銀-嘉義,2024-04-11,1034
00933B,國泰10Y+金融債,9,0,9,土銀-嘉義,2024-04-11,1034
2393,億光,10,1,9,土銀-嘉義,2024-04-11,1034
00907,永豐優息存股,8,0,8,土銀-嘉義,2024-04-11,1034
3016,嘉晶,10,2,8,土銀-嘉義,2024-04-11,1034
3260,威剛,10,2,8,土銀-嘉義,2024-04-11,1034
2330,台積電,7,0,7,土銀-嘉義,2024-04-11,1034
2313,華通,7,0,7,土銀-嘉義,2024-04-11,1034
2610,華航,11,4,7,土銀-嘉義,2024-04-11,1034
3030,德律,7,0,7,土銀-嘉義,2024-04-11,1034
3694,海華,7,0,7,土銀-嘉義,2024-04-11,1034
4561,健椿,7,0,7,土銀-嘉義,2024-04-11,1034
6581,鋼聯,7,0,7,土銀-嘉義,2024-04-11,1034
2344,華邦電,77,1,76,土銀-嘉義,2024-04-12,1034
2887,台新金,51,0,51,土銀-嘉義,2024-04-12,1034
00940,元大台灣價值高息,46,13,33,土銀-嘉義,2024-04-12,1034
00687B,國泰20年美債,31,5,26,土銀-嘉義,2024-04-12,1034
00751B,元大AAA至A公司債,23,0,23,土銀-嘉義,2024-04-12,1034
3284,太普高,23,0,23,土銀-嘉義,2024-04-12,1034
1609,大亞,32,11,21,土銀-嘉義,2024-04-12,1034
5310,天剛,22,1,21,土銀-嘉義,2024-04-12,1034
00939,統一台灣高息動能,220,200,20,土銀-嘉義,2024-04-12,1034
2363,矽統,56,37,19,土銀-嘉義,2024-04-12,1034
00937B,群益ESG投等債20,17,0,17,土銀-嘉義,2024-04-12,1034
2834,臺企銀,17,0,17,土銀-嘉義,2024-04-12,1034
2382,廣達,19,3,16,土銀-嘉義,2024-04-12,1034
1316,上曜,15,0,15,土銀-嘉義,2024-04-12,1034
2002,中鋼,15,0,15,土銀-嘉義,2024-04-12,1034
4207,環泰,15,0,15,土銀-嘉義,2024-04-12,1034
6613,朋億*,15,0,15,土銀-嘉義,2024-04-12,1034
2352,佳世達,14,0,14,土銀-嘉義,2024-04-12,1034
1524,耿鼎,14,2,12,土銀-嘉義,2024-04-12,1034
2353,宏��,17,5,12,土銀-嘉義,2024-04-12,1034
3703,欣陸,12,0,12,土銀-嘉義,2024-04-12,1034
00929,復華台灣科技優息,12,0,12,土銀-嘉義,2024-04-12,1034
2323,中環,11,0,11,土銀-嘉義,2024-04-12,1034
00878,國泰永續高股息,11,0,11,土銀-嘉義,2024-04-12,1034
1312,國喬,10,0,10,土銀-嘉義,2024-04-12,1034
3576,聯合再生,10,0,10,土銀-嘉義,2024-04-12,1034
3691,碩禾,10,0,10,土銀-嘉義,2024-04-12,1034
5521,工信,10,0,10,土銀-嘉義,2024-04-12,1034
9945,潤泰新,10,0,10,土銀-嘉義,2024-04-12,1034
1101,台泥,9,0,9,土銀-嘉義,2024-04-12,1034
0056,元大高股息,11,2,9,土銀-嘉義,2024-04-12,1034
4960,誠美材,10,1,9,土銀-嘉義,2024-04-12,1034
1584,精剛,8,0,8,土銀-嘉義,2024-04-12,1034
1307,三芳,8,0,8,土銀-嘉義,2024-04-12,1034
912000,晨訊科-DR,8,0,8,土銀-嘉義,2024-04-12,1034
1737,臺鹽,7,0,7,土銀-嘉義,2024-04-12,1034
3715,定穎投控,7,0,7,土銀-嘉義,2024-04-12,1034
6835,圓裕,7,0,7,土銀-嘉義,2024-04-12,1034
2317,鴻海,15,8,7,土銀-嘉義,2024-04-12,1034
1453,大將,7,1,6,土銀-嘉義,2024-04-12,1034
3032,偉訓,6,0,6,土銀-嘉義,2024-04-12,1034
3679,新至陞,6,0,6,土銀-嘉義,2024-04-12,1034
3714,富采,6,0,6,土銀-嘉義,2024-04-12,1034
6770,力積電,10,4,6,土銀-嘉義,2024-04-12,1034
3481,群創,10,4,6,土銀-嘉義,2024-04-12,1034
2329,華泰,6,1,5,土銀-嘉義,2024-04-12,1034
00795B,中信美國公債20年,5,0,5,土銀-嘉義,2024-04-12,1034
00720B,元大投資級公司債,5,0,5,土銀-嘉義,2024-04-12,1034
00712,復華富時不動產,15,10,5,土銀-嘉義,2024-04-12,1034
00637L,元大滬深300正2,5,0,5,土銀-嘉義,2024-04-12,1034
2890,永豐金,150,2,148,土銀-嘉義,2024-04-15,1034
00929,復華台灣科技優息,148,5,143,土銀-嘉義,2024-04-15,1034
2303,聯電,62,0,62,土銀-嘉義,2024-04-15,1034
2409,友達,58,1,57,土銀-嘉義,2024-04-15,1034
2344,華邦電,57,1,56,土銀-嘉義,2024-04-15,1034
00940,元大台灣價值高息,55,0,55,土銀-嘉義,2024-04-15,1034
0056,元大高股息,56,6,50,土銀-嘉義,2024-04-15,1034
9105,泰金寶-DR,40,0,40,土銀-嘉義,2024-04-15,1034
2888,新光金,30,0,30,土銀-嘉義,2024-04-15,1034
00918,大華優利高填息30,24,0,24,土銀-嘉義,2024-04-15,1034
3037,欣興,24,0,24,土銀-嘉義,2024-04-15,1034
3481,群創,33,11,22,土銀-嘉義,2024-04-15,1034
00891,中信關鍵半導體,21,1,20,土銀-嘉義,2024-04-15,1034
2834,臺企銀,20,0,20,土銀-嘉義,2024-04-15,1034
00933B,國泰10Y+金融債,20,2,18,土銀-嘉義,2024-04-15,1034
1504,東元,32,14,18,土銀-嘉義,2024-04-15,1034
1535,中宇,16,0,16,土銀-嘉義,2024-04-15,1034
2356,英業達,16,1,15,土銀-嘉義,2024-04-15,1034
2449,京元電子,18,3,15,土銀-嘉義,2024-04-15,1034
2867,三商壽,41,29,12,土銀-嘉義,2024-04-15,1034
4561,健椿,12,0,12,土銀-嘉義,2024-04-15,1034
2367,燿華,17,6,11,土銀-嘉義,2024-04-15,1034
2618,長榮航,12,1,11,土銀-嘉義,2024-04-15,1034
4533,協易機,42,31,11,土銀-嘉義,2024-04-15,1034
00937B,群益ESG投等債20,15,5,10,土銀-嘉義,2024-04-15,1034
1314,中石化,10,0,10,土銀-嘉義,2024-04-15,1034
1102,亞泥,10,0,10,土銀-嘉義,2024-04-15,1034
1101,台泥,10,0,10,土銀-嘉義,2024-04-15,1034
1519,華城,10,0,10,土銀-嘉義,2024-04-15,1034
1608,華榮,22,12,10,土銀-嘉義,2024-04-15,1034
1785,光洋科,15,5,10,土銀-嘉義,2024-04-15,1034
2489,瑞軒,10,0,10,土銀-嘉義,2024-04-15,1034
2886,兆豐金,10,0,10,土銀-嘉義,2024-04-15,1034
2892,第一金,10,0,10,土銀-嘉義,2024-04-15,1034
3081,聯亞,10,0,10,土銀-嘉義,2024-04-15,1034
3380,明泰,10,0,10,土銀-嘉義,2024-04-15,1034
4960,誠美材,10,0,10,土銀-嘉義,2024-04-15,1034
6120,達運,10,0,10,土銀-嘉義,2024-04-15,1034
2323,中環,10,1,9,土銀-嘉義,2024-04-15,1034
3032,偉訓,9,0,9,土銀-嘉義,2024-04-15,1034
3060,銘異,10,1,9,土銀-嘉義,2024-04-15,1034
6592,和潤企業,9,0,9,土銀-嘉義,2024-04-15,1034
8112,至上,9,0,9,土銀-嘉義,2024-04-15,1034
00939,統一台灣高息動能,8,0,8,土銀-嘉義,2024-04-15,1034
6173,信昌電,8,0,8,土銀-嘉義,2024-04-15,1034
6546,正基,8,0,8,土銀-嘉義,2024-04-15,1034
2636,台驊控股,8,1,7,土銀-嘉義,2024-04-15,1034
2736,富野,7,0,7,土銀-嘉義,2024-04-15,1034
6438,迅得,7,0,7,土銀-嘉義,2024-04-15,1034
1513,中興電,17,11,6,土銀-嘉義,2024-04-15,1034
2609,陽明,171,0,171,土銀-嘉義,2024-04-16,1034
00632R,元大台灣50反1,100,0,100,土銀-嘉義,2024-04-16,1034
00919,群益台灣精選高息,89,18,71,土銀-嘉義,2024-04-16,1034
2409,友達,64,0,64,土銀-嘉義,2024-04-16,1034
2618,長榮航,63,3,60,土銀-嘉義,2024-04-16,1034
00937B,群益ESG投等債20,52,0,52,土銀-嘉義,2024-04-16,1034
00909,國泰數位支付服務,50,0,50,土銀-嘉義,2024-04-16,1034
6770,力積電,59,13,46,土銀-嘉義,2024-04-16,1034
2891,中信金,44,0,44,土銀-嘉義,2024-04-16,1034
00939,統一台灣高息動能,41,0,41,土銀-嘉義,2024-04-16,1034
00929,復華台灣科技優息,55,15,40,土銀-嘉義,2024-04-16,1034
9105,泰金寶-DR,40,0,40,土銀-嘉義,2024-04-16,1034
4207,環泰,40,1,39,土銀-嘉義,2024-04-16,1034
2892,第一金,37,0,37,土銀-嘉義,2024-04-16,1034
2344,華邦電,37,1,36,土銀-嘉義,2024-04-16,1034
8033,雷虎,38,3,35,土銀-嘉義,2024-04-16,1034
2412,中華電,30,0,30,土銀-嘉義,2024-04-16,1034
2498,宏達電,72,42,30,土銀-嘉義,2024-04-16,1034
00878,國泰永續高股息,32,3,29,土銀-嘉義,2024-04-16,1034
2303,聯電,32,4,28,土銀-嘉義,2024-04-16,1034
2316,楠梓電,28,1,27,土銀-嘉義,2024-04-16,1034
2883,凱基金,24,0,24,土銀-嘉義,2024-04-16,1034
2408,南亞科,23,0,23,土銀-嘉義,2024-04-16,1034
2881,富邦金,22,0,22,土銀-嘉義,2024-04-16,1034
2880,華南金,21,0,21,土銀-嘉義,2024-04-16,1034
2888,新光金,24,4,20,土銀-嘉義,2024-04-16,1034
3050,鈺德,20,0,20,土銀-嘉義,2024-04-16,1034
0056,元大高股息,31,11,20,土銀-嘉義,2024-04-16,1034
1234,黑松,19,0,19,土銀-嘉義,2024-04-16,1034
3260,威剛,18,0,18,土銀-嘉義,2024-04-16,1034
9802,鈺齊-KY,16,0,16,土銀-嘉義,2024-04-16,1034
2353,宏��,19,4,15,土銀-嘉義,2024-04-16,1034
8092,建暐,14,0,14,土銀-嘉義,2024-04-16,1034
3481,群創,14,0,14,土銀-嘉義,2024-04-16,1034
2887,台新金,12,0,12,土銀-嘉義,2024-04-16,1034
2704,國賓,11,0,11,土銀-嘉義,2024-04-16,1034
4306,炎洲,11,0,11,土銀-嘉義,2024-04-16,1034
6505,台塑化,11,0,11,土銀-嘉義,2024-04-16,1034
9933,中鼎,14,3,11,土銀-嘉義,2024-04-16,1034
00918,大華優利高填息30,10,0,10,土銀-嘉義,2024-04-16,1034
2025,千興,10,0,10,土銀-嘉義,2024-04-16,1034
2884,玉山金,10,0,10,土銀-嘉義,2024-04-16,1034
2889,國票金,10,0,10,土銀-嘉義,2024-04-16,1034
00712,復華富時不動產,19,10,9,土銀-嘉義,2024-04-16,1034
2537,聯上發,11,2,9,土銀-嘉義,2024-04-16,1034
2615,萬海,9,0,9,土銀-嘉義,2024-04-16,1034
5880,合庫金,10,1,9,土銀-嘉義,2024-04-16,1034
8183,精星,9,0,9,土銀-嘉義,2024-04-16,1034
4979,華星光,11,3,8,土銀-嘉義,2024-04-16,1034
2312,金寶,8,0,8,土銀-嘉義,2024-04-16,1034
00940,元大台灣價值高息,67,1,66,土銀-嘉義,2024-04-17,1034
00637L,元大滬深300正2,54,2,52,土銀-嘉義,2024-04-17,1034
00929,復華台灣科技優息,35,3,32,土銀-嘉義,2024-04-17,1034
3481,群創,35,3,32,土銀-嘉義,2024-04-17,1034
3013,晟銘電,33,5,28,土銀-嘉義,2024-04-17,1034
2882,國泰金,24,0,24,土銀-嘉義,2024-04-17,1034
2537,聯上發,23,1,22,土銀-嘉義,2024-04-17,1034
0056,元大高股息,21,0,21,土銀-嘉義,2024-04-17,1034
2009,第一銅,27,7,20,土銀-嘉義,2024-04-17,1034
2103,台橡,20,0,20,土銀-嘉義,2024-04-17,1034
2897,王道銀行,20,0,20,土銀-嘉義,2024-04-17,1034
4207,環泰,20,0,20,土銀-嘉義,2024-04-17,1034
2408,南亞科,15,0,15,土銀-嘉義,2024-04-17,1034
2888,新光金,15,0,15,土銀-嘉義,2024-04-17,1034
1101,台泥,14,0,14,土銀-嘉義,2024-04-17,1034
3231,緯創,17,3,14,土銀-嘉義,2024-04-17,1034
00712,復華富時不動產,13,0,13,土銀-嘉義,2024-04-17,1034
2887,台新金,13,0,13,土銀-嘉義,2024-04-17,1034
00725B,國泰投資級公司債,12,0,12,土銀-嘉義,2024-04-17,1034
2409,友達,12,0,12,土銀-嘉義,2024-04-17,1034
2855,統一證,12,0,12,土銀-嘉義,2024-04-17,1034
2002,中鋼,11,0,11,土銀-嘉義,2024-04-17,1034
2486,一詮,21,10,11,土銀-嘉義,2024-04-17,1034
3484,崧騰,15,4,11,土銀-嘉義,2024-04-17,1034
00633L,富邦上証正2,10,0,10,土銀-嘉義,2024-04-17,1034
2801,彰銀,10,0,10,土銀-嘉義,2024-04-17,1034
2867,三商壽,10,0,10,土銀-嘉義,2024-04-17,1034
2889,國票金,10,0,10,土銀-嘉義,2024-04-17,1034
8936,國統,19,9,10,土銀-嘉義,2024-04-17,1034
00687B,國泰20年美債,17,8,9,土銀-嘉義,2024-04-17,1034
2501,國建,17,8,9,土銀-嘉義,2024-04-17,1034
2884,玉山金,9,0,9,土銀-嘉義,2024-04-17,1034
3027,盛達,11,2,9,土銀-嘉義,2024-04-17,1034
00941,中信上游半導體,8,0,8,土銀-嘉義,2024-04-17,1034
3260,威剛,8,0,8,土銀-嘉義,2024-04-17,1034
5310,天剛,8,0,8,土銀-嘉義,2024-04-17,1034
6770,力積電,12,4,8,土銀-嘉義,2024-04-17,1034
6505,台塑化,7,0,7,土銀-嘉義,2024-04-17,1034
6285,啟��,6,0,6,土銀-嘉義,2024-04-17,1034
2301,光寶科,6,0,6,土銀-嘉義,2024-04-17,1034
00933B,國泰10Y+金融債,6,0,6,土銀-嘉義,2024-04-17,1034
2303,聯電,11,5,6,土銀-嘉義,2024-04-17,1034
2401,凌陽,8,2,6,土銀-嘉義,2024-04-17,1034
2809,京城銀,15,9,6,土銀-嘉義,2024-04-17,1034
6191,精成科,6,0,6,土銀-嘉義,2024-04-17,1034
6283,淳安,8,2,6,土銀-嘉義,2024-04-17,1034
8011,台通,6,0,6,土銀-嘉義,2024-04-17,1034
00680L,元大美債20正2,5,0,5,土銀-嘉義,2024-04-17,1034
00679B,元大美債20年,105,100,5,土銀-嘉義,2024-04-17,1034
00720B,元大投資級公司債,5,0,5,土銀-嘉義,2024-04-17,1034
1529,樂事綠能,51,2,49,土銀-嘉義,2024-04-18,1034
00931B,統一美債20年,30,0,30,土銀-嘉義,2024-04-18,1034
5512,力麒,30,0,30,土銀-嘉義,2024-04-18,1034
3016,嘉晶,29,0,29,土銀-嘉義,2024-04-18,1034
1605,華新,51,24,27,土銀-嘉義,2024-04-18,1034
5310,天剛,27,1,26,土銀-嘉義,2024-04-18,1034
2371,大同,73,49,24,土銀-嘉義,2024-04-18,1034
00941,中信上游半導體,23,0,23,土銀-嘉義,2024-04-18,1034
2867,三商壽,20,4,16,土銀-嘉義,2024-04-18,1034
3481,群創,22,6,16,土銀-嘉義,2024-04-18,1034
1217,愛之味,15,1,14,土銀-嘉義,2024-04-18,1034
6505,台塑化,14,0,14,土銀-嘉義,2024-04-18,1034
00679B,元大美債20年,13,0,13,土銀-嘉義,2024-04-18,1034
00940,元大台灣價值高息,13,0,13,土銀-嘉義,2024-04-18,1034
00929,復華台灣科技優息,23,10,13,土銀-嘉義,2024-04-18,1034
00893,國泰智能電動車,11,0,11,土銀-嘉義,2024-04-18,1034
00687B,國泰20年美債,11,0,11,土銀-嘉義,2024-04-18,1034
2450,神腦,11,0,11,土銀-嘉義,2024-04-18,1034
00882,中信中國高股息,10,0,10,土銀-嘉義,2024-04-18,1034
1615,大山,10,0,10,土銀-嘉義,2024-04-18,1034
2354,鴻準,12,2,10,土銀-嘉義,2024-04-18,1034
2534,宏盛,10,0,10,土銀-嘉義,2024-04-18,1034
3583,辛耘,10,0,10,土銀-嘉義,2024-04-18,1034
8383,千附,12,2,10,土銀-嘉義,2024-04-18,1034
00937B,群益ESG投等債20,9,0,9,土銀-嘉義,2024-04-18,1034
0056,元大高股息,9,0,9,土銀-嘉義,2024-04-18,1034
1611,中電,9,0,9,土銀-嘉義,2024-04-18,1034
2301,光寶科,9,0,9,土銀-嘉義,2024-04-18,1034
00715L,期街口布蘭特正2,8,0,8,土銀-嘉義,2024-04-18,1034
1609,大亞,18,10,8,土銀-嘉義,2024-04-18,1034
2103,台橡,8,0,8,土銀-嘉義,2024-04-18,1034
3013,晟銘電,16,8,8,土銀-嘉義,2024-04-18,1034
6257,矽格,8,0,8,土銀-嘉義,2024-04-18,1034
1524,耿鼎,8,1,7,土銀-嘉義,2024-04-18,1034
2303,聯電,8,1,7,土銀-嘉義,2024-04-18,1034
1513,中興電,20,13,7,土銀-嘉義,2024-04-18,1034
2516,新建,6,0,6,土銀-嘉義,2024-04-18,1034
2887,台新金,6,0,6,土銀-嘉義,2024-04-18,1034
9904,寶成,6,0,6,土銀-嘉義,2024-04-18,1034
9933,中鼎,7,1,6,土銀-嘉義,2024-04-18,1034
3402,漢科,7,1,6,土銀-嘉義,2024-04-18,1034
2520,冠德,11,5,6,土銀-嘉義,2024-04-18,1034
2101,南港,5,0,5,土銀-嘉義,2024-04-18,1034
2610,華航,5,0,5,土銀-嘉義,2024-04-18,1034
2834,臺企銀,5,0,5,土銀-嘉義,2024-04-18,1034
2888,新光金,5,0,5,土銀-嘉義,2024-04-18,1034
3444,利機,5,0,5,土銀-嘉義,2024-04-18,1034
5522,遠雄,5,0,5,土銀-嘉義,2024-04-18,1034
6770,力積電,5,0,5,土銀-嘉義,2024-04-18,1034
1316,上曜,4,0,4,土銀-嘉義,2024-04-18,1034
2867,三商壽,322,0,322,土銀-嘉義,2024-04-19,1034
6770,力積電,188,14,174,土銀-嘉義,2024-04-19,1034
00929,復華台灣科技優息,118,17,101,土銀-嘉義,2024-04-19,1034
00753L,中信中國50正2,100,0,100,土銀-嘉義,2024-04-19,1034
00940,元大台灣價值高息,76,10,66,土銀-嘉義,2024-04-19,1034
00941,中信上游半導體,61,1,60,土銀-嘉義,2024-04-19,1034
2303,聯電,51,0,51,土銀-嘉義,2024-04-19,1034
2609,陽明,80,35,45,土銀-嘉義,2024-04-19,1034
00939,統一台灣高息動能,44,0,44,土銀-嘉義,2024-04-19,1034
2330,台積電,54,10,44,土銀-嘉義,2024-04-19,1034
1609,大亞,111,73,38,土銀-嘉義,2024-04-19,1034
2409,友達,35,0,35,土銀-嘉義,2024-04-19,1034
2834,臺企銀,31,1,30,土銀-嘉義,2024-04-19,1034
00878,國泰永續高股息,35,6,29,土銀-嘉義,2024-04-19,1034
0056,元大高股息,35,10,25,土銀-嘉義,2024-04-19,1034
2809,京城銀,23,0,23,土銀-嘉義,2024-04-19,1034
2891,中信金,24,2,22,土銀-嘉義,2024-04-19,1034
3006,晶豪科,21,0,21,土銀-嘉義,2024-04-19,1034
6486,互動,20,0,20,土銀-嘉義,2024-04-19,1034
2615,萬海,20,0,20,土銀-嘉義,2024-04-19,1034
2610,華航,20,2,18,土銀-嘉義,2024-04-19,1034
2882,國泰金,16,0,16,土銀-嘉義,2024-04-19,1034
2888,新光金,16,0,16,土銀-嘉義,2024-04-19,1034
2353,宏��,20,5,15,土銀-嘉義,2024-04-19,1034
2515,中工,67,52,15,土銀-嘉義,2024-04-19,1034
8033,雷虎,16,1,15,土銀-嘉義,2024-04-19,1034
2382,廣達,14,1,13,土銀-嘉義,2024-04-19,1034
2845,遠東銀,13,0,13,土銀-嘉義,2024-04-19,1034
1101,台泥,16,4,12,土銀-嘉義,2024-04-19,1034
1608,華榮,35,23,12,土銀-嘉義,2024-04-19,1034
3466,德晉,12,0,12,土銀-嘉義,2024-04-19,1034
2889,國票金,11,0,11,土銀-嘉義,2024-04-19,1034
3231,緯創,16,5,11,土銀-嘉義,2024-04-19,1034
00891,中信關鍵半導體,10,0,10,土銀-嘉義,2024-04-19,1034
2393,億光,10,0,10,土銀-嘉義,2024-04-19,1034
2838,聯邦銀,10,0,10,土銀-嘉義,2024-04-19,1034
3541,西柏,10,0,10,土銀-嘉義,2024-04-19,1034
4533,協易機,10,0,10,土銀-嘉義,2024-04-19,1034
5533,皇鼎,10,0,10,土銀-嘉義,2024-04-19,1034
6206,飛捷,10,0,10,土銀-嘉義,2024-04-19,1034
9927,泰銘,10,0,10,土銀-嘉義,2024-04-19,1034
1710,東聯,9,0,9,土銀-嘉義,2024-04-19,1034
2645,長榮航太,9,0,9,土銀-嘉義,2024-04-19,1034
5469,瀚宇博,9,0,9,土銀-嘉義,2024-04-19,1034
00919,群益台灣精選高息,17,8,9,土銀-嘉義,2024-04-19,1034
2408,南亞科,10,2,8,土銀-嘉義,2024-04-19,1034
2855,統一證,11,3,8,土銀-嘉義,2024-04-19,1034
2344,華邦電,17,10,7,土銀-嘉義,2024-04-19,1034
2374,佳能,13,6,7,土銀-嘉義,2024-04-19,1034
3059,華晶科,7,0,7,土銀-嘉義,2024-04-19,1034
00929,復華台灣科技優息,118,17,101,土銀-嘉義,2024-04-22,1034
5531,鄉林,90,1,89,土銀-嘉義,2024-04-22,1034
00940,元大台灣價值高息,91,15,76,土銀-嘉義,2024-04-22,1034
00637L,元大滬深300正2,65,0,65,土銀-嘉義,2024-04-22,1034
2371,大同,126,66,60,土銀-嘉義,2024-04-22,1034
2609,陽明,116,69,47,土銀-嘉義,2024-04-22,1034
2547,日勝生,62,16,46,土銀-嘉義,2024-04-22,1034
2885,元大金,145,100,45,土銀-嘉義,2024-04-22,1034
2303,聯電,40,1,39,土銀-嘉義,2024-04-22,1034
2515,中工,60,30,30,土銀-嘉義,2024-04-22,1034
2913,農林,30,1,29,土銀-嘉義,2024-04-22,1034
00633L,富邦上証正2,25,0,25,土銀-嘉義,2024-04-22,1034
2511,太子,30,5,25,土銀-嘉義,2024-04-22,1034
4979,華星光,24,0,24,土銀-嘉義,2024-04-22,1034
8033,雷虎,24,3,21,土銀-嘉義,2024-04-22,1034
00937B,群益ESG投等債20,20,0,20,土銀-嘉義,2024-04-22,1034
3231,緯創,19,0,19,土銀-嘉義,2024-04-22,1034
00939,統一台灣高息動能,20,2,18,土銀-嘉義,2024-04-22,1034
0056,元大高股息,18,0,18,土銀-嘉義,2024-04-22,1034
00919,群益台灣精選高息,29,12,17,土銀-嘉義,2024-04-22,1034
2344,華邦電,21,6,15,土銀-嘉義,2024-04-22,1034
2367,燿華,21,7,14,土銀-嘉義,2024-04-22,1034
00878,國泰永續高股息,13,0,13,土銀-嘉義,2024-04-22,1034
5512,力麒,64,52,12,土銀-嘉義,2024-04-22,1034
5608,四維航,14,3,11,土銀-嘉義,2024-04-22,1034
00676R,富邦臺灣加權反1,10,0,10,土銀-嘉義,2024-04-22,1034
1802,台玻,10,0,10,土銀-嘉義,2024-04-22,1034
1907,永豐餘,10,0,10,土銀-嘉義,2024-04-22,1034
2023,燁輝,10,0,10,土銀-嘉義,2024-04-22,1034
2329,華泰,12,2,10,土銀-嘉義,2024-04-22,1034
2442,新美齊,21,11,10,土銀-嘉義,2024-04-22,1034
2486,一詮,10,0,10,土銀-嘉義,2024-04-22,1034
3380,明泰,10,0,10,土銀-嘉義,2024-04-22,1034
4726,永昕,10,0,10,土銀-嘉義,2024-04-22,1034
6026,福邦證,10,0,10,土銀-嘉義,2024-04-22,1034
00738U,期元大道瓊白銀,10,1,9,土銀-嘉義,2024-04-22,1034
2382,廣達,13,4,9,土銀-嘉義,2024-04-22,1034
2408,南亞科,9,0,9,土銀-嘉義,2024-04-22,1034
4533,協易機,9,0,9,土銀-嘉義,2024-04-22,1034
6005,群益證,18,9,9,土銀-嘉義,2024-04-22,1034
8383,千附,9,0,9,土銀-嘉義,2024-04-22,1034
2409,友達,28,20,8,土銀-嘉義,2024-04-22,1034
1616,億泰,8,1,7,土銀-嘉義,2024-04-22,1034
2501,國建,19,12,7,土銀-嘉義,2024-04-22,1034
2855,統一證,21,14,7,土銀-嘉義,2024-04-22,1034
3703,欣陸,18,11,7,土銀-嘉義,2024-04-22,1034
00733,富邦臺灣中小,6,0,6,土銀-嘉義,2024-04-22,1034
1568,倉佑,6,0,6,土銀-嘉義,2024-04-22,1034
3015,全漢,11,5,6,土銀-嘉義,2024-04-22,1034
4532,瑞智,6,0,6,土銀-嘉義,2024-04-22,1034
2885,元大金,96,0,96,土銀-嘉義,2024-04-23,1034
00940,元大台灣價值高息,52,13,39,土銀-嘉義,2024-04-23,1034
8033,雷虎,19,0,19,土銀-嘉義,2024-04-23,1034
00830,國泰費城半導體,15,0,15,土銀-嘉義,2024-04-23,1034
00885,富邦越南,15,0,15,土銀-嘉義,2024-04-23,1034
2596,綠意,15,0,15,土銀-嘉義,2024-04-23,1034
8046,南電,15,0,15,土銀-嘉義,2024-04-23,1034
8092,建暐,13,0,13,土銀-嘉義,2024-04-23,1034
2303,聯電,13,1,12,土銀-嘉義,2024-04-23,1034
3466,德晉,12,0,12,土銀-嘉義,2024-04-23,1034
1101,台泥,11,0,11,土銀-嘉義,2024-04-23,1034
2344,華邦電,20,9,11,土銀-嘉義,2024-04-23,1034
6189,豐藝,11,0,11,土銀-嘉義,2024-04-23,1034
00941,中信上游半導體,10,0,10,土銀-嘉義,2024-04-23,1034
00939,統一台灣高息動能,10,0,10,土銀-嘉義,2024-04-23,1034
1535,中宇,10,0,10,土銀-嘉義,2024-04-23,1034
2023,燁輝,10,0,10,土銀-嘉義,2024-04-23,1034
2027,大成鋼,10,0,10,土銀-嘉義,2024-04-23,1034
2342,茂矽,10,0,10,土銀-嘉義,2024-04-23,1034
3311,閎暉,10,0,10,土銀-嘉義,2024-04-23,1034
6005,群益證,14,4,10,土銀-嘉義,2024-04-23,1034
2382,廣達,15,6,9,土銀-嘉義,2024-04-23,1034
00929,復華台灣科技優息,69,60,9,土銀-嘉義,2024-04-23,1034
1529,樂事綠能,9,0,9,土銀-嘉義,2024-04-23,1034
6177,達麗,9,0,9,土銀-嘉義,2024-04-23,1034
1513,中興電,17,9,8,土銀-嘉義,2024-04-23,1034
4979,華星光,23,15,8,土銀-嘉義,2024-04-23,1034
5512,力麒,33,25,8,土銀-嘉義,2024-04-23,1034
1326,台化,8,1,7,土銀-嘉義,2024-04-23,1034
00919,群益台灣精選高息,17,10,7,土銀-嘉義,2024-04-23,1034
2353,宏��,16,9,7,土銀-嘉義,2024-04-23,1034
3714,富采,7,0,7,土銀-嘉義,2024-04-23,1034
2356,英業達,6,0,6,土銀-嘉義,2024-04-23,1034
5351,鈺創,6,0,6,土銀-嘉義,2024-04-23,1034
00712,復華富時不動產,5,0,5,土銀-嘉義,2024-04-23,1034
1584,精剛,5,0,5,土銀-嘉義,2024-04-23,1034
1605,華新,5,0,5,土銀-嘉義,2024-04-23,1034
2464,盟立,5,0,5,土銀-嘉義,2024-04-23,1034
2736,富野,5,0,5,土銀-嘉義,2024-04-23,1034
6166,凌華,5,0,5,土銀-嘉義,2024-04-23,1034
6186,新潤,5,0,5,土銀-嘉義,2024-04-23,1034
00637L,元大滬深300正2,4,0,4,土銀-嘉義,2024-04-23,1034
1608,華榮,9,5,4,土銀-嘉義,2024-04-23,1034
2301,光寶科,4,0,4,土銀-嘉義,2024-04-23,1034
2317,鴻海,7,3,4,土銀-嘉義,2024-04-23,1034
2354,鴻準,41,37,4,土銀-嘉義,2024-04-23,1034
2388,威盛,4,0,4,土銀-嘉義,2024-04-23,1034
2537,聯上發,6,2,4,土銀-嘉義,2024-04-23,1034
2548,華固,22,18,4,土銀-嘉義,2024-04-23,1034
3015,全漢,11,7,4,土銀-嘉義,2024-04-23,1034
2801,彰銀,200,0,200,土銀-嘉義,2024-04-24,1034
2897,王道銀行,200,0,200,土銀-嘉義,2024-04-24,1034
1217,愛之味,78,0,78,土銀-嘉義,2024-04-24,1034
00940,元大台灣價值高息,75,10,65,土銀-嘉義,2024-04-24,1034
2501,國建,73,9,64,土銀-嘉義,2024-04-24,1034
2886,兆豐金,52,0,52,土銀-嘉義,2024-04-24,1034
00632R,元大台灣50反1,50,0,50,土銀-嘉義,2024-04-24,1034
00919,群益台灣精選高息,43,17,26,土銀-嘉義,2024-04-24,1034
2504,國產,27,2,25,土銀-嘉義,2024-04-24,1034
2834,臺企銀,30,5,25,土銀-嘉義,2024-04-24,1034
2103,台橡,23,0,23,土銀-嘉義,2024-04-24,1034
3481,群創,24,2,22,土銀-嘉義,2024-04-24,1034
00830,國泰費城半導體,20,0,20,土銀-嘉義,2024-04-24,1034
3006,晶豪科,20,0,20,土銀-嘉義,2024-04-24,1034
3231,緯創,30,12,18,土銀-嘉義,2024-04-24,1034
5511,德昌,16,0,16,土銀-嘉義,2024-04-24,1034
2337,旺宏,15,0,15,土銀-嘉義,2024-04-24,1034
2408,南亞科,21,7,14,土銀-嘉義,2024-04-24,1034
2409,友達,14,0,14,土銀-嘉義,2024-04-24,1034
5351,鈺創,14,0,14,土銀-嘉義,2024-04-24,1034
00937B,群益ESG投等債20,13,0,13,土銀-嘉義,2024-04-24,1034
2393,億光,17,4,13,土銀-嘉義,2024-04-24,1034
3055,蔚華科,13,0,13,土銀-嘉義,2024-04-24,1034
3686,達能,13,0,13,土銀-嘉義,2024-04-24,1034
6668,中揚光,13,0,13,土銀-嘉義,2024-04-24,1034
2303,聯電,17,4,13,土銀-嘉義,2024-04-24,1034
6282,康舒,13,1,12,土銀-嘉義,2024-04-24,1034
00637L,元大滬深300正2,13,2,11,土銀-嘉義,2024-04-24,1034
1608,華榮,19,8,11,土銀-嘉義,2024-04-24,1034
3050,鈺德,10,0,10,土銀-嘉義,2024-04-24,1034
6443,元晶,10,0,10,土銀-嘉義,2024-04-24,1034
8112,至上,11,1,10,土銀-嘉義,2024-04-24,1034
1102,亞泥,9,0,9,土銀-嘉義,2024-04-24,1034
1216,統一,8,0,8,土銀-嘉義,2024-04-24,1034
3715,定穎投控,9,1,8,土銀-嘉義,2024-04-24,1034
5438,東友,8,0,8,土銀-嘉義,2024-04-24,1034
2027,大成鋼,7,0,7,土銀-嘉義,2024-04-24,1034
2882,國泰金,10,3,7,土銀-嘉義,2024-04-24,1034
6770,力積電,10,3,7,土銀-嘉義,2024-04-24,1034
1101,台泥,6,0,6,土銀-嘉義,2024-04-24,1034
2353,宏��,7,1,6,土銀-嘉義,2024-04-24,1034
2374,佳能,12,6,6,土銀-嘉義,2024-04-24,1034
2890,永豐金,6,0,6,土銀-嘉義,2024-04-24,1034
3013,晟銘電,20,14,6,土銀-嘉義,2024-04-24,1034
00915,凱基優選高股息30,5,0,5,土銀-嘉義,2024-04-24,1034
0050,元大台灣50,5,0,5,土銀-嘉義,2024-04-24,1034
1319,東陽,6,1,5,土銀-嘉義,2024-04-24,1034
1453,大將,5,0,5,土銀-嘉義,2024-04-24,1034
2201,裕隆,5,0,5,土銀-嘉義,2024-04-24,1034
2375,凱美,5,0,5,土銀-嘉義,2024-04-24,1034
00909,國泰數位支付服務,59,0,59,土銀-嘉義,2024-04-25,1034
2809,京城銀,55,0,55,土銀-嘉義,2024-04-25,1034
5210,寶碩,41,0,41,土銀-嘉義,2024-04-25,1034
2743,山富,30,0,30,土銀-嘉義,2024-04-25,1034
4157,太景*-KY,30,0,30,土銀-嘉義,2024-04-25,1034
8358,金居,30,0,30,土銀-嘉義,2024-04-25,1034
3016,嘉晶,33,4,29,土銀-嘉義,2024-04-25,1034
00878,國泰永續高股息,29,0,29,土銀-嘉義,2024-04-25,1034
2885,元大金,23,0,23,土銀-嘉義,2024-04-25,1034
2891,中信金,26,6,20,土銀-嘉義,2024-04-25,1034
2489,瑞軒,19,0,19,土銀-嘉義,2024-04-25,1034
2412,中華電,17,0,17,土銀-嘉義,2024-04-25,1034
1504,東元,16,0,16,土銀-嘉義,2024-04-25,1034
5880,合庫金,16,0,16,土銀-嘉義,2024-04-25,1034
00687B,國泰20年美債,13,0,13,土銀-嘉義,2024-04-25,1034
2344,華邦電,13,0,13,土銀-嘉義,2024-04-25,1034
8222,寶一,13,0,13,土銀-嘉義,2024-04-25,1034
3013,晟銘電,11,0,11,土銀-嘉義,2024-04-25,1034
00725B,國泰投資級公司債,10,0,10,土銀-嘉義,2024-04-25,1034
00891,中信關鍵半導體,10,0,10,土銀-嘉義,2024-04-25,1034
3481,群創,19,9,10,土銀-嘉義,2024-04-25,1034
2596,綠意,9,0,9,土銀-嘉義,2024-04-25,1034
2330,台積電,10,1,9,土銀-嘉義,2024-04-25,1034
00940,元大台灣價值高息,22,14,8,土銀-嘉義,2024-04-25,1034
2308,台達電,9,1,8,土銀-嘉義,2024-04-25,1034
2337,旺宏,13,5,8,土銀-嘉義,2024-04-25,1034
2421,建準,9,1,8,土銀-嘉義,2024-04-25,1034
2501,國建,18,10,8,土銀-嘉義,2024-04-25,1034
2881,富邦金,8,0,8,土銀-嘉義,2024-04-25,1034
6770,力積電,8,0,8,土銀-嘉義,2024-04-25,1034
2393,億光,9,2,7,土銀-嘉義,2024-04-25,1034
2634,漢翔,7,0,7,土銀-嘉義,2024-04-25,1034
3231,緯創,7,0,7,土銀-嘉義,2024-04-25,1034
2356,英業達,6,0,6,土銀-嘉義,2024-04-25,1034
2317,鴻海,9,3,6,土銀-嘉義,2024-04-25,1034
1605,華新,5,0,5,土銀-嘉義,2024-04-25,1034
2201,裕隆,5,0,5,土銀-嘉義,2024-04-25,1034
2438,翔耀,5,0,5,土銀-嘉義,2024-04-25,1034
2536,宏普,5,0,5,土銀-嘉義,2024-04-25,1034
2834,臺企銀,5,0,5,土銀-嘉義,2024-04-25,1034
3081,聯亞,6,1,5,土銀-嘉義,2024-04-25,1034
3704,合勤控,5,0,5,土銀-嘉義,2024-04-25,1034
4979,華星光,26,21,5,土銀-嘉義,2024-04-25,1034
5531,鄉林,5,0,5,土銀-嘉義,2024-04-25,1034
8183,精星,5,0,5,土銀-嘉義,2024-04-25,1034
2886,兆豐金,4,0,4,土銀-嘉義,2024-04-25,1034
00882,中信中國高股息,4,0,4,土銀-嘉義,2024-04-25,1034
00680L,元大美債20正2,4,0,4,土銀-嘉義,2024-04-25,1034
2892,第一金,4,0,4,土銀-嘉義,2024-04-25,1034
4714,永捷,4,0,4,土銀-嘉義,2024-04-25,1034
3481,群創,140,20,120,土銀-嘉義,2024-04-26,1034
00940,元大台灣價值高息,106,10,96,土銀-嘉義,2024-04-26,1034
1101,台泥,89,0,89,土銀-嘉義,2024-04-26,1034
2897,王道銀行,82,0,82,土銀-嘉義,2024-04-26,1034
2371,大同,83,22,61,土銀-嘉義,2024-04-26,1034
1314,中石化,55,1,54,土銀-嘉義,2024-04-26,1034
00632R,元大台灣50反1,50,0,50,土銀-嘉義,2024-04-26,1034
2509,全坤建,45,0,45,土銀-嘉義,2024-04-26,1034
2412,中華電,40,0,40,土銀-嘉義,2024-04-26,1034
2913,農林,30,0,30,土銀-嘉義,2024-04-26,1034
3450,聯鈞,31,1,30,土銀-嘉義,2024-04-26,1034
3714,富采,31,1,30,土銀-嘉義,2024-04-26,1034
00937B,群益ESG投等債20,29,0,29,土銀-嘉義,2024-04-26,1034
5531,鄉林,32,3,29,土銀-嘉義,2024-04-26,1034
1437,勤益控,20,0,20,土銀-嘉義,2024-04-26,1034
1714,和桐,20,0,20,土銀-嘉義,2024-04-26,1034
4127,天良,20,0,20,土銀-嘉義,2024-04-26,1034
2882,國泰金,18,0,18,土銀-嘉義,2024-04-26,1034
00929,復華台灣科技優息,30,18,12,土銀-嘉義,2024-04-26,1034
2536,宏普,12,0,12,土銀-嘉義,2024-04-26,1034
2206,三陽工業,14,3,11,土銀-嘉義,2024-04-26,1034
0056,元大高股息,11,0,11,土銀-嘉義,2024-04-26,1034
2344,華邦電,11,0,11,土銀-嘉義,2024-04-26,1034
3213,茂訊,11,0,11,土銀-嘉義,2024-04-26,1034
3312,弘憶股,11,0,11,土銀-嘉義,2024-04-26,1034
3363,上詮,11,0,11,土銀-嘉義,2024-04-26,1034
3466,德晉,11,0,11,土銀-嘉義,2024-04-26,1034
3706,神達,11,0,11,土銀-嘉義,2024-04-26,1034
1440,南紡,16,6,10,土銀-嘉義,2024-04-26,1034
00830,國泰費城半導體,10,0,10,土銀-嘉義,2024-04-26,1034
1718,中纖,10,0,10,土銀-嘉義,2024-04-26,1034
2002,中鋼,10,0,10,土銀-嘉義,2024-04-26,1034
2301,光寶科,11,1,10,土銀-嘉義,2024-04-26,1034
2537,聯上發,12,2,10,土銀-嘉義,2024-04-26,1034
2545,皇翔,10,0,10,土銀-嘉義,2024-04-26,1034
2880,華南金,10,0,10,土銀-嘉義,2024-04-26,1034
5210,寶碩,10,0,10,土銀-嘉義,2024-04-26,1034
1605,華新,9,0,9,土銀-嘉義,2024-04-26,1034
2374,佳能,9,0,9,土銀-嘉義,2024-04-26,1034
1609,大亞,17,9,8,土銀-嘉義,2024-04-26,1034
6190,萬泰科,8,0,8,土銀-嘉義,2024-04-26,1034
2630,亞航,7,0,7,土銀-嘉義,2024-04-26,1034
2317,鴻海,12,6,6,土銀-嘉義,2024-04-26,1034
00680L,元大美債20正2,6,0,6,土銀-嘉義,2024-04-26,1034
1709,和益,6,0,6,土銀-嘉義,2024-04-26,1034
3035,智原,8,2,6,土銀-嘉義,2024-04-26,1034
3081,聯亞,7,1,6,土銀-嘉義,2024-04-26,1034
00679B,元大美債20年,6,0,6,土銀-嘉義,2024-04-26,1034
1316,上曜,5,0,5,土銀-嘉義,2024-04-26,1034
1618,合機,5,0,5,土銀-嘉義,2024-04-26,1034
2609,陽明,183,23,160,土銀-嘉義,2024-04-29,1034
00746B,富邦A級公司債,148,0,148,土銀-嘉義,2024-04-29,1034
00724B,群益投資級金融債,148,0,148,土銀-嘉義,2024-04-29,1034
4127,天良,62,0,62,土銀-嘉義,2024-04-29,1034
2002,中鋼,61,1,60,土銀-嘉義,2024-04-29,1034
2618,長榮航,83,26,57,土銀-嘉義,2024-04-29,1034
00937B,群益ESG投等債20,41,0,41,土銀-嘉義,2024-04-29,1034
2101,南港,36,1,35,土銀-嘉義,2024-04-29,1034
2511,太子,33,0,33,土銀-嘉義,2024-04-29,1034
2610,華航,32,4,28,土銀-嘉義,2024-04-29,1034
1314,中石化,61,35,26,土銀-嘉義,2024-04-29,1034
2743,山富,23,0,23,土銀-嘉義,2024-04-29,1034
3703,欣陸,23,0,23,土銀-嘉義,2024-04-29,1034
1909,榮成,20,1,19,土銀-嘉義,2024-04-29,1034
2596,綠意,15,0,15,土銀-嘉義,2024-04-29,1034
3466,德晉,15,0,15,土銀-嘉義,2024-04-29,1034
00919,群益台灣精選高息,22,8,14,土銀-嘉義,2024-04-29,1034
00857B,永豐20年美公債,14,0,14,土銀-嘉義,2024-04-29,1034
2515,中工,29,16,13,土銀-嘉義,2024-04-29,1034
2509,全坤建,12,0,12,土銀-嘉義,2024-04-29,1034
2009,第一銅,12,1,11,土銀-嘉義,2024-04-29,1034
00687B,國泰20年美債,10,0,10,土銀-嘉義,2024-04-29,1034
00676R,富邦臺灣加權反1,10,0,10,土銀-嘉義,2024-04-29,1034
2539,櫻花建,10,0,10,土銀-嘉義,2024-04-29,1034
2633,台灣高鐵,34,24,10,土銀-嘉義,2024-04-29,1034
3305,昇貿,10,0,10,土銀-嘉義,2024-04-29,1034
3714,富采,17,7,10,土銀-嘉義,2024-04-29,1034
3617,碩天,9,0,9,土銀-嘉義,2024-04-29,1034
2449,京元電子,8,0,8,土銀-嘉義,2024-04-29,1034
3481,群創,10,2,8,土銀-嘉義,2024-04-29,1034
1609,大亞,18,11,7,土銀-嘉義,2024-04-29,1034
2323,中環,8,1,7,土銀-嘉義,2024-04-29,1034
6173,信昌電,7,0,7,土銀-嘉義,2024-04-29,1034
6282,康舒,7,0,7,土銀-嘉義,2024-04-29,1034
1229,聯華,6,0,6,土銀-嘉義,2024-04-29,1034
00679B,元大美債20年,6,0,6,土銀-嘉義,2024-04-29,1034
3049,精金,6,0,6,土銀-嘉義,2024-04-29,1034
3211,順達,10,4,6,土銀-嘉義,2024-04-29,1034
3489,森寶,6,0,6,土銀-嘉義,2024-04-29,1034
4532,瑞智,6,0,6,土銀-嘉義,2024-04-29,1034
8112,至上,6,0,6,土銀-嘉義,2024-04-29,1034
3234,光環,8,2,6,土銀-嘉義,2024-04-29,1034
2363,矽統,14,8,6,土銀-嘉義,2024-04-29,1034
1603,華電,5,0,5,土銀-嘉義,2024-04-29,1034
1718,中纖,5,0,5,土銀-嘉義,2024-04-29,1034
1815,富喬,5,0,5,土銀-嘉義,2024-04-29,1034
2867,三商壽,5,0,5,土銀-嘉義,2024-04-29,1034
3081,聯亞,5,0,5,土銀-嘉義,2024-04-29,1034
3308,聯德,5,0,5,土銀-嘉義,2024-04-29,1034
00632R,元大台灣50反1,4,0,4,土銀-嘉義,2024-04-29,1034
2867,三商壽,500,5,495,土銀-嘉義,2024-04-30,1034
2891,中信金,136,69,67,土銀-嘉義,2024-04-30,1034
2618,長榮航,55,2,53,土銀-嘉義,2024-04-30,1034
4127,天良,52,2,50,土銀-嘉義,2024-04-30,1034
00746B,富邦A級公司債,35,0,35,土銀-嘉義,2024-04-30,1034
00724B,群益投資級金融債,35,0,35,土銀-嘉義,2024-04-30,1034
2887,台新金,33,0,33,土銀-嘉義,2024-04-30,1034
1314,中石化,31,1,30,土銀-嘉義,2024-04-30,1034
3363,上詮,52,24,28,土銀-嘉義,2024-04-30,1034
1301,台塑,26,1,25,土銀-嘉義,2024-04-30,1034
2880,華南金,26,3,23,土銀-嘉義,2024-04-30,1034
5880,合庫金,21,0,21,土銀-嘉義,2024-04-30,1034
1609,大亞,22,2,20,土銀-嘉義,2024-04-30,1034
2515,中工,24,6,18,土銀-嘉義,2024-04-30,1034
2610,華航,26,11,15,土銀-嘉義,2024-04-30,1034
6269,台郡,15,0,15,土銀-嘉義,2024-04-30,1034
00919,群益台灣精選高息,16,2,14,土銀-嘉義,2024-04-30,1034
9945,潤泰新,14,0,14,土銀-嘉義,2024-04-30,1034
1474,弘裕,13,0,13,土銀-嘉義,2024-04-30,1034
00679B,元大美債20年,12,0,12,土銀-嘉義,2024-04-30,1034
2353,宏��,11,0,11,土銀-嘉義,2024-04-30,1034
5009,榮剛,14,3,11,土銀-嘉義,2024-04-30,1034
00893,國泰智能電動車,10,0,10,土銀-嘉義,2024-04-30,1034
00937B,群益ESG投等債20,10,0,10,土銀-嘉義,2024-04-30,1034
00933B,國泰10Y+金融債,10,0,10,土銀-嘉義,2024-04-30,1034
00857B,永豐20年美公債,10,0,10,土銀-嘉義,2024-04-30,1034
00688L,國泰20年美債正2,10,0,10,土銀-嘉義,2024-04-30,1034
1718,中纖,10,0,10,土銀-嘉義,2024-04-30,1034
2009,第一銅,23,13,10,土銀-嘉義,2024-04-30,1034
6015,宏遠證,10,0,10,土銀-嘉義,2024-04-30,1034
1316,上曜,15,6,9,土銀-嘉義,2024-04-30,1034
4533,協易機,11,2,9,土銀-嘉義,2024-04-30,1034
00940,元大台灣價值高息,11,3,8,土銀-嘉義,2024-04-30,1034
00720B,元大投資級公司債,8,0,8,土銀-嘉義,2024-04-30,1034
1605,華新,9,1,8,土銀-嘉義,2024-04-30,1034
2421,建準,9,1,8,土銀-嘉義,2024-04-30,1034
4747,強生,10,2,8,土銀-嘉義,2024-04-30,1034
5439,高技,8,0,8,土銀-嘉義,2024-04-30,1034
5522,遠雄,8,0,8,土銀-嘉義,2024-04-30,1034
6282,康舒,11,3,8,土銀-嘉義,2024-04-30,1034
6443,元晶,10,2,8,土銀-嘉義,2024-04-30,1034
00878,國泰永續高股息,8,1,7,土銀-嘉義,2024-04-30,1034
2101,南港,11,4,7,土銀-嘉義,2024-04-30,1034
2609,陽明,18,11,7,土銀-嘉義,2024-04-30,1034
2884,玉山金,7,0,7,土銀-嘉義,2024-04-30,1034
3466,德晉,50,43,7,土銀-嘉義,2024-04-30,1034
1524,耿鼎,6,0,6,土銀-嘉義,2024-04-30,1034
1536,和大,6,0,6,土銀-嘉義,2024-04-30,1034
3714,富采,6,0,6,土銀-嘉義,2024-04-30,1034
2344,華邦電,5,0,5,土銀-嘉義,2024-04-30,1034
00940,元大台灣價值高息,144,0,144,土銀-嘉義,2024-05-02,1034
2889,國票金,54,27,27,土銀-嘉義,2024-05-02,1034
2887,台新金,17,0,17,土銀-嘉義,2024-05-02,1034
5009,榮剛,27,10,17,土銀-嘉義,2024-05-02,1034
3481,群創,24,8,16,土銀-嘉義,2024-05-02,1034
4909,新復興,15,0,15,土銀-嘉義,2024-05-02,1034
6592,和潤企業,15,0,15,土銀-嘉義,2024-05-02,1034
00929,復華台灣科技優息,14,1,13,土銀-嘉義,2024-05-02,1034
2353,宏��,13,0,13,土銀-嘉義,2024-05-02,1034
6190,萬泰科,16,3,13,土銀-嘉義,2024-05-02,1034
00937B,群益ESG投等債20,21,9,12,土銀-嘉義,2024-05-02,1034
1609,大亞,19,7,12,土銀-嘉義,2024-05-02,1034
9904,寶成,12,0,12,土銀-嘉義,2024-05-02,1034
2330,台積電,12,0,12,土銀-嘉義,2024-05-02,1034
4979,華星光,12,1,11,土銀-嘉義,2024-05-02,1034
00753L,中信中國50正2,10,0,10,土銀-嘉義,2024-05-02,1034
00751B,元大AAA至A公司債,10,0,10,土銀-嘉義,2024-05-02,1034
00857B,永豐20年美公債,10,0,10,土銀-嘉義,2024-05-02,1034
00687B,國泰20年美債,10,0,10,土銀-嘉義,2024-05-02,1034
00679B,元大美債20年,11,1,10,土銀-嘉義,2024-05-02,1034
2520,冠德,21,12,9,土銀-嘉義,2024-05-02,1034
2603,長榮,11,2,9,土銀-嘉義,2024-05-02,1034
1519,華城,8,0,8,土銀-嘉義,2024-05-02,1034
1524,耿鼎,10,2,8,土銀-嘉義,2024-05-02,1034
2363,矽統,20,12,8,土銀-嘉義,2024-05-02,1034
1314,中石化,63,56,7,土銀-嘉義,2024-05-02,1034
1810,和成,7,0,7,土銀-嘉義,2024-05-02,1034
2367,燿華,11,4,7,土銀-嘉義,2024-05-02,1034
2376,技嘉,10,3,7,土銀-嘉義,2024-05-02,1034
2884,玉山金,7,0,7,土銀-嘉義,2024-05-02,1034
3711,日月光投控,7,0,7,土銀-嘉義,2024-05-02,1034
00915,凱基優選高股息30,6,0,6,土銀-嘉義,2024-05-02,1034
3325,旭品,6,0,6,土銀-嘉義,2024-05-02,1034
1445,大宇,5,0,5,土銀-嘉義,2024-05-02,1034
00941,中信上游半導體,10,5,5,土銀-嘉義,2024-05-02,1034
00715L,期街口布蘭特正2,5,0,5,土銀-嘉義,2024-05-02,1034
2609,陽明,9,4,5,土銀-嘉義,2024-05-02,1034
2611,志信,9,4,5,土銀-嘉義,2024-05-02,1034
3037,欣興,5,0,5,土銀-嘉義,2024-05-02,1034
6269,台郡,7,2,5,土銀-嘉義,2024-05-02,1034
6284,佳邦,5,0,5,土銀-嘉義,2024-05-02,1034
2886,兆豐金,5,0,5,土銀-嘉義,2024-05-02,1034
2301,光寶科,4,0,4,土銀-嘉義,2024-05-02,1034
00936,台新永續高息中小,4,0,4,土銀-嘉義,2024-05-02,1034
00918,大華優利高填息30,5,1,4,土銀-嘉義,2024-05-02,1034
00878,國泰永續高股息,7,3,4,土銀-嘉義,2024-05-02,1034
1605,華新,5,1,4,土銀-嘉義,2024-05-02,1034
2401,凌陽,5,1,4,土銀-嘉義,2024-05-02,1034
2615,萬海,4,0,4,土銀-嘉義,2024-05-02,1034
2881,富邦金,4,0,4,土銀-嘉義,2024-05-02,1034
00679B,元大美債20年,202,10,192,土銀-嘉義,2024-05-03,1034
00945B,凱基美國非投等債,100,0,100,土銀-嘉義,2024-05-03,1034
2834,臺企銀,44,0,44,土銀-嘉義,2024-05-03,1034
2344,華邦電,44,1,43,土銀-嘉義,2024-05-03,1034
00937B,群益ESG投等債20,86,45,41,土銀-嘉義,2024-05-03,1034
5531,鄉林,33,0,33,土銀-嘉義,2024-05-03,1034
00936,台新永續高息中小,31,0,31,土銀-嘉義,2024-05-03,1034
00680L,元大美債20正2,30,0,30,土銀-嘉義,2024-05-03,1034
2743,山富,30,0,30,土銀-嘉義,2024-05-03,1034
2809,京城銀,30,0,30,土銀-嘉義,2024-05-03,1034
00940,元大台灣價值高息,28,0,28,土銀-嘉義,2024-05-03,1034
00918,大華優利高填息30,31,5,26,土銀-嘉義,2024-05-03,1034
2101,南港,52,31,21,土銀-嘉義,2024-05-03,1034
2880,華南金,20,3,17,土銀-嘉義,2024-05-03,1034
00712,復華富時不動產,17,0,17,土銀-嘉義,2024-05-03,1034
2511,太子,16,0,16,土銀-嘉義,2024-05-03,1034
9945,潤泰新,21,7,14,土銀-嘉義,2024-05-03,1034
1316,上曜,29,17,12,土銀-嘉義,2024-05-03,1034
00878,國泰永續高股息,11,1,10,土銀-嘉義,2024-05-03,1034
00939,統一台灣高息動能,15,5,10,土銀-嘉義,2024-05-03,1034
1504,東元,10,0,10,土銀-嘉義,2024-05-03,1034
1718,中纖,10,0,10,土銀-嘉義,2024-05-03,1034
2027,大成鋼,10,0,10,土銀-嘉義,2024-05-03,1034
2501,國建,17,7,10,土銀-嘉義,2024-05-03,1034
3363,上詮,10,0,10,土銀-嘉義,2024-05-03,1034
3484,崧騰,10,0,10,土銀-嘉義,2024-05-03,1034
5519,隆大,13,3,10,土銀-嘉義,2024-05-03,1034
6443,元晶,10,0,10,土銀-嘉義,2024-05-03,1034
2363,矽統,20,11,9,土銀-嘉義,2024-05-03,1034
2537,聯上發,14,6,8,土銀-嘉義,2024-05-03,1034
2884,玉山金,8,0,8,土銀-嘉義,2024-05-03,1034
2382,廣達,10,2,8,土銀-嘉義,2024-05-03,1034
2515,中工,16,9,7,土銀-嘉義,2024-05-03,1034
2352,佳世達,6,0,6,土銀-嘉義,2024-05-03,1034
1440,南紡,12,6,6,土銀-嘉義,2024-05-03,1034
1453,大將,9,3,6,土銀-嘉義,2024-05-03,1034
00929,復華台灣科技優息,8,2,6,土銀-嘉義,2024-05-03,1034
1584,精剛,6,0,6,土銀-嘉義,2024-05-03,1034
2356,英業達,6,0,6,土銀-嘉義,2024-05-03,1034
1591,駿吉-KY,5,0,5,土銀-嘉義,2024-05-03,1034
1618,合機,5,0,5,土銀-嘉義,2024-05-03,1034
2025,千興,5,0,5,土銀-嘉義,2024-05-03,1034
2409,友達,5,0,5,土銀-嘉義,2024-05-03,1034
2450,神腦,5,0,5,土銀-嘉義,2024-05-03,1034
2851,中再保,5,0,5,土銀-嘉義,2024-05-03,1034
2882,國泰金,8,3,5,土銀-嘉義,2024-05-03,1034
2890,永豐金,5,0,5,土銀-嘉義,2024-05-03,1034
3138,耀登,5,0,5,土銀-嘉義,2024-05-03,1034
3231,緯創,8,3,5,土銀-嘉義,2024-05-03,1034
3287,廣寰科,7,2,5,土銀-嘉義,2024-05-03,1034
00753L,中信中國50正2,192,0,192,土銀-嘉義,2024-05-06,1034
00632R,元大台灣50反1,113,0,113,土銀-嘉義,2024-05-06,1034
2610,華航,145,41,104,土銀-嘉義,2024-05-06,1034
3609,三一東林,69,0,69,土銀-嘉義,2024-05-06,1034
2371,大同,60,18,42,土銀-嘉義,2024-05-06,1034
00940,元大台灣價值高息,76,35,41,土銀-嘉義,2024-05-06,1034
2618,長榮航,68,30,38,土銀-嘉義,2024-05-06,1034
2883,凱基金,39,2,37,土銀-嘉義,2024-05-06,1034
00680L,元大美債20正2,40,4,36,土銀-嘉義,2024-05-06,1034
2913,農林,36,0,36,土銀-嘉義,2024-05-06,1034
2892,第一金,46,10,36,土銀-嘉義,2024-05-06,1034
9933,中鼎,31,0,31,土銀-嘉義,2024-05-06,1034
2743,山富,30,0,30,土銀-嘉義,2024-05-06,1034
00939,統一台灣高息動能,21,0,21,土銀-嘉義,2024-05-06,1034
00665L,富邦�琤肭磪囓�2,20,2,18,土銀-嘉義,2024-05-06,1034
2363,矽統,28,10,18,土銀-嘉義,2024-05-06,1034
2027,大成鋼,21,5,16,土銀-嘉義,2024-05-06,1034
8096,擎亞,17,3,14,土銀-嘉義,2024-05-06,1034
00929,復華台灣科技優息,20,6,14,土銀-嘉義,2024-05-06,1034
2520,冠德,25,12,13,土銀-嘉義,2024-05-06,1034
1316,上曜,17,5,12,土銀-嘉義,2024-05-06,1034
2201,裕隆,12,0,12,土銀-嘉義,2024-05-06,1034
00637L,元大滬深300正2,11,0,11,土銀-嘉義,2024-05-06,1034
00927,群益半導體收益,10,0,10,土銀-嘉義,2024-05-06,1034
00937B,群益ESG投等債20,15,5,10,土銀-嘉義,2024-05-06,1034
1437,勤益控,10,0,10,土銀-嘉義,2024-05-06,1034
2101,南港,8,0,8,土銀-嘉義,2024-05-06,1034
4967,十銓,9,1,8,土銀-嘉義,2024-05-06,1034
8112,至上,10,2,8,土銀-嘉義,2024-05-06,1034
5521,工信,9,2,7,土銀-嘉義,2024-05-06,1034
3481,群創,7,1,6,土銀-嘉義,2024-05-06,1034
1319,東陽,6,0,6,土銀-嘉義,2024-05-06,1034
1101,台泥,6,0,6,土銀-嘉義,2024-05-06,1034
1609,大亞,11,5,6,土銀-嘉義,2024-05-06,1034
2014,中鴻,6,0,6,土銀-嘉義,2024-05-06,1034
2603,長榮,6,0,6,土銀-嘉義,2024-05-06,1034
3213,茂訊,6,0,6,土銀-嘉義,2024-05-06,1034
4129,聯合,6,0,6,土銀-嘉義,2024-05-06,1034
6451,訊芯-KY,7,1,6,土銀-嘉義,2024-05-06,1034
2501,國建,25,19,6,土銀-嘉義,2024-05-06,1034
00715L,期街口布蘭特正2,5,0,5,土銀-嘉義,2024-05-06,1034
00633L,富邦上証正2,6,1,5,土銀-嘉義,2024-05-06,1034
2607,榮運,5,0,5,土銀-嘉義,2024-05-06,1034
2611,志信,6,1,5,土銀-嘉義,2024-05-06,1034
3576,聯合再生,5,0,5,土銀-嘉義,2024-05-06,1034
4533,協易機,5,0,5,土銀-嘉義,2024-05-06,1034
4906,正文,5,0,5,土銀-嘉義,2024-05-06,1034
6173,信昌電,5,0,5,土銀-嘉義,2024-05-06,1034
6547,高端疫苗,5,0,5,土銀-嘉義,2024-05-06,1034
6728,上洋,5,0,5,土銀-嘉義,2024-05-06,1034
00679B,元大美債20年,200,1,199,土銀-嘉義,2024-05-07,1034
1434,福懋,150,0,150,土銀-嘉義,2024-05-07,1034
00632R,元大台灣50反1,200,50,150,土銀-嘉義,2024-05-07,1034
2101,南港,117,2,115,土銀-嘉義,2024-05-07,1034
00878,國泰永續高股息,56,5,51,土銀-嘉義,2024-05-07,1034
3609,三一東林,44,0,44,土銀-嘉義,2024-05-07,1034
00940,元大台灣價值高息,41,0,41,土銀-嘉義,2024-05-07,1034
1591,駿吉-KY,31,0,31,土銀-嘉義,2024-05-07,1034
2344,華邦電,33,7,26,土銀-嘉義,2024-05-07,1034
1609,大亞,33,8,25,土銀-嘉義,2024-05-07,1034
2913,農林,23,0,23,土銀-嘉義,2024-05-07,1034
3363,上詮,31,9,22,土銀-嘉義,2024-05-07,1034
2888,新光金,30,10,20,土銀-嘉義,2024-05-07,1034
3686,達能,20,0,20,土銀-嘉義,2024-05-07,1034
2363,矽統,25,7,18,土銀-嘉義,2024-05-07,1034
2883,凱基金,16,0,16,土銀-嘉義,2024-05-07,1034
6215,和椿,16,0,16,土銀-嘉義,2024-05-07,1034
1101,台泥,19,4,15,土銀-嘉義,2024-05-07,1034
2241,艾姆勒,15,0,15,土銀-嘉義,2024-05-07,1034
3062,建漢,15,1,14,土銀-嘉義,2024-05-07,1034
3481,群創,18,4,14,土銀-嘉義,2024-05-07,1034
6005,群益證,12,0,12,土銀-嘉義,2024-05-07,1034
00687B,國泰20年美債,11,0,11,土銀-嘉義,2024-05-07,1034
00929,復華台灣科技優息,21,10,11,土銀-嘉義,2024-05-07,1034
2834,臺企銀,12,1,11,土銀-嘉義,2024-05-07,1034
3013,晟銘電,27,16,11,土銀-嘉義,2024-05-07,1034
3576,聯合再生,11,0,11,土銀-嘉義,2024-05-07,1034
1513,中興電,15,5,10,土銀-嘉義,2024-05-07,1034
1527,鑽全,10,0,10,土銀-嘉義,2024-05-07,1034
00937B,群益ESG投等債20,10,0,10,土銀-嘉義,2024-05-07,1034
1616,億泰,10,0,10,土銀-嘉義,2024-05-07,1034
2409,友達,10,0,10,土銀-嘉義,2024-05-07,1034
4906,正文,10,0,10,土銀-嘉義,2024-05-07,1034
6130,上亞科技,10,0,10,土銀-嘉義,2024-05-07,1034
1618,合機,14,5,9,土銀-嘉義,2024-05-07,1034
5519,隆大,13,4,9,土銀-嘉義,2024-05-07,1034
9958,世紀鋼,9,0,9,土銀-嘉義,2024-05-07,1034
2603,長榮,10,2,8,土銀-嘉義,2024-05-07,1034
4909,新復興,8,0,8,土銀-嘉義,2024-05-07,1034
2367,燿華,8,1,7,土銀-嘉義,2024-05-07,1034
6173,信昌電,7,0,7,土銀-嘉義,2024-05-07,1034
2891,中信金,10,4,6,土銀-嘉義,2024-05-07,1034
2014,中鴻,6,0,6,土銀-嘉義,2024-05-07,1034
3056,富華新,6,0,6,土銀-嘉義,2024-05-07,1034
3703,欣陸,6,0,6,土銀-嘉義,2024-05-07,1034
2317,鴻海,18,12,6,土銀-嘉義,2024-05-07,1034
00915,凱基優選高股息30,5,0,5,土銀-嘉義,2024-05-07,1034
00857B,永豐20年美公債,5,0,5,土銀-嘉義,2024-05-07,1034
1216,統一,5,0,5,土銀-嘉義,2024-05-07,1034
1612,宏泰,9,4,5,土銀-嘉義,2024-05-07,1034
2409,友達,70,4,66,土銀-嘉義,2024-05-08,1034
2501,國建,51,2,49,土銀-嘉義,2024-05-08,1034
1591,駿吉-KY,44,0,44,土銀-嘉義,2024-05-08,1034
5531,鄉林,30,0,30,土銀-嘉義,2024-05-08,1034
00940,元大台灣價值高息,24,0,24,土銀-嘉義,2024-05-08,1034
2520,冠德,22,5,17,土銀-嘉義,2024-05-08,1034
00885,富邦越南,15,0,15,土銀-嘉義,2024-05-08,1034
3609,三一東林,15,0,15,土銀-嘉義,2024-05-08,1034
2605,新興,24,10,14,土銀-嘉義,2024-05-08,1034
5519,隆大,15,1,14,土銀-嘉義,2024-05-08,1034
1503,士電,19,6,13,土銀-嘉義,2024-05-08,1034
2540,愛山林,26,13,13,土銀-嘉義,2024-05-08,1034
6770,力積電,13,0,13,土銀-嘉義,2024-05-08,1034
3363,上詮,48,36,12,土銀-嘉義,2024-05-08,1034
2603,長榮,15,4,11,土銀-嘉義,2024-05-08,1034
1316,上曜,10,0,10,土銀-嘉義,2024-05-08,1034
1722,台肥,10,0,10,土銀-嘉義,2024-05-08,1034
2009,第一銅,10,0,10,土銀-嘉義,2024-05-08,1034
4967,十銓,12,2,10,土銀-嘉義,2024-05-08,1034
8092,建暐,10,0,10,土銀-嘉義,2024-05-08,1034
9933,中鼎,10,0,10,土銀-嘉義,2024-05-08,1034
0056,元大高股息,9,0,9,土銀-嘉義,2024-05-08,1034
2374,佳能,10,1,9,土銀-嘉義,2024-05-08,1034
1326,台化,10,2,8,土銀-嘉義,2024-05-08,1034
2438,翔耀,8,0,8,土銀-嘉義,2024-05-08,1034
1314,中石化,7,0,7,土銀-嘉義,2024-05-08,1034
1307,三芳,9,2,7,土銀-嘉義,2024-05-08,1034
3481,群創,6,0,6,土銀-嘉義,2024-05-08,1034
00860B,群益1-5Y投資級債,6,0,6,土銀-嘉義,2024-05-08,1034
2002,中鋼,6,0,6,土銀-嘉義,2024-05-08,1034
2356,英業達,36,30,6,土銀-嘉義,2024-05-08,1034
3062,建漢,6,0,6,土銀-嘉義,2024-05-08,1034
6005,群益證,11,5,6,土銀-嘉義,2024-05-08,1034
5871,中租-KY,6,1,5,土銀-嘉義,2024-05-08,1034
00919,群益台灣精選高息,5,0,5,土銀-嘉義,2024-05-08,1034
00933B,國泰10Y+金融債,5,0,5,土銀-嘉義,2024-05-08,1034
00715L,期街口布蘭特正2,5,0,5,土銀-嘉義,2024-05-08,1034
00687B,國泰20年美債,5,0,5,土銀-嘉義,2024-05-08,1034
1524,耿鼎,5,0,5,土銀-嘉義,2024-05-08,1034
2323,中環,5,0,5,土銀-嘉義,2024-05-08,1034
2637,慧洋-KY,7,2,5,土銀-嘉義,2024-05-08,1034
2382,廣達,9,5,4,土銀-嘉義,2024-05-08,1034
2617,台航,4,0,4,土銀-嘉義,2024-05-08,1034
2618,長榮航,25,21,4,土銀-嘉義,2024-05-08,1034
2630,亞航,4,0,4,土銀-嘉義,2024-05-08,1034
2855,統一證,14,10,4,土銀-嘉義,2024-05-08,1034
6269,台郡,4,0,4,土銀-嘉義,2024-05-08,1034
6668,中揚光,6,2,4,土銀-嘉義,2024-05-08,1034
9945,潤泰新,6,2,4,土銀-嘉義,2024-05-08,1034
2308,台達電,3,0,3,土銀-嘉義,2024-05-08,1034
00929,復華台灣科技優息,120,0,120,土銀-嘉義,2024-05-09,1034
2618,長榮航,121,4,117,土銀-嘉義,2024-05-09,1034
00937B,群益ESG投等債20,59,0,59,土銀-嘉義,2024-05-09,1034
2890,永豐金,62,4,58,土銀-嘉義,2024-05-09,1034
2610,華航,40,0,40,土銀-嘉義,2024-05-09,1034
6185,幃翔,30,0,30,土銀-嘉義,2024-05-09,1034
2367,燿華,32,6,26,土銀-嘉義,2024-05-09,1034
00944,野村趨勢動能高息,23,1,22,土銀-嘉義,2024-05-09,1034
1591,駿吉-KY,20,0,20,土銀-嘉義,2024-05-09,1034
00932,兆豐永續高息等權,20,0,20,土銀-嘉義,2024-05-09,1034
1815,富喬,24,4,20,土銀-嘉義,2024-05-09,1034
5706,鳳凰,20,0,20,土銀-嘉義,2024-05-09,1034
00940,元大台灣價值高息,19,0,19,土銀-嘉義,2024-05-09,1034
1313,聯成,18,0,18,土銀-嘉義,2024-05-09,1034
2504,國產,17,0,17,土銀-嘉義,2024-05-09,1034
2363,矽統,19,3,16,土銀-嘉義,2024-05-09,1034
2809,京城銀,16,0,16,土銀-嘉義,2024-05-09,1034
3260,威剛,18,2,16,土銀-嘉義,2024-05-09,1034
1314,中石化,30,15,15,土銀-嘉義,2024-05-09,1034
3705,永信,15,0,15,土銀-嘉義,2024-05-09,1034
4161,聿新科,15,0,15,土銀-嘉義,2024-05-09,1034
4561,健椿,14,0,14,土銀-嘉義,2024-05-09,1034
2889,國票金,13,0,13,土銀-嘉義,2024-05-09,1034
6139,亞翔,15,2,13,土銀-嘉義,2024-05-09,1034
2392,正崴,14,2,12,土銀-嘉義,2024-05-09,1034
4533,協易機,13,1,12,土銀-嘉義,2024-05-09,1034
1101,台泥,11,0,11,土銀-嘉義,2024-05-09,1034
6214,精誠,11,0,11,土銀-嘉義,2024-05-09,1034
9945,潤泰新,10,0,10,土銀-嘉義,2024-05-09,1034
1604,聲寶,10,0,10,土銀-嘉義,2024-05-09,1034
00946,群益科技高息成長,11,1,10,土銀-嘉義,2024-05-09,1034
2201,裕隆,12,2,10,土銀-嘉義,2024-05-09,1034
2838,聯邦銀,10,0,10,土銀-嘉義,2024-05-09,1034
3484,崧騰,10,0,10,土銀-嘉義,2024-05-09,1034
4157,太景*-KY,10,0,10,土銀-嘉義,2024-05-09,1034
3231,緯創,16,6,10,土銀-嘉義,2024-05-09,1034
2880,華南金,8,0,8,土銀-嘉義,2024-05-09,1034
2887,台新金,8,0,8,土銀-嘉義,2024-05-09,1034
3090,日電貿,10,2,8,土銀-嘉義,2024-05-09,1034
3363,上詮,13,5,8,土銀-嘉義,2024-05-09,1034
3481,群創,10,2,8,土銀-嘉義,2024-05-09,1034
6207,雷科,8,0,8,土銀-嘉義,2024-05-09,1034
4979,華星光,8,1,7,土銀-嘉義,2024-05-09,1034
00939,統一台灣高息動能,7,0,7,土銀-嘉義,2024-05-09,1034
3162,精確,7,0,7,土銀-嘉義,2024-05-09,1034
5871,中租-KY,13,6,7,土銀-嘉義,2024-05-09,1034
2408,南亞科,6,0,6,土銀-嘉義,2024-05-09,1034
1504,東元,6,0,6,土銀-嘉義,2024-05-09,1034
1524,耿鼎,8,2,6,土銀-嘉義,2024-05-09,1034
2393,億光,8,2,6,土銀-嘉義,2024-05-09,1034
2892,第一金,392,50,342,土銀-嘉義,2024-05-10,1034
00937B,群益ESG投等債20,212,0,212,土銀-嘉義,2024-05-10,1034
00753L,中信中國50正2,84,0,84,土銀-嘉義,2024-05-10,1034
2409,友達,60,1,59,土銀-嘉義,2024-05-10,1034
2371,大同,56,10,46,土銀-嘉義,2024-05-10,1034
2891,中信金,59,16,43,土銀-嘉義,2024-05-10,1034
00665L,富邦�琤肭磪囓�2,32,3,29,土銀-嘉義,2024-05-10,1034
1524,耿鼎,29,3,26,土銀-嘉義,2024-05-10,1034
1307,三芳,25,0,25,土銀-嘉義,2024-05-10,1034
00929,復華台灣科技優息,26,5,21,土銀-嘉義,2024-05-10,1034
2539,櫻花建,21,0,21,土銀-嘉義,2024-05-10,1034
1515,力山,20,0,20,土銀-嘉義,2024-05-10,1034
1591,駿吉-KY,20,0,20,土銀-嘉義,2024-05-10,1034
00946,群益科技高息成長,27,10,17,土銀-嘉義,2024-05-10,1034
3363,上詮,16,0,16,土銀-嘉義,2024-05-10,1034
2834,臺企銀,15,0,15,土銀-嘉義,2024-05-10,1034
3006,晶豪科,14,0,14,土銀-嘉義,2024-05-10,1034
1605,華新,14,1,13,土銀-嘉義,2024-05-10,1034
2313,華通,16,3,13,土銀-嘉義,2024-05-10,1034
2883,凱基金,19,6,13,土銀-嘉義,2024-05-10,1034
2520,冠德,27,15,12,土銀-嘉義,2024-05-10,1034
3481,群創,12,0,12,土銀-嘉義,2024-05-10,1034
00652,富邦印度,10,0,10,土銀-嘉義,2024-05-10,1034
4561,健椿,10,0,10,土銀-嘉義,2024-05-10,1034
4909,新復興,10,0,10,土銀-嘉義,2024-05-10,1034
8112,至上,20,10,10,土銀-嘉義,2024-05-10,1034
1101,台泥,15,6,9,土銀-嘉義,2024-05-10,1034
4533,協易機,8,0,8,土銀-嘉義,2024-05-10,1034
2363,矽統,8,1,7,土銀-嘉義,2024-05-10,1034
2645,長榮航太,7,0,7,土銀-嘉義,2024-05-10,1034
2886,兆豐金,7,0,7,土銀-嘉義,2024-05-10,1034
00860B,群益1-5Y投資級債,6,0,6,土銀-嘉義,2024-05-10,1034
1815,富喬,6,0,6,土銀-嘉義,2024-05-10,1034
2211,長榮鋼,8,2,6,土銀-嘉義,2024-05-10,1034
2489,瑞軒,6,0,6,土銀-嘉義,2024-05-10,1034
4161,聿新科,6,0,6,土銀-嘉義,2024-05-10,1034
4173,久裕,6,0,6,土銀-嘉義,2024-05-10,1034
6168,宏齊,6,0,6,土銀-嘉義,2024-05-10,1034
8064,東捷,6,0,6,土銀-嘉義,2024-05-10,1034
00919,群益台灣精選高息,15,10,5,土銀-嘉義,2024-05-10,1034
00936,台新永續高息中小,5,0,5,土銀-嘉義,2024-05-10,1034
00696B,富邦美債20年,5,0,5,土銀-嘉義,2024-05-10,1034
2109,華豐,5,0,5,土銀-嘉義,2024-05-10,1034
2401,凌陽,6,1,5,土銀-嘉義,2024-05-10,1034
3162,精確,5,0,5,土銀-嘉義,2024-05-10,1034
4108,懷特,5,0,5,土銀-嘉義,2024-05-10,1034
5519,隆大,5,0,5,土銀-嘉義,2024-05-10,1034
6139,亞翔,7,2,5,土銀-嘉義,2024-05-10,1034
6668,中揚光,7,2,5,土銀-嘉義,2024-05-10,1034
8033,雷虎,5,0,5,土銀-嘉義,2024-05-10,1034
2834,臺企銀,163,0,163,土銀-嘉義,2024-05-13,1034
2892,第一金,108,0,108,土銀-嘉義,2024-05-13,1034
2618,長榮航,97,7,90,土銀-嘉義,2024-05-13,1034
2890,永豐金,100,41,59,土銀-嘉義,2024-05-13,1034
2891,中信金,37,1,36,土銀-嘉義,2024-05-13,1034
00929,復華台灣科技優息,35,0,35,土銀-嘉義,2024-05-13,1034
00945B,凱基美國非投等債,31,0,31,土銀-嘉義,2024-05-13,1034
1307,三芳,30,0,30,土銀-嘉義,2024-05-13,1034
1718,中纖,30,0,30,土銀-嘉義,2024-05-13,1034
4562,穎漢,27,3,24,土銀-嘉義,2024-05-13,1034
4114,健喬,22,0,22,土銀-嘉義,2024-05-13,1034
2630,亞航,21,0,21,土銀-嘉義,2024-05-13,1034
4903,聯光通,21,0,21,土銀-嘉義,2024-05-13,1034
5608,四維航,18,0,18,土銀-嘉義,2024-05-13,1034
006208,富邦台50,16,0,16,土銀-嘉義,2024-05-13,1034
2606,裕民,27,11,16,土銀-嘉義,2024-05-13,1034
2409,友達,15,0,15,土銀-嘉義,2024-05-13,1034
2354,鴻準,14,0,14,土銀-嘉義,2024-05-13,1034
2438,翔耀,14,0,14,土銀-嘉義,2024-05-13,1034
3260,威剛,16,2,14,土銀-嘉義,2024-05-13,1034
2317,鴻海,22,9,13,土銀-嘉義,2024-05-13,1034
1104,環泥,11,0,11,土銀-嘉義,2024-05-13,1034
2211,長榮鋼,11,0,11,土銀-嘉義,2024-05-13,1034
2539,櫻花建,11,0,11,土銀-嘉義,2024-05-13,1034
3231,緯創,10,0,10,土銀-嘉義,2024-05-13,1034
00940,元大台灣價值高息,12,2,10,土銀-嘉義,2024-05-13,1034
00715L,期街口布蘭特正2,10,0,10,土銀-嘉義,2024-05-13,1034
2547,日勝生,10,0,10,土銀-嘉義,2024-05-13,1034
6189,豐藝,10,0,10,土銀-嘉義,2024-05-13,1034
1437,勤益控,9,0,9,土銀-嘉義,2024-05-13,1034
2313,華通,9,0,9,土銀-嘉義,2024-05-13,1034
8936,國統,14,5,9,土銀-嘉義,2024-05-13,1034
2344,華邦電,8,0,8,土銀-嘉義,2024-05-13,1034
00878,國泰永續高股息,17,10,7,土銀-嘉義,2024-05-13,1034
1731,美吾華,6,0,6,土銀-嘉義,2024-05-13,1034
4161,聿新科,6,0,6,土銀-嘉義,2024-05-13,1034
1303,南亞,5,0,5,土銀-嘉義,2024-05-13,1034
2388,威盛,5,0,5,土銀-嘉義,2024-05-13,1034
2465,麗臺,5,0,5,土銀-嘉義,2024-05-13,1034
2886,兆豐金,5,0,5,土銀-嘉義,2024-05-13,1034
3617,碩天,5,0,5,土銀-嘉義,2024-05-13,1034
3711,日月光投控,5,0,5,土銀-嘉義,2024-05-13,1034
5434,崇越,5,0,5,土銀-嘉義,2024-05-13,1034
8131,福懋科,5,0,5,土銀-嘉義,2024-05-13,1034
00733,富邦臺灣中小,4,0,4,土銀-嘉義,2024-05-13,1034
00937B,群益ESG投等債20,5,1,4,土銀-嘉義,2024-05-13,1034
1608,華榮,4,0,4,土銀-嘉義,2024-05-13,1034
2362,藍天,6,2,4,土銀-嘉義,2024-05-13,1034
2449,京元電子,4,0,4,土銀-嘉義,2024-05-13,1034
2637,慧洋-KY,8,4,4,土銀-嘉義,2024-05-13,1034
2890,永豐金,109,0,109,土銀-嘉義,2024-05-14,1034
2892,第一金,100,0,100,土銀-嘉義,2024-05-14,1034
5706,鳳凰,54,0,54,土銀-嘉義,2024-05-14,1034
8936,國統,46,2,44,土銀-嘉義,2024-05-14,1034
2501,國建,43,15,28,土銀-嘉義,2024-05-14,1034
00929,復華台灣科技優息,24,0,24,土銀-嘉義,2024-05-14,1034
00632R,元大台灣50反1,22,0,22,土銀-嘉義,2024-05-14,1034
2731,雄獅,23,1,22,土銀-嘉義,2024-05-14,1034
00885,富邦越南,20,0,20,土銀-嘉義,2024-05-14,1034
5371,中光電,20,1,19,土銀-嘉義,2024-05-14,1034
1101,台泥,23,4,19,土銀-嘉義,2024-05-14,1034
2353,宏��,28,11,17,土銀-嘉義,2024-05-14,1034
2317,鴻海,19,6,13,土銀-嘉義,2024-05-14,1034
00882,中信中國高股息,15,3,12,土銀-嘉義,2024-05-14,1034
2461,光群雷,16,4,12,土銀-嘉義,2024-05-14,1034
00937B,群益ESG投等債20,10,0,10,土銀-嘉義,2024-05-14,1034
00893,國泰智能電動車,10,0,10,土銀-嘉義,2024-05-14,1034
2009,第一銅,10,0,10,土銀-嘉義,2024-05-14,1034
2101,南港,20,10,10,土銀-嘉義,2024-05-14,1034
5475,德宏,10,0,10,土銀-嘉義,2024-05-14,1034
00679B,元大美債20年,9,0,9,土銀-嘉義,2024-05-14,1034
4562,穎漢,10,1,9,土銀-嘉義,2024-05-14,1034
2634,漢翔,10,2,8,土銀-嘉義,2024-05-14,1034
5864,致和證,8,0,8,土銀-嘉義,2024-05-14,1034
9945,潤泰新,8,0,8,土銀-嘉義,2024-05-14,1034
006208,富邦台50,7,0,7,土銀-嘉義,2024-05-14,1034
3028,增你強,9,2,7,土銀-嘉義,2024-05-14,1034
3481,群創,8,1,7,土銀-嘉義,2024-05-14,1034
2615,萬海,43,37,6,土銀-嘉義,2024-05-14,1034
00631L,元大台灣50正2,6,0,6,土銀-嘉義,2024-05-14,1034
00940,元大台灣價值高息,10,4,6,土銀-嘉義,2024-05-14,1034
2371,大同,27,21,6,土銀-嘉義,2024-05-14,1034
2605,新興,27,21,6,土銀-嘉義,2024-05-14,1034
3231,緯創,6,0,6,土銀-嘉義,2024-05-14,1034
6213,聯茂,7,1,6,土銀-嘉義,2024-05-14,1034
1307,三芳,5,0,5,土銀-嘉義,2024-05-14,1034
2388,威盛,5,0,5,土銀-嘉義,2024-05-14,1034
2820,華票,5,0,5,土銀-嘉義,2024-05-14,1034
4137,麗豐-KY,5,0,5,土銀-嘉義,2024-05-14,1034
6668,中揚光,5,0,5,土銀-嘉義,2024-05-14,1034
8222,寶一,5,0,5,土銀-嘉義,2024-05-14,1034
2882,國泰金,6,1,5,土銀-嘉義,2024-05-14,1034
2603,長榮,33,29,4,土銀-嘉義,2024-05-14,1034
1522,堤維西,16,12,4,土銀-嘉義,2024-05-14,1034
1528,恩德,4,0,4,土銀-嘉義,2024-05-14,1034
00918,大華優利高填息30,4,0,4,土銀-嘉義,2024-05-14,1034
00860B,群益1-5Y投資級債,4,0,4,土銀-嘉義,2024-05-14,1034
2301,光寶科,9,5,4,土銀-嘉義,2024-05-14,1034
3652,精聯,4,0,4,土銀-嘉義,2024-05-14,1034
4561,健椿,4,0,4,土銀-嘉義,2024-05-14,1034
00937B,群益ESG投等債20,318,0,318,土銀-嘉義,2024-05-15,1034
00929,復華台灣科技優息,81,17,64,土銀-嘉義,2024-05-15,1034
00940,元大台灣價值高息,52,3,49,土銀-嘉義,2024-05-15,1034
2356,英業達,43,7,36,土銀-嘉義,2024-05-15,1034
00632R,元大台灣50反1,32,0,32,土銀-嘉義,2024-05-15,1034
00885,富邦越南,28,0,28,土銀-嘉義,2024-05-15,1034
1718,中纖,25,0,25,土銀-嘉義,2024-05-15,1034
2405,輔信,24,0,24,土銀-嘉義,2024-05-15,1034
4533,協易機,23,0,23,土銀-嘉義,2024-05-15,1034
3339,泰谷,29,8,21,土銀-嘉義,2024-05-15,1034
1307,三芳,20,0,20,土銀-嘉義,2024-05-15,1034
3060,銘異,20,1,19,土銀-嘉義,2024-05-15,1034
2303,聯電,18,2,16,土銀-嘉義,2024-05-15,1034
00740B,富邦全球投等債,15,0,15,土銀-嘉義,2024-05-15,1034
3260,威剛,15,0,15,土銀-嘉義,2024-05-15,1034
5880,合庫金,15,0,15,土銀-嘉義,2024-05-15,1034
2406,國碩,15,1,14,土銀-嘉義,2024-05-15,1034
3706,神達,15,1,14,土銀-嘉義,2024-05-15,1034
3481,群創,17,4,13,土銀-嘉義,2024-05-15,1034
3715,定穎投控,13,1,12,土銀-嘉義,2024-05-15,1034
00919,群益台灣精選高息,18,7,11,土銀-嘉義,2024-05-15,1034
5531,鄉林,11,0,11,土銀-嘉義,2024-05-15,1034
2376,技嘉,15,4,11,土銀-嘉義,2024-05-15,1034
00893,國泰智能電動車,10,0,10,土銀-嘉義,2024-05-15,1034
00725B,國泰投資級公司債,10,0,10,土銀-嘉義,2024-05-15,1034
3050,鈺德,10,0,10,土銀-嘉義,2024-05-15,1034
4979,華星光,10,0,10,土銀-嘉義,2024-05-15,1034
5608,四維航,12,2,10,土銀-嘉義,2024-05-15,1034
2367,燿華,22,13,9,土銀-嘉義,2024-05-15,1034
2317,鴻海,23,15,8,土銀-嘉義,2024-05-15,1034
1326,台化,10,2,8,土銀-嘉義,2024-05-15,1034
00676R,富邦臺灣加權反1,8,0,8,土銀-嘉義,2024-05-15,1034
1528,恩德,8,0,8,土銀-嘉義,2024-05-15,1034
00746B,富邦A級公司債,7,0,7,土銀-嘉義,2024-05-15,1034
00724B,群益投資級金融債,7,0,7,土銀-嘉義,2024-05-15,1034
1519,華城,7,0,7,土銀-嘉義,2024-05-15,1034
3498,陽程,7,0,7,土銀-嘉義,2024-05-15,1034
4561,健椿,7,0,7,土銀-嘉義,2024-05-15,1034
2208,台船,6,0,6,土銀-嘉義,2024-05-15,1034
2352,佳世達,6,0,6,土銀-嘉義,2024-05-15,1034
2542,興富發,6,0,6,土銀-嘉義,2024-05-15,1034
2613,中櫃,16,10,6,土銀-嘉義,2024-05-15,1034
3306,鼎天,6,0,6,土銀-嘉義,2024-05-15,1034
4903,聯光通,7,1,6,土銀-嘉義,2024-05-15,1034
2375,凱美,5,0,5,土銀-嘉義,2024-05-15,1034
2489,瑞軒,5,0,5,土銀-嘉義,2024-05-15,1034
3609,三一東林,5,0,5,土銀-嘉義,2024-05-15,1034
6185,幃翔,5,0,5,土銀-嘉義,2024-05-15,1034
6274,台燿,8,3,5,土銀-嘉義,2024-05-15,1034
8085,福華,5,0,5,土銀-嘉義,2024-05-15,1034
2883,凱基金,446,11,435,土銀-嘉義,2024-05-16,1034
00929,復華台灣科技優息,106,3,103,土銀-嘉義,2024-05-16,1034
00945B,凱基美國非投等債,77,0,77,土銀-嘉義,2024-05-16,1034
00878,國泰永續高股息,39,12,27,土銀-嘉義,2024-05-16,1034
2359,所羅門,31,7,24,土銀-嘉義,2024-05-16,1034
2609,陽明,101,82,19,土銀-嘉義,2024-05-16,1034
2365,昆盈,21,5,16,土銀-嘉義,2024-05-16,1034
3231,緯創,16,0,16,土銀-嘉義,2024-05-16,1034
4167,松瑞藥,15,0,15,土銀-嘉義,2024-05-16,1034
4532,瑞智,14,0,14,土銀-嘉義,2024-05-16,1034
2356,英業達,18,4,14,土銀-嘉義,2024-05-16,1034
6770,力積電,26,13,13,土銀-嘉義,2024-05-16,1034
2301,光寶科,14,1,13,土銀-嘉義,2024-05-16,1034
6176,瑞儀,13,0,13,土銀-嘉義,2024-05-16,1034
4979,華星光,11,0,11,土銀-嘉義,2024-05-16,1034
1591,駿吉-KY,11,0,11,土銀-嘉義,2024-05-16,1034
1605,華新,11,0,11,土銀-嘉義,2024-05-16,1034
4114,健喬,11,0,11,土銀-嘉義,2024-05-16,1034
00941,中信上游半導體,10,0,10,土銀-嘉義,2024-05-16,1034
00946,群益科技高息成長,10,0,10,土銀-嘉義,2024-05-16,1034
00679B,元大美債20年,11,1,10,土銀-嘉義,2024-05-16,1034
2485,兆赫,10,0,10,土銀-嘉義,2024-05-16,1034
3706,神達,11,1,10,土銀-嘉義,2024-05-16,1034
5706,鳳凰,10,0,10,土銀-嘉義,2024-05-16,1034
9902,台火,11,1,10,土銀-嘉義,2024-05-16,1034
2025,千興,8,0,8,土銀-嘉義,2024-05-16,1034
4545,銘鈺,8,0,8,土銀-嘉義,2024-05-16,1034
6209,今國光,8,0,8,土銀-嘉義,2024-05-16,1034
9945,潤泰新,8,1,7,土銀-嘉義,2024-05-16,1034
2393,億光,13,6,7,土銀-嘉義,2024-05-16,1034
2382,廣達,13,6,7,土銀-嘉義,2024-05-16,1034
2634,漢翔,6,0,6,土銀-嘉義,2024-05-16,1034
4533,協易機,22,16,6,土銀-嘉義,2024-05-16,1034
6173,信昌電,5,0,5,土銀-嘉義,2024-05-16,1034
6442,光聖,5,0,5,土銀-嘉義,2024-05-16,1034
00751B,元大AAA至A公司債,4,0,4,土銀-嘉義,2024-05-16,1034
1603,華電,4,0,4,土銀-嘉義,2024-05-16,1034
2374,佳能,8,4,4,土銀-嘉義,2024-05-16,1034
2482,連宇,4,0,4,土銀-嘉義,2024-05-16,1034
3305,昇貿,10,6,4,土銀-嘉義,2024-05-16,1034
3715,定穎投控,10,6,4,土銀-嘉義,2024-05-16,1034
4561,健椿,4,0,4,土銀-嘉義,2024-05-16,1034
5371,中光電,4,0,4,土銀-嘉義,2024-05-16,1034
6166,凌華,4,0,4,土銀-嘉義,2024-05-16,1034
6461,益得,4,0,4,土銀-嘉義,2024-05-16,1034
6624,萬年清,4,0,4,土銀-嘉義,2024-05-16,1034
8936,國統,5,1,4,土銀-嘉義,2024-05-16,1034
00631L,元大台灣50正2,3,0,3,土銀-嘉義,2024-05-16,1034
1453,大將,3,0,3,土銀-嘉義,2024-05-16,1034
1319,東陽,3,0,3,土銀-嘉義,2024-05-16,1034
2883,凱基金,477,58,419,土銀-嘉義,2024-05-17,1034
00929,復華台灣科技優息,88,0,88,土銀-嘉義,2024-05-17,1034
00937B,群益ESG投等債20,61,0,61,土銀-嘉義,2024-05-17,1034
2344,華邦電,50,0,50,土銀-嘉義,2024-05-17,1034
2610,華航,85,36,49,土銀-嘉義,2024-05-17,1034
4114,健喬,48,0,48,土銀-嘉義,2024-05-17,1034
00919,群益台灣精選高息,55,12,43,土銀-嘉義,2024-05-17,1034
2352,佳世達,39,1,38,土銀-嘉義,2024-05-17,1034
2324,仁寶,34,0,34,土銀-嘉義,2024-05-17,1034
2892,第一金,36,3,33,土銀-嘉義,2024-05-17,1034
00891,中信關鍵半導體,30,0,30,土銀-嘉義,2024-05-17,1034
2367,燿華,77,48,29,土銀-嘉義,2024-05-17,1034
3481,群創,29,2,27,土銀-嘉義,2024-05-17,1034
2027,大成鋼,32,8,24,土銀-嘉義,2024-05-17,1034
2882,國泰金,25,1,24,土銀-嘉義,2024-05-17,1034
2609,陽明,39,16,23,土銀-嘉義,2024-05-17,1034
6770,力積電,37,14,23,土銀-嘉義,2024-05-17,1034
4903,聯光通,20,0,20,土銀-嘉義,2024-05-17,1034
5706,鳳凰,20,0,20,土銀-嘉義,2024-05-17,1034
2489,瑞軒,24,5,19,土銀-嘉義,2024-05-17,1034
2371,大同,12,0,12,土銀-嘉義,2024-05-17,1034
8110,華東,12,0,12,土銀-嘉義,2024-05-17,1034
00878,國泰永續高股息,12,1,11,土銀-嘉義,2024-05-17,1034
2353,宏��,16,5,11,土銀-嘉義,2024-05-17,1034
9934,成霖,11,0,11,土銀-嘉義,2024-05-17,1034
2408,南亞科,10,0,10,土銀-嘉義,2024-05-17,1034
2317,鴻海,21,11,10,土銀-嘉義,2024-05-17,1034
00632R,元大台灣50反1,10,0,10,土銀-嘉義,2024-05-17,1034
2453,凌群,10,0,10,土銀-嘉義,2024-05-17,1034
6116,彩晶,10,0,10,土銀-嘉義,2024-05-17,1034
3702,大聯大,9,0,9,土銀-嘉義,2024-05-17,1034
6130,上亞科技,9,0,9,土銀-嘉義,2024-05-17,1034
1815,富喬,9,1,8,土銀-嘉義,2024-05-17,1034
2374,佳能,20,12,8,土銀-嘉義,2024-05-17,1034
3706,神達,9,1,8,土銀-嘉義,2024-05-17,1034
2637,慧洋-KY,7,0,7,土銀-嘉義,2024-05-17,1034
3033,威健,10,3,7,土銀-嘉義,2024-05-17,1034
1720,生達,7,1,6,土銀-嘉義,2024-05-17,1034
2301,光寶科,7,1,6,土銀-嘉義,2024-05-17,1034
4562,穎漢,6,0,6,土銀-嘉義,2024-05-17,1034
8086,宏捷科,6,0,6,土銀-嘉義,2024-05-17,1034
2349,錸德,5,0,5,土銀-嘉義,2024-05-17,1034
2427,三商電,5,0,5,土銀-嘉義,2024-05-17,1034
2476,鉅祥,5,0,5,土銀-嘉義,2024-05-17,1034
2855,統一證,5,0,5,土銀-嘉義,2024-05-17,1034
3024,憶聲,5,0,5,土銀-嘉義,2024-05-17,1034
3596,智易,5,0,5,土銀-嘉義,2024-05-17,1034
5880,合庫金,10,5,5,土銀-嘉義,2024-05-17,1034
6120,達運,5,0,5,土銀-嘉義,2024-05-17,1034
6264,富裔,6,1,5,土銀-嘉義,2024-05-17,1034
00881,國泰台灣5G+,200,2,198,土銀-嘉義,2024-05-20,1034
2883,凱基金,208,11,197,土銀-嘉義,2024-05-20,1034
2409,友達,60,2,58,土銀-嘉義,2024-05-20,1034
2610,華航,63,11,52,土銀-嘉義,2024-05-20,1034
00929,復華台灣科技優息,58,8,50,土銀-嘉義,2024-05-20,1034
00918,大華優利高填息30,45,3,42,土銀-嘉義,2024-05-20,1034
2618,長榮航,75,33,42,土銀-嘉義,2024-05-20,1034
2438,翔耀,34,0,34,土銀-嘉義,2024-05-20,1034
2367,燿華,56,23,33,土銀-嘉義,2024-05-20,1034
2501,國建,36,3,33,土銀-嘉義,2024-05-20,1034
3714,富采,35,4,31,土銀-嘉義,2024-05-20,1034
00946,群益科技高息成長,30,0,30,土銀-嘉義,2024-05-20,1034
9945,潤泰新,27,4,23,土銀-嘉義,2024-05-20,1034
2014,中鴻,27,6,21,土銀-嘉義,2024-05-20,1034
1802,台玻,20,0,20,土銀-嘉義,2024-05-20,1034
2243,宏旭-KY,20,0,20,土銀-嘉義,2024-05-20,1034
3050,鈺德,20,0,20,土銀-嘉義,2024-05-20,1034
4903,聯光通,20,0,20,土銀-嘉義,2024-05-20,1034
2885,元大金,30,10,20,土銀-嘉義,2024-05-20,1034
1609,大亞,152,136,16,土銀-嘉義,2024-05-20,1034
1304,台聚,15,0,15,土銀-嘉義,2024-05-20,1034
2344,華邦電,15,0,15,土銀-嘉義,2024-05-20,1034
4979,華星光,15,0,15,土銀-嘉義,2024-05-20,1034
2317,鴻海,19,5,14,土銀-嘉義,2024-05-20,1034
2211,長榮鋼,25,12,13,土銀-嘉義,2024-05-20,1034
2731,雄獅,17,5,12,土銀-嘉義,2024-05-20,1034
00878,國泰永續高股息,11,0,11,土銀-嘉義,2024-05-20,1034
1314,中石化,10,0,10,土銀-嘉義,2024-05-20,1034
00680L,元大美債20正2,10,0,10,土銀-嘉義,2024-05-20,1034
2611,志信,10,0,10,土銀-嘉義,2024-05-20,1034
2630,亞航,10,0,10,土銀-嘉義,2024-05-20,1034
2855,統一證,10,0,10,土銀-嘉義,2024-05-20,1034
1216,統一,9,0,9,土銀-嘉義,2024-05-20,1034
2002,中鋼,9,0,9,土銀-嘉義,2024-05-20,1034
3706,神達,23,14,9,土銀-嘉義,2024-05-20,1034
1504,東元,8,0,8,土銀-嘉義,2024-05-20,1034
00631L,元大台灣50正2,9,1,8,土銀-嘉義,2024-05-20,1034
2316,楠梓電,8,0,8,土銀-嘉義,2024-05-20,1034
2371,大同,10,2,8,土銀-嘉義,2024-05-20,1034
6456,GIS-KY,8,0,8,土銀-嘉義,2024-05-20,1034
6863,永道-KY,8,0,8,土銀-嘉義,2024-05-20,1034
5009,榮剛,8,1,7,土銀-嘉義,2024-05-20,1034
2363,矽統,15,9,6,土銀-嘉義,2024-05-20,1034
00937B,群益ESG投等債20,5,0,5,土銀-嘉義,2024-05-20,1034
00940,元大台灣價值高息,32,27,5,土銀-嘉義,2024-05-20,1034
00632R,元大台灣50反1,5,0,5,土銀-嘉義,2024-05-20,1034
1717,長興,5,0,5,土銀-嘉義,2024-05-20,1034
2406,國碩,5,0,5,土銀-嘉義,2024-05-20,1034
5371,中光電,10,5,5,土銀-嘉義,2024-05-20,1034
2489,瑞軒,6,1,5,土銀-嘉義,2024-05-20,1034
00933B,國泰10Y+金融債,69,1,68,土銀-嘉義,2024-05-21,1034
00929,復華台灣科技優息,66,0,66,土銀-嘉義,2024-05-21,1034
2409,友達,50,0,50,土銀-嘉義,2024-05-21,1034
2891,中信金,39,0,39,土銀-嘉義,2024-05-21,1034
2501,國建,31,5,26,土銀-嘉義,2024-05-21,1034
00939,統一台灣高息動能,28,3,25,土銀-嘉義,2024-05-21,1034
00882,中信中國高股息,23,0,23,土銀-嘉義,2024-05-21,1034
00878,國泰永續高股息,20,0,20,土銀-嘉義,2024-05-21,1034
3060,銘異,23,4,19,土銀-嘉義,2024-05-21,1034
1101,台泥,20,2,18,土銀-嘉義,2024-05-21,1034
00891,中信關鍵半導體,18,0,18,土銀-嘉義,2024-05-21,1034
5876,上海商銀,18,0,18,土銀-嘉義,2024-05-21,1034
3339,泰谷,17,0,17,土銀-嘉義,2024-05-21,1034
5880,合庫金,17,0,17,土銀-嘉義,2024-05-21,1034
3305,昇貿,15,0,15,土銀-嘉義,2024-05-21,1034
4533,協易機,28,13,15,土銀-嘉義,2024-05-21,1034
3481,群創,14,0,14,土銀-嘉義,2024-05-21,1034
3609,三一東林,108,97,11,土銀-嘉義,2024-05-21,1034
1316,上曜,9,0,9,土銀-嘉義,2024-05-21,1034
3363,上詮,9,0,9,土銀-嘉義,2024-05-21,1034
1605,華新,23,15,8,土銀-嘉義,2024-05-21,1034
2609,陽明,11,3,8,土銀-嘉義,2024-05-21,1034
2323,中環,6,0,6,土銀-嘉義,2024-05-21,1034
2371,大同,6,0,6,土銀-嘉義,2024-05-21,1034
2603,長榮,9,3,6,土銀-嘉義,2024-05-21,1034
00679B,元大美債20年,10,5,5,土銀-嘉義,2024-05-21,1034
1907,永豐餘,5,0,5,土銀-嘉義,2024-05-21,1034
2404,漢唐,6,1,5,土銀-嘉義,2024-05-21,1034
2611,志信,5,0,5,土銀-嘉義,2024-05-21,1034
2820,華票,5,0,5,土銀-嘉義,2024-05-21,1034
3037,欣興,5,0,5,土銀-嘉義,2024-05-21,1034
3484,崧騰,5,0,5,土銀-嘉義,2024-05-21,1034
6120,達運,5,0,5,土銀-嘉義,2024-05-21,1034
6130,上亞科技,5,0,5,土銀-嘉義,2024-05-21,1034
6770,力積電,5,0,5,土銀-嘉義,2024-05-21,1034
8050,廣積,7,2,5,土銀-嘉義,2024-05-21,1034
00937B,群益ESG投等債20,4,0,4,土銀-嘉義,2024-05-21,1034
1528,恩德,4,0,4,土銀-嘉義,2024-05-21,1034
2211,長榮鋼,4,0,4,土銀-嘉義,2024-05-21,1034
3264,欣銓,4,0,4,土銀-嘉義,2024-05-21,1034
3708,上緯投控,5,1,4,土銀-嘉義,2024-05-21,1034
4967,十銓,4,0,4,土銀-嘉義,2024-05-21,1034
6569,醫揚,4,0,4,土銀-嘉義,2024-05-21,1034
8046,南電,4,0,4,土銀-嘉義,2024-05-21,1034
1527,鑽全,3,0,3,土銀-嘉義,2024-05-21,1034
00631L,元大台灣50正2,4,1,3,土銀-嘉義,2024-05-21,1034
1785,光洋科,6,3,3,土銀-嘉義,2024-05-21,1034
2014,中鴻,3,0,3,土銀-嘉義,2024-05-21,1034
2206,三陽工業,3,0,3,土銀-嘉義,2024-05-21,1034
2241,艾姆勒,5,2,3,土銀-嘉義,2024-05-21,1034
2883,凱基金,510,0,510,土銀-嘉義,2024-05-22,1034
5880,合庫金,55,0,55,土銀-嘉義,2024-05-22,1034
2892,第一金,51,1,50,土銀-嘉義,2024-05-22,1034
2890,永豐金,37,0,37,土銀-嘉義,2024-05-22,1034
2367,燿華,50,18,32,土銀-嘉義,2024-05-22,1034
6609,瀧澤科,30,0,30,土銀-嘉義,2024-05-22,1034
2009,第一銅,85,56,29,土銀-嘉義,2024-05-22,1034
6509,聚和,24,0,24,土銀-嘉義,2024-05-22,1034
4976,佳凌,23,0,23,土銀-嘉義,2024-05-22,1034
1612,宏泰,20,0,20,土銀-嘉義,2024-05-22,1034
2002,中鋼,21,1,20,土銀-嘉義,2024-05-22,1034
00885,富邦越南,20,2,18,土銀-嘉義,2024-05-22,1034
2736,富野,18,0,18,土銀-嘉義,2024-05-22,1034
4533,協易機,61,43,18,土銀-嘉義,2024-05-22,1034
00940,元大台灣價值高息,33,16,17,土銀-嘉義,2024-05-22,1034
1611,中電,22,5,17,土銀-嘉義,2024-05-22,1034
2354,鴻準,18,1,17,土銀-嘉義,2024-05-22,1034
2618,長榮航,25,8,17,土銀-嘉義,2024-05-22,1034
00715L,期街口布蘭特正2,15,0,15,土銀-嘉義,2024-05-22,1034
00773B,中信優先金融債,15,0,15,土銀-嘉義,2024-05-22,1034
3006,晶豪科,15,0,15,土銀-嘉義,2024-05-22,1034
2374,佳能,26,12,14,土銀-嘉義,2024-05-22,1034
00893,國泰智能電動車,16,2,14,土銀-嘉義,2024-05-22,1034
2834,臺企銀,20,7,13,土銀-嘉義,2024-05-22,1034
00632R,元大台灣50反1,12,0,12,土銀-嘉義,2024-05-22,1034
2014,中鴻,12,0,12,土銀-嘉義,2024-05-22,1034
1102,亞泥,11,0,11,土銀-嘉義,2024-05-22,1034
2438,翔耀,34,23,11,土銀-嘉義,2024-05-22,1034
3260,威剛,11,0,11,土銀-嘉義,2024-05-22,1034
6147,頎邦,15,5,10,土銀-嘉義,2024-05-22,1034
00665L,富邦�琤肭磪囓�2,13,4,9,土銀-嘉義,2024-05-22,1034
3036,文曄,9,0,9,土銀-嘉義,2024-05-22,1034
1609,大亞,138,130,8,土銀-嘉義,2024-05-22,1034
2886,兆豐金,8,0,8,土銀-嘉義,2024-05-22,1034
6244,茂迪,9,1,8,土銀-嘉義,2024-05-22,1034
8033,雷虎,8,0,8,土銀-嘉義,2024-05-22,1034
9945,潤泰新,10,2,8,土銀-嘉義,2024-05-22,1034
1605,華新,8,1,7,土銀-嘉義,2024-05-22,1034
2038,海光,6,0,6,土銀-嘉義,2024-05-22,1034
2501,國建,6,0,6,土銀-嘉義,2024-05-22,1034
2630,亞航,11,5,6,土銀-嘉義,2024-05-22,1034
2884,玉山金,6,0,6,土銀-嘉義,2024-05-22,1034
3005,神基,6,0,6,土銀-嘉義,2024-05-22,1034
3702,大聯大,6,0,6,土銀-嘉義,2024-05-22,1034
6278,台表科,6,0,6,土銀-嘉義,2024-05-22,1034
3013,晟銘電,29,23,6,土銀-嘉義,2024-05-22,1034
1504,東元,5,0,5,土銀-嘉義,2024-05-22,1034
1219,福壽,5,0,5,土銀-嘉義,2024-05-22,1034
1522,堤維西,7,2,5,土銀-嘉義,2024-05-22,1034
1584,精剛,5,0,5,土銀-嘉義,2024-05-22,1034
2883,凱基金,403,202,201,土銀-嘉義,2024-05-23,1034
2002,中鋼,72,9,63,土銀-嘉義,2024-05-23,1034
2618,長榮航,64,8,56,土銀-嘉義,2024-05-23,1034
2409,友達,73,19,54,土銀-嘉義,2024-05-23,1034
1815,富喬,93,49,44,土銀-嘉義,2024-05-23,1034
00940,元大台灣價值高息,43,0,43,土銀-嘉義,2024-05-23,1034
00637L,元大滬深300正2,48,5,43,土銀-嘉義,2024-05-23,1034
2438,翔耀,42,0,42,土銀-嘉義,2024-05-23,1034
2367,燿華,87,56,31,土銀-嘉義,2024-05-23,1034
2501,國建,31,0,31,土銀-嘉義,2024-05-23,1034
2888,新光金,33,3,30,土銀-嘉義,2024-05-23,1034
2101,南港,23,0,23,土銀-嘉義,2024-05-23,1034
3363,上詮,27,6,21,土銀-嘉義,2024-05-23,1034
2324,仁寶,35,17,18,土銀-嘉義,2024-05-23,1034
2504,國產,19,1,18,土銀-嘉義,2024-05-23,1034
00631L,元大台灣50正2,14,0,14,土銀-嘉義,2024-05-23,1034
2706,第一店,13,0,13,土銀-嘉義,2024-05-23,1034
2834,臺企銀,13,0,13,土銀-嘉義,2024-05-23,1034
00937B,群益ESG投等債20,12,0,12,土銀-嘉義,2024-05-23,1034
3706,神達,18,6,12,土銀-嘉義,2024-05-23,1034
5443,均豪,12,0,12,土銀-嘉義,2024-05-23,1034
6120,達運,12,0,12,土銀-嘉義,2024-05-23,1034
6147,頎邦,12,0,12,土銀-嘉義,2024-05-23,1034
8936,國統,13,1,12,土銀-嘉義,2024-05-23,1034
1802,台玻,13,2,11,土銀-嘉義,2024-05-23,1034
2882,國泰金,12,1,11,土銀-嘉義,2024-05-23,1034
4532,瑞智,12,1,11,土銀-嘉義,2024-05-23,1034
4533,協易機,13,2,11,土銀-嘉義,2024-05-23,1034
2603,長榮,13,3,10,土銀-嘉義,2024-05-23,1034
3305,昇貿,10,0,10,土銀-嘉義,2024-05-23,1034
1314,中石化,8,0,8,土銀-嘉義,2024-05-23,1034
1612,宏泰,9,1,8,土銀-嘉義,2024-05-23,1034
2114,鑫永銓,7,0,7,土銀-嘉義,2024-05-23,1034
2363,矽統,13,6,7,土銀-嘉義,2024-05-23,1034
2610,華航,19,12,7,土銀-嘉義,2024-05-23,1034
00719B,元大美債1-3,6,0,6,土銀-嘉義,2024-05-23,1034
2371,大同,9,3,6,土銀-嘉義,2024-05-23,1034
3060,銘異,20,14,6,土銀-嘉義,2024-05-23,1034
3530,晶相光,6,0,6,土銀-嘉義,2024-05-23,1034
4979,華星光,43,38,5,土銀-嘉義,2024-05-23,1034
1474,弘裕,5,0,5,土銀-嘉義,2024-05-23,1034
1303,南亞,5,0,5,土銀-嘉義,2024-05-23,1034
1104,環泥,5,0,5,土銀-嘉義,2024-05-23,1034
006208,富邦台50,5,0,5,土銀-嘉義,2024-05-23,1034
2009,第一銅,51,46,5,土銀-嘉義,2024-05-23,1034
2107,厚生,5,0,5,土銀-嘉義,2024-05-23,1034
2356,英業達,6,1,5,土銀-嘉義,2024-05-23,1034
2867,三商壽,8,3,5,土銀-嘉義,2024-05-23,1034
2885,元大金,6,1,5,土銀-嘉義,2024-05-23,1034
4161,聿新科,5,0,5,土銀-嘉義,2024-05-23,1034
1802,台玻,201,1,200,土銀-嘉義,2024-05-24,1034
6288,聯嘉,100,0,100,土銀-嘉義,2024-05-24,1034
5876,上海商銀,90,12,78,土銀-嘉義,2024-05-24,1034
00665L,富邦�琤肭磪囓�2,66,0,66,土銀-嘉義,2024-05-24,1034
2891,中信金,67,2,65,土銀-嘉義,2024-05-24,1034
2801,彰銀,54,0,54,土銀-嘉義,2024-05-24,1034
2002,中鋼,61,11,50,土銀-嘉義,2024-05-24,1034
4979,華星光,41,6,35,土銀-嘉義,2024-05-24,1034
2409,友達,28,0,28,土銀-嘉義,2024-05-24,1034
00712,復華富時不動產,27,0,27,土銀-嘉義,2024-05-24,1034
00940,元大台灣價值高息,33,8,25,土銀-嘉義,2024-05-24,1034
2337,旺宏,25,0,25,土銀-嘉義,2024-05-24,1034
2881,富邦金,23,0,23,土銀-嘉義,2024-05-24,1034
2371,大同,24,2,22,土銀-嘉義,2024-05-24,1034
2882,國泰金,21,0,21,土銀-嘉義,2024-05-24,1034
3338,泰碩,25,4,21,土銀-嘉義,2024-05-24,1034
4533,協易機,20,1,19,土銀-嘉義,2024-05-24,1034
2313,華通,18,0,18,土銀-嘉義,2024-05-24,1034
2365,昆盈,25,7,18,土銀-嘉義,2024-05-24,1034
4952,凌通,16,0,16,土銀-嘉義,2024-05-24,1034
00637L,元大滬深300正2,20,5,15,土銀-嘉義,2024-05-24,1034
2630,亞航,18,3,15,土銀-嘉義,2024-05-24,1034
00937B,群益ESG投等債20,14,0,14,土銀-嘉義,2024-05-24,1034
1513,中興電,14,1,13,土銀-嘉義,2024-05-24,1034
2303,聯電,16,3,13,土銀-嘉義,2024-05-24,1034
3030,德律,13,0,13,土銀-嘉義,2024-05-24,1034
1504,東元,10,0,10,土銀-嘉義,2024-05-24,1034
00893,國泰智能電動車,10,0,10,土銀-嘉義,2024-05-24,1034
00946,群益科技高息成長,10,0,10,土銀-嘉義,2024-05-24,1034
2392,正崴,11,1,10,土銀-嘉義,2024-05-24,1034
3050,鈺德,10,0,10,土銀-嘉義,2024-05-24,1034
5210,寶碩,10,0,10,土銀-嘉義,2024-05-24,1034
2027,大成鋼,9,0,9,土銀-嘉義,2024-05-24,1034
2353,宏��,41,33,8,土銀-嘉義,2024-05-24,1034
5493,三聯,8,0,8,土銀-嘉義,2024-05-24,1034
6416,瑞祺電通,8,0,8,土銀-嘉義,2024-05-24,1034
00941,中信上游半導體,7,0,7,土銀-嘉義,2024-05-24,1034
2449,京元電子,7,0,7,土銀-嘉義,2024-05-24,1034
3006,晶豪科,9,2,7,土銀-嘉義,2024-05-24,1034
3339,泰谷,7,0,7,土銀-嘉義,2024-05-24,1034
2317,鴻海,12,6,6,土銀-嘉義,2024-05-24,1034
00929,復華台灣科技優息,16,10,6,土銀-嘉義,2024-05-24,1034
1313,聯成,6,0,6,土銀-嘉義,2024-05-24,1034
00858,永豐美國500大,6,0,6,土銀-嘉義,2024-05-24,1034
1605,華新,6,0,6,土銀-嘉義,2024-05-24,1034
3557,嘉威,6,0,6,土銀-嘉義,2024-05-24,1034
4561,健椿,6,0,6,土銀-嘉義,2024-05-24,1034
6244,茂迪,6,0,6,土銀-嘉義,2024-05-24,1034
9933,中鼎,7,1,6,土銀-嘉義,2024-05-24,1034
00632R,元大台灣50反1,5,0,5,土銀-嘉義,2024-05-24,1034
00940,元大台灣價值高息,1136,45,1091,土銀-嘉義,2024-05-27,1034
2883,凱基金,228,4,224,土銀-嘉義,2024-05-27,1034
1802,台玻,220,0,220,土銀-嘉義,2024-05-27,1034
2618,長榮航,57,1,56,土銀-嘉義,2024-05-27,1034
2438,翔耀,61,17,44,土銀-嘉義,2024-05-27,1034
2353,宏��,85,44,41,土銀-嘉義,2024-05-27,1034
00665L,富邦�琤肭磪囓�2,80,50,30,土銀-嘉義,2024-05-27,1034
6591,動力-KY,30,0,30,土銀-嘉義,2024-05-27,1034
5498,凱崴,22,0,22,土銀-嘉義,2024-05-27,1034
2002,中鋼,22,1,21,土銀-嘉義,2024-05-27,1034
1316,上曜,20,0,20,土銀-嘉義,2024-05-27,1034
2886,兆豐金,20,0,20,土銀-嘉義,2024-05-27,1034
6005,群益證,20,1,19,土銀-嘉義,2024-05-27,1034
00946,群益科技高息成長,32,14,18,土銀-嘉義,2024-05-27,1034
1303,南亞,16,0,16,土銀-嘉義,2024-05-27,1034
2352,佳世達,17,1,16,土銀-嘉義,2024-05-27,1034
3060,銘異,24,8,16,土銀-嘉義,2024-05-27,1034
4952,凌通,23,7,16,土銀-嘉義,2024-05-27,1034
3703,欣陸,14,0,14,土銀-嘉義,2024-05-27,1034
5371,中光電,23,9,14,土銀-嘉義,2024-05-27,1034
2317,鴻海,31,21,10,土銀-嘉義,2024-05-27,1034
2609,陽明,21,11,10,土銀-嘉義,2024-05-27,1034
00753L,中信中國50正2,10,0,10,土銀-嘉義,2024-05-27,1034
00933B,國泰10Y+金融債,10,0,10,土銀-嘉義,2024-05-27,1034
2367,燿華,11,1,10,土銀-嘉義,2024-05-27,1034
2630,亞航,11,1,10,土銀-嘉義,2024-05-27,1034
3481,群創,18,8,10,土銀-嘉義,2024-05-27,1034
3545,敦泰,10,0,10,土銀-嘉義,2024-05-27,1034
2891,中信金,12,3,9,土銀-嘉義,2024-05-27,1034
3047,訊舟,12,3,9,土銀-嘉義,2024-05-27,1034
3305,昇貿,10,1,9,土銀-嘉義,2024-05-27,1034
9105,泰金寶-DR,11,2,9,土銀-嘉義,2024-05-27,1034
00937B,群益ESG投等債20,8,0,8,土銀-嘉義,2024-05-27,1034
6719,力智,9,1,8,土銀-嘉義,2024-05-27,1034
3036,文曄,8,1,7,土銀-嘉義,2024-05-27,1034
3492,長盛,7,0,7,土銀-嘉義,2024-05-27,1034
3706,神達,26,19,7,土銀-嘉義,2024-05-27,1034
1815,富喬,9,3,6,土銀-嘉義,2024-05-27,1034
2489,瑞軒,13,7,6,土銀-嘉義,2024-05-27,1034
2520,冠德,6,0,6,土銀-嘉義,2024-05-27,1034
2610,華航,6,0,6,土銀-嘉義,2024-05-27,1034
3078,僑威,6,0,6,土銀-嘉義,2024-05-27,1034
6125,廣運,12,6,6,土銀-嘉義,2024-05-27,1034
8147,正淩,6,0,6,土銀-嘉義,2024-05-27,1034
9955,佳龍,8,2,6,土銀-嘉義,2024-05-27,1034
00712,復華富時不動產,5,0,5,土銀-嘉義,2024-05-27,1034
1342,八貫,5,0,5,土銀-嘉義,2024-05-27,1034
1568,倉佑,5,0,5,土銀-嘉義,2024-05-27,1034
2017,官田鋼,5,0,5,土銀-嘉義,2024-05-27,1034
2453,凌群,8,3,5,土銀-嘉義,2024-05-27,1034
2801,彰銀,223,0,223,土銀-嘉義,2024-05-28,1034
00946,群益科技高息成長,121,10,111,土銀-嘉義,2024-05-28,1034
4157,太景*-KY,30,0,30,土銀-嘉義,2024-05-28,1034
4533,協易機,30,1,29,土銀-嘉義,2024-05-28,1034
00937B,群益ESG投等債20,26,0,26,土銀-嘉義,2024-05-28,1034
2409,友達,25,0,25,土銀-嘉義,2024-05-28,1034
3450,聯鈞,25,1,24,土銀-嘉義,2024-05-28,1034
00679B,元大美債20年,23,0,23,土銀-嘉義,2024-05-28,1034
4906,正文,34,12,22,土銀-嘉義,2024-05-28,1034
00893,國泰智能電動車,20,0,20,土銀-嘉義,2024-05-28,1034
2891,中信金,20,0,20,土銀-嘉義,2024-05-28,1034
6456,GIS-KY,21,1,20,土銀-嘉義,2024-05-28,1034
3714,富采,30,11,19,土銀-嘉義,2024-05-28,1034
4967,十銓,19,0,19,土銀-嘉義,2024-05-28,1034
0056,元大高股息,20,2,18,土銀-嘉義,2024-05-28,1034
00631L,元大台灣50正2,15,0,15,土銀-嘉義,2024-05-28,1034
00712,復華富時不動產,15,0,15,土銀-嘉義,2024-05-28,1034
2313,華通,15,0,15,土銀-嘉義,2024-05-28,1034
2332,友訊,15,0,15,土銀-嘉義,2024-05-28,1034
2615,萬海,13,0,13,土銀-嘉義,2024-05-28,1034
4532,瑞智,13,0,13,土銀-嘉義,2024-05-28,1034
6591,動力-KY,11,0,11,土銀-嘉義,2024-05-28,1034
00915,凱基優選高股息30,10,0,10,土銀-嘉義,2024-05-28,1034
2027,大成鋼,11,1,10,土銀-嘉義,2024-05-28,1034
2382,廣達,10,0,10,土銀-嘉義,2024-05-28,1034
2886,兆豐金,10,0,10,土銀-嘉義,2024-05-28,1034
8358,金居,10,0,10,土銀-嘉義,2024-05-28,1034
00725B,國泰投資級公司債,9,0,9,土銀-嘉義,2024-05-28,1034
2426,鼎元,10,1,9,土銀-嘉義,2024-05-28,1034
4952,凌通,12,3,9,土銀-嘉義,2024-05-28,1034
6271,同欣電,10,1,9,土銀-嘉義,2024-05-28,1034
3035,智原,11,2,9,土銀-嘉義,2024-05-28,1034
3231,緯創,18,9,9,土銀-嘉義,2024-05-28,1034
1815,富喬,30,22,8,土銀-嘉義,2024-05-28,1034
2405,輔信,8,0,8,土銀-嘉義,2024-05-28,1034
2881,富邦金,10,2,8,土銀-嘉義,2024-05-28,1034
3260,威剛,11,3,8,土銀-嘉義,2024-05-28,1034
2363,矽統,10,3,7,土銀-嘉義,2024-05-28,1034
2438,翔耀,7,0,7,土銀-嘉義,2024-05-28,1034
3030,德律,7,0,7,土銀-嘉義,2024-05-28,1034
2301,光寶科,12,6,6,土銀-嘉義,2024-05-28,1034
2371,大同,6,0,6,土銀-嘉義,2024-05-28,1034
2330,台積電,6,1,5,土銀-嘉義,2024-05-28,1034
2324,仁寶,6,1,5,土銀-嘉義,2024-05-28,1034
2356,英業達,6,1,5,土銀-嘉義,2024-05-28,1034
3013,晟銘電,40,35,5,土銀-嘉義,2024-05-28,1034
3689,湧德,6,1,5,土銀-嘉義,2024-05-28,1034
4545,銘鈺,5,0,5,土銀-嘉義,2024-05-28,1034
9942,茂順,5,0,5,土銀-嘉義,2024-05-28,1034
2206,三陽工業,4,0,4,土銀-嘉義,2024-05-28,1034
2883,凱基金,615,363,252,土銀-嘉義,2024-05-29,1034
00830,國泰費城半導體,145,0,145,土銀-嘉義,2024-05-29,1034
2610,華航,121,0,121,土銀-嘉義,2024-05-29,1034
2890,永豐金,62,0,62,土銀-嘉義,2024-05-29,1034
2002,中鋼,61,0,61,土銀-嘉義,2024-05-29,1034
00918,大華優利高填息30,53,0,53,土銀-嘉義,2024-05-29,1034
1701,中化,50,0,50,土銀-嘉義,2024-05-29,1034
00929,復華台灣科技優息,46,2,44,土銀-嘉義,2024-05-29,1034
00878,國泰永續高股息,36,0,36,土銀-嘉義,2024-05-29,1034
3380,明泰,44,11,33,土銀-嘉義,2024-05-29,1034
2888,新光金,28,2,26,土銀-嘉義,2024-05-29,1034
2317,鴻海,42,18,24,土銀-嘉義,2024-05-29,1034
2489,瑞軒,39,18,21,土銀-嘉義,2024-05-29,1034
00712,復華富時不動產,19,2,17,土銀-嘉義,2024-05-29,1034
1101,台泥,16,0,16,土銀-嘉義,2024-05-29,1034
2641,正德,17,2,15,土銀-嘉義,2024-05-29,1034
2367,燿華,44,30,14,土銀-嘉義,2024-05-29,1034
00946,群益科技高息成長,13,0,13,土銀-嘉義,2024-05-29,1034
00679B,元大美債20年,18,5,13,土銀-嘉義,2024-05-29,1034
2354,鴻準,42,29,13,土銀-嘉義,2024-05-29,1034
2401,凌陽,24,11,13,土銀-嘉義,2024-05-29,1034
3048,益登,14,1,13,土銀-嘉義,2024-05-29,1034
1303,南亞,12,0,12,土銀-嘉義,2024-05-29,1034
2601,益航,14,2,12,土銀-嘉義,2024-05-29,1034
2884,玉山金,12,0,12,土銀-嘉義,2024-05-29,1034
00725B,國泰投資級公司債,10,0,10,土銀-嘉義,2024-05-29,1034
2609,陽明,27,17,10,土銀-嘉義,2024-05-29,1034
2867,三商壽,20,10,10,土銀-嘉義,2024-05-29,1034
3033,威健,10,0,10,土銀-嘉義,2024-05-29,1034
4714,永捷,10,0,10,土銀-嘉義,2024-05-29,1034
6770,力積電,10,0,10,土銀-嘉義,2024-05-29,1034
1301,台塑,9,0,9,土銀-嘉義,2024-05-29,1034
2105,正新,9,0,9,土銀-嘉義,2024-05-29,1034
2834,臺企銀,9,0,9,土銀-嘉義,2024-05-29,1034
2891,中信金,15,6,9,土銀-嘉義,2024-05-29,1034
3071,協禧,9,0,9,土銀-嘉義,2024-05-29,1034
3712,永崴投控,11,2,9,土銀-嘉義,2024-05-29,1034
4174,浩鼎,9,0,9,土銀-嘉義,2024-05-29,1034
2886,兆豐金,8,0,8,土銀-嘉義,2024-05-29,1034
00676R,富邦臺灣加權反1,8,0,8,土銀-嘉義,2024-05-29,1034
00687B,國泰20年美債,8,0,8,土銀-嘉義,2024-05-29,1034
1216,統一,8,0,8,土銀-嘉義,2024-05-29,1034
2880,華南金,7,0,7,土銀-嘉義,2024-05-29,1034
6269,台郡,7,0,7,土銀-嘉義,2024-05-29,1034
00919,群益台灣精選高息,18,11,7,土銀-嘉義,2024-05-29,1034
2352,佳世達,10,4,6,土銀-嘉義,2024-05-29,1034
2301,光寶科,12,6,6,土銀-嘉義,2024-05-29,1034
1612,宏泰,6,0,6,土銀-嘉義,2024-05-29,1034
2349,錸德,6,0,6,土銀-嘉義,2024-05-29,1034
2515,中工,10,4,6,土銀-嘉義,2024-05-29,1034
4533,協易機,104,17,87,土銀-嘉義,2024-05-30,1034
00940,元大台灣價值高息,80,2,78,土銀-嘉義,2024-05-30,1034
1815,富喬,77,21,56,土銀-嘉義,2024-05-30,1034
00665L,富邦�琤肭磪囓�2,50,0,50,土銀-嘉義,2024-05-30,1034
00929,復華台灣科技優息,48,7,41,土銀-嘉義,2024-05-30,1034
1303,南亞,40,0,40,土銀-嘉義,2024-05-30,1034
2353,宏��,45,6,39,土銀-嘉義,2024-05-30,1034
00946,群益科技高息成長,35,0,35,土銀-嘉義,2024-05-30,1034
3450,聯鈞,125,94,31,土銀-嘉義,2024-05-30,1034
2889,國票金,30,0,30,土銀-嘉義,2024-05-30,1034
3706,神達,29,0,29,土銀-嘉義,2024-05-30,1034
2886,兆豐金,28,0,28,土銀-嘉義,2024-05-30,1034
2344,華邦電,25,0,25,土銀-嘉義,2024-05-30,1034
2881,富邦金,22,0,22,土銀-嘉義,2024-05-30,1034
2834,臺企銀,26,5,21,土銀-嘉義,2024-05-30,1034
1471,首利,20,0,20,土銀-嘉義,2024-05-30,1034
2605,新興,28,8,20,土銀-嘉義,2024-05-30,1034
00918,大華優利高填息30,20,1,19,土銀-嘉義,2024-05-30,1034
2891,中信金,20,1,19,土銀-嘉義,2024-05-30,1034
00915,凱基優選高股息30,18,0,18,土銀-嘉義,2024-05-30,1034
8046,南電,18,0,18,土銀-嘉義,2024-05-30,1034
2002,中鋼,17,2,15,土銀-嘉義,2024-05-30,1034
2613,中櫃,15,0,15,土銀-嘉義,2024-05-30,1034
6005,群益證,15,0,15,土銀-嘉義,2024-05-30,1034
00893,國泰智能電動車,14,0,14,土銀-嘉義,2024-05-30,1034
2405,輔信,15,1,14,土銀-嘉義,2024-05-30,1034
2351,順德,12,0,12,土銀-嘉義,2024-05-30,1034
3071,協禧,15,3,12,土銀-嘉義,2024-05-30,1034
2801,彰銀,11,0,11,土銀-嘉義,2024-05-30,1034
1513,中興電,10,0,10,土銀-嘉義,2024-05-30,1034
00902,中信電池及儲能,10,0,10,土銀-嘉義,2024-05-30,1034
00637L,元大滬深300正2,10,0,10,土銀-嘉義,2024-05-30,1034
00891,中信關鍵半導體,10,0,10,土銀-嘉義,2024-05-30,1034
1582,信錦,11,1,10,土銀-嘉義,2024-05-30,1034
2611,志信,10,0,10,土銀-嘉義,2024-05-30,1034
2882,國泰金,20,10,10,土銀-嘉義,2024-05-30,1034
3715,定穎投控,10,0,10,土銀-嘉義,2024-05-30,1034
6209,今國光,12,2,10,土銀-嘉義,2024-05-30,1034
4561,健椿,9,0,9,土銀-嘉義,2024-05-30,1034
2615,萬海,10,1,9,土銀-嘉義,2024-05-30,1034
00878,國泰永續高股息,29,21,8,土銀-嘉義,2024-05-30,1034
00712,復華富時不動產,8,0,8,土銀-嘉義,2024-05-30,1034
00937B,群益ESG投等債20,8,0,8,土銀-嘉義,2024-05-30,1034
2356,英業達,8,0,8,土銀-嘉義,2024-05-30,1034
8105,凌巨,9,1,8,土銀-嘉義,2024-05-30,1034
1102,亞泥,7,0,7,土銀-嘉義,2024-05-30,1034
1524,耿鼎,11,4,7,土銀-嘉義,2024-05-30,1034
1528,恩德,8,1,7,土銀-嘉義,2024-05-30,1034
2363,矽統,7,0,7,土銀-嘉義,2024-05-30,1034
3202,樺晟,7,0,7,土銀-嘉義,2024-05-30,1034
00679B,元大美債20年,380,0,380,土銀-嘉義,2024-05-31,1034
00939,統一台灣高息動能,310,0,310,土銀-嘉義,2024-05-31,1034
2344,華邦電,60,1,59,土銀-嘉義,2024-05-31,1034
2867,三商壽,67,16,51,土銀-嘉義,2024-05-31,1034
00929,復華台灣科技優息,43,11,32,土銀-嘉義,2024-05-31,1034
2438,翔耀,102,75,27,土銀-嘉義,2024-05-31,1034
00919,群益台灣精選高息,33,8,25,土銀-嘉義,2024-05-31,1034
2002,中鋼,25,0,25,土銀-嘉義,2024-05-31,1034
00915,凱基優選高股息30,21,0,21,土銀-嘉義,2024-05-31,1034
00772B,中信高評級公司債,20,0,20,土銀-嘉義,2024-05-31,1034
00940,元大台灣價值高息,24,7,17,土銀-嘉義,2024-05-31,1034
4513,福裕,16,0,16,土銀-嘉義,2024-05-31,1034
00943,兆豐電子高息等權,15,0,15,土銀-嘉義,2024-05-31,1034
2498,宏達電,15,3,12,土銀-嘉義,2024-05-31,1034
6205,詮欣,12,0,12,土銀-嘉義,2024-05-31,1034
2409,友達,11,0,11,土銀-嘉義,2024-05-31,1034
00715L,期街口布蘭特正2,10,0,10,土銀-嘉義,2024-05-31,1034
2467,志聖,10,0,10,土銀-嘉義,2024-05-31,1034
2478,大毅,10,0,10,土銀-嘉義,2024-05-31,1034
2538,基泰,10,0,10,土銀-嘉義,2024-05-31,1034
2611,志信,15,5,10,土銀-嘉義,2024-05-31,1034
3231,緯創,15,6,9,土銀-嘉義,2024-05-31,1034
2884,玉山金,23,14,9,土銀-嘉義,2024-05-31,1034
2330,台積電,8,0,8,土銀-嘉義,2024-05-31,1034
2880,華南金,6,0,6,土銀-嘉義,2024-05-31,1034
2889,國票金,6,0,6,土銀-嘉義,2024-05-31,1034
4561,健椿,6,0,6,土銀-嘉義,2024-05-31,1034
2615,萬海,6,1,5,土銀-嘉義,2024-05-31,1034
1457,宜進,5,0,5,土銀-嘉義,2024-05-31,1034
1319,東陽,5,0,5,土銀-嘉義,2024-05-31,1034
1218,泰山,5,0,5,土銀-嘉義,2024-05-31,1034
2107,厚生,5,0,5,土銀-嘉義,2024-05-31,1034
2363,矽統,6,1,5,土銀-嘉義,2024-05-31,1034
2809,京城銀,5,0,5,土銀-嘉義,2024-05-31,1034
3048,益登,5,0,5,土銀-嘉義,2024-05-31,1034
3062,建漢,6,1,5,土銀-嘉義,2024-05-31,1034
4714,永捷,9,4,5,土銀-嘉義,2024-05-31,1034
6191,精成科,5,0,5,土銀-嘉義,2024-05-31,1034
8076,伍豐,5,0,5,土銀-嘉義,2024-05-31,1034
00878,國泰永續高股息,4,0,4,土銀-嘉義,2024-05-31,1034
00888,永豐台灣ESG,4,0,4,土銀-嘉義,2024-05-31,1034
1102,亞泥,6,2,4,土銀-嘉義,2024-05-31,1034
00911,兆豐洲際半導體,4,0,4,土銀-嘉義,2024-05-31,1034
2206,三陽工業,4,0,4,土銀-嘉義,2024-05-31,1034
2328,廣宇,10,6,4,土銀-嘉義,2024-05-31,1034
2331,精英,4,0,4,土銀-嘉義,2024-05-31,1034
2352,佳世達,4,0,4,土銀-嘉義,2024-05-31,1034
2515,中工,10,6,4,土銀-嘉義,2024-05-31,1034
2892,第一金,4,0,4,土銀-嘉義,2024-05-31,1034
5434,崇越,4,0,4,土銀-嘉義,2024-05-31,1034
1802,台玻,171,7,164,土銀-嘉義,2024-06-03,1034
2324,仁寶,122,1,121,土銀-嘉義,2024-06-03,1034
00830,國泰費城半導體,113,0,113,土銀-嘉義,2024-06-03,1034
2353,宏��,97,36,61,土銀-嘉義,2024-06-03,1034
00919,群益台灣精選高息,51,6,45,土銀-嘉義,2024-06-03,1034
2208,台船,37,0,37,土銀-嘉義,2024-06-03,1034
2354,鴻準,38,8,30,土銀-嘉義,2024-06-03,1034
1440,南紡,30,2,28,土銀-嘉義,2024-06-03,1034
5426,振發,25,1,24,土銀-嘉義,2024-06-03,1034
5371,中光電,26,5,21,土銀-嘉義,2024-06-03,1034
2636,台驊控股,20,0,20,土銀-嘉義,2024-06-03,1034
3059,華晶科,24,6,18,土銀-嘉義,2024-06-03,1034
1305,華夏,15,0,15,土銀-嘉義,2024-06-03,1034
6016,康和證,14,0,14,土銀-嘉義,2024-06-03,1034
1102,亞泥,13,0,13,土銀-嘉義,2024-06-03,1034
2515,中工,14,1,13,土銀-嘉義,2024-06-03,1034
00918,大華優利高填息30,12,0,12,土銀-嘉義,2024-06-03,1034
4938,和碩,19,7,12,土銀-嘉義,2024-06-03,1034
00929,復華台灣科技優息,11,0,11,土銀-嘉義,2024-06-03,1034
2880,華南金,11,0,11,土銀-嘉義,2024-06-03,1034
00715L,期街口布蘭特正2,20,10,10,土銀-嘉義,2024-06-03,1034
2014,中鴻,10,0,10,土銀-嘉義,2024-06-03,1034
2547,日勝生,10,0,10,土銀-嘉義,2024-06-03,1034
3230,錦明,10,0,10,土銀-嘉義,2024-06-03,1034
3594,磐儀,10,0,10,土銀-嘉義,2024-06-03,1034
2883,凱基金,262,253,9,土銀-嘉義,2024-06-03,1034
1326,台化,10,1,9,土銀-嘉義,2024-06-03,1034
2317,鴻海,14,5,9,土銀-嘉義,2024-06-03,1034
3202,樺晟,10,2,8,土銀-嘉義,2024-06-03,1034
2363,矽統,9,1,8,土銀-嘉義,2024-06-03,1034
2882,國泰金,25,17,8,土銀-嘉義,2024-06-03,1034
2382,廣達,7,0,7,土銀-嘉義,2024-06-03,1034
2313,華通,7,0,7,土銀-嘉義,2024-06-03,1034
2329,華泰,8,2,6,土銀-嘉義,2024-06-03,1034
3481,群創,16,10,6,土銀-嘉義,2024-06-03,1034
3231,緯創,6,1,5,土銀-嘉義,2024-06-03,1034
1605,華新,5,0,5,土銀-嘉義,2024-06-03,1034
2337,旺宏,5,0,5,土銀-嘉義,2024-06-03,1034
2349,錸德,5,0,5,土銀-嘉義,2024-06-03,1034
2605,新興,5,0,5,土銀-嘉義,2024-06-03,1034
2834,臺企銀,5,0,5,土銀-嘉義,2024-06-03,1034
3078,僑威,5,0,5,土銀-嘉義,2024-06-03,1034
3363,上詮,5,0,5,土銀-嘉義,2024-06-03,1034
6606,建德工業,5,0,5,土銀-嘉義,2024-06-03,1034
8147,正淩,8,3,5,土銀-嘉義,2024-06-03,1034
3714,富采,5,0,5,土銀-嘉義,2024-06-03,1034
00893,國泰智能電動車,4,0,4,土銀-嘉義,2024-06-03,1034
2886,兆豐金,4,0,4,土銀-嘉義,2024-06-03,1034
3060,銘異,6,2,4,土銀-嘉義,2024-06-03,1034
3325,旭品,6,2,4,土銀-嘉義,2024-06-03,1034
00918,大華優利高填息30,369,0,369,土銀-嘉義,2024-06-04,1034
2324,仁寶,144,9,135,土銀-嘉義,2024-06-04,1034
2888,新光金,110,0,110,土銀-嘉義,2024-06-04,1034
00936,台新永續高息中小,77,0,77,土銀-嘉義,2024-06-04,1034
2344,華邦電,85,10,75,土銀-嘉義,2024-06-04,1034
1802,台玻,152,98,54,土銀-嘉義,2024-06-04,1034
00929,復華台灣科技優息,47,0,47,土銀-嘉義,2024-06-04,1034
00919,群益台灣精選高息,41,0,41,土銀-嘉義,2024-06-04,1034
2409,友達,35,0,35,土銀-嘉義,2024-06-04,1034
00679B,元大美債20年,50,19,31,土銀-嘉義,2024-06-04,1034
3481,群創,28,1,27,土銀-嘉義,2024-06-04,1034
2354,鴻準,46,24,22,土銀-嘉義,2024-06-04,1034
00878,國泰永續高股息,22,1,21,土銀-嘉義,2024-06-04,1034
4976,佳凌,26,5,21,土銀-嘉義,2024-06-04,1034
2801,彰銀,22,2,20,土銀-嘉義,2024-06-04,1034
3594,磐儀,20,0,20,土銀-嘉義,2024-06-04,1034
6695,芯鼎,20,0,20,土銀-嘉義,2024-06-04,1034
8096,擎亞,20,0,20,土銀-嘉義,2024-06-04,1034
2002,中鋼,19,0,19,土銀-嘉義,2024-06-04,1034
2317,鴻海,23,5,18,土銀-嘉義,2024-06-04,1034
2312,金寶,22,4,18,土銀-嘉義,2024-06-04,1034
2408,南亞科,18,0,18,土銀-嘉義,2024-06-04,1034
2603,長榮,23,6,17,土銀-嘉義,2024-06-04,1034
2353,宏��,17,0,17,土銀-嘉義,2024-06-04,1034
2365,昆盈,18,1,17,土銀-嘉義,2024-06-04,1034
3202,樺晟,17,0,17,土銀-嘉義,2024-06-04,1034
2337,旺宏,21,5,16,土銀-嘉義,2024-06-04,1034
1313,聯成,15,0,15,土銀-嘉義,2024-06-04,1034
2331,精英,26,11,15,土銀-嘉義,2024-06-04,1034
5468,凱鈺,14,0,14,土銀-嘉義,2024-06-04,1034
2889,國票金,13,0,13,土銀-嘉義,2024-06-04,1034
1305,華夏,12,0,12,土銀-嘉義,2024-06-04,1034
00715L,期街口布蘭特正2,12,0,12,土銀-嘉義,2024-06-04,1034
00712,復華富時不動產,13,1,12,土銀-嘉義,2024-06-04,1034
2009,第一銅,13,1,12,土銀-嘉義,2024-06-04,1034
4967,十銓,13,1,12,土銀-嘉義,2024-06-04,1034
6005,群益證,12,0,12,土銀-嘉義,2024-06-04,1034
6189,豐藝,13,1,12,土銀-嘉義,2024-06-04,1034
00642U,期元大S＆P石油,10,0,10,土銀-嘉義,2024-06-04,1034
00830,國泰費城半導體,10,0,10,土銀-嘉義,2024-06-04,1034
00751B,元大AAA至A公司債,10,0,10,土銀-嘉義,2024-06-04,1034
4714,永捷,10,0,10,土銀-嘉義,2024-06-04,1034
1101,台泥,9,0,9,土銀-嘉義,2024-06-04,1034
1326,台化,10,1,9,土銀-嘉義,2024-06-04,1034
2228,劍麟,10,1,9,土銀-嘉義,2024-06-04,1034
2618,長榮航,9,0,9,土銀-嘉義,2024-06-04,1034
2851,中再保,9,0,9,土銀-嘉義,2024-06-04,1034
6185,幃翔,10,1,9,土銀-嘉義,2024-06-04,1034
1303,南亞,15,6,9,土銀-嘉義,2024-06-04,1034
1513,中興電,10,2,8,土銀-嘉義,2024-06-04,1034
00939,統一台灣高息動能,100,0,100,土銀-嘉義,2024-06-05,1034
00929,復華台灣科技優息,58,0,58,土銀-嘉義,2024-06-05,1034
2547,日勝生,50,0,50,土銀-嘉義,2024-06-05,1034
00919,群益台灣精選高息,50,10,40,土銀-嘉義,2024-06-05,1034
2002,中鋼,39,0,39,土銀-嘉義,2024-06-05,1034
2409,友達,50,14,36,土銀-嘉義,2024-06-05,1034
2101,南港,33,1,32,土銀-嘉義,2024-06-05,1034
2888,新光金,35,4,31,土銀-嘉義,2024-06-05,1034
2105,正新,28,0,28,土銀-嘉義,2024-06-05,1034
00878,國泰永續高股息,27,0,27,土銀-嘉義,2024-06-05,1034
2201,裕隆,20,0,20,土銀-嘉義,2024-06-05,1034
2515,中工,20,0,20,土銀-嘉義,2024-06-05,1034
3285,微端,21,1,20,土銀-嘉義,2024-06-05,1034
4533,協易機,30,12,18,土銀-嘉義,2024-06-05,1034
5880,合庫金,16,0,16,土銀-嘉義,2024-06-05,1034
2303,聯電,14,0,14,土銀-嘉義,2024-06-05,1034
3338,泰碩,13,0,13,土銀-嘉義,2024-06-05,1034
2313,華通,13,1,12,土銀-嘉義,2024-06-05,1034
2478,大毅,11,0,11,土銀-嘉義,2024-06-05,1034
2812,台中銀,11,0,11,土銀-嘉義,2024-06-05,1034
6547,高端疫苗,11,0,11,土銀-嘉義,2024-06-05,1034
1101,台泥,13,3,10,土銀-嘉義,2024-06-05,1034
00891,中信關鍵半導體,10,0,10,土銀-嘉義,2024-06-05,1034
2889,國票金,10,0,10,土銀-嘉義,2024-06-05,1034
3019,亞光,10,0,10,土銀-嘉義,2024-06-05,1034
3060,銘異,10,0,10,土銀-嘉義,2024-06-05,1034
0056,元大高股息,10,0,10,土銀-嘉義,2024-06-05,1034
2603,長榮,13,4,9,土銀-嘉義,2024-06-05,1034
2834,臺企銀,10,1,9,土銀-嘉義,2024-06-05,1034
2605,新興,13,5,8,土銀-嘉義,2024-06-05,1034
3308,聯德,9,1,8,土銀-嘉義,2024-06-05,1034
4543,萬在,8,0,8,土銀-嘉義,2024-06-05,1034
6125,廣運,24,16,8,土銀-嘉義,2024-06-05,1034
1314,中石化,7,0,7,土銀-嘉義,2024-06-05,1034
2363,矽統,7,1,6,土銀-嘉義,2024-06-05,1034
1513,中興電,5,0,5,土銀-嘉義,2024-06-05,1034
1313,聯成,5,0,5,土銀-嘉義,2024-06-05,1034
00715L,期街口布蘭特正2,5,0,5,土銀-嘉義,2024-06-05,1034
1605,華新,6,1,5,土銀-嘉義,2024-06-05,1034
1760,寶齡富錦,5,0,5,土銀-嘉義,2024-06-05,1034
2305,全友,5,0,5,土銀-嘉義,2024-06-05,1034
2337,旺宏,5,0,5,土銀-嘉義,2024-06-05,1034
2362,藍天,10,5,5,土銀-嘉義,2024-06-05,1034
2464,盟立,150,145,5,土銀-嘉義,2024-06-05,1034
3231,緯創,5,0,5,土銀-嘉義,2024-06-05,1034
3311,閎暉,5,0,5,土銀-嘉義,2024-06-05,1034
5522,遠雄,6,1,5,土銀-嘉義,2024-06-05,1034
6166,凌華,5,0,5,土銀-嘉義,2024-06-05,1034
6213,聯茂,5,0,5,土銀-嘉義,2024-06-05,1034
3037,欣興,4,0,4,土銀-嘉義,2024-06-05,1034
00918,大華優利高填息30,154,0,154,土銀-嘉義,2024-06-06,1034
00687B,國泰20年美債,251,162,89,土銀-嘉義,2024-06-06,1034
00933B,國泰10Y+金融債,51,0,51,土銀-嘉義,2024-06-06,1034
2609,陽明,73,42,31,土銀-嘉義,2024-06-06,1034
1305,華夏,30,0,30,土銀-嘉義,2024-06-06,1034
2101,南港,84,56,28,土銀-嘉義,2024-06-06,1034
2201,裕隆,20,0,20,土銀-嘉義,2024-06-06,1034
2618,長榮航,28,10,18,土銀-嘉義,2024-06-06,1034
2354,鴻準,22,5,17,土銀-嘉義,2024-06-06,1034
4967,十銓,17,0,17,土銀-嘉義,2024-06-06,1034
8110,華東,17,0,17,土銀-嘉義,2024-06-06,1034
1587,吉茂,15,0,15,土銀-嘉義,2024-06-06,1034
006208,富邦台50,13,0,13,土銀-嘉義,2024-06-06,1034
00665L,富邦�琤肭磪囓�2,12,0,12,土銀-嘉義,2024-06-06,1034
2888,新光金,12,1,11,土銀-嘉義,2024-06-06,1034
00725B,國泰投資級公司債,10,0,10,土銀-嘉義,2024-06-06,1034
2344,華邦電,15,5,10,土銀-嘉義,2024-06-06,1034
4714,永捷,10,0,10,土銀-嘉義,2024-06-06,1034
6116,彩晶,10,0,10,土銀-嘉義,2024-06-06,1034
1326,台化,10,1,9,土銀-嘉義,2024-06-06,1034
2303,聯電,20,11,9,土銀-嘉義,2024-06-06,1034
2356,英業達,10,1,9,土銀-嘉義,2024-06-06,1034
2608,嘉里大榮,9,0,9,土銀-嘉義,2024-06-06,1034
1313,聯成,8,0,8,土銀-嘉義,2024-06-06,1034
00676R,富邦臺灣加權反1,8,0,8,土銀-嘉義,2024-06-06,1034
2351,順德,8,0,8,土銀-嘉義,2024-06-06,1034
2615,萬海,15,7,8,土銀-嘉義,2024-06-06,1034
6188,廣明,22,15,7,土銀-嘉義,2024-06-06,1034
00712,復華富時不動產,7,0,7,土銀-嘉義,2024-06-06,1034
2365,昆盈,7,0,7,土銀-嘉義,2024-06-06,1034
5880,合庫金,9,2,7,土銀-嘉義,2024-06-06,1034
8033,雷虎,7,0,7,土銀-嘉義,2024-06-06,1034
1102,亞泥,7,1,6,土銀-嘉義,2024-06-06,1034
2009,第一銅,6,0,6,土銀-嘉義,2024-06-06,1034
2393,億光,5,0,5,土銀-嘉義,2024-06-06,1034
2427,三商電,8,3,5,土銀-嘉義,2024-06-06,1034
2605,新興,7,2,5,土銀-嘉義,2024-06-06,1034
2903,遠百,5,0,5,土銀-嘉義,2024-06-06,1034
3694,海華,5,0,5,土銀-嘉義,2024-06-06,1034
8112,至上,5,0,5,土銀-嘉義,2024-06-06,1034
2834,臺企銀,5,1,4,土銀-嘉義,2024-06-06,1034
1453,大將,4,0,4,土銀-嘉義,2024-06-06,1034
1504,東元,4,0,4,土銀-嘉義,2024-06-06,1034
1608,華榮,4,0,4,土銀-嘉義,2024-06-06,1034
2328,廣宇,11,7,4,土銀-嘉義,2024-06-06,1034
3059,華晶科,4,0,4,土銀-嘉義,2024-06-06,1034
3231,緯創,5,1,4,土銀-嘉義,2024-06-06,1034
3260,威剛,5,1,4,土銀-嘉義,2024-06-06,1034
3413,京鼎,5,1,4,土銀-嘉義,2024-06-06,1034
4976,佳凌,4,0,4,土銀-嘉義,2024-06-06,1034
00679B,元大美債20年,508,0,508,土銀-嘉義,2024-06-07,1034
00687B,國泰20年美債,321,4,317,土銀-嘉義,2024-06-07,1034
2312,金寶,225,0,225,土銀-嘉義,2024-06-07,1034
00918,大華優利高填息30,60,10,50,土銀-嘉義,2024-06-07,1034
2303,聯電,43,2,41,土銀-嘉義,2024-06-07,1034
2353,宏��,41,0,41,土銀-嘉義,2024-06-07,1034
00929,復華台灣科技優息,34,0,34,土銀-嘉義,2024-06-07,1034
6016,康和證,30,0,30,土銀-嘉義,2024-06-07,1034
00878,國泰永續高股息,30,3,27,土銀-嘉義,2024-06-07,1034
2834,臺企銀,25,2,23,土銀-嘉義,2024-06-07,1034
00936,台新永續高息中小,20,0,20,土銀-嘉義,2024-06-07,1034
3450,聯鈞,25,5,20,土銀-嘉義,2024-06-07,1034
2101,南港,56,39,17,土銀-嘉義,2024-06-07,1034
2365,昆盈,17,0,17,土銀-嘉義,2024-06-07,1034
2867,三商壽,24,7,17,土銀-嘉義,2024-06-07,1034
2489,瑞軒,16,0,16,土銀-嘉義,2024-06-07,1034
5434,崇越,16,0,16,土銀-嘉義,2024-06-07,1034
3078,僑威,15,0,15,土銀-嘉義,2024-06-07,1034
3609,三一東林,15,0,15,土銀-嘉義,2024-06-07,1034
1609,大亞,14,1,13,土銀-嘉義,2024-06-07,1034
3706,神達,13,0,13,土銀-嘉義,2024-06-07,1034
2609,陽明,111,100,11,土銀-嘉義,2024-06-07,1034
00696B,富邦美債20年,10,0,10,土銀-嘉義,2024-06-07,1034
00688L,國泰20年美債正2,10,0,10,土銀-嘉義,2024-06-07,1034
3033,威健,10,0,10,土銀-嘉義,2024-06-07,1034
5263,智崴,10,0,10,土銀-嘉義,2024-06-07,1034
5508,永信建,10,0,10,土銀-嘉義,2024-06-07,1034
6274,台燿,9,0,9,土銀-嘉義,2024-06-07,1034
2330,台積電,8,1,7,土銀-嘉義,2024-06-07,1034
4958,臻鼎-KY,7,0,7,土銀-嘉義,2024-06-07,1034
6173,信昌電,7,0,7,土銀-嘉義,2024-06-07,1034
2014,中鴻,6,0,6,土銀-嘉義,2024-06-07,1034
00893,國泰智能電動車,5,0,5,土銀-嘉義,2024-06-07,1034
1319,東陽,5,0,5,土銀-嘉義,2024-06-07,1034
1455,集盛,5,0,5,土銀-嘉義,2024-06-07,1034
1722,台肥,5,0,5,土銀-嘉義,2024-06-07,1034
2105,正新,16,11,5,土銀-嘉義,2024-06-07,1034
2801,彰銀,6,1,5,土銀-嘉義,2024-06-07,1034
3025,星通,5,0,5,土銀-嘉義,2024-06-07,1034
1457,宜進,4,0,4,土銀-嘉義,2024-06-07,1034
1303,南亞,8,4,4,土銀-嘉義,2024-06-07,1034
00715L,期街口布蘭特正2,4,0,4,土銀-嘉義,2024-06-07,1034
1709,和益,4,0,4,土銀-嘉義,2024-06-07,1034
4114,健喬,4,0,4,土銀-嘉義,2024-06-07,1034
4533,協易機,5,1,4,土銀-嘉義,2024-06-07,1034
6290,良維,5,1,4,土銀-嘉義,2024-06-07,1034
8155,博智,6,2,4,土銀-嘉義,2024-06-07,1034
2317,鴻海,6,3,3,土銀-嘉義,2024-06-07,1034
2399,映泰,3,0,3,土銀-嘉義,2024-06-07,1034
2451,創見,3,0,3,土銀-嘉義,2024-06-07,1034
00937B,群益ESG投等債20,314,0,314,土銀-嘉義,2024-06-11,1034
00687B,國泰20年美債,209,0,209,土銀-嘉義,2024-06-11,1034
00939,統一台灣高息動能,178,0,178,土銀-嘉義,2024-06-11,1034
2890,永豐金,119,1,118,土銀-嘉義,2024-06-11,1034
2609,陽明,163,73,90,土銀-嘉義,2024-06-11,1034
4157,太景*-KY,52,2,50,土銀-嘉義,2024-06-11,1034
2101,南港,41,2,39,土銀-嘉義,2024-06-11,1034
00919,群益台灣精選高息,44,9,35,土銀-嘉義,2024-06-11,1034
2002,中鋼,34,0,34,土銀-嘉義,2024-06-11,1034
00679B,元大美債20年,33,0,33,土銀-嘉義,2024-06-11,1034
9105,泰金寶-DR,35,2,33,土銀-嘉義,2024-06-11,1034
2851,中再保,30,0,30,土銀-嘉義,2024-06-11,1034
8093,保銳,26,0,26,土銀-嘉義,2024-06-11,1034
2603,長榮,30,6,24,土銀-嘉義,2024-06-11,1034
1714,和桐,22,0,22,土銀-嘉義,2024-06-11,1034
9945,潤泰新,22,0,22,土銀-嘉義,2024-06-11,1034
1301,台塑,19,0,19,土銀-嘉義,2024-06-11,1034
2201,裕隆,18,0,18,土銀-嘉義,2024-06-11,1034
3059,華晶科,16,0,16,土銀-嘉義,2024-06-11,1034
00915,凱基優選高股息30,16,1,15,土銀-嘉義,2024-06-11,1034
2884,玉山金,14,0,14,土銀-嘉義,2024-06-11,1034
00680L,元大美債20正2,20,6,14,土銀-嘉義,2024-06-11,1034
00696B,富邦美債20年,14,0,14,土銀-嘉義,2024-06-11,1034
2392,正崴,14,0,14,土銀-嘉義,2024-06-11,1034
5531,鄉林,20,7,13,土銀-嘉義,2024-06-11,1034
00751B,元大AAA至A公司債,12,0,12,土銀-嘉義,2024-06-11,1034
1608,華榮,12,0,12,土銀-嘉義,2024-06-11,1034
2352,佳世達,11,0,11,土銀-嘉義,2024-06-11,1034
2374,佳能,12,1,11,土銀-嘉義,2024-06-11,1034
2913,農林,11,0,11,土銀-嘉義,2024-06-11,1034
00665L,富邦�琤肭磪囓�2,10,0,10,土銀-嘉義,2024-06-11,1034
2438,翔耀,10,0,10,土銀-嘉義,2024-06-11,1034
2882,國泰金,16,6,10,土銀-嘉義,2024-06-11,1034
2903,遠百,11,1,10,土銀-嘉義,2024-06-11,1034
4979,華星光,13,3,10,土銀-嘉義,2024-06-11,1034
8147,正淩,10,0,10,土銀-嘉義,2024-06-11,1034
1618,合機,12,3,9,土銀-嘉義,2024-06-11,1034
2105,正新,9,0,9,土銀-嘉義,2024-06-11,1034
2515,中工,10,1,9,土銀-嘉義,2024-06-11,1034
2613,中櫃,11,2,9,土銀-嘉義,2024-06-11,1034
8936,國統,10,1,9,土銀-嘉義,2024-06-11,1034
00882,中信中國高股息,8,0,8,土銀-嘉義,2024-06-11,1034
1815,富喬,14,6,8,土銀-嘉義,2024-06-11,1034
2634,漢翔,10,2,8,土銀-嘉義,2024-06-11,1034
1528,恩德,7,0,7,土銀-嘉義,2024-06-11,1034
2356,英業達,8,1,7,土銀-嘉義,2024-06-11,1034
2606,裕民,8,1,7,土銀-嘉義,2024-06-11,1034
4303,信立,7,0,7,土銀-嘉義,2024-06-11,1034
4903,聯光通,7,0,7,土銀-嘉義,2024-06-11,1034
4976,佳凌,9,2,7,土銀-嘉義,2024-06-11,1034
2883,凱基金,258,49,209,土銀-嘉義,2024-06-12,1034
00948B,中信優息投資級債,207,0,207,土銀-嘉義,2024-06-12,1034
3481,群創,40,0,40,土銀-嘉義,2024-06-12,1034
2609,陽明,98,60,38,土銀-嘉義,2024-06-12,1034
2888,新光金,51,17,34,土銀-嘉義,2024-06-12,1034
00712,復華富時不動產,30,0,30,土銀-嘉義,2024-06-12,1034
2886,兆豐金,25,0,25,土銀-嘉義,2024-06-12,1034
2501,國建,25,2,23,土銀-嘉義,2024-06-12,1034
1305,華夏,20,0,20,土銀-嘉義,2024-06-12,1034
00947,台新臺灣IC設計,20,0,20,土銀-嘉義,2024-06-12,1034
3033,威健,20,0,20,土銀-嘉義,2024-06-12,1034
8277,商丞,20,0,20,土銀-嘉義,2024-06-12,1034
3450,聯鈞,32,14,18,土銀-嘉義,2024-06-12,1034
2834,臺企銀,15,0,15,土銀-嘉義,2024-06-12,1034
3231,緯創,13,0,13,土銀-嘉義,2024-06-12,1034
2881,富邦金,12,0,12,土銀-嘉義,2024-06-12,1034
3706,神達,22,10,12,土銀-嘉義,2024-06-12,1034
00937B,群益ESG投等債20,22,11,11,土銀-嘉義,2024-06-12,1034
2867,三商壽,13,2,11,土銀-嘉義,2024-06-12,1034
2603,長榮,18,8,10,土銀-嘉義,2024-06-12,1034
2201,裕隆,10,0,10,土銀-嘉義,2024-06-12,1034
2312,金寶,12,2,10,土銀-嘉義,2024-06-12,1034
2438,翔耀,10,0,10,土銀-嘉義,2024-06-12,1034
2461,光群雷,10,0,10,土銀-嘉義,2024-06-12,1034
6016,康和證,10,0,10,土銀-嘉義,2024-06-12,1034
00918,大華優利高填息30,12,3,9,土銀-嘉義,2024-06-12,1034
00632R,元大台灣50反1,14,5,9,土銀-嘉義,2024-06-12,1034
2353,宏��,11,2,9,土銀-嘉義,2024-06-12,1034
2641,正德,9,0,9,土銀-嘉義,2024-06-12,1034
2331,精英,8,0,8,土銀-嘉義,2024-06-12,1034
00878,國泰永續高股息,12,5,7,土銀-嘉義,2024-06-12,1034
00933B,國泰10Y+金融債,7,0,7,土銀-嘉義,2024-06-12,1034
6213,聯茂,8,1,7,土銀-嘉義,2024-06-12,1034
8092,建暐,7,0,7,土銀-嘉義,2024-06-12,1034
1714,和桐,6,0,6,土銀-嘉義,2024-06-12,1034
2406,國碩,6,0,6,土銀-嘉義,2024-06-12,1034
2409,友達,6,0,6,土銀-嘉義,2024-06-12,1034
2607,榮運,7,1,6,土銀-嘉義,2024-06-12,1034
3062,建漢,8,2,6,土銀-嘉義,2024-06-12,1034
3557,嘉威,6,0,6,土銀-嘉義,2024-06-12,1034
6190,萬泰科,6,0,6,土銀-嘉義,2024-06-12,1034
1319,東陽,5,0,5,土銀-嘉義,2024-06-12,1034
1314,中石化,5,0,5,土銀-嘉義,2024-06-12,1034
00905,FT臺灣Smart,5,0,5,土銀-嘉義,2024-06-12,1034
2543,皇昌,5,0,5,土銀-嘉義,2024-06-12,1034
2838,聯邦銀,5,0,5,土銀-嘉義,2024-06-12,1034
3122,笙泉,5,0,5,土銀-嘉義,2024-06-12,1034
5371,中光電,5,0,5,土銀-嘉義,2024-06-12,1034
5706,鳳凰,5,0,5,土銀-嘉義,2024-06-12,1034
6005,群益證,5,0,5,土銀-嘉義,2024-06-12,1034
00936,台新永續高息中小,503,1,502,土銀-嘉義,2024-06-13,1034
00948B,中信優息投資級債,309,0,309,土銀-嘉義,2024-06-13,1034
1802,台玻,104,0,104,土銀-嘉義,2024-06-13,1034
00940,元大台灣價值高息,104,21,83,土銀-嘉義,2024-06-13,1034
00632R,元大台灣50反1,67,5,62,土銀-嘉義,2024-06-13,1034
2352,佳世達,40,0,40,土銀-嘉義,2024-06-13,1034
3363,上詮,31,0,31,土銀-嘉義,2024-06-13,1034
00947,台新臺灣IC設計,30,0,30,土銀-嘉義,2024-06-13,1034
2353,宏��,37,7,30,土銀-嘉義,2024-06-13,1034
8147,正淩,30,0,30,土銀-嘉義,2024-06-13,1034
2888,新光金,65,37,28,土銀-嘉義,2024-06-13,1034
2641,正德,40,16,24,土銀-嘉義,2024-06-13,1034
2002,中鋼,19,0,19,土銀-嘉義,2024-06-13,1034
00946,群益科技高息成長,18,0,18,土銀-嘉義,2024-06-13,1034
5283,禾聯碩,16,0,16,土銀-嘉義,2024-06-13,1034
9105,泰金寶-DR,33,17,16,土銀-嘉義,2024-06-13,1034
00893,國泰智能電動車,20,5,15,土銀-嘉義,2024-06-13,1034
2618,長榮航,22,7,15,土銀-嘉義,2024-06-13,1034
2317,鴻海,31,17,14,土銀-嘉義,2024-06-13,1034
00882,中信中國高股息,12,0,12,土銀-嘉義,2024-06-13,1034
2367,燿華,83,72,11,土銀-嘉義,2024-06-13,1034
3019,亞光,13,2,11,土銀-嘉義,2024-06-13,1034
6274,台燿,12,1,11,土銀-嘉義,2024-06-13,1034
1447,力鵬,10,0,10,土銀-嘉義,2024-06-13,1034
1219,福壽,10,0,10,土銀-嘉義,2024-06-13,1034
1305,華夏,10,0,10,土銀-嘉義,2024-06-13,1034
2615,萬海,18,9,9,土銀-嘉義,2024-06-13,1034
1437,勤益控,9,0,9,土銀-嘉義,2024-06-13,1034
00915,凱基優選高股息30,9,0,9,土銀-嘉義,2024-06-13,1034
2324,仁寶,19,10,9,土銀-嘉義,2024-06-13,1034
2359,所羅門,13,5,8,土銀-嘉義,2024-06-13,1034
2610,華航,8,0,8,土銀-嘉義,2024-06-13,1034
3481,群創,10,2,8,土銀-嘉義,2024-06-13,1034
9958,世紀鋼,10,2,8,土銀-嘉義,2024-06-13,1034
00655L,國泰中國A50正2,7,0,7,土銀-嘉義,2024-06-13,1034
00919,群益台灣精選高息,12,5,7,土銀-嘉義,2024-06-13,1034
2211,長榮鋼,7,0,7,土銀-嘉義,2024-06-13,1034
2303,聯電,25,18,7,土銀-嘉義,2024-06-13,1034
4909,新復興,7,0,7,土銀-嘉義,2024-06-13,1034
2323,中環,7,0,7,土銀-嘉義,2024-06-13,1034
1101,台泥,7,0,7,土銀-嘉義,2024-06-13,1034
2105,正新,6,0,6,土銀-嘉義,2024-06-13,1034
6270,倍微,6,0,6,土銀-嘉義,2024-06-13,1034
00637L,元大滬深300正2,5,0,5,土銀-嘉義,2024-06-13,1034
1569,濱川,5,0,5,土銀-嘉義,2024-06-13,1034
2881,富邦金,5,0,5,土銀-嘉義,2024-06-13,1034
3078,僑威,5,0,5,土銀-嘉義,2024-06-13,1034
3390,旭軟,6,1,5,土銀-嘉義,2024-06-13,1034
3454,晶睿,5,0,5,土銀-嘉義,2024-06-13,1034
3484,崧騰,5,0,5,土銀-嘉義,2024-06-13,1034
2883,凱基金,609,301,308,土銀-嘉義,2024-06-14,1034
1101,台泥,134,6,128,土銀-嘉義,2024-06-14,1034
2002,中鋼,61,0,61,土銀-嘉義,2024-06-14,1034
2371,大同,59,9,50,土銀-嘉義,2024-06-14,1034
00830,國泰費城半導體,41,0,41,土銀-嘉義,2024-06-14,1034
2344,華邦電,35,0,35,土銀-嘉義,2024-06-14,1034
1305,華夏,30,0,30,土銀-嘉義,2024-06-14,1034
8421,旭源,30,0,30,土銀-嘉義,2024-06-14,1034
00878,國泰永續高股息,28,1,27,土銀-嘉義,2024-06-14,1034
00919,群益台灣精選高息,43,20,23,土銀-嘉義,2024-06-14,1034
8410,森田,22,0,22,土銀-嘉義,2024-06-14,1034
3363,上詮,30,11,19,土銀-嘉義,2024-06-14,1034
1609,大亞,29,11,18,土銀-嘉義,2024-06-14,1034
2618,長榮航,20,3,17,土銀-嘉義,2024-06-14,1034
6163,華電網,23,7,16,土銀-嘉義,2024-06-14,1034
00939,統一台灣高息動能,15,0,15,土銀-嘉義,2024-06-14,1034
00929,復華台灣科技優息,15,0,15,土銀-嘉義,2024-06-14,1034
1608,華榮,26,12,14,土銀-嘉義,2024-06-14,1034
2486,一詮,14,2,12,土銀-嘉義,2024-06-14,1034
6166,凌華,12,0,12,土銀-嘉義,2024-06-14,1034
00751B,元大AAA至A公司債,10,0,10,土銀-嘉義,2024-06-14,1034
2101,南港,41,31,10,土銀-嘉義,2024-06-14,1034
2882,國泰金,10,0,10,土銀-嘉義,2024-06-14,1034
3030,德律,10,0,10,土銀-嘉義,2024-06-14,1034
4561,健椿,10,0,10,土銀-嘉義,2024-06-14,1034
00676R,富邦臺灣加權反1,8,0,8,土銀-嘉義,2024-06-14,1034
2359,所羅門,10,2,8,土銀-嘉義,2024-06-14,1034
2609,陽明,74,66,8,土銀-嘉義,2024-06-14,1034
6173,信昌電,8,0,8,土銀-嘉義,2024-06-14,1034
2324,仁寶,7,0,7,土銀-嘉義,2024-06-14,1034
2356,英業達,13,6,7,土銀-嘉義,2024-06-14,1034
2393,億光,7,0,7,土銀-嘉義,2024-06-14,1034
8103,瀚荃,7,0,7,土銀-嘉義,2024-06-14,1034
00918,大華優利高填息30,9,3,6,土銀-嘉義,2024-06-14,1034
2365,昆盈,12,6,6,土銀-嘉義,2024-06-14,1034
2438,翔耀,6,0,6,土銀-嘉義,2024-06-14,1034
8092,建暐,6,0,6,土銀-嘉義,2024-06-14,1034
00933B,國泰10Y+金融債,5,0,5,土銀-嘉義,2024-06-14,1034
2511,太子,5,0,5,土銀-嘉義,2024-06-14,1034
2867,三商壽,5,0,5,土銀-嘉義,2024-06-14,1034
3390,旭軟,5,0,5,土銀-嘉義,2024-06-14,1034
3706,神達,6,1,5,土銀-嘉義,2024-06-14,1034
4306,炎洲,5,0,5,土銀-嘉義,2024-06-14,1034
4909,新復興,6,1,5,土銀-嘉義,2024-06-14,1034
4960,誠美材,5,0,5,土銀-嘉義,2024-06-14,1034
5347,世界,18,13,5,土銀-嘉義,2024-06-14,1034
5880,合庫金,5,0,5,土銀-嘉義,2024-06-14,1034
6257,矽格,5,0,5,土銀-嘉義,2024-06-14,1034
6806,森崴能源,5,0,5,土銀-嘉義,2024-06-14,1034
1102,亞泥,4,0,4,土銀-嘉義,2024-06-14,1034
00679B,元大美債20年,367,1,366,土銀-嘉義,2024-06-17,1034
00632R,元大台灣50反1,104,0,104,土銀-嘉義,2024-06-17,1034
2101,南港,69,2,67,土銀-嘉義,2024-06-17,1034
3609,三一東林,49,0,49,土銀-嘉義,2024-06-17,1034
5905,南仁湖,49,0,49,土銀-嘉義,2024-06-17,1034
00919,群益台灣精選高息,59,15,44,土銀-嘉義,2024-06-17,1034
00929,復華台灣科技優息,41,0,41,土銀-嘉義,2024-06-17,1034
2392,正崴,43,3,40,土銀-嘉義,2024-06-17,1034
2609,陽明,66,33,33,土銀-嘉義,2024-06-17,1034
2312,金寶,32,1,31,土銀-嘉義,2024-06-17,1034
2888,新光金,25,1,24,土銀-嘉義,2024-06-17,1034
8131,福懋科,22,0,22,土銀-嘉義,2024-06-17,1034
2867,三商壽,22,2,20,土銀-嘉義,2024-06-17,1034
3030,德律,20,0,20,土銀-嘉義,2024-06-17,1034
5512,力麒,20,0,20,土銀-嘉義,2024-06-17,1034
00918,大華優利高填息30,24,6,18,土銀-嘉義,2024-06-17,1034
2615,萬海,19,3,16,土銀-嘉義,2024-06-17,1034
3032,偉訓,15,0,15,土銀-嘉義,2024-06-17,1034
3706,神達,16,1,15,土銀-嘉義,2024-06-17,1034
1301,台塑,13,0,13,土銀-嘉義,2024-06-17,1034
2883,凱基金,211,200,11,土銀-嘉義,2024-06-17,1034
4960,誠美材,11,0,11,土銀-嘉義,2024-06-17,1034
6173,信昌電,11,0,11,土銀-嘉義,2024-06-17,1034
9105,泰金寶-DR,16,5,11,土銀-嘉義,2024-06-17,1034
00942B,台新美A公司債20+,10,0,10,土銀-嘉義,2024-06-17,1034
00893,國泰智能電動車,10,0,10,土銀-嘉義,2024-06-17,1034
00885,富邦越南,20,10,10,土銀-嘉義,2024-06-17,1034
1473,台南,9,0,9,土銀-嘉義,2024-06-17,1034
2515,中工,9,0,9,土銀-嘉義,2024-06-17,1034
2913,農林,10,1,9,土銀-嘉義,2024-06-17,1034
3048,益登,12,3,9,土銀-嘉義,2024-06-17,1034
00696B,富邦美債20年,8,0,8,土銀-嘉義,2024-06-17,1034
2353,宏��,25,17,8,土銀-嘉義,2024-06-17,1034
4142,國光生,10,2,8,土銀-嘉義,2024-06-17,1034
1569,濱川,7,0,7,土銀-嘉義,2024-06-17,1034
1303,南亞,7,1,6,土銀-嘉義,2024-06-17,1034
2328,廣宇,6,0,6,土銀-嘉義,2024-06-17,1034
2356,英業達,7,1,6,土銀-嘉義,2024-06-17,1034
2440,太空梭,6,0,6,土銀-嘉義,2024-06-17,1034
2882,國泰金,6,0,6,土銀-嘉義,2024-06-17,1034
3432,台端,6,0,6,土銀-嘉義,2024-06-17,1034
4533,協易機,6,0,6,土銀-嘉義,2024-06-17,1034
6176,瑞儀,7,1,6,土銀-嘉義,2024-06-17,1034
1514,亞力,10,5,5,土銀-嘉義,2024-06-17,1034
1437,勤益控,5,0,5,土銀-嘉義,2024-06-17,1034
00888,永豐台灣ESG,5,0,5,土銀-嘉義,2024-06-17,1034
00946,群益科技高息成長,5,0,5,土銀-嘉義,2024-06-17,1034
1519,華城,9,4,5,土銀-嘉義,2024-06-17,1034
2027,大成鋼,5,0,5,土銀-嘉義,2024-06-17,1034
2108,南帝,6,1,5,土銀-嘉義,2024-06-17,1034
00712,復華富時不動產,90,15,75,土銀-嘉義,2024-06-18,1034
9105,泰金寶-DR,60,0,60,土銀-嘉義,2024-06-18,1034
1802,台玻,53,3,50,土銀-嘉義,2024-06-18,1034
2371,大同,64,23,41,土銀-嘉義,2024-06-18,1034
2359,所羅門,36,1,35,土銀-嘉義,2024-06-18,1034
00720B,元大投資級公司債,31,0,31,土銀-嘉義,2024-06-18,1034
00936,台新永續高息中小,31,5,26,土銀-嘉義,2024-06-18,1034
4903,聯光通,26,0,26,土銀-嘉義,2024-06-18,1034
4561,健椿,25,0,25,土銀-嘉義,2024-06-18,1034
00687B,國泰20年美債,23,0,23,土銀-嘉義,2024-06-18,1034
2834,臺企銀,25,5,20,土銀-嘉義,2024-06-18,1034
3260,威剛,19,0,19,土銀-嘉義,2024-06-18,1034
3083,網龍,19,1,18,土銀-嘉義,2024-06-18,1034
2317,鴻海,25,10,15,土銀-嘉義,2024-06-18,1034
0056,元大高股息,13,0,13,土銀-嘉義,2024-06-18,1034
00940,元大台灣價值高息,12,0,12,土銀-嘉義,2024-06-18,1034
2867,三商壽,12,0,12,土銀-嘉義,2024-06-18,1034
00830,國泰費城半導體,11,0,11,土銀-嘉義,2024-06-18,1034
1504,東元,16,5,11,土銀-嘉義,2024-06-18,1034
6770,力積電,12,2,10,土銀-嘉義,2024-06-18,1034
1101,台泥,10,0,10,土銀-嘉義,2024-06-18,1034
00915,凱基優選高股息30,10,0,10,土銀-嘉義,2024-06-18,1034
2836,高雄銀,10,0,10,土銀-嘉義,2024-06-18,1034
3481,群創,39,29,10,土銀-嘉義,2024-06-18,1034
6282,康舒,15,5,10,土銀-嘉義,2024-06-18,1034
00893,國泰智能電動車,10,0,10,土銀-嘉義,2024-06-18,1034
1301,台塑,9,0,9,土銀-嘉義,2024-06-18,1034
1536,和大,9,0,9,土銀-嘉義,2024-06-18,1034
2486,一詮,10,1,9,土銀-嘉義,2024-06-18,1034
4161,聿新科,10,1,9,土銀-嘉義,2024-06-18,1034
1815,富喬,12,4,8,土銀-嘉義,2024-06-18,1034
2354,鴻準,8,0,8,土銀-嘉義,2024-06-18,1034
00918,大華優利高填息30,9,2,7,土銀-嘉義,2024-06-18,1034
00633L,富邦上証正2,7,0,7,土銀-嘉義,2024-06-18,1034
2303,聯電,6,0,6,土銀-嘉義,2024-06-18,1034
00637L,元大滬深300正2,7,1,6,土銀-嘉義,2024-06-18,1034
2464,盟立,12,6,6,土銀-嘉義,2024-06-18,1034
2478,大毅,6,0,6,土銀-嘉義,2024-06-18,1034
3013,晟銘電,31,25,6,土銀-嘉義,2024-06-18,1034
4142,國光生,7,1,6,土銀-嘉義,2024-06-18,1034
8131,福懋科,6,0,6,土銀-嘉義,2024-06-18,1034
00942B,台新美A公司債20+,5,0,5,土銀-嘉義,2024-06-18,1034
00937B,群益ESG投等債20,5,0,5,土銀-嘉義,2024-06-18,1034
1314,中石化,5,0,5,土銀-嘉義,2024-06-18,1034
1437,勤益控,5,0,5,土銀-嘉義,2024-06-18,1034
2002,中鋼,5,0,5,土銀-嘉義,2024-06-18,1034
2027,大成鋼,5,0,5,土銀-嘉義,2024-06-18,1034
2324,仁寶,5,0,5,土銀-嘉義,2024-06-18,1034
3071,協禧,5,0,5,土銀-嘉義,2024-06-18,1034
3362,先進光,6,1,5,土銀-嘉義,2024-06-18,1034
00679B,元大美債20年,350,1,349,土銀-嘉義,2024-06-19,1034
2883,凱基金,442,209,233,土銀-嘉義,2024-06-19,1034
00948B,中信優息投資級債,200,0,200,土銀-嘉義,2024-06-19,1034
00687B,國泰20年美債,166,1,165,土銀-嘉義,2024-06-19,1034
2618,長榮航,96,16,80,土銀-嘉義,2024-06-19,1034
6770,力積電,54,9,45,土銀-嘉義,2024-06-19,1034
00937B,群益ESG投等債20,42,0,42,土銀-嘉義,2024-06-19,1034
00632R,元大台灣50反1,41,0,41,土銀-嘉義,2024-06-19,1034
2409,友達,50,12,38,土銀-嘉義,2024-06-19,1034
2609,陽明,71,34,37,土銀-嘉義,2024-06-19,1034
00936,台新永續高息中小,33,0,33,土銀-嘉義,2024-06-19,1034
3231,緯創,37,7,30,土銀-嘉義,2024-06-19,1034
00929,復華台灣科技優息,29,8,21,土銀-嘉義,2024-06-19,1034
6190,萬泰科,23,2,21,土銀-嘉義,2024-06-19,1034
2328,廣宇,17,0,17,土銀-嘉義,2024-06-19,1034
2888,新光金,22,5,17,土銀-嘉義,2024-06-19,1034
00946,群益科技高息成長,15,0,15,土銀-嘉義,2024-06-19,1034
2891,中信金,21,6,15,土銀-嘉義,2024-06-19,1034
2201,裕隆,14,0,14,土銀-嘉義,2024-06-19,1034
006208,富邦台50,13,0,13,土銀-嘉義,2024-06-19,1034
2449,京元電子,15,3,12,土銀-嘉義,2024-06-19,1034
8112,至上,14,2,12,土銀-嘉義,2024-06-19,1034
2324,仁寶,13,2,11,土銀-嘉義,2024-06-19,1034
2880,華南金,29,18,11,土銀-嘉義,2024-06-19,1034
1216,統一,10,0,10,土銀-嘉義,2024-06-19,1034
00772B,中信高評級公司債,10,0,10,土銀-嘉義,2024-06-19,1034
2353,宏��,15,5,10,土銀-嘉義,2024-06-19,1034
2838,聯邦銀,10,0,10,土銀-嘉義,2024-06-19,1034
2801,彰銀,10,0,10,土銀-嘉義,2024-06-19,1034
2308,台達電,15,6,9,土銀-嘉義,2024-06-19,1034
6191,精成科,9,0,9,土銀-嘉義,2024-06-19,1034
2376,技嘉,8,0,8,土銀-嘉義,2024-06-19,1034
6456,GIS-KY,8,0,8,土銀-嘉義,2024-06-19,1034
2303,聯電,9,2,7,土銀-嘉義,2024-06-19,1034
2371,大同,44,38,6,土銀-嘉義,2024-06-19,1034
00712,復華富時不動產,6,0,6,土銀-嘉義,2024-06-19,1034
00905,FT臺灣Smart,8,2,6,土銀-嘉義,2024-06-19,1034
1301,台塑,7,1,6,土銀-嘉義,2024-06-19,1034
1802,台玻,14,8,6,土銀-嘉義,2024-06-19,1034
3062,建漢,11,5,6,土銀-嘉義,2024-06-19,1034
3390,旭軟,9,3,6,土銀-嘉義,2024-06-19,1034
4726,永昕,8,2,6,土銀-嘉義,2024-06-19,1034
6616,特昇-KY,6,0,6,土銀-嘉義,2024-06-19,1034
8147,正淩,16,10,6,土銀-嘉義,2024-06-19,1034
00942B,台新美A公司債20+,5,0,5,土銀-嘉義,2024-06-19,1034
00947,台新臺灣IC設計,5,0,5,土銀-嘉義,2024-06-19,1034
00830,國泰費城半導體,5,0,5,土銀-嘉義,2024-06-19,1034
1305,華夏,5,0,5,土銀-嘉義,2024-06-19,1034
1612,宏泰,5,0,5,土銀-嘉義,2024-06-19,1034
1785,光洋科,7,2,5,土銀-嘉義,2024-06-19,1034
1605,華新,64,3,61,土銀-嘉義,2024-06-20,1034
00632R,元大台灣50反1,41,0,41,土銀-嘉義,2024-06-20,1034
2353,宏��,38,2,36,土銀-嘉義,2024-06-20,1034
4526,東台,43,7,36,土銀-嘉義,2024-06-20,1034
8050,廣積,32,1,31,土銀-嘉義,2024-06-20,1034
8131,福懋科,30,0,30,土銀-嘉義,2024-06-20,1034
8105,凌巨,30,2,28,土銀-嘉義,2024-06-20,1034
2851,中再保,25,0,25,土銀-嘉義,2024-06-20,1034
9105,泰金寶-DR,24,0,24,土銀-嘉義,2024-06-20,1034
00679B,元大美債20年,23,0,23,土銀-嘉義,2024-06-20,1034
6125,廣運,23,0,23,土銀-嘉義,2024-06-20,1034
00936,台新永續高息中小,21,0,21,土銀-嘉義,2024-06-20,1034
2520,冠德,22,2,20,土銀-嘉義,2024-06-20,1034
6153,嘉聯益,20,0,20,土銀-嘉義,2024-06-20,1034
2105,正新,20,1,19,土銀-嘉義,2024-06-20,1034
00942B,台新美A公司債20+,15,0,15,土銀-嘉義,2024-06-20,1034
00637L,元大滬深300正2,19,5,14,土銀-嘉義,2024-06-20,1034
00687B,國泰20年美債,11,0,11,土銀-嘉義,2024-06-20,1034
2421,建準,13,2,11,土銀-嘉義,2024-06-20,1034
6173,信昌電,12,1,11,土銀-嘉義,2024-06-20,1034
00937B,群益ESG投等債20,10,0,10,土銀-嘉義,2024-06-20,1034
1909,榮成,10,0,10,土銀-嘉義,2024-06-20,1034
2338,光罩,10,0,10,土銀-嘉義,2024-06-20,1034
2356,英業達,20,10,10,土銀-嘉義,2024-06-20,1034
2367,燿華,40,30,10,土銀-嘉義,2024-06-20,1034
2516,新建,10,0,10,土銀-嘉義,2024-06-20,1034
2637,慧洋-KY,10,0,10,土銀-嘉義,2024-06-20,1034
3706,神達,10,0,10,土銀-嘉義,2024-06-20,1034
5439,高技,10,0,10,土銀-嘉義,2024-06-20,1034
6269,台郡,9,0,9,土銀-嘉義,2024-06-20,1034
00676R,富邦臺灣加權反1,8,0,8,土銀-嘉義,2024-06-20,1034
00712,復華富時不動產,11,3,8,土銀-嘉義,2024-06-20,1034
3363,上詮,38,30,8,土銀-嘉義,2024-06-20,1034
1503,士電,13,6,7,土銀-嘉義,2024-06-20,1034
1529,樂事綠能,7,0,7,土銀-嘉義,2024-06-20,1034
2816,旺旺保,7,0,7,土銀-嘉義,2024-06-20,1034
4306,炎洲,7,0,7,土銀-嘉義,2024-06-20,1034
4960,誠美材,7,0,7,土銀-嘉義,2024-06-20,1034
4979,華星光,25,18,7,土銀-嘉義,2024-06-20,1034
2211,長榮鋼,6,0,6,土銀-嘉義,2024-06-20,1034
2393,億光,6,0,6,土銀-嘉義,2024-06-20,1034
2607,榮運,10,4,6,土銀-嘉義,2024-06-20,1034
5243,乙盛-KY,6,0,6,土銀-嘉義,2024-06-20,1034
8027,鈦昇,7,1,6,土銀-嘉義,2024-06-20,1034
00948B,中信優息投資級債,5,0,5,土銀-嘉義,2024-06-20,1034
2360,致茂,6,1,5,土銀-嘉義,2024-06-20,1034
2392,正崴,25,20,5,土銀-嘉義,2024-06-20,1034
3031,佰鴻,5,0,5,土銀-嘉義,2024-06-20,1034
3686,達能,5,0,5,土銀-嘉義,2024-06-20,1034
4541,晟田,5,0,5,土銀-嘉義,2024-06-20,1034
3481,群創,185,81,104,土銀-嘉義,2024-06-21,1034
1802,台玻,103,0,103,土銀-嘉義,2024-06-21,1034
2609,陽明,112,42,70,土銀-嘉義,2024-06-21,1034
2371,大同,33,1,32,土銀-嘉義,2024-06-21,1034
3714,富采,32,1,31,土銀-嘉義,2024-06-21,1034
2027,大成鋼,30,0,30,土銀-嘉義,2024-06-21,1034
8131,福懋科,30,0,30,土銀-嘉義,2024-06-21,1034
2520,冠德,27,2,25,土銀-嘉義,2024-06-21,1034
2641,正德,26,1,25,土銀-嘉義,2024-06-21,1034
00939,統一台灣高息動能,24,1,23,土銀-嘉義,2024-06-21,1034
5210,寶碩,21,0,21,土銀-嘉義,2024-06-21,1034
1316,上曜,20,0,20,土銀-嘉義,2024-06-21,1034
2069,運錩,20,0,20,土銀-嘉義,2024-06-21,1034
2834,臺企銀,20,1,19,土銀-嘉義,2024-06-21,1034
2382,廣達,23,6,17,土銀-嘉義,2024-06-21,1034
00929,復華台灣科技優息,19,4,15,土銀-嘉義,2024-06-21,1034
00937B,群益ESG投等債20,14,0,14,土銀-嘉義,2024-06-21,1034
2002,中鋼,12,0,12,土銀-嘉義,2024-06-21,1034
2392,正崴,47,35,12,土銀-嘉義,2024-06-21,1034
2605,新興,12,0,12,土銀-嘉義,2024-06-21,1034
9105,泰金寶-DR,12,0,12,土銀-嘉義,2024-06-21,1034
1785,光洋科,17,6,11,土銀-嘉義,2024-06-21,1034
2020,美亞,11,0,11,土銀-嘉義,2024-06-21,1034
3231,緯創,14,3,11,土銀-嘉義,2024-06-21,1034
2317,鴻海,36,26,10,土銀-嘉義,2024-06-21,1034
00942B,台新美A公司債20+,10,0,10,土銀-嘉義,2024-06-21,1034
00893,國泰智能電動車,10,0,10,土銀-嘉義,2024-06-21,1034
00632R,元大台灣50反1,10,0,10,土銀-嘉義,2024-06-21,1034
2105,正新,10,0,10,土銀-嘉義,2024-06-21,1034
2367,燿華,10,0,10,土銀-嘉義,2024-06-21,1034
3059,華晶科,10,0,10,土銀-嘉義,2024-06-21,1034
3323,加百裕,10,0,10,土銀-嘉義,2024-06-21,1034
3374,精材,10,0,10,土銀-嘉義,2024-06-21,1034
6257,矽格,10,0,10,土銀-嘉義,2024-06-21,1034
8105,凌巨,13,3,10,土銀-嘉義,2024-06-21,1034
2329,華泰,19,10,9,土銀-嘉義,2024-06-21,1034
2363,矽統,9,0,9,土銀-嘉義,2024-06-21,1034
2303,聯電,13,5,8,土銀-嘉義,2024-06-21,1034
2353,宏��,10,2,8,土銀-嘉義,2024-06-21,1034
2478,大毅,8,0,8,土銀-嘉義,2024-06-21,1034
5410,國眾,8,0,8,土銀-嘉義,2024-06-21,1034
1319,東陽,7,0,7,土銀-嘉義,2024-06-21,1034
2313,華通,12,5,7,土銀-嘉義,2024-06-21,1034
2401,凌陽,10,3,7,土銀-嘉義,2024-06-21,1034
00687B,國泰20年美債,6,0,6,土銀-嘉義,2024-06-21,1034
1611,中電,6,0,6,土銀-嘉義,2024-06-21,1034
2025,千興,6,0,6,土銀-嘉義,2024-06-21,1034
2338,光罩,6,0,6,土銀-嘉義,2024-06-21,1034
3609,三一東林,6,0,6,土銀-嘉義,2024-06-21,1034
8011,台通,6,0,6,土銀-嘉義,2024-06-21,1034
00929,復華台灣科技優息,130,24,106,土銀-嘉義,2024-06-24,1034
2888,新光金,55,0,55,土銀-嘉義,2024-06-24,1034
8131,福懋科,35,0,35,土銀-嘉義,2024-06-24,1034
1609,大亞,32,1,31,土銀-嘉義,2024-06-24,1034
2609,陽明,28,3,25,土銀-嘉義,2024-06-24,1034
00940,元大台灣價值高息,36,16,20,土銀-嘉義,2024-06-24,1034
4142,國光生,20,0,20,土銀-嘉義,2024-06-24,1034
2349,錸德,17,0,17,土銀-嘉義,2024-06-24,1034
2330,台積電,21,4,17,土銀-嘉義,2024-06-24,1034
2881,富邦金,16,0,16,土銀-嘉義,2024-06-24,1034
5210,寶碩,16,0,16,土銀-嘉義,2024-06-24,1034
00918,大華優利高填息30,15,0,15,土銀-嘉義,2024-06-24,1034
00939,統一台灣高息動能,24,9,15,土銀-嘉義,2024-06-24,1034
1217,愛之味,15,1,14,土銀-嘉義,2024-06-24,1034
00937B,群益ESG投等債20,14,0,14,土銀-嘉義,2024-06-24,1034
2344,華邦電,16,2,14,土銀-嘉義,2024-06-24,1034
6770,力積電,15,1,14,土銀-嘉義,2024-06-24,1034
00936,台新永續高息中小,13,0,13,土銀-嘉義,2024-06-24,1034
3450,聯鈞,17,4,13,土銀-嘉義,2024-06-24,1034
3705,永信,15,2,13,土銀-嘉義,2024-06-24,1034
9105,泰金寶-DR,30,18,12,土銀-嘉義,2024-06-24,1034
3006,晶豪科,11,0,11,土銀-嘉義,2024-06-24,1034
1503,士電,11,1,10,土銀-嘉義,2024-06-24,1034
00751B,元大AAA至A公司債,10,0,10,土銀-嘉義,2024-06-24,1034
00680L,元大美債20正2,10,0,10,土銀-嘉義,2024-06-24,1034
00893,國泰智能電動車,10,0,10,土銀-嘉義,2024-06-24,1034
00885,富邦越南,10,0,10,土銀-嘉義,2024-06-24,1034
1723,中碳,10,0,10,土銀-嘉義,2024-06-24,1034
5905,南仁湖,10,0,10,土銀-嘉義,2024-06-24,1034
1722,台肥,10,1,9,土銀-嘉義,2024-06-24,1034
1101,台泥,8,0,8,土銀-嘉義,2024-06-24,1034
1402,遠東新,8,0,8,土銀-嘉義,2024-06-24,1034
1809,中釉,8,0,8,土銀-嘉義,2024-06-24,1034
2489,瑞軒,10,2,8,土銀-嘉義,2024-06-24,1034
1303,南亞,9,2,7,土銀-嘉義,2024-06-24,1034
2408,南亞科,11,4,7,土銀-嘉義,2024-06-24,1034
5009,榮剛,7,0,7,土銀-嘉義,2024-06-24,1034
5434,崇越,7,0,7,土銀-嘉義,2024-06-24,1034
6189,豐藝,7,0,7,土銀-嘉義,2024-06-24,1034
00905,FT臺灣Smart,6,0,6,土銀-嘉義,2024-06-24,1034
2101,南港,6,0,6,土銀-嘉義,2024-06-24,1034
2201,裕隆,6,0,6,土銀-嘉義,2024-06-24,1034
2401,凌陽,6,0,6,土銀-嘉義,2024-06-24,1034
2605,新興,7,1,6,土銀-嘉義,2024-06-24,1034
3312,弘憶股,6,0,6,土銀-嘉義,2024-06-24,1034
1539,巨庭,5,0,5,土銀-嘉義,2024-06-24,1034
2338,光罩,5,0,5,土銀-嘉義,2024-06-24,1034
2353,宏��,5,0,5,土銀-嘉義,2024-06-24,1034
2371,大同,5,0,5,土銀-嘉義,2024-06-24,1034
2374,佳能,5,0,5,土銀-嘉義,2024-06-24,1034
2883,凱基金,763,201,562,土銀-嘉義,2024-06-25,1034
00946,群益科技高息成長,203,0,203,土銀-嘉義,2024-06-25,1034
2409,友達,153,0,153,土銀-嘉義,2024-06-25,1034
00918,大華優利高填息30,101,1,100,土銀-嘉義,2024-06-25,1034
00929,復華台灣科技優息,61,10,51,土銀-嘉義,2024-06-25,1034
00897,富邦基因免疫生技,50,0,50,土銀-嘉義,2024-06-25,1034
00919,群益台灣精選高息,47,1,46,土銀-嘉義,2024-06-25,1034
00936,台新永續高息中小,27,0,27,土銀-嘉義,2024-06-25,1034
8131,福懋科,25,0,25,土銀-嘉義,2024-06-25,1034
3652,精聯,22,2,20,土銀-嘉義,2024-06-25,1034
2317,鴻海,34,14,20,土銀-嘉義,2024-06-25,1034
3231,緯創,20,1,19,土銀-嘉義,2024-06-25,1034
2889,國票金,20,2,18,土銀-嘉義,2024-06-25,1034
1217,愛之味,15,0,15,土銀-嘉義,2024-06-25,1034
6282,康舒,25,10,15,土銀-嘉義,2024-06-25,1034
3033,威健,12,0,12,土銀-嘉義,2024-06-25,1034
2449,京元電子,18,7,11,土銀-嘉義,2024-06-25,1034
2006,東和鋼鐵,10,0,10,土銀-嘉義,2024-06-25,1034
2610,華航,10,0,10,土銀-嘉義,2024-06-25,1034
6005,群益證,10,0,10,土銀-嘉義,2024-06-25,1034
9940,信義,10,0,10,土銀-嘉義,2024-06-25,1034
1314,中石化,10,1,9,土銀-嘉義,2024-06-25,1034
00940,元大台灣價值高息,9,0,9,土銀-嘉義,2024-06-25,1034
2881,富邦金,11,2,9,土銀-嘉義,2024-06-25,1034
3049,精金,9,0,9,土銀-嘉義,2024-06-25,1034
1815,富喬,16,8,8,土銀-嘉義,2024-06-25,1034
2201,裕隆,8,0,8,土銀-嘉義,2024-06-25,1034
2882,國泰金,18,10,8,土銀-嘉義,2024-06-25,1034
00878,國泰永續高股息,11,4,7,土銀-嘉義,2024-06-25,1034
2027,大成鋼,7,0,7,土銀-嘉義,2024-06-25,1034
2393,億光,8,1,7,土銀-嘉義,2024-06-25,1034
2478,大毅,7,0,7,土銀-嘉義,2024-06-25,1034
2515,中工,9,2,7,土銀-嘉義,2024-06-25,1034
4142,國光生,9,2,7,土銀-嘉義,2024-06-25,1034
5243,乙盛-KY,7,0,7,土銀-嘉義,2024-06-25,1034
6173,信昌電,14,7,7,土銀-嘉義,2024-06-25,1034
6185,幃翔,7,0,7,土銀-嘉義,2024-06-25,1034
8454,富邦媒,7,0,7,土銀-嘉義,2024-06-25,1034
2330,台積電,12,5,7,土銀-嘉義,2024-06-25,1034
3037,欣興,7,0,7,土銀-嘉義,2024-06-25,1034
2542,興富發,8,2,6,土銀-嘉義,2024-06-25,1034
00937B,群益ESG投等債20,6,0,6,土銀-嘉義,2024-06-25,1034
1101,台泥,16,10,6,土銀-嘉義,2024-06-25,1034
1301,台塑,7,1,6,土銀-嘉義,2024-06-25,1034
5452,佶優,7,1,6,土銀-嘉義,2024-06-25,1034
1527,鑽全,5,0,5,土銀-嘉義,2024-06-25,1034
2405,輔信,5,0,5,土銀-嘉義,2024-06-25,1034
2801,彰銀,5,0,5,土銀-嘉義,2024-06-25,1034
3703,欣陸,5,0,5,土銀-嘉義,2024-06-25,1034
6182,合晶,6,1,5,土銀-嘉義,2024-06-25,1034
2883,凱基金,329,0,329,土銀-嘉義,2024-06-26,1034
00946,群益科技高息成長,200,5,195,土銀-嘉義,2024-06-26,1034
00918,大華優利高填息30,103,2,101,土銀-嘉義,2024-06-26,1034
3481,群創,79,19,60,土銀-嘉義,2024-06-26,1034
3609,三一東林,58,0,58,土銀-嘉義,2024-06-26,1034
2888,新光金,50,0,50,土銀-嘉義,2024-06-26,1034
2801,彰銀,44,0,44,土銀-嘉義,2024-06-26,1034
2371,大同,66,24,42,土銀-嘉義,2024-06-26,1034
4142,國光生,33,0,33,土銀-嘉義,2024-06-26,1034
00929,復華台灣科技優息,30,0,30,土銀-嘉義,2024-06-26,1034
2615,萬海,41,13,28,土銀-嘉義,2024-06-26,1034
2317,鴻海,30,5,25,土銀-嘉義,2024-06-26,1034
6578,達邦蛋白,24,2,22,土銀-嘉義,2024-06-26,1034
2882,國泰金,21,0,21,土銀-嘉義,2024-06-26,1034
3149,正達,23,2,21,土銀-嘉義,2024-06-26,1034
00937B,群益ESG投等債20,20,0,20,土銀-嘉義,2024-06-26,1034
5876,上海商銀,20,0,20,土銀-嘉義,2024-06-26,1034
2002,中鋼,17,0,17,土銀-嘉義,2024-06-26,1034
00830,國泰費城半導體,12,0,12,土銀-嘉義,2024-06-26,1034
1301,台塑,12,0,12,土銀-嘉義,2024-06-26,1034
2834,臺企銀,12,0,12,土銀-嘉義,2024-06-26,1034
00919,群益台灣精選高息,13,3,10,土銀-嘉義,2024-06-26,1034
00679B,元大美債20年,10,0,10,土銀-嘉義,2024-06-26,1034
00655L,國泰中國A50正2,10,0,10,土銀-嘉義,2024-06-26,1034
00933B,國泰10Y+金融債,10,0,10,土銀-嘉義,2024-06-26,1034
1215,卜蜂,10,0,10,土銀-嘉義,2024-06-26,1034
2436,偉詮電,10,0,10,土銀-嘉義,2024-06-26,1034
2516,新建,11,1,10,土銀-嘉義,2024-06-26,1034
8131,福懋科,10,0,10,土銀-嘉義,2024-06-26,1034
1303,南亞,10,1,9,土銀-嘉義,2024-06-26,1034
1605,華新,9,0,9,土銀-嘉義,2024-06-26,1034
2816,旺旺保,9,0,9,土銀-嘉義,2024-06-26,1034
3231,緯創,15,6,9,土銀-嘉義,2024-06-26,1034
5880,合庫金,9,0,9,土銀-嘉義,2024-06-26,1034
2344,華邦電,8,0,8,土銀-嘉義,2024-06-26,1034
2913,農林,8,0,8,土銀-嘉義,2024-06-26,1034
6770,力積電,12,5,7,土銀-嘉義,2024-06-26,1034
2303,聯電,7,0,7,土銀-嘉義,2024-06-26,1034
1503,士電,7,0,7,土銀-嘉義,2024-06-26,1034
3576,聯合再生,7,0,7,土銀-嘉義,2024-06-26,1034
6438,迅得,7,0,7,土銀-嘉義,2024-06-26,1034
00878,國泰永續高股息,6,0,6,土銀-嘉義,2024-06-26,1034
2007,燁興,6,0,6,土銀-嘉義,2024-06-26,1034
2313,華通,6,0,6,土銀-嘉義,2024-06-26,1034
2409,友達,6,0,6,土銀-嘉義,2024-06-26,1034
2609,陽明,28,22,6,土銀-嘉義,2024-06-26,1034
3666,光耀,6,0,6,土銀-嘉義,2024-06-26,1034
3691,碩禾,6,0,6,土銀-嘉義,2024-06-26,1034
2353,宏��,6,1,5,土銀-嘉義,2024-06-26,1034
00942B,台新美A公司債20+,5,0,5,土銀-嘉義,2024-06-26,1034
4938,和碩,115,0,115,土銀-嘉義,2024-06-27,1034
00946,群益科技高息成長,110,0,110,土銀-嘉義,2024-06-27,1034
00918,大華優利高填息30,103,0,103,土銀-嘉義,2024-06-27,1034
00929,復華台灣科技優息,47,3,44,土銀-嘉義,2024-06-27,1034
00679B,元大美債20年,42,1,41,土銀-嘉義,2024-06-27,1034
00940,元大台灣價值高息,40,0,40,土銀-嘉義,2024-06-27,1034
3481,群創,83,46,37,土銀-嘉義,2024-06-27,1034
2885,元大金,28,1,27,土銀-嘉義,2024-06-27,1034
3231,緯創,29,4,25,土銀-嘉義,2024-06-27,1034
6244,茂迪,37,12,25,土銀-嘉義,2024-06-27,1034
3609,三一東林,24,0,24,土銀-嘉義,2024-06-27,1034
6806,森崴能源,30,7,23,土銀-嘉義,2024-06-27,1034
2887,台新金,20,0,20,土銀-嘉義,2024-06-27,1034
3047,訊舟,23,3,20,土銀-嘉義,2024-06-27,1034
3450,聯鈞,27,7,20,土銀-嘉義,2024-06-27,1034
4111,濟生,20,0,20,土銀-嘉義,2024-06-27,1034
3580,友威科,21,2,19,土銀-嘉義,2024-06-27,1034
00939,統一台灣高息動能,17,0,17,土銀-嘉義,2024-06-27,1034
4167,松瑞藥,18,2,16,土銀-嘉義,2024-06-27,1034
9105,泰金寶-DR,17,1,16,土銀-嘉義,2024-06-27,1034
00632R,元大台灣50反1,15,0,15,土銀-嘉義,2024-06-27,1034
912000,晨訊科-DR,15,0,15,土銀-嘉義,2024-06-27,1034
00687B,國泰20年美債,15,1,14,土銀-嘉義,2024-06-27,1034
1303,南亞,14,0,14,土銀-嘉義,2024-06-27,1034
6869,雲豹能源,15,2,13,土銀-嘉義,2024-06-27,1034
00936,台新永續高息中小,13,0,13,土銀-嘉義,2024-06-27,1034
2834,臺企銀,16,3,13,土銀-嘉義,2024-06-27,1034
9934,成霖,13,1,12,土銀-嘉義,2024-06-27,1034
3576,聯合再生,36,26,10,土銀-嘉義,2024-06-27,1034
00893,國泰智能電動車,10,0,10,土銀-嘉義,2024-06-27,1034
2303,聯電,12,2,10,土銀-嘉義,2024-06-27,1034
3712,永崴投控,11,1,10,土銀-嘉義,2024-06-27,1034
4109,加捷生醫,10,0,10,土銀-嘉義,2024-06-27,1034
00919,群益台灣精選高息,11,2,9,土銀-嘉義,2024-06-27,1034
1514,亞力,12,3,9,土銀-嘉義,2024-06-27,1034
2331,精英,9,0,9,土銀-嘉義,2024-06-27,1034
6142,友勁,9,0,9,土銀-嘉義,2024-06-27,1034
5009,榮剛,8,0,8,土銀-嘉義,2024-06-27,1034
2002,中鋼,8,1,7,土銀-嘉義,2024-06-27,1034
1528,恩德,6,0,6,土銀-嘉義,2024-06-27,1034
3049,精金,6,0,6,土銀-嘉義,2024-06-27,1034
3090,日電貿,6,0,6,土銀-嘉義,2024-06-27,1034
3663,鑫科,19,13,6,土銀-嘉義,2024-06-27,1034
4934,太極,6,0,6,土銀-嘉義,2024-06-27,1034
5371,中光電,6,0,6,土銀-嘉義,2024-06-27,1034
6166,凌華,6,0,6,土銀-嘉義,2024-06-27,1034
8076,伍豐,8,2,6,土銀-嘉義,2024-06-27,1034
1504,東元,10,5,5,土銀-嘉義,2024-06-27,1034
00830,國泰費城半導體,5,0,5,土銀-嘉義,2024-06-27,1034
00942B,台新美A公司債20+,5,0,5,土銀-嘉義,2024-06-27,1034
2883,凱基金,631,342,289,土銀-嘉義,2024-06-28,1034
00905,FT臺灣Smart,100,0,100,土銀-嘉義,2024-06-28,1034
00885,富邦越南,31,0,31,土銀-嘉義,2024-06-28,1034
4526,東台,31,1,30,土銀-嘉義,2024-06-28,1034
3231,緯創,29,0,29,土銀-嘉義,2024-06-28,1034
2101,南港,27,0,27,土銀-嘉義,2024-06-28,1034
00929,復華台灣科技優息,36,10,26,土銀-嘉義,2024-06-28,1034
00632R,元大台灣50反1,20,0,20,土銀-嘉義,2024-06-28,1034
00893,國泰智能電動車,20,0,20,土銀-嘉義,2024-06-28,1034
8277,商丞,19,1,18,土銀-嘉義,2024-06-28,1034
2618,長榮航,121,106,15,土銀-嘉義,2024-06-28,1034
2367,燿華,63,48,15,土銀-嘉義,2024-06-28,1034
8092,建暐,12,0,12,土銀-嘉義,2024-06-28,1034
00942B,台新美A公司債20+,10,0,10,土銀-嘉義,2024-06-28,1034
00892,富邦台灣半導體,10,0,10,土銀-嘉義,2024-06-28,1034
00706L,期元大S＆P日圓正2,10,0,10,土銀-嘉義,2024-06-28,1034
00753L,中信中國50正2,10,0,10,土銀-嘉義,2024-06-28,1034
1710,東聯,10,0,10,土銀-嘉義,2024-06-28,1034
2208,台船,10,0,10,土銀-嘉義,2024-06-28,1034
2402,毅嘉,10,0,10,土銀-嘉義,2024-06-28,1034
4142,國光生,10,0,10,土銀-嘉義,2024-06-28,1034
2303,聯電,9,1,8,土銀-嘉義,2024-06-28,1034
4934,太極,8,0,8,土銀-嘉義,2024-06-28,1034
5009,榮剛,10,2,8,土銀-嘉義,2024-06-28,1034
6438,迅得,8,0,8,土銀-嘉義,2024-06-28,1034
2328,廣宇,7,0,7,土銀-嘉義,2024-06-28,1034
2337,旺宏,9,2,7,土銀-嘉義,2024-06-28,1034
5905,南仁湖,7,0,7,土銀-嘉義,2024-06-28,1034
1609,大亞,10,4,6,土銀-嘉義,2024-06-28,1034
1504,東元,7,1,6,土銀-嘉義,2024-06-28,1034
2834,臺企銀,6,0,6,土銀-嘉義,2024-06-28,1034
3149,正達,7,1,6,土銀-嘉義,2024-06-28,1034
4726,永昕,7,1,6,土銀-嘉義,2024-06-28,1034
6173,信昌電,6,0,6,土銀-嘉義,2024-06-28,1034
2324,仁寶,5,0,5,土銀-嘉義,2024-06-28,1034
00830,國泰費城半導體,5,0,5,土銀-嘉義,2024-06-28,1034
00712,復華富時不動產,5,0,5,土銀-嘉義,2024-06-28,1034
00881,國泰台灣5G+,5,0,5,土銀-嘉義,2024-06-28,1034
1905,華紙,5,0,5,土銀-嘉義,2024-06-28,1034
2211,長榮鋼,5,0,5,土銀-嘉義,2024-06-28,1034
2353,宏��,9,4,5,土銀-嘉義,2024-06-28,1034
3484,崧騰,5,0,5,土銀-嘉義,2024-06-28,1034
4129,聯合,11,6,5,土銀-嘉義,2024-06-28,1034
9934,成霖,5,0,5,土銀-嘉義,2024-06-28,1034
2301,光寶科,4,0,4,土銀-嘉義,2024-06-28,1034
00936,台新永續高息中小,4,0,4,土銀-嘉義,2024-06-28,1034
00673R,期元大S＆P原油反1,4,0,4,土銀-嘉義,2024-06-28,1034
1712,興農,4,0,4,土銀-嘉義,2024-06-28,1034
1784,訊聯,5,1,4,土銀-嘉義,2024-06-28,1034
2329,華泰,4,0,4,土銀-嘉義,2024-06-28,1034
00679B,元大美債20年,311,0,311,土銀-嘉義,2024-07-01,1034
2897,王道銀行,135,0,135,土銀-嘉義,2024-07-01,1034
00929,復華台灣科技優息,128,30,98,土銀-嘉義,2024-07-01,1034
3481,群創,87,11,76,土銀-嘉義,2024-07-01,1034
00687B,國泰20年美債,65,0,65,土銀-嘉義,2024-07-01,1034
2883,凱基金,60,1,59,土銀-嘉義,2024-07-01,1034
00933B,國泰10Y+金融債,55,0,55,土銀-嘉義,2024-07-01,1034
00632R,元大台灣50反1,50,0,50,土銀-嘉義,2024-07-01,1034
1514,亞力,30,0,30,土銀-嘉義,2024-07-01,1034
00712,復華富時不動產,25,5,20,土銀-嘉義,2024-07-01,1034
4526,東台,21,1,20,土銀-嘉義,2024-07-01,1034
8234,新漢,20,0,20,土銀-嘉義,2024-07-01,1034
2365,昆盈,94,77,17,土銀-嘉義,2024-07-01,1034
2409,友達,16,0,16,土銀-嘉義,2024-07-01,1034
2801,彰銀,14,0,14,土銀-嘉義,2024-07-01,1034
6152,百一,14,0,14,土銀-嘉義,2024-07-01,1034
9105,泰金寶-DR,15,1,14,土銀-嘉義,2024-07-01,1034
3231,緯創,15,3,12,土銀-嘉義,2024-07-01,1034
00680L,元大美債20正2,11,0,11,土銀-嘉義,2024-07-01,1034
2354,鴻準,11,0,11,土銀-嘉義,2024-07-01,1034
3211,順達,11,0,11,土銀-嘉義,2024-07-01,1034
3712,永崴投控,11,0,11,土銀-嘉義,2024-07-01,1034
1437,勤益控,10,0,10,土銀-嘉義,2024-07-01,1034
00937B,群益ESG投等債20,13,3,10,土銀-嘉義,2024-07-01,1034
1720,生達,10,0,10,土銀-嘉義,2024-07-01,1034
2069,運錩,10,0,10,土銀-嘉義,2024-07-01,1034
2331,精英,10,0,10,土銀-嘉義,2024-07-01,1034
8071,能率網通,10,0,10,土銀-嘉義,2024-07-01,1034
2464,盟立,11,2,9,土銀-嘉義,2024-07-01,1034
6290,良維,9,0,9,土銀-嘉義,2024-07-01,1034
8085,福華,10,1,9,土銀-嘉義,2024-07-01,1034
6188,廣明,12,4,8,土銀-嘉義,2024-07-01,1034
00948B,中信優息投資級債,10,2,8,土銀-嘉義,2024-07-01,1034
2241,艾姆勒,8,0,8,土銀-嘉義,2024-07-01,1034
3081,聯亞,8,0,8,土銀-嘉義,2024-07-01,1034
4564,元翎,8,0,8,土銀-嘉義,2024-07-01,1034
2002,中鋼,12,5,7,土銀-嘉義,2024-07-01,1034
2103,台橡,7,0,7,土銀-嘉義,2024-07-01,1034
2344,華邦電,12,5,7,土銀-嘉義,2024-07-01,1034
2820,華票,7,0,7,土銀-嘉義,2024-07-01,1034
3062,建漢,7,0,7,土銀-嘉義,2024-07-01,1034
4167,松瑞藥,9,2,7,土銀-嘉義,2024-07-01,1034
2355,敬鵬,6,0,6,土銀-嘉義,2024-07-01,1034
2371,大同,8,2,6,土銀-嘉義,2024-07-01,1034
3576,聯合再生,7,1,6,土銀-嘉義,2024-07-01,1034
5009,榮剛,10,4,6,土銀-嘉義,2024-07-01,1034
6285,啟��,6,0,6,土銀-嘉義,2024-07-01,1034
8110,華東,6,0,6,土銀-嘉義,2024-07-01,1034
00942B,台新美A公司債20+,5,0,5,土銀-嘉義,2024-07-01,1034
2324,仁寶,6,1,5,土銀-嘉義,2024-07-01,1034
00948B,中信優息投資級債,110,0,110,土銀-嘉義,2024-07-02,1034
00934,中信成長高股息,109,0,109,土銀-嘉義,2024-07-02,1034
2303,聯電,73,2,71,土銀-嘉義,2024-07-02,1034
00687B,國泰20年美債,58,0,58,土銀-嘉義,2024-07-02,1034
2344,華邦電,50,0,50,土銀-嘉義,2024-07-02,1034
00937B,群益ESG投等債20,34,0,34,土銀-嘉義,2024-07-02,1034
9105,泰金寶-DR,40,7,33,土銀-嘉義,2024-07-02,1034
00939,統一台灣高息動能,66,40,26,土銀-嘉義,2024-07-02,1034
0056,元大高股息,25,0,25,土銀-嘉義,2024-07-02,1034
3481,群創,52,29,23,土銀-嘉義,2024-07-02,1034
2317,鴻海,56,33,23,土銀-嘉義,2024-07-02,1034
00946,群益科技高息成長,22,0,22,土銀-嘉義,2024-07-02,1034
00936,台新永續高息中小,20,0,20,土銀-嘉義,2024-07-02,1034
6285,啟��,24,5,19,土銀-嘉義,2024-07-02,1034
3450,聯鈞,20,2,18,土銀-嘉義,2024-07-02,1034
3580,友威科,36,18,18,土銀-嘉義,2024-07-02,1034
2618,長榮航,46,28,18,土銀-嘉義,2024-07-02,1034
2002,中鋼,29,14,15,土銀-嘉義,2024-07-02,1034
5519,隆大,15,0,15,土銀-嘉義,2024-07-02,1034
2610,華航,24,10,14,土銀-嘉義,2024-07-02,1034
2834,臺企銀,15,2,13,土銀-嘉義,2024-07-02,1034
5880,合庫金,13,0,13,土銀-嘉義,2024-07-02,1034
00680L,元大美債20正2,12,0,12,土銀-嘉義,2024-07-02,1034
1785,光洋科,13,1,12,土銀-嘉義,2024-07-02,1034
00949,復華日本龍頭,12,1,11,土銀-嘉義,2024-07-02,1034
1784,訊聯,11,0,11,土銀-嘉義,2024-07-02,1034
00679B,元大美債20年,10,0,10,土銀-嘉義,2024-07-02,1034
2014,中鴻,10,0,10,土銀-嘉義,2024-07-02,1034
2838,聯邦銀,10,0,10,土銀-嘉義,2024-07-02,1034
6182,合晶,10,0,10,土銀-嘉義,2024-07-02,1034
9934,成霖,10,0,10,土銀-嘉義,2024-07-02,1034
1314,中石化,14,5,9,土銀-嘉義,2024-07-02,1034
2408,南亞科,9,0,9,土銀-嘉義,2024-07-02,1034
6770,力積電,10,2,8,土銀-嘉義,2024-07-02,1034
2449,京元電子,11,3,8,土銀-嘉義,2024-07-02,1034
00858,永豐美國500大,8,0,8,土銀-嘉義,2024-07-02,1034
3013,晟銘電,48,40,8,土銀-嘉義,2024-07-02,1034
4906,正文,18,10,8,土銀-嘉義,2024-07-02,1034
8110,華東,8,0,8,土銀-嘉義,2024-07-02,1034
3028,增你強,7,0,7,土銀-嘉義,2024-07-02,1034
3078,僑威,7,0,7,土銀-嘉義,2024-07-02,1034
4526,東台,7,0,7,土銀-嘉義,2024-07-02,1034
00830,國泰費城半導體,6,0,6,土銀-嘉義,2024-07-02,1034
3059,華晶科,6,0,6,土銀-嘉義,2024-07-02,1034
3062,建漢,6,0,6,土銀-嘉義,2024-07-02,1034
6166,凌華,6,0,6,土銀-嘉義,2024-07-02,1034
6191,精成科,8,2,6,土銀-嘉義,2024-07-02,1034
2330,台積電,7,1,6,土銀-嘉義,2024-07-02,1034
1301,台塑,7,2,5,土銀-嘉義,2024-07-02,1034
00947,台新臺灣IC設計,5,0,5,土銀-嘉義,2024-07-02,1034
00632R,元大台灣50反1,201,0,201,土銀-嘉義,2024-07-03,1034
4510,高鋒,201,0,201,土銀-嘉義,2024-07-03,1034
00687B,國泰20年美債,100,0,100,土銀-嘉義,2024-07-03,1034
9105,泰金寶-DR,60,13,47,土銀-嘉義,2024-07-03,1034
00946,群益科技高息成長,40,0,40,土銀-嘉義,2024-07-03,1034
6015,宏遠證,40,0,40,土銀-嘉義,2024-07-03,1034
2402,毅嘉,40,3,37,土銀-嘉義,2024-07-03,1034
3576,聯合再生,43,8,35,土銀-嘉義,2024-07-03,1034
2801,彰銀,240,210,30,土銀-嘉義,2024-07-03,1034
2357,華碩,26,1,25,土銀-嘉義,2024-07-03,1034
2317,鴻海,32,11,21,土銀-嘉義,2024-07-03,1034
3049,精金,30,9,21,土銀-嘉義,2024-07-03,1034
00936,台新永續高息中小,18,0,18,土銀-嘉義,2024-07-03,1034
6282,康舒,17,3,14,土銀-嘉義,2024-07-03,1034
4526,東台,13,0,13,土銀-嘉義,2024-07-03,1034
4979,華星光,13,0,13,土銀-嘉義,2024-07-03,1034
00929,復華台灣科技優息,15,3,12,土銀-嘉義,2024-07-03,1034
00937B,群益ESG投等債20,12,0,12,土銀-嘉義,2024-07-03,1034
00949,復華日本龍頭,10,0,10,土銀-嘉義,2024-07-03,1034
2838,聯邦銀,10,0,10,土銀-嘉義,2024-07-03,1034
4576,大銀微系統,10,0,10,土銀-嘉義,2024-07-03,1034
6163,華電網,10,0,10,土銀-嘉義,2024-07-03,1034
6217,中探針,10,0,10,土銀-嘉義,2024-07-03,1034
6443,元晶,13,3,10,土銀-嘉義,2024-07-03,1034
8277,商丞,10,0,10,土銀-嘉義,2024-07-03,1034
6109,亞元,9,0,9,土銀-嘉義,2024-07-03,1034
6829,千附精密,9,0,9,土銀-嘉義,2024-07-03,1034
1618,合機,10,2,8,土銀-嘉義,2024-07-03,1034
2609,陽明,31,23,8,土銀-嘉義,2024-07-03,1034
2906,高林,10,2,8,土銀-嘉義,2024-07-03,1034
4967,十銓,8,1,7,土銀-嘉義,2024-07-03,1034
2356,英業達,7,0,7,土銀-嘉義,2024-07-03,1034
00830,國泰費城半導體,6,0,6,土銀-嘉義,2024-07-03,1034
3004,豐達科,6,0,6,土銀-嘉義,2024-07-03,1034
3312,弘憶股,7,1,6,土銀-嘉義,2024-07-03,1034
4133,亞諾法,6,0,6,土銀-嘉義,2024-07-03,1034
5347,世界,16,10,6,土銀-嘉義,2024-07-03,1034
3105,穩懋,5,0,5,土銀-嘉義,2024-07-03,1034
1503,士電,5,0,5,土銀-嘉義,2024-07-03,1034
00881,國泰台灣5G+,5,0,5,土銀-嘉義,2024-07-03,1034
2303,聯電,14,9,5,土銀-嘉義,2024-07-03,1034
2328,廣宇,5,0,5,土銀-嘉義,2024-07-03,1034
2360,致茂,5,0,5,土銀-嘉義,2024-07-03,1034
2520,冠德,6,1,5,土銀-嘉義,2024-07-03,1034
3006,晶豪科,6,1,5,土銀-嘉義,2024-07-03,1034
3050,鈺德,5,0,5,土銀-嘉義,2024-07-03,1034
3432,台端,5,0,5,土銀-嘉義,2024-07-03,1034
3484,崧騰,5,0,5,土銀-嘉義,2024-07-03,1034
3704,合勤控,5,0,5,土銀-嘉義,2024-07-03,1034
4924,欣厚-KY,5,0,5,土銀-嘉義,2024-07-03,1034
2883,凱基金,916,296,620,土銀-嘉義,2024-07-04,1034
3057,喬鼎,100,1,99,土銀-嘉義,2024-07-04,1034
00632R,元大台灣50反1,74,0,74,土銀-嘉義,2024-07-04,1034
2618,長榮航,48,6,42,土銀-嘉義,2024-07-04,1034
3609,三一東林,58,17,41,土銀-嘉義,2024-07-04,1034
2359,所羅門,38,4,34,土銀-嘉義,2024-07-04,1034
00688L,國泰20年美債正2,30,0,30,土銀-嘉義,2024-07-04,1034
5347,世界,28,1,27,土銀-嘉義,2024-07-04,1034
2314,台揚,20,0,20,土銀-嘉義,2024-07-04,1034
2357,華碩,20,0,20,土銀-嘉義,2024-07-04,1034
9105,泰金寶-DR,36,19,17,土銀-嘉義,2024-07-04,1034
2888,新光金,24,10,14,土銀-嘉義,2024-07-04,1034
2412,中華電,16,2,14,土銀-嘉義,2024-07-04,1034
2601,益航,12,0,12,土銀-嘉義,2024-07-04,1034
3047,訊舟,25,14,11,土銀-嘉義,2024-07-04,1034
1409,新纖,10,0,10,土銀-嘉義,2024-07-04,1034
2401,凌陽,11,1,10,土銀-嘉義,2024-07-04,1034
3050,鈺德,10,0,10,土銀-嘉義,2024-07-04,1034
1612,宏泰,12,3,9,土銀-嘉義,2024-07-04,1034
1785,光洋科,14,5,9,土銀-嘉義,2024-07-04,1034
2103,台橡,9,0,9,土銀-嘉義,2024-07-04,1034
2324,仁寶,9,0,9,土銀-嘉義,2024-07-04,1034
2882,國泰金,11,2,9,土銀-嘉義,2024-07-04,1034
2454,聯發科,8,0,8,土銀-嘉義,2024-07-04,1034
2405,輔信,11,3,8,土銀-嘉義,2024-07-04,1034
3211,順達,8,0,8,土銀-嘉義,2024-07-04,1034
3432,台端,8,0,8,土銀-嘉義,2024-07-04,1034
4967,十銓,8,0,8,土銀-嘉義,2024-07-04,1034
6282,康舒,12,4,8,土銀-嘉義,2024-07-04,1034
2834,臺企銀,9,1,8,土銀-嘉義,2024-07-04,1034
2354,鴻準,9,2,7,土銀-嘉義,2024-07-04,1034
2417,圓剛,11,4,7,土銀-嘉義,2024-07-04,1034
2889,國票金,8,1,7,土銀-嘉義,2024-07-04,1034
6205,詮欣,6,0,6,土銀-嘉義,2024-07-04,1034
8438,昶昕,6,0,6,土銀-嘉義,2024-07-04,1034
3308,聯德,5,0,5,土銀-嘉義,2024-07-04,1034
1326,台化,6,1,5,土銀-嘉義,2024-07-04,1034
00902,中信電池及儲能,5,0,5,土銀-嘉義,2024-07-04,1034
00893,國泰智能電動車,15,10,5,土銀-嘉義,2024-07-04,1034
00712,復華富時不動產,5,0,5,土銀-嘉義,2024-07-04,1034
00942B,台新美A公司債20+,5,0,5,土銀-嘉義,2024-07-04,1034
2211,長榮鋼,5,0,5,土銀-嘉義,2024-07-04,1034
2486,一詮,5,0,5,土銀-嘉義,2024-07-04,1034
3455,由田,10,5,5,土銀-嘉義,2024-07-04,1034
5243,乙盛-KY,6,1,5,土銀-嘉義,2024-07-04,1034
5471,松翰,6,1,5,土銀-嘉義,2024-07-04,1034
8163,達方,5,0,5,土銀-嘉義,2024-07-04,1034
2206,三陽工業,4,0,4,土銀-嘉義,2024-07-04,1034
2328,廣宇,5,1,4,土銀-嘉義,2024-07-04,1034
2367,燿華,7,3,4,土銀-嘉義,2024-07-04,1034
2883,凱基金,474,306,168,土銀-嘉義,2024-07-05,1034
2324,仁寶,122,6,116,土銀-嘉義,2024-07-05,1034
00937B,群益ESG投等債20,63,0,63,土銀-嘉義,2024-07-05,1034
2344,華邦電,57,0,57,土銀-嘉義,2024-07-05,1034
2457,飛宏,40,0,40,土銀-嘉義,2024-07-05,1034
2618,長榮航,58,19,39,土銀-嘉義,2024-07-05,1034
00688L,國泰20年美債正2,30,0,30,土銀-嘉義,2024-07-05,1034
2367,燿華,52,22,30,土銀-嘉義,2024-07-05,1034
2301,光寶科,28,0,28,土銀-嘉義,2024-07-05,1034
2353,宏��,30,4,26,土銀-嘉義,2024-07-05,1034
2356,英業達,37,11,26,土銀-嘉義,2024-07-05,1034
3189,景碩,20,0,20,土銀-嘉義,2024-07-05,1034
00934,中信成長高股息,18,0,18,土銀-嘉義,2024-07-05,1034
0056,元大高股息,22,5,17,土銀-嘉義,2024-07-05,1034
2867,三商壽,20,5,15,土銀-嘉義,2024-07-05,1034
5302,太欣,15,0,15,土銀-嘉義,2024-07-05,1034
2317,鴻海,23,8,15,土銀-嘉義,2024-07-05,1034
00637L,元大滬深300正2,53,40,13,土銀-嘉義,2024-07-05,1034
2610,華航,17,4,13,土銀-嘉義,2024-07-05,1034
6182,合晶,13,0,13,土銀-嘉義,2024-07-05,1034
00655L,國泰中國A50正2,12,0,12,土銀-嘉義,2024-07-05,1034
00949,復華日本龍頭,12,0,12,土銀-嘉義,2024-07-05,1034
3048,益登,21,9,12,土銀-嘉義,2024-07-05,1034
3576,聯合再生,12,0,12,土銀-嘉義,2024-07-05,1034
1303,南亞,11,0,11,土銀-嘉義,2024-07-05,1034
00935,野村臺灣新科技50,11,0,11,土銀-嘉義,2024-07-05,1034
2886,兆豐金,12,1,11,土銀-嘉義,2024-07-05,1034
00947,台新臺灣IC設計,10,0,10,土銀-嘉義,2024-07-05,1034
2603,長榮,10,0,10,土銀-嘉義,2024-07-05,1034
5371,中光電,13,3,10,土銀-嘉義,2024-07-05,1034
6901,鑽石投資,10,0,10,土銀-嘉義,2024-07-05,1034
1536,和大,16,7,9,土銀-嘉義,2024-07-05,1034
2402,毅嘉,9,0,9,土銀-嘉義,2024-07-05,1034
3313,斐成,9,0,9,土銀-嘉義,2024-07-05,1034
00712,復華富時不動產,8,0,8,土銀-嘉義,2024-07-05,1034
1718,中纖,10,2,8,土銀-嘉義,2024-07-05,1034
6770,力積電,9,1,8,土銀-嘉義,2024-07-05,1034
4561,健椿,7,0,7,土銀-嘉義,2024-07-05,1034
00857B,永豐20年美公債,6,0,6,土銀-嘉義,2024-07-05,1034
1102,亞泥,6,0,6,土銀-嘉義,2024-07-05,1034
2427,三商電,20,14,6,土銀-嘉義,2024-07-05,1034
2468,華經,6,0,6,土銀-嘉義,2024-07-05,1034
3712,永崴投控,6,0,6,土銀-嘉義,2024-07-05,1034
5468,凱鈺,6,0,6,土銀-嘉義,2024-07-05,1034
6173,信昌電,6,0,6,土銀-嘉義,2024-07-05,1034
6215,和椿,7,1,6,土銀-嘉義,2024-07-05,1034
6269,台郡,6,0,6,土銀-嘉義,2024-07-05,1034
2337,旺宏,6,0,6,土銀-嘉義,2024-07-05,1034
2615,萬海,6,1,5,土銀-嘉義,2024-07-05,1034
1611,中電,5,0,5,土銀-嘉義,2024-07-05,1034
00948B,中信優息投資級債,400,0,400,土銀-嘉義,2024-07-08,1034
00934,中信成長高股息,112,0,112,土銀-嘉義,2024-07-08,1034
2883,凱基金,103,42,61,土銀-嘉義,2024-07-08,1034
00929,復華台灣科技優息,66,10,56,土銀-嘉義,2024-07-08,1034
00939,統一台灣高息動能,41,2,39,土銀-嘉義,2024-07-08,1034
2101,南港,38,0,38,土銀-嘉義,2024-07-08,1034
2834,臺企銀,37,5,32,土銀-嘉義,2024-07-08,1034
1709,和益,31,0,31,土銀-嘉義,2024-07-08,1034
3481,群創,75,44,31,土銀-嘉義,2024-07-08,1034
6126,信音,30,0,30,土銀-嘉義,2024-07-08,1034
2464,盟立,45,16,29,土銀-嘉義,2024-07-08,1034
9928,中視,26,0,26,土銀-嘉義,2024-07-08,1034
00632R,元大台灣50反1,24,0,24,土銀-嘉義,2024-07-08,1034
2367,燿華,45,22,23,土銀-嘉義,2024-07-08,1034
5210,寶碩,20,0,20,土銀-嘉義,2024-07-08,1034
5392,能率,23,3,20,土銀-嘉義,2024-07-08,1034
5512,力麒,20,0,20,土銀-嘉義,2024-07-08,1034
4909,新復興,20,1,19,土銀-嘉義,2024-07-08,1034
2405,輔信,20,2,18,土銀-嘉義,2024-07-08,1034
5309,系統電,17,1,16,土銀-嘉義,2024-07-08,1034
2365,昆盈,80,67,13,土銀-嘉義,2024-07-08,1034
8071,能率網通,13,0,13,土銀-嘉義,2024-07-08,1034
3537,堡達,13,1,12,土銀-嘉義,2024-07-08,1034
8064,東捷,18,6,12,土銀-嘉義,2024-07-08,1034
1409,新纖,11,0,11,土銀-嘉義,2024-07-08,1034
2605,新興,11,0,11,土銀-嘉義,2024-07-08,1034
00933B,國泰10Y+金融債,10,0,10,土銀-嘉義,2024-07-08,1034
00893,國泰智能電動車,10,0,10,土銀-嘉義,2024-07-08,1034
00773B,中信優先金融債,10,0,10,土銀-嘉義,2024-07-08,1034
1530,亞崴,10,0,10,土銀-嘉義,2024-07-08,1034
2618,長榮航,16,6,10,土銀-嘉義,2024-07-08,1034
4114,健喬,10,0,10,土銀-嘉義,2024-07-08,1034
4157,太景*-KY,10,0,10,土銀-嘉義,2024-07-08,1034
4967,十銓,10,0,10,土銀-嘉義,2024-07-08,1034
00679B,元大美債20年,9,0,9,土銀-嘉義,2024-07-08,1034
2609,陽明,28,19,9,土銀-嘉義,2024-07-08,1034
6152,百一,9,0,9,土銀-嘉義,2024-07-08,1034
3390,旭軟,12,4,8,土銀-嘉義,2024-07-08,1034
6153,嘉聯益,17,9,8,土銀-嘉義,2024-07-08,1034
2337,旺宏,7,0,7,土銀-嘉義,2024-07-08,1034
2412,中華電,7,0,7,土銀-嘉義,2024-07-08,1034
2607,榮運,10,3,7,土銀-嘉義,2024-07-08,1034
3450,聯鈞,11,4,7,土銀-嘉義,2024-07-08,1034
3703,欣陸,7,0,7,土銀-嘉義,2024-07-08,1034
3715,定穎投控,7,0,7,土銀-嘉義,2024-07-08,1034
4714,永捷,7,0,7,土銀-嘉義,2024-07-08,1034
6127,九豪,9,2,7,土銀-嘉義,2024-07-08,1034
6202,盛群,7,0,7,土銀-嘉義,2024-07-08,1034
6505,台塑化,7,0,7,土銀-嘉義,2024-07-08,1034
6274,台燿,8,2,6,土銀-嘉義,2024-07-08,1034
9105,泰金寶-DR,156,73,83,土銀-嘉義,2024-07-09,1034
2367,燿華,96,22,74,土銀-嘉義,2024-07-09,1034
00934,中信成長高股息,82,10,72,土銀-嘉義,2024-07-09,1034
2891,中信金,63,0,63,土銀-嘉義,2024-07-09,1034
1563,巧新,61,0,61,土銀-嘉義,2024-07-09,1034
00905,FT臺灣Smart,56,5,51,土銀-嘉義,2024-07-09,1034
00632R,元大台灣50反1,50,0,50,土銀-嘉義,2024-07-09,1034
2834,臺企銀,100,51,49,土銀-嘉義,2024-07-09,1034
2312,金寶,70,29,41,土銀-嘉義,2024-07-09,1034
6226,光鼎,37,0,37,土銀-嘉義,2024-07-09,1034
00933B,國泰10Y+金融債,32,0,32,土銀-嘉義,2024-07-09,1034
1305,華夏,30,0,30,土銀-嘉義,2024-07-09,1034
00935,野村臺灣新科技50,46,21,25,土銀-嘉義,2024-07-09,1034
2409,友達,20,0,20,土銀-嘉義,2024-07-09,1034
2618,長榮航,20,0,20,土銀-嘉義,2024-07-09,1034
2405,輔信,25,6,19,土銀-嘉義,2024-07-09,1034
2349,錸德,17,0,17,土銀-嘉義,2024-07-09,1034
2611,志信,17,0,17,土銀-嘉義,2024-07-09,1034
2313,華通,16,0,16,土銀-嘉義,2024-07-09,1034
00881,國泰台灣5G+,15,0,15,土銀-嘉義,2024-07-09,1034
1316,上曜,15,0,15,土銀-嘉義,2024-07-09,1034
2344,華邦電,30,16,14,土銀-嘉義,2024-07-09,1034
3481,群創,37,25,12,土銀-嘉義,2024-07-09,1034
4532,瑞智,11,0,11,土銀-嘉義,2024-07-09,1034
00929,復華台灣科技優息,11,0,11,土銀-嘉義,2024-07-09,1034
3013,晟銘電,21,11,10,土銀-嘉義,2024-07-09,1034
00688L,國泰20年美債正2,10,0,10,土銀-嘉義,2024-07-09,1034
1708,東鹼,10,0,10,土銀-嘉義,2024-07-09,1034
2543,皇昌,10,0,10,土銀-嘉義,2024-07-09,1034
2913,農林,30,20,10,土銀-嘉義,2024-07-09,1034
3048,益登,10,0,10,土銀-嘉義,2024-07-09,1034
4306,炎洲,10,0,10,土銀-嘉義,2024-07-09,1034
4976,佳凌,10,0,10,土銀-嘉義,2024-07-09,1034
5475,德宏,10,0,10,土銀-嘉義,2024-07-09,1034
6005,群益證,10,0,10,土銀-嘉義,2024-07-09,1034
6573,虹揚-KY,10,0,10,土銀-嘉義,2024-07-09,1034
6901,鑽石投資,10,0,10,土銀-嘉義,2024-07-09,1034
8234,新漢,10,0,10,土銀-嘉義,2024-07-09,1034
00940,元大台灣價值高息,15,6,9,土銀-嘉義,2024-07-09,1034
2324,仁寶,10,1,9,土銀-嘉義,2024-07-09,1034
1301,台塑,8,0,8,土銀-嘉義,2024-07-09,1034
00936,台新永續高息中小,18,10,8,土銀-嘉義,2024-07-09,1034
1528,恩德,8,0,8,土銀-嘉義,2024-07-09,1034
3149,正達,11,3,8,土銀-嘉義,2024-07-09,1034
3432,台端,8,0,8,土銀-嘉義,2024-07-09,1034
3715,定穎投控,8,0,8,土銀-嘉義,2024-07-09,1034
2101,南港,7,0,7,土銀-嘉義,2024-07-09,1034
3260,威剛,8,1,7,土銀-嘉義,2024-07-09,1034
2330,台積電,9,2,7,土銀-嘉義,2024-07-09,1034
1307,三芳,6,0,6,土銀-嘉義,2024-07-09,1034
2801,彰銀,80,0,80,土銀-嘉義,2024-07-10,1034
2867,三商壽,98,20,78,土銀-嘉義,2024-07-10,1034
1563,巧新,70,0,70,土銀-嘉義,2024-07-10,1034
6770,力積電,69,1,68,土銀-嘉義,2024-07-10,1034
2002,中鋼,55,0,55,土銀-嘉義,2024-07-10,1034
1616,億泰,54,4,50,土銀-嘉義,2024-07-10,1034
00933B,國泰10Y+金融債,46,0,46,土銀-嘉義,2024-07-10,1034
2897,王道銀行,39,0,39,土銀-嘉義,2024-07-10,1034
4513,福裕,30,0,30,土銀-嘉義,2024-07-10,1034
3580,友威科,26,0,26,土銀-嘉義,2024-07-10,1034
2417,圓剛,21,0,21,土銀-嘉義,2024-07-10,1034
00893,國泰智能電動車,20,0,20,土銀-嘉義,2024-07-10,1034
6806,森崴能源,32,14,18,土銀-嘉義,2024-07-10,1034
1718,中纖,18,0,18,土銀-嘉義,2024-07-10,1034
2884,玉山金,19,2,17,土銀-嘉義,2024-07-10,1034
4526,東台,16,0,16,土銀-嘉義,2024-07-10,1034
2609,陽明,38,24,14,土銀-嘉義,2024-07-10,1034
3013,晟銘電,50,36,14,土銀-嘉義,2024-07-10,1034
0056,元大高股息,20,7,13,土銀-嘉義,2024-07-10,1034
8059,凱碩,13,0,13,土銀-嘉義,2024-07-10,1034
3231,緯創,12,0,12,土銀-嘉義,2024-07-10,1034
1101,台泥,11,0,11,土銀-嘉義,2024-07-10,1034
00881,國泰台灣5G+,11,0,11,土銀-嘉義,2024-07-10,1034
00830,國泰費城半導體,10,0,10,土銀-嘉義,2024-07-10,1034
00945B,凱基美國非投等債,10,0,10,土銀-嘉義,2024-07-10,1034
2406,國碩,10,0,10,土銀-嘉義,2024-07-10,1034
2317,鴻海,23,13,10,土銀-嘉義,2024-07-10,1034
00929,復華台灣科技優息,9,0,9,土銀-嘉義,2024-07-10,1034
00712,復華富時不動產,9,0,9,土銀-嘉義,2024-07-10,1034
1618,合機,12,3,9,土銀-嘉義,2024-07-10,1034
4904,遠傳,9,0,9,土銀-嘉義,2024-07-10,1034
5880,合庫金,10,1,9,土銀-嘉義,2024-07-10,1034
2303,聯電,11,3,8,土銀-嘉義,2024-07-10,1034
2365,昆盈,14,6,8,土銀-嘉義,2024-07-10,1034
4533,協易機,10,2,8,土銀-嘉義,2024-07-10,1034
8438,昶昕,11,3,8,土銀-嘉義,2024-07-10,1034
1303,南亞,8,0,8,土銀-嘉義,2024-07-10,1034
1307,三芳,7,0,7,土銀-嘉義,2024-07-10,1034
00946,群益科技高息成長,7,0,7,土銀-嘉義,2024-07-10,1034
00680L,元大美債20正2,7,0,7,土銀-嘉義,2024-07-10,1034
00927,群益半導體收益,7,0,7,土銀-嘉義,2024-07-10,1034
5474,聰泰,7,0,7,土銀-嘉義,2024-07-10,1034
00930,永豐ESG低碳高息,6,0,6,土銀-嘉義,2024-07-10,1034
00764B,群益25年美債,6,0,6,土銀-嘉義,2024-07-10,1034
2103,台橡,6,0,6,土銀-嘉義,2024-07-10,1034
2605,新興,6,0,6,土銀-嘉義,2024-07-10,1034
2618,長榮航,6,0,6,土銀-嘉義,2024-07-10,1034
6244,茂迪,6,0,6,土銀-嘉義,2024-07-10,1034
2449,京元電子,10,4,6,土銀-嘉義,2024-07-10,1034
1569,濱川,5,0,5,土銀-嘉義,2024-07-10,1034
2801,彰銀,269,1,268,土銀-嘉義,2024-07-11,1034
00934,中信成長高股息,227,0,227,土銀-嘉義,2024-07-11,1034
00712,復華富時不動產,108,0,108,土銀-嘉義,2024-07-11,1034
00933B,國泰10Y+金融債,60,0,60,土銀-嘉義,2024-07-11,1034
2867,三商壽,60,0,60,土銀-嘉義,2024-07-11,1034
3016,嘉晶,46,6,40,土銀-嘉義,2024-07-11,1034
1305,華夏,32,2,30,土銀-嘉義,2024-07-11,1034
1314,中石化,30,0,30,土銀-嘉義,2024-07-11,1034
00757,統一FANG+,26,0,26,土銀-嘉義,2024-07-11,1034
3346,麗清,26,0,26,土銀-嘉義,2024-07-11,1034
2888,新光金,59,34,25,土銀-嘉義,2024-07-11,1034
2323,中環,25,0,25,土銀-嘉義,2024-07-11,1034
8358,金居,27,2,25,土銀-嘉義,2024-07-11,1034
4513,福裕,25,2,23,土銀-嘉義,2024-07-11,1034
6185,幃翔,23,0,23,土銀-嘉義,2024-07-11,1034
2489,瑞軒,20,0,20,土銀-嘉義,2024-07-11,1034
1513,中興電,43,25,18,土銀-嘉義,2024-07-11,1034
1718,中纖,15,0,15,土銀-嘉義,2024-07-11,1034
8092,建暐,14,0,14,土銀-嘉義,2024-07-11,1034
2354,鴻準,16,2,14,土銀-嘉義,2024-07-11,1034
2537,聯上發,13,0,13,土銀-嘉義,2024-07-11,1034
2609,陽明,15,2,13,土銀-嘉義,2024-07-11,1034
2891,中信金,14,2,12,土銀-嘉義,2024-07-11,1034
3311,閎暉,13,1,12,土銀-嘉義,2024-07-11,1034
1503,士電,11,0,11,土銀-嘉義,2024-07-11,1034
2461,光群雷,11,0,11,土銀-嘉義,2024-07-11,1034
2886,兆豐金,11,0,11,土銀-嘉義,2024-07-11,1034
3231,緯創,13,2,11,土銀-嘉義,2024-07-11,1034
5210,寶碩,11,0,11,土銀-嘉義,2024-07-11,1034
00773B,中信優先金融債,10,0,10,土銀-嘉義,2024-07-11,1034
00942B,台新美A公司債20+,10,0,10,土銀-嘉義,2024-07-11,1034
2243,宏旭-KY,10,0,10,土銀-嘉義,2024-07-11,1034
2363,矽統,15,5,10,土銀-嘉義,2024-07-11,1034
2464,盟立,10,0,10,土銀-嘉義,2024-07-11,1034
2610,華航,14,4,10,土銀-嘉義,2024-07-11,1034
3060,銘異,10,0,10,土銀-嘉義,2024-07-11,1034
3609,三一東林,10,0,10,土銀-嘉義,2024-07-11,1034
5410,國眾,10,0,10,土銀-嘉義,2024-07-11,1034
6140,訊達,10,0,10,土銀-嘉義,2024-07-11,1034
2834,臺企銀,10,1,9,土銀-嘉義,2024-07-11,1034
3305,昇貿,9,0,9,土銀-嘉義,2024-07-11,1034
4906,正文,11,2,9,土銀-嘉義,2024-07-11,1034
00915,凱基優選高股息30,10,2,8,土銀-嘉義,2024-07-11,1034
1569,濱川,8,0,8,土銀-嘉義,2024-07-11,1034
2408,南亞科,10,2,8,土銀-嘉義,2024-07-11,1034
00680L,元大美債20正2,7,0,7,土銀-嘉義,2024-07-11,1034
1582,信錦,7,0,7,土銀-嘉義,2024-07-11,1034
1608,華榮,9,2,7,土銀-嘉義,2024-07-11,1034
2303,聯電,22,15,7,土銀-嘉義,2024-07-11,1034
2405,輔信,8,1,7,土銀-嘉義,2024-07-11,1034
00934,中信成長高股息,314,0,314,土銀-嘉義,2024-07-12,1034
00948B,中信優息投資級債,260,0,260,土銀-嘉義,2024-07-12,1034
00929,復華台灣科技優息,123,20,103,土銀-嘉義,2024-07-12,1034
00919,群益台灣精選高息,59,8,51,土銀-嘉義,2024-07-12,1034
2303,聯電,44,3,41,土銀-嘉義,2024-07-12,1034
2883,凱基金,321,287,34,土銀-嘉義,2024-07-12,1034
3047,訊舟,33,1,32,土銀-嘉義,2024-07-12,1034
2317,鴻海,60,31,29,土銀-嘉義,2024-07-12,1034
00881,國泰台灣5G+,34,5,29,土銀-嘉義,2024-07-12,1034
2915,潤泰全,57,35,22,土銀-嘉義,2024-07-12,1034
2353,宏��,24,3,21,土銀-嘉義,2024-07-12,1034
00949,復華日本龍頭,20,0,20,土銀-嘉義,2024-07-12,1034
00885,富邦越南,20,0,20,土銀-嘉義,2024-07-12,1034
1721,三晃,20,0,20,土銀-嘉義,2024-07-12,1034
2371,大同,21,1,20,土銀-嘉義,2024-07-12,1034
1618,合機,24,5,19,土銀-嘉義,2024-07-12,1034
1785,光洋科,19,0,19,土銀-嘉義,2024-07-12,1034
0056,元大高股息,20,2,18,土銀-嘉義,2024-07-12,1034
3706,神達,35,17,18,土銀-嘉義,2024-07-12,1034
2312,金寶,39,22,17,土銀-嘉義,2024-07-12,1034
2330,台積電,17,2,15,土銀-嘉義,2024-07-12,1034
4142,國光生,15,0,15,土銀-嘉義,2024-07-12,1034
00927,群益半導體收益,23,10,13,土銀-嘉義,2024-07-12,1034
2603,長榮,12,0,12,土銀-嘉義,2024-07-12,1034
00940,元大台灣價值高息,18,6,12,土銀-嘉義,2024-07-12,1034
5243,乙盛-KY,13,2,11,土銀-嘉義,2024-07-12,1034
5210,寶碩,10,0,10,土銀-嘉義,2024-07-12,1034
8234,新漢,10,0,10,土銀-嘉義,2024-07-12,1034
2337,旺宏,9,0,9,土銀-嘉義,2024-07-12,1034
3048,益登,10,1,9,土銀-嘉義,2024-07-12,1034
2881,富邦金,15,7,8,土銀-嘉義,2024-07-12,1034
00946,群益科技高息成長,8,0,8,土銀-嘉義,2024-07-12,1034
3712,永崴投控,8,0,8,土銀-嘉義,2024-07-12,1034
1304,台聚,13,6,7,土銀-嘉義,2024-07-12,1034
2610,華航,7,0,7,土銀-嘉義,2024-07-12,1034
6139,亞翔,8,1,7,土銀-嘉義,2024-07-12,1034
00878,國泰永續高股息,17,11,6,土銀-嘉義,2024-07-12,1034
00893,國泰智能電動車,6,0,6,土銀-嘉義,2024-07-12,1034
2313,華通,11,5,6,土銀-嘉義,2024-07-12,1034
2465,麗臺,6,0,6,土銀-嘉義,2024-07-12,1034
6173,信昌電,6,0,6,土銀-嘉義,2024-07-12,1034
2376,技嘉,6,1,5,土銀-嘉義,2024-07-12,1034
00905,FT臺灣Smart,5,0,5,土銀-嘉義,2024-07-12,1034
1569,濱川,5,0,5,土銀-嘉義,2024-07-12,1034
2399,映泰,5,0,5,土銀-嘉義,2024-07-12,1034
2408,南亞科,5,0,5,土銀-嘉義,2024-07-12,1034
3324,雙鴻,5,0,5,土銀-嘉義,2024-07-12,1034
4513,福裕,5,0,5,土銀-嘉義,2024-07-12,1034
6109,亞元,5,0,5,土銀-嘉義,2024-07-12,1034
6269,台郡,5,0,5,土銀-嘉義,2024-07-12,1034
00712,復華富時不動產,123,0,123,土銀-嘉義,2024-07-15,1034
2867,三商壽,55,13,42,土銀-嘉義,2024-07-15,1034
9945,潤泰新,38,2,36,土銀-嘉義,2024-07-15,1034
00929,復華台灣科技優息,43,10,33,土銀-嘉義,2024-07-15,1034
9105,泰金寶-DR,88,57,31,土銀-嘉義,2024-07-15,1034
2834,臺企銀,29,0,29,土銀-嘉義,2024-07-15,1034
2618,長榮航,28,0,28,土銀-嘉義,2024-07-15,1034
00946,群益科技高息成長,21,0,21,土銀-嘉義,2024-07-15,1034
4306,炎洲,20,0,20,土銀-嘉義,2024-07-15,1034
1808,潤隆,19,0,19,土銀-嘉義,2024-07-15,1034
3706,神達,19,0,19,土銀-嘉義,2024-07-15,1034
0056,元大高股息,18,1,17,土銀-嘉義,2024-07-15,1034
2409,友達,21,5,16,土銀-嘉義,2024-07-15,1034
00680L,元大美債20正2,15,0,15,土銀-嘉義,2024-07-15,1034
00878,國泰永續高股息,15,0,15,土銀-嘉義,2024-07-15,1034
2317,鴻海,21,6,15,土銀-嘉義,2024-07-15,1034
2888,新光金,22,8,14,土銀-嘉義,2024-07-15,1034
2356,英業達,15,2,13,土銀-嘉義,2024-07-15,1034
2610,華航,21,8,13,土銀-嘉義,2024-07-15,1034
2344,華邦電,12,0,12,土銀-嘉義,2024-07-15,1034
2363,矽統,15,3,12,土銀-嘉義,2024-07-15,1034
2884,玉山金,11,0,11,土銀-嘉義,2024-07-15,1034
4533,協易機,11,0,11,土銀-嘉義,2024-07-15,1034
2314,台揚,10,0,10,土銀-嘉義,2024-07-15,1034
3059,華晶科,10,0,10,土銀-嘉義,2024-07-15,1034
3083,網龍,10,0,10,土銀-嘉義,2024-07-15,1034
4142,國光生,10,0,10,土銀-嘉義,2024-07-15,1034
3596,智易,10,0,10,土銀-嘉義,2024-07-15,1034
00918,大華優利高填息30,9,0,9,土銀-嘉義,2024-07-15,1034
2312,金寶,29,20,9,土銀-嘉義,2024-07-15,1034
2399,映泰,13,4,9,土銀-嘉義,2024-07-15,1034
2464,盟立,12,3,9,土銀-嘉義,2024-07-15,1034
3702,大聯大,10,1,9,土銀-嘉義,2024-07-15,1034
6770,力積電,9,0,9,土銀-嘉義,2024-07-15,1034
1710,東聯,8,0,8,土銀-嘉義,2024-07-15,1034
2889,國票金,12,4,8,土銀-嘉義,2024-07-15,1034
3481,群創,13,5,8,土銀-嘉義,2024-07-15,1034
3712,永崴投控,8,0,8,土銀-嘉義,2024-07-15,1034
1504,東元,7,0,7,土銀-嘉義,2024-07-15,1034
2891,中信金,73,66,7,土銀-嘉義,2024-07-15,1034
3545,敦泰,8,1,7,土銀-嘉義,2024-07-15,1034
00899,FT潔淨能源,6,0,6,土銀-嘉義,2024-07-15,1034
00830,國泰費城半導體,6,0,6,土銀-嘉義,2024-07-15,1034
3049,精金,6,0,6,土銀-嘉義,2024-07-15,1034
3406,玉晶光,6,0,6,土銀-嘉義,2024-07-15,1034
00757,統一FANG+,5,0,5,土銀-嘉義,2024-07-15,1034
00934,中信成長高股息,5,0,5,土銀-嘉義,2024-07-15,1034
2882,國泰金,5,0,5,土銀-嘉義,2024-07-15,1034
3450,聯鈞,23,18,5,土銀-嘉義,2024-07-15,1034
3019,亞光,11,6,5,土銀-嘉義,2024-07-15,1034
00934,中信成長高股息,153,0,153,土銀-嘉義,2024-07-16,1034
00929,復華台灣科技優息,51,0,51,土銀-嘉義,2024-07-16,1034
2891,中信金,40,0,40,土銀-嘉義,2024-07-16,1034
00933B,國泰10Y+金融債,34,0,34,土銀-嘉義,2024-07-16,1034
4976,佳凌,30,0,30,土銀-嘉義,2024-07-16,1034
2881,富邦金,25,0,25,土銀-嘉義,2024-07-16,1034
00919,群益台灣精選高息,30,10,20,土銀-嘉義,2024-07-16,1034
1528,恩德,20,0,20,土銀-嘉義,2024-07-16,1034
1416,廣豐,20,1,19,土銀-嘉義,2024-07-16,1034
2610,華航,33,14,19,土銀-嘉義,2024-07-16,1034
4906,正文,27,9,18,土銀-嘉義,2024-07-16,1034
8011,台通,19,3,16,土銀-嘉義,2024-07-16,1034
3481,群創,18,2,16,土銀-嘉義,2024-07-16,1034
6806,森崴能源,15,1,14,土銀-嘉義,2024-07-16,1034
00893,國泰智能電動車,13,0,13,土銀-嘉義,2024-07-16,1034
2354,鴻準,13,0,13,土銀-嘉義,2024-07-16,1034
1503,士電,12,0,12,土銀-嘉義,2024-07-16,1034
3163,波若威,14,2,12,土銀-嘉義,2024-07-16,1034
5328,華容,12,0,12,土銀-嘉義,2024-07-16,1034
9105,泰金寶-DR,15,3,12,土銀-嘉義,2024-07-16,1034
2409,友達,11,0,11,土銀-嘉義,2024-07-16,1034
2547,日勝生,11,0,11,土銀-嘉義,2024-07-16,1034
0056,元大高股息,14,3,11,土銀-嘉義,2024-07-16,1034
00937B,群益ESG投等債20,31,20,11,土銀-嘉義,2024-07-16,1034
2363,矽統,14,4,10,土銀-嘉義,2024-07-16,1034
2540,愛山林,10,0,10,土銀-嘉義,2024-07-16,1034
2211,長榮鋼,9,0,9,土銀-嘉義,2024-07-16,1034
1513,中興電,24,16,8,土銀-嘉義,2024-07-16,1034
2382,廣達,8,0,8,土銀-嘉義,2024-07-16,1034
2329,華泰,8,0,8,土銀-嘉義,2024-07-16,1034
6005,群益證,8,0,8,土銀-嘉義,2024-07-16,1034
6741,91APP*-KY,8,0,8,土銀-嘉義,2024-07-16,1034
00878,國泰永續高股息,7,0,7,土銀-嘉義,2024-07-16,1034
2103,台橡,7,0,7,土銀-嘉義,2024-07-16,1034
2312,金寶,16,9,7,土銀-嘉義,2024-07-16,1034
8473,山林水,7,0,7,土銀-嘉義,2024-07-16,1034
1101,台泥,6,0,6,土銀-嘉義,2024-07-16,1034
00706L,期元大S＆P日圓正2,6,0,6,土銀-嘉義,2024-07-16,1034
1710,東聯,6,0,6,土銀-嘉義,2024-07-16,1034
1785,光洋科,9,3,6,土銀-嘉義,2024-07-16,1034
2888,新光金,14,8,6,土銀-嘉義,2024-07-16,1034
1316,上曜,5,0,5,土銀-嘉義,2024-07-16,1034
1303,南亞,5,0,5,土銀-嘉義,2024-07-16,1034
00753L,中信中國50正2,5,0,5,土銀-嘉義,2024-07-16,1034
2070,精湛,5,0,5,土銀-嘉義,2024-07-16,1034
4160,訊聯基因,5,0,5,土銀-嘉義,2024-07-16,1034
00949,復華日本龍頭,4,0,4,土銀-嘉義,2024-07-16,1034
00946,群益科技高息成長,6,2,4,土銀-嘉義,2024-07-16,1034
2369,菱生,4,0,4,土銀-嘉義,2024-07-16,1034
2405,輔信,7,3,4,土銀-嘉義,2024-07-16,1034
2883,凱基金,511,261,250,土銀-嘉義,2024-07-17,1034
00940,元大台灣價值高息,109,3,106,土銀-嘉義,2024-07-17,1034
1409,新纖,55,10,45,土銀-嘉義,2024-07-17,1034
2867,三商壽,57,12,45,土銀-嘉義,2024-07-17,1034
00679B,元大美債20年,40,8,32,土銀-嘉義,2024-07-17,1034
1721,三晃,50,20,30,土銀-嘉義,2024-07-17,1034
4113,聯上,26,0,26,土銀-嘉義,2024-07-17,1034
2332,友訊,21,0,21,土銀-嘉義,2024-07-17,1034
00935,野村臺灣新科技50,30,10,20,土銀-嘉義,2024-07-17,1034
2356,英業達,27,7,20,土銀-嘉義,2024-07-17,1034
2547,日勝生,20,0,20,土銀-嘉義,2024-07-17,1034
3230,錦明,20,0,20,土銀-嘉義,2024-07-17,1034
2603,長榮,20,1,19,土銀-嘉義,2024-07-17,1034
9105,泰金寶-DR,18,0,18,土銀-嘉義,2024-07-17,1034
00919,群益台灣精選高息,42,25,17,土銀-嘉義,2024-07-17,1034
00929,復華台灣科技優息,17,0,17,土銀-嘉義,2024-07-17,1034
0056,元大高股息,18,2,16,土銀-嘉義,2024-07-17,1034
2312,金寶,21,6,15,土銀-嘉義,2024-07-17,1034
00712,復華富時不動產,13,0,13,土銀-嘉義,2024-07-17,1034
2891,中信金,12,0,12,土銀-嘉義,2024-07-17,1034
2408,南亞科,11,0,11,土銀-嘉義,2024-07-17,1034
4566,時碩工業,12,1,11,土銀-嘉義,2024-07-17,1034
00772B,中信高評級公司債,10,0,10,土銀-嘉義,2024-07-17,1034
00751B,元大AAA至A公司債,10,0,10,土銀-嘉義,2024-07-17,1034
1714,和桐,10,0,10,土銀-嘉義,2024-07-17,1034
2377,微星,11,1,10,土銀-嘉義,2024-07-17,1034
3025,星通,10,0,10,土銀-嘉義,2024-07-17,1034
3437,榮創,10,0,10,土銀-嘉義,2024-07-17,1034
4949,有成精密,10,0,10,土銀-嘉義,2024-07-17,1034
6116,彩晶,12,2,10,土銀-嘉義,2024-07-17,1034
1605,華新,9,0,9,土銀-嘉義,2024-07-17,1034
3083,網龍,9,0,9,土銀-嘉義,2024-07-17,1034
5310,天剛,8,0,8,土銀-嘉義,2024-07-17,1034
6443,元晶,8,0,8,土銀-嘉義,2024-07-17,1034
8011,台通,12,4,8,土銀-嘉義,2024-07-17,1034
8358,金居,8,0,8,土銀-嘉義,2024-07-17,1034
2376,技嘉,10,3,7,土銀-嘉義,2024-07-17,1034
6191,精成科,7,0,7,土銀-嘉義,2024-07-17,1034
2330,台積電,9,2,7,土銀-嘉義,2024-07-17,1034
00937B,群益ESG投等債20,26,20,6,土銀-嘉義,2024-07-17,1034
3484,崧騰,6,0,6,土銀-嘉義,2024-07-17,1034
5263,智崴,6,0,6,土銀-嘉義,2024-07-17,1034
5905,南仁湖,7,1,6,土銀-嘉義,2024-07-17,1034
1312,國喬,5,0,5,土銀-嘉義,2024-07-17,1034
00939,統一台灣高息動能,5,0,5,土銀-嘉義,2024-07-17,1034
00936,台新永續高息中小,6,1,5,土銀-嘉義,2024-07-17,1034
1808,潤隆,6,1,5,土銀-嘉義,2024-07-17,1034
2363,矽統,13,8,5,土銀-嘉義,2024-07-17,1034
2371,大同,35,30,5,土銀-嘉義,2024-07-17,1034
2442,新美齊,6,1,5,土銀-嘉義,2024-07-17,1034
00940,元大台灣價值高息,130,0,130,土銀-嘉義,2024-07-18,1034
00934,中信成長高股息,104,0,104,土銀-嘉義,2024-07-18,1034
00929,復華台灣科技優息,74,10,64,土銀-嘉義,2024-07-18,1034
2367,燿華,64,6,58,土銀-嘉義,2024-07-18,1034
3481,群創,77,20,57,土銀-嘉義,2024-07-18,1034
2303,聯電,55,8,47,土銀-嘉義,2024-07-18,1034
3609,三一東林,44,0,44,土銀-嘉義,2024-07-18,1034
2352,佳世達,32,0,32,土銀-嘉義,2024-07-18,1034
2489,瑞軒,34,3,31,土銀-嘉義,2024-07-18,1034
00927,群益半導體收益,39,10,29,土銀-嘉義,2024-07-18,1034
00878,國泰永續高股息,29,3,26,土銀-嘉義,2024-07-18,1034
0056,元大高股息,33,9,24,土銀-嘉義,2024-07-18,1034
00679B,元大美債20年,32,11,21,土銀-嘉義,2024-07-18,1034
00881,國泰台灣5G+,22,3,19,土銀-嘉義,2024-07-18,1034
9105,泰金寶-DR,39,23,16,土銀-嘉義,2024-07-18,1034
1301,台塑,27,11,16,土銀-嘉義,2024-07-18,1034
2867,三商壽,20,4,16,土銀-嘉義,2024-07-18,1034
2382,廣達,30,15,15,土銀-嘉義,2024-07-18,1034
2317,鴻海,31,19,12,土銀-嘉義,2024-07-18,1034
4958,臻鼎-KY,11,0,11,土銀-嘉義,2024-07-18,1034
2330,台積電,12,2,10,土銀-嘉義,2024-07-18,1034
1305,華夏,10,0,10,土銀-嘉義,2024-07-18,1034
1616,億泰,10,0,10,土銀-嘉義,2024-07-18,1034
6901,鑽石投資,10,0,10,土銀-嘉義,2024-07-18,1034
9955,佳龍,13,3,10,土銀-嘉義,2024-07-18,1034
00946,群益科技高息成長,9,0,9,土銀-嘉義,2024-07-18,1034
00941,中信上游半導體,11,2,9,土銀-嘉義,2024-07-18,1034
2881,富邦金,29,20,9,土銀-嘉義,2024-07-18,1034
8033,雷虎,12,3,9,土銀-嘉義,2024-07-18,1034
00919,群益台灣精選高息,9,0,9,土銀-嘉義,2024-07-18,1034
3686,達能,10,2,8,土銀-嘉義,2024-07-18,1034
8936,國統,9,1,8,土銀-嘉義,2024-07-18,1034
2449,京元電子,11,4,7,土銀-嘉義,2024-07-18,1034
1402,遠東新,7,0,7,土銀-嘉義,2024-07-18,1034
3230,錦明,7,0,7,土銀-嘉義,2024-07-18,1034
1513,中興電,12,6,6,土銀-嘉義,2024-07-18,1034
00939,統一台灣高息動能,76,70,6,土銀-嘉義,2024-07-18,1034
1309,台達化,9,3,6,土銀-嘉義,2024-07-18,1034
1707,葡萄王,6,0,6,土銀-嘉義,2024-07-18,1034
2324,仁寶,6,0,6,土銀-嘉義,2024-07-18,1034
3049,精金,6,0,6,土銀-嘉義,2024-07-18,1034
3679,新至陞,6,0,6,土銀-嘉義,2024-07-18,1034
4924,欣厚-KY,6,0,6,土銀-嘉義,2024-07-18,1034
4967,十銓,6,0,6,土銀-嘉義,2024-07-18,1034
6770,力積電,6,0,6,土銀-嘉義,2024-07-18,1034
3037,欣興,11,5,6,土銀-嘉義,2024-07-18,1034
00830,國泰費城半導體,7,2,5,土銀-嘉義,2024-07-18,1034
1536,和大,6,1,5,土銀-嘉義,2024-07-18,1034
1609,大亞,9,4,5,土銀-嘉義,2024-07-18,1034
1710,東聯,5,0,5,土銀-嘉義,2024-07-18,1034
2883,凱基金,328,0,328,土銀-嘉義,2024-07-19,1034
00712,復華富時不動產,106,3,103,土銀-嘉義,2024-07-19,1034
9105,泰金寶-DR,86,0,86,土銀-嘉義,2024-07-19,1034
00929,復華台灣科技優息,80,0,80,土銀-嘉義,2024-07-19,1034
2888,新光金,124,64,60,土銀-嘉義,2024-07-19,1034
2303,聯電,58,5,53,土銀-嘉義,2024-07-19,1034
1609,大亞,60,9,51,土銀-嘉義,2024-07-19,1034
1227,佳格,50,0,50,土銀-嘉義,2024-07-19,1034
00919,群益台灣精選高息,52,2,50,土銀-嘉義,2024-07-19,1034
3230,錦明,48,0,48,土銀-嘉義,2024-07-19,1034
00878,國泰永續高股息,42,1,41,土銀-嘉義,2024-07-19,1034
3045,台灣大,39,0,39,土銀-嘉義,2024-07-19,1034
2891,中信金,39,2,37,土銀-嘉義,2024-07-19,1034
2547,日勝生,27,0,27,土銀-嘉義,2024-07-19,1034
2101,南港,26,0,26,土銀-嘉義,2024-07-19,1034
2103,台橡,26,0,26,土銀-嘉義,2024-07-19,1034
2834,臺企銀,27,3,24,土銀-嘉義,2024-07-19,1034
1802,台玻,18,0,18,土銀-嘉義,2024-07-19,1034
3149,正達,18,0,18,土銀-嘉義,2024-07-19,1034
00665L,富邦�琤肭磪囓�2,17,0,17,土銀-嘉義,2024-07-19,1034
2882,國泰金,17,0,17,土銀-嘉義,2024-07-19,1034
1707,葡萄王,16,0,16,土銀-嘉義,2024-07-19,1034
00680L,元大美債20正2,15,0,15,土銀-嘉義,2024-07-19,1034
3432,台端,15,0,15,土銀-嘉義,2024-07-19,1034
2330,台積電,21,7,14,土銀-嘉義,2024-07-19,1034
2408,南亞科,13,0,13,土銀-嘉義,2024-07-19,1034
0056,元大高股息,13,0,13,土銀-嘉義,2024-07-19,1034
1528,恩德,12,0,12,土銀-嘉義,2024-07-19,1034
2344,華邦電,12,0,12,土銀-嘉義,2024-07-19,1034
2356,英業達,16,4,12,土銀-嘉義,2024-07-19,1034
2401,凌陽,13,1,12,土銀-嘉義,2024-07-19,1034
3049,精金,11,0,11,土銀-嘉義,2024-07-19,1034
00939,統一台灣高息動能,10,0,10,土銀-嘉義,2024-07-19,1034
00687B,國泰20年美債,10,0,10,土銀-嘉義,2024-07-19,1034
1402,遠東新,10,0,10,土銀-嘉義,2024-07-19,1034
3048,益登,10,0,10,土銀-嘉義,2024-07-19,1034
3050,鈺德,10,0,10,土銀-嘉義,2024-07-19,1034
3231,緯創,13,3,10,土銀-嘉義,2024-07-19,1034
4114,健喬,10,0,10,土銀-嘉義,2024-07-19,1034
8046,南電,10,1,9,土銀-嘉義,2024-07-19,1034
00881,國泰台灣5G+,9,0,9,土銀-嘉義,2024-07-19,1034
2610,華航,20,11,9,土銀-嘉義,2024-07-19,1034
3450,聯鈞,13,5,8,土銀-嘉義,2024-07-19,1034
2520,冠德,10,2,8,土銀-嘉義,2024-07-19,1034
4513,福裕,8,0,8,土銀-嘉義,2024-07-19,1034
00949,復華日本龍頭,7,0,7,土銀-嘉義,2024-07-19,1034
00679B,元大美債20年,7,0,7,土銀-嘉義,2024-07-19,1034
1504,東元,7,0,7,土銀-嘉義,2024-07-19,1034
2439,美律,7,0,7,土銀-嘉義,2024-07-19,1034
3481,群創,26,19,7,土銀-嘉義,2024-07-19,1034
00929,復華台灣科技優息,122,1,121,土銀-嘉義,2024-07-22,1034
2801,彰銀,100,0,100,土銀-嘉義,2024-07-22,1034
2888,新光金,86,8,78,土銀-嘉義,2024-07-22,1034
00934,中信成長高股息,91,30,61,土銀-嘉義,2024-07-22,1034
5443,均豪,42,0,42,土銀-嘉義,2024-07-22,1034
2303,聯電,40,2,38,土銀-嘉義,2024-07-22,1034
00940,元大台灣價值高息,56,22,34,土銀-嘉義,2024-07-22,1034
2880,華南金,35,2,33,土銀-嘉義,2024-07-22,1034
0056,元大高股息,28,2,26,土銀-嘉義,2024-07-22,1034
00878,國泰永續高股息,32,9,23,土銀-嘉義,2024-07-22,1034
6770,力積電,22,0,22,土銀-嘉義,2024-07-22,1034
00885,富邦越南,20,0,20,土銀-嘉義,2024-07-22,1034
1707,葡萄王,19,0,19,土銀-嘉義,2024-07-22,1034
00936,台新永續高息中小,18,0,18,土銀-嘉義,2024-07-22,1034
00946,群益科技高息成長,26,12,14,土銀-嘉義,2024-07-22,1034
2337,旺宏,15,1,14,土銀-嘉義,2024-07-22,1034
2867,三商壽,20,7,13,土銀-嘉義,2024-07-22,1034
00933B,國泰10Y+金融債,12,0,12,土銀-嘉義,2024-07-22,1034
2324,仁寶,13,2,11,土銀-嘉義,2024-07-22,1034
2812,台中銀,11,0,11,土銀-嘉義,2024-07-22,1034
2913,農林,11,0,11,土銀-嘉義,2024-07-22,1034
3522,御嵿,11,0,11,土銀-嘉義,2024-07-22,1034
2417,圓剛,10,0,10,土銀-嘉義,2024-07-22,1034
2542,興富發,10,0,10,土銀-嘉義,2024-07-22,1034
6202,盛群,10,0,10,土銀-嘉義,2024-07-22,1034
2603,長榮,10,1,9,土銀-嘉義,2024-07-22,1034
8183,精星,9,0,9,土銀-嘉義,2024-07-22,1034
00881,國泰台灣5G+,8,0,8,土銀-嘉義,2024-07-22,1034
2103,台橡,8,0,8,土銀-嘉義,2024-07-22,1034
2401,凌陽,14,6,8,土銀-嘉義,2024-07-22,1034
9105,泰金寶-DR,50,42,8,土銀-嘉義,2024-07-22,1034
00923,群益台ESG低碳50,7,0,7,土銀-嘉義,2024-07-22,1034
2101,南港,26,19,7,土銀-嘉義,2024-07-22,1034
2371,大同,7,0,7,土銀-嘉義,2024-07-22,1034
4562,穎漢,7,0,7,土銀-嘉義,2024-07-22,1034
6903,巨漢,7,0,7,土銀-嘉義,2024-07-22,1034
1519,華城,6,0,6,土銀-嘉義,2024-07-22,1034
1314,中石化,6,0,6,土銀-嘉義,2024-07-22,1034
3673,TPK-KY,8,2,6,土銀-嘉義,2024-07-22,1034
3686,達能,8,2,6,土銀-嘉義,2024-07-22,1034
4513,福裕,6,0,6,土銀-嘉義,2024-07-22,1034
4979,華星光,6,0,6,土銀-嘉義,2024-07-22,1034
6173,信昌電,6,0,6,土銀-嘉義,2024-07-22,1034
1307,三芳,5,0,5,土銀-嘉義,2024-07-22,1034
1709,和益,11,6,5,土銀-嘉義,2024-07-22,1034
2365,昆盈,10,5,5,土銀-嘉義,2024-07-22,1034
2428,興勤,5,0,5,土銀-嘉義,2024-07-22,1034
2461,光群雷,5,0,5,土銀-嘉義,2024-07-22,1034
4142,國光生,5,0,5,土銀-嘉義,2024-07-22,1034
6269,台郡,5,0,5,土銀-嘉義,2024-07-22,1034
9105,泰金寶-DR,175,42,133,土銀-嘉義,2024-07-23,1034
2409,友達,110,0,110,土銀-嘉義,2024-07-23,1034
00948B,中信優息投資級債,105,0,105,土銀-嘉義,2024-07-23,1034
2801,彰銀,100,0,100,土銀-嘉義,2024-07-23,1034
3481,群創,85,8,77,土銀-嘉義,2024-07-23,1034
00929,復華台灣科技優息,83,10,73,土銀-嘉義,2024-07-23,1034
00632R,元大台灣50反1,100,40,60,土銀-嘉義,2024-07-23,1034
2883,凱基金,55,0,55,土銀-嘉義,2024-07-23,1034
00934,中信成長高股息,37,0,37,土銀-嘉義,2024-07-23,1034
1529,樂事綠能,33,1,32,土銀-嘉義,2024-07-23,1034
00688L,國泰20年美債正2,30,0,30,土銀-嘉義,2024-07-23,1034
00933B,國泰10Y+金融債,28,0,28,土銀-嘉義,2024-07-23,1034
6217,中探針,25,0,25,土銀-嘉義,2024-07-23,1034
5443,均豪,26,2,24,土銀-嘉義,2024-07-23,1034
6869,雲豹能源,23,0,23,土銀-嘉義,2024-07-23,1034
00679B,元大美債20年,22,1,21,土銀-嘉義,2024-07-23,1034
2313,華通,23,3,20,土銀-嘉義,2024-07-23,1034
00936,台新永續高息中小,15,0,15,土銀-嘉義,2024-07-23,1034
3450,聯鈞,17,2,15,土銀-嘉義,2024-07-23,1034
1301,台塑,15,1,14,土銀-嘉義,2024-07-23,1034
2882,國泰金,25,11,14,土銀-嘉義,2024-07-23,1034
3580,友威科,15,1,14,土銀-嘉義,2024-07-23,1034
00893,國泰智能電動車,13,0,13,土銀-嘉義,2024-07-23,1034
3522,御嵿,13,0,13,土銀-嘉義,2024-07-23,1034
3686,達能,17,4,13,土銀-嘉義,2024-07-23,1034
2489,瑞軒,15,3,12,土銀-嘉義,2024-07-23,1034
3312,弘憶股,12,0,12,土銀-嘉義,2024-07-23,1034
2408,南亞科,12,0,12,土銀-嘉義,2024-07-23,1034
2867,三商壽,11,0,11,土銀-嘉義,2024-07-23,1034
00935,野村臺灣新科技50,20,10,10,土銀-嘉義,2024-07-23,1034
00720B,元大投資級公司債,10,0,10,土銀-嘉義,2024-07-23,1034
1314,中石化,10,0,10,土銀-嘉義,2024-07-23,1034
2352,佳世達,10,0,10,土銀-嘉義,2024-07-23,1034
3050,鈺德,10,0,10,土銀-嘉義,2024-07-23,1034
3231,緯創,10,1,9,土銀-嘉義,2024-07-23,1034
2312,金寶,10,1,9,土銀-嘉義,2024-07-23,1034
1707,葡萄王,9,0,9,土銀-嘉義,2024-07-23,1034
2241,艾姆勒,9,0,9,土銀-嘉義,2024-07-23,1034
00858,永豐美國500大,6,0,6,土銀-嘉義,2024-07-23,1034
00911,兆豐洲際半導體,6,0,6,土銀-嘉義,2024-07-23,1034
3706,神達,6,0,6,土銀-嘉義,2024-07-23,1034
6264,富裔,6,0,6,土銀-嘉義,2024-07-23,1034
2317,鴻海,12,7,5,土銀-嘉義,2024-07-23,1034
00881,國泰台灣5G+,5,0,5,土銀-嘉義,2024-07-23,1034
00757,統一FANG+,5,0,5,土銀-嘉義,2024-07-23,1034
00696B,富邦美債20年,5,0,5,土銀-嘉義,2024-07-23,1034
2344,華邦電,5,0,5,土銀-嘉義,2024-07-23,1034
2891,中信金,7,2,5,土銀-嘉義,2024-07-23,1034
3025,星通,5,0,5,土銀-嘉義,2024-07-23,1034
3149,正達,5,0,5,土銀-嘉義,2024-07-23,1034
00929,復華台灣科技優息,294,60,234,土銀-嘉義,2024-07-26,1034
00948B,中信優息投資級債,175,0,175,土銀-嘉義,2024-07-26,1034
00919,群益台灣精選高息,122,1,121,土銀-嘉義,2024-07-26,1034
00878,國泰永續高股息,46,0,46,土銀-嘉義,2024-07-26,1034
00940,元大台灣價值高息,43,0,43,土銀-嘉義,2024-07-26,1034
9105,泰金寶-DR,43,0,43,土銀-嘉義,2024-07-26,1034
00933B,國泰10Y+金融債,40,0,40,土銀-嘉義,2024-07-26,1034
2317,鴻海,53,15,38,土銀-嘉義,2024-07-26,1034
2002,中鋼,36,1,35,土銀-嘉義,2024-07-26,1034
00934,中信成長高股息,33,0,33,土銀-嘉義,2024-07-26,1034
6901,鑽石投資,30,0,30,土銀-嘉義,2024-07-26,1034
3189,景碩,30,1,29,土銀-嘉義,2024-07-26,1034
2356,英業達,28,0,28,土銀-嘉義,2024-07-26,1034
00665L,富邦�琤肭磪囓�2,39,15,24,土銀-嘉義,2024-07-26,1034
2371,大同,22,0,22,土銀-嘉義,2024-07-26,1034
00937B,群益ESG投等債20,26,5,21,土銀-嘉義,2024-07-26,1034
00885,富邦越南,21,0,21,土銀-嘉義,2024-07-26,1034
00915,凱基優選高股息30,20,0,20,土銀-嘉義,2024-07-26,1034
6578,達邦蛋白,20,0,20,土銀-嘉義,2024-07-26,1034
2888,新光金,21,2,19,土銀-嘉義,2024-07-26,1034
0056,元大高股息,16,0,16,土銀-嘉義,2024-07-26,1034
3711,日月光投控,15,0,15,土銀-嘉義,2024-07-26,1034
2408,南亞科,16,2,14,土銀-嘉義,2024-07-26,1034
2834,臺企銀,15,1,14,土銀-嘉義,2024-07-26,1034
2885,元大金,14,0,14,土銀-嘉義,2024-07-26,1034
2867,三商壽,12,0,12,土銀-嘉義,2024-07-26,1034
00946,群益科技高息成長,11,0,11,土銀-嘉義,2024-07-26,1034
3033,威健,12,1,11,土銀-嘉義,2024-07-26,1034
00713,元大台灣高息低波,10,0,10,土銀-嘉義,2024-07-26,1034
2618,長榮航,11,1,10,土銀-嘉義,2024-07-26,1034
3048,益登,10,0,10,土銀-嘉義,2024-07-26,1034
8076,伍豐,10,0,10,土銀-嘉義,2024-07-26,1034
2382,廣達,9,0,9,土銀-嘉義,2024-07-26,1034
1707,葡萄王,9,0,9,土銀-嘉義,2024-07-26,1034
2442,新美齊,9,0,9,土銀-嘉義,2024-07-26,1034
00753L,中信中國50正2,8,0,8,土銀-嘉義,2024-07-26,1034
4123,晟德,11,3,8,土銀-嘉義,2024-07-26,1034
2330,台積電,12,5,7,土銀-嘉義,2024-07-26,1034
2303,聯電,12,5,7,土銀-嘉義,2024-07-26,1034
00881,國泰台灣5G+,12,5,7,土銀-嘉義,2024-07-26,1034
00918,大華優利高填息30,7,0,7,土銀-嘉義,2024-07-26,1034
00637L,元大滬深300正2,12,5,7,土銀-嘉義,2024-07-26,1034
1718,中纖,7,0,7,土銀-嘉義,2024-07-26,1034
2884,玉山金,8,2,6,土銀-嘉義,2024-07-26,1034
00679B,元大美債20年,6,0,6,土銀-嘉義,2024-07-26,1034
2344,華邦電,6,0,6,土銀-嘉義,2024-07-26,1034
2352,佳世達,9,3,6,土銀-嘉義,2024-07-26,1034
2481,強茂,6,0,6,土銀-嘉義,2024-07-26,1034
3706,神達,7,1,6,土銀-嘉義,2024-07-26,1034
00941,中信上游半導體,5,0,5,土銀-嘉義,2024-07-26,1034
00948B,中信優息投資級債,488,0,488,土銀-嘉義,2024-07-29,1034
00940,元大台灣價值高息,116,6,110,土銀-嘉義,2024-07-29,1034
00878,國泰永續高股息,64,0,64,土銀-嘉義,2024-07-29,1034
00915,凱基優選高股息30,60,0,60,土銀-嘉義,2024-07-29,1034
3010,華立,55,5,50,土銀-嘉義,2024-07-29,1034
00680L,元大美債20正2,50,5,45,土銀-嘉義,2024-07-29,1034
6578,達邦蛋白,41,0,41,土銀-嘉義,2024-07-29,1034
2371,大同,35,0,35,土銀-嘉義,2024-07-29,1034
00688L,國泰20年美債正2,30,0,30,土銀-嘉義,2024-07-29,1034
4114,健喬,30,0,30,土銀-嘉義,2024-07-29,1034
00929,復華台灣科技優息,40,12,28,土銀-嘉義,2024-07-29,1034
2442,新美齊,27,2,25,土銀-嘉義,2024-07-29,1034
00934,中信成長高股息,23,0,23,土銀-嘉義,2024-07-29,1034
00632R,元大台灣50反1,22,0,22,土銀-嘉義,2024-07-29,1034
2609,陽明,42,20,22,土銀-嘉義,2024-07-29,1034
2303,聯電,22,3,19,土銀-嘉義,2024-07-29,1034
00830,國泰費城半導體,16,0,16,土銀-嘉義,2024-07-29,1034
9105,泰金寶-DR,38,22,16,土銀-嘉義,2024-07-29,1034
2867,三商壽,13,0,13,土銀-嘉義,2024-07-29,1034
1449,佳和,12,1,11,土銀-嘉義,2024-07-29,1034
2367,燿華,13,2,11,土銀-嘉義,2024-07-29,1034
4903,聯光通,11,0,11,土銀-嘉義,2024-07-29,1034
2408,南亞科,13,2,11,土銀-嘉義,2024-07-29,1034
1474,弘裕,10,0,10,土銀-嘉義,2024-07-29,1034
2596,綠意,10,0,10,土銀-嘉義,2024-07-29,1034
3450,聯鈞,43,33,10,土銀-嘉義,2024-07-29,1034
3520,華盈,10,0,10,土銀-嘉義,2024-07-29,1034
3576,聯合再生,10,0,10,土銀-嘉義,2024-07-29,1034
6547,高端疫苗,10,0,10,土銀-嘉義,2024-07-29,1034
3522,御嵿,10,1,9,土銀-嘉義,2024-07-29,1034
6869,雲豹能源,26,17,9,土銀-嘉義,2024-07-29,1034
00679B,元大美債20年,11,3,8,土銀-嘉義,2024-07-29,1034
2889,國票金,8,0,8,土銀-嘉義,2024-07-29,1034
6505,台塑化,8,0,8,土銀-嘉義,2024-07-29,1034
0056,元大高股息,12,4,8,土銀-嘉義,2024-07-29,1034
00687B,國泰20年美債,6,0,6,土銀-嘉義,2024-07-29,1034
1303,南亞,6,0,6,土銀-嘉義,2024-07-29,1034
2324,仁寶,6,0,6,土銀-嘉義,2024-07-29,1034
2344,華邦電,7,1,6,土銀-嘉義,2024-07-29,1034
2809,京城銀,6,0,6,土銀-嘉義,2024-07-29,1034
3062,建漢,6,0,6,土銀-嘉義,2024-07-29,1034
3591,艾笛森,6,0,6,土銀-嘉義,2024-07-29,1034
1310,台苯,5,0,5,土銀-嘉義,2024-07-29,1034
00946,群益科技高息成長,5,0,5,土銀-嘉義,2024-07-29,1034
1789,神隆,5,0,5,土銀-嘉義,2024-07-29,1034
2515,中工,6,1,5,土銀-嘉義,2024-07-29,1034
3078,僑威,5,0,5,土銀-嘉義,2024-07-29,1034
3230,錦明,5,0,5,土銀-嘉義,2024-07-29,1034
5443,均豪,6,1,5,土銀-嘉義,2024-07-29,1034
6109,亞元,5,0,5,土銀-嘉義,2024-07-29,1034
00680L,元大美債20正2,41,0,41,土銀-嘉義,2024-07-30,1034
2344,華邦電,30,0,30,土銀-嘉義,2024-07-30,1034
2845,遠東銀,27,0,27,土銀-嘉義,2024-07-30,1034
00635U,期元大S＆P黃金,24,0,24,土銀-嘉義,2024-07-30,1034
4942,嘉彰,24,0,24,土銀-嘉義,2024-07-30,1034
3481,群創,23,0,23,土銀-嘉義,2024-07-30,1034
00934,中信成長高股息,21,0,21,土銀-嘉義,2024-07-30,1034
2888,新光金,22,5,17,土銀-嘉義,2024-07-30,1034
4532,瑞智,13,0,13,土銀-嘉義,2024-07-30,1034
6505,台塑化,13,0,13,土銀-嘉義,2024-07-30,1034
9105,泰金寶-DR,18,5,13,土銀-嘉義,2024-07-30,1034
00919,群益台灣精選高息,27,14,13,土銀-嘉義,2024-07-30,1034
00637L,元大滬深300正2,17,5,12,土銀-嘉義,2024-07-30,1034
00946,群益科技高息成長,10,0,10,土銀-嘉義,2024-07-30,1034
00941,中信上游半導體,10,0,10,土銀-嘉義,2024-07-30,1034
00893,國泰智能電動車,10,0,10,土銀-嘉義,2024-07-30,1034
00878,國泰永續高股息,9,0,9,土銀-嘉義,2024-07-30,1034
00753L,中信中國50正2,9,0,9,土銀-嘉義,2024-07-30,1034
00679B,元大美債20年,9,1,8,土銀-嘉義,2024-07-30,1034
1799,易威,8,0,8,土銀-嘉義,2024-07-30,1034
2812,台中銀,8,0,8,土銀-嘉義,2024-07-30,1034
00665L,富邦�琤肭磪囓�2,7,0,7,土銀-嘉義,2024-07-30,1034
1707,葡萄王,7,0,7,土銀-嘉義,2024-07-30,1034
2536,宏普,27,20,7,土銀-嘉義,2024-07-30,1034
3522,御嵿,7,0,7,土銀-嘉義,2024-07-30,1034
4526,東台,16,9,7,土銀-嘉義,2024-07-30,1034
00933B,國泰10Y+金融債,6,0,6,土銀-嘉義,2024-07-30,1034
00751B,元大AAA至A公司債,7,1,6,土銀-嘉義,2024-07-30,1034
1608,華榮,6,0,6,土銀-嘉義,2024-07-30,1034
2329,華泰,6,0,6,土銀-嘉義,2024-07-30,1034
2353,宏��,6,0,6,土銀-嘉義,2024-07-30,1034
2359,所羅門,12,6,6,土銀-嘉義,2024-07-30,1034
2867,三商壽,6,0,6,土銀-嘉義,2024-07-30,1034
4564,元翎,9,3,6,土銀-嘉義,2024-07-30,1034
00655L,國泰中國A50正2,9,4,5,土銀-嘉義,2024-07-30,1034
2349,錸德,25,20,5,土銀-嘉義,2024-07-30,1034
2352,佳世達,5,0,5,土銀-嘉義,2024-07-30,1034
2481,強茂,5,0,5,土銀-嘉義,2024-07-30,1034
3078,僑威,5,0,5,土銀-嘉義,2024-07-30,1034
3231,緯創,5,0,5,土銀-嘉義,2024-07-30,1034
5310,天剛,15,10,5,土銀-嘉義,2024-07-30,1034
2330,台積電,6,1,5,土銀-嘉義,2024-07-30,1034
1717,長興,4,0,4,土銀-嘉義,2024-07-30,1034
2495,普安,4,0,4,土銀-嘉義,2024-07-30,1034
4924,欣厚-KY,4,0,4,土銀-嘉義,2024-07-30,1034
6125,廣運,6,2,4,土銀-嘉義,2024-07-30,1034
8086,宏捷科,4,0,4,土銀-嘉義,2024-07-30,1034
00850,元大臺灣ESG永續,3,0,3,土銀-嘉義,2024-07-30,1034
00947,台新臺灣IC設計,3,0,3,土銀-嘉義,2024-07-30,1034
1101,台泥,3,0,3,土銀-嘉義,2024-07-30,1034
00948B,中信優息投資級債,486,0,486,土銀-嘉義,2024-07-31,1034
5310,天剛,40,6,34,土銀-嘉義,2024-07-31,1034
00881,國泰台灣5G+,21,0,21,土銀-嘉義,2024-07-31,1034
2332,友訊,20,0,20,土銀-嘉義,2024-07-31,1034
2489,瑞軒,15,0,15,土銀-嘉義,2024-07-31,1034
4908,前鼎,15,0,15,土銀-嘉義,2024-07-31,1034
00919,群益台灣精選高息,21,7,14,土銀-嘉義,2024-07-31,1034
2515,中工,15,1,14,土銀-嘉義,2024-07-31,1034
3481,群創,25,11,14,土銀-嘉義,2024-07-31,1034
2317,鴻海,15,3,12,土銀-嘉義,2024-07-31,1034
00632R,元大台灣50反1,12,0,12,土銀-嘉義,2024-07-31,1034
8085,福華,12,0,12,土銀-嘉義,2024-07-31,1034
1605,華新,11,0,11,土銀-嘉義,2024-07-31,1034
00878,國泰永續高股息,12,1,11,土銀-嘉義,2024-07-31,1034
00751B,元大AAA至A公司債,10,0,10,土銀-嘉義,2024-07-31,1034
3325,旭品,10,0,10,土銀-嘉義,2024-07-31,1034
00946,群益科技高息成長,9,0,9,土銀-嘉義,2024-07-31,1034
9105,泰金寶-DR,27,18,9,土銀-嘉義,2024-07-31,1034
2363,矽統,10,1,9,土銀-嘉義,2024-07-31,1034
9934,成霖,9,0,9,土銀-嘉義,2024-07-31,1034
3522,御嵿,8,0,8,土銀-嘉義,2024-07-31,1034
2374,佳能,7,0,7,土銀-嘉義,2024-07-31,1034
3230,錦明,7,0,7,土銀-嘉義,2024-07-31,1034
6126,信音,7,0,7,土銀-嘉義,2024-07-31,1034
2377,微星,6,0,6,土銀-嘉義,2024-07-31,1034
6578,達邦蛋白,6,0,6,土銀-嘉義,2024-07-31,1034
00937B,群益ESG投等債20,5,0,5,土銀-嘉義,2024-07-31,1034
00933B,國泰10Y+金融債,6,1,5,土銀-嘉義,2024-07-31,1034
2399,映泰,11,6,5,土銀-嘉義,2024-07-31,1034
2884,玉山金,5,0,5,土銀-嘉義,2024-07-31,1034
3025,星通,5,0,5,土銀-嘉義,2024-07-31,1034
6173,信昌電,5,0,5,土銀-嘉義,2024-07-31,1034
6177,達麗,8,3,5,土銀-嘉義,2024-07-31,1034
6257,矽格,5,0,5,土銀-嘉義,2024-07-31,1034
8071,能率網通,5,0,5,土銀-嘉義,2024-07-31,1034
8086,宏捷科,5,0,5,土銀-嘉義,2024-07-31,1034
00915,凱基優選高股息30,5,1,4,土銀-嘉義,2024-07-31,1034
2388,威盛,5,1,4,土銀-嘉義,2024-07-31,1034
2405,輔信,5,1,4,土銀-嘉義,2024-07-31,1034
2409,友達,4,0,4,土銀-嘉義,2024-07-31,1034
2527,宏璟,4,0,4,土銀-嘉義,2024-07-31,1034
4566,時碩工業,4,0,4,土銀-嘉義,2024-07-31,1034
6271,同欣電,3,0,3,土銀-嘉義,2024-07-31,1034
1201,味全,3,0,3,土銀-嘉義,2024-07-31,1034
00940,元大台灣價值高息,3,0,3,土銀-嘉義,2024-07-31,1034
00936,台新永續高息中小,3,0,3,土銀-嘉義,2024-07-31,1034
00934,中信成長高股息,3,0,3,土銀-嘉義,2024-07-31,1034
1587,吉茂,3,0,3,土銀-嘉義,2024-07-31,1034
1608,華榮,3,0,3,土銀-嘉義,2024-07-31,1034
1609,大亞,5,2,3,土銀-嘉義,2024-07-31,1034
2892,第一金,200,0,200,土銀-嘉義,2024-08-01,1034
00725B,國泰投資級公司債,140,0,140,土銀-嘉義,2024-08-01,1034
00712,復華富時不動產,50,0,50,土銀-嘉義,2024-08-01,1034
00671R,富邦NASDAQ反1,50,0,50,土銀-嘉義,2024-08-01,1034
00669R,國泰美國道瓊反1,50,0,50,土銀-嘉義,2024-08-01,1034
2301,光寶科,42,3,39,土銀-嘉義,2024-08-01,1034
5310,天剛,32,0,32,土銀-嘉義,2024-08-01,1034
2609,陽明,30,0,30,土銀-嘉義,2024-08-01,1034
00878,國泰永續高股息,28,1,27,土銀-嘉義,2024-08-01,1034
00637L,元大滬深300正2,29,5,24,土銀-嘉義,2024-08-01,1034
3481,群創,29,5,24,土銀-嘉義,2024-08-01,1034
00946,群益科技高息成長,21,0,21,土銀-嘉義,2024-08-01,1034
2317,鴻海,24,4,20,土銀-嘉義,2024-08-01,1034
00751B,元大AAA至A公司債,20,0,20,土銀-嘉義,2024-08-01,1034
2349,錸德,49,32,17,土銀-嘉義,2024-08-01,1034
2393,億光,22,5,17,土銀-嘉義,2024-08-01,1034
2101,南港,16,0,16,土銀-嘉義,2024-08-01,1034
8011,台通,16,1,15,土銀-嘉義,2024-08-01,1034
00935,野村臺灣新科技50,12,0,12,土銀-嘉義,2024-08-01,1034
00929,復華台灣科技優息,38,26,12,土銀-嘉義,2024-08-01,1034
00830,國泰費城半導體,12,0,12,土銀-嘉義,2024-08-01,1034
3450,聯鈞,31,19,12,土銀-嘉義,2024-08-01,1034
00795B,中信美國公債20年,11,0,11,土銀-嘉義,2024-08-01,1034
0056,元大高股息,11,1,10,土銀-嘉義,2024-08-01,1034
00881,國泰台灣5G+,12,2,10,土銀-嘉義,2024-08-01,1034
2618,長榮航,10,0,10,土銀-嘉義,2024-08-01,1034
4552,力達-KY,10,0,10,土銀-嘉義,2024-08-01,1034
4909,新復興,10,0,10,土銀-嘉義,2024-08-01,1034
6235,華孚,10,0,10,土銀-嘉義,2024-08-01,1034
2913,農林,9,0,9,土銀-嘉義,2024-08-01,1034
8028,昇陽半導體,13,4,9,土銀-嘉義,2024-08-01,1034
5475,德宏,8,0,8,土銀-嘉義,2024-08-01,1034
1513,中興電,6,0,6,土銀-嘉義,2024-08-01,1034
2610,華航,6,0,6,土銀-嘉義,2024-08-01,1034
3006,晶豪科,6,0,6,土銀-嘉義,2024-08-01,1034
3607,谷崧,6,0,6,土銀-嘉義,2024-08-01,1034
4912,聯德控股-KY,6,0,6,土銀-嘉義,2024-08-01,1034
00892,富邦台灣半導體,5,0,5,土銀-嘉義,2024-08-01,1034
00948B,中信優息投資級債,5,0,5,土銀-嘉義,2024-08-01,1034
2399,映泰,5,0,5,土銀-嘉義,2024-08-01,1034
2409,友達,5,0,5,土銀-嘉義,2024-08-01,1034
3013,晟銘電,8,3,5,土銀-嘉義,2024-08-01,1034
00939,統一台灣高息動能,5,1,4,土銀-嘉義,2024-08-01,1034
1216,統一,4,0,4,土銀-嘉義,2024-08-01,1034
3081,聯亞,5,1,4,土銀-嘉義,2024-08-01,1034
3705,永信,4,0,4,土銀-嘉義,2024-08-01,1034
4510,高鋒,4,0,4,土銀-嘉義,2024-08-01,1034
6150,撼訊,4,0,4,土銀-嘉義,2024-08-01,1034
2454,聯發科,4,0,4,土銀-嘉義,2024-08-01,1034
00753L,中信中國50正2,3,0,3,土銀-嘉義,2024-08-01,1034
00948B,中信優息投資級債,426,10,416,土銀-嘉義,2024-08-02,1034
00680L,元大美債20正2,272,5,267,土銀-嘉義,2024-08-02,1034
00940,元大台灣價值高息,236,115,121,土銀-嘉義,2024-08-02,1034
00929,復華台灣科技優息,100,4,96,土銀-嘉義,2024-08-02,1034
00725B,國泰投資級公司債,75,0,75,土銀-嘉義,2024-08-02,1034
00878,國泰永續高股息,75,0,75,土銀-嘉義,2024-08-02,1034
2891,中信金,63,1,62,土銀-嘉義,2024-08-02,1034
00919,群益台灣精選高息,57,5,52,土銀-嘉義,2024-08-02,1034
00712,復華富時不動產,56,5,51,土銀-嘉義,2024-08-02,1034
00724B,群益投資級金融債,50,0,50,土銀-嘉義,2024-08-02,1034
00885,富邦越南,50,0,50,土銀-嘉義,2024-08-02,1034
2371,大同,44,0,44,土銀-嘉義,2024-08-02,1034
00746B,富邦A級公司債,40,0,40,土銀-嘉義,2024-08-02,1034
5310,天剛,43,5,38,土銀-嘉義,2024-08-02,1034
2317,鴻海,53,18,35,土銀-嘉義,2024-08-02,1034
00934,中信成長高股息,34,0,34,土銀-嘉義,2024-08-02,1034
2101,南港,32,0,32,土銀-嘉義,2024-08-02,1034
2834,臺企銀,42,10,32,土銀-嘉義,2024-08-02,1034
00881,國泰台灣5G+,37,8,29,土銀-嘉義,2024-08-02,1034
00918,大華優利高填息30,32,3,29,土銀-嘉義,2024-08-02,1034
00740B,富邦全球投等債,25,1,24,土銀-嘉義,2024-08-02,1034
0056,元大高股息,24,0,24,土銀-嘉義,2024-08-02,1034
00679B,元大美債20年,23,4,19,土銀-嘉義,2024-08-02,1034
4513,福裕,18,1,17,土銀-嘉義,2024-08-02,1034
9945,潤泰新,17,0,17,土銀-嘉義,2024-08-02,1034
3037,欣興,16,0,16,土銀-嘉義,2024-08-02,1034
2337,旺宏,15,0,15,土銀-嘉義,2024-08-02,1034
6578,達邦蛋白,15,0,15,土銀-嘉義,2024-08-02,1034
2330,台積電,21,6,15,土銀-嘉義,2024-08-02,1034
1609,大亞,12,0,12,土銀-嘉義,2024-08-02,1034
2888,新光金,18,6,12,土銀-嘉義,2024-08-02,1034
00949,復華日本龍頭,11,0,11,土銀-嘉義,2024-08-02,1034
1101,台泥,14,3,11,土銀-嘉義,2024-08-02,1034
1529,樂事綠能,11,0,11,土銀-嘉義,2024-08-02,1034
3050,鈺德,11,0,11,土銀-嘉義,2024-08-02,1034
3703,欣陸,20,9,11,土銀-嘉義,2024-08-02,1034
8085,福華,11,0,11,土銀-嘉義,2024-08-02,1034
00927,群益半導體收益,10,0,10,土銀-嘉義,2024-08-02,1034
00893,國泰智能電動車,10,0,10,土銀-嘉義,2024-08-02,1034
00915,凱基優選高股息30,10,0,10,土銀-嘉義,2024-08-02,1034
00713,元大台灣高息低波,10,0,10,土銀-嘉義,2024-08-02,1034
00951,台新日本半導體,10,0,10,土銀-嘉義,2024-08-02,1034
2388,威盛,10,0,10,土銀-嘉義,2024-08-02,1034
3024,憶聲,10,0,10,土銀-嘉義,2024-08-02,1034
3484,崧騰,10,0,10,土銀-嘉義,2024-08-02,1034
5392,能率,10,0,10,土銀-嘉義,2024-08-02,1034
6005,群益證,10,0,10,土銀-嘉義,2024-08-02,1034
2303,聯電,13,4,9,土銀-嘉義,2024-08-02,1034
2515,中工,13,4,9,土銀-嘉義,2024-08-02,1034
2520,冠德,9,0,9,土銀-嘉義,2024-08-02,1034
2801,彰銀,466,0,466,土銀-嘉義,2024-08-05,1034
00929,復華台灣科技優息,292,105,187,土銀-嘉義,2024-08-05,1034
00687B,國泰20年美債,127,0,127,土銀-嘉義,2024-08-05,1034
6770,力積電,103,2,101,土銀-嘉義,2024-08-05,1034
00940,元大台灣價值高息,126,63,63,土銀-嘉義,2024-08-05,1034
00878,國泰永續高股息,67,5,62,土銀-嘉義,2024-08-05,1034
00919,群益台灣精選高息,74,13,61,土銀-嘉義,2024-08-05,1034
00936,台新永續高息中小,58,0,58,土銀-嘉義,2024-08-05,1034
5310,天剛,57,0,57,土銀-嘉義,2024-08-05,1034
2834,臺企銀,63,13,50,土銀-嘉義,2024-08-05,1034
9105,泰金寶-DR,50,0,50,土銀-嘉義,2024-08-05,1034
2409,友達,48,5,43,土銀-嘉義,2024-08-05,1034
2891,中信金,64,21,43,土銀-嘉義,2024-08-05,1034
2002,中鋼,45,3,42,土銀-嘉義,2024-08-05,1034
3050,鈺德,31,0,31,土銀-嘉義,2024-08-05,1034
2888,新光金,35,7,28,土銀-嘉義,2024-08-05,1034
6578,達邦蛋白,28,0,28,土銀-嘉義,2024-08-05,1034
2812,台中銀,27,1,26,土銀-嘉義,2024-08-05,1034
2515,中工,32,7,25,土銀-嘉義,2024-08-05,1034
2330,台積電,36,12,24,土銀-嘉義,2024-08-05,1034
5512,力麒,23,0,23,土銀-嘉義,2024-08-05,1034
00679B,元大美債20年,37,15,22,土銀-嘉義,2024-08-05,1034
00934,中信成長高股息,22,0,22,土銀-嘉義,2024-08-05,1034
4534,慶騰,25,4,21,土銀-嘉義,2024-08-05,1034
4906,正文,21,0,21,土銀-嘉義,2024-08-05,1034
4532,瑞智,21,0,21,土銀-嘉義,2024-08-05,1034
00753L,中信中國50正2,20,0,20,土銀-嘉義,2024-08-05,1034
3049,精金,20,0,20,土銀-嘉義,2024-08-05,1034
4114,健喬,20,0,20,土銀-嘉義,2024-08-05,1034
3481,群創,23,3,20,土銀-嘉義,2024-08-05,1034
00941,中信上游半導體,19,0,19,土銀-嘉義,2024-08-05,1034
00939,統一台灣高息動能,29,10,19,土銀-嘉義,2024-08-05,1034
2495,普安,19,0,19,土銀-嘉義,2024-08-05,1034
1101,台泥,25,7,18,土銀-嘉義,2024-08-05,1034
3062,建漢,18,0,18,土銀-嘉義,2024-08-05,1034
00881,國泰台灣5G+,31,15,16,土銀-嘉義,2024-08-05,1034
00918,大華優利高填息30,16,0,16,土銀-嘉義,2024-08-05,1034
3231,緯創,18,3,15,土銀-嘉義,2024-08-05,1034
4174,浩鼎,28,13,15,土銀-嘉義,2024-08-05,1034
2301,光寶科,18,4,14,土銀-嘉義,2024-08-05,1034
00933B,國泰10Y+金融債,14,0,14,土銀-嘉義,2024-08-05,1034
00949,復華日本龍頭,14,0,14,土銀-嘉義,2024-08-05,1034
6202,盛群,14,0,14,土銀-嘉義,2024-08-05,1034
2101,南港,13,0,13,土銀-嘉義,2024-08-05,1034
6505,台塑化,13,0,13,土銀-嘉義,2024-08-05,1034
00948B,中信優息投資級債,13,1,12,土銀-嘉義,2024-08-05,1034
1440,南紡,12,0,12,土銀-嘉義,2024-08-05,1034
1731,美吾華,12,0,12,土銀-嘉義,2024-08-05,1034
3081,聯亞,12,0,12,土銀-嘉義,2024-08-05,1034
2809,京城銀,11,0,11,土銀-嘉義,2024-08-05,1034
2409,友達,138,2,136,土銀-嘉義,2024-08-06,1034
00664R,國泰臺灣加權反1,117,0,117,土銀-嘉義,2024-08-06,1034
00937B,群益ESG投等債20,78,1,77,土銀-嘉義,2024-08-06,1034
00936,台新永續高息中小,74,0,74,土銀-嘉義,2024-08-06,1034
2845,遠東銀,70,0,70,土銀-嘉義,2024-08-06,1034
2897,王道銀行,69,0,69,土銀-嘉義,2024-08-06,1034
6578,達邦蛋白,48,0,48,土銀-嘉義,2024-08-06,1034
00878,國泰永續高股息,51,4,47,土銀-嘉義,2024-08-06,1034
3706,神達,43,1,42,土銀-嘉義,2024-08-06,1034
00665L,富邦�琤肭磪囓�2,40,0,40,土銀-嘉義,2024-08-06,1034
2352,佳世達,48,10,38,土銀-嘉義,2024-08-06,1034
00933B,國泰10Y+金融債,32,0,32,土銀-嘉義,2024-08-06,1034
2883,凱基金,33,2,31,土銀-嘉義,2024-08-06,1034
1444,力麗,30,0,30,土銀-嘉義,2024-08-06,1034
2317,鴻海,61,35,26,土銀-嘉義,2024-08-06,1034
00934,中信成長高股息,24,2,22,土銀-嘉義,2024-08-06,1034
2498,宏達電,22,0,22,土銀-嘉義,2024-08-06,1034
6182,合晶,20,0,20,土銀-嘉義,2024-08-06,1034
5443,均豪,35,17,18,土銀-嘉義,2024-08-06,1034
2892,第一金,17,0,17,土銀-嘉義,2024-08-06,1034
5310,天剛,23,6,17,土銀-嘉義,2024-08-06,1034
2887,台新金,16,0,16,土銀-嘉義,2024-08-06,1034
2356,英業達,21,5,16,土銀-嘉義,2024-08-06,1034
00680L,元大美債20正2,29,14,15,土銀-嘉義,2024-08-06,1034
2329,華泰,15,0,15,土銀-嘉義,2024-08-06,1034
4513,福裕,15,0,15,土銀-嘉義,2024-08-06,1034
4960,誠美材,16,2,14,土銀-嘉義,2024-08-06,1034
8064,東捷,14,0,14,土銀-嘉義,2024-08-06,1034
3037,欣興,15,2,13,土銀-嘉義,2024-08-06,1034
3081,聯亞,13,0,13,土銀-嘉義,2024-08-06,1034
00918,大華優利高填息30,14,2,12,土銀-嘉義,2024-08-06,1034
2609,陽明,25,13,12,土銀-嘉義,2024-08-06,1034
0056,元大高股息,11,0,11,土銀-嘉義,2024-08-06,1034
2882,國泰金,18,7,11,土銀-嘉義,2024-08-06,1034
00919,群益台灣精選高息,12,2,10,土銀-嘉義,2024-08-06,1034
00900,富邦特選高股息30,10,0,10,土銀-嘉義,2024-08-06,1034
00882,中信中國高股息,10,0,10,土銀-嘉義,2024-08-06,1034
00655L,國泰中國A50正2,10,0,10,土銀-嘉義,2024-08-06,1034
2375,凱美,10,0,10,土銀-嘉義,2024-08-06,1034
2417,圓剛,10,0,10,土銀-嘉義,2024-08-06,1034
3306,鼎天,10,0,10,土銀-嘉義,2024-08-06,1034
6239,力成,10,0,10,土銀-嘉義,2024-08-06,1034
2801,彰銀,12,3,9,土銀-嘉義,2024-08-06,1034
2481,強茂,9,0,9,土銀-嘉義,2024-08-06,1034
2542,興富發,8,0,8,土銀-嘉義,2024-08-06,1034
006208,富邦台50,14,6,8,土銀-嘉義,2024-08-06,1034
1799,易威,8,0,8,土銀-嘉義,2024-08-06,1034
4942,嘉彰,8,0,8,土銀-嘉義,2024-08-06,1034
00946,群益科技高息成長,7,0,7,土銀-嘉義,2024-08-06,1034
6104,創惟,7,0,7,土銀-嘉義,2024-08-06,1034
00687B,國泰20年美債,269,26,243,土銀-嘉義,2024-08-07,1034
1802,台玻,100,0,100,土銀-嘉義,2024-08-07,1034
2352,佳世達,63,0,63,土銀-嘉義,2024-08-07,1034
00929,復華台灣科技優息,60,8,52,土銀-嘉義,2024-08-07,1034
2882,國泰金,38,2,36,土銀-嘉義,2024-08-07,1034
00632R,元大台灣50反1,182,148,34,土銀-嘉義,2024-08-07,1034
2897,王道銀行,100,69,31,土銀-嘉義,2024-08-07,1034
5310,天剛,39,9,30,土銀-嘉義,2024-08-07,1034
00940,元大台灣價值高息,44,16,28,土銀-嘉義,2024-08-07,1034
00935,野村臺灣新科技50,25,0,25,土銀-嘉義,2024-08-07,1034
00934,中信成長高股息,21,0,21,土銀-嘉義,2024-08-07,1034
00680L,元大美債20正2,22,2,20,土銀-嘉義,2024-08-07,1034
3706,神達,30,10,20,土銀-嘉義,2024-08-07,1034
0056,元大高股息,20,1,19,土銀-嘉義,2024-08-07,1034
2312,金寶,25,6,19,土銀-嘉義,2024-08-07,1034
2317,鴻海,45,27,18,土銀-嘉義,2024-08-07,1034
5706,鳳凰,20,3,17,土銀-嘉義,2024-08-07,1034
00893,國泰智能電動車,16,0,16,土銀-嘉義,2024-08-07,1034
2329,華泰,17,1,16,土銀-嘉義,2024-08-07,1034
2542,興富發,16,0,16,土銀-嘉義,2024-08-07,1034
5351,鈺創,16,0,16,土銀-嘉義,2024-08-07,1034
00933B,國泰10Y+金融債,15,0,15,土銀-嘉義,2024-08-07,1034
00830,國泰費城半導體,15,0,15,土銀-嘉義,2024-08-07,1034
3481,群創,28,13,15,土銀-嘉義,2024-08-07,1034
3019,亞光,19,5,14,土銀-嘉義,2024-08-07,1034
2892,第一金,13,0,13,土銀-嘉義,2024-08-07,1034
2409,友達,24,12,12,土銀-嘉義,2024-08-07,1034
2481,強茂,14,2,12,土銀-嘉義,2024-08-07,1034
2498,宏達電,14,2,12,土銀-嘉義,2024-08-07,1034
00946,群益科技高息成長,11,0,11,土銀-嘉義,2024-08-07,1034
3048,益登,13,3,10,土銀-嘉義,2024-08-07,1034
3257,虹冠電,10,0,10,土銀-嘉義,2024-08-07,1034
4513,福裕,10,0,10,土銀-嘉義,2024-08-07,1034
6120,達運,10,0,10,土銀-嘉義,2024-08-07,1034
6182,合晶,10,1,9,土銀-嘉義,2024-08-07,1034
2376,技嘉,12,4,8,土銀-嘉義,2024-08-07,1034
1513,中興電,7,0,7,土銀-嘉義,2024-08-07,1034
8046,南電,7,0,7,土銀-嘉義,2024-08-07,1034
2313,華通,9,3,6,土銀-嘉義,2024-08-07,1034
2356,英業達,11,5,6,土銀-嘉義,2024-08-07,1034
2408,南亞科,9,3,6,土銀-嘉義,2024-08-07,1034
3714,富采,6,0,6,土銀-嘉義,2024-08-07,1034
2363,矽統,10,4,6,土銀-嘉義,2024-08-07,1034
006208,富邦台50,9,3,6,土銀-嘉義,2024-08-07,1034
2382,廣達,7,2,5,土銀-嘉義,2024-08-07,1034
00850,元大臺灣ESG永續,5,0,5,土銀-嘉義,2024-08-07,1034
2883,凱基金,5,0,5,土銀-嘉義,2024-08-07,1034
2884,玉山金,5,0,5,土銀-嘉義,2024-08-07,1034
3037,欣興,7,2,5,土銀-嘉義,2024-08-07,1034
3141,晶宏,5,0,5,土銀-嘉義,2024-08-07,1034
00936,台新永續高息中小,186,5,181,土銀-嘉義,2024-08-08,1034
00929,復華台灣科技優息,126,6,120,土銀-嘉義,2024-08-08,1034
2344,華邦電,106,0,106,土銀-嘉義,2024-08-08,1034
00948B,中信優息投資級債,105,0,105,土銀-嘉義,2024-08-08,1034
2312,金寶,105,13,92,土銀-嘉義,2024-08-08,1034
2883,凱基金,74,1,73,土銀-嘉義,2024-08-08,1034
00720B,元大投資級公司債,53,0,53,土銀-嘉義,2024-08-08,1034
00940,元大台灣價值高息,38,2,36,土銀-嘉義,2024-08-08,1034
00665L,富邦�琤肭磪囓�2,35,0,35,土銀-嘉義,2024-08-08,1034
00878,國泰永續高股息,36,3,33,土銀-嘉義,2024-08-08,1034
1609,大亞,32,3,29,土銀-嘉義,2024-08-08,1034
2371,大同,30,1,29,土銀-嘉義,2024-08-08,1034
2317,鴻海,40,17,23,土銀-嘉義,2024-08-08,1034
2375,凱美,20,0,20,土銀-嘉義,2024-08-08,1034
2498,宏達電,20,0,20,土銀-嘉義,2024-08-08,1034
2886,兆豐金,19,0,19,土銀-嘉義,2024-08-08,1034
2352,佳世達,20,3,17,土銀-嘉義,2024-08-08,1034
00715L,期街口布蘭特正2,15,0,15,土銀-嘉義,2024-08-08,1034
6770,力積電,20,5,15,土銀-嘉義,2024-08-08,1034
00919,群益台灣精選高息,15,1,14,土銀-嘉義,2024-08-08,1034
2892,第一金,18,4,14,土銀-嘉義,2024-08-08,1034
1815,富喬,13,1,12,土銀-嘉義,2024-08-08,1034
4534,慶騰,12,0,12,土銀-嘉義,2024-08-08,1034
00934,中信成長高股息,11,0,11,土銀-嘉義,2024-08-08,1034
2365,昆盈,27,16,11,土銀-嘉義,2024-08-08,1034
4513,福裕,12,1,11,土銀-嘉義,2024-08-08,1034
2609,陽明,14,4,10,土銀-嘉義,2024-08-08,1034
1714,和桐,10,0,10,土銀-嘉義,2024-08-08,1034
1718,中纖,10,0,10,土銀-嘉義,2024-08-08,1034
2241,艾姆勒,10,0,10,土銀-嘉義,2024-08-08,1034
2426,鼎元,10,0,10,土銀-嘉義,2024-08-08,1034
5469,瀚宇博,10,0,10,土銀-嘉義,2024-08-08,1034
8043,蜜望實,15,5,10,土銀-嘉義,2024-08-08,1034
8076,伍豐,10,0,10,土銀-嘉義,2024-08-08,1034
0056,元大高股息,19,10,9,土銀-嘉義,2024-08-08,1034
00881,國泰台灣5G+,10,1,9,土銀-嘉義,2024-08-08,1034
9934,成霖,11,2,9,土銀-嘉義,2024-08-08,1034
2393,億光,10,2,8,土銀-嘉義,2024-08-08,1034
2884,玉山金,8,0,8,土銀-嘉義,2024-08-08,1034
3047,訊舟,15,7,8,土銀-嘉義,2024-08-08,1034
2382,廣達,9,2,7,土銀-嘉義,2024-08-08,1034
2615,萬海,7,0,7,土銀-嘉義,2024-08-08,1034
1227,佳格,6,0,6,土銀-嘉義,2024-08-08,1034
2201,裕隆,6,0,6,土銀-嘉義,2024-08-08,1034
2442,新美齊,6,0,6,土銀-嘉義,2024-08-08,1034
2603,長榮,6,0,6,土銀-嘉義,2024-08-08,1034
3078,僑威,6,0,6,土銀-嘉義,2024-08-08,1034
2330,台積電,8,3,5,土銀-嘉義,2024-08-08,1034
00935,野村臺灣新科技50,10,5,5,土銀-嘉義,2024-08-08,1034
00939,統一台灣高息動能,5,0,5,土銀-嘉義,2024-08-08,1034
00937B,群益ESG投等債20,269,10,259,土銀-嘉義,2024-08-09,1034
00929,復華台灣科技優息,110,24,86,土銀-嘉義,2024-08-09,1034
00720B,元大投資級公司債,52,0,52,土銀-嘉義,2024-08-09,1034
00679B,元大美債20年,47,6,41,土銀-嘉義,2024-08-09,1034
00946,群益科技高息成長,34,0,34,土銀-嘉義,2024-08-09,1034
00632R,元大台灣50反1,32,0,32,土銀-嘉義,2024-08-09,1034
1524,耿鼎,30,0,30,土銀-嘉義,2024-08-09,1034
2352,佳世達,31,1,30,土銀-嘉義,2024-08-09,1034
1305,華夏,20,0,20,土銀-嘉義,2024-08-09,1034
2241,艾姆勒,20,0,20,土銀-嘉義,2024-08-09,1034
2375,凱美,20,0,20,土銀-嘉義,2024-08-09,1034
2498,宏達電,20,0,20,土銀-嘉義,2024-08-09,1034
00948B,中信優息投資級債,16,0,16,土銀-嘉義,2024-08-09,1034
3711,日月光投控,17,1,16,土銀-嘉義,2024-08-09,1034
1785,光洋科,15,0,15,土銀-嘉義,2024-08-09,1034
3037,欣興,23,8,15,土銀-嘉義,2024-08-09,1034
00687B,國泰20年美債,14,0,14,土銀-嘉義,2024-08-09,1034
2353,宏��,23,10,13,土銀-嘉義,2024-08-09,1034
00933B,國泰10Y+金融債,12,0,12,土銀-嘉義,2024-08-09,1034
2888,新光金,70,58,12,土銀-嘉義,2024-08-09,1034
00724B,群益投資級金融債,11,0,11,土銀-嘉義,2024-08-09,1034
3312,弘憶股,11,0,11,土銀-嘉義,2024-08-09,1034
3450,聯鈞,11,0,11,土銀-嘉義,2024-08-09,1034
0056,元大高股息,10,0,10,土銀-嘉義,2024-08-09,1034
00892,富邦台灣半導體,10,0,10,土銀-嘉義,2024-08-09,1034
1303,南亞,11,1,10,土銀-嘉義,2024-08-09,1034
1529,樂事綠能,10,0,10,土銀-嘉義,2024-08-09,1034
2103,台橡,10,0,10,土銀-嘉義,2024-08-09,1034
2609,陽明,47,37,10,土銀-嘉義,2024-08-09,1034
2836,高雄銀,10,0,10,土銀-嘉義,2024-08-09,1034
2838,聯邦銀,10,0,10,土銀-嘉義,2024-08-09,1034
3702,大聯大,10,0,10,土銀-嘉義,2024-08-09,1034
8097,常珵,10,0,10,土銀-嘉義,2024-08-09,1034
00881,國泰台灣5G+,13,3,10,土銀-嘉義,2024-08-09,1034
1536,和大,8,0,8,土銀-嘉義,2024-08-09,1034
2349,錸德,8,0,8,土銀-嘉義,2024-08-09,1034
2542,興富發,9,1,8,土銀-嘉義,2024-08-09,1034
4174,浩鼎,11,3,8,土銀-嘉義,2024-08-09,1034
4513,福裕,23,15,8,土銀-嘉義,2024-08-09,1034
6173,信昌電,7,0,7,土銀-嘉義,2024-08-09,1034
2881,富邦金,9,3,6,土銀-嘉義,2024-08-09,1034
2376,技嘉,6,0,6,土銀-嘉義,2024-08-09,1034
3714,富采,6,0,6,土銀-嘉義,2024-08-09,1034
4760,勤凱,6,0,6,土銀-嘉義,2024-08-09,1034
6603,富強鑫,6,0,6,土銀-嘉義,2024-08-09,1034
00830,國泰費城半導體,5,0,5,土銀-嘉義,2024-08-09,1034
0052,富邦科技,5,0,5,土銀-嘉義,2024-08-09,1034
1227,佳格,5,0,5,土銀-嘉義,2024-08-09,1034
2362,藍天,5,0,5,土銀-嘉義,2024-08-09,1034
2484,希華,5,0,5,土銀-嘉義,2024-08-09,1034
00632R,元大台灣50反1,220,0,220,土銀-嘉義,2024-08-12,1034
2888,新光金,83,15,68,土銀-嘉義,2024-08-12,1034
1227,佳格,50,0,50,土銀-嘉義,2024-08-12,1034
2352,佳世達,50,0,50,土銀-嘉義,2024-08-12,1034
5310,天剛,42,0,42,土銀-嘉義,2024-08-12,1034
00665L,富邦�琤肭磪囓�2,40,0,40,土銀-嘉義,2024-08-12,1034
00687B,國泰20年美債,39,1,38,土銀-嘉義,2024-08-12,1034
1609,大亞,43,5,38,土銀-嘉義,2024-08-12,1034
00679B,元大美債20年,39,3,36,土銀-嘉義,2024-08-12,1034
3481,群創,35,3,32,土銀-嘉義,2024-08-12,1034
00929,復華台灣科技優息,31,2,29,土銀-嘉義,2024-08-12,1034
00878,國泰永續高股息,28,2,26,土銀-嘉義,2024-08-12,1034
2002,中鋼,26,0,26,土銀-嘉義,2024-08-12,1034
1314,中石化,22,0,22,土銀-嘉義,2024-08-12,1034
00940,元大台灣價值高息,18,2,16,土銀-嘉義,2024-08-12,1034
2449,京元電子,23,7,16,土銀-嘉義,2024-08-12,1034
2353,宏��,16,1,15,土銀-嘉義,2024-08-12,1034
2880,華南金,15,0,15,土銀-嘉義,2024-08-12,1034
2312,金寶,22,8,14,土銀-嘉義,2024-08-12,1034
1608,華榮,18,5,13,土銀-嘉義,2024-08-12,1034
2376,技嘉,15,2,13,土銀-嘉義,2024-08-12,1034
00937B,群益ESG投等債20,12,0,12,土銀-嘉義,2024-08-12,1034
00919,群益台灣精選高息,12,1,11,土銀-嘉義,2024-08-12,1034
2511,太子,11,0,11,土銀-嘉義,2024-08-12,1034
6770,力積電,12,1,11,土銀-嘉義,2024-08-12,1034
1326,台化,10,0,10,土銀-嘉義,2024-08-12,1034
00915,凱基優選高股息30,10,0,10,土銀-嘉義,2024-08-12,1034
00893,國泰智能電動車,10,0,10,土銀-嘉義,2024-08-12,1034
2409,友達,10,0,10,土銀-嘉義,2024-08-12,1034
2913,農林,10,0,10,土銀-嘉義,2024-08-12,1034
00881,國泰台灣5G+,13,4,9,土銀-嘉義,2024-08-12,1034
2912,統一超,9,0,9,土銀-嘉義,2024-08-12,1034
2882,國泰金,8,0,8,土銀-嘉義,2024-08-12,1034
2885,元大金,8,0,8,土銀-嘉義,2024-08-12,1034
4960,誠美材,8,0,8,土銀-嘉義,2024-08-12,1034
3006,晶豪科,9,2,7,土銀-嘉義,2024-08-12,1034
00795B,中信美國公債20年,6,0,6,土銀-嘉義,2024-08-12,1034
4174,浩鼎,7,1,6,土銀-嘉義,2024-08-12,1034
00934,中信成長高股息,5,0,5,土銀-嘉義,2024-08-12,1034
00936,台新永續高息中小,5,0,5,土銀-嘉義,2024-08-12,1034
1216,統一,5,0,5,土銀-嘉義,2024-08-12,1034
1441,大東,5,0,5,土銀-嘉義,2024-08-12,1034
1312,國喬,5,0,5,土銀-嘉義,2024-08-12,1034
1720,生達,5,0,5,土銀-嘉義,2024-08-12,1034
2020,美亞,5,0,5,土銀-嘉義,2024-08-12,1034
2891,中信金,5,0,5,土銀-嘉義,2024-08-12,1034
3339,泰谷,5,0,5,土銀-嘉義,2024-08-12,1034
3374,精材,9,4,5,土銀-嘉義,2024-08-12,1034
6215,和椿,5,0,5,土銀-嘉義,2024-08-12,1034
1597,直得,5,1,4,土銀-嘉義,2024-08-12,1034
00948B,中信優息投資級債,1176,0,1176,土銀-嘉義,2024-08-13,1034
1402,遠東新,57,1,56,土銀-嘉義,2024-08-13,1034
00688L,國泰20年美債正2,52,0,52,土銀-嘉義,2024-08-13,1034
00720B,元大投資級公司債,50,3,47,土銀-嘉義,2024-08-13,1034
2880,華南金,32,0,32,土銀-嘉義,2024-08-13,1034
2609,陽明,39,14,25,土銀-嘉義,2024-08-13,1034
1303,南亞,26,2,24,土銀-嘉義,2024-08-13,1034
00687B,國泰20年美債,24,0,24,土銀-嘉義,2024-08-13,1034
2374,佳能,22,1,21,土銀-嘉義,2024-08-13,1034
2542,興富發,20,0,20,土銀-嘉義,2024-08-13,1034
2365,昆盈,55,36,19,土銀-嘉義,2024-08-13,1034
3231,緯創,38,20,18,土銀-嘉義,2024-08-13,1034
4174,浩鼎,28,10,18,土銀-嘉義,2024-08-13,1034
1101,台泥,16,0,16,土銀-嘉義,2024-08-13,1034
2834,臺企銀,15,0,15,土銀-嘉義,2024-08-13,1034
2884,玉山金,15,0,15,土銀-嘉義,2024-08-13,1034
2891,中信金,15,0,15,土銀-嘉義,2024-08-13,1034
00929,復華台灣科技優息,14,0,14,土銀-嘉義,2024-08-13,1034
4513,福裕,15,1,14,土銀-嘉義,2024-08-13,1034
2913,農林,13,0,13,土銀-嘉義,2024-08-13,1034
6505,台塑化,12,0,12,土銀-嘉義,2024-08-13,1034
00632R,元大台灣50反1,12,0,12,土銀-嘉義,2024-08-13,1034
0056,元大高股息,12,0,12,土銀-嘉義,2024-08-13,1034
2504,國產,11,0,11,土銀-嘉義,2024-08-13,1034
1529,樂事綠能,10,0,10,土銀-嘉義,2024-08-13,1034
3013,晟銘電,17,7,10,土銀-嘉義,2024-08-13,1034
6166,凌華,10,0,10,土銀-嘉義,2024-08-13,1034
00795B,中信美國公債20年,9,0,9,土銀-嘉義,2024-08-13,1034
3189,景碩,8,0,8,土銀-嘉義,2024-08-13,1034
4979,華星光,9,1,8,土銀-嘉義,2024-08-13,1034
2615,萬海,10,3,7,土銀-嘉義,2024-08-13,1034
8105,凌巨,7,0,7,土銀-嘉義,2024-08-13,1034
3481,群創,8,1,7,土銀-嘉義,2024-08-13,1034
2489,瑞軒,6,0,6,土銀-嘉義,2024-08-13,1034
1326,台化,5,0,5,土銀-嘉義,2024-08-13,1034
1314,中石化,5,0,5,土銀-嘉義,2024-08-13,1034
00830,國泰費城半導體,5,0,5,土銀-嘉義,2024-08-13,1034
00935,野村臺灣新科技50,10,5,5,土銀-嘉義,2024-08-13,1034
1903,士紙,5,0,5,土銀-嘉義,2024-08-13,1034
2497,怡利電,5,0,5,土銀-嘉義,2024-08-13,1034
2610,華航,6,1,5,土銀-嘉義,2024-08-13,1034
3078,僑威,5,0,5,土銀-嘉義,2024-08-13,1034
00946,群益科技高息成長,4,0,4,土銀-嘉義,2024-08-13,1034
00881,國泰台灣5G+,14,10,4,土銀-嘉義,2024-08-13,1034
00679B,元大美債20年,6,2,4,土銀-嘉義,2024-08-13,1034
2103,台橡,4,0,4,土銀-嘉義,2024-08-13,1034
2409,友達,4,0,4,土銀-嘉義,2024-08-13,1034
2464,盟立,6,2,4,土銀-嘉義,2024-08-13,1034
4903,聯光通,4,0,4,土銀-嘉義,2024-08-13,1034
6127,九豪,4,0,4,土銀-嘉義,2024-08-13,1034
00632R,元大台灣50反1,109,0,109,土銀-嘉義,2024-08-14,1034
2888,新光金,192,86,106,土銀-嘉義,2024-08-14,1034
1802,台玻,100,0,100,土銀-嘉義,2024-08-14,1034
00929,復華台灣科技優息,79,0,79,土銀-嘉義,2024-08-14,1034
00948B,中信優息投資級債,35,0,35,土銀-嘉義,2024-08-14,1034
3580,友威科,35,0,35,土銀-嘉義,2024-08-14,1034
00932,兆豐永續高息等權,30,0,30,土銀-嘉義,2024-08-14,1034
8064,東捷,31,2,29,土銀-嘉義,2024-08-14,1034
00936,台新永續高息中小,25,4,21,土銀-嘉義,2024-08-14,1034
1540,喬福,15,0,15,土銀-嘉義,2024-08-14,1034
00881,國泰台灣5G+,13,0,13,土銀-嘉義,2024-08-14,1034
2882,國泰金,20,7,13,土銀-嘉義,2024-08-14,1034
4174,浩鼎,12,0,12,土銀-嘉義,2024-08-14,1034
4716,大立,12,0,12,土銀-嘉義,2024-08-14,1034
2610,華航,17,6,11,土銀-嘉義,2024-08-14,1034
00688L,國泰20年美債正2,10,0,10,土銀-嘉義,2024-08-14,1034
2331,精英,10,0,10,土銀-嘉義,2024-08-14,1034
6215,和椿,26,16,10,土銀-嘉義,2024-08-14,1034
3013,晟銘電,8,0,8,土銀-嘉義,2024-08-14,1034
3062,建漢,16,8,8,土銀-嘉義,2024-08-14,1034
4912,聯德控股-KY,8,0,8,土銀-嘉義,2024-08-14,1034
2615,萬海,13,6,7,土銀-嘉義,2024-08-14,1034
3230,錦明,7,0,7,土銀-嘉義,2024-08-14,1034
8234,新漢,8,1,7,土銀-嘉義,2024-08-14,1034
2382,廣達,8,2,6,土銀-嘉義,2024-08-14,1034
2208,台船,10,4,6,土銀-嘉義,2024-08-14,1034
2609,陽明,11,5,6,土銀-嘉義,2024-08-14,1034
3045,台灣大,10,4,6,土銀-嘉義,2024-08-14,1034
6274,台燿,6,0,6,土銀-嘉義,2024-08-14,1034
00715L,期街口布蘭特正2,5,0,5,土銀-嘉義,2024-08-14,1034
00665L,富邦�琤肭磪囓�2,5,0,5,土銀-嘉義,2024-08-14,1034
00900,富邦特選高股息30,5,0,5,土銀-嘉義,2024-08-14,1034
1808,潤隆,5,0,5,土銀-嘉義,2024-08-14,1034
2324,仁寶,5,0,5,土銀-嘉義,2024-08-14,1034
3047,訊舟,9,4,5,土銀-嘉義,2024-08-14,1034
3060,銘異,5,0,5,土銀-嘉義,2024-08-14,1034
3189,景碩,5,0,5,土銀-嘉義,2024-08-14,1034
6173,信昌電,5,0,5,土銀-嘉義,2024-08-14,1034
6189,豐藝,5,0,5,土銀-嘉義,2024-08-14,1034
8097,常珵,5,0,5,土銀-嘉義,2024-08-14,1034
4142,國光生,4,0,4,土銀-嘉義,2024-08-14,1034
1513,中興電,7,4,3,土銀-嘉義,2024-08-14,1034
00878,國泰永續高股息,4,1,3,土銀-嘉義,2024-08-14,1034
1603,華電,3,0,3,土銀-嘉義,2024-08-14,1034
2313,華通,4,1,3,土銀-嘉義,2024-08-14,1034
2362,藍天,4,1,3,土銀-嘉義,2024-08-14,1034
2498,宏達電,3,0,3,土銀-嘉義,2024-08-14,1034
3455,由田,4,1,3,土銀-嘉義,2024-08-14,1034
3622,洋華,3,0,3,土銀-嘉義,2024-08-14,1034
3679,新至陞,3,0,3,土銀-嘉義,2024-08-14,1034
00948B,中信優息投資級債,177,0,177,土銀-嘉義,2024-08-15,1034
2801,彰銀,125,0,125,土銀-嘉義,2024-08-15,1034
6770,力積電,152,42,110,土銀-嘉義,2024-08-15,1034
1802,台玻,100,0,100,土銀-嘉義,2024-08-15,1034
00878,國泰永續高股息,59,0,59,土銀-嘉義,2024-08-15,1034
2897,王道銀行,50,0,50,土銀-嘉義,2024-08-15,1034
00830,國泰費城半導體,36,0,36,土銀-嘉義,2024-08-15,1034
1609,大亞,31,1,30,土銀-嘉義,2024-08-15,1034
00687B,國泰20年美債,32,3,29,土銀-嘉義,2024-08-15,1034
8064,東捷,24,1,23,土銀-嘉義,2024-08-15,1034
00635U,期元大S＆P黃金,22,0,22,土銀-嘉義,2024-08-15,1034
2834,臺企銀,18,0,18,土銀-嘉義,2024-08-15,1034
2886,兆豐金,18,0,18,土銀-嘉義,2024-08-15,1034
00679B,元大美債20年,28,12,16,土銀-嘉義,2024-08-15,1034
1731,美吾華,16,0,16,土銀-嘉義,2024-08-15,1034
00893,國泰智能電動車,15,0,15,土銀-嘉義,2024-08-15,1034
8070,長華*,15,0,15,土銀-嘉義,2024-08-15,1034
6166,凌華,14,0,14,土銀-嘉義,2024-08-15,1034
2002,中鋼,15,3,12,土銀-嘉義,2024-08-15,1034
2887,台新金,11,0,11,土銀-嘉義,2024-08-15,1034
1303,南亞,10,0,10,土銀-嘉義,2024-08-15,1034
2867,三商壽,10,0,10,土銀-嘉義,2024-08-15,1034
4513,福裕,13,3,10,土銀-嘉義,2024-08-15,1034
8085,福華,10,0,10,土銀-嘉義,2024-08-15,1034
00919,群益台灣精選高息,11,2,9,土銀-嘉義,2024-08-15,1034
2489,瑞軒,12,3,9,土銀-嘉義,2024-08-15,1034
2344,華邦電,8,0,8,土銀-嘉義,2024-08-15,1034
2883,凱基金,308,300,8,土銀-嘉義,2024-08-15,1034
5443,均豪,8,0,8,土銀-嘉義,2024-08-15,1034
1314,中石化,7,0,7,土銀-嘉義,2024-08-15,1034
1101,台泥,10,3,7,土銀-嘉義,2024-08-15,1034
5371,中光電,8,1,7,土銀-嘉義,2024-08-15,1034
00881,國泰台灣5G+,6,0,6,土銀-嘉義,2024-08-15,1034
2884,玉山金,6,0,6,土銀-嘉義,2024-08-15,1034
4562,穎漢,16,10,6,土銀-嘉義,2024-08-15,1034
1301,台塑,5,0,5,土銀-嘉義,2024-08-15,1034
1442,名軒,5,0,5,土銀-嘉義,2024-08-15,1034
1584,精剛,5,0,5,土銀-嘉義,2024-08-15,1034
1709,和益,5,0,5,土銀-嘉義,2024-08-15,1034
1734,杏輝,5,0,5,土銀-嘉義,2024-08-15,1034
1799,易威,5,0,5,土銀-嘉義,2024-08-15,1034
2352,佳世達,6,1,5,土銀-嘉義,2024-08-15,1034
3231,緯創,5,0,5,土銀-嘉義,2024-08-15,1034
5880,合庫金,5,0,5,土銀-嘉義,2024-08-15,1034
1712,興農,4,0,4,土銀-嘉義,2024-08-15,1034
2359,所羅門,4,0,4,土銀-嘉義,2024-08-15,1034
2514,龍邦,4,0,4,土銀-嘉義,2024-08-15,1034
2882,國泰金,4,0,4,土銀-嘉義,2024-08-15,1034
3019,亞光,20,16,4,土銀-嘉義,2024-08-15,1034
6177,達麗,5,1,4,土銀-嘉義,2024-08-15,1034
1802,台玻,100,0,100,土銀-嘉義,2024-08-16,1034
00795B,中信美國公債20年,82,0,82,土銀-嘉義,2024-08-16,1034
2352,佳世達,41,0,41,土銀-嘉義,2024-08-16,1034
00687B,國泰20年美債,38,1,37,土銀-嘉義,2024-08-16,1034
00632R,元大台灣50反1,32,0,32,土銀-嘉義,2024-08-16,1034
00679B,元大美債20年,34,5,29,土銀-嘉義,2024-08-16,1034
6264,富裔,20,0,20,土銀-嘉義,2024-08-16,1034
2511,太子,14,0,14,土銀-嘉義,2024-08-16,1034
2101,南港,22,10,12,土銀-嘉義,2024-08-16,1034
2365,昆盈,24,12,12,土銀-嘉義,2024-08-16,1034
00881,國泰台灣5G+,10,0,10,土銀-嘉義,2024-08-16,1034
2355,敬鵬,10,0,10,土銀-嘉義,2024-08-16,1034
3673,TPK-KY,10,0,10,土銀-嘉義,2024-08-16,1034
2317,鴻海,23,13,10,土銀-嘉義,2024-08-16,1034
1101,台泥,9,0,9,土銀-嘉義,2024-08-16,1034
2323,中環,10,1,9,土銀-嘉義,2024-08-16,1034
1540,喬福,8,0,8,土銀-嘉義,2024-08-16,1034
1709,和益,11,3,8,土銀-嘉義,2024-08-16,1034
2382,廣達,8,1,7,土銀-嘉義,2024-08-16,1034
2313,華通,12,5,7,土銀-嘉義,2024-08-16,1034
4979,華星光,10,3,7,土銀-嘉義,2024-08-16,1034
00680L,元大美債20正2,6,0,6,土銀-嘉義,2024-08-16,1034
2329,華泰,6,0,6,土銀-嘉義,2024-08-16,1034
2486,一詮,8,2,6,土銀-嘉義,2024-08-16,1034
3455,由田,6,0,6,土銀-嘉義,2024-08-16,1034
3609,三一東林,6,0,6,土銀-嘉義,2024-08-16,1034
5443,均豪,14,8,6,土銀-嘉義,2024-08-16,1034
5469,瀚宇博,5,0,5,土銀-嘉義,2024-08-16,1034
1314,中石化,6,1,5,土銀-嘉義,2024-08-16,1034
1734,杏輝,5,0,5,土銀-嘉義,2024-08-16,1034
2206,三陽工業,5,0,5,土銀-嘉義,2024-08-16,1034
2367,燿華,6,1,5,土銀-嘉義,2024-08-16,1034
2618,長榮航,7,2,5,土銀-嘉義,2024-08-16,1034
3078,僑威,5,0,5,土銀-嘉義,2024-08-16,1034
6770,力積電,8,3,5,土銀-嘉義,2024-08-16,1034
00878,國泰永續高股息,6,2,4,土銀-嘉義,2024-08-16,1034
00830,國泰費城半導體,5,1,4,土銀-嘉義,2024-08-16,1034
2062,橋椿,9,5,4,土銀-嘉義,2024-08-16,1034
3715,定穎投控,4,0,4,土銀-嘉義,2024-08-16,1034
6951,青新-創,4,0,4,土銀-嘉義,2024-08-16,1034
9935,慶豐富,4,0,4,土銀-嘉義,2024-08-16,1034
1227,佳格,3,0,3,土銀-嘉義,2024-08-16,1034
00919,群益台灣精選高息,5,2,3,土銀-嘉義,2024-08-16,1034
1608,華榮,3,0,3,土銀-嘉義,2024-08-16,1034
2324,仁寶,3,0,3,土銀-嘉義,2024-08-16,1034
2449,京元電子,14,11,3,土銀-嘉義,2024-08-16,1034
2887,台新金,5,2,3,土銀-嘉義,2024-08-16,1034
4906,正文,5,2,3,土銀-嘉義,2024-08-16,1034
4912,聯德控股-KY,3,0,3,土銀-嘉義,2024-08-16,1034
6285,啟��,4,1,3,土銀-嘉義,2024-08-16,1034
00948B,中信優息投資級債,546,0,546,土銀-嘉義,2024-08-19,1034
00687B,國泰20年美債,169,3,166,土銀-嘉義,2024-08-19,1034
00937B,群益ESG投等債20,46,0,46,土銀-嘉義,2024-08-19,1034
4174,浩鼎,44,0,44,土銀-嘉義,2024-08-19,1034
6015,宏遠證,40,0,40,土銀-嘉義,2024-08-19,1034
1609,大亞,34,2,32,土銀-嘉義,2024-08-19,1034
2353,宏��,30,2,28,土銀-嘉義,2024-08-19,1034
2208,台船,20,0,20,土銀-嘉義,2024-08-19,1034
3050,鈺德,20,0,20,土銀-嘉義,2024-08-19,1034
4561,健椿,20,0,20,土銀-嘉義,2024-08-19,1034
2002,中鋼,24,5,19,土銀-嘉義,2024-08-19,1034
00893,國泰智能電動車,13,0,13,土銀-嘉義,2024-08-19,1034
00632R,元大台灣50反1,12,0,12,土銀-嘉義,2024-08-19,1034
2884,玉山金,12,0,12,土銀-嘉義,2024-08-19,1034
8064,東捷,27,15,12,土銀-嘉義,2024-08-19,1034
00919,群益台灣精選高息,10,0,10,土銀-嘉義,2024-08-19,1034
00715L,期街口布蘭特正2,10,0,10,土銀-嘉義,2024-08-19,1034
1799,易威,15,5,10,土銀-嘉義,2024-08-19,1034
3484,崧騰,10,0,10,土銀-嘉義,2024-08-19,1034
5880,合庫金,9,0,9,土銀-嘉義,2024-08-19,1034
5905,南仁湖,9,0,9,土銀-嘉義,2024-08-19,1034
2354,鴻準,8,0,8,土銀-嘉義,2024-08-19,1034
2881,富邦金,8,0,8,土銀-嘉義,2024-08-19,1034
3374,精材,10,2,8,土銀-嘉義,2024-08-19,1034
3522,御嵿,9,1,8,土銀-嘉義,2024-08-19,1034
2359,所羅門,41,34,7,土銀-嘉義,2024-08-19,1034
6609,瀧澤科,7,0,7,土銀-嘉義,2024-08-19,1034
9907,統一實,10,3,7,土銀-嘉義,2024-08-19,1034
1227,佳格,6,0,6,土銀-嘉義,2024-08-19,1034
2609,陽明,16,10,6,土銀-嘉義,2024-08-19,1034
3048,益登,6,0,6,土銀-嘉義,2024-08-19,1034
5371,中光電,10,4,6,土銀-嘉義,2024-08-19,1034
6125,廣運,7,1,6,土銀-嘉義,2024-08-19,1034
8070,長華*,6,0,6,土銀-嘉義,2024-08-19,1034
00830,國泰費城半導體,5,0,5,土銀-嘉義,2024-08-19,1034
00795B,中信美國公債20年,5,0,5,土銀-嘉義,2024-08-19,1034
00731,復華富時高息低波,6,1,5,土銀-嘉義,2024-08-19,1034
1504,東元,10,5,5,土銀-嘉義,2024-08-19,1034
1540,喬福,5,0,5,土銀-嘉義,2024-08-19,1034
2014,中鴻,5,0,5,土銀-嘉義,2024-08-19,1034
2344,華邦電,5,0,5,土銀-嘉義,2024-08-19,1034
2382,廣達,5,0,5,土銀-嘉義,2024-08-19,1034
3149,正達,5,0,5,土銀-嘉義,2024-08-19,1034
8050,廣積,5,0,5,土銀-嘉義,2024-08-19,1034
00679B,元大美債20年,4,0,4,土銀-嘉義,2024-08-19,1034
2406,國碩,4,0,4,土銀-嘉義,2024-08-19,1034
2536,宏普,4,0,4,土銀-嘉義,2024-08-19,1034
2607,榮運,4,0,4,土銀-嘉義,2024-08-19,1034
2610,華航,6,2,4,土銀-嘉義,2024-08-19,1034
3711,日月光投控,6,2,4,土銀-嘉義,2024-08-19,1034
00936,台新永續高息中小,101,1,100,土銀-嘉義,2024-08-20,1034
1802,台玻,100,0,100,土銀-嘉義,2024-08-20,1034
00687B,國泰20年美債,89,0,89,土銀-嘉義,2024-08-20,1034
5905,南仁湖,52,0,52,土銀-嘉義,2024-08-20,1034
00948B,中信優息投資級債,50,0,50,土銀-嘉義,2024-08-20,1034
2371,大同,44,4,40,土銀-嘉義,2024-08-20,1034
00937B,群益ESG投等債20,30,0,30,土銀-嘉義,2024-08-20,1034
9105,泰金寶-DR,30,2,28,土銀-嘉義,2024-08-20,1034
2520,冠德,26,0,26,土銀-嘉義,2024-08-20,1034
3652,精聯,21,0,21,土銀-嘉義,2024-08-20,1034
00919,群益台灣精選高息,26,8,18,土銀-嘉義,2024-08-20,1034
2417,圓剛,14,0,14,土銀-嘉義,2024-08-20,1034
2892,第一金,14,0,14,土銀-嘉義,2024-08-20,1034
00878,國泰永續高股息,15,2,13,土銀-嘉義,2024-08-20,1034
2367,燿華,15,4,11,土銀-嘉義,2024-08-20,1034
2834,臺企銀,11,0,11,土銀-嘉義,2024-08-20,1034
2356,英業達,18,8,10,土銀-嘉義,2024-08-20,1034
00939,統一台灣高息動能,10,0,10,土銀-嘉義,2024-08-20,1034
2374,佳能,11,1,10,土銀-嘉義,2024-08-20,1034
2317,鴻海,21,12,9,土銀-嘉義,2024-08-20,1034
1326,台化,9,1,8,土銀-嘉義,2024-08-20,1034
1540,喬福,8,0,8,土銀-嘉義,2024-08-20,1034
4303,信立,8,0,8,土銀-嘉義,2024-08-20,1034
8064,東捷,16,8,8,土銀-嘉義,2024-08-20,1034
00934,中信成長高股息,7,0,7,土銀-嘉義,2024-08-20,1034
2312,金寶,13,6,7,土銀-嘉義,2024-08-20,1034
2464,盟立,7,0,7,土銀-嘉義,2024-08-20,1034
3390,旭軟,11,4,7,土銀-嘉義,2024-08-20,1034
6505,台塑化,7,0,7,土銀-嘉義,2024-08-20,1034
2330,台積電,7,1,6,土銀-嘉義,2024-08-20,1034
2881,富邦金,6,0,6,土銀-嘉義,2024-08-20,1034
2489,瑞軒,6,0,6,土銀-嘉義,2024-08-20,1034
2913,農林,6,0,6,土銀-嘉義,2024-08-20,1034
1513,中興電,7,2,5,土銀-嘉義,2024-08-20,1034
1504,東元,9,4,5,土銀-嘉義,2024-08-20,1034
00715L,期街口布蘭特正2,5,0,5,土銀-嘉義,2024-08-20,1034
1903,士紙,5,0,5,土銀-嘉義,2024-08-20,1034
2002,中鋼,12,7,5,土銀-嘉義,2024-08-20,1034
5880,合庫金,5,0,5,土銀-嘉義,2024-08-20,1034
1784,訊聯,4,0,4,土銀-嘉義,2024-08-20,1034
3679,新至陞,4,0,4,土銀-嘉義,2024-08-20,1034
1301,台塑,3,0,3,土銀-嘉義,2024-08-20,1034
2542,興富發,8,5,3,土銀-嘉義,2024-08-20,1034
00642U,期元大S＆P石油,3,0,3,土銀-嘉義,2024-08-20,1034
1303,南亞,3,0,3,土銀-嘉義,2024-08-20,1034
1532,勤美,3,0,3,土銀-嘉義,2024-08-20,1034
1536,和大,5,2,3,土銀-嘉義,2024-08-20,1034
2301,光寶科,3,0,3,土銀-嘉義,2024-08-20,1034
2340,台亞,3,0,3,土銀-嘉義,2024-08-20,1034
3663,鑫科,5,2,3,土銀-嘉義,2024-08-20,1034
00953B,群益優選非投等債,412,0,412,土銀-嘉義,2024-08-21,1034
1802,台玻,100,3,97,土銀-嘉義,2024-08-21,1034
00919,群益台灣精選高息,67,4,63,土銀-嘉義,2024-08-21,1034
2891,中信金,49,0,49,土銀-嘉義,2024-08-21,1034
00893,國泰智能電動車,21,0,21,土銀-嘉義,2024-08-21,1034
8104,錸寶,21,1,20,土銀-嘉義,2024-08-21,1034
2312,金寶,19,3,16,土銀-嘉義,2024-08-21,1034
2618,長榮航,21,5,16,土銀-嘉義,2024-08-21,1034
8064,東捷,20,5,15,土銀-嘉義,2024-08-21,1034
5905,南仁湖,32,20,12,土銀-嘉義,2024-08-21,1034
00929,復華台灣科技優息,11,0,11,土銀-嘉義,2024-08-21,1034
0056,元大高股息,11,0,11,土銀-嘉義,2024-08-21,1034
1709,和益,13,2,11,土銀-嘉義,2024-08-21,1034
2344,華邦電,13,2,11,土銀-嘉義,2024-08-21,1034
00696B,富邦美債20年,10,0,10,土銀-嘉義,2024-08-21,1034
2883,凱基金,110,100,10,土銀-嘉義,2024-08-21,1034
3518,柏騰,11,1,10,土銀-嘉義,2024-08-21,1034
3580,友威科,20,10,10,土銀-嘉義,2024-08-21,1034
3652,精聯,10,0,10,土銀-嘉義,2024-08-21,1034
00878,國泰永續高股息,9,0,9,土銀-嘉義,2024-08-21,1034
2371,大同,10,1,9,土銀-嘉義,2024-08-21,1034
2409,友達,10,1,9,土銀-嘉義,2024-08-21,1034
4513,福裕,9,0,9,土銀-嘉義,2024-08-21,1034
8096,擎亞,10,1,9,土銀-嘉義,2024-08-21,1034
2609,陽明,16,8,8,土銀-嘉義,2024-08-21,1034
4919,新唐,8,0,8,土銀-嘉義,2024-08-21,1034
1540,喬福,7,0,7,土銀-嘉義,2024-08-21,1034
2486,一詮,10,3,7,土銀-嘉義,2024-08-21,1034
5347,世界,7,0,7,土銀-嘉義,2024-08-21,1034
1504,東元,6,0,6,土銀-嘉義,2024-08-21,1034
1785,光洋科,9,3,6,土銀-嘉義,2024-08-21,1034
2363,矽統,6,0,6,土銀-嘉義,2024-08-21,1034
3530,晶相光,6,0,6,土銀-嘉義,2024-08-21,1034
5310,天剛,6,0,6,土銀-嘉義,2024-08-21,1034
6207,雷科,6,0,6,土銀-嘉義,2024-08-21,1034
6770,力積電,9,3,6,土銀-嘉義,2024-08-21,1034
6806,森崴能源,6,0,6,土銀-嘉義,2024-08-21,1034
8054,安國,6,0,6,土銀-嘉義,2024-08-21,1034
00935,野村臺灣新科技50,5,0,5,土銀-嘉義,2024-08-21,1034
1536,和大,8,3,5,土銀-嘉義,2024-08-21,1034
2328,廣宇,5,0,5,土銀-嘉義,2024-08-21,1034
2634,漢翔,5,0,5,土銀-嘉義,2024-08-21,1034
2881,富邦金,5,0,5,土銀-嘉義,2024-08-21,1034
3167,大量,5,0,5,土銀-嘉義,2024-08-21,1034
4960,誠美材,5,0,5,土銀-嘉義,2024-08-21,1034
8085,福華,5,0,5,土銀-嘉義,2024-08-21,1034
3706,神達,5,1,4,土銀-嘉義,2024-08-21,1034
3711,日月光投控,5,1,4,土銀-嘉義,2024-08-21,1034
4912,聯德控股-KY,4,0,4,土銀-嘉義,2024-08-21,1034
8070,長華*,7,3,4,土銀-嘉義,2024-08-21,1034
00948B,中信優息投資級債,464,0,464,土銀-嘉義,2024-08-22,1034
00953B,群益優選非投等債,200,0,200,土銀-嘉義,2024-08-22,1034
1609,大亞,36,4,32,土銀-嘉義,2024-08-22,1034
1416,廣豐,30,0,30,土銀-嘉義,2024-08-22,1034
9955,佳龍,22,1,21,土銀-嘉義,2024-08-22,1034
1717,長興,21,1,20,土銀-嘉義,2024-08-22,1034
2317,鴻海,25,5,20,土銀-嘉義,2024-08-22,1034
00687B,國泰20年美債,24,5,19,土銀-嘉義,2024-08-22,1034
2881,富邦金,15,0,15,土銀-嘉義,2024-08-22,1034
2882,國泰金,15,0,15,土銀-嘉義,2024-08-22,1034
4513,福裕,16,2,14,土銀-嘉義,2024-08-22,1034
2891,中信金,14,2,12,土銀-嘉義,2024-08-22,1034
2495,普安,11,0,11,土銀-嘉義,2024-08-22,1034
4303,信立,12,1,11,土銀-嘉義,2024-08-22,1034
00715L,期街口布蘭特正2,10,0,10,土銀-嘉義,2024-08-22,1034
2062,橋椿,11,1,10,土銀-嘉義,2024-08-22,1034
2312,金寶,11,1,10,土銀-嘉義,2024-08-22,1034
3609,三一東林,9,0,9,土銀-嘉義,2024-08-22,1034
00929,復華台灣科技優息,9,1,8,土銀-嘉義,2024-08-22,1034
3645,達邁,8,0,8,土銀-嘉義,2024-08-22,1034
00893,國泰智能電動車,7,0,7,土銀-嘉義,2024-08-22,1034
1785,光洋科,11,4,7,土銀-嘉義,2024-08-22,1034
2382,廣達,11,5,6,土銀-嘉義,2024-08-22,1034
2596,綠意,6,0,6,土銀-嘉義,2024-08-22,1034
1504,東元,5,0,5,土銀-嘉義,2024-08-22,1034
00940,元大台灣價值高息,5,0,5,土銀-嘉義,2024-08-22,1034
2328,廣宇,5,0,5,土銀-嘉義,2024-08-22,1034
2883,凱基金,5,0,5,土銀-嘉義,2024-08-22,1034
3484,崧騰,5,0,5,土銀-嘉義,2024-08-22,1034
3706,神達,5,0,5,土銀-嘉義,2024-08-22,1034
6191,精成科,10,5,5,土銀-嘉義,2024-08-22,1034
1808,潤隆,5,0,5,土銀-嘉義,2024-08-22,1034
3231,緯創,4,0,4,土銀-嘉義,2024-08-22,1034
2449,京元電子,5,1,4,土銀-嘉義,2024-08-22,1034
3583,辛耘,5,1,4,土銀-嘉義,2024-08-22,1034
1301,台塑,6,2,4,土銀-嘉義,2024-08-22,1034
1104,環泥,4,0,4,土銀-嘉義,2024-08-22,1034
00915,凱基優選高股息30,4,0,4,土銀-嘉義,2024-08-22,1034
00688L,國泰20年美債正2,4,0,4,土銀-嘉義,2024-08-22,1034
1608,華榮,4,0,4,土銀-嘉義,2024-08-22,1034
2890,永豐金,4,0,4,土銀-嘉義,2024-08-22,1034
3339,泰谷,4,0,4,土銀-嘉義,2024-08-22,1034
3707,漢磊,4,0,4,土銀-嘉義,2024-08-22,1034
5309,系統電,4,0,4,土銀-嘉義,2024-08-22,1034
6125,廣運,6,2,4,土銀-嘉義,2024-08-22,1034
8064,東捷,6,2,4,土銀-嘉義,2024-08-22,1034
1522,堤維西,3,0,3,土銀-嘉義,2024-08-22,1034
00642U,期元大S＆P石油,3,0,3,土銀-嘉義,2024-08-22,1034
1584,精剛,10,7,3,土銀-嘉義,2024-08-22,1034
2610,華航,5,2,3,土銀-嘉義,2024-08-22,1034
1802,台玻,200,0,200,土銀-嘉義,2024-08-23,1034
00937B,群益ESG投等債20,191,0,191,土銀-嘉義,2024-08-23,1034
00687B,國泰20年美債,149,12,137,土銀-嘉義,2024-08-23,1034
00679B,元大美債20年,58,4,54,土銀-嘉義,2024-08-23,1034
00720B,元大投資級公司債,50,0,50,土銀-嘉義,2024-08-23,1034
2352,佳世達,40,0,40,土銀-嘉義,2024-08-23,1034
4716,大立,20,2,18,土銀-嘉義,2024-08-23,1034
2312,金寶,15,0,15,土銀-嘉義,2024-08-23,1034
2884,玉山金,15,0,15,土銀-嘉義,2024-08-23,1034
2891,中信金,18,3,15,土銀-嘉義,2024-08-23,1034
2883,凱基金,23,9,14,土銀-嘉義,2024-08-23,1034
2344,華邦電,16,3,13,土銀-嘉義,2024-08-23,1034
1303,南亞,11,0,11,土銀-嘉義,2024-08-23,1034
2736,富野,11,0,11,土銀-嘉義,2024-08-23,1034
2609,陽明,41,31,10,土銀-嘉義,2024-08-23,1034
00891,中信關鍵半導體,10,0,10,土銀-嘉義,2024-08-23,1034
2303,聯電,10,0,10,土銀-嘉義,2024-08-23,1034
4114,健喬,10,0,10,土銀-嘉義,2024-08-23,1034
1529,樂事綠能,10,1,9,土銀-嘉義,2024-08-23,1034
2323,中環,9,0,9,土銀-嘉義,2024-08-23,1034
2349,錸德,25,16,9,土銀-嘉義,2024-08-23,1034
5309,系統電,11,2,9,土銀-嘉義,2024-08-23,1034
2887,台新金,118,110,8,土銀-嘉義,2024-08-23,1034
5905,南仁湖,9,1,8,土銀-嘉義,2024-08-23,1034
2317,鴻海,15,9,6,土銀-嘉義,2024-08-23,1034
00740B,富邦全球投等債,6,0,6,土銀-嘉義,2024-08-23,1034
4576,大銀微系統,7,1,6,土銀-嘉義,2024-08-23,1034
00954,中信日本半導體,5,0,5,土銀-嘉義,2024-08-23,1034
2611,志信,5,0,5,土銀-嘉義,2024-08-23,1034
4906,正文,7,2,5,土銀-嘉義,2024-08-23,1034
6173,信昌電,5,0,5,土銀-嘉義,2024-08-23,1034
00680L,元大美債20正2,4,0,4,土銀-嘉義,2024-08-23,1034
1108,幸福,4,0,4,土銀-嘉義,2024-08-23,1034
1301,台塑,4,0,4,土銀-嘉義,2024-08-23,1034
1569,濱川,4,0,4,土銀-嘉義,2024-08-23,1034
2208,台船,4,0,4,土銀-嘉義,2024-08-23,1034
2328,廣宇,4,0,4,土銀-嘉義,2024-08-23,1034
2913,農林,4,0,4,土銀-嘉義,2024-08-23,1034
3163,波若威,4,0,4,土銀-嘉義,2024-08-23,1034
6753,龍德造船,4,0,4,土銀-嘉義,2024-08-23,1034
00936,台新永續高息中小,3,0,3,土銀-嘉義,2024-08-23,1034
1227,佳格,3,0,3,土銀-嘉義,2024-08-23,1034
1409,新纖,3,0,3,土銀-嘉義,2024-08-23,1034
2520,冠德,3,0,3,土銀-嘉義,2024-08-23,1034
4142,國光生,3,0,3,土銀-嘉義,2024-08-23,1034
4174,浩鼎,4,1,3,土銀-嘉義,2024-08-23,1034
4532,瑞智,3,0,3,土銀-嘉義,2024-08-23,1034
0056,元大高股息,2,0,2,土銀-嘉義,2024-08-23,1034
00795B,中信美國公債20年,2,0,2,土銀-嘉義,2024-08-23,1034
1326,台化,2,0,2,土銀-嘉義,2024-08-23,1034
00948B,中信優息投資級債,483,0,483,土銀-嘉義,2024-08-26,1034
2888,新光金,323,209,114,土銀-嘉義,2024-08-26,1034
00687B,國泰20年美債,63,1,62,土銀-嘉義,2024-08-26,1034
2303,聯電,42,0,42,土銀-嘉義,2024-08-26,1034
2882,國泰金,53,17,36,土銀-嘉義,2024-08-26,1034
2409,友達,36,10,26,土銀-嘉義,2024-08-26,1034
2375,凱美,20,0,20,土銀-嘉義,2024-08-26,1034
3050,鈺德,20,0,20,土銀-嘉義,2024-08-26,1034
2881,富邦金,23,6,17,土銀-嘉義,2024-08-26,1034
00893,國泰智能電動車,15,0,15,土銀-嘉義,2024-08-26,1034
00680L,元大美債20正2,18,4,14,土銀-嘉義,2024-08-26,1034
3580,友威科,14,0,14,土銀-嘉義,2024-08-26,1034
4513,福裕,14,0,14,土銀-嘉義,2024-08-26,1034
2331,精英,24,11,13,土銀-嘉義,2024-08-26,1034
00679B,元大美債20年,12,0,12,土銀-嘉義,2024-08-26,1034
3652,精聯,11,0,11,土銀-嘉義,2024-08-26,1034
8110,華東,10,0,10,土銀-嘉義,2024-08-26,1034
8354,冠好,10,0,10,土銀-嘉義,2024-08-26,1034
3522,御嵿,8,0,8,土銀-嘉義,2024-08-26,1034
5371,中光電,7,0,7,土銀-嘉義,2024-08-26,1034
2323,中環,9,2,7,土銀-嘉義,2024-08-26,1034
2618,長榮航,9,2,7,土銀-嘉義,2024-08-26,1034
2883,凱基金,255,248,7,土銀-嘉義,2024-08-26,1034
2891,中信金,9,2,7,土銀-嘉義,2024-08-26,1034
00753L,中信中國50正2,6,0,6,土銀-嘉義,2024-08-26,1034
1712,興農,6,0,6,土銀-嘉義,2024-08-26,1034
8105,凌巨,6,0,6,土銀-嘉義,2024-08-26,1034
2376,技嘉,8,3,5,土銀-嘉義,2024-08-26,1034
1570,力肯,5,0,5,土銀-嘉義,2024-08-26,1034
1718,中纖,5,0,5,土銀-嘉義,2024-08-26,1034
2349,錸德,12,7,5,土銀-嘉義,2024-08-26,1034
2429,銘旺科,6,1,5,土銀-嘉義,2024-08-26,1034
2834,臺企銀,5,0,5,土銀-嘉義,2024-08-26,1034
3390,旭軟,6,1,5,土銀-嘉義,2024-08-26,1034
6191,精成科,5,0,5,土銀-嘉義,2024-08-26,1034
8086,宏捷科,5,0,5,土銀-嘉義,2024-08-26,1034
00946,群益科技高息成長,4,0,4,土銀-嘉義,2024-08-26,1034
00936,台新永續高息中小,4,0,4,土銀-嘉義,2024-08-26,1034
1597,直得,4,0,4,土銀-嘉義,2024-08-26,1034
1776,展宇,4,0,4,土銀-嘉義,2024-08-26,1034
2383,台光電,5,1,4,土銀-嘉義,2024-08-26,1034
2501,國建,4,0,4,土銀-嘉義,2024-08-26,1034
4743,合一,4,0,4,土銀-嘉義,2024-08-26,1034
5481,新華,5,1,4,土銀-嘉義,2024-08-26,1034
6207,雷科,5,1,4,土銀-嘉義,2024-08-26,1034
8039,台虹,37,33,4,土銀-嘉義,2024-08-26,1034
3583,辛耘,4,1,3,土銀-嘉義,2024-08-26,1034
00929,復華台灣科技優息,4,1,3,土銀-嘉義,2024-08-26,1034
1325,恆大,3,0,3,土銀-嘉義,2024-08-26,1034
1711,永光,7,4,3,土銀-嘉義,2024-08-26,1034
00687B,國泰20年美債,194,14,180,土銀-嘉義,2024-08-27,1034
2891,中信金,47,2,45,土銀-嘉義,2024-08-27,1034
00679B,元大美債20年,43,2,41,土銀-嘉義,2024-08-27,1034
2883,凱基金,29,0,29,土銀-嘉義,2024-08-27,1034
2882,國泰金,21,0,21,土銀-嘉義,2024-08-27,1034
1314,中石化,20,0,20,土銀-嘉義,2024-08-27,1034
4979,華星光,21,3,18,土銀-嘉義,2024-08-27,1034
00940,元大台灣價值高息,17,0,17,土銀-嘉義,2024-08-27,1034
2399,映泰,27,11,16,土銀-嘉義,2024-08-27,1034
2609,陽明,17,3,14,土銀-嘉義,2024-08-27,1034
2615,萬海,15,1,14,土銀-嘉義,2024-08-27,1034
00772B,中信高評級公司債,11,0,11,土銀-嘉義,2024-08-27,1034
2353,宏��,11,0,11,土銀-嘉義,2024-08-27,1034
2610,華航,11,0,11,土銀-嘉義,2024-08-27,1034
3339,泰谷,11,0,11,土銀-嘉義,2024-08-27,1034
1540,喬福,16,6,10,土銀-嘉義,2024-08-27,1034
00680L,元大美債20正2,10,0,10,土銀-嘉義,2024-08-27,1034
00673R,期元大S＆P原油反1,10,0,10,土銀-嘉義,2024-08-27,1034
2344,華邦電,10,0,10,土銀-嘉義,2024-08-27,1034
4114,健喬,10,0,10,土銀-嘉義,2024-08-27,1034
4967,十銓,10,0,10,土銀-嘉義,2024-08-27,1034
6505,台塑化,10,0,10,土銀-嘉義,2024-08-27,1034
8111,立��,10,0,10,土銀-嘉義,2024-08-27,1034
9105,泰金寶-DR,10,0,10,土銀-嘉義,2024-08-27,1034
2603,長榮,10,0,10,土銀-嘉義,2024-08-27,1034
6207,雷科,10,1,9,土銀-嘉義,2024-08-27,1034
8034,榮群,8,0,8,土銀-嘉義,2024-08-27,1034
3484,崧騰,7,0,7,土銀-嘉義,2024-08-27,1034
1325,恆大,6,0,6,土銀-嘉義,2024-08-27,1034
2352,佳世達,6,0,6,土銀-嘉義,2024-08-27,1034
2887,台新金,6,0,6,土銀-嘉義,2024-08-27,1034
4576,大銀微系統,6,0,6,土銀-嘉義,2024-08-27,1034
4924,欣厚-KY,6,0,6,土銀-嘉義,2024-08-27,1034
1504,東元,5,0,5,土銀-嘉義,2024-08-27,1034
1722,台肥,5,0,5,土銀-嘉義,2024-08-27,1034
2208,台船,5,0,5,土銀-嘉義,2024-08-27,1034
2489,瑞軒,5,0,5,土銀-嘉義,2024-08-27,1034
4912,聯德控股-KY,5,0,5,土銀-嘉義,2024-08-27,1034
5425,台半,5,0,5,土銀-嘉義,2024-08-27,1034
00878,國泰永續高股息,4,0,4,土銀-嘉義,2024-08-27,1034
2465,麗臺,4,0,4,土銀-嘉義,2024-08-27,1034
3033,威健,4,0,4,土銀-嘉義,2024-08-27,1034
3689,湧德,4,0,4,土銀-嘉義,2024-08-27,1034
3706,神達,4,0,4,土銀-嘉義,2024-08-27,1034
2382,廣達,4,1,3,土銀-嘉義,2024-08-27,1034
00919,群益台灣精選高息,3,0,3,土銀-嘉義,2024-08-27,1034
00934,中信成長高股息,3,0,3,土銀-嘉義,2024-08-27,1034
2376,技嘉,3,0,3,土銀-嘉義,2024-08-27,1034
3550,聯穎,4,1,3,土銀-嘉義,2024-08-27,1034
3673,TPK-KY,3,0,3,土銀-嘉義,2024-08-27,1034
8064,東捷,80,5,75,土銀-嘉義,2024-08-28,1034
00632R,元大台灣50反1,70,0,70,土銀-嘉義,2024-08-28,1034
2409,友達,23,0,23,土銀-嘉義,2024-08-28,1034
00679B,元大美債20年,21,0,21,土銀-嘉義,2024-08-28,1034
2313,華通,26,7,19,土銀-嘉義,2024-08-28,1034
2352,佳世達,15,0,15,土銀-嘉義,2024-08-28,1034
2399,映泰,17,2,15,土銀-嘉義,2024-08-28,1034
2609,陽明,14,0,14,土銀-嘉義,2024-08-28,1034
9105,泰金寶-DR,25,11,14,土銀-嘉義,2024-08-28,1034
2891,中信金,12,0,12,土銀-嘉義,2024-08-28,1034
8111,立��,12,0,12,土銀-嘉義,2024-08-28,1034
00753L,中信中國50正2,10,0,10,土銀-嘉義,2024-08-28,1034
2887,台新金,10,0,10,土銀-嘉義,2024-08-28,1034
3580,友威科,16,6,10,土銀-嘉義,2024-08-28,1034
1314,中石化,10,1,9,土銀-嘉義,2024-08-28,1034
2495,普安,8,0,8,土銀-嘉義,2024-08-28,1034
2890,永豐金,8,0,8,土銀-嘉義,2024-08-28,1034
3078,僑威,8,0,8,土銀-嘉義,2024-08-28,1034
8028,昇陽半導體,9,1,8,土銀-嘉義,2024-08-28,1034
2543,皇昌,8,1,7,土銀-嘉義,2024-08-28,1034
8039,台虹,23,16,7,土銀-嘉義,2024-08-28,1034
1504,東元,6,0,6,土銀-嘉義,2024-08-28,1034
2515,中工,6,0,6,土銀-嘉義,2024-08-28,1034
2882,國泰金,6,0,6,土銀-嘉義,2024-08-28,1034
4532,瑞智,6,0,6,土銀-嘉義,2024-08-28,1034
8105,凌巨,6,0,6,土銀-嘉義,2024-08-28,1034
00795B,中信美國公債20年,5,0,5,土銀-嘉義,2024-08-28,1034
2337,旺宏,5,0,5,土銀-嘉義,2024-08-28,1034
2340,台亞,5,0,5,土銀-嘉義,2024-08-28,1034
2489,瑞軒,5,0,5,土銀-嘉義,2024-08-28,1034
2883,凱基金,5,0,5,土銀-嘉義,2024-08-28,1034
4903,聯光通,5,0,5,土銀-嘉義,2024-08-28,1034
2886,兆豐金,4,0,4,土銀-嘉義,2024-08-28,1034
1608,華榮,4,0,4,土銀-嘉義,2024-08-28,1034
00693U,期街口S＆P黃豆,4,0,4,土銀-嘉義,2024-08-28,1034
00637L,元大滬深300正2,9,5,4,土銀-嘉義,2024-08-28,1034
1785,光洋科,7,3,4,土銀-嘉義,2024-08-28,1034
3010,華立,5,1,4,土銀-嘉義,2024-08-28,1034
5386,青雲,5,1,4,土銀-嘉義,2024-08-28,1034
2301,光寶科,3,0,3,土銀-嘉義,2024-08-28,1034
1301,台塑,3,0,3,土銀-嘉義,2024-08-28,1034
1609,大亞,3,0,3,土銀-嘉義,2024-08-28,1034
2324,仁寶,4,1,3,土銀-嘉義,2024-08-28,1034
2349,錸德,7,4,3,土銀-嘉義,2024-08-28,1034
2401,凌陽,3,0,3,土銀-嘉義,2024-08-28,1034
2845,遠東銀,3,0,3,土銀-嘉義,2024-08-28,1034
2880,華南金,4,1,3,土銀-嘉義,2024-08-28,1034
3374,精材,9,6,3,土銀-嘉義,2024-08-28,1034
3490,單井,3,0,3,土銀-嘉義,2024-08-28,1034
3557,嘉威,3,0,3,土銀-嘉義,2024-08-28,1034
00687B,國泰20年美債,692,12,680,土銀-嘉義,2024-08-29,1034
2867,三商壽,110,0,110,土銀-嘉義,2024-08-29,1034
1802,台玻,100,0,100,土銀-嘉義,2024-08-29,1034
2891,中信金,89,0,89,土銀-嘉義,2024-08-29,1034
00679B,元大美債20年,55,0,55,土銀-嘉義,2024-08-29,1034
00937B,群益ESG投等債20,53,0,53,土銀-嘉義,2024-08-29,1034
2353,宏��,51,0,51,土銀-嘉義,2024-08-29,1034
2888,新光金,71,33,38,土銀-嘉義,2024-08-29,1034
6505,台塑化,33,0,33,土銀-嘉義,2024-08-29,1034
3050,鈺德,20,0,20,土銀-嘉義,2024-08-29,1034
3550,聯穎,20,0,20,土銀-嘉義,2024-08-29,1034
3450,聯鈞,42,26,16,土銀-嘉義,2024-08-29,1034
8064,東捷,27,11,16,土銀-嘉義,2024-08-29,1034
2330,台積電,19,4,15,土銀-嘉義,2024-08-29,1034
3481,群創,23,12,11,土銀-嘉義,2024-08-29,1034
2349,錸德,11,0,11,土銀-嘉義,2024-08-29,1034
2887,台新金,11,0,11,土銀-嘉義,2024-08-29,1034
4174,浩鼎,11,0,11,土銀-嘉義,2024-08-29,1034
00948B,中信優息投資級債,10,0,10,土銀-嘉義,2024-08-29,1034
0056,元大高股息,10,0,10,土銀-嘉義,2024-08-29,1034
4114,健喬,10,0,10,土銀-嘉義,2024-08-29,1034
2317,鴻海,23,13,10,土銀-嘉義,2024-08-29,1034
4109,加捷生醫,12,4,8,土銀-嘉義,2024-08-29,1034
5272,笙科,8,0,8,土銀-嘉義,2024-08-29,1034
2610,華航,7,0,7,土銀-嘉義,2024-08-29,1034
3019,亞光,7,0,7,土銀-嘉義,2024-08-29,1034
00680L,元大美債20正2,6,0,6,土銀-嘉義,2024-08-29,1034
00795B,中信美國公債20年,6,0,6,土銀-嘉義,2024-08-29,1034
2426,鼎元,20,14,6,土銀-嘉義,2024-08-29,1034
3645,達邁,6,0,6,土銀-嘉義,2024-08-29,1034
2515,中工,5,0,5,土銀-嘉義,2024-08-29,1034
2851,中再保,5,0,5,土銀-嘉義,2024-08-29,1034
3047,訊舟,8,3,5,土銀-嘉義,2024-08-29,1034
4903,聯光通,5,0,5,土銀-嘉義,2024-08-29,1034
6603,富強鑫,9,4,5,土銀-嘉義,2024-08-29,1034
2382,廣達,5,1,4,土銀-嘉義,2024-08-29,1034
00878,國泰永續高股息,4,0,4,土銀-嘉義,2024-08-29,1034
00740B,富邦全球投等債,4,0,4,土銀-嘉義,2024-08-29,1034
1721,三晃,4,0,4,土銀-嘉義,2024-08-29,1034
2428,興勤,4,0,4,土銀-嘉義,2024-08-29,1034
3163,波若威,15,11,4,土銀-嘉義,2024-08-29,1034
2409,友達,3,0,3,土銀-嘉義,2024-08-29,1034
00696B,富邦美債20年,3,0,3,土銀-嘉義,2024-08-29,1034
00900,富邦特選高股息30,3,0,3,土銀-嘉義,2024-08-29,1034
00919,群益台灣精選高息,3,0,3,土銀-嘉義,2024-08-29,1034
00941,中信上游半導體,3,0,3,土銀-嘉義,2024-08-29,1034
2103,台橡,3,0,3,土銀-嘉義,2024-08-29,1034
2356,英業達,3,0,3,土銀-嘉義,2024-08-29,1034
2408,南亞科,5,2,3,土銀-嘉義,2024-08-29,1034
2449,京元電子,4,1,3,土銀-嘉義,2024-08-29,1034
6770,力積電,103,0,103,土銀-嘉義,2024-08-30,1034
1802,台玻,100,0,100,土銀-嘉義,2024-08-30,1034
00929,復華台灣科技優息,55,6,49,土銀-嘉義,2024-08-30,1034
6120,達運,25,1,24,土銀-嘉義,2024-08-30,1034
00878,國泰永續高股息,22,0,22,土銀-嘉義,2024-08-30,1034
1314,中石化,22,0,22,土銀-嘉義,2024-08-30,1034
4716,大立,22,0,22,土銀-嘉義,2024-08-30,1034
3450,聯鈞,37,17,20,土銀-嘉義,2024-08-30,1034
2883,凱基金,18,0,18,土銀-嘉義,2024-08-30,1034
00959B,大華投等美債15Y+,17,0,17,土銀-嘉義,2024-08-30,1034
4906,正文,14,0,14,土銀-嘉義,2024-08-30,1034
3481,群創,20,7,13,土銀-嘉義,2024-08-30,1034
00932,兆豐永續高息等權,12,0,12,土銀-嘉義,2024-08-30,1034
2882,國泰金,17,5,12,土銀-嘉義,2024-08-30,1034
8064,東捷,13,1,12,土銀-嘉義,2024-08-30,1034
00881,國泰台灣5G+,13,1,12,土銀-嘉義,2024-08-30,1034
00915,凱基優選高股息30,11,0,11,土銀-嘉義,2024-08-30,1034
00892,富邦台灣半導體,10,0,10,土銀-嘉義,2024-08-30,1034
00919,群益台灣精選高息,13,3,10,土銀-嘉義,2024-08-30,1034
006208,富邦台50,10,0,10,土銀-嘉義,2024-08-30,1034
1540,喬福,16,6,10,土銀-嘉義,2024-08-30,1034
1514,亞力,10,0,10,土銀-嘉義,2024-08-30,1034
2002,中鋼,10,0,10,土銀-嘉義,2024-08-30,1034
2385,群光,10,0,10,土銀-嘉義,2024-08-30,1034
2888,新光金,32,22,10,土銀-嘉義,2024-08-30,1034
3050,鈺德,10,0,10,土銀-嘉義,2024-08-30,1034
3580,友威科,12,2,10,土銀-嘉義,2024-08-30,1034
3714,富采,10,0,10,土銀-嘉義,2024-08-30,1034
2312,金寶,13,4,9,土銀-嘉義,2024-08-30,1034
1504,東元,6,0,6,土銀-嘉義,2024-08-30,1034
2323,中環,6,0,6,土銀-嘉義,2024-08-30,1034
3078,僑威,6,0,6,土銀-嘉義,2024-08-30,1034
4979,華星光,16,10,6,土銀-嘉義,2024-08-30,1034
6177,達麗,6,0,6,土銀-嘉義,2024-08-30,1034
6269,台郡,7,1,6,土銀-嘉義,2024-08-30,1034
2317,鴻海,7,1,6,土銀-嘉義,2024-08-30,1034
1584,精剛,5,0,5,土銀-嘉義,2024-08-30,1034
00679B,元大美債20年,5,0,5,土銀-嘉義,2024-08-30,1034
2349,錸德,5,0,5,土銀-嘉義,2024-08-30,1034
2409,友達,5,0,5,土銀-嘉義,2024-08-30,1034
2453,凌群,5,0,5,土銀-嘉義,2024-08-30,1034
2886,兆豐金,5,0,5,土銀-嘉義,2024-08-30,1034
3031,佰鴻,5,0,5,土銀-嘉義,2024-08-30,1034
6215,和椿,5,0,5,土銀-嘉義,2024-08-30,1034
8046,南電,5,0,5,土銀-嘉義,2024-08-30,1034
1301,台塑,6,2,4,土銀-嘉義,2024-08-30,1034
00945B,凱基美國非投等債,4,0,4,土銀-嘉義,2024-08-30,1034
1711,永光,25,21,4,土銀-嘉義,2024-08-30,1034
2313,華通,9,5,4,土銀-嘉義,2024-08-30,1034
2408,南亞科,6,2,4,土銀-嘉義,2024-08-30,1034
2867,三商壽,200,0,200,土銀-嘉義,2024-09-02,1034
2888,新光金,168,14,154,土銀-嘉義,2024-09-02,1034
6770,力積電,104,0,104,土銀-嘉義,2024-09-02,1034
00687B,國泰20年美債,95,0,95,土銀-嘉義,2024-09-02,1034
00679B,元大美債20年,52,0,52,土銀-嘉義,2024-09-02,1034
2609,陽明,38,0,38,土銀-嘉義,2024-09-02,1034
00940,元大台灣價值高息,35,0,35,土銀-嘉義,2024-09-02,1034
3576,聯合再生,30,0,30,土銀-嘉義,2024-09-02,1034
6505,台塑化,30,0,30,土銀-嘉義,2024-09-02,1034
3481,群創,26,0,26,土銀-嘉義,2024-09-02,1034
00665L,富邦�琤肭磪囓�2,24,0,24,土銀-嘉義,2024-09-02,1034
1609,大亞,21,0,21,土銀-嘉義,2024-09-02,1034
00688L,國泰20年美債正2,20,0,20,土銀-嘉義,2024-09-02,1034
2313,華通,24,5,19,土銀-嘉義,2024-09-02,1034
3580,友威科,15,0,15,土銀-嘉義,2024-09-02,1034
1301,台塑,14,0,14,土銀-嘉義,2024-09-02,1034
00937B,群益ESG投等債20,12,0,12,土銀-嘉義,2024-09-02,1034
2501,國建,13,1,12,土銀-嘉義,2024-09-02,1034
1709,和益,13,2,11,土銀-嘉義,2024-09-02,1034
00830,國泰費城半導體,10,0,10,土銀-嘉義,2024-09-02,1034
00935,野村臺灣新科技50,10,0,10,土銀-嘉義,2024-09-02,1034
1722,台肥,10,0,10,土銀-嘉義,2024-09-02,1034
2371,大同,12,2,10,土銀-嘉義,2024-09-02,1034
2834,臺企銀,10,0,10,土銀-嘉義,2024-09-02,1034
5880,合庫金,10,0,10,土銀-嘉義,2024-09-02,1034
8111,立��,10,0,10,土銀-嘉義,2024-09-02,1034
00919,群益台灣精選高息,8,0,8,土銀-嘉義,2024-09-02,1034
2312,金寶,9,1,8,土銀-嘉義,2024-09-02,1034
8034,榮群,8,0,8,土銀-嘉義,2024-09-02,1034
8147,正淩,9,1,8,土銀-嘉義,2024-09-02,1034
2603,長榮,8,0,8,土銀-嘉義,2024-09-02,1034
2303,聯電,8,1,7,土銀-嘉義,2024-09-02,1034
2352,佳世達,11,4,7,土銀-嘉義,2024-09-02,1034
2891,中信金,7,0,7,土銀-嘉義,2024-09-02,1034
3484,崧騰,7,0,7,土銀-嘉義,2024-09-02,1034
2851,中再保,6,0,6,土銀-嘉義,2024-09-02,1034
3284,太普高,6,0,6,土銀-嘉義,2024-09-02,1034
5512,力麒,6,0,6,土銀-嘉義,2024-09-02,1034
6213,聯茂,6,0,6,土銀-嘉義,2024-09-02,1034
1303,南亞,5,0,5,土銀-嘉義,2024-09-02,1034
00715L,期街口布蘭特正2,5,0,5,土銀-嘉義,2024-09-02,1034
00878,國泰永續高股息,5,0,5,土銀-嘉義,2024-09-02,1034
00959B,大華投等美債15Y+,5,0,5,土銀-嘉義,2024-09-02,1034
00948B,中信優息投資級債,5,0,5,土銀-嘉義,2024-09-02,1034
2486,一詮,5,0,5,土銀-嘉義,2024-09-02,1034
1229,聯華,4,0,4,土銀-嘉義,2024-09-02,1034
1712,興農,4,0,4,土銀-嘉義,2024-09-02,1034
1785,光洋科,10,6,4,土銀-嘉義,2024-09-02,1034
2002,中鋼,4,0,4,土銀-嘉義,2024-09-02,1034
3390,旭軟,7,3,4,土銀-嘉義,2024-09-02,1034
00650L,復華香港正2,642,160,482,土銀-嘉義,2024-09-03,1034
00919,群益台灣精選高息,137,10,127,土銀-嘉義,2024-09-03,1034
00918,大華優利高填息30,92,0,92,土銀-嘉義,2024-09-03,1034
1802,台玻,82,0,82,土銀-嘉義,2024-09-03,1034
6770,力積電,54,0,54,土銀-嘉義,2024-09-03,1034
00933B,國泰10Y+金融債,40,0,40,土銀-嘉義,2024-09-03,1034
00688L,國泰20年美債正2,38,0,38,土銀-嘉義,2024-09-03,1034
3609,三一東林,35,0,35,土銀-嘉義,2024-09-03,1034
1314,中石化,37,5,32,土銀-嘉義,2024-09-03,1034
1447,力鵬,30,0,30,土銀-嘉義,2024-09-03,1034
00679B,元大美債20年,35,6,29,土銀-嘉義,2024-09-03,1034
2537,聯上發,30,2,28,土銀-嘉義,2024-09-03,1034
00937B,群益ESG投等債20,25,0,25,土銀-嘉義,2024-09-03,1034
00878,國泰永續高股息,20,0,20,土銀-嘉義,2024-09-03,1034
3686,達能,20,0,20,土銀-嘉義,2024-09-03,1034
2002,中鋼,18,0,18,土銀-嘉義,2024-09-03,1034
1303,南亞,17,0,17,土銀-嘉義,2024-09-03,1034
2344,華邦電,17,0,17,土銀-嘉義,2024-09-03,1034
1101,台泥,14,0,14,土銀-嘉義,2024-09-03,1034
3450,聯鈞,34,21,13,土銀-嘉義,2024-09-03,1034
1301,台塑,12,0,12,土銀-嘉義,2024-09-03,1034
00830,國泰費城半導體,10,0,10,土銀-嘉義,2024-09-03,1034
6167,久正,10,0,10,土銀-嘉義,2024-09-03,1034
00892,富邦台灣半導體,9,0,9,土銀-嘉義,2024-09-03,1034
00713,元大台灣高息低波,7,0,7,土銀-嘉義,2024-09-03,1034
2241,艾姆勒,7,0,7,土銀-嘉義,2024-09-03,1034
3149,正達,6,0,6,土銀-嘉義,2024-09-03,1034
1776,展宇,5,0,5,土銀-嘉義,2024-09-03,1034
4919,新唐,5,0,5,土銀-嘉義,2024-09-03,1034
4960,誠美材,5,0,5,土銀-嘉義,2024-09-03,1034
4967,十銓,6,1,5,土銀-嘉義,2024-09-03,1034
5309,系統電,5,0,5,土銀-嘉義,2024-09-03,1034
6213,聯茂,11,6,5,土銀-嘉義,2024-09-03,1034
6578,達邦蛋白,5,0,5,土銀-嘉義,2024-09-03,1034
00946,群益科技高息成長,4,0,4,土銀-嘉義,2024-09-03,1034
2349,錸德,4,0,4,土銀-嘉義,2024-09-03,1034
2449,京元電子,4,0,4,土銀-嘉義,2024-09-03,1034
2547,日勝生,4,0,4,土銀-嘉義,2024-09-03,1034
2891,中信金,4,0,4,土銀-嘉義,2024-09-03,1034
4109,加捷生醫,4,0,4,土銀-嘉義,2024-09-03,1034
8027,鈦昇,19,15,4,土銀-嘉義,2024-09-03,1034
1536,和大,5,2,3,土銀-嘉義,2024-09-03,1034
1722,台肥,3,0,3,土銀-嘉義,2024-09-03,1034
2103,台橡,3,0,3,土銀-嘉義,2024-09-03,1034
2501,國建,4,1,3,土銀-嘉義,2024-09-03,1034
2520,冠德,3,0,3,土銀-嘉義,2024-09-03,1034
3062,建漢,9,6,3,土銀-嘉義,2024-09-03,1034
4510,高鋒,8,5,3,土銀-嘉義,2024-09-03,1034
6168,宏齊,3,0,3,土銀-嘉義,2024-09-03,1034
00929,復華台灣科技優息,41,39,2,土銀-嘉義,2024-09-03,1034
2801,彰銀,400,200,200,土銀-嘉義,2024-09-04,1034
6770,力積電,108,0,108,土銀-嘉義,2024-09-04,1034
1802,台玻,100,0,100,土銀-嘉義,2024-09-04,1034
00919,群益台灣精選高息,112,13,99,土銀-嘉義,2024-09-04,1034
2883,凱基金,60,0,60,土銀-嘉義,2024-09-04,1034
00918,大華優利高填息30,52,0,52,土銀-嘉義,2024-09-04,1034
00878,國泰永續高股息,59,7,52,土銀-嘉義,2024-09-04,1034
00940,元大台灣價值高息,71,23,48,土銀-嘉義,2024-09-04,1034
2409,友達,52,6,46,土銀-嘉義,2024-09-04,1034
2880,華南金,41,0,41,土銀-嘉義,2024-09-04,1034
1303,南亞,36,4,32,土銀-嘉義,2024-09-04,1034
00923,群益台ESG低碳50,28,0,28,土銀-嘉義,2024-09-04,1034
006208,富邦台50,25,1,24,土銀-嘉義,2024-09-04,1034
00915,凱基優選高股息30,24,0,24,土銀-嘉義,2024-09-04,1034
2891,中信金,25,1,24,土銀-嘉義,2024-09-04,1034
1326,台化,24,2,22,土銀-嘉義,2024-09-04,1034
1314,中石化,20,0,20,土銀-嘉義,2024-09-04,1034
5905,南仁湖,20,0,20,土銀-嘉義,2024-09-04,1034
2002,中鋼,28,9,19,土銀-嘉義,2024-09-04,1034
1301,台塑,23,5,18,土銀-嘉義,2024-09-04,1034
0056,元大高股息,17,0,17,土銀-嘉義,2024-09-04,1034
00931B,統一美債20年,22,7,15,土銀-嘉義,2024-09-04,1034
1227,佳格,15,0,15,土銀-嘉義,2024-09-04,1034
3050,鈺德,15,0,15,土銀-嘉義,2024-09-04,1034
3230,錦明,15,0,15,土銀-嘉義,2024-09-04,1034
3037,欣興,16,1,15,土銀-嘉義,2024-09-04,1034
3481,群創,20,6,14,土銀-嘉義,2024-09-04,1034
00642U,期元大S＆P石油,14,0,14,土銀-嘉義,2024-09-04,1034
00687B,國泰20年美債,34,20,14,土銀-嘉義,2024-09-04,1034
2330,台積電,19,5,14,土銀-嘉義,2024-09-04,1034
00929,復華台灣科技優息,49,35,14,土銀-嘉義,2024-09-04,1034
3149,正達,17,5,12,土銀-嘉義,2024-09-04,1034
3580,友威科,32,20,12,土銀-嘉義,2024-09-04,1034
2887,台新金,12,0,12,土銀-嘉義,2024-09-04,1034
00934,中信成長高股息,11,0,11,土銀-嘉義,2024-09-04,1034
4532,瑞智,11,0,11,土銀-嘉義,2024-09-04,1034
1714,和桐,10,0,10,土銀-嘉義,2024-09-04,1034
2014,中鴻,10,0,10,土銀-嘉義,2024-09-04,1034
2103,台橡,10,0,10,土銀-嘉義,2024-09-04,1034
2385,群光,10,0,10,土銀-嘉義,2024-09-04,1034
2537,聯上發,10,0,10,土銀-嘉義,2024-09-04,1034
2883B,凱基金乙特,10,0,10,土銀-嘉義,2024-09-04,1034
8929,富堡,10,0,10,土銀-嘉義,2024-09-04,1034
9105,泰金寶-DR,20,10,10,土銀-嘉義,2024-09-04,1034
2317,鴻海,23,14,9,土銀-嘉義,2024-09-04,1034
00881,國泰台灣5G+,9,0,9,土銀-嘉義,2024-09-04,1034
1734,杏輝,9,0,9,土銀-嘉義,2024-09-04,1034
2367,燿華,14,5,9,土銀-嘉義,2024-09-04,1034
4303,信立,10,1,9,土銀-嘉義,2024-09-04,1034
2382,廣達,11,3,8,土銀-嘉義,2024-09-04,1034
00676R,富邦臺灣加權反1,400,0,400,土銀-嘉義,2024-09-05,1034
1802,台玻,101,0,101,土銀-嘉義,2024-09-05,1034
2897,王道銀行,100,0,100,土銀-嘉義,2024-09-05,1034
3481,群創,55,2,53,土銀-嘉義,2024-09-05,1034
00632R,元大台灣50反1,50,0,50,土銀-嘉義,2024-09-05,1034
6505,台塑化,45,0,45,土銀-嘉義,2024-09-05,1034
00919,群益台灣精選高息,57,15,42,土銀-嘉義,2024-09-05,1034
2882,國泰金,50,17,33,土銀-嘉義,2024-09-05,1034
2002,中鋼,30,2,28,土銀-嘉義,2024-09-05,1034
1303,南亞,29,5,24,土銀-嘉義,2024-09-05,1034
00952,凱基台灣AI50,23,0,23,土銀-嘉義,2024-09-05,1034
2344,華邦電,28,5,23,土銀-嘉義,2024-09-05,1034
3580,友威科,21,0,21,土銀-嘉義,2024-09-05,1034
00940,元大台灣價值高息,18,0,18,土銀-嘉義,2024-09-05,1034
2881,富邦金,30,12,18,土銀-嘉義,2024-09-05,1034
00715L,期街口布蘭特正2,15,0,15,土銀-嘉義,2024-09-05,1034
00881,國泰台灣5G+,13,0,13,土銀-嘉義,2024-09-05,1034
3231,緯創,15,2,13,土銀-嘉義,2024-09-05,1034
00959B,大華投等美債15Y+,12,0,12,土銀-嘉義,2024-09-05,1034
2349,錸德,11,0,11,土銀-嘉義,2024-09-05,1034
4576,大銀微系統,12,1,11,土銀-嘉義,2024-09-05,1034
1305,華夏,10,0,10,土銀-嘉義,2024-09-05,1034
00946,群益科技高息成長,10,0,10,土銀-嘉義,2024-09-05,1034
00945B,凱基美國非投等債,10,0,10,土銀-嘉義,2024-09-05,1034
6127,九豪,10,0,10,土銀-嘉義,2024-09-05,1034
8341,日友,10,0,10,土銀-嘉義,2024-09-05,1034
1325,恆大,9,0,9,土銀-嘉義,2024-09-05,1034
6770,力積電,9,0,9,土銀-嘉義,2024-09-05,1034
2317,鴻海,18,9,9,土銀-嘉義,2024-09-05,1034
2313,華通,8,0,8,土銀-嘉義,2024-09-05,1034
2393,億光,8,0,8,土銀-嘉義,2024-09-05,1034
8070,長華*,9,1,8,土銀-嘉義,2024-09-05,1034
2408,南亞科,7,0,7,土銀-嘉義,2024-09-05,1034
00929,復華台灣科技優息,7,0,7,土銀-嘉義,2024-09-05,1034
5905,南仁湖,9,2,7,土銀-嘉義,2024-09-05,1034
3037,欣興,8,2,6,土銀-嘉義,2024-09-05,1034
00941,中信上游半導體,6,0,6,土銀-嘉義,2024-09-05,1034
1314,中石化,6,0,6,土銀-嘉義,2024-09-05,1034
6213,聯茂,7,1,6,土銀-嘉義,2024-09-05,1034
6284,佳邦,6,0,6,土銀-嘉義,2024-09-05,1034
8374,羅昇,33,27,6,土銀-嘉義,2024-09-05,1034
00915,凱基優選高股息30,7,1,6,土銀-嘉義,2024-09-05,1034
00878,國泰永續高股息,10,5,5,土銀-嘉義,2024-09-05,1034
00655L,國泰中國A50正2,10,5,5,土銀-嘉義,2024-09-05,1034
00830,國泰費城半導體,5,0,5,土銀-嘉義,2024-09-05,1034
00675L,富邦臺灣加權正2,5,0,5,土銀-嘉義,2024-09-05,1034
1583,程泰,5,0,5,土銀-嘉義,2024-09-05,1034
1711,永光,12,7,5,土銀-嘉義,2024-09-05,1034
2103,台橡,5,0,5,土銀-嘉義,2024-09-05,1034
3019,亞光,7,2,5,土銀-嘉義,2024-09-05,1034
2888,新光金,100,2,98,土銀-嘉義,2024-09-06,1034
00679B,元大美債20年,96,7,89,土銀-嘉義,2024-09-06,1034
1802,台玻,100,20,80,土銀-嘉義,2024-09-06,1034
00687B,國泰20年美債,86,8,78,土銀-嘉義,2024-09-06,1034
00929,復華台灣科技優息,68,20,48,土銀-嘉義,2024-09-06,1034
6505,台塑化,27,0,27,土銀-嘉義,2024-09-06,1034
00665L,富邦�琤肭磪囓�2,26,0,26,土銀-嘉義,2024-09-06,1034
1605,華新,30,9,21,土銀-嘉義,2024-09-06,1034
2891,中信金,21,0,21,土銀-嘉義,2024-09-06,1034
00632R,元大台灣50反1,20,0,20,土銀-嘉義,2024-09-06,1034
1616,億泰,20,0,20,土銀-嘉義,2024-09-06,1034
5512,力麒,20,0,20,土銀-嘉義,2024-09-06,1034
6706,惠特,23,3,20,土銀-嘉義,2024-09-06,1034
2618,長榮航,16,0,16,土銀-嘉義,2024-09-06,1034
00712,復華富時不動產,15,0,15,土銀-嘉義,2024-09-06,1034
3062,建漢,15,0,15,土銀-嘉義,2024-09-06,1034
3580,友威科,15,0,15,土銀-嘉義,2024-09-06,1034
4938,和碩,15,0,15,土銀-嘉義,2024-09-06,1034
3714,富采,13,0,13,土銀-嘉義,2024-09-06,1034
00918,大華優利高填息30,12,0,12,土銀-嘉義,2024-09-06,1034
3354,律勝,12,0,12,土銀-嘉義,2024-09-06,1034
00941,中信上游半導體,10,0,10,土銀-嘉義,2024-09-06,1034
8097,常珵,10,0,10,土銀-嘉義,2024-09-06,1034
2382,廣達,15,5,10,土銀-嘉義,2024-09-06,1034
6770,力積電,10,1,9,土銀-嘉義,2024-09-06,1034
2349,錸德,11,4,7,土銀-嘉義,2024-09-06,1034
3609,三一東林,7,0,7,土銀-嘉義,2024-09-06,1034
4566,時碩工業,7,0,7,土銀-嘉義,2024-09-06,1034
5905,南仁湖,16,9,7,土銀-嘉義,2024-09-06,1034
2881,富邦金,10,4,6,土銀-嘉義,2024-09-06,1034
00882,中信中國高股息,6,0,6,土銀-嘉義,2024-09-06,1034
2464,盟立,6,0,6,土銀-嘉義,2024-09-06,1034
2610,華航,7,1,6,土銀-嘉義,2024-09-06,1034
3058,立德,6,0,6,土銀-嘉義,2024-09-06,1034
3230,錦明,6,0,6,土銀-嘉義,2024-09-06,1034
3484,崧騰,6,0,6,土銀-嘉義,2024-09-06,1034
00830,國泰費城半導體,5,0,5,土銀-嘉義,2024-09-06,1034
00715L,期街口布蘭特正2,5,0,5,土銀-嘉義,2024-09-06,1034
3437,榮創,10,5,5,土銀-嘉義,2024-09-06,1034
3583,辛耘,4,0,4,土銀-嘉義,2024-09-06,1034
0056,元大高股息,4,0,4,土銀-嘉義,2024-09-06,1034
1314,中石化,4,0,4,土銀-嘉義,2024-09-06,1034
1711,永光,4,0,4,土銀-嘉義,2024-09-06,1034
5210,寶碩,4,0,4,土銀-嘉義,2024-09-06,1034
00946,群益科技高息成長,3,0,3,土銀-嘉義,2024-09-06,1034
1301,台塑,3,0,3,土銀-嘉義,2024-09-06,1034
1227,佳格,3,0,3,土銀-嘉義,2024-09-06,1034
1524,耿鼎,4,1,3,土銀-嘉義,2024-09-06,1034
1609,大亞,3,0,3,土銀-嘉義,2024-09-06,1034
1611,中電,3,0,3,土銀-嘉義,2024-09-06,1034
00650L,復華香港正2,200,100,100,土銀-嘉義,2024-09-09,1034
00918,大華優利高填息30,99,0,99,土銀-嘉義,2024-09-09,1034
00919,群益台灣精選高息,100,7,93,土銀-嘉義,2024-09-09,1034
00680L,元大美債20正2,54,3,51,土銀-嘉義,2024-09-09,1034
1416,廣豐,50,0,50,土銀-嘉義,2024-09-09,1034
2609,陽明,42,0,42,土銀-嘉義,2024-09-09,1034
1314,中石化,23,0,23,土銀-嘉義,2024-09-09,1034
00940,元大台灣價值高息,22,0,22,土銀-嘉義,2024-09-09,1034
8064,東捷,23,1,22,土銀-嘉義,2024-09-09,1034
1305,華夏,21,0,21,土銀-嘉義,2024-09-09,1034
1609,大亞,21,0,21,土銀-嘉義,2024-09-09,1034
4306,炎洲,21,0,21,土銀-嘉義,2024-09-09,1034
2317,鴻海,29,12,17,土銀-嘉義,2024-09-09,1034
00929,復華台灣科技優息,22,5,17,土銀-嘉義,2024-09-09,1034
2881,富邦金,18,1,17,土銀-嘉義,2024-09-09,1034
2371,大同,25,10,15,土銀-嘉義,2024-09-09,1034
2330,台積電,18,3,15,土銀-嘉義,2024-09-09,1034
00637L,元大滬深300正2,21,10,11,土銀-嘉義,2024-09-09,1034
1301,台塑,11,0,11,土銀-嘉義,2024-09-09,1034
00952,凱基台灣AI50,10,0,10,土銀-嘉義,2024-09-09,1034
00946,群益科技高息成長,10,0,10,土銀-嘉義,2024-09-09,1034
00753L,中信中國50正2,10,0,10,土銀-嘉義,2024-09-09,1034
2486,一詮,10,0,10,土銀-嘉義,2024-09-09,1034
3363,上詮,10,0,10,土銀-嘉義,2024-09-09,1034
3481,群創,12,2,10,土銀-嘉義,2024-09-09,1034
4714,永捷,11,1,10,土銀-嘉義,2024-09-09,1034
1734,杏輝,9,0,9,土銀-嘉義,2024-09-09,1034
00878,國泰永續高股息,13,4,9,土銀-嘉義,2024-09-09,1034
00941,中信上游半導體,8,0,8,土銀-嘉義,2024-09-09,1034
2002,中鋼,8,0,8,土銀-嘉義,2024-09-09,1034
2605,新興,10,2,8,土銀-嘉義,2024-09-09,1034
2615,萬海,7,0,7,土銀-嘉義,2024-09-09,1034
2365,昆盈,7,0,7,土銀-嘉義,2024-09-09,1034
2885,元大金,7,0,7,土銀-嘉義,2024-09-09,1034
00764B,群益25年美債,6,0,6,土銀-嘉義,2024-09-09,1034
2891,中信金,10,4,6,土銀-嘉義,2024-09-09,1034
5460,同協,6,0,6,土銀-嘉義,2024-09-09,1034
6505,台塑化,6,0,6,土銀-嘉義,2024-09-09,1034
0056,元大高股息,6,0,6,土銀-嘉義,2024-09-09,1034
2382,廣達,5,0,5,土銀-嘉義,2024-09-09,1034
00923,群益台ESG低碳50,5,0,5,土銀-嘉義,2024-09-09,1034
1504,東元,5,0,5,土銀-嘉義,2024-09-09,1034
1711,永光,5,0,5,土銀-嘉義,2024-09-09,1034
2303,聯電,6,1,5,土銀-嘉義,2024-09-09,1034
2801,彰銀,105,100,5,土銀-嘉義,2024-09-09,1034
3484,崧騰,5,0,5,土銀-嘉義,2024-09-09,1034
3714,富采,5,0,5,土銀-嘉義,2024-09-09,1034
5425,台半,5,0,5,土銀-嘉義,2024-09-09,1034
6127,九豪,5,0,5,土銀-嘉義,2024-09-09,1034
8104,錸寶,5,0,5,土銀-嘉義,2024-09-09,1034
2002,中鋼,55,0,55,土銀-嘉義,2024-09-10,1034
2344,華邦電,56,5,51,土銀-嘉義,2024-09-10,1034
00671R,富邦NASDAQ反1,50,0,50,土銀-嘉義,2024-09-10,1034
8064,東捷,40,0,40,土銀-嘉義,2024-09-10,1034
1605,華新,28,0,28,土銀-嘉義,2024-09-10,1034
3580,友威科,36,10,26,土銀-嘉義,2024-09-10,1034
0056,元大高股息,24,0,24,土銀-嘉義,2024-09-10,1034
4908,前鼎,24,1,23,土銀-嘉義,2024-09-10,1034
00878,國泰永續高股息,25,4,21,土銀-嘉義,2024-09-10,1034
1316,上曜,13,0,13,土銀-嘉義,2024-09-10,1034
2382,廣達,18,6,12,土銀-嘉義,2024-09-10,1034
1303,南亞,13,1,12,土銀-嘉義,2024-09-10,1034
00951,台新日本半導體,12,0,12,土銀-嘉義,2024-09-10,1034
00918,大華優利高填息30,11,0,11,土銀-嘉義,2024-09-10,1034
2489,瑞軒,11,0,11,土銀-嘉義,2024-09-10,1034
3207,耀勝,11,0,11,土銀-嘉義,2024-09-10,1034
00655L,國泰中國A50正2,10,0,10,土銀-嘉義,2024-09-10,1034
4532,瑞智,10,0,10,土銀-嘉義,2024-09-10,1034
2464,盟立,15,6,9,土銀-嘉義,2024-09-10,1034
4306,炎洲,10,1,9,土銀-嘉義,2024-09-10,1034
00933B,國泰10Y+金融債,8,0,8,土銀-嘉義,2024-09-10,1034
2609,陽明,21,13,8,土銀-嘉義,2024-09-10,1034
00929,復華台灣科技優息,10,2,8,土銀-嘉義,2024-09-10,1034
2313,華通,12,5,7,土銀-嘉義,2024-09-10,1034
2337,旺宏,7,0,7,土銀-嘉義,2024-09-10,1034
2885,元大金,6,0,6,土銀-嘉義,2024-09-10,1034
2317,鴻海,17,12,5,土銀-嘉義,2024-09-10,1034
00830,國泰費城半導體,5,0,5,土銀-嘉義,2024-09-10,1034
00679B,元大美債20年,6,1,5,土銀-嘉義,2024-09-10,1034
00940,元大台灣價值高息,15,10,5,土銀-嘉義,2024-09-10,1034
1609,大亞,6,1,5,土銀-嘉義,2024-09-10,1034
1815,富喬,15,10,5,土銀-嘉義,2024-09-10,1034
2883,凱基金,15,10,5,土銀-嘉義,2024-09-10,1034
3230,錦明,5,0,5,土銀-嘉義,2024-09-10,1034
3363,上詮,15,10,5,土銀-嘉義,2024-09-10,1034
6173,信昌電,5,0,5,土銀-嘉義,2024-09-10,1034
00936,台新永續高息中小,4,0,4,土銀-嘉義,2024-09-10,1034
1522,堤維西,25,21,4,土銀-嘉義,2024-09-10,1034
2303,聯電,4,0,4,土銀-嘉義,2024-09-10,1034
4958,臻鼎-KY,4,0,4,土銀-嘉義,2024-09-10,1034
6269,台郡,4,0,4,土銀-嘉義,2024-09-10,1034
1305,華夏,3,0,3,土銀-嘉義,2024-09-10,1034
00932,兆豐永續高息等權,3,0,3,土銀-嘉義,2024-09-10,1034
1709,和益,3,0,3,土銀-嘉義,2024-09-10,1034
2312,金寶,4,1,3,土銀-嘉義,2024-09-10,1034
2351,順德,3,0,3,土銀-嘉義,2024-09-10,1034
2368,金像電,3,0,3,土銀-嘉義,2024-09-10,1034
2881,富邦金,7,4,3,土銀-嘉義,2024-09-10,1034
3013,晟銘電,3,0,3,土銀-嘉義,2024-09-10,1034
3481,群創,5,2,3,土銀-嘉義,2024-09-10,1034
00948B,中信優息投資級債,475,0,475,土銀-嘉義,2024-09-11,1034
1802,台玻,100,0,100,土銀-嘉義,2024-09-11,1034
2002,中鋼,77,2,75,土銀-嘉義,2024-09-11,1034
00632R,元大台灣50反1,50,0,50,土銀-嘉義,2024-09-11,1034
00937B,群益ESG投等債20,27,3,24,土銀-嘉義,2024-09-11,1034
2881,富邦金,21,0,21,土銀-嘉義,2024-09-11,1034
2891,中信金,23,3,20,土銀-嘉義,2024-09-11,1034
2889,國票金,14,0,14,土銀-嘉義,2024-09-11,1034
2402,毅嘉,13,1,12,土銀-嘉義,2024-09-11,1034
1540,喬福,18,7,11,土銀-嘉義,2024-09-11,1034
2887,台新金,12,1,11,土銀-嘉義,2024-09-11,1034
6284,佳邦,11,0,11,土銀-嘉義,2024-09-11,1034
3363,上詮,10,0,10,土銀-嘉義,2024-09-11,1034
3227,原相,11,2,9,土銀-嘉義,2024-09-11,1034
00929,復華台灣科技優息,8,0,8,土銀-嘉義,2024-09-11,1034
2464,盟立,8,0,8,土銀-嘉義,2024-09-11,1034
00665L,富邦�琤肭磪囓�2,7,0,7,土銀-嘉義,2024-09-11,1034
2851,中再保,7,0,7,土銀-嘉義,2024-09-11,1034
00951,台新日本半導體,6,0,6,土銀-嘉義,2024-09-11,1034
2883,凱基金,11,5,6,土銀-嘉義,2024-09-11,1034
6150,撼訊,6,0,6,土銀-嘉義,2024-09-11,1034
00943,兆豐電子高息等權,5,0,5,土銀-嘉義,2024-09-11,1034
00940,元大台灣價值高息,5,0,5,土銀-嘉義,2024-09-11,1034
00885,富邦越南,5,0,5,土銀-嘉義,2024-09-11,1034
00687B,國泰20年美債,8,3,5,土銀-嘉義,2024-09-11,1034
1319,東陽,5,0,5,土銀-嘉義,2024-09-11,1034
3050,鈺德,5,0,5,土銀-嘉義,2024-09-11,1034
5460,同協,5,0,5,土銀-嘉義,2024-09-11,1034
5905,南仁湖,5,0,5,土銀-嘉義,2024-09-11,1034
8076,伍豐,5,0,5,土銀-嘉義,2024-09-11,1034
2330,台積電,4,0,4,土銀-嘉義,2024-09-11,1034
00957B,兆豐US優選投等債,4,0,4,土銀-嘉義,2024-09-11,1034
1522,堤維西,5,1,4,土銀-嘉義,2024-09-11,1034
00637L,元大滬深300正2,4,0,4,土銀-嘉義,2024-09-11,1034
1303,南亞,5,1,4,土銀-嘉義,2024-09-11,1034
2353,宏��,4,0,4,土銀-嘉義,2024-09-11,1034
2520,冠德,4,0,4,土銀-嘉義,2024-09-11,1034
3078,僑威,4,0,4,土銀-嘉義,2024-09-11,1034
4903,聯光通,4,0,4,土銀-嘉義,2024-09-11,1034
6257,矽格,5,2,3,土銀-嘉義,2024-09-11,1034
1229,聯華,3,0,3,土銀-嘉義,2024-09-11,1034
00933B,國泰10Y+金融債,3,0,3,土銀-嘉義,2024-09-11,1034
00918,大華優利高填息30,3,0,3,土銀-嘉義,2024-09-11,1034
00715L,期街口布蘭特正2,3,0,3,土銀-嘉義,2024-09-11,1034
2243,宏旭-KY,3,0,3,土銀-嘉義,2024-09-11,1034
2367,燿華,3,0,3,土銀-嘉義,2024-09-11,1034
2399,映泰,20,17,3,土銀-嘉義,2024-09-11,1034
2542,興富發,3,0,3,土銀-嘉義,2024-09-11,1034
2834,臺企銀,3,0,3,土銀-嘉義,2024-09-11,1034
3576,聯合再生,7,4,3,土銀-嘉義,2024-09-11,1034
00632R,元大台灣50反1,280,0,280,土銀-嘉義,2024-09-12,1034
00957B,兆豐US優選投等債,180,0,180,土銀-嘉義,2024-09-12,1034
00679B,元大美債20年,117,3,114,土銀-嘉義,2024-09-12,1034
00687B,國泰20年美債,243,138,105,土銀-嘉義,2024-09-12,1034
1802,台玻,100,0,100,土銀-嘉義,2024-09-12,1034
00665L,富邦�琤肭磪囓�2,80,0,80,土銀-嘉義,2024-09-12,1034
6134,萬旭,40,0,40,土銀-嘉義,2024-09-12,1034
2891,中信金,19,0,19,土銀-嘉義,2024-09-12,1034
00680L,元大美債20正2,19,2,17,土銀-嘉義,2024-09-12,1034
3481,群創,12,0,12,土銀-嘉義,2024-09-12,1034
00915,凱基優選高股息30,10,0,10,土銀-嘉義,2024-09-12,1034
00882,中信中國高股息,10,0,10,土銀-嘉義,2024-09-12,1034
2809,京城銀,10,0,10,土銀-嘉義,2024-09-12,1034
6173,信昌電,10,0,10,土銀-嘉義,2024-09-12,1034
2486,一詮,10,1,9,土銀-嘉義,2024-09-12,1034
3687,歐買尬,9,0,9,土銀-嘉義,2024-09-12,1034
2313,華通,11,3,8,土銀-嘉義,2024-09-12,1034
2399,映泰,13,5,8,土銀-嘉義,2024-09-12,1034
2520,冠德,9,1,8,土銀-嘉義,2024-09-12,1034
6194,育富,10,2,8,土銀-嘉義,2024-09-12,1034
6486,互動,8,0,8,土銀-嘉義,2024-09-12,1034
00936,台新永續高息中小,6,0,6,土銀-嘉義,2024-09-12,1034
00764B,群益25年美債,7,1,6,土銀-嘉義,2024-09-12,1034
00751B,元大AAA至A公司債,6,0,6,土銀-嘉義,2024-09-12,1034
00948B,中信優息投資級債,5,0,5,土銀-嘉義,2024-09-12,1034
1785,光洋科,5,0,5,土銀-嘉義,2024-09-12,1034
2329,華泰,6,1,5,土銀-嘉義,2024-09-12,1034
2337,旺宏,5,0,5,土銀-嘉義,2024-09-12,1034
2392,正崴,5,0,5,土銀-嘉義,2024-09-12,1034
4303,信立,5,0,5,土銀-嘉義,2024-09-12,1034
5283,禾聯碩,5,0,5,土銀-嘉義,2024-09-12,1034
2539,櫻花建,4,0,4,土銀-嘉義,2024-09-12,1034
2889,國票金,4,0,4,土銀-嘉義,2024-09-12,1034
3049,精金,14,10,4,土銀-嘉義,2024-09-12,1034
4933,友輝,6,2,4,土銀-嘉義,2024-09-12,1034
6177,達麗,4,0,4,土銀-嘉義,2024-09-12,1034
6152,百一,4,0,4,土銀-嘉義,2024-09-12,1034
00637L,元大滬深300正2,5,2,3,土銀-嘉義,2024-09-12,1034
00724B,群益投資級金融債,3,0,3,土銀-嘉義,2024-09-12,1034
1709,和益,3,0,3,土銀-嘉義,2024-09-12,1034
2493,揚博,3,0,3,土銀-嘉義,2024-09-12,1034
3230,錦明,3,0,3,土銀-嘉義,2024-09-12,1034
3707,漢磊,3,0,3,土銀-嘉義,2024-09-12,1034
4906,正文,3,0,3,土銀-嘉義,2024-09-12,1034
5531,鄉林,3,0,3,土銀-嘉義,2024-09-12,1034
6139,亞翔,3,0,3,土銀-嘉義,2024-09-12,1034
6143,振曜,3,0,3,土銀-嘉義,2024-09-12,1034
6284,佳邦,3,0,3,土銀-嘉義,2024-09-12,1034
912000,晨訊科-DR,3,0,3,土銀-嘉義,2024-09-12,1034
5371,中光電,2,0,2,土銀-嘉義,2024-09-12,1034
00687B,國泰20年美債,144,30,114,土銀-嘉義,2024-09-13,1034
6770,力積電,100,0,100,土銀-嘉義,2024-09-13,1034
00919,群益台灣精選高息,96,1,95,土銀-嘉義,2024-09-13,1034
1802,台玻,82,0,82,土銀-嘉義,2024-09-13,1034
00929,復華台灣科技優息,59,0,59,土銀-嘉義,2024-09-13,1034
2344,華邦電,50,2,48,土銀-嘉義,2024-09-13,1034
2888,新光金,45,0,45,土銀-嘉義,2024-09-13,1034
2303,聯電,32,0,32,土銀-嘉義,2024-09-13,1034
00680L,元大美債20正2,25,0,25,土銀-嘉義,2024-09-13,1034
00878,國泰永續高股息,24,0,24,土銀-嘉義,2024-09-13,1034
00918,大華優利高填息30,22,0,22,土銀-嘉義,2024-09-13,1034
3363,上詮,19,0,19,土銀-嘉義,2024-09-13,1034
1301,台塑,18,3,15,土銀-嘉義,2024-09-13,1034
2883,凱基金,25,10,15,土銀-嘉義,2024-09-13,1034
00893,國泰智能電動車,13,0,13,土銀-嘉義,2024-09-13,1034
3706,神達,14,1,13,土銀-嘉義,2024-09-13,1034
00935,野村臺灣新科技50,14,4,10,土銀-嘉義,2024-09-13,1034
00642U,期元大S＆P石油,10,0,10,土銀-嘉義,2024-09-13,1034
00632R,元大台灣50反1,20,10,10,土銀-嘉義,2024-09-13,1034
2402,毅嘉,10,0,10,土銀-嘉義,2024-09-13,1034
2405,輔信,10,0,10,土銀-嘉義,2024-09-13,1034
2547,日勝生,18,8,10,土銀-嘉義,2024-09-13,1034
2609,陽明,10,0,10,土銀-嘉義,2024-09-13,1034
3005,神基,9,0,9,土銀-嘉義,2024-09-13,1034
4306,炎洲,10,1,9,土銀-嘉義,2024-09-13,1034
4979,華星光,12,3,9,土銀-嘉義,2024-09-13,1034
6706,惠特,9,1,8,土銀-嘉義,2024-09-13,1034
2002,中鋼,30,23,7,土銀-嘉義,2024-09-13,1034
4513,福裕,9,2,7,土銀-嘉義,2024-09-13,1034
3481,群創,11,6,5,土銀-嘉義,2024-09-13,1034
1304,台聚,7,2,5,土銀-嘉義,2024-09-13,1034
1303,南亞,7,2,5,土銀-嘉義,2024-09-13,1034
00764B,群益25年美債,5,0,5,土銀-嘉義,2024-09-13,1034
2241,艾姆勒,5,0,5,土銀-嘉義,2024-09-13,1034
2881,富邦金,5,0,5,土銀-嘉義,2024-09-13,1034
2905,三商,5,0,5,土銀-嘉義,2024-09-13,1034
3033,威健,5,0,5,土銀-嘉義,2024-09-13,1034
3714,富采,5,0,5,土銀-嘉義,2024-09-13,1034
6173,信昌電,5,0,5,土銀-嘉義,2024-09-13,1034
00751B,元大AAA至A公司債,4,0,4,土銀-嘉義,2024-09-13,1034
00779B,凱基美債25+,4,0,4,土銀-嘉義,2024-09-13,1034
2449,京元電子,7,3,4,土銀-嘉義,2024-09-13,1034
6257,矽格,4,0,4,土銀-嘉義,2024-09-13,1034
2317,鴻海,11,8,3,土銀-嘉義,2024-09-13,1034
00941,中信上游半導體,3,0,3,土銀-嘉義,2024-09-13,1034
00943,兆豐電子高息等權,3,0,3,土銀-嘉義,2024-09-13,1034
1711,永光,4,1,3,土銀-嘉義,2024-09-13,1034
1905,華紙,4,1,3,土銀-嘉義,2024-09-13,1034
2062,橋椿,4,1,3,土銀-嘉義,2024-09-13,1034
3049,精金,3,0,3,土銀-嘉義,2024-09-13,1034
00687B,國泰20年美債,181,20,161,土銀-嘉義,2024-09-16,1034
00918,大華優利高填息30,36,0,36,土銀-嘉義,2024-09-16,1034
00655L,國泰中國A50正2,32,0,32,土銀-嘉義,2024-09-16,1034
00680L,元大美債20正2,26,0,26,土銀-嘉義,2024-09-16,1034
2605,新興,21,0,21,土銀-嘉義,2024-09-16,1034
3049,精金,30,10,20,土銀-嘉義,2024-09-16,1034
00948B,中信優息投資級債,465,450,15,土銀-嘉義,2024-09-16,1034
00878,國泰永續高股息,15,0,15,土銀-嘉義,2024-09-16,1034
2344,華邦電,18,7,11,土銀-嘉義,2024-09-16,1034
1776,展宇,10,0,10,土銀-嘉義,2024-09-16,1034
2204,中華,10,0,10,土銀-嘉義,2024-09-16,1034
2241,艾姆勒,10,0,10,土銀-嘉義,2024-09-16,1034
3005,神基,10,0,10,土銀-嘉義,2024-09-16,1034
3360,尚立,10,0,10,土銀-嘉義,2024-09-16,1034
1326,台化,10,1,9,土銀-嘉義,2024-09-16,1034
00764B,群益25年美債,9,0,9,土銀-嘉義,2024-09-16,1034
3260,威剛,10,1,9,土銀-嘉義,2024-09-16,1034
3031,佰鴻,8,0,8,土銀-嘉義,2024-09-16,1034
00893,國泰智能電動車,7,0,7,土銀-嘉義,2024-09-16,1034
3363,上詮,6,0,6,土銀-嘉義,2024-09-16,1034
8070,長華*,6,0,6,土銀-嘉義,2024-09-16,1034
1455,集盛,5,0,5,土銀-嘉義,2024-09-16,1034
2201,裕隆,5,0,5,土銀-嘉義,2024-09-16,1034
3019,亞光,5,0,5,土銀-嘉義,2024-09-16,1034
3149,正達,5,0,5,土銀-嘉義,2024-09-16,1034
4303,信立,5,0,5,土銀-嘉義,2024-09-16,1034
912000,晨訊科-DR,5,0,5,土銀-嘉義,2024-09-16,1034
00740B,富邦全球投等債,4,0,4,土銀-嘉義,2024-09-16,1034
1540,喬福,15,11,4,土銀-嘉義,2024-09-16,1034
2609,陽明,4,0,4,土銀-嘉義,2024-09-16,1034
2882,國泰金,5,1,4,土銀-嘉義,2024-09-16,1034
3078,僑威,4,0,4,土銀-嘉義,2024-09-16,1034
3715,定穎投控,5,1,4,土銀-嘉義,2024-09-16,1034
4513,福裕,4,0,4,土銀-嘉義,2024-09-16,1034
6284,佳邦,6,2,4,土銀-嘉義,2024-09-16,1034
8039,台虹,4,0,4,土銀-嘉義,2024-09-16,1034
00936,台新永續高息中小,3,0,3,土銀-嘉義,2024-09-16,1034
2467,志聖,3,0,3,土銀-嘉義,2024-09-16,1034
2881,富邦金,3,0,3,土銀-嘉義,2024-09-16,1034
3050,鈺德,3,0,3,土銀-嘉義,2024-09-16,1034
3374,精材,6,3,3,土銀-嘉義,2024-09-16,1034
4906,正文,6,3,3,土銀-嘉義,2024-09-16,1034
8096,擎亞,3,0,3,土銀-嘉義,2024-09-16,1034
6274,台燿,2,0,2,土銀-嘉義,2024-09-16,1034
1301,台塑,4,2,2,土銀-嘉義,2024-09-16,1034
00951,台新日本半導體,2,0,2,土銀-嘉義,2024-09-16,1034
00779B,凱基美債25+,2,0,2,土銀-嘉義,2024-09-16,1034
00934,中信成長高股息,2,0,2,土銀-嘉義,2024-09-16,1034
00921,兆豐龍頭等權重,2,0,2,土銀-嘉義,2024-09-16,1034
00917,中信特選金融,2,0,2,土銀-嘉義,2024-09-16,1034
00948B,中信優息投資級債,476,0,476,土銀-嘉義,2024-09-18,1034
00680L,元大美債20正2,374,18,356,土銀-嘉義,2024-09-18,1034
00632R,元大台灣50反1,60,0,60,土銀-嘉義,2024-09-18,1034
00919,群益台灣精選高息,68,31,37,土銀-嘉義,2024-09-18,1034
00679B,元大美債20年,36,0,36,土銀-嘉義,2024-09-18,1034
2303,聯電,37,3,34,土銀-嘉義,2024-09-18,1034
2371,大同,30,1,29,土銀-嘉義,2024-09-18,1034
0056,元大高股息,24,1,23,土銀-嘉義,2024-09-18,1034
00937B,群益ESG投等債20,55,32,23,土銀-嘉義,2024-09-18,1034
9105,泰金寶-DR,22,0,22,土銀-嘉義,2024-09-18,1034
2317,鴻海,22,2,20,土銀-嘉義,2024-09-18,1034
00929,復華台灣科技優息,38,18,20,土銀-嘉義,2024-09-18,1034
2352,佳世達,20,0,20,土銀-嘉義,2024-09-18,1034
3550,聯穎,20,0,20,土銀-嘉義,2024-09-18,1034
4114,健喬,20,0,20,土銀-嘉義,2024-09-18,1034
6116,彩晶,20,0,20,土銀-嘉義,2024-09-18,1034
3149,正達,20,1,19,土銀-嘉義,2024-09-18,1034
2889,國票金,17,0,17,土銀-嘉義,2024-09-18,1034
00688L,國泰20年美債正2,15,0,15,土銀-嘉義,2024-09-18,1034
5905,南仁湖,27,12,15,土銀-嘉義,2024-09-18,1034
00713,元大台灣高息低波,13,0,13,土銀-嘉義,2024-09-18,1034
2353,宏��,13,0,13,土銀-嘉義,2024-09-18,1034
2313,華通,12,0,12,土銀-嘉義,2024-09-18,1034
1229,聯華,11,0,11,土銀-嘉義,2024-09-18,1034
2365,昆盈,11,0,11,土銀-嘉義,2024-09-18,1034
1597,直得,10,0,10,土銀-嘉義,2024-09-18,1034
2409,友達,20,10,10,土銀-嘉義,2024-09-18,1034
4956,光鋐,10,0,10,土銀-嘉義,2024-09-18,1034
7402,邑錡,11,1,10,土銀-嘉義,2024-09-18,1034
8431,匯鑽科,10,0,10,土銀-嘉義,2024-09-18,1034
8034,榮群,9,0,9,土銀-嘉義,2024-09-18,1034
1721,三晃,10,2,8,土銀-嘉義,2024-09-18,1034
4915,致伸,7,0,7,土銀-嘉義,2024-09-18,1034
1773,勝一,6,0,6,土銀-嘉義,2024-09-18,1034
2801,彰銀,8,2,6,土銀-嘉義,2024-09-18,1034
1504,東元,5,0,5,土銀-嘉義,2024-09-18,1034
2332,友訊,5,0,5,土銀-嘉義,2024-09-18,1034
2426,鼎元,7,2,5,土銀-嘉義,2024-09-18,1034
2630,亞航,5,0,5,土銀-嘉義,2024-09-18,1034
4303,信立,5,0,5,土銀-嘉義,2024-09-18,1034
00881,國泰台灣5G+,4,0,4,土銀-嘉義,2024-09-18,1034
00878,國泰永續高股息,4,0,4,土銀-嘉義,2024-09-18,1034
00918,大華優利高填息30,6,2,4,土銀-嘉義,2024-09-18,1034
1712,興農,4,0,4,土銀-嘉義,2024-09-18,1034
1727,中華化,4,0,4,土銀-嘉義,2024-09-18,1034
2388,威盛,4,0,4,土銀-嘉義,2024-09-18,1034
2449,京元電子,4,0,4,土銀-嘉義,2024-09-18,1034
2498,宏達電,7,3,4,土銀-嘉義,2024-09-18,1034
2501,國建,4,0,4,土銀-嘉義,2024-09-18,1034
2886,兆豐金,4,0,4,土銀-嘉義,2024-09-18,1034
00948B,中信優息投資級債,310,0,310,土銀-嘉義,2024-09-19,1034
2845,遠東銀,135,0,135,土銀-嘉義,2024-09-19,1034
00637L,元大滬深300正2,54,0,54,土銀-嘉義,2024-09-19,1034
00687B,國泰20年美債,33,8,25,土銀-嘉義,2024-09-19,1034
4306,炎洲,21,0,21,土銀-嘉義,2024-09-19,1034
8011,台通,20,0,20,土銀-嘉義,2024-09-19,1034
00958B,永豐ESG銀行債15,18,0,18,土銀-嘉義,2024-09-19,1034
3290,東浦,19,2,17,土銀-嘉義,2024-09-19,1034
4979,華星光,35,18,17,土銀-嘉義,2024-09-19,1034
3363,上詮,16,1,15,土銀-嘉義,2024-09-19,1034
00679B,元大美債20年,43,30,13,土銀-嘉義,2024-09-19,1034
00764B,群益25年美債,10,0,10,土銀-嘉義,2024-09-19,1034
2486,一詮,12,2,10,土銀-嘉義,2024-09-19,1034
3535,晶彩科,10,1,9,土銀-嘉義,2024-09-19,1034
2344,華邦電,8,0,8,土銀-嘉義,2024-09-19,1034
2449,京元電子,6,0,6,土銀-嘉義,2024-09-19,1034
4903,聯光通,8,2,6,土銀-嘉義,2024-09-19,1034
8021,尖點,6,0,6,土銀-嘉義,2024-09-19,1034
3105,穩懋,5,0,5,土銀-嘉義,2024-09-19,1034
00688L,國泰20年美債正2,5,0,5,土銀-嘉義,2024-09-19,1034
00915,凱基優選高股息30,5,0,5,土銀-嘉義,2024-09-19,1034
00918,大華優利高填息30,7,2,5,土銀-嘉義,2024-09-19,1034
1732,毛寶,5,0,5,土銀-嘉義,2024-09-19,1034
3234,光環,5,0,5,土銀-嘉義,2024-09-19,1034
3687,歐買尬,5,0,5,土銀-嘉義,2024-09-19,1034
5876,上海商銀,5,0,5,土銀-嘉義,2024-09-19,1034
6288,聯嘉,22,17,5,土銀-嘉義,2024-09-19,1034
3481,群創,5,0,5,土銀-嘉義,2024-09-19,1034
1808,潤隆,6,2,4,土銀-嘉義,2024-09-19,1034
3645,達邁,4,0,4,土銀-嘉義,2024-09-19,1034
3714,富采,6,2,4,土銀-嘉義,2024-09-19,1034
6151,晉倫,8,4,4,土銀-嘉義,2024-09-19,1034
2243,宏旭-KY,8,5,3,土銀-嘉義,2024-09-19,1034
2891,中信金,5,2,3,土銀-嘉義,2024-09-19,1034
5460,同協,3,0,3,土銀-嘉義,2024-09-19,1034
6869,雲豹能源,3,0,3,土銀-嘉義,2024-09-19,1034
2317,鴻海,4,2,2,土銀-嘉義,2024-09-19,1034
4909,新復興,2,0,2,土銀-嘉義,2024-09-19,1034
1301,台塑,3,1,2,土銀-嘉義,2024-09-19,1034
1524,耿鼎,2,0,2,土銀-嘉義,2024-09-19,1034
00934,中信成長高股息,2,0,2,土銀-嘉義,2024-09-19,1034
00946,群益科技高息成長,2,0,2,土銀-嘉義,2024-09-19,1034
2419,仲琦,2,0,2,土銀-嘉義,2024-09-19,1034
2455,全新,2,0,2,土銀-嘉義,2024-09-19,1034
2886,兆豐金,2,0,2,土銀-嘉義,2024-09-19,1034
3013,晟銘電,10,8,2,土銀-嘉義,2024-09-19,1034
3437,榮創,2,0,2,土銀-嘉義,2024-09-19,1034
3663,鑫科,2,0,2,土銀-嘉義,2024-09-19,1034
4513,福裕,4,2,2,土銀-嘉義,2024-09-19,1034
4577,達航科技,2,0,2,土銀-嘉義,2024-09-19,1034
2888,新光金,312,93,219,土銀-嘉義,2024-09-20,1034
00958B,永豐ESG銀行債15,110,0,110,土銀-嘉義,2024-09-20,1034
5210,寶碩,100,20,80,土銀-嘉義,2024-09-20,1034
2352,佳世達,60,0,60,土銀-嘉義,2024-09-20,1034
00687B,國泰20年美債,111,55,56,土銀-嘉義,2024-09-20,1034
8028,昇陽半導體,40,1,39,土銀-嘉義,2024-09-20,1034
1609,大亞,35,5,30,土銀-嘉義,2024-09-20,1034
4306,炎洲,30,0,30,土銀-嘉義,2024-09-20,1034
00725B,國泰投資級公司債,25,0,25,土銀-嘉義,2024-09-20,1034
00764B,群益25年美債,24,0,24,土銀-嘉義,2024-09-20,1034
00650L,復華香港正2,102,80,22,土銀-嘉義,2024-09-20,1034
00740B,富邦全球投等債,20,0,20,土銀-嘉義,2024-09-20,1034
00632R,元大台灣50反1,20,0,20,土銀-嘉義,2024-09-20,1034
00679B,元大美債20年,20,6,14,土銀-嘉義,2024-09-20,1034
00946,群益科技高息成長,13,0,13,土銀-嘉義,2024-09-20,1034
2515,中工,10,0,10,土銀-嘉義,2024-09-20,1034
2881,富邦金,21,11,10,土銀-嘉義,2024-09-20,1034
00919,群益台灣精選高息,39,30,9,土銀-嘉義,2024-09-20,1034
00712,復華富時不動產,9,0,9,土銀-嘉義,2024-09-20,1034
2101,南港,8,0,8,土銀-嘉義,2024-09-20,1034
3484,崧騰,8,0,8,土銀-嘉義,2024-09-20,1034
3105,穩懋,7,0,7,土銀-嘉義,2024-09-20,1034
2542,興富發,7,0,7,土銀-嘉義,2024-09-20,1034
1540,喬福,10,4,6,土銀-嘉義,2024-09-20,1034
2867,三商壽,6,0,6,土銀-嘉義,2024-09-20,1034
2883,凱基金,6,0,6,土銀-嘉義,2024-09-20,1034
2889,國票金,6,0,6,土銀-嘉義,2024-09-20,1034
4510,高鋒,9,3,6,土銀-嘉義,2024-09-20,1034
9945,潤泰新,6,0,6,土銀-嘉義,2024-09-20,1034
2323,中環,5,0,5,土銀-嘉義,2024-09-20,1034
2501,國建,5,0,5,土銀-嘉義,2024-09-20,1034
3363,上詮,5,0,5,土銀-嘉義,2024-09-20,1034
4402,郡都開發,5,0,5,土銀-嘉義,2024-09-20,1034
6743,安普新,5,0,5,土銀-嘉義,2024-09-20,1034
8011,台通,5,0,5,土銀-嘉義,2024-09-20,1034
1528,恩德,4,0,4,土銀-嘉義,2024-09-20,1034
3354,律勝,7,3,4,土銀-嘉義,2024-09-20,1034
4526,東台,5,1,4,土銀-嘉義,2024-09-20,1034
4729,熒茂,5,1,4,土銀-嘉義,2024-09-20,1034
6191,精成科,6,2,4,土銀-嘉義,2024-09-20,1034
6213,聯茂,4,0,4,土銀-嘉義,2024-09-20,1034
6706,惠特,14,10,4,土銀-嘉義,2024-09-20,1034
1808,潤隆,4,0,4,土銀-嘉義,2024-09-20,1034
0056,元大高股息,3,0,3,土銀-嘉義,2024-09-20,1034
00915,凱基優選高股息30,3,0,3,土銀-嘉義,2024-09-20,1034
1504,東元,3,0,3,土銀-嘉義,2024-09-20,1034
1539,巨庭,3,0,3,土銀-嘉義,2024-09-20,1034
2002,中鋼,3,0,3,土銀-嘉義,2024-09-20,1034
2374,佳能,3,0,3,土銀-嘉義,2024-09-20,1034
2392,正崴,3,0,3,土銀-嘉義,2024-09-20,1034
00632R,元大台灣50反1,292,0,292,土銀-嘉義,2024-09-23,1034
3481,群創,67,1,66,土銀-嘉義,2024-09-23,1034
00958B,永豐ESG銀行債15,62,0,62,土銀-嘉義,2024-09-23,1034
00948B,中信優息投資級債,50,0,50,土銀-嘉義,2024-09-23,1034
1539,巨庭,38,0,38,土銀-嘉義,2024-09-23,1034
1714,和桐,30,0,30,土銀-嘉義,2024-09-23,1034
00679B,元大美債20年,27,1,26,土銀-嘉義,2024-09-23,1034
2332,友訊,25,0,25,土銀-嘉義,2024-09-23,1034
00764B,群益25年美債,22,0,22,土銀-嘉義,2024-09-23,1034
2486,一詮,22,2,20,土銀-嘉義,2024-09-23,1034
00919,群益台灣精選高息,18,0,18,土銀-嘉義,2024-09-23,1034
8028,昇陽半導體,16,0,16,土銀-嘉義,2024-09-23,1034
6548,長科*,15,0,15,土銀-嘉義,2024-09-23,1034
4526,東台,13,1,12,土銀-嘉義,2024-09-23,1034
6257,矽格,12,0,12,土銀-嘉義,2024-09-23,1034
1711,永光,20,9,11,土銀-嘉義,2024-09-23,1034
2881,富邦金,18,7,11,土銀-嘉義,2024-09-23,1034
3714,富采,17,6,11,土銀-嘉義,2024-09-23,1034
00893,國泰智能電動車,10,0,10,土銀-嘉義,2024-09-23,1034
4513,福裕,10,0,10,土銀-嘉義,2024-09-23,1034
2464,盟立,10,1,9,土銀-嘉義,2024-09-23,1034
2357,華碩,8,0,8,土銀-嘉義,2024-09-23,1034
4909,新復興,8,2,6,土銀-嘉義,2024-09-23,1034
2889,國票金,6,0,6,土銀-嘉義,2024-09-23,1034
5351,鈺創,6,0,6,土銀-嘉義,2024-09-23,1034
8033,雷虎,10,4,6,土銀-嘉義,2024-09-23,1034
5483,中美晶,5,0,5,土銀-嘉義,2024-09-23,1034
0056,元大高股息,5,0,5,土銀-嘉義,2024-09-23,1034
2061,風青,5,0,5,土銀-嘉義,2024-09-23,1034
2415,錩新,5,0,5,土銀-嘉義,2024-09-23,1034
3264,欣銓,5,0,5,土銀-嘉義,2024-09-23,1034
4510,高鋒,6,1,5,土銀-嘉義,2024-09-23,1034
4540,全球傳動,5,0,5,土銀-嘉義,2024-09-23,1034
4716,大立,17,12,5,土銀-嘉義,2024-09-23,1034
1727,中華化,5,1,4,土銀-嘉義,2024-09-23,1034
1734,杏輝,4,0,4,土銀-嘉義,2024-09-23,1034
2062,橋椿,5,1,4,土銀-嘉義,2024-09-23,1034
2408,南亞科,6,2,4,土銀-嘉義,2024-09-23,1034
2412,中華電,6,2,4,土銀-嘉義,2024-09-23,1034
3078,僑威,9,5,4,土銀-嘉義,2024-09-23,1034
3374,精材,14,10,4,土銀-嘉義,2024-09-23,1034
6405,悅城,4,0,4,土銀-嘉義,2024-09-23,1034
00740B,富邦全球投等債,3,0,3,土銀-嘉義,2024-09-23,1034
1321,大洋,3,0,3,土銀-嘉義,2024-09-23,1034
2009,第一銅,3,0,3,土銀-嘉義,2024-09-23,1034
2401,凌陽,3,0,3,土銀-嘉義,2024-09-23,1034
2495,普安,4,1,3,土銀-嘉義,2024-09-23,1034
2515,中工,6,3,3,土銀-嘉義,2024-09-23,1034
2539,櫻花建,3,0,3,土銀-嘉義,2024-09-23,1034
2845,遠東銀,3,0,3,土銀-嘉義,2024-09-23,1034
00948B,中信優息投資級債,330,0,330,土銀-嘉義,2024-09-24,1034
00688L,國泰20年美債正2,72,0,72,土銀-嘉義,2024-09-24,1034
00632R,元大台灣50反1,70,0,70,土銀-嘉義,2024-09-24,1034
2890,永豐金,60,0,60,土銀-嘉義,2024-09-24,1034
2887,台新金,59,0,59,土銀-嘉義,2024-09-24,1034
2371,大同,31,1,30,土銀-嘉義,2024-09-24,1034
9105,泰金寶-DR,30,0,30,土銀-嘉義,2024-09-24,1034
00919,群益台灣精選高息,22,0,22,土銀-嘉義,2024-09-24,1034
00712,復華富時不動產,19,0,19,土銀-嘉義,2024-09-24,1034
1325,恆大,18,0,18,土銀-嘉義,2024-09-24,1034
3550,聯穎,18,0,18,土銀-嘉義,2024-09-24,1034
00893,國泰智能電動車,15,0,15,土銀-嘉義,2024-09-24,1034
8039,台虹,15,0,15,土銀-嘉義,2024-09-24,1034
2344,華邦電,13,0,13,土銀-嘉義,2024-09-24,1034
8033,雷虎,18,5,13,土銀-嘉義,2024-09-24,1034
1504,東元,12,0,12,土銀-嘉義,2024-09-24,1034
1314,中石化,10,0,10,土銀-嘉義,2024-09-24,1034
00915,凱基優選高股息30,10,0,10,土銀-嘉義,2024-09-24,1034
3005,神基,10,0,10,土銀-嘉義,2024-09-24,1034
3050,鈺德,10,0,10,土銀-嘉義,2024-09-24,1034
4114,健喬,10,0,10,土銀-嘉義,2024-09-24,1034
6492,生華科,10,0,10,土銀-嘉義,2024-09-24,1034
6698,旭暉應材,12,2,10,土銀-嘉義,2024-09-24,1034
4510,高鋒,12,3,9,土銀-嘉義,2024-09-24,1034
00680L,元大美債20正2,8,0,8,土銀-嘉義,2024-09-24,1034
1609,大亞,30,22,8,土銀-嘉義,2024-09-24,1034
1776,展宇,10,2,8,土銀-嘉義,2024-09-24,1034
4979,華星光,10,2,8,土銀-嘉義,2024-09-24,1034
6532,瑞耘,7,0,7,土銀-嘉義,2024-09-24,1034
3049,精金,7,1,6,土銀-嘉義,2024-09-24,1034
2313,華通,7,1,6,土銀-嘉義,2024-09-24,1034
2399,映泰,50,44,6,土銀-嘉義,2024-09-24,1034
2408,南亞科,6,0,6,土銀-嘉義,2024-09-24,1034
8112,至上,6,0,6,土銀-嘉義,2024-09-24,1034
00937B,群益ESG投等債20,5,0,5,土銀-嘉義,2024-09-24,1034
00946,群益科技高息成長,5,0,5,土銀-嘉義,2024-09-24,1034
00958B,永豐ESG銀行債15,5,0,5,土銀-嘉義,2024-09-24,1034
00952,凱基台灣AI50,5,0,5,土銀-嘉義,2024-09-24,1034
2105,正新,5,0,5,土銀-嘉義,2024-09-24,1034
2332,友訊,5,0,5,土銀-嘉義,2024-09-24,1034
2428,興勤,5,0,5,土銀-嘉義,2024-09-24,1034
2605,新興,9,4,5,土銀-嘉義,2024-09-24,1034
2891,中信金,5,0,5,土銀-嘉義,2024-09-24,1034
5483,中美晶,5,0,5,土銀-嘉義,2024-09-24,1034
8027,鈦昇,6,1,5,土銀-嘉義,2024-09-24,1034
8046,南電,5,0,5,土銀-嘉義,2024-09-24,1034
8147,正淩,5,0,5,土銀-嘉義,2024-09-24,1034
2609,陽明,62,57,5,土銀-嘉義,2024-09-24,1034
0056,元大高股息,4,0,4,土銀-嘉義,2024-09-24,1034
00687B,國泰20年美債,13,9,4,土銀-嘉義,2024-09-24,1034
00687B,國泰20年美債,240,41,199,土銀-嘉義,2024-09-25,1034
2845,遠東銀,150,0,150,土銀-嘉義,2024-09-25,1034
00948B,中信優息投資級債,100,0,100,土銀-嘉義,2024-09-25,1034
00632R,元大台灣50反1,100,0,100,土銀-嘉義,2024-09-25,1034
00680L,元大美債20正2,95,0,95,土銀-嘉義,2024-09-25,1034
00885,富邦越南,50,0,50,土銀-嘉義,2024-09-25,1034
2890,永豐金,106,58,48,土銀-嘉義,2024-09-25,1034
00725B,國泰投資級公司債,37,0,37,土銀-嘉義,2024-09-25,1034
2882,國泰金,30,0,30,土銀-嘉義,2024-09-25,1034
6505,台塑化,26,0,26,土銀-嘉義,2024-09-25,1034
1314,中石化,24,0,24,土銀-嘉義,2024-09-25,1034
2801,彰銀,21,0,21,土銀-嘉義,2024-09-25,1034
00650L,復華香港正2,40,20,20,土銀-嘉義,2024-09-25,1034
6173,信昌電,15,0,15,土銀-嘉義,2024-09-25,1034
8076,伍豐,18,3,15,土銀-嘉義,2024-09-25,1034
3481,群創,18,5,13,土銀-嘉義,2024-09-25,1034
1717,長興,13,0,13,土銀-嘉義,2024-09-25,1034
2897,王道銀行,13,0,13,土銀-嘉義,2024-09-25,1034
00931B,統一美債20年,12,0,12,土銀-嘉義,2024-09-25,1034
2834,臺企銀,12,0,12,土銀-嘉義,2024-09-25,1034
3047,訊舟,12,0,12,土銀-嘉義,2024-09-25,1034
2402,毅嘉,12,1,11,土銀-嘉義,2024-09-25,1034
6548,長科*,13,2,11,土銀-嘉義,2024-09-25,1034
00933B,國泰10Y+金融債,10,0,10,土銀-嘉義,2024-09-25,1034
2916,滿心,10,0,10,土銀-嘉義,2024-09-25,1034
3049,精金,10,0,10,土銀-嘉義,2024-09-25,1034
3149,正達,13,3,10,土銀-嘉義,2024-09-25,1034
8111,立��,10,0,10,土銀-嘉義,2024-09-25,1034
8341,日友,10,0,10,土銀-嘉義,2024-09-25,1034
00679B,元大美債20年,39,30,9,土銀-嘉義,2024-09-25,1034
00675L,富邦臺灣加權正2,10,1,9,土銀-嘉義,2024-09-25,1034
00946,群益科技高息成長,9,0,9,土銀-嘉義,2024-09-25,1034
6215,和椿,10,1,9,土銀-嘉義,2024-09-25,1034
2363,矽統,10,2,8,土銀-嘉義,2024-09-25,1034
2329,華泰,9,1,8,土銀-嘉義,2024-09-25,1034
2408,南亞科,10,2,8,土銀-嘉義,2024-09-25,1034
2883,凱基金,7,0,7,土銀-嘉義,2024-09-25,1034
2891,中信金,9,2,7,土銀-嘉義,2024-09-25,1034
00960,野村全球航運龍頭,64,58,6,土銀-嘉義,2024-09-25,1034
3360,尚立,6,0,6,土銀-嘉義,2024-09-25,1034
9105,泰金寶-DR,7,1,6,土銀-嘉義,2024-09-25,1034
00712,復華富時不動產,5,0,5,土銀-嘉義,2024-09-25,1034
00939,統一台灣高息動能,8,3,5,土銀-嘉義,2024-09-25,1034
1303,南亞,5,0,5,土銀-嘉義,2024-09-25,1034
2367,燿華,10,5,5,土銀-嘉義,2024-09-25,1034
3284,太普高,5,0,5,土銀-嘉義,2024-09-25,1034
5488,松普,5,0,5,土銀-嘉義,2024-09-25,1034
5508,永信建,7,2,5,土銀-嘉義,2024-09-25,1034
6799,來頡,5,0,5,土銀-嘉義,2024-09-25,1034
8255,朋程,5,0,5,土銀-嘉義,2024-09-25,1034
2897,王道銀行,300,0,300,土銀-嘉義,2024-09-26,1034
2888,新光金,184,27,157,土銀-嘉義,2024-09-26,1034
00680L,元大美債20正2,41,0,41,土銀-嘉義,2024-09-26,1034
00687B,國泰20年美債,40,0,40,土銀-嘉義,2024-09-26,1034
2881,富邦金,39,4,35,土銀-嘉義,2024-09-26,1034
00960,野村全球航運龍頭,54,30,24,土銀-嘉義,2024-09-26,1034
1314,中石化,20,0,20,土銀-嘉義,2024-09-26,1034
1609,大亞,20,0,20,土銀-嘉義,2024-09-26,1034
2457,飛宏,20,0,20,土銀-嘉義,2024-09-26,1034
2605,新興,23,3,20,土銀-嘉義,2024-09-26,1034
2801,彰銀,20,0,20,土銀-嘉義,2024-09-26,1034
4306,炎洲,20,0,20,土銀-嘉義,2024-09-26,1034
2354,鴻準,22,3,19,土銀-嘉義,2024-09-26,1034
2882,國泰金,24,10,14,土銀-嘉義,2024-09-26,1034
00715L,期街口布蘭特正2,13,0,13,土銀-嘉義,2024-09-26,1034
00958B,永豐ESG銀行債15,12,0,12,土銀-嘉義,2024-09-26,1034
2486,一詮,12,0,12,土銀-嘉義,2024-09-26,1034
00946,群益科技高息成長,11,0,11,土銀-嘉義,2024-09-26,1034
00679B,元大美債20年,11,0,11,土銀-嘉義,2024-09-26,1034
1540,喬福,11,0,11,土銀-嘉義,2024-09-26,1034
8070,長華*,11,0,11,土銀-嘉義,2024-09-26,1034
9927,泰銘,10,0,10,土銀-嘉義,2024-09-26,1034
1101,台泥,10,0,10,土銀-嘉義,2024-09-26,1034
2344,華邦電,17,7,10,土銀-嘉義,2024-09-26,1034
2408,南亞科,10,0,10,土銀-嘉義,2024-09-26,1034
3360,尚立,10,0,10,土銀-嘉義,2024-09-26,1034
6923,中台,10,0,10,土銀-嘉義,2024-09-26,1034
2303,聯電,20,11,9,土銀-嘉義,2024-09-26,1034
2618,長榮航,10,1,9,土銀-嘉義,2024-09-26,1034
2613,中櫃,16,8,8,土銀-嘉義,2024-09-26,1034
0056,元大高股息,8,1,7,土銀-嘉義,2024-09-26,1034
2464,盟立,7,0,7,土銀-嘉義,2024-09-26,1034
2752,豆府,7,0,7,土銀-嘉義,2024-09-26,1034
6188,廣明,7,0,7,土銀-嘉義,2024-09-26,1034
00937B,群益ESG投等債20,8,2,6,土銀-嘉義,2024-09-26,1034
2356,英業達,6,0,6,土銀-嘉義,2024-09-26,1034
3019,亞光,39,33,6,土銀-嘉義,2024-09-26,1034
3484,崧騰,6,0,6,土銀-嘉義,2024-09-26,1034
2317,鴻海,17,12,5,土銀-嘉義,2024-09-26,1034
2401,凌陽,7,2,5,土銀-嘉義,2024-09-26,1034
2427,三商電,5,0,5,土銀-嘉義,2024-09-26,1034
2885,元大金,5,0,5,土銀-嘉義,2024-09-26,1034
2889,國票金,6,1,5,土銀-嘉義,2024-09-26,1034
2915,潤泰全,5,0,5,土銀-嘉義,2024-09-26,1034
6431,光麗-KY,5,0,5,土銀-嘉義,2024-09-26,1034
1808,潤隆,4,0,4,土銀-嘉義,2024-09-26,1034
00878,國泰永續高股息,4,0,4,土銀-嘉義,2024-09-26,1034
1528,恩德,4,0,4,土銀-嘉義,2024-09-26,1034
2313,華通,4,0,4,土銀-嘉義,2024-09-26,1034
6284,佳邦,4,0,4,土銀-嘉義,2024-09-26,1034
2897,王道銀行,250,0,250,土銀-嘉義,2024-09-27,1034
00632R,元大台灣50反1,100,30,70,土銀-嘉義,2024-09-27,1034
2890,永豐金,39,1,38,土銀-嘉義,2024-09-27,1034
00878,國泰永續高股息,40,5,35,土銀-嘉義,2024-09-27,1034
00948B,中信優息投資級債,35,0,35,土銀-嘉義,2024-09-27,1034
00919,群益台灣精選高息,35,1,34,土銀-嘉義,2024-09-27,1034
2883,凱基金,35,2,33,土銀-嘉義,2024-09-27,1034
3363,上詮,44,20,24,土銀-嘉義,2024-09-27,1034
1714,和桐,20,0,20,土銀-嘉義,2024-09-27,1034
2408,南亞科,27,7,20,土銀-嘉義,2024-09-27,1034
2888,新光金,20,0,20,土銀-嘉義,2024-09-27,1034
4952,凌通,20,0,20,土銀-嘉義,2024-09-27,1034
2303,聯電,21,1,20,土銀-嘉義,2024-09-27,1034
00650L,復華香港正2,160,141,19,土銀-嘉義,2024-09-27,1034
1909,榮成,20,1,19,土銀-嘉義,2024-09-27,1034
00712,復華富時不動產,28,10,18,土銀-嘉義,2024-09-27,1034
2371,大同,22,6,16,土銀-嘉義,2024-09-27,1034
00687B,國泰20年美債,25,11,14,土銀-嘉義,2024-09-27,1034
00715L,期街口布蘭特正2,11,0,11,土銀-嘉義,2024-09-27,1034
00958B,永豐ESG銀行債15,11,0,11,土銀-嘉義,2024-09-27,1034
2406,國碩,10,0,10,土銀-嘉義,2024-09-27,1034
2891,中信金,10,0,10,土銀-嘉義,2024-09-27,1034
3024,憶聲,10,0,10,土銀-嘉義,2024-09-27,1034
4114,健喬,10,0,10,土銀-嘉義,2024-09-27,1034
00960,野村全球航運龍頭,20,11,9,土銀-嘉義,2024-09-27,1034
4979,華星光,17,8,9,土銀-嘉義,2024-09-27,1034
2609,陽明,44,35,9,土銀-嘉義,2024-09-27,1034
3047,訊舟,8,0,8,土銀-嘉義,2024-09-27,1034
3260,威剛,9,1,8,土銀-嘉義,2024-09-27,1034
2344,華邦電,10,3,7,土銀-嘉義,2024-09-27,1034
3078,僑威,7,0,7,土銀-嘉義,2024-09-27,1034
00725B,國泰投資級公司債,5,0,5,土銀-嘉義,2024-09-27,1034
2009,第一銅,5,0,5,土銀-嘉義,2024-09-27,1034
2484,希華,5,0,5,土銀-嘉義,2024-09-27,1034
3227,原相,5,0,5,土銀-嘉義,2024-09-27,1034
3294,英濟,5,0,5,土銀-嘉義,2024-09-27,1034
3450,聯鈞,10,6,4,土銀-嘉義,2024-09-27,1034
1304,台聚,15,11,4,土銀-嘉義,2024-09-27,1034
1301,台塑,8,4,4,土銀-嘉義,2024-09-27,1034
2351,順德,5,1,4,土銀-嘉義,2024-09-27,1034
2392,正崴,4,0,4,土銀-嘉義,2024-09-27,1034
2887,台新金,5,1,4,土銀-嘉義,2024-09-27,1034
3013,晟銘電,7,3,4,土銀-嘉義,2024-09-27,1034
3607,谷崧,4,0,4,土銀-嘉義,2024-09-27,1034
4128,中天,4,0,4,土銀-嘉義,2024-09-27,1034
4760,勤凱,6,2,4,土銀-嘉義,2024-09-27,1034
6173,信昌電,7,3,4,土銀-嘉義,2024-09-27,1034
2383,台光電,4,1,3,土銀-嘉義,2024-09-27,1034
3711,日月光投控,3,0,3,土銀-嘉義,2024-09-27,1034
00953B,群益優選非投等債,3,0,3,土銀-嘉義,2024-09-27,1034
00948B,中信優息投資級債,1250,0,1250,土銀-嘉義,2024-09-30,1034
00687B,國泰20年美債,145,3,142,土銀-嘉義,2024-09-30,1034
00919,群益台灣精選高息,85,4,81,土銀-嘉義,2024-09-30,1034
2539,櫻花建,36,0,36,土銀-嘉義,2024-09-30,1034
4157,太景*-KY,30,0,30,土銀-嘉義,2024-09-30,1034
00939,統一台灣高息動能,20,0,20,土銀-嘉義,2024-09-30,1034
2017,官田鋼,20,0,20,土銀-嘉義,2024-09-30,1034
2241,艾姆勒,20,0,20,土銀-嘉義,2024-09-30,1034
2371,大同,20,0,20,土銀-嘉義,2024-09-30,1034
4760,勤凱,20,0,20,土銀-嘉義,2024-09-30,1034
1325,恆大,18,0,18,土銀-嘉義,2024-09-30,1034
2313,華通,15,0,15,土銀-嘉義,2024-09-30,1034
2330,台積電,15,1,14,土銀-嘉義,2024-09-30,1034
2312,金寶,16,2,14,土銀-嘉義,2024-09-30,1034
2603,長榮,12,0,12,土銀-嘉義,2024-09-30,1034
2002,中鋼,36,25,11,土銀-嘉義,2024-09-30,1034
2353,宏��,11,0,11,土銀-嘉義,2024-09-30,1034
00893,國泰智能電動車,10,0,10,土銀-嘉義,2024-09-30,1034
1609,大亞,10,0,10,土銀-嘉義,2024-09-30,1034
1909,榮成,10,0,10,土銀-嘉義,2024-09-30,1034
2406,國碩,10,0,10,土銀-嘉義,2024-09-30,1034
2317,鴻海,9,1,8,土銀-嘉義,2024-09-30,1034
2888,新光金,10,2,8,土銀-嘉義,2024-09-30,1034
2382,廣達,8,1,7,土銀-嘉義,2024-09-30,1034
2014,中鴻,56,49,7,土銀-嘉義,2024-09-30,1034
2880,華南金,7,0,7,土銀-嘉義,2024-09-30,1034
2881,富邦金,7,0,7,土銀-嘉義,2024-09-30,1034
1303,南亞,10,4,6,土銀-嘉義,2024-09-30,1034
2356,英業達,6,0,6,土銀-嘉義,2024-09-30,1034
2889,國票金,6,0,6,土銀-嘉義,2024-09-30,1034
3037,欣興,7,1,6,土銀-嘉義,2024-09-30,1034
3714,富采,6,0,6,土銀-嘉義,2024-09-30,1034
8383,千附,6,0,6,土銀-嘉義,2024-09-30,1034
00959B,大華投等美債15Y+,5,0,5,土銀-嘉義,2024-09-30,1034
2428,興勤,5,0,5,土銀-嘉義,2024-09-30,1034
4919,新唐,9,4,5,土銀-嘉義,2024-09-30,1034
6109,亞元,5,0,5,土銀-嘉義,2024-09-30,1034
6284,佳邦,5,0,5,土銀-嘉義,2024-09-30,1034
8076,伍豐,5,0,5,土銀-嘉義,2024-09-30,1034
0056,元大高股息,5,0,5,土銀-嘉義,2024-09-30,1034
00937B,群益ESG投等債20,4,0,4,土銀-嘉義,2024-09-30,1034
1582,信錦,4,0,4,土銀-嘉義,2024-09-30,1034
00752,中信中國50,4,0,4,土銀-嘉義,2024-09-30,1034
00712,復華富時不動產,4,0,4,土銀-嘉義,2024-09-30,1034
2107,厚生,4,0,4,土銀-嘉義,2024-09-30,1034
3149,正達,7,3,4,土銀-嘉義,2024-09-30,1034
2308,台達電,3,0,3,土銀-嘉義,2024-09-30,1034
00923,群益台ESG低碳50,3,0,3,土銀-嘉義,2024-09-30,1034
00665L,富邦�琤肭磪囓�2,8,5,3,土銀-嘉義,2024-09-30,1034
1326,台化,4,1,3,土銀-嘉義,2024-09-30,1034
00937B,群益ESG投等債20,65,0,65,土銀-嘉義,2024-10-01,1034
4931,新盛力,50,0,50,土銀-嘉義,2024-10-01,1034
2613,中櫃,46,0,46,土銀-嘉義,2024-10-01,1034
2882,國泰金,48,2,46,土銀-嘉義,2024-10-01,1034
00929,復華台灣科技優息,45,5,40,土銀-嘉義,2024-10-01,1034
2888,新光金,50,10,40,土銀-嘉義,2024-10-01,1034
2881,富邦金,37,0,37,土銀-嘉義,2024-10-01,1034
1597,直得,25,0,25,土銀-嘉義,2024-10-01,1034
00878,國泰永續高股息,25,0,25,土銀-嘉義,2024-10-01,1034
0056,元大高股息,22,0,22,土銀-嘉義,2024-10-01,1034
00934,中信成長高股息,21,0,21,土銀-嘉義,2024-10-01,1034
00919,群益台灣精選高息,22,2,20,土銀-嘉義,2024-10-01,1034
2002,中鋼,20,0,20,土銀-嘉義,2024-10-01,1034
2601,益航,20,0,20,土銀-嘉義,2024-10-01,1034
00650L,復華香港正2,19,0,19,土銀-嘉義,2024-10-01,1034
4174,浩鼎,17,0,17,土銀-嘉義,2024-10-01,1034
4760,勤凱,15,0,15,土銀-嘉義,2024-10-01,1034
3290,東浦,14,0,14,土銀-嘉義,2024-10-01,1034
1711,永光,13,1,12,土銀-嘉義,2024-10-01,1034
2353,宏��,15,4,11,土銀-嘉義,2024-10-01,1034
00893,國泰智能電動車,10,0,10,土銀-嘉義,2024-10-01,1034
2017,官田鋼,10,0,10,土銀-嘉義,2024-10-01,1034
2241,艾姆勒,10,0,10,土銀-嘉義,2024-10-01,1034
2303,聯電,10,0,10,土銀-嘉義,2024-10-01,1034
2344,華邦電,15,6,9,土銀-嘉義,2024-10-01,1034
2376,技嘉,10,1,9,土銀-嘉義,2024-10-01,1034
2382,廣達,11,2,9,土銀-嘉義,2024-10-01,1034
1464,得力,7,0,7,土銀-嘉義,2024-10-01,1034
1504,東元,6,0,6,土銀-嘉義,2024-10-01,1034
2880,華南金,6,0,6,土銀-嘉義,2024-10-01,1034
2889,國票金,6,0,6,土銀-嘉義,2024-10-01,1034
00679B,元大美債20年,5,0,5,土銀-嘉義,2024-10-01,1034
2362,藍天,5,0,5,土銀-嘉義,2024-10-01,1034
2406,國碩,5,0,5,土銀-嘉義,2024-10-01,1034
2504,國產,5,0,5,土銀-嘉義,2024-10-01,1034
3231,緯創,6,1,5,土銀-嘉義,2024-10-01,1034
3284,太普高,5,0,5,土銀-嘉義,2024-10-01,1034
5452,佶優,6,1,5,土銀-嘉義,2024-10-01,1034
8473,山林水,5,0,5,土銀-嘉義,2024-10-01,1034
1513,中興電,16,12,4,土銀-嘉義,2024-10-01,1034
1307,三芳,4,0,4,土銀-嘉義,2024-10-01,1034
2312,金寶,4,0,4,土銀-嘉義,2024-10-01,1034
2404,漢唐,4,0,4,土銀-嘉義,2024-10-01,1034
3260,威剛,4,0,4,土銀-嘉義,2024-10-01,1034
6438,迅得,4,0,4,土銀-嘉義,2024-10-01,1034
2449,京元電子,3,0,3,土銀-嘉義,2024-10-01,1034
2383,台光電,3,0,3,土銀-嘉義,2024-10-01,1034
2634,漢翔,3,0,3,土銀-嘉義,2024-10-01,1034
2645,長榮航太,3,0,3,土銀-嘉義,2024-10-01,1034
2801,彰銀,3,0,3,土銀-嘉義,2024-10-01,1034
00937B,群益ESG投等債20,103,0,103,土銀-嘉義,2024-10-04,1034
00929,復華台灣科技優息,64,0,64,土銀-嘉義,2024-10-04,1034
0056,元大高股息,54,0,54,土銀-嘉義,2024-10-04,1034
00919,群益台灣精選高息,41,1,40,土銀-嘉義,2024-10-04,1034
2609,陽明,55,16,39,土銀-嘉義,2024-10-04,1034
4114,健喬,30,0,30,土銀-嘉義,2024-10-04,1034
00680L,元大美債20正2,45,20,25,土銀-嘉義,2024-10-04,1034
2313,華通,22,1,21,土銀-嘉義,2024-10-04,1034
00632R,元大台灣50反1,20,0,20,土銀-嘉義,2024-10-04,1034
6770,力積電,22,2,20,土銀-嘉義,2024-10-04,1034
00940,元大台灣價值高息,26,10,16,土銀-嘉義,2024-10-04,1034
00665L,富邦�琤肭磪囓�2,17,2,15,土銀-嘉義,2024-10-04,1034
8249,菱光,22,10,12,土銀-嘉義,2024-10-04,1034
00931B,統一美債20年,11,0,11,土銀-嘉義,2024-10-04,1034
2002,中鋼,26,15,11,土銀-嘉義,2024-10-04,1034
2353,宏��,12,1,11,土銀-嘉義,2024-10-04,1034
00946,群益科技高息成長,10,0,10,土銀-嘉義,2024-10-04,1034
1722,台肥,10,0,10,土銀-嘉義,2024-10-04,1034
2204,中華,10,0,10,土銀-嘉義,2024-10-04,1034
3149,正達,10,0,10,土銀-嘉義,2024-10-04,1034
3537,堡達,10,0,10,土銀-嘉義,2024-10-04,1034
4934,太極,10,0,10,土銀-嘉義,2024-10-04,1034
2449,京元電子,10,0,10,土銀-嘉義,2024-10-04,1034
5014,建錩,11,1,10,土銀-嘉義,2024-10-04,1034
1305,華夏,10,1,9,土銀-嘉義,2024-10-04,1034
2603,長榮,12,3,9,土銀-嘉義,2024-10-04,1034
6126,信音,10,2,8,土銀-嘉義,2024-10-04,1034
00679B,元大美債20年,7,0,7,土銀-嘉義,2024-10-04,1034
2615,萬海,10,3,7,土銀-嘉義,2024-10-04,1034
00918,大華優利高填息30,7,0,7,土銀-嘉義,2024-10-04,1034
1785,光洋科,7,0,7,土銀-嘉義,2024-10-04,1034
2610,華航,7,0,7,土銀-嘉義,2024-10-04,1034
00960,野村全球航運龍頭,6,0,6,土銀-嘉義,2024-10-04,1034
1216,統一,6,0,6,土銀-嘉義,2024-10-04,1034
2801,彰銀,6,0,6,土銀-嘉義,2024-10-04,1034
2892,第一金,6,0,6,土銀-嘉義,2024-10-04,1034
8096,擎亞,6,0,6,土銀-嘉義,2024-10-04,1034
00712,復華富時不動產,5,0,5,土銀-嘉義,2024-10-04,1034
00893,國泰智能電動車,5,0,5,土銀-嘉義,2024-10-04,1034
1720,生達,5,0,5,土銀-嘉義,2024-10-04,1034
2312,金寶,6,1,5,土銀-嘉義,2024-10-04,1034
2464,盟立,5,0,5,土銀-嘉義,2024-10-04,1034
2515,中工,5,0,5,土銀-嘉義,2024-10-04,1034
3048,益登,5,0,5,土銀-嘉義,2024-10-04,1034
3339,泰谷,5,0,5,土銀-嘉義,2024-10-04,1034
3580,友威科,5,0,5,土銀-嘉義,2024-10-04,1034
3714,富采,6,1,5,土銀-嘉義,2024-10-04,1034
4566,時碩工業,5,0,5,土銀-嘉義,2024-10-04,1034
5493,三聯,5,0,5,土銀-嘉義,2024-10-04,1034
6215,和椿,5,0,5,土銀-嘉義,2024-10-04,1034
00632R,元大台灣50反1,232,50,182,土銀-嘉義,2024-10-07,1034
1802,台玻,65,1,64,土銀-嘉義,2024-10-07,1034
00680L,元大美債20正2,79,20,59,土銀-嘉義,2024-10-07,1034
1605,華新,50,0,50,土銀-嘉義,2024-10-07,1034
00912,中信臺灣智慧50,50,10,40,土銀-嘉義,2024-10-07,1034
00878,國泰永續高股息,40,0,40,土銀-嘉義,2024-10-07,1034
2892,第一金,28,0,28,土銀-嘉義,2024-10-07,1034
2303,聯電,45,21,24,土銀-嘉義,2024-10-07,1034
1595,川寶,21,0,21,土銀-嘉義,2024-10-07,1034
00656R,國泰中國A50反1,20,0,20,土銀-嘉義,2024-10-07,1034
00830,國泰費城半導體,20,0,20,土銀-嘉義,2024-10-07,1034
00764B,群益25年美債,20,0,20,土銀-嘉義,2024-10-07,1034
1815,富喬,20,0,20,土銀-嘉義,2024-10-07,1034
1325,恆大,19,0,19,土銀-嘉義,2024-10-07,1034
2601,益航,22,4,18,土銀-嘉義,2024-10-07,1034
2344,華邦電,11,0,11,土銀-嘉義,2024-10-07,1034
2801,彰銀,11,0,11,土銀-嘉義,2024-10-07,1034
3591,艾笛森,11,0,11,土銀-嘉義,2024-10-07,1034
00922,國泰台灣領袖50,10,0,10,土銀-嘉義,2024-10-07,1034
00892,富邦台灣半導體,10,0,10,土銀-嘉義,2024-10-07,1034
2495,普安,10,0,10,土銀-嘉義,2024-10-07,1034
6126,信音,10,0,10,土銀-嘉義,2024-10-07,1034
6431,光麗-KY,10,0,10,土銀-嘉義,2024-10-07,1034
2313,華通,9,0,9,土銀-嘉義,2024-10-07,1034
2408,南亞科,9,0,9,土銀-嘉義,2024-10-07,1034
3049,精金,11,2,9,土銀-嘉義,2024-10-07,1034
5351,鈺創,9,0,9,土銀-嘉義,2024-10-07,1034
00639,富邦深100,8,0,8,土銀-嘉義,2024-10-07,1034
2880,華南金,8,0,8,土銀-嘉義,2024-10-07,1034
00665L,富邦�琤肭磪囓�2,7,0,7,土銀-嘉義,2024-10-07,1034
00688L,國泰20年美債正2,7,0,7,土銀-嘉義,2024-10-07,1034
1314,中石化,7,0,7,土銀-嘉義,2024-10-07,1034
2356,英業達,7,0,7,土銀-嘉義,2024-10-07,1034
3714,富采,7,0,7,土銀-嘉義,2024-10-07,1034
8039,台虹,7,0,7,土銀-嘉義,2024-10-07,1034
00726B,國泰新興投等債,6,0,6,土銀-嘉義,2024-10-07,1034
2374,佳能,7,1,6,土銀-嘉義,2024-10-07,1034
00881,國泰台灣5G+,10,5,5,土銀-嘉義,2024-10-07,1034
0056,元大高股息,5,0,5,土銀-嘉義,2024-10-07,1034
2891,中信金,6,1,5,土銀-嘉義,2024-10-07,1034
3339,泰谷,5,0,5,土銀-嘉義,2024-10-07,1034
4142,國光生,5,0,5,土銀-嘉義,2024-10-07,1034
4402,郡都開發,5,0,5,土銀-嘉義,2024-10-07,1034
4967,十銓,5,0,5,土銀-嘉義,2024-10-07,1034
6218,豪勉,5,0,5,土銀-嘉義,2024-10-07,1034
6598,ABC-KY,5,0,5,土銀-嘉義,2024-10-07,1034
2317,鴻海,11,7,4,土銀-嘉義,2024-10-07,1034
00675L,富邦臺灣加權正2,4,0,4,土銀-嘉義,2024-10-07,1034
2362,藍天,4,0,4,土銀-嘉義,2024-10-07,1034
3062,建漢,42,38,4,土銀-嘉義,2024-10-07,1034
2801,彰銀,257,0,257,土銀-嘉義,2024-10-08,1034
00650L,復華香港正2,150,50,100,土銀-嘉義,2024-10-08,1034
00929,復華台灣科技優息,86,5,81,土銀-嘉義,2024-10-08,1034
1314,中石化,69,1,68,土銀-嘉義,2024-10-08,1034
2367,燿華,57,0,57,土銀-嘉義,2024-10-08,1034
00919,群益台灣精選高息,55,0,55,土銀-嘉義,2024-10-08,1034
00720B,元大投資級公司債,51,0,51,土銀-嘉義,2024-10-08,1034
0056,元大高股息,41,0,41,土銀-嘉義,2024-10-08,1034
2601,益航,36,10,26,土銀-嘉義,2024-10-08,1034
00922,國泰台灣領袖50,21,0,21,土銀-嘉義,2024-10-08,1034
00934,中信成長高股息,21,0,21,土銀-嘉義,2024-10-08,1034
4908,前鼎,20,0,20,土銀-嘉義,2024-10-08,1034
5351,鈺創,24,4,20,土銀-嘉義,2024-10-08,1034
2888,新光金,18,0,18,土銀-嘉義,2024-10-08,1034
3481,群創,17,2,15,土銀-嘉義,2024-10-08,1034
00878,國泰永續高股息,14,0,14,土銀-嘉義,2024-10-08,1034
2371,大同,15,1,14,土銀-嘉義,2024-10-08,1034
2913,農林,14,0,14,土銀-嘉義,2024-10-08,1034
00637L,元大滬深300正2,32,19,13,土銀-嘉義,2024-10-08,1034
2402,毅嘉,16,4,12,土銀-嘉義,2024-10-08,1034
2889,國票金,12,0,12,土銀-嘉義,2024-10-08,1034
00655L,國泰中國A50正2,11,0,11,土銀-嘉義,2024-10-08,1034
1711,永光,11,0,11,土銀-嘉義,2024-10-08,1034
2353,宏��,11,0,11,土銀-嘉義,2024-10-08,1034
2408,南亞科,11,0,11,土銀-嘉義,2024-10-08,1034
2317,鴻海,12,1,11,土銀-嘉義,2024-10-08,1034
1229,聯華,10,0,10,土銀-嘉義,2024-10-08,1034
00943,兆豐電子高息等權,10,0,10,土銀-嘉義,2024-10-08,1034
00930,永豐ESG低碳高息,10,0,10,土銀-嘉義,2024-10-08,1034
00893,國泰智能電動車,10,0,10,土銀-嘉義,2024-10-08,1034
2344,華邦電,16,6,10,土銀-嘉義,2024-10-08,1034
2354,鴻準,10,0,10,土銀-嘉義,2024-10-08,1034
3189,景碩,10,0,10,土銀-嘉義,2024-10-08,1034
3591,艾笛森,10,0,10,土銀-嘉義,2024-10-08,1034
3673,TPK-KY,10,0,10,土銀-嘉義,2024-10-08,1034
1802,台玻,13,4,9,土銀-嘉義,2024-10-08,1034
2883,凱基金,9,0,9,土銀-嘉義,2024-10-08,1034
00726B,國泰新興投等債,8,0,8,土銀-嘉義,2024-10-08,1034
1727,中華化,8,0,8,土銀-嘉義,2024-10-08,1034
2425,承啟,8,0,8,土銀-嘉義,2024-10-08,1034
2880,華南金,8,0,8,土銀-嘉義,2024-10-08,1034
4956,光鋐,8,0,8,土銀-嘉義,2024-10-08,1034
3037,欣興,7,0,7,土銀-嘉義,2024-10-08,1034
00937B,群益ESG投等債20,7,0,7,土銀-嘉義,2024-10-08,1034
00643,群益深証中小,7,0,7,土銀-嘉義,2024-10-08,1034
00712,復華富時不動產,7,0,7,土銀-嘉義,2024-10-08,1034
3706,神達,8,1,7,土銀-嘉義,2024-10-08,1034
6173,信昌電,7,0,7,土銀-嘉義,2024-10-08,1034
8046,南電,7,0,7,土銀-嘉義,2024-10-08,1034
00918,大華優利高填息30,6,0,6,土銀-嘉義,2024-10-08,1034
2801,彰銀,255,0,255,土銀-嘉義,2024-10-09,1034
00632R,元大台灣50反1,100,0,100,土銀-嘉義,2024-10-09,1034
00753L,中信中國50正2,60,0,60,土銀-嘉義,2024-10-09,1034
00937B,群益ESG投等債20,60,0,60,土銀-嘉義,2024-10-09,1034
00943,兆豐電子高息等權,50,0,50,土銀-嘉義,2024-10-09,1034
1314,中石化,56,11,45,土銀-嘉義,2024-10-09,1034
00918,大華優利高填息30,51,8,43,土銀-嘉義,2024-10-09,1034
2609,陽明,55,12,43,土銀-嘉義,2024-10-09,1034
2891,中信金,41,0,41,土銀-嘉義,2024-10-09,1034
2888,新光金,38,4,34,土銀-嘉義,2024-10-09,1034
2367,燿華,35,3,32,土銀-嘉義,2024-10-09,1034
2881,富邦金,26,0,26,土銀-嘉義,2024-10-09,1034
2883,凱基金,21,0,21,土銀-嘉義,2024-10-09,1034
00948B,中信優息投資級債,21,0,21,土銀-嘉義,2024-10-09,1034
00940,元大台灣價值高息,20,0,20,土銀-嘉義,2024-10-09,1034
00650L,復華香港正2,80,60,20,土銀-嘉義,2024-10-09,1034
2890,永豐金,20,0,20,土銀-嘉義,2024-10-09,1034
00892,富邦台灣半導體,18,0,18,土銀-嘉義,2024-10-09,1034
3706,神達,20,2,18,土銀-嘉義,2024-10-09,1034
2363,矽統,25,9,16,土銀-嘉義,2024-10-09,1034
00665L,富邦�琤肭磪囓�2,15,0,15,土銀-嘉義,2024-10-09,1034
1325,恆大,14,0,14,土銀-嘉義,2024-10-09,1034
2915,潤泰全,14,0,14,土銀-嘉義,2024-10-09,1034
3615,安可,15,1,14,土銀-嘉義,2024-10-09,1034
00680L,元大美債20正2,12,0,12,土銀-嘉義,2024-10-09,1034
00679B,元大美債20年,12,0,12,土銀-嘉義,2024-10-09,1034
00637L,元大滬深300正2,23,11,12,土銀-嘉義,2024-10-09,1034
6457,紘康,12,0,12,土銀-嘉義,2024-10-09,1034
00929,復華台灣科技優息,14,3,11,土銀-嘉義,2024-10-09,1034
00939,統一台灣高息動能,10,0,10,土銀-嘉義,2024-10-09,1034
00952,凱基台灣AI50,10,0,10,土銀-嘉義,2024-10-09,1034
00830,國泰費城半導體,10,0,10,土銀-嘉義,2024-10-09,1034
4960,誠美材,10,0,10,土銀-嘉義,2024-10-09,1034
6923,中台,10,0,10,土銀-嘉義,2024-10-09,1034
2103,台橡,9,0,9,土銀-嘉義,2024-10-09,1034
2610,華航,10,1,9,土銀-嘉義,2024-10-09,1034
8429,金麗-KY,9,0,9,土銀-嘉義,2024-10-09,1034
2408,南亞科,8,0,8,土銀-嘉義,2024-10-09,1034
00882,中信中國高股息,16,8,8,土銀-嘉義,2024-10-09,1034
00726B,國泰新興投等債,8,0,8,土銀-嘉義,2024-10-09,1034
2501,國建,8,0,8,土銀-嘉義,2024-10-09,1034
3576,聯合再生,8,0,8,土銀-嘉義,2024-10-09,1034
6109,亞元,10,2,8,土銀-嘉義,2024-10-09,1034
00643,群益深証中小,7,0,7,土銀-嘉義,2024-10-09,1034
1101,台泥,7,0,7,土銀-嘉義,2024-10-09,1034
00945B,凱基美國非投等債,6,0,6,土銀-嘉義,2024-10-09,1034
1709,和益,6,0,6,土銀-嘉義,2024-10-09,1034
2365,昆盈,6,0,6,土銀-嘉義,2024-10-09,1034
3481,群創,10,4,6,土銀-嘉義,2024-10-09,1034
3550,聯穎,9,3,6,土銀-嘉義,2024-10-09,1034
00929,復華台灣科技優息,115,4,111,土銀-嘉義,2024-10-11,1034
2888,新光金,101,0,101,土銀-嘉義,2024-10-11,1034
00632R,元大台灣50反1,52,0,52,土銀-嘉義,2024-10-11,1034
00882,中信中國高股息,35,0,35,土銀-嘉義,2024-10-11,1034
00665L,富邦�琤肭磪囓�2,33,0,33,土銀-嘉義,2024-10-11,1034
006205,富邦上証,30,0,30,土銀-嘉義,2024-10-11,1034
4967,十銓,23,0,23,土銀-嘉義,2024-10-11,1034
00650L,復華香港正2,21,0,21,土銀-嘉義,2024-10-11,1034
3363,上詮,20,0,20,土銀-嘉義,2024-10-11,1034
2303,聯電,18,0,18,土銀-嘉義,2024-10-11,1034
2601,益航,20,3,17,土銀-嘉義,2024-10-11,1034
2615,萬海,16,0,16,土銀-嘉義,2024-10-11,1034
1504,東元,14,0,14,土銀-嘉義,2024-10-11,1034
00637L,元大滬深300正2,20,6,14,土銀-嘉義,2024-10-11,1034
2409,友達,13,0,13,土銀-嘉義,2024-10-11,1034
8383,千附,12,0,12,土銀-嘉義,2024-10-11,1034
00893,國泰智能電動車,11,0,11,土銀-嘉義,2024-10-11,1034
1721,三晃,23,12,11,土銀-嘉義,2024-10-11,1034
1101,台泥,10,0,10,土銀-嘉義,2024-10-11,1034
2891,中信金,10,0,10,土銀-嘉義,2024-10-11,1034
4306,炎洲,10,0,10,土銀-嘉義,2024-10-11,1034
2881,富邦金,10,0,10,土銀-嘉義,2024-10-11,1034
1711,永光,10,1,9,土銀-嘉義,2024-10-11,1034
2354,鴻準,10,1,9,土銀-嘉義,2024-10-11,1034
4766,南寶,9,0,9,土銀-嘉義,2024-10-11,1034
00887,永豐中國科技50大,8,0,8,土銀-嘉義,2024-10-11,1034
00960,野村全球航運龍頭,8,0,8,土銀-嘉義,2024-10-11,1034
0056,元大高股息,8,1,7,土銀-嘉義,2024-10-11,1034
2105,正新,7,0,7,土銀-嘉義,2024-10-11,1034
00945B,凱基美國非投等債,6,0,6,土銀-嘉義,2024-10-11,1034
1605,華新,6,0,6,土銀-嘉義,2024-10-11,1034
2388,威盛,9,3,6,土銀-嘉義,2024-10-11,1034
3430,奇鈦科,6,0,6,土銀-嘉義,2024-10-11,1034
00830,國泰費城半導體,5,0,5,土銀-嘉義,2024-10-11,1034
00948B,中信優息投資級債,5,0,5,土銀-嘉義,2024-10-11,1034
00919,群益台灣精選高息,5,0,5,土銀-嘉義,2024-10-11,1034
1325,恆大,5,0,5,土銀-嘉義,2024-10-11,1034
2890,永豐金,5,0,5,土銀-嘉義,2024-10-11,1034
3550,聯穎,5,0,5,土銀-嘉義,2024-10-11,1034
3591,艾笛森,5,0,5,土銀-嘉義,2024-10-11,1034
4506,崇友,5,0,5,土銀-嘉義,2024-10-11,1034
4915,致伸,5,0,5,土銀-嘉義,2024-10-11,1034
6116,彩晶,5,0,5,土銀-嘉義,2024-10-11,1034
8473,山林水,5,0,5,土銀-嘉義,2024-10-11,1034
00937B,群益ESG投等債20,4,0,4,土銀-嘉義,2024-10-11,1034
00673R,期元大S＆P原油反1,4,0,4,土銀-嘉義,2024-10-11,1034
00726B,國泰新興投等債,4,0,4,土銀-嘉義,2024-10-11,1034
1216,統一,4,0,4,土銀-嘉義,2024-10-11,1034
1527,鑽全,4,0,4,土銀-嘉義,2024-10-11,1034
1584,精剛,4,0,4,土銀-嘉義,2024-10-11,1034
2897,王道銀行,499,0,499,土銀-嘉義,2024-10-14,1034
00632R,元大台灣50反1,100,0,100,土銀-嘉義,2024-10-14,1034
00637L,元大滬深300正2,112,13,99,土銀-嘉義,2024-10-14,1034
00830,國泰費城半導體,90,0,90,土銀-嘉義,2024-10-14,1034
00948B,中信優息投資級債,55,0,55,土銀-嘉義,2024-10-14,1034
00897,富邦基因免疫生技,50,0,50,土銀-嘉義,2024-10-14,1034
00687B,國泰20年美債,34,0,34,土銀-嘉義,2024-10-14,1034
00753L,中信中國50正2,29,1,28,土銀-嘉義,2024-10-14,1034
00887,永豐中國科技50大,22,1,21,土銀-嘉義,2024-10-14,1034
4576,大銀微系統,20,0,20,土銀-嘉義,2024-10-14,1034
8111,立��,23,4,19,土銀-嘉義,2024-10-14,1034
4142,國光生,15,0,15,土銀-嘉義,2024-10-14,1034
00680L,元大美債20正2,11,0,11,土銀-嘉義,2024-10-14,1034
2801,彰銀,11,0,11,土銀-嘉義,2024-10-14,1034
9945,潤泰新,11,0,11,土銀-嘉義,2024-10-14,1034
2615,萬海,10,0,10,土銀-嘉義,2024-10-14,1034
00907,永豐優息存股,10,0,10,土銀-嘉義,2024-10-14,1034
00669R,國泰美國道瓊反1,10,0,10,土銀-嘉義,2024-10-14,1034
2020,美亞,10,0,10,土銀-嘉義,2024-10-14,1034
2354,鴻準,10,0,10,土銀-嘉義,2024-10-14,1034
3609,三一東林,10,0,10,土銀-嘉義,2024-10-14,1034
4114,健喬,9,0,9,土銀-嘉義,2024-10-14,1034
00675L,富邦臺灣加權正2,8,0,8,土銀-嘉義,2024-10-14,1034
2881,富邦金,8,0,8,土銀-嘉義,2024-10-14,1034
2883,凱基金,10,3,7,土銀-嘉義,2024-10-14,1034
2312,金寶,20,13,7,土銀-嘉義,2024-10-14,1034
1504,東元,6,0,6,土銀-嘉義,2024-10-14,1034
00937B,群益ESG投等債20,6,0,6,土銀-嘉義,2024-10-14,1034
2344,華邦電,6,0,6,土銀-嘉義,2024-10-14,1034
2426,鼎元,11,5,6,土銀-嘉義,2024-10-14,1034
4915,致伸,6,0,6,土銀-嘉義,2024-10-14,1034
4956,光鋐,7,1,6,土銀-嘉義,2024-10-14,1034
5243,乙盛-KY,6,0,6,土銀-嘉義,2024-10-14,1034
00882,中信中國高股息,8,3,5,土銀-嘉義,2024-10-14,1034
2388,威盛,5,0,5,土銀-嘉義,2024-10-14,1034
3230,錦明,5,0,5,土銀-嘉義,2024-10-14,1034
4303,信立,5,0,5,土銀-嘉義,2024-10-14,1034
4402,郡都開發,5,0,5,土銀-嘉義,2024-10-14,1034
6127,九豪,5,0,5,土銀-嘉義,2024-10-14,1034
6743,安普新,5,0,5,土銀-嘉義,2024-10-14,1034
2002,中鋼,6,1,5,土銀-嘉義,2024-10-14,1034
00725B,國泰投資級公司債,4,0,4,土銀-嘉義,2024-10-14,1034
00740B,富邦全球投等債,4,0,4,土銀-嘉義,2024-10-14,1034
1734,杏輝,4,0,4,土銀-嘉義,2024-10-14,1034
2645,長榮航太,4,0,4,土銀-嘉義,2024-10-14,1034
2891,中信金,5,1,4,土銀-嘉義,2024-10-14,1034
3049,精金,4,0,4,土銀-嘉義,2024-10-14,1034
6457,紘康,5,1,4,土銀-嘉義,2024-10-14,1034
1799,易威,3,0,3,土銀-嘉義,2024-10-14,1034
2421,建準,11,8,3,土銀-嘉義,2024-10-14,1034
2897,王道銀行,168,0,168,土銀-嘉義,2024-10-15,1034
00632R,元大台灣50反1,145,10,135,土銀-嘉義,2024-10-15,1034
00650L,復華香港正2,108,24,84,土銀-嘉義,2024-10-15,1034
00937B,群益ESG投等債20,65,0,65,土銀-嘉義,2024-10-15,1034
9105,泰金寶-DR,67,9,58,土銀-嘉義,2024-10-15,1034
00961,FT臺灣永續高息,56,0,56,土銀-嘉義,2024-10-15,1034
2888,新光金,85,30,55,土銀-嘉義,2024-10-15,1034
1605,華新,51,0,51,土銀-嘉義,2024-10-15,1034
00665L,富邦�琤肭磪囓�2,50,0,50,土銀-嘉義,2024-10-15,1034
1609,大亞,34,0,34,土銀-嘉義,2024-10-15,1034
3498,陽程,33,0,33,土銀-嘉義,2024-10-15,1034
4979,華星光,57,32,25,土銀-嘉義,2024-10-15,1034
2354,鴻準,21,0,21,土銀-嘉義,2024-10-15,1034
00943,兆豐電子高息等權,20,0,20,土銀-嘉義,2024-10-15,1034
00887,永豐中國科技50大,16,4,12,土銀-嘉義,2024-10-15,1034
1314,中石化,55,44,11,土銀-嘉義,2024-10-15,1034
2312,金寶,17,6,11,土銀-嘉義,2024-10-15,1034
2353,宏��,11,0,11,土銀-嘉義,2024-10-15,1034
00857B,永豐20年美公債,10,0,10,土銀-嘉義,2024-10-15,1034
2204,中華,10,0,10,土銀-嘉義,2024-10-15,1034
2615,萬海,13,3,10,土銀-嘉義,2024-10-15,1034
6719,力智,10,0,10,土銀-嘉義,2024-10-15,1034
8028,昇陽半導體,11,1,10,土銀-嘉義,2024-10-15,1034
2002,中鋼,10,1,9,土銀-嘉義,2024-10-15,1034
00637L,元大滬深300正2,19,11,8,土銀-嘉義,2024-10-15,1034
00878,國泰永續高股息,12,4,8,土銀-嘉義,2024-10-15,1034
00753L,中信中國50正2,77,70,7,土銀-嘉義,2024-10-15,1034
3167,大量,7,0,7,土銀-嘉義,2024-10-15,1034
5351,鈺創,7,0,7,土銀-嘉義,2024-10-15,1034
00934,中信成長高股息,6,0,6,土銀-嘉義,2024-10-15,1034
3078,僑威,7,1,6,土銀-嘉義,2024-10-15,1034
3354,律勝,9,3,6,土銀-嘉義,2024-10-15,1034
3580,友威科,7,1,6,土銀-嘉義,2024-10-15,1034
6505,台塑化,6,0,6,土銀-嘉義,2024-10-15,1034
00918,大華優利高填息30,5,0,5,土銀-嘉義,2024-10-15,1034
1528,恩德,5,0,5,土銀-嘉義,2024-10-15,1034
2243,宏旭-KY,5,0,5,土銀-嘉義,2024-10-15,1034
4138,曜亞,5,0,5,土銀-嘉義,2024-10-15,1034
6126,信音,5,0,5,土銀-嘉義,2024-10-15,1034
3339,泰谷,5,0,5,土銀-嘉義,2024-10-15,1034
2393,億光,4,0,4,土銀-嘉義,2024-10-15,1034
2399,映泰,8,4,4,土銀-嘉義,2024-10-15,1034
2606,裕民,4,0,4,土銀-嘉義,2024-10-15,1034
3029,零壹,4,0,4,土銀-嘉義,2024-10-15,1034
3545,敦泰,4,0,4,土銀-嘉義,2024-10-15,1034
6016,康和證,4,0,4,土銀-嘉義,2024-10-15,1034
4903,聯光通,8,5,3,土銀-嘉義,2024-10-15,1034
00919,群益台灣精選高息,3,0,3,土銀-嘉義,2024-10-15,1034
00891,中信關鍵半導體,3,0,3,土銀-嘉義,2024-10-15,1034
1303,南亞,3,0,3,土銀-嘉義,2024-10-15,1034
00948B,中信優息投資級債,475,0,475,土銀-嘉義,2024-10-16,1034
6770,力積電,102,2,100,土銀-嘉義,2024-10-16,1034
1605,華新,50,0,50,土銀-嘉義,2024-10-16,1034
2002,中鋼,30,0,30,土銀-嘉義,2024-10-16,1034
2618,長榮航,30,2,28,土銀-嘉義,2024-10-16,1034
2890,永豐金,50,23,27,土銀-嘉義,2024-10-16,1034
00937B,群益ESG投等債20,25,0,25,土銀-嘉義,2024-10-16,1034
3580,友威科,32,7,25,土銀-嘉義,2024-10-16,1034
5880,合庫金,24,0,24,土銀-嘉義,2024-10-16,1034
2881,富邦金,22,0,22,土銀-嘉義,2024-10-16,1034
6239,力成,42,20,22,土銀-嘉義,2024-10-16,1034
00887,永豐中國科技50大,19,0,19,土銀-嘉義,2024-10-16,1034
0056,元大高股息,18,2,16,土銀-嘉義,2024-10-16,1034
6531,愛普*,17,1,16,土銀-嘉義,2024-10-16,1034
00954,中信日本半導體,15,0,15,土銀-嘉義,2024-10-16,1034
2884,玉山金,14,0,14,土銀-嘉義,2024-10-16,1034
2344,華邦電,13,0,13,土銀-嘉義,2024-10-16,1034
2371,大同,13,0,13,土銀-嘉義,2024-10-16,1034
5460,同協,12,0,12,土銀-嘉義,2024-10-16,1034
00929,復華台灣科技優息,11,0,11,土銀-嘉義,2024-10-16,1034
00679B,元大美債20年,11,0,11,土銀-嘉義,2024-10-16,1034
3450,聯鈞,20,10,10,土銀-嘉義,2024-10-16,1034
00893,國泰智能電動車,10,0,10,土銀-嘉義,2024-10-16,1034
00687B,國泰20年美債,10,0,10,土銀-嘉義,2024-10-16,1034
3545,敦泰,10,0,10,土銀-嘉義,2024-10-16,1034
5351,鈺創,10,0,10,土銀-嘉義,2024-10-16,1034
6224,聚鼎,10,0,10,土銀-嘉義,2024-10-16,1034
00830,國泰費城半導體,9,0,9,土銀-嘉義,2024-10-16,1034
00915,凱基優選高股息30,8,0,8,土銀-嘉義,2024-10-16,1034
00912,中信臺灣智慧50,20,12,8,土銀-嘉義,2024-10-16,1034
00959B,大華投等美債15Y+,8,0,8,土銀-嘉義,2024-10-16,1034
00665L,富邦�琤肭磪囓�2,7,0,7,土銀-嘉義,2024-10-16,1034
2363,矽統,7,0,7,土銀-嘉義,2024-10-16,1034
2408,南亞科,7,0,7,土銀-嘉義,2024-10-16,1034
9935,慶豐富,7,0,7,土銀-嘉義,2024-10-16,1034
1102,亞泥,6,0,6,土銀-嘉義,2024-10-16,1034
1314,中石化,6,0,6,土銀-嘉義,2024-10-16,1034
2887,台新金,6,0,6,土銀-嘉義,2024-10-16,1034
4909,新復興,6,0,6,土銀-嘉義,2024-10-16,1034
4979,華星光,11,5,6,土銀-嘉義,2024-10-16,1034
00949,復華日本龍頭,5,0,5,土銀-嘉義,2024-10-16,1034
00946,群益科技高息成長,5,0,5,土銀-嘉義,2024-10-16,1034
00753L,中信中國50正2,5,0,5,土銀-嘉義,2024-10-16,1034
00900,富邦特選高股息30,5,0,5,土銀-嘉義,2024-10-16,1034
1307,三芳,5,0,5,土銀-嘉義,2024-10-16,1034
1504,東元,5,0,5,土銀-嘉義,2024-10-16,1034
1905,華紙,5,0,5,土銀-嘉義,2024-10-16,1034
2439,美律,6,1,5,土銀-嘉義,2024-10-16,1034
2892,第一金,5,0,5,土銀-嘉義,2024-10-16,1034
3071,協禧,5,0,5,土銀-嘉義,2024-10-16,1034
2834,臺企銀,170,0,170,土銀-嘉義,2024-10-17,1034
00650L,復華香港正2,61,0,61,土銀-嘉義,2024-10-17,1034
4927,泰鼎-KY,60,0,60,土銀-嘉義,2024-10-17,1034
2890,永豐金,48,0,48,土銀-嘉義,2024-10-17,1034
00887,永豐中國科技50大,24,0,24,土銀-嘉義,2024-10-17,1034
00687B,國泰20年美債,20,0,20,土銀-嘉義,2024-10-17,1034
00665L,富邦�琤肭磪囓�2,20,0,20,土銀-嘉義,2024-10-17,1034
2539,櫻花建,18,0,18,土銀-嘉義,2024-10-17,1034
3339,泰谷,16,0,16,土銀-嘉義,2024-10-17,1034
3380,明泰,17,1,16,土銀-嘉義,2024-10-17,1034
2882,國泰金,15,0,15,土銀-嘉義,2024-10-17,1034
3714,富采,20,6,14,土銀-嘉義,2024-10-17,1034
0056,元大高股息,14,0,14,土銀-嘉義,2024-10-17,1034
4979,華星光,13,0,13,土銀-嘉義,2024-10-17,1034
3060,銘異,11,0,11,土銀-嘉義,2024-10-17,1034
00679B,元大美債20年,10,0,10,土銀-嘉義,2024-10-17,1034
006205,富邦上証,10,0,10,土銀-嘉義,2024-10-17,1034
2388,威盛,10,0,10,土銀-嘉義,2024-10-17,1034
2851,中再保,10,0,10,土銀-嘉義,2024-10-17,1034
3149,正達,10,1,9,土銀-嘉義,2024-10-17,1034
1727,中華化,8,0,8,土銀-嘉義,2024-10-17,1034
2615,萬海,62,54,8,土銀-嘉義,2024-10-17,1034
3484,崧騰,8,0,8,土銀-嘉義,2024-10-17,1034
2888,新光金,49,42,7,土銀-嘉義,2024-10-17,1034
00933B,國泰10Y+金融債,6,0,6,土銀-嘉義,2024-10-17,1034
00954,中信日本半導體,6,0,6,土銀-嘉義,2024-10-17,1034
1815,富喬,7,1,6,土銀-嘉義,2024-10-17,1034
2105,正新,6,0,6,土銀-嘉義,2024-10-17,1034
3715,定穎投控,9,3,6,土銀-嘉義,2024-10-17,1034
6215,和椿,6,0,6,土銀-嘉義,2024-10-17,1034
00637L,元大滬深300正2,17,12,5,土銀-嘉義,2024-10-17,1034
1201,味全,5,0,5,土銀-嘉義,2024-10-17,1034
1776,展宇,5,0,5,土銀-嘉義,2024-10-17,1034
2645,長榮航太,5,0,5,土銀-嘉義,2024-10-17,1034
6125,廣運,5,0,5,土銀-嘉義,2024-10-17,1034
6168,宏齊,5,0,5,土銀-嘉義,2024-10-17,1034
00905,FT臺灣Smart,4,0,4,土銀-嘉義,2024-10-17,1034
1539,巨庭,4,0,4,土銀-嘉義,2024-10-17,1034
2633,台灣高鐵,4,0,4,土銀-嘉義,2024-10-17,1034
3576,聯合再生,4,0,4,土銀-嘉義,2024-10-17,1034
3706,神達,4,0,4,土銀-嘉義,2024-10-17,1034
2330,台積電,7,3,4,土銀-嘉義,2024-10-17,1034
1229,聯華,4,0,4,土銀-嘉義,2024-10-17,1034
1528,恩德,14,11,3,土銀-嘉義,2024-10-17,1034
1799,易威,3,0,3,土銀-嘉義,2024-10-17,1034
2515,中工,5,2,3,土銀-嘉義,2024-10-17,1034
3047,訊舟,3,0,3,土銀-嘉義,2024-10-17,1034
4906,正文,6,3,3,土銀-嘉義,2024-10-17,1034
6150,撼訊,3,0,3,土銀-嘉義,2024-10-17,1034
6405,悅城,5,2,3,土銀-嘉義,2024-10-17,1034
00948B,中信優息投資級債,588,0,588,土銀-嘉義,2024-10-18,1034
00679B,元大美債20年,382,3,379,土銀-嘉義,2024-10-18,1034
00632R,元大台灣50反1,192,0,192,土銀-嘉義,2024-10-18,1034
00674R,期元大S＆P黃金反1,80,0,80,土銀-嘉義,2024-10-18,1034
00753L,中信中國50正2,75,0,75,土銀-嘉義,2024-10-18,1034
2301,光寶科,40,2,38,土銀-嘉義,2024-10-18,1034
2371,大同,35,5,30,土銀-嘉義,2024-10-18,1034
3580,友威科,40,10,30,土銀-嘉義,2024-10-18,1034
00945B,凱基美國非投等債,26,0,26,土銀-嘉義,2024-10-18,1034
2303,聯電,26,0,26,土銀-嘉義,2024-10-18,1034
2867,三商壽,23,0,23,土銀-嘉義,2024-10-18,1034
00959B,大華投等美債15Y+,21,0,21,土銀-嘉義,2024-10-18,1034
00764B,群益25年美債,21,0,21,土銀-嘉義,2024-10-18,1034
2615,萬海,31,11,20,土銀-嘉義,2024-10-18,1034
2850,新產,20,0,20,土銀-嘉義,2024-10-18,1034
00929,復華台灣科技優息,21,3,18,土銀-嘉義,2024-10-18,1034
3050,鈺德,18,0,18,土銀-嘉義,2024-10-18,1034
2402,毅嘉,18,1,17,土銀-嘉義,2024-10-18,1034
00887,永豐中國科技50大,15,0,15,土銀-嘉義,2024-10-18,1034
3149,正達,14,0,14,土銀-嘉義,2024-10-18,1034
00937B,群益ESG投等債20,10,0,10,土銀-嘉義,2024-10-18,1034
006205,富邦上証,10,0,10,土銀-嘉義,2024-10-18,1034
2609,陽明,16,6,10,土銀-嘉義,2024-10-18,1034
2611,志信,10,0,10,土銀-嘉義,2024-10-18,1034
3339,泰谷,10,0,10,土銀-嘉義,2024-10-18,1034
3535,晶彩科,10,0,10,土銀-嘉義,2024-10-18,1034
3702,大聯大,10,0,10,土銀-嘉義,2024-10-18,1034
4534,慶騰,10,0,10,土銀-嘉義,2024-10-18,1034
911622,泰聚亨-DR,10,0,10,土銀-嘉義,2024-10-18,1034
00675L,富邦臺灣加權正2,9,0,9,土銀-嘉義,2024-10-18,1034
4566,時碩工業,10,2,8,土銀-嘉義,2024-10-18,1034
2312,金寶,20,13,7,土銀-嘉義,2024-10-18,1034
5347,世界,7,0,7,土銀-嘉義,2024-10-18,1034
8027,鈦昇,6,0,6,土銀-嘉義,2024-10-18,1034
00687B,國泰20年美債,21,15,6,土銀-嘉義,2024-10-18,1034
2313,華通,9,3,6,土銀-嘉義,2024-10-18,1034
2388,威盛,6,0,6,土銀-嘉義,2024-10-18,1034
00688L,國泰20年美債正2,5,0,5,土銀-嘉義,2024-10-18,1034
00892,富邦台灣半導體,5,0,5,土銀-嘉義,2024-10-18,1034
1776,展宇,5,0,5,土銀-嘉義,2024-10-18,1034
2354,鴻準,5,0,5,土銀-嘉義,2024-10-18,1034
2412,中華電,5,0,5,土銀-嘉義,2024-10-18,1034
2449,京元電子,8,3,5,土銀-嘉義,2024-10-18,1034
3062,建漢,7,2,5,土銀-嘉義,2024-10-18,1034
3141,晶宏,5,0,5,土銀-嘉義,2024-10-18,1034
3290,東浦,5,0,5,土銀-嘉義,2024-10-18,1034
5493,三聯,5,0,5,土銀-嘉義,2024-10-18,1034
2467,志聖,5,1,4,土銀-嘉義,2024-10-18,1034
00960,野村全球航運龍頭,4,0,4,土銀-嘉義,2024-10-18,1034
00946,群益科技高息成長,4,0,4,土銀-嘉義,2024-10-18,1034
2890,永豐金,184,1,183,土銀-嘉義,2024-10-21,1034
00650L,復華香港正2,88,0,88,土銀-嘉義,2024-10-21,1034
00632R,元大台灣50反1,110,30,80,土銀-嘉義,2024-10-21,1034
00948B,中信優息投資級債,270,200,70,土銀-嘉義,2024-10-21,1034
4931,新盛力,50,0,50,土銀-嘉義,2024-10-21,1034
1303,南亞,46,0,46,土銀-嘉義,2024-10-21,1034
1326,台化,32,0,32,土銀-嘉義,2024-10-21,1034
00665L,富邦�琤肭磪囓�2,30,0,30,土銀-嘉義,2024-10-21,1034
00887,永豐中國科技50大,42,14,28,土銀-嘉義,2024-10-21,1034
3481,群創,27,3,24,土銀-嘉義,2024-10-21,1034
00687B,國泰20年美債,21,0,21,土銀-嘉義,2024-10-21,1034
2402,毅嘉,21,0,21,土銀-嘉義,2024-10-21,1034
00919,群益台灣精選高息,20,0,20,土銀-嘉義,2024-10-21,1034
2316,楠梓電,20,0,20,土銀-嘉義,2024-10-21,1034
1305,華夏,20,1,19,土銀-嘉義,2024-10-21,1034
2881,富邦金,19,0,19,土銀-嘉義,2024-10-21,1034
4526,東台,21,3,18,土銀-嘉義,2024-10-21,1034
00959B,大華投等美債15Y+,15,0,15,土銀-嘉義,2024-10-21,1034
3025,星通,18,4,14,土銀-嘉義,2024-10-21,1034
00679B,元大美債20年,12,0,12,土銀-嘉義,2024-10-21,1034
00929,復華台灣科技優息,22,10,12,土銀-嘉義,2024-10-21,1034
1101,台泥,11,0,11,土銀-嘉義,2024-10-21,1034
8429,金麗-KY,11,0,11,土銀-嘉義,2024-10-21,1034
2303,聯電,18,8,10,土銀-嘉義,2024-10-21,1034
2344,華邦電,10,0,10,土銀-嘉義,2024-10-21,1034
3702,大聯大,10,0,10,土銀-嘉義,2024-10-21,1034
4303,信立,10,0,10,土銀-嘉義,2024-10-21,1034
8064,東捷,16,6,10,土銀-嘉義,2024-10-21,1034
8070,長華*,10,0,10,土銀-嘉義,2024-10-21,1034
8932,智通*,10,0,10,土銀-嘉義,2024-10-21,1034
00881,國泰台灣5G+,10,0,10,土銀-嘉義,2024-10-21,1034
00753L,中信中國50正2,19,10,9,土銀-嘉義,2024-10-21,1034
00882,中信中國高股息,25,16,9,土銀-嘉義,2024-10-21,1034
2884,玉山金,9,0,9,土銀-嘉義,2024-10-21,1034
00945B,凱基美國非投等債,7,0,7,土銀-嘉義,2024-10-21,1034
2329,華泰,10,3,7,土銀-嘉義,2024-10-21,1034
1301,台塑,6,0,6,土銀-嘉義,2024-10-21,1034
2882,國泰金,6,0,6,土銀-嘉義,2024-10-21,1034
00878,國泰永續高股息,5,0,5,土銀-嘉義,2024-10-21,1034
00857B,永豐20年美公債,5,0,5,土銀-嘉義,2024-10-21,1034
00637L,元大滬深300正2,493,488,5,土銀-嘉義,2024-10-21,1034
00715L,期街口布蘭特正2,5,0,5,土銀-嘉義,2024-10-21,1034
1102,亞泥,5,0,5,土銀-嘉義,2024-10-21,1034
00949,復華日本龍頭,5,0,5,土銀-嘉義,2024-10-21,1034
2501,國建,5,0,5,土銀-嘉義,2024-10-21,1034
2885,元大金,5,0,5,土銀-嘉義,2024-10-21,1034
3078,僑威,5,0,5,土銀-嘉義,2024-10-21,1034
4737,華廣,5,0,5,土銀-嘉義,2024-10-21,1034
4979,華星光,5,0,5,土銀-嘉義,2024-10-21,1034
5469,瀚宇博,5,0,5,土銀-嘉義,2024-10-21,1034
00882,中信中國高股息,380,0,380,土銀-嘉義,2024-10-22,1034
2801,彰銀,131,0,131,土銀-嘉義,2024-10-22,1034
00687B,國泰20年美債,74,0,74,土銀-嘉義,2024-10-22,1034
00680L,元大美債20正2,58,0,58,土銀-嘉義,2024-10-22,1034
00720B,元大投資級公司債,51,0,51,土銀-嘉義,2024-10-22,1034
3447,展達,40,0,40,土銀-嘉義,2024-10-22,1034
6015,宏遠證,40,0,40,土銀-嘉義,2024-10-22,1034
2329,華泰,38,0,38,土銀-嘉義,2024-10-22,1034
4540,全球傳動,32,0,32,土銀-嘉義,2024-10-22,1034
00665L,富邦�琤肭磪囓�2,25,0,25,土銀-嘉義,2024-10-22,1034
00679B,元大美債20年,24,0,24,土銀-嘉義,2024-10-22,1034
8111,立��,25,3,22,土銀-嘉義,2024-10-22,1034
00830,國泰費城半導體,18,0,18,土銀-嘉義,2024-10-22,1034
2363,矽統,21,5,16,土銀-嘉義,2024-10-22,1034
00919,群益台灣精選高息,16,0,16,土銀-嘉義,2024-10-22,1034
2890,永豐金,15,0,15,土銀-嘉義,2024-10-22,1034
1597,直得,23,11,12,土銀-嘉義,2024-10-22,1034
6457,紘康,12,0,12,土銀-嘉義,2024-10-22,1034
3499,環天科,11,0,11,土銀-嘉義,2024-10-22,1034
00959B,大華投等美債15Y+,10,0,10,土銀-嘉義,2024-10-22,1034
2615,萬海,11,1,10,土銀-嘉義,2024-10-22,1034
4526,東台,11,1,10,土銀-嘉義,2024-10-22,1034
6603,富強鑫,10,0,10,土銀-嘉義,2024-10-22,1034
00946,群益科技高息成長,6,0,6,土銀-嘉義,2024-10-22,1034
1721,三晃,6,0,6,土銀-嘉義,2024-10-22,1034
4903,聯光通,6,0,6,土銀-嘉義,2024-10-22,1034
4958,臻鼎-KY,6,0,6,土銀-嘉義,2024-10-22,1034
00923,群益台ESG低碳50,5,0,5,土銀-嘉義,2024-10-22,1034
00956,中信日經高股息,5,0,5,土銀-嘉義,2024-10-22,1034
00857B,永豐20年美公債,5,0,5,土銀-嘉義,2024-10-22,1034
006205,富邦上証,5,0,5,土銀-嘉義,2024-10-22,1034
1528,恩德,8,3,5,土銀-嘉義,2024-10-22,1034
1905,華紙,5,0,5,土銀-嘉義,2024-10-22,1034
2884,玉山金,5,0,5,土銀-嘉義,2024-10-22,1034
3031,佰鴻,6,1,5,土銀-嘉義,2024-10-22,1034
3149,正達,24,19,5,土銀-嘉義,2024-10-22,1034
3230,錦明,5,0,5,土銀-嘉義,2024-10-22,1034
3339,泰谷,5,0,5,土銀-嘉義,2024-10-22,1034
4931,新盛力,5,0,5,土銀-嘉義,2024-10-22,1034
5438,東友,10,5,5,土銀-嘉義,2024-10-22,1034
6763,綠界科技*,5,0,5,土銀-嘉義,2024-10-22,1034
3714,富采,7,2,5,土銀-嘉義,2024-10-22,1034
2330,台積電,4,0,4,土銀-嘉義,2024-10-22,1034
2303,聯電,4,0,4,土銀-嘉義,2024-10-22,1034
00753L,中信中國50正2,49,45,4,土銀-嘉義,2024-10-22,1034
0056,元大高股息,4,0,4,土銀-嘉義,2024-10-22,1034
00911,兆豐洲際半導體,4,0,4,土銀-嘉義,2024-10-22,1034
2103,台橡,4,0,4,土銀-嘉義,2024-10-22,1034
2356,英業達,5,1,4,土銀-嘉義,2024-10-22,1034
3025,星通,20,16,4,土銀-嘉義,2024-10-22,1034
00637L,元大滬深300正2,423,23,400,土銀-嘉義,2024-10-23,1034
00882,中信中國高股息,130,0,130,土銀-嘉義,2024-10-23,1034
00680L,元大美債20正2,73,0,73,土銀-嘉義,2024-10-23,1034
2352,佳世達,41,0,41,土銀-嘉義,2024-10-23,1034
00961,FT臺灣永續高息,30,0,30,土銀-嘉義,2024-10-23,1034
00687B,國泰20年美債,25,0,25,土銀-嘉義,2024-10-23,1034
00753L,中信中國50正2,24,0,24,土銀-嘉義,2024-10-23,1034
3581,博磊,22,2,20,土銀-嘉義,2024-10-23,1034
2303,聯電,25,7,18,土銀-嘉義,2024-10-23,1034
2884,玉山金,18,0,18,土銀-嘉義,2024-10-23,1034
00919,群益台灣精選高息,20,2,18,土銀-嘉義,2024-10-23,1034
2801,彰銀,15,0,15,土銀-嘉義,2024-10-23,1034
0056,元大高股息,12,0,12,土銀-嘉義,2024-10-23,1034
00712,復華富時不動產,12,0,12,土銀-嘉義,2024-10-23,1034
6239,力成,12,0,12,土銀-嘉義,2024-10-23,1034
2356,英業達,16,5,11,土銀-嘉義,2024-10-23,1034
00877,復華中國5G,10,0,10,土銀-嘉義,2024-10-23,1034
00954,中信日本半導體,10,0,10,土銀-嘉義,2024-10-23,1034
2618,長榮航,10,0,10,土銀-嘉義,2024-10-23,1034
8111,立��,14,4,10,土銀-嘉義,2024-10-23,1034
2412,中華電,9,0,9,土銀-嘉義,2024-10-23,1034
2615,萬海,18,9,9,土銀-嘉義,2024-10-23,1034
2409,友達,10,2,8,土銀-嘉義,2024-10-23,1034
8429,金麗-KY,14,6,8,土銀-嘉義,2024-10-23,1034
00887,永豐中國科技50大,10,3,7,土銀-嘉義,2024-10-23,1034
1711,永光,8,1,7,土銀-嘉義,2024-10-23,1034
3372,典範,7,0,7,土銀-嘉義,2024-10-23,1034
1536,和大,7,1,6,土銀-嘉義,2024-10-23,1034
1597,直得,6,0,6,土銀-嘉義,2024-10-23,1034
2888,新光金,8,3,5,土銀-嘉義,2024-10-23,1034
00939,統一台灣高息動能,5,0,5,土銀-嘉義,2024-10-23,1034
00900,富邦特選高股息30,5,0,5,土銀-嘉義,2024-10-23,1034
00878,國泰永續高股息,5,0,5,土銀-嘉義,2024-10-23,1034
00751B,元大AAA至A公司債,5,0,5,土銀-嘉義,2024-10-23,1034
1727,中華化,5,0,5,土銀-嘉義,2024-10-23,1034
1905,華紙,5,0,5,土銀-嘉義,2024-10-23,1034
2105,正新,5,0,5,土銀-嘉義,2024-10-23,1034
2363,矽統,8,3,5,土銀-嘉義,2024-10-23,1034
3390,旭軟,5,0,5,土銀-嘉義,2024-10-23,1034
3484,崧騰,10,5,5,土銀-嘉義,2024-10-23,1034
6139,亞翔,5,0,5,土銀-嘉義,2024-10-23,1034
6173,信昌電,5,0,5,土銀-嘉義,2024-10-23,1034
8473,山林水,5,0,5,土銀-嘉義,2024-10-23,1034
00679B,元大美債20年,6,1,5,土銀-嘉義,2024-10-23,1034
2883,凱基金,10,6,4,土銀-嘉義,2024-10-23,1034
2020,美亞,4,0,4,土銀-嘉義,2024-10-23,1034
2354,鴻準,5,1,4,土銀-嘉義,2024-10-23,1034
2886,兆豐金,4,0,4,土銀-嘉義,2024-10-23,1034
3339,泰谷,5,1,4,土銀-嘉義,2024-10-23,1034
5493,三聯,4,0,4,土銀-嘉義,2024-10-23,1034
00948B,中信優息投資級債,506,0,506,土銀-嘉義,2024-10-24,1034
00943,兆豐電子高息等權,150,0,150,土銀-嘉義,2024-10-24,1034
00679B,元大美債20年,90,0,90,土銀-嘉義,2024-10-24,1034
8064,東捷,80,12,68,土銀-嘉義,2024-10-24,1034
00918,大華優利高填息30,51,0,51,土銀-嘉義,2024-10-24,1034
2316,楠梓電,30,0,30,土銀-嘉義,2024-10-24,1034
2405,輔信,25,0,25,土銀-嘉義,2024-10-24,1034
3481,群創,24,3,21,土銀-嘉義,2024-10-24,1034
6213,聯茂,21,1,20,土銀-嘉義,2024-10-24,1034
00637L,元大滬深300正2,29,12,17,土銀-嘉義,2024-10-24,1034
00665L,富邦�琤肭磪囓�2,15,0,15,土銀-嘉義,2024-10-24,1034
00959B,大華投等美債15Y+,15,0,15,土銀-嘉義,2024-10-24,1034
2402,毅嘉,15,0,15,土銀-嘉義,2024-10-24,1034
2880,華南金,20,5,15,土銀-嘉義,2024-10-24,1034
6180,橘子,15,0,15,土銀-嘉義,2024-10-24,1034
3450,聯鈞,15,2,13,土銀-嘉義,2024-10-24,1034
00960,野村全球航運龍頭,11,0,11,土銀-嘉義,2024-10-24,1034
8429,金麗-KY,11,0,11,土銀-嘉義,2024-10-24,1034
2303,聯電,11,1,10,土銀-嘉義,2024-10-24,1034
00919,群益台灣精選高息,10,0,10,土銀-嘉義,2024-10-24,1034
00753L,中信中國50正2,10,0,10,土銀-嘉義,2024-10-24,1034
00676R,富邦臺灣加權反1,10,0,10,土銀-嘉義,2024-10-24,1034
2887,台新金,10,0,10,土銀-嘉義,2024-10-24,1034
3149,正達,10,0,10,土銀-嘉義,2024-10-24,1034
5315,光聯,10,0,10,土銀-嘉義,2024-10-24,1034
6265,方土昶,10,0,10,土銀-嘉義,2024-10-24,1034
0056,元大高股息,9,0,9,土銀-嘉義,2024-10-24,1034
9105,泰金寶-DR,9,0,9,土銀-嘉義,2024-10-24,1034
0050,元大台灣50,8,0,8,土銀-嘉義,2024-10-24,1034
2388,威盛,43,35,8,土銀-嘉義,2024-10-24,1034
2363,矽統,10,2,8,土銀-嘉義,2024-10-24,1034
2371,大同,7,0,7,土銀-嘉義,2024-10-24,1034
2382,廣達,14,7,7,土銀-嘉義,2024-10-24,1034
00937B,群益ESG投等債20,7,0,7,土銀-嘉義,2024-10-24,1034
6763,綠界科技*,8,1,7,土銀-嘉義,2024-10-24,1034
00929,復華台灣科技優息,6,0,6,土銀-嘉義,2024-10-24,1034
3049,精金,6,0,6,土銀-嘉義,2024-10-24,1034
3545,敦泰,6,0,6,土銀-嘉義,2024-10-24,1034
1609,大亞,5,0,5,土銀-嘉義,2024-10-24,1034
1709,和益,5,0,5,土銀-嘉義,2024-10-24,1034
2312,金寶,12,7,5,土銀-嘉義,2024-10-24,1034
2409,友達,5,0,5,土銀-嘉義,2024-10-24,1034
4114,健喬,5,0,5,土銀-嘉義,2024-10-24,1034
4903,聯光通,5,0,5,土銀-嘉義,2024-10-24,1034
1303,南亞,6,2,4,土銀-嘉義,2024-10-24,1034
00878,國泰永續高股息,4,0,4,土銀-嘉義,2024-10-24,1034
2489,瑞軒,4,0,4,土銀-嘉義,2024-10-24,1034
2881,富邦金,4,0,4,土銀-嘉義,2024-10-24,1034
3021,鴻名,4,0,4,土銀-嘉義,2024-10-24,1034
3360,尚立,4,0,4,土銀-嘉義,2024-10-24,1034
00948B,中信優息投資級債,370,0,370,土銀-嘉義,2024-10-25,1034
00687B,國泰20年美債,200,0,200,土銀-嘉義,2024-10-25,1034
6770,力積電,204,30,174,土銀-嘉義,2024-10-25,1034
00679B,元大美債20年,100,0,100,土銀-嘉義,2024-10-25,1034
2646,星宇航空,89,24,65,土銀-嘉義,2024-10-25,1034
00637L,元大滬深300正2,53,5,48,土銀-嘉義,2024-10-25,1034
00937B,群益ESG投等債20,30,0,30,土銀-嘉義,2024-10-25,1034
8064,東捷,31,1,30,土銀-嘉義,2024-10-25,1034
00671R,富邦NASDAQ反1,26,0,26,土銀-嘉義,2024-10-25,1034
1326,台化,22,0,22,土銀-嘉義,2024-10-25,1034
00893,國泰智能電動車,20,0,20,土銀-嘉義,2024-10-25,1034
6505,台塑化,20,0,20,土銀-嘉義,2024-10-25,1034
2302,麗正,12,0,12,土銀-嘉義,2024-10-25,1034
1528,恩德,11,1,10,土銀-嘉義,2024-10-25,1034
2610,華航,14,4,10,土銀-嘉義,2024-10-25,1034
6282,康舒,10,0,10,土銀-嘉義,2024-10-25,1034
1513,中興電,9,0,9,土銀-嘉義,2024-10-25,1034
2883,凱基金,8,0,8,土銀-嘉義,2024-10-25,1034
2312,金寶,27,20,7,土銀-嘉義,2024-10-25,1034
1605,華新,5,0,5,土銀-嘉義,2024-10-25,1034
00646,元大S＆P500,5,0,5,土銀-嘉義,2024-10-25,1034
2486,一詮,14,9,5,土銀-嘉義,2024-10-25,1034
2888,新光金,5,0,5,土銀-嘉義,2024-10-25,1034
4303,信立,5,0,5,土銀-嘉義,2024-10-25,1034
6218,豪勉,10,5,5,土銀-嘉義,2024-10-25,1034
00887,永豐中國科技50大,5,1,4,土銀-嘉義,2024-10-25,1034
1312,國喬,4,0,4,土銀-嘉義,2024-10-25,1034
2344,華邦電,4,0,4,土銀-嘉義,2024-10-25,1034
2477,美隆電,4,0,4,土銀-嘉義,2024-10-25,1034
3149,正達,11,7,4,土銀-嘉義,2024-10-25,1034
00943,兆豐電子高息等權,3,0,3,土銀-嘉義,2024-10-25,1034
1718,中纖,3,0,3,土銀-嘉義,2024-10-25,1034
2809,京城銀,3,0,3,土銀-嘉義,2024-10-25,1034
3230,錦明,3,0,3,土銀-嘉義,2024-10-25,1034
3455,由田,4,1,3,土銀-嘉義,2024-10-25,1034
3552,同致,3,0,3,土銀-嘉義,2024-10-25,1034
4545,銘鈺,5,2,3,土銀-嘉義,2024-10-25,1034
5388,中磊,3,0,3,土銀-嘉義,2024-10-25,1034
6606,建德工業,3,0,3,土銀-嘉義,2024-10-25,1034
8240,華宏,3,0,3,土銀-嘉義,2024-10-25,1034
3231,緯創,28,25,3,土銀-嘉義,2024-10-25,1034
3374,精材,2,0,2,土銀-嘉義,2024-10-25,1034
1905,華紙,2,0,2,土銀-嘉義,2024-10-25,1034
2014,中鴻,2,0,2,土銀-嘉義,2024-10-25,1034
2104,國際中橡,2,0,2,土銀-嘉義,2024-10-25,1034
2329,華泰,22,20,2,土銀-嘉義,2024-10-25,1034
2374,佳能,3,1,2,土銀-嘉義,2024-10-25,1034
2413,環科,5,3,2,土銀-嘉義,2024-10-25,1034
2464,盟立,3,1,2,土銀-嘉義,2024-10-25,1034
2498,宏達電,2,0,2,土銀-嘉義,2024-10-25,1034
6770,力積電,206,14,192,土銀-嘉義,2024-10-28,1034
00680L,元大美債20正2,112,0,112,土銀-嘉義,2024-10-28,1034
3447,展達,35,0,35,土銀-嘉義,2024-10-28,1034
00679B,元大美債20年,82,50,32,土銀-嘉義,2024-10-28,1034
00687B,國泰20年美債,23,0,23,土銀-嘉義,2024-10-28,1034
2103,台橡,20,1,19,土銀-嘉義,2024-10-28,1034
00715L,期街口布蘭特正2,15,0,15,土銀-嘉義,2024-10-28,1034
00940,元大台灣價值高息,10,0,10,土銀-嘉義,2024-10-28,1034
00952,凱基台灣AI50,10,0,10,土銀-嘉義,2024-10-28,1034
1305,華夏,10,0,10,土銀-嘉義,2024-10-28,1034
3050,鈺德,10,0,10,土銀-嘉義,2024-10-28,1034
4303,信立,15,5,10,土銀-嘉義,2024-10-28,1034
1301,台塑,11,2,9,土銀-嘉義,2024-10-28,1034
00882,中信中國高股息,69,60,9,土銀-嘉義,2024-10-28,1034
2889,國票金,9,0,9,土銀-嘉義,2024-10-28,1034
8064,東捷,10,1,9,土銀-嘉義,2024-10-28,1034
3710,連展投控,8,0,8,土銀-嘉義,2024-10-28,1034
2303,聯電,7,0,7,土銀-嘉義,2024-10-28,1034
2613,中櫃,6,0,6,土銀-嘉義,2024-10-28,1034
3260,威剛,6,0,6,土銀-嘉義,2024-10-28,1034
6288,聯嘉,9,3,6,土銀-嘉義,2024-10-28,1034
6752,叡揚,6,0,6,土銀-嘉義,2024-10-28,1034
2344,華邦電,6,1,5,土銀-嘉義,2024-10-28,1034
2330,台積電,6,1,5,土銀-嘉義,2024-10-28,1034
00948B,中信優息投資級債,5,0,5,土銀-嘉義,2024-10-28,1034
00959B,大華投等美債15Y+,5,0,5,土銀-嘉義,2024-10-28,1034
1529,樂事綠能,5,0,5,土銀-嘉義,2024-10-28,1034
2201,裕隆,5,0,5,土銀-嘉義,2024-10-28,1034
3078,僑威,5,0,5,土銀-嘉義,2024-10-28,1034
3580,友威科,10,5,5,土銀-嘉義,2024-10-28,1034
4737,華廣,5,0,5,土銀-嘉義,2024-10-28,1034
4903,聯光通,5,0,5,土銀-嘉義,2024-10-28,1034
2317,鴻海,15,11,4,土銀-嘉義,2024-10-28,1034
2359,所羅門,4,0,4,土銀-嘉義,2024-10-28,1034
2495,普安,11,7,4,土銀-嘉義,2024-10-28,1034
2615,萬海,4,0,4,土銀-嘉義,2024-10-28,1034
2634,漢翔,4,0,4,土銀-嘉義,2024-10-28,1034
3189,景碩,4,0,4,土銀-嘉義,2024-10-28,1034
3545,敦泰,4,0,4,土銀-嘉義,2024-10-28,1034
3587,閎康,4,0,4,土銀-嘉義,2024-10-28,1034
5243,乙盛-KY,4,0,4,土銀-嘉義,2024-10-28,1034
6606,建德工業,4,0,4,土銀-嘉義,2024-10-28,1034
1309,台達化,4,1,3,土銀-嘉義,2024-10-28,1034
00900,富邦特選高股息30,3,0,3,土銀-嘉義,2024-10-28,1034
00956,中信日經高股息,3,0,3,土銀-嘉義,2024-10-28,1034
00955,中信日本商社,3,0,3,土銀-嘉義,2024-10-28,1034
1514,亞力,3,0,3,土銀-嘉義,2024-10-28,1034
2892,第一金,3,0,3,土銀-嘉義,2024-10-28,1034
3013,晟銘電,11,8,3,土銀-嘉義,2024-10-28,1034
3264,欣銓,3,0,3,土銀-嘉義,2024-10-28,1034
6770,力積電,208,10,198,土銀-嘉義,2024-10-29,1034
2801,彰銀,147,0,147,土銀-嘉義,2024-10-29,1034
00929,復華台灣科技優息,69,0,69,土銀-嘉義,2024-10-29,1034
4931,新盛力,60,0,60,土銀-嘉義,2024-10-29,1034
00919,群益台灣精選高息,50,0,50,土銀-嘉義,2024-10-29,1034
2498,宏達電,50,0,50,土銀-嘉義,2024-10-29,1034
2892,第一金,40,0,40,土銀-嘉義,2024-10-29,1034
1802,台玻,59,20,39,土銀-嘉義,2024-10-29,1034
2303,聯電,39,1,38,土銀-嘉義,2024-10-29,1034
2371,大同,31,0,31,土銀-嘉義,2024-10-29,1034
2883,凱基金,21,0,21,土銀-嘉義,2024-10-29,1034
2867,三商壽,20,0,20,土銀-嘉義,2024-10-29,1034
2344,華邦電,18,0,18,土銀-嘉義,2024-10-29,1034
00712,復華富時不動產,16,0,16,土銀-嘉義,2024-10-29,1034
00948B,中信優息投資級債,15,0,15,土銀-嘉義,2024-10-29,1034
00961,FT臺灣永續高息,15,0,15,土銀-嘉義,2024-10-29,1034
2881,富邦金,14,0,14,土銀-嘉義,2024-10-29,1034
0056,元大高股息,12,0,12,土銀-嘉義,2024-10-29,1034
1905,華紙,14,2,12,土銀-嘉義,2024-10-29,1034
3035,智原,11,0,11,土銀-嘉義,2024-10-29,1034
00687B,國泰20年美債,11,0,11,土銀-嘉義,2024-10-29,1034
2375,凱美,11,0,11,土銀-嘉義,2024-10-29,1034
2317,鴻海,21,10,11,土銀-嘉義,2024-10-29,1034
00952,凱基台灣AI50,10,0,10,土銀-嘉義,2024-10-29,1034
00907,永豐優息存股,10,0,10,土銀-嘉義,2024-10-29,1034
1314,中石化,10,0,10,土銀-嘉義,2024-10-29,1034
2323,中環,10,0,10,土銀-嘉義,2024-10-29,1034
2610,華航,10,0,10,土銀-嘉義,2024-10-29,1034
3481,群創,12,2,10,土銀-嘉義,2024-10-29,1034
4303,信立,10,0,10,土銀-嘉義,2024-10-29,1034
4564,元翎,10,0,10,土銀-嘉義,2024-10-29,1034
6285,啟��,11,1,10,土銀-嘉義,2024-10-29,1034
00878,國泰永續高股息,9,0,9,土銀-嘉義,2024-10-29,1034
1709,和益,8,0,8,土銀-嘉義,2024-10-29,1034
2889,國票金,8,0,8,土銀-嘉義,2024-10-29,1034
1605,華新,7,0,7,土銀-嘉義,2024-10-29,1034
5880,合庫金,7,0,7,土銀-嘉義,2024-10-29,1034
2439,美律,6,0,6,土銀-嘉義,2024-10-29,1034
2103,台橡,6,0,6,土銀-嘉義,2024-10-29,1034
2634,漢翔,6,0,6,土銀-嘉義,2024-10-29,1034
6248,沛波,6,0,6,土銀-嘉義,2024-10-29,1034
00900,富邦特選高股息30,5,0,5,土銀-嘉義,2024-10-29,1034
00715L,期街口布蘭特正2,5,0,5,土銀-嘉義,2024-10-29,1034
00942B,台新美A公司債20+,5,0,5,土銀-嘉義,2024-10-29,1034
1529,樂事綠能,5,0,5,土銀-嘉義,2024-10-29,1034
1711,永光,5,0,5,土銀-嘉義,2024-10-29,1034
2353,宏��,6,1,5,土銀-嘉義,2024-10-29,1034
2515,中工,5,0,5,土銀-嘉義,2024-10-29,1034
2880,華南金,5,0,5,土銀-嘉義,2024-10-29,1034
3050,鈺德,5,0,5,土銀-嘉義,2024-10-29,1034
00948B,中信優息投資級債,501,0,501,土銀-嘉義,2024-10-30,1034
6770,力積電,212,10,202,土銀-嘉義,2024-10-30,1034
2539,櫻花建,106,0,106,土銀-嘉義,2024-10-30,1034
00937B,群益ESG投等債20,101,0,101,土銀-嘉義,2024-10-30,1034
9105,泰金寶-DR,50,0,50,土銀-嘉義,2024-10-30,1034
2888,新光金,40,0,40,土銀-嘉義,2024-10-30,1034
6015,宏遠證,40,0,40,土銀-嘉義,2024-10-30,1034
6016,康和證,40,0,40,土銀-嘉義,2024-10-30,1034
2498,宏達電,31,0,31,土銀-嘉義,2024-10-30,1034
2897,王道銀行,30,0,30,土銀-嘉義,2024-10-30,1034
1314,中石化,26,2,24,土銀-嘉義,2024-10-30,1034
00881,國泰台灣5G+,20,0,20,土銀-嘉義,2024-10-30,1034
2375,凱美,20,0,20,土銀-嘉義,2024-10-30,1034
2425,承啟,54,35,19,土銀-嘉義,2024-10-30,1034
00929,復華台灣科技優息,19,2,17,土銀-嘉義,2024-10-30,1034
4532,瑞智,12,0,12,土銀-嘉義,2024-10-30,1034
2337,旺宏,12,0,12,土銀-嘉義,2024-10-30,1034
3035,智原,12,1,11,土銀-嘉義,2024-10-30,1034
1513,中興電,10,0,10,土銀-嘉義,2024-10-30,1034
00959B,大華投等美債15Y+,10,0,10,土銀-嘉義,2024-10-30,1034
00892,富邦台灣半導體,10,0,10,土銀-嘉義,2024-10-30,1034
00930,永豐ESG低碳高息,10,0,10,土銀-嘉義,2024-10-30,1034
2890,永豐金,10,0,10,土銀-嘉義,2024-10-30,1034
3360,尚立,10,0,10,土銀-嘉義,2024-10-30,1034
5907,大洋-KY,10,0,10,土銀-嘉義,2024-10-30,1034
0056,元大高股息,9,0,9,土銀-嘉義,2024-10-30,1034
00679B,元大美債20年,11,2,9,土銀-嘉義,2024-10-30,1034
1605,華新,9,0,9,土銀-嘉義,2024-10-30,1034
2889,國票金,9,0,9,土銀-嘉義,2024-10-30,1034
4916,事欣科,9,0,9,土銀-嘉義,2024-10-30,1034
6284,佳邦,9,0,9,土銀-嘉義,2024-10-30,1034
00725B,國泰投資級公司債,8,0,8,土銀-嘉義,2024-10-30,1034
1528,恩德,9,1,8,土銀-嘉義,2024-10-30,1034
6126,信音,9,1,8,土銀-嘉義,2024-10-30,1034
00665L,富邦�琤肭磪囓�2,17,10,7,土銀-嘉義,2024-10-30,1034
2303,聯電,8,1,7,土銀-嘉義,2024-10-30,1034
6598,ABC-KY,7,0,7,土銀-嘉義,2024-10-30,1034
00753L,中信中國50正2,10,4,6,土銀-嘉義,2024-10-30,1034
6248,沛波,6,0,6,土銀-嘉義,2024-10-30,1034
8429,金麗-KY,6,0,6,土銀-嘉義,2024-10-30,1034
00712,復華富時不動產,5,0,5,土銀-嘉義,2024-10-30,1034
00680L,元大美債20正2,5,0,5,土銀-嘉義,2024-10-30,1034
00642U,期元大S＆P石油,5,0,5,土銀-嘉義,2024-10-30,1034
2369,菱生,5,0,5,土銀-嘉義,2024-10-30,1034
2392,正崴,5,0,5,土銀-嘉義,2024-10-30,1034
2880,華南金,5,0,5,土銀-嘉義,2024-10-30,1034
2881,富邦金,5,0,5,土銀-嘉義,2024-10-30,1034
3050,鈺德,5,0,5,土銀-嘉義,2024-10-30,1034
3356,奇偶,5,0,5,土銀-嘉義,2024-10-30,1034
4123,晟德,5,0,5,土銀-嘉義,2024-10-30,1034
00948B,中信優息投資級債,395,0,395,土銀-嘉義,2024-11-01,1034
2801,彰銀,100,0,100,土銀-嘉義,2024-11-01,1034
00937B,群益ESG投等債20,82,0,82,土銀-嘉義,2024-11-01,1034
2498,宏達電,47,0,47,土銀-嘉義,2024-11-01,1034
6248,沛波,36,0,36,土銀-嘉義,2024-11-01,1034
2867,三商壽,30,0,30,土銀-嘉義,2024-11-01,1034
2329,華泰,29,0,29,土銀-嘉義,2024-11-01,1034
00878,國泰永續高股息,29,0,29,土銀-嘉義,2024-11-01,1034
6191,精成科,26,0,26,土銀-嘉義,2024-11-01,1034
2002,中鋼,25,0,25,土銀-嘉義,2024-11-01,1034
00929,復華台灣科技優息,27,3,24,土銀-嘉義,2024-11-01,1034
4564,元翎,24,0,24,土銀-嘉義,2024-11-01,1034
00887,永豐中國科技50大,22,0,22,土銀-嘉義,2024-11-01,1034
00919,群益台灣精選高息,32,10,22,土銀-嘉義,2024-11-01,1034
6770,力積電,22,0,22,土銀-嘉義,2024-11-01,1034
00955,中信日本商社,20,0,20,土銀-嘉義,2024-11-01,1034
00954,中信日本半導體,20,0,20,土銀-嘉義,2024-11-01,1034
00893,國泰智能電動車,20,0,20,土銀-嘉義,2024-11-01,1034
2409,友達,20,0,20,土銀-嘉義,2024-11-01,1034
2889,國票金,20,0,20,土銀-嘉義,2024-11-01,1034
3229,晟鈦,20,0,20,土銀-嘉義,2024-11-01,1034
0056,元大高股息,23,5,18,土銀-嘉義,2024-11-01,1034
00934,中信成長高股息,18,0,18,土銀-嘉義,2024-11-01,1034
00956,中信日經高股息,20,5,15,土銀-嘉義,2024-11-01,1034
3004,豐達科,15,0,15,土銀-嘉義,2024-11-01,1034
6274,台燿,13,1,12,土銀-嘉義,2024-11-01,1034
2883,凱基金,11,0,11,土銀-嘉義,2024-11-01,1034
2888,新光金,30,19,11,土銀-嘉義,2024-11-01,1034
5511,德昌,11,0,11,土銀-嘉義,2024-11-01,1034
1605,華新,10,0,10,土銀-嘉義,2024-11-01,1034
1785,光洋科,10,0,10,土銀-嘉義,2024-11-01,1034
2344,華邦電,10,0,10,土銀-嘉義,2024-11-01,1034
2489,瑞軒,10,0,10,土銀-嘉義,2024-11-01,1034
2897,王道銀行,10,0,10,土銀-嘉義,2024-11-01,1034
3092,鴻碩,11,1,10,土銀-嘉義,2024-11-01,1034
6015,宏遠證,10,0,10,土銀-嘉義,2024-11-01,1034
6244,茂迪,10,0,10,土銀-嘉義,2024-11-01,1034
8070,長華*,10,0,10,土銀-嘉義,2024-11-01,1034
9907,統一實,10,0,10,土銀-嘉義,2024-11-01,1034
2317,鴻海,20,11,9,土銀-嘉義,2024-11-01,1034
00830,國泰費城半導體,9,0,9,土銀-嘉義,2024-11-01,1034
2354,鴻準,23,14,9,土銀-嘉義,2024-11-01,1034
2481,強茂,9,0,9,土銀-嘉義,2024-11-01,1034
2891,中信金,9,0,9,土銀-嘉義,2024-11-01,1034
6129,普誠,8,0,8,土銀-嘉義,2024-11-01,1034
00712,復華富時不動產,7,0,7,土銀-嘉義,2024-11-01,1034
3686,達能,8,1,7,土銀-嘉義,2024-11-01,1034
2881,富邦金,7,1,6,土銀-嘉義,2024-11-01,1034
2375,凱美,6,0,6,土銀-嘉義,2024-11-01,1034
3078,僑威,6,0,6,土銀-嘉義,2024-11-01,1034
00937B,群益ESG投等債20,108,0,108,土銀-嘉義,2024-11-04,1034
00929,復華台灣科技優息,113,25,88,土銀-嘉義,2024-11-04,1034
00751B,元大AAA至A公司債,50,0,50,土銀-嘉義,2024-11-04,1034
00919,群益台灣精選高息,43,0,43,土銀-嘉義,2024-11-04,1034
2303,聯電,62,20,42,土銀-嘉義,2024-11-04,1034
2408,南亞科,29,0,29,土銀-嘉義,2024-11-04,1034
2615,萬海,30,2,28,土銀-嘉義,2024-11-04,1034
4162,智擎,25,0,25,土銀-嘉義,2024-11-04,1034
2409,友達,25,1,24,土銀-嘉義,2024-11-04,1034
4513,福裕,22,0,22,土銀-嘉義,2024-11-04,1034
2002,中鋼,20,0,20,土銀-嘉義,2024-11-04,1034
2520,冠德,20,0,20,土銀-嘉義,2024-11-04,1034
2867,三商壽,20,0,20,土銀-嘉義,2024-11-04,1034
3207,耀勝,20,0,20,土銀-嘉義,2024-11-04,1034
4919,新唐,20,0,20,土銀-嘉義,2024-11-04,1034
5519,隆大,20,0,20,土銀-嘉義,2024-11-04,1034
6177,達麗,20,0,20,土銀-嘉義,2024-11-04,1034
00712,復華富時不動產,18,0,18,土銀-嘉義,2024-11-04,1034
8011,台通,20,2,18,土銀-嘉義,2024-11-04,1034
00934,中信成長高股息,16,0,16,土銀-嘉義,2024-11-04,1034
5302,太欣,16,0,16,土銀-嘉義,2024-11-04,1034
2888,新光金,15,0,15,土銀-嘉義,2024-11-04,1034
2889,國票金,15,0,15,土銀-嘉義,2024-11-04,1034
00679B,元大美債20年,14,0,14,土銀-嘉義,2024-11-04,1034
1712,興農,20,6,14,土銀-嘉義,2024-11-04,1034
2834,臺企銀,14,0,14,土銀-嘉義,2024-11-04,1034
3149,正達,14,0,14,土銀-嘉義,2024-11-04,1034
2354,鴻準,25,11,14,土銀-嘉義,2024-11-04,1034
00637L,元大滬深300正2,19,7,12,土銀-嘉義,2024-11-04,1034
1808,潤隆,12,0,12,土銀-嘉義,2024-11-04,1034
00933B,國泰10Y+金融債,11,0,11,土銀-嘉義,2024-11-04,1034
3231,緯創,12,1,11,土銀-嘉義,2024-11-04,1034
6770,力積電,11,0,11,土銀-嘉義,2024-11-04,1034
00939,統一台灣高息動能,10,0,10,土銀-嘉義,2024-11-04,1034
00753L,中信中國50正2,10,0,10,土銀-嘉義,2024-11-04,1034
1802,台玻,12,2,10,土銀-嘉義,2024-11-04,1034
6213,聯茂,10,0,10,土銀-嘉義,2024-11-04,1034
8021,尖點,10,0,10,土銀-嘉義,2024-11-04,1034
3019,亞光,9,1,8,土銀-嘉義,2024-11-04,1034
00882,中信中國高股息,37,30,7,土銀-嘉義,2024-11-04,1034
2393,億光,7,0,7,土銀-嘉義,2024-11-04,1034
00945B,凱基美國非投等債,6,0,6,土銀-嘉義,2024-11-04,1034
3714,富采,6,0,6,土銀-嘉義,2024-11-04,1034
00687B,國泰20年美債,5,0,5,土銀-嘉義,2024-11-04,1034
00930,永豐ESG低碳高息,5,0,5,土銀-嘉義,2024-11-04,1034
1217,愛之味,5,0,5,土銀-嘉義,2024-11-04,1034
00636,國泰中國A50,5,0,5,土銀-嘉義,2024-11-04,1034
1709,和益,5,0,5,土銀-嘉義,2024-11-04,1034
2328,廣宇,5,0,5,土銀-嘉義,2024-11-04,1034
3325,旭品,6,1,5,土銀-嘉義,2024-11-04,1034
4931,新盛力,53,0,53,土銀-嘉義,2024-11-05,1034
00929,復華台灣科技優息,61,10,51,土銀-嘉義,2024-11-05,1034
2002,中鋼,50,0,50,土銀-嘉義,2024-11-05,1034
3706,神達,41,2,39,土銀-嘉義,2024-11-05,1034
8111,立��,25,1,24,土銀-嘉義,2024-11-05,1034
2375,凱美,23,0,23,土銀-嘉義,2024-11-05,1034
00712,復華富時不動產,22,0,22,土銀-嘉義,2024-11-05,1034
2405,輔信,14,0,14,土銀-嘉義,2024-11-05,1034
3484,崧騰,13,0,13,土銀-嘉義,2024-11-05,1034
5511,德昌,12,0,12,土銀-嘉義,2024-11-05,1034
5880,合庫金,11,0,11,土銀-嘉義,2024-11-05,1034
00679B,元大美債20年,11,0,11,土銀-嘉義,2024-11-05,1034
2303,聯電,12,1,11,土銀-嘉義,2024-11-05,1034
00844B,新光15年IG金融債,10,0,10,土銀-嘉義,2024-11-05,1034
00960,野村全球航運龍頭,10,0,10,土銀-嘉義,2024-11-05,1034
2314,台揚,10,0,10,土銀-嘉義,2024-11-05,1034
3207,耀勝,10,0,10,土銀-嘉義,2024-11-05,1034
2882,國泰金,12,3,9,土銀-嘉義,2024-11-05,1034
3714,富采,9,0,9,土銀-嘉義,2024-11-05,1034
2889,國票金,8,0,8,土銀-嘉義,2024-11-05,1034
4979,華星光,15,7,8,土銀-嘉義,2024-11-05,1034
3228,金麗科,7,0,7,土銀-嘉義,2024-11-05,1034
6285,啟��,7,0,7,土銀-嘉義,2024-11-05,1034
00878,國泰永續高股息,26,20,6,土銀-嘉義,2024-11-05,1034
2356,英業達,18,12,6,土銀-嘉義,2024-11-05,1034
3490,單井,9,3,6,土銀-嘉義,2024-11-05,1034
3711,日月光投控,5,0,5,土銀-嘉義,2024-11-05,1034
00934,中信成長高股息,5,0,5,土銀-嘉義,2024-11-05,1034
1471,首利,5,0,5,土銀-嘉義,2024-11-05,1034
2489,瑞軒,5,0,5,土銀-嘉義,2024-11-05,1034
2886,兆豐金,5,0,5,土銀-嘉義,2024-11-05,1034
3049,精金,5,0,5,土銀-嘉義,2024-11-05,1034
3312,弘憶股,5,0,5,土銀-嘉義,2024-11-05,1034
3380,明泰,5,0,5,土銀-嘉義,2024-11-05,1034
4526,東台,13,8,5,土銀-嘉義,2024-11-05,1034
6274,台燿,5,0,5,土銀-嘉義,2024-11-05,1034
8076,伍豐,5,0,5,土銀-嘉義,2024-11-05,1034
9907,統一實,5,0,5,土銀-嘉義,2024-11-05,1034
2371,大同,4,0,4,土銀-嘉義,2024-11-05,1034
00673R,期元大S＆P原油反1,4,0,4,土銀-嘉義,2024-11-05,1034
2883,凱基金,6,2,4,土銀-嘉義,2024-11-05,1034
3013,晟銘電,38,34,4,土銀-嘉義,2024-11-05,1034
6708,天擎,4,0,4,土銀-嘉義,2024-11-05,1034
00720B,元大投資級公司債,3,0,3,土銀-嘉義,2024-11-05,1034
3234,光環,3,0,3,土銀-嘉義,2024-11-05,1034
3710,連展投控,3,0,3,土銀-嘉義,2024-11-05,1034
4956,光鋐,3,0,3,土銀-嘉義,2024-11-05,1034
5452,佶優,3,0,3,土銀-嘉義,2024-11-05,1034
8163,達方,3,0,3,土銀-嘉義,2024-11-05,1034
4909,新復興,2,0,2,土銀-嘉義,2024-11-05,1034
2892,第一金,70,0,70,土銀-嘉義,2024-11-06,1034
00878,國泰永續高股息,60,14,46,土銀-嘉義,2024-11-06,1034
00679B,元大美債20年,35,0,35,土銀-嘉義,2024-11-06,1034
00687B,國泰20年美債,61,26,35,土銀-嘉義,2024-11-06,1034
00650L,復華香港正2,60,30,30,土銀-嘉義,2024-11-06,1034
00725B,國泰投資級公司債,25,0,25,土銀-嘉義,2024-11-06,1034
2303,聯電,24,2,22,土銀-嘉義,2024-11-06,1034
2888,新光金,22,0,22,土銀-嘉義,2024-11-06,1034
00740B,富邦全球投等債,20,0,20,土銀-嘉義,2024-11-06,1034
2498,宏達電,20,0,20,土銀-嘉義,2024-11-06,1034
2354,鴻準,62,44,18,土銀-嘉義,2024-11-06,1034
2615,萬海,28,10,18,土銀-嘉義,2024-11-06,1034
8064,東捷,17,0,17,土銀-嘉義,2024-11-06,1034
4931,新盛力,16,0,16,土銀-嘉義,2024-11-06,1034
4919,新唐,15,0,15,土銀-嘉義,2024-11-06,1034
2419,仲琦,16,2,14,土銀-嘉義,2024-11-06,1034
2809,京城銀,13,0,13,土銀-嘉義,2024-11-06,1034
00665L,富邦�琤肭磪囓�2,13,1,12,土銀-嘉義,2024-11-06,1034
00680L,元大美債20正2,15,3,12,土銀-嘉義,2024-11-06,1034
2062,橋椿,12,0,12,土銀-嘉義,2024-11-06,1034
2881,富邦金,12,0,12,土銀-嘉義,2024-11-06,1034
00887,永豐中國科技50大,11,0,11,土銀-嘉義,2024-11-06,1034
00961,FT臺灣永續高息,10,0,10,土銀-嘉義,2024-11-06,1034
2002,中鋼,20,10,10,土銀-嘉義,2024-11-06,1034
3714,富采,12,2,10,土銀-嘉義,2024-11-06,1034
00919,群益台灣精選高息,18,9,9,土銀-嘉義,2024-11-06,1034
2530,華建,9,0,9,土銀-嘉義,2024-11-06,1034
00632R,元大台灣50反1,8,0,8,土銀-嘉義,2024-11-06,1034
2889,國票金,8,0,8,土銀-嘉義,2024-11-06,1034
3149,正達,11,3,8,土銀-嘉義,2024-11-06,1034
1101,台泥,6,0,6,土銀-嘉義,2024-11-06,1034
0056,元大高股息,7,1,6,土銀-嘉義,2024-11-06,1034
00637L,元大滬深300正2,6,0,6,土銀-嘉義,2024-11-06,1034
2313,華通,6,0,6,土銀-嘉義,2024-11-06,1034
2371,大同,10,4,6,土銀-嘉義,2024-11-06,1034
2882,國泰金,6,0,6,土銀-嘉義,2024-11-06,1034
3078,僑威,6,0,6,土銀-嘉義,2024-11-06,1034
3576,聯合再生,6,0,6,土銀-嘉義,2024-11-06,1034
8070,長華*,6,0,6,土銀-嘉義,2024-11-06,1034
5508,永信建,5,0,5,土銀-嘉義,2024-11-06,1034
00639,富邦深100,5,0,5,土銀-嘉義,2024-11-06,1034
00900,富邦特選高股息30,5,0,5,土銀-嘉義,2024-11-06,1034
00956,中信日經高股息,5,0,5,土銀-嘉義,2024-11-06,1034
00937B,群益ESG投等債20,5,0,5,土銀-嘉義,2024-11-06,1034
2101,南港,5,0,5,土銀-嘉義,2024-11-06,1034
2634,漢翔,5,0,5,土銀-嘉義,2024-11-06,1034
3031,佰鴻,5,0,5,土銀-嘉義,2024-11-06,1034
3481,群創,5,0,5,土銀-嘉義,2024-11-06,1034
6191,精成科,5,0,5,土銀-嘉義,2024-11-06,1034
8076,伍豐,5,0,5,土銀-嘉義,2024-11-06,1034
2801,彰銀,217,6,211,土銀-嘉義,2024-11-07,1034
00887,永豐中國科技50大,104,1,103,土銀-嘉義,2024-11-07,1034
2002,中鋼,60,0,60,土銀-嘉義,2024-11-07,1034
00664R,國泰臺灣加權反1,50,0,50,土銀-嘉義,2024-11-07,1034
2845,遠東銀,50,0,50,土銀-嘉義,2024-11-07,1034
00937B,群益ESG投等債20,45,0,45,土銀-嘉義,2024-11-07,1034
6182,合晶,41,1,40,土銀-嘉義,2024-11-07,1034
2312,金寶,55,21,34,土銀-嘉義,2024-11-07,1034
9105,泰金寶-DR,44,13,31,土銀-嘉義,2024-11-07,1034
0056,元大高股息,28,3,25,土銀-嘉義,2024-11-07,1034
2888,新光金,25,0,25,土銀-嘉義,2024-11-07,1034
2892,第一金,22,0,22,土銀-嘉義,2024-11-07,1034
00918,大華優利高填息30,21,0,21,土銀-嘉義,2024-11-07,1034
00893,國泰智能電動車,20,0,20,土銀-嘉義,2024-11-07,1034
2332,友訊,20,0,20,土銀-嘉義,2024-11-07,1034
4533,協易機,18,0,18,土銀-嘉義,2024-11-07,1034
8932,智通*,15,0,15,土銀-嘉義,2024-11-07,1034
4526,東台,16,2,14,土銀-嘉義,2024-11-07,1034
2356,英業達,45,31,14,土銀-嘉義,2024-11-07,1034
00929,復華台灣科技優息,22,10,12,土銀-嘉義,2024-11-07,1034
2633,台灣高鐵,12,0,12,土銀-嘉義,2024-11-07,1034
2303,聯電,20,9,11,土銀-嘉義,2024-11-07,1034
2367,燿華,12,1,11,土銀-嘉義,2024-11-07,1034
3706,神達,21,10,11,土銀-嘉義,2024-11-07,1034
6761,穩得,12,1,11,土銀-嘉義,2024-11-07,1034
00669R,國泰美國道瓊反1,10,0,10,土銀-嘉義,2024-11-07,1034
00632R,元大台灣50反1,10,0,10,土銀-嘉義,2024-11-07,1034
2027,大成鋼,10,0,10,土銀-嘉義,2024-11-07,1034
2603,長榮,11,1,10,土銀-嘉義,2024-11-07,1034
3380,明泰,11,1,10,土銀-嘉義,2024-11-07,1034
6248,沛波,10,0,10,土銀-嘉義,2024-11-07,1034
1301,台塑,12,3,9,土銀-嘉義,2024-11-07,1034
2889,國票金,9,0,9,土銀-嘉義,2024-11-07,1034
2344,華邦電,10,2,8,土銀-嘉義,2024-11-07,1034
6582,申豐,8,0,8,土銀-嘉義,2024-11-07,1034
1584,精剛,11,4,7,土銀-嘉義,2024-11-07,1034
1785,光洋科,8,1,7,土銀-嘉義,2024-11-07,1034
5315,光聯,7,0,7,土銀-嘉義,2024-11-07,1034
00858,永豐美國500大,6,0,6,土銀-嘉義,2024-11-07,1034
2014,中鴻,10,4,6,土銀-嘉義,2024-11-07,1034
2365,昆盈,7,1,6,土銀-嘉義,2024-11-07,1034
2401,凌陽,6,0,6,土銀-嘉義,2024-11-07,1034
3019,亞光,6,0,6,土銀-嘉義,2024-11-07,1034
4979,華星光,11,5,6,土銀-嘉義,2024-11-07,1034
6741,91APP*-KY,6,0,6,土銀-嘉義,2024-11-07,1034
2883,凱基金,6,0,6,土銀-嘉義,2024-11-07,1034
3673,TPK-KY,5,0,5,土銀-嘉義,2024-11-07,1034
4737,華廣,5,0,5,土銀-嘉義,2024-11-07,1034
6578,達邦蛋白,5,0,5,土銀-嘉義,2024-11-07,1034
8027,鈦昇,5,0,5,土銀-嘉義,2024-11-07,1034
00959B,大華投等美債15Y+,500,0,500,土銀-嘉義,2024-11-08,1034
6153,嘉聯益,100,0,100,土銀-嘉義,2024-11-08,1034
3062,建漢,73,11,62,土銀-嘉義,2024-11-08,1034
2845,遠東銀,50,0,50,土銀-嘉義,2024-11-08,1034
2375,凱美,36,0,36,土銀-嘉義,2024-11-08,1034
00632R,元大台灣50反1,30,0,30,土銀-嘉義,2024-11-08,1034
00664R,國泰臺灣加權反1,30,0,30,土銀-嘉義,2024-11-08,1034
2371,大同,30,0,30,土銀-嘉義,2024-11-08,1034
2888,新光金,30,0,30,土銀-嘉義,2024-11-08,1034
6505,台塑化,29,0,29,土銀-嘉義,2024-11-08,1034
2530,華建,27,0,27,土銀-嘉義,2024-11-08,1034
6182,合晶,21,0,21,土銀-嘉義,2024-11-08,1034
2352,佳世達,20,0,20,土銀-嘉義,2024-11-08,1034
8240,華宏,21,1,20,土銀-嘉義,2024-11-08,1034
1536,和大,19,0,19,土銀-嘉義,2024-11-08,1034
2314,台揚,21,2,19,土銀-嘉義,2024-11-08,1034
00878,國泰永續高股息,18,0,18,土銀-嘉義,2024-11-08,1034
3149,正達,18,1,17,土銀-嘉義,2024-11-08,1034
00680L,元大美債20正2,20,4,16,土銀-嘉義,2024-11-08,1034
5706,鳳凰,16,0,16,土銀-嘉義,2024-11-08,1034
2303,聯電,22,7,15,土銀-嘉義,2024-11-08,1034
2887,台新金,13,0,13,土銀-嘉義,2024-11-08,1034
2889,國票金,13,0,13,土銀-嘉義,2024-11-08,1034
4564,元翎,13,0,13,土銀-嘉義,2024-11-08,1034
00887,永豐中國科技50大,28,17,11,土銀-嘉義,2024-11-08,1034
2388,威盛,11,0,11,土銀-嘉義,2024-11-08,1034
2316,楠梓電,10,0,10,土銀-嘉義,2024-11-08,1034
2354,鴻準,46,36,10,土銀-嘉義,2024-11-08,1034
2409,友達,10,0,10,土銀-嘉義,2024-11-08,1034
2883,凱基金,10,0,10,土銀-嘉義,2024-11-08,1034
3189,景碩,12,2,10,土銀-嘉義,2024-11-08,1034
8107,大億金茂,10,0,10,土銀-嘉義,2024-11-08,1034
8111,立��,20,10,10,土銀-嘉義,2024-11-08,1034
2457,飛宏,9,0,9,土銀-嘉義,2024-11-08,1034
1216,統一,9,0,9,土銀-嘉義,2024-11-08,1034
2034,允強,10,1,9,土銀-嘉義,2024-11-08,1034
3360,尚立,9,0,9,土銀-嘉義,2024-11-08,1034
6284,佳邦,9,0,9,土銀-嘉義,2024-11-08,1034
2337,旺宏,8,0,8,土銀-嘉義,2024-11-08,1034
3037,欣興,8,0,8,土銀-嘉義,2024-11-08,1034
2368,金像電,6,0,6,土銀-嘉義,2024-11-08,1034
00675L,富邦臺灣加權正2,6,0,6,土銀-嘉義,2024-11-08,1034
2014,中鴻,7,1,6,土銀-嘉義,2024-11-08,1034
2356,英業達,21,15,6,土銀-嘉義,2024-11-08,1034
2392,正崴,23,17,6,土銀-嘉義,2024-11-08,1034
2414,精技,9,3,6,土銀-嘉義,2024-11-08,1034
6191,精成科,6,0,6,土銀-嘉義,2024-11-08,1034
8032,光菱,6,0,6,土銀-嘉義,2024-11-08,1034
00943,兆豐電子高息等權,5,0,5,土銀-嘉義,2024-11-08,1034
00942B,台新美A公司債20+,5,0,5,土銀-嘉義,2024-11-08,1034
00959B,大華投等美債15Y+,501,0,501,土銀-嘉義,2024-11-11,1034
6153,嘉聯益,100,0,100,土銀-嘉義,2024-11-11,1034
00650L,復華香港正2,60,30,30,土銀-嘉義,2024-11-11,1034
9105,泰金寶-DR,32,2,30,土銀-嘉義,2024-11-11,1034
00893,國泰智能電動車,28,0,28,土銀-嘉義,2024-11-11,1034
3481,群創,31,7,24,土銀-嘉義,2024-11-11,1034
00954,中信日本半導體,20,0,20,土銀-嘉義,2024-11-11,1034
2498,宏達電,20,0,20,土銀-嘉義,2024-11-11,1034
2889,國票金,19,0,19,土銀-嘉義,2024-11-11,1034
2357,華碩,18,0,18,土銀-嘉義,2024-11-11,1034
8240,華宏,18,0,18,土銀-嘉義,2024-11-11,1034
2409,友達,22,5,17,土銀-嘉義,2024-11-11,1034
00878,國泰永續高股息,15,0,15,土銀-嘉義,2024-11-11,1034
2354,鴻準,38,26,12,土銀-嘉義,2024-11-11,1034
1216,統一,13,1,12,土銀-嘉義,2024-11-11,1034
00753L,中信中國50正2,12,0,12,土銀-嘉義,2024-11-11,1034
1605,華新,12,0,12,土銀-嘉義,2024-11-11,1034
2303,聯電,13,1,12,土銀-嘉義,2024-11-11,1034
3062,建漢,20,8,12,土銀-嘉義,2024-11-11,1034
3356,奇偶,11,0,11,土銀-嘉義,2024-11-11,1034
00937B,群益ESG投等債20,10,0,10,土銀-嘉義,2024-11-11,1034
2457,飛宏,10,0,10,土銀-嘉義,2024-11-11,1034
2506,太設,10,0,10,土銀-嘉義,2024-11-11,1034
3149,正達,10,0,10,土銀-嘉義,2024-11-11,1034
5511,德昌,9,0,9,土銀-嘉義,2024-11-11,1034
2317,鴻海,9,0,9,土銀-嘉義,2024-11-11,1034
2449,京元電子,16,8,8,土銀-嘉義,2024-11-11,1034
00637L,元大滬深300正2,14,6,8,土銀-嘉義,2024-11-11,1034
1513,中興電,10,2,8,土銀-嘉義,2024-11-11,1034
3231,緯創,13,6,7,土銀-嘉義,2024-11-11,1034
1527,鑽全,7,0,7,土銀-嘉義,2024-11-11,1034
1536,和大,10,3,7,土銀-嘉義,2024-11-11,1034
2337,旺宏,7,0,7,土銀-嘉義,2024-11-11,1034
2444,兆勁,7,0,7,土銀-嘉義,2024-11-11,1034
1449,佳和,7,1,6,土銀-嘉義,2024-11-11,1034
1709,和益,6,0,6,土銀-嘉義,2024-11-11,1034
2344,華邦電,15,9,6,土銀-嘉義,2024-11-11,1034
3325,旭品,6,0,6,土銀-嘉義,2024-11-11,1034
5474,聰泰,6,0,6,土銀-嘉義,2024-11-11,1034
2609,陽明,13,8,5,土銀-嘉義,2024-11-11,1034
00882,中信中國高股息,5,0,5,土銀-嘉義,2024-11-11,1034
00919,群益台灣精選高息,5,0,5,土銀-嘉義,2024-11-11,1034
1584,精剛,5,0,5,土銀-嘉義,2024-11-11,1034
2002,中鋼,5,0,5,土銀-嘉義,2024-11-11,1034
2231,為升,5,0,5,土銀-嘉義,2024-11-11,1034
2359,所羅門,5,0,5,土銀-嘉義,2024-11-11,1034
2375,凱美,5,0,5,土銀-嘉義,2024-11-11,1034
2851,中再保,5,0,5,土銀-嘉義,2024-11-11,1034
2881,富邦金,5,0,5,土銀-嘉義,2024-11-11,1034
4958,臻鼎-KY,5,0,5,土銀-嘉義,2024-11-11,1034
00959B,大華投等美債15Y+,496,0,496,土銀-嘉義,2024-11-12,1034
6153,嘉聯益,100,0,100,土銀-嘉義,2024-11-12,1034
00937B,群益ESG投等債20,60,0,60,土銀-嘉義,2024-11-12,1034
00887,永豐中國科技50大,50,0,50,土銀-嘉義,2024-11-12,1034
0056,元大高股息,48,0,48,土銀-嘉義,2024-11-12,1034
00650L,復華香港正2,44,0,44,土銀-嘉義,2024-11-12,1034
1314,中石化,42,1,41,土銀-嘉義,2024-11-12,1034
2375,凱美,40,0,40,土銀-嘉義,2024-11-12,1034
5519,隆大,30,0,30,土銀-嘉義,2024-11-12,1034
00878,國泰永續高股息,34,9,25,土銀-嘉義,2024-11-12,1034
2303,聯電,24,2,22,土銀-嘉義,2024-11-12,1034
4979,華星光,42,21,21,土銀-嘉義,2024-11-12,1034
9105,泰金寶-DR,20,0,20,土銀-嘉義,2024-11-12,1034
00940,元大台灣價值高息,17,0,17,土銀-嘉義,2024-11-12,1034
2409,友達,17,0,17,土銀-嘉義,2024-11-12,1034
1402,遠東新,16,0,16,土銀-嘉義,2024-11-12,1034
3062,建漢,17,1,16,土銀-嘉義,2024-11-12,1034
1216,統一,16,1,15,土銀-嘉義,2024-11-12,1034
2892,第一金,15,0,15,土銀-嘉義,2024-11-12,1034
4303,信立,14,0,14,土銀-嘉義,2024-11-12,1034
2356,英業達,18,7,11,土銀-嘉義,2024-11-12,1034
00954,中信日本半導體,10,0,10,土銀-嘉義,2024-11-12,1034
00952,凱基台灣AI50,10,0,10,土銀-嘉義,2024-11-12,1034
00946,群益科技高息成長,10,0,10,土銀-嘉義,2024-11-12,1034
2883,凱基金,20,10,10,土銀-嘉義,2024-11-12,1034
00919,群益台灣精選高息,9,0,9,土銀-嘉義,2024-11-12,1034
3481,群創,9,0,9,土銀-嘉義,2024-11-12,1034
5009,榮剛,10,1,9,土銀-嘉義,2024-11-12,1034
2002,中鋼,9,0,9,土銀-嘉義,2024-11-12,1034
00915,凱基優選高股息30,8,0,8,土銀-嘉義,2024-11-12,1034
00753L,中信中國50正2,8,0,8,土銀-嘉義,2024-11-12,1034
2353,宏��,8,0,8,土銀-嘉義,2024-11-12,1034
2615,萬海,18,10,8,土銀-嘉義,2024-11-12,1034
8107,大億金茂,10,2,8,土銀-嘉義,2024-11-12,1034
8429,金麗-KY,8,0,8,土銀-嘉義,2024-11-12,1034
5871,中租-KY,7,0,7,土銀-嘉義,2024-11-12,1034
1301,台塑,7,0,7,土銀-嘉義,2024-11-12,1034
1722,台肥,7,0,7,土銀-嘉義,2024-11-12,1034
2328,廣宇,9,2,7,土銀-嘉義,2024-11-12,1034
5880,合庫金,7,0,7,土銀-嘉義,2024-11-12,1034
6763,綠界科技*,7,0,7,土銀-嘉義,2024-11-12,1034
1528,恩德,13,7,6,土銀-嘉義,2024-11-12,1034
2457,飛宏,6,0,6,土銀-嘉義,2024-11-12,1034
2605,新興,10,4,6,土銀-嘉義,2024-11-12,1034
5512,力麒,6,0,6,土銀-嘉義,2024-11-12,1034
00731,復華富時高息低波,5,0,5,土銀-嘉義,2024-11-12,1034
00687B,國泰20年美債,10,5,5,土銀-嘉義,2024-11-12,1034
00929,復華台灣科技優息,15,10,5,土銀-嘉義,2024-11-12,1034
1536,和大,5,0,5,土銀-嘉義,2024-11-12,1034
1789,神隆,5,0,5,土銀-嘉義,2024-11-12,1034
2801,彰銀,358,0,358,土銀-嘉義,2024-11-13,1034
6153,嘉聯益,100,0,100,土銀-嘉義,2024-11-13,1034
00878,國泰永續高股息,78,4,74,土銀-嘉義,2024-11-13,1034
2344,華邦電,74,9,65,土銀-嘉義,2024-11-13,1034
00887,永豐中國科技50大,56,4,52,土銀-嘉義,2024-11-13,1034
00650L,復華香港正2,46,0,46,土銀-嘉義,2024-11-13,1034
6182,合晶,40,0,40,土銀-嘉義,2024-11-13,1034
1326,台化,30,0,30,土銀-嘉義,2024-11-13,1034
00680L,元大美債20正2,50,23,27,土銀-嘉義,2024-11-13,1034
00902,中信電池及儲能,26,0,26,土銀-嘉義,2024-11-13,1034
00712,復華富時不動產,25,0,25,土銀-嘉義,2024-11-13,1034
2883,凱基金,26,1,25,土銀-嘉義,2024-11-13,1034
3706,神達,78,55,23,土銀-嘉義,2024-11-13,1034
3714,富采,21,0,21,土銀-嘉義,2024-11-13,1034
2615,萬海,22,2,20,土銀-嘉義,2024-11-13,1034
2375,凱美,20,0,20,土銀-嘉義,2024-11-13,1034
4979,華星光,30,10,20,土銀-嘉義,2024-11-13,1034
00893,國泰智能電動車,20,2,18,土銀-嘉義,2024-11-13,1034
3062,建漢,21,3,18,土銀-嘉義,2024-11-13,1034
00753L,中信中國50正2,16,0,16,土銀-嘉義,2024-11-13,1034
2752,豆府,16,0,16,土銀-嘉義,2024-11-13,1034
0056,元大高股息,15,0,15,土銀-嘉義,2024-11-13,1034
2887,台新金,18,3,15,土銀-嘉義,2024-11-13,1034
6695,芯鼎,16,1,15,土銀-嘉義,2024-11-13,1034
2393,億光,14,0,14,土銀-嘉義,2024-11-13,1034
00959B,大華投等美債15Y+,13,0,13,土銀-嘉義,2024-11-13,1034
2317,鴻海,16,4,12,土銀-嘉義,2024-11-13,1034
2882,國泰金,13,1,12,土銀-嘉義,2024-11-13,1034
2881,富邦金,11,0,11,土銀-嘉義,2024-11-13,1034
3189,景碩,11,0,11,土銀-嘉義,2024-11-13,1034
3481,群創,16,5,11,土銀-嘉義,2024-11-13,1034
00665L,富邦�琤肭磪囓�2,10,0,10,土銀-嘉義,2024-11-13,1034
00881,國泰台灣5G+,10,0,10,土銀-嘉義,2024-11-13,1034
00934,中信成長高股息,10,0,10,土銀-嘉義,2024-11-13,1034
3207,耀勝,10,0,10,土銀-嘉義,2024-11-13,1034
4303,信立,10,0,10,土銀-嘉義,2024-11-13,1034
6282,康舒,12,3,9,土銀-嘉義,2024-11-13,1034
3211,順達,10,1,9,土銀-嘉義,2024-11-13,1034
2332,友訊,9,0,9,土銀-嘉義,2024-11-13,1034
1301,台塑,8,0,8,土銀-嘉義,2024-11-13,1034
5871,中租-KY,7,1,6,土銀-嘉義,2024-11-13,1034
2646,星宇航空,7,1,6,土銀-嘉義,2024-11-13,1034
3580,友威科,6,0,6,土銀-嘉義,2024-11-13,1034
6603,富強鑫,6,0,6,土銀-嘉義,2024-11-13,1034
8150,南茂,6,0,6,土銀-嘉義,2024-11-13,1034
00882,中信中國高股息,5,0,5,土銀-嘉義,2024-11-13,1034
2303,聯電,19,14,5,土銀-嘉義,2024-11-13,1034
3149,正達,6,1,5,土銀-嘉義,2024-11-13,1034
5347,世界,5,0,5,土銀-嘉義,2024-11-13,1034
6026,福邦證,5,0,5,土銀-嘉義,2024-11-13,1034
2498,宏達電,70,0,70,土銀-嘉義,2024-11-14,1034
00878,國泰永續高股息,70,11,59,土銀-嘉義,2024-11-14,1034
2344,華邦電,55,0,55,土銀-嘉義,2024-11-14,1034
00650L,復華香港正2,70,25,45,土銀-嘉義,2024-11-14,1034
2375,凱美,40,0,40,土銀-嘉義,2024-11-14,1034
00680L,元大美債20正2,35,0,35,土銀-嘉義,2024-11-14,1034
1802,台玻,32,0,32,土銀-嘉義,2024-11-14,1034
3025,星通,35,10,25,土銀-嘉義,2024-11-14,1034
00919,群益台灣精選高息,22,0,22,土銀-嘉義,2024-11-14,1034
00930,永豐ESG低碳高息,20,0,20,土銀-嘉義,2024-11-14,1034
2634,漢翔,17,0,17,土銀-嘉義,2024-11-14,1034
2887,台新金,16,0,16,土銀-嘉義,2024-11-14,1034
0056,元大高股息,15,0,15,土銀-嘉義,2024-11-14,1034
00929,復華台灣科技優息,13,0,13,土銀-嘉義,2024-11-14,1034
2317,鴻海,15,2,13,土銀-嘉義,2024-11-14,1034
1301,台塑,14,1,13,土銀-嘉義,2024-11-14,1034
4142,國光生,12,0,12,土銀-嘉義,2024-11-14,1034
2615,萬海,28,17,11,土銀-嘉義,2024-11-14,1034
2303,聯電,27,16,11,土銀-嘉義,2024-11-14,1034
3062,建漢,16,5,11,土銀-嘉義,2024-11-14,1034
00931B,統一美債20年,10,0,10,土銀-嘉義,2024-11-14,1034
00893,國泰智能電動車,10,0,10,土銀-嘉義,2024-11-14,1034
1102,亞泥,10,0,10,土銀-嘉義,2024-11-14,1034
2353,宏��,10,0,10,土銀-嘉義,2024-11-14,1034
2889,國票金,10,0,10,土銀-嘉義,2024-11-14,1034
6695,芯鼎,10,0,10,土銀-嘉義,2024-11-14,1034
3481,群創,36,27,9,土銀-嘉義,2024-11-14,1034
3484,崧騰,8,0,8,土銀-嘉義,2024-11-14,1034
6743,安普新,8,0,8,土銀-嘉義,2024-11-14,1034
2409,友達,27,20,7,土銀-嘉義,2024-11-14,1034
2603,長榮,12,5,7,土銀-嘉義,2024-11-14,1034
2892,第一金,7,0,7,土銀-嘉義,2024-11-14,1034
3360,尚立,7,0,7,土銀-嘉義,2024-11-14,1034
00940,元大台灣價值高息,6,0,6,土銀-嘉義,2024-11-14,1034
2337,旺宏,6,0,6,土銀-嘉義,2024-11-14,1034
2408,南亞科,6,0,6,土銀-嘉義,2024-11-14,1034
2489,瑞軒,6,0,6,土銀-嘉義,2024-11-14,1034
2891,中信金,6,0,6,土銀-嘉義,2024-11-14,1034
3231,緯創,6,0,6,土銀-嘉義,2024-11-14,1034
00753L,中信中國50正2,5,0,5,土銀-嘉義,2024-11-14,1034
00937B,群益ESG投等債20,5,0,5,土銀-嘉義,2024-11-14,1034
1314,中石化,5,0,5,土銀-嘉義,2024-11-14,1034
1909,榮成,5,0,5,土銀-嘉義,2024-11-14,1034
2101,南港,5,0,5,土銀-嘉義,2024-11-14,1034
2103,台橡,5,0,5,土銀-嘉義,2024-11-14,1034
2382,廣達,6,1,5,土銀-嘉義,2024-11-14,1034
2405,輔信,5,0,5,土銀-嘉義,2024-11-14,1034
3050,鈺德,5,0,5,土銀-嘉義,2024-11-14,1034
3715,定穎投控,5,0,5,土銀-嘉義,2024-11-14,1034
4564,元翎,5,0,5,土銀-嘉義,2024-11-14,1034
00676R,富邦臺灣加權反1,400,0,400,土銀-嘉義,2024-11-15,1034
00918,大華優利高填息30,300,0,300,土銀-嘉義,2024-11-15,1034
00878,國泰永續高股息,59,2,57,土銀-嘉義,2024-11-15,1034
00664R,國泰臺灣加權反1,50,0,50,土銀-嘉義,2024-11-15,1034
2883,凱基金,48,0,48,土銀-嘉義,2024-11-15,1034
00753L,中信中國50正2,32,0,32,土銀-嘉義,2024-11-15,1034
2303,聯電,26,2,24,土銀-嘉義,2024-11-15,1034
00929,復華台灣科技優息,33,10,23,土銀-嘉義,2024-11-15,1034
6505,台塑化,25,2,23,土銀-嘉義,2024-11-15,1034
2375,凱美,20,0,20,土銀-嘉義,2024-11-15,1034
4306,炎洲,20,0,20,土銀-嘉義,2024-11-15,1034
2103,台橡,18,0,18,土銀-嘉義,2024-11-15,1034
2382,廣達,21,5,16,土銀-嘉義,2024-11-15,1034
2610,華航,23,9,14,土銀-嘉義,2024-11-15,1034
00637L,元大滬深300正2,24,11,13,土銀-嘉義,2024-11-15,1034
00887,永豐中國科技50大,13,1,12,土銀-嘉義,2024-11-15,1034
2317,鴻海,32,21,11,土銀-嘉義,2024-11-15,1034
00893,國泰智能電動車,11,0,11,土銀-嘉義,2024-11-15,1034
4979,華星光,15,5,10,土銀-嘉義,2024-11-15,1034
6239,力成,10,0,10,土銀-嘉義,2024-11-15,1034
6770,力積電,10,0,10,土銀-嘉義,2024-11-15,1034
2301,光寶科,12,3,9,土銀-嘉義,2024-11-15,1034
2324,仁寶,8,0,8,土銀-嘉義,2024-11-15,1034
2889,國票金,8,0,8,土銀-嘉義,2024-11-15,1034
5309,系統電,8,1,7,土銀-嘉義,2024-11-15,1034
3293,鈊象,7,0,7,土銀-嘉義,2024-11-15,1034
3149,正達,6,0,6,土銀-嘉義,2024-11-15,1034
00945B,凱基美國非投等債,6,0,6,土銀-嘉義,2024-11-15,1034
2356,英業達,12,6,6,土銀-嘉義,2024-11-15,1034
3013,晟銘電,13,7,6,土銀-嘉義,2024-11-15,1034
1314,中石化,5,0,5,土銀-嘉義,2024-11-15,1034
2344,華邦電,14,9,5,土銀-嘉義,2024-11-15,1034
2392,正崴,16,11,5,土銀-嘉義,2024-11-15,1034
6191,精成科,5,0,5,土銀-嘉義,2024-11-15,1034
2330,台積電,4,0,4,土銀-嘉義,2024-11-15,1034
00902,中信電池及儲能,4,0,4,土銀-嘉義,2024-11-15,1034
00646,元大S＆P500,4,0,4,土銀-嘉義,2024-11-15,1034
2474,可成,4,0,4,土銀-嘉義,2024-11-15,1034
2887,台新金,4,0,4,土銀-嘉義,2024-11-15,1034
3234,光環,4,0,4,土銀-嘉義,2024-11-15,1034
6695,芯鼎,4,0,4,土銀-嘉義,2024-11-15,1034
00713,元大台灣高息低波,3,0,3,土銀-嘉義,2024-11-15,1034
00632R,元大台灣50反1,3,0,3,土銀-嘉義,2024-11-15,1034
2328,廣宇,5,2,3,土銀-嘉義,2024-11-15,1034
2605,新興,6,3,3,土銀-嘉義,2024-11-15,1034
2882,國泰金,3,0,3,土銀-嘉義,2024-11-15,1034
3231,緯創,5,2,3,土銀-嘉義,2024-11-15,1034
3338,泰碩,3,0,3,土銀-嘉義,2024-11-15,1034
4714,永捷,3,0,3,土銀-嘉義,2024-11-15,1034
6213,聯茂,3,0,3,土銀-嘉義,2024-11-15,1034
3576,聯合再生,200,0,200,土銀-嘉義,2024-11-18,1034
00887,永豐中國科技50大,117,0,117,土銀-嘉義,2024-11-18,1034
00878,國泰永續高股息,80,5,75,土銀-嘉義,2024-11-18,1034
2881,富邦金,59,0,59,土銀-嘉義,2024-11-18,1034
9105,泰金寶-DR,56,7,49,土銀-嘉義,2024-11-18,1034
2371,大同,33,0,33,土銀-嘉義,2024-11-18,1034
3090,日電貿,32,2,30,土銀-嘉義,2024-11-18,1034
4931,新盛力,29,0,29,土銀-嘉義,2024-11-18,1034
00932,兆豐永續高息等權,25,0,25,土銀-嘉義,2024-11-18,1034
2498,宏達電,24,1,23,土銀-嘉義,2024-11-18,1034
00919,群益台灣精選高息,26,5,21,土銀-嘉義,2024-11-18,1034
00882,中信中國高股息,20,0,20,土銀-嘉義,2024-11-18,1034
00830,國泰費城半導體,20,0,20,土銀-嘉義,2024-11-18,1034
2375,凱美,20,0,20,土銀-嘉義,2024-11-18,1034
2354,鴻準,43,23,20,土銀-嘉義,2024-11-18,1034
2312,金寶,24,7,17,土銀-嘉義,2024-11-18,1034
0056,元大高股息,15,0,15,土銀-嘉義,2024-11-18,1034
6180,橘子,15,1,14,土銀-嘉義,2024-11-18,1034
8044,網家,17,4,13,土銀-嘉義,2024-11-18,1034
3481,群創,14,3,11,土銀-嘉義,2024-11-18,1034
00881,國泰台灣5G+,11,0,11,土銀-嘉義,2024-11-18,1034
2409,友達,10,0,10,土銀-嘉義,2024-11-18,1034
4303,信立,10,0,10,土銀-嘉義,2024-11-18,1034
2002,中鋼,10,1,9,土銀-嘉義,2024-11-18,1034
4952,凌通,8,0,8,土銀-嘉義,2024-11-18,1034
00945B,凱基美國非投等債,7,0,7,土銀-嘉義,2024-11-18,1034
00915,凱基優選高股息30,8,1,7,土銀-嘉義,2024-11-18,1034
2316,楠梓電,10,3,7,土銀-嘉義,2024-11-18,1034
2401,凌陽,7,0,7,土銀-嘉義,2024-11-18,1034
00902,中信電池及儲能,6,0,6,土銀-嘉義,2024-11-18,1034
00893,國泰智能電動車,6,0,6,土銀-嘉義,2024-11-18,1034
1307,三芳,6,0,6,土銀-嘉義,2024-11-18,1034
1503,士電,6,0,6,土銀-嘉義,2024-11-18,1034
1536,和大,6,0,6,土銀-嘉義,2024-11-18,1034
2348,海悅,6,0,6,土銀-嘉義,2024-11-18,1034
2618,長榮航,6,0,6,土銀-嘉義,2024-11-18,1034
3374,精材,5,0,5,土銀-嘉義,2024-11-18,1034
1313,聯成,5,0,5,土銀-嘉義,2024-11-18,1034
00753L,中信中國50正2,5,0,5,土銀-嘉義,2024-11-18,1034
00687B,國泰20年美債,5,0,5,土銀-嘉義,2024-11-18,1034
2344,華邦電,5,0,5,土銀-嘉義,2024-11-18,1034
2355,敬鵬,5,0,5,土銀-嘉義,2024-11-18,1034
2530,華建,5,0,5,土銀-嘉義,2024-11-18,1034
3078,僑威,5,0,5,土銀-嘉義,2024-11-18,1034
3360,尚立,5,0,5,土銀-嘉義,2024-11-18,1034
3689,湧德,5,0,5,土銀-嘉義,2024-11-18,1034
4906,正文,6,1,5,土銀-嘉義,2024-11-18,1034
4919,新唐,5,0,5,土銀-嘉義,2024-11-18,1034
6695,芯鼎,5,0,5,土銀-嘉義,2024-11-18,1034
8932,智通*,5,0,5,土銀-嘉義,2024-11-18,1034
00948B,中信優息投資級債,494,0,494,土銀-嘉義,2024-11-19,1034
00676R,富邦臺灣加權反1,400,0,400,土銀-嘉義,2024-11-19,1034
2409,友達,51,0,51,土銀-嘉義,2024-11-19,1034
2344,華邦電,50,0,50,土銀-嘉義,2024-11-19,1034
4931,新盛力,29,0,29,土銀-嘉義,2024-11-19,1034
1303,南亞,20,0,20,土銀-嘉義,2024-11-19,1034
3025,星通,20,0,20,土銀-嘉義,2024-11-19,1034
3050,鈺德,20,0,20,土銀-嘉義,2024-11-19,1034
3062,建漢,29,9,20,土銀-嘉義,2024-11-19,1034
2349,錸德,22,4,18,土銀-嘉義,2024-11-19,1034
2204,中華,12,0,12,土銀-嘉義,2024-11-19,1034
2881,富邦金,13,2,11,土銀-嘉義,2024-11-19,1034
00679B,元大美債20年,11,0,11,土銀-嘉義,2024-11-19,1034
00937B,群益ESG投等債20,10,0,10,土銀-嘉義,2024-11-19,1034
00830,國泰費城半導體,10,0,10,土銀-嘉義,2024-11-19,1034
00881,國泰台灣5G+,10,0,10,土銀-嘉義,2024-11-19,1034
2323,中環,10,0,10,土銀-嘉義,2024-11-19,1034
3576,聯合再生,10,0,10,土銀-嘉義,2024-11-19,1034
4576,大銀微系統,10,0,10,土銀-嘉義,2024-11-19,1034
00887,永豐中國科技50大,9,0,9,土銀-嘉義,2024-11-19,1034
3049,精金,9,0,9,土銀-嘉義,2024-11-19,1034
9105,泰金寶-DR,60,51,9,土銀-嘉義,2024-11-19,1034
2356,英業達,11,3,8,土銀-嘉義,2024-11-19,1034
2388,威盛,10,2,8,土銀-嘉義,2024-11-19,1034
2317,鴻海,9,2,7,土銀-嘉義,2024-11-19,1034
00945B,凱基美國非投等債,7,0,7,土銀-嘉義,2024-11-19,1034
00929,復華台灣科技優息,11,5,6,土銀-嘉義,2024-11-19,1034
1316,上曜,5,0,5,土銀-嘉義,2024-11-19,1034
1301,台塑,5,0,5,土銀-嘉義,2024-11-19,1034
0056,元大高股息,5,0,5,土銀-嘉義,2024-11-19,1034
00932,兆豐永續高息等權,5,0,5,土銀-嘉義,2024-11-19,1034
00893,國泰智能電動車,5,0,5,土銀-嘉義,2024-11-19,1034
2329,華泰,5,0,5,土銀-嘉義,2024-11-19,1034
2867,三商壽,5,0,5,土銀-嘉義,2024-11-19,1034
3419,譁裕,5,0,5,土銀-嘉義,2024-11-19,1034
8299,群聯,6,1,5,土銀-嘉義,2024-11-19,1034
2382,廣達,8,4,4,土銀-嘉義,2024-11-19,1034
1102,亞泥,4,0,4,土銀-嘉義,2024-11-19,1034
00643,群益深証中小,4,0,4,土銀-嘉義,2024-11-19,1034
2348,海悅,4,0,4,土銀-嘉義,2024-11-19,1034
2891,中信金,4,0,4,土銀-嘉義,2024-11-19,1034
1216,統一,3,0,3,土銀-嘉義,2024-11-19,1034
0050,元大台灣50,3,0,3,土銀-嘉義,2024-11-19,1034
00637L,元大滬深300正2,13,10,3,土銀-嘉義,2024-11-19,1034
00943,兆豐電子高息等權,3,0,3,土銀-嘉義,2024-11-19,1034
2103,台橡,3,0,3,土銀-嘉義,2024-11-19,1034
2439,美律,5,2,3,土銀-嘉義,2024-11-19,1034
2486,一詮,7,4,3,土銀-嘉義,2024-11-19,1034
2752,豆府,3,0,3,土銀-嘉義,2024-11-19,1034
3290,東浦,3,0,3,土銀-嘉義,2024-11-19,1034
00959B,大華投等美債15Y+,500,0,500,土銀-嘉義,2024-11-20,1034
00676R,富邦臺灣加權反1,300,0,300,土銀-嘉義,2024-11-20,1034
00687B,國泰20年美債,100,1,99,土銀-嘉義,2024-11-20,1034
00887,永豐中國科技50大,49,0,49,土銀-嘉義,2024-11-20,1034
2371,大同,48,0,48,土銀-嘉義,2024-11-20,1034
2303,聯電,42,0,42,土銀-嘉義,2024-11-20,1034
3447,展達,36,0,36,土銀-嘉義,2024-11-20,1034
1802,台玻,30,0,30,土銀-嘉義,2024-11-20,1034
2356,英業達,36,6,30,土銀-嘉義,2024-11-20,1034
4931,新盛力,24,0,24,土銀-嘉義,2024-11-20,1034
1536,和大,23,0,23,土銀-嘉義,2024-11-20,1034
00679B,元大美債20年,23,0,23,土銀-嘉義,2024-11-20,1034
3706,神達,36,14,22,土銀-嘉義,2024-11-20,1034
00929,復華台灣科技優息,30,10,20,土銀-嘉義,2024-11-20,1034
2201,裕隆,20,0,20,土銀-嘉義,2024-11-20,1034
2498,宏達電,20,0,20,土銀-嘉義,2024-11-20,1034
2615,萬海,88,69,19,土銀-嘉義,2024-11-20,1034
2354,鴻準,33,16,17,土銀-嘉義,2024-11-20,1034
3714,富采,20,3,17,土銀-嘉義,2024-11-20,1034
2329,華泰,17,1,16,土銀-嘉義,2024-11-20,1034
00932,兆豐永續高息等權,15,0,15,土銀-嘉義,2024-11-20,1034
1584,精剛,14,0,14,土銀-嘉義,2024-11-20,1034
00940,元大台灣價值高息,50,37,13,土銀-嘉義,2024-11-20,1034
2457,飛宏,11,0,11,土銀-嘉義,2024-11-20,1034
00950B,凱基A級公司債,10,0,10,土銀-嘉義,2024-11-20,1034
00878,國泰永續高股息,10,0,10,土銀-嘉義,2024-11-20,1034
2375,凱美,10,0,10,土銀-嘉義,2024-11-20,1034
2809,京城銀,10,0,10,土銀-嘉義,2024-11-20,1034
3033,威健,10,0,10,土銀-嘉義,2024-11-20,1034
00919,群益台灣精選高息,8,0,8,土銀-嘉義,2024-11-20,1034
6505,台塑化,8,0,8,土銀-嘉義,2024-11-20,1034
00954,中信日本半導體,6,0,6,土銀-嘉義,2024-11-20,1034
1319,東陽,6,0,6,土銀-嘉義,2024-11-20,1034
2103,台橡,6,0,6,土銀-嘉義,2024-11-20,1034
2211,長榮鋼,6,0,6,土銀-嘉義,2024-11-20,1034
2355,敬鵬,6,0,6,土銀-嘉義,2024-11-20,1034
3006,晶豪科,7,1,6,土銀-嘉義,2024-11-20,1034
8070,長華*,6,0,6,土銀-嘉義,2024-11-20,1034
2330,台積電,6,0,6,土銀-嘉義,2024-11-20,1034
1316,上曜,5,0,5,土銀-嘉義,2024-11-20,1034
2405,輔信,6,1,5,土銀-嘉義,2024-11-20,1034
3338,泰碩,20,15,5,土銀-嘉義,2024-11-20,1034
3545,敦泰,5,0,5,土銀-嘉義,2024-11-20,1034
4513,福裕,5,0,5,土銀-嘉義,2024-11-20,1034
6164,華興,5,0,5,土銀-嘉義,2024-11-20,1034
6477,安集,5,0,5,土銀-嘉義,2024-11-20,1034
1307,三芳,4,0,4,土銀-嘉義,2024-11-20,1034
00753L,中信中國50正2,4,0,4,土銀-嘉義,2024-11-20,1034
2328,廣宇,4,0,4,土銀-嘉義,2024-11-20,1034
2367,燿華,4,0,4,土銀-嘉義,2024-11-20,1034
00887,永豐中國科技50大,55,5,50,土銀-嘉義,2024-11-21,1034
2881,富邦金,48,3,45,土銀-嘉義,2024-11-21,1034
2609,陽明,74,47,27,土銀-嘉義,2024-11-21,1034
2303,聯電,38,11,27,土銀-嘉義,2024-11-21,1034
2890,永豐金,23,0,23,土銀-嘉義,2024-11-21,1034
00893,國泰智能電動車,21,0,21,土銀-嘉義,2024-11-21,1034
00919,群益台灣精選高息,22,2,20,土銀-嘉義,2024-11-21,1034
2498,宏達電,20,0,20,土銀-嘉義,2024-11-21,1034
2356,英業達,37,22,15,土銀-嘉義,2024-11-21,1034
00878,國泰永續高股息,13,0,13,土銀-嘉義,2024-11-21,1034
3714,富采,16,5,11,土銀-嘉義,2024-11-21,1034
00954,中信日本半導體,10,0,10,土銀-嘉義,2024-11-21,1034
2547,日勝生,10,0,10,土銀-嘉義,2024-11-21,1034
2613,中櫃,10,0,10,土銀-嘉義,2024-11-21,1034
4123,晟德,10,0,10,土銀-嘉義,2024-11-21,1034
3481,群創,12,2,10,土銀-嘉義,2024-11-21,1034
2344,華邦電,9,0,9,土銀-嘉義,2024-11-21,1034
2354,鴻準,42,33,9,土銀-嘉義,2024-11-21,1034
3025,星通,20,11,9,土銀-嘉義,2024-11-21,1034
3062,建漢,10,1,9,土銀-嘉義,2024-11-21,1034
0050,元大台灣50,7,0,7,土銀-嘉義,2024-11-21,1034
2882,國泰金,7,0,7,土銀-嘉義,2024-11-21,1034
6213,聯茂,7,0,7,土銀-嘉義,2024-11-21,1034
1301,台塑,5,0,5,土銀-嘉義,2024-11-21,1034
2105,正新,5,0,5,土銀-嘉義,2024-11-21,1034
2603,長榮,11,6,5,土銀-嘉義,2024-11-21,1034
2889,國票金,5,0,5,土銀-嘉義,2024-11-21,1034
2891,中信金,5,0,5,土銀-嘉義,2024-11-21,1034
3013,晟銘電,9,4,5,土銀-嘉義,2024-11-21,1034
3028,增你強,5,0,5,土銀-嘉義,2024-11-21,1034
00646,元大S＆P500,4,0,4,土銀-嘉義,2024-11-21,1034
006208,富邦台50,4,0,4,土銀-嘉義,2024-11-21,1034
00946,群益科技高息成長,4,0,4,土銀-嘉義,2024-11-21,1034
2349,錸德,15,11,4,土銀-嘉義,2024-11-21,1034
2405,輔信,4,0,4,土銀-嘉義,2024-11-21,1034
2442,新美齊,5,1,4,土銀-嘉義,2024-11-21,1034
2886,兆豐金,4,0,4,土銀-嘉義,2024-11-21,1034
3037,欣興,4,0,4,土銀-嘉義,2024-11-21,1034
3711,日月光投控,6,2,4,土銀-嘉義,2024-11-21,1034
4931,新盛力,6,2,4,土銀-嘉義,2024-11-21,1034
2330,台積電,5,1,4,土銀-嘉義,2024-11-21,1034
1737,臺鹽,3,0,3,土銀-嘉義,2024-11-21,1034
1721,三晃,3,0,3,土銀-嘉義,2024-11-21,1034
00940,元大台灣價值高息,3,0,3,土銀-嘉義,2024-11-21,1034
2211,長榮鋼,3,0,3,土銀-嘉義,2024-11-21,1034
2348,海悅,3,0,3,土銀-嘉義,2024-11-21,1034
2428,興勤,3,0,3,土銀-嘉義,2024-11-21,1034
6177,達麗,3,0,3,土銀-嘉義,2024-11-21,1034
00881,國泰台灣5G+,2,0,2,土銀-嘉義,2024-11-21,1034
1513,中興電,2,0,2,土銀-嘉義,2024-11-21,1034
00753L,中信中國50正2,49,0,49,土銀-嘉義,2024-11-22,1034
1314,中石化,50,5,45,土銀-嘉義,2024-11-22,1034
00650L,復華香港正2,43,0,43,土銀-嘉義,2024-11-22,1034
2356,英業達,32,3,29,土銀-嘉義,2024-11-22,1034
2882,國泰金,25,2,23,土銀-嘉義,2024-11-22,1034
2609,陽明,36,14,22,土銀-嘉義,2024-11-22,1034
2615,萬海,44,23,21,土銀-嘉義,2024-11-22,1034
00940,元大台灣價值高息,30,10,20,土銀-嘉義,2024-11-22,1034
00954,中信日本半導體,20,0,20,土銀-嘉義,2024-11-22,1034
2444,兆勁,20,1,19,土銀-嘉義,2024-11-22,1034
2312,金寶,41,27,14,土銀-嘉義,2024-11-22,1034
3035,智原,14,3,11,土銀-嘉義,2024-11-22,1034
00878,國泰永續高股息,10,0,10,土銀-嘉義,2024-11-22,1034
2388,威盛,10,0,10,土銀-嘉義,2024-11-22,1034
1449,佳和,10,0,10,土銀-嘉義,2024-11-22,1034
00950B,凱基A級公司債,10,0,10,土銀-嘉義,2024-11-22,1034
00893,國泰智能電動車,15,5,10,土銀-嘉義,2024-11-22,1034
00725B,國泰投資級公司債,10,0,10,土銀-嘉義,2024-11-22,1034
2867,三商壽,10,0,10,土銀-嘉義,2024-11-22,1034
4961,天鈺,10,0,10,土銀-嘉義,2024-11-22,1034
6134,萬旭,10,0,10,土銀-嘉義,2024-11-22,1034
8358,金居,11,1,10,土銀-嘉義,2024-11-22,1034
00882,中信中國高股息,9,0,9,土銀-嘉義,2024-11-22,1034
2888,新光金,7,0,7,土銀-嘉義,2024-11-22,1034
3211,順達,7,0,7,土銀-嘉義,2024-11-22,1034
2405,輔信,6,0,6,土銀-嘉義,2024-11-22,1034
3484,崧騰,6,0,6,土銀-嘉義,2024-11-22,1034
00887,永豐中國科技50大,5,0,5,土銀-嘉義,2024-11-22,1034
1313,聯成,5,0,5,土銀-嘉義,2024-11-22,1034
00960,野村全球航運龍頭,5,0,5,土銀-嘉義,2024-11-22,1034
2324,仁寶,5,0,5,土銀-嘉義,2024-11-22,1034
3694,海華,5,0,5,土銀-嘉義,2024-11-22,1034
4162,智擎,5,0,5,土銀-嘉義,2024-11-22,1034
5309,系統電,14,9,5,土銀-嘉義,2024-11-22,1034
5876,上海商銀,5,0,5,土銀-嘉義,2024-11-22,1034
6168,宏齊,5,0,5,土銀-嘉義,2024-11-22,1034
6274,台燿,10,5,5,土銀-嘉義,2024-11-22,1034
8104,錸寶,6,1,5,土銀-嘉義,2024-11-22,1034
00946,群益科技高息成長,4,0,4,土銀-嘉義,2024-11-22,1034
00637L,元大滬深300正2,14,10,4,土銀-嘉義,2024-11-22,1034
2204,中華,4,0,4,土銀-嘉義,2024-11-22,1034
2605,新興,5,1,4,土銀-嘉義,2024-11-22,1034
2887,台新金,4,0,4,土銀-嘉義,2024-11-22,1034
5488,松普,4,0,4,土銀-嘉義,2024-11-22,1034
6176,瑞儀,4,0,4,土銀-嘉義,2024-11-22,1034
1504,東元,3,0,3,土銀-嘉義,2024-11-22,1034
2353,宏��,5,2,3,土銀-嘉義,2024-11-22,1034
2486,一詮,5,2,3,土銀-嘉義,2024-11-22,1034
2883,凱基金,3,0,3,土銀-嘉義,2024-11-22,1034
2891,中信金,3,0,3,土銀-嘉義,2024-11-22,1034
2883,凱基金,386,0,386,土銀-嘉義,2024-11-25,1034
00887,永豐中國科技50大,119,15,104,土銀-嘉義,2024-11-25,1034
00664R,國泰臺灣加權反1,100,0,100,土銀-嘉義,2024-11-25,1034
2530,華建,45,0,45,土銀-嘉義,2024-11-25,1034
2312,金寶,100,77,23,土銀-嘉義,2024-11-25,1034
00940,元大台灣價值高息,20,0,20,土銀-嘉義,2024-11-25,1034
2371,大同,23,3,20,土銀-嘉義,2024-11-25,1034
6505,台塑化,27,10,17,土銀-嘉義,2024-11-25,1034
00950B,凱基A級公司債,15,0,15,土銀-嘉義,2024-11-25,1034
2603,長榮,19,4,15,土銀-嘉義,2024-11-25,1034
2834,臺企銀,20,5,15,土銀-嘉義,2024-11-25,1034
9105,泰金寶-DR,46,31,15,土銀-嘉義,2024-11-25,1034
2615,萬海,31,17,14,土銀-嘉義,2024-11-25,1034
00679B,元大美債20年,11,0,11,土銀-嘉義,2024-11-25,1034
3481,群創,12,1,11,土銀-嘉義,2024-11-25,1034
00725B,國泰投資級公司債,10,0,10,土銀-嘉義,2024-11-25,1034
00669R,國泰美國道瓊反1,10,0,10,土銀-嘉義,2024-11-25,1034
00959B,大華投等美債15Y+,10,0,10,土銀-嘉義,2024-11-25,1034
2442,新美齊,10,0,10,土銀-嘉義,2024-11-25,1034
2889,國票金,10,0,10,土銀-嘉義,2024-11-25,1034
3025,星通,10,0,10,土銀-嘉義,2024-11-25,1034
00919,群益台灣精選高息,12,3,9,土銀-嘉義,2024-11-25,1034
1522,堤維西,8,0,8,土銀-嘉義,2024-11-25,1034
6282,康舒,8,1,7,土銀-嘉義,2024-11-25,1034
2449,京元電子,7,1,6,土銀-嘉義,2024-11-25,1034
2344,華邦電,6,0,6,土銀-嘉義,2024-11-25,1034
3078,僑威,6,0,6,土銀-嘉義,2024-11-25,1034
3380,明泰,11,5,6,土銀-嘉義,2024-11-25,1034
0056,元大高股息,5,0,5,土銀-嘉義,2024-11-25,1034
00951,台新日本半導體,5,0,5,土銀-嘉義,2024-11-25,1034
00946,群益科技高息成長,5,0,5,土銀-嘉義,2024-11-25,1034
1815,富喬,41,36,5,土銀-嘉義,2024-11-25,1034
2409,友達,5,0,5,土銀-嘉義,2024-11-25,1034
4147,中裕,5,0,5,土銀-嘉義,2024-11-25,1034
6443,元晶,5,0,5,土銀-嘉義,2024-11-25,1034
6629,泰金-KY,5,0,5,土銀-嘉義,2024-11-25,1034
2330,台積電,4,0,4,土銀-嘉義,2024-11-25,1034
00673R,期元大S＆P原油反1,4,0,4,土銀-嘉義,2024-11-25,1034
00893,國泰智能電動車,5,1,4,土銀-嘉義,2024-11-25,1034
00932,兆豐永續高息等權,4,0,4,土銀-嘉義,2024-11-25,1034
2392,正崴,14,10,4,土銀-嘉義,2024-11-25,1034
3454,晶睿,4,0,4,土銀-嘉義,2024-11-25,1034
6763,綠界科技*,4,0,4,土銀-嘉義,2024-11-25,1034
8171,天宇,6,2,4,土銀-嘉義,2024-11-25,1034
3711,日月光投控,4,0,4,土銀-嘉義,2024-11-25,1034
1325,恆大,3,0,3,土銀-嘉義,2024-11-25,1034
1569,濱川,3,0,3,土銀-嘉義,2024-11-25,1034
00917,中信特選金融,3,0,3,土銀-嘉義,2024-11-25,1034
1785,光洋科,3,0,3,土銀-嘉義,2024-11-25,1034
2331,精英,3,0,3,土銀-嘉義,2024-11-25,1034
2883,凱基金,136,1,135,土銀-嘉義,2024-11-26,1034
6153,嘉聯益,100,0,100,土銀-嘉義,2024-11-26,1034
1802,台玻,78,34,44,土銀-嘉義,2024-11-26,1034
3062,建漢,24,0,24,土銀-嘉義,2024-11-26,1034
00753L,中信中國50正2,21,0,21,土銀-嘉義,2024-11-26,1034
00725B,國泰投資級公司債,20,0,20,土銀-嘉義,2024-11-26,1034
2388,威盛,20,0,20,土銀-嘉義,2024-11-26,1034
2801,彰銀,20,0,20,土銀-嘉義,2024-11-26,1034
4306,炎洲,20,0,20,土銀-嘉義,2024-11-26,1034
2354,鴻準,21,2,19,土銀-嘉義,2024-11-26,1034
00954,中信日本半導體,15,0,15,土銀-嘉義,2024-11-26,1034
00932,兆豐永續高息等權,15,0,15,土銀-嘉義,2024-11-26,1034
2344,華邦電,17,2,15,土銀-嘉義,2024-11-26,1034
2530,華建,14,0,14,土銀-嘉義,2024-11-26,1034
5880,合庫金,13,0,13,土銀-嘉義,2024-11-26,1034
00878,國泰永續高股息,12,0,12,土銀-嘉義,2024-11-26,1034
6104,創惟,14,2,12,土銀-嘉義,2024-11-26,1034
1504,東元,10,0,10,土銀-嘉義,2024-11-26,1034
00930,永豐ESG低碳高息,10,0,10,土銀-嘉義,2024-11-26,1034
00715L,期街口布蘭特正2,10,0,10,土銀-嘉義,2024-11-26,1034
2201,裕隆,10,0,10,土銀-嘉義,2024-11-26,1034
2498,宏達電,10,0,10,土銀-嘉義,2024-11-26,1034
2618,長榮航,10,0,10,土銀-嘉義,2024-11-26,1034
2867,三商壽,10,0,10,土銀-嘉義,2024-11-26,1034
3149,正達,10,0,10,土銀-嘉義,2024-11-26,1034
4979,華星光,10,0,10,土銀-嘉義,2024-11-26,1034
8085,福華,10,0,10,土銀-嘉義,2024-11-26,1034
0056,元大高股息,9,0,9,土銀-嘉義,2024-11-26,1034
3231,緯創,14,5,9,土銀-嘉義,2024-11-26,1034
3162,精確,8,0,8,土銀-嘉義,2024-11-26,1034
9105,泰金寶-DR,37,29,8,土銀-嘉義,2024-11-26,1034
1325,恆大,7,0,7,土銀-嘉義,2024-11-26,1034
3484,崧騰,7,0,7,土銀-嘉義,2024-11-26,1034
2881,富邦金,6,0,6,土銀-嘉義,2024-11-26,1034
6133,金橋,6,0,6,土銀-嘉義,2024-11-26,1034
2241,艾姆勒,5,0,5,土銀-嘉義,2024-11-26,1034
2375,凱美,5,0,5,土銀-嘉義,2024-11-26,1034
2547,日勝生,5,0,5,土銀-嘉義,2024-11-26,1034
6213,聯茂,7,2,5,土銀-嘉義,2024-11-26,1034
2330,台積電,6,1,5,土銀-嘉義,2024-11-26,1034
006208,富邦台50,4,0,4,土銀-嘉義,2024-11-26,1034
00646,元大S＆P500,4,0,4,土銀-嘉義,2024-11-26,1034
2002,中鋼,4,0,4,土銀-嘉義,2024-11-26,1034
2359,所羅門,4,0,4,土銀-嘉義,2024-11-26,1034
3430,奇鈦科,4,0,4,土銀-嘉義,2024-11-26,1034
2312,金寶,19,15,4,土銀-嘉義,2024-11-26,1034
2317,鴻海,25,21,4,土銀-嘉義,2024-11-26,1034
0050,元大台灣50,3,0,3,土銀-嘉義,2024-11-26,1034
1432,大魯閣,3,0,3,土銀-嘉義,2024-11-26,1034
00679B,元大美債20年,3,0,3,土銀-嘉義,2024-11-26,1034
2883,凱基金,202,0,202,土銀-嘉義,2024-11-27,1034
00664R,國泰臺灣加權反1,120,0,120,土銀-嘉義,2024-11-27,1034
2801,彰銀,102,0,102,土銀-嘉義,2024-11-27,1034
6770,力積電,100,0,100,土銀-嘉義,2024-11-27,1034
2303,聯電,89,42,47,土銀-嘉義,2024-11-27,1034
2332,友訊,45,9,36,土銀-嘉義,2024-11-27,1034
00878,國泰永續高股息,35,0,35,土銀-嘉義,2024-11-27,1034
1802,台玻,32,0,32,土銀-嘉義,2024-11-27,1034
2375,凱美,31,0,31,土銀-嘉義,2024-11-27,1034
8163,達方,29,2,27,土銀-嘉義,2024-11-27,1034
00955,中信日本商社,26,0,26,土銀-嘉義,2024-11-27,1034
3714,富采,25,0,25,土銀-嘉義,2024-11-27,1034
4919,新唐,25,0,25,土銀-嘉義,2024-11-27,1034
2388,威盛,24,0,24,土銀-嘉義,2024-11-27,1034
2881,富邦金,24,0,24,土銀-嘉義,2024-11-27,1034
3706,神達,48,25,23,土銀-嘉義,2024-11-27,1034
1536,和大,47,26,21,土銀-嘉義,2024-11-27,1034
2867,三商壽,20,0,20,土銀-嘉義,2024-11-27,1034
2882,國泰金,20,0,20,土銀-嘉義,2024-11-27,1034
0056,元大高股息,19,0,19,土銀-嘉義,2024-11-27,1034
2002,中鋼,26,10,16,土銀-嘉義,2024-11-27,1034
00951,台新日本半導體,15,0,15,土銀-嘉義,2024-11-27,1034
00753L,中信中國50正2,14,0,14,土銀-嘉義,2024-11-27,1034
00940,元大台灣價值高息,14,0,14,土銀-嘉義,2024-11-27,1034
3062,建漢,14,0,14,土銀-嘉義,2024-11-27,1034
00919,群益台灣精選高息,12,0,12,土銀-嘉義,2024-11-27,1034
2634,漢翔,12,0,12,土銀-嘉義,2024-11-27,1034
2892,第一金,12,0,12,土銀-嘉義,2024-11-27,1034
2603,長榮,15,4,11,土銀-嘉義,2024-11-27,1034
2609,陽明,20,10,10,土銀-嘉義,2024-11-27,1034
00932,兆豐永續高息等權,10,0,10,土銀-嘉義,2024-11-27,1034
2498,宏達電,10,0,10,土銀-嘉義,2024-11-27,1034
3545,敦泰,10,0,10,土銀-嘉義,2024-11-27,1034
4123,晟德,10,0,10,土銀-嘉義,2024-11-27,1034
4303,信立,10,0,10,土銀-嘉義,2024-11-27,1034
2610,華航,10,1,9,土銀-嘉義,2024-11-27,1034
6235,華孚,10,1,9,土銀-嘉義,2024-11-27,1034
00915,凱基優選高股息30,8,0,8,土銀-嘉義,2024-11-27,1034
2344,華邦電,8,0,8,土銀-嘉義,2024-11-27,1034
9935,慶豐富,8,0,8,土銀-嘉義,2024-11-27,1034
2317,鴻海,24,16,8,土銀-嘉義,2024-11-27,1034
00960,野村全球航運龍頭,7,0,7,土銀-嘉義,2024-11-27,1034
3481,群創,7,0,7,土銀-嘉義,2024-11-27,1034
3711,日月光投控,7,0,7,土銀-嘉義,2024-11-27,1034
2330,台積電,6,0,6,土銀-嘉義,2024-11-27,1034
1528,恩德,8,2,6,土銀-嘉義,2024-11-27,1034
2890,永豐金,6,0,6,土銀-嘉義,2024-11-27,1034
3037,欣興,7,1,6,土銀-嘉義,2024-11-27,1034
6127,九豪,6,0,6,土銀-嘉義,2024-11-27,1034
1708,東鹼,6,0,6,土銀-嘉義,2024-11-27,1034
6770,力積電,222,10,212,土銀-嘉義,2024-11-28,1034
00687B,國泰20年美債,200,7,193,土銀-嘉義,2024-11-28,1034
2883,凱基金,90,12,78,土銀-嘉義,2024-11-28,1034
00929,復華台灣科技優息,102,33,69,土銀-嘉義,2024-11-28,1034
00878,國泰永續高股息,88,31,57,土銀-嘉義,2024-11-28,1034
2498,宏達電,41,0,41,土銀-嘉義,2024-11-28,1034
2002,中鋼,32,0,32,土銀-嘉義,2024-11-28,1034
4306,炎洲,30,0,30,土銀-嘉義,2024-11-28,1034
00919,群益台灣精選高息,26,0,26,土銀-嘉義,2024-11-28,1034
6270,倍微,21,0,21,土銀-嘉義,2024-11-28,1034
5483,中美晶,17,1,16,土銀-嘉義,2024-11-28,1034
4960,誠美材,14,0,14,土銀-嘉義,2024-11-28,1034
2371,大同,24,11,13,土銀-嘉義,2024-11-28,1034
9105,泰金寶-DR,32,19,13,土銀-嘉義,2024-11-28,1034
2323,中環,12,0,12,土銀-嘉義,2024-11-28,1034
2388,威盛,11,0,11,土銀-嘉義,2024-11-28,1034
2354,鴻準,16,5,11,土銀-嘉義,2024-11-28,1034
3481,群創,13,2,11,土銀-嘉義,2024-11-28,1034
00932,兆豐永續高息等權,10,0,10,土銀-嘉義,2024-11-28,1034
1722,台肥,10,0,10,土銀-嘉義,2024-11-28,1034
2204,中華,22,12,10,土銀-嘉義,2024-11-28,1034
2409,友達,10,0,10,土銀-嘉義,2024-11-28,1034
2485,兆赫,10,0,10,土銀-嘉義,2024-11-28,1034
6488,環球晶,10,0,10,土銀-嘉義,2024-11-28,1034
1605,華新,13,6,7,土銀-嘉義,2024-11-28,1034
1528,恩德,6,0,6,土銀-嘉義,2024-11-28,1034
3714,富采,8,2,6,土銀-嘉義,2024-11-28,1034
6168,宏齊,6,0,6,土銀-嘉義,2024-11-28,1034
6761,穩得,6,0,6,土銀-嘉義,2024-11-28,1034
00939,統一台灣高息動能,5,0,5,土銀-嘉義,2024-11-28,1034
00915,凱基優選高股息30,10,5,5,土銀-嘉義,2024-11-28,1034
2312,金寶,16,11,5,土銀-嘉義,2024-11-28,1034
4906,正文,5,0,5,土銀-嘉義,2024-11-28,1034
5871,中租-KY,5,0,5,土銀-嘉義,2024-11-28,1034
7402,邑錡,7,2,5,土銀-嘉義,2024-11-28,1034
00646,元大S＆P500,4,0,4,土銀-嘉義,2024-11-28,1034
1709,和益,5,1,4,土銀-嘉義,2024-11-28,1034
2367,燿華,7,3,4,土銀-嘉義,2024-11-28,1034
2801,彰銀,4,0,4,土銀-嘉義,2024-11-28,1034
4927,泰鼎-KY,4,0,4,土銀-嘉義,2024-11-28,1034
5434,崇越,4,0,4,土銀-嘉義,2024-11-28,1034
8027,鈦昇,4,0,4,土銀-嘉義,2024-11-28,1034
2330,台積電,6,2,4,土銀-嘉義,2024-11-28,1034
3515,華擎,3,0,3,土銀-嘉義,2024-11-28,1034
1307,三芳,3,0,3,土銀-嘉義,2024-11-28,1034
2070,精湛,3,0,3,土銀-嘉義,2024-11-28,1034
3360,尚立,3,0,3,土銀-嘉義,2024-11-28,1034
4991,環宇-KY,3,0,3,土銀-嘉義,2024-11-28,1034
5234,達興材料,3,0,3,土銀-嘉義,2024-11-28,1034
6438,迅得,5,2,3,土銀-嘉義,2024-11-28,1034
2303,聯電,65,8,57,土銀-嘉義,2024-11-29,1034
2498,宏達電,50,0,50,土銀-嘉義,2024-11-29,1034
2002,中鋼,47,1,46,土銀-嘉義,2024-11-29,1034
2547,日勝生,40,0,40,土銀-嘉義,2024-11-29,1034
2881,富邦金,39,4,35,土銀-嘉義,2024-11-29,1034
00712,復華富時不動產,30,0,30,土銀-嘉義,2024-11-29,1034
1301,台塑,22,0,22,土銀-嘉義,2024-11-29,1034
3706,神達,78,59,19,土銀-嘉義,2024-11-29,1034
2888,新光金,16,0,16,土銀-嘉義,2024-11-29,1034
00893,國泰智能電動車,15,0,15,土銀-嘉義,2024-11-29,1034
00946,群益科技高息成長,12,0,12,土銀-嘉義,2024-11-29,1034
00725B,國泰投資級公司債,10,0,10,土銀-嘉義,2024-11-29,1034
00881,國泰台灣5G+,10,0,10,土銀-嘉義,2024-11-29,1034
00773B,中信優先金融債,10,0,10,土銀-嘉義,2024-11-29,1034
1536,和大,22,12,10,土銀-嘉義,2024-11-29,1034
1528,恩德,10,0,10,土銀-嘉義,2024-11-29,1034
3062,建漢,12,2,10,土銀-嘉義,2024-11-29,1034
1336,台翰,10,1,9,土銀-嘉義,2024-11-29,1034
3714,富采,9,0,9,土銀-嘉義,2024-11-29,1034
2344,華邦電,8,0,8,土銀-嘉義,2024-11-29,1034
2312,金寶,25,18,7,土銀-嘉義,2024-11-29,1034
00919,群益台灣精選高息,6,0,6,土銀-嘉義,2024-11-29,1034
1802,台玻,12,6,6,土銀-嘉義,2024-11-29,1034
2891,中信金,15,9,6,土銀-嘉義,2024-11-29,1034
3323,加百裕,16,10,6,土銀-嘉義,2024-11-29,1034
6505,台塑化,6,0,6,土銀-嘉義,2024-11-29,1034
2609,陽明,10,5,5,土銀-嘉義,2024-11-29,1034
1303,南亞,5,0,5,土銀-嘉義,2024-11-29,1034
00939,統一台灣高息動能,5,0,5,土銀-嘉義,2024-11-29,1034
00679B,元大美債20年,5,0,5,土銀-嘉義,2024-11-29,1034
2450,神腦,5,0,5,土銀-嘉義,2024-11-29,1034
2615,萬海,9,4,5,土銀-嘉義,2024-11-29,1034
9105,泰金寶-DR,7,2,5,土銀-嘉義,2024-11-29,1034
2449,京元電子,11,7,4,土銀-嘉義,2024-11-29,1034
2317,鴻海,12,8,4,土銀-嘉義,2024-11-29,1034
1815,富喬,9,6,3,土銀-嘉義,2024-11-29,1034
2834,臺企銀,3,0,3,土銀-嘉義,2024-11-29,1034
2882,國泰金,6,3,3,土銀-嘉義,2024-11-29,1034
2886,兆豐金,3,0,3,土銀-嘉義,2024-11-29,1034
3231,緯創,5,2,3,土銀-嘉義,2024-11-29,1034
6127,九豪,4,1,3,土銀-嘉義,2024-11-29,1034
6284,佳邦,3,0,3,土銀-嘉義,2024-11-29,1034
8163,達方,4,1,3,土銀-嘉義,2024-11-29,1034
8349,�矬�,3,0,3,土銀-嘉義,2024-11-29,1034
006208,富邦台50,3,0,3,土銀-嘉義,2024-11-29,1034
0050,元大台灣50,2,0,2,土銀-嘉義,2024-11-29,1034
00646,元大S＆P500,2,0,2,土銀-嘉義,2024-11-29,1034
2354,鴻準,35,33,2,土銀-嘉義,2024-11-29,1034
2884,玉山金,2,0,2,土銀-嘉義,2024-11-29,1034
3481,群創,8,6,2,土銀-嘉義,2024-11-29,1034
2801,彰銀,200,17,183,土銀-嘉義,2024-12-02,1034
00632R,元大台灣50反1,100,10,90,土銀-嘉義,2024-12-02,1034
2881,富邦金,60,1,59,土銀-嘉義,2024-12-02,1034
00650L,復華香港正2,157,117,40,土銀-嘉義,2024-12-02,1034
2371,大同,32,0,32,土銀-嘉義,2024-12-02,1034
2317,鴻海,37,8,29,土銀-嘉義,2024-12-02,1034
3550,聯穎,26,0,26,土銀-嘉義,2024-12-02,1034
00893,國泰智能電動車,25,0,25,土銀-嘉義,2024-12-02,1034
3706,神達,35,15,20,土銀-嘉義,2024-12-02,1034
00725B,國泰投資級公司債,20,0,20,土銀-嘉義,2024-12-02,1034
00773B,中信優先金融債,20,0,20,土銀-嘉義,2024-12-02,1034
8111,立��,20,0,20,土銀-嘉義,2024-12-02,1034
4960,誠美材,20,1,19,土銀-嘉義,2024-12-02,1034
2062,橋椿,14,0,14,土銀-嘉義,2024-12-02,1034
2337,旺宏,12,0,12,土銀-嘉義,2024-12-02,1034
5328,華容,12,0,12,土銀-嘉義,2024-12-02,1034
2344,華邦電,16,5,11,土銀-嘉義,2024-12-02,1034
0056,元大高股息,14,4,10,土銀-嘉義,2024-12-02,1034
00878,國泰永續高股息,11,1,10,土銀-嘉義,2024-12-02,1034
2630,亞航,10,0,10,土銀-嘉義,2024-12-02,1034
2867,三商壽,10,0,10,土銀-嘉義,2024-12-02,1034
2312,金寶,68,59,9,土銀-嘉義,2024-12-02,1034
2882,國泰金,15,6,9,土銀-嘉義,2024-12-02,1034
00950B,凱基A級公司債,8,0,8,土銀-嘉義,2024-12-02,1034
1605,華新,8,0,8,土銀-嘉義,2024-12-02,1034
3484,崧騰,8,0,8,土銀-嘉義,2024-12-02,1034
1303,南亞,7,0,7,土銀-嘉義,2024-12-02,1034
00955,中信日本商社,6,0,6,土銀-嘉義,2024-12-02,1034
00675L,富邦臺灣加權正2,6,0,6,土銀-嘉義,2024-12-02,1034
6505,台塑化,6,0,6,土銀-嘉義,2024-12-02,1034
2027,大成鋼,5,0,5,土銀-嘉義,2024-12-02,1034
2029,盛餘,5,0,5,土銀-嘉義,2024-12-02,1034
2332,友訊,5,0,5,土銀-嘉義,2024-12-02,1034
2349,錸德,5,0,5,土銀-嘉義,2024-12-02,1034
2489,瑞軒,5,0,5,土銀-嘉義,2024-12-02,1034
2495,普安,5,0,5,土銀-嘉義,2024-12-02,1034
2834,臺企銀,5,0,5,土銀-嘉義,2024-12-02,1034
2891,中信金,11,6,5,土銀-嘉義,2024-12-02,1034
3062,建漢,5,0,5,土銀-嘉義,2024-12-02,1034
4108,懷特,5,0,5,土銀-嘉義,2024-12-02,1034
6127,九豪,5,0,5,土銀-嘉義,2024-12-02,1034
00922,國泰台灣領袖50,4,0,4,土銀-嘉義,2024-12-02,1034
1709,和益,4,0,4,土銀-嘉義,2024-12-02,1034
1731,美吾華,4,0,4,土銀-嘉義,2024-12-02,1034
2103,台橡,4,0,4,土銀-嘉義,2024-12-02,1034
2501,國建,4,0,4,土銀-嘉義,2024-12-02,1034
3090,日電貿,4,0,4,土銀-嘉義,2024-12-02,1034
4123,晟德,4,0,4,土銀-嘉義,2024-12-02,1034
00910,第一金太空衛星,3,0,3,土銀-嘉義,2024-12-02,1034
00771,元大US高息特別股,3,0,3,土銀-嘉義,2024-12-02,1034
00687B,國泰20年美債,202,0,202,土銀-嘉義,2024-12-03,1034
2883,凱基金,280,122,158,土銀-嘉義,2024-12-03,1034
00918,大華優利高填息30,120,0,120,土銀-嘉義,2024-12-03,1034
00919,群益台灣精選高息,42,0,42,土銀-嘉義,2024-12-03,1034
00878,國泰永續高股息,41,0,41,土銀-嘉義,2024-12-03,1034
6182,合晶,40,0,40,土銀-嘉義,2024-12-03,1034
3714,富采,39,2,37,土銀-嘉義,2024-12-03,1034
2405,輔信,20,0,20,土銀-嘉義,2024-12-03,1034
2618,長榮航,32,13,19,土銀-嘉義,2024-12-03,1034
3450,聯鈞,13,2,11,土銀-嘉義,2024-12-03,1034
00940,元大台灣價值高息,10,0,10,土銀-嘉義,2024-12-03,1034
00946,群益科技高息成長,10,0,10,土銀-嘉義,2024-12-03,1034
2354,鴻準,11,1,10,土銀-嘉義,2024-12-03,1034
2314,台揚,9,0,9,土銀-嘉義,2024-12-03,1034
3231,緯創,8,0,8,土銀-嘉義,2024-12-03,1034
1605,華新,11,4,7,土銀-嘉義,2024-12-03,1034
4960,誠美材,10,3,7,土銀-嘉義,2024-12-03,1034
8033,雷虎,7,0,7,土銀-嘉義,2024-12-03,1034
2241,艾姆勒,6,0,6,土銀-嘉義,2024-12-03,1034
2312,金寶,8,2,6,土銀-嘉義,2024-12-03,1034
3430,奇鈦科,6,0,6,土銀-嘉義,2024-12-03,1034
6187,萬潤,6,0,6,土銀-嘉義,2024-12-03,1034
2382,廣達,7,1,6,土銀-嘉義,2024-12-03,1034
2317,鴻海,7,2,5,土銀-嘉義,2024-12-03,1034
2302,麗正,5,0,5,土銀-嘉義,2024-12-03,1034
2633,台灣高鐵,5,0,5,土銀-嘉義,2024-12-03,1034
2634,漢翔,5,0,5,土銀-嘉義,2024-12-03,1034
3025,星通,5,0,5,土銀-嘉義,2024-12-03,1034
5309,系統電,7,2,5,土銀-嘉義,2024-12-03,1034
6176,瑞儀,6,2,4,土銀-嘉義,2024-12-03,1034
1504,東元,5,1,4,土銀-嘉義,2024-12-03,1034
1532,勤美,4,0,4,土銀-嘉義,2024-12-03,1034
1582,信錦,4,0,4,土銀-嘉義,2024-12-03,1034
6175,立敦,5,1,4,土銀-嘉義,2024-12-03,1034
00771,元大US高息特別股,3,0,3,土銀-嘉義,2024-12-03,1034
00712,復華富時不動產,3,0,3,土銀-嘉義,2024-12-03,1034
2392,正崴,3,0,3,土銀-嘉義,2024-12-03,1034
2419,仲琦,5,2,3,土銀-嘉義,2024-12-03,1034
2431,聯昌,3,0,3,土銀-嘉義,2024-12-03,1034
2752,豆府,3,0,3,土銀-嘉義,2024-12-03,1034
3049,精金,3,0,3,土銀-嘉義,2024-12-03,1034
3078,僑威,3,0,3,土銀-嘉義,2024-12-03,1034
6168,宏齊,3,0,3,土銀-嘉義,2024-12-03,1034
6741,91APP*-KY,3,0,3,土銀-嘉義,2024-12-03,1034
8042,金山電,3,0,3,土銀-嘉義,2024-12-03,1034
00702,國泰標普低波高息,2,0,2,土銀-嘉義,2024-12-03,1034
00753L,中信中國50正2,2,0,2,土銀-嘉義,2024-12-03,1034
00675L,富邦臺灣加權正2,2,0,2,土銀-嘉義,2024-12-03,1034
00637L,元大滬深300正2,6,4,2,土銀-嘉義,2024-12-03,1034
1102,亞泥,2,0,2,土銀-嘉義,2024-12-03,1034
00664R,國泰臺灣加權反1,100,0,100,土銀-嘉義,2024-12-04,1034
2303,聯電,47,0,47,土銀-嘉義,2024-12-04,1034
3062,建漢,39,1,38,土銀-嘉義,2024-12-04,1034
00919,群益台灣精選高息,37,5,32,土銀-嘉義,2024-12-04,1034
2605,新興,31,0,31,土銀-嘉義,2024-12-04,1034
9958,世紀鋼,19,1,18,土銀-嘉義,2024-12-04,1034
00954,中信日本半導體,15,0,15,土銀-嘉義,2024-12-04,1034
2312,金寶,21,7,14,土銀-嘉義,2024-12-04,1034
3714,富采,12,0,12,土銀-嘉義,2024-12-04,1034
1303,南亞,10,0,10,土銀-嘉義,2024-12-04,1034
3149,正達,10,0,10,土銀-嘉義,2024-12-04,1034
3706,神達,49,39,10,土銀-嘉義,2024-12-04,1034
4960,誠美材,10,0,10,土銀-嘉義,2024-12-04,1034
2337,旺宏,17,8,9,土銀-嘉義,2024-12-04,1034
5871,中租-KY,8,0,8,土銀-嘉義,2024-12-04,1034
2887,台新金,10,2,8,土銀-嘉義,2024-12-04,1034
2891,中信金,7,0,7,土銀-嘉義,2024-12-04,1034
2884,玉山金,8,1,7,土銀-嘉義,2024-12-04,1034
1504,東元,6,0,6,土銀-嘉義,2024-12-04,1034
00771,元大US高息特別股,6,0,6,土銀-嘉義,2024-12-04,1034
00932,兆豐永續高息等權,6,0,6,土銀-嘉義,2024-12-04,1034
1605,華新,6,0,6,土銀-嘉義,2024-12-04,1034
00950B,凱基A級公司債,5,0,5,土銀-嘉義,2024-12-04,1034
00948B,中信優息投資級債,5,0,5,土銀-嘉義,2024-12-04,1034
00706L,期元大S＆P日圓正2,5,0,5,土銀-嘉義,2024-12-04,1034
1536,和大,8,3,5,土銀-嘉義,2024-12-04,1034
2880,華南金,5,0,5,土銀-嘉義,2024-12-04,1034
2890,永豐金,5,0,5,土銀-嘉義,2024-12-04,1034
3625,西勝,5,0,5,土銀-嘉義,2024-12-04,1034
2883,凱基金,20,15,5,土銀-嘉義,2024-12-04,1034
1307,三芳,4,0,4,土銀-嘉義,2024-12-04,1034
00955,中信日本商社,4,0,4,土銀-嘉義,2024-12-04,1034
00646,元大S＆P500,4,0,4,土銀-嘉義,2024-12-04,1034
00702,國泰標普低波高息,4,0,4,土銀-嘉義,2024-12-04,1034
00937B,群益ESG投等債20,4,0,4,土銀-嘉義,2024-12-04,1034
1582,信錦,4,0,4,土銀-嘉義,2024-12-04,1034
2103,台橡,4,0,4,土銀-嘉義,2024-12-04,1034
2486,一詮,11,7,4,土銀-嘉義,2024-12-04,1034
3380,明泰,4,0,4,土銀-嘉義,2024-12-04,1034
00918,大華優利高填息30,3,0,3,土銀-嘉義,2024-12-04,1034
2392,正崴,8,5,3,土銀-嘉義,2024-12-04,1034
2408,南亞科,3,0,3,土銀-嘉義,2024-12-04,1034
5907,大洋-KY,3,0,3,土銀-嘉義,2024-12-04,1034
6127,九豪,5,2,3,土銀-嘉義,2024-12-04,1034
8070,長華*,4,1,3,土銀-嘉義,2024-12-04,1034
8150,南茂,3,0,3,土銀-嘉義,2024-12-04,1034
1102,亞泥,2,0,2,土銀-嘉義,2024-12-04,1034
8299,群聯,2,0,2,土銀-嘉義,2024-12-04,1034
00712,復華富時不動產,2,0,2,土銀-嘉義,2024-12-04,1034
1338,廣華-KY,2,0,2,土銀-嘉義,2024-12-04,1034
00953B,群益優選非投等債,500,0,500,土銀-嘉義,2024-12-05,1034
2888,新光金,270,0,270,土銀-嘉義,2024-12-05,1034
00650L,復華香港正2,150,0,150,土銀-嘉義,2024-12-05,1034
2882,國泰金,40,1,39,土銀-嘉義,2024-12-05,1034
1802,台玻,45,8,37,土銀-嘉義,2024-12-05,1034
00929,復華台灣科技優息,40,10,30,土銀-嘉義,2024-12-05,1034
00893,國泰智能電動車,20,0,20,土銀-嘉義,2024-12-05,1034
2881,富邦金,30,10,20,土銀-嘉義,2024-12-05,1034
9105,泰金寶-DR,19,0,19,土銀-嘉義,2024-12-05,1034
2027,大成鋼,15,0,15,土銀-嘉義,2024-12-05,1034
5211,蒙恬,12,0,12,土銀-嘉義,2024-12-05,1034
6658,聯策,12,0,12,土銀-嘉義,2024-12-05,1034
1303,南亞,11,0,11,土銀-嘉義,2024-12-05,1034
2337,旺宏,12,1,11,土銀-嘉義,2024-12-05,1034
2392,正崴,21,11,10,土銀-嘉義,2024-12-05,1034
2436,偉詮電,10,0,10,土銀-嘉義,2024-12-05,1034
2498,宏達電,10,0,10,土銀-嘉義,2024-12-05,1034
2887,台新金,10,0,10,土銀-嘉義,2024-12-05,1034
2317,鴻海,11,2,9,土銀-嘉義,2024-12-05,1034
2615,萬海,9,0,9,土銀-嘉義,2024-12-05,1034
3025,星通,9,0,9,土銀-嘉義,2024-12-05,1034
1402,遠東新,8,0,8,土銀-嘉義,2024-12-05,1034
1815,富喬,50,42,8,土銀-嘉義,2024-12-05,1034
2867,三商壽,8,0,8,土銀-嘉義,2024-12-05,1034
3323,加百裕,60,52,8,土銀-嘉義,2024-12-05,1034
3481,群創,12,4,8,土銀-嘉義,2024-12-05,1034
2103,台橡,6,0,6,土銀-嘉義,2024-12-05,1034
3625,西勝,8,2,6,土銀-嘉義,2024-12-05,1034
00948B,中信優息投資級債,6,1,5,土銀-嘉義,2024-12-05,1034
1101,台泥,5,0,5,土銀-嘉義,2024-12-05,1034
1301,台塑,5,0,5,土銀-嘉義,2024-12-05,1034
00937B,群益ESG投等債20,5,0,5,土銀-嘉義,2024-12-05,1034
00932,兆豐永續高息等權,5,0,5,土銀-嘉義,2024-12-05,1034
1714,和桐,5,0,5,土銀-嘉義,2024-12-05,1034
2613,中櫃,5,0,5,土銀-嘉義,2024-12-05,1034
2634,漢翔,5,0,5,土銀-嘉義,2024-12-05,1034
4114,健喬,5,0,5,土銀-嘉義,2024-12-05,1034
6143,振曜,5,0,5,土銀-嘉義,2024-12-05,1034
00902,中信電池及儲能,4,0,4,土銀-嘉義,2024-12-05,1034
1536,和大,9,5,4,土銀-嘉義,2024-12-05,1034
2313,華通,4,0,4,土銀-嘉義,2024-12-05,1034
2349,錸德,5,1,4,土銀-嘉義,2024-12-05,1034
2352,佳世達,4,0,4,土銀-嘉義,2024-12-05,1034
2368,金像電,4,0,4,土銀-嘉義,2024-12-05,1034
3015,全漢,5,1,4,土銀-嘉義,2024-12-05,1034
8042,金山電,7,3,4,土銀-嘉義,2024-12-05,1034
8171,天宇,4,0,4,土銀-嘉義,2024-12-05,1034
3450,聯鈞,8,4,4,土銀-嘉義,2024-12-05,1034
00930,永豐ESG低碳高息,3,0,3,土銀-嘉義,2024-12-05,1034
00636,國泰中國A50,3,0,3,土銀-嘉義,2024-12-05,1034
00953B,群益優選非投等債,200,0,200,土銀-嘉義,2024-12-06,1034
00664R,國泰臺灣加權反1,100,0,100,土銀-嘉義,2024-12-06,1034
1802,台玻,56,1,55,土銀-嘉義,2024-12-06,1034
2498,宏達電,31,0,31,土銀-嘉義,2024-12-06,1034
9105,泰金寶-DR,30,0,30,土銀-嘉義,2024-12-06,1034
00918,大華優利高填息30,26,0,26,土銀-嘉義,2024-12-06,1034
00915,凱基優選高股息30,21,0,21,土銀-嘉義,2024-12-06,1034
2405,輔信,24,4,20,土銀-嘉義,2024-12-06,1034
00909,國泰數位支付服務,20,1,19,土銀-嘉義,2024-12-06,1034
00893,國泰智能電動車,19,0,19,土銀-嘉義,2024-12-06,1034
2303,聯電,31,14,17,土銀-嘉義,2024-12-06,1034
3706,神達,37,21,16,土銀-嘉義,2024-12-06,1034
1785,光洋科,16,3,13,土銀-嘉義,2024-12-06,1034
5309,系統電,15,2,13,土銀-嘉義,2024-12-06,1034
00715L,期街口布蘭特正2,12,0,12,土銀-嘉義,2024-12-06,1034
00895,富邦未來車,10,0,10,土銀-嘉義,2024-12-06,1034
00960,野村全球航運龍頭,10,0,10,土銀-嘉義,2024-12-06,1034
00930,永豐ESG低碳高息,10,0,10,土銀-嘉義,2024-12-06,1034
00910,第一金太空衛星,10,0,10,土銀-嘉義,2024-12-06,1034
2601,益航,10,0,10,土銀-嘉義,2024-12-06,1034
2887,台新金,10,0,10,土銀-嘉義,2024-12-06,1034
2913,農林,10,0,10,土銀-嘉義,2024-12-06,1034
3714,富采,9,0,9,土銀-嘉義,2024-12-06,1034
2002,中鋼,7,0,7,土銀-嘉義,2024-12-06,1034
2312,金寶,19,12,7,土銀-嘉義,2024-12-06,1034
2337,旺宏,14,7,7,土銀-嘉義,2024-12-06,1034
2882,國泰金,7,0,7,土銀-嘉義,2024-12-06,1034
6658,聯策,8,1,7,土銀-嘉義,2024-12-06,1034
00902,中信電池及儲能,6,0,6,土銀-嘉義,2024-12-06,1034
00712,復華富時不動產,6,0,6,土銀-嘉義,2024-12-06,1034
2886,兆豐金,6,0,6,土銀-嘉義,2024-12-06,1034
8163,達方,6,0,6,土銀-嘉義,2024-12-06,1034
3325,旭品,5,0,5,土銀-嘉義,2024-12-06,1034
3430,奇鈦科,5,0,5,土銀-嘉義,2024-12-06,1034
5871,中租-KY,5,0,5,土銀-嘉義,2024-12-06,1034
6191,精成科,5,0,5,土銀-嘉義,2024-12-06,1034
2317,鴻海,9,5,4,土銀-嘉義,2024-12-06,1034
00962,台新AI優息動能,4,0,4,土銀-嘉義,2024-12-06,1034
00646,元大S＆P500,4,0,4,土銀-嘉義,2024-12-06,1034
1319,東陽,4,0,4,土銀-嘉義,2024-12-06,1034
2103,台橡,4,0,4,土銀-嘉義,2024-12-06,1034
2349,錸德,4,0,4,土銀-嘉義,2024-12-06,1034
2356,英業達,4,0,4,土銀-嘉義,2024-12-06,1034
2408,南亞科,4,0,4,土銀-嘉義,2024-12-06,1034
2891,中信金,5,1,4,土銀-嘉義,2024-12-06,1034
5386,青雲,4,0,4,土銀-嘉義,2024-12-06,1034
00948B,中信優息投資級債,4,1,3,土銀-嘉義,2024-12-06,1034
00887,永豐中國科技50大,4,1,3,土銀-嘉義,2024-12-06,1034
2477,美隆電,3,0,3,土銀-嘉義,2024-12-06,1034
2618,長榮航,4,1,3,土銀-嘉義,2024-12-06,1034
00953B,群益優選非投等債,400,0,400,土銀-嘉義,2024-12-09,1034
2892,第一金,242,2,240,土銀-嘉義,2024-12-09,1034
00687B,國泰20年美債,218,2,216,土銀-嘉義,2024-12-09,1034
00650L,復華香港正2,300,150,150,土銀-嘉義,2024-12-09,1034
5202,力新,60,1,59,土銀-嘉義,2024-12-09,1034
00919,群益台灣精選高息,47,5,42,土銀-嘉義,2024-12-09,1034
2498,宏達電,38,0,38,土銀-嘉義,2024-12-09,1034
2317,鴻海,27,0,27,土銀-嘉義,2024-12-09,1034
9105,泰金寶-DR,20,0,20,土銀-嘉義,2024-12-09,1034
2883,凱基金,18,0,18,土銀-嘉義,2024-12-09,1034
2618,長榮航,31,14,17,土銀-嘉義,2024-12-09,1034
00962,台新AI優息動能,14,0,14,土銀-嘉義,2024-12-09,1034
2867,三商壽,14,0,14,土銀-嘉義,2024-12-09,1034
3231,緯創,23,11,12,土銀-嘉義,2024-12-09,1034
3714,富采,12,0,12,土銀-嘉義,2024-12-09,1034
00918,大華優利高填息30,11,0,11,土銀-嘉義,2024-12-09,1034
00712,復華富時不動產,10,0,10,土銀-嘉義,2024-12-09,1034
00877,復華中國5G,10,0,10,土銀-嘉義,2024-12-09,1034
2505,國揚,10,0,10,土銀-嘉義,2024-12-09,1034
4919,新唐,10,0,10,土銀-嘉義,2024-12-09,1034
8473,山林水,10,0,10,土銀-嘉義,2024-12-09,1034
1802,台玻,11,2,9,土銀-嘉義,2024-12-09,1034
2373,震旦行,9,0,9,土銀-嘉義,2024-12-09,1034
8429,金麗-KY,9,0,9,土銀-嘉義,2024-12-09,1034
1216,統一,8,0,8,土銀-嘉義,2024-12-09,1034
00922,國泰台灣領袖50,8,0,8,土銀-嘉義,2024-12-09,1034
1720,生達,8,0,8,土銀-嘉義,2024-12-09,1034
3607,谷崧,10,2,8,土銀-嘉義,2024-12-09,1034
2449,京元電子,7,0,7,土銀-嘉義,2024-12-09,1034
1708,東鹼,7,0,7,土銀-嘉義,2024-12-09,1034
00912,中信臺灣智慧50,6,0,6,土銀-嘉義,2024-12-09,1034
5508,永信建,6,0,6,土銀-嘉義,2024-12-09,1034
6412,群電,6,0,6,土銀-嘉義,2024-12-09,1034
00893,國泰智能電動車,5,0,5,土銀-嘉義,2024-12-09,1034
5309,系統電,11,6,5,土銀-嘉義,2024-12-09,1034
8047,星雲,5,0,5,土銀-嘉義,2024-12-09,1034
0056,元大高股息,9,4,5,土銀-嘉義,2024-12-09,1034
2103,台橡,4,0,4,土銀-嘉義,2024-12-09,1034
2891,中信金,6,2,4,土銀-嘉義,2024-12-09,1034
3149,正達,5,1,4,土銀-嘉義,2024-12-09,1034
6741,91APP*-KY,4,0,4,土銀-嘉義,2024-12-09,1034
1101,台泥,4,1,3,土銀-嘉義,2024-12-09,1034
1609,大亞,3,0,3,土銀-嘉義,2024-12-09,1034
1815,富喬,70,67,3,土銀-嘉義,2024-12-09,1034
2241,艾姆勒,3,0,3,土銀-嘉義,2024-12-09,1034
2367,燿華,3,0,3,土銀-嘉義,2024-12-09,1034
2399,映泰,3,0,3,土銀-嘉義,2024-12-09,1034
2419,仲琦,3,0,3,土銀-嘉義,2024-12-09,1034
2884,玉山金,3,0,3,土銀-嘉義,2024-12-09,1034
2912,統一超,3,0,3,土銀-嘉義,2024-12-09,1034
00953B,群益優選非投等債,100,0,100,土銀-嘉義,2024-12-10,1034
00887,永豐中國科技50大,30,4,26,土銀-嘉義,2024-12-10,1034
2882,國泰金,26,0,26,土銀-嘉義,2024-12-10,1034
2317,鴻海,29,4,25,土銀-嘉義,2024-12-10,1034
00919,群益台灣精選高息,20,0,20,土銀-嘉義,2024-12-10,1034
2498,宏達電,20,0,20,土銀-嘉義,2024-12-10,1034
2547,日勝生,20,0,20,土銀-嘉義,2024-12-10,1034
8473,山林水,20,0,20,土銀-嘉義,2024-12-10,1034
00948B,中信優息投資級債,17,0,17,土銀-嘉義,2024-12-10,1034
2615,萬海,14,2,12,土銀-嘉義,2024-12-10,1034
2883,凱基金,16,6,10,土銀-嘉義,2024-12-10,1034
2915,潤泰全,10,0,10,土銀-嘉義,2024-12-10,1034
3714,富采,12,2,10,土銀-嘉義,2024-12-10,1034
4991,環宇-KY,10,0,10,土銀-嘉義,2024-12-10,1034
006208,富邦台50,9,1,8,土銀-嘉義,2024-12-10,1034
1584,精剛,7,0,7,土銀-嘉義,2024-12-10,1034
5880,合庫金,7,0,7,土銀-嘉義,2024-12-10,1034
1319,東陽,6,0,6,土銀-嘉義,2024-12-10,1034
2103,台橡,6,0,6,土銀-嘉義,2024-12-10,1034
2611,志信,6,0,6,土銀-嘉義,2024-12-10,1034
3481,群創,9,3,6,土銀-嘉義,2024-12-10,1034
0056,元大高股息,7,1,6,土銀-嘉義,2024-12-10,1034
00662,富邦NASDAQ,5,0,5,土銀-嘉義,2024-12-10,1034
00882,中信中國高股息,5,0,5,土銀-嘉義,2024-12-10,1034
1303,南亞,5,0,5,土銀-嘉義,2024-12-10,1034
2633,台灣高鐵,5,0,5,土銀-嘉義,2024-12-10,1034
3062,建漢,5,0,5,土銀-嘉義,2024-12-10,1034
4919,新唐,5,0,5,土銀-嘉義,2024-12-10,1034
5309,系統電,5,0,5,土銀-嘉義,2024-12-10,1034
6873,泓德能源,5,0,5,土銀-嘉義,2024-12-10,1034
8249,菱光,5,0,5,土銀-嘉義,2024-12-10,1034
8358,金居,5,0,5,土銀-嘉義,2024-12-10,1034
9105,泰金寶-DR,5,0,5,土銀-嘉義,2024-12-10,1034
2330,台積電,4,0,4,土銀-嘉義,2024-12-10,1034
2382,廣達,4,0,4,土銀-嘉義,2024-12-10,1034
1307,三芳,4,0,4,土銀-嘉義,2024-12-10,1034
00878,國泰永續高股息,6,2,4,土銀-嘉義,2024-12-10,1034
00646,元大S＆P500,4,0,4,土銀-嘉義,2024-12-10,1034
3231,緯創,4,0,4,土銀-嘉義,2024-12-10,1034
3703,欣陸,4,0,4,土銀-嘉義,2024-12-10,1034
4714,永捷,4,0,4,土銀-嘉義,2024-12-10,1034
5328,華容,5,1,4,土銀-嘉義,2024-12-10,1034
00636,國泰中國A50,3,0,3,土銀-嘉義,2024-12-10,1034
00946,群益科技高息成長,3,0,3,土銀-嘉義,2024-12-10,1034
1449,佳和,3,0,3,土銀-嘉義,2024-12-10,1034
2401,凌陽,9,6,3,土銀-嘉義,2024-12-10,1034
2501,國建,3,0,3,土銀-嘉義,2024-12-10,1034
2637,慧洋-KY,3,0,3,土銀-嘉義,2024-12-10,1034
2891,中信金,3,0,3,土銀-嘉義,2024-12-10,1034
3162,精確,3,0,3,土銀-嘉義,2024-12-10,1034
00664R,國泰臺灣加權反1,100,0,100,土銀-嘉義,2024-12-11,1034
00887,永豐中國科技50大,64,10,54,土銀-嘉義,2024-12-11,1034
00650L,復華香港正2,50,0,50,土銀-嘉義,2024-12-11,1034
3090,日電貿,26,0,26,土銀-嘉義,2024-12-11,1034
00919,群益台灣精選高息,20,2,18,土銀-嘉義,2024-12-11,1034
00665L,富邦�琤肭磪囓�2,18,0,18,土銀-嘉義,2024-12-11,1034
2408,南亞科,16,0,16,土銀-嘉義,2024-12-11,1034
00893,國泰智能電動車,15,0,15,土銀-嘉義,2024-12-11,1034
2412,中華電,15,0,15,土銀-嘉義,2024-12-11,1034
1301,台塑,15,3,12,土銀-嘉義,2024-12-11,1034
2204,中華,11,0,11,土銀-嘉義,2024-12-11,1034
4967,十銓,11,0,11,土銀-嘉義,2024-12-11,1034
00902,中信電池及儲能,10,0,10,土銀-嘉義,2024-12-11,1034
1517,利奇,10,0,10,土銀-嘉義,2024-12-11,1034
2344,華邦電,10,0,10,土銀-嘉義,2024-12-11,1034
2388,威盛,10,0,10,土銀-嘉義,2024-12-11,1034
2498,宏達電,10,0,10,土銀-嘉義,2024-12-11,1034
6438,迅得,10,0,10,土銀-嘉義,2024-12-11,1034
2382,廣達,9,0,9,土銀-嘉義,2024-12-11,1034
00922,國泰台灣領袖50,9,0,9,土銀-嘉義,2024-12-11,1034
00753L,中信中國50正2,13,4,9,土銀-嘉義,2024-12-11,1034
1799,易威,9,0,9,土銀-嘉義,2024-12-11,1034
2317,鴻海,23,14,9,土銀-嘉義,2024-12-11,1034
00918,大華優利高填息30,9,1,8,土銀-嘉義,2024-12-11,1034
2886,兆豐金,8,0,8,土銀-嘉義,2024-12-11,1034
3149,正達,14,7,7,土銀-嘉義,2024-12-11,1034
5880,合庫金,7,0,7,土銀-嘉義,2024-12-11,1034
5508,永信建,7,0,7,土銀-嘉義,2024-12-11,1034
2401,凌陽,7,1,6,土銀-嘉義,2024-12-11,1034
2610,華航,9,3,6,土銀-嘉義,2024-12-11,1034
2615,萬海,8,2,6,土銀-嘉義,2024-12-11,1034
2330,台積電,5,0,5,土銀-嘉義,2024-12-11,1034
006208,富邦台50,8,3,5,土銀-嘉義,2024-12-11,1034
2303,聯電,6,1,5,土銀-嘉義,2024-12-11,1034
2323,中環,5,0,5,土銀-嘉義,2024-12-11,1034
2355,敬鵬,5,0,5,土銀-嘉義,2024-12-11,1034
2630,亞航,5,0,5,土銀-嘉義,2024-12-11,1034
00637L,元大滬深300正2,5,1,4,土銀-嘉義,2024-12-11,1034
00937B,群益ESG投等債20,4,0,4,土銀-嘉義,2024-12-11,1034
2324,仁寶,6,2,4,土銀-嘉義,2024-12-11,1034
2371,大同,4,0,4,土銀-嘉義,2024-12-11,1034
4173,久裕,4,0,4,土銀-嘉義,2024-12-11,1034
4933,友輝,4,0,4,土銀-嘉義,2024-12-11,1034
6695,芯鼎,7,3,4,土銀-嘉義,2024-12-11,1034
2449,京元電子,33,30,3,土銀-嘉義,2024-12-11,1034
1220,台榮,11,8,3,土銀-嘉義,2024-12-11,1034
00917,中信特選金融,3,0,3,土銀-嘉義,2024-12-11,1034
2337,旺宏,3,0,3,土銀-嘉義,2024-12-11,1034
2354,鴻準,6,3,3,土銀-嘉義,2024-12-11,1034
3323,加百裕,3,0,3,土銀-嘉義,2024-12-11,1034
2801,彰銀,200,2,198,土銀-嘉義,2024-12-12,1034
2892,第一金,100,0,100,土銀-嘉義,2024-12-12,1034
2888,新光金,121,30,91,土銀-嘉義,2024-12-12,1034
1802,台玻,69,0,69,土銀-嘉義,2024-12-12,1034
00940,元大台灣價值高息,60,0,60,土銀-嘉義,2024-12-12,1034
1301,台塑,51,0,51,土銀-嘉義,2024-12-12,1034
2498,宏達電,45,0,45,土銀-嘉義,2024-12-12,1034
2883,凱基金,37,8,29,土銀-嘉義,2024-12-12,1034
00915,凱基優選高股息30,26,0,26,土銀-嘉義,2024-12-12,1034
00757,統一FANG+,26,2,24,土銀-嘉義,2024-12-12,1034
00924,復華S＆P500成長,20,0,20,土銀-嘉義,2024-12-12,1034
00830,國泰費城半導體,20,0,20,土銀-嘉義,2024-12-12,1034
2867,三商壽,12,0,12,土銀-嘉義,2024-12-12,1034
0056,元大高股息,11,0,11,土銀-嘉義,2024-12-12,1034
5880,合庫金,11,0,11,土銀-嘉義,2024-12-12,1034
00881,國泰台灣5G+,10,0,10,土銀-嘉義,2024-12-12,1034
2317,鴻海,21,12,9,土銀-嘉義,2024-12-12,1034
2328,廣宇,11,2,9,土銀-嘉義,2024-12-12,1034
3484,崧騰,9,0,9,土銀-嘉義,2024-12-12,1034
1524,耿鼎,16,8,8,土銀-嘉義,2024-12-12,1034
2103,台橡,8,0,8,土銀-嘉義,2024-12-12,1034
3062,建漢,12,4,8,土銀-嘉義,2024-12-12,1034
5328,華容,13,5,8,土銀-嘉義,2024-12-12,1034
5388,中磊,8,0,8,土銀-嘉義,2024-12-12,1034
2002,中鋼,7,0,7,土銀-嘉義,2024-12-12,1034
00929,復華台灣科技優息,10,3,7,土銀-嘉義,2024-12-12,1034
2371,大同,12,5,7,土銀-嘉義,2024-12-12,1034
3037,欣興,7,0,7,土銀-嘉義,2024-12-12,1034
8111,立��,8,1,7,土銀-嘉義,2024-12-12,1034
1101,台泥,6,0,6,土銀-嘉義,2024-12-12,1034
2520,冠德,6,0,6,土銀-嘉義,2024-12-12,1034
2929,淘帝-KY,6,0,6,土銀-嘉義,2024-12-12,1034
3189,景碩,6,0,6,土銀-嘉義,2024-12-12,1034
00857B,永豐20年美公債,5,0,5,土銀-嘉義,2024-12-12,1034
4919,新唐,5,0,5,土銀-嘉義,2024-12-12,1034
3450,聯鈞,12,7,5,土銀-嘉義,2024-12-12,1034
2382,廣達,4,0,4,土銀-嘉義,2024-12-12,1034
3211,順達,17,13,4,土銀-嘉義,2024-12-12,1034
00673R,期元大S＆P原油反1,4,0,4,土銀-嘉義,2024-12-12,1034
0050,元大台灣50,4,0,4,土銀-嘉義,2024-12-12,1034
00781B,國泰A級科技債,4,0,4,土銀-嘉義,2024-12-12,1034
3607,谷崧,4,0,4,土銀-嘉義,2024-12-12,1034
3706,神達,23,19,4,土銀-嘉義,2024-12-12,1034
4714,永捷,4,0,4,土銀-嘉義,2024-12-12,1034
3013,晟銘電,6,3,3,土銀-嘉義,2024-12-12,1034
00917,中信特選金融,3,0,3,土銀-嘉義,2024-12-12,1034
1326,台化,3,0,3,土銀-嘉義,2024-12-12,1034
1609,大亞,4,1,3,土銀-嘉義,2024-12-12,1034
1789,神隆,3,0,3,土銀-嘉義,2024-12-12,1034
2324,仁寶,3,0,3,土銀-嘉義,2024-12-12,1034
00680L,元大美債20正2,100,0,100,土銀-嘉義,2024-12-13,1034
00679B,元大美債20年,100,10,90,土銀-嘉義,2024-12-13,1034
6770,力積電,107,23,84,土銀-嘉義,2024-12-13,1034
00948B,中信優息投資級債,52,0,52,土銀-嘉義,2024-12-13,1034
00650L,復華香港正2,50,0,50,土銀-嘉義,2024-12-13,1034
00918,大華優利高填息30,46,0,46,土銀-嘉義,2024-12-13,1034
2303,聯電,42,14,28,土銀-嘉義,2024-12-13,1034
3149,正達,25,0,25,土銀-嘉義,2024-12-13,1034
2317,鴻海,27,6,21,土銀-嘉義,2024-12-13,1034
00751B,元大AAA至A公司債,19,0,19,土銀-嘉義,2024-12-13,1034
00919,群益台灣精選高息,40,23,17,土銀-嘉義,2024-12-13,1034
00830,國泰費城半導體,15,0,15,土銀-嘉義,2024-12-13,1034
2371,大同,15,0,15,土銀-嘉義,2024-12-13,1034
00893,國泰智能電動車,13,0,13,土銀-嘉義,2024-12-13,1034
2002,中鋼,12,0,12,土銀-嘉義,2024-12-13,1034
2883,凱基金,12,0,12,土銀-嘉義,2024-12-13,1034
00753L,中信中國50正2,11,0,11,土銀-嘉義,2024-12-13,1034
1210,大成,10,0,10,土銀-嘉義,2024-12-13,1034
1905,華紙,10,0,10,土銀-嘉義,2024-12-13,1034
2867,三商壽,10,0,10,土銀-嘉義,2024-12-13,1034
2887,台新金,10,0,10,土銀-嘉義,2024-12-13,1034
3207,耀勝,10,0,10,土銀-嘉義,2024-12-13,1034
4979,華星光,10,0,10,土銀-嘉義,2024-12-13,1034
6877,鏵友益,11,1,10,土銀-嘉義,2024-12-13,1034
1301,台塑,18,9,9,土銀-嘉義,2024-12-13,1034
00932,兆豐永續高息等權,9,0,9,土銀-嘉義,2024-12-13,1034
2103,台橡,9,0,9,土銀-嘉義,2024-12-13,1034
2520,冠德,8,0,8,土銀-嘉義,2024-12-13,1034
2332,友訊,11,4,7,土銀-嘉義,2024-12-13,1034
2363,矽統,9,3,6,土銀-嘉義,2024-12-13,1034
2408,南亞科,6,0,6,土銀-嘉義,2024-12-13,1034
3231,緯創,6,1,5,土銀-嘉義,2024-12-13,1034
1307,三芳,5,0,5,土銀-嘉義,2024-12-13,1034
00959B,大華投等美債15Y+,5,0,5,土銀-嘉義,2024-12-13,1034
00887,永豐中國科技50大,5,0,5,土銀-嘉義,2024-12-13,1034
00662,富邦NASDAQ,5,0,5,土銀-嘉義,2024-12-13,1034
00878,國泰永續高股息,7,2,5,土銀-嘉義,2024-12-13,1034
1709,和益,5,0,5,土銀-嘉義,2024-12-13,1034
2353,宏��,5,0,5,土銀-嘉義,2024-12-13,1034
2449,京元電子,6,1,5,土銀-嘉義,2024-12-13,1034
2498,宏達電,5,0,5,土銀-嘉義,2024-12-13,1034
3037,欣興,10,5,5,土銀-嘉義,2024-12-13,1034
3484,崧騰,5,0,5,土銀-嘉義,2024-12-13,1034
5309,系統電,7,2,5,土銀-嘉義,2024-12-13,1034
2382,廣達,4,0,4,土銀-嘉義,2024-12-13,1034
3234,光環,4,0,4,土銀-嘉義,2024-12-13,1034
00646,元大S＆P500,4,0,4,土銀-嘉義,2024-12-13,1034
00882,中信中國高股息,4,0,4,土銀-嘉義,2024-12-13,1034
1605,華新,4,0,4,土銀-嘉義,2024-12-13,1034
2324,仁寶,6,2,4,土銀-嘉義,2024-12-13,1034
2845,遠東銀,166,0,166,土銀-嘉義,2024-12-16,1034
2801,彰銀,162,0,162,土銀-嘉義,2024-12-16,1034
2890,永豐金,111,0,111,土銀-嘉義,2024-12-16,1034
00712,復華富時不動產,74,0,74,土銀-嘉義,2024-12-16,1034
2498,宏達電,67,2,65,土銀-嘉義,2024-12-16,1034
00948B,中信優息投資級債,55,0,55,土銀-嘉義,2024-12-16,1034
00919,群益台灣精選高息,46,10,36,土銀-嘉義,2024-12-16,1034
00918,大華優利高填息30,28,0,28,土銀-嘉義,2024-12-16,1034
1802,台玻,26,0,26,土銀-嘉義,2024-12-16,1034
00893,國泰智能電動車,25,0,25,土銀-嘉義,2024-12-16,1034
2317,鴻海,43,19,24,土銀-嘉義,2024-12-16,1034
2881,富邦金,33,10,23,土銀-嘉義,2024-12-16,1034
2354,鴻準,22,1,21,土銀-嘉義,2024-12-16,1034
6182,合晶,15,0,15,土銀-嘉義,2024-12-16,1034
6770,力積電,17,3,14,土銀-嘉義,2024-12-16,1034
2382,廣達,11,0,11,土銀-嘉義,2024-12-16,1034
00679B,元大美債20年,11,0,11,土銀-嘉義,2024-12-16,1034
1808,潤隆,11,0,11,土銀-嘉義,2024-12-16,1034
2609,陽明,19,8,11,土銀-嘉義,2024-12-16,1034
1314,中石化,10,0,10,土銀-嘉義,2024-12-16,1034
1810,和成,10,0,10,土銀-嘉義,2024-12-16,1034
2892,第一金,10,0,10,土銀-嘉義,2024-12-16,1034
3062,建漢,13,5,8,土銀-嘉義,2024-12-16,1034
6854,錼創科技-KY創,7,0,7,土銀-嘉義,2024-12-16,1034
3231,緯創,15,9,6,土銀-嘉義,2024-12-16,1034
2615,萬海,7,1,6,土銀-嘉義,2024-12-16,1034
0056,元大高股息,6,0,6,土銀-嘉義,2024-12-16,1034
2353,宏��,7,1,6,土銀-嘉義,2024-12-16,1034
00662,富邦NASDAQ,5,0,5,土銀-嘉義,2024-12-16,1034
00637L,元大滬深300正2,5,0,5,土銀-嘉義,2024-12-16,1034
1229,聯華,5,0,5,土銀-嘉義,2024-12-16,1034
2355,敬鵬,5,0,5,土銀-嘉義,2024-12-16,1034
2401,凌陽,6,1,5,土銀-嘉義,2024-12-16,1034
2439,美律,7,2,5,土銀-嘉義,2024-12-16,1034
3037,欣興,6,1,5,土銀-嘉義,2024-12-16,1034
4979,華星光,4,0,4,土銀-嘉義,2024-12-16,1034
2368,金像電,6,2,4,土銀-嘉義,2024-12-16,1034
00932,兆豐永續高息等權,4,0,4,土銀-嘉義,2024-12-16,1034
2324,仁寶,5,1,4,土銀-嘉義,2024-12-16,1034
2371,大同,6,2,4,土銀-嘉義,2024-12-16,1034
2428,興勤,5,1,4,土銀-嘉義,2024-12-16,1034
3014,聯陽,4,0,4,土銀-嘉義,2024-12-16,1034
3706,神達,16,12,4,土銀-嘉義,2024-12-16,1034
4417,金洲,4,0,4,土銀-嘉義,2024-12-16,1034
2603,長榮,5,2,3,土銀-嘉義,2024-12-16,1034
00878,國泰永續高股息,10,7,3,土銀-嘉義,2024-12-16,1034
2312,金寶,8,5,3,土銀-嘉義,2024-12-16,1034
2504,國產,3,0,3,土銀-嘉義,2024-12-16,1034
3019,亞光,7,4,3,土銀-嘉義,2024-12-16,1034
3078,僑威,3,0,3,土銀-嘉義,2024-12-16,1034
00950B,凱基A級公司債,210,0,210,土銀-嘉義,2024-12-17,1034
00679B,元大美債20年,130,0,130,土銀-嘉義,2024-12-17,1034
00687B,國泰20年美債,94,0,94,土銀-嘉義,2024-12-17,1034
00948B,中信優息投資級債,54,2,52,土銀-嘉義,2024-12-17,1034
2324,仁寶,48,1,47,土銀-嘉義,2024-12-17,1034
2374,佳能,53,6,47,土銀-嘉義,2024-12-17,1034
6177,達麗,40,0,40,土銀-嘉義,2024-12-17,1034
00937B,群益ESG投等債20,35,0,35,土銀-嘉義,2024-12-17,1034
00751B,元大AAA至A公司債,34,0,34,土銀-嘉義,2024-12-17,1034
00931B,統一美債20年,30,0,30,土銀-嘉義,2024-12-17,1034
2498,宏達電,30,0,30,土銀-嘉義,2024-12-17,1034
3481,群創,27,0,27,土銀-嘉義,2024-12-17,1034
2834,臺企銀,26,0,26,土銀-嘉義,2024-12-17,1034
00959B,大華投等美債15Y+,25,0,25,土銀-嘉義,2024-12-17,1034
2303,聯電,32,14,18,土銀-嘉義,2024-12-17,1034
2883,凱基金,17,0,17,土銀-嘉義,2024-12-17,1034
1301,台塑,16,1,15,土銀-嘉義,2024-12-17,1034
2882,國泰金,15,0,15,土銀-嘉義,2024-12-17,1034
2002,中鋼,14,0,14,土銀-嘉義,2024-12-17,1034
3706,神達,16,4,12,土銀-嘉義,2024-12-17,1034
2344,華邦電,11,0,11,土銀-嘉義,2024-12-17,1034
2409,友達,11,0,11,土銀-嘉義,2024-12-17,1034
2881,富邦金,13,2,11,土銀-嘉義,2024-12-17,1034
6270,倍微,11,0,11,土銀-嘉義,2024-12-17,1034
00946,群益科技高息成長,10,0,10,土銀-嘉義,2024-12-17,1034
00922,國泰台灣領袖50,10,0,10,土銀-嘉義,2024-12-17,1034
2388,威盛,12,2,10,土銀-嘉義,2024-12-17,1034
2104,國際中橡,8,0,8,土銀-嘉義,2024-12-17,1034
2027,大成鋼,8,0,8,土銀-嘉義,2024-12-17,1034
1215,卜蜂,7,0,7,土銀-嘉義,2024-12-17,1034
1303,南亞,7,0,7,土銀-嘉義,2024-12-17,1034
00753L,中信中國50正2,7,0,7,土銀-嘉義,2024-12-17,1034
2912,統一超,7,0,7,土銀-嘉義,2024-12-17,1034
6770,力積電,10,3,7,土銀-嘉義,2024-12-17,1034
2520,冠德,6,0,6,土銀-嘉義,2024-12-17,1034
8249,菱光,7,1,6,土銀-嘉義,2024-12-17,1034
00882,中信中國高股息,5,0,5,土銀-嘉義,2024-12-17,1034
00830,國泰費城半導體,5,0,5,土銀-嘉義,2024-12-17,1034
00680L,元大美債20正2,5,0,5,土銀-嘉義,2024-12-17,1034
1314,中石化,5,0,5,土銀-嘉義,2024-12-17,1034
1582,信錦,4,0,4,土銀-嘉義,2024-12-17,1034
00665L,富邦�琤肭磪囓�2,4,0,4,土銀-嘉義,2024-12-17,1034
2353,宏��,4,0,4,土銀-嘉義,2024-12-17,1034
2885,元大金,5,1,4,土銀-嘉義,2024-12-17,1034
2886,兆豐金,4,0,4,土銀-嘉義,2024-12-17,1034
4108,懷特,4,0,4,土銀-嘉義,2024-12-17,1034
5907,大洋-KY,4,0,4,土銀-嘉義,2024-12-17,1034
6412,群電,4,0,4,土銀-嘉義,2024-12-17,1034
2801,彰銀,3,0,3,土銀-嘉義,2024-12-17,1034
0056,元大高股息,3,0,3,土銀-嘉義,2024-12-17,1034
00664R,國泰臺灣加權反1,100,0,100,土銀-嘉義,2024-12-18,1034
00687B,國泰20年美債,67,0,67,土銀-嘉義,2024-12-18,1034
00679B,元大美債20年,50,0,50,土銀-嘉義,2024-12-18,1034
2892,第一金,49,1,48,土銀-嘉義,2024-12-18,1034
2002,中鋼,31,0,31,土銀-嘉義,2024-12-18,1034
2388,威盛,21,0,21,土銀-嘉義,2024-12-18,1034
2498,宏達電,21,0,21,土銀-嘉義,2024-12-18,1034
00929,復華台灣科技優息,20,0,20,土銀-嘉義,2024-12-18,1034
00918,大華優利高填息30,15,0,15,土銀-嘉義,2024-12-18,1034
2881,富邦金,15,1,14,土銀-嘉義,2024-12-18,1034
2610,華航,18,6,12,土銀-嘉義,2024-12-18,1034
2382,廣達,12,1,11,土銀-嘉義,2024-12-18,1034
00924,復華S＆P500成長,10,0,10,土銀-嘉義,2024-12-18,1034
00719B,元大美債1-3,9,0,9,土銀-嘉義,2024-12-18,1034
2312,金寶,9,0,9,土銀-嘉義,2024-12-18,1034
3576,聯合再生,9,0,9,土銀-嘉義,2024-12-18,1034
4174,浩鼎,9,0,9,土銀-嘉義,2024-12-18,1034
3481,群創,12,4,8,土銀-嘉義,2024-12-18,1034
5347,世界,8,0,8,土銀-嘉義,2024-12-18,1034
00712,復華富時不動產,7,0,7,土銀-嘉義,2024-12-18,1034
2618,長榮航,13,6,7,土銀-嘉義,2024-12-18,1034
2886,兆豐金,7,0,7,土銀-嘉義,2024-12-18,1034
2317,鴻海,11,5,6,土銀-嘉義,2024-12-18,1034
1309,台達化,6,0,6,土銀-嘉義,2024-12-18,1034
2367,燿華,7,1,6,土銀-嘉義,2024-12-18,1034
3714,富采,6,0,6,土銀-嘉義,2024-12-18,1034
00948B,中信優息投資級債,5,0,5,土銀-嘉義,2024-12-18,1034
1216,統一,5,0,5,土銀-嘉義,2024-12-18,1034
1215,卜蜂,5,0,5,土銀-嘉義,2024-12-18,1034
1102,亞泥,5,0,5,土銀-嘉義,2024-12-18,1034
2409,友達,5,0,5,土銀-嘉義,2024-12-18,1034
2882,國泰金,10,5,5,土銀-嘉義,2024-12-18,1034
4306,炎洲,5,0,5,土銀-嘉義,2024-12-18,1034
5009,榮剛,5,0,5,土銀-嘉義,2024-12-18,1034
5283,禾聯碩,5,0,5,土銀-嘉義,2024-12-18,1034
6214,精誠,5,0,5,土銀-嘉義,2024-12-18,1034
8249,菱光,6,1,5,土銀-嘉義,2024-12-18,1034
00646,元大S＆P500,4,0,4,土銀-嘉義,2024-12-18,1034
1722,台肥,4,0,4,土銀-嘉義,2024-12-18,1034
2103,台橡,4,0,4,土銀-嘉義,2024-12-18,1034
2104,國際中橡,4,0,4,土銀-嘉義,2024-12-18,1034
2637,慧洋-KY,4,0,4,土銀-嘉義,2024-12-18,1034
4952,凌通,6,2,4,土銀-嘉義,2024-12-18,1034
5483,中美晶,4,0,4,土銀-嘉義,2024-12-18,1034
6505,台塑化,4,0,4,土銀-嘉義,2024-12-18,1034
2884,玉山金,5,2,3,土銀-嘉義,2024-12-18,1034
00962,台新AI優息動能,3,0,3,土銀-嘉義,2024-12-18,1034
1314,中石化,3,0,3,土銀-嘉義,2024-12-18,1034
00725B,國泰投資級公司債,3,0,3,土銀-嘉義,2024-12-18,1034
00922,國泰台灣領袖50,3,0,3,土銀-嘉義,2024-12-18,1034
00937B,群益ESG投等債20,230,0,230,土銀-嘉義,2024-12-19,1034
00948B,中信優息投資級債,104,0,104,土銀-嘉義,2024-12-19,1034
00970B,新光BBB投等債20,100,10,90,土銀-嘉義,2024-12-19,1034
00720B,元大投資級公司債,50,0,50,土銀-嘉義,2024-12-19,1034
00687B,國泰20年美債,39,0,39,土銀-嘉義,2024-12-19,1034
2498,宏達電,39,0,39,土銀-嘉義,2024-12-19,1034
2303,聯電,39,4,35,土銀-嘉義,2024-12-19,1034
1303,南亞,33,0,33,土銀-嘉義,2024-12-19,1034
00679B,元大美債20年,30,0,30,土銀-嘉義,2024-12-19,1034
2317,鴻海,26,5,21,土銀-嘉義,2024-12-19,1034
00955,中信日本商社,20,0,20,土銀-嘉義,2024-12-19,1034
00954,中信日本半導體,20,0,20,土銀-嘉義,2024-12-19,1034
00918,大華優利高填息30,22,2,20,土銀-嘉義,2024-12-19,1034
2371,大同,40,20,20,土銀-嘉義,2024-12-19,1034
6142,友勁,20,0,20,土銀-嘉義,2024-12-19,1034
2883,凱基金,166,149,17,土銀-嘉義,2024-12-19,1034
2887,台新金,16,0,16,土銀-嘉義,2024-12-19,1034
00795B,中信美國公債20年,15,0,15,土銀-嘉義,2024-12-19,1034
00893,國泰智能電動車,15,0,15,土銀-嘉義,2024-12-19,1034
2886,兆豐金,14,0,14,土銀-嘉義,2024-12-19,1034
4157,太景*-KY,13,0,13,土銀-嘉義,2024-12-19,1034
5880,合庫金,13,0,13,土銀-嘉義,2024-12-19,1034
00712,復華富時不動產,32,20,12,土銀-嘉義,2024-12-19,1034
00941,中信上游半導體,11,0,11,土銀-嘉義,2024-12-19,1034
3025,星通,10,0,10,土銀-嘉義,2024-12-19,1034
00902,中信電池及儲能,10,0,10,土銀-嘉義,2024-12-19,1034
1314,中石化,10,0,10,土銀-嘉義,2024-12-19,1034
2062,橋椿,10,0,10,土銀-嘉義,2024-12-19,1034
2611,志信,10,0,10,土銀-嘉義,2024-12-19,1034
2646,星宇航空,10,0,10,土銀-嘉義,2024-12-19,1034
2884,玉山金,10,0,10,土銀-嘉義,2024-12-19,1034
3062,建漢,13,3,10,土銀-嘉義,2024-12-19,1034
3706,神達,11,1,10,土銀-嘉義,2024-12-19,1034
00922,國泰台灣領袖50,9,0,9,土銀-嘉義,2024-12-19,1034
00719B,元大美債1-3,8,0,8,土銀-嘉義,2024-12-19,1034
1799,易威,8,0,8,土銀-嘉義,2024-12-19,1034
2736,富野,10,2,8,土銀-嘉義,2024-12-19,1034
00926,凱基全球菁英55,7,0,7,土銀-嘉義,2024-12-19,1034
00960,野村全球航運龍頭,7,0,7,土銀-嘉義,2024-12-19,1034
1229,聯華,7,0,7,土銀-嘉義,2024-12-19,1034
2618,長榮航,10,3,7,土銀-嘉義,2024-12-19,1034
3481,群創,12,5,7,土銀-嘉義,2024-12-19,1034
1216,統一,7,1,6,土銀-嘉義,2024-12-19,1034
2020,美亞,8,2,6,土銀-嘉義,2024-12-19,1034
2609,陽明,10,4,6,土銀-嘉義,2024-12-19,1034
2890,永豐金,6,0,6,土銀-嘉義,2024-12-19,1034
8341,日友,6,0,6,土銀-嘉義,2024-12-19,1034
2330,台積電,5,0,5,土銀-嘉義,2024-12-19,1034
1215,卜蜂,5,0,5,土銀-嘉義,2024-12-19,1034
00930,永豐ESG低碳高息,5,0,5,土銀-嘉義,2024-12-19,1034
