Ticker,Name,buy,sell,diff,Branch,Date,Branch_Code
00878,國泰永續高股息,46,0,46,宏遠-桃園,2023-01-03,1262
2363,矽統,26,0,26,宏遠-桃園,2023-01-03,1262
3481,群創,25,4,21,宏遠-桃園,2023-01-03,1262
00753L,中信中國50正2,20,0,20,宏遠-桃園,2023-01-03,1262
3705,永信,20,0,20,宏遠-桃園,2023-01-03,1262
8064,東捷,20,0,20,宏遠-桃園,2023-01-03,1262
9802,鈺齊-KY,40,20,20,宏遠-桃園,2023-01-03,1262
5351,鈺創,20,2,18,宏遠-桃園,2023-01-03,1262
2317,鴻海,22,6,16,宏遠-桃園,2023-01-03,1262
4102,永日,13,0,13,宏遠-桃園,2023-01-03,1262
1605,華新,14,1,13,宏遠-桃園,2023-01-03,1262
4130,健亞,13,0,13,宏遠-桃園,2023-01-03,1262
2618,長榮航,13,2,11,宏遠-桃園,2023-01-03,1262
3682,亞太電,10,0,10,宏遠-桃園,2023-01-03,1262
8440,綠電,10,0,10,宏遠-桃園,2023-01-03,1262
9904,寶成,10,0,10,宏遠-桃園,2023-01-03,1262
2498,宏達電,16,7,9,宏遠-桃園,2023-01-03,1262
4114,健喬,17,9,8,宏遠-桃園,2023-01-03,1262
6202,盛群,8,1,7,宏遠-桃園,2023-01-03,1262
00679B,元大美債20年,6,0,6,宏遠-桃園,2023-01-03,1262
00680L,元大美債20正2,10,4,6,宏遠-桃園,2023-01-03,1262
3035,智原,17,11,6,宏遠-桃園,2023-01-03,1262
3693,營邦,8,2,6,宏遠-桃園,2023-01-03,1262
00640L,富邦日本正2,5,0,5,宏遠-桃園,2023-01-03,1262
2729,瓦城,5,0,5,宏遠-桃園,2023-01-03,1262
3176,基亞,5,0,5,宏遠-桃園,2023-01-03,1262
4162,智擎,7,2,5,宏遠-桃園,2023-01-03,1262
5706,鳳凰,5,0,5,宏遠-桃園,2023-01-03,1262
6120,達運,5,0,5,宏遠-桃園,2023-01-03,1262
00637L,元大滬深300正2,13,9,4,宏遠-桃園,2023-01-03,1262
1532,勤美,4,0,4,宏遠-桃園,2023-01-03,1262
2850,新產,4,0,4,宏遠-桃園,2023-01-03,1262
6111,大宇資,13,9,4,宏遠-桃園,2023-01-03,1262
1464,得力,3,0,3,宏遠-桃園,2023-01-03,1262
00751B,元大AAA至A公司債,3,0,3,宏遠-桃園,2023-01-03,1262
00728,第一金工業30,3,0,3,宏遠-桃園,2023-01-03,1262
1810,和成,3,0,3,宏遠-桃園,2023-01-03,1262
2025,千興,3,0,3,宏遠-桃園,2023-01-03,1262
2344,華邦電,3,0,3,宏遠-桃園,2023-01-03,1262
2412,中華電,3,0,3,宏遠-桃園,2023-01-03,1262
2606,裕民,8,5,3,宏遠-桃園,2023-01-03,1262
3083,網龍,3,0,3,宏遠-桃園,2023-01-03,1262
3454,晶睿,19,16,3,宏遠-桃園,2023-01-03,1262
3479,安勤,6,3,3,宏遠-桃園,2023-01-03,1262
3508,位速,3,0,3,宏遠-桃園,2023-01-03,1262
3680,家登,3,0,3,宏遠-桃園,2023-01-03,1262
4402,郡都開發,3,0,3,宏遠-桃園,2023-01-03,1262
4763,材料-KY,5,2,3,宏遠-桃園,2023-01-03,1262
5227,立凱-KY,3,0,3,宏遠-桃園,2023-01-03,1262
5443,均豪,3,0,3,宏遠-桃園,2023-01-03,1262
00893,國泰智能電動車,179,0,179,宏遠-桃園,2023-01-04,1262
00673R,期元大S＆P原油反1,100,4,96,宏遠-桃園,2023-01-04,1262
1618,合機,83,5,78,宏遠-桃園,2023-01-04,1262
2317,鴻海,64,3,61,宏遠-桃園,2023-01-04,1262
2230,泰茂,60,0,60,宏遠-桃園,2023-01-04,1262
6719,力智,35,0,35,宏遠-桃園,2023-01-04,1262
8996,高力,49,14,35,宏遠-桃園,2023-01-04,1262
6118,建達,53,23,30,宏遠-桃園,2023-01-04,1262
3704,合勤控,40,14,26,宏遠-桃園,2023-01-04,1262
2615,萬海,26,3,23,宏遠-桃園,2023-01-04,1262
00652,富邦印度,20,0,20,宏遠-桃園,2023-01-04,1262
2399,映泰,22,2,20,宏遠-桃園,2023-01-04,1262
2634,漢翔,34,14,20,宏遠-桃園,2023-01-04,1262
2884,玉山金,12,0,12,宏遠-桃園,2023-01-04,1262
00881,國泰台灣5G+,12,0,12,宏遠-桃園,2023-01-04,1262
5498,凱崴,11,0,11,宏遠-桃園,2023-01-04,1262
2340,台亞,10,0,10,宏遠-桃園,2023-01-04,1262
3051,力特,10,0,10,宏遠-桃園,2023-01-04,1262
5344,立衛,10,0,10,宏遠-桃園,2023-01-04,1262
9105,泰金寶-DR,10,0,10,宏遠-桃園,2023-01-04,1262
00715L,期街口布蘭特正2,13,3,10,宏遠-桃園,2023-01-04,1262
2419,仲琦,7,0,7,宏遠-桃園,2023-01-04,1262
1795,美時,6,0,6,宏遠-桃園,2023-01-04,1262
6150,撼訊,16,10,6,宏遠-桃園,2023-01-04,1262
00830,國泰費城半導體,5,0,5,宏遠-桃園,2023-01-04,1262
2009,第一銅,5,0,5,宏遠-桃園,2023-01-04,1262
3481,群創,5,0,5,宏遠-桃園,2023-01-04,1262
5443,均豪,5,0,5,宏遠-桃園,2023-01-04,1262
5351,鈺創,6,1,5,宏遠-桃園,2023-01-04,1262
1101,台泥,4,0,4,宏遠-桃園,2023-01-04,1262
00632R,元大台灣50反1,4,0,4,宏遠-桃園,2023-01-04,1262
4102,永日,4,0,4,宏遠-桃園,2023-01-04,1262
5425,台半,5,1,4,宏遠-桃園,2023-01-04,1262
2886,兆豐金,3,0,3,宏遠-桃園,2023-01-04,1262
00772B,中信高評級公司債,3,0,3,宏遠-桃園,2023-01-04,1262
3346,麗清,3,0,3,宏遠-桃園,2023-01-04,1262
3702,大聯大,3,0,3,宏遠-桃園,2023-01-04,1262
4114,健喬,23,20,3,宏遠-桃園,2023-01-04,1262
6712,長聖,4,1,3,宏遠-桃園,2023-01-04,1262
8050,廣積,4,1,3,宏遠-桃園,2023-01-04,1262
00637L,元大滬深300正2,6,4,2,宏遠-桃園,2023-01-04,1262
00633L,富邦上証正2,2,0,2,宏遠-桃園,2023-01-04,1262
00670L,富邦NASDAQ正2,2,0,2,宏遠-桃園,2023-01-04,1262
00878,國泰永續高股息,2,0,2,宏遠-桃園,2023-01-04,1262
1517,利奇,2,0,2,宏遠-桃園,2023-01-04,1262
2014,中鴻,2,0,2,宏遠-桃園,2023-01-04,1262
2032,新鋼,5,3,2,宏遠-桃園,2023-01-04,1262
2368,金像電,2,0,2,宏遠-桃園,2023-01-04,1262
2380,虹光,2,0,2,宏遠-桃園,2023-01-04,1262
2636,台驊控股,2,0,2,宏遠-桃園,2023-01-04,1262
00632R,元大台灣50反1,520,2,518,宏遠-桃園,2023-01-05,1262
00671R,富邦NASDAQ反1,200,0,200,宏遠-桃園,2023-01-05,1262
3013,晟銘電,43,0,43,宏遠-桃園,2023-01-05,1262
00715L,期街口布蘭特正2,46,4,42,宏遠-桃園,2023-01-05,1262
2344,華邦電,30,3,27,宏遠-桃園,2023-01-05,1262
00652,富邦印度,25,0,25,宏遠-桃園,2023-01-05,1262
4974,亞泰,25,0,25,宏遠-桃園,2023-01-05,1262
3149,正達,22,0,22,宏遠-桃園,2023-01-05,1262
1519,華城,31,11,20,宏遠-桃園,2023-01-05,1262
00638R,元大滬深300反1,16,0,16,宏遠-桃園,2023-01-05,1262
00888,永豐台灣ESG,15,0,15,宏遠-桃園,2023-01-05,1262
2515,中工,13,0,13,宏遠-桃園,2023-01-05,1262
00878,國泰永續高股息,14,2,12,宏遠-桃園,2023-01-05,1262
2328,廣宇,11,0,11,宏遠-桃園,2023-01-05,1262
4162,智擎,17,7,10,宏遠-桃園,2023-01-05,1262
1584,精剛,10,0,10,宏遠-桃園,2023-01-05,1262
2476,鉅祥,10,0,10,宏遠-桃園,2023-01-05,1262
3047,訊舟,10,0,10,宏遠-桃園,2023-01-05,1262
3704,合勤控,14,4,10,宏遠-桃園,2023-01-05,1262
8033,雷虎,13,5,8,宏遠-桃園,2023-01-05,1262
2603,長榮,8,0,8,宏遠-桃園,2023-01-05,1262
2230,泰茂,8,1,7,宏遠-桃園,2023-01-05,1262
9904,寶成,7,0,7,宏遠-桃園,2023-01-05,1262
0056,元大高股息,9,3,6,宏遠-桃園,2023-01-05,1262
1701,中化,6,0,6,宏遠-桃園,2023-01-05,1262
2352,佳世達,6,0,6,宏遠-桃園,2023-01-05,1262
8069,元太,25,19,6,宏遠-桃園,2023-01-05,1262
00642U,期元大S＆P石油,5,0,5,宏遠-桃園,2023-01-05,1262
1605,華新,8,3,5,宏遠-桃園,2023-01-05,1262
2009,第一銅,5,0,5,宏遠-桃園,2023-01-05,1262
2347,聯強,5,0,5,宏遠-桃園,2023-01-05,1262
2834,臺企銀,5,0,5,宏遠-桃園,2023-01-05,1262
2905,三商,5,0,5,宏遠-桃園,2023-01-05,1262
3535,晶彩科,5,0,5,宏遠-桃園,2023-01-05,1262
3665,貿聯-KY,5,0,5,宏遠-桃園,2023-01-05,1262
3708,上緯投控,5,0,5,宏遠-桃園,2023-01-05,1262
3712,永崴投控,5,0,5,宏遠-桃園,2023-01-05,1262
6233,旺玖,5,0,5,宏遠-桃園,2023-01-05,1262
00650L,復華香港正2,11,7,4,宏遠-桃園,2023-01-05,1262
2337,旺宏,4,0,4,宏遠-桃園,2023-01-05,1262
2338,光罩,43,39,4,宏遠-桃園,2023-01-05,1262
3693,營邦,12,8,4,宏遠-桃園,2023-01-05,1262
4931,新盛力,4,0,4,宏遠-桃園,2023-01-05,1262
2317,鴻海,5,1,4,宏遠-桃園,2023-01-05,1262
00712,復華富時不動產,3,0,3,宏遠-桃園,2023-01-05,1262
00640L,富邦日本正2,3,0,3,宏遠-桃園,2023-01-05,1262
1736,喬山,6,3,3,宏遠-桃園,2023-01-05,1262
2388,威盛,3,0,3,宏遠-桃園,2023-01-05,1262
2409,友達,3,0,3,宏遠-桃園,2023-01-05,1262
2610,華航,15,12,3,宏遠-桃園,2023-01-05,1262
00632R,元大台灣50反1,302,1,301,宏遠-桃園,2023-01-06,1262
00671R,富邦NASDAQ反1,100,0,100,宏遠-桃園,2023-01-06,1262
1314,中石化,60,0,60,宏遠-桃園,2023-01-06,1262
6220,岳豐,60,0,60,宏遠-桃園,2023-01-06,1262
6139,亞翔,45,0,45,宏遠-桃園,2023-01-06,1262
2359,所羅門,55,11,44,宏遠-桃園,2023-01-06,1262
00882,中信中國高股息,40,0,40,宏遠-桃園,2023-01-06,1262
00715L,期街口布蘭特正2,40,2,38,宏遠-桃園,2023-01-06,1262
1519,華城,35,0,35,宏遠-桃園,2023-01-06,1262
00720B,元大投資級公司債,35,2,33,宏遠-桃園,2023-01-06,1262
2101,南港,20,0,20,宏遠-桃園,2023-01-06,1262
2637,慧洋-KY,17,0,17,宏遠-桃園,2023-01-06,1262
00920,富邦ESG綠色電力,15,0,15,宏遠-桃園,2023-01-06,1262
5443,均豪,15,0,15,宏遠-桃園,2023-01-06,1262
3141,晶宏,22,7,15,宏遠-桃園,2023-01-06,1262
00650L,復華香港正2,23,12,11,宏遠-桃園,2023-01-06,1262
00652,富邦印度,10,0,10,宏遠-桃園,2023-01-06,1262
2485,兆赫,10,0,10,宏遠-桃園,2023-01-06,1262
4130,健亞,10,0,10,宏遠-桃園,2023-01-06,1262
8928,鉅明,10,0,10,宏遠-桃園,2023-01-06,1262
1475,業旺,10,1,9,宏遠-桃園,2023-01-06,1262
1752,南光,17,8,9,宏遠-桃園,2023-01-06,1262
00893,國泰智能電動車,8,0,8,宏遠-桃園,2023-01-06,1262
6176,瑞儀,8,0,8,宏遠-桃園,2023-01-06,1262
1605,華新,28,21,7,宏遠-桃園,2023-01-06,1262
00852L,國泰美國道瓊正2,7,0,7,宏遠-桃園,2023-01-06,1262
2308,台達電,10,4,6,宏遠-桃園,2023-01-06,1262
00706L,期元大S＆P日圓正2,6,0,6,宏遠-桃園,2023-01-06,1262
1316,上曜,6,0,6,宏遠-桃園,2023-01-06,1262
3714,富采,6,0,6,宏遠-桃園,2023-01-06,1262
2884,玉山金,5,0,5,宏遠-桃園,2023-01-06,1262
2009,第一銅,5,0,5,宏遠-桃園,2023-01-06,1262
2353,宏��,6,1,5,宏遠-桃園,2023-01-06,1262
2851,中再保,5,0,5,宏遠-桃園,2023-01-06,1262
3706,神達,5,0,5,宏遠-桃園,2023-01-06,1262
4746,台耀,6,1,5,宏遠-桃園,2023-01-06,1262
8033,雷虎,8,3,5,宏遠-桃園,2023-01-06,1262
8064,東捷,5,0,5,宏遠-桃園,2023-01-06,1262
8096,擎亞,5,0,5,宏遠-桃園,2023-01-06,1262
2317,鴻海,10,6,4,宏遠-桃園,2023-01-06,1262
5284,jpp-KY,3,0,3,宏遠-桃園,2023-01-06,1262
6129,普誠,3,0,3,宏遠-桃園,2023-01-06,1262
00725B,國泰投資級公司債,2,0,2,宏遠-桃園,2023-01-06,1262
2392,正崴,2,0,2,宏遠-桃園,2023-01-06,1262
3094,聯傑,2,0,2,宏遠-桃園,2023-01-06,1262
4102,永日,2,0,2,宏遠-桃園,2023-01-06,1262
4167,松瑞藥,2,0,2,宏遠-桃園,2023-01-06,1262
5425,台半,2,0,2,宏遠-桃園,2023-01-06,1262
5520,力泰,2,0,2,宏遠-桃園,2023-01-06,1262
6233,旺玖,2,0,2,宏遠-桃園,2023-01-06,1262
6182,合晶,85,6,79,宏遠-桃園,2023-01-09,1262
2610,華航,30,0,30,宏遠-桃園,2023-01-09,1262
4102,永日,27,4,23,宏遠-桃園,2023-01-09,1262
1516,川飛,20,0,20,宏遠-桃園,2023-01-09,1262
1514,亞力,20,0,20,宏遠-桃園,2023-01-09,1262
4931,新盛力,20,0,20,宏遠-桃園,2023-01-09,1262
00648R,元大S＆P500反1,18,0,18,宏遠-桃園,2023-01-09,1262
3013,晟銘電,16,0,16,宏遠-桃園,2023-01-09,1262
3027,盛達,27,11,16,宏遠-桃園,2023-01-09,1262
6220,岳豐,16,0,16,宏遠-桃園,2023-01-09,1262
00671R,富邦NASDAQ反1,12,0,12,宏遠-桃園,2023-01-09,1262
3481,群創,11,0,11,宏遠-桃園,2023-01-09,1262
6139,亞翔,10,0,10,宏遠-桃園,2023-01-09,1262
8050,廣積,10,0,10,宏遠-桃園,2023-01-09,1262
8936,國統,10,0,10,宏遠-桃園,2023-01-09,1262
1708,東鹼,9,0,9,宏遠-桃園,2023-01-09,1262
6443,元晶,12,4,8,宏遠-桃園,2023-01-09,1262
6472,保瑞,8,1,7,宏遠-桃園,2023-01-09,1262
6550,北極星藥業-KY,10,3,7,宏遠-桃園,2023-01-09,1262
2476,鉅祥,6,0,6,宏遠-桃園,2023-01-09,1262
3540,曜越,6,0,6,宏遠-桃園,2023-01-09,1262
8086,宏捷科,10,4,6,宏遠-桃園,2023-01-09,1262
3034,聯詠,8,2,6,宏遠-桃園,2023-01-09,1262
00674R,期元大S＆P黃金反1,5,0,5,宏遠-桃園,2023-01-09,1262
1560,中砂,5,0,5,宏遠-桃園,2023-01-09,1262
1467,南緯,6,1,5,宏遠-桃園,2023-01-09,1262
2883,凱基金,5,0,5,宏遠-桃園,2023-01-09,1262
4919,新唐,10,5,5,宏遠-桃園,2023-01-09,1262
6244,茂迪,5,0,5,宏遠-桃園,2023-01-09,1262
1701,中化,4,0,4,宏遠-桃園,2023-01-09,1262
2609,陽明,13,9,4,宏遠-桃園,2023-01-09,1262
6127,九豪,4,0,4,宏遠-桃園,2023-01-09,1262
6147,頎邦,4,0,4,宏遠-桃園,2023-01-09,1262
6461,益得,4,0,4,宏遠-桃園,2023-01-09,1262
6531,愛普*,7,3,4,宏遠-桃園,2023-01-09,1262
2603,長榮,3,0,3,宏遠-桃園,2023-01-09,1262
8996,高力,26,23,3,宏遠-桃園,2023-01-09,1262
00885,富邦越南,3,0,3,宏遠-桃園,2023-01-09,1262
00653L,富邦印度正2,2,0,2,宏遠-桃園,2023-01-09,1262
1319,東陽,2,0,2,宏遠-桃園,2023-01-09,1262
2337,旺宏,2,0,2,宏遠-桃園,2023-01-09,1262
2355,敬鵬,2,0,2,宏遠-桃園,2023-01-09,1262
3162,精確,2,0,2,宏遠-桃園,2023-01-09,1262
3272,東碩,10,8,2,宏遠-桃園,2023-01-09,1262
3558,神準,4,2,2,宏遠-桃園,2023-01-09,1262
4171,瑞基,2,0,2,宏遠-桃園,2023-01-09,1262
4961,天鈺,6,4,2,宏遠-桃園,2023-01-09,1262
4979,華星光,2,0,2,宏遠-桃園,2023-01-09,1262
6129,普誠,15,13,2,宏遠-桃園,2023-01-09,1262
6196,帆宣,2,0,2,宏遠-桃園,2023-01-09,1262
00671R,富邦NASDAQ反1,100,3,97,宏遠-桃園,2023-01-10,1262
2313,華通,34,2,32,宏遠-桃園,2023-01-10,1262
6148,驊宏資,31,0,31,宏遠-桃園,2023-01-10,1262
6124,業強,25,0,25,宏遠-桃園,2023-01-10,1262
8069,元太,32,10,22,宏遠-桃園,2023-01-10,1262
2014,中鴻,21,0,21,宏遠-桃園,2023-01-10,1262
1701,中化,20,0,20,宏遠-桃園,2023-01-10,1262
5351,鈺創,23,3,20,宏遠-桃園,2023-01-10,1262
2834,臺企銀,20,1,19,宏遠-桃園,2023-01-10,1262
2457,飛宏,18,0,18,宏遠-桃園,2023-01-10,1262
5457,宣德,15,0,15,宏遠-桃園,2023-01-10,1262
1309,台達化,12,0,12,宏遠-桃園,2023-01-10,1262
2609,陽明,13,2,11,宏遠-桃園,2023-01-10,1262
2317,鴻海,10,0,10,宏遠-桃園,2023-01-10,1262
1710,東聯,10,0,10,宏遠-桃園,2023-01-10,1262
2353,宏��,10,0,10,宏遠-桃園,2023-01-10,1262
6461,益得,10,0,10,宏遠-桃園,2023-01-10,1262
8033,雷虎,10,0,10,宏遠-桃園,2023-01-10,1262
00885,富邦越南,9,0,9,宏遠-桃園,2023-01-10,1262
2328,廣宇,10,1,9,宏遠-桃園,2023-01-10,1262
6550,北極星藥業-KY,9,0,9,宏遠-桃園,2023-01-10,1262
1736,喬山,10,2,8,宏遠-桃園,2023-01-10,1262
3481,群創,8,0,8,宏遠-桃園,2023-01-10,1262
4130,健亞,10,2,8,宏遠-桃園,2023-01-10,1262
5014,建錩,8,0,8,宏遠-桃園,2023-01-10,1262
6182,合晶,8,0,8,宏遠-桃園,2023-01-10,1262
6806,森崴能源,8,0,8,宏遠-桃園,2023-01-10,1262
0056,元大高股息,15,8,7,宏遠-桃園,2023-01-10,1262
2884,玉山金,6,0,6,宏遠-桃園,2023-01-10,1262
3714,富采,16,10,6,宏遠-桃園,2023-01-10,1262
00878,國泰永續高股息,6,1,5,宏遠-桃園,2023-01-10,1262
2344,華邦電,6,1,5,宏遠-桃園,2023-01-10,1262
3231,緯創,5,0,5,宏遠-桃園,2023-01-10,1262
3454,晶睿,16,11,5,宏遠-桃園,2023-01-10,1262
2330,台積電,6,1,5,宏遠-桃園,2023-01-10,1262
8478,東哥遊艇,4,0,4,宏遠-桃園,2023-01-10,1262
00664R,國泰臺灣加權反1,4,0,4,宏遠-桃園,2023-01-10,1262
00715L,期街口布蘭特正2,4,0,4,宏遠-桃園,2023-01-10,1262
3017,奇鋐,4,0,4,宏遠-桃園,2023-01-10,1262
00733,富邦臺灣中小,3,0,3,宏遠-桃園,2023-01-10,1262
2929,淘帝-KY,3,0,3,宏遠-桃園,2023-01-10,1262
3044,健鼎,3,0,3,宏遠-桃園,2023-01-10,1262
3234,光環,7,4,3,宏遠-桃園,2023-01-10,1262
6127,九豪,3,0,3,宏遠-桃園,2023-01-10,1262
6153,嘉聯益,3,0,3,宏遠-桃園,2023-01-10,1262
6223,旺矽,5,2,3,宏遠-桃園,2023-01-10,1262
6279,胡連,4,1,3,宏遠-桃園,2023-01-10,1262
6609,瀧澤科,3,0,3,宏遠-桃園,2023-01-10,1262
8028,昇陽半導體,3,0,3,宏遠-桃園,2023-01-10,1262
8046,南電,3,0,3,宏遠-桃園,2023-01-10,1262
6124,業強,69,10,59,宏遠-桃園,2023-01-11,1262
6185,幃翔,40,0,40,宏遠-桃園,2023-01-11,1262
3013,晟銘電,30,0,30,宏遠-桃園,2023-01-11,1262
4931,新盛力,26,0,26,宏遠-桃園,2023-01-11,1262
8415,大國鋼,23,0,23,宏遠-桃園,2023-01-11,1262
00733,富邦臺灣中小,21,0,21,宏遠-桃園,2023-01-11,1262
3704,合勤控,33,12,21,宏遠-桃園,2023-01-11,1262
00648R,元大S＆P500反1,20,0,20,宏遠-桃園,2023-01-11,1262
6220,岳豐,19,0,19,宏遠-桃園,2023-01-11,1262
9105,泰金寶-DR,19,0,19,宏遠-桃園,2023-01-11,1262
8069,元太,26,10,16,宏遠-桃園,2023-01-11,1262
5258,虹堡,15,1,14,宏遠-桃園,2023-01-11,1262
4979,華星光,15,2,13,宏遠-桃園,2023-01-11,1262
00679B,元大美債20年,11,0,11,宏遠-桃園,2023-01-11,1262
2002,中鋼,11,0,11,宏遠-桃園,2023-01-11,1262
2618,長榮航,13,2,11,宏遠-桃園,2023-01-11,1262
00632R,元大台灣50反1,10,0,10,宏遠-桃園,2023-01-11,1262
1444,力麗,10,0,10,宏遠-桃園,2023-01-11,1262
1752,南光,20,10,10,宏遠-桃園,2023-01-11,1262
3682,亞太電,10,0,10,宏遠-桃園,2023-01-11,1262
3141,晶宏,10,1,9,宏遠-桃園,2023-01-11,1262
2027,大成鋼,16,8,8,宏遠-桃園,2023-01-11,1262
1513,中興電,7,0,7,宏遠-桃園,2023-01-11,1262
2413,環科,13,6,7,宏遠-桃園,2023-01-11,1262
2884,玉山金,6,0,6,宏遠-桃園,2023-01-11,1262
2412,中華電,6,0,6,宏遠-桃園,2023-01-11,1262
2436,偉詮電,7,1,6,宏遠-桃園,2023-01-11,1262
3059,華晶科,6,0,6,宏遠-桃園,2023-01-11,1262
5321,美而快,8,2,6,宏遠-桃園,2023-01-11,1262
00642U,期元大S＆P石油,5,0,5,宏遠-桃園,2023-01-11,1262
1529,樂事綠能,5,0,5,宏遠-桃園,2023-01-11,1262
2515,中工,5,0,5,宏遠-桃園,2023-01-11,1262
2634,漢翔,5,0,5,宏遠-桃園,2023-01-11,1262
2851,中再保,5,0,5,宏遠-桃園,2023-01-11,1262
2882,國泰金,5,0,5,宏遠-桃園,2023-01-11,1262
3088,艾訊,7,2,5,宏遠-桃園,2023-01-11,1262
4743,合一,11,6,5,宏遠-桃園,2023-01-11,1262
5014,建錩,6,1,5,宏遠-桃園,2023-01-11,1262
6127,九豪,5,0,5,宏遠-桃園,2023-01-11,1262
8033,雷虎,5,0,5,宏遠-桃園,2023-01-11,1262
8044,網家,9,4,5,宏遠-桃園,2023-01-11,1262
1762,中化生,4,0,4,宏遠-桃園,2023-01-11,1262
2201,裕隆,12,8,4,宏遠-桃園,2023-01-11,1262
3702,大聯大,4,0,4,宏遠-桃園,2023-01-11,1262
2881,富邦金,4,0,4,宏遠-桃園,2023-01-11,1262
00680L,元大美債20正2,3,0,3,宏遠-桃園,2023-01-11,1262
00725B,國泰投資級公司債,3,0,3,宏遠-桃園,2023-01-11,1262
2388,威盛,3,0,3,宏遠-桃園,2023-01-11,1262
2404,漢唐,3,0,3,宏遠-桃園,2023-01-11,1262
2498,宏達電,5,2,3,宏遠-桃園,2023-01-11,1262
2002,中鋼,60,25,35,宏遠-桃園,2023-01-12,1262
2367,燿華,30,0,30,宏遠-桃園,2023-01-12,1262
6592,和潤企業,25,0,25,宏遠-桃園,2023-01-12,1262
2028,威致,25,3,22,宏遠-桃園,2023-01-12,1262
00673R,期元大S＆P原油反1,35,14,21,宏遠-桃園,2023-01-12,1262
3062,建漢,21,0,21,宏遠-桃園,2023-01-12,1262
3481,群創,21,0,21,宏遠-桃園,2023-01-12,1262
1608,華榮,20,1,19,宏遠-桃園,2023-01-12,1262
00650L,復華香港正2,23,4,19,宏遠-桃園,2023-01-12,1262
6124,業強,48,31,17,宏遠-桃園,2023-01-12,1262
2353,宏��,16,0,16,宏遠-桃園,2023-01-12,1262
2880,華南金,15,0,15,宏遠-桃園,2023-01-12,1262
00652,富邦印度,15,0,15,宏遠-桃園,2023-01-12,1262
00671R,富邦NASDAQ反1,12,0,12,宏遠-桃園,2023-01-12,1262
2609,陽明,14,2,12,宏遠-桃園,2023-01-12,1262
1444,力麗,10,0,10,宏遠-桃園,2023-01-12,1262
2101,南港,10,0,10,宏遠-桃園,2023-01-12,1262
2485,兆赫,10,0,10,宏遠-桃園,2023-01-12,1262
6005,群益證,10,0,10,宏遠-桃園,2023-01-12,1262
6104,創惟,12,2,10,宏遠-桃園,2023-01-12,1262
6147,頎邦,10,0,10,宏遠-桃園,2023-01-12,1262
8171,天宇,10,1,9,宏遠-桃園,2023-01-12,1262
6116,彩晶,9,0,9,宏遠-桃園,2023-01-12,1262
4173,久裕,8,0,8,宏遠-桃園,2023-01-12,1262
0050,元大台灣50,8,0,8,宏遠-桃園,2023-01-12,1262
0056,元大高股息,7,0,7,宏遠-桃園,2023-01-12,1262
2603,長榮,9,3,6,宏遠-桃園,2023-01-12,1262
2614,東森,6,0,6,宏遠-桃園,2023-01-12,1262
2328,廣宇,5,0,5,宏遠-桃園,2023-01-12,1262
2834,臺企銀,5,0,5,宏遠-桃園,2023-01-12,1262
2885,元大金,5,0,5,宏遠-桃園,2023-01-12,1262
3059,華晶科,5,0,5,宏遠-桃園,2023-01-12,1262
4128,中天,5,0,5,宏遠-桃園,2023-01-12,1262
4743,合一,9,4,5,宏遠-桃園,2023-01-12,1262
5243,乙盛-KY,5,0,5,宏遠-桃園,2023-01-12,1262
6461,益得,5,0,5,宏遠-桃園,2023-01-12,1262
6788,華景電,6,1,5,宏遠-桃園,2023-01-12,1262
4768,晶呈科技,4,0,4,宏遠-桃園,2023-01-12,1262
4162,智擎,6,2,4,宏遠-桃園,2023-01-12,1262
2884,玉山金,4,0,4,宏遠-桃園,2023-01-12,1262
1419,新紡,4,0,4,宏遠-桃園,2023-01-12,1262
00680L,元大美債20正2,4,0,4,宏遠-桃園,2023-01-12,1262
2014,中鴻,8,4,4,宏遠-桃園,2023-01-12,1262
2324,仁寶,4,0,4,宏遠-桃園,2023-01-12,1262
2481,強茂,4,0,4,宏遠-桃園,2023-01-12,1262
5443,均豪,4,0,4,宏遠-桃園,2023-01-12,1262
6122,擎邦,4,0,4,宏遠-桃園,2023-01-12,1262
6237,驊訊,6,2,4,宏遠-桃園,2023-01-12,1262
2308,台達電,3,0,3,宏遠-桃園,2023-01-12,1262
8069,元太,9,6,3,宏遠-桃園,2023-01-12,1262
00632R,元大台灣50反1,308,60,248,宏遠-桃園,2023-01-13,1262
00671R,富邦NASDAQ反1,110,0,110,宏遠-桃園,2023-01-13,1262
2027,大成鋼,28,0,28,宏遠-桃園,2023-01-13,1262
2313,華通,27,0,27,宏遠-桃園,2023-01-13,1262
00673R,期元大S＆P原油反1,20,0,20,宏遠-桃園,2023-01-13,1262
2498,宏達電,53,35,18,宏遠-桃園,2023-01-13,1262
2328,廣宇,17,0,17,宏遠-桃園,2023-01-13,1262
1101,台泥,15,1,14,宏遠-桃園,2023-01-13,1262
2609,陽明,11,0,11,宏遠-桃園,2023-01-13,1262
3035,智原,30,19,11,宏遠-桃園,2023-01-13,1262
3105,穩懋,11,0,11,宏遠-桃園,2023-01-13,1262
6188,廣明,11,1,10,宏遠-桃園,2023-01-13,1262
1444,力麗,10,0,10,宏遠-桃園,2023-01-13,1262
00652,富邦印度,10,0,10,宏遠-桃園,2023-01-13,1262
2812,台中銀,10,0,10,宏遠-桃園,2023-01-13,1262
3059,華晶科,10,0,10,宏遠-桃園,2023-01-13,1262
1752,南光,11,2,9,宏遠-桃園,2023-01-13,1262
00882,中信中國高股息,11,3,8,宏遠-桃園,2023-01-13,1262
2358,廷鑫,7,1,6,宏遠-桃園,2023-01-13,1262
6116,彩晶,9,3,6,宏遠-桃園,2023-01-13,1262
6719,力智,6,0,6,宏遠-桃園,2023-01-13,1262
3062,建漢,5,0,5,宏遠-桃園,2023-01-13,1262
6781,AES-KY,7,2,5,宏遠-桃園,2023-01-13,1262
8044,網家,8,3,5,宏遠-桃園,2023-01-13,1262
2707,晶華,4,0,4,宏遠-桃園,2023-01-13,1262
2889,國票金,6,2,4,宏遠-桃園,2023-01-13,1262
3704,合勤控,5,1,4,宏遠-桃園,2023-01-13,1262
5905,南仁湖,4,0,4,宏遠-桃園,2023-01-13,1262
6285,啟��,4,0,4,宏遠-桃園,2023-01-13,1262
6806,森崴能源,4,0,4,宏遠-桃園,2023-01-13,1262
8076,伍豐,4,0,4,宏遠-桃園,2023-01-13,1262
2317,鴻海,3,0,3,宏遠-桃園,2023-01-13,1262
1440,南紡,3,0,3,宏遠-桃園,2023-01-13,1262
2344,華邦電,3,0,3,宏遠-桃園,2023-01-13,1262
2723,美食-KY,3,0,3,宏遠-桃園,2023-01-13,1262
2834,臺企銀,3,0,3,宏遠-桃園,2023-01-13,1262
2851,中再保,3,0,3,宏遠-桃園,2023-01-13,1262
3596,智易,3,0,3,宏遠-桃園,2023-01-13,1262
6127,九豪,3,0,3,宏遠-桃園,2023-01-13,1262
6649,台生材,3,0,3,宏遠-桃園,2023-01-13,1262
2002,中鋼,18,15,3,宏遠-桃園,2023-01-13,1262
4743,合一,3,1,2,宏遠-桃園,2023-01-13,1262
4768,晶呈科技,2,0,2,宏遠-桃園,2023-01-13,1262
1519,華城,2,0,2,宏遠-桃園,2023-01-13,1262
1314,中石化,2,0,2,宏遠-桃園,2023-01-13,1262
1227,佳格,2,0,2,宏遠-桃園,2023-01-13,1262
00733,富邦臺灣中小,3,1,2,宏遠-桃園,2023-01-13,1262
00725B,國泰投資級公司債,2,0,2,宏遠-桃園,2023-01-13,1262
2208,台船,2,0,2,宏遠-桃園,2023-01-13,1262
2421,建準,2,0,2,宏遠-桃園,2023-01-13,1262
00878,國泰永續高股息,80,4,76,宏遠-桃園,2023-01-16,1262
00888,永豐台灣ESG,70,0,70,宏遠-桃園,2023-01-16,1262
00773B,中信優先金融債,60,0,60,宏遠-桃園,2023-01-16,1262
8421,旭源,60,0,60,宏遠-桃園,2023-01-16,1262
2851,中再保,39,0,39,宏遠-桃園,2023-01-16,1262
00900,富邦特選高股息30,30,0,30,宏遠-桃園,2023-01-16,1262
00632R,元大台灣50反1,28,0,28,宏遠-桃園,2023-01-16,1262
2436,偉詮電,25,0,25,宏遠-桃園,2023-01-16,1262
2033,佳大,20,0,20,宏遠-桃園,2023-01-16,1262
2888,新光金,20,0,20,宏遠-桃園,2023-01-16,1262
5284,jpp-KY,20,1,19,宏遠-桃園,2023-01-16,1262
00673R,期元大S＆P原油反1,18,0,18,宏遠-桃園,2023-01-16,1262
2461,光群雷,20,2,18,宏遠-桃園,2023-01-16,1262
2425,承啟,15,0,15,宏遠-桃園,2023-01-16,1262
2028,威致,14,0,14,宏遠-桃園,2023-01-16,1262
2409,友達,10,0,10,宏遠-桃園,2023-01-16,1262
2002,中鋼,17,9,8,宏遠-桃園,2023-01-16,1262
6770,力積電,20,12,8,宏遠-桃園,2023-01-16,1262
2607,榮運,6,0,6,宏遠-桃園,2023-01-16,1262
6120,達運,6,0,6,宏遠-桃園,2023-01-16,1262
00712,復華富時不動產,5,0,5,宏遠-桃園,2023-01-16,1262
2338,光罩,7,2,5,宏遠-桃園,2023-01-16,1262
00885,富邦越南,5,0,5,宏遠-桃園,2023-01-16,1262
5309,系統電,5,0,5,宏遠-桃園,2023-01-16,1262
8933,愛地雅,5,0,5,宏遠-桃園,2023-01-16,1262
4162,智擎,5,1,4,宏遠-桃園,2023-01-16,1262
2317,鴻海,5,1,4,宏遠-桃園,2023-01-16,1262
00650L,復華香港正2,15,11,4,宏遠-桃園,2023-01-16,1262
2301,光寶科,4,0,4,宏遠-桃園,2023-01-16,1262
3035,智原,6,2,4,宏遠-桃園,2023-01-16,1262
3540,曜越,4,0,4,宏遠-桃園,2023-01-16,1262
4171,瑞基,5,1,4,宏遠-桃園,2023-01-16,1262
6741,91APP*-KY,5,1,4,宏遠-桃園,2023-01-16,1262
1218,泰山,3,0,3,宏遠-桃園,2023-01-16,1262
00720B,元大投資級公司債,4,1,3,宏遠-桃園,2023-01-16,1262
1524,耿鼎,3,0,3,宏遠-桃園,2023-01-16,1262
2489,瑞軒,5,2,3,宏遠-桃園,2023-01-16,1262
3025,星通,3,0,3,宏遠-桃園,2023-01-16,1262
4153,鈺緯,3,0,3,宏遠-桃園,2023-01-16,1262
4938,和碩,3,0,3,宏遠-桃園,2023-01-16,1262
6182,合晶,5,2,3,宏遠-桃園,2023-01-16,1262
00715L,期街口布蘭特正2,3,0,3,宏遠-桃園,2023-01-16,1262
5263,智崴,3,0,3,宏遠-桃園,2023-01-16,1262
00640L,富邦日本正2,2,0,2,宏遠-桃園,2023-01-16,1262
00916,國泰全球品牌50,2,0,2,宏遠-桃園,2023-01-16,1262
1477,聚陽,2,0,2,宏遠-桃園,2023-01-16,1262
2061,風青,2,0,2,宏遠-桃園,2023-01-16,1262
2617,台航,2,0,2,宏遠-桃園,2023-01-16,1262
2882,國泰金,2,0,2,宏遠-桃園,2023-01-16,1262
3680,家登,7,5,2,宏遠-桃園,2023-01-16,1262
2313,華通,75,15,60,宏遠-桃園,2023-01-17,1262
1219,福壽,32,0,32,宏遠-桃園,2023-01-17,1262
3624,光頡,32,0,32,宏遠-桃園,2023-01-17,1262
2615,萬海,22,1,21,宏遠-桃園,2023-01-17,1262
0056,元大高股息,19,0,19,宏遠-桃園,2023-01-17,1262
00637L,元大滬深300正2,13,0,13,宏遠-桃園,2023-01-17,1262
2884,玉山金,11,0,11,宏遠-桃園,2023-01-17,1262
6443,元晶,11,0,11,宏遠-桃園,2023-01-17,1262
8069,元太,14,3,11,宏遠-桃園,2023-01-17,1262
00679B,元大美債20年,10,0,10,宏遠-桃園,2023-01-17,1262
00903,富邦元宇宙,10,0,10,宏遠-桃園,2023-01-17,1262
00885,富邦越南,10,0,10,宏遠-桃園,2023-01-17,1262
2812,台中銀,10,0,10,宏遠-桃園,2023-01-17,1262
3481,群創,10,0,10,宏遠-桃園,2023-01-17,1262
3625,西勝,10,0,10,宏遠-桃園,2023-01-17,1262
5284,jpp-KY,10,0,10,宏遠-桃園,2023-01-17,1262
5351,鈺創,10,0,10,宏遠-桃園,2023-01-17,1262
6609,瀧澤科,10,0,10,宏遠-桃園,2023-01-17,1262
6142,友勁,10,1,9,宏遠-桃園,2023-01-17,1262
2617,台航,8,0,8,宏遠-桃園,2023-01-17,1262
5608,四維航,10,2,8,宏遠-桃園,2023-01-17,1262
9958,世紀鋼,7,0,7,宏遠-桃園,2023-01-17,1262
00650L,復華香港正2,9,3,6,宏遠-桃園,2023-01-17,1262
6664,群翊,6,0,6,宏遠-桃園,2023-01-17,1262
6806,森崴能源,6,0,6,宏遠-桃園,2023-01-17,1262
00720B,元大投資級公司債,5,0,5,宏遠-桃園,2023-01-17,1262
1809,中釉,5,0,5,宏遠-桃園,2023-01-17,1262
0050,元大台灣50,5,1,4,宏遠-桃園,2023-01-17,1262
2351,順德,4,0,4,宏遠-桃園,2023-01-17,1262
3013,晟銘電,4,0,4,宏遠-桃園,2023-01-17,1262
2317,鴻海,4,1,3,宏遠-桃園,2023-01-17,1262
00725B,國泰投資級公司債,3,0,3,宏遠-桃園,2023-01-17,1262
00882,中信中國高股息,13,10,3,宏遠-桃園,2023-01-17,1262
3680,家登,3,0,3,宏遠-桃園,2023-01-17,1262
4968,立積,3,0,3,宏遠-桃園,2023-01-17,1262
9938,百和,3,0,3,宏遠-桃園,2023-01-17,1262
2603,長榮,3,1,2,宏遠-桃園,2023-01-17,1262
2880,華南金,2,0,2,宏遠-桃園,2023-01-17,1262
00896,中信綠能及電動車,2,0,2,宏遠-桃園,2023-01-17,1262
00852L,國泰美國道瓊正2,2,0,2,宏遠-桃園,2023-01-17,1262
1304,台聚,2,0,2,宏遠-桃園,2023-01-17,1262
00902,中信電池及儲能,2,0,2,宏遠-桃園,2023-01-17,1262
00655L,國泰中國A50正2,2,0,2,宏遠-桃園,2023-01-17,1262
00752,中信中國50,2,0,2,宏遠-桃園,2023-01-17,1262
1513,中興電,3,1,2,宏遠-桃園,2023-01-17,1262
2419,仲琦,2,0,2,宏遠-桃園,2023-01-17,1262
2482,連宇,2,0,2,宏遠-桃園,2023-01-17,1262
2618,長榮航,4,2,2,宏遠-桃園,2023-01-17,1262
3093,港建*,2,0,2,宏遠-桃園,2023-01-17,1262
3675,德微,3,1,2,宏遠-桃園,2023-01-17,1262
00632R,元大台灣50反1,214,0,214,宏遠-桃園,2023-01-30,1262
2891,中信金,200,65,135,宏遠-桃園,2023-01-30,1262
1532,勤美,50,0,50,宏遠-桃園,2023-01-30,1262
2812,台中銀,25,0,25,宏遠-桃園,2023-01-30,1262
8069,元太,27,3,24,宏遠-桃園,2023-01-30,1262
1605,華新,55,35,20,宏遠-桃園,2023-01-30,1262
1701,中化,20,0,20,宏遠-桃園,2023-01-30,1262
2010,春源,20,0,20,宏遠-桃園,2023-01-30,1262
2317,鴻海,18,3,15,宏遠-桃園,2023-01-30,1262
00671R,富邦NASDAQ反1,14,0,14,宏遠-桃園,2023-01-30,1262
1584,精剛,15,3,12,宏遠-桃園,2023-01-30,1262
8996,高力,30,18,12,宏遠-桃園,2023-01-30,1262
6180,橘子,13,1,12,宏遠-桃園,2023-01-30,1262
00664R,國泰臺灣加權反1,10,0,10,宏遠-桃園,2023-01-30,1262
6756,威鋒電子,10,0,10,宏遠-桃園,2023-01-30,1262
3675,德微,10,1,9,宏遠-桃園,2023-01-30,1262
5388,中磊,10,1,9,宏遠-桃園,2023-01-30,1262
00752,中信中國50,10,2,8,宏遠-桃園,2023-01-30,1262
3163,波若威,8,0,8,宏遠-桃園,2023-01-30,1262
6244,茂迪,8,0,8,宏遠-桃園,2023-01-30,1262
00720B,元大投資級公司債,6,0,6,宏遠-桃園,2023-01-30,1262
2002,中鋼,35,29,6,宏遠-桃園,2023-01-30,1262
3624,光頡,16,10,6,宏遠-桃園,2023-01-30,1262
5321,美而快,6,0,6,宏遠-桃園,2023-01-30,1262
6182,合晶,10,4,6,宏遠-桃園,2023-01-30,1262
8926,台汽電,6,0,6,宏遠-桃園,2023-01-30,1262
1219,福壽,5,0,5,宏遠-桃園,2023-01-30,1262
00652,富邦印度,5,0,5,宏遠-桃園,2023-01-30,1262
2905,三商,5,0,5,宏遠-桃園,2023-01-30,1262
4133,亞諾法,5,0,5,宏遠-桃園,2023-01-30,1262
6176,瑞儀,8,3,5,宏遠-桃園,2023-01-30,1262
8044,網家,5,0,5,宏遠-桃園,2023-01-30,1262
2867,三商壽,4,0,4,宏遠-桃園,2023-01-30,1262
6609,瀧澤科,8,4,4,宏遠-桃園,2023-01-30,1262
6689,伊雲谷,4,0,4,宏遠-桃園,2023-01-30,1262
8429,金麗-KY,4,0,4,宏遠-桃園,2023-01-30,1262
9105,泰金寶-DR,4,0,4,宏遠-桃園,2023-01-30,1262
1560,中砂,5,2,3,宏遠-桃園,2023-01-30,1262
00679B,元大美債20年,3,0,3,宏遠-桃園,2023-01-30,1262
00900,富邦特選高股息30,3,0,3,宏遠-桃園,2023-01-30,1262
1612,宏泰,3,0,3,宏遠-桃園,2023-01-30,1262
2328,廣宇,3,0,3,宏遠-桃園,2023-01-30,1262
2412,中華電,3,0,3,宏遠-桃園,2023-01-30,1262
2601,益航,3,0,3,宏遠-桃園,2023-01-30,1262
4162,智擎,3,0,3,宏遠-桃園,2023-01-30,1262
6024,群益期,3,0,3,宏遠-桃園,2023-01-30,1262
2892,第一金,3,1,2,宏遠-桃園,2023-01-30,1262
4102,永日,2,0,2,宏遠-桃園,2023-01-30,1262
00751B,元大AAA至A公司債,2,0,2,宏遠-桃園,2023-01-30,1262
1702,南僑,2,0,2,宏遠-桃園,2023-01-30,1262
6282,康舒,110,13,97,宏遠-桃園,2023-01-31,1262
00720B,元大投資級公司債,44,0,44,宏遠-桃園,2023-01-31,1262
00671R,富邦NASDAQ反1,53,12,41,宏遠-桃園,2023-01-31,1262
0056,元大高股息,25,0,25,宏遠-桃園,2023-01-31,1262
2614,東森,21,0,21,宏遠-桃園,2023-01-31,1262
00772B,中信高評級公司債,20,0,20,宏遠-桃園,2023-01-31,1262
00878,國泰永續高股息,19,0,19,宏遠-桃園,2023-01-31,1262
2884,玉山金,19,0,19,宏遠-桃園,2023-01-31,1262
6180,橘子,30,11,19,宏遠-桃園,2023-01-31,1262
1612,宏泰,20,2,18,宏遠-桃園,2023-01-31,1262
1101,台泥,18,3,15,宏遠-桃園,2023-01-31,1262
00905,FT臺灣Smart,15,0,15,宏遠-桃園,2023-01-31,1262
2880,華南金,15,0,15,宏遠-桃園,2023-01-31,1262
4102,永日,15,0,15,宏遠-桃園,2023-01-31,1262
5353,台林,15,0,15,宏遠-桃園,2023-01-31,1262
00679B,元大美債20年,14,0,14,宏遠-桃園,2023-01-31,1262
00650L,復華香港正2,28,14,14,宏遠-桃園,2023-01-31,1262
2634,漢翔,12,0,12,宏遠-桃園,2023-01-31,1262
00637L,元大滬深300正2,23,12,11,宏遠-桃園,2023-01-31,1262
2890,永豐金,11,0,11,宏遠-桃園,2023-01-31,1262
2408,南亞科,11,1,10,宏遠-桃園,2023-01-31,1262
6220,岳豐,10,0,10,宏遠-桃園,2023-01-31,1262
8069,元太,13,3,10,宏遠-桃園,2023-01-31,1262
6550,北極星藥業-KY,14,5,9,宏遠-桃園,2023-01-31,1262
00852L,國泰美國道瓊正2,9,0,9,宏遠-桃園,2023-01-31,1262
1752,南光,16,7,9,宏遠-桃園,2023-01-31,1262
5876,上海商銀,8,0,8,宏遠-桃園,2023-01-31,1262
2892,第一金,7,0,7,宏遠-桃園,2023-01-31,1262
1304,台聚,14,7,7,宏遠-桃園,2023-01-31,1262
8261,富鼎,7,0,7,宏遠-桃園,2023-01-31,1262
1608,華榮,7,1,6,宏遠-桃園,2023-01-31,1262
1609,大亞,8,2,6,宏遠-桃園,2023-01-31,1262
1708,東鹼,6,0,6,宏遠-桃園,2023-01-31,1262
2887,台新金,10,4,6,宏遠-桃園,2023-01-31,1262
2891,中信金,6,0,6,宏遠-桃園,2023-01-31,1262
3264,欣銓,6,0,6,宏遠-桃園,2023-01-31,1262
3624,光頡,10,4,6,宏遠-桃園,2023-01-31,1262
3665,貿聯-KY,8,2,6,宏遠-桃園,2023-01-31,1262
3675,德微,6,0,6,宏遠-桃園,2023-01-31,1262
5871,中租-KY,6,0,6,宏遠-桃園,2023-01-31,1262
00655L,國泰中國A50正2,5,0,5,宏遠-桃園,2023-01-31,1262
00652,富邦印度,5,0,5,宏遠-桃園,2023-01-31,1262
1584,精剛,26,21,5,宏遠-桃園,2023-01-31,1262
2412,中華電,5,0,5,宏遠-桃園,2023-01-31,1262
2455,全新,5,0,5,宏遠-桃園,2023-01-31,1262
2485,兆赫,7,2,5,宏遠-桃園,2023-01-31,1262
4979,華星光,16,11,5,宏遠-桃園,2023-01-31,1262
5347,世界,5,0,5,宏遠-桃園,2023-01-31,1262
6005,群益證,5,0,5,宏遠-桃園,2023-01-31,1262
6127,九豪,5,0,5,宏遠-桃園,2023-01-31,1262
6285,啟��,143,0,143,宏遠-桃園,2023-02-01,1262
2891,中信金,110,0,110,宏遠-桃園,2023-02-01,1262
5258,虹堡,45,5,40,宏遠-桃園,2023-02-01,1262
00751B,元大AAA至A公司債,30,0,30,宏遠-桃園,2023-02-01,1262
1417,嘉裕,37,8,29,宏遠-桃園,2023-02-01,1262
00679B,元大美債20年,26,0,26,宏遠-桃園,2023-02-01,1262
1445,大宇,24,0,24,宏遠-桃園,2023-02-01,1262
3027,盛達,24,0,24,宏遠-桃園,2023-02-01,1262
1605,華新,36,13,23,宏遠-桃園,2023-02-01,1262
00671R,富邦NASDAQ反1,23,0,23,宏遠-桃園,2023-02-01,1262
2890,永豐金,21,0,21,宏遠-桃園,2023-02-01,1262
3141,晶宏,22,1,21,宏遠-桃園,2023-02-01,1262
2468,華經,20,0,20,宏遠-桃園,2023-02-01,1262
6592,和潤企業,19,0,19,宏遠-桃園,2023-02-01,1262
00878,國泰永續高股息,16,1,15,宏遠-桃園,2023-02-01,1262
00673R,期元大S＆P原油反1,19,4,15,宏遠-桃園,2023-02-01,1262
2412,中華電,19,5,14,宏遠-桃園,2023-02-01,1262
2358,廷鑫,20,7,13,宏遠-桃園,2023-02-01,1262
2880,華南金,10,0,10,宏遠-桃園,2023-02-01,1262
2883,凱基金,10,0,10,宏遠-桃園,2023-02-01,1262
00648R,元大S＆P500反1,9,0,9,宏遠-桃園,2023-02-01,1262
5388,中磊,10,1,9,宏遠-桃園,2023-02-01,1262
8033,雷虎,10,1,9,宏遠-桃園,2023-02-01,1262
1524,耿鼎,10,2,8,宏遠-桃園,2023-02-01,1262
00632R,元大台灣50反1,28,20,8,宏遠-桃園,2023-02-01,1262
1612,宏泰,8,0,8,宏遠-桃園,2023-02-01,1262
4979,華星光,20,13,7,宏遠-桃園,2023-02-01,1262
1701,中化,6,0,6,宏遠-桃園,2023-02-01,1262
5309,系統電,6,0,6,宏遠-桃園,2023-02-01,1262
6180,橘子,6,0,6,宏遠-桃園,2023-02-01,1262
2884,玉山金,7,2,5,宏遠-桃園,2023-02-01,1262
00692,富邦公司治理,5,0,5,宏遠-桃園,2023-02-01,1262
2353,宏��,7,2,5,宏遠-桃園,2023-02-01,1262
2368,金像電,5,0,5,宏遠-桃園,2023-02-01,1262
2485,兆赫,5,0,5,宏遠-桃園,2023-02-01,1262
3055,蔚華科,5,0,5,宏遠-桃園,2023-02-01,1262
3162,精確,5,0,5,宏遠-桃園,2023-02-01,1262
4426,利勤,5,0,5,宏遠-桃園,2023-02-01,1262
6235,華孚,8,3,5,宏遠-桃園,2023-02-01,1262
8996,高力,22,17,5,宏遠-桃園,2023-02-01,1262
9904,寶成,5,0,5,宏遠-桃園,2023-02-01,1262
2402,毅嘉,4,0,4,宏遠-桃園,2023-02-01,1262
2486,一詮,5,1,4,宏遠-桃園,2023-02-01,1262
2540,愛山林,4,0,4,宏遠-桃園,2023-02-01,1262
2834,臺企銀,4,0,4,宏遠-桃園,2023-02-01,1262
4763,材料-KY,12,8,4,宏遠-桃園,2023-02-01,1262
9105,泰金寶-DR,4,0,4,宏遠-桃園,2023-02-01,1262
2892,第一金,3,0,3,宏遠-桃園,2023-02-01,1262
00712,復華富時不動產,3,0,3,宏遠-桃園,2023-02-01,1262
1402,遠東新,3,0,3,宏遠-桃園,2023-02-01,1262
00632R,元大台灣50反1,468,11,457,宏遠-桃園,2023-02-02,1262
00885,富邦越南,166,0,166,宏遠-桃園,2023-02-02,1262
00682U,期元大美元指數,100,0,100,宏遠-桃園,2023-02-02,1262
2461,光群雷,75,6,69,宏遠-桃園,2023-02-02,1262
1720,生達,31,0,31,宏遠-桃園,2023-02-02,1262
2317,鴻海,25,1,24,宏遠-桃園,2023-02-02,1262
2337,旺宏,30,6,24,宏遠-桃園,2023-02-02,1262
2929,淘帝-KY,22,0,22,宏遠-桃園,2023-02-02,1262
3710,連展投控,20,0,20,宏遠-桃園,2023-02-02,1262
5457,宣德,20,0,20,宏遠-桃園,2023-02-02,1262
00878,國泰永續高股息,29,10,19,宏遠-桃園,2023-02-02,1262
00715L,期街口布蘭特正2,23,4,19,宏遠-桃園,2023-02-02,1262
3665,貿聯-KY,21,8,13,宏遠-桃園,2023-02-02,1262
1445,大宇,12,0,12,宏遠-桃園,2023-02-02,1262
00637L,元大滬深300正2,19,7,12,宏遠-桃園,2023-02-02,1262
1605,華新,22,10,12,宏遠-桃園,2023-02-02,1262
3041,揚智,11,0,11,宏遠-桃園,2023-02-02,1262
4106,雃博,11,0,11,宏遠-桃園,2023-02-02,1262
6220,岳豐,11,0,11,宏遠-桃園,2023-02-02,1262
6443,元晶,21,10,11,宏遠-桃園,2023-02-02,1262
00652,富邦印度,10,0,10,宏遠-桃園,2023-02-02,1262
2206,三陽工業,10,0,10,宏遠-桃園,2023-02-02,1262
2329,華泰,11,1,10,宏遠-桃園,2023-02-02,1262
3062,建漢,31,21,10,宏遠-桃園,2023-02-02,1262
8222,寶一,10,0,10,宏遠-桃園,2023-02-02,1262
00671R,富邦NASDAQ反1,9,0,9,宏遠-桃園,2023-02-02,1262
2618,長榮航,17,8,9,宏遠-桃園,2023-02-02,1262
2891,中信金,10,1,9,宏遠-桃園,2023-02-02,1262
4566,時碩工業,9,0,9,宏遠-桃園,2023-02-02,1262
1342,八貫,13,5,8,宏遠-桃園,2023-02-02,1262
00772B,中信高評級公司債,8,0,8,宏遠-桃園,2023-02-02,1262
3624,光頡,10,2,8,宏遠-桃園,2023-02-02,1262
3702,大聯大,10,2,8,宏遠-桃園,2023-02-02,1262
1795,美時,9,2,7,宏遠-桃園,2023-02-02,1262
2009,第一銅,8,1,7,宏遠-桃園,2023-02-02,1262
00648R,元大S＆P500反1,6,0,6,宏遠-桃園,2023-02-02,1262
1312,國喬,6,0,6,宏遠-桃園,2023-02-02,1262
1464,得力,6,0,6,宏遠-桃園,2023-02-02,1262
1810,和成,10,4,6,宏遠-桃園,2023-02-02,1262
3438,類比科,6,0,6,宏遠-桃園,2023-02-02,1262
6285,啟��,7,1,6,宏遠-桃園,2023-02-02,1262
6477,安集,6,0,6,宏遠-桃園,2023-02-02,1262
2884,玉山金,5,0,5,宏遠-桃園,2023-02-02,1262
3027,盛達,5,0,5,宏遠-桃園,2023-02-02,1262
3044,健鼎,5,0,5,宏遠-桃園,2023-02-02,1262
3055,蔚華科,5,0,5,宏遠-桃園,2023-02-02,1262
3105,穩懋,8,3,5,宏遠-桃園,2023-02-02,1262
3521,鴻翊,5,0,5,宏遠-桃園,2023-02-02,1262
4164,承業醫,6,1,5,宏遠-桃園,2023-02-02,1262
4919,新唐,22,17,5,宏遠-桃園,2023-02-02,1262
00671R,富邦NASDAQ反1,125,0,125,宏遠-桃園,2023-02-03,1262
00632R,元大台灣50反1,125,0,125,宏遠-桃園,2023-02-03,1262
5457,宣德,85,0,85,宏遠-桃園,2023-02-03,1262
00637L,元大滬深300正2,56,3,53,宏遠-桃園,2023-02-03,1262
3673,TPK-KY,28,0,28,宏遠-桃園,2023-02-03,1262
2929,淘帝-KY,27,2,25,宏遠-桃園,2023-02-03,1262
00882,中信中國高股息,24,0,24,宏遠-桃園,2023-02-03,1262
1783,和康生,20,0,20,宏遠-桃園,2023-02-03,1262
5864,致和證,20,0,20,宏遠-桃園,2023-02-03,1262
3701,大眾控,24,6,18,宏遠-桃園,2023-02-03,1262
1101,台泥,17,0,17,宏遠-桃園,2023-02-03,1262
00772B,中信高評級公司債,17,0,17,宏遠-桃園,2023-02-03,1262
00715L,期街口布蘭特正2,17,0,17,宏遠-桃園,2023-02-03,1262
8049,晶采,17,0,17,宏遠-桃園,2023-02-03,1262
3128,昇銳,16,0,16,宏遠-桃園,2023-02-03,1262
00679B,元大美債20年,15,0,15,宏遠-桃園,2023-02-03,1262
6609,瀧澤科,15,0,15,宏遠-桃園,2023-02-03,1262
2317,鴻海,16,2,14,宏遠-桃園,2023-02-03,1262
1445,大宇,14,0,14,宏遠-桃園,2023-02-03,1262
6118,建達,34,20,14,宏遠-桃園,2023-02-03,1262
00878,國泰永續高股息,13,0,13,宏遠-桃園,2023-02-03,1262
4114,健喬,17,4,13,宏遠-桃園,2023-02-03,1262
00725B,國泰投資級公司債,12,0,12,宏遠-桃園,2023-02-03,1262
2009,第一銅,12,0,12,宏遠-桃園,2023-02-03,1262
6274,台燿,12,0,12,宏遠-桃園,2023-02-03,1262
0056,元大高股息,11,0,11,宏遠-桃園,2023-02-03,1262
2891,中信金,10,0,10,宏遠-桃園,2023-02-03,1262
2388,威盛,16,6,10,宏遠-桃園,2023-02-03,1262
2436,偉詮電,20,10,10,宏遠-桃園,2023-02-03,1262
3682,亞太電,10,0,10,宏遠-桃園,2023-02-03,1262
3710,連展投控,10,0,10,宏遠-桃園,2023-02-03,1262
1468,昶和,9,0,9,宏遠-桃園,2023-02-03,1262
00720B,元大投資級公司債,9,0,9,宏遠-桃園,2023-02-03,1262
4747,強生,9,0,9,宏遠-桃園,2023-02-03,1262
3207,耀勝,8,0,8,宏遠-桃園,2023-02-03,1262
5258,虹堡,10,3,7,宏遠-桃園,2023-02-03,1262
00650L,復華香港正2,7,0,7,宏遠-桃園,2023-02-03,1262
2014,中鴻,7,0,7,宏遠-桃園,2023-02-03,1262
5371,中光電,7,0,7,宏遠-桃園,2023-02-03,1262
2603,長榮,11,4,7,宏遠-桃園,2023-02-03,1262
1720,生達,6,0,6,宏遠-桃園,2023-02-03,1262
2002,中鋼,47,41,6,宏遠-桃園,2023-02-03,1262
2881,富邦金,6,0,6,宏遠-桃園,2023-02-03,1262
9938,百和,6,0,6,宏遠-桃園,2023-02-03,1262
00891,中信關鍵半導體,5,0,5,宏遠-桃園,2023-02-03,1262
2461,光群雷,5,0,5,宏遠-桃園,2023-02-03,1262
2476,鉅祥,5,0,5,宏遠-桃園,2023-02-03,1262
3363,上詮,5,0,5,宏遠-桃園,2023-02-03,1262
8440,綠電,4,0,4,宏遠-桃園,2023-02-03,1262
00900,富邦特選高股息30,4,0,4,宏遠-桃園,2023-02-03,1262
5425,台半,310,5,305,宏遠-桃園,2023-02-06,1262
6235,華孚,164,39,125,宏遠-桃園,2023-02-06,1262
3162,精確,100,0,100,宏遠-桃園,2023-02-06,1262
00715L,期街口布蘭特正2,82,0,82,宏遠-桃園,2023-02-06,1262
00671R,富邦NASDAQ反1,74,0,74,宏遠-桃園,2023-02-06,1262
00878,國泰永續高股息,51,4,47,宏遠-桃園,2023-02-06,1262
2880,華南金,43,0,43,宏遠-桃園,2023-02-06,1262
00719B,元大美債1-3,42,0,42,宏遠-桃園,2023-02-06,1262
00679B,元大美債20年,26,0,26,宏遠-桃園,2023-02-06,1262
2498,宏達電,39,13,26,宏遠-桃園,2023-02-06,1262
00751B,元大AAA至A公司債,24,0,24,宏遠-桃園,2023-02-06,1262
5864,致和證,18,0,18,宏遠-桃園,2023-02-06,1262
1810,和成,16,0,16,宏遠-桃園,2023-02-06,1262
3444,利機,16,0,16,宏遠-桃園,2023-02-06,1262
2884,玉山金,13,0,13,宏遠-桃園,2023-02-06,1262
1605,華新,38,27,11,宏遠-桃園,2023-02-06,1262
3701,大眾控,11,0,11,宏遠-桃園,2023-02-06,1262
1219,福壽,10,0,10,宏遠-桃園,2023-02-06,1262
3055,蔚華科,10,0,10,宏遠-桃園,2023-02-06,1262
1101,台泥,9,0,9,宏遠-桃園,2023-02-06,1262
4102,永日,9,0,9,宏遠-桃園,2023-02-06,1262
0050,元大台灣50,9,0,9,宏遠-桃園,2023-02-06,1262
3037,欣興,10,3,7,宏遠-桃園,2023-02-06,1262
2732,六角,7,0,7,宏遠-桃園,2023-02-06,1262
5880,合庫金,6,0,6,宏遠-桃園,2023-02-06,1262
00882,中信中國高股息,6,0,6,宏遠-桃園,2023-02-06,1262
00720B,元大投資級公司債,6,0,6,宏遠-桃園,2023-02-06,1262
2303,聯電,43,37,6,宏遠-桃園,2023-02-06,1262
6411,晶焱,6,0,6,宏遠-桃園,2023-02-06,1262
00713,元大台灣高息低波,6,0,6,宏遠-桃園,2023-02-06,1262
0056,元大高股息,8,2,6,宏遠-桃園,2023-02-06,1262
4114,健喬,15,10,5,宏遠-桃園,2023-02-06,1262
1301,台塑,5,0,5,宏遠-桃園,2023-02-06,1262
1524,耿鼎,7,2,5,宏遠-桃園,2023-02-06,1262
2388,威盛,8,3,5,宏遠-桃園,2023-02-06,1262
2444,兆勁,5,0,5,宏遠-桃園,2023-02-06,1262
3013,晟銘電,6,1,5,宏遠-桃園,2023-02-06,1262
3128,昇銳,12,7,5,宏遠-桃園,2023-02-06,1262
4950,牧東,5,0,5,宏遠-桃園,2023-02-06,1262
6274,台燿,6,1,5,宏遠-桃園,2023-02-06,1262
6589,台康生技,5,0,5,宏遠-桃園,2023-02-06,1262
2891,中信金,7,3,4,宏遠-桃園,2023-02-06,1262
2323,中環,4,0,4,宏遠-桃園,2023-02-06,1262
00650L,復華香港正2,7,3,4,宏遠-桃園,2023-02-06,1262
00706L,期元大S＆P日圓正2,4,0,4,宏遠-桃園,2023-02-06,1262
1609,大亞,4,0,4,宏遠-桃園,2023-02-06,1262
2482,連宇,15,11,4,宏遠-桃園,2023-02-06,1262
9958,世紀鋼,9,5,4,宏遠-桃園,2023-02-06,1262
00891,中信關鍵半導體,3,0,3,宏遠-桃園,2023-02-06,1262
1752,南光,8,5,3,宏遠-桃園,2023-02-06,1262
00715L,期街口布蘭特正2,170,14,156,宏遠-桃園,2023-02-07,1262
00632R,元大台灣50反1,140,0,140,宏遠-桃園,2023-02-07,1262
5425,台半,95,7,88,宏遠-桃園,2023-02-07,1262
1417,嘉裕,88,2,86,宏遠-桃園,2023-02-07,1262
6235,華孚,72,30,42,宏遠-桃園,2023-02-07,1262
2887,台新金,41,0,41,宏遠-桃園,2023-02-07,1262
4114,健喬,58,23,35,宏遠-桃園,2023-02-07,1262
6116,彩晶,39,7,32,宏遠-桃園,2023-02-07,1262
1605,華新,32,7,25,宏遠-桃園,2023-02-07,1262
1219,福壽,20,0,20,宏遠-桃園,2023-02-07,1262
00679B,元大美債20年,19,0,19,宏遠-桃園,2023-02-07,1262
1432,大魯閣,21,3,18,宏遠-桃園,2023-02-07,1262
6441,廣錠,14,1,13,宏遠-桃園,2023-02-07,1262
4102,永日,21,9,12,宏遠-桃園,2023-02-07,1262
2368,金像電,11,0,11,宏遠-桃園,2023-02-07,1262
2457,飛宏,11,0,11,宏遠-桃園,2023-02-07,1262
3093,港建*,11,0,11,宏遠-桃園,2023-02-07,1262
6217,中探針,12,2,10,宏遠-桃園,2023-02-07,1262
6122,擎邦,10,0,10,宏遠-桃園,2023-02-07,1262
00902,中信電池及儲能,10,0,10,宏遠-桃園,2023-02-07,1262
2014,中鴻,17,7,10,宏遠-桃園,2023-02-07,1262
2401,凌陽,10,0,10,宏遠-桃園,2023-02-07,1262
6770,力積電,10,0,10,宏遠-桃園,2023-02-07,1262
2364,倫飛,9,0,9,宏遠-桃園,2023-02-07,1262
6015,宏遠證,12,3,9,宏遠-桃園,2023-02-07,1262
00878,國泰永續高股息,10,2,8,宏遠-桃園,2023-02-07,1262
2884,玉山金,8,0,8,宏遠-桃園,2023-02-07,1262
8996,高力,13,5,8,宏遠-桃園,2023-02-07,1262
4743,合一,13,5,8,宏遠-桃園,2023-02-07,1262
3479,安勤,11,4,7,宏遠-桃園,2023-02-07,1262
2482,連宇,6,0,6,宏遠-桃園,2023-02-07,1262
2610,華航,6,0,6,宏遠-桃園,2023-02-07,1262
2618,長榮航,6,0,6,宏遠-桃園,2023-02-07,1262
8478,東哥遊艇,10,4,6,宏遠-桃園,2023-02-07,1262
2892,第一金,5,0,5,宏遠-桃園,2023-02-07,1262
2317,鴻海,12,7,5,宏遠-桃園,2023-02-07,1262
2498,宏達電,15,10,5,宏遠-桃園,2023-02-07,1262
3308,聯德,5,0,5,宏遠-桃園,2023-02-07,1262
9904,寶成,5,0,5,宏遠-桃園,2023-02-07,1262
9958,世紀鋼,5,0,5,宏遠-桃園,2023-02-07,1262
2476,鉅祥,4,0,4,宏遠-桃園,2023-02-07,1262
2609,陽明,4,0,4,宏遠-桃園,2023-02-07,1262
2732,六角,4,0,4,宏遠-桃園,2023-02-07,1262
6138,茂達,4,0,4,宏遠-桃園,2023-02-07,1262
8050,廣積,5,1,4,宏遠-桃園,2023-02-07,1262
00713,元大台灣高息低波,3,0,3,宏遠-桃園,2023-02-07,1262
00720B,元大投資級公司債,3,0,3,宏遠-桃園,2023-02-07,1262
2881,富邦金,3,0,3,宏遠-桃園,2023-02-07,1262
3037,欣興,3,0,3,宏遠-桃園,2023-02-07,1262
3653,健策,13,10,3,宏遠-桃園,2023-02-07,1262
00632R,元大台灣50反1,351,0,351,宏遠-桃園,2023-02-08,1262
3532,台勝科,55,0,55,宏遠-桃園,2023-02-08,1262
3520,華盈,47,0,47,宏遠-桃園,2023-02-08,1262
2618,長榮航,32,0,32,宏遠-桃園,2023-02-08,1262
00673R,期元大S＆P原油反1,30,0,30,宏遠-桃園,2023-02-08,1262
00751B,元大AAA至A公司債,25,0,25,宏遠-桃園,2023-02-08,1262
3438,類比科,23,0,23,宏遠-桃園,2023-02-08,1262
2884,玉山金,22,3,19,宏遠-桃園,2023-02-08,1262
2324,仁寶,20,1,19,宏遠-桃園,2023-02-08,1262
1708,東鹼,15,0,15,宏遠-桃園,2023-02-08,1262
00676R,富邦臺灣加權反1,15,0,15,宏遠-桃園,2023-02-08,1262
1312,國喬,30,15,15,宏遠-桃園,2023-02-08,1262
5272,笙科,14,0,14,宏遠-桃園,2023-02-08,1262
2367,燿華,13,0,13,宏遠-桃園,2023-02-08,1262
2498,宏達電,16,4,12,宏遠-桃園,2023-02-08,1262
1445,大宇,11,0,11,宏遠-桃園,2023-02-08,1262
1605,華新,27,16,11,宏遠-桃園,2023-02-08,1262
8097,常珵,20,9,11,宏遠-桃園,2023-02-08,1262
00679B,元大美債20年,10,0,10,宏遠-桃園,2023-02-08,1262
1513,中興電,11,1,10,宏遠-桃園,2023-02-08,1262
00648R,元大S＆P500反1,10,0,10,宏遠-桃園,2023-02-08,1262
1609,大亞,10,0,10,宏遠-桃園,2023-02-08,1262
2476,鉅祥,10,0,10,宏遠-桃園,2023-02-08,1262
3037,欣興,10,0,10,宏遠-桃園,2023-02-08,1262
3682,亞太電,10,0,10,宏遠-桃園,2023-02-08,1262
3701,大眾控,10,0,10,宏遠-桃園,2023-02-08,1262
5457,宣德,10,0,10,宏遠-桃園,2023-02-08,1262
6546,正基,10,0,10,宏遠-桃園,2023-02-08,1262
2401,凌陽,11,2,9,宏遠-桃園,2023-02-08,1262
2610,華航,9,0,9,宏遠-桃園,2023-02-08,1262
4726,永昕,10,2,8,宏遠-桃園,2023-02-08,1262
3231,緯創,10,3,7,宏遠-桃園,2023-02-08,1262
3481,群創,26,19,7,宏遠-桃園,2023-02-08,1262
3035,智原,24,17,7,宏遠-桃園,2023-02-08,1262
00701,國泰股利精選30,6,0,6,宏遠-桃園,2023-02-08,1262
1402,遠東新,6,0,6,宏遠-桃園,2023-02-08,1262
1584,精剛,11,5,6,宏遠-桃園,2023-02-08,1262
3027,盛達,21,15,6,宏遠-桃園,2023-02-08,1262
3162,精確,7,1,6,宏遠-桃園,2023-02-08,1262
4958,臻鼎-KY,6,0,6,宏遠-桃園,2023-02-08,1262
5516,雙喜,6,0,6,宏遠-桃園,2023-02-08,1262
8422,可寧衛,5,0,5,宏遠-桃園,2023-02-08,1262
00878,國泰永續高股息,9,4,5,宏遠-桃園,2023-02-08,1262
5880,合庫金,5,0,5,宏遠-桃園,2023-02-08,1262
00713,元大台灣高息低波,5,0,5,宏遠-桃園,2023-02-08,1262
1760,寶齡富錦,6,1,5,宏遠-桃園,2023-02-08,1262
2344,華邦電,5,0,5,宏遠-桃園,2023-02-08,1262
2388,威盛,6,1,5,宏遠-桃園,2023-02-08,1262
2405,輔信,5,0,5,宏遠-桃園,2023-02-08,1262
3081,聯亞,7,2,5,宏遠-桃園,2023-02-08,1262
2474,可成,97,0,97,宏遠-桃園,2023-02-09,1262
00878,國泰永續高股息,87,0,87,宏遠-桃園,2023-02-09,1262
1701,中化,40,0,40,宏遠-桃園,2023-02-09,1262
3532,台勝科,35,0,35,宏遠-桃園,2023-02-09,1262
6609,瀧澤科,30,0,30,宏遠-桃園,2023-02-09,1262
1810,和成,30,1,29,宏遠-桃園,2023-02-09,1262
4130,健亞,31,4,27,宏遠-桃園,2023-02-09,1262
00673R,期元大S＆P原油反1,26,0,26,宏遠-桃園,2023-02-09,1262
00900,富邦特選高股息30,30,4,26,宏遠-桃園,2023-02-09,1262
8163,達方,23,0,23,宏遠-桃園,2023-02-09,1262
2880,華南金,22,0,22,宏遠-桃園,2023-02-09,1262
3356,奇偶,32,10,22,宏遠-桃園,2023-02-09,1262
2468,華經,31,9,22,宏遠-桃園,2023-02-09,1262
6116,彩晶,25,4,21,宏遠-桃園,2023-02-09,1262
2618,長榮航,20,0,20,宏遠-桃園,2023-02-09,1262
6603,富強鑫,20,0,20,宏遠-桃園,2023-02-09,1262
8049,晶采,20,0,20,宏遠-桃園,2023-02-09,1262
8415,大國鋼,20,0,20,宏遠-桃園,2023-02-09,1262
3055,蔚華科,20,0,20,宏遠-桃園,2023-02-09,1262
3587,閎康,17,0,17,宏遠-桃園,2023-02-09,1262
8222,寶一,27,11,16,宏遠-桃園,2023-02-09,1262
1513,中興電,25,11,14,宏遠-桃園,2023-02-09,1262
6282,康舒,18,5,13,宏遠-桃園,2023-02-09,1262
00751B,元大AAA至A公司債,12,0,12,宏遠-桃園,2023-02-09,1262
00720B,元大投資級公司債,12,0,12,宏遠-桃園,2023-02-09,1262
3665,貿聯-KY,12,1,11,宏遠-桃園,2023-02-09,1262
5425,台半,11,0,11,宏遠-桃園,2023-02-09,1262
2317,鴻海,65,55,10,宏遠-桃園,2023-02-09,1262
2368,金像電,19,9,10,宏遠-桃園,2023-02-09,1262
3322,建舜電,10,0,10,宏遠-桃園,2023-02-09,1262
5469,瀚宇博,10,0,10,宏遠-桃園,2023-02-09,1262
8289,泰藝,10,0,10,宏遠-桃園,2023-02-09,1262
3162,精確,10,1,9,宏遠-桃園,2023-02-09,1262
5014,建錩,9,0,9,宏遠-桃園,2023-02-09,1262
8033,雷虎,8,0,8,宏遠-桃園,2023-02-09,1262
1101,台泥,7,0,7,宏遠-桃園,2023-02-09,1262
3013,晟銘電,7,0,7,宏遠-桃園,2023-02-09,1262
00719B,元大美債1-3,6,0,6,宏遠-桃園,2023-02-09,1262
2401,凌陽,10,4,6,宏遠-桃園,2023-02-09,1262
3708,上緯投控,6,0,6,宏遠-桃園,2023-02-09,1262
4102,永日,6,0,6,宏遠-桃園,2023-02-09,1262
1609,大亞,5,0,5,宏遠-桃園,2023-02-09,1262
2883,凱基金,5,0,5,宏遠-桃園,2023-02-09,1262
2905,三商,5,0,5,宏遠-桃園,2023-02-09,1262
3093,港建*,5,0,5,宏遠-桃園,2023-02-09,1262
6213,聯茂,5,0,5,宏遠-桃園,2023-02-09,1262
6462,神盾,11,6,5,宏遠-桃園,2023-02-09,1262
9958,世紀鋼,12,7,5,宏遠-桃園,2023-02-09,1262
2308,台達電,4,0,4,宏遠-桃園,2023-02-09,1262
1752,南光,11,7,4,宏遠-桃園,2023-02-09,1262
00751B,元大AAA至A公司債,80,0,80,宏遠-桃園,2023-02-10,1262
00878,國泰永續高股息,68,0,68,宏遠-桃園,2023-02-10,1262
6116,彩晶,51,0,51,宏遠-桃園,2023-02-10,1262
2618,長榮航,47,0,47,宏遠-桃園,2023-02-10,1262
00885,富邦越南,40,0,40,宏遠-桃園,2023-02-10,1262
1584,精剛,43,8,35,宏遠-桃園,2023-02-10,1262
1810,和成,100,68,32,宏遠-桃園,2023-02-10,1262
00897,富邦基因免疫生技,31,0,31,宏遠-桃園,2023-02-10,1262
6016,康和證,30,0,30,宏遠-桃園,2023-02-10,1262
0056,元大高股息,25,1,24,宏遠-桃園,2023-02-10,1262
6609,瀧澤科,22,0,22,宏遠-桃園,2023-02-10,1262
1701,中化,21,0,21,宏遠-桃園,2023-02-10,1262
00673R,期元大S＆P原油反1,50,30,20,宏遠-桃園,2023-02-10,1262
1605,華新,29,11,18,宏遠-桃園,2023-02-10,1262
2344,華邦電,17,0,17,宏遠-桃園,2023-02-10,1262
2929,淘帝-KY,16,0,16,宏遠-桃園,2023-02-10,1262
8049,晶采,16,0,16,宏遠-桃園,2023-02-10,1262
00679B,元大美債20年,14,0,14,宏遠-桃園,2023-02-10,1262
1468,昶和,14,0,14,宏遠-桃園,2023-02-10,1262
00891,中信關鍵半導體,14,2,12,宏遠-桃園,2023-02-10,1262
6546,正基,12,0,12,宏遠-桃園,2023-02-10,1262
6005,群益證,12,1,11,宏遠-桃園,2023-02-10,1262
6182,合晶,11,0,11,宏遠-桃園,2023-02-10,1262
1444,力麗,10,0,10,宏遠-桃園,2023-02-10,1262
1312,國喬,10,0,10,宏遠-桃園,2023-02-10,1262
2476,鉅祥,10,0,10,宏遠-桃園,2023-02-10,1262
2883B,凱基金乙特,10,0,10,宏遠-桃園,2023-02-10,1262
3128,昇銳,10,0,10,宏遠-桃園,2023-02-10,1262
3481,群創,10,0,10,宏遠-桃園,2023-02-10,1262
3576,聯合再生,10,0,10,宏遠-桃園,2023-02-10,1262
6443,元晶,12,2,10,宏遠-桃園,2023-02-10,1262
2634,漢翔,17,8,9,宏遠-桃園,2023-02-10,1262
4906,正文,9,0,9,宏遠-桃園,2023-02-10,1262
5425,台半,19,10,9,宏遠-桃園,2023-02-10,1262
00852L,國泰美國道瓊正2,8,0,8,宏遠-桃園,2023-02-10,1262
2425,承啟,8,0,8,宏遠-桃園,2023-02-10,1262
3231,緯創,8,0,8,宏遠-桃園,2023-02-10,1262
4747,強生,8,0,8,宏遠-桃園,2023-02-10,1262
8163,達方,8,0,8,宏遠-桃園,2023-02-10,1262
2609,陽明,9,2,7,宏遠-桃園,2023-02-10,1262
2368,金像電,9,2,7,宏遠-桃園,2023-02-10,1262
6799,來頡,10,3,7,宏遠-桃園,2023-02-10,1262
1219,福壽,6,0,6,宏遠-桃園,2023-02-10,1262
2409,友達,7,1,6,宏遠-桃園,2023-02-10,1262
4979,華星光,53,47,6,宏遠-桃園,2023-02-10,1262
6279,胡連,6,0,6,宏遠-桃園,2023-02-10,1262
8072,陞泰,6,0,6,宏遠-桃園,2023-02-10,1262
8933,愛地雅,6,0,6,宏遠-桃園,2023-02-10,1262
2313,華通,7,2,5,宏遠-桃園,2023-02-10,1262
1615,大山,5,0,5,宏遠-桃園,2023-02-10,1262
00680L,元大美債20正2,53,0,53,宏遠-桃園,2023-02-13,1262
00671R,富邦NASDAQ反1,51,0,51,宏遠-桃園,2023-02-13,1262
2303,聯電,94,43,51,宏遠-桃園,2023-02-13,1262
00885,富邦越南,50,0,50,宏遠-桃園,2023-02-13,1262
2317,鴻海,50,1,49,宏遠-桃園,2023-02-13,1262
00878,國泰永續高股息,53,16,37,宏遠-桃園,2023-02-13,1262
00673R,期元大S＆P原油反1,36,0,36,宏遠-桃園,2023-02-13,1262
2610,華航,32,0,32,宏遠-桃園,2023-02-13,1262
2409,友達,31,0,31,宏遠-桃園,2023-02-13,1262
8409,商之器,31,0,31,宏遠-桃園,2023-02-13,1262
00881,國泰台灣5G+,26,0,26,宏遠-桃園,2023-02-13,1262
00751B,元大AAA至A公司債,21,0,21,宏遠-桃園,2023-02-13,1262
6116,彩晶,20,0,20,宏遠-桃園,2023-02-13,1262
8234,新漢,18,0,18,宏遠-桃園,2023-02-13,1262
2388,威盛,19,2,17,宏遠-桃園,2023-02-13,1262
2453,凌群,19,2,17,宏遠-桃園,2023-02-13,1262
00679B,元大美債20年,16,0,16,宏遠-桃園,2023-02-13,1262
3444,利機,16,0,16,宏遠-桃園,2023-02-13,1262
3498,陽程,24,8,16,宏遠-桃園,2023-02-13,1262
1219,福壽,14,0,14,宏遠-桃園,2023-02-13,1262
2618,長榮航,14,0,14,宏遠-桃園,2023-02-13,1262
8033,雷虎,19,5,14,宏遠-桃園,2023-02-13,1262
1316,上曜,12,0,12,宏遠-桃園,2023-02-13,1262
2609,陽明,15,3,12,宏遠-桃園,2023-02-13,1262
4979,華星光,35,24,11,宏遠-桃園,2023-02-13,1262
00892,富邦台灣半導體,10,0,10,宏遠-桃園,2023-02-13,1262
00891,中信關鍵半導體,10,0,10,宏遠-桃園,2023-02-13,1262
1529,樂事綠能,10,0,10,宏遠-桃園,2023-02-13,1262
1539,巨庭,10,0,10,宏遠-桃園,2023-02-13,1262
2014,中鴻,11,1,10,宏遠-桃園,2023-02-13,1262
2476,鉅祥,10,0,10,宏遠-桃園,2023-02-13,1262
2883B,凱基金乙特,10,0,10,宏遠-桃園,2023-02-13,1262
4102,永日,10,0,10,宏遠-桃園,2023-02-13,1262
4114,健喬,17,7,10,宏遠-桃園,2023-02-13,1262
2436,偉詮電,8,0,8,宏遠-桃園,2023-02-13,1262
4931,新盛力,19,11,8,宏遠-桃園,2023-02-13,1262
3162,精確,7,0,7,宏遠-桃園,2023-02-13,1262
3704,合勤控,25,19,6,宏遠-桃園,2023-02-13,1262
6589,台康生技,7,1,6,宏遠-桃園,2023-02-13,1262
2412,中華電,8,2,6,宏遠-桃園,2023-02-13,1262
1101,台泥,6,0,6,宏遠-桃園,2023-02-13,1262
4915,致伸,6,0,6,宏遠-桃園,2023-02-13,1262
2002,中鋼,20,15,5,宏遠-桃園,2023-02-13,1262
00893,國泰智能電動車,5,0,5,宏遠-桃園,2023-02-13,1262
00740B,富邦全球投等債,5,0,5,宏遠-桃園,2023-02-13,1262
2034,允強,5,0,5,宏遠-桃園,2023-02-13,1262
2049,上銀,5,0,5,宏遠-桃園,2023-02-13,1262
2401,凌陽,5,0,5,宏遠-桃園,2023-02-13,1262
3515,華擎,8,3,5,宏遠-桃園,2023-02-13,1262
4536,拓凱,5,0,5,宏遠-桃園,2023-02-13,1262
00632R,元大台灣50反1,36,0,36,宏遠-桃園,2023-02-14,1262
00890B,凱基ESG BBB債,33,0,33,宏遠-桃園,2023-02-14,1262
6235,華孚,46,13,33,宏遠-桃園,2023-02-14,1262
00673R,期元大S＆P原油反1,27,0,27,宏遠-桃園,2023-02-14,1262
00676R,富邦臺灣加權反1,25,0,25,宏遠-桃園,2023-02-14,1262
2883,凱基金,23,0,23,宏遠-桃園,2023-02-14,1262
1219,福壽,20,0,20,宏遠-桃園,2023-02-14,1262
6488,環球晶,20,0,20,宏遠-桃園,2023-02-14,1262
00637L,元大滬深300正2,18,2,16,宏遠-桃園,2023-02-14,1262
8222,寶一,55,39,16,宏遠-桃園,2023-02-14,1262
3704,合勤控,41,28,13,宏遠-桃園,2023-02-14,1262
00725B,國泰投資級公司債,11,0,11,宏遠-桃園,2023-02-14,1262
2317,鴻海,10,0,10,宏遠-桃園,2023-02-14,1262
3305,昇貿,10,0,10,宏遠-桃園,2023-02-14,1262
9105,泰金寶-DR,10,0,10,宏遠-桃園,2023-02-14,1262
1608,華榮,10,1,9,宏遠-桃園,2023-02-14,1262
3221,台嘉碩,9,0,9,宏遠-桃園,2023-02-14,1262
3479,安勤,10,1,9,宏遠-桃園,2023-02-14,1262
4931,新盛力,9,0,9,宏遠-桃園,2023-02-14,1262
6180,橘子,84,75,9,宏遠-桃園,2023-02-14,1262
3661,世芯-KY,11,3,8,宏遠-桃園,2023-02-14,1262
2634,漢翔,7,0,7,宏遠-桃園,2023-02-14,1262
3189,景碩,12,5,7,宏遠-桃園,2023-02-14,1262
8996,高力,13,6,7,宏遠-桃園,2023-02-14,1262
00751B,元大AAA至A公司債,6,0,6,宏遠-桃園,2023-02-14,1262
6494,九齊,6,0,6,宏遠-桃園,2023-02-14,1262
1314,中石化,5,0,5,宏遠-桃園,2023-02-14,1262
00726B,國泰新興投等債,5,0,5,宏遠-桃園,2023-02-14,1262
2388,威盛,7,2,5,宏遠-桃園,2023-02-14,1262
2705,六福,5,0,5,宏遠-桃園,2023-02-14,1262
3711,日月光投控,5,0,5,宏遠-桃園,2023-02-14,1262
4746,台耀,5,0,5,宏遠-桃園,2023-02-14,1262
8038,長園科,5,0,5,宏遠-桃園,2023-02-14,1262
2314,台揚,10,5,5,宏遠-桃園,2023-02-14,1262
00891,中信關鍵半導體,4,0,4,宏遠-桃園,2023-02-14,1262
5512,力麒,13,9,4,宏遠-桃園,2023-02-14,1262
6116,彩晶,7,3,4,宏遠-桃園,2023-02-14,1262
3105,穩懋,4,1,3,宏遠-桃園,2023-02-14,1262
00679B,元大美債20年,3,0,3,宏遠-桃園,2023-02-14,1262
1609,大亞,3,0,3,宏遠-桃園,2023-02-14,1262
1615,大山,3,0,3,宏遠-桃園,2023-02-14,1262
1720,生達,3,0,3,宏遠-桃園,2023-02-14,1262
2332,友訊,4,1,3,宏遠-桃園,2023-02-14,1262
2482,連宇,3,0,3,宏遠-桃園,2023-02-14,1262
2498,宏達電,9,6,3,宏遠-桃園,2023-02-14,1262
2905,三商,3,0,3,宏遠-桃園,2023-02-14,1262
3693,營邦,4,1,3,宏遠-桃園,2023-02-14,1262
6142,友勁,3,0,3,宏遠-桃園,2023-02-14,1262
6285,啟��,5,2,3,宏遠-桃園,2023-02-14,1262
6589,台康生技,3,0,3,宏遠-桃園,2023-02-14,1262
00673R,期元大S＆P原油反1,212,22,190,宏遠-桃園,2023-02-15,1262
2206,三陽工業,119,12,107,宏遠-桃園,2023-02-15,1262
00708L,期元大S＆P黃金正2,101,0,101,宏遠-桃園,2023-02-15,1262
00878,國泰永續高股息,88,0,88,宏遠-桃園,2023-02-15,1262
00671R,富邦NASDAQ反1,66,0,66,宏遠-桃園,2023-02-15,1262
00900,富邦特選高股息30,50,0,50,宏遠-桃園,2023-02-15,1262
2834,臺企銀,46,1,45,宏遠-桃園,2023-02-15,1262
00780B,國泰A級金融債,40,0,40,宏遠-桃園,2023-02-15,1262
5706,鳳凰,99,64,35,宏遠-桃園,2023-02-15,1262
00881,國泰台灣5G+,26,0,26,宏遠-桃園,2023-02-15,1262
2371,大同,23,0,23,宏遠-桃園,2023-02-15,1262
2607,榮運,20,0,20,宏遠-桃園,2023-02-15,1262
2498,宏達電,26,8,18,宏遠-桃園,2023-02-15,1262
3645,達邁,18,0,18,宏遠-桃園,2023-02-15,1262
2906,高林,16,0,16,宏遠-桃園,2023-02-15,1262
3540,曜越,16,0,16,宏遠-桃園,2023-02-15,1262
3205,佰研,14,0,14,宏遠-桃園,2023-02-15,1262
00650L,復華香港正2,16,3,13,宏遠-桃園,2023-02-15,1262
00706L,期元大S＆P日圓正2,12,0,12,宏遠-桃園,2023-02-15,1262
4114,健喬,22,10,12,宏遠-桃園,2023-02-15,1262
00891,中信關鍵半導體,11,0,11,宏遠-桃園,2023-02-15,1262
2002,中鋼,32,21,11,宏遠-桃園,2023-02-15,1262
3508,位速,11,0,11,宏遠-桃園,2023-02-15,1262
00715L,期街口布蘭特正2,11,0,11,宏遠-桃園,2023-02-15,1262
1219,福壽,10,0,10,宏遠-桃園,2023-02-15,1262
00753L,中信中國50正2,10,0,10,宏遠-桃園,2023-02-15,1262
1810,和成,10,0,10,宏遠-桃園,2023-02-15,1262
2022,聚亨,10,0,10,宏遠-桃園,2023-02-15,1262
2425,承啟,10,0,10,宏遠-桃園,2023-02-15,1262
3675,德微,11,1,10,宏遠-桃園,2023-02-15,1262
8105,凌巨,10,0,10,宏遠-桃園,2023-02-15,1262
1615,大山,9,0,9,宏遠-桃園,2023-02-15,1262
2412,中華電,9,0,9,宏遠-桃園,2023-02-15,1262
5512,力麒,20,11,9,宏遠-桃園,2023-02-15,1262
6472,保瑞,9,0,9,宏遠-桃園,2023-02-15,1262
6104,創惟,19,11,8,宏遠-桃園,2023-02-15,1262
2344,華邦電,10,3,7,宏遠-桃園,2023-02-15,1262
2408,南亞科,7,0,7,宏遠-桃園,2023-02-15,1262
2880,華南金,7,0,7,宏遠-桃園,2023-02-15,1262
6548,長科*,7,0,7,宏遠-桃園,2023-02-15,1262
0056,元大高股息,10,4,6,宏遠-桃園,2023-02-15,1262
00725B,國泰投資級公司債,6,0,6,宏遠-桃園,2023-02-15,1262
2474,可成,6,0,6,宏遠-桃園,2023-02-15,1262
2888,新光金,6,0,6,宏遠-桃園,2023-02-15,1262
2905,三商,6,0,6,宏遠-桃園,2023-02-15,1262
6541,泰福-KY,6,0,6,宏遠-桃園,2023-02-15,1262
8069,元太,9,3,6,宏遠-桃園,2023-02-15,1262
2603,長榮,5,0,5,宏遠-桃園,2023-02-15,1262
1402,遠東新,5,0,5,宏遠-桃園,2023-02-15,1262
00795B,中信美國公債20年,5,0,5,宏遠-桃園,2023-02-15,1262
00632R,元大台灣50反1,310,0,310,宏遠-桃園,2023-02-16,1262
00878,國泰永續高股息,68,3,65,宏遠-桃園,2023-02-16,1262
2453,凌群,56,1,55,宏遠-桃園,2023-02-16,1262
2610,華航,78,36,42,宏遠-桃園,2023-02-16,1262
2328,廣宇,30,0,30,宏遠-桃園,2023-02-16,1262
00751B,元大AAA至A公司債,26,0,26,宏遠-桃園,2023-02-16,1262
1453,大將,25,0,25,宏遠-桃園,2023-02-16,1262
1316,上曜,25,0,25,宏遠-桃園,2023-02-16,1262
2906,高林,22,0,22,宏遠-桃園,2023-02-16,1262
00679B,元大美債20年,21,0,21,宏遠-桃園,2023-02-16,1262
00671R,富邦NASDAQ反1,20,0,20,宏遠-桃園,2023-02-16,1262
00680L,元大美債20正2,22,2,20,宏遠-桃園,2023-02-16,1262
2344,華邦電,20,0,20,宏遠-桃園,2023-02-16,1262
3645,達邁,20,0,20,宏遠-桃園,2023-02-16,1262
4979,華星光,39,19,20,宏遠-桃園,2023-02-16,1262
5425,台半,43,28,15,宏遠-桃園,2023-02-16,1262
5353,台林,14,0,14,宏遠-桃園,2023-02-16,1262
2634,漢翔,33,20,13,宏遠-桃園,2023-02-16,1262
5608,四維航,11,0,11,宏遠-桃園,2023-02-16,1262
6231,系微,9,0,9,宏遠-桃園,2023-02-16,1262
6245,立端,15,7,8,宏遠-桃園,2023-02-16,1262
9938,百和,11,3,8,宏遠-桃園,2023-02-16,1262
00725B,國泰投資級公司債,7,0,7,宏遠-桃園,2023-02-16,1262
00772B,中信高評級公司債,7,0,7,宏遠-桃園,2023-02-16,1262
2886,兆豐金,7,0,7,宏遠-桃園,2023-02-16,1262
3624,光頡,7,0,7,宏遠-桃園,2023-02-16,1262
9105,泰金寶-DR,7,0,7,宏遠-桃園,2023-02-16,1262
00795B,中信美國公債20年,6,0,6,宏遠-桃園,2023-02-16,1262
00720B,元大投資級公司債,6,0,6,宏遠-桃園,2023-02-16,1262
8936,國統,6,0,6,宏遠-桃園,2023-02-16,1262
4119,旭富,5,0,5,宏遠-桃園,2023-02-16,1262
00740B,富邦全球投等債,5,0,5,宏遠-桃園,2023-02-16,1262
00885,富邦越南,5,0,5,宏遠-桃園,2023-02-16,1262
2023,燁輝,5,0,5,宏遠-桃園,2023-02-16,1262
2337,旺宏,6,1,5,宏遠-桃園,2023-02-16,1262
3362,先進光,5,0,5,宏遠-桃園,2023-02-16,1262
3653,健策,5,0,5,宏遠-桃園,2023-02-16,1262
8076,伍豐,5,0,5,宏遠-桃園,2023-02-16,1262
00706L,期元大S＆P日圓正2,4,0,4,宏遠-桃園,2023-02-16,1262
2034,允強,4,0,4,宏遠-桃園,2023-02-16,1262
3545,敦泰,16,12,4,宏遠-桃園,2023-02-16,1262
4306,炎洲,4,0,4,宏遠-桃園,2023-02-16,1262
6205,詮欣,4,0,4,宏遠-桃園,2023-02-16,1262
6799,來頡,10,6,4,宏遠-桃園,2023-02-16,1262
1609,大亞,16,13,3,宏遠-桃園,2023-02-16,1262
2201,裕隆,12,9,3,宏遠-桃園,2023-02-16,1262
3289,宜特,5,2,3,宏遠-桃園,2023-02-16,1262
5243,乙盛-KY,3,0,3,宏遠-桃園,2023-02-16,1262
6712,長聖,2,0,2,宏遠-桃園,2023-02-16,1262
1101,台泥,2,0,2,宏遠-桃園,2023-02-16,1262
00903,富邦元宇宙,140,0,140,宏遠-桃園,2023-02-17,1262
00673R,期元大S＆P原油反1,140,0,140,宏遠-桃園,2023-02-17,1262
6288,聯嘉,109,0,109,宏遠-桃園,2023-02-17,1262
00708L,期元大S＆P黃金正2,101,0,101,宏遠-桃園,2023-02-17,1262
2206,三陽工業,96,6,90,宏遠-桃園,2023-02-17,1262
1503,士電,41,3,38,宏遠-桃園,2023-02-17,1262
4503,金雨,30,0,30,宏遠-桃園,2023-02-17,1262
00680L,元大美債20正2,26,0,26,宏遠-桃園,2023-02-17,1262
00893,國泰智能電動車,34,10,24,宏遠-桃園,2023-02-17,1262
00715L,期街口布蘭特正2,23,0,23,宏遠-桃園,2023-02-17,1262
00751B,元大AAA至A公司債,21,0,21,宏遠-桃園,2023-02-17,1262
00679B,元大美債20年,19,0,19,宏遠-桃園,2023-02-17,1262
4979,華星光,35,16,19,宏遠-桃園,2023-02-17,1262
00772B,中信高評級公司債,16,0,16,宏遠-桃園,2023-02-17,1262
00671R,富邦NASDAQ反1,50,35,15,宏遠-桃園,2023-02-17,1262
00650L,復華香港正2,14,0,14,宏遠-桃園,2023-02-17,1262
2027,大成鋼,14,0,14,宏遠-桃園,2023-02-17,1262
2417,圓剛,14,0,14,宏遠-桃園,2023-02-17,1262
3645,達邁,13,0,13,宏遠-桃園,2023-02-17,1262
2330,台積電,16,3,13,宏遠-桃園,2023-02-17,1262
3027,盛達,21,10,11,宏遠-桃園,2023-02-17,1262
4114,健喬,11,0,11,宏遠-桃園,2023-02-17,1262
1513,中興電,26,16,10,宏遠-桃園,2023-02-17,1262
2408,南亞科,10,0,10,宏遠-桃園,2023-02-17,1262
2457,飛宏,10,0,10,宏遠-桃園,2023-02-17,1262
3231,緯創,10,0,10,宏遠-桃園,2023-02-17,1262
4726,永昕,10,0,10,宏遠-桃園,2023-02-17,1262
6143,振曜,13,3,10,宏遠-桃園,2023-02-17,1262
1437,勤益控,10,0,10,宏遠-桃園,2023-02-17,1262
8033,雷虎,10,1,9,宏遠-桃園,2023-02-17,1262
8050,廣積,10,1,9,宏遠-桃園,2023-02-17,1262
3552,同致,9,0,9,宏遠-桃園,2023-02-17,1262
2734,易飛網,8,0,8,宏遠-桃園,2023-02-17,1262
8996,高力,16,8,8,宏遠-桃園,2023-02-17,1262
00852L,國泰美國道瓊正2,7,0,7,宏遠-桃園,2023-02-17,1262
3035,智原,10,3,7,宏遠-桃園,2023-02-17,1262
6285,啟��,7,0,7,宏遠-桃園,2023-02-17,1262
8261,富鼎,8,1,7,宏遠-桃園,2023-02-17,1262
3037,欣興,10,3,7,宏遠-桃園,2023-02-17,1262
00878,國泰永續高股息,6,0,6,宏遠-桃園,2023-02-17,1262
1316,上曜,6,0,6,宏遠-桃園,2023-02-17,1262
0050,元大台灣50,5,0,5,宏遠-桃園,2023-02-17,1262
2317,鴻海,56,51,5,宏遠-桃園,2023-02-17,1262
2603,長榮,5,0,5,宏遠-桃園,2023-02-17,1262
00902,中信電池及儲能,5,0,5,宏遠-桃園,2023-02-17,1262
00762,元大全球AI,5,0,5,宏遠-桃園,2023-02-17,1262
00795B,中信美國公債20年,5,0,5,宏遠-桃園,2023-02-17,1262
00637L,元大滬深300正2,6,1,5,宏遠-桃園,2023-02-17,1262
2002,中鋼,25,20,5,宏遠-桃園,2023-02-17,1262
2736,富野,5,0,5,宏遠-桃園,2023-02-17,1262
00632R,元大台灣50反1,311,31,280,宏遠-桃園,2023-02-20,1262
2349,錸德,113,0,113,宏遠-桃園,2023-02-20,1262
3346,麗清,100,3,97,宏遠-桃園,2023-02-20,1262
2610,華航,108,56,52,宏遠-桃園,2023-02-20,1262
1605,華新,49,19,30,宏遠-桃園,2023-02-20,1262
00772B,中信高評級公司債,22,0,22,宏遠-桃園,2023-02-20,1262
00720B,元大投資級公司債,20,0,20,宏遠-桃園,2023-02-20,1262
5516,雙喜,20,0,20,宏遠-桃園,2023-02-20,1262
6282,康舒,17,0,17,宏遠-桃園,2023-02-20,1262
2906,高林,15,0,15,宏遠-桃園,2023-02-20,1262
5701,劍湖山,15,0,15,宏遠-桃園,2023-02-20,1262
3576,聯合再生,15,0,15,宏遠-桃園,2023-02-20,1262
6143,振曜,14,1,13,宏遠-桃園,2023-02-20,1262
3675,德微,12,0,12,宏遠-桃園,2023-02-20,1262
00900,富邦特選高股息30,11,0,11,宏遠-桃園,2023-02-20,1262
00919,群益台灣精選高息,11,0,11,宏遠-桃園,2023-02-20,1262
3022,威強電,12,1,11,宏遠-桃園,2023-02-20,1262
00725B,國泰投資級公司債,10,0,10,宏遠-桃園,2023-02-20,1262
1718,中纖,10,0,10,宏遠-桃園,2023-02-20,1262
2867,三商壽,10,0,10,宏遠-桃園,2023-02-20,1262
3035,智原,31,21,10,宏遠-桃園,2023-02-20,1262
4726,永昕,10,0,10,宏遠-桃園,2023-02-20,1262
6244,茂迪,10,0,10,宏遠-桃園,2023-02-20,1262
00715L,期街口布蘭特正2,27,18,9,宏遠-桃園,2023-02-20,1262
1711,永光,10,1,9,宏遠-桃園,2023-02-20,1262
00902,中信電池及儲能,8,0,8,宏遠-桃園,2023-02-20,1262
1526,日馳,8,0,8,宏遠-桃園,2023-02-20,1262
6104,創惟,12,4,8,宏遠-桃園,2023-02-20,1262
8358,金居,8,0,8,宏遠-桃園,2023-02-20,1262
9105,泰金寶-DR,8,0,8,宏遠-桃園,2023-02-20,1262
2368,金像電,8,1,7,宏遠-桃園,2023-02-20,1262
4919,新唐,8,1,7,宏遠-桃園,2023-02-20,1262
9904,寶成,7,0,7,宏遠-桃園,2023-02-20,1262
3024,憶聲,6,0,6,宏遠-桃園,2023-02-20,1262
3596,智易,10,4,6,宏遠-桃園,2023-02-20,1262
5321,美而快,7,1,6,宏遠-桃園,2023-02-20,1262
8069,元太,13,7,6,宏遠-桃園,2023-02-20,1262
1560,中砂,5,0,5,宏遠-桃園,2023-02-20,1262
1720,生達,5,0,5,宏遠-桃園,2023-02-20,1262
1795,美時,10,5,5,宏遠-桃園,2023-02-20,1262
2317,鴻海,6,1,5,宏遠-桃園,2023-02-20,1262
2614,東森,5,0,5,宏遠-桃園,2023-02-20,1262
3033,威健,5,0,5,宏遠-桃園,2023-02-20,1262
4133,亞諾法,5,0,5,宏遠-桃園,2023-02-20,1262
4746,台耀,10,5,5,宏遠-桃園,2023-02-20,1262
6441,廣錠,5,0,5,宏遠-桃園,2023-02-20,1262
00878,國泰永續高股息,5,1,4,宏遠-桃園,2023-02-20,1262
1513,中興電,18,14,4,宏遠-桃園,2023-02-20,1262
1522,堤維西,4,0,4,宏遠-桃園,2023-02-20,1262
6541,泰福-KY,4,0,4,宏遠-桃園,2023-02-20,1262
00878,國泰永續高股息,109,2,107,宏遠-桃園,2023-02-21,1262
2349,錸德,73,3,70,宏遠-桃園,2023-02-21,1262
2889,國票金,75,9,66,宏遠-桃園,2023-02-21,1262
2884,玉山金,74,11,63,宏遠-桃園,2023-02-21,1262
1524,耿鼎,45,0,45,宏遠-桃園,2023-02-21,1262
3027,盛達,56,13,43,宏遠-桃園,2023-02-21,1262
2906,高林,33,1,32,宏遠-桃園,2023-02-21,1262
1312,國喬,31,0,31,宏遠-桃園,2023-02-21,1262
2402,毅嘉,30,0,30,宏遠-桃園,2023-02-21,1262
00919,群益台灣精選高息,28,0,28,宏遠-桃園,2023-02-21,1262
6288,聯嘉,33,6,27,宏遠-桃園,2023-02-21,1262
1540,喬福,20,0,20,宏遠-桃園,2023-02-21,1262
4503,金雨,20,0,20,宏遠-桃園,2023-02-21,1262
2457,飛宏,93,74,19,宏遠-桃園,2023-02-21,1262
00650L,復華香港正2,25,9,16,宏遠-桃園,2023-02-21,1262
2206,三陽工業,32,16,16,宏遠-桃園,2023-02-21,1262
2634,漢翔,17,3,14,宏遠-桃園,2023-02-21,1262
1519,華城,25,11,14,宏遠-桃園,2023-02-21,1262
8028,昇陽半導體,15,2,13,宏遠-桃園,2023-02-21,1262
2408,南亞科,12,0,12,宏遠-桃園,2023-02-21,1262
00761B,國泰A級公司債,12,0,12,宏遠-桃園,2023-02-21,1262
1810,和成,12,0,12,宏遠-桃園,2023-02-21,1262
6245,立端,15,4,11,宏遠-桃園,2023-02-21,1262
6806,森崴能源,11,0,11,宏遠-桃園,2023-02-21,1262
1219,福壽,10,0,10,宏遠-桃園,2023-02-21,1262
00795B,中信美國公債20年,10,0,10,宏遠-桃園,2023-02-21,1262
3047,訊舟,10,0,10,宏遠-桃園,2023-02-21,1262
6213,聯茂,10,0,10,宏遠-桃園,2023-02-21,1262
2882,國泰金,11,3,8,宏遠-桃園,2023-02-21,1262
8358,金居,11,3,8,宏遠-桃園,2023-02-21,1262
6443,元晶,10,2,8,宏遠-桃園,2023-02-21,1262
00725B,國泰投資級公司債,7,0,7,宏遠-桃園,2023-02-21,1262
4114,健喬,13,6,7,宏遠-桃園,2023-02-21,1262
5512,力麒,7,0,7,宏遠-桃園,2023-02-21,1262
2303,聯電,22,16,6,宏遠-桃園,2023-02-21,1262
2471,資通,6,0,6,宏遠-桃園,2023-02-21,1262
00632R,元大台灣50反1,5,0,5,宏遠-桃園,2023-02-21,1262
00712,復華富時不動產,5,0,5,宏遠-桃園,2023-02-21,1262
1103,嘉泥,5,0,5,宏遠-桃園,2023-02-21,1262
1445,大宇,5,0,5,宏遠-桃園,2023-02-21,1262
1468,昶和,5,0,5,宏遠-桃園,2023-02-21,1262
1536,和大,5,0,5,宏遠-桃園,2023-02-21,1262
2345,智邦,5,0,5,宏遠-桃園,2023-02-21,1262
2618,長榮航,10,5,5,宏遠-桃園,2023-02-21,1262
4768,晶呈科技,5,0,5,宏遠-桃園,2023-02-21,1262
5516,雙喜,5,0,5,宏遠-桃園,2023-02-21,1262
6188,廣明,5,0,5,宏遠-桃園,2023-02-21,1262
6531,愛普*,12,7,5,宏遠-桃園,2023-02-21,1262
9904,寶成,5,0,5,宏遠-桃園,2023-02-21,1262
8440,綠電,5,0,5,宏遠-桃園,2023-02-21,1262
2884,玉山金,33,0,33,宏遠-桃園,2023-02-22,1262
00908,富邦入息REITs+,30,0,30,宏遠-桃園,2023-02-22,1262
6244,茂迪,30,0,30,宏遠-桃園,2023-02-22,1262
6570,維田,31,1,30,宏遠-桃園,2023-02-22,1262
2332,友訊,28,0,28,宏遠-桃園,2023-02-22,1262
6443,元晶,28,1,27,宏遠-桃園,2023-02-22,1262
1584,精剛,41,15,26,宏遠-桃園,2023-02-22,1262
1101,台泥,22,0,22,宏遠-桃園,2023-02-22,1262
00903,富邦元宇宙,20,0,20,宏遠-桃園,2023-02-22,1262
1312,國喬,20,0,20,宏遠-桃園,2023-02-22,1262
1524,耿鼎,20,0,20,宏遠-桃園,2023-02-22,1262
3645,達邁,18,0,18,宏遠-桃園,2023-02-22,1262
4977,眾達-KY,18,0,18,宏遠-桃園,2023-02-22,1262
6568,宏觀,20,2,18,宏遠-桃園,2023-02-22,1262
9962,有益,18,0,18,宏遠-桃園,2023-02-22,1262
00772B,中信高評級公司債,17,0,17,宏遠-桃園,2023-02-22,1262
6285,啟��,17,1,16,宏遠-桃園,2023-02-22,1262
2425,承啟,15,0,15,宏遠-桃園,2023-02-22,1262
00878,國泰永續高股息,14,0,14,宏遠-桃園,2023-02-22,1262
3576,聯合再生,13,0,13,宏遠-桃園,2023-02-22,1262
1605,華新,14,2,12,宏遠-桃園,2023-02-22,1262
6288,聯嘉,18,6,12,宏遠-桃園,2023-02-22,1262
00715L,期街口布蘭特正2,23,12,11,宏遠-桃園,2023-02-22,1262
00893,國泰智能電動車,11,0,11,宏遠-桃園,2023-02-22,1262
4114,健喬,38,27,11,宏遠-桃園,2023-02-22,1262
6129,普誠,11,0,11,宏遠-桃園,2023-02-22,1262
00753L,中信中國50正2,10,0,10,宏遠-桃園,2023-02-22,1262
00882,中信中國高股息,10,0,10,宏遠-桃園,2023-02-22,1262
00852L,國泰美國道瓊正2,10,0,10,宏遠-桃園,2023-02-22,1262
00680L,元大美債20正2,10,0,10,宏遠-桃園,2023-02-22,1262
1532,勤美,10,0,10,宏遠-桃園,2023-02-22,1262
3047,訊舟,10,0,10,宏遠-桃園,2023-02-22,1262
4536,拓凱,11,1,10,宏遠-桃園,2023-02-22,1262
6118,建達,10,0,10,宏遠-桃園,2023-02-22,1262
3035,智原,31,22,9,宏遠-桃園,2023-02-22,1262
2537,聯上發,9,0,9,宏遠-桃園,2023-02-22,1262
3037,欣興,11,2,9,宏遠-桃園,2023-02-22,1262
8478,東哥遊艇,25,16,9,宏遠-桃園,2023-02-22,1262
4961,天鈺,8,0,8,宏遠-桃園,2023-02-22,1262
5425,台半,12,4,8,宏遠-桃園,2023-02-22,1262
2330,台積電,7,0,7,宏遠-桃園,2023-02-22,1262
2603,長榮,14,7,7,宏遠-桃園,2023-02-22,1262
2712,遠雄來,7,0,7,宏遠-桃園,2023-02-22,1262
6525,捷敏-KY,7,0,7,宏遠-桃園,2023-02-22,1262
8033,雷虎,13,6,7,宏遠-桃園,2023-02-22,1262
0056,元大高股息,8,1,7,宏遠-桃園,2023-02-22,1262
00720B,元大投資級公司債,6,0,6,宏遠-桃園,2023-02-22,1262
1445,大宇,6,0,6,宏遠-桃園,2023-02-22,1262
2014,中鴻,6,0,6,宏遠-桃園,2023-02-22,1262
2481,強茂,6,0,6,宏遠-桃園,2023-02-22,1262
00632R,元大台灣50反1,623,0,623,宏遠-桃園,2023-02-23,1262
00715L,期街口布蘭特正2,112,6,106,宏遠-桃園,2023-02-23,1262
00885,富邦越南,87,0,87,宏遠-桃園,2023-02-23,1262
5512,力麒,61,10,51,宏遠-桃園,2023-02-23,1262
2303,聯電,60,10,50,宏遠-桃園,2023-02-23,1262
3535,晶彩科,50,3,47,宏遠-桃園,2023-02-23,1262
3027,盛達,63,20,43,宏遠-桃園,2023-02-23,1262
2482,連宇,44,5,39,宏遠-桃園,2023-02-23,1262
2409,友達,34,9,25,宏遠-桃園,2023-02-23,1262
8936,國統,34,10,24,宏遠-桃園,2023-02-23,1262
1108,幸福,50,28,22,宏遠-桃園,2023-02-23,1262
00751B,元大AAA至A公司債,22,0,22,宏遠-桃園,2023-02-23,1262
2457,飛宏,23,2,21,宏遠-桃園,2023-02-23,1262
00753L,中信中國50正2,20,0,20,宏遠-桃園,2023-02-23,1262
1712,興農,20,0,20,宏遠-桃園,2023-02-23,1262
6118,建達,24,4,20,宏遠-桃園,2023-02-23,1262
3481,群創,25,7,18,宏遠-桃園,2023-02-23,1262
3202,樺晟,18,0,18,宏遠-桃園,2023-02-23,1262
2323,中環,17,0,17,宏遠-桃園,2023-02-23,1262
1316,上曜,23,7,16,宏遠-桃園,2023-02-23,1262
2889,國票金,15,0,15,宏遠-桃園,2023-02-23,1262
2852,第一保,15,0,15,宏遠-桃園,2023-02-23,1262
6282,康舒,17,2,15,宏遠-桃園,2023-02-23,1262
1605,華新,35,20,15,宏遠-桃園,2023-02-23,1262
3036A,文曄甲特,14,0,14,宏遠-桃園,2023-02-23,1262
00772B,中信高評級公司債,13,0,13,宏遠-桃園,2023-02-23,1262
4977,眾達-KY,12,0,12,宏遠-桃園,2023-02-23,1262
5706,鳳凰,37,25,12,宏遠-桃園,2023-02-23,1262
6188,廣明,15,3,12,宏遠-桃園,2023-02-23,1262
3081,聯亞,26,15,11,宏遠-桃園,2023-02-23,1262
3702A,大聯大甲特,11,0,11,宏遠-桃園,2023-02-23,1262
00642U,期元大S＆P石油,10,0,10,宏遠-桃園,2023-02-23,1262
00919,群益台灣精選高息,10,0,10,宏遠-桃園,2023-02-23,1262
1611,中電,10,0,10,宏遠-桃園,2023-02-23,1262
2002,中鋼,10,0,10,宏遠-桃園,2023-02-23,1262
2236,百達-KY,10,0,10,宏遠-桃園,2023-02-23,1262
4129,聯合,10,0,10,宏遠-桃園,2023-02-23,1262
4536,拓凱,18,8,10,宏遠-桃園,2023-02-23,1262
4720,德淵,10,0,10,宏遠-桃園,2023-02-23,1262
6156,松上,10,0,10,宏遠-桃園,2023-02-23,1262
6609,瀧澤科,10,0,10,宏遠-桃園,2023-02-23,1262
8076,伍豐,10,0,10,宏遠-桃園,2023-02-23,1262
2032,新鋼,10,1,9,宏遠-桃園,2023-02-23,1262
00720B,元大投資級公司債,8,0,8,宏遠-桃園,2023-02-23,1262
2613,中櫃,8,0,8,宏遠-桃園,2023-02-23,1262
2884,玉山金,9,2,7,宏遠-桃園,2023-02-23,1262
00637L,元大滬深300正2,11,4,7,宏遠-桃園,2023-02-23,1262
2348A,海悅甲特,7,0,7,宏遠-桃園,2023-02-23,1262
3163,波若威,9,2,7,宏遠-桃園,2023-02-23,1262
6150,撼訊,37,30,7,宏遠-桃園,2023-02-23,1262
5512,力麒,107,1,106,宏遠-桃園,2023-02-24,1262
00708L,期元大S＆P黃金正2,100,0,100,宏遠-桃園,2023-02-24,1262
2317,鴻海,63,0,63,宏遠-桃園,2023-02-24,1262
2618,長榮航,55,2,53,宏遠-桃園,2023-02-24,1262
00671R,富邦NASDAQ反1,50,0,50,宏遠-桃園,2023-02-24,1262
00637L,元大滬深300正2,45,1,44,宏遠-桃園,2023-02-24,1262
8088,品安,37,2,35,宏遠-桃園,2023-02-24,1262
00715L,期街口布蘭特正2,151,118,33,宏遠-桃園,2023-02-24,1262
1514,亞力,31,0,31,宏遠-桃園,2023-02-24,1262
1108,幸福,31,0,31,宏遠-桃園,2023-02-24,1262
3535,晶彩科,31,2,29,宏遠-桃園,2023-02-24,1262
6244,茂迪,23,0,23,宏遠-桃園,2023-02-24,1262
6443,元晶,24,1,23,宏遠-桃園,2023-02-24,1262
1316,上曜,32,10,22,宏遠-桃園,2023-02-24,1262
2867,三商壽,21,0,21,宏遠-桃園,2023-02-24,1262
3346,麗清,15,0,15,宏遠-桃園,2023-02-24,1262
00882,中信中國高股息,13,0,13,宏遠-桃園,2023-02-24,1262
2328,廣宇,13,0,13,宏遠-桃園,2023-02-24,1262
6288,聯嘉,18,5,13,宏遠-桃園,2023-02-24,1262
2436,偉詮電,12,0,12,宏遠-桃園,2023-02-24,1262
2457,飛宏,38,26,12,宏遠-桃園,2023-02-24,1262
3081,聯亞,14,2,12,宏遠-桃園,2023-02-24,1262
3576,聯合再生,11,0,11,宏遠-桃園,2023-02-24,1262
2303,聯電,55,44,11,宏遠-桃園,2023-02-24,1262
6282,康舒,18,8,10,宏遠-桃園,2023-02-24,1262
1444,力麗,10,0,10,宏遠-桃園,2023-02-24,1262
1504,東元,12,2,10,宏遠-桃園,2023-02-24,1262
00900,富邦特選高股息30,10,0,10,宏遠-桃園,2023-02-24,1262
1605,華新,12,2,10,宏遠-桃園,2023-02-24,1262
2476,鉅祥,10,0,10,宏遠-桃園,2023-02-24,1262
4137,麗豐-KY,10,0,10,宏遠-桃園,2023-02-24,1262
00878,國泰永續高股息,14,4,10,宏遠-桃園,2023-02-24,1262
00642U,期元大S＆P石油,11,1,10,宏遠-桃園,2023-02-24,1262
2014,中鴻,17,8,9,宏遠-桃園,2023-02-24,1262
2360,致茂,9,1,8,宏遠-桃園,2023-02-24,1262
2449,京元電子,10,2,8,宏遠-桃園,2023-02-24,1262
2102,泰豐,7,0,7,宏遠-桃園,2023-02-24,1262
1589,永冠-KY,7,0,7,宏遠-桃園,2023-02-24,1262
2603,長榮,8,1,7,宏遠-桃園,2023-02-24,1262
3227,原相,7,0,7,宏遠-桃園,2023-02-24,1262
3520,華盈,13,6,7,宏遠-桃園,2023-02-24,1262
6138,茂達,8,1,7,宏遠-桃園,2023-02-24,1262
6582,申豐,7,0,7,宏遠-桃園,2023-02-24,1262
8349A,�矬ㄔ玼S,7,0,7,宏遠-桃園,2023-02-24,1262
2363,矽統,6,0,6,宏遠-桃園,2023-02-24,1262
2371,大同,6,0,6,宏遠-桃園,2023-02-24,1262
2606,裕民,11,5,6,宏遠-桃園,2023-02-24,1262
2611,志信,10,4,6,宏遠-桃園,2023-02-24,1262
3287,廣寰科,6,0,6,宏遠-桃園,2023-02-24,1262
6217,中探針,6,0,6,宏遠-桃園,2023-02-24,1262
2605,新興,257,31,226,宏遠-桃園,2023-03-01,1262
3231,緯創,132,1,131,宏遠-桃園,2023-03-01,1262
1101,台泥,91,7,84,宏遠-桃園,2023-03-01,1262
2601,益航,74,1,73,宏遠-桃園,2023-03-01,1262
1524,耿鼎,53,0,53,宏遠-桃園,2023-03-01,1262
5425,台半,45,0,45,宏遠-桃園,2023-03-01,1262
2476,鉅祥,43,0,43,宏遠-桃園,2023-03-01,1262
3056,富華新,39,0,39,宏遠-桃園,2023-03-01,1262
5464,霖宏,59,21,38,宏遠-桃園,2023-03-01,1262
1605,華新,40,5,35,宏遠-桃園,2023-03-01,1262
1514,亞力,30,0,30,宏遠-桃園,2023-03-01,1262
3526,凡甲,30,0,30,宏遠-桃園,2023-03-01,1262
2002,中鋼,56,29,27,宏遠-桃園,2023-03-01,1262
00878,國泰永續高股息,23,2,21,宏遠-桃園,2023-03-01,1262
1701,中化,20,0,20,宏遠-桃園,2023-03-01,1262
6223,旺矽,20,0,20,宏遠-桃園,2023-03-01,1262
6488,環球晶,20,0,20,宏遠-桃園,2023-03-01,1262
9934,成霖,20,0,20,宏遠-桃園,2023-03-01,1262
1316,上曜,16,0,16,宏遠-桃園,2023-03-01,1262
2014,中鴻,17,1,16,宏遠-桃園,2023-03-01,1262
5351,鈺創,15,0,15,宏遠-桃園,2023-03-01,1262
6835,圓裕,15,0,15,宏遠-桃園,2023-03-01,1262
00772B,中信高評級公司債,14,0,14,宏遠-桃園,2023-03-01,1262
2332,友訊,24,10,14,宏遠-桃園,2023-03-01,1262
8050,廣積,11,0,11,宏遠-桃園,2023-03-01,1262
5608,四維航,46,35,11,宏遠-桃園,2023-03-01,1262
2867,三商壽,11,0,11,宏遠-桃園,2023-03-01,1262
8033,雷虎,11,0,11,宏遠-桃園,2023-03-01,1262
5880,合庫金,10,0,10,宏遠-桃園,2023-03-01,1262
1219,福壽,22,12,10,宏遠-桃園,2023-03-01,1262
2388,威盛,59,49,10,宏遠-桃園,2023-03-01,1262
2607,榮運,10,0,10,宏遠-桃園,2023-03-01,1262
2637,慧洋-KY,40,30,10,宏遠-桃園,2023-03-01,1262
3078,僑威,10,0,10,宏遠-桃園,2023-03-01,1262
3682,亞太電,10,0,10,宏遠-桃園,2023-03-01,1262
5258,虹堡,10,0,10,宏遠-桃園,2023-03-01,1262
6245,立端,9,0,9,宏遠-桃園,2023-03-01,1262
00903,富邦元宇宙,7,0,7,宏遠-桃園,2023-03-01,1262
2712,遠雄來,7,0,7,宏遠-桃園,2023-03-01,1262
3209,全科,7,0,7,宏遠-桃園,2023-03-01,1262
4979,華星光,7,0,7,宏遠-桃園,2023-03-01,1262
6609,瀧澤科,7,0,7,宏遠-桃園,2023-03-01,1262
00902,中信電池及儲能,6,0,6,宏遠-桃園,2023-03-01,1262
2748,雲品,7,1,6,宏遠-桃園,2023-03-01,1262
2916,滿心,6,0,6,宏遠-桃園,2023-03-01,1262
6235,華孚,12,6,6,宏遠-桃園,2023-03-01,1262
1108,幸福,5,0,5,宏遠-桃園,2023-03-01,1262
00679B,元大美債20年,5,0,5,宏遠-桃園,2023-03-01,1262
1718,中纖,5,0,5,宏遠-桃園,2023-03-01,1262
2032,新鋼,5,0,5,宏遠-桃園,2023-03-01,1262
00903,富邦元宇宙,102,0,102,宏遠-桃園,2023-03-02,1262
2891,中信金,54,1,53,宏遠-桃園,2023-03-02,1262
3481,群創,44,0,44,宏遠-桃園,2023-03-02,1262
1605,華新,89,46,43,宏遠-桃園,2023-03-02,1262
5388,中磊,38,0,38,宏遠-桃園,2023-03-02,1262
2409,友達,42,4,38,宏遠-桃園,2023-03-02,1262
00878,國泰永續高股息,37,3,34,宏遠-桃園,2023-03-02,1262
1316,上曜,32,0,32,宏遠-桃園,2023-03-02,1262
5351,鈺創,28,0,28,宏遠-桃園,2023-03-02,1262
2498,宏達電,51,24,27,宏遠-桃園,2023-03-02,1262
2340,台亞,20,0,20,宏遠-桃園,2023-03-02,1262
9907,統一實,20,0,20,宏遠-桃園,2023-03-02,1262
1720,生達,30,11,19,宏遠-桃園,2023-03-02,1262
2388,威盛,67,49,18,宏遠-桃園,2023-03-02,1262
00772B,中信高評級公司債,16,0,16,宏遠-桃園,2023-03-02,1262
2601,益航,20,5,15,宏遠-桃園,2023-03-02,1262
1101,台泥,14,0,14,宏遠-桃園,2023-03-02,1262
2701,萬企,14,0,14,宏遠-桃園,2023-03-02,1262
00713,元大台灣高息低波,13,0,13,宏遠-桃園,2023-03-02,1262
2482,連宇,18,5,13,宏遠-桃園,2023-03-02,1262
2636,台驊控股,13,0,13,宏遠-桃園,2023-03-02,1262
3652,精聯,12,0,12,宏遠-桃園,2023-03-02,1262
4142,國光生,12,0,12,宏遠-桃園,2023-03-02,1262
9935,慶豐富,12,0,12,宏遠-桃園,2023-03-02,1262
00665L,富邦�琤肭磪囓�2,10,0,10,宏遠-桃園,2023-03-02,1262
2371,大同,10,0,10,宏遠-桃園,2023-03-02,1262
6118,建達,10,0,10,宏遠-桃園,2023-03-02,1262
6411,晶焱,11,1,10,宏遠-桃園,2023-03-02,1262
8112,至上,11,1,10,宏遠-桃園,2023-03-02,1262
9934,成霖,10,0,10,宏遠-桃園,2023-03-02,1262
2883,凱基金,9,0,9,宏遠-桃園,2023-03-02,1262
2634,漢翔,48,39,9,宏遠-桃園,2023-03-02,1262
2880,華南金,8,0,8,宏遠-桃園,2023-03-02,1262
3189,景碩,14,6,8,宏遠-桃園,2023-03-02,1262
2204,中華,7,0,7,宏遠-桃園,2023-03-02,1262
3152,璟德,8,1,7,宏遠-桃園,2023-03-02,1262
6116,彩晶,7,0,7,宏遠-桃園,2023-03-02,1262
8271,宇瞻,7,0,7,宏遠-桃園,2023-03-02,1262
00670L,富邦NASDAQ正2,6,0,6,宏遠-桃園,2023-03-02,1262
0050,元大台灣50,6,0,6,宏遠-桃園,2023-03-02,1262
2352,佳世達,6,0,6,宏遠-桃園,2023-03-02,1262
2485,兆赫,6,0,6,宏遠-桃園,2023-03-02,1262
5452,佶優,6,0,6,宏遠-桃園,2023-03-02,1262
6829,千附精密,6,0,6,宏遠-桃園,2023-03-02,1262
5880,合庫金,6,0,6,宏遠-桃園,2023-03-02,1262
00679B,元大美債20年,5,0,5,宏遠-桃園,2023-03-02,1262
2337,旺宏,5,0,5,宏遠-桃園,2023-03-02,1262
2534,宏盛,5,0,5,宏遠-桃園,2023-03-02,1262
2892,第一金,5,0,5,宏遠-桃園,2023-03-02,1262
3047,訊舟,5,0,5,宏遠-桃園,2023-03-02,1262
6223,旺矽,62,0,62,宏遠-桃園,2023-03-03,1262
3056,富華新,55,0,55,宏遠-桃園,2023-03-03,1262
00671R,富邦NASDAQ反1,50,0,50,宏遠-桃園,2023-03-03,1262
2107,厚生,47,0,47,宏遠-桃園,2023-03-03,1262
6799,來頡,39,3,36,宏遠-桃園,2023-03-03,1262
3706,神達,33,2,31,宏遠-桃園,2023-03-03,1262
00673R,期元大S＆P原油反1,30,0,30,宏遠-桃園,2023-03-03,1262
00637L,元大滬深300正2,32,11,21,宏遠-桃園,2023-03-03,1262
1701,中化,21,0,21,宏遠-桃園,2023-03-03,1262
3264,欣銓,20,0,20,宏遠-桃園,2023-03-03,1262
2477,美隆電,18,0,18,宏遠-桃園,2023-03-03,1262
1316,上曜,15,0,15,宏遠-桃園,2023-03-03,1262
2102,泰豐,15,0,15,宏遠-桃園,2023-03-03,1262
1529,樂事綠能,12,0,12,宏遠-桃園,2023-03-03,1262
2371,大同,13,1,12,宏遠-桃園,2023-03-03,1262
2636,台驊控股,13,1,12,宏遠-桃園,2023-03-03,1262
3346,麗清,11,0,11,宏遠-桃園,2023-03-03,1262
5425,台半,16,5,11,宏遠-桃園,2023-03-03,1262
00680L,元大美債20正2,10,0,10,宏遠-桃園,2023-03-03,1262
1108,幸福,10,0,10,宏遠-桃園,2023-03-03,1262
00893,國泰智能電動車,10,0,10,宏遠-桃園,2023-03-03,1262
1504,東元,10,0,10,宏遠-桃園,2023-03-03,1262
2634,漢翔,10,0,10,宏遠-桃園,2023-03-03,1262
2851,中再保,19,9,10,宏遠-桃園,2023-03-03,1262
3416,融程電,10,0,10,宏遠-桃園,2023-03-03,1262
1101,台泥,9,0,9,宏遠-桃園,2023-03-03,1262
2455,全新,9,0,9,宏遠-桃園,2023-03-03,1262
3046,建��,9,0,9,宏遠-桃園,2023-03-03,1262
3380,明泰,10,1,9,宏遠-桃園,2023-03-03,1262
4977,眾達-KY,23,14,9,宏遠-桃園,2023-03-03,1262
00882,中信中國高股息,8,0,8,宏遠-桃園,2023-03-03,1262
2344,華邦電,18,10,8,宏遠-桃園,2023-03-03,1262
2884,玉山金,8,0,8,宏遠-桃園,2023-03-03,1262
6689,伊雲谷,9,1,8,宏遠-桃園,2023-03-03,1262
00632R,元大台灣50反1,7,0,7,宏遠-桃園,2023-03-03,1262
2498,宏達電,8,1,7,宏遠-桃園,2023-03-03,1262
3128,昇銳,25,18,7,宏遠-桃園,2023-03-03,1262
4114,健喬,10,3,7,宏遠-桃園,2023-03-03,1262
3036,文曄,6,0,6,宏遠-桃園,2023-03-03,1262
6160,欣技,6,0,6,宏遠-桃園,2023-03-03,1262
8038,長園科,6,0,6,宏遠-桃園,2023-03-03,1262
2886,兆豐金,5,0,5,宏遠-桃園,2023-03-03,1262
5880,合庫金,5,0,5,宏遠-桃園,2023-03-03,1262
1217,愛之味,8,3,5,宏遠-桃園,2023-03-03,1262
00919,群益台灣精選高息,5,0,5,宏遠-桃園,2023-03-03,1262
2349,錸德,5,0,5,宏遠-桃園,2023-03-03,1262
3479,安勤,5,0,5,宏遠-桃園,2023-03-03,1262
3491,昇達科,6,1,5,宏遠-桃園,2023-03-03,1262
4979,華星光,5,0,5,宏遠-桃園,2023-03-03,1262
6279,胡連,5,0,5,宏遠-桃園,2023-03-03,1262
00673R,期元大S＆P原油反1,101,0,101,宏遠-桃園,2023-03-06,1262
3062,建漢,100,0,100,宏遠-桃園,2023-03-06,1262
3037,欣興,86,6,80,宏遠-桃園,2023-03-06,1262
2107,厚生,78,0,78,宏遠-桃園,2023-03-06,1262
2482,連宇,77,13,64,宏遠-桃園,2023-03-06,1262
8033,雷虎,55,2,53,宏遠-桃園,2023-03-06,1262
1434,福懋,50,0,50,宏遠-桃園,2023-03-06,1262
1316,上曜,34,0,34,宏遠-桃園,2023-03-06,1262
3481,群創,44,11,33,宏遠-桃園,2023-03-06,1262
2484,希華,30,2,28,宏遠-桃園,2023-03-06,1262
00671R,富邦NASDAQ反1,27,3,24,宏遠-桃園,2023-03-06,1262
00637L,元大滬深300正2,29,5,24,宏遠-桃園,2023-03-06,1262
3673,TPK-KY,23,0,23,宏遠-桃園,2023-03-06,1262
2609,陽明,29,9,20,宏遠-桃園,2023-03-06,1262
1219,福壽,50,30,20,宏遠-桃園,2023-03-06,1262
3056,富華新,20,0,20,宏遠-桃園,2023-03-06,1262
6288,聯嘉,25,5,20,宏遠-桃園,2023-03-06,1262
00753L,中信中國50正2,19,0,19,宏遠-桃園,2023-03-06,1262
2401,凌陽,21,2,19,宏遠-桃園,2023-03-06,1262
2486,一詮,21,4,17,宏遠-桃園,2023-03-06,1262
1785,光洋科,16,0,16,宏遠-桃園,2023-03-06,1262
1513,中興電,22,7,15,宏遠-桃園,2023-03-06,1262
3264,欣銓,16,1,15,宏遠-桃園,2023-03-06,1262
4726,永昕,15,0,15,宏遠-桃園,2023-03-06,1262
6609,瀧澤科,14,0,14,宏遠-桃園,2023-03-06,1262
3416,融程電,13,0,13,宏遠-桃園,2023-03-06,1262
00648R,元大S＆P500反1,12,0,12,宏遠-桃園,2023-03-06,1262
2313,華通,12,0,12,宏遠-桃園,2023-03-06,1262
2485,兆赫,12,0,12,宏遠-桃園,2023-03-06,1262
6290,良維,12,0,12,宏遠-桃園,2023-03-06,1262
2337,旺宏,15,4,11,宏遠-桃園,2023-03-06,1262
3491,昇達科,11,0,11,宏遠-桃園,2023-03-06,1262
2641,正德,11,1,10,宏遠-桃園,2023-03-06,1262
2419,仲琦,8,0,8,宏遠-桃園,2023-03-06,1262
2888,新光金,10,2,8,宏遠-桃園,2023-03-06,1262
5351,鈺創,8,0,8,宏遠-桃園,2023-03-06,1262
3665,貿聯-KY,7,0,7,宏遠-桃園,2023-03-06,1262
6205,詮欣,7,0,7,宏遠-桃園,2023-03-06,1262
6548,長科*,7,0,7,宏遠-桃園,2023-03-06,1262
8086,宏捷科,7,0,7,宏遠-桃園,2023-03-06,1262
0056,元大高股息,10,4,6,宏遠-桃園,2023-03-06,1262
1720,生達,6,0,6,宏遠-桃園,2023-03-06,1262
2605,新興,7,1,6,宏遠-桃園,2023-03-06,1262
3035,智原,29,23,6,宏遠-桃園,2023-03-06,1262
3356,奇偶,9,3,6,宏遠-桃園,2023-03-06,1262
6282,康舒,66,60,6,宏遠-桃園,2023-03-06,1262
6788,華景電,6,0,6,宏遠-桃園,2023-03-06,1262
3231,緯創,6,0,6,宏遠-桃園,2023-03-06,1262
1215,卜蜂,21,16,5,宏遠-桃園,2023-03-06,1262
00900,富邦特選高股息30,15,10,5,宏遠-桃園,2023-03-06,1262
00673R,期元大S＆P原油反1,116,0,116,宏遠-桃園,2023-03-07,1262
00632R,元大台灣50反1,211,100,111,宏遠-桃園,2023-03-07,1262
9907,統一實,50,0,50,宏遠-桃園,2023-03-07,1262
3481,群創,49,0,49,宏遠-桃園,2023-03-07,1262
1514,亞力,37,2,35,宏遠-桃園,2023-03-07,1262
8105,凌巨,35,0,35,宏遠-桃園,2023-03-07,1262
3027,盛達,33,1,32,宏遠-桃園,2023-03-07,1262
6282,康舒,36,5,31,宏遠-桃園,2023-03-07,1262
3019,亞光,25,5,20,宏遠-桃園,2023-03-07,1262
8096,擎亞,20,0,20,宏遠-桃園,2023-03-07,1262
5425,台半,48,28,20,宏遠-桃園,2023-03-07,1262
1762,中化生,19,0,19,宏遠-桃園,2023-03-07,1262
6456,GIS-KY,18,0,18,宏遠-桃園,2023-03-07,1262
6548,長科*,34,16,18,宏遠-桃園,2023-03-07,1262
9935,慶豐富,18,0,18,宏遠-桃園,2023-03-07,1262
6770,力積電,17,0,17,宏遠-桃園,2023-03-07,1262
00713,元大台灣高息低波,15,0,15,宏遠-桃園,2023-03-07,1262
6509,聚和,15,0,15,宏遠-桃園,2023-03-07,1262
3260,威剛,13,0,13,宏遠-桃園,2023-03-07,1262
6116,彩晶,17,5,12,宏遠-桃園,2023-03-07,1262
6570,維田,12,0,12,宏遠-桃園,2023-03-07,1262
2302,麗正,11,0,11,宏遠-桃園,2023-03-07,1262
2388,威盛,16,5,11,宏遠-桃園,2023-03-07,1262
3552,同致,22,11,11,宏遠-桃園,2023-03-07,1262
3705,永信,11,0,11,宏遠-桃園,2023-03-07,1262
0050,元大台灣50,11,0,11,宏遠-桃園,2023-03-07,1262
2303,聯電,41,30,11,宏遠-桃園,2023-03-07,1262
6515,穎崴,11,1,10,宏遠-桃園,2023-03-07,1262
00900,富邦特選高股息30,10,0,10,宏遠-桃園,2023-03-07,1262
1710,東聯,10,0,10,宏遠-桃園,2023-03-07,1262
2618,長榮航,17,7,10,宏遠-桃園,2023-03-07,1262
4173,久裕,10,0,10,宏遠-桃園,2023-03-07,1262
4726,永昕,10,0,10,宏遠-桃園,2023-03-07,1262
5351,鈺創,13,3,10,宏遠-桃園,2023-03-07,1262
00715L,期街口布蘭特正2,10,1,9,宏遠-桃園,2023-03-07,1262
3014,聯陽,9,0,9,宏遠-桃園,2023-03-07,1262
3189,景碩,10,1,9,宏遠-桃園,2023-03-07,1262
8033,雷虎,9,0,9,宏遠-桃園,2023-03-07,1262
2482,連宇,10,2,8,宏遠-桃園,2023-03-07,1262
3217,優群,8,0,8,宏遠-桃園,2023-03-07,1262
3432,台端,8,0,8,宏遠-桃園,2023-03-07,1262
6191,精成科,10,2,8,宏遠-桃園,2023-03-07,1262
1708,東鹼,7,0,7,宏遠-桃園,2023-03-07,1262
5284,jpp-KY,9,2,7,宏遠-桃園,2023-03-07,1262
1513,中興電,17,10,7,宏遠-桃園,2023-03-07,1262
1517,利奇,8,2,6,宏遠-桃園,2023-03-07,1262
1598,岱宇,6,0,6,宏遠-桃園,2023-03-07,1262
1795,美時,7,1,6,宏遠-桃園,2023-03-07,1262
3006,晶豪科,7,1,6,宏遠-桃園,2023-03-07,1262
3022,威強電,6,0,6,宏遠-桃園,2023-03-07,1262
00673R,期元大S＆P原油反1,200,26,174,宏遠-桃園,2023-03-08,1262
3005,神基,83,6,77,宏遠-桃園,2023-03-08,1262
00923,群益台ESG低碳50,51,0,51,宏遠-桃園,2023-03-08,1262
00738U,期元大道瓊白銀,50,0,50,宏遠-桃園,2023-03-08,1262
2317,鴻海,50,3,47,宏遠-桃園,2023-03-08,1262
00637L,元大滬深300正2,44,0,44,宏遠-桃園,2023-03-08,1262
3703,欣陸,43,0,43,宏遠-桃園,2023-03-08,1262
2409,友達,40,0,40,宏遠-桃園,2023-03-08,1262
1762,中化生,36,0,36,宏遠-桃園,2023-03-08,1262
00650L,復華香港正2,38,6,32,宏遠-桃園,2023-03-08,1262
00713,元大台灣高息低波,31,3,28,宏遠-桃園,2023-03-08,1262
2610,華航,28,0,28,宏遠-桃園,2023-03-08,1262
2618,長榮航,30,2,28,宏遠-桃園,2023-03-08,1262
00671R,富邦NASDAQ反1,50,24,26,宏遠-桃園,2023-03-08,1262
00753L,中信中國50正2,25,0,25,宏遠-桃園,2023-03-08,1262
2204,中華,25,0,25,宏遠-桃園,2023-03-08,1262
8163,達方,25,0,25,宏遠-桃園,2023-03-08,1262
3037,欣興,23,0,23,宏遠-桃園,2023-03-08,1262
3481,群創,23,0,23,宏遠-桃園,2023-03-08,1262
3587,閎康,20,0,20,宏遠-桃園,2023-03-08,1262
3128,昇銳,16,0,16,宏遠-桃園,2023-03-08,1262
2375,凱美,19,4,15,宏遠-桃園,2023-03-08,1262
6191,精成科,18,3,15,宏遠-桃園,2023-03-08,1262
6576,逸達,16,1,15,宏遠-桃園,2023-03-08,1262
2881,富邦金,14,0,14,宏遠-桃園,2023-03-08,1262
2328,廣宇,20,6,14,宏遠-桃園,2023-03-08,1262
3693,營邦,16,2,14,宏遠-桃園,2023-03-08,1262
1101,台泥,14,0,14,宏遠-桃園,2023-03-08,1262
2882,國泰金,14,0,14,宏遠-桃園,2023-03-08,1262
2371,大同,19,6,13,宏遠-桃園,2023-03-08,1262
5608,四維航,13,0,13,宏遠-桃園,2023-03-08,1262
00715L,期街口布蘭特正2,22,10,12,宏遠-桃園,2023-03-08,1262
1605,華新,26,14,12,宏遠-桃園,2023-03-08,1262
2609,陽明,13,1,12,宏遠-桃園,2023-03-08,1262
00893,國泰智能電動車,11,0,11,宏遠-桃園,2023-03-08,1262
6509,聚和,17,6,11,宏遠-桃園,2023-03-08,1262
1219,福壽,10,0,10,宏遠-桃園,2023-03-08,1262
00896,中信綠能及電動車,10,0,10,宏遠-桃園,2023-03-08,1262
00712,復華富時不動產,10,0,10,宏遠-桃園,2023-03-08,1262
2208,台船,10,0,10,宏遠-桃園,2023-03-08,1262
2329,華泰,10,0,10,宏遠-桃園,2023-03-08,1262
2338,光罩,12,2,10,宏遠-桃園,2023-03-08,1262
2353,宏��,10,0,10,宏遠-桃園,2023-03-08,1262
2455,全新,10,0,10,宏遠-桃園,2023-03-08,1262
2462,良得電,10,0,10,宏遠-桃園,2023-03-08,1262
2537,聯上發,10,0,10,宏遠-桃園,2023-03-08,1262
3094,聯傑,10,0,10,宏遠-桃園,2023-03-08,1262
6517,保勝光學,10,0,10,宏遠-桃園,2023-03-08,1262
00878,國泰永續高股息,9,0,9,宏遠-桃園,2023-03-08,1262
00665L,富邦�琤肭磪囓�2,19,10,9,宏遠-桃園,2023-03-08,1262
2359,所羅門,116,2,114,宏遠-桃園,2023-03-09,1262
1718,中纖,113,0,113,宏遠-桃園,2023-03-09,1262
6443,元晶,67,2,65,宏遠-桃園,2023-03-09,1262
2409,友達,56,0,56,宏遠-桃園,2023-03-09,1262
3481,群創,59,5,54,宏遠-桃園,2023-03-09,1262
8222,寶一,57,4,53,宏遠-桃園,2023-03-09,1262
2413,環科,52,0,52,宏遠-桃園,2023-03-09,1262
6609,瀧澤科,51,0,51,宏遠-桃園,2023-03-09,1262
8936,國統,32,0,32,宏遠-桃園,2023-03-09,1262
00897,富邦基因免疫生技,31,0,31,宏遠-桃園,2023-03-09,1262
2880,華南金,26,0,26,宏遠-桃園,2023-03-09,1262
00753L,中信中國50正2,25,0,25,宏遠-桃園,2023-03-09,1262
1101,台泥,24,0,24,宏遠-桃園,2023-03-09,1262
3055,蔚華科,22,0,22,宏遠-桃園,2023-03-09,1262
2314,台揚,22,1,21,宏遠-桃園,2023-03-09,1262
6770,力積電,28,7,21,宏遠-桃園,2023-03-09,1262
2340,台亞,17,0,17,宏遠-桃園,2023-03-09,1262
1519,華城,19,3,16,宏遠-桃園,2023-03-09,1262
2344,華邦電,14,0,14,宏遠-桃園,2023-03-09,1262
3217,優群,14,0,14,宏遠-桃園,2023-03-09,1262
3046,建��,14,1,13,宏遠-桃園,2023-03-09,1262
6118,建達,17,4,13,宏遠-桃園,2023-03-09,1262
00878,國泰永續高股息,12,0,12,宏遠-桃園,2023-03-09,1262
2332,友訊,12,1,11,宏遠-桃園,2023-03-09,1262
3702,大聯大,11,0,11,宏遠-桃園,2023-03-09,1262
4977,眾達-KY,17,7,10,宏遠-桃園,2023-03-09,1262
4108,懷特,10,0,10,宏遠-桃園,2023-03-09,1262
5469,瀚宇博,10,0,10,宏遠-桃園,2023-03-09,1262
2002,中鋼,28,18,10,宏遠-桃園,2023-03-09,1262
00637L,元大滬深300正2,21,11,10,宏遠-桃園,2023-03-09,1262
00923,群益台ESG低碳50,10,0,10,宏遠-桃園,2023-03-09,1262
1529,樂事綠能,11,1,10,宏遠-桃園,2023-03-09,1262
2883,凱基金,10,0,10,宏遠-桃園,2023-03-09,1262
9935,慶豐富,10,0,10,宏遠-桃園,2023-03-09,1262
1432,大魯閣,9,0,9,宏遠-桃園,2023-03-09,1262
2476,鉅祥,12,3,9,宏遠-桃園,2023-03-09,1262
3029,零壹,15,6,9,宏遠-桃園,2023-03-09,1262
3037,欣興,10,1,9,宏遠-桃園,2023-03-09,1262
3356,奇偶,10,1,9,宏遠-桃園,2023-03-09,1262
6706,惠特,9,0,9,宏遠-桃園,2023-03-09,1262
2317,鴻海,15,6,9,宏遠-桃園,2023-03-09,1262
3231,緯創,10,2,8,宏遠-桃園,2023-03-09,1262
3645,達邁,8,0,8,宏遠-桃園,2023-03-09,1262
2471,資通,7,0,7,宏遠-桃園,2023-03-09,1262
2637,慧洋-KY,7,0,7,宏遠-桃園,2023-03-09,1262
3346,麗清,7,0,7,宏遠-桃園,2023-03-09,1262
6235,華孚,10,3,7,宏遠-桃園,2023-03-09,1262
9904,寶成,7,0,7,宏遠-桃園,2023-03-09,1262
5243,乙盛-KY,6,0,6,宏遠-桃園,2023-03-09,1262
2884,玉山金,7,1,6,宏遠-桃園,2023-03-09,1262
00923,群益台ESG低碳50,171,0,171,宏遠-桃園,2023-03-10,1262
1316,上曜,130,0,130,宏遠-桃園,2023-03-10,1262
00671R,富邦NASDAQ反1,100,0,100,宏遠-桃園,2023-03-10,1262
2413,環科,156,97,59,宏遠-桃園,2023-03-10,1262
3056,富華新,56,0,56,宏遠-桃園,2023-03-10,1262
2476,鉅祥,52,0,52,宏遠-桃園,2023-03-10,1262
2340,台亞,50,0,50,宏遠-桃園,2023-03-10,1262
00715L,期街口布蘭特正2,49,1,48,宏遠-桃園,2023-03-10,1262
1605,華新,50,6,44,宏遠-桃園,2023-03-10,1262
4130,健亞,37,0,37,宏遠-桃園,2023-03-10,1262
2609,陽明,84,51,33,宏遠-桃園,2023-03-10,1262
4976,佳凌,35,2,33,宏遠-桃園,2023-03-10,1262
2313,華通,30,1,29,宏遠-桃園,2023-03-10,1262
2618,長榮航,30,2,28,宏遠-桃園,2023-03-10,1262
4707,磐亞,28,0,28,宏遠-桃園,2023-03-10,1262
5351,鈺創,28,0,28,宏遠-桃園,2023-03-10,1262
2891,中信金,27,0,27,宏遠-桃園,2023-03-10,1262
3037,欣興,29,5,24,宏遠-桃園,2023-03-10,1262
1529,樂事綠能,24,2,22,宏遠-桃園,2023-03-10,1262
3481,群創,22,0,22,宏遠-桃園,2023-03-10,1262
0056,元大高股息,21,0,21,宏遠-桃園,2023-03-10,1262
1312,國喬,20,0,20,宏遠-桃園,2023-03-10,1262
00753L,中信中國50正2,20,0,20,宏遠-桃園,2023-03-10,1262
2344,華邦電,20,1,19,宏遠-桃園,2023-03-10,1262
5516,雙喜,18,0,18,宏遠-桃園,2023-03-10,1262
2881,富邦金,17,0,17,宏遠-桃園,2023-03-10,1262
4979,華星光,17,0,17,宏遠-桃園,2023-03-10,1262
00878,國泰永續高股息,29,14,15,宏遠-桃園,2023-03-10,1262
6213,聯茂,15,0,15,宏遠-桃園,2023-03-10,1262
4977,眾達-KY,34,19,15,宏遠-桃園,2023-03-10,1262
2482,連宇,99,85,14,宏遠-桃園,2023-03-10,1262
2453,凌群,37,24,13,宏遠-桃園,2023-03-10,1262
2610,華航,16,3,13,宏遠-桃園,2023-03-10,1262
6116,彩晶,13,0,13,宏遠-桃園,2023-03-10,1262
1319,東陽,14,2,12,宏遠-桃園,2023-03-10,1262
1402,遠東新,12,0,12,宏遠-桃園,2023-03-10,1262
8069,元太,16,4,12,宏遠-桃園,2023-03-10,1262
1101,台泥,12,0,12,宏遠-桃園,2023-03-10,1262
00882,中信中國高股息,11,0,11,宏遠-桃園,2023-03-10,1262
2743,山富,14,3,11,宏遠-桃園,2023-03-10,1262
4114,健喬,13,2,11,宏遠-桃園,2023-03-10,1262
3362,先進光,11,1,10,宏遠-桃園,2023-03-10,1262
3105,穩懋,10,0,10,宏遠-桃園,2023-03-10,1262
2534,宏盛,10,0,10,宏遠-桃園,2023-03-10,1262
3702,大聯大,10,0,10,宏遠-桃園,2023-03-10,1262
00881,國泰台灣5G+,10,0,10,宏遠-桃園,2023-03-10,1262
2883,凱基金,9,0,9,宏遠-桃園,2023-03-10,1262
2498,宏達電,11,2,9,宏遠-桃園,2023-03-10,1262
8112,至上,9,0,9,宏遠-桃園,2023-03-10,1262
2882,國泰金,8,0,8,宏遠-桃園,2023-03-10,1262
00715L,期街口布蘭特正2,270,24,246,宏遠-桃園,2023-03-13,1262
2359,所羅門,147,11,136,宏遠-桃園,2023-03-13,1262
6116,彩晶,91,9,82,宏遠-桃園,2023-03-13,1262
3624,光頡,73,6,67,宏遠-桃園,2023-03-13,1262
2607,榮運,42,3,39,宏遠-桃園,2023-03-13,1262
3056,富華新,35,0,35,宏遠-桃園,2023-03-13,1262
00878,國泰永續高股息,43,13,30,宏遠-桃園,2023-03-13,1262
1529,樂事綠能,22,0,22,宏遠-桃園,2023-03-13,1262
1444,力麗,20,0,20,宏遠-桃園,2023-03-13,1262
2929,淘帝-KY,20,0,20,宏遠-桃園,2023-03-13,1262
6548,長科*,20,0,20,宏遠-桃園,2023-03-13,1262
2457,飛宏,25,6,19,宏遠-桃園,2023-03-13,1262
00882,中信中國高股息,15,0,15,宏遠-桃園,2023-03-13,1262
3491,昇達科,17,2,15,宏遠-桃園,2023-03-13,1262
2313,華通,15,1,14,宏遠-桃園,2023-03-13,1262
2884,玉山金,11,0,11,宏遠-桃園,2023-03-13,1262
6235,華孚,54,43,11,宏遠-桃園,2023-03-13,1262
00923,群益台ESG低碳50,10,0,10,宏遠-桃園,2023-03-13,1262
1709,和益,10,0,10,宏遠-桃園,2023-03-13,1262
2409,友達,11,1,10,宏遠-桃園,2023-03-13,1262
2476,鉅祥,20,10,10,宏遠-桃園,2023-03-13,1262
3481,群創,16,6,10,宏遠-桃園,2023-03-13,1262
6127,九豪,10,0,10,宏遠-桃園,2023-03-13,1262
5351,鈺創,11,1,10,宏遠-桃園,2023-03-13,1262
2881,富邦金,16,8,8,宏遠-桃園,2023-03-13,1262
00665L,富邦�琤肭磪囓�2,20,12,8,宏遠-桃園,2023-03-13,1262
2331,精英,8,0,8,宏遠-桃園,2023-03-13,1262
2636,台驊控股,15,7,8,宏遠-桃園,2023-03-13,1262
6129,普誠,9,1,8,宏遠-桃園,2023-03-13,1262
8171,天宇,7,0,7,宏遠-桃園,2023-03-13,1262
1101,台泥,7,0,7,宏遠-桃園,2023-03-13,1262
00632R,元大台灣50反1,17,10,7,宏遠-桃園,2023-03-13,1262
2867,三商壽,7,0,7,宏遠-桃園,2023-03-13,1262
4129,聯合,7,0,7,宏遠-桃園,2023-03-13,1262
6461,益得,7,0,7,宏遠-桃園,2023-03-13,1262
6576,逸達,10,3,7,宏遠-桃園,2023-03-13,1262
00674R,期元大S＆P黃金反1,6,0,6,宏遠-桃園,2023-03-13,1262
9907,統一實,18,12,6,宏遠-桃園,2023-03-13,1262
3058,立德,5,0,5,宏遠-桃園,2023-03-13,1262
1460,宏遠,5,0,5,宏遠-桃園,2023-03-13,1262
1718,中纖,5,0,5,宏遠-桃園,2023-03-13,1262
2328,廣宇,5,0,5,宏遠-桃園,2023-03-13,1262
2337,旺宏,5,0,5,宏遠-桃園,2023-03-13,1262
2850,新產,5,0,5,宏遠-桃園,2023-03-13,1262
3231,緯創,5,0,5,宏遠-桃園,2023-03-13,1262
5607,遠雄港,5,0,5,宏遠-桃園,2023-03-13,1262
5706,鳳凰,5,0,5,宏遠-桃園,2023-03-13,1262
6799,來頡,9,4,5,宏遠-桃園,2023-03-13,1262
8933,愛地雅,5,0,5,宏遠-桃園,2023-03-13,1262
00642U,期元大S＆P石油,5,1,4,宏遠-桃園,2023-03-13,1262
00637L,元大滬深300正2,499,20,479,宏遠-桃園,2023-03-14,1262
1316,上曜,113,0,113,宏遠-桃園,2023-03-14,1262
00632R,元大台灣50反1,126,21,105,宏遠-桃園,2023-03-14,1262
00878,國泰永續高股息,74,3,71,宏遠-桃園,2023-03-14,1262
2618,長榮航,55,5,50,宏遠-桃園,2023-03-14,1262
2303,聯電,87,41,46,宏遠-桃園,2023-03-14,1262
6122,擎邦,115,76,39,宏遠-桃園,2023-03-14,1262
2891,中信金,34,0,34,宏遠-桃園,2023-03-14,1262
0050,元大台灣50,32,0,32,宏遠-桃園,2023-03-14,1262
8049,晶采,30,0,30,宏遠-桃園,2023-03-14,1262
1605,華新,40,10,30,宏遠-桃園,2023-03-14,1262
3162,精確,35,8,27,宏遠-桃園,2023-03-14,1262
2610,華航,27,1,26,宏遠-桃園,2023-03-14,1262
2409,友達,26,0,26,宏遠-桃園,2023-03-14,1262
00893,國泰智能電動車,22,0,22,宏遠-桃園,2023-03-14,1262
3481,群創,21,0,21,宏遠-桃園,2023-03-14,1262
00650L,復華香港正2,28,8,20,宏遠-桃園,2023-03-14,1262
2359,所羅門,20,0,20,宏遠-桃園,2023-03-14,1262
00642U,期元大S＆P石油,18,0,18,宏遠-桃園,2023-03-14,1262
2881,富邦金,16,0,16,宏遠-桃園,2023-03-14,1262
3037,欣興,12,0,12,宏遠-桃園,2023-03-14,1262
2753,八方雲集,11,0,11,宏遠-桃園,2023-03-14,1262
3702,大聯大,11,0,11,宏遠-桃園,2023-03-14,1262
00902,中信電池及儲能,10,0,10,宏遠-桃園,2023-03-14,1262
6129,普誠,10,0,10,宏遠-桃園,2023-03-14,1262
8069,元太,12,2,10,宏遠-桃園,2023-03-14,1262
2884,玉山金,9,0,9,宏遠-桃園,2023-03-14,1262
1444,力麗,10,1,9,宏遠-桃園,2023-03-14,1262
2834,臺企銀,9,0,9,宏遠-桃園,2023-03-14,1262
00713,元大台灣高息低波,8,0,8,宏遠-桃園,2023-03-14,1262
2882,國泰金,8,0,8,宏遠-桃園,2023-03-14,1262
2885,元大金,8,0,8,宏遠-桃園,2023-03-14,1262
3128,昇銳,8,0,8,宏遠-桃園,2023-03-14,1262
3264,欣銓,13,5,8,宏遠-桃園,2023-03-14,1262
0056,元大高股息,18,10,8,宏遠-桃園,2023-03-14,1262
2603,長榮,14,7,7,宏遠-桃園,2023-03-14,1262
6285,啟��,7,0,7,宏遠-桃園,2023-03-14,1262
00882,中信中國高股息,6,0,6,宏遠-桃園,2023-03-14,1262
00903,富邦元宇宙,6,0,6,宏遠-桃園,2023-03-14,1262
2034,允強,6,0,6,宏遠-桃園,2023-03-14,1262
2636,台驊控股,7,1,6,宏遠-桃園,2023-03-14,1262
4543,萬在,8,2,6,宏遠-桃園,2023-03-14,1262
6147,頎邦,9,3,6,宏遠-桃園,2023-03-14,1262
2330,台積電,6,1,5,宏遠-桃園,2023-03-14,1262
1432,大魯閣,5,0,5,宏遠-桃園,2023-03-14,1262
1445,大宇,5,0,5,宏遠-桃園,2023-03-14,1262
2328,廣宇,5,0,5,宏遠-桃園,2023-03-14,1262
2342,茂矽,5,0,5,宏遠-桃園,2023-03-14,1262
2353,宏��,5,0,5,宏遠-桃園,2023-03-14,1262
2376,技嘉,5,0,5,宏遠-桃園,2023-03-14,1262
2880,華南金,96,0,96,宏遠-桃園,2023-03-15,1262
6592,和潤企業,56,0,56,宏遠-桃園,2023-03-15,1262
1514,亞力,40,0,40,宏遠-桃園,2023-03-15,1262
1720,生達,32,0,32,宏遠-桃園,2023-03-15,1262
00712,復華富時不動產,32,1,31,宏遠-桃園,2023-03-15,1262
1609,大亞,30,0,30,宏遠-桃園,2023-03-15,1262
2399,映泰,30,0,30,宏遠-桃園,2023-03-15,1262
1475,業旺,50,23,27,宏遠-桃園,2023-03-15,1262
00713,元大台灣高息低波,25,0,25,宏遠-桃園,2023-03-15,1262
00878,國泰永續高股息,25,0,25,宏遠-桃園,2023-03-15,1262
00795B,中信美國公債20年,25,0,25,宏遠-桃園,2023-03-15,1262
3234,光環,24,0,24,宏遠-桃園,2023-03-15,1262
1336,台翰,23,0,23,宏遠-桃園,2023-03-15,1262
2201,裕隆,48,26,22,宏遠-桃園,2023-03-15,1262
6147,頎邦,22,0,22,宏遠-桃園,2023-03-15,1262
2603,長榮,53,31,22,宏遠-桃園,2023-03-15,1262
6163,華電網,81,60,21,宏遠-桃園,2023-03-15,1262
8936,國統,16,0,16,宏遠-桃園,2023-03-15,1262
6205,詮欣,15,0,15,宏遠-桃園,2023-03-15,1262
3027,盛達,19,5,14,宏遠-桃園,2023-03-15,1262
2887,台新金,12,0,12,宏遠-桃園,2023-03-15,1262
2605,新興,17,5,12,宏遠-桃園,2023-03-15,1262
2888,新光金,12,0,12,宏遠-桃園,2023-03-15,1262
1316,上曜,30,19,11,宏遠-桃園,2023-03-15,1262
2413,環科,11,0,11,宏遠-桃園,2023-03-15,1262
00753L,中信中國50正2,10,0,10,宏遠-桃園,2023-03-15,1262
1337,再生-KY,10,0,10,宏遠-桃園,2023-03-15,1262
1312,國喬,10,0,10,宏遠-桃園,2023-03-15,1262
1810,和成,10,0,10,宏遠-桃園,2023-03-15,1262
2027,大成鋼,18,8,10,宏遠-桃園,2023-03-15,1262
3050,鈺德,10,0,10,宏遠-桃園,2023-03-15,1262
6129,普誠,10,0,10,宏遠-桃園,2023-03-15,1262
6411,晶焱,10,0,10,宏遠-桃園,2023-03-15,1262
9942,茂順,10,0,10,宏遠-桃園,2023-03-15,1262
1504,東元,9,0,9,宏遠-桃園,2023-03-15,1262
00671R,富邦NASDAQ反1,9,0,9,宏遠-桃園,2023-03-15,1262
1762,中化生,9,0,9,宏遠-桃園,2023-03-15,1262
2332,友訊,9,0,9,宏遠-桃園,2023-03-15,1262
2409,友達,11,2,9,宏遠-桃園,2023-03-15,1262
3532,台勝科,9,0,9,宏遠-桃園,2023-03-15,1262
2615,萬海,13,4,9,宏遠-桃園,2023-03-15,1262
00642U,期元大S＆P石油,8,0,8,宏遠-桃園,2023-03-15,1262
2883,凱基金,8,0,8,宏遠-桃園,2023-03-15,1262
00632R,元大台灣50反1,7,0,7,宏遠-桃園,2023-03-15,1262
2476,鉅祥,9,2,7,宏遠-桃園,2023-03-15,1262
5512,力麒,6,0,6,宏遠-桃園,2023-03-15,1262
9904,寶成,6,0,6,宏遠-桃園,2023-03-15,1262
00679B,元大美債20年,5,0,5,宏遠-桃園,2023-03-15,1262
3059,華晶科,5,0,5,宏遠-桃園,2023-03-15,1262
3147,大綜,5,0,5,宏遠-桃園,2023-03-15,1262
00637L,元大滬深300正2,502,2,500,宏遠-桃園,2023-03-16,1262
2614,東森,101,3,98,宏遠-桃園,2023-03-16,1262
6122,擎邦,67,2,65,宏遠-桃園,2023-03-16,1262
2402,毅嘉,65,12,53,宏遠-桃園,2023-03-16,1262
2413,環科,54,3,51,宏遠-桃園,2023-03-16,1262
2618,長榮航,68,20,48,宏遠-桃園,2023-03-16,1262
6163,華電網,65,21,44,宏遠-桃園,2023-03-16,1262
1514,亞力,40,0,40,宏遠-桃園,2023-03-16,1262
2457,飛宏,43,3,40,宏遠-桃園,2023-03-16,1262
00878,國泰永續高股息,36,0,36,宏遠-桃園,2023-03-16,1262
2603,長榮,62,31,31,宏遠-桃園,2023-03-16,1262
2313,華通,36,5,31,宏遠-桃園,2023-03-16,1262
2891,中信金,34,5,29,宏遠-桃園,2023-03-16,1262
2883,凱基金,32,3,29,宏遠-桃園,2023-03-16,1262
1529,樂事綠能,28,0,28,宏遠-桃園,2023-03-16,1262
2498,宏達電,29,3,26,宏遠-桃園,2023-03-16,1262
1316,上曜,25,0,25,宏遠-桃園,2023-03-16,1262
2328,廣宇,23,0,23,宏遠-桃園,2023-03-16,1262
1337,再生-KY,20,0,20,宏遠-桃園,2023-03-16,1262
4979,華星光,20,0,20,宏遠-桃園,2023-03-16,1262
8049,晶采,20,0,20,宏遠-桃園,2023-03-16,1262
1444,力麗,20,1,19,宏遠-桃園,2023-03-16,1262
0056,元大高股息,23,4,19,宏遠-桃園,2023-03-16,1262
3234,光環,18,0,18,宏遠-桃園,2023-03-16,1262
8936,國統,16,0,16,宏遠-桃園,2023-03-16,1262
2302,麗正,15,0,15,宏遠-桃園,2023-03-16,1262
00713,元大台灣高息低波,13,0,13,宏遠-桃園,2023-03-16,1262
2605,新興,14,1,13,宏遠-桃園,2023-03-16,1262
6592,和潤企業,13,0,13,宏遠-桃園,2023-03-16,1262
6129,普誠,14,2,12,宏遠-桃園,2023-03-16,1262
2884,玉山金,12,0,12,宏遠-桃園,2023-03-16,1262
1312,國喬,10,0,10,宏遠-桃園,2023-03-16,1262
1336,台翰,10,0,10,宏遠-桃園,2023-03-16,1262
1589,永冠-KY,10,0,10,宏遠-桃園,2023-03-16,1262
2425,承啟,10,0,10,宏遠-桃園,2023-03-16,1262
2485,兆赫,10,0,10,宏遠-桃園,2023-03-16,1262
6118,建達,10,0,10,宏遠-桃園,2023-03-16,1262
6411,晶焱,10,0,10,宏遠-桃園,2023-03-16,1262
7402,邑錡,10,0,10,宏遠-桃園,2023-03-16,1262
4532,瑞智,10,1,9,宏遠-桃園,2023-03-16,1262
3037,欣興,10,2,8,宏遠-桃園,2023-03-16,1262
1795,美時,9,2,7,宏遠-桃園,2023-03-16,1262
2461,光群雷,7,0,7,宏遠-桃園,2023-03-16,1262
3532,台勝科,7,0,7,宏遠-桃園,2023-03-16,1262
9945,潤泰新,6,0,6,宏遠-桃園,2023-03-16,1262
2344,華邦電,6,0,6,宏遠-桃園,2023-03-16,1262
1712,興農,6,0,6,宏遠-桃園,2023-03-16,1262
4977,眾達-KY,6,0,6,宏遠-桃園,2023-03-16,1262
5014,建錩,6,0,6,宏遠-桃園,2023-03-16,1262
6461,益得,6,0,6,宏遠-桃園,2023-03-16,1262
00715L,期街口布蘭特正2,303,10,293,宏遠-桃園,2023-03-17,1262
6244,茂迪,103,41,62,宏遠-桃園,2023-03-17,1262
3062,建漢,56,0,56,宏遠-桃園,2023-03-17,1262
3093,港建*,31,0,31,宏遠-桃園,2023-03-17,1262
1708,東鹼,30,0,30,宏遠-桃園,2023-03-17,1262
00680L,元大美債20正2,33,4,29,宏遠-桃園,2023-03-17,1262
3033,威健,25,0,25,宏遠-桃園,2023-03-17,1262
8163,達方,25,0,25,宏遠-桃園,2023-03-17,1262
00712,復華富時不動產,21,1,20,宏遠-桃園,2023-03-17,1262
3703,欣陸,20,0,20,宏遠-桃園,2023-03-17,1262
3402,漢科,19,0,19,宏遠-桃園,2023-03-17,1262
00888,永豐台灣ESG,17,0,17,宏遠-桃園,2023-03-17,1262
4105,東洋,17,0,17,宏遠-桃園,2023-03-17,1262
2388,威盛,71,55,16,宏遠-桃園,2023-03-17,1262
2883,凱基金,16,0,16,宏遠-桃園,2023-03-17,1262
2891,中信金,15,0,15,宏遠-桃園,2023-03-17,1262
4979,華星光,17,2,15,宏遠-桃園,2023-03-17,1262
4976,佳凌,16,3,13,宏遠-桃園,2023-03-17,1262
6291,沛亨,12,0,12,宏遠-桃園,2023-03-17,1262
00753L,中信中國50正2,10,0,10,宏遠-桃園,2023-03-17,1262
00885,富邦越南,10,0,10,宏遠-桃園,2023-03-17,1262
00902,中信電池及儲能,10,0,10,宏遠-桃園,2023-03-17,1262
2476,鉅祥,10,0,10,宏遠-桃園,2023-03-17,1262
2889,國票金,10,0,10,宏遠-桃園,2023-03-17,1262
8033,雷虎,11,1,10,宏遠-桃園,2023-03-17,1262
00642U,期元大S＆P石油,8,0,8,宏遠-桃園,2023-03-17,1262
00671R,富邦NASDAQ反1,8,0,8,宏遠-桃園,2023-03-17,1262
4121,優盛,8,0,8,宏遠-桃園,2023-03-17,1262
00632R,元大台灣50反1,7,0,7,宏遠-桃園,2023-03-17,1262
2406,國碩,7,0,7,宏遠-桃園,2023-03-17,1262
2886,兆豐金,7,0,7,宏遠-桃園,2023-03-17,1262
9904,寶成,7,0,7,宏遠-桃園,2023-03-17,1262
3290,東浦,8,2,6,宏遠-桃園,2023-03-17,1262
3686,達能,6,0,6,宏遠-桃園,2023-03-17,1262
6288,聯嘉,6,0,6,宏遠-桃園,2023-03-17,1262
6799,來頡,6,0,6,宏遠-桃園,2023-03-17,1262
8076,伍豐,6,0,6,宏遠-桃園,2023-03-17,1262
2890,永豐金,5,0,5,宏遠-桃園,2023-03-17,1262
2313,華通,5,0,5,宏遠-桃園,2023-03-17,1262
5483,中美晶,6,1,5,宏遠-桃園,2023-03-17,1262
00919,群益台灣精選高息,5,0,5,宏遠-桃園,2023-03-17,1262
2049,上銀,5,0,5,宏遠-桃園,2023-03-17,1262
3011,今皓,5,0,5,宏遠-桃園,2023-03-17,1262
5608,四維航,5,0,5,宏遠-桃園,2023-03-17,1262
6859,伯特光,5,0,5,宏遠-桃園,2023-03-17,1262
9907,統一實,5,0,5,宏遠-桃園,2023-03-17,1262
2881,富邦金,5,0,5,宏遠-桃園,2023-03-17,1262
2481,強茂,4,0,4,宏遠-桃園,2023-03-17,1262
2482,連宇,7,3,4,宏遠-桃園,2023-03-17,1262
2603,長榮,14,10,4,宏遠-桃園,2023-03-17,1262
1316,上曜,142,8,134,宏遠-桃園,2023-03-20,1262
00642U,期元大S＆P石油,131,0,131,宏遠-桃園,2023-03-20,1262
3481,群創,54,0,54,宏遠-桃園,2023-03-20,1262
6168,宏齊,51,1,50,宏遠-桃園,2023-03-20,1262
00753L,中信中國50正2,45,0,45,宏遠-桃園,2023-03-20,1262
2880,華南金,41,0,41,宏遠-桃園,2023-03-20,1262
00650L,復華香港正2,41,2,39,宏遠-桃園,2023-03-20,1262
1304,台聚,35,1,34,宏遠-桃園,2023-03-20,1262
1732,毛寶,30,0,30,宏遠-桃園,2023-03-20,1262
2359,所羅門,30,2,28,宏遠-桃園,2023-03-20,1262
1514,亞力,30,5,25,宏遠-桃園,2023-03-20,1262
8033,雷虎,21,0,21,宏遠-桃園,2023-03-20,1262
00671R,富邦NASDAQ反1,20,0,20,宏遠-桃園,2023-03-20,1262
4129,聯合,21,1,20,宏遠-桃園,2023-03-20,1262
6188,廣明,20,4,16,宏遠-桃園,2023-03-20,1262
2388,威盛,20,4,16,宏遠-桃園,2023-03-20,1262
2888,新光金,16,0,16,宏遠-桃園,2023-03-20,1262
3037,欣興,21,5,16,宏遠-桃園,2023-03-20,1262
1519,華城,18,3,15,宏遠-桃園,2023-03-20,1262
3260,威剛,15,0,15,宏遠-桃園,2023-03-20,1262
2845,遠東銀,14,0,14,宏遠-桃園,2023-03-20,1262
6443,元晶,33,19,14,宏遠-桃園,2023-03-20,1262
00878,國泰永續高股息,12,0,12,宏遠-桃園,2023-03-20,1262
5534,長虹,12,0,12,宏遠-桃園,2023-03-20,1262
2891,中信金,11,0,11,宏遠-桃園,2023-03-20,1262
00637L,元大滬深300正2,11,0,11,宏遠-桃園,2023-03-20,1262
2303,聯電,48,37,11,宏遠-桃園,2023-03-20,1262
2882,國泰金,10,0,10,宏遠-桃園,2023-03-20,1262
2929,淘帝-KY,10,0,10,宏遠-桃園,2023-03-20,1262
4123,晟德,10,0,10,宏遠-桃園,2023-03-20,1262
4155,訊映,10,0,10,宏遠-桃園,2023-03-20,1262
4977,眾達-KY,11,1,10,宏遠-桃園,2023-03-20,1262
6609,瀧澤科,10,0,10,宏遠-桃園,2023-03-20,1262
2412,中華電,9,0,9,宏遠-桃園,2023-03-20,1262
3046,建��,13,4,9,宏遠-桃園,2023-03-20,1262
6547,高端疫苗,9,0,9,宏遠-桃園,2023-03-20,1262
2885,元大金,8,0,8,宏遠-桃園,2023-03-20,1262
2317,鴻海,8,0,8,宏遠-桃園,2023-03-20,1262
2409,友達,12,4,8,宏遠-桃園,2023-03-20,1262
2462,良得電,7,0,7,宏遠-桃園,2023-03-20,1262
8171,天宇,8,1,7,宏遠-桃園,2023-03-20,1262
1605,華新,6,0,6,宏遠-桃園,2023-03-20,1262
1712,興農,6,0,6,宏遠-桃園,2023-03-20,1262
00885,富邦越南,6,0,6,宏遠-桃園,2023-03-20,1262
00632R,元大台灣50反1,6,0,6,宏遠-桃園,2023-03-20,1262
3558,神準,7,1,6,宏遠-桃園,2023-03-20,1262
00902,中信電池及儲能,6,0,6,宏遠-桃園,2023-03-20,1262
5880,合庫金,5,0,5,宏遠-桃園,2023-03-20,1262
0056,元大高股息,5,0,5,宏遠-桃園,2023-03-20,1262
2377,微星,5,0,5,宏遠-桃園,2023-03-20,1262
2402,毅嘉,121,8,113,宏遠-桃園,2023-03-21,1262
00715L,期街口布蘭特正2,208,115,93,宏遠-桃園,2023-03-21,1262
6213,聯茂,60,8,52,宏遠-桃園,2023-03-21,1262
2476,鉅祥,42,0,42,宏遠-桃園,2023-03-21,1262
2206,三陽工業,41,0,41,宏遠-桃園,2023-03-21,1262
00753L,中信中國50正2,40,0,40,宏遠-桃園,2023-03-21,1262
1535,中宇,25,0,25,宏遠-桃園,2023-03-21,1262
3712,永崴投控,28,3,25,宏遠-桃園,2023-03-21,1262
2427,三商電,21,0,21,宏遠-桃園,2023-03-21,1262
8049,晶采,20,0,20,宏遠-桃園,2023-03-21,1262
6129,普誠,26,7,19,宏遠-桃園,2023-03-21,1262
6443,元晶,23,4,19,宏遠-桃園,2023-03-21,1262
3027,盛達,18,3,15,宏遠-桃園,2023-03-21,1262
00885,富邦越南,15,0,15,宏遠-桃園,2023-03-21,1262
8050,廣積,13,0,13,宏遠-桃園,2023-03-21,1262
3323,加百裕,12,0,12,宏遠-桃園,2023-03-21,1262
2891,中信金,11,0,11,宏遠-桃園,2023-03-21,1262
2457,飛宏,29,19,10,宏遠-桃園,2023-03-21,1262
6180,橘子,11,1,10,宏遠-桃園,2023-03-21,1262
1608,華榮,10,0,10,宏遠-桃園,2023-03-21,1262
00680L,元大美債20正2,10,0,10,宏遠-桃園,2023-03-21,1262
3094,聯傑,10,0,10,宏遠-桃園,2023-03-21,1262
00878,國泰永續高股息,9,0,9,宏遠-桃園,2023-03-21,1262
1514,亞力,8,0,8,宏遠-桃園,2023-03-21,1262
6733,博晟生醫,8,0,8,宏遠-桃園,2023-03-21,1262
1720,生達,7,0,7,宏遠-桃園,2023-03-21,1262
5284,jpp-KY,9,2,7,宏遠-桃園,2023-03-21,1262
3533,嘉澤,6,0,6,宏遠-桃園,2023-03-21,1262
3037,欣興,11,5,6,宏遠-桃園,2023-03-21,1262
1609,大亞,6,0,6,宏遠-桃園,2023-03-21,1262
0056,元大高股息,6,0,6,宏遠-桃園,2023-03-21,1262
2317,鴻海,6,0,6,宏遠-桃園,2023-03-21,1262
6122,擎邦,6,0,6,宏遠-桃園,2023-03-21,1262
5258,虹堡,11,5,6,宏遠-桃園,2023-03-21,1262
1313,聯成,5,0,5,宏遠-桃園,2023-03-21,1262
1312,國喬,5,0,5,宏遠-桃園,2023-03-21,1262
1522,堤維西,5,0,5,宏遠-桃園,2023-03-21,1262
2515,中工,5,0,5,宏遠-桃園,2023-03-21,1262
3207,耀勝,5,0,5,宏遠-桃園,2023-03-21,1262
3260,威剛,5,0,5,宏遠-桃園,2023-03-21,1262
3693,營邦,6,1,5,宏遠-桃園,2023-03-21,1262
8271,宇瞻,5,0,5,宏遠-桃園,2023-03-21,1262
4743,合一,5,1,4,宏遠-桃園,2023-03-21,1262
1524,耿鼎,6,2,4,宏遠-桃園,2023-03-21,1262
1709,和益,4,0,4,宏遠-桃園,2023-03-21,1262
2413,環科,4,0,4,宏遠-桃園,2023-03-21,1262
6462,神盾,5,1,4,宏遠-桃園,2023-03-21,1262
6576,逸達,4,0,4,宏遠-桃園,2023-03-21,1262
1503,士電,4,1,3,宏遠-桃園,2023-03-21,1262
00888,永豐台灣ESG,3,0,3,宏遠-桃園,2023-03-21,1262
1529,樂事綠能,132,2,130,宏遠-桃園,2023-03-22,1262
6213,聯茂,65,8,57,宏遠-桃園,2023-03-22,1262
5483,中美晶,59,3,56,宏遠-桃園,2023-03-22,1262
2888,新光金,35,0,35,宏遠-桃園,2023-03-22,1262
00632R,元大台灣50反1,34,0,34,宏遠-桃園,2023-03-22,1262
6443,元晶,33,2,31,宏遠-桃園,2023-03-22,1262
00795B,中信美國公債20年,25,0,25,宏遠-桃園,2023-03-22,1262
8222,寶一,24,2,22,宏遠-桃園,2023-03-22,1262
8049,晶采,20,0,20,宏遠-桃園,2023-03-22,1262
1514,亞力,23,4,19,宏遠-桃園,2023-03-22,1262
00679B,元大美債20年,18,0,18,宏遠-桃園,2023-03-22,1262
8931,大汽電,16,0,16,宏遠-桃園,2023-03-22,1262
3027,盛達,25,10,15,宏遠-桃園,2023-03-22,1262
2302,麗正,17,3,14,宏遠-桃園,2023-03-22,1262
1720,生達,13,0,13,宏遠-桃園,2023-03-22,1262
00772B,中信高評級公司債,12,0,12,宏遠-桃園,2023-03-22,1262
6129,普誠,13,1,12,宏遠-桃園,2023-03-22,1262
00680L,元大美債20正2,11,0,11,宏遠-桃園,2023-03-22,1262
00712,復華富時不動產,10,0,10,宏遠-桃園,2023-03-22,1262
1608,華榮,10,0,10,宏遠-桃園,2023-03-22,1262
2014,中鴻,10,0,10,宏遠-桃園,2023-03-22,1262
4543,萬在,10,0,10,宏遠-桃園,2023-03-22,1262
6592,和潤企業,10,0,10,宏遠-桃園,2023-03-22,1262
3231,緯創,12,3,9,宏遠-桃園,2023-03-22,1262
2317,鴻海,8,0,8,宏遠-桃園,2023-03-22,1262
3494,誠研,8,0,8,宏遠-桃園,2023-03-22,1262
6411,晶焱,8,0,8,宏遠-桃園,2023-03-22,1262
3162,精確,32,25,7,宏遠-桃園,2023-03-22,1262
1513,中興電,15,8,7,宏遠-桃園,2023-03-22,1262
3058,立德,7,0,7,宏遠-桃園,2023-03-22,1262
3419,譁裕,7,0,7,宏遠-桃園,2023-03-22,1262
5425,台半,27,20,7,宏遠-桃園,2023-03-22,1262
6163,華電網,7,0,7,宏遠-桃園,2023-03-22,1262
2457,飛宏,25,18,7,宏遠-桃園,2023-03-22,1262
2482,連宇,25,19,6,宏遠-桃園,2023-03-22,1262
3491,昇達科,6,0,6,宏遠-桃園,2023-03-22,1262
6112,邁達特,6,0,6,宏遠-桃園,2023-03-22,1262
6609,瀧澤科,6,0,6,宏遠-桃園,2023-03-22,1262
1611,中電,5,0,5,宏遠-桃園,2023-03-22,1262
1732,毛寶,5,0,5,宏遠-桃園,2023-03-22,1262
2027,大成鋼,5,0,5,宏遠-桃園,2023-03-22,1262
2430,燦坤,5,0,5,宏遠-桃園,2023-03-22,1262
6116,彩晶,5,0,5,宏遠-桃園,2023-03-22,1262
6245,立端,5,0,5,宏遠-桃園,2023-03-22,1262
1229,聯華,4,0,4,宏遠-桃園,2023-03-22,1262
00751B,元大AAA至A公司債,4,0,4,宏遠-桃園,2023-03-22,1262
2462,良得電,4,0,4,宏遠-桃園,2023-03-22,1262
2883,凱基金,5,1,4,宏遠-桃園,2023-03-22,1262
3558,神準,4,0,4,宏遠-桃園,2023-03-22,1262
3712,永崴投控,4,0,4,宏遠-桃園,2023-03-22,1262
00720B,元大投資級公司債,240,0,240,宏遠-桃園,2023-03-23,1262
3037,欣興,205,7,198,宏遠-桃園,2023-03-23,1262
2402,毅嘉,181,12,169,宏遠-桃園,2023-03-23,1262
00632R,元大台灣50反1,107,0,107,宏遠-桃園,2023-03-23,1262
3481,群創,58,0,58,宏遠-桃園,2023-03-23,1262
2340,台亞,45,0,45,宏遠-桃園,2023-03-23,1262
4543,萬在,45,0,45,宏遠-桃園,2023-03-23,1262
00751B,元大AAA至A公司債,41,0,41,宏遠-桃園,2023-03-23,1262
6578,達邦蛋白,40,0,40,宏遠-桃園,2023-03-23,1262
4306,炎洲,41,10,31,宏遠-桃園,2023-03-23,1262
8049,晶采,31,0,31,宏遠-桃園,2023-03-23,1262
00795B,中信美國公債20年,30,0,30,宏遠-桃園,2023-03-23,1262
2634,漢翔,31,1,30,宏遠-桃園,2023-03-23,1262
1589,永冠-KY,19,2,17,宏遠-桃園,2023-03-23,1262
2206,三陽工業,17,0,17,宏遠-桃園,2023-03-23,1262
6715,嘉基,18,1,17,宏遠-桃園,2023-03-23,1262
3094,聯傑,19,3,16,宏遠-桃園,2023-03-23,1262
00885,富邦越南,13,0,13,宏遠-桃園,2023-03-23,1262
6163,華電網,12,0,12,宏遠-桃園,2023-03-23,1262
5222,全訊,12,1,11,宏遠-桃園,2023-03-23,1262
2409,友達,11,0,11,宏遠-桃園,2023-03-23,1262
6190,萬泰科,11,0,11,宏遠-桃園,2023-03-23,1262
00919,群益台灣精選高息,11,0,11,宏遠-桃園,2023-03-23,1262
2014,中鴻,10,0,10,宏遠-桃園,2023-03-23,1262
2313,華通,10,0,10,宏遠-桃園,2023-03-23,1262
2476,鉅祥,10,0,10,宏遠-桃園,2023-03-23,1262
2904,匯僑,10,0,10,宏遠-桃園,2023-03-23,1262
3188,鑫龍騰,10,0,10,宏遠-桃園,2023-03-23,1262
3221,台嘉碩,10,0,10,宏遠-桃園,2023-03-23,1262
3712,永崴投控,10,0,10,宏遠-桃園,2023-03-23,1262
5484,慧友,10,0,10,宏遠-桃園,2023-03-23,1262
6118,建達,10,0,10,宏遠-桃園,2023-03-23,1262
5351,鈺創,21,11,10,宏遠-桃園,2023-03-23,1262
6446,藥華藥,8,0,8,宏遠-桃園,2023-03-23,1262
00772B,中信高評級公司債,8,0,8,宏遠-桃園,2023-03-23,1262
2481,強茂,9,1,8,宏遠-桃園,2023-03-23,1262
5225,東科-KY,8,0,8,宏遠-桃園,2023-03-23,1262
2485,兆赫,10,3,7,宏遠-桃園,2023-03-23,1262
3010,華立,7,0,7,宏遠-桃園,2023-03-23,1262
1445,大宇,6,0,6,宏遠-桃園,2023-03-23,1262
1524,耿鼎,8,2,6,宏遠-桃園,2023-03-23,1262
5014,建錩,6,0,6,宏遠-桃園,2023-03-23,1262
00674R,期元大S＆P黃金反1,5,0,5,宏遠-桃園,2023-03-23,1262
2430,燦坤,5,0,5,宏遠-桃園,2023-03-23,1262
4919,新唐,10,5,5,宏遠-桃園,2023-03-23,1262
6233,旺玖,6,1,5,宏遠-桃園,2023-03-23,1262
6859,伯特光,5,0,5,宏遠-桃園,2023-03-23,1262
8112,至上,5,0,5,宏遠-桃園,2023-03-23,1262
9933,中鼎,5,0,5,宏遠-桃園,2023-03-23,1262
6531,愛普*,7,2,5,宏遠-桃園,2023-03-23,1262
3706,神達,200,0,200,宏遠-桃園,2023-03-24,1262
00720B,元大投資級公司債,106,0,106,宏遠-桃園,2023-03-24,1262
3027,盛達,50,5,45,宏遠-桃園,2023-03-24,1262
6223,旺矽,71,27,44,宏遠-桃園,2023-03-24,1262
1529,樂事綠能,33,1,32,宏遠-桃園,2023-03-24,1262
2387,精元,25,0,25,宏遠-桃園,2023-03-24,1262
5222,全訊,24,0,24,宏遠-桃園,2023-03-24,1262
2017,官田鋼,20,0,20,宏遠-桃園,2023-03-24,1262
2834,臺企銀,20,0,20,宏遠-桃園,2023-03-24,1262
6743,安普新,20,0,20,宏遠-桃園,2023-03-24,1262
6180,橘子,17,0,17,宏遠-桃園,2023-03-24,1262
00751B,元大AAA至A公司債,16,0,16,宏遠-桃園,2023-03-24,1262
2392,正崴,27,11,16,宏遠-桃園,2023-03-24,1262
6147,頎邦,16,0,16,宏遠-桃園,2023-03-24,1262
8049,晶采,16,0,16,宏遠-桃園,2023-03-24,1262
2303,聯電,66,53,13,宏遠-桃園,2023-03-24,1262
1709,和益,13,0,13,宏遠-桃園,2023-03-24,1262
6609,瀧澤科,13,0,13,宏遠-桃園,2023-03-24,1262
8222,寶一,13,0,13,宏遠-桃園,2023-03-24,1262
2515,中工,12,0,12,宏遠-桃園,2023-03-24,1262
3617,碩天,12,0,12,宏遠-桃園,2023-03-24,1262
4768,晶呈科技,12,0,12,宏遠-桃園,2023-03-24,1262
2603,長榮,18,7,11,宏遠-桃園,2023-03-24,1262
1718,中纖,10,0,10,宏遠-桃園,2023-03-24,1262
2338,光罩,17,7,10,宏遠-桃園,2023-03-24,1262
3078,僑威,10,0,10,宏遠-桃園,2023-03-24,1262
4306,炎洲,10,0,10,宏遠-桃園,2023-03-24,1262
6843,進典,10,0,10,宏遠-桃園,2023-03-24,1262
1605,華新,16,7,9,宏遠-桃園,2023-03-24,1262
2327,國巨,15,6,9,宏遠-桃園,2023-03-24,1262
3526,凡甲,9,0,9,宏遠-桃園,2023-03-24,1262
6160,欣技,12,3,9,宏遠-桃園,2023-03-24,1262
6244,茂迪,13,4,9,宏遠-桃園,2023-03-24,1262
5014,建錩,10,2,8,宏遠-桃園,2023-03-24,1262
6205,詮欣,8,0,8,宏遠-桃園,2023-03-24,1262
6715,嘉基,10,2,8,宏遠-桃園,2023-03-24,1262
1589,永冠-KY,7,0,7,宏遠-桃園,2023-03-24,1262
3231,緯創,12,5,7,宏遠-桃園,2023-03-24,1262
3701,大眾控,7,0,7,宏遠-桃園,2023-03-24,1262
00637L,元大滬深300正2,9,3,6,宏遠-桃園,2023-03-24,1262
1504,東元,17,11,6,宏遠-桃園,2023-03-24,1262
3010,華立,6,0,6,宏遠-桃園,2023-03-24,1262
6443,元晶,11,5,6,宏遠-桃園,2023-03-24,1262
3035,智原,17,11,6,宏遠-桃園,2023-03-24,1262
1611,中電,5,0,5,宏遠-桃園,2023-03-24,1262
1795,美時,10,5,5,宏遠-桃園,2023-03-24,1262
3645,達邁,5,0,5,宏遠-桃園,2023-03-24,1262
8927,北基,5,0,5,宏遠-桃園,2023-03-24,1262
8936,國統,5,0,5,宏遠-桃園,2023-03-24,1262
3189,景碩,4,0,4,宏遠-桃園,2023-03-24,1262
6288,聯嘉,106,1,105,宏遠-桃園,2023-03-27,1262
3056,富華新,41,0,41,宏遠-桃園,2023-03-27,1262
4147,中裕,40,0,40,宏遠-桃園,2023-03-27,1262
1605,華新,42,3,39,宏遠-桃園,2023-03-27,1262
1718,中纖,40,1,39,宏遠-桃園,2023-03-27,1262
2317,鴻海,39,0,39,宏遠-桃園,2023-03-27,1262
1101,台泥,41,3,38,宏遠-桃園,2023-03-27,1262
3047,訊舟,36,2,34,宏遠-桃園,2023-03-27,1262
6138,茂達,38,4,34,宏遠-桃園,2023-03-27,1262
1336,台翰,33,0,33,宏遠-桃園,2023-03-27,1262
00720B,元大投資級公司債,31,0,31,宏遠-桃園,2023-03-27,1262
8072,陞泰,30,0,30,宏遠-桃園,2023-03-27,1262
2421,建準,38,9,29,宏遠-桃園,2023-03-27,1262
3037,欣興,31,3,28,宏遠-桃園,2023-03-27,1262
00637L,元大滬深300正2,41,15,26,宏遠-桃園,2023-03-27,1262
2453,凌群,24,0,24,宏遠-桃園,2023-03-27,1262
00650L,復華香港正2,42,19,23,宏遠-桃園,2023-03-27,1262
1529,樂事綠能,23,0,23,宏遠-桃園,2023-03-27,1262
3338,泰碩,23,0,23,宏遠-桃園,2023-03-27,1262
3046,建��,21,0,21,宏遠-桃園,2023-03-27,1262
4950,牧東,21,0,21,宏遠-桃園,2023-03-27,1262
6129,普誠,20,0,20,宏遠-桃園,2023-03-27,1262
2482,連宇,36,17,19,宏遠-桃園,2023-03-27,1262
4977,眾達-KY,16,0,16,宏遠-桃園,2023-03-27,1262
9904,寶成,16,0,16,宏遠-桃園,2023-03-27,1262
00900,富邦特選高股息30,15,0,15,宏遠-桃園,2023-03-27,1262
6180,橘子,13,0,13,宏遠-桃園,2023-03-27,1262
2476,鉅祥,13,1,12,宏遠-桃園,2023-03-27,1262
00631L,元大台灣50正2,10,0,10,宏遠-桃園,2023-03-27,1262
00753L,中信中國50正2,25,15,10,宏遠-桃園,2023-03-27,1262
1504,東元,15,5,10,宏遠-桃園,2023-03-27,1262
1615,大山,10,0,10,宏遠-桃園,2023-03-27,1262
2607,榮運,10,0,10,宏遠-桃園,2023-03-27,1262
2630,亞航,10,0,10,宏遠-桃園,2023-03-27,1262
6153,嘉聯益,10,0,10,宏遠-桃園,2023-03-27,1262
2645,長榮航太,10,1,9,宏遠-桃園,2023-03-27,1262
4967,十銓,9,0,9,宏遠-桃園,2023-03-27,1262
00715L,期街口布蘭特正2,19,10,9,宏遠-桃園,2023-03-27,1262
00795B,中信美國公債20年,8,0,8,宏遠-桃園,2023-03-27,1262
2834,臺企銀,8,0,8,宏遠-桃園,2023-03-27,1262
3188,鑫龍騰,8,0,8,宏遠-桃園,2023-03-27,1262
6443,元晶,9,1,8,宏遠-桃園,2023-03-27,1262
8222,寶一,22,14,8,宏遠-桃園,2023-03-27,1262
6235,華孚,14,6,8,宏遠-桃園,2023-03-27,1262
2371,大同,7,0,7,宏遠-桃園,2023-03-27,1262
2392,正崴,8,1,7,宏遠-桃園,2023-03-27,1262
2402,毅嘉,7,1,6,宏遠-桃園,2023-03-27,1262
2610,華航,6,0,6,宏遠-桃園,2023-03-27,1262
3050,鈺德,10,4,6,宏遠-桃園,2023-03-27,1262
6279,胡連,6,0,6,宏遠-桃園,2023-03-27,1262
00795B,中信美國公債20年,80,0,80,宏遠-桃園,2023-03-28,1262
2303,聯電,99,26,73,宏遠-桃園,2023-03-28,1262
1605,華新,67,8,59,宏遠-桃園,2023-03-28,1262
2317,鴻海,60,5,55,宏遠-桃園,2023-03-28,1262
1584,精剛,45,3,42,宏遠-桃園,2023-03-28,1262
1316,上曜,40,0,40,宏遠-桃園,2023-03-28,1262
6698,旭暉應材,40,0,40,宏遠-桃園,2023-03-28,1262
3037,欣興,37,0,37,宏遠-桃園,2023-03-28,1262
2485,兆赫,35,0,35,宏遠-桃園,2023-03-28,1262
1514,亞力,34,0,34,宏遠-桃園,2023-03-28,1262
00679B,元大美債20年,33,0,33,宏遠-桃園,2023-03-28,1262
00753L,中信中國50正2,30,0,30,宏遠-桃園,2023-03-28,1262
00671R,富邦NASDAQ反1,25,0,25,宏遠-桃園,2023-03-28,1262
00720B,元大投資級公司債,22,0,22,宏遠-桃園,2023-03-28,1262
3707,漢磊,24,3,21,宏遠-桃園,2023-03-28,1262
3481,群創,22,4,18,宏遠-桃園,2023-03-28,1262
1524,耿鼎,16,0,16,宏遠-桃園,2023-03-28,1262
2476,鉅祥,14,0,14,宏遠-桃園,2023-03-28,1262
1437,勤益控,13,0,13,宏遠-桃園,2023-03-28,1262
00680L,元大美債20正2,13,0,13,宏遠-桃園,2023-03-28,1262
3653,健策,13,0,13,宏遠-桃園,2023-03-28,1262
1732,毛寶,12,0,12,宏遠-桃園,2023-03-28,1262
2409,友達,12,0,12,宏遠-桃園,2023-03-28,1262
00673R,期元大S＆P原油反1,15,4,11,宏遠-桃園,2023-03-28,1262
3093,港建*,11,0,11,宏遠-桃園,2023-03-28,1262
6147,頎邦,11,0,11,宏遠-桃園,2023-03-28,1262
1444,力麗,10,0,10,宏遠-桃園,2023-03-28,1262
2302,麗正,10,0,10,宏遠-桃園,2023-03-28,1262
2412,中華電,10,0,10,宏遠-桃園,2023-03-28,1262
3324,雙鴻,10,0,10,宏遠-桃園,2023-03-28,1262
4909,新復興,10,0,10,宏遠-桃園,2023-03-28,1262
6118,建達,11,1,10,宏遠-桃園,2023-03-28,1262
6285,啟��,11,2,9,宏遠-桃園,2023-03-28,1262
00772B,中信高評級公司債,9,0,9,宏遠-桃園,2023-03-28,1262
2453,凌群,24,15,9,宏遠-桃園,2023-03-28,1262
3025,星通,10,1,9,宏遠-桃園,2023-03-28,1262
4977,眾達-KY,9,0,9,宏遠-桃園,2023-03-28,1262
00893,國泰智能電動車,8,0,8,宏遠-桃園,2023-03-28,1262
3035,智原,14,6,8,宏遠-桃園,2023-03-28,1262
00751B,元大AAA至A公司債,7,0,7,宏遠-桃園,2023-03-28,1262
3272,東碩,7,0,7,宏遠-桃園,2023-03-28,1262
6589,台康生技,6,0,6,宏遠-桃園,2023-03-28,1262
00688L,國泰20年美債正2,6,0,6,宏遠-桃園,2023-03-28,1262
2404,漢唐,7,1,6,宏遠-桃園,2023-03-28,1262
2539,櫻花建,6,0,6,宏遠-桃園,2023-03-28,1262
6163,華電網,6,0,6,宏遠-桃園,2023-03-28,1262
00922,國泰台灣領袖50,6,0,6,宏遠-桃園,2023-03-28,1262
3714,富采,10,5,5,宏遠-桃園,2023-03-28,1262
2356,英業達,5,0,5,宏遠-桃園,2023-03-28,1262
2367,燿華,5,0,5,宏遠-桃園,2023-03-28,1262
00795B,中信美國公債20年,53,0,53,宏遠-桃園,2023-03-29,1262
1529,樂事綠能,45,2,43,宏遠-桃園,2023-03-29,1262
2303,聯電,80,39,41,宏遠-桃園,2023-03-29,1262
00772B,中信高評級公司債,37,0,37,宏遠-桃園,2023-03-29,1262
00751B,元大AAA至A公司債,30,0,30,宏遠-桃園,2023-03-29,1262
2476,鉅祥,26,0,26,宏遠-桃園,2023-03-29,1262
00720B,元大投資級公司債,23,0,23,宏遠-桃園,2023-03-29,1262
3706,神達,21,0,21,宏遠-桃園,2023-03-29,1262
6485,點序,22,1,21,宏遠-桃園,2023-03-29,1262
2889,國票金,20,0,20,宏遠-桃園,2023-03-29,1262
2340,台亞,20,0,20,宏遠-桃園,2023-03-29,1262
3714,富采,23,5,18,宏遠-桃園,2023-03-29,1262
6274,台燿,19,1,18,宏遠-桃園,2023-03-29,1262
3583,辛耘,16,1,15,宏遠-桃園,2023-03-29,1262
00715L,期街口布蘭特正2,79,66,13,宏遠-桃園,2023-03-29,1262
6147,頎邦,13,0,13,宏遠-桃園,2023-03-29,1262
2481,強茂,13,1,12,宏遠-桃園,2023-03-29,1262
00922,國泰台灣領袖50,11,0,11,宏遠-桃園,2023-03-29,1262
4746,台耀,14,3,11,宏遠-桃園,2023-03-29,1262
00642U,期元大S＆P石油,10,0,10,宏遠-桃園,2023-03-29,1262
3105,穩懋,12,2,10,宏遠-桃園,2023-03-29,1262
1337,再生-KY,10,0,10,宏遠-桃園,2023-03-29,1262
00753L,中信中國50正2,15,5,10,宏遠-桃園,2023-03-29,1262
2375,凱美,10,0,10,宏遠-桃園,2023-03-29,1262
3078,僑威,10,0,10,宏遠-桃園,2023-03-29,1262
4907,富宇,10,0,10,宏遠-桃園,2023-03-29,1262
4142,國光生,8,0,8,宏遠-桃園,2023-03-29,1262
2601,益航,7,0,7,宏遠-桃園,2023-03-29,1262
5203,訊連,7,0,7,宏遠-桃園,2023-03-29,1262
8926,台汽電,9,2,7,宏遠-桃園,2023-03-29,1262
00679B,元大美債20年,6,0,6,宏遠-桃園,2023-03-29,1262
2645,長榮航太,10,4,6,宏遠-桃園,2023-03-29,1262
5222,全訊,6,0,6,宏遠-桃園,2023-03-29,1262
2748,雲品,6,0,6,宏遠-桃園,2023-03-29,1262
00632R,元大台灣50反1,5,0,5,宏遠-桃園,2023-03-29,1262
1560,中砂,5,0,5,宏遠-桃園,2023-03-29,1262
00919,群益台灣精選高息,5,0,5,宏遠-桃園,2023-03-29,1262
1108,幸福,5,0,5,宏遠-桃園,2023-03-29,1262
2014,中鴻,5,0,5,宏遠-桃園,2023-03-29,1262
2017,官田鋼,5,0,5,宏遠-桃園,2023-03-29,1262
2371,大同,5,0,5,宏遠-桃園,2023-03-29,1262
2376,技嘉,5,0,5,宏遠-桃園,2023-03-29,1262
2618,長榮航,9,4,5,宏遠-桃園,2023-03-29,1262
3324,雙鴻,26,21,5,宏遠-桃園,2023-03-29,1262
3374,精材,5,0,5,宏遠-桃園,2023-03-29,1262
5014,建錩,5,0,5,宏遠-桃園,2023-03-29,1262
8928,鉅明,5,0,5,宏遠-桃園,2023-03-29,1262
8936,國統,5,0,5,宏遠-桃園,2023-03-29,1262
9945,潤泰新,5,0,5,宏遠-桃園,2023-03-29,1262
6770,力積電,4,0,4,宏遠-桃園,2023-03-29,1262
5351,鈺創,38,1,37,宏遠-桃園,2023-03-30,1262
00671R,富邦NASDAQ反1,34,0,34,宏遠-桃園,2023-03-30,1262
00795B,中信美國公債20年,27,1,26,宏遠-桃園,2023-03-30,1262
3217,優群,24,0,24,宏遠-桃園,2023-03-30,1262
1101,台泥,21,0,21,宏遠-桃園,2023-03-30,1262
2002,中鋼,30,11,19,宏遠-桃園,2023-03-30,1262
00648R,元大S＆P500反1,16,0,16,宏遠-桃園,2023-03-30,1262
00669R,國泰美國道瓊反1,12,0,12,宏遠-桃園,2023-03-30,1262
8927,北基,12,0,12,宏遠-桃園,2023-03-30,1262
2889,國票金,11,0,11,宏遠-桃園,2023-03-30,1262
3479,安勤,11,0,11,宏遠-桃園,2023-03-30,1262
3705,永信,11,1,10,宏遠-桃園,2023-03-30,1262
3715,定穎投控,20,10,10,宏遠-桃園,2023-03-30,1262
6245,立端,10,0,10,宏遠-桃園,2023-03-30,1262
1611,中電,9,0,9,宏遠-桃園,2023-03-30,1262
2421,建準,11,2,9,宏遠-桃園,2023-03-30,1262
6223,旺矽,10,1,9,宏遠-桃園,2023-03-30,1262
8088,品安,12,3,9,宏遠-桃園,2023-03-30,1262
3231,緯創,26,18,8,宏遠-桃園,2023-03-30,1262
00882,中信中國高股息,7,0,7,宏遠-桃園,2023-03-30,1262
1316,上曜,6,0,6,宏遠-桃園,2023-03-30,1262
2610,華航,8,2,6,宏遠-桃園,2023-03-30,1262
3029,零壹,6,0,6,宏遠-桃園,2023-03-30,1262
4743,合一,7,1,6,宏遠-桃園,2023-03-30,1262
5876,上海商銀,6,0,6,宏遠-桃園,2023-03-30,1262
6143,振曜,17,11,6,宏遠-桃園,2023-03-30,1262
6216,居易,6,0,6,宏遠-桃園,2023-03-30,1262
8033,雷虎,6,0,6,宏遠-桃園,2023-03-30,1262
00680L,元大美債20正2,5,0,5,宏遠-桃園,2023-03-30,1262
1312,國喬,5,0,5,宏遠-桃園,2023-03-30,1262
2359,所羅門,8,3,5,宏遠-桃園,2023-03-30,1262
2618,長榮航,7,2,5,宏遠-桃園,2023-03-30,1262
3010,華立,5,0,5,宏遠-桃園,2023-03-30,1262
6129,普誠,5,0,5,宏遠-桃園,2023-03-30,1262
6550,北極星藥業-KY,5,0,5,宏遠-桃園,2023-03-30,1262
8277,商丞,5,0,5,宏遠-桃園,2023-03-30,1262
2882,國泰金,4,0,4,宏遠-桃園,2023-03-30,1262
3189,景碩,4,0,4,宏遠-桃園,2023-03-30,1262
3491,昇達科,8,4,4,宏遠-桃園,2023-03-30,1262
4105,東洋,4,0,4,宏遠-桃園,2023-03-30,1262
4123,晟德,4,0,4,宏遠-桃園,2023-03-30,1262
5483,中美晶,5,1,4,宏遠-桃園,2023-03-30,1262
6244,茂迪,4,0,4,宏遠-桃園,2023-03-30,1262
6446,藥華藥,9,6,3,宏遠-桃園,2023-03-30,1262
2707,晶華,3,0,3,宏遠-桃園,2023-03-30,1262
2603,長榮,3,0,3,宏遠-桃園,2023-03-30,1262
1440,南紡,3,0,3,宏遠-桃園,2023-03-30,1262
2392,正崴,3,0,3,宏遠-桃園,2023-03-30,1262
2427,三商電,6,3,3,宏遠-桃園,2023-03-30,1262
3558,神準,3,0,3,宏遠-桃園,2023-03-30,1262
00632R,元大台灣50反1,61,0,61,宏遠-桃園,2023-03-31,1262
6285,啟��,50,5,45,宏遠-桃園,2023-03-31,1262
1316,上曜,42,0,42,宏遠-桃園,2023-03-31,1262
6223,旺矽,25,0,25,宏遠-桃園,2023-03-31,1262
2482,連宇,39,15,24,宏遠-桃園,2023-03-31,1262
00795B,中信美國公債20年,20,0,20,宏遠-桃園,2023-03-31,1262
2534,宏盛,19,0,19,宏遠-桃園,2023-03-31,1262
6122,擎邦,42,26,16,宏遠-桃園,2023-03-31,1262
3673,TPK-KY,15,0,15,宏遠-桃園,2023-03-31,1262
00673R,期元大S＆P原油反1,14,0,14,宏遠-桃園,2023-03-31,1262
3346,麗清,12,0,12,宏遠-桃園,2023-03-31,1262
1789,神隆,11,0,11,宏遠-桃園,2023-03-31,1262
2850,新產,10,0,10,宏遠-桃園,2023-03-31,1262
2349,錸德,10,0,10,宏遠-桃園,2023-03-31,1262
6288,聯嘉,10,0,10,宏遠-桃園,2023-03-31,1262
6443,元晶,11,1,10,宏遠-桃園,2023-03-31,1262
6719,力智,10,0,10,宏遠-桃園,2023-03-31,1262
2457,飛宏,18,8,10,宏遠-桃園,2023-03-31,1262
2392,正崴,9,0,9,宏遠-桃園,2023-03-31,1262
1589,永冠-KY,9,1,8,宏遠-桃園,2023-03-31,1262
2409,友達,8,0,8,宏遠-桃園,2023-03-31,1262
3105,穩懋,7,0,7,宏遠-桃園,2023-03-31,1262
2371,大同,10,3,7,宏遠-桃園,2023-03-31,1262
2618,長榮航,6,0,6,宏遠-桃園,2023-03-31,1262
3081,聯亞,6,0,6,宏遠-桃園,2023-03-31,1262
3209,全科,6,0,6,宏遠-桃園,2023-03-31,1262
3231,緯創,13,7,6,宏遠-桃園,2023-03-31,1262
3532,台勝科,6,0,6,宏遠-桃園,2023-03-31,1262
3711,日月光投控,6,0,6,宏遠-桃園,2023-03-31,1262
1504,東元,5,0,5,宏遠-桃園,2023-03-31,1262
00688L,國泰20年美債正2,5,0,5,宏遠-桃園,2023-03-31,1262
00712,復華富時不動產,5,0,5,宏遠-桃園,2023-03-31,1262
00900,富邦特選高股息30,5,0,5,宏遠-桃園,2023-03-31,1262
2317,鴻海,10,5,5,宏遠-桃園,2023-03-31,1262
3013,晟銘電,6,1,5,宏遠-桃園,2023-03-31,1262
3024,憶聲,5,0,5,宏遠-桃園,2023-03-31,1262
3234,光環,5,0,5,宏遠-桃園,2023-03-31,1262
3272,東碩,5,0,5,宏遠-桃園,2023-03-31,1262
3624,光頡,5,0,5,宏遠-桃園,2023-03-31,1262
5522,遠雄,5,0,5,宏遠-桃園,2023-03-31,1262
9105,泰金寶-DR,5,0,5,宏遠-桃園,2023-03-31,1262
00907,永豐優息存股,4,0,4,宏遠-桃園,2023-03-31,1262
00674R,期元大S＆P黃金反1,4,0,4,宏遠-桃園,2023-03-31,1262
00730,富邦臺灣優質高息,4,0,4,宏遠-桃園,2023-03-31,1262
2645,長榮航太,5,1,4,宏遠-桃園,2023-03-31,1262
3693,營邦,6,2,4,宏遠-桃園,2023-03-31,1262
6182,合晶,5,1,4,宏遠-桃園,2023-03-31,1262
6274,台燿,6,2,4,宏遠-桃園,2023-03-31,1262
8046,南電,8,4,4,宏遠-桃園,2023-03-31,1262
4746,台耀,5,1,4,宏遠-桃園,2023-03-31,1262
2427,三商電,80,15,65,宏遠-桃園,2023-04-06,1262
6505,台塑化,50,0,50,宏遠-桃園,2023-04-06,1262
3312,弘憶股,49,0,49,宏遠-桃園,2023-04-06,1262
3037,欣興,45,1,44,宏遠-桃園,2023-04-06,1262
00665L,富邦�琤肭磪囓�2,40,0,40,宏遠-桃園,2023-04-06,1262
2340,台亞,40,0,40,宏遠-桃園,2023-04-06,1262
1529,樂事綠能,40,5,35,宏遠-桃園,2023-04-06,1262
00923,群益台ESG低碳50,30,0,30,宏遠-桃園,2023-04-06,1262
00673R,期元大S＆P原油反1,30,0,30,宏遠-桃園,2023-04-06,1262
3032,偉訓,30,0,30,宏遠-桃園,2023-04-06,1262
2317,鴻海,38,10,28,宏遠-桃園,2023-04-06,1262
6285,啟��,28,0,28,宏遠-桃園,2023-04-06,1262
00671R,富邦NASDAQ反1,25,0,25,宏遠-桃園,2023-04-06,1262
00637L,元大滬深300正2,25,1,24,宏遠-桃園,2023-04-06,1262
2891,中信金,29,5,24,宏遠-桃園,2023-04-06,1262
1319,東陽,21,1,20,宏遠-桃園,2023-04-06,1262
2450,神腦,20,0,20,宏遠-桃園,2023-04-06,1262
6806,森崴能源,20,0,20,宏遠-桃園,2023-04-06,1262
2884,玉山金,20,3,17,宏遠-桃園,2023-04-06,1262
8069,元太,16,2,14,宏遠-桃園,2023-04-06,1262
8222,寶一,16,2,14,宏遠-桃園,2023-04-06,1262
4763,材料-KY,13,0,13,宏遠-桃園,2023-04-06,1262
00902,中信電池及儲能,12,0,12,宏遠-桃園,2023-04-06,1262
2455,全新,11,0,11,宏遠-桃園,2023-04-06,1262
2618,長榮航,11,0,11,宏遠-桃園,2023-04-06,1262
2314,台揚,10,0,10,宏遠-桃園,2023-04-06,1262
2371,大同,10,0,10,宏遠-桃園,2023-04-06,1262
2883,凱基金,10,0,10,宏遠-桃園,2023-04-06,1262
3149,正達,10,0,10,宏遠-桃園,2023-04-06,1262
5475,德宏,10,0,10,宏遠-桃園,2023-04-06,1262
6282,康舒,10,0,10,宏遠-桃園,2023-04-06,1262
6411,晶焱,10,0,10,宏遠-桃園,2023-04-06,1262
8097,常珵,10,0,10,宏遠-桃園,2023-04-06,1262
00830,國泰費城半導體,8,0,8,宏遠-桃園,2023-04-06,1262
2399,映泰,8,0,8,宏遠-桃園,2023-04-06,1262
2027,大成鋼,7,0,7,宏遠-桃園,2023-04-06,1262
1417,嘉裕,7,0,7,宏遠-桃園,2023-04-06,1262
9945,潤泰新,7,0,7,宏遠-桃園,2023-04-06,1262
8046,南電,7,1,6,宏遠-桃園,2023-04-06,1262
2337,旺宏,6,0,6,宏遠-桃園,2023-04-06,1262
2887,台新金,6,0,6,宏遠-桃園,2023-04-06,1262
3596,智易,6,0,6,宏遠-桃園,2023-04-06,1262
6122,擎邦,18,12,6,宏遠-桃園,2023-04-06,1262
8050,廣積,7,1,6,宏遠-桃園,2023-04-06,1262
2002,中鋼,5,0,5,宏遠-桃園,2023-04-06,1262
1527,鑽全,5,0,5,宏遠-桃園,2023-04-06,1262
2017,官田鋼,5,0,5,宏遠-桃園,2023-04-06,1262
2344,華邦電,6,1,5,宏遠-桃園,2023-04-06,1262
6129,普誠,5,0,5,宏遠-桃園,2023-04-06,1262
6163,華電網,6,1,5,宏遠-桃園,2023-04-06,1262
3037,欣興,190,0,190,宏遠-桃園,2023-04-07,1262
2891,中信金,54,0,54,宏遠-桃園,2023-04-07,1262
2206,三陽工業,50,0,50,宏遠-桃園,2023-04-07,1262
00665L,富邦�琤肭磪囓�2,40,0,40,宏遠-桃園,2023-04-07,1262
2609,陽明,38,6,32,宏遠-桃園,2023-04-07,1262
5315,光聯,30,0,30,宏遠-桃園,2023-04-07,1262
8072,陞泰,30,0,30,宏遠-桃園,2023-04-07,1262
2450,神腦,20,0,20,宏遠-桃園,2023-04-07,1262
4931,新盛力,20,0,20,宏遠-桃園,2023-04-07,1262
5469,瀚宇博,20,0,20,宏遠-桃園,2023-04-07,1262
2340,台亞,20,1,19,宏遠-桃園,2023-04-07,1262
2457,飛宏,28,9,19,宏遠-桃園,2023-04-07,1262
00830,國泰費城半導體,17,0,17,宏遠-桃園,2023-04-07,1262
00673R,期元大S＆P原油反1,20,4,16,宏遠-桃園,2023-04-07,1262
00720B,元大投資級公司債,16,0,16,宏遠-桃園,2023-04-07,1262
6120,達運,16,0,16,宏遠-桃園,2023-04-07,1262
3032,偉訓,15,0,15,宏遠-桃園,2023-04-07,1262
6609,瀧澤科,12,0,12,宏遠-桃園,2023-04-07,1262
00715L,期街口布蘭特正2,10,0,10,宏遠-桃園,2023-04-07,1262
3149,正達,10,0,10,宏遠-桃園,2023-04-07,1262
6147,頎邦,9,0,9,宏遠-桃園,2023-04-07,1262
4971,IET-KY,7,0,7,宏遠-桃園,2023-04-07,1262
6274,台燿,9,2,7,宏遠-桃園,2023-04-07,1262
1304,台聚,6,0,6,宏遠-桃園,2023-04-07,1262
2356,英業達,6,0,6,宏遠-桃園,2023-04-07,1262
2539,櫻花建,6,0,6,宏遠-桃園,2023-04-07,1262
3520,華盈,19,13,6,宏遠-桃園,2023-04-07,1262
4306,炎洲,6,0,6,宏遠-桃園,2023-04-07,1262
8210,勤誠,7,1,6,宏遠-桃園,2023-04-07,1262
00671R,富邦NASDAQ反1,5,0,5,宏遠-桃園,2023-04-07,1262
2014,中鴻,5,0,5,宏遠-桃園,2023-04-07,1262
2886,兆豐金,5,0,5,宏遠-桃園,2023-04-07,1262
3346,麗清,5,0,5,宏遠-桃園,2023-04-07,1262
3666,光耀,5,0,5,宏遠-桃園,2023-04-07,1262
3705,永信,5,0,5,宏遠-桃園,2023-04-07,1262
5014,建錩,5,0,5,宏遠-桃園,2023-04-07,1262
8383,千附,8,3,5,宏遠-桃園,2023-04-07,1262
8927,北基,5,0,5,宏遠-桃園,2023-04-07,1262
9946,三發地產,5,0,5,宏遠-桃園,2023-04-07,1262
00681R,元大美債20反1,4,0,4,宏遠-桃園,2023-04-07,1262
00679B,元大美債20年,5,1,4,宏遠-桃園,2023-04-07,1262
2421,建準,4,0,4,宏遠-桃園,2023-04-07,1262
2481,強茂,4,0,4,宏遠-桃園,2023-04-07,1262
3432,台端,4,0,4,宏遠-桃園,2023-04-07,1262
4912,聯德控股-KY,4,0,4,宏遠-桃園,2023-04-07,1262
6811,宏�硌穈T,4,0,4,宏遠-桃園,2023-04-07,1262
0055,元大MSCI金融,3,0,3,宏遠-桃園,2023-04-07,1262
00772B,中信高評級公司債,3,0,3,宏遠-桃園,2023-04-07,1262
00795B,中信美國公債20年,3,0,3,宏遠-桃園,2023-04-07,1262
00878,國泰永續高股息,3,0,3,宏遠-桃園,2023-04-07,1262
00720B,元大投資級公司債,107,0,107,宏遠-桃園,2023-04-10,1262
8936,國統,53,0,53,宏遠-桃園,2023-04-10,1262
6185,幃翔,50,0,50,宏遠-桃園,2023-04-10,1262
8163,達方,45,0,45,宏遠-桃園,2023-04-10,1262
3715,定穎投控,42,5,37,宏遠-桃園,2023-04-10,1262
2457,飛宏,46,14,32,宏遠-桃園,2023-04-10,1262
6505,台塑化,30,0,30,宏遠-桃園,2023-04-10,1262
2634,漢翔,32,3,29,宏遠-桃園,2023-04-10,1262
2495,普安,31,3,28,宏遠-桃園,2023-04-10,1262
2542,興富發,30,3,27,宏遠-桃園,2023-04-10,1262
00772B,中信高評級公司債,20,0,20,宏遠-桃園,2023-04-10,1262
3088,艾訊,20,0,20,宏遠-桃園,2023-04-10,1262
3322,建舜電,20,0,20,宏遠-桃園,2023-04-10,1262
4503,金雨,20,0,20,宏遠-桃園,2023-04-10,1262
5011,久陽,20,0,20,宏遠-桃園,2023-04-10,1262
6285,啟��,22,4,18,宏遠-桃園,2023-04-10,1262
2609,陽明,17,0,17,宏遠-桃園,2023-04-10,1262
6548,長科*,15,0,15,宏遠-桃園,2023-04-10,1262
6182,合晶,21,9,12,宏遠-桃園,2023-04-10,1262
1417,嘉裕,11,0,11,宏遠-桃園,2023-04-10,1262
3037,欣興,13,2,11,宏遠-桃園,2023-04-10,1262
00673R,期元大S＆P原油反1,11,0,11,宏遠-桃園,2023-04-10,1262
2323,中環,10,0,10,宏遠-桃園,2023-04-10,1262
1708,東鹼,10,0,10,宏遠-桃園,2023-04-10,1262
00671R,富邦NASDAQ反1,10,0,10,宏遠-桃園,2023-04-10,1262
4543,萬在,10,0,10,宏遠-桃園,2023-04-10,1262
6223,旺矽,10,0,10,宏遠-桃園,2023-04-10,1262
6829,千附精密,11,1,10,宏遠-桃園,2023-04-10,1262
2498,宏達電,26,17,9,宏遠-桃園,2023-04-10,1262
2610,華航,10,1,9,宏遠-桃園,2023-04-10,1262
5009,榮剛,10,1,9,宏遠-桃園,2023-04-10,1262
00632R,元大台灣50反1,8,0,8,宏遠-桃園,2023-04-10,1262
2482,連宇,8,0,8,宏遠-桃園,2023-04-10,1262
3209,全科,12,4,8,宏遠-桃園,2023-04-10,1262
3346,麗清,8,0,8,宏遠-桃園,2023-04-10,1262
3362,先進光,9,1,8,宏遠-桃園,2023-04-10,1262
5531,鄉林,18,10,8,宏遠-桃園,2023-04-10,1262
8222,寶一,9,1,8,宏遠-桃園,2023-04-10,1262
4967,十銓,9,2,7,宏遠-桃園,2023-04-10,1262
3479,安勤,6,0,6,宏遠-桃園,2023-04-10,1262
4971,IET-KY,7,1,6,宏遠-桃園,2023-04-10,1262
6804,明係,6,0,6,宏遠-桃園,2023-04-10,1262
2009,第一銅,5,0,5,宏遠-桃園,2023-04-10,1262
3006,晶豪科,5,0,5,宏遠-桃園,2023-04-10,1262
3289,宜特,7,2,5,宏遠-桃園,2023-04-10,1262
4119,旭富,5,0,5,宏遠-桃園,2023-04-10,1262
4155,訊映,5,0,5,宏遠-桃園,2023-04-10,1262
5353,台林,5,0,5,宏遠-桃園,2023-04-10,1262
6245,立端,5,0,5,宏遠-桃園,2023-04-10,1262
6589,台康生技,5,0,5,宏遠-桃園,2023-04-10,1262
00673R,期元大S＆P原油反1,140,0,140,宏遠-桃園,2023-04-11,1262
00912,中信臺灣智慧50,68,0,68,宏遠-桃園,2023-04-11,1262
00712,復華富時不動產,55,0,55,宏遠-桃園,2023-04-11,1262
00637L,元大滬深300正2,58,5,53,宏遠-桃園,2023-04-11,1262
00888,永豐台灣ESG,50,0,50,宏遠-桃園,2023-04-11,1262
1504,東元,58,15,43,宏遠-桃園,2023-04-11,1262
00650L,復華香港正2,45,13,32,宏遠-桃園,2023-04-11,1262
2929,淘帝-KY,30,0,30,宏遠-桃園,2023-04-11,1262
6194,育富,30,0,30,宏遠-桃園,2023-04-11,1262
6266,泰詠,50,20,30,宏遠-桃園,2023-04-11,1262
3520,華盈,27,0,27,宏遠-桃園,2023-04-11,1262
6461,益得,22,0,22,宏遠-桃園,2023-04-11,1262
6592,和潤企業,27,6,21,宏遠-桃園,2023-04-11,1262
6578,達邦蛋白,40,20,20,宏遠-桃園,2023-04-11,1262
8050,廣積,19,0,19,宏遠-桃園,2023-04-11,1262
00713,元大台灣高息低波,15,0,15,宏遠-桃園,2023-04-11,1262
00753L,中信中國50正2,15,0,15,宏遠-桃園,2023-04-11,1262
2457,飛宏,16,3,13,宏遠-桃園,2023-04-11,1262
2317,鴻海,17,5,12,宏遠-桃園,2023-04-11,1262
8096,擎亞,11,0,11,宏遠-桃園,2023-04-11,1262
8931,大汽電,11,0,11,宏遠-桃園,2023-04-11,1262
00680L,元大美債20正2,10,0,10,宏遠-桃園,2023-04-11,1262
2104,國際中橡,10,0,10,宏遠-桃園,2023-04-11,1262
2413,環科,12,2,10,宏遠-桃園,2023-04-11,1262
2476,鉅祥,10,0,10,宏遠-桃園,2023-04-11,1262
2484,希華,10,0,10,宏遠-桃園,2023-04-11,1262
2539,櫻花建,10,0,10,宏遠-桃園,2023-04-11,1262
2889,國票金,10,0,10,宏遠-桃園,2023-04-11,1262
3704,合勤控,10,0,10,宏遠-桃園,2023-04-11,1262
5328,華容,10,0,10,宏遠-桃園,2023-04-11,1262
00679B,元大美債20年,9,0,9,宏遠-桃園,2023-04-11,1262
2498,宏達電,17,8,9,宏遠-桃園,2023-04-11,1262
6163,華電網,18,9,9,宏遠-桃園,2023-04-11,1262
6282,康舒,17,8,9,宏遠-桃園,2023-04-11,1262
1609,大亞,12,4,8,宏遠-桃園,2023-04-11,1262
3231,緯創,11,3,8,宏遠-桃園,2023-04-11,1262
3540,曜越,10,2,8,宏遠-桃園,2023-04-11,1262
5309,系統電,8,0,8,宏遠-桃園,2023-04-11,1262
2302,麗正,7,0,7,宏遠-桃園,2023-04-11,1262
8277,商丞,7,0,7,宏遠-桃園,2023-04-11,1262
1802,台玻,6,0,6,宏遠-桃園,2023-04-11,1262
2002,中鋼,9,3,6,宏遠-桃園,2023-04-11,1262
6830,汎銓,6,0,6,宏遠-桃園,2023-04-11,1262
2890,永豐金,6,0,6,宏遠-桃園,2023-04-11,1262
00900,富邦特選高股息30,5,0,5,宏遠-桃園,2023-04-11,1262
1526,日馳,5,0,5,宏遠-桃園,2023-04-11,1262
2013,中鋼構,5,0,5,宏遠-桃園,2023-04-11,1262
2359,所羅門,7,2,5,宏遠-桃園,2023-04-11,1262
2916,滿心,5,0,5,宏遠-桃園,2023-04-11,1262
3017,奇鋐,5,0,5,宏遠-桃園,2023-04-11,1262
2515,中工,114,11,103,宏遠-桃園,2023-04-12,1262
6288,聯嘉,68,15,53,宏遠-桃園,2023-04-12,1262
2206,三陽工業,69,18,51,宏遠-桃園,2023-04-12,1262
6209,今國光,51,0,51,宏遠-桃園,2023-04-12,1262
2476,鉅祥,50,0,50,宏遠-桃園,2023-04-12,1262
2890,永豐金,40,0,40,宏遠-桃園,2023-04-12,1262
3037,欣興,38,2,36,宏遠-桃園,2023-04-12,1262
00637L,元大滬深300正2,37,6,31,宏遠-桃園,2023-04-12,1262
2402,毅嘉,40,10,30,宏遠-桃園,2023-04-12,1262
2887,台新金,30,0,30,宏遠-桃園,2023-04-12,1262
3576,聯合再生,30,0,30,宏遠-桃園,2023-04-12,1262
2313,華通,24,0,24,宏遠-桃園,2023-04-12,1262
00669R,國泰美國道瓊反1,21,0,21,宏遠-桃園,2023-04-12,1262
1464,得力,20,0,20,宏遠-桃園,2023-04-12,1262
1201,味全,20,0,20,宏遠-桃園,2023-04-12,1262
00648R,元大S＆P500反1,20,0,20,宏遠-桃園,2023-04-12,1262
4129,聯合,20,0,20,宏遠-桃園,2023-04-12,1262
8390,金益鼎,18,0,18,宏遠-桃園,2023-04-12,1262
6243,迅杰,20,2,18,宏遠-桃園,2023-04-12,1262
5009,榮剛,43,27,16,宏遠-桃園,2023-04-12,1262
2457,飛宏,51,36,15,宏遠-桃園,2023-04-12,1262
2462,良得電,14,0,14,宏遠-桃園,2023-04-12,1262
2481,強茂,15,2,13,宏遠-桃園,2023-04-12,1262
4747,強生,11,0,11,宏遠-桃園,2023-04-12,1262
6290,良維,12,1,11,宏遠-桃園,2023-04-12,1262
2317,鴻海,11,0,11,宏遠-桃園,2023-04-12,1262
00720B,元大投資級公司債,10,0,10,宏遠-桃園,2023-04-12,1262
2014,中鴻,10,0,10,宏遠-桃園,2023-04-12,1262
2455,全新,10,1,9,宏遠-桃園,2023-04-12,1262
1210,大成,8,0,8,宏遠-桃園,2023-04-12,1262
3558,神準,9,1,8,宏遠-桃園,2023-04-12,1262
2482,連宇,8,0,8,宏遠-桃園,2023-04-12,1262
2478,大毅,7,0,7,宏遠-桃園,2023-04-12,1262
3202,樺晟,10,3,7,宏遠-桃園,2023-04-12,1262
3209,全科,9,2,7,宏遠-桃園,2023-04-12,1262
2330,台積電,7,1,6,宏遠-桃園,2023-04-12,1262
2329,華泰,10,4,6,宏遠-桃園,2023-04-12,1262
3027,盛達,13,7,6,宏遠-桃園,2023-04-12,1262
5512,力麒,6,0,6,宏遠-桃園,2023-04-12,1262
6443,元晶,46,40,6,宏遠-桃園,2023-04-12,1262
00878,國泰永續高股息,7,2,5,宏遠-桃園,2023-04-12,1262
00679B,元大美債20年,5,0,5,宏遠-桃園,2023-04-12,1262
2302,麗正,5,0,5,宏遠-桃園,2023-04-12,1262
2425,承啟,5,0,5,宏遠-桃園,2023-04-12,1262
2439,美律,5,0,5,宏遠-桃園,2023-04-12,1262
2882,國泰金,5,0,5,宏遠-桃園,2023-04-12,1262
3693,營邦,14,9,5,宏遠-桃園,2023-04-12,1262
4155,訊映,5,0,5,宏遠-桃園,2023-04-12,1262
4533,協易機,5,0,5,宏遠-桃園,2023-04-12,1262
4923,力士,5,0,5,宏遠-桃園,2023-04-12,1262
00632R,元大台灣50反1,100,3,97,宏遠-桃園,2023-04-13,1262
1316,上曜,88,3,85,宏遠-桃園,2023-04-13,1262
8110,華東,60,0,60,宏遠-桃園,2023-04-13,1262
6129,普誠,50,0,50,宏遠-桃園,2023-04-13,1262
3011,今皓,50,0,50,宏遠-桃園,2023-04-13,1262
3231,緯創,110,60,50,宏遠-桃園,2023-04-13,1262
2427,三商電,46,0,46,宏遠-桃園,2023-04-13,1262
6185,幃翔,45,0,45,宏遠-桃園,2023-04-13,1262
2317,鴻海,51,10,41,宏遠-桃園,2023-04-13,1262
2882,國泰金,40,5,35,宏遠-桃園,2023-04-13,1262
6248,沛波,35,0,35,宏遠-桃園,2023-04-13,1262
8390,金益鼎,32,0,32,宏遠-桃園,2023-04-13,1262
00923,群益台ESG低碳50,30,0,30,宏遠-桃園,2023-04-13,1262
2485,兆赫,30,0,30,宏遠-桃園,2023-04-13,1262
6288,聯嘉,30,0,30,宏遠-桃園,2023-04-13,1262
00907,永豐優息存股,25,0,25,宏遠-桃園,2023-04-13,1262
3520,華盈,25,0,25,宏遠-桃園,2023-04-13,1262
2382,廣達,24,0,24,宏遠-桃園,2023-04-13,1262
1519,華城,44,21,23,宏遠-桃園,2023-04-13,1262
2313,華通,21,1,20,宏遠-桃園,2023-04-13,1262
00912,中信臺灣智慧50,20,0,20,宏遠-桃園,2023-04-13,1262
2236,百達-KY,20,0,20,宏遠-桃園,2023-04-13,1262
3322,建舜電,20,0,20,宏遠-桃園,2023-04-13,1262
3027,盛達,18,0,18,宏遠-桃園,2023-04-13,1262
1503,士電,21,4,17,宏遠-桃園,2023-04-13,1262
3037,欣興,17,2,15,宏遠-桃園,2023-04-13,1262
3105,穩懋,25,10,15,宏遠-桃園,2023-04-13,1262
5351,鈺創,16,2,14,宏遠-桃園,2023-04-13,1262
6411,晶焱,14,0,14,宏遠-桃園,2023-04-13,1262
4763,材料-KY,13,0,13,宏遠-桃園,2023-04-13,1262
00720B,元大投資級公司債,12,0,12,宏遠-桃園,2023-04-13,1262
6443,元晶,13,1,12,宏遠-桃園,2023-04-13,1262
8050,廣積,12,0,12,宏遠-桃園,2023-04-13,1262
00830,國泰費城半導體,11,0,11,宏遠-桃園,2023-04-13,1262
2330,台積電,10,0,10,宏遠-桃園,2023-04-13,1262
2402,毅嘉,37,27,10,宏遠-桃園,2023-04-13,1262
3264,欣銓,10,0,10,宏遠-桃園,2023-04-13,1262
4906,正文,10,0,10,宏遠-桃園,2023-04-13,1262
4967,十銓,10,0,10,宏遠-桃園,2023-04-13,1262
5285,界霖,10,0,10,宏遠-桃園,2023-04-13,1262
6118,建達,10,0,10,宏遠-桃園,2023-04-13,1262
6271,同欣電,10,0,10,宏遠-桃園,2023-04-13,1262
6205,詮欣,9,0,9,宏遠-桃園,2023-04-13,1262
6285,啟��,12,3,9,宏遠-桃園,2023-04-13,1262
1527,鑽全,8,0,8,宏遠-桃園,2023-04-13,1262
3149,正達,8,0,8,宏遠-桃園,2023-04-13,1262
3432,台端,8,0,8,宏遠-桃園,2023-04-13,1262
4164,承業醫,17,9,8,宏遠-桃園,2023-04-13,1262
2337,旺宏,7,0,7,宏遠-桃園,2023-04-13,1262
2481,強茂,7,0,7,宏遠-桃園,2023-04-13,1262
2634,漢翔,137,41,96,宏遠-桃園,2023-04-14,1262
2867,三商壽,45,0,45,宏遠-桃園,2023-04-14,1262
3011,今皓,42,0,42,宏遠-桃園,2023-04-14,1262
1909,榮成,40,0,40,宏遠-桃園,2023-04-14,1262
2208,台船,47,9,38,宏遠-桃園,2023-04-14,1262
2457,飛宏,56,18,38,宏遠-桃園,2023-04-14,1262
6209,今國光,37,1,36,宏遠-桃園,2023-04-14,1262
2105,正新,30,0,30,宏遠-桃園,2023-04-14,1262
00772B,中信高評級公司債,28,0,28,宏遠-桃園,2023-04-14,1262
8222,寶一,62,38,24,宏遠-桃園,2023-04-14,1262
3003,健和興,26,3,23,宏遠-桃園,2023-04-14,1262
6197,佳必琪,25,4,21,宏遠-桃園,2023-04-14,1262
00907,永豐優息存股,20,0,20,宏遠-桃園,2023-04-14,1262
2412,中華電,20,0,20,宏遠-桃園,2023-04-14,1262
5398,慕康生醫,20,0,20,宏遠-桃園,2023-04-14,1262
2312,金寶,17,0,17,宏遠-桃園,2023-04-14,1262
2303,聯電,19,3,16,宏遠-桃園,2023-04-14,1262
3520,華盈,25,10,15,宏遠-桃園,2023-04-14,1262
00712,復華富時不動產,12,0,12,宏遠-桃園,2023-04-14,1262
00720B,元大投資級公司債,12,0,12,宏遠-桃園,2023-04-14,1262
4541,晟田,13,1,12,宏遠-桃園,2023-04-14,1262
1529,樂事綠能,21,9,12,宏遠-桃園,2023-04-14,1262
3078,僑威,16,5,11,宏遠-桃園,2023-04-14,1262
00632R,元大台灣50反1,10,0,10,宏遠-桃園,2023-04-14,1262
1442,名軒,10,0,10,宏遠-桃園,2023-04-14,1262
2002,中鋼,25,15,10,宏遠-桃園,2023-04-14,1262
2014,中鴻,10,0,10,宏遠-桃園,2023-04-14,1262
3508,位速,10,0,10,宏遠-桃園,2023-04-14,1262
00674R,期元大S＆P黃金反1,9,0,9,宏遠-桃園,2023-04-14,1262
00679B,元大美債20年,8,0,8,宏遠-桃園,2023-04-14,1262
1445,大宇,8,0,8,宏遠-桃園,2023-04-14,1262
4953,緯軟,8,0,8,宏遠-桃園,2023-04-14,1262
6191,精成科,8,0,8,宏遠-桃園,2023-04-14,1262
0056,元大高股息,8,1,7,宏遠-桃園,2023-04-14,1262
3693,營邦,13,6,7,宏遠-桃園,2023-04-14,1262
5328,華容,7,0,7,宏遠-桃園,2023-04-14,1262
3290,東浦,7,1,6,宏遠-桃園,2023-04-14,1262
5222,全訊,13,7,6,宏遠-桃園,2023-04-14,1262
5284,jpp-KY,6,0,6,宏遠-桃園,2023-04-14,1262
5465,富驊,6,0,6,宏遠-桃園,2023-04-14,1262
6122,擎邦,6,0,6,宏遠-桃園,2023-04-14,1262
8927,北基,6,0,6,宏遠-桃園,2023-04-14,1262
2887,台新金,15,9,6,宏遠-桃園,2023-04-14,1262
1609,大亞,15,9,6,宏遠-桃園,2023-04-14,1262
00671R,富邦NASDAQ反1,5,0,5,宏遠-桃園,2023-04-14,1262
2891,中信金,5,0,5,宏遠-桃園,2023-04-14,1262
3013,晟銘電,10,5,5,宏遠-桃園,2023-04-14,1262
3715,定穎投控,11,6,5,宏遠-桃園,2023-04-14,1262
4175,杏一,5,0,5,宏遠-桃園,2023-04-14,1262
4503,金雨,5,0,5,宏遠-桃園,2023-04-14,1262
2867,三商壽,86,0,86,宏遠-桃園,2023-04-17,1262
2206,三陽工業,83,8,75,宏遠-桃園,2023-04-17,1262
3706,神達,65,1,64,宏遠-桃園,2023-04-17,1262
2317,鴻海,50,0,50,宏遠-桃園,2023-04-17,1262
3025,星通,50,1,49,宏遠-桃園,2023-04-17,1262
2630,亞航,50,11,39,宏遠-桃園,2023-04-17,1262
5371,中光電,41,3,38,宏遠-桃園,2023-04-17,1262
2618,長榮航,39,2,37,宏遠-桃園,2023-04-17,1262
00907,永豐優息存股,34,0,34,宏遠-桃園,2023-04-17,1262
2359,所羅門,43,10,33,宏遠-桃園,2023-04-17,1262
2457,飛宏,44,14,30,宏遠-桃園,2023-04-17,1262
2887,台新金,30,0,30,宏遠-桃園,2023-04-17,1262
1504,東元,85,56,29,宏遠-桃園,2023-04-17,1262
6747,亨泰光,27,0,27,宏遠-桃園,2023-04-17,1262
6112,邁達特,27,6,21,宏遠-桃園,2023-04-17,1262
6282,康舒,21,3,18,宏遠-桃園,2023-04-17,1262
8936,國統,18,0,18,宏遠-桃園,2023-04-17,1262
3673,TPK-KY,17,0,17,宏遠-桃園,2023-04-17,1262
3508,位速,15,0,15,宏遠-桃園,2023-04-17,1262
4541,晟田,17,2,15,宏遠-桃園,2023-04-17,1262
6274,台燿,15,0,15,宏遠-桃園,2023-04-17,1262
8131,福懋科,15,0,15,宏遠-桃園,2023-04-17,1262
8390,金益鼎,15,0,15,宏遠-桃園,2023-04-17,1262
1503,士電,17,3,14,宏遠-桃園,2023-04-17,1262
1513,中興電,14,0,14,宏遠-桃園,2023-04-17,1262
4114,健喬,37,24,13,宏遠-桃園,2023-04-17,1262
6461,益得,20,7,13,宏遠-桃園,2023-04-17,1262
8050,廣積,12,0,12,宏遠-桃園,2023-04-17,1262
3305,昇貿,12,1,11,宏遠-桃園,2023-04-17,1262
2610,華航,11,0,11,宏遠-桃園,2023-04-17,1262
00713,元大台灣高息低波,11,0,11,宏遠-桃園,2023-04-17,1262
00830,國泰費城半導體,10,0,10,宏遠-桃園,2023-04-17,1262
00900,富邦特選高股息30,10,0,10,宏遠-桃園,2023-04-17,1262
3607,谷崧,10,0,10,宏遠-桃園,2023-04-17,1262
6523,達爾膚,10,0,10,宏遠-桃園,2023-04-17,1262
4968,立積,15,5,10,宏遠-桃園,2023-04-17,1262
2382,廣達,9,0,9,宏遠-桃園,2023-04-17,1262
4934,太極,9,0,9,宏遠-桃園,2023-04-17,1262
6223,旺矽,8,0,8,宏遠-桃園,2023-04-17,1262
6547,高端疫苗,15,8,7,宏遠-桃園,2023-04-17,1262
00878,國泰永續高股息,7,0,7,宏遠-桃園,2023-04-17,1262
1809,中釉,7,0,7,宏遠-桃園,2023-04-17,1262
3652,精聯,7,0,7,宏遠-桃園,2023-04-17,1262
5351,鈺創,7,0,7,宏遠-桃園,2023-04-17,1262
6197,佳必琪,11,4,7,宏遠-桃園,2023-04-17,1262
00679B,元大美債20年,6,0,6,宏遠-桃園,2023-04-17,1262
1598,岱宇,6,0,6,宏遠-桃園,2023-04-17,1262
2002,中鋼,12,6,6,宏遠-桃園,2023-04-17,1262
2201,裕隆,36,30,6,宏遠-桃園,2023-04-17,1262
6147,頎邦,6,0,6,宏遠-桃園,2023-04-17,1262
00795B,中信美國公債20年,75,0,75,宏遠-桃園,2023-04-18,1262
1529,樂事綠能,62,4,58,宏遠-桃園,2023-04-18,1262
00673R,期元大S＆P原油反1,50,0,50,宏遠-桃園,2023-04-18,1262
3520,華盈,40,0,40,宏遠-桃園,2023-04-18,1262
2206,三陽工業,43,4,39,宏遠-桃園,2023-04-18,1262
3046,建��,46,7,39,宏遠-桃園,2023-04-18,1262
00680L,元大美債20正2,37,1,36,宏遠-桃園,2023-04-18,1262
00712,復華富時不動產,33,0,33,宏遠-桃園,2023-04-18,1262
3591,艾笛森,30,0,30,宏遠-桃園,2023-04-18,1262
6248,沛波,30,0,30,宏遠-桃園,2023-04-18,1262
3481,群創,26,0,26,宏遠-桃園,2023-04-18,1262
5531,鄉林,36,10,26,宏遠-桃園,2023-04-18,1262
3071,協禧,25,0,25,宏遠-桃園,2023-04-18,1262
6112,邁達特,25,0,25,宏遠-桃園,2023-04-18,1262
8033,雷虎,42,17,25,宏遠-桃園,2023-04-18,1262
6266,泰詠,26,4,22,宏遠-桃園,2023-04-18,1262
3508,位速,20,0,20,宏遠-桃園,2023-04-18,1262
00885,富邦越南,20,0,20,宏遠-桃園,2023-04-18,1262
00830,國泰費城半導體,20,0,20,宏遠-桃園,2023-04-18,1262
00772B,中信高評級公司債,19,0,19,宏遠-桃園,2023-04-18,1262
00679B,元大美債20年,17,0,17,宏遠-桃園,2023-04-18,1262
2634,漢翔,46,30,16,宏遠-桃園,2023-04-18,1262
1519,華城,34,19,15,宏遠-桃園,2023-04-18,1262
6234,高僑,16,1,15,宏遠-桃園,2023-04-18,1262
6290,良維,16,1,15,宏遠-桃園,2023-04-18,1262
8121,越峰,15,0,15,宏遠-桃園,2023-04-18,1262
2618,長榮航,16,2,14,宏遠-桃園,2023-04-18,1262
6288,聯嘉,14,0,14,宏遠-桃園,2023-04-18,1262
2344,華邦電,14,1,13,宏遠-桃園,2023-04-18,1262
2066,世德,12,0,12,宏遠-桃園,2023-04-18,1262
2515,中工,12,0,12,宏遠-桃園,2023-04-18,1262
5351,鈺創,12,0,12,宏遠-桃園,2023-04-18,1262
6485,點序,10,0,10,宏遠-桃園,2023-04-18,1262
1312,國喬,10,0,10,宏遠-桃園,2023-04-18,1262
2017,官田鋼,10,0,10,宏遠-桃園,2023-04-18,1262
2208,台船,12,2,10,宏遠-桃園,2023-04-18,1262
4931,新盛力,10,0,10,宏遠-桃園,2023-04-18,1262
5211,蒙恬,21,11,10,宏遠-桃園,2023-04-18,1262
5876,上海商銀,10,0,10,宏遠-桃園,2023-04-18,1262
6461,益得,10,0,10,宏遠-桃園,2023-04-18,1262
8383,千附,10,0,10,宏遠-桃園,2023-04-18,1262
1810,和成,10,1,9,宏遠-桃園,2023-04-18,1262
6244,茂迪,34,26,8,宏遠-桃園,2023-04-18,1262
0056,元大高股息,8,0,8,宏遠-桃園,2023-04-18,1262
00720B,元大投資級公司債,8,0,8,宏遠-桃園,2023-04-18,1262
1785,光洋科,10,2,8,宏遠-桃園,2023-04-18,1262
2392,正崴,8,0,8,宏遠-桃園,2023-04-18,1262
2482,連宇,8,0,8,宏遠-桃園,2023-04-18,1262
2610,華航,8,0,8,宏遠-桃園,2023-04-18,1262
4967,十銓,9,1,8,宏遠-桃園,2023-04-18,1262
3673,TPK-KY,121,39,82,宏遠-桃園,2023-04-19,1262
2208,台船,66,5,61,宏遠-桃園,2023-04-19,1262
3481,群創,76,15,61,宏遠-桃園,2023-04-19,1262
6285,啟��,45,4,41,宏遠-桃園,2023-04-19,1262
2328,廣宇,40,0,40,宏遠-桃園,2023-04-19,1262
3231,緯創,42,8,34,宏遠-桃園,2023-04-19,1262
00795B,中信美國公債20年,30,0,30,宏遠-桃園,2023-04-19,1262
5410,國眾,30,0,30,宏遠-桃園,2023-04-19,1262
2009,第一銅,27,2,25,宏遠-桃園,2023-04-19,1262
6770,力積電,24,0,24,宏遠-桃園,2023-04-19,1262
2498,宏達電,24,0,24,宏遠-桃園,2023-04-19,1262
3037,欣興,23,2,21,宏遠-桃園,2023-04-19,1262
2303,聯電,29,9,20,宏遠-桃園,2023-04-19,1262
2425,承啟,24,4,20,宏遠-桃園,2023-04-19,1262
3508,位速,20,0,20,宏遠-桃園,2023-04-19,1262
4931,新盛力,20,0,20,宏遠-桃園,2023-04-19,1262
5469,瀚宇博,20,0,20,宏遠-桃園,2023-04-19,1262
6129,普誠,17,0,17,宏遠-桃園,2023-04-19,1262
1312,國喬,16,0,16,宏遠-桃園,2023-04-19,1262
2354,鴻準,16,0,16,宏遠-桃園,2023-04-19,1262
00720B,元大投資級公司債,16,0,16,宏遠-桃園,2023-04-19,1262
2330,台積電,16,1,15,宏遠-桃園,2023-04-19,1262
3071,協禧,18,3,15,宏遠-桃園,2023-04-19,1262
1711,永光,12,0,12,宏遠-桃園,2023-04-19,1262
2342,茂矽,15,3,12,宏遠-桃園,2023-04-19,1262
0050,元大台灣50,11,0,11,宏遠-桃園,2023-04-19,1262
3046,建��,12,1,11,宏遠-桃園,2023-04-19,1262
2402,毅嘉,12,1,11,宏遠-桃園,2023-04-19,1262
3686,達能,11,0,11,宏遠-桃園,2023-04-19,1262
00900,富邦特選高股息30,10,0,10,宏遠-桃園,2023-04-19,1262
00907,永豐優息存股,10,0,10,宏遠-桃園,2023-04-19,1262
2485,兆赫,19,9,10,宏遠-桃園,2023-04-19,1262
3224,三顧,15,5,10,宏遠-桃園,2023-04-19,1262
4961,天鈺,11,1,10,宏遠-桃園,2023-04-19,1262
5309,系統電,10,0,10,宏遠-桃園,2023-04-19,1262
5371,中光電,10,0,10,宏遠-桃園,2023-04-19,1262
5512,力麒,22,12,10,宏遠-桃園,2023-04-19,1262
6235,華孚,32,23,9,宏遠-桃園,2023-04-19,1262
6461,益得,9,0,9,宏遠-桃園,2023-04-19,1262
3704,合勤控,16,7,9,宏遠-桃園,2023-04-19,1262
1810,和成,11,3,8,宏遠-桃園,2023-04-19,1262
3624,光頡,10,2,8,宏遠-桃園,2023-04-19,1262
4967,十銓,9,1,8,宏遠-桃園,2023-04-19,1262
4979,華星光,17,9,8,宏遠-桃園,2023-04-19,1262
6024,群益期,8,0,8,宏遠-桃園,2023-04-19,1262
1514,亞力,32,25,7,宏遠-桃園,2023-04-19,1262
2014,中鴻,7,0,7,宏遠-桃園,2023-04-19,1262
2313,華通,7,0,7,宏遠-桃園,2023-04-19,1262
2356,英業達,7,0,7,宏遠-桃園,2023-04-19,1262
2515,中工,7,0,7,宏遠-桃園,2023-04-19,1262
6282,康舒,192,110,82,宏遠-桃園,2023-04-20,1262
2618,長榮航,61,10,51,宏遠-桃園,2023-04-20,1262
3704,合勤控,55,4,51,宏遠-桃園,2023-04-20,1262
6770,力積電,48,2,46,宏遠-桃園,2023-04-20,1262
6244,茂迪,74,33,41,宏遠-桃園,2023-04-20,1262
4976,佳凌,30,0,30,宏遠-桃園,2023-04-20,1262
00679B,元大美債20年,29,1,28,宏遠-桃園,2023-04-20,1262
2206,三陽工業,31,3,28,宏遠-桃園,2023-04-20,1262
2630,亞航,27,0,27,宏遠-桃園,2023-04-20,1262
3673,TPK-KY,30,8,22,宏遠-桃園,2023-04-20,1262
2031,新光鋼,22,1,21,宏遠-桃園,2023-04-20,1262
1444,力麗,20,0,20,宏遠-桃園,2023-04-20,1262
00907,永豐優息存股,20,0,20,宏遠-桃園,2023-04-20,1262
2929,淘帝-KY,20,0,20,宏遠-桃園,2023-04-20,1262
00637L,元大滬深300正2,19,0,19,宏遠-桃園,2023-04-20,1262
2476,鉅祥,20,2,18,宏遠-桃園,2023-04-20,1262
2009,第一銅,20,3,17,宏遠-桃園,2023-04-20,1262
1584,精剛,17,0,17,宏遠-桃園,2023-04-20,1262
00715L,期街口布蘭特正2,15,0,15,宏遠-桃園,2023-04-20,1262
3046,建��,14,0,14,宏遠-桃園,2023-04-20,1262
2312,金寶,12,0,12,宏遠-桃園,2023-04-20,1262
2455,全新,29,18,11,宏遠-桃園,2023-04-20,1262
8390,金益鼎,11,0,11,宏遠-桃園,2023-04-20,1262
00878,國泰永續高股息,10,0,10,宏遠-桃園,2023-04-20,1262
2208,台船,10,0,10,宏遠-桃園,2023-04-20,1262
00830,國泰費城半導體,10,0,10,宏遠-桃園,2023-04-20,1262
2101,南港,10,0,10,宏遠-桃園,2023-04-20,1262
3362,先進光,10,0,10,宏遠-桃園,2023-04-20,1262
3715,定穎投控,12,2,10,宏遠-桃園,2023-04-20,1262
5880,合庫金,10,0,10,宏遠-桃園,2023-04-20,1262
6118,建達,10,0,10,宏遠-桃園,2023-04-20,1262
8383,千附,10,0,10,宏遠-桃園,2023-04-20,1262
3202,樺晟,9,0,9,宏遠-桃園,2023-04-20,1262
3322,建舜電,9,0,9,宏遠-桃園,2023-04-20,1262
6461,益得,10,2,8,宏遠-桃園,2023-04-20,1262
8936,國統,9,1,8,宏遠-桃園,2023-04-20,1262
1529,樂事綠能,9,2,7,宏遠-桃園,2023-04-20,1262
2887,台新金,10,3,7,宏遠-桃園,2023-04-20,1262
3029,零壹,23,16,7,宏遠-桃園,2023-04-20,1262
3078,僑威,10,3,7,宏遠-桃園,2023-04-20,1262
3346,麗清,7,0,7,宏遠-桃園,2023-04-20,1262
3576,聯合再生,7,0,7,宏遠-桃園,2023-04-20,1262
3596,智易,7,0,7,宏遠-桃園,2023-04-20,1262
4153,鈺緯,8,1,7,宏遠-桃園,2023-04-20,1262
6547,高端疫苗,12,5,7,宏遠-桃園,2023-04-20,1262
1810,和成,32,26,6,宏遠-桃園,2023-04-20,1262
2515,中工,6,0,6,宏遠-桃園,2023-04-20,1262
3652,精聯,6,0,6,宏遠-桃園,2023-04-20,1262
6177,達麗,7,1,6,宏遠-桃園,2023-04-20,1262
6443,元晶,7,1,6,宏遠-桃園,2023-04-20,1262
4306,炎洲,72,0,72,宏遠-桃園,2023-04-21,1262
2618,長榮航,70,0,70,宏遠-桃園,2023-04-21,1262
2303,聯電,119,49,70,宏遠-桃園,2023-04-21,1262
00907,永豐優息存股,90,30,60,宏遠-桃園,2023-04-21,1262
1314,中石化,40,0,40,宏遠-桃園,2023-04-21,1262
2359,所羅門,42,5,37,宏遠-桃園,2023-04-21,1262
8222,寶一,49,17,32,宏遠-桃園,2023-04-21,1262
3704,合勤控,30,0,30,宏遠-桃園,2023-04-21,1262
00891,中信關鍵半導體,30,0,30,宏遠-桃園,2023-04-21,1262
1810,和成,32,4,28,宏遠-桃園,2023-04-21,1262
6218,豪勉,30,2,28,宏遠-桃園,2023-04-21,1262
00881,國泰台灣5G+,26,0,26,宏遠-桃園,2023-04-21,1262
1611,中電,42,16,26,宏遠-桃園,2023-04-21,1262
6770,力積電,23,0,23,宏遠-桃園,2023-04-21,1262
8096,擎亞,22,0,22,宏遠-桃園,2023-04-21,1262
6461,益得,22,0,22,宏遠-桃園,2023-04-21,1262
2610,華航,21,0,21,宏遠-桃園,2023-04-21,1262
2009,第一銅,20,0,20,宏遠-桃園,2023-04-21,1262
1907,永豐餘,21,2,19,宏遠-桃園,2023-04-21,1262
2515,中工,32,14,18,宏遠-桃園,2023-04-21,1262
6288,聯嘉,40,22,18,宏遠-桃園,2023-04-21,1262
3078,僑威,21,4,17,宏遠-桃園,2023-04-21,1262
3673,TPK-KY,27,10,17,宏遠-桃園,2023-04-21,1262
2392,正崴,16,0,16,宏遠-桃園,2023-04-21,1262
3372,典範,16,0,16,宏遠-桃園,2023-04-21,1262
5512,力麒,16,0,16,宏遠-桃園,2023-04-21,1262
0056,元大高股息,16,2,14,宏遠-桃園,2023-04-21,1262
00919,群益台灣精選高息,14,0,14,宏遠-桃園,2023-04-21,1262
8163,達方,40,26,14,宏遠-桃園,2023-04-21,1262
5309,系統電,13,0,13,宏遠-桃園,2023-04-21,1262
2634,漢翔,17,5,12,宏遠-桃園,2023-04-21,1262
3490,單井,11,0,11,宏遠-桃園,2023-04-21,1262
6118,建達,11,0,11,宏遠-桃園,2023-04-21,1262
6415,矽力*-KY,11,0,11,宏遠-桃園,2023-04-21,1262
6589,台康生技,10,0,10,宏遠-桃園,2023-04-21,1262
00893,國泰智能電動車,10,0,10,宏遠-桃園,2023-04-21,1262
00830,國泰費城半導體,10,0,10,宏遠-桃園,2023-04-21,1262
00923,群益台ESG低碳50,10,0,10,宏遠-桃園,2023-04-21,1262
00753L,中信中國50正2,10,0,10,宏遠-桃園,2023-04-21,1262
1316,上曜,10,0,10,宏遠-桃園,2023-04-21,1262
1905,華紙,10,0,10,宏遠-桃園,2023-04-21,1262
2461,光群雷,10,0,10,宏遠-桃園,2023-04-21,1262
2476,鉅祥,15,5,10,宏遠-桃園,2023-04-21,1262
2504,國產,10,0,10,宏遠-桃園,2023-04-21,1262
2607,榮運,10,0,10,宏遠-桃園,2023-04-21,1262
3047,訊舟,10,0,10,宏遠-桃園,2023-04-21,1262
3710,連展投控,10,0,10,宏遠-桃園,2023-04-21,1262
4167,松瑞藥,10,0,10,宏遠-桃園,2023-04-21,1262
5211,蒙恬,10,0,10,宏遠-桃園,2023-04-21,1262
5315,光聯,10,0,10,宏遠-桃園,2023-04-21,1262
00632R,元大台灣50反1,220,0,220,宏遠-桃園,2023-04-24,1262
2317,鴻海,54,1,53,宏遠-桃園,2023-04-24,1262
00637L,元大滬深300正2,52,6,46,宏遠-桃園,2023-04-24,1262
2495,普安,33,0,33,宏遠-桃園,2023-04-24,1262
1904,正隆,39,15,24,宏遠-桃園,2023-04-24,1262
5465,富驊,25,2,23,宏遠-桃園,2023-04-24,1262
2449,京元電子,20,0,20,宏遠-桃園,2023-04-24,1262
3004,豐達科,20,0,20,宏遠-桃園,2023-04-24,1262
00712,復華富時不動產,15,0,15,宏遠-桃園,2023-04-24,1262
2453,凌群,14,0,14,宏遠-桃園,2023-04-24,1262
2313,華通,11,0,11,宏遠-桃園,2023-04-24,1262
6625,必應,12,1,11,宏遠-桃園,2023-04-24,1262
00902,中信電池及儲能,11,0,11,宏遠-桃園,2023-04-24,1262
00923,群益台ESG低碳50,10,0,10,宏遠-桃園,2023-04-24,1262
00896,中信綠能及電動車,10,0,10,宏遠-桃園,2023-04-24,1262
00830,國泰費城半導體,10,0,10,宏遠-桃園,2023-04-24,1262
00753L,中信中國50正2,10,0,10,宏遠-桃園,2023-04-24,1262
1584,精剛,10,0,10,宏遠-桃園,2023-04-24,1262
1909,榮成,12,2,10,宏遠-桃園,2023-04-24,1262
2104,國際中橡,10,0,10,宏遠-桃園,2023-04-24,1262
3041,揚智,10,0,10,宏遠-桃園,2023-04-24,1262
8088,品安,10,0,10,宏遠-桃園,2023-04-24,1262
00679B,元大美債20年,9,0,9,宏遠-桃園,2023-04-24,1262
00720B,元大投資級公司債,9,1,8,宏遠-桃園,2023-04-24,1262
00650L,復華香港正2,7,0,7,宏遠-桃園,2023-04-24,1262
2303,聯電,55,48,7,宏遠-桃園,2023-04-24,1262
2462,良得電,7,0,7,宏遠-桃園,2023-04-24,1262
3346,麗清,7,0,7,宏遠-桃園,2023-04-24,1262
3665,貿聯-KY,7,0,7,宏遠-桃園,2023-04-24,1262
4175,杏一,7,0,7,宏遠-桃園,2023-04-24,1262
6806,森崴能源,8,1,7,宏遠-桃園,2023-04-24,1262
3038,全台,6,0,6,宏遠-桃園,2023-04-24,1262
3071,協禧,6,0,6,宏遠-桃園,2023-04-24,1262
5284,jpp-KY,7,1,6,宏遠-桃園,2023-04-24,1262
6415,矽力*-KY,5,0,5,宏遠-桃園,2023-04-24,1262
00688L,國泰20年美債正2,5,0,5,宏遠-桃園,2023-04-24,1262
1710,東聯,8,3,5,宏遠-桃園,2023-04-24,1262
2208,台船,5,0,5,宏遠-桃園,2023-04-24,1262
2352,佳世達,5,0,5,宏遠-桃園,2023-04-24,1262
2387,精元,5,0,5,宏遠-桃園,2023-04-24,1262
3025,星通,5,0,5,宏遠-桃園,2023-04-24,1262
3537,堡達,5,0,5,宏遠-桃園,2023-04-24,1262
4977,眾達-KY,5,0,5,宏遠-桃園,2023-04-24,1262
5371,中光電,5,0,5,宏遠-桃園,2023-04-24,1262
6122,擎邦,5,0,5,宏遠-桃園,2023-04-24,1262
00751B,元大AAA至A公司債,4,0,4,宏遠-桃園,2023-04-24,1262
00715L,期街口布蘭特正2,5,1,4,宏遠-桃園,2023-04-24,1262
00655L,國泰中國A50正2,4,0,4,宏遠-桃園,2023-04-24,1262
00888,永豐台灣ESG,4,0,4,宏遠-桃園,2023-04-24,1262
2324,仁寶,4,0,4,宏遠-桃園,2023-04-24,1262
1310,台苯,113,11,102,宏遠-桃園,2023-04-25,1262
2303,聯電,146,51,95,宏遠-桃園,2023-04-25,1262
2206,三陽工業,99,15,84,宏遠-桃園,2023-04-25,1262
5907,大洋-KY,65,0,65,宏遠-桃園,2023-04-25,1262
2457,飛宏,60,4,56,宏遠-桃園,2023-04-25,1262
3071,協禧,59,6,53,宏遠-桃園,2023-04-25,1262
00922,國泰台灣領袖50,47,0,47,宏遠-桃園,2023-04-25,1262
00878,國泰永續高股息,48,6,42,宏遠-桃園,2023-04-25,1262
1316,上曜,46,10,36,宏遠-桃園,2023-04-25,1262
3025,星通,33,0,33,宏遠-桃園,2023-04-25,1262
00679B,元大美債20年,32,0,32,宏遠-桃園,2023-04-25,1262
0056,元大高股息,22,0,22,宏遠-桃園,2023-04-25,1262
00891,中信關鍵半導體,22,0,22,宏遠-桃園,2023-04-25,1262
6548,長科*,28,7,21,宏遠-桃園,2023-04-25,1262
00923,群益台ESG低碳50,20,0,20,宏遠-桃園,2023-04-25,1262
2423,固緯,20,0,20,宏遠-桃園,2023-04-25,1262
2881,富邦金,20,2,18,宏遠-桃園,2023-04-25,1262
1314,中石化,20,2,18,宏遠-桃園,2023-04-25,1262
2485,兆赫,20,2,18,宏遠-桃園,2023-04-25,1262
00637L,元大滬深300正2,20,3,17,宏遠-桃園,2023-04-25,1262
2453,凌群,27,11,16,宏遠-桃園,2023-04-25,1262
2610,華航,16,0,16,宏遠-桃園,2023-04-25,1262
00919,群益台灣精選高息,20,5,15,宏遠-桃園,2023-04-25,1262
3481,群創,22,7,15,宏遠-桃園,2023-04-25,1262
2338,光罩,23,10,13,宏遠-桃園,2023-04-25,1262
2634,漢翔,29,16,13,宏遠-桃園,2023-04-25,1262
3231,緯創,14,1,13,宏遠-桃園,2023-04-25,1262
4977,眾達-KY,15,2,13,宏遠-桃園,2023-04-25,1262
8096,擎亞,13,0,13,宏遠-桃園,2023-04-25,1262
8390,金益鼎,13,0,13,宏遠-桃園,2023-04-25,1262
1503,士電,17,5,12,宏遠-桃園,2023-04-25,1262
00713,元大台灣高息低波,12,0,12,宏遠-桃園,2023-04-25,1262
2392,正崴,12,0,12,宏遠-桃園,2023-04-25,1262
2462,良得電,12,0,12,宏遠-桃園,2023-04-25,1262
2880,華南金,12,1,11,宏遠-桃園,2023-04-25,1262
00830,國泰費城半導體,11,0,11,宏遠-桃園,2023-04-25,1262
1752,南光,16,5,11,宏遠-桃園,2023-04-25,1262
2317,鴻海,12,1,11,宏遠-桃園,2023-04-25,1262
6799,來頡,11,0,11,宏遠-桃園,2023-04-25,1262
2618,長榮航,10,0,10,宏遠-桃園,2023-04-25,1262
1312,國喬,10,0,10,宏遠-桃園,2023-04-25,1262
1444,力麗,10,0,10,宏遠-桃園,2023-04-25,1262
2324,仁寶,10,0,10,宏遠-桃園,2023-04-25,1262
2887,台新金,10,0,10,宏遠-桃園,2023-04-25,1262
3047,訊舟,10,0,10,宏遠-桃園,2023-04-25,1262
3078,僑威,11,1,10,宏遠-桃園,2023-04-25,1262
3149,正達,10,0,10,宏遠-桃園,2023-04-25,1262
4121,優盛,10,0,10,宏遠-桃園,2023-04-25,1262
5876,上海商銀,10,0,10,宏遠-桃園,2023-04-25,1262
6235,華孚,12,2,10,宏遠-桃園,2023-04-25,1262
6285,啟��,34,5,29,宏遠-桃園,2023-04-26,1262
3545,敦泰,25,0,25,宏遠-桃園,2023-04-26,1262
3374,精材,20,0,20,宏遠-桃園,2023-04-26,1262
9958,世紀鋼,20,0,20,宏遠-桃園,2023-04-26,1262
00715L,期街口布蘭特正2,30,10,20,宏遠-桃園,2023-04-26,1262
6411,晶焱,17,0,17,宏遠-桃園,2023-04-26,1262
2324,仁寶,16,0,16,宏遠-桃園,2023-04-26,1262
6770,力積電,16,2,14,宏遠-桃園,2023-04-26,1262
00830,國泰費城半導體,12,0,12,宏遠-桃園,2023-04-26,1262
1444,力麗,10,0,10,宏遠-桃園,2023-04-26,1262
00900,富邦特選高股息30,10,0,10,宏遠-桃園,2023-04-26,1262
3617,碩天,10,0,10,宏遠-桃園,2023-04-26,1262
6223,旺矽,11,1,10,宏遠-桃園,2023-04-26,1262
2609,陽明,9,0,9,宏遠-桃園,2023-04-26,1262
00922,國泰台灣領袖50,8,0,8,宏遠-桃園,2023-04-26,1262
2002,中鋼,13,5,8,宏遠-桃園,2023-04-26,1262
3035,智原,13,5,8,宏遠-桃園,2023-04-26,1262
3481,群創,10,3,7,宏遠-桃園,2023-04-26,1262
5222,全訊,7,0,7,宏遠-桃園,2023-04-26,1262
6104,創惟,13,6,7,宏遠-桃園,2023-04-26,1262
2337,旺宏,6,0,6,宏遠-桃園,2023-04-26,1262
1464,得力,6,0,6,宏遠-桃園,2023-04-26,1262
1904,正隆,52,46,6,宏遠-桃園,2023-04-26,1262
3058,立德,6,0,6,宏遠-桃園,2023-04-26,1262
6470,宇智,7,1,6,宏遠-桃園,2023-04-26,1262
2603,長榮,5,0,5,宏遠-桃園,2023-04-26,1262
1108,幸福,5,0,5,宏遠-桃園,2023-04-26,1262
2618,長榮航,5,0,5,宏遠-桃園,2023-04-26,1262
3059,華晶科,5,0,5,宏遠-桃園,2023-04-26,1262
3231,緯創,16,11,5,宏遠-桃園,2023-04-26,1262
6485,點序,5,0,5,宏遠-桃園,2023-04-26,1262
6510,精測,5,0,5,宏遠-桃園,2023-04-26,1262
6592,和潤企業,5,0,5,宏遠-桃園,2023-04-26,1262
8069,元太,7,2,5,宏遠-桃園,2023-04-26,1262
8112,至上,5,0,5,宏遠-桃園,2023-04-26,1262
2027,大成鋼,4,0,4,宏遠-桃園,2023-04-26,1262
00878,國泰永續高股息,8,4,4,宏遠-桃園,2023-04-26,1262
00772B,中信高評級公司債,4,0,4,宏遠-桃園,2023-04-26,1262
2392,正崴,4,0,4,宏遠-桃園,2023-04-26,1262
3029,零壹,5,1,4,宏遠-桃園,2023-04-26,1262
3071,協禧,32,28,4,宏遠-桃園,2023-04-26,1262
6446,藥華藥,11,7,4,宏遠-桃園,2023-04-26,1262
2308,台達電,3,0,3,宏遠-桃園,2023-04-26,1262
00670L,富邦NASDAQ正2,3,0,3,宏遠-桃園,2023-04-26,1262
00881,國泰台灣5G+,3,0,3,宏遠-桃園,2023-04-26,1262
3653,健策,3,0,3,宏遠-桃園,2023-04-26,1262
4306,炎洲,3,0,3,宏遠-桃園,2023-04-26,1262
4915,致伸,3,0,3,宏遠-桃園,2023-04-26,1262
5478,智冠,3,0,3,宏遠-桃園,2023-04-26,1262
6129,普誠,3,0,3,宏遠-桃園,2023-04-26,1262
2883B,凱基金乙特,70,0,70,宏遠-桃園,2023-04-27,1262
0050,元大台灣50,58,1,57,宏遠-桃園,2023-04-27,1262
1721,三晃,81,39,42,宏遠-桃園,2023-04-27,1262
4114,健喬,36,2,34,宏遠-桃園,2023-04-27,1262
4976,佳凌,30,0,30,宏遠-桃園,2023-04-27,1262
3481,群創,22,0,22,宏遠-桃園,2023-04-27,1262
00830,國泰費城半導體,20,0,20,宏遠-桃園,2023-04-27,1262
6461,益得,20,0,20,宏遠-桃園,2023-04-27,1262
2489,瑞軒,15,0,15,宏遠-桃園,2023-04-27,1262
4581,光隆精密-KY,15,0,15,宏遠-桃園,2023-04-27,1262
5222,全訊,15,3,12,宏遠-桃園,2023-04-27,1262
00891,中信關鍵半導體,11,0,11,宏遠-桃園,2023-04-27,1262
2014,中鴻,10,0,10,宏遠-桃園,2023-04-27,1262
2388,威盛,18,8,10,宏遠-桃園,2023-04-27,1262
2495,普安,24,14,10,宏遠-桃園,2023-04-27,1262
4741,泓瀚,10,0,10,宏遠-桃園,2023-04-27,1262
5351,鈺創,10,0,10,宏遠-桃園,2023-04-27,1262
00642U,期元大S＆P石油,9,0,9,宏遠-桃園,2023-04-27,1262
3693,營邦,9,0,9,宏遠-桃園,2023-04-27,1262
6625,必應,12,3,9,宏遠-桃園,2023-04-27,1262
3037,欣興,8,0,8,宏遠-桃園,2023-04-27,1262
00878,國泰永續高股息,18,11,7,宏遠-桃園,2023-04-27,1262
2330,台積電,7,1,6,宏遠-桃園,2023-04-27,1262
2002,中鋼,26,20,6,宏遠-桃園,2023-04-27,1262
1605,華新,9,3,6,宏遠-桃園,2023-04-27,1262
3062,建漢,6,0,6,宏遠-桃園,2023-04-27,1262
9955,佳龍,6,0,6,宏遠-桃園,2023-04-27,1262
1904,正隆,5,0,5,宏遠-桃園,2023-04-27,1262
2344,華邦電,5,0,5,宏遠-桃園,2023-04-27,1262
3520,華盈,5,0,5,宏遠-桃園,2023-04-27,1262
5371,中光電,5,0,5,宏遠-桃園,2023-04-27,1262
6140,訊達,5,0,5,宏遠-桃園,2023-04-27,1262
6192,巨路,5,0,5,宏遠-桃園,2023-04-27,1262
2409,友達,4,0,4,宏遠-桃園,2023-04-27,1262
00679B,元大美債20年,4,0,4,宏遠-桃園,2023-04-27,1262
00720B,元大投資級公司債,4,0,4,宏遠-桃園,2023-04-27,1262
00712,復華富時不動產,4,0,4,宏遠-桃園,2023-04-27,1262
2498,宏達電,5,1,4,宏遠-桃園,2023-04-27,1262
3454,晶睿,5,1,4,宏遠-桃園,2023-04-27,1262
6770,力積電,4,0,4,宏遠-桃園,2023-04-27,1262
2609,陽明,3,0,3,宏遠-桃園,2023-04-27,1262
1584,精剛,39,36,3,宏遠-桃園,2023-04-27,1262
1104,環泥,3,0,3,宏遠-桃園,2023-04-27,1262
1101,台泥,4,1,3,宏遠-桃園,2023-04-27,1262
2208,台船,3,0,3,宏遠-桃園,2023-04-27,1262
2429,銘旺科,3,0,3,宏遠-桃園,2023-04-27,1262
3006,晶豪科,3,0,3,宏遠-桃園,2023-04-27,1262
3025,星通,3,0,3,宏遠-桃園,2023-04-27,1262
3289,宜特,3,0,3,宏遠-桃園,2023-04-27,1262
3346,麗清,3,0,3,宏遠-桃園,2023-04-27,1262
2489,瑞軒,100,4,96,宏遠-桃園,2023-04-28,1262
2880,華南金,79,15,64,宏遠-桃園,2023-04-28,1262
2313,華通,50,0,50,宏遠-桃園,2023-04-28,1262
3673,TPK-KY,51,2,49,宏遠-桃園,2023-04-28,1262
3481,群創,47,3,44,宏遠-桃園,2023-04-28,1262
2607,榮運,35,0,35,宏遠-桃園,2023-04-28,1262
2883B,凱基金乙特,30,0,30,宏遠-桃園,2023-04-28,1262
2303,聯電,61,37,24,宏遠-桃園,2023-04-28,1262
2206,三陽工業,22,1,21,宏遠-桃園,2023-04-28,1262
9919,康那香,20,0,20,宏遠-桃園,2023-04-28,1262
6244,茂迪,17,0,17,宏遠-桃園,2023-04-28,1262
00715L,期街口布蘭特正2,55,39,16,宏遠-桃園,2023-04-28,1262
2401,凌陽,13,0,13,宏遠-桃園,2023-04-28,1262
1513,中興電,12,0,12,宏遠-桃園,2023-04-28,1262
0056,元大高股息,12,1,11,宏遠-桃園,2023-04-28,1262
2436,偉詮電,11,0,11,宏遠-桃園,2023-04-28,1262
3038,全台,11,0,11,宏遠-桃園,2023-04-28,1262
1444,力麗,10,0,10,宏遠-桃園,2023-04-28,1262
4927,泰鼎-KY,10,0,10,宏遠-桃園,2023-04-28,1262
8163,達方,10,0,10,宏遠-桃園,2023-04-28,1262
8215,明基材,10,0,10,宏遠-桃園,2023-04-28,1262
3706,神達,9,0,9,宏遠-桃園,2023-04-28,1262
6167,久正,10,1,9,宏遠-桃園,2023-04-28,1262
1101,台泥,8,0,8,宏遠-桃園,2023-04-28,1262
3324,雙鴻,37,29,8,宏遠-桃園,2023-04-28,1262
3624,光頡,13,5,8,宏遠-桃園,2023-04-28,1262
2022,聚亨,7,0,7,宏遠-桃園,2023-04-28,1262
3062,建漢,7,0,7,宏遠-桃園,2023-04-28,1262
00900,富邦特選高股息30,6,0,6,宏遠-桃園,2023-04-28,1262
00680L,元大美債20正2,6,0,6,宏遠-桃園,2023-04-28,1262
2337,旺宏,16,10,6,宏遠-桃園,2023-04-28,1262
2409,友達,8,2,6,宏遠-桃園,2023-04-28,1262
4167,松瑞藥,6,0,6,宏遠-桃園,2023-04-28,1262
6266,泰詠,46,40,6,宏遠-桃園,2023-04-28,1262
6485,點序,6,0,6,宏遠-桃園,2023-04-28,1262
0050,元大台灣50,5,0,5,宏遠-桃園,2023-04-28,1262
1904,正隆,18,13,5,宏遠-桃園,2023-04-28,1262
3522,御嵿,5,0,5,宏遠-桃園,2023-04-28,1262
4967,十銓,5,0,5,宏遠-桃園,2023-04-28,1262
6104,創惟,5,0,5,宏遠-桃園,2023-04-28,1262
2408,南亞科,5,0,5,宏遠-桃園,2023-04-28,1262
00706L,期元大S＆P日圓正2,4,0,4,宏遠-桃園,2023-04-28,1262
2376,技嘉,5,1,4,宏遠-桃園,2023-04-28,1262
2722,夏都,5,1,4,宏遠-桃園,2023-04-28,1262
4958,臻鼎-KY,4,0,4,宏遠-桃園,2023-04-28,1262
5704,老爺知,4,0,4,宏遠-桃園,2023-04-28,1262
6160,欣技,14,10,4,宏遠-桃園,2023-04-28,1262
8222,寶一,16,12,4,宏遠-桃園,2023-04-28,1262
4119,旭富,3,0,3,宏遠-桃園,2023-04-28,1262
1104,環泥,3,0,3,宏遠-桃園,2023-04-28,1262
3231,緯創,208,8,200,宏遠-桃園,2023-05-02,1262
2883B,凱基金乙特,150,0,150,宏遠-桃園,2023-05-02,1262
2206,三陽工業,48,15,33,宏遠-桃園,2023-05-02,1262
1611,中電,32,1,31,宏遠-桃園,2023-05-02,1262
2634,漢翔,72,41,31,宏遠-桃園,2023-05-02,1262
6244,茂迪,33,4,29,宏遠-桃園,2023-05-02,1262
6275,元山,25,0,25,宏遠-桃園,2023-05-02,1262
8936,國統,25,0,25,宏遠-桃園,2023-05-02,1262
4711,永純,23,0,23,宏遠-桃園,2023-05-02,1262
5512,力麒,22,0,22,宏遠-桃園,2023-05-02,1262
8222,寶一,22,2,20,宏遠-桃園,2023-05-02,1262
00637L,元大滬深300正2,39,19,20,宏遠-桃園,2023-05-02,1262
6741,91APP*-KY,23,3,20,宏遠-桃園,2023-05-02,1262
1513,中興電,49,32,17,宏遠-桃園,2023-05-02,1262
1312,國喬,15,0,15,宏遠-桃園,2023-05-02,1262
2489,瑞軒,15,0,15,宏遠-桃園,2023-05-02,1262
3025,星通,15,0,15,宏遠-桃園,2023-05-02,1262
1905,華紙,30,15,15,宏遠-桃園,2023-05-02,1262
2344,華邦電,14,0,14,宏遠-桃園,2023-05-02,1262
6288,聯嘉,23,10,13,宏遠-桃園,2023-05-02,1262
2884,玉山金,12,0,12,宏遠-桃園,2023-05-02,1262
00772B,中信高評級公司債,11,0,11,宏遠-桃園,2023-05-02,1262
4768,晶呈科技,10,0,10,宏遠-桃園,2023-05-02,1262
00712,復華富時不動產,10,0,10,宏遠-桃園,2023-05-02,1262
2412,中華電,10,0,10,宏遠-桃園,2023-05-02,1262
2413,環科,12,2,10,宏遠-桃園,2023-05-02,1262
2419,仲琦,10,0,10,宏遠-桃園,2023-05-02,1262
5392,能率,10,0,10,宏遠-桃園,2023-05-02,1262
8096,擎亞,10,0,10,宏遠-桃園,2023-05-02,1262
9919,康那香,10,0,10,宏遠-桃園,2023-05-02,1262
2603,長榮,10,1,9,宏遠-桃園,2023-05-02,1262
00650L,復華香港正2,22,13,9,宏遠-桃園,2023-05-02,1262
00680L,元大美債20正2,9,0,9,宏遠-桃園,2023-05-02,1262
1720,生達,10,2,8,宏遠-桃園,2023-05-02,1262
6799,來頡,12,4,8,宏遠-桃園,2023-05-02,1262
9955,佳龍,8,0,8,宏遠-桃園,2023-05-02,1262
3037,欣興,30,23,7,宏遠-桃園,2023-05-02,1262
2314,台揚,6,0,6,宏遠-桃園,2023-05-02,1262
3491,昇達科,6,0,6,宏遠-桃園,2023-05-02,1262
6163,華電網,19,13,6,宏遠-桃園,2023-05-02,1262
00679B,元大美債20年,5,0,5,宏遠-桃園,2023-05-02,1262
0050,元大台灣50,5,0,5,宏遠-桃園,2023-05-02,1262
2352,佳世達,5,0,5,宏遠-桃園,2023-05-02,1262
2515,中工,5,0,5,宏遠-桃園,2023-05-02,1262
2889,國票金,5,0,5,宏遠-桃園,2023-05-02,1262
3682,亞太電,5,0,5,宏遠-桃園,2023-05-02,1262
4572,駐龍,7,2,5,宏遠-桃園,2023-05-02,1262
5351,鈺創,5,0,5,宏遠-桃園,2023-05-02,1262
5450,南良,5,0,5,宏遠-桃園,2023-05-02,1262
6129,普誠,15,10,5,宏遠-桃園,2023-05-02,1262
00715L,期街口布蘭特正2,175,5,170,宏遠-桃園,2023-05-03,1262
1101,台泥,122,2,120,宏遠-桃園,2023-05-03,1262
3481,群創,80,0,80,宏遠-桃園,2023-05-03,1262
00642U,期元大S＆P石油,62,0,62,宏遠-桃園,2023-05-03,1262
6179,亞通,30,1,29,宏遠-桃園,2023-05-03,1262
1776,展宇,25,0,25,宏遠-桃園,2023-05-03,1262
4968,立積,25,0,25,宏遠-桃園,2023-05-03,1262
1732,毛寶,24,0,24,宏遠-桃園,2023-05-03,1262
3032,偉訓,20,0,20,宏遠-桃園,2023-05-03,1262
6770,力積電,17,0,17,宏遠-桃園,2023-05-03,1262
2449,京元電子,16,0,16,宏遠-桃園,2023-05-03,1262
6244,茂迪,18,2,16,宏遠-桃園,2023-05-03,1262
8222,寶一,35,20,15,宏遠-桃園,2023-05-03,1262
1519,華城,26,12,14,宏遠-桃園,2023-05-03,1262
00830,國泰費城半導體,13,0,13,宏遠-桃園,2023-05-03,1262
3025,星通,13,1,12,宏遠-桃園,2023-05-03,1262
5009,榮剛,17,5,12,宏遠-桃園,2023-05-03,1262
0056,元大高股息,11,0,11,宏遠-桃園,2023-05-03,1262
4906,正文,11,0,11,宏遠-桃園,2023-05-03,1262
1444,力麗,10,0,10,宏遠-桃園,2023-05-03,1262
1907,永豐餘,10,0,10,宏遠-桃園,2023-05-03,1262
2303,聯電,30,20,10,宏遠-桃園,2023-05-03,1262
4111,濟生,10,0,10,宏遠-桃園,2023-05-03,1262
6461,益得,10,0,10,宏遠-桃園,2023-05-03,1262
2603,長榮,15,6,9,宏遠-桃園,2023-05-03,1262
00650L,復華香港正2,25,16,9,宏遠-桃園,2023-05-03,1262
2421,建準,10,1,9,宏遠-桃園,2023-05-03,1262
6547,高端疫苗,11,2,9,宏遠-桃園,2023-05-03,1262
9105,泰金寶-DR,9,0,9,宏遠-桃園,2023-05-03,1262
2417,圓剛,12,3,9,宏遠-桃園,2023-05-03,1262
1514,亞力,29,21,8,宏遠-桃園,2023-05-03,1262
6799,來頡,8,0,8,宏遠-桃園,2023-05-03,1262
8927,北基,7,0,7,宏遠-桃園,2023-05-03,1262
1513,中興電,13,7,6,宏遠-桃園,2023-05-03,1262
2027,大成鋼,6,0,6,宏遠-桃園,2023-05-03,1262
2801,彰銀,6,0,6,宏遠-桃園,2023-05-03,1262
9942,茂順,6,0,6,宏遠-桃園,2023-05-03,1262
3006,晶豪科,5,0,5,宏遠-桃園,2023-05-03,1262
00878,國泰永續高股息,29,24,5,宏遠-桃園,2023-05-03,1262
00753L,中信中國50正2,5,0,5,宏遠-桃園,2023-05-03,1262
00888,永豐台灣ESG,5,0,5,宏遠-桃園,2023-05-03,1262
00637L,元大滬深300正2,9,4,5,宏遠-桃園,2023-05-03,1262
00690,兆豐藍籌30,5,0,5,宏遠-桃園,2023-05-03,1262
2610,華航,10,5,5,宏遠-桃園,2023-05-03,1262
4909,新復興,5,0,5,宏遠-桃園,2023-05-03,1262
5284,jpp-KY,5,0,5,宏遠-桃園,2023-05-03,1262
5351,鈺創,5,0,5,宏遠-桃園,2023-05-03,1262
6120,達運,5,0,5,宏遠-桃園,2023-05-03,1262
6756,威鋒電子,5,0,5,宏遠-桃園,2023-05-03,1262
8255,朋程,6,1,5,宏遠-桃園,2023-05-03,1262
2489,瑞軒,120,0,120,宏遠-桃園,2023-05-04,1262
5483,中美晶,102,2,100,宏遠-桃園,2023-05-04,1262
6223,旺矽,70,0,70,宏遠-桃園,2023-05-04,1262
1711,永光,61,0,61,宏遠-桃園,2023-05-04,1262
6015,宏遠證,100,50,50,宏遠-桃園,2023-05-04,1262
6443,元晶,42,2,40,宏遠-桃園,2023-05-04,1262
3481,群創,40,7,33,宏遠-桃園,2023-05-04,1262
2425,承啟,27,0,27,宏遠-桃園,2023-05-04,1262
5009,榮剛,30,3,27,宏遠-桃園,2023-05-04,1262
3338,泰碩,24,1,23,宏遠-桃園,2023-05-04,1262
00632R,元大台灣50反1,20,0,20,宏遠-桃園,2023-05-04,1262
1784,訊聯,20,0,20,宏遠-桃園,2023-05-04,1262
3149,正達,20,0,20,宏遠-桃園,2023-05-04,1262
3207,耀勝,20,0,20,宏遠-桃園,2023-05-04,1262
3537,堡達,20,0,20,宏遠-桃園,2023-05-04,1262
6770,力積電,21,4,17,宏遠-桃園,2023-05-04,1262
1504,東元,23,6,17,宏遠-桃園,2023-05-04,1262
00878,國泰永續高股息,17,0,17,宏遠-桃園,2023-05-04,1262
4979,華星光,62,45,17,宏遠-桃園,2023-05-04,1262
5498,凱崴,16,0,16,宏遠-桃園,2023-05-04,1262
00642U,期元大S＆P石油,16,0,16,宏遠-桃園,2023-05-04,1262
2855,統一證,15,0,15,宏遠-桃園,2023-05-04,1262
1519,華城,20,6,14,宏遠-桃園,2023-05-04,1262
5222,全訊,13,0,13,宏遠-桃園,2023-05-04,1262
3017,奇鋐,20,8,12,宏遠-桃園,2023-05-04,1262
6461,益得,12,0,12,宏遠-桃園,2023-05-04,1262
00712,復華富時不動產,11,0,11,宏遠-桃園,2023-05-04,1262
1513,中興電,12,2,10,宏遠-桃園,2023-05-04,1262
1409,新纖,10,0,10,宏遠-桃園,2023-05-04,1262
1444,力麗,10,0,10,宏遠-桃園,2023-05-04,1262
1447,力鵬,10,0,10,宏遠-桃園,2023-05-04,1262
2106,建大,10,0,10,宏遠-桃園,2023-05-04,1262
2607,榮運,10,0,10,宏遠-桃園,2023-05-04,1262
3041,揚智,10,0,10,宏遠-桃園,2023-05-04,1262
3141,晶宏,10,0,10,宏遠-桃園,2023-05-04,1262
3686,達能,10,0,10,宏遠-桃園,2023-05-04,1262
6167,久正,10,0,10,宏遠-桃園,2023-05-04,1262
9105,泰金寶-DR,10,0,10,宏遠-桃園,2023-05-04,1262
00919,群益台灣精選高息,8,0,8,宏遠-桃園,2023-05-04,1262
2344,華邦電,8,0,8,宏遠-桃園,2023-05-04,1262
4306,炎洲,8,0,8,宏遠-桃園,2023-05-04,1262
1529,樂事綠能,9,2,7,宏遠-桃園,2023-05-04,1262
2014,中鴻,7,0,7,宏遠-桃園,2023-05-04,1262
2609,陽明,7,0,7,宏遠-桃園,2023-05-04,1262
5512,力麒,6,0,6,宏遠-桃園,2023-05-04,1262
5392,能率,5,0,5,宏遠-桃園,2023-05-04,1262
1905,華紙,30,25,5,宏遠-桃園,2023-05-04,1262
2022,聚亨,5,0,5,宏遠-桃園,2023-05-04,1262
4111,濟生,7,2,5,宏遠-桃園,2023-05-04,1262
4440,宜新實業,5,0,5,宏遠-桃園,2023-05-04,1262
00715L,期街口布蘭特正2,1599,5,1594,宏遠-桃園,2023-05-05,1262
00637L,元大滬深300正2,576,29,547,宏遠-桃園,2023-05-05,1262
00751B,元大AAA至A公司債,57,0,57,宏遠-桃園,2023-05-05,1262
2206,三陽工業,52,3,49,宏遠-桃園,2023-05-05,1262
2317,鴻海,51,10,41,宏遠-桃園,2023-05-05,1262
1101,台泥,46,13,33,宏遠-桃園,2023-05-05,1262
1717,長興,30,0,30,宏遠-桃園,2023-05-05,1262
2449,京元電子,30,0,30,宏遠-桃園,2023-05-05,1262
6127,九豪,30,0,30,宏遠-桃園,2023-05-05,1262
6248,沛波,30,0,30,宏遠-桃園,2023-05-05,1262
2413,環科,29,0,29,宏遠-桃園,2023-05-05,1262
6244,茂迪,27,5,22,宏遠-桃園,2023-05-05,1262
6282,康舒,22,0,22,宏遠-桃園,2023-05-05,1262
1529,樂事綠能,27,7,20,宏遠-桃園,2023-05-05,1262
6625,必應,16,1,15,宏遠-桃園,2023-05-05,1262
00878,國泰永續高股息,15,1,14,宏遠-桃園,2023-05-05,1262
6129,普誠,24,10,14,宏遠-桃園,2023-05-05,1262
00720B,元大投資級公司債,13,0,13,宏遠-桃園,2023-05-05,1262
00632R,元大台灣50反1,11,0,11,宏遠-桃園,2023-05-05,1262
3419,譁裕,14,3,11,宏遠-桃園,2023-05-05,1262
00900,富邦特選高股息30,10,0,10,宏遠-桃園,2023-05-05,1262
00893,國泰智能電動車,10,0,10,宏遠-桃園,2023-05-05,1262
1734,杏輝,15,5,10,宏遠-桃園,2023-05-05,1262
1907,永豐餘,15,5,10,宏遠-桃園,2023-05-05,1262
3416,融程電,12,2,10,宏遠-桃園,2023-05-05,1262
4976,佳凌,10,0,10,宏遠-桃園,2023-05-05,1262
6443,元晶,13,4,9,宏遠-桃園,2023-05-05,1262
4111,濟生,9,0,9,宏遠-桃園,2023-05-05,1262
8222,寶一,18,9,9,宏遠-桃園,2023-05-05,1262
4114,健喬,18,10,8,宏遠-桃園,2023-05-05,1262
4306,炎洲,8,0,8,宏遠-桃園,2023-05-05,1262
8093,保銳,8,0,8,宏遠-桃園,2023-05-05,1262
3693,營邦,12,5,7,宏遠-桃園,2023-05-05,1262
2002,中鋼,10,4,6,宏遠-桃園,2023-05-05,1262
3005,神基,6,0,6,宏遠-桃園,2023-05-05,1262
6527,明達醫,8,2,6,宏遠-桃園,2023-05-05,1262
6806,森崴能源,7,2,5,宏遠-桃園,2023-05-05,1262
6515,穎崴,6,1,5,宏遠-桃園,2023-05-05,1262
00679B,元大美債20年,5,0,5,宏遠-桃園,2023-05-05,1262
1307,三芳,5,0,5,宏遠-桃園,2023-05-05,1262
2377,微星,5,0,5,宏遠-桃園,2023-05-05,1262
2476,鉅祥,5,0,5,宏遠-桃園,2023-05-05,1262
2850,新產,5,0,5,宏遠-桃園,2023-05-05,1262
3209,全科,5,0,5,宏遠-桃園,2023-05-05,1262
3673,TPK-KY,5,0,5,宏遠-桃園,2023-05-05,1262
6191,精成科,5,0,5,宏遠-桃園,2023-05-05,1262
6218,豪勉,6,1,5,宏遠-桃園,2023-05-05,1262
8476,台境*,5,0,5,宏遠-桃園,2023-05-05,1262
9945,潤泰新,5,0,5,宏遠-桃園,2023-05-05,1262
4108,懷特,4,0,4,宏遠-桃園,2023-05-05,1262
00632R,元大台灣50反1,72,0,72,宏遠-桃園,2023-05-08,1262
3149,正達,50,0,50,宏遠-桃園,2023-05-08,1262
6275,元山,46,3,43,宏遠-桃園,2023-05-08,1262
9919,康那香,40,0,40,宏遠-桃園,2023-05-08,1262
3038,全台,40,1,39,宏遠-桃園,2023-05-08,1262
1734,杏輝,30,0,30,宏遠-桃園,2023-05-08,1262
6179,亞通,30,1,29,宏遠-桃園,2023-05-08,1262
2883,凱基金,33,5,28,宏遠-桃園,2023-05-08,1262
00878,國泰永續高股息,23,1,22,宏遠-桃園,2023-05-08,1262
6223,旺矽,22,0,22,宏遠-桃園,2023-05-08,1262
5321,美而快,24,3,21,宏遠-桃園,2023-05-08,1262
3406,玉晶光,20,0,20,宏遠-桃園,2023-05-08,1262
3481,群創,21,2,19,宏遠-桃園,2023-05-08,1262
3209,全科,15,0,15,宏遠-桃園,2023-05-08,1262
9955,佳龍,15,0,15,宏遠-桃園,2023-05-08,1262
00642U,期元大S＆P石油,11,0,11,宏遠-桃園,2023-05-08,1262
1444,力麗,10,0,10,宏遠-桃園,2023-05-08,1262
1409,新纖,10,0,10,宏遠-桃園,2023-05-08,1262
1711,永光,10,0,10,宏遠-桃園,2023-05-08,1262
6590,普鴻,10,0,10,宏遠-桃園,2023-05-08,1262
1605,華新,18,9,9,宏遠-桃園,2023-05-08,1262
5392,能率,9,0,9,宏遠-桃園,2023-05-08,1262
4167,松瑞藥,8,0,8,宏遠-桃園,2023-05-08,1262
1795,美時,11,3,8,宏遠-桃園,2023-05-08,1262
2476,鉅祥,15,8,7,宏遠-桃園,2023-05-08,1262
4111,濟生,7,0,7,宏遠-桃園,2023-05-08,1262
00751B,元大AAA至A公司債,6,0,6,宏遠-桃園,2023-05-08,1262
00679B,元大美債20年,7,1,6,宏遠-桃園,2023-05-08,1262
3714,富采,6,0,6,宏遠-桃園,2023-05-08,1262
6443,元晶,7,1,6,宏遠-桃園,2023-05-08,1262
8155,博智,6,0,6,宏遠-桃園,2023-05-08,1262
8390,金益鼎,6,0,6,宏遠-桃園,2023-05-08,1262
00664R,國泰臺灣加權反1,5,0,5,宏遠-桃園,2023-05-08,1262
1529,樂事綠能,9,4,5,宏遠-桃園,2023-05-08,1262
2449,京元電子,5,0,5,宏遠-桃園,2023-05-08,1262
2482,連宇,10,5,5,宏遠-桃園,2023-05-08,1262
3264,欣銓,5,0,5,宏遠-桃園,2023-05-08,1262
3272,東碩,5,0,5,宏遠-桃園,2023-05-08,1262
3419,譁裕,5,0,5,宏遠-桃園,2023-05-08,1262
4572,駐龍,5,0,5,宏遠-桃園,2023-05-08,1262
6292,迅德,5,0,5,宏遠-桃園,2023-05-08,1262
8926,台汽電,5,0,5,宏遠-桃園,2023-05-08,1262
1513,中興電,23,18,5,宏遠-桃園,2023-05-08,1262
3324,雙鴻,5,1,4,宏遠-桃園,2023-05-08,1262
1218,泰山,5,1,4,宏遠-桃園,2023-05-08,1262
1524,耿鼎,4,0,4,宏遠-桃園,2023-05-08,1262
2492,華新科,5,1,4,宏遠-桃園,2023-05-08,1262
2881,富邦金,4,0,4,宏遠-桃園,2023-05-08,1262
3093,港建*,4,0,4,宏遠-桃園,2023-05-08,1262
6547,高端疫苗,10,6,4,宏遠-桃園,2023-05-08,1262
2476,鉅祥,65,3,62,宏遠-桃園,2023-05-09,1262
2867,三商壽,60,0,60,宏遠-桃園,2023-05-09,1262
3715,定穎投控,54,0,54,宏遠-桃園,2023-05-09,1262
3149,正達,50,0,50,宏遠-桃園,2023-05-09,1262
00680L,元大美債20正2,40,0,40,宏遠-桃園,2023-05-09,1262
1513,中興電,42,3,39,宏遠-桃園,2023-05-09,1262
2208,台船,35,5,30,宏遠-桃園,2023-05-09,1262
2489,瑞軒,30,0,30,宏遠-桃園,2023-05-09,1262
2618,長榮航,35,5,30,宏遠-桃園,2023-05-09,1262
00679B,元大美債20年,28,0,28,宏遠-桃園,2023-05-09,1262
1464,得力,22,0,22,宏遠-桃園,2023-05-09,1262
2880,華南金,22,0,22,宏遠-桃園,2023-05-09,1262
1444,力麗,20,0,20,宏遠-桃園,2023-05-09,1262
2106,建大,20,0,20,宏遠-桃園,2023-05-09,1262
4306,炎洲,20,0,20,宏遠-桃園,2023-05-09,1262
5315,光聯,20,0,20,宏遠-桃園,2023-05-09,1262
6266,泰詠,21,1,20,宏遠-桃園,2023-05-09,1262
6461,益得,20,0,20,宏遠-桃園,2023-05-09,1262
00687B,國泰20年美債,17,0,17,宏遠-桃園,2023-05-09,1262
00772B,中信高評級公司債,14,0,14,宏遠-桃園,2023-05-09,1262
2352,佳世達,15,1,14,宏遠-桃園,2023-05-09,1262
4114,健喬,14,0,14,宏遠-桃園,2023-05-09,1262
1529,樂事綠能,13,0,13,宏遠-桃園,2023-05-09,1262
1609,大亞,12,0,12,宏遠-桃園,2023-05-09,1262
1101,台泥,13,1,12,宏遠-桃園,2023-05-09,1262
6741,91APP*-KY,12,0,12,宏遠-桃園,2023-05-09,1262
9955,佳龍,12,0,12,宏遠-桃園,2023-05-09,1262
2314,台揚,11,0,11,宏遠-桃園,2023-05-09,1262
4175,杏一,12,1,11,宏遠-桃園,2023-05-09,1262
00642U,期元大S＆P石油,10,0,10,宏遠-桃園,2023-05-09,1262
00664R,國泰臺灣加權反1,10,0,10,宏遠-桃園,2023-05-09,1262
00795B,中信美國公債20年,10,0,10,宏遠-桃園,2023-05-09,1262
1720,生達,10,0,10,宏遠-桃園,2023-05-09,1262
1776,展宇,12,2,10,宏遠-桃園,2023-05-09,1262
2102,泰豐,10,0,10,宏遠-桃園,2023-05-09,1262
2371,大同,10,0,10,宏遠-桃園,2023-05-09,1262
3419,譁裕,10,0,10,宏遠-桃園,2023-05-09,1262
6167,久正,10,0,10,宏遠-桃園,2023-05-09,1262
9945,潤泰新,10,0,10,宏遠-桃園,2023-05-09,1262
2027,大成鋼,9,0,9,宏遠-桃園,2023-05-09,1262
3027,盛達,14,5,9,宏遠-桃園,2023-05-09,1262
3338,泰碩,12,3,9,宏遠-桃園,2023-05-09,1262
3673,TPK-KY,10,1,9,宏遠-桃園,2023-05-09,1262
2883,凱基金,15,7,8,宏遠-桃園,2023-05-09,1262
2634,漢翔,9,1,8,宏遠-桃園,2023-05-09,1262
8163,達方,8,0,8,宏遠-桃園,2023-05-09,1262
00751B,元大AAA至A公司債,7,0,7,宏遠-桃園,2023-05-09,1262
2342,茂矽,7,0,7,宏遠-桃園,2023-05-09,1262
3501,維熹,7,0,7,宏遠-桃園,2023-05-09,1262
6806,森崴能源,10,3,7,宏遠-桃園,2023-05-09,1262
00637L,元大滬深300正2,58,4,54,宏遠-桃園,2023-05-10,1262
6185,幃翔,50,0,50,宏遠-桃園,2023-05-10,1262
1584,精剛,65,16,49,宏遠-桃園,2023-05-10,1262
00795B,中信美國公債20年,41,0,41,宏遠-桃園,2023-05-10,1262
6139,亞翔,35,4,31,宏遠-桃園,2023-05-10,1262
2889,國票金,30,0,30,宏遠-桃園,2023-05-10,1262
5475,德宏,25,0,25,宏遠-桃園,2023-05-10,1262
2476,鉅祥,20,0,20,宏遠-桃園,2023-05-10,1262
3078,僑威,21,1,20,宏遠-桃園,2023-05-10,1262
00650L,復華香港正2,27,10,17,宏遠-桃園,2023-05-10,1262
3047,訊舟,15,0,15,宏遠-桃園,2023-05-10,1262
00687B,國泰20年美債,13,0,13,宏遠-桃園,2023-05-10,1262
00720B,元大投資級公司債,12,0,12,宏遠-桃園,2023-05-10,1262
6111,大宇資,16,4,12,宏遠-桃園,2023-05-10,1262
00680L,元大美債20正2,11,0,11,宏遠-桃園,2023-05-10,1262
3518,柏騰,11,0,11,宏遠-桃園,2023-05-10,1262
1101,台泥,10,0,10,宏遠-桃園,2023-05-10,1262
00753L,中信中國50正2,15,5,10,宏遠-桃園,2023-05-10,1262
2359,所羅門,10,0,10,宏遠-桃園,2023-05-10,1262
2449,京元電子,11,1,10,宏遠-桃園,2023-05-10,1262
2705,六福,10,0,10,宏遠-桃園,2023-05-10,1262
4102,永日,10,0,10,宏遠-桃園,2023-05-10,1262
5469,瀚宇博,10,0,10,宏遠-桃園,2023-05-10,1262
5487,通泰,10,0,10,宏遠-桃園,2023-05-10,1262
1907,永豐餘,10,1,9,宏遠-桃園,2023-05-10,1262
2402,毅嘉,11,2,9,宏遠-桃園,2023-05-10,1262
2610,華航,16,7,9,宏遠-桃園,2023-05-10,1262
4306,炎洲,8,0,8,宏遠-桃園,2023-05-10,1262
6485,點序,8,0,8,宏遠-桃園,2023-05-10,1262
6538,倉和,8,0,8,宏遠-桃園,2023-05-10,1262
6669,緯穎,13,6,7,宏遠-桃園,2023-05-10,1262
1503,士電,9,2,7,宏遠-桃園,2023-05-10,1262
2344,華邦電,7,0,7,宏遠-桃園,2023-05-10,1262
3027,盛達,7,0,7,宏遠-桃園,2023-05-10,1262
6266,泰詠,7,0,7,宏遠-桃園,2023-05-10,1262
2317,鴻海,9,2,7,宏遠-桃園,2023-05-10,1262
3209,全科,6,0,6,宏遠-桃園,2023-05-10,1262
2457,飛宏,7,2,5,宏遠-桃園,2023-05-10,1262
00690,兆豐藍籌30,5,0,5,宏遠-桃園,2023-05-10,1262
1810,和成,7,2,5,宏遠-桃園,2023-05-10,1262
2534,宏盛,5,0,5,宏遠-桃園,2023-05-10,1262
3202,樺晟,27,22,5,宏遠-桃園,2023-05-10,1262
3218,大學光,5,0,5,宏遠-桃園,2023-05-10,1262
3587,閎康,5,0,5,宏遠-桃園,2023-05-10,1262
2429,銘旺科,4,0,4,宏遠-桃園,2023-05-10,1262
00772B,中信高評級公司債,4,0,4,宏遠-桃園,2023-05-10,1262
00713,元大台灣高息低波,5,1,4,宏遠-桃園,2023-05-10,1262
00665L,富邦�琤肭磪囓�2,6,2,4,宏遠-桃園,2023-05-10,1262
00830,國泰費城半導體,4,0,4,宏遠-桃園,2023-05-10,1262
2376,技嘉,7,3,4,宏遠-桃園,2023-05-10,1262
00637L,元大滬深300正2,506,3,503,宏遠-桃園,2023-05-11,1262
2317,鴻海,61,3,58,宏遠-桃園,2023-05-11,1262
6288,聯嘉,32,0,32,宏遠-桃園,2023-05-11,1262
6139,亞翔,64,34,30,宏遠-桃園,2023-05-11,1262
4175,杏一,29,4,25,宏遠-桃園,2023-05-11,1262
4121,優盛,24,0,24,宏遠-桃園,2023-05-11,1262
00650L,復華香港正2,24,1,23,宏遠-桃園,2023-05-11,1262
3576,聯合再生,23,0,23,宏遠-桃園,2023-05-11,1262
4306,炎洲,22,0,22,宏遠-桃園,2023-05-11,1262
1444,力麗,20,0,20,宏遠-桃園,2023-05-11,1262
1711,永光,20,0,20,宏遠-桃園,2023-05-11,1262
2929,淘帝-KY,20,0,20,宏遠-桃園,2023-05-11,1262
4102,永日,20,0,20,宏遠-桃園,2023-05-11,1262
1609,大亞,19,0,19,宏遠-桃園,2023-05-11,1262
02002L,兆豐富櫃200正二N,18,0,18,宏遠-桃園,2023-05-11,1262
2610,華航,18,0,18,宏遠-桃園,2023-05-11,1262
9907,統一實,15,0,15,宏遠-桃園,2023-05-11,1262
1453,大將,14,0,14,宏遠-桃園,2023-05-11,1262
1101,台泥,13,0,13,宏遠-桃園,2023-05-11,1262
2855,統一證,13,0,13,宏遠-桃園,2023-05-11,1262
6806,森崴能源,13,0,13,宏遠-桃園,2023-05-11,1262
4958,臻鼎-KY,12,0,12,宏遠-桃園,2023-05-11,1262
2603,長榮,11,0,11,宏遠-桃園,2023-05-11,1262
1432,大魯閣,11,0,11,宏遠-桃園,2023-05-11,1262
3419,譁裕,11,0,11,宏遠-桃園,2023-05-11,1262
6285,啟��,11,1,10,宏遠-桃園,2023-05-11,1262
2359,所羅門,10,0,10,宏遠-桃園,2023-05-11,1262
2607,榮運,10,0,10,宏遠-桃園,2023-05-11,1262
3149,正達,10,0,10,宏遠-桃園,2023-05-11,1262
3673,TPK-KY,11,1,10,宏遠-桃園,2023-05-11,1262
5014,建錩,10,0,10,宏遠-桃園,2023-05-11,1262
6461,益得,10,0,10,宏遠-桃園,2023-05-11,1262
1795,美時,31,21,10,宏遠-桃園,2023-05-11,1262
2634,漢翔,10,0,10,宏遠-桃園,2023-05-11,1262
1720,生達,9,0,9,宏遠-桃園,2023-05-11,1262
1909,榮成,9,0,9,宏遠-桃園,2023-05-11,1262
2330,台積電,8,0,8,宏遠-桃園,2023-05-11,1262
5309,系統電,8,0,8,宏遠-桃園,2023-05-11,1262
3025,星通,10,3,7,宏遠-桃園,2023-05-11,1262
1528,恩德,6,0,6,宏遠-桃園,2023-05-11,1262
2534,宏盛,6,0,6,宏遠-桃園,2023-05-11,1262
4967,十銓,20,14,6,宏遠-桃園,2023-05-11,1262
8038,長園科,6,0,6,宏遠-桃園,2023-05-11,1262
3522,御嵿,6,0,6,宏遠-桃園,2023-05-11,1262
1312,國喬,5,0,5,宏遠-桃園,2023-05-11,1262
1727,中華化,5,0,5,宏遠-桃園,2023-05-11,1262
2101,南港,5,0,5,宏遠-桃園,2023-05-11,1262
2461,光群雷,5,0,5,宏遠-桃園,2023-05-11,1262
3027,盛達,5,0,5,宏遠-桃園,2023-05-11,1262
3402,漢科,5,0,5,宏遠-桃園,2023-05-11,1262
00637L,元大滬深300正2,80,1,79,宏遠-桃園,2023-05-12,1262
00715L,期街口布蘭特正2,84,8,76,宏遠-桃園,2023-05-12,1262
2489,瑞軒,105,40,65,宏遠-桃園,2023-05-12,1262
2206,三陽工業,56,3,53,宏遠-桃園,2023-05-12,1262
00642U,期元大S＆P石油,51,1,50,宏遠-桃園,2023-05-12,1262
00753L,中信中國50正2,50,0,50,宏遠-桃園,2023-05-12,1262
3481,群創,46,2,44,宏遠-桃園,2023-05-12,1262
00919,群益台灣精選高息,43,0,43,宏遠-桃園,2023-05-12,1262
2457,飛宏,44,4,40,宏遠-桃園,2023-05-12,1262
00730,富邦臺灣優質高息,20,0,20,宏遠-桃園,2023-05-12,1262
2395,研華,24,4,20,宏遠-桃園,2023-05-12,1262
2634,漢翔,30,10,20,宏遠-桃園,2023-05-12,1262
4175,杏一,21,1,20,宏遠-桃園,2023-05-12,1262
6276,安鈦克,20,0,20,宏遠-桃園,2023-05-12,1262
8048,德勝,20,0,20,宏遠-桃園,2023-05-12,1262
2883,凱基金,17,0,17,宏遠-桃園,2023-05-12,1262
4440,宜新實業,17,4,13,宏遠-桃園,2023-05-12,1262
8096,擎亞,11,0,11,宏遠-桃園,2023-05-12,1262
2104,國際中橡,10,0,10,宏遠-桃園,2023-05-12,1262
2208,台船,10,0,10,宏遠-桃園,2023-05-12,1262
8916,光隆,10,0,10,宏遠-桃園,2023-05-12,1262
2314,台揚,16,7,9,宏遠-桃園,2023-05-12,1262
5392,能率,9,0,9,宏遠-桃園,2023-05-12,1262
3617,碩天,8,0,8,宏遠-桃園,2023-05-12,1262
1569,濱川,8,1,7,宏遠-桃園,2023-05-12,1262
2002,中鋼,11,4,7,宏遠-桃園,2023-05-12,1262
2485,兆赫,7,0,7,宏遠-桃園,2023-05-12,1262
6689,伊雲谷,9,2,7,宏遠-桃園,2023-05-12,1262
6799,來頡,10,3,7,宏遠-桃園,2023-05-12,1262
1417,嘉裕,6,0,6,宏遠-桃園,2023-05-12,1262
2421,建準,8,2,6,宏遠-桃園,2023-05-12,1262
1101,台泥,6,1,5,宏遠-桃園,2023-05-12,1262
2023,燁輝,5,0,5,宏遠-桃園,2023-05-12,1262
2201,裕隆,15,10,5,宏遠-桃園,2023-05-12,1262
6245,立端,7,2,5,宏遠-桃園,2023-05-12,1262
00673R,期元大S＆P原油反1,5,1,4,宏遠-桃園,2023-05-12,1262
1904,正隆,4,0,4,宏遠-桃園,2023-05-12,1262
2014,中鴻,4,0,4,宏遠-桃園,2023-05-12,1262
2610,華航,5,1,4,宏遠-桃園,2023-05-12,1262
2618,長榮航,5,1,4,宏遠-桃園,2023-05-12,1262
3576,聯合再生,4,0,4,宏遠-桃園,2023-05-12,1262
8403,盛弘,11,7,4,宏遠-桃園,2023-05-12,1262
2834,臺企銀,4,0,4,宏遠-桃園,2023-05-12,1262
3058,立德,4,0,4,宏遠-桃園,2023-05-12,1262
2027,大成鋼,3,0,3,宏遠-桃園,2023-05-12,1262
9945,潤泰新,3,0,3,宏遠-桃園,2023-05-12,1262
00878,國泰永續高股息,3,0,3,宏遠-桃園,2023-05-12,1262
00852L,國泰美國道瓊正2,3,0,3,宏遠-桃園,2023-05-12,1262
2313,華通,3,0,3,宏遠-桃園,2023-05-12,1262
2327,國巨,3,0,3,宏遠-桃園,2023-05-12,1262
8011,台通,80,1,79,宏遠-桃園,2023-05-15,1262
2913,農林,68,0,68,宏遠-桃園,2023-05-15,1262
2206,三陽工業,32,2,30,宏遠-桃園,2023-05-15,1262
6005,群益證,30,0,30,宏遠-桃園,2023-05-15,1262
1504,東元,32,6,26,宏遠-桃園,2023-05-15,1262
2382,廣達,27,2,25,宏遠-桃園,2023-05-15,1262
9914,美利達,25,0,25,宏遠-桃園,2023-05-15,1262
1529,樂事綠能,20,0,20,宏遠-桃園,2023-05-15,1262
3287,廣寰科,20,0,20,宏遠-桃園,2023-05-15,1262
3576,聯合再生,24,4,20,宏遠-桃園,2023-05-15,1262
9919,康那香,20,0,20,宏遠-桃園,2023-05-15,1262
3149,正達,19,0,19,宏遠-桃園,2023-05-15,1262
3231,緯創,101,83,18,宏遠-桃園,2023-05-15,1262
2634,漢翔,16,0,16,宏遠-桃園,2023-05-15,1262
5321,美而快,15,1,14,宏遠-桃園,2023-05-15,1262
2317,鴻海,13,0,13,宏遠-桃園,2023-05-15,1262
02002L,兆豐富櫃200正二N,12,0,12,宏遠-桃園,2023-05-15,1262
1904,正隆,11,0,11,宏遠-桃園,2023-05-15,1262
2331,精英,12,1,11,宏遠-桃園,2023-05-15,1262
6122,擎邦,31,20,11,宏遠-桃園,2023-05-15,1262
8096,擎亞,11,0,11,宏遠-桃園,2023-05-15,1262
1316,上曜,25,15,10,宏遠-桃園,2023-05-15,1262
1201,味全,10,0,10,宏遠-桃園,2023-05-15,1262
00664R,國泰臺灣加權反1,10,0,10,宏遠-桃園,2023-05-15,1262
00683L,期元大美元指正2,10,0,10,宏遠-桃園,2023-05-15,1262
1717,長興,10,0,10,宏遠-桃園,2023-05-15,1262
2867,三商壽,10,0,10,宏遠-桃園,2023-05-15,1262
3035,智原,11,1,10,宏遠-桃園,2023-05-15,1262
6461,益得,10,0,10,宏遠-桃園,2023-05-15,1262
00680L,元大美債20正2,11,3,8,宏遠-桃園,2023-05-15,1262
8996,高力,12,4,8,宏遠-桃園,2023-05-15,1262
3419,譁裕,6,0,6,宏遠-桃園,2023-05-15,1262
3693,營邦,9,3,6,宏遠-桃園,2023-05-15,1262
5511,德昌,6,0,6,宏遠-桃園,2023-05-15,1262
8927,北基,7,1,6,宏遠-桃園,2023-05-15,1262
3522,御嵿,6,0,6,宏遠-桃園,2023-05-15,1262
2542,興富發,6,1,5,宏遠-桃園,2023-05-15,1262
4142,國光生,5,0,5,宏遠-桃園,2023-05-15,1262
1513,中興電,5,0,5,宏遠-桃園,2023-05-15,1262
00713,元大台灣高息低波,5,0,5,宏遠-桃園,2023-05-15,1262
3046,建��,36,31,5,宏遠-桃園,2023-05-15,1262
3202,樺晟,16,11,5,宏遠-桃園,2023-05-15,1262
3682,亞太電,5,0,5,宏遠-桃園,2023-05-15,1262
4133,亞諾法,5,0,5,宏遠-桃園,2023-05-15,1262
4977,眾達-KY,5,0,5,宏遠-桃園,2023-05-15,1262
5284,jpp-KY,15,10,5,宏遠-桃園,2023-05-15,1262
5475,德宏,5,0,5,宏遠-桃園,2023-05-15,1262
6116,彩晶,5,0,5,宏遠-桃園,2023-05-15,1262
6689,伊雲谷,7,2,5,宏遠-桃園,2023-05-15,1262
1101,台泥,17,13,4,宏遠-桃園,2023-05-15,1262
00751B,元大AAA至A公司債,52,0,52,宏遠-桃園,2023-05-16,1262
6005,群益證,51,0,51,宏遠-桃園,2023-05-16,1262
2206,三陽工業,49,4,45,宏遠-桃園,2023-05-16,1262
00795B,中信美國公債20年,30,0,30,宏遠-桃園,2023-05-16,1262
00664R,國泰臺灣加權反1,26,0,26,宏遠-桃園,2023-05-16,1262
00680L,元大美債20正2,24,0,24,宏遠-桃園,2023-05-16,1262
8046,南電,26,2,24,宏遠-桃園,2023-05-16,1262
1584,精剛,23,0,23,宏遠-桃園,2023-05-16,1262
2457,飛宏,38,15,23,宏遠-桃園,2023-05-16,1262
00712,復華富時不動產,22,0,22,宏遠-桃園,2023-05-16,1262
5536,聖暉*,20,0,20,宏遠-桃園,2023-05-16,1262
1316,上曜,19,0,19,宏遠-桃園,2023-05-16,1262
2317,鴻海,19,0,19,宏遠-桃園,2023-05-16,1262
00679B,元大美債20年,17,0,17,宏遠-桃園,2023-05-16,1262
00720B,元大投資級公司債,17,0,17,宏遠-桃園,2023-05-16,1262
3231,緯創,29,13,16,宏遠-桃園,2023-05-16,1262
1734,杏輝,10,0,10,宏遠-桃園,2023-05-16,1262
3362,先進光,15,5,10,宏遠-桃園,2023-05-16,1262
4736,泰博,10,0,10,宏遠-桃園,2023-05-16,1262
4967,十銓,11,1,10,宏遠-桃園,2023-05-16,1262
6244,茂迪,10,0,10,宏遠-桃園,2023-05-16,1262
00772B,中信高評級公司債,9,0,9,宏遠-桃園,2023-05-16,1262
00830,國泰費城半導體,11,2,9,宏遠-桃園,2023-05-16,1262
00885,富邦越南,10,2,8,宏遠-桃園,2023-05-16,1262
00637L,元大滬深300正2,10,2,8,宏遠-桃園,2023-05-16,1262
3617,碩天,10,2,8,宏遠-桃園,2023-05-16,1262
6245,立端,9,2,7,宏遠-桃園,2023-05-16,1262
6122,擎邦,22,16,6,宏遠-桃園,2023-05-16,1262
00641R,富邦日本反1,5,0,5,宏遠-桃園,2023-05-16,1262
2228,劍麟,5,0,5,宏遠-桃園,2023-05-16,1262
2371,大同,7,2,5,宏遠-桃園,2023-05-16,1262
3006,晶豪科,10,5,5,宏遠-桃園,2023-05-16,1262
3508,位速,5,0,5,宏遠-桃園,2023-05-16,1262
5392,能率,5,0,5,宏遠-桃園,2023-05-16,1262
6167,久正,5,0,5,宏遠-桃園,2023-05-16,1262
6741,91APP*-KY,6,1,5,宏遠-桃園,2023-05-16,1262
8105,凌巨,5,0,5,宏遠-桃園,2023-05-16,1262
4123,晟德,5,0,5,宏遠-桃園,2023-05-16,1262
8478,東哥遊艇,6,1,5,宏遠-桃園,2023-05-16,1262
3078,僑威,10,6,4,宏遠-桃園,2023-05-16,1262
1104,環泥,5,1,4,宏遠-桃園,2023-05-16,1262
2421,建準,4,0,4,宏遠-桃園,2023-05-16,1262
2542,興富發,4,0,4,宏遠-桃園,2023-05-16,1262
2734,易飛網,5,1,4,宏遠-桃園,2023-05-16,1262
5258,虹堡,9,5,4,宏遠-桃園,2023-05-16,1262
9911,櫻花,4,0,4,宏遠-桃園,2023-05-16,1262
2603,長榮,3,0,3,宏遠-桃園,2023-05-16,1262
00638R,元大滬深300反1,3,0,3,宏遠-桃園,2023-05-16,1262
00891,中信關鍵半導體,3,0,3,宏遠-桃園,2023-05-16,1262
1504,東元,6,3,3,宏遠-桃園,2023-05-16,1262
1314,中石化,60,0,60,宏遠-桃園,2023-05-17,1262
4306,炎洲,50,0,50,宏遠-桃園,2023-05-17,1262
6005,群益證,50,0,50,宏遠-桃園,2023-05-17,1262
2206,三陽工業,53,11,42,宏遠-桃園,2023-05-17,1262
00632R,元大台灣50反1,41,0,41,宏遠-桃園,2023-05-17,1262
00650L,復華香港正2,46,9,37,宏遠-桃園,2023-05-17,1262
1612,宏泰,30,0,30,宏遠-桃園,2023-05-17,1262
8046,南電,30,1,29,宏遠-桃園,2023-05-17,1262
00637L,元大滬深300正2,37,10,27,宏遠-桃園,2023-05-17,1262
00664R,國泰臺灣加權反1,24,0,24,宏遠-桃園,2023-05-17,1262
1734,杏輝,22,0,22,宏遠-桃園,2023-05-17,1262
00679B,元大美債20年,21,0,21,宏遠-桃園,2023-05-17,1262
00795B,中信美國公債20年,21,0,21,宏遠-桃園,2023-05-17,1262
3058,立德,21,0,21,宏遠-桃園,2023-05-17,1262
6625,必應,20,0,20,宏遠-桃園,2023-05-17,1262
2362,藍天,20,2,18,宏遠-桃園,2023-05-17,1262
00885,富邦越南,20,3,17,宏遠-桃園,2023-05-17,1262
8927,北基,19,3,16,宏遠-桃園,2023-05-17,1262
1519,華城,20,6,14,宏遠-桃園,2023-05-17,1262
3715,定穎投控,14,0,14,宏遠-桃園,2023-05-17,1262
2388,威盛,38,26,12,宏遠-桃園,2023-05-17,1262
3481,群創,25,13,12,宏遠-桃園,2023-05-17,1262
00671R,富邦NASDAQ反1,11,0,11,宏遠-桃園,2023-05-17,1262
00761B,國泰A級公司債,10,0,10,宏遠-桃園,2023-05-17,1262
1529,樂事綠能,23,13,10,宏遠-桃園,2023-05-17,1262
1584,精剛,30,20,10,宏遠-桃園,2023-05-17,1262
1810,和成,10,0,10,宏遠-桃園,2023-05-17,1262
2106,建大,10,0,10,宏遠-桃園,2023-05-17,1262
2338,光罩,15,5,10,宏遠-桃園,2023-05-17,1262
3673,TPK-KY,10,0,10,宏遠-桃園,2023-05-17,1262
8210,勤誠,10,0,10,宏遠-桃園,2023-05-17,1262
9919,康那香,10,0,10,宏遠-桃園,2023-05-17,1262
2342,茂矽,10,2,8,宏遠-桃園,2023-05-17,1262
3088,艾訊,10,2,8,宏遠-桃園,2023-05-17,1262
2317,鴻海,7,0,7,宏遠-桃園,2023-05-17,1262
2882,國泰金,10,3,7,宏遠-桃園,2023-05-17,1262
00680L,元大美債20正2,6,0,6,宏遠-桃園,2023-05-17,1262
1560,中砂,6,0,6,宏遠-桃園,2023-05-17,1262
4167,松瑞藥,6,0,6,宏遠-桃園,2023-05-17,1262
4426,利勤,6,0,6,宏遠-桃園,2023-05-17,1262
00713,元大台灣高息低波,5,0,5,宏遠-桃園,2023-05-17,1262
3207,耀勝,8,3,5,宏遠-桃園,2023-05-17,1262
2736,富野,7,2,5,宏遠-桃園,2023-05-17,1262
3704,合勤控,8,3,5,宏遠-桃園,2023-05-17,1262
6230,尼得科超眾,5,0,5,宏遠-桃園,2023-05-17,1262
6288,聯嘉,5,0,5,宏遠-桃園,2023-05-17,1262
8155,博智,6,1,5,宏遠-桃園,2023-05-17,1262
00878,國泰永續高股息,10,5,5,宏遠-桃園,2023-05-17,1262
6285,啟��,4,0,4,宏遠-桃園,2023-05-17,1262
1605,華新,4,0,4,宏遠-桃園,2023-05-17,1262
00632R,元大台灣50反1,438,2,436,宏遠-桃園,2023-05-18,1262
2913,農林,304,0,304,宏遠-桃園,2023-05-18,1262
00795B,中信美國公債20年,106,0,106,宏遠-桃園,2023-05-18,1262
2457,飛宏,99,16,83,宏遠-桃園,2023-05-18,1262
00751B,元大AAA至A公司債,51,0,51,宏遠-桃園,2023-05-18,1262
6218,豪勉,42,1,41,宏遠-桃園,2023-05-18,1262
1584,精剛,83,43,40,宏遠-桃園,2023-05-18,1262
5464,霖宏,40,0,40,宏遠-桃園,2023-05-18,1262
2454,聯發科,35,0,35,宏遠-桃園,2023-05-18,1262
3006,晶豪科,46,16,30,宏遠-桃園,2023-05-18,1262
6163,華電網,31,2,29,宏遠-桃園,2023-05-18,1262
6271,同欣電,26,1,25,宏遠-桃園,2023-05-18,1262
8222,寶一,27,6,21,宏遠-桃園,2023-05-18,1262
1314,中石化,20,0,20,宏遠-桃園,2023-05-18,1262
6266,泰詠,18,0,18,宏遠-桃園,2023-05-18,1262
00885,富邦越南,17,0,17,宏遠-桃園,2023-05-18,1262
1453,大將,18,2,16,宏遠-桃園,2023-05-18,1262
4306,炎洲,16,0,16,宏遠-桃園,2023-05-18,1262
6245,立端,18,3,15,宏遠-桃園,2023-05-18,1262
00673R,期元大S＆P原油反1,13,0,13,宏遠-桃園,2023-05-18,1262
1516,川飛,12,0,12,宏遠-桃園,2023-05-18,1262
3032,偉訓,12,0,12,宏遠-桃園,2023-05-18,1262
00637L,元大滬深300正2,65,54,11,宏遠-桃園,2023-05-18,1262
3576,聯合再生,11,0,11,宏遠-桃園,2023-05-18,1262
6214,精誠,14,3,11,宏遠-桃園,2023-05-18,1262
2413,環科,10,0,10,宏遠-桃園,2023-05-18,1262
2480,敦陽科,10,0,10,宏遠-桃園,2023-05-18,1262
6167,久正,10,0,10,宏遠-桃園,2023-05-18,1262
2376,技嘉,18,9,9,宏遠-桃園,2023-05-18,1262
1612,宏泰,10,2,8,宏遠-桃園,2023-05-18,1262
8478,東哥遊艇,8,0,8,宏遠-桃園,2023-05-18,1262
1609,大亞,15,8,7,宏遠-桃園,2023-05-18,1262
00680L,元大美債20正2,7,0,7,宏遠-桃園,2023-05-18,1262
1904,正隆,7,0,7,宏遠-桃園,2023-05-18,1262
2634,漢翔,8,1,7,宏遠-桃園,2023-05-18,1262
00772B,中信高評級公司債,7,0,7,宏遠-桃園,2023-05-18,1262
4736,泰博,6,0,6,宏遠-桃園,2023-05-18,1262
1303,南亞,6,0,6,宏遠-桃園,2023-05-18,1262
6234,高僑,7,1,6,宏遠-桃園,2023-05-18,1262
1905,華紙,9,3,6,宏遠-桃園,2023-05-18,1262
00761B,國泰A級公司債,5,0,5,宏遠-桃園,2023-05-18,1262
00641R,富邦日本反1,5,0,5,宏遠-桃園,2023-05-18,1262
00664R,國泰臺灣加權反1,5,0,5,宏遠-桃園,2023-05-18,1262
1810,和成,5,0,5,宏遠-桃園,2023-05-18,1262
3706,神達,5,0,5,宏遠-桃園,2023-05-18,1262
4114,健喬,5,0,5,宏遠-桃園,2023-05-18,1262
4744,皇將,10,5,5,宏遠-桃園,2023-05-18,1262
5014,建錩,5,0,5,宏遠-桃園,2023-05-18,1262
5321,美而快,5,0,5,宏遠-桃園,2023-05-18,1262
5388,中磊,5,0,5,宏遠-桃園,2023-05-18,1262
00632R,元大台灣50反1,315,2,313,宏遠-桃園,2023-05-19,1262
00637L,元大滬深300正2,208,8,200,宏遠-桃園,2023-05-19,1262
00715L,期街口布蘭特正2,115,1,114,宏遠-桃園,2023-05-19,1262
2913,農林,87,0,87,宏遠-桃園,2023-05-19,1262
1314,中石化,60,0,60,宏遠-桃園,2023-05-19,1262
8222,寶一,63,12,51,宏遠-桃園,2023-05-19,1262
2630,亞航,50,1,49,宏遠-桃園,2023-05-19,1262
2618,長榮航,126,78,48,宏遠-桃園,2023-05-19,1262
00751B,元大AAA至A公司債,36,1,35,宏遠-桃園,2023-05-19,1262
2303,聯電,73,39,34,宏遠-桃園,2023-05-19,1262
2376,技嘉,30,1,29,宏遠-桃園,2023-05-19,1262
5243,乙盛-KY,41,12,29,宏遠-桃園,2023-05-19,1262
4977,眾達-KY,27,0,27,宏遠-桃園,2023-05-19,1262
3217,優群,28,2,26,宏遠-桃園,2023-05-19,1262
2017,官田鋼,25,0,25,宏遠-桃園,2023-05-19,1262
5009,榮剛,30,5,25,宏遠-桃園,2023-05-19,1262
3078,僑威,32,8,24,宏遠-桃園,2023-05-19,1262
4306,炎洲,24,0,24,宏遠-桃園,2023-05-19,1262
00720B,元大投資級公司債,22,0,22,宏遠-桃園,2023-05-19,1262
8996,高力,32,10,22,宏遠-桃園,2023-05-19,1262
00795B,中信美國公債20年,21,0,21,宏遠-桃園,2023-05-19,1262
3081,聯亞,20,0,20,宏遠-桃園,2023-05-19,1262
1104,環泥,18,0,18,宏遠-桃園,2023-05-19,1262
1584,精剛,18,0,18,宏遠-桃園,2023-05-19,1262
3520,華盈,16,0,16,宏遠-桃園,2023-05-19,1262
00921,兆豐龍頭等權重,14,0,14,宏遠-桃園,2023-05-19,1262
00650L,復華香港正2,24,10,14,宏遠-桃園,2023-05-19,1262
6288,聯嘉,14,1,13,宏遠-桃園,2023-05-19,1262
00712,復華富時不動產,11,0,11,宏遠-桃園,2023-05-19,1262
2323,中環,45,34,11,宏遠-桃園,2023-05-19,1262
3202,樺晟,15,4,11,宏遠-桃園,2023-05-19,1262
2607,榮運,10,0,10,宏遠-桃園,2023-05-19,1262
2610,華航,62,52,10,宏遠-桃園,2023-05-19,1262
2929,淘帝-KY,10,0,10,宏遠-桃園,2023-05-19,1262
6782,視陽,10,0,10,宏遠-桃園,2023-05-19,1262
8121,越峰,10,0,10,宏遠-桃園,2023-05-19,1262
00679B,元大美債20年,15,6,9,宏遠-桃園,2023-05-19,1262
6282,康舒,15,6,9,宏遠-桃園,2023-05-19,1262
8478,東哥遊艇,13,4,9,宏遠-桃園,2023-05-19,1262
1316,上曜,8,0,8,宏遠-桃園,2023-05-19,1262
1516,川飛,8,0,8,宏遠-桃園,2023-05-19,1262
2442,新美齊,10,2,8,宏遠-桃園,2023-05-19,1262
8927,北基,21,13,8,宏遠-桃園,2023-05-19,1262
00907,永豐優息存股,9,2,7,宏遠-桃園,2023-05-19,1262
4967,十銓,10,3,7,宏遠-桃園,2023-05-19,1262
8403,盛弘,7,0,7,宏遠-桃園,2023-05-19,1262
00772B,中信高評級公司債,6,0,6,宏遠-桃園,2023-05-19,1262
6509,聚和,8,2,6,宏遠-桃園,2023-05-19,1262
00680L,元大美債20正2,6,0,6,宏遠-桃園,2023-05-19,1262
00713,元大台灣高息低波,6,0,6,宏遠-桃園,2023-05-19,1262
00632R,元大台灣50反1,114,20,94,宏遠-桃園,2023-05-22,1262
2303,聯電,94,36,58,宏遠-桃園,2023-05-22,1262
00715L,期街口布蘭特正2,89,32,57,宏遠-桃園,2023-05-22,1262
2208,台船,40,0,40,宏遠-桃園,2023-05-22,1262
6229,研通,40,0,40,宏遠-桃園,2023-05-22,1262
2106,建大,35,0,35,宏遠-桃園,2023-05-22,1262
00795B,中信美國公債20年,34,0,34,宏遠-桃園,2023-05-22,1262
3025,星通,39,7,32,宏遠-桃園,2023-05-22,1262
6288,聯嘉,30,1,29,宏遠-桃園,2023-05-22,1262
3032,偉訓,27,4,23,宏遠-桃園,2023-05-22,1262
3038,全台,26,3,23,宏遠-桃園,2023-05-22,1262
00907,永豐優息存股,20,0,20,宏遠-桃園,2023-05-22,1262
5498,凱崴,20,0,20,宏遠-桃園,2023-05-22,1262
1104,環泥,20,1,19,宏遠-桃園,2023-05-22,1262
3078,僑威,26,8,18,宏遠-桃園,2023-05-22,1262
3088,艾訊,15,0,15,宏遠-桃園,2023-05-22,1262
3481,群創,35,20,15,宏遠-桃園,2023-05-22,1262
5243,乙盛-KY,75,60,15,宏遠-桃園,2023-05-22,1262
00751B,元大AAA至A公司債,14,0,14,宏遠-桃園,2023-05-22,1262
2313,華通,16,5,11,宏遠-桃園,2023-05-22,1262
00712,復華富時不動產,10,0,10,宏遠-桃園,2023-05-22,1262
1734,杏輝,10,0,10,宏遠-桃園,2023-05-22,1262
3673,TPK-KY,20,10,10,宏遠-桃園,2023-05-22,1262
4114,健喬,10,0,10,宏遠-桃園,2023-05-22,1262
3035,智原,10,1,9,宏遠-桃園,2023-05-22,1262
00637L,元大滬深300正2,24,15,9,宏遠-桃園,2023-05-22,1262
2607,榮運,10,1,9,宏遠-桃園,2023-05-22,1262
00679B,元大美債20年,8,0,8,宏遠-桃園,2023-05-22,1262
00690,兆豐藍籌30,7,0,7,宏遠-桃園,2023-05-22,1262
1605,華新,7,0,7,宏遠-桃園,2023-05-22,1262
3217,優群,7,0,7,宏遠-桃園,2023-05-22,1262
6112,邁達特,9,2,7,宏遠-桃園,2023-05-22,1262
8046,南電,8,1,7,宏遠-桃園,2023-05-22,1262
00687B,國泰20年美債,6,0,6,宏遠-桃園,2023-05-22,1262
4977,眾達-KY,6,0,6,宏遠-桃園,2023-05-22,1262
2330,台積電,7,1,6,宏遠-桃園,2023-05-22,1262
1503,士電,11,6,5,宏遠-桃園,2023-05-22,1262
00772B,中信高評級公司債,5,0,5,宏遠-桃園,2023-05-22,1262
1727,中華化,5,0,5,宏遠-桃園,2023-05-22,1262
1809,中釉,5,0,5,宏遠-桃園,2023-05-22,1262
2102,泰豐,5,0,5,宏遠-桃園,2023-05-22,1262
2352,佳世達,5,0,5,宏遠-桃園,2023-05-22,1262
3356,奇偶,6,1,5,宏遠-桃園,2023-05-22,1262
3419,譁裕,5,0,5,宏遠-桃園,2023-05-22,1262
8924,大田,5,0,5,宏遠-桃園,2023-05-22,1262
1514,亞力,18,14,4,宏遠-桃園,2023-05-22,1262
1591,駿吉-KY,5,1,4,宏遠-桃園,2023-05-22,1262
3588,通嘉,4,0,4,宏遠-桃園,2023-05-22,1262
5009,榮剛,4,0,4,宏遠-桃園,2023-05-22,1262
5284,jpp-KY,5,1,4,宏遠-桃園,2023-05-22,1262
4915,致伸,130,0,130,宏遠-桃園,2023-05-23,1262
00795B,中信美國公債20年,62,0,62,宏遠-桃園,2023-05-23,1262
006208,富邦台50,60,0,60,宏遠-桃園,2023-05-23,1262
4958,臻鼎-KY,51,0,51,宏遠-桃園,2023-05-23,1262
3078,僑威,37,10,27,宏遠-桃園,2023-05-23,1262
2106,建大,25,0,25,宏遠-桃園,2023-05-23,1262
2303,聯電,37,12,25,宏遠-桃園,2023-05-23,1262
3217,優群,24,0,24,宏遠-桃園,2023-05-23,1262
4543,萬在,24,0,24,宏遠-桃園,2023-05-23,1262
00680L,元大美債20正2,23,0,23,宏遠-桃園,2023-05-23,1262
4931,新盛力,25,9,16,宏遠-桃園,2023-05-23,1262
00679B,元大美債20年,15,0,15,宏遠-桃園,2023-05-23,1262
6188,廣明,15,0,15,宏遠-桃園,2023-05-23,1262
3481,群創,26,12,14,宏遠-桃園,2023-05-23,1262
00687B,國泰20年美債,13,0,13,宏遠-桃園,2023-05-23,1262
2442,新美齊,30,17,13,宏遠-桃園,2023-05-23,1262
4909,新復興,12,0,12,宏遠-桃園,2023-05-23,1262
6116,彩晶,12,0,12,宏遠-桃園,2023-05-23,1262
1795,美時,20,9,11,宏遠-桃園,2023-05-23,1262
1609,大亞,10,0,10,宏遠-桃園,2023-05-23,1262
2603,長榮,10,0,10,宏遠-桃園,2023-05-23,1262
1219,福壽,10,0,10,宏遠-桃園,2023-05-23,1262
00885,富邦越南,10,0,10,宏遠-桃園,2023-05-23,1262
00636,國泰中國A50,10,0,10,宏遠-桃園,2023-05-23,1262
1612,宏泰,10,0,10,宏遠-桃園,2023-05-23,1262
5356,協益,10,0,10,宏遠-桃園,2023-05-23,1262
00637L,元大滬深300正2,11,2,9,宏遠-桃園,2023-05-23,1262
00650L,復華香港正2,9,0,9,宏遠-桃園,2023-05-23,1262
1584,精剛,9,0,9,宏遠-桃園,2023-05-23,1262
6741,91APP*-KY,13,4,9,宏遠-桃園,2023-05-23,1262
1519,華城,46,38,8,宏遠-桃園,2023-05-23,1262
6235,華孚,34,26,8,宏遠-桃園,2023-05-23,1262
6443,元晶,8,0,8,宏遠-桃園,2023-05-23,1262
2342,茂矽,10,3,7,宏遠-桃園,2023-05-23,1262
4121,優盛,7,0,7,宏遠-桃園,2023-05-23,1262
2030,彰源,6,0,6,宏遠-桃園,2023-05-23,1262
2701,萬企,6,0,6,宏遠-桃園,2023-05-23,1262
6806,森崴能源,6,0,6,宏遠-桃園,2023-05-23,1262
3522,御嵿,5,0,5,宏遠-桃園,2023-05-23,1262
00916,國泰全球品牌50,5,0,5,宏遠-桃園,2023-05-23,1262
2002,中鋼,5,0,5,宏遠-桃園,2023-05-23,1262
2468,華經,5,0,5,宏遠-桃園,2023-05-23,1262
2706,第一店,5,0,5,宏遠-桃園,2023-05-23,1262
3022,威強電,5,0,5,宏遠-桃園,2023-05-23,1262
3202,樺晟,7,2,5,宏遠-桃園,2023-05-23,1262
3356,奇偶,5,0,5,宏遠-桃園,2023-05-23,1262
6101,寬魚國際,5,0,5,宏遠-桃園,2023-05-23,1262
6112,邁達特,23,18,5,宏遠-桃園,2023-05-23,1262
6214,精誠,5,0,5,宏遠-桃園,2023-05-23,1262
6547,高端疫苗,16,11,5,宏遠-桃園,2023-05-23,1262
2449,京元電子,100,2,98,宏遠-桃園,2023-05-24,1262
3058,立德,77,0,77,宏遠-桃園,2023-05-24,1262
00882,中信中國高股息,59,0,59,宏遠-桃園,2023-05-24,1262
00637L,元大滬深300正2,48,2,46,宏遠-桃園,2023-05-24,1262
2399,映泰,54,9,45,宏遠-桃園,2023-05-24,1262
00679B,元大美債20年,35,1,34,宏遠-桃園,2023-05-24,1262
00753L,中信中國50正2,30,0,30,宏遠-桃園,2023-05-24,1262
1905,華紙,33,6,27,宏遠-桃園,2023-05-24,1262
2457,飛宏,55,29,26,宏遠-桃園,2023-05-24,1262
00878,國泰永續高股息,25,0,25,宏遠-桃園,2023-05-24,1262
2323,中環,25,0,25,宏遠-桃園,2023-05-24,1262
5512,力麒,45,20,25,宏遠-桃園,2023-05-24,1262
2393,億光,22,2,20,宏遠-桃園,2023-05-24,1262
5880,合庫金,20,3,17,宏遠-桃園,2023-05-24,1262
4306,炎洲,16,0,16,宏遠-桃園,2023-05-24,1262
00650L,復華香港正2,17,4,13,宏遠-桃園,2023-05-24,1262
3234,光環,11,0,11,宏遠-桃園,2023-05-24,1262
00885,富邦越南,10,0,10,宏遠-桃園,2023-05-24,1262
00673R,期元大S＆P原油反1,10,0,10,宏遠-桃園,2023-05-24,1262
2338,光罩,10,0,10,宏遠-桃園,2023-05-24,1262
4175,杏一,10,0,10,宏遠-桃園,2023-05-24,1262
5425,台半,10,0,10,宏遠-桃園,2023-05-24,1262
5439,高技,14,4,10,宏遠-桃園,2023-05-24,1262
5511,德昌,10,0,10,宏遠-桃園,2023-05-24,1262
9945,潤泰新,10,0,10,宏遠-桃園,2023-05-24,1262
6156,松上,9,0,9,宏遠-桃園,2023-05-24,1262
2734,易飛網,8,0,8,宏遠-桃園,2023-05-24,1262
4121,優盛,8,0,8,宏遠-桃園,2023-05-24,1262
5464,霖宏,8,0,8,宏遠-桃園,2023-05-24,1262
3217,優群,10,3,7,宏遠-桃園,2023-05-24,1262
5483,中美晶,7,0,7,宏遠-桃園,2023-05-24,1262
3189,景碩,6,0,6,宏遠-桃園,2023-05-24,1262
3202,樺晟,6,0,6,宏遠-桃園,2023-05-24,1262
3346,麗清,6,0,6,宏遠-桃園,2023-05-24,1262
5905,南仁湖,8,2,6,宏遠-桃園,2023-05-24,1262
6226,光鼎,6,0,6,宏遠-桃園,2023-05-24,1262
00883B,中信ESG投資級債,5,0,5,宏遠-桃園,2023-05-24,1262
1904,正隆,5,0,5,宏遠-桃園,2023-05-24,1262
2607,榮運,5,0,5,宏遠-桃園,2023-05-24,1262
3006,晶豪科,5,0,5,宏遠-桃園,2023-05-24,1262
3508,位速,5,0,5,宏遠-桃園,2023-05-24,1262
4536,拓凱,5,0,5,宏遠-桃園,2023-05-24,1262
4931,新盛力,20,15,5,宏遠-桃園,2023-05-24,1262
5285,界霖,5,0,5,宏遠-桃園,2023-05-24,1262
00893,國泰智能電動車,7,2,5,宏遠-桃園,2023-05-24,1262
4919,新唐,4,0,4,宏遠-桃園,2023-05-24,1262
00687B,國泰20年美債,4,0,4,宏遠-桃園,2023-05-24,1262
1504,東元,7,3,4,宏遠-桃園,2023-05-24,1262
3078,僑威,15,11,4,宏遠-桃園,2023-05-24,1262
3706,神達,4,0,4,宏遠-桃園,2023-05-24,1262
00632R,元大台灣50反1,310,0,310,宏遠-桃園,2023-05-25,1262
4919,新唐,110,0,110,宏遠-桃園,2023-05-25,1262
00664R,國泰臺灣加權反1,60,0,60,宏遠-桃園,2023-05-25,1262
2352,佳世達,60,0,60,宏遠-桃園,2023-05-25,1262
2106,建大,50,0,50,宏遠-桃園,2023-05-25,1262
2371,大同,54,6,48,宏遠-桃園,2023-05-25,1262
2303,聯電,60,13,47,宏遠-桃園,2023-05-25,1262
00751B,元大AAA至A公司債,43,0,43,宏遠-桃園,2023-05-25,1262
2618,長榮航,50,10,40,宏遠-桃園,2023-05-25,1262
6547,高端疫苗,45,7,38,宏遠-桃園,2023-05-25,1262
8210,勤誠,33,1,32,宏遠-桃園,2023-05-25,1262
5439,高技,31,0,31,宏遠-桃園,2023-05-25,1262
2881,富邦金,32,2,30,宏遠-桃園,2023-05-25,1262
3013,晟銘電,28,0,28,宏遠-桃園,2023-05-25,1262
00637L,元大滬深300正2,26,2,24,宏遠-桃園,2023-05-25,1262
2706,第一店,24,0,24,宏遠-桃園,2023-05-25,1262
00882,中信中國高股息,23,1,22,宏遠-桃園,2023-05-25,1262
6163,華電網,20,0,20,宏遠-桃園,2023-05-25,1262
6112,邁達特,28,12,16,宏遠-桃園,2023-05-25,1262
3673,TPK-KY,15,0,15,宏遠-桃園,2023-05-25,1262
5880,合庫金,13,0,13,宏遠-桃園,2023-05-25,1262
00650L,復華香港正2,13,1,12,宏遠-桃園,2023-05-25,1262
2356,英業達,13,1,12,宏遠-桃園,2023-05-25,1262
2739,寒舍,13,1,12,宏遠-桃園,2023-05-25,1262
3701,大眾控,12,0,12,宏遠-桃園,2023-05-25,1262
2883,凱基金,11,0,11,宏遠-桃園,2023-05-25,1262
3363,上詮,19,8,11,宏遠-桃園,2023-05-25,1262
00633L,富邦上証正2,10,0,10,宏遠-桃園,2023-05-25,1262
1560,中砂,10,0,10,宏遠-桃園,2023-05-25,1262
3038,全台,10,0,10,宏遠-桃園,2023-05-25,1262
4121,優盛,10,0,10,宏遠-桃園,2023-05-25,1262
5301,寶得利,10,0,10,宏遠-桃園,2023-05-25,1262
8940,新天地,10,0,10,宏遠-桃園,2023-05-25,1262
00928,中信上櫃ESG30,9,0,9,宏遠-桃園,2023-05-25,1262
2603,長榮,9,1,8,宏遠-桃園,2023-05-25,1262
00892,富邦台灣半導體,8,0,8,宏遠-桃園,2023-05-25,1262
0056,元大高股息,17,9,8,宏遠-桃園,2023-05-25,1262
1514,亞力,8,0,8,宏遠-桃園,2023-05-25,1262
2609,陽明,8,0,8,宏遠-桃園,2023-05-25,1262
3032,偉訓,11,3,8,宏遠-桃園,2023-05-25,1262
00679B,元大美債20年,8,1,7,宏遠-桃園,2023-05-25,1262
1504,東元,13,6,7,宏遠-桃園,2023-05-25,1262
2402,毅嘉,9,2,7,宏遠-桃園,2023-05-25,1262
00772B,中信高評級公司債,6,0,6,宏遠-桃園,2023-05-25,1262
2891,中信金,6,0,6,宏遠-桃園,2023-05-25,1262
00687B,國泰20年美債,6,0,6,宏遠-桃園,2023-05-25,1262
1605,華新,6,0,6,宏遠-桃園,2023-05-25,1262
2368,金像電,14,8,6,宏遠-桃園,2023-05-25,1262
2377,微星,6,0,6,宏遠-桃園,2023-05-25,1262
2630,亞航,8,2,6,宏遠-桃園,2023-05-25,1262
00632R,元大台灣50反1,218,15,203,宏遠-桃園,2023-05-26,1262
00637L,元大滬深300正2,207,18,189,宏遠-桃園,2023-05-26,1262
00715L,期街口布蘭特正2,159,2,157,宏遠-桃園,2023-05-26,1262
00687B,國泰20年美債,134,0,134,宏遠-桃園,2023-05-26,1262
5465,富驊,135,3,132,宏遠-桃園,2023-05-26,1262
00882,中信中國高股息,68,0,68,宏遠-桃園,2023-05-26,1262
1612,宏泰,50,0,50,宏遠-桃園,2023-05-26,1262
1316,上曜,45,0,45,宏遠-桃園,2023-05-26,1262
2883,凱基金,45,0,45,宏遠-桃園,2023-05-26,1262
2017,官田鋼,40,0,40,宏遠-桃園,2023-05-26,1262
00795B,中信美國公債20年,34,0,34,宏遠-桃園,2023-05-26,1262
00712,復華富時不動產,31,0,31,宏遠-桃園,2023-05-26,1262
1904,正隆,31,1,30,宏遠-桃園,2023-05-26,1262
3025,星通,65,35,30,宏遠-桃園,2023-05-26,1262
2349,錸德,30,6,24,宏遠-桃園,2023-05-26,1262
2442,新美齊,20,0,20,宏遠-桃園,2023-05-26,1262
1104,環泥,19,0,19,宏遠-桃園,2023-05-26,1262
2317,鴻海,21,3,18,宏遠-桃園,2023-05-26,1262
3481,群創,29,11,18,宏遠-桃園,2023-05-26,1262
1609,大亞,18,0,18,宏遠-桃園,2023-05-26,1262
00772B,中信高評級公司債,16,0,16,宏遠-桃園,2023-05-26,1262
1584,精剛,16,0,16,宏遠-桃園,2023-05-26,1262
2352,佳世達,20,4,16,宏遠-桃園,2023-05-26,1262
2887,台新金,16,1,15,宏遠-桃園,2023-05-26,1262
00895,富邦未來車,15,1,14,宏遠-桃園,2023-05-26,1262
6698,旭暉應材,25,11,14,宏遠-桃園,2023-05-26,1262
2482,連宇,13,0,13,宏遠-桃園,2023-05-26,1262
00892,富邦台灣半導體,12,0,12,宏遠-桃園,2023-05-26,1262
6275,元山,12,0,12,宏遠-桃園,2023-05-26,1262
2636,台驊控股,12,1,11,宏遠-桃園,2023-05-26,1262
2634,漢翔,12,1,11,宏遠-桃園,2023-05-26,1262
6223,旺矽,13,2,11,宏遠-桃園,2023-05-26,1262
1444,力麗,10,0,10,宏遠-桃園,2023-05-26,1262
2009,第一銅,10,0,10,宏遠-桃園,2023-05-26,1262
2453,凌群,12,2,10,宏遠-桃園,2023-05-26,1262
2607,榮運,10,0,10,宏遠-桃園,2023-05-26,1262
3596,智易,20,10,10,宏遠-桃園,2023-05-26,1262
6288,聯嘉,10,0,10,宏遠-桃園,2023-05-26,1262
6752,叡揚,10,0,10,宏遠-桃園,2023-05-26,1262
00885,富邦越南,10,1,9,宏遠-桃園,2023-05-26,1262
1312,國喬,9,0,9,宏遠-桃園,2023-05-26,1262
2606,裕民,11,2,9,宏遠-桃園,2023-05-26,1262
3454,晶睿,14,5,9,宏遠-桃園,2023-05-26,1262
6176,瑞儀,9,0,9,宏遠-桃園,2023-05-26,1262
2376,技嘉,23,15,8,宏遠-桃園,2023-05-26,1262
3356,奇偶,10,2,8,宏遠-桃園,2023-05-26,1262
6163,華電網,8,0,8,宏遠-桃園,2023-05-26,1262
00638R,元大滬深300反1,7,0,7,宏遠-桃園,2023-05-26,1262
1905,華紙,7,0,7,宏遠-桃園,2023-05-26,1262
3576,聯合再生,7,0,7,宏遠-桃園,2023-05-26,1262
00632R,元大台灣50反1,410,2,408,宏遠-桃園,2023-05-29,1262
1316,上曜,145,12,133,宏遠-桃園,2023-05-29,1262
2303,聯電,212,108,104,宏遠-桃園,2023-05-29,1262
6125,廣運,104,4,100,宏遠-桃園,2023-05-29,1262
00679B,元大美債20年,97,0,97,宏遠-桃園,2023-05-29,1262
00882,中信中國高股息,80,0,80,宏遠-桃園,2023-05-29,1262
6190,萬泰科,37,5,32,宏遠-桃園,2023-05-29,1262
2308,台達電,45,15,30,宏遠-桃園,2023-05-29,1262
2399,映泰,30,0,30,宏遠-桃園,2023-05-29,1262
1608,華榮,36,10,26,宏遠-桃園,2023-05-29,1262
2328,廣宇,25,0,25,宏遠-桃園,2023-05-29,1262
1104,環泥,22,0,22,宏遠-桃園,2023-05-29,1262
00878,國泰永續高股息,22,0,22,宏遠-桃園,2023-05-29,1262
00637L,元大滬深300正2,28,6,22,宏遠-桃園,2023-05-29,1262
1616,億泰,20,0,20,宏遠-桃園,2023-05-29,1262
1612,宏泰,20,1,19,宏遠-桃園,2023-05-29,1262
00687B,國泰20年美債,15,0,15,宏遠-桃園,2023-05-29,1262
00857B,永豐20年美公債,15,0,15,宏遠-桃園,2023-05-29,1262
2421,建準,24,9,15,宏遠-桃園,2023-05-29,1262
3207,耀勝,14,0,14,宏遠-桃園,2023-05-29,1262
00795B,中信美國公債20年,13,0,13,宏遠-桃園,2023-05-29,1262
2607,榮運,15,2,13,宏遠-桃園,2023-05-29,1262
4440,宜新實業,13,0,13,宏遠-桃園,2023-05-29,1262
1101,台泥,12,0,12,宏遠-桃園,2023-05-29,1262
3163,波若威,16,4,12,宏遠-桃園,2023-05-29,1262
4114,健喬,12,0,12,宏遠-桃園,2023-05-29,1262
5351,鈺創,20,8,12,宏遠-桃園,2023-05-29,1262
3078,僑威,15,4,11,宏遠-桃園,2023-05-29,1262
4541,晟田,11,0,11,宏遠-桃園,2023-05-29,1262
6116,彩晶,11,0,11,宏遠-桃園,2023-05-29,1262
6176,瑞儀,10,0,10,宏遠-桃園,2023-05-29,1262
1444,力麗,10,0,10,宏遠-桃園,2023-05-29,1262
00673R,期元大S＆P原油反1,10,0,10,宏遠-桃園,2023-05-29,1262
00892,富邦台灣半導體,10,0,10,宏遠-桃園,2023-05-29,1262
2345,智邦,11,1,10,宏遠-桃園,2023-05-29,1262
2376,技嘉,24,14,10,宏遠-桃園,2023-05-29,1262
2476,鉅祥,10,0,10,宏遠-桃園,2023-05-29,1262
4543,萬在,10,0,10,宏遠-桃園,2023-05-29,1262
6124,業強,12,2,10,宏遠-桃園,2023-05-29,1262
6547,高端疫苗,10,0,10,宏遠-桃園,2023-05-29,1262
2002,中鋼,19,10,9,宏遠-桃園,2023-05-29,1262
9103,美德醫療-DR,12,3,9,宏遠-桃園,2023-05-29,1262
5439,高技,9,1,8,宏遠-桃園,2023-05-29,1262
00772B,中信高評級公司債,8,0,8,宏遠-桃園,2023-05-29,1262
9958,世紀鋼,8,0,8,宏遠-桃園,2023-05-29,1262
2302,麗正,7,0,7,宏遠-桃園,2023-05-29,1262
2382,廣達,8,1,7,宏遠-桃園,2023-05-29,1262
6245,立端,7,1,6,宏遠-桃園,2023-05-29,1262
2313,華通,8,2,6,宏遠-桃園,2023-05-29,1262
2495,普安,7,1,6,宏遠-桃園,2023-05-29,1262
00637L,元大滬深300正2,82,1,81,宏遠-桃園,2023-05-30,1262
8046,南電,81,0,81,宏遠-桃園,2023-05-30,1262
2399,映泰,94,15,79,宏遠-桃園,2023-05-30,1262
00882,中信中國高股息,54,0,54,宏遠-桃園,2023-05-30,1262
6218,豪勉,52,1,51,宏遠-桃園,2023-05-30,1262
00656R,國泰中國A50反1,50,0,50,宏遠-桃園,2023-05-30,1262
00715L,期街口布蘭特正2,37,0,37,宏遠-桃園,2023-05-30,1262
00679B,元大美債20年,35,0,35,宏遠-桃園,2023-05-30,1262
3706,神達,38,4,34,宏遠-桃園,2023-05-30,1262
00753L,中信中國50正2,30,0,30,宏遠-桃園,2023-05-30,1262
00683L,期元大美元指正2,25,0,25,宏遠-桃園,2023-05-30,1262
2323,中環,25,0,25,宏遠-桃園,2023-05-30,1262
1506,正道,20,0,20,宏遠-桃園,2023-05-30,1262
2345,智邦,32,12,20,宏遠-桃園,2023-05-30,1262
00632R,元大台灣50反1,19,0,19,宏遠-桃園,2023-05-30,1262
3217,優群,18,0,18,宏遠-桃園,2023-05-30,1262
00650L,復華香港正2,20,4,16,宏遠-桃園,2023-05-30,1262
3704,合勤控,21,7,14,宏遠-桃園,2023-05-30,1262
1312,國喬,14,0,14,宏遠-桃園,2023-05-30,1262
1612,宏泰,15,1,14,宏遠-桃園,2023-05-30,1262
2002,中鋼,18,5,13,宏遠-桃園,2023-05-30,1262
1104,環泥,12,0,12,宏遠-桃園,2023-05-30,1262
1608,華榮,12,1,11,宏遠-桃園,2023-05-30,1262
2344,華邦電,13,2,11,宏遠-桃園,2023-05-30,1262
2606,裕民,12,1,11,宏遠-桃園,2023-05-30,1262
1444,力麗,10,0,10,宏遠-桃園,2023-05-30,1262
00664R,國泰臺灣加權反1,10,0,10,宏遠-桃園,2023-05-30,1262
2017,官田鋼,10,0,10,宏遠-桃園,2023-05-30,1262
2371,大同,17,7,10,宏遠-桃園,2023-05-30,1262
3071,協禧,10,0,10,宏遠-桃園,2023-05-30,1262
6485,點序,10,0,10,宏遠-桃園,2023-05-30,1262
3078,僑威,22,13,9,宏遠-桃園,2023-05-30,1262
6799,來頡,11,2,9,宏遠-桃園,2023-05-30,1262
2356,英業達,13,5,8,宏遠-桃園,2023-05-30,1262
2362,藍天,8,0,8,宏遠-桃園,2023-05-30,1262
6139,亞翔,8,0,8,宏遠-桃園,2023-05-30,1262
6150,撼訊,14,6,8,宏遠-桃園,2023-05-30,1262
2401,凌陽,12,5,7,宏遠-桃園,2023-05-30,1262
1609,大亞,7,1,6,宏遠-桃園,2023-05-30,1262
3035,智原,31,25,6,宏遠-桃園,2023-05-30,1262
3231,緯創,36,30,6,宏遠-桃園,2023-05-30,1262
4979,華星光,42,36,6,宏遠-桃園,2023-05-30,1262
5351,鈺創,6,0,6,宏遠-桃園,2023-05-30,1262
8059,凱碩,6,0,6,宏遠-桃園,2023-05-30,1262
8478,東哥遊艇,19,13,6,宏遠-桃園,2023-05-30,1262
4977,眾達-KY,7,1,6,宏遠-桃園,2023-05-30,1262
2327,國巨,6,0,6,宏遠-桃園,2023-05-30,1262
00878,國泰永續高股息,5,0,5,宏遠-桃園,2023-05-30,1262
2101,南港,5,0,5,宏遠-桃園,2023-05-30,1262
00641R,富邦日本反1,5,0,5,宏遠-桃園,2023-05-30,1262
2303,聯電,563,46,517,宏遠-桃園,2023-05-31,1262
00715L,期街口布蘭特正2,126,0,126,宏遠-桃園,2023-05-31,1262
5512,力麒,114,22,92,宏遠-桃園,2023-05-31,1262
00679B,元大美債20年,63,0,63,宏遠-桃園,2023-05-31,1262
3032,偉訓,42,0,42,宏遠-桃園,2023-05-31,1262
2457,飛宏,31,5,26,宏遠-桃園,2023-05-31,1262
4736,泰博,25,0,25,宏遠-桃園,2023-05-31,1262
2888,新光金,21,0,21,宏遠-桃園,2023-05-31,1262
1506,正道,20,0,20,宏遠-桃園,2023-05-31,1262
6282,康舒,25,5,20,宏遠-桃園,2023-05-31,1262
00637L,元大滬深300正2,25,6,19,宏遠-桃園,2023-05-31,1262
3163,波若威,23,6,17,宏遠-桃園,2023-05-31,1262
1907,永豐餘,15,0,15,宏遠-桃園,2023-05-31,1262
3704,合勤控,31,16,15,宏遠-桃園,2023-05-31,1262
00882,中信中國高股息,15,2,13,宏遠-桃園,2023-05-31,1262
3006,晶豪科,19,6,13,宏遠-桃園,2023-05-31,1262
6235,華孚,22,9,13,宏遠-桃園,2023-05-31,1262
1337,再生-KY,12,0,12,宏遠-桃園,2023-05-31,1262
00687B,國泰20年美債,11,0,11,宏遠-桃園,2023-05-31,1262
00650L,復華香港正2,11,0,11,宏遠-桃園,2023-05-31,1262
5225,東科-KY,11,0,11,宏遠-桃園,2023-05-31,1262
1312,國喬,10,0,10,宏遠-桃園,2023-05-31,1262
2455,全新,10,0,10,宏遠-桃園,2023-05-31,1262
2530,華建,10,0,10,宏遠-桃園,2023-05-31,1262
3078,僑威,12,2,10,宏遠-桃園,2023-05-31,1262
3217,優群,10,0,10,宏遠-桃園,2023-05-31,1262
3465,進泰電子,10,0,10,宏遠-桃園,2023-05-31,1262
5880,合庫金,10,0,10,宏遠-桃園,2023-05-31,1262
6187,萬潤,10,0,10,宏遠-桃園,2023-05-31,1262
1101,台泥,9,0,9,宏遠-桃園,2023-05-31,1262
00642U,期元大S＆P石油,9,0,9,宏遠-桃園,2023-05-31,1262
2328,廣宇,11,2,9,宏遠-桃園,2023-05-31,1262
2436,偉詮電,9,0,9,宏遠-桃園,2023-05-31,1262
6166,凌華,10,1,9,宏遠-桃園,2023-05-31,1262
2317,鴻海,11,3,8,宏遠-桃園,2023-05-31,1262
2101,南港,8,0,8,宏遠-桃園,2023-05-31,1262
3231,緯創,102,94,8,宏遠-桃園,2023-05-31,1262
5519,隆大,8,0,8,宏遠-桃園,2023-05-31,1262
6112,邁達特,25,17,8,宏遠-桃園,2023-05-31,1262
2106,建大,7,0,7,宏遠-桃園,2023-05-31,1262
2399,映泰,17,10,7,宏遠-桃園,2023-05-31,1262
2609,陽明,7,0,7,宏遠-桃園,2023-05-31,1262
3508,位速,7,0,7,宏遠-桃園,2023-05-31,1262
6515,穎崴,6,0,6,宏遠-桃園,2023-05-31,1262
2492,華新科,10,4,6,宏遠-桃園,2023-05-31,1262
1314,中石化,5,0,5,宏遠-桃園,2023-05-31,1262
00638R,元大滬深300反1,5,0,5,宏遠-桃園,2023-05-31,1262
2313,華通,5,0,5,宏遠-桃園,2023-05-31,1262
2329,華泰,7,2,5,宏遠-桃園,2023-05-31,1262
2606,裕民,6,1,5,宏遠-桃園,2023-05-31,1262
00751B,元大AAA至A公司債,79,0,79,宏遠-桃園,2023-06-01,1262
00679B,元大美債20年,61,0,61,宏遠-桃園,2023-06-01,1262
2618,長榮航,194,137,57,宏遠-桃園,2023-06-01,1262
00882,中信中國高股息,49,0,49,宏遠-桃園,2023-06-01,1262
2303,聯電,39,7,32,宏遠-桃園,2023-06-01,1262
2913,農林,31,0,31,宏遠-桃園,2023-06-01,1262
1711,永光,30,0,30,宏遠-桃園,2023-06-01,1262
2495,普安,30,0,30,宏遠-桃園,2023-06-01,1262
00772B,中信高評級公司債,27,1,26,宏遠-桃園,2023-06-01,1262
3081,聯亞,21,0,21,宏遠-桃園,2023-06-01,1262
00671R,富邦NASDAQ反1,20,0,20,宏遠-桃園,2023-06-01,1262
2017,官田鋼,25,5,20,宏遠-桃園,2023-06-01,1262
2356,英業達,20,0,20,宏遠-桃園,2023-06-01,1262
5512,力麒,28,8,20,宏遠-桃園,2023-06-01,1262
9919,康那香,21,2,19,宏遠-桃園,2023-06-01,1262
3013,晟銘電,47,31,16,宏遠-桃園,2023-06-01,1262
3346,麗清,19,3,16,宏遠-桃園,2023-06-01,1262
6288,聯嘉,16,1,15,宏遠-桃園,2023-06-01,1262
2489,瑞軒,25,11,14,宏遠-桃園,2023-06-01,1262
4564,元翎,18,5,13,宏遠-桃園,2023-06-01,1262
8488,吉源-KY,12,0,12,宏遠-桃園,2023-06-01,1262
8927,北基,14,2,12,宏遠-桃園,2023-06-01,1262
2342,茂矽,11,0,11,宏遠-桃園,2023-06-01,1262
4977,眾達-KY,10,0,10,宏遠-桃園,2023-06-01,1262
1444,力麗,10,0,10,宏遠-桃園,2023-06-01,1262
00753L,中信中國50正2,10,0,10,宏遠-桃園,2023-06-01,1262
2530,華建,10,0,10,宏遠-桃園,2023-06-01,1262
3380,明泰,10,0,10,宏遠-桃園,2023-06-01,1262
3583,辛耘,14,4,10,宏遠-桃園,2023-06-01,1262
8096,擎亞,10,0,10,宏遠-桃園,2023-06-01,1262
8210,勤誠,50,40,10,宏遠-桃園,2023-06-01,1262
6235,華孚,12,3,9,宏遠-桃園,2023-06-01,1262
1605,華新,11,2,9,宏遠-桃園,2023-06-01,1262
6282,康舒,15,6,9,宏遠-桃園,2023-06-01,1262
00878,國泰永續高股息,8,0,8,宏遠-桃園,2023-06-01,1262
3715,定穎投控,9,1,8,宏遠-桃園,2023-06-01,1262
00715L,期街口布蘭特正2,8,0,8,宏遠-桃園,2023-06-01,1262
3058,立德,8,1,7,宏遠-桃園,2023-06-01,1262
3356,奇偶,8,1,7,宏遠-桃園,2023-06-01,1262
3454,晶睿,10,3,7,宏遠-桃園,2023-06-01,1262
8046,南電,7,0,7,宏遠-桃園,2023-06-01,1262
4968,立積,9,3,6,宏遠-桃園,2023-06-01,1262
2603,長榮,6,0,6,宏遠-桃園,2023-06-01,1262
1104,環泥,6,0,6,宏遠-桃園,2023-06-01,1262
2449,京元電子,6,0,6,宏遠-桃園,2023-06-01,1262
2888,新光金,6,0,6,宏遠-桃園,2023-06-01,1262
5483,中美晶,6,0,6,宏遠-桃園,2023-06-01,1262
6161,捷波,6,0,6,宏遠-桃園,2023-06-01,1262
8234,新漢,6,0,6,宏遠-桃園,2023-06-01,1262
1504,東元,6,0,6,宏遠-桃園,2023-06-01,1262
00632R,元大台灣50反1,416,0,416,宏遠-桃園,2023-06-02,1262
2891,中信金,100,0,100,宏遠-桃園,2023-06-02,1262
2618,長榮航,151,54,97,宏遠-桃園,2023-06-02,1262
1785,光洋科,80,0,80,宏遠-桃園,2023-06-02,1262
1905,華紙,98,36,62,宏遠-桃園,2023-06-02,1262
2913,農林,62,0,62,宏遠-桃園,2023-06-02,1262
00679B,元大美債20年,61,0,61,宏遠-桃園,2023-06-02,1262
2413,環科,60,10,50,宏遠-桃園,2023-06-02,1262
3706,神達,49,5,44,宏遠-桃園,2023-06-02,1262
3664,安瑞-KY,40,0,40,宏遠-桃園,2023-06-02,1262
6015,宏遠證,35,1,34,宏遠-桃園,2023-06-02,1262
9919,康那香,30,3,27,宏遠-桃園,2023-06-02,1262
1734,杏輝,25,0,25,宏遠-桃園,2023-06-02,1262
2362,藍天,21,0,21,宏遠-桃園,2023-06-02,1262
2889,國票金,20,0,20,宏遠-桃園,2023-06-02,1262
2607,榮運,20,1,19,宏遠-桃園,2023-06-02,1262
3078,僑威,15,2,13,宏遠-桃園,2023-06-02,1262
3231,緯創,90,77,13,宏遠-桃園,2023-06-02,1262
2331,精英,12,0,12,宏遠-桃園,2023-06-02,1262
2356,英業達,14,2,12,宏遠-桃園,2023-06-02,1262
2457,飛宏,25,13,12,宏遠-桃園,2023-06-02,1262
3032,偉訓,11,0,11,宏遠-桃園,2023-06-02,1262
3576,聯合再生,11,0,11,宏遠-桃園,2023-06-02,1262
4572,駐龍,11,0,11,宏遠-桃園,2023-06-02,1262
00892,富邦台灣半導體,10,0,10,宏遠-桃園,2023-06-02,1262
00888,永豐台灣ESG,10,0,10,宏遠-桃園,2023-06-02,1262
00687B,國泰20年美債,10,0,10,宏遠-桃園,2023-06-02,1262
6167,久正,10,0,10,宏遠-桃園,2023-06-02,1262
6461,益得,11,1,10,宏遠-桃園,2023-06-02,1262
8096,擎亞,10,0,10,宏遠-桃園,2023-06-02,1262
1522,堤維西,9,0,9,宏遠-桃園,2023-06-02,1262
1608,華榮,20,11,9,宏遠-桃園,2023-06-02,1262
6625,必應,15,6,9,宏遠-桃園,2023-06-02,1262
1319,東陽,9,1,8,宏遠-桃園,2023-06-02,1262
1513,中興電,16,8,8,宏遠-桃園,2023-06-02,1262
2313,華通,11,3,8,宏遠-桃園,2023-06-02,1262
3205,佰研,8,0,8,宏遠-桃園,2023-06-02,1262
5876,上海商銀,7,0,7,宏遠-桃園,2023-06-02,1262
00633L,富邦上証正2,7,0,7,宏遠-桃園,2023-06-02,1262
2444,兆勁,7,0,7,宏遠-桃園,2023-06-02,1262
6180,橘子,7,0,7,宏遠-桃園,2023-06-02,1262
3060,銘異,6,0,6,宏遠-桃園,2023-06-02,1262
00664R,國泰臺灣加權反1,5,0,5,宏遠-桃園,2023-06-02,1262
2354,鴻準,5,0,5,宏遠-桃園,2023-06-02,1262
2458,義隆,5,0,5,宏遠-桃園,2023-06-02,1262
3011,今皓,5,0,5,宏遠-桃園,2023-06-02,1262
3546,宇峻,5,0,5,宏遠-桃園,2023-06-02,1262
4977,眾達-KY,5,0,5,宏遠-桃園,2023-06-02,1262
4979,華星光,33,28,5,宏遠-桃園,2023-06-02,1262
5258,虹堡,5,0,5,宏遠-桃園,2023-06-02,1262
2323,中環,111,10,101,宏遠-桃園,2023-06-05,1262
006208,富邦台50,60,0,60,宏遠-桃園,2023-06-05,1262
00882,中信中國高股息,53,0,53,宏遠-桃園,2023-06-05,1262
00772B,中信高評級公司債,52,0,52,宏遠-桃園,2023-06-05,1262
00919,群益台灣精選高息,45,0,45,宏遠-桃園,2023-06-05,1262
3481,群創,232,189,43,宏遠-桃園,2023-06-05,1262
4916,事欣科,47,8,39,宏遠-桃園,2023-06-05,1262
3564,其陽,42,4,38,宏遠-桃園,2023-06-05,1262
2515,中工,39,3,36,宏遠-桃園,2023-06-05,1262
2530,華建,35,0,35,宏遠-桃園,2023-06-05,1262
2201,裕隆,55,22,33,宏遠-桃園,2023-06-05,1262
3591,艾笛森,33,0,33,宏遠-桃園,2023-06-05,1262
2353,宏��,66,34,32,宏遠-桃園,2023-06-05,1262
2633,台灣高鐵,30,0,30,宏遠-桃園,2023-06-05,1262
2913,農林,30,2,28,宏遠-桃園,2023-06-05,1262
2618,長榮航,49,22,27,宏遠-桃園,2023-06-05,1262
3576,聯合再生,26,0,26,宏遠-桃園,2023-06-05,1262
1319,東陽,23,0,23,宏遠-桃園,2023-06-05,1262
00673R,期元大S＆P原油反1,22,0,22,宏遠-桃園,2023-06-05,1262
6235,華孚,23,2,21,宏遠-桃園,2023-06-05,1262
2603,長榮,22,2,20,宏遠-桃園,2023-06-05,1262
1514,亞力,24,4,20,宏遠-桃園,2023-06-05,1262
1714,和桐,22,2,20,宏遠-桃園,2023-06-05,1262
2607,榮運,20,0,20,宏遠-桃園,2023-06-05,1262
2436,偉詮電,19,1,18,宏遠-桃園,2023-06-05,1262
2486,一詮,25,8,17,宏遠-桃園,2023-06-05,1262
2337,旺宏,16,0,16,宏遠-桃園,2023-06-05,1262
6160,欣技,22,6,16,宏遠-桃園,2023-06-05,1262
4572,駐龍,15,0,15,宏遠-桃園,2023-06-05,1262
2206,三陽工業,23,10,13,宏遠-桃園,2023-06-05,1262
00687B,國泰20年美債,12,0,12,宏遠-桃園,2023-06-05,1262
2375,凱美,12,0,12,宏遠-桃園,2023-06-05,1262
2489,瑞軒,12,0,12,宏遠-桃園,2023-06-05,1262
00751B,元大AAA至A公司債,16,5,11,宏遠-桃園,2023-06-05,1262
3711,日月光投控,12,1,11,宏遠-桃園,2023-06-05,1262
6205,詮欣,11,0,11,宏遠-桃園,2023-06-05,1262
2342,茂矽,10,0,10,宏遠-桃園,2023-06-05,1262
2637,慧洋-KY,11,1,10,宏遠-桃園,2023-06-05,1262
2883,凱基金,55,45,10,宏遠-桃園,2023-06-05,1262
3217,優群,10,0,10,宏遠-桃園,2023-06-05,1262
5410,國眾,10,0,10,宏遠-桃園,2023-06-05,1262
4958,臻鼎-KY,10,1,9,宏遠-桃園,2023-06-05,1262
1513,中興電,10,1,9,宏遠-桃園,2023-06-05,1262
2313,華通,9,0,9,宏遠-桃園,2023-06-05,1262
2331,精英,12,3,9,宏遠-桃園,2023-06-05,1262
3363,上詮,20,11,9,宏遠-桃園,2023-06-05,1262
6167,久正,9,0,9,宏遠-桃園,2023-06-05,1262
4743,合一,8,0,8,宏遠-桃園,2023-06-05,1262
4744,皇將,8,0,8,宏遠-桃園,2023-06-05,1262
5328,華容,8,0,8,宏遠-桃園,2023-06-05,1262
2888,新光金,214,9,205,宏遠-桃園,2023-06-06,1262
006208,富邦台50,60,0,60,宏遠-桃園,2023-06-06,1262
00636,國泰中國A50,60,0,60,宏遠-桃園,2023-06-06,1262
4533,協易機,54,4,50,宏遠-桃園,2023-06-06,1262
6116,彩晶,46,0,46,宏遠-桃園,2023-06-06,1262
00921,兆豐龍頭等權重,39,0,39,宏遠-桃園,2023-06-06,1262
5009,榮剛,49,10,39,宏遠-桃園,2023-06-06,1262
1904,正隆,35,3,32,宏遠-桃園,2023-06-06,1262
2102,泰豐,30,0,30,宏遠-桃園,2023-06-06,1262
2402,毅嘉,43,14,29,宏遠-桃園,2023-06-06,1262
00673R,期元大S＆P原油反1,50,22,28,宏遠-桃園,2023-06-06,1262
00885,富邦越南,30,2,28,宏遠-桃園,2023-06-06,1262
6015,宏遠證,23,0,23,宏遠-桃園,2023-06-06,1262
6235,華孚,30,9,21,宏遠-桃園,2023-06-06,1262
2702,華園,20,0,20,宏遠-桃園,2023-06-06,1262
2303,聯電,18,0,18,宏遠-桃園,2023-06-06,1262
4977,眾達-KY,18,1,17,宏遠-桃園,2023-06-06,1262
00751B,元大AAA至A公司債,15,0,15,宏遠-桃園,2023-06-06,1262
2323,中環,15,0,15,宏遠-桃園,2023-06-06,1262
3706,神達,22,7,15,宏遠-桃園,2023-06-06,1262
6244,茂迪,15,0,15,宏遠-桃園,2023-06-06,1262
2427,三商電,24,11,13,宏遠-桃園,2023-06-06,1262
3701,大眾控,13,0,13,宏遠-桃園,2023-06-06,1262
00722B,群益投資級電信債,12,0,12,宏遠-桃園,2023-06-06,1262
00679B,元大美債20年,11,0,11,宏遠-桃園,2023-06-06,1262
6205,詮欣,14,3,11,宏遠-桃園,2023-06-06,1262
8105,凌巨,11,0,11,宏遠-桃園,2023-06-06,1262
2607,榮運,10,0,10,宏遠-桃園,2023-06-06,1262
3081,聯亞,10,0,10,宏遠-桃園,2023-06-06,1262
4906,正文,14,4,10,宏遠-桃園,2023-06-06,1262
9904,寶成,10,0,10,宏遠-桃園,2023-06-06,1262
2498,宏達電,11,2,9,宏遠-桃園,2023-06-06,1262
3260,威剛,11,2,9,宏遠-桃園,2023-06-06,1262
6111,大宇資,14,5,9,宏遠-桃園,2023-06-06,1262
3406,玉晶光,10,2,8,宏遠-桃園,2023-06-06,1262
3617,碩天,11,3,8,宏遠-桃園,2023-06-06,1262
2520,冠德,7,0,7,宏遠-桃園,2023-06-06,1262
2610,華航,18,11,7,宏遠-桃園,2023-06-06,1262
5439,高技,7,0,7,宏遠-桃園,2023-06-06,1262
2317,鴻海,9,3,6,宏遠-桃園,2023-06-06,1262
2906,高林,6,0,6,宏遠-桃園,2023-06-06,1262
5302,太欣,6,0,6,宏遠-桃園,2023-06-06,1262
5519,隆大,8,2,6,宏遠-桃園,2023-06-06,1262
6461,益得,11,5,6,宏遠-桃園,2023-06-06,1262
8046,南電,8,2,6,宏遠-桃園,2023-06-06,1262
6443,元晶,5,0,5,宏遠-桃園,2023-06-06,1262
1309,台達化,5,0,5,宏遠-桃園,2023-06-06,1262
00761B,國泰A級公司債,5,0,5,宏遠-桃園,2023-06-06,1262
1531,高林股,5,0,5,宏遠-桃園,2023-06-06,1262
1612,宏泰,5,0,5,宏遠-桃園,2023-06-06,1262
00632R,元大台灣50反1,329,20,309,宏遠-桃園,2023-06-07,1262
8358,金居,104,3,101,宏遠-桃園,2023-06-07,1262
00715L,期街口布蘭特正2,78,0,78,宏遠-桃園,2023-06-07,1262
6213,聯茂,71,3,68,宏遠-桃園,2023-06-07,1262
3025,星通,59,1,58,宏遠-桃園,2023-06-07,1262
2530,華建,55,0,55,宏遠-桃園,2023-06-07,1262
8046,南電,53,1,52,宏遠-桃園,2023-06-07,1262
3038,全台,50,7,43,宏遠-桃園,2023-06-07,1262
6270,倍微,40,0,40,宏遠-桃園,2023-06-07,1262
3078,僑威,37,6,31,宏遠-桃園,2023-06-07,1262
4726,永昕,29,1,28,宏遠-桃園,2023-06-07,1262
6244,茂迪,26,0,26,宏遠-桃園,2023-06-07,1262
4188,安克,28,3,25,宏遠-桃園,2023-06-07,1262
00637L,元大滬深300正2,33,9,24,宏遠-桃園,2023-06-07,1262
2022,聚亨,22,0,22,宏遠-桃園,2023-06-07,1262
2399,映泰,20,0,20,宏遠-桃園,2023-06-07,1262
00679B,元大美債20年,24,5,19,宏遠-桃園,2023-06-07,1262
1605,華新,20,1,19,宏遠-桃園,2023-06-07,1262
2489,瑞軒,16,0,16,宏遠-桃園,2023-06-07,1262
3105,穩懋,15,0,15,宏遠-桃園,2023-06-07,1262
8210,勤誠,14,0,14,宏遠-桃園,2023-06-07,1262
2402,毅嘉,17,6,11,宏遠-桃園,2023-06-07,1262
2887,台新金,10,0,10,宏遠-桃園,2023-06-07,1262
1314,中石化,10,0,10,宏遠-桃園,2023-06-07,1262
2353,宏��,13,3,10,宏遠-桃園,2023-06-07,1262
3532,台勝科,10,0,10,宏遠-桃園,2023-06-07,1262
5469,瀚宇博,10,0,10,宏遠-桃園,2023-06-07,1262
5531,鄉林,12,2,10,宏遠-桃園,2023-06-07,1262
8938,明安,10,0,10,宏遠-桃園,2023-06-07,1262
2107,厚生,9,0,9,宏遠-桃園,2023-06-07,1262
2356,英業達,10,1,9,宏遠-桃園,2023-06-07,1262
2385,群光,9,0,9,宏遠-桃園,2023-06-07,1262
2401,凌陽,24,15,9,宏遠-桃園,2023-06-07,1262
2610,華航,11,2,9,宏遠-桃園,2023-06-07,1262
5410,國眾,9,0,9,宏遠-桃園,2023-06-07,1262
5706,鳳凰,11,2,9,宏遠-桃園,2023-06-07,1262
2332,友訊,8,0,8,宏遠-桃園,2023-06-07,1262
3356,奇偶,8,0,8,宏遠-桃園,2023-06-07,1262
3583,辛耘,8,0,8,宏遠-桃園,2023-06-07,1262
5284,jpp-KY,12,4,8,宏遠-桃園,2023-06-07,1262
8446,華研,8,0,8,宏遠-桃園,2023-06-07,1262
4977,眾達-KY,7,0,7,宏遠-桃園,2023-06-07,1262
00900,富邦特選高股息30,7,0,7,宏遠-桃園,2023-06-07,1262
00799B,國泰A級醫療債,7,0,7,宏遠-桃園,2023-06-07,1262
6547,高端疫苗,12,5,7,宏遠-桃園,2023-06-07,1262
2882,國泰金,6,0,6,宏遠-桃園,2023-06-07,1262
1609,大亞,79,73,6,宏遠-桃園,2023-06-07,1262
2377,微星,10,4,6,宏遠-桃園,2023-06-07,1262
2603,長榮,7,1,6,宏遠-桃園,2023-06-07,1262
6180,橘子,6,0,6,宏遠-桃園,2023-06-07,1262
2883,凱基金,100,0,100,宏遠-桃園,2023-06-08,1262
2530,華建,70,0,70,宏遠-桃園,2023-06-08,1262
2883B,凱基金乙特,70,0,70,宏遠-桃園,2023-06-08,1262
2107,厚生,67,0,67,宏遠-桃園,2023-06-08,1262
5512,力麒,106,40,66,宏遠-桃園,2023-06-08,1262
2888,新光金,65,3,62,宏遠-桃園,2023-06-08,1262
1609,大亞,234,178,56,宏遠-桃園,2023-06-08,1262
00751B,元大AAA至A公司債,39,0,39,宏遠-桃園,2023-06-08,1262
2618,長榮航,55,25,30,宏遠-桃園,2023-06-08,1262
00679B,元大美債20年,29,0,29,宏遠-桃園,2023-06-08,1262
2359,所羅門,30,1,29,宏遠-桃園,2023-06-08,1262
3071,協禧,25,1,24,宏遠-桃園,2023-06-08,1262
5009,榮剛,28,5,23,宏遠-桃園,2023-06-08,1262
00680L,元大美債20正2,19,0,19,宏遠-桃園,2023-06-08,1262
2884,玉山金,18,0,18,宏遠-桃園,2023-06-08,1262
2344,華邦電,21,4,17,宏遠-桃園,2023-06-08,1262
6015,宏遠證,15,0,15,宏遠-桃園,2023-06-08,1262
00673R,期元大S＆P原油反1,14,0,14,宏遠-桃園,2023-06-08,1262
6116,彩晶,17,3,14,宏遠-桃園,2023-06-08,1262
6179,亞通,14,0,14,宏遠-桃園,2023-06-08,1262
00772B,中信高評級公司債,14,0,14,宏遠-桃園,2023-06-08,1262
8996,高力,13,0,13,宏遠-桃園,2023-06-08,1262
1608,華榮,16,4,12,宏遠-桃園,2023-06-08,1262
1519,華城,12,1,11,宏遠-桃園,2023-06-08,1262
3481,群創,11,0,11,宏遠-桃園,2023-06-08,1262
3706,神達,11,0,11,宏遠-桃園,2023-06-08,1262
6125,廣運,12,1,11,宏遠-桃園,2023-06-08,1262
00725B,國泰投資級公司債,10,0,10,宏遠-桃園,2023-06-08,1262
1720,生達,11,1,10,宏遠-桃園,2023-06-08,1262
2312,金寶,10,0,10,宏遠-桃園,2023-06-08,1262
3583,辛耘,19,9,10,宏遠-桃園,2023-06-08,1262
6244,茂迪,12,2,10,宏遠-桃園,2023-06-08,1262
6285,啟��,13,3,10,宏遠-桃園,2023-06-08,1262
8927,北基,9,0,9,宏遠-桃園,2023-06-08,1262
8050,廣積,11,2,9,宏遠-桃園,2023-06-08,1262
3037,欣興,14,5,9,宏遠-桃園,2023-06-08,1262
00687B,國泰20年美債,8,0,8,宏遠-桃園,2023-06-08,1262
00919,群益台灣精選高息,8,0,8,宏遠-桃園,2023-06-08,1262
00638R,元大滬深300反1,8,0,8,宏遠-桃園,2023-06-08,1262
3078,僑威,45,37,8,宏遠-桃園,2023-06-08,1262
4557,永新-KY,8,0,8,宏遠-桃園,2023-06-08,1262
4960,誠美材,8,0,8,宏遠-桃園,2023-06-08,1262
8046,南電,8,0,8,宏遠-桃園,2023-06-08,1262
1513,中興電,9,2,7,宏遠-桃園,2023-06-08,1262
2402,毅嘉,10,3,7,宏遠-桃園,2023-06-08,1262
6266,泰詠,7,0,7,宏遠-桃園,2023-06-08,1262
6441,廣錠,14,7,7,宏遠-桃園,2023-06-08,1262
2882,國泰金,6,0,6,宏遠-桃園,2023-06-08,1262
3693,營邦,10,4,6,宏遠-桃園,2023-06-08,1262
2453,凌群,6,0,6,宏遠-桃園,2023-06-08,1262
00715L,期街口布蘭特正2,204,0,204,宏遠-桃園,2023-06-09,1262
2610,華航,147,1,146,宏遠-桃園,2023-06-09,1262
2913,農林,90,30,60,宏遠-桃園,2023-06-09,1262
7402,邑錡,40,2,38,宏遠-桃園,2023-06-09,1262
6625,必應,37,3,34,宏遠-桃園,2023-06-09,1262
2206,三陽工業,33,3,30,宏遠-桃園,2023-06-09,1262
6188,廣明,25,1,24,宏遠-桃園,2023-06-09,1262
2482,連宇,51,28,23,宏遠-桃園,2023-06-09,1262
6285,啟��,22,0,22,宏遠-桃園,2023-06-09,1262
6125,廣運,35,14,21,宏遠-桃園,2023-06-09,1262
6213,聯茂,21,0,21,宏遠-桃園,2023-06-09,1262
1584,精剛,20,0,20,宏遠-桃園,2023-06-09,1262
1815,富喬,20,0,20,宏遠-桃園,2023-06-09,1262
2882,國泰金,20,0,20,宏遠-桃園,2023-06-09,1262
3227,原相,20,0,20,宏遠-桃園,2023-06-09,1262
9924,福興,20,0,20,宏遠-桃園,2023-06-09,1262
2376,技嘉,20,1,19,宏遠-桃園,2023-06-09,1262
3374,精材,21,7,14,宏遠-桃園,2023-06-09,1262
1907,永豐餘,14,1,13,宏遠-桃園,2023-06-09,1262
6150,撼訊,22,9,13,宏遠-桃園,2023-06-09,1262
1217,愛之味,12,0,12,宏遠-桃園,2023-06-09,1262
00929,復華台灣科技優息,11,0,11,宏遠-桃園,2023-06-09,1262
2458,義隆,16,5,11,宏遠-桃園,2023-06-09,1262
3483,力致,11,0,11,宏遠-桃園,2023-06-09,1262
1316,上曜,10,0,10,宏遠-桃園,2023-06-09,1262
3022,威強電,10,0,10,宏遠-桃園,2023-06-09,1262
3294,英濟,10,0,10,宏遠-桃園,2023-06-09,1262
3363,上詮,10,0,10,宏遠-桃園,2023-06-09,1262
3664,安瑞-KY,10,0,10,宏遠-桃園,2023-06-09,1262
8916,光隆,10,0,10,宏遠-桃園,2023-06-09,1262
9907,統一實,10,0,10,宏遠-桃園,2023-06-09,1262
1432,大魯閣,11,1,10,宏遠-桃園,2023-06-09,1262
2107,厚生,9,0,9,宏遠-桃園,2023-06-09,1262
2377,微星,15,6,9,宏遠-桃園,2023-06-09,1262
2731,雄獅,10,1,9,宏遠-桃園,2023-06-09,1262
1605,華新,9,1,8,宏遠-桃園,2023-06-09,1262
8210,勤誠,16,10,6,宏遠-桃園,2023-06-09,1262
5434,崇越,6,0,6,宏遠-桃園,2023-06-09,1262
2451,創見,9,3,6,宏遠-桃園,2023-06-09,1262
6016,康和證,6,0,6,宏遠-桃園,2023-06-09,1262
1806,冠軍,5,0,5,宏遠-桃園,2023-06-09,1262
3003,健和興,5,0,5,宏遠-桃園,2023-06-09,1262
3038,全台,5,0,5,宏遠-桃園,2023-06-09,1262
3071,協禧,5,0,5,宏遠-桃園,2023-06-09,1262
6005,群益證,5,0,5,宏遠-桃園,2023-06-09,1262
6111,大宇資,7,2,5,宏遠-桃園,2023-06-09,1262
6112,邁達特,12,7,5,宏遠-桃園,2023-06-09,1262
6163,華電網,7,2,5,宏遠-桃園,2023-06-09,1262
6270,倍微,5,0,5,宏遠-桃園,2023-06-09,1262
6276,安鈦克,5,0,5,宏遠-桃園,2023-06-09,1262
00715L,期街口布蘭特正2,115,0,115,宏遠-桃園,2023-06-12,1262
00712,復華富時不動產,112,0,112,宏遠-桃園,2023-06-12,1262
00632R,元大台灣50反1,113,1,112,宏遠-桃園,2023-06-12,1262
1467,南緯,88,0,88,宏遠-桃園,2023-06-12,1262
2913,農林,78,1,77,宏遠-桃園,2023-06-12,1262
3078,僑威,62,2,60,宏遠-桃園,2023-06-12,1262
1316,上曜,58,0,58,宏遠-桃園,2023-06-12,1262
2888,新光金,58,4,54,宏遠-桃園,2023-06-12,1262
4533,協易機,50,0,50,宏遠-桃園,2023-06-12,1262
4306,炎洲,40,0,40,宏遠-桃園,2023-06-12,1262
3576,聯合再生,26,0,26,宏遠-桃園,2023-06-12,1262
2017,官田鋼,25,0,25,宏遠-桃園,2023-06-12,1262
2328,廣宇,26,1,25,宏遠-桃園,2023-06-12,1262
8034,榮群,24,0,24,宏遠-桃園,2023-06-12,1262
1504,東元,29,6,23,宏遠-桃園,2023-06-12,1262
2606,裕民,23,0,23,宏遠-桃園,2023-06-12,1262
00919,群益台灣精選高息,21,0,21,宏遠-桃園,2023-06-12,1262
1802,台玻,20,0,20,宏遠-桃園,2023-06-12,1262
5353,台林,20,0,20,宏遠-桃園,2023-06-12,1262
1584,精剛,18,0,18,宏遠-桃園,2023-06-12,1262
6245,立端,18,1,17,宏遠-桃園,2023-06-12,1262
2734,易飛網,18,1,17,宏遠-桃園,2023-06-12,1262
2377,微星,16,0,16,宏遠-桃園,2023-06-12,1262
2399,映泰,17,1,16,宏遠-桃園,2023-06-12,1262
8049,晶采,16,0,16,宏遠-桃園,2023-06-12,1262
00878,國泰永續高股息,15,0,15,宏遠-桃園,2023-06-12,1262
00892,富邦台灣半導體,15,0,15,宏遠-桃園,2023-06-12,1262
3217,優群,15,0,15,宏遠-桃園,2023-06-12,1262
8927,北基,16,1,15,宏遠-桃園,2023-06-12,1262
8099,大世科,14,0,14,宏遠-桃園,2023-06-12,1262
00900,富邦特選高股息30,13,0,13,宏遠-桃園,2023-06-12,1262
6244,茂迪,12,0,12,宏遠-桃園,2023-06-12,1262
6443,元晶,11,0,11,宏遠-桃園,2023-06-12,1262
0056,元大高股息,11,0,11,宏遠-桃園,2023-06-12,1262
4157,太景*-KY,15,4,11,宏遠-桃園,2023-06-12,1262
8210,勤誠,23,12,11,宏遠-桃園,2023-06-12,1262
2887,台新金,10,0,10,宏遠-桃園,2023-06-12,1262
6270,倍微,10,0,10,宏遠-桃園,2023-06-12,1262
1533,車王電,11,2,9,宏遠-桃園,2023-06-12,1262
1568,倉佑,15,6,9,宏遠-桃園,2023-06-12,1262
3374,精材,48,39,9,宏遠-桃園,2023-06-12,1262
3583,辛耘,9,0,9,宏遠-桃園,2023-06-12,1262
1519,華城,13,5,8,宏遠-桃園,2023-06-12,1262
1762,中化生,8,0,8,宏遠-桃園,2023-06-12,1262
5410,國眾,8,0,8,宏遠-桃園,2023-06-12,1262
5533,皇鼎,8,0,8,宏遠-桃園,2023-06-12,1262
6150,撼訊,9,1,8,宏遠-桃園,2023-06-12,1262
6282,康舒,8,0,8,宏遠-桃園,2023-06-12,1262
00893,國泰智能電動車,10,2,8,宏遠-桃園,2023-06-12,1262
1734,杏輝,8,1,7,宏遠-桃園,2023-06-12,1262
00712,復華富時不動產,207,0,207,宏遠-桃園,2023-06-13,1262
00632R,元大台灣50反1,130,3,127,宏遠-桃園,2023-06-13,1262
8210,勤誠,114,1,113,宏遠-桃園,2023-06-13,1262
6213,聯茂,63,0,63,宏遠-桃園,2023-06-13,1262
3706,神達,61,15,46,宏遠-桃園,2023-06-13,1262
6488,環球晶,40,0,40,宏遠-桃園,2023-06-13,1262
2888,新光金,38,0,38,宏遠-桃園,2023-06-13,1262
00642U,期元大S＆P石油,33,0,33,宏遠-桃園,2023-06-13,1262
6126,信音,31,0,31,宏遠-桃園,2023-06-13,1262
4306,炎洲,30,0,30,宏遠-桃園,2023-06-13,1262
8046,南電,30,1,29,宏遠-桃園,2023-06-13,1262
1904,正隆,30,1,29,宏遠-桃園,2023-06-13,1262
2645,長榮航太,27,0,27,宏遠-桃園,2023-06-13,1262
1316,上曜,34,8,26,宏遠-桃園,2023-06-13,1262
3055,蔚華科,25,0,25,宏遠-桃園,2023-06-13,1262
2734,易飛網,24,0,24,宏遠-桃園,2023-06-13,1262
1907,永豐餘,28,5,23,宏遠-桃園,2023-06-13,1262
2442,新美齊,20,0,20,宏遠-桃園,2023-06-13,1262
2889,國票金,20,0,20,宏遠-桃園,2023-06-13,1262
6125,廣運,64,44,20,宏遠-桃園,2023-06-13,1262
1785,光洋科,20,2,18,宏遠-桃園,2023-06-13,1262
4173,久裕,20,2,18,宏遠-桃園,2023-06-13,1262
8446,華研,21,3,18,宏遠-桃園,2023-06-13,1262
1734,杏輝,17,0,17,宏遠-桃園,2023-06-13,1262
1444,力麗,15,0,15,宏遠-桃園,2023-06-13,1262
2913,農林,55,40,15,宏遠-桃園,2023-06-13,1262
00878,國泰永續高股息,42,28,14,宏遠-桃園,2023-06-13,1262
6139,亞翔,14,0,14,宏遠-桃園,2023-06-13,1262
1584,精剛,15,3,12,宏遠-桃園,2023-06-13,1262
2701,萬企,12,0,12,宏遠-桃園,2023-06-13,1262
3231,緯創,27,15,12,宏遠-桃園,2023-06-13,1262
00892,富邦台灣半導體,10,0,10,宏遠-桃園,2023-06-13,1262
2606,裕民,10,0,10,宏遠-桃園,2023-06-13,1262
3062,建漢,10,0,10,宏遠-桃園,2023-06-13,1262
1710,東聯,10,0,10,宏遠-桃園,2023-06-13,1262
8049,晶采,9,0,9,宏遠-桃園,2023-06-13,1262
00641R,富邦日本反1,8,0,8,宏遠-桃園,2023-06-13,1262
3035,智原,14,6,8,宏遠-桃園,2023-06-13,1262
6148,驊宏資,8,0,8,宏遠-桃園,2023-06-13,1262
2302,麗正,7,0,7,宏遠-桃園,2023-06-13,1262
2884,玉山金,7,0,7,宏遠-桃園,2023-06-13,1262
2891,中信金,9,2,7,宏遠-桃園,2023-06-13,1262
3537,堡達,7,0,7,宏遠-桃園,2023-06-13,1262
5512,力麒,24,17,7,宏遠-桃園,2023-06-13,1262
6517,保勝光學,11,4,7,宏遠-桃園,2023-06-13,1262
3207,耀勝,6,0,6,宏遠-桃園,2023-06-13,1262
6789,采鈺,7,1,6,宏遠-桃園,2023-06-13,1262
3558,神準,5,0,5,宏遠-桃園,2023-06-13,1262
00929,復華台灣科技優息,6,1,5,宏遠-桃園,2023-06-13,1262
2313,華通,5,0,5,宏遠-桃園,2023-06-13,1262
00715L,期街口布蘭特正2,2846,29,2817,宏遠-桃園,2023-06-14,1262
5483,中美晶,131,1,130,宏遠-桃園,2023-06-14,1262
00712,復華富時不動產,113,0,113,宏遠-桃園,2023-06-14,1262
2618,長榮航,185,79,106,宏遠-桃園,2023-06-14,1262
5512,力麒,100,13,87,宏遠-桃園,2023-06-14,1262
00772B,中信高評級公司債,63,0,63,宏遠-桃園,2023-06-14,1262
6206,飛捷,50,0,50,宏遠-桃園,2023-06-14,1262
2888,新光金,40,1,39,宏遠-桃園,2023-06-14,1262
2610,華航,134,101,33,宏遠-桃園,2023-06-14,1262
1609,大亞,35,3,32,宏遠-桃園,2023-06-14,1262
4973,廣穎,30,1,29,宏遠-桃園,2023-06-14,1262
3055,蔚華科,26,2,24,宏遠-桃園,2023-06-14,1262
4173,久裕,22,0,22,宏遠-桃園,2023-06-14,1262
00679B,元大美債20年,20,0,20,宏遠-桃園,2023-06-14,1262
00641R,富邦日本反1,20,0,20,宏遠-桃園,2023-06-14,1262
2323,中環,20,0,20,宏遠-桃園,2023-06-14,1262
3287,廣寰科,20,0,20,宏遠-桃園,2023-06-14,1262
3617,碩天,36,19,17,宏遠-桃園,2023-06-14,1262
1907,永豐餘,32,15,17,宏遠-桃園,2023-06-14,1262
2515,中工,16,0,16,宏遠-桃園,2023-06-14,1262
4979,華星光,37,21,16,宏遠-桃園,2023-06-14,1262
1444,力麗,15,0,15,宏遠-桃園,2023-06-14,1262
6126,信音,15,0,15,宏遠-桃園,2023-06-14,1262
6288,聯嘉,16,1,15,宏遠-桃園,2023-06-14,1262
4129,聯合,14,0,14,宏遠-桃園,2023-06-14,1262
3481,群創,16,2,14,宏遠-桃園,2023-06-14,1262
3032,偉訓,15,2,13,宏遠-桃園,2023-06-14,1262
3346,麗清,20,7,13,宏遠-桃園,2023-06-14,1262
2705,六福,18,6,12,宏遠-桃園,2023-06-14,1262
3454,晶睿,21,9,12,宏遠-桃園,2023-06-14,1262
6118,建達,12,0,12,宏遠-桃園,2023-06-14,1262
6625,必應,12,0,12,宏遠-桃園,2023-06-14,1262
1524,耿鼎,15,4,11,宏遠-桃園,2023-06-14,1262
6668,中揚光,11,0,11,宏遠-桃園,2023-06-14,1262
1503,士電,11,1,10,宏遠-桃園,2023-06-14,1262
1584,精剛,10,0,10,宏遠-桃園,2023-06-14,1262
1795,美時,12,2,10,宏遠-桃園,2023-06-14,1262
2302,麗正,15,5,10,宏遠-桃園,2023-06-14,1262
2369,菱生,10,0,10,宏遠-桃園,2023-06-14,1262
6176,瑞儀,10,0,10,宏遠-桃園,2023-06-14,1262
8446,華研,22,12,10,宏遠-桃園,2023-06-14,1262
00638R,元大滬深300反1,9,0,9,宏遠-桃園,2023-06-14,1262
2356,英業達,42,33,9,宏遠-桃園,2023-06-14,1262
2247,汎德永業,12,4,8,宏遠-桃園,2023-06-14,1262
2317,鴻海,151,143,8,宏遠-桃園,2023-06-14,1262
00919,群益台灣精選高息,7,0,7,宏遠-桃園,2023-06-14,1262
1605,華新,13,6,7,宏遠-桃園,2023-06-14,1262
3202,樺晟,7,0,7,宏遠-桃園,2023-06-14,1262
5439,高技,7,0,7,宏遠-桃園,2023-06-14,1262
2482,連宇,13,7,6,宏遠-桃園,2023-06-14,1262
2317,鴻海,159,0,159,宏遠-桃園,2023-06-15,1262
3481,群創,132,26,106,宏遠-桃園,2023-06-15,1262
00632R,元大台灣50反1,105,4,101,宏遠-桃園,2023-06-15,1262
2883,凱基金,50,0,50,宏遠-桃園,2023-06-15,1262
2030,彰源,50,1,49,宏遠-桃園,2023-06-15,1262
1316,上曜,53,5,48,宏遠-桃園,2023-06-15,1262
6182,合晶,42,0,42,宏遠-桃園,2023-06-15,1262
6196,帆宣,31,1,30,宏遠-桃園,2023-06-15,1262
4950,牧東,25,0,25,宏遠-桃園,2023-06-15,1262
6127,九豪,21,0,21,宏遠-桃園,2023-06-15,1262
1444,力麗,20,0,20,宏遠-桃園,2023-06-15,1262
1529,樂事綠能,20,0,20,宏遠-桃園,2023-06-15,1262
2425,承啟,20,0,20,宏遠-桃園,2023-06-15,1262
3010,華立,20,0,20,宏遠-桃園,2023-06-15,1262
1504,東元,24,8,16,宏遠-桃園,2023-06-15,1262
0050,元大台灣50,16,1,15,宏遠-桃園,2023-06-15,1262
00715L,期街口布蘭特正2,15,0,15,宏遠-桃園,2023-06-15,1262
6188,廣明,13,0,13,宏遠-桃園,2023-06-15,1262
1907,永豐餘,12,0,12,宏遠-桃園,2023-06-15,1262
2022,聚亨,12,0,12,宏遠-桃園,2023-06-15,1262
2337,旺宏,22,10,12,宏遠-桃園,2023-06-15,1262
8446,華研,42,30,12,宏遠-桃園,2023-06-15,1262
1611,中電,23,12,11,宏遠-桃園,2023-06-15,1262
3033,威健,13,2,11,宏遠-桃園,2023-06-15,1262
2884,玉山金,10,0,10,宏遠-桃園,2023-06-15,1262
00919,群益台灣精選高息,12,2,10,宏遠-桃園,2023-06-15,1262
2530,華建,10,0,10,宏遠-桃園,2023-06-15,1262
8050,廣積,12,2,10,宏遠-桃園,2023-06-15,1262
2401,凌陽,42,33,9,宏遠-桃園,2023-06-15,1262
8076,伍豐,13,4,9,宏遠-桃園,2023-06-15,1262
2705,六福,8,0,8,宏遠-桃園,2023-06-15,1262
3081,聯亞,10,2,8,宏遠-桃園,2023-06-15,1262
3356,奇偶,20,12,8,宏遠-桃園,2023-06-15,1262
6120,達運,8,0,8,宏遠-桃園,2023-06-15,1262
2344,華邦電,20,13,7,宏遠-桃園,2023-06-15,1262
3003,健和興,7,0,7,宏遠-桃園,2023-06-15,1262
8046,南電,8,1,7,宏遠-桃園,2023-06-15,1262
00878,國泰永續高股息,8,2,6,宏遠-桃園,2023-06-15,1262
2609,陽明,6,0,6,宏遠-桃園,2023-06-15,1262
00882,中信中國高股息,6,0,6,宏遠-桃園,2023-06-15,1262
00706L,期元大S＆P日圓正2,6,0,6,宏遠-桃園,2023-06-15,1262
2457,飛宏,7,1,6,宏遠-桃園,2023-06-15,1262
3483,力致,12,6,6,宏遠-桃園,2023-06-15,1262
4173,久裕,6,0,6,宏遠-桃園,2023-06-15,1262
4552,力達-KY,11,5,6,宏遠-桃園,2023-06-15,1262
6156,松上,6,0,6,宏遠-桃園,2023-06-15,1262
8028,昇陽半導體,21,15,6,宏遠-桃園,2023-06-15,1262
8069,元太,13,7,6,宏遠-桃園,2023-06-15,1262
1795,美時,13,7,6,宏遠-桃園,2023-06-15,1262
5386,青雲,5,0,5,宏遠-桃園,2023-06-15,1262
2610,華航,425,216,209,宏遠-桃園,2023-06-16,1262
00753L,中信中國50正2,100,0,100,宏遠-桃園,2023-06-16,1262
3706,神達,136,39,97,宏遠-桃園,2023-06-16,1262
4702,中美實,70,0,70,宏遠-桃園,2023-06-16,1262
5512,力麒,60,0,60,宏遠-桃園,2023-06-16,1262
3019,亞光,65,6,59,宏遠-桃園,2023-06-16,1262
2883,凱基金,52,0,52,宏遠-桃園,2023-06-16,1262
1316,上曜,36,4,32,宏遠-桃園,2023-06-16,1262
6190,萬泰科,57,26,31,宏遠-桃園,2023-06-16,1262
3147,大綜,30,0,30,宏遠-桃園,2023-06-16,1262
00712,復華富時不動產,23,0,23,宏遠-桃園,2023-06-16,1262
1519,華城,33,10,23,宏遠-桃園,2023-06-16,1262
2353,宏��,22,0,22,宏遠-桃園,2023-06-16,1262
00922,國泰台灣領袖50,20,0,20,宏遠-桃園,2023-06-16,1262
00773B,中信優先金融債,20,0,20,宏遠-桃園,2023-06-16,1262
00919,群益台灣精選高息,20,0,20,宏遠-桃園,2023-06-16,1262
5353,台林,20,0,20,宏遠-桃園,2023-06-16,1262
6605,帝寶,20,0,20,宏遠-桃園,2023-06-16,1262
1609,大亞,59,40,19,宏遠-桃園,2023-06-16,1262
00673R,期元大S＆P原油反1,18,0,18,宏遠-桃園,2023-06-16,1262
1907,永豐餘,18,0,18,宏遠-桃園,2023-06-16,1262
2105,正新,18,0,18,宏遠-桃園,2023-06-16,1262
2436,偉詮電,16,0,16,宏遠-桃園,2023-06-16,1262
6288,聯嘉,18,2,16,宏遠-桃園,2023-06-16,1262
2017,官田鋼,15,0,15,宏遠-桃園,2023-06-16,1262
4915,致伸,15,0,15,宏遠-桃園,2023-06-16,1262
6015,宏遠證,15,0,15,宏遠-桃園,2023-06-16,1262
2385,群光,13,0,13,宏遠-桃園,2023-06-16,1262
2206,三陽工業,15,2,13,宏遠-桃園,2023-06-16,1262
6244,茂迪,14,1,13,宏遠-桃園,2023-06-16,1262
3380,明泰,27,15,12,宏遠-桃園,2023-06-16,1262
6118,建達,13,1,12,宏遠-桃園,2023-06-16,1262
2887,台新金,11,0,11,宏遠-桃園,2023-06-16,1262
3346,麗清,11,0,11,宏遠-桃園,2023-06-16,1262
3356,奇偶,10,0,10,宏遠-桃園,2023-06-16,1262
5014,建錩,10,0,10,宏遠-桃園,2023-06-16,1262
5243,乙盛-KY,11,1,10,宏遠-桃園,2023-06-16,1262
2401,凌陽,9,0,9,宏遠-桃園,2023-06-16,1262
2425,承啟,10,1,9,宏遠-桃園,2023-06-16,1262
3163,波若威,10,1,9,宏遠-桃園,2023-06-16,1262
6625,必應,9,0,9,宏遠-桃園,2023-06-16,1262
2454,聯發科,8,0,8,宏遠-桃園,2023-06-16,1262
6472,保瑞,8,0,8,宏遠-桃園,2023-06-16,1262
8086,宏捷科,8,0,8,宏遠-桃園,2023-06-16,1262
8201,無敵,8,0,8,宏遠-桃園,2023-06-16,1262
1522,堤維西,22,15,7,宏遠-桃園,2023-06-16,1262
2474,可成,8,1,7,宏遠-桃園,2023-06-16,1262
6188,廣明,7,1,6,宏遠-桃園,2023-06-16,1262
6515,穎崴,6,0,6,宏遠-桃園,2023-06-16,1262
00683L,期元大美元指正2,6,0,6,宏遠-桃園,2023-06-16,1262
2888,新光金,231,0,231,宏遠-桃園,2023-06-19,1262
6120,達運,317,100,217,宏遠-桃園,2023-06-19,1262
00673R,期元大S＆P原油反1,100,0,100,宏遠-桃園,2023-06-19,1262
2610,華航,434,384,50,宏遠-桃園,2023-06-19,1262
1513,中興電,63,18,45,宏遠-桃園,2023-06-19,1262
2645,長榮航太,43,7,36,宏遠-桃園,2023-06-19,1262
2887,台新金,35,0,35,宏遠-桃園,2023-06-19,1262
3356,奇偶,30,0,30,宏遠-桃園,2023-06-19,1262
2329,華泰,30,1,29,宏遠-桃園,2023-06-19,1262
3025,星通,27,0,27,宏遠-桃園,2023-06-19,1262
1605,華新,32,6,26,宏遠-桃園,2023-06-19,1262
1795,美時,21,1,20,宏遠-桃園,2023-06-19,1262
2323,中環,23,3,20,宏遠-桃園,2023-06-19,1262
6024,群益期,18,0,18,宏遠-桃園,2023-06-19,1262
00679B,元大美債20年,17,0,17,宏遠-桃園,2023-06-19,1262
3062,建漢,17,0,17,宏遠-桃園,2023-06-19,1262
6239,力成,20,4,16,宏遠-桃園,2023-06-19,1262
3231,緯創,24,8,16,宏遠-桃園,2023-06-19,1262
2421,建準,19,3,16,宏遠-桃園,2023-06-19,1262
00650L,復華香港正2,15,0,15,宏遠-桃園,2023-06-19,1262
2017,官田鋼,15,0,15,宏遠-桃園,2023-06-19,1262
4541,晟田,14,0,14,宏遠-桃園,2023-06-19,1262
6116,彩晶,50,37,13,宏遠-桃園,2023-06-19,1262
00922,國泰台灣領袖50,20,8,12,宏遠-桃園,2023-06-19,1262
3711,日月光投控,11,0,11,宏遠-桃園,2023-06-19,1262
1218,泰山,10,0,10,宏遠-桃園,2023-06-19,1262
1519,華城,21,11,10,宏遠-桃園,2023-06-19,1262
1708,東鹼,10,0,10,宏遠-桃園,2023-06-19,1262
2537,聯上發,10,0,10,宏遠-桃園,2023-06-19,1262
6190,萬泰科,10,0,10,宏遠-桃園,2023-06-19,1262
6214,精誠,10,0,10,宏遠-桃園,2023-06-19,1262
2107,厚生,9,0,9,宏遠-桃園,2023-06-19,1262
2362,藍天,9,0,9,宏遠-桃園,2023-06-19,1262
3207,耀勝,10,1,9,宏遠-桃園,2023-06-19,1262
3685,元創精密,9,0,9,宏遠-桃園,2023-06-19,1262
2353,宏��,14,6,8,宏遠-桃園,2023-06-19,1262
2498,宏達電,9,1,8,宏遠-桃園,2023-06-19,1262
3537,堡達,8,0,8,宏遠-桃園,2023-06-19,1262
6266,泰詠,11,3,8,宏遠-桃園,2023-06-19,1262
6282,康舒,8,0,8,宏遠-桃園,2023-06-19,1262
00752,中信中國50,7,0,7,宏遠-桃園,2023-06-19,1262
2481,強茂,7,0,7,宏遠-桃園,2023-06-19,1262
3234,光環,7,0,7,宏遠-桃園,2023-06-19,1262
4967,十銓,12,5,7,宏遠-桃園,2023-06-19,1262
6552,易華電,7,0,7,宏遠-桃園,2023-06-19,1262
6672,騰輝電子-KY,7,0,7,宏遠-桃園,2023-06-19,1262
2317,鴻海,22,16,6,宏遠-桃園,2023-06-19,1262
1529,樂事綠能,8,2,6,宏遠-桃園,2023-06-19,1262
1531,高林股,6,0,6,宏遠-桃園,2023-06-19,1262
2609,陽明,6,0,6,宏遠-桃園,2023-06-19,1262
2610,華航,322,227,95,宏遠-桃園,2023-06-20,1262
3481,群創,80,29,51,宏遠-桃園,2023-06-20,1262
2883,凱基金,50,0,50,宏遠-桃園,2023-06-20,1262
2317,鴻海,49,2,47,宏遠-桃園,2023-06-20,1262
2017,官田鋼,40,0,40,宏遠-桃園,2023-06-20,1262
3706,神達,39,1,38,宏遠-桃園,2023-06-20,1262
2409,友達,41,5,36,宏遠-桃園,2023-06-20,1262
2431,聯昌,30,0,30,宏遠-桃園,2023-06-20,1262
3673,TPK-KY,30,0,30,宏遠-桃園,2023-06-20,1262
2371,大同,51,25,26,宏遠-桃園,2023-06-20,1262
2913,農林,50,25,25,宏遠-桃園,2023-06-20,1262
3260,威剛,24,1,23,宏遠-桃園,2023-06-20,1262
2633,台灣高鐵,20,0,20,宏遠-桃園,2023-06-20,1262
2405,輔信,20,1,19,宏遠-桃園,2023-06-20,1262
3346,麗清,19,0,19,宏遠-桃園,2023-06-20,1262
00919,群益台灣精選高息,18,0,18,宏遠-桃園,2023-06-20,1262
00712,復華富時不動產,16,0,16,宏遠-桃園,2023-06-20,1262
1605,華新,19,4,15,宏遠-桃園,2023-06-20,1262
2375,凱美,15,0,15,宏遠-桃園,2023-06-20,1262
2888,新光金,15,0,15,宏遠-桃園,2023-06-20,1262
8222,寶一,34,19,15,宏遠-桃園,2023-06-20,1262
0056,元大高股息,20,6,14,宏遠-桃園,2023-06-20,1262
2107,厚生,14,0,14,宏遠-桃園,2023-06-20,1262
2454,聯發科,18,5,13,宏遠-桃園,2023-06-20,1262
00650L,復華香港正2,17,4,13,宏遠-桃園,2023-06-20,1262
4746,台耀,12,0,12,宏遠-桃園,2023-06-20,1262
5512,力麒,12,0,12,宏遠-桃園,2023-06-20,1262
6111,大宇資,25,13,12,宏遠-桃園,2023-06-20,1262
2329,華泰,12,1,11,宏遠-桃園,2023-06-20,1262
2461,光群雷,10,0,10,宏遠-桃園,2023-06-20,1262
3147,大綜,10,0,10,宏遠-桃園,2023-06-20,1262
2634,漢翔,19,10,9,宏遠-桃園,2023-06-20,1262
6187,萬潤,9,0,9,宏遠-桃園,2023-06-20,1262
6116,彩晶,10,2,8,宏遠-桃園,2023-06-20,1262
3231,緯創,15,7,8,宏遠-桃園,2023-06-20,1262
00632R,元大台灣50反1,8,0,8,宏遠-桃園,2023-06-20,1262
1802,台玻,13,5,8,宏遠-桃園,2023-06-20,1262
2331,精英,9,1,8,宏遠-桃園,2023-06-20,1262
2337,旺宏,18,10,8,宏遠-桃園,2023-06-20,1262
2482,連宇,13,5,8,宏遠-桃園,2023-06-20,1262
3014,聯陽,8,1,7,宏遠-桃園,2023-06-20,1262
3682,亞太電,7,0,7,宏遠-桃園,2023-06-20,1262
4543,萬在,7,0,7,宏遠-桃園,2023-06-20,1262
5009,榮剛,17,10,7,宏遠-桃園,2023-06-20,1262
2645,長榮航太,9,2,7,宏遠-桃園,2023-06-20,1262
00878,國泰永續高股息,6,0,6,宏遠-桃園,2023-06-20,1262
2457,飛宏,6,0,6,宏遠-桃園,2023-06-20,1262
4572,駐龍,9,3,6,宏遠-桃園,2023-06-20,1262
5704,老爺知,7,1,6,宏遠-桃園,2023-06-20,1262
6127,九豪,7,1,6,宏遠-桃園,2023-06-20,1262
6120,達運,61,7,54,宏遠-桃園,2023-06-21,1262
8255,朋程,50,0,50,宏遠-桃園,2023-06-21,1262
3013,晟銘電,51,14,37,宏遠-桃園,2023-06-21,1262
2413,環科,31,0,31,宏遠-桃園,2023-06-21,1262
2913,農林,27,1,26,宏遠-桃園,2023-06-21,1262
2734,易飛網,24,0,24,宏遠-桃園,2023-06-21,1262
3706,神達,33,9,24,宏遠-桃園,2023-06-21,1262
3687,歐買尬,20,0,20,宏遠-桃園,2023-06-21,1262
2609,陽明,22,4,18,宏遠-桃園,2023-06-21,1262
8105,凌巨,20,2,18,宏遠-桃園,2023-06-21,1262
3049,精金,20,3,17,宏遠-桃園,2023-06-21,1262
1432,大魯閣,15,0,15,宏遠-桃園,2023-06-21,1262
9944,新麗,13,0,13,宏遠-桃園,2023-06-21,1262
1605,華新,27,15,12,宏遠-桃園,2023-06-21,1262
2476,鉅祥,12,0,12,宏遠-桃園,2023-06-21,1262
5607,遠雄港,12,0,12,宏遠-桃園,2023-06-21,1262
6126,信音,12,0,12,宏遠-桃園,2023-06-21,1262
2748,雲品,16,5,11,宏遠-桃園,2023-06-21,1262
2317,鴻海,25,15,10,宏遠-桃園,2023-06-21,1262
00650L,復華香港正2,11,1,10,宏遠-桃園,2023-06-21,1262
2537,聯上發,10,0,10,宏遠-桃園,2023-06-21,1262
1905,華紙,12,3,9,宏遠-桃園,2023-06-21,1262
2520,冠德,9,0,9,宏遠-桃園,2023-06-21,1262
2739,寒舍,9,0,9,宏遠-桃園,2023-06-21,1262
3617,碩天,13,4,9,宏遠-桃園,2023-06-21,1262
3665,貿聯-KY,19,10,9,宏遠-桃園,2023-06-21,1262
4953,緯軟,10,1,9,宏遠-桃園,2023-06-21,1262
6532,瑞耘,9,0,9,宏遠-桃園,2023-06-21,1262
2645,長榮航太,8,0,8,宏遠-桃園,2023-06-21,1262
1103,嘉泥,8,1,7,宏遠-桃園,2023-06-21,1262
1504,東元,9,2,7,宏遠-桃園,2023-06-21,1262
2630,亞航,7,0,7,宏遠-桃園,2023-06-21,1262
00772B,中信高評級公司債,6,0,6,宏遠-桃園,2023-06-21,1262
1904,正隆,6,0,6,宏遠-桃園,2023-06-21,1262
2312,金寶,6,0,6,宏遠-桃園,2023-06-21,1262
2337,旺宏,6,0,6,宏遠-桃園,2023-06-21,1262
6743,安普新,6,0,6,宏遠-桃園,2023-06-21,1262
3056,富華新,6,0,6,宏遠-桃園,2023-06-21,1262
2603,長榮,6,1,5,宏遠-桃園,2023-06-21,1262
00919,群益台灣精選高息,5,0,5,宏遠-桃園,2023-06-21,1262
00632R,元大台灣50反1,8,3,5,宏遠-桃園,2023-06-21,1262
1218,泰山,5,0,5,宏遠-桃園,2023-06-21,1262
2834,臺企銀,5,0,5,宏遠-桃園,2023-06-21,1262
3062,建漢,5,0,5,宏遠-桃園,2023-06-21,1262
4173,久裕,5,0,5,宏遠-桃園,2023-06-21,1262
5009,榮剛,7,2,5,宏遠-桃園,2023-06-21,1262
2330,台積電,7,2,5,宏遠-桃園,2023-06-21,1262
2882,國泰金,4,0,4,宏遠-桃園,2023-06-21,1262
1460,宏遠,4,0,4,宏遠-桃園,2023-06-21,1262
00882,中信中國高股息,4,0,4,宏遠-桃園,2023-06-21,1262
00715L,期街口布蘭特正2,131,0,131,宏遠-桃園,2023-06-26,1262
3346,麗清,126,0,126,宏遠-桃園,2023-06-26,1262
2461,光群雷,100,0,100,宏遠-桃園,2023-06-26,1262
1905,華紙,180,103,77,宏遠-桃園,2023-06-26,1262
2888,新光金,70,0,70,宏遠-桃園,2023-06-26,1262
1612,宏泰,50,0,50,宏遠-桃園,2023-06-26,1262
2017,官田鋼,50,3,47,宏遠-桃園,2023-06-26,1262
3481,群創,58,11,47,宏遠-桃園,2023-06-26,1262
6288,聯嘉,47,0,47,宏遠-桃園,2023-06-26,1262
9919,康那香,45,0,45,宏遠-桃園,2023-06-26,1262
00637L,元大滬深300正2,34,4,30,宏遠-桃園,2023-06-26,1262
4207,環泰,20,0,20,宏遠-桃園,2023-06-26,1262
1605,華新,28,10,18,宏遠-桃園,2023-06-26,1262
2609,陽明,17,0,17,宏遠-桃園,2023-06-26,1262
0056,元大高股息,34,17,17,宏遠-桃園,2023-06-26,1262
00712,復華富時不動產,16,0,16,宏遠-桃園,2023-06-26,1262
1514,亞力,16,2,14,宏遠-桃園,2023-06-26,1262
2610,華航,26,12,14,宏遠-桃園,2023-06-26,1262
3217,優群,14,0,14,宏遠-桃園,2023-06-26,1262
1529,樂事綠能,20,7,13,宏遠-桃園,2023-06-26,1262
1734,杏輝,13,0,13,宏遠-桃園,2023-06-26,1262
6525,捷敏-KY,13,0,13,宏遠-桃園,2023-06-26,1262
3234,光環,12,0,12,宏遠-桃園,2023-06-26,1262
2413,環科,11,0,11,宏遠-桃園,2023-06-26,1262
2883,凱基金,11,0,11,宏遠-桃園,2023-06-26,1262
3231,緯創,20,10,10,宏遠-桃園,2023-06-26,1262
1101,台泥,10,0,10,宏遠-桃園,2023-06-26,1262
2104,國際中橡,10,0,10,宏遠-桃園,2023-06-26,1262
2402,毅嘉,10,0,10,宏遠-桃園,2023-06-26,1262
3325,旭品,10,0,10,宏遠-桃園,2023-06-26,1262
5353,台林,10,0,10,宏遠-桃園,2023-06-26,1262
6116,彩晶,10,0,10,宏遠-桃園,2023-06-26,1262
6121,新普,10,0,10,宏遠-桃園,2023-06-26,1262
6282,康舒,10,1,9,宏遠-桃園,2023-06-26,1262
2482,連宇,9,0,9,宏遠-桃園,2023-06-26,1262
4746,台耀,12,3,9,宏遠-桃園,2023-06-26,1262
6188,廣明,15,6,9,宏遠-桃園,2023-06-26,1262
6243,迅杰,10,1,9,宏遠-桃園,2023-06-26,1262
1907,永豐餘,23,15,8,宏遠-桃園,2023-06-26,1262
2356,英業達,13,5,8,宏遠-桃園,2023-06-26,1262
2476,鉅祥,8,0,8,宏遠-桃園,2023-06-26,1262
3032,偉訓,20,12,8,宏遠-桃園,2023-06-26,1262
8112,至上,10,2,8,宏遠-桃園,2023-06-26,1262
00642U,期元大S＆P石油,7,0,7,宏遠-桃園,2023-06-26,1262
00902,中信電池及儲能,10,3,7,宏遠-桃園,2023-06-26,1262
2340,台亞,20,13,7,宏遠-桃園,2023-06-26,1262
3014,聯陽,7,0,7,宏遠-桃園,2023-06-26,1262
5474,聰泰,7,0,7,宏遠-桃園,2023-06-26,1262
4916,事欣科,8,2,6,宏遠-桃園,2023-06-26,1262
1522,堤維西,10,4,6,宏遠-桃園,2023-06-26,1262
2303,聯電,219,32,187,宏遠-桃園,2023-06-27,1262
2891,中信金,100,0,100,宏遠-桃園,2023-06-27,1262
3481,群創,114,25,89,宏遠-桃園,2023-06-27,1262
2461,光群雷,50,0,50,宏遠-桃園,2023-06-27,1262
3447,展達,50,1,49,宏遠-桃園,2023-06-27,1262
6125,廣運,49,1,48,宏遠-桃園,2023-06-27,1262
2359,所羅門,36,0,36,宏遠-桃園,2023-06-27,1262
5356,協益,36,0,36,宏遠-桃園,2023-06-27,1262
1907,永豐餘,35,4,31,宏遠-桃園,2023-06-27,1262
3706,神達,27,1,26,宏遠-桃園,2023-06-27,1262
2344,華邦電,26,1,25,宏遠-桃園,2023-06-27,1262
3564,其陽,26,2,24,宏遠-桃園,2023-06-27,1262
2883,凱基金,21,0,21,宏遠-桃園,2023-06-27,1262
2610,華航,22,1,21,宏遠-桃園,2023-06-27,1262
1721,三晃,20,0,20,宏遠-桃園,2023-06-27,1262
6124,業強,20,0,20,宏遠-桃園,2023-06-27,1262
00878,國泰永續高股息,22,3,19,宏遠-桃園,2023-06-27,1262
3231,緯創,24,6,18,宏遠-桃園,2023-06-27,1262
4979,華星光,20,2,18,宏遠-桃園,2023-06-27,1262
5465,富驊,18,0,18,宏遠-桃園,2023-06-27,1262
2603,長榮,17,1,16,宏遠-桃園,2023-06-27,1262
2618,長榮航,51,35,16,宏遠-桃園,2023-06-27,1262
1313,聯成,15,0,15,宏遠-桃園,2023-06-27,1262
3038,全台,17,2,15,宏遠-桃園,2023-06-27,1262
00680L,元大美債20正2,12,0,12,宏遠-桃園,2023-06-27,1262
2885,元大金,11,0,11,宏遠-桃園,2023-06-27,1262
00637L,元大滬深300正2,30,20,10,宏遠-桃園,2023-06-27,1262
1905,華紙,135,125,10,宏遠-桃園,2023-06-27,1262
2101,南港,10,0,10,宏遠-桃園,2023-06-27,1262
2104,國際中橡,10,0,10,宏遠-桃園,2023-06-27,1262
2356,英業達,11,1,10,宏遠-桃園,2023-06-27,1262
2476,鉅祥,10,0,10,宏遠-桃園,2023-06-27,1262
2645,長榮航太,10,0,10,宏遠-桃園,2023-06-27,1262
3508,位速,10,0,10,宏遠-桃園,2023-06-27,1262
4532,瑞智,10,0,10,宏遠-桃園,2023-06-27,1262
4743,合一,13,3,10,宏遠-桃園,2023-06-27,1262
9919,康那香,10,0,10,宏遠-桃園,2023-06-27,1262
2748,雲品,10,0,10,宏遠-桃園,2023-06-27,1262
2739,寒舍,8,0,8,宏遠-桃園,2023-06-27,1262
4173,久裕,8,0,8,宏遠-桃園,2023-06-27,1262
5386,青雲,8,0,8,宏遠-桃園,2023-06-27,1262
1519,華城,22,14,8,宏遠-桃園,2023-06-27,1262
00902,中信電池及儲能,10,3,7,宏遠-桃園,2023-06-27,1262
1734,杏輝,7,0,7,宏遠-桃園,2023-06-27,1262
2340,台亞,11,4,7,宏遠-桃園,2023-06-27,1262
6239,力成,10,3,7,宏遠-桃園,2023-06-27,1262
3014,聯陽,9,2,7,宏遠-桃園,2023-06-27,1262
1605,華新,15,8,7,宏遠-桃園,2023-06-27,1262
1522,堤維西,6,0,6,宏遠-桃園,2023-06-27,1262
2402,毅嘉,6,0,6,宏遠-桃園,2023-06-27,1262
2323,中環,59,2,57,宏遠-桃園,2023-06-28,1262
00671R,富邦NASDAQ反1,50,0,50,宏遠-桃園,2023-06-28,1262
9919,康那香,40,0,40,宏遠-桃園,2023-06-28,1262
2331,精英,44,5,39,宏遠-桃園,2023-06-28,1262
2867,三商壽,45,9,36,宏遠-桃園,2023-06-28,1262
3013,晟銘電,37,4,33,宏遠-桃園,2023-06-28,1262
1444,力麗,30,0,30,宏遠-桃園,2023-06-28,1262
5356,協益,30,0,30,宏遠-桃園,2023-06-28,1262
1605,華新,31,2,29,宏遠-桃園,2023-06-28,1262
4120,友華,25,0,25,宏遠-桃園,2023-06-28,1262
3044,健鼎,20,0,20,宏遠-桃園,2023-06-28,1262
5388,中磊,22,3,19,宏遠-桃園,2023-06-28,1262
5465,富驊,18,1,17,宏遠-桃園,2023-06-28,1262
3231,緯創,20,5,15,宏遠-桃園,2023-06-28,1262
3664,安瑞-KY,15,0,15,宏遠-桃園,2023-06-28,1262
4763,材料-KY,18,4,14,宏遠-桃園,2023-06-28,1262
6111,大宇資,20,7,13,宏遠-桃園,2023-06-28,1262
00919,群益台灣精選高息,12,0,12,宏遠-桃園,2023-06-28,1262
2461,光群雷,12,0,12,宏遠-桃園,2023-06-28,1262
5392,能率,11,0,11,宏遠-桃園,2023-06-28,1262
00679B,元大美債20年,10,0,10,宏遠-桃園,2023-06-28,1262
2382,廣達,15,5,10,宏遠-桃園,2023-06-28,1262
2812,台中銀,10,0,10,宏遠-桃園,2023-06-28,1262
2884,玉山金,10,0,10,宏遠-桃園,2023-06-28,1262
3071,協禧,10,0,10,宏遠-桃園,2023-06-28,1262
6244,茂迪,10,0,10,宏遠-桃園,2023-06-28,1262
8046,南電,10,0,10,宏遠-桃園,2023-06-28,1262
00642U,期元大S＆P石油,9,0,9,宏遠-桃園,2023-06-28,1262
2401,凌陽,9,0,9,宏遠-桃園,2023-06-28,1262
2645,長榮航太,11,2,9,宏遠-桃園,2023-06-28,1262
3234,光環,9,0,9,宏遠-桃園,2023-06-28,1262
3374,精材,10,1,9,宏遠-桃園,2023-06-28,1262
6122,擎邦,9,0,9,宏遠-桃園,2023-06-28,1262
6552,易華電,9,0,9,宏遠-桃園,2023-06-28,1262
00712,復華富時不動產,7,0,7,宏遠-桃園,2023-06-28,1262
2609,陽明,10,3,7,宏遠-桃園,2023-06-28,1262
3454,晶睿,12,5,7,宏遠-桃園,2023-06-28,1262
8936,國統,8,1,7,宏遠-桃園,2023-06-28,1262
2412,中華電,6,0,6,宏遠-桃園,2023-06-28,1262
3037,欣興,6,0,6,宏遠-桃園,2023-06-28,1262
3564,其陽,7,1,6,宏遠-桃園,2023-06-28,1262
2101,南港,5,0,5,宏遠-桃園,2023-06-28,1262
2882,國泰金,5,0,5,宏遠-桃園,2023-06-28,1262
1504,東元,5,0,5,宏遠-桃園,2023-06-28,1262
2340,台亞,10,5,5,宏遠-桃園,2023-06-28,1262
2476,鉅祥,5,0,5,宏遠-桃園,2023-06-28,1262
2732,六角,5,0,5,宏遠-桃園,2023-06-28,1262
2913,農林,5,0,5,宏遠-桃園,2023-06-28,1262
4989,榮科,5,0,5,宏遠-桃園,2023-06-28,1262
1503,士電,13,9,4,宏遠-桃園,2023-06-28,1262
2419,仲琦,165,45,120,宏遠-桃園,2023-06-29,1262
2303,聯電,81,10,71,宏遠-桃園,2023-06-29,1262
2337,旺宏,50,0,50,宏遠-桃園,2023-06-29,1262
2867,三商壽,50,5,45,宏遠-桃園,2023-06-29,1262
3010,華立,35,0,35,宏遠-桃園,2023-06-29,1262
5388,中磊,37,7,30,宏遠-桃園,2023-06-29,1262
2891,中信金,54,27,27,宏遠-桃園,2023-06-29,1262
6488,環球晶,25,0,25,宏遠-桃園,2023-06-29,1262
2515,中工,15,0,15,宏遠-桃園,2023-06-29,1262
6578,達邦蛋白,15,0,15,宏遠-桃園,2023-06-29,1262
2340,台亞,30,16,14,宏遠-桃園,2023-06-29,1262
2609,陽明,15,2,13,宏遠-桃園,2023-06-29,1262
3481,群創,18,6,12,宏遠-桃園,2023-06-29,1262
00650L,復華香港正2,11,0,11,宏遠-桃園,2023-06-29,1262
2610,華航,41,30,11,宏遠-桃園,2023-06-29,1262
6112,邁達特,20,9,11,宏遠-桃園,2023-06-29,1262
1710,東聯,10,0,10,宏遠-桃園,2023-06-29,1262
2399,映泰,10,0,10,宏遠-桃園,2023-06-29,1262
2887,台新金,10,0,10,宏遠-桃園,2023-06-29,1262
3078,僑威,10,0,10,宏遠-桃園,2023-06-29,1262
6288,聯嘉,10,0,10,宏遠-桃園,2023-06-29,1262
2385,群光,10,1,9,宏遠-桃園,2023-06-29,1262
0050,元大台灣50,8,0,8,宏遠-桃園,2023-06-29,1262
00632R,元大台灣50反1,212,204,8,宏遠-桃園,2023-06-29,1262
3013,晟銘電,18,10,8,宏遠-桃園,2023-06-29,1262
6451,訊芯-KY,7,0,7,宏遠-桃園,2023-06-29,1262
2881,富邦金,6,0,6,宏遠-桃園,2023-06-29,1262
00706L,期元大S＆P日圓正2,6,0,6,宏遠-桃園,2023-06-29,1262
2615,萬海,6,0,6,宏遠-桃園,2023-06-29,1262
3005,神基,11,5,6,宏遠-桃園,2023-06-29,1262
6243,迅杰,8,2,6,宏遠-桃園,2023-06-29,1262
6552,易華電,6,0,6,宏遠-桃園,2023-06-29,1262
8255,朋程,6,0,6,宏遠-桃園,2023-06-29,1262
4157,太景*-KY,6,0,6,宏遠-桃園,2023-06-29,1262
1519,華城,5,0,5,宏遠-桃園,2023-06-29,1262
00895,富邦未來車,5,0,5,宏遠-桃園,2023-06-29,1262
00712,復華富時不動產,6,1,5,宏遠-桃園,2023-06-29,1262
2382,廣達,7,2,5,宏遠-桃園,2023-06-29,1262
3037,欣興,5,0,5,宏遠-桃園,2023-06-29,1262
3374,精材,5,0,5,宏遠-桃園,2023-06-29,1262
3706,神達,5,0,5,宏遠-桃園,2023-06-29,1262
6741,91APP*-KY,21,16,5,宏遠-桃園,2023-06-29,1262
00878,國泰永續高股息,5,1,4,宏遠-桃園,2023-06-29,1262
2412,中華電,4,0,4,宏遠-桃園,2023-06-29,1262
8046,南電,5,1,4,宏遠-桃園,2023-06-29,1262
1905,華紙,5,1,4,宏遠-桃園,2023-06-29,1262
5299,杰力,4,0,4,宏遠-桃園,2023-06-29,1262
8112,至上,4,0,4,宏遠-桃園,2023-06-29,1262
9944,新麗,4,0,4,宏遠-桃園,2023-06-29,1262
3617,碩天,11,7,4,宏遠-桃園,2023-06-29,1262
00715L,期街口布蘭特正2,900,2,898,宏遠-桃園,2023-06-30,1262
2610,華航,128,13,115,宏遠-桃園,2023-06-30,1262
2504,國產,102,0,102,宏遠-桃園,2023-06-30,1262
2303,聯電,87,14,73,宏遠-桃園,2023-06-30,1262
4104,佳醫,70,0,70,宏遠-桃園,2023-06-30,1262
3481,群創,73,6,67,宏遠-桃園,2023-06-30,1262
1528,恩德,78,12,66,宏遠-桃園,2023-06-30,1262
2867,三商壽,50,0,50,宏遠-桃園,2023-06-30,1262
1605,華新,44,1,43,宏遠-桃園,2023-06-30,1262
2913,農林,52,10,42,宏遠-桃園,2023-06-30,1262
3260,威剛,25,0,25,宏遠-桃園,2023-06-30,1262
00882,中信中國高股息,22,0,22,宏遠-桃園,2023-06-30,1262
2312,金寶,20,1,19,宏遠-桃園,2023-06-30,1262
6451,訊芯-KY,26,7,19,宏遠-桃園,2023-06-30,1262
3624,光頡,17,0,17,宏遠-桃園,2023-06-30,1262
3025,星通,16,1,15,宏遠-桃園,2023-06-30,1262
3234,光環,15,0,15,宏遠-桃園,2023-06-30,1262
6285,啟��,28,14,14,宏遠-桃園,2023-06-30,1262
6741,91APP*-KY,28,15,13,宏遠-桃園,2023-06-30,1262
2344,華邦電,37,25,12,宏遠-桃園,2023-06-30,1262
6116,彩晶,11,0,11,宏遠-桃園,2023-06-30,1262
1210,大成,10,0,10,宏遠-桃園,2023-06-30,1262
00632R,元大台灣50反1,12,2,10,宏遠-桃園,2023-06-30,1262
2734,易飛網,10,0,10,宏遠-桃園,2023-06-30,1262
5392,能率,10,0,10,宏遠-桃園,2023-06-30,1262
00687B,國泰20年美債,9,0,9,宏遠-桃園,2023-06-30,1262
00679B,元大美債20年,9,0,9,宏遠-桃園,2023-06-30,1262
1786,科妍,10,1,9,宏遠-桃園,2023-06-30,1262
2206,三陽工業,17,8,9,宏遠-桃園,2023-06-30,1262
2520,冠德,11,2,9,宏遠-桃園,2023-06-30,1262
3583,辛耘,9,0,9,宏遠-桃園,2023-06-30,1262
6552,易華電,8,0,8,宏遠-桃園,2023-06-30,1262
2351,順德,8,1,7,宏遠-桃園,2023-06-30,1262
2353,宏��,6,0,6,宏遠-桃園,2023-06-30,1262
2356,英業達,13,7,6,宏遠-桃園,2023-06-30,1262
1516,川飛,5,0,5,宏遠-桃園,2023-06-30,1262
1710,東聯,5,0,5,宏遠-桃園,2023-06-30,1262
2331,精英,6,1,5,宏遠-桃園,2023-06-30,1262
2375,凱美,5,0,5,宏遠-桃園,2023-06-30,1262
2887,台新金,5,0,5,宏遠-桃園,2023-06-30,1262
3308,聯德,5,0,5,宏遠-桃園,2023-06-30,1262
3687,歐買尬,5,0,5,宏遠-桃園,2023-06-30,1262
4526,東台,5,0,5,宏遠-桃園,2023-06-30,1262
6180,橘子,5,0,5,宏遠-桃園,2023-06-30,1262
6547,高端疫苗,10,5,5,宏遠-桃園,2023-06-30,1262
9919,康那香,5,0,5,宏遠-桃園,2023-06-30,1262
6245,立端,5,1,4,宏遠-桃園,2023-06-30,1262
1589,永冠-KY,4,0,4,宏遠-桃園,2023-06-30,1262
2032,新鋼,4,0,4,宏遠-桃園,2023-06-30,1262
2362,藍天,4,0,4,宏遠-桃園,2023-06-30,1262
00632R,元大台灣50反1,307,5,302,宏遠-桃園,2023-07-03,1262
2603,長榮,205,18,187,宏遠-桃園,2023-07-03,1262
2317,鴻海,147,2,145,宏遠-桃園,2023-07-03,1262
2303,聯電,91,29,62,宏遠-桃園,2023-07-03,1262
2337,旺宏,54,2,52,宏遠-桃園,2023-07-03,1262
3704,合勤控,56,9,47,宏遠-桃園,2023-07-03,1262
3694,海華,36,0,36,宏遠-桃園,2023-07-03,1262
1810,和成,30,0,30,宏遠-桃園,2023-07-03,1262
3714,富采,30,0,30,宏遠-桃園,2023-07-03,1262
2323,中環,39,13,26,宏遠-桃園,2023-07-03,1262
6153,嘉聯益,26,0,26,宏遠-桃園,2023-07-03,1262
4207,環泰,24,0,24,宏遠-桃園,2023-07-03,1262
3481,群創,56,33,23,宏遠-桃園,2023-07-03,1262
8105,凌巨,21,1,20,宏遠-桃園,2023-07-03,1262
3044,健鼎,22,3,19,宏遠-桃園,2023-07-03,1262
3149,正達,17,0,17,宏遠-桃園,2023-07-03,1262
2610,華航,21,5,16,宏遠-桃園,2023-07-03,1262
2382,廣達,22,7,15,宏遠-桃園,2023-07-03,1262
6156,松上,15,0,15,宏遠-桃園,2023-07-03,1262
00673R,期元大S＆P原油反1,14,0,14,宏遠-桃園,2023-07-03,1262
2634,漢翔,13,0,13,宏遠-桃園,2023-07-03,1262
2331,精英,16,5,11,宏遠-桃園,2023-07-03,1262
2618,長榮航,20,9,11,宏遠-桃園,2023-07-03,1262
3265,台星科,13,2,11,宏遠-桃園,2023-07-03,1262
3402,漢科,11,0,11,宏遠-桃園,2023-07-03,1262
1611,中電,10,0,10,宏遠-桃園,2023-07-03,1262
2405,輔信,10,0,10,宏遠-桃園,2023-07-03,1262
2913,農林,10,0,10,宏遠-桃園,2023-07-03,1262
3013,晟銘電,10,0,10,宏遠-桃園,2023-07-03,1262
6190,萬泰科,10,0,10,宏遠-桃園,2023-07-03,1262
6206,飛捷,10,0,10,宏遠-桃園,2023-07-03,1262
6276,安鈦克,11,1,10,宏遠-桃園,2023-07-03,1262
1519,華城,9,0,9,宏遠-桃園,2023-07-03,1262
6203,海韻電,12,3,9,宏遠-桃園,2023-07-03,1262
6552,易華電,9,0,9,宏遠-桃園,2023-07-03,1262
1795,美時,26,18,8,宏遠-桃園,2023-07-03,1262
6112,邁達特,18,10,8,宏遠-桃園,2023-07-03,1262
2101,南港,7,0,7,宏遠-桃園,2023-07-03,1262
2338,光罩,17,10,7,宏遠-桃園,2023-07-03,1262
4763,材料-KY,7,0,7,宏遠-桃園,2023-07-03,1262
8086,宏捷科,8,1,7,宏遠-桃園,2023-07-03,1262
3038,全台,20,14,6,宏遠-桃園,2023-07-03,1262
3234,光環,6,0,6,宏遠-桃園,2023-07-03,1262
3617,碩天,10,5,5,宏遠-桃園,2023-07-03,1262
00927,群益半導體收益,5,0,5,宏遠-桃園,2023-07-03,1262
2206,三陽工業,13,8,5,宏遠-桃園,2023-07-03,1262
2457,飛宏,5,0,5,宏遠-桃園,2023-07-03,1262
2887,台新金,5,0,5,宏遠-桃園,2023-07-03,1262
4106,雃博,5,0,5,宏遠-桃園,2023-07-03,1262
4532,瑞智,11,6,5,宏遠-桃園,2023-07-03,1262
2610,華航,660,3,657,宏遠-桃園,2023-07-04,1262
00673R,期元大S＆P原油反1,200,14,186,宏遠-桃園,2023-07-04,1262
00632R,元大台灣50反1,204,24,180,宏遠-桃園,2023-07-04,1262
3045,台灣大,82,0,82,宏遠-桃園,2023-07-04,1262
3013,晟銘電,85,7,78,宏遠-桃園,2023-07-04,1262
2867,三商壽,75,0,75,宏遠-桃園,2023-07-04,1262
3163,波若威,67,2,65,宏遠-桃園,2023-07-04,1262
1718,中纖,50,0,50,宏遠-桃園,2023-07-04,1262
00919,群益台灣精選高息,50,9,41,宏遠-桃園,2023-07-04,1262
1810,和成,41,0,41,宏遠-桃園,2023-07-04,1262
6168,宏齊,42,1,41,宏遠-桃園,2023-07-04,1262
2888,新光金,33,0,33,宏遠-桃園,2023-07-04,1262
2607,榮運,31,0,31,宏遠-桃園,2023-07-04,1262
2107,厚生,29,0,29,宏遠-桃園,2023-07-04,1262
3583,辛耘,34,9,25,宏遠-桃園,2023-07-04,1262
1612,宏泰,25,0,25,宏遠-桃園,2023-07-04,1262
6187,萬潤,26,1,25,宏遠-桃園,2023-07-04,1262
2329,華泰,25,3,22,宏遠-桃園,2023-07-04,1262
2891,中信金,53,31,22,宏遠-桃園,2023-07-04,1262
2603,長榮,62,42,20,宏遠-桃園,2023-07-04,1262
00751B,元大AAA至A公司債,20,0,20,宏遠-桃園,2023-07-04,1262
3035,智原,31,11,20,宏遠-桃園,2023-07-04,1262
2317,鴻海,20,3,17,宏遠-桃園,2023-07-04,1262
1503,士電,16,0,16,宏遠-桃園,2023-07-04,1262
2413,環科,16,0,16,宏遠-桃園,2023-07-04,1262
6288,聯嘉,21,5,16,宏遠-桃園,2023-07-04,1262
1710,東聯,15,0,15,宏遠-桃園,2023-07-04,1262
2331,精英,23,8,15,宏遠-桃園,2023-07-04,1262
3202,樺晟,13,0,13,宏遠-桃園,2023-07-04,1262
1514,亞力,15,2,13,宏遠-桃園,2023-07-04,1262
2356,英業達,47,34,13,宏遠-桃園,2023-07-04,1262
2344,華邦電,13,1,12,宏遠-桃園,2023-07-04,1262
2419,仲琦,47,36,11,宏遠-桃園,2023-07-04,1262
3105,穩懋,12,1,11,宏遠-桃園,2023-07-04,1262
5243,乙盛-KY,11,0,11,宏遠-桃園,2023-07-04,1262
2457,飛宏,11,1,10,宏遠-桃園,2023-07-04,1262
2889,國票金,10,0,10,宏遠-桃園,2023-07-04,1262
3055,蔚華科,20,10,10,宏遠-桃園,2023-07-04,1262
3149,正達,10,0,10,宏遠-桃園,2023-07-04,1262
5315,光聯,10,0,10,宏遠-桃園,2023-07-04,1262
6112,邁達特,24,14,10,宏遠-桃園,2023-07-04,1262
6122,擎邦,20,10,10,宏遠-桃園,2023-07-04,1262
6282,康舒,67,57,10,宏遠-桃園,2023-07-04,1262
2101,南港,9,0,9,宏遠-桃園,2023-07-04,1262
2883,凱基金,9,0,9,宏遠-桃園,2023-07-04,1262
3234,光環,9,0,9,宏遠-桃園,2023-07-04,1262
4106,雃博,13,4,9,宏遠-桃園,2023-07-04,1262
5465,富驊,8,0,8,宏遠-桃園,2023-07-04,1262
6117,迎廣,8,0,8,宏遠-桃園,2023-07-04,1262
1303,南亞,7,0,7,宏遠-桃園,2023-07-04,1262
2913,農林,176,0,176,宏遠-桃園,2023-07-05,1262
6168,宏齊,109,40,69,宏遠-桃園,2023-07-05,1262
2379,瑞昱,47,0,47,宏遠-桃園,2023-07-05,1262
2301,光寶科,49,4,45,宏遠-桃園,2023-07-05,1262
2413,環科,35,0,35,宏遠-桃園,2023-07-05,1262
3356,奇偶,33,1,32,宏遠-桃園,2023-07-05,1262
00850,元大臺灣ESG永續,30,0,30,宏遠-桃園,2023-07-05,1262
3706,神達,35,5,30,宏遠-桃園,2023-07-05,1262
4566,時碩工業,32,3,29,宏遠-桃園,2023-07-05,1262
8086,宏捷科,25,1,24,宏遠-桃園,2023-07-05,1262
00637L,元大滬深300正2,25,2,23,宏遠-桃園,2023-07-05,1262
2880,華南金,22,0,22,宏遠-桃園,2023-07-05,1262
3231,緯創,40,18,22,宏遠-桃園,2023-07-05,1262
2607,榮運,20,0,20,宏遠-桃園,2023-07-05,1262
00673R,期元大S＆P原油反1,18,0,18,宏遠-桃園,2023-07-05,1262
1905,華紙,20,3,17,宏遠-桃園,2023-07-05,1262
1513,中興電,14,1,13,宏遠-桃園,2023-07-05,1262
3035,智原,43,31,12,宏遠-桃園,2023-07-05,1262
6122,擎邦,22,10,12,宏遠-桃園,2023-07-05,1262
00679B,元大美債20年,11,0,11,宏遠-桃園,2023-07-05,1262
2356,英業達,29,18,11,宏遠-桃園,2023-07-05,1262
3682,亞太電,11,0,11,宏遠-桃園,2023-07-05,1262
3211,順達,10,0,10,宏遠-桃園,2023-07-05,1262
3704,合勤控,11,1,10,宏遠-桃園,2023-07-05,1262
4106,雃博,11,1,10,宏遠-桃園,2023-07-05,1262
6443,元晶,10,1,9,宏遠-桃園,2023-07-05,1262
00929,復華台灣科技優息,8,0,8,宏遠-桃園,2023-07-05,1262
00650L,復華香港正2,8,0,8,宏遠-桃園,2023-07-05,1262
1809,中釉,8,0,8,宏遠-桃園,2023-07-05,1262
2609,陽明,40,32,8,宏遠-桃園,2023-07-05,1262
1503,士電,8,1,7,宏遠-桃園,2023-07-05,1262
3045,台灣大,7,0,7,宏遠-桃園,2023-07-05,1262
3357,臺慶科,10,3,7,宏遠-桃園,2023-07-05,1262
8112,至上,7,0,7,宏遠-桃園,2023-07-05,1262
9958,世紀鋼,12,5,7,宏遠-桃園,2023-07-05,1262
1517,利奇,6,0,6,宏遠-桃園,2023-07-05,1262
1786,科妍,6,0,6,宏遠-桃園,2023-07-05,1262
2618,長榮航,63,57,6,宏遠-桃園,2023-07-05,1262
3481,群創,15,9,6,宏遠-桃園,2023-07-05,1262
4102,永日,6,0,6,宏遠-桃園,2023-07-05,1262
6180,橘子,7,1,6,宏遠-桃園,2023-07-05,1262
2101,南港,5,0,5,宏遠-桃園,2023-07-05,1262
1342,八貫,5,0,5,宏遠-桃園,2023-07-05,1262
1612,宏泰,5,0,5,宏遠-桃園,2023-07-05,1262
2324,仁寶,6,1,5,宏遠-桃園,2023-07-05,1262
2329,華泰,6,1,5,宏遠-桃園,2023-07-05,1262
2338,光罩,16,11,5,宏遠-桃園,2023-07-05,1262
3202,樺晟,5,0,5,宏遠-桃園,2023-07-05,1262
4155,訊映,7,2,5,宏遠-桃園,2023-07-05,1262
4532,瑞智,5,0,5,宏遠-桃園,2023-07-05,1262
1101,台泥,88,14,74,宏遠-桃園,2023-07-06,1262
1326,台化,70,0,70,宏遠-桃園,2023-07-06,1262
2913,農林,62,0,62,宏遠-桃園,2023-07-06,1262
2359,所羅門,62,5,57,宏遠-桃園,2023-07-06,1262
6168,宏齊,53,0,53,宏遠-桃園,2023-07-06,1262
1313,聯成,50,0,50,宏遠-桃園,2023-07-06,1262
00673R,期元大S＆P原油反1,40,0,40,宏遠-桃園,2023-07-06,1262
00650L,復華香港正2,41,4,37,宏遠-桃園,2023-07-06,1262
6122,擎邦,32,0,32,宏遠-桃園,2023-07-06,1262
3163,波若威,31,0,31,宏遠-桃園,2023-07-06,1262
2618,長榮航,53,23,30,宏遠-桃園,2023-07-06,1262
0056,元大高股息,26,2,24,宏遠-桃園,2023-07-06,1262
2891,中信金,24,1,23,宏遠-桃園,2023-07-06,1262
2329,華泰,59,36,23,宏遠-桃園,2023-07-06,1262
2883,凱基金,22,1,21,宏遠-桃園,2023-07-06,1262
6282,康舒,36,15,21,宏遠-桃園,2023-07-06,1262
00688L,國泰20年美債正2,20,0,20,宏遠-桃園,2023-07-06,1262
5009,榮剛,20,0,20,宏遠-桃園,2023-07-06,1262
6163,華電網,20,0,20,宏遠-桃園,2023-07-06,1262
00680L,元大美債20正2,16,0,16,宏遠-桃園,2023-07-06,1262
6552,易華電,16,0,16,宏遠-桃園,2023-07-06,1262
6443,元晶,15,0,15,宏遠-桃園,2023-07-06,1262
2887,台新金,14,0,14,宏遠-桃園,2023-07-06,1262
6116,彩晶,18,4,14,宏遠-桃園,2023-07-06,1262
3583,辛耘,19,6,13,宏遠-桃園,2023-07-06,1262
00929,復華台灣科技優息,12,0,12,宏遠-桃園,2023-07-06,1262
6538,倉和,12,0,12,宏遠-桃園,2023-07-06,1262
9945,潤泰新,11,0,11,宏遠-桃園,2023-07-06,1262
8046,南電,10,0,10,宏遠-桃園,2023-07-06,1262
00679B,元大美債20年,10,0,10,宏遠-桃園,2023-07-06,1262
1312,國喬,10,0,10,宏遠-桃園,2023-07-06,1262
1503,士電,10,0,10,宏遠-桃園,2023-07-06,1262
1618,合機,10,0,10,宏遠-桃園,2023-07-06,1262
3211,順達,10,0,10,宏遠-桃園,2023-07-06,1262
6535,順藥,10,0,10,宏遠-桃園,2023-07-06,1262
3714,富采,10,0,10,宏遠-桃園,2023-07-06,1262
1471,首利,13,4,9,宏遠-桃園,2023-07-06,1262
1529,樂事綠能,9,0,9,宏遠-桃園,2023-07-06,1262
3521,鴻翊,9,0,9,宏遠-桃園,2023-07-06,1262
4133,亞諾法,9,0,9,宏遠-桃園,2023-07-06,1262
4142,國光生,9,0,9,宏遠-桃園,2023-07-06,1262
2323,中環,27,18,9,宏遠-桃園,2023-07-06,1262
00882,中信中國高股息,8,0,8,宏遠-桃園,2023-07-06,1262
8086,宏捷科,10,2,8,宏遠-桃園,2023-07-06,1262
6515,穎崴,10,2,8,宏遠-桃園,2023-07-06,1262
00713,元大台灣高息低波,9,2,7,宏遠-桃園,2023-07-06,1262
00674R,期元大S＆P黃金反1,7,0,7,宏遠-桃園,2023-07-06,1262
2409,友達,10,3,7,宏遠-桃園,2023-07-06,1262
3083,網龍,8,1,7,宏遠-桃園,2023-07-06,1262
4967,十銓,7,0,7,宏遠-桃園,2023-07-06,1262
00632R,元大台灣50反1,173,0,173,宏遠-桃園,2023-07-07,1262
2913,農林,125,0,125,宏遠-桃園,2023-07-07,1262
2344,華邦電,65,0,65,宏遠-桃園,2023-07-07,1262
3481,群創,60,8,52,宏遠-桃園,2023-07-07,1262
4532,瑞智,43,3,40,宏遠-桃園,2023-07-07,1262
00680L,元大美債20正2,33,0,33,宏遠-桃園,2023-07-07,1262
00637L,元大滬深300正2,32,0,32,宏遠-桃園,2023-07-07,1262
0056,元大高股息,33,6,27,宏遠-桃園,2023-07-07,1262
00772B,中信高評級公司債,27,0,27,宏遠-桃園,2023-07-07,1262
00919,群益台灣精選高息,25,0,25,宏遠-桃園,2023-07-07,1262
2615,萬海,26,2,24,宏遠-桃園,2023-07-07,1262
2303,聯電,31,10,21,宏遠-桃園,2023-07-07,1262
2880,華南金,21,0,21,宏遠-桃園,2023-07-07,1262
00730,富邦臺灣優質高息,20,0,20,宏遠-桃園,2023-07-07,1262
1101,台泥,33,14,19,宏遠-桃園,2023-07-07,1262
00679B,元大美債20年,17,1,16,宏遠-桃園,2023-07-07,1262
3046,建��,41,25,16,宏遠-桃園,2023-07-07,1262
00687B,國泰20年美債,15,0,15,宏遠-桃園,2023-07-07,1262
2340,台亞,14,0,14,宏遠-桃園,2023-07-07,1262
1104,環泥,13,0,13,宏遠-桃園,2023-07-07,1262
3163,波若威,15,2,13,宏遠-桃園,2023-07-07,1262
2528,皇普,12,0,12,宏遠-桃園,2023-07-07,1262
6156,松上,12,1,11,宏遠-桃園,2023-07-07,1262
8050,廣積,15,4,11,宏遠-桃園,2023-07-07,1262
2323,中環,13,3,10,宏遠-桃園,2023-07-07,1262
00878,國泰永續高股息,30,20,10,宏遠-桃園,2023-07-07,1262
1216,統一,10,0,10,宏遠-桃園,2023-07-07,1262
1312,國喬,10,0,10,宏遠-桃園,2023-07-07,1262
2009,第一銅,10,0,10,宏遠-桃園,2023-07-07,1262
2883,凱基金,10,0,10,宏遠-桃園,2023-07-07,1262
2889,國票金,10,0,10,宏遠-桃園,2023-07-07,1262
3078,僑威,11,1,10,宏遠-桃園,2023-07-07,1262
5315,光聯,10,0,10,宏遠-桃園,2023-07-07,1262
2371,大同,16,7,9,宏遠-桃園,2023-07-07,1262
3202,樺晟,9,0,9,宏遠-桃園,2023-07-07,1262
3363,上詮,11,2,9,宏遠-桃園,2023-07-07,1262
3583,辛耘,9,0,9,宏遠-桃園,2023-07-07,1262
4763,材料-KY,18,9,9,宏遠-桃園,2023-07-07,1262
5388,中磊,10,1,9,宏遠-桃園,2023-07-07,1262
6116,彩晶,11,2,9,宏遠-桃園,2023-07-07,1262
6414,樺漢,22,13,9,宏遠-桃園,2023-07-07,1262
3704,合勤控,9,1,8,宏遠-桃園,2023-07-07,1262
8215,明基材,9,1,8,宏遠-桃園,2023-07-07,1262
1710,東聯,7,0,7,宏遠-桃園,2023-07-07,1262
3701,大眾控,7,0,7,宏遠-桃園,2023-07-07,1262
6239,力成,13,6,7,宏遠-桃園,2023-07-07,1262
6285,啟��,8,1,7,宏遠-桃園,2023-07-07,1262
3033,威健,11,5,6,宏遠-桃園,2023-07-07,1262
00673R,期元大S＆P原油反1,6,0,6,宏遠-桃園,2023-07-07,1262
00650L,復華香港正2,16,10,6,宏遠-桃園,2023-07-07,1262
1337,再生-KY,341,1,340,宏遠-桃園,2023-07-10,1262
00637L,元大滬深300正2,97,8,89,宏遠-桃園,2023-07-10,1262
2880,華南金,74,1,73,宏遠-桃園,2023-07-10,1262
4532,瑞智,148,78,70,宏遠-桃園,2023-07-10,1262
2324,仁寶,54,2,52,宏遠-桃園,2023-07-10,1262
2891,中信金,51,1,50,宏遠-桃園,2023-07-10,1262
1104,環泥,44,0,44,宏遠-桃園,2023-07-10,1262
2303,聯電,48,9,39,宏遠-桃園,2023-07-10,1262
00673R,期元大S＆P原油反1,41,6,35,宏遠-桃園,2023-07-10,1262
2609,陽明,36,1,35,宏遠-桃園,2023-07-10,1262
00772B,中信高評級公司債,27,0,27,宏遠-桃園,2023-07-10,1262
8050,廣積,28,2,26,宏遠-桃園,2023-07-10,1262
2379,瑞昱,20,0,20,宏遠-桃園,2023-07-10,1262
2449,京元電子,15,0,15,宏遠-桃園,2023-07-10,1262
6245,立端,16,1,15,宏遠-桃園,2023-07-10,1262
00679B,元大美債20年,13,1,12,宏遠-桃園,2023-07-10,1262
3025,星通,21,9,12,宏遠-桃園,2023-07-10,1262
00632R,元大台灣50反1,40,29,11,宏遠-桃園,2023-07-10,1262
6111,大宇資,11,0,11,宏遠-桃園,2023-07-10,1262
6552,易華電,11,0,11,宏遠-桃園,2023-07-10,1262
3013,晟銘電,10,0,10,宏遠-桃園,2023-07-10,1262
3447,展達,10,0,10,宏遠-桃園,2023-07-10,1262
5014,建錩,11,1,10,宏遠-桃園,2023-07-10,1262
8085,福華,10,0,10,宏遠-桃園,2023-07-10,1262
3324,雙鴻,8,0,8,宏遠-桃園,2023-07-10,1262
00687B,國泰20年美債,8,0,8,宏遠-桃園,2023-07-10,1262
2356,英業達,13,5,8,宏遠-桃園,2023-07-10,1262
3078,僑威,15,7,8,宏遠-桃園,2023-07-10,1262
2454,聯發科,7,0,7,宏遠-桃園,2023-07-10,1262
1101,台泥,7,0,7,宏遠-桃園,2023-07-10,1262
00929,復華台灣科技優息,7,0,7,宏遠-桃園,2023-07-10,1262
3583,辛耘,8,1,7,宏遠-桃園,2023-07-10,1262
2884,玉山金,7,0,7,宏遠-桃園,2023-07-10,1262
3707,漢磊,8,1,7,宏遠-桃園,2023-07-10,1262
00680L,元大美債20正2,6,0,6,宏遠-桃園,2023-07-10,1262
0056,元大高股息,8,2,6,宏遠-桃園,2023-07-10,1262
2301,光寶科,12,6,6,宏遠-桃園,2023-07-10,1262
6470,宇智,6,0,6,宏遠-桃園,2023-07-10,1262
8093,保銳,6,0,6,宏遠-桃園,2023-07-10,1262
2603,長榮,6,0,6,宏遠-桃園,2023-07-10,1262
1409,新纖,5,0,5,宏遠-桃園,2023-07-10,1262
2337,旺宏,5,0,5,宏遠-桃園,2023-07-10,1262
2371,大同,26,21,5,宏遠-桃園,2023-07-10,1262
2457,飛宏,6,1,5,宏遠-桃園,2023-07-10,1262
2461,光群雷,5,0,5,宏遠-桃園,2023-07-10,1262
3071,協禧,5,0,5,宏遠-桃園,2023-07-10,1262
3406,玉晶光,14,9,5,宏遠-桃園,2023-07-10,1262
3706,神達,6,1,5,宏遠-桃園,2023-07-10,1262
6015,宏遠證,5,0,5,宏遠-桃園,2023-07-10,1262
6182,合晶,9,4,5,宏遠-桃園,2023-07-10,1262
00632R,元大台灣50反1,326,5,321,宏遠-桃園,2023-07-11,1262
1337,再生-KY,110,0,110,宏遠-桃園,2023-07-11,1262
2340,台亞,88,10,78,宏遠-桃園,2023-07-11,1262
5243,乙盛-KY,60,0,60,宏遠-桃園,2023-07-11,1262
1101,台泥,49,0,49,宏遠-桃園,2023-07-11,1262
1529,樂事綠能,41,6,35,宏遠-桃園,2023-07-11,1262
2457,飛宏,30,1,29,宏遠-桃園,2023-07-11,1262
1605,華新,31,4,27,宏遠-桃園,2023-07-11,1262
3576,聯合再生,30,4,26,宏遠-桃園,2023-07-11,1262
2481,強茂,63,37,26,宏遠-桃園,2023-07-11,1262
6266,泰詠,24,3,21,宏遠-桃園,2023-07-11,1262
2618,長榮航,25,5,20,宏遠-桃園,2023-07-11,1262
3013,晟銘電,28,8,20,宏遠-桃園,2023-07-11,1262
8163,達方,20,0,20,宏遠-桃園,2023-07-11,1262
2609,陽明,18,2,16,宏遠-桃園,2023-07-11,1262
6120,達運,16,0,16,宏遠-桃園,2023-07-11,1262
3141,晶宏,15,0,15,宏遠-桃園,2023-07-11,1262
5312,寶島科,14,0,14,宏遠-桃園,2023-07-11,1262
6552,易華電,12,0,12,宏遠-桃園,2023-07-11,1262
2454,聯發科,10,0,10,宏遠-桃園,2023-07-11,1262
1409,新纖,10,0,10,宏遠-桃園,2023-07-11,1262
1711,永光,10,0,10,宏遠-桃園,2023-07-11,1262
2204,中華,20,10,10,宏遠-桃園,2023-07-11,1262
2601,益航,10,0,10,宏遠-桃園,2023-07-11,1262
3014,聯陽,11,1,10,宏遠-桃園,2023-07-11,1262
4720,德淵,10,0,10,宏遠-桃園,2023-07-11,1262
6146,耕興,10,0,10,宏遠-桃園,2023-07-11,1262
2603,長榮,16,7,9,宏遠-桃園,2023-07-11,1262
2312,金寶,13,4,9,宏遠-桃園,2023-07-11,1262
2610,華航,20,11,9,宏遠-桃園,2023-07-11,1262
6488,環球晶,9,0,9,宏遠-桃園,2023-07-11,1262
1104,環泥,9,0,9,宏遠-桃園,2023-07-11,1262
3037,欣興,10,1,9,宏遠-桃園,2023-07-11,1262
3034,聯詠,8,0,8,宏遠-桃園,2023-07-11,1262
2645,長榮航太,9,1,8,宏遠-桃園,2023-07-11,1262
6515,穎崴,8,0,8,宏遠-桃園,2023-07-11,1262
8048,德勝,10,2,8,宏遠-桃園,2023-07-11,1262
00679B,元大美債20年,6,0,6,宏遠-桃園,2023-07-11,1262
1905,華紙,7,1,6,宏遠-桃園,2023-07-11,1262
2424,隴華,6,0,6,宏遠-桃園,2023-07-11,1262
4526,東台,6,0,6,宏遠-桃園,2023-07-11,1262
5299,杰力,6,0,6,宏遠-桃園,2023-07-11,1262
6112,邁達特,8,2,6,宏遠-桃園,2023-07-11,1262
1460,宏遠,5,0,5,宏遠-桃園,2023-07-11,1262
1762,中化生,5,0,5,宏遠-桃園,2023-07-11,1262
2328,廣宇,5,0,5,宏遠-桃園,2023-07-11,1262
2332,友訊,5,0,5,宏遠-桃園,2023-07-11,1262
2887,台新金,5,0,5,宏遠-桃園,2023-07-11,1262
2906,高林,5,0,5,宏遠-桃園,2023-07-11,1262
3062,建漢,5,0,5,宏遠-桃園,2023-07-11,1262
00632R,元大台灣50反1,271,26,245,宏遠-桃園,2023-07-12,1262
2303,聯電,125,17,108,宏遠-桃園,2023-07-12,1262
4533,協易機,85,0,85,宏遠-桃園,2023-07-12,1262
00929,復華台灣科技優息,62,0,62,宏遠-桃園,2023-07-12,1262
2359,所羅門,56,6,50,宏遠-桃園,2023-07-12,1262
6148,驊宏資,50,0,50,宏遠-桃園,2023-07-12,1262
2312,金寶,53,5,48,宏遠-桃園,2023-07-12,1262
3346,麗清,49,3,46,宏遠-桃園,2023-07-12,1262
5457,宣德,40,1,39,宏遠-桃園,2023-07-12,1262
2618,長榮航,48,13,35,宏遠-桃園,2023-07-12,1262
2388,威盛,31,1,30,宏遠-桃園,2023-07-12,1262
6285,啟��,28,4,24,宏遠-桃園,2023-07-12,1262
2489,瑞軒,24,1,23,宏遠-桃園,2023-07-12,1262
2929,淘帝-KY,20,0,20,宏遠-桃園,2023-07-12,1262
6548,長科*,19,1,18,宏遠-桃園,2023-07-12,1262
6525,捷敏-KY,17,0,17,宏遠-桃園,2023-07-12,1262
6515,穎崴,16,0,16,宏遠-桃園,2023-07-12,1262
5243,乙盛-KY,20,5,15,宏遠-桃園,2023-07-12,1262
3062,建漢,14,0,14,宏遠-桃園,2023-07-12,1262
6282,康舒,25,11,14,宏遠-桃園,2023-07-12,1262
00673R,期元大S＆P原油反1,13,0,13,宏遠-桃園,2023-07-12,1262
1513,中興電,23,11,12,宏遠-桃園,2023-07-12,1262
00638R,元大滬深300反1,12,0,12,宏遠-桃園,2023-07-12,1262
2323,中環,40,28,12,宏遠-桃園,2023-07-12,1262
2633,台灣高鐵,11,0,11,宏遠-桃園,2023-07-12,1262
4155,訊映,11,0,11,宏遠-桃園,2023-07-12,1262
2603,長榮,12,2,10,宏遠-桃園,2023-07-12,1262
2382,廣達,33,23,10,宏遠-桃園,2023-07-12,1262
6443,元晶,10,0,10,宏遠-桃園,2023-07-12,1262
1316,上曜,10,0,10,宏遠-桃園,2023-07-12,1262
1737,臺鹽,10,0,10,宏遠-桃園,2023-07-12,1262
5009,榮剛,14,4,10,宏遠-桃園,2023-07-12,1262
2609,陽明,25,16,9,宏遠-桃園,2023-07-12,1262
5392,能率,9,0,9,宏遠-桃園,2023-07-12,1262
6552,易華電,9,0,9,宏遠-桃園,2023-07-12,1262
1514,亞力,11,3,8,宏遠-桃園,2023-07-12,1262
00772B,中信高評級公司債,8,0,8,宏遠-桃園,2023-07-12,1262
5258,虹堡,11,3,8,宏遠-桃園,2023-07-12,1262
1905,華紙,9,2,7,宏遠-桃園,2023-07-12,1262
2421,建準,10,3,7,宏遠-桃園,2023-07-12,1262
3013,晟銘電,10,3,7,宏遠-桃園,2023-07-12,1262
3035,智原,14,7,7,宏遠-桃園,2023-07-12,1262
3037,欣興,9,2,7,宏遠-桃園,2023-07-12,1262
3305,昇貿,13,6,7,宏遠-桃園,2023-07-12,1262
4532,瑞智,24,17,7,宏遠-桃園,2023-07-12,1262
4563,百德,7,0,7,宏遠-桃園,2023-07-12,1262
4583,台灣精銳,7,0,7,宏遠-桃園,2023-07-12,1262
00905,FT臺灣Smart,6,0,6,宏遠-桃園,2023-07-12,1262
2204,中華,20,14,6,宏遠-桃園,2023-07-12,1262
2399,映泰,10,4,6,宏遠-桃園,2023-07-12,1262
00632R,元大台灣50反1,347,168,179,宏遠-桃園,2023-07-13,1262
2891,中信金,127,0,127,宏遠-桃園,2023-07-13,1262
2618,長榮航,81,1,80,宏遠-桃園,2023-07-13,1262
6148,驊宏資,120,40,80,宏遠-桃園,2023-07-13,1262
3346,麗清,79,2,77,宏遠-桃園,2023-07-13,1262
1810,和成,100,50,50,宏遠-桃園,2023-07-13,1262
3217,優群,48,0,48,宏遠-桃園,2023-07-13,1262
1529,樂事綠能,62,20,42,宏遠-桃園,2023-07-13,1262
5243,乙盛-KY,40,0,40,宏遠-桃園,2023-07-13,1262
2317,鴻海,38,0,38,宏遠-桃園,2023-07-13,1262
2610,華航,43,10,33,宏遠-桃園,2023-07-13,1262
1802,台玻,30,0,30,宏遠-桃園,2023-07-13,1262
6122,擎邦,28,0,28,宏遠-桃園,2023-07-13,1262
00680L,元大美債20正2,27,0,27,宏遠-桃園,2023-07-13,1262
6443,元晶,26,1,25,宏遠-桃園,2023-07-13,1262
6120,達運,26,3,23,宏遠-桃園,2023-07-13,1262
2603,長榮,25,4,21,宏遠-桃園,2023-07-13,1262
3583,辛耘,23,2,21,宏遠-桃園,2023-07-13,1262
6552,易華電,21,0,21,宏遠-桃園,2023-07-13,1262
00892,富邦台灣半導體,20,0,20,宏遠-桃園,2023-07-13,1262
2454,聯發科,20,0,20,宏遠-桃園,2023-07-13,1262
3105,穩懋,21,1,20,宏遠-桃園,2023-07-13,1262
5014,建錩,20,0,20,宏遠-桃園,2023-07-13,1262
2453,凌群,17,0,17,宏遠-桃園,2023-07-13,1262
2489,瑞軒,22,5,17,宏遠-桃園,2023-07-13,1262
3035,智原,23,7,16,宏遠-桃園,2023-07-13,1262
2101,南港,15,0,15,宏遠-桃園,2023-07-13,1262
2449,京元電子,19,4,15,宏遠-桃園,2023-07-13,1262
6470,宇智,16,1,15,宏遠-桃園,2023-07-13,1262
2324,仁寶,20,6,14,宏遠-桃園,2023-07-13,1262
00712,復華富時不動產,13,0,13,宏遠-桃園,2023-07-13,1262
3231,緯創,32,19,13,宏遠-桃園,2023-07-13,1262
8050,廣積,27,15,12,宏遠-桃園,2023-07-13,1262
1210,大成,10,0,10,宏遠-桃園,2023-07-13,1262
00896,中信綠能及電動車,11,1,10,宏遠-桃園,2023-07-13,1262
00636,國泰中國A50,10,0,10,宏遠-桃園,2023-07-13,1262
2886,兆豐金,10,0,10,宏遠-桃園,2023-07-13,1262
4130,健亞,10,0,10,宏遠-桃園,2023-07-13,1262
4720,德淵,10,0,10,宏遠-桃園,2023-07-13,1262
6016,康和證,10,0,10,宏遠-桃園,2023-07-13,1262
2347,聯強,10,0,10,宏遠-桃園,2023-07-13,1262
1514,亞力,31,22,9,宏遠-桃園,2023-07-13,1262
2303,聯電,42,34,8,宏遠-桃園,2023-07-13,1262
00930,永豐ESG低碳高息,8,0,8,宏遠-桃園,2023-07-13,1262
2329,華泰,34,26,8,宏遠-桃園,2023-07-13,1262
2401,凌陽,8,0,8,宏遠-桃園,2023-07-13,1262
6285,啟��,16,8,8,宏遠-桃園,2023-07-13,1262
6548,長科*,9,1,8,宏遠-桃園,2023-07-13,1262
3234,光環,8,0,8,宏遠-桃園,2023-07-13,1262
00687B,國泰20年美債,7,0,7,宏遠-桃園,2023-07-13,1262
00632R,元大台灣50反1,312,110,202,宏遠-桃園,2023-07-14,1262
2618,長榮航,250,50,200,宏遠-桃園,2023-07-14,1262
00683L,期元大美元指正2,102,0,102,宏遠-桃園,2023-07-14,1262
5285,界霖,100,0,100,宏遠-桃園,2023-07-14,1262
6148,驊宏資,70,0,70,宏遠-桃園,2023-07-14,1262
3706,神達,73,14,59,宏遠-桃園,2023-07-14,1262
00930,永豐ESG低碳高息,56,0,56,宏遠-桃園,2023-07-14,1262
1314,中石化,50,0,50,宏遠-桃園,2023-07-14,1262
1305,華夏,50,0,50,宏遠-桃園,2023-07-14,1262
2610,華航,64,16,48,宏遠-桃園,2023-07-14,1262
6190,萬泰科,40,0,40,宏遠-桃園,2023-07-14,1262
6127,九豪,39,0,39,宏遠-桃園,2023-07-14,1262
3231,緯創,64,27,37,宏遠-桃園,2023-07-14,1262
5356,協益,37,0,37,宏遠-桃園,2023-07-14,1262
2340,台亞,51,16,35,宏遠-桃園,2023-07-14,1262
3013,晟銘電,34,1,33,宏遠-桃園,2023-07-14,1262
2630,亞航,32,1,31,宏遠-桃園,2023-07-14,1262
1504,東元,44,15,29,宏遠-桃園,2023-07-14,1262
2449,京元電子,26,1,25,宏遠-桃園,2023-07-14,1262
2603,長榮,27,5,22,宏遠-桃園,2023-07-14,1262
0056,元大高股息,102,80,22,宏遠-桃園,2023-07-14,1262
1584,精剛,20,0,20,宏遠-桃園,2023-07-14,1262
2356,英業達,68,48,20,宏遠-桃園,2023-07-14,1262
5426,振發,21,2,19,宏遠-桃園,2023-07-14,1262
4532,瑞智,21,3,18,宏遠-桃園,2023-07-14,1262
00900,富邦特選高股息30,15,0,15,宏遠-桃園,2023-07-14,1262
5483,中美晶,18,3,15,宏遠-桃園,2023-07-14,1262
6150,撼訊,22,8,14,宏遠-桃園,2023-07-14,1262
4919,新唐,13,1,12,宏遠-桃園,2023-07-14,1262
2633,台灣高鐵,11,0,11,宏遠-桃園,2023-07-14,1262
4744,皇將,11,0,11,宏遠-桃園,2023-07-14,1262
8227,巨有科技,12,1,11,宏遠-桃園,2023-07-14,1262
00752,中信中國50,10,0,10,宏遠-桃園,2023-07-14,1262
00633L,富邦上証正2,10,0,10,宏遠-桃園,2023-07-14,1262
1444,力麗,10,0,10,宏遠-桃園,2023-07-14,1262
1522,堤維西,10,0,10,宏遠-桃園,2023-07-14,1262
1721,三晃,10,0,10,宏遠-桃園,2023-07-14,1262
2402,毅嘉,14,4,10,宏遠-桃園,2023-07-14,1262
2419,仲琦,37,27,10,宏遠-桃園,2023-07-14,1262
2489,瑞軒,10,0,10,宏遠-桃園,2023-07-14,1262
3346,麗清,10,0,10,宏遠-桃園,2023-07-14,1262
3521,鴻翊,9,0,9,宏遠-桃園,2023-07-14,1262
00680L,元大美債20正2,21,13,8,宏遠-桃園,2023-07-14,1262
2392,正崴,8,0,8,宏遠-桃園,2023-07-14,1262
2883,凱基金,11,3,8,宏遠-桃園,2023-07-14,1262
1795,美時,15,8,7,宏遠-桃園,2023-07-14,1262
00679B,元大美債20年,10,3,7,宏遠-桃園,2023-07-14,1262
1605,華新,7,0,7,宏遠-桃園,2023-07-14,1262
2301,光寶科,50,43,7,宏遠-桃園,2023-07-14,1262
2327,國巨,7,0,7,宏遠-桃園,2023-07-14,1262
1815,富喬,302,0,302,宏遠-桃園,2023-07-17,1262
00673R,期元大S＆P原油反1,150,1,149,宏遠-桃園,2023-07-17,1262
00753L,中信中國50正2,104,0,104,宏遠-桃園,2023-07-17,1262
00715L,期街口布蘭特正2,82,6,76,宏遠-桃園,2023-07-17,1262
6288,聯嘉,80,7,73,宏遠-桃園,2023-07-17,1262
00929,復華台灣科技優息,55,0,55,宏遠-桃園,2023-07-17,1262
6187,萬潤,48,8,40,宏遠-桃園,2023-07-17,1262
3231,緯創,37,2,35,宏遠-桃園,2023-07-17,1262
2324,仁寶,45,11,34,宏遠-桃園,2023-07-17,1262
6148,驊宏資,30,0,30,宏遠-桃園,2023-07-17,1262
6185,幃翔,25,0,25,宏遠-桃園,2023-07-17,1262
00637L,元大滬深300正2,22,0,22,宏遠-桃園,2023-07-17,1262
3380,明泰,39,17,22,宏遠-桃園,2023-07-17,1262
00858,永豐美國500大,21,0,21,宏遠-桃園,2023-07-17,1262
00650L,復華香港正2,21,0,21,宏遠-桃園,2023-07-17,1262
1795,美時,28,8,20,宏遠-桃園,2023-07-17,1262
2413,環科,19,1,18,宏遠-桃園,2023-07-17,1262
3013,晟銘電,22,4,18,宏遠-桃園,2023-07-17,1262
6179,亞通,34,17,17,宏遠-桃園,2023-07-17,1262
2614,東森,15,0,15,宏遠-桃園,2023-07-17,1262
1101,台泥,19,5,14,宏遠-桃園,2023-07-17,1262
1210,大成,33,19,14,宏遠-桃園,2023-07-17,1262
3005,神基,15,3,12,宏遠-桃園,2023-07-17,1262
3217,優群,12,0,12,宏遠-桃園,2023-07-17,1262
3481,群創,37,25,12,宏遠-桃園,2023-07-17,1262
3518,柏騰,12,1,11,宏遠-桃園,2023-07-17,1262
1444,力麗,10,0,10,宏遠-桃園,2023-07-17,1262
00638R,元大滬深300反1,10,0,10,宏遠-桃園,2023-07-17,1262
00696B,富邦美債20年,10,0,10,宏遠-桃園,2023-07-17,1262
1584,精剛,10,0,10,宏遠-桃園,2023-07-17,1262
1612,宏泰,10,0,10,宏遠-桃園,2023-07-17,1262
2428,興勤,10,0,10,宏遠-桃園,2023-07-17,1262
2455,全新,10,0,10,宏遠-桃園,2023-07-17,1262
2812,台中銀,10,0,10,宏遠-桃園,2023-07-17,1262
4532,瑞智,56,46,10,宏遠-桃園,2023-07-17,1262
5426,振發,11,1,10,宏遠-桃園,2023-07-17,1262
5484,慧友,10,0,10,宏遠-桃園,2023-07-17,1262
5515,建國,10,0,10,宏遠-桃園,2023-07-17,1262
00687B,國泰20年美債,9,0,9,宏遠-桃園,2023-07-17,1262
2388,威盛,25,16,9,宏遠-桃園,2023-07-17,1262
4129,聯合,10,1,9,宏遠-桃園,2023-07-17,1262
6203,海韻電,15,6,9,宏遠-桃園,2023-07-17,1262
2883,凱基金,11,2,9,宏遠-桃園,2023-07-17,1262
2312,金寶,38,30,8,宏遠-桃園,2023-07-17,1262
3362,先進光,14,7,7,宏遠-桃園,2023-07-17,1262
2371,大同,15,8,7,宏遠-桃園,2023-07-17,1262
00892,富邦台灣半導體,7,0,7,宏遠-桃園,2023-07-17,1262
2497,怡利電,7,0,7,宏遠-桃園,2023-07-17,1262
6548,長科*,7,0,7,宏遠-桃園,2023-07-17,1262
2603,長榮,11,4,7,宏遠-桃園,2023-07-17,1262
8150,南茂,150,0,150,宏遠-桃園,2023-07-18,1262
3706,神達,411,275,136,宏遠-桃園,2023-07-18,1262
3078,僑威,109,8,101,宏遠-桃園,2023-07-18,1262
2461,光群雷,85,0,85,宏遠-桃園,2023-07-18,1262
2419,仲琦,89,6,83,宏遠-桃園,2023-07-18,1262
4938,和碩,75,17,58,宏遠-桃園,2023-07-18,1262
3025,星通,61,5,56,宏遠-桃園,2023-07-18,1262
2884,玉山金,50,0,50,宏遠-桃園,2023-07-18,1262
6488,環球晶,50,0,50,宏遠-桃園,2023-07-18,1262
3356,奇偶,51,2,49,宏遠-桃園,2023-07-18,1262
2883,凱基金,50,2,48,宏遠-桃園,2023-07-18,1262
6282,康舒,90,46,44,宏遠-桃園,2023-07-18,1262
2312,金寶,82,39,43,宏遠-桃園,2023-07-18,1262
00882,中信中國高股息,42,1,41,宏遠-桃園,2023-07-18,1262
00772B,中信高評級公司債,41,0,41,宏遠-桃園,2023-07-18,1262
2449,京元電子,41,7,34,宏遠-桃園,2023-07-18,1262
6148,驊宏資,33,0,33,宏遠-桃園,2023-07-18,1262
6156,松上,30,1,29,宏遠-桃園,2023-07-18,1262
3481,群創,42,14,28,宏遠-桃園,2023-07-18,1262
1514,亞力,43,18,25,宏遠-桃園,2023-07-18,1262
2356,英業達,50,26,24,宏遠-桃園,2023-07-18,1262
2498,宏達電,22,2,20,宏遠-桃園,2023-07-18,1262
3149,正達,20,0,20,宏遠-桃園,2023-07-18,1262
1605,華新,19,2,17,宏遠-桃園,2023-07-18,1262
1612,宏泰,25,10,15,宏遠-桃園,2023-07-18,1262
2353,宏��,29,14,15,宏遠-桃園,2023-07-18,1262
3211,順達,15,0,15,宏遠-桃園,2023-07-18,1262
5285,界霖,14,0,14,宏遠-桃園,2023-07-18,1262
1560,中砂,15,1,14,宏遠-桃園,2023-07-18,1262
2425,承啟,14,0,14,宏遠-桃園,2023-07-18,1262
2609,陽明,17,3,14,宏遠-桃園,2023-07-18,1262
5312,寶島科,14,0,14,宏遠-桃園,2023-07-18,1262
3535,晶彩科,13,0,13,宏遠-桃園,2023-07-18,1262
2352,佳世達,14,2,12,宏遠-桃園,2023-07-18,1262
2371,大同,22,10,12,宏遠-桃園,2023-07-18,1262
3483,力致,18,6,12,宏遠-桃園,2023-07-18,1262
0050,元大台灣50,12,0,12,宏遠-桃園,2023-07-18,1262
1795,美時,21,10,11,宏遠-桃園,2023-07-18,1262
1101,台泥,11,0,11,宏遠-桃園,2023-07-18,1262
3062,建漢,11,0,11,宏遠-桃園,2023-07-18,1262
3710,連展投控,11,0,11,宏遠-桃園,2023-07-18,1262
5243,乙盛-KY,11,0,11,宏遠-桃園,2023-07-18,1262
8059,凱碩,21,10,11,宏遠-桃園,2023-07-18,1262
0056,元大高股息,26,15,11,宏遠-桃園,2023-07-18,1262
1609,大亞,26,16,10,宏遠-桃園,2023-07-18,1262
5469,瀚宇博,10,0,10,宏遠-桃園,2023-07-18,1262
1584,精剛,21,11,10,宏遠-桃園,2023-07-18,1262
2388,威盛,14,4,10,宏遠-桃園,2023-07-18,1262
2442,新美齊,10,0,10,宏遠-桃園,2023-07-18,1262
2607,榮運,10,0,10,宏遠-桃園,2023-07-18,1262
1815,富喬,100,0,100,宏遠-桃園,2023-07-19,1262
00878,國泰永續高股息,124,30,94,宏遠-桃園,2023-07-19,1262
1802,台玻,90,0,90,宏遠-桃園,2023-07-19,1262
3481,群創,57,8,49,宏遠-桃園,2023-07-19,1262
6120,達運,52,3,49,宏遠-桃園,2023-07-19,1262
2913,農林,41,0,41,宏遠-桃園,2023-07-19,1262
4123,晟德,42,6,36,宏遠-桃園,2023-07-19,1262
1514,亞力,37,2,35,宏遠-桃園,2023-07-19,1262
3078,僑威,60,26,34,宏遠-桃園,2023-07-19,1262
2206,三陽工業,43,10,33,宏遠-桃園,2023-07-19,1262
00632R,元大台灣50反1,50,19,31,宏遠-桃園,2023-07-19,1262
00882,中信中國高股息,29,0,29,宏遠-桃園,2023-07-19,1262
2303,聯電,43,15,28,宏遠-桃園,2023-07-19,1262
2317,鴻海,30,4,26,宏遠-桃園,2023-07-19,1262
5243,乙盛-KY,20,0,20,宏遠-桃園,2023-07-19,1262
6579,研揚,20,0,20,宏遠-桃園,2023-07-19,1262
8086,宏捷科,19,0,19,宏遠-桃園,2023-07-19,1262
2324,仁寶,35,19,16,宏遠-桃園,2023-07-19,1262
2312,金寶,40,25,15,宏遠-桃園,2023-07-19,1262
4906,正文,15,0,15,宏遠-桃園,2023-07-19,1262
00713,元大台灣高息低波,14,0,14,宏遠-桃園,2023-07-19,1262
3217,優群,15,1,14,宏遠-桃園,2023-07-19,1262
00888,永豐台灣ESG,12,0,12,宏遠-桃園,2023-07-19,1262
1605,華新,12,0,12,宏遠-桃園,2023-07-19,1262
2351,順德,22,10,12,宏遠-桃園,2023-07-19,1262
2867,三商壽,12,0,12,宏遠-桃園,2023-07-19,1262
3264,欣銓,12,0,12,宏遠-桃園,2023-07-19,1262
6552,易華電,12,0,12,宏遠-桃園,2023-07-19,1262
00772B,中信高評級公司債,11,0,11,宏遠-桃園,2023-07-19,1262
2340,台亞,16,5,11,宏遠-桃園,2023-07-19,1262
4108,懷特,11,0,11,宏遠-桃園,2023-07-19,1262
6285,啟��,12,1,11,宏遠-桃園,2023-07-19,1262
00720B,元大投資級公司債,10,0,10,宏遠-桃園,2023-07-19,1262
00900,富邦特選高股息30,10,0,10,宏遠-桃園,2023-07-19,1262
1701,中化,10,0,10,宏遠-桃園,2023-07-19,1262
1809,中釉,10,0,10,宏遠-桃園,2023-07-19,1262
3062,建漢,10,0,10,宏遠-桃園,2023-07-19,1262
4961,天鈺,10,0,10,宏遠-桃園,2023-07-19,1262
6266,泰詠,10,0,10,宏遠-桃園,2023-07-19,1262
8049,晶采,10,0,10,宏遠-桃園,2023-07-19,1262
8112,至上,10,0,10,宏遠-桃園,2023-07-19,1262
00919,群益台灣精選高息,11,2,9,宏遠-桃園,2023-07-19,1262
6187,萬潤,14,5,9,宏遠-桃園,2023-07-19,1262
8070,長華*,9,0,9,宏遠-桃園,2023-07-19,1262
3037,欣興,18,10,8,宏遠-桃園,2023-07-19,1262
00638R,元大滬深300反1,8,0,8,宏遠-桃園,2023-07-19,1262
00655L,國泰中國A50正2,8,0,8,宏遠-桃園,2023-07-19,1262
2356,英業達,31,23,8,宏遠-桃園,2023-07-19,1262
2376,技嘉,10,2,8,宏遠-桃園,2023-07-19,1262
5285,界霖,8,0,8,宏遠-桃園,2023-07-19,1262
00893,國泰智能電動車,500,1,499,宏遠-桃園,2023-07-20,1262
2303,聯電,120,17,103,宏遠-桃園,2023-07-20,1262
3071,協禧,51,1,50,宏遠-桃園,2023-07-20,1262
6488,環球晶,50,0,50,宏遠-桃園,2023-07-20,1262
2356,英業達,36,3,33,宏遠-桃園,2023-07-20,1262
2317,鴻海,32,6,26,宏遠-桃園,2023-07-20,1262
3706,神達,28,5,23,宏遠-桃園,2023-07-20,1262
00712,復華富時不動產,27,5,22,宏遠-桃園,2023-07-20,1262
00772B,中信高評級公司債,21,0,21,宏遠-桃園,2023-07-20,1262
00764B,群益25年美債,20,0,20,宏遠-桃園,2023-07-20,1262
3149,正達,20,0,20,宏遠-桃園,2023-07-20,1262
1529,樂事綠能,23,5,18,宏遠-桃園,2023-07-20,1262
6770,力積電,16,1,15,宏遠-桃園,2023-07-20,1262
2208,台船,15,0,15,宏遠-桃園,2023-07-20,1262
4532,瑞智,14,1,13,宏遠-桃園,2023-07-20,1262
00679B,元大美債20年,15,3,12,宏遠-桃園,2023-07-20,1262
2881,富邦金,12,0,12,宏遠-桃園,2023-07-20,1262
3037,欣興,21,11,10,宏遠-桃園,2023-07-20,1262
2344,華邦電,10,0,10,宏遠-桃園,2023-07-20,1262
2442,新美齊,10,0,10,宏遠-桃園,2023-07-20,1262
3673,TPK-KY,10,0,10,宏遠-桃園,2023-07-20,1262
4130,健亞,10,0,10,宏遠-桃園,2023-07-20,1262
5243,乙盛-KY,10,0,10,宏遠-桃園,2023-07-20,1262
5315,光聯,10,0,10,宏遠-桃園,2023-07-20,1262
6161,捷波,10,0,10,宏遠-桃園,2023-07-20,1262
2353,宏��,10,1,9,宏遠-桃園,2023-07-20,1262
3217,優群,9,0,9,宏遠-桃園,2023-07-20,1262
00929,復華台灣科技優息,10,2,8,宏遠-桃園,2023-07-20,1262
2206,三陽工業,16,9,7,宏遠-桃園,2023-07-20,1262
2520,冠德,7,0,7,宏遠-桃園,2023-07-20,1262
1795,美時,22,15,7,宏遠-桃園,2023-07-20,1262
3583,辛耘,14,8,6,宏遠-桃園,2023-07-20,1262
00638R,元大滬深300反1,6,0,6,宏遠-桃園,2023-07-20,1262
1560,中砂,6,0,6,宏遠-桃園,2023-07-20,1262
2338,光罩,16,10,6,宏遠-桃園,2023-07-20,1262
5312,寶島科,6,0,6,宏遠-桃園,2023-07-20,1262
6472,保瑞,6,0,6,宏遠-桃園,2023-07-20,1262
1604,聲寶,5,0,5,宏遠-桃園,2023-07-20,1262
2313,華通,5,0,5,宏遠-桃園,2023-07-20,1262
3564,其陽,5,0,5,宏遠-桃園,2023-07-20,1262
6176,瑞儀,26,21,5,宏遠-桃園,2023-07-20,1262
6789,采鈺,5,0,5,宏遠-桃園,2023-07-20,1262
6188,廣明,7,3,4,宏遠-桃園,2023-07-20,1262
3260,威剛,4,0,4,宏遠-桃園,2023-07-20,1262
3324,雙鴻,6,2,4,宏遠-桃園,2023-07-20,1262
4116,明基醫,4,0,4,宏遠-桃園,2023-07-20,1262
5457,宣德,4,0,4,宏遠-桃園,2023-07-20,1262
6167,久正,4,0,4,宏遠-桃園,2023-07-20,1262
6217,中探針,7,3,4,宏遠-桃園,2023-07-20,1262
6443,元晶,4,0,4,宏遠-桃園,2023-07-20,1262
00878,國泰永續高股息,131,21,110,宏遠-桃園,2023-07-21,1262
2303,聯電,114,47,67,宏遠-桃園,2023-07-21,1262
00772B,中信高評級公司債,42,0,42,宏遠-桃園,2023-07-21,1262
4938,和碩,40,2,38,宏遠-桃園,2023-07-21,1262
3231,緯創,62,25,37,宏遠-桃園,2023-07-21,1262
3338,泰碩,40,7,33,宏遠-桃園,2023-07-21,1262
4543,萬在,34,1,33,宏遠-桃園,2023-07-21,1262
6235,華孚,32,2,30,宏遠-桃園,2023-07-21,1262
1584,精剛,30,0,30,宏遠-桃園,2023-07-21,1262
00919,群益台灣精選高息,26,0,26,宏遠-桃園,2023-07-21,1262
1513,中興電,42,17,25,宏遠-桃園,2023-07-21,1262
1305,華夏,60,35,25,宏遠-桃園,2023-07-21,1262
2353,宏��,23,0,23,宏遠-桃園,2023-07-21,1262
4532,瑞智,45,25,20,宏遠-桃園,2023-07-21,1262
3504,揚明光,19,0,19,宏遠-桃園,2023-07-21,1262
00929,復華台灣科技優息,21,5,16,宏遠-桃園,2023-07-21,1262
0050,元大台灣50,16,0,16,宏遠-桃園,2023-07-21,1262
3664,安瑞-KY,15,0,15,宏遠-桃園,2023-07-21,1262
4108,懷特,15,0,15,宏遠-桃園,2023-07-21,1262
2485,兆赫,14,0,14,宏遠-桃園,2023-07-21,1262
1905,華紙,14,0,14,宏遠-桃園,2023-07-21,1262
2801,彰銀,13,0,13,宏遠-桃園,2023-07-21,1262
0056,元大高股息,25,13,12,宏遠-桃園,2023-07-21,1262
2618,長榮航,35,24,11,宏遠-桃園,2023-07-21,1262
6244,茂迪,11,0,11,宏遠-桃園,2023-07-21,1262
00764B,群益25年美債,13,3,10,宏遠-桃園,2023-07-21,1262
2887,台新金,10,0,10,宏遠-桃園,2023-07-21,1262
5243,乙盛-KY,10,0,10,宏遠-桃園,2023-07-21,1262
1795,美時,21,12,9,宏遠-桃園,2023-07-21,1262
3058,立德,9,0,9,宏遠-桃園,2023-07-21,1262
2454,聯發科,8,0,8,宏遠-桃園,2023-07-21,1262
6150,撼訊,8,0,8,宏遠-桃園,2023-07-21,1262
00730,富邦臺灣優質高息,8,0,8,宏遠-桃園,2023-07-21,1262
1465,偉全,7,0,7,宏遠-桃園,2023-07-21,1262
2328,廣宇,7,0,7,宏遠-桃園,2023-07-21,1262
2630,亞航,9,3,6,宏遠-桃園,2023-07-21,1262
6116,彩晶,17,11,6,宏遠-桃園,2023-07-21,1262
2382,廣達,41,35,6,宏遠-桃園,2023-07-21,1262
3406,玉晶光,5,0,5,宏遠-桃園,2023-07-21,1262
00687B,國泰20年美債,5,0,5,宏遠-桃園,2023-07-21,1262
00888,永豐台灣ESG,5,0,5,宏遠-桃園,2023-07-21,1262
1605,華新,6,1,5,宏遠-桃園,2023-07-21,1262
2377,微星,5,0,5,宏遠-桃園,2023-07-21,1262
2383,台光電,7,2,5,宏遠-桃園,2023-07-21,1262
3217,優群,6,1,5,宏遠-桃園,2023-07-21,1262
4977,眾達-KY,5,0,5,宏遠-桃園,2023-07-21,1262
6127,九豪,5,0,5,宏遠-桃園,2023-07-21,1262
8021,尖點,6,1,5,宏遠-桃園,2023-07-21,1262
00903,富邦元宇宙,4,0,4,宏遠-桃園,2023-07-21,1262
00638R,元大滬深300反1,12,8,4,宏遠-桃園,2023-07-21,1262
1608,華榮,73,0,73,宏遠-桃園,2023-07-24,1262
2618,長榮航,83,15,68,宏遠-桃園,2023-07-24,1262
2399,映泰,62,0,62,宏遠-桃園,2023-07-24,1262
00772B,中信高評級公司債,58,0,58,宏遠-桃園,2023-07-24,1262
3231,緯創,61,6,55,宏遠-桃園,2023-07-24,1262
3013,晟銘電,49,8,41,宏遠-桃園,2023-07-24,1262
1529,樂事綠能,40,0,40,宏遠-桃園,2023-07-24,1262
3483,力致,32,1,31,宏遠-桃園,2023-07-24,1262
3287,廣寰科,30,0,30,宏遠-桃園,2023-07-24,1262
3014,聯陽,23,0,23,宏遠-桃園,2023-07-24,1262
1513,中興電,30,8,22,宏遠-桃園,2023-07-24,1262
1514,亞力,47,25,22,宏遠-桃園,2023-07-24,1262
8150,南茂,21,0,21,宏遠-桃園,2023-07-24,1262
5340,建榮,19,0,19,宏遠-桃園,2023-07-24,1262
2303,聯電,50,32,18,宏遠-桃園,2023-07-24,1262
00632R,元大台灣50反1,28,10,18,宏遠-桃園,2023-07-24,1262
6122,擎邦,16,0,16,宏遠-桃園,2023-07-24,1262
2913,農林,14,0,14,宏遠-桃園,2023-07-24,1262
4953,緯軟,17,4,13,宏遠-桃園,2023-07-24,1262
1810,和成,12,0,12,宏遠-桃園,2023-07-24,1262
2316,楠梓電,12,0,12,宏遠-桃園,2023-07-24,1262
1444,力麗,10,0,10,宏遠-桃園,2023-07-24,1262
00900,富邦特選高股息30,10,0,10,宏遠-桃園,2023-07-24,1262
00929,復華台灣科技優息,10,0,10,宏遠-桃園,2023-07-24,1262
2313,華通,10,0,10,宏遠-桃園,2023-07-24,1262
2374,佳能,10,0,10,宏遠-桃園,2023-07-24,1262
2476,鉅祥,10,0,10,宏遠-桃園,2023-07-24,1262
2489,瑞軒,10,0,10,宏遠-桃園,2023-07-24,1262
6176,瑞儀,48,38,10,宏遠-桃園,2023-07-24,1262
8049,晶采,10,0,10,宏遠-桃園,2023-07-24,1262
00650L,復華香港正2,11,2,9,宏遠-桃園,2023-07-24,1262
2481,強茂,11,2,9,宏遠-桃園,2023-07-24,1262
2801,彰銀,9,0,9,宏遠-桃園,2023-07-24,1262
3217,優群,10,1,9,宏遠-桃園,2023-07-24,1262
6411,晶焱,9,0,9,宏遠-桃園,2023-07-24,1262
2457,飛宏,8,0,8,宏遠-桃園,2023-07-24,1262
2891,中信金,8,0,8,宏遠-桃園,2023-07-24,1262
4532,瑞智,18,10,8,宏遠-桃園,2023-07-24,1262
2301,光寶科,21,14,7,宏遠-桃園,2023-07-24,1262
2355,敬鵬,8,1,7,宏遠-桃園,2023-07-24,1262
3374,精材,7,0,7,宏遠-桃園,2023-07-24,1262
3682,亞太電,7,0,7,宏遠-桃園,2023-07-24,1262
6552,易華電,7,0,7,宏遠-桃園,2023-07-24,1262
00927,群益半導體收益,6,0,6,宏遠-桃園,2023-07-24,1262
2014,中鴻,6,0,6,宏遠-桃園,2023-07-24,1262
2337,旺宏,6,0,6,宏遠-桃園,2023-07-24,1262
2376,技嘉,12,6,6,宏遠-桃園,2023-07-24,1262
2485,兆赫,6,0,6,宏遠-桃園,2023-07-24,1262
3306,鼎天,6,0,6,宏遠-桃園,2023-07-24,1262
5258,虹堡,6,0,6,宏遠-桃園,2023-07-24,1262
00632R,元大台灣50反1,614,31,583,宏遠-桃園,2023-07-25,1262
00772B,中信高評級公司債,152,0,152,宏遠-桃園,2023-07-25,1262
00712,復華富時不動產,50,0,50,宏遠-桃園,2023-07-25,1262
5512,力麒,43,0,43,宏遠-桃園,2023-07-25,1262
6120,達運,41,0,41,宏遠-桃園,2023-07-25,1262
00680L,元大美債20正2,31,0,31,宏遠-桃園,2023-07-25,1262
00764B,群益25年美債,30,0,30,宏遠-桃園,2023-07-25,1262
3673,TPK-KY,30,0,30,宏遠-桃園,2023-07-25,1262
8150,南茂,29,0,29,宏遠-桃園,2023-07-25,1262
00679B,元大美債20年,25,0,25,宏遠-桃園,2023-07-25,1262
6187,萬潤,25,3,22,宏遠-桃園,2023-07-25,1262
2913,農林,31,10,21,宏遠-桃園,2023-07-25,1262
2316,楠梓電,34,14,20,宏遠-桃園,2023-07-25,1262
2464,盟立,21,1,20,宏遠-桃園,2023-07-25,1262
4906,正文,20,0,20,宏遠-桃園,2023-07-25,1262
2382,廣達,37,22,15,宏遠-桃園,2023-07-25,1262
9802,鈺齊-KY,15,0,15,宏遠-桃園,2023-07-25,1262
00638R,元大滬深300反1,14,0,14,宏遠-桃園,2023-07-25,1262
00929,復華台灣科技優息,11,0,11,宏遠-桃園,2023-07-25,1262
1905,華紙,17,6,11,宏遠-桃園,2023-07-25,1262
6245,立端,11,0,11,宏遠-桃園,2023-07-25,1262
8021,尖點,11,0,11,宏遠-桃園,2023-07-25,1262
00633L,富邦上証正2,10,0,10,宏遠-桃園,2023-07-25,1262
1444,力麗,10,0,10,宏遠-桃園,2023-07-25,1262
2476,鉅祥,10,0,10,宏遠-桃園,2023-07-25,1262
3060,銘異,10,0,10,宏遠-桃園,2023-07-25,1262
3694,海華,10,0,10,宏遠-桃園,2023-07-25,1262
4958,臻鼎-KY,10,0,10,宏遠-桃園,2023-07-25,1262
5475,德宏,10,0,10,宏遠-桃園,2023-07-25,1262
2354,鴻準,14,6,8,宏遠-桃園,2023-07-25,1262
3706,神達,26,18,8,宏遠-桃園,2023-07-25,1262
2801,彰銀,7,0,7,宏遠-桃園,2023-07-25,1262
00673R,期元大S＆P原油反1,7,0,7,宏遠-桃園,2023-07-25,1262
00687B,國泰20年美債,9,2,7,宏遠-桃園,2023-07-25,1262
2337,旺宏,11,4,7,宏遠-桃園,2023-07-25,1262
2344,華邦電,7,0,7,宏遠-桃園,2023-07-25,1262
4543,萬在,27,20,7,宏遠-桃園,2023-07-25,1262
6015,宏遠證,7,0,7,宏遠-桃園,2023-07-25,1262
1618,合機,6,0,6,宏遠-桃園,2023-07-25,1262
2610,華航,6,0,6,宏遠-桃園,2023-07-25,1262
3702,大聯大,6,0,6,宏遠-桃園,2023-07-25,1262
5457,宣德,6,0,6,宏遠-桃園,2023-07-25,1262
6111,大宇資,6,0,6,宏遠-桃園,2023-07-25,1262
8996,高力,7,1,6,宏遠-桃園,2023-07-25,1262
00751B,元大AAA至A公司債,5,0,5,宏遠-桃園,2023-07-25,1262
2313,華通,5,0,5,宏遠-桃園,2023-07-25,1262
2338,光罩,17,12,5,宏遠-桃園,2023-07-25,1262
2388,威盛,9,4,5,宏遠-桃園,2023-07-25,1262
2436,偉詮電,5,0,5,宏遠-桃園,2023-07-25,1262
3014,聯陽,5,0,5,宏遠-桃園,2023-07-25,1262
6116,彩晶,104,3,101,宏遠-桃園,2023-07-26,1262
3450,聯鈞,85,0,85,宏遠-桃園,2023-07-26,1262
2890,永豐金,70,0,70,宏遠-桃園,2023-07-26,1262
00712,復華富時不動產,60,0,60,宏遠-桃園,2023-07-26,1262
3029,零壹,70,11,59,宏遠-桃園,2023-07-26,1262
6282,康舒,172,118,54,宏遠-桃園,2023-07-26,1262
3287,廣寰科,52,2,50,宏遠-桃園,2023-07-26,1262
2359,所羅門,45,0,45,宏遠-桃園,2023-07-26,1262
6770,力積電,44,0,44,宏遠-桃園,2023-07-26,1262
9919,康那香,40,0,40,宏遠-桃園,2023-07-26,1262
3217,優群,34,1,33,宏遠-桃園,2023-07-26,1262
1471,首利,30,1,29,宏遠-桃園,2023-07-26,1262
3037,欣興,47,19,28,宏遠-桃園,2023-07-26,1262
1905,華紙,22,0,22,宏遠-桃園,2023-07-26,1262
2317,鴻海,25,3,22,宏遠-桃園,2023-07-26,1262
3306,鼎天,25,3,22,宏遠-桃園,2023-07-26,1262
3356,奇偶,27,5,22,宏遠-桃園,2023-07-26,1262
3653,健策,22,0,22,宏遠-桃園,2023-07-26,1262
1504,東元,28,7,21,宏遠-桃園,2023-07-26,1262
00764B,群益25年美債,20,0,20,宏遠-桃園,2023-07-26,1262
6122,擎邦,17,0,17,宏遠-桃園,2023-07-26,1262
4142,國光生,15,0,15,宏遠-桃園,2023-07-26,1262
2881,富邦金,23,8,15,宏遠-桃園,2023-07-26,1262
2409,友達,12,1,11,宏遠-桃園,2023-07-26,1262
3504,揚明光,11,0,11,宏遠-桃園,2023-07-26,1262
2014,中鴻,20,10,10,宏遠-桃園,2023-07-26,1262
2329,華泰,121,111,10,宏遠-桃園,2023-07-26,1262
2419,仲琦,10,0,10,宏遠-桃園,2023-07-26,1262
4130,健亞,10,0,10,宏遠-桃園,2023-07-26,1262
4133,亞諾法,10,0,10,宏遠-桃園,2023-07-26,1262
5392,能率,10,0,10,宏遠-桃園,2023-07-26,1262
3230,錦明,12,4,8,宏遠-桃園,2023-07-26,1262
6548,長科*,8,0,8,宏遠-桃園,2023-07-26,1262
6150,撼訊,7,0,7,宏遠-桃園,2023-07-26,1262
00679B,元大美債20年,7,0,7,宏遠-桃園,2023-07-26,1262
5426,振發,10,3,7,宏遠-桃園,2023-07-26,1262
2316,楠梓電,8,1,7,宏遠-桃園,2023-07-26,1262
6188,廣明,20,13,7,宏遠-桃園,2023-07-26,1262
1514,亞力,6,0,6,宏遠-桃園,2023-07-26,1262
00929,復華台灣科技優息,11,5,6,宏遠-桃園,2023-07-26,1262
00642U,期元大S＆P石油,6,0,6,宏遠-桃園,2023-07-26,1262
2399,映泰,10,4,6,宏遠-桃園,2023-07-26,1262
3024,憶聲,6,0,6,宏遠-桃園,2023-07-26,1262
6239,力成,24,18,6,宏遠-桃園,2023-07-26,1262
6214,精誠,9,4,5,宏遠-桃園,2023-07-26,1262
6125,廣運,8,3,5,宏遠-桃園,2023-07-26,1262
00687B,國泰20年美債,5,0,5,宏遠-桃園,2023-07-26,1262
00632R,元大台灣50反1,9,4,5,宏遠-桃園,2023-07-26,1262
00720B,元大投資級公司債,5,0,5,宏遠-桃園,2023-07-26,1262
1301,台塑,5,0,5,宏遠-桃園,2023-07-26,1262
00632R,元大台灣50反1,202,4,198,宏遠-桃園,2023-07-27,1262
2618,長榮航,205,17,188,宏遠-桃園,2023-07-27,1262
1513,中興電,95,7,88,宏遠-桃園,2023-07-27,1262
2347,聯強,50,0,50,宏遠-桃園,2023-07-27,1262
8050,廣積,51,1,50,宏遠-桃園,2023-07-27,1262
6116,彩晶,73,27,46,宏遠-桃園,2023-07-27,1262
1612,宏泰,40,0,40,宏遠-桃園,2023-07-27,1262
2887,台新金,38,0,38,宏遠-桃園,2023-07-27,1262
6288,聯嘉,37,0,37,宏遠-桃園,2023-07-27,1262
8110,華東,35,0,35,宏遠-桃園,2023-07-27,1262
6235,華孚,33,1,32,宏遠-桃園,2023-07-27,1262
1809,中釉,30,0,30,宏遠-桃園,2023-07-27,1262
6187,萬潤,31,2,29,宏遠-桃園,2023-07-27,1262
2027,大成鋼,29,2,27,宏遠-桃園,2023-07-27,1262
1727,中華化,26,0,26,宏遠-桃園,2023-07-27,1262
4532,瑞智,26,0,26,宏遠-桃園,2023-07-27,1262
5285,界霖,24,0,24,宏遠-桃園,2023-07-27,1262
3035,智原,23,3,20,宏遠-桃園,2023-07-27,1262
00679B,元大美債20年,20,0,20,宏遠-桃園,2023-07-27,1262
6120,達運,20,0,20,宏遠-桃園,2023-07-27,1262
1711,永光,20,1,19,宏遠-桃園,2023-07-27,1262
00712,復華富時不動產,18,0,18,宏遠-桃園,2023-07-27,1262
6196,帆宣,25,7,18,宏遠-桃園,2023-07-27,1262
2881,富邦金,28,11,17,宏遠-桃園,2023-07-27,1262
9919,康那香,17,0,17,宏遠-桃園,2023-07-27,1262
3450,聯鈞,15,0,15,宏遠-桃園,2023-07-27,1262
2357,華碩,14,0,14,宏遠-桃園,2023-07-27,1262
8271,宇瞻,15,1,14,宏遠-桃園,2023-07-27,1262
4543,萬在,12,0,12,宏遠-桃園,2023-07-27,1262
00636,國泰中國A50,11,0,11,宏遠-桃園,2023-07-27,1262
00764B,群益25年美債,10,0,10,宏遠-桃園,2023-07-27,1262
2480,敦陽科,10,0,10,宏遠-桃園,2023-07-27,1262
9958,世紀鋼,10,0,10,宏遠-桃園,2023-07-27,1262
3217,優群,9,0,9,宏遠-桃園,2023-07-27,1262
00929,復華台灣科技優息,14,5,9,宏遠-桃園,2023-07-27,1262
1522,堤維西,11,2,9,宏遠-桃園,2023-07-27,1262
2328,廣宇,8,0,8,宏遠-桃園,2023-07-27,1262
3287,廣寰科,8,0,8,宏遠-桃園,2023-07-27,1262
2609,陽明,9,2,7,宏遠-桃園,2023-07-27,1262
2801,彰銀,7,0,7,宏遠-桃園,2023-07-27,1262
2382,廣達,14,8,6,宏遠-桃園,2023-07-27,1262
3402,漢科,6,0,6,宏遠-桃園,2023-07-27,1262
6548,長科*,14,8,6,宏遠-桃園,2023-07-27,1262
8234,新漢,9,3,6,宏遠-桃園,2023-07-27,1262
1319,東陽,5,0,5,宏遠-桃園,2023-07-27,1262
00772B,中信高評級公司債,5,0,5,宏遠-桃園,2023-07-27,1262
1618,合機,5,0,5,宏遠-桃園,2023-07-27,1262
2377,微星,5,0,5,宏遠-桃園,2023-07-27,1262
2471,資通,11,6,5,宏遠-桃園,2023-07-27,1262
3189,景碩,6,2,4,宏遠-桃園,2023-07-27,1262
1714,和桐,320,0,320,宏遠-桃園,2023-07-28,1262
2888,新光金,101,1,100,宏遠-桃園,2023-07-28,1262
2385,群光,74,2,72,宏遠-桃園,2023-07-28,1262
00772B,中信高評級公司債,117,50,67,宏遠-桃園,2023-07-28,1262
00773B,中信優先金融債,62,0,62,宏遠-桃園,2023-07-28,1262
2427,三商電,60,0,60,宏遠-桃園,2023-07-28,1262
1305,華夏,55,0,55,宏遠-桃園,2023-07-28,1262
6187,萬潤,55,5,50,宏遠-桃園,2023-07-28,1262
2363,矽統,52,2,50,宏遠-桃園,2023-07-28,1262
2369,菱生,60,11,49,宏遠-桃園,2023-07-28,1262
1905,華紙,87,44,43,宏遠-桃園,2023-07-28,1262
00712,復華富時不動產,44,2,42,宏遠-桃園,2023-07-28,1262
00673R,期元大S＆P原油反1,40,1,39,宏遠-桃園,2023-07-28,1262
2402,毅嘉,35,1,34,宏遠-桃園,2023-07-28,1262
3264,欣銓,33,3,30,宏遠-桃園,2023-07-28,1262
2409,友達,48,22,26,宏遠-桃園,2023-07-28,1262
2618,長榮航,59,35,24,宏遠-桃園,2023-07-28,1262
00679B,元大美債20年,33,10,23,宏遠-桃園,2023-07-28,1262
00722B,群益投資級電信債,23,0,23,宏遠-桃園,2023-07-28,1262
00751B,元大AAA至A公司債,22,0,22,宏遠-桃園,2023-07-28,1262
00930,永豐ESG低碳高息,20,0,20,宏遠-桃園,2023-07-28,1262
1809,中釉,20,0,20,宏遠-桃園,2023-07-28,1262
2890,永豐金,30,10,20,宏遠-桃園,2023-07-28,1262
6125,廣運,21,1,20,宏遠-桃園,2023-07-28,1262
1904,正隆,20,1,19,宏遠-桃園,2023-07-28,1262
2201,裕隆,38,19,19,宏遠-桃園,2023-07-28,1262
3060,銘異,19,0,19,宏遠-桃園,2023-07-28,1262
00687B,國泰20年美債,18,0,18,宏遠-桃園,2023-07-28,1262
2734,易飛網,17,0,17,宏遠-桃園,2023-07-28,1262
2329,華泰,44,27,17,宏遠-桃園,2023-07-28,1262
2330,台積電,16,0,16,宏遠-桃園,2023-07-28,1262
6156,松上,16,0,16,宏遠-桃園,2023-07-28,1262
3450,聯鈞,15,0,15,宏遠-桃園,2023-07-28,1262
6231,系微,15,0,15,宏遠-桃園,2023-07-28,1262
6015,宏遠證,14,0,14,宏遠-桃園,2023-07-28,1262
00929,復華台灣科技優息,15,2,13,宏遠-桃園,2023-07-28,1262
00720B,元大投資級公司債,13,0,13,宏遠-桃園,2023-07-28,1262
2610,華航,18,7,11,宏遠-桃園,2023-07-28,1262
2455,全新,13,3,10,宏遠-桃園,2023-07-28,1262
00764B,群益25年美債,10,0,10,宏遠-桃園,2023-07-28,1262
1584,精剛,10,0,10,宏遠-桃園,2023-07-28,1262
3003,健和興,11,1,10,宏遠-桃園,2023-07-28,1262
4908,前鼎,13,3,10,宏遠-桃園,2023-07-28,1262
6148,驊宏資,15,5,10,宏遠-桃園,2023-07-28,1262
9958,世紀鋼,10,0,10,宏遠-桃園,2023-07-28,1262
6451,訊芯-KY,10,1,9,宏遠-桃園,2023-07-28,1262
6116,彩晶,27,18,9,宏遠-桃園,2023-07-28,1262
2481,強茂,10,2,8,宏遠-桃園,2023-07-28,1262
2615,萬海,10,2,8,宏遠-桃園,2023-07-28,1262
1210,大成,8,1,7,宏遠-桃園,2023-07-28,1262
1714,和桐,180,0,180,宏遠-桃園,2023-07-31,1262
00712,復華富時不動產,108,0,108,宏遠-桃園,2023-07-31,1262
2413,環科,84,0,84,宏遠-桃園,2023-07-31,1262
3591,艾笛森,64,2,62,宏遠-桃園,2023-07-31,1262
2530,華建,60,0,60,宏遠-桃園,2023-07-31,1262
3025,星通,50,4,46,宏遠-桃園,2023-07-31,1262
8049,晶采,50,4,46,宏遠-桃園,2023-07-31,1262
6235,華孚,32,0,32,宏遠-桃園,2023-07-31,1262
2385,群光,32,1,31,宏遠-桃園,2023-07-31,1262
6285,啟��,36,6,30,宏遠-桃園,2023-07-31,1262
5443,均豪,38,8,30,宏遠-桃園,2023-07-31,1262
5511,德昌,28,0,28,宏遠-桃園,2023-07-31,1262
00671R,富邦NASDAQ反1,25,0,25,宏遠-桃園,2023-07-31,1262
1612,宏泰,25,0,25,宏遠-桃園,2023-07-31,1262
00720B,元大投資級公司債,31,8,23,宏遠-桃園,2023-07-31,1262
2303,聯電,56,33,23,宏遠-桃園,2023-07-31,1262
2382,廣達,39,16,23,宏遠-桃園,2023-07-31,1262
3481,群創,35,14,21,宏遠-桃園,2023-07-31,1262
6187,萬潤,22,1,21,宏遠-桃園,2023-07-31,1262
2610,華航,27,6,21,宏遠-桃園,2023-07-31,1262
00664R,國泰臺灣加權反1,20,0,20,宏遠-桃園,2023-07-31,1262
00679B,元大美債20年,20,0,20,宏遠-桃園,2023-07-31,1262
1809,中釉,21,1,20,宏遠-桃園,2023-07-31,1262
1815,富喬,35,15,20,宏遠-桃園,2023-07-31,1262
8358,金居,43,23,20,宏遠-桃園,2023-07-31,1262
3081,聯亞,22,3,19,宏遠-桃園,2023-07-31,1262
2421,建準,19,0,19,宏遠-桃園,2023-07-31,1262
2371,大同,23,7,16,宏遠-桃園,2023-07-31,1262
5469,瀚宇博,16,0,16,宏遠-桃園,2023-07-31,1262
6214,精誠,20,4,16,宏遠-桃園,2023-07-31,1262
2201,裕隆,17,2,15,宏遠-桃園,2023-07-31,1262
00687B,國泰20年美債,23,8,15,宏遠-桃園,2023-07-31,1262
1560,中砂,15,1,14,宏遠-桃園,2023-07-31,1262
1605,華新,22,8,14,宏遠-桃園,2023-07-31,1262
2618,長榮航,13,0,13,宏遠-桃園,2023-07-31,1262
2312,金寶,28,15,13,宏遠-桃園,2023-07-31,1262
2745,五福,13,0,13,宏遠-桃園,2023-07-31,1262
00878,國泰永續高股息,33,21,12,宏遠-桃園,2023-07-31,1262
1795,美時,18,6,12,宏遠-桃園,2023-07-31,1262
1907,永豐餘,13,1,12,宏遠-桃園,2023-07-31,1262
2355,敬鵬,12,0,12,宏遠-桃園,2023-07-31,1262
1460,宏遠,11,0,11,宏遠-桃園,2023-07-31,1262
3037,欣興,15,4,11,宏遠-桃園,2023-07-31,1262
00900,富邦特選高股息30,10,0,10,宏遠-桃園,2023-07-31,1262
00772B,中信高評級公司債,10,0,10,宏遠-桃園,2023-07-31,1262
1784,訊聯,10,0,10,宏遠-桃園,2023-07-31,1262
2369,菱生,11,1,10,宏遠-桃園,2023-07-31,1262
2743,山富,10,0,10,宏遠-桃園,2023-07-31,1262
3504,揚明光,10,0,10,宏遠-桃園,2023-07-31,1262
9958,世紀鋼,15,5,10,宏遠-桃園,2023-07-31,1262
2867,三商壽,110,0,110,宏遠-桃園,2023-08-01,1262
00680L,元大美債20正2,100,4,96,宏遠-桃園,2023-08-01,1262
00722B,群益投資級電信債,80,0,80,宏遠-桃園,2023-08-01,1262
00878,國泰永續高股息,98,18,80,宏遠-桃園,2023-08-01,1262
3004,豐達科,52,0,52,宏遠-桃園,2023-08-01,1262
00752,中信中國50,50,0,50,宏遠-桃園,2023-08-01,1262
5371,中光電,52,4,48,宏遠-桃園,2023-08-01,1262
00720B,元大投資級公司債,62,15,47,宏遠-桃園,2023-08-01,1262
00712,復華富時不動產,41,0,41,宏遠-桃園,2023-08-01,1262
3025,星通,65,25,40,宏遠-桃園,2023-08-01,1262
6488,環球晶,36,0,36,宏遠-桃園,2023-08-01,1262
2385,群光,35,0,35,宏遠-桃園,2023-08-01,1262
5328,華容,33,0,33,宏遠-桃園,2023-08-01,1262
8050,廣積,32,1,31,宏遠-桃園,2023-08-01,1262
5443,均豪,30,0,30,宏遠-桃園,2023-08-01,1262
00637L,元大滬深300正2,36,7,29,宏遠-桃園,2023-08-01,1262
6116,彩晶,32,4,28,宏遠-桃園,2023-08-01,1262
1809,中釉,65,40,25,宏遠-桃園,2023-08-01,1262
1734,杏輝,24,0,24,宏遠-桃園,2023-08-01,1262
0056,元大高股息,45,22,23,宏遠-桃園,2023-08-01,1262
00919,群益台灣精選高息,23,0,23,宏遠-桃園,2023-08-01,1262
3287,廣寰科,20,0,20,宏遠-桃園,2023-08-01,1262
6148,驊宏資,20,0,20,宏遠-桃園,2023-08-01,1262
6282,康舒,37,18,19,宏遠-桃園,2023-08-01,1262
2634,漢翔,18,0,18,宏遠-桃園,2023-08-01,1262
6770,力積電,18,0,18,宏遠-桃園,2023-08-01,1262
00696B,富邦美債20年,15,0,15,宏遠-桃園,2023-08-01,1262
00773B,中信優先金融債,14,0,14,宏遠-桃園,2023-08-01,1262
1795,美時,19,5,14,宏遠-桃園,2023-08-01,1262
2312,金寶,15,1,14,宏遠-桃園,2023-08-01,1262
5388,中磊,15,1,14,宏遠-桃園,2023-08-01,1262
2349,錸德,13,0,13,宏遠-桃園,2023-08-01,1262
6191,精成科,13,0,13,宏遠-桃園,2023-08-01,1262
2401,凌陽,13,1,12,宏遠-桃園,2023-08-01,1262
3450,聯鈞,12,0,12,宏遠-桃園,2023-08-01,1262
2301,光寶科,27,15,12,宏遠-桃園,2023-08-01,1262
1529,樂事綠能,11,0,11,宏遠-桃園,2023-08-01,1262
00882,中信中國高股息,11,0,11,宏遠-桃園,2023-08-01,1262
1604,聲寶,11,0,11,宏遠-桃園,2023-08-01,1262
6531,愛普*,15,4,11,宏遠-桃園,2023-08-01,1262
1504,東元,10,0,10,宏遠-桃園,2023-08-01,1262
1514,亞力,11,1,10,宏遠-桃園,2023-08-01,1262
1905,華紙,10,0,10,宏遠-桃園,2023-08-01,1262
2201,裕隆,13,3,10,宏遠-桃園,2023-08-01,1262
2884,玉山金,10,0,10,宏遠-桃園,2023-08-01,1262
4960,誠美材,10,0,10,宏遠-桃園,2023-08-01,1262
6207,雷科,10,0,10,宏遠-桃園,2023-08-01,1262
00929,復華台灣科技優息,14,5,9,宏遠-桃園,2023-08-01,1262
3583,辛耘,25,16,9,宏遠-桃園,2023-08-01,1262
6515,穎崴,9,1,8,宏遠-桃園,2023-08-01,1262
00878,國泰永續高股息,297,32,265,宏遠-桃園,2023-08-02,1262
1714,和桐,200,0,200,宏遠-桃園,2023-08-02,1262
1815,富喬,200,0,200,宏遠-桃園,2023-08-02,1262
8050,廣積,114,1,113,宏遠-桃園,2023-08-02,1262
00720B,元大投資級公司債,77,0,77,宏遠-桃園,2023-08-02,1262
2301,光寶科,77,8,69,宏遠-桃園,2023-08-02,1262
2368,金像電,71,5,66,宏遠-桃園,2023-08-02,1262
00923,群益台ESG低碳50,63,0,63,宏遠-桃園,2023-08-02,1262
3231,緯創,68,14,54,宏遠-桃園,2023-08-02,1262
3481,群創,55,10,45,宏遠-桃園,2023-08-02,1262
00919,群益台灣精選高息,42,0,42,宏遠-桃園,2023-08-02,1262
00773B,中信優先金融債,40,0,40,宏遠-桃園,2023-08-02,1262
1104,環泥,56,19,37,宏遠-桃園,2023-08-02,1262
00712,復華富時不動產,33,0,33,宏遠-桃園,2023-08-02,1262
2385,群光,33,0,33,宏遠-桃園,2023-08-02,1262
3450,聯鈞,33,0,33,宏遠-桃園,2023-08-02,1262
2498,宏達電,33,2,31,宏遠-桃園,2023-08-02,1262
00850,元大臺灣ESG永續,30,0,30,宏遠-桃園,2023-08-02,1262
2883,凱基金,26,0,26,宏遠-桃園,2023-08-02,1262
00679B,元大美債20年,25,0,25,宏遠-桃園,2023-08-02,1262
1616,億泰,25,0,25,宏遠-桃園,2023-08-02,1262
2409,友達,25,1,24,宏遠-桃園,2023-08-02,1262
00751B,元大AAA至A公司債,23,0,23,宏遠-桃園,2023-08-02,1262
3037,欣興,27,4,23,宏遠-桃園,2023-08-02,1262
3325,旭品,32,9,23,宏遠-桃園,2023-08-02,1262
00795B,中信美國公債20年,22,0,22,宏遠-桃園,2023-08-02,1262
6525,捷敏-KY,20,0,20,宏遠-桃園,2023-08-02,1262
00929,復華台灣科技優息,18,0,18,宏遠-桃園,2023-08-02,1262
5871,中租-KY,18,0,18,宏遠-桃園,2023-08-02,1262
2383,台光電,18,1,17,宏遠-桃園,2023-08-02,1262
9958,世紀鋼,17,0,17,宏遠-桃園,2023-08-02,1262
4958,臻鼎-KY,21,5,16,宏遠-桃園,2023-08-02,1262
3004,豐達科,15,0,15,宏遠-桃園,2023-08-02,1262
2014,中鴻,15,0,15,宏遠-桃園,2023-08-02,1262
2236,百達-KY,15,0,15,宏遠-桃園,2023-08-02,1262
2382,廣達,43,29,14,宏遠-桃園,2023-08-02,1262
3217,優群,40,26,14,宏遠-桃園,2023-08-02,1262
00687B,國泰20年美債,13,0,13,宏遠-桃園,2023-08-02,1262
2352,佳世達,16,3,13,宏遠-桃園,2023-08-02,1262
2801,彰銀,13,0,13,宏遠-桃園,2023-08-02,1262
2401,凌陽,13,1,12,宏遠-桃園,2023-08-02,1262
2413,環科,47,35,12,宏遠-桃園,2023-08-02,1262
6156,松上,12,0,12,宏遠-桃園,2023-08-02,1262
2913,農林,43,32,11,宏遠-桃園,2023-08-02,1262
0056,元大高股息,17,7,10,宏遠-桃園,2023-08-02,1262
00671R,富邦NASDAQ反1,10,0,10,宏遠-桃園,2023-08-02,1262
1444,力麗,10,0,10,宏遠-桃園,2023-08-02,1262
2332,友訊,10,0,10,宏遠-桃園,2023-08-02,1262
3287,廣寰科,10,0,10,宏遠-桃園,2023-08-02,1262
4906,正文,10,0,10,宏遠-桃園,2023-08-02,1262
2891,中信金,137,0,137,宏遠-桃園,2023-08-04,1262
00929,復華台灣科技優息,118,0,118,宏遠-桃園,2023-08-04,1262
2359,所羅門,96,0,96,宏遠-桃園,2023-08-04,1262
2913,農林,119,25,94,宏遠-桃園,2023-08-04,1262
00878,國泰永續高股息,102,11,91,宏遠-桃園,2023-08-04,1262
1714,和桐,75,0,75,宏遠-桃園,2023-08-04,1262
00795B,中信美國公債20年,64,0,64,宏遠-桃園,2023-08-04,1262
00673R,期元大S＆P原油反1,60,1,59,宏遠-桃園,2023-08-04,1262
00722B,群益投資級電信債,54,0,54,宏遠-桃園,2023-08-04,1262
00772B,中信高評級公司債,49,0,49,宏遠-桃園,2023-08-04,1262
5371,中光電,49,1,48,宏遠-桃園,2023-08-04,1262
00687B,國泰20年美債,43,0,43,宏遠-桃園,2023-08-04,1262
00632R,元大台灣50反1,41,0,41,宏遠-桃園,2023-08-04,1262
00720B,元大投資級公司債,44,4,40,宏遠-桃園,2023-08-04,1262
2413,環科,40,0,40,宏遠-桃園,2023-08-04,1262
6776,展�眥篕�,35,0,35,宏遠-桃園,2023-08-04,1262
00773B,中信優先金融債,32,0,32,宏遠-桃園,2023-08-04,1262
00712,復華富時不動產,31,0,31,宏遠-桃園,2023-08-04,1262
1587,吉茂,30,0,30,宏遠-桃園,2023-08-04,1262
4906,正文,30,0,30,宏遠-桃園,2023-08-04,1262
5443,均豪,30,0,30,宏遠-桃園,2023-08-04,1262
00679B,元大美債20年,38,10,28,宏遠-桃園,2023-08-04,1262
1460,宏遠,20,0,20,宏遠-桃園,2023-08-04,1262
2312,金寶,22,2,20,宏遠-桃園,2023-08-04,1262
1605,華新,21,2,19,宏遠-桃園,2023-08-04,1262
3231,緯創,91,74,17,宏遠-桃園,2023-08-04,1262
1612,宏泰,15,0,15,宏遠-桃園,2023-08-04,1262
5607,遠雄港,20,5,15,宏遠-桃園,2023-08-04,1262
00680L,元大美債20正2,14,0,14,宏遠-桃園,2023-08-04,1262
1795,美時,17,3,14,宏遠-桃園,2023-08-04,1262
3016,嘉晶,14,0,14,宏遠-桃園,2023-08-04,1262
6125,廣運,26,12,14,宏遠-桃園,2023-08-04,1262
00688L,國泰20年美債正2,11,0,11,宏遠-桃園,2023-08-04,1262
1210,大成,21,10,11,宏遠-桃園,2023-08-04,1262
2881,富邦金,27,16,11,宏遠-桃園,2023-08-04,1262
1609,大亞,22,11,11,宏遠-桃園,2023-08-04,1262
00696B,富邦美債20年,10,0,10,宏遠-桃園,2023-08-04,1262
3213,茂訊,10,0,10,宏遠-桃園,2023-08-04,1262
4532,瑞智,20,10,10,宏遠-桃園,2023-08-04,1262
8150,南茂,10,0,10,宏遠-桃園,2023-08-04,1262
2303,聯電,15,7,8,宏遠-桃園,2023-08-04,1262
00751B,元大AAA至A公司債,8,0,8,宏遠-桃園,2023-08-04,1262
00857B,永豐20年美公債,8,0,8,宏遠-桃園,2023-08-04,1262
2014,中鴻,14,6,8,宏遠-桃園,2023-08-04,1262
3037,欣興,10,2,8,宏遠-桃園,2023-08-04,1262
2610,華航,10,2,8,宏遠-桃園,2023-08-04,1262
2886,兆豐金,8,0,8,宏遠-桃園,2023-08-04,1262
3325,旭品,51,43,8,宏遠-桃園,2023-08-04,1262
3583,辛耘,9,1,8,宏遠-桃園,2023-08-04,1262
6525,捷敏-KY,8,0,8,宏遠-桃園,2023-08-04,1262
00632R,元大台灣50反1,428,1,427,宏遠-桃園,2023-08-07,1262
1714,和桐,175,0,175,宏遠-桃園,2023-08-07,1262
2867,三商壽,121,0,121,宏遠-桃園,2023-08-07,1262
2913,農林,74,0,74,宏遠-桃園,2023-08-07,1262
00929,復華台灣科技優息,51,0,51,宏遠-桃園,2023-08-07,1262
2359,所羅門,50,0,50,宏遠-桃園,2023-08-07,1262
00673R,期元大S＆P原油反1,36,2,34,宏遠-桃園,2023-08-07,1262
2402,毅嘉,34,1,33,宏遠-桃園,2023-08-07,1262
00665L,富邦�琤肭磪囓�2,40,10,30,宏遠-桃園,2023-08-07,1262
8096,擎亞,29,0,29,宏遠-桃園,2023-08-07,1262
6274,台燿,41,18,23,宏遠-桃園,2023-08-07,1262
1905,華紙,37,15,22,宏遠-桃園,2023-08-07,1262
3715,定穎投控,20,0,20,宏遠-桃園,2023-08-07,1262
6491,晶碩,25,5,20,宏遠-桃園,2023-08-07,1262
8027,鈦昇,20,0,20,宏遠-桃園,2023-08-07,1262
3163,波若威,36,20,16,宏遠-桃園,2023-08-07,1262
2405,輔信,15,0,15,宏遠-桃園,2023-08-07,1262
6015,宏遠證,14,0,14,宏遠-桃園,2023-08-07,1262
5009,榮剛,15,2,13,宏遠-桃園,2023-08-07,1262
00637L,元大滬深300正2,16,3,13,宏遠-桃園,2023-08-07,1262
2464,盟立,11,0,11,宏遠-桃園,2023-08-07,1262
5371,中光電,13,2,11,宏遠-桃園,2023-08-07,1262
2369,菱生,10,0,10,宏遠-桃園,2023-08-07,1262
2610,華航,21,11,10,宏遠-桃園,2023-08-07,1262
2888,新光金,10,0,10,宏遠-桃園,2023-08-07,1262
4102,永日,10,0,10,宏遠-桃園,2023-08-07,1262
8048,德勝,10,0,10,宏遠-桃園,2023-08-07,1262
6187,萬潤,15,5,10,宏遠-桃園,2023-08-07,1262
00720B,元大投資級公司債,9,0,9,宏遠-桃園,2023-08-07,1262
3693,營邦,12,3,9,宏遠-桃園,2023-08-07,1262
00751B,元大AAA至A公司債,8,0,8,宏遠-桃園,2023-08-07,1262
00931B,統一美債20年,8,0,8,宏遠-桃園,2023-08-07,1262
2883,凱基金,8,0,8,宏遠-桃園,2023-08-07,1262
3230,錦明,8,0,8,宏遠-桃園,2023-08-07,1262
8088,品安,7,0,7,宏遠-桃園,2023-08-07,1262
1609,大亞,7,1,6,宏遠-桃園,2023-08-07,1262
00772B,中信高評級公司債,6,0,6,宏遠-桃園,2023-08-07,1262
00650L,復華香港正2,8,2,6,宏遠-桃園,2023-08-07,1262
2409,友達,11,5,6,宏遠-桃園,2023-08-07,1262
00712,復華富時不動產,5,0,5,宏遠-桃園,2023-08-07,1262
00764B,群益25年美債,5,0,5,宏遠-桃園,2023-08-07,1262
00753L,中信中國50正2,10,5,5,宏遠-桃園,2023-08-07,1262
2360,致茂,5,0,5,宏遠-桃園,2023-08-07,1262
3013,晟銘電,9,4,5,宏遠-桃園,2023-08-07,1262
3189,景碩,5,0,5,宏遠-桃園,2023-08-07,1262
3264,欣銓,5,0,5,宏遠-桃園,2023-08-07,1262
3481,群創,6,1,5,宏遠-桃園,2023-08-07,1262
3583,辛耘,6,1,5,宏遠-桃園,2023-08-07,1262
6138,茂達,5,0,5,宏遠-桃園,2023-08-07,1262
6461,益得,5,0,5,宏遠-桃園,2023-08-07,1262
1714,和桐,180,0,180,宏遠-桃園,2023-08-08,1262
8050,廣積,130,0,130,宏遠-桃園,2023-08-08,1262
00931B,統一美債20年,69,0,69,宏遠-桃園,2023-08-08,1262
3231,緯創,117,57,60,宏遠-桃園,2023-08-08,1262
00665L,富邦�琤肭磪囓�2,60,0,60,宏遠-桃園,2023-08-08,1262
2385,群光,58,0,58,宏遠-桃園,2023-08-08,1262
9927,泰銘,52,0,52,宏遠-桃園,2023-08-08,1262
6139,亞翔,39,1,38,宏遠-桃園,2023-08-08,1262
3038,全台,37,0,37,宏遠-桃園,2023-08-08,1262
2359,所羅門,38,2,36,宏遠-桃園,2023-08-08,1262
00679B,元大美債20年,28,1,27,宏遠-桃園,2023-08-08,1262
00650L,復華香港正2,28,1,27,宏遠-桃園,2023-08-08,1262
5483,中美晶,27,0,27,宏遠-桃園,2023-08-08,1262
2630,亞航,26,4,22,宏遠-桃園,2023-08-08,1262
2867,三商壽,20,0,20,宏遠-桃園,2023-08-08,1262
5353,台林,21,4,17,宏遠-桃園,2023-08-08,1262
2356,英業達,38,21,17,宏遠-桃園,2023-08-08,1262
2427,三商電,53,38,15,宏遠-桃園,2023-08-08,1262
2891,中信金,14,0,14,宏遠-桃園,2023-08-08,1262
00927,群益半導體收益,14,0,14,宏遠-桃園,2023-08-08,1262
3526,凡甲,14,1,13,宏遠-桃園,2023-08-08,1262
2913,農林,15,2,13,宏遠-桃園,2023-08-08,1262
6111,大宇資,13,1,12,宏遠-桃園,2023-08-08,1262
2313,華通,12,0,12,宏遠-桃園,2023-08-08,1262
6285,啟��,12,2,10,宏遠-桃園,2023-08-08,1262
1444,力麗,10,0,10,宏遠-桃園,2023-08-08,1262
1514,亞力,10,0,10,宏遠-桃園,2023-08-08,1262
1560,中砂,10,0,10,宏遠-桃園,2023-08-08,1262
2014,中鴻,10,0,10,宏遠-桃園,2023-08-08,1262
2369,菱生,10,0,10,宏遠-桃園,2023-08-08,1262
4958,臻鼎-KY,16,6,10,宏遠-桃園,2023-08-08,1262
9919,康那香,9,0,9,宏遠-桃園,2023-08-08,1262
1104,環泥,10,2,8,宏遠-桃園,2023-08-08,1262
00638R,元大滬深300反1,10,2,8,宏遠-桃園,2023-08-08,1262
2303,聯電,39,31,8,宏遠-桃園,2023-08-08,1262
2401,凌陽,10,2,8,宏遠-桃園,2023-08-08,1262
2409,友達,17,9,8,宏遠-桃園,2023-08-08,1262
5258,虹堡,8,0,8,宏遠-桃園,2023-08-08,1262
3455,由田,7,0,7,宏遠-桃園,2023-08-08,1262
8070,長華*,7,0,7,宏遠-桃園,2023-08-08,1262
2382,廣達,51,44,7,宏遠-桃園,2023-08-08,1262
00919,群益台灣精選高息,6,0,6,宏遠-桃園,2023-08-08,1262
3583,辛耘,6,0,6,宏遠-桃園,2023-08-08,1262
4532,瑞智,41,35,6,宏遠-桃園,2023-08-08,1262
1217,愛之味,5,0,5,宏遠-桃園,2023-08-08,1262
02001L,富邦蘋果正二N,6,1,5,宏遠-桃園,2023-08-08,1262
3071,協禧,5,0,5,宏遠-桃園,2023-08-08,1262
4108,懷特,5,0,5,宏遠-桃園,2023-08-08,1262
4572,駐龍,5,0,5,宏遠-桃園,2023-08-08,1262
5284,jpp-KY,6,1,5,宏遠-桃園,2023-08-08,1262
2891,中信金,101,2,99,宏遠-桃園,2023-08-09,1262
00673R,期元大S＆P原油反1,60,0,60,宏遠-桃園,2023-08-09,1262
2867,三商壽,60,0,60,宏遠-桃園,2023-08-09,1262
8050,廣積,60,0,60,宏遠-桃園,2023-08-09,1262
00857B,永豐20年美公債,45,0,45,宏遠-桃園,2023-08-09,1262
6139,亞翔,57,16,41,宏遠-桃園,2023-08-09,1262
2303,聯電,65,34,31,宏遠-桃園,2023-08-09,1262
3209,全科,30,0,30,宏遠-桃園,2023-08-09,1262
3231,緯創,35,18,17,宏遠-桃園,2023-08-09,1262
5512,力麒,16,0,16,宏遠-桃園,2023-08-09,1262
3356,奇偶,20,5,15,宏遠-桃園,2023-08-09,1262
8255,朋程,17,2,15,宏遠-桃園,2023-08-09,1262
0056,元大高股息,27,13,14,宏遠-桃園,2023-08-09,1262
00632R,元大台灣50反1,19,5,14,宏遠-桃園,2023-08-09,1262
3481,群創,15,1,14,宏遠-桃園,2023-08-09,1262
1101,台泥,12,0,12,宏遠-桃園,2023-08-09,1262
2913,農林,28,16,12,宏遠-桃園,2023-08-09,1262
3044,健鼎,23,13,10,宏遠-桃園,2023-08-09,1262
1444,力麗,10,0,10,宏遠-桃園,2023-08-09,1262
00665L,富邦�琤肭磪囓�2,15,5,10,宏遠-桃園,2023-08-09,1262
00923,群益台ESG低碳50,10,0,10,宏遠-桃園,2023-08-09,1262
1584,精剛,10,0,10,宏遠-桃園,2023-08-09,1262
2890,永豐金,10,0,10,宏遠-桃園,2023-08-09,1262
3024,憶聲,10,0,10,宏遠-桃園,2023-08-09,1262
3287,廣寰科,10,0,10,宏遠-桃園,2023-08-09,1262
6770,力積電,12,2,10,宏遠-桃園,2023-08-09,1262
2455,全新,10,1,9,宏遠-桃園,2023-08-09,1262
3217,優群,13,4,9,宏遠-桃園,2023-08-09,1262
00878,國泰永續高股息,48,40,8,宏遠-桃園,2023-08-09,1262
2382,廣達,43,36,7,宏遠-桃園,2023-08-09,1262
00720B,元大投資級公司債,7,0,7,宏遠-桃園,2023-08-09,1262
2353,宏��,8,1,7,宏遠-桃園,2023-08-09,1262
6203,海韻電,8,1,7,宏遠-桃園,2023-08-09,1262
2634,漢翔,7,1,6,宏遠-桃園,2023-08-09,1262
1210,大成,9,3,6,宏遠-桃園,2023-08-09,1262
1795,美時,11,5,6,宏遠-桃園,2023-08-09,1262
2881,富邦金,8,2,6,宏遠-桃園,2023-08-09,1262
4106,雃博,6,0,6,宏遠-桃園,2023-08-09,1262
9958,世紀鋼,11,5,6,宏遠-桃園,2023-08-09,1262
2356,英業達,34,29,5,宏遠-桃園,2023-08-09,1262
1104,環泥,5,0,5,宏遠-桃園,2023-08-09,1262
00892,富邦台灣半導體,5,0,5,宏遠-桃園,2023-08-09,1262
00928,中信上櫃ESG30,5,0,5,宏遠-桃園,2023-08-09,1262
00751B,元大AAA至A公司債,5,0,5,宏遠-桃園,2023-08-09,1262
00669R,國泰美國道瓊反1,5,0,5,宏遠-桃園,2023-08-09,1262
1529,樂事綠能,5,0,5,宏遠-桃園,2023-08-09,1262
2027,大成鋼,6,1,5,宏遠-桃園,2023-08-09,1262
2425,承啟,9,4,5,宏遠-桃園,2023-08-09,1262
2515,中工,5,0,5,宏遠-桃園,2023-08-09,1262
2883B,凱基金乙特,5,0,5,宏遠-桃園,2023-08-09,1262
00878,國泰永續高股息,105,3,102,宏遠-桃園,2023-08-10,1262
2382,廣達,90,30,60,宏遠-桃園,2023-08-10,1262
6139,亞翔,48,0,48,宏遠-桃園,2023-08-10,1262
3231,緯創,56,11,45,宏遠-桃園,2023-08-10,1262
5356,協益,37,0,37,宏遠-桃園,2023-08-10,1262
00929,復華台灣科技優息,35,0,35,宏遠-桃園,2023-08-10,1262
1727,中華化,34,0,34,宏遠-桃園,2023-08-10,1262
3287,廣寰科,30,0,30,宏遠-桃園,2023-08-10,1262
2368,金像電,37,9,28,宏遠-桃園,2023-08-10,1262
6156,松上,28,0,28,宏遠-桃園,2023-08-10,1262
3078,僑威,31,4,27,宏遠-桃園,2023-08-10,1262
0056,元大高股息,26,1,25,宏遠-桃園,2023-08-10,1262
2913,農林,25,0,25,宏遠-桃園,2023-08-10,1262
00671R,富邦NASDAQ反1,50,26,24,宏遠-桃園,2023-08-10,1262
2344,華邦電,26,2,24,宏遠-桃園,2023-08-10,1262
00638R,元大滬深300反1,24,2,22,宏遠-桃園,2023-08-10,1262
00907,永豐優息存股,22,0,22,宏遠-桃園,2023-08-10,1262
3163,波若威,35,14,21,宏遠-桃園,2023-08-10,1262
8933,愛地雅,20,1,19,宏遠-桃園,2023-08-10,1262
2867,三商壽,17,0,17,宏遠-桃園,2023-08-10,1262
3481,群創,21,4,17,宏遠-桃園,2023-08-10,1262
2419,仲琦,18,2,16,宏遠-桃園,2023-08-10,1262
00919,群益台灣精選高息,16,0,16,宏遠-桃園,2023-08-10,1262
00733,富邦臺灣中小,15,0,15,宏遠-桃園,2023-08-10,1262
8112,至上,17,2,15,宏遠-桃園,2023-08-10,1262
4977,眾達-KY,14,0,14,宏遠-桃園,2023-08-10,1262
2891,中信金,15,1,14,宏遠-桃園,2023-08-10,1262
1522,堤維西,16,2,14,宏遠-桃園,2023-08-10,1262
2356,英業達,19,5,14,宏遠-桃園,2023-08-10,1262
2363,矽統,21,7,14,宏遠-桃園,2023-08-10,1262
6282,康舒,14,1,13,宏遠-桃園,2023-08-10,1262
2516,新建,15,2,13,宏遠-桃園,2023-08-10,1262
00687B,國泰20年美債,12,0,12,宏遠-桃園,2023-08-10,1262
00927,群益半導體收益,12,0,12,宏遠-桃園,2023-08-10,1262
2303,聯電,48,36,12,宏遠-桃園,2023-08-10,1262
2610,華航,16,4,12,宏遠-桃園,2023-08-10,1262
6515,穎崴,17,5,12,宏遠-桃園,2023-08-10,1262
1802,台玻,11,0,11,宏遠-桃園,2023-08-10,1262
3037,欣興,11,1,10,宏遠-桃園,2023-08-10,1262
1101,台泥,10,0,10,宏遠-桃園,2023-08-10,1262
00930,永豐ESG低碳高息,10,0,10,宏遠-桃園,2023-08-10,1262
1721,三晃,10,0,10,宏遠-桃園,2023-08-10,1262
2369,菱生,10,0,10,宏遠-桃園,2023-08-10,1262
2489,瑞軒,10,0,10,宏遠-桃園,2023-08-10,1262
3071,協禧,10,0,10,宏遠-桃園,2023-08-10,1262
6163,華電網,10,0,10,宏遠-桃園,2023-08-10,1262
9927,泰銘,13,3,10,宏遠-桃園,2023-08-10,1262
00650L,復華香港正2,9,0,9,宏遠-桃園,2023-08-10,1262
3693,營邦,21,12,9,宏遠-桃園,2023-08-10,1262
1104,環泥,8,0,8,宏遠-桃園,2023-08-10,1262
3287,廣寰科,140,0,140,宏遠-桃園,2023-08-11,1262
2359,所羅門,100,4,96,宏遠-桃園,2023-08-11,1262
3363,上詮,64,16,48,宏遠-桃園,2023-08-11,1262
6112,邁達特,40,0,40,宏遠-桃園,2023-08-11,1262
6148,驊宏資,33,0,33,宏遠-桃園,2023-08-11,1262
3202,樺晟,30,0,30,宏遠-桃園,2023-08-11,1262
00671R,富邦NASDAQ反1,50,22,28,宏遠-桃園,2023-08-11,1262
3450,聯鈞,21,0,21,宏遠-桃園,2023-08-11,1262
00751B,元大AAA至A公司債,25,5,20,宏遠-桃園,2023-08-11,1262
1444,力麗,20,0,20,宏遠-桃園,2023-08-11,1262
00772B,中信高評級公司債,19,0,19,宏遠-桃園,2023-08-11,1262
00929,復華台灣科技優息,17,0,17,宏遠-桃園,2023-08-11,1262
5511,德昌,17,0,17,宏遠-桃園,2023-08-11,1262
2618,長榮航,23,8,15,宏遠-桃園,2023-08-11,1262
3481,群創,15,0,15,宏遠-桃園,2023-08-11,1262
4532,瑞智,14,0,14,宏遠-桃園,2023-08-11,1262
4714,永捷,13,0,13,宏遠-桃園,2023-08-11,1262
00878,國泰永續高股息,15,2,13,宏遠-桃園,2023-08-11,1262
2317,鴻海,12,0,12,宏遠-桃園,2023-08-11,1262
00795B,中信美國公債20年,11,0,11,宏遠-桃園,2023-08-11,1262
2376,技嘉,13,2,11,宏遠-桃園,2023-08-11,1262
2891,中信金,10,0,10,宏遠-桃園,2023-08-11,1262
2313,華通,10,0,10,宏遠-桃園,2023-08-11,1262
3231,緯創,44,34,10,宏遠-桃園,2023-08-11,1262
8096,擎亞,10,0,10,宏遠-桃園,2023-08-11,1262
8210,勤誠,14,5,9,宏遠-桃園,2023-08-11,1262
00893,國泰智能電動車,8,0,8,宏遠-桃園,2023-08-11,1262
00857B,永豐20年美公債,12,5,7,宏遠-桃園,2023-08-11,1262
2440,太空梭,7,0,7,宏遠-桃園,2023-08-11,1262
3024,憶聲,7,0,7,宏遠-桃園,2023-08-11,1262
3163,波若威,35,28,7,宏遠-桃園,2023-08-11,1262
6156,松上,7,0,7,宏遠-桃園,2023-08-11,1262
00882,中信中國高股息,6,0,6,宏遠-桃園,2023-08-11,1262
2383,台光電,23,17,6,宏遠-桃園,2023-08-11,1262
6590,普鴻,6,0,6,宏遠-桃園,2023-08-11,1262
8016,矽創,5,0,5,宏遠-桃園,2023-08-11,1262
2801,彰銀,5,0,5,宏遠-桃園,2023-08-11,1262
6290,良維,5,0,5,宏遠-桃園,2023-08-11,1262
00927,群益半導體收益,5,0,5,宏遠-桃園,2023-08-11,1262
00931B,統一美債20年,5,0,5,宏遠-桃園,2023-08-11,1262
2101,南港,5,0,5,宏遠-桃園,2023-08-11,1262
2328,廣宇,5,0,5,宏遠-桃園,2023-08-11,1262
2883B,凱基金乙特,5,0,5,宏遠-桃園,2023-08-11,1262
3062,建漢,5,0,5,宏遠-桃園,2023-08-11,1262
3071,協禧,10,5,5,宏遠-桃園,2023-08-11,1262
6182,合晶,5,0,5,宏遠-桃園,2023-08-11,1262
8069,元太,5,0,5,宏遠-桃園,2023-08-11,1262
2886,兆豐金,9,4,5,宏遠-桃園,2023-08-11,1262
2425,承啟,9,4,5,宏遠-桃園,2023-08-11,1262
2330,台積電,4,0,4,宏遠-桃園,2023-08-11,1262
00671R,富邦NASDAQ反1,250,0,250,宏遠-桃園,2023-08-14,1262
00900,富邦特選高股息30,155,2,153,宏遠-桃園,2023-08-14,1262
00679B,元大美債20年,151,0,151,宏遠-桃園,2023-08-14,1262
2344,華邦電,84,1,83,宏遠-桃園,2023-08-14,1262
00878,國泰永續高股息,82,1,81,宏遠-桃園,2023-08-14,1262
3483,力致,79,18,61,宏遠-桃園,2023-08-14,1262
2385,群光,58,0,58,宏遠-桃園,2023-08-14,1262
00929,復華台灣科技優息,43,0,43,宏遠-桃園,2023-08-14,1262
2363,矽統,67,24,43,宏遠-桃園,2023-08-14,1262
8050,廣積,45,3,42,宏遠-桃園,2023-08-14,1262
1587,吉茂,40,0,40,宏遠-桃園,2023-08-14,1262
2610,華航,44,11,33,宏遠-桃園,2023-08-14,1262
1312,國喬,27,0,27,宏遠-桃園,2023-08-14,1262
2402,毅嘉,33,11,22,宏遠-桃園,2023-08-14,1262
2913,農林,21,0,21,宏遠-桃園,2023-08-14,1262
2204,中華,21,1,20,宏遠-桃園,2023-08-14,1262
6415,矽力*-KY,20,0,20,宏遠-桃園,2023-08-14,1262
00637L,元大滬深300正2,26,7,19,宏遠-桃園,2023-08-14,1262
2883,凱基金,16,0,16,宏遠-桃園,2023-08-14,1262
1504,東元,21,5,16,宏遠-桃園,2023-08-14,1262
4714,永捷,15,0,15,宏遠-桃園,2023-08-14,1262
4927,泰鼎-KY,13,0,13,宏遠-桃園,2023-08-14,1262
6219,富旺,13,0,13,宏遠-桃園,2023-08-14,1262
6188,廣明,35,23,12,宏遠-桃園,2023-08-14,1262
2887,台新金,20,8,12,宏遠-桃園,2023-08-14,1262
6112,邁達特,12,0,12,宏遠-桃園,2023-08-14,1262
3504,揚明光,11,0,11,宏遠-桃園,2023-08-14,1262
2618,長榮航,15,4,11,宏遠-桃園,2023-08-14,1262
4123,晟德,10,0,10,宏遠-桃園,2023-08-14,1262
00927,群益半導體收益,10,0,10,宏遠-桃園,2023-08-14,1262
1316,上曜,10,0,10,宏遠-桃園,2023-08-14,1262
1444,力麗,10,0,10,宏遠-桃園,2023-08-14,1262
2890,永豐金,10,0,10,宏遠-桃園,2023-08-14,1262
2929,淘帝-KY,10,0,10,宏遠-桃園,2023-08-14,1262
3231,緯創,20,10,10,宏遠-桃園,2023-08-14,1262
6271,同欣電,11,1,10,宏遠-桃園,2023-08-14,1262
2892,第一金,10,0,10,宏遠-桃園,2023-08-14,1262
2891,中信金,20,10,10,宏遠-桃園,2023-08-14,1262
2027,大成鋼,10,2,8,宏遠-桃園,2023-08-14,1262
00687B,國泰20年美債,8,0,8,宏遠-桃園,2023-08-14,1262
1605,華新,10,2,8,宏遠-桃園,2023-08-14,1262
3308,聯德,13,5,8,宏遠-桃園,2023-08-14,1262
4977,眾達-KY,8,0,8,宏遠-桃園,2023-08-14,1262
0050,元大台灣50,7,0,7,宏遠-桃園,2023-08-14,1262
6547,高端疫苗,12,5,7,宏遠-桃園,2023-08-14,1262
00720B,元大投資級公司債,7,0,7,宏遠-桃園,2023-08-14,1262
00650L,復華香港正2,16,9,7,宏遠-桃園,2023-08-14,1262
00928,中信上櫃ESG30,7,0,7,宏遠-桃園,2023-08-14,1262
3037,欣興,6,0,6,宏遠-桃園,2023-08-14,1262
2886,兆豐金,6,0,6,宏遠-桃園,2023-08-14,1262
00632R,元大台灣50反1,359,24,335,宏遠-桃園,2023-08-15,1262
00679B,元大美債20年,195,6,189,宏遠-桃園,2023-08-15,1262
2324,仁寶,169,34,135,宏遠-桃園,2023-08-15,1262
00929,復華台灣科技優息,128,0,128,宏遠-桃園,2023-08-15,1262
2891,中信金,90,0,90,宏遠-桃園,2023-08-15,1262
00650L,復華香港正2,101,14,87,宏遠-桃園,2023-08-15,1262
00923,群益台ESG低碳50,42,0,42,宏遠-桃園,2023-08-15,1262
2834,臺企銀,33,0,33,宏遠-桃園,2023-08-15,1262
8109,博大,31,0,31,宏遠-桃園,2023-08-15,1262
00907,永豐優息存股,25,0,25,宏遠-桃園,2023-08-15,1262
2385,群光,25,0,25,宏遠-桃園,2023-08-15,1262
2745,五福,21,0,21,宏遠-桃園,2023-08-15,1262
5880,合庫金,21,0,21,宏遠-桃園,2023-08-15,1262
00900,富邦特選高股息30,20,0,20,宏遠-桃園,2023-08-15,1262
1529,樂事綠能,20,0,20,宏遠-桃園,2023-08-15,1262
2618,長榮航,31,11,20,宏遠-桃園,2023-08-15,1262
00751B,元大AAA至A公司債,18,0,18,宏遠-桃園,2023-08-15,1262
3078,僑威,24,7,17,宏遠-桃園,2023-08-15,1262
00720B,元大投資級公司債,20,5,15,宏遠-桃園,2023-08-15,1262
2476,鉅祥,15,0,15,宏遠-桃園,2023-08-15,1262
6219,富旺,15,0,15,宏遠-桃園,2023-08-15,1262
2359,所羅門,14,0,14,宏遠-桃園,2023-08-15,1262
00882,中信中國高股息,10,0,10,宏遠-桃園,2023-08-15,1262
1444,力麗,10,0,10,宏遠-桃園,2023-08-15,1262
6187,萬潤,10,0,10,宏遠-桃園,2023-08-15,1262
6274,台燿,12,2,10,宏遠-桃園,2023-08-15,1262
6275,元山,10,0,10,宏遠-桃園,2023-08-15,1262
4155,訊映,9,0,9,宏遠-桃園,2023-08-15,1262
00680L,元大美債20正2,8,0,8,宏遠-桃園,2023-08-15,1262
1319,東陽,11,3,8,宏遠-桃園,2023-08-15,1262
3044,健鼎,8,0,8,宏遠-桃園,2023-08-15,1262
3230,錦明,8,0,8,宏遠-桃園,2023-08-15,1262
3374,精材,8,0,8,宏遠-桃園,2023-08-15,1262
1217,愛之味,8,1,7,宏遠-桃園,2023-08-15,1262
00878,國泰永續高股息,12,5,7,宏遠-桃園,2023-08-15,1262
1795,美時,11,4,7,宏遠-桃園,2023-08-15,1262
2317,鴻海,13,7,6,宏遠-桃園,2023-08-15,1262
00706L,期元大S＆P日圓正2,6,0,6,宏遠-桃園,2023-08-15,1262
1802,台玻,6,0,6,宏遠-桃園,2023-08-15,1262
2022,聚亨,7,1,6,宏遠-桃園,2023-08-15,1262
6415,矽力*-KY,5,0,5,宏遠-桃園,2023-08-15,1262
00637L,元大滬深300正2,8,3,5,宏遠-桃園,2023-08-15,1262
00924,復華S＆P500成長,5,0,5,宏遠-桃園,2023-08-15,1262
00772B,中信高評級公司債,5,0,5,宏遠-桃園,2023-08-15,1262
2002,中鋼,5,0,5,宏遠-桃園,2023-08-15,1262
2883B,凱基金乙特,5,0,5,宏遠-桃園,2023-08-15,1262
3450,聯鈞,5,0,5,宏遠-桃園,2023-08-15,1262
6547,高端疫苗,14,9,5,宏遠-桃園,2023-08-15,1262
8033,雷虎,5,0,5,宏遠-桃園,2023-08-15,1262
1609,大亞,5,0,5,宏遠-桃園,2023-08-15,1262
2303,聯電,169,2,167,宏遠-桃園,2023-08-16,1262
00708L,期元大S＆P黃金正2,100,0,100,宏遠-桃園,2023-08-16,1262
2359,所羅門,97,0,97,宏遠-桃園,2023-08-16,1262
2891,中信金,71,0,71,宏遠-桃園,2023-08-16,1262
00923,群益台ESG低碳50,60,0,60,宏遠-桃園,2023-08-16,1262
2618,長榮航,61,11,50,宏遠-桃園,2023-08-16,1262
00878,國泰永續高股息,43,7,36,宏遠-桃園,2023-08-16,1262
9927,泰銘,36,0,36,宏遠-桃園,2023-08-16,1262
2344,華邦電,30,0,30,宏遠-桃園,2023-08-16,1262
4167,松瑞藥,25,0,25,宏遠-桃園,2023-08-16,1262
2363,矽統,35,12,23,宏遠-桃園,2023-08-16,1262
2834,臺企銀,22,0,22,宏遠-桃園,2023-08-16,1262
00907,永豐優息存股,21,0,21,宏遠-桃園,2023-08-16,1262
2419,仲琦,21,0,21,宏遠-桃園,2023-08-16,1262
00900,富邦特選高股息30,21,1,20,宏遠-桃園,2023-08-16,1262
00892,富邦台灣半導體,20,0,20,宏遠-桃園,2023-08-16,1262
3287,廣寰科,20,0,20,宏遠-桃園,2023-08-16,1262
3706,神達,21,1,20,宏遠-桃園,2023-08-16,1262
4909,新復興,20,0,20,宏遠-桃園,2023-08-16,1262
8069,元太,20,1,19,宏遠-桃園,2023-08-16,1262
3014,聯陽,18,1,17,宏遠-桃園,2023-08-16,1262
00650L,復華香港正2,23,6,17,宏遠-桃園,2023-08-16,1262
5014,建錩,21,4,17,宏遠-桃園,2023-08-16,1262
2332,友訊,20,4,16,宏遠-桃園,2023-08-16,1262
6026,福邦證,16,0,16,宏遠-桃園,2023-08-16,1262
6125,廣運,19,6,13,宏遠-桃園,2023-08-16,1262
2609,陽明,34,21,13,宏遠-桃園,2023-08-16,1262
3044,健鼎,39,26,13,宏遠-桃園,2023-08-16,1262
00638R,元大滬深300反1,12,0,12,宏遠-桃園,2023-08-16,1262
2603,長榮,12,0,12,宏遠-桃園,2023-08-16,1262
2317,鴻海,26,15,11,宏遠-桃園,2023-08-16,1262
2610,華航,11,0,11,宏遠-桃園,2023-08-16,1262
1529,樂事綠能,16,5,11,宏遠-桃園,2023-08-16,1262
6770,力積電,10,0,10,宏遠-桃園,2023-08-16,1262
1210,大成,10,0,10,宏遠-桃園,2023-08-16,1262
00929,復華台灣科技優息,10,0,10,宏遠-桃園,2023-08-16,1262
1591,駿吉-KY,10,0,10,宏遠-桃園,2023-08-16,1262
2606,裕民,10,0,10,宏遠-桃園,2023-08-16,1262
6112,邁達特,13,3,10,宏遠-桃園,2023-08-16,1262
9958,世紀鋼,10,0,10,宏遠-桃園,2023-08-16,1262
00772B,中信高評級公司債,9,0,9,宏遠-桃園,2023-08-16,1262
2301,光寶科,13,4,9,宏遠-桃園,2023-08-16,1262
1504,東元,8,0,8,宏遠-桃園,2023-08-16,1262
3043,科風,10,2,8,宏遠-桃園,2023-08-16,1262
6274,台燿,19,11,8,宏遠-桃園,2023-08-16,1262
1101,台泥,7,0,7,宏遠-桃園,2023-08-16,1262
2890,永豐金,7,0,7,宏遠-桃園,2023-08-16,1262
00931B,統一美債20年,7,0,7,宏遠-桃園,2023-08-16,1262
1802,台玻,7,0,7,宏遠-桃園,2023-08-16,1262
3481,群創,7,0,7,宏遠-桃園,2023-08-16,1262
00637L,元大滬深300正2,304,2,302,宏遠-桃園,2023-08-17,1262
00632R,元大台灣50反1,201,20,181,宏遠-桃園,2023-08-17,1262
00708L,期元大S＆P黃金正2,100,0,100,宏遠-桃園,2023-08-17,1262
1714,和桐,77,0,77,宏遠-桃園,2023-08-17,1262
2385,群光,54,0,54,宏遠-桃園,2023-08-17,1262
00929,復華台灣科技優息,37,0,37,宏遠-桃園,2023-08-17,1262
00931B,統一美債20年,25,0,25,宏遠-桃園,2023-08-17,1262
00679B,元大美債20年,28,3,25,宏遠-桃園,2023-08-17,1262
5483,中美晶,24,0,24,宏遠-桃園,2023-08-17,1262
00857B,永豐20年美公債,20,0,20,宏遠-桃園,2023-08-17,1262
2014,中鴻,20,0,20,宏遠-桃園,2023-08-17,1262
2329,華泰,25,5,20,宏遠-桃園,2023-08-17,1262
6244,茂迪,20,0,20,宏遠-桃園,2023-08-17,1262
8034,榮群,20,2,18,宏遠-桃園,2023-08-17,1262
2816,旺旺保,17,0,17,宏遠-桃園,2023-08-17,1262
3325,旭品,31,14,17,宏遠-桃園,2023-08-17,1262
2359,所羅門,15,0,15,宏遠-桃園,2023-08-17,1262
3036A,文曄甲特,14,0,14,宏遠-桃園,2023-08-17,1262
00923,群益台ESG低碳50,13,0,13,宏遠-桃園,2023-08-17,1262
3056,富華新,15,2,13,宏遠-桃園,2023-08-17,1262
8155,博智,14,1,13,宏遠-桃園,2023-08-17,1262
1503,士電,12,0,12,宏遠-桃園,2023-08-17,1262
2498,宏達電,17,5,12,宏遠-桃園,2023-08-17,1262
00638R,元大滬深300反1,11,0,11,宏遠-桃園,2023-08-17,1262
2104,國際中橡,10,0,10,宏遠-桃園,2023-08-17,1262
3548,兆利,18,8,10,宏遠-桃園,2023-08-17,1262
3596,智易,10,0,10,宏遠-桃園,2023-08-17,1262
1609,大亞,23,14,9,宏遠-桃園,2023-08-17,1262
2324,仁寶,42,33,9,宏遠-桃園,2023-08-17,1262
006208,富邦台50,8,0,8,宏遠-桃園,2023-08-17,1262
2421,建準,17,9,8,宏遠-桃園,2023-08-17,1262
2610,華航,11,3,8,宏遠-桃園,2023-08-17,1262
3581,博磊,8,0,8,宏遠-桃園,2023-08-17,1262
3693,營邦,21,13,8,宏遠-桃園,2023-08-17,1262
3105,穩懋,7,0,7,宏遠-桃園,2023-08-17,1262
6219,富旺,7,0,7,宏遠-桃園,2023-08-17,1262
8069,元太,14,7,7,宏遠-桃園,2023-08-17,1262
8050,廣積,13,6,7,宏遠-桃園,2023-08-17,1262
6125,廣運,28,21,7,宏遠-桃園,2023-08-17,1262
2883,凱基金,8,2,6,宏遠-桃園,2023-08-17,1262
00795B,中信美國公債20年,6,0,6,宏遠-桃園,2023-08-17,1262
2409,友達,6,0,6,宏遠-桃園,2023-08-17,1262
2880,華南金,6,0,6,宏遠-桃園,2023-08-17,1262
4532,瑞智,6,0,6,宏遠-桃園,2023-08-17,1262
4572,駐龍,6,0,6,宏遠-桃園,2023-08-17,1262
6015,宏遠證,6,0,6,宏遠-桃園,2023-08-17,1262
5880,合庫金,5,0,5,宏遠-桃園,2023-08-17,1262
8210,勤誠,9,4,5,宏遠-桃園,2023-08-17,1262
00772B,中信高評級公司債,5,0,5,宏遠-桃園,2023-08-17,1262
1784,訊聯,15,10,5,宏遠-桃園,2023-08-17,1262
3715,定穎投控,196,83,113,宏遠-桃園,2023-08-18,1262
3014,聯陽,92,10,82,宏遠-桃園,2023-08-18,1262
8109,博大,60,0,60,宏遠-桃園,2023-08-18,1262
00929,復華台灣科技優息,51,0,51,宏遠-桃園,2023-08-18,1262
00878,國泰永續高股息,53,3,50,宏遠-桃園,2023-08-18,1262
3231,緯創,79,43,36,宏遠-桃園,2023-08-18,1262
4207,環泰,38,2,36,宏遠-桃園,2023-08-18,1262
3704,合勤控,35,0,35,宏遠-桃園,2023-08-18,1262
00931B,統一美債20年,51,19,32,宏遠-桃園,2023-08-18,1262
00772B,中信高評級公司債,29,0,29,宏遠-桃園,2023-08-18,1262
2332,友訊,28,4,24,宏遠-桃園,2023-08-18,1262
6770,力積電,23,1,22,宏遠-桃園,2023-08-18,1262
2344,華邦電,20,0,20,宏遠-桃園,2023-08-18,1262
2409,友達,20,0,20,宏遠-桃園,2023-08-18,1262
2884,玉山金,22,2,20,宏遠-桃園,2023-08-18,1262
3325,旭品,38,18,20,宏遠-桃園,2023-08-18,1262
4906,正文,19,0,19,宏遠-桃園,2023-08-18,1262
3078,僑威,35,16,19,宏遠-桃園,2023-08-18,1262
3483,力致,23,5,18,宏遠-桃園,2023-08-18,1262
00687B,國泰20年美債,15,0,15,宏遠-桃園,2023-08-18,1262
00885,富邦越南,30,15,15,宏遠-桃園,2023-08-18,1262
2330,台積電,13,0,13,宏遠-桃園,2023-08-18,1262
00900,富邦特選高股息30,11,0,11,宏遠-桃園,2023-08-18,1262
2892,第一金,10,0,10,宏遠-桃園,2023-08-18,1262
3035,智原,26,16,10,宏遠-桃園,2023-08-18,1262
00919,群益台灣精選高息,10,0,10,宏遠-桃園,2023-08-18,1262
00638R,元大滬深300反1,10,0,10,宏遠-桃園,2023-08-18,1262
00719B,元大美債1-3,10,0,10,宏遠-桃園,2023-08-18,1262
1444,力麗,10,0,10,宏遠-桃園,2023-08-18,1262
2371,大同,11,1,10,宏遠-桃園,2023-08-18,1262
2516,新建,10,0,10,宏遠-桃園,2023-08-18,1262
3163,波若威,21,11,10,宏遠-桃園,2023-08-18,1262
6125,廣運,11,1,10,宏遠-桃園,2023-08-18,1262
6139,亞翔,15,5,10,宏遠-桃園,2023-08-18,1262
8155,博智,10,0,10,宏遠-桃園,2023-08-18,1262
2014,中鴻,9,0,9,宏遠-桃園,2023-08-18,1262
4155,訊映,9,0,9,宏遠-桃園,2023-08-18,1262
00724B,群益投資級金融債,8,0,8,宏遠-桃園,2023-08-18,1262
2845,遠東銀,8,0,8,宏遠-桃園,2023-08-18,1262
8936,國統,8,0,8,宏遠-桃園,2023-08-18,1262
2421,建準,15,8,7,宏遠-桃園,2023-08-18,1262
1504,東元,8,1,7,宏遠-桃園,2023-08-18,1262
2890,永豐金,7,0,7,宏遠-桃園,2023-08-18,1262
1471,首利,8,1,7,宏遠-桃園,2023-08-18,1262
2324,仁寶,13,6,7,宏遠-桃園,2023-08-18,1262
8034,榮群,7,0,7,宏遠-桃園,2023-08-18,1262
1101,台泥,7,0,7,宏遠-桃園,2023-08-18,1262
02001L,富邦蘋果正二N,6,0,6,宏遠-桃園,2023-08-18,1262
00922,國泰台灣領袖50,6,0,6,宏遠-桃園,2023-08-18,1262
1467,南緯,6,0,6,宏遠-桃園,2023-08-18,1262
00929,復華台灣科技優息,61,0,61,宏遠-桃園,2023-08-21,1262
00632R,元大台灣50反1,51,0,51,宏遠-桃園,2023-08-21,1262
2363,矽統,120,82,38,宏遠-桃園,2023-08-21,1262
2618,長榮航,42,7,35,宏遠-桃園,2023-08-21,1262
2329,華泰,32,5,27,宏遠-桃園,2023-08-21,1262
2611,志信,26,0,26,宏遠-桃園,2023-08-21,1262
00719B,元大美債1-3,25,0,25,宏遠-桃園,2023-08-21,1262
00720B,元大投資級公司債,18,0,18,宏遠-桃園,2023-08-21,1262
3483,力致,41,25,16,宏遠-桃園,2023-08-21,1262
00712,復華富時不動產,14,0,14,宏遠-桃園,2023-08-21,1262
3306,鼎天,53,39,14,宏遠-桃園,2023-08-21,1262
5236,凌陽創新,13,0,13,宏遠-桃園,2023-08-21,1262
6664,群翊,12,0,12,宏遠-桃園,2023-08-21,1262
2365,昆盈,12,0,12,宏遠-桃園,2023-08-21,1262
2880,華南金,11,0,11,宏遠-桃園,2023-08-21,1262
3078,僑威,17,6,11,宏遠-桃園,2023-08-21,1262
3363,上詮,17,6,11,宏遠-桃園,2023-08-21,1262
2886,兆豐金,10,0,10,宏遠-桃園,2023-08-21,1262
2201,裕隆,10,0,10,宏遠-桃園,2023-08-21,1262
1444,力麗,10,0,10,宏遠-桃園,2023-08-21,1262
00882,中信中國高股息,11,1,10,宏遠-桃園,2023-08-21,1262
1710,東聯,10,0,10,宏遠-桃園,2023-08-21,1262
2834,臺企銀,10,0,10,宏遠-桃園,2023-08-21,1262
00650L,復華香港正2,24,15,9,宏遠-桃園,2023-08-21,1262
00751B,元大AAA至A公司債,9,0,9,宏遠-桃園,2023-08-21,1262
2610,華航,19,10,9,宏遠-桃園,2023-08-21,1262
00931B,統一美債20年,8,0,8,宏遠-桃園,2023-08-21,1262
2371,大同,8,0,8,宏遠-桃園,2023-08-21,1262
3693,營邦,11,3,8,宏遠-桃園,2023-08-21,1262
3689,湧德,7,0,7,宏遠-桃園,2023-08-21,1262
8109,博大,6,0,6,宏遠-桃園,2023-08-21,1262
2883,凱基金,6,0,6,宏遠-桃園,2023-08-21,1262
3035,智原,16,10,6,宏遠-桃園,2023-08-21,1262
6285,啟��,15,10,5,宏遠-桃園,2023-08-21,1262
00864B,中信美國公債0-1,5,0,5,宏遠-桃園,2023-08-21,1262
2374,佳能,5,0,5,宏遠-桃園,2023-08-21,1262
2436,偉詮電,5,0,5,宏遠-桃園,2023-08-21,1262
3005,神基,5,0,5,宏遠-桃園,2023-08-21,1262
3049,精金,5,0,5,宏遠-桃園,2023-08-21,1262
6202,盛群,5,0,5,宏遠-桃園,2023-08-21,1262
6275,元山,5,0,5,宏遠-桃園,2023-08-21,1262
8358,金居,7,2,5,宏遠-桃園,2023-08-21,1262
9904,寶成,5,0,5,宏遠-桃園,2023-08-21,1262
0050,元大台灣50,5,0,5,宏遠-桃園,2023-08-21,1262
00679B,元大美債20年,6,1,5,宏遠-桃園,2023-08-21,1262
1603,華電,4,0,4,宏遠-桃園,2023-08-21,1262
2324,仁寶,4,0,4,宏遠-桃園,2023-08-21,1262
2332,友訊,21,17,4,宏遠-桃園,2023-08-21,1262
2356,英業達,8,4,4,宏遠-桃園,2023-08-21,1262
3017,奇鋐,4,0,4,宏遠-桃園,2023-08-21,1262
00687B,國泰20年美債,503,1,502,宏遠-桃園,2023-08-22,1262
2913,農林,252,0,252,宏遠-桃園,2023-08-22,1262
2401,凌陽,72,0,72,宏遠-桃園,2023-08-22,1262
3694,海華,66,0,66,宏遠-桃園,2023-08-22,1262
6167,久正,60,0,60,宏遠-桃園,2023-08-22,1262
3308,聯德,46,1,45,宏遠-桃園,2023-08-22,1262
2645,長榮航太,53,9,44,宏遠-桃園,2023-08-22,1262
6125,廣運,64,34,30,宏遠-桃園,2023-08-22,1262
8213,志超,30,0,30,宏遠-桃園,2023-08-22,1262
4207,環泰,23,0,23,宏遠-桃園,2023-08-22,1262
2303,聯電,27,6,21,宏遠-桃園,2023-08-22,1262
4979,華星光,24,3,21,宏遠-桃園,2023-08-22,1262
3483,力致,22,2,20,宏遠-桃園,2023-08-22,1262
2363,矽統,119,100,19,宏遠-桃園,2023-08-22,1262
6235,華孚,31,14,17,宏遠-桃園,2023-08-22,1262
2883,凱基金,17,0,17,宏遠-桃園,2023-08-22,1262
4532,瑞智,17,0,17,宏遠-桃園,2023-08-22,1262
00637L,元大滬深300正2,16,0,16,宏遠-桃園,2023-08-22,1262
00632R,元大台灣50反1,16,0,16,宏遠-桃園,2023-08-22,1262
3325,旭品,30,14,16,宏遠-桃園,2023-08-22,1262
3567,逸昌,15,0,15,宏遠-桃園,2023-08-22,1262
1609,大亞,14,0,14,宏遠-桃園,2023-08-22,1262
1905,華紙,14,0,14,宏遠-桃園,2023-08-22,1262
2834,臺企銀,14,0,14,宏遠-桃園,2023-08-22,1262
6191,精成科,15,1,14,宏遠-桃園,2023-08-22,1262
00929,復華台灣科技優息,13,0,13,宏遠-桃園,2023-08-22,1262
3362,先進光,19,6,13,宏遠-桃園,2023-08-22,1262
1444,力麗,12,0,12,宏遠-桃園,2023-08-22,1262
3380,明泰,11,0,11,宏遠-桃園,2023-08-22,1262
1477,聚陽,10,0,10,宏遠-桃園,2023-08-22,1262
00900,富邦特選高股息30,10,0,10,宏遠-桃園,2023-08-22,1262
5432,新門,10,0,10,宏遠-桃園,2023-08-22,1262
6112,邁達特,10,0,10,宏遠-桃園,2023-08-22,1262
1101,台泥,11,2,9,宏遠-桃園,2023-08-22,1262
1522,堤維西,12,3,9,宏遠-桃園,2023-08-22,1262
5014,建錩,8,0,8,宏遠-桃園,2023-08-22,1262
5521,工信,8,0,8,宏遠-桃園,2023-08-22,1262
6116,彩晶,11,3,8,宏遠-桃園,2023-08-22,1262
6515,穎崴,12,4,8,宏遠-桃園,2023-08-22,1262
3037,欣興,8,0,8,宏遠-桃園,2023-08-22,1262
2881,富邦金,7,0,7,宏遠-桃園,2023-08-22,1262
2324,仁寶,9,2,7,宏遠-桃園,2023-08-22,1262
1513,中興電,9,2,7,宏遠-桃園,2023-08-22,1262
6275,元山,8,1,7,宏遠-桃園,2023-08-22,1262
2402,毅嘉,6,0,6,宏遠-桃園,2023-08-22,1262
2417,圓剛,6,0,6,宏遠-桃園,2023-08-22,1262
3702A,大聯大甲特,6,0,6,宏遠-桃園,2023-08-22,1262
00715L,期街口布蘭特正2,5,0,5,宏遠-桃園,2023-08-22,1262
00719B,元大美債1-3,5,0,5,宏遠-桃園,2023-08-22,1262
00893,國泰智能電動車,5,0,5,宏遠-桃園,2023-08-22,1262
00632R,元大台灣50反1,710,18,692,宏遠-桃園,2023-08-23,1262
00687B,國泰20年美債,500,27,473,宏遠-桃園,2023-08-23,1262
2913,農林,185,0,185,宏遠-桃園,2023-08-23,1262
2618,長榮航,100,2,98,宏遠-桃園,2023-08-23,1262
4938,和碩,50,1,49,宏遠-桃園,2023-08-23,1262
2486,一詮,48,7,41,宏遠-桃園,2023-08-23,1262
2634,漢翔,42,2,40,宏遠-桃園,2023-08-23,1262
6163,華電網,38,0,38,宏遠-桃園,2023-08-23,1262
2884,玉山金,32,0,32,宏遠-桃園,2023-08-23,1262
4207,環泰,30,0,30,宏遠-桃園,2023-08-23,1262
5356,協益,28,0,28,宏遠-桃園,2023-08-23,1262
3078,僑威,27,5,22,宏遠-桃園,2023-08-23,1262
4906,正文,23,4,19,宏遠-桃園,2023-08-23,1262
00929,復華台灣科技優息,16,0,16,宏遠-桃園,2023-08-23,1262
3163,波若威,22,9,13,宏遠-桃園,2023-08-23,1262
3617,碩天,11,1,10,宏遠-桃園,2023-08-23,1262
2402,毅嘉,12,2,10,宏遠-桃園,2023-08-23,1262
2915,潤泰全,10,0,10,宏遠-桃園,2023-08-23,1262
3011,今皓,10,0,10,宏遠-桃園,2023-08-23,1262
3694,海華,10,0,10,宏遠-桃園,2023-08-23,1262
5309,系統電,10,0,10,宏遠-桃園,2023-08-23,1262
5371,中光電,10,0,10,宏遠-桃園,2023-08-23,1262
6244,茂迪,10,0,10,宏遠-桃園,2023-08-23,1262
2383,台光電,16,7,9,宏遠-桃園,2023-08-23,1262
2610,華航,18,9,9,宏遠-桃園,2023-08-23,1262
8027,鈦昇,15,6,9,宏遠-桃園,2023-08-23,1262
006208,富邦台50,9,0,9,宏遠-桃園,2023-08-23,1262
2520,冠德,8,0,8,宏遠-桃園,2023-08-23,1262
1471,首利,9,2,7,宏遠-桃園,2023-08-23,1262
2329,華泰,12,5,7,宏遠-桃園,2023-08-23,1262
6116,彩晶,7,0,7,宏遠-桃園,2023-08-23,1262
3483,力致,8,2,6,宏遠-桃園,2023-08-23,1262
00638R,元大滬深300反1,6,0,6,宏遠-桃園,2023-08-23,1262
2324,仁寶,8,2,6,宏遠-桃園,2023-08-23,1262
2516,新建,6,0,6,宏遠-桃園,2023-08-23,1262
2609,陽明,8,2,6,宏遠-桃園,2023-08-23,1262
2889,國票金,6,0,6,宏遠-桃園,2023-08-23,1262
3380,明泰,6,0,6,宏遠-桃園,2023-08-23,1262
3689,湧德,6,0,6,宏遠-桃園,2023-08-23,1262
5464,霖宏,6,0,6,宏遠-桃園,2023-08-23,1262
9919,康那香,6,0,6,宏遠-桃園,2023-08-23,1262
2345,智邦,5,0,5,宏遠-桃園,2023-08-23,1262
1529,樂事綠能,5,0,5,宏遠-桃園,2023-08-23,1262
00761B,國泰A級公司債,5,0,5,宏遠-桃園,2023-08-23,1262
2851,中再保,5,0,5,宏遠-桃園,2023-08-23,1262
3055,蔚華科,5,0,5,宏遠-桃園,2023-08-23,1262
5202,力新,5,0,5,宏遠-桃園,2023-08-23,1262
2611,志信,13,9,4,宏遠-桃園,2023-08-23,1262
00923,群益台ESG低碳50,4,0,4,宏遠-桃園,2023-08-23,1262
00900,富邦特選高股息30,5,1,4,宏遠-桃園,2023-08-23,1262
00632R,元大台灣50反1,316,33,283,宏遠-桃園,2023-08-24,1262
2363,矽統,347,88,259,宏遠-桃園,2023-08-24,1262
2329,華泰,107,12,95,宏遠-桃園,2023-08-24,1262
2449,京元電子,114,37,77,宏遠-桃園,2023-08-24,1262
2618,長榮航,51,0,51,宏遠-桃園,2023-08-24,1262
3013,晟銘電,47,2,45,宏遠-桃園,2023-08-24,1262
1316,上曜,30,0,30,宏遠-桃園,2023-08-24,1262
6163,華電網,30,0,30,宏遠-桃園,2023-08-24,1262
6770,力積電,30,0,30,宏遠-桃園,2023-08-24,1262
00929,復華台灣科技優息,26,1,25,宏遠-桃園,2023-08-24,1262
5483,中美晶,27,2,25,宏遠-桃園,2023-08-24,1262
00919,群益台灣精選高息,25,1,24,宏遠-桃園,2023-08-24,1262
1529,樂事綠能,21,0,21,宏遠-桃園,2023-08-24,1262
2468,華經,21,0,21,宏遠-桃園,2023-08-24,1262
1711,永光,20,0,20,宏遠-桃園,2023-08-24,1262
2383,台光電,27,8,19,宏遠-桃園,2023-08-24,1262
2324,仁寶,18,1,17,宏遠-桃園,2023-08-24,1262
3011,今皓,17,0,17,宏遠-桃園,2023-08-24,1262
3044,健鼎,21,5,16,宏遠-桃園,2023-08-24,1262
6125,廣運,27,11,16,宏遠-桃園,2023-08-24,1262
2382,廣達,66,50,16,宏遠-桃園,2023-08-24,1262
1717,長興,15,0,15,宏遠-桃園,2023-08-24,1262
2356,英業達,41,28,13,宏遠-桃園,2023-08-24,1262
3094,聯傑,15,3,12,宏遠-桃園,2023-08-24,1262
1444,力麗,10,0,10,宏遠-桃園,2023-08-24,1262
00923,群益台ESG低碳50,10,0,10,宏遠-桃園,2023-08-24,1262
00900,富邦特選高股息30,11,1,10,宏遠-桃園,2023-08-24,1262
2313,華通,10,0,10,宏遠-桃園,2023-08-24,1262
9908,大台北,10,0,10,宏遠-桃園,2023-08-24,1262
8050,廣積,13,4,9,宏遠-桃園,2023-08-24,1262
00637L,元大滬深300正2,10,1,9,宏遠-桃園,2023-08-24,1262
4532,瑞智,8,0,8,宏遠-桃園,2023-08-24,1262
1603,華電,7,0,7,宏遠-桃園,2023-08-24,1262
5452,佶優,22,15,7,宏遠-桃園,2023-08-24,1262
3231,緯創,46,39,7,宏遠-桃園,2023-08-24,1262
6290,良維,6,0,6,宏遠-桃園,2023-08-24,1262
3596,智易,13,8,5,宏遠-桃園,2023-08-24,1262
00751B,元大AAA至A公司債,5,0,5,宏遠-桃園,2023-08-24,1262
2337,旺宏,5,0,5,宏遠-桃園,2023-08-24,1262
2399,映泰,5,0,5,宏遠-桃園,2023-08-24,1262
2427,三商電,5,0,5,宏遠-桃園,2023-08-24,1262
2489,瑞軒,5,0,5,宏遠-桃園,2023-08-24,1262
5202,力新,5,0,5,宏遠-桃園,2023-08-24,1262
3617,碩天,5,0,5,宏遠-桃園,2023-08-24,1262
00638R,元大滬深300反1,11,7,4,宏遠-桃園,2023-08-24,1262
00772B,中信高評級公司債,5,1,4,宏遠-桃園,2023-08-24,1262
1737,臺鹽,4,0,4,宏遠-桃園,2023-08-24,1262
3508,位速,6,2,4,宏遠-桃園,2023-08-24,1262
3702A,大聯大甲特,4,0,4,宏遠-桃園,2023-08-24,1262
5410,國眾,4,0,4,宏遠-桃園,2023-08-24,1262
00929,復華台灣科技優息,83,0,83,宏遠-桃園,2023-08-25,1262
2913,農林,100,30,70,宏遠-桃園,2023-08-25,1262
2485,兆赫,98,33,65,宏遠-桃園,2023-08-25,1262
2618,長榮航,77,13,64,宏遠-桃園,2023-08-25,1262
2880,華南金,60,0,60,宏遠-桃園,2023-08-25,1262
3231,緯創,64,16,48,宏遠-桃園,2023-08-25,1262
4934,太極,36,4,32,宏遠-桃園,2023-08-25,1262
2812,台中銀,30,0,30,宏遠-桃園,2023-08-25,1262
1587,吉茂,26,0,26,宏遠-桃園,2023-08-25,1262
2303,聯電,54,28,26,宏遠-桃園,2023-08-25,1262
2382,廣達,52,26,26,宏遠-桃園,2023-08-25,1262
00679B,元大美債20年,24,0,24,宏遠-桃園,2023-08-25,1262
00664R,國泰臺灣加權反1,20,0,20,宏遠-桃園,2023-08-25,1262
3325,旭品,20,1,19,宏遠-桃園,2023-08-25,1262
8050,廣積,21,2,19,宏遠-桃園,2023-08-25,1262
2890,永豐金,17,0,17,宏遠-桃園,2023-08-25,1262
2324,仁寶,16,4,12,宏遠-桃園,2023-08-25,1262
2356,英業達,36,25,11,宏遠-桃園,2023-08-25,1262
00893,國泰智能電動車,10,0,10,宏遠-桃園,2023-08-25,1262
2888,新光金,10,0,10,宏遠-桃園,2023-08-25,1262
5371,中光電,15,5,10,宏遠-桃園,2023-08-25,1262
1471,首利,9,0,9,宏遠-桃園,2023-08-25,1262
2610,華航,18,9,9,宏遠-桃園,2023-08-25,1262
2634,漢翔,62,53,9,宏遠-桃園,2023-08-25,1262
8112,至上,10,1,9,宏遠-桃園,2023-08-25,1262
6122,擎邦,8,0,8,宏遠-桃園,2023-08-25,1262
3711,日月光投控,10,2,8,宏遠-桃園,2023-08-25,1262
3037,欣興,9,2,7,宏遠-桃園,2023-08-25,1262
00923,群益台ESG低碳50,7,0,7,宏遠-桃園,2023-08-25,1262
3017,奇鋐,9,2,7,宏遠-桃園,2023-08-25,1262
3702A,大聯大甲特,7,0,7,宏遠-桃園,2023-08-25,1262
5356,協益,7,0,7,宏遠-桃園,2023-08-25,1262
00830,國泰費城半導體,6,0,6,宏遠-桃園,2023-08-25,1262
00720B,元大投資級公司債,7,1,6,宏遠-桃園,2023-08-25,1262
1309,台達化,6,0,6,宏遠-桃園,2023-08-25,1262
1605,華新,6,0,6,宏遠-桃園,2023-08-25,1262
2388,威盛,16,10,6,宏遠-桃園,2023-08-25,1262
2516,新建,10,4,6,宏遠-桃園,2023-08-25,1262
2883,凱基金,6,0,6,宏遠-桃園,2023-08-25,1262
6841,長佳智能,6,0,6,宏遠-桃園,2023-08-25,1262
9908,大台北,6,0,6,宏遠-桃園,2023-08-25,1262
00922,國泰台灣領袖50,5,0,5,宏遠-桃園,2023-08-25,1262
00687B,國泰20年美債,5,0,5,宏遠-桃園,2023-08-25,1262
00641R,富邦日本反1,5,0,5,宏遠-桃園,2023-08-25,1262
1529,樂事綠能,10,5,5,宏遠-桃園,2023-08-25,1262
2206,三陽工業,11,6,5,宏遠-桃園,2023-08-25,1262
2489,瑞軒,5,0,5,宏遠-桃園,2023-08-25,1262
2731,雄獅,5,0,5,宏遠-桃園,2023-08-25,1262
3071,協禧,5,0,5,宏遠-桃園,2023-08-25,1262
3105,穩懋,5,0,5,宏遠-桃園,2023-08-25,1262
2618,長榮航,114,2,112,宏遠-桃園,2023-08-28,1262
2913,農林,87,0,87,宏遠-桃園,2023-08-28,1262
2331,精英,64,10,54,宏遠-桃園,2023-08-28,1262
00671R,富邦NASDAQ反1,50,0,50,宏遠-桃園,2023-08-28,1262
00888,永豐台灣ESG,47,0,47,宏遠-桃園,2023-08-28,1262
8050,廣積,46,1,45,宏遠-桃園,2023-08-28,1262
1714,和桐,43,0,43,宏遠-桃園,2023-08-28,1262
2610,華航,42,0,42,宏遠-桃園,2023-08-28,1262
2329,華泰,43,3,40,宏遠-桃園,2023-08-28,1262
2812,台中銀,40,0,40,宏遠-桃園,2023-08-28,1262
3325,旭品,33,2,31,宏遠-桃園,2023-08-28,1262
00919,群益台灣精選高息,30,0,30,宏遠-桃園,2023-08-28,1262
00929,復華台灣科技優息,60,31,29,宏遠-桃園,2023-08-28,1262
2890,永豐金,31,2,29,宏遠-桃園,2023-08-28,1262
6244,茂迪,29,0,29,宏遠-桃園,2023-08-28,1262
2363,矽統,53,27,26,宏遠-桃園,2023-08-28,1262
2388,威盛,26,0,26,宏遠-桃園,2023-08-28,1262
6163,華電網,22,0,22,宏遠-桃園,2023-08-28,1262
6152,百一,20,0,20,宏遠-桃園,2023-08-28,1262
00638R,元大滬深300反1,18,0,18,宏遠-桃園,2023-08-28,1262
2022,聚亨,20,2,18,宏遠-桃園,2023-08-28,1262
4532,瑞智,17,0,17,宏遠-桃園,2023-08-28,1262
5371,中光電,27,10,17,宏遠-桃園,2023-08-28,1262
2340,台亞,15,0,15,宏遠-桃園,2023-08-28,1262
3078,僑威,15,0,15,宏遠-桃園,2023-08-28,1262
4906,正文,33,19,14,宏遠-桃園,2023-08-28,1262
00900,富邦特選高股息30,12,0,12,宏遠-桃園,2023-08-28,1262
2324,仁寶,12,1,11,宏遠-桃園,2023-08-28,1262
3665,貿聯-KY,21,10,11,宏遠-桃園,2023-08-28,1262
6125,廣運,16,5,11,宏遠-桃園,2023-08-28,1262
2330,台積電,11,0,11,宏遠-桃園,2023-08-28,1262
4956,光鋐,10,0,10,宏遠-桃園,2023-08-28,1262
5285,界霖,10,0,10,宏遠-桃園,2023-08-28,1262
6112,邁達特,10,0,10,宏遠-桃園,2023-08-28,1262
1522,堤維西,14,5,9,宏遠-桃園,2023-08-28,1262
5014,建錩,10,1,9,宏遠-桃園,2023-08-28,1262
2301,光寶科,8,0,8,宏遠-桃園,2023-08-28,1262
3071,協禧,10,2,8,宏遠-桃園,2023-08-28,1262
1609,大亞,7,0,7,宏遠-桃園,2023-08-28,1262
00720B,元大投資級公司債,7,0,7,宏遠-桃園,2023-08-28,1262
00882,中信中國高股息,7,0,7,宏遠-桃園,2023-08-28,1262
3483,力致,6,0,6,宏遠-桃園,2023-08-28,1262
2886,兆豐金,6,0,6,宏遠-桃園,2023-08-28,1262
5452,佶優,7,1,6,宏遠-桃園,2023-08-28,1262
6126,信音,6,0,6,宏遠-桃園,2023-08-28,1262
8016,矽創,8,2,6,宏遠-桃園,2023-08-28,1262
6472,保瑞,6,1,5,宏遠-桃園,2023-08-28,1262
1103,嘉泥,5,0,5,宏遠-桃園,2023-08-28,1262
00687B,國泰20年美債,5,0,5,宏遠-桃園,2023-08-28,1262
00633L,富邦上証正2,5,0,5,宏遠-桃園,2023-08-28,1262
2913,農林,200,0,200,宏遠-桃園,2023-08-29,1262
2883B,凱基金乙特,60,0,60,宏遠-桃園,2023-08-29,1262
2317,鴻海,66,9,57,宏遠-桃園,2023-08-29,1262
00929,復華台灣科技優息,47,0,47,宏遠-桃園,2023-08-29,1262
2816,旺旺保,34,2,32,宏遠-桃園,2023-08-29,1262
2812,台中銀,30,0,30,宏遠-桃園,2023-08-29,1262
2630,亞航,24,1,23,宏遠-桃園,2023-08-29,1262
00919,群益台灣精選高息,21,0,21,宏遠-桃園,2023-08-29,1262
7402,邑錡,24,3,21,宏遠-桃園,2023-08-29,1262
00878,國泰永續高股息,43,22,21,宏遠-桃園,2023-08-29,1262
00772B,中信高評級公司債,20,0,20,宏遠-桃園,2023-08-29,1262
00888,永豐台灣ESG,15,0,15,宏遠-桃園,2023-08-29,1262
6443,元晶,31,19,12,宏遠-桃園,2023-08-29,1262
2022,聚亨,10,0,10,宏遠-桃園,2023-08-29,1262
1217,愛之味,10,0,10,宏遠-桃園,2023-08-29,1262
1216,統一,10,0,10,宏遠-桃園,2023-08-29,1262
00638R,元大滬深300反1,10,0,10,宏遠-桃園,2023-08-29,1262
00725B,國泰投資級公司債,10,0,10,宏遠-桃園,2023-08-29,1262
1815,富喬,10,0,10,宏遠-桃園,2023-08-29,1262
6770,力積電,10,0,10,宏遠-桃園,2023-08-29,1262
2890,永豐金,9,0,9,宏遠-桃園,2023-08-29,1262
3105,穩懋,9,0,9,宏遠-桃園,2023-08-29,1262
8403,盛弘,10,1,9,宏遠-桃園,2023-08-29,1262
5301,寶得利,8,0,8,宏遠-桃園,2023-08-29,1262
00751B,元大AAA至A公司債,7,0,7,宏遠-桃園,2023-08-29,1262
00761B,國泰A級公司債,7,0,7,宏遠-桃園,2023-08-29,1262
2610,華航,7,0,7,宏遠-桃園,2023-08-29,1262
3051,力特,10,3,7,宏遠-桃園,2023-08-29,1262
3567,逸昌,7,0,7,宏遠-桃園,2023-08-29,1262
1471,首利,6,0,6,宏遠-桃園,2023-08-29,1262
2027,大成鋼,5,0,5,宏遠-桃園,2023-08-29,1262
3017,奇鋐,7,2,5,宏遠-桃園,2023-08-29,1262
3071,協禧,5,0,5,宏遠-桃園,2023-08-29,1262
3481,群創,6,1,5,宏遠-桃園,2023-08-29,1262
4155,訊映,5,0,5,宏遠-桃園,2023-08-29,1262
6156,松上,5,0,5,宏遠-桃園,2023-08-29,1262
6191,精成科,5,0,5,宏遠-桃園,2023-08-29,1262
6244,茂迪,5,0,5,宏遠-桃園,2023-08-29,1262
2002,中鋼,5,0,5,宏遠-桃園,2023-08-29,1262
2455,全新,5,1,4,宏遠-桃園,2023-08-29,1262
2903,遠百,5,1,4,宏遠-桃園,2023-08-29,1262
3548,兆利,5,1,4,宏遠-桃園,2023-08-29,1262
8016,矽創,6,2,4,宏遠-桃園,2023-08-29,1262
00882,中信中國高股息,13,10,3,宏遠-桃園,2023-08-29,1262
2376,技嘉,21,18,3,宏遠-桃園,2023-08-29,1262
2399,映泰,3,0,3,宏遠-桃園,2023-08-29,1262
3047,訊舟,3,0,3,宏遠-桃園,2023-08-29,1262
6109,亞元,3,0,3,宏遠-桃園,2023-08-29,1262
3231,緯創,13,10,3,宏遠-桃園,2023-08-29,1262
8112,至上,5,3,2,宏遠-桃園,2023-08-29,1262
00632R,元大台灣50反1,607,9,598,宏遠-桃園,2023-08-30,1262
2401,凌陽,136,6,130,宏遠-桃園,2023-08-30,1262
1714,和桐,50,0,50,宏遠-桃園,2023-08-30,1262
2436,偉詮電,58,23,35,宏遠-桃園,2023-08-30,1262
00929,復華台灣科技優息,19,0,19,宏遠-桃園,2023-08-30,1262
6274,台燿,19,1,18,宏遠-桃園,2023-08-30,1262
2816,旺旺保,87,70,17,宏遠-桃園,2023-08-30,1262
9945,潤泰新,17,1,16,宏遠-桃園,2023-08-30,1262
00637L,元大滬深300正2,12,0,12,宏遠-桃園,2023-08-30,1262
00753L,中信中國50正2,55,45,10,宏遠-桃園,2023-08-30,1262
00772B,中信高評級公司債,25,15,10,宏遠-桃園,2023-08-30,1262
00687B,國泰20年美債,10,0,10,宏遠-桃園,2023-08-30,1262
00712,復華富時不動產,10,0,10,宏遠-桃園,2023-08-30,1262
1708,東鹼,10,0,10,宏遠-桃園,2023-08-30,1262
2369,菱生,10,0,10,宏遠-桃園,2023-08-30,1262
2516,新建,10,0,10,宏遠-桃園,2023-08-30,1262
3056,富華新,10,0,10,宏遠-桃園,2023-08-30,1262
6152,百一,10,0,10,宏遠-桃園,2023-08-30,1262
2002,中鋼,10,0,10,宏遠-桃園,2023-08-30,1262
2884,玉山金,15,5,10,宏遠-桃園,2023-08-30,1262
1609,大亞,9,0,9,宏遠-桃園,2023-08-30,1262
00673R,期元大S＆P原油反1,8,0,8,宏遠-桃園,2023-08-30,1262
1605,華新,8,0,8,宏遠-桃園,2023-08-30,1262
2399,映泰,7,0,7,宏遠-桃園,2023-08-30,1262
2610,華航,7,0,7,宏遠-桃園,2023-08-30,1262
3363,上詮,7,0,7,宏遠-桃園,2023-08-30,1262
6156,松上,7,0,7,宏遠-桃園,2023-08-30,1262
2618,長榮航,8,2,6,宏遠-桃園,2023-08-30,1262
006208,富邦台50,6,0,6,宏遠-桃園,2023-08-30,1262
4979,華星光,7,1,6,宏遠-桃園,2023-08-30,1262
6443,元晶,6,0,6,宏遠-桃園,2023-08-30,1262
3231,緯創,22,17,5,宏遠-桃園,2023-08-30,1262
00888,永豐台灣ESG,5,0,5,宏遠-桃園,2023-08-30,1262
2838,聯邦銀,5,0,5,宏遠-桃園,2023-08-30,1262
3163,波若威,11,6,5,宏遠-桃園,2023-08-30,1262
3583,辛耘,6,1,5,宏遠-桃園,2023-08-30,1262
3588,通嘉,5,0,5,宏遠-桃園,2023-08-30,1262
5469,瀚宇博,7,2,5,宏遠-桃園,2023-08-30,1262
6139,亞翔,5,0,5,宏遠-桃園,2023-08-30,1262
8927,北基,5,0,5,宏遠-桃園,2023-08-30,1262
2355,敬鵬,8,3,5,宏遠-桃園,2023-08-30,1262
5876,上海商銀,4,0,4,宏遠-桃園,2023-08-30,1262
00919,群益台灣精選高息,4,0,4,宏遠-桃園,2023-08-30,1262
00638R,元大滬深300反1,4,0,4,宏遠-桃園,2023-08-30,1262
1524,耿鼎,4,0,4,宏遠-桃園,2023-08-30,1262
2439,美律,4,0,4,宏遠-桃園,2023-08-30,1262
3169,亞信,6,2,4,宏遠-桃園,2023-08-30,1262
3289,宜特,5,1,4,宏遠-桃園,2023-08-30,1262
3593,力銘,4,0,4,宏遠-桃園,2023-08-30,1262
8222,寶一,17,13,4,宏遠-桃園,2023-08-30,1262
00687B,國泰20年美債,945,0,945,宏遠-桃園,2023-08-31,1262
2891,中信金,101,0,101,宏遠-桃園,2023-08-31,1262
00919,群益台灣精選高息,80,0,80,宏遠-桃園,2023-08-31,1262
2913,農林,46,0,46,宏遠-桃園,2023-08-31,1262
2303,聯電,76,32,44,宏遠-桃園,2023-08-31,1262
3715,定穎投控,102,59,43,宏遠-桃園,2023-08-31,1262
2618,長榮航,38,0,38,宏遠-桃園,2023-08-31,1262
2385,群光,32,0,32,宏遠-桃園,2023-08-31,1262
2401,凌陽,30,0,30,宏遠-桃園,2023-08-31,1262
6213,聯茂,30,1,29,宏遠-桃園,2023-08-31,1262
2337,旺宏,34,10,24,宏遠-桃園,2023-08-31,1262
006208,富邦台50,21,0,21,宏遠-桃園,2023-08-31,1262
3105,穩懋,21,0,21,宏遠-桃園,2023-08-31,1262
5347,世界,21,0,21,宏遠-桃園,2023-08-31,1262
2409,友達,20,0,20,宏遠-桃園,2023-08-31,1262
00888,永豐台灣ESG,17,0,17,宏遠-桃園,2023-08-31,1262
00929,復華台灣科技優息,36,20,16,宏遠-桃園,2023-08-31,1262
6271,同欣電,16,0,16,宏遠-桃園,2023-08-31,1262
2324,仁寶,15,1,14,宏遠-桃園,2023-08-31,1262
1524,耿鼎,13,0,13,宏遠-桃園,2023-08-31,1262
1217,愛之味,11,0,11,宏遠-桃園,2023-08-31,1262
00931B,統一美債20年,10,0,10,宏遠-桃園,2023-08-31,1262
00650L,復華香港正2,26,16,10,宏遠-桃園,2023-08-31,1262
2104,國際中橡,10,0,10,宏遠-桃園,2023-08-31,1262
2352,佳世達,10,0,10,宏遠-桃園,2023-08-31,1262
2645,長榮航太,17,7,10,宏遠-桃園,2023-08-31,1262
2610,華航,13,4,9,宏遠-桃園,2023-08-31,1262
3338,泰碩,10,1,9,宏遠-桃園,2023-08-31,1262
6443,元晶,21,12,9,宏遠-桃園,2023-08-31,1262
2356,英業達,14,5,9,宏遠-桃園,2023-08-31,1262
2890,永豐金,8,0,8,宏遠-桃園,2023-08-31,1262
2367,燿華,8,0,8,宏遠-桃園,2023-08-31,1262
2834,臺企銀,8,0,8,宏遠-桃園,2023-08-31,1262
2886,兆豐金,6,0,6,宏遠-桃園,2023-08-31,1262
3022,威強電,6,0,6,宏遠-桃園,2023-08-31,1262
6126,信音,6,0,6,宏遠-桃園,2023-08-31,1262
1795,美時,9,4,5,宏遠-桃園,2023-08-31,1262
1101,台泥,5,0,5,宏遠-桃園,2023-08-31,1262
00679B,元大美債20年,5,0,5,宏遠-桃園,2023-08-31,1262
00671R,富邦NASDAQ反1,5,0,5,宏遠-桃園,2023-08-31,1262
3059,華晶科,5,0,5,宏遠-桃園,2023-08-31,1262
3532,台勝科,5,0,5,宏遠-桃園,2023-08-31,1262
6116,彩晶,5,0,5,宏遠-桃園,2023-08-31,1262
8044,網家,5,0,5,宏遠-桃園,2023-08-31,1262
1540,喬福,4,0,4,宏遠-桃園,2023-08-31,1262
1702,南僑,4,0,4,宏遠-桃園,2023-08-31,1262
2365,昆盈,4,0,4,宏遠-桃園,2023-08-31,1262
2630,亞航,7,3,4,宏遠-桃園,2023-08-31,1262
3483,力致,4,0,4,宏遠-桃園,2023-08-31,1262
3548,兆利,9,5,4,宏遠-桃園,2023-08-31,1262
00671R,富邦NASDAQ反1,105,7,98,宏遠-桃園,2023-09-01,1262
2913,農林,100,15,85,宏遠-桃園,2023-09-01,1262
3231,緯創,70,19,51,宏遠-桃園,2023-09-01,1262
8050,廣積,47,2,45,宏遠-桃園,2023-09-01,1262
3014,聯陽,36,0,36,宏遠-桃園,2023-09-01,1262
00932,兆豐永續高息等權,35,0,35,宏遠-桃園,2023-09-01,1262
00919,群益台灣精選高息,33,0,33,宏遠-桃園,2023-09-01,1262
2329,華泰,41,9,32,宏遠-桃園,2023-09-01,1262
6112,邁達特,29,0,29,宏遠-桃園,2023-09-01,1262
00632R,元大台灣50反1,28,1,27,宏遠-桃園,2023-09-01,1262
1605,華新,22,0,22,宏遠-桃園,2023-09-01,1262
1529,樂事綠能,20,0,20,宏遠-桃園,2023-09-01,1262
2405,輔信,20,0,20,宏遠-桃園,2023-09-01,1262
2883,凱基金,30,10,20,宏遠-桃園,2023-09-01,1262
8109,博大,20,0,20,宏遠-桃園,2023-09-01,1262
00878,國泰永續高股息,19,0,19,宏遠-桃園,2023-09-01,1262
6271,同欣電,18,0,18,宏遠-桃園,2023-09-01,1262
3011,今皓,19,2,17,宏遠-桃園,2023-09-01,1262
2891,中信金,17,0,17,宏遠-桃園,2023-09-01,1262
8390,金益鼎,22,5,17,宏遠-桃園,2023-09-01,1262
6547,高端疫苗,50,35,15,宏遠-桃園,2023-09-01,1262
2382,廣達,32,19,13,宏遠-桃園,2023-09-01,1262
5706,鳳凰,13,0,13,宏遠-桃園,2023-09-01,1262
2349,錸德,12,0,12,宏遠-桃園,2023-09-01,1262
6449,鈺邦,12,0,12,宏遠-桃園,2023-09-01,1262
2324,仁寶,12,1,11,宏遠-桃園,2023-09-01,1262
2356,英業達,15,4,11,宏遠-桃園,2023-09-01,1262
2610,華航,14,3,11,宏遠-桃園,2023-09-01,1262
1513,中興電,14,4,10,宏遠-桃園,2023-09-01,1262
3051,力特,10,0,10,宏遠-桃園,2023-09-01,1262
3071,協禧,10,0,10,宏遠-桃園,2023-09-01,1262
6443,元晶,10,0,10,宏遠-桃園,2023-09-01,1262
6291,沛亨,11,2,9,宏遠-桃園,2023-09-01,1262
2359,所羅門,9,1,8,宏遠-桃園,2023-09-01,1262
6115,鎰勝,8,0,8,宏遠-桃園,2023-09-01,1262
1101,台泥,7,0,7,宏遠-桃園,2023-09-01,1262
00679B,元大美債20年,6,0,6,宏遠-桃園,2023-09-01,1262
2618,長榮航,7,1,6,宏遠-桃園,2023-09-01,1262
3013,晟銘電,9,3,6,宏遠-桃園,2023-09-01,1262
3356,奇偶,6,0,6,宏遠-桃園,2023-09-01,1262
3596,智易,7,1,6,宏遠-桃園,2023-09-01,1262
6235,華孚,27,21,6,宏遠-桃園,2023-09-01,1262
8034,榮群,6,0,6,宏遠-桃園,2023-09-01,1262
8210,勤誠,9,3,6,宏遠-桃園,2023-09-01,1262
1471,首利,5,0,5,宏遠-桃園,2023-09-01,1262
00929,復華台灣科技優息,15,10,5,宏遠-桃園,2023-09-01,1262
00687B,國泰20年美債,5,0,5,宏遠-桃園,2023-09-01,1262
2455,全新,5,0,5,宏遠-桃園,2023-09-01,1262
2886,兆豐金,5,0,5,宏遠-桃園,2023-09-01,1262
3363,上詮,5,0,5,宏遠-桃園,2023-09-01,1262
00632R,元大台灣50反1,513,72,441,宏遠-桃園,2023-09-04,1262
00712,復華富時不動產,200,0,200,宏遠-桃園,2023-09-04,1262
2363,矽統,105,24,81,宏遠-桃園,2023-09-04,1262
2913,農林,70,0,70,宏遠-桃園,2023-09-04,1262
2317,鴻海,63,2,61,宏遠-桃園,2023-09-04,1262
1714,和桐,50,0,50,宏遠-桃園,2023-09-04,1262
2888,新光金,40,0,40,宏遠-桃園,2023-09-04,1262
3481,群創,32,0,32,宏遠-桃園,2023-09-04,1262
00638R,元大滬深300反1,32,0,32,宏遠-桃園,2023-09-04,1262
00929,復華台灣科技優息,33,2,31,宏遠-桃園,2023-09-04,1262
2816,旺旺保,31,1,30,宏遠-桃園,2023-09-04,1262
3715,定穎投控,31,9,22,宏遠-桃園,2023-09-04,1262
1529,樂事綠能,20,0,20,宏遠-桃園,2023-09-04,1262
2002,中鋼,20,2,18,宏遠-桃園,2023-09-04,1262
1101,台泥,18,0,18,宏遠-桃園,2023-09-04,1262
2204,中華,23,6,17,宏遠-桃園,2023-09-04,1262
3231,緯創,37,22,15,宏遠-桃園,2023-09-04,1262
00931B,統一美債20年,15,0,15,宏遠-桃園,2023-09-04,1262
2882,國泰金,15,0,15,宏遠-桃園,2023-09-04,1262
00919,群益台灣精選高息,14,0,14,宏遠-桃園,2023-09-04,1262
1605,華新,15,1,14,宏遠-桃園,2023-09-04,1262
8050,廣積,14,1,13,宏遠-桃園,2023-09-04,1262
2887,台新金,11,0,11,宏遠-桃園,2023-09-04,1262
1616,億泰,11,0,11,宏遠-桃園,2023-09-04,1262
8027,鈦昇,12,1,11,宏遠-桃園,2023-09-04,1262
2850,新產,10,0,10,宏遠-桃園,2023-09-04,1262
6443,元晶,10,0,10,宏遠-桃園,2023-09-04,1262
8390,金益鼎,10,0,10,宏遠-桃園,2023-09-04,1262
3105,穩懋,15,6,9,宏遠-桃園,2023-09-04,1262
00878,國泰永續高股息,10,1,9,宏遠-桃園,2023-09-04,1262
4532,瑞智,10,1,9,宏遠-桃園,2023-09-04,1262
6125,廣運,11,2,9,宏遠-桃園,2023-09-04,1262
00680L,元大美債20正2,8,0,8,宏遠-桃園,2023-09-04,1262
2402,毅嘉,87,79,8,宏遠-桃園,2023-09-04,1262
3217,優群,8,0,8,宏遠-桃園,2023-09-04,1262
00751B,元大AAA至A公司債,7,0,7,宏遠-桃園,2023-09-04,1262
1471,首利,7,0,7,宏遠-桃園,2023-09-04,1262
3011,今皓,7,0,7,宏遠-桃園,2023-09-04,1262
1609,大亞,6,0,6,宏遠-桃園,2023-09-04,1262
2368,金像電,6,0,6,宏遠-桃園,2023-09-04,1262
2607,榮運,7,1,6,宏遠-桃園,2023-09-04,1262
2371,大同,8,3,5,宏遠-桃園,2023-09-04,1262
00927,群益半導體收益,5,0,5,宏遠-桃園,2023-09-04,1262
1402,遠東新,5,0,5,宏遠-桃園,2023-09-04,1262
1815,富喬,5,0,5,宏遠-桃園,2023-09-04,1262
2884,玉山金,5,0,5,宏遠-桃園,2023-09-04,1262
3024,憶聲,5,0,5,宏遠-桃園,2023-09-04,1262
3122,笙泉,5,0,5,宏遠-桃園,2023-09-04,1262
8069,元太,5,0,5,宏遠-桃園,2023-09-04,1262
8085,福華,6,1,5,宏遠-桃園,2023-09-04,1262
00687B,國泰20年美債,481,0,481,宏遠-桃園,2023-09-05,1262
2906,高林,60,0,60,宏遠-桃園,2023-09-05,1262
1714,和桐,50,0,50,宏遠-桃園,2023-09-05,1262
6829,千附精密,35,0,35,宏遠-桃園,2023-09-05,1262
2363,矽統,55,24,31,宏遠-桃園,2023-09-05,1262
2331,精英,29,1,28,宏遠-桃園,2023-09-05,1262
2913,農林,25,0,25,宏遠-桃園,2023-09-05,1262
3715,定穎投控,43,18,25,宏遠-桃園,2023-09-05,1262
2329,華泰,59,35,24,宏遠-桃園,2023-09-05,1262
00919,群益台灣精選高息,23,0,23,宏遠-桃園,2023-09-05,1262
6235,華孚,29,7,22,宏遠-桃園,2023-09-05,1262
00650L,復華香港正2,21,0,21,宏遠-桃園,2023-09-05,1262
2610,華航,32,11,21,宏遠-桃園,2023-09-05,1262
8086,宏捷科,24,3,21,宏遠-桃園,2023-09-05,1262
2022,聚亨,21,0,21,宏遠-桃園,2023-09-05,1262
00720B,元大投資級公司債,20,0,20,宏遠-桃園,2023-09-05,1262
1723,中碳,20,0,20,宏遠-桃園,2023-09-05,1262
3014,聯陽,20,2,18,宏遠-桃園,2023-09-05,1262
2312,金寶,12,0,12,宏遠-桃園,2023-09-05,1262
2618,長榮航,12,0,12,宏遠-桃園,2023-09-05,1262
2890,永豐金,12,0,12,宏遠-桃園,2023-09-05,1262
5236,凌陽創新,12,0,12,宏遠-桃園,2023-09-05,1262
2645,長榮航太,11,1,10,宏遠-桃園,2023-09-05,1262
00929,復華台灣科技優息,19,9,10,宏遠-桃園,2023-09-05,1262
2888,新光金,10,0,10,宏遠-桃園,2023-09-05,1262
6577,勁豐,10,0,10,宏遠-桃園,2023-09-05,1262
8390,金益鼎,10,0,10,宏遠-桃園,2023-09-05,1262
2485,兆赫,11,2,9,宏遠-桃園,2023-09-05,1262
1513,中興電,11,2,9,宏遠-桃園,2023-09-05,1262
2462,良得電,9,0,9,宏遠-桃園,2023-09-05,1262
3714,富采,10,1,9,宏遠-桃園,2023-09-05,1262
8112,至上,13,4,9,宏遠-桃園,2023-09-05,1262
00900,富邦特選高股息30,9,0,9,宏遠-桃園,2023-09-05,1262
5381,合正,16,8,8,宏遠-桃園,2023-09-05,1262
8069,元太,8,0,8,宏遠-桃園,2023-09-05,1262
00637L,元大滬深300正2,7,0,7,宏遠-桃園,2023-09-05,1262
2421,建準,7,0,7,宏遠-桃園,2023-09-05,1262
1605,華新,6,0,6,宏遠-桃園,2023-09-05,1262
3231,緯創,10,4,6,宏遠-桃園,2023-09-05,1262
3680,家登,6,0,6,宏遠-桃園,2023-09-05,1262
5425,台半,8,2,6,宏遠-桃園,2023-09-05,1262
5457,宣德,16,10,6,宏遠-桃園,2023-09-05,1262
8358,金居,22,16,6,宏遠-桃園,2023-09-05,1262
3693,營邦,8,2,6,宏遠-桃園,2023-09-05,1262
1101,台泥,5,0,5,宏遠-桃園,2023-09-05,1262
00931B,統一美債20年,5,0,5,宏遠-桃園,2023-09-05,1262
00857B,永豐20年美公債,5,0,5,宏遠-桃園,2023-09-05,1262
1802,台玻,7,2,5,宏遠-桃園,2023-09-05,1262
2607,榮運,5,0,5,宏遠-桃園,2023-09-05,1262
2850,新產,5,0,5,宏遠-桃園,2023-09-05,1262
1101,台泥,190,1,189,宏遠-桃園,2023-09-06,1262
00929,復華台灣科技優息,178,6,172,宏遠-桃園,2023-09-06,1262
2457,飛宏,155,2,153,宏遠-桃園,2023-09-06,1262
00919,群益台灣精選高息,126,0,126,宏遠-桃園,2023-09-06,1262
8103,瀚荃,105,0,105,宏遠-桃園,2023-09-06,1262
2906,高林,55,0,55,宏遠-桃園,2023-09-06,1262
00712,復華富時不動產,50,0,50,宏遠-桃園,2023-09-06,1262
00878,國泰永續高股息,53,6,47,宏遠-桃園,2023-09-06,1262
1714,和桐,35,0,35,宏遠-桃園,2023-09-06,1262
1227,佳格,30,0,30,宏遠-桃園,2023-09-06,1262
00632R,元大台灣50反1,29,0,29,宏遠-桃園,2023-09-06,1262
5381,合正,99,71,28,宏遠-桃園,2023-09-06,1262
00888,永豐台灣ESG,26,0,26,宏遠-桃園,2023-09-06,1262
00772B,中信高評級公司債,24,0,24,宏遠-桃園,2023-09-06,1262
2436,偉詮電,31,8,23,宏遠-桃園,2023-09-06,1262
2618,長榮航,28,6,22,宏遠-桃園,2023-09-06,1262
1618,合機,20,0,20,宏遠-桃園,2023-09-06,1262
2888,新光金,20,0,20,宏遠-桃園,2023-09-06,1262
2905,三商,20,0,20,宏遠-桃園,2023-09-06,1262
6167,久正,16,0,16,宏遠-桃園,2023-09-06,1262
3014,聯陽,14,0,14,宏遠-桃園,2023-09-06,1262
2890,永豐金,14,0,14,宏遠-桃園,2023-09-06,1262
2399,映泰,13,0,13,宏遠-桃園,2023-09-06,1262
2816,旺旺保,17,4,13,宏遠-桃園,2023-09-06,1262
3481,群創,15,2,13,宏遠-桃園,2023-09-06,1262
00637L,元大滬深300正2,12,0,12,宏遠-桃園,2023-09-06,1262
2882,國泰金,12,0,12,宏遠-桃園,2023-09-06,1262
1104,環泥,11,0,11,宏遠-桃園,2023-09-06,1262
7402,邑錡,11,0,11,宏遠-桃園,2023-09-06,1262
8068,全達,11,0,11,宏遠-桃園,2023-09-06,1262
8390,金益鼎,11,0,11,宏遠-桃園,2023-09-06,1262
2101,南港,10,0,10,宏遠-桃園,2023-09-06,1262
00857B,永豐20年美公債,10,0,10,宏遠-桃園,2023-09-06,1262
1524,耿鼎,14,4,10,宏遠-桃園,2023-09-06,1262
5452,佶優,10,0,10,宏遠-桃園,2023-09-06,1262
00706L,期元大S＆P日圓正2,9,0,9,宏遠-桃園,2023-09-06,1262
00650L,復華香港正2,22,14,8,宏遠-桃園,2023-09-06,1262
00687B,國泰20年美債,8,0,8,宏遠-桃園,2023-09-06,1262
2002,中鋼,11,3,8,宏遠-桃園,2023-09-06,1262
2481,強茂,8,0,8,宏遠-桃園,2023-09-06,1262
3013,晟銘電,15,7,8,宏遠-桃園,2023-09-06,1262
4142,國光生,8,0,8,宏遠-桃園,2023-09-06,1262
00881,國泰台灣5G+,12,5,7,宏遠-桃園,2023-09-06,1262
2421,建準,13,6,7,宏遠-桃園,2023-09-06,1262
5871,中租-KY,8,1,7,宏遠-桃園,2023-09-06,1262
6245,立端,7,0,7,宏遠-桃園,2023-09-06,1262
00680L,元大美債20正2,6,0,6,宏遠-桃園,2023-09-06,1262
1217,愛之味,6,0,6,宏遠-桃園,2023-09-06,1262
3583,辛耘,7,1,6,宏遠-桃園,2023-09-06,1262
5488,松普,6,0,6,宏遠-桃園,2023-09-06,1262
00655L,國泰中國A50正2,202,100,102,宏遠-桃園,2023-09-07,1262
5381,合正,86,5,81,宏遠-桃園,2023-09-07,1262
00929,復華台灣科技優息,79,8,71,宏遠-桃園,2023-09-07,1262
00650L,復華香港正2,63,9,54,宏遠-桃園,2023-09-07,1262
00671R,富邦NASDAQ反1,50,0,50,宏遠-桃園,2023-09-07,1262
4533,協易機,44,11,33,宏遠-桃園,2023-09-07,1262
2880,華南金,32,0,32,宏遠-桃園,2023-09-07,1262
2618,長榮航,40,9,31,宏遠-桃園,2023-09-07,1262
3264,欣銓,30,1,29,宏遠-桃園,2023-09-07,1262
2816,旺旺保,21,0,21,宏遠-桃園,2023-09-07,1262
8086,宏捷科,20,0,20,宏遠-桃園,2023-09-07,1262
00919,群益台灣精選高息,19,0,19,宏遠-桃園,2023-09-07,1262
3011,今皓,20,2,18,宏遠-桃園,2023-09-07,1262
3078,僑威,20,3,17,宏遠-桃園,2023-09-07,1262
3481,群創,17,0,17,宏遠-桃園,2023-09-07,1262
4147,中裕,16,0,16,宏遠-桃園,2023-09-07,1262
1714,和桐,15,0,15,宏遠-桃園,2023-09-07,1262
2101,南港,15,0,15,宏遠-桃園,2023-09-07,1262
1101,台泥,18,5,13,宏遠-桃園,2023-09-07,1262
2363,矽統,28,15,13,宏遠-桃園,2023-09-07,1262
00888,永豐台灣ESG,12,0,12,宏遠-桃園,2023-09-07,1262
1515,力山,12,0,12,宏遠-桃園,2023-09-07,1262
2317,鴻海,13,1,12,宏遠-桃園,2023-09-07,1262
2313,華通,35,23,12,宏遠-桃園,2023-09-07,1262
2603,長榮,11,0,11,宏遠-桃園,2023-09-07,1262
2888,新光金,10,0,10,宏遠-桃園,2023-09-07,1262
3105,穩懋,10,0,10,宏遠-桃園,2023-09-07,1262
3287,廣寰科,10,0,10,宏遠-桃園,2023-09-07,1262
3454,晶睿,10,0,10,宏遠-桃園,2023-09-07,1262
6829,千附精密,12,2,10,宏遠-桃園,2023-09-07,1262
2344,華邦電,11,2,9,宏遠-桃園,2023-09-07,1262
2027,大成鋼,8,0,8,宏遠-桃園,2023-09-07,1262
1104,環泥,8,0,8,宏遠-桃園,2023-09-07,1262
3704,合勤控,12,4,8,宏遠-桃園,2023-09-07,1262
3231,緯創,15,8,7,宏遠-桃園,2023-09-07,1262
0056,元大高股息,13,6,7,宏遠-桃園,2023-09-07,1262
00641R,富邦日本反1,7,0,7,宏遠-桃園,2023-09-07,1262
1612,宏泰,7,0,7,宏遠-桃園,2023-09-07,1262
3081,聯亞,7,0,7,宏遠-桃園,2023-09-07,1262
4142,國光生,7,0,7,宏遠-桃園,2023-09-07,1262
2002,中鋼,16,10,6,宏遠-桃園,2023-09-07,1262
2031,新光鋼,6,0,6,宏遠-桃園,2023-09-07,1262
2356,英業達,7,1,6,宏遠-桃園,2023-09-07,1262
2492,華新科,6,0,6,宏遠-桃園,2023-09-07,1262
8277,商丞,6,0,6,宏遠-桃園,2023-09-07,1262
3693,營邦,17,12,5,宏遠-桃園,2023-09-07,1262
2486,一詮,10,5,5,宏遠-桃園,2023-09-07,1262
1217,愛之味,5,0,5,宏遠-桃園,2023-09-07,1262
00893,國泰智能電動車,5,0,5,宏遠-桃園,2023-09-07,1262
1605,華新,6,1,5,宏遠-桃園,2023-09-07,1262
00688L,國泰20年美債正2,200,0,200,宏遠-桃園,2023-09-08,1262
00929,復華台灣科技優息,113,0,113,宏遠-桃園,2023-09-08,1262
5381,合正,96,0,96,宏遠-桃園,2023-09-08,1262
00931B,統一美債20年,62,0,62,宏遠-桃園,2023-09-08,1262
2618,長榮航,63,6,57,宏遠-桃園,2023-09-08,1262
00919,群益台灣精選高息,56,6,50,宏遠-桃園,2023-09-08,1262
6291,沛亨,39,3,36,宏遠-桃園,2023-09-08,1262
00921,兆豐龍頭等權重,31,0,31,宏遠-桃園,2023-09-08,1262
9105,泰金寶-DR,30,0,30,宏遠-桃園,2023-09-08,1262
00650L,復華香港正2,42,15,27,宏遠-桃園,2023-09-08,1262
00932,兆豐永續高息等權,27,0,27,宏遠-桃園,2023-09-08,1262
1101,台泥,26,2,24,宏遠-桃園,2023-09-08,1262
6274,台燿,27,3,24,宏遠-桃園,2023-09-08,1262
2385,群光,23,0,23,宏遠-桃園,2023-09-08,1262
1104,環泥,21,0,21,宏遠-桃園,2023-09-08,1262
2330,台積電,20,0,20,宏遠-桃園,2023-09-08,1262
6111,大宇資,17,0,17,宏遠-桃園,2023-09-08,1262
00637L,元大滬深300正2,26,10,16,宏遠-桃園,2023-09-08,1262
2409,友達,17,1,16,宏遠-桃園,2023-09-08,1262
2457,飛宏,14,0,14,宏遠-桃園,2023-09-08,1262
3715,定穎投控,71,57,14,宏遠-桃園,2023-09-08,1262
8390,金益鼎,15,1,14,宏遠-桃園,2023-09-08,1262
0050,元大台灣50,13,0,13,宏遠-桃園,2023-09-08,1262
4533,協易機,14,1,13,宏遠-桃園,2023-09-08,1262
2329,華泰,24,12,12,宏遠-桃園,2023-09-08,1262
3406,玉晶光,21,9,12,宏遠-桃園,2023-09-08,1262
4934,太極,11,0,11,宏遠-桃園,2023-09-08,1262
8112,至上,13,2,11,宏遠-桃園,2023-09-08,1262
02001L,富邦蘋果正二N,10,0,10,宏遠-桃園,2023-09-08,1262
00712,復華富時不動產,20,10,10,宏遠-桃園,2023-09-08,1262
2101,南港,10,0,10,宏遠-桃園,2023-09-08,1262
2888,新光金,10,0,10,宏遠-桃園,2023-09-08,1262
3062,建漢,11,1,10,宏遠-桃園,2023-09-08,1262
5871,中租-KY,10,0,10,宏遠-桃園,2023-09-08,1262
3005,神基,9,0,9,宏遠-桃園,2023-09-08,1262
3011,今皓,9,0,9,宏遠-桃園,2023-09-08,1262
3231,緯創,22,13,9,宏遠-桃園,2023-09-08,1262
2402,毅嘉,13,5,8,宏遠-桃園,2023-09-08,1262
6125,廣運,10,2,8,宏遠-桃園,2023-09-08,1262
6684,安格,8,0,8,宏遠-桃園,2023-09-08,1262
8222,寶一,17,9,8,宏遠-桃園,2023-09-08,1262
2884,玉山金,7,0,7,宏遠-桃園,2023-09-08,1262
00918,大華優利高填息30,7,0,7,宏遠-桃園,2023-09-08,1262
2356,英業達,29,22,7,宏遠-桃園,2023-09-08,1262
3090,日電貿,7,0,7,宏遠-桃園,2023-09-08,1262
3702A,大聯大甲特,7,0,7,宏遠-桃園,2023-09-08,1262
8069,元太,7,0,7,宏遠-桃園,2023-09-08,1262
00673R,期元大S＆P原油反1,8,1,7,宏遠-桃園,2023-09-08,1262
2301,光寶科,8,2,6,宏遠-桃園,2023-09-08,1262
00893,國泰智能電動車,6,0,6,宏遠-桃園,2023-09-08,1262
2427,三商電,146,0,146,宏遠-桃園,2023-09-11,1262
00712,復華富時不動產,110,1,109,宏遠-桃園,2023-09-11,1262
2329,華泰,82,7,75,宏遠-桃園,2023-09-11,1262
00918,大華優利高填息30,66,1,65,宏遠-桃園,2023-09-11,1262
00919,群益台灣精選高息,62,0,62,宏遠-桃園,2023-09-11,1262
6148,驊宏資,60,0,60,宏遠-桃園,2023-09-11,1262
2630,亞航,84,41,43,宏遠-桃園,2023-09-11,1262
3014,聯陽,42,0,42,宏遠-桃園,2023-09-11,1262
00878,國泰永續高股息,37,0,37,宏遠-桃園,2023-09-11,1262
8050,廣積,40,4,36,宏遠-桃園,2023-09-11,1262
3567,逸昌,33,1,32,宏遠-桃園,2023-09-11,1262
2890,永豐金,23,0,23,宏遠-桃園,2023-09-11,1262
2419,仲琦,20,0,20,宏遠-桃園,2023-09-11,1262
1513,中興電,23,5,18,宏遠-桃園,2023-09-11,1262
3071,協禧,20,2,18,宏遠-桃園,2023-09-11,1262
00751B,元大AAA至A公司債,17,0,17,宏遠-桃園,2023-09-11,1262
2888,新光金,16,0,16,宏遠-桃園,2023-09-11,1262
0056,元大高股息,15,0,15,宏遠-桃園,2023-09-11,1262
6125,廣運,21,7,14,宏遠-桃園,2023-09-11,1262
2025,千興,14,0,14,宏遠-桃園,2023-09-11,1262
2317,鴻海,23,10,13,宏遠-桃園,2023-09-11,1262
2884,玉山金,13,0,13,宏遠-桃園,2023-09-11,1262
8048,德勝,17,4,13,宏遠-桃園,2023-09-11,1262
1101,台泥,17,5,12,宏遠-桃園,2023-09-11,1262
1802,台玻,15,4,11,宏遠-桃園,2023-09-11,1262
1312,國喬,10,0,10,宏遠-桃園,2023-09-11,1262
1809,中釉,10,0,10,宏遠-桃園,2023-09-11,1262
2812,台中銀,10,0,10,宏遠-桃園,2023-09-11,1262
6233,旺玖,10,0,10,宏遠-桃園,2023-09-11,1262
8027,鈦昇,10,0,10,宏遠-桃園,2023-09-11,1262
8085,福華,10,0,10,宏遠-桃園,2023-09-11,1262
8016,矽創,21,11,10,宏遠-桃園,2023-09-11,1262
1515,力山,10,1,9,宏遠-桃園,2023-09-11,1262
3011,今皓,9,0,9,宏遠-桃園,2023-09-11,1262
6139,亞翔,15,6,9,宏遠-桃園,2023-09-11,1262
2645,長榮航太,8,0,8,宏遠-桃園,2023-09-11,1262
00706L,期元大S＆P日圓正2,8,0,8,宏遠-桃園,2023-09-11,1262
00772B,中信高評級公司債,8,0,8,宏遠-桃園,2023-09-11,1262
1905,華紙,8,0,8,宏遠-桃園,2023-09-11,1262
5457,宣德,10,2,8,宏遠-桃園,2023-09-11,1262
3260,威剛,9,2,7,宏遠-桃園,2023-09-11,1262
3363,上詮,8,1,7,宏遠-桃園,2023-09-11,1262
6176,瑞儀,10,3,7,宏遠-桃園,2023-09-11,1262
6830,汎銓,8,1,7,宏遠-桃園,2023-09-11,1262
2330,台積電,6,0,6,宏遠-桃園,2023-09-11,1262
1104,環泥,6,0,6,宏遠-桃園,2023-09-11,1262
2385,群光,7,1,6,宏遠-桃園,2023-09-11,1262
2618,長榮航,9,3,6,宏遠-桃園,2023-09-11,1262
2816,旺旺保,6,0,6,宏遠-桃園,2023-09-11,1262
6243,迅杰,6,0,6,宏遠-桃園,2023-09-11,1262
00687B,國泰20年美債,480,0,480,宏遠-桃園,2023-09-12,1262
6120,達運,165,0,165,宏遠-桃園,2023-09-12,1262
1101,台泥,130,0,130,宏遠-桃園,2023-09-12,1262
5381,合正,123,4,119,宏遠-桃園,2023-09-12,1262
00655L,國泰中國A50正2,101,0,101,宏遠-桃園,2023-09-12,1262
00919,群益台灣精選高息,81,0,81,宏遠-桃園,2023-09-12,1262
00673R,期元大S＆P原油反1,60,1,59,宏遠-桃園,2023-09-12,1262
1714,和桐,50,0,50,宏遠-桃園,2023-09-12,1262
00664R,國泰臺灣加權反1,42,0,42,宏遠-桃園,2023-09-12,1262
3322,建舜電,40,0,40,宏遠-桃園,2023-09-12,1262
00929,復華台灣科技優息,34,4,30,宏遠-桃園,2023-09-12,1262
9934,成霖,30,0,30,宏遠-桃園,2023-09-12,1262
3346,麗清,31,3,28,宏遠-桃園,2023-09-12,1262
3078,僑威,29,4,25,宏遠-桃園,2023-09-12,1262
00878,國泰永續高股息,24,0,24,宏遠-桃園,2023-09-12,1262
2851,中再保,25,1,24,宏遠-桃園,2023-09-12,1262
00888,永豐台灣ESG,22,0,22,宏遠-桃園,2023-09-12,1262
00688L,國泰20年美債正2,20,0,20,宏遠-桃園,2023-09-12,1262
2419,仲琦,20,0,20,宏遠-桃園,2023-09-12,1262
2905,三商,20,0,20,宏遠-桃園,2023-09-12,1262
00679B,元大美債20年,18,0,18,宏遠-桃園,2023-09-12,1262
2645,長榮航太,19,2,17,宏遠-桃園,2023-09-12,1262
1612,宏泰,15,0,15,宏遠-桃園,2023-09-12,1262
3071,協禧,15,0,15,宏遠-桃園,2023-09-12,1262
6147,頎邦,16,1,15,宏遠-桃園,2023-09-12,1262
8050,廣積,16,2,14,宏遠-桃園,2023-09-12,1262
1515,力山,13,0,13,宏遠-桃園,2023-09-12,1262
6271,同欣電,13,0,13,宏遠-桃園,2023-09-12,1262
5371,中光電,14,2,12,宏遠-桃園,2023-09-12,1262
00665L,富邦�琤肭磪囓�2,14,2,12,宏遠-桃園,2023-09-12,1262
6122,擎邦,12,0,12,宏遠-桃園,2023-09-12,1262
6282,康舒,29,17,12,宏遠-桃園,2023-09-12,1262
1584,精剛,11,0,11,宏遠-桃園,2023-09-12,1262
2881,富邦金,10,0,10,宏遠-桃園,2023-09-12,1262
2867,三商壽,10,0,10,宏遠-桃園,2023-09-12,1262
4945,陞達科技,13,3,10,宏遠-桃園,2023-09-12,1262
5474,聰泰,12,2,10,宏遠-桃園,2023-09-12,1262
8011,台通,10,0,10,宏遠-桃園,2023-09-12,1262
2020,美亞,9,0,9,宏遠-桃園,2023-09-12,1262
6179,亞通,9,0,9,宏遠-桃園,2023-09-12,1262
8069,元太,10,1,9,宏遠-桃園,2023-09-12,1262
2457,飛宏,7,0,7,宏遠-桃園,2023-09-12,1262
3324,雙鴻,7,0,7,宏遠-桃園,2023-09-12,1262
6111,大宇資,6,0,6,宏遠-桃園,2023-09-12,1262
00751B,元大AAA至A公司債,6,0,6,宏遠-桃園,2023-09-12,1262
2377,微星,6,0,6,宏遠-桃園,2023-09-12,1262
6418,詠昇,6,0,6,宏遠-桃園,2023-09-12,1262
00753L,中信中國50正2,15,10,5,宏遠-桃園,2023-09-12,1262
00864B,中信美國公債0-1,5,0,5,宏遠-桃園,2023-09-12,1262
2340,台亞,6,1,5,宏遠-桃園,2023-09-12,1262
00632R,元大台灣50反1,434,39,395,宏遠-桃園,2023-09-13,1262
2913,農林,163,0,163,宏遠-桃園,2023-09-13,1262
1101,台泥,123,0,123,宏遠-桃園,2023-09-13,1262
5488,松普,111,0,111,宏遠-桃園,2023-09-13,1262
00919,群益台灣精選高息,99,20,79,宏遠-桃園,2023-09-13,1262
00673R,期元大S＆P原油反1,70,0,70,宏遠-桃園,2023-09-13,1262
3006,晶豪科,53,2,51,宏遠-桃園,2023-09-13,1262
00712,復華富時不動產,50,0,50,宏遠-桃園,2023-09-13,1262
2025,千興,49,0,49,宏遠-桃園,2023-09-13,1262
2317,鴻海,48,1,47,宏遠-桃園,2023-09-13,1262
1524,耿鼎,57,18,39,宏遠-桃園,2023-09-13,1262
2368,金像電,38,5,33,宏遠-桃園,2023-09-13,1262
6127,九豪,32,0,32,宏遠-桃園,2023-09-13,1262
3014,聯陽,29,2,27,宏遠-桃園,2023-09-13,1262
2630,亞航,25,3,22,宏遠-桃園,2023-09-13,1262
00720B,元大投資級公司債,21,0,21,宏遠-桃園,2023-09-13,1262
1515,力山,22,1,21,宏遠-桃園,2023-09-13,1262
00722B,群益投資級電信債,20,0,20,宏遠-桃園,2023-09-13,1262
00773B,中信優先金融債,20,0,20,宏遠-桃園,2023-09-13,1262
3322,建舜電,50,30,20,宏遠-桃園,2023-09-13,1262
6163,華電網,20,0,20,宏遠-桃園,2023-09-13,1262
2355,敬鵬,31,12,19,宏遠-桃園,2023-09-13,1262
00638R,元大滬深300反1,18,0,18,宏遠-桃園,2023-09-13,1262
2405,輔信,24,10,14,宏遠-桃園,2023-09-13,1262
00857B,永豐20年美公債,12,2,10,宏遠-桃園,2023-09-13,1262
2457,飛宏,10,0,10,宏遠-桃園,2023-09-13,1262
2890,永豐金,10,0,10,宏遠-桃園,2023-09-13,1262
2382,廣達,16,7,9,宏遠-桃園,2023-09-13,1262
3231,緯創,14,6,8,宏遠-桃園,2023-09-13,1262
00751B,元大AAA至A公司債,7,0,7,宏遠-桃園,2023-09-13,1262
00679B,元大美債20年,7,0,7,宏遠-桃園,2023-09-13,1262
2352,佳世達,7,0,7,宏遠-桃園,2023-09-13,1262
5880,合庫金,7,0,7,宏遠-桃園,2023-09-13,1262
00882,中信中國高股息,6,0,6,宏遠-桃園,2023-09-13,1262
2241,艾姆勒,7,1,6,宏遠-桃園,2023-09-13,1262
2645,長榮航太,6,0,6,宏遠-桃園,2023-09-13,1262
2883,凱基金,6,0,6,宏遠-桃園,2023-09-13,1262
6449,鈺邦,6,0,6,宏遠-桃園,2023-09-13,1262
00893,國泰智能電動車,5,0,5,宏遠-桃園,2023-09-13,1262
1609,大亞,7,2,5,宏遠-桃園,2023-09-13,1262
2402,毅嘉,5,0,5,宏遠-桃園,2023-09-13,1262
2492,華新科,5,0,5,宏遠-桃園,2023-09-13,1262
2892,第一金,5,0,5,宏遠-桃園,2023-09-13,1262
4557,永新-KY,5,0,5,宏遠-桃園,2023-09-13,1262
6122,擎邦,6,1,5,宏遠-桃園,2023-09-13,1262
6829,千附精密,5,0,5,宏遠-桃園,2023-09-13,1262
8085,福華,5,0,5,宏遠-桃園,2023-09-13,1262
2327,國巨,4,0,4,宏遠-桃園,2023-09-13,1262
3162,精確,6,2,4,宏遠-桃園,2023-09-13,1262
3481,群創,4,0,4,宏遠-桃園,2023-09-13,1262
00632R,元大台灣50反1,622,2,620,宏遠-桃園,2023-09-14,1262
00637L,元大滬深300正2,499,4,495,宏遠-桃園,2023-09-14,1262
00687B,國泰20年美債,483,0,483,宏遠-桃園,2023-09-14,1262
00918,大華優利高填息30,165,0,165,宏遠-桃園,2023-09-14,1262
1101,台泥,150,12,138,宏遠-桃園,2023-09-14,1262
00915,凱基優選高股息30,100,0,100,宏遠-桃園,2023-09-14,1262
6218,豪勉,85,0,85,宏遠-桃園,2023-09-14,1262
1522,堤維西,94,11,83,宏遠-桃園,2023-09-14,1262
2486,一詮,111,41,70,宏遠-桃園,2023-09-14,1262
2630,亞航,56,1,55,宏遠-桃園,2023-09-14,1262
5340,建榮,50,0,50,宏遠-桃園,2023-09-14,1262
4561,健椿,35,0,35,宏遠-桃園,2023-09-14,1262
2913,農林,81,50,31,宏遠-桃園,2023-09-14,1262
5488,松普,30,0,30,宏遠-桃園,2023-09-14,1262
8088,品安,22,0,22,宏遠-桃園,2023-09-14,1262
2329,華泰,26,6,20,宏遠-桃園,2023-09-14,1262
2405,輔信,20,0,20,宏遠-桃園,2023-09-14,1262
2867,三商壽,20,0,20,宏遠-桃園,2023-09-14,1262
6275,元山,20,0,20,宏遠-桃園,2023-09-14,1262
3645,達邁,18,0,18,宏遠-桃園,2023-09-14,1262
6005,群益證,17,0,17,宏遠-桃園,2023-09-14,1262
2610,華航,17,1,16,宏遠-桃園,2023-09-14,1262
3163,波若威,33,17,16,宏遠-桃園,2023-09-14,1262
00929,復華台灣科技優息,23,8,15,宏遠-桃園,2023-09-14,1262
5381,合正,13,0,13,宏遠-桃園,2023-09-14,1262
00885,富邦越南,32,20,12,宏遠-桃園,2023-09-14,1262
3481,群創,11,0,11,宏遠-桃園,2023-09-14,1262
1506,正道,11,0,11,宏遠-桃園,2023-09-14,1262
2464,盟立,11,0,11,宏遠-桃園,2023-09-14,1262
2884,玉山金,12,2,10,宏遠-桃園,2023-09-14,1262
00664R,國泰臺灣加權反1,10,0,10,宏遠-桃園,2023-09-14,1262
1710,東聯,31,21,10,宏遠-桃園,2023-09-14,1262
2812,台中銀,10,0,10,宏遠-桃園,2023-09-14,1262
2881,富邦金,10,0,10,宏遠-桃園,2023-09-14,1262
3011,今皓,10,0,10,宏遠-桃園,2023-09-14,1262
3178,公準,15,5,10,宏遠-桃園,2023-09-14,1262
8044,網家,10,0,10,宏遠-桃園,2023-09-14,1262
3037,欣興,14,5,9,宏遠-桃園,2023-09-14,1262
3105,穩懋,10,1,9,宏遠-桃園,2023-09-14,1262
5483,中美晶,9,1,8,宏遠-桃園,2023-09-14,1262
3715,定穎投控,20,13,7,宏遠-桃園,2023-09-14,1262
8358,金居,11,4,7,宏遠-桃園,2023-09-14,1262
3324,雙鴻,10,3,7,宏遠-桃園,2023-09-14,1262
1513,中興電,8,2,6,宏遠-桃園,2023-09-14,1262
2356,英業達,11,5,6,宏遠-桃園,2023-09-14,1262
3051,力特,6,0,6,宏遠-桃園,2023-09-14,1262
3213,茂訊,6,0,6,宏遠-桃園,2023-09-14,1262
6585,鼎基,6,0,6,宏遠-桃園,2023-09-14,1262
8034,榮群,6,0,6,宏遠-桃園,2023-09-14,1262
2618,長榮航,9,4,5,宏遠-桃園,2023-09-14,1262
00687B,國泰20年美債,547,0,547,宏遠-桃園,2023-09-15,1262
2913,農林,203,50,153,宏遠-桃園,2023-09-15,1262
00632R,元大台灣50反1,105,2,103,宏遠-桃園,2023-09-15,1262
00655L,國泰中國A50正2,100,0,100,宏遠-桃園,2023-09-15,1262
8050,廣積,82,0,82,宏遠-桃園,2023-09-15,1262
00919,群益台灣精選高息,91,13,78,宏遠-桃園,2023-09-15,1262
1101,台泥,60,0,60,宏遠-桃園,2023-09-15,1262
00637L,元大滬深300正2,51,3,48,宏遠-桃園,2023-09-15,1262
3363,上詮,56,14,42,宏遠-桃園,2023-09-15,1262
00915,凱基優選高股息30,27,0,27,宏遠-桃園,2023-09-15,1262
2610,華航,24,0,24,宏遠-桃園,2023-09-15,1262
00673R,期元大S＆P原油反1,21,0,21,宏遠-桃園,2023-09-15,1262
1339,昭輝,20,0,20,宏遠-桃園,2023-09-15,1262
1506,正道,19,0,19,宏遠-桃園,2023-09-15,1262
2313,華通,53,36,17,宏遠-桃園,2023-09-15,1262
1514,亞力,17,1,16,宏遠-桃園,2023-09-15,1262
1515,力山,19,3,16,宏遠-桃園,2023-09-15,1262
6715,嘉基,16,0,16,宏遠-桃園,2023-09-15,1262
00679B,元大美債20年,11,0,11,宏遠-桃園,2023-09-15,1262
3035,智原,17,6,11,宏遠-桃園,2023-09-15,1262
1524,耿鼎,26,15,11,宏遠-桃園,2023-09-15,1262
00930,永豐ESG低碳高息,10,0,10,宏遠-桃園,2023-09-15,1262
2476,鉅祥,10,0,10,宏遠-桃園,2023-09-15,1262
6547,高端疫苗,30,21,9,宏遠-桃園,2023-09-15,1262
0056,元大高股息,13,4,9,宏遠-桃園,2023-09-15,1262
2405,輔信,30,21,9,宏遠-桃園,2023-09-15,1262
6271,同欣電,10,1,9,宏遠-桃園,2023-09-15,1262
8358,金居,11,2,9,宏遠-桃園,2023-09-15,1262
3011,今皓,8,0,8,宏遠-桃園,2023-09-15,1262
6170,統振,8,0,8,宏遠-桃園,2023-09-15,1262
6218,豪勉,8,0,8,宏遠-桃園,2023-09-15,1262
2022,聚亨,7,0,7,宏遠-桃園,2023-09-15,1262
3217,優群,7,0,7,宏遠-桃園,2023-09-15,1262
2645,長榮航太,6,0,6,宏遠-桃園,2023-09-15,1262
2891,中信金,26,20,6,宏遠-桃園,2023-09-15,1262
2630,亞航,7,1,6,宏遠-桃園,2023-09-15,1262
3209,全科,7,1,6,宏遠-桃園,2023-09-15,1262
3234,光環,6,0,6,宏遠-桃園,2023-09-15,1262
3704,合勤控,9,3,6,宏遠-桃園,2023-09-15,1262
4532,瑞智,6,0,6,宏遠-桃園,2023-09-15,1262
8349A,�矬ㄔ玼S,6,0,6,宏遠-桃園,2023-09-15,1262
00751B,元大AAA至A公司債,5,0,5,宏遠-桃園,2023-09-15,1262
1402,遠東新,5,0,5,宏遠-桃園,2023-09-15,1262
1718,中纖,5,0,5,宏遠-桃園,2023-09-15,1262
2015,豐興,5,0,5,宏遠-桃園,2023-09-15,1262
2356,英業達,10,5,5,宏遠-桃園,2023-09-15,1262
2379,瑞昱,5,0,5,宏遠-桃園,2023-09-15,1262
3036A,文曄甲特,5,0,5,宏遠-桃園,2023-09-15,1262
6026,福邦證,5,0,5,宏遠-桃園,2023-09-15,1262
6451,訊芯-KY,28,23,5,宏遠-桃園,2023-09-15,1262
00919,群益台灣精選高息,173,5,168,宏遠-桃園,2023-09-18,1262
2363,矽統,213,45,168,宏遠-桃園,2023-09-18,1262
00929,復華台灣科技優息,116,11,105,宏遠-桃園,2023-09-18,1262
2462,良得電,60,0,60,宏遠-桃園,2023-09-18,1262
2913,農林,130,80,50,宏遠-桃園,2023-09-18,1262
3276,宇環,56,6,50,宏遠-桃園,2023-09-18,1262
2317,鴻海,93,46,47,宏遠-桃園,2023-09-18,1262
8050,廣積,41,0,41,宏遠-桃園,2023-09-18,1262
2022,聚亨,40,0,40,宏遠-桃園,2023-09-18,1262
2618,長榮航,32,1,31,宏遠-桃園,2023-09-18,1262
2329,華泰,33,3,30,宏遠-桃園,2023-09-18,1262
00679B,元大美債20年,26,0,26,宏遠-桃園,2023-09-18,1262
1101,台泥,26,0,26,宏遠-桃園,2023-09-18,1262
6170,統振,24,0,24,宏遠-桃園,2023-09-18,1262
2330,台積電,22,0,22,宏遠-桃園,2023-09-18,1262
2610,華航,26,5,21,宏遠-桃園,2023-09-18,1262
00921,兆豐龍頭等權重,20,0,20,宏遠-桃園,2023-09-18,1262
2023,燁輝,20,0,20,宏遠-桃園,2023-09-18,1262
00932,兆豐永續高息等權,17,0,17,宏遠-桃園,2023-09-18,1262
6585,鼎基,44,28,16,宏遠-桃園,2023-09-18,1262
2002,中鋼,15,0,15,宏遠-桃園,2023-09-18,1262
3071,協禧,14,0,14,宏遠-桃園,2023-09-18,1262
3483,力致,13,0,13,宏遠-桃園,2023-09-18,1262
5381,合正,13,0,13,宏遠-桃園,2023-09-18,1262
8088,品安,12,0,12,宏遠-桃園,2023-09-18,1262
3704,合勤控,12,1,11,宏遠-桃園,2023-09-18,1262
3105,穩懋,11,0,11,宏遠-桃園,2023-09-18,1262
6547,高端疫苗,21,10,11,宏遠-桃園,2023-09-18,1262
6125,廣運,10,0,10,宏遠-桃園,2023-09-18,1262
00888,永豐台灣ESG,10,0,10,宏遠-桃園,2023-09-18,1262
00885,富邦越南,20,10,10,宏遠-桃園,2023-09-18,1262
00857B,永豐20年美公債,10,0,10,宏遠-桃園,2023-09-18,1262
1506,正道,10,0,10,宏遠-桃園,2023-09-18,1262
1909,榮成,10,0,10,宏遠-桃園,2023-09-18,1262
2344,華邦電,11,1,10,宏遠-桃園,2023-09-18,1262
2890,永豐金,10,0,10,宏遠-桃園,2023-09-18,1262
1513,中興電,17,8,9,宏遠-桃園,2023-09-18,1262
2382,廣達,12,3,9,宏遠-桃園,2023-09-18,1262
2474,可成,10,2,8,宏遠-桃園,2023-09-18,1262
5432,新門,8,0,8,宏遠-桃園,2023-09-18,1262
5608,四維航,8,0,8,宏遠-桃園,2023-09-18,1262
3037,欣興,8,2,6,宏遠-桃園,2023-09-18,1262
00687B,國泰20年美債,6,0,6,宏遠-桃園,2023-09-18,1262
00665L,富邦�琤肭磪囓�2,39,33,6,宏遠-桃園,2023-09-18,1262
2867,三商壽,6,0,6,宏遠-桃園,2023-09-18,1262
4958,臻鼎-KY,12,6,6,宏遠-桃園,2023-09-18,1262
6443,元晶,6,0,6,宏遠-桃園,2023-09-18,1262
00720B,元大投資級公司債,5,0,5,宏遠-桃園,2023-09-18,1262
00900,富邦特選高股息30,5,0,5,宏遠-桃園,2023-09-18,1262
2402,毅嘉,5,0,5,宏遠-桃園,2023-09-18,1262
00929,復華台灣科技優息,94,0,94,宏遠-桃園,2023-09-19,1262
2363,矽統,114,55,59,宏遠-桃園,2023-09-19,1262
8050,廣積,58,1,57,宏遠-桃園,2023-09-19,1262
3706,神達,54,0,54,宏遠-桃園,2023-09-19,1262
3363,上詮,55,4,51,宏遠-桃園,2023-09-19,1262
3036,文曄,47,3,44,宏遠-桃園,2023-09-19,1262
2329,華泰,37,5,32,宏遠-桃園,2023-09-19,1262
3105,穩懋,31,0,31,宏遠-桃園,2023-09-19,1262
00919,群益台灣精選高息,40,10,30,宏遠-桃園,2023-09-19,1262
2405,輔信,30,0,30,宏遠-桃園,2023-09-19,1262
4561,健椿,30,0,30,宏遠-桃園,2023-09-19,1262
0056,元大高股息,25,0,25,宏遠-桃園,2023-09-19,1262
00885,富邦越南,73,50,23,宏遠-桃園,2023-09-19,1262
2337,旺宏,22,0,22,宏遠-桃園,2023-09-19,1262
00673R,期元大S＆P原油反1,21,0,21,宏遠-桃園,2023-09-19,1262
6125,廣運,21,0,21,宏遠-桃園,2023-09-19,1262
1522,堤維西,21,1,20,宏遠-桃園,2023-09-19,1262
2419,仲琦,20,0,20,宏遠-桃園,2023-09-19,1262
2883,凱基金,20,0,20,宏遠-桃園,2023-09-19,1262
3504,揚明光,20,0,20,宏遠-桃園,2023-09-19,1262
2385,群光,21,4,17,宏遠-桃園,2023-09-19,1262
6257,矽格,21,5,16,宏遠-桃園,2023-09-19,1262
6443,元晶,16,0,16,宏遠-桃園,2023-09-19,1262
3576,聯合再生,15,0,15,宏遠-桃園,2023-09-19,1262
3454,晶睿,15,0,15,宏遠-桃園,2023-09-19,1262
2313,華通,41,28,13,宏遠-桃園,2023-09-19,1262
6274,台燿,17,5,12,宏遠-桃園,2023-09-19,1262
1504,東元,12,0,12,宏遠-桃園,2023-09-19,1262
4979,華星光,21,9,12,宏遠-桃園,2023-09-19,1262
3062,建漢,11,0,11,宏遠-桃園,2023-09-19,1262
00680L,元大美債20正2,10,0,10,宏遠-桃園,2023-09-19,1262
1718,中纖,10,0,10,宏遠-桃園,2023-09-19,1262
1721,三晃,10,0,10,宏遠-桃園,2023-09-19,1262
2489,瑞軒,10,0,10,宏遠-桃園,2023-09-19,1262
3081,聯亞,10,0,10,宏遠-桃園,2023-09-19,1262
3362,先進光,10,0,10,宏遠-桃園,2023-09-19,1262
6829,千附精密,10,0,10,宏遠-桃園,2023-09-19,1262
2392,正崴,8,0,8,宏遠-桃園,2023-09-19,1262
1101,台泥,7,0,7,宏遠-桃園,2023-09-19,1262
00893,國泰智能電動車,7,0,7,宏遠-桃園,2023-09-19,1262
6153,嘉聯益,6,0,6,宏遠-桃園,2023-09-19,1262
1471,首利,6,0,6,宏遠-桃園,2023-09-19,1262
00679B,元大美債20年,6,0,6,宏遠-桃園,2023-09-19,1262
3078,僑威,6,0,6,宏遠-桃園,2023-09-19,1262
3653,健策,6,0,6,宏遠-桃園,2023-09-19,1262
5425,台半,9,3,6,宏遠-桃園,2023-09-19,1262
8358,金居,6,0,6,宏遠-桃園,2023-09-19,1262
2330,台積電,5,0,5,宏遠-桃園,2023-09-19,1262
2022,聚亨,5,0,5,宏遠-桃園,2023-09-19,1262
2344,華邦電,5,0,5,宏遠-桃園,2023-09-19,1262
2317,鴻海,99,0,99,宏遠-桃園,2023-09-20,1262
2618,長榮航,86,2,84,宏遠-桃園,2023-09-20,1262
00919,群益台灣精選高息,79,0,79,宏遠-桃園,2023-09-20,1262
3122,笙泉,71,1,70,宏遠-桃園,2023-09-20,1262
00929,復華台灣科技優息,113,45,68,宏遠-桃園,2023-09-20,1262
2329,華泰,57,5,52,宏遠-桃園,2023-09-20,1262
0055,元大MSCI金融,30,0,30,宏遠-桃園,2023-09-20,1262
2457,飛宏,30,0,30,宏遠-桃園,2023-09-20,1262
4561,健椿,30,0,30,宏遠-桃園,2023-09-20,1262
1101,台泥,21,0,21,宏遠-桃園,2023-09-20,1262
8050,廣積,22,1,21,宏遠-桃園,2023-09-20,1262
2419,仲琦,20,0,20,宏遠-桃園,2023-09-20,1262
2883,凱基金,20,0,20,宏遠-桃園,2023-09-20,1262
6148,驊宏資,20,0,20,宏遠-桃園,2023-09-20,1262
00679B,元大美債20年,18,2,16,宏遠-桃園,2023-09-20,1262
2208,台船,16,1,15,宏遠-桃園,2023-09-20,1262
2330,台積電,14,0,14,宏遠-桃園,2023-09-20,1262
1605,華新,71,57,14,宏遠-桃園,2023-09-20,1262
3265,台星科,29,15,14,宏遠-桃園,2023-09-20,1262
2385,群光,13,0,13,宏遠-桃園,2023-09-20,1262
4908,前鼎,28,16,12,宏遠-桃園,2023-09-20,1262
2022,聚亨,11,0,11,宏遠-桃園,2023-09-20,1262
2603,長榮,14,3,11,宏遠-桃園,2023-09-20,1262
5465,富驊,11,0,11,宏遠-桃園,2023-09-20,1262
8112,至上,13,2,11,宏遠-桃園,2023-09-20,1262
00712,復華富時不動產,10,0,10,宏遠-桃園,2023-09-20,1262
2388,威盛,12,2,10,宏遠-桃園,2023-09-20,1262
3362,先進光,9,1,8,宏遠-桃園,2023-09-20,1262
6684,安格,8,0,8,宏遠-桃園,2023-09-20,1262
00641R,富邦日本反1,7,0,7,宏遠-桃園,2023-09-20,1262
2354,鴻準,7,0,7,宏遠-桃園,2023-09-20,1262
3035,智原,14,7,7,宏遠-桃園,2023-09-20,1262
3078,僑威,9,2,7,宏遠-桃園,2023-09-20,1262
5258,虹堡,11,4,7,宏遠-桃園,2023-09-20,1262
6156,松上,8,1,7,宏遠-桃園,2023-09-20,1262
00638R,元大滬深300反1,6,0,6,宏遠-桃園,2023-09-20,1262
2367,燿華,15,9,6,宏遠-桃園,2023-09-20,1262
4977,眾達-KY,6,0,6,宏遠-桃園,2023-09-20,1262
5225,東科-KY,6,0,6,宏遠-桃園,2023-09-20,1262
6191,精成科,9,3,6,宏遠-桃園,2023-09-20,1262
6233,旺玖,6,0,6,宏遠-桃園,2023-09-20,1262
00715L,期街口布蘭特正2,5,0,5,宏遠-桃園,2023-09-20,1262
00650L,復華香港正2,5,0,5,宏遠-桃園,2023-09-20,1262
1718,中纖,5,0,5,宏遠-桃園,2023-09-20,1262
1802,台玻,5,0,5,宏遠-桃園,2023-09-20,1262
2436,偉詮電,7,2,5,宏遠-桃園,2023-09-20,1262
3024,憶聲,5,0,5,宏遠-桃園,2023-09-20,1262
3062,建漢,5,0,5,宏遠-桃園,2023-09-20,1262
3305,昇貿,5,0,5,宏遠-桃園,2023-09-20,1262
4108,懷特,5,0,5,宏遠-桃園,2023-09-20,1262
1101,台泥,88,1,87,宏遠-桃園,2023-09-21,1262
00665L,富邦�琤肭磪囓�2,97,40,57,宏遠-桃園,2023-09-21,1262
2618,長榮航,57,2,55,宏遠-桃園,2023-09-21,1262
00878,國泰永續高股息,51,0,51,宏遠-桃園,2023-09-21,1262
2329,華泰,32,1,31,宏遠-桃園,2023-09-21,1262
1529,樂事綠能,30,0,30,宏遠-桃園,2023-09-21,1262
4561,健椿,28,2,26,宏遠-桃園,2023-09-21,1262
3338,泰碩,27,3,24,宏遠-桃園,2023-09-21,1262
2615,萬海,22,1,21,宏遠-桃園,2023-09-21,1262
8390,金益鼎,21,0,21,宏遠-桃園,2023-09-21,1262
2419,仲琦,21,1,20,宏遠-桃園,2023-09-21,1262
2834,臺企銀,20,0,20,宏遠-桃園,2023-09-21,1262
8227,巨有科技,20,0,20,宏遠-桃園,2023-09-21,1262
3231,緯創,34,17,17,宏遠-桃園,2023-09-21,1262
00929,復華台灣科技優息,53,36,17,宏遠-桃園,2023-09-21,1262
0050,元大台灣50,16,0,16,宏遠-桃園,2023-09-21,1262
2883B,凱基金乙特,16,0,16,宏遠-桃園,2023-09-21,1262
1584,精剛,17,2,15,宏遠-桃園,2023-09-21,1262
2913,農林,95,80,15,宏遠-桃園,2023-09-21,1262
9103,美德醫療-DR,15,0,15,宏遠-桃園,2023-09-21,1262
2883,凱基金,14,0,14,宏遠-桃園,2023-09-21,1262
2884,玉山金,11,0,11,宏遠-桃園,2023-09-21,1262
2317,鴻海,11,0,11,宏遠-桃園,2023-09-21,1262
00638R,元大滬深300反1,11,0,11,宏遠-桃園,2023-09-21,1262
2476,鉅祥,12,1,11,宏遠-桃園,2023-09-21,1262
2891,中信金,11,0,11,宏遠-桃園,2023-09-21,1262
00882,中信中國高股息,10,0,10,宏遠-桃園,2023-09-21,1262
00712,復華富時不動產,10,0,10,宏遠-桃園,2023-09-21,1262
00931B,統一美債20年,10,0,10,宏遠-桃園,2023-09-21,1262
1506,正道,10,0,10,宏遠-桃園,2023-09-21,1262
2881,富邦金,12,2,10,宏遠-桃園,2023-09-21,1262
2888,新光金,10,0,10,宏遠-桃園,2023-09-21,1262
3287,廣寰科,10,0,10,宏遠-桃園,2023-09-21,1262
4977,眾達-KY,10,0,10,宏遠-桃園,2023-09-21,1262
8255,朋程,13,3,10,宏遠-桃園,2023-09-21,1262
1402,遠東新,9,0,9,宏遠-桃園,2023-09-21,1262
1809,中釉,20,11,9,宏遠-桃園,2023-09-21,1262
3027,盛達,9,0,9,宏遠-桃園,2023-09-21,1262
6136,富爾特,9,0,9,宏遠-桃園,2023-09-21,1262
2330,台積電,11,2,9,宏遠-桃園,2023-09-21,1262
00713,元大台灣高息低波,8,0,8,宏遠-桃園,2023-09-21,1262
00679B,元大美債20年,9,1,8,宏遠-桃園,2023-09-21,1262
3149,正達,8,0,8,宏遠-桃園,2023-09-21,1262
0056,元大高股息,8,0,8,宏遠-桃園,2023-09-21,1262
1216,統一,7,0,7,宏遠-桃園,2023-09-21,1262
3163,波若威,10,3,7,宏遠-桃園,2023-09-21,1262
5381,合正,97,90,7,宏遠-桃園,2023-09-21,1262
8070,長華*,7,0,7,宏遠-桃園,2023-09-21,1262
2379,瑞昱,7,0,7,宏遠-桃園,2023-09-21,1262
2368,金像電,6,0,6,宏遠-桃園,2023-09-21,1262
00646,元大S＆P500,150,0,150,宏遠-桃園,2023-09-22,1262
00679B,元大美債20年,87,0,87,宏遠-桃園,2023-09-22,1262
00687B,國泰20年美債,69,0,69,宏遠-桃園,2023-09-22,1262
2367,燿華,60,0,60,宏遠-桃園,2023-09-22,1262
00751B,元大AAA至A公司債,51,0,51,宏遠-桃園,2023-09-22,1262
00673R,期元大S＆P原油反1,51,0,51,宏遠-桃園,2023-09-22,1262
00632R,元大台灣50反1,46,0,46,宏遠-桃園,2023-09-22,1262
5381,合正,85,52,33,宏遠-桃園,2023-09-22,1262
00929,復華台灣科技優息,30,0,30,宏遠-桃園,2023-09-22,1262
5356,協益,30,0,30,宏遠-桃園,2023-09-22,1262
00772B,中信高評級公司債,30,1,29,宏遠-桃園,2023-09-22,1262
4529,淳紳,28,0,28,宏遠-桃園,2023-09-22,1262
00919,群益台灣精選高息,30,3,27,宏遠-桃園,2023-09-22,1262
3515,華擎,25,0,25,宏遠-桃園,2023-09-22,1262
2905,三商,20,0,20,宏遠-桃園,2023-09-22,1262
8467,波力-KY,20,0,20,宏遠-桃園,2023-09-22,1262
1101,台泥,21,3,18,宏遠-桃園,2023-09-22,1262
00795B,中信美國公債20年,17,0,17,宏遠-桃園,2023-09-22,1262
3363,上詮,41,25,16,宏遠-桃園,2023-09-22,1262
0050,元大台灣50,15,0,15,宏遠-桃園,2023-09-22,1262
3036,文曄,25,13,12,宏遠-桃園,2023-09-22,1262
8358,金居,12,0,12,宏遠-桃園,2023-09-22,1262
00633L,富邦上証正2,11,0,11,宏遠-桃園,2023-09-22,1262
00885,富邦越南,61,50,11,宏遠-桃園,2023-09-22,1262
2330,台積電,12,1,11,宏遠-桃園,2023-09-22,1262
00878,國泰永續高股息,11,1,10,宏遠-桃園,2023-09-22,1262
2867,三商壽,10,0,10,宏遠-桃園,2023-09-22,1262
00773B,中信優先金融債,8,0,8,宏遠-桃園,2023-09-22,1262
00696B,富邦美債20年,22,15,7,宏遠-桃園,2023-09-22,1262
00863B,中信全球電信債,7,0,7,宏遠-桃園,2023-09-22,1262
2023,燁輝,7,0,7,宏遠-桃園,2023-09-22,1262
2455,全新,7,0,7,宏遠-桃園,2023-09-22,1262
2498,宏達電,10,3,7,宏遠-桃園,2023-09-22,1262
00893,國泰智能電動車,6,0,6,宏遠-桃園,2023-09-22,1262
1339,昭輝,6,0,6,宏遠-桃園,2023-09-22,1262
1519,華城,6,0,6,宏遠-桃園,2023-09-22,1262
2353,宏��,6,0,6,宏遠-桃園,2023-09-22,1262
2542,興富發,6,0,6,宏遠-桃園,2023-09-22,1262
2630,亞航,6,0,6,宏遠-桃園,2023-09-22,1262
2641,正德,6,0,6,宏遠-桃園,2023-09-22,1262
2883,凱基金,6,0,6,宏遠-桃園,2023-09-22,1262
6168,宏齊,6,0,6,宏遠-桃園,2023-09-22,1262
00921,兆豐龍頭等權重,5,0,5,宏遠-桃園,2023-09-22,1262
00857B,永豐20年美公債,5,0,5,宏遠-桃園,2023-09-22,1262
2313,華通,5,0,5,宏遠-桃園,2023-09-22,1262
2485,兆赫,5,0,5,宏遠-桃園,2023-09-22,1262
3071,協禧,5,0,5,宏遠-桃園,2023-09-22,1262
3338,泰碩,5,0,5,宏遠-桃園,2023-09-22,1262
4532,瑞智,5,0,5,宏遠-桃園,2023-09-22,1262
6156,松上,5,0,5,宏遠-桃園,2023-09-22,1262
00632R,元大台灣50反1,300,25,275,宏遠-桃園,2023-09-25,1262
3276,宇環,186,1,185,宏遠-桃園,2023-09-25,1262
5381,合正,148,38,110,宏遠-桃園,2023-09-25,1262
3006,晶豪科,54,0,54,宏遠-桃園,2023-09-25,1262
00921,兆豐龍頭等權重,51,0,51,宏遠-桃園,2023-09-25,1262
4529,淳紳,40,0,40,宏遠-桃園,2023-09-25,1262
8097,常珵,80,40,40,宏遠-桃園,2023-09-25,1262
2883,凱基金,38,1,37,宏遠-桃園,2023-09-25,1262
00932,兆豐永續高息等權,30,0,30,宏遠-桃園,2023-09-25,1262
6530,創威,64,35,29,宏遠-桃園,2023-09-25,1262
3363,上詮,100,72,28,宏遠-桃園,2023-09-25,1262
00646,元大S＆P500,25,0,25,宏遠-桃園,2023-09-25,1262
2816,旺旺保,21,0,21,宏遠-桃園,2023-09-25,1262
1101,台泥,24,3,21,宏遠-桃園,2023-09-25,1262
00907,永豐優息存股,20,0,20,宏遠-桃園,2023-09-25,1262
00664R,國泰臺灣加權反1,20,0,20,宏遠-桃園,2023-09-25,1262
2891,中信金,20,0,20,宏遠-桃園,2023-09-25,1262
6122,擎邦,20,0,20,宏遠-桃園,2023-09-25,1262
3338,泰碩,20,1,19,宏遠-桃園,2023-09-25,1262
00679B,元大美債20年,14,0,14,宏遠-桃園,2023-09-25,1262
00733,富邦臺灣中小,10,0,10,宏遠-桃園,2023-09-25,1262
00888,永豐台灣ESG,10,0,10,宏遠-桃園,2023-09-25,1262
1612,宏泰,10,0,10,宏遠-桃園,2023-09-25,1262
2421,建準,13,3,10,宏遠-桃園,2023-09-25,1262
2888,新光金,10,0,10,宏遠-桃園,2023-09-25,1262
4157,太景*-KY,10,0,10,宏遠-桃園,2023-09-25,1262
8467,波力-KY,20,10,10,宏遠-桃園,2023-09-25,1262
3324,雙鴻,12,4,8,宏遠-桃園,2023-09-25,1262
8358,金居,14,6,8,宏遠-桃園,2023-09-25,1262
1504,東元,8,1,7,宏遠-桃園,2023-09-25,1262
00923,群益台ESG低碳50,7,0,7,宏遠-桃園,2023-09-25,1262
1605,華新,7,0,7,宏遠-桃園,2023-09-25,1262
00922,國泰台灣領袖50,6,0,6,宏遠-桃園,2023-09-25,1262
1802,台玻,6,0,6,宏遠-桃園,2023-09-25,1262
2303,聯電,25,19,6,宏遠-桃園,2023-09-25,1262
2385,群光,6,0,6,宏遠-桃園,2023-09-25,1262
2426,鼎元,6,0,6,宏遠-桃園,2023-09-25,1262
3105,穩懋,11,5,6,宏遠-桃園,2023-09-25,1262
3264,欣銓,6,0,6,宏遠-桃園,2023-09-25,1262
4906,正文,6,0,6,宏遠-桃園,2023-09-25,1262
00751B,元大AAA至A公司債,5,0,5,宏遠-桃園,2023-09-25,1262
2436,偉詮電,10,5,5,宏遠-桃園,2023-09-25,1262
2889,國票金,5,0,5,宏遠-桃園,2023-09-25,1262
2890,永豐金,5,0,5,宏遠-桃園,2023-09-25,1262
4155,訊映,5,0,5,宏遠-桃園,2023-09-25,1262
6829,千附精密,5,0,5,宏遠-桃園,2023-09-25,1262
2609,陽明,6,1,5,宏遠-桃園,2023-09-25,1262
8390,金益鼎,4,0,4,宏遠-桃園,2023-09-25,1262
2399,映泰,3,0,3,宏遠-桃園,2023-09-25,1262
2402,毅嘉,4,1,3,宏遠-桃園,2023-09-25,1262
00637L,元大滬深300正2,505,0,505,宏遠-桃園,2023-09-26,1262
00671R,富邦NASDAQ反1,150,0,150,宏遠-桃園,2023-09-26,1262
00878,國泰永續高股息,79,0,79,宏遠-桃園,2023-09-26,1262
00679B,元大美債20年,51,0,51,宏遠-桃園,2023-09-26,1262
00885,富邦越南,151,100,51,宏遠-桃園,2023-09-26,1262
00929,復華台灣科技優息,56,9,47,宏遠-桃園,2023-09-26,1262
1101,台泥,46,2,44,宏遠-桃園,2023-09-26,1262
8390,金益鼎,44,0,44,宏遠-桃園,2023-09-26,1262
2303,聯電,63,22,41,宏遠-桃園,2023-09-26,1262
1612,宏泰,41,6,35,宏遠-桃園,2023-09-26,1262
00907,永豐優息存股,30,0,30,宏遠-桃園,2023-09-26,1262
2897,王道銀行,25,0,25,宏遠-桃園,2023-09-26,1262
2344,華邦電,20,0,20,宏遠-桃園,2023-09-26,1262
2367,燿華,21,1,20,宏遠-桃園,2023-09-26,1262
00919,群益台灣精選高息,19,0,19,宏遠-桃園,2023-09-26,1262
00687B,國泰20年美債,17,0,17,宏遠-桃園,2023-09-26,1262
8358,金居,17,2,15,宏遠-桃園,2023-09-26,1262
00795B,中信美國公債20年,13,0,13,宏遠-桃園,2023-09-26,1262
2542,興富發,11,0,11,宏遠-桃園,2023-09-26,1262
00720B,元大投資級公司債,11,0,11,宏遠-桃園,2023-09-26,1262
00751B,元大AAA至A公司債,11,0,11,宏遠-桃園,2023-09-26,1262
00850,元大臺灣ESG永續,10,0,10,宏遠-桃園,2023-09-26,1262
00752,中信中國50,10,0,10,宏遠-桃園,2023-09-26,1262
1605,華新,15,5,10,宏遠-桃園,2023-09-26,1262
2382,廣達,13,3,10,宏遠-桃園,2023-09-26,1262
00650L,復華香港正2,11,2,9,宏遠-桃園,2023-09-26,1262
2317,鴻海,8,0,8,宏遠-桃園,2023-09-26,1262
3362,先進光,8,0,8,宏遠-桃園,2023-09-26,1262
00715L,期街口布蘭特正2,8,1,7,宏遠-桃園,2023-09-26,1262
1618,合機,10,3,7,宏遠-桃園,2023-09-26,1262
3062,建漢,7,0,7,宏遠-桃園,2023-09-26,1262
00923,群益台ESG低碳50,6,0,6,宏遠-桃園,2023-09-26,1262
00882,中信中國高股息,6,0,6,宏遠-桃園,2023-09-26,1262
1444,力麗,10,4,6,宏遠-桃園,2023-09-26,1262
1524,耿鼎,31,25,6,宏遠-桃園,2023-09-26,1262
3051,力特,7,1,6,宏遠-桃園,2023-09-26,1262
6139,亞翔,13,7,6,宏遠-桃園,2023-09-26,1262
00646,元大S＆P500,5,0,5,宏遠-桃園,2023-09-26,1262
00864B,中信美國公債0-1,5,0,5,宏遠-桃園,2023-09-26,1262
1514,亞力,5,0,5,宏遠-桃園,2023-09-26,1262
3504,揚明光,5,0,5,宏遠-桃園,2023-09-26,1262
6901,鑽石投資,6,1,5,宏遠-桃園,2023-09-26,1262
8069,元太,5,0,5,宏遠-桃園,2023-09-26,1262
8227,巨有科技,6,1,5,宏遠-桃園,2023-09-26,1262
3189,景碩,4,0,4,宏遠-桃園,2023-09-26,1262
1616,億泰,4,0,4,宏遠-桃園,2023-09-26,1262
3231,緯創,5,1,4,宏遠-桃園,2023-09-26,1262
6108,競國,7,3,4,宏遠-桃園,2023-09-26,1262
6111,大宇資,4,0,4,宏遠-桃園,2023-09-26,1262
2330,台積電,4,0,4,宏遠-桃園,2023-09-26,1262
00673R,期元大S＆P原油反1,56,0,56,宏遠-桃園,2023-09-27,1262
00931B,統一美債20年,50,0,50,宏遠-桃園,2023-09-27,1262
00671R,富邦NASDAQ反1,50,1,49,宏遠-桃園,2023-09-27,1262
2468,華經,38,4,34,宏遠-桃園,2023-09-27,1262
8930,青鋼,31,0,31,宏遠-桃園,2023-09-27,1262
6418,詠昇,31,1,30,宏遠-桃園,2023-09-27,1262
00929,復華台灣科技優息,29,0,29,宏遠-桃園,2023-09-27,1262
2303,聯電,54,26,28,宏遠-桃園,2023-09-27,1262
00680L,元大美債20正2,27,0,27,宏遠-桃園,2023-09-27,1262
00900,富邦特選高股息30,26,0,26,宏遠-桃園,2023-09-27,1262
4561,健椿,20,0,20,宏遠-桃園,2023-09-27,1262
4908,前鼎,30,10,20,宏遠-桃園,2023-09-27,1262
3276,宇環,20,1,19,宏遠-桃園,2023-09-27,1262
4542,科嶠,18,1,17,宏遠-桃園,2023-09-27,1262
00632R,元大台灣50反1,16,0,16,宏遠-桃園,2023-09-27,1262
2317,鴻海,17,2,15,宏遠-桃園,2023-09-27,1262
2542,興富發,15,0,15,宏遠-桃園,2023-09-27,1262
3709,鑫聯大投控,15,0,15,宏遠-桃園,2023-09-27,1262
00919,群益台灣精選高息,15,0,15,宏遠-桃園,2023-09-27,1262
2316,楠梓電,12,0,12,宏遠-桃園,2023-09-27,1262
00907,永豐優息存股,11,0,11,宏遠-桃園,2023-09-27,1262
3036,文曄,24,13,11,宏遠-桃園,2023-09-27,1262
2002,中鋼,35,25,10,宏遠-桃園,2023-09-27,1262
00688L,國泰20年美債正2,10,0,10,宏遠-桃園,2023-09-27,1262
1444,力麗,10,0,10,宏遠-桃園,2023-09-27,1262
1514,亞力,20,10,10,宏遠-桃園,2023-09-27,1262
2637,慧洋-KY,11,1,10,宏遠-桃園,2023-09-27,1262
3450,聯鈞,10,0,10,宏遠-桃園,2023-09-27,1262
5351,鈺創,10,0,10,宏遠-桃園,2023-09-27,1262
5465,富驊,33,23,10,宏遠-桃園,2023-09-27,1262
2530,華建,10,1,9,宏遠-桃園,2023-09-27,1262
3037,欣興,9,0,9,宏遠-桃園,2023-09-27,1262
1512,瑞利,8,0,8,宏遠-桃園,2023-09-27,1262
2881,富邦金,12,4,8,宏遠-桃園,2023-09-27,1262
00650L,復華香港正2,26,19,7,宏遠-桃園,2023-09-27,1262
1603,華電,13,6,7,宏遠-桃園,2023-09-27,1262
2516,新建,7,0,7,宏遠-桃園,2023-09-27,1262
6684,安格,7,0,7,宏遠-桃園,2023-09-27,1262
2337,旺宏,11,5,6,宏遠-桃園,2023-09-27,1262
1101,台泥,5,0,5,宏遠-桃園,2023-09-27,1262
00932,兆豐永續高息等權,5,0,5,宏遠-桃園,2023-09-27,1262
00679B,元大美債20年,18,13,5,宏遠-桃園,2023-09-27,1262
00646,元大S＆P500,5,0,5,宏遠-桃園,2023-09-27,1262
00752,中信中國50,5,0,5,宏遠-桃園,2023-09-27,1262
1615,大山,5,0,5,宏遠-桃園,2023-09-27,1262
2476,鉅祥,5,0,5,宏遠-桃園,2023-09-27,1262
2618,長榮航,10,5,5,宏遠-桃園,2023-09-27,1262
4532,瑞智,5,0,5,宏遠-桃園,2023-09-27,1262
5381,合正,5,0,5,宏遠-桃園,2023-09-27,1262
8390,金益鼎,5,0,5,宏遠-桃園,2023-09-27,1262
00708L,期元大S＆P黃金正2,101,1,100,宏遠-桃園,2023-09-28,1262
00673R,期元大S＆P原油反1,85,1,84,宏遠-桃園,2023-09-28,1262
00671R,富邦NASDAQ反1,69,0,69,宏遠-桃園,2023-09-28,1262
4906,正文,50,0,50,宏遠-桃園,2023-09-28,1262
00888,永豐台灣ESG,40,0,40,宏遠-桃園,2023-09-28,1262
6112,邁達特,35,0,35,宏遠-桃園,2023-09-28,1262
00885,富邦越南,201,170,31,宏遠-桃園,2023-09-28,1262
00712,復華富時不動產,30,0,30,宏遠-桃園,2023-09-28,1262
3032,偉訓,38,10,28,宏遠-桃園,2023-09-28,1262
00929,復華台灣科技優息,25,0,25,宏遠-桃園,2023-09-28,1262
2417,圓剛,26,3,23,宏遠-桃園,2023-09-28,1262
2017,官田鋼,22,0,22,宏遠-桃園,2023-09-28,1262
00637L,元大滬深300正2,26,4,22,宏遠-桃園,2023-09-28,1262
00751B,元大AAA至A公司債,21,0,21,宏遠-桃園,2023-09-28,1262
2367,燿華,20,0,20,宏遠-桃園,2023-09-28,1262
4155,訊映,20,0,20,宏遠-桃園,2023-09-28,1262
00679B,元大美債20年,33,15,18,宏遠-桃園,2023-09-28,1262
1584,精剛,39,22,17,宏遠-桃園,2023-09-28,1262
3264,欣銓,20,3,17,宏遠-桃園,2023-09-28,1262
00772B,中信高評級公司債,36,20,16,宏遠-桃園,2023-09-28,1262
3231,緯創,25,9,16,宏遠-桃園,2023-09-28,1262
6187,萬潤,18,2,16,宏遠-桃園,2023-09-28,1262
00646,元大S＆P500,15,0,15,宏遠-桃園,2023-09-28,1262
2002,中鋼,25,10,15,宏遠-桃園,2023-09-28,1262
3027,盛達,15,0,15,宏遠-桃園,2023-09-28,1262
00919,群益台灣精選高息,14,0,14,宏遠-桃園,2023-09-28,1262
6418,詠昇,12,0,12,宏遠-桃園,2023-09-28,1262
2498,宏達電,11,0,11,宏遠-桃園,2023-09-28,1262
2610,華航,12,1,11,宏遠-桃園,2023-09-28,1262
3363,上詮,10,0,10,宏遠-桃園,2023-09-28,1262
0050,元大台灣50,10,0,10,宏遠-桃園,2023-09-28,1262
2542,興富發,10,0,10,宏遠-桃園,2023-09-28,1262
2885,元大金,10,0,10,宏遠-桃園,2023-09-28,1262
6285,啟��,10,0,10,宏遠-桃園,2023-09-28,1262
8068,全達,10,1,9,宏遠-桃園,2023-09-28,1262
2317,鴻海,13,5,8,宏遠-桃園,2023-09-28,1262
2881,富邦金,12,4,8,宏遠-桃園,2023-09-28,1262
2606,裕民,11,4,7,宏遠-桃園,2023-09-28,1262
6170,統振,7,0,7,宏遠-桃園,2023-09-28,1262
00687B,國泰20年美債,6,0,6,宏遠-桃園,2023-09-28,1262
2431,聯昌,6,0,6,宏遠-桃園,2023-09-28,1262
8088,品安,6,0,6,宏遠-桃園,2023-09-28,1262
00882,中信中國高股息,5,0,5,宏遠-桃園,2023-09-28,1262
00680L,元大美債20正2,30,25,5,宏遠-桃園,2023-09-28,1262
00632R,元大台灣50反1,5,0,5,宏遠-桃園,2023-09-28,1262
2363,矽統,14,9,5,宏遠-桃園,2023-09-28,1262
2609,陽明,5,0,5,宏遠-桃園,2023-09-28,1262
2834,臺企銀,5,0,5,宏遠-桃園,2023-09-28,1262
3062,建漢,5,0,5,宏遠-桃園,2023-09-28,1262
3711,日月光投控,5,0,5,宏遠-桃園,2023-09-28,1262
00632R,元大台灣50反1,1002,0,1002,宏遠-桃園,2023-10-02,1262
1815,富喬,207,11,196,宏遠-桃園,2023-10-02,1262
00708L,期元大S＆P黃金正2,102,1,101,宏遠-桃園,2023-10-02,1262
2367,燿華,90,3,87,宏遠-桃園,2023-10-02,1262
4906,正文,88,3,85,宏遠-桃園,2023-10-02,1262
2427,三商電,61,0,61,宏遠-桃園,2023-10-02,1262
2486,一詮,63,6,57,宏遠-桃園,2023-10-02,1262
2399,映泰,40,0,40,宏遠-桃園,2023-10-02,1262
00720B,元大投資級公司債,59,20,39,宏遠-桃園,2023-10-02,1262
00722B,群益投資級電信債,35,0,35,宏遠-桃園,2023-10-02,1262
2363,矽統,38,6,32,宏遠-桃園,2023-10-02,1262
00773B,中信優先金融債,30,0,30,宏遠-桃園,2023-10-02,1262
2812,台中銀,30,0,30,宏遠-桃園,2023-10-02,1262
2355,敬鵬,32,4,28,宏遠-桃園,2023-10-02,1262
2002,中鋼,38,12,26,宏遠-桃園,2023-10-02,1262
2409,友達,25,0,25,宏遠-桃園,2023-10-02,1262
2324,仁寶,32,8,24,宏遠-桃園,2023-10-02,1262
8155,博智,22,0,22,宏遠-桃園,2023-10-02,1262
6530,創威,20,0,20,宏遠-桃園,2023-10-02,1262
00929,復華台灣科技優息,20,2,18,宏遠-桃園,2023-10-02,1262
2891,中信金,19,1,18,宏遠-桃園,2023-10-02,1262
00679B,元大美債20年,17,0,17,宏遠-桃園,2023-10-02,1262
8358,金居,22,7,15,宏遠-桃園,2023-10-02,1262
2022,聚亨,12,0,12,宏遠-桃園,2023-10-02,1262
2603,長榮,12,0,12,宏遠-桃園,2023-10-02,1262
8046,南電,10,0,10,宏遠-桃園,2023-10-02,1262
2376,技嘉,18,8,10,宏遠-桃園,2023-10-02,1262
5432,新門,19,9,10,宏遠-桃園,2023-10-02,1262
6016,康和證,10,0,10,宏遠-桃園,2023-10-02,1262
00772B,中信高評級公司債,9,0,9,宏遠-桃園,2023-10-02,1262
3081,聯亞,14,5,9,宏遠-桃園,2023-10-02,1262
4142,國光生,9,0,9,宏遠-桃園,2023-10-02,1262
6188,廣明,16,8,8,宏遠-桃園,2023-10-02,1262
2634,漢翔,7,0,7,宏遠-桃園,2023-10-02,1262
3704,合勤控,7,0,7,宏遠-桃園,2023-10-02,1262
8390,金益鼎,7,0,7,宏遠-桃園,2023-10-02,1262
00715L,期街口布蘭特正2,9,2,7,宏遠-桃園,2023-10-02,1262
00751B,元大AAA至A公司債,6,0,6,宏遠-桃園,2023-10-02,1262
4908,前鼎,19,13,6,宏遠-桃園,2023-10-02,1262
6244,茂迪,6,0,6,宏遠-桃園,2023-10-02,1262
9928,中視,6,0,6,宏遠-桃園,2023-10-02,1262
1101,台泥,5,0,5,宏遠-桃園,2023-10-02,1262
00931B,統一美債20年,5,0,5,宏遠-桃園,2023-10-02,1262
00900,富邦特選高股息30,5,0,5,宏遠-桃園,2023-10-02,1262
00864B,中信美國公債0-1,5,0,5,宏遠-桃園,2023-10-02,1262
1471,首利,6,1,5,宏遠-桃園,2023-10-02,1262
1504,東元,5,0,5,宏遠-桃園,2023-10-02,1262
1618,合機,25,20,5,宏遠-桃園,2023-10-02,1262
2208,台船,10,5,5,宏遠-桃園,2023-10-02,1262
2377,微星,6,1,5,宏遠-桃園,2023-10-02,1262
2913,農林,295,0,295,宏遠-桃園,2023-10-03,1262
00708L,期元大S＆P黃金正2,102,1,101,宏遠-桃園,2023-10-03,1262
8050,廣積,73,0,73,宏遠-桃園,2023-10-03,1262
2605,新興,70,0,70,宏遠-桃園,2023-10-03,1262
00878,國泰永續高股息,72,6,66,宏遠-桃園,2023-10-03,1262
2427,三商電,62,13,49,宏遠-桃園,2023-10-03,1262
6117,迎廣,77,30,47,宏遠-桃園,2023-10-03,1262
00637L,元大滬深300正2,567,529,38,宏遠-桃園,2023-10-03,1262
2618,長榮航,42,4,38,宏遠-桃園,2023-10-03,1262
00931B,統一美債20年,34,0,34,宏遠-桃園,2023-10-03,1262
00772B,中信高評級公司債,33,0,33,宏遠-桃園,2023-10-03,1262
1101,台泥,30,0,30,宏遠-桃園,2023-10-03,1262
3231,緯創,40,10,30,宏遠-桃園,2023-10-03,1262
00919,群益台灣精選高息,26,0,26,宏遠-桃園,2023-10-03,1262
00665L,富邦�琤肭磪囓�2,26,0,26,宏遠-桃園,2023-10-03,1262
0056,元大高股息,25,0,25,宏遠-桃園,2023-10-03,1262
00636,國泰中國A50,25,0,25,宏遠-桃園,2023-10-03,1262
4542,科嶠,26,1,25,宏遠-桃園,2023-10-03,1262
00929,復華台灣科技優息,24,0,24,宏遠-桃園,2023-10-03,1262
3013,晟銘電,27,3,24,宏遠-桃園,2023-10-03,1262
3276,宇環,22,1,21,宏遠-桃園,2023-10-03,1262
2610,華航,22,2,20,宏遠-桃園,2023-10-03,1262
00720B,元大投資級公司債,17,0,17,宏遠-桃園,2023-10-03,1262
3311,閎暉,17,0,17,宏遠-桃園,2023-10-03,1262
6120,達運,16,1,15,宏遠-桃園,2023-10-03,1262
2206,三陽工業,14,0,14,宏遠-桃園,2023-10-03,1262
6112,邁達特,14,0,14,宏遠-桃園,2023-10-03,1262
00650L,復華香港正2,62,50,12,宏遠-桃園,2023-10-03,1262
1522,堤維西,11,0,11,宏遠-桃園,2023-10-03,1262
00751B,元大AAA至A公司債,10,0,10,宏遠-桃園,2023-10-03,1262
1519,華城,11,1,10,宏遠-桃園,2023-10-03,1262
00896,中信綠能及電動車,10,0,10,宏遠-桃園,2023-10-03,1262
00753L,中信中國50正2,60,50,10,宏遠-桃園,2023-10-03,1262
1506,正道,10,0,10,宏遠-桃園,2023-10-03,1262
3045,台灣大,10,0,10,宏遠-桃園,2023-10-03,1262
4543,萬在,20,10,10,宏遠-桃園,2023-10-03,1262
1815,富喬,24,15,9,宏遠-桃園,2023-10-03,1262
00638R,元大滬深300反1,11,2,9,宏遠-桃園,2023-10-03,1262
00679B,元大美債20年,9,0,9,宏遠-桃園,2023-10-03,1262
1504,東元,9,0,9,宏遠-桃園,2023-10-03,1262
2317,鴻海,9,0,9,宏遠-桃園,2023-10-03,1262
2385,群光,9,0,9,宏遠-桃園,2023-10-03,1262
6158,禾昌,9,0,9,宏遠-桃園,2023-10-03,1262
3037,欣興,8,0,8,宏遠-桃園,2023-10-03,1262
1605,華新,8,0,8,宏遠-桃園,2023-10-03,1262
8390,金益鼎,8,0,8,宏遠-桃園,2023-10-03,1262
6271,同欣電,8,0,8,宏遠-桃園,2023-10-03,1262
2236,百達-KY,7,0,7,宏遠-桃園,2023-10-03,1262
4977,眾達-KY,8,1,7,宏遠-桃園,2023-10-03,1262
00882,中信中國高股息,6,0,6,宏遠-桃園,2023-10-03,1262
00671R,富邦NASDAQ反1,204,2,202,宏遠-桃園,2023-10-04,1262
2419,仲琦,60,0,60,宏遠-桃園,2023-10-04,1262
2618,長榮航,86,34,52,宏遠-桃園,2023-10-04,1262
2913,農林,50,0,50,宏遠-桃園,2023-10-04,1262
1101,台泥,43,0,43,宏遠-桃園,2023-10-04,1262
00664R,國泰臺灣加權反1,40,0,40,宏遠-桃園,2023-10-04,1262
2303,聯電,67,32,35,宏遠-桃園,2023-10-04,1262
00929,復華台灣科技優息,35,0,35,宏遠-桃園,2023-10-04,1262
2409,友達,33,0,33,宏遠-桃園,2023-10-04,1262
00878,國泰永續高股息,34,2,32,宏遠-桃園,2023-10-04,1262
00931B,統一美債20年,32,0,32,宏遠-桃園,2023-10-04,1262
3231,緯創,34,8,26,宏遠-桃園,2023-10-04,1262
2427,三商電,34,9,25,宏遠-桃園,2023-10-04,1262
00919,群益台灣精選高息,23,0,23,宏遠-桃園,2023-10-04,1262
00772B,中信高評級公司債,22,0,22,宏遠-桃園,2023-10-04,1262
3032,偉訓,22,0,22,宏遠-桃園,2023-10-04,1262
8027,鈦昇,22,0,22,宏遠-桃園,2023-10-04,1262
5381,合正,21,0,21,宏遠-桃園,2023-10-04,1262
6530,創威,20,0,20,宏遠-桃園,2023-10-04,1262
00679B,元大美債20年,19,0,19,宏遠-桃園,2023-10-04,1262
2883,凱基金,19,0,19,宏遠-桃園,2023-10-04,1262
1605,華新,19,2,17,宏遠-桃園,2023-10-04,1262
00650L,復華香港正2,20,4,16,宏遠-桃園,2023-10-04,1262
0056,元大高股息,14,0,14,宏遠-桃園,2023-10-04,1262
2344,華邦電,13,0,13,宏遠-桃園,2023-10-04,1262
2421,建準,14,1,13,宏遠-桃園,2023-10-04,1262
00687B,國泰20年美債,12,0,12,宏遠-桃園,2023-10-04,1262
00751B,元大AAA至A公司債,12,0,12,宏遠-桃園,2023-10-04,1262
6156,松上,17,5,12,宏遠-桃園,2023-10-04,1262
00712,復華富時不動產,11,0,11,宏遠-桃園,2023-10-04,1262
1326,台化,11,0,11,宏遠-桃園,2023-10-04,1262
2206,三陽工業,12,1,11,宏遠-桃園,2023-10-04,1262
00896,中信綠能及電動車,10,0,10,宏遠-桃園,2023-10-04,1262
00922,國泰台灣領袖50,10,0,10,宏遠-桃園,2023-10-04,1262
3363,上詮,20,10,10,宏遠-桃園,2023-10-04,1262
00720B,元大投資級公司債,9,0,9,宏遠-桃園,2023-10-04,1262
2002,中鋼,29,20,9,宏遠-桃園,2023-10-04,1262
3338,泰碩,10,1,9,宏遠-桃園,2023-10-04,1262
00722B,群益投資級電信債,8,0,8,宏遠-桃園,2023-10-04,1262
8086,宏捷科,15,7,8,宏遠-桃園,2023-10-04,1262
2330,台積電,9,1,8,宏遠-桃園,2023-10-04,1262
2891,中信金,18,11,7,宏遠-桃園,2023-10-04,1262
2317,鴻海,9,3,6,宏遠-桃園,2023-10-04,1262
2886,兆豐金,6,0,6,宏遠-桃園,2023-10-04,1262
1504,東元,6,0,6,宏遠-桃園,2023-10-04,1262
3105,穩懋,7,1,6,宏遠-桃園,2023-10-04,1262
8358,金居,25,19,6,宏遠-桃園,2023-10-04,1262
2890,永豐金,5,0,5,宏遠-桃園,2023-10-04,1262
00863B,中信全球電信債,5,0,5,宏遠-桃園,2023-10-04,1262
2022,聚亨,5,0,5,宏遠-桃園,2023-10-04,1262
00632R,元大台灣50反1,314,9,305,宏遠-桃園,2023-10-05,1262
2855,統一證,100,0,100,宏遠-桃園,2023-10-05,1262
2486,一詮,65,8,57,宏遠-桃園,2023-10-05,1262
00671R,富邦NASDAQ反1,54,0,54,宏遠-桃園,2023-10-05,1262
2543,皇昌,53,0,53,宏遠-桃園,2023-10-05,1262
1319,東陽,40,0,40,宏遠-桃園,2023-10-05,1262
3338,泰碩,40,0,40,宏遠-桃園,2023-10-05,1262
00931B,統一美債20年,50,12,38,宏遠-桃園,2023-10-05,1262
00636,國泰中國A50,30,0,30,宏遠-桃園,2023-10-05,1262
6125,廣運,28,2,26,宏遠-桃園,2023-10-05,1262
3037,欣興,25,0,25,宏遠-桃園,2023-10-05,1262
2427,三商電,21,1,20,宏遠-桃園,2023-10-05,1262
9958,世紀鋼,20,0,20,宏遠-桃園,2023-10-05,1262
00712,復華富時不動產,24,5,19,宏遠-桃園,2023-10-05,1262
00929,復華台灣科技優息,16,0,16,宏遠-桃園,2023-10-05,1262
2618,長榮航,23,7,16,宏遠-桃園,2023-10-05,1262
00664R,國泰臺灣加權反1,15,0,15,宏遠-桃園,2023-10-05,1262
2633,台灣高鐵,15,0,15,宏遠-桃園,2023-10-05,1262
2468,華經,15,1,14,宏遠-桃園,2023-10-05,1262
3715,定穎投控,37,25,12,宏遠-桃園,2023-10-05,1262
2241,艾姆勒,11,0,11,宏遠-桃園,2023-10-05,1262
4967,十銓,12,1,11,宏遠-桃園,2023-10-05,1262
2002,中鋼,35,25,10,宏遠-桃園,2023-10-05,1262
2891,中信金,10,0,10,宏遠-桃園,2023-10-05,1262
6150,撼訊,10,0,10,宏遠-桃園,2023-10-05,1262
2542,興富發,10,1,9,宏遠-桃園,2023-10-05,1262
3059,華晶科,10,2,8,宏遠-桃園,2023-10-05,1262
6117,迎廣,8,0,8,宏遠-桃園,2023-10-05,1262
6156,松上,20,12,8,宏遠-桃園,2023-10-05,1262
8358,金居,9,1,8,宏遠-桃園,2023-10-05,1262
00715L,期街口布蘭特正2,11,4,7,宏遠-桃園,2023-10-05,1262
3260,威剛,14,7,7,宏遠-桃園,2023-10-05,1262
3231,緯創,21,15,6,宏遠-桃園,2023-10-05,1262
00751B,元大AAA至A公司債,6,0,6,宏遠-桃園,2023-10-05,1262
00650L,復華香港正2,12,7,5,宏遠-桃園,2023-10-05,1262
2516,新建,5,0,5,宏遠-桃園,2023-10-05,1262
2888,新光金,5,0,5,宏遠-桃園,2023-10-05,1262
3011,今皓,5,0,5,宏遠-桃園,2023-10-05,1262
4744,皇將,5,0,5,宏遠-桃園,2023-10-05,1262
7402,邑錡,5,0,5,宏遠-桃園,2023-10-05,1262
1514,亞力,17,12,5,宏遠-桃園,2023-10-05,1262
3081,聯亞,4,0,4,宏遠-桃園,2023-10-05,1262
00922,國泰台灣領袖50,4,0,4,宏遠-桃園,2023-10-05,1262
1524,耿鼎,4,0,4,宏遠-桃園,2023-10-05,1262
1532,勤美,4,0,4,宏遠-桃園,2023-10-05,1262
2881,富邦金,8,4,4,宏遠-桃園,2023-10-05,1262
3138,耀登,4,0,4,宏遠-桃園,2023-10-05,1262
3576,聯合再生,4,0,4,宏遠-桃園,2023-10-05,1262
3630,新鉅科,4,0,4,宏遠-桃園,2023-10-05,1262
5351,鈺創,4,0,4,宏遠-桃園,2023-10-05,1262
00673R,期元大S＆P原油反1,1001,0,1001,宏遠-桃園,2023-10-06,1262
00632R,元大台灣50反1,214,7,207,宏遠-桃園,2023-10-06,1262
00671R,富邦NASDAQ反1,200,0,200,宏遠-桃園,2023-10-06,1262
4714,永捷,205,20,185,宏遠-桃園,2023-10-06,1262
1785,光洋科,184,0,184,宏遠-桃園,2023-10-06,1262
6112,邁達特,102,1,101,宏遠-桃園,2023-10-06,1262
2442,新美齊,92,2,90,宏遠-桃園,2023-10-06,1262
2399,映泰,64,0,64,宏遠-桃園,2023-10-06,1262
00929,復華台灣科技優息,83,25,58,宏遠-桃園,2023-10-06,1262
6125,廣運,53,2,51,宏遠-桃園,2023-10-06,1262
00680L,元大美債20正2,47,0,47,宏遠-桃園,2023-10-06,1262
3071,協禧,66,20,46,宏遠-桃園,2023-10-06,1262
4542,科嶠,30,0,30,宏遠-桃園,2023-10-06,1262
2913,農林,29,3,26,宏遠-桃園,2023-10-06,1262
6266,泰詠,28,5,23,宏遠-桃園,2023-10-06,1262
4906,正文,21,0,21,宏遠-桃園,2023-10-06,1262
5880,合庫金,21,0,21,宏遠-桃園,2023-10-06,1262
2618,長榮航,20,1,19,宏遠-桃園,2023-10-06,1262
2883,凱基金,20,1,19,宏遠-桃園,2023-10-06,1262
2637,慧洋-KY,18,0,18,宏遠-桃園,2023-10-06,1262
8271,宇瞻,17,0,17,宏遠-桃園,2023-10-06,1262
3213,茂訊,15,0,15,宏遠-桃園,2023-10-06,1262
6235,華孚,20,5,15,宏遠-桃園,2023-10-06,1262
8050,廣積,15,0,15,宏遠-桃園,2023-10-06,1262
00919,群益台灣精選高息,14,0,14,宏遠-桃園,2023-10-06,1262
2382,廣達,20,6,14,宏遠-桃園,2023-10-06,1262
6451,訊芯-KY,48,36,12,宏遠-桃園,2023-10-06,1262
6426,統新,11,0,11,宏遠-桃園,2023-10-06,1262
6189,豐藝,10,0,10,宏遠-桃園,2023-10-06,1262
6204,艾華,10,0,10,宏遠-桃園,2023-10-06,1262
8027,鈦昇,10,0,10,宏遠-桃園,2023-10-06,1262
8467,波力-KY,10,0,10,宏遠-桃園,2023-10-06,1262
00715L,期街口布蘭特正2,9,0,9,宏遠-桃園,2023-10-06,1262
2363,矽統,21,12,9,宏遠-桃園,2023-10-06,1262
1512,瑞利,7,0,7,宏遠-桃園,2023-10-06,1262
00773B,中信優先金融債,7,0,7,宏遠-桃園,2023-10-06,1262
2409,友達,7,0,7,宏遠-桃園,2023-10-06,1262
4532,瑞智,7,0,7,宏遠-桃園,2023-10-06,1262
4953,緯軟,14,7,7,宏遠-桃園,2023-10-06,1262
6243,迅杰,7,0,7,宏遠-桃園,2023-10-06,1262
00885,富邦越南,6,0,6,宏遠-桃園,2023-10-06,1262
00893,國泰智能電動車,20,14,6,宏遠-桃園,2023-10-06,1262
5258,虹堡,9,3,6,宏遠-桃園,2023-10-06,1262
6128,上福,6,0,6,宏遠-桃園,2023-10-06,1262
6156,松上,13,7,6,宏遠-桃園,2023-10-06,1262
00931B,統一美債20年,5,0,5,宏遠-桃園,2023-10-06,1262
00633L,富邦上証正2,5,0,5,宏遠-桃園,2023-10-06,1262
2027,大成鋼,5,0,5,宏遠-桃園,2023-10-06,1262
2353,宏��,6,1,5,宏遠-桃園,2023-10-06,1262
3481,群創,5,0,5,宏遠-桃園,2023-10-06,1262
00632R,元大台灣50反1,543,17,526,宏遠-桃園,2023-10-11,1262
00712,復華富時不動產,302,0,302,宏遠-桃園,2023-10-11,1262
1815,富喬,124,4,120,宏遠-桃園,2023-10-11,1262
3062,建漢,100,0,100,宏遠-桃園,2023-10-11,1262
6288,聯嘉,100,1,99,宏遠-桃園,2023-10-11,1262
2401,凌陽,70,0,70,宏遠-桃園,2023-10-11,1262
8222,寶一,67,2,65,宏遠-桃園,2023-10-11,1262
6530,創威,79,15,64,宏遠-桃園,2023-10-11,1262
3346,麗清,56,0,56,宏遠-桃園,2023-10-11,1262
4142,國光生,55,0,55,宏遠-桃園,2023-10-11,1262
6547,高端疫苗,59,13,46,宏遠-桃園,2023-10-11,1262
3231,緯創,142,101,41,宏遠-桃園,2023-10-11,1262
2883,凱基金,50,17,33,宏遠-桃園,2023-10-11,1262
2382,廣達,58,28,30,宏遠-桃園,2023-10-11,1262
00753L,中信中國50正2,65,35,30,宏遠-桃園,2023-10-11,1262
4543,萬在,30,0,30,宏遠-桃園,2023-10-11,1262
6451,訊芯-KY,34,6,28,宏遠-桃園,2023-10-11,1262
1444,力麗,25,0,25,宏遠-桃園,2023-10-11,1262
2368,金像電,29,4,25,宏遠-桃園,2023-10-11,1262
2417,圓剛,25,0,25,宏遠-桃園,2023-10-11,1262
6112,邁達特,26,1,25,宏遠-桃園,2023-10-11,1262
2610,華航,24,0,24,宏遠-桃園,2023-10-11,1262
2388,威盛,46,23,23,宏遠-桃園,2023-10-11,1262
2419,仲琦,20,0,20,宏遠-桃園,2023-10-11,1262
4906,正文,20,0,20,宏遠-桃園,2023-10-11,1262
00932,兆豐永續高息等權,20,0,20,宏遠-桃園,2023-10-11,1262
4157,太景*-KY,20,0,20,宏遠-桃園,2023-10-11,1262
2421,建準,26,7,19,宏遠-桃園,2023-10-11,1262
1524,耿鼎,37,20,17,宏遠-桃園,2023-10-11,1262
5285,界霖,17,0,17,宏遠-桃園,2023-10-11,1262
3025,星通,15,0,15,宏遠-桃園,2023-10-11,1262
6486,互動,15,0,15,宏遠-桃園,2023-10-11,1262
8103,瀚荃,18,3,15,宏遠-桃園,2023-10-11,1262
00878,國泰永續高股息,14,0,14,宏遠-桃園,2023-10-11,1262
6197,佳必琪,11,0,11,宏遠-桃園,2023-10-11,1262
6266,泰詠,11,0,11,宏遠-桃園,2023-10-11,1262
6285,啟��,11,0,11,宏遠-桃園,2023-10-11,1262
2356,英業達,15,5,10,宏遠-桃園,2023-10-11,1262
3287,廣寰科,10,0,10,宏遠-桃園,2023-10-11,1262
4979,華星光,23,15,8,宏遠-桃園,2023-10-11,1262
6684,安格,22,14,8,宏遠-桃園,2023-10-11,1262
8076,伍豐,8,0,8,宏遠-桃園,2023-10-11,1262
1514,亞力,8,1,7,宏遠-桃園,2023-10-11,1262
3715,定穎投控,35,28,7,宏遠-桃園,2023-10-11,1262
1720,生達,7,1,6,宏遠-桃園,2023-10-11,1262
3036,文曄,14,8,6,宏遠-桃園,2023-10-11,1262
5452,佶優,6,0,6,宏遠-桃園,2023-10-11,1262
6799,來頡,13,7,6,宏遠-桃園,2023-10-11,1262
2538,基泰,5,0,5,宏遠-桃園,2023-10-11,1262
3032,偉訓,8,3,5,宏遠-桃園,2023-10-11,1262
00632R,元大台灣50反1,516,4,512,宏遠-桃園,2023-10-12,1262
2427,三商電,180,1,179,宏遠-桃園,2023-10-12,1262
00712,復華富時不動產,123,10,113,宏遠-桃園,2023-10-12,1262
2486,一詮,63,4,59,宏遠-桃園,2023-10-12,1262
2498,宏達電,62,3,59,宏遠-桃園,2023-10-12,1262
5381,合正,30,0,30,宏遠-桃園,2023-10-12,1262
00680L,元大美債20正2,104,78,26,宏遠-桃園,2023-10-12,1262
0056,元大高股息,24,0,24,宏遠-桃園,2023-10-12,1262
6117,迎廣,24,0,24,宏遠-桃園,2023-10-12,1262
3260,威剛,27,5,22,宏遠-桃園,2023-10-12,1262
00751B,元大AAA至A公司債,40,20,20,宏遠-桃園,2023-10-12,1262
1101,台泥,20,5,15,宏遠-桃園,2023-10-12,1262
3390,旭軟,15,0,15,宏遠-桃園,2023-10-12,1262
3013,晟銘電,15,1,14,宏遠-桃園,2023-10-12,1262
6275,元山,20,6,14,宏遠-桃園,2023-10-12,1262
6168,宏齊,14,1,13,宏遠-桃園,2023-10-12,1262
00929,復華台灣科技優息,12,0,12,宏遠-桃園,2023-10-12,1262
00919,群益台灣精選高息,11,0,11,宏遠-桃園,2023-10-12,1262
2634,漢翔,31,20,11,宏遠-桃園,2023-10-12,1262
1324,地球,10,0,10,宏遠-桃園,2023-10-12,1262
3088,艾訊,10,0,10,宏遠-桃園,2023-10-12,1262
3530,晶相光,11,1,10,宏遠-桃園,2023-10-12,1262
4953,緯軟,10,0,10,宏遠-桃園,2023-10-12,1262
8222,寶一,12,2,10,宏遠-桃園,2023-10-12,1262
4142,國光生,9,0,9,宏遠-桃園,2023-10-12,1262
00715L,期街口布蘭特正2,42,33,9,宏遠-桃園,2023-10-12,1262
00679B,元大美債20年,10,2,8,宏遠-桃園,2023-10-12,1262
2881,富邦金,22,14,8,宏遠-桃園,2023-10-12,1262
2308,台達電,8,1,7,宏遠-桃園,2023-10-12,1262
00687B,國泰20年美債,7,0,7,宏遠-桃園,2023-10-12,1262
2614,東森,7,0,7,宏遠-桃園,2023-10-12,1262
3006,晶豪科,8,1,7,宏遠-桃園,2023-10-12,1262
1802,台玻,7,0,7,宏遠-桃園,2023-10-12,1262
00720B,元大投資級公司債,21,15,6,宏遠-桃園,2023-10-12,1262
1532,勤美,6,0,6,宏遠-桃園,2023-10-12,1262
1444,力麗,5,0,5,宏遠-桃園,2023-10-12,1262
00931B,統一美債20年,5,0,5,宏遠-桃園,2023-10-12,1262
3078,僑威,7,2,5,宏遠-桃園,2023-10-12,1262
2465,麗臺,6,1,5,宏遠-桃園,2023-10-12,1262
2313,華通,7,2,5,宏遠-桃園,2023-10-12,1262
2538,基泰,4,0,4,宏遠-桃園,2023-10-12,1262
5272,笙科,4,0,4,宏遠-桃園,2023-10-12,1262
8011,台通,4,0,4,宏遠-桃園,2023-10-12,1262
6147,頎邦,4,0,4,宏遠-桃園,2023-10-12,1262
6770,力積電,5,1,4,宏遠-桃園,2023-10-12,1262
2816,旺旺保,3,0,3,宏遠-桃園,2023-10-12,1262
00900,富邦特選高股息30,3,0,3,宏遠-桃園,2023-10-12,1262
2376,技嘉,8,5,3,宏遠-桃園,2023-10-12,1262
3037,欣興,3,0,3,宏遠-桃園,2023-10-12,1262
6128,上福,3,0,3,宏遠-桃園,2023-10-12,1262
1314,中石化,250,55,195,宏遠-桃園,2023-10-13,1262
3363,上詮,118,27,91,宏遠-桃園,2023-10-13,1262
00878,國泰永續高股息,77,0,77,宏遠-桃園,2023-10-13,1262
2913,農林,75,0,75,宏遠-桃園,2023-10-13,1262
00637L,元大滬深300正2,71,1,70,宏遠-桃園,2023-10-13,1262
0056,元大高股息,44,0,44,宏遠-桃園,2023-10-13,1262
00720B,元大投資級公司債,51,15,36,宏遠-桃園,2023-10-13,1262
00712,復華富時不動產,85,50,35,宏遠-桃園,2023-10-13,1262
1101,台泥,35,0,35,宏遠-桃園,2023-10-13,1262
1802,台玻,32,0,32,宏遠-桃園,2023-10-13,1262
2002,中鋼,30,0,30,宏遠-桃園,2023-10-13,1262
6684,安格,42,12,30,宏遠-桃園,2023-10-13,1262
3231,緯創,38,13,25,宏遠-桃園,2023-10-13,1262
2610,華航,26,2,24,宏遠-桃園,2023-10-13,1262
2634,漢翔,24,0,24,宏遠-桃園,2023-10-13,1262
5381,合正,23,0,23,宏遠-桃園,2023-10-13,1262
2206,三陽工業,20,0,20,宏遠-桃園,2023-10-13,1262
00632R,元大台灣50反1,27,8,19,宏遠-桃園,2023-10-13,1262
2363,矽統,115,97,18,宏遠-桃園,2023-10-13,1262
00679B,元大美債20年,17,0,17,宏遠-桃園,2023-10-13,1262
1519,華城,16,0,16,宏遠-桃園,2023-10-13,1262
2329,華泰,18,5,13,宏遠-桃園,2023-10-13,1262
3122,笙泉,12,0,12,宏遠-桃園,2023-10-13,1262
6288,聯嘉,13,1,12,宏遠-桃園,2023-10-13,1262
2353,宏��,11,0,11,宏遠-桃園,2023-10-13,1262
3481,群創,11,0,11,宏遠-桃園,2023-10-13,1262
1319,東陽,30,20,10,宏遠-桃園,2023-10-13,1262
00724B,群益投資級金融債,10,0,10,宏遠-桃園,2023-10-13,1262
00919,群益台灣精選高息,10,0,10,宏遠-桃園,2023-10-13,1262
00673R,期元大S＆P原油反1,20,10,10,宏遠-桃園,2023-10-13,1262
2368,金像電,11,1,10,宏遠-桃園,2023-10-13,1262
3045,台灣大,10,0,10,宏遠-桃園,2023-10-13,1262
3071,協禧,10,0,10,宏遠-桃園,2023-10-13,1262
4953,緯軟,10,0,10,宏遠-桃園,2023-10-13,1262
00687B,國泰20年美債,29,20,9,宏遠-桃園,2023-10-13,1262
3037,欣興,7,0,7,宏遠-桃園,2023-10-13,1262
2409,友達,9,2,7,宏遠-桃園,2023-10-13,1262
5876,上海商銀,7,0,7,宏遠-桃園,2023-10-13,1262
2454,聯發科,15,8,7,宏遠-桃園,2023-10-13,1262
6104,創惟,7,0,7,宏遠-桃園,2023-10-13,1262
8996,高力,10,4,6,宏遠-桃園,2023-10-13,1262
3260,威剛,21,15,6,宏遠-桃園,2023-10-13,1262
00650L,復華香港正2,57,51,6,宏遠-桃園,2023-10-13,1262
00931B,統一美債20年,6,0,6,宏遠-桃園,2023-10-13,1262
1524,耿鼎,11,5,6,宏遠-桃園,2023-10-13,1262
2417,圓剛,6,0,6,宏遠-桃園,2023-10-13,1262
3704,合勤控,7,1,6,宏遠-桃園,2023-10-13,1262
8467,波力-KY,6,0,6,宏遠-桃園,2023-10-13,1262
6285,啟��,6,0,6,宏遠-桃園,2023-10-13,1262
2382,廣達,36,31,5,宏遠-桃園,2023-10-13,1262
2515,中工,461,27,434,宏遠-桃園,2023-10-16,1262
2913,農林,365,0,365,宏遠-桃園,2023-10-16,1262
6112,邁達特,134,0,134,宏遠-桃園,2023-10-16,1262
2329,華泰,94,3,91,宏遠-桃園,2023-10-16,1262
00680L,元大美債20正2,70,3,67,宏遠-桃園,2023-10-16,1262
00712,復華富時不動產,75,10,65,宏遠-桃園,2023-10-16,1262
2618,長榮航,69,9,60,宏遠-桃園,2023-10-16,1262
00650L,復華香港正2,52,0,52,宏遠-桃園,2023-10-16,1262
2419,仲琦,50,0,50,宏遠-桃園,2023-10-16,1262
2882,國泰金,51,3,48,宏遠-桃園,2023-10-16,1262
3363,上詮,145,115,30,宏遠-桃園,2023-10-16,1262
00878,國泰永續高股息,24,0,24,宏遠-桃園,2023-10-16,1262
2605,新興,24,0,24,宏遠-桃園,2023-10-16,1262
00637L,元大滬深300正2,23,0,23,宏遠-桃園,2023-10-16,1262
00929,復華台灣科技優息,44,21,23,宏遠-桃園,2023-10-16,1262
6684,安格,23,0,23,宏遠-桃園,2023-10-16,1262
00919,群益台灣精選高息,22,2,20,宏遠-桃園,2023-10-16,1262
3576,聯合再生,20,0,20,宏遠-桃園,2023-10-16,1262
0056,元大高股息,21,1,20,宏遠-桃園,2023-10-16,1262
00673R,期元大S＆P原油反1,20,1,19,宏遠-桃園,2023-10-16,1262
00688L,國泰20年美債正2,22,5,17,宏遠-桃園,2023-10-16,1262
00720B,元大投資級公司債,16,0,16,宏遠-桃園,2023-10-16,1262
1605,華新,16,0,16,宏遠-桃園,2023-10-16,1262
4908,前鼎,31,15,16,宏遠-桃園,2023-10-16,1262
2543,皇昌,15,0,15,宏遠-桃園,2023-10-16,1262
3037,欣興,20,5,15,宏遠-桃園,2023-10-16,1262
2385,群光,14,0,14,宏遠-桃園,2023-10-16,1262
2344,華邦電,13,0,13,宏遠-桃園,2023-10-16,1262
00724B,群益投資級金融債,12,0,12,宏遠-桃園,2023-10-16,1262
6120,達運,13,1,12,宏遠-桃園,2023-10-16,1262
8467,波力-KY,12,0,12,宏遠-桃園,2023-10-16,1262
6285,啟��,11,0,11,宏遠-桃園,2023-10-16,1262
00751B,元大AAA至A公司債,11,0,11,宏遠-桃園,2023-10-16,1262
2368,金像電,13,2,11,宏遠-桃園,2023-10-16,1262
8222,寶一,17,6,11,宏遠-桃園,2023-10-16,1262
1802,台玻,10,0,10,宏遠-桃園,2023-10-16,1262
2476,鉅祥,10,0,10,宏遠-桃園,2023-10-16,1262
3228,金麗科,10,0,10,宏遠-桃園,2023-10-16,1262
3666,光耀,10,0,10,宏遠-桃園,2023-10-16,1262
5351,鈺創,10,0,10,宏遠-桃園,2023-10-16,1262
9946,三發地產,10,0,10,宏遠-桃園,2023-10-16,1262
3062,建漢,10,0,10,宏遠-桃園,2023-10-16,1262
8996,高力,14,5,9,宏遠-桃園,2023-10-16,1262
2105,正新,8,0,8,宏遠-桃園,2023-10-16,1262
3081,聯亞,8,0,8,宏遠-桃園,2023-10-16,1262
3231,緯創,18,10,8,宏遠-桃園,2023-10-16,1262
6239,力成,11,3,8,宏遠-桃園,2023-10-16,1262
2417,圓剛,9,1,8,宏遠-桃園,2023-10-16,1262
1532,勤美,7,0,7,宏遠-桃園,2023-10-16,1262
2610,華航,9,2,7,宏遠-桃園,2023-10-16,1262
2913,農林,239,0,239,宏遠-桃園,2023-10-17,1262
0056,元大高股息,224,0,224,宏遠-桃園,2023-10-17,1262
2363,矽統,109,49,60,宏遠-桃園,2023-10-17,1262
5876,上海商銀,53,0,53,宏遠-桃園,2023-10-17,1262
6530,創威,97,45,52,宏遠-桃園,2023-10-17,1262
3062,建漢,48,2,46,宏遠-桃園,2023-10-17,1262
2201,裕隆,55,10,45,宏遠-桃園,2023-10-17,1262
5347,世界,40,1,39,宏遠-桃園,2023-10-17,1262
3363,上詮,112,80,32,宏遠-桃園,2023-10-17,1262
0050,元大台灣50,32,1,31,宏遠-桃園,2023-10-17,1262
00929,復華台灣科技優息,28,1,27,宏遠-桃園,2023-10-17,1262
1802,台玻,27,0,27,宏遠-桃園,2023-10-17,1262
00878,國泰永續高股息,24,0,24,宏遠-桃園,2023-10-17,1262
2419,仲琦,21,1,20,宏遠-桃園,2023-10-17,1262
8054,安國,29,9,20,宏遠-桃園,2023-10-17,1262
4960,誠美材,24,5,19,宏遠-桃園,2023-10-17,1262
1444,力麗,15,0,15,宏遠-桃園,2023-10-17,1262
00679B,元大美債20年,14,0,14,宏遠-桃園,2023-10-17,1262
2368,金像電,13,0,13,宏遠-桃園,2023-10-17,1262
2498,宏達電,15,2,13,宏遠-桃園,2023-10-17,1262
4564,元翎,12,0,12,宏遠-桃園,2023-10-17,1262
00772B,中信高評級公司債,11,0,11,宏遠-桃園,2023-10-17,1262
3122,笙泉,22,11,11,宏遠-桃園,2023-10-17,1262
3088,艾訊,10,0,10,宏遠-桃園,2023-10-17,1262
2816,旺旺保,10,0,10,宏遠-桃園,2023-10-17,1262
00919,群益台灣精選高息,10,1,9,宏遠-桃園,2023-10-17,1262
2317,鴻海,10,1,9,宏遠-桃園,2023-10-17,1262
00687B,國泰20年美債,8,0,8,宏遠-桃園,2023-10-17,1262
3706,神達,8,0,8,宏遠-桃園,2023-10-17,1262
3138,耀登,8,0,8,宏遠-桃園,2023-10-17,1262
00680L,元大美債20正2,8,0,8,宏遠-桃園,2023-10-17,1262
00888,永豐台灣ESG,7,0,7,宏遠-桃園,2023-10-17,1262
2344,華邦電,9,2,7,宏遠-桃園,2023-10-17,1262
00720B,元大投資級公司債,6,0,6,宏遠-桃園,2023-10-17,1262
3715,定穎投控,30,24,6,宏遠-桃園,2023-10-17,1262
00931B,統一美債20年,6,0,6,宏遠-桃園,2023-10-17,1262
2367,燿華,11,5,6,宏遠-桃園,2023-10-17,1262
2421,建準,7,1,6,宏遠-桃園,2023-10-17,1262
3583,辛耘,6,0,6,宏遠-桃園,2023-10-17,1262
6128,上福,6,0,6,宏遠-桃園,2023-10-17,1262
6266,泰詠,6,0,6,宏遠-桃園,2023-10-17,1262
8033,雷虎,6,0,6,宏遠-桃園,2023-10-17,1262
00715L,期街口布蘭特正2,7,1,6,宏遠-桃園,2023-10-17,1262
1101,台泥,5,0,5,宏遠-桃園,2023-10-17,1262
00712,復華富時不動產,5,0,5,宏遠-桃園,2023-10-17,1262
00688L,國泰20年美債正2,5,0,5,宏遠-桃園,2023-10-17,1262
1532,勤美,5,0,5,宏遠-桃園,2023-10-17,1262
2002,中鋼,5,0,5,宏遠-桃園,2023-10-17,1262
2538,基泰,5,0,5,宏遠-桃園,2023-10-17,1262
6285,啟��,5,0,5,宏遠-桃園,2023-10-17,1262
6112,邁達特,138,0,138,宏遠-桃園,2023-10-18,1262
00929,復華台灣科技優息,133,10,123,宏遠-桃園,2023-10-18,1262
2913,農林,89,0,89,宏遠-桃園,2023-10-18,1262
00878,國泰永續高股息,79,0,79,宏遠-桃園,2023-10-18,1262
6237,驊訊,79,14,65,宏遠-桃園,2023-10-18,1262
0056,元大高股息,65,6,59,宏遠-桃園,2023-10-18,1262
2886,兆豐金,50,0,50,宏遠-桃園,2023-10-18,1262
2543,皇昌,38,0,38,宏遠-桃園,2023-10-18,1262
00673R,期元大S＆P原油反1,36,0,36,宏遠-桃園,2023-10-18,1262
2419,仲琦,30,0,30,宏遠-桃園,2023-10-18,1262
4906,正文,30,0,30,宏遠-桃園,2023-10-18,1262
3363,上詮,37,8,29,宏遠-桃園,2023-10-18,1262
2457,飛宏,28,0,28,宏遠-桃園,2023-10-18,1262
6288,聯嘉,25,0,25,宏遠-桃園,2023-10-18,1262
3062,建漢,23,0,23,宏遠-桃園,2023-10-18,1262
1316,上曜,20,0,20,宏遠-桃園,2023-10-18,1262
00687B,國泰20年美債,20,0,20,宏遠-桃園,2023-10-18,1262
2388,威盛,40,20,20,宏遠-桃園,2023-10-18,1262
2462,良得電,20,0,20,宏遠-桃園,2023-10-18,1262
2363,矽統,71,53,18,宏遠-桃園,2023-10-18,1262
6244,茂迪,19,2,17,宏遠-桃園,2023-10-18,1262
1444,力麗,15,0,15,宏遠-桃園,2023-10-18,1262
2367,燿華,11,0,11,宏遠-桃園,2023-10-18,1262
3653,健策,10,0,10,宏遠-桃園,2023-10-18,1262
2369,菱生,12,2,10,宏遠-桃園,2023-10-18,1262
2748,雲品,10,0,10,宏遠-桃園,2023-10-18,1262
3163,波若威,12,2,10,宏遠-桃園,2023-10-18,1262
5340,建榮,10,0,10,宏遠-桃園,2023-10-18,1262
5351,鈺創,12,2,10,宏遠-桃園,2023-10-18,1262
3122,笙泉,27,18,9,宏遠-桃園,2023-10-18,1262
3037,欣興,9,0,9,宏遠-桃園,2023-10-18,1262
4967,十銓,11,2,9,宏遠-桃園,2023-10-18,1262
8040,九暘,9,0,9,宏遠-桃園,2023-10-18,1262
2344,華邦電,8,0,8,宏遠-桃園,2023-10-18,1262
5511,德昌,8,0,8,宏遠-桃園,2023-10-18,1262
0050,元大台灣50,7,0,7,宏遠-桃園,2023-10-18,1262
00922,國泰台灣領袖50,7,0,7,宏遠-桃園,2023-10-18,1262
3346,麗清,7,0,7,宏遠-桃園,2023-10-18,1262
3694,海華,10,3,7,宏遠-桃園,2023-10-18,1262
3231,緯創,62,56,6,宏遠-桃園,2023-10-18,1262
3088,艾訊,7,0,7,宏遠-桃園,2023-10-18,1262
1101,台泥,11,5,6,宏遠-桃園,2023-10-18,1262
2425,承啟,6,0,6,宏遠-桃園,2023-10-18,1262
3078,僑威,8,2,6,宏遠-桃園,2023-10-18,1262
3094,聯傑,7,1,6,宏遠-桃園,2023-10-18,1262
6136,富爾特,6,0,6,宏遠-桃園,2023-10-18,1262
00919,群益台灣精選高息,6,0,6,宏遠-桃園,2023-10-18,1262
5258,虹堡,7,2,5,宏遠-桃園,2023-10-18,1262
00637L,元大滬深300正2,16,11,5,宏遠-桃園,2023-10-18,1262
1905,華紙,7,2,5,宏遠-桃園,2023-10-18,1262
00931B,統一美債20年,430,0,430,宏遠-桃園,2023-10-19,1262
00671R,富邦NASDAQ反1,100,0,100,宏遠-桃園,2023-10-19,1262
2515,中工,100,0,100,宏遠-桃園,2023-10-19,1262
0056,元大高股息,94,1,93,宏遠-桃園,2023-10-19,1262
2891,中信金,63,0,63,宏遠-桃園,2023-10-19,1262
1324,地球,55,5,50,宏遠-桃園,2023-10-19,1262
2329,華泰,41,0,41,宏遠-桃園,2023-10-19,1262
5483,中美晶,35,0,35,宏遠-桃園,2023-10-19,1262
1101,台泥,32,0,32,宏遠-桃園,2023-10-19,1262
00933B,國泰10Y+金融債,30,0,30,宏遠-桃園,2023-10-19,1262
2419,仲琦,30,0,30,宏遠-桃園,2023-10-19,1262
4906,正文,30,0,30,宏遠-桃園,2023-10-19,1262
2385,群光,25,0,25,宏遠-桃園,2023-10-19,1262
6274,台燿,27,2,25,宏遠-桃園,2023-10-19,1262
00878,國泰永續高股息,24,0,24,宏遠-桃園,2023-10-19,1262
2002,中鋼,21,0,21,宏遠-桃園,2023-10-19,1262
00885,富邦越南,20,0,20,宏遠-桃園,2023-10-19,1262
1802,台玻,20,0,20,宏遠-桃園,2023-10-19,1262
3025,星通,28,9,19,宏遠-桃園,2023-10-19,1262
00772B,中信高評級公司債,18,0,18,宏遠-桃園,2023-10-19,1262
00712,復華富時不動產,18,0,18,宏遠-桃園,2023-10-19,1262
1522,堤維西,18,0,18,宏遠-桃園,2023-10-19,1262
5351,鈺創,17,0,17,宏遠-桃園,2023-10-19,1262
00632R,元大台灣50反1,23,7,16,宏遠-桃園,2023-10-19,1262
2317,鴻海,23,8,15,宏遠-桃園,2023-10-19,1262
6486,互動,15,0,15,宏遠-桃園,2023-10-19,1262
00650L,復華香港正2,64,50,14,宏遠-桃園,2023-10-19,1262
1568,倉佑,30,16,14,宏遠-桃園,2023-10-19,1262
00893,國泰智能電動車,41,30,11,宏遠-桃園,2023-10-19,1262
00720B,元大投資級公司債,10,0,10,宏遠-桃園,2023-10-19,1262
2888,新光金,10,0,10,宏遠-桃園,2023-10-19,1262
3062,建漢,11,1,10,宏遠-桃園,2023-10-19,1262
3576,聯合再生,10,0,10,宏遠-桃園,2023-10-19,1262
5272,笙科,10,0,10,宏遠-桃園,2023-10-19,1262
00929,復華台灣科技優息,15,6,9,宏遠-桃園,2023-10-19,1262
8210,勤誠,8,1,7,宏遠-桃園,2023-10-19,1262
5871,中租-KY,7,0,7,宏遠-桃園,2023-10-19,1262
00895,富邦未來車,7,0,7,宏遠-桃園,2023-10-19,1262
2344,華邦電,16,9,7,宏遠-桃園,2023-10-19,1262
00722B,群益投資級電信債,6,0,6,宏遠-桃園,2023-10-19,1262
00696B,富邦美債20年,6,0,6,宏遠-桃園,2023-10-19,1262
1519,華城,6,0,6,宏遠-桃園,2023-10-19,1262
1904,正隆,6,0,6,宏遠-桃園,2023-10-19,1262
00679B,元大美債20年,6,0,6,宏遠-桃園,2023-10-19,1262
3260,威剛,13,8,5,宏遠-桃園,2023-10-19,1262
00924,復華S＆P500成長,5,0,5,宏遠-桃園,2023-10-19,1262
1305,華夏,5,0,5,宏遠-桃園,2023-10-19,1262
00642U,期元大S＆P石油,5,0,5,宏遠-桃園,2023-10-19,1262
1440,南紡,5,0,5,宏遠-桃園,2023-10-19,1262
1584,精剛,5,0,5,宏遠-桃園,2023-10-19,1262
0056,元大高股息,191,4,187,宏遠-桃園,2023-10-20,1262
3363,上詮,57,6,51,宏遠-桃園,2023-10-20,1262
2323,中環,50,0,50,宏遠-桃園,2023-10-20,1262
3041,揚智,62,14,48,宏遠-桃園,2023-10-20,1262
2913,農林,107,60,47,宏遠-桃園,2023-10-20,1262
2369,菱生,59,14,45,宏遠-桃園,2023-10-20,1262
00885,富邦越南,92,50,42,宏遠-桃園,2023-10-20,1262
1324,地球,90,50,40,宏遠-桃園,2023-10-20,1262
4906,正文,40,0,40,宏遠-桃園,2023-10-20,1262
00878,國泰永續高股息,41,6,35,宏遠-桃園,2023-10-20,1262
00712,復華富時不動產,100,65,35,宏遠-桃園,2023-10-20,1262
2329,華泰,31,0,31,宏遠-桃園,2023-10-20,1262
2419,仲琦,30,0,30,宏遠-桃園,2023-10-20,1262
2891,中信金,31,1,30,宏遠-桃園,2023-10-20,1262
3062,建漢,25,0,25,宏遠-桃園,2023-10-20,1262
00919,群益台灣精選高息,22,0,22,宏遠-桃園,2023-10-20,1262
00929,復華台灣科技優息,20,0,20,宏遠-桃園,2023-10-20,1262
00895,富邦未來車,20,0,20,宏遠-桃園,2023-10-20,1262
1529,樂事綠能,20,0,20,宏遠-桃園,2023-10-20,1262
2438,翔耀,20,0,20,宏遠-桃園,2023-10-20,1262
5880,合庫金,20,0,20,宏遠-桃園,2023-10-20,1262
2388,威盛,24,6,18,宏遠-桃園,2023-10-20,1262
4933,友輝,19,1,18,宏遠-桃園,2023-10-20,1262
3715,定穎投控,25,7,18,宏遠-桃園,2023-10-20,1262
1319,東陽,16,0,16,宏遠-桃園,2023-10-20,1262
1513,中興電,22,7,15,宏遠-桃園,2023-10-20,1262
2515,中工,51,37,14,宏遠-桃園,2023-10-20,1262
3346,麗清,14,0,14,宏遠-桃園,2023-10-20,1262
2486,一詮,14,1,13,宏遠-桃園,2023-10-20,1262
5351,鈺創,13,0,13,宏遠-桃園,2023-10-20,1262
6684,安格,13,0,13,宏遠-桃園,2023-10-20,1262
0050,元大台灣50,13,1,12,宏遠-桃園,2023-10-20,1262
8358,金居,12,0,12,宏遠-桃園,2023-10-20,1262
3276,宇環,11,0,11,宏遠-桃園,2023-10-20,1262
00720B,元大投資級公司債,10,0,10,宏遠-桃園,2023-10-20,1262
00751B,元大AAA至A公司債,25,15,10,宏遠-桃園,2023-10-20,1262
1316,上曜,20,10,10,宏遠-桃園,2023-10-20,1262
1802,台玻,20,10,10,宏遠-桃園,2023-10-20,1262
2385,群光,10,0,10,宏遠-桃園,2023-10-20,1262
2884,玉山金,10,0,10,宏遠-桃園,2023-10-20,1262
3576,聯合再生,10,0,10,宏遠-桃園,2023-10-20,1262
3707,漢磊,10,0,10,宏遠-桃園,2023-10-20,1262
6288,聯嘉,10,0,10,宏遠-桃園,2023-10-20,1262
6901,鑽石投資,10,0,10,宏遠-桃園,2023-10-20,1262
00679B,元大美債20年,8,0,8,宏遠-桃園,2023-10-20,1262
2002,中鋼,8,0,8,宏遠-桃園,2023-10-20,1262
6547,高端疫苗,18,10,8,宏遠-桃園,2023-10-20,1262
8176,智捷,10,2,8,宏遠-桃園,2023-10-20,1262
2382,廣達,22,14,8,宏遠-桃園,2023-10-20,1262
6695,芯鼎,7,0,7,宏遠-桃園,2023-10-20,1262
00720B,元大投資級公司債,136,0,136,宏遠-桃園,2023-10-23,1262
6112,邁達特,96,0,96,宏遠-桃園,2023-10-23,1262
00671R,富邦NASDAQ反1,75,0,75,宏遠-桃園,2023-10-23,1262
6156,松上,56,1,55,宏遠-桃園,2023-10-23,1262
00680L,元大美債20正2,53,0,53,宏遠-桃園,2023-10-23,1262
0056,元大高股息,52,3,49,宏遠-桃園,2023-10-23,1262
1314,中石化,45,0,45,宏遠-桃園,2023-10-23,1262
2101,南港,35,0,35,宏遠-桃園,2023-10-23,1262
2369,菱生,44,10,34,宏遠-桃園,2023-10-23,1262
00878,國泰永續高股息,36,3,33,宏遠-桃園,2023-10-23,1262
2476,鉅祥,31,0,31,宏遠-桃園,2023-10-23,1262
2317,鴻海,32,2,30,宏遠-桃園,2023-10-23,1262
4714,永捷,30,0,30,宏遠-桃園,2023-10-23,1262
00929,復華台灣科技優息,31,4,27,宏遠-桃園,2023-10-23,1262
00751B,元大AAA至A公司債,26,1,25,宏遠-桃園,2023-10-23,1262
00919,群益台灣精選高息,24,3,21,宏遠-桃園,2023-10-23,1262
2002,中鋼,21,0,21,宏遠-桃園,2023-10-23,1262
2634,漢翔,31,11,20,宏遠-桃園,2023-10-23,1262
2889,國票金,20,0,20,宏遠-桃園,2023-10-23,1262
4906,正文,20,0,20,宏遠-桃園,2023-10-23,1262
8358,金居,20,0,20,宏遠-桃園,2023-10-23,1262
00715L,期街口布蘭特正2,20,1,19,宏遠-桃園,2023-10-23,1262
1723,中碳,24,7,17,宏遠-桃園,2023-10-23,1262
00679B,元大美債20年,17,1,16,宏遠-桃園,2023-10-23,1262
2883B,凱基金乙特,15,0,15,宏遠-桃園,2023-10-23,1262
8069,元太,15,0,15,宏遠-桃園,2023-10-23,1262
1514,亞力,14,2,12,宏遠-桃園,2023-10-23,1262
00687B,國泰20年美債,12,0,12,宏遠-桃園,2023-10-23,1262
00712,復華富時不動產,81,70,11,宏遠-桃園,2023-10-23,1262
2353,宏��,18,8,10,宏遠-桃園,2023-10-23,1262
00900,富邦特選高股息30,10,0,10,宏遠-桃園,2023-10-23,1262
2314,台揚,10,0,10,宏遠-桃園,2023-10-23,1262
2913,農林,10,0,10,宏遠-桃園,2023-10-23,1262
3372,典範,14,4,10,宏遠-桃園,2023-10-23,1262
2888,新光金,10,0,10,宏遠-桃園,2023-10-23,1262
3176,基亞,16,6,10,宏遠-桃園,2023-10-23,1262
6451,訊芯-KY,10,2,8,宏遠-桃園,2023-10-23,1262
3078,僑威,10,2,8,宏遠-桃園,2023-10-23,1262
1316,上曜,10,3,7,宏遠-桃園,2023-10-23,1262
00650L,復華香港正2,57,50,7,宏遠-桃園,2023-10-23,1262
00642U,期元大S＆P石油,7,0,7,宏遠-桃園,2023-10-23,1262
2401,凌陽,14,7,7,宏遠-桃園,2023-10-23,1262
3653,健策,7,0,7,宏遠-桃園,2023-10-23,1262
3530,晶相光,12,6,6,宏遠-桃園,2023-10-23,1262
2382,廣達,13,7,6,宏遠-桃園,2023-10-23,1262
2425,承啟,7,1,6,宏遠-桃園,2023-10-23,1262
3450,聯鈞,6,0,6,宏遠-桃園,2023-10-23,1262
6150,撼訊,10,4,6,宏遠-桃園,2023-10-23,1262
2538,基泰,5,0,5,宏遠-桃園,2023-10-23,1262
3702,大聯大,5,1,4,宏遠-桃園,2023-10-23,1262
2369,菱生,294,95,199,宏遠-桃園,2023-10-24,1262
6244,茂迪,87,0,87,宏遠-桃園,2023-10-24,1262
00646,元大S＆P500,50,0,50,宏遠-桃園,2023-10-24,1262
6120,達運,50,3,47,宏遠-桃園,2023-10-24,1262
2317,鴻海,53,7,46,宏遠-桃園,2023-10-24,1262
6288,聯嘉,39,0,39,宏遠-桃園,2023-10-24,1262
2303,聯電,66,31,35,宏遠-桃園,2023-10-24,1262
00751B,元大AAA至A公司債,52,20,32,宏遠-桃園,2023-10-24,1262
00712,復華富時不動產,101,70,31,宏遠-桃園,2023-10-24,1262
1314,中石化,28,0,28,宏遠-桃園,2023-10-24,1262
00929,復華台灣科技優息,27,0,27,宏遠-桃園,2023-10-24,1262
5434,崇越,27,0,27,宏遠-桃園,2023-10-24,1262
3041,揚智,42,16,26,宏遠-桃園,2023-10-24,1262
3122,笙泉,28,6,22,宏遠-桃園,2023-10-24,1262
00931B,統一美債20年,20,0,20,宏遠-桃園,2023-10-24,1262
5880,合庫金,20,0,20,宏遠-桃園,2023-10-24,1262
0056,元大高股息,21,2,19,宏遠-桃園,2023-10-24,1262
8222,寶一,16,0,16,宏遠-桃園,2023-10-24,1262
00895,富邦未來車,18,3,15,宏遠-桃園,2023-10-24,1262
6112,邁達特,15,0,15,宏遠-桃園,2023-10-24,1262
00878,國泰永續高股息,16,2,14,宏遠-桃園,2023-10-24,1262
2911,麗嬰房,13,0,13,宏遠-桃園,2023-10-24,1262
2367,燿華,16,3,13,宏遠-桃園,2023-10-24,1262
5351,鈺創,12,0,12,宏遠-桃園,2023-10-24,1262
00637L,元大滬深300正2,11,0,11,宏遠-桃園,2023-10-24,1262
00919,群益台灣精選高息,11,0,11,宏遠-桃園,2023-10-24,1262
2891,中信金,11,0,11,宏遠-桃園,2023-10-24,1262
8048,德勝,11,0,11,宏遠-桃園,2023-10-24,1262
00753L,中信中國50正2,10,0,10,宏遠-桃園,2023-10-24,1262
00650L,復華香港正2,59,49,10,宏遠-桃園,2023-10-24,1262
2002,中鋼,11,1,10,宏遠-桃園,2023-10-24,1262
2537,聯上發,10,0,10,宏遠-桃園,2023-10-24,1262
2884,玉山金,10,0,10,宏遠-桃園,2023-10-24,1262
6901,鑽石投資,12,2,10,宏遠-桃園,2023-10-24,1262
2489,瑞軒,9,0,9,宏遠-桃園,2023-10-24,1262
3704,合勤控,12,3,9,宏遠-桃園,2023-10-24,1262
1319,東陽,8,1,7,宏遠-桃園,2023-10-24,1262
2363,矽統,28,21,7,宏遠-桃園,2023-10-24,1262
2439,美律,7,0,7,宏遠-桃園,2023-10-24,1262
6168,宏齊,10,3,7,宏遠-桃園,2023-10-24,1262
3260,威剛,23,17,6,宏遠-桃園,2023-10-24,1262
4960,誠美材,14,8,6,宏遠-桃園,2023-10-24,1262
2368,金像電,5,0,5,宏遠-桃園,2023-10-24,1262
2610,華航,5,0,5,宏遠-桃園,2023-10-24,1262
3234,光環,5,0,5,宏遠-桃園,2023-10-24,1262
4979,華星光,7,2,5,宏遠-桃園,2023-10-24,1262
5521,工信,5,0,5,宏遠-桃園,2023-10-24,1262
6684,安格,5,0,5,宏遠-桃園,2023-10-24,1262
4915,致伸,4,0,4,宏遠-桃園,2023-10-24,1262
6202,盛群,5,1,4,宏遠-桃園,2023-10-24,1262
1524,耿鼎,179,16,163,宏遠-桃園,2023-10-25,1262
2385,群光,69,0,69,宏遠-桃園,2023-10-25,1262
2486,一詮,56,3,53,宏遠-桃園,2023-10-25,1262
2618,長榮航,54,7,47,宏遠-桃園,2023-10-25,1262
6117,迎廣,44,1,43,宏遠-桃園,2023-10-25,1262
00715L,期街口布蘭特正2,37,0,37,宏遠-桃園,2023-10-25,1262
0056,元大高股息,33,2,31,宏遠-桃園,2023-10-25,1262
2913,農林,30,0,30,宏遠-桃園,2023-10-25,1262
2462,良得電,26,2,24,宏遠-桃園,2023-10-25,1262
2548,華固,23,0,23,宏遠-桃園,2023-10-25,1262
6244,茂迪,21,0,21,宏遠-桃園,2023-10-25,1262
3078,僑威,24,4,20,宏遠-桃園,2023-10-25,1262
2476,鉅祥,21,5,16,宏遠-桃園,2023-10-25,1262
4162,智擎,17,2,15,宏遠-桃園,2023-10-25,1262
2317,鴻海,16,2,14,宏遠-桃園,2023-10-25,1262
2368,金像電,16,3,13,宏遠-桃園,2023-10-25,1262
6470,宇智,13,0,13,宏遠-桃園,2023-10-25,1262
2610,華航,10,0,10,宏遠-桃園,2023-10-25,1262
2890,永豐金,10,0,10,宏遠-桃園,2023-10-25,1262
6122,擎邦,10,0,10,宏遠-桃園,2023-10-25,1262
6182,合晶,10,0,10,宏遠-桃園,2023-10-25,1262
3715,定穎投控,25,15,10,宏遠-桃園,2023-10-25,1262
00878,國泰永續高股息,9,1,8,宏遠-桃園,2023-10-25,1262
2337,旺宏,18,10,8,宏遠-桃園,2023-10-25,1262
2881,富邦金,8,0,8,宏遠-桃園,2023-10-25,1262
6547,高端疫苗,15,7,8,宏遠-桃園,2023-10-25,1262
00632R,元大台灣50反1,26,19,7,宏遠-桃園,2023-10-25,1262
2911,麗嬰房,7,0,7,宏遠-桃園,2023-10-25,1262
3450,聯鈞,11,4,7,宏遠-桃園,2023-10-25,1262
6197,佳必琪,8,1,7,宏遠-桃園,2023-10-25,1262
0050,元大台灣50,7,1,6,宏遠-桃園,2023-10-25,1262
00900,富邦特選高股息30,6,0,6,宏遠-桃園,2023-10-25,1262
6125,廣運,6,0,6,宏遠-桃園,2023-10-25,1262
6530,創威,6,0,6,宏遠-桃園,2023-10-25,1262
3483,力致,7,1,6,宏遠-桃園,2023-10-25,1262
1612,宏泰,5,0,5,宏遠-桃園,2023-10-25,1262
2387,精元,5,0,5,宏遠-桃園,2023-10-25,1262
2538,基泰,5,0,5,宏遠-桃園,2023-10-25,1262
2887,台新金,5,0,5,宏遠-桃園,2023-10-25,1262
3481,群創,24,19,5,宏遠-桃園,2023-10-25,1262
5904,寶雅,5,0,5,宏遠-桃園,2023-10-25,1262
8085,福華,5,0,5,宏遠-桃園,2023-10-25,1262
6150,撼訊,46,41,5,宏遠-桃園,2023-10-25,1262
9955,佳龍,5,1,4,宏遠-桃園,2023-10-25,1262
2886,兆豐金,4,0,4,宏遠-桃園,2023-10-25,1262
3035,智原,29,25,4,宏遠-桃園,2023-10-25,1262
00642U,期元大S＆P石油,4,0,4,宏遠-桃園,2023-10-25,1262
00638R,元大滬深300反1,4,0,4,宏遠-桃園,2023-10-25,1262
00929,復華台灣科技優息,4,0,4,宏遠-桃園,2023-10-25,1262
2329,華泰,18,14,4,宏遠-桃園,2023-10-25,1262
00687B,國泰20年美債,984,0,984,宏遠-桃園,2023-10-26,1262
00895,富邦未來車,104,0,104,宏遠-桃園,2023-10-26,1262
2809,京城銀,79,0,79,宏遠-桃園,2023-10-26,1262
6684,安格,71,12,59,宏遠-桃園,2023-10-26,1262
6288,聯嘉,58,0,58,宏遠-桃園,2023-10-26,1262
3276,宇環,56,1,55,宏遠-桃園,2023-10-26,1262
2888,新光金,50,1,49,宏遠-桃園,2023-10-26,1262
00712,復華富時不動產,115,70,45,宏遠-桃園,2023-10-26,1262
2883B,凱基金乙特,40,0,40,宏遠-桃園,2023-10-26,1262
2201,裕隆,49,10,39,宏遠-桃園,2023-10-26,1262
9958,世紀鋼,40,1,39,宏遠-桃園,2023-10-26,1262
0050,元大台灣50,38,0,38,宏遠-桃園,2023-10-26,1262
2303,聯電,102,67,35,宏遠-桃園,2023-10-26,1262
2618,長榮航,47,14,33,宏遠-桃園,2023-10-26,1262
00631L,元大台灣50正2,31,0,31,宏遠-桃園,2023-10-26,1262
6235,華孚,32,1,31,宏遠-桃園,2023-10-26,1262
2002,中鋼,30,1,29,宏遠-桃園,2023-10-26,1262
2344,華邦電,27,1,26,宏遠-桃園,2023-10-26,1262
5434,崇越,25,0,25,宏遠-桃園,2023-10-26,1262
00751B,元大AAA至A公司債,23,0,23,宏遠-桃園,2023-10-26,1262
1727,中華化,23,0,23,宏遠-桃園,2023-10-26,1262
0056,元大高股息,23,1,22,宏遠-桃園,2023-10-26,1262
2385,群光,22,0,22,宏遠-桃園,2023-10-26,1262
2905,三商,20,0,20,宏遠-桃園,2023-10-26,1262
6150,撼訊,21,1,20,宏遠-桃園,2023-10-26,1262
6182,合晶,21,2,19,宏遠-桃園,2023-10-26,1262
00929,復華台灣科技優息,66,48,18,宏遠-桃園,2023-10-26,1262
00679B,元大美債20年,18,0,18,宏遠-桃園,2023-10-26,1262
1319,東陽,18,0,18,宏遠-桃園,2023-10-26,1262
2006,東和鋼鐵,18,0,18,宏遠-桃園,2023-10-26,1262
6412,群電,17,0,17,宏遠-桃園,2023-10-26,1262
8390,金益鼎,17,0,17,宏遠-桃園,2023-10-26,1262
4162,智擎,16,0,16,宏遠-桃園,2023-10-26,1262
4114,健喬,15,0,15,宏遠-桃園,2023-10-26,1262
5536,聖暉*,15,0,15,宏遠-桃園,2023-10-26,1262
5483,中美晶,13,0,13,宏遠-桃園,2023-10-26,1262
00680L,元大美債20正2,13,0,13,宏遠-桃園,2023-10-26,1262
1808,潤隆,12,0,12,宏遠-桃園,2023-10-26,1262
2883,凱基金,12,0,12,宏遠-桃園,2023-10-26,1262
3231,緯創,14,2,12,宏遠-桃園,2023-10-26,1262
5386,青雲,12,0,12,宏遠-桃園,2023-10-26,1262
3037,欣興,11,0,11,宏遠-桃園,2023-10-26,1262
00720B,元大投資級公司債,10,0,10,宏遠-桃園,2023-10-26,1262
1444,力麗,10,0,10,宏遠-桃園,2023-10-26,1262
1815,富喬,10,0,10,宏遠-桃園,2023-10-26,1262
2548,華固,17,7,10,宏遠-桃園,2023-10-26,1262
8464,億豐,10,0,10,宏遠-桃園,2023-10-26,1262
8024,佑華,9,0,9,宏遠-桃園,2023-10-26,1262
00650L,復華香港正2,10,2,8,宏遠-桃園,2023-10-26,1262
3374,精材,10,2,8,宏遠-桃園,2023-10-26,1262
8110,華東,100,0,100,宏遠-桃園,2023-10-27,1262
3276,宇環,84,6,78,宏遠-桃園,2023-10-27,1262
00929,復華台灣科技優息,159,100,59,宏遠-桃園,2023-10-27,1262
8390,金益鼎,55,2,53,宏遠-桃園,2023-10-27,1262
00646,元大S＆P500,50,0,50,宏遠-桃園,2023-10-27,1262
2303,聯電,79,30,49,宏遠-桃園,2023-10-27,1262
2610,華航,55,13,42,宏遠-桃園,2023-10-27,1262
6442,光聖,63,21,42,宏遠-桃園,2023-10-27,1262
00919,群益台灣精選高息,86,50,36,宏遠-桃園,2023-10-27,1262
00885,富邦越南,160,130,30,宏遠-桃園,2023-10-27,1262
6288,聯嘉,57,30,27,宏遠-桃園,2023-10-27,1262
6239,力成,26,0,26,宏遠-桃園,2023-10-27,1262
5351,鈺創,25,0,25,宏遠-桃園,2023-10-27,1262
2329,華泰,21,7,14,宏遠-桃園,2023-10-27,1262
5434,崇越,13,0,13,宏遠-桃園,2023-10-27,1262
00637L,元大滬深300正2,43,31,12,宏遠-桃園,2023-10-27,1262
2308,台達電,15,4,11,宏遠-桃園,2023-10-27,1262
00900,富邦特選高股息30,11,0,11,宏遠-桃園,2023-10-27,1262
1101,台泥,21,11,10,宏遠-桃園,2023-10-27,1262
2888,新光金,10,0,10,宏遠-桃園,2023-10-27,1262
5309,系統電,10,0,10,宏遠-桃園,2023-10-27,1262
5880,合庫金,10,0,10,宏遠-桃園,2023-10-27,1262
3363,上詮,12,3,9,宏遠-桃園,2023-10-27,1262
4543,萬在,9,0,9,宏遠-桃園,2023-10-27,1262
00878,國泰永續高股息,10,2,8,宏遠-桃園,2023-10-27,1262
00632R,元大台灣50反1,16,9,7,宏遠-桃園,2023-10-27,1262
00895,富邦未來車,10,3,7,宏遠-桃園,2023-10-27,1262
1522,堤維西,10,3,7,宏遠-桃園,2023-10-27,1262
2204,中華,7,0,7,宏遠-桃園,2023-10-27,1262
2317,鴻海,8,1,7,宏遠-桃園,2023-10-27,1262
2383,台光電,6,0,6,宏遠-桃園,2023-10-27,1262
00772B,中信高評級公司債,6,0,6,宏遠-桃園,2023-10-27,1262
3037,欣興,7,1,6,宏遠-桃園,2023-10-27,1262
3522,御嵿,6,0,6,宏遠-桃園,2023-10-27,1262
5531,鄉林,6,0,6,宏遠-桃園,2023-10-27,1262
6189,豐藝,6,0,6,宏遠-桃園,2023-10-27,1262
6530,創威,6,0,6,宏遠-桃園,2023-10-27,1262
6485,點序,5,0,5,宏遠-桃園,2023-10-27,1262
0050,元大台灣50,8,3,5,宏遠-桃園,2023-10-27,1262
00753L,中信中國50正2,5,0,5,宏遠-桃園,2023-10-27,1262
2603,長榮,5,0,5,宏遠-桃園,2023-10-27,1262
4741,泓瀚,5,0,5,宏遠-桃園,2023-10-27,1262
8227,巨有科技,5,0,5,宏遠-桃園,2023-10-27,1262
6271,同欣電,9,4,5,宏遠-桃園,2023-10-27,1262
3035,智原,28,24,4,宏遠-桃園,2023-10-27,1262
006208,富邦台50,4,0,4,宏遠-桃園,2023-10-27,1262
2201,裕隆,4,0,4,宏遠-桃園,2023-10-27,1262
2363,矽統,8,4,4,宏遠-桃園,2023-10-27,1262
2485,兆赫,14,10,4,宏遠-桃園,2023-10-27,1262
2601,益航,4,0,4,宏遠-桃園,2023-10-27,1262
2888,新光金,40,0,40,宏遠-桃園,2023-10-30,1262
6288,聯嘉,40,0,40,宏遠-桃園,2023-10-30,1262
2303,聯電,68,29,39,宏遠-桃園,2023-10-30,1262
6182,合晶,32,0,32,宏遠-桃園,2023-10-30,1262
1815,富喬,31,0,31,宏遠-桃園,2023-10-30,1262
2405,輔信,31,1,30,宏遠-桃園,2023-10-30,1262
9105,泰金寶-DR,30,1,29,宏遠-桃園,2023-10-30,1262
2427,三商電,26,0,26,宏遠-桃園,2023-10-30,1262
00929,復華台灣科技優息,22,0,22,宏遠-桃園,2023-10-30,1262
3372,典範,20,0,20,宏遠-桃園,2023-10-30,1262
2317,鴻海,26,10,16,宏遠-桃園,2023-10-30,1262
1319,東陽,15,1,14,宏遠-桃園,2023-10-30,1262
00878,國泰永續高股息,14,0,14,宏遠-桃園,2023-10-30,1262
3094,聯傑,14,0,14,宏遠-桃園,2023-10-30,1262
00885,富邦越南,161,150,11,宏遠-桃園,2023-10-30,1262
2891,中信金,11,0,11,宏遠-桃園,2023-10-30,1262
4934,太極,11,0,11,宏遠-桃園,2023-10-30,1262
2208,台船,10,0,10,宏遠-桃園,2023-10-30,1262
1708,東鹼,10,0,10,宏遠-桃園,2023-10-30,1262
00720B,元大投資級公司債,10,0,10,宏遠-桃園,2023-10-30,1262
3224,三顧,10,0,10,宏遠-桃園,2023-10-30,1262
4532,瑞智,10,0,10,宏遠-桃園,2023-10-30,1262
5876,上海商銀,10,0,10,宏遠-桃園,2023-10-30,1262
2883,凱基金,9,0,9,宏遠-桃園,2023-10-30,1262
6117,迎廣,20,11,9,宏遠-桃園,2023-10-30,1262
2390,云辰,17,9,8,宏遠-桃園,2023-10-30,1262
3558,神準,8,0,8,宏遠-桃園,2023-10-30,1262
6112,邁達特,8,0,8,宏遠-桃園,2023-10-30,1262
3576,聯合再生,10,3,7,宏遠-桃園,2023-10-30,1262
2062,橋椿,6,0,6,宏遠-桃園,2023-10-30,1262
6443,元晶,8,2,6,宏遠-桃園,2023-10-30,1262
2330,台積電,6,0,6,宏遠-桃園,2023-10-30,1262
9955,佳龍,6,0,6,宏遠-桃園,2023-10-30,1262
0050,元大台灣50,5,0,5,宏遠-桃園,2023-10-30,1262
00933B,國泰10Y+金融債,10,5,5,宏遠-桃園,2023-10-30,1262
2002,中鋼,5,0,5,宏遠-桃園,2023-10-30,1262
2436,偉詮電,5,0,5,宏遠-桃園,2023-10-30,1262
2538,基泰,5,0,5,宏遠-桃園,2023-10-30,1262
2881,富邦金,9,4,5,宏遠-桃園,2023-10-30,1262
2890,永豐金,5,0,5,宏遠-桃園,2023-10-30,1262
2913,農林,10,5,5,宏遠-桃園,2023-10-30,1262
3260,威剛,7,2,5,宏遠-桃園,2023-10-30,1262
4155,訊映,5,0,5,宏遠-桃園,2023-10-30,1262
8016,矽創,5,0,5,宏遠-桃園,2023-10-30,1262
8048,德勝,5,0,5,宏遠-桃園,2023-10-30,1262
1303,南亞,4,0,4,宏遠-桃園,2023-10-30,1262
3176,基亞,5,1,4,宏遠-桃園,2023-10-30,1262
1503,士電,4,0,4,宏遠-桃園,2023-10-30,1262
00637L,元大滬深300正2,14,10,4,宏遠-桃園,2023-10-30,1262
2356,英業達,8,4,4,宏遠-桃園,2023-10-30,1262
4114,健喬,220,0,220,宏遠-桃園,2023-10-31,1262
00715L,期街口布蘭特正2,104,1,103,宏遠-桃園,2023-10-31,1262
00878,國泰永續高股息,107,27,80,宏遠-桃園,2023-10-31,1262
00929,復華台灣科技優息,79,0,79,宏遠-桃園,2023-10-31,1262
00671R,富邦NASDAQ反1,75,0,75,宏遠-桃園,2023-10-31,1262
00885,富邦越南,164,100,64,宏遠-桃園,2023-10-31,1262
2913,農林,62,0,62,宏遠-桃園,2023-10-31,1262
0056,元大高股息,54,0,54,宏遠-桃園,2023-10-31,1262
2329,華泰,57,5,52,宏遠-桃園,2023-10-31,1262
1714,和桐,50,0,50,宏遠-桃園,2023-10-31,1262
1319,東陽,43,0,43,宏遠-桃園,2023-10-31,1262
00933B,國泰10Y+金融債,34,0,34,宏遠-桃園,2023-10-31,1262
6901,鑽石投資,36,2,34,宏遠-桃園,2023-10-31,1262
3372,典範,32,0,32,宏遠-桃園,2023-10-31,1262
6271,同欣電,35,3,32,宏遠-桃園,2023-10-31,1262
00631L,元大台灣50正2,30,0,30,宏遠-桃園,2023-10-31,1262
00921,兆豐龍頭等權重,30,0,30,宏遠-桃園,2023-10-31,1262
4157,太景*-KY,30,0,30,宏遠-桃園,2023-10-31,1262
9958,世紀鋼,25,0,25,宏遠-桃園,2023-10-31,1262
3062,建漢,25,0,25,宏遠-桃園,2023-10-31,1262
5351,鈺創,25,0,25,宏遠-桃園,2023-10-31,1262
3715,定穎投控,35,13,22,宏遠-桃園,2023-10-31,1262
1101,台泥,40,18,22,宏遠-桃園,2023-10-31,1262
5347,世界,21,0,21,宏遠-桃園,2023-10-31,1262
4960,誠美材,20,0,20,宏遠-桃園,2023-10-31,1262
5871,中租-KY,20,1,19,宏遠-桃園,2023-10-31,1262
2457,飛宏,38,22,16,宏遠-桃園,2023-10-31,1262
00751B,元大AAA至A公司債,15,0,15,宏遠-桃園,2023-10-31,1262
00720B,元大投資級公司債,15,0,15,宏遠-桃園,2023-10-31,1262
1605,華新,15,0,15,宏遠-桃園,2023-10-31,1262
3707,漢磊,15,0,15,宏遠-桃園,2023-10-31,1262
6288,聯嘉,15,0,15,宏遠-桃園,2023-10-31,1262
2369,菱生,18,4,14,宏遠-桃園,2023-10-31,1262
3587,閎康,16,2,14,宏遠-桃園,2023-10-31,1262
2462,良得電,15,2,13,宏遠-桃園,2023-10-31,1262
0050,元大台灣50,12,1,11,宏遠-桃園,2023-10-31,1262
3231,緯創,16,5,11,宏遠-桃園,2023-10-31,1262
6125,廣運,12,1,11,宏遠-桃園,2023-10-31,1262
9921,巨大,10,0,10,宏遠-桃園,2023-10-31,1262
00650L,復華香港正2,10,0,10,宏遠-桃園,2023-10-31,1262
3094,聯傑,11,1,10,宏遠-桃園,2023-10-31,1262
4908,前鼎,18,8,10,宏遠-桃園,2023-10-31,1262
00919,群益台灣精選高息,19,10,9,宏遠-桃園,2023-10-31,1262
1731,美吾華,9,0,9,宏遠-桃園,2023-10-31,1262
1503,士電,9,0,9,宏遠-桃園,2023-10-31,1262
2887,台新金,9,0,9,宏遠-桃園,2023-10-31,1262
3276,宇環,11,3,8,宏遠-桃園,2023-10-31,1262
2891,中信金,27,20,7,宏遠-桃園,2023-10-31,1262
3346,麗清,7,0,7,宏遠-桃園,2023-10-31,1262
8044,網家,7,0,7,宏遠-桃園,2023-10-31,1262
1524,耿鼎,106,3,103,宏遠-桃園,2023-11-01,1262
00885,富邦越南,291,220,71,宏遠-桃園,2023-11-01,1262
2913,農林,70,0,70,宏遠-桃園,2023-11-01,1262
2409,友達,61,0,61,宏遠-桃園,2023-11-01,1262
00934,中信成長高股息,58,0,58,宏遠-桃園,2023-11-01,1262
00878,國泰永續高股息,57,1,56,宏遠-桃園,2023-11-01,1262
2385,群光,46,0,46,宏遠-桃園,2023-11-01,1262
3346,麗清,41,3,38,宏遠-桃園,2023-11-01,1262
00637L,元大滬深300正2,124,94,30,宏遠-桃園,2023-11-01,1262
00929,復華台灣科技優息,27,0,27,宏遠-桃園,2023-11-01,1262
00638R,元大滬深300反1,24,0,24,宏遠-桃園,2023-11-01,1262
3062,建漢,21,0,21,宏遠-桃園,2023-11-01,1262
3338,泰碩,22,1,21,宏遠-桃園,2023-11-01,1262
2305,全友,20,0,20,宏遠-桃園,2023-11-01,1262
2329,華泰,26,6,20,宏遠-桃園,2023-11-01,1262
0056,元大高股息,19,0,19,宏遠-桃園,2023-11-01,1262
1605,華新,21,2,19,宏遠-桃園,2023-11-01,1262
2537,聯上發,15,0,15,宏遠-桃園,2023-11-01,1262
8390,金益鼎,15,0,15,宏遠-桃園,2023-11-01,1262
6443,元晶,12,0,12,宏遠-桃園,2023-11-01,1262
2476,鉅祥,12,0,12,宏遠-桃園,2023-11-01,1262
6285,啟��,12,1,11,宏遠-桃園,2023-11-01,1262
00712,復華富時不動產,11,0,11,宏遠-桃園,2023-11-01,1262
00896,中信綠能及電動車,10,0,10,宏遠-桃園,2023-11-01,1262
3088,艾訊,10,0,10,宏遠-桃園,2023-11-01,1262
3623,富晶通,10,0,10,宏遠-桃園,2023-11-01,1262
6191,精成科,20,10,10,宏遠-桃園,2023-11-01,1262
8176,智捷,10,0,10,宏遠-桃園,2023-11-01,1262
8936,國統,10,0,10,宏遠-桃園,2023-11-01,1262
4142,國光生,10,0,10,宏遠-桃園,2023-11-01,1262
2317,鴻海,10,0,10,宏遠-桃園,2023-11-01,1262
00679B,元大美債20年,9,0,9,宏遠-桃園,2023-11-01,1262
1101,台泥,20,11,9,宏遠-桃園,2023-11-01,1262
2308,台達電,10,2,8,宏遠-桃園,2023-11-01,1262
6684,安格,10,2,8,宏遠-桃園,2023-11-01,1262
00688L,國泰20年美債正2,7,0,7,宏遠-桃園,2023-11-01,1262
00933B,國泰10Y+金融債,7,0,7,宏遠-桃園,2023-11-01,1262
2417,圓剛,11,4,7,宏遠-桃園,2023-11-01,1262
2025,千興,6,0,6,宏遠-桃園,2023-11-01,1262
2449,京元電子,6,0,6,宏遠-桃園,2023-11-01,1262
4532,瑞智,6,0,6,宏遠-桃園,2023-11-01,1262
6139,亞翔,6,0,6,宏遠-桃園,2023-11-01,1262
6288,聯嘉,6,0,6,宏遠-桃園,2023-11-01,1262
00715L,期街口布蘭特正2,5,0,5,宏遠-桃園,2023-11-01,1262
00631L,元大台灣50正2,35,30,5,宏遠-桃園,2023-11-01,1262
2303,聯電,37,32,5,宏遠-桃園,2023-11-01,1262
2377,微星,5,0,5,宏遠-桃園,2023-11-01,1262
2905,三商,5,0,5,宏遠-桃園,2023-11-01,1262
6197,佳必琪,5,0,5,宏遠-桃園,2023-11-01,1262
006208,富邦台50,4,0,4,宏遠-桃園,2023-11-01,1262
6153,嘉聯益,175,0,175,宏遠-桃園,2023-11-02,1262
2913,農林,140,0,140,宏遠-桃園,2023-11-02,1262
00712,復華富時不動產,90,0,90,宏遠-桃園,2023-11-02,1262
00632R,元大台灣50反1,78,5,73,宏遠-桃園,2023-11-02,1262
1101,台泥,70,10,60,宏遠-桃園,2023-11-02,1262
4114,健喬,63,20,43,宏遠-桃園,2023-11-02,1262
0056,元大高股息,44,5,39,宏遠-桃園,2023-11-02,1262
00933B,國泰10Y+金融債,35,0,35,宏遠-桃園,2023-11-02,1262
00715L,期街口布蘭特正2,30,3,27,宏遠-桃園,2023-11-02,1262
6216,居易,20,0,20,宏遠-桃園,2023-11-02,1262
2385,群光,20,1,19,宏遠-桃園,2023-11-02,1262
2610,華航,20,4,16,宏遠-桃園,2023-11-02,1262
2330,台積電,13,0,13,宏遠-桃園,2023-11-02,1262
2881,富邦金,12,0,12,宏遠-桃園,2023-11-02,1262
8358,金居,14,2,12,宏遠-桃園,2023-11-02,1262
2492,華新科,26,15,11,宏遠-桃園,2023-11-02,1262
2465,麗臺,10,0,10,宏遠-桃園,2023-11-02,1262
0050,元大台灣50,15,5,10,宏遠-桃園,2023-11-02,1262
6122,擎邦,10,0,10,宏遠-桃園,2023-11-02,1262
00878,國泰永續高股息,11,2,9,宏遠-桃園,2023-11-02,1262
8927,北基,9,0,9,宏遠-桃園,2023-11-02,1262
2736,富野,10,2,8,宏遠-桃園,2023-11-02,1262
3443,創意,13,7,6,宏遠-桃園,2023-11-02,1262
3034,聯詠,9,3,6,宏遠-桃園,2023-11-02,1262
3711,日月光投控,6,0,6,宏遠-桃園,2023-11-02,1262
4157,太景*-KY,28,22,6,宏遠-桃園,2023-11-02,1262
8028,昇陽半導體,6,0,6,宏遠-桃園,2023-11-02,1262
8277,商丞,6,0,6,宏遠-桃園,2023-11-02,1262
6531,愛普*,14,8,6,宏遠-桃園,2023-11-02,1262
4763,材料-KY,8,2,6,宏遠-桃園,2023-11-02,1262
00688L,國泰20年美債正2,5,0,5,宏遠-桃園,2023-11-02,1262
00687B,國泰20年美債,5,0,5,宏遠-桃園,2023-11-02,1262
2369,菱生,5,0,5,宏遠-桃園,2023-11-02,1262
3088,艾訊,5,0,5,宏遠-桃園,2023-11-02,1262
3596,智易,5,0,5,宏遠-桃園,2023-11-02,1262
6197,佳必琪,5,0,5,宏遠-桃園,2023-11-02,1262
7402,邑錡,5,0,5,宏遠-桃園,2023-11-02,1262
00650L,復華香港正2,110,106,4,宏遠-桃園,2023-11-02,1262
2324,仁寶,4,0,4,宏遠-桃園,2023-11-02,1262
6190,萬泰科,4,0,4,宏遠-桃園,2023-11-02,1262
6668,中揚光,4,0,4,宏遠-桃園,2023-11-02,1262
1236,宏亞,3,0,3,宏遠-桃園,2023-11-02,1262
00720B,元大投資級公司債,4,1,3,宏遠-桃園,2023-11-02,1262
2337,旺宏,3,0,3,宏遠-桃園,2023-11-02,1262
2360,致茂,3,0,3,宏遠-桃園,2023-11-02,1262
2364,倫飛,4,1,3,宏遠-桃園,2023-11-02,1262
2427,三商電,3,0,3,宏遠-桃園,2023-11-02,1262
4162,智擎,3,0,3,宏遠-桃園,2023-11-02,1262
9958,世紀鋼,3,0,3,宏遠-桃園,2023-11-02,1262
00653L,富邦印度正2,2,0,2,宏遠-桃園,2023-11-02,1262
00632R,元大台灣50反1,314,15,299,宏遠-桃園,2023-11-03,1262
1101,台泥,101,18,83,宏遠-桃園,2023-11-03,1262
2363,矽統,89,37,52,宏遠-桃園,2023-11-03,1262
2442,新美齊,51,0,51,宏遠-桃園,2023-11-03,1262
00680L,元大美債20正2,48,0,48,宏遠-桃園,2023-11-03,1262
2329,華泰,39,9,30,宏遠-桃園,2023-11-03,1262
3346,麗清,22,0,22,宏遠-桃園,2023-11-03,1262
1305,華夏,20,0,20,宏遠-桃園,2023-11-03,1262
5871,中租-KY,20,0,20,宏遠-桃園,2023-11-03,1262
6271,同欣電,24,5,19,宏遠-桃園,2023-11-03,1262
2002,中鋼,20,2,18,宏遠-桃園,2023-11-03,1262
2367,燿華,30,12,18,宏遠-桃園,2023-11-03,1262
4162,智擎,18,0,18,宏遠-桃園,2023-11-03,1262
1584,精剛,17,0,17,宏遠-桃園,2023-11-03,1262
8163,達方,21,4,17,宏遠-桃園,2023-11-03,1262
3231,緯創,20,4,16,宏遠-桃園,2023-11-03,1262
2633,台灣高鐵,15,0,15,宏遠-桃園,2023-11-03,1262
3715,定穎投控,19,7,12,宏遠-桃園,2023-11-03,1262
00934,中信成長高股息,11,0,11,宏遠-桃園,2023-11-03,1262
00637L,元大滬深300正2,11,0,11,宏遠-桃園,2023-11-03,1262
2427,三商電,11,0,11,宏遠-桃園,2023-11-03,1262
00764B,群益25年美債,10,0,10,宏遠-桃園,2023-11-03,1262
00712,復華富時不動產,10,0,10,宏遠-桃園,2023-11-03,1262
3694,海華,10,0,10,宏遠-桃園,2023-11-03,1262
6684,安格,11,1,10,宏遠-桃園,2023-11-03,1262
2913,農林,9,0,9,宏遠-桃園,2023-11-03,1262
3228,金麗科,9,0,9,宏遠-桃園,2023-11-03,1262
6412,群電,10,1,9,宏遠-桃園,2023-11-03,1262
5607,遠雄港,8,0,8,宏遠-桃園,2023-11-03,1262
8176,智捷,8,0,8,宏遠-桃園,2023-11-03,1262
00751B,元大AAA至A公司債,7,0,7,宏遠-桃園,2023-11-03,1262
2603,長榮,10,3,7,宏遠-桃園,2023-11-03,1262
2458,義隆,7,1,6,宏遠-桃園,2023-11-03,1262
00878,國泰永續高股息,6,0,6,宏遠-桃園,2023-11-03,1262
020039,元大加權N,6,0,6,宏遠-桃園,2023-11-03,1262
2421,建準,6,0,6,宏遠-桃園,2023-11-03,1262
2892,第一金,6,1,5,宏遠-桃園,2023-11-03,1262
6756,威鋒電子,5,0,5,宏遠-桃園,2023-11-03,1262
00933B,國泰10Y+金融債,5,0,5,宏遠-桃園,2023-11-03,1262
00922,國泰台灣領袖50,5,0,5,宏遠-桃園,2023-11-03,1262
00921,兆豐龍頭等權重,10,5,5,宏遠-桃園,2023-11-03,1262
00665L,富邦�琤肭磪囓�2,165,160,5,宏遠-桃園,2023-11-03,1262
00687B,國泰20年美債,5,0,5,宏遠-桃園,2023-11-03,1262
2382,廣達,8,3,5,宏遠-桃園,2023-11-03,1262
3450,聯鈞,5,0,5,宏遠-桃園,2023-11-03,1262
5215,科嘉-KY,5,0,5,宏遠-桃園,2023-11-03,1262
5222,全訊,5,0,5,宏遠-桃園,2023-11-03,1262
6197,佳必琪,8,3,5,宏遠-桃園,2023-11-03,1262
3078,僑威,5,0,5,宏遠-桃園,2023-11-03,1262
2881,富邦金,6,1,5,宏遠-桃園,2023-11-03,1262
00632R,元大台灣50反1,615,62,553,宏遠-桃園,2023-11-06,1262
00679B,元大美債20年,251,0,251,宏遠-桃園,2023-11-06,1262
2913,農林,205,139,66,宏遠-桃園,2023-11-06,1262
2421,建準,67,9,58,宏遠-桃園,2023-11-06,1262
00715L,期街口布蘭特正2,46,0,46,宏遠-桃園,2023-11-06,1262
1305,華夏,40,1,39,宏遠-桃園,2023-11-06,1262
00934,中信成長高股息,34,0,34,宏遠-桃園,2023-11-06,1262
2486,一詮,34,2,32,宏遠-桃園,2023-11-06,1262
1802,台玻,31,0,31,宏遠-桃園,2023-11-06,1262
00638R,元大滬深300反1,30,0,30,宏遠-桃園,2023-11-06,1262
2905,三商,30,0,30,宏遠-桃園,2023-11-06,1262
4915,致伸,40,10,30,宏遠-桃園,2023-11-06,1262
4979,華星光,29,0,29,宏遠-桃園,2023-11-06,1262
9958,世紀鋼,21,0,21,宏遠-桃園,2023-11-06,1262
4113,聯上,20,0,20,宏遠-桃園,2023-11-06,1262
3481,群創,19,1,18,宏遠-桃園,2023-11-06,1262
00665L,富邦�琤肭磪囓�2,33,17,16,宏遠-桃園,2023-11-06,1262
6223,旺矽,17,1,16,宏遠-桃園,2023-11-06,1262
2317,鴻海,21,7,14,宏遠-桃園,2023-11-06,1262
2206,三陽工業,13,0,13,宏遠-桃園,2023-11-06,1262
3264,欣銓,13,0,13,宏遠-桃園,2023-11-06,1262
00642U,期元大S＆P石油,13,1,12,宏遠-桃園,2023-11-06,1262
3169,亞信,12,0,12,宏遠-桃園,2023-11-06,1262
3363,上詮,17,5,12,宏遠-桃園,2023-11-06,1262
4958,臻鼎-KY,15,3,12,宏遠-桃園,2023-11-06,1262
1905,華紙,10,0,10,宏遠-桃園,2023-11-06,1262
2332,友訊,9,0,9,宏遠-桃園,2023-11-06,1262
8024,佑華,12,3,9,宏遠-桃園,2023-11-06,1262
8433,弘帆,9,0,9,宏遠-桃園,2023-11-06,1262
1524,耿鼎,11,3,8,宏遠-桃園,2023-11-06,1262
4583,台灣精銳,8,0,8,宏遠-桃園,2023-11-06,1262
6122,擎邦,8,0,8,宏遠-桃園,2023-11-06,1262
6235,華孚,10,2,8,宏遠-桃園,2023-11-06,1262
6237,驊訊,10,3,7,宏遠-桃園,2023-11-06,1262
2303,聯電,24,18,6,宏遠-桃園,2023-11-06,1262
1471,首利,6,0,6,宏遠-桃園,2023-11-06,1262
2603,長榮,16,10,6,宏遠-桃園,2023-11-06,1262
3260,威剛,12,6,6,宏遠-桃園,2023-11-06,1262
3346,麗清,6,0,6,宏遠-桃園,2023-11-06,1262
8048,德勝,6,0,6,宏遠-桃園,2023-11-06,1262
3715,定穎投控,6,0,6,宏遠-桃園,2023-11-06,1262
00915,凱基優選高股息30,5,0,5,宏遠-桃園,2023-11-06,1262
00933B,國泰10Y+金融債,5,0,5,宏遠-桃園,2023-11-06,1262
00935,野村臺灣新科技50,5,0,5,宏遠-桃園,2023-11-06,1262
2354,鴻準,5,0,5,宏遠-桃園,2023-11-06,1262
2885,元大金,5,0,5,宏遠-桃園,2023-11-06,1262
6148,驊宏資,5,0,5,宏遠-桃園,2023-11-06,1262
6284,佳邦,5,0,5,宏遠-桃園,2023-11-06,1262
6245,立端,5,1,4,宏遠-桃園,2023-11-06,1262
2329,華泰,7,3,4,宏遠-桃園,2023-11-06,1262
2402,毅嘉,150,0,150,宏遠-桃園,2023-11-07,1262
00632R,元大台灣50反1,116,0,116,宏遠-桃園,2023-11-07,1262
2409,友達,37,1,36,宏遠-桃園,2023-11-07,1262
00715L,期街口布蘭特正2,36,2,34,宏遠-桃園,2023-11-07,1262
00933B,國泰10Y+金融債,32,0,32,宏遠-桃園,2023-11-07,1262
2332,友訊,25,0,25,宏遠-桃園,2023-11-07,1262
00679B,元大美債20年,24,0,24,宏遠-桃園,2023-11-07,1262
1314,中石化,20,0,20,宏遠-桃園,2023-11-07,1262
1101,台泥,20,0,20,宏遠-桃園,2023-11-07,1262
1905,華紙,20,0,20,宏遠-桃園,2023-11-07,1262
2323,中環,20,0,20,宏遠-桃園,2023-11-07,1262
2888,新光金,20,0,20,宏遠-桃園,2023-11-07,1262
3217,優群,39,19,20,宏遠-桃園,2023-11-07,1262
00712,復華富時不動產,19,0,19,宏遠-桃園,2023-11-07,1262
6179,亞通,18,0,18,宏遠-桃園,2023-11-07,1262
2387,精元,15,0,15,宏遠-桃園,2023-11-07,1262
3545,敦泰,22,7,15,宏遠-桃園,2023-11-07,1262
9958,世紀鋼,15,0,15,宏遠-桃園,2023-11-07,1262
3228,金麗科,20,5,15,宏遠-桃園,2023-11-07,1262
3481,群創,14,0,14,宏遠-桃園,2023-11-07,1262
2486,一詮,22,9,13,宏遠-桃園,2023-11-07,1262
00915,凱基優選高股息30,10,0,10,宏遠-桃園,2023-11-07,1262
2105,正新,10,0,10,宏遠-桃園,2023-11-07,1262
2303,聯電,55,45,10,宏遠-桃園,2023-11-07,1262
3346,麗清,10,0,10,宏遠-桃園,2023-11-07,1262
8069,元太,11,1,10,宏遠-桃園,2023-11-07,1262
3363,上詮,10,0,10,宏遠-桃園,2023-11-07,1262
3037,欣興,9,0,9,宏遠-桃園,2023-11-07,1262
2603,長榮,8,0,8,宏遠-桃園,2023-11-07,1262
8112,至上,11,3,8,宏遠-桃園,2023-11-07,1262
6288,聯嘉,7,0,7,宏遠-桃園,2023-11-07,1262
6712,長聖,7,0,7,宏遠-桃園,2023-11-07,1262
00878,國泰永續高股息,6,0,6,宏遠-桃園,2023-11-07,1262
2002,中鋼,7,1,6,宏遠-桃園,2023-11-07,1262
2421,建準,8,2,6,宏遠-桃園,2023-11-07,1262
2355,敬鵬,6,0,6,宏遠-桃園,2023-11-07,1262
1560,中砂,7,2,5,宏遠-桃園,2023-11-07,1262
2388,威盛,19,14,5,宏遠-桃園,2023-11-07,1262
4958,臻鼎-KY,5,0,5,宏遠-桃園,2023-11-07,1262
8271,宇瞻,5,0,5,宏遠-桃園,2023-11-07,1262
2317,鴻海,4,0,4,宏遠-桃園,2023-11-07,1262
1522,堤維西,4,0,4,宏遠-桃園,2023-11-07,1262
2618,長榮航,4,0,4,宏遠-桃園,2023-11-07,1262
4908,前鼎,5,1,4,宏遠-桃園,2023-11-07,1262
6122,擎邦,13,9,4,宏遠-桃園,2023-11-07,1262
6139,亞翔,5,1,4,宏遠-桃園,2023-11-07,1262
6291,沛亨,5,1,4,宏遠-桃園,2023-11-07,1262
6732,昇佳電子,9,5,4,宏遠-桃園,2023-11-07,1262
8358,金居,16,12,4,宏遠-桃園,2023-11-07,1262
2368,金像電,3,0,3,宏遠-桃園,2023-11-07,1262
00642U,期元大S＆P石油,110,0,110,宏遠-桃園,2023-11-08,1262
1101,台泥,124,20,104,宏遠-桃園,2023-11-08,1262
00715L,期街口布蘭特正2,211,132,79,宏遠-桃園,2023-11-08,1262
5483,中美晶,73,1,72,宏遠-桃園,2023-11-08,1262
1714,和桐,50,0,50,宏遠-桃園,2023-11-08,1262
1324,地球,40,0,40,宏遠-桃園,2023-11-08,1262
3037,欣興,45,5,40,宏遠-桃園,2023-11-08,1262
1568,倉佑,42,7,35,宏遠-桃園,2023-11-08,1262
2303,聯電,66,31,35,宏遠-桃園,2023-11-08,1262
1905,華紙,30,0,30,宏遠-桃園,2023-11-08,1262
2409,友達,30,1,29,宏遠-桃園,2023-11-08,1262
2618,長榮航,39,11,28,宏遠-桃園,2023-11-08,1262
3622,洋華,27,1,26,宏遠-桃園,2023-11-08,1262
2388,威盛,51,25,26,宏遠-桃園,2023-11-08,1262
2442,新美齊,25,0,25,宏遠-桃園,2023-11-08,1262
2363,矽統,47,25,22,宏遠-桃園,2023-11-08,1262
2385,群光,25,5,20,宏遠-桃園,2023-11-08,1262
00632R,元大台灣50反1,34,15,19,宏遠-桃園,2023-11-08,1262
2488,漢平,26,10,16,宏遠-桃園,2023-11-08,1262
5356,協益,15,0,15,宏遠-桃園,2023-11-08,1262
3228,金麗科,12,0,12,宏遠-桃園,2023-11-08,1262
2515,中工,11,0,11,宏遠-桃園,2023-11-08,1262
8299,群聯,11,0,11,宏遠-桃園,2023-11-08,1262
00688L,國泰20年美債正2,10,0,10,宏遠-桃園,2023-11-08,1262
1721,三晃,10,0,10,宏遠-桃園,2023-11-08,1262
2206,三陽工業,10,0,10,宏遠-桃園,2023-11-08,1262
2634,漢翔,10,0,10,宏遠-桃園,2023-11-08,1262
3217,優群,49,39,10,宏遠-桃園,2023-11-08,1262
4306,炎洲,10,0,10,宏遠-桃園,2023-11-08,1262
4915,致伸,10,0,10,宏遠-桃園,2023-11-08,1262
6233,旺玖,10,0,10,宏遠-桃園,2023-11-08,1262
8068,全達,10,0,10,宏遠-桃園,2023-11-08,1262
8183,精星,10,0,10,宏遠-桃園,2023-11-08,1262
8112,至上,10,0,10,宏遠-桃園,2023-11-08,1262
1514,亞力,11,2,9,宏遠-桃園,2023-11-08,1262
00936,台新永續高息中小,8,0,8,宏遠-桃園,2023-11-08,1262
1605,華新,8,0,8,宏遠-桃園,2023-11-08,1262
2329,華泰,52,44,8,宏遠-桃園,2023-11-08,1262
6288,聯嘉,8,0,8,宏遠-桃園,2023-11-08,1262
6451,訊芯-KY,8,0,8,宏遠-桃園,2023-11-08,1262
3450,聯鈞,8,1,7,宏遠-桃園,2023-11-08,1262
3706,神達,9,2,7,宏遠-桃園,2023-11-08,1262
6235,華孚,7,0,7,宏遠-桃園,2023-11-08,1262
6799,來頡,8,1,7,宏遠-桃園,2023-11-08,1262
4157,太景*-KY,7,1,6,宏遠-桃園,2023-11-08,1262
2313,華通,10,4,6,宏遠-桃園,2023-11-08,1262
2332,友訊,6,0,6,宏遠-桃園,2023-11-08,1262
3176,基亞,6,0,6,宏遠-桃園,2023-11-08,1262
6770,力積電,6,0,6,宏遠-桃園,2023-11-08,1262
2308,台達電,7,2,5,宏遠-桃園,2023-11-08,1262
2419,仲琦,141,0,141,宏遠-桃園,2023-11-09,1262
2363,矽統,151,37,114,宏遠-桃園,2023-11-09,1262
1101,台泥,100,15,85,宏遠-桃園,2023-11-09,1262
00642U,期元大S＆P石油,56,0,56,宏遠-桃園,2023-11-09,1262
2303,聯電,80,28,52,宏遠-桃園,2023-11-09,1262
00919,群益台灣精選高息,52,1,51,宏遠-桃園,2023-11-09,1262
6176,瑞儀,51,1,50,宏遠-桃園,2023-11-09,1262
00650L,復華香港正2,50,6,44,宏遠-桃園,2023-11-09,1262
6684,安格,43,0,43,宏遠-桃園,2023-11-09,1262
2913,農林,60,20,40,宏遠-桃園,2023-11-09,1262
2610,華航,36,0,36,宏遠-桃園,2023-11-09,1262
8103,瀚荃,33,0,33,宏遠-桃園,2023-11-09,1262
00929,復華台灣科技優息,37,5,32,宏遠-桃園,2023-11-09,1262
5483,中美晶,32,1,31,宏遠-桃園,2023-11-09,1262
2905,三商,30,0,30,宏遠-桃園,2023-11-09,1262
4960,誠美材,30,0,30,宏遠-桃園,2023-11-09,1262
3062,建漢,27,0,27,宏遠-桃園,2023-11-09,1262
2329,華泰,60,38,22,宏遠-桃園,2023-11-09,1262
3363,上詮,21,1,20,宏遠-桃園,2023-11-09,1262
2412,中華電,20,1,19,宏遠-桃園,2023-11-09,1262
3346,麗清,19,0,19,宏遠-桃園,2023-11-09,1262
4979,華星光,19,3,16,宏遠-桃園,2023-11-09,1262
2025,千興,14,0,14,宏遠-桃園,2023-11-09,1262
2618,長榮航,19,6,13,宏遠-桃園,2023-11-09,1262
3715,定穎投控,12,0,12,宏遠-桃園,2023-11-09,1262
3481,群創,12,0,12,宏遠-桃園,2023-11-09,1262
4958,臻鼎-KY,20,8,12,宏遠-桃園,2023-11-09,1262
6170,統振,12,0,12,宏遠-桃園,2023-11-09,1262
2356,英業達,11,0,11,宏遠-桃園,2023-11-09,1262
1513,中興電,11,0,11,宏遠-桃園,2023-11-09,1262
00679B,元大美債20年,11,1,10,宏遠-桃園,2023-11-09,1262
2105,正新,10,0,10,宏遠-桃園,2023-11-09,1262
3653,健策,10,0,10,宏遠-桃園,2023-11-09,1262
6202,盛群,10,0,10,宏遠-桃園,2023-11-09,1262
8027,鈦昇,10,0,10,宏遠-桃園,2023-11-09,1262
8112,至上,10,0,10,宏遠-桃園,2023-11-09,1262
00715L,期街口布蘭特正2,91,81,10,宏遠-桃園,2023-11-09,1262
00680L,元大美債20正2,9,0,9,宏遠-桃園,2023-11-09,1262
2399,映泰,74,65,9,宏遠-桃園,2023-11-09,1262
6271,同欣電,9,0,9,宏遠-桃園,2023-11-09,1262
2883,凱基金,20,12,8,宏遠-桃園,2023-11-09,1262
3122,笙泉,48,40,8,宏遠-桃園,2023-11-09,1262
6116,彩晶,10,2,8,宏遠-桃園,2023-11-09,1262
00688L,國泰20年美債正2,7,0,7,宏遠-桃園,2023-11-09,1262
2344,華邦電,7,0,7,宏遠-桃園,2023-11-09,1262
4908,前鼎,9,2,7,宏遠-桃園,2023-11-09,1262
6274,台燿,6,0,6,宏遠-桃園,2023-11-09,1262
8271,宇瞻,6,0,6,宏遠-桃園,2023-11-09,1262
1605,華新,5,0,5,宏遠-桃園,2023-11-09,1262
2331,精英,5,0,5,宏遠-桃園,2023-11-09,1262
1524,耿鼎,141,3,138,宏遠-桃園,2023-11-10,1262
2385,群光,64,0,64,宏遠-桃園,2023-11-10,1262
2913,農林,58,0,58,宏遠-桃園,2023-11-10,1262
00671R,富邦NASDAQ反1,50,0,50,宏遠-桃園,2023-11-10,1262
2883,凱基金,50,0,50,宏遠-桃園,2023-11-10,1262
2891,中信金,53,3,50,宏遠-桃園,2023-11-10,1262
6188,廣明,48,0,48,宏遠-桃園,2023-11-10,1262
00638R,元大滬深300反1,36,0,36,宏遠-桃園,2023-11-10,1262
4552,力達-KY,36,0,36,宏遠-桃園,2023-11-10,1262
00650L,復華香港正2,34,2,32,宏遠-桃園,2023-11-10,1262
2419,仲琦,30,0,30,宏遠-桃園,2023-11-10,1262
6176,瑞儀,30,0,30,宏遠-桃園,2023-11-10,1262
00929,復華台灣科技優息,28,0,28,宏遠-桃園,2023-11-10,1262
3231,緯創,46,19,27,宏遠-桃園,2023-11-10,1262
8390,金益鼎,27,0,27,宏遠-桃園,2023-11-10,1262
2206,三陽工業,20,0,20,宏遠-桃園,2023-11-10,1262
1513,中興電,30,11,19,宏遠-桃園,2023-11-10,1262
6271,同欣電,17,0,17,宏遠-桃園,2023-11-10,1262
2388,威盛,34,19,15,宏遠-桃園,2023-11-10,1262
3037,欣興,13,0,13,宏遠-桃園,2023-11-10,1262
00885,富邦越南,163,150,13,宏遠-桃園,2023-11-10,1262
00720B,元大投資級公司債,12,0,12,宏遠-桃園,2023-11-10,1262
00679B,元大美債20年,32,20,12,宏遠-桃園,2023-11-10,1262
3402,漢科,12,0,12,宏遠-桃園,2023-11-10,1262
00878,國泰永續高股息,14,2,12,宏遠-桃園,2023-11-10,1262
00680L,元大美債20正2,151,140,11,宏遠-桃園,2023-11-10,1262
3011,今皓,12,1,11,宏遠-桃園,2023-11-10,1262
3455,由田,11,0,11,宏遠-桃園,2023-11-10,1262
00753L,中信中國50正2,80,70,10,宏遠-桃園,2023-11-10,1262
8112,至上,10,0,10,宏遠-桃園,2023-11-10,1262
3036,文曄,12,3,9,宏遠-桃園,2023-11-10,1262
3693,營邦,13,4,9,宏遠-桃園,2023-11-10,1262
1522,堤維西,10,1,9,宏遠-桃園,2023-11-10,1262
6116,彩晶,9,0,9,宏遠-桃園,2023-11-10,1262
2409,友達,8,0,8,宏遠-桃園,2023-11-10,1262
6284,佳邦,10,2,8,宏遠-桃園,2023-11-10,1262
3481,群創,7,0,7,宏遠-桃園,2023-11-10,1262
4908,前鼎,13,6,7,宏遠-桃園,2023-11-10,1262
4958,臻鼎-KY,7,0,7,宏遠-桃園,2023-11-10,1262
00933B,國泰10Y+金融債,6,0,6,宏遠-桃園,2023-11-10,1262
00936,台新永續高息中小,6,0,6,宏遠-桃園,2023-11-10,1262
3715,定穎投控,12,6,6,宏遠-桃園,2023-11-10,1262
6547,高端疫苗,33,27,6,宏遠-桃園,2023-11-10,1262
3483,力致,7,2,5,宏遠-桃園,2023-11-10,1262
6472,保瑞,10,5,5,宏遠-桃園,2023-11-10,1262
6469,大樹,5,0,5,宏遠-桃園,2023-11-10,1262
00641R,富邦日本反1,5,0,5,宏遠-桃園,2023-11-10,1262
00934,中信成長高股息,5,0,5,宏遠-桃園,2023-11-10,1262
1314,中石化,5,0,5,宏遠-桃園,2023-11-10,1262
00919,群益台灣精選高息,6,1,5,宏遠-桃園,2023-11-10,1262
00632R,元大台灣50反1,307,8,299,宏遠-桃園,2023-11-13,1262
8390,金益鼎,45,0,45,宏遠-桃園,2023-11-13,1262
2816,旺旺保,40,0,40,宏遠-桃園,2023-11-13,1262
0050,元大台灣50,36,3,33,宏遠-桃園,2023-11-13,1262
2905,三商,30,0,30,宏遠-桃園,2023-11-13,1262
3707,漢磊,30,0,30,宏遠-桃園,2023-11-13,1262
2882,國泰金,25,0,25,宏遠-桃園,2023-11-13,1262
2913,農林,25,0,25,宏遠-桃園,2023-11-13,1262
4129,聯合,28,3,25,宏遠-桃園,2023-11-13,1262
00679B,元大美債20年,24,0,24,宏遠-桃園,2023-11-13,1262
00637L,元大滬深300正2,22,0,22,宏遠-桃園,2023-11-13,1262
2367,燿華,20,0,20,宏遠-桃園,2023-11-13,1262
2610,華航,18,0,18,宏遠-桃園,2023-11-13,1262
4935,茂林-KY,17,0,17,宏遠-桃園,2023-11-13,1262
1513,中興電,15,1,14,宏遠-桃園,2023-11-13,1262
00878,國泰永續高股息,25,11,14,宏遠-桃園,2023-11-13,1262
6139,亞翔,15,1,14,宏遠-桃園,2023-11-13,1262
00919,群益台灣精選高息,20,7,13,宏遠-桃園,2023-11-13,1262
6288,聯嘉,12,0,12,宏遠-桃園,2023-11-13,1262
2382,廣達,22,11,11,宏遠-桃園,2023-11-13,1262
2412,中華電,11,0,11,宏遠-桃園,2023-11-13,1262
00715L,期街口布蘭特正2,10,0,10,宏遠-桃園,2023-11-13,1262
6213,聯茂,10,0,10,宏遠-桃園,2023-11-13,1262
00687B,國泰20年美債,10,0,10,宏遠-桃園,2023-11-13,1262
00680L,元大美債20正2,10,0,10,宏遠-桃園,2023-11-13,1262
2883,凱基金,10,0,10,宏遠-桃園,2023-11-13,1262
4157,太景*-KY,10,0,10,宏遠-桃園,2023-11-13,1262
6547,高端疫苗,26,16,10,宏遠-桃園,2023-11-13,1262
6684,安格,20,10,10,宏遠-桃園,2023-11-13,1262
3011,今皓,9,0,9,宏遠-桃園,2023-11-13,1262
4162,智擎,11,2,9,宏遠-桃園,2023-11-13,1262
00933B,國泰10Y+金融債,8,0,8,宏遠-桃園,2023-11-13,1262
3078,僑威,9,1,8,宏遠-桃園,2023-11-13,1262
4763,材料-KY,7,0,7,宏遠-桃園,2023-11-13,1262
00934,中信成長高股息,7,0,7,宏遠-桃園,2023-11-13,1262
2308,台達電,11,4,7,宏遠-桃園,2023-11-13,1262
3032,偉訓,7,0,7,宏遠-桃園,2023-11-13,1262
2462,良得電,6,0,6,宏遠-桃園,2023-11-13,1262
6901,鑽石投資,6,0,6,宏遠-桃園,2023-11-13,1262
2353,宏��,5,0,5,宏遠-桃園,2023-11-13,1262
2369,菱生,16,11,5,宏遠-桃園,2023-11-13,1262
2377,微星,5,0,5,宏遠-桃園,2023-11-13,1262
2618,長榮航,7,2,5,宏遠-桃園,2023-11-13,1262
2851,中再保,5,0,5,宏遠-桃園,2023-11-13,1262
2916,滿心,5,0,5,宏遠-桃園,2023-11-13,1262
8103,瀚荃,5,0,5,宏遠-桃園,2023-11-13,1262
3036,文曄,7,3,4,宏遠-桃園,2023-11-13,1262
2402,毅嘉,9,5,4,宏遠-桃園,2023-11-13,1262
3176,基亞,5,1,4,宏遠-桃園,2023-11-13,1262
6743,安普新,4,0,4,宏遠-桃園,2023-11-13,1262
00632R,元大台灣50反1,212,9,203,宏遠-桃園,2023-11-14,1262
00637L,元大滬深300正2,81,5,76,宏遠-桃園,2023-11-14,1262
3037,欣興,55,2,53,宏遠-桃園,2023-11-14,1262
8473,山林水,45,0,45,宏遠-桃園,2023-11-14,1262
5483,中美晶,44,0,44,宏遠-桃園,2023-11-14,1262
00929,復華台灣科技優息,57,16,41,宏遠-桃園,2023-11-14,1262
2883,凱基金,36,0,36,宏遠-桃園,2023-11-14,1262
3231,緯創,42,10,32,宏遠-桃園,2023-11-14,1262
0056,元大高股息,34,4,30,宏遠-桃園,2023-11-14,1262
3481,群創,15,0,15,宏遠-桃園,2023-11-14,1262
2356,英業達,16,2,14,宏遠-桃園,2023-11-14,1262
4935,茂林-KY,12,0,12,宏遠-桃園,2023-11-14,1262
2402,毅嘉,16,5,11,宏遠-桃園,2023-11-14,1262
3260,威剛,13,2,11,宏遠-桃園,2023-11-14,1262
1721,三晃,10,0,10,宏遠-桃園,2023-11-14,1262
2409,友達,10,0,10,宏遠-桃園,2023-11-14,1262
2516,新建,10,0,10,宏遠-桃園,2023-11-14,1262
2905,三商,10,0,10,宏遠-桃園,2023-11-14,1262
6122,擎邦,47,37,10,宏遠-桃園,2023-11-14,1262
1795,美時,9,0,9,宏遠-桃園,2023-11-14,1262
8048,德勝,8,0,8,宏遠-桃園,2023-11-14,1262
2881,富邦金,7,0,7,宏遠-桃園,2023-11-14,1262
3078,僑威,8,1,7,宏遠-桃園,2023-11-14,1262
8088,品安,10,3,7,宏遠-桃園,2023-11-14,1262
6235,華孚,6,0,6,宏遠-桃園,2023-11-14,1262
00642U,期元大S＆P石油,6,0,6,宏遠-桃園,2023-11-14,1262
00679B,元大美債20年,5,0,5,宏遠-桃園,2023-11-14,1262
2442,新美齊,5,0,5,宏遠-桃園,2023-11-14,1262
3005,神基,5,0,5,宏遠-桃園,2023-11-14,1262
3036,文曄,14,9,5,宏遠-桃園,2023-11-14,1262
4510,高鋒,5,0,5,宏遠-桃園,2023-11-14,1262
4720,德淵,5,0,5,宏遠-桃園,2023-11-14,1262
6125,廣運,5,0,5,宏遠-桃園,2023-11-14,1262
6649,台生材,5,0,5,宏遠-桃園,2023-11-14,1262
00919,群益台灣精選高息,24,20,4,宏遠-桃園,2023-11-14,1262
2867,三商壽,4,0,4,宏遠-桃園,2023-11-14,1262
3709,鑫聯大投控,4,0,4,宏遠-桃園,2023-11-14,1262
6133,金橋,4,0,4,宏遠-桃園,2023-11-14,1262
8081,致新,4,0,4,宏遠-桃園,2023-11-14,1262
3035,智原,9,6,3,宏遠-桃園,2023-11-14,1262
2313,華通,10,7,3,宏遠-桃園,2023-11-14,1262
1516,川飛,3,0,3,宏遠-桃園,2023-11-14,1262
00936,台新永續高息中小,3,0,3,宏遠-桃園,2023-11-14,1262
2002,中鋼,3,0,3,宏遠-桃園,2023-11-14,1262
2348A,海悅甲特,3,0,3,宏遠-桃園,2023-11-14,1262
2462,良得電,3,0,3,宏遠-桃園,2023-11-14,1262
2498,宏達電,7,4,3,宏遠-桃園,2023-11-14,1262
3025,星通,3,0,3,宏遠-桃園,2023-11-14,1262
4532,瑞智,4,1,3,宏遠-桃園,2023-11-14,1262
2344,華邦電,10,7,3,宏遠-桃園,2023-11-14,1262
3481,群創,305,12,293,宏遠-桃園,2023-11-15,1262
00632R,元大台灣50反1,311,80,231,宏遠-桃園,2023-11-15,1262
00637L,元大滬深300正2,143,41,102,宏遠-桃園,2023-11-15,1262
2905,三商,90,0,90,宏遠-桃園,2023-11-15,1262
2882,國泰金,71,0,71,宏遠-桃園,2023-11-15,1262
2913,農林,61,0,61,宏遠-桃園,2023-11-15,1262
00679B,元大美債20年,54,4,50,宏遠-桃園,2023-11-15,1262
0056,元大高股息,38,7,31,宏遠-桃園,2023-11-15,1262
00638R,元大滬深300反1,31,0,31,宏遠-桃園,2023-11-15,1262
2417,圓剛,37,7,30,宏遠-桃園,2023-11-15,1262
8054,安國,29,0,29,宏遠-桃園,2023-11-15,1262
6667,信紘科,28,0,28,宏遠-桃園,2023-11-15,1262
00878,國泰永續高股息,27,1,26,宏遠-桃園,2023-11-15,1262
1314,中石化,20,0,20,宏遠-桃園,2023-11-15,1262
3147,大綜,20,1,19,宏遠-桃園,2023-11-15,1262
2607,榮運,18,0,18,宏遠-桃園,2023-11-15,1262
3231,緯創,43,29,14,宏遠-桃園,2023-11-15,1262
4919,新唐,15,2,13,宏遠-桃園,2023-11-15,1262
8112,至上,13,0,13,宏遠-桃園,2023-11-15,1262
2353,宏��,12,0,12,宏遠-桃園,2023-11-15,1262
3450,聯鈞,12,1,11,宏遠-桃園,2023-11-15,1262
8358,金居,12,1,11,宏遠-桃園,2023-11-15,1262
1319,東陽,10,0,10,宏遠-桃園,2023-11-15,1262
00915,凱基優選高股息30,15,5,10,宏遠-桃園,2023-11-15,1262
2442,新美齊,10,0,10,宏遠-桃園,2023-11-15,1262
2867,三商壽,10,0,10,宏遠-桃園,2023-11-15,1262
3576,聯合再生,10,0,10,宏遠-桃園,2023-11-15,1262
5706,鳳凰,10,0,10,宏遠-桃園,2023-11-15,1262
8110,華東,10,0,10,宏遠-桃園,2023-11-15,1262
9950,萬國通,10,0,10,宏遠-桃園,2023-11-15,1262
6136,富爾特,9,0,9,宏遠-桃園,2023-11-15,1262
3338,泰碩,8,0,8,宏遠-桃園,2023-11-15,1262
4935,茂林-KY,8,0,8,宏遠-桃園,2023-11-15,1262
3443,創意,7,0,7,宏遠-桃園,2023-11-15,1262
2369,菱生,18,11,7,宏遠-桃園,2023-11-15,1262
2439,美律,7,0,7,宏遠-桃園,2023-11-15,1262
3062,建漢,9,2,7,宏遠-桃園,2023-11-15,1262
6213,聯茂,8,1,7,宏遠-桃園,2023-11-15,1262
6237,驊訊,8,1,7,宏遠-桃園,2023-11-15,1262
6770,力積電,11,5,6,宏遠-桃園,2023-11-15,1262
2881,富邦金,10,4,6,宏遠-桃園,2023-11-15,1262
8234,新漢,6,0,6,宏遠-桃園,2023-11-15,1262
00715L,期街口布蘭特正2,6,0,6,宏遠-桃園,2023-11-15,1262
00936,台新永續高息中小,5,0,5,宏遠-桃園,2023-11-15,1262
00935,野村臺灣新科技50,5,0,5,宏遠-桃園,2023-11-15,1262
1815,富喬,10,5,5,宏遠-桃園,2023-11-15,1262
2371,大同,5,0,5,宏遠-桃園,2023-11-15,1262
3265,台星科,5,0,5,宏遠-桃園,2023-11-15,1262
6015,宏遠證,5,0,5,宏遠-桃園,2023-11-15,1262
3035,智原,10,6,4,宏遠-桃園,2023-11-15,1262
2329,華泰,112,52,60,宏遠-桃園,2023-11-16,1262
2417,圓剛,76,26,50,宏遠-桃園,2023-11-16,1262
00715L,期街口布蘭特正2,126,80,46,宏遠-桃園,2023-11-16,1262
8054,安國,35,1,34,宏遠-桃園,2023-11-16,1262
2905,三商,33,0,33,宏遠-桃園,2023-11-16,1262
2882,國泰金,29,0,29,宏遠-桃園,2023-11-16,1262
5315,光聯,25,0,25,宏遠-桃園,2023-11-16,1262
6706,惠特,21,0,21,宏遠-桃園,2023-11-16,1262
00632R,元大台灣50反1,21,1,20,宏遠-桃園,2023-11-16,1262
2476,鉅祥,20,0,20,宏遠-桃園,2023-11-16,1262
3037,欣興,21,1,20,宏遠-桃園,2023-11-16,1262
2303,聯電,36,18,18,宏遠-桃園,2023-11-16,1262
3623,富晶通,17,2,15,宏遠-桃園,2023-11-16,1262
00934,中信成長高股息,13,0,13,宏遠-桃園,2023-11-16,1262
6122,擎邦,18,5,13,宏遠-桃園,2023-11-16,1262
2884,玉山金,18,5,13,宏遠-桃園,2023-11-16,1262
2850,新產,10,0,10,宏遠-桃園,2023-11-16,1262
00679B,元大美債20年,9,0,9,宏遠-桃園,2023-11-16,1262
2363,矽統,21,12,9,宏遠-桃園,2023-11-16,1262
2516,新建,19,10,9,宏遠-桃園,2023-11-16,1262
4413,飛寶企業,9,0,9,宏遠-桃園,2023-11-16,1262
6188,廣明,8,0,8,宏遠-桃園,2023-11-16,1262
6239,力成,11,4,7,宏遠-桃園,2023-11-16,1262
00680L,元大美債20正2,147,140,7,宏遠-桃園,2023-11-16,1262
2323,中環,7,0,7,宏遠-桃園,2023-11-16,1262
8089,康全電訊,10,3,7,宏遠-桃園,2023-11-16,1262
00933B,國泰10Y+金融債,6,0,6,宏遠-桃園,2023-11-16,1262
4908,前鼎,6,0,6,宏遠-桃園,2023-11-16,1262
6288,聯嘉,6,0,6,宏遠-桃園,2023-11-16,1262
8358,金居,6,0,6,宏遠-桃園,2023-11-16,1262
00935,野村臺灣新科技50,5,0,5,宏遠-桃園,2023-11-16,1262
00637L,元大滬深300正2,186,181,5,宏遠-桃園,2023-11-16,1262
2607,榮運,15,10,5,宏遠-桃園,2023-11-16,1262
3231,緯創,31,26,5,宏遠-桃園,2023-11-16,1262
3176,基亞,4,0,4,宏遠-桃園,2023-11-16,1262
00720B,元大投資級公司債,4,0,4,宏遠-桃園,2023-11-16,1262
6485,點序,4,0,4,宏遠-桃園,2023-11-16,1262
00878,國泰永續高股息,11,7,4,宏遠-桃園,2023-11-16,1262
1605,華新,7,3,4,宏遠-桃園,2023-11-16,1262
2352,佳世達,4,0,4,宏遠-桃園,2023-11-16,1262
2402,毅嘉,10,6,4,宏遠-桃園,2023-11-16,1262
2453,凌群,4,0,4,宏遠-桃園,2023-11-16,1262
2701,萬企,4,0,4,宏遠-桃園,2023-11-16,1262
3402,漢科,5,1,4,宏遠-桃園,2023-11-16,1262
5215,科嘉-KY,4,0,4,宏遠-桃園,2023-11-16,1262
8432,東生華,4,0,4,宏遠-桃園,2023-11-16,1262
4958,臻鼎-KY,8,4,4,宏遠-桃園,2023-11-16,1262
3376,新日興,9,5,4,宏遠-桃園,2023-11-16,1262
5905,南仁湖,4,0,4,宏遠-桃園,2023-11-16,1262
3035,智原,11,8,3,宏遠-桃園,2023-11-16,1262
00632R,元大台灣50反1,327,0,327,宏遠-桃園,2023-11-17,1262
3481,群創,178,0,178,宏遠-桃園,2023-11-17,1262
2385,群光,134,5,129,宏遠-桃園,2023-11-17,1262
00642U,期元大S＆P石油,128,2,126,宏遠-桃園,2023-11-17,1262
2905,三商,80,0,80,宏遠-桃園,2023-11-17,1262
00715L,期街口布蘭特正2,158,80,78,宏遠-桃園,2023-11-17,1262
00929,復華台灣科技優息,77,0,77,宏遠-桃園,2023-11-17,1262
8054,安國,66,6,60,宏遠-桃園,2023-11-17,1262
00679B,元大美債20年,60,0,60,宏遠-桃園,2023-11-17,1262
00650L,復華香港正2,42,2,40,宏遠-桃園,2023-11-17,1262
6568,宏觀,40,0,40,宏遠-桃園,2023-11-17,1262
2367,燿華,40,3,37,宏遠-桃園,2023-11-17,1262
2355,敬鵬,35,8,27,宏遠-桃園,2023-11-17,1262
1319,東陽,21,0,21,宏遠-桃園,2023-11-17,1262
3711,日月光投控,20,0,20,宏遠-桃園,2023-11-17,1262
3005,神基,21,2,19,宏遠-桃園,2023-11-17,1262
2618,長榮航,66,49,17,宏遠-桃園,2023-11-17,1262
2603,長榮,14,1,13,宏遠-桃園,2023-11-17,1262
2329,華泰,33,21,12,宏遠-桃園,2023-11-17,1262
4543,萬在,12,0,12,宏遠-桃園,2023-11-17,1262
6126,信音,15,3,12,宏遠-桃園,2023-11-17,1262
2439,美律,11,0,11,宏遠-桃園,2023-11-17,1262
00665L,富邦�琤肭磪囓�2,190,180,10,宏遠-桃園,2023-11-17,1262
00680L,元大美債20正2,10,0,10,宏遠-桃園,2023-11-17,1262
00931B,統一美債20年,10,0,10,宏遠-桃園,2023-11-17,1262
2002,中鋼,10,0,10,宏遠-桃園,2023-11-17,1262
2498,宏達電,18,8,10,宏遠-桃園,2023-11-17,1262
3041,揚智,111,101,10,宏遠-桃園,2023-11-17,1262
3623,富晶通,10,0,10,宏遠-桃園,2023-11-17,1262
3625,西勝,10,0,10,宏遠-桃園,2023-11-17,1262
3702,大聯大,11,1,10,宏遠-桃園,2023-11-17,1262
5512,力麒,10,0,10,宏遠-桃園,2023-11-17,1262
00893,國泰智能電動車,9,0,9,宏遠-桃園,2023-11-17,1262
2442,新美齊,9,0,9,宏遠-桃園,2023-11-17,1262
2436,偉詮電,9,1,8,宏遠-桃園,2023-11-17,1262
6122,擎邦,8,0,8,宏遠-桃園,2023-11-17,1262
2371,大同,7,0,7,宏遠-桃園,2023-11-17,1262
2610,華航,7,0,7,宏遠-桃園,2023-11-17,1262
3147,大綜,7,0,7,宏遠-桃園,2023-11-17,1262
3264,欣銓,10,3,7,宏遠-桃園,2023-11-17,1262
6125,廣運,8,1,7,宏遠-桃園,2023-11-17,1262
00882,中信中國高股息,6,0,6,宏遠-桃園,2023-11-17,1262
00712,復華富時不動產,6,0,6,宏遠-桃園,2023-11-17,1262
2344,華邦電,6,0,6,宏遠-桃園,2023-11-17,1262
2734,易飛網,6,0,6,宏遠-桃園,2023-11-17,1262
6176,瑞儀,6,0,6,宏遠-桃園,2023-11-17,1262
6781,AES-KY,6,0,6,宏遠-桃園,2023-11-17,1262
3231,緯創,16,10,6,宏遠-桃園,2023-11-17,1262
2349,錸德,5,0,5,宏遠-桃園,2023-11-17,1262
2379,瑞昱,6,1,5,宏遠-桃園,2023-11-17,1262
00632R,元大台灣50反1,104,37,67,宏遠-桃園,2023-11-20,1262
2233,宇隆,55,0,55,宏遠-桃園,2023-11-20,1262
00885,富邦越南,155,103,52,宏遠-桃園,2023-11-20,1262
5483,中美晶,49,1,48,宏遠-桃園,2023-11-20,1262
00878,國泰永續高股息,44,0,44,宏遠-桃園,2023-11-20,1262
2905,三商,30,0,30,宏遠-桃園,2023-11-20,1262
6142,友勁,23,0,23,宏遠-桃園,2023-11-20,1262
00929,復華台灣科技優息,20,0,20,宏遠-桃園,2023-11-20,1262
00671R,富邦NASDAQ反1,20,0,20,宏遠-桃園,2023-11-20,1262
6418,詠昇,20,0,20,宏遠-桃園,2023-11-20,1262
6125,廣運,21,5,16,宏遠-桃園,2023-11-20,1262
00638R,元大滬深300反1,15,0,15,宏遠-桃園,2023-11-20,1262
2258,鴻華先進-創,13,0,13,宏遠-桃園,2023-11-20,1262
5225,東科-KY,12,0,12,宏遠-桃園,2023-11-20,1262
6237,驊訊,13,1,12,宏遠-桃園,2023-11-20,1262
3702,大聯大,11,0,11,宏遠-桃園,2023-11-20,1262
1519,華城,16,6,10,宏遠-桃園,2023-11-20,1262
2105,正新,10,0,10,宏遠-桃園,2023-11-20,1262
3450,聯鈞,11,1,10,宏遠-桃園,2023-11-20,1262
5439,高技,10,0,10,宏遠-桃園,2023-11-20,1262
3035,智原,16,7,9,宏遠-桃園,2023-11-20,1262
1319,東陽,10,1,9,宏遠-桃園,2023-11-20,1262
6706,惠特,9,0,9,宏遠-桃園,2023-11-20,1262
2406,國碩,8,0,8,宏遠-桃園,2023-11-20,1262
2610,華航,13,5,8,宏遠-桃園,2023-11-20,1262
2618,長榮航,12,4,8,宏遠-桃園,2023-11-20,1262
5009,榮剛,8,0,8,宏遠-桃園,2023-11-20,1262
3260,威剛,12,4,8,宏遠-桃園,2023-11-20,1262
2603,長榮,10,3,7,宏遠-桃園,2023-11-20,1262
2385,群光,7,0,7,宏遠-桃園,2023-11-20,1262
6243,迅杰,43,36,7,宏遠-桃園,2023-11-20,1262
1515,力山,8,2,6,宏遠-桃園,2023-11-20,1262
2002,中鋼,8,2,6,宏遠-桃園,2023-11-20,1262
2371,大同,8,2,6,宏遠-桃園,2023-11-20,1262
2439,美律,6,0,6,宏遠-桃園,2023-11-20,1262
3094,聯傑,6,0,6,宏遠-桃園,2023-11-20,1262
6486,互動,6,0,6,宏遠-桃園,2023-11-20,1262
6603,富強鑫,6,0,6,宏遠-桃園,2023-11-20,1262
3481,群創,23,18,5,宏遠-桃園,2023-11-20,1262
6568,宏觀,5,0,5,宏遠-桃園,2023-11-20,1262
00931B,統一美債20年,5,0,5,宏遠-桃園,2023-11-20,1262
00918,大華優利高填息30,5,0,5,宏遠-桃園,2023-11-20,1262
3390,旭軟,5,0,5,宏遠-桃園,2023-11-20,1262
5703,亞都,5,0,5,宏遠-桃園,2023-11-20,1262
6245,立端,6,1,5,宏遠-桃園,2023-11-20,1262
6933,AMAX-KY,7,2,5,宏遠-桃園,2023-11-20,1262
6589,台康生技,4,0,4,宏遠-桃園,2023-11-20,1262
2337,旺宏,4,0,4,宏遠-桃園,2023-11-20,1262
2609,陽明,4,0,4,宏遠-桃園,2023-11-20,1262
6435,大中,4,0,4,宏遠-桃園,2023-11-20,1262
00632R,元大台灣50反1,242,0,242,宏遠-桃園,2023-11-21,1262
00918,大華優利高填息30,110,0,110,宏遠-桃園,2023-11-21,1262
5483,中美晶,100,0,100,宏遠-桃園,2023-11-21,1262
00683L,期元大美元指正2,100,55,45,宏遠-桃園,2023-11-21,1262
3266,昇陽,40,0,40,宏遠-桃園,2023-11-21,1262
2618,長榮航,36,5,31,宏遠-桃園,2023-11-21,1262
2905,三商,30,0,30,宏遠-桃園,2023-11-21,1262
3287,廣寰科,33,3,30,宏遠-桃園,2023-11-21,1262
6158,禾昌,57,28,29,宏遠-桃園,2023-11-21,1262
3363,上詮,56,29,27,宏遠-桃園,2023-11-21,1262
6568,宏觀,27,1,26,宏遠-桃園,2023-11-21,1262
2233,宇隆,23,0,23,宏遠-桃園,2023-11-21,1262
6271,同欣電,23,0,23,宏遠-桃園,2023-11-21,1262
00679B,元大美債20年,21,1,20,宏遠-桃園,2023-11-21,1262
6270,倍微,20,0,20,宏遠-桃園,2023-11-21,1262
2454,聯發科,18,1,17,宏遠-桃園,2023-11-21,1262
6176,瑞儀,17,0,17,宏遠-桃園,2023-11-21,1262
5452,佶優,18,3,15,宏遠-桃園,2023-11-21,1262
6695,芯鼎,14,0,14,宏遠-桃園,2023-11-21,1262
2881,富邦金,18,6,12,宏遠-桃園,2023-11-21,1262
1514,亞力,13,2,11,宏遠-桃園,2023-11-21,1262
5434,崇越,11,0,11,宏遠-桃園,2023-11-21,1262
00680L,元大美債20正2,10,0,10,宏遠-桃園,2023-11-21,1262
2313,華通,25,15,10,宏遠-桃園,2023-11-21,1262
2605,新興,10,0,10,宏遠-桃園,2023-11-21,1262
3484,崧騰,10,0,10,宏遠-桃園,2023-11-21,1262
6167,久正,10,0,10,宏遠-桃園,2023-11-21,1262
00637L,元大滬深300正2,11,2,9,宏遠-桃園,2023-11-21,1262
2258,鴻華先進-創,9,0,9,宏遠-桃園,2023-11-21,1262
6274,台燿,9,0,9,宏遠-桃園,2023-11-21,1262
2888,新光金,10,2,8,宏遠-桃園,2023-11-21,1262
4162,智擎,8,0,8,宏遠-桃園,2023-11-21,1262
00936,台新永續高息中小,7,0,7,宏遠-桃園,2023-11-21,1262
3701,大眾控,13,6,7,宏遠-桃園,2023-11-21,1262
4155,訊映,9,2,7,宏遠-桃園,2023-11-21,1262
3715,定穎投控,26,20,6,宏遠-桃園,2023-11-21,1262
2355,敬鵬,16,10,6,宏遠-桃園,2023-11-21,1262
2911,麗嬰房,6,0,6,宏遠-桃園,2023-11-21,1262
3047,訊舟,14,8,6,宏遠-桃園,2023-11-21,1262
3325,旭品,6,0,6,宏遠-桃園,2023-11-21,1262
6213,聯茂,9,3,6,宏遠-桃園,2023-11-21,1262
8936,國統,6,0,6,宏遠-桃園,2023-11-21,1262
2330,台積電,10,5,5,宏遠-桃園,2023-11-21,1262
3176,基亞,5,0,5,宏遠-桃園,2023-11-21,1262
8011,台通,7,2,5,宏遠-桃園,2023-11-21,1262
5607,遠雄港,5,0,5,宏遠-桃園,2023-11-21,1262
00919,群益台灣精選高息,5,0,5,宏遠-桃園,2023-11-21,1262
2476,鉅祥,5,0,5,宏遠-桃園,2023-11-21,1262
3011,今皓,5,0,5,宏遠-桃園,2023-11-21,1262
3346,麗清,5,0,5,宏遠-桃園,2023-11-21,1262
2303,聯電,100,53,47,宏遠-桃園,2023-11-22,1262
3266,昇陽,44,0,44,宏遠-桃園,2023-11-22,1262
5483,中美晶,30,0,30,宏遠-桃園,2023-11-22,1262
1319,東陽,30,0,30,宏遠-桃園,2023-11-22,1262
6139,亞翔,41,13,28,宏遠-桃園,2023-11-22,1262
2355,敬鵬,30,3,27,宏遠-桃園,2023-11-22,1262
2905,三商,27,0,27,宏遠-桃園,2023-11-22,1262
5512,力麒,33,10,23,宏遠-桃園,2023-11-22,1262
2412,中華電,21,0,21,宏遠-桃園,2023-11-22,1262
1785,光洋科,20,0,20,宏遠-桃園,2023-11-22,1262
5531,鄉林,20,0,20,宏遠-桃園,2023-11-22,1262
3231,緯創,39,20,19,宏遠-桃園,2023-11-22,1262
2353,宏��,20,1,19,宏遠-桃園,2023-11-22,1262
2382,廣達,21,4,17,宏遠-桃園,2023-11-22,1262
00650L,復華香港正2,17,2,15,宏遠-桃園,2023-11-22,1262
3025,星通,22,7,15,宏遠-桃園,2023-11-22,1262
2330,台積電,14,0,14,宏遠-桃園,2023-11-22,1262
00919,群益台灣精選高息,13,0,13,宏遠-桃園,2023-11-22,1262
2352,佳世達,13,0,13,宏遠-桃園,2023-11-22,1262
2363,矽統,33,20,13,宏遠-桃園,2023-11-22,1262
6695,芯鼎,25,13,12,宏遠-桃園,2023-11-22,1262
2421,建準,11,0,11,宏遠-桃園,2023-11-22,1262
00679B,元大美債20年,10,0,10,宏遠-桃園,2023-11-22,1262
00712,復華富時不動產,10,0,10,宏遠-桃園,2023-11-22,1262
00922,國泰台灣領袖50,10,0,10,宏遠-桃園,2023-11-22,1262
00885,富邦越南,110,100,10,宏遠-桃園,2023-11-22,1262
2603,長榮,14,4,10,宏遠-桃園,2023-11-22,1262
2883,凱基金,10,0,10,宏遠-桃園,2023-11-22,1262
3149,正達,10,0,10,宏遠-桃園,2023-11-22,1262
3372,典範,10,0,10,宏遠-桃園,2023-11-22,1262
4413,飛寶企業,11,1,10,宏遠-桃園,2023-11-22,1262
00878,國泰永續高股息,9,0,9,宏遠-桃園,2023-11-22,1262
2409,友達,9,0,9,宏遠-桃園,2023-11-22,1262
2614,東森,9,0,9,宏遠-桃園,2023-11-22,1262
3059,華晶科,11,2,9,宏遠-桃園,2023-11-22,1262
2233,宇隆,9,1,8,宏遠-桃園,2023-11-22,1262
2385,群光,8,0,8,宏遠-桃園,2023-11-22,1262
00637L,元大滬深300正2,9,2,7,宏遠-桃園,2023-11-22,1262
2356,英業達,10,3,7,宏遠-桃園,2023-11-22,1262
3706,神達,11,4,7,宏遠-桃園,2023-11-22,1262
2376,技嘉,9,2,7,宏遠-桃園,2023-11-22,1262
4935,茂林-KY,6,0,6,宏遠-桃園,2023-11-22,1262
00918,大華優利高填息30,5,0,5,宏遠-桃園,2023-11-22,1262
2324,仁寶,5,0,5,宏遠-桃園,2023-11-22,1262
2367,燿華,5,0,5,宏遠-桃園,2023-11-22,1262
8034,榮群,5,0,5,宏遠-桃園,2023-11-22,1262
8086,宏捷科,5,0,5,宏遠-桃園,2023-11-22,1262
8426,紅木-KY,5,0,5,宏遠-桃園,2023-11-22,1262
1449,佳和,5,1,4,宏遠-桃園,2023-11-22,1262
00900,富邦特選高股息30,4,0,4,宏遠-桃園,2023-11-22,1262
00878,國泰永續高股息,177,0,177,宏遠-桃園,2023-11-23,1262
00929,復華台灣科技優息,125,0,125,宏遠-桃園,2023-11-23,1262
5483,中美晶,88,0,88,宏遠-桃園,2023-11-23,1262
3402,漢科,91,10,81,宏遠-桃園,2023-11-23,1262
3715,定穎投控,84,20,64,宏遠-桃園,2023-11-23,1262
00715L,期街口布蘭特正2,116,53,63,宏遠-桃園,2023-11-23,1262
2436,偉詮電,57,2,55,宏遠-桃園,2023-11-23,1262
3122,笙泉,63,13,50,宏遠-桃園,2023-11-23,1262
2476,鉅祥,52,3,49,宏遠-桃園,2023-11-23,1262
3437,榮創,40,0,40,宏遠-桃園,2023-11-23,1262
2421,建準,40,1,39,宏遠-桃園,2023-11-23,1262
8054,安國,40,2,38,宏遠-桃園,2023-11-23,1262
2913,農林,38,0,38,宏遠-桃園,2023-11-23,1262
2385,群光,31,0,31,宏遠-桃園,2023-11-23,1262
00641R,富邦日本反1,30,0,30,宏遠-桃園,2023-11-23,1262
2363,矽統,44,21,23,宏遠-桃園,2023-11-23,1262
3372,典範,22,0,22,宏遠-桃園,2023-11-23,1262
00922,國泰台灣領袖50,20,0,20,宏遠-桃園,2023-11-23,1262
3484,崧騰,20,0,20,宏遠-桃園,2023-11-23,1262
6789,采鈺,20,1,19,宏遠-桃園,2023-11-23,1262
3078,僑威,30,12,18,宏遠-桃園,2023-11-23,1262
2233,宇隆,18,0,18,宏遠-桃園,2023-11-23,1262
3032,偉訓,27,11,16,宏遠-桃園,2023-11-23,1262
3169,亞信,16,0,16,宏遠-桃園,2023-11-23,1262
6282,康舒,49,34,15,宏遠-桃園,2023-11-23,1262
2462,良得電,15,0,15,宏遠-桃園,2023-11-23,1262
3005,神基,15,0,15,宏遠-桃園,2023-11-23,1262
4720,德淵,15,0,15,宏遠-桃園,2023-11-23,1262
5351,鈺創,34,19,15,宏遠-桃園,2023-11-23,1262
00919,群益台灣精選高息,15,0,15,宏遠-桃園,2023-11-23,1262
1319,東陽,14,0,14,宏遠-桃園,2023-11-23,1262
1785,光洋科,15,1,14,宏遠-桃園,2023-11-23,1262
2883,凱基金,14,0,14,宏遠-桃園,2023-11-23,1262
6245,立端,13,0,13,宏遠-桃園,2023-11-23,1262
5381,合正,12,0,12,宏遠-桃園,2023-11-23,1262
5465,富驊,12,1,11,宏遠-桃園,2023-11-23,1262
00637L,元大滬深300正2,11,1,10,宏遠-桃園,2023-11-23,1262
2105,正新,10,0,10,宏遠-桃園,2023-11-23,1262
3489,森寶,10,0,10,宏遠-桃園,2023-11-23,1262
3623,富晶通,10,0,10,宏遠-桃園,2023-11-23,1262
5243,乙盛-KY,10,0,10,宏遠-桃園,2023-11-23,1262
5706,鳳凰,10,0,10,宏遠-桃園,2023-11-23,1262
2313,華通,21,12,9,宏遠-桃園,2023-11-23,1262
6182,合晶,9,0,9,宏遠-桃園,2023-11-23,1262
6684,安格,13,4,9,宏遠-桃園,2023-11-23,1262
00650L,復華香港正2,10,2,8,宏遠-桃園,2023-11-23,1262
2371,大同,9,1,8,宏遠-桃園,2023-11-23,1262
3013,晟銘電,9,1,8,宏遠-桃園,2023-11-23,1262
3710,連展投控,8,0,8,宏遠-桃園,2023-11-23,1262
3037,欣興,7,0,7,宏遠-桃園,2023-11-23,1262
00715L,期街口布蘭特正2,60,3,57,宏遠-桃園,2023-11-24,1262
2329,華泰,65,12,53,宏遠-桃園,2023-11-24,1262
8054,安國,92,40,52,宏遠-桃園,2023-11-24,1262
3122,笙泉,54,4,50,宏遠-桃園,2023-11-24,1262
00885,富邦越南,37,0,37,宏遠-桃園,2023-11-24,1262
2913,農林,131,100,31,宏遠-桃園,2023-11-24,1262
00638R,元大滬深300反1,28,0,28,宏遠-桃園,2023-11-24,1262
9103,美德醫療-DR,27,0,27,宏遠-桃園,2023-11-24,1262
1605,華新,37,10,27,宏遠-桃園,2023-11-24,1262
2606,裕民,26,0,26,宏遠-桃園,2023-11-24,1262
2206,三陽工業,23,0,23,宏遠-桃園,2023-11-24,1262
6125,廣運,95,72,23,宏遠-桃園,2023-11-24,1262
6126,信音,24,3,21,宏遠-桃園,2023-11-24,1262
3094,聯傑,22,5,17,宏遠-桃園,2023-11-24,1262
00679B,元大美債20年,14,0,14,宏遠-桃園,2023-11-24,1262
8222,寶一,12,0,12,宏遠-桃園,2023-11-24,1262
00878,國泰永續高股息,12,1,11,宏遠-桃園,2023-11-24,1262
2618,長榮航,16,5,11,宏遠-桃園,2023-11-24,1262
3006,晶豪科,20,9,11,宏遠-桃園,2023-11-24,1262
3372,典範,11,0,11,宏遠-桃園,2023-11-24,1262
6271,同欣電,11,0,11,宏遠-桃園,2023-11-24,1262
8121,越峰,13,2,11,宏遠-桃園,2023-11-24,1262
00641R,富邦日本反1,10,0,10,宏遠-桃園,2023-11-24,1262
2610,華航,10,0,10,宏遠-桃園,2023-11-24,1262
3489,森寶,10,0,10,宏遠-桃園,2023-11-24,1262
4102,永日,10,0,10,宏遠-桃園,2023-11-24,1262
4906,正文,10,0,10,宏遠-桃園,2023-11-24,1262
4908,前鼎,10,0,10,宏遠-桃園,2023-11-24,1262
6204,艾華,10,0,10,宏遠-桃園,2023-11-24,1262
6235,華孚,17,7,10,宏遠-桃園,2023-11-24,1262
6901,鑽石投資,10,0,10,宏遠-桃園,2023-11-24,1262
1471,首利,10,1,9,宏遠-桃園,2023-11-24,1262
1319,東陽,10,1,9,宏遠-桃園,2023-11-24,1262
00933B,國泰10Y+金融債,9,0,9,宏遠-桃園,2023-11-24,1262
2891,中信金,10,1,9,宏遠-桃園,2023-11-24,1262
00931B,統一美債20年,8,0,8,宏遠-桃園,2023-11-24,1262
1609,大亞,9,1,8,宏遠-桃園,2023-11-24,1262
3701,大眾控,43,35,8,宏遠-桃園,2023-11-24,1262
6104,創惟,11,3,8,宏遠-桃園,2023-11-24,1262
00772B,中信高評級公司債,7,0,7,宏遠-桃園,2023-11-24,1262
00921,兆豐龍頭等權重,7,0,7,宏遠-桃園,2023-11-24,1262
2356,英業達,17,10,7,宏遠-桃園,2023-11-24,1262
2382,廣達,9,3,6,宏遠-桃園,2023-11-24,1262
6684,安格,6,0,6,宏遠-桃園,2023-11-24,1262
2436,偉詮電,6,1,5,宏遠-桃園,2023-11-24,1262
00891,中信關鍵半導體,5,0,5,宏遠-桃園,2023-11-24,1262
2105,正新,5,0,5,宏遠-桃園,2023-11-24,1262
2816,旺旺保,5,0,5,宏遠-桃園,2023-11-24,1262
3706,神達,5,0,5,宏遠-桃園,2023-11-24,1262
6770,力積電,5,0,5,宏遠-桃園,2023-11-24,1262
00720B,元大投資級公司債,262,0,262,宏遠-桃園,2023-11-27,1262
2883,凱基金,151,17,134,宏遠-桃園,2023-11-27,1262
00715L,期街口布蘭特正2,90,0,90,宏遠-桃園,2023-11-27,1262
2867,三商壽,83,0,83,宏遠-桃園,2023-11-27,1262
3041,揚智,60,1,59,宏遠-桃園,2023-11-27,1262
8086,宏捷科,58,6,52,宏遠-桃園,2023-11-27,1262
00929,復華台灣科技優息,50,0,50,宏遠-桃園,2023-11-27,1262
00878,國泰永續高股息,44,1,43,宏遠-桃園,2023-11-27,1262
2353,宏��,46,3,43,宏遠-桃園,2023-11-27,1262
1319,東陽,40,0,40,宏遠-桃園,2023-11-27,1262
00934,中信成長高股息,33,0,33,宏遠-桃園,2023-11-27,1262
2417,圓剛,32,0,32,宏遠-桃園,2023-11-27,1262
2884,玉山金,30,0,30,宏遠-桃園,2023-11-27,1262
6176,瑞儀,28,2,26,宏遠-桃園,2023-11-27,1262
1785,光洋科,25,0,25,宏遠-桃園,2023-11-27,1262
3530,晶相光,31,10,21,宏遠-桃園,2023-11-27,1262
00650L,復華香港正2,22,2,20,宏遠-桃園,2023-11-27,1262
1101,台泥,20,0,20,宏遠-桃園,2023-11-27,1262
3484,崧騰,20,0,20,宏遠-桃園,2023-11-27,1262
2313,華通,63,44,19,宏遠-桃園,2023-11-27,1262
2634,漢翔,21,4,17,宏遠-桃園,2023-11-27,1262
9919,康那香,16,1,15,宏遠-桃園,2023-11-27,1262
00936,台新永續高息中小,14,0,14,宏遠-桃園,2023-11-27,1262
2388,威盛,20,6,14,宏遠-桃園,2023-11-27,1262
00679B,元大美債20年,13,0,13,宏遠-桃園,2023-11-27,1262
3152,璟德,12,0,12,宏遠-桃園,2023-11-27,1262
1503,士電,10,0,10,宏遠-桃園,2023-11-27,1262
3372,典範,10,0,10,宏遠-桃園,2023-11-27,1262
4102,永日,10,0,10,宏遠-桃園,2023-11-27,1262
4157,太景*-KY,10,0,10,宏遠-桃園,2023-11-27,1262
2606,裕民,9,0,9,宏遠-桃園,2023-11-27,1262
1524,耿鼎,10,1,9,宏遠-桃園,2023-11-27,1262
2329,華泰,31,22,9,宏遠-桃園,2023-11-27,1262
6126,信音,9,0,9,宏遠-桃園,2023-11-27,1262
6235,華孚,41,32,9,宏遠-桃園,2023-11-27,1262
9103,美德醫療-DR,9,0,9,宏遠-桃園,2023-11-27,1262
3481,群創,13,5,8,宏遠-桃園,2023-11-27,1262
2436,偉詮電,9,1,8,宏遠-桃園,2023-11-27,1262
4714,永捷,10,3,7,宏遠-桃園,2023-11-27,1262
2454,聯發科,6,0,6,宏遠-桃園,2023-11-27,1262
3693,營邦,7,1,6,宏遠-桃園,2023-11-27,1262
2409,友達,6,0,6,宏遠-桃園,2023-11-27,1262
2457,飛宏,15,9,6,宏遠-桃園,2023-11-27,1262
3062,建漢,8,2,6,宏遠-桃園,2023-11-27,1262
4162,智擎,8,2,6,宏遠-桃園,2023-11-27,1262
4552,力達-KY,7,1,6,宏遠-桃園,2023-11-27,1262
9945,潤泰新,6,0,6,宏遠-桃園,2023-11-27,1262
3078,僑威,10,5,5,宏遠-桃園,2023-11-27,1262
00882,中信中國高股息,5,0,5,宏遠-桃園,2023-11-27,1262
2399,映泰,5,0,5,宏遠-桃園,2023-11-27,1262
2476,鉅祥,192,0,192,宏遠-桃園,2023-11-28,1262
2882,國泰金,150,0,150,宏遠-桃園,2023-11-28,1262
2330,台積電,82,3,79,宏遠-桃園,2023-11-28,1262
00919,群益台灣精選高息,50,0,50,宏遠-桃園,2023-11-28,1262
00885,富邦越南,45,0,45,宏遠-桃園,2023-11-28,1262
2867,三商壽,40,0,40,宏遠-桃園,2023-11-28,1262
1752,南光,29,3,26,宏遠-桃園,2023-11-28,1262
4114,健喬,42,18,24,宏遠-桃園,2023-11-28,1262
00632R,元大台灣50反1,25,5,20,宏遠-桃園,2023-11-28,1262
2913,農林,20,0,20,宏遠-桃園,2023-11-28,1262
6204,艾華,20,0,20,宏遠-桃園,2023-11-28,1262
3715,定穎投控,41,22,19,宏遠-桃園,2023-11-28,1262
1514,亞力,19,4,15,宏遠-桃園,2023-11-28,1262
6245,立端,23,8,15,宏遠-桃園,2023-11-28,1262
2401,凌陽,27,13,14,宏遠-桃園,2023-11-28,1262
1582,信錦,13,0,13,宏遠-桃園,2023-11-28,1262
5347,世界,14,1,13,宏遠-桃園,2023-11-28,1262
1524,耿鼎,11,0,11,宏遠-桃園,2023-11-28,1262
2363,矽統,25,14,11,宏遠-桃園,2023-11-28,1262
1605,華新,12,2,10,宏遠-桃園,2023-11-28,1262
5315,光聯,10,0,10,宏遠-桃園,2023-11-28,1262
6127,九豪,10,0,10,宏遠-桃園,2023-11-28,1262
6486,互動,10,0,10,宏遠-桃園,2023-11-28,1262
8069,元太,10,0,10,宏遠-桃園,2023-11-28,1262
2607,榮運,9,0,9,宏遠-桃園,2023-11-28,1262
2890,永豐金,10,1,9,宏遠-桃園,2023-11-28,1262
4960,誠美材,10,1,9,宏遠-桃園,2023-11-28,1262
00650L,復華香港正2,16,8,8,宏遠-桃園,2023-11-28,1262
6176,瑞儀,8,0,8,宏遠-桃園,2023-11-28,1262
6136,富爾特,7,0,7,宏遠-桃園,2023-11-28,1262
2206,三陽工業,7,0,7,宏遠-桃園,2023-11-28,1262
2002,中鋼,17,10,7,宏遠-桃園,2023-11-28,1262
6197,佳必琪,6,0,6,宏遠-桃園,2023-11-28,1262
8033,雷虎,6,0,6,宏遠-桃園,2023-11-28,1262
1101,台泥,9,4,5,宏遠-桃園,2023-11-28,1262
00687B,國泰20年美債,5,0,5,宏遠-桃園,2023-11-28,1262
00929,復華台灣科技優息,10,5,5,宏遠-桃園,2023-11-28,1262
1784,訊聯,5,0,5,宏遠-桃園,2023-11-28,1262
2881,富邦金,8,3,5,宏遠-桃園,2023-11-28,1262
8442,威宏-KY,5,0,5,宏遠-桃園,2023-11-28,1262
2353,宏��,5,1,4,宏遠-桃園,2023-11-28,1262
00900,富邦特選高股息30,4,0,4,宏遠-桃園,2023-11-28,1262
2385,群光,4,0,4,宏遠-桃園,2023-11-28,1262
3051,力特,4,0,4,宏遠-桃園,2023-11-28,1262
3231,緯創,8,4,4,宏遠-桃園,2023-11-28,1262
5706,鳳凰,4,0,4,宏遠-桃園,2023-11-28,1262
5876,上海商銀,4,0,4,宏遠-桃園,2023-11-28,1262
6139,亞翔,8,4,4,宏遠-桃園,2023-11-28,1262
6237,驊訊,7,3,4,宏遠-桃園,2023-11-28,1262
00893,國泰智能電動車,3,0,3,宏遠-桃園,2023-11-28,1262
00632R,元大台灣50反1,205,6,199,宏遠-桃園,2023-11-29,1262
2883,凱基金,80,0,80,宏遠-桃園,2023-11-29,1262
00720B,元大投資級公司債,52,0,52,宏遠-桃園,2023-11-29,1262
00650L,復華香港正2,50,0,50,宏遠-桃園,2023-11-29,1262
2363,矽統,41,4,37,宏遠-桃園,2023-11-29,1262
4945,陞達科技,30,0,30,宏遠-桃園,2023-11-29,1262
2867,三商壽,29,0,29,宏遠-桃園,2023-11-29,1262
9955,佳龍,26,0,26,宏遠-桃園,2023-11-29,1262
3694,海華,26,6,20,宏遠-桃園,2023-11-29,1262
00679B,元大美債20年,15,0,15,宏遠-桃園,2023-11-29,1262
2457,飛宏,18,3,15,宏遠-桃園,2023-11-29,1262
2303,聯電,20,6,14,宏遠-桃園,2023-11-29,1262
3047,訊舟,15,2,13,宏遠-桃園,2023-11-29,1262
2603,長榮,13,0,13,宏遠-桃園,2023-11-29,1262
3036,文曄,22,11,11,宏遠-桃園,2023-11-29,1262
1605,華新,16,5,11,宏遠-桃園,2023-11-29,1262
3231,緯創,29,18,11,宏遠-桃園,2023-11-29,1262
6237,驊訊,12,1,11,宏遠-桃園,2023-11-29,1262
00688L,國泰20年美債正2,10,0,10,宏遠-桃園,2023-11-29,1262
2427,三商電,10,0,10,宏遠-桃園,2023-11-29,1262
3163,波若威,10,0,10,宏遠-桃園,2023-11-29,1262
00637L,元大滬深300正2,11,2,9,宏遠-桃園,2023-11-29,1262
1514,亞力,13,5,8,宏遠-桃園,2023-11-29,1262
3026,禾伸堂,8,0,8,宏遠-桃園,2023-11-29,1262
3094,聯傑,12,4,8,宏遠-桃園,2023-11-29,1262
1609,大亞,12,5,7,宏遠-桃園,2023-11-29,1262
3032,偉訓,11,4,7,宏遠-桃園,2023-11-29,1262
00830,國泰費城半導體,6,0,6,宏遠-桃園,2023-11-29,1262
2324,仁寶,6,0,6,宏遠-桃園,2023-11-29,1262
2455,全新,6,0,6,宏遠-桃園,2023-11-29,1262
2537,聯上發,6,0,6,宏遠-桃園,2023-11-29,1262
2618,長榮航,6,0,6,宏遠-桃園,2023-11-29,1262
6150,撼訊,6,0,6,宏遠-桃園,2023-11-29,1262
6176,瑞儀,6,0,6,宏遠-桃園,2023-11-29,1262
00680L,元大美債20正2,5,0,5,宏遠-桃園,2023-11-29,1262
2313,華通,16,11,5,宏遠-桃園,2023-11-29,1262
3372,典範,5,0,5,宏遠-桃園,2023-11-29,1262
4114,健喬,25,20,5,宏遠-桃園,2023-11-29,1262
5328,華容,5,0,5,宏遠-桃園,2023-11-29,1262
8110,華東,5,0,5,宏遠-桃園,2023-11-29,1262
8938,明安,5,0,5,宏遠-桃園,2023-11-29,1262
2492,華新科,22,17,5,宏遠-桃園,2023-11-29,1262
6191,精成科,5,1,4,宏遠-桃園,2023-11-29,1262
4162,智擎,5,1,4,宏遠-桃園,2023-11-29,1262
2352,佳世達,4,0,4,宏遠-桃園,2023-11-29,1262
3138,耀登,4,0,4,宏遠-桃園,2023-11-29,1262
3257,虹冠電,4,0,4,宏遠-桃園,2023-11-29,1262
6163,華電網,4,0,4,宏遠-桃園,2023-11-29,1262
6168,宏齊,7,3,4,宏遠-桃園,2023-11-29,1262
6190,萬泰科,4,0,4,宏遠-桃園,2023-11-29,1262
4908,前鼎,151,4,147,宏遠-桃園,2023-11-30,1262
2313,華通,125,14,111,宏遠-桃園,2023-11-30,1262
4306,炎洲,100,0,100,宏遠-桃園,2023-11-30,1262
2476,鉅祥,100,11,89,宏遠-桃園,2023-11-30,1262
00919,群益台灣精選高息,100,50,50,宏遠-桃園,2023-11-30,1262
8103,瀚荃,42,0,42,宏遠-桃園,2023-11-30,1262
2385,群光,37,0,37,宏遠-桃園,2023-11-30,1262
3005,神基,31,0,31,宏遠-桃園,2023-11-30,1262
2329,華泰,207,177,30,宏遠-桃園,2023-11-30,1262
2610,華航,30,0,30,宏遠-桃園,2023-11-30,1262
2332,友訊,54,25,29,宏遠-桃園,2023-11-30,1262
8926,台汽電,25,0,25,宏遠-桃園,2023-11-30,1262
6176,瑞儀,25,1,24,宏遠-桃園,2023-11-30,1262
00638R,元大滬深300反1,20,0,20,宏遠-桃園,2023-11-30,1262
6188,廣明,20,0,20,宏遠-桃園,2023-11-30,1262
2303,聯電,25,10,15,宏遠-桃園,2023-11-30,1262
1785,光洋科,15,0,15,宏遠-桃園,2023-11-30,1262
5353,台林,15,0,15,宏遠-桃園,2023-11-30,1262
1514,亞力,43,29,14,宏遠-桃園,2023-11-30,1262
3530,晶相光,16,2,14,宏遠-桃園,2023-11-30,1262
00650L,復華香港正2,15,2,13,宏遠-桃園,2023-11-30,1262
3552,同致,13,0,13,宏遠-桃園,2023-11-30,1262
3406,玉晶光,13,1,12,宏遠-桃園,2023-11-30,1262
2377,微星,12,1,11,宏遠-桃園,2023-11-30,1262
3231,緯創,19,8,11,宏遠-桃園,2023-11-30,1262
3707,漢磊,11,0,11,宏遠-桃園,2023-11-30,1262
8210,勤誠,15,4,11,宏遠-桃園,2023-11-30,1262
2892,第一金,10,0,10,宏遠-桃園,2023-11-30,1262
3693,營邦,20,10,10,宏遠-桃園,2023-11-30,1262
00936,台新永續高息中小,10,0,10,宏遠-桃園,2023-11-30,1262
2482,連宇,10,0,10,宏遠-桃園,2023-11-30,1262
2885,元大金,10,0,10,宏遠-桃園,2023-11-30,1262
8054,安國,15,5,10,宏遠-桃園,2023-11-30,1262
8222,寶一,10,0,10,宏遠-桃園,2023-11-30,1262
00891,中信關鍵半導體,10,0,10,宏遠-桃園,2023-11-30,1262
4739,康普,10,1,9,宏遠-桃園,2023-11-30,1262
2359,所羅門,11,3,8,宏遠-桃園,2023-11-30,1262
00680L,元大美債20正2,7,0,7,宏遠-桃園,2023-11-30,1262
2492,華新科,13,6,7,宏遠-桃園,2023-11-30,1262
5483,中美晶,13,6,7,宏遠-桃園,2023-11-30,1262
3035,智原,15,8,7,宏遠-桃園,2023-11-30,1262
2388,威盛,6,0,6,宏遠-桃園,2023-11-30,1262
2409,友達,9,3,6,宏遠-桃園,2023-11-30,1262
1453,大將,5,0,5,宏遠-桃園,2023-11-30,1262
00934,中信成長高股息,5,0,5,宏遠-桃園,2023-11-30,1262
1609,大亞,5,0,5,宏遠-桃園,2023-11-30,1262
1815,富喬,5,0,5,宏遠-桃園,2023-11-30,1262
2405,輔信,5,0,5,宏遠-桃園,2023-11-30,1262
2457,飛宏,7,2,5,宏遠-桃園,2023-11-30,1262
3227,原相,5,0,5,宏遠-桃園,2023-11-30,1262
5347,世界,201,0,201,宏遠-桃園,2023-12-01,1262
00637L,元大滬深300正2,109,0,109,宏遠-桃園,2023-12-01,1262
2889,國票金,100,0,100,宏遠-桃園,2023-12-01,1262
00919,群益台灣精選高息,107,10,97,宏遠-桃園,2023-12-01,1262
00934,中信成長高股息,74,0,74,宏遠-桃園,2023-12-01,1262
2313,華通,70,9,61,宏遠-桃園,2023-12-01,1262
2883B,凱基金乙特,60,0,60,宏遠-桃園,2023-12-01,1262
3041,揚智,93,36,57,宏遠-桃園,2023-12-01,1262
00715L,期街口布蘭特正2,48,2,46,宏遠-桃園,2023-12-01,1262
2905,三商,42,0,42,宏遠-桃園,2023-12-01,1262
5328,華容,114,84,30,宏遠-桃園,2023-12-01,1262
2405,輔信,26,1,25,宏遠-桃園,2023-12-01,1262
3484,崧騰,23,0,23,宏遠-桃園,2023-12-01,1262
1514,亞力,28,7,21,宏遠-桃園,2023-12-01,1262
2612,中航,21,0,21,宏遠-桃園,2023-12-01,1262
2883,凱基金,21,0,21,宏遠-桃園,2023-12-01,1262
3372,典範,21,0,21,宏遠-桃園,2023-12-01,1262
1612,宏泰,20,0,20,宏遠-桃園,2023-12-01,1262
3437,榮創,19,0,19,宏遠-桃園,2023-12-01,1262
00933B,國泰10Y+金融債,18,0,18,宏遠-桃園,2023-12-01,1262
1603,華電,18,0,18,宏遠-桃園,2023-12-01,1262
2317,鴻海,16,0,16,宏遠-桃園,2023-12-01,1262
5432,新門,20,5,15,宏遠-桃園,2023-12-01,1262
2492,華新科,17,2,15,宏遠-桃園,2023-12-01,1262
00650L,復華香港正2,16,2,14,宏遠-桃園,2023-12-01,1262
8054,安國,42,29,13,宏遠-桃園,2023-12-01,1262
1101,台泥,50,37,13,宏遠-桃園,2023-12-01,1262
00680L,元大美債20正2,13,0,13,宏遠-桃園,2023-12-01,1262
4155,訊映,12,0,12,宏遠-桃園,2023-12-01,1262
3701,大眾控,11,0,11,宏遠-桃園,2023-12-01,1262
4945,陞達科技,11,0,11,宏遠-桃園,2023-12-01,1262
00687B,國泰20年美債,10,0,10,宏遠-桃園,2023-12-01,1262
00638R,元大滬深300反1,10,0,10,宏遠-桃園,2023-12-01,1262
1701,中化,14,4,10,宏遠-桃園,2023-12-01,1262
1909,榮成,10,0,10,宏遠-桃園,2023-12-01,1262
4977,眾達-KY,10,0,10,宏遠-桃園,2023-12-01,1262
6693,廣閎科,10,0,10,宏遠-桃園,2023-12-01,1262
8926,台汽電,10,0,10,宏遠-桃園,2023-12-01,1262
3363,上詮,15,5,10,宏遠-桃園,2023-12-01,1262
2888,新光金,10,0,10,宏遠-桃園,2023-12-01,1262
00929,復華台灣科技優息,11,1,10,宏遠-桃園,2023-12-01,1262
4908,前鼎,13,4,9,宏遠-桃園,2023-12-01,1262
3552,同致,9,1,8,宏遠-桃園,2023-12-01,1262
3257,虹冠電,7,0,7,宏遠-桃園,2023-12-01,1262
4167,松瑞藥,8,1,7,宏遠-桃園,2023-12-01,1262
1605,華新,8,2,6,宏遠-桃園,2023-12-01,1262
00688L,國泰20年美債正2,6,0,6,宏遠-桃園,2023-12-01,1262
1591,駿吉-KY,6,0,6,宏遠-桃園,2023-12-01,1262
4739,康普,10,4,6,宏遠-桃園,2023-12-01,1262
6153,嘉聯益,10,4,6,宏遠-桃園,2023-12-01,1262
2889,國票金,200,0,200,宏遠-桃園,2023-12-04,1262
2883,凱基金,145,0,145,宏遠-桃園,2023-12-04,1262
00715L,期街口布蘭特正2,105,0,105,宏遠-桃園,2023-12-04,1262
3481,群創,168,100,68,宏遠-桃園,2023-12-04,1262
4909,新復興,65,0,65,宏遠-桃園,2023-12-04,1262
6116,彩晶,62,0,62,宏遠-桃園,2023-12-04,1262
4306,炎洲,55,0,55,宏遠-桃園,2023-12-04,1262
1513,中興電,54,2,52,宏遠-桃園,2023-12-04,1262
2476,鉅祥,55,5,50,宏遠-桃園,2023-12-04,1262
2905,三商,40,0,40,宏遠-桃園,2023-12-04,1262
4908,前鼎,41,1,40,宏遠-桃園,2023-12-04,1262
6568,宏觀,36,0,36,宏遠-桃園,2023-12-04,1262
5483,中美晶,34,0,34,宏遠-桃園,2023-12-04,1262
6176,瑞儀,34,0,34,宏遠-桃園,2023-12-04,1262
3390,旭軟,33,3,30,宏遠-桃園,2023-12-04,1262
2606,裕民,38,9,29,宏遠-桃園,2023-12-04,1262
00919,群益台灣精選高息,30,2,28,宏遠-桃園,2023-12-04,1262
2426,鼎元,25,0,25,宏遠-桃園,2023-12-04,1262
3715,定穎投控,40,17,23,宏遠-桃園,2023-12-04,1262
8442,威宏-KY,22,0,22,宏遠-桃園,2023-12-04,1262
00650L,復華香港正2,28,7,21,宏遠-桃園,2023-12-04,1262
5328,華容,66,45,21,宏遠-桃園,2023-12-04,1262
2332,友訊,22,3,19,宏遠-桃園,2023-12-04,1262
1605,華新,29,11,18,宏遠-桃園,2023-12-04,1262
2002,中鋼,18,1,17,宏遠-桃園,2023-12-04,1262
6235,華孚,17,0,17,宏遠-桃園,2023-12-04,1262
3363,上詮,34,18,16,宏遠-桃園,2023-12-04,1262
2367,燿華,25,10,15,宏遠-桃園,2023-12-04,1262
2615,萬海,20,5,15,宏遠-桃園,2023-12-04,1262
5432,新門,15,0,15,宏遠-桃園,2023-12-04,1262
6271,同欣電,20,5,15,宏遠-桃園,2023-12-04,1262
5439,高技,21,7,14,宏遠-桃園,2023-12-04,1262
2204,中華,12,0,12,宏遠-桃園,2023-12-04,1262
2388,威盛,20,8,12,宏遠-桃園,2023-12-04,1262
4935,茂林-KY,12,0,12,宏遠-桃園,2023-12-04,1262
6269,台郡,12,0,12,宏遠-桃園,2023-12-04,1262
6275,元山,13,1,12,宏遠-桃園,2023-12-04,1262
8210,勤誠,12,0,12,宏遠-桃園,2023-12-04,1262
00922,國泰台灣領袖50,11,0,11,宏遠-桃園,2023-12-04,1262
3372,典範,11,0,11,宏遠-桃園,2023-12-04,1262
00638R,元大滬深300反1,10,0,10,宏遠-桃園,2023-12-04,1262
1104,環泥,10,0,10,宏遠-桃園,2023-12-04,1262
1909,榮成,10,0,10,宏遠-桃園,2023-12-04,1262
2337,旺宏,10,0,10,宏遠-桃園,2023-12-04,1262
2363,矽統,17,7,10,宏遠-桃園,2023-12-04,1262
2478,大毅,9,0,9,宏遠-桃園,2023-12-04,1262
4157,太景*-KY,12,3,9,宏遠-桃園,2023-12-04,1262
6237,驊訊,9,0,9,宏遠-桃園,2023-12-04,1262
3450,聯鈞,9,0,9,宏遠-桃園,2023-12-04,1262
00934,中信成長高股息,8,0,8,宏遠-桃園,2023-12-04,1262
2889,國票金,331,0,331,宏遠-桃園,2023-12-05,1262
3481,群創,96,2,94,宏遠-桃園,2023-12-05,1262
4167,松瑞藥,98,11,87,宏遠-桃園,2023-12-05,1262
00919,群益台灣精選高息,65,0,65,宏遠-桃園,2023-12-05,1262
00642U,期元大S＆P石油,61,0,61,宏遠-桃園,2023-12-05,1262
2617,台航,59,7,52,宏遠-桃園,2023-12-05,1262
00715L,期街口布蘭特正2,50,0,50,宏遠-桃園,2023-12-05,1262
1714,和桐,50,0,50,宏遠-桃園,2023-12-05,1262
2022,聚亨,41,0,41,宏遠-桃園,2023-12-05,1262
1605,華新,41,4,37,宏遠-桃園,2023-12-05,1262
5483,中美晶,37,1,36,宏遠-桃園,2023-12-05,1262
00937B,群益ESG投等債20,36,0,36,宏遠-桃園,2023-12-05,1262
2476,鉅祥,35,0,35,宏遠-桃園,2023-12-05,1262
2002,中鋼,35,2,33,宏遠-桃園,2023-12-05,1262
6176,瑞儀,32,0,32,宏遠-桃園,2023-12-05,1262
2883,凱基金,31,0,31,宏遠-桃園,2023-12-05,1262
00934,中信成長高股息,30,0,30,宏遠-桃園,2023-12-05,1262
2606,裕民,33,5,28,宏遠-桃園,2023-12-05,1262
2605,新興,39,11,28,宏遠-桃園,2023-12-05,1262
6112,邁達特,26,1,25,宏遠-桃園,2023-12-05,1262
2353,宏��,32,8,24,宏遠-桃園,2023-12-05,1262
2363,矽統,23,2,21,宏遠-桃園,2023-12-05,1262
1305,華夏,20,0,20,宏遠-桃園,2023-12-05,1262
2427,三商電,20,0,20,宏遠-桃園,2023-12-05,1262
2905,三商,20,0,20,宏遠-桃園,2023-12-05,1262
3231,緯創,23,6,17,宏遠-桃園,2023-12-05,1262
6122,擎邦,23,7,16,宏遠-桃園,2023-12-05,1262
00933B,國泰10Y+金融債,15,0,15,宏遠-桃園,2023-12-05,1262
00882,中信中國高股息,14,0,14,宏遠-桃園,2023-12-05,1262
6143,振曜,15,1,14,宏遠-桃園,2023-12-05,1262
6269,台郡,14,0,14,宏遠-桃園,2023-12-05,1262
2201,裕隆,13,0,13,宏遠-桃園,2023-12-05,1262
00929,復華台灣科技優息,16,5,11,宏遠-桃園,2023-12-05,1262
00638R,元大滬深300反1,11,0,11,宏遠-桃園,2023-12-05,1262
00687B,國泰20年美債,11,0,11,宏遠-桃園,2023-12-05,1262
3032,偉訓,11,0,11,宏遠-桃園,2023-12-05,1262
1802,台玻,10,0,10,宏遠-桃園,2023-12-05,1262
2376,技嘉,12,2,10,宏遠-桃園,2023-12-05,1262
2611,志信,10,0,10,宏遠-桃園,2023-12-05,1262
5432,新門,10,0,10,宏遠-桃園,2023-12-05,1262
6558,興能高,10,0,10,宏遠-桃園,2023-12-05,1262
8103,瀚荃,10,0,10,宏遠-桃園,2023-12-05,1262
1504,東元,11,2,9,宏遠-桃園,2023-12-05,1262
2601,益航,13,4,9,宏遠-桃園,2023-12-05,1262
6235,華孚,10,1,9,宏遠-桃園,2023-12-05,1262
00679B,元大美債20年,8,0,8,宏遠-桃園,2023-12-05,1262
3078,僑威,12,4,8,宏遠-桃園,2023-12-05,1262
2401,凌陽,8,1,7,宏遠-桃園,2023-12-05,1262
6194,育富,7,0,7,宏遠-桃園,2023-12-05,1262
6712,長聖,7,0,7,宏遠-桃園,2023-12-05,1262
2889,國票金,369,0,369,宏遠-桃園,2023-12-06,1262
00937B,群益ESG投等債20,101,0,101,宏遠-桃園,2023-12-06,1262
00632R,元大台灣50反1,101,0,101,宏遠-桃園,2023-12-06,1262
2905,三商,95,0,95,宏遠-桃園,2023-12-06,1262
2022,聚亨,71,0,71,宏遠-桃園,2023-12-06,1262
2605,新興,76,17,59,宏遠-桃園,2023-12-06,1262
4157,太景*-KY,40,0,40,宏遠-桃園,2023-12-06,1262
2329,華泰,65,26,39,宏遠-桃園,2023-12-06,1262
00654R,富邦印度反1,30,0,30,宏遠-桃園,2023-12-06,1262
00715L,期街口布蘭特正2,31,2,29,宏遠-桃園,2023-12-06,1262
00679B,元大美債20年,27,1,26,宏遠-桃園,2023-12-06,1262
1513,中興電,25,2,23,宏遠-桃園,2023-12-06,1262
00637L,元大滬深300正2,22,2,20,宏遠-桃園,2023-12-06,1262
1514,亞力,84,64,20,宏遠-桃園,2023-12-06,1262
2349,錸德,21,1,20,宏遠-桃園,2023-12-06,1262
2542,興富發,20,0,20,宏遠-桃園,2023-12-06,1262
3481,群創,94,74,20,宏遠-桃園,2023-12-06,1262
6188,廣明,31,12,19,宏遠-桃園,2023-12-06,1262
3260,威剛,20,1,19,宏遠-桃園,2023-12-06,1262
2303,聯電,28,11,17,宏遠-桃園,2023-12-06,1262
3707,漢磊,17,0,17,宏遠-桃園,2023-12-06,1262
2476,鉅祥,15,0,15,宏遠-桃園,2023-12-06,1262
2915,潤泰全,14,1,13,宏遠-桃園,2023-12-06,1262
00919,群益台灣精選高息,43,32,11,宏遠-桃園,2023-12-06,1262
6443,元晶,26,15,11,宏遠-桃園,2023-12-06,1262
3078,僑威,10,0,10,宏遠-桃園,2023-12-06,1262
00687B,國泰20年美債,10,0,10,宏遠-桃園,2023-12-06,1262
00720B,元大投資級公司債,10,0,10,宏遠-桃園,2023-12-06,1262
1582,信錦,10,0,10,宏遠-桃園,2023-12-06,1262
1802,台玻,10,0,10,宏遠-桃園,2023-12-06,1262
2457,飛宏,10,1,9,宏遠-桃園,2023-12-06,1262
4945,陞達科技,9,0,9,宏遠-桃園,2023-12-06,1262
00725B,國泰投資級公司債,8,0,8,宏遠-桃園,2023-12-06,1262
4133,亞諾法,8,0,8,宏遠-桃園,2023-12-06,1262
9958,世紀鋼,9,1,8,宏遠-桃園,2023-12-06,1262
3540,曜越,11,4,7,宏遠-桃園,2023-12-06,1262
3709,鑫聯大投控,7,0,7,宏遠-桃園,2023-12-06,1262
4552,力達-KY,12,5,7,宏遠-桃園,2023-12-06,1262
4935,茂林-KY,7,0,7,宏遠-桃園,2023-12-06,1262
6213,聯茂,7,0,7,宏遠-桃園,2023-12-06,1262
3162,精確,6,0,6,宏遠-桃園,2023-12-06,1262
4561,健椿,10,4,6,宏遠-桃園,2023-12-06,1262
5347,世界,6,0,6,宏遠-桃園,2023-12-06,1262
3088,艾訊,5,0,5,宏遠-桃園,2023-12-06,1262
00655L,國泰中國A50正2,5,0,5,宏遠-桃園,2023-12-06,1262
00931B,統一美債20年,5,0,5,宏遠-桃園,2023-12-06,1262
00885,富邦越南,5,0,5,宏遠-桃園,2023-12-06,1262
1522,堤維西,10,5,5,宏遠-桃園,2023-12-06,1262
2816,旺旺保,5,0,5,宏遠-桃園,2023-12-06,1262
2881,富邦金,5,0,5,宏遠-桃園,2023-12-06,1262
00931B,統一美債20年,140,0,140,宏遠-桃園,2023-12-07,1262
00642U,期元大S＆P石油,111,0,111,宏遠-桃園,2023-12-07,1262
00918,大華優利高填息30,55,0,55,宏遠-桃園,2023-12-07,1262
00715L,期街口布蘭特正2,56,3,53,宏遠-桃園,2023-12-07,1262
00915,凱基優選高股息30,50,0,50,宏遠-桃園,2023-12-07,1262
00637L,元大滬深300正2,52,2,50,宏遠-桃園,2023-12-07,1262
2905,三商,45,0,45,宏遠-桃園,2023-12-07,1262
4306,炎洲,200,155,45,宏遠-桃園,2023-12-07,1262
00679B,元大美債20年,45,1,44,宏遠-桃園,2023-12-07,1262
6176,瑞儀,42,0,42,宏遠-桃園,2023-12-07,1262
00878,國泰永續高股息,43,3,40,宏遠-桃園,2023-12-07,1262
5328,華容,40,0,40,宏遠-桃園,2023-12-07,1262
1612,宏泰,35,0,35,宏遠-桃園,2023-12-07,1262
4561,健椿,45,10,35,宏遠-桃園,2023-12-07,1262
3715,定穎投控,53,21,32,宏遠-桃園,2023-12-07,1262
6112,邁達特,33,2,31,宏遠-桃園,2023-12-07,1262
2367,燿華,57,26,31,宏遠-桃園,2023-12-07,1262
00650L,復華香港正2,32,2,30,宏遠-桃園,2023-12-07,1262
5202,力新,30,0,30,宏遠-桃園,2023-12-07,1262
00919,群益台灣精選高息,41,14,27,宏遠-桃園,2023-12-07,1262
00632R,元大台灣50反1,26,0,26,宏遠-桃園,2023-12-07,1262
00687B,國泰20年美債,26,0,26,宏遠-桃園,2023-12-07,1262
4908,前鼎,25,0,25,宏遠-桃園,2023-12-07,1262
00665L,富邦�琤肭磪囓�2,49,25,24,宏遠-桃園,2023-12-07,1262
1609,大亞,38,18,20,宏遠-桃園,2023-12-07,1262
2329,華泰,58,40,18,宏遠-桃園,2023-12-07,1262
00929,復華台灣科技優息,18,2,16,宏遠-桃園,2023-12-07,1262
00937B,群益ESG投等債20,15,0,15,宏遠-桃園,2023-12-07,1262
6122,擎邦,29,14,15,宏遠-桃園,2023-12-07,1262
2606,裕民,17,4,13,宏遠-桃園,2023-12-07,1262
2399,映泰,17,4,13,宏遠-桃園,2023-12-07,1262
4967,十銓,14,1,13,宏遠-桃園,2023-12-07,1262
2881,富邦金,23,11,12,宏遠-桃園,2023-12-07,1262
2542,興富發,12,0,12,宏遠-桃園,2023-12-07,1262
1618,合機,20,9,11,宏遠-桃園,2023-12-07,1262
00725B,國泰投資級公司債,11,0,11,宏遠-桃園,2023-12-07,1262
2337,旺宏,10,0,10,宏遠-桃園,2023-12-07,1262
3041,揚智,11,1,10,宏遠-桃園,2023-12-07,1262
3481,群創,10,0,10,宏遠-桃園,2023-12-07,1262
5483,中美晶,11,1,10,宏遠-桃園,2023-12-07,1262
5519,隆大,10,0,10,宏遠-桃園,2023-12-07,1262
00933B,國泰10Y+金融債,9,0,9,宏遠-桃園,2023-12-07,1262
3363,上詮,30,21,9,宏遠-桃園,2023-12-07,1262
5439,高技,9,0,9,宏遠-桃園,2023-12-07,1262
6266,泰詠,9,0,9,宏遠-桃園,2023-12-07,1262
00680L,元大美債20正2,8,0,8,宏遠-桃園,2023-12-07,1262
00882,中信中國高股息,8,0,8,宏遠-桃園,2023-12-07,1262
3402,漢科,7,0,7,宏遠-桃園,2023-12-07,1262
3419,譁裕,7,0,7,宏遠-桃園,2023-12-07,1262
1513,中興電,16,10,6,宏遠-桃園,2023-12-07,1262
00687B,國泰20年美債,201,10,191,宏遠-桃園,2023-12-08,1262
2002,中鋼,55,0,55,宏遠-桃園,2023-12-08,1262
2883B,凱基金乙特,50,0,50,宏遠-桃園,2023-12-08,1262
1591,駿吉-KY,41,2,39,宏遠-桃園,2023-12-08,1262
3715,定穎投控,59,24,35,宏遠-桃園,2023-12-08,1262
8112,至上,37,3,34,宏遠-桃園,2023-12-08,1262
00680L,元大美債20正2,31,0,31,宏遠-桃園,2023-12-08,1262
00929,復華台灣科技優息,32,7,25,宏遠-桃園,2023-12-08,1262
00638R,元大滬深300反1,24,0,24,宏遠-桃園,2023-12-08,1262
00919,群益台灣精選高息,48,25,23,宏遠-桃園,2023-12-08,1262
8926,台汽電,25,2,23,宏遠-桃園,2023-12-08,1262
2329,華泰,72,50,22,宏遠-桃園,2023-12-08,1262
6179,亞通,22,0,22,宏遠-桃園,2023-12-08,1262
6156,松上,20,0,20,宏遠-桃園,2023-12-08,1262
2385,群光,19,0,19,宏遠-桃園,2023-12-08,1262
2233,宇隆,18,0,18,宏遠-桃園,2023-12-08,1262
2617,台航,19,1,18,宏遠-桃園,2023-12-08,1262
3228,金麗科,17,0,17,宏遠-桃園,2023-12-08,1262
2367,燿華,30,14,16,宏遠-桃園,2023-12-08,1262
2816,旺旺保,22,6,16,宏遠-桃園,2023-12-08,1262
3390,旭軟,16,1,15,宏遠-桃園,2023-12-08,1262
6443,元晶,15,0,15,宏遠-桃園,2023-12-08,1262
1522,堤維西,27,13,14,宏遠-桃園,2023-12-08,1262
4953,緯軟,14,1,13,宏遠-桃園,2023-12-08,1262
6188,廣明,17,5,12,宏遠-桃園,2023-12-08,1262
00937B,群益ESG投等債20,11,0,11,宏遠-桃園,2023-12-08,1262
8069,元太,11,0,11,宏遠-桃園,2023-12-08,1262
1802,台玻,10,0,10,宏遠-桃園,2023-12-08,1262
2399,映泰,12,2,10,宏遠-桃園,2023-12-08,1262
2542,興富發,10,0,10,宏遠-桃園,2023-12-08,1262
2601,益航,10,0,10,宏遠-桃園,2023-12-08,1262
3450,聯鈞,12,2,10,宏遠-桃園,2023-12-08,1262
5328,華容,30,20,10,宏遠-桃園,2023-12-08,1262
5353,台林,10,0,10,宏遠-桃園,2023-12-08,1262
00891,中信關鍵半導體,10,1,9,宏遠-桃園,2023-12-08,1262
2027,大成鋼,9,0,9,宏遠-桃園,2023-12-08,1262
6112,邁達特,9,0,9,宏遠-桃園,2023-12-08,1262
8358,金居,10,1,9,宏遠-桃園,2023-12-08,1262
2516,新建,8,0,8,宏遠-桃園,2023-12-08,1262
2886,兆豐金,10,2,8,宏遠-桃園,2023-12-08,1262
2605,新興,42,34,8,宏遠-桃園,2023-12-08,1262
6515,穎崴,11,4,7,宏遠-桃園,2023-12-08,1262
00933B,國泰10Y+金融債,7,0,7,宏遠-桃園,2023-12-08,1262
2303,聯電,13,6,7,宏遠-桃園,2023-12-08,1262
4967,十銓,24,17,7,宏遠-桃園,2023-12-08,1262
00931B,統一美債20年,6,0,6,宏遠-桃園,2023-12-08,1262
2023,燁輝,6,0,6,宏遠-桃園,2023-12-08,1262
5284,jpp-KY,6,0,6,宏遠-桃園,2023-12-08,1262
3035,智原,16,10,6,宏遠-桃園,2023-12-08,1262
2882,國泰金,6,0,6,宏遠-桃園,2023-12-08,1262
00632R,元大台灣50反1,271,0,271,宏遠-桃園,2023-12-11,1262
2913,農林,102,0,102,宏遠-桃園,2023-12-11,1262
5324,士開,100,0,100,宏遠-桃園,2023-12-11,1262
6451,訊芯-KY,70,0,70,宏遠-桃園,2023-12-11,1262
4906,正文,61,0,61,宏遠-桃園,2023-12-11,1262
2002,中鋼,60,0,60,宏遠-桃園,2023-12-11,1262
3489,森寶,40,0,40,宏遠-桃園,2023-12-11,1262
2605,新興,53,14,39,宏遠-桃園,2023-12-11,1262
1524,耿鼎,59,21,38,宏遠-桃園,2023-12-11,1262
2385,群光,32,0,32,宏遠-桃園,2023-12-11,1262
00918,大華優利高填息30,31,0,31,宏遠-桃園,2023-12-11,1262
00756B,群益投等新興公債,30,0,30,宏遠-桃園,2023-12-11,1262
4958,臻鼎-KY,32,2,30,宏遠-桃園,2023-12-11,1262
5202,力新,30,0,30,宏遠-桃園,2023-12-11,1262
00688L,國泰20年美債正2,21,0,21,宏遠-桃園,2023-12-11,1262
2457,飛宏,23,2,21,宏遠-桃園,2023-12-11,1262
2905,三商,20,0,20,宏遠-桃園,2023-12-11,1262
8112,至上,68,50,18,宏遠-桃園,2023-12-11,1262
00882,中信中國高股息,18,0,18,宏遠-桃園,2023-12-11,1262
2208,台船,17,0,17,宏遠-桃園,2023-12-11,1262
2634,漢翔,15,0,15,宏遠-桃園,2023-12-11,1262
3325,旭品,14,0,14,宏遠-桃園,2023-12-11,1262
3228,金麗科,15,2,13,宏遠-桃園,2023-12-11,1262
2606,裕民,13,1,12,宏遠-桃園,2023-12-11,1262
6547,高端疫苗,31,19,12,宏遠-桃園,2023-12-11,1262
6770,力積電,11,0,11,宏遠-桃園,2023-12-11,1262
00679B,元大美債20年,11,0,11,宏遠-桃園,2023-12-11,1262
00878,國泰永續高股息,11,1,10,宏遠-桃園,2023-12-11,1262
1752,南光,10,0,10,宏遠-桃園,2023-12-11,1262
1907,永豐餘,10,0,10,宏遠-桃園,2023-12-11,1262
2641,正德,10,0,10,宏遠-桃園,2023-12-11,1262
2867,三商壽,10,0,10,宏遠-桃園,2023-12-11,1262
2884,玉山金,10,0,10,宏遠-桃園,2023-12-11,1262
3715,定穎投控,44,34,10,宏遠-桃園,2023-12-11,1262
8011,台通,10,0,10,宏遠-桃園,2023-12-11,1262
8069,元太,10,0,10,宏遠-桃園,2023-12-11,1262
8926,台汽電,10,0,10,宏遠-桃園,2023-12-11,1262
1513,中興電,12,3,9,宏遠-桃園,2023-12-11,1262
3484,崧騰,9,0,9,宏遠-桃園,2023-12-11,1262
4561,健椿,16,7,9,宏遠-桃園,2023-12-11,1262
00650L,復華香港正2,14,6,8,宏遠-桃園,2023-12-11,1262
6933,AMAX-KY,8,0,8,宏遠-桃園,2023-12-11,1262
2365,昆盈,7,0,7,宏遠-桃園,2023-12-11,1262
2376,技嘉,8,1,7,宏遠-桃園,2023-12-11,1262
2891,中信金,7,0,7,宏遠-桃園,2023-12-11,1262
6830,汎銓,7,0,7,宏遠-桃園,2023-12-11,1262
00680L,元大美債20正2,7,0,7,宏遠-桃園,2023-12-11,1262
1522,堤維西,8,2,6,宏遠-桃園,2023-12-11,1262
00915,凱基優選高股息30,6,0,6,宏遠-桃園,2023-12-11,1262
3583,辛耘,6,0,6,宏遠-桃園,2023-12-11,1262
00918,大華優利高填息30,214,7,207,宏遠-桃園,2023-12-12,1262
00632R,元大台灣50反1,204,120,84,宏遠-桃園,2023-12-12,1262
1618,合機,80,7,73,宏遠-桃園,2023-12-12,1262
3266,昇陽,62,0,62,宏遠-桃園,2023-12-12,1262
9919,康那香,58,0,58,宏遠-桃園,2023-12-12,1262
00671R,富邦NASDAQ反1,50,0,50,宏遠-桃園,2023-12-12,1262
00638R,元大滬深300反1,45,0,45,宏遠-桃園,2023-12-12,1262
00919,群益台灣精選高息,45,1,44,宏遠-桃園,2023-12-12,1262
00751B,元大AAA至A公司債,36,0,36,宏遠-桃園,2023-12-12,1262
2385,群光,33,0,33,宏遠-桃園,2023-12-12,1262
3041,揚智,33,4,29,宏遠-桃園,2023-12-12,1262
2002,中鋼,28,1,27,宏遠-桃園,2023-12-12,1262
1514,亞力,36,11,25,宏遠-桃園,2023-12-12,1262
8112,至上,94,72,22,宏遠-桃園,2023-12-12,1262
2905,三商,20,0,20,宏遠-桃園,2023-12-12,1262
3363,上詮,20,0,20,宏遠-桃園,2023-12-12,1262
3583,辛耘,20,0,20,宏遠-桃園,2023-12-12,1262
4908,前鼎,21,1,20,宏遠-桃園,2023-12-12,1262
3346,麗清,15,0,15,宏遠-桃園,2023-12-12,1262
2376,技嘉,14,0,14,宏遠-桃園,2023-12-12,1262
1608,華榮,14,1,13,宏遠-桃園,2023-12-12,1262
3356,奇偶,14,2,12,宏遠-桃園,2023-12-12,1262
5011,久陽,11,0,11,宏遠-桃園,2023-12-12,1262
2404,漢唐,11,0,11,宏遠-桃園,2023-12-12,1262
00934,中信成長高股息,10,0,10,宏遠-桃園,2023-12-12,1262
00937B,群益ESG投等債20,10,0,10,宏遠-桃園,2023-12-12,1262
2337,旺宏,14,4,10,宏遠-桃園,2023-12-12,1262
2816,旺旺保,12,2,10,宏遠-桃園,2023-12-12,1262
2867,三商壽,10,0,10,宏遠-桃園,2023-12-12,1262
2886,兆豐金,10,0,10,宏遠-桃園,2023-12-12,1262
3062,建漢,10,0,10,宏遠-桃園,2023-12-12,1262
2542,興富發,9,0,9,宏遠-桃園,2023-12-12,1262
3380,明泰,13,4,9,宏遠-桃園,2023-12-12,1262
4743,合一,9,0,9,宏遠-桃園,2023-12-12,1262
6742,澤米,8,0,8,宏遠-桃園,2023-12-12,1262
00687B,國泰20年美債,7,0,7,宏遠-桃園,2023-12-12,1262
3037,欣興,7,0,7,宏遠-桃園,2023-12-12,1262
00878,國泰永續高股息,6,0,6,宏遠-桃園,2023-12-12,1262
8069,元太,6,0,6,宏遠-桃園,2023-12-12,1262
1582,信錦,7,1,6,宏遠-桃園,2023-12-12,1262
2025,千興,6,0,6,宏遠-桃園,2023-12-12,1262
3419,譁裕,6,0,6,宏遠-桃園,2023-12-12,1262
00679B,元大美債20年,5,0,5,宏遠-桃園,2023-12-12,1262
00936,台新永續高息中小,5,0,5,宏遠-桃園,2023-12-12,1262
1312,國喬,5,0,5,宏遠-桃園,2023-12-12,1262
1609,大亞,12,7,5,宏遠-桃園,2023-12-12,1262
2363,矽統,12,7,5,宏遠-桃園,2023-12-12,1262
2382,廣達,5,0,5,宏遠-桃園,2023-12-12,1262
2399,映泰,5,0,5,宏遠-桃園,2023-12-12,1262
3024,憶聲,5,0,5,宏遠-桃園,2023-12-12,1262
00642U,期元大S＆P石油,111,0,111,宏遠-桃園,2023-12-13,1262
00632R,元大台灣50反1,84,0,84,宏遠-桃園,2023-12-13,1262
5483,中美晶,83,0,83,宏遠-桃園,2023-12-13,1262
00919,群益台灣精選高息,77,1,76,宏遠-桃園,2023-12-13,1262
6271,同欣電,75,0,75,宏遠-桃園,2023-12-13,1262
2515,中工,77,11,66,宏遠-桃園,2023-12-13,1262
1612,宏泰,55,0,55,宏遠-桃園,2023-12-13,1262
1714,和桐,50,0,50,宏遠-桃園,2023-12-13,1262
2883B,凱基金乙特,50,0,50,宏遠-桃園,2023-12-13,1262
6205,詮欣,50,0,50,宏遠-桃園,2023-12-13,1262
00715L,期街口布蘭特正2,125,76,49,宏遠-桃園,2023-12-13,1262
9919,康那香,42,0,42,宏遠-桃園,2023-12-13,1262
1326,台化,40,0,40,宏遠-桃園,2023-12-13,1262
6176,瑞儀,37,0,37,宏遠-桃園,2023-12-13,1262
8426,紅木-KY,85,52,33,宏遠-桃園,2023-12-13,1262
2618,長榮航,29,1,28,宏遠-桃園,2023-12-13,1262
6231,系微,26,1,25,宏遠-桃園,2023-12-13,1262
2002,中鋼,68,45,23,宏遠-桃園,2023-12-13,1262
4906,正文,22,1,21,宏遠-桃園,2023-12-13,1262
00934,中信成長高股息,20,0,20,宏遠-桃園,2023-12-13,1262
2442,新美齊,20,0,20,宏遠-桃園,2023-12-13,1262
2905,三商,20,0,20,宏遠-桃園,2023-12-13,1262
5515,建國,22,2,20,宏遠-桃園,2023-12-13,1262
1618,合機,42,23,19,宏遠-桃園,2023-12-13,1262
3363,上詮,21,3,18,宏遠-桃園,2023-12-13,1262
3266,昇陽,20,2,18,宏遠-桃園,2023-12-13,1262
6122,擎邦,18,0,18,宏遠-桃園,2023-12-13,1262
6285,啟��,31,14,17,宏遠-桃園,2023-12-13,1262
3437,榮創,17,1,16,宏遠-桃園,2023-12-13,1262
6568,宏觀,16,0,16,宏遠-桃園,2023-12-13,1262
2634,漢翔,18,3,15,宏遠-桃園,2023-12-13,1262
3576,聯合再生,15,0,15,宏遠-桃園,2023-12-13,1262
2377,微星,14,0,14,宏遠-桃園,2023-12-13,1262
00637L,元大滬深300正2,13,0,13,宏遠-桃園,2023-12-13,1262
6742,澤米,13,0,13,宏遠-桃園,2023-12-13,1262
00882,中信中國高股息,12,0,12,宏遠-桃園,2023-12-13,1262
00679B,元大美債20年,12,0,12,宏遠-桃園,2023-12-13,1262
2610,華航,13,1,12,宏遠-桃園,2023-12-13,1262
2867,三商壽,20,9,11,宏遠-桃園,2023-12-13,1262
2101,南港,10,0,10,宏遠-桃園,2023-12-13,1262
00650L,復華香港正2,10,0,10,宏遠-桃園,2023-12-13,1262
2886,兆豐金,10,0,10,宏遠-桃園,2023-12-13,1262
2897,王道銀行,10,0,10,宏遠-桃園,2023-12-13,1262
2516,新建,9,0,9,宏遠-桃園,2023-12-13,1262
3047,訊舟,9,0,9,宏遠-桃園,2023-12-13,1262
3078,僑威,9,0,9,宏遠-桃園,2023-12-13,1262
1795,美時,8,0,8,宏遠-桃園,2023-12-13,1262
3234,光環,8,0,8,宏遠-桃園,2023-12-13,1262
6182,合晶,11,3,8,宏遠-桃園,2023-12-13,1262
00918,大華優利高填息30,7,0,7,宏遠-桃園,2023-12-13,1262
00632R,元大台灣50反1,416,81,335,宏遠-桃園,2023-12-14,1262
00919,群益台灣精選高息,244,22,222,宏遠-桃園,2023-12-14,1262
00937B,群益ESG投等債20,110,0,110,宏遠-桃園,2023-12-14,1262
1591,駿吉-KY,110,0,110,宏遠-桃園,2023-12-14,1262
00637L,元大滬深300正2,110,2,108,宏遠-桃園,2023-12-14,1262
00642U,期元大S＆P石油,200,102,98,宏遠-桃園,2023-12-14,1262
6112,邁達特,75,0,75,宏遠-桃園,2023-12-14,1262
00933B,國泰10Y+金融債,74,0,74,宏遠-桃園,2023-12-14,1262
3481,群創,71,0,71,宏遠-桃園,2023-12-14,1262
00751B,元大AAA至A公司債,70,0,70,宏遠-桃園,2023-12-14,1262
2421,建準,63,1,62,宏遠-桃園,2023-12-14,1262
8426,紅木-KY,80,25,55,宏遠-桃園,2023-12-14,1262
00931B,統一美債20年,50,0,50,宏遠-桃園,2023-12-14,1262
8103,瀚荃,50,0,50,宏遠-桃園,2023-12-14,1262
00638R,元大滬深300反1,34,2,32,宏遠-桃園,2023-12-14,1262
00688L,國泰20年美債正2,31,0,31,宏遠-桃園,2023-12-14,1262
1612,宏泰,44,13,31,宏遠-桃園,2023-12-14,1262
8011,台通,31,0,31,宏遠-桃園,2023-12-14,1262
5426,振發,53,23,30,宏遠-桃園,2023-12-14,1262
6546,正基,30,0,30,宏遠-桃園,2023-12-14,1262
4164,承業醫,28,0,28,宏遠-桃園,2023-12-14,1262
2208,台船,26,0,26,宏遠-桃園,2023-12-14,1262
00882,中信中國高股息,25,0,25,宏遠-桃園,2023-12-14,1262
2442,新美齊,25,0,25,宏遠-桃園,2023-12-14,1262
5432,新門,26,1,25,宏遠-桃園,2023-12-14,1262
00679B,元大美債20年,25,2,23,宏遠-桃園,2023-12-14,1262
3372,典範,23,0,23,宏遠-桃園,2023-12-14,1262
3363,上詮,21,0,21,宏遠-桃園,2023-12-14,1262
1618,合機,21,0,21,宏遠-桃園,2023-12-14,1262
00753L,中信中國50正2,20,0,20,宏遠-桃園,2023-12-14,1262
1339,昭輝,20,0,20,宏遠-桃園,2023-12-14,1262
6568,宏觀,19,0,19,宏遠-桃園,2023-12-14,1262
6176,瑞儀,16,0,16,宏遠-桃園,2023-12-14,1262
3484,崧騰,15,0,15,宏遠-桃園,2023-12-14,1262
00687B,國泰20年美債,13,0,13,宏遠-桃園,2023-12-14,1262
2610,華航,15,2,13,宏遠-桃園,2023-12-14,1262
00640L,富邦日本正2,14,3,11,宏遠-桃園,2023-12-14,1262
1444,力麗,10,0,10,宏遠-桃園,2023-12-14,1262
2367,燿華,12,2,10,宏遠-桃園,2023-12-14,1262
3071,協禧,10,0,10,宏遠-桃園,2023-12-14,1262
3357,臺慶科,10,0,10,宏遠-桃園,2023-12-14,1262
3664,安瑞-KY,10,0,10,宏遠-桃園,2023-12-14,1262
5324,士開,30,20,10,宏遠-桃園,2023-12-14,1262
00929,復華台灣科技優息,14,5,9,宏遠-桃園,2023-12-14,1262
00932,兆豐永續高息等權,10,1,9,宏遠-桃園,2023-12-14,1262
3062,建漢,12,3,9,宏遠-桃園,2023-12-14,1262
3707,漢磊,9,0,9,宏遠-桃園,2023-12-14,1262
8271,宇瞻,8,0,8,宏遠-桃園,2023-12-14,1262
2329,華泰,58,50,8,宏遠-桃園,2023-12-14,1262
2313,華通,36,29,7,宏遠-桃園,2023-12-14,1262
00632R,元大台灣50反1,256,34,222,宏遠-桃園,2023-12-15,1262
2014,中鴻,200,4,196,宏遠-桃園,2023-12-15,1262
00919,群益台灣精選高息,197,4,193,宏遠-桃園,2023-12-15,1262
2356,英業達,214,46,168,宏遠-桃園,2023-12-15,1262
2881,富邦金,157,13,144,宏遠-桃園,2023-12-15,1262
3372,典範,120,0,120,宏遠-桃園,2023-12-15,1262
2329,華泰,158,51,107,宏遠-桃園,2023-12-15,1262
2891,中信金,102,0,102,宏遠-桃園,2023-12-15,1262
00687B,國泰20年美債,92,6,86,宏遠-桃園,2023-12-15,1262
2022,聚亨,86,1,85,宏遠-桃園,2023-12-15,1262
6112,邁達特,79,3,76,宏遠-桃園,2023-12-15,1262
6176,瑞儀,67,0,67,宏遠-桃園,2023-12-15,1262
2476,鉅祥,51,0,51,宏遠-桃園,2023-12-15,1262
2363,矽統,77,30,47,宏遠-桃園,2023-12-15,1262
00637L,元大滬深300正2,158,114,44,宏遠-桃園,2023-12-15,1262
1612,宏泰,42,0,42,宏遠-桃園,2023-12-15,1262
5432,新門,60,20,40,宏遠-桃園,2023-12-15,1262
5202,力新,40,0,40,宏遠-桃園,2023-12-15,1262
3228,金麗科,39,5,34,宏遠-桃園,2023-12-15,1262
2883B,凱基金乙特,30,0,30,宏遠-桃園,2023-12-15,1262
3078,僑威,28,1,27,宏遠-桃園,2023-12-15,1262
2515,中工,30,5,25,宏遠-桃園,2023-12-15,1262
3390,旭軟,27,3,24,宏遠-桃園,2023-12-15,1262
3715,定穎投控,55,32,23,宏遠-桃園,2023-12-15,1262
3260,威剛,35,12,23,宏遠-桃園,2023-12-15,1262
00915,凱基優選高股息30,22,0,22,宏遠-桃園,2023-12-15,1262
00671R,富邦NASDAQ反1,20,0,20,宏遠-桃園,2023-12-15,1262
1339,昭輝,20,0,20,宏遠-桃園,2023-12-15,1262
00929,復華台灣科技優息,23,3,20,宏遠-桃園,2023-12-15,1262
1591,駿吉-KY,25,5,20,宏遠-桃園,2023-12-15,1262
2368,金像電,19,0,19,宏遠-桃園,2023-12-15,1262
00934,中信成長高股息,23,5,18,宏遠-桃園,2023-12-15,1262
6282,康舒,20,2,18,宏遠-桃園,2023-12-15,1262
2880,華南金,17,0,17,宏遠-桃園,2023-12-15,1262
1514,亞力,30,14,16,宏遠-桃園,2023-12-15,1262
6204,艾華,15,0,15,宏遠-桃園,2023-12-15,1262
2025,千興,15,1,14,宏遠-桃園,2023-12-15,1262
2009,第一銅,17,4,13,宏遠-桃園,2023-12-15,1262
1584,精剛,23,11,12,宏遠-桃園,2023-12-15,1262
6122,擎邦,12,0,12,宏遠-桃園,2023-12-15,1262
6416,瑞祺電通,12,0,12,宏遠-桃園,2023-12-15,1262
4908,前鼎,11,0,11,宏遠-桃園,2023-12-15,1262
00931B,統一美債20年,10,0,10,宏遠-桃園,2023-12-15,1262
2376,技嘉,11,1,10,宏遠-桃園,2023-12-15,1262
2913,農林,10,0,10,宏遠-桃園,2023-12-15,1262
3296,勝德,10,0,10,宏遠-桃園,2023-12-15,1262
6127,九豪,10,0,10,宏遠-桃園,2023-12-15,1262
8426,紅木-KY,10,0,10,宏遠-桃園,2023-12-15,1262
2498,宏達電,20,11,9,宏遠-桃園,2023-12-15,1262
8112,至上,11,3,8,宏遠-桃園,2023-12-15,1262
5347,世界,200,2,198,宏遠-桃園,2023-12-18,1262
00929,復華台灣科技優息,148,0,148,宏遠-桃園,2023-12-18,1262
1319,東陽,104,2,102,宏遠-桃園,2023-12-18,1262
00687B,國泰20年美債,94,1,93,宏遠-桃園,2023-12-18,1262
2618,長榮航,83,12,71,宏遠-桃園,2023-12-18,1262
2022,聚亨,108,41,67,宏遠-桃園,2023-12-18,1262
00715L,期街口布蘭特正2,60,0,60,宏遠-桃園,2023-12-18,1262
1339,昭輝,60,0,60,宏遠-桃園,2023-12-18,1262
2476,鉅祥,60,0,60,宏遠-桃園,2023-12-18,1262
00637L,元大滬深300正2,50,0,50,宏遠-桃園,2023-12-18,1262
2329,華泰,87,37,50,宏遠-桃園,2023-12-18,1262
5469,瀚宇博,50,0,50,宏遠-桃園,2023-12-18,1262
9919,康那香,47,0,47,宏遠-桃園,2023-12-18,1262
1612,宏泰,45,0,45,宏遠-桃園,2023-12-18,1262
00885,富邦越南,40,0,40,宏遠-桃園,2023-12-18,1262
2427,三商電,40,0,40,宏遠-桃園,2023-12-18,1262
6244,茂迪,36,0,36,宏遠-桃園,2023-12-18,1262
2603,長榮,38,5,33,宏遠-桃園,2023-12-18,1262
00680L,元大美債20正2,43,13,30,宏遠-桃園,2023-12-18,1262
2421,建準,30,0,30,宏遠-桃園,2023-12-18,1262
5426,振發,27,1,26,宏遠-桃園,2023-12-18,1262
00650L,復華香港正2,29,4,25,宏遠-桃園,2023-12-18,1262
1326,台化,20,0,20,宏遠-桃園,2023-12-18,1262
00919,群益台灣精選高息,51,31,20,宏遠-桃園,2023-12-18,1262
8426,紅木-KY,20,4,16,宏遠-桃園,2023-12-18,1262
00688L,國泰20年美債正2,25,10,15,宏遠-桃園,2023-12-18,1262
1907,永豐餘,15,0,15,宏遠-桃園,2023-12-18,1262
2498,宏達電,16,1,15,宏遠-桃園,2023-12-18,1262
3530,晶相光,15,0,15,宏遠-桃園,2023-12-18,1262
3207,耀勝,15,1,14,宏遠-桃園,2023-12-18,1262
6668,中揚光,18,4,14,宏遠-桃園,2023-12-18,1262
4746,台耀,17,3,14,宏遠-桃園,2023-12-18,1262
2038,海光,14,0,14,宏遠-桃園,2023-12-18,1262
00632R,元大台灣50反1,13,0,13,宏遠-桃園,2023-12-18,1262
5210,寶碩,13,0,13,宏遠-桃園,2023-12-18,1262
00934,中信成長高股息,12,0,12,宏遠-桃園,2023-12-18,1262
2363,矽統,18,6,12,宏遠-桃園,2023-12-18,1262
5439,高技,10,0,10,宏遠-桃園,2023-12-18,1262
3078,僑威,10,0,10,宏遠-桃園,2023-12-18,1262
3363,上詮,10,0,10,宏遠-桃園,2023-12-18,1262
8926,台汽電,10,0,10,宏遠-桃園,2023-12-18,1262
1325,恆大,14,5,9,宏遠-桃園,2023-12-18,1262
2352,佳世達,10,3,7,宏遠-桃園,2023-12-18,1262
3041,揚智,11,4,7,宏遠-桃園,2023-12-18,1262
3037,欣興,6,0,6,宏遠-桃園,2023-12-18,1262
00882,中信中國高股息,6,0,6,宏遠-桃園,2023-12-18,1262
1609,大亞,6,0,6,宏遠-桃園,2023-12-18,1262
3533,嘉澤,9,3,6,宏遠-桃園,2023-12-18,1262
4911,德英,6,0,6,宏遠-桃園,2023-12-18,1262
6568,宏觀,6,0,6,宏遠-桃園,2023-12-18,1262
00929,復華台灣科技優息,113,16,97,宏遠-桃園,2023-12-19,1262
9919,康那香,97,3,94,宏遠-桃園,2023-12-19,1262
6112,邁達特,94,1,93,宏遠-桃園,2023-12-19,1262
6176,瑞儀,88,0,88,宏遠-桃園,2023-12-19,1262
2022,聚亨,84,0,84,宏遠-桃園,2023-12-19,1262
2515,中工,73,0,73,宏遠-桃園,2023-12-19,1262
3481,群創,60,0,60,宏遠-桃園,2023-12-19,1262
2913,農林,100,50,50,宏遠-桃園,2023-12-19,1262
9105,泰金寶-DR,43,0,43,宏遠-桃園,2023-12-19,1262
2421,建準,41,1,40,宏遠-桃園,2023-12-19,1262
3532,台勝科,41,1,40,宏遠-桃園,2023-12-19,1262
2356,英業達,51,18,33,宏遠-桃園,2023-12-19,1262
00937B,群益ESG投等債20,33,0,33,宏遠-桃園,2023-12-19,1262
2363,矽統,34,5,29,宏遠-桃園,2023-12-19,1262
1612,宏泰,30,4,26,宏遠-桃園,2023-12-19,1262
00637L,元大滬深300正2,32,6,26,宏遠-桃園,2023-12-19,1262
3390,旭軟,29,3,26,宏遠-桃園,2023-12-19,1262
00934,中信成長高股息,23,0,23,宏遠-桃園,2023-12-19,1262
00688L,國泰20年美債正2,23,0,23,宏遠-桃園,2023-12-19,1262
00885,富邦越南,23,0,23,宏遠-桃園,2023-12-19,1262
5210,寶碩,36,13,23,宏遠-桃園,2023-12-19,1262
3228,金麗科,21,0,21,宏遠-桃園,2023-12-19,1262
2002,中鋼,22,1,21,宏遠-桃園,2023-12-19,1262
00799B,國泰A級醫療債,20,0,20,宏遠-桃園,2023-12-19,1262
1312,國喬,20,0,20,宏遠-桃園,2023-12-19,1262
1339,昭輝,20,0,20,宏遠-桃園,2023-12-19,1262
2427,三商電,20,0,20,宏遠-桃園,2023-12-19,1262
2476,鉅祥,20,0,20,宏遠-桃園,2023-12-19,1262
5432,新門,18,0,18,宏遠-桃園,2023-12-19,1262
2610,華航,29,14,15,宏遠-桃園,2023-12-19,1262
00919,群益台灣精選高息,48,34,14,宏遠-桃園,2023-12-19,1262
1519,華城,13,1,12,宏遠-桃園,2023-12-19,1262
6443,元晶,11,0,11,宏遠-桃園,2023-12-19,1262
2481,強茂,11,0,11,宏遠-桃園,2023-12-19,1262
2607,榮運,11,0,11,宏遠-桃園,2023-12-19,1262
3356,奇偶,23,12,11,宏遠-桃園,2023-12-19,1262
4908,前鼎,15,4,11,宏遠-桃園,2023-12-19,1262
4763,材料-KY,11,1,10,宏遠-桃園,2023-12-19,1262
00638R,元大滬深300反1,10,0,10,宏遠-桃園,2023-12-19,1262
2401,凌陽,56,46,10,宏遠-桃園,2023-12-19,1262
5324,士開,10,0,10,宏遠-桃園,2023-12-19,1262
8069,元太,10,0,10,宏遠-桃園,2023-12-19,1262
2324,仁寶,9,0,9,宏遠-桃園,2023-12-19,1262
8163,達方,10,1,9,宏遠-桃園,2023-12-19,1262
00720B,元大投資級公司債,8,0,8,宏遠-桃園,2023-12-19,1262
1618,合機,10,2,8,宏遠-桃園,2023-12-19,1262
2457,飛宏,12,4,8,宏遠-桃園,2023-12-19,1262
2645,長榮航太,8,0,8,宏遠-桃園,2023-12-19,1262
3266,昇陽,8,0,8,宏遠-桃園,2023-12-19,1262
0056,元大高股息,8,1,7,宏遠-桃園,2023-12-19,1262
00715L,期街口布蘭特正2,231,4,227,宏遠-桃園,2023-12-20,1262
8112,至上,62,0,62,宏遠-桃園,2023-12-20,1262
2233,宇隆,61,0,61,宏遠-桃園,2023-12-20,1262
9919,康那香,61,2,59,宏遠-桃園,2023-12-20,1262
00632R,元大台灣50反1,48,0,48,宏遠-桃園,2023-12-20,1262
5483,中美晶,47,0,47,宏遠-桃園,2023-12-20,1262
2913,農林,51,10,41,宏遠-桃園,2023-12-20,1262
5210,寶碩,34,3,31,宏遠-桃園,2023-12-20,1262
5351,鈺創,31,0,31,宏遠-桃園,2023-12-20,1262
00687B,國泰20年美債,31,1,30,宏遠-桃園,2023-12-20,1262
00720B,元大投資級公司債,23,0,23,宏遠-桃園,2023-12-20,1262
0055,元大MSCI金融,20,0,20,宏遠-桃園,2023-12-20,1262
2476,鉅祥,20,0,20,宏遠-桃園,2023-12-20,1262
3006,晶豪科,27,7,20,宏遠-桃園,2023-12-20,1262
00919,群益台灣精選高息,19,0,19,宏遠-桃園,2023-12-20,1262
1605,華新,19,0,19,宏遠-桃園,2023-12-20,1262
00679B,元大美債20年,21,2,19,宏遠-桃園,2023-12-20,1262
6176,瑞儀,19,0,19,宏遠-桃園,2023-12-20,1262
6204,艾華,15,0,15,宏遠-桃園,2023-12-20,1262
2605,新興,11,0,11,宏遠-桃園,2023-12-20,1262
1319,東陽,10,0,10,宏遠-桃園,2023-12-20,1262
2890,永豐金,10,0,10,宏遠-桃園,2023-12-20,1262
3715,定穎投控,11,1,10,宏遠-桃園,2023-12-20,1262
4906,正文,10,0,10,宏遠-桃園,2023-12-20,1262
4953,緯軟,10,0,10,宏遠-桃園,2023-12-20,1262
6668,中揚光,11,1,10,宏遠-桃園,2023-12-20,1262
6275,元山,10,1,9,宏遠-桃園,2023-12-20,1262
5521,工信,10,2,8,宏遠-桃園,2023-12-20,1262
1342,八貫,6,0,6,宏遠-桃園,2023-12-20,1262
3324,雙鴻,6,0,6,宏遠-桃園,2023-12-20,1262
5515,建國,6,0,6,宏遠-桃園,2023-12-20,1262
3035,智原,7,2,5,宏遠-桃園,2023-12-20,1262
1529,樂事綠能,5,0,5,宏遠-桃園,2023-12-20,1262
2002,中鋼,6,1,5,宏遠-桃園,2023-12-20,1262
2206,三陽工業,5,0,5,宏遠-桃園,2023-12-20,1262
2402,毅嘉,5,0,5,宏遠-桃園,2023-12-20,1262
2481,強茂,7,2,5,宏遠-桃園,2023-12-20,1262
3296,勝德,5,0,5,宏遠-桃園,2023-12-20,1262
4908,前鼎,9,4,5,宏遠-桃園,2023-12-20,1262
5410,國眾,12,7,5,宏遠-桃園,2023-12-20,1262
5522,遠雄,5,0,5,宏遠-桃園,2023-12-20,1262
6197,佳必琪,5,0,5,宏遠-桃園,2023-12-20,1262
2382,廣達,14,9,5,宏遠-桃園,2023-12-20,1262
1795,美時,4,0,4,宏遠-桃園,2023-12-20,1262
2007,燁興,6,2,4,宏遠-桃園,2023-12-20,1262
2368,金像電,4,0,4,宏遠-桃園,2023-12-20,1262
2880,華南金,4,0,4,宏遠-桃園,2023-12-20,1262
2892,第一金,4,0,4,宏遠-桃園,2023-12-20,1262
3260,威剛,14,10,4,宏遠-桃園,2023-12-20,1262
6156,松上,6,2,4,宏遠-桃園,2023-12-20,1262
2882,國泰金,201,0,201,宏遠-桃園,2023-12-21,1262
6245,立端,79,3,76,宏遠-桃園,2023-12-21,1262
00919,群益台灣精選高息,54,5,49,宏遠-桃園,2023-12-21,1262
00680L,元大美債20正2,45,2,43,宏遠-桃園,2023-12-21,1262
2303,聯電,42,7,35,宏遠-桃園,2023-12-21,1262
2331,精英,35,0,35,宏遠-桃園,2023-12-21,1262
00929,復華台灣科技優息,33,0,33,宏遠-桃園,2023-12-21,1262
2886,兆豐金,30,0,30,宏遠-桃園,2023-12-21,1262
1591,駿吉-KY,30,0,30,宏遠-桃園,2023-12-21,1262
5210,寶碩,48,20,28,宏遠-桃園,2023-12-21,1262
00638R,元大滬深300反1,24,0,24,宏遠-桃園,2023-12-21,1262
9105,泰金寶-DR,33,11,22,宏遠-桃園,2023-12-21,1262
4164,承業醫,21,0,21,宏遠-桃園,2023-12-21,1262
2615,萬海,26,6,20,宏遠-桃園,2023-12-21,1262
1618,合機,22,2,20,宏遠-桃園,2023-12-21,1262
5328,華容,20,0,20,宏遠-桃園,2023-12-21,1262
8103,瀚荃,20,0,20,宏遠-桃園,2023-12-21,1262
3035,智原,35,18,17,宏遠-桃園,2023-12-21,1262
2605,新興,22,10,12,宏遠-桃園,2023-12-21,1262
2542,興富發,11,0,11,宏遠-桃園,2023-12-21,1262
2419,仲琦,10,0,10,宏遠-桃園,2023-12-21,1262
2476,鉅祥,10,0,10,宏遠-桃園,2023-12-21,1262
3624,光頡,10,0,10,宏遠-桃園,2023-12-21,1262
4108,懷特,10,0,10,宏遠-桃園,2023-12-21,1262
00687B,國泰20年美債,9,0,9,宏遠-桃園,2023-12-21,1262
2891,中信金,10,1,9,宏遠-桃園,2023-12-21,1262
2515,中工,29,21,8,宏遠-桃園,2023-12-21,1262
5426,振發,8,0,8,宏遠-桃園,2023-12-21,1262
6695,芯鼎,8,0,8,宏遠-桃園,2023-12-21,1262
8112,至上,15,7,8,宏遠-桃園,2023-12-21,1262
2344,華邦電,10,2,8,宏遠-桃園,2023-12-21,1262
00640L,富邦日本正2,7,0,7,宏遠-桃園,2023-12-21,1262
00751B,元大AAA至A公司債,7,0,7,宏遠-桃園,2023-12-21,1262
2014,中鴻,17,10,7,宏遠-桃園,2023-12-21,1262
6204,艾華,8,1,7,宏遠-桃園,2023-12-21,1262
3005,神基,6,0,6,宏遠-桃園,2023-12-21,1262
8088,品安,6,0,6,宏遠-桃園,2023-12-21,1262
2330,台積電,5,0,5,宏遠-桃園,2023-12-21,1262
3034,聯詠,5,0,5,宏遠-桃園,2023-12-21,1262
00720B,元大投資級公司債,5,0,5,宏遠-桃園,2023-12-21,1262
1449,佳和,5,0,5,宏遠-桃園,2023-12-21,1262
2324,仁寶,97,92,5,宏遠-桃園,2023-12-21,1262
6271,同欣電,5,0,5,宏遠-桃園,2023-12-21,1262
6530,創威,5,0,5,宏遠-桃園,2023-12-21,1262
6603,富強鑫,5,0,5,宏遠-桃園,2023-12-21,1262
3260,威剛,9,4,5,宏遠-桃園,2023-12-21,1262
3715,定穎投控,4,0,4,宏遠-桃園,2023-12-21,1262
1316,上曜,4,0,4,宏遠-桃園,2023-12-21,1262
00931B,統一美債20年,4,0,4,宏遠-桃園,2023-12-21,1262
00650L,復華香港正2,10,6,4,宏遠-桃園,2023-12-21,1262
00720B,元大投資級公司債,55,2,53,宏遠-桃園,2023-12-22,1262
6245,立端,43,0,43,宏遠-桃園,2023-12-22,1262
2913,農林,30,0,30,宏遠-桃園,2023-12-22,1262
8103,瀚荃,30,0,30,宏遠-桃園,2023-12-22,1262
00650L,復華香港正2,43,14,29,宏遠-桃園,2023-12-22,1262
1618,合機,30,1,29,宏遠-桃園,2023-12-22,1262
2038,海光,25,0,25,宏遠-桃園,2023-12-22,1262
00878,國泰永續高股息,51,28,23,宏遠-桃園,2023-12-22,1262
00632R,元大台灣50反1,28,5,23,宏遠-桃園,2023-12-22,1262
8112,至上,20,0,20,宏遠-桃園,2023-12-22,1262
00680L,元大美債20正2,20,0,20,宏遠-桃園,2023-12-22,1262
2427,三商電,20,0,20,宏遠-桃園,2023-12-22,1262
6835,圓裕,15,0,15,宏遠-桃園,2023-12-22,1262
00931B,統一美債20年,12,0,12,宏遠-桃園,2023-12-22,1262
2356,英業達,22,10,12,宏遠-桃園,2023-12-22,1262
6568,宏觀,12,0,12,宏遠-桃園,2023-12-22,1262
00687B,國泰20年美債,10,0,10,宏遠-桃園,2023-12-22,1262
3390,旭軟,13,3,10,宏遠-桃園,2023-12-22,1262
00679B,元大美債20年,9,0,9,宏遠-桃園,2023-12-22,1262
2324,仁寶,59,50,9,宏遠-桃園,2023-12-22,1262
2363,矽統,15,6,9,宏遠-桃園,2023-12-22,1262
2388,威盛,11,2,9,宏遠-桃園,2023-12-22,1262
9924,福興,8,0,8,宏遠-桃園,2023-12-22,1262
2002,中鋼,10,3,7,宏遠-桃園,2023-12-22,1262
2515,中工,7,0,7,宏遠-桃園,2023-12-22,1262
3264,欣銓,7,0,7,宏遠-桃園,2023-12-22,1262
4164,承業醫,7,0,7,宏遠-桃園,2023-12-22,1262
5009,榮剛,7,0,7,宏遠-桃園,2023-12-22,1262
5521,工信,7,0,7,宏遠-桃園,2023-12-22,1262
6742,澤米,7,0,7,宏遠-桃園,2023-12-22,1262
3037,欣興,7,1,6,宏遠-桃園,2023-12-22,1262
00900,富邦特選高股息30,6,0,6,宏遠-桃園,2023-12-22,1262
2382,廣達,12,6,6,宏遠-桃園,2023-12-22,1262
2881,富邦金,6,0,6,宏遠-桃園,2023-12-22,1262
4743,合一,6,0,6,宏遠-桃園,2023-12-22,1262
4935,茂林-KY,6,0,6,宏遠-桃園,2023-12-22,1262
5439,高技,6,0,6,宏遠-桃園,2023-12-22,1262
8110,華東,6,0,6,宏遠-桃園,2023-12-22,1262
2313,華通,5,0,5,宏遠-桃園,2023-12-22,1262
00933B,國泰10Y+金融債,5,0,5,宏遠-桃園,2023-12-22,1262
1312,國喬,5,0,5,宏遠-桃園,2023-12-22,1262
1326,台化,5,0,5,宏遠-桃園,2023-12-22,1262
1609,大亞,5,0,5,宏遠-桃園,2023-12-22,1262
2206,三陽工業,5,0,5,宏遠-桃園,2023-12-22,1262
3062,建漢,5,0,5,宏遠-桃園,2023-12-22,1262
5344,立衛,5,0,5,宏遠-桃園,2023-12-22,1262
6270,倍微,5,0,5,宏遠-桃園,2023-12-22,1262
6275,元山,5,0,5,宏遠-桃園,2023-12-22,1262
7402,邑錡,5,0,5,宏遠-桃園,2023-12-22,1262
2327,國巨,4,0,4,宏遠-桃園,2023-12-22,1262
2331,精英,123,3,120,宏遠-桃園,2023-12-25,1262
00715L,期街口布蘭特正2,50,0,50,宏遠-桃園,2023-12-25,1262
2489,瑞軒,50,0,50,宏遠-桃園,2023-12-25,1262
6116,彩晶,50,6,44,宏遠-桃園,2023-12-25,1262
00679B,元大美債20年,29,0,29,宏遠-桃園,2023-12-25,1262
00919,群益台灣精選高息,29,0,29,宏遠-桃園,2023-12-25,1262
8112,至上,25,0,25,宏遠-桃園,2023-12-25,1262
3481,群創,78,53,25,宏遠-桃園,2023-12-25,1262
9105,泰金寶-DR,25,0,25,宏遠-桃園,2023-12-25,1262
6546,正基,25,0,25,宏遠-桃園,2023-12-25,1262
2609,陽明,58,37,21,宏遠-桃園,2023-12-25,1262
2369,菱生,20,0,20,宏遠-桃園,2023-12-25,1262
3287,廣寰科,20,0,20,宏遠-桃園,2023-12-25,1262
00720B,元大投資級公司債,18,0,18,宏遠-桃園,2023-12-25,1262
2344,華邦電,18,0,18,宏遠-桃園,2023-12-25,1262
6645,金萬林-創,17,0,17,宏遠-桃園,2023-12-25,1262
00891,中信關鍵半導體,14,0,14,宏遠-桃園,2023-12-25,1262
00929,復華台灣科技優息,14,0,14,宏遠-桃園,2023-12-25,1262
00687B,國泰20年美債,14,0,14,宏遠-桃園,2023-12-25,1262
1312,國喬,15,2,13,宏遠-桃園,2023-12-25,1262
2607,榮運,14,1,13,宏遠-桃園,2023-12-25,1262
2605,新興,12,0,12,宏遠-桃園,2023-12-25,1262
3390,旭軟,11,0,11,宏遠-桃園,2023-12-25,1262
2353,宏��,20,10,10,宏遠-桃園,2023-12-25,1262
6285,啟��,10,0,10,宏遠-桃園,2023-12-25,1262
00937B,群益ESG投等債20,10,0,10,宏遠-桃園,2023-12-25,1262
1325,恆大,10,0,10,宏遠-桃園,2023-12-25,1262
00637L,元大滬深300正2,14,4,10,宏遠-桃園,2023-12-25,1262
00632R,元大台灣50反1,14,4,10,宏遠-桃園,2023-12-25,1262
2363,矽統,13,3,10,宏遠-桃園,2023-12-25,1262
3325,旭品,10,1,9,宏遠-桃園,2023-12-25,1262
6176,瑞儀,12,3,9,宏遠-桃園,2023-12-25,1262
00900,富邦特選高股息30,8,0,8,宏遠-桃園,2023-12-25,1262
6550,北極星藥業-KY,9,1,8,宏遠-桃園,2023-12-25,1262
2312,金寶,7,0,7,宏遠-桃園,2023-12-25,1262
1795,美時,12,5,7,宏遠-桃園,2023-12-25,1262
2017,官田鋼,6,0,6,宏遠-桃園,2023-12-25,1262
2515,中工,8,2,6,宏遠-桃園,2023-12-25,1262
5309,系統電,6,0,6,宏遠-桃園,2023-12-25,1262
2617,台航,5,0,5,宏遠-桃園,2023-12-25,1262
5344,立衛,5,0,5,宏遠-桃園,2023-12-25,1262
6168,宏齊,11,6,5,宏遠-桃園,2023-12-25,1262
6568,宏觀,5,0,5,宏遠-桃園,2023-12-25,1262
9904,寶成,5,0,5,宏遠-桃園,2023-12-25,1262
9940,信義,5,0,5,宏遠-桃園,2023-12-25,1262
5425,台半,5,0,5,宏遠-桃園,2023-12-25,1262
00751B,元大AAA至A公司債,4,0,4,宏遠-桃園,2023-12-25,1262
00724B,群益投資級金融債,4,0,4,宏遠-桃園,2023-12-25,1262
1342,八貫,4,0,4,宏遠-桃園,2023-12-25,1262
00933B,國泰10Y+金融債,4,0,4,宏遠-桃園,2023-12-25,1262
00632R,元大台灣50反1,226,0,226,宏遠-桃園,2023-12-26,1262
8426,紅木-KY,102,0,102,宏遠-桃園,2023-12-26,1262
00683L,期元大美元指正2,100,0,100,宏遠-桃園,2023-12-26,1262
2476,鉅祥,100,0,100,宏遠-桃園,2023-12-26,1262
2913,農林,80,0,80,宏遠-桃園,2023-12-26,1262
6176,瑞儀,60,0,60,宏遠-桃園,2023-12-26,1262
1444,力麗,30,0,30,宏遠-桃園,2023-12-26,1262
1618,合機,30,5,25,宏遠-桃園,2023-12-26,1262
1582,信錦,21,0,21,宏遠-桃園,2023-12-26,1262
4979,華星光,19,0,19,宏遠-桃園,2023-12-26,1262
00654R,富邦印度反1,15,0,15,宏遠-桃園,2023-12-26,1262
5210,寶碩,25,10,15,宏遠-桃園,2023-12-26,1262
00720B,元大投資級公司債,14,0,14,宏遠-桃園,2023-12-26,1262
2610,華航,12,0,12,宏遠-桃園,2023-12-26,1262
00919,群益台灣精選高息,19,8,11,宏遠-桃園,2023-12-26,1262
2356,英業達,15,4,11,宏遠-桃園,2023-12-26,1262
6684,安格,16,5,11,宏遠-桃園,2023-12-26,1262
8163,達方,11,0,11,宏遠-桃園,2023-12-26,1262
1339,昭輝,10,0,10,宏遠-桃園,2023-12-26,1262
1522,堤維西,10,0,10,宏遠-桃園,2023-12-26,1262
1721,三晃,10,0,10,宏遠-桃園,2023-12-26,1262
2032,新鋼,10,0,10,宏遠-桃園,2023-12-26,1262
00929,復華台灣科技優息,11,1,10,宏遠-桃園,2023-12-26,1262
2603,長榮,33,24,9,宏遠-桃園,2023-12-26,1262
2449,京元電子,8,0,8,宏遠-桃園,2023-12-26,1262
3041,揚智,13,5,8,宏遠-桃園,2023-12-26,1262
4958,臻鼎-KY,8,0,8,宏遠-桃園,2023-12-26,1262
6284,佳邦,8,0,8,宏遠-桃園,2023-12-26,1262
2881,富邦金,6,0,6,宏遠-桃園,2023-12-26,1262
3260,威剛,10,4,6,宏遠-桃園,2023-12-26,1262
1524,耿鼎,7,1,6,宏遠-桃園,2023-12-26,1262
3176,基亞,6,0,6,宏遠-桃園,2023-12-26,1262
5009,榮剛,6,0,6,宏遠-桃園,2023-12-26,1262
5388,中磊,6,0,6,宏遠-桃園,2023-12-26,1262
6269,台郡,6,0,6,宏遠-桃園,2023-12-26,1262
1519,華城,25,20,5,宏遠-桃園,2023-12-26,1262
1101,台泥,5,0,5,宏遠-桃園,2023-12-26,1262
00688L,國泰20年美債正2,5,0,5,宏遠-桃園,2023-12-26,1262
1605,華新,5,0,5,宏遠-桃園,2023-12-26,1262
1815,富喬,5,0,5,宏遠-桃園,2023-12-26,1262
2314,台揚,5,0,5,宏遠-桃園,2023-12-26,1262
2363,矽統,5,0,5,宏遠-桃園,2023-12-26,1262
2412,中華電,5,0,5,宏遠-桃園,2023-12-26,1262
3078,僑威,5,0,5,宏遠-桃園,2023-12-26,1262
3607,谷崧,5,0,5,宏遠-桃園,2023-12-26,1262
6170,統振,8,3,5,宏遠-桃園,2023-12-26,1262
6187,萬潤,5,0,5,宏遠-桃園,2023-12-26,1262
8039,台虹,14,9,5,宏遠-桃園,2023-12-26,1262
8054,安國,5,0,5,宏遠-桃園,2023-12-26,1262
00640L,富邦日本正2,4,0,4,宏遠-桃園,2023-12-26,1262
2882,國泰金,500,0,500,宏遠-桃園,2023-12-27,1262
00632R,元大台灣50反1,353,100,253,宏遠-桃園,2023-12-27,1262
5347,世界,200,1,199,宏遠-桃園,2023-12-27,1262
5210,寶碩,78,0,78,宏遠-桃園,2023-12-27,1262
3035,智原,66,4,62,宏遠-桃園,2023-12-27,1262
3532,台勝科,62,1,61,宏遠-桃園,2023-12-27,1262
8426,紅木-KY,53,0,53,宏遠-桃園,2023-12-27,1262
1522,堤維西,50,0,50,宏遠-桃園,2023-12-27,1262
0056,元大高股息,50,2,48,宏遠-桃園,2023-12-27,1262
6288,聯嘉,41,0,41,宏遠-桃園,2023-12-27,1262
2329,華泰,41,1,40,宏遠-桃園,2023-12-27,1262
8028,昇陽半導體,40,0,40,宏遠-桃園,2023-12-27,1262
1612,宏泰,35,4,31,宏遠-桃園,2023-12-27,1262
2337,旺宏,30,0,30,宏遠-桃園,2023-12-27,1262
6568,宏觀,30,0,30,宏遠-桃園,2023-12-27,1262
00937B,群益ESG投等債20,23,0,23,宏遠-桃園,2023-12-27,1262
2328,廣宇,20,0,20,宏遠-桃園,2023-12-27,1262
2476,鉅祥,20,0,20,宏遠-桃園,2023-12-27,1262
3622,洋華,20,0,20,宏遠-桃園,2023-12-27,1262
00687B,國泰20年美債,16,0,16,宏遠-桃園,2023-12-27,1262
1582,信錦,14,1,13,宏遠-桃園,2023-12-27,1262
6191,精成科,13,0,13,宏遠-桃園,2023-12-27,1262
3715,定穎投控,11,0,11,宏遠-桃園,2023-12-27,1262
4108,懷特,11,0,11,宏遠-桃園,2023-12-27,1262
5425,台半,12,1,11,宏遠-桃園,2023-12-27,1262
1319,東陽,10,0,10,宏遠-桃園,2023-12-27,1262
1721,三晃,10,0,10,宏遠-桃園,2023-12-27,1262
2032,新鋼,11,1,10,宏遠-桃園,2023-12-27,1262
8358,金居,10,0,10,宏遠-桃園,2023-12-27,1262
2610,華航,9,0,9,宏遠-桃園,2023-12-27,1262
3484,崧騰,9,0,9,宏遠-桃園,2023-12-27,1262
2605,新興,9,0,9,宏遠-桃園,2023-12-27,1262
2014,中鴻,12,4,8,宏遠-桃園,2023-12-27,1262
4906,正文,8,0,8,宏遠-桃園,2023-12-27,1262
6168,宏齊,8,0,8,宏遠-桃園,2023-12-27,1262
2405,輔信,13,6,7,宏遠-桃園,2023-12-27,1262
2436,偉詮電,12,5,7,宏遠-桃園,2023-12-27,1262
6668,中揚光,7,0,7,宏遠-桃園,2023-12-27,1262
00891,中信關鍵半導體,7,1,6,宏遠-桃園,2023-12-27,1262
2618,長榮航,7,1,6,宏遠-桃園,2023-12-27,1262
3094,聯傑,15,9,6,宏遠-桃園,2023-12-27,1262
5522,遠雄,6,0,6,宏遠-桃園,2023-12-27,1262
00712,復華富時不動產,5,0,5,宏遠-桃園,2023-12-27,1262
00688L,國泰20年美債正2,5,0,5,宏遠-桃園,2023-12-27,1262
1519,華城,5,0,5,宏遠-桃園,2023-12-27,1262
2352,佳世達,5,0,5,宏遠-桃園,2023-12-27,1262
2362,藍天,12,7,5,宏遠-桃園,2023-12-27,1262
2464,盟立,5,0,5,宏遠-桃園,2023-12-27,1262
2883,凱基金,7,2,5,宏遠-桃園,2023-12-27,1262
3049,精金,5,0,5,宏遠-桃園,2023-12-27,1262
00715L,期街口布蘭特正2,113,0,113,宏遠-桃園,2023-12-28,1262
00683L,期元大美元指正2,100,0,100,宏遠-桃園,2023-12-28,1262
5426,振發,81,0,81,宏遠-桃園,2023-12-28,1262
00919,群益台灣精選高息,80,2,78,宏遠-桃園,2023-12-28,1262
00937B,群益ESG投等債20,73,0,73,宏遠-桃園,2023-12-28,1262
2516,新建,55,0,55,宏遠-桃園,2023-12-28,1262
1582,信錦,57,6,51,宏遠-桃園,2023-12-28,1262
1319,東陽,32,0,32,宏遠-桃園,2023-12-28,1262
3481,群創,27,0,27,宏遠-桃園,2023-12-28,1262
00638R,元大滬深300反1,27,5,22,宏遠-桃園,2023-12-28,1262
00687B,國泰20年美債,21,0,21,宏遠-桃園,2023-12-28,1262
1314,中石化,20,0,20,宏遠-桃園,2023-12-28,1262
4908,前鼎,20,0,20,宏遠-桃園,2023-12-28,1262
00882,中信中國高股息,24,5,19,宏遠-桃園,2023-12-28,1262
6799,來頡,23,4,19,宏遠-桃園,2023-12-28,1262
2610,華航,22,5,17,宏遠-桃園,2023-12-28,1262
2609,陽明,50,34,16,宏遠-桃園,2023-12-28,1262
00888,永豐台灣ESG,15,0,15,宏遠-桃園,2023-12-28,1262
2002,中鋼,15,0,15,宏遠-桃園,2023-12-28,1262
2365,昆盈,29,14,15,宏遠-桃園,2023-12-28,1262
1612,宏泰,14,0,14,宏遠-桃園,2023-12-28,1262
00688L,國泰20年美債正2,23,10,13,宏遠-桃園,2023-12-28,1262
6901,鑽石投資,14,1,13,宏遠-桃園,2023-12-28,1262
2405,輔信,12,1,11,宏遠-桃園,2023-12-28,1262
00923,群益台ESG低碳50,10,0,10,宏遠-桃園,2023-12-28,1262
00922,國泰台灣領袖50,10,0,10,宏遠-桃園,2023-12-28,1262
00930,永豐ESG低碳高息,10,0,10,宏遠-桃園,2023-12-28,1262
1101,台泥,10,0,10,宏遠-桃園,2023-12-28,1262
1325,恆大,10,0,10,宏遠-桃園,2023-12-28,1262
2104,國際中橡,10,0,10,宏遠-桃園,2023-12-28,1262
2485,兆赫,10,0,10,宏遠-桃園,2023-12-28,1262
2489,瑞軒,10,0,10,宏遠-桃園,2023-12-28,1262
5225,東科-KY,10,0,10,宏遠-桃園,2023-12-28,1262
2353,宏��,54,46,8,宏遠-桃園,2023-12-28,1262
6209,今國光,8,0,8,宏遠-桃園,2023-12-28,1262
3006,晶豪科,13,6,7,宏遠-桃園,2023-12-28,1262
6122,擎邦,7,0,7,宏遠-桃園,2023-12-28,1262
6288,聯嘉,7,0,7,宏遠-桃園,2023-12-28,1262
2032,新鋼,6,0,6,宏遠-桃園,2023-12-28,1262
2324,仁寶,112,106,6,宏遠-桃園,2023-12-28,1262
2363,矽統,6,0,6,宏遠-桃園,2023-12-28,1262
1514,亞力,29,23,6,宏遠-桃園,2023-12-28,1262
2344,華邦電,26,20,6,宏遠-桃園,2023-12-28,1262
00712,復華富時不動產,5,0,5,宏遠-桃園,2023-12-28,1262
3041,揚智,10,5,5,宏遠-桃園,2023-12-28,1262
3062,建漢,5,0,5,宏遠-桃園,2023-12-28,1262
4953,緯軟,6,1,5,宏遠-桃園,2023-12-28,1262
5439,高技,5,0,5,宏遠-桃園,2023-12-28,1262
9105,泰金寶-DR,5,0,5,宏遠-桃園,2023-12-28,1262
2301,光寶科,11,7,4,宏遠-桃園,2023-12-28,1262
5210,寶碩,120,0,120,宏遠-桃園,2023-12-29,1262
8426,紅木-KY,90,0,90,宏遠-桃園,2023-12-29,1262
00715L,期街口布蘭特正2,158,77,81,宏遠-桃園,2023-12-29,1262
00753L,中信中國50正2,50,0,50,宏遠-桃園,2023-12-29,1262
00722B,群益投資級電信債,40,0,40,宏遠-桃園,2023-12-29,1262
6245,立端,36,1,35,宏遠-桃園,2023-12-29,1262
00937B,群益ESG投等債20,31,0,31,宏遠-桃園,2023-12-29,1262
00934,中信成長高股息,30,2,28,宏遠-桃園,2023-12-29,1262
2443,昶虹,26,0,26,宏遠-桃園,2023-12-29,1262
3006,晶豪科,28,7,21,宏遠-桃園,2023-12-29,1262
00931B,統一美債20年,20,0,20,宏遠-桃園,2023-12-29,1262
00752,中信中國50,20,0,20,宏遠-桃園,2023-12-29,1262
3005,神基,20,0,20,宏遠-桃園,2023-12-29,1262
2515,中工,19,1,18,宏遠-桃園,2023-12-29,1262
00638R,元大滬深300反1,15,2,13,宏遠-桃園,2023-12-29,1262
1524,耿鼎,11,0,11,宏遠-桃園,2023-12-29,1262
00654R,富邦印度反1,11,0,11,宏遠-桃園,2023-12-29,1262
00687B,國泰20年美債,12,2,10,宏遠-桃園,2023-12-29,1262
3450,聯鈞,10,0,10,宏遠-桃園,2023-12-29,1262
1514,亞力,33,24,9,宏遠-桃園,2023-12-29,1262
2371,大同,9,0,9,宏遠-桃園,2023-12-29,1262
2388,威盛,11,2,9,宏遠-桃園,2023-12-29,1262
6125,廣運,69,61,8,宏遠-桃園,2023-12-29,1262
1519,華城,25,18,7,宏遠-桃園,2023-12-29,1262
00751B,元大AAA至A公司債,7,0,7,宏遠-桃園,2023-12-29,1262
1605,華新,7,0,7,宏遠-桃園,2023-12-29,1262
3260,威剛,35,28,7,宏遠-桃園,2023-12-29,1262
00929,復華台灣科技優息,6,0,6,宏遠-桃園,2023-12-29,1262
1560,中砂,6,0,6,宏遠-桃園,2023-12-29,1262
3176,基亞,6,0,6,宏遠-桃園,2023-12-29,1262
6246,臺龍,6,0,6,宏遠-桃園,2023-12-29,1262
00665L,富邦�琤肭磪囓�2,185,180,5,宏遠-桃園,2023-12-29,1262
00720B,元大投資級公司債,5,0,5,宏遠-桃園,2023-12-29,1262
2032,新鋼,5,0,5,宏遠-桃園,2023-12-29,1262
2301,光寶科,5,0,5,宏遠-桃園,2023-12-29,1262
2337,旺宏,5,0,5,宏遠-桃園,2023-12-29,1262
2455,全新,5,0,5,宏遠-桃園,2023-12-29,1262
2481,強茂,5,0,5,宏遠-桃園,2023-12-29,1262
3024,憶聲,16,11,5,宏遠-桃園,2023-12-29,1262
3030,德律,5,0,5,宏遠-桃園,2023-12-29,1262
3296,勝德,5,0,5,宏遠-桃園,2023-12-29,1262
3374,精材,5,0,5,宏遠-桃園,2023-12-29,1262
3706,神達,5,0,5,宏遠-桃園,2023-12-29,1262
9924,福興,5,1,4,宏遠-桃園,2023-12-29,1262
1460,宏遠,4,0,4,宏遠-桃園,2023-12-29,1262
1591,駿吉-KY,4,0,4,宏遠-桃園,2023-12-29,1262
2014,中鴻,4,0,4,宏遠-桃園,2023-12-29,1262
2393,億光,4,0,4,宏遠-桃園,2023-12-29,1262
2425,承啟,4,0,4,宏遠-桃園,2023-12-29,1262
3041,揚智,4,0,4,宏遠-桃園,2023-12-29,1262
00720B,元大投資級公司債,74,0,74,宏遠-桃園,2024-01-02,1262
6245,立端,58,0,58,宏遠-桃園,2024-01-02,1262
00632R,元大台灣50反1,53,1,52,宏遠-桃園,2024-01-02,1262
1522,堤維西,45,0,45,宏遠-桃園,2024-01-02,1262
00929,復華台灣科技優息,43,0,43,宏遠-桃園,2024-01-02,1262
2353,宏��,55,14,41,宏遠-桃園,2024-01-02,1262
3532,台勝科,41,0,41,宏遠-桃園,2024-01-02,1262
2609,陽明,72,31,41,宏遠-桃園,2024-01-02,1262
2303,聯電,56,17,39,宏遠-桃園,2024-01-02,1262
5426,振發,39,0,39,宏遠-桃園,2024-01-02,1262
6231,系微,29,0,29,宏遠-桃園,2024-01-02,1262
0056,元大高股息,30,4,26,宏遠-桃園,2024-01-02,1262
4906,正文,26,0,26,宏遠-桃園,2024-01-02,1262
00923,群益台ESG低碳50,23,0,23,宏遠-桃園,2024-01-02,1262
00878,國泰永續高股息,49,28,21,宏遠-桃園,2024-01-02,1262
2105,正新,21,0,21,宏遠-桃園,2024-01-02,1262
00922,國泰台灣領袖50,20,0,20,宏遠-桃園,2024-01-02,1262
2002,中鋼,31,11,20,宏遠-桃園,2024-01-02,1262
00918,大華優利高填息30,20,1,19,宏遠-桃園,2024-01-02,1262
1584,精剛,19,0,19,宏遠-桃園,2024-01-02,1262
00937B,群益ESG投等債20,18,0,18,宏遠-桃園,2024-01-02,1262
00930,永豐ESG低碳高息,18,0,18,宏遠-桃園,2024-01-02,1262
00687B,國泰20年美債,47,30,17,宏遠-桃園,2024-01-02,1262
00888,永豐台灣ESG,17,0,17,宏遠-桃園,2024-01-02,1262
3231,緯創,26,9,17,宏遠-桃園,2024-01-02,1262
00772B,中信高評級公司債,26,10,16,宏遠-桃園,2024-01-02,1262
1605,華新,15,0,15,宏遠-桃園,2024-01-02,1262
2382,廣達,15,1,14,宏遠-桃園,2024-01-02,1262
5388,中磊,15,1,14,宏遠-桃園,2024-01-02,1262
6568,宏觀,14,0,14,宏遠-桃園,2024-01-02,1262
00679B,元大美債20年,13,0,13,宏遠-桃園,2024-01-02,1262
2329,華泰,15,3,12,宏遠-桃園,2024-01-02,1262
2486,一詮,22,10,12,宏遠-桃園,2024-01-02,1262
4401,東隆興,12,0,12,宏遠-桃園,2024-01-02,1262
2607,榮運,11,0,11,宏遠-桃園,2024-01-02,1262
00712,復華富時不動產,11,0,11,宏遠-桃園,2024-01-02,1262
00633L,富邦上証正2,10,0,10,宏遠-桃園,2024-01-02,1262
00722B,群益投資級電信債,10,0,10,宏遠-桃園,2024-01-02,1262
00753L,中信中國50正2,10,0,10,宏遠-桃園,2024-01-02,1262
2101,南港,10,0,10,宏遠-桃園,2024-01-02,1262
2314,台揚,10,0,10,宏遠-桃園,2024-01-02,1262
2476,鉅祥,10,0,10,宏遠-桃園,2024-01-02,1262
2485,兆赫,10,0,10,宏遠-桃園,2024-01-02,1262
2641,正德,10,0,10,宏遠-桃園,2024-01-02,1262
3024,憶聲,10,0,10,宏遠-桃園,2024-01-02,1262
3207,耀勝,10,0,10,宏遠-桃園,2024-01-02,1262
4108,懷特,10,0,10,宏遠-桃園,2024-01-02,1262
6015,宏遠證,10,0,10,宏遠-桃園,2024-01-02,1262
9105,泰金寶-DR,10,0,10,宏遠-桃園,2024-01-02,1262
1569,濱川,9,0,9,宏遠-桃園,2024-01-02,1262
1314,中石化,136,0,136,宏遠-桃園,2024-01-03,1262
5426,振發,138,3,135,宏遠-桃園,2024-01-03,1262
00715L,期街口布蘭特正2,207,100,107,宏遠-桃園,2024-01-03,1262
9934,成霖,87,6,81,宏遠-桃園,2024-01-03,1262
4906,正文,75,1,74,宏遠-桃園,2024-01-03,1262
00915,凱基優選高股息30,72,0,72,宏遠-桃園,2024-01-03,1262
00878,國泰永續高股息,60,0,60,宏遠-桃園,2024-01-03,1262
2476,鉅祥,32,0,32,宏遠-桃園,2024-01-03,1262
5210,寶碩,32,0,32,宏遠-桃園,2024-01-03,1262
00687B,國泰20年美債,31,0,31,宏遠-桃園,2024-01-03,1262
2406,國碩,30,0,30,宏遠-桃園,2024-01-03,1262
2002,中鋼,30,1,29,宏遠-桃園,2024-01-03,1262
00720B,元大投資級公司債,29,0,29,宏遠-桃園,2024-01-03,1262
00934,中信成長高股息,28,0,28,宏遠-桃園,2024-01-03,1262
00937B,群益ESG投等債20,23,0,23,宏遠-桃園,2024-01-03,1262
2498,宏達電,23,0,23,宏遠-桃園,2024-01-03,1262
2610,華航,22,1,21,宏遠-桃園,2024-01-03,1262
1309,台達化,20,0,20,宏遠-桃園,2024-01-03,1262
1444,力麗,20,0,20,宏遠-桃園,2024-01-03,1262
3217,優群,24,4,20,宏遠-桃園,2024-01-03,1262
0056,元大高股息,20,0,20,宏遠-桃園,2024-01-03,1262
2748,雲品,20,1,19,宏遠-桃園,2024-01-03,1262
2516,新建,22,5,17,宏遠-桃園,2024-01-03,1262
6568,宏觀,16,0,16,宏遠-桃園,2024-01-03,1262
4114,健喬,15,1,14,宏遠-桃園,2024-01-03,1262
1569,濱川,17,4,13,宏遠-桃園,2024-01-03,1262
00680L,元大美債20正2,12,0,12,宏遠-桃園,2024-01-03,1262
6235,華孚,13,1,12,宏遠-桃園,2024-01-03,1262
0050,元大台灣50,11,0,11,宏遠-桃園,2024-01-03,1262
3402,漢科,11,0,11,宏遠-桃園,2024-01-03,1262
00650L,復華香港正2,10,0,10,宏遠-桃園,2024-01-03,1262
2344,華邦電,10,0,10,宏遠-桃園,2024-01-03,1262
3041,揚智,13,3,10,宏遠-桃園,2024-01-03,1262
3062,建漢,13,3,10,宏遠-桃園,2024-01-03,1262
3260,威剛,12,2,10,宏遠-桃園,2024-01-03,1262
3450,聯鈞,10,0,10,宏遠-桃園,2024-01-03,1262
1524,耿鼎,9,0,9,宏遠-桃園,2024-01-03,1262
3078,僑威,9,0,9,宏遠-桃園,2024-01-03,1262
3390,旭軟,25,16,9,宏遠-桃園,2024-01-03,1262
8299,群聯,9,0,9,宏遠-桃園,2024-01-03,1262
2308,台達電,8,0,8,宏遠-桃園,2024-01-03,1262
1513,中興電,10,2,8,宏遠-桃園,2024-01-03,1262
00918,大華優利高填息30,8,0,8,宏遠-桃園,2024-01-03,1262
1326,台化,8,0,8,宏遠-桃園,2024-01-03,1262
6116,彩晶,8,0,8,宏遠-桃園,2024-01-03,1262
00712,復華富時不動產,7,0,7,宏遠-桃園,2024-01-03,1262
2885,元大金,10,3,7,宏遠-桃園,2024-01-03,1262
4401,東隆興,7,0,7,宏遠-桃園,2024-01-03,1262
5285,界霖,7,0,7,宏遠-桃園,2024-01-03,1262
8163,達方,10,3,7,宏遠-桃園,2024-01-03,1262
9103,美德醫療-DR,725,125,600,宏遠-桃園,2024-01-04,1262
2516,新建,300,0,300,宏遠-桃園,2024-01-04,1262
5210,寶碩,95,0,95,宏遠-桃園,2024-01-04,1262
00688L,國泰20年美債正2,51,0,51,宏遠-桃園,2024-01-04,1262
00919,群益台灣精選高息,106,65,41,宏遠-桃園,2024-01-04,1262
4906,正文,40,1,39,宏遠-桃園,2024-01-04,1262
1314,中石化,38,0,38,宏遠-桃園,2024-01-04,1262
3078,僑威,34,0,34,宏遠-桃園,2024-01-04,1262
00720B,元大投資級公司債,33,1,32,宏遠-桃園,2024-01-04,1262
00712,復華富時不動產,31,0,31,宏遠-桃園,2024-01-04,1262
2323,中環,31,0,31,宏遠-桃園,2024-01-04,1262
00638R,元大滬深300反1,30,0,30,宏遠-桃園,2024-01-04,1262
2406,國碩,30,0,30,宏遠-桃園,2024-01-04,1262
2303,聯電,45,21,24,宏遠-桃園,2024-01-04,1262
1582,信錦,20,0,20,宏遠-桃園,2024-01-04,1262
00937B,群益ESG投等債20,18,0,18,宏遠-桃園,2024-01-04,1262
8046,南電,16,0,16,宏遠-桃園,2024-01-04,1262
2486,一詮,16,1,15,宏遠-桃園,2024-01-04,1262
00637L,元大滬深300正2,14,0,14,宏遠-桃園,2024-01-04,1262
2383,台光電,14,1,13,宏遠-桃園,2024-01-04,1262
2002,中鋼,12,0,12,宏遠-桃園,2024-01-04,1262
2498,宏達電,12,0,12,宏遠-桃園,2024-01-04,1262
5388,中磊,12,0,12,宏遠-桃園,2024-01-04,1262
00687B,國泰20年美債,11,0,11,宏遠-桃園,2024-01-04,1262
9919,康那香,31,20,11,宏遠-桃園,2024-01-04,1262
2449,京元電子,10,0,10,宏遠-桃園,2024-01-04,1262
1519,華城,25,15,10,宏遠-桃園,2024-01-04,1262
00915,凱基優選高股息30,10,0,10,宏遠-桃園,2024-01-04,1262
00891,中信關鍵半導體,10,0,10,宏遠-桃園,2024-01-04,1262
00753L,中信中國50正2,10,0,10,宏遠-桃園,2024-01-04,1262
1104,環泥,10,0,10,宏遠-桃園,2024-01-04,1262
1444,力麗,10,0,10,宏遠-桃園,2024-01-04,1262
1522,堤維西,10,0,10,宏遠-桃園,2024-01-04,1262
2485,兆赫,10,0,10,宏遠-桃園,2024-01-04,1262
3071,協禧,13,3,10,宏遠-桃園,2024-01-04,1262
4958,臻鼎-KY,30,20,10,宏遠-桃園,2024-01-04,1262
6461,益得,10,0,10,宏遠-桃園,2024-01-04,1262
2454,聯發科,8,0,8,宏遠-桃園,2024-01-04,1262
2457,飛宏,7,0,7,宏遠-桃園,2024-01-04,1262
6269,台郡,7,0,7,宏遠-桃園,2024-01-04,1262
2455,全新,8,1,7,宏遠-桃園,2024-01-04,1262
2206,三陽工業,13,7,6,宏遠-桃園,2024-01-04,1262
2329,華泰,6,0,6,宏遠-桃園,2024-01-04,1262
2543,皇昌,6,0,6,宏遠-桃園,2024-01-04,1262
3373,熱映,6,0,6,宏遠-桃園,2024-01-04,1262
3653,健策,6,0,6,宏遠-桃園,2024-01-04,1262
8096,擎亞,15,9,6,宏遠-桃園,2024-01-04,1262
1514,亞力,34,28,6,宏遠-桃園,2024-01-04,1262
1309,台達化,5,0,5,宏遠-桃園,2024-01-04,1262
2367,燿華,5,0,5,宏遠-桃園,2024-01-04,1262
1522,堤維西,70,0,70,宏遠-桃園,2024-01-05,1262
2610,華航,43,5,38,宏遠-桃園,2024-01-05,1262
8088,品安,31,0,31,宏遠-桃園,2024-01-05,1262
00687B,國泰20年美債,28,0,28,宏遠-桃園,2024-01-05,1262
00715L,期街口布蘭特正2,108,82,26,宏遠-桃園,2024-01-05,1262
6231,系微,26,0,26,宏遠-桃園,2024-01-05,1262
00878,國泰永續高股息,25,0,25,宏遠-桃園,2024-01-05,1262
00929,復華台灣科技優息,24,0,24,宏遠-桃園,2024-01-05,1262
8426,紅木-KY,23,0,23,宏遠-桃園,2024-01-05,1262
3704,合勤控,22,0,22,宏遠-桃園,2024-01-05,1262
1319,東陽,20,0,20,宏遠-桃園,2024-01-05,1262
2323,中環,20,0,20,宏遠-桃園,2024-01-05,1262
2331,精英,20,0,20,宏遠-桃園,2024-01-05,1262
2332,友訊,20,0,20,宏遠-桃園,2024-01-05,1262
3622,洋華,20,0,20,宏遠-桃園,2024-01-05,1262
5523,豐謙,20,0,20,宏遠-桃園,2024-01-05,1262
8085,福華,20,1,19,宏遠-桃園,2024-01-05,1262
00638R,元大滬深300反1,18,0,18,宏遠-桃園,2024-01-05,1262
2409,友達,31,13,18,宏遠-桃園,2024-01-05,1262
2618,長榮航,19,1,18,宏遠-桃園,2024-01-05,1262
2014,中鴻,17,0,17,宏遠-桃園,2024-01-05,1262
1605,華新,14,0,14,宏遠-桃園,2024-01-05,1262
2454,聯發科,14,1,13,宏遠-桃園,2024-01-05,1262
2353,宏��,24,12,12,宏遠-桃園,2024-01-05,1262
3217,優群,13,1,12,宏遠-桃園,2024-01-05,1262
2352,佳世達,12,0,12,宏遠-桃園,2024-01-05,1262
2486,一詮,16,4,12,宏遠-桃園,2024-01-05,1262
3037,欣興,12,0,12,宏遠-桃園,2024-01-05,1262
0056,元大高股息,12,0,12,宏遠-桃園,2024-01-05,1262
2485,兆赫,10,0,10,宏遠-桃園,2024-01-05,1262
2313,華通,10,0,10,宏遠-桃園,2024-01-05,1262
2344,華邦電,11,1,10,宏遠-桃園,2024-01-05,1262
3715,定穎投控,14,4,10,宏遠-桃園,2024-01-05,1262
6668,中揚光,15,5,10,宏遠-桃園,2024-01-05,1262
6782,視陽,10,0,10,宏遠-桃園,2024-01-05,1262
9105,泰金寶-DR,10,0,10,宏遠-桃園,2024-01-05,1262
2449,京元電子,10,0,10,宏遠-桃園,2024-01-05,1262
8096,擎亞,59,50,9,宏遠-桃園,2024-01-05,1262
00937B,群益ESG投等債20,8,0,8,宏遠-桃園,2024-01-05,1262
1569,濱川,12,4,8,宏遠-桃園,2024-01-05,1262
6274,台燿,9,1,8,宏遠-桃園,2024-01-05,1262
00712,復華富時不動產,7,0,7,宏遠-桃園,2024-01-05,1262
6416,瑞祺電通,13,6,7,宏遠-桃園,2024-01-05,1262
1325,恆大,6,0,6,宏遠-桃園,2024-01-05,1262
1609,大亞,6,0,6,宏遠-桃園,2024-01-05,1262
2324,仁寶,6,0,6,宏遠-桃園,2024-01-05,1262
6712,長聖,6,0,6,宏遠-桃園,2024-01-05,1262
1514,亞力,7,1,6,宏遠-桃園,2024-01-05,1262
00830,國泰費城半導體,5,0,5,宏遠-桃園,2024-01-05,1262
00927,群益半導體收益,5,0,5,宏遠-桃園,2024-01-05,1262
00632R,元大台灣50反1,411,0,411,宏遠-桃園,2024-01-08,1262
00772B,中信高評級公司債,91,12,79,宏遠-桃園,2024-01-08,1262
00637L,元大滬深300正2,67,0,67,宏遠-桃園,2024-01-08,1262
2324,仁寶,106,50,56,宏遠-桃園,2024-01-08,1262
00882,中信中國高股息,51,0,51,宏遠-桃園,2024-01-08,1262
00715L,期街口布蘭特正2,47,0,47,宏遠-桃園,2024-01-08,1262
1618,合機,40,0,40,宏遠-桃園,2024-01-08,1262
00929,復華台灣科技優息,58,21,37,宏遠-桃園,2024-01-08,1262
00937B,群益ESG投等債20,33,0,33,宏遠-桃園,2024-01-08,1262
2331,精英,33,2,31,宏遠-桃園,2024-01-08,1262
1522,堤維西,30,0,30,宏遠-桃園,2024-01-08,1262
00679B,元大美債20年,25,0,25,宏遠-桃園,2024-01-08,1262
2353,宏��,48,23,25,宏遠-桃園,2024-01-08,1262
2388,威盛,55,31,24,宏遠-桃園,2024-01-08,1262
9103,美德醫療-DR,23,0,23,宏遠-桃園,2024-01-08,1262
2615,萬海,22,1,21,宏遠-桃園,2024-01-08,1262
00636,國泰中國A50,20,0,20,宏遠-桃園,2024-01-08,1262
6668,中揚光,25,5,20,宏遠-桃園,2024-01-08,1262
2486,一詮,30,11,19,宏遠-桃園,2024-01-08,1262
2609,陽明,95,78,17,宏遠-桃園,2024-01-08,1262
00650L,復華香港正2,18,2,16,宏遠-桃園,2024-01-08,1262
6684,安格,14,1,13,宏遠-桃園,2024-01-08,1262
2317,鴻海,13,1,12,宏遠-桃園,2024-01-08,1262
3055,蔚華科,12,1,11,宏遠-桃園,2024-01-08,1262
00881,國泰台灣5G+,10,0,10,宏遠-桃園,2024-01-08,1262
2367,燿華,15,5,10,宏遠-桃園,2024-01-08,1262
3071,協禧,10,0,10,宏遠-桃園,2024-01-08,1262
3576,聯合再生,10,0,10,宏遠-桃園,2024-01-08,1262
2443,昶虹,9,0,9,宏遠-桃園,2024-01-08,1262
3380,明泰,10,1,9,宏遠-桃園,2024-01-08,1262
5344,立衛,9,0,9,宏遠-桃園,2024-01-08,1262
1612,宏泰,7,0,7,宏遠-桃園,2024-01-08,1262
2352,佳世達,8,1,7,宏遠-桃園,2024-01-08,1262
3231,緯創,20,13,7,宏遠-桃園,2024-01-08,1262
3390,旭軟,10,3,7,宏遠-桃園,2024-01-08,1262
3483,力致,7,0,7,宏遠-桃園,2024-01-08,1262
3078,僑威,6,0,6,宏遠-桃園,2024-01-08,1262
3588,通嘉,20,14,6,宏遠-桃園,2024-01-08,1262
7402,邑錡,6,0,6,宏遠-桃園,2024-01-08,1262
3693,營邦,5,0,5,宏遠-桃園,2024-01-08,1262
00753L,中信中國50正2,5,0,5,宏遠-桃園,2024-01-08,1262
00712,復華富時不動產,5,0,5,宏遠-桃園,2024-01-08,1262
00687B,國泰20年美債,5,0,5,宏遠-桃園,2024-01-08,1262
2258,鴻華先進-創,5,0,5,宏遠-桃園,2024-01-08,1262
2605,新興,7,2,5,宏遠-桃園,2024-01-08,1262
3006,晶豪科,10,5,5,宏遠-桃園,2024-01-08,1262
3481,群創,41,36,5,宏遠-桃園,2024-01-08,1262
8039,台虹,8,3,5,宏遠-桃園,2024-01-08,1262
8271,宇瞻,5,0,5,宏遠-桃園,2024-01-08,1262
00933B,國泰10Y+金融債,4,0,4,宏遠-桃園,2024-01-08,1262
2516,新建,476,0,476,宏遠-桃園,2024-01-09,1262
2609,陽明,117,36,81,宏遠-桃園,2024-01-09,1262
00919,群益台灣精選高息,77,0,77,宏遠-桃園,2024-01-09,1262
00715L,期街口布蘭特正2,66,4,62,宏遠-桃園,2024-01-09,1262
6245,立端,42,1,41,宏遠-桃園,2024-01-09,1262
1522,堤維西,40,0,40,宏遠-桃園,2024-01-09,1262
8426,紅木-KY,30,0,30,宏遠-桃園,2024-01-09,1262
00933B,國泰10Y+金融債,22,0,22,宏遠-桃園,2024-01-09,1262
2388,威盛,25,4,21,宏遠-桃園,2024-01-09,1262
1605,華新,21,0,21,宏遠-桃園,2024-01-09,1262
3622,洋華,21,1,20,宏遠-桃園,2024-01-09,1262
5210,寶碩,20,0,20,宏遠-桃園,2024-01-09,1262
2308,台達電,21,2,19,宏遠-桃園,2024-01-09,1262
2329,華泰,24,6,18,宏遠-桃園,2024-01-09,1262
00687B,國泰20年美債,17,0,17,宏遠-桃園,2024-01-09,1262
6126,信音,16,0,16,宏遠-桃園,2024-01-09,1262
9105,泰金寶-DR,15,0,15,宏遠-桃園,2024-01-09,1262
2610,華航,14,0,14,宏遠-桃園,2024-01-09,1262
2344,華邦電,13,0,13,宏遠-桃園,2024-01-09,1262
2457,飛宏,13,0,13,宏遠-桃園,2024-01-09,1262
00638R,元大滬深300反1,12,0,12,宏遠-桃園,2024-01-09,1262
2303,聯電,32,20,12,宏遠-桃園,2024-01-09,1262
2324,仁寶,12,1,11,宏遠-桃園,2024-01-09,1262
2617,台航,11,0,11,宏遠-桃園,2024-01-09,1262
2913,農林,21,10,11,宏遠-桃園,2024-01-09,1262
00915,凱基優選高股息30,10,0,10,宏遠-桃園,2024-01-09,1262
3346,麗清,12,2,10,宏遠-桃園,2024-01-09,1262
3481,群創,11,1,10,宏遠-桃園,2024-01-09,1262
3707,漢磊,10,0,10,宏遠-桃園,2024-01-09,1262
6901,鑽石投資,10,0,10,宏遠-桃園,2024-01-09,1262
3017,奇鋐,13,4,9,宏遠-桃園,2024-01-09,1262
4413,飛寶企業,9,0,9,宏遠-桃園,2024-01-09,1262
6176,瑞儀,10,1,9,宏遠-桃園,2024-01-09,1262
6416,瑞祺電通,12,3,9,宏遠-桃園,2024-01-09,1262
2603,長榮,9,1,8,宏遠-桃園,2024-01-09,1262
1609,大亞,7,0,7,宏遠-桃園,2024-01-09,1262
00937B,群益ESG投等債20,7,0,7,宏遠-桃園,2024-01-09,1262
2368,金像電,7,0,7,宏遠-桃園,2024-01-09,1262
3047,訊舟,7,0,7,宏遠-桃園,2024-01-09,1262
3062,建漢,7,0,7,宏遠-桃園,2024-01-09,1262
6712,長聖,7,0,7,宏遠-桃園,2024-01-09,1262
2606,裕民,6,0,6,宏遠-桃園,2024-01-09,1262
2515,中工,6,0,6,宏遠-桃園,2024-01-09,1262
3025,星通,17,12,5,宏遠-桃園,2024-01-09,1262
2607,榮運,5,0,5,宏遠-桃園,2024-01-09,1262
2201,裕隆,5,0,5,宏遠-桃園,2024-01-09,1262
00712,復華富時不動產,5,0,5,宏遠-桃園,2024-01-09,1262
00770,國泰北美科技,5,0,5,宏遠-桃園,2024-01-09,1262
00751B,元大AAA至A公司債,5,0,5,宏遠-桃園,2024-01-09,1262
3071,協禧,5,0,5,宏遠-桃園,2024-01-09,1262
3287,廣寰科,1505,9,1496,宏遠-桃園,2024-01-10,1262
00680L,元大美債20正2,302,0,302,宏遠-桃園,2024-01-10,1262
00679B,元大美債20年,213,0,213,宏遠-桃園,2024-01-10,1262
2516,新建,105,0,105,宏遠-桃園,2024-01-10,1262
00933B,國泰10Y+金融債,103,0,103,宏遠-桃園,2024-01-10,1262
2609,陽明,116,30,86,宏遠-桃園,2024-01-10,1262
5210,寶碩,70,0,70,宏遠-桃園,2024-01-10,1262
1319,東陽,70,1,69,宏遠-桃園,2024-01-10,1262
1718,中纖,65,0,65,宏遠-桃園,2024-01-10,1262
00930,永豐ESG低碳高息,54,0,54,宏遠-桃園,2024-01-10,1262
00929,復華台灣科技優息,46,2,44,宏遠-桃園,2024-01-10,1262
2323,中環,41,0,41,宏遠-桃園,2024-01-10,1262
1522,堤維西,40,0,40,宏遠-桃園,2024-01-10,1262
2426,鼎元,36,0,36,宏遠-桃園,2024-01-10,1262
00915,凱基優選高股息30,30,0,30,宏遠-桃園,2024-01-10,1262
00937B,群益ESG投等債20,30,0,30,宏遠-桃園,2024-01-10,1262
3078,僑威,30,0,30,宏遠-桃園,2024-01-10,1262
5328,華容,30,0,30,宏遠-桃園,2024-01-10,1262
1101,台泥,27,0,27,宏遠-桃園,2024-01-10,1262
2353,宏��,29,5,24,宏遠-桃園,2024-01-10,1262
2618,長榮航,22,0,22,宏遠-桃園,2024-01-10,1262
6233,旺玖,20,0,20,宏遠-桃園,2024-01-10,1262
1618,合機,20,0,20,宏遠-桃園,2024-01-10,1262
3707,漢磊,20,0,20,宏遠-桃園,2024-01-10,1262
2607,榮運,17,0,17,宏遠-桃園,2024-01-10,1262
2888,新光金,15,0,15,宏遠-桃園,2024-01-10,1262
3138,耀登,14,0,14,宏遠-桃園,2024-01-10,1262
2303,聯電,28,15,13,宏遠-桃園,2024-01-10,1262
2317,鴻海,13,0,13,宏遠-桃園,2024-01-10,1262
2352,佳世達,13,0,13,宏遠-桃園,2024-01-10,1262
2027,大成鋼,12,0,12,宏遠-桃園,2024-01-10,1262
2610,華航,12,0,12,宏遠-桃園,2024-01-10,1262
6235,華孚,12,0,12,宏遠-桃園,2024-01-10,1262
00650L,復華香港正2,13,2,11,宏遠-桃園,2024-01-10,1262
4979,華星光,14,3,11,宏遠-桃園,2024-01-10,1262
00636,國泰中國A50,10,0,10,宏遠-桃園,2024-01-10,1262
1444,力麗,10,0,10,宏遠-桃園,2024-01-10,1262
2542,興富發,10,0,10,宏遠-桃園,2024-01-10,1262
3715,定穎投控,10,0,10,宏遠-桃園,2024-01-10,1262
9105,泰金寶-DR,10,0,10,宏遠-桃園,2024-01-10,1262
1312,國喬,10,1,9,宏遠-桃園,2024-01-10,1262
2383,台光電,9,0,9,宏遠-桃園,2024-01-10,1262
3055,蔚華科,30,21,9,宏遠-桃園,2024-01-10,1262
8039,台虹,16,7,9,宏遠-桃園,2024-01-10,1262
1605,華新,9,1,8,宏遠-桃園,2024-01-10,1262
3231,緯創,15,7,8,宏遠-桃園,2024-01-10,1262
3260,威剛,10,3,7,宏遠-桃園,2024-01-10,1262
4958,臻鼎-KY,8,1,7,宏遠-桃園,2024-01-10,1262
3025,星通,9,3,6,宏遠-桃園,2024-01-10,1262
2014,中鴻,6,0,6,宏遠-桃園,2024-01-10,1262
2516,新建,175,0,175,宏遠-桃園,2024-01-11,1262
4979,華星光,175,5,170,宏遠-桃園,2024-01-11,1262
1522,堤維西,110,0,110,宏遠-桃園,2024-01-11,1262
2406,國碩,80,2,78,宏遠-桃園,2024-01-11,1262
2426,鼎元,70,0,70,宏遠-桃園,2024-01-11,1262
1339,昭輝,60,0,60,宏遠-桃園,2024-01-11,1262
8085,福華,60,0,60,宏遠-桃園,2024-01-11,1262
8426,紅木-KY,60,0,60,宏遠-桃園,2024-01-11,1262
6257,矽格,39,0,39,宏遠-桃園,2024-01-11,1262
00713,元大台灣高息低波,36,0,36,宏遠-桃園,2024-01-11,1262
1618,合機,30,0,30,宏遠-桃園,2024-01-11,1262
6231,系微,29,0,29,宏遠-桃園,2024-01-11,1262
00933B,國泰10Y+金融債,22,0,22,宏遠-桃園,2024-01-11,1262
00770,國泰北美科技,21,0,21,宏遠-桃園,2024-01-11,1262
00929,復華台灣科技優息,20,0,20,宏遠-桃園,2024-01-11,1262
3390,旭軟,26,6,20,宏遠-桃園,2024-01-11,1262
2605,新興,17,0,17,宏遠-桃園,2024-01-11,1262
3041,揚智,15,0,15,宏遠-桃園,2024-01-11,1262
3094,聯傑,15,0,15,宏遠-桃園,2024-01-11,1262
3576,聯合再生,15,0,15,宏遠-桃園,2024-01-11,1262
1519,華城,28,16,12,宏遠-桃園,2024-01-11,1262
3339,泰谷,12,0,12,宏遠-桃園,2024-01-11,1262
2388,威盛,22,11,11,宏遠-桃園,2024-01-11,1262
6188,廣明,11,0,11,宏遠-桃園,2024-01-11,1262
1444,力麗,10,0,10,宏遠-桃園,2024-01-11,1262
1312,國喬,10,0,10,宏遠-桃園,2024-01-11,1262
00687B,國泰20年美債,10,0,10,宏遠-桃園,2024-01-11,1262
4906,正文,10,0,10,宏遠-桃園,2024-01-11,1262
6170,統振,10,0,10,宏遠-桃園,2024-01-11,1262
6223,旺矽,11,1,10,宏遠-桃園,2024-01-11,1262
6244,茂迪,10,0,10,宏遠-桃園,2024-01-11,1262
6901,鑽石投資,10,0,10,宏遠-桃園,2024-01-11,1262
9105,泰金寶-DR,10,0,10,宏遠-桃園,2024-01-11,1262
2454,聯發科,9,0,9,宏遠-桃園,2024-01-11,1262
2363,矽統,31,22,9,宏遠-桃園,2024-01-11,1262
2344,華邦電,8,0,8,宏遠-桃園,2024-01-11,1262
2867,三商壽,8,0,8,宏遠-桃園,2024-01-11,1262
6531,愛普*,26,19,7,宏遠-桃園,2024-01-11,1262
2449,京元電子,7,0,7,宏遠-桃園,2024-01-11,1262
2609,陽明,12,5,7,宏遠-桃園,2024-01-11,1262
6877,鏵友益,7,0,7,宏遠-桃園,2024-01-11,1262
2481,強茂,6,0,6,宏遠-桃園,2024-01-11,1262
2515,中工,6,0,6,宏遠-桃園,2024-01-11,1262
00712,復華富時不動產,5,0,5,宏遠-桃園,2024-01-11,1262
1802,台玻,5,0,5,宏遠-桃園,2024-01-11,1262
2352,佳世達,6,1,5,宏遠-桃園,2024-01-11,1262
2409,友達,8,3,5,宏遠-桃園,2024-01-11,1262
3017,奇鋐,13,8,5,宏遠-桃園,2024-01-11,1262
5285,界霖,5,0,5,宏遠-桃園,2024-01-11,1262
8033,雷虎,5,0,5,宏遠-桃園,2024-01-11,1262
2516,新建,452,10,442,宏遠-桃園,2024-01-12,1262
2888,新光金,69,0,69,宏遠-桃園,2024-01-12,1262
2605,新興,43,0,43,宏遠-桃園,2024-01-12,1262
1611,中電,42,0,42,宏遠-桃園,2024-01-12,1262
2353,宏��,58,18,40,宏遠-桃園,2024-01-12,1262
6163,華電網,40,0,40,宏遠-桃園,2024-01-12,1262
8068,全達,40,0,40,宏遠-桃園,2024-01-12,1262
6451,訊芯-KY,44,5,39,宏遠-桃園,2024-01-12,1262
00919,群益台灣精選高息,35,0,35,宏遠-桃園,2024-01-12,1262
6684,安格,36,3,33,宏遠-桃園,2024-01-12,1262
00929,復華台灣科技優息,30,0,30,宏遠-桃園,2024-01-12,1262
00650L,復華香港正2,30,2,28,宏遠-桃園,2024-01-12,1262
2388,威盛,28,4,24,宏遠-桃園,2024-01-12,1262
8150,南茂,22,1,21,宏遠-桃園,2024-01-12,1262
00927,群益半導體收益,20,0,20,宏遠-桃園,2024-01-12,1262
00915,凱基優選高股息30,20,0,20,宏遠-桃園,2024-01-12,1262
00857B,永豐20年美公債,20,0,20,宏遠-桃園,2024-01-12,1262
2331,精英,20,0,20,宏遠-桃園,2024-01-12,1262
3622,洋華,27,7,20,宏遠-桃園,2024-01-12,1262
3715,定穎投控,20,0,20,宏遠-桃園,2024-01-12,1262
6179,亞通,21,1,20,宏遠-桃園,2024-01-12,1262
3390,旭軟,20,1,19,宏遠-桃園,2024-01-12,1262
6122,擎邦,15,0,15,宏遠-桃園,2024-01-12,1262
0056,元大高股息,14,0,14,宏遠-桃園,2024-01-12,1262
2356,英業達,16,3,13,宏遠-桃園,2024-01-12,1262
2486,一詮,97,85,12,宏遠-桃園,2024-01-12,1262
00933B,國泰10Y+金融債,12,0,12,宏遠-桃園,2024-01-12,1262
5474,聰泰,13,1,12,宏遠-桃園,2024-01-12,1262
3006,晶豪科,20,10,10,宏遠-桃園,2024-01-12,1262
3363,上詮,10,0,10,宏遠-桃園,2024-01-12,1262
3576,聯合再生,10,0,10,宏遠-桃園,2024-01-12,1262
4142,國光生,10,0,10,宏遠-桃園,2024-01-12,1262
6244,茂迪,10,0,10,宏遠-桃園,2024-01-12,1262
6443,元晶,10,0,10,宏遠-桃園,2024-01-12,1262
8085,福華,10,0,10,宏遠-桃園,2024-01-12,1262
8210,勤誠,11,1,10,宏遠-桃園,2024-01-12,1262
0050,元大台灣50,7,0,7,宏遠-桃園,2024-01-12,1262
8227,巨有科技,17,11,6,宏遠-桃園,2024-01-12,1262
3147,大綜,6,0,6,宏遠-桃園,2024-01-12,1262
6282,康舒,6,0,6,宏遠-桃園,2024-01-12,1262
6235,華孚,5,0,5,宏遠-桃園,2024-01-12,1262
3005,神基,5,0,5,宏遠-桃園,2024-01-12,1262
00934,中信成長高股息,5,0,5,宏遠-桃園,2024-01-12,1262
006208,富邦台50,5,0,5,宏遠-桃園,2024-01-12,1262
00712,復華富時不動產,5,0,5,宏遠-桃園,2024-01-12,1262
2481,強茂,5,0,5,宏遠-桃園,2024-01-12,1262
3071,協禧,5,0,5,宏遠-桃園,2024-01-12,1262
5439,高技,7,2,5,宏遠-桃園,2024-01-12,1262
5880,合庫金,5,0,5,宏遠-桃園,2024-01-12,1262
6535,順藥,5,0,5,宏遠-桃園,2024-01-12,1262
00632R,元大台灣50反1,289,36,253,宏遠-桃園,2024-01-15,1262
2406,國碩,57,1,56,宏遠-桃園,2024-01-15,1262
0056,元大高股息,43,0,43,宏遠-桃園,2024-01-15,1262
3532,台勝科,37,0,37,宏遠-桃園,2024-01-15,1262
6113,亞矽,36,0,36,宏遠-桃園,2024-01-15,1262
3645,達邁,30,0,30,宏遠-桃園,2024-01-15,1262
8088,品安,28,0,28,宏遠-桃園,2024-01-15,1262
2331,精英,25,0,25,宏遠-桃園,2024-01-15,1262
00878,國泰永續高股息,24,0,24,宏遠-桃園,2024-01-15,1262
2610,華航,22,0,22,宏遠-桃園,2024-01-15,1262
4164,承業醫,21,0,21,宏遠-桃園,2024-01-15,1262
2208,台船,20,0,20,宏遠-桃園,2024-01-15,1262
2913,農林,20,0,20,宏遠-桃園,2024-01-15,1262
8085,福華,21,1,20,宏遠-桃園,2024-01-15,1262
00929,復華台灣科技優息,23,3,20,宏遠-桃園,2024-01-15,1262
1513,中興電,30,11,19,宏遠-桃園,2024-01-15,1262
6668,中揚光,20,1,19,宏遠-桃園,2024-01-15,1262
2426,鼎元,19,0,19,宏遠-桃園,2024-01-15,1262
00641R,富邦日本反1,15,0,15,宏遠-桃園,2024-01-15,1262
2618,長榮航,14,0,14,宏遠-桃園,2024-01-15,1262
2634,漢翔,12,0,12,宏遠-桃園,2024-01-15,1262
3017,奇鋐,14,2,12,宏遠-桃園,2024-01-15,1262
1519,華城,35,24,11,宏遠-桃園,2024-01-15,1262
00919,群益台灣精選高息,10,0,10,宏遠-桃園,2024-01-15,1262
1784,訊聯,10,0,10,宏遠-桃園,2024-01-15,1262
2363,矽統,10,0,10,宏遠-桃園,2024-01-15,1262
3264,欣銓,10,0,10,宏遠-桃園,2024-01-15,1262
4155,訊映,10,0,10,宏遠-桃園,2024-01-15,1262
5474,聰泰,10,0,10,宏遠-桃園,2024-01-15,1262
6615,慧智,10,0,10,宏遠-桃園,2024-01-15,1262
00937B,群益ESG投等債20,9,0,9,宏遠-桃園,2024-01-15,1262
2353,宏��,40,32,8,宏遠-桃園,2024-01-15,1262
2497,怡利電,8,0,8,宏遠-桃園,2024-01-15,1262
2101,南港,7,0,7,宏遠-桃園,2024-01-15,1262
00715L,期街口布蘭特正2,6,0,6,宏遠-桃園,2024-01-15,1262
2617,台航,6,0,6,宏遠-桃園,2024-01-15,1262
2382,廣達,15,10,5,宏遠-桃園,2024-01-15,1262
1612,宏泰,5,0,5,宏遠-桃園,2024-01-15,1262
0050,元大台灣50,5,0,5,宏遠-桃園,2024-01-15,1262
00924,復華S＆P500成長,5,0,5,宏遠-桃園,2024-01-15,1262
2014,中鴻,5,0,5,宏遠-桃園,2024-01-15,1262
2516,新建,5,0,5,宏遠-桃園,2024-01-15,1262
2641,正德,5,0,5,宏遠-桃園,2024-01-15,1262
6531,愛普*,12,7,5,宏遠-桃園,2024-01-15,1262
4162,智擎,5,0,5,宏遠-桃園,2024-01-15,1262
2201,裕隆,5,0,5,宏遠-桃園,2024-01-15,1262
2455,全新,4,0,4,宏遠-桃園,2024-01-15,1262
2520,冠德,4,0,4,宏遠-桃園,2024-01-15,1262
2605,新興,5,1,4,宏遠-桃園,2024-01-15,1262
2630,亞航,19,15,4,宏遠-桃園,2024-01-15,1262
2516,新建,1091,0,1091,宏遠-桃園,2024-01-16,1262
1326,台化,107,0,107,宏遠-桃園,2024-01-16,1262
2913,農林,100,0,100,宏遠-桃園,2024-01-16,1262
00929,復華台灣科技優息,73,0,73,宏遠-桃園,2024-01-16,1262
00919,群益台灣精選高息,70,0,70,宏遠-桃園,2024-01-16,1262
1522,堤維西,60,0,60,宏遠-桃園,2024-01-16,1262
0056,元大高股息,51,0,51,宏遠-桃園,2024-01-16,1262
1618,合機,50,0,50,宏遠-桃園,2024-01-16,1262
2618,長榮航,47,1,46,宏遠-桃園,2024-01-16,1262
00671R,富邦NASDAQ反1,40,0,40,宏遠-桃園,2024-01-16,1262
5356,協益,35,2,33,宏遠-桃園,2024-01-16,1262
2498,宏達電,33,1,32,宏遠-桃園,2024-01-16,1262
6698,旭暉應材,42,11,31,宏遠-桃園,2024-01-16,1262
1802,台玻,30,0,30,宏遠-桃園,2024-01-16,1262
00720B,元大投資級公司債,27,1,26,宏遠-桃園,2024-01-16,1262
5474,聰泰,27,1,26,宏遠-桃園,2024-01-16,1262
3055,蔚華科,23,0,23,宏遠-桃園,2024-01-16,1262
4532,瑞智,22,0,22,宏遠-桃園,2024-01-16,1262
2886,兆豐金,20,0,20,宏遠-桃園,2024-01-16,1262
2421,建準,18,1,17,宏遠-桃園,2024-01-16,1262
3025,星通,46,29,17,宏遠-桃園,2024-01-16,1262
2002,中鋼,16,0,16,宏遠-桃園,2024-01-16,1262
2454,聯發科,16,1,15,宏遠-桃園,2024-01-16,1262
00878,國泰永續高股息,15,0,15,宏遠-桃園,2024-01-16,1262
3231,緯創,28,13,15,宏遠-桃園,2024-01-16,1262
6535,順藥,15,0,15,宏遠-桃園,2024-01-16,1262
00881,國泰台灣5G+,14,0,14,宏遠-桃園,2024-01-16,1262
2883,凱基金,23,10,13,宏遠-桃園,2024-01-16,1262
6695,芯鼎,29,16,13,宏遠-桃園,2024-01-16,1262
8096,擎亞,62,49,13,宏遠-桃園,2024-01-16,1262
1316,上曜,12,0,12,宏遠-桃園,2024-01-16,1262
2356,英業達,14,3,11,宏遠-桃園,2024-01-16,1262
2610,華航,11,0,11,宏遠-桃園,2024-01-16,1262
2630,亞航,11,0,11,宏遠-桃園,2024-01-16,1262
1444,力麗,10,0,10,宏遠-桃園,2024-01-16,1262
00638R,元大滬深300反1,10,0,10,宏遠-桃園,2024-01-16,1262
00933B,國泰10Y+金融債,12,2,10,宏遠-桃園,2024-01-16,1262
2476,鉅祥,20,10,10,宏遠-桃園,2024-01-16,1262
2542,興富發,10,0,10,宏遠-桃園,2024-01-16,1262
2890,永豐金,10,0,10,宏遠-桃園,2024-01-16,1262
4160,訊聯基因,10,0,10,宏遠-桃園,2024-01-16,1262
6684,安格,22,12,10,宏遠-桃園,2024-01-16,1262
2887,台新金,9,0,9,宏遠-桃園,2024-01-16,1262
00858,永豐美國500大,9,0,9,宏遠-桃園,2024-01-16,1262
2331,精英,9,0,9,宏遠-桃園,2024-01-16,1262
2344,華邦電,14,5,9,宏遠-桃園,2024-01-16,1262
3664,安瑞-KY,10,1,9,宏遠-桃園,2024-01-16,1262
1101,台泥,8,0,8,宏遠-桃園,2024-01-16,1262
6425,易發,8,1,7,宏遠-桃園,2024-01-16,1262
6901,鑽石投資,7,0,7,宏遠-桃園,2024-01-16,1262
2516,新建,441,1,440,宏遠-桃園,2024-01-17,1262
2303,聯電,196,82,114,宏遠-桃園,2024-01-17,1262
8426,紅木-KY,112,0,112,宏遠-桃園,2024-01-17,1262
2610,華航,106,8,98,宏遠-桃園,2024-01-17,1262
00919,群益台灣精選高息,81,0,81,宏遠-桃園,2024-01-17,1262
1618,合機,70,0,70,宏遠-桃園,2024-01-17,1262
00929,復華台灣科技優息,48,0,48,宏遠-桃園,2024-01-17,1262
00720B,元大投資級公司債,47,1,46,宏遠-桃園,2024-01-17,1262
2344,華邦電,50,10,40,宏遠-桃園,2024-01-17,1262
3615,安可,40,0,40,宏遠-桃園,2024-01-17,1262
1802,台玻,33,0,33,宏遠-桃園,2024-01-17,1262
1314,中石化,31,0,31,宏遠-桃園,2024-01-17,1262
1605,華新,27,0,27,宏遠-桃園,2024-01-17,1262
2618,長榮航,28,2,26,宏遠-桃園,2024-01-17,1262
3055,蔚華科,30,4,26,宏遠-桃園,2024-01-17,1262
2886,兆豐金,25,0,25,宏遠-桃園,2024-01-17,1262
2421,建準,24,0,24,宏遠-桃園,2024-01-17,1262
5210,寶碩,23,1,22,宏遠-桃園,2024-01-17,1262
5309,系統電,22,0,22,宏遠-桃園,2024-01-17,1262
2605,新興,21,0,21,宏遠-桃園,2024-01-17,1262
0050,元大台灣50,20,0,20,宏遠-桃園,2024-01-17,1262
1339,昭輝,20,0,20,宏遠-桃園,2024-01-17,1262
1522,堤維西,20,0,20,宏遠-桃園,2024-01-17,1262
1611,中電,20,0,20,宏遠-桃園,2024-01-17,1262
2913,農林,20,0,20,宏遠-桃園,2024-01-17,1262
6122,擎邦,20,0,20,宏遠-桃園,2024-01-17,1262
6698,旭暉應材,20,0,20,宏遠-桃園,2024-01-17,1262
00927,群益半導體收益,19,0,19,宏遠-桃園,2024-01-17,1262
2409,友達,20,2,18,宏遠-桃園,2024-01-17,1262
2317,鴻海,27,10,17,宏遠-桃園,2024-01-17,1262
0056,元大高股息,17,0,17,宏遠-桃園,2024-01-17,1262
2427,三商電,15,0,15,宏遠-桃園,2024-01-17,1262
3576,聯合再生,15,0,15,宏遠-桃園,2024-01-17,1262
2486,一詮,24,11,13,宏遠-桃園,2024-01-17,1262
2498,宏達電,12,0,12,宏遠-桃園,2024-01-17,1262
6116,彩晶,12,0,12,宏遠-桃園,2024-01-17,1262
8210,勤誠,31,19,12,宏遠-桃園,2024-01-17,1262
2353,宏��,31,20,11,宏遠-桃園,2024-01-17,1262
00679B,元大美債20年,11,0,11,宏遠-桃園,2024-01-17,1262
00882,中信中國高股息,11,0,11,宏遠-桃園,2024-01-17,1262
2630,亞航,11,0,11,宏遠-桃園,2024-01-17,1262
2881,富邦金,13,2,11,宏遠-桃園,2024-01-17,1262
6235,華孚,10,0,10,宏遠-桃園,2024-01-17,1262
6770,力積電,10,0,10,宏遠-桃園,2024-01-17,1262
1444,力麗,10,0,10,宏遠-桃園,2024-01-17,1262
2367,燿華,10,0,10,宏遠-桃園,2024-01-17,1262
2606,裕民,10,0,10,宏遠-桃園,2024-01-17,1262
2889,國票金,10,0,10,宏遠-桃園,2024-01-17,1262
3027,盛達,10,0,10,宏遠-桃園,2024-01-17,1262
3047,訊舟,10,0,10,宏遠-桃園,2024-01-17,1262
2913,農林,105,0,105,宏遠-桃園,2024-01-18,1262
2903,遠百,100,0,100,宏遠-桃園,2024-01-18,1262
2303,聯電,108,44,64,宏遠-桃園,2024-01-18,1262
6116,彩晶,70,22,48,宏遠-桃園,2024-01-18,1262
00687B,國泰20年美債,45,0,45,宏遠-桃園,2024-01-18,1262
00637L,元大滬深300正2,51,7,44,宏遠-桃園,2024-01-18,1262
00919,群益台灣精選高息,42,0,42,宏遠-桃園,2024-01-18,1262
6245,立端,40,1,39,宏遠-桃園,2024-01-18,1262
6443,元晶,20,0,20,宏遠-桃園,2024-01-18,1262
4532,瑞智,20,0,20,宏遠-桃園,2024-01-18,1262
2208,台船,20,1,19,宏遠-桃園,2024-01-18,1262
2371,大同,22,7,15,宏遠-桃園,2024-01-18,1262
2603,長榮,16,1,15,宏遠-桃園,2024-01-18,1262
00679B,元大美債20年,14,0,14,宏遠-桃園,2024-01-18,1262
2382,廣達,16,2,14,宏遠-桃園,2024-01-18,1262
00929,復華台灣科技優息,12,0,12,宏遠-桃園,2024-01-18,1262
3346,麗清,12,0,12,宏遠-桃園,2024-01-18,1262
4188,安克,12,0,12,宏遠-桃園,2024-01-18,1262
4960,誠美材,13,1,12,宏遠-桃園,2024-01-18,1262
8215,明基材,12,0,12,宏遠-桃園,2024-01-18,1262
00937B,群益ESG投等債20,11,0,11,宏遠-桃園,2024-01-18,1262
1519,華城,11,0,11,宏遠-桃園,2024-01-18,1262
6770,力積電,11,0,11,宏遠-桃園,2024-01-18,1262
1326,台化,10,0,10,宏遠-桃園,2024-01-18,1262
2867,三商壽,10,0,10,宏遠-桃園,2024-01-18,1262
3044,健鼎,10,0,10,宏遠-桃園,2024-01-18,1262
3055,蔚華科,10,0,10,宏遠-桃園,2024-01-18,1262
6163,華電網,10,0,10,宏遠-桃園,2024-01-18,1262
6170,統振,10,0,10,宏遠-桃園,2024-01-18,1262
8092,建暐,10,0,10,宏遠-桃園,2024-01-18,1262
0056,元大高股息,9,0,9,宏遠-桃園,2024-01-18,1262
2406,國碩,11,2,9,宏遠-桃園,2024-01-18,1262
5351,鈺創,18,9,9,宏遠-桃園,2024-01-18,1262
2634,漢翔,10,2,8,宏遠-桃園,2024-01-18,1262
00655L,國泰中國A50正2,8,0,8,宏遠-桃園,2024-01-18,1262
00712,復華富時不動產,8,0,8,宏遠-桃園,2024-01-18,1262
3264,欣銓,10,3,7,宏遠-桃園,2024-01-18,1262
5309,系統電,7,0,7,宏遠-桃園,2024-01-18,1262
2329,華泰,43,36,7,宏遠-桃園,2024-01-18,1262
2449,京元電子,6,0,6,宏遠-桃園,2024-01-18,1262
2543,皇昌,7,1,6,宏遠-桃園,2024-01-18,1262
3265,台星科,8,2,6,宏遠-桃園,2024-01-18,1262
3376,新日興,7,1,6,宏遠-桃園,2024-01-18,1262
3587,閎康,6,0,6,宏遠-桃園,2024-01-18,1262
9958,世紀鋼,6,0,6,宏遠-桃園,2024-01-18,1262
2353,宏��,13,7,6,宏遠-桃園,2024-01-18,1262
1319,東陽,7,2,5,宏遠-桃園,2024-01-18,1262
1524,耿鼎,5,0,5,宏遠-桃園,2024-01-18,1262
00882,中信中國高股息,5,0,5,宏遠-桃園,2024-01-18,1262
2314,台揚,5,0,5,宏遠-桃園,2024-01-18,1262
00632R,元大台灣50反1,358,65,293,宏遠-桃園,2024-01-19,1262
2385,群光,100,0,100,宏遠-桃園,2024-01-19,1262
00720B,元大投資級公司債,67,0,67,宏遠-桃園,2024-01-19,1262
2618,長榮航,58,1,57,宏遠-桃園,2024-01-19,1262
00937B,群益ESG投等債20,49,0,49,宏遠-桃園,2024-01-19,1262
00929,復華台灣科技優息,38,1,37,宏遠-桃園,2024-01-19,1262
2303,聯電,47,11,36,宏遠-桃園,2024-01-19,1262
00638R,元大滬深300反1,34,0,34,宏遠-桃園,2024-01-19,1262
3715,定穎投控,52,22,30,宏遠-桃園,2024-01-19,1262
3044,健鼎,25,0,25,宏遠-桃園,2024-01-19,1262
00931B,統一美債20年,23,0,23,宏遠-桃園,2024-01-19,1262
8096,擎亞,36,14,22,宏遠-桃園,2024-01-19,1262
00679B,元大美債20年,24,3,21,宏遠-桃園,2024-01-19,1262
00882,中信中國高股息,21,0,21,宏遠-桃園,2024-01-19,1262
1618,合機,20,0,20,宏遠-桃園,2024-01-19,1262
3481,群創,72,53,19,宏遠-桃園,2024-01-19,1262
5426,振發,56,37,19,宏遠-桃園,2024-01-19,1262
6113,亞矽,19,0,19,宏遠-桃園,2024-01-19,1262
3231,緯創,78,60,18,宏遠-桃園,2024-01-19,1262
6237,驊訊,15,1,14,宏遠-桃園,2024-01-19,1262
6285,啟��,13,2,11,宏遠-桃園,2024-01-19,1262
2476,鉅祥,10,0,10,宏遠-桃園,2024-01-19,1262
8034,榮群,13,4,9,宏遠-桃園,2024-01-19,1262
00919,群益台灣精選高息,7,0,7,宏遠-桃園,2024-01-19,1262
2887,台新金,6,0,6,宏遠-桃園,2024-01-19,1262
6667,信紘科,6,0,6,宏遠-桃園,2024-01-19,1262
00712,復華富時不動產,5,0,5,宏遠-桃園,2024-01-19,1262
00933B,國泰10Y+金融債,5,0,5,宏遠-桃園,2024-01-19,1262
1303,南亞,5,0,5,宏遠-桃園,2024-01-19,1262
2489,瑞軒,5,0,5,宏遠-桃園,2024-01-19,1262
3032,偉訓,9,4,5,宏遠-桃園,2024-01-19,1262
3402,漢科,10,5,5,宏遠-桃園,2024-01-19,1262
4106,雃博,5,0,5,宏遠-桃園,2024-01-19,1262
5356,協益,5,0,5,宏遠-桃園,2024-01-19,1262
6170,統振,5,0,5,宏遠-桃園,2024-01-19,1262
2886,兆豐金,4,0,4,宏遠-桃園,2024-01-19,1262
1301,台塑,4,0,4,宏遠-桃園,2024-01-19,1262
00687B,國泰20年美債,9,5,4,宏遠-桃園,2024-01-19,1262
1605,華新,5,1,4,宏遠-桃園,2024-01-19,1262
2443,昶虹,16,12,4,宏遠-桃園,2024-01-19,1262
2516,新建,4,0,4,宏遠-桃園,2024-01-19,1262
3078,僑威,4,0,4,宏遠-桃園,2024-01-19,1262
4743,合一,4,0,4,宏遠-桃園,2024-01-19,1262
2465,麗臺,3,0,3,宏遠-桃園,2024-01-19,1262
2377,微星,3,0,3,宏遠-桃園,2024-01-19,1262
00680L,元大美債20正2,3,0,3,宏遠-桃園,2024-01-19,1262
1802,台玻,5,2,3,宏遠-桃園,2024-01-19,1262
2228,劍麟,3,0,3,宏遠-桃園,2024-01-19,1262
2362,藍天,3,0,3,宏遠-桃園,2024-01-19,1262
2610,華航,4,1,3,宏遠-桃園,2024-01-19,1262
00632R,元大台灣50反1,306,83,223,宏遠-桃園,2024-01-22,1262
2385,群光,97,0,97,宏遠-桃園,2024-01-22,1262
5328,華容,52,0,52,宏遠-桃園,2024-01-22,1262
00933B,國泰10Y+金融債,43,0,43,宏遠-桃園,2024-01-22,1262
00638R,元大滬深300反1,32,0,32,宏遠-桃園,2024-01-22,1262
00919,群益台灣精選高息,43,12,31,宏遠-桃園,2024-01-22,1262
5876,上海商銀,30,0,30,宏遠-桃園,2024-01-22,1262
6531,愛普*,22,0,22,宏遠-桃園,2024-01-22,1262
8054,安國,25,4,21,宏遠-桃園,2024-01-22,1262
2409,友達,22,2,20,宏遠-桃園,2024-01-22,1262
3265,台星科,20,0,20,宏遠-桃園,2024-01-22,1262
5426,振發,57,38,19,宏遠-桃園,2024-01-22,1262
3622,洋華,18,0,18,宏遠-桃園,2024-01-22,1262
00937B,群益ESG投等債20,16,0,16,宏遠-桃園,2024-01-22,1262
2405,輔信,17,1,16,宏遠-桃園,2024-01-22,1262
6695,芯鼎,15,0,15,宏遠-桃園,2024-01-22,1262
2353,宏��,47,33,14,宏遠-桃園,2024-01-22,1262
00650L,復華香港正2,16,2,14,宏遠-桃園,2024-01-22,1262
2383,台光電,16,3,13,宏遠-桃園,2024-01-22,1262
6270,倍微,13,0,13,宏遠-桃園,2024-01-22,1262
2406,國碩,12,1,11,宏遠-桃園,2024-01-22,1262
00882,中信中國高股息,10,0,10,宏遠-桃園,2024-01-22,1262
2365,昆盈,10,0,10,宏遠-桃園,2024-01-22,1262
3623,富晶通,10,0,10,宏遠-桃園,2024-01-22,1262
00929,復華台灣科技優息,20,11,9,宏遠-桃園,2024-01-22,1262
00712,復華富時不動產,7,0,7,宏遠-桃園,2024-01-22,1262
2363,矽統,22,15,7,宏遠-桃園,2024-01-22,1262
8201,無敵,7,0,7,宏遠-桃園,2024-01-22,1262
2301,光寶科,9,2,7,宏遠-桃園,2024-01-22,1262
1795,美時,7,1,6,宏遠-桃園,2024-01-22,1262
02001R,富邦蘋果反一N,6,0,6,宏遠-桃園,2024-01-22,1262
6509,聚和,6,0,6,宏遠-桃園,2024-01-22,1262
00896,中信綠能及電動車,5,0,5,宏遠-桃園,2024-01-22,1262
2324,仁寶,10,5,5,宏遠-桃園,2024-01-22,1262
2618,長榮航,8,3,5,宏遠-桃園,2024-01-22,1262
3055,蔚華科,5,0,5,宏遠-桃園,2024-01-22,1262
4747,強生,5,0,5,宏遠-桃園,2024-01-22,1262
6239,力成,5,0,5,宏遠-桃園,2024-01-22,1262
6756,威鋒電子,5,0,5,宏遠-桃園,2024-01-22,1262
9945,潤泰新,5,0,5,宏遠-桃園,2024-01-22,1262
00715L,期街口布蘭特正2,7,2,5,宏遠-桃園,2024-01-22,1262
2884,玉山金,4,0,4,宏遠-桃園,2024-01-22,1262
00665L,富邦�琤肭磪囓�2,20,16,4,宏遠-桃園,2024-01-22,1262
00687B,國泰20年美債,4,0,4,宏遠-桃園,2024-01-22,1262
2101,南港,4,0,4,宏遠-桃園,2024-01-22,1262
5522,遠雄,4,0,4,宏遠-桃園,2024-01-22,1262
2609,陽明,9,6,3,宏遠-桃園,2024-01-22,1262
1907,永豐餘,3,0,3,宏遠-桃園,2024-01-22,1262
5483,中美晶,6,3,3,宏遠-桃園,2024-01-22,1262
6120,達運,3,0,3,宏遠-桃園,2024-01-22,1262
2385,群光,103,0,103,宏遠-桃園,2024-01-23,1262
00671R,富邦NASDAQ反1,40,0,40,宏遠-桃園,2024-01-23,1262
00632R,元大台灣50反1,55,17,38,宏遠-桃園,2024-01-23,1262
6113,亞矽,37,0,37,宏遠-桃園,2024-01-23,1262
6116,彩晶,46,10,36,宏遠-桃園,2024-01-23,1262
3543,州巧,34,0,34,宏遠-桃園,2024-01-23,1262
6127,九豪,30,0,30,宏遠-桃園,2024-01-23,1262
2332,友訊,30,1,29,宏遠-桃園,2024-01-23,1262
2903,遠百,20,0,20,宏遠-桃園,2024-01-23,1262
3481,群創,103,85,18,宏遠-桃園,2024-01-23,1262
3265,台星科,63,45,18,宏遠-桃園,2024-01-23,1262
00679B,元大美債20年,13,0,13,宏遠-桃園,2024-01-23,1262
3339,泰谷,46,33,13,宏遠-桃園,2024-01-23,1262
3078,僑威,11,0,11,宏遠-桃園,2024-01-23,1262
4401,東隆興,11,0,11,宏遠-桃園,2024-01-23,1262
1326,台化,10,0,10,宏遠-桃園,2024-01-23,1262
1522,堤維西,10,0,10,宏遠-桃園,2024-01-23,1262
00637L,元大滬深300正2,14,4,10,宏遠-桃園,2024-01-23,1262
3363,上詮,60,50,10,宏遠-桃園,2024-01-23,1262
8103,瀚荃,10,0,10,宏遠-桃園,2024-01-23,1262
8110,華東,10,0,10,宏遠-桃園,2024-01-23,1262
8210,勤誠,11,1,10,宏遠-桃園,2024-01-23,1262
2376,技嘉,10,1,9,宏遠-桃園,2024-01-23,1262
6285,啟��,10,1,9,宏遠-桃園,2024-01-23,1262
6425,易發,8,0,8,宏遠-桃園,2024-01-23,1262
00885,富邦越南,8,0,8,宏遠-桃園,2024-01-23,1262
2329,華泰,17,9,8,宏遠-桃園,2024-01-23,1262
1529,樂事綠能,9,2,7,宏遠-桃園,2024-01-23,1262
6191,精成科,7,0,7,宏遠-桃園,2024-01-23,1262
00882,中信中國高股息,6,0,6,宏遠-桃園,2024-01-23,1262
02001R,富邦蘋果反一N,6,0,6,宏遠-桃園,2024-01-23,1262
5210,寶碩,6,0,6,宏遠-桃園,2024-01-23,1262
1795,美時,9,4,5,宏遠-桃園,2024-01-23,1262
6239,力成,27,22,5,宏遠-桃園,2024-01-23,1262
2301,光寶科,5,0,5,宏遠-桃園,2024-01-23,1262
3047,訊舟,5,0,5,宏遠-桃園,2024-01-23,1262
3520,華盈,5,0,5,宏遠-桃園,2024-01-23,1262
4961,天鈺,5,0,5,宏遠-桃園,2024-01-23,1262
5351,鈺創,5,0,5,宏遠-桃園,2024-01-23,1262
6108,競國,8,3,5,宏遠-桃園,2024-01-23,1262
6477,安集,5,0,5,宏遠-桃園,2024-01-23,1262
1515,力山,5,0,5,宏遠-桃園,2024-01-23,1262
3014,聯陽,4,0,4,宏遠-桃園,2024-01-23,1262
8040,九暘,4,0,4,宏遠-桃園,2024-01-23,1262
2010,春源,3,0,3,宏遠-桃園,2024-01-23,1262
2344,華邦電,6,3,3,宏遠-桃園,2024-01-23,1262
3596,智易,3,0,3,宏遠-桃園,2024-01-23,1262
4908,前鼎,4,1,3,宏遠-桃園,2024-01-23,1262
4967,十銓,3,0,3,宏遠-桃園,2024-01-23,1262
5426,振發,58,55,3,宏遠-桃園,2024-01-23,1262
5328,華容,50,0,50,宏遠-桃園,2024-01-24,1262
00632R,元大台灣50反1,81,33,48,宏遠-桃園,2024-01-24,1262
2385,群光,40,1,39,宏遠-桃園,2024-01-24,1262
2409,友達,58,22,36,宏遠-桃園,2024-01-24,1262
00679B,元大美債20年,31,0,31,宏遠-桃園,2024-01-24,1262
00637L,元大滬深300正2,36,6,30,宏遠-桃園,2024-01-24,1262
2101,南港,30,0,30,宏遠-桃園,2024-01-24,1262
00937B,群益ESG投等債20,22,0,22,宏遠-桃園,2024-01-24,1262
2002,中鋼,28,9,19,宏遠-桃園,2024-01-24,1262
2457,飛宏,20,2,18,宏遠-桃園,2024-01-24,1262
3362,先進光,24,11,13,宏遠-桃園,2024-01-24,1262
3622,洋華,17,4,13,宏遠-桃園,2024-01-24,1262
2308,台達電,12,0,12,宏遠-桃園,2024-01-24,1262
6173,信昌電,12,0,12,宏遠-桃園,2024-01-24,1262
00882,中信中國高股息,11,0,11,宏遠-桃園,2024-01-24,1262
2401,凌陽,11,0,11,宏遠-桃園,2024-01-24,1262
5432,新門,11,0,11,宏遠-桃園,2024-01-24,1262
8054,安國,21,11,10,宏遠-桃園,2024-01-24,1262
00902,中信電池及儲能,10,0,10,宏遠-桃園,2024-01-24,1262
1708,東鹼,10,0,10,宏遠-桃園,2024-01-24,1262
2102,泰豐,10,0,10,宏遠-桃園,2024-01-24,1262
2476,鉅祥,10,0,10,宏遠-桃園,2024-01-24,1262
8034,榮群,10,0,10,宏遠-桃園,2024-01-24,1262
8085,福華,10,0,10,宏遠-桃園,2024-01-24,1262
3005,神基,11,1,10,宏遠-桃園,2024-01-24,1262
3218,大學光,10,0,10,宏遠-桃園,2024-01-24,1262
00715L,期街口布蘭特正2,8,0,8,宏遠-桃園,2024-01-24,1262
00720B,元大投資級公司債,7,0,7,宏遠-桃園,2024-01-24,1262
2324,仁寶,7,0,7,宏遠-桃園,2024-01-24,1262
2618,長榮航,20,13,7,宏遠-桃園,2024-01-24,1262
3078,僑威,12,5,7,宏遠-桃園,2024-01-24,1262
8088,品安,7,0,7,宏遠-桃園,2024-01-24,1262
3260,威剛,8,2,6,宏遠-桃園,2024-01-24,1262
3624,光頡,6,0,6,宏遠-桃園,2024-01-24,1262
00712,復華富時不動產,5,0,5,宏遠-桃園,2024-01-24,1262
1560,中砂,5,0,5,宏遠-桃園,2024-01-24,1262
2301,光寶科,5,0,5,宏遠-桃園,2024-01-24,1262
2369,菱生,31,26,5,宏遠-桃園,2024-01-24,1262
6169,昱泉,5,0,5,宏遠-桃園,2024-01-24,1262
6770,力積電,6,1,5,宏遠-桃園,2024-01-24,1262
3037,欣興,6,2,4,宏遠-桃園,2024-01-24,1262
2388,威盛,5,1,4,宏遠-桃園,2024-01-24,1262
6462,神盾,43,39,4,宏遠-桃園,2024-01-24,1262
00772B,中信高評級公司債,4,0,4,宏遠-桃園,2024-01-24,1262
2356,英業達,13,9,4,宏遠-桃園,2024-01-24,1262
3545,敦泰,4,0,4,宏遠-桃園,2024-01-24,1262
6486,互動,4,0,4,宏遠-桃園,2024-01-24,1262
6668,中揚光,11,7,4,宏遠-桃園,2024-01-24,1262
6669,緯穎,5,1,4,宏遠-桃園,2024-01-24,1262
2382,廣達,5,2,3,宏遠-桃園,2024-01-24,1262
00632R,元大台灣50反1,200,69,131,宏遠-桃園,2024-01-25,1262
2476,鉅祥,62,0,62,宏遠-桃園,2024-01-25,1262
3038,全台,50,0,50,宏遠-桃園,2024-01-25,1262
00720B,元大投資級公司債,42,0,42,宏遠-桃園,2024-01-25,1262
00638R,元大滬深300反1,31,0,31,宏遠-桃園,2024-01-25,1262
00687B,國泰20年美債,30,0,30,宏遠-桃園,2024-01-25,1262
9105,泰金寶-DR,30,0,30,宏遠-桃園,2024-01-25,1262
3276,宇環,25,0,25,宏遠-桃園,2024-01-25,1262
00680L,元大美債20正2,26,2,24,宏遠-桃園,2024-01-25,1262
2618,長榮航,21,0,21,宏遠-桃園,2024-01-25,1262
6684,安格,21,0,21,宏遠-桃園,2024-01-25,1262
3211,順達,20,0,20,宏遠-桃園,2024-01-25,1262
3504,揚明光,20,0,20,宏遠-桃園,2024-01-25,1262
5876,上海商銀,20,0,20,宏遠-桃園,2024-01-25,1262
5483,中美晶,20,3,17,宏遠-桃園,2024-01-25,1262
00937B,群益ESG投等債20,19,3,16,宏遠-桃園,2024-01-25,1262
2352,佳世達,16,0,16,宏遠-桃園,2024-01-25,1262
5210,寶碩,15,0,15,宏遠-桃園,2024-01-25,1262
2401,凌陽,13,0,13,宏遠-桃園,2024-01-25,1262
2736,富野,13,0,13,宏遠-桃園,2024-01-25,1262
3450,聯鈞,12,0,12,宏遠-桃園,2024-01-25,1262
4909,新復興,130,118,12,宏遠-桃園,2024-01-25,1262
5426,振發,57,45,12,宏遠-桃園,2024-01-25,1262
8064,東捷,11,0,11,宏遠-桃園,2024-01-25,1262
3443,創意,12,1,11,宏遠-桃園,2024-01-25,1262
2543,皇昌,11,0,11,宏遠-桃園,2024-01-25,1262
2542,興富發,10,0,10,宏遠-桃園,2024-01-25,1262
3055,蔚華科,13,3,10,宏遠-桃園,2024-01-25,1262
3363,上詮,10,0,10,宏遠-桃園,2024-01-25,1262
6125,廣運,10,0,10,宏遠-桃園,2024-01-25,1262
8210,勤誠,24,14,10,宏遠-桃園,2024-01-25,1262
4171,瑞基,10,0,10,宏遠-桃園,2024-01-25,1262
3017,奇鋐,17,8,9,宏遠-桃園,2024-01-25,1262
2308,台達電,16,8,8,宏遠-桃園,2024-01-25,1262
00679B,元大美債20年,8,0,8,宏遠-桃園,2024-01-25,1262
2344,華邦電,8,1,7,宏遠-桃園,2024-01-25,1262
4953,緯軟,7,0,7,宏遠-桃園,2024-01-25,1262
00882,中信中國高股息,6,0,6,宏遠-桃園,2024-01-25,1262
4147,中裕,6,0,6,宏遠-桃園,2024-01-25,1262
5388,中磊,16,10,6,宏遠-桃園,2024-01-25,1262
6486,互動,6,0,6,宏遠-桃園,2024-01-25,1262
6668,中揚光,6,0,6,宏遠-桃園,2024-01-25,1262
00712,復華富時不動產,5,0,5,宏遠-桃園,2024-01-25,1262
1560,中砂,5,0,5,宏遠-桃園,2024-01-25,1262
2421,建準,21,16,5,宏遠-桃園,2024-01-25,1262
3071,協禧,5,0,5,宏遠-桃園,2024-01-25,1262
3479,安勤,5,0,5,宏遠-桃園,2024-01-25,1262
6113,亞矽,5,0,5,宏遠-桃園,2024-01-25,1262
6116,彩晶,25,20,5,宏遠-桃園,2024-01-25,1262
00665L,富邦�琤肭磪囓�2,4,0,4,宏遠-桃園,2024-01-25,1262
00753L,中信中國50正2,100,0,100,宏遠-桃園,2024-01-26,1262
2303,聯電,137,63,74,宏遠-桃園,2024-01-26,1262
00637L,元大滬深300正2,70,1,69,宏遠-桃園,2024-01-26,1262
2401,凌陽,56,0,56,宏遠-桃園,2024-01-26,1262
3287,廣寰科,41,1,40,宏遠-桃園,2024-01-26,1262
9105,泰金寶-DR,43,5,38,宏遠-桃園,2024-01-26,1262
1618,合機,30,0,30,宏遠-桃園,2024-01-26,1262
3535,晶彩科,32,4,28,宏遠-桃園,2024-01-26,1262
3055,蔚華科,26,1,25,宏遠-桃園,2024-01-26,1262
5483,中美晶,25,1,24,宏遠-桃園,2024-01-26,1262
2353,宏��,33,13,20,宏遠-桃園,2024-01-26,1262
00772B,中信高評級公司債,20,0,20,宏遠-桃園,2024-01-26,1262
2331,精英,20,0,20,宏遠-桃園,2024-01-26,1262
2388,威盛,19,0,19,宏遠-桃園,2024-01-26,1262
2324,仁寶,22,5,17,宏遠-桃園,2024-01-26,1262
6125,廣運,20,3,17,宏遠-桃園,2024-01-26,1262
6237,驊訊,22,5,17,宏遠-桃園,2024-01-26,1262
2385,群光,16,0,16,宏遠-桃園,2024-01-26,1262
6486,互動,15,0,15,宏遠-桃園,2024-01-26,1262
6770,力積電,13,0,13,宏遠-桃園,2024-01-26,1262
2618,長榮航,18,5,13,宏遠-桃園,2024-01-26,1262
3312,弘憶股,13,0,13,宏遠-桃園,2024-01-26,1262
2382,廣達,15,3,12,宏遠-桃園,2024-01-26,1262
3284,太普高,11,0,11,宏遠-桃園,2024-01-26,1262
1326,台化,10,0,10,宏遠-桃園,2024-01-26,1262
2477,美隆電,10,0,10,宏遠-桃園,2024-01-26,1262
3071,協禧,10,0,10,宏遠-桃園,2024-01-26,1262
6425,易發,10,0,10,宏遠-桃園,2024-01-26,1262
00919,群益台灣精選高息,9,0,9,宏遠-桃園,2024-01-26,1262
00650L,復華香港正2,8,0,8,宏遠-桃園,2024-01-26,1262
2329,華泰,14,6,8,宏遠-桃園,2024-01-26,1262
6112,邁達特,8,0,8,宏遠-桃園,2024-01-26,1262
00902,中信電池及儲能,8,1,7,宏遠-桃園,2024-01-26,1262
3037,欣興,8,1,7,宏遠-桃園,2024-01-26,1262
3694,海華,43,36,7,宏遠-桃園,2024-01-26,1262
3710,連展投控,7,0,7,宏遠-桃園,2024-01-26,1262
2356,英業達,16,10,6,宏遠-桃園,2024-01-26,1262
00712,復華富時不動產,6,0,6,宏遠-桃園,2024-01-26,1262
00893,國泰智能電動車,6,0,6,宏遠-桃園,2024-01-26,1262
2316,楠梓電,6,0,6,宏遠-桃園,2024-01-26,1262
5388,中磊,11,5,6,宏遠-桃園,2024-01-26,1262
1514,亞力,6,0,6,宏遠-桃園,2024-01-26,1262
1325,恆大,5,0,5,宏遠-桃園,2024-01-26,1262
2014,中鴻,5,0,5,宏遠-桃園,2024-01-26,1262
3218,大學光,5,0,5,宏遠-桃園,2024-01-26,1262
4958,臻鼎-KY,12,7,5,宏遠-桃園,2024-01-26,1262
6684,安格,5,0,5,宏遠-桃園,2024-01-26,1262
8103,瀚荃,5,0,5,宏遠-桃園,2024-01-26,1262
00929,復華台灣科技優息,5,0,5,宏遠-桃園,2024-01-26,1262
3035,智原,7,3,4,宏遠-桃園,2024-01-26,1262
00632R,元大台灣50反1,230,0,230,宏遠-桃園,2024-01-29,1262
3360,尚立,60,1,59,宏遠-桃園,2024-01-29,1262
3055,蔚華科,39,1,38,宏遠-桃園,2024-01-29,1262
2421,建準,119,82,37,宏遠-桃園,2024-01-29,1262
2303,聯電,53,23,30,宏遠-桃園,2024-01-29,1262
2367,燿華,30,0,30,宏遠-桃園,2024-01-29,1262
2409,友達,18,0,18,宏遠-桃園,2024-01-29,1262
6116,彩晶,18,0,18,宏遠-桃園,2024-01-29,1262
00687B,國泰20年美債,17,0,17,宏遠-桃園,2024-01-29,1262
3481,群創,32,15,17,宏遠-桃園,2024-01-29,1262
2610,華航,18,2,16,宏遠-桃園,2024-01-29,1262
5426,振發,121,105,16,宏遠-桃園,2024-01-29,1262
00937B,群益ESG投等債20,14,0,14,宏遠-桃園,2024-01-29,1262
00720B,元大投資級公司債,13,0,13,宏遠-桃園,2024-01-29,1262
6640,均華,13,0,13,宏遠-桃園,2024-01-29,1262
8096,擎亞,20,7,13,宏遠-桃園,2024-01-29,1262
3645,達邁,12,0,12,宏遠-桃園,2024-01-29,1262
2301,光寶科,11,0,11,宏遠-桃園,2024-01-29,1262
3218,大學光,10,0,10,宏遠-桃園,2024-01-29,1262
00650L,復華香港正2,19,9,10,宏遠-桃園,2024-01-29,1262
2331,精英,10,0,10,宏遠-桃園,2024-01-29,1262
2363,矽統,10,0,10,宏遠-桃園,2024-01-29,1262
3673,TPK-KY,10,0,10,宏遠-桃園,2024-01-29,1262
5531,鄉林,10,0,10,宏遠-桃園,2024-01-29,1262
6486,互動,10,0,10,宏遠-桃園,2024-01-29,1262
9105,泰金寶-DR,34,25,9,宏遠-桃園,2024-01-29,1262
1326,台化,7,0,7,宏遠-桃園,2024-01-29,1262
00679B,元大美債20年,6,0,6,宏遠-桃園,2024-01-29,1262
2337,旺宏,6,0,6,宏遠-桃園,2024-01-29,1262
1815,富喬,5,0,5,宏遠-桃園,2024-01-29,1262
2324,仁寶,8,3,5,宏遠-桃園,2024-01-29,1262
2405,輔信,5,0,5,宏遠-桃園,2024-01-29,1262
3058,立德,5,0,5,宏遠-桃園,2024-01-29,1262
3714,富采,5,0,5,宏遠-桃園,2024-01-29,1262
4960,誠美材,5,0,5,宏遠-桃園,2024-01-29,1262
6125,廣運,5,0,5,宏遠-桃園,2024-01-29,1262
6139,亞翔,5,0,5,宏遠-桃園,2024-01-29,1262
6188,廣明,5,0,5,宏遠-桃園,2024-01-29,1262
3035,智原,6,2,4,宏遠-桃園,2024-01-29,1262
1432,大魯閣,4,0,4,宏遠-桃園,2024-01-29,1262
00885,富邦越南,4,0,4,宏遠-桃園,2024-01-29,1262
2258,鴻華先進-創,4,0,4,宏遠-桃園,2024-01-29,1262
2489,瑞軒,4,0,4,宏遠-桃園,2024-01-29,1262
2609,陽明,4,0,4,宏遠-桃園,2024-01-29,1262
6223,旺矽,4,0,4,宏遠-桃園,2024-01-29,1262
8103,瀚荃,4,0,4,宏遠-桃園,2024-01-29,1262
2382,廣達,7,4,3,宏遠-桃園,2024-01-29,1262
1809,中釉,4,1,3,宏遠-桃園,2024-01-29,1262
2377,微星,4,1,3,宏遠-桃園,2024-01-29,1262
3019,亞光,3,0,3,宏遠-桃園,2024-01-29,1262
5328,華容,60,0,60,宏遠-桃園,2024-01-30,1262
00632R,元大台灣50反1,49,0,49,宏遠-桃園,2024-01-30,1262
00937B,群益ESG投等債20,48,0,48,宏遠-桃園,2024-01-30,1262
2385,群光,44,0,44,宏遠-桃園,2024-01-30,1262
3576,聯合再生,40,0,40,宏遠-桃園,2024-01-30,1262
5483,中美晶,38,0,38,宏遠-桃園,2024-01-30,1262
5426,振發,85,49,36,宏遠-桃園,2024-01-30,1262
00929,復華台灣科技優息,33,1,32,宏遠-桃園,2024-01-30,1262
9105,泰金寶-DR,36,5,31,宏遠-桃園,2024-01-30,1262
3055,蔚華科,38,10,28,宏遠-桃園,2024-01-30,1262
2723,美食-KY,23,0,23,宏遠-桃園,2024-01-30,1262
5351,鈺創,22,0,22,宏遠-桃園,2024-01-30,1262
2836,高雄銀,20,0,20,宏遠-桃園,2024-01-30,1262
3437,榮創,20,0,20,宏遠-桃園,2024-01-30,1262
3481,群創,19,3,16,宏遠-桃園,2024-01-30,1262
00650L,復華香港正2,15,0,15,宏遠-桃園,2024-01-30,1262
2363,矽統,15,0,15,宏遠-桃園,2024-01-30,1262
3050,鈺德,15,0,15,宏遠-桃園,2024-01-30,1262
2440,太空梭,70,57,13,宏遠-桃園,2024-01-30,1262
5871,中租-KY,13,0,13,宏遠-桃園,2024-01-30,1262
2365,昆盈,10,0,10,宏遠-桃園,2024-01-30,1262
00687B,國泰20年美債,10,0,10,宏遠-桃園,2024-01-30,1262
2388,威盛,13,3,10,宏遠-桃園,2024-01-30,1262
4108,懷特,10,0,10,宏遠-桃園,2024-01-30,1262
6122,擎邦,10,0,10,宏遠-桃園,2024-01-30,1262
6244,茂迪,10,0,10,宏遠-桃園,2024-01-30,1262
6667,信紘科,11,1,10,宏遠-桃園,2024-01-30,1262
8210,勤誠,22,12,10,宏遠-桃園,2024-01-30,1262
2303,聯電,18,9,9,宏遠-桃園,2024-01-30,1262
2308,台達電,9,0,9,宏遠-桃園,2024-01-30,1262
00679B,元大美債20年,10,1,9,宏遠-桃園,2024-01-30,1262
00933B,國泰10Y+金融債,8,0,8,宏遠-桃園,2024-01-30,1262
3324,雙鴻,11,4,7,宏遠-桃園,2024-01-30,1262
6547,高端疫苗,12,5,7,宏遠-桃園,2024-01-30,1262
8064,東捷,7,0,7,宏遠-桃園,2024-01-30,1262
6770,力積電,6,0,6,宏遠-桃園,2024-01-30,1262
4909,新復興,9,3,6,宏遠-桃園,2024-01-30,1262
5347,世界,6,0,6,宏遠-桃園,2024-01-30,1262
00712,復華富時不動產,5,0,5,宏遠-桃園,2024-01-30,1262
00665L,富邦�琤肭磪囓�2,205,200,5,宏遠-桃園,2024-01-30,1262
2317,鴻海,5,0,5,宏遠-桃園,2024-01-30,1262
2329,華泰,20,15,5,宏遠-桃園,2024-01-30,1262
2369,菱生,9,4,5,宏遠-桃園,2024-01-30,1262
2443,昶虹,5,0,5,宏遠-桃園,2024-01-30,1262
2543,皇昌,5,0,5,宏遠-桃園,2024-01-30,1262
3284,太普高,5,0,5,宏遠-桃園,2024-01-30,1262
3380,明泰,5,0,5,宏遠-桃園,2024-01-30,1262
3694,海華,28,23,5,宏遠-桃園,2024-01-30,1262
2002,中鋼,16,12,4,宏遠-桃園,2024-01-30,1262
2634,漢翔,4,0,4,宏遠-桃園,2024-01-30,1262
6113,亞矽,172,99,73,宏遠-桃園,2024-01-31,1262
4908,前鼎,41,3,38,宏遠-桃園,2024-01-31,1262
00929,復華台灣科技優息,38,0,38,宏遠-桃園,2024-01-31,1262
3715,定穎投控,40,4,36,宏遠-桃園,2024-01-31,1262
00679B,元大美債20年,40,4,36,宏遠-桃園,2024-01-31,1262
00638R,元大滬深300反1,31,0,31,宏遠-桃園,2024-01-31,1262
4108,懷特,34,3,31,宏遠-桃園,2024-01-31,1262
2409,友達,36,6,30,宏遠-桃園,2024-01-31,1262
1605,華新,27,2,25,宏遠-桃園,2024-01-31,1262
8096,擎亞,25,1,24,宏遠-桃園,2024-01-31,1262
5426,振發,27,5,22,宏遠-桃園,2024-01-31,1262
2618,長榮航,25,4,21,宏遠-桃園,2024-01-31,1262
1339,昭輝,20,0,20,宏遠-桃園,2024-01-31,1262
2303,聯電,45,26,19,宏遠-桃園,2024-01-31,1262
00937B,群益ESG投等債20,20,3,17,宏遠-桃園,2024-01-31,1262
5483,中美晶,16,0,16,宏遠-桃園,2024-01-31,1262
2355,敬鵬,15,0,15,宏遠-桃園,2024-01-31,1262
3055,蔚華科,23,8,15,宏遠-桃園,2024-01-31,1262
2913,農林,12,0,12,宏遠-桃園,2024-01-31,1262
5432,新門,17,6,11,宏遠-桃園,2024-01-31,1262
1312,國喬,10,0,10,宏遠-桃園,2024-01-31,1262
00712,復華富時不動產,10,0,10,宏遠-桃園,2024-01-31,1262
1444,力麗,10,0,10,宏遠-桃園,2024-01-31,1262
2485,兆赫,10,0,10,宏遠-桃園,2024-01-31,1262
3071,協禧,10,0,10,宏遠-桃園,2024-01-31,1262
6418,詠昇,10,0,10,宏遠-桃園,2024-01-31,1262
00878,國泰永續高股息,9,0,9,宏遠-桃園,2024-01-31,1262
2382,廣達,15,6,9,宏遠-桃園,2024-01-31,1262
8085,福華,10,1,9,宏遠-桃園,2024-01-31,1262
5351,鈺創,8,0,8,宏遠-桃園,2024-01-31,1262
2356,英業達,8,0,8,宏遠-桃園,2024-01-31,1262
5880,合庫金,7,0,7,宏遠-桃園,2024-01-31,1262
6163,華電網,7,0,7,宏遠-桃園,2024-01-31,1262
00687B,國泰20年美債,7,0,7,宏遠-桃園,2024-01-31,1262
2308,台達電,8,2,6,宏遠-桃園,2024-01-31,1262
1101,台泥,6,0,6,宏遠-桃園,2024-01-31,1262
00650L,復華香港正2,12,6,6,宏遠-桃園,2024-01-31,1262
00923,群益台ESG低碳50,6,0,6,宏遠-桃園,2024-01-31,1262
00903,富邦元宇宙,6,0,6,宏遠-桃園,2024-01-31,1262
2324,仁寶,8,2,6,宏遠-桃園,2024-01-31,1262
3481,群創,22,16,6,宏遠-桃園,2024-01-31,1262
3664,安瑞-KY,6,0,6,宏遠-桃園,2024-01-31,1262
6285,啟��,6,0,6,宏遠-桃園,2024-01-31,1262
8034,榮群,6,0,6,宏遠-桃園,2024-01-31,1262
6425,易發,7,2,5,宏遠-桃園,2024-01-31,1262
2421,建準,7,1,6,宏遠-桃園,2024-01-31,1262
00893,國泰智能電動車,5,0,5,宏遠-桃園,2024-01-31,1262
2201,裕隆,5,0,5,宏遠-桃園,2024-01-31,1262
2365,昆盈,5,0,5,宏遠-桃園,2024-01-31,1262
2419,仲琦,5,0,5,宏遠-桃園,2024-01-31,1262
00632R,元大台灣50反1,97,17,80,宏遠-桃園,2024-02-01,1262
00878,國泰永續高股息,65,0,65,宏遠-桃園,2024-02-01,1262
5426,振發,68,18,50,宏遠-桃園,2024-02-01,1262
00919,群益台灣精選高息,45,1,44,宏遠-桃園,2024-02-01,1262
6244,茂迪,40,0,40,宏遠-桃園,2024-02-01,1262
00929,復華台灣科技優息,35,1,34,宏遠-桃園,2024-02-01,1262
2303,聯電,64,38,26,宏遠-桃園,2024-02-01,1262
5351,鈺創,26,0,26,宏遠-桃園,2024-02-01,1262
4976,佳凌,25,0,25,宏遠-桃園,2024-02-01,1262
00637L,元大滬深300正2,38,14,24,宏遠-桃園,2024-02-01,1262
2388,威盛,23,0,23,宏遠-桃園,2024-02-01,1262
8426,紅木-KY,20,0,20,宏遠-桃園,2024-02-01,1262
2886,兆豐金,20,1,19,宏遠-桃園,2024-02-01,1262
4123,晟德,14,0,14,宏遠-桃園,2024-02-01,1262
3694,海華,23,10,13,宏遠-桃園,2024-02-01,1262
5483,中美晶,13,1,12,宏遠-桃園,2024-02-01,1262
3312,弘憶股,11,0,11,宏遠-桃園,2024-02-01,1262
3360,尚立,11,0,11,宏遠-桃園,2024-02-01,1262
3622,洋華,15,4,11,宏遠-桃園,2024-02-01,1262
6112,邁達特,11,0,11,宏遠-桃園,2024-02-01,1262
2449,京元電子,10,0,10,宏遠-桃園,2024-02-01,1262
3715,定穎投控,30,20,10,宏遠-桃園,2024-02-01,1262
2344,華邦電,10,1,9,宏遠-桃園,2024-02-01,1262
5210,寶碩,8,0,8,宏遠-桃園,2024-02-01,1262
2330,台積電,10,3,7,宏遠-桃園,2024-02-01,1262
6116,彩晶,9,2,7,宏遠-桃園,2024-02-01,1262
2382,廣達,12,5,7,宏遠-桃園,2024-02-01,1262
3035,智原,11,5,6,宏遠-桃園,2024-02-01,1262
1503,士電,11,5,6,宏遠-桃園,2024-02-01,1262
1611,中電,6,0,6,宏遠-桃園,2024-02-01,1262
3450,聯鈞,6,0,6,宏遠-桃園,2024-02-01,1262
3706,神達,7,1,6,宏遠-桃園,2024-02-01,1262
3176,基亞,6,0,6,宏遠-桃園,2024-02-01,1262
2454,聯發科,6,1,5,宏遠-桃園,2024-02-01,1262
2884,玉山金,5,0,5,宏遠-桃園,2024-02-01,1262
3141,晶宏,5,0,5,宏遠-桃園,2024-02-01,1262
3228,金麗科,6,1,5,宏遠-桃園,2024-02-01,1262
8070,長華*,5,0,5,宏遠-桃園,2024-02-01,1262
00922,國泰台灣領袖50,4,0,4,宏遠-桃園,2024-02-01,1262
2368,金像電,4,0,4,宏遠-桃園,2024-02-01,1262
4303,信立,5,1,4,宏遠-桃園,2024-02-01,1262
8034,榮群,4,0,4,宏遠-桃園,2024-02-01,1262
1529,樂事綠能,3,0,3,宏遠-桃園,2024-02-01,1262
00937B,群益ESG投等債20,6,3,3,宏遠-桃園,2024-02-01,1262
00930,永豐ESG低碳高息,3,0,3,宏遠-桃園,2024-02-01,1262
3374,精材,4,1,3,宏遠-桃園,2024-02-01,1262
3380,明泰,3,0,3,宏遠-桃園,2024-02-01,1262
6270,倍微,3,0,3,宏遠-桃園,2024-02-01,1262
6683,雍智科技,3,0,3,宏遠-桃園,2024-02-01,1262
8936,國統,6,3,3,宏遠-桃園,2024-02-01,1262
00637L,元大滬深300正2,153,50,103,宏遠-桃園,2024-02-02,1262
6113,亞矽,100,0,100,宏遠-桃園,2024-02-02,1262
5210,寶碩,57,5,52,宏遠-桃園,2024-02-02,1262
3055,蔚華科,49,4,45,宏遠-桃園,2024-02-02,1262
00632R,元大台灣50反1,40,0,40,宏遠-桃園,2024-02-02,1262
5531,鄉林,36,0,36,宏遠-桃園,2024-02-02,1262
00772B,中信高評級公司債,33,0,33,宏遠-桃園,2024-02-02,1262
1519,華城,26,1,25,宏遠-桃園,2024-02-02,1262
2618,長榮航,25,1,24,宏遠-桃園,2024-02-02,1262
2002,中鋼,27,5,22,宏遠-桃園,2024-02-02,1262
3081,聯亞,22,2,20,宏遠-桃園,2024-02-02,1262
3287,廣寰科,20,0,20,宏遠-桃園,2024-02-02,1262
3338,泰碩,26,6,20,宏遠-桃園,2024-02-02,1262
2303,聯電,38,19,19,宏遠-桃園,2024-02-02,1262
5426,振發,30,11,19,宏遠-桃園,2024-02-02,1262
6245,立端,18,0,18,宏遠-桃園,2024-02-02,1262
5483,中美晶,17,0,17,宏遠-桃園,2024-02-02,1262
00933B,國泰10Y+金融債,18,3,15,宏遠-桃園,2024-02-02,1262
2324,仁寶,14,0,14,宏遠-桃園,2024-02-02,1262
6244,茂迪,13,0,13,宏遠-桃園,2024-02-02,1262
00712,復華富時不動產,12,0,12,宏遠-桃園,2024-02-02,1262
2353,宏��,30,19,11,宏遠-桃園,2024-02-02,1262
00650L,復華香港正2,17,6,11,宏遠-桃園,2024-02-02,1262
00687B,國泰20年美債,12,1,11,宏遠-桃園,2024-02-02,1262
1312,國喬,10,0,10,宏遠-桃園,2024-02-02,1262
2317,鴻海,12,2,10,宏遠-桃園,2024-02-02,1262
2406,國碩,10,0,10,宏遠-桃園,2024-02-02,1262
4130,健亞,10,0,10,宏遠-桃園,2024-02-02,1262
5202,力新,10,0,10,宏遠-桃園,2024-02-02,1262
5443,均豪,10,0,10,宏遠-桃園,2024-02-02,1262
2313,華通,14,5,9,宏遠-桃園,2024-02-02,1262
2515,中工,9,0,9,宏遠-桃園,2024-02-02,1262
3450,聯鈞,9,0,9,宏遠-桃園,2024-02-02,1262
6125,廣運,24,15,9,宏遠-桃園,2024-02-02,1262
8059,凱碩,9,0,9,宏遠-桃園,2024-02-02,1262
00918,大華優利高填息30,8,0,8,宏遠-桃園,2024-02-02,1262
00937B,群益ESG投等債20,11,3,8,宏遠-桃園,2024-02-02,1262
5009,榮剛,7,0,7,宏遠-桃園,2024-02-02,1262
2201,裕隆,7,0,7,宏遠-桃園,2024-02-02,1262
2344,華邦電,7,0,7,宏遠-桃園,2024-02-02,1262
2891,中信金,7,0,7,宏遠-桃園,2024-02-02,1262
1325,恆大,8,2,6,宏遠-桃園,2024-02-02,1262
2390,云辰,6,0,6,宏遠-桃園,2024-02-02,1262
2885,元大金,6,0,6,宏遠-桃園,2024-02-02,1262
00715L,期街口布蘭特正2,5,0,5,宏遠-桃園,2024-02-02,1262
1514,亞力,23,18,5,宏遠-桃園,2024-02-02,1262
1815,富喬,5,0,5,宏遠-桃園,2024-02-02,1262
2440,太空梭,39,34,5,宏遠-桃園,2024-02-02,1262
2880,華南金,5,0,5,宏遠-桃園,2024-02-02,1262
3013,晟銘電,7,2,5,宏遠-桃園,2024-02-02,1262
00937B,群益ESG投等債20,105,0,105,宏遠-桃園,2024-02-05,1262
00715L,期街口布蘭特正2,105,5,100,宏遠-桃園,2024-02-05,1262
2303,聯電,94,5,89,宏遠-桃園,2024-02-05,1262
6229,研通,72,0,72,宏遠-桃園,2024-02-05,1262
2886,兆豐金,52,0,52,宏遠-桃園,2024-02-05,1262
00687B,國泰20年美債,49,0,49,宏遠-桃園,2024-02-05,1262
00929,復華台灣科技優息,48,0,48,宏遠-桃園,2024-02-05,1262
00679B,元大美債20年,46,0,46,宏遠-桃園,2024-02-05,1262
6113,亞矽,41,0,41,宏遠-桃園,2024-02-05,1262
3287,廣寰科,40,0,40,宏遠-桃園,2024-02-05,1262
00680L,元大美債20正2,34,0,34,宏遠-桃園,2024-02-05,1262
00720B,元大投資級公司債,30,0,30,宏遠-桃園,2024-02-05,1262
1802,台玻,30,0,30,宏遠-桃園,2024-02-05,1262
2385,群光,30,0,30,宏遠-桃園,2024-02-05,1262
8054,安國,29,0,29,宏遠-桃園,2024-02-05,1262
6285,啟��,26,0,26,宏遠-桃園,2024-02-05,1262
3715,定穎投控,37,12,25,宏遠-桃園,2024-02-05,1262
2388,威盛,24,1,23,宏遠-桃園,2024-02-05,1262
6163,華電網,23,0,23,宏遠-桃園,2024-02-05,1262
00919,群益台灣精選高息,24,2,22,宏遠-桃園,2024-02-05,1262
5210,寶碩,22,0,22,宏遠-桃園,2024-02-05,1262
2421,建準,69,49,20,宏遠-桃園,2024-02-05,1262
00933B,國泰10Y+金融債,20,0,20,宏遠-桃園,2024-02-05,1262
00830,國泰費城半導體,20,0,20,宏遠-桃園,2024-02-05,1262
5443,均豪,20,0,20,宏遠-桃園,2024-02-05,1262
8096,擎亞,20,0,20,宏遠-桃園,2024-02-05,1262
00882,中信中國高股息,18,0,18,宏遠-桃園,2024-02-05,1262
00878,國泰永續高股息,21,3,18,宏遠-桃園,2024-02-05,1262
6695,芯鼎,20,4,16,宏遠-桃園,2024-02-05,1262
8426,紅木-KY,16,0,16,宏遠-桃園,2024-02-05,1262
3041,揚智,15,0,15,宏遠-桃園,2024-02-05,1262
00712,復華富時不動產,14,0,14,宏遠-桃園,2024-02-05,1262
2618,長榮航,74,60,14,宏遠-桃園,2024-02-05,1262
5009,榮剛,13,0,13,宏遠-桃園,2024-02-05,1262
2329,華泰,25,12,13,宏遠-桃園,2024-02-05,1262
00638R,元大滬深300反1,16,4,12,宏遠-桃園,2024-02-05,1262
00752,中信中國50,12,0,12,宏遠-桃園,2024-02-05,1262
2892,第一金,12,0,12,宏遠-桃園,2024-02-05,1262
00888,永豐台灣ESG,10,0,10,宏遠-桃園,2024-02-05,1262
00639,富邦深100,10,0,10,宏遠-桃園,2024-02-05,1262
2485,兆赫,10,0,10,宏遠-桃園,2024-02-05,1262
3508,位速,10,0,10,宏遠-桃園,2024-02-05,1262
6202,盛群,10,0,10,宏遠-桃園,2024-02-05,1262
3338,泰碩,11,2,9,宏遠-桃園,2024-02-05,1262
3443,創意,11,3,8,宏遠-桃園,2024-02-05,1262
1432,大魯閣,8,0,8,宏遠-桃園,2024-02-05,1262
2419,仲琦,7,0,7,宏遠-桃園,2024-02-05,1262
00642U,期元大S＆P石油,7,0,7,宏遠-桃園,2024-02-05,1262
4542,科嶠,7,0,7,宏遠-桃園,2024-02-05,1262
1528,恩德,7,1,6,宏遠-桃園,2024-02-05,1262
00632R,元大台灣50反1,835,6,829,宏遠-桃園,2024-02-15,1262
00720B,元大投資級公司債,209,6,203,宏遠-桃園,2024-02-15,1262
00937B,群益ESG投等債20,114,5,109,宏遠-桃園,2024-02-15,1262
5876,上海商銀,75,0,75,宏遠-桃園,2024-02-15,1262
00679B,元大美債20年,68,1,67,宏遠-桃園,2024-02-15,1262
5210,寶碩,63,0,63,宏遠-桃園,2024-02-15,1262
00687B,國泰20年美債,61,0,61,宏遠-桃園,2024-02-15,1262
2369,菱生,61,11,50,宏遠-桃園,2024-02-15,1262
5351,鈺創,50,3,47,宏遠-桃園,2024-02-15,1262
3055,蔚華科,50,4,46,宏遠-桃園,2024-02-15,1262
3481,群創,48,7,41,宏遠-桃園,2024-02-15,1262
5483,中美晶,43,3,40,宏遠-桃園,2024-02-15,1262
6113,亞矽,41,1,40,宏遠-桃園,2024-02-15,1262
00882,中信中國高股息,32,0,32,宏遠-桃園,2024-02-15,1262
00722B,群益投資級電信債,31,0,31,宏遠-桃園,2024-02-15,1262
00673R,期元大S＆P原油反1,31,0,31,宏遠-桃園,2024-02-15,1262
6187,萬潤,29,0,29,宏遠-桃園,2024-02-15,1262
00680L,元大美債20正2,29,1,28,宏遠-桃園,2024-02-15,1262
3645,達邁,26,0,26,宏遠-桃園,2024-02-15,1262
2344,華邦電,23,1,22,宏遠-桃園,2024-02-15,1262
00751B,元大AAA至A公司債,21,0,21,宏遠-桃園,2024-02-15,1262
2913,農林,21,0,21,宏遠-桃園,2024-02-15,1262
5457,宣德,20,0,20,宏遠-桃園,2024-02-15,1262
5443,均豪,20,1,19,宏遠-桃園,2024-02-15,1262
2353,宏��,27,11,16,宏遠-桃園,2024-02-15,1262
4976,佳凌,16,0,16,宏遠-桃園,2024-02-15,1262
6120,達運,25,9,16,宏遠-桃園,2024-02-15,1262
1612,宏泰,15,0,15,宏遠-桃園,2024-02-15,1262
2377,微星,16,2,14,宏遠-桃園,2024-02-15,1262
3078,僑威,15,2,13,宏遠-桃園,2024-02-15,1262
00795B,中信美國公債20年,11,0,11,宏遠-桃園,2024-02-15,1262
2308,台達電,15,4,11,宏遠-桃園,2024-02-15,1262
4155,訊映,11,0,11,宏遠-桃園,2024-02-15,1262
00931B,統一美債20年,10,0,10,宏遠-桃園,2024-02-15,1262
2317,鴻海,10,0,10,宏遠-桃園,2024-02-15,1262
2610,華航,10,0,10,宏遠-桃園,2024-02-15,1262
3029,零壹,11,1,10,宏遠-桃園,2024-02-15,1262
3264,欣銓,10,0,10,宏遠-桃園,2024-02-15,1262
3287,廣寰科,30,20,10,宏遠-桃園,2024-02-15,1262
3673,TPK-KY,10,0,10,宏遠-桃園,2024-02-15,1262
4147,中裕,10,0,10,宏遠-桃園,2024-02-15,1262
2002,中鋼,19,10,9,宏遠-桃園,2024-02-15,1262
5243,乙盛-KY,10,1,9,宏遠-桃園,2024-02-15,1262
2409,友達,12,4,8,宏遠-桃園,2024-02-15,1262
2436,偉詮電,10,2,8,宏遠-桃園,2024-02-15,1262
2461,光群雷,8,0,8,宏遠-桃園,2024-02-15,1262
00688L,國泰20年美債正2,10,3,7,宏遠-桃園,2024-02-15,1262
3234,光環,8,1,7,宏遠-桃園,2024-02-15,1262
6742,澤米,8,1,7,宏遠-桃園,2024-02-15,1262
5871,中租-KY,6,0,6,宏遠-桃園,2024-02-15,1262
3673,TPK-KY,100,0,100,宏遠-桃園,2024-02-16,1262
00720B,元大投資級公司債,66,0,66,宏遠-桃園,2024-02-16,1262
1718,中纖,50,0,50,宏遠-桃園,2024-02-16,1262
8936,國統,63,15,48,宏遠-桃園,2024-02-16,1262
3044,健鼎,44,3,41,宏遠-桃園,2024-02-16,1262
3715,定穎投控,43,2,41,宏遠-桃園,2024-02-16,1262
6733,博晟生醫,34,0,34,宏遠-桃園,2024-02-16,1262
00687B,國泰20年美債,33,0,33,宏遠-桃園,2024-02-16,1262
00638R,元大滬深300反1,22,0,22,宏遠-桃園,2024-02-16,1262
00673R,期元大S＆P原油反1,20,0,20,宏遠-桃園,2024-02-16,1262
4908,前鼎,50,30,20,宏遠-桃園,2024-02-16,1262
00933B,國泰10Y+金融債,19,0,19,宏遠-桃園,2024-02-16,1262
6288,聯嘉,19,0,19,宏遠-桃園,2024-02-16,1262
2382,廣達,25,7,18,宏遠-桃園,2024-02-16,1262
3029,零壹,16,0,16,宏遠-桃園,2024-02-16,1262
6213,聯茂,19,3,16,宏遠-桃園,2024-02-16,1262
00772B,中信高評級公司債,15,0,15,宏遠-桃園,2024-02-16,1262
1309,台達化,15,0,15,宏遠-桃園,2024-02-16,1262
2303,聯電,30,15,15,宏遠-桃園,2024-02-16,1262
00751B,元大AAA至A公司債,13,0,13,宏遠-桃園,2024-02-16,1262
3071,協禧,13,0,13,宏遠-桃園,2024-02-16,1262
00937B,群益ESG投等債20,12,0,12,宏遠-桃園,2024-02-16,1262
2440,太空梭,19,7,12,宏遠-桃園,2024-02-16,1262
2486,一詮,27,15,12,宏遠-桃園,2024-02-16,1262
2324,仁寶,13,2,11,宏遠-桃園,2024-02-16,1262
00671R,富邦NASDAQ反1,10,0,10,宏遠-桃園,2024-02-16,1262
4945,陞達科技,16,6,10,宏遠-桃園,2024-02-16,1262
5356,協益,10,0,10,宏遠-桃園,2024-02-16,1262
3047,訊舟,11,2,9,宏遠-桃園,2024-02-16,1262
00688L,國泰20年美債正2,9,0,9,宏遠-桃園,2024-02-16,1262
00929,復華台灣科技優息,22,13,9,宏遠-桃園,2024-02-16,1262
3017,奇鋐,12,3,9,宏遠-桃園,2024-02-16,1262
5531,鄉林,9,0,9,宏遠-桃園,2024-02-16,1262
4958,臻鼎-KY,9,0,9,宏遠-桃園,2024-02-16,1262
2880,華南金,12,3,9,宏遠-桃園,2024-02-16,1262
00888,永豐台灣ESG,8,0,8,宏遠-桃園,2024-02-16,1262
1815,富喬,13,5,8,宏遠-桃園,2024-02-16,1262
4543,萬在,10,2,8,宏遠-桃園,2024-02-16,1262
5876,上海商銀,8,0,8,宏遠-桃園,2024-02-16,1262
8064,東捷,13,5,8,宏遠-桃園,2024-02-16,1262
8926,台汽電,8,0,8,宏遠-桃園,2024-02-16,1262
00679B,元大美債20年,8,0,8,宏遠-桃園,2024-02-16,1262
1612,宏泰,7,0,7,宏遠-桃園,2024-02-16,1262
2330,台積電,8,1,7,宏遠-桃園,2024-02-16,1262
8996,高力,21,14,7,宏遠-桃園,2024-02-16,1262
2369,菱生,15,9,6,宏遠-桃園,2024-02-16,1262
3338,泰碩,7,1,6,宏遠-桃園,2024-02-16,1262
6271,同欣電,6,0,6,宏遠-桃園,2024-02-16,1262
6196,帆宣,7,2,5,宏遠-桃園,2024-02-16,1262
8210,勤誠,7,2,5,宏遠-桃園,2024-02-16,1262
00637L,元大滬深300正2,124,23,101,宏遠-桃園,2024-02-19,1262
00937B,群益ESG投等債20,54,0,54,宏遠-桃園,2024-02-19,1262
3715,定穎投控,50,0,50,宏遠-桃園,2024-02-19,1262
00720B,元大投資級公司債,50,1,49,宏遠-桃園,2024-02-19,1262
00772B,中信高評級公司債,42,0,42,宏遠-桃園,2024-02-19,1262
00795B,中信美國公債20年,40,0,40,宏遠-桃園,2024-02-19,1262
1503,士電,51,15,36,宏遠-桃園,2024-02-19,1262
6237,驊訊,37,1,36,宏遠-桃園,2024-02-19,1262
2402,毅嘉,30,3,27,宏遠-桃園,2024-02-19,1262
2330,台積電,29,3,26,宏遠-桃園,2024-02-19,1262
00687B,國泰20年美債,26,1,25,宏遠-桃園,2024-02-19,1262
6742,澤米,24,0,24,宏遠-桃園,2024-02-19,1262
2353,宏��,39,16,23,宏遠-桃園,2024-02-19,1262
3437,榮創,23,0,23,宏遠-桃園,2024-02-19,1262
8996,高力,34,12,22,宏遠-桃園,2024-02-19,1262
2355,敬鵬,32,11,21,宏遠-桃園,2024-02-19,1262
00680L,元大美債20正2,20,0,20,宏遠-桃園,2024-02-19,1262
1309,台達化,20,0,20,宏遠-桃園,2024-02-19,1262
3484,崧騰,20,0,20,宏遠-桃園,2024-02-19,1262
3645,達邁,20,0,20,宏遠-桃園,2024-02-19,1262
5531,鄉林,20,0,20,宏遠-桃園,2024-02-19,1262
6113,亞矽,20,0,20,宏遠-桃園,2024-02-19,1262
2492,華新科,20,2,18,宏遠-桃園,2024-02-19,1262
1815,富喬,17,0,17,宏遠-桃園,2024-02-19,1262
2486,一詮,16,0,16,宏遠-桃園,2024-02-19,1262
1781,合世,16,0,16,宏遠-桃園,2024-02-19,1262
1609,大亞,16,1,15,宏遠-桃園,2024-02-19,1262
4543,萬在,15,0,15,宏遠-桃園,2024-02-19,1262
1514,亞力,26,13,13,宏遠-桃園,2024-02-19,1262
00679B,元大美債20年,18,5,13,宏遠-桃園,2024-02-19,1262
4109,加捷生醫,13,0,13,宏遠-桃園,2024-02-19,1262
6530,創威,15,3,12,宏遠-桃園,2024-02-19,1262
3218,大學光,11,0,11,宏遠-桃園,2024-02-19,1262
2201,裕隆,11,0,11,宏遠-桃園,2024-02-19,1262
2329,華泰,90,79,11,宏遠-桃園,2024-02-19,1262
2606,裕民,11,0,11,宏遠-桃園,2024-02-19,1262
3035,智原,14,4,10,宏遠-桃園,2024-02-19,1262
2258,鴻華先進-創,10,0,10,宏遠-桃園,2024-02-19,1262
4207,環泰,10,0,10,宏遠-桃園,2024-02-19,1262
2405,輔信,15,6,9,宏遠-桃園,2024-02-19,1262
00650L,復華香港正2,14,6,8,宏遠-桃園,2024-02-19,1262
00673R,期元大S＆P原油反1,8,0,8,宏遠-桃園,2024-02-19,1262
1504,東元,8,0,8,宏遠-桃園,2024-02-19,1262
6806,森崴能源,13,5,8,宏遠-桃園,2024-02-19,1262
1789,神隆,7,0,7,宏遠-桃園,2024-02-19,1262
3058,立德,10,3,7,宏遠-桃園,2024-02-19,1262
6139,亞翔,7,0,7,宏遠-桃園,2024-02-19,1262
8147,正淩,7,0,7,宏遠-桃園,2024-02-19,1262
2382,廣達,15,8,7,宏遠-桃園,2024-02-19,1262
00933B,國泰10Y+金融債,6,0,6,宏遠-桃園,2024-02-19,1262
1809,中釉,55,0,55,宏遠-桃園,2024-02-20,1262
00637L,元大滬深300正2,82,38,44,宏遠-桃園,2024-02-20,1262
2543,皇昌,40,2,38,宏遠-桃園,2024-02-20,1262
2405,輔信,40,5,35,宏遠-桃園,2024-02-20,1262
6282,康舒,35,3,32,宏遠-桃園,2024-02-20,1262
6120,達運,33,5,28,宏遠-桃園,2024-02-20,1262
5210,寶碩,27,0,27,宏遠-桃園,2024-02-20,1262
9103,美德醫療-DR,35,9,26,宏遠-桃園,2024-02-20,1262
2867,三商壽,22,0,22,宏遠-桃園,2024-02-20,1262
00919,群益台灣精選高息,75,54,21,宏遠-桃園,2024-02-20,1262
2355,敬鵬,21,0,21,宏遠-桃園,2024-02-20,1262
3645,達邁,20,0,20,宏遠-桃園,2024-02-20,1262
4968,立積,41,22,19,宏遠-桃園,2024-02-20,1262
00891,中信關鍵半導體,16,0,16,宏遠-桃園,2024-02-20,1262
8110,華東,17,1,16,宏遠-桃園,2024-02-20,1262
1815,富喬,78,64,14,宏遠-桃園,2024-02-20,1262
00720B,元大投資級公司債,12,0,12,宏遠-桃園,2024-02-20,1262
2610,華航,12,0,12,宏遠-桃園,2024-02-20,1262
3706,神達,12,0,12,宏遠-桃園,2024-02-20,1262
5009,榮剛,12,0,12,宏遠-桃園,2024-02-20,1262
8936,國統,12,0,12,宏遠-桃園,2024-02-20,1262
00650L,復華香港正2,21,10,11,宏遠-桃園,2024-02-20,1262
4979,華星光,21,10,11,宏遠-桃園,2024-02-20,1262
2440,太空梭,17,7,10,宏遠-桃園,2024-02-20,1262
3437,榮創,10,0,10,宏遠-桃園,2024-02-20,1262
4155,訊映,10,0,10,宏遠-桃園,2024-02-20,1262
4551,智伸科,10,0,10,宏遠-桃園,2024-02-20,1262
1717,長興,24,15,9,宏遠-桃園,2024-02-20,1262
3035,智原,13,4,9,宏遠-桃園,2024-02-20,1262
00638R,元大滬深300反1,8,0,8,宏遠-桃園,2024-02-20,1262
00688L,國泰20年美債正2,8,0,8,宏遠-桃園,2024-02-20,1262
1609,大亞,11,3,8,宏遠-桃園,2024-02-20,1262
6116,彩晶,8,0,8,宏遠-桃園,2024-02-20,1262
6187,萬潤,8,0,8,宏遠-桃園,2024-02-20,1262
3017,奇鋐,10,3,7,宏遠-桃園,2024-02-20,1262
1514,亞力,9,3,6,宏遠-桃園,2024-02-20,1262
2337,旺宏,6,0,6,宏遠-桃園,2024-02-20,1262
3037,欣興,5,0,5,宏遠-桃園,2024-02-20,1262
00937B,群益ESG投等債20,5,0,5,宏遠-桃園,2024-02-20,1262
00712,復華富時不動產,5,0,5,宏遠-桃園,2024-02-20,1262
1312,國喬,5,0,5,宏遠-桃園,2024-02-20,1262
1612,宏泰,5,0,5,宏遠-桃園,2024-02-20,1262
1795,美時,5,0,5,宏遠-桃園,2024-02-20,1262
2329,華泰,81,76,5,宏遠-桃園,2024-02-20,1262
2368,金像電,5,0,5,宏遠-桃園,2024-02-20,1262
2486,一詮,5,0,5,宏遠-桃園,2024-02-20,1262
2498,宏達電,5,0,5,宏遠-桃園,2024-02-20,1262
2611,志信,5,0,5,宏遠-桃園,2024-02-20,1262
3050,鈺德,5,0,5,宏遠-桃園,2024-02-20,1262
3231,緯創,7,2,5,宏遠-桃園,2024-02-20,1262
3481,群創,123,0,123,宏遠-桃園,2024-02-21,1262
00753L,中信中國50正2,102,2,100,宏遠-桃園,2024-02-21,1262
00665L,富邦�琤肭磪囓�2,100,10,90,宏遠-桃園,2024-02-21,1262
5483,中美晶,73,0,73,宏遠-桃園,2024-02-21,1262
5443,均豪,81,31,50,宏遠-桃園,2024-02-21,1262
3047,訊舟,51,10,41,宏遠-桃園,2024-02-21,1262
00937B,群益ESG投等債20,40,0,40,宏遠-桃園,2024-02-21,1262
2609,陽明,40,1,39,宏遠-桃園,2024-02-21,1262
8936,國統,34,2,32,宏遠-桃園,2024-02-21,1262
8358,金居,31,0,31,宏遠-桃園,2024-02-21,1262
2913,農林,60,32,28,宏遠-桃園,2024-02-21,1262
00638R,元大滬深300反1,26,0,26,宏遠-桃園,2024-02-21,1262
4108,懷特,26,0,26,宏遠-桃園,2024-02-21,1262
3231,緯創,27,2,25,宏遠-桃園,2024-02-21,1262
2515,中工,20,0,20,宏遠-桃園,2024-02-21,1262
2888,新光金,20,0,20,宏遠-桃園,2024-02-21,1262
6292,迅德,20,0,20,宏遠-桃園,2024-02-21,1262
1513,中興電,53,37,16,宏遠-桃園,2024-02-21,1262
1503,士電,55,40,15,宏遠-桃園,2024-02-21,1262
2330,台積電,15,1,14,宏遠-桃園,2024-02-21,1262
2368,金像電,12,1,11,宏遠-桃園,2024-02-21,1262
5381,合正,13,2,11,宏遠-桃園,2024-02-21,1262
00915,凱基優選高股息30,10,0,10,宏遠-桃園,2024-02-21,1262
00752,中信中國50,10,0,10,宏遠-桃園,2024-02-21,1262
1717,長興,13,3,10,宏遠-桃園,2024-02-21,1262
2543,皇昌,12,2,10,宏遠-桃園,2024-02-21,1262
3051,力特,10,0,10,宏遠-桃園,2024-02-21,1262
5531,鄉林,10,0,10,宏遠-桃園,2024-02-21,1262
00679B,元大美債20年,9,0,9,宏遠-桃園,2024-02-21,1262
00637L,元大滬深300正2,155,146,9,宏遠-桃園,2024-02-21,1262
00720B,元大投資級公司債,8,0,8,宏遠-桃園,2024-02-21,1262
3228,金麗科,8,0,8,宏遠-桃園,2024-02-21,1262
6152,百一,8,0,8,宏遠-桃園,2024-02-21,1262
1316,上曜,17,10,7,宏遠-桃園,2024-02-21,1262
1702,南僑,7,0,7,宏遠-桃園,2024-02-21,1262
2324,仁寶,6,0,6,宏遠-桃園,2024-02-21,1262
3038,全台,6,0,6,宏遠-桃園,2024-02-21,1262
3055,蔚華科,23,17,6,宏遠-桃園,2024-02-21,1262
6282,康舒,11,5,6,宏遠-桃園,2024-02-21,1262
8092,建暐,6,0,6,宏遠-桃園,2024-02-21,1262
3035,智原,14,8,6,宏遠-桃園,2024-02-21,1262
4128,中天,5,0,5,宏遠-桃園,2024-02-21,1262
1312,國喬,5,0,5,宏遠-桃園,2024-02-21,1262
00712,復華富時不動產,5,0,5,宏遠-桃園,2024-02-21,1262
00888,永豐台灣ESG,5,0,5,宏遠-桃園,2024-02-21,1262
1609,大亞,6,1,5,宏遠-桃園,2024-02-21,1262
2312,金寶,5,0,5,宏遠-桃園,2024-02-21,1262
2615,萬海,5,0,5,宏遠-桃園,2024-02-21,1262
2885,元大金,7,2,5,宏遠-桃園,2024-02-21,1262
3024,憶聲,5,0,5,宏遠-桃園,2024-02-21,1262
2913,農林,270,6,264,宏遠-桃園,2024-02-22,1262
2476,鉅祥,60,0,60,宏遠-桃園,2024-02-22,1262
3027,盛達,50,0,50,宏遠-桃園,2024-02-22,1262
3221,台嘉碩,42,0,42,宏遠-桃園,2024-02-22,1262
00795B,中信美國公債20年,40,0,40,宏遠-桃園,2024-02-22,1262
3581,博磊,43,3,40,宏遠-桃園,2024-02-22,1262
00632R,元大台灣50反1,37,0,37,宏遠-桃園,2024-02-22,1262
5490,同亨,37,0,37,宏遠-桃園,2024-02-22,1262
2405,輔信,37,1,36,宏遠-桃園,2024-02-22,1262
8182,加高,37,2,35,宏遠-桃園,2024-02-22,1262
2329,華泰,47,12,35,宏遠-桃園,2024-02-22,1262
00679B,元大美債20年,34,0,34,宏遠-桃園,2024-02-22,1262
5210,寶碩,30,0,30,宏遠-桃園,2024-02-22,1262
5426,振發,30,0,30,宏遠-桃園,2024-02-22,1262
6216,居易,32,2,30,宏遠-桃園,2024-02-22,1262
9105,泰金寶-DR,30,0,30,宏遠-桃園,2024-02-22,1262
00637L,元大滬深300正2,49,20,29,宏遠-桃園,2024-02-22,1262
6152,百一,24,0,24,宏遠-桃園,2024-02-22,1262
1560,中砂,24,3,21,宏遠-桃園,2024-02-22,1262
00937B,群益ESG投等債20,20,0,20,宏遠-桃園,2024-02-22,1262
00688L,國泰20年美債正2,20,0,20,宏遠-桃園,2024-02-22,1262
1618,合機,30,10,20,宏遠-桃園,2024-02-22,1262
3346,麗清,21,1,20,宏遠-桃園,2024-02-22,1262
6113,亞矽,20,0,20,宏遠-桃園,2024-02-22,1262
6425,易發,22,3,19,宏遠-桃園,2024-02-22,1262
00673R,期元大S＆P原油反1,16,0,16,宏遠-桃園,2024-02-22,1262
3234,光環,17,1,16,宏遠-桃園,2024-02-22,1262
5223,安力-KY,15,0,15,宏遠-桃園,2024-02-22,1262
3231,緯創,43,29,14,宏遠-桃園,2024-02-22,1262
00680L,元大美債20正2,14,0,14,宏遠-桃園,2024-02-22,1262
2610,華航,13,0,13,宏遠-桃園,2024-02-22,1262
3532,台勝科,13,1,12,宏遠-桃園,2024-02-22,1262
4109,加捷生醫,12,0,12,宏遠-桃園,2024-02-22,1262
8463,潤泰材,12,0,12,宏遠-桃園,2024-02-22,1262
3481,群創,17,6,11,宏遠-桃園,2024-02-22,1262
8426,紅木-KY,12,1,11,宏遠-桃園,2024-02-22,1262
1524,耿鼎,10,0,10,宏遠-桃園,2024-02-22,1262
1815,富喬,12,2,10,宏遠-桃園,2024-02-22,1262
2426,鼎元,10,0,10,宏遠-桃園,2024-02-22,1262
2486,一詮,10,0,10,宏遠-桃園,2024-02-22,1262
2903,遠百,10,0,10,宏遠-桃園,2024-02-22,1262
3264,欣銓,10,0,10,宏遠-桃園,2024-02-22,1262
3645,達邁,10,0,10,宏遠-桃園,2024-02-22,1262
4108,懷特,10,0,10,宏遠-桃園,2024-02-22,1262
6257,矽格,15,6,9,宏遠-桃園,2024-02-22,1262
3017,奇鋐,20,11,9,宏遠-桃園,2024-02-22,1262
2376,技嘉,13,5,8,宏遠-桃園,2024-02-22,1262
3227,原相,8,0,8,宏遠-桃園,2024-02-22,1262
2881,富邦金,8,0,8,宏遠-桃園,2024-02-22,1262
3025,星通,11,3,8,宏遠-桃園,2024-02-22,1262
00753L,中信中國50正2,520,195,325,宏遠-桃園,2024-02-23,1262
2516,新建,99,2,97,宏遠-桃園,2024-02-23,1262
6189,豐藝,101,5,96,宏遠-桃園,2024-02-23,1262
5344,立衛,85,0,85,宏遠-桃園,2024-02-23,1262
00637L,元大滬深300正2,85,8,77,宏遠-桃園,2024-02-23,1262
2885,元大金,72,2,70,宏遠-桃園,2024-02-23,1262
5483,中美晶,69,2,67,宏遠-桃園,2024-02-23,1262
2329,華泰,129,75,54,宏遠-桃園,2024-02-23,1262
00937B,群益ESG投等債20,50,0,50,宏遠-桃園,2024-02-23,1262
2913,農林,50,0,50,宏遠-桃園,2024-02-23,1262
00919,群益台灣精選高息,66,18,48,宏遠-桃園,2024-02-23,1262
6125,廣運,46,0,46,宏遠-桃園,2024-02-23,1262
8096,擎亞,44,4,40,宏遠-桃園,2024-02-23,1262
2313,華通,57,20,37,宏遠-桃園,2024-02-23,1262
1815,富喬,39,3,36,宏遠-桃園,2024-02-23,1262
2405,輔信,41,13,28,宏遠-桃園,2024-02-23,1262
4207,環泰,28,0,28,宏遠-桃園,2024-02-23,1262
1560,中砂,36,11,25,宏遠-桃園,2024-02-23,1262
3041,揚智,26,1,25,宏遠-桃園,2024-02-23,1262
00679B,元大美債20年,22,0,22,宏遠-桃園,2024-02-23,1262
2440,太空梭,21,0,21,宏遠-桃園,2024-02-23,1262
2486,一詮,21,0,21,宏遠-桃園,2024-02-23,1262
00713,元大台灣高息低波,21,1,20,宏遠-桃園,2024-02-23,1262
5490,同亨,20,0,20,宏遠-桃園,2024-02-23,1262
3380,明泰,19,1,18,宏遠-桃園,2024-02-23,1262
1781,合世,15,0,15,宏遠-桃園,2024-02-23,1262
8467,波力-KY,25,10,15,宏遠-桃園,2024-02-23,1262
8996,高力,23,9,14,宏遠-桃園,2024-02-23,1262
3715,定穎投控,14,0,14,宏遠-桃園,2024-02-23,1262
2352,佳世達,14,1,13,宏遠-桃園,2024-02-23,1262
2363,矽統,13,0,13,宏遠-桃園,2024-02-23,1262
00795B,中信美國公債20年,12,0,12,宏遠-桃園,2024-02-23,1262
3443,創意,10,0,10,宏遠-桃園,2024-02-23,1262
5009,榮剛,10,0,10,宏遠-桃園,2024-02-23,1262
00933B,國泰10Y+金融債,10,0,10,宏遠-桃園,2024-02-23,1262
2476,鉅祥,20,10,10,宏遠-桃園,2024-02-23,1262
2851,中再保,10,0,10,宏遠-桃園,2024-02-23,1262
3287,廣寰科,10,0,10,宏遠-桃園,2024-02-23,1262
3607,谷崧,15,6,9,宏遠-桃園,2024-02-23,1262
3680,家登,15,6,9,宏遠-桃園,2024-02-23,1262
6217,中探針,10,2,8,宏遠-桃園,2024-02-23,1262
2609,陽明,11,3,8,宏遠-桃園,2024-02-23,1262
3672,康聯訊,8,0,8,宏遠-桃園,2024-02-23,1262
8040,九暘,10,2,8,宏遠-桃園,2024-02-23,1262
6188,廣明,8,1,7,宏遠-桃園,2024-02-23,1262
2303,聯電,43,36,7,宏遠-桃園,2024-02-23,1262
00720B,元大投資級公司債,7,0,7,宏遠-桃園,2024-02-23,1262
3163,波若威,10,3,7,宏遠-桃園,2024-02-23,1262
6443,元晶,6,0,6,宏遠-桃園,2024-02-23,1262
3402,漢科,12,6,6,宏遠-桃園,2024-02-23,1262
00937B,群益ESG投等債20,171,0,171,宏遠-桃園,2024-02-26,1262
8996,高力,89,5,84,宏遠-桃園,2024-02-26,1262
1524,耿鼎,80,0,80,宏遠-桃園,2024-02-26,1262
8936,國統,80,3,77,宏遠-桃園,2024-02-26,1262
2516,新建,74,0,74,宏遠-桃園,2024-02-26,1262
00878,國泰永續高股息,68,1,67,宏遠-桃園,2024-02-26,1262
00715L,期街口布蘭特正2,64,0,64,宏遠-桃園,2024-02-26,1262
3689,湧德,140,84,56,宏遠-桃園,2024-02-26,1262
2402,毅嘉,50,0,50,宏遠-桃園,2024-02-26,1262
00632R,元大台灣50反1,49,0,49,宏遠-桃園,2024-02-26,1262
00637L,元大滬深300正2,46,3,43,宏遠-桃園,2024-02-26,1262
00688L,國泰20年美債正2,43,0,43,宏遠-桃園,2024-02-26,1262
9103,美德醫療-DR,35,0,35,宏遠-桃園,2024-02-26,1262
2884,玉山金,32,0,32,宏遠-桃園,2024-02-26,1262
6005,群益證,28,0,28,宏遠-桃園,2024-02-26,1262
3322,建舜電,27,1,26,宏遠-桃園,2024-02-26,1262
1101,台泥,23,0,23,宏遠-桃園,2024-02-26,1262
00933B,國泰10Y+金融債,22,0,22,宏遠-桃園,2024-02-26,1262
4108,懷特,24,3,21,宏遠-桃園,2024-02-26,1262
3231,緯創,23,3,20,宏遠-桃園,2024-02-26,1262
6189,豐藝,20,0,20,宏遠-桃園,2024-02-26,1262
2495,普安,17,0,17,宏遠-桃園,2024-02-26,1262
1514,亞力,42,25,17,宏遠-桃園,2024-02-26,1262
00900,富邦特選高股息30,15,0,15,宏遠-桃園,2024-02-26,1262
2903,遠百,15,0,15,宏遠-桃園,2024-02-26,1262
2303,聯電,39,25,14,宏遠-桃園,2024-02-26,1262
3268,海德威,14,0,14,宏遠-桃園,2024-02-26,1262
3055,蔚華科,25,12,13,宏遠-桃園,2024-02-26,1262
8040,九暘,19,6,13,宏遠-桃園,2024-02-26,1262
1815,富喬,13,2,11,宏遠-桃園,2024-02-26,1262
3234,光環,14,3,11,宏遠-桃園,2024-02-26,1262
6191,精成科,11,0,11,宏遠-桃園,2024-02-26,1262
2382,廣達,12,1,11,宏遠-桃園,2024-02-26,1262
1402,遠東新,10,0,10,宏遠-桃園,2024-02-26,1262
1609,大亞,11,1,10,宏遠-桃園,2024-02-26,1262
2888,新光金,10,0,10,宏遠-桃園,2024-02-26,1262
3041,揚智,14,4,10,宏遠-桃園,2024-02-26,1262
3518,柏騰,10,0,10,宏遠-桃園,2024-02-26,1262
6451,訊芯-KY,10,0,10,宏遠-桃園,2024-02-26,1262
9951,皇田,10,0,10,宏遠-桃園,2024-02-26,1262
2610,華航,11,2,9,宏遠-桃園,2024-02-26,1262
1612,宏泰,10,2,8,宏遠-桃園,2024-02-26,1262
2412,中華電,8,0,8,宏遠-桃園,2024-02-26,1262
1102,亞泥,7,0,7,宏遠-桃園,2024-02-26,1262
2027,大成鋼,7,0,7,宏遠-桃園,2024-02-26,1262
2211,長榮鋼,7,0,7,宏遠-桃園,2024-02-26,1262
2634,漢翔,7,0,7,宏遠-桃園,2024-02-26,1262
2915,潤泰全,7,0,7,宏遠-桃園,2024-02-26,1262
3169,亞信,8,1,7,宏遠-桃園,2024-02-26,1262
5009,榮剛,7,0,7,宏遠-桃園,2024-02-26,1262
00687B,國泰20年美債,1454,1,1453,宏遠-桃園,2024-02-27,1262
00929,復華台灣科技優息,203,61,142,宏遠-桃園,2024-02-27,1262
1524,耿鼎,116,12,104,宏遠-桃園,2024-02-27,1262
00937B,群益ESG投等債20,89,20,69,宏遠-桃園,2024-02-27,1262
2329,華泰,75,8,67,宏遠-桃園,2024-02-27,1262
8271,宇瞻,67,10,57,宏遠-桃園,2024-02-27,1262
5483,中美晶,52,1,51,宏遠-桃園,2024-02-27,1262
5426,振發,51,1,50,宏遠-桃園,2024-02-27,1262
00933B,國泰10Y+金融債,49,0,49,宏遠-桃園,2024-02-27,1262
2313,華通,51,2,49,宏遠-桃園,2024-02-27,1262
00878,國泰永續高股息,49,1,48,宏遠-桃園,2024-02-27,1262
6176,瑞儀,44,0,44,宏遠-桃園,2024-02-27,1262
6113,亞矽,44,1,43,宏遠-桃園,2024-02-27,1262
2402,毅嘉,40,0,40,宏遠-桃園,2024-02-27,1262
00638R,元大滬深300反1,49,12,37,宏遠-桃園,2024-02-27,1262
3047,訊舟,35,2,33,宏遠-桃園,2024-02-27,1262
3390,旭軟,43,11,32,宏遠-桃園,2024-02-27,1262
4526,東台,30,0,30,宏遠-桃園,2024-02-27,1262
00935,野村臺灣新科技50,27,0,27,宏遠-桃園,2024-02-27,1262
00679B,元大美債20年,27,0,27,宏遠-桃園,2024-02-27,1262
6152,百一,26,0,26,宏遠-桃園,2024-02-27,1262
00930,永豐ESG低碳高息,25,0,25,宏遠-桃園,2024-02-27,1262
3037,欣興,21,0,21,宏遠-桃園,2024-02-27,1262
2408,南亞科,20,0,20,宏遠-桃園,2024-02-27,1262
9105,泰金寶-DR,20,0,20,宏遠-桃園,2024-02-27,1262
3231,緯創,29,12,17,宏遠-桃園,2024-02-27,1262
2330,台積電,22,5,17,宏遠-桃園,2024-02-27,1262
00637L,元大滬深300正2,16,0,16,宏遠-桃園,2024-02-27,1262
2903,遠百,15,0,15,宏遠-桃園,2024-02-27,1262
3296,勝德,20,5,15,宏遠-桃園,2024-02-27,1262
00919,群益台灣精選高息,17,2,15,宏遠-桃園,2024-02-27,1262
2486,一詮,13,0,13,宏遠-桃園,2024-02-27,1262
3363,上詮,17,4,13,宏遠-桃園,2024-02-27,1262
2634,漢翔,12,0,12,宏遠-桃園,2024-02-27,1262
2201,裕隆,15,3,12,宏遠-桃園,2024-02-27,1262
2834,臺企銀,12,0,12,宏遠-桃園,2024-02-27,1262
6742,澤米,12,0,12,宏遠-桃園,2024-02-27,1262
00680L,元大美債20正2,23,11,12,宏遠-桃園,2024-02-27,1262
6191,精成科,11,0,11,宏遠-桃園,2024-02-27,1262
1102,亞泥,10,0,10,宏遠-桃園,2024-02-27,1262
3229,晟鈦,10,0,10,宏遠-桃園,2024-02-27,1262
5210,寶碩,10,0,10,宏遠-桃園,2024-02-27,1262
6126,信音,17,7,10,宏遠-桃園,2024-02-27,1262
6189,豐藝,10,0,10,宏遠-桃園,2024-02-27,1262
1815,富喬,20,12,8,宏遠-桃園,2024-02-27,1262
1605,華新,10,2,8,宏遠-桃園,2024-02-27,1262
2027,大成鋼,9,1,8,宏遠-桃園,2024-02-27,1262
3481,群創,13,5,8,宏遠-桃園,2024-02-27,1262
00918,大華優利高填息30,16,9,7,宏遠-桃園,2024-02-27,1262
2211,長榮鋼,7,0,7,宏遠-桃園,2024-02-27,1262
00687B,國泰20年美債,227,0,227,宏遠-桃園,2024-02-29,1262
6113,亞矽,122,40,82,宏遠-桃園,2024-02-29,1262
2867,三商壽,50,0,50,宏遠-桃園,2024-02-29,1262
3050,鈺德,54,4,50,宏遠-桃園,2024-02-29,1262
2405,輔信,52,10,42,宏遠-桃園,2024-02-29,1262
5210,寶碩,38,0,38,宏遠-桃園,2024-02-29,1262
6288,聯嘉,81,46,35,宏遠-桃園,2024-02-29,1262
2303,聯電,42,11,31,宏遠-桃園,2024-02-29,1262
8936,國統,33,2,31,宏遠-桃園,2024-02-29,1262
2516,新建,30,0,30,宏遠-桃園,2024-02-29,1262
2883B,凱基金乙特,30,0,30,宏遠-桃園,2024-02-29,1262
3576,聯合再生,30,0,30,宏遠-桃園,2024-02-29,1262
6443,元晶,30,0,30,宏遠-桃園,2024-02-29,1262
9105,泰金寶-DR,30,0,30,宏遠-桃園,2024-02-29,1262
00895,富邦未來車,25,0,25,宏遠-桃園,2024-02-29,1262
2419,仲琦,20,0,20,宏遠-桃園,2024-02-29,1262
5483,中美晶,21,1,20,宏遠-桃園,2024-02-29,1262
3268,海德威,18,0,18,宏遠-桃園,2024-02-29,1262
00673R,期元大S＆P原油反1,16,0,16,宏遠-桃園,2024-02-29,1262
6152,百一,16,0,16,宏遠-桃園,2024-02-29,1262
00680L,元大美債20正2,16,0,16,宏遠-桃園,2024-02-29,1262
3218,大學光,15,0,15,宏遠-桃園,2024-02-29,1262
6806,森崴能源,22,8,14,宏遠-桃園,2024-02-29,1262
00937B,群益ESG投等債20,21,7,14,宏遠-桃園,2024-02-29,1262
2301,光寶科,16,2,14,宏遠-桃園,2024-02-29,1262
2324,仁寶,14,0,14,宏遠-桃園,2024-02-29,1262
2313,華通,20,6,14,宏遠-桃園,2024-02-29,1262
2027,大成鋼,13,0,13,宏遠-桃園,2024-02-29,1262
3715,定穎投控,13,0,13,宏遠-桃園,2024-02-29,1262
4109,加捷生醫,13,0,13,宏遠-桃園,2024-02-29,1262
3048,益登,12,0,12,宏遠-桃園,2024-02-29,1262
6179,亞通,12,1,11,宏遠-桃園,2024-02-29,1262
6191,精成科,11,0,11,宏遠-桃園,2024-02-29,1262
00885,富邦越南,10,0,10,宏遠-桃園,2024-02-29,1262
1102,亞泥,10,0,10,宏遠-桃園,2024-02-29,1262
1325,恆大,10,0,10,宏遠-桃園,2024-02-29,1262
2820,華票,10,0,10,宏遠-桃園,2024-02-29,1262
6235,華孚,10,0,10,宏遠-桃園,2024-02-29,1262
8046,南電,11,1,10,宏遠-桃園,2024-02-29,1262
2421,建準,9,0,9,宏遠-桃園,2024-02-29,1262
1402,遠東新,10,1,9,宏遠-桃園,2024-02-29,1262
2317,鴻海,8,0,8,宏遠-桃園,2024-02-29,1262
2329,華泰,15,7,8,宏遠-桃園,2024-02-29,1262
3712,永崴投控,11,3,8,宏遠-桃園,2024-02-29,1262
2002,中鋼,12,5,7,宏遠-桃園,2024-02-29,1262
4529,淳紳,7,0,7,宏遠-桃園,2024-02-29,1262
5347,世界,7,0,7,宏遠-桃園,2024-02-29,1262
1519,華城,6,0,6,宏遠-桃園,2024-02-29,1262
2211,長榮鋼,7,1,6,宏遠-桃園,2024-02-29,1262
4976,佳凌,6,0,6,宏遠-桃園,2024-02-29,1262
00687B,國泰20年美債,312,0,312,宏遠-桃園,2024-03-01,1262
00919,群益台灣精選高息,166,1,165,宏遠-桃園,2024-03-01,1262
1609,大亞,162,43,119,宏遠-桃園,2024-03-01,1262
6176,瑞儀,94,0,94,宏遠-桃園,2024-03-01,1262
2880,華南金,86,0,86,宏遠-桃園,2024-03-01,1262
2313,華通,165,103,62,宏遠-桃園,2024-03-01,1262
2890,永豐金,60,0,60,宏遠-桃園,2024-03-01,1262
1102,亞泥,50,3,47,宏遠-桃園,2024-03-01,1262
5210,寶碩,47,0,47,宏遠-桃園,2024-03-01,1262
6120,達運,46,1,45,宏遠-桃園,2024-03-01,1262
3715,定穎投控,58,17,41,宏遠-桃園,2024-03-01,1262
2406,國碩,35,0,35,宏遠-桃園,2024-03-01,1262
1513,中興電,139,107,32,宏遠-桃園,2024-03-01,1262
5426,振發,34,3,31,宏遠-桃園,2024-03-01,1262
2885,元大金,30,0,30,宏遠-桃園,2024-03-01,1262
3605,宏致,30,0,30,宏遠-桃園,2024-03-01,1262
6770,力積電,30,0,30,宏遠-桃園,2024-03-01,1262
8085,福華,35,5,30,宏遠-桃園,2024-03-01,1262
00937B,群益ESG投等債20,29,0,29,宏遠-桃園,2024-03-01,1262
00929,復華台灣科技優息,28,3,25,宏遠-桃園,2024-03-01,1262
1789,神隆,25,0,25,宏遠-桃園,2024-03-01,1262
00918,大華優利高填息30,24,0,24,宏遠-桃園,2024-03-01,1262
2633,台灣高鐵,24,1,23,宏遠-桃園,2024-03-01,1262
6282,康舒,22,1,21,宏遠-桃園,2024-03-01,1262
1104,環泥,20,0,20,宏遠-桃園,2024-03-01,1262
6116,彩晶,20,0,20,宏遠-桃園,2024-03-01,1262
00930,永豐ESG低碳高息,19,0,19,宏遠-桃園,2024-03-01,1262
1316,上曜,26,7,19,宏遠-桃園,2024-03-01,1262
2303,聯電,23,4,19,宏遠-桃園,2024-03-01,1262
1303,南亞,18,0,18,宏遠-桃園,2024-03-01,1262
3268,海德威,18,0,18,宏遠-桃園,2024-03-01,1262
5202,力新,18,0,18,宏遠-桃園,2024-03-01,1262
1795,美時,19,2,17,宏遠-桃園,2024-03-01,1262
3062,建漢,17,1,16,宏遠-桃園,2024-03-01,1262
1815,富喬,37,22,15,宏遠-桃園,2024-03-01,1262
3645,達邁,18,3,15,宏遠-桃園,2024-03-01,1262
2476,鉅祥,16,4,12,宏遠-桃園,2024-03-01,1262
6684,安格,14,2,12,宏遠-桃園,2024-03-01,1262
3044,健鼎,11,1,10,宏遠-桃園,2024-03-01,1262
6126,信音,13,3,10,宏遠-桃園,2024-03-01,1262
6189,豐藝,40,30,10,宏遠-桃園,2024-03-01,1262
6477,安集,10,0,10,宏遠-桃園,2024-03-01,1262
9105,泰金寶-DR,10,0,10,宏遠-桃園,2024-03-01,1262
2206,三陽工業,12,2,10,宏遠-桃園,2024-03-01,1262
2330,台積電,11,1,10,宏遠-桃園,2024-03-01,1262
2025,千興,8,0,8,宏遠-桃園,2024-03-01,1262
2329,華泰,17,9,8,宏遠-桃園,2024-03-01,1262
2355,敬鵬,9,1,8,宏遠-桃園,2024-03-01,1262
5871,中租-KY,9,1,8,宏遠-桃園,2024-03-01,1262
00679B,元大美債20年,27,20,7,宏遠-桃園,2024-03-01,1262
5210,寶碩,154,0,154,宏遠-桃園,2024-03-04,1262
00632R,元大台灣50反1,89,0,89,宏遠-桃園,2024-03-04,1262
2329,華泰,82,5,77,宏遠-桃園,2024-03-04,1262
8011,台通,62,3,59,宏遠-桃園,2024-03-04,1262
00712,復華富時不動產,56,0,56,宏遠-桃園,2024-03-04,1262
1104,環泥,50,0,50,宏遠-桃園,2024-03-04,1262
8096,擎亞,50,0,50,宏遠-桃園,2024-03-04,1262
3050,鈺德,48,0,48,宏遠-桃園,2024-03-04,1262
00933B,國泰10Y+金融債,44,0,44,宏遠-桃園,2024-03-04,1262
00937B,群益ESG投等債20,44,0,44,宏遠-桃園,2024-03-04,1262
2317,鴻海,70,29,41,宏遠-桃園,2024-03-04,1262
2402,毅嘉,32,0,32,宏遠-桃園,2024-03-04,1262
2417,圓剛,36,4,32,宏遠-桃園,2024-03-04,1262
00665L,富邦�琤肭磪囓�2,30,0,30,宏遠-桃園,2024-03-04,1262
3062,建漢,46,16,30,宏遠-桃園,2024-03-04,1262
6189,豐藝,30,0,30,宏遠-桃園,2024-03-04,1262
00918,大華優利高填息30,28,0,28,宏遠-桃園,2024-03-04,1262
6237,驊訊,34,7,27,宏遠-桃園,2024-03-04,1262
9105,泰金寶-DR,23,0,23,宏遠-桃園,2024-03-04,1262
00679B,元大美債20年,32,10,22,宏遠-桃園,2024-03-04,1262
2913,農林,21,1,20,宏遠-桃園,2024-03-04,1262
6113,亞矽,20,0,20,宏遠-桃園,2024-03-04,1262
00673R,期元大S＆P原油反1,19,0,19,宏遠-桃園,2024-03-04,1262
2353,宏��,32,13,19,宏遠-桃園,2024-03-04,1262
1522,堤維西,19,1,18,宏遠-桃園,2024-03-04,1262
4109,加捷生醫,18,0,18,宏遠-桃園,2024-03-04,1262
6127,九豪,17,2,15,宏遠-桃園,2024-03-04,1262
1101,台泥,14,0,14,宏遠-桃園,2024-03-04,1262
6806,森崴能源,18,4,14,宏遠-桃園,2024-03-04,1262
6581,鋼聯,14,0,14,宏遠-桃園,2024-03-04,1262
3005,神基,15,3,12,宏遠-桃園,2024-03-04,1262
9945,潤泰新,12,0,12,宏遠-桃園,2024-03-04,1262
3376,新日興,15,3,12,宏遠-桃園,2024-03-04,1262
3260,威剛,17,6,11,宏遠-桃園,2024-03-04,1262
1305,華夏,10,0,10,宏遠-桃園,2024-03-04,1262
1444,力麗,10,0,10,宏遠-桃園,2024-03-04,1262
1609,大亞,11,1,10,宏遠-桃園,2024-03-04,1262
2462,良得電,10,0,10,宏遠-桃園,2024-03-04,1262
2880,華南金,10,0,10,宏遠-桃園,2024-03-04,1262
2892,第一金,10,0,10,宏遠-桃園,2024-03-04,1262
6285,啟��,10,0,10,宏遠-桃園,2024-03-04,1262
8110,華東,10,0,10,宏遠-桃園,2024-03-04,1262
00637L,元大滬深300正2,14,5,9,宏遠-桃園,2024-03-04,1262
1519,華城,9,0,9,宏遠-桃園,2024-03-04,1262
1799,易威,9,0,9,宏遠-桃園,2024-03-04,1262
2324,仁寶,70,61,9,宏遠-桃園,2024-03-04,1262
2609,陽明,11,2,9,宏遠-桃園,2024-03-04,1262
8996,高力,21,12,9,宏遠-桃園,2024-03-04,1262
00930,永豐ESG低碳高息,8,0,8,宏遠-桃園,2024-03-04,1262
1513,中興電,43,36,7,宏遠-桃園,2024-03-04,1262
00679B,元大美債20年,220,0,220,宏遠-桃園,2024-03-05,1262
3050,鈺德,126,0,126,宏遠-桃園,2024-03-05,1262
1609,大亞,111,8,103,宏遠-桃園,2024-03-05,1262
00720B,元大投資級公司債,64,0,64,宏遠-桃園,2024-03-05,1262
1524,耿鼎,55,0,55,宏遠-桃園,2024-03-05,1262
00664R,國泰臺灣加權反1,50,0,50,宏遠-桃園,2024-03-05,1262
1711,永光,50,0,50,宏遠-桃園,2024-03-05,1262
1522,堤維西,41,1,40,宏遠-桃園,2024-03-05,1262
1314,中石化,35,0,35,宏遠-桃園,2024-03-05,1262
2543,皇昌,39,4,35,宏遠-桃園,2024-03-05,1262
3714,富采,35,1,34,宏遠-桃園,2024-03-05,1262
8096,擎亞,35,1,34,宏遠-桃園,2024-03-05,1262
00929,復華台灣科技優息,32,1,31,宏遠-桃園,2024-03-05,1262
00937B,群益ESG投等債20,35,4,31,宏遠-桃園,2024-03-05,1262
00930,永豐ESG低碳高息,30,0,30,宏遠-桃園,2024-03-05,1262
3532,台勝科,40,11,29,宏遠-桃園,2024-03-05,1262
5351,鈺創,27,0,27,宏遠-桃園,2024-03-05,1262
6125,廣運,28,1,27,宏遠-桃園,2024-03-05,1262
3013,晟銘電,42,16,26,宏遠-桃園,2024-03-05,1262
00680L,元大美債20正2,26,0,26,宏遠-桃園,2024-03-05,1262
6176,瑞儀,25,0,25,宏遠-桃園,2024-03-05,1262
00638R,元大滬深300反1,28,6,22,宏遠-桃園,2024-03-05,1262
2340,台亞,22,0,22,宏遠-桃園,2024-03-05,1262
00935,野村臺灣新科技50,20,0,20,宏遠-桃園,2024-03-05,1262
2406,國碩,20,0,20,宏遠-桃園,2024-03-05,1262
00918,大華優利高填息30,19,0,19,宏遠-桃園,2024-03-05,1262
00650L,復華香港正2,181,164,17,宏遠-桃園,2024-03-05,1262
8150,南茂,16,0,16,宏遠-桃園,2024-03-05,1262
1514,亞力,46,30,16,宏遠-桃園,2024-03-05,1262
2891,中信金,20,4,16,宏遠-桃園,2024-03-05,1262
2409,友達,18,3,15,宏遠-桃園,2024-03-05,1262
3372,典範,15,1,14,宏遠-桃園,2024-03-05,1262
3576,聯合再生,13,0,13,宏遠-桃園,2024-03-05,1262
1731,美吾華,14,1,13,宏遠-桃園,2024-03-05,1262
2440,太空梭,13,0,13,宏遠-桃園,2024-03-05,1262
8040,九暘,11,0,11,宏遠-桃園,2024-03-05,1262
1444,力麗,10,0,10,宏遠-桃園,2024-03-05,1262
2038,海光,10,0,10,宏遠-桃園,2024-03-05,1262
6113,亞矽,40,30,10,宏遠-桃園,2024-03-05,1262
6806,森崴能源,11,2,9,宏遠-桃園,2024-03-05,1262
6770,力積電,11,2,9,宏遠-桃園,2024-03-05,1262
1513,中興電,19,10,9,宏遠-桃園,2024-03-05,1262
4763,材料-KY,8,0,8,宏遠-桃園,2024-03-05,1262
2329,華泰,13,5,8,宏遠-桃園,2024-03-05,1262
3002,歐格,8,0,8,宏遠-桃園,2024-03-05,1262
8147,正淩,12,4,8,宏遠-桃園,2024-03-05,1262
2883,凱基金,9,1,8,宏遠-桃園,2024-03-05,1262
2889,國票金,10,3,7,宏遠-桃園,2024-03-05,1262
3481,群創,17,10,7,宏遠-桃園,2024-03-05,1262
6581,鋼聯,7,0,7,宏遠-桃園,2024-03-05,1262
6163,華電網,102,12,90,宏遠-桃園,2024-03-06,1262
3481,群創,61,5,56,宏遠-桃園,2024-03-06,1262
00632R,元大台灣50反1,76,28,48,宏遠-桃園,2024-03-06,1262
2498,宏達電,42,1,41,宏遠-桃園,2024-03-06,1262
2352,佳世達,40,8,32,宏遠-桃園,2024-03-06,1262
5351,鈺創,32,1,31,宏遠-桃園,2024-03-06,1262
1101,台泥,29,0,29,宏遠-桃園,2024-03-06,1262
00918,大華優利高填息30,28,0,28,宏遠-桃園,2024-03-06,1262
5443,均豪,28,2,26,宏遠-桃園,2024-03-06,1262
6176,瑞儀,25,0,25,宏遠-桃園,2024-03-06,1262
2340,台亞,23,0,23,宏遠-桃園,2024-03-06,1262
00715L,期街口布蘭特正2,21,1,20,宏遠-桃園,2024-03-06,1262
3218,大學光,20,0,20,宏遠-桃園,2024-03-06,1262
3231,緯創,15,1,14,宏遠-桃園,2024-03-06,1262
4306,炎洲,13,0,13,宏遠-桃園,2024-03-06,1262
1316,上曜,19,6,13,宏遠-桃園,2024-03-06,1262
1799,易威,12,0,12,宏遠-桃園,2024-03-06,1262
3312,弘憶股,12,0,12,宏遠-桃園,2024-03-06,1262
4303,信立,12,0,12,宏遠-桃園,2024-03-06,1262
00687B,國泰20年美債,11,0,11,宏遠-桃園,2024-03-06,1262
00937B,群益ESG投等債20,11,0,11,宏遠-桃園,2024-03-06,1262
2363,矽統,12,1,11,宏遠-桃園,2024-03-06,1262
3002,歐格,11,0,11,宏遠-桃園,2024-03-06,1262
4533,協易機,12,1,11,宏遠-桃園,2024-03-06,1262
8996,高力,21,10,11,宏遠-桃園,2024-03-06,1262
1305,華夏,10,0,10,宏遠-桃園,2024-03-06,1262
2002,中鋼,15,5,10,宏遠-桃園,2024-03-06,1262
3058,立德,10,0,10,宏遠-桃園,2024-03-06,1262
3339,泰谷,10,0,10,宏遠-桃園,2024-03-06,1262
3535,晶彩科,10,0,10,宏遠-桃園,2024-03-06,1262
4207,環泰,10,0,10,宏遠-桃園,2024-03-06,1262
3163,波若威,15,6,9,宏遠-桃園,2024-03-06,1262
6143,振曜,9,0,9,宏遠-桃園,2024-03-06,1262
6742,澤米,9,0,9,宏遠-桃園,2024-03-06,1262
8150,南茂,47,38,9,宏遠-桃園,2024-03-06,1262
3704,合勤控,8,0,8,宏遠-桃園,2024-03-06,1262
8054,安國,15,7,8,宏遠-桃園,2024-03-06,1262
2603,長榮,7,0,7,宏遠-桃園,2024-03-06,1262
3372,典範,8,1,7,宏遠-桃園,2024-03-06,1262
6127,九豪,14,7,7,宏遠-桃園,2024-03-06,1262
6581,鋼聯,7,0,7,宏遠-桃園,2024-03-06,1262
6895,宏碩系統,7,0,7,宏遠-桃園,2024-03-06,1262
8463,潤泰材,7,0,7,宏遠-桃園,2024-03-06,1262
00915,凱基優選高股息30,6,0,6,宏遠-桃園,2024-03-06,1262
3051,力特,12,6,6,宏遠-桃園,2024-03-06,1262
3055,蔚華科,7,1,6,宏遠-桃園,2024-03-06,1262
8110,華東,7,1,6,宏遠-桃園,2024-03-06,1262
5388,中磊,10,5,5,宏遠-桃園,2024-03-06,1262
00935,野村臺灣新科技50,5,0,5,宏遠-桃園,2024-03-06,1262
006208,富邦台50,5,0,5,宏遠-桃園,2024-03-06,1262
00933B,國泰10Y+金融債,70,0,70,宏遠-桃園,2024-03-07,1262
6113,亞矽,70,0,70,宏遠-桃園,2024-03-07,1262
00632R,元大台灣50反1,68,0,68,宏遠-桃園,2024-03-07,1262
6005,群益證,55,0,55,宏遠-桃園,2024-03-07,1262
1524,耿鼎,51,0,51,宏遠-桃園,2024-03-07,1262
3481,群創,53,2,51,宏遠-桃園,2024-03-07,1262
00725B,國泰投資級公司債,50,0,50,宏遠-桃園,2024-03-07,1262
00671R,富邦NASDAQ反1,50,0,50,宏遠-桃園,2024-03-07,1262
00680L,元大美債20正2,60,12,48,宏遠-桃園,2024-03-07,1262
6189,豐藝,41,0,41,宏遠-桃園,2024-03-07,1262
9958,世紀鋼,39,4,35,宏遠-桃園,2024-03-07,1262
2329,華泰,51,17,34,宏遠-桃園,2024-03-07,1262
2449,京元電子,37,6,31,宏遠-桃園,2024-03-07,1262
2633,台灣高鐵,31,0,31,宏遠-桃園,2024-03-07,1262
00893,國泰智能電動車,30,1,29,宏遠-桃園,2024-03-07,1262
8096,擎亞,30,4,26,宏遠-桃園,2024-03-07,1262
5351,鈺創,25,1,24,宏遠-桃園,2024-03-07,1262
1785,光洋科,21,0,21,宏遠-桃園,2024-03-07,1262
5426,振發,21,0,21,宏遠-桃園,2024-03-07,1262
9942,茂順,20,0,20,宏遠-桃園,2024-03-07,1262
4979,華星光,20,1,19,宏遠-桃園,2024-03-07,1262
8054,安國,25,6,19,宏遠-桃園,2024-03-07,1262
00712,復華富時不動產,20,2,18,宏遠-桃園,2024-03-07,1262
2888,新光金,16,0,16,宏遠-桃園,2024-03-07,1262
020039,元大加權N,15,0,15,宏遠-桃園,2024-03-07,1262
00687B,國泰20年美債,21,8,13,宏遠-桃園,2024-03-07,1262
00937B,群益ESG投等債20,13,0,13,宏遠-桃園,2024-03-07,1262
3051,力特,20,7,13,宏遠-桃園,2024-03-07,1262
3346,麗清,13,0,13,宏遠-桃園,2024-03-07,1262
2404,漢唐,16,4,12,宏遠-桃園,2024-03-07,1262
1731,美吾華,11,0,11,宏遠-桃園,2024-03-07,1262
1609,大亞,16,5,11,宏遠-桃園,2024-03-07,1262
3231,緯創,11,1,10,宏遠-桃園,2024-03-07,1262
00919,群益台灣精選高息,35,25,10,宏遠-桃園,2024-03-07,1262
00650L,復華香港正2,12,2,10,宏遠-桃園,2024-03-07,1262
2486,一詮,19,9,10,宏遠-桃園,2024-03-07,1262
2903,遠百,10,0,10,宏遠-桃園,2024-03-07,1262
3050,鈺德,10,0,10,宏遠-桃園,2024-03-07,1262
2324,仁寶,17,7,10,宏遠-桃園,2024-03-07,1262
6806,森崴能源,11,2,9,宏遠-桃園,2024-03-07,1262
4746,台耀,9,0,9,宏遠-桃園,2024-03-07,1262
6901,鑽石投資,9,0,9,宏遠-桃園,2024-03-07,1262
9105,泰金寶-DR,9,0,9,宏遠-桃園,2024-03-07,1262
9905,大華,9,0,9,宏遠-桃園,2024-03-07,1262
1316,上曜,45,36,9,宏遠-桃園,2024-03-07,1262
00679B,元大美債20年,8,0,8,宏遠-桃園,2024-03-07,1262
1402,遠東新,8,0,8,宏遠-桃園,2024-03-07,1262
1605,華新,12,4,8,宏遠-桃園,2024-03-07,1262
4545,銘鈺,8,0,8,宏遠-桃園,2024-03-07,1262
8039,台虹,16,8,8,宏遠-桃園,2024-03-07,1262
6125,廣運,140,12,128,宏遠-桃園,2024-03-08,1262
2883,凱基金,103,0,103,宏遠-桃園,2024-03-08,1262
1609,大亞,102,22,80,宏遠-桃園,2024-03-08,1262
2476,鉅祥,70,1,69,宏遠-桃園,2024-03-08,1262
2419,仲琦,70,5,65,宏遠-桃園,2024-03-08,1262
1618,合機,61,0,61,宏遠-桃園,2024-03-08,1262
6112,邁達特,60,0,60,宏遠-桃園,2024-03-08,1262
00937B,群益ESG投等債20,67,10,57,宏遠-桃園,2024-03-08,1262
2913,農林,50,0,50,宏遠-桃園,2024-03-08,1262
00687B,國泰20年美債,56,7,49,宏遠-桃園,2024-03-08,1262
6113,亞矽,50,2,48,宏遠-桃園,2024-03-08,1262
1815,富喬,88,42,46,宏遠-桃園,2024-03-08,1262
2449,京元電子,80,36,44,宏遠-桃園,2024-03-08,1262
2845,遠東銀,41,0,41,宏遠-桃園,2024-03-08,1262
1802,台玻,40,0,40,宏遠-桃園,2024-03-08,1262
00637L,元大滬深300正2,36,4,32,宏遠-桃園,2024-03-08,1262
2417,圓剛,31,0,31,宏遠-桃園,2024-03-08,1262
3287,廣寰科,30,0,30,宏遠-桃園,2024-03-08,1262
00915,凱基優選高股息30,26,1,25,宏遠-桃園,2024-03-08,1262
3645,達邁,24,0,24,宏遠-桃園,2024-03-08,1262
1731,美吾華,23,0,23,宏遠-桃園,2024-03-08,1262
3206,志豐,22,0,22,宏遠-桃園,2024-03-08,1262
5009,榮剛,22,0,22,宏遠-桃園,2024-03-08,1262
5351,鈺創,22,0,22,宏遠-桃園,2024-03-08,1262
5426,振發,21,0,21,宏遠-桃園,2024-03-08,1262
00751B,元大AAA至A公司債,20,0,20,宏遠-桃園,2024-03-08,1262
00712,復華富時不動產,20,0,20,宏遠-桃園,2024-03-08,1262
6189,豐藝,21,1,20,宏遠-桃園,2024-03-08,1262
00638R,元大滬深300反1,33,15,18,宏遠-桃園,2024-03-08,1262
6126,信音,20,4,16,宏遠-桃園,2024-03-08,1262
3021,鴻名,15,0,15,宏遠-桃園,2024-03-08,1262
3078,僑威,17,3,14,宏遠-桃園,2024-03-08,1262
4142,國光生,13,0,13,宏遠-桃園,2024-03-08,1262
3147,大綜,12,0,12,宏遠-桃園,2024-03-08,1262
3228,金麗科,12,0,12,宏遠-桃園,2024-03-08,1262
00929,復華台灣科技優息,41,30,11,宏遠-桃園,2024-03-08,1262
8054,安國,23,12,11,宏遠-桃園,2024-03-08,1262
6806,森崴能源,33,22,11,宏遠-桃園,2024-03-08,1262
9933,中鼎,10,0,10,宏遠-桃園,2024-03-08,1262
1444,力麗,10,0,10,宏遠-桃園,2024-03-08,1262
2014,中鴻,10,0,10,宏遠-桃園,2024-03-08,1262
2109,華豐,10,0,10,宏遠-桃園,2024-03-08,1262
2633,台灣高鐵,40,30,10,宏遠-桃園,2024-03-08,1262
3058,立德,10,0,10,宏遠-桃園,2024-03-08,1262
4513,福裕,10,0,10,宏遠-桃園,2024-03-08,1262
1101,台泥,10,1,9,宏遠-桃園,2024-03-08,1262
2892,第一金,11,2,9,宏遠-桃園,2024-03-08,1262
8473,山林水,10,1,9,宏遠-桃園,2024-03-08,1262
3122,笙泉,25,17,8,宏遠-桃園,2024-03-08,1262
2881,富邦金,8,0,8,宏遠-桃園,2024-03-08,1262
00715L,期街口布蘭特正2,226,1,225,宏遠-桃園,2024-03-11,1262
6176,瑞儀,168,22,146,宏遠-桃園,2024-03-11,1262
2516,新建,142,2,140,宏遠-桃園,2024-03-11,1262
00937B,群益ESG投等債20,122,0,122,宏遠-桃園,2024-03-11,1262
1905,華紙,100,0,100,宏遠-桃園,2024-03-11,1262
2892,第一金,101,2,99,宏遠-桃園,2024-03-11,1262
3481,群創,116,25,91,宏遠-桃園,2024-03-11,1262
00687B,國泰20年美債,66,0,66,宏遠-桃園,2024-03-11,1262
1618,合機,60,0,60,宏遠-桃園,2024-03-11,1262
2633,台灣高鐵,60,0,60,宏遠-桃園,2024-03-11,1262
6187,萬潤,54,1,53,宏遠-桃園,2024-03-11,1262
2002,中鋼,57,5,52,宏遠-桃園,2024-03-11,1262
1522,堤維西,50,0,50,宏遠-桃園,2024-03-11,1262
2915,潤泰全,45,1,44,宏遠-桃園,2024-03-11,1262
2603,長榮,41,0,41,宏遠-桃園,2024-03-11,1262
00929,復華台灣科技優息,40,0,40,宏遠-桃園,2024-03-11,1262
2330,台積電,37,2,35,宏遠-桃園,2024-03-11,1262
9103,美德醫療-DR,33,0,33,宏遠-桃園,2024-03-11,1262
00638R,元大滬深300反1,30,0,30,宏遠-桃園,2024-03-11,1262
1802,台玻,30,0,30,宏遠-桃園,2024-03-11,1262
8027,鈦昇,21,0,21,宏遠-桃園,2024-03-11,1262
2406,國碩,20,0,20,宏遠-桃園,2024-03-11,1262
4207,環泰,20,0,20,宏遠-桃園,2024-03-11,1262
2340,台亞,19,0,19,宏遠-桃園,2024-03-11,1262
3296,勝德,18,0,18,宏遠-桃園,2024-03-11,1262
1316,上曜,38,23,15,宏遠-桃園,2024-03-11,1262
5469,瀚宇博,15,0,15,宏遠-桃園,2024-03-11,1262
00895,富邦未來車,15,2,13,宏遠-桃園,2024-03-11,1262
2618,長榮航,20,7,13,宏遠-桃園,2024-03-11,1262
00933B,國泰10Y+金融債,11,0,11,宏遠-桃園,2024-03-11,1262
4513,福裕,11,0,11,宏遠-桃園,2024-03-11,1262
6442,光聖,10,0,10,宏遠-桃園,2024-03-11,1262
00935,野村臺灣新科技50,10,0,10,宏遠-桃園,2024-03-11,1262
00930,永豐ESG低碳高息,10,0,10,宏遠-桃園,2024-03-11,1262
2462,良得電,10,0,10,宏遠-桃園,2024-03-11,1262
2476,鉅祥,10,0,10,宏遠-桃園,2024-03-11,1262
6005,群益證,10,0,10,宏遠-桃園,2024-03-11,1262
8426,紅木-KY,12,2,10,宏遠-桃園,2024-03-11,1262
2367,燿華,16,7,9,宏遠-桃園,2024-03-11,1262
9941,裕融,8,0,8,宏遠-桃園,2024-03-11,1262
00918,大華優利高填息30,8,0,8,宏遠-桃園,2024-03-11,1262
1101,台泥,8,0,8,宏遠-桃園,2024-03-11,1262
2610,華航,10,2,8,宏遠-桃園,2024-03-11,1262
8933,愛地雅,7,0,7,宏遠-桃園,2024-03-11,1262
8936,國統,7,0,7,宏遠-桃園,2024-03-11,1262
9904,寶成,7,0,7,宏遠-桃園,2024-03-11,1262
00679B,元大美債20年,6,0,6,宏遠-桃園,2024-03-11,1262
1314,中石化,6,0,6,宏遠-桃園,2024-03-11,1262
00891,中信關鍵半導體,6,0,6,宏遠-桃園,2024-03-11,1262
3308,聯德,6,0,6,宏遠-桃園,2024-03-11,1262
00937B,群益ESG投等債20,583,0,583,宏遠-桃園,2024-03-12,1262
2516,新建,123,0,123,宏遠-桃園,2024-03-12,1262
6015,宏遠證,45,1,44,宏遠-桃園,2024-03-12,1262
00650L,復華香港正2,45,6,39,宏遠-桃園,2024-03-12,1262
2633,台灣高鐵,39,1,38,宏遠-桃園,2024-03-12,1262
00933B,國泰10Y+金融債,33,0,33,宏遠-桃園,2024-03-12,1262
2313,華通,44,12,32,宏遠-桃園,2024-03-12,1262
1582,信錦,32,4,28,宏遠-桃園,2024-03-12,1262
9904,寶成,28,1,27,宏遠-桃園,2024-03-12,1262
2543,皇昌,26,4,22,宏遠-桃園,2024-03-12,1262
00637L,元大滬深300正2,50,29,21,宏遠-桃園,2024-03-12,1262
1524,耿鼎,21,1,20,宏遠-桃園,2024-03-12,1262
2017,官田鋼,20,0,20,宏遠-桃園,2024-03-12,1262
00638R,元大滬深300反1,19,0,19,宏遠-桃園,2024-03-12,1262
6695,芯鼎,24,5,19,宏遠-桃園,2024-03-12,1262
8996,高力,24,8,16,宏遠-桃園,2024-03-12,1262
8163,達方,15,0,15,宏遠-桃園,2024-03-12,1262
6150,撼訊,18,4,14,宏遠-桃園,2024-03-12,1262
1503,士電,50,37,13,宏遠-桃園,2024-03-12,1262
1316,上曜,41,30,11,宏遠-桃園,2024-03-12,1262
2867,三商壽,11,0,11,宏遠-桃園,2024-03-12,1262
00725B,國泰投資級公司債,10,0,10,宏遠-桃園,2024-03-12,1262
2406,國碩,10,0,10,宏遠-桃園,2024-03-12,1262
9933,中鼎,10,0,10,宏遠-桃園,2024-03-12,1262
8027,鈦昇,10,1,9,宏遠-桃園,2024-03-12,1262
2440,太空梭,15,7,8,宏遠-桃園,2024-03-12,1262
3312,弘憶股,8,0,8,宏遠-桃園,2024-03-12,1262
3714,富采,18,10,8,宏遠-桃園,2024-03-12,1262
4714,永捷,10,2,8,宏遠-桃園,2024-03-12,1262
5880,合庫金,7,0,7,宏遠-桃園,2024-03-12,1262
3645,達邁,9,2,7,宏遠-桃園,2024-03-12,1262
2308,台達電,16,10,6,宏遠-桃園,2024-03-12,1262
00687B,國泰20年美債,6,0,6,宏遠-桃園,2024-03-12,1262
3047,訊舟,6,0,6,宏遠-桃園,2024-03-12,1262
3266,昇陽,6,0,6,宏遠-桃園,2024-03-12,1262
8105,凌巨,9,3,6,宏遠-桃園,2024-03-12,1262
6581,鋼聯,5,0,5,宏遠-桃園,2024-03-12,1262
1519,華城,17,12,5,宏遠-桃園,2024-03-12,1262
00882,中信中國高股息,5,0,5,宏遠-桃園,2024-03-12,1262
1313,聯成,5,0,5,宏遠-桃園,2024-03-12,1262
1615,大山,5,0,5,宏遠-桃園,2024-03-12,1262
1773,勝一,5,0,5,宏遠-桃園,2024-03-12,1262
2101,南港,5,0,5,宏遠-桃園,2024-03-12,1262
2537,聯上發,5,0,5,宏遠-桃園,2024-03-12,1262
2617,台航,5,0,5,宏遠-桃園,2024-03-12,1262
3013,晟銘電,5,0,5,宏遠-桃園,2024-03-12,1262
3051,力特,15,10,5,宏遠-桃園,2024-03-12,1262
3325,旭品,10,5,5,宏遠-桃園,2024-03-12,1262
5009,榮剛,5,0,5,宏遠-桃園,2024-03-12,1262
9941,裕融,5,0,5,宏遠-桃園,2024-03-12,1262
2516,新建,464,0,464,宏遠-桃園,2024-03-13,1262
1802,台玻,143,0,143,宏遠-桃園,2024-03-13,1262
00632R,元大台灣50反1,125,1,124,宏遠-桃園,2024-03-13,1262
00937B,群益ESG投等債20,122,0,122,宏遠-桃園,2024-03-13,1262
2476,鉅祥,100,1,99,宏遠-桃園,2024-03-13,1262
6616,特昇-KY,90,0,90,宏遠-桃園,2024-03-13,1262
3296,勝德,90,1,89,宏遠-桃園,2024-03-13,1262
00878,國泰永續高股息,96,22,74,宏遠-桃園,2024-03-13,1262
00919,群益台灣精選高息,88,21,67,宏遠-桃園,2024-03-13,1262
6112,邁達特,69,2,67,宏遠-桃園,2024-03-13,1262
6015,宏遠證,73,18,55,宏遠-桃園,2024-03-13,1262
3481,群創,54,4,50,宏遠-桃園,2024-03-13,1262
1612,宏泰,50,1,49,宏遠-桃園,2024-03-13,1262
1731,美吾華,51,3,48,宏遠-桃園,2024-03-13,1262
00637L,元大滬深300正2,41,7,34,宏遠-桃園,2024-03-13,1262
00687B,國泰20年美債,42,11,31,宏遠-桃園,2024-03-13,1262
6118,建達,30,0,30,宏遠-桃園,2024-03-13,1262
2329,華泰,36,9,27,宏遠-桃園,2024-03-13,1262
00933B,國泰10Y+金融債,26,0,26,宏遠-桃園,2024-03-13,1262
9905,大華,26,0,26,宏遠-桃園,2024-03-13,1262
0056,元大高股息,22,0,22,宏遠-桃園,2024-03-13,1262
2383,台光電,23,2,21,宏遠-桃園,2024-03-13,1262
5210,寶碩,21,0,21,宏遠-桃園,2024-03-13,1262
6126,信音,26,6,20,宏遠-桃園,2024-03-13,1262
3017,奇鋐,37,18,19,宏遠-桃園,2024-03-13,1262
8054,安國,25,7,18,宏遠-桃園,2024-03-13,1262
9942,茂順,18,0,18,宏遠-桃園,2024-03-13,1262
3231,緯創,19,2,17,宏遠-桃園,2024-03-13,1262
00680L,元大美債20正2,20,3,17,宏遠-桃園,2024-03-13,1262
5351,鈺創,20,3,17,宏遠-桃園,2024-03-13,1262
5426,振發,21,6,15,宏遠-桃園,2024-03-13,1262
2365,昆盈,15,1,14,宏遠-桃園,2024-03-13,1262
3443,創意,13,0,13,宏遠-桃園,2024-03-13,1262
2723,美食-KY,13,0,13,宏遠-桃園,2024-03-13,1262
00679B,元大美債20年,12,0,12,宏遠-桃園,2024-03-13,1262
00891,中信關鍵半導體,11,0,11,宏遠-桃園,2024-03-13,1262
2406,國碩,11,0,11,宏遠-桃園,2024-03-13,1262
3163,波若威,16,5,11,宏遠-桃園,2024-03-13,1262
1316,上曜,22,12,10,宏遠-桃園,2024-03-13,1262
00882,中信中國高股息,10,0,10,宏遠-桃園,2024-03-13,1262
2481,強茂,10,0,10,宏遠-桃園,2024-03-13,1262
2883B,凱基金乙特,10,0,10,宏遠-桃園,2024-03-13,1262
3024,憶聲,10,0,10,宏遠-桃園,2024-03-13,1262
3218,大學光,10,0,10,宏遠-桃園,2024-03-13,1262
3308,聯德,10,0,10,宏遠-桃園,2024-03-13,1262
8091,翔名,10,0,10,宏遠-桃園,2024-03-13,1262
8473,山林水,10,0,10,宏遠-桃園,2024-03-13,1262
9105,泰金寶-DR,10,0,10,宏遠-桃園,2024-03-13,1262
2801,彰銀,10,0,10,宏遠-桃園,2024-03-13,1262
3287,廣寰科,10,1,9,宏遠-桃園,2024-03-13,1262
6147,頎邦,162,3,159,宏遠-桃園,2024-03-14,1262
2913,農林,100,0,100,宏遠-桃園,2024-03-14,1262
00919,群益台灣精選高息,158,61,97,宏遠-桃園,2024-03-14,1262
9904,寶成,75,1,74,宏遠-桃園,2024-03-14,1262
00929,復華台灣科技優息,70,16,54,宏遠-桃園,2024-03-14,1262
2516,新建,50,4,46,宏遠-桃園,2024-03-14,1262
00632R,元大台灣50反1,44,1,43,宏遠-桃園,2024-03-14,1262
2476,鉅祥,41,1,40,宏遠-桃園,2024-03-14,1262
3390,旭軟,40,0,40,宏遠-桃園,2024-03-14,1262
00679B,元大美債20年,40,2,38,宏遠-桃園,2024-03-14,1262
00937B,群益ESG投等債20,35,0,35,宏遠-桃園,2024-03-14,1262
4207,環泰,32,0,32,宏遠-桃園,2024-03-14,1262
6206,飛捷,32,0,32,宏遠-桃園,2024-03-14,1262
00687B,國泰20年美債,35,5,30,宏遠-桃園,2024-03-14,1262
00918,大華優利高填息30,24,1,23,宏遠-桃園,2024-03-14,1262
6219,富旺,21,0,21,宏遠-桃園,2024-03-14,1262
2329,華泰,23,3,20,宏遠-桃園,2024-03-14,1262
3715,定穎投控,20,0,20,宏遠-桃園,2024-03-14,1262
6113,亞矽,20,0,20,宏遠-桃園,2024-03-14,1262
00637L,元大滬深300正2,27,8,19,宏遠-桃園,2024-03-14,1262
6596,寬宏藝術,20,1,19,宏遠-桃園,2024-03-14,1262
00930,永豐ESG低碳高息,18,0,18,宏遠-桃園,2024-03-14,1262
00935,野村臺灣新科技50,15,0,15,宏遠-桃園,2024-03-14,1262
2883B,凱基金乙特,15,0,15,宏遠-桃園,2024-03-14,1262
2618,長榮航,15,1,14,宏遠-桃園,2024-03-14,1262
7402,邑錡,14,0,14,宏遠-桃園,2024-03-14,1262
6442,光聖,13,0,13,宏遠-桃園,2024-03-14,1262
1316,上曜,33,21,12,宏遠-桃園,2024-03-14,1262
2368,金像電,12,0,12,宏遠-桃園,2024-03-14,1262
2834,臺企銀,12,0,12,宏遠-桃園,2024-03-14,1262
9942,茂順,12,0,12,宏遠-桃園,2024-03-14,1262
3005,神基,15,4,11,宏遠-桃園,2024-03-14,1262
3014,聯陽,11,0,11,宏遠-桃園,2024-03-14,1262
3231,緯創,15,4,11,宏遠-桃園,2024-03-14,1262
1731,美吾華,11,1,10,宏遠-桃園,2024-03-14,1262
1802,台玻,10,0,10,宏遠-桃園,2024-03-14,1262
2371,大同,10,0,10,宏遠-桃園,2024-03-14,1262
2462,良得電,10,0,10,宏遠-桃園,2024-03-14,1262
2515,中工,10,0,10,宏遠-桃園,2024-03-14,1262
2610,華航,11,1,10,宏遠-桃園,2024-03-14,1262
2801,彰銀,10,0,10,宏遠-桃園,2024-03-14,1262
2845,遠東銀,10,0,10,宏遠-桃園,2024-03-14,1262
6829,千附精密,10,0,10,宏遠-桃園,2024-03-14,1262
8091,翔名,10,0,10,宏遠-桃園,2024-03-14,1262
5388,中磊,10,1,9,宏遠-桃園,2024-03-14,1262
00650L,復華香港正2,8,0,8,宏遠-桃園,2024-03-14,1262
4763,材料-KY,8,0,8,宏遠-桃園,2024-03-14,1262
9945,潤泰新,7,0,7,宏遠-桃園,2024-03-14,1262
00915,凱基優選高股息30,7,0,7,宏遠-桃園,2024-03-14,1262
2597,潤弘,8,1,7,宏遠-桃園,2024-03-14,1262
6147,頎邦,308,5,303,宏遠-桃園,2024-03-15,1262
00937B,群益ESG投等債20,145,0,145,宏遠-桃園,2024-03-15,1262
00941,中信上游半導體,129,0,129,宏遠-桃園,2024-03-15,1262
00935,野村臺灣新科技50,114,0,114,宏遠-桃園,2024-03-15,1262
8426,紅木-KY,110,0,110,宏遠-桃園,2024-03-15,1262
2888,新光金,90,0,90,宏遠-桃園,2024-03-15,1262
00680L,元大美債20正2,80,0,80,宏遠-桃園,2024-03-15,1262
1802,台玻,80,0,80,宏遠-桃園,2024-03-15,1262
2611,志信,67,7,60,宏遠-桃園,2024-03-15,1262
00919,群益台灣精選高息,127,74,53,宏遠-桃園,2024-03-15,1262
1524,耿鼎,50,0,50,宏遠-桃園,2024-03-15,1262
9904,寶成,44,0,44,宏遠-桃園,2024-03-15,1262
00687B,國泰20年美債,43,8,35,宏遠-桃園,2024-03-15,1262
2618,長榮航,44,13,31,宏遠-桃園,2024-03-15,1262
2451,創見,30,0,30,宏遠-桃園,2024-03-15,1262
2476,鉅祥,30,0,30,宏遠-桃園,2024-03-15,1262
2816,旺旺保,30,0,30,宏遠-桃園,2024-03-15,1262
2834,臺企銀,31,1,30,宏遠-桃園,2024-03-15,1262
8096,擎亞,32,3,29,宏遠-桃園,2024-03-15,1262
2330,台積電,30,1,29,宏遠-桃園,2024-03-15,1262
2356,英業達,25,0,25,宏遠-桃園,2024-03-15,1262
00650L,復華香港正2,33,9,24,宏遠-桃園,2024-03-15,1262
00878,國泰永續高股息,40,18,22,宏遠-桃園,2024-03-15,1262
6125,廣運,25,3,22,宏遠-桃園,2024-03-15,1262
2329,華泰,23,2,21,宏遠-桃園,2024-03-15,1262
1731,美吾華,20,0,20,宏遠-桃園,2024-03-15,1262
8105,凌巨,20,0,20,宏遠-桃園,2024-03-15,1262
00679B,元大美債20年,55,37,18,宏遠-桃園,2024-03-15,1262
00933B,國泰10Y+金融債,16,0,16,宏遠-桃園,2024-03-15,1262
00922,國泰台灣領袖50,16,0,16,宏遠-桃園,2024-03-15,1262
7402,邑錡,14,0,14,宏遠-桃園,2024-03-15,1262
3228,金麗科,13,0,13,宏遠-桃園,2024-03-15,1262
2603,長榮,29,16,13,宏遠-桃園,2024-03-15,1262
2439,美律,13,0,13,宏遠-桃園,2024-03-15,1262
4746,台耀,13,0,13,宏遠-桃園,2024-03-15,1262
00795B,中信美國公債20年,17,5,12,宏遠-桃園,2024-03-15,1262
1609,大亞,31,20,11,宏遠-桃園,2024-03-15,1262
1815,富喬,11,0,11,宏遠-桃園,2024-03-15,1262
00895,富邦未來車,10,0,10,宏遠-桃園,2024-03-15,1262
1444,力麗,10,0,10,宏遠-桃園,2024-03-15,1262
3257,虹冠電,10,0,10,宏遠-桃園,2024-03-15,1262
6128,上福,10,0,10,宏遠-桃園,2024-03-15,1262
6596,寬宏藝術,10,0,10,宏遠-桃園,2024-03-15,1262
5351,鈺創,10,0,10,宏遠-桃園,2024-03-15,1262
1514,亞力,14,5,9,宏遠-桃園,2024-03-15,1262
6112,邁達特,9,0,9,宏遠-桃園,2024-03-15,1262
9943,好樂迪,9,0,9,宏遠-桃園,2024-03-15,1262
00637L,元大滬深300正2,8,0,8,宏遠-桃園,2024-03-15,1262
2440,太空梭,13,5,8,宏遠-桃園,2024-03-15,1262
2913,農林,8,0,8,宏遠-桃園,2024-03-15,1262
8426,紅木-KY,130,0,130,宏遠-桃園,2024-03-18,1262
00941,中信上游半導體,55,0,55,宏遠-桃園,2024-03-18,1262
2884,玉山金,41,0,41,宏遠-桃園,2024-03-18,1262
1447,力鵬,40,0,40,宏遠-桃園,2024-03-18,1262
2834,臺企銀,31,0,31,宏遠-桃園,2024-03-18,1262
00680L,元大美債20正2,40,10,30,宏遠-桃園,2024-03-18,1262
00645,富邦日本,30,0,30,宏遠-桃園,2024-03-18,1262
1305,華夏,30,0,30,宏遠-桃園,2024-03-18,1262
2610,華航,31,1,30,宏遠-桃園,2024-03-18,1262
5483,中美晶,32,2,30,宏遠-桃園,2024-03-18,1262
2883,凱基金,63,33,30,宏遠-桃園,2024-03-18,1262
00687B,國泰20年美債,29,3,26,宏遠-桃園,2024-03-18,1262
1503,士電,100,76,24,宏遠-桃園,2024-03-18,1262
6147,頎邦,25,1,24,宏遠-桃園,2024-03-18,1262
00937B,群益ESG投等債20,33,11,22,宏遠-桃園,2024-03-18,1262
00795B,中信美國公債20年,20,0,20,宏遠-桃園,2024-03-18,1262
6684,安格,30,10,20,宏遠-桃園,2024-03-18,1262
2889,國票金,26,6,20,宏遠-桃園,2024-03-18,1262
9904,寶成,20,0,20,宏遠-桃園,2024-03-18,1262
4714,永捷,27,8,19,宏遠-桃園,2024-03-18,1262
6695,芯鼎,50,31,19,宏遠-桃園,2024-03-18,1262
00638R,元大滬深300反1,18,0,18,宏遠-桃園,2024-03-18,1262
4414,如興,17,0,17,宏遠-桃園,2024-03-18,1262
2367,燿華,20,6,14,宏遠-桃園,2024-03-18,1262
2409,友達,16,2,14,宏遠-桃園,2024-03-18,1262
2317,鴻海,35,21,14,宏遠-桃園,2024-03-18,1262
8011,台通,12,0,12,宏遠-桃園,2024-03-18,1262
00751B,元大AAA至A公司債,11,0,11,宏遠-桃園,2024-03-18,1262
3540,曜越,11,0,11,宏遠-桃園,2024-03-18,1262
4766,南寶,12,1,11,宏遠-桃園,2024-03-18,1262
00933B,國泰10Y+金融債,10,0,10,宏遠-桃園,2024-03-18,1262
9942,茂順,10,0,10,宏遠-桃園,2024-03-18,1262
1227,佳格,10,0,10,宏遠-桃園,2024-03-18,1262
6151,晉倫,10,0,10,宏遠-桃園,2024-03-18,1262
2371,大同,10,1,9,宏遠-桃園,2024-03-18,1262
3056,富華新,9,0,9,宏遠-桃園,2024-03-18,1262
3715,定穎投控,12,3,9,宏遠-桃園,2024-03-18,1262
9958,世紀鋼,9,0,9,宏遠-桃園,2024-03-18,1262
4113,聯上,8,0,8,宏遠-桃園,2024-03-18,1262
8931,大汽電,8,0,8,宏遠-桃園,2024-03-18,1262
1513,中興電,86,79,7,宏遠-桃園,2024-03-18,1262
00885,富邦越南,88,81,7,宏遠-桃園,2024-03-18,1262
2440,太空梭,11,4,7,宏遠-桃園,2024-03-18,1262
00722B,群益投資級電信債,6,0,6,宏遠-桃園,2024-03-18,1262
2236,百達-KY,6,0,6,宏遠-桃園,2024-03-18,1262
2892,第一金,6,0,6,宏遠-桃園,2024-03-18,1262
00773B,中信優先金融債,5,0,5,宏遠-桃園,2024-03-18,1262
00772B,中信高評級公司債,5,0,5,宏遠-桃園,2024-03-18,1262
00857B,永豐20年美公債,5,0,5,宏遠-桃園,2024-03-18,1262
00830,國泰費城半導體,5,0,5,宏遠-桃園,2024-03-18,1262
2885,元大金,201,1,200,宏遠-桃園,2024-03-19,1262
00937B,群益ESG投等債20,124,13,111,宏遠-桃園,2024-03-19,1262
00687B,國泰20年美債,106,0,106,宏遠-桃園,2024-03-19,1262
2633,台灣高鐵,100,0,100,宏遠-桃園,2024-03-19,1262
00679B,元大美債20年,79,13,66,宏遠-桃園,2024-03-19,1262
1416,廣豐,55,0,55,宏遠-桃園,2024-03-19,1262
4720,德淵,50,0,50,宏遠-桃園,2024-03-19,1262
00680L,元大美債20正2,54,12,42,宏遠-桃園,2024-03-19,1262
6505,台塑化,32,0,32,宏遠-桃園,2024-03-19,1262
2883,凱基金,30,0,30,宏遠-桃園,2024-03-19,1262
00706L,期元大S＆P日圓正2,30,1,29,宏遠-桃園,2024-03-19,1262
2404,漢唐,29,1,28,宏遠-桃園,2024-03-19,1262
2542,興富發,25,0,25,宏遠-桃園,2024-03-19,1262
8096,擎亞,22,0,22,宏遠-桃園,2024-03-19,1262
9904,寶成,21,0,21,宏遠-桃園,2024-03-19,1262
6122,擎邦,20,0,20,宏遠-桃園,2024-03-19,1262
2834,臺企銀,20,0,20,宏遠-桃園,2024-03-19,1262
3312,弘憶股,20,0,20,宏遠-桃園,2024-03-19,1262
3576,聯合再生,20,0,20,宏遠-桃園,2024-03-19,1262
00638R,元大滬深300反1,20,2,18,宏遠-桃園,2024-03-19,1262
1612,宏泰,18,0,18,宏遠-桃園,2024-03-19,1262
2353,宏��,16,0,16,宏遠-桃園,2024-03-19,1262
4768,晶呈科技,16,0,16,宏遠-桃園,2024-03-19,1262
4766,南寶,15,0,15,宏遠-桃園,2024-03-19,1262
00650L,復華香港正2,24,10,14,宏遠-桃園,2024-03-19,1262
9942,茂順,14,0,14,宏遠-桃園,2024-03-19,1262
8054,安國,14,2,12,宏遠-桃園,2024-03-19,1262
00941,中信上游半導體,12,0,12,宏遠-桃園,2024-03-19,1262
2439,美律,12,0,12,宏遠-桃園,2024-03-19,1262
1513,中興電,22,11,11,宏遠-桃園,2024-03-19,1262
00929,復華台灣科技優息,36,25,11,宏遠-桃園,2024-03-19,1262
3372,典範,10,0,10,宏遠-桃園,2024-03-19,1262
3443,創意,11,1,10,宏遠-桃園,2024-03-19,1262
6163,華電網,10,0,10,宏遠-桃園,2024-03-19,1262
6170,統振,10,0,10,宏遠-桃園,2024-03-19,1262
1444,力麗,10,0,10,宏遠-桃園,2024-03-19,1262
2431,聯昌,10,0,10,宏遠-桃園,2024-03-19,1262
2485,兆赫,10,0,10,宏遠-桃園,2024-03-19,1262
5515,建國,13,3,10,宏遠-桃園,2024-03-19,1262
6901,鑽石投資,10,0,10,宏遠-桃園,2024-03-19,1262
2329,華泰,15,6,9,宏遠-桃園,2024-03-19,1262
1101,台泥,9,0,9,宏遠-桃園,2024-03-19,1262
00882,中信中國高股息,9,0,9,宏遠-桃園,2024-03-19,1262
2464,盟立,10,1,9,宏遠-桃園,2024-03-19,1262
4503,金雨,10,1,9,宏遠-桃園,2024-03-19,1262
6125,廣運,23,14,9,宏遠-桃園,2024-03-19,1262
5426,振發,10,1,9,宏遠-桃園,2024-03-19,1262
00772B,中信高評級公司債,8,0,8,宏遠-桃園,2024-03-19,1262
1503,士電,75,67,8,宏遠-桃園,2024-03-19,1262
4414,如興,8,0,8,宏遠-桃園,2024-03-19,1262
00939,統一台灣高息動能,437,0,437,宏遠-桃園,2024-03-20,1262
2442,新美齊,117,0,117,宏遠-桃園,2024-03-20,1262
6147,頎邦,123,28,95,宏遠-桃園,2024-03-20,1262
9904,寶成,73,6,67,宏遠-桃園,2024-03-20,1262
2618,長榮航,60,5,55,宏遠-桃園,2024-03-20,1262
2883B,凱基金乙特,50,0,50,宏遠-桃園,2024-03-20,1262
00878,國泰永續高股息,51,2,49,宏遠-桃園,2024-03-20,1262
2888,新光金,52,3,49,宏遠-桃園,2024-03-20,1262
1815,富喬,47,2,45,宏遠-桃園,2024-03-20,1262
1524,耿鼎,42,3,39,宏遠-桃園,2024-03-20,1262
1101,台泥,40,3,37,宏遠-桃園,2024-03-20,1262
3481,群創,39,4,35,宏遠-桃園,2024-03-20,1262
6112,邁達特,33,0,33,宏遠-桃園,2024-03-20,1262
1612,宏泰,30,0,30,宏遠-桃園,2024-03-20,1262
00679B,元大美債20年,27,0,27,宏遠-桃園,2024-03-20,1262
9958,世紀鋼,24,1,23,宏遠-桃園,2024-03-20,1262
2489,瑞軒,22,0,22,宏遠-桃園,2024-03-20,1262
2356,英業達,22,1,21,宏遠-桃園,2024-03-20,1262
2607,榮運,21,0,21,宏遠-桃園,2024-03-20,1262
6113,亞矽,20,0,20,宏遠-桃園,2024-03-20,1262
1605,華新,20,3,17,宏遠-桃園,2024-03-20,1262
6742,澤米,21,4,17,宏遠-桃園,2024-03-20,1262
00645,富邦日本,15,0,15,宏遠-桃園,2024-03-20,1262
00680L,元大美債20正2,20,5,15,宏遠-桃園,2024-03-20,1262
1584,精剛,15,0,15,宏遠-桃園,2024-03-20,1262
3059,華晶科,16,1,15,宏遠-桃園,2024-03-20,1262
4306,炎洲,15,0,15,宏遠-桃園,2024-03-20,1262
2834,臺企銀,14,0,14,宏遠-桃園,2024-03-20,1262
00941,中信上游半導體,13,0,13,宏遠-桃園,2024-03-20,1262
2883,凱基金,15,2,13,宏遠-桃園,2024-03-20,1262
4526,東台,13,0,13,宏遠-桃園,2024-03-20,1262
2382,廣達,19,6,13,宏遠-桃園,2024-03-20,1262
2330,台積電,24,12,12,宏遠-桃園,2024-03-20,1262
2313,華通,19,8,11,宏遠-桃園,2024-03-20,1262
2405,輔信,11,0,11,宏遠-桃園,2024-03-20,1262
00712,復華富時不動產,9,0,9,宏遠-桃園,2024-03-20,1262
2377,微星,10,1,9,宏遠-桃園,2024-03-20,1262
4545,銘鈺,9,0,9,宏遠-桃園,2024-03-20,1262
4938,和碩,28,20,8,宏遠-桃園,2024-03-20,1262
2880,華南金,8,0,8,宏遠-桃園,2024-03-20,1262
2009,第一銅,8,0,8,宏遠-桃園,2024-03-20,1262
2344,華邦電,8,0,8,宏遠-桃園,2024-03-20,1262
3029,零壹,8,0,8,宏遠-桃園,2024-03-20,1262
9941,裕融,9,1,8,宏遠-桃園,2024-03-20,1262
2374,佳能,29,22,7,宏遠-桃園,2024-03-20,1262
3617,碩天,7,0,7,宏遠-桃園,2024-03-20,1262
6187,萬潤,7,0,7,宏遠-桃園,2024-03-20,1262
00857B,永豐20年美公債,6,0,6,宏遠-桃園,2024-03-20,1262
2241,艾姆勒,6,0,6,宏遠-桃園,2024-03-20,1262
2453,凌群,6,0,6,宏遠-桃園,2024-03-20,1262
00939,統一台灣高息動能,288,1,287,宏遠-桃園,2024-03-21,1262
00632R,元大台灣50反1,123,0,123,宏遠-桃園,2024-03-21,1262
1815,富喬,111,0,111,宏遠-桃園,2024-03-21,1262
00764B,群益25年美債,100,0,100,宏遠-桃園,2024-03-21,1262
2489,瑞軒,79,2,77,宏遠-桃園,2024-03-21,1262
1504,東元,93,20,73,宏遠-桃園,2024-03-21,1262
00919,群益台灣精選高息,99,42,57,宏遠-桃園,2024-03-21,1262
00930,永豐ESG低碳高息,49,0,49,宏遠-桃園,2024-03-21,1262
2406,國碩,55,13,42,宏遠-桃園,2024-03-21,1262
2442,新美齊,34,0,34,宏遠-桃園,2024-03-21,1262
00937B,群益ESG投等債20,25,0,25,宏遠-桃園,2024-03-21,1262
4938,和碩,23,1,22,宏遠-桃園,2024-03-21,1262
6122,擎邦,21,0,21,宏遠-桃園,2024-03-21,1262
5864,致和證,20,0,20,宏遠-桃園,2024-03-21,1262
6113,亞矽,20,0,20,宏遠-桃園,2024-03-21,1262
2834,臺企銀,21,2,19,宏遠-桃園,2024-03-21,1262
1524,耿鼎,25,7,18,宏遠-桃園,2024-03-21,1262
6235,華孚,19,2,17,宏遠-桃園,2024-03-21,1262
00679B,元大美債20年,16,0,16,宏遠-桃園,2024-03-21,1262
3706,神達,67,51,16,宏遠-桃園,2024-03-21,1262
2330,台積電,64,48,16,宏遠-桃園,2024-03-21,1262
2607,榮運,15,0,15,宏遠-桃園,2024-03-21,1262
1513,中興電,27,13,14,宏遠-桃園,2024-03-21,1262
3005,神基,20,6,14,宏遠-桃園,2024-03-21,1262
6152,百一,12,0,12,宏遠-桃園,2024-03-21,1262
2354,鴻準,16,5,11,宏遠-桃園,2024-03-21,1262
6285,啟��,12,1,11,宏遠-桃園,2024-03-21,1262
1612,宏泰,10,0,10,宏遠-桃園,2024-03-21,1262
2405,輔信,12,2,10,宏遠-桃園,2024-03-21,1262
3287,廣寰科,10,0,10,宏遠-桃園,2024-03-21,1262
5426,振發,10,0,10,宏遠-桃園,2024-03-21,1262
6901,鑽石投資,10,0,10,宏遠-桃園,2024-03-21,1262
8011,台通,10,0,10,宏遠-桃園,2024-03-21,1262
9942,茂順,10,0,10,宏遠-桃園,2024-03-21,1262
00680L,元大美債20正2,10,0,10,宏遠-桃園,2024-03-21,1262
00751B,元大AAA至A公司債,9,0,9,宏遠-桃園,2024-03-21,1262
6288,聯嘉,8,1,7,宏遠-桃園,2024-03-21,1262
2371,大同,21,15,6,宏遠-桃園,2024-03-21,1262
1734,杏輝,6,0,6,宏遠-桃園,2024-03-21,1262
4967,十銓,9,3,6,宏遠-桃園,2024-03-21,1262
6269,台郡,6,0,6,宏遠-桃園,2024-03-21,1262
8277,商丞,6,0,6,宏遠-桃園,2024-03-21,1262
00918,大華優利高填息30,11,6,5,宏遠-桃園,2024-03-21,1262
00857B,永豐20年美公債,5,0,5,宏遠-桃園,2024-03-21,1262
00712,復華富時不動產,5,0,5,宏遠-桃園,2024-03-21,1262
3042,晶技,5,0,5,宏遠-桃園,2024-03-21,1262
6147,頎邦,5,0,5,宏遠-桃園,2024-03-21,1262
6191,精成科,5,0,5,宏遠-桃園,2024-03-21,1262
8096,擎亞,25,20,5,宏遠-桃園,2024-03-21,1262
3227,原相,5,1,4,宏遠-桃園,2024-03-21,1262
6147,頎邦,358,0,358,宏遠-桃園,2024-03-22,1262
3481,群創,159,32,127,宏遠-桃園,2024-03-22,1262
5864,致和證,72,0,72,宏遠-桃園,2024-03-22,1262
00937B,群益ESG投等債20,71,0,71,宏遠-桃園,2024-03-22,1262
00664R,國泰臺灣加權反1,60,0,60,宏遠-桃園,2024-03-22,1262
6005,群益證,50,0,50,宏遠-桃園,2024-03-22,1262
1815,富喬,49,0,49,宏遠-桃園,2024-03-22,1262
2486,一詮,46,6,40,宏遠-桃園,2024-03-22,1262
3338,泰碩,40,0,40,宏遠-桃園,2024-03-22,1262
00650L,復華香港正2,160,122,38,宏遠-桃園,2024-03-22,1262
5356,協益,34,0,34,宏遠-桃園,2024-03-22,1262
00638R,元大滬深300反1,34,2,32,宏遠-桃園,2024-03-22,1262
2303,聯電,42,11,31,宏遠-桃園,2024-03-22,1262
6269,台郡,30,0,30,宏遠-桃園,2024-03-22,1262
00919,群益台灣精選高息,77,51,26,宏遠-桃園,2024-03-22,1262
8054,安國,38,12,26,宏遠-桃園,2024-03-22,1262
00687B,國泰20年美債,25,0,25,宏遠-桃園,2024-03-22,1262
2633,台灣高鐵,24,0,24,宏遠-桃園,2024-03-22,1262
6202,盛群,21,0,21,宏遠-桃園,2024-03-22,1262
5426,振發,20,0,20,宏遠-桃園,2024-03-22,1262
2404,漢唐,20,0,20,宏遠-桃園,2024-03-22,1262
00645,富邦日本,20,0,20,宏遠-桃園,2024-03-22,1262
2006,東和鋼鐵,20,0,20,宏遠-桃園,2024-03-22,1262
5498,凱崴,20,0,20,宏遠-桃園,2024-03-22,1262
2406,國碩,24,5,19,宏遠-桃園,2024-03-22,1262
4563,百德,19,0,19,宏遠-桃園,2024-03-22,1262
2607,榮運,17,0,17,宏遠-桃園,2024-03-22,1262
00637L,元大滬深300正2,19,3,16,宏遠-桃園,2024-03-22,1262
6753,龍德造船,15,0,15,宏遠-桃園,2024-03-22,1262
1524,耿鼎,15,2,13,宏遠-桃園,2024-03-22,1262
2442,新美齊,13,0,13,宏遠-桃園,2024-03-22,1262
6288,聯嘉,13,0,13,宏遠-桃園,2024-03-22,1262
6742,澤米,15,3,12,宏遠-桃園,2024-03-22,1262
2353,宏��,27,16,11,宏遠-桃園,2024-03-22,1262
2329,華泰,17,6,11,宏遠-桃園,2024-03-22,1262
1618,合機,15,4,11,宏遠-桃園,2024-03-22,1262
5009,榮剛,11,0,11,宏遠-桃園,2024-03-22,1262
3005,神基,15,4,11,宏遠-桃園,2024-03-22,1262
1605,華新,19,9,10,宏遠-桃園,2024-03-22,1262
00753L,中信中國50正2,72,62,10,宏遠-桃園,2024-03-22,1262
3645,達邁,10,0,10,宏遠-桃園,2024-03-22,1262
4976,佳凌,10,0,10,宏遠-桃園,2024-03-22,1262
8183,精星,10,0,10,宏遠-桃園,2024-03-22,1262
8426,紅木-KY,10,0,10,宏遠-桃園,2024-03-22,1262
00706L,期元大S＆P日圓正2,9,0,9,宏遠-桃園,2024-03-22,1262
5347,世界,12,4,8,宏遠-桃園,2024-03-22,1262
6235,華孚,10,2,8,宏遠-桃園,2024-03-22,1262
2388,威盛,7,0,7,宏遠-桃園,2024-03-22,1262
2440,太空梭,7,0,7,宏遠-桃園,2024-03-22,1262
4770,上品,8,1,7,宏遠-桃園,2024-03-22,1262
5347,世界,208,0,208,宏遠-桃園,2024-03-25,1262
2891,中信金,200,0,200,宏遠-桃園,2024-03-25,1262
00933B,國泰10Y+金融債,160,0,160,宏遠-桃園,2024-03-25,1262
00939,統一台灣高息動能,145,2,143,宏遠-桃園,2024-03-25,1262
6147,頎邦,84,2,82,宏遠-桃園,2024-03-25,1262
6188,廣明,73,1,72,宏遠-桃園,2024-03-25,1262
2890,永豐金,70,0,70,宏遠-桃園,2024-03-25,1262
6269,台郡,69,0,69,宏遠-桃園,2024-03-25,1262
2356,英業達,67,6,61,宏遠-桃園,2024-03-25,1262
5864,致和證,60,0,60,宏遠-桃園,2024-03-25,1262
2002,中鋼,62,8,54,宏遠-桃園,2024-03-25,1262
2883B,凱基金乙特,50,0,50,宏遠-桃園,2024-03-25,1262
00919,群益台灣精選高息,45,7,38,宏遠-桃園,2024-03-25,1262
3050,鈺德,27,0,27,宏遠-桃園,2024-03-25,1262
6235,華孚,25,0,25,宏遠-桃園,2024-03-25,1262
2440,太空梭,20,0,20,宏遠-桃園,2024-03-25,1262
2607,榮運,20,0,20,宏遠-桃園,2024-03-25,1262
00632R,元大台灣50反1,18,0,18,宏遠-桃園,2024-03-25,1262
4173,久裕,18,0,18,宏遠-桃園,2024-03-25,1262
9904,寶成,17,0,17,宏遠-桃園,2024-03-25,1262
2317,鴻海,63,46,17,宏遠-桃園,2024-03-25,1262
2303,聯電,56,39,17,宏遠-桃園,2024-03-25,1262
3479,安勤,15,0,15,宏遠-桃園,2024-03-25,1262
3231,緯創,15,1,14,宏遠-桃園,2024-03-25,1262
5439,高技,23,9,14,宏遠-桃園,2024-03-25,1262
1618,合機,16,3,13,宏遠-桃園,2024-03-25,1262
1608,華榮,25,13,12,宏遠-桃園,2024-03-25,1262
2464,盟立,13,1,12,宏遠-桃園,2024-03-25,1262
6113,亞矽,12,0,12,宏遠-桃園,2024-03-25,1262
00724B,群益投資級金融債,11,0,11,宏遠-桃園,2024-03-25,1262
0056,元大高股息,11,0,11,宏遠-桃園,2024-03-25,1262
1609,大亞,101,90,11,宏遠-桃園,2024-03-25,1262
00664R,國泰臺灣加權反1,10,0,10,宏遠-桃園,2024-03-25,1262
00725B,國泰投資級公司債,10,0,10,宏遠-桃園,2024-03-25,1262
2201,裕隆,10,0,10,宏遠-桃園,2024-03-25,1262
4420,光明,10,0,10,宏遠-桃園,2024-03-25,1262
6163,華電網,10,0,10,宏遠-桃園,2024-03-25,1262
8011,台通,10,0,10,宏遠-桃園,2024-03-25,1262
1514,亞力,22,13,9,宏遠-桃園,2024-03-25,1262
1717,長興,13,4,9,宏遠-桃園,2024-03-25,1262
2367,燿華,20,11,9,宏遠-桃園,2024-03-25,1262
4976,佳凌,10,1,9,宏遠-桃園,2024-03-25,1262
1217,愛之味,6,0,6,宏遠-桃園,2024-03-25,1262
1471,首利,6,0,6,宏遠-桃園,2024-03-25,1262
2538,基泰,6,0,6,宏遠-桃園,2024-03-25,1262
6443,元晶,6,0,6,宏遠-桃園,2024-03-25,1262
8440,綠電,6,0,6,宏遠-桃園,2024-03-25,1262
00687B,國泰20年美債,5,0,5,宏遠-桃園,2024-03-25,1262
2101,南港,5,0,5,宏遠-桃園,2024-03-25,1262
2882,國泰金,5,0,5,宏遠-桃園,2024-03-25,1262
6269,台郡,261,0,261,宏遠-桃園,2024-03-26,1262
6147,頎邦,202,1,201,宏遠-桃園,2024-03-26,1262
00632R,元大台灣50反1,89,1,88,宏遠-桃園,2024-03-26,1262
2329,華泰,97,9,88,宏遠-桃園,2024-03-26,1262
2371,大同,98,15,83,宏遠-桃園,2024-03-26,1262
1612,宏泰,307,226,81,宏遠-桃園,2024-03-26,1262
00939,統一台灣高息動能,79,3,76,宏遠-桃園,2024-03-26,1262
2388,威盛,74,5,69,宏遠-桃園,2024-03-26,1262
2883B,凱基金乙特,50,0,50,宏遠-桃園,2024-03-26,1262
3050,鈺德,46,0,46,宏遠-桃園,2024-03-26,1262
00679B,元大美債20年,45,0,45,宏遠-桃園,2024-03-26,1262
1309,台達化,40,0,40,宏遠-桃園,2024-03-26,1262
00919,群益台灣精選高息,71,34,37,宏遠-桃園,2024-03-26,1262
1618,合機,95,62,33,宏遠-桃園,2024-03-26,1262
6125,廣運,46,13,33,宏遠-桃園,2024-03-26,1262
2607,榮運,30,1,29,宏遠-桃園,2024-03-26,1262
8054,安國,27,4,23,宏遠-桃園,2024-03-26,1262
6188,廣明,26,5,21,宏遠-桃園,2024-03-26,1262
2618,長榮航,20,0,20,宏遠-桃園,2024-03-26,1262
3231,緯創,28,8,20,宏遠-桃園,2024-03-26,1262
2913,農林,19,0,19,宏遠-桃園,2024-03-26,1262
00687B,國泰20年美債,16,0,16,宏遠-桃園,2024-03-26,1262
6112,邁達特,15,0,15,宏遠-桃園,2024-03-26,1262
2009,第一銅,15,2,13,宏遠-桃園,2024-03-26,1262
6742,澤米,13,0,13,宏遠-桃園,2024-03-26,1262
3686,達能,12,0,12,宏遠-桃園,2024-03-26,1262
4938,和碩,31,20,11,宏遠-桃園,2024-03-26,1262
6235,華孚,13,2,11,宏遠-桃園,2024-03-26,1262
2303,聯電,70,59,11,宏遠-桃園,2024-03-26,1262
00878,國泰永續高股息,15,4,11,宏遠-桃園,2024-03-26,1262
1326,台化,10,0,10,宏遠-桃園,2024-03-26,1262
1310,台苯,10,0,10,宏遠-桃園,2024-03-26,1262
2359,所羅門,13,3,10,宏遠-桃園,2024-03-26,1262
2442,新美齊,10,0,10,宏遠-桃園,2024-03-26,1262
3419,譁裕,10,0,10,宏遠-桃園,2024-03-26,1262
3498,陽程,10,0,10,宏遠-桃園,2024-03-26,1262
6122,擎邦,10,0,10,宏遠-桃園,2024-03-26,1262
3707,漢磊,10,1,9,宏遠-桃園,2024-03-26,1262
2449,京元電子,9,1,8,宏遠-桃園,2024-03-26,1262
1605,華新,19,11,8,宏遠-桃園,2024-03-26,1262
2316,楠梓電,7,0,7,宏遠-桃園,2024-03-26,1262
3706,神達,11,4,7,宏遠-桃園,2024-03-26,1262
5511,德昌,7,0,7,宏遠-桃園,2024-03-26,1262
2486,一詮,41,35,6,宏遠-桃園,2024-03-26,1262
8936,國統,10,4,6,宏遠-桃園,2024-03-26,1262
8996,高力,18,12,6,宏遠-桃園,2024-03-26,1262
6589,台康生技,5,0,5,宏遠-桃園,2024-03-26,1262
3443,創意,5,0,5,宏遠-桃園,2024-03-26,1262
00764B,群益25年美債,5,0,5,宏遠-桃園,2024-03-26,1262
1731,美吾華,5,0,5,宏遠-桃園,2024-03-26,1262
5876,上海商銀,850,0,850,宏遠-桃園,2024-03-27,1262
4167,松瑞藥,250,0,250,宏遠-桃園,2024-03-27,1262
1723,中碳,219,2,217,宏遠-桃園,2024-03-27,1262
6257,矽格,202,2,200,宏遠-桃園,2024-03-27,1262
6015,宏遠證,126,1,125,宏遠-桃園,2024-03-27,1262
1603,華電,96,6,90,宏遠-桃園,2024-03-27,1262
3596,智易,88,0,88,宏遠-桃園,2024-03-27,1262
3050,鈺德,67,0,67,宏遠-桃園,2024-03-27,1262
2317,鴻海,79,18,61,宏遠-桃園,2024-03-27,1262
5864,致和證,50,0,50,宏遠-桃園,2024-03-27,1262
2888,新光金,50,2,48,宏遠-桃園,2024-03-27,1262
2464,盟立,53,7,46,宏遠-桃園,2024-03-27,1262
00650L,復華香港正2,76,34,42,宏遠-桃園,2024-03-27,1262
1815,富喬,31,1,30,宏遠-桃園,2024-03-27,1262
9921,巨大,30,0,30,宏遠-桃園,2024-03-27,1262
2486,一詮,28,1,27,宏遠-桃園,2024-03-27,1262
1609,大亞,40,13,27,宏遠-桃園,2024-03-27,1262
00638R,元大滬深300反1,26,0,26,宏遠-桃園,2024-03-27,1262
00941,中信上游半導體,31,5,26,宏遠-桃園,2024-03-27,1262
1215,卜蜂,25,0,25,宏遠-桃園,2024-03-27,1262
6147,頎邦,24,1,23,宏遠-桃園,2024-03-27,1262
2607,榮運,22,0,22,宏遠-桃園,2024-03-27,1262
8011,台通,24,2,22,宏遠-桃園,2024-03-27,1262
6605,帝寶,22,1,21,宏遠-桃園,2024-03-27,1262
1612,宏泰,21,2,19,宏遠-桃園,2024-03-27,1262
2388,威盛,15,0,15,宏遠-桃園,2024-03-27,1262
3231,緯創,14,0,14,宏遠-桃園,2024-03-27,1262
00939,統一台灣高息動能,17,4,13,宏遠-桃園,2024-03-27,1262
1513,中興電,45,33,12,宏遠-桃園,2024-03-27,1262
1799,易威,10,0,10,宏遠-桃園,2024-03-27,1262
2482,連宇,10,0,10,宏遠-桃園,2024-03-27,1262
2603,長榮,13,3,10,宏遠-桃園,2024-03-27,1262
4513,福裕,10,0,10,宏遠-桃園,2024-03-27,1262
6176,瑞儀,10,0,10,宏遠-桃園,2024-03-27,1262
3044,健鼎,9,0,9,宏遠-桃園,2024-03-27,1262
9941,裕融,9,0,9,宏遠-桃園,2024-03-27,1262
00706L,期元大S＆P日圓正2,10,2,8,宏遠-桃園,2024-03-27,1262
3017,奇鋐,11,3,8,宏遠-桃園,2024-03-27,1262
3489,森寶,8,0,8,宏遠-桃園,2024-03-27,1262
6477,安集,11,3,8,宏遠-桃園,2024-03-27,1262
6875,國邑*,8,0,8,宏遠-桃園,2024-03-27,1262
3508,位速,7,0,7,宏遠-桃園,2024-03-27,1262
2882,國泰金,7,0,7,宏遠-桃園,2024-03-27,1262
2385,群光,10,3,7,宏遠-桃園,2024-03-27,1262
3607,谷崧,7,0,7,宏遠-桃園,2024-03-27,1262
2301,光寶科,6,0,6,宏遠-桃園,2024-03-27,1262
1907,永豐餘,6,0,6,宏遠-桃園,2024-03-27,1262
6139,亞翔,6,0,6,宏遠-桃園,2024-03-27,1262
6770,力積電,6,0,6,宏遠-桃園,2024-03-27,1262
5426,振發,6,0,6,宏遠-桃園,2024-03-27,1262
2883,凱基金,777,140,637,宏遠-桃園,2024-03-28,1262
00937B,群益ESG投等債20,163,0,163,宏遠-桃園,2024-03-28,1262
2371,大同,116,17,99,宏遠-桃園,2024-03-28,1262
3005,神基,93,17,76,宏遠-桃園,2024-03-28,1262
6113,亞矽,74,0,74,宏遠-桃園,2024-03-28,1262
2634,漢翔,52,1,51,宏遠-桃園,2024-03-28,1262
1802,台玻,50,0,50,宏遠-桃園,2024-03-28,1262
00919,群益台灣精選高息,70,23,47,宏遠-桃園,2024-03-28,1262
3294,英濟,45,0,45,宏遠-桃園,2024-03-28,1262
1789,神隆,44,0,44,宏遠-桃園,2024-03-28,1262
5426,振發,44,0,44,宏遠-桃園,2024-03-28,1262
00638R,元大滬深300反1,31,0,31,宏遠-桃園,2024-03-28,1262
8103,瀚荃,30,0,30,宏遠-桃園,2024-03-28,1262
2388,威盛,28,0,28,宏遠-桃園,2024-03-28,1262
6125,廣運,25,1,24,宏遠-桃園,2024-03-28,1262
2330,台積電,24,1,23,宏遠-桃園,2024-03-28,1262
2329,華泰,20,0,20,宏遠-桃園,2024-03-28,1262
2462,良得電,20,0,20,宏遠-桃園,2024-03-28,1262
4173,久裕,20,0,20,宏遠-桃園,2024-03-28,1262
4207,環泰,20,0,20,宏遠-桃園,2024-03-28,1262
4510,高鋒,20,0,20,宏遠-桃園,2024-03-28,1262
5351,鈺創,20,0,20,宏遠-桃園,2024-03-28,1262
9958,世紀鋼,21,1,20,宏遠-桃園,2024-03-28,1262
2206,三陽工業,20,0,20,宏遠-桃園,2024-03-28,1262
1815,富喬,40,25,15,宏遠-桃園,2024-03-28,1262
2486,一詮,15,0,15,宏遠-桃園,2024-03-28,1262
2317,鴻海,41,27,14,宏遠-桃園,2024-03-28,1262
9939,宏全,15,1,14,宏遠-桃園,2024-03-28,1262
1618,合機,12,0,12,宏遠-桃園,2024-03-28,1262
6742,澤米,13,1,12,宏遠-桃園,2024-03-28,1262
1907,永豐餘,10,0,10,宏遠-桃園,2024-03-28,1262
00764B,群益25年美債,10,0,10,宏遠-桃園,2024-03-28,1262
1444,力麗,10,0,10,宏遠-桃園,2024-03-28,1262
2002,中鋼,10,0,10,宏遠-桃園,2024-03-28,1262
2485,兆赫,10,0,10,宏遠-桃園,2024-03-28,1262
2607,榮運,10,0,10,宏遠-桃園,2024-03-28,1262
2707,晶華,10,0,10,宏遠-桃園,2024-03-28,1262
4142,國光生,10,0,10,宏遠-桃園,2024-03-28,1262
4976,佳凌,10,0,10,宏遠-桃園,2024-03-28,1262
8039,台虹,10,0,10,宏遠-桃園,2024-03-28,1262
8105,凌巨,15,5,10,宏遠-桃園,2024-03-28,1262
3706,神達,100,91,9,宏遠-桃園,2024-03-28,1262
00939,統一台灣高息動能,14,6,8,宏遠-桃園,2024-03-28,1262
1514,亞力,11,3,8,宏遠-桃園,2024-03-28,1262
1513,中興電,28,20,8,宏遠-桃園,2024-03-28,1262
9904,寶成,13,5,8,宏遠-桃園,2024-03-28,1262
3025,星通,7,0,7,宏遠-桃園,2024-03-28,1262
3443,創意,7,0,7,宏遠-桃園,2024-03-28,1262
4105,東洋,7,0,7,宏遠-桃園,2024-03-28,1262
00878,國泰永續高股息,10,4,6,宏遠-桃園,2024-03-28,1262
2885,元大金,273,0,273,宏遠-桃園,2024-03-29,1262
1617,榮星,50,0,50,宏遠-桃園,2024-03-29,1262
4562,穎漢,53,4,49,宏遠-桃園,2024-03-29,1262
00680L,元大美債20正2,47,0,47,宏遠-桃園,2024-03-29,1262
3013,晟銘電,80,39,41,宏遠-桃園,2024-03-29,1262
2206,三陽工業,40,0,40,宏遠-桃園,2024-03-29,1262
3005,神基,76,37,39,宏遠-桃園,2024-03-29,1262
6015,宏遠證,37,0,37,宏遠-桃園,2024-03-29,1262
1618,合機,41,6,35,宏遠-桃園,2024-03-29,1262
00632R,元大台灣50反1,32,0,32,宏遠-桃園,2024-03-29,1262
6113,亞矽,30,0,30,宏遠-桃園,2024-03-29,1262
6112,邁達特,28,0,28,宏遠-桃園,2024-03-29,1262
6227,茂綸,27,0,27,宏遠-桃園,2024-03-29,1262
00919,群益台灣精選高息,47,23,24,宏遠-桃園,2024-03-29,1262
00882,中信中國高股息,20,0,20,宏遠-桃園,2024-03-29,1262
2329,華泰,20,0,20,宏遠-桃園,2024-03-29,1262
2834,臺企銀,20,0,20,宏遠-桃園,2024-03-29,1262
3294,英濟,21,1,20,宏遠-桃園,2024-03-29,1262
5210,寶碩,20,0,20,宏遠-桃園,2024-03-29,1262
5351,鈺創,20,0,20,宏遠-桃園,2024-03-29,1262
1603,華電,18,3,15,宏遠-桃園,2024-03-29,1262
2486,一詮,15,0,15,宏遠-桃園,2024-03-29,1262
4142,國光生,15,0,15,宏遠-桃園,2024-03-29,1262
6269,台郡,15,0,15,宏遠-桃園,2024-03-29,1262
0056,元大高股息,16,1,15,宏遠-桃園,2024-03-29,1262
3078,僑威,14,0,14,宏遠-桃園,2024-03-29,1262
8996,高力,22,8,14,宏遠-桃園,2024-03-29,1262
3062,建漢,14,1,13,宏遠-桃園,2024-03-29,1262
2324,仁寶,14,2,12,宏遠-桃園,2024-03-29,1262
00637L,元大滬深300正2,11,0,11,宏遠-桃園,2024-03-29,1262
00939,統一台灣高息動能,13,2,11,宏遠-桃園,2024-03-29,1262
3284,太普高,11,0,11,宏遠-桃園,2024-03-29,1262
1612,宏泰,10,0,10,宏遠-桃園,2024-03-29,1262
2409,友達,11,1,10,宏遠-桃園,2024-03-29,1262
3287,廣寰科,10,0,10,宏遠-桃園,2024-03-29,1262
00941,中信上游半導體,12,3,9,宏遠-桃園,2024-03-29,1262
2356,英業達,44,35,9,宏遠-桃園,2024-03-29,1262
2353,宏��,10,2,8,宏遠-桃園,2024-03-29,1262
00650L,復華香港正2,8,0,8,宏遠-桃園,2024-03-29,1262
00725B,國泰投資級公司債,7,0,7,宏遠-桃園,2024-03-29,1262
00929,復華台灣科技優息,13,6,7,宏遠-桃園,2024-03-29,1262
2388,威盛,7,0,7,宏遠-桃園,2024-03-29,1262
3706,神達,16,9,7,宏遠-桃園,2024-03-29,1262
1535,中宇,6,0,6,宏遠-桃園,2024-03-29,1262
1785,光洋科,7,1,6,宏遠-桃園,2024-03-29,1262
2101,南港,6,0,6,宏遠-桃園,2024-03-29,1262
2392,正崴,24,18,6,宏遠-桃園,2024-03-29,1262
2538,基泰,6,0,6,宏遠-桃園,2024-03-29,1262
4532,瑞智,6,0,6,宏遠-桃園,2024-03-29,1262
5443,均豪,6,0,6,宏遠-桃園,2024-03-29,1262
00940,元大台灣價值高息,437,20,417,宏遠-桃園,2024-04-01,1262
2891,中信金,279,0,279,宏遠-桃園,2024-04-01,1262
2913,農林,130,0,130,宏遠-桃園,2024-04-01,1262
2834,臺企銀,110,0,110,宏遠-桃園,2024-04-01,1262
00720B,元大投資級公司債,100,0,100,宏遠-桃園,2024-04-01,1262
2316,楠梓電,56,3,53,宏遠-桃園,2024-04-01,1262
2371,大同,55,9,46,宏遠-桃園,2024-04-01,1262
8096,擎亞,116,71,45,宏遠-桃園,2024-04-01,1262
00939,統一台灣高息動能,39,0,39,宏遠-桃園,2024-04-01,1262
6015,宏遠證,40,2,38,宏遠-桃園,2024-04-01,1262
00638R,元大滬深300反1,30,0,30,宏遠-桃園,2024-04-01,1262
6122,擎邦,30,1,29,宏遠-桃園,2024-04-01,1262
00687B,國泰20年美債,26,2,24,宏遠-桃園,2024-04-01,1262
00929,復華台灣科技優息,24,0,24,宏遠-桃園,2024-04-01,1262
2603,長榮,36,14,22,宏遠-桃園,2024-04-01,1262
6126,信音,29,7,22,宏遠-桃園,2024-04-01,1262
9958,世紀鋼,21,0,21,宏遠-桃園,2024-04-01,1262
1514,亞力,21,0,21,宏遠-桃園,2024-04-01,1262
2022,聚亨,20,0,20,宏遠-桃園,2024-04-01,1262
3231,緯創,23,4,19,宏遠-桃園,2024-04-01,1262
2382,廣達,41,24,17,宏遠-桃園,2024-04-01,1262
00919,群益台灣精選高息,29,14,15,宏遠-桃園,2024-04-01,1262
00941,中信上游半導體,12,0,12,宏遠-桃園,2024-04-01,1262
2330,台積電,12,1,11,宏遠-桃園,2024-04-01,1262
1789,神隆,10,0,10,宏遠-桃園,2024-04-01,1262
2104,國際中橡,10,0,10,宏遠-桃園,2024-04-01,1262
2607,榮運,10,0,10,宏遠-桃園,2024-04-01,1262
2816,旺旺保,10,0,10,宏遠-桃園,2024-04-01,1262
2838,聯邦銀,10,0,10,宏遠-桃園,2024-04-01,1262
3260,威剛,12,2,10,宏遠-桃園,2024-04-01,1262
3711,日月光投控,10,0,10,宏遠-桃園,2024-04-01,1262
4114,健喬,10,0,10,宏遠-桃園,2024-04-01,1262
4513,福裕,10,0,10,宏遠-桃園,2024-04-01,1262
5469,瀚宇博,10,0,10,宏遠-桃園,2024-04-01,1262
6550,北極星藥業-KY,15,5,10,宏遠-桃園,2024-04-01,1262
00935,野村臺灣新科技50,9,0,9,宏遠-桃園,2024-04-01,1262
2421,建準,13,4,9,宏遠-桃園,2024-04-01,1262
5347,世界,9,0,9,宏遠-桃園,2024-04-01,1262
2313,華通,9,1,8,宏遠-桃園,2024-04-01,1262
8467,波力-KY,8,0,8,宏遠-桃園,2024-04-01,1262
2439,美律,8,0,8,宏遠-桃園,2024-04-01,1262
1301,台塑,6,0,6,宏遠-桃園,2024-04-01,1262
2405,輔信,6,0,6,宏遠-桃園,2024-04-01,1262
3356,奇偶,6,0,6,宏遠-桃園,2024-04-01,1262
4935,茂林-KY,6,0,6,宏遠-桃園,2024-04-01,1262
6191,精成科,6,0,6,宏遠-桃園,2024-04-01,1262
3176,基亞,5,0,5,宏遠-桃園,2024-04-01,1262
00679B,元大美債20年,5,0,5,宏遠-桃園,2024-04-01,1262
3406,玉晶光,6,1,5,宏遠-桃園,2024-04-01,1262
1101,台泥,5,0,5,宏遠-桃園,2024-04-01,1262
00929,復華台灣科技優息,236,6,230,宏遠-桃園,2024-04-02,1262
00937B,群益ESG投等債20,231,19,212,宏遠-桃園,2024-04-02,1262
5864,致和證,90,0,90,宏遠-桃園,2024-04-02,1262
6125,廣運,86,1,85,宏遠-桃園,2024-04-02,1262
00632R,元大台灣50反1,83,0,83,宏遠-桃園,2024-04-02,1262
00687B,國泰20年美債,75,0,75,宏遠-桃園,2024-04-02,1262
2633,台灣高鐵,72,0,72,宏遠-桃園,2024-04-02,1262
00940,元大台灣價值高息,137,67,70,宏遠-桃園,2024-04-02,1262
00720B,元大投資級公司債,50,0,50,宏遠-桃園,2024-04-02,1262
3013,晟銘電,42,0,42,宏遠-桃園,2024-04-02,1262
1612,宏泰,40,0,40,宏遠-桃園,2024-04-02,1262
2344,華邦電,36,1,35,宏遠-桃園,2024-04-02,1262
00933B,國泰10Y+金融債,33,0,33,宏遠-桃園,2024-04-02,1262
6213,聯茂,41,8,33,宏遠-桃園,2024-04-02,1262
00679B,元大美債20年,32,0,32,宏遠-桃園,2024-04-02,1262
2913,農林,30,0,30,宏遠-桃園,2024-04-02,1262
4967,十銓,35,5,30,宏遠-桃園,2024-04-02,1262
5871,中租-KY,30,1,29,宏遠-桃園,2024-04-02,1262
3033,威健,28,0,28,宏遠-桃園,2024-04-02,1262
2834,臺企銀,25,0,25,宏遠-桃園,2024-04-02,1262
2356,英業達,23,0,23,宏遠-桃園,2024-04-02,1262
6113,亞矽,20,0,20,宏遠-桃園,2024-04-02,1262
8064,東捷,20,0,20,宏遠-桃園,2024-04-02,1262
2607,榮運,20,1,19,宏遠-桃園,2024-04-02,1262
00637L,元大滬深300正2,18,0,18,宏遠-桃園,2024-04-02,1262
5210,寶碩,18,0,18,宏遠-桃園,2024-04-02,1262
00941,中信上游半導體,17,0,17,宏遠-桃園,2024-04-02,1262
3498,陽程,16,0,16,宏遠-桃園,2024-04-02,1262
6550,北極星藥業-KY,15,0,15,宏遠-桃園,2024-04-02,1262
00751B,元大AAA至A公司債,14,0,14,宏遠-桃園,2024-04-02,1262
3666,光耀,15,2,13,宏遠-桃園,2024-04-02,1262
3228,金麗科,13,0,13,宏遠-桃園,2024-04-02,1262
6122,擎邦,18,5,13,宏遠-桃園,2024-04-02,1262
3037,欣興,12,0,12,宏遠-桃園,2024-04-02,1262
1717,長興,17,5,12,宏遠-桃園,2024-04-02,1262
2363,矽統,11,0,11,宏遠-桃園,2024-04-02,1262
2313,華通,16,5,11,宏遠-桃園,2024-04-02,1262
00885,富邦越南,10,0,10,宏遠-桃園,2024-04-02,1262
2634,漢翔,14,4,10,宏遠-桃園,2024-04-02,1262
2845,遠東銀,10,0,10,宏遠-桃園,2024-04-02,1262
2880,華南金,10,0,10,宏遠-桃園,2024-04-02,1262
3062,建漢,13,3,10,宏遠-桃園,2024-04-02,1262
4114,健喬,10,0,10,宏遠-桃園,2024-04-02,1262
00772B,中信高評級公司債,9,0,9,宏遠-桃園,2024-04-02,1262
1603,華電,9,0,9,宏遠-桃園,2024-04-02,1262
3029,零壹,9,0,9,宏遠-桃園,2024-04-02,1262
3548,兆利,9,1,8,宏遠-桃園,2024-04-02,1262
6770,力積電,8,0,8,宏遠-桃園,2024-04-02,1262
6234,高僑,16,9,7,宏遠-桃園,2024-04-02,1262
6743,安普新,8,1,7,宏遠-桃園,2024-04-02,1262
00937B,群益ESG投等債20,152,1,151,宏遠-桃園,2024-04-03,1262
6112,邁達特,143,1,142,宏遠-桃園,2024-04-03,1262
00929,復華台灣科技優息,127,1,126,宏遠-桃園,2024-04-03,1262
2486,一詮,113,33,80,宏遠-桃園,2024-04-03,1262
5210,寶碩,80,0,80,宏遠-桃園,2024-04-03,1262
3666,光耀,82,7,75,宏遠-桃園,2024-04-03,1262
5443,均豪,182,121,61,宏遠-桃園,2024-04-03,1262
00632R,元大台灣50反1,57,0,57,宏遠-桃園,2024-04-03,1262
2022,聚亨,49,0,49,宏遠-桃園,2024-04-03,1262
2516,新建,49,2,47,宏遠-桃園,2024-04-03,1262
8064,東捷,52,5,47,宏遠-桃園,2024-04-03,1262
2618,長榮航,35,0,35,宏遠-桃園,2024-04-03,1262
00679B,元大美債20年,23,0,23,宏遠-桃園,2024-04-03,1262
00680L,元大美債20正2,22,0,22,宏遠-桃園,2024-04-03,1262
5386,青雲,22,0,22,宏遠-桃園,2024-04-03,1262
2892,第一金,19,0,19,宏遠-桃園,2024-04-03,1262
00687B,國泰20年美債,21,3,18,宏遠-桃園,2024-04-03,1262
6005,群益證,18,0,18,宏遠-桃園,2024-04-03,1262
00637L,元大滬深300正2,19,2,17,宏遠-桃園,2024-04-03,1262
2330,台積電,18,2,16,宏遠-桃園,2024-04-03,1262
2354,鴻準,16,0,16,宏遠-桃園,2024-04-03,1262
2913,農林,16,1,15,宏遠-桃園,2024-04-03,1262
3583,辛耘,30,16,14,宏遠-桃園,2024-04-03,1262
00940,元大台灣價值高息,23,10,13,宏遠-桃園,2024-04-03,1262
2359,所羅門,13,1,12,宏遠-桃園,2024-04-03,1262
2409,友達,12,0,12,宏遠-桃園,2024-04-03,1262
2851,中再保,12,0,12,宏遠-桃園,2024-04-03,1262
1618,合機,10,0,10,宏遠-桃園,2024-04-03,1262
2371,大同,15,5,10,宏遠-桃園,2024-04-03,1262
2641,正德,10,0,10,宏遠-桃園,2024-04-03,1262
4173,久裕,10,0,10,宏遠-桃園,2024-04-03,1262
5880,合庫金,10,0,10,宏遠-桃園,2024-04-03,1262
8011,台通,10,0,10,宏遠-桃園,2024-04-03,1262
8426,紅木-KY,10,0,10,宏遠-桃園,2024-04-03,1262
2882,國泰金,8,0,8,宏遠-桃園,2024-04-03,1262
3228,金麗科,8,0,8,宏遠-桃園,2024-04-03,1262
3036,文曄,9,2,7,宏遠-桃園,2024-04-03,1262
6234,高僑,13,6,7,宏遠-桃園,2024-04-03,1262
2317,鴻海,21,15,6,宏遠-桃園,2024-04-03,1262
00650L,復華香港正2,8,2,6,宏遠-桃園,2024-04-03,1262
1603,華電,7,1,6,宏遠-桃園,2024-04-03,1262
00733,富邦臺灣中小,5,0,5,宏遠-桃園,2024-04-03,1262
6443,元晶,5,0,5,宏遠-桃園,2024-04-03,1262
00930,永豐ESG低碳高息,5,0,5,宏遠-桃園,2024-04-03,1262
00912,中信臺灣智慧50,5,0,5,宏遠-桃園,2024-04-03,1262
1711,永光,5,0,5,宏遠-桃園,2024-04-03,1262
2379,瑞昱,5,0,5,宏遠-桃園,2024-04-03,1262
2515,中工,9,4,5,宏遠-桃園,2024-04-03,1262
2845,遠東銀,5,0,5,宏遠-桃園,2024-04-03,1262
3078,僑威,5,0,5,宏遠-桃園,2024-04-03,1262
5521,工信,204,2,202,宏遠-桃園,2024-04-08,1262
00937B,群益ESG投等債20,189,0,189,宏遠-桃園,2024-04-08,1262
2374,佳能,136,9,127,宏遠-桃園,2024-04-08,1262
00857B,永豐20年美公債,98,0,98,宏遠-桃園,2024-04-08,1262
3666,光耀,95,0,95,宏遠-桃園,2024-04-08,1262
3481,群創,102,10,92,宏遠-桃園,2024-04-08,1262
2489,瑞軒,70,1,69,宏遠-桃園,2024-04-08,1262
00786B,元大10年IG銀行債,60,0,60,宏遠-桃園,2024-04-08,1262
00929,復華台灣科技優息,54,0,54,宏遠-桃園,2024-04-08,1262
6015,宏遠證,54,0,54,宏遠-桃園,2024-04-08,1262
912000,晨訊科-DR,53,0,53,宏遠-桃園,2024-04-08,1262
6116,彩晶,50,0,50,宏遠-桃園,2024-04-08,1262
00940,元大台灣價值高息,55,6,49,宏遠-桃園,2024-04-08,1262
00687B,國泰20年美債,45,0,45,宏遠-桃園,2024-04-08,1262
4533,協易機,40,2,38,宏遠-桃園,2024-04-08,1262
00751B,元大AAA至A公司債,37,0,37,宏遠-桃園,2024-04-08,1262
3231,緯創,52,17,35,宏遠-桃園,2024-04-08,1262
00919,群益台灣精選高息,34,0,34,宏遠-桃園,2024-04-08,1262
00885,富邦越南,34,0,34,宏遠-桃園,2024-04-08,1262
1733,五鼎,30,0,30,宏遠-桃園,2024-04-08,1262
2610,華航,30,0,30,宏遠-桃園,2024-04-08,1262
00720B,元大投資級公司債,30,1,29,宏遠-桃園,2024-04-08,1262
00637L,元大滬深300正2,42,15,27,宏遠-桃園,2024-04-08,1262
3005,神基,25,0,25,宏遠-桃園,2024-04-08,1262
00679B,元大美債20年,31,6,25,宏遠-桃園,2024-04-08,1262
00632R,元大台灣50反1,21,0,21,宏遠-桃園,2024-04-08,1262
1514,亞力,34,14,20,宏遠-桃園,2024-04-08,1262
2485,兆赫,20,0,20,宏遠-桃園,2024-04-08,1262
2607,榮運,20,0,20,宏遠-桃園,2024-04-08,1262
2836,高雄銀,20,0,20,宏遠-桃園,2024-04-08,1262
3025,星通,20,0,20,宏遠-桃園,2024-04-08,1262
6548,長科*,24,4,20,宏遠-桃園,2024-04-08,1262
2913,農林,21,2,19,宏遠-桃園,2024-04-08,1262
2022,聚亨,18,0,18,宏遠-桃園,2024-04-08,1262
2382,廣達,36,18,18,宏遠-桃園,2024-04-08,1262
2312,金寶,15,0,15,宏遠-桃園,2024-04-08,1262
2486,一詮,21,6,15,宏遠-桃園,2024-04-08,1262
00941,中信上游半導體,16,4,12,宏遠-桃園,2024-04-08,1262
2515,中工,13,1,12,宏遠-桃園,2024-04-08,1262
5474,聰泰,12,1,11,宏遠-桃園,2024-04-08,1262
00933B,國泰10Y+金融債,10,0,10,宏遠-桃園,2024-04-08,1262
00931B,統一美債20年,10,0,10,宏遠-桃園,2024-04-08,1262
1444,力麗,10,0,10,宏遠-桃園,2024-04-08,1262
2440,太空梭,10,0,10,宏遠-桃園,2024-04-08,1262
2851,中再保,10,0,10,宏遠-桃園,2024-04-08,1262
3211,順達,10,0,10,宏遠-桃園,2024-04-08,1262
3694,海華,10,0,10,宏遠-桃園,2024-04-08,1262
6294,智基,10,0,10,宏遠-桃園,2024-04-08,1262
8426,紅木-KY,10,0,10,宏遠-桃園,2024-04-08,1262
8473,山林水,10,0,10,宏遠-桃園,2024-04-08,1262
2891,中信金,300,101,199,宏遠-桃園,2024-04-09,1262
1570,力肯,180,0,180,宏遠-桃園,2024-04-09,1262
6015,宏遠證,120,0,120,宏遠-桃園,2024-04-09,1262
6005,群益證,101,1,100,宏遠-桃園,2024-04-09,1262
3481,群創,113,18,95,宏遠-桃園,2024-04-09,1262
6116,彩晶,112,25,87,宏遠-桃園,2024-04-09,1262
00632R,元大台灣50反1,90,9,81,宏遠-桃園,2024-04-09,1262
00937B,群益ESG投等債20,69,20,49,宏遠-桃園,2024-04-09,1262
3294,英濟,45,1,44,宏遠-桃園,2024-04-09,1262
2329,華泰,41,3,38,宏遠-桃園,2024-04-09,1262
3231,緯創,55,21,34,宏遠-桃園,2024-04-09,1262
00929,復華台灣科技優息,64,32,32,宏遠-桃園,2024-04-09,1262
2501,國建,32,1,31,宏遠-桃園,2024-04-09,1262
2022,聚亨,30,0,30,宏遠-桃園,2024-04-09,1262
2489,瑞軒,30,0,30,宏遠-桃園,2024-04-09,1262
2317,鴻海,55,31,24,宏遠-桃園,2024-04-09,1262
00637L,元大滬深300正2,31,8,23,宏遠-桃園,2024-04-09,1262
4543,萬在,28,7,21,宏遠-桃園,2024-04-09,1262
00655L,國泰中國A50正2,21,0,21,宏遠-桃園,2024-04-09,1262
00720B,元大投資級公司債,20,0,20,宏遠-桃園,2024-04-09,1262
00940,元大台灣價值高息,23,4,19,宏遠-桃園,2024-04-09,1262
2889,國票金,15,0,15,宏遠-桃園,2024-04-09,1262
6213,聯茂,21,7,14,宏遠-桃園,2024-04-09,1262
2611,志信,14,0,14,宏遠-桃園,2024-04-09,1262
3484,崧騰,12,0,12,宏遠-桃園,2024-04-09,1262
00751B,元大AAA至A公司債,11,0,11,宏遠-桃園,2024-04-09,1262
1522,堤維西,20,9,11,宏遠-桃園,2024-04-09,1262
4533,協易機,15,4,11,宏遠-桃園,2024-04-09,1262
2208,台船,10,0,10,宏遠-桃園,2024-04-09,1262
2365,昆盈,20,10,10,宏遠-桃園,2024-04-09,1262
2485,兆赫,10,0,10,宏遠-桃園,2024-04-09,1262
3147,大綜,11,1,10,宏遠-桃園,2024-04-09,1262
4714,永捷,10,0,10,宏遠-桃園,2024-04-09,1262
4938,和碩,10,0,10,宏遠-桃園,2024-04-09,1262
6117,迎廣,12,2,10,宏遠-桃園,2024-04-09,1262
6207,雷科,62,52,10,宏遠-桃園,2024-04-09,1262
6214,精誠,10,0,10,宏遠-桃園,2024-04-09,1262
1514,亞力,16,7,9,宏遠-桃園,2024-04-09,1262
1524,耿鼎,9,0,9,宏遠-桃園,2024-04-09,1262
3062,建漢,12,3,9,宏遠-桃園,2024-04-09,1262
00927,群益半導體收益,8,0,8,宏遠-桃園,2024-04-09,1262
1587,吉茂,23,15,8,宏遠-桃園,2024-04-09,1262
00679B,元大美債20年,15,8,7,宏遠-桃園,2024-04-09,1262
2316,楠梓電,7,0,7,宏遠-桃園,2024-04-09,1262
2356,英業達,7,0,7,宏遠-桃園,2024-04-09,1262
4967,十銓,7,0,7,宏遠-桃園,2024-04-09,1262
5521,工信,7,0,7,宏遠-桃園,2024-04-09,1262
8996,高力,14,7,7,宏遠-桃園,2024-04-09,1262
00687B,國泰20年美債,6,0,6,宏遠-桃園,2024-04-09,1262
3363,上詮,6,0,6,宏遠-桃園,2024-04-09,1262
2607,榮運,120,0,120,宏遠-桃園,2024-04-10,1262
1522,堤維西,90,0,90,宏遠-桃園,2024-04-10,1262
6015,宏遠證,87,1,86,宏遠-桃園,2024-04-10,1262
3013,晟銘電,80,9,71,宏遠-桃園,2024-04-10,1262
2009,第一銅,80,26,54,宏遠-桃園,2024-04-10,1262
6016,康和證,50,0,50,宏遠-桃園,2024-04-10,1262
3050,鈺德,49,1,48,宏遠-桃園,2024-04-10,1262
00937B,群益ESG投等債20,71,25,46,宏遠-桃園,2024-04-10,1262
3033,威健,43,1,42,宏遠-桃園,2024-04-10,1262
3294,英濟,44,4,40,宏遠-桃園,2024-04-10,1262
5356,協益,35,0,35,宏遠-桃園,2024-04-10,1262
00637L,元大滬深300正2,42,9,33,宏遠-桃園,2024-04-10,1262
6120,達運,33,5,28,宏遠-桃園,2024-04-10,1262
2390,云辰,27,0,27,宏遠-桃園,2024-04-10,1262
2317,鴻海,64,39,25,宏遠-桃園,2024-04-10,1262
2363,矽統,62,39,23,宏遠-桃園,2024-04-10,1262
5426,振發,22,2,20,宏遠-桃園,2024-04-10,1262
5210,寶碩,20,0,20,宏遠-桃園,2024-04-10,1262
6613,朋億*,20,0,20,宏遠-桃園,2024-04-10,1262
2399,映泰,19,0,19,宏遠-桃園,2024-04-10,1262
3090,日電貿,19,0,19,宏遠-桃園,2024-04-10,1262
3213,茂訊,20,2,18,宏遠-桃園,2024-04-10,1262
3576,聯合再生,16,0,16,宏遠-桃園,2024-04-10,1262
00687B,國泰20年美債,15,0,15,宏遠-桃園,2024-04-10,1262
2374,佳能,20,5,15,宏遠-桃園,2024-04-10,1262
1316,上曜,20,6,14,宏遠-桃園,2024-04-10,1262
1514,亞力,25,12,13,宏遠-桃園,2024-04-10,1262
2356,英業達,15,3,12,宏遠-桃園,2024-04-10,1262
6223,旺矽,12,0,12,宏遠-桃園,2024-04-10,1262
3324,雙鴻,14,3,11,宏遠-桃園,2024-04-10,1262
00909,國泰數位支付服務,10,0,10,宏遠-桃園,2024-04-10,1262
2104,國際中橡,10,0,10,宏遠-桃園,2024-04-10,1262
5880,合庫金,10,0,10,宏遠-桃園,2024-04-10,1262
6191,精成科,10,0,10,宏遠-桃園,2024-04-10,1262
6197,佳必琪,13,4,9,宏遠-桃園,2024-04-10,1262
2542,興富發,8,0,8,宏遠-桃園,2024-04-10,1262
2816,旺旺保,10,2,8,宏遠-桃園,2024-04-10,1262
4510,高鋒,8,0,8,宏遠-桃園,2024-04-10,1262
1731,美吾華,7,0,7,宏遠-桃園,2024-04-10,1262
1905,華紙,10,3,7,宏遠-桃園,2024-04-10,1262
2014,中鴻,7,0,7,宏遠-桃園,2024-04-10,1262
2382,廣達,9,2,7,宏遠-桃園,2024-04-10,1262
2634,漢翔,33,26,7,宏遠-桃園,2024-04-10,1262
2460,建通,6,0,6,宏遠-桃園,2024-04-10,1262
1503,士電,8,2,6,宏遠-桃園,2024-04-10,1262
1615,大山,6,0,6,宏遠-桃園,2024-04-10,1262
3167,大量,6,0,6,宏遠-桃園,2024-04-10,1262
00712,復華富時不動產,5,0,5,宏遠-桃園,2024-04-10,1262
1605,華新,20,15,5,宏遠-桃園,2024-04-10,1262
2002,中鋼,17,12,5,宏遠-桃園,2024-04-10,1262
00687B,國泰20年美債,985,0,985,宏遠-桃園,2024-04-11,1262
6112,邁達特,249,1,248,宏遠-桃園,2024-04-11,1262
2881,富邦金,151,4,147,宏遠-桃園,2024-04-11,1262
1570,力肯,120,0,120,宏遠-桃園,2024-04-11,1262
00937B,群益ESG投等債20,146,30,116,宏遠-桃園,2024-04-11,1262
2607,榮運,81,0,81,宏遠-桃園,2024-04-11,1262
00919,群益台灣精選高息,90,15,75,宏遠-桃園,2024-04-11,1262
2406,國碩,75,1,74,宏遠-桃園,2024-04-11,1262
2002,中鋼,75,5,70,宏遠-桃園,2024-04-11,1262
6147,頎邦,74,5,69,宏遠-桃園,2024-04-11,1262
912000,晨訊科-DR,70,1,69,宏遠-桃園,2024-04-11,1262
3078,僑威,60,0,60,宏遠-桃園,2024-04-11,1262
3615,安可,58,0,58,宏遠-桃園,2024-04-11,1262
3294,英濟,65,12,53,宏遠-桃園,2024-04-11,1262
2317,鴻海,111,58,53,宏遠-桃園,2024-04-11,1262
00671R,富邦NASDAQ反1,50,0,50,宏遠-桃園,2024-04-11,1262
1522,堤維西,50,0,50,宏遠-桃園,2024-04-11,1262
2009,第一銅,41,0,41,宏遠-桃園,2024-04-11,1262
6488,環球晶,40,0,40,宏遠-桃園,2024-04-11,1262
00638R,元大滬深300反1,36,0,36,宏遠-桃園,2024-04-11,1262
1504,東元,31,5,26,宏遠-桃園,2024-04-11,1262
2464,盟立,40,14,26,宏遠-桃園,2024-04-11,1262
2399,映泰,23,0,23,宏遠-桃園,2024-04-11,1262
00679B,元大美債20年,61,39,22,宏遠-桃園,2024-04-11,1262
2383,台光電,23,1,22,宏遠-桃園,2024-04-11,1262
1608,華榮,39,17,22,宏遠-桃園,2024-04-11,1262
00933B,國泰10Y+金融債,20,0,20,宏遠-桃園,2024-04-11,1262
2360,致茂,20,0,20,宏遠-桃園,2024-04-11,1262
3071,協禧,28,8,20,宏遠-桃園,2024-04-11,1262
4915,致伸,20,0,20,宏遠-桃園,2024-04-11,1262
6425,易發,20,0,20,宏遠-桃園,2024-04-11,1262
1316,上曜,21,2,19,宏遠-桃園,2024-04-11,1262
2409,友達,31,12,19,宏遠-桃園,2024-04-11,1262
2489,瑞軒,19,0,19,宏遠-桃園,2024-04-11,1262
00637L,元大滬深300正2,100,82,18,宏遠-桃園,2024-04-11,1262
3297,杭特,18,0,18,宏遠-桃園,2024-04-11,1262
00929,復華台灣科技優息,38,21,17,宏遠-桃園,2024-04-11,1262
6126,信音,18,2,16,宏遠-桃園,2024-04-11,1262
2329,華泰,17,3,14,宏遠-桃園,2024-04-11,1262
1905,華紙,13,0,13,宏遠-桃園,2024-04-11,1262
1731,美吾華,11,0,11,宏遠-桃園,2024-04-11,1262
2486,一詮,13,2,11,宏遠-桃園,2024-04-11,1262
2852,第一保,13,2,11,宏遠-桃園,2024-04-11,1262
3324,雙鴻,13,2,11,宏遠-桃園,2024-04-11,1262
006208,富邦台50,10,0,10,宏遠-桃園,2024-04-11,1262
2388,威盛,10,0,10,宏遠-桃園,2024-04-11,1262
1503,士電,21,11,10,宏遠-桃園,2024-04-11,1262
2227,裕日車,10,0,10,宏遠-桃園,2024-04-11,1262
2743,山富,10,0,10,宏遠-桃園,2024-04-11,1262
3339,泰谷,10,0,10,宏遠-桃園,2024-04-11,1262
00687B,國泰20年美債,322,20,302,宏遠-桃園,2024-04-12,1262
00680L,元大美債20正2,109,0,109,宏遠-桃園,2024-04-12,1262
6112,邁達特,100,1,99,宏遠-桃園,2024-04-12,1262
00919,群益台灣精選高息,100,1,99,宏遠-桃園,2024-04-12,1262
6269,台郡,93,0,93,宏遠-桃園,2024-04-12,1262
00937B,群益ESG投等債20,75,0,75,宏遠-桃園,2024-04-12,1262
2883,凱基金,60,0,60,宏遠-桃園,2024-04-12,1262
1522,堤維西,50,0,50,宏遠-桃園,2024-04-12,1262
2883B,凱基金乙特,50,0,50,宏遠-桃園,2024-04-12,1262
2323,中環,50,5,45,宏遠-桃園,2024-04-12,1262
2353,宏��,58,14,44,宏遠-桃園,2024-04-12,1262
2344,華邦電,44,2,42,宏遠-桃園,2024-04-12,1262
00929,復華台灣科技優息,41,1,40,宏遠-桃園,2024-04-12,1262
5381,合正,47,7,40,宏遠-桃園,2024-04-12,1262
2002,中鋼,38,0,38,宏遠-桃園,2024-04-12,1262
3354,律勝,32,0,32,宏遠-桃園,2024-04-12,1262
1504,東元,47,17,30,宏遠-桃園,2024-04-12,1262
8064,東捷,30,0,30,宏遠-桃園,2024-04-12,1262
2367,燿華,53,25,28,宏遠-桃園,2024-04-12,1262
1570,力肯,28,1,27,宏遠-桃園,2024-04-12,1262
5351,鈺創,26,0,26,宏遠-桃園,2024-04-12,1262
2408,南亞科,27,1,26,宏遠-桃園,2024-04-12,1262
2880,華南金,29,3,26,宏遠-桃園,2024-04-12,1262
9945,潤泰新,26,0,26,宏遠-桃園,2024-04-12,1262
1582,信錦,40,15,25,宏遠-桃園,2024-04-12,1262
2427,三商電,26,1,25,宏遠-桃園,2024-04-12,1262
4526,東台,26,3,23,宏遠-桃園,2024-04-12,1262
00638R,元大滬深300反1,22,0,22,宏遠-桃園,2024-04-12,1262
2618,長榮航,20,0,20,宏遠-桃園,2024-04-12,1262
2834,臺企銀,20,0,20,宏遠-桃園,2024-04-12,1262
2884,玉山金,20,0,20,宏遠-桃園,2024-04-12,1262
3037,欣興,21,1,20,宏遠-桃園,2024-04-12,1262
3339,泰谷,20,0,20,宏遠-桃園,2024-04-12,1262
6005,群益證,20,0,20,宏遠-桃園,2024-04-12,1262
2406,國碩,20,1,19,宏遠-桃園,2024-04-12,1262
2892,第一金,17,0,17,宏遠-桃園,2024-04-12,1262
9921,巨大,18,1,17,宏遠-桃園,2024-04-12,1262
2610,華航,40,26,14,宏遠-桃園,2024-04-12,1262
1101,台泥,13,0,13,宏遠-桃園,2024-04-12,1262
00720B,元大投資級公司債,13,0,13,宏遠-桃園,2024-04-12,1262
3090,日電貿,13,0,13,宏遠-桃園,2024-04-12,1262
2363,矽統,241,228,13,宏遠-桃園,2024-04-12,1262
1605,華新,45,33,12,宏遠-桃園,2024-04-12,1262
00927,群益半導體收益,11,0,11,宏遠-桃園,2024-04-12,1262
8299,群聯,12,1,11,宏遠-桃園,2024-04-12,1262
00679B,元大美債20年,10,0,10,宏遠-桃園,2024-04-12,1262
2745,五福,10,0,10,宏遠-桃園,2024-04-12,1262
3583,辛耘,12,2,10,宏遠-桃園,2024-04-12,1262
4721,美琪瑪,10,0,10,宏遠-桃園,2024-04-12,1262
6462,神盾,15,5,10,宏遠-桃園,2024-04-12,1262
6269,台郡,250,11,239,宏遠-桃園,2024-04-15,1262
2419,仲琦,110,0,110,宏遠-桃園,2024-04-15,1262
2641,正德,110,0,110,宏遠-桃園,2024-04-15,1262
6015,宏遠證,103,0,103,宏遠-桃園,2024-04-15,1262
2476,鉅祥,100,0,100,宏遠-桃園,2024-04-15,1262
00919,群益台灣精選高息,95,0,95,宏遠-桃園,2024-04-15,1262
00937B,群益ESG投等債20,93,0,93,宏遠-桃園,2024-04-15,1262
6005,群益證,80,5,75,宏遠-桃園,2024-04-15,1262
00885,富邦越南,90,20,70,宏遠-桃園,2024-04-15,1262
3576,聯合再生,70,0,70,宏遠-桃園,2024-04-15,1262
1570,力肯,60,0,60,宏遠-桃園,2024-04-15,1262
6113,亞矽,50,0,50,宏遠-桃園,2024-04-15,1262
3481,群創,47,3,44,宏遠-桃園,2024-04-15,1262
2516,新建,40,0,40,宏遠-桃園,2024-04-15,1262
2303,聯電,40,5,35,宏遠-桃園,2024-04-15,1262
2883,凱基金,36,1,35,宏遠-桃園,2024-04-15,1262
00929,復華台灣科技優息,42,11,31,宏遠-桃園,2024-04-15,1262
00687B,國泰20年美債,32,1,31,宏遠-桃園,2024-04-15,1262
5864,致和證,25,0,25,宏遠-桃園,2024-04-15,1262
00733,富邦臺灣中小,21,0,21,宏遠-桃園,2024-04-15,1262
8426,紅木-KY,21,0,21,宏遠-桃園,2024-04-15,1262
00650L,復華香港正2,163,143,20,宏遠-桃園,2024-04-15,1262
1733,五鼎,20,0,20,宏遠-桃園,2024-04-15,1262
3231,緯創,21,1,20,宏遠-桃園,2024-04-15,1262
2317,鴻海,59,40,19,宏遠-桃園,2024-04-15,1262
2330,台積電,22,3,19,宏遠-桃園,2024-04-15,1262
00878,國泰永續高股息,20,1,19,宏遠-桃園,2024-04-15,1262
00638R,元大滬深300反1,30,13,17,宏遠-桃園,2024-04-15,1262
1453,大將,18,2,16,宏遠-桃園,2024-04-15,1262
1514,亞力,58,42,16,宏遠-桃園,2024-04-15,1262
1605,華新,24,9,15,宏遠-桃園,2024-04-15,1262
2489,瑞軒,15,0,15,宏遠-桃園,2024-04-15,1262
4207,環泰,13,0,13,宏遠-桃園,2024-04-15,1262
2344,華邦電,13,1,12,宏遠-桃園,2024-04-15,1262
2374,佳能,23,12,11,宏遠-桃園,2024-04-15,1262
3005,神基,11,0,11,宏遠-桃園,2024-04-15,1262
5474,聰泰,11,0,11,宏遠-桃園,2024-04-15,1262
6275,元山,11,0,11,宏遠-桃園,2024-04-15,1262
00679B,元大美債20年,10,0,10,宏遠-桃園,2024-04-15,1262
00941,中信上游半導體,10,0,10,宏遠-桃園,2024-04-15,1262
1316,上曜,12,2,10,宏遠-桃園,2024-04-15,1262
1522,堤維西,10,0,10,宏遠-桃園,2024-04-15,1262
1815,富喬,10,0,10,宏遠-桃園,2024-04-15,1262
2440,太空梭,12,2,10,宏遠-桃園,2024-04-15,1262
3055,蔚華科,10,0,10,宏遠-桃園,2024-04-15,1262
3356,奇偶,10,0,10,宏遠-桃園,2024-04-15,1262
3443,創意,9,0,9,宏遠-桃園,2024-04-15,1262
00940,元大台灣價值高息,19,10,9,宏遠-桃園,2024-04-15,1262
2408,南亞科,10,1,9,宏遠-桃園,2024-04-15,1262
2887,台新金,8,0,8,宏遠-桃園,2024-04-15,1262
00937B,群益ESG投等債20,481,0,481,宏遠-桃園,2024-04-16,1262
00929,復華台灣科技優息,211,24,187,宏遠-桃園,2024-04-16,1262
00940,元大台灣價值高息,156,0,156,宏遠-桃園,2024-04-16,1262
00919,群益台灣精選高息,166,30,136,宏遠-桃園,2024-04-16,1262
6015,宏遠證,101,0,101,宏遠-桃園,2024-04-16,1262
2891,中信金,103,9,94,宏遠-桃園,2024-04-16,1262
2329,華泰,72,7,65,宏遠-桃園,2024-04-16,1262
6269,台郡,63,0,63,宏遠-桃園,2024-04-16,1262
2419,仲琦,60,0,60,宏遠-桃園,2024-04-16,1262
1522,堤維西,70,10,60,宏遠-桃園,2024-04-16,1262
1570,力肯,50,0,50,宏遠-桃園,2024-04-16,1262
2476,鉅祥,50,0,50,宏遠-桃園,2024-04-16,1262
6147,頎邦,56,6,50,宏遠-桃園,2024-04-16,1262
1608,華榮,82,35,47,宏遠-桃園,2024-04-16,1262
2851,中再保,40,0,40,宏遠-桃園,2024-04-16,1262
2344,華邦電,38,2,36,宏遠-桃園,2024-04-16,1262
2371,大同,46,14,32,宏遠-桃園,2024-04-16,1262
00878,國泰永續高股息,34,6,28,宏遠-桃園,2024-04-16,1262
00939,統一台灣高息動能,30,2,28,宏遠-桃園,2024-04-16,1262
00751B,元大AAA至A公司債,26,0,26,宏遠-桃園,2024-04-16,1262
2316,楠梓電,26,0,26,宏遠-桃園,2024-04-16,1262
00726B,國泰新興投等債,25,0,25,宏遠-桃園,2024-04-16,1262
3058,立德,25,0,25,宏遠-桃園,2024-04-16,1262
3402,漢科,26,1,25,宏遠-桃園,2024-04-16,1262
2330,台積電,27,2,25,宏遠-桃園,2024-04-16,1262
2317,鴻海,55,30,25,宏遠-桃園,2024-04-16,1262
5356,協益,24,0,24,宏遠-桃園,2024-04-16,1262
2618,長榮航,22,0,22,宏遠-桃園,2024-04-16,1262
5009,榮剛,21,0,21,宏遠-桃園,2024-04-16,1262
1524,耿鼎,20,0,20,宏遠-桃園,2024-04-16,1262
2405,輔信,20,0,20,宏遠-桃園,2024-04-16,1262
2501,國建,20,0,20,宏遠-桃園,2024-04-16,1262
6477,安集,20,0,20,宏遠-桃園,2024-04-16,1262
1605,華新,22,3,19,宏遠-桃園,2024-04-16,1262
6605,帝寶,18,0,18,宏遠-桃園,2024-04-16,1262
2867,三商壽,22,5,17,宏遠-桃園,2024-04-16,1262
1513,中興電,45,28,17,宏遠-桃園,2024-04-16,1262
00650L,復華香港正2,172,156,16,宏遠-桃園,2024-04-16,1262
5880,合庫金,16,0,16,宏遠-桃園,2024-04-16,1262
1312,國喬,15,0,15,宏遠-桃園,2024-04-16,1262
1785,光洋科,17,3,14,宏遠-桃園,2024-04-16,1262
2303,聯電,111,97,14,宏遠-桃園,2024-04-16,1262
3583,辛耘,14,1,13,宏遠-桃園,2024-04-16,1262
00927,群益半導體收益,13,0,13,宏遠-桃園,2024-04-16,1262
8467,波力-KY,13,0,13,宏遠-桃園,2024-04-16,1262
00679B,元大美債20年,13,0,13,宏遠-桃園,2024-04-16,1262
6170,統振,12,0,12,宏遠-桃園,2024-04-16,1262
1453,大將,20,8,12,宏遠-桃園,2024-04-16,1262
0056,元大高股息,15,3,12,宏遠-桃園,2024-04-16,1262
3024,憶聲,12,1,11,宏遠-桃園,2024-04-16,1262
2883,凱基金,300,106,194,宏遠-桃園,2024-04-17,1262
2371,大同,195,44,151,宏遠-桃園,2024-04-17,1262
00632R,元大台灣50反1,116,0,116,宏遠-桃園,2024-04-17,1262
00937B,群益ESG投等債20,161,50,111,宏遠-桃園,2024-04-17,1262
2867,三商壽,110,2,108,宏遠-桃園,2024-04-17,1262
00665L,富邦�琤肭磪囓�2,100,0,100,宏遠-桃園,2024-04-17,1262
00940,元大台灣價值高息,86,2,84,宏遠-桃園,2024-04-17,1262
00885,富邦越南,156,93,63,宏遠-桃園,2024-04-17,1262
00650L,復華香港正2,64,10,54,宏遠-桃園,2024-04-17,1262
6015,宏遠證,50,0,50,宏遠-桃園,2024-04-17,1262
00929,復華台灣科技優息,41,0,41,宏遠-桃園,2024-04-17,1262
1522,堤維西,40,0,40,宏遠-桃園,2024-04-17,1262
1605,華新,100,60,40,宏遠-桃園,2024-04-17,1262
1815,富喬,32,2,30,宏遠-桃園,2024-04-17,1262
2408,南亞科,30,0,30,宏遠-桃園,2024-04-17,1262
5210,寶碩,30,0,30,宏遠-桃園,2024-04-17,1262
3490,單井,28,4,24,宏遠-桃園,2024-04-17,1262
00927,群益半導體收益,22,0,22,宏遠-桃園,2024-04-17,1262
2303,聯電,25,3,22,宏遠-桃園,2024-04-17,1262
00679B,元大美債20年,21,0,21,宏遠-桃園,2024-04-17,1262
2440,太空梭,20,0,20,宏遠-桃園,2024-04-17,1262
3078,僑威,20,0,20,宏遠-桃園,2024-04-17,1262
6770,力積電,19,0,19,宏遠-桃園,2024-04-17,1262
2201,裕隆,20,2,18,宏遠-桃園,2024-04-17,1262
3058,立德,36,18,18,宏遠-桃園,2024-04-17,1262
9921,巨大,18,0,18,宏遠-桃園,2024-04-17,1262
00687B,國泰20年美債,17,0,17,宏遠-桃園,2024-04-17,1262
5426,振發,16,1,15,宏遠-桃園,2024-04-17,1262
1312,國喬,15,0,15,宏遠-桃園,2024-04-17,1262
00772B,中信高評級公司債,14,0,14,宏遠-桃園,2024-04-17,1262
2368,金像電,12,0,12,宏遠-桃園,2024-04-17,1262
2887,台新金,12,0,12,宏遠-桃園,2024-04-17,1262
00720B,元大投資級公司債,11,0,11,宏遠-桃園,2024-04-17,1262
1444,力麗,10,0,10,宏遠-桃園,2024-04-17,1262
1617,榮星,10,0,10,宏遠-桃園,2024-04-17,1262
2360,致茂,10,0,10,宏遠-桃園,2024-04-17,1262
2476,鉅祥,10,0,10,宏遠-桃園,2024-04-17,1262
2838,聯邦銀,10,0,10,宏遠-桃園,2024-04-17,1262
8426,紅木-KY,10,0,10,宏遠-桃園,2024-04-17,1262
1316,上曜,10,1,9,宏遠-桃園,2024-04-17,1262
1514,亞力,11,2,9,宏遠-桃園,2024-04-17,1262
00878,國泰永續高股息,10,1,9,宏遠-桃園,2024-04-17,1262
00751B,元大AAA至A公司債,8,0,8,宏遠-桃園,2024-04-17,1262
00941,中信上游半導體,8,0,8,宏遠-桃園,2024-04-17,1262
2485,兆赫,8,0,8,宏遠-桃園,2024-04-17,1262
3231,緯創,12,4,8,宏遠-桃園,2024-04-17,1262
8234,新漢,8,0,8,宏遠-桃園,2024-04-17,1262
2884,玉山金,7,0,7,宏遠-桃園,2024-04-17,1262
8926,台汽電,7,0,7,宏遠-桃園,2024-04-17,1262
2376,技嘉,11,4,7,宏遠-桃園,2024-04-17,1262
3481,群創,609,6,603,宏遠-桃園,2024-04-18,1262
6147,頎邦,206,5,201,宏遠-桃園,2024-04-18,1262
00885,富邦越南,108,0,108,宏遠-桃園,2024-04-18,1262
00919,群益台灣精選高息,103,0,103,宏遠-桃園,2024-04-18,1262
8926,台汽電,97,4,93,宏遠-桃園,2024-04-18,1262
9945,潤泰新,99,9,90,宏遠-桃園,2024-04-18,1262
3490,單井,70,0,70,宏遠-桃園,2024-04-18,1262
5515,建國,81,30,51,宏遠-桃園,2024-04-18,1262
6015,宏遠證,50,0,50,宏遠-桃園,2024-04-18,1262
1570,力肯,43,0,43,宏遠-桃園,2024-04-18,1262
00929,復華台灣科技優息,50,10,40,宏遠-桃園,2024-04-18,1262
00687B,國泰20年美債,31,0,31,宏遠-桃園,2024-04-18,1262
6770,力積電,30,0,30,宏遠-桃園,2024-04-18,1262
00638R,元大滬深300反1,30,0,30,宏遠-桃園,2024-04-18,1262
1815,富喬,31,1,30,宏遠-桃園,2024-04-18,1262
2485,兆赫,30,0,30,宏遠-桃園,2024-04-18,1262
00937B,群益ESG投等債20,29,0,29,宏遠-桃園,2024-04-18,1262
1605,華新,88,59,29,宏遠-桃園,2024-04-18,1262
2022,聚亨,29,0,29,宏遠-桃園,2024-04-18,1262
2889,國票金,26,0,26,宏遠-桃園,2024-04-18,1262
2537,聯上發,26,3,23,宏遠-桃園,2024-04-18,1262
2476,鉅祥,40,19,21,宏遠-桃園,2024-04-18,1262
8936,國統,25,4,21,宏遠-桃園,2024-04-18,1262
2633,台灣高鐵,20,0,20,宏遠-桃園,2024-04-18,1262
1802,台玻,20,0,20,宏遠-桃園,2024-04-18,1262
3287,廣寰科,20,0,20,宏遠-桃園,2024-04-18,1262
1453,大將,15,0,15,宏遠-桃園,2024-04-18,1262
00933B,國泰10Y+金融債,15,0,15,宏遠-桃園,2024-04-18,1262
2897,王道銀行,15,0,15,宏遠-桃園,2024-04-18,1262
3296,勝德,32,17,15,宏遠-桃園,2024-04-18,1262
3715,定穎投控,15,0,15,宏遠-桃園,2024-04-18,1262
2371,大同,140,125,15,宏遠-桃園,2024-04-18,1262
2363,矽統,17,4,13,宏遠-桃園,2024-04-18,1262
3047,訊舟,13,0,13,宏遠-桃園,2024-04-18,1262
00773B,中信優先金融債,12,0,12,宏遠-桃園,2024-04-18,1262
2303,聯電,21,9,12,宏遠-桃園,2024-04-18,1262
2382,廣達,12,0,12,宏遠-桃園,2024-04-18,1262
2867,三商壽,13,2,11,宏遠-桃園,2024-04-18,1262
00918,大華優利高填息30,10,0,10,宏遠-桃園,2024-04-18,1262
2351,順德,10,0,10,宏遠-桃園,2024-04-18,1262
2607,榮運,10,0,10,宏遠-桃園,2024-04-18,1262
3576,聯合再生,10,0,10,宏遠-桃園,2024-04-18,1262
5864,致和證,10,0,10,宏遠-桃園,2024-04-18,1262
00733,富邦臺灣中小,9,0,9,宏遠-桃園,2024-04-18,1262
1785,光洋科,9,0,9,宏遠-桃園,2024-04-18,1262
3312,弘憶股,11,2,9,宏遠-桃園,2024-04-18,1262
8111,立��,15,6,9,宏遠-桃園,2024-04-18,1262
1612,宏泰,11,4,7,宏遠-桃園,2024-04-18,1262
2329,華泰,17,10,7,宏遠-桃園,2024-04-18,1262
3707,漢磊,14,7,7,宏遠-桃園,2024-04-18,1262
00687B,國泰20年美債,1479,28,1451,宏遠-桃園,2024-04-19,1262
00929,復華台灣科技優息,574,11,563,宏遠-桃園,2024-04-19,1262
6005,群益證,245,0,245,宏遠-桃園,2024-04-19,1262
00885,富邦越南,268,30,238,宏遠-桃園,2024-04-19,1262
2303,聯電,211,6,205,宏遠-桃園,2024-04-19,1262
2542,興富發,152,3,149,宏遠-桃園,2024-04-19,1262
2329,華泰,127,5,122,宏遠-桃園,2024-04-19,1262
00680L,元大美債20正2,123,4,119,宏遠-桃園,2024-04-19,1262
00665L,富邦�琤肭磪囓�2,110,10,100,宏遠-桃園,2024-04-19,1262
1522,堤維西,90,0,90,宏遠-桃園,2024-04-19,1262
5009,榮剛,92,3,89,宏遠-桃園,2024-04-19,1262
00940,元大台灣價值高息,103,18,85,宏遠-桃園,2024-04-19,1262
6143,振曜,84,3,81,宏遠-桃園,2024-04-19,1262
2330,台積電,83,7,76,宏遠-桃園,2024-04-19,1262
2476,鉅祥,71,0,71,宏遠-桃園,2024-04-19,1262
2890,永豐金,111,40,71,宏遠-桃園,2024-04-19,1262
00878,國泰永續高股息,66,5,61,宏遠-桃園,2024-04-19,1262
1570,力肯,51,0,51,宏遠-桃園,2024-04-19,1262
2419,仲琦,50,0,50,宏遠-桃園,2024-04-19,1262
00671R,富邦NASDAQ反1,50,0,50,宏遠-桃園,2024-04-19,1262
8936,國統,119,74,45,宏遠-桃園,2024-04-19,1262
5531,鄉林,45,0,45,宏遠-桃園,2024-04-19,1262
00632R,元大台灣50反1,81,41,40,宏遠-桃園,2024-04-19,1262
6113,亞矽,40,0,40,宏遠-桃園,2024-04-19,1262
2371,大同,208,171,37,宏遠-桃園,2024-04-19,1262
0056,元大高股息,45,12,33,宏遠-桃園,2024-04-19,1262
2515,中工,69,36,33,宏遠-桃園,2024-04-19,1262
5351,鈺創,33,0,33,宏遠-桃園,2024-04-19,1262
2317,鴻海,71,40,31,宏遠-桃園,2024-04-19,1262
2633,台灣高鐵,30,0,30,宏遠-桃園,2024-04-19,1262
3686,達能,30,0,30,宏遠-桃園,2024-04-19,1262
1608,華榮,79,51,28,宏遠-桃園,2024-04-19,1262
2547,日勝生,35,8,27,宏遠-桃園,2024-04-19,1262
3013,晟銘電,29,3,26,宏遠-桃園,2024-04-19,1262
3228,金麗科,25,0,25,宏遠-桃園,2024-04-19,1262
2520,冠德,24,1,23,宏遠-桃園,2024-04-19,1262
00650L,復華香港正2,24,2,22,宏遠-桃園,2024-04-19,1262
2618,長榮航,20,0,20,宏遠-桃園,2024-04-19,1262
1905,華紙,19,0,19,宏遠-桃園,2024-04-19,1262
4976,佳凌,19,0,19,宏遠-桃園,2024-04-19,1262
6415,矽力*-KY,19,0,19,宏遠-桃園,2024-04-19,1262
8033,雷虎,19,0,19,宏遠-桃園,2024-04-19,1262
3055,蔚華科,17,0,17,宏遠-桃園,2024-04-19,1262
2887,台新金,16,0,16,宏遠-桃園,2024-04-19,1262
2388,威盛,16,1,15,宏遠-桃園,2024-04-19,1262
1603,華電,24,9,15,宏遠-桃園,2024-04-19,1262
2838,聯邦銀,15,0,15,宏遠-桃園,2024-04-19,1262
5864,致和證,15,0,15,宏遠-桃園,2024-04-19,1262
8926,台汽電,21,6,15,宏遠-桃園,2024-04-19,1262
1609,大亞,85,71,14,宏遠-桃園,2024-04-19,1262
2303,聯電,265,9,256,宏遠-桃園,2024-04-22,1262
2329,華泰,166,13,153,宏遠-桃園,2024-04-22,1262
00680L,元大美債20正2,132,0,132,宏遠-桃園,2024-04-22,1262
2547,日勝生,143,26,117,宏遠-桃園,2024-04-22,1262
00929,復華台灣科技優息,127,11,116,宏遠-桃園,2024-04-22,1262
1722,台肥,108,0,108,宏遠-桃園,2024-04-22,1262
5009,榮剛,90,1,89,宏遠-桃園,2024-04-22,1262
4906,正文,81,0,81,宏遠-桃園,2024-04-22,1262
2885,元大金,90,20,70,宏遠-桃園,2024-04-22,1262
912000,晨訊科-DR,61,0,61,宏遠-桃園,2024-04-22,1262
1522,堤維西,60,0,60,宏遠-桃園,2024-04-22,1262
5531,鄉林,60,5,55,宏遠-桃園,2024-04-22,1262
5864,致和證,50,0,50,宏遠-桃園,2024-04-22,1262
6015,宏遠證,56,6,50,宏遠-桃園,2024-04-22,1262
3078,僑威,55,10,45,宏遠-桃園,2024-04-22,1262
2637,慧洋-KY,63,19,44,宏遠-桃園,2024-04-22,1262
00937B,群益ESG投等債20,73,30,43,宏遠-桃園,2024-04-22,1262
3015,全漢,44,2,42,宏遠-桃園,2024-04-22,1262
2845,遠東銀,40,0,40,宏遠-桃園,2024-04-22,1262
00919,群益台灣精選高息,42,6,36,宏遠-桃園,2024-04-22,1262
6147,頎邦,31,0,31,宏遠-桃園,2024-04-22,1262
2476,鉅祥,28,0,28,宏遠-桃園,2024-04-22,1262
6163,華電網,26,0,26,宏遠-桃園,2024-04-22,1262
3228,金麗科,25,0,25,宏遠-桃園,2024-04-22,1262
00940,元大台灣價值高息,52,27,25,宏遠-桃園,2024-04-22,1262
00720B,元大投資級公司債,21,0,21,宏遠-桃園,2024-04-22,1262
3481,群創,20,0,20,宏遠-桃園,2024-04-22,1262
4157,太景*-KY,21,1,20,宏遠-桃園,2024-04-22,1262
2515,中工,97,82,15,宏遠-桃園,2024-04-22,1262
2371,大同,195,181,14,宏遠-桃園,2024-04-22,1262
00679B,元大美債20年,13,0,13,宏遠-桃園,2024-04-22,1262
1612,宏泰,17,4,13,宏遠-桃園,2024-04-22,1262
2388,威盛,15,2,13,宏遠-桃園,2024-04-22,1262
3013,晟銘電,27,14,13,宏遠-桃園,2024-04-22,1262
3390,旭軟,13,0,13,宏遠-桃園,2024-04-22,1262
00878,國泰永續高股息,13,0,13,宏遠-桃園,2024-04-22,1262
00927,群益半導體收益,22,10,12,宏遠-桃園,2024-04-22,1262
2317,鴻海,28,16,12,宏遠-桃園,2024-04-22,1262
3231,緯創,20,8,12,宏遠-桃園,2024-04-22,1262
2383,台光電,13,1,12,宏遠-桃園,2024-04-22,1262
2330,台積電,15,3,12,宏遠-桃園,2024-04-22,1262
2520,冠德,14,3,11,宏遠-桃園,2024-04-22,1262
8147,正淩,11,0,11,宏遠-桃園,2024-04-22,1262
00881,國泰台灣5G+,10,0,10,宏遠-桃園,2024-04-22,1262
2363,矽統,14,4,10,宏遠-桃園,2024-04-22,1262
2511,太子,15,5,10,宏遠-桃園,2024-04-22,1262
2887,台新金,10,0,10,宏遠-桃園,2024-04-22,1262
5351,鈺創,10,0,10,宏遠-桃園,2024-04-22,1262
1524,耿鼎,10,0,10,宏遠-桃園,2024-04-22,1262
1608,華榮,42,33,9,宏遠-桃園,2024-04-22,1262
2885,元大金,200,0,200,宏遠-桃園,2024-04-23,1262
2812,台中銀,160,0,160,宏遠-桃園,2024-04-23,1262
1440,南紡,132,30,102,宏遠-桃園,2024-04-23,1262
00929,復華台灣科技優息,108,7,101,宏遠-桃園,2024-04-23,1262
00632R,元大台灣50反1,91,0,91,宏遠-桃園,2024-04-23,1262
4207,環泰,78,0,78,宏遠-桃園,2024-04-23,1262
5009,榮剛,60,0,60,宏遠-桃園,2024-04-23,1262
2515,中工,97,43,54,宏遠-桃園,2024-04-23,1262
6115,鎰勝,35,0,35,宏遠-桃園,2024-04-23,1262
2409,友達,31,0,31,宏遠-桃園,2024-04-23,1262
3339,泰谷,30,0,30,宏遠-桃園,2024-04-23,1262
00878,國泰永續高股息,26,0,26,宏遠-桃園,2024-04-23,1262
6143,振曜,24,1,23,宏遠-桃園,2024-04-23,1262
1616,億泰,22,0,22,宏遠-桃園,2024-04-23,1262
3013,晟銘電,35,15,20,宏遠-桃園,2024-04-23,1262
2104,國際中橡,20,0,20,宏遠-桃園,2024-04-23,1262
2303,聯電,26,7,19,宏遠-桃園,2024-04-23,1262
2537,聯上發,25,6,19,宏遠-桃園,2024-04-23,1262
6120,達運,19,0,19,宏遠-桃園,2024-04-23,1262
1605,華新,46,31,15,宏遠-桃園,2024-04-23,1262
00919,群益台灣精選高息,14,0,14,宏遠-桃園,2024-04-23,1262
6005,群益證,305,291,14,宏遠-桃園,2024-04-23,1262
3024,憶聲,22,9,13,宏遠-桃園,2024-04-23,1262
3715,定穎投控,12,1,11,宏遠-桃園,2024-04-23,1262
8936,國統,23,12,11,宏遠-桃園,2024-04-23,1262
4763,材料-KY,16,6,10,宏遠-桃園,2024-04-23,1262
00637L,元大滬深300正2,19,9,10,宏遠-桃園,2024-04-23,1262
2201,裕隆,10,0,10,宏遠-桃園,2024-04-23,1262
3058,立德,11,1,10,宏遠-桃園,2024-04-23,1262
3078,僑威,10,0,10,宏遠-桃園,2024-04-23,1262
6015,宏遠證,10,0,10,宏遠-桃園,2024-04-23,1262
2449,京元電子,13,4,9,宏遠-桃園,2024-04-23,1262
2887,台新金,10,1,9,宏遠-桃園,2024-04-23,1262
6125,廣運,9,0,9,宏遠-桃園,2024-04-23,1262
2376,技嘉,8,0,8,宏遠-桃園,2024-04-23,1262
3228,金麗科,8,0,8,宏遠-桃園,2024-04-23,1262
4726,永昕,8,0,8,宏遠-桃園,2024-04-23,1262
6191,精成科,8,0,8,宏遠-桃園,2024-04-23,1262
00937B,群益ESG投等債20,7,0,7,宏遠-桃園,2024-04-23,1262
6449,鈺邦,8,1,7,宏遠-桃園,2024-04-23,1262
8213,志超,6,0,6,宏遠-桃園,2024-04-23,1262
2317,鴻海,15,9,6,宏遠-桃園,2024-04-23,1262
0050,元大台灣50,5,0,5,宏遠-桃園,2024-04-23,1262
1104,環泥,5,0,5,宏遠-桃園,2024-04-23,1262
3703,欣陸,5,0,5,宏遠-桃園,2024-04-23,1262
6192,巨路,5,0,5,宏遠-桃園,2024-04-23,1262
6197,佳必琪,7,2,5,宏遠-桃園,2024-04-23,1262
6505,台塑化,5,0,5,宏遠-桃園,2024-04-23,1262
8926,台汽電,8,3,5,宏遠-桃園,2024-04-23,1262
1301,台塑,4,0,4,宏遠-桃園,2024-04-23,1262
3481,群創,546,7,539,宏遠-桃園,2024-04-24,1262
2515,中工,490,30,460,宏遠-桃園,2024-04-24,1262
2883,凱基金,405,0,405,宏遠-桃園,2024-04-24,1262
2891,中信金,270,100,170,宏遠-桃園,2024-04-24,1262
5210,寶碩,59,0,59,宏遠-桃園,2024-04-24,1262
5009,榮剛,77,20,57,宏遠-桃園,2024-04-24,1262
00632R,元大台灣50反1,51,7,44,宏遠-桃園,2024-04-24,1262
9921,巨大,33,0,33,宏遠-桃園,2024-04-24,1262
2609,陽明,39,8,31,宏遠-桃園,2024-04-24,1262
00671R,富邦NASDAQ反1,25,0,25,宏遠-桃園,2024-04-24,1262
3703,欣陸,27,4,23,宏遠-桃園,2024-04-24,1262
3491,昇達科,23,2,21,宏遠-桃園,2024-04-24,1262
1314,中石化,21,0,21,宏遠-桃園,2024-04-24,1262
3090,日電貿,21,0,21,宏遠-桃園,2024-04-24,1262
1316,上曜,20,0,20,宏遠-桃園,2024-04-24,1262
8936,國統,31,11,20,宏遠-桃園,2024-04-24,1262
00687B,國泰20年美債,18,0,18,宏遠-桃園,2024-04-24,1262
00919,群益台灣精選高息,20,3,17,宏遠-桃園,2024-04-24,1262
2440,太空梭,15,0,15,宏遠-桃園,2024-04-24,1262
3228,金麗科,15,0,15,宏遠-桃園,2024-04-24,1262
2906,高林,14,0,14,宏遠-桃園,2024-04-24,1262
2890,永豐金,27,15,12,宏遠-桃園,2024-04-24,1262
1605,華新,17,5,12,宏遠-桃園,2024-04-24,1262
6188,廣明,18,6,12,宏遠-桃園,2024-04-24,1262
1560,中砂,15,4,11,宏遠-桃園,2024-04-24,1262
3027,盛達,13,2,11,宏遠-桃園,2024-04-24,1262
3231,緯創,44,33,11,宏遠-桃園,2024-04-24,1262
1524,耿鼎,10,0,10,宏遠-桃園,2024-04-24,1262
00937B,群益ESG投等債20,10,0,10,宏遠-桃園,2024-04-24,1262
00651R,復華香港反1,10,0,10,宏遠-桃園,2024-04-24,1262
3339,泰谷,10,0,10,宏遠-桃園,2024-04-24,1262
3712,永崴投控,10,0,10,宏遠-桃園,2024-04-24,1262
6117,迎廣,10,0,10,宏遠-桃園,2024-04-24,1262
00679B,元大美債20年,9,0,9,宏遠-桃園,2024-04-24,1262
0050,元大台灣50,8,0,8,宏遠-桃園,2024-04-24,1262
00637L,元大滬深300正2,16,8,8,宏遠-桃園,2024-04-24,1262
5531,鄉林,8,0,8,宏遠-桃園,2024-04-24,1262
3029,零壹,7,0,7,宏遠-桃園,2024-04-24,1262
6763,綠界科技*,7,0,7,宏遠-桃園,2024-04-24,1262
1608,華榮,24,18,6,宏遠-桃園,2024-04-24,1262
2509,全坤建,6,0,6,宏遠-桃園,2024-04-24,1262
2543,皇昌,12,6,6,宏遠-桃園,2024-04-24,1262
2634,漢翔,7,1,6,宏遠-桃園,2024-04-24,1262
5706,鳳凰,8,2,6,宏遠-桃園,2024-04-24,1262
6645,金萬林-創,6,0,6,宏遠-桃園,2024-04-24,1262
8926,台汽電,6,0,6,宏遠-桃園,2024-04-24,1262
00940,元大台灣價值高息,11,5,6,宏遠-桃園,2024-04-24,1262
1618,合機,11,6,5,宏遠-桃園,2024-04-24,1262
2031,新光鋼,5,0,5,宏遠-桃園,2024-04-24,1262
2409,友達,6,1,5,宏遠-桃園,2024-04-24,1262
5009,榮剛,140,0,140,宏遠-桃園,2024-04-25,1262
00937B,群益ESG投等債20,60,0,60,宏遠-桃園,2024-04-25,1262
2317,鴻海,64,7,57,宏遠-桃園,2024-04-25,1262
2886,兆豐金,51,0,51,宏遠-桃園,2024-04-25,1262
00751B,元大AAA至A公司債,50,0,50,宏遠-桃園,2024-04-25,1262
5210,寶碩,43,0,43,宏遠-桃園,2024-04-25,1262
00638R,元大滬深300反1,42,0,42,宏遠-桃園,2024-04-25,1262
00929,復華台灣科技優息,41,0,41,宏遠-桃園,2024-04-25,1262
3037,欣興,37,3,34,宏遠-桃園,2024-04-25,1262
2303,聯電,32,0,32,宏遠-桃園,2024-04-25,1262
00919,群益台灣精選高息,31,1,30,宏遠-桃園,2024-04-25,1262
1314,中石化,30,0,30,宏遠-桃園,2024-04-25,1262
1522,堤維西,25,0,25,宏遠-桃園,2024-04-25,1262
2330,台積電,24,1,23,宏遠-桃園,2024-04-25,1262
2515,中工,42,20,22,宏遠-桃園,2024-04-25,1262
3312,弘憶股,32,11,21,宏遠-桃園,2024-04-25,1262
1440,南紡,23,2,21,宏遠-桃園,2024-04-25,1262
1316,上曜,20,0,20,宏遠-桃園,2024-04-25,1262
3017,奇鋐,31,12,19,宏遠-桃園,2024-04-25,1262
2801,彰銀,16,0,16,宏遠-桃園,2024-04-25,1262
2014,中鴻,15,0,15,宏遠-桃園,2024-04-25,1262
2880,華南金,15,0,15,宏遠-桃園,2024-04-25,1262
6143,振曜,20,5,15,宏遠-桃園,2024-04-25,1262
8046,南電,15,0,15,宏遠-桃園,2024-04-25,1262
2610,華航,20,6,14,宏遠-桃園,2024-04-25,1262
00891,中信關鍵半導體,13,0,13,宏遠-桃園,2024-04-25,1262
4303,信立,12,0,12,宏遠-桃園,2024-04-25,1262
2906,高林,11,0,11,宏遠-桃園,2024-04-25,1262
3078,僑威,11,0,11,宏遠-桃園,2024-04-25,1262
8438,昶昕,15,4,11,宏遠-桃園,2024-04-25,1262
1101,台泥,10,0,10,宏遠-桃園,2024-04-25,1262
00939,統一台灣高息動能,10,0,10,宏遠-桃園,2024-04-25,1262
1605,華新,10,0,10,宏遠-桃園,2024-04-25,1262
2102,泰豐,28,18,10,宏遠-桃園,2024-04-25,1262
2440,太空梭,10,0,10,宏遠-桃園,2024-04-25,1262
4726,永昕,10,0,10,宏遠-桃園,2024-04-25,1262
6197,佳必琪,37,27,10,宏遠-桃園,2024-04-25,1262
6603,富強鑫,10,0,10,宏遠-桃園,2024-04-25,1262
00918,大華優利高填息30,9,0,9,宏遠-桃園,2024-04-25,1262
3058,立德,9,0,9,宏遠-桃園,2024-04-25,1262
2618,長榮航,72,63,9,宏遠-桃園,2024-04-25,1262
00930,永豐ESG低碳高息,8,0,8,宏遠-桃園,2024-04-25,1262
2892,第一金,8,0,8,宏遠-桃園,2024-04-25,1262
3231,緯創,13,5,8,宏遠-桃園,2024-04-25,1262
6514,芮特-KY,8,0,8,宏遠-桃園,2024-04-25,1262
6770,力積電,8,0,8,宏遠-桃園,2024-04-25,1262
2376,技嘉,8,1,7,宏遠-桃園,2024-04-25,1262
2883,凱基金,7,0,7,宏遠-桃園,2024-04-25,1262
5706,鳳凰,9,2,7,宏遠-桃園,2024-04-25,1262
8467,波力-KY,7,0,7,宏遠-桃園,2024-04-25,1262
2883,凱基金,113,0,113,宏遠-桃園,2024-04-26,1262
8064,東捷,125,20,105,宏遠-桃園,2024-04-26,1262
2406,國碩,100,0,100,宏遠-桃園,2024-04-26,1262
2316,楠梓電,91,4,87,宏遠-桃園,2024-04-26,1262
2880,華南金,54,0,54,宏遠-桃園,2024-04-26,1262
00937B,群益ESG投等債20,53,0,53,宏遠-桃園,2024-04-26,1262
6425,易發,64,11,53,宏遠-桃園,2024-04-26,1262
00671R,富邦NASDAQ反1,50,0,50,宏遠-桃園,2024-04-26,1262
6005,群益證,50,1,49,宏遠-桃園,2024-04-26,1262
2611,志信,50,2,48,宏遠-桃園,2024-04-26,1262
2241,艾姆勒,64,19,45,宏遠-桃園,2024-04-26,1262
1608,華榮,53,9,44,宏遠-桃園,2024-04-26,1262
00679B,元大美債20年,42,10,32,宏遠-桃園,2024-04-26,1262
00720B,元大投資級公司債,28,0,28,宏遠-桃園,2024-04-26,1262
6443,元晶,26,0,26,宏遠-桃園,2024-04-26,1262
2547,日勝生,30,4,26,宏遠-桃園,2024-04-26,1262
6269,台郡,25,0,25,宏遠-桃園,2024-04-26,1262
6143,振曜,25,4,21,宏遠-桃園,2024-04-26,1262
1618,合機,25,5,20,宏遠-桃園,2024-04-26,1262
3052,夆典,20,0,20,宏遠-桃園,2024-04-26,1262
3266,昇陽,20,0,20,宏遠-桃園,2024-04-26,1262
4909,新復興,23,3,20,宏遠-桃園,2024-04-26,1262
5210,寶碩,20,0,20,宏遠-桃園,2024-04-26,1262
2101,南港,43,24,19,宏遠-桃園,2024-04-26,1262
2887,台新金,18,0,18,宏遠-桃園,2024-04-26,1262
2506,太設,20,5,15,宏遠-桃園,2024-04-26,1262
4726,永昕,15,0,15,宏遠-桃園,2024-04-26,1262
5864,致和證,15,0,15,宏遠-桃園,2024-04-26,1262
8028,昇陽半導體,15,0,15,宏遠-桃園,2024-04-26,1262
00638R,元大滬深300反1,16,2,14,宏遠-桃園,2024-04-26,1262
3090,日電貿,14,0,14,宏遠-桃園,2024-04-26,1262
1417,嘉裕,13,0,13,宏遠-桃園,2024-04-26,1262
00882,中信中國高股息,11,0,11,宏遠-桃園,2024-04-26,1262
00772B,中信高評級公司債,10,0,10,宏遠-桃園,2024-04-26,1262
1522,堤維西,10,0,10,宏遠-桃園,2024-04-26,1262
1615,大山,11,1,10,宏遠-桃園,2024-04-26,1262
2102,泰豐,30,20,10,宏遠-桃園,2024-04-26,1262
2201,裕隆,10,0,10,宏遠-桃園,2024-04-26,1262
2338,光罩,10,0,10,宏遠-桃園,2024-04-26,1262
2538,基泰,10,0,10,宏遠-桃園,2024-04-26,1262
4714,永捷,10,0,10,宏遠-桃園,2024-04-26,1262
6552,易華電,29,20,9,宏遠-桃園,2024-04-26,1262
2363,矽統,14,6,8,宏遠-桃園,2024-04-26,1262
00929,復華台灣科技優息,12,4,8,宏遠-桃園,2024-04-26,1262
3058,立德,8,0,8,宏遠-桃園,2024-04-26,1262
4155,訊映,8,0,8,宏遠-桃園,2024-04-26,1262
5213,亞昕,8,0,8,宏遠-桃園,2024-04-26,1262
1101,台泥,7,0,7,宏遠-桃園,2024-04-26,1262
1603,華電,13,6,7,宏遠-桃園,2024-04-26,1262
5871,中租-KY,10,4,6,宏遠-桃園,2024-04-26,1262
00665L,富邦�琤肭磪囓�2,598,280,318,宏遠-桃園,2024-04-29,1262
00632R,元大台灣50反1,130,0,130,宏遠-桃園,2024-04-29,1262
8096,擎亞,85,0,85,宏遠-桃園,2024-04-29,1262
2374,佳能,75,6,69,宏遠-桃園,2024-04-29,1262
2449,京元電子,56,2,54,宏遠-桃園,2024-04-29,1262
2801,彰銀,54,0,54,宏遠-桃園,2024-04-29,1262
00631L,元大台灣50正2,53,0,53,宏遠-桃園,2024-04-29,1262
2515,中工,116,65,51,宏遠-桃園,2024-04-29,1262
1440,南紡,51,2,49,宏遠-桃園,2024-04-29,1262
6425,易發,90,45,45,宏遠-桃園,2024-04-29,1262
00937B,群益ESG投等債20,40,0,40,宏遠-桃園,2024-04-29,1262
5522,遠雄,41,3,38,宏遠-桃園,2024-04-29,1262
1417,嘉裕,27,1,26,宏遠-桃園,2024-04-29,1262
00650L,復華香港正2,137,112,25,宏遠-桃園,2024-04-29,1262
2009,第一銅,24,2,22,宏遠-桃園,2024-04-29,1262
2007,燁興,20,0,20,宏遠-桃園,2024-04-29,1262
2316,楠梓電,20,0,20,宏遠-桃園,2024-04-29,1262
3005,神基,20,0,20,宏遠-桃園,2024-04-29,1262
5864,致和證,20,0,20,宏遠-桃園,2024-04-29,1262
2605,新興,40,22,18,宏遠-桃園,2024-04-29,1262
6125,廣運,29,11,18,宏遠-桃園,2024-04-29,1262
2323,中環,34,16,18,宏遠-桃園,2024-04-29,1262
3466,德晉,15,0,15,宏遠-桃園,2024-04-29,1262
8467,波力-KY,14,0,14,宏遠-桃園,2024-04-29,1262
2363,矽統,43,30,13,宏遠-桃園,2024-04-29,1262
2546,根基,14,2,12,宏遠-桃園,2024-04-29,1262
4976,佳凌,12,0,12,宏遠-桃園,2024-04-29,1262
2520,冠德,19,8,11,宏遠-桃園,2024-04-29,1262
4743,合一,11,0,11,宏遠-桃園,2024-04-29,1262
5515,建國,13,2,11,宏遠-桃園,2024-04-29,1262
8039,台虹,11,0,11,宏遠-桃園,2024-04-29,1262
8438,昶昕,11,0,11,宏遠-桃園,2024-04-29,1262
3390,旭軟,10,0,10,宏遠-桃園,2024-04-29,1262
5493,三聯,10,0,10,宏遠-桃園,2024-04-29,1262
5512,力麒,15,5,10,宏遠-桃園,2024-04-29,1262
7402,邑錡,10,0,10,宏遠-桃園,2024-04-29,1262
8110,華東,10,0,10,宏遠-桃園,2024-04-29,1262
9955,佳龍,10,0,10,宏遠-桃園,2024-04-29,1262
00706L,期元大S＆P日圓正2,10,1,9,宏遠-桃園,2024-04-29,1262
6414,樺漢,9,0,9,宏遠-桃園,2024-04-29,1262
2409,友達,10,1,9,宏遠-桃園,2024-04-29,1262
3576,聯合再生,10,1,9,宏遠-桃園,2024-04-29,1262
3013,晟銘電,23,14,9,宏遠-桃園,2024-04-29,1262
3338,泰碩,8,0,8,宏遠-桃園,2024-04-29,1262
00676R,富邦臺灣加權反1,6,0,6,宏遠-桃園,2024-04-29,1262
00686R,群益臺灣加權反1,6,0,6,宏遠-桃園,2024-04-29,1262
00680L,元大美債20正2,130,124,6,宏遠-桃園,2024-04-29,1262
2324,仁寶,7,1,6,宏遠-桃園,2024-04-29,1262
6177,達麗,9,3,6,宏遠-桃園,2024-04-29,1262
1531,高林股,5,0,5,宏遠-桃園,2024-04-29,1262
4526,東台,116,10,106,宏遠-桃園,2024-04-30,1262
00665L,富邦�琤肭磪囓�2,350,248,102,宏遠-桃園,2024-04-30,1262
1314,中石化,103,2,101,宏遠-桃園,2024-04-30,1262
2371,大同,121,24,97,宏遠-桃園,2024-04-30,1262
6147,頎邦,93,0,93,宏遠-桃園,2024-04-30,1262
1612,宏泰,75,3,72,宏遠-桃園,2024-04-30,1262
2427,三商電,67,0,67,宏遠-桃園,2024-04-30,1262
1316,上曜,73,24,49,宏遠-桃園,2024-04-30,1262
5009,榮剛,52,11,41,宏遠-桃園,2024-04-30,1262
1445,大宇,40,0,40,宏遠-桃園,2024-04-30,1262
2482,連宇,30,0,30,宏遠-桃園,2024-04-30,1262
2607,榮運,30,0,30,宏遠-桃園,2024-04-30,1262
6425,易發,103,73,30,宏遠-桃園,2024-04-30,1262
8401,白紗科,30,0,30,宏遠-桃園,2024-04-30,1262
1618,合機,38,9,29,宏遠-桃園,2024-04-30,1262
4155,訊映,30,1,29,宏遠-桃園,2024-04-30,1262
00638R,元大滬深300反1,28,0,28,宏遠-桃園,2024-04-30,1262
1453,大將,21,0,21,宏遠-桃園,2024-04-30,1262
2530,華建,21,0,21,宏遠-桃園,2024-04-30,1262
2618,長榮航,44,23,21,宏遠-桃園,2024-04-30,1262
5512,力麒,20,0,20,宏遠-桃園,2024-04-30,1262
2489,瑞軒,19,0,19,宏遠-桃園,2024-04-30,1262
2546,根基,16,0,16,宏遠-桃園,2024-04-30,1262
2547,日勝生,16,0,16,宏遠-桃園,2024-04-30,1262
3013,晟銘電,24,9,15,宏遠-桃園,2024-04-30,1262
1905,華紙,15,0,15,宏遠-桃園,2024-04-30,1262
2323,中環,15,0,15,宏遠-桃園,2024-04-30,1262
2453,凌群,15,0,15,宏遠-桃園,2024-04-30,1262
2880,華南金,13,0,13,宏遠-桃園,2024-04-30,1262
5522,遠雄,13,0,13,宏遠-桃園,2024-04-30,1262
8936,國統,30,17,13,宏遠-桃園,2024-04-30,1262
3090,日電貿,12,0,12,宏遠-桃園,2024-04-30,1262
6143,振曜,12,0,12,宏遠-桃園,2024-04-30,1262
1471,首利,11,0,11,宏遠-桃園,2024-04-30,1262
2102,泰豐,11,0,11,宏遠-桃園,2024-04-30,1262
8054,安國,14,3,11,宏遠-桃園,2024-04-30,1262
00940,元大台灣價值高息,14,4,10,宏遠-桃園,2024-04-30,1262
5531,鄉林,21,11,10,宏遠-桃園,2024-04-30,1262
2241,艾姆勒,10,0,10,宏遠-桃園,2024-04-30,1262
00878,國泰永續高股息,11,2,9,宏遠-桃園,2024-04-30,1262
2882,國泰金,9,0,9,宏遠-桃園,2024-04-30,1262
8039,台虹,10,1,9,宏遠-桃園,2024-04-30,1262
3686,達能,8,0,8,宏遠-桃園,2024-04-30,1262
00631L,元大台灣50正2,7,0,7,宏遠-桃園,2024-04-30,1262
0050,元大台灣50,7,0,7,宏遠-桃園,2024-04-30,1262
3294,英濟,7,0,7,宏遠-桃園,2024-04-30,1262
3357,臺慶科,7,0,7,宏遠-桃園,2024-04-30,1262
2501,國建,30,24,6,宏遠-桃園,2024-04-30,1262
00937B,群益ESG投等債20,6,0,6,宏遠-桃園,2024-04-30,1262
2542,興富發,10,4,6,宏遠-桃園,2024-04-30,1262
2501,國建,219,24,195,宏遠-桃園,2024-05-02,1262
6015,宏遠證,100,1,99,宏遠-桃園,2024-05-02,1262
1618,合機,93,1,92,宏遠-桃園,2024-05-02,1262
9945,潤泰新,100,24,76,宏遠-桃園,2024-05-02,1262
00929,復華台灣科技優息,74,11,63,宏遠-桃園,2024-05-02,1262
2641,正德,55,1,54,宏遠-桃園,2024-05-02,1262
2852,第一保,50,0,50,宏遠-桃園,2024-05-02,1262
2885,元大金,42,0,42,宏遠-桃園,2024-05-02,1262
2027,大成鋼,40,0,40,宏遠-桃園,2024-05-02,1262
2915,潤泰全,40,4,36,宏遠-桃園,2024-05-02,1262
912000,晨訊科-DR,28,0,28,宏遠-桃園,2024-05-02,1262
8467,波力-KY,27,1,26,宏遠-桃園,2024-05-02,1262
00937B,群益ESG投等債20,23,0,23,宏遠-桃園,2024-05-02,1262
2324,仁寶,21,0,21,宏遠-桃園,2024-05-02,1262
2329,華泰,24,3,21,宏遠-桃園,2024-05-02,1262
4909,新復興,20,0,20,宏遠-桃園,2024-05-02,1262
8463,潤泰材,20,0,20,宏遠-桃園,2024-05-02,1262
00878,國泰永續高股息,19,0,19,宏遠-桃園,2024-05-02,1262
6770,力積電,20,2,18,宏遠-桃園,2024-05-02,1262
00715L,期街口布蘭特正2,19,2,17,宏遠-桃園,2024-05-02,1262
2409,友達,19,2,17,宏遠-桃園,2024-05-02,1262
2809,京城銀,15,0,15,宏遠-桃園,2024-05-02,1262
2317,鴻海,37,23,14,宏遠-桃園,2024-05-02,1262
1905,華紙,15,1,14,宏遠-桃園,2024-05-02,1262
6425,易發,14,0,14,宏遠-桃園,2024-05-02,1262
2330,台積電,15,2,13,宏遠-桃園,2024-05-02,1262
2615,萬海,14,3,11,宏遠-桃園,2024-05-02,1262
1316,上曜,14,4,10,宏遠-桃園,2024-05-02,1262
1464,得力,10,0,10,宏遠-桃園,2024-05-02,1262
1603,華電,10,0,10,宏遠-桃園,2024-05-02,1262
2030,彰源,10,0,10,宏遠-桃園,2024-05-02,1262
6202,盛群,10,0,10,宏遠-桃園,2024-05-02,1262
2009,第一銅,12,3,9,宏遠-桃園,2024-05-02,1262
00930,永豐ESG低碳高息,9,0,9,宏遠-桃園,2024-05-02,1262
1445,大宇,9,0,9,宏遠-桃園,2024-05-02,1262
6116,彩晶,12,3,9,宏遠-桃園,2024-05-02,1262
6625,必應,10,1,9,宏遠-桃園,2024-05-02,1262
2363,矽統,49,41,8,宏遠-桃園,2024-05-02,1262
2611,志信,13,5,8,宏遠-桃園,2024-05-02,1262
2887,台新金,26,18,8,宏遠-桃園,2024-05-02,1262
3306,鼎天,8,0,8,宏遠-桃園,2024-05-02,1262
00940,元大台灣價值高息,8,1,7,宏遠-桃園,2024-05-02,1262
1519,華城,9,2,7,宏遠-桃園,2024-05-02,1262
2913,農林,12,5,7,宏遠-桃園,2024-05-02,1262
4533,協易機,13,6,7,宏遠-桃園,2024-05-02,1262
00919,群益台灣精選高息,6,0,6,宏遠-桃園,2024-05-02,1262
00687B,國泰20年美債,6,0,6,宏遠-桃園,2024-05-02,1262
3287,廣寰科,6,0,6,宏遠-桃園,2024-05-02,1262
8039,台虹,8,2,6,宏遠-桃園,2024-05-02,1262
00712,復華富時不動產,10,5,5,宏遠-桃園,2024-05-02,1262
5009,榮剛,410,11,399,宏遠-桃園,2024-05-03,1262
1618,合機,130,0,130,宏遠-桃園,2024-05-03,1262
2915,潤泰全,114,40,74,宏遠-桃園,2024-05-03,1262
00687B,國泰20年美債,65,0,65,宏遠-桃園,2024-05-03,1262
00918,大華優利高填息30,59,0,59,宏遠-桃園,2024-05-03,1262
3490,單井,53,0,53,宏遠-桃園,2024-05-03,1262
2329,華泰,57,5,52,宏遠-桃園,2024-05-03,1262
2913,農林,51,1,50,宏遠-桃園,2024-05-03,1262
3552,同致,44,0,44,宏遠-桃園,2024-05-03,1262
00933B,國泰10Y+金融債,50,10,40,宏遠-桃園,2024-05-03,1262
00919,群益台灣精選高息,38,2,36,宏遠-桃園,2024-05-03,1262
00650L,復華香港正2,137,102,35,宏遠-桃園,2024-05-03,1262
9105,泰金寶-DR,35,0,35,宏遠-桃園,2024-05-03,1262
4155,訊映,31,0,31,宏遠-桃園,2024-05-03,1262
2375,凱美,30,0,30,宏遠-桃園,2024-05-03,1262
00930,永豐ESG低碳高息,29,0,29,宏遠-桃園,2024-05-03,1262
2885,元大金,25,0,25,宏遠-桃園,2024-05-03,1262
00937B,群益ESG投等債20,23,0,23,宏遠-桃園,2024-05-03,1262
00638R,元大滬深300反1,23,0,23,宏遠-桃園,2024-05-03,1262
3231,緯創,23,0,23,宏遠-桃園,2024-05-03,1262
4533,協易機,49,27,22,宏遠-桃園,2024-05-03,1262
00878,國泰永續高股息,22,2,20,宏遠-桃園,2024-05-03,1262
00751B,元大AAA至A公司債,20,0,20,宏遠-桃園,2024-05-03,1262
5483,中美晶,20,0,20,宏遠-桃園,2024-05-03,1262
6125,廣運,38,18,20,宏遠-桃園,2024-05-03,1262
6668,中揚光,20,0,20,宏遠-桃園,2024-05-03,1262
2208,台船,18,0,18,宏遠-桃園,2024-05-03,1262
8467,波力-KY,18,0,18,宏遠-桃園,2024-05-03,1262
1612,宏泰,15,3,12,宏遠-桃園,2024-05-03,1262
1615,大山,11,0,11,宏遠-桃園,2024-05-03,1262
3013,晟銘電,16,5,11,宏遠-桃園,2024-05-03,1262
6120,達運,11,0,11,宏遠-桃園,2024-05-03,1262
2327,國巨,19,8,11,宏遠-桃園,2024-05-03,1262
2603,長榮,10,0,10,宏遠-桃園,2024-05-03,1262
2607,榮運,10,0,10,宏遠-桃園,2024-05-03,1262
5328,華容,11,1,10,宏遠-桃園,2024-05-03,1262
5351,鈺創,10,0,10,宏遠-桃園,2024-05-03,1262
6432,今展科,10,0,10,宏遠-桃園,2024-05-03,1262
2609,陽明,15,7,8,宏遠-桃園,2024-05-03,1262
1314,中石化,8,0,8,宏遠-桃園,2024-05-03,1262
2486,一詮,14,6,8,宏遠-桃園,2024-05-03,1262
2537,聯上發,16,8,8,宏遠-桃園,2024-05-03,1262
6742,澤米,10,2,8,宏遠-桃園,2024-05-03,1262
2363,矽統,52,44,8,宏遠-桃園,2024-05-03,1262
00940,元大台灣價值高息,7,0,7,宏遠-桃園,2024-05-03,1262
00679B,元大美債20年,8,1,7,宏遠-桃園,2024-05-03,1262
1109,信大,7,0,7,宏遠-桃園,2024-05-03,1262
2634,漢翔,7,0,7,宏遠-桃園,2024-05-03,1262
3306,鼎天,7,0,7,宏遠-桃園,2024-05-03,1262
6197,佳必琪,7,0,7,宏遠-桃園,2024-05-03,1262
00937B,群益ESG投等債20,543,5,538,宏遠-桃園,2024-05-06,1262
2515,中工,353,5,348,宏遠-桃園,2024-05-06,1262
5009,榮剛,221,0,221,宏遠-桃園,2024-05-06,1262
00665L,富邦�琤肭磪囓�2,205,0,205,宏遠-桃園,2024-05-06,1262
00632R,元大台灣50反1,133,3,130,宏遠-桃園,2024-05-06,1262
00680L,元大美債20正2,122,3,119,宏遠-桃園,2024-05-06,1262
00929,復華台灣科技優息,114,0,114,宏遠-桃園,2024-05-06,1262
2530,華建,81,0,81,宏遠-桃園,2024-05-06,1262
2545,皇翔,100,23,77,宏遠-桃園,2024-05-06,1262
2618,長榮航,92,20,72,宏遠-桃園,2024-05-06,1262
1445,大宇,80,10,70,宏遠-桃園,2024-05-06,1262
2883,凱基金,110,40,70,宏遠-桃園,2024-05-06,1262
1806,冠軍,60,0,60,宏遠-桃園,2024-05-06,1262
2883B,凱基金乙特,50,0,50,宏遠-桃園,2024-05-06,1262
2392,正崴,53,6,47,宏遠-桃園,2024-05-06,1262
2511,太子,41,0,41,宏遠-桃園,2024-05-06,1262
6770,力積電,47,9,38,宏遠-桃園,2024-05-06,1262
1440,南紡,45,15,30,宏遠-桃園,2024-05-06,1262
2329,華泰,26,0,26,宏遠-桃園,2024-05-06,1262
2547,日勝生,40,14,26,宏遠-桃園,2024-05-06,1262
2201,裕隆,26,3,23,宏遠-桃園,2024-05-06,1262
2419,仲琦,23,0,23,宏遠-桃園,2024-05-06,1262
5443,均豪,22,0,22,宏遠-桃園,2024-05-06,1262
6005,群益證,22,0,22,宏遠-桃園,2024-05-06,1262
1605,華新,21,0,21,宏遠-桃園,2024-05-06,1262
2427,三商電,21,0,21,宏遠-桃園,2024-05-06,1262
3029,零壹,21,0,21,宏遠-桃園,2024-05-06,1262
5864,致和證,20,0,20,宏遠-桃園,2024-05-06,1262
8027,鈦昇,20,0,20,宏遠-桃園,2024-05-06,1262
00919,群益台灣精選高息,20,0,20,宏遠-桃園,2024-05-06,1262
4967,十銓,23,4,19,宏遠-桃園,2024-05-06,1262
9933,中鼎,21,2,19,宏遠-桃園,2024-05-06,1262
4714,永捷,17,1,16,宏遠-桃園,2024-05-06,1262
5531,鄉林,16,0,16,宏遠-桃園,2024-05-06,1262
2314,台揚,15,0,15,宏遠-桃園,2024-05-06,1262
6117,迎廣,15,0,15,宏遠-桃園,2024-05-06,1262
00715L,期街口布蘭特正2,84,70,14,宏遠-桃園,2024-05-06,1262
3512,皇龍,12,0,12,宏遠-桃園,2024-05-06,1262
3703,欣陸,12,0,12,宏遠-桃園,2024-05-06,1262
3059,華晶科,11,0,11,宏遠-桃園,2024-05-06,1262
1316,上曜,37,26,11,宏遠-桃園,2024-05-06,1262
00933B,國泰10Y+金融債,10,0,10,宏遠-桃園,2024-05-06,1262
00795B,中信美國公債20年,10,0,10,宏遠-桃園,2024-05-06,1262
2607,榮運,10,0,10,宏遠-桃園,2024-05-06,1262
3715,定穎投控,10,0,10,宏遠-桃園,2024-05-06,1262
4155,訊映,10,0,10,宏遠-桃園,2024-05-06,1262
5469,瀚宇博,10,0,10,宏遠-桃園,2024-05-06,1262
6214,精誠,10,0,10,宏遠-桃園,2024-05-06,1262
8147,正淩,16,6,10,宏遠-桃園,2024-05-06,1262
1618,合機,30,21,9,宏遠-桃園,2024-05-06,1262
2515,中工,592,5,587,宏遠-桃園,2024-05-07,1262
5009,榮剛,404,0,404,宏遠-桃園,2024-05-07,1262
4906,正文,140,0,140,宏遠-桃園,2024-05-07,1262
6015,宏遠證,115,0,115,宏遠-桃園,2024-05-07,1262
2530,華建,102,0,102,宏遠-桃園,2024-05-07,1262
2883B,凱基金乙特,100,0,100,宏遠-桃園,2024-05-07,1262
5864,致和證,70,0,70,宏遠-桃園,2024-05-07,1262
9105,泰金寶-DR,65,0,65,宏遠-桃園,2024-05-07,1262
1524,耿鼎,58,0,58,宏遠-桃園,2024-05-07,1262
3260,威剛,57,6,51,宏遠-桃園,2024-05-07,1262
1522,堤維西,50,0,50,宏遠-桃園,2024-05-07,1262
2476,鉅祥,41,0,41,宏遠-桃園,2024-05-07,1262
2314,台揚,40,0,40,宏遠-桃園,2024-05-07,1262
2913,農林,40,0,40,宏遠-桃園,2024-05-07,1262
912000,晨訊科-DR,38,0,38,宏遠-桃園,2024-05-07,1262
2618,長榮航,54,18,36,宏遠-桃園,2024-05-07,1262
00632R,元大台灣50反1,35,0,35,宏遠-桃園,2024-05-07,1262
2208,台船,30,0,30,宏遠-桃園,2024-05-07,1262
8064,東捷,30,0,30,宏遠-桃園,2024-05-07,1262
1605,華新,30,2,28,宏遠-桃園,2024-05-07,1262
1314,中石化,50,23,27,宏遠-桃園,2024-05-07,1262
3011,今皓,25,0,25,宏遠-桃園,2024-05-07,1262
4726,永昕,24,1,23,宏遠-桃園,2024-05-07,1262
2892,第一金,21,0,21,宏遠-桃園,2024-05-07,1262
1806,冠軍,20,0,20,宏遠-桃園,2024-05-07,1262
2543,皇昌,33,13,20,宏遠-桃園,2024-05-07,1262
5531,鄉林,20,0,20,宏遠-桃園,2024-05-07,1262
6113,亞矽,20,0,20,宏遠-桃園,2024-05-07,1262
6143,振曜,20,0,20,宏遠-桃園,2024-05-07,1262
6552,易華電,20,0,20,宏遠-桃園,2024-05-07,1262
4306,炎洲,20,0,20,宏遠-桃園,2024-05-07,1262
1440,南紡,20,1,19,宏遠-桃園,2024-05-07,1262
5381,合正,20,1,19,宏遠-桃園,2024-05-07,1262
6005,群益證,19,0,19,宏遠-桃園,2024-05-07,1262
2609,陽明,43,25,18,宏遠-桃園,2024-05-07,1262
00929,復華台灣科技優息,16,0,16,宏遠-桃園,2024-05-07,1262
2745,五福,16,0,16,宏遠-桃園,2024-05-07,1262
00878,國泰永續高股息,16,1,15,宏遠-桃園,2024-05-07,1262
2101,南港,26,11,15,宏遠-桃園,2024-05-07,1262
2323,中環,32,17,15,宏遠-桃園,2024-05-07,1262
1467,南緯,14,0,14,宏遠-桃園,2024-05-07,1262
3062,建漢,17,3,14,宏遠-桃園,2024-05-07,1262
6757,台灣虎航,14,0,14,宏遠-桃園,2024-05-07,1262
8027,鈦昇,16,2,14,宏遠-桃園,2024-05-07,1262
1617,榮星,12,0,12,宏遠-桃園,2024-05-07,1262
1905,華紙,12,0,12,宏遠-桃園,2024-05-07,1262
3013,晟銘電,36,25,11,宏遠-桃園,2024-05-07,1262
4533,協易機,13,2,11,宏遠-桃園,2024-05-07,1262
00919,群益台灣精選高息,10,0,10,宏遠-桃園,2024-05-07,1262
00795B,中信美國公債20年,10,0,10,宏遠-桃園,2024-05-07,1262
2515,中工,477,5,472,宏遠-桃園,2024-05-08,1262
6015,宏遠證,170,0,170,宏遠-桃園,2024-05-08,1262
2371,大同,111,9,102,宏遠-桃園,2024-05-08,1262
2605,新興,87,7,80,宏遠-桃園,2024-05-08,1262
1314,中石化,72,0,72,宏遠-桃園,2024-05-08,1262
00940,元大台灣價值高息,64,0,64,宏遠-桃園,2024-05-08,1262
2442,新美齊,60,0,60,宏遠-桃園,2024-05-08,1262
5871,中租-KY,44,1,43,宏遠-桃園,2024-05-08,1262
00638R,元大滬深300反1,35,0,35,宏遠-桃園,2024-05-08,1262
1609,大亞,58,27,31,宏遠-桃園,2024-05-08,1262
00664R,國泰臺灣加權反1,30,0,30,宏遠-桃園,2024-05-08,1262
00919,群益台灣精選高息,30,0,30,宏遠-桃園,2024-05-08,1262
1440,南紡,30,0,30,宏遠-桃園,2024-05-08,1262
3287,廣寰科,30,0,30,宏遠-桃園,2024-05-08,1262
3576,聯合再生,30,0,30,宏遠-桃園,2024-05-08,1262
2356,英業達,35,8,27,宏遠-桃園,2024-05-08,1262
00795B,中信美國公債20年,25,0,25,宏遠-桃園,2024-05-08,1262
00720B,元大投資級公司債,25,0,25,宏遠-桃園,2024-05-08,1262
00929,復華台灣科技優息,25,1,24,宏遠-桃園,2024-05-08,1262
2464,盟立,24,0,24,宏遠-桃園,2024-05-08,1262
3013,晟銘電,28,5,23,宏遠-桃園,2024-05-08,1262
00637L,元大滬深300正2,26,6,20,宏遠-桃園,2024-05-08,1262
1802,台玻,20,0,20,宏遠-桃園,2024-05-08,1262
6770,力積電,20,0,20,宏遠-桃園,2024-05-08,1262
00939,統一台灣高息動能,20,1,19,宏遠-桃園,2024-05-08,1262
6552,易華電,18,0,18,宏遠-桃園,2024-05-08,1262
9927,泰銘,24,6,18,宏遠-桃園,2024-05-08,1262
2374,佳能,20,3,17,宏遠-桃園,2024-05-08,1262
5009,榮剛,15,0,15,宏遠-桃園,2024-05-08,1262
00679B,元大美債20年,18,5,13,宏遠-桃園,2024-05-08,1262
8906,花王,13,0,13,宏遠-桃園,2024-05-08,1262
8234,新漢,16,4,12,宏遠-桃園,2024-05-08,1262
8936,國統,16,5,11,宏遠-桃園,2024-05-08,1262
00918,大華優利高填息30,10,0,10,宏遠-桃園,2024-05-08,1262
2530,華建,10,0,10,宏遠-桃園,2024-05-08,1262
2618,長榮航,13,3,10,宏遠-桃園,2024-05-08,1262
2913,農林,10,0,10,宏遠-桃園,2024-05-08,1262
3024,憶聲,10,0,10,宏遠-桃園,2024-05-08,1262
4967,十銓,54,44,10,宏遠-桃園,2024-05-08,1262
5457,宣德,10,0,10,宏遠-桃園,2024-05-08,1262
00878,國泰永續高股息,10,1,9,宏遠-桃園,2024-05-08,1262
1515,力山,15,6,9,宏遠-桃園,2024-05-08,1262
3706,神達,10,1,9,宏遠-桃園,2024-05-08,1262
8213,志超,10,1,9,宏遠-桃園,2024-05-08,1262
00687B,國泰20年美債,7,0,7,宏遠-桃園,2024-05-08,1262
2002,中鋼,18,11,7,宏遠-桃園,2024-05-08,1262
3686,達能,7,0,7,宏遠-桃園,2024-05-08,1262
2423,固緯,7,0,7,宏遠-桃園,2024-05-08,1262
0056,元大高股息,7,1,6,宏遠-桃園,2024-05-08,1262
1101,台泥,6,0,6,宏遠-桃園,2024-05-08,1262
9927,泰銘,234,3,231,宏遠-桃園,2024-05-09,1262
00631L,元大台灣50正2,61,0,61,宏遠-桃園,2024-05-09,1262
1440,南紡,56,0,56,宏遠-桃園,2024-05-09,1262
2605,新興,57,3,54,宏遠-桃園,2024-05-09,1262
3481,群創,52,1,51,宏遠-桃園,2024-05-09,1262
2913,農林,50,0,50,宏遠-桃園,2024-05-09,1262
1618,合機,60,11,49,宏遠-桃園,2024-05-09,1262
5512,力麒,50,5,45,宏遠-桃園,2024-05-09,1262
4967,十銓,56,12,44,宏遠-桃園,2024-05-09,1262
2537,聯上發,42,0,42,宏遠-桃園,2024-05-09,1262
1570,力肯,40,0,40,宏遠-桃園,2024-05-09,1262
4306,炎洲,39,0,39,宏遠-桃園,2024-05-09,1262
4973,廣穎,38,2,36,宏遠-桃園,2024-05-09,1262
8064,東捷,35,0,35,宏遠-桃園,2024-05-09,1262
2890,永豐金,32,0,32,宏遠-桃園,2024-05-09,1262
2618,長榮航,37,6,31,宏遠-桃園,2024-05-09,1262
1524,耿鼎,30,0,30,宏遠-桃園,2024-05-09,1262
1809,中釉,30,0,30,宏遠-桃園,2024-05-09,1262
2329,華泰,31,1,30,宏遠-桃園,2024-05-09,1262
6113,亞矽,30,0,30,宏遠-桃園,2024-05-09,1262
00679B,元大美債20年,33,4,29,宏遠-桃園,2024-05-09,1262
1615,大山,32,3,29,宏遠-桃園,2024-05-09,1262
3715,定穎投控,41,12,29,宏遠-桃園,2024-05-09,1262
2889,國票金,27,0,27,宏遠-桃園,2024-05-09,1262
2363,矽統,41,15,26,宏遠-桃園,2024-05-09,1262
5351,鈺創,28,2,26,宏遠-桃園,2024-05-09,1262
6227,茂綸,28,3,25,宏遠-桃園,2024-05-09,1262
00878,國泰永續高股息,25,0,25,宏遠-桃園,2024-05-09,1262
1316,上曜,31,7,24,宏遠-桃園,2024-05-09,1262
2344,華邦電,24,0,24,宏遠-桃園,2024-05-09,1262
00720B,元大投資級公司債,23,0,23,宏遠-桃園,2024-05-09,1262
2603,長榮,20,0,20,宏遠-桃園,2024-05-09,1262
1303,南亞,20,0,20,宏遠-桃園,2024-05-09,1262
2888,新光金,23,3,20,宏遠-桃園,2024-05-09,1262
5871,中租-KY,18,0,18,宏遠-桃園,2024-05-09,1262
00638R,元大滬深300反1,18,0,18,宏遠-桃園,2024-05-09,1262
2241,艾姆勒,21,3,18,宏遠-桃園,2024-05-09,1262
3017,奇鋐,29,11,18,宏遠-桃園,2024-05-09,1262
6425,易發,18,0,18,宏遠-桃園,2024-05-09,1262
2392,正崴,17,0,17,宏遠-桃園,2024-05-09,1262
5522,遠雄,24,7,17,宏遠-桃園,2024-05-09,1262
00937B,群益ESG投等債20,16,0,16,宏遠-桃園,2024-05-09,1262
00919,群益台灣精選高息,16,0,16,宏遠-桃園,2024-05-09,1262
00946,群益科技高息成長,15,0,15,宏遠-桃園,2024-05-09,1262
2801,彰銀,15,0,15,宏遠-桃園,2024-05-09,1262
2353,宏��,19,5,14,宏遠-桃園,2024-05-09,1262
5531,鄉林,14,0,14,宏遠-桃園,2024-05-09,1262
00929,復華台灣科技優息,13,0,13,宏遠-桃園,2024-05-09,1262
0050,元大台灣50,12,0,12,宏遠-桃園,2024-05-09,1262
6552,易華電,12,0,12,宏遠-桃園,2024-05-09,1262
9927,泰銘,150,3,147,宏遠-桃園,2024-05-10,1262
4306,炎洲,87,0,87,宏遠-桃園,2024-05-10,1262
00632R,元大台灣50反1,82,0,82,宏遠-桃園,2024-05-10,1262
2462,良得電,79,0,79,宏遠-桃園,2024-05-10,1262
00929,復華台灣科技優息,63,0,63,宏遠-桃園,2024-05-10,1262
2442,新美齊,56,0,56,宏遠-桃園,2024-05-10,1262
2609,陽明,113,60,53,宏遠-桃園,2024-05-10,1262
3356,奇偶,72,22,50,宏遠-桃園,2024-05-10,1262
00937B,群益ESG投等債20,45,0,45,宏遠-桃園,2024-05-10,1262
5864,致和證,60,20,40,宏遠-桃園,2024-05-10,1262
6443,元晶,41,1,40,宏遠-桃園,2024-05-10,1262
2363,矽統,45,7,38,宏遠-桃園,2024-05-10,1262
2388,威盛,52,15,37,宏遠-桃園,2024-05-10,1262
2201,裕隆,34,1,33,宏遠-桃園,2024-05-10,1262
2482,連宇,32,0,32,宏遠-桃園,2024-05-10,1262
8064,東捷,39,7,32,宏遠-桃園,2024-05-10,1262
1440,南紡,30,0,30,宏遠-桃園,2024-05-10,1262
8112,至上,33,5,28,宏遠-桃園,2024-05-10,1262
5356,協益,26,0,26,宏遠-桃園,2024-05-10,1262
8150,南茂,30,4,26,宏遠-桃園,2024-05-10,1262
00946,群益科技高息成長,22,0,22,宏遠-桃園,2024-05-10,1262
6770,力積電,20,0,20,宏遠-桃園,2024-05-10,1262
00751B,元大AAA至A公司債,20,0,20,宏遠-桃園,2024-05-10,1262
2329,華泰,24,4,20,宏遠-桃園,2024-05-10,1262
2405,輔信,20,0,20,宏遠-桃園,2024-05-10,1262
2883B,凱基金乙特,20,0,20,宏遠-桃園,2024-05-10,1262
2352,佳世達,18,0,18,宏遠-桃園,2024-05-10,1262
2440,太空梭,17,0,17,宏遠-桃園,2024-05-10,1262
1524,耿鼎,19,5,14,宏遠-桃園,2024-05-10,1262
5457,宣德,13,0,13,宏遠-桃園,2024-05-10,1262
2313,華通,19,7,12,宏遠-桃園,2024-05-10,1262
6235,華孚,12,0,12,宏遠-桃園,2024-05-10,1262
1612,宏泰,24,13,11,宏遠-桃園,2024-05-10,1262
00933B,國泰10Y+金融債,11,0,11,宏遠-桃園,2024-05-10,1262
2743,山富,12,1,11,宏遠-桃園,2024-05-10,1262
3042,晶技,11,0,11,宏遠-桃園,2024-05-10,1262
3706,神達,27,16,11,宏遠-桃園,2024-05-10,1262
6125,廣運,14,3,11,宏遠-桃園,2024-05-10,1262
00688L,國泰20年美債正2,10,0,10,宏遠-桃園,2024-05-10,1262
1453,大將,10,0,10,宏遠-桃園,2024-05-10,1262
2419,仲琦,10,0,10,宏遠-桃園,2024-05-10,1262
3645,達邁,10,0,10,宏遠-桃園,2024-05-10,1262
4566,時碩工業,10,0,10,宏遠-桃園,2024-05-10,1262
5230,雷笛克光學,10,0,10,宏遠-桃園,2024-05-10,1262
6552,易華電,10,0,10,宏遠-桃園,2024-05-10,1262
8155,博智,10,0,10,宏遠-桃園,2024-05-10,1262
00939,統一台灣高息動能,12,3,9,宏遠-桃園,2024-05-10,1262
4726,永昕,9,0,9,宏遠-桃園,2024-05-10,1262
00919,群益台灣精選高息,12,4,8,宏遠-桃園,2024-05-10,1262
0056,元大高股息,9,1,8,宏遠-桃園,2024-05-10,1262
00937B,群益ESG投等債20,109,0,109,宏遠-桃園,2024-05-13,1262
2618,長榮航,166,59,107,宏遠-桃園,2024-05-13,1262
4306,炎洲,106,0,106,宏遠-桃園,2024-05-13,1262
5009,榮剛,103,0,103,宏遠-桃園,2024-05-13,1262
2344,華邦電,105,16,89,宏遠-桃園,2024-05-13,1262
9945,潤泰新,103,18,85,宏遠-桃園,2024-05-13,1262
00929,復華台灣科技優息,61,2,59,宏遠-桃園,2024-05-13,1262
2880,華南金,50,0,50,宏遠-桃園,2024-05-13,1262
3047,訊舟,56,14,42,宏遠-桃園,2024-05-13,1262
2892,第一金,38,0,38,宏遠-桃園,2024-05-13,1262
9927,泰銘,38,0,38,宏遠-桃園,2024-05-13,1262
00687B,國泰20年美債,36,1,35,宏遠-桃園,2024-05-13,1262
2610,華航,58,25,33,宏遠-桃園,2024-05-13,1262
8358,金居,32,0,32,宏遠-桃園,2024-05-13,1262
6005,群益證,30,0,30,宏遠-桃園,2024-05-13,1262
6170,統振,25,0,25,宏遠-桃園,2024-05-13,1262
2367,燿華,23,1,22,宏遠-桃園,2024-05-13,1262
1618,合機,50,30,20,宏遠-桃園,2024-05-13,1262
3339,泰谷,20,0,20,宏遠-桃園,2024-05-13,1262
5864,致和證,20,0,20,宏遠-桃園,2024-05-13,1262
5871,中租-KY,21,2,19,宏遠-桃園,2024-05-13,1262
1453,大將,22,3,19,宏遠-桃園,2024-05-13,1262
2329,華泰,19,0,19,宏遠-桃園,2024-05-13,1262
2851,中再保,24,6,18,宏遠-桃園,2024-05-13,1262
1471,首利,17,0,17,宏遠-桃園,2024-05-13,1262
2317,鴻海,29,14,15,宏遠-桃園,2024-05-13,1262
2867,三商壽,15,0,15,宏遠-桃園,2024-05-13,1262
1612,宏泰,14,0,14,宏遠-桃園,2024-05-13,1262
2313,華通,15,1,14,宏遠-桃園,2024-05-13,1262
00940,元大台灣價值高息,12,0,12,宏遠-桃園,2024-05-13,1262
2546,根基,12,0,12,宏遠-桃園,2024-05-13,1262
4973,廣穎,12,0,12,宏遠-桃園,2024-05-13,1262
00715L,期街口布蘭特正2,13,1,12,宏遠-桃園,2024-05-13,1262
00637L,元大滬深300正2,14,3,11,宏遠-桃園,2024-05-13,1262
1319,東陽,10,0,10,宏遠-桃園,2024-05-13,1262
1504,東元,10,0,10,宏遠-桃園,2024-05-13,1262
1563,巧新,10,0,10,宏遠-桃園,2024-05-13,1262
2352,佳世達,10,0,10,宏遠-桃園,2024-05-13,1262
2368,金像電,10,0,10,宏遠-桃園,2024-05-13,1262
2462,良得電,11,1,10,宏遠-桃園,2024-05-13,1262
2888,新光金,10,0,10,宏遠-桃園,2024-05-13,1262
3303,岱稜,34,24,10,宏遠-桃園,2024-05-13,1262
3645,達邁,10,0,10,宏遠-桃園,2024-05-13,1262
5531,鄉林,10,0,10,宏遠-桃園,2024-05-13,1262
6202,盛群,10,0,10,宏遠-桃園,2024-05-13,1262
6462,神盾,10,0,10,宏遠-桃園,2024-05-13,1262
8121,越峰,10,0,10,宏遠-桃園,2024-05-13,1262
00679B,元大美債20年,9,0,9,宏遠-桃園,2024-05-13,1262
3491,昇達科,9,0,9,宏遠-桃園,2024-05-13,1262
00631L,元大台灣50正2,8,0,8,宏遠-桃園,2024-05-13,1262
2353,宏��,121,17,104,宏遠-桃園,2024-05-14,1262
00937B,群益ESG投等債20,88,0,88,宏遠-桃園,2024-05-14,1262
3047,訊舟,58,5,53,宏遠-桃園,2024-05-14,1262
3268,海德威,52,1,51,宏遠-桃園,2024-05-14,1262
1718,中纖,50,0,50,宏遠-桃園,2024-05-14,1262
2913,農林,50,0,50,宏遠-桃園,2024-05-14,1262
3520,華盈,51,1,50,宏遠-桃園,2024-05-14,1262
9927,泰銘,48,0,48,宏遠-桃園,2024-05-14,1262
1314,中石化,50,10,40,宏遠-桃園,2024-05-14,1262
5009,榮剛,42,3,39,宏遠-桃園,2024-05-14,1262
00664R,國泰臺灣加權反1,35,0,35,宏遠-桃園,2024-05-14,1262
00637L,元大滬深300正2,37,3,34,宏遠-桃園,2024-05-14,1262
4306,炎洲,32,0,32,宏遠-桃園,2024-05-14,1262
1440,南紡,30,0,30,宏遠-桃園,2024-05-14,1262
00638R,元大滬深300反1,32,2,30,宏遠-桃園,2024-05-14,1262
2801,彰銀,30,0,30,宏遠-桃園,2024-05-14,1262
2882,國泰金,32,2,30,宏遠-桃園,2024-05-14,1262
00919,群益台灣精選高息,33,4,29,宏遠-桃園,2024-05-14,1262
2323,中環,22,0,22,宏遠-桃園,2024-05-14,1262
4113,聯上,22,0,22,宏遠-桃園,2024-05-14,1262
3490,單井,99,81,18,宏遠-桃園,2024-05-14,1262
00929,復華台灣科技優息,19,1,18,宏遠-桃園,2024-05-14,1262
8299,群聯,24,7,17,宏遠-桃園,2024-05-14,1262
2405,輔信,57,40,17,宏遠-桃園,2024-05-14,1262
6581,鋼聯,17,0,17,宏遠-桃園,2024-05-14,1262
00753L,中信中國50正2,135,120,15,宏遠-桃園,2024-05-14,1262
4542,科嶠,15,0,15,宏遠-桃園,2024-05-14,1262
5356,協益,14,0,14,宏遠-桃園,2024-05-14,1262
4973,廣穎,13,0,13,宏遠-桃園,2024-05-14,1262
3013,晟銘電,12,0,12,宏遠-桃園,2024-05-14,1262
5531,鄉林,12,0,12,宏遠-桃園,2024-05-14,1262
2634,漢翔,16,5,11,宏遠-桃園,2024-05-14,1262
3481,群創,12,1,11,宏遠-桃園,2024-05-14,1262
2324,仁寶,17,6,11,宏遠-桃園,2024-05-14,1262
3010,華立,11,0,11,宏遠-桃園,2024-05-14,1262
6177,達麗,11,0,11,宏遠-桃園,2024-05-14,1262
6546,正基,14,3,11,宏遠-桃園,2024-05-14,1262
5871,中租-KY,22,11,11,宏遠-桃園,2024-05-14,1262
1312,國喬,10,0,10,宏遠-桃園,2024-05-14,1262
2462,良得電,10,0,10,宏遠-桃園,2024-05-14,1262
2889,國票金,10,0,10,宏遠-桃園,2024-05-14,1262
3041,揚智,10,0,10,宏遠-桃園,2024-05-14,1262
3339,泰谷,10,0,10,宏遠-桃園,2024-05-14,1262
4746,台耀,10,0,10,宏遠-桃園,2024-05-14,1262
6116,彩晶,10,0,10,宏遠-桃園,2024-05-14,1262
6282,康舒,10,0,10,宏遠-桃園,2024-05-14,1262
2357,華碩,12,3,9,宏遠-桃園,2024-05-14,1262
3231,緯創,12,3,9,宏遠-桃園,2024-05-14,1262
0050,元大台灣50,9,1,8,宏遠-桃園,2024-05-14,1262
00650L,復華香港正2,10,2,8,宏遠-桃園,2024-05-14,1262
00937B,群益ESG投等債20,250,20,230,宏遠-桃園,2024-05-15,1262
00929,復華台灣科技優息,98,2,96,宏遠-桃園,2024-05-15,1262
2312,金寶,73,0,73,宏遠-桃園,2024-05-15,1262
4306,炎洲,60,0,60,宏遠-桃園,2024-05-15,1262
2365,昆盈,66,6,60,宏遠-桃園,2024-05-15,1262
2353,宏��,77,20,57,宏遠-桃園,2024-05-15,1262
6425,易發,54,0,54,宏遠-桃園,2024-05-15,1262
2892,第一金,51,0,51,宏遠-桃園,2024-05-15,1262
3535,晶彩科,50,2,48,宏遠-桃園,2024-05-15,1262
2618,長榮航,51,5,46,宏遠-桃園,2024-05-15,1262
2317,鴻海,119,73,46,宏遠-桃園,2024-05-15,1262
00632R,元大台灣50反1,70,27,43,宏遠-桃園,2024-05-15,1262
5009,榮剛,43,2,41,宏遠-桃園,2024-05-15,1262
1608,華榮,45,9,36,宏遠-桃園,2024-05-15,1262
00878,國泰永續高股息,31,0,31,宏遠-桃園,2024-05-15,1262
1440,南紡,30,0,30,宏遠-桃園,2024-05-15,1262
2506,太設,30,0,30,宏遠-桃園,2024-05-15,1262
3052,夆典,30,0,30,宏遠-桃園,2024-05-15,1262
5521,工信,30,0,30,宏遠-桃園,2024-05-15,1262
2547,日勝生,30,1,29,宏遠-桃園,2024-05-15,1262
00940,元大台灣價值高息,31,5,26,宏遠-桃園,2024-05-15,1262
2880,華南金,21,0,21,宏遠-桃園,2024-05-15,1262
8426,紅木-KY,21,0,21,宏遠-桃園,2024-05-15,1262
8299,群聯,20,0,20,宏遠-桃園,2024-05-15,1262
3689,湧德,22,2,20,宏遠-桃園,2024-05-15,1262
2363,矽統,44,25,19,宏遠-桃園,2024-05-15,1262
3062,建漢,15,2,13,宏遠-桃園,2024-05-15,1262
1587,吉茂,15,2,13,宏遠-桃園,2024-05-15,1262
00919,群益台灣精選高息,12,0,12,宏遠-桃園,2024-05-15,1262
00637L,元大滬深300正2,22,11,11,宏遠-桃園,2024-05-15,1262
2546,根基,11,0,11,宏遠-桃園,2024-05-15,1262
2344,華邦電,10,0,10,宏遠-桃園,2024-05-15,1262
2357,華碩,11,1,10,宏遠-桃園,2024-05-15,1262
3576,聯合再生,10,0,10,宏遠-桃園,2024-05-15,1262
3715,定穎投控,10,0,10,宏遠-桃園,2024-05-15,1262
6235,華孚,10,0,10,宏遠-桃園,2024-05-15,1262
00715L,期街口布蘭特正2,18,9,9,宏遠-桃園,2024-05-15,1262
00891,中信關鍵半導體,9,0,9,宏遠-桃園,2024-05-15,1262
2348,海悅,7,0,7,宏遠-桃園,2024-05-15,1262
00679B,元大美債20年,7,0,7,宏遠-桃園,2024-05-15,1262
00941,中信上游半導體,7,0,7,宏遠-桃園,2024-05-15,1262
2371,大同,7,0,7,宏遠-桃園,2024-05-15,1262
4113,聯上,7,0,7,宏遠-桃園,2024-05-15,1262
4908,前鼎,9,2,7,宏遠-桃園,2024-05-15,1262
00934,中信成長高股息,6,0,6,宏遠-桃園,2024-05-15,1262
00720B,元大投資級公司債,6,0,6,宏遠-桃園,2024-05-15,1262
3059,華晶科,21,15,6,宏遠-桃園,2024-05-15,1262
00664R,國泰臺灣加權反1,5,0,5,宏遠-桃園,2024-05-15,1262
1338,廣華-KY,5,0,5,宏遠-桃園,2024-05-15,1262
1905,華紙,5,0,5,宏遠-桃園,2024-05-15,1262
2329,華泰,161,43,118,宏遠-桃園,2024-05-16,1262
00671R,富邦NASDAQ反1,100,0,100,宏遠-桃園,2024-05-16,1262
2537,聯上發,100,0,100,宏遠-桃園,2024-05-16,1262
00878,國泰永續高股息,92,3,89,宏遠-桃園,2024-05-16,1262
912000,晨訊科-DR,156,78,78,宏遠-桃園,2024-05-16,1262
1312,國喬,70,0,70,宏遠-桃園,2024-05-16,1262
1453,大將,70,11,59,宏遠-桃園,2024-05-16,1262
2401,凌陽,60,2,58,宏遠-桃園,2024-05-16,1262
1618,合機,53,0,53,宏遠-桃園,2024-05-16,1262
1314,中石化,50,0,50,宏遠-桃園,2024-05-16,1262
9902,台火,50,0,50,宏遠-桃園,2024-05-16,1262
3231,緯創,43,1,42,宏遠-桃園,2024-05-16,1262
5230,雷笛克光學,40,0,40,宏遠-桃園,2024-05-16,1262
2511,太子,41,2,39,宏遠-桃園,2024-05-16,1262
1522,堤維西,37,0,37,宏遠-桃園,2024-05-16,1262
2323,中環,30,0,30,宏遠-桃園,2024-05-16,1262
1466,聚隆,32,3,29,宏遠-桃園,2024-05-16,1262
3363,上詮,70,41,29,宏遠-桃園,2024-05-16,1262
2356,英業達,31,3,28,宏遠-桃園,2024-05-16,1262
3303,岱稜,27,0,27,宏遠-桃園,2024-05-16,1262
00632R,元大台灣50反1,93,67,26,宏遠-桃園,2024-05-16,1262
6189,豐藝,27,2,25,宏遠-桃園,2024-05-16,1262
2363,矽統,29,4,25,宏遠-桃園,2024-05-16,1262
2344,華邦電,22,0,22,宏遠-桃園,2024-05-16,1262
3013,晟銘電,39,17,22,宏遠-桃園,2024-05-16,1262
3339,泰谷,20,0,20,宏遠-桃園,2024-05-16,1262
8426,紅木-KY,20,0,20,宏遠-桃園,2024-05-16,1262
3078,僑威,20,1,19,宏遠-桃園,2024-05-16,1262
6215,和椿,32,15,17,宏遠-桃園,2024-05-16,1262
2504,國產,17,1,16,宏遠-桃園,2024-05-16,1262
6488,環球晶,16,0,16,宏遠-桃園,2024-05-16,1262
5498,凱崴,15,0,15,宏遠-桃園,2024-05-16,1262
1608,華榮,21,6,15,宏遠-桃園,2024-05-16,1262
2514,龍邦,15,0,15,宏遠-桃園,2024-05-16,1262
5522,遠雄,19,4,15,宏遠-桃園,2024-05-16,1262
5531,鄉林,20,5,15,宏遠-桃園,2024-05-16,1262
5533,皇鼎,15,0,15,宏遠-桃園,2024-05-16,1262
1506,正道,14,0,14,宏遠-桃園,2024-05-16,1262
6117,迎廣,16,2,14,宏遠-桃園,2024-05-16,1262
1319,東陽,15,2,13,宏遠-桃園,2024-05-16,1262
6505,台塑化,13,0,13,宏遠-桃園,2024-05-16,1262
00638R,元大滬深300反1,18,6,12,宏遠-桃園,2024-05-16,1262
6207,雷科,11,0,11,宏遠-桃園,2024-05-16,1262
1504,東元,10,0,10,宏遠-桃園,2024-05-16,1262
1524,耿鼎,10,0,10,宏遠-桃園,2024-05-16,1262
1615,大山,10,0,10,宏遠-桃園,2024-05-16,1262
2006,東和鋼鐵,10,0,10,宏遠-桃園,2024-05-16,1262
2542,興富發,10,0,10,宏遠-桃園,2024-05-16,1262
3481,群創,10,0,10,宏遠-桃園,2024-05-16,1262
3665,貿聯-KY,10,0,10,宏遠-桃園,2024-05-16,1262
1457,宜進,181,45,136,宏遠-桃園,2024-05-17,1262
2867,三商壽,109,5,104,宏遠-桃園,2024-05-17,1262
1522,堤維西,102,1,101,宏遠-桃園,2024-05-17,1262
00929,復華台灣科技優息,74,0,74,宏遠-桃園,2024-05-17,1262
2406,國碩,70,8,62,宏遠-桃園,2024-05-17,1262
00632R,元大台灣50反1,59,0,59,宏遠-桃園,2024-05-17,1262
9946,三發地產,57,0,57,宏遠-桃園,2024-05-17,1262
1815,富喬,53,0,53,宏遠-桃園,2024-05-17,1262
2915,潤泰全,54,3,51,宏遠-桃園,2024-05-17,1262
6591,動力-KY,45,0,45,宏遠-桃園,2024-05-17,1262
2329,華泰,63,23,40,宏遠-桃園,2024-05-17,1262
2367,燿華,132,92,40,宏遠-桃園,2024-05-17,1262
2405,輔信,40,0,40,宏遠-桃園,2024-05-17,1262
1605,華新,42,3,39,宏遠-桃園,2024-05-17,1262
2408,南亞科,40,3,37,宏遠-桃園,2024-05-17,1262
00706L,期元大S＆P日圓正2,34,0,34,宏遠-桃園,2024-05-17,1262
00878,國泰永續高股息,55,24,31,宏遠-桃園,2024-05-17,1262
2442,新美齊,31,0,31,宏遠-桃園,2024-05-17,1262
3481,群創,31,0,31,宏遠-桃園,2024-05-17,1262
2515,中工,30,0,30,宏遠-桃園,2024-05-17,1262
5356,協益,30,0,30,宏遠-桃園,2024-05-17,1262
3059,華晶科,31,1,30,宏遠-桃園,2024-05-17,1262
00940,元大台灣價值高息,26,0,26,宏遠-桃園,2024-05-17,1262
2317,鴻海,65,44,21,宏遠-桃園,2024-05-17,1262
1618,合機,20,0,20,宏遠-桃園,2024-05-17,1262
3060,銘異,24,4,20,宏遠-桃園,2024-05-17,1262
6143,振曜,16,0,16,宏遠-桃園,2024-05-17,1262
6517,保勝光學,15,0,15,宏遠-桃園,2024-05-17,1262
00937B,群益ESG投等債20,14,0,14,宏遠-桃園,2024-05-17,1262
6425,易發,14,0,14,宏遠-桃園,2024-05-17,1262
6695,芯鼎,13,0,13,宏遠-桃園,2024-05-17,1262
8054,安國,32,19,13,宏遠-桃園,2024-05-17,1262
00650L,復華香港正2,14,2,12,宏遠-桃園,2024-05-17,1262
2882,國泰金,12,0,12,宏遠-桃園,2024-05-17,1262
5871,中租-KY,13,1,12,宏遠-桃園,2024-05-17,1262
3287,廣寰科,14,3,11,宏遠-桃園,2024-05-17,1262
00795B,中信美國公債20年,10,0,10,宏遠-桃園,2024-05-17,1262
1524,耿鼎,10,0,10,宏遠-桃園,2024-05-17,1262
1718,中纖,10,0,10,宏遠-桃園,2024-05-17,1262
2897,王道銀行,10,0,10,宏遠-桃園,2024-05-17,1262
2913,農林,10,0,10,宏遠-桃園,2024-05-17,1262
4513,福裕,10,0,10,宏遠-桃園,2024-05-17,1262
4934,太極,10,0,10,宏遠-桃園,2024-05-17,1262
6016,康和證,10,0,10,宏遠-桃園,2024-05-17,1262
6026,福邦證,10,0,10,宏遠-桃園,2024-05-17,1262
6265,方土昶,10,0,10,宏遠-桃園,2024-05-17,1262
00679B,元大美債20年,10,0,10,宏遠-桃園,2024-05-17,1262
4903,聯光通,10,1,9,宏遠-桃園,2024-05-17,1262
6414,樺漢,9,0,9,宏遠-桃園,2024-05-17,1262
1459,聯發,8,0,8,宏遠-桃園,2024-05-17,1262
6425,易發,164,0,164,宏遠-桃園,2024-05-20,1262
00882,中信中國高股息,112,0,112,宏遠-桃園,2024-05-20,1262
3360,尚立,101,0,101,宏遠-桃園,2024-05-20,1262
00665L,富邦�琤肭磪囓�2,100,0,100,宏遠-桃園,2024-05-20,1262
2618,長榮航,103,34,69,宏遠-桃園,2024-05-20,1262
2880,華南金,79,12,67,宏遠-桃園,2024-05-20,1262
2022,聚亨,49,1,48,宏遠-桃園,2024-05-20,1262
00937B,群益ESG投等債20,61,20,41,宏遠-桃園,2024-05-20,1262
2356,英業達,41,0,41,宏遠-桃園,2024-05-20,1262
3294,英濟,46,6,40,宏遠-桃園,2024-05-20,1262
4532,瑞智,38,0,38,宏遠-桃園,2024-05-20,1262
00638R,元大滬深300反1,35,0,35,宏遠-桃園,2024-05-20,1262
6005,群益證,34,1,33,宏遠-桃園,2024-05-20,1262
00687B,國泰20年美債,32,1,31,宏遠-桃園,2024-05-20,1262
2514,龍邦,68,37,31,宏遠-桃園,2024-05-20,1262
00631L,元大台灣50正2,27,0,27,宏遠-桃園,2024-05-20,1262
6125,廣運,57,31,26,宏遠-桃園,2024-05-20,1262
00679B,元大美債20年,25,0,25,宏遠-桃園,2024-05-20,1262
2352,佳世達,29,4,25,宏遠-桃園,2024-05-20,1262
2515,中工,25,3,22,宏遠-桃園,2024-05-20,1262
6175,立敦,20,0,20,宏遠-桃園,2024-05-20,1262
2317,鴻海,37,18,19,宏遠-桃園,2024-05-20,1262
1608,華榮,35,16,19,宏遠-桃園,2024-05-20,1262
00940,元大台灣價值高息,15,1,14,宏遠-桃園,2024-05-20,1262
2363,矽統,47,33,14,宏遠-桃園,2024-05-20,1262
5009,榮剛,14,0,14,宏遠-桃園,2024-05-20,1262
00929,復華台灣科技優息,26,12,14,宏遠-桃園,2024-05-20,1262
3231,緯創,15,2,13,宏遠-桃園,2024-05-20,1262
4906,正文,17,4,13,宏遠-桃園,2024-05-20,1262
2610,華航,118,105,13,宏遠-桃園,2024-05-20,1262
1905,華紙,11,0,11,宏遠-桃園,2024-05-20,1262
3059,華晶科,43,32,11,宏遠-桃園,2024-05-20,1262
3481,群創,42,31,11,宏遠-桃園,2024-05-20,1262
4306,炎洲,11,0,11,宏遠-桃園,2024-05-20,1262
00676R,富邦臺灣加權反1,10,0,10,宏遠-桃園,2024-05-20,1262
1742,台蠟,10,0,10,宏遠-桃園,2024-05-20,1262
1796,金穎生技,10,0,10,宏遠-桃園,2024-05-20,1262
2405,輔信,50,40,10,宏遠-桃園,2024-05-20,1262
2467,志聖,13,3,10,宏遠-桃園,2024-05-20,1262
3168,眾福科,10,0,10,宏遠-桃園,2024-05-20,1262
3490,單井,20,10,10,宏遠-桃園,2024-05-20,1262
3017,奇鋐,14,5,9,宏遠-桃園,2024-05-20,1262
6265,方土昶,9,0,9,宏遠-桃園,2024-05-20,1262
00915,凱基優選高股息30,8,0,8,宏遠-桃園,2024-05-20,1262
1446,宏和,8,0,8,宏遠-桃園,2024-05-20,1262
6552,易華電,8,0,8,宏遠-桃園,2024-05-20,1262
1587,吉茂,15,8,7,宏遠-桃園,2024-05-20,1262
8064,東捷,8,1,7,宏遠-桃園,2024-05-20,1262
00680L,元大美債20正2,6,0,6,宏遠-桃園,2024-05-20,1262
1466,聚隆,6,0,6,宏遠-桃園,2024-05-20,1262
00632R,元大台灣50反1,104,0,104,宏遠-桃園,2024-05-21,1262
2367,燿華,221,130,91,宏遠-桃園,2024-05-21,1262
2883,凱基金,100,10,90,宏遠-桃園,2024-05-21,1262
3060,銘異,84,8,76,宏遠-桃園,2024-05-21,1262
1522,堤維西,73,1,72,宏遠-桃園,2024-05-21,1262
00929,復華台灣科技優息,73,20,53,宏遠-桃園,2024-05-21,1262
00712,復華富時不動產,52,0,52,宏遠-桃園,2024-05-21,1262
2618,長榮航,53,1,52,宏遠-桃園,2024-05-21,1262
2611,志信,49,0,49,宏遠-桃園,2024-05-21,1262
2476,鉅祥,48,0,48,宏遠-桃園,2024-05-21,1262
2365,昆盈,50,6,44,宏遠-桃園,2024-05-21,1262
8110,華東,53,10,43,宏遠-桃園,2024-05-21,1262
2363,矽統,52,12,40,宏遠-桃園,2024-05-21,1262
8096,擎亞,50,10,40,宏遠-桃園,2024-05-21,1262
2442,新美齊,41,2,39,宏遠-桃園,2024-05-21,1262
3062,建漢,40,2,38,宏遠-桃園,2024-05-21,1262
2880,華南金,42,5,37,宏遠-桃園,2024-05-21,1262
2323,中環,30,0,30,宏遠-桃園,2024-05-21,1262
2405,輔信,30,0,30,宏遠-桃園,2024-05-21,1262
2022,聚亨,29,1,28,宏遠-桃園,2024-05-21,1262
00650L,復華香港正2,31,4,27,宏遠-桃園,2024-05-21,1262
00937B,群益ESG投等債20,26,0,26,宏遠-桃園,2024-05-21,1262
00772B,中信高評級公司債,25,0,25,宏遠-桃園,2024-05-21,1262
00753L,中信中國50正2,125,100,25,宏遠-桃園,2024-05-21,1262
5371,中光電,25,3,22,宏遠-桃園,2024-05-21,1262
2888,新光金,20,0,20,宏遠-桃園,2024-05-21,1262
3339,泰谷,20,0,20,宏遠-桃園,2024-05-21,1262
5864,致和證,20,0,20,宏遠-桃園,2024-05-21,1262
6425,易發,20,0,20,宏遠-桃園,2024-05-21,1262
2354,鴻準,24,5,19,宏遠-桃園,2024-05-21,1262
2002,中鋼,23,5,18,宏遠-桃園,2024-05-21,1262
2464,盟立,21,3,18,宏遠-桃園,2024-05-21,1262
3338,泰碩,30,12,18,宏遠-桃園,2024-05-21,1262
00679B,元大美債20年,15,0,15,宏遠-桃園,2024-05-21,1262
2329,華泰,22,7,15,宏遠-桃園,2024-05-21,1262
2897,王道銀行,15,0,15,宏遠-桃園,2024-05-21,1262
4306,炎洲,15,0,15,宏遠-桃園,2024-05-21,1262
6581,鋼聯,14,0,14,宏遠-桃園,2024-05-21,1262
8390,金益鼎,14,0,14,宏遠-桃園,2024-05-21,1262
3033,威健,13,0,13,宏遠-桃園,2024-05-21,1262
9945,潤泰新,15,2,13,宏遠-桃園,2024-05-21,1262
3051,力特,12,0,12,宏遠-桃園,2024-05-21,1262
00919,群益台灣精選高息,11,0,11,宏遠-桃園,2024-05-21,1262
2241,艾姆勒,24,13,11,宏遠-桃園,2024-05-21,1262
00756B,群益投等新興公債,10,0,10,宏遠-桃園,2024-05-21,1262
2402,毅嘉,10,0,10,宏遠-桃園,2024-05-21,1262
3607,谷崧,10,0,10,宏遠-桃園,2024-05-21,1262
6026,福邦證,10,0,10,宏遠-桃園,2024-05-21,1262
2374,佳能,28,19,9,宏遠-桃園,2024-05-21,1262
00680L,元大美債20正2,8,0,8,宏遠-桃園,2024-05-21,1262
00632R,元大台灣50反1,80,0,80,宏遠-桃園,2024-05-22,1262
4956,光鋐,80,0,80,宏遠-桃園,2024-05-22,1262
1603,華電,86,11,75,宏遠-桃園,2024-05-22,1262
9902,台火,60,0,60,宏遠-桃園,2024-05-22,1262
2367,燿華,87,34,53,宏遠-桃園,2024-05-22,1262
1314,中石化,50,0,50,宏遠-桃園,2024-05-22,1262
2353,宏��,107,62,45,宏遠-桃園,2024-05-22,1262
4111,濟生,36,2,34,宏遠-桃園,2024-05-22,1262
00715L,期街口布蘭特正2,27,0,27,宏遠-桃園,2024-05-22,1262
5443,均豪,27,0,27,宏遠-桃園,2024-05-22,1262
8064,東捷,35,9,26,宏遠-桃園,2024-05-22,1262
00882,中信中國高股息,25,0,25,宏遠-桃園,2024-05-22,1262
2611,志信,24,0,24,宏遠-桃園,2024-05-22,1262
1466,聚隆,25,2,23,宏遠-桃園,2024-05-22,1262
1815,富喬,106,84,22,宏遠-桃園,2024-05-22,1262
2884,玉山金,22,0,22,宏遠-桃園,2024-05-22,1262
6005,群益證,21,0,21,宏遠-桃園,2024-05-22,1262
1589,永冠-KY,20,0,20,宏遠-桃園,2024-05-22,1262
6425,易發,20,0,20,宏遠-桃園,2024-05-22,1262
2344,華邦電,20,1,19,宏遠-桃園,2024-05-22,1262
2409,友達,30,11,19,宏遠-桃園,2024-05-22,1262
00940,元大台灣價值高息,18,0,18,宏遠-桃園,2024-05-22,1262
00937B,群益ESG投等債20,18,0,18,宏遠-桃園,2024-05-22,1262
1522,堤維西,18,0,18,宏遠-桃園,2024-05-22,1262
3163,波若威,19,2,17,宏遠-桃園,2024-05-22,1262
1612,宏泰,16,0,16,宏遠-桃園,2024-05-22,1262
6213,聯茂,22,6,16,宏遠-桃園,2024-05-22,1262
00679B,元大美債20年,14,0,14,宏遠-桃園,2024-05-22,1262
2610,華航,27,13,14,宏遠-桃園,2024-05-22,1262
2002,中鋼,22,9,13,宏遠-桃園,2024-05-22,1262
6026,福邦證,13,0,13,宏遠-桃園,2024-05-22,1262
2867,三商壽,12,0,12,宏遠-桃園,2024-05-22,1262
9958,世紀鋼,23,12,11,宏遠-桃園,2024-05-22,1262
2356,英業達,21,10,11,宏遠-桃園,2024-05-22,1262
2442,新美齊,11,0,11,宏遠-桃園,2024-05-22,1262
6190,萬泰科,13,2,11,宏遠-桃園,2024-05-22,1262
2506,太設,10,0,10,宏遠-桃園,2024-05-22,1262
2641,正德,10,0,10,宏遠-桃園,2024-05-22,1262
3303,岱稜,10,0,10,宏遠-桃園,2024-05-22,1262
4979,華星光,10,0,10,宏遠-桃園,2024-05-22,1262
8096,擎亞,10,0,10,宏遠-桃園,2024-05-22,1262
2352,佳世達,9,0,9,宏遠-桃園,2024-05-22,1262
3042,晶技,15,6,9,宏遠-桃園,2024-05-22,1262
3406,玉晶光,8,0,8,宏遠-桃園,2024-05-22,1262
6125,廣運,19,11,8,宏遠-桃園,2024-05-22,1262
1531,高林股,7,0,7,宏遠-桃園,2024-05-22,1262
5498,凱崴,7,0,7,宏遠-桃園,2024-05-22,1262
1731,美吾華,6,0,6,宏遠-桃園,2024-05-22,1262
2453,凌群,6,0,6,宏遠-桃園,2024-05-22,1262
3231,緯創,13,7,6,宏遠-桃園,2024-05-22,1262
2324,仁寶,141,39,102,宏遠-桃園,2024-05-23,1262
6425,易發,90,0,90,宏遠-桃園,2024-05-23,1262
00937B,群益ESG投等債20,82,0,82,宏遠-桃園,2024-05-23,1262
912000,晨訊科-DR,76,0,76,宏遠-桃園,2024-05-23,1262
8110,華東,70,0,70,宏遠-桃園,2024-05-23,1262
1618,合機,70,1,69,宏遠-桃園,2024-05-23,1262
6209,今國光,79,13,66,宏遠-桃園,2024-05-23,1262
2367,燿華,64,14,50,宏遠-桃園,2024-05-23,1262
2363,矽統,63,19,44,宏遠-桃園,2024-05-23,1262
1522,堤維西,43,0,43,宏遠-桃園,2024-05-23,1262
4532,瑞智,40,0,40,宏遠-桃園,2024-05-23,1262
8096,擎亞,30,1,29,宏遠-桃園,2024-05-23,1262
9902,台火,27,0,27,宏遠-桃園,2024-05-23,1262
00940,元大台灣價值高息,26,0,26,宏遠-桃園,2024-05-23,1262
2618,長榮航,35,9,26,宏遠-桃園,2024-05-23,1262
00638R,元大滬深300反1,25,0,25,宏遠-桃園,2024-05-23,1262
4908,前鼎,22,1,21,宏遠-桃園,2024-05-23,1262
00930,永豐ESG低碳高息,20,0,20,宏遠-桃園,2024-05-23,1262
2420,新巨,20,0,20,宏遠-桃園,2024-05-23,1262
6026,福邦證,20,0,20,宏遠-桃園,2024-05-23,1262
00637L,元大滬深300正2,22,3,19,宏遠-桃園,2024-05-23,1262
3013,晟銘電,32,14,18,宏遠-桃園,2024-05-23,1262
2634,漢翔,29,11,18,宏遠-桃園,2024-05-23,1262
2882,國泰金,16,0,16,宏遠-桃園,2024-05-23,1262
00918,大華優利高填息30,15,0,15,宏遠-桃園,2024-05-23,1262
1312,國喬,15,0,15,宏遠-桃園,2024-05-23,1262
2743,山富,15,0,15,宏遠-桃園,2024-05-23,1262
2002,中鋼,28,14,14,宏遠-桃園,2024-05-23,1262
2610,華航,27,13,14,宏遠-桃園,2024-05-23,1262
2409,友達,14,1,13,宏遠-桃園,2024-05-23,1262
3455,由田,15,2,13,宏遠-桃園,2024-05-23,1262
8033,雷虎,14,1,13,宏遠-桃園,2024-05-23,1262
2408,南亞科,12,0,12,宏遠-桃園,2024-05-23,1262
2442,新美齊,12,0,12,宏遠-桃園,2024-05-23,1262
1531,高林股,11,0,11,宏遠-桃園,2024-05-23,1262
5488,松普,11,0,11,宏遠-桃園,2024-05-23,1262
00664R,國泰臺灣加權反1,10,0,10,宏遠-桃園,2024-05-23,1262
00712,復華富時不動產,10,0,10,宏遠-桃園,2024-05-23,1262
2884,玉山金,11,1,10,宏遠-桃園,2024-05-23,1262
3047,訊舟,13,3,10,宏遠-桃園,2024-05-23,1262
3058,立德,11,1,10,宏遠-桃園,2024-05-23,1262
3362,先進光,10,0,10,宏遠-桃園,2024-05-23,1262
5371,中光電,28,18,10,宏遠-桃園,2024-05-23,1262
6116,彩晶,10,0,10,宏遠-桃園,2024-05-23,1262
6288,聯嘉,10,0,10,宏遠-桃園,2024-05-23,1262
7402,邑錡,10,0,10,宏遠-桃園,2024-05-23,1262
2885,元大金,10,0,10,宏遠-桃園,2024-05-23,1262
2356,英業達,12,2,10,宏遠-桃園,2024-05-23,1262
3481,群創,15,5,10,宏遠-桃園,2024-05-23,1262
1466,聚隆,9,0,9,宏遠-桃園,2024-05-23,1262
00937B,群益ESG投等債20,222,10,212,宏遠-桃園,2024-05-24,1262
2406,國碩,80,0,80,宏遠-桃園,2024-05-24,1262
3033,威健,75,0,75,宏遠-桃園,2024-05-24,1262
3062,建漢,65,4,61,宏遠-桃園,2024-05-24,1262
2618,長榮航,55,2,53,宏遠-桃園,2024-05-24,1262
9902,台火,50,0,50,宏遠-桃園,2024-05-24,1262
8150,南茂,43,0,43,宏遠-桃園,2024-05-24,1262
6530,創威,40,0,40,宏遠-桃園,2024-05-24,1262
00650L,復華香港正2,38,6,32,宏遠-桃園,2024-05-24,1262
6125,廣運,34,3,31,宏遠-桃園,2024-05-24,1262
8064,東捷,31,5,26,宏遠-桃園,2024-05-24,1262
3491,昇達科,25,0,25,宏遠-桃園,2024-05-24,1262
5234,達興材料,30,7,23,宏遠-桃園,2024-05-24,1262
3037,欣興,20,1,19,宏遠-桃園,2024-05-24,1262
2883,凱基金,20,1,19,宏遠-桃園,2024-05-24,1262
2323,中環,18,0,18,宏遠-桃園,2024-05-24,1262
2353,宏��,50,32,18,宏遠-桃園,2024-05-24,1262
00637L,元大滬深300正2,18,2,16,宏遠-桃園,2024-05-24,1262
00830,國泰費城半導體,16,0,16,宏遠-桃園,2024-05-24,1262
3163,波若威,42,26,16,宏遠-桃園,2024-05-24,1262
2543,皇昌,22,7,15,宏遠-桃園,2024-05-24,1262
2743,山富,15,0,15,宏遠-桃園,2024-05-24,1262
2241,艾姆勒,14,1,13,宏遠-桃園,2024-05-24,1262
2801,彰銀,13,0,13,宏遠-桃園,2024-05-24,1262
1504,東元,12,0,12,宏遠-桃園,2024-05-24,1262
2354,鴻準,13,1,12,宏遠-桃園,2024-05-24,1262
00936,台新永續高息中小,11,0,11,宏遠-桃園,2024-05-24,1262
2368,金像電,11,0,11,宏遠-桃園,2024-05-24,1262
2465,麗臺,10,0,10,宏遠-桃園,2024-05-24,1262
00930,永豐ESG低碳高息,10,0,10,宏遠-桃園,2024-05-24,1262
1802,台玻,10,0,10,宏遠-桃園,2024-05-24,1262
2316,楠梓電,10,0,10,宏遠-桃園,2024-05-24,1262
2408,南亞科,13,3,10,宏遠-桃園,2024-05-24,1262
2607,榮運,10,0,10,宏遠-桃園,2024-05-24,1262
3357,臺慶科,10,0,10,宏遠-桃園,2024-05-24,1262
3490,單井,10,0,10,宏遠-桃園,2024-05-24,1262
5483,中美晶,10,0,10,宏遠-桃園,2024-05-24,1262
6231,系微,10,0,10,宏遠-桃園,2024-05-24,1262
9933,中鼎,10,0,10,宏遠-桃園,2024-05-24,1262
3481,群創,23,14,9,宏遠-桃園,2024-05-24,1262
2002,中鋼,15,7,8,宏遠-桃園,2024-05-24,1262
8147,正淩,15,7,8,宏遠-桃園,2024-05-24,1262
2371,大同,7,0,7,宏遠-桃園,2024-05-24,1262
2377,微星,8,1,7,宏遠-桃園,2024-05-24,1262
6928,攸泰科技,7,0,7,宏遠-桃園,2024-05-24,1262
2609,陽明,6,0,6,宏遠-桃園,2024-05-24,1262
5388,中磊,6,0,6,宏遠-桃園,2024-05-24,1262
2891,中信金,7,1,6,宏遠-桃園,2024-05-24,1262
8070,長華*,6,0,6,宏遠-桃園,2024-05-24,1262
2520,冠德,5,0,5,宏遠-桃園,2024-05-24,1262
00882,中信中國高股息,121,0,121,宏遠-桃園,2024-05-27,1262
00632R,元大台灣50反1,68,6,62,宏遠-桃園,2024-05-27,1262
2515,中工,45,0,45,宏遠-桃園,2024-05-27,1262
2353,宏��,74,30,44,宏遠-桃園,2024-05-27,1262
00937B,群益ESG投等債20,39,5,34,宏遠-桃園,2024-05-27,1262
6275,元山,40,9,31,宏遠-桃園,2024-05-27,1262
2476,鉅祥,30,0,30,宏遠-桃園,2024-05-27,1262
2618,長榮航,31,4,27,宏遠-桃園,2024-05-27,1262
5474,聰泰,27,2,25,宏遠-桃園,2024-05-27,1262
00636,國泰中國A50,20,0,20,宏遠-桃園,2024-05-27,1262
3689,湧德,21,2,19,宏遠-桃園,2024-05-27,1262
1809,中釉,30,13,17,宏遠-桃園,2024-05-27,1262
2609,陽明,33,16,17,宏遠-桃園,2024-05-27,1262
2354,鴻準,62,46,16,宏遠-桃園,2024-05-27,1262
00919,群益台灣精選高息,19,4,15,宏遠-桃園,2024-05-27,1262
00929,復華台灣科技優息,17,2,15,宏遠-桃園,2024-05-27,1262
4967,十銓,17,2,15,宏遠-桃園,2024-05-27,1262
6928,攸泰科技,15,0,15,宏遠-桃園,2024-05-27,1262
3706,神達,15,1,14,宏遠-桃園,2024-05-27,1262
00922,國泰台灣領袖50,13,0,13,宏遠-桃園,2024-05-27,1262
1815,富喬,19,6,13,宏遠-桃園,2024-05-27,1262
9946,三發地產,18,5,13,宏遠-桃園,2024-05-27,1262
1101,台泥,12,0,12,宏遠-桃園,2024-05-27,1262
2352,佳世達,17,5,12,宏遠-桃園,2024-05-27,1262
2369,菱生,12,0,12,宏遠-桃園,2024-05-27,1262
8996,高力,18,6,12,宏遠-桃園,2024-05-27,1262
3059,華晶科,16,5,11,宏遠-桃園,2024-05-27,1262
3596,智易,12,1,11,宏遠-桃園,2024-05-27,1262
2363,矽統,85,75,10,宏遠-桃園,2024-05-27,1262
2368,金像電,10,0,10,宏遠-桃園,2024-05-27,1262
1319,東陽,10,0,10,宏遠-桃園,2024-05-27,1262
1905,華紙,10,0,10,宏遠-桃園,2024-05-27,1262
2388,威盛,10,0,10,宏遠-桃園,2024-05-27,1262
2897,王道銀行,10,0,10,宏遠-桃園,2024-05-27,1262
3060,銘異,13,3,10,宏遠-桃園,2024-05-27,1262
4707,磐亞,10,0,10,宏遠-桃園,2024-05-27,1262
5234,達興材料,10,0,10,宏遠-桃園,2024-05-27,1262
8227,巨有科技,11,1,10,宏遠-桃園,2024-05-27,1262
8467,波力-KY,10,0,10,宏遠-桃園,2024-05-27,1262
3021,鴻名,10,0,10,宏遠-桃園,2024-05-27,1262
2615,萬海,14,5,9,宏遠-桃園,2024-05-27,1262
2405,輔信,15,6,9,宏遠-桃園,2024-05-27,1262
2453,凌群,12,3,9,宏遠-桃園,2024-05-27,1262
2543,皇昌,9,0,9,宏遠-桃園,2024-05-27,1262
4938,和碩,9,0,9,宏遠-桃園,2024-05-27,1262
00940,元大台灣價值高息,13,5,8,宏遠-桃園,2024-05-27,1262
3287,廣寰科,8,0,8,宏遠-桃園,2024-05-27,1262
3234,光環,8,1,7,宏遠-桃園,2024-05-27,1262
00631L,元大台灣50正2,6,0,6,宏遠-桃園,2024-05-27,1262
00679B,元大美債20年,16,10,6,宏遠-桃園,2024-05-27,1262
00882,中信中國高股息,231,0,231,宏遠-桃園,2024-05-28,1262
8150,南茂,160,0,160,宏遠-桃園,2024-05-28,1262
2328,廣宇,114,9,105,宏遠-桃園,2024-05-28,1262
2406,國碩,110,10,100,宏遠-桃園,2024-05-28,1262
1582,信錦,62,0,62,宏遠-桃園,2024-05-28,1262
00751B,元大AAA至A公司債,59,0,59,宏遠-桃園,2024-05-28,1262
1815,富喬,93,40,53,宏遠-桃園,2024-05-28,1262
2363,矽統,67,19,48,宏遠-桃園,2024-05-28,1262
00937B,群益ESG投等債20,73,25,48,宏遠-桃園,2024-05-28,1262
1516,川飛,51,3,48,宏遠-桃園,2024-05-28,1262
2329,華泰,41,0,41,宏遠-桃園,2024-05-28,1262
6425,易發,39,0,39,宏遠-桃園,2024-05-28,1262
6005,群益證,29,0,29,宏遠-桃園,2024-05-28,1262
3062,建漢,31,3,28,宏遠-桃園,2024-05-28,1262
2354,鴻準,174,149,25,宏遠-桃園,2024-05-28,1262
2891,中信金,24,0,24,宏遠-桃園,2024-05-28,1262
8054,安國,31,8,23,宏遠-桃園,2024-05-28,1262
00638R,元大滬深300反1,22,0,22,宏遠-桃園,2024-05-28,1262
3055,蔚華科,23,1,22,宏遠-桃園,2024-05-28,1262
1608,華榮,20,0,20,宏遠-桃園,2024-05-28,1262
5291,邑昇,20,0,20,宏遠-桃園,2024-05-28,1262
6190,萬泰科,24,4,20,宏遠-桃園,2024-05-28,1262
5871,中租-KY,26,8,18,宏遠-桃園,2024-05-28,1262
2916,滿心,18,0,18,宏遠-桃園,2024-05-28,1262
5251,天鉞電,20,2,18,宏遠-桃園,2024-05-28,1262
8028,昇陽半導體,16,0,16,宏遠-桃園,2024-05-28,1262
2317,鴻海,25,9,16,宏遠-桃園,2024-05-28,1262
00679B,元大美債20年,24,10,14,宏遠-桃園,2024-05-28,1262
2353,宏��,31,18,13,宏遠-桃園,2024-05-28,1262
00720B,元大投資級公司債,23,10,13,宏遠-桃園,2024-05-28,1262
2464,盟立,27,14,13,宏遠-桃園,2024-05-28,1262
8088,品安,13,0,13,宏遠-桃園,2024-05-28,1262
00918,大華優利高填息30,12,0,12,宏遠-桃園,2024-05-28,1262
6138,茂達,12,0,12,宏遠-桃園,2024-05-28,1262
2610,華航,36,25,11,宏遠-桃園,2024-05-28,1262
1513,中興電,11,0,11,宏遠-桃園,2024-05-28,1262
3005,神基,11,0,11,宏遠-桃園,2024-05-28,1262
8027,鈦昇,11,0,11,宏遠-桃園,2024-05-28,1262
00943,兆豐電子高息等權,10,0,10,宏遠-桃園,2024-05-28,1262
00930,永豐ESG低碳高息,10,0,10,宏遠-桃園,2024-05-28,1262
2201,裕隆,10,0,10,宏遠-桃園,2024-05-28,1262
3706,神達,10,0,10,宏遠-桃園,2024-05-28,1262
2027,大成鋼,10,0,10,宏遠-桃園,2024-05-28,1262
8210,勤誠,10,1,9,宏遠-桃園,2024-05-28,1262
6209,今國光,9,0,9,宏遠-桃園,2024-05-28,1262
2436,偉詮電,10,2,8,宏遠-桃園,2024-05-28,1262
6140,訊達,8,0,8,宏遠-桃園,2024-05-28,1262
2382,廣達,8,1,7,宏遠-桃園,2024-05-28,1262
4721,美琪瑪,7,0,7,宏遠-桃園,2024-05-28,1262
3714,富采,7,0,7,宏遠-桃園,2024-05-28,1262
00937B,群益ESG投等債20,231,0,231,宏遠-桃園,2024-05-29,1262
2489,瑞軒,316,164,152,宏遠-桃園,2024-05-29,1262
6209,今國光,152,7,145,宏遠-桃園,2024-05-29,1262
8150,南茂,125,0,125,宏遠-桃園,2024-05-29,1262
00751B,元大AAA至A公司債,113,0,113,宏遠-桃園,2024-05-29,1262
00679B,元大美債20年,72,0,72,宏遠-桃園,2024-05-29,1262
5498,凱崴,71,0,71,宏遠-桃園,2024-05-29,1262
00882,中信中國高股息,70,0,70,宏遠-桃園,2024-05-29,1262
3390,旭軟,65,2,63,宏遠-桃園,2024-05-29,1262
911608,明輝-DR,61,0,61,宏遠-桃園,2024-05-29,1262
8064,東捷,62,9,53,宏遠-桃園,2024-05-29,1262
2618,長榮航,104,52,52,宏遠-桃園,2024-05-29,1262
2328,廣宇,107,66,41,宏遠-桃園,2024-05-29,1262
2405,輔信,39,4,35,宏遠-桃園,2024-05-29,1262
3033,威健,33,1,32,宏遠-桃園,2024-05-29,1262
3481,群創,30,0,30,宏遠-桃園,2024-05-29,1262
00933B,國泰10Y+金融債,27,0,27,宏遠-桃園,2024-05-29,1262
00720B,元大投資級公司債,26,0,26,宏遠-桃園,2024-05-29,1262
8358,金居,30,4,26,宏遠-桃園,2024-05-29,1262
2323,中環,25,0,25,宏遠-桃園,2024-05-29,1262
3483,力致,32,8,24,宏遠-桃園,2024-05-29,1262
6207,雷科,23,0,23,宏遠-桃園,2024-05-29,1262
5608,四維航,30,8,22,宏遠-桃園,2024-05-29,1262
6449,鈺邦,23,2,21,宏遠-桃園,2024-05-29,1262
2610,華航,23,3,20,宏遠-桃園,2024-05-29,1262
3114,好德,20,0,20,宏遠-桃園,2024-05-29,1262
3552,同致,20,0,20,宏遠-桃園,2024-05-29,1262
00638R,元大滬深300反1,18,0,18,宏遠-桃園,2024-05-29,1262
3504,揚明光,19,1,18,宏遠-桃園,2024-05-29,1262
5871,中租-KY,23,5,18,宏遠-桃園,2024-05-29,1262
1101,台泥,17,0,17,宏遠-桃園,2024-05-29,1262
3706,神達,20,3,17,宏遠-桃園,2024-05-29,1262
4533,協易機,29,12,17,宏遠-桃園,2024-05-29,1262
5880,合庫金,16,0,16,宏遠-桃園,2024-05-29,1262
00918,大華優利高填息30,15,0,15,宏遠-桃園,2024-05-29,1262
8027,鈦昇,14,0,14,宏遠-桃園,2024-05-29,1262
00680L,元大美債20正2,14,0,14,宏遠-桃園,2024-05-29,1262
2885,元大金,14,0,14,宏遠-桃園,2024-05-29,1262
2603,長榮,20,7,13,宏遠-桃園,2024-05-29,1262
2887,台新金,12,0,12,宏遠-桃園,2024-05-29,1262
2317,鴻海,36,25,11,宏遠-桃園,2024-05-29,1262
2615,萬海,12,1,11,宏遠-桃園,2024-05-29,1262
3047,訊舟,22,11,11,宏遠-桃園,2024-05-29,1262
3058,立德,11,0,11,宏遠-桃園,2024-05-29,1262
00650L,復華香港正2,14,4,10,宏遠-桃園,2024-05-29,1262
00764B,群益25年美債,10,0,10,宏遠-桃園,2024-05-29,1262
1721,三晃,10,0,10,宏遠-桃園,2024-05-29,1262
2408,南亞科,10,0,10,宏遠-桃園,2024-05-29,1262
3024,憶聲,11,1,10,宏遠-桃園,2024-05-29,1262
3231,緯創,10,0,10,宏遠-桃園,2024-05-29,1262
6209,今國光,160,19,141,宏遠-桃園,2024-05-30,1262
9902,台火,120,0,120,宏遠-桃園,2024-05-30,1262
8150,南茂,105,0,105,宏遠-桃園,2024-05-30,1262
00937B,群益ESG投等債20,104,3,101,宏遠-桃園,2024-05-30,1262
00751B,元大AAA至A公司債,90,0,90,宏遠-桃園,2024-05-30,1262
00720B,元大投資級公司債,71,0,71,宏遠-桃園,2024-05-30,1262
8064,東捷,76,19,57,宏遠-桃園,2024-05-30,1262
3390,旭軟,50,0,50,宏遠-桃園,2024-05-30,1262
00882,中信中國高股息,65,16,49,宏遠-桃園,2024-05-30,1262
6005,群益證,44,0,44,宏遠-桃園,2024-05-30,1262
00632R,元大台灣50反1,96,54,42,宏遠-桃園,2024-05-30,1262
4533,協易機,61,20,41,宏遠-桃園,2024-05-30,1262
6160,欣技,41,0,41,宏遠-桃園,2024-05-30,1262
1473,台南,40,0,40,宏遠-桃園,2024-05-30,1262
1582,信錦,40,2,38,宏遠-桃園,2024-05-30,1262
6166,凌華,53,15,38,宏遠-桃園,2024-05-30,1262
4707,磐亞,45,10,35,宏遠-桃園,2024-05-30,1262
6290,良維,37,3,34,宏遠-桃園,2024-05-30,1262
3706,神達,35,2,33,宏遠-桃園,2024-05-30,1262
1618,合機,30,0,30,宏遠-桃園,2024-05-30,1262
3450,聯鈞,31,1,30,宏遠-桃園,2024-05-30,1262
3715,定穎投控,30,0,30,宏遠-桃園,2024-05-30,1262
8467,波力-KY,27,0,27,宏遠-桃園,2024-05-30,1262
2723,美食-KY,25,0,25,宏遠-桃園,2024-05-30,1262
00679B,元大美債20年,24,2,22,宏遠-桃園,2024-05-30,1262
00637L,元大滬深300正2,23,1,22,宏遠-桃園,2024-05-30,1262
2476,鉅祥,41,20,21,宏遠-桃園,2024-05-30,1262
8096,擎亞,21,0,21,宏遠-桃園,2024-05-30,1262
1453,大將,20,0,20,宏遠-桃園,2024-05-30,1262
8426,紅木-KY,20,0,20,宏遠-桃園,2024-05-30,1262
2610,華航,19,0,19,宏遠-桃園,2024-05-30,1262
6443,元晶,16,0,16,宏遠-桃園,2024-05-30,1262
2641,正德,22,6,16,宏遠-桃園,2024-05-30,1262
00919,群益台灣精選高息,15,0,15,宏遠-桃園,2024-05-30,1262
00671R,富邦NASDAQ反1,15,0,15,宏遠-桃園,2024-05-30,1262
00915,凱基優選高股息30,15,0,15,宏遠-桃園,2024-05-30,1262
2442,新美齊,15,0,15,宏遠-桃園,2024-05-30,1262
2401,凌陽,15,1,14,宏遠-桃園,2024-05-30,1262
5469,瀚宇博,14,0,14,宏遠-桃園,2024-05-30,1262
2330,台積電,14,1,13,宏遠-桃園,2024-05-30,1262
2344,華邦電,12,0,12,宏遠-桃園,2024-05-30,1262
00918,大華優利高填息30,11,0,11,宏遠-桃園,2024-05-30,1262
2313,華通,11,0,11,宏遠-桃園,2024-05-30,1262
4714,永捷,11,0,11,宏遠-桃園,2024-05-30,1262
6462,神盾,29,18,11,宏遠-桃園,2024-05-30,1262
8234,新漢,14,3,11,宏遠-桃園,2024-05-30,1262
3231,緯創,15,4,11,宏遠-桃園,2024-05-30,1262
1101,台泥,12,1,11,宏遠-桃園,2024-05-30,1262
2834,臺企銀,11,0,11,宏遠-桃園,2024-05-30,1262
00687B,國泰20年美債,13,3,10,宏遠-桃園,2024-05-30,1262
00772B,中信高評級公司債,100,0,100,宏遠-桃園,2024-05-31,1262
1516,川飛,86,0,86,宏遠-桃園,2024-05-31,1262
3372,典範,80,9,71,宏遠-桃園,2024-05-31,1262
2367,燿華,89,37,52,宏遠-桃園,2024-05-31,1262
3321,同泰,50,0,50,宏遠-桃園,2024-05-31,1262
00751B,元大AAA至A公司債,46,0,46,宏遠-桃園,2024-05-31,1262
2609,陽明,92,49,43,宏遠-桃園,2024-05-31,1262
2889,國票金,43,0,43,宏遠-桃園,2024-05-31,1262
3268,海德威,41,1,40,宏遠-桃園,2024-05-31,1262
00919,群益台灣精選高息,37,2,35,宏遠-桃園,2024-05-31,1262
2515,中工,33,0,33,宏遠-桃園,2024-05-31,1262
3231,緯創,34,2,32,宏遠-桃園,2024-05-31,1262
2365,昆盈,33,4,29,宏遠-桃園,2024-05-31,1262
2329,華泰,30,1,29,宏遠-桃園,2024-05-31,1262
00929,復華台灣科技優息,28,0,28,宏遠-桃園,2024-05-31,1262
5371,中光電,38,12,26,宏遠-桃園,2024-05-31,1262
6243,迅杰,27,2,25,宏遠-桃園,2024-05-31,1262
1319,東陽,26,2,24,宏遠-桃園,2024-05-31,1262
6275,元山,25,1,24,宏遠-桃園,2024-05-31,1262
2258,鴻華先進-創,22,0,22,宏遠-桃園,2024-05-31,1262
2514,龍邦,22,0,22,宏遠-桃園,2024-05-31,1262
5426,振發,22,1,21,宏遠-桃園,2024-05-31,1262
3443,創意,21,0,21,宏遠-桃園,2024-05-31,1262
00905,FT臺灣Smart,20,0,20,宏遠-桃園,2024-05-31,1262
00666R,富邦�琤肭磪齯�1,20,0,20,宏遠-桃園,2024-05-31,1262
2328,廣宇,24,4,20,宏遠-桃園,2024-05-31,1262
3481,群創,21,1,20,宏遠-桃園,2024-05-31,1262
2317,鴻海,54,35,19,宏遠-桃園,2024-05-31,1262
2375,凱美,20,3,17,宏遠-桃園,2024-05-31,1262
2028,威致,15,0,15,宏遠-桃園,2024-05-31,1262
2323,中環,15,0,15,宏遠-桃園,2024-05-31,1262
2392,正崴,18,3,15,宏遠-桃園,2024-05-31,1262
6269,台郡,16,1,15,宏遠-桃園,2024-05-31,1262
00715L,期街口布蘭特正2,17,2,15,宏遠-桃園,2024-05-31,1262
5871,中租-KY,15,0,15,宏遠-桃園,2024-05-31,1262
00918,大華優利高填息30,14,0,14,宏遠-桃園,2024-05-31,1262
2228,劍麟,14,0,14,宏遠-桃園,2024-05-31,1262
6005,群益證,14,0,14,宏遠-桃園,2024-05-31,1262
00939,統一台灣高息動能,13,0,13,宏遠-桃園,2024-05-31,1262
3024,憶聲,14,1,13,宏遠-桃園,2024-05-31,1262
00937B,群益ESG投等債20,12,0,12,宏遠-桃園,2024-05-31,1262
1522,堤維西,20,8,12,宏遠-桃園,2024-05-31,1262
2611,志信,14,2,12,宏遠-桃園,2024-05-31,1262
2002,中鋼,11,0,11,宏遠-桃園,2024-05-31,1262
2723,美食-KY,11,0,11,宏遠-桃園,2024-05-31,1262
6166,凌華,11,0,11,宏遠-桃園,2024-05-31,1262
2330,台積電,11,0,11,宏遠-桃園,2024-05-31,1262
9945,潤泰新,10,0,10,宏遠-桃園,2024-05-31,1262
00940,元大台灣價值高息,15,5,10,宏遠-桃園,2024-05-31,1262
00712,復華富時不動產,10,0,10,宏遠-桃園,2024-05-31,1262
6270,倍微,112,12,100,宏遠-桃園,2024-06-03,1262
2883,凱基金,100,5,95,宏遠-桃園,2024-06-03,1262
3481,群創,71,0,71,宏遠-桃園,2024-06-03,1262
5014,建錩,65,1,64,宏遠-桃園,2024-06-03,1262
00937B,群益ESG投等債20,53,0,53,宏遠-桃園,2024-06-03,1262
2887,台新金,52,0,52,宏遠-桃園,2024-06-03,1262
00772B,中信高評級公司債,50,0,50,宏遠-桃園,2024-06-03,1262
6514,芮特-KY,50,0,50,宏遠-桃園,2024-06-03,1262
2890,永豐金,40,1,39,宏遠-桃園,2024-06-03,1262
1524,耿鼎,35,1,34,宏遠-桃園,2024-06-03,1262
00687B,國泰20年美債,35,4,31,宏遠-桃園,2024-06-03,1262
6231,系微,26,0,26,宏遠-桃園,2024-06-03,1262
6191,精成科,25,0,25,宏遠-桃園,2024-06-03,1262
00919,群益台灣精選高息,24,0,24,宏遠-桃園,2024-06-03,1262
2618,長榮航,25,1,24,宏遠-桃園,2024-06-03,1262
2723,美食-KY,24,0,24,宏遠-桃園,2024-06-03,1262
3303,岱稜,33,9,24,宏遠-桃園,2024-06-03,1262
6770,力積電,25,1,24,宏遠-桃園,2024-06-03,1262
00918,大華優利高填息30,23,0,23,宏遠-桃園,2024-06-03,1262
2464,盟立,30,7,23,宏遠-桃園,2024-06-03,1262
00638R,元大滬深300反1,28,6,22,宏遠-桃園,2024-06-03,1262
2316,楠梓電,20,1,19,宏遠-桃園,2024-06-03,1262
6290,良維,30,11,19,宏遠-桃園,2024-06-03,1262
3088,艾訊,20,2,18,宏遠-桃園,2024-06-03,1262
6005,群益證,18,0,18,宏遠-桃園,2024-06-03,1262
4513,福裕,17,0,17,宏遠-桃園,2024-06-03,1262
4967,十銓,22,7,15,宏遠-桃園,2024-06-03,1262
1799,易威,14,0,14,宏遠-桃園,2024-06-03,1262
00712,復華富時不動產,13,0,13,宏遠-桃園,2024-06-03,1262
1618,合機,13,0,13,宏遠-桃園,2024-06-03,1262
00666R,富邦�琤肭磪齯�1,12,0,12,宏遠-桃園,2024-06-03,1262
6197,佳必琪,13,1,12,宏遠-桃園,2024-06-03,1262
6227,茂綸,12,0,12,宏遠-桃園,2024-06-03,1262
3372,典範,11,0,11,宏遠-桃園,2024-06-03,1262
6177,達麗,22,11,11,宏遠-桃園,2024-06-03,1262
2313,華通,11,1,10,宏遠-桃園,2024-06-03,1262
2880,華南金,10,0,10,宏遠-桃園,2024-06-03,1262
00864B,中信美國公債0-1,10,0,10,宏遠-桃園,2024-06-03,1262
1711,永光,10,0,10,宏遠-桃園,2024-06-03,1262
2610,華航,10,0,10,宏遠-桃園,2024-06-03,1262
3645,達邁,10,0,10,宏遠-桃園,2024-06-03,1262
5230,雷笛克光學,24,14,10,宏遠-桃園,2024-06-03,1262
5880,合庫金,10,0,10,宏遠-桃園,2024-06-03,1262
6188,廣明,31,21,10,宏遠-桃園,2024-06-03,1262
1608,華榮,10,1,9,宏遠-桃園,2024-06-03,1262
1815,富喬,32,23,9,宏遠-桃園,2024-06-03,1262
2425,承啟,12,3,9,宏遠-桃園,2024-06-03,1262
5344,立衛,9,0,9,宏遠-桃園,2024-06-03,1262
1582,信錦,12,4,8,宏遠-桃園,2024-06-03,1262
2401,凌陽,10,2,8,宏遠-桃園,2024-06-03,1262
00929,復華台灣科技優息,134,12,122,宏遠-桃園,2024-06-04,1262
00918,大華優利高填息30,69,0,69,宏遠-桃園,2024-06-04,1262
2344,華邦電,59,0,59,宏遠-桃園,2024-06-04,1262
2482,連宇,52,1,51,宏遠-桃園,2024-06-04,1262
2883,凱基金,40,0,40,宏遠-桃園,2024-06-04,1262
8150,南茂,40,0,40,宏遠-桃園,2024-06-04,1262
3047,訊舟,40,8,32,宏遠-桃園,2024-06-04,1262
2457,飛宏,30,2,28,宏遠-桃園,2024-06-04,1262
6125,廣運,52,24,28,宏遠-桃園,2024-06-04,1262
6166,凌華,39,12,27,宏遠-桃園,2024-06-04,1262
00882,中信中國高股息,25,0,25,宏遠-桃園,2024-06-04,1262
2887,台新金,24,0,24,宏遠-桃園,2024-06-04,1262
6164,華興,24,0,24,宏遠-桃園,2024-06-04,1262
2324,仁寶,32,10,22,宏遠-桃園,2024-06-04,1262
2618,長榮航,24,2,22,宏遠-桃園,2024-06-04,1262
00919,群益台灣精選高息,21,0,21,宏遠-桃園,2024-06-04,1262
00638R,元大滬深300反1,21,0,21,宏遠-桃園,2024-06-04,1262
3432,台端,23,2,21,宏遠-桃園,2024-06-04,1262
00878,國泰永續高股息,23,3,20,宏遠-桃園,2024-06-04,1262
00936,台新永續高息中小,22,2,20,宏遠-桃園,2024-06-04,1262
2208,台船,20,0,20,宏遠-桃園,2024-06-04,1262
6290,良維,20,0,20,宏遠-桃園,2024-06-04,1262
8426,紅木-KY,20,0,20,宏遠-桃園,2024-06-04,1262
2316,楠梓電,19,0,19,宏遠-桃園,2024-06-04,1262
2303,聯電,35,19,16,宏遠-桃園,2024-06-04,1262
1303,南亞,16,0,16,宏遠-桃園,2024-06-04,1262
1312,國喬,15,0,15,宏遠-桃園,2024-06-04,1262
2543,皇昌,15,0,15,宏遠-桃園,2024-06-04,1262
3228,金麗科,14,0,14,宏遠-桃園,2024-06-04,1262
3338,泰碩,25,11,14,宏遠-桃園,2024-06-04,1262
6546,正基,14,0,14,宏遠-桃園,2024-06-04,1262
8054,安國,18,5,13,宏遠-桃園,2024-06-04,1262
2353,宏��,17,6,11,宏遠-桃園,2024-06-04,1262
2352,佳世達,10,0,10,宏遠-桃園,2024-06-04,1262
2406,國碩,10,0,10,宏遠-桃園,2024-06-04,1262
3033,威健,10,0,10,宏遠-桃園,2024-06-04,1262
3516,亞帝歐,20,10,10,宏遠-桃園,2024-06-04,1262
4968,立積,11,1,10,宏遠-桃園,2024-06-04,1262
6005,群益證,10,0,10,宏遠-桃園,2024-06-04,1262
6695,芯鼎,10,0,10,宏遠-桃園,2024-06-04,1262
2331,精英,113,105,8,宏遠-桃園,2024-06-04,1262
4909,新復興,10,2,8,宏遠-桃園,2024-06-04,1262
1809,中釉,7,0,7,宏遠-桃園,2024-06-04,1262
2610,華航,13,6,7,宏遠-桃園,2024-06-04,1262
4566,時碩工業,10,3,7,宏遠-桃園,2024-06-04,1262
6435,大中,7,0,7,宏遠-桃園,2024-06-04,1262
6514,芮特-KY,7,0,7,宏遠-桃園,2024-06-04,1262
8499,鼎炫-KY,7,0,7,宏遠-桃園,2024-06-04,1262
9941,裕融,7,0,7,宏遠-桃園,2024-06-04,1262
9945,潤泰新,7,0,7,宏遠-桃園,2024-06-04,1262
00632R,元大台灣50反1,118,0,118,宏遠-桃園,2024-06-05,1262
2476,鉅祥,109,0,109,宏遠-桃園,2024-06-05,1262
3390,旭軟,100,0,100,宏遠-桃園,2024-06-05,1262
3297,杭特,61,7,54,宏遠-桃園,2024-06-05,1262
4562,穎漢,60,10,50,宏遠-桃園,2024-06-05,1262
1314,中石化,50,1,49,宏遠-桃園,2024-06-05,1262
00878,國泰永續高股息,50,3,47,宏遠-桃園,2024-06-05,1262
6270,倍微,51,6,45,宏遠-桃園,2024-06-05,1262
8093,保銳,43,0,43,宏遠-桃園,2024-06-05,1262
00936,台新永續高息中小,40,0,40,宏遠-桃園,2024-06-05,1262
2317,鴻海,84,45,39,宏遠-桃園,2024-06-05,1262
3015,全漢,37,2,35,宏遠-桃園,2024-06-05,1262
00937B,群益ESG投等債20,35,5,30,宏遠-桃園,2024-06-05,1262
2611,志信,43,14,29,宏遠-桃園,2024-06-05,1262
8096,擎亞,45,18,27,宏遠-桃園,2024-06-05,1262
00929,復華台灣科技優息,26,0,26,宏遠-桃園,2024-06-05,1262
00930,永豐ESG低碳高息,25,0,25,宏遠-桃園,2024-06-05,1262
3645,達邁,24,0,24,宏遠-桃園,2024-06-05,1262
6695,芯鼎,22,1,21,宏遠-桃園,2024-06-05,1262
1440,南紡,20,0,20,宏遠-桃園,2024-06-05,1262
1718,中纖,20,0,20,宏遠-桃園,2024-06-05,1262
2509,全坤建,20,0,20,宏遠-桃園,2024-06-05,1262
5533,皇鼎,20,0,20,宏遠-桃園,2024-06-05,1262
6113,亞矽,20,0,20,宏遠-桃園,2024-06-05,1262
4746,台耀,20,0,20,宏遠-桃園,2024-06-05,1262
2618,長榮航,20,1,19,宏遠-桃園,2024-06-05,1262
2331,精英,18,1,17,宏遠-桃園,2024-06-05,1262
6895,宏碩系統,19,2,17,宏遠-桃園,2024-06-05,1262
00715L,期街口布蘭特正2,56,40,16,宏遠-桃園,2024-06-05,1262
6166,凌華,15,0,15,宏遠-桃園,2024-06-05,1262
2353,宏��,20,6,14,宏遠-桃園,2024-06-05,1262
00795B,中信美國公債20年,34,20,14,宏遠-桃園,2024-06-05,1262
1815,富喬,55,41,14,宏遠-桃園,2024-06-05,1262
2605,新興,16,2,14,宏遠-桃園,2024-06-05,1262
3450,聯鈞,15,1,14,宏遠-桃園,2024-06-05,1262
3491,昇達科,14,0,14,宏遠-桃園,2024-06-05,1262
6922,宸曜,15,1,14,宏遠-桃園,2024-06-05,1262
2915,潤泰全,13,0,13,宏遠-桃園,2024-06-05,1262
3048,益登,13,0,13,宏遠-桃園,2024-06-05,1262
00918,大華優利高填息30,12,0,12,宏遠-桃園,2024-06-05,1262
2543,皇昌,12,0,12,宏遠-桃園,2024-06-05,1262
4533,協易機,15,3,12,宏遠-桃園,2024-06-05,1262
6585,鼎基,12,0,12,宏遠-桃園,2024-06-05,1262
2603,長榮,36,25,11,宏遠-桃園,2024-06-05,1262
2357,華碩,11,0,11,宏遠-桃園,2024-06-05,1262
1597,直得,11,0,11,宏遠-桃園,2024-06-05,1262
2208,台船,11,0,11,宏遠-桃園,2024-06-05,1262
2355,敬鵬,12,1,11,宏遠-桃園,2024-06-05,1262
1326,台化,10,0,10,宏遠-桃園,2024-06-05,1262
3490,單井,10,0,10,宏遠-桃園,2024-06-05,1262
00665L,富邦�琤肭磪囓�2,450,150,300,宏遠-桃園,2024-06-06,1262
00687B,國泰20年美債,163,0,163,宏遠-桃園,2024-06-06,1262
2303,聯電,127,9,118,宏遠-桃園,2024-06-06,1262
00632R,元大台灣50反1,93,0,93,宏遠-桃園,2024-06-06,1262
8110,華東,99,10,89,宏遠-桃園,2024-06-06,1262
9955,佳龍,70,0,70,宏遠-桃園,2024-06-06,1262
3005,神基,60,2,58,宏遠-桃園,2024-06-06,1262
2489,瑞軒,55,0,55,宏遠-桃園,2024-06-06,1262
00631L,元大台灣50正2,60,6,54,宏遠-桃園,2024-06-06,1262
00936,台新永續高息中小,45,0,45,宏遠-桃園,2024-06-06,1262
4909,新復興,42,3,39,宏遠-桃園,2024-06-06,1262
6015,宏遠證,50,12,38,宏遠-桃園,2024-06-06,1262
4952,凌通,35,1,34,宏遠-桃園,2024-06-06,1262
1440,南紡,30,0,30,宏遠-桃園,2024-06-06,1262
4562,穎漢,60,30,30,宏遠-桃園,2024-06-06,1262
6425,易發,30,0,30,宏遠-桃園,2024-06-06,1262
2354,鴻準,35,6,29,宏遠-桃園,2024-06-06,1262
8093,保銳,25,0,25,宏遠-桃園,2024-06-06,1262
3163,波若威,28,3,25,宏遠-桃園,2024-06-06,1262
0050,元大台灣50,23,0,23,宏遠-桃園,2024-06-06,1262
1582,信錦,23,0,23,宏遠-桃園,2024-06-06,1262
6435,大中,22,0,22,宏遠-桃園,2024-06-06,1262
2419,仲琦,20,0,20,宏遠-桃園,2024-06-06,1262
2867,三商壽,20,0,20,宏遠-桃園,2024-06-06,1262
6166,凌華,20,0,20,宏遠-桃園,2024-06-06,1262
2367,燿華,31,12,19,宏遠-桃園,2024-06-06,1262
8438,昶昕,18,0,18,宏遠-桃園,2024-06-06,1262
00918,大華優利高填息30,16,0,16,宏遠-桃園,2024-06-06,1262
1563,巧新,16,0,16,宏遠-桃園,2024-06-06,1262
1455,集盛,15,0,15,宏遠-桃園,2024-06-06,1262
1815,富喬,27,12,15,宏遠-桃園,2024-06-06,1262
6165,浪凡,15,0,15,宏遠-桃園,2024-06-06,1262
6742,澤米,17,2,15,宏遠-桃園,2024-06-06,1262
00864B,中信美國公債0-1,15,1,14,宏遠-桃園,2024-06-06,1262
5880,合庫金,14,1,13,宏遠-桃園,2024-06-06,1262
5009,榮剛,13,0,13,宏遠-桃園,2024-06-06,1262
5490,同亨,33,20,13,宏遠-桃園,2024-06-06,1262
2609,陽明,106,94,12,宏遠-桃園,2024-06-06,1262
00919,群益台灣精選高息,12,0,12,宏遠-桃園,2024-06-06,1262
5351,鈺創,12,0,12,宏遠-桃園,2024-06-06,1262
5371,中光電,13,1,12,宏遠-桃園,2024-06-06,1262
5512,力麒,12,0,12,宏遠-桃園,2024-06-06,1262
6191,精成科,12,0,12,宏遠-桃園,2024-06-06,1262
2356,英業達,11,0,11,宏遠-桃園,2024-06-06,1262
8147,正淩,13,2,11,宏遠-桃園,2024-06-06,1262
00772B,中信高評級公司債,10,0,10,宏遠-桃園,2024-06-06,1262
5871,中租-KY,22,12,10,宏遠-桃園,2024-06-06,1262
4967,十銓,17,7,10,宏遠-桃園,2024-06-06,1262
3483,力致,14,5,9,宏遠-桃園,2024-06-06,1262
1560,中砂,15,6,9,宏遠-桃園,2024-06-06,1262
00665L,富邦�琤肭磪囓�2,300,0,300,宏遠-桃園,2024-06-07,1262
00687B,國泰20年美債,277,0,277,宏遠-桃園,2024-06-07,1262
00936,台新永續高息中小,78,0,78,宏遠-桃園,2024-06-07,1262
00919,群益台灣精選高息,65,2,63,宏遠-桃園,2024-06-07,1262
2312,金寶,59,1,58,宏遠-桃園,2024-06-07,1262
2367,燿華,53,0,53,宏遠-桃園,2024-06-07,1262
1522,堤維西,50,0,50,宏遠-桃園,2024-06-07,1262
2353,宏��,44,1,43,宏遠-桃園,2024-06-07,1262
00637L,元大滬深300正2,42,0,42,宏遠-桃園,2024-06-07,1262
00638R,元大滬深300反1,42,2,40,宏遠-桃園,2024-06-07,1262
2511,太子,39,0,39,宏遠-桃園,2024-06-07,1262
6140,訊達,40,3,37,宏遠-桃園,2024-06-07,1262
5302,太欣,35,0,35,宏遠-桃園,2024-06-07,1262
2801,彰銀,30,0,30,宏遠-桃園,2024-06-07,1262
3231,緯創,33,6,27,宏遠-桃園,2024-06-07,1262
3372,典範,25,0,25,宏遠-桃園,2024-06-07,1262
6552,易華電,25,0,25,宏遠-桃園,2024-06-07,1262
4562,穎漢,23,2,21,宏遠-桃園,2024-06-07,1262
00929,復華台灣科技優息,60,40,20,宏遠-桃園,2024-06-07,1262
2867,三商壽,20,0,20,宏遠-桃園,2024-06-07,1262
6270,倍微,20,0,20,宏遠-桃園,2024-06-07,1262
6674,鋐寶科技,20,0,20,宏遠-桃園,2024-06-07,1262
5469,瀚宇博,19,0,19,宏遠-桃園,2024-06-07,1262
00679B,元大美債20年,35,18,17,宏遠-桃園,2024-06-07,1262
2641,正德,15,0,15,宏遠-桃園,2024-06-07,1262
3339,泰谷,15,0,15,宏遠-桃園,2024-06-07,1262
2883,凱基金,15,3,12,宏遠-桃園,2024-06-07,1262
00921,兆豐龍頭等權重,12,0,12,宏遠-桃園,2024-06-07,1262
6005,群益證,20,8,12,宏遠-桃園,2024-06-07,1262
00934,中信成長高股息,11,0,11,宏遠-桃園,2024-06-07,1262
3481,群創,14,3,11,宏遠-桃園,2024-06-07,1262
9942,茂順,11,0,11,宏遠-桃園,2024-06-07,1262
1524,耿鼎,10,0,10,宏遠-桃園,2024-06-07,1262
3645,達邁,10,0,10,宏遠-桃園,2024-06-07,1262
4726,永昕,10,0,10,宏遠-桃園,2024-06-07,1262
5483,中美晶,10,0,10,宏遠-桃園,2024-06-07,1262
6418,詠昇,10,0,10,宏遠-桃園,2024-06-07,1262
3540,曜越,9,0,9,宏遠-桃園,2024-06-07,1262
5519,隆大,10,1,9,宏遠-桃園,2024-06-07,1262
2201,裕隆,10,2,8,宏遠-桃園,2024-06-07,1262
5230,雷笛克光學,8,0,8,宏遠-桃園,2024-06-07,1262
5533,皇鼎,8,0,8,宏遠-桃園,2024-06-07,1262
6161,捷波,8,0,8,宏遠-桃園,2024-06-07,1262
6514,芮特-KY,8,0,8,宏遠-桃園,2024-06-07,1262
6609,瀧澤科,12,4,8,宏遠-桃園,2024-06-07,1262
4533,協易機,10,3,7,宏遠-桃園,2024-06-07,1262
8028,昇陽半導體,8,1,7,宏遠-桃園,2024-06-07,1262
8929,富堡,7,0,7,宏遠-桃園,2024-06-07,1262
00650L,復華香港正2,17,11,6,宏遠-桃園,2024-06-07,1262
2455,全新,6,0,6,宏遠-桃園,2024-06-07,1262
2329,華泰,131,1,130,宏遠-桃園,2024-06-11,1262
4562,穎漢,100,0,100,宏遠-桃園,2024-06-11,1262
00665L,富邦�琤肭磪囓�2,110,13,97,宏遠-桃園,2024-06-11,1262
9927,泰銘,91,0,91,宏遠-桃園,2024-06-11,1262
2801,彰銀,62,0,62,宏遠-桃園,2024-06-11,1262
1455,集盛,58,0,58,宏遠-桃園,2024-06-11,1262
00936,台新永續高息中小,57,0,57,宏遠-桃園,2024-06-11,1262
2888,新光金,56,2,54,宏遠-桃園,2024-06-11,1262
00937B,群益ESG投等債20,50,0,50,宏遠-桃園,2024-06-11,1262
2867,三商壽,52,2,50,宏遠-桃園,2024-06-11,1262
3042,晶技,50,2,48,宏遠-桃園,2024-06-11,1262
2501,國建,44,0,44,宏遠-桃園,2024-06-11,1262
1815,富喬,44,1,43,宏遠-桃園,2024-06-11,1262
6514,芮特-KY,42,0,42,宏遠-桃園,2024-06-11,1262
00772B,中信高評級公司債,43,2,41,宏遠-桃園,2024-06-11,1262
2883,凱基金,60,19,41,宏遠-桃園,2024-06-11,1262
2419,仲琦,40,0,40,宏遠-桃園,2024-06-11,1262
6425,易發,40,0,40,宏遠-桃園,2024-06-11,1262
2515,中工,41,3,38,宏遠-桃園,2024-06-11,1262
00632R,元大台灣50反1,36,0,36,宏遠-桃園,2024-06-11,1262
2609,陽明,72,36,36,宏遠-桃園,2024-06-11,1262
1563,巧新,34,0,34,宏遠-桃園,2024-06-11,1262
1802,台玻,33,0,33,宏遠-桃園,2024-06-11,1262
6270,倍微,33,0,33,宏遠-桃園,2024-06-11,1262
00751B,元大AAA至A公司債,30,0,30,宏遠-桃園,2024-06-11,1262
00795B,中信美國公債20年,29,0,29,宏遠-桃園,2024-06-11,1262
00679B,元大美債20年,33,5,28,宏遠-桃園,2024-06-11,1262
00687B,國泰20年美債,32,5,27,宏遠-桃園,2024-06-11,1262
00939,統一台灣高息動能,27,0,27,宏遠-桃園,2024-06-11,1262
00637L,元大滬深300正2,29,3,26,宏遠-桃園,2024-06-11,1262
00636,國泰中國A50,25,0,25,宏遠-桃園,2024-06-11,1262
1445,大宇,25,0,25,宏遠-桃園,2024-06-11,1262
2476,鉅祥,30,6,24,宏遠-桃園,2024-06-11,1262
00720B,元大投資級公司債,23,0,23,宏遠-桃園,2024-06-11,1262
3047,訊舟,91,69,22,宏遠-桃園,2024-06-11,1262
00878,國泰永續高股息,21,0,21,宏遠-桃園,2024-06-11,1262
9945,潤泰新,45,24,21,宏遠-桃園,2024-06-11,1262
6170,統振,21,0,21,宏遠-桃園,2024-06-11,1262
1101,台泥,20,0,20,宏遠-桃園,2024-06-11,1262
3078,僑威,20,0,20,宏遠-桃園,2024-06-11,1262
8121,越峰,20,0,20,宏遠-桃園,2024-06-11,1262
1316,上曜,21,2,19,宏遠-桃園,2024-06-11,1262
2356,英業達,19,0,19,宏遠-桃園,2024-06-11,1262
2388,威盛,19,0,19,宏遠-桃園,2024-06-11,1262
5251,天鉞電,21,2,19,宏遠-桃園,2024-06-11,1262
2353,宏��,19,2,17,宏遠-桃園,2024-06-11,1262
1609,大亞,36,19,17,宏遠-桃園,2024-06-11,1262
1608,華榮,20,3,17,宏遠-桃園,2024-06-11,1262
9958,世紀鋼,16,0,16,宏遠-桃園,2024-06-11,1262
2401,凌陽,15,0,15,宏遠-桃園,2024-06-11,1262
2883,凱基金,119,1,118,宏遠-桃園,2024-06-12,1262
1570,力肯,158,48,110,宏遠-桃園,2024-06-12,1262
6425,易發,102,10,92,宏遠-桃園,2024-06-12,1262
00632R,元大台灣50反1,55,0,55,宏遠-桃園,2024-06-12,1262
1618,合機,85,31,54,宏遠-桃園,2024-06-12,1262
5230,雷笛克光學,39,0,39,宏遠-桃園,2024-06-12,1262
1802,台玻,38,2,36,宏遠-桃園,2024-06-12,1262
00937B,群益ESG投等債20,35,0,35,宏遠-桃園,2024-06-12,1262
2331,精英,35,0,35,宏遠-桃園,2024-06-12,1262
2344,華邦電,35,1,34,宏遠-桃園,2024-06-12,1262
2442,新美齊,31,0,31,宏遠-桃園,2024-06-12,1262
2607,榮運,31,0,31,宏遠-桃園,2024-06-12,1262
2610,華航,30,0,30,宏遠-桃園,2024-06-12,1262
00751B,元大AAA至A公司債,30,0,30,宏遠-桃園,2024-06-12,1262
2905,三商,29,0,29,宏遠-桃園,2024-06-12,1262
3231,緯創,32,3,29,宏遠-桃園,2024-06-12,1262
5014,建錩,28,0,28,宏遠-桃園,2024-06-12,1262
9945,潤泰新,29,1,28,宏遠-桃園,2024-06-12,1262
3078,僑威,26,0,26,宏遠-桃園,2024-06-12,1262
00948B,中信優息投資級債,26,0,26,宏遠-桃園,2024-06-12,1262
3374,精材,33,10,23,宏遠-桃園,2024-06-12,1262
00929,復華台灣科技優息,27,4,23,宏遠-桃園,2024-06-12,1262
2329,華泰,22,0,22,宏遠-桃園,2024-06-12,1262
00665L,富邦�琤肭磪囓�2,30,10,20,宏遠-桃園,2024-06-12,1262
1440,南紡,20,0,20,宏遠-桃園,2024-06-12,1262
2419,仲琦,20,0,20,宏遠-桃園,2024-06-12,1262
2511,太子,20,0,20,宏遠-桃園,2024-06-12,1262
2515,中工,20,0,20,宏遠-桃園,2024-06-12,1262
2888,新光金,30,10,20,宏遠-桃園,2024-06-12,1262
3260,威剛,20,1,19,宏遠-桃園,2024-06-12,1262
2867,三商壽,18,1,17,宏遠-桃園,2024-06-12,1262
4726,永昕,16,0,16,宏遠-桃園,2024-06-12,1262
00878,國泰永續高股息,15,0,15,宏遠-桃園,2024-06-12,1262
1582,信錦,15,0,15,宏遠-桃園,2024-06-12,1262
2897,王道銀行,15,0,15,宏遠-桃園,2024-06-12,1262
3047,訊舟,35,22,13,宏遠-桃園,2024-06-12,1262
4105,東洋,11,0,11,宏遠-桃園,2024-06-12,1262
1101,台泥,10,0,10,宏遠-桃園,2024-06-12,1262
1558,伸興,10,0,10,宏遠-桃園,2024-06-12,1262
2371,大同,10,0,10,宏遠-桃園,2024-06-12,1262
3516,亞帝歐,10,0,10,宏遠-桃園,2024-06-12,1262
3645,達邁,10,0,10,宏遠-桃園,2024-06-12,1262
4303,信立,10,0,10,宏遠-桃園,2024-06-12,1262
5381,合正,10,0,10,宏遠-桃園,2024-06-12,1262
6414,樺漢,10,0,10,宏遠-桃園,2024-06-12,1262
6505,台塑化,23,13,10,宏遠-桃園,2024-06-12,1262
9105,泰金寶-DR,10,0,10,宏遠-桃園,2024-06-12,1262
2723,美食-KY,9,0,9,宏遠-桃園,2024-06-12,1262
3048,益登,10,1,9,宏遠-桃園,2024-06-12,1262
00713,元大台灣高息低波,8,0,8,宏遠-桃園,2024-06-12,1262
00937B,群益ESG投等債20,601,20,581,宏遠-桃園,2024-06-13,1262
00948B,中信優息投資級債,112,1,111,宏遠-桃園,2024-06-13,1262
00665L,富邦�琤肭磪囓�2,100,0,100,宏遠-桃園,2024-06-13,1262
00632R,元大台灣50反1,81,0,81,宏遠-桃園,2024-06-13,1262
00885,富邦越南,90,10,80,宏遠-桃園,2024-06-13,1262
00795B,中信美國公債20年,60,0,60,宏遠-桃園,2024-06-13,1262
1522,堤維西,57,0,57,宏遠-桃園,2024-06-13,1262
3297,杭特,50,0,50,宏遠-桃園,2024-06-13,1262
3481,群創,50,5,45,宏遠-桃園,2024-06-13,1262
00637L,元大滬深300正2,42,0,42,宏遠-桃園,2024-06-13,1262
2542,興富發,48,8,40,宏遠-桃園,2024-06-13,1262
0056,元大高股息,40,0,40,宏遠-桃園,2024-06-13,1262
2834,臺企銀,40,0,40,宏遠-桃園,2024-06-13,1262
00929,復華台灣科技優息,64,26,38,宏遠-桃園,2024-06-13,1262
2354,鴻準,60,24,36,宏遠-桃園,2024-06-13,1262
00751B,元大AAA至A公司債,70,35,35,宏遠-桃園,2024-06-13,1262
6166,凌華,35,0,35,宏遠-桃園,2024-06-13,1262
5871,中租-KY,32,0,32,宏遠-桃園,2024-06-13,1262
2476,鉅祥,34,2,32,宏遠-桃園,2024-06-13,1262
5210,寶碩,30,0,30,宏遠-桃園,2024-06-13,1262
00947,台新臺灣IC設計,28,0,28,宏遠-桃園,2024-06-13,1262
6674,鋐寶科技,25,0,25,宏遠-桃園,2024-06-13,1262
2511,太子,20,0,20,宏遠-桃園,2024-06-13,1262
2515,中工,20,0,20,宏遠-桃園,2024-06-13,1262
2605,新興,20,0,20,宏遠-桃園,2024-06-13,1262
6514,芮特-KY,20,0,20,宏遠-桃園,2024-06-13,1262
8926,台汽電,20,0,20,宏遠-桃園,2024-06-13,1262
2408,南亞科,20,3,17,宏遠-桃園,2024-06-13,1262
1325,恆大,16,0,16,宏遠-桃園,2024-06-13,1262
00878,國泰永續高股息,31,16,15,宏遠-桃園,2024-06-13,1262
6147,頎邦,14,0,14,宏遠-桃園,2024-06-13,1262
6139,亞翔,13,0,13,宏遠-桃園,2024-06-13,1262
1618,合機,54,41,13,宏遠-桃園,2024-06-13,1262
00712,復華富時不動產,12,0,12,宏遠-桃園,2024-06-13,1262
1446,宏和,12,0,12,宏遠-桃園,2024-06-13,1262
6742,澤米,18,6,12,宏遠-桃園,2024-06-13,1262
2618,長榮航,16,4,12,宏遠-桃園,2024-06-13,1262
00946,群益科技高息成長,11,0,11,宏遠-桃園,2024-06-13,1262
2467,志聖,11,0,11,宏遠-桃園,2024-06-13,1262
2867,三商壽,25,14,11,宏遠-桃園,2024-06-13,1262
8086,宏捷科,12,1,11,宏遠-桃園,2024-06-13,1262
00753L,中信中國50正2,10,0,10,宏遠-桃園,2024-06-13,1262
00680L,元大美債20正2,10,0,10,宏遠-桃園,2024-06-13,1262
1338,廣華-KY,10,0,10,宏遠-桃園,2024-06-13,1262
2312,金寶,30,20,10,宏遠-桃園,2024-06-13,1262
3078,僑威,10,0,10,宏遠-桃園,2024-06-13,1262
3540,曜越,10,0,10,宏遠-桃園,2024-06-13,1262
5512,力麒,10,0,10,宏遠-桃園,2024-06-13,1262
6125,廣運,30,20,10,宏遠-桃園,2024-06-13,1262
9105,泰金寶-DR,20,10,10,宏遠-桃園,2024-06-13,1262
00948B,中信優息投資級債,79,0,79,宏遠-桃園,2024-06-14,1262
2501,國建,101,35,66,宏遠-桃園,2024-06-14,1262
00637L,元大滬深300正2,68,4,64,宏遠-桃園,2024-06-14,1262
0056,元大高股息,60,0,60,宏遠-桃園,2024-06-14,1262
2331,精英,42,2,40,宏遠-桃園,2024-06-14,1262
3390,旭軟,40,0,40,宏遠-桃園,2024-06-14,1262
00919,群益台灣精選高息,59,20,39,宏遠-桃園,2024-06-14,1262
00632R,元大台灣50反1,35,0,35,宏遠-桃園,2024-06-14,1262
2316,楠梓電,30,0,30,宏遠-桃園,2024-06-14,1262
2883,凱基金,30,0,30,宏遠-桃園,2024-06-14,1262
3297,杭特,30,0,30,宏遠-桃園,2024-06-14,1262
5210,寶碩,30,0,30,宏遠-桃園,2024-06-14,1262
8028,昇陽半導體,41,13,28,宏遠-桃園,2024-06-14,1262
2537,聯上發,33,6,27,宏遠-桃園,2024-06-14,1262
9927,泰銘,27,0,27,宏遠-桃園,2024-06-14,1262
2476,鉅祥,26,0,26,宏遠-桃園,2024-06-14,1262
5371,中光電,28,5,23,宏遠-桃園,2024-06-14,1262
2634,漢翔,22,0,22,宏遠-桃園,2024-06-14,1262
2371,大同,34,13,21,宏遠-桃園,2024-06-14,1262
0050,元大台灣50,21,0,21,宏遠-桃園,2024-06-14,1262
00665L,富邦�琤肭磪囓�2,20,0,20,宏遠-桃園,2024-06-14,1262
2462,良得電,20,0,20,宏遠-桃園,2024-06-14,1262
4952,凌通,20,0,20,宏遠-桃園,2024-06-14,1262
4976,佳凌,20,0,20,宏遠-桃園,2024-06-14,1262
6425,易發,20,0,20,宏遠-桃園,2024-06-14,1262
6015,宏遠證,16,0,16,宏遠-桃園,2024-06-14,1262
3535,晶彩科,15,1,14,宏遠-桃園,2024-06-14,1262
00940,元大台灣價值高息,14,1,13,宏遠-桃園,2024-06-14,1262
1785,光洋科,15,2,13,宏遠-桃園,2024-06-14,1262
3266,昇陽,13,0,13,宏遠-桃園,2024-06-14,1262
1503,士電,16,5,11,宏遠-桃園,2024-06-14,1262
2392,正崴,24,13,11,宏遠-桃園,2024-06-14,1262
00679B,元大美債20年,13,3,10,宏遠-桃園,2024-06-14,1262
1570,力肯,81,71,10,宏遠-桃園,2024-06-14,1262
2201,裕隆,10,0,10,宏遠-桃園,2024-06-14,1262
2349,錸德,10,0,10,宏遠-桃園,2024-06-14,1262
3339,泰谷,10,0,10,宏遠-桃園,2024-06-14,1262
3652,精聯,10,0,10,宏遠-桃園,2024-06-14,1262
4977,眾達-KY,10,0,10,宏遠-桃園,2024-06-14,1262
5356,協益,10,0,10,宏遠-桃園,2024-06-14,1262
3006,晶豪科,9,0,9,宏遠-桃園,2024-06-14,1262
00688L,國泰20年美債正2,9,0,9,宏遠-桃園,2024-06-14,1262
3011,今皓,9,0,9,宏遠-桃園,2024-06-14,1262
6139,亞翔,12,3,9,宏遠-桃園,2024-06-14,1262
6163,華電網,13,4,9,宏遠-桃園,2024-06-14,1262
1609,大亞,36,27,9,宏遠-桃園,2024-06-14,1262
2002,中鋼,8,0,8,宏遠-桃園,2024-06-14,1262
4956,光鋐,8,0,8,宏遠-桃園,2024-06-14,1262
6104,創惟,9,1,8,宏遠-桃園,2024-06-14,1262
6890,來億-KY,9,1,8,宏遠-桃園,2024-06-14,1262
00687B,國泰20年美債,157,0,157,宏遠-桃園,2024-06-17,1262
00712,復華富時不動產,93,0,93,宏遠-桃園,2024-06-17,1262
00948B,中信優息投資級債,68,0,68,宏遠-桃園,2024-06-17,1262
9105,泰金寶-DR,70,3,67,宏遠-桃園,2024-06-17,1262
2867,三商壽,59,0,59,宏遠-桃園,2024-06-17,1262
1314,中石化,50,0,50,宏遠-桃園,2024-06-17,1262
2613,中櫃,150,100,50,宏遠-桃園,2024-06-17,1262
2331,精英,52,3,49,宏遠-桃園,2024-06-17,1262
2328,廣宇,49,2,47,宏遠-桃園,2024-06-17,1262
2515,中工,41,0,41,宏遠-桃園,2024-06-17,1262
2371,大同,76,36,40,宏遠-桃園,2024-06-17,1262
2883,凱基金,40,2,38,宏遠-桃園,2024-06-17,1262
2007,燁興,35,0,35,宏遠-桃園,2024-06-17,1262
00918,大華優利高填息30,30,0,30,宏遠-桃園,2024-06-17,1262
2323,中環,30,1,29,宏遠-桃園,2024-06-17,1262
5443,均豪,31,2,29,宏遠-桃園,2024-06-17,1262
2906,高林,27,0,27,宏遠-桃園,2024-06-17,1262
00881,國泰台灣5G+,28,3,25,宏遠-桃園,2024-06-17,1262
3228,金麗科,23,0,23,宏遠-桃園,2024-06-17,1262
00638R,元大滬深300反1,22,0,22,宏遠-桃園,2024-06-17,1262
4919,新唐,22,0,22,宏遠-桃園,2024-06-17,1262
00933B,國泰10Y+金融債,20,0,20,宏遠-桃園,2024-06-17,1262
2049,上銀,20,0,20,宏遠-桃園,2024-06-17,1262
5302,太欣,20,0,20,宏遠-桃園,2024-06-17,1262
8234,新漢,39,19,20,宏遠-桃園,2024-06-17,1262
2547,日勝生,18,0,18,宏遠-桃園,2024-06-17,1262
2363,矽統,26,8,18,宏遠-桃園,2024-06-17,1262
1618,合機,39,22,17,宏遠-桃園,2024-06-17,1262
6585,鼎基,16,0,16,宏遠-桃園,2024-06-17,1262
9927,泰銘,13,0,13,宏遠-桃園,2024-06-17,1262
1570,力肯,12,0,12,宏遠-桃園,2024-06-17,1262
2609,陽明,46,34,12,宏遠-桃園,2024-06-17,1262
2537,聯上發,13,2,11,宏遠-桃園,2024-06-17,1262
2913,農林,11,0,11,宏遠-桃園,2024-06-17,1262
1734,杏輝,10,0,10,宏遠-桃園,2024-06-17,1262
2538,基泰,10,0,10,宏遠-桃園,2024-06-17,1262
3356,奇偶,10,0,10,宏遠-桃園,2024-06-17,1262
3576,聯合再生,10,0,10,宏遠-桃園,2024-06-17,1262
6209,今國光,10,0,10,宏遠-桃園,2024-06-17,1262
6443,元晶,10,0,10,宏遠-桃園,2024-06-17,1262
00915,凱基優選高股息30,9,0,9,宏遠-桃園,2024-06-17,1262
1608,華榮,34,25,9,宏遠-桃園,2024-06-17,1262
1611,中電,17,8,9,宏遠-桃園,2024-06-17,1262
2464,盟立,17,8,9,宏遠-桃園,2024-06-17,1262
6505,台塑化,9,0,9,宏遠-桃園,2024-06-17,1262
6684,安格,16,7,9,宏遠-桃園,2024-06-17,1262
00650L,復華香港正2,24,16,8,宏遠-桃園,2024-06-17,1262
2425,承啟,8,0,8,宏遠-桃園,2024-06-17,1262
2543,皇昌,8,0,8,宏遠-桃園,2024-06-17,1262
3011,今皓,8,0,8,宏遠-桃園,2024-06-17,1262
00665L,富邦�琤肭磪囓�2,780,480,300,宏遠-桃園,2024-06-18,1262
00687B,國泰20年美債,242,0,242,宏遠-桃園,2024-06-18,1262
00929,復華台灣科技優息,200,3,197,宏遠-桃園,2024-06-18,1262
4306,炎洲,100,0,100,宏遠-桃園,2024-06-18,1262
00712,復華富時不動產,90,5,85,宏遠-桃園,2024-06-18,1262
00948B,中信優息投資級債,74,0,74,宏遠-桃園,2024-06-18,1262
00936,台新永續高息中小,83,12,71,宏遠-桃園,2024-06-18,1262
911608,明輝-DR,68,0,68,宏遠-桃園,2024-06-18,1262
00632R,元大台灣50反1,60,0,60,宏遠-桃園,2024-06-18,1262
8096,擎亞,103,43,60,宏遠-桃園,2024-06-18,1262
9958,世紀鋼,44,1,43,宏遠-桃園,2024-06-18,1262
3622,洋華,130,90,40,宏遠-桃園,2024-06-18,1262
3287,廣寰科,41,3,38,宏遠-桃園,2024-06-18,1262
4976,佳凌,33,1,32,宏遠-桃園,2024-06-18,1262
2317,鴻海,39,9,30,宏遠-桃園,2024-06-18,1262
1802,台玻,34,8,26,宏遠-桃園,2024-06-18,1262
2353,宏��,23,0,23,宏遠-桃園,2024-06-18,1262
4562,穎漢,32,9,23,宏遠-桃園,2024-06-18,1262
6207,雷科,23,1,22,宏遠-桃園,2024-06-18,1262
00940,元大台灣價值高息,28,7,21,宏遠-桃園,2024-06-18,1262
1591,駿吉-KY,20,0,20,宏遠-桃園,2024-06-18,1262
2915,潤泰全,20,0,20,宏遠-桃園,2024-06-18,1262
8473,山林水,20,0,20,宏遠-桃園,2024-06-18,1262
3390,旭軟,20,2,18,宏遠-桃園,2024-06-18,1262
2615,萬海,47,30,17,宏遠-桃園,2024-06-18,1262
00915,凱基優選高股息30,22,5,17,宏遠-桃園,2024-06-18,1262
2316,楠梓電,16,1,15,宏遠-桃園,2024-06-18,1262
2392,正崴,28,13,15,宏遠-桃園,2024-06-18,1262
00673R,期元大S＆P原油反1,14,0,14,宏遠-桃園,2024-06-18,1262
1504,東元,13,0,13,宏遠-桃園,2024-06-18,1262
2543,皇昌,13,0,13,宏遠-桃園,2024-06-18,1262
5356,協益,13,0,13,宏遠-桃園,2024-06-18,1262
6684,安格,18,5,13,宏遠-桃園,2024-06-18,1262
3481,群創,13,0,13,宏遠-桃園,2024-06-18,1262
6461,益得,12,0,12,宏遠-桃園,2024-06-18,1262
6449,鈺邦,12,0,12,宏遠-桃園,2024-06-18,1262
6462,神盾,11,0,11,宏遠-桃園,2024-06-18,1262
00679B,元大美債20年,18,8,10,宏遠-桃園,2024-06-18,1262
2354,鴻準,14,4,10,宏遠-桃園,2024-06-18,1262
00764B,群益25年美債,10,0,10,宏遠-桃園,2024-06-18,1262
2049,上銀,10,0,10,宏遠-桃園,2024-06-18,1262
2462,良得電,10,0,10,宏遠-桃園,2024-06-18,1262
2515,中工,10,0,10,宏遠-桃園,2024-06-18,1262
2906,高林,10,0,10,宏遠-桃園,2024-06-18,1262
5230,雷笛克光學,10,0,10,宏遠-桃園,2024-06-18,1262
5871,中租-KY,10,0,10,宏遠-桃園,2024-06-18,1262
6191,精成科,10,0,10,宏遠-桃園,2024-06-18,1262
6414,樺漢,10,0,10,宏遠-桃園,2024-06-18,1262
6695,芯鼎,10,0,10,宏遠-桃園,2024-06-18,1262
911868,同方友友-DR,10,0,10,宏遠-桃園,2024-06-18,1262
5521,工信,150,0,150,宏遠-桃園,2024-06-19,1262
00687B,國泰20年美債,152,11,141,宏遠-桃園,2024-06-19,1262
00712,復華富時不動產,130,0,130,宏遠-桃園,2024-06-19,1262
3062,建漢,145,16,129,宏遠-桃園,2024-06-19,1262
00632R,元大台灣50反1,115,22,93,宏遠-桃園,2024-06-19,1262
6015,宏遠證,87,11,76,宏遠-桃園,2024-06-19,1262
00679B,元大美債20年,60,3,57,宏遠-桃園,2024-06-19,1262
00936,台新永續高息中小,56,0,56,宏遠-桃園,2024-06-19,1262
00664R,國泰臺灣加權反1,71,19,52,宏遠-桃園,2024-06-19,1262
6152,百一,41,0,41,宏遠-桃園,2024-06-19,1262
2344,華邦電,80,41,39,宏遠-桃園,2024-06-19,1262
2371,大同,39,1,38,宏遠-桃園,2024-06-19,1262
2337,旺宏,35,0,35,宏遠-桃園,2024-06-19,1262
5871,中租-KY,33,0,33,宏遠-桃園,2024-06-19,1262
4956,光鋐,31,0,31,宏遠-桃園,2024-06-19,1262
9945,潤泰新,43,12,31,宏遠-桃園,2024-06-19,1262
2867,三商壽,30,1,29,宏遠-桃園,2024-06-19,1262
8277,商丞,30,2,28,宏遠-桃園,2024-06-19,1262
00923,群益台ESG低碳50,26,0,26,宏遠-桃園,2024-06-19,1262
6695,芯鼎,26,0,26,宏遠-桃園,2024-06-19,1262
5351,鈺創,25,0,25,宏遠-桃園,2024-06-19,1262
5483,中美晶,24,0,24,宏遠-桃園,2024-06-19,1262
2476,鉅祥,22,0,22,宏遠-桃園,2024-06-19,1262
4562,穎漢,30,8,22,宏遠-桃園,2024-06-19,1262
2201,裕隆,21,0,21,宏遠-桃園,2024-06-19,1262
6706,惠特,21,0,21,宏遠-桃園,2024-06-19,1262
1440,南紡,20,0,20,宏遠-桃園,2024-06-19,1262
2049,上銀,20,0,20,宏遠-桃園,2024-06-19,1262
2537,聯上發,20,0,20,宏遠-桃園,2024-06-19,1262
6227,茂綸,20,0,20,宏遠-桃園,2024-06-19,1262
9904,寶成,20,0,20,宏遠-桃園,2024-06-19,1262
2816,旺旺保,20,1,19,宏遠-桃園,2024-06-19,1262
2913,農林,20,1,19,宏遠-桃園,2024-06-19,1262
1618,合機,19,2,17,宏遠-桃園,2024-06-19,1262
2489,瑞軒,17,0,17,宏遠-桃園,2024-06-19,1262
00885,富邦越南,14,0,14,宏遠-桃園,2024-06-19,1262
3551,世禾,15,1,14,宏遠-桃園,2024-06-19,1262
6239,力成,15,1,14,宏遠-桃園,2024-06-19,1262
6674,鋐寶科技,14,0,14,宏遠-桃園,2024-06-19,1262
00895,富邦未來車,13,0,13,宏遠-桃園,2024-06-19,1262
2609,陽明,30,17,13,宏遠-桃園,2024-06-19,1262
3006,晶豪科,16,4,12,宏遠-桃園,2024-06-19,1262
3450,聯鈞,56,44,12,宏遠-桃園,2024-06-19,1262
8438,昶昕,12,0,12,宏遠-桃園,2024-06-19,1262
6742,澤米,15,4,11,宏遠-桃園,2024-06-19,1262
1609,大亞,10,0,10,宏遠-桃園,2024-06-19,1262
00637L,元大滬深300正2,13,3,10,宏遠-桃園,2024-06-19,1262
1563,巧新,10,0,10,宏遠-桃園,2024-06-19,1262
1815,富喬,20,10,10,宏遠-桃園,2024-06-19,1262
4958,臻鼎-KY,14,4,10,宏遠-桃園,2024-06-19,1262
6015,宏遠證,175,0,175,宏遠-桃園,2024-06-20,1262
00637L,元大滬深300正2,171,12,159,宏遠-桃園,2024-06-20,1262
00937B,群益ESG投等債20,138,0,138,宏遠-桃園,2024-06-20,1262
4306,炎洲,142,4,138,宏遠-桃園,2024-06-20,1262
00632R,元大台灣50反1,139,15,124,宏遠-桃園,2024-06-20,1262
2438,翔耀,111,2,109,宏遠-桃園,2024-06-20,1262
2007,燁興,101,0,101,宏遠-桃園,2024-06-20,1262
4967,十銓,73,5,68,宏遠-桃園,2024-06-20,1262
00712,復華富時不動產,50,0,50,宏遠-桃園,2024-06-20,1262
00936,台新永續高息中小,48,0,48,宏遠-桃園,2024-06-20,1262
3715,定穎投控,35,2,33,宏遠-桃園,2024-06-20,1262
3260,威剛,32,2,30,宏遠-桃園,2024-06-20,1262
00948B,中信優息投資級債,24,1,23,宏遠-桃園,2024-06-20,1262
00751B,元大AAA至A公司債,23,0,23,宏遠-桃園,2024-06-20,1262
2353,宏��,24,2,22,宏遠-桃園,2024-06-20,1262
2610,華航,23,2,21,宏遠-桃園,2024-06-20,1262
00664R,國泰臺灣加權反1,20,0,20,宏遠-桃園,2024-06-20,1262
6235,華孚,20,1,19,宏遠-桃園,2024-06-20,1262
6275,元山,19,0,19,宏遠-桃園,2024-06-20,1262
2408,南亞科,26,8,18,宏遠-桃園,2024-06-20,1262
2467,志聖,20,2,18,宏遠-桃園,2024-06-20,1262
2615,萬海,51,34,17,宏遠-桃園,2024-06-20,1262
6170,統振,17,0,17,宏遠-桃園,2024-06-20,1262
00687B,國泰20年美債,16,0,16,宏遠-桃園,2024-06-20,1262
1325,恆大,16,0,16,宏遠-桃園,2024-06-20,1262
3044,健鼎,15,0,15,宏遠-桃園,2024-06-20,1262
3231,緯創,24,9,15,宏遠-桃園,2024-06-20,1262
00940,元大台灣價值高息,18,3,15,宏遠-桃園,2024-06-20,1262
00679B,元大美債20年,34,20,14,宏遠-桃園,2024-06-20,1262
8096,擎亞,24,11,13,宏遠-桃園,2024-06-20,1262
00720B,元大投資級公司債,12,0,12,宏遠-桃園,2024-06-20,1262
2491,吉祥全,13,1,12,宏遠-桃園,2024-06-20,1262
00885,富邦越南,11,0,11,宏遠-桃園,2024-06-20,1262
2374,佳能,11,0,11,宏遠-桃園,2024-06-20,1262
00764B,群益25年美債,10,0,10,宏遠-桃園,2024-06-20,1262
00753L,中信中國50正2,10,0,10,宏遠-桃園,2024-06-20,1262
2476,鉅祥,11,1,10,宏遠-桃園,2024-06-20,1262
3234,光環,10,0,10,宏遠-桃園,2024-06-20,1262
5302,太欣,10,0,10,宏遠-桃園,2024-06-20,1262
6163,華電網,10,0,10,宏遠-桃園,2024-06-20,1262
6209,今國光,10,0,10,宏遠-桃園,2024-06-20,1262
6770,力積電,21,11,10,宏遠-桃園,2024-06-20,1262
2515,中工,11,2,9,宏遠-桃園,2024-06-20,1262
4726,永昕,9,0,9,宏遠-桃園,2024-06-20,1262
6239,力成,24,15,9,宏遠-桃園,2024-06-20,1262
2913,農林,11,3,8,宏遠-桃園,2024-06-20,1262
5009,榮剛,8,0,8,宏遠-桃園,2024-06-20,1262
3163,波若威,27,19,8,宏遠-桃園,2024-06-20,1262
1529,樂事綠能,10,3,7,宏遠-桃園,2024-06-20,1262
9946,三發地產,7,0,7,宏遠-桃園,2024-06-20,1262
8105,凌巨,341,12,329,宏遠-桃園,2024-06-21,1262
00665L,富邦�琤肭磪囓�2,425,260,165,宏遠-桃園,2024-06-21,1262
00934,中信成長高股息,103,0,103,宏遠-桃園,2024-06-21,1262
6015,宏遠證,100,1,99,宏遠-桃園,2024-06-21,1262
00936,台新永續高息中小,84,0,84,宏遠-桃園,2024-06-21,1262
00937B,群益ESG投等債20,73,0,73,宏遠-桃園,2024-06-21,1262
1718,中纖,70,0,70,宏遠-桃園,2024-06-21,1262
2409,友達,85,26,59,宏遠-桃園,2024-06-21,1262
00948B,中信優息投資級債,52,0,52,宏遠-桃園,2024-06-21,1262
4909,新復興,46,3,43,宏遠-桃園,2024-06-21,1262
6425,易發,40,0,40,宏遠-桃園,2024-06-21,1262
2609,陽明,71,41,30,宏遠-桃園,2024-06-21,1262
2462,良得電,30,0,30,宏遠-桃園,2024-06-21,1262
2888,新光金,52,22,30,宏遠-桃園,2024-06-21,1262
4956,光鋐,29,1,28,宏遠-桃園,2024-06-21,1262
00751B,元大AAA至A公司債,24,1,23,宏遠-桃園,2024-06-21,1262
2867,三商壽,18,0,18,宏遠-桃園,2024-06-21,1262
2492,華新科,17,0,17,宏遠-桃園,2024-06-21,1262
2363,矽統,17,1,16,宏遠-桃園,2024-06-21,1262
3588,通嘉,16,1,15,宏遠-桃園,2024-06-21,1262
4526,東台,54,39,15,宏遠-桃園,2024-06-21,1262
6284,佳邦,25,11,14,宏遠-桃園,2024-06-21,1262
3338,泰碩,11,0,11,宏遠-桃園,2024-06-21,1262
3062,建漢,18,7,11,宏遠-桃園,2024-06-21,1262
3703,欣陸,11,0,11,宏遠-桃園,2024-06-21,1262
9946,三發地產,11,0,11,宏遠-桃園,2024-06-21,1262
00679B,元大美債20年,17,7,10,宏遠-桃園,2024-06-21,1262
00712,復華富時不動產,10,0,10,宏遠-桃園,2024-06-21,1262
2324,仁寶,10,0,10,宏遠-桃園,2024-06-21,1262
2438,翔耀,12,2,10,宏遠-桃園,2024-06-21,1262
2892,第一金,10,0,10,宏遠-桃園,2024-06-21,1262
3163,波若威,13,3,10,宏遠-桃園,2024-06-21,1262
6163,華電網,10,0,10,宏遠-桃園,2024-06-21,1262
2476,鉅祥,10,0,10,宏遠-桃園,2024-06-21,1262
6116,彩晶,36,27,9,宏遠-桃園,2024-06-21,1262
2534,宏盛,8,0,8,宏遠-桃園,2024-06-21,1262
4958,臻鼎-KY,8,0,8,宏遠-桃園,2024-06-21,1262
9927,泰銘,8,0,8,宏遠-桃園,2024-06-21,1262
6239,力成,7,0,7,宏遠-桃園,2024-06-21,1262
00940,元大台灣價值高息,7,0,7,宏遠-桃園,2024-06-21,1262
1532,勤美,7,0,7,宏遠-桃園,2024-06-21,1262
8440,綠電,7,0,7,宏遠-桃園,2024-06-21,1262
1301,台塑,6,0,6,宏遠-桃園,2024-06-21,1262
6139,亞翔,6,0,6,宏遠-桃園,2024-06-21,1262
00720B,元大投資級公司債,6,0,6,宏遠-桃園,2024-06-21,1262
1611,中電,12,6,6,宏遠-桃園,2024-06-21,1262
2301,光寶科,11,5,6,宏遠-桃園,2024-06-21,1262
2412,中華電,6,0,6,宏遠-桃園,2024-06-21,1262
2495,普安,6,0,6,宏遠-桃園,2024-06-21,1262
3006,晶豪科,7,1,6,宏遠-桃園,2024-06-21,1262
3481,群創,488,22,466,宏遠-桃園,2024-06-24,1262
3062,建漢,133,15,118,宏遠-桃園,2024-06-24,1262
6695,芯鼎,96,5,91,宏遠-桃園,2024-06-24,1262
9927,泰銘,69,0,69,宏遠-桃園,2024-06-24,1262
00929,復華台灣科技優息,71,10,61,宏遠-桃園,2024-06-24,1262
00919,群益台灣精選高息,71,19,52,宏遠-桃園,2024-06-24,1262
2344,華邦電,46,2,44,宏遠-桃園,2024-06-24,1262
2462,良得電,43,0,43,宏遠-桃園,2024-06-24,1262
00946,群益科技高息成長,42,0,42,宏遠-桃園,2024-06-24,1262
1618,合機,43,1,42,宏遠-桃園,2024-06-24,1262
2438,翔耀,43,10,33,宏遠-桃園,2024-06-24,1262
00936,台新永續高息中小,70,40,30,宏遠-桃園,2024-06-24,1262
6270,倍微,33,3,30,宏遠-桃園,2024-06-24,1262
2515,中工,30,1,29,宏遠-桃園,2024-06-24,1262
00638R,元大滬深300反1,28,0,28,宏遠-桃園,2024-06-24,1262
6841,長佳智能,27,0,27,宏遠-桃園,2024-06-24,1262
00934,中信成長高股息,33,11,22,宏遠-桃園,2024-06-24,1262
0050,元大台灣50,22,0,22,宏遠-桃園,2024-06-24,1262
00650L,復華香港正2,37,16,21,宏遠-桃園,2024-06-24,1262
00927,群益半導體收益,21,0,21,宏遠-桃園,2024-06-24,1262
00937B,群益ESG投等債20,20,0,20,宏遠-桃園,2024-06-24,1262
3390,旭軟,20,0,20,宏遠-桃園,2024-06-24,1262
9941,裕融,19,0,19,宏遠-桃園,2024-06-24,1262
2303,聯電,70,51,19,宏遠-桃園,2024-06-24,1262
3163,波若威,30,11,19,宏遠-桃園,2024-06-24,1262
3231,緯創,22,4,18,宏遠-桃園,2024-06-24,1262
1785,光洋科,51,34,17,宏遠-桃園,2024-06-24,1262
8064,東捷,22,6,16,宏遠-桃園,2024-06-24,1262
00922,國泰台灣領袖50,15,0,15,宏遠-桃園,2024-06-24,1262
00751B,元大AAA至A公司債,15,0,15,宏遠-桃園,2024-06-24,1262
00948B,中信優息投資級債,15,0,15,宏遠-桃園,2024-06-24,1262
2491,吉祥全,15,0,15,宏遠-桃園,2024-06-24,1262
3029,零壹,15,0,15,宏遠-桃園,2024-06-24,1262
6207,雷科,15,0,15,宏遠-桃園,2024-06-24,1262
9946,三發地產,16,1,15,宏遠-桃園,2024-06-24,1262
00631L,元大台灣50正2,15,0,15,宏遠-桃園,2024-06-24,1262
00940,元大台灣價值高息,14,0,14,宏遠-桃園,2024-06-24,1262
4908,前鼎,14,0,14,宏遠-桃園,2024-06-24,1262
2353,宏��,14,1,13,宏遠-桃園,2024-06-24,1262
6282,康舒,15,2,13,宏遠-桃園,2024-06-24,1262
3025,星通,19,7,12,宏遠-桃園,2024-06-24,1262
00706L,期元大S＆P日圓正2,11,0,11,宏遠-桃園,2024-06-24,1262
5425,台半,11,0,11,宏遠-桃園,2024-06-24,1262
8076,伍豐,11,0,11,宏遠-桃園,2024-06-24,1262
6176,瑞儀,11,0,11,宏遠-桃園,2024-06-24,1262
5871,中租-KY,10,0,10,宏遠-桃園,2024-06-24,1262
2476,鉅祥,10,0,10,宏遠-桃園,2024-06-24,1262
2607,榮運,10,0,10,宏遠-桃園,2024-06-24,1262
2611,志信,10,0,10,宏遠-桃園,2024-06-24,1262
2913,農林,10,0,10,宏遠-桃園,2024-06-24,1262
00937B,群益ESG投等債20,111,6,105,宏遠-桃園,2024-06-25,1262
2303,聯電,140,41,99,宏遠-桃園,2024-06-25,1262
00919,群益台灣精選高息,83,0,83,宏遠-桃園,2024-06-25,1262
00929,復華台灣科技優息,73,6,67,宏遠-桃園,2024-06-25,1262
2542,興富發,58,0,58,宏遠-桃園,2024-06-25,1262
2438,翔耀,61,6,55,宏遠-桃園,2024-06-25,1262
1785,光洋科,246,195,51,宏遠-桃園,2024-06-25,1262
6425,易發,41,0,41,宏遠-桃園,2024-06-25,1262
6530,創威,40,0,40,宏遠-桃園,2024-06-25,1262
00946,群益科技高息成長,35,0,35,宏遠-桃園,2024-06-25,1262
8426,紅木-KY,32,0,32,宏遠-桃園,2024-06-25,1262
1611,中電,35,6,29,宏遠-桃園,2024-06-25,1262
3025,星通,37,9,28,宏遠-桃園,2024-06-25,1262
3481,群創,93,67,26,宏遠-桃園,2024-06-25,1262
2897,王道銀行,25,0,25,宏遠-桃園,2024-06-25,1262
00885,富邦越南,24,0,24,宏遠-桃園,2024-06-25,1262
1301,台塑,24,0,24,宏遠-桃園,2024-06-25,1262
00927,群益半導體收益,22,0,22,宏遠-桃園,2024-06-25,1262
1603,華電,22,0,22,宏遠-桃園,2024-06-25,1262
2419,仲琦,20,0,20,宏遠-桃園,2024-06-25,1262
1570,力肯,21,1,20,宏遠-桃園,2024-06-25,1262
2439,美律,20,0,20,宏遠-桃園,2024-06-25,1262
3576,聯合再生,20,0,20,宏遠-桃園,2024-06-25,1262
3390,旭軟,20,1,19,宏遠-桃園,2024-06-25,1262
9941,裕融,19,0,19,宏遠-桃園,2024-06-25,1262
4956,光鋐,18,0,18,宏遠-桃園,2024-06-25,1262
5871,中租-KY,15,0,15,宏遠-桃園,2024-06-25,1262
4938,和碩,15,0,15,宏遠-桃園,2024-06-25,1262
9946,三發地產,17,2,15,宏遠-桃園,2024-06-25,1262
3093,港建*,12,0,12,宏遠-桃園,2024-06-25,1262
0050,元大台灣50,11,0,11,宏遠-桃園,2024-06-25,1262
2344,華邦電,11,0,11,宏遠-桃園,2024-06-25,1262
2374,佳能,11,0,11,宏遠-桃園,2024-06-25,1262
2327,國巨,10,0,10,宏遠-桃園,2024-06-25,1262
2330,台積電,15,5,10,宏遠-桃園,2024-06-25,1262
2801,彰銀,10,0,10,宏遠-桃園,2024-06-25,1262
6414,樺漢,10,0,10,宏遠-桃園,2024-06-25,1262
6514,芮特-KY,10,0,10,宏遠-桃園,2024-06-25,1262
2382,廣達,18,9,9,宏遠-桃園,2024-06-25,1262
2324,仁寶,9,0,9,宏遠-桃園,2024-06-25,1262
3508,位速,10,1,9,宏遠-桃園,2024-06-25,1262
00637L,元大滬深300正2,8,0,8,宏遠-桃園,2024-06-25,1262
1312,國喬,10,2,8,宏遠-桃園,2024-06-25,1262
2409,友達,9,1,8,宏遠-桃園,2024-06-25,1262
1815,富喬,17,10,7,宏遠-桃園,2024-06-25,1262
2377,微星,12,5,7,宏遠-桃園,2024-06-25,1262
00631L,元大台灣50正2,7,0,7,宏遠-桃園,2024-06-25,1262
00673R,期元大S＆P原油反1,6,0,6,宏遠-桃園,2024-06-25,1262
00638R,元大滬深300反1,6,0,6,宏遠-桃園,2024-06-25,1262
2880,華南金,6,0,6,宏遠-桃園,2024-06-25,1262
6152,百一,95,1,94,宏遠-桃園,2024-06-26,1262
00637L,元大滬深300正2,75,0,75,宏遠-桃園,2024-06-26,1262
6695,芯鼎,90,20,70,宏遠-桃園,2024-06-26,1262
912000,晨訊科-DR,68,1,67,宏遠-桃園,2024-06-26,1262
1709,和益,62,1,61,宏遠-桃園,2024-06-26,1262
6668,中揚光,44,0,44,宏遠-桃園,2024-06-26,1262
2883B,凱基金乙特,40,0,40,宏遠-桃園,2024-06-26,1262
6139,亞翔,45,10,35,宏遠-桃園,2024-06-26,1262
00636,國泰中國A50,30,0,30,宏遠-桃園,2024-06-26,1262
2409,友達,35,6,29,宏遠-桃園,2024-06-26,1262
00632R,元大台灣50反1,28,0,28,宏遠-桃園,2024-06-26,1262
3372,典範,30,2,28,宏遠-桃園,2024-06-26,1262
00679B,元大美債20年,25,0,25,宏遠-桃園,2024-06-26,1262
3402,漢科,25,1,24,宏遠-桃園,2024-06-26,1262
3481,群創,39,15,24,宏遠-桃園,2024-06-26,1262
00631L,元大台灣50正2,22,0,22,宏遠-桃園,2024-06-26,1262
2344,華邦電,20,0,20,宏遠-桃園,2024-06-26,1262
2453,凌群,20,1,19,宏遠-桃園,2024-06-26,1262
3042,晶技,20,1,19,宏遠-桃園,2024-06-26,1262
5371,中光電,22,5,17,宏遠-桃園,2024-06-26,1262
6282,康舒,16,0,16,宏遠-桃園,2024-06-26,1262
3691,碩禾,16,1,15,宏遠-桃園,2024-06-26,1262
5351,鈺創,14,0,14,宏遠-桃園,2024-06-26,1262
2002,中鋼,14,0,14,宏遠-桃園,2024-06-26,1262
4956,光鋐,13,0,13,宏遠-桃園,2024-06-26,1262
00937B,群益ESG投等債20,12,0,12,宏遠-桃園,2024-06-26,1262
2347,聯強,12,0,12,宏遠-桃園,2024-06-26,1262
8027,鈦昇,13,1,12,宏遠-桃園,2024-06-26,1262
00878,國泰永續高股息,11,0,11,宏遠-桃園,2024-06-26,1262
00919,群益台灣精選高息,12,1,11,宏遠-桃園,2024-06-26,1262
00764B,群益25年美債,10,0,10,宏遠-桃園,2024-06-26,1262
1319,東陽,10,0,10,宏遠-桃園,2024-06-26,1262
2352,佳世達,12,2,10,宏遠-桃園,2024-06-26,1262
2603,長榮,13,3,10,宏遠-桃園,2024-06-26,1262
6414,樺漢,10,0,10,宏遠-桃園,2024-06-26,1262
6684,安格,19,9,10,宏遠-桃園,2024-06-26,1262
2312,金寶,9,0,9,宏遠-桃園,2024-06-26,1262
2867,三商壽,9,0,9,宏遠-桃園,2024-06-26,1262
5210,寶碩,21,12,9,宏遠-桃園,2024-06-26,1262
6547,高端疫苗,14,5,9,宏遠-桃園,2024-06-26,1262
2892,第一金,10,2,8,宏遠-桃園,2024-06-26,1262
2609,陽明,14,6,8,宏遠-桃園,2024-06-26,1262
2371,大同,7,0,7,宏遠-桃園,2024-06-26,1262
2474,可成,9,3,6,宏遠-桃園,2024-06-26,1262
2206,三陽工業,8,2,6,宏遠-桃園,2024-06-26,1262
00940,元大台灣價值高息,8,2,6,宏遠-桃園,2024-06-26,1262
1301,台塑,9,3,6,宏遠-桃園,2024-06-26,1262
1303,南亞,6,0,6,宏遠-桃園,2024-06-26,1262
1781,合世,6,0,6,宏遠-桃園,2024-06-26,1262
2834,臺企銀,6,0,6,宏遠-桃園,2024-06-26,1262
00937B,群益ESG投等債20,145,0,145,宏遠-桃園,2024-06-27,1262
2906,高林,100,0,100,宏遠-桃園,2024-06-27,1262
3066,李洲,80,0,80,宏遠-桃園,2024-06-27,1262
5443,均豪,102,26,76,宏遠-桃園,2024-06-27,1262
3050,鈺德,82,7,75,宏遠-桃園,2024-06-27,1262
6695,芯鼎,60,0,60,宏遠-桃園,2024-06-27,1262
1522,堤維西,55,0,55,宏遠-桃園,2024-06-27,1262
1319,東陽,51,0,51,宏遠-桃園,2024-06-27,1262
5355,佳總,50,4,46,宏遠-桃園,2024-06-27,1262
00632R,元大台灣50反1,42,0,42,宏遠-桃園,2024-06-27,1262
00948B,中信優息投資級債,52,10,42,宏遠-桃園,2024-06-27,1262
4562,穎漢,41,0,41,宏遠-桃園,2024-06-27,1262
2419,仲琦,40,0,40,宏遠-桃園,2024-06-27,1262
00679B,元大美債20年,51,16,35,宏遠-桃園,2024-06-27,1262
00650L,復華香港正2,32,0,32,宏遠-桃園,2024-06-27,1262
2537,聯上發,31,0,31,宏遠-桃園,2024-06-27,1262
00720B,元大投資級公司債,30,1,29,宏遠-桃園,2024-06-27,1262
00751B,元大AAA至A公司債,26,0,26,宏遠-桃園,2024-06-27,1262
3481,群創,26,0,26,宏遠-桃園,2024-06-27,1262
9919,康那香,23,0,23,宏遠-桃園,2024-06-27,1262
00680L,元大美債20正2,21,0,21,宏遠-桃園,2024-06-27,1262
1603,華電,21,0,21,宏遠-桃園,2024-06-27,1262
5210,寶碩,24,3,21,宏遠-桃園,2024-06-27,1262
00636,國泰中國A50,20,0,20,宏遠-桃園,2024-06-27,1262
1440,南紡,20,0,20,宏遠-桃園,2024-06-27,1262
1524,耿鼎,20,0,20,宏遠-桃園,2024-06-27,1262
2515,中工,21,1,20,宏遠-桃園,2024-06-27,1262
3047,訊舟,49,29,20,宏遠-桃園,2024-06-27,1262
5351,鈺創,20,0,20,宏遠-桃園,2024-06-27,1262
3010,華立,19,0,19,宏遠-桃園,2024-06-27,1262
1471,首利,16,0,16,宏遠-桃園,2024-06-27,1262
2462,良得電,16,0,16,宏遠-桃園,2024-06-27,1262
8110,華東,24,9,15,宏遠-桃園,2024-06-27,1262
5871,中租-KY,17,2,15,宏遠-桃園,2024-06-27,1262
00936,台新永續高息中小,15,2,13,宏遠-桃園,2024-06-27,1262
3483,力致,17,5,12,宏遠-桃園,2024-06-27,1262
1516,川飛,12,0,12,宏遠-桃園,2024-06-27,1262
3581,博磊,73,61,12,宏遠-桃園,2024-06-27,1262
4129,聯合,14,2,12,宏遠-桃園,2024-06-27,1262
2317,鴻海,23,11,12,宏遠-桃園,2024-06-27,1262
00915,凱基優選高股息30,11,0,11,宏遠-桃園,2024-06-27,1262
00929,復華台灣科技優息,12,1,11,宏遠-桃園,2024-06-27,1262
2329,華泰,11,0,11,宏遠-桃園,2024-06-27,1262
2476,鉅祥,11,0,11,宏遠-桃園,2024-06-27,1262
4721,美琪瑪,11,0,11,宏遠-桃園,2024-06-27,1262
6560,欣普羅,11,0,11,宏遠-桃園,2024-06-27,1262
8085,福華,20,9,11,宏遠-桃園,2024-06-27,1262
3231,緯創,11,1,10,宏遠-桃園,2024-06-27,1262
1447,力鵬,15,5,10,宏遠-桃園,2024-06-27,1262
2312,金寶,10,0,10,宏遠-桃園,2024-06-27,1262
00632R,元大台灣50反1,134,0,134,宏遠-桃園,2024-06-28,1262
6695,芯鼎,78,0,78,宏遠-桃園,2024-06-28,1262
912000,晨訊科-DR,64,0,64,宏遠-桃園,2024-06-28,1262
9136,巨騰-DR,50,2,48,宏遠-桃園,2024-06-28,1262
9958,世紀鋼,40,1,39,宏遠-桃園,2024-06-28,1262
2337,旺宏,33,0,33,宏遠-桃園,2024-06-28,1262
3481,群創,35,4,31,宏遠-桃園,2024-06-28,1262
1718,中纖,30,0,30,宏遠-桃園,2024-06-28,1262
00687B,國泰20年美債,28,0,28,宏遠-桃園,2024-06-28,1262
2610,華航,29,1,28,宏遠-桃園,2024-06-28,1262
2618,長榮航,29,1,28,宏遠-桃園,2024-06-28,1262
4967,十銓,28,0,28,宏遠-桃園,2024-06-28,1262
5864,致和證,25,0,25,宏遠-桃園,2024-06-28,1262
0056,元大高股息,40,16,24,宏遠-桃園,2024-06-28,1262
2354,鴻準,23,0,23,宏遠-桃園,2024-06-28,1262
2406,國碩,30,7,23,宏遠-桃園,2024-06-28,1262
6156,松上,23,0,23,宏遠-桃園,2024-06-28,1262
2301,光寶科,29,6,23,宏遠-桃園,2024-06-28,1262
3066,李洲,22,0,22,宏遠-桃園,2024-06-28,1262
00942B,台新美A公司債20+,20,0,20,宏遠-桃園,2024-06-28,1262
1570,力肯,21,1,20,宏遠-桃園,2024-06-28,1262
1806,冠軍,20,0,20,宏遠-桃園,2024-06-28,1262
8054,安國,20,0,20,宏遠-桃園,2024-06-28,1262
1714,和桐,19,0,19,宏遠-桃園,2024-06-28,1262
1784,訊聯,15,0,15,宏遠-桃園,2024-06-28,1262
00753L,中信中國50正2,115,101,14,宏遠-桃園,2024-06-28,1262
6514,芮特-KY,14,0,14,宏遠-桃園,2024-06-28,1262
00933B,國泰10Y+金融債,13,0,13,宏遠-桃園,2024-06-28,1262
3673,TPK-KY,13,0,13,宏遠-桃園,2024-06-28,1262
00937B,群益ESG投等債20,13,1,12,宏遠-桃園,2024-06-28,1262
00751B,元大AAA至A公司債,12,0,12,宏遠-桃園,2024-06-28,1262
1319,東陽,10,0,10,宏遠-桃園,2024-06-28,1262
1516,川飛,13,3,10,宏遠-桃園,2024-06-28,1262
2329,華泰,10,0,10,宏遠-桃園,2024-06-28,1262
2537,聯上發,10,0,10,宏遠-桃園,2024-06-28,1262
2882,國泰金,12,2,10,宏遠-桃園,2024-06-28,1262
2913,農林,10,0,10,宏遠-桃園,2024-06-28,1262
5230,雷笛克光學,11,1,10,宏遠-桃園,2024-06-28,1262
5371,中光電,14,4,10,宏遠-桃園,2024-06-28,1262
3047,訊舟,16,7,9,宏遠-桃園,2024-06-28,1262
9105,泰金寶-DR,9,0,9,宏遠-桃園,2024-06-28,1262
00680L,元大美債20正2,11,4,7,宏遠-桃園,2024-06-28,1262
2363,矽統,6,0,6,宏遠-桃園,2024-06-28,1262
00673R,期元大S＆P原油反1,6,0,6,宏遠-桃園,2024-06-28,1262
2347,聯強,6,0,6,宏遠-桃園,2024-06-28,1262
5871,中租-KY,7,1,6,宏遠-桃園,2024-06-28,1262
6770,力積電,6,0,6,宏遠-桃園,2024-06-28,1262
2501,國建,9,3,6,宏遠-桃園,2024-06-28,1262
2609,陽明,8,3,5,宏遠-桃園,2024-06-28,1262
00679B,元大美債20年,12,7,5,宏遠-桃園,2024-06-28,1262
00937B,群益ESG投等債20,114,0,114,宏遠-桃園,2024-07-01,1262
1570,力肯,93,1,92,宏遠-桃園,2024-07-01,1262
6026,福邦證,80,1,79,宏遠-桃園,2024-07-01,1262
4306,炎洲,65,0,65,宏遠-桃園,2024-07-01,1262
6753,龍德造船,46,0,46,宏遠-桃園,2024-07-01,1262
00795B,中信美國公債20年,45,2,43,宏遠-桃園,2024-07-01,1262
3499,環天科,50,7,43,宏遠-桃園,2024-07-01,1262
6156,松上,41,0,41,宏遠-桃園,2024-07-01,1262
2882,國泰金,41,1,40,宏遠-桃園,2024-07-01,1262
6695,芯鼎,40,0,40,宏遠-桃園,2024-07-01,1262
00680L,元大美債20正2,167,128,39,宏遠-桃園,2024-07-01,1262
00638R,元大滬深300反1,41,2,39,宏遠-桃園,2024-07-01,1262
4906,正文,36,0,36,宏遠-桃園,2024-07-01,1262
00885,富邦越南,34,0,34,宏遠-桃園,2024-07-01,1262
00933B,國泰10Y+金融債,31,0,31,宏遠-桃園,2024-07-01,1262
00637L,元大滬深300正2,36,5,31,宏遠-桃園,2024-07-01,1262
2329,華泰,31,0,31,宏遠-桃園,2024-07-01,1262
1522,堤維西,30,0,30,宏遠-桃園,2024-07-01,1262
1524,耿鼎,30,0,30,宏遠-桃園,2024-07-01,1262
2506,太設,30,0,30,宏遠-桃園,2024-07-01,1262
2349,錸德,31,2,29,宏遠-桃園,2024-07-01,1262
3312,弘憶股,73,44,29,宏遠-桃園,2024-07-01,1262
8085,福華,46,17,29,宏遠-桃園,2024-07-01,1262
4977,眾達-KY,28,0,28,宏遠-桃園,2024-07-01,1262
8050,廣積,27,0,27,宏遠-桃園,2024-07-01,1262
5432,新門,35,10,25,宏遠-桃園,2024-07-01,1262
2476,鉅祥,25,0,25,宏遠-桃園,2024-07-01,1262
00720B,元大投資級公司債,24,0,24,宏遠-桃園,2024-07-01,1262
00929,復華台灣科技優息,28,5,23,宏遠-桃園,2024-07-01,1262
00687B,國泰20年美債,22,0,22,宏遠-桃園,2024-07-01,1262
00948B,中信優息投資級債,22,0,22,宏遠-桃園,2024-07-01,1262
00751B,元大AAA至A公司債,22,0,22,宏遠-桃園,2024-07-01,1262
5522,遠雄,22,0,22,宏遠-桃園,2024-07-01,1262
9946,三發地產,23,1,22,宏遠-桃園,2024-07-01,1262
2337,旺宏,21,0,21,宏遠-桃園,2024-07-01,1262
1319,東陽,20,0,20,宏遠-桃園,2024-07-01,1262
1529,樂事綠能,20,0,20,宏遠-桃園,2024-07-01,1262
3530,晶相光,20,0,20,宏遠-桃園,2024-07-01,1262
3581,博磊,40,20,20,宏遠-桃園,2024-07-01,1262
5351,鈺創,20,0,20,宏遠-桃園,2024-07-01,1262
4545,銘鈺,28,9,19,宏遠-桃園,2024-07-01,1262
3050,鈺德,20,2,18,宏遠-桃園,2024-07-01,1262
6139,亞翔,20,3,17,宏遠-桃園,2024-07-01,1262
4720,德淵,13,0,13,宏遠-桃園,2024-07-01,1262
2313,華通,13,0,13,宏遠-桃園,2024-07-01,1262
6182,合晶,12,0,12,宏遠-桃園,2024-07-01,1262
2303,聯電,93,82,11,宏遠-桃園,2024-07-01,1262
00927,群益半導體收益,10,0,10,宏遠-桃園,2024-07-01,1262
00905,FT臺灣Smart,10,0,10,宏遠-桃園,2024-07-01,1262
1618,合機,10,0,10,宏遠-桃園,2024-07-01,1262
00934,中信成長高股息,262,0,262,宏遠-桃園,2024-07-02,1262
2303,聯電,174,18,156,宏遠-桃園,2024-07-02,1262
00942B,台新美A公司債20+,124,0,124,宏遠-桃園,2024-07-02,1262
00632R,元大台灣50反1,124,37,87,宏遠-桃園,2024-07-02,1262
00929,復華台灣科技優息,131,54,77,宏遠-桃園,2024-07-02,1262
00919,群益台灣精選高息,56,0,56,宏遠-桃園,2024-07-02,1262
00946,群益科技高息成長,50,0,50,宏遠-桃園,2024-07-02,1262
1522,堤維西,50,0,50,宏遠-桃園,2024-07-02,1262
8085,福華,88,39,49,宏遠-桃園,2024-07-02,1262
2329,華泰,52,4,48,宏遠-桃園,2024-07-02,1262
00631L,元大台灣50正2,42,0,42,宏遠-桃園,2024-07-02,1262
5351,鈺創,42,0,42,宏遠-桃園,2024-07-02,1262
00671R,富邦NASDAQ反1,40,0,40,宏遠-桃園,2024-07-02,1262
3059,華晶科,42,4,38,宏遠-桃園,2024-07-02,1262
00937B,群益ESG投等債20,41,5,36,宏遠-桃園,2024-07-02,1262
6532,瑞耘,30,0,30,宏遠-桃園,2024-07-02,1262
8104,錸寶,34,9,25,宏遠-桃園,2024-07-02,1262
6156,松上,24,0,24,宏遠-桃園,2024-07-02,1262
6125,廣運,30,7,23,宏遠-桃園,2024-07-02,1262
00940,元大台灣價值高息,21,0,21,宏遠-桃園,2024-07-02,1262
3312,弘憶股,56,35,21,宏遠-桃園,2024-07-02,1262
2913,農林,21,1,20,宏遠-桃園,2024-07-02,1262
6288,聯嘉,20,0,20,宏遠-桃園,2024-07-02,1262
3576,聯合再生,26,6,20,宏遠-桃園,2024-07-02,1262
6244,茂迪,19,2,17,宏遠-桃園,2024-07-02,1262
00900,富邦特選高股息30,15,0,15,宏遠-桃園,2024-07-02,1262
1784,訊聯,17,2,15,宏遠-桃園,2024-07-02,1262
2344,華邦電,15,0,15,宏遠-桃園,2024-07-02,1262
2438,翔耀,20,5,15,宏遠-桃園,2024-07-02,1262
2611,志信,15,0,15,宏遠-桃園,2024-07-02,1262
00687B,國泰20年美債,14,0,14,宏遠-桃園,2024-07-02,1262
00680L,元大美債20正2,14,0,14,宏遠-桃園,2024-07-02,1262
00679B,元大美債20年,19,6,13,宏遠-桃園,2024-07-02,1262
1516,川飛,14,1,13,宏遠-桃園,2024-07-02,1262
2317,鴻海,30,17,13,宏遠-桃園,2024-07-02,1262
00948B,中信優息投資級債,12,0,12,宏遠-桃園,2024-07-02,1262
3691,碩禾,12,0,12,宏遠-桃園,2024-07-02,1262
6615,慧智,12,0,12,宏遠-桃園,2024-07-02,1262
8054,安國,13,1,12,宏遠-桃園,2024-07-02,1262
1319,東陽,11,0,11,宏遠-桃園,2024-07-02,1262
2359,所羅門,18,8,10,宏遠-桃園,2024-07-02,1262
00706L,期元大S＆P日圓正2,10,0,10,宏遠-桃園,2024-07-02,1262
2365,昆盈,33,23,10,宏遠-桃園,2024-07-02,1262
2444,兆勁,10,0,10,宏遠-桃園,2024-07-02,1262
2501,國建,10,0,10,宏遠-桃園,2024-07-02,1262
4562,穎漢,24,14,10,宏遠-桃園,2024-07-02,1262
6285,啟��,13,3,10,宏遠-桃園,2024-07-02,1262
3443,創意,15,5,10,宏遠-桃園,2024-07-02,1262
9958,世紀鋼,14,5,9,宏遠-桃園,2024-07-02,1262
2498,宏達電,10,1,9,宏遠-桃園,2024-07-02,1262
00933B,國泰10Y+金融債,255,0,255,宏遠-桃園,2024-07-03,1262
00934,中信成長高股息,274,48,226,宏遠-桃園,2024-07-03,1262
00632R,元大台灣50反1,153,0,153,宏遠-桃園,2024-07-03,1262
4510,高鋒,100,0,100,宏遠-桃園,2024-07-03,1262
2405,輔信,109,12,97,宏遠-桃園,2024-07-03,1262
6270,倍微,76,0,76,宏遠-桃園,2024-07-03,1262
2913,農林,101,26,75,宏遠-桃園,2024-07-03,1262
4949,有成精密,72,4,68,宏遠-桃園,2024-07-03,1262
4906,正文,71,7,64,宏遠-桃園,2024-07-03,1262
3645,達邁,60,0,60,宏遠-桃園,2024-07-03,1262
6695,芯鼎,56,1,55,宏遠-桃園,2024-07-03,1262
8215,明基材,60,5,55,宏遠-桃園,2024-07-03,1262
00679B,元大美債20年,64,10,54,宏遠-桃園,2024-07-03,1262
2303,聯電,54,2,52,宏遠-桃園,2024-07-03,1262
6288,聯嘉,52,0,52,宏遠-桃園,2024-07-03,1262
6282,康舒,54,7,47,宏遠-桃園,2024-07-03,1262
6161,捷波,45,0,45,宏遠-桃園,2024-07-03,1262
00680L,元大美債20正2,41,0,41,宏遠-桃園,2024-07-03,1262
9105,泰金寶-DR,39,4,35,宏遠-桃園,2024-07-03,1262
8069,元太,30,0,30,宏遠-桃園,2024-07-03,1262
3581,博磊,40,11,29,宏遠-桃園,2024-07-03,1262
2885,元大金,25,0,25,宏遠-桃園,2024-07-03,1262
2497,怡利電,25,0,25,宏遠-桃園,2024-07-03,1262
5474,聰泰,24,2,22,宏遠-桃園,2024-07-03,1262
00927,群益半導體收益,20,0,20,宏遠-桃園,2024-07-03,1262
00937B,群益ESG投等債20,22,2,20,宏遠-桃園,2024-07-03,1262
1784,訊聯,25,6,19,宏遠-桃園,2024-07-03,1262
00631L,元大台灣50正2,17,0,17,宏遠-桃園,2024-07-03,1262
1516,川飛,17,0,17,宏遠-桃園,2024-07-03,1262
6117,迎廣,19,5,14,宏遠-桃園,2024-07-03,1262
2201,裕隆,13,0,13,宏遠-桃園,2024-07-03,1262
1455,集盛,12,0,12,宏遠-桃園,2024-07-03,1262
3005,神基,28,16,12,宏遠-桃園,2024-07-03,1262
0056,元大高股息,11,0,11,宏遠-桃園,2024-07-03,1262
2317,鴻海,12,1,11,宏遠-桃園,2024-07-03,1262
2357,華碩,10,0,10,宏遠-桃園,2024-07-03,1262
6538,倉和,11,1,10,宏遠-桃園,2024-07-03,1262
00671R,富邦NASDAQ反1,10,0,10,宏遠-桃園,2024-07-03,1262
2538,基泰,10,0,10,宏遠-桃園,2024-07-03,1262
2615,萬海,40,30,10,宏遠-桃園,2024-07-03,1262
2618,長榮航,12,2,10,宏遠-桃園,2024-07-03,1262
4714,永捷,10,0,10,宏遠-桃園,2024-07-03,1262
4956,光鋐,11,1,10,宏遠-桃園,2024-07-03,1262
2362,藍天,10,1,9,宏遠-桃園,2024-07-03,1262
6244,茂迪,19,10,9,宏遠-桃園,2024-07-03,1262
1527,鑽全,8,0,8,宏遠-桃園,2024-07-03,1262
2545,皇翔,8,0,8,宏遠-桃園,2024-07-03,1262
8473,山林水,8,0,8,宏遠-桃園,2024-07-03,1262
00637L,元大滬深300正2,19,12,7,宏遠-桃園,2024-07-03,1262
00936,台新永續高息中小,7,0,7,宏遠-桃園,2024-07-03,1262
2412,中華電,103,0,103,宏遠-桃園,2024-07-04,1262
3576,聯合再生,67,5,62,宏遠-桃園,2024-07-04,1262
1516,川飛,53,0,53,宏遠-桃園,2024-07-04,1262
4995,晶達,45,0,45,宏遠-桃園,2024-07-04,1262
00934,中信成長高股息,37,0,37,宏遠-桃園,2024-07-04,1262
2885,元大金,35,0,35,宏遠-桃園,2024-07-04,1262
9105,泰金寶-DR,70,35,35,宏遠-桃園,2024-07-04,1262
2618,長榮航,47,13,34,宏遠-桃園,2024-07-04,1262
00937B,群益ESG投等債20,34,2,32,宏遠-桃園,2024-07-04,1262
2883,凱基金,34,3,31,宏遠-桃園,2024-07-04,1262
9907,統一實,30,0,30,宏遠-桃園,2024-07-04,1262
3005,神基,30,0,30,宏遠-桃園,2024-07-04,1262
00929,復華台灣科技優息,29,3,26,宏遠-桃園,2024-07-04,1262
2317,鴻海,48,22,26,宏遠-桃園,2024-07-04,1262
1815,富喬,26,2,24,宏遠-桃園,2024-07-04,1262
00935,野村臺灣新科技50,21,0,21,宏遠-桃園,2024-07-04,1262
6213,聯茂,21,0,21,宏遠-桃園,2024-07-04,1262
2438,翔耀,20,0,20,宏遠-桃園,2024-07-04,1262
2834,臺企銀,20,0,20,宏遠-桃園,2024-07-04,1262
2913,農林,20,0,20,宏遠-桃園,2024-07-04,1262
1809,中釉,20,1,19,宏遠-桃園,2024-07-04,1262
8085,福華,21,2,19,宏遠-桃園,2024-07-04,1262
3025,星通,20,2,18,宏遠-桃園,2024-07-04,1262
00679B,元大美債20年,28,11,17,宏遠-桃園,2024-07-04,1262
00949,復華日本龍頭,16,0,16,宏遠-桃園,2024-07-04,1262
3029,零壹,16,0,16,宏遠-桃園,2024-07-04,1262
6015,宏遠證,16,0,16,宏遠-桃園,2024-07-04,1262
2467,志聖,38,22,16,宏遠-桃園,2024-07-04,1262
3686,達能,16,1,15,宏遠-桃園,2024-07-04,1262
3703,欣陸,15,0,15,宏遠-桃園,2024-07-04,1262
2371,大同,26,12,14,宏遠-桃園,2024-07-04,1262
6188,廣明,27,14,13,宏遠-桃園,2024-07-04,1262
3037,欣興,12,0,12,宏遠-桃園,2024-07-04,1262
1409,新纖,11,0,11,宏遠-桃園,2024-07-04,1262
2329,華泰,18,7,11,宏遠-桃園,2024-07-04,1262
2882,國泰金,10,0,10,宏遠-桃園,2024-07-04,1262
00891,中信關鍵半導體,10,0,10,宏遠-桃園,2024-07-04,1262
2867,三商壽,10,0,10,宏遠-桃園,2024-07-04,1262
2355,敬鵬,10,0,10,宏遠-桃園,2024-07-04,1262
2601,益航,10,0,10,宏遠-桃園,2024-07-04,1262
3024,憶聲,10,0,10,宏遠-桃園,2024-07-04,1262
6016,康和證,10,0,10,宏遠-桃園,2024-07-04,1262
2610,華航,9,0,9,宏遠-桃園,2024-07-04,1262
3078,僑威,9,0,9,宏遠-桃園,2024-07-04,1262
2406,國碩,9,1,8,宏遠-桃園,2024-07-04,1262
3081,聯亞,8,0,8,宏遠-桃園,2024-07-04,1262
3450,聯鈞,63,55,8,宏遠-桃園,2024-07-04,1262
6531,愛普*,9,1,8,宏遠-桃園,2024-07-04,1262
3041,揚智,9,2,7,宏遠-桃園,2024-07-04,1262
4533,協易機,7,0,7,宏遠-桃園,2024-07-04,1262
6152,百一,81,0,81,宏遠-桃園,2024-07-05,1262
00637L,元大滬深300正2,50,0,50,宏遠-桃園,2024-07-05,1262
3581,博磊,80,31,49,宏遠-桃園,2024-07-05,1262
2363,矽統,77,29,48,宏遠-桃園,2024-07-05,1262
1522,堤維西,50,5,45,宏遠-桃園,2024-07-05,1262
4995,晶達,45,0,45,宏遠-桃園,2024-07-05,1262
3591,艾笛森,45,1,44,宏遠-桃園,2024-07-05,1262
8085,福華,67,26,41,宏遠-桃園,2024-07-05,1262
2367,燿華,35,4,31,宏遠-桃園,2024-07-05,1262
2610,華航,31,0,31,宏遠-桃園,2024-07-05,1262
2329,華泰,81,52,29,宏遠-桃園,2024-07-05,1262
9907,統一實,30,1,29,宏遠-桃園,2024-07-05,1262
3094,聯傑,27,0,27,宏遠-桃園,2024-07-05,1262
5474,聰泰,30,4,26,宏遠-桃園,2024-07-05,1262
2618,長榮航,57,31,26,宏遠-桃園,2024-07-05,1262
1815,富喬,25,0,25,宏遠-桃園,2024-07-05,1262
2412,中華電,26,1,25,宏遠-桃園,2024-07-05,1262
3356,奇偶,23,0,23,宏遠-桃園,2024-07-05,1262
6125,廣運,26,3,23,宏遠-桃園,2024-07-05,1262
1597,直得,23,3,20,宏遠-桃園,2024-07-05,1262
6231,系微,16,0,16,宏遠-桃園,2024-07-05,1262
00756B,群益投等新興公債,14,0,14,宏遠-桃園,2024-07-05,1262
1516,川飛,13,0,13,宏遠-桃園,2024-07-05,1262
3481,群創,27,14,13,宏遠-桃園,2024-07-05,1262
00650L,復華香港正2,12,0,12,宏遠-桃園,2024-07-05,1262
5469,瀚宇博,11,0,11,宏遠-桃園,2024-07-05,1262
9945,潤泰新,10,0,10,宏遠-桃園,2024-07-05,1262
00679B,元大美債20年,40,30,10,宏遠-桃園,2024-07-05,1262
2425,承啟,10,0,10,宏遠-桃園,2024-07-05,1262
2438,翔耀,10,0,10,宏遠-桃園,2024-07-05,1262
3057,喬鼎,10,0,10,宏遠-桃園,2024-07-05,1262
3706,神達,10,0,10,宏遠-桃園,2024-07-05,1262
5210,寶碩,10,0,10,宏遠-桃園,2024-07-05,1262
6582,申豐,10,0,10,宏遠-桃園,2024-07-05,1262
8104,錸寶,14,4,10,宏遠-桃園,2024-07-05,1262
00909,國泰數位支付服務,9,0,9,宏遠-桃園,2024-07-05,1262
00632R,元大台灣50反1,17,8,9,宏遠-桃園,2024-07-05,1262
4906,正文,9,0,9,宏遠-桃園,2024-07-05,1262
2427,三商電,10,2,8,宏遠-桃園,2024-07-05,1262
2312,金寶,8,1,7,宏遠-桃園,2024-07-05,1262
2913,農林,12,5,7,宏遠-桃園,2024-07-05,1262
6532,瑞耘,7,0,7,宏遠-桃園,2024-07-05,1262
6579,研揚,7,0,7,宏遠-桃園,2024-07-05,1262
3008,大立光,6,0,6,宏遠-桃園,2024-07-05,1262
00753L,中信中國50正2,6,0,6,宏遠-桃園,2024-07-05,1262
00937B,群益ESG投等債20,6,0,6,宏遠-桃園,2024-07-05,1262
5371,中光電,10,4,6,宏遠-桃園,2024-07-05,1262
6179,亞通,17,11,6,宏遠-桃園,2024-07-05,1262
6405,悅城,13,7,6,宏遠-桃園,2024-07-05,1262
2492,華新科,6,0,6,宏遠-桃園,2024-07-05,1262
6005,群益證,160,0,160,宏遠-桃園,2024-07-08,1262
1522,堤維西,154,0,154,宏遠-桃園,2024-07-08,1262
2516,新建,115,0,115,宏遠-桃園,2024-07-08,1262
8085,福華,111,17,94,宏遠-桃園,2024-07-08,1262
6695,芯鼎,78,0,78,宏遠-桃園,2024-07-08,1262
00929,復華台灣科技優息,74,3,71,宏遠-桃園,2024-07-08,1262
3276,宇環,70,0,70,宏遠-桃園,2024-07-08,1262
2611,志信,60,0,60,宏遠-桃園,2024-07-08,1262
6189,豐藝,60,2,58,宏遠-桃園,2024-07-08,1262
3048,益登,80,23,57,宏遠-桃園,2024-07-08,1262
2464,盟立,95,44,51,宏遠-桃園,2024-07-08,1262
2885,元大金,50,0,50,宏遠-桃園,2024-07-08,1262
3050,鈺德,51,1,50,宏遠-桃園,2024-07-08,1262
8054,安國,48,0,48,宏遠-桃園,2024-07-08,1262
6152,百一,78,30,48,宏遠-桃園,2024-07-08,1262
2476,鉅祥,44,1,43,宏遠-桃園,2024-07-08,1262
1319,東陽,41,0,41,宏遠-桃園,2024-07-08,1262
6425,易發,70,30,40,宏遠-桃園,2024-07-08,1262
4956,光鋐,37,0,37,宏遠-桃園,2024-07-08,1262
00882,中信中國高股息,33,0,33,宏遠-桃園,2024-07-08,1262
6215,和椿,40,11,29,宏遠-桃園,2024-07-08,1262
8150,南茂,29,1,28,宏遠-桃園,2024-07-08,1262
1455,集盛,27,2,25,宏遠-桃園,2024-07-08,1262
1516,川飛,27,2,25,宏遠-桃園,2024-07-08,1262
4109,加捷生醫,25,0,25,宏遠-桃園,2024-07-08,1262
2329,華泰,42,20,22,宏遠-桃園,2024-07-08,1262
00679B,元大美債20年,29,8,21,宏遠-桃園,2024-07-08,1262
6668,中揚光,24,3,21,宏遠-桃園,2024-07-08,1262
3390,旭軟,20,0,20,宏遠-桃園,2024-07-08,1262
6684,安格,20,0,20,宏遠-桃園,2024-07-08,1262
2025,千興,20,0,20,宏遠-桃園,2024-07-08,1262
5210,寶碩,20,0,20,宏遠-桃園,2024-07-08,1262
3147,大綜,19,0,19,宏遠-桃園,2024-07-08,1262
4906,正文,29,10,19,宏遠-桃園,2024-07-08,1262
6160,欣技,21,3,18,宏遠-桃園,2024-07-08,1262
00632R,元大台灣50反1,82,67,15,宏遠-桃園,2024-07-08,1262
00638R,元大滬深300反1,15,0,15,宏遠-桃園,2024-07-08,1262
1563,巧新,15,0,15,宏遠-桃園,2024-07-08,1262
6231,系微,15,0,15,宏遠-桃園,2024-07-08,1262
9941,裕融,14,0,14,宏遠-桃園,2024-07-08,1262
1799,易威,14,0,14,宏遠-桃園,2024-07-08,1262
2371,大同,15,2,13,宏遠-桃園,2024-07-08,1262
2417,圓剛,12,0,12,宏遠-桃園,2024-07-08,1262
1809,中釉,22,10,12,宏遠-桃園,2024-07-08,1262
8011,台通,12,0,12,宏遠-桃園,2024-07-08,1262
6235,華孚,12,0,12,宏遠-桃園,2024-07-08,1262
2363,矽統,47,36,11,宏遠-桃園,2024-07-08,1262
2353,宏��,11,0,11,宏遠-桃園,2024-07-08,1262
00934,中信成長高股息,11,0,11,宏遠-桃園,2024-07-08,1262
3703,欣陸,11,0,11,宏遠-桃園,2024-07-08,1262
2611,志信,145,0,145,宏遠-桃園,2024-07-09,1262
3045,台灣大,110,0,110,宏遠-桃園,2024-07-09,1262
2801,彰銀,102,0,102,宏遠-桃園,2024-07-09,1262
4906,正文,104,11,93,宏遠-桃園,2024-07-09,1262
5864,致和證,90,0,90,宏遠-桃園,2024-07-09,1262
6015,宏遠證,87,0,87,宏遠-桃園,2024-07-09,1262
3673,TPK-KY,86,16,70,宏遠-桃園,2024-07-09,1262
3581,博磊,72,10,62,宏遠-桃園,2024-07-09,1262
6152,百一,82,22,60,宏遠-桃園,2024-07-09,1262
1319,東陽,60,0,60,宏遠-桃園,2024-07-09,1262
00948B,中信優息投資級債,60,9,51,宏遠-桃園,2024-07-09,1262
2516,新建,42,0,42,宏遠-桃園,2024-07-09,1262
2349,錸德,37,0,37,宏遠-桃園,2024-07-09,1262
6005,群益證,36,0,36,宏遠-桃園,2024-07-09,1262
4562,穎漢,32,0,32,宏遠-桃園,2024-07-09,1262
4976,佳凌,32,0,32,宏遠-桃園,2024-07-09,1262
5880,合庫金,32,0,32,宏遠-桃園,2024-07-09,1262
2834,臺企銀,31,1,30,宏遠-桃園,2024-07-09,1262
2355,敬鵬,30,0,30,宏遠-桃園,2024-07-09,1262
4949,有成精密,30,0,30,宏遠-桃園,2024-07-09,1262
3228,金麗科,29,2,27,宏遠-桃園,2024-07-09,1262
4109,加捷生醫,25,0,25,宏遠-桃園,2024-07-09,1262
4995,晶達,30,5,25,宏遠-桃園,2024-07-09,1262
00934,中信成長高股息,24,0,24,宏遠-桃園,2024-07-09,1262
1785,光洋科,62,39,23,宏遠-桃園,2024-07-09,1262
8033,雷虎,25,3,22,宏遠-桃園,2024-07-09,1262
00638R,元大滬深300反1,21,0,21,宏遠-桃園,2024-07-09,1262
5351,鈺創,42,21,21,宏遠-桃園,2024-07-09,1262
00929,復華台灣科技優息,31,11,20,宏遠-桃園,2024-07-09,1262
00636,國泰中國A50,20,0,20,宏遠-桃園,2024-07-09,1262
1570,力肯,20,0,20,宏遠-桃園,2024-07-09,1262
6684,安格,20,0,20,宏遠-桃園,2024-07-09,1262
2353,宏��,18,0,18,宏遠-桃園,2024-07-09,1262
4977,眾達-KY,20,2,18,宏遠-桃園,2024-07-09,1262
2615,萬海,26,9,17,宏遠-桃園,2024-07-09,1262
2009,第一銅,21,4,17,宏遠-桃園,2024-07-09,1262
3062,建漢,23,6,17,宏遠-桃園,2024-07-09,1262
6834,天二科技,16,0,16,宏遠-桃園,2024-07-09,1262
6165,浪凡,15,0,15,宏遠-桃園,2024-07-09,1262
3050,鈺德,40,26,14,宏遠-桃園,2024-07-09,1262
6016,康和證,14,0,14,宏遠-桃園,2024-07-09,1262
6116,彩晶,18,4,14,宏遠-桃園,2024-07-09,1262
2449,京元電子,27,14,13,宏遠-桃園,2024-07-09,1262
6127,九豪,24,11,13,宏遠-桃園,2024-07-09,1262
4909,新復興,12,0,12,宏遠-桃園,2024-07-09,1262
8054,安國,12,0,12,宏遠-桃園,2024-07-09,1262
2317,鴻海,24,12,12,宏遠-桃園,2024-07-09,1262
2352,佳世達,11,0,11,宏遠-桃園,2024-07-09,1262
2329,華泰,12,1,11,宏遠-桃園,2024-07-09,1262
3013,晟銘電,26,15,11,宏遠-桃園,2024-07-09,1262
2516,新建,176,0,176,宏遠-桃園,2024-07-10,1262
6152,百一,90,2,88,宏遠-桃園,2024-07-10,1262
2537,聯上發,80,0,80,宏遠-桃園,2024-07-10,1262
00688L,國泰20年美債正2,79,0,79,宏遠-桃園,2024-07-10,1262
2867,三商壽,100,32,68,宏遠-桃園,2024-07-10,1262
00937B,群益ESG投等債20,57,1,56,宏遠-桃園,2024-07-10,1262
8096,擎亞,50,0,50,宏遠-桃園,2024-07-10,1262
3078,僑威,35,3,32,宏遠-桃園,2024-07-10,1262
00927,群益半導體收益,30,0,30,宏遠-桃園,2024-07-10,1262
3607,谷崧,30,0,30,宏遠-桃園,2024-07-10,1262
3083,網龍,23,0,23,宏遠-桃園,2024-07-10,1262
2409,友達,30,8,22,宏遠-桃園,2024-07-10,1262
5351,鈺創,22,0,22,宏遠-桃園,2024-07-10,1262
4958,臻鼎-KY,24,2,22,宏遠-桃園,2024-07-10,1262
00933B,國泰10Y+金融債,20,0,20,宏遠-桃園,2024-07-10,1262
3162,精確,20,0,20,宏遠-桃園,2024-07-10,1262
6425,易發,20,0,20,宏遠-桃園,2024-07-10,1262
1513,中興電,44,24,20,宏遠-桃園,2024-07-10,1262
2729,瓦城,20,2,18,宏遠-桃園,2024-07-10,1262
2303,聯電,40,24,16,宏遠-桃園,2024-07-10,1262
4904,遠傳,16,0,16,宏遠-桃園,2024-07-10,1262
8433,弘帆,16,0,16,宏遠-桃園,2024-07-10,1262
1618,合機,17,2,15,宏遠-桃園,2024-07-10,1262
2312,金寶,29,15,14,宏遠-桃園,2024-07-10,1262
4111,濟生,12,0,12,宏遠-桃園,2024-07-10,1262
6111,大宇資,12,0,12,宏遠-桃園,2024-07-10,1262
00949,復華日本龍頭,10,0,10,宏遠-桃園,2024-07-10,1262
1326,台化,10,0,10,宏遠-桃園,2024-07-10,1262
2607,榮運,10,0,10,宏遠-桃園,2024-07-10,1262
8105,凌巨,13,3,10,宏遠-桃園,2024-07-10,1262
1616,億泰,9,0,9,宏遠-桃園,2024-07-10,1262
6742,澤米,9,0,9,宏遠-桃園,2024-07-10,1262
6937,天虹,11,2,9,宏遠-桃園,2024-07-10,1262
8390,金益鼎,9,0,9,宏遠-桃園,2024-07-10,1262
9105,泰金寶-DR,16,7,9,宏遠-桃園,2024-07-10,1262
00715L,期街口布蘭特正2,8,0,8,宏遠-桃園,2024-07-10,1262
00679B,元大美債20年,13,5,8,宏遠-桃園,2024-07-10,1262
3047,訊舟,16,8,8,宏遠-桃園,2024-07-10,1262
6532,瑞耘,14,6,8,宏遠-桃園,2024-07-10,1262
6957,裕慶-KY,8,0,8,宏遠-桃園,2024-07-10,1262
3294,英濟,7,0,7,宏遠-桃園,2024-07-10,1262
1611,中電,7,0,7,宏遠-桃園,2024-07-10,1262
1907,永豐餘,7,0,7,宏遠-桃園,2024-07-10,1262
6191,精成科,7,0,7,宏遠-桃園,2024-07-10,1262
912000,晨訊科-DR,7,0,7,宏遠-桃園,2024-07-10,1262
2609,陽明,11,5,6,宏遠-桃園,2024-07-10,1262
5309,系統電,8,2,6,宏遠-桃園,2024-07-10,1262
9933,中鼎,6,0,6,宏遠-桃園,2024-07-10,1262
1586,和勤,6,0,6,宏遠-桃園,2024-07-10,1262
1905,華紙,6,0,6,宏遠-桃園,2024-07-10,1262
1714,和桐,800,0,800,宏遠-桃園,2024-07-11,1262
2834,臺企銀,106,0,106,宏遠-桃園,2024-07-11,1262
00725B,國泰投資級公司債,62,0,62,宏遠-桃園,2024-07-11,1262
8085,福華,60,0,60,宏遠-桃園,2024-07-11,1262
6265,方土昶,50,0,50,宏遠-桃園,2024-07-11,1262
9105,泰金寶-DR,77,36,41,宏遠-桃園,2024-07-11,1262
1460,宏遠,40,0,40,宏遠-桃園,2024-07-11,1262
2371,大同,40,1,39,宏遠-桃園,2024-07-11,1262
2801,彰銀,36,0,36,宏遠-桃園,2024-07-11,1262
3260,威剛,30,0,30,宏遠-桃園,2024-07-11,1262
4952,凌通,30,0,30,宏遠-桃園,2024-07-11,1262
6219,富旺,30,0,30,宏遠-桃園,2024-07-11,1262
1784,訊聯,29,0,29,宏遠-桃園,2024-07-11,1262
3083,網龍,31,2,29,宏遠-桃園,2024-07-11,1262
6235,華孚,32,4,28,宏遠-桃園,2024-07-11,1262
00937B,群益ESG投等債20,50,22,28,宏遠-桃園,2024-07-11,1262
2888,新光金,40,12,28,宏遠-桃園,2024-07-11,1262
00632R,元大台灣50反1,60,33,27,宏遠-桃園,2024-07-11,1262
2425,承啟,25,0,25,宏遠-桃園,2024-07-11,1262
5475,德宏,34,9,25,宏遠-桃園,2024-07-11,1262
5498,凱崴,24,0,24,宏遠-桃園,2024-07-11,1262
00688L,國泰20年美債正2,23,0,23,宏遠-桃園,2024-07-11,1262
3707,漢磊,38,15,23,宏遠-桃園,2024-07-11,1262
00679B,元大美債20年,23,0,23,宏遠-桃園,2024-07-11,1262
3163,波若威,52,30,22,宏遠-桃園,2024-07-11,1262
2464,盟立,20,0,20,宏遠-桃園,2024-07-11,1262
3048,益登,20,0,20,宏遠-桃園,2024-07-11,1262
3188,鑫龍騰,20,0,20,宏遠-桃園,2024-07-11,1262
6125,廣運,24,4,20,宏遠-桃園,2024-07-11,1262
3356,奇偶,41,22,19,宏遠-桃園,2024-07-11,1262
4938,和碩,24,5,19,宏遠-桃園,2024-07-11,1262
4927,泰鼎-KY,21,3,18,宏遠-桃園,2024-07-11,1262
00687B,國泰20年美債,16,0,16,宏遠-桃園,2024-07-11,1262
3078,僑威,16,0,16,宏遠-桃園,2024-07-11,1262
5347,世界,20,4,16,宏遠-桃園,2024-07-11,1262
6233,旺玖,16,0,16,宏遠-桃園,2024-07-11,1262
2438,翔耀,16,2,14,宏遠-桃園,2024-07-11,1262
2607,榮運,15,1,14,宏遠-桃園,2024-07-11,1262
6152,百一,23,10,13,宏遠-桃園,2024-07-11,1262
2009,第一銅,13,0,13,宏遠-桃園,2024-07-11,1262
00936,台新永續高息中小,13,0,13,宏遠-桃園,2024-07-11,1262
1516,川飛,12,0,12,宏遠-桃園,2024-07-11,1262
2392,正崴,37,25,12,宏遠-桃園,2024-07-11,1262
2401,凌陽,14,2,12,宏遠-桃園,2024-07-11,1262
3324,雙鴻,12,0,12,宏遠-桃園,2024-07-11,1262
6191,精成科,12,0,12,宏遠-桃園,2024-07-11,1262
00680L,元大美債20正2,11,0,11,宏遠-桃園,2024-07-11,1262
6189,豐藝,10,0,10,宏遠-桃園,2024-07-11,1262
00638R,元大滬深300反1,10,0,10,宏遠-桃園,2024-07-11,1262
1440,南紡,10,0,10,宏遠-桃園,2024-07-11,1262
2888,新光金,307,0,307,宏遠-桃園,2024-07-12,1262
00688L,國泰20年美債正2,299,0,299,宏遠-桃園,2024-07-12,1262
00929,復華台灣科技優息,240,0,240,宏遠-桃園,2024-07-12,1262
2867,三商壽,132,49,83,宏遠-桃園,2024-07-12,1262
00919,群益台灣精選高息,59,0,59,宏遠-桃園,2024-07-12,1262
3581,博磊,51,0,51,宏遠-桃園,2024-07-12,1262
00725B,國泰投資級公司債,47,0,47,宏遠-桃園,2024-07-12,1262
2409,友達,66,24,42,宏遠-桃園,2024-07-12,1262
00632R,元大台灣50反1,100,61,39,宏遠-桃園,2024-07-12,1262
3019,亞光,152,115,37,宏遠-桃園,2024-07-12,1262
00680L,元大美債20正2,59,24,35,宏遠-桃園,2024-07-12,1262
2453,凌群,42,7,35,宏遠-桃園,2024-07-12,1262
2881,富邦金,31,1,30,宏遠-桃園,2024-07-12,1262
3189,景碩,53,26,27,宏遠-桃園,2024-07-12,1262
2379,瑞昱,26,0,26,宏遠-桃園,2024-07-12,1262
3710,連展投控,26,0,26,宏遠-桃園,2024-07-12,1262
2303,聯電,86,61,25,宏遠-桃園,2024-07-12,1262
1312,國喬,40,16,24,宏遠-桃園,2024-07-12,1262
1529,樂事綠能,32,8,24,宏遠-桃園,2024-07-12,1262
4566,時碩工業,29,7,22,宏遠-桃園,2024-07-12,1262
1460,宏遠,20,0,20,宏遠-桃園,2024-07-12,1262
1522,堤維西,20,0,20,宏遠-桃園,2024-07-12,1262
2233,宇隆,20,0,20,宏遠-桃園,2024-07-12,1262
3596,智易,20,0,20,宏遠-桃園,2024-07-12,1262
8054,安國,33,13,20,宏遠-桃園,2024-07-12,1262
8426,紅木-KY,25,5,20,宏遠-桃園,2024-07-12,1262
1326,台化,19,0,19,宏遠-桃園,2024-07-12,1262
00878,國泰永續高股息,20,1,19,宏遠-桃園,2024-07-12,1262
2885,元大金,20,1,19,宏遠-桃園,2024-07-12,1262
2317,鴻海,30,13,17,宏遠-桃園,2024-07-12,1262
1309,台達化,20,3,17,宏遠-桃園,2024-07-12,1262
9105,泰金寶-DR,25,9,16,宏遠-桃園,2024-07-12,1262
00927,群益半導體收益,15,0,15,宏遠-桃園,2024-07-12,1262
1784,訊聯,25,10,15,宏遠-桃園,2024-07-12,1262
3594,磐儀,15,0,15,宏遠-桃園,2024-07-12,1262
4716,大立,15,0,15,宏遠-桃園,2024-07-12,1262
6156,松上,15,0,15,宏遠-桃園,2024-07-12,1262
6570,維田,25,10,15,宏遠-桃園,2024-07-12,1262
1608,華榮,32,20,12,宏遠-桃園,2024-07-12,1262
8927,北基,11,0,11,宏遠-桃園,2024-07-12,1262
2313,華通,10,0,10,宏遠-桃園,2024-07-12,1262
1795,美時,11,1,10,宏遠-桃園,2024-07-12,1262
3041,揚智,10,0,10,宏遠-桃園,2024-07-12,1262
3078,僑威,10,0,10,宏遠-桃園,2024-07-12,1262
3645,達邁,10,0,10,宏遠-桃園,2024-07-12,1262
6235,華孚,10,0,10,宏遠-桃園,2024-07-12,1262
6684,安格,37,27,10,宏遠-桃園,2024-07-12,1262
4966,譜瑞-KY,10,0,10,宏遠-桃園,2024-07-12,1262
0056,元大高股息,9,0,9,宏遠-桃園,2024-07-12,1262
3338,泰碩,10,1,9,宏遠-桃園,2024-07-12,1262
00688L,國泰20年美債正2,537,200,337,宏遠-桃園,2024-07-15,1262
00937B,群益ESG投等債20,187,15,172,宏遠-桃園,2024-07-15,1262
00929,復華台灣科技優息,169,11,158,宏遠-桃園,2024-07-15,1262
00934,中信成長高股息,124,11,113,宏遠-桃園,2024-07-15,1262
2489,瑞軒,124,11,113,宏遠-桃園,2024-07-15,1262
00945B,凱基美國非投等債,100,0,100,宏遠-桃園,2024-07-15,1262
2611,志信,87,0,87,宏遠-桃園,2024-07-15,1262
2020,美亞,60,0,60,宏遠-桃園,2024-07-15,1262
00632R,元大台灣50反1,53,0,53,宏遠-桃園,2024-07-15,1262
2329,華泰,46,3,43,宏遠-桃園,2024-07-15,1262
2889,國票金,42,0,42,宏遠-桃園,2024-07-15,1262
6005,群益證,41,0,41,宏遠-桃園,2024-07-15,1262
6152,百一,40,0,40,宏遠-桃園,2024-07-15,1262
2891,中信金,40,4,36,宏遠-桃園,2024-07-15,1262
00905,FT臺灣Smart,36,0,36,宏遠-桃園,2024-07-15,1262
4974,亞泰,50,15,35,宏遠-桃園,2024-07-15,1262
2882,國泰金,34,0,34,宏遠-桃園,2024-07-15,1262
3338,泰碩,36,2,34,宏遠-桃園,2024-07-15,1262
5210,寶碩,29,0,29,宏遠-桃園,2024-07-15,1262
2438,翔耀,174,146,28,宏遠-桃園,2024-07-15,1262
2610,華航,28,0,28,宏遠-桃園,2024-07-15,1262
2888,新光金,28,0,28,宏遠-桃園,2024-07-15,1262
2243,宏旭-KY,61,37,24,宏遠-桃園,2024-07-15,1262
2409,友達,24,0,24,宏遠-桃園,2024-07-15,1262
0056,元大高股息,23,0,23,宏遠-桃園,2024-07-15,1262
4927,泰鼎-KY,24,1,23,宏遠-桃園,2024-07-15,1262
3041,揚智,22,0,22,宏遠-桃園,2024-07-15,1262
5351,鈺創,21,0,21,宏遠-桃園,2024-07-15,1262
9946,三發地產,22,1,21,宏遠-桃園,2024-07-15,1262
3390,旭軟,20,0,20,宏遠-桃園,2024-07-15,1262
6279,胡連,20,1,19,宏遠-桃園,2024-07-15,1262
3596,智易,18,0,18,宏遠-桃園,2024-07-15,1262
2886,兆豐金,19,2,17,宏遠-桃園,2024-07-15,1262
3294,英濟,30,13,17,宏遠-桃園,2024-07-15,1262
2634,漢翔,18,2,16,宏遠-桃園,2024-07-15,1262
8390,金益鼎,15,0,15,宏遠-桃園,2024-07-15,1262
6139,亞翔,15,1,14,宏遠-桃園,2024-07-15,1262
00687B,國泰20年美債,14,0,14,宏遠-桃園,2024-07-15,1262
8255,朋程,13,0,13,宏遠-桃園,2024-07-15,1262
6191,精成科,12,0,12,宏遠-桃園,2024-07-15,1262
2353,宏��,16,4,12,宏遠-桃園,2024-07-15,1262
6116,彩晶,12,0,12,宏遠-桃園,2024-07-15,1262
2402,毅嘉,13,1,12,宏遠-桃園,2024-07-15,1262
006208,富邦台50,11,0,11,宏遠-桃園,2024-07-15,1262
3607,谷崧,10,0,10,宏遠-桃園,2024-07-15,1262
4306,炎洲,10,0,10,宏遠-桃園,2024-07-15,1262
8039,台虹,10,0,10,宏遠-桃園,2024-07-15,1262
8091,翔名,10,0,10,宏遠-桃園,2024-07-15,1262
2885,元大金,10,0,10,宏遠-桃園,2024-07-15,1262
3050,鈺德,10,1,9,宏遠-桃園,2024-07-15,1262
00929,復華台灣科技優息,191,1,190,宏遠-桃園,2024-07-16,1262
2888,新光金,111,0,111,宏遠-桃園,2024-07-16,1262
00682U,期元大美元指數,100,0,100,宏遠-桃園,2024-07-16,1262
00631L,元大台灣50正2,92,0,92,宏遠-桃園,2024-07-16,1262
00882,中信中國高股息,52,0,52,宏遠-桃園,2024-07-16,1262
00632R,元大台灣50反1,57,6,51,宏遠-桃園,2024-07-16,1262
00683L,期元大美元指正2,50,0,50,宏遠-桃園,2024-07-16,1262
2536,宏普,50,0,50,宏遠-桃園,2024-07-16,1262
3276,宇環,48,0,48,宏遠-桃園,2024-07-16,1262
3581,博磊,45,0,45,宏遠-桃園,2024-07-16,1262
3189,景碩,37,1,36,宏遠-桃園,2024-07-16,1262
00919,群益台灣精選高息,35,0,35,宏遠-桃園,2024-07-16,1262
2610,華航,31,0,31,宏遠-桃園,2024-07-16,1262
2618,長榮航,31,0,31,宏遠-桃園,2024-07-16,1262
6425,易發,31,0,31,宏遠-桃園,2024-07-16,1262
00751B,元大AAA至A公司債,30,0,30,宏遠-桃園,2024-07-16,1262
4952,凌通,30,0,30,宏遠-桃園,2024-07-16,1262
6270,倍微,30,0,30,宏遠-桃園,2024-07-16,1262
1319,東陽,21,0,21,宏遠-桃園,2024-07-16,1262
6005,群益證,20,0,20,宏遠-桃園,2024-07-16,1262
8927,北基,20,0,20,宏遠-桃園,2024-07-16,1262
9105,泰金寶-DR,20,0,20,宏遠-桃園,2024-07-16,1262
8936,國統,34,15,19,宏遠-桃園,2024-07-16,1262
0056,元大高股息,18,0,18,宏遠-桃園,2024-07-16,1262
6125,廣運,19,1,18,宏遠-桃園,2024-07-16,1262
2362,藍天,15,0,15,宏遠-桃園,2024-07-16,1262
2476,鉅祥,15,0,15,宏遠-桃園,2024-07-16,1262
3686,達能,15,0,15,宏遠-桃園,2024-07-16,1262
00650L,復華香港正2,120,106,14,宏遠-桃園,2024-07-16,1262
6548,長科*,13,0,13,宏遠-桃園,2024-07-16,1262
00949,復華日本龍頭,12,0,12,宏遠-桃園,2024-07-16,1262
1609,大亞,12,0,12,宏遠-桃園,2024-07-16,1262
00720B,元大投資級公司債,11,0,11,宏遠-桃園,2024-07-16,1262
5351,鈺創,11,0,11,宏遠-桃園,2024-07-16,1262
6550,北極星藥業-KY,10,0,10,宏遠-桃園,2024-07-16,1262
2317,鴻海,14,4,10,宏遠-桃園,2024-07-16,1262
2376,技嘉,10,0,10,宏遠-桃園,2024-07-16,1262
2885,元大金,10,0,10,宏遠-桃園,2024-07-16,1262
6684,安格,19,9,10,宏遠-桃園,2024-07-16,1262
8234,新漢,13,3,10,宏遠-桃園,2024-07-16,1262
8033,雷虎,10,0,10,宏遠-桃園,2024-07-16,1262
2903,遠百,9,0,9,宏遠-桃園,2024-07-16,1262
6279,胡連,10,1,9,宏遠-桃園,2024-07-16,1262
2303,聯電,22,14,8,宏遠-桃園,2024-07-16,1262
5347,世界,7,0,7,宏遠-桃園,2024-07-16,1262
2891,中信金,7,0,7,宏遠-桃園,2024-07-16,1262
00899,FT潔淨能源,7,0,7,宏遠-桃園,2024-07-16,1262
1907,永豐餘,7,0,7,宏遠-桃園,2024-07-16,1262
2449,京元電子,11,4,7,宏遠-桃園,2024-07-16,1262
2630,亞航,7,0,7,宏遠-桃園,2024-07-16,1262
2405,輔信,197,5,192,宏遠-桃園,2024-07-17,1262
1440,南紡,201,20,181,宏遠-桃園,2024-07-17,1262
00683L,期元大美元指正2,150,0,150,宏遠-桃園,2024-07-17,1262
2537,聯上發,116,4,112,宏遠-桃園,2024-07-17,1262
00929,復華台灣科技優息,93,3,90,宏遠-桃園,2024-07-17,1262
6016,康和證,80,0,80,宏遠-桃園,2024-07-17,1262
3518,柏騰,60,0,60,宏遠-桃園,2024-07-17,1262
00936,台新永續高息中小,59,0,59,宏遠-桃園,2024-07-17,1262
2497,怡利電,51,1,50,宏遠-桃園,2024-07-17,1262
00940,元大台灣價值高息,36,0,36,宏遠-桃園,2024-07-17,1262
4906,正文,39,6,33,宏遠-桃園,2024-07-17,1262
00882,中信中國高股息,32,0,32,宏遠-桃園,2024-07-17,1262
00881,國泰台灣5G+,31,0,31,宏遠-桃園,2024-07-17,1262
2379,瑞昱,31,0,31,宏遠-桃園,2024-07-17,1262
3276,宇環,30,0,30,宏遠-桃園,2024-07-17,1262
6005,群益證,30,0,30,宏遠-桃園,2024-07-17,1262
00937B,群益ESG投等債20,27,0,27,宏遠-桃園,2024-07-17,1262
2330,台積電,26,2,24,宏遠-桃園,2024-07-17,1262
3013,晟銘電,41,17,24,宏遠-桃園,2024-07-17,1262
0056,元大高股息,21,0,21,宏遠-桃園,2024-07-17,1262
6462,神盾,25,4,21,宏遠-桃園,2024-07-17,1262
00665L,富邦�琤肭磪囓�2,20,0,20,宏遠-桃園,2024-07-17,1262
1409,新纖,22,3,19,宏遠-桃園,2024-07-17,1262
3706,神達,19,1,18,宏遠-桃園,2024-07-17,1262
4977,眾達-KY,27,9,18,宏遠-桃園,2024-07-17,1262
1609,大亞,50,32,18,宏遠-桃園,2024-07-17,1262
3710,連展投控,20,3,17,宏遠-桃園,2024-07-17,1262
3231,緯創,19,3,16,宏遠-桃園,2024-07-17,1262
2515,中工,19,6,13,宏遠-桃園,2024-07-17,1262
4995,晶達,13,0,13,宏遠-桃園,2024-07-17,1262
00725B,國泰投資級公司債,12,0,12,宏遠-桃園,2024-07-17,1262
00650L,復華香港正2,22,10,12,宏遠-桃園,2024-07-17,1262
2468,華經,12,0,12,宏遠-桃園,2024-07-17,1262
2538,基泰,21,9,12,宏遠-桃園,2024-07-17,1262
6186,新潤,19,7,12,宏遠-桃園,2024-07-17,1262
1773,勝一,11,0,11,宏遠-桃園,2024-07-17,1262
2439,美律,11,0,11,宏遠-桃園,2024-07-17,1262
6179,亞通,12,1,11,宏遠-桃園,2024-07-17,1262
3617,碩天,10,0,10,宏遠-桃園,2024-07-17,1262
1402,遠東新,10,0,10,宏遠-桃園,2024-07-17,1262
1603,華電,12,2,10,宏遠-桃園,2024-07-17,1262
2609,陽明,11,1,10,宏遠-桃園,2024-07-17,1262
3346,麗清,10,0,10,宏遠-桃園,2024-07-17,1262
3437,榮創,17,7,10,宏遠-桃園,2024-07-17,1262
4908,前鼎,10,0,10,宏遠-桃園,2024-07-17,1262
6209,今國光,10,0,10,宏遠-桃園,2024-07-17,1262
8390,金益鼎,10,0,10,宏遠-桃園,2024-07-17,1262
4743,合一,10,0,10,宏遠-桃園,2024-07-17,1262
2442,新美齊,9,0,9,宏遠-桃園,2024-07-17,1262
00919,群益台灣精選高息,9,0,9,宏遠-桃園,2024-07-17,1262
00937B,群益ESG投等債20,302,8,294,宏遠-桃園,2024-07-18,1262
00753L,中信中國50正2,312,27,285,宏遠-桃園,2024-07-18,1262
8105,凌巨,164,24,140,宏遠-桃園,2024-07-18,1262
2406,國碩,100,0,100,宏遠-桃園,2024-07-18,1262
00942B,台新美A公司債20+,90,0,90,宏遠-桃園,2024-07-18,1262
2329,華泰,73,3,70,宏遠-桃園,2024-07-18,1262
2477,美隆電,70,3,67,宏遠-桃園,2024-07-18,1262
2409,友達,61,2,59,宏遠-桃園,2024-07-18,1262
2405,輔信,50,0,50,宏遠-桃園,2024-07-18,1262
1611,中電,50,1,49,宏遠-桃園,2024-07-18,1262
3581,博磊,62,16,46,宏遠-桃園,2024-07-18,1262
1319,東陽,40,0,40,宏遠-桃園,2024-07-18,1262
2476,鉅祥,40,0,40,宏遠-桃園,2024-07-18,1262
3715,定穎投控,40,0,40,宏遠-桃園,2024-07-18,1262
6425,易發,40,0,40,宏遠-桃園,2024-07-18,1262
00919,群益台灣精選高息,45,7,38,宏遠-桃園,2024-07-18,1262
6684,安格,33,1,32,宏遠-桃園,2024-07-18,1262
8085,福華,29,0,29,宏遠-桃園,2024-07-18,1262
2354,鴻準,40,15,25,宏遠-桃園,2024-07-18,1262
6152,百一,25,0,25,宏遠-桃園,2024-07-18,1262
2330,台積電,30,5,25,宏遠-桃園,2024-07-18,1262
2317,鴻海,39,16,23,宏遠-桃園,2024-07-18,1262
2618,長榮航,22,0,22,宏遠-桃園,2024-07-18,1262
00885,富邦越南,21,0,21,宏遠-桃園,2024-07-18,1262
3013,晟銘電,93,73,20,宏遠-桃園,2024-07-18,1262
1721,三晃,25,5,20,宏遠-桃園,2024-07-18,1262
6015,宏遠證,20,0,20,宏遠-桃園,2024-07-18,1262
6462,神盾,50,30,20,宏遠-桃園,2024-07-18,1262
2888,新光金,20,0,20,宏遠-桃園,2024-07-18,1262
00638R,元大滬深300反1,19,0,19,宏遠-桃園,2024-07-18,1262
5351,鈺創,20,1,19,宏遠-桃園,2024-07-18,1262
6125,廣運,32,13,19,宏遠-桃園,2024-07-18,1262
5222,全訊,18,0,18,宏遠-桃園,2024-07-18,1262
2882,國泰金,19,2,17,宏遠-桃園,2024-07-18,1262
6139,亞翔,20,3,17,宏遠-桃園,2024-07-18,1262
00941,中信上游半導體,17,0,17,宏遠-桃園,2024-07-18,1262
1301,台塑,21,4,17,宏遠-桃園,2024-07-18,1262
1516,川飛,24,7,17,宏遠-桃園,2024-07-18,1262
4976,佳凌,17,0,17,宏遠-桃園,2024-07-18,1262
0056,元大高股息,16,0,16,宏遠-桃園,2024-07-18,1262
9938,百和,16,0,16,宏遠-桃園,2024-07-18,1262
00878,國泰永續高股息,28,13,15,宏遠-桃園,2024-07-18,1262
00927,群益半導體收益,17,2,15,宏遠-桃園,2024-07-18,1262
00882,中信中國高股息,15,0,15,宏遠-桃園,2024-07-18,1262
00688L,國泰20年美債正2,15,0,15,宏遠-桃園,2024-07-18,1262
2611,志信,15,0,15,宏遠-桃園,2024-07-18,1262
4306,炎洲,15,0,15,宏遠-桃園,2024-07-18,1262
5469,瀚宇博,20,5,15,宏遠-桃園,2024-07-18,1262
00940,元大台灣價值高息,14,0,14,宏遠-桃園,2024-07-18,1262
4995,晶達,14,0,14,宏遠-桃園,2024-07-18,1262
1717,長興,251,0,251,宏遠-桃園,2024-07-19,1262
2516,新建,220,0,220,宏遠-桃園,2024-07-19,1262
00929,復華台灣科技優息,232,78,154,宏遠-桃園,2024-07-19,1262
2611,志信,169,24,145,宏遠-桃園,2024-07-19,1262
2419,仲琦,155,13,142,宏遠-桃園,2024-07-19,1262
00665L,富邦�琤肭磪囓�2,317,180,137,宏遠-桃園,2024-07-19,1262
3581,博磊,148,23,125,宏遠-桃園,2024-07-19,1262
1725,元禎,60,1,59,宏遠-桃園,2024-07-19,1262
2618,長榮航,56,0,56,宏遠-桃園,2024-07-19,1262
2542,興富發,60,6,54,宏遠-桃園,2024-07-19,1262
3294,英濟,54,0,54,宏遠-桃園,2024-07-19,1262
2888,新光金,53,0,53,宏遠-桃園,2024-07-19,1262
2405,輔信,50,1,49,宏遠-桃園,2024-07-19,1262
6462,神盾,70,25,45,宏遠-桃園,2024-07-19,1262
1784,訊聯,44,1,43,宏遠-桃園,2024-07-19,1262
2890,永豐金,40,0,40,宏遠-桃園,2024-07-19,1262
3228,金麗科,36,0,36,宏遠-桃園,2024-07-19,1262
00933B,國泰10Y+金融債,35,0,35,宏遠-桃園,2024-07-19,1262
2801,彰銀,35,0,35,宏遠-桃園,2024-07-19,1262
00882,中信中國高股息,34,0,34,宏遠-桃園,2024-07-19,1262
1785,光洋科,33,0,33,宏遠-桃園,2024-07-19,1262
00650L,復華香港正2,132,100,32,宏遠-桃園,2024-07-19,1262
00937B,群益ESG投等債20,44,12,32,宏遠-桃園,2024-07-19,1262
2882,國泰金,54,22,32,宏遠-桃園,2024-07-19,1262
2885,元大金,30,0,30,宏遠-桃園,2024-07-19,1262
6016,康和證,30,0,30,宏遠-桃園,2024-07-19,1262
8076,伍豐,35,5,30,宏遠-桃園,2024-07-19,1262
6156,松上,29,1,28,宏遠-桃園,2024-07-19,1262
00918,大華優利高填息30,26,0,26,宏遠-桃園,2024-07-19,1262
8390,金益鼎,26,0,26,宏遠-桃園,2024-07-19,1262
2330,台積電,29,3,26,宏遠-桃園,2024-07-19,1262
2891,中信金,25,0,25,宏遠-桃園,2024-07-19,1262
00919,群益台灣精選高息,40,16,24,宏遠-桃園,2024-07-19,1262
1718,中纖,23,0,23,宏遠-桃園,2024-07-19,1262
2406,國碩,22,0,22,宏遠-桃園,2024-07-19,1262
3703,欣陸,22,0,22,宏遠-桃園,2024-07-19,1262
2834,臺企銀,22,0,22,宏遠-桃園,2024-07-19,1262
2607,榮運,21,0,21,宏遠-桃園,2024-07-19,1262
3645,達邁,21,0,21,宏遠-桃園,2024-07-19,1262
00905,FT臺灣Smart,20,0,20,宏遠-桃園,2024-07-19,1262
1522,堤維西,20,0,20,宏遠-桃園,2024-07-19,1262
2439,美律,20,0,20,宏遠-桃園,2024-07-19,1262
5210,寶碩,20,0,20,宏遠-桃園,2024-07-19,1262
8054,安國,23,3,20,宏遠-桃園,2024-07-19,1262
1609,大亞,30,11,19,宏遠-桃園,2024-07-19,1262
3593,力銘,19,0,19,宏遠-桃園,2024-07-19,1262
0056,元大高股息,22,4,18,宏遠-桃園,2024-07-19,1262
5351,鈺創,20,2,18,宏遠-桃園,2024-07-19,1262
1618,合機,20,3,17,宏遠-桃園,2024-07-19,1262
2409,友達,18,1,17,宏遠-桃園,2024-07-19,1262
00929,復華台灣科技優息,249,2,247,宏遠-桃園,2024-07-22,1262
1717,長興,110,0,110,宏遠-桃園,2024-07-22,1262
00936,台新永續高息中小,102,15,87,宏遠-桃園,2024-07-22,1262
4916,事欣科,72,2,70,宏遠-桃園,2024-07-22,1262
2303,聯電,73,12,61,宏遠-桃園,2024-07-22,1262
00934,中信成長高股息,60,0,60,宏遠-桃園,2024-07-22,1262
00919,群益台灣精選高息,68,11,57,宏遠-桃園,2024-07-22,1262
00940,元大台灣價值高息,49,0,49,宏遠-桃園,2024-07-22,1262
2516,新建,45,0,45,宏遠-桃園,2024-07-22,1262
00891,中信關鍵半導體,41,0,41,宏遠-桃園,2024-07-22,1262
6152,百一,50,12,38,宏遠-桃園,2024-07-22,1262
2888,新光金,37,5,32,宏遠-桃園,2024-07-22,1262
6139,亞翔,41,9,32,宏遠-桃園,2024-07-22,1262
1522,堤維西,30,0,30,宏遠-桃園,2024-07-22,1262
4303,信立,33,3,30,宏遠-桃園,2024-07-22,1262
3581,博磊,23,0,23,宏遠-桃園,2024-07-22,1262
00905,FT臺灣Smart,22,0,22,宏遠-桃園,2024-07-22,1262
3013,晟銘電,69,47,22,宏遠-桃園,2024-07-22,1262
1319,東陽,20,0,20,宏遠-桃園,2024-07-22,1262
1806,冠軍,23,3,20,宏遠-桃園,2024-07-22,1262
6016,康和證,20,0,20,宏遠-桃園,2024-07-22,1262
5512,力麒,49,30,19,宏遠-桃園,2024-07-22,1262
2330,台積電,25,9,16,宏遠-桃園,2024-07-22,1262
3481,群創,35,19,16,宏遠-桃園,2024-07-22,1262
2611,志信,15,0,15,宏遠-桃園,2024-07-22,1262
3713,新晶投控,14,0,14,宏遠-桃園,2024-07-22,1262
2317,鴻海,27,13,14,宏遠-桃園,2024-07-22,1262
00927,群益半導體收益,15,2,13,宏遠-桃園,2024-07-22,1262
00638R,元大滬深300反1,13,0,13,宏遠-桃園,2024-07-22,1262
3673,TPK-KY,13,0,13,宏遠-桃園,2024-07-22,1262
1784,訊聯,12,0,12,宏遠-桃園,2024-07-22,1262
2515,中工,41,31,10,宏遠-桃園,2024-07-22,1262
3055,蔚華科,13,3,10,宏遠-桃園,2024-07-22,1262
3450,聯鈞,35,25,10,宏遠-桃園,2024-07-22,1262
3707,漢磊,10,0,10,宏遠-桃園,2024-07-22,1262
4566,時碩工業,13,3,10,宏遠-桃園,2024-07-22,1262
5351,鈺創,10,0,10,宏遠-桃園,2024-07-22,1262
8028,昇陽半導體,13,3,10,宏遠-桃園,2024-07-22,1262
5381,合正,9,0,9,宏遠-桃園,2024-07-22,1262
6605,帝寶,9,0,9,宏遠-桃園,2024-07-22,1262
00715L,期街口布蘭特正2,12,4,8,宏遠-桃園,2024-07-22,1262
00692,富邦公司治理,8,0,8,宏遠-桃園,2024-07-22,1262
00918,大華優利高填息30,9,1,8,宏遠-桃園,2024-07-22,1262
4109,加捷生醫,14,6,8,宏遠-桃園,2024-07-22,1262
6462,神盾,18,10,8,宏遠-桃園,2024-07-22,1262
00909,國泰數位支付服務,8,0,8,宏遠-桃園,2024-07-22,1262
2409,友達,8,1,7,宏遠-桃園,2024-07-22,1262
2509,全坤建,7,0,7,宏遠-桃園,2024-07-22,1262
2883,凱基金,9,2,7,宏遠-桃園,2024-07-22,1262
2886,兆豐金,7,1,6,宏遠-桃園,2024-07-22,1262
3481,群創,140,0,140,宏遠-桃園,2024-07-23,1262
00632R,元大台灣50反1,92,3,89,宏遠-桃園,2024-07-23,1262
6603,富強鑫,82,10,72,宏遠-桃園,2024-07-23,1262
6152,百一,65,0,65,宏遠-桃園,2024-07-23,1262
00665L,富邦�琤肭磪囓�2,220,170,50,宏遠-桃園,2024-07-23,1262
00650L,復華香港正2,146,104,42,宏遠-桃園,2024-07-23,1262
2547,日勝生,41,1,40,宏遠-桃園,2024-07-23,1262
3581,博磊,50,17,33,宏遠-桃園,2024-07-23,1262
00929,復華台灣科技優息,31,0,31,宏遠-桃園,2024-07-23,1262
00637L,元大滬深300正2,30,0,30,宏遠-桃園,2024-07-23,1262
00679B,元大美債20年,26,0,26,宏遠-桃園,2024-07-23,1262
00680L,元大美債20正2,26,0,26,宏遠-桃園,2024-07-23,1262
4976,佳凌,23,0,23,宏遠-桃園,2024-07-23,1262
1806,冠軍,20,0,20,宏遠-桃園,2024-07-23,1262
6488,環球晶,20,0,20,宏遠-桃園,2024-07-23,1262
00830,國泰費城半導體,20,1,19,宏遠-桃園,2024-07-23,1262
00946,群益科技高息成長,18,0,18,宏遠-桃園,2024-07-23,1262
006208,富邦台50,17,0,17,宏遠-桃園,2024-07-23,1262
00933B,國泰10Y+金融債,16,0,16,宏遠-桃園,2024-07-23,1262
5347,世界,15,0,15,宏遠-桃園,2024-07-23,1262
00878,國泰永續高股息,14,1,13,宏遠-桃園,2024-07-23,1262
00947,台新臺灣IC設計,13,0,13,宏遠-桃園,2024-07-23,1262
00631L,元大台灣50正2,16,3,13,宏遠-桃園,2024-07-23,1262
00919,群益台灣精選高息,12,0,12,宏遠-桃園,2024-07-23,1262
2515,中工,12,0,12,宏遠-桃園,2024-07-23,1262
5512,力麒,37,25,12,宏遠-桃園,2024-07-23,1262
3041,揚智,11,0,11,宏遠-桃園,2024-07-23,1262
00936,台新永續高息中小,10,0,10,宏遠-桃園,2024-07-23,1262
00942B,台新美A公司債20+,10,0,10,宏遠-桃園,2024-07-23,1262
1708,東鹼,16,6,10,宏遠-桃園,2024-07-23,1262
2439,美律,10,0,10,宏遠-桃園,2024-07-23,1262
8039,台虹,10,0,10,宏遠-桃園,2024-07-23,1262
2520,冠德,12,2,10,宏遠-桃園,2024-07-23,1262
5371,中光電,9,0,9,宏遠-桃園,2024-07-23,1262
6191,精成科,9,0,9,宏遠-桃園,2024-07-23,1262
00877,復華中國5G,8,0,8,宏遠-桃園,2024-07-23,1262
2313,華通,10,2,8,宏遠-桃園,2024-07-23,1262
00687B,國泰20年美債,7,0,7,宏遠-桃園,2024-07-23,1262
00905,FT臺灣Smart,7,0,7,宏遠-桃園,2024-07-23,1262
00751B,元大AAA至A公司債,5,0,5,宏遠-桃園,2024-07-23,1262
00715L,期街口布蘭特正2,5,0,5,宏遠-桃園,2024-07-23,1262
6806,森崴能源,11,6,5,宏遠-桃園,2024-07-23,1262
00937B,群益ESG投等債20,8,3,5,宏遠-桃園,2024-07-23,1262
00764B,群益25年美債,5,0,5,宏遠-桃園,2024-07-23,1262
2371,大同,5,0,5,宏遠-桃園,2024-07-23,1262
2449,京元電子,7,2,5,宏遠-桃園,2024-07-23,1262
2489,瑞軒,41,36,5,宏遠-桃園,2024-07-23,1262
2537,聯上發,6,1,5,宏遠-桃園,2024-07-23,1262
2812,台中銀,5,0,5,宏遠-桃園,2024-07-23,1262
3231,緯創,10,5,5,宏遠-桃園,2024-07-23,1262
00881,國泰台灣5G+,143,0,143,宏遠-桃園,2024-07-26,1262
6603,富強鑫,106,0,106,宏遠-桃園,2024-07-26,1262
00720B,元大投資級公司債,100,0,100,宏遠-桃園,2024-07-26,1262
3663,鑫科,100,1,99,宏遠-桃園,2024-07-26,1262
00687B,國泰20年美債,83,4,79,宏遠-桃園,2024-07-26,1262
2476,鉅祥,70,0,70,宏遠-桃園,2024-07-26,1262
00679B,元大美債20年,56,0,56,宏遠-桃園,2024-07-26,1262
2888,新光金,52,0,52,宏遠-桃園,2024-07-26,1262
00946,群益科技高息成長,48,0,48,宏遠-桃園,2024-07-26,1262
00929,復華台灣科技優息,42,7,35,宏遠-桃園,2024-07-26,1262
00937B,群益ESG投等債20,34,0,34,宏遠-桃園,2024-07-26,1262
00927,群益半導體收益,38,6,32,宏遠-桃園,2024-07-26,1262
00637L,元大滬深300正2,113,81,32,宏遠-桃園,2024-07-26,1262
2884,玉山金,29,2,27,宏遠-桃園,2024-07-26,1262
00878,國泰永續高股息,32,5,27,宏遠-桃園,2024-07-26,1262
00941,中信上游半導體,26,0,26,宏遠-桃園,2024-07-26,1262
00940,元大台灣價值高息,24,0,24,宏遠-桃園,2024-07-26,1262
0056,元大高股息,25,2,23,宏遠-桃園,2024-07-26,1262
00931B,統一美債20年,43,20,23,宏遠-桃園,2024-07-26,1262
6684,安格,50,27,23,宏遠-桃園,2024-07-26,1262
2330,台積電,28,6,22,宏遠-桃園,2024-07-26,1262
1522,堤維西,20,0,20,宏遠-桃園,2024-07-26,1262
2408,南亞科,20,0,20,宏遠-桃園,2024-07-26,1262
3711,日月光投控,19,0,19,宏遠-桃園,2024-07-26,1262
00650L,復華香港正2,120,102,18,宏遠-桃園,2024-07-26,1262
00949,復華日本龍頭,17,0,17,宏遠-桃園,2024-07-26,1262
00680L,元大美債20正2,16,0,16,宏遠-桃園,2024-07-26,1262
2303,聯電,19,3,16,宏遠-桃園,2024-07-26,1262
3686,達能,15,0,15,宏遠-桃園,2024-07-26,1262
00725B,國泰投資級公司債,14,0,14,宏遠-桃園,2024-07-26,1262
2317,鴻海,24,10,14,宏遠-桃園,2024-07-26,1262
00919,群益台灣精選高息,24,10,14,宏遠-桃園,2024-07-26,1262
00933B,國泰10Y+金融債,13,0,13,宏遠-桃園,2024-07-26,1262
2891,中信金,11,0,11,宏遠-桃園,2024-07-26,1262
6139,亞翔,21,10,11,宏遠-桃園,2024-07-26,1262
3211,順達,11,0,11,宏遠-桃園,2024-07-26,1262
2401,凌陽,15,5,10,宏遠-桃園,2024-07-26,1262
00942B,台新美A公司債20+,10,0,10,宏遠-桃園,2024-07-26,1262
00948B,中信優息投資級債,10,0,10,宏遠-桃園,2024-07-26,1262
2349,錸德,10,0,10,宏遠-桃園,2024-07-26,1262
3390,旭軟,10,0,10,宏遠-桃園,2024-07-26,1262
4976,佳凌,40,30,10,宏遠-桃園,2024-07-26,1262
00936,台新永續高息中小,9,0,9,宏遠-桃園,2024-07-26,1262
2882,國泰金,10,1,9,宏遠-桃園,2024-07-26,1262
6202,盛群,10,1,9,宏遠-桃園,2024-07-26,1262
2886,兆豐金,10,2,8,宏遠-桃園,2024-07-26,1262
6125,廣運,8,0,8,宏遠-桃園,2024-07-26,1262
00934,中信成長高股息,9,2,7,宏遠-桃園,2024-07-26,1262
1905,華紙,7,0,7,宏遠-桃園,2024-07-26,1262
1907,永豐餘,7,0,7,宏遠-桃園,2024-07-26,1262
00937B,群益ESG投等債20,131,11,120,宏遠-桃園,2024-07-29,1262
2891,中信金,93,0,93,宏遠-桃園,2024-07-29,1262
6603,富強鑫,113,23,90,宏遠-桃園,2024-07-29,1262
00929,復華台灣科技優息,61,1,60,宏遠-桃園,2024-07-29,1262
1717,長興,40,1,39,宏遠-桃園,2024-07-29,1262
2515,中工,57,25,32,宏遠-桃園,2024-07-29,1262
2476,鉅祥,31,0,31,宏遠-桃園,2024-07-29,1262
00939,統一台灣高息動能,30,0,30,宏遠-桃園,2024-07-29,1262
2477,美隆電,30,0,30,宏遠-桃園,2024-07-29,1262
5864,致和證,45,20,25,宏遠-桃園,2024-07-29,1262
00632R,元大台灣50反1,30,8,22,宏遠-桃園,2024-07-29,1262
00891,中信關鍵半導體,22,0,22,宏遠-桃園,2024-07-29,1262
1527,鑽全,22,0,22,宏遠-桃園,2024-07-29,1262
6684,安格,22,0,22,宏遠-桃園,2024-07-29,1262
2888,新光金,21,0,21,宏遠-桃園,2024-07-29,1262
6152,百一,21,0,21,宏遠-桃園,2024-07-29,1262
00751B,元大AAA至A公司債,20,0,20,宏遠-桃園,2024-07-29,1262
1314,中石化,20,0,20,宏遠-桃園,2024-07-29,1262
1522,堤維西,21,1,20,宏遠-桃園,2024-07-29,1262
1618,合機,20,0,20,宏遠-桃園,2024-07-29,1262
3211,順達,20,1,19,宏遠-桃園,2024-07-29,1262
1784,訊聯,18,0,18,宏遠-桃園,2024-07-29,1262
2354,鴻準,20,2,18,宏遠-桃園,2024-07-29,1262
3481,群創,18,0,18,宏遠-桃園,2024-07-29,1262
2388,威盛,17,1,16,宏遠-桃園,2024-07-29,1262
2834,臺企銀,18,2,16,宏遠-桃園,2024-07-29,1262
00940,元大台灣價值高息,17,2,15,宏遠-桃園,2024-07-29,1262
9946,三發地產,18,5,13,宏遠-桃園,2024-07-29,1262
8936,國統,14,2,12,宏遠-桃園,2024-07-29,1262
2883,凱基金,22,10,12,宏遠-桃園,2024-07-29,1262
3581,博磊,14,2,12,宏遠-桃園,2024-07-29,1262
3645,達邁,12,0,12,宏遠-桃園,2024-07-29,1262
2363,矽統,17,7,10,宏遠-桃園,2024-07-29,1262
2516,新建,10,0,10,宏遠-桃園,2024-07-29,1262
2748,雲品,10,0,10,宏遠-桃園,2024-07-29,1262
2867,三商壽,10,0,10,宏遠-桃園,2024-07-29,1262
3576,聯合再生,10,0,10,宏遠-桃園,2024-07-29,1262
5351,鈺創,10,0,10,宏遠-桃園,2024-07-29,1262
6016,康和證,10,0,10,宏遠-桃園,2024-07-29,1262
6237,驊訊,10,0,10,宏遠-桃園,2024-07-29,1262
6461,益得,10,0,10,宏遠-桃園,2024-07-29,1262
1808,潤隆,12,3,9,宏遠-桃園,2024-07-29,1262
00919,群益台灣精選高息,12,4,8,宏遠-桃園,2024-07-29,1262
0056,元大高股息,8,0,8,宏遠-桃園,2024-07-29,1262
5381,合正,8,0,8,宏遠-桃園,2024-07-29,1262
6125,廣運,9,1,8,宏遠-桃園,2024-07-29,1262
1514,亞力,28,21,7,宏遠-桃園,2024-07-29,1262
3491,昇達科,7,0,7,宏遠-桃園,2024-07-29,1262
4303,信立,20,13,7,宏遠-桃園,2024-07-29,1262
2303,聯電,12,5,7,宏遠-桃園,2024-07-29,1262
00929,復華台灣科技優息,567,452,115,宏遠-桃園,2024-07-30,1262
2438,翔耀,94,0,94,宏遠-桃園,2024-07-30,1262
00946,群益科技高息成長,77,0,77,宏遠-桃園,2024-07-30,1262
00934,中信成長高股息,69,0,69,宏遠-桃園,2024-07-30,1262
8064,東捷,79,13,66,宏遠-桃園,2024-07-30,1262
00632R,元大台灣50反1,63,1,62,宏遠-桃園,2024-07-30,1262
2442,新美齊,50,2,48,宏遠-桃園,2024-07-30,1262
2516,新建,45,0,45,宏遠-桃園,2024-07-30,1262
6603,富強鑫,45,0,45,宏遠-桃園,2024-07-30,1262
00637L,元大滬深300正2,44,1,43,宏遠-桃園,2024-07-30,1262
00878,國泰永續高股息,29,1,28,宏遠-桃園,2024-07-30,1262
00936,台新永續高息中小,35,12,23,宏遠-桃園,2024-07-30,1262
6231,系微,23,0,23,宏遠-桃園,2024-07-30,1262
2303,聯電,36,15,21,宏遠-桃園,2024-07-30,1262
2891,中信金,21,0,21,宏遠-桃園,2024-07-30,1262
00795B,中信美國公債20年,20,0,20,宏遠-桃園,2024-07-30,1262
5512,力麒,20,0,20,宏遠-桃園,2024-07-30,1262
00940,元大台灣價值高息,19,0,19,宏遠-桃園,2024-07-30,1262
3481,群創,32,13,19,宏遠-桃園,2024-07-30,1262
6005,群益證,16,0,16,宏遠-桃園,2024-07-30,1262
2344,華邦電,15,0,15,宏遠-桃園,2024-07-30,1262
2061,風青,13,0,13,宏遠-桃園,2024-07-30,1262
1516,川飛,22,10,12,宏遠-桃園,2024-07-30,1262
2886,兆豐金,10,0,10,宏遠-桃園,2024-07-30,1262
00753L,中信中國50正2,160,150,10,宏遠-桃園,2024-07-30,1262
1444,力麗,10,0,10,宏遠-桃園,2024-07-30,1262
2376,技嘉,10,0,10,宏遠-桃園,2024-07-30,1262
2888,新光金,10,0,10,宏遠-桃園,2024-07-30,1262
3017,奇鋐,10,0,10,宏遠-桃園,2024-07-30,1262
5864,致和證,10,0,10,宏遠-桃園,2024-07-30,1262
6016,康和證,20,10,10,宏遠-桃園,2024-07-30,1262
6462,神盾,15,5,10,宏遠-桃園,2024-07-30,1262
1609,大亞,9,0,9,宏遠-桃園,2024-07-30,1262
1522,堤維西,30,21,9,宏遠-桃園,2024-07-30,1262
6186,新潤,9,0,9,宏遠-桃園,2024-07-30,1262
00650L,復華香港正2,8,0,8,宏遠-桃園,2024-07-30,1262
1806,冠軍,9,1,8,宏遠-桃園,2024-07-30,1262
00715L,期街口布蘭特正2,8,0,8,宏遠-桃園,2024-07-30,1262
2330,台積電,7,0,7,宏遠-桃園,2024-07-30,1262
3035,智原,19,12,7,宏遠-桃園,2024-07-30,1262
2352,佳世達,6,0,6,宏遠-桃園,2024-07-30,1262
00688L,國泰20年美債正2,6,0,6,宏遠-桃園,2024-07-30,1262
00725B,國泰投資級公司債,6,0,6,宏遠-桃園,2024-07-30,1262
1905,華紙,6,0,6,宏遠-桃園,2024-07-30,1262
1907,永豐餘,6,0,6,宏遠-桃園,2024-07-30,1262
3047,訊舟,17,11,6,宏遠-桃園,2024-07-30,1262
00927,群益半導體收益,5,0,5,宏遠-桃園,2024-07-30,1262
00918,大華優利高填息30,5,0,5,宏遠-桃園,2024-07-30,1262
00915,凱基優選高股息30,5,0,5,宏遠-桃園,2024-07-30,1262
00947,台新臺灣IC設計,5,0,5,宏遠-桃園,2024-07-30,1262
00929,復華台灣科技優息,324,30,294,宏遠-桃園,2024-07-31,1262
2516,新建,80,0,80,宏遠-桃園,2024-07-31,1262
8064,東捷,76,15,61,宏遠-桃園,2024-07-31,1262
00878,國泰永續高股息,60,0,60,宏遠-桃園,2024-07-31,1262
3481,群創,107,55,52,宏遠-桃園,2024-07-31,1262
00948B,中信優息投資級債,50,0,50,宏遠-桃園,2024-07-31,1262
2867,三商壽,30,0,30,宏遠-桃園,2024-07-31,1262
5515,建國,30,0,30,宏遠-桃園,2024-07-31,1262
00638R,元大滬深300反1,24,0,24,宏遠-桃園,2024-07-31,1262
00937B,群益ESG投等債20,34,10,24,宏遠-桃園,2024-07-31,1262
6603,富強鑫,20,0,20,宏遠-桃園,2024-07-31,1262
3663,鑫科,25,7,18,宏遠-桃園,2024-07-31,1262
00940,元大台灣價值高息,17,0,17,宏遠-桃園,2024-07-31,1262
2316,楠梓電,20,3,17,宏遠-桃園,2024-07-31,1262
1316,上曜,18,2,16,宏遠-桃園,2024-07-31,1262
3047,訊舟,32,16,16,宏遠-桃園,2024-07-31,1262
8070,長華*,15,0,15,宏遠-桃園,2024-07-31,1262
5347,世界,14,0,14,宏遠-桃園,2024-07-31,1262
00919,群益台灣精選高息,13,0,13,宏遠-桃園,2024-07-31,1262
2204,中華,16,3,13,宏遠-桃園,2024-07-31,1262
6177,達麗,13,0,13,宏遠-桃園,2024-07-31,1262
5443,均豪,131,119,12,宏遠-桃園,2024-07-31,1262
1529,樂事綠能,14,2,12,宏遠-桃園,2024-07-31,1262
1806,冠軍,11,0,11,宏遠-桃園,2024-07-31,1262
2486,一詮,15,5,10,宏遠-桃園,2024-07-31,1262
00679B,元大美債20年,22,12,10,宏遠-桃園,2024-07-31,1262
00712,復華富時不動產,15,5,10,宏遠-桃園,2024-07-31,1262
1444,力麗,10,0,10,宏遠-桃園,2024-07-31,1262
1618,合機,10,0,10,宏遠-桃園,2024-07-31,1262
1711,永光,12,2,10,宏遠-桃園,2024-07-31,1262
2352,佳世達,10,0,10,宏遠-桃園,2024-07-31,1262
3059,華晶科,11,1,10,宏遠-桃園,2024-07-31,1262
3498,陽程,10,0,10,宏遠-桃園,2024-07-31,1262
4303,信立,12,2,10,宏遠-桃園,2024-07-31,1262
4760,勤凱,11,1,10,宏遠-桃園,2024-07-31,1262
911868,同方友友-DR,10,0,10,宏遠-桃園,2024-07-31,1262
2489,瑞軒,9,0,9,宏遠-桃園,2024-07-31,1262
3188,鑫龍騰,10,1,9,宏遠-桃園,2024-07-31,1262
1597,直得,10,1,9,宏遠-桃園,2024-07-31,1262
3167,大量,33,25,8,宏遠-桃園,2024-07-31,1262
8390,金益鼎,8,0,8,宏遠-桃園,2024-07-31,1262
00927,群益半導體收益,7,0,7,宏遠-桃園,2024-07-31,1262
2409,友達,20,13,7,宏遠-桃園,2024-07-31,1262
2520,冠德,7,0,7,宏遠-桃園,2024-07-31,1262
6126,信音,7,1,6,宏遠-桃園,2024-07-31,1262
2356,英業達,6,0,6,宏遠-桃園,2024-07-31,1262
2515,中工,12,6,6,宏遠-桃園,2024-07-31,1262
4113,聯上,6,0,6,宏遠-桃園,2024-07-31,1262
6435,大中,10,4,6,宏遠-桃園,2024-07-31,1262
6552,易華電,6,0,6,宏遠-桃園,2024-07-31,1262
00632R,元大台灣50反1,129,0,129,宏遠-桃園,2024-08-01,1262
2406,國碩,55,0,55,宏遠-桃園,2024-08-01,1262
00679B,元大美債20年,45,7,38,宏遠-桃園,2024-08-01,1262
00637L,元大滬深300正2,38,0,38,宏遠-桃園,2024-08-01,1262
1582,信錦,34,0,34,宏遠-桃園,2024-08-01,1262
3189,景碩,44,12,32,宏遠-桃園,2024-08-01,1262
2062,橋椿,31,0,31,宏遠-桃園,2024-08-01,1262
2880,華南金,30,0,30,宏遠-桃園,2024-08-01,1262
00878,國泰永續高股息,28,1,27,宏遠-桃園,2024-08-01,1262
2301,光寶科,41,16,25,宏遠-桃園,2024-08-01,1262
2337,旺宏,49,27,22,宏遠-桃園,2024-08-01,1262
3013,晟銘電,21,0,21,宏遠-桃園,2024-08-01,1262
2417,圓剛,51,30,21,宏遠-桃園,2024-08-01,1262
3580,友威科,36,15,21,宏遠-桃園,2024-08-01,1262
00919,群益台灣精選高息,20,0,20,宏遠-桃園,2024-08-01,1262
2408,南亞科,20,0,20,宏遠-桃園,2024-08-01,1262
3581,博磊,33,13,20,宏遠-桃園,2024-08-01,1262
9105,泰金寶-DR,18,0,18,宏遠-桃園,2024-08-01,1262
2383,台光電,17,1,16,宏遠-桃園,2024-08-01,1262
4566,時碩工業,17,2,15,宏遠-桃園,2024-08-01,1262
3481,群創,20,6,14,宏遠-桃園,2024-08-01,1262
3081,聯亞,14,0,14,宏遠-桃園,2024-08-01,1262
2359,所羅門,20,8,12,宏遠-桃園,2024-08-01,1262
2888,新光金,15,4,11,宏遠-桃園,2024-08-01,1262
8064,東捷,28,17,11,宏遠-桃園,2024-08-01,1262
2881,富邦金,10,0,10,宏遠-桃園,2024-08-01,1262
3163,波若威,25,15,10,宏遠-桃園,2024-08-01,1262
00931B,統一美債20年,10,0,10,宏遠-桃園,2024-08-01,1262
00940,元大台灣價值高息,15,5,10,宏遠-桃園,2024-08-01,1262
1109,信大,10,0,10,宏遠-桃園,2024-08-01,1262
1464,得力,10,0,10,宏遠-桃園,2024-08-01,1262
2324,仁寶,10,0,10,宏遠-桃園,2024-08-01,1262
2401,凌陽,19,9,10,宏遠-桃園,2024-08-01,1262
2485,兆赫,10,0,10,宏遠-桃園,2024-08-01,1262
5515,建國,10,0,10,宏遠-桃園,2024-08-01,1262
6191,精成科,10,0,10,宏遠-桃園,2024-08-01,1262
6228,全譜,10,0,10,宏遠-桃園,2024-08-01,1262
0050,元大台灣50,9,0,9,宏遠-桃園,2024-08-01,1262
1717,長興,10,1,9,宏遠-桃園,2024-08-01,1262
2449,京元電子,45,36,9,宏遠-桃園,2024-08-01,1262
1806,冠軍,13,5,8,宏遠-桃園,2024-08-01,1262
1785,光洋科,8,1,7,宏遠-桃園,2024-08-01,1262
3294,英濟,7,0,7,宏遠-桃園,2024-08-01,1262
1560,中砂,8,2,6,宏遠-桃園,2024-08-01,1262
2834,臺企銀,6,0,6,宏遠-桃園,2024-08-01,1262
2349,錸德,24,18,6,宏遠-桃園,2024-08-01,1262
2392,正崴,14,8,6,宏遠-桃園,2024-08-01,1262
6187,萬潤,6,0,6,宏遠-桃園,2024-08-01,1262
8028,昇陽半導體,10,4,6,宏遠-桃園,2024-08-01,1262
5443,均豪,40,35,5,宏遠-桃園,2024-08-01,1262
00878,國泰永續高股息,259,3,256,宏遠-桃園,2024-08-02,1262
00929,復華台灣科技優息,85,0,85,宏遠-桃園,2024-08-02,1262
00679B,元大美債20年,78,3,75,宏遠-桃園,2024-08-02,1262
2611,志信,65,0,65,宏遠-桃園,2024-08-02,1262
2516,新建,60,0,60,宏遠-桃園,2024-08-02,1262
2337,旺宏,49,0,49,宏遠-桃園,2024-08-02,1262
6603,富強鑫,115,67,48,宏遠-桃園,2024-08-02,1262
00680L,元大美債20正2,54,6,48,宏遠-桃園,2024-08-02,1262
2317,鴻海,58,15,43,宏遠-桃園,2024-08-02,1262
3645,達邁,42,0,42,宏遠-桃園,2024-08-02,1262
00933B,國泰10Y+金融債,40,0,40,宏遠-桃園,2024-08-02,1262
00638R,元大滬深300反1,36,0,36,宏遠-桃園,2024-08-02,1262
4564,元翎,53,19,34,宏遠-桃園,2024-08-02,1262
1409,新纖,32,0,32,宏遠-桃園,2024-08-02,1262
00857B,永豐20年美公債,36,6,30,宏遠-桃園,2024-08-02,1262
00948B,中信優息投資級債,30,0,30,宏遠-桃園,2024-08-02,1262
1717,長興,30,0,30,宏遠-桃園,2024-08-02,1262
2330,台積電,35,7,28,宏遠-桃園,2024-08-02,1262
00919,群益台灣精選高息,58,32,26,宏遠-桃園,2024-08-02,1262
00795B,中信美國公債20年,25,0,25,宏遠-桃園,2024-08-02,1262
00940,元大台灣價值高息,31,6,25,宏遠-桃園,2024-08-02,1262
2406,國碩,25,0,25,宏遠-桃園,2024-08-02,1262
5009,榮剛,25,0,25,宏遠-桃園,2024-08-02,1262
2891,中信金,29,5,24,宏遠-桃園,2024-08-02,1262
1316,上曜,30,7,23,宏遠-桃園,2024-08-02,1262
2476,鉅祥,24,2,22,宏遠-桃園,2024-08-02,1262
1802,台玻,20,0,20,宏遠-桃園,2024-08-02,1262
6425,易發,20,0,20,宏遠-桃園,2024-08-02,1262
6684,安格,20,0,20,宏遠-桃園,2024-08-02,1262
1522,堤維西,20,1,19,宏遠-桃園,2024-08-02,1262
0050,元大台灣50,17,0,17,宏遠-桃園,2024-08-02,1262
6552,易華電,16,0,16,宏遠-桃園,2024-08-02,1262
2880,華南金,15,0,15,宏遠-桃園,2024-08-02,1262
6462,神盾,34,19,15,宏遠-桃園,2024-08-02,1262
9945,潤泰新,21,7,14,宏遠-桃園,2024-08-02,1262
3703,欣陸,14,0,14,宏遠-桃園,2024-08-02,1262
00927,群益半導體收益,13,0,13,宏遠-桃園,2024-08-02,1262
6005,群益證,13,0,13,宏遠-桃園,2024-08-02,1262
6187,萬潤,14,1,13,宏遠-桃園,2024-08-02,1262
1516,川飛,16,4,12,宏遠-桃園,2024-08-02,1262
2845,遠東銀,12,0,12,宏遠-桃園,2024-08-02,1262
2851,中再保,12,0,12,宏遠-桃園,2024-08-02,1262
3035,智原,14,3,11,宏遠-桃園,2024-08-02,1262
3024,憶聲,15,4,11,宏遠-桃園,2024-08-02,1262
3189,景碩,15,4,11,宏遠-桃園,2024-08-02,1262
1799,易威,10,0,10,宏遠-桃園,2024-08-02,1262
00650L,復華香港正2,12,2,10,宏遠-桃園,2024-08-02,1262
1444,力麗,10,0,10,宏遠-桃園,2024-08-02,1262
1727,中華化,10,0,10,宏遠-桃園,2024-08-02,1262
2201,裕隆,10,0,10,宏遠-桃園,2024-08-02,1262
2516,新建,710,0,710,宏遠-桃園,2024-08-05,1262
00940,元大台灣價值高息,286,0,286,宏遠-桃園,2024-08-05,1262
6603,富強鑫,200,0,200,宏遠-桃園,2024-08-05,1262
00878,國泰永續高股息,297,102,195,宏遠-桃園,2024-08-05,1262
2317,鴻海,158,11,147,宏遠-桃園,2024-08-05,1262
2801,彰銀,175,40,135,宏遠-桃園,2024-08-05,1262
00931B,統一美債20年,110,0,110,宏遠-桃園,2024-08-05,1262
1434,福懋,100,0,100,宏遠-桃園,2024-08-05,1262
2419,仲琦,90,0,90,宏遠-桃園,2024-08-05,1262
00857B,永豐20年美公債,85,1,84,宏遠-桃園,2024-08-05,1262
00680L,元大美債20正2,109,30,79,宏遠-桃園,2024-08-05,1262
00919,群益台灣精選高息,80,4,76,宏遠-桃園,2024-08-05,1262
2476,鉅祥,70,0,70,宏遠-桃園,2024-08-05,1262
5203,訊連,70,0,70,宏遠-桃園,2024-08-05,1262
00936,台新永續高息中小,90,23,67,宏遠-桃園,2024-08-05,1262
3645,達邁,60,0,60,宏遠-桃園,2024-08-05,1262
2891,中信金,67,13,54,宏遠-桃園,2024-08-05,1262
2883,凱基金,56,2,54,宏遠-桃園,2024-08-05,1262
00665L,富邦�琤肭磪囓�2,50,0,50,宏遠-桃園,2024-08-05,1262
00946,群益科技高息成長,60,10,50,宏遠-桃園,2024-08-05,1262
2520,冠德,50,0,50,宏遠-桃園,2024-08-05,1262
5876,上海商銀,50,0,50,宏遠-桃園,2024-08-05,1262
2330,台積電,54,11,43,宏遠-桃園,2024-08-05,1262
00895,富邦未來車,41,0,41,宏遠-桃園,2024-08-05,1262
00923,群益台ESG低碳50,41,0,41,宏遠-桃園,2024-08-05,1262
2890,永豐金,40,0,40,宏遠-桃園,2024-08-05,1262
1516,川飛,50,17,33,宏遠-桃園,2024-08-05,1262
3231,緯創,42,11,31,宏遠-桃園,2024-08-05,1262
00664R,國泰臺灣加權反1,30,0,30,宏遠-桃園,2024-08-05,1262
0052,富邦科技,33,3,30,宏遠-桃園,2024-08-05,1262
4976,佳凌,30,0,30,宏遠-桃園,2024-08-05,1262
6139,亞翔,34,4,30,宏遠-桃園,2024-08-05,1262
6269,台郡,29,1,28,宏遠-桃園,2024-08-05,1262
00638R,元大滬深300反1,32,6,26,宏遠-桃園,2024-08-05,1262
00942B,台新美A公司債20+,25,0,25,宏遠-桃園,2024-08-05,1262
2885,元大金,30,6,24,宏遠-桃園,2024-08-05,1262
1802,台玻,23,0,23,宏遠-桃園,2024-08-05,1262
3481,群創,69,46,23,宏遠-桃園,2024-08-05,1262
5356,協益,23,0,23,宏遠-桃園,2024-08-05,1262
9945,潤泰新,27,6,21,宏遠-桃園,2024-08-05,1262
1446,宏和,21,0,21,宏遠-桃園,2024-08-05,1262
1609,大亞,21,0,21,宏遠-桃園,2024-08-05,1262
00642U,期元大S＆P石油,21,1,20,宏遠-桃園,2024-08-05,1262
1440,南紡,20,0,20,宏遠-桃園,2024-08-05,1262
2303,聯電,73,53,20,宏遠-桃園,2024-08-05,1262
2401,凌陽,20,0,20,宏遠-桃園,2024-08-05,1262
6552,易華電,20,0,20,宏遠-桃園,2024-08-05,1262
00927,群益半導體收益,24,6,18,宏遠-桃園,2024-08-05,1262
00687B,國泰20年美債,39,23,16,宏遠-桃園,2024-08-05,1262
8033,雷虎,56,40,16,宏遠-桃園,2024-08-05,1262
00632R,元大台灣50反1,381,24,357,宏遠-桃園,2024-08-06,1262
00881,國泰台灣5G+,209,4,205,宏遠-桃園,2024-08-06,1262
00665L,富邦�琤肭磪囓�2,280,180,100,宏遠-桃園,2024-08-06,1262
00948B,中信優息投資級債,90,0,90,宏遠-桃園,2024-08-06,1262
2419,仲琦,60,0,60,宏遠-桃園,2024-08-06,1262
00676R,富邦臺灣加權反1,90,40,50,宏遠-桃園,2024-08-06,1262
00631L,元大台灣50正2,50,4,46,宏遠-桃園,2024-08-06,1262
00878,國泰永續高股息,60,15,45,宏遠-桃園,2024-08-06,1262
6603,富強鑫,43,0,43,宏遠-桃園,2024-08-06,1262
8473,山林水,42,0,42,宏遠-桃園,2024-08-06,1262
8043,蜜望實,40,1,39,宏遠-桃園,2024-08-06,1262
2611,志信,37,2,35,宏遠-桃園,2024-08-06,1262
5876,上海商銀,35,0,35,宏遠-桃園,2024-08-06,1262
00671R,富邦NASDAQ反1,52,20,32,宏遠-桃園,2024-08-06,1262
1522,堤維西,30,0,30,宏遠-桃園,2024-08-06,1262
3390,旭軟,30,0,30,宏遠-桃園,2024-08-06,1262
5203,訊連,29,0,29,宏遠-桃園,2024-08-06,1262
0050,元大台灣50,25,0,25,宏遠-桃園,2024-08-06,1262
0056,元大高股息,25,1,24,宏遠-桃園,2024-08-06,1262
00720B,元大投資級公司債,24,0,24,宏遠-桃園,2024-08-06,1262
8033,雷虎,29,5,24,宏遠-桃園,2024-08-06,1262
00929,復華台灣科技優息,33,9,24,宏遠-桃園,2024-08-06,1262
3711,日月光投控,25,3,22,宏遠-桃園,2024-08-06,1262
00940,元大台灣價值高息,34,13,21,宏遠-桃園,2024-08-06,1262
00919,群益台灣精選高息,23,2,21,宏遠-桃園,2024-08-06,1262
2022,聚亨,20,0,20,宏遠-桃園,2024-08-06,1262
4977,眾達-KY,20,0,20,宏遠-桃園,2024-08-06,1262
6125,廣運,21,1,20,宏遠-桃園,2024-08-06,1262
3379,彬台,18,0,18,宏遠-桃園,2024-08-06,1262
3581,博磊,15,0,15,宏遠-桃園,2024-08-06,1262
6147,頎邦,15,0,15,宏遠-桃園,2024-08-06,1262
00918,大華優利高填息30,14,1,13,宏遠-桃園,2024-08-06,1262
6139,亞翔,21,8,13,宏遠-桃園,2024-08-06,1262
1569,濱川,12,0,12,宏遠-桃園,2024-08-06,1262
2455,全新,12,0,12,宏遠-桃園,2024-08-06,1262
3163,波若威,41,29,12,宏遠-桃園,2024-08-06,1262
6239,力成,18,6,12,宏遠-桃園,2024-08-06,1262
2002,中鋼,10,0,10,宏遠-桃園,2024-08-06,1262
1609,大亞,15,5,10,宏遠-桃園,2024-08-06,1262
00915,凱基優選高股息30,10,0,10,宏遠-桃園,2024-08-06,1262
00712,復華富時不動產,10,0,10,宏遠-桃園,2024-08-06,1262
2312,金寶,10,0,10,宏遠-桃園,2024-08-06,1262
2601,益航,10,0,10,宏遠-桃園,2024-08-06,1262
2851,中再保,10,0,10,宏遠-桃園,2024-08-06,1262
4105,東洋,10,0,10,宏遠-桃園,2024-08-06,1262
5515,建國,10,0,10,宏遠-桃園,2024-08-06,1262
8039,台虹,10,0,10,宏遠-桃園,2024-08-06,1262
8234,新漢,11,1,10,宏遠-桃園,2024-08-06,1262
2538,基泰,13,4,9,宏遠-桃園,2024-08-06,1262
3714,富采,9,0,9,宏遠-桃園,2024-08-06,1262
00632R,元大台灣50反1,180,4,176,宏遠-桃園,2024-08-07,1262
00680L,元大美債20正2,174,0,174,宏遠-桃園,2024-08-07,1262
00942B,台新美A公司債20+,110,0,110,宏遠-桃園,2024-08-07,1262
00937B,群益ESG投等債20,156,60,96,宏遠-桃園,2024-08-07,1262
00948B,中信優息投資級債,63,0,63,宏遠-桃園,2024-08-07,1262
2883,凱基金,41,1,40,宏遠-桃園,2024-08-07,1262
6488,環球晶,28,1,27,宏遠-桃園,2024-08-07,1262
2317,鴻海,56,33,23,宏遠-桃園,2024-08-07,1262
00929,復華台灣科技優息,148,127,21,宏遠-桃園,2024-08-07,1262
00919,群益台灣精選高息,69,49,20,宏遠-桃園,2024-08-07,1262
6213,聯茂,23,3,20,宏遠-桃園,2024-08-07,1262
2542,興富發,14,0,14,宏遠-桃園,2024-08-07,1262
2618,長榮航,16,2,14,宏遠-桃園,2024-08-07,1262
2834,臺企銀,15,3,12,宏遠-桃園,2024-08-07,1262
2338,光罩,12,0,12,宏遠-桃園,2024-08-07,1262
2449,京元電子,13,1,12,宏遠-桃園,2024-08-07,1262
00642U,期元大S＆P石油,11,0,11,宏遠-桃園,2024-08-07,1262
2886,兆豐金,13,2,11,宏遠-桃園,2024-08-07,1262
0056,元大高股息,12,2,10,宏遠-桃園,2024-08-07,1262
00915,凱基優選高股息30,10,0,10,宏遠-桃園,2024-08-07,1262
2409,友達,10,0,10,宏遠-桃園,2024-08-07,1262
2915,潤泰全,35,25,10,宏遠-桃園,2024-08-07,1262
5519,隆大,12,3,9,宏遠-桃園,2024-08-07,1262
6770,力積電,11,2,9,宏遠-桃園,2024-08-07,1262
8383,千附,9,0,9,宏遠-桃園,2024-08-07,1262
0050,元大台灣50,10,2,8,宏遠-桃園,2024-08-07,1262
2363,矽統,8,0,8,宏遠-桃園,2024-08-07,1262
2382,廣達,83,76,7,宏遠-桃園,2024-08-07,1262
00692,富邦公司治理,7,0,7,宏遠-桃園,2024-08-07,1262
1540,喬福,23,16,7,宏遠-桃園,2024-08-07,1262
4966,譜瑞-KY,7,0,7,宏遠-桃園,2024-08-07,1262
2887,台新金,6,0,6,宏遠-桃園,2024-08-07,1262
00949,復華日本龍頭,8,2,6,宏遠-桃園,2024-08-07,1262
3661,世芯-KY,6,1,5,宏遠-桃園,2024-08-07,1262
00725B,國泰投資級公司債,5,0,5,宏遠-桃園,2024-08-07,1262
00751B,元大AAA至A公司債,5,0,5,宏遠-桃園,2024-08-07,1262
00951,台新日本半導體,5,0,5,宏遠-桃園,2024-08-07,1262
1603,華電,5,0,5,宏遠-桃園,2024-08-07,1262
2324,仁寶,6,1,5,宏遠-桃園,2024-08-07,1262
2501,國建,5,0,5,宏遠-桃園,2024-08-07,1262
3037,欣興,9,4,5,宏遠-桃園,2024-08-07,1262
8358,金居,5,0,5,宏遠-桃園,2024-08-07,1262
1605,華新,5,1,4,宏遠-桃園,2024-08-07,1262
2408,南亞科,4,0,4,宏遠-桃園,2024-08-07,1262
3583,辛耘,8,4,4,宏遠-桃園,2024-08-07,1262
6514,芮特-KY,4,0,4,宏遠-桃園,2024-08-07,1262
00676R,富邦臺灣加權反1,8,5,3,宏遠-桃園,2024-08-07,1262
00830,國泰費城半導體,6,3,3,宏遠-桃園,2024-08-07,1262
00773B,中信優先金融債,3,0,3,宏遠-桃園,2024-08-07,1262
00893,國泰智能電動車,53,50,3,宏遠-桃園,2024-08-07,1262
00878,國泰永續高股息,177,1,176,宏遠-桃園,2024-08-08,1262
00942B,台新美A公司債20+,140,0,140,宏遠-桃園,2024-08-08,1262
00937B,群益ESG投等債20,163,53,110,宏遠-桃園,2024-08-08,1262
00638R,元大滬深300反1,46,2,44,宏遠-桃園,2024-08-08,1262
2886,兆豐金,42,0,42,宏遠-桃園,2024-08-08,1262
00631L,元大台灣50正2,39,0,39,宏遠-桃園,2024-08-08,1262
00679B,元大美債20年,60,22,38,宏遠-桃園,2024-08-08,1262
00941,中信上游半導體,36,0,36,宏遠-桃園,2024-08-08,1262
00680L,元大美債20正2,21,0,21,宏遠-桃園,2024-08-08,1262
1522,堤維西,20,0,20,宏遠-桃園,2024-08-08,1262
3036,文曄,21,1,20,宏遠-桃園,2024-08-08,1262
3044,健鼎,20,0,20,宏遠-桃園,2024-08-08,1262
3607,谷崧,20,0,20,宏遠-桃園,2024-08-08,1262
6125,廣運,21,1,20,宏遠-桃園,2024-08-08,1262
00720B,元大投資級公司債,16,0,16,宏遠-桃園,2024-08-08,1262
3663,鑫科,17,1,16,宏遠-桃園,2024-08-08,1262
2059,川湖,25,10,15,宏遠-桃園,2024-08-08,1262
3390,旭軟,20,5,15,宏遠-桃園,2024-08-08,1262
2891,中信金,23,9,14,宏遠-桃園,2024-08-08,1262
00772B,中信高評級公司債,12,0,12,宏遠-桃園,2024-08-08,1262
00852L,國泰美國道瓊正2,12,0,12,宏遠-桃園,2024-08-08,1262
00881,國泰台灣5G+,11,0,11,宏遠-桃園,2024-08-08,1262
2486,一詮,15,4,11,宏遠-桃園,2024-08-08,1262
6231,系微,11,0,11,宏遠-桃園,2024-08-08,1262
00933B,國泰10Y+金融債,10,0,10,宏遠-桃園,2024-08-08,1262
1309,台達化,10,0,10,宏遠-桃園,2024-08-08,1262
2409,友達,10,0,10,宏遠-桃園,2024-08-08,1262
2515,中工,10,0,10,宏遠-桃園,2024-08-08,1262
2888,新光金,11,1,10,宏遠-桃園,2024-08-08,1262
4157,太景*-KY,10,0,10,宏遠-桃園,2024-08-08,1262
4931,新盛力,10,0,10,宏遠-桃園,2024-08-08,1262
6684,安格,12,2,10,宏遠-桃園,2024-08-08,1262
6770,力積電,11,1,10,宏遠-桃園,2024-08-08,1262
1516,川飛,12,3,9,宏遠-桃園,2024-08-08,1262
2609,陽明,12,4,8,宏遠-桃園,2024-08-08,1262
2365,昆盈,50,42,8,宏遠-桃園,2024-08-08,1262
00940,元大台灣價值高息,9,1,8,宏遠-桃園,2024-08-08,1262
2834,臺企銀,13,5,8,宏遠-桃園,2024-08-08,1262
2615,萬海,14,6,8,宏遠-桃園,2024-08-08,1262
00919,群益台灣精選高息,7,0,7,宏遠-桃園,2024-08-08,1262
2449,京元電子,8,1,7,宏遠-桃園,2024-08-08,1262
3312,弘憶股,10,3,7,宏遠-桃園,2024-08-08,1262
4909,新復興,14,7,7,宏遠-桃園,2024-08-08,1262
2317,鴻海,27,20,7,宏遠-桃園,2024-08-08,1262
00687B,國泰20年美債,8,2,6,宏遠-桃園,2024-08-08,1262
00650L,復華香港正2,17,11,6,宏遠-桃園,2024-08-08,1262
00948B,中信優息投資級債,6,0,6,宏遠-桃園,2024-08-08,1262
2618,長榮航,8,2,6,宏遠-桃園,2024-08-08,1262
3189,景碩,13,7,6,宏遠-桃園,2024-08-08,1262
3231,緯創,12,6,6,宏遠-桃園,2024-08-08,1262
00632R,元大台灣50反1,137,0,137,宏遠-桃園,2024-08-09,1262
6603,富強鑫,134,11,123,宏遠-桃園,2024-08-09,1262
00929,復華台灣科技優息,95,2,93,宏遠-桃園,2024-08-09,1262
3481,群創,100,30,70,宏遠-桃園,2024-08-09,1262
8064,東捷,68,0,68,宏遠-桃園,2024-08-09,1262
00948B,中信優息投資級債,67,0,67,宏遠-桃園,2024-08-09,1262
2344,華邦電,65,1,64,宏遠-桃園,2024-08-09,1262
00878,國泰永續高股息,72,16,56,宏遠-桃園,2024-08-09,1262
2890,永豐金,40,0,40,宏遠-桃園,2024-08-09,1262
00919,群益台灣精選高息,36,0,36,宏遠-桃園,2024-08-09,1262
6152,百一,35,0,35,宏遠-桃園,2024-08-09,1262
00945B,凱基美國非投等債,30,0,30,宏遠-桃園,2024-08-09,1262
2438,翔耀,28,0,28,宏遠-桃園,2024-08-09,1262
1309,台達化,25,0,25,宏遠-桃園,2024-08-09,1262
3017,奇鋐,21,0,21,宏遠-桃園,2024-08-09,1262
2883B,凱基金乙特,20,0,20,宏遠-桃園,2024-08-09,1262
3019,亞光,26,6,20,宏遠-桃園,2024-08-09,1262
6231,系微,19,0,19,宏遠-桃園,2024-08-09,1262
00680L,元大美債20正2,23,6,17,宏遠-桃園,2024-08-09,1262
00664R,國泰臺灣加權反1,22,5,17,宏遠-桃園,2024-08-09,1262
00937B,群益ESG投等債20,90,74,16,宏遠-桃園,2024-08-09,1262
3037,欣興,19,3,16,宏遠-桃園,2024-08-09,1262
00795B,中信美國公債20年,15,0,15,宏遠-桃園,2024-08-09,1262
6213,聯茂,15,0,15,宏遠-桃園,2024-08-09,1262
4906,正文,12,0,12,宏遠-桃園,2024-08-09,1262
00933B,國泰10Y+金融債,11,0,11,宏遠-桃園,2024-08-09,1262
2884,玉山金,11,1,10,宏遠-桃園,2024-08-09,1262
4157,太景*-KY,10,0,10,宏遠-桃園,2024-08-09,1262
1609,大亞,18,9,9,宏遠-桃園,2024-08-09,1262
2376,技嘉,10,1,9,宏遠-桃園,2024-08-09,1262
2312,金寶,18,10,8,宏遠-桃園,2024-08-09,1262
2353,宏��,11,4,7,宏遠-桃園,2024-08-09,1262
2892,第一金,10,3,7,宏遠-桃園,2024-08-09,1262
6139,亞翔,25,19,6,宏遠-桃園,2024-08-09,1262
00631L,元大台灣50正2,6,0,6,宏遠-桃園,2024-08-09,1262
00725B,國泰投資級公司債,6,0,6,宏遠-桃園,2024-08-09,1262
4533,協易機,16,10,6,宏遠-桃園,2024-08-09,1262
6742,澤米,7,1,6,宏遠-桃園,2024-08-09,1262
1514,亞力,12,6,6,宏遠-桃園,2024-08-09,1262
00720B,元大投資級公司債,5,0,5,宏遠-桃園,2024-08-09,1262
00764B,群益25年美債,5,0,5,宏遠-桃園,2024-08-09,1262
00928,中信上櫃ESG30,5,0,5,宏遠-桃園,2024-08-09,1262
00940,元大台灣價值高息,16,11,5,宏遠-桃園,2024-08-09,1262
2457,飛宏,7,2,5,宏遠-桃園,2024-08-09,1262
5309,系統電,5,0,5,宏遠-桃園,2024-08-09,1262
2313,華通,6,1,5,宏遠-桃園,2024-08-09,1262
2317,鴻海,12,8,4,宏遠-桃園,2024-08-09,1262
00927,群益半導體收益,4,0,4,宏遠-桃園,2024-08-09,1262
00773B,中信優先金融債,4,0,4,宏遠-桃園,2024-08-09,1262
00688L,國泰20年美債正2,5,1,4,宏遠-桃園,2024-08-09,1262
00632R,元大台灣50反1,151,26,125,宏遠-桃園,2024-08-12,1262
2419,仲琦,70,0,70,宏遠-桃園,2024-08-12,1262
6152,百一,60,0,60,宏遠-桃園,2024-08-12,1262
00679B,元大美債20年,51,5,46,宏遠-桃園,2024-08-12,1262
00680L,元大美債20正2,49,6,43,宏遠-桃園,2024-08-12,1262
2449,京元電子,55,22,33,宏遠-桃園,2024-08-12,1262
00720B,元大投資級公司債,32,0,32,宏遠-桃園,2024-08-12,1262
2891,中信金,33,2,31,宏遠-桃園,2024-08-12,1262
3390,旭軟,30,0,30,宏遠-桃園,2024-08-12,1262
8064,東捷,32,2,30,宏遠-桃園,2024-08-12,1262
00929,復華台灣科技優息,33,3,30,宏遠-桃園,2024-08-12,1262
02001R,富邦蘋果反一N,24,0,24,宏遠-桃園,2024-08-12,1262
3535,晶彩科,21,0,21,宏遠-桃園,2024-08-12,1262
00725B,國泰投資級公司債,20,0,20,宏遠-桃園,2024-08-12,1262
3167,大量,21,1,20,宏遠-桃園,2024-08-12,1262
2313,華通,20,0,20,宏遠-桃園,2024-08-12,1262
00878,國泰永續高股息,20,1,19,宏遠-桃園,2024-08-12,1262
1314,中石化,18,0,18,宏遠-桃園,2024-08-12,1262
3024,憶聲,16,0,16,宏遠-桃園,2024-08-12,1262
2530,華建,15,0,15,宏遠-桃園,2024-08-12,1262
5351,鈺創,14,0,14,宏遠-桃園,2024-08-12,1262
2486,一詮,14,2,12,宏遠-桃園,2024-08-12,1262
3339,泰谷,13,1,12,宏遠-桃園,2024-08-12,1262
2888,新光金,30,18,12,宏遠-桃園,2024-08-12,1262
6187,萬潤,15,4,11,宏遠-桃園,2024-08-12,1262
00664R,國泰臺灣加權反1,10,0,10,宏遠-桃園,2024-08-12,1262
00916,國泰全球品牌50,10,0,10,宏遠-桃園,2024-08-12,1262
2515,中工,10,0,10,宏遠-桃園,2024-08-12,1262
4562,穎漢,28,18,10,宏遠-桃園,2024-08-12,1262
8011,台通,10,0,10,宏遠-桃園,2024-08-12,1262
00933B,國泰10Y+金融債,9,0,9,宏遠-桃園,2024-08-12,1262
00919,群益台灣精選高息,9,0,9,宏遠-桃園,2024-08-12,1262
6617,共信-KY,9,0,9,宏遠-桃園,2024-08-12,1262
3019,亞光,25,17,8,宏遠-桃園,2024-08-12,1262
3581,博磊,50,42,8,宏遠-桃園,2024-08-12,1262
3663,鑫科,18,10,8,宏遠-桃園,2024-08-12,1262
2610,華航,7,0,7,宏遠-桃園,2024-08-12,1262
6219,富旺,7,0,7,宏遠-桃園,2024-08-12,1262
2881,富邦金,7,0,7,宏遠-桃園,2024-08-12,1262
2365,昆盈,34,28,6,宏遠-桃園,2024-08-12,1262
00928,中信上櫃ESG30,6,0,6,宏遠-桃園,2024-08-12,1262
0056,元大高股息,5,0,5,宏遠-桃園,2024-08-12,1262
1438,三地開發,5,0,5,宏遠-桃園,2024-08-12,1262
1309,台達化,5,0,5,宏遠-桃園,2024-08-12,1262
1608,華榮,5,0,5,宏遠-桃園,2024-08-12,1262
2312,金寶,12,7,5,宏遠-桃園,2024-08-12,1262
3491,昇達科,5,0,5,宏遠-桃園,2024-08-12,1262
6143,振曜,5,0,5,宏遠-桃園,2024-08-12,1262
9945,潤泰新,4,0,4,宏遠-桃園,2024-08-12,1262
1513,中興電,6,2,4,宏遠-桃園,2024-08-12,1262
2516,新建,251,0,251,宏遠-桃園,2024-08-13,1262
00632R,元大台灣50反1,178,36,142,宏遠-桃園,2024-08-13,1262
00881,國泰台灣5G+,107,0,107,宏遠-桃園,2024-08-13,1262
6269,台郡,72,0,72,宏遠-桃園,2024-08-13,1262
00929,復華台灣科技優息,66,3,63,宏遠-桃園,2024-08-13,1262
00945B,凱基美國非投等債,60,0,60,宏遠-桃園,2024-08-13,1262
2419,仲琦,50,0,50,宏遠-桃園,2024-08-13,1262
1604,聲寶,33,0,33,宏遠-桃園,2024-08-13,1262
5351,鈺創,33,0,33,宏遠-桃園,2024-08-13,1262
00931B,統一美債20年,30,0,30,宏遠-桃園,2024-08-13,1262
00688L,國泰20年美債正2,30,0,30,宏遠-桃園,2024-08-13,1262
3390,旭軟,50,20,30,宏遠-桃園,2024-08-13,1262
00637L,元大滬深300正2,26,0,26,宏遠-桃園,2024-08-13,1262
00885,富邦越南,90,64,26,宏遠-桃園,2024-08-13,1262
3019,亞光,69,44,25,宏遠-桃園,2024-08-13,1262
3581,博磊,24,0,24,宏遠-桃園,2024-08-13,1262
2383,台光電,22,1,21,宏遠-桃園,2024-08-13,1262
00900,富邦特選高股息30,20,0,20,宏遠-桃園,2024-08-13,1262
1440,南紡,20,0,20,宏遠-桃園,2024-08-13,1262
4720,德淵,21,1,20,宏遠-桃園,2024-08-13,1262
3481,群創,40,21,19,宏遠-桃園,2024-08-13,1262
1781,合世,15,0,15,宏遠-桃園,2024-08-13,1262
00937B,群益ESG投等債20,15,0,15,宏遠-桃園,2024-08-13,1262
3362,先進光,12,0,12,宏遠-桃園,2024-08-13,1262
2449,京元電子,22,11,11,宏遠-桃園,2024-08-13,1262
2886,兆豐金,11,0,11,宏遠-桃園,2024-08-13,1262
00712,復華富時不動產,11,0,11,宏遠-桃園,2024-08-13,1262
4174,浩鼎,12,1,11,宏遠-桃園,2024-08-13,1262
6532,瑞耘,12,1,11,宏遠-桃園,2024-08-13,1262
00636,國泰中國A50,10,0,10,宏遠-桃園,2024-08-13,1262
1444,力麗,10,0,10,宏遠-桃園,2024-08-13,1262
2610,華航,10,0,10,宏遠-桃園,2024-08-13,1262
5498,凱崴,10,0,10,宏遠-桃園,2024-08-13,1262
6617,共信-KY,10,0,10,宏遠-桃園,2024-08-13,1262
3017,奇鋐,17,7,10,宏遠-桃園,2024-08-13,1262
2915,潤泰全,10,1,9,宏遠-桃園,2024-08-13,1262
2615,萬海,16,8,8,宏遠-桃園,2024-08-13,1262
2359,所羅門,16,8,8,宏遠-桃園,2024-08-13,1262
2892,第一金,8,0,8,宏遠-桃園,2024-08-13,1262
3645,達邁,8,0,8,宏遠-桃園,2024-08-13,1262
00679B,元大美債20年,17,10,7,宏遠-桃園,2024-08-13,1262
3047,訊舟,6,0,6,宏遠-桃園,2024-08-13,1262
3060,銘異,6,0,6,宏遠-桃園,2024-08-13,1262
3711,日月光投控,7,1,6,宏遠-桃園,2024-08-13,1262
1301,台塑,5,0,5,宏遠-桃園,2024-08-13,1262
2356,英業達,6,1,5,宏遠-桃園,2024-08-13,1262
3013,晟銘電,25,20,5,宏遠-桃園,2024-08-13,1262
3189,景碩,5,0,5,宏遠-桃園,2024-08-13,1262
4566,時碩工業,9,4,5,宏遠-桃園,2024-08-13,1262
4973,廣穎,5,0,5,宏遠-桃園,2024-08-13,1262
2516,新建,229,0,229,宏遠-桃園,2024-08-14,1262
00650L,復華香港正2,118,5,113,宏遠-桃園,2024-08-14,1262
00632R,元大台灣50反1,126,15,111,宏遠-桃園,2024-08-14,1262
00665L,富邦�琤肭磪囓�2,104,0,104,宏遠-桃園,2024-08-14,1262
2611,志信,105,5,100,宏遠-桃園,2024-08-14,1262
00948B,中信優息投資級債,70,0,70,宏遠-桃園,2024-08-14,1262
00687B,國泰20年美債,50,0,50,宏遠-桃園,2024-08-14,1262
2520,冠德,51,1,50,宏遠-桃園,2024-08-14,1262
8064,東捷,41,0,41,宏遠-桃園,2024-08-14,1262
2880,華南金,46,14,32,宏遠-桃園,2024-08-14,1262
3607,谷崧,30,0,30,宏遠-桃園,2024-08-14,1262
7402,邑錡,30,1,29,宏遠-桃園,2024-08-14,1262
00945B,凱基美國非投等債,21,0,21,宏遠-桃園,2024-08-14,1262
00679B,元大美債20年,37,16,21,宏遠-桃園,2024-08-14,1262
3048,益登,21,0,21,宏遠-桃園,2024-08-14,1262
3481,群創,23,3,20,宏遠-桃園,2024-08-14,1262
00881,國泰台灣5G+,20,3,17,宏遠-桃園,2024-08-14,1262
6224,聚鼎,16,0,16,宏遠-桃園,2024-08-14,1262
02001R,富邦蘋果反一N,14,0,14,宏遠-桃園,2024-08-14,1262
8354,冠好,13,0,13,宏遠-桃園,2024-08-14,1262
3062,建漢,34,21,13,宏遠-桃園,2024-08-14,1262
1101,台泥,12,0,12,宏遠-桃園,2024-08-14,1262
00937B,群益ESG投等債20,13,1,12,宏遠-桃園,2024-08-14,1262
4958,臻鼎-KY,12,1,11,宏遠-桃園,2024-08-14,1262
00931B,統一美債20年,10,0,10,宏遠-桃園,2024-08-14,1262
00907,永豐優息存股,10,0,10,宏遠-桃園,2024-08-14,1262
00904,新光臺灣半導體30,10,0,10,宏遠-桃園,2024-08-14,1262
00680L,元大美債20正2,26,16,10,宏遠-桃園,2024-08-14,1262
1516,川飛,10,0,10,宏遠-桃園,2024-08-14,1262
1608,華榮,10,0,10,宏遠-桃園,2024-08-14,1262
3167,大量,37,27,10,宏遠-桃園,2024-08-14,1262
6431,光麗-KY,10,0,10,宏遠-桃園,2024-08-14,1262
6603,富強鑫,10,0,10,宏遠-桃園,2024-08-14,1262
2888,新光金,10,0,10,宏遠-桃園,2024-08-14,1262
4533,協易機,9,0,9,宏遠-桃園,2024-08-14,1262
2362,藍天,13,5,8,宏遠-桃園,2024-08-14,1262
3455,由田,8,0,8,宏遠-桃園,2024-08-14,1262
6754,匯僑設計,10,2,8,宏遠-桃園,2024-08-14,1262
6139,亞翔,28,20,8,宏遠-桃園,2024-08-14,1262
00637L,元大滬深300正2,8,1,7,宏遠-桃園,2024-08-14,1262
2607,榮運,8,1,7,宏遠-桃園,2024-08-14,1262
6446,藥華藥,13,7,6,宏遠-桃園,2024-08-14,1262
2401,凌陽,6,0,6,宏遠-桃園,2024-08-14,1262
6177,達麗,6,0,6,宏遠-桃園,2024-08-14,1262
6617,共信-KY,5,0,5,宏遠-桃園,2024-08-14,1262
00927,群益半導體收益,6,1,5,宏遠-桃園,2024-08-14,1262
00940,元大台灣價值高息,12,7,5,宏遠-桃園,2024-08-14,1262
2348,海悅,5,0,5,宏遠-桃園,2024-08-14,1262
2890,永豐金,5,0,5,宏遠-桃園,2024-08-14,1262
2892,第一金,5,0,5,宏遠-桃園,2024-08-14,1262
00687B,國泰20年美債,240,0,240,宏遠-桃園,2024-08-15,1262
00679B,元大美債20年,137,5,132,宏遠-桃園,2024-08-15,1262
00878,國泰永續高股息,61,0,61,宏遠-桃園,2024-08-15,1262
2516,新建,37,0,37,宏遠-桃園,2024-08-15,1262
00631L,元大台灣50正2,35,0,35,宏遠-桃園,2024-08-15,1262
4513,福裕,30,2,28,宏遠-桃園,2024-08-15,1262
9105,泰金寶-DR,30,2,28,宏遠-桃園,2024-08-15,1262
2376,技嘉,49,28,21,宏遠-桃園,2024-08-15,1262
1319,東陽,20,0,20,宏遠-桃園,2024-08-15,1262
1584,精剛,21,1,20,宏遠-桃園,2024-08-15,1262
1570,力肯,19,0,19,宏遠-桃園,2024-08-15,1262
2891,中信金,24,5,19,宏遠-桃園,2024-08-15,1262
1101,台泥,18,0,18,宏遠-桃園,2024-08-15,1262
00638R,元大滬深300反1,18,0,18,宏遠-桃園,2024-08-15,1262
2880,華南金,18,0,18,宏遠-桃園,2024-08-15,1262
4562,穎漢,50,33,17,宏遠-桃園,2024-08-15,1262
5905,南仁湖,15,0,15,宏遠-桃園,2024-08-15,1262
6005,群益證,15,0,15,宏遠-桃園,2024-08-15,1262
3581,博磊,15,2,13,宏遠-桃園,2024-08-15,1262
5880,合庫金,12,0,12,宏遠-桃園,2024-08-15,1262
00900,富邦特選高股息30,22,10,12,宏遠-桃園,2024-08-15,1262
6152,百一,11,0,11,宏遠-桃園,2024-08-15,1262
2301,光寶科,11,1,10,宏遠-桃園,2024-08-15,1262
00931B,統一美債20年,10,0,10,宏遠-桃園,2024-08-15,1262
6603,富強鑫,20,10,10,宏遠-桃園,2024-08-15,1262
8081,致新,10,0,10,宏遠-桃園,2024-08-15,1262
2352,佳世達,14,5,9,宏遠-桃園,2024-08-15,1262
2915,潤泰全,19,10,9,宏遠-桃園,2024-08-15,1262
2886,兆豐金,13,5,8,宏遠-桃園,2024-08-15,1262
3665,貿聯-KY,8,0,8,宏遠-桃園,2024-08-15,1262
3227,原相,10,2,8,宏遠-桃園,2024-08-15,1262
2363,矽統,7,0,7,宏遠-桃園,2024-08-15,1262
2543,皇昌,6,0,6,宏遠-桃園,2024-08-15,1262
3711,日月光投控,7,1,6,宏遠-桃園,2024-08-15,1262
6754,匯僑設計,16,10,6,宏遠-桃園,2024-08-15,1262
3284,太普高,5,0,5,宏遠-桃園,2024-08-15,1262
1609,大亞,5,0,5,宏遠-桃園,2024-08-15,1262
2539,櫻花建,5,0,5,宏遠-桃園,2024-08-15,1262
2882,國泰金,5,0,5,宏遠-桃園,2024-08-15,1262
3491,昇達科,5,0,5,宏遠-桃園,2024-08-15,1262
4566,時碩工業,8,3,5,宏遠-桃園,2024-08-15,1262
6419,京晨科,5,0,5,宏遠-桃園,2024-08-15,1262
2031,新光鋼,5,0,5,宏遠-桃園,2024-08-15,1262
00715L,期街口布蘭特正2,6,1,5,宏遠-桃園,2024-08-15,1262
2615,萬海,11,7,4,宏遠-桃園,2024-08-15,1262
0056,元大高股息,4,0,4,宏遠-桃園,2024-08-15,1262
1514,亞力,10,6,4,宏遠-桃園,2024-08-15,1262
1516,川飛,6,2,4,宏遠-桃園,2024-08-15,1262
4555,氣立,4,0,4,宏遠-桃園,2024-08-15,1262
9941,裕融,3,0,3,宏遠-桃園,2024-08-15,1262
2731,雄獅,240,0,240,宏遠-桃園,2024-08-16,1262
00687B,國泰20年美債,171,1,170,宏遠-桃園,2024-08-16,1262
00632R,元大台灣50反1,141,22,119,宏遠-桃園,2024-08-16,1262
6603,富強鑫,105,0,105,宏遠-桃園,2024-08-16,1262
00795B,中信美國公債20年,83,0,83,宏遠-桃園,2024-08-16,1262
4906,正文,76,3,73,宏遠-桃園,2024-08-16,1262
6695,芯鼎,57,3,54,宏遠-桃園,2024-08-16,1262
2538,基泰,42,0,42,宏遠-桃園,2024-08-16,1262
00948B,中信優息投資級債,41,0,41,宏遠-桃園,2024-08-16,1262
00676R,富邦臺灣加權反1,36,0,36,宏遠-桃園,2024-08-16,1262
3019,亞光,61,25,36,宏遠-桃園,2024-08-16,1262
4979,華星光,28,0,28,宏遠-桃園,2024-08-16,1262
00679B,元大美債20年,30,5,25,宏遠-桃園,2024-08-16,1262
5356,協益,22,0,22,宏遠-桃園,2024-08-16,1262
00680L,元大美債20正2,21,0,21,宏遠-桃園,2024-08-16,1262
6116,彩晶,20,0,20,宏遠-桃園,2024-08-16,1262
2371,大同,19,0,19,宏遠-桃園,2024-08-16,1262
00637L,元大滬深300正2,20,3,17,宏遠-桃園,2024-08-16,1262
2233,宇隆,14,0,14,宏遠-桃園,2024-08-16,1262
1785,光洋科,12,0,12,宏遠-桃園,2024-08-16,1262
4562,穎漢,31,19,12,宏遠-桃園,2024-08-16,1262
00900,富邦特選高股息30,11,0,11,宏遠-桃園,2024-08-16,1262
6117,迎廣,12,1,11,宏遠-桃園,2024-08-16,1262
00725B,國泰投資級公司債,10,0,10,宏遠-桃園,2024-08-16,1262
2352,佳世達,10,0,10,宏遠-桃園,2024-08-16,1262
2501,國建,10,0,10,宏遠-桃園,2024-08-16,1262
2515,中工,10,0,10,宏遠-桃園,2024-08-16,1262
3030,德律,10,0,10,宏遠-桃園,2024-08-16,1262
4127,天良,10,0,10,宏遠-桃園,2024-08-16,1262
5515,建國,10,0,10,宏遠-桃園,2024-08-16,1262
8464,億豐,10,0,10,宏遠-桃園,2024-08-16,1262
2915,潤泰全,20,11,9,宏遠-桃園,2024-08-16,1262
5351,鈺創,10,1,9,宏遠-桃園,2024-08-16,1262
9105,泰金寶-DR,10,1,9,宏遠-桃園,2024-08-16,1262
0052,富邦科技,8,0,8,宏遠-桃園,2024-08-16,1262
2368,金像電,10,3,7,宏遠-桃園,2024-08-16,1262
8043,蜜望實,8,1,7,宏遠-桃園,2024-08-16,1262
00907,永豐優息存股,6,0,6,宏遠-桃園,2024-08-16,1262
2543,皇昌,8,2,6,宏遠-桃園,2024-08-16,1262
3455,由田,15,9,6,宏遠-桃園,2024-08-16,1262
3583,辛耘,8,3,5,宏遠-桃園,2024-08-16,1262
2313,華通,15,10,5,宏遠-桃園,2024-08-16,1262
00764B,群益25年美債,5,0,5,宏遠-桃園,2024-08-16,1262
00928,中信上櫃ESG30,5,0,5,宏遠-桃園,2024-08-16,1262
00918,大華優利高填息30,5,0,5,宏遠-桃園,2024-08-16,1262
2504,國產,5,0,5,宏遠-桃園,2024-08-16,1262
5512,力麒,5,0,5,宏遠-桃園,2024-08-16,1262
6228,全譜,6,1,5,宏遠-桃園,2024-08-16,1262
8096,擎亞,39,34,5,宏遠-桃園,2024-08-16,1262
00641R,富邦日本反1,4,0,4,宏遠-桃園,2024-08-16,1262
00687B,國泰20年美債,292,0,292,宏遠-桃園,2024-08-19,1262
5452,佶優,100,10,90,宏遠-桃園,2024-08-19,1262
00679B,元大美債20年,77,20,57,宏遠-桃園,2024-08-19,1262
6877,鏵友益,66,16,50,宏遠-桃園,2024-08-19,1262
6218,豪勉,42,0,42,宏遠-桃園,2024-08-19,1262
00929,復華台灣科技優息,39,0,39,宏遠-桃園,2024-08-19,1262
00632R,元大台灣50反1,37,6,31,宏遠-桃園,2024-08-19,1262
2885,元大金,30,0,30,宏遠-桃園,2024-08-19,1262
9907,統一實,30,0,30,宏遠-桃園,2024-08-19,1262
00948B,中信優息投資級債,28,0,28,宏遠-桃園,2024-08-19,1262
3062,建漢,34,9,25,宏遠-桃園,2024-08-19,1262
6228,全譜,26,5,21,宏遠-桃園,2024-08-19,1262
6603,富強鑫,20,0,20,宏遠-桃園,2024-08-19,1262
00933B,國泰10Y+金融債,17,0,17,宏遠-桃園,2024-08-19,1262
4566,時碩工業,18,1,17,宏遠-桃園,2024-08-19,1262
5347,世界,17,1,16,宏遠-桃園,2024-08-19,1262
3047,訊舟,29,15,14,宏遠-桃園,2024-08-19,1262
00715L,期街口布蘭特正2,19,5,14,宏遠-桃園,2024-08-19,1262
1301,台塑,12,0,12,宏遠-桃園,2024-08-19,1262
3450,聯鈞,18,6,12,宏遠-桃園,2024-08-19,1262
2615,萬海,16,5,11,宏遠-桃園,2024-08-19,1262
2609,陽明,12,1,11,宏遠-桃園,2024-08-19,1262
00900,富邦特選高股息30,10,0,10,宏遠-桃園,2024-08-19,1262
1611,中電,10,0,10,宏遠-桃園,2024-08-19,1262
3617,碩天,10,0,10,宏遠-桃園,2024-08-19,1262
4526,東台,10,0,10,宏遠-桃園,2024-08-19,1262
6117,迎廣,10,0,10,宏遠-桃園,2024-08-19,1262
6278,台表科,10,0,10,宏遠-桃園,2024-08-19,1262
6442,光聖,10,0,10,宏遠-桃園,2024-08-19,1262
6505,台塑化,10,0,10,宏遠-桃園,2024-08-19,1262
2374,佳能,10,1,9,宏遠-桃園,2024-08-19,1262
5512,力麒,9,0,9,宏遠-桃園,2024-08-19,1262
00725B,國泰投資級公司債,8,0,8,宏遠-桃園,2024-08-19,1262
3013,晟銘電,8,0,8,宏遠-桃園,2024-08-19,1262
3665,貿聯-KY,8,0,8,宏遠-桃園,2024-08-19,1262
2881,富邦金,10,3,7,宏遠-桃園,2024-08-19,1262
3024,憶聲,7,0,7,宏遠-桃園,2024-08-19,1262
3522,御嵿,7,0,7,宏遠-桃園,2024-08-19,1262
6742,澤米,7,0,7,宏遠-桃園,2024-08-19,1262
2385,群光,6,0,6,宏遠-桃園,2024-08-19,1262
00751B,元大AAA至A公司債,6,0,6,宏遠-桃園,2024-08-19,1262
1597,直得,6,0,6,宏遠-桃園,2024-08-19,1262
2537,聯上發,11,5,6,宏遠-桃園,2024-08-19,1262
4908,前鼎,6,0,6,宏遠-桃園,2024-08-19,1262
6552,易華電,6,0,6,宏遠-桃園,2024-08-19,1262
2388,威盛,7,1,6,宏遠-桃園,2024-08-19,1262
4174,浩鼎,6,1,5,宏遠-桃園,2024-08-19,1262
3693,營邦,5,0,5,宏遠-桃園,2024-08-19,1262
00941,中信上游半導體,5,0,5,宏遠-桃園,2024-08-19,1262
00937B,群益ESG投等債20,5,0,5,宏遠-桃園,2024-08-19,1262
6603,富強鑫,339,5,334,宏遠-桃園,2024-08-20,1262
00683L,期元大美元指正2,200,0,200,宏遠-桃園,2024-08-20,1262
00753L,中信中國50正2,150,0,150,宏遠-桃園,2024-08-20,1262
6139,亞翔,111,1,110,宏遠-桃園,2024-08-20,1262
2888,新光金,98,33,65,宏遠-桃園,2024-08-20,1262
00937B,群益ESG投等債20,61,0,61,宏遠-桃園,2024-08-20,1262
00632R,元大台灣50反1,67,16,51,宏遠-桃園,2024-08-20,1262
00687B,國泰20年美債,49,1,48,宏遠-桃園,2024-08-20,1262
5443,均豪,49,10,39,宏遠-桃園,2024-08-20,1262
00929,復華台灣科技優息,34,3,31,宏遠-桃園,2024-08-20,1262
00948B,中信優息投資級債,30,0,30,宏遠-桃園,2024-08-20,1262
6160,欣技,30,0,30,宏遠-桃園,2024-08-20,1262
6698,旭暉應材,30,0,30,宏遠-桃園,2024-08-20,1262
6877,鏵友益,59,29,30,宏遠-桃園,2024-08-20,1262
00679B,元大美債20年,39,15,24,宏遠-桃園,2024-08-20,1262
2374,佳能,36,12,24,宏遠-桃園,2024-08-20,1262
3062,建漢,27,4,23,宏遠-桃園,2024-08-20,1262
2882,國泰金,20,0,20,宏遠-桃園,2024-08-20,1262
00933B,國泰10Y+金融債,20,0,20,宏遠-桃園,2024-08-20,1262
3490,單井,20,0,20,宏遠-桃園,2024-08-20,1262
4167,松瑞藥,20,0,20,宏遠-桃園,2024-08-20,1262
2405,輔信,25,6,19,宏遠-桃園,2024-08-20,1262
6125,廣運,20,4,16,宏遠-桃園,2024-08-20,1262
8466,美吉吉-KY,25,9,16,宏遠-桃園,2024-08-20,1262
00919,群益台灣精選高息,15,0,15,宏遠-桃園,2024-08-20,1262
3265,台星科,15,0,15,宏遠-桃園,2024-08-20,1262
6958,日盛台駿,15,1,14,宏遠-桃園,2024-08-20,1262
00637L,元大滬深300正2,13,1,12,宏遠-桃園,2024-08-20,1262
9945,潤泰新,12,0,12,宏遠-桃園,2024-08-20,1262
00715L,期街口布蘭特正2,12,1,11,宏遠-桃園,2024-08-20,1262
2301,光寶科,11,0,11,宏遠-桃園,2024-08-20,1262
2883,凱基金,11,0,11,宏遠-桃園,2024-08-20,1262
2352,佳世達,11,1,10,宏遠-桃園,2024-08-20,1262
1444,力麗,10,0,10,宏遠-桃園,2024-08-20,1262
1460,宏遠,10,0,10,宏遠-桃園,2024-08-20,1262
1582,信錦,10,0,10,宏遠-桃園,2024-08-20,1262
2516,新建,10,0,10,宏遠-桃園,2024-08-20,1262
2855,統一證,20,10,10,宏遠-桃園,2024-08-20,1262
2867,三商壽,10,0,10,宏遠-桃園,2024-08-20,1262
3024,憶聲,10,0,10,宏遠-桃園,2024-08-20,1262
8027,鈦昇,10,0,10,宏遠-桃園,2024-08-20,1262
4760,勤凱,10,0,10,宏遠-桃園,2024-08-20,1262
1784,訊聯,27,19,8,宏遠-桃園,2024-08-20,1262
3324,雙鴻,11,4,7,宏遠-桃園,2024-08-20,1262
5519,隆大,7,0,7,宏遠-桃園,2024-08-20,1262
8064,東捷,11,4,7,宏遠-桃園,2024-08-20,1262
2317,鴻海,9,2,7,宏遠-桃園,2024-08-20,1262
2537,聯上發,6,0,6,宏遠-桃園,2024-08-20,1262
3580,友威科,30,24,6,宏遠-桃園,2024-08-20,1262
8028,昇陽半導體,7,2,5,宏遠-桃園,2024-08-20,1262
00687B,國泰20年美債,607,29,578,宏遠-桃園,2024-08-21,1262
6603,富強鑫,471,0,471,宏遠-桃園,2024-08-21,1262
2888,新光金,435,145,290,宏遠-桃園,2024-08-21,1262
1714,和桐,90,0,90,宏遠-桃園,2024-08-21,1262
00632R,元大台灣50反1,100,17,83,宏遠-桃園,2024-08-21,1262
2891,中信金,98,15,83,宏遠-桃園,2024-08-21,1262
00948B,中信優息投資級債,87,28,59,宏遠-桃園,2024-08-21,1262
00953B,群益優選非投等債,55,0,55,宏遠-桃園,2024-08-21,1262
00882,中信中國高股息,46,0,46,宏遠-桃園,2024-08-21,1262
2890,永豐金,41,0,41,宏遠-桃園,2024-08-21,1262
00665L,富邦�琤肭磪囓�2,40,0,40,宏遠-桃園,2024-08-21,1262
00688L,國泰20年美債正2,35,0,35,宏遠-桃園,2024-08-21,1262
2516,新建,30,1,29,宏遠-桃園,2024-08-21,1262
3645,達邁,51,23,28,宏遠-桃園,2024-08-21,1262
2885,元大金,25,0,25,宏遠-桃園,2024-08-21,1262
6684,安格,25,0,25,宏遠-桃園,2024-08-21,1262
00881,國泰台灣5G+,24,0,24,宏遠-桃園,2024-08-21,1262
2208,台船,24,0,24,宏遠-桃園,2024-08-21,1262
2886,兆豐金,21,0,21,宏遠-桃園,2024-08-21,1262
00929,復華台灣科技優息,46,26,20,宏遠-桃園,2024-08-21,1262
1101,台泥,20,0,20,宏遠-桃園,2024-08-21,1262
6425,易發,20,0,20,宏遠-桃園,2024-08-21,1262
6695,芯鼎,20,0,20,宏遠-桃園,2024-08-21,1262
2383,台光電,20,3,17,宏遠-桃園,2024-08-21,1262
00940,元大台灣價值高息,16,0,16,宏遠-桃園,2024-08-21,1262
00637L,元大滬深300正2,18,3,15,宏遠-桃園,2024-08-21,1262
1784,訊聯,15,0,15,宏遠-桃園,2024-08-21,1262
00919,群益台灣精選高息,14,0,14,宏遠-桃園,2024-08-21,1262
5347,世界,12,1,11,宏遠-桃園,2024-08-21,1262
4540,全球傳動,14,3,11,宏遠-桃園,2024-08-21,1262
8054,安國,16,5,11,宏遠-桃園,2024-08-21,1262
00937B,群益ESG投等債20,72,62,10,宏遠-桃園,2024-08-21,1262
1519,華城,14,4,10,宏遠-桃園,2024-08-21,1262
1522,堤維西,10,0,10,宏遠-桃園,2024-08-21,1262
1608,華榮,10,1,9,宏遠-桃園,2024-08-21,1262
6215,和椿,9,0,9,宏遠-桃園,2024-08-21,1262
6177,達麗,27,19,8,宏遠-桃園,2024-08-21,1262
9945,潤泰新,8,0,8,宏遠-桃園,2024-08-21,1262
2344,華邦電,7,0,7,宏遠-桃園,2024-08-21,1262
1514,亞力,30,23,7,宏遠-桃園,2024-08-21,1262
2880,華南金,7,0,7,宏遠-桃園,2024-08-21,1262
6207,雷科,12,5,7,宏遠-桃園,2024-08-21,1262
6617,共信-KY,11,4,7,宏遠-桃園,2024-08-21,1262
00715L,期街口布蘭特正2,77,70,7,宏遠-桃園,2024-08-21,1262
5522,遠雄,7,0,7,宏遠-桃園,2024-08-21,1262
00631L,元大台灣50正2,6,0,6,宏遠-桃園,2024-08-21,1262
00650L,復華香港正2,10,4,6,宏遠-桃園,2024-08-21,1262
6742,澤米,6,0,6,宏遠-桃園,2024-08-21,1262
00857B,永豐20年美公債,5,0,5,宏遠-桃園,2024-08-21,1262
1409,新纖,5,0,5,宏遠-桃園,2024-08-21,1262
00687B,國泰20年美債,308,0,308,宏遠-桃園,2024-08-22,1262
2516,新建,190,0,190,宏遠-桃園,2024-08-22,1262
6603,富強鑫,120,0,120,宏遠-桃園,2024-08-22,1262
00953B,群益優選非投等債,101,0,101,宏遠-桃園,2024-08-22,1262
6877,鏵友益,90,1,89,宏遠-桃園,2024-08-22,1262
3581,博磊,69,0,69,宏遠-桃園,2024-08-22,1262
1522,堤維西,50,0,50,宏遠-桃園,2024-08-22,1262
2002,中鋼,50,4,46,宏遠-桃園,2024-08-22,1262
2885,元大金,35,0,35,宏遠-桃園,2024-08-22,1262
00665L,富邦�琤肭磪囓�2,30,0,30,宏遠-桃園,2024-08-22,1262
2890,永豐金,26,0,26,宏遠-桃園,2024-08-22,1262
8354,冠好,47,23,24,宏遠-桃園,2024-08-22,1262
6117,迎廣,27,4,23,宏遠-桃園,2024-08-22,1262
1456,怡華,23,2,21,宏遠-桃園,2024-08-22,1262
00929,復華台灣科技優息,20,0,20,宏遠-桃園,2024-08-22,1262
2405,輔信,29,10,19,宏遠-桃園,2024-08-22,1262
3645,達邁,27,11,16,宏遠-桃園,2024-08-22,1262
6125,廣運,36,20,16,宏遠-桃園,2024-08-22,1262
00632R,元大台灣50反1,38,23,15,宏遠-桃園,2024-08-22,1262
2488,漢平,15,0,15,宏遠-桃園,2024-08-22,1262
6188,廣明,14,0,14,宏遠-桃園,2024-08-22,1262
1785,光洋科,15,2,13,宏遠-桃園,2024-08-22,1262
3231,緯創,28,15,13,宏遠-桃園,2024-08-22,1262
00940,元大台灣價值高息,17,5,12,宏遠-桃園,2024-08-22,1262
4562,穎漢,14,2,12,宏遠-桃園,2024-08-22,1262
2882,國泰金,12,1,11,宏遠-桃園,2024-08-22,1262
2610,華航,11,0,11,宏遠-桃園,2024-08-22,1262
3715,定穎投控,11,0,11,宏遠-桃園,2024-08-22,1262
1409,新纖,10,0,10,宏遠-桃園,2024-08-22,1262
1301,台塑,11,1,10,宏遠-桃園,2024-08-22,1262
00642U,期元大S＆P石油,10,0,10,宏遠-桃園,2024-08-22,1262
1618,合機,10,0,10,宏遠-桃園,2024-08-22,1262
2359,所羅門,14,4,10,宏遠-桃園,2024-08-22,1262
2515,中工,10,0,10,宏遠-桃園,2024-08-22,1262
3167,大量,10,0,10,宏遠-桃園,2024-08-22,1262
6015,宏遠證,10,0,10,宏遠-桃園,2024-08-22,1262
6104,創惟,10,0,10,宏遠-桃園,2024-08-22,1262
6684,安格,10,0,10,宏遠-桃園,2024-08-22,1262
6695,芯鼎,10,0,10,宏遠-桃園,2024-08-22,1262
00936,台新永續高息中小,9,0,9,宏遠-桃園,2024-08-22,1262
5443,均豪,19,10,9,宏遠-桃園,2024-08-22,1262
2543,皇昌,15,7,8,宏遠-桃園,2024-08-22,1262
3228,金麗科,8,0,8,宏遠-桃園,2024-08-22,1262
6116,彩晶,10,2,8,宏遠-桃園,2024-08-22,1262
2317,鴻海,15,8,7,宏遠-桃園,2024-08-22,1262
00680L,元大美債20正2,7,0,7,宏遠-桃園,2024-08-22,1262
2388,威盛,15,8,7,宏遠-桃園,2024-08-22,1262
3047,訊舟,9,2,7,宏遠-桃園,2024-08-22,1262
5522,遠雄,7,0,7,宏遠-桃園,2024-08-22,1262
2547,日勝生,6,0,6,宏遠-桃園,2024-08-22,1262
6603,富強鑫,202,0,202,宏遠-桃園,2024-08-23,1262
2516,新建,150,0,150,宏遠-桃園,2024-08-23,1262
2731,雄獅,124,0,124,宏遠-桃園,2024-08-23,1262
00953B,群益優選非投等債,80,0,80,宏遠-桃園,2024-08-23,1262
2891,中信金,82,17,65,宏遠-桃園,2024-08-23,1262
1314,中石化,110,47,63,宏遠-桃園,2024-08-23,1262
5392,能率,64,4,60,宏遠-桃園,2024-08-23,1262
2317,鴻海,53,7,46,宏遠-桃園,2024-08-23,1262
2374,佳能,45,0,45,宏遠-桃園,2024-08-23,1262
8064,東捷,60,19,41,宏遠-桃園,2024-08-23,1262
8085,福華,40,0,40,宏遠-桃園,2024-08-23,1262
3062,建漢,50,12,38,宏遠-桃園,2024-08-23,1262
00687B,國泰20年美債,37,0,37,宏遠-桃園,2024-08-23,1262
1806,冠軍,20,0,20,宏遠-桃園,2024-08-23,1262
3149,正達,20,0,20,宏遠-桃園,2024-08-23,1262
8021,尖點,35,15,20,宏遠-桃園,2024-08-23,1262
3645,達邁,29,11,18,宏遠-桃園,2024-08-23,1262
5443,均豪,63,45,18,宏遠-桃園,2024-08-23,1262
00919,群益台灣精選高息,17,0,17,宏遠-桃園,2024-08-23,1262
1570,力肯,16,1,15,宏遠-桃園,2024-08-23,1262
00680L,元大美債20正2,14,0,14,宏遠-桃園,2024-08-23,1262
6770,力積電,24,10,14,宏遠-桃園,2024-08-23,1262
00929,復華台灣科技優息,13,1,12,宏遠-桃園,2024-08-23,1262
5351,鈺創,13,1,12,宏遠-桃園,2024-08-23,1262
6152,百一,12,0,12,宏遠-桃園,2024-08-23,1262
1444,力麗,10,0,10,宏遠-桃園,2024-08-23,1262
1446,宏和,10,0,10,宏遠-桃園,2024-08-23,1262
3617,碩天,10,0,10,宏遠-桃園,2024-08-23,1262
4906,正文,11,1,10,宏遠-桃園,2024-08-23,1262
5210,寶碩,10,0,10,宏遠-桃園,2024-08-23,1262
6015,宏遠證,10,0,10,宏遠-桃園,2024-08-23,1262
6684,安格,10,0,10,宏遠-桃園,2024-08-23,1262
00937B,群益ESG投等債20,9,0,9,宏遠-桃園,2024-08-23,1262
1708,東鹼,12,3,9,宏遠-桃園,2024-08-23,1262
5309,系統電,16,7,9,宏遠-桃園,2024-08-23,1262
6186,新潤,9,0,9,宏遠-桃園,2024-08-23,1262
5452,佶優,13,5,8,宏遠-桃園,2024-08-23,1262
6877,鏵友益,8,0,8,宏遠-桃園,2024-08-23,1262
00679B,元大美債20年,17,10,7,宏遠-桃園,2024-08-23,1262
0056,元大高股息,7,0,7,宏遠-桃園,2024-08-23,1262
1721,三晃,7,0,7,宏遠-桃園,2024-08-23,1262
4513,福裕,7,0,7,宏遠-桃園,2024-08-23,1262
6191,精成科,7,0,7,宏遠-桃園,2024-08-23,1262
2887,台新金,10,4,6,宏遠-桃園,2024-08-23,1262
1409,新纖,6,0,6,宏遠-桃園,2024-08-23,1262
5512,力麒,6,0,6,宏遠-桃園,2024-08-23,1262
00893,國泰智能電動車,5,0,5,宏遠-桃園,2024-08-23,1262
00764B,群益25年美債,5,0,5,宏遠-桃園,2024-08-23,1262
00642U,期元大S＆P石油,5,0,5,宏遠-桃園,2024-08-23,1262
2344,華邦電,5,0,5,宏遠-桃園,2024-08-23,1262
2888,新光金,9100,146,8954,宏遠-桃園,2024-08-26,1262
00937B,群益ESG投等債20,105,0,105,宏遠-桃園,2024-08-26,1262
1711,永光,91,0,91,宏遠-桃園,2024-08-26,1262
00687B,國泰20年美債,74,0,74,宏遠-桃園,2024-08-26,1262
00637L,元大滬深300正2,74,2,72,宏遠-桃園,2024-08-26,1262
00948B,中信優息投資級債,61,0,61,宏遠-桃園,2024-08-26,1262
1584,精剛,60,0,60,宏遠-桃園,2024-08-26,1262
00953B,群益優選非投等債,52,0,52,宏遠-桃園,2024-08-26,1262
1714,和桐,50,0,50,宏遠-桃園,2024-08-26,1262
6425,易發,47,0,47,宏遠-桃園,2024-08-26,1262
2731,雄獅,41,0,41,宏遠-桃園,2024-08-26,1262
0056,元大高股息,40,0,40,宏遠-桃園,2024-08-26,1262
5864,致和證,30,0,30,宏遠-桃園,2024-08-26,1262
8064,東捷,42,13,29,宏遠-桃園,2024-08-26,1262
2377,微星,28,3,25,宏遠-桃園,2024-08-26,1262
2476,鉅祥,23,0,23,宏遠-桃園,2024-08-26,1262
6139,亞翔,23,0,23,宏遠-桃園,2024-08-26,1262
3645,達邁,27,5,22,宏遠-桃園,2024-08-26,1262
2880,華南金,26,6,20,宏遠-桃園,2024-08-26,1262
4711,永純,20,0,20,宏遠-桃園,2024-08-26,1262
8039,台虹,26,8,18,宏遠-桃園,2024-08-26,1262
6603,富強鑫,15,0,15,宏遠-桃園,2024-08-26,1262
3050,鈺德,20,6,14,宏遠-桃園,2024-08-26,1262
00632R,元大台灣50反1,31,18,13,宏遠-桃園,2024-08-26,1262
1618,合機,11,0,11,宏遠-桃園,2024-08-26,1262
00919,群益台灣精選高息,10,0,10,宏遠-桃園,2024-08-26,1262
00676R,富邦臺灣加權反1,10,0,10,宏遠-桃園,2024-08-26,1262
00940,元大台灣價值高息,10,0,10,宏遠-桃園,2024-08-26,1262
3617,碩天,10,0,10,宏遠-桃園,2024-08-26,1262
4562,穎漢,10,0,10,宏遠-桃園,2024-08-26,1262
4714,永捷,10,0,10,宏遠-桃園,2024-08-26,1262
2885,元大金,10,0,10,宏遠-桃園,2024-08-26,1262
5263,智崴,9,0,9,宏遠-桃園,2024-08-26,1262
8028,昇陽半導體,23,15,8,宏遠-桃園,2024-08-26,1262
00955,中信日本商社,8,0,8,宏遠-桃園,2024-08-26,1262
8027,鈦昇,9,1,8,宏遠-桃園,2024-08-26,1262
00680L,元大美債20正2,20,13,7,宏遠-桃園,2024-08-26,1262
2613,中櫃,7,0,7,宏遠-桃園,2024-08-26,1262
00679B,元大美債20年,16,10,6,宏遠-桃園,2024-08-26,1262
2388,威盛,9,3,6,宏遠-桃園,2024-08-26,1262
2317,鴻海,9,4,5,宏遠-桃園,2024-08-26,1262
00945B,凱基美國非投等債,5,0,5,宏遠-桃園,2024-08-26,1262
00891,中信關鍵半導體,5,0,5,宏遠-桃園,2024-08-26,1262
1514,亞力,5,0,5,宏遠-桃園,2024-08-26,1262
2301,光寶科,10,5,5,宏遠-桃園,2024-08-26,1262
2851,中再保,5,0,5,宏遠-桃園,2024-08-26,1262
3260,威剛,7,2,5,宏遠-桃園,2024-08-26,1262
3664,安瑞-KY,5,0,5,宏遠-桃園,2024-08-26,1262
6230,尼得科超眾,6,1,5,宏遠-桃園,2024-08-26,1262
6617,共信-KY,6,1,5,宏遠-桃園,2024-08-26,1262
2888,新光金,6034,111,5923,宏遠-桃園,2024-08-27,1262
00680L,元大美債20正2,129,0,129,宏遠-桃園,2024-08-27,1262
00688L,國泰20年美債正2,80,0,80,宏遠-桃園,2024-08-27,1262
8039,台虹,154,77,77,宏遠-桃園,2024-08-27,1262
00948B,中信優息投資級債,60,0,60,宏遠-桃園,2024-08-27,1262
1714,和桐,60,0,60,宏遠-桃園,2024-08-27,1262
00687B,國泰20年美債,53,0,53,宏遠-桃園,2024-08-27,1262
0056,元大高股息,44,0,44,宏遠-桃園,2024-08-27,1262
2208,台船,43,2,41,宏遠-桃園,2024-08-27,1262
2516,新建,35,0,35,宏遠-桃園,2024-08-27,1262
2891,中信金,41,10,31,宏遠-桃園,2024-08-27,1262
2882,國泰金,30,0,30,宏遠-桃園,2024-08-27,1262
00929,復華台灣科技優息,59,30,29,宏遠-桃園,2024-08-27,1262
8064,東捷,41,12,29,宏遠-桃園,2024-08-27,1262
2880,華南金,26,0,26,宏遠-桃園,2024-08-27,1262
3455,由田,31,7,24,宏遠-桃園,2024-08-27,1262
3019,亞光,27,5,22,宏遠-桃園,2024-08-27,1262
5351,鈺創,23,1,22,宏遠-桃園,2024-08-27,1262
2243,宏旭-KY,21,0,21,宏遠-桃園,2024-08-27,1262
3149,正達,20,0,20,宏遠-桃園,2024-08-27,1262
00679B,元大美債20年,30,10,20,宏遠-桃園,2024-08-27,1262
2609,陽明,25,6,19,宏遠-桃園,2024-08-27,1262
1587,吉茂,17,0,17,宏遠-桃園,2024-08-27,1262
2913,農林,15,0,15,宏遠-桃園,2024-08-27,1262
2303,聯電,38,25,13,宏遠-桃園,2024-08-27,1262
6143,振曜,25,12,13,宏遠-桃園,2024-08-27,1262
3686,達能,12,0,12,宏遠-桃園,2024-08-27,1262
00928,中信上櫃ESG30,11,0,11,宏遠-桃園,2024-08-27,1262
2376,技嘉,21,11,10,宏遠-桃園,2024-08-27,1262
3229,晟鈦,10,0,10,宏遠-桃園,2024-08-27,1262
3550,聯穎,10,0,10,宏遠-桃園,2024-08-27,1262
6153,嘉聯益,10,0,10,宏遠-桃園,2024-08-27,1262
8069,元太,10,0,10,宏遠-桃園,2024-08-27,1262
00919,群益台灣精選高息,13,4,9,宏遠-桃園,2024-08-27,1262
1569,濱川,10,1,9,宏遠-桃園,2024-08-27,1262
2402,毅嘉,36,28,8,宏遠-桃園,2024-08-27,1262
2429,銘旺科,8,0,8,宏遠-桃園,2024-08-27,1262
6488,環球晶,8,0,8,宏遠-桃園,2024-08-27,1262
3033,威健,8,1,7,宏遠-桃園,2024-08-27,1262
00878,國泰永續高股息,15,9,6,宏遠-桃園,2024-08-27,1262
00893,國泰智能電動車,6,0,6,宏遠-桃園,2024-08-27,1262
2324,仁寶,6,0,6,宏遠-桃園,2024-08-27,1262
2331,精英,6,0,6,宏遠-桃園,2024-08-27,1262
2349,錸德,6,0,6,宏遠-桃園,2024-08-27,1262
2481,強茂,6,0,6,宏遠-桃園,2024-08-27,1262
4303,信立,12,6,6,宏遠-桃園,2024-08-27,1262
1618,合機,6,1,5,宏遠-桃園,2024-08-27,1262
2356,英業達,5,0,5,宏遠-桃園,2024-08-27,1262
2515,中工,5,0,5,宏遠-桃園,2024-08-27,1262
3491,昇達科,5,0,5,宏遠-桃園,2024-08-27,1262
2516,新建,163,0,163,宏遠-桃園,2024-08-28,1262
00885,富邦越南,90,3,87,宏遠-桃園,2024-08-28,1262
00637L,元大滬深300正2,80,0,80,宏遠-桃園,2024-08-28,1262
2405,輔信,70,0,70,宏遠-桃園,2024-08-28,1262
6609,瀧澤科,57,0,57,宏遠-桃園,2024-08-28,1262
1309,台達化,40,0,40,宏遠-桃園,2024-08-28,1262
3047,訊舟,45,12,33,宏遠-桃園,2024-08-28,1262
1528,恩德,31,0,31,宏遠-桃園,2024-08-28,1262
6151,晉倫,32,1,31,宏遠-桃園,2024-08-28,1262
1444,力麗,30,0,30,宏遠-桃園,2024-08-28,1262
00933B,國泰10Y+金融債,26,0,26,宏遠-桃園,2024-08-28,1262
2543,皇昌,26,1,25,宏遠-桃園,2024-08-28,1262
2867,三商壽,23,2,21,宏遠-桃園,2024-08-28,1262
4977,眾達-KY,21,0,21,宏遠-桃園,2024-08-28,1262
00679B,元大美債20年,25,5,20,宏遠-桃園,2024-08-28,1262
2476,鉅祥,20,0,20,宏遠-桃園,2024-08-28,1262
3294,英濟,20,0,20,宏遠-桃園,2024-08-28,1262
8046,南電,35,15,20,宏遠-桃園,2024-08-28,1262
2888,新光金,31,11,20,宏遠-桃園,2024-08-28,1262
00937B,群益ESG投等債20,20,1,19,宏遠-桃園,2024-08-28,1262
00725B,國泰投資級公司債,15,0,15,宏遠-桃園,2024-08-28,1262
2501,國建,15,0,15,宏遠-桃園,2024-08-28,1262
2891,中信金,23,8,15,宏遠-桃園,2024-08-28,1262
00632R,元大台灣50反1,28,14,14,宏遠-桃園,2024-08-28,1262
1325,恆大,12,1,11,宏遠-桃園,2024-08-28,1262
8011,台通,17,6,11,宏遠-桃園,2024-08-28,1262
8028,昇陽半導體,17,6,11,宏遠-桃園,2024-08-28,1262
2409,友達,11,1,10,宏遠-桃園,2024-08-28,1262
00648R,元大S＆P500反1,10,0,10,宏遠-桃園,2024-08-28,1262
1618,合機,10,0,10,宏遠-桃園,2024-08-28,1262
2327,國巨,10,0,10,宏遠-桃園,2024-08-28,1262
2542,興富發,12,2,10,宏遠-桃園,2024-08-28,1262
1785,光洋科,10,1,9,宏遠-桃園,2024-08-28,1262
2515,中工,9,0,9,宏遠-桃園,2024-08-28,1262
3483,力致,9,1,8,宏遠-桃園,2024-08-28,1262
3048,益登,8,1,7,宏遠-桃園,2024-08-28,1262
8039,台虹,38,31,7,宏遠-桃園,2024-08-28,1262
1597,直得,6,0,6,宏遠-桃園,2024-08-28,1262
2388,威盛,30,24,6,宏遠-桃園,2024-08-28,1262
3693,營邦,6,0,6,宏遠-桃園,2024-08-28,1262
6218,豪勉,8,2,6,宏遠-桃園,2024-08-28,1262
6462,神盾,6,0,6,宏遠-桃園,2024-08-28,1262
00878,國泰永續高股息,8,3,5,宏遠-桃園,2024-08-28,1262
00934,中信成長高股息,5,0,5,宏遠-桃園,2024-08-28,1262
00940,元大台灣價值高息,5,0,5,宏遠-桃園,2024-08-28,1262
00639,富邦深100,5,0,5,宏遠-桃園,2024-08-28,1262
00795B,中信美國公債20年,5,0,5,宏遠-桃園,2024-08-28,1262
00926,凱基全球菁英55,5,0,5,宏遠-桃園,2024-08-28,1262
2368,金像電,6,1,5,宏遠-桃園,2024-08-28,1262
2408,南亞科,5,0,5,宏遠-桃園,2024-08-28,1262
2516,新建,143,10,133,宏遠-桃園,2024-08-29,1262
1314,中石化,114,31,83,宏遠-桃園,2024-08-29,1262
2426,鼎元,82,2,80,宏遠-桃園,2024-08-29,1262
2880,華南金,65,0,65,宏遠-桃園,2024-08-29,1262
00680L,元大美債20正2,62,1,61,宏遠-桃園,2024-08-29,1262
00637L,元大滬深300正2,56,4,52,宏遠-桃園,2024-08-29,1262
00937B,群益ESG投等債20,42,0,42,宏遠-桃園,2024-08-29,1262
2891,中信金,47,7,40,宏遠-桃園,2024-08-29,1262
00679B,元大美債20年,59,20,39,宏遠-桃園,2024-08-29,1262
6139,亞翔,51,15,36,宏遠-桃園,2024-08-29,1262
00942B,台新美A公司債20+,20,0,20,宏遠-桃園,2024-08-29,1262
00636,國泰中國A50,20,0,20,宏遠-桃園,2024-08-29,1262
1444,力麗,20,0,20,宏遠-桃園,2024-08-29,1262
2885,元大金,20,0,20,宏遠-桃園,2024-08-29,1262
3081,聯亞,40,20,20,宏遠-桃園,2024-08-29,1262
2330,台積電,21,2,19,宏遠-桃園,2024-08-29,1262
6176,瑞儀,17,0,17,宏遠-桃園,2024-08-29,1262
3450,聯鈞,176,160,16,宏遠-桃園,2024-08-29,1262
1735,日勝化,15,0,15,宏遠-桃園,2024-08-29,1262
6153,嘉聯益,15,0,15,宏遠-桃園,2024-08-29,1262
2402,毅嘉,26,13,13,宏遠-桃園,2024-08-29,1262
3147,大綜,19,6,13,宏遠-桃園,2024-08-29,1262
00878,國泰永續高股息,12,0,12,宏遠-桃園,2024-08-29,1262
2314,台揚,12,0,12,宏遠-桃園,2024-08-29,1262
3055,蔚華科,12,0,12,宏遠-桃園,2024-08-29,1262
4716,大立,16,4,12,宏遠-桃園,2024-08-29,1262
5443,均豪,111,99,12,宏遠-桃園,2024-08-29,1262
6877,鏵友益,14,2,12,宏遠-桃園,2024-08-29,1262
00715L,期街口布蘭特正2,12,1,11,宏遠-桃園,2024-08-29,1262
2501,國建,11,0,11,宏遠-桃園,2024-08-29,1262
6151,晉倫,70,59,11,宏遠-桃園,2024-08-29,1262
00933B,國泰10Y+金融債,10,0,10,宏遠-桃園,2024-08-29,1262
00795B,中信美國公債20年,10,0,10,宏遠-桃園,2024-08-29,1262
0056,元大高股息,10,0,10,宏遠-桃園,2024-08-29,1262
1440,南紡,10,0,10,宏遠-桃園,2024-08-29,1262
3437,榮創,10,0,10,宏遠-桃園,2024-08-29,1262
5309,系統電,60,50,10,宏遠-桃園,2024-08-29,1262
5398,慕康生醫,10,0,10,宏遠-桃園,2024-08-29,1262
6152,百一,10,0,10,宏遠-桃園,2024-08-29,1262
00955,中信日本商社,9,0,9,宏遠-桃園,2024-08-29,1262
2388,威盛,11,2,9,宏遠-桃園,2024-08-29,1262
2610,華航,9,0,9,宏遠-桃園,2024-08-29,1262
3550,聯穎,11,2,9,宏遠-桃園,2024-08-29,1262
00638R,元大滬深300反1,8,0,8,宏遠-桃園,2024-08-29,1262
00725B,國泰投資級公司債,8,0,8,宏遠-桃園,2024-08-29,1262
2399,映泰,18,10,8,宏遠-桃園,2024-08-29,1262
2882,國泰金,8,0,8,宏遠-桃園,2024-08-29,1262
3324,雙鴻,8,0,8,宏遠-桃園,2024-08-29,1262
00904,新光臺灣半導體30,7,0,7,宏遠-桃園,2024-08-29,1262
1522,堤維西,7,0,7,宏遠-桃園,2024-08-29,1262
00687B,國泰20年美債,306,0,306,宏遠-桃園,2024-08-30,1262
4526,東台,217,92,125,宏遠-桃園,2024-08-30,1262
5876,上海商銀,85,0,85,宏遠-桃園,2024-08-30,1262
1217,愛之味,80,0,80,宏遠-桃園,2024-08-30,1262
6213,聯茂,80,19,61,宏遠-桃園,2024-08-30,1262
00680L,元大美債20正2,76,19,57,宏遠-桃園,2024-08-30,1262
2425,承啟,58,4,54,宏遠-桃園,2024-08-30,1262
2476,鉅祥,50,0,50,宏遠-桃園,2024-08-30,1262
2618,長榮航,54,10,44,宏遠-桃園,2024-08-30,1262
00929,復華台灣科技優息,63,20,43,宏遠-桃園,2024-08-30,1262
3645,達邁,46,6,40,宏遠-桃園,2024-08-30,1262
3294,英濟,41,2,39,宏遠-桃園,2024-08-30,1262
6139,亞翔,32,0,32,宏遠-桃園,2024-08-30,1262
00751B,元大AAA至A公司債,30,0,30,宏遠-桃園,2024-08-30,1262
2801,彰銀,30,0,30,宏遠-桃園,2024-08-30,1262
6101,寬魚國際,39,9,30,宏遠-桃園,2024-08-30,1262
2520,冠德,30,1,29,宏遠-桃園,2024-08-30,1262
5356,協益,24,0,24,宏遠-桃園,2024-08-30,1262
8085,福華,25,2,23,宏遠-桃園,2024-08-30,1262
1528,恩德,22,1,21,宏遠-桃園,2024-08-30,1262
6651,全宇昕,21,0,21,宏遠-桃園,2024-08-30,1262
1584,精剛,21,1,20,宏遠-桃園,2024-08-30,1262
2323,中環,20,0,20,宏遠-桃園,2024-08-30,1262
3048,益登,23,3,20,宏遠-桃園,2024-08-30,1262
00638R,元大滬深300反1,16,0,16,宏遠-桃園,2024-08-30,1262
2340,台亞,21,6,15,宏遠-桃園,2024-08-30,1262
4977,眾達-KY,15,0,15,宏遠-桃園,2024-08-30,1262
4933,友輝,13,0,13,宏遠-桃園,2024-08-30,1262
00951,台新日本半導體,12,0,12,宏遠-桃園,2024-08-30,1262
2313,華通,15,3,12,宏遠-桃園,2024-08-30,1262
3715,定穎投控,17,5,12,宏遠-桃園,2024-08-30,1262
6425,易發,12,0,12,宏遠-桃園,2024-08-30,1262
8210,勤誠,12,0,12,宏遠-桃園,2024-08-30,1262
2405,輔信,11,0,11,宏遠-桃園,2024-08-30,1262
2408,南亞科,11,0,11,宏遠-桃園,2024-08-30,1262
4306,炎洲,61,50,11,宏遠-桃園,2024-08-30,1262
6120,達運,20,9,11,宏遠-桃園,2024-08-30,1262
2886,兆豐金,10,0,10,宏遠-桃園,2024-08-30,1262
00937B,群益ESG投等債20,10,0,10,宏遠-桃園,2024-08-30,1262
2610,華航,10,0,10,宏遠-桃園,2024-08-30,1262
3356,奇偶,13,3,10,宏遠-桃園,2024-08-30,1262
3706,神達,11,1,10,宏遠-桃園,2024-08-30,1262
4510,高鋒,10,0,10,宏遠-桃園,2024-08-30,1262
5474,聰泰,16,6,10,宏遠-桃園,2024-08-30,1262
6695,芯鼎,10,0,10,宏遠-桃園,2024-08-30,1262
1609,大亞,10,0,10,宏遠-桃園,2024-08-30,1262
2364,倫飛,12,3,9,宏遠-桃園,2024-08-30,1262
3490,單井,10,1,9,宏遠-桃園,2024-08-30,1262
1785,光洋科,30,22,8,宏遠-桃園,2024-08-30,1262
8054,安國,18,10,8,宏遠-桃園,2024-08-30,1262
00687B,國泰20年美債,338,0,338,宏遠-桃園,2024-09-02,1262
5876,上海商銀,130,0,130,宏遠-桃園,2024-09-02,1262
8085,福華,154,42,112,宏遠-桃園,2024-09-02,1262
00680L,元大美債20正2,92,0,92,宏遠-桃園,2024-09-02,1262
00915,凱基優選高股息30,90,0,90,宏遠-桃園,2024-09-02,1262
6176,瑞儀,78,0,78,宏遠-桃園,2024-09-02,1262
1810,和成,61,0,61,宏遠-桃園,2024-09-02,1262
2516,新建,59,0,59,宏遠-桃園,2024-09-02,1262
2352,佳世達,69,11,58,宏遠-桃園,2024-09-02,1262
8105,凌巨,56,0,56,宏遠-桃園,2024-09-02,1262
2344,華邦電,55,0,55,宏遠-桃園,2024-09-02,1262
2545,皇翔,50,0,50,宏遠-桃園,2024-09-02,1262
00632R,元大台灣50反1,32,0,32,宏遠-桃園,2024-09-02,1262
5213,亞昕,32,0,32,宏遠-桃園,2024-09-02,1262
2476,鉅祥,30,0,30,宏遠-桃園,2024-09-02,1262
00715L,期街口布蘭特正2,30,0,30,宏遠-桃園,2024-09-02,1262
2603,長榮,26,0,26,宏遠-桃園,2024-09-02,1262
2317,鴻海,25,1,24,宏遠-桃園,2024-09-02,1262
6231,系微,23,0,23,宏遠-桃園,2024-09-02,1262
00795B,中信美國公債20年,22,0,22,宏遠-桃園,2024-09-02,1262
3032,偉訓,21,0,21,宏遠-桃園,2024-09-02,1262
00751B,元大AAA至A公司債,20,0,20,宏遠-桃園,2024-09-02,1262
2609,陽明,21,1,20,宏遠-桃園,2024-09-02,1262
00665L,富邦�琤肭磪囓�2,210,190,20,宏遠-桃園,2024-09-02,1262
3048,益登,20,2,18,宏遠-桃園,2024-09-02,1262
6505,台塑化,17,0,17,宏遠-桃園,2024-09-02,1262
6546,正基,18,1,17,宏遠-桃園,2024-09-02,1262
00637L,元大滬深300正2,107,90,17,宏遠-桃園,2024-09-02,1262
2349,錸德,17,0,17,宏遠-桃園,2024-09-02,1262
00679B,元大美債20年,15,0,15,宏遠-桃園,2024-09-02,1262
1569,濱川,15,0,15,宏遠-桃園,2024-09-02,1262
3062,建漢,24,9,15,宏遠-桃園,2024-09-02,1262
6877,鏵友益,15,0,15,宏遠-桃園,2024-09-02,1262
1503,士電,15,0,15,宏遠-桃園,2024-09-02,1262
00948B,中信優息投資級債,14,0,14,宏遠-桃園,2024-09-02,1262
1321,大洋,13,0,13,宏遠-桃園,2024-09-02,1262
3149,正達,24,11,13,宏遠-桃園,2024-09-02,1262
3645,達邁,13,0,13,宏遠-桃園,2024-09-02,1262
8054,安國,13,0,13,宏遠-桃園,2024-09-02,1262
2402,毅嘉,12,0,12,宏遠-桃園,2024-09-02,1262
2376,技嘉,11,0,11,宏遠-桃園,2024-09-02,1262
4534,慶騰,11,0,11,宏遠-桃園,2024-09-02,1262
1444,力麗,10,0,10,宏遠-桃園,2024-09-02,1262
2027,大成鋼,10,0,10,宏遠-桃園,2024-09-02,1262
2867,三商壽,10,0,10,宏遠-桃園,2024-09-02,1262
2885,元大金,10,0,10,宏遠-桃園,2024-09-02,1262
4956,光鋐,10,0,10,宏遠-桃園,2024-09-02,1262
6177,達麗,10,0,10,宏遠-桃園,2024-09-02,1262
6695,芯鼎,10,0,10,宏遠-桃園,2024-09-02,1262
6863,永道-KY,11,1,10,宏遠-桃園,2024-09-02,1262
00929,復華台灣科技優息,80,0,80,宏遠-桃園,2024-09-03,1262
00680L,元大美債20正2,70,1,69,宏遠-桃園,2024-09-03,1262
00637L,元大滬深300正2,156,90,66,宏遠-桃園,2024-09-03,1262
00915,凱基優選高股息30,60,0,60,宏遠-桃園,2024-09-03,1262
6877,鏵友益,55,11,44,宏遠-桃園,2024-09-03,1262
00687B,國泰20年美債,40,0,40,宏遠-桃園,2024-09-03,1262
2329,華泰,41,1,40,宏遠-桃園,2024-09-03,1262
5351,鈺創,40,0,40,宏遠-桃園,2024-09-03,1262
8046,南電,40,0,40,宏遠-桃園,2024-09-03,1262
6176,瑞儀,38,0,38,宏遠-桃園,2024-09-03,1262
5876,上海商銀,30,0,30,宏遠-桃園,2024-09-03,1262
00665L,富邦�琤肭磪囓�2,30,0,30,宏遠-桃園,2024-09-03,1262
1309,台達化,30,0,30,宏遠-桃園,2024-09-03,1262
6213,聯茂,47,22,25,宏遠-桃園,2024-09-03,1262
3228,金麗科,24,0,24,宏遠-桃園,2024-09-03,1262
2882,國泰金,26,2,24,宏遠-桃園,2024-09-03,1262
6807,峰源-KY,25,3,22,宏遠-桃園,2024-09-03,1262
1444,力麗,20,0,20,宏遠-桃園,2024-09-03,1262
6425,易發,20,0,20,宏遠-桃園,2024-09-03,1262
6684,安格,20,0,20,宏遠-桃園,2024-09-03,1262
8039,台虹,31,12,19,宏遠-桃園,2024-09-03,1262
1319,東陽,18,0,18,宏遠-桃園,2024-09-03,1262
2313,華通,30,13,17,宏遠-桃園,2024-09-03,1262
6231,系微,17,0,17,宏遠-桃園,2024-09-03,1262
4534,慶騰,20,4,16,宏遠-桃園,2024-09-03,1262
8054,安國,16,0,16,宏遠-桃園,2024-09-03,1262
2337,旺宏,15,0,15,宏遠-桃園,2024-09-03,1262
2388,威盛,16,1,15,宏遠-桃園,2024-09-03,1262
2402,毅嘉,15,0,15,宏遠-桃園,2024-09-03,1262
6443,元晶,15,1,14,宏遠-桃園,2024-09-03,1262
2327,國巨,14,0,14,宏遠-桃園,2024-09-03,1262
2233,宇隆,15,2,13,宏遠-桃園,2024-09-03,1262
4571,鈞興-KY,15,2,13,宏遠-桃園,2024-09-03,1262
9945,潤泰新,12,0,12,宏遠-桃園,2024-09-03,1262
1536,和大,25,13,12,宏遠-桃園,2024-09-03,1262
00679B,元大美債20年,12,0,12,宏遠-桃園,2024-09-03,1262
2352,佳世達,16,5,11,宏遠-桃園,2024-09-03,1262
00934,中信成長高股息,10,0,10,宏遠-桃園,2024-09-03,1262
1522,堤維西,10,0,10,宏遠-桃園,2024-09-03,1262
2323,中環,10,0,10,宏遠-桃園,2024-09-03,1262
2476,鉅祥,20,10,10,宏遠-桃園,2024-09-03,1262
4130,健亞,10,0,10,宏遠-桃園,2024-09-03,1262
5469,瀚宇博,10,0,10,宏遠-桃園,2024-09-03,1262
2886,兆豐金,10,0,10,宏遠-桃園,2024-09-03,1262
00632R,元大台灣50反1,23,14,9,宏遠-桃園,2024-09-03,1262
2543,皇昌,9,0,9,宏遠-桃園,2024-09-03,1262
3062,建漢,13,5,8,宏遠-桃園,2024-09-03,1262
6546,正基,8,0,8,宏遠-桃園,2024-09-03,1262
00919,群益台灣精選高息,13,6,7,宏遠-桃園,2024-09-03,1262
00951,台新日本半導體,7,0,7,宏遠-桃園,2024-09-03,1262
00915,凱基優選高股息30,105,0,105,宏遠-桃園,2024-09-04,1262
00919,群益台灣精選高息,98,1,97,宏遠-桃園,2024-09-04,1262
6152,百一,98,1,97,宏遠-桃園,2024-09-04,1262
00878,國泰永續高股息,97,1,96,宏遠-桃園,2024-09-04,1262
00712,復華富時不動產,67,0,67,宏遠-桃園,2024-09-04,1262
00948B,中信優息投資級債,65,0,65,宏遠-桃園,2024-09-04,1262
00881,國泰台灣5G+,60,0,60,宏遠-桃園,2024-09-04,1262
2476,鉅祥,141,90,51,宏遠-桃園,2024-09-04,1262
2891,中信金,51,4,47,宏遠-桃園,2024-09-04,1262
00671R,富邦NASDAQ反1,50,5,45,宏遠-桃園,2024-09-04,1262
1522,堤維西,40,0,40,宏遠-桃園,2024-09-04,1262
5460,同協,47,7,40,宏遠-桃園,2024-09-04,1262
00929,復華台灣科技優息,65,31,34,宏遠-桃園,2024-09-04,1262
00940,元大台灣價值高息,33,0,33,宏遠-桃園,2024-09-04,1262
2880,華南金,31,0,31,宏遠-桃園,2024-09-04,1262
5876,上海商銀,30,0,30,宏遠-桃園,2024-09-04,1262
6113,亞矽,30,0,30,宏遠-桃園,2024-09-04,1262
2330,台積電,31,4,27,宏遠-桃園,2024-09-04,1262
5351,鈺創,27,0,27,宏遠-桃園,2024-09-04,1262
1806,冠軍,25,0,25,宏遠-桃園,2024-09-04,1262
2801,彰銀,24,0,24,宏遠-桃園,2024-09-04,1262
6176,瑞儀,27,3,24,宏遠-桃園,2024-09-04,1262
0050,元大台灣50,24,0,24,宏遠-桃園,2024-09-04,1262
00937B,群益ESG投等債20,24,3,21,宏遠-桃園,2024-09-04,1262
1101,台泥,21,0,21,宏遠-桃園,2024-09-04,1262
00636,國泰中國A50,20,0,20,宏遠-桃園,2024-09-04,1262
1618,合機,20,0,20,宏遠-桃園,2024-09-04,1262
3390,旭軟,20,0,20,宏遠-桃園,2024-09-04,1262
3645,達邁,23,3,20,宏遠-桃園,2024-09-04,1262
2882,國泰金,28,10,18,宏遠-桃園,2024-09-04,1262
6191,精成科,17,0,17,宏遠-桃園,2024-09-04,1262
2405,輔信,30,15,15,宏遠-桃園,2024-09-04,1262
00918,大華優利高填息30,14,0,14,宏遠-桃園,2024-09-04,1262
1785,光洋科,13,0,13,宏遠-桃園,2024-09-04,1262
2883,凱基金,13,0,13,宏遠-桃園,2024-09-04,1262
5469,瀚宇博,15,2,13,宏遠-桃園,2024-09-04,1262
6120,達運,15,2,13,宏遠-桃園,2024-09-04,1262
00715L,期街口布蘭特正2,94,81,13,宏遠-桃園,2024-09-04,1262
0056,元大高股息,12,0,12,宏遠-桃園,2024-09-04,1262
00891,中信關鍵半導體,12,0,12,宏遠-桃園,2024-09-04,1262
1319,東陽,13,1,12,宏遠-桃園,2024-09-04,1262
8150,南茂,12,0,12,宏遠-桃園,2024-09-04,1262
6770,力積電,11,0,11,宏遠-桃園,2024-09-04,1262
2313,華通,12,2,10,宏遠-桃園,2024-09-04,1262
00650L,復華香港正2,10,0,10,宏遠-桃園,2024-09-04,1262
1802,台玻,11,1,10,宏遠-桃園,2024-09-04,1262
3024,憶聲,10,0,10,宏遠-桃園,2024-09-04,1262
6684,安格,10,0,10,宏遠-桃園,2024-09-04,1262
3037,欣興,14,4,10,宏遠-桃園,2024-09-04,1262
2409,友達,9,0,9,宏遠-桃園,2024-09-04,1262
2888,新光金,446,64,382,宏遠-桃園,2024-09-05,1262
2344,華邦電,109,0,109,宏遠-桃園,2024-09-05,1262
00665L,富邦�琤肭磪囓�2,70,0,70,宏遠-桃園,2024-09-05,1262
2476,鉅祥,58,0,58,宏遠-桃園,2024-09-05,1262
00915,凱基優選高股息30,50,0,50,宏遠-桃園,2024-09-05,1262
6606,建德工業,85,36,49,宏遠-桃園,2024-09-05,1262
00637L,元大滬深300正2,48,0,48,宏遠-桃園,2024-09-05,1262
6152,百一,40,0,40,宏遠-桃園,2024-09-05,1262
4538,大詠城,36,0,36,宏遠-桃園,2024-09-05,1262
5876,上海商銀,30,0,30,宏遠-桃園,2024-09-05,1262
00929,復華台灣科技優息,26,0,26,宏遠-桃園,2024-09-05,1262
2486,一詮,40,14,26,宏遠-桃園,2024-09-05,1262
2317,鴻海,34,10,24,宏遠-桃園,2024-09-05,1262
00715L,期街口布蘭特正2,25,1,24,宏遠-桃園,2024-09-05,1262
00881,國泰台灣5G+,23,0,23,宏遠-桃園,2024-09-05,1262
1440,南紡,20,0,20,宏遠-桃園,2024-09-05,1262
6016,康和證,20,0,20,宏遠-桃園,2024-09-05,1262
6807,峰源-KY,20,0,20,宏遠-桃園,2024-09-05,1262
00638R,元大滬深300反1,18,0,18,宏遠-桃園,2024-09-05,1262
6877,鏵友益,16,0,16,宏遠-桃園,2024-09-05,1262
00639,富邦深100,15,0,15,宏遠-桃園,2024-09-05,1262
6191,精成科,15,0,15,宏遠-桃園,2024-09-05,1262
00940,元大台灣價值高息,13,0,13,宏遠-桃園,2024-09-05,1262
2464,盟立,17,6,11,宏遠-桃園,2024-09-05,1262
00927,群益半導體收益,34,24,10,宏遠-桃園,2024-09-05,1262
00952,凱基台灣AI50,10,0,10,宏遠-桃園,2024-09-05,1262
2530,華建,10,0,10,宏遠-桃園,2024-09-05,1262
3645,達邁,13,3,10,宏遠-桃園,2024-09-05,1262
6425,易發,10,0,10,宏遠-桃園,2024-09-05,1262
6443,元晶,10,0,10,宏遠-桃園,2024-09-05,1262
00878,國泰永續高股息,11,1,10,宏遠-桃園,2024-09-05,1262
2845,遠東銀,8,0,8,宏遠-桃園,2024-09-05,1262
4306,炎洲,8,0,8,宏遠-桃園,2024-09-05,1262
1101,台泥,7,0,7,宏遠-桃園,2024-09-05,1262
3149,正達,7,0,7,宏遠-桃園,2024-09-05,1262
8374,羅昇,28,21,7,宏遠-桃園,2024-09-05,1262
00919,群益台灣精選高息,16,10,6,宏遠-桃園,2024-09-05,1262
00891,中信關鍵半導體,6,0,6,宏遠-桃園,2024-09-05,1262
2402,毅嘉,16,10,6,宏遠-桃園,2024-09-05,1262
2408,南亞科,6,0,6,宏遠-桃園,2024-09-05,1262
2425,承啟,6,0,6,宏遠-桃園,2024-09-05,1262
3213,茂訊,6,0,6,宏遠-桃園,2024-09-05,1262
0056,元大高股息,7,2,5,宏遠-桃園,2024-09-05,1262
00642U,期元大S＆P石油,5,0,5,宏遠-桃園,2024-09-05,1262
1312,國喬,10,5,5,宏遠-桃園,2024-09-05,1262
1536,和大,11,6,5,宏遠-桃園,2024-09-05,1262
2301,光寶科,26,21,5,宏遠-桃園,2024-09-05,1262
2754,亞洲藏壽司,5,0,5,宏遠-桃園,2024-09-05,1262
3059,華晶科,5,0,5,宏遠-桃園,2024-09-05,1262
3508,位速,5,0,5,宏遠-桃園,2024-09-05,1262
00632R,元大台灣50反1,70,0,70,宏遠-桃園,2024-09-06,1262
6176,瑞儀,58,0,58,宏遠-桃園,2024-09-06,1262
00929,復華台灣科技優息,55,1,54,宏遠-桃園,2024-09-06,1262
6152,百一,48,1,47,宏遠-桃園,2024-09-06,1262
1570,力肯,40,0,40,宏遠-桃園,2024-09-06,1262
4974,亞泰,40,0,40,宏遠-桃園,2024-09-06,1262
8466,美吉吉-KY,39,0,39,宏遠-桃園,2024-09-06,1262
2344,華邦電,35,0,35,宏遠-桃園,2024-09-06,1262
6191,精成科,28,0,28,宏遠-桃園,2024-09-06,1262
4566,時碩工業,25,0,25,宏遠-桃園,2024-09-06,1262
00915,凱基優選高股息30,21,0,21,宏遠-桃園,2024-09-06,1262
1618,合機,20,0,20,宏遠-桃園,2024-09-06,1262
2102,泰豐,20,0,20,宏遠-桃園,2024-09-06,1262
2317,鴻海,19,2,17,宏遠-桃園,2024-09-06,1262
3645,達邁,17,0,17,宏遠-桃園,2024-09-06,1262
00680L,元大美債20正2,20,8,12,宏遠-桃園,2024-09-06,1262
6742,澤米,15,3,12,宏遠-桃園,2024-09-06,1262
2388,威盛,11,0,11,宏遠-桃園,2024-09-06,1262
00665L,富邦�琤肭磪囓�2,10,0,10,宏遠-桃園,2024-09-06,1262
1785,光洋科,10,0,10,宏遠-桃園,2024-09-06,1262
6443,元晶,10,0,10,宏遠-桃園,2024-09-06,1262
1503,士電,9,0,9,宏遠-桃園,2024-09-06,1262
3037,欣興,11,2,9,宏遠-桃園,2024-09-06,1262
3213,茂訊,9,0,9,宏遠-桃園,2024-09-06,1262
00941,中信上游半導體,7,0,7,宏遠-桃園,2024-09-06,1262
00955,中信日本商社,7,0,7,宏遠-桃園,2024-09-06,1262
1711,永光,8,1,7,宏遠-桃園,2024-09-06,1262
2337,旺宏,7,0,7,宏遠-桃園,2024-09-06,1262
00878,國泰永續高股息,8,1,7,宏遠-桃園,2024-09-06,1262
3013,晟銘電,7,1,6,宏遠-桃園,2024-09-06,1262
3665,貿聯-KY,8,2,6,宏遠-桃園,2024-09-06,1262
00642U,期元大S＆P石油,5,0,5,宏遠-桃園,2024-09-06,1262
4977,眾達-KY,5,0,5,宏遠-桃園,2024-09-06,1262
5344,立衛,5,0,5,宏遠-桃園,2024-09-06,1262
6770,力積電,5,0,5,宏遠-桃園,2024-09-06,1262
00830,國泰費城半導體,5,1,4,宏遠-桃園,2024-09-06,1262
2313,華通,26,22,4,宏遠-桃園,2024-09-06,1262
1815,富喬,4,0,4,宏遠-桃園,2024-09-06,1262
2348,海悅,4,0,4,宏遠-桃園,2024-09-06,1262
3581,博磊,11,7,4,宏遠-桃園,2024-09-06,1262
6230,尼得科超眾,4,0,4,宏遠-桃園,2024-09-06,1262
2002,中鋼,3,0,3,宏遠-桃園,2024-09-06,1262
2316,楠梓電,3,0,3,宏遠-桃園,2024-09-06,1262
2402,毅嘉,3,0,3,宏遠-桃園,2024-09-06,1262
4306,炎洲,3,0,3,宏遠-桃園,2024-09-06,1262
4510,高鋒,26,23,3,宏遠-桃園,2024-09-06,1262
4549,桓達,4,1,3,宏遠-桃園,2024-09-06,1262
4746,台耀,3,0,3,宏遠-桃園,2024-09-06,1262
6120,達運,4,1,3,宏遠-桃園,2024-09-06,1262
6147,頎邦,3,0,3,宏遠-桃園,2024-09-06,1262
00878,國泰永續高股息,73,3,70,宏遠-桃園,2024-09-09,1262
00919,群益台灣精選高息,42,4,38,宏遠-桃園,2024-09-09,1262
00650L,復華香港正2,34,0,34,宏遠-桃園,2024-09-09,1262
00929,復華台灣科技優息,32,0,32,宏遠-桃園,2024-09-09,1262
00915,凱基優選高股息30,30,0,30,宏遠-桃園,2024-09-09,1262
3167,大量,30,0,30,宏遠-桃園,2024-09-09,1262
4976,佳凌,30,0,30,宏遠-桃園,2024-09-09,1262
6176,瑞儀,28,0,28,宏遠-桃園,2024-09-09,1262
00940,元大台灣價值高息,27,0,27,宏遠-桃園,2024-09-09,1262
1416,廣豐,25,0,25,宏遠-桃園,2024-09-09,1262
1802,台玻,20,0,20,宏遠-桃園,2024-09-09,1262
2313,華通,29,12,17,宏遠-桃園,2024-09-09,1262
2609,陽明,16,1,15,宏遠-桃園,2024-09-09,1262
00648R,元大S＆P500反1,15,0,15,宏遠-桃園,2024-09-09,1262
00941,中信上游半導體,14,0,14,宏遠-桃園,2024-09-09,1262
3663,鑫科,16,3,13,宏遠-桃園,2024-09-09,1262
2371,大同,13,1,12,宏遠-桃園,2024-09-09,1262
3490,單井,12,0,12,宏遠-桃園,2024-09-09,1262
5309,系統電,12,0,12,宏遠-桃園,2024-09-09,1262
0050,元大台灣50,12,0,12,宏遠-桃園,2024-09-09,1262
2881,富邦金,11,0,11,宏遠-桃園,2024-09-09,1262
00939,統一台灣高息動能,11,0,11,宏遠-桃園,2024-09-09,1262
2542,興富發,13,2,11,宏遠-桃園,2024-09-09,1262
0056,元大高股息,10,0,10,宏遠-桃園,2024-09-09,1262
00764B,群益25年美債,10,0,10,宏遠-桃園,2024-09-09,1262
00751B,元大AAA至A公司債,10,0,10,宏遠-桃園,2024-09-09,1262
1522,堤維西,10,0,10,宏遠-桃園,2024-09-09,1262
4927,泰鼎-KY,10,0,10,宏遠-桃園,2024-09-09,1262
6743,安普新,10,0,10,宏遠-桃園,2024-09-09,1262
00881,國泰台灣5G+,9,0,9,宏遠-桃園,2024-09-09,1262
1524,耿鼎,9,0,9,宏遠-桃園,2024-09-09,1262
2330,台積電,11,2,9,宏遠-桃園,2024-09-09,1262
2476,鉅祥,16,8,8,宏遠-桃園,2024-09-09,1262
6603,富強鑫,8,0,8,宏遠-桃園,2024-09-09,1262
2520,冠德,7,0,7,宏遠-桃園,2024-09-09,1262
00933B,國泰10Y+金融債,7,0,7,宏遠-桃園,2024-09-09,1262
3294,英濟,7,0,7,宏遠-桃園,2024-09-09,1262
2317,鴻海,8,2,6,宏遠-桃園,2024-09-09,1262
00679B,元大美債20年,6,0,6,宏遠-桃園,2024-09-09,1262
00637L,元大滬深300正2,6,0,6,宏遠-桃園,2024-09-09,1262
00918,大華優利高填息30,6,0,6,宏遠-桃園,2024-09-09,1262
2105,正新,6,0,6,宏遠-桃園,2024-09-09,1262
8096,擎亞,6,0,6,宏遠-桃園,2024-09-09,1262
00948B,中信優息投資級債,5,0,5,宏遠-桃園,2024-09-09,1262
00633L,富邦上証正2,5,0,5,宏遠-桃園,2024-09-09,1262
2885,元大金,5,0,5,宏遠-桃園,2024-09-09,1262
3217,優群,8,3,5,宏遠-桃園,2024-09-09,1262
3227,原相,14,9,5,宏遠-桃園,2024-09-09,1262
3548,兆利,7,2,5,宏遠-桃園,2024-09-09,1262
6005,群益證,5,0,5,宏遠-桃園,2024-09-09,1262
2888,新光金,1996,431,1565,宏遠-桃園,2024-09-10,1262
6603,富強鑫,510,0,510,宏遠-桃園,2024-09-10,1262
5876,上海商銀,125,0,125,宏遠-桃園,2024-09-10,1262
1584,精剛,71,2,69,宏遠-桃園,2024-09-10,1262
8467,波力-KY,69,0,69,宏遠-桃園,2024-09-10,1262
5871,中租-KY,64,0,64,宏遠-桃園,2024-09-10,1262
8249,菱光,65,5,60,宏遠-桃園,2024-09-10,1262
2405,輔信,53,0,53,宏遠-桃園,2024-09-10,1262
3360,尚立,50,0,50,宏遠-桃園,2024-09-10,1262
00893,國泰智能電動車,50,1,49,宏遠-桃園,2024-09-10,1262
2891,中信金,49,0,49,宏遠-桃園,2024-09-10,1262
2438,翔耀,40,0,40,宏遠-桃園,2024-09-10,1262
2905,三商,40,0,40,宏遠-桃園,2024-09-10,1262
00919,群益台灣精選高息,38,0,38,宏遠-桃園,2024-09-10,1262
2476,鉅祥,44,6,38,宏遠-桃園,2024-09-10,1262
3390,旭軟,30,0,30,宏遠-桃園,2024-09-10,1262
8046,南電,30,0,30,宏遠-桃園,2024-09-10,1262
2317,鴻海,30,3,27,宏遠-桃園,2024-09-10,1262
6532,瑞耘,25,0,25,宏遠-桃園,2024-09-10,1262
00878,國泰永續高股息,25,3,22,宏遠-桃園,2024-09-10,1262
00948B,中信優息投資級債,22,0,22,宏遠-桃園,2024-09-10,1262
8039,台虹,30,8,22,宏遠-桃園,2024-09-10,1262
1524,耿鼎,35,14,21,宏遠-桃園,2024-09-10,1262
6706,惠特,21,0,21,宏遠-桃園,2024-09-10,1262
2881,富邦金,20,0,20,宏遠-桃園,2024-09-10,1262
3230,錦明,20,0,20,宏遠-桃園,2024-09-10,1262
4513,福裕,36,16,20,宏遠-桃園,2024-09-10,1262
1326,台化,18,0,18,宏遠-桃園,2024-09-10,1262
3013,晟銘電,26,10,16,宏遠-桃園,2024-09-10,1262
00881,國泰台灣5G+,16,0,16,宏遠-桃園,2024-09-10,1262
2301,光寶科,15,0,15,宏遠-桃園,2024-09-10,1262
6684,安格,20,5,15,宏遠-桃園,2024-09-10,1262
0056,元大高股息,13,0,13,宏遠-桃園,2024-09-10,1262
3379,彬台,13,0,13,宏遠-桃園,2024-09-10,1262
3645,達邁,13,0,13,宏遠-桃園,2024-09-10,1262
2618,長榮航,11,0,11,宏遠-桃園,2024-09-10,1262
3535,晶彩科,11,0,11,宏遠-桃園,2024-09-10,1262
2382,廣達,30,20,10,宏遠-桃園,2024-09-10,1262
3581,博磊,10,0,10,宏遠-桃園,2024-09-10,1262
3686,達能,10,0,10,宏遠-桃園,2024-09-10,1262
00929,復華台灣科技優息,9,0,9,宏遠-桃園,2024-09-10,1262
00953B,群益優選非投等債,9,0,9,宏遠-桃園,2024-09-10,1262
2371,大同,10,1,9,宏遠-桃園,2024-09-10,1262
3673,TPK-KY,12,3,9,宏遠-桃園,2024-09-10,1262
2002,中鋼,8,0,8,宏遠-桃園,2024-09-10,1262
2344,華邦電,7,0,7,宏遠-桃園,2024-09-10,1262
2356,英業達,7,0,7,宏遠-桃園,2024-09-10,1262
3708,上緯投控,16,9,7,宏遠-桃園,2024-09-10,1262
00909,國泰數位支付服務,7,0,7,宏遠-桃園,2024-09-10,1262
00946,群益科技高息成長,6,0,6,宏遠-桃園,2024-09-10,1262
2888,新光金,2994,21,2973,宏遠-桃園,2024-09-11,1262
00687B,國泰20年美債,124,4,120,宏遠-桃園,2024-09-11,1262
1522,堤維西,112,5,107,宏遠-桃園,2024-09-11,1262
6425,易發,100,0,100,宏遠-桃園,2024-09-11,1262
2385,群光,98,0,98,宏遠-桃園,2024-09-11,1262
00933B,國泰10Y+金融債,100,18,82,宏遠-桃園,2024-09-11,1262
5876,上海商銀,55,0,55,宏遠-桃園,2024-09-11,1262
2891,中信金,55,0,55,宏遠-桃園,2024-09-11,1262
1570,力肯,40,0,40,宏遠-桃園,2024-09-11,1262
3209,全科,40,2,38,宏遠-桃園,2024-09-11,1262
2062,橋椿,35,0,35,宏遠-桃園,2024-09-11,1262
00680L,元大美債20正2,34,3,31,宏遠-桃園,2024-09-11,1262
3213,茂訊,30,0,30,宏遠-桃園,2024-09-11,1262
6763,綠界科技*,30,0,30,宏遠-桃園,2024-09-11,1262
2364,倫飛,24,0,24,宏遠-桃園,2024-09-11,1262
2399,映泰,24,3,21,宏遠-桃園,2024-09-11,1262
3673,TPK-KY,23,2,21,宏遠-桃園,2024-09-11,1262
00632R,元大台灣50反1,21,1,20,宏遠-桃園,2024-09-11,1262
2476,鉅祥,20,0,20,宏遠-桃園,2024-09-11,1262
2905,三商,20,0,20,宏遠-桃園,2024-09-11,1262
3303,岱稜,22,2,20,宏遠-桃園,2024-09-11,1262
2388,威盛,20,2,18,宏遠-桃園,2024-09-11,1262
4417,金洲,20,2,18,宏遠-桃園,2024-09-11,1262
4935,茂林-KY,15,0,15,宏遠-桃園,2024-09-11,1262
00715L,期街口布蘭特正2,18,4,14,宏遠-桃園,2024-09-11,1262
2542,興富發,13,0,13,宏遠-桃園,2024-09-11,1262
6191,精成科,13,0,13,宏遠-桃園,2024-09-11,1262
0056,元大高股息,12,0,12,宏遠-桃園,2024-09-11,1262
00940,元大台灣價值高息,17,5,12,宏遠-桃園,2024-09-11,1262
4510,高鋒,13,1,12,宏遠-桃園,2024-09-11,1262
00929,復華台灣科技優息,14,3,11,宏遠-桃園,2024-09-11,1262
00915,凱基優選高股息30,11,0,11,宏遠-桃園,2024-09-11,1262
8104,錸寶,11,0,11,宏遠-桃園,2024-09-11,1262
00957B,兆豐US優選投等債,10,0,10,宏遠-桃園,2024-09-11,1262
1416,廣豐,10,0,10,宏遠-桃園,2024-09-11,1262
1524,耿鼎,10,0,10,宏遠-桃園,2024-09-11,1262
2438,翔耀,10,0,10,宏遠-桃園,2024-09-11,1262
2530,華建,10,0,10,宏遠-桃園,2024-09-11,1262
3663,鑫科,10,0,10,宏遠-桃園,2024-09-11,1262
3686,達能,10,0,10,宏遠-桃園,2024-09-11,1262
4130,健亞,10,0,10,宏遠-桃園,2024-09-11,1262
5607,遠雄港,10,0,10,宏遠-桃園,2024-09-11,1262
6651,全宇昕,11,1,10,宏遠-桃園,2024-09-11,1262
6727,亞泰金屬,10,0,10,宏遠-桃園,2024-09-11,1262
00941,中信上游半導體,11,2,9,宏遠-桃園,2024-09-11,1262
3664,安瑞-KY,8,0,8,宏遠-桃園,2024-09-11,1262
3481,群創,10,3,7,宏遠-桃園,2024-09-11,1262
00955,中信日本商社,7,0,7,宏遠-桃園,2024-09-11,1262
00650L,復華香港正2,7,0,7,宏遠-桃園,2024-09-11,1262
3652,精聯,7,0,7,宏遠-桃園,2024-09-11,1262
00919,群益台灣精選高息,100,3,97,宏遠-桃園,2024-09-12,1262
6152,百一,145,54,91,宏遠-桃園,2024-09-12,1262
6763,綠界科技*,70,30,40,宏遠-桃園,2024-09-12,1262
00687B,國泰20年美債,35,1,34,宏遠-桃園,2024-09-12,1262
00957B,兆豐US優選投等債,30,0,30,宏遠-桃園,2024-09-12,1262
00937B,群益ESG投等債20,27,0,27,宏遠-桃園,2024-09-12,1262
00632R,元大台灣50反1,127,100,27,宏遠-桃園,2024-09-12,1262
00676R,富邦臺灣加權反1,24,0,24,宏遠-桃園,2024-09-12,1262
1806,冠軍,23,0,23,宏遠-桃園,2024-09-12,1262
3374,精材,25,4,21,宏遠-桃園,2024-09-12,1262
6215,和椿,30,9,21,宏遠-桃園,2024-09-12,1262
2438,翔耀,20,0,20,宏遠-桃園,2024-09-12,1262
2637,慧洋-KY,21,1,20,宏遠-桃園,2024-09-12,1262
3607,谷崧,20,0,20,宏遠-桃園,2024-09-12,1262
4109,加捷生醫,20,0,20,宏遠-桃園,2024-09-12,1262
2329,華泰,20,1,19,宏遠-桃園,2024-09-12,1262
00679B,元大美債20年,15,0,15,宏遠-桃園,2024-09-12,1262
00940,元大台灣價值高息,15,0,15,宏遠-桃園,2024-09-12,1262
6139,亞翔,15,0,15,宏遠-桃園,2024-09-12,1262
2399,映泰,28,14,14,宏遠-桃園,2024-09-12,1262
4513,福裕,16,2,14,宏遠-桃園,2024-09-12,1262
00915,凱基優選高股息30,10,0,10,宏遠-桃園,2024-09-12,1262
00764B,群益25年美債,10,0,10,宏遠-桃園,2024-09-12,1262
1570,力肯,10,0,10,宏遠-桃園,2024-09-12,1262
5356,協益,10,0,10,宏遠-桃園,2024-09-12,1262
6170,統振,10,0,10,宏遠-桃園,2024-09-12,1262
6290,良維,10,0,10,宏遠-桃園,2024-09-12,1262
6488,環球晶,10,0,10,宏遠-桃園,2024-09-12,1262
2543,皇昌,7,0,7,宏遠-桃園,2024-09-12,1262
00948B,中信優息投資級債,8,1,7,宏遠-桃園,2024-09-12,1262
1785,光洋科,7,0,7,宏遠-桃園,2024-09-12,1262
2887,台新金,7,0,7,宏遠-桃園,2024-09-12,1262
4958,臻鼎-KY,8,2,6,宏遠-桃園,2024-09-12,1262
8064,東捷,6,0,6,宏遠-桃園,2024-09-12,1262
2313,華通,11,5,6,宏遠-桃園,2024-09-12,1262
5443,均豪,47,42,5,宏遠-桃園,2024-09-12,1262
00713,元大台灣高息低波,5,0,5,宏遠-桃園,2024-09-12,1262
00637L,元大滬深300正2,5,0,5,宏遠-桃園,2024-09-12,1262
3257,虹冠電,5,0,5,宏遠-桃園,2024-09-12,1262
4562,穎漢,13,8,5,宏遠-桃園,2024-09-12,1262
3310,佳穎,4,0,4,宏遠-桃園,2024-09-12,1262
4571,鈞興-KY,4,0,4,宏遠-桃園,2024-09-12,1262
6895,宏碩系統,4,0,4,宏遠-桃園,2024-09-12,1262
2365,昆盈,10,7,3,宏遠-桃園,2024-09-12,1262
3034,聯詠,3,0,3,宏遠-桃園,2024-09-12,1262
4526,東台,3,0,3,宏遠-桃園,2024-09-12,1262
6230,尼得科超眾,3,0,3,宏遠-桃園,2024-09-12,1262
6530,創威,23,20,3,宏遠-桃園,2024-09-12,1262
8438,昶昕,3,0,3,宏遠-桃園,2024-09-12,1262
9921,巨大,3,0,3,宏遠-桃園,2024-09-12,1262
3550,聯穎,100,0,100,宏遠-桃園,2024-09-13,1262
2609,陽明,80,7,73,宏遠-桃園,2024-09-13,1262
00687B,國泰20年美債,67,0,67,宏遠-桃園,2024-09-13,1262
6176,瑞儀,61,0,61,宏遠-桃園,2024-09-13,1262
00919,群益台灣精選高息,55,0,55,宏遠-桃園,2024-09-13,1262
5230,雷笛克光學,50,1,49,宏遠-桃園,2024-09-13,1262
6405,悅城,54,5,49,宏遠-桃園,2024-09-13,1262
00936,台新永續高息中小,23,0,23,宏遠-桃園,2024-09-13,1262
3048,益登,20,0,20,宏遠-桃園,2024-09-13,1262
00929,復華台灣科技優息,20,0,20,宏遠-桃園,2024-09-13,1262
3597,映興,17,0,17,宏遠-桃園,2024-09-13,1262
3312,弘憶股,18,2,16,宏遠-桃園,2024-09-13,1262
3580,友威科,17,1,16,宏遠-桃園,2024-09-13,1262
4979,華星光,37,23,14,宏遠-桃園,2024-09-13,1262
2845,遠東銀,13,0,13,宏遠-桃園,2024-09-13,1262
6706,惠特,29,16,13,宏遠-桃園,2024-09-13,1262
8011,台通,18,5,13,宏遠-桃園,2024-09-13,1262
4909,新復興,39,27,12,宏遠-桃園,2024-09-13,1262
00679B,元大美債20年,17,5,12,宏遠-桃園,2024-09-13,1262
2340,台亞,11,0,11,宏遠-桃園,2024-09-13,1262
1326,台化,13,3,10,宏遠-桃園,2024-09-13,1262
00937B,群益ESG投等債20,10,0,10,宏遠-桃園,2024-09-13,1262
00648R,元大S＆P500反1,10,0,10,宏遠-桃園,2024-09-13,1262
2062,橋椿,14,4,10,宏遠-桃園,2024-09-13,1262
3167,大量,23,13,10,宏遠-桃園,2024-09-13,1262
4576,大銀微系統,15,5,10,宏遠-桃園,2024-09-13,1262
1785,光洋科,21,11,10,宏遠-桃園,2024-09-13,1262
5452,佶優,9,0,9,宏遠-桃園,2024-09-13,1262
2520,冠德,10,1,9,宏遠-桃園,2024-09-13,1262
5443,均豪,43,35,8,宏遠-桃園,2024-09-13,1262
00933B,國泰10Y+金融債,7,0,7,宏遠-桃園,2024-09-13,1262
00955,中信日本商社,7,0,7,宏遠-桃園,2024-09-13,1262
2537,聯上發,7,0,7,宏遠-桃園,2024-09-13,1262
00680L,元大美債20正2,6,0,6,宏遠-桃園,2024-09-13,1262
00857B,永豐20年美公債,6,0,6,宏遠-桃園,2024-09-13,1262
00795B,中信美國公債20年,6,0,6,宏遠-桃園,2024-09-13,1262
2431,聯昌,12,6,6,宏遠-桃園,2024-09-13,1262
4303,信立,6,0,6,宏遠-桃園,2024-09-13,1262
3673,TPK-KY,6,1,5,宏遠-桃園,2024-09-13,1262
2530,華建,5,0,5,宏遠-桃園,2024-09-13,1262
3066,李洲,10,5,5,宏遠-桃園,2024-09-13,1262
3664,安瑞-KY,5,0,5,宏遠-桃園,2024-09-13,1262
4538,大詠城,5,0,5,宏遠-桃園,2024-09-13,1262
5460,同協,5,0,5,宏遠-桃園,2024-09-13,1262
6415,矽力*-KY,9,4,5,宏遠-桃園,2024-09-13,1262
9941,裕融,5,0,5,宏遠-桃園,2024-09-13,1262
00915,凱基優選高股息30,4,0,4,宏遠-桃園,2024-09-13,1262
4566,時碩工業,4,0,4,宏遠-桃園,2024-09-13,1262
00878,國泰永續高股息,5,1,4,宏遠-桃園,2024-09-13,1262
6187,萬潤,14,10,4,宏遠-桃園,2024-09-13,1262
00687B,國泰20年美債,358,0,358,宏遠-桃園,2024-09-16,1262
00953B,群益優選非投等債,150,0,150,宏遠-桃園,2024-09-16,1262
5905,南仁湖,127,0,127,宏遠-桃園,2024-09-16,1262
00948B,中信優息投資級債,84,0,84,宏遠-桃園,2024-09-16,1262
2515,中工,81,3,78,宏遠-桃園,2024-09-16,1262
3047,訊舟,84,11,73,宏遠-桃園,2024-09-16,1262
1540,喬福,44,12,32,宏遠-桃園,2024-09-16,1262
1539,巨庭,31,0,31,宏遠-桃園,2024-09-16,1262
3014,聯陽,32,1,31,宏遠-桃園,2024-09-16,1262
4510,高鋒,51,20,31,宏遠-桃園,2024-09-16,1262
2801,彰銀,30,0,30,宏遠-桃園,2024-09-16,1262
3048,益登,29,0,29,宏遠-桃園,2024-09-16,1262
00937B,群益ESG投等債20,33,7,26,宏遠-桃園,2024-09-16,1262
6706,惠特,25,1,24,宏遠-桃園,2024-09-16,1262
6152,百一,20,2,18,宏遠-桃園,2024-09-16,1262
2359,所羅門,16,1,15,宏遠-桃園,2024-09-16,1262
6546,正基,21,6,15,宏遠-桃園,2024-09-16,1262
3217,優群,14,0,14,宏遠-桃園,2024-09-16,1262
3360,尚立,15,2,13,宏遠-桃園,2024-09-16,1262
00638R,元大滬深300反1,11,0,11,宏遠-桃園,2024-09-16,1262
2379,瑞昱,10,0,10,宏遠-桃園,2024-09-16,1262
1301,台塑,10,0,10,宏遠-桃園,2024-09-16,1262
00918,大華優利高填息30,10,0,10,宏遠-桃園,2024-09-16,1262
2062,橋椿,11,1,10,宏遠-桃園,2024-09-16,1262
2399,映泰,12,3,9,宏遠-桃園,2024-09-16,1262
00715L,期街口布蘭特正2,10,1,9,宏遠-桃園,2024-09-16,1262
00680L,元大美債20正2,8,0,8,宏遠-桃園,2024-09-16,1262
2423,固緯,8,0,8,宏遠-桃園,2024-09-16,1262
3581,博磊,21,13,8,宏遠-桃園,2024-09-16,1262
00632R,元大台灣50反1,24,17,7,宏遠-桃園,2024-09-16,1262
00650L,復華香港正2,9,2,7,宏遠-桃園,2024-09-16,1262
2349,錸德,8,1,7,宏遠-桃園,2024-09-16,1262
6742,澤米,7,0,7,宏遠-桃園,2024-09-16,1262
00919,群益台灣精選高息,6,0,6,宏遠-桃園,2024-09-16,1262
2388,威盛,11,5,6,宏遠-桃園,2024-09-16,1262
2464,盟立,10,4,6,宏遠-桃園,2024-09-16,1262
3324,雙鴻,6,0,6,宏遠-桃園,2024-09-16,1262
00679B,元大美債20年,15,10,5,宏遠-桃園,2024-09-16,1262
6505,台塑化,5,0,5,宏遠-桃園,2024-09-16,1262
00713,元大台灣高息低波,5,0,5,宏遠-桃園,2024-09-16,1262
00885,富邦越南,5,0,5,宏遠-桃園,2024-09-16,1262
1101,台泥,5,0,5,宏遠-桃園,2024-09-16,1262
2344,華邦電,5,0,5,宏遠-桃園,2024-09-16,1262
4109,加捷生醫,5,0,5,宏遠-桃園,2024-09-16,1262
5236,凌陽創新,5,0,5,宏遠-桃園,2024-09-16,1262
6133,金橋,5,0,5,宏遠-桃園,2024-09-16,1262
6684,安格,7,2,5,宏遠-桃園,2024-09-16,1262
6877,鏵友益,15,10,5,宏遠-桃園,2024-09-16,1262
8011,台通,6,1,5,宏遠-桃園,2024-09-16,1262
3017,奇鋐,6,2,4,宏遠-桃園,2024-09-16,1262
00665L,富邦�琤肭磪囓�2,180,0,180,宏遠-桃園,2024-09-18,1262
3014,聯陽,72,0,72,宏遠-桃園,2024-09-18,1262
00679B,元大美債20年,60,5,55,宏遠-桃園,2024-09-18,1262
2385,群光,62,11,51,宏遠-桃園,2024-09-18,1262
00915,凱基優選高股息30,50,0,50,宏遠-桃園,2024-09-18,1262
00772B,中信高評級公司債,50,1,49,宏遠-桃園,2024-09-18,1262
6609,瀧澤科,48,0,48,宏遠-桃園,2024-09-18,1262
00929,復華台灣科技優息,45,0,45,宏遠-桃園,2024-09-18,1262
2888,新光金,50,8,42,宏遠-桃園,2024-09-18,1262
3048,益登,40,0,40,宏遠-桃園,2024-09-18,1262
4977,眾達-KY,55,19,36,宏遠-桃園,2024-09-18,1262
3062,建漢,54,21,33,宏遠-桃園,2024-09-18,1262
6405,悅城,33,2,31,宏遠-桃園,2024-09-18,1262
1582,信錦,39,9,30,宏遠-桃園,2024-09-18,1262
6684,安格,33,3,30,宏遠-桃園,2024-09-18,1262
2618,長榮航,36,7,29,宏遠-桃園,2024-09-18,1262
4908,前鼎,31,2,29,宏遠-桃園,2024-09-18,1262
4576,大銀微系統,31,3,28,宏遠-桃園,2024-09-18,1262
8249,菱光,27,0,27,宏遠-桃園,2024-09-18,1262
8467,波力-KY,26,0,26,宏遠-桃園,2024-09-18,1262
00953B,群益優選非投等債,20,0,20,宏遠-桃園,2024-09-18,1262
00957B,兆豐US優選投等債,20,0,20,宏遠-桃園,2024-09-18,1262
5386,青雲,20,0,20,宏遠-桃園,2024-09-18,1262
9105,泰金寶-DR,20,0,20,宏遠-桃園,2024-09-18,1262
2349,錸德,32,14,18,宏遠-桃園,2024-09-18,1262
2476,鉅祥,15,0,15,宏遠-桃園,2024-09-18,1262
2515,中工,15,0,15,宏遠-桃園,2024-09-18,1262
00919,群益台灣精選高息,23,10,13,宏遠-桃園,2024-09-18,1262
1309,台達化,13,0,13,宏遠-桃園,2024-09-18,1262
9935,慶豐富,14,1,13,宏遠-桃園,2024-09-18,1262
00857B,永豐20年美公債,12,0,12,宏遠-桃園,2024-09-18,1262
1785,光洋科,31,19,12,宏遠-桃園,2024-09-18,1262
3312,弘憶股,12,0,12,宏遠-桃園,2024-09-18,1262
00687B,國泰20年美債,22,10,12,宏遠-桃園,2024-09-18,1262
00927,群益半導體收益,11,0,11,宏遠-桃園,2024-09-18,1262
6830,汎銓,16,5,11,宏遠-桃園,2024-09-18,1262
2201,裕隆,10,0,10,宏遠-桃園,2024-09-18,1262
2488,漢平,10,0,10,宏遠-桃園,2024-09-18,1262
2889,國票金,10,0,10,宏遠-桃園,2024-09-18,1262
3149,正達,10,0,10,宏遠-桃園,2024-09-18,1262
4716,大立,19,9,10,宏遠-桃園,2024-09-18,1262
6488,環球晶,10,0,10,宏遠-桃園,2024-09-18,1262
8431,匯鑽科,10,0,10,宏遠-桃園,2024-09-18,1262
2317,鴻海,36,27,9,宏遠-桃園,2024-09-18,1262
1319,東陽,12,3,9,宏遠-桃園,2024-09-18,1262
2301,光寶科,14,5,9,宏遠-桃園,2024-09-18,1262
6151,晉倫,10,1,9,宏遠-桃園,2024-09-18,1262
8255,朋程,9,0,9,宏遠-桃園,2024-09-18,1262
00940,元大台灣價值高息,10,2,8,宏遠-桃園,2024-09-18,1262
2409,友達,18,10,8,宏遠-桃園,2024-09-18,1262
00937B,群益ESG投等債20,533,0,533,宏遠-桃園,2024-09-19,1262
00632R,元大台灣50反1,249,14,235,宏遠-桃園,2024-09-19,1262
00688L,國泰20年美債正2,150,0,150,宏遠-桃園,2024-09-19,1262
3049,精金,112,24,88,宏遠-桃園,2024-09-19,1262
2891,中信金,76,5,71,宏遠-桃園,2024-09-19,1262
1727,中華化,60,9,51,宏遠-桃園,2024-09-19,1262
00687B,國泰20年美債,49,3,46,宏遠-桃園,2024-09-19,1262
3062,建漢,42,6,36,宏遠-桃園,2024-09-19,1262
2399,映泰,75,43,32,宏遠-桃園,2024-09-19,1262
00958B,永豐ESG銀行債15,30,0,30,宏遠-桃園,2024-09-19,1262
2515,中工,30,0,30,宏遠-桃園,2024-09-19,1262
00680L,元大美債20正2,26,3,23,宏遠-桃園,2024-09-19,1262
3548,兆利,23,0,23,宏遠-桃園,2024-09-19,1262
00679B,元大美債20年,25,3,22,宏遠-桃園,2024-09-19,1262
6706,惠特,21,0,21,宏遠-桃園,2024-09-19,1262
2504,國產,20,0,20,宏遠-桃園,2024-09-19,1262
3048,益登,20,0,20,宏遠-桃園,2024-09-19,1262
4510,高鋒,21,2,19,宏遠-桃園,2024-09-19,1262
9935,慶豐富,21,2,19,宏遠-桃園,2024-09-19,1262
00929,復華台灣科技優息,17,1,16,宏遠-桃園,2024-09-19,1262
2885,元大金,20,5,15,宏遠-桃園,2024-09-19,1262
00948B,中信優息投資級債,15,0,15,宏遠-桃園,2024-09-19,1262
2477,美隆電,15,0,15,宏遠-桃園,2024-09-19,1262
5386,青雲,15,0,15,宏遠-桃園,2024-09-19,1262
2349,錸德,18,4,14,宏遠-桃園,2024-09-19,1262
3105,穩懋,30,17,13,宏遠-桃園,2024-09-19,1262
00940,元大台灣價值高息,16,4,12,宏遠-桃園,2024-09-19,1262
1582,信錦,13,1,12,宏遠-桃園,2024-09-19,1262
4571,鈞興-KY,12,0,12,宏遠-桃園,2024-09-19,1262
6152,百一,11,0,11,宏遠-桃園,2024-09-19,1262
00945B,凱基美國非投等債,10,0,10,宏遠-桃園,2024-09-19,1262
2356,英業達,14,4,10,宏遠-桃園,2024-09-19,1262
6005,群益證,10,0,10,宏遠-桃園,2024-09-19,1262
6830,汎銓,46,36,10,宏遠-桃園,2024-09-19,1262
2317,鴻海,10,1,9,宏遠-桃園,2024-09-19,1262
3021,鴻名,10,1,9,宏遠-桃園,2024-09-19,1262
6869,雲豹能源,8,1,7,宏遠-桃園,2024-09-19,1262
1784,訊聯,7,0,7,宏遠-桃園,2024-09-19,1262
00915,凱基優選高股息30,6,0,6,宏遠-桃園,2024-09-19,1262
00664R,國泰臺灣加權反1,5,0,5,宏遠-桃園,2024-09-19,1262
00764B,群益25年美債,5,0,5,宏遠-桃園,2024-09-19,1262
2886,兆豐金,5,0,5,宏遠-桃園,2024-09-19,1262
3686,達能,5,0,5,宏遠-桃園,2024-09-19,1262
4133,亞諾法,5,0,5,宏遠-桃園,2024-09-19,1262
00857B,永豐20年美公債,6,2,4,宏遠-桃園,2024-09-19,1262
1519,華城,7,3,4,宏遠-桃園,2024-09-19,1262
3013,晟銘電,14,10,4,宏遠-桃園,2024-09-19,1262
6288,聯嘉,15,11,4,宏遠-桃園,2024-09-19,1262
4763,材料-KY,4,1,3,宏遠-桃園,2024-09-19,1262
00918,大華優利高填息30,3,0,3,宏遠-桃園,2024-09-19,1262
00937B,群益ESG投等債20,254,50,204,宏遠-桃園,2024-09-20,1262
6176,瑞儀,181,5,176,宏遠-桃園,2024-09-20,1262
1711,永光,219,113,106,宏遠-桃園,2024-09-20,1262
2399,映泰,333,242,91,宏遠-桃園,2024-09-20,1262
1309,台達化,70,0,70,宏遠-桃園,2024-09-20,1262
6152,百一,60,0,60,宏遠-桃園,2024-09-20,1262
00632R,元大台灣50反1,71,14,57,宏遠-桃園,2024-09-20,1262
2476,鉅祥,45,1,44,宏遠-桃園,2024-09-20,1262
2515,中工,41,6,35,宏遠-桃園,2024-09-20,1262
2888,新光金,33,1,32,宏遠-桃園,2024-09-20,1262
2504,國產,30,0,30,宏遠-桃園,2024-09-20,1262
5864,致和證,30,0,30,宏遠-桃園,2024-09-20,1262
3581,博磊,43,14,29,宏遠-桃園,2024-09-20,1262
00929,復華台灣科技優息,27,0,27,宏遠-桃園,2024-09-20,1262
00641R,富邦日本反1,25,0,25,宏遠-桃園,2024-09-20,1262
2329,華泰,29,4,25,宏遠-桃園,2024-09-20,1262
2845,遠東銀,25,0,25,宏遠-桃園,2024-09-20,1262
2365,昆盈,28,5,23,宏遠-桃園,2024-09-20,1262
4939,亞電,31,10,21,宏遠-桃園,2024-09-20,1262
2542,興富發,21,1,20,宏遠-桃園,2024-09-20,1262
00679B,元大美債20年,25,5,20,宏遠-桃園,2024-09-20,1262
00664R,國泰臺灣加權反1,20,0,20,宏遠-桃園,2024-09-20,1262
3290,東浦,29,9,20,宏遠-桃園,2024-09-20,1262
3017,奇鋐,27,7,20,宏遠-桃園,2024-09-20,1262
6877,鏵友益,20,1,19,宏遠-桃園,2024-09-20,1262
3062,建漢,18,1,17,宏遠-桃園,2024-09-20,1262
3360,尚立,20,4,16,宏遠-桃園,2024-09-20,1262
4974,亞泰,25,10,15,宏遠-桃園,2024-09-20,1262
5522,遠雄,14,0,14,宏遠-桃園,2024-09-20,1262
6651,全宇昕,14,0,14,宏遠-桃園,2024-09-20,1262
00687B,國泰20年美債,13,0,13,宏遠-桃園,2024-09-20,1262
00637L,元大滬深300正2,24,11,13,宏遠-桃園,2024-09-20,1262
8070,長華*,27,14,13,宏遠-桃園,2024-09-20,1262
00918,大華優利高填息30,11,0,11,宏遠-桃園,2024-09-20,1262
00953B,群益優選非投等債,10,0,10,宏遠-桃園,2024-09-20,1262
00764B,群益25年美債,10,0,10,宏遠-桃園,2024-09-20,1262
1524,耿鼎,14,4,10,宏遠-桃園,2024-09-20,1262
1713,國化,10,0,10,宏遠-桃園,2024-09-20,1262
2530,華建,10,0,10,宏遠-桃園,2024-09-20,1262
3040,遠見,12,2,10,宏遠-桃園,2024-09-20,1262
5351,鈺創,10,0,10,宏遠-桃園,2024-09-20,1262
6005,群益證,10,0,10,宏遠-桃園,2024-09-20,1262
6288,聯嘉,12,2,10,宏遠-桃園,2024-09-20,1262
6548,長科*,10,0,10,宏遠-桃園,2024-09-20,1262
00680L,元大美債20正2,29,20,9,宏遠-桃園,2024-09-20,1262
2449,京元電子,9,0,9,宏遠-桃園,2024-09-20,1262
2371,大同,10,1,9,宏遠-桃園,2024-09-20,1262
2464,盟立,25,18,7,宏遠-桃園,2024-09-20,1262
2243,宏旭-KY,7,0,7,宏遠-桃園,2024-09-20,1262
6186,新潤,7,0,7,宏遠-桃園,2024-09-20,1262
00720B,元大投資級公司債,300,0,300,宏遠-桃園,2024-09-23,1262
3550,聯穎,201,1,200,宏遠-桃園,2024-09-23,1262
00637L,元大滬深300正2,102,16,86,宏遠-桃園,2024-09-23,1262
6143,振曜,91,11,80,宏遠-桃園,2024-09-23,1262
2888,新光金,68,15,53,宏遠-桃園,2024-09-23,1262
2891,中信金,85,34,51,宏遠-桃園,2024-09-23,1262
2476,鉅祥,40,0,40,宏遠-桃園,2024-09-23,1262
5236,凌陽創新,36,0,36,宏遠-桃園,2024-09-23,1262
2442,新美齊,33,0,33,宏遠-桃園,2024-09-23,1262
00919,群益台灣精選高息,33,2,31,宏遠-桃園,2024-09-23,1262
5439,高技,31,0,31,宏遠-桃園,2024-09-23,1262
2313,華通,32,1,31,宏遠-桃園,2024-09-23,1262
2515,中工,30,0,30,宏遠-桃園,2024-09-23,1262
1727,中華化,74,45,29,宏遠-桃園,2024-09-23,1262
8374,羅昇,33,4,29,宏遠-桃園,2024-09-23,1262
3048,益登,25,0,25,宏遠-桃園,2024-09-23,1262
4760,勤凱,26,1,25,宏遠-桃園,2024-09-23,1262
00638R,元大滬深300反1,22,0,22,宏遠-桃園,2024-09-23,1262
2464,盟立,22,0,22,宏遠-桃園,2024-09-23,1262
2538,基泰,22,1,21,宏遠-桃園,2024-09-23,1262
6609,瀧澤科,21,0,21,宏遠-桃園,2024-09-23,1262
2408,南亞科,28,8,20,宏遠-桃園,2024-09-23,1262
3040,遠見,22,2,20,宏遠-桃園,2024-09-23,1262
3390,旭軟,20,0,20,宏遠-桃園,2024-09-23,1262
3062,建漢,31,12,19,宏遠-桃園,2024-09-23,1262
2449,京元電子,22,4,18,宏遠-桃園,2024-09-23,1262
6829,千附精密,18,0,18,宏遠-桃園,2024-09-23,1262
3663,鑫科,18,1,17,宏遠-桃園,2024-09-23,1262
3703,欣陸,17,0,17,宏遠-桃園,2024-09-23,1262
00679B,元大美債20年,21,5,16,宏遠-桃園,2024-09-23,1262
2497,怡利電,16,0,16,宏遠-桃園,2024-09-23,1262
3360,尚立,16,2,14,宏遠-桃園,2024-09-23,1262
4720,德淵,13,0,13,宏遠-桃園,2024-09-23,1262
00680L,元大美債20正2,27,15,12,宏遠-桃園,2024-09-23,1262
2344,華邦電,12,0,12,宏遠-桃園,2024-09-23,1262
00929,復華台灣科技優息,13,1,12,宏遠-桃園,2024-09-23,1262
2371,大同,11,0,11,宏遠-桃園,2024-09-23,1262
6530,創威,12,1,11,宏遠-桃園,2024-09-23,1262
00953B,群益優選非投等債,10,0,10,宏遠-桃園,2024-09-23,1262
2369,菱生,10,0,10,宏遠-桃園,2024-09-23,1262
3305,昇貿,10,0,10,宏遠-桃園,2024-09-23,1262
4939,亞電,10,0,10,宏遠-桃園,2024-09-23,1262
8431,匯鑽科,10,0,10,宏遠-桃園,2024-09-23,1262
2388,威盛,15,6,9,宏遠-桃園,2024-09-23,1262
3059,華晶科,17,9,8,宏遠-桃園,2024-09-23,1262
6742,澤米,8,0,8,宏遠-桃園,2024-09-23,1262
2317,鴻海,27,20,7,宏遠-桃園,2024-09-23,1262
2889,國票金,7,0,7,宏遠-桃園,2024-09-23,1262
6202,盛群,7,0,7,宏遠-桃園,2024-09-23,1262
2348,海悅,6,0,6,宏遠-桃園,2024-09-23,1262
4915,致伸,122,0,122,宏遠-桃園,2024-09-24,1262
00937B,群益ESG投等債20,115,5,110,宏遠-桃園,2024-09-24,1262
2385,群光,70,0,70,宏遠-桃園,2024-09-24,1262
00687B,國泰20年美債,62,0,62,宏遠-桃園,2024-09-24,1262
2464,盟立,70,10,60,宏遠-桃園,2024-09-24,1262
6603,富強鑫,56,0,56,宏遠-桃園,2024-09-24,1262
6151,晉倫,51,0,51,宏遠-桃園,2024-09-24,1262
2317,鴻海,51,9,42,宏遠-桃園,2024-09-24,1262
4977,眾達-KY,40,0,40,宏遠-桃園,2024-09-24,1262
3062,建漢,37,1,36,宏遠-桃園,2024-09-24,1262
2476,鉅祥,35,1,34,宏遠-桃園,2024-09-24,1262
00680L,元大美債20正2,43,10,33,宏遠-桃園,2024-09-24,1262
4526,東台,52,21,31,宏遠-桃園,2024-09-24,1262
2481,強茂,31,1,30,宏遠-桃園,2024-09-24,1262
6288,聯嘉,25,0,25,宏遠-桃園,2024-09-24,1262
3715,定穎投控,80,59,21,宏遠-桃園,2024-09-24,1262
00929,復華台灣科技優息,24,4,20,宏遠-桃園,2024-09-24,1262
3581,博磊,65,45,20,宏遠-桃園,2024-09-24,1262
6411,晶焱,20,0,20,宏遠-桃園,2024-09-24,1262
00638R,元大滬深300反1,18,0,18,宏遠-桃園,2024-09-24,1262
00679B,元大美債20年,18,0,18,宏遠-桃園,2024-09-24,1262
4971,IET-KY,15,0,15,宏遠-桃園,2024-09-24,1262
3615,安可,40,26,14,宏遠-桃園,2024-09-24,1262
2313,華通,13,0,13,宏遠-桃園,2024-09-24,1262
2388,威盛,20,7,13,宏遠-桃園,2024-09-24,1262
4720,德淵,13,0,13,宏遠-桃園,2024-09-24,1262
00927,群益半導體收益,11,0,11,宏遠-桃園,2024-09-24,1262
4303,信立,11,0,11,宏遠-桃園,2024-09-24,1262
6550,北極星藥業-KY,11,0,11,宏遠-桃園,2024-09-24,1262
4909,新復興,24,13,11,宏遠-桃園,2024-09-24,1262
00948B,中信優息投資級債,10,0,10,宏遠-桃園,2024-09-24,1262
2002,中鋼,10,0,10,宏遠-桃園,2024-09-24,1262
3290,東浦,10,0,10,宏遠-桃園,2024-09-24,1262
3605,宏致,10,0,10,宏遠-桃園,2024-09-24,1262
6143,振曜,10,0,10,宏遠-桃園,2024-09-24,1262
6530,創威,10,0,10,宏遠-桃園,2024-09-24,1262
9939,宏全,10,0,10,宏遠-桃園,2024-09-24,1262
00919,群益台灣精選高息,9,0,9,宏遠-桃園,2024-09-24,1262
6177,達麗,16,7,9,宏遠-桃園,2024-09-24,1262
00940,元大台灣價值高息,8,0,8,宏遠-桃園,2024-09-24,1262
00665L,富邦�琤肭磪囓�2,180,172,8,宏遠-桃園,2024-09-24,1262
3645,達邁,8,0,8,宏遠-桃園,2024-09-24,1262
3019,亞光,8,0,8,宏遠-桃園,2024-09-24,1262
00878,國泰永續高股息,7,0,7,宏遠-桃園,2024-09-24,1262
00936,台新永續高息中小,7,0,7,宏遠-桃園,2024-09-24,1262
2504,國產,7,0,7,宏遠-桃園,2024-09-24,1262
2867,三商壽,6,0,6,宏遠-桃園,2024-09-24,1262
1584,精剛,6,0,6,宏遠-桃園,2024-09-24,1262
00918,大華優利高填息30,6,0,6,宏遠-桃園,2024-09-24,1262
1336,台翰,9,3,6,宏遠-桃園,2024-09-24,1262
00637L,元大滬深300正2,507,344,163,宏遠-桃園,2024-09-25,1262
2323,中環,50,0,50,宏遠-桃園,2024-09-25,1262
4977,眾達-KY,43,0,43,宏遠-桃園,2024-09-25,1262
00687B,國泰20年美債,41,5,36,宏遠-桃園,2024-09-25,1262
5236,凌陽創新,36,1,35,宏遠-桃園,2024-09-25,1262
00650L,復華香港正2,126,95,31,宏遠-桃園,2024-09-25,1262
8431,匯鑽科,30,0,30,宏遠-桃園,2024-09-25,1262
1540,喬福,63,35,28,宏遠-桃園,2024-09-25,1262
2615,萬海,99,72,27,宏遠-桃園,2024-09-25,1262
00902,中信電池及儲能,26,0,26,宏遠-桃園,2024-09-25,1262
1312,國喬,23,0,23,宏遠-桃園,2024-09-25,1262
3062,建漢,23,1,22,宏遠-桃園,2024-09-25,1262
3363,上詮,37,15,22,宏遠-桃園,2024-09-25,1262
4714,永捷,23,3,20,宏遠-桃園,2024-09-25,1262
4903,聯光通,33,13,20,宏遠-桃園,2024-09-25,1262
9105,泰金寶-DR,20,0,20,宏遠-桃園,2024-09-25,1262
6188,廣明,26,8,18,宏遠-桃園,2024-09-25,1262
00878,國泰永續高股息,17,0,17,宏遠-桃園,2024-09-25,1262
2542,興富發,20,3,17,宏遠-桃園,2024-09-25,1262
2464,盟立,27,11,16,宏遠-桃園,2024-09-25,1262
00638R,元大滬深300反1,16,2,14,宏遠-桃園,2024-09-25,1262
2228,劍麟,32,19,13,宏遠-桃園,2024-09-25,1262
3465,進泰電子,13,0,13,宏遠-桃園,2024-09-25,1262
2891,中信金,21,9,12,宏遠-桃園,2024-09-25,1262
3227,原相,15,3,12,宏遠-桃園,2024-09-25,1262
4919,新唐,12,0,12,宏遠-桃園,2024-09-25,1262
00948B,中信優息投資級債,11,0,11,宏遠-桃園,2024-09-25,1262
2369,菱生,11,0,11,宏遠-桃園,2024-09-25,1262
6617,共信-KY,11,0,11,宏遠-桃園,2024-09-25,1262
1785,光洋科,12,2,10,宏遠-桃園,2024-09-25,1262
2344,華邦電,10,0,10,宏遠-桃園,2024-09-25,1262
2481,強茂,29,19,10,宏遠-桃園,2024-09-25,1262
6104,創惟,14,4,10,宏遠-桃園,2024-09-25,1262
6488,環球晶,10,0,10,宏遠-桃園,2024-09-25,1262
6548,長科*,22,12,10,宏遠-桃園,2024-09-25,1262
6550,北極星藥業-KY,10,0,10,宏遠-桃園,2024-09-25,1262
2425,承啟,9,0,9,宏遠-桃園,2024-09-25,1262
3305,昇貿,10,1,9,宏遠-桃園,2024-09-25,1262
6126,信音,10,1,9,宏遠-桃園,2024-09-25,1262
2009,第一銅,14,6,8,宏遠-桃園,2024-09-25,1262
2888,新光金,9,1,8,宏遠-桃園,2024-09-25,1262
4147,中裕,8,0,8,宏遠-桃園,2024-09-25,1262
2455,全新,14,6,8,宏遠-桃園,2024-09-25,1262
3652,精聯,7,0,7,宏遠-桃園,2024-09-25,1262
4174,浩鼎,6,0,6,宏遠-桃園,2024-09-25,1262
0050,元大台灣50,6,0,6,宏遠-桃園,2024-09-25,1262
2329,華泰,6,0,6,宏遠-桃園,2024-09-25,1262
2353,宏��,6,0,6,宏遠-桃園,2024-09-25,1262
5452,佶優,22,16,6,宏遠-桃園,2024-09-25,1262
5347,世界,6,0,6,宏遠-桃園,2024-09-25,1262
6603,富強鑫,160,0,160,宏遠-桃園,2024-09-26,1262
6152,百一,131,0,131,宏遠-桃園,2024-09-26,1262
00679B,元大美債20年,136,10,126,宏遠-桃園,2024-09-26,1262
00937B,群益ESG投等債20,107,0,107,宏遠-桃園,2024-09-26,1262
00688L,國泰20年美債正2,100,0,100,宏遠-桃園,2024-09-26,1262
2481,強茂,67,0,67,宏遠-桃園,2024-09-26,1262
00948B,中信優息投資級債,50,0,50,宏遠-桃園,2024-09-26,1262
00687B,國泰20年美債,46,4,42,宏遠-桃園,2024-09-26,1262
1540,喬福,23,1,22,宏遠-桃園,2024-09-26,1262
2344,華邦電,22,0,22,宏遠-桃園,2024-09-26,1262
2399,映泰,37,16,21,宏遠-桃園,2024-09-26,1262
00715L,期街口布蘭特正2,24,3,21,宏遠-桃園,2024-09-26,1262
00957B,兆豐US優選投等債,20,0,20,宏遠-桃園,2024-09-26,1262
5356,協益,20,0,20,宏遠-桃園,2024-09-26,1262
8096,擎亞,44,24,20,宏遠-桃園,2024-09-26,1262
00680L,元大美債20正2,18,0,18,宏遠-桃園,2024-09-26,1262
8110,華東,16,0,16,宏遠-桃園,2024-09-26,1262
3443,創意,18,2,16,宏遠-桃園,2024-09-26,1262
00685L,群益臺灣加權正2,15,0,15,宏遠-桃園,2024-09-26,1262
6877,鏵友益,15,0,15,宏遠-桃園,2024-09-26,1262
3673,TPK-KY,21,8,13,宏遠-桃園,2024-09-26,1262
1312,國喬,12,0,12,宏遠-桃園,2024-09-26,1262
4903,聯光通,22,10,12,宏遠-桃園,2024-09-26,1262
4977,眾達-KY,13,1,12,宏遠-桃園,2024-09-26,1262
6550,北極星藥業-KY,12,0,12,宏遠-桃園,2024-09-26,1262
1808,潤隆,14,3,11,宏遠-桃園,2024-09-26,1262
4763,材料-KY,10,0,10,宏遠-桃園,2024-09-26,1262
00720B,元大投資級公司債,10,0,10,宏遠-桃園,2024-09-26,1262
00666R,富邦�琤肭磪齯�1,10,0,10,宏遠-桃園,2024-09-26,1262
2369,菱生,10,0,10,宏遠-桃園,2024-09-26,1262
2888,新光金,10,0,10,宏遠-桃園,2024-09-26,1262
3581,博磊,10,0,10,宏遠-桃園,2024-09-26,1262
4919,新唐,10,0,10,宏遠-桃園,2024-09-26,1262
6425,易發,10,0,10,宏遠-桃園,2024-09-26,1262
8111,立��,38,28,10,宏遠-桃園,2024-09-26,1262
2486,一詮,34,24,10,宏遠-桃園,2024-09-26,1262
00665L,富邦�琤肭磪囓�2,10,1,9,宏遠-桃園,2024-09-26,1262
3577,泓格,9,0,9,宏遠-桃園,2024-09-26,1262
6617,共信-KY,9,0,9,宏遠-桃園,2024-09-26,1262
6869,雲豹能源,13,4,9,宏遠-桃園,2024-09-26,1262
1582,信錦,9,1,8,宏遠-桃園,2024-09-26,1262
2301,光寶科,8,0,8,宏遠-桃園,2024-09-26,1262
3019,亞光,8,1,7,宏遠-桃園,2024-09-26,1262
6257,矽格,7,0,7,宏遠-桃園,2024-09-26,1262
00933B,國泰10Y+金融債,7,0,7,宏遠-桃園,2024-09-26,1262
00638R,元大滬深300反1,6,0,6,宏遠-桃園,2024-09-26,1262
2353,宏��,11,5,6,宏遠-桃園,2024-09-26,1262
3526,凡甲,6,0,6,宏遠-桃園,2024-09-26,1262
6233,旺玖,12,6,6,宏遠-桃園,2024-09-26,1262
00725B,國泰投資級公司債,5,0,5,宏遠-桃園,2024-09-26,1262
6603,富強鑫,172,0,172,宏遠-桃園,2024-09-27,1262
2030,彰源,130,2,128,宏遠-桃園,2024-09-27,1262
1909,榮成,120,0,120,宏遠-桃園,2024-09-27,1262
00960,野村全球航運龍頭,86,1,85,宏遠-桃園,2024-09-27,1262
00953B,群益優選非投等債,70,0,70,宏遠-桃園,2024-09-27,1262
00679B,元大美債20年,63,0,63,宏遠-桃園,2024-09-27,1262
4526,東台,55,5,50,宏遠-桃園,2024-09-27,1262
2022,聚亨,53,5,48,宏遠-桃園,2024-09-27,1262
3048,益登,45,0,45,宏遠-桃園,2024-09-27,1262
1522,堤維西,41,0,41,宏遠-桃園,2024-09-27,1262
00948B,中信優息投資級債,40,0,40,宏遠-桃園,2024-09-27,1262
00687B,國泰20年美債,36,0,36,宏遠-桃園,2024-09-27,1262
00665L,富邦�琤肭磪囓�2,36,0,36,宏遠-桃園,2024-09-27,1262
2385,群光,35,0,35,宏遠-桃園,2024-09-27,1262
00751B,元大AAA至A公司債,33,0,33,宏遠-桃園,2024-09-27,1262
6152,百一,30,0,30,宏遠-桃園,2024-09-27,1262
2891,中信金,35,5,30,宏遠-桃園,2024-09-27,1262
3605,宏致,29,4,25,宏遠-桃園,2024-09-27,1262
00937B,群益ESG投等債20,23,0,23,宏遠-桃園,2024-09-27,1262
00720B,元大投資級公司債,21,1,20,宏遠-桃園,2024-09-27,1262
4722,國精化,20,0,20,宏遠-桃園,2024-09-27,1262
8467,波力-KY,20,0,20,宏遠-桃園,2024-09-27,1262
9105,泰金寶-DR,32,12,20,宏遠-桃園,2024-09-27,1262
2399,映泰,22,5,17,宏遠-桃園,2024-09-27,1262
3014,聯陽,17,0,17,宏遠-桃園,2024-09-27,1262
1336,台翰,22,7,15,宏遠-桃園,2024-09-27,1262
2250,IKKA-KY,15,0,15,宏遠-桃園,2024-09-27,1262
3550,聯穎,30,15,15,宏遠-桃園,2024-09-27,1262
2356,英業達,13,0,13,宏遠-桃園,2024-09-27,1262
00919,群益台灣精選高息,12,0,12,宏遠-桃園,2024-09-27,1262
00715L,期街口布蘭特正2,19,8,11,宏遠-桃園,2024-09-27,1262
00638R,元大滬深300反1,24,14,10,宏遠-桃園,2024-09-27,1262
00957B,兆豐US優選投等債,10,0,10,宏遠-桃園,2024-09-27,1262
1319,東陽,10,0,10,宏遠-桃園,2024-09-27,1262
2025,千興,10,0,10,宏遠-桃園,2024-09-27,1262
3141,晶宏,10,0,10,宏遠-桃園,2024-09-27,1262
3305,昇貿,10,0,10,宏遠-桃園,2024-09-27,1262
3581,博磊,13,3,10,宏遠-桃園,2024-09-27,1262
4549,桓達,11,1,10,宏遠-桃園,2024-09-27,1262
4714,永捷,10,0,10,宏遠-桃園,2024-09-27,1262
5864,致和證,10,0,10,宏遠-桃園,2024-09-27,1262
6550,北極星藥業-KY,10,0,10,宏遠-桃園,2024-09-27,1262
8085,福華,10,0,10,宏遠-桃園,2024-09-27,1262
8150,南茂,10,0,10,宏遠-桃園,2024-09-27,1262
2313,華通,10,1,9,宏遠-桃園,2024-09-27,1262
2388,威盛,31,22,9,宏遠-桃園,2024-09-27,1262
3163,波若威,31,22,9,宏遠-桃園,2024-09-27,1262
6241,易通展,9,0,9,宏遠-桃園,2024-09-27,1262
2033,佳大,8,0,8,宏遠-桃園,2024-09-27,1262
3019,亞光,7,0,7,宏遠-桃園,2024-09-27,1262
00919,群益台灣精選高息,259,0,259,宏遠-桃園,2024-09-30,1262
2014,中鴻,286,136,150,宏遠-桃園,2024-09-30,1262
00929,復華台灣科技優息,98,7,91,宏遠-桃園,2024-09-30,1262
6152,百一,90,0,90,宏遠-桃園,2024-09-30,1262
2385,群光,70,0,70,宏遠-桃園,2024-09-30,1262
2891,中信金,63,0,63,宏遠-桃園,2024-09-30,1262
00946,群益科技高息成長,60,0,60,宏遠-桃園,2024-09-30,1262
00753L,中信中國50正2,58,0,58,宏遠-桃園,2024-09-30,1262
00940,元大台灣價值高息,65,10,55,宏遠-桃園,2024-09-30,1262
2009,第一銅,54,0,54,宏遠-桃園,2024-09-30,1262
4934,太極,51,0,51,宏遠-桃園,2024-09-30,1262
00730,富邦臺灣優質高息,50,0,50,宏遠-桃園,2024-09-30,1262
2455,全新,46,0,46,宏遠-桃園,2024-09-30,1262
6443,元晶,44,1,43,宏遠-桃園,2024-09-30,1262
3550,聯穎,40,0,40,宏遠-桃園,2024-09-30,1262
00878,國泰永續高股息,40,0,40,宏遠-桃園,2024-09-30,1262
3021,鴻名,36,0,36,宏遠-桃園,2024-09-30,1262
00632R,元大台灣50反1,76,41,35,宏遠-桃園,2024-09-30,1262
00927,群益半導體收益,35,0,35,宏遠-桃園,2024-09-30,1262
00945B,凱基美國非投等債,30,0,30,宏遠-桃園,2024-09-30,1262
2913,農林,50,20,30,宏遠-桃園,2024-09-30,1262
6147,頎邦,30,0,30,宏遠-桃園,2024-09-30,1262
6208,日揚,30,0,30,宏遠-桃園,2024-09-30,1262
00918,大華優利高填息30,27,0,27,宏遠-桃園,2024-09-30,1262
00891,中信關鍵半導體,27,0,27,宏遠-桃園,2024-09-30,1262
00665L,富邦�琤肭磪囓�2,28,6,22,宏遠-桃園,2024-09-30,1262
3014,聯陽,21,0,21,宏遠-桃園,2024-09-30,1262
4714,永捷,21,0,21,宏遠-桃園,2024-09-30,1262
00887,永豐中國科技50大,22,2,20,宏遠-桃園,2024-09-30,1262
00857B,永豐20年美公債,20,0,20,宏遠-桃園,2024-09-30,1262
00936,台新永續高息中小,20,0,20,宏遠-桃園,2024-09-30,1262
3686,達能,20,0,20,宏遠-桃園,2024-09-30,1262
6603,富強鑫,20,0,20,宏遠-桃園,2024-09-30,1262
9955,佳龍,20,0,20,宏遠-桃園,2024-09-30,1262
2362,藍天,18,0,18,宏遠-桃園,2024-09-30,1262
6411,晶焱,18,0,18,宏遠-桃園,2024-09-30,1262
0050,元大台灣50,18,1,17,宏遠-桃園,2024-09-30,1262
4763,材料-KY,17,0,17,宏遠-桃園,2024-09-30,1262
6231,系微,17,0,17,宏遠-桃園,2024-09-30,1262
00687B,國泰20年美債,16,0,16,宏遠-桃園,2024-09-30,1262
2615,萬海,24,9,15,宏遠-桃園,2024-09-30,1262
8104,錸寶,16,1,15,宏遠-桃園,2024-09-30,1262
00934,中信成長高股息,14,0,14,宏遠-桃園,2024-09-30,1262
00877,復華中國5G,20,7,13,宏遠-桃園,2024-09-30,1262
4198,欣大健康,13,0,13,宏遠-桃園,2024-09-30,1262
1519,華城,15,3,12,宏遠-桃園,2024-09-30,1262
2020,美亞,12,0,12,宏遠-桃園,2024-09-30,1262
2369,菱生,12,0,12,宏遠-桃園,2024-09-30,1262
6550,北極星藥業-KY,12,0,12,宏遠-桃園,2024-09-30,1262
5871,中租-KY,12,1,11,宏遠-桃園,2024-09-30,1262
3550,聯穎,134,0,134,宏遠-桃園,2024-10-01,1262
2385,群光,75,0,75,宏遠-桃園,2024-10-01,1262
6152,百一,70,0,70,宏遠-桃園,2024-10-01,1262
00929,復華台灣科技優息,62,0,62,宏遠-桃園,2024-10-01,1262
00940,元大台灣價值高息,42,0,42,宏遠-桃園,2024-10-01,1262
8085,福華,40,0,40,宏遠-桃園,2024-10-01,1262
00753L,中信中國50正2,39,0,39,宏遠-桃園,2024-10-01,1262
00919,群益台灣精選高息,39,0,39,宏遠-桃園,2024-10-01,1262
8467,波力-KY,37,0,37,宏遠-桃園,2024-10-01,1262
00650L,復華香港正2,124,90,34,宏遠-桃園,2024-10-01,1262
4563,百德,36,3,33,宏遠-桃園,2024-10-01,1262
00632R,元大台灣50反1,37,5,32,宏遠-桃園,2024-10-01,1262
6603,富強鑫,30,0,30,宏遠-桃園,2024-10-01,1262
00679B,元大美債20年,26,0,26,宏遠-桃園,2024-10-01,1262
2425,承啟,30,4,26,宏遠-桃園,2024-10-01,1262
00878,國泰永續高股息,23,2,21,宏遠-桃園,2024-10-01,1262
00945B,凱基美國非投等債,20,0,20,宏遠-桃園,2024-10-01,1262
00887,永豐中國科技50大,20,0,20,宏遠-桃園,2024-10-01,1262
2486,一詮,22,2,20,宏遠-桃園,2024-10-01,1262
3014,聯陽,20,0,20,宏遠-桃園,2024-10-01,1262
3430,奇鈦科,20,0,20,宏遠-桃園,2024-10-01,1262
6147,頎邦,20,0,20,宏遠-桃園,2024-10-01,1262
6411,晶焱,20,0,20,宏遠-桃園,2024-10-01,1262
00927,群益半導體收益,18,0,18,宏遠-桃園,2024-10-01,1262
4977,眾達-KY,18,0,18,宏遠-桃園,2024-10-01,1262
00946,群益科技高息成長,16,0,16,宏遠-桃園,2024-10-01,1262
2913,農林,20,4,16,宏遠-桃園,2024-10-01,1262
1312,國喬,20,5,15,宏遠-桃園,2024-10-01,1262
3715,定穎投控,84,70,14,宏遠-桃園,2024-10-01,1262
1595,川寶,16,3,13,宏遠-桃園,2024-10-01,1262
4198,欣大健康,14,1,13,宏遠-桃園,2024-10-01,1262
00706L,期元大S＆P日圓正2,12,0,12,宏遠-桃園,2024-10-01,1262
00918,大華優利高填息30,12,0,12,宏遠-桃園,2024-10-01,1262
2344,華邦電,12,0,12,宏遠-桃園,2024-10-01,1262
6550,北極星藥業-KY,11,0,11,宏遠-桃園,2024-10-01,1262
8429,金麗-KY,23,12,11,宏遠-桃園,2024-10-01,1262
8466,美吉吉-KY,11,0,11,宏遠-桃園,2024-10-01,1262
1319,東陽,10,0,10,宏遠-桃園,2024-10-01,1262
2250,IKKA-KY,10,0,10,宏遠-桃園,2024-10-01,1262
2369,菱生,10,0,10,宏遠-桃園,2024-10-01,1262
2832,台產,10,0,10,宏遠-桃園,2024-10-01,1262
5876,上海商銀,10,0,10,宏遠-桃園,2024-10-01,1262
8431,匯鑽科,10,0,10,宏遠-桃園,2024-10-01,1262
9105,泰金寶-DR,10,0,10,宏遠-桃園,2024-10-01,1262
9939,宏全,10,0,10,宏遠-桃園,2024-10-01,1262
3021,鴻名,9,0,9,宏遠-桃園,2024-10-01,1262
3708,上緯投控,9,3,6,宏遠-桃園,2024-10-01,1262
2332,友訊,5,0,5,宏遠-桃園,2024-10-01,1262
2347,聯強,5,0,5,宏遠-桃園,2024-10-01,1262
2504,國產,5,0,5,宏遠-桃園,2024-10-01,1262
6603,富強鑫,230,1,229,宏遠-桃園,2024-10-04,1262
2022,聚亨,143,0,143,宏遠-桃園,2024-10-04,1262
00712,復華富時不動產,141,0,141,宏遠-桃園,2024-10-04,1262
00929,復華台灣科技優息,99,0,99,宏遠-桃園,2024-10-04,1262
3014,聯陽,83,0,83,宏遠-桃園,2024-10-04,1262
00948B,中信優息投資級債,81,0,81,宏遠-桃園,2024-10-04,1262
00639,富邦深100,83,4,79,宏遠-桃園,2024-10-04,1262
3550,聯穎,70,0,70,宏遠-桃園,2024-10-04,1262
00940,元大台灣價值高息,62,0,62,宏遠-桃園,2024-10-04,1262
6152,百一,60,0,60,宏遠-桃園,2024-10-04,1262
2618,長榮航,60,6,54,宏遠-桃園,2024-10-04,1262
2476,鉅祥,50,0,50,宏遠-桃園,2024-10-04,1262
00946,群益科技高息成長,45,0,45,宏遠-桃園,2024-10-04,1262
00919,群益台灣精選高息,40,0,40,宏遠-桃園,2024-10-04,1262
1309,台達化,40,0,40,宏遠-桃園,2024-10-04,1262
6147,頎邦,40,0,40,宏遠-桃園,2024-10-04,1262
3062,建漢,39,0,39,宏遠-桃園,2024-10-04,1262
4934,太極,34,0,34,宏遠-桃園,2024-10-04,1262
6005,群益證,30,0,30,宏遠-桃園,2024-10-04,1262
2009,第一銅,25,1,24,宏遠-桃園,2024-10-04,1262
2515,中工,30,9,21,宏遠-桃園,2024-10-04,1262
00945B,凱基美國非投等債,20,0,20,宏遠-桃園,2024-10-04,1262
1522,堤維西,20,0,20,宏遠-桃園,2024-10-04,1262
1570,力肯,20,0,20,宏遠-桃園,2024-10-04,1262
00680L,元大美債20正2,17,0,17,宏遠-桃園,2024-10-04,1262
00927,群益半導體收益,16,0,16,宏遠-桃園,2024-10-04,1262
2609,陽明,17,2,15,宏遠-桃園,2024-10-04,1262
00918,大華優利高填息30,15,0,15,宏遠-桃園,2024-10-04,1262
00960,野村全球航運龍頭,14,0,14,宏遠-桃園,2024-10-04,1262
2615,萬海,12,1,11,宏遠-桃園,2024-10-04,1262
2383,台光電,12,1,11,宏遠-桃園,2024-10-04,1262
00937B,群益ESG投等債20,11,0,11,宏遠-桃園,2024-10-04,1262
3711,日月光投控,11,0,11,宏遠-桃園,2024-10-04,1262
6215,和椿,11,0,11,宏遠-桃園,2024-10-04,1262
00931B,統一美債20年,10,0,10,宏遠-桃園,2024-10-04,1262
00676R,富邦臺灣加權反1,10,0,10,宏遠-桃園,2024-10-04,1262
2385,群光,10,0,10,宏遠-桃園,2024-10-04,1262
4198,欣大健康,10,0,10,宏遠-桃園,2024-10-04,1262
6550,北極星藥業-KY,10,0,10,宏遠-桃園,2024-10-04,1262
8076,伍豐,10,0,10,宏遠-桃園,2024-10-04,1262
9939,宏全,10,0,10,宏遠-桃園,2024-10-04,1262
2603,長榮,10,0,10,宏遠-桃園,2024-10-04,1262
2243,宏旭-KY,10,1,9,宏遠-桃園,2024-10-04,1262
00753L,中信中國50正2,8,0,8,宏遠-桃園,2024-10-04,1262
2349,錸德,8,0,8,宏遠-桃園,2024-10-04,1262
3645,達邁,8,0,8,宏遠-桃園,2024-10-04,1262
3703,欣陸,8,0,8,宏遠-桃園,2024-10-04,1262
2201,裕隆,18,10,8,宏遠-桃園,2024-10-04,1262
1316,上曜,7,0,7,宏遠-桃園,2024-10-04,1262
2250,IKKA-KY,7,0,7,宏遠-桃園,2024-10-04,1262
1442,名軒,1602,0,1602,宏遠-桃園,2024-10-07,1262
00945B,凱基美國非投等債,200,0,200,宏遠-桃園,2024-10-07,1262
00953B,群益優選非投等債,151,2,149,宏遠-桃園,2024-10-07,1262
00919,群益台灣精選高息,115,2,113,宏遠-桃園,2024-10-07,1262
00688L,國泰20年美債正2,112,0,112,宏遠-桃園,2024-10-07,1262
00671R,富邦NASDAQ反1,100,0,100,宏遠-桃園,2024-10-07,1262
0056,元大高股息,61,1,60,宏遠-桃園,2024-10-07,1262
1727,中華化,60,0,60,宏遠-桃園,2024-10-07,1262
2404,漢唐,50,0,50,宏遠-桃園,2024-10-07,1262
2515,中工,33,0,33,宏遠-桃園,2024-10-07,1262
1595,川寶,30,0,30,宏遠-桃園,2024-10-07,1262
5864,致和證,30,0,30,宏遠-桃園,2024-10-07,1262
1454,台富,28,0,28,宏遠-桃園,2024-10-07,1262
00664R,國泰臺灣加權反1,25,0,25,宏遠-桃園,2024-10-07,1262
00795B,中信美國公債20年,22,0,22,宏遠-桃園,2024-10-07,1262
00929,復華台灣科技優息,21,0,21,宏遠-桃園,2024-10-07,1262
00655L,國泰中國A50正2,26,6,20,宏遠-桃園,2024-10-07,1262
1909,榮成,20,0,20,宏遠-桃園,2024-10-07,1262
2855,統一證,20,0,20,宏遠-桃園,2024-10-07,1262
3049,精金,20,0,20,宏遠-桃園,2024-10-07,1262
1101,台泥,15,0,15,宏遠-桃園,2024-10-07,1262
4934,太極,15,0,15,宏遠-桃園,2024-10-07,1262
5236,凌陽創新,15,1,14,宏遠-桃園,2024-10-07,1262
4720,德淵,12,0,12,宏遠-桃園,2024-10-07,1262
6118,建達,11,0,11,宏遠-桃園,2024-10-07,1262
00933B,國泰10Y+金融債,11,0,11,宏遠-桃園,2024-10-07,1262
8111,立��,150,139,11,宏遠-桃園,2024-10-07,1262
00635U,期元大S＆P黃金,10,0,10,宏遠-桃園,2024-10-07,1262
00632R,元大台灣50反1,120,110,10,宏遠-桃園,2024-10-07,1262
00752,中信中國50,10,0,10,宏遠-桃園,2024-10-07,1262
00939,統一台灣高息動能,10,0,10,宏遠-桃園,2024-10-07,1262
1309,台達化,10,0,10,宏遠-桃園,2024-10-07,1262
1444,力麗,10,0,10,宏遠-桃園,2024-10-07,1262
2344,華邦電,10,0,10,宏遠-桃園,2024-10-07,1262
2369,菱生,10,0,10,宏遠-桃園,2024-10-07,1262
2408,南亞科,10,0,10,宏遠-桃園,2024-10-07,1262
2913,農林,10,0,10,宏遠-桃園,2024-10-07,1262
3234,光環,11,1,10,宏遠-桃園,2024-10-07,1262
3540,曜越,10,0,10,宏遠-桃園,2024-10-07,1262
3587,閎康,10,0,10,宏遠-桃園,2024-10-07,1262
6290,良維,10,0,10,宏遠-桃園,2024-10-07,1262
00753L,中信中國50正2,18,10,8,宏遠-桃園,2024-10-07,1262
6147,頎邦,10,2,8,宏遠-桃園,2024-10-07,1262
3545,敦泰,7,0,7,宏遠-桃園,2024-10-07,1262
00960,野村全球航運龍頭,9,2,7,宏遠-桃園,2024-10-07,1262
00679B,元大美債20年,31,25,6,宏遠-桃園,2024-10-07,1262
1336,台翰,7,1,6,宏遠-桃園,2024-10-07,1262
1806,冠軍,6,0,6,宏遠-桃園,2024-10-07,1262
2402,毅嘉,7,1,6,宏遠-桃園,2024-10-07,1262
2880,華南金,6,0,6,宏遠-桃園,2024-10-07,1262
1442,名軒,248,0,248,宏遠-桃園,2024-10-08,1262
00887,永豐中國科技50大,303,71,232,宏遠-桃園,2024-10-08,1262
00953B,群益優選非投等債,150,0,150,宏遠-桃園,2024-10-08,1262
1727,中華化,71,0,71,宏遠-桃園,2024-10-08,1262
1595,川寶,76,15,61,宏遠-桃園,2024-10-08,1262
2461,光群雷,60,0,60,宏遠-桃園,2024-10-08,1262
00679B,元大美債20年,57,0,57,宏遠-桃園,2024-10-08,1262
2425,承啟,88,32,56,宏遠-桃園,2024-10-08,1262
00753L,中信中國50正2,91,36,55,宏遠-桃園,2024-10-08,1262
00878,國泰永續高股息,50,0,50,宏遠-桃園,2024-10-08,1262
00655L,國泰中國A50正2,50,0,50,宏遠-桃園,2024-10-08,1262
00943,兆豐電子高息等權,50,0,50,宏遠-桃園,2024-10-08,1262
00945B,凱基美國非投等債,50,0,50,宏遠-桃園,2024-10-08,1262
00948B,中信優息投資級債,50,0,50,宏遠-桃園,2024-10-08,1262
0056,元大高股息,48,0,48,宏遠-桃園,2024-10-08,1262
00795B,中信美國公債20年,43,0,43,宏遠-桃園,2024-10-08,1262
2404,漢唐,40,0,40,宏遠-桃園,2024-10-08,1262
6530,創威,58,18,40,宏遠-桃園,2024-10-08,1262
2515,中工,33,0,33,宏遠-桃園,2024-10-08,1262
00680L,元大美債20正2,33,0,33,宏遠-桃園,2024-10-08,1262
2476,鉅祥,32,0,32,宏遠-桃園,2024-10-08,1262
2385,群光,29,0,29,宏遠-桃園,2024-10-08,1262
4934,太極,28,0,28,宏遠-桃園,2024-10-08,1262
00639,富邦深100,24,1,23,宏遠-桃園,2024-10-08,1262
00687B,國泰20年美債,23,0,23,宏遠-桃園,2024-10-08,1262
4563,百德,22,0,22,宏遠-桃園,2024-10-08,1262
1440,南紡,20,0,20,宏遠-桃園,2024-10-08,1262
6191,精成科,20,0,20,宏遠-桃園,2024-10-08,1262
00929,復華台灣科技優息,19,0,19,宏遠-桃園,2024-10-08,1262
00637L,元大滬深300正2,169,152,17,宏遠-桃園,2024-10-08,1262
1319,東陽,14,0,14,宏遠-桃園,2024-10-08,1262
00940,元大台灣價值高息,13,0,13,宏遠-桃園,2024-10-08,1262
2610,華航,13,0,13,宏遠-桃園,2024-10-08,1262
6877,鏵友益,18,5,13,宏遠-桃園,2024-10-08,1262
00915,凱基優選高股息30,12,0,12,宏遠-桃園,2024-10-08,1262
2303,聯電,25,13,12,宏遠-桃園,2024-10-08,1262
4714,永捷,12,0,12,宏遠-桃園,2024-10-08,1262
5460,同協,12,0,12,宏遠-桃園,2024-10-08,1262
6288,聯嘉,12,0,12,宏遠-桃園,2024-10-08,1262
00688L,國泰20年美債正2,11,0,11,宏遠-桃園,2024-10-08,1262
00650L,復華香港正2,85,74,11,宏遠-桃園,2024-10-08,1262
2601,益航,23,12,11,宏遠-桃園,2024-10-08,1262
00635U,期元大S＆P黃金,10,0,10,宏遠-桃園,2024-10-08,1262
00946,群益科技高息成長,10,0,10,宏遠-桃園,2024-10-08,1262
1312,國喬,15,5,10,宏遠-桃園,2024-10-08,1262
1522,堤維西,10,0,10,宏遠-桃園,2024-10-08,1262
1563,巧新,10,0,10,宏遠-桃園,2024-10-08,1262
1618,合機,10,0,10,宏遠-桃園,2024-10-08,1262
2867,三商壽,10,0,10,宏遠-桃園,2024-10-08,1262
2913,農林,10,0,10,宏遠-桃園,2024-10-08,1262
6603,富強鑫,230,1,229,宏遠-桃園,2024-10-09,1262
6152,百一,134,0,134,宏遠-桃園,2024-10-09,1262
00878,國泰永續高股息,82,0,82,宏遠-桃園,2024-10-09,1262
3605,宏致,83,1,82,宏遠-桃園,2024-10-09,1262
00753L,中信中國50正2,85,10,75,宏遠-桃園,2024-10-09,1262
00637L,元大滬深300正2,198,130,68,宏遠-桃園,2024-10-09,1262
00919,群益台灣精選高息,68,0,68,宏遠-桃園,2024-10-09,1262
00882,中信中國高股息,68,2,66,宏遠-桃園,2024-10-09,1262
2303,聯電,119,54,65,宏遠-桃園,2024-10-09,1262
00948B,中信優息投資級債,61,0,61,宏遠-桃園,2024-10-09,1262
3483,力致,60,0,60,宏遠-桃園,2024-10-09,1262
00945B,凱基美國非投等債,50,0,50,宏遠-桃園,2024-10-09,1262
00937B,群益ESG投等債20,45,0,45,宏遠-桃園,2024-10-09,1262
00936,台新永續高息中小,42,0,42,宏遠-桃園,2024-10-09,1262
0056,元大高股息,41,0,41,宏遠-桃園,2024-10-09,1262
00638R,元大滬深300反1,42,4,38,宏遠-桃園,2024-10-09,1262
6125,廣運,35,0,35,宏遠-桃園,2024-10-09,1262
2363,矽統,121,86,35,宏遠-桃園,2024-10-09,1262
2891,中信金,42,10,32,宏遠-桃園,2024-10-09,1262
2425,承啟,73,42,31,宏遠-桃園,2024-10-09,1262
2404,漢唐,30,0,30,宏遠-桃園,2024-10-09,1262
2477,美隆電,30,0,30,宏遠-桃園,2024-10-09,1262
3581,博磊,30,0,30,宏遠-桃園,2024-10-09,1262
00680L,元大美債20正2,28,0,28,宏遠-桃園,2024-10-09,1262
2399,映泰,66,40,26,宏遠-桃園,2024-10-09,1262
2379,瑞昱,25,0,25,宏遠-桃園,2024-10-09,1262
3715,定穎投控,25,0,25,宏遠-桃園,2024-10-09,1262
6191,精成科,25,0,25,宏遠-桃園,2024-10-09,1262
5876,上海商銀,23,0,23,宏遠-桃園,2024-10-09,1262
00650L,復華香港正2,51,29,22,宏遠-桃園,2024-10-09,1262
2603,長榮,22,0,22,宏遠-桃園,2024-10-09,1262
00641R,富邦日本反1,20,0,20,宏遠-桃園,2024-10-09,1262
3450,聯鈞,48,30,18,宏遠-桃園,2024-10-09,1262
3363,上詮,40,22,18,宏遠-桃園,2024-10-09,1262
6742,澤米,20,4,16,宏遠-桃園,2024-10-09,1262
1312,國喬,15,0,15,宏遠-桃園,2024-10-09,1262
00639,富邦深100,14,0,14,宏遠-桃園,2024-10-09,1262
6684,安格,19,5,14,宏遠-桃園,2024-10-09,1262
3078,僑威,13,0,13,宏遠-桃園,2024-10-09,1262
00715L,期街口布蘭特正2,12,0,12,宏遠-桃園,2024-10-09,1262
5512,力麒,12,0,12,宏遠-桃園,2024-10-09,1262
2609,陽明,12,1,11,宏遠-桃園,2024-10-09,1262
1618,合機,11,0,11,宏遠-桃園,2024-10-09,1262
8374,羅昇,11,0,11,宏遠-桃園,2024-10-09,1262
00688L,國泰20年美債正2,10,0,10,宏遠-桃園,2024-10-09,1262
1522,堤維西,10,0,10,宏遠-桃園,2024-10-09,1262
2344,華邦電,10,0,10,宏遠-桃園,2024-10-09,1262
2515,中工,10,0,10,宏遠-桃園,2024-10-09,1262
2867,三商壽,10,0,10,宏遠-桃園,2024-10-09,1262
3597,映興,10,0,10,宏遠-桃園,2024-10-09,1262
6152,百一,291,0,291,宏遠-桃園,2024-10-11,1262
2313,華通,240,0,240,宏遠-桃園,2024-10-11,1262
00945B,凱基美國非投等債,100,0,100,宏遠-桃園,2024-10-11,1262
1570,力肯,90,0,90,宏遠-桃園,2024-10-11,1262
2425,承啟,76,5,71,宏遠-桃園,2024-10-11,1262
6143,振曜,63,1,62,宏遠-桃園,2024-10-11,1262
1309,台達化,50,0,50,宏遠-桃園,2024-10-11,1262
00637L,元大滬深300正2,104,58,46,宏遠-桃園,2024-10-11,1262
8467,波力-KY,45,0,45,宏遠-桃園,2024-10-11,1262
2303,聯電,53,8,45,宏遠-桃園,2024-10-11,1262
5481,新華,40,0,40,宏遠-桃園,2024-10-11,1262
00915,凱基優選高股息30,36,0,36,宏遠-桃園,2024-10-11,1262
1785,光洋科,75,39,36,宏遠-桃園,2024-10-11,1262
00632R,元大台灣50反1,39,5,34,宏遠-桃園,2024-10-11,1262
00795B,中信美國公債20年,33,0,33,宏遠-桃園,2024-10-11,1262
00937B,群益ESG投等債20,32,0,32,宏遠-桃園,2024-10-11,1262
3033,威健,31,0,31,宏遠-桃園,2024-10-11,1262
3048,益登,31,3,28,宏遠-桃園,2024-10-11,1262
2009,第一銅,25,0,25,宏遠-桃園,2024-10-11,1262
3592,瑞鼎,25,0,25,宏遠-桃園,2024-10-11,1262
2449,京元電子,34,12,22,宏遠-桃園,2024-10-11,1262
00712,復華富時不動產,32,10,22,宏遠-桃園,2024-10-11,1262
1440,南紡,20,0,20,宏遠-桃園,2024-10-11,1262
1909,榮成,20,0,20,宏遠-桃園,2024-10-11,1262
4155,訊映,30,10,20,宏遠-桃園,2024-10-11,1262
00905,FT臺灣Smart,18,0,18,宏遠-桃園,2024-10-11,1262
2388,威盛,23,5,18,宏遠-桃園,2024-10-11,1262
3363,上詮,33,15,18,宏遠-桃園,2024-10-11,1262
00679B,元大美債20年,25,8,17,宏遠-桃園,2024-10-11,1262
2379,瑞昱,15,0,15,宏遠-桃園,2024-10-11,1262
3078,僑威,15,0,15,宏遠-桃園,2024-10-11,1262
6191,精成科,15,0,15,宏遠-桃園,2024-10-11,1262
6742,澤米,19,4,15,宏遠-桃園,2024-10-11,1262
00936,台新永續高息中小,13,0,13,宏遠-桃園,2024-10-11,1262
006207,復華滬深,12,0,12,宏遠-桃園,2024-10-11,1262
6122,擎邦,12,0,12,宏遠-桃園,2024-10-11,1262
00725B,國泰投資級公司債,11,0,11,宏遠-桃園,2024-10-11,1262
2344,華邦電,11,0,11,宏遠-桃園,2024-10-11,1262
2601,益航,11,0,11,宏遠-桃園,2024-10-11,1262
6603,富強鑫,11,0,11,宏遠-桃園,2024-10-11,1262
00655L,國泰中國A50正2,10,0,10,宏遠-桃園,2024-10-11,1262
00633L,富邦上証正2,10,0,10,宏遠-桃園,2024-10-11,1262
1618,合機,10,0,10,宏遠-桃園,2024-10-11,1262
2201,裕隆,10,0,10,宏遠-桃園,2024-10-11,1262
2399,映泰,13,3,10,宏遠-桃園,2024-10-11,1262
2406,國碩,10,0,10,宏遠-桃園,2024-10-11,1262
3019,亞光,12,2,10,宏遠-桃園,2024-10-11,1262
3049,精金,14,4,10,宏遠-桃園,2024-10-11,1262
3605,宏致,10,0,10,宏遠-桃園,2024-10-11,1262
4927,泰鼎-KY,10,0,10,宏遠-桃園,2024-10-11,1262
2888,新光金,998,0,998,宏遠-桃園,2024-10-14,1262
00953B,群益優選非投等債,100,0,100,宏遠-桃園,2024-10-14,1262
00887,永豐中國科技50大,88,1,87,宏遠-桃園,2024-10-14,1262
00919,群益台灣精選高息,72,6,66,宏遠-桃園,2024-10-14,1262
6152,百一,64,0,64,宏遠-桃園,2024-10-14,1262
00637L,元大滬深300正2,143,99,44,宏遠-桃園,2024-10-14,1262
00751B,元大AAA至A公司債,41,0,41,宏遠-桃園,2024-10-14,1262
00632R,元大台灣50反1,111,70,41,宏遠-桃園,2024-10-14,1262
00679B,元大美債20年,51,13,38,宏遠-桃園,2024-10-14,1262
6425,易發,33,3,30,宏遠-桃園,2024-10-14,1262
6143,振曜,28,0,28,宏遠-桃園,2024-10-14,1262
2313,華通,29,1,28,宏遠-桃園,2024-10-14,1262
3029,零壹,31,3,28,宏遠-桃園,2024-10-14,1262
2399,映泰,58,32,26,宏遠-桃園,2024-10-14,1262
8383,千附,27,1,26,宏遠-桃園,2024-10-14,1262
6179,亞通,23,1,22,宏遠-桃園,2024-10-14,1262
00937B,群益ESG投等債20,20,0,20,宏遠-桃園,2024-10-14,1262
00940,元大台灣價值高息,20,0,20,宏遠-桃園,2024-10-14,1262
1314,中石化,20,0,20,宏遠-桃園,2024-10-14,1262
2421,建準,21,1,20,宏遠-桃園,2024-10-14,1262
6603,富強鑫,19,0,19,宏遠-桃園,2024-10-14,1262
2317,鴻海,20,1,19,宏遠-桃園,2024-10-14,1262
1711,永光,21,3,18,宏遠-桃園,2024-10-14,1262
6151,晉倫,16,0,16,宏遠-桃園,2024-10-14,1262
1589,永冠-KY,15,0,15,宏遠-桃園,2024-10-14,1262
6492,生華科,14,0,14,宏遠-桃園,2024-10-14,1262
00687B,國泰20年美債,14,0,14,宏遠-桃園,2024-10-14,1262
00772B,中信高評級公司債,10,0,10,宏遠-桃園,2024-10-14,1262
0056,元大高股息,10,0,10,宏遠-桃園,2024-10-14,1262
1563,巧新,10,0,10,宏遠-桃園,2024-10-14,1262
2543,皇昌,10,0,10,宏遠-桃園,2024-10-14,1262
2905,三商,10,0,10,宏遠-桃園,2024-10-14,1262
4164,承業醫,10,0,10,宏遠-桃園,2024-10-14,1262
9105,泰金寶-DR,7,0,7,宏遠-桃園,2024-10-14,1262
6933,AMAX-KY,19,12,7,宏遠-桃園,2024-10-14,1262
2497,怡利電,9,3,6,宏遠-桃園,2024-10-14,1262
3380,明泰,6,0,6,宏遠-桃園,2024-10-14,1262
4935,茂林-KY,6,0,6,宏遠-桃園,2024-10-14,1262
6958,日盛台駿,6,0,6,宏遠-桃園,2024-10-14,1262
8011,台通,16,10,6,宏遠-桃園,2024-10-14,1262
8404,百和興業-KY,6,0,6,宏遠-桃園,2024-10-14,1262
00676R,富邦臺灣加權反1,5,0,5,宏遠-桃園,2024-10-14,1262
00878,國泰永續高股息,5,0,5,宏遠-桃園,2024-10-14,1262
00715L,期街口布蘭特正2,9,4,5,宏遠-桃園,2024-10-14,1262
1522,堤維西,5,0,5,宏遠-桃園,2024-10-14,1262
2348,海悅,6,1,5,宏遠-桃園,2024-10-14,1262
2618,長榮航,5,0,5,宏遠-桃園,2024-10-14,1262
2851,中再保,5,0,5,宏遠-桃園,2024-10-14,1262
4167,松瑞藥,5,0,5,宏遠-桃園,2024-10-14,1262
6191,精成科,5,0,5,宏遠-桃園,2024-10-14,1262
00632R,元大台灣50反1,206,44,162,宏遠-桃園,2024-10-15,1262
6603,富強鑫,144,2,142,宏遠-桃園,2024-10-15,1262
00887,永豐中國科技50大,73,2,71,宏遠-桃園,2024-10-15,1262
1314,中石化,65,0,65,宏遠-桃園,2024-10-15,1262
00725B,國泰投資級公司債,51,0,51,宏遠-桃園,2024-10-15,1262
00637L,元大滬深300正2,129,81,48,宏遠-桃園,2024-10-15,1262
5236,凌陽創新,42,0,42,宏遠-桃園,2024-10-15,1262
6830,汎銓,40,0,40,宏遠-桃園,2024-10-15,1262
00650L,復華香港正2,33,3,30,宏遠-桃園,2024-10-15,1262
1595,川寶,30,0,30,宏遠-桃園,2024-10-15,1262
3049,精金,30,0,30,宏遠-桃園,2024-10-15,1262
1528,恩德,30,1,29,宏遠-桃園,2024-10-15,1262
5434,崇越,29,0,29,宏遠-桃園,2024-10-15,1262
6005,群益證,30,2,28,宏遠-桃園,2024-10-15,1262
4934,太極,24,0,24,宏遠-桃園,2024-10-15,1262
4510,高鋒,28,6,22,宏遠-桃園,2024-10-15,1262
00882,中信中國高股息,24,3,21,宏遠-桃園,2024-10-15,1262
4956,光鋐,49,28,21,宏遠-桃園,2024-10-15,1262
00715L,期街口布蘭特正2,23,3,20,宏遠-桃園,2024-10-15,1262
00934,中信成長高股息,20,0,20,宏遠-桃園,2024-10-15,1262
6213,聯茂,20,0,20,宏遠-桃園,2024-10-15,1262
1570,力肯,20,0,20,宏遠-桃園,2024-10-15,1262
00919,群益台灣精選高息,19,0,19,宏遠-桃園,2024-10-15,1262
00636,國泰中國A50,18,0,18,宏遠-桃園,2024-10-15,1262
00639,富邦深100,18,0,18,宏遠-桃園,2024-10-15,1262
006205,富邦上証,18,0,18,宏遠-桃園,2024-10-15,1262
3149,正達,21,4,17,宏遠-桃園,2024-10-15,1262
6125,廣運,18,1,17,宏遠-桃園,2024-10-15,1262
3592,瑞鼎,16,0,16,宏遠-桃園,2024-10-15,1262
5210,寶碩,15,0,15,宏遠-桃園,2024-10-15,1262
3710,連展投控,17,3,14,宏遠-桃園,2024-10-15,1262
2354,鴻準,15,1,14,宏遠-桃園,2024-10-15,1262
4555,氣立,13,0,13,宏遠-桃園,2024-10-15,1262
3715,定穎投控,13,1,12,宏遠-桃園,2024-10-15,1262
4909,新復興,13,1,12,宏遠-桃園,2024-10-15,1262
00680L,元大美債20正2,12,0,12,宏遠-桃園,2024-10-15,1262
2438,翔耀,11,0,11,宏遠-桃園,2024-10-15,1262
00921,兆豐龍頭等權重,10,0,10,宏遠-桃園,2024-10-15,1262
00752,中信中國50,10,0,10,宏遠-桃園,2024-10-15,1262
00948B,中信優息投資級債,10,0,10,宏遠-桃園,2024-10-15,1262
1522,堤維西,10,0,10,宏遠-桃園,2024-10-15,1262
1536,和大,10,0,10,宏遠-桃園,2024-10-15,1262
2425,承啟,10,0,10,宏遠-桃園,2024-10-15,1262
2905,三商,10,0,10,宏遠-桃園,2024-10-15,1262
5426,振發,10,0,10,宏遠-桃園,2024-10-15,1262
00905,FT臺灣Smart,9,0,9,宏遠-桃園,2024-10-15,1262
2543,皇昌,9,0,9,宏遠-桃園,2024-10-15,1262
3231,緯創,45,36,9,宏遠-桃園,2024-10-15,1262
4977,眾達-KY,28,19,9,宏遠-桃園,2024-10-15,1262
0056,元大高股息,9,0,9,宏遠-桃園,2024-10-15,1262
2884,玉山金,104,0,104,宏遠-桃園,2024-10-16,1262
00887,永豐中國科技50大,101,0,101,宏遠-桃園,2024-10-16,1262
00945B,凱基美國非投等債,100,0,100,宏遠-桃園,2024-10-16,1262
2014,中鴻,101,9,92,宏遠-桃園,2024-10-16,1262
1473,台南,70,0,70,宏遠-桃園,2024-10-16,1262
1815,富喬,61,1,60,宏遠-桃園,2024-10-16,1262
6196,帆宣,42,0,42,宏遠-桃園,2024-10-16,1262
6168,宏齊,35,4,31,宏遠-桃園,2024-10-16,1262
5236,凌陽創新,30,2,28,宏遠-桃園,2024-10-16,1262
00725B,國泰投資級公司債,28,0,28,宏遠-桃園,2024-10-16,1262
00922,國泰台灣領袖50,25,0,25,宏遠-桃園,2024-10-16,1262
0056,元大高股息,27,2,25,宏遠-桃園,2024-10-16,1262
2880,華南金,24,0,24,宏遠-桃園,2024-10-16,1262
2303,聯電,27,4,23,宏遠-桃園,2024-10-16,1262
2745,五福,23,0,23,宏遠-桃園,2024-10-16,1262
6231,系微,22,0,22,宏遠-桃園,2024-10-16,1262
00637L,元大滬深300正2,316,296,20,宏遠-桃園,2024-10-16,1262
3031,佰鴻,20,0,20,宏遠-桃園,2024-10-16,1262
5014,建錩,20,0,20,宏遠-桃園,2024-10-16,1262
6112,邁達特,20,0,20,宏遠-桃園,2024-10-16,1262
6164,華興,20,0,20,宏遠-桃園,2024-10-16,1262
6609,瀧澤科,88,68,20,宏遠-桃園,2024-10-16,1262
8240,華宏,20,0,20,宏遠-桃園,2024-10-16,1262
00919,群益台灣精選高息,14,0,14,宏遠-桃園,2024-10-16,1262
3060,銘異,20,6,14,宏遠-桃園,2024-10-16,1262
6603,富強鑫,29,15,14,宏遠-桃園,2024-10-16,1262
0050,元大台灣50,14,0,14,宏遠-桃園,2024-10-16,1262
5876,上海商銀,13,0,13,宏遠-桃園,2024-10-16,1262
00830,國泰費城半導體,12,0,12,宏遠-桃園,2024-10-16,1262
00878,國泰永續高股息,11,0,11,宏遠-桃園,2024-10-16,1262
6125,廣運,20,9,11,宏遠-桃園,2024-10-16,1262
2317,鴻海,17,7,10,宏遠-桃園,2024-10-16,1262
00885,富邦越南,10,0,10,宏遠-桃園,2024-10-16,1262
00955,中信日本商社,10,0,10,宏遠-桃園,2024-10-16,1262
1584,精剛,10,0,10,宏遠-桃園,2024-10-16,1262
2062,橋椿,10,0,10,宏遠-桃園,2024-10-16,1262
2436,偉詮電,10,0,10,宏遠-桃園,2024-10-16,1262
2887,台新金,10,0,10,宏遠-桃園,2024-10-16,1262
2905,三商,10,0,10,宏遠-桃園,2024-10-16,1262
3605,宏致,11,1,10,宏遠-桃園,2024-10-16,1262
6143,振曜,10,0,10,宏遠-桃園,2024-10-16,1262
8032,光菱,11,1,10,宏遠-桃園,2024-10-16,1262
00891,中信關鍵半導體,9,0,9,宏遠-桃園,2024-10-16,1262
00632R,元大台灣50反1,25,16,9,宏遠-桃園,2024-10-16,1262
2455,全新,9,0,9,宏遠-桃園,2024-10-16,1262
00960,野村全球航運龍頭,8,0,8,宏遠-桃園,2024-10-16,1262
4763,材料-KY,7,0,7,宏遠-桃園,2024-10-16,1262
2363,矽統,11,4,7,宏遠-桃園,2024-10-16,1262
3715,定穎投控,7,1,6,宏遠-桃園,2024-10-16,1262
6233,旺玖,7,1,6,宏遠-桃園,2024-10-16,1262
00637L,元大滬深300正2,913,606,307,宏遠-桃園,2024-10-17,1262
0056,元大高股息,65,0,65,宏遠-桃園,2024-10-17,1262
3047,訊舟,65,0,65,宏遠-桃園,2024-10-17,1262
4906,正文,64,1,63,宏遠-桃園,2024-10-17,1262
6658,聯策,66,13,53,宏遠-桃園,2024-10-17,1262
2312,金寶,88,36,52,宏遠-桃園,2024-10-17,1262
00953B,群益優選非投等債,50,0,50,宏遠-桃園,2024-10-17,1262
00887,永豐中國科技50大,48,0,48,宏遠-桃園,2024-10-17,1262
2438,翔耀,48,3,45,宏遠-桃園,2024-10-17,1262
9924,福興,34,1,33,宏遠-桃園,2024-10-17,1262
6142,友勁,31,0,31,宏遠-桃園,2024-10-17,1262
4919,新唐,30,0,30,宏遠-桃園,2024-10-17,1262
3048,益登,28,0,28,宏遠-桃園,2024-10-17,1262
00632R,元大台灣50反1,43,17,26,宏遠-桃園,2024-10-17,1262
00650L,復華香港正2,49,24,25,宏遠-桃園,2024-10-17,1262
00680L,元大美債20正2,21,1,20,宏遠-桃園,2024-10-17,1262
2397,友通,20,0,20,宏遠-桃園,2024-10-17,1262
2476,鉅祥,20,0,20,宏遠-桃園,2024-10-17,1262
3325,旭品,20,0,20,宏遠-桃園,2024-10-17,1262
4977,眾達-KY,30,14,16,宏遠-桃園,2024-10-17,1262
2838,聯邦銀,15,0,15,宏遠-桃園,2024-10-17,1262
00931B,統一美債20年,14,0,14,宏遠-桃園,2024-10-17,1262
1536,和大,14,0,14,宏遠-桃園,2024-10-17,1262
3093,港建*,16,2,14,宏遠-桃園,2024-10-17,1262
3615,安可,44,30,14,宏遠-桃園,2024-10-17,1262
2404,漢唐,13,0,13,宏遠-桃園,2024-10-17,1262
2543,皇昌,15,2,13,宏遠-桃園,2024-10-17,1262
1528,恩德,17,5,12,宏遠-桃園,2024-10-17,1262
3379,彬台,12,0,12,宏遠-桃園,2024-10-17,1262
6217,中探針,11,0,11,宏遠-桃園,2024-10-17,1262
2399,映泰,13,2,11,宏遠-桃園,2024-10-17,1262
1708,東鹼,10,0,10,宏遠-桃園,2024-10-17,1262
2022,聚亨,10,0,10,宏遠-桃園,2024-10-17,1262
2905,三商,10,0,10,宏遠-桃園,2024-10-17,1262
6290,良維,10,0,10,宏遠-桃園,2024-10-17,1262
3040,遠見,9,0,9,宏遠-桃園,2024-10-17,1262
4720,德淵,19,10,9,宏遠-桃園,2024-10-17,1262
8021,尖點,10,1,9,宏遠-桃園,2024-10-17,1262
00941,中信上游半導體,8,0,8,宏遠-桃園,2024-10-17,1262
00885,富邦越南,7,0,7,宏遠-桃園,2024-10-17,1262
4526,東台,9,2,7,宏遠-桃園,2024-10-17,1262
4927,泰鼎-KY,6,0,6,宏遠-桃園,2024-10-17,1262
3029,零壹,6,0,6,宏遠-桃園,2024-10-17,1262
00715L,期街口布蘭特正2,9,4,5,宏遠-桃園,2024-10-17,1262
00948B,中信優息投資級債,5,0,5,宏遠-桃園,2024-10-17,1262
00943,兆豐電子高息等權,5,0,5,宏遠-桃園,2024-10-17,1262
00676R,富邦臺灣加權反1,5,0,5,宏遠-桃園,2024-10-17,1262
00882,中信中國高股息,5,0,5,宏遠-桃園,2024-10-17,1262
3019,亞光,6,1,5,宏遠-桃園,2024-10-17,1262
3024,憶聲,5,0,5,宏遠-桃園,2024-10-17,1262
2547,日勝生,100,0,100,宏遠-桃園,2024-10-18,1262
3481,群創,100,3,97,宏遠-桃園,2024-10-18,1262
00632R,元大台灣50反1,87,21,66,宏遠-桃園,2024-10-18,1262
3014,聯陽,60,0,60,宏遠-桃園,2024-10-18,1262
2385,群光,51,0,51,宏遠-桃園,2024-10-18,1262
3714,富采,50,1,49,宏遠-桃園,2024-10-18,1262
3031,佰鴻,115,70,45,宏遠-桃園,2024-10-18,1262
00664R,國泰臺灣加權反1,40,0,40,宏遠-桃園,2024-10-18,1262
00679B,元大美債20年,50,10,40,宏遠-桃園,2024-10-18,1262
5434,崇越,39,2,37,宏遠-桃園,2024-10-18,1262
2838,聯邦銀,30,0,30,宏遠-桃園,2024-10-18,1262
0056,元大高股息,29,1,28,宏遠-桃園,2024-10-18,1262
00937B,群益ESG投等債20,30,6,24,宏遠-桃園,2024-10-18,1262
00948B,中信優息投資級債,23,0,23,宏遠-桃園,2024-10-18,1262
00919,群益台灣精選高息,23,0,23,宏遠-桃園,2024-10-18,1262
1473,台南,20,0,20,宏遠-桃園,2024-10-18,1262
2745,五福,20,0,20,宏遠-桃園,2024-10-18,1262
2905,三商,20,0,20,宏遠-桃園,2024-10-18,1262
1727,中華化,26,7,19,宏遠-桃園,2024-10-18,1262
4576,大銀微系統,21,2,19,宏遠-桃園,2024-10-18,1262
00687B,國泰20年美債,26,10,16,宏遠-桃園,2024-10-18,1262
6684,安格,15,0,15,宏遠-桃園,2024-10-18,1262
8046,南電,15,0,15,宏遠-桃園,2024-10-18,1262
8112,至上,15,0,15,宏遠-桃園,2024-10-18,1262
2330,台積電,27,13,14,宏遠-桃園,2024-10-18,1262
00933B,國泰10Y+金融債,13,0,13,宏遠-桃園,2024-10-18,1262
6603,富強鑫,13,0,13,宏遠-桃園,2024-10-18,1262
6742,澤米,15,2,13,宏遠-桃園,2024-10-18,1262
2455,全新,12,0,12,宏遠-桃園,2024-10-18,1262
4956,光鋐,12,0,12,宏遠-桃園,2024-10-18,1262
00795B,中信美國公債20年,11,0,11,宏遠-桃園,2024-10-18,1262
3231,緯創,24,13,11,宏遠-桃園,2024-10-18,1262
00891,中信關鍵半導體,20,9,11,宏遠-桃園,2024-10-18,1262
3060,銘異,11,0,11,宏遠-桃園,2024-10-18,1262
3498,陽程,13,2,11,宏遠-桃園,2024-10-18,1262
6763,綠界科技*,13,2,11,宏遠-桃園,2024-10-18,1262
3711,日月光投控,11,0,11,宏遠-桃園,2024-10-18,1262
00751B,元大AAA至A公司債,10,0,10,宏遠-桃園,2024-10-18,1262
1402,遠東新,10,0,10,宏遠-桃園,2024-10-18,1262
1522,堤維西,10,0,10,宏遠-桃園,2024-10-18,1262
1591,駿吉-KY,10,0,10,宏遠-桃園,2024-10-18,1262
3228,金麗科,10,0,10,宏遠-桃園,2024-10-18,1262
3576,聯合再生,10,0,10,宏遠-桃園,2024-10-18,1262
4540,全球傳動,31,21,10,宏遠-桃園,2024-10-18,1262
00882,中信中國高股息,11,2,9,宏遠-桃園,2024-10-18,1262
00725B,國泰投資級公司債,9,0,9,宏遠-桃園,2024-10-18,1262
00639,富邦深100,9,0,9,宏遠-桃園,2024-10-18,1262
006205,富邦上証,9,0,9,宏遠-桃園,2024-10-18,1262
4562,穎漢,41,32,9,宏遠-桃園,2024-10-18,1262
00636,國泰中國A50,9,1,8,宏遠-桃園,2024-10-18,1262
00687B,國泰20年美債,111,0,111,宏遠-桃園,2024-10-21,1262
00945B,凱基美國非投等債,100,0,100,宏遠-桃園,2024-10-21,1262
00953B,群益優選非投等債,100,0,100,宏遠-桃園,2024-10-21,1262
2891,中信金,90,1,89,宏遠-桃園,2024-10-21,1262
2547,日勝生,77,0,77,宏遠-桃園,2024-10-21,1262
00720B,元大投資級公司債,60,0,60,宏遠-桃園,2024-10-21,1262
2885,元大金,50,0,50,宏遠-桃園,2024-10-21,1262
00887,永豐中國科技50大,60,19,41,宏遠-桃園,2024-10-21,1262
00679B,元大美債20年,39,3,36,宏遠-桃園,2024-10-21,1262
00937B,群益ESG投等債20,55,20,35,宏遠-桃園,2024-10-21,1262
3481,群創,30,0,30,宏遠-桃園,2024-10-21,1262
00948B,中信優息投資級債,28,0,28,宏遠-桃園,2024-10-21,1262
00638R,元大滬深300反1,28,0,28,宏遠-桃園,2024-10-21,1262
2374,佳能,32,7,25,宏遠-桃園,2024-10-21,1262
2880,華南金,24,0,24,宏遠-桃園,2024-10-21,1262
3230,錦明,21,0,21,宏遠-桃園,2024-10-21,1262
8085,福華,20,0,20,宏遠-桃園,2024-10-21,1262
00751B,元大AAA至A公司債,15,0,15,宏遠-桃園,2024-10-21,1262
00636,國泰中國A50,11,0,11,宏遠-桃園,2024-10-21,1262
2312,金寶,105,94,11,宏遠-桃園,2024-10-21,1262
2344,華邦電,11,1,10,宏遠-桃園,2024-10-21,1262
6442,光聖,12,2,10,宏遠-桃園,2024-10-21,1262
00877,復華中國5G,10,0,10,宏遠-桃園,2024-10-21,1262
2348,海悅,10,0,10,宏遠-桃園,2024-10-21,1262
2615,萬海,13,3,10,宏遠-桃園,2024-10-21,1262
4510,高鋒,14,4,10,宏遠-桃園,2024-10-21,1262
4720,德淵,10,0,10,宏遠-桃園,2024-10-21,1262
4933,友輝,10,0,10,宏遠-桃園,2024-10-21,1262
5512,力麒,10,0,10,宏遠-桃園,2024-10-21,1262
6152,百一,10,0,10,宏遠-桃園,2024-10-21,1262
2883,凱基金,9,0,9,宏遠-桃園,2024-10-21,1262
00639,富邦深100,9,0,9,宏遠-桃園,2024-10-21,1262
006205,富邦上証,9,0,9,宏遠-桃園,2024-10-21,1262
2442,新美齊,8,0,8,宏遠-桃園,2024-10-21,1262
00933B,國泰10Y+金融債,7,0,7,宏遠-桃園,2024-10-21,1262
00637L,元大滬深300正2,702,695,7,宏遠-桃園,2024-10-21,1262
1595,川寶,30,23,7,宏遠-桃園,2024-10-21,1262
1795,美時,7,0,7,宏遠-桃園,2024-10-21,1262
5230,雷笛克光學,9,2,7,宏遠-桃園,2024-10-21,1262
6658,聯策,8,1,7,宏遠-桃園,2024-10-21,1262
3013,晟銘電,12,5,7,宏遠-桃園,2024-10-21,1262
00665L,富邦�琤肭磪囓�2,126,120,6,宏遠-桃園,2024-10-21,1262
00642U,期元大S＆P石油,6,0,6,宏遠-桃園,2024-10-21,1262
00725B,國泰投資級公司債,6,0,6,宏遠-桃園,2024-10-21,1262
2399,映泰,41,35,6,宏遠-桃園,2024-10-21,1262
4561,健椿,12,6,6,宏遠-桃園,2024-10-21,1262
00715L,期街口布蘭特正2,18,13,5,宏遠-桃園,2024-10-21,1262
00795B,中信美國公債20年,5,0,5,宏遠-桃園,2024-10-21,1262
9945,潤泰新,5,0,5,宏遠-桃園,2024-10-21,1262
2548,華固,5,0,5,宏遠-桃園,2024-10-21,1262
00937B,群益ESG投等債20,199,1,198,宏遠-桃園,2024-10-22,1262
00679B,元大美債20年,152,35,117,宏遠-桃園,2024-10-22,1262
2547,日勝生,73,0,73,宏遠-桃園,2024-10-22,1262
00720B,元大投資級公司債,61,0,61,宏遠-桃園,2024-10-22,1262
1595,川寶,75,24,51,宏遠-桃園,2024-10-22,1262
00687B,國泰20年美債,46,0,46,宏遠-桃園,2024-10-22,1262
00948B,中信優息投資級債,35,0,35,宏遠-桃園,2024-10-22,1262
3189,景碩,49,14,35,宏遠-桃園,2024-10-22,1262
4540,全球傳動,57,24,33,宏遠-桃園,2024-10-22,1262
00751B,元大AAA至A公司債,33,1,32,宏遠-桃園,2024-10-22,1262
00887,永豐中國科技50大,31,1,30,宏遠-桃園,2024-10-22,1262
2323,中環,30,0,30,宏遠-桃園,2024-10-22,1262
3714,富采,30,0,30,宏遠-桃園,2024-10-22,1262
2014,中鴻,21,0,21,宏遠-桃園,2024-10-22,1262
00632R,元大台灣50反1,28,8,20,宏遠-桃園,2024-10-22,1262
3011,今皓,20,0,20,宏遠-桃園,2024-10-22,1262
3230,錦明,29,9,20,宏遠-桃園,2024-10-22,1262
00725B,國泰投資級公司債,17,0,17,宏遠-桃園,2024-10-22,1262
2385,群光,15,0,15,宏遠-桃園,2024-10-22,1262
2543,皇昌,16,3,13,宏遠-桃園,2024-10-22,1262
00941,中信上游半導體,12,0,12,宏遠-桃園,2024-10-22,1262
2379,瑞昱,12,0,12,宏遠-桃園,2024-10-22,1262
5434,崇越,12,0,12,宏遠-桃園,2024-10-22,1262
00642U,期元大S＆P石油,11,0,11,宏遠-桃園,2024-10-22,1262
1605,華新,11,0,11,宏遠-桃園,2024-10-22,1262
3071,協禧,11,0,11,宏遠-桃園,2024-10-22,1262
3581,博磊,11,0,11,宏遠-桃園,2024-10-22,1262
00953B,群益優選非投等債,10,0,10,宏遠-桃園,2024-10-22,1262
1217,愛之味,10,0,10,宏遠-桃園,2024-10-22,1262
1312,國喬,10,0,10,宏遠-桃園,2024-10-22,1262
1440,南紡,10,0,10,宏遠-桃園,2024-10-22,1262
0050,元大台灣50,9,0,9,宏遠-桃園,2024-10-22,1262
2399,映泰,21,12,9,宏遠-桃園,2024-10-22,1262
2412,中華電,9,0,9,宏遠-桃園,2024-10-22,1262
2312,金寶,109,101,8,宏遠-桃園,2024-10-22,1262
00857B,永豐20年美公債,7,0,7,宏遠-桃園,2024-10-22,1262
00795B,中信美國公債20年,7,0,7,宏遠-桃園,2024-10-22,1262
6134,萬旭,7,0,7,宏遠-桃園,2024-10-22,1262
00665L,富邦�琤肭磪囓�2,136,130,6,宏遠-桃園,2024-10-22,1262
2344,華邦電,10,4,6,宏遠-桃園,2024-10-22,1262
2348,海悅,6,0,6,宏遠-桃園,2024-10-22,1262
6451,訊芯-KY,7,1,6,宏遠-桃園,2024-10-22,1262
1560,中砂,6,1,5,宏遠-桃園,2024-10-22,1262
2328,廣宇,5,0,5,宏遠-桃園,2024-10-22,1262
2363,矽統,15,10,5,宏遠-桃園,2024-10-22,1262
2367,燿華,5,0,5,宏遠-桃園,2024-10-22,1262
4729,熒茂,8,3,5,宏遠-桃園,2024-10-22,1262
5531,鄉林,5,0,5,宏遠-桃園,2024-10-22,1262
6176,瑞儀,5,0,5,宏遠-桃園,2024-10-22,1262
6684,安格,8,3,5,宏遠-桃園,2024-10-22,1262
2385,群光,100,0,100,宏遠-桃園,2024-10-23,1262
00937B,群益ESG投等債20,61,0,61,宏遠-桃園,2024-10-23,1262
6770,力積電,52,0,52,宏遠-桃園,2024-10-23,1262
00887,永豐中國科技50大,54,3,51,宏遠-桃園,2024-10-23,1262
00953B,群益優選非投等債,50,0,50,宏遠-桃園,2024-10-23,1262
00945B,凱基美國非投等債,50,0,50,宏遠-桃園,2024-10-23,1262
8059,凱碩,40,0,40,宏遠-桃園,2024-10-23,1262
6217,中探針,38,0,38,宏遠-桃園,2024-10-23,1262
6213,聯茂,42,6,36,宏遠-桃園,2024-10-23,1262
6151,晉倫,77,48,29,宏遠-桃園,2024-10-23,1262
1528,恩德,37,10,27,宏遠-桃園,2024-10-23,1262
00638R,元大滬深300反1,28,2,26,宏遠-桃園,2024-10-23,1262
00929,復華台灣科技優息,22,0,22,宏遠-桃園,2024-10-23,1262
8936,國統,22,0,22,宏遠-桃園,2024-10-23,1262
00688L,國泰20年美債正2,20,0,20,宏遠-桃園,2024-10-23,1262
3581,博磊,25,5,20,宏遠-桃園,2024-10-23,1262
00948B,中信優息投資級債,17,0,17,宏遠-桃園,2024-10-23,1262
00878,國泰永續高股息,16,0,16,宏遠-桃園,2024-10-23,1262
4164,承業醫,15,0,15,宏遠-桃園,2024-10-23,1262
6693,廣閎科,14,0,14,宏遠-桃園,2024-10-23,1262
3231,緯創,39,26,13,宏遠-桃園,2024-10-23,1262
8249,菱光,13,1,12,宏遠-桃園,2024-10-23,1262
3149,正達,12,1,11,宏遠-桃園,2024-10-23,1262
8080,印鉐,11,0,11,宏遠-桃園,2024-10-23,1262
00679B,元大美債20年,22,11,11,宏遠-桃園,2024-10-23,1262
00877,復華中國5G,10,0,10,宏遠-桃園,2024-10-23,1262
1312,國喬,10,0,10,宏遠-桃園,2024-10-23,1262
2438,翔耀,10,0,10,宏遠-桃園,2024-10-23,1262
3230,錦明,10,0,10,宏遠-桃園,2024-10-23,1262
5452,佶優,11,1,10,宏遠-桃園,2024-10-23,1262
8085,福華,10,0,10,宏遠-桃園,2024-10-23,1262
4162,智擎,10,0,10,宏遠-桃園,2024-10-23,1262
3710,連展投控,8,0,8,宏遠-桃園,2024-10-23,1262
9942,茂順,8,0,8,宏遠-桃園,2024-10-23,1262
0056,元大高股息,8,1,7,宏遠-桃園,2024-10-23,1262
00751B,元大AAA至A公司債,8,1,7,宏遠-桃園,2024-10-23,1262
00687B,國泰20年美債,6,0,6,宏遠-桃園,2024-10-23,1262
00946,群益科技高息成長,6,0,6,宏遠-桃園,2024-10-23,1262
1605,華新,6,0,6,宏遠-桃園,2024-10-23,1262
3535,晶彩科,42,36,6,宏遠-桃園,2024-10-23,1262
2330,台積電,8,3,5,宏遠-桃園,2024-10-23,1262
3450,聯鈞,16,11,5,宏遠-桃園,2024-10-23,1262
00933B,國泰10Y+金融債,5,0,5,宏遠-桃園,2024-10-23,1262
00919,群益台灣精選高息,5,0,5,宏遠-桃園,2024-10-23,1262
00712,復華富時不動產,5,0,5,宏遠-桃園,2024-10-23,1262
2360,致茂,5,0,5,宏遠-桃園,2024-10-23,1262
2421,建準,5,0,5,宏遠-桃園,2024-10-23,1262
2476,鉅祥,5,0,5,宏遠-桃園,2024-10-23,1262
5309,系統電,10,5,5,宏遠-桃園,2024-10-23,1262
8064,東捷,12,7,5,宏遠-桃園,2024-10-23,1262
00637L,元大滬深300正2,421,76,345,宏遠-桃園,2024-10-24,1262
6603,富強鑫,106,0,106,宏遠-桃園,2024-10-24,1262
00632R,元大台灣50反1,85,20,65,宏遠-桃園,2024-10-24,1262
00900,富邦特選高股息30,61,0,61,宏遠-桃園,2024-10-24,1262
2385,群光,60,0,60,宏遠-桃園,2024-10-24,1262
00687B,國泰20年美債,57,0,57,宏遠-桃園,2024-10-24,1262
2427,三商電,56,6,50,宏遠-桃園,2024-10-24,1262
2489,瑞軒,50,0,50,宏遠-桃園,2024-10-24,1262
00887,永豐中國科技50大,36,0,36,宏遠-桃園,2024-10-24,1262
00882,中信中國高股息,32,0,32,宏遠-桃園,2024-10-24,1262
3231,緯創,32,0,32,宏遠-桃園,2024-10-24,1262
3481,群創,32,0,32,宏遠-桃園,2024-10-24,1262
4510,高鋒,31,3,28,宏遠-桃園,2024-10-24,1262
00946,群益科技高息成長,26,0,26,宏遠-桃園,2024-10-24,1262
00715L,期街口布蘭特正2,23,0,23,宏遠-桃園,2024-10-24,1262
2388,威盛,26,4,22,宏遠-桃園,2024-10-24,1262
0056,元大高股息,21,0,21,宏遠-桃園,2024-10-24,1262
00937B,群益ESG投等債20,20,0,20,宏遠-桃園,2024-10-24,1262
4919,新唐,27,7,20,宏遠-桃園,2024-10-24,1262
1528,恩德,149,130,19,宏遠-桃園,2024-10-24,1262
1595,川寶,24,6,18,宏遠-桃園,2024-10-24,1262
6877,鏵友益,17,1,16,宏遠-桃園,2024-10-24,1262
8374,羅昇,20,5,15,宏遠-桃園,2024-10-24,1262
00943,兆豐電子高息等權,15,0,15,宏遠-桃園,2024-10-24,1262
2107,厚生,15,0,15,宏遠-桃園,2024-10-24,1262
00676R,富邦臺灣加權反1,13,0,13,宏遠-桃園,2024-10-24,1262
2344,華邦電,13,0,13,宏遠-桃園,2024-10-24,1262
3029,零壹,27,15,12,宏遠-桃園,2024-10-24,1262
00878,國泰永續高股息,12,1,11,宏遠-桃園,2024-10-24,1262
00929,復華台灣科技優息,13,2,11,宏遠-桃園,2024-10-24,1262
00948B,中信優息投資級債,11,0,11,宏遠-桃園,2024-10-24,1262
4540,全球傳動,28,17,11,宏遠-桃園,2024-10-24,1262
1342,八貫,10,0,10,宏遠-桃園,2024-10-24,1262
3028,增你強,10,0,10,宏遠-桃園,2024-10-24,1262
3447,展達,100,90,10,宏遠-桃園,2024-10-24,1262
3545,敦泰,10,0,10,宏遠-桃園,2024-10-24,1262
00919,群益台灣精選高息,9,0,9,宏遠-桃園,2024-10-24,1262
00688L,國泰20年美債正2,10,1,9,宏遠-桃園,2024-10-24,1262
2301,光寶科,10,1,9,宏遠-桃園,2024-10-24,1262
3707,漢磊,9,0,9,宏遠-桃園,2024-10-24,1262
00650L,復華香港正2,111,103,8,宏遠-桃園,2024-10-24,1262
1536,和大,8,0,8,宏遠-桃園,2024-10-24,1262
3450,聯鈞,14,6,8,宏遠-桃園,2024-10-24,1262
3017,奇鋐,10,3,7,宏遠-桃園,2024-10-24,1262
2887,台新金,9,2,7,宏遠-桃園,2024-10-24,1262
1815,富喬,7,0,7,宏遠-桃園,2024-10-24,1262
2547,日勝生,7,0,7,宏遠-桃園,2024-10-24,1262
8147,正淩,8,1,7,宏遠-桃園,2024-10-24,1262
00642U,期元大S＆P石油,6,0,6,宏遠-桃園,2024-10-24,1262
2476,鉅祥,6,0,6,宏遠-桃園,2024-10-24,1262
00959B,大華投等美債15Y+,150,0,150,宏遠-桃園,2024-10-25,1262
3231,緯創,139,32,107,宏遠-桃園,2024-10-25,1262
00720B,元大投資級公司債,105,0,105,宏遠-桃園,2024-10-25,1262
2385,群光,88,5,83,宏遠-桃園,2024-10-25,1262
00680L,元大美債20正2,73,3,70,宏遠-桃園,2024-10-25,1262
2646,星宇航空,91,30,61,宏遠-桃園,2024-10-25,1262
5202,力新,53,18,35,宏遠-桃園,2024-10-25,1262
4545,銘鈺,33,1,32,宏遠-桃園,2024-10-25,1262
00885,富邦越南,30,0,30,宏遠-桃園,2024-10-25,1262
00753L,中信中國50正2,130,100,30,宏遠-桃園,2024-10-25,1262
1301,台塑,25,1,24,宏遠-桃園,2024-10-25,1262
2344,華邦電,24,0,24,宏遠-桃園,2024-10-25,1262
3710,連展投控,24,0,24,宏遠-桃園,2024-10-25,1262
2495,普安,30,7,23,宏遠-桃園,2024-10-25,1262
6285,啟��,33,11,22,宏遠-桃園,2024-10-25,1262
00931B,統一美債20年,20,0,20,宏遠-桃園,2024-10-25,1262
00688L,國泰20年美債正2,20,0,20,宏遠-桃園,2024-10-25,1262
1473,台南,20,0,20,宏遠-桃園,2024-10-25,1262
1595,川寶,20,0,20,宏遠-桃園,2024-10-25,1262
2881,富邦金,20,0,20,宏遠-桃園,2024-10-25,1262
3576,聯合再生,20,0,20,宏遠-桃園,2024-10-25,1262
2603,長榮,21,1,20,宏遠-桃園,2024-10-25,1262
00715L,期街口布蘭特正2,19,0,19,宏遠-桃園,2024-10-25,1262
3149,正達,19,2,17,宏遠-桃園,2024-10-25,1262
6143,振曜,15,0,15,宏遠-桃園,2024-10-25,1262
00939,統一台灣高息動能,13,0,13,宏遠-桃園,2024-10-25,1262
2887,台新金,16,4,12,宏遠-桃園,2024-10-25,1262
2348,海悅,11,0,11,宏遠-桃園,2024-10-25,1262
3228,金麗科,11,0,11,宏遠-桃園,2024-10-25,1262
3450,聯鈞,34,23,11,宏遠-桃園,2024-10-25,1262
00922,國泰台灣領袖50,10,0,10,宏遠-桃園,2024-10-25,1262
00949,復華日本龍頭,10,0,10,宏遠-桃園,2024-10-25,1262
00877,復華中國5G,10,0,10,宏遠-桃園,2024-10-25,1262
1312,國喬,10,0,10,宏遠-桃園,2024-10-25,1262
3028,增你強,10,0,10,宏遠-桃園,2024-10-25,1262
3230,錦明,10,0,10,宏遠-桃園,2024-10-25,1262
3680,家登,11,1,10,宏遠-桃園,2024-10-25,1262
4142,國光生,10,0,10,宏遠-桃園,2024-10-25,1262
6275,元山,10,0,10,宏遠-桃園,2024-10-25,1262
00639,富邦深100,9,0,9,宏遠-桃園,2024-10-25,1262
00636,國泰中國A50,9,0,9,宏遠-桃園,2024-10-25,1262
006205,富邦上証,9,0,9,宏遠-桃園,2024-10-25,1262
2303,聯電,16,8,8,宏遠-桃園,2024-10-25,1262
00941,中信上游半導體,8,0,8,宏遠-桃園,2024-10-25,1262
4510,高鋒,13,5,8,宏遠-桃園,2024-10-25,1262
6451,訊芯-KY,9,2,7,宏遠-桃園,2024-10-25,1262
00937B,群益ESG投等債20,7,0,7,宏遠-桃園,2024-10-25,1262
1589,永冠-KY,7,0,7,宏遠-桃園,2024-10-25,1262
00712,復華富時不動產,6,0,6,宏遠-桃園,2024-10-25,1262
1815,富喬,7,1,6,宏遠-桃園,2024-10-25,1262
00948B,中信優息投資級債,1110,0,1110,宏遠-桃園,2024-10-28,1262
00664R,國泰臺灣加權反1,400,0,400,宏遠-桃園,2024-10-28,1262
6603,富強鑫,281,44,237,宏遠-桃園,2024-10-28,1262
00795B,中信美國公債20年,70,3,67,宏遠-桃園,2024-10-28,1262
00937B,群益ESG投等債20,70,20,50,宏遠-桃園,2024-10-28,1262
2103,台橡,49,0,49,宏遠-桃園,2024-10-28,1262
4977,眾達-KY,40,0,40,宏遠-桃園,2024-10-28,1262
00679B,元大美債20年,51,14,37,宏遠-桃園,2024-10-28,1262
3047,訊舟,36,0,36,宏遠-桃園,2024-10-28,1262
2303,聯電,38,6,32,宏遠-桃園,2024-10-28,1262
6288,聯嘉,197,170,27,宏遠-桃園,2024-10-28,1262
2427,三商電,24,0,24,宏遠-桃園,2024-10-28,1262
00715L,期街口布蘭特正2,23,1,22,宏遠-桃園,2024-10-28,1262
2486,一詮,40,19,21,宏遠-桃園,2024-10-28,1262
00959B,大華投等美債15Y+,20,0,20,宏遠-桃園,2024-10-28,1262
3234,光環,20,1,19,宏遠-桃園,2024-10-28,1262
5386,青雲,19,0,19,宏遠-桃園,2024-10-28,1262
6143,振曜,20,1,19,宏遠-桃園,2024-10-28,1262
00639,富邦深100,18,0,18,宏遠-桃園,2024-10-28,1262
006205,富邦上証,18,0,18,宏遠-桃園,2024-10-28,1262
00636,國泰中國A50,18,0,18,宏遠-桃園,2024-10-28,1262
2476,鉅祥,18,0,18,宏遠-桃園,2024-10-28,1262
2498,宏達電,19,1,18,宏遠-桃園,2024-10-28,1262
00637L,元大滬深300正2,103,86,17,宏遠-桃園,2024-10-28,1262
3715,定穎投控,23,7,16,宏遠-桃園,2024-10-28,1262
00900,富邦特選高股息30,15,0,15,宏遠-桃園,2024-10-28,1262
2474,可成,14,0,14,宏遠-桃園,2024-10-28,1262
6742,澤米,14,0,14,宏遠-桃園,2024-10-28,1262
6763,綠界科技*,13,1,12,宏遠-桃園,2024-10-28,1262
00887,永豐中國科技50大,10,0,10,宏遠-桃園,2024-10-28,1262
00943,兆豐電子高息等權,10,0,10,宏遠-桃園,2024-10-28,1262
00945B,凱基美國非投等債,10,0,10,宏遠-桃園,2024-10-28,1262
5871,中租-KY,10,0,10,宏遠-桃園,2024-10-28,1262
6684,安格,10,0,10,宏遠-桃園,2024-10-28,1262
3217,優群,10,0,10,宏遠-桃園,2024-10-28,1262
00650L,復華香港正2,106,97,9,宏遠-桃園,2024-10-28,1262
1568,倉佑,9,0,9,宏遠-桃園,2024-10-28,1262
2355,敬鵬,9,0,9,宏遠-桃園,2024-10-28,1262
4746,台耀,9,0,9,宏遠-桃園,2024-10-28,1262
00638R,元大滬深300反1,20,12,8,宏遠-桃園,2024-10-28,1262
1314,中石化,8,0,8,宏遠-桃園,2024-10-28,1262
1815,富喬,8,0,8,宏遠-桃園,2024-10-28,1262
2412,中華電,8,0,8,宏遠-桃園,2024-10-28,1262
6120,達運,8,0,8,宏遠-桃園,2024-10-28,1262
00642U,期元大S＆P石油,7,0,7,宏遠-桃園,2024-10-28,1262
00772B,中信高評級公司債,7,0,7,宏遠-桃園,2024-10-28,1262
3219,倚強科,7,0,7,宏遠-桃園,2024-10-28,1262
3040,遠見,7,0,7,宏遠-桃園,2024-10-28,1262
3447,展達,63,57,6,宏遠-桃園,2024-10-28,1262
00712,復華富時不動產,6,0,6,宏遠-桃園,2024-10-28,1262
00919,群益台灣精選高息,348,10,338,宏遠-桃園,2024-10-29,1262
6603,富強鑫,130,0,130,宏遠-桃園,2024-10-29,1262
00687B,國泰20年美債,150,39,111,宏遠-桃園,2024-10-29,1262
6156,松上,76,0,76,宏遠-桃園,2024-10-29,1262
2476,鉅祥,63,0,63,宏遠-桃園,2024-10-29,1262
6133,金橋,71,11,60,宏遠-桃園,2024-10-29,1262
3047,訊舟,54,0,54,宏遠-桃園,2024-10-29,1262
4977,眾達-KY,43,2,41,宏遠-桃園,2024-10-29,1262
00878,國泰永續高股息,51,11,40,宏遠-桃園,2024-10-29,1262
2498,宏達電,30,0,30,宏遠-桃園,2024-10-29,1262
0056,元大高股息,30,1,29,宏遠-桃園,2024-10-29,1262
3481,群創,33,7,26,宏遠-桃園,2024-10-29,1262
6191,精成科,25,0,25,宏遠-桃園,2024-10-29,1262
00937B,群益ESG投等債20,21,0,21,宏遠-桃園,2024-10-29,1262
3014,聯陽,21,0,21,宏遠-桃園,2024-10-29,1262
2887,台新金,20,0,20,宏遠-桃園,2024-10-29,1262
00638R,元大滬深300反1,20,2,18,宏遠-桃園,2024-10-29,1262
2317,鴻海,28,12,16,宏遠-桃園,2024-10-29,1262
00948B,中信優息投資級債,86,70,16,宏遠-桃園,2024-10-29,1262
5351,鈺創,16,0,16,宏遠-桃園,2024-10-29,1262
00940,元大台灣價值高息,15,0,15,宏遠-桃園,2024-10-29,1262
00715L,期街口布蘭特正2,14,0,14,宏遠-桃園,2024-10-29,1262
6217,中探針,14,0,14,宏遠-桃園,2024-10-29,1262
3447,展達,30,16,14,宏遠-桃園,2024-10-29,1262
3715,定穎投控,21,7,14,宏遠-桃園,2024-10-29,1262
2543,皇昌,12,0,12,宏遠-桃園,2024-10-29,1262
00637L,元大滬深300正2,30,19,11,宏遠-桃園,2024-10-29,1262
00642U,期元大S＆P石油,11,0,11,宏遠-桃園,2024-10-29,1262
3483,力致,11,0,11,宏遠-桃園,2024-10-29,1262
9904,寶成,11,0,11,宏遠-桃園,2024-10-29,1262
6589,台康生技,12,1,11,宏遠-桃園,2024-10-29,1262
00915,凱基優選高股息30,10,0,10,宏遠-桃園,2024-10-29,1262
00665L,富邦�琤肭磪囓�2,10,0,10,宏遠-桃園,2024-10-29,1262
00953B,群益優選非投等債,10,0,10,宏遠-桃園,2024-10-29,1262
1522,堤維西,10,0,10,宏遠-桃園,2024-10-29,1262
1568,倉佑,10,0,10,宏遠-桃園,2024-10-29,1262
1570,力肯,10,0,10,宏遠-桃園,2024-10-29,1262
2889,國票金,10,0,10,宏遠-桃園,2024-10-29,1262
5478,智冠,26,16,10,宏遠-桃園,2024-10-29,1262
6821,聯寶,12,2,10,宏遠-桃園,2024-10-29,1262
0050,元大台灣50,9,0,9,宏遠-桃園,2024-10-29,1262
2107,厚生,9,0,9,宏遠-桃園,2024-10-29,1262
2515,中工,19,10,9,宏遠-桃園,2024-10-29,1262
3498,陽程,9,0,9,宏遠-桃園,2024-10-29,1262
6143,振曜,9,0,9,宏遠-桃園,2024-10-29,1262
8176,智捷,9,0,9,宏遠-桃園,2024-10-29,1262
2301,光寶科,14,6,8,宏遠-桃園,2024-10-29,1262
2330,台積電,11,3,8,宏遠-桃園,2024-10-29,1262
6535,順藥,7,0,7,宏遠-桃園,2024-10-29,1262
00959B,大華投等美債15Y+,7,0,7,宏遠-桃園,2024-10-29,1262
00687B,國泰20年美債,151,0,151,宏遠-桃園,2024-10-30,1262
1802,台玻,102,0,102,宏遠-桃園,2024-10-30,1262
00632R,元大台灣50反1,73,5,68,宏遠-桃園,2024-10-30,1262
8044,網家,76,13,63,宏遠-桃園,2024-10-30,1262
3047,訊舟,68,6,62,宏遠-桃園,2024-10-30,1262
2328,廣宇,60,3,57,宏遠-桃園,2024-10-30,1262
00752,中信中國50,55,0,55,宏遠-桃園,2024-10-30,1262
1815,富喬,45,0,45,宏遠-桃園,2024-10-30,1262
5471,松翰,41,1,40,宏遠-桃園,2024-10-30,1262
00650L,復華香港正2,42,4,38,宏遠-桃園,2024-10-30,1262
2331,精英,39,1,38,宏遠-桃園,2024-10-30,1262
1605,華新,35,0,35,宏遠-桃園,2024-10-30,1262
6217,中探針,24,0,24,宏遠-桃園,2024-10-30,1262
2330,台積電,27,3,24,宏遠-桃園,2024-10-30,1262
3149,正達,31,10,21,宏遠-桃園,2024-10-30,1262
00878,國泰永續高股息,26,6,20,宏遠-桃園,2024-10-30,1262
00688L,國泰20年美債正2,20,0,20,宏遠-桃園,2024-10-30,1262
2736,富野,20,0,20,宏遠-桃園,2024-10-30,1262
6152,百一,20,0,20,宏遠-桃園,2024-10-30,1262
2498,宏達電,18,0,18,宏遠-桃園,2024-10-30,1262
3062,建漢,24,6,18,宏遠-桃園,2024-10-30,1262
2762,世界健身-KY,15,0,15,宏遠-桃園,2024-10-30,1262
2887,台新金,15,0,15,宏遠-桃園,2024-10-30,1262
5351,鈺創,15,0,15,宏遠-桃園,2024-10-30,1262
00940,元大台灣價值高息,14,0,14,宏遠-桃園,2024-10-30,1262
00715L,期街口布蘭特正2,12,0,12,宏遠-桃園,2024-10-30,1262
0056,元大高股息,12,1,11,宏遠-桃園,2024-10-30,1262
4909,新復興,11,0,11,宏遠-桃園,2024-10-30,1262
2427,三商電,10,0,10,宏遠-桃園,2024-10-30,1262
3709,鑫聯大投控,10,0,10,宏遠-桃園,2024-10-30,1262
2201,裕隆,9,0,9,宏遠-桃園,2024-10-30,1262
6202,盛群,9,0,9,宏遠-桃園,2024-10-30,1262
9914,美利達,7,0,7,宏遠-桃園,2024-10-30,1262
00927,群益半導體收益,7,0,7,宏遠-桃園,2024-10-30,1262
8011,台通,7,0,7,宏遠-桃園,2024-10-30,1262
00712,復華富時不動產,6,0,6,宏遠-桃園,2024-10-30,1262
00952,凱基台灣AI50,6,0,6,宏遠-桃園,2024-10-30,1262
1569,濱川,6,0,6,宏遠-桃園,2024-10-30,1262
3447,展達,6,0,6,宏遠-桃園,2024-10-30,1262
6231,系微,6,0,6,宏遠-桃園,2024-10-30,1262
6742,澤米,7,1,6,宏遠-桃園,2024-10-30,1262
00943,兆豐電子高息等權,5,0,5,宏遠-桃園,2024-10-30,1262
00959B,大華投等美債15Y+,5,0,5,宏遠-桃園,2024-10-30,1262
00882,中信中國高股息,5,0,5,宏遠-桃園,2024-10-30,1262
2233,宇隆,5,0,5,宏遠-桃園,2024-10-30,1262
2301,光寶科,33,28,5,宏遠-桃園,2024-10-30,1262
2436,偉詮電,6,1,5,宏遠-桃園,2024-10-30,1262
3545,敦泰,5,0,5,宏遠-桃園,2024-10-30,1262
4933,友輝,5,0,5,宏遠-桃園,2024-10-30,1262
5438,東友,6,1,5,宏遠-桃園,2024-10-30,1262
00687B,國泰20年美債,151,50,101,宏遠-桃園,2024-11-01,1262
00948B,中信優息投資級債,80,0,80,宏遠-桃園,2024-11-01,1262
1307,三芳,98,28,70,宏遠-桃園,2024-11-01,1262
6288,聯嘉,81,20,61,宏遠-桃園,2024-11-01,1262
00679B,元大美債20年,50,0,50,宏遠-桃園,2024-11-01,1262
00953B,群益優選非投等債,50,0,50,宏遠-桃園,2024-11-01,1262
00752,中信中國50,50,0,50,宏遠-桃園,2024-11-01,1262
00772B,中信高評級公司債,50,0,50,宏遠-桃園,2024-11-01,1262
00945B,凱基美國非投等債,50,0,50,宏遠-桃園,2024-11-01,1262
00929,復華台灣科技優息,42,0,42,宏遠-桃園,2024-11-01,1262
2427,三商電,39,0,39,宏遠-桃園,2024-11-01,1262
6147,頎邦,30,0,30,宏遠-桃園,2024-11-01,1262
00632R,元大台灣50反1,38,9,29,宏遠-桃園,2024-11-01,1262
00878,國泰永續高股息,27,0,27,宏遠-桃園,2024-11-01,1262
1595,川寶,21,0,21,宏遠-桃園,2024-11-01,1262
2317,鴻海,30,10,20,宏遠-桃園,2024-11-01,1262
00795B,中信美國公債20年,20,0,20,宏遠-桃園,2024-11-01,1262
00954,中信日本半導體,20,0,20,宏遠-桃園,2024-11-01,1262
4164,承業醫,20,0,20,宏遠-桃園,2024-11-01,1262
6005,群益證,20,0,20,宏遠-桃園,2024-11-01,1262
2498,宏達電,18,0,18,宏遠-桃園,2024-11-01,1262
00919,群益台灣精選高息,18,0,18,宏遠-桃園,2024-11-01,1262
00939,統一台灣高息動能,17,0,17,宏遠-桃園,2024-11-01,1262
00887,永豐中國科技50大,23,6,17,宏遠-桃園,2024-11-01,1262
0056,元大高股息,16,1,15,宏遠-桃園,2024-11-01,1262
00952,凱基台灣AI50,15,0,15,宏遠-桃園,2024-11-01,1262
00922,國泰台灣領袖50,20,7,13,宏遠-桃園,2024-11-01,1262
3710,連展投控,14,2,12,宏遠-桃園,2024-11-01,1262
8044,網家,12,1,11,宏遠-桃園,2024-11-01,1262
5512,力麒,11,0,11,宏遠-桃園,2024-11-01,1262
1815,富喬,10,0,10,宏遠-桃園,2024-11-01,1262
2887,台新金,10,0,10,宏遠-桃園,2024-11-01,1262
3071,協禧,10,0,10,宏遠-桃園,2024-11-01,1262
6191,精成科,11,1,10,宏遠-桃園,2024-11-01,1262
6414,樺漢,10,0,10,宏遠-桃園,2024-11-01,1262
2352,佳世達,9,0,9,宏遠-桃園,2024-11-01,1262
00712,復華富時不動產,8,0,8,宏遠-桃園,2024-11-01,1262
00881,國泰台灣5G+,8,0,8,宏遠-桃園,2024-11-01,1262
00927,群益半導體收益,8,0,8,宏遠-桃園,2024-11-01,1262
2610,華航,9,1,8,宏遠-桃園,2024-11-01,1262
00923,群益台ESG低碳50,7,0,7,宏遠-桃園,2024-11-01,1262
00893,國泰智能電動車,51,45,6,宏遠-桃園,2024-11-01,1262
00915,凱基優選高股息30,5,0,5,宏遠-桃園,2024-11-01,1262
00751B,元大AAA至A公司債,5,0,5,宏遠-桃園,2024-11-01,1262
00951,台新日本半導體,5,0,5,宏遠-桃園,2024-11-01,1262
2801,彰銀,5,0,5,宏遠-桃園,2024-11-01,1262
2891,中信金,8,3,5,宏遠-桃園,2024-11-01,1262
6684,安格,5,0,5,宏遠-桃園,2024-11-01,1262
2330,台積電,7,2,5,宏遠-桃園,2024-11-01,1262
5871,中租-KY,4,0,4,宏遠-桃園,2024-11-01,1262
00948B,中信優息投資級債,2322,0,2322,宏遠-桃園,2024-11-04,1262
00953B,群益優選非投等債,175,0,175,宏遠-桃園,2024-11-04,1262
6603,富強鑫,137,0,137,宏遠-桃園,2024-11-04,1262
00679B,元大美債20年,80,1,79,宏遠-桃園,2024-11-04,1262
6147,頎邦,63,1,62,宏遠-桃園,2024-11-04,1262
2489,瑞軒,61,0,61,宏遠-桃園,2024-11-04,1262
00943,兆豐電子高息等權,63,5,58,宏遠-桃園,2024-11-04,1262
00937B,群益ESG投等債20,43,0,43,宏遠-桃園,2024-11-04,1262
00878,國泰永續高股息,60,19,41,宏遠-桃園,2024-11-04,1262
00688L,國泰20年美債正2,40,0,40,宏遠-桃園,2024-11-04,1262
00927,群益半導體收益,37,0,37,宏遠-桃園,2024-11-04,1262
2615,萬海,94,61,33,宏遠-桃園,2024-11-04,1262
00751B,元大AAA至A公司債,30,0,30,宏遠-桃園,2024-11-04,1262
2427,三商電,30,0,30,宏遠-桃園,2024-11-04,1262
6804,明係,30,0,30,宏遠-桃園,2024-11-04,1262
2603,長榮,26,1,25,宏遠-桃園,2024-11-04,1262
1815,富喬,25,1,24,宏遠-桃園,2024-11-04,1262
00945B,凱基美國非投等債,20,0,20,宏遠-桃園,2024-11-04,1262
1591,駿吉-KY,21,1,20,宏遠-桃園,2024-11-04,1262
2476,鉅祥,20,0,20,宏遠-桃園,2024-11-04,1262
3014,聯陽,20,0,20,宏遠-桃園,2024-11-04,1262
6288,聯嘉,20,0,20,宏遠-桃園,2024-11-04,1262
3450,聯鈞,40,22,18,宏遠-桃園,2024-11-04,1262
3071,協禧,15,0,15,宏遠-桃園,2024-11-04,1262
4977,眾達-KY,16,1,15,宏遠-桃園,2024-11-04,1262
6133,金橋,20,6,14,宏遠-桃園,2024-11-04,1262
2467,志聖,14,2,12,宏遠-桃園,2024-11-04,1262
0050,元大台灣50,11,0,11,宏遠-桃園,2024-11-04,1262
6201,亞弘電,11,0,11,宏遠-桃園,2024-11-04,1262
00712,復華富時不動產,10,0,10,宏遠-桃園,2024-11-04,1262
00752,中信中國50,10,0,10,宏遠-桃園,2024-11-04,1262
00946,群益科技高息成長,10,0,10,宏遠-桃園,2024-11-04,1262
00952,凱基台灣AI50,10,0,10,宏遠-桃園,2024-11-04,1262
3234,光環,10,0,10,宏遠-桃園,2024-11-04,1262
3715,定穎投控,12,2,10,宏遠-桃園,2024-11-04,1262
4164,承業醫,10,0,10,宏遠-桃園,2024-11-04,1262
6234,高僑,10,0,10,宏遠-桃園,2024-11-04,1262
6550,北極星藥業-KY,10,0,10,宏遠-桃園,2024-11-04,1262
8089,康全電訊,20,10,10,宏遠-桃園,2024-11-04,1262
2646,星宇航空,15,6,9,宏遠-桃園,2024-11-04,1262
00650L,復華香港正2,99,90,9,宏遠-桃園,2024-11-04,1262
3709,鑫聯大投控,25,16,9,宏遠-桃園,2024-11-04,1262
5512,力麒,9,0,9,宏遠-桃園,2024-11-04,1262
8044,網家,16,9,7,宏遠-桃園,2024-11-04,1262
00885,富邦越南,7,0,7,宏遠-桃園,2024-11-04,1262
00903,富邦元宇宙,6,0,6,宏遠-桃園,2024-11-04,1262
2344,華邦電,6,0,6,宏遠-桃園,2024-11-04,1262
2431,聯昌,7,1,6,宏遠-桃園,2024-11-04,1262
3189,景碩,9,3,6,宏遠-桃園,2024-11-04,1262
6441,廣錠,6,0,6,宏遠-桃園,2024-11-04,1262
00948B,中信優息投資級債,435,0,435,宏遠-桃園,2024-11-05,1262
00715L,期街口布蘭特正2,121,10,111,宏遠-桃園,2024-11-05,1262
00953B,群益優選非投等債,75,0,75,宏遠-桃園,2024-11-05,1262
00637L,元大滬深300正2,116,47,69,宏遠-桃園,2024-11-05,1262
2801,彰銀,60,0,60,宏遠-桃園,2024-11-05,1262
4977,眾達-KY,36,8,28,宏遠-桃園,2024-11-05,1262
00752,中信中國50,20,0,20,宏遠-桃園,2024-11-05,1262
00638R,元大滬深300反1,20,0,20,宏遠-桃園,2024-11-05,1262
2405,輔信,20,0,20,宏遠-桃園,2024-11-05,1262
8088,品安,20,0,20,宏遠-桃園,2024-11-05,1262
00949,復華日本龍頭,15,0,15,宏遠-桃園,2024-11-05,1262
00635U,期元大S＆P黃金,14,0,14,宏遠-桃園,2024-11-05,1262
00919,群益台灣精選高息,14,0,14,宏遠-桃園,2024-11-05,1262
1597,直得,16,2,14,宏遠-桃園,2024-11-05,1262
00878,國泰永續高股息,12,0,12,宏遠-桃園,2024-11-05,1262
3711,日月光投控,12,0,12,宏遠-桃園,2024-11-05,1262
6804,明係,12,0,12,宏遠-桃園,2024-11-05,1262
2603,長榮,24,12,12,宏遠-桃園,2024-11-05,1262
1605,華新,10,0,10,宏遠-桃園,2024-11-05,1262
2354,鴻準,86,76,10,宏遠-桃園,2024-11-05,1262
2897,王道銀行,10,0,10,宏遠-桃園,2024-11-05,1262
3703,欣陸,10,0,10,宏遠-桃園,2024-11-05,1262
6196,帆宣,10,0,10,宏遠-桃園,2024-11-05,1262
4956,光鋐,9,1,8,宏遠-桃園,2024-11-05,1262
6217,中探針,7,0,7,宏遠-桃園,2024-11-05,1262
2609,陽明,30,23,7,宏遠-桃園,2024-11-05,1262
1316,上曜,6,0,6,宏遠-桃園,2024-11-05,1262
6152,百一,6,0,6,宏遠-桃園,2024-11-05,1262
6550,北極星藥業-KY,6,0,6,宏遠-桃園,2024-11-05,1262
00830,國泰費城半導體,5,0,5,宏遠-桃園,2024-11-05,1262
00915,凱基優選高股息30,5,0,5,宏遠-桃園,2024-11-05,1262
00712,復華富時不動產,5,0,5,宏遠-桃園,2024-11-05,1262
1312,國喬,5,0,5,宏遠-桃園,2024-11-05,1262
1589,永冠-KY,5,0,5,宏遠-桃園,2024-11-05,1262
2455,全新,5,0,5,宏遠-桃園,2024-11-05,1262
2543,皇昌,5,0,5,宏遠-桃園,2024-11-05,1262
3033,威健,5,0,5,宏遠-桃園,2024-11-05,1262
3071,協禧,5,0,5,宏遠-桃園,2024-11-05,1262
6235,華孚,5,0,5,宏遠-桃園,2024-11-05,1262
6651,全宇昕,5,0,5,宏遠-桃園,2024-11-05,1262
9924,福興,5,0,5,宏遠-桃園,2024-11-05,1262
6462,神盾,5,0,5,宏遠-桃園,2024-11-05,1262
00942B,台新美A公司債20+,4,0,4,宏遠-桃園,2024-11-05,1262
00795B,中信美國公債20年,4,0,4,宏遠-桃園,2024-11-05,1262
00852L,國泰美國道瓊正2,4,0,4,宏遠-桃園,2024-11-05,1262
00960,野村全球航運龍頭,4,0,4,宏遠-桃園,2024-11-05,1262
2887,台新金,4,0,4,宏遠-桃園,2024-11-05,1262
3665,貿聯-KY,5,1,4,宏遠-桃園,2024-11-05,1262
4566,時碩工業,6,2,4,宏遠-桃園,2024-11-05,1262
4729,熒茂,4,0,4,宏遠-桃園,2024-11-05,1262
00665L,富邦�琤肭磪囓�2,300,1,299,宏遠-桃園,2024-11-06,1262
3231,緯創,273,15,258,宏遠-桃園,2024-11-06,1262
2385,群光,120,5,115,宏遠-桃園,2024-11-06,1262
00679B,元大美債20年,172,62,110,宏遠-桃園,2024-11-06,1262
00632R,元大台灣50反1,57,3,54,宏遠-桃園,2024-11-06,1262
00680L,元大美債20正2,58,6,52,宏遠-桃園,2024-11-06,1262
2476,鉅祥,51,0,51,宏遠-桃園,2024-11-06,1262
5490,同亨,51,0,51,宏遠-桃園,2024-11-06,1262
00715L,期街口布蘭特正2,43,1,42,宏遠-桃園,2024-11-06,1262
00650L,復華香港正2,42,5,37,宏遠-桃園,2024-11-06,1262
6603,富強鑫,35,0,35,宏遠-桃園,2024-11-06,1262
00921,兆豐龍頭等權重,34,0,34,宏遠-桃園,2024-11-06,1262
00891,中信關鍵半導體,29,0,29,宏遠-桃園,2024-11-06,1262
00937B,群益ESG投等債20,27,0,27,宏遠-桃園,2024-11-06,1262
1595,川寶,37,10,27,宏遠-桃園,2024-11-06,1262
00687B,國泰20年美債,27,1,26,宏遠-桃園,2024-11-06,1262
00952,凱基台灣AI50,23,0,23,宏遠-桃園,2024-11-06,1262
00931B,統一美債20年,21,0,21,宏遠-桃園,2024-11-06,1262
00919,群益台灣精選高息,21,1,20,宏遠-桃園,2024-11-06,1262
1101,台泥,20,0,20,宏遠-桃園,2024-11-06,1262
3709,鑫聯大投控,20,0,20,宏遠-桃園,2024-11-06,1262
00878,國泰永續高股息,20,1,19,宏遠-桃園,2024-11-06,1262
00900,富邦特選高股息30,17,0,17,宏遠-桃園,2024-11-06,1262
3217,優群,22,5,17,宏遠-桃園,2024-11-06,1262
00918,大華優利高填息30,16,0,16,宏遠-桃園,2024-11-06,1262
6152,百一,16,0,16,宏遠-桃園,2024-11-06,1262
6231,系微,16,0,16,宏遠-桃園,2024-11-06,1262
2390,云辰,15,0,15,宏遠-桃園,2024-11-06,1262
4510,高鋒,17,6,11,宏遠-桃園,2024-11-06,1262
00915,凱基優選高股息30,10,0,10,宏遠-桃園,2024-11-06,1262
00641R,富邦日本反1,12,2,10,宏遠-桃園,2024-11-06,1262
00654R,富邦印度反1,10,0,10,宏遠-桃園,2024-11-06,1262
00930,永豐ESG低碳高息,10,0,10,宏遠-桃園,2024-11-06,1262
1473,台南,10,0,10,宏遠-桃園,2024-11-06,1262
2344,華邦電,10,0,10,宏遠-桃園,2024-11-06,1262
3033,威健,10,0,10,宏遠-桃園,2024-11-06,1262
5880,合庫金,10,0,10,宏遠-桃園,2024-11-06,1262
6196,帆宣,10,0,10,宏遠-桃園,2024-11-06,1262
6213,聯茂,10,0,10,宏遠-桃園,2024-11-06,1262
2609,陽明,34,25,9,宏遠-桃園,2024-11-06,1262
00928,中信上櫃ESG30,9,0,9,宏遠-桃園,2024-11-06,1262
2498,宏達電,9,0,9,宏遠-桃園,2024-11-06,1262
1589,永冠-KY,8,0,8,宏遠-桃園,2024-11-06,1262
1591,駿吉-KY,11,3,8,宏遠-桃園,2024-11-06,1262
00795B,中信美國公債20年,12,5,7,宏遠-桃園,2024-11-06,1262
00960,野村全球航運龍頭,12,5,7,宏遠-桃園,2024-11-06,1262
3481,群創,7,0,7,宏遠-桃園,2024-11-06,1262
1303,南亞,6,0,6,宏遠-桃園,2024-11-06,1262
3071,協禧,6,0,6,宏遠-桃園,2024-11-06,1262
3545,敦泰,6,0,6,宏遠-桃園,2024-11-06,1262
2303,聯電,153,54,99,宏遠-桃園,2024-11-07,1262
1595,川寶,46,5,41,宏遠-桃園,2024-11-07,1262
2354,鴻準,58,18,40,宏遠-桃園,2024-11-07,1262
8426,紅木-KY,30,0,30,宏遠-桃園,2024-11-07,1262
1591,駿吉-KY,26,0,26,宏遠-桃園,2024-11-07,1262
00951,台新日本半導體,25,0,25,宏遠-桃園,2024-11-07,1262
00952,凱基台灣AI50,24,0,24,宏遠-桃園,2024-11-07,1262
1101,台泥,20,0,20,宏遠-桃園,2024-11-07,1262
2022,聚亨,20,0,20,宏遠-桃園,2024-11-07,1262
3715,定穎投控,20,4,16,宏遠-桃園,2024-11-07,1262
6603,富強鑫,15,0,15,宏遠-桃園,2024-11-07,1262
00641R,富邦日本反1,14,0,14,宏遠-桃園,2024-11-07,1262
00638R,元大滬深300反1,14,0,14,宏遠-桃園,2024-11-07,1262
6804,明係,13,0,13,宏遠-桃園,2024-11-07,1262
3447,展達,11,0,11,宏遠-桃園,2024-11-07,1262
00954,中信日本半導體,10,0,10,宏遠-桃園,2024-11-07,1262
1473,台南,10,0,10,宏遠-桃園,2024-11-07,1262
2360,致茂,10,0,10,宏遠-桃園,2024-11-07,1262
3013,晟銘電,23,13,10,宏遠-桃園,2024-11-07,1262
3325,旭品,10,0,10,宏遠-桃園,2024-11-07,1262
5284,jpp-KY,10,0,10,宏遠-桃園,2024-11-07,1262
8097,常珵,10,0,10,宏遠-桃園,2024-11-07,1262
00680L,元大美債20正2,10,2,8,宏遠-桃園,2024-11-07,1262
2301,光寶科,15,7,8,宏遠-桃園,2024-11-07,1262
3105,穩懋,8,0,8,宏遠-桃園,2024-11-07,1262
8016,矽創,8,0,8,宏遠-桃園,2024-11-07,1262
6187,萬潤,7,0,7,宏遠-桃園,2024-11-07,1262
00731,復華富時高息低波,7,0,7,宏遠-桃園,2024-11-07,1262
00635U,期元大S＆P黃金,7,0,7,宏遠-桃園,2024-11-07,1262
3231,緯創,13,6,7,宏遠-桃園,2024-11-07,1262
2615,萬海,11,5,6,宏遠-桃園,2024-11-07,1262
2929,淘帝-KY,6,0,6,宏遠-桃園,2024-11-07,1262
3234,光環,6,0,6,宏遠-桃園,2024-11-07,1262
3303,岱稜,7,1,6,宏遠-桃園,2024-11-07,1262
3413,京鼎,6,0,6,宏遠-桃園,2024-11-07,1262
3706,神達,8,2,6,宏遠-桃園,2024-11-07,1262
6217,中探針,6,0,6,宏遠-桃園,2024-11-07,1262
6231,系微,6,0,6,宏遠-桃園,2024-11-07,1262
00655L,國泰中國A50正2,5,0,5,宏遠-桃園,2024-11-07,1262
00712,復華富時不動產,5,0,5,宏遠-桃園,2024-11-07,1262
1326,台化,5,0,5,宏遠-桃園,2024-11-07,1262
2465,麗臺,6,1,5,宏遠-桃園,2024-11-07,1262
2543,皇昌,7,2,5,宏遠-桃園,2024-11-07,1262
2603,長榮,12,7,5,宏遠-桃園,2024-11-07,1262
3228,金麗科,7,2,5,宏遠-桃園,2024-11-07,1262
3483,力致,6,1,5,宏遠-桃園,2024-11-07,1262
3492,長盛,5,0,5,宏遠-桃園,2024-11-07,1262
3508,位速,5,0,5,宏遠-桃園,2024-11-07,1262
6206,飛捷,5,0,5,宏遠-桃園,2024-11-07,1262
8112,至上,5,0,5,宏遠-桃園,2024-11-07,1262
2476,鉅祥,117,3,114,宏遠-桃園,2024-11-08,1262
3047,訊舟,108,0,108,宏遠-桃園,2024-11-08,1262
1802,台玻,60,1,59,宏遠-桃園,2024-11-08,1262
2884,玉山金,50,0,50,宏遠-桃園,2024-11-08,1262
0056,元大高股息,41,0,41,宏遠-桃園,2024-11-08,1262
00664R,國泰臺灣加權反1,40,0,40,宏遠-桃園,2024-11-08,1262
2332,友訊,40,10,30,宏遠-桃園,2024-11-08,1262
2801,彰銀,30,0,30,宏遠-桃園,2024-11-08,1262
3231,緯創,54,24,30,宏遠-桃園,2024-11-08,1262
6213,聯茂,30,0,30,宏遠-桃園,2024-11-08,1262
3056,富華新,30,1,29,宏遠-桃園,2024-11-08,1262
6603,富強鑫,30,3,27,宏遠-桃園,2024-11-08,1262
1595,川寶,35,10,25,宏遠-桃園,2024-11-08,1262
3450,聯鈞,36,11,25,宏遠-桃園,2024-11-08,1262
6191,精成科,25,0,25,宏遠-桃園,2024-11-08,1262
1314,中石化,23,0,23,宏遠-桃園,2024-11-08,1262
2438,翔耀,25,3,22,宏遠-桃園,2024-11-08,1262
3481,群創,23,1,22,宏遠-桃園,2024-11-08,1262
00945B,凱基美國非投等債,20,0,20,宏遠-桃園,2024-11-08,1262
3062,建漢,28,8,20,宏遠-桃園,2024-11-08,1262
2883,凱基金,20,2,18,宏遠-桃園,2024-11-08,1262
1795,美時,23,5,18,宏遠-桃園,2024-11-08,1262
00638R,元大滬深300反1,20,4,16,宏遠-桃園,2024-11-08,1262
2313,華通,16,2,14,宏遠-桃園,2024-11-08,1262
6231,系微,13,0,13,宏遠-桃園,2024-11-08,1262
2344,華邦電,24,12,12,宏遠-桃園,2024-11-08,1262
2613,中櫃,21,9,12,宏遠-桃園,2024-11-08,1262
6505,台塑化,12,0,12,宏遠-桃園,2024-11-08,1262
00655L,國泰中國A50正2,11,0,11,宏遠-桃園,2024-11-08,1262
6120,達運,11,0,11,宏遠-桃園,2024-11-08,1262
6218,豪勉,12,1,11,宏遠-桃園,2024-11-08,1262
6804,明係,11,0,11,宏遠-桃園,2024-11-08,1262
2402,毅嘉,11,1,10,宏遠-桃園,2024-11-08,1262
2906,高林,10,0,10,宏遠-桃園,2024-11-08,1262
6530,創威,25,15,10,宏遠-桃園,2024-11-08,1262
8374,羅昇,10,0,10,宏遠-桃園,2024-11-08,1262
00943,兆豐電子高息等權,9,0,9,宏遠-桃園,2024-11-08,1262
3228,金麗科,9,0,9,宏遠-桃園,2024-11-08,1262
5483,中美晶,14,5,9,宏遠-桃園,2024-11-08,1262
8047,星雲,9,0,9,宏遠-桃園,2024-11-08,1262
9958,世紀鋼,19,10,9,宏遠-桃園,2024-11-08,1262
3037,欣興,9,1,8,宏遠-桃園,2024-11-08,1262
1785,光洋科,10,2,8,宏遠-桃園,2024-11-08,1262
00650L,復華香港正2,12,4,8,宏遠-桃園,2024-11-08,1262
3447,展達,8,0,8,宏遠-桃園,2024-11-08,1262
6742,澤米,8,0,8,宏遠-桃園,2024-11-08,1262
8467,波力-KY,8,0,8,宏遠-桃園,2024-11-08,1262
6877,鏵友益,24,17,7,宏遠-桃園,2024-11-08,1262
8044,網家,7,0,7,宏遠-桃園,2024-11-08,1262
6207,雷科,6,0,6,宏遠-桃園,2024-11-08,1262
2476,鉅祥,134,0,134,宏遠-桃園,2024-11-11,1262
6269,台郡,92,0,92,宏遠-桃園,2024-11-11,1262
3047,訊舟,88,0,88,宏遠-桃園,2024-11-11,1262
00878,國泰永續高股息,75,0,75,宏遠-桃園,2024-11-11,1262
00632R,元大台灣50反1,63,0,63,宏遠-桃園,2024-11-11,1262
6152,百一,60,0,60,宏遠-桃園,2024-11-11,1262
4904,遠傳,50,0,50,宏遠-桃園,2024-11-11,1262
8358,金居,45,1,44,宏遠-桃園,2024-11-11,1262
6191,精成科,35,0,35,宏遠-桃園,2024-11-11,1262
8942,森鉅,32,0,32,宏遠-桃園,2024-11-11,1262
00952,凱基台灣AI50,31,0,31,宏遠-桃園,2024-11-11,1262
00637L,元大滬深300正2,117,87,30,宏遠-桃園,2024-11-11,1262
1444,力麗,31,1,30,宏遠-桃園,2024-11-11,1262
2488,漢平,30,0,30,宏遠-桃園,2024-11-11,1262
8047,星雲,25,0,25,宏遠-桃園,2024-11-11,1262
2402,毅嘉,20,0,20,宏遠-桃園,2024-11-11,1262
3078,僑威,20,0,20,宏遠-桃園,2024-11-11,1262
1323,永裕,20,1,19,宏遠-桃園,2024-11-11,1262
4958,臻鼎-KY,20,3,17,宏遠-桃園,2024-11-11,1262
3447,展達,16,0,16,宏遠-桃園,2024-11-11,1262
6116,彩晶,16,0,16,宏遠-桃園,2024-11-11,1262
8044,網家,16,0,16,宏遠-桃園,2024-11-11,1262
1727,中華化,14,0,14,宏遠-桃園,2024-11-11,1262
3231,緯創,21,7,14,宏遠-桃園,2024-11-11,1262
00715L,期街口布蘭特正2,12,0,12,宏遠-桃園,2024-11-11,1262
2851,中再保,12,0,12,宏遠-桃園,2024-11-11,1262
4510,高鋒,12,0,12,宏遠-桃園,2024-11-11,1262
6804,明係,12,0,12,宏遠-桃園,2024-11-11,1262
2603,長榮,14,2,12,宏遠-桃園,2024-11-11,1262
3680,家登,11,0,11,宏遠-桃園,2024-11-11,1262
9924,福興,11,1,10,宏遠-桃園,2024-11-11,1262
00954,中信日本半導體,10,0,10,宏遠-桃園,2024-11-11,1262
00951,台新日本半導體,10,0,10,宏遠-桃園,2024-11-11,1262
1595,川寶,10,0,10,宏遠-桃園,2024-11-11,1262
2641,正德,10,0,10,宏遠-桃園,2024-11-11,1262
3048,益登,10,0,10,宏遠-桃園,2024-11-11,1262
6506,雙邦,10,0,10,宏遠-桃園,2024-11-11,1262
00929,復華台灣科技優息,9,0,9,宏遠-桃園,2024-11-11,1262
2609,陽明,9,1,8,宏遠-桃園,2024-11-11,1262
1605,華新,8,0,8,宏遠-桃園,2024-11-11,1262
4711,永純,8,0,8,宏遠-桃園,2024-11-11,1262
5009,榮剛,8,0,8,宏遠-桃園,2024-11-11,1262
6218,豪勉,8,0,8,宏遠-桃園,2024-11-11,1262
1307,三芳,8,1,7,宏遠-桃園,2024-11-11,1262
00947,台新臺灣IC設計,7,0,7,宏遠-桃園,2024-11-11,1262
1528,恩德,8,1,7,宏遠-桃園,2024-11-11,1262
2449,京元電子,12,5,7,宏遠-桃園,2024-11-11,1262
2646,星宇航空,8,1,7,宏遠-桃園,2024-11-11,1262
3481,群創,8,1,7,宏遠-桃園,2024-11-11,1262
6763,綠界科技*,8,2,6,宏遠-桃園,2024-11-11,1262
4906,正文,144,0,144,宏遠-桃園,2024-11-12,1262
1595,川寶,62,0,62,宏遠-桃園,2024-11-12,1262
00878,國泰永續高股息,57,2,55,宏遠-桃園,2024-11-12,1262
3447,展達,44,0,44,宏遠-桃園,2024-11-12,1262
2883,凱基金,44,2,42,宏遠-桃園,2024-11-12,1262
4510,高鋒,40,0,40,宏遠-桃園,2024-11-12,1262
1815,富喬,40,1,39,宏遠-桃園,2024-11-12,1262
2476,鉅祥,36,0,36,宏遠-桃園,2024-11-12,1262
00947,台新臺灣IC設計,32,0,32,宏遠-桃園,2024-11-12,1262
00952,凱基台灣AI50,30,0,30,宏遠-桃園,2024-11-12,1262
8942,森鉅,30,0,30,宏遠-桃園,2024-11-12,1262
6603,富強鑫,28,0,28,宏遠-桃園,2024-11-12,1262
3211,順達,38,11,27,宏遠-桃園,2024-11-12,1262
2303,聯電,51,25,26,宏遠-桃園,2024-11-12,1262
0050,元大台灣50,25,1,24,宏遠-桃園,2024-11-12,1262
6139,亞翔,24,0,24,宏遠-桃園,2024-11-12,1262
5014,建錩,22,0,22,宏遠-桃園,2024-11-12,1262
5426,振發,23,1,22,宏遠-桃園,2024-11-12,1262
1802,台玻,21,0,21,宏遠-桃園,2024-11-12,1262
3003,健和興,41,21,20,宏遠-桃園,2024-11-12,1262
4958,臻鼎-KY,26,6,20,宏遠-桃園,2024-11-12,1262
5398,慕康生醫,20,0,20,宏遠-桃園,2024-11-12,1262
6152,百一,70,50,20,宏遠-桃園,2024-11-12,1262
8426,紅木-KY,20,0,20,宏遠-桃園,2024-11-12,1262
3234,光環,28,9,19,宏遠-桃園,2024-11-12,1262
6269,台郡,19,0,19,宏遠-桃園,2024-11-12,1262
00915,凱基優選高股息30,14,0,14,宏遠-桃園,2024-11-12,1262
00900,富邦特選高股息30,30,16,14,宏遠-桃園,2024-11-12,1262
00940,元大台灣價值高息,13,0,13,宏遠-桃園,2024-11-12,1262
2882,國泰金,13,0,13,宏遠-桃園,2024-11-12,1262
3149,正達,13,0,13,宏遠-桃園,2024-11-12,1262
5512,力麒,13,0,13,宏遠-桃園,2024-11-12,1262
6191,精成科,14,1,13,宏遠-桃園,2024-11-12,1262
00929,復華台灣科技優息,12,0,12,宏遠-桃園,2024-11-12,1262
2382,廣達,15,3,12,宏遠-桃園,2024-11-12,1262
4303,信立,13,1,12,宏遠-桃園,2024-11-12,1262
8044,網家,13,1,12,宏遠-桃園,2024-11-12,1262
9934,成霖,12,0,12,宏遠-桃園,2024-11-12,1262
6958,日盛台駿,11,0,11,宏遠-桃園,2024-11-12,1262
0056,元大高股息,11,0,11,宏遠-桃園,2024-11-12,1262
00919,群益台灣精選高息,10,0,10,宏遠-桃園,2024-11-12,1262
00650L,復華香港正2,15,5,10,宏遠-桃園,2024-11-12,1262
00945B,凱基美國非投等債,10,0,10,宏遠-桃園,2024-11-12,1262
2605,新興,11,1,10,宏遠-桃園,2024-11-12,1262
3189,景碩,17,7,10,宏遠-桃園,2024-11-12,1262
3413,京鼎,10,0,10,宏遠-桃園,2024-11-12,1262
3710,連展投控,10,0,10,宏遠-桃園,2024-11-12,1262
6651,全宇昕,10,0,10,宏遠-桃園,2024-11-12,1262
9921,巨大,14,5,9,宏遠-桃園,2024-11-12,1262
00931B,統一美債20年,10,1,9,宏遠-桃園,2024-11-12,1262
00948B,中信優息投資級債,180,0,180,宏遠-桃園,2024-11-13,1262
2883,凱基金,139,20,119,宏遠-桃園,2024-11-13,1262
3447,展達,54,0,54,宏遠-桃園,2024-11-13,1262
00679B,元大美債20年,66,28,38,宏遠-桃園,2024-11-13,1262
3706,神達,62,24,38,宏遠-桃園,2024-11-13,1262
00878,國泰永續高股息,36,0,36,宏遠-桃園,2024-11-13,1262
2374,佳能,36,0,36,宏遠-桃園,2024-11-13,1262
6143,振曜,35,0,35,宏遠-桃園,2024-11-13,1262
00632R,元大台灣50反1,41,10,31,宏遠-桃園,2024-11-13,1262
00665L,富邦�琤肭磪囓�2,158,128,30,宏遠-桃園,2024-11-13,1262
2388,威盛,29,0,29,宏遠-桃園,2024-11-13,1262
00680L,元大美債20正2,28,0,28,宏遠-桃園,2024-11-13,1262
2344,華邦電,28,0,28,宏遠-桃園,2024-11-13,1262
00900,富邦特選高股息30,26,0,26,宏遠-桃園,2024-11-13,1262
00952,凱基台灣AI50,24,0,24,宏遠-桃園,2024-11-13,1262
00937B,群益ESG投等債20,23,0,23,宏遠-桃園,2024-11-13,1262
00918,大華優利高填息30,21,0,21,宏遠-桃園,2024-11-13,1262
00887,永豐中國科技50大,20,0,20,宏遠-桃園,2024-11-13,1262
1522,堤維西,20,0,20,宏遠-桃園,2024-11-13,1262
2329,華泰,20,0,20,宏遠-桃園,2024-11-13,1262
2204,中華,19,0,19,宏遠-桃園,2024-11-13,1262
8039,台虹,20,1,19,宏遠-桃園,2024-11-13,1262
2609,陽明,21,2,19,宏遠-桃園,2024-11-13,1262
5871,中租-KY,18,2,16,宏遠-桃園,2024-11-13,1262
3015,全漢,25,10,15,宏遠-桃園,2024-11-13,1262
3014,聯陽,15,0,15,宏遠-桃園,2024-11-13,1262
1799,易威,15,0,15,宏遠-桃園,2024-11-13,1262
2882,國泰金,14,0,14,宏遠-桃園,2024-11-13,1262
4958,臻鼎-KY,14,0,14,宏遠-桃園,2024-11-13,1262
00919,群益台灣精選高息,34,21,13,宏遠-桃園,2024-11-13,1262
6139,亞翔,13,0,13,宏遠-桃園,2024-11-13,1262
8942,森鉅,13,0,13,宏遠-桃園,2024-11-13,1262
4510,高鋒,12,0,12,宏遠-桃園,2024-11-13,1262
1727,中華化,11,0,11,宏遠-桃園,2024-11-13,1262
8011,台通,24,13,11,宏遠-桃園,2024-11-13,1262
2834,臺企銀,10,0,10,宏遠-桃園,2024-11-13,1262
00940,元大台灣價值高息,10,0,10,宏遠-桃園,2024-11-13,1262
00959B,大華投等美債15Y+,10,0,10,宏遠-桃園,2024-11-13,1262
00960,野村全球航運龍頭,10,0,10,宏遠-桃園,2024-11-13,1262
2889,國票金,10,0,10,宏遠-桃園,2024-11-13,1262
2891,中信金,15,5,10,宏遠-桃園,2024-11-13,1262
5351,鈺創,10,0,10,宏遠-桃園,2024-11-13,1262
2354,鴻準,22,13,9,宏遠-桃園,2024-11-13,1262
9921,巨大,9,0,9,宏遠-桃園,2024-11-13,1262
2201,裕隆,11,2,9,宏遠-桃園,2024-11-13,1262
2313,華通,10,1,9,宏遠-桃園,2024-11-13,1262
2402,毅嘉,9,0,9,宏遠-桃園,2024-11-13,1262
3036,文曄,9,0,9,宏遠-桃園,2024-11-13,1262
4919,新唐,13,4,9,宏遠-桃園,2024-11-13,1262
0056,元大高股息,10,2,8,宏遠-桃園,2024-11-13,1262
00878,國泰永續高股息,236,0,236,宏遠-桃園,2024-11-14,1262
00948B,中信優息投資級債,150,0,150,宏遠-桃園,2024-11-14,1262
2834,臺企銀,146,4,142,宏遠-桃園,2024-11-14,1262
1618,合機,113,10,103,宏遠-桃園,2024-11-14,1262
4306,炎洲,101,0,101,宏遠-桃園,2024-11-14,1262
6152,百一,80,0,80,宏遠-桃園,2024-11-14,1262
2476,鉅祥,70,1,69,宏遠-桃園,2024-11-14,1262
2303,聯電,100,43,57,宏遠-桃園,2024-11-14,1262
00937B,群益ESG投等債20,54,0,54,宏遠-桃園,2024-11-14,1262
00954,中信日本半導體,45,0,45,宏遠-桃園,2024-11-14,1262
3447,展達,41,0,41,宏遠-桃園,2024-11-14,1262
2354,鴻準,50,10,40,宏遠-桃園,2024-11-14,1262
00687B,國泰20年美債,33,0,33,宏遠-桃園,2024-11-14,1262
00951,台新日本半導體,33,0,33,宏遠-桃園,2024-11-14,1262
00891,中信關鍵半導體,32,0,32,宏遠-桃園,2024-11-14,1262
1528,恩德,30,0,30,宏遠-桃園,2024-11-14,1262
3483,力致,29,3,26,宏遠-桃園,2024-11-14,1262
3048,益登,25,0,25,宏遠-桃園,2024-11-14,1262
6877,鏵友益,25,0,25,宏遠-桃園,2024-11-14,1262
8942,森鉅,25,0,25,宏遠-桃園,2024-11-14,1262
00933B,國泰10Y+金融債,22,0,22,宏遠-桃園,2024-11-14,1262
00680L,元大美債20正2,20,0,20,宏遠-桃園,2024-11-14,1262
2603,長榮,31,11,20,宏遠-桃園,2024-11-14,1262
6269,台郡,20,0,20,宏遠-桃園,2024-11-14,1262
2383,台光電,20,0,20,宏遠-桃園,2024-11-14,1262
2498,宏達電,19,0,19,宏遠-桃園,2024-11-14,1262
3047,訊舟,18,0,18,宏遠-桃園,2024-11-14,1262
6244,茂迪,18,0,18,宏遠-桃園,2024-11-14,1262
00929,復華台灣科技優息,17,0,17,宏遠-桃園,2024-11-14,1262
00930,永豐ESG低碳高息,16,0,16,宏遠-桃園,2024-11-14,1262
8046,南電,15,0,15,宏遠-桃園,2024-11-14,1262
00795B,中信美國公債20年,14,0,14,宏遠-桃園,2024-11-14,1262
0056,元大高股息,17,3,14,宏遠-桃園,2024-11-14,1262
2317,鴻海,38,24,14,宏遠-桃園,2024-11-14,1262
00638R,元大滬深300反1,12,0,12,宏遠-桃園,2024-11-14,1262
00959B,大華投等美債15Y+,12,0,12,宏遠-桃園,2024-11-14,1262
4958,臻鼎-KY,12,0,12,宏遠-桃園,2024-11-14,1262
8044,網家,12,0,12,宏遠-桃園,2024-11-14,1262
8069,元太,14,2,12,宏遠-桃園,2024-11-14,1262
3231,緯創,27,15,12,宏遠-桃園,2024-11-14,1262
00931B,統一美債20年,11,0,11,宏遠-桃園,2024-11-14,1262
1727,中華化,11,0,11,宏遠-桃園,2024-11-14,1262
2887,台新金,11,0,11,宏遠-桃園,2024-11-14,1262
00919,群益台灣精選高息,10,0,10,宏遠-桃園,2024-11-14,1262
00918,大華優利高填息30,10,0,10,宏遠-桃園,2024-11-14,1262
00725B,國泰投資級公司債,10,0,10,宏遠-桃園,2024-11-14,1262
00952,凱基台灣AI50,10,0,10,宏遠-桃園,2024-11-14,1262
1440,南紡,10,0,10,宏遠-桃園,2024-11-14,1262
1522,堤維西,10,0,10,宏遠-桃園,2024-11-14,1262
2201,裕隆,15,5,10,宏遠-桃園,2024-11-14,1262
2002,中鋼,171,0,171,宏遠-桃園,2024-11-15,1262
1442,名軒,106,0,106,宏遠-桃園,2024-11-15,1262
00959B,大華投等美債15Y+,87,14,73,宏遠-桃園,2024-11-15,1262
00948B,中信優息投資級債,63,0,63,宏遠-桃園,2024-11-15,1262
4306,炎洲,78,25,53,宏遠-桃園,2024-11-15,1262
00878,國泰永續高股息,68,17,51,宏遠-桃園,2024-11-15,1262
00676R,富邦臺灣加權反1,50,0,50,宏遠-桃園,2024-11-15,1262
00632R,元大台灣50反1,41,0,41,宏遠-桃園,2024-11-15,1262
2476,鉅祥,40,1,39,宏遠-桃園,2024-11-15,1262
2474,可成,37,0,37,宏遠-桃園,2024-11-15,1262
2488,漢平,32,0,32,宏遠-桃園,2024-11-15,1262
00885,富邦越南,30,0,30,宏遠-桃園,2024-11-15,1262
1595,川寶,30,0,30,宏遠-桃園,2024-11-15,1262
6122,擎邦,30,0,30,宏遠-桃園,2024-11-15,1262
6530,創威,39,9,30,宏遠-桃園,2024-11-15,1262
00937B,群益ESG投等債20,29,0,29,宏遠-桃園,2024-11-15,1262
3231,緯創,30,2,28,宏遠-桃園,2024-11-15,1262
6244,茂迪,27,0,27,宏遠-桃園,2024-11-15,1262
2317,鴻海,54,29,25,宏遠-桃園,2024-11-15,1262
00637L,元大滬深300正2,211,188,23,宏遠-桃園,2024-11-15,1262
2206,三陽工業,21,0,21,宏遠-桃園,2024-11-15,1262
2382,廣達,25,4,21,宏遠-桃園,2024-11-15,1262
00679B,元大美債20年,20,0,20,宏遠-桃園,2024-11-15,1262
2301,光寶科,24,4,20,宏遠-桃園,2024-11-15,1262
3078,僑威,20,0,20,宏遠-桃園,2024-11-15,1262
3088,艾訊,20,0,20,宏遠-桃園,2024-11-15,1262
5907,大洋-KY,20,0,20,宏遠-桃園,2024-11-15,1262
2312,金寶,54,37,17,宏遠-桃園,2024-11-15,1262
4977,眾達-KY,16,1,15,宏遠-桃園,2024-11-15,1262
00651R,復華香港反1,14,0,14,宏遠-桃園,2024-11-15,1262
2646,星宇航空,18,4,14,宏遠-桃園,2024-11-15,1262
00830,國泰費城半導體,13,0,13,宏遠-桃園,2024-11-15,1262
4958,臻鼎-KY,12,0,12,宏遠-桃園,2024-11-15,1262
5512,力麒,16,5,11,宏遠-桃園,2024-11-15,1262
00674R,期元大S＆P黃金反1,10,0,10,宏遠-桃園,2024-11-15,1262
00655L,國泰中國A50正2,16,6,10,宏遠-桃園,2024-11-15,1262
2348,海悅,10,0,10,宏遠-桃園,2024-11-15,1262
2605,新興,20,10,10,宏遠-桃園,2024-11-15,1262
5210,寶碩,10,0,10,宏遠-桃園,2024-11-15,1262
5351,鈺創,11,1,10,宏遠-桃園,2024-11-15,1262
6742,澤米,11,1,10,宏遠-桃園,2024-11-15,1262
8426,紅木-KY,10,0,10,宏遠-桃園,2024-11-15,1262
3715,定穎投控,10,1,9,宏遠-桃園,2024-11-15,1262
6152,百一,9,0,9,宏遠-桃園,2024-11-15,1262
00945B,凱基美國非投等債,10,2,8,宏遠-桃園,2024-11-15,1262
8942,森鉅,8,0,8,宏遠-桃園,2024-11-15,1262
00963,中信全球高股息,7,0,7,宏遠-桃園,2024-11-15,1262
3483,力致,7,0,7,宏遠-桃園,2024-11-15,1262
8215,明基材,7,0,7,宏遠-桃園,2024-11-15,1262
2324,仁寶,7,1,6,宏遠-桃園,2024-11-15,1262
6152,百一,145,0,145,宏遠-桃園,2024-11-18,1262
2476,鉅祥,81,0,81,宏遠-桃園,2024-11-18,1262
00878,國泰永續高股息,89,20,69,宏遠-桃園,2024-11-18,1262
3050,鈺德,71,11,60,宏遠-桃園,2024-11-18,1262
4306,炎洲,60,0,60,宏遠-桃園,2024-11-18,1262
00891,中信關鍵半導體,52,0,52,宏遠-桃園,2024-11-18,1262
3032,偉訓,50,2,48,宏遠-桃園,2024-11-18,1262
00922,國泰台灣領袖50,42,0,42,宏遠-桃園,2024-11-18,1262
6117,迎廣,39,0,39,宏遠-桃園,2024-11-18,1262
00952,凱基台灣AI50,31,0,31,宏遠-桃園,2024-11-18,1262
00953B,群益優選非投等債,30,0,30,宏遠-桃園,2024-11-18,1262
5465,富驊,30,1,29,宏遠-桃園,2024-11-18,1262
00929,復華台灣科技優息,25,0,25,宏遠-桃園,2024-11-18,1262
8942,森鉅,22,0,22,宏遠-桃園,2024-11-18,1262
00885,富邦越南,20,0,20,宏遠-桃園,2024-11-18,1262
3706,神達,28,8,20,宏遠-桃園,2024-11-18,1262
5351,鈺創,20,0,20,宏遠-桃園,2024-11-18,1262
5481,新華,20,0,20,宏遠-桃園,2024-11-18,1262
2603,長榮,21,2,19,宏遠-桃園,2024-11-18,1262
3202,樺晟,20,4,16,宏遠-桃園,2024-11-18,1262
00642U,期元大S＆P石油,15,0,15,宏遠-桃園,2024-11-18,1262
00957B,兆豐US優選投等債,15,0,15,宏遠-桃園,2024-11-18,1262
5512,力麒,15,0,15,宏遠-桃園,2024-11-18,1262
2881,富邦金,13,0,13,宏遠-桃園,2024-11-18,1262
2348,海悅,13,0,13,宏遠-桃園,2024-11-18,1262
3231,緯創,14,1,13,宏遠-桃園,2024-11-18,1262
2615,萬海,13,1,12,宏遠-桃園,2024-11-18,1262
3005,神基,11,0,11,宏遠-桃園,2024-11-18,1262
00951,台新日本半導體,10,0,10,宏遠-桃園,2024-11-18,1262
1570,力肯,10,0,10,宏遠-桃園,2024-11-18,1262
2206,三陽工業,10,0,10,宏遠-桃園,2024-11-18,1262
2301,光寶科,18,8,10,宏遠-桃園,2024-11-18,1262
3045,台灣大,10,0,10,宏遠-桃園,2024-11-18,1262
4958,臻鼎-KY,10,0,10,宏遠-桃園,2024-11-18,1262
5299,杰力,10,0,10,宏遠-桃園,2024-11-18,1262
6118,建達,10,0,10,宏遠-桃園,2024-11-18,1262
6684,安格,10,0,10,宏遠-桃園,2024-11-18,1262
8426,紅木-KY,10,0,10,宏遠-桃園,2024-11-18,1262
9905,大華,10,0,10,宏遠-桃園,2024-11-18,1262
2382,廣達,11,2,9,宏遠-桃園,2024-11-18,1262
2367,燿華,9,0,9,宏遠-桃園,2024-11-18,1262
3597,映興,9,0,9,宏遠-桃園,2024-11-18,1262
2317,鴻海,18,10,8,宏遠-桃園,2024-11-18,1262
00941,中信上游半導體,8,0,8,宏遠-桃園,2024-11-18,1262
2455,全新,10,2,8,宏遠-桃園,2024-11-18,1262
3338,泰碩,15,7,8,宏遠-桃園,2024-11-18,1262
1326,台化,8,1,7,宏遠-桃園,2024-11-18,1262
1595,川寶,7,0,7,宏遠-桃園,2024-11-18,1262
3483,力致,7,0,7,宏遠-桃園,2024-11-18,1262
006208,富邦台50,7,0,7,宏遠-桃園,2024-11-18,1262
00637L,元大滬深300正2,164,25,139,宏遠-桃園,2024-11-19,1262
1618,合機,83,2,81,宏遠-桃園,2024-11-19,1262
00632R,元大台灣50反1,82,7,75,宏遠-桃園,2024-11-19,1262
2457,飛宏,60,3,57,宏遠-桃園,2024-11-19,1262
3019,亞光,32,1,31,宏遠-桃園,2024-11-19,1262
00636,國泰中國A50,30,0,30,宏遠-桃園,2024-11-19,1262
00679B,元大美債20年,26,0,26,宏遠-桃園,2024-11-19,1262
1587,吉茂,19,0,19,宏遠-桃園,2024-11-19,1262
3228,金麗科,17,2,15,宏遠-桃園,2024-11-19,1262
00830,國泰費城半導體,14,0,14,宏遠-桃園,2024-11-19,1262
2344,華邦電,18,4,14,宏遠-桃園,2024-11-19,1262
2354,鴻準,59,47,12,宏遠-桃園,2024-11-19,1262
1595,川寶,10,0,10,宏遠-桃園,2024-11-19,1262
00887,永豐中國科技50大,51,41,10,宏遠-桃園,2024-11-19,1262
2882,國泰金,10,0,10,宏遠-桃園,2024-11-19,1262
3576,聯合再生,10,0,10,宏遠-桃園,2024-11-19,1262
5490,同亨,10,0,10,宏遠-桃園,2024-11-19,1262
00878,國泰永續高股息,11,2,9,宏遠-桃園,2024-11-19,1262
2317,鴻海,10,2,8,宏遠-桃園,2024-11-19,1262
3376,新日興,8,0,8,宏遠-桃園,2024-11-19,1262
6257,矽格,8,0,8,宏遠-桃園,2024-11-19,1262
2889,國票金,7,0,7,宏遠-桃園,2024-11-19,1262
4958,臻鼎-KY,7,0,7,宏遠-桃園,2024-11-19,1262
0056,元大高股息,9,3,6,宏遠-桃園,2024-11-19,1262
00929,復華台灣科技優息,7,1,6,宏遠-桃園,2024-11-19,1262
00891,中信關鍵半導體,6,0,6,宏遠-桃園,2024-11-19,1262
00877,復華中國5G,6,0,6,宏遠-桃園,2024-11-19,1262
4306,炎洲,6,0,6,宏遠-桃園,2024-11-19,1262
4807,日成-KY,6,0,6,宏遠-桃園,2024-11-19,1262
4977,眾達-KY,6,0,6,宏遠-桃園,2024-11-19,1262
6015,宏遠證,6,0,6,宏遠-桃園,2024-11-19,1262
00731,復華富時高息低波,5,0,5,宏遠-桃園,2024-11-19,1262
2323,中環,5,0,5,宏遠-桃園,2024-11-19,1262
2385,群光,5,0,5,宏遠-桃園,2024-11-19,1262
2929,淘帝-KY,5,0,5,宏遠-桃園,2024-11-19,1262
3024,憶聲,10,5,5,宏遠-桃園,2024-11-19,1262
3703,欣陸,6,1,5,宏遠-桃園,2024-11-19,1262
4569,六方科-KY,5,0,5,宏遠-桃園,2024-11-19,1262
2618,長榮航,13,8,5,宏遠-桃園,2024-11-19,1262
3234,光環,14,10,4,宏遠-桃園,2024-11-19,1262
1301,台塑,4,0,4,宏遠-桃園,2024-11-19,1262
2431,聯昌,4,0,4,宏遠-桃園,2024-11-19,1262
6126,信音,4,0,4,宏遠-桃園,2024-11-19,1262
6821,聯寶,4,0,4,宏遠-桃園,2024-11-19,1262
6742,澤米,5,1,4,宏遠-桃園,2024-11-19,1262
00903,富邦元宇宙,3,0,3,宏遠-桃園,2024-11-19,1262
2349,錸德,17,14,3,宏遠-桃園,2024-11-19,1262
2356,英業達,3,0,3,宏遠-桃園,2024-11-19,1262
2884,玉山金,3,0,3,宏遠-桃園,2024-11-19,1262
4198,欣大健康,3,0,3,宏遠-桃園,2024-11-19,1262
2312,金寶,149,87,62,宏遠-桃園,2024-11-20,1262
3703,欣陸,35,0,35,宏遠-桃園,2024-11-20,1262
1618,合機,36,4,32,宏遠-桃園,2024-11-20,1262
1416,廣豐,30,0,30,宏遠-桃園,2024-11-20,1262
1611,中電,30,1,29,宏遠-桃園,2024-11-20,1262
00685L,群益臺灣加權正2,29,1,28,宏遠-桃園,2024-11-20,1262
00919,群益台灣精選高息,27,0,27,宏遠-桃園,2024-11-20,1262
2317,鴻海,24,0,24,宏遠-桃園,2024-11-20,1262
00878,國泰永續高股息,22,0,22,宏遠-桃園,2024-11-20,1262
3338,泰碩,23,3,20,宏遠-桃園,2024-11-20,1262
3550,聯穎,20,0,20,宏遠-桃園,2024-11-20,1262
4958,臻鼎-KY,23,3,20,宏遠-桃園,2024-11-20,1262
5351,鈺創,20,0,20,宏遠-桃園,2024-11-20,1262
2204,中華,23,5,18,宏遠-桃園,2024-11-20,1262
00929,復華台灣科技優息,14,0,14,宏遠-桃園,2024-11-20,1262
3231,緯創,15,2,13,宏遠-桃園,2024-11-20,1262
00753L,中信中國50正2,12,0,12,宏遠-桃園,2024-11-20,1262
2412,中華電,12,0,12,宏遠-桃園,2024-11-20,1262
2476,鉅祥,14,2,12,宏遠-桃園,2024-11-20,1262
3552,同致,13,1,12,宏遠-桃園,2024-11-20,1262
2313,華通,11,0,11,宏遠-桃園,2024-11-20,1262
1101,台泥,10,0,10,宏遠-桃園,2024-11-20,1262
1795,美時,12,2,10,宏遠-桃園,2024-11-20,1262
2338,光罩,10,0,10,宏遠-桃園,2024-11-20,1262
5210,寶碩,10,0,10,宏遠-桃園,2024-11-20,1262
5299,杰力,10,0,10,宏遠-桃園,2024-11-20,1262
6133,金橋,10,0,10,宏遠-桃園,2024-11-20,1262
2301,光寶科,10,1,9,宏遠-桃園,2024-11-20,1262
2201,裕隆,11,2,9,宏遠-桃園,2024-11-20,1262
9904,寶成,20,11,9,宏遠-桃園,2024-11-20,1262
00923,群益台ESG低碳50,8,0,8,宏遠-桃園,2024-11-20,1262
00638R,元大滬深300反1,6,0,6,宏遠-桃園,2024-11-20,1262
3374,精材,6,0,6,宏遠-桃園,2024-11-20,1262
00675L,富邦臺灣加權正2,6,1,5,宏遠-桃園,2024-11-20,1262
1524,耿鼎,5,0,5,宏遠-桃園,2024-11-20,1262
1582,信錦,5,0,5,宏遠-桃園,2024-11-20,1262
2360,致茂,5,0,5,宏遠-桃園,2024-11-20,1262
2368,金像電,5,0,5,宏遠-桃園,2024-11-20,1262
2449,京元電子,5,0,5,宏遠-桃園,2024-11-20,1262
2809,京城銀,5,0,5,宏遠-桃園,2024-11-20,1262
3037,欣興,6,1,5,宏遠-桃園,2024-11-20,1262
3596,智易,5,0,5,宏遠-桃園,2024-11-20,1262
6416,瑞祺電通,6,1,5,宏遠-桃園,2024-11-20,1262
6558,興能高,5,0,5,宏遠-桃園,2024-11-20,1262
8374,羅昇,5,0,5,宏遠-桃園,2024-11-20,1262
2610,華航,12,7,5,宏遠-桃園,2024-11-20,1262
2330,台積電,6,1,5,宏遠-桃園,2024-11-20,1262
2329,華泰,4,0,4,宏遠-桃園,2024-11-20,1262
3481,群創,4,0,4,宏遠-桃園,2024-11-20,1262
3511,矽瑪,16,12,4,宏遠-桃園,2024-11-20,1262
2539,櫻花建,100,0,100,宏遠-桃園,2024-11-21,1262
00937B,群益ESG投等債20,80,10,70,宏遠-桃園,2024-11-21,1262
00948B,中信優息投資級債,50,0,50,宏遠-桃園,2024-11-21,1262
2530,華建,48,0,48,宏遠-桃園,2024-11-21,1262
5213,亞昕,40,0,40,宏遠-桃園,2024-11-21,1262
00951,台新日本半導體,25,0,25,宏遠-桃園,2024-11-21,1262
2609,陽明,40,17,23,宏遠-桃園,2024-11-21,1262
1569,濱川,27,6,21,宏遠-桃園,2024-11-21,1262
00929,復華台灣科技優息,20,0,20,宏遠-桃園,2024-11-21,1262
1727,中華化,20,0,20,宏遠-桃園,2024-11-21,1262
6282,康舒,39,22,17,宏遠-桃園,2024-11-21,1262
8011,台通,17,0,17,宏遠-桃園,2024-11-21,1262
00954,中信日本半導體,15,0,15,宏遠-桃園,2024-11-21,1262
00665L,富邦�琤肭磪囓�2,15,0,15,宏遠-桃園,2024-11-21,1262
00878,國泰永續高股息,15,1,14,宏遠-桃園,2024-11-21,1262
3231,緯創,14,2,12,宏遠-桃園,2024-11-21,1262
4956,光鋐,23,12,11,宏遠-桃園,2024-11-21,1262
00919,群益台灣精選高息,10,0,10,宏遠-桃園,2024-11-21,1262
2399,映泰,10,0,10,宏遠-桃園,2024-11-21,1262
2515,中工,10,0,10,宏遠-桃園,2024-11-21,1262
4562,穎漢,10,0,10,宏遠-桃園,2024-11-21,1262
2476,鉅祥,10,1,9,宏遠-桃園,2024-11-21,1262
6535,順藥,9,0,9,宏遠-桃園,2024-11-21,1262
0050,元大台灣50,9,0,9,宏遠-桃園,2024-11-21,1262
00900,富邦特選高股息30,20,12,8,宏遠-桃園,2024-11-21,1262
2388,威盛,7,0,7,宏遠-桃園,2024-11-21,1262
006208,富邦台50,7,0,7,宏遠-桃園,2024-11-21,1262
9939,宏全,6,0,6,宏遠-桃園,2024-11-21,1262
2882,國泰金,6,0,6,宏遠-桃園,2024-11-21,1262
00638R,元大滬深300反1,6,0,6,宏遠-桃園,2024-11-21,1262
00940,元大台灣價值高息,5,0,5,宏遠-桃園,2024-11-21,1262
1595,川寶,5,0,5,宏遠-桃園,2024-11-21,1262
3338,泰碩,8,3,5,宏遠-桃園,2024-11-21,1262
8155,博智,5,0,5,宏遠-桃園,2024-11-21,1262
8249,菱光,5,0,5,宏遠-桃園,2024-11-21,1262
00713,元大台灣高息低波,5,0,5,宏遠-桃園,2024-11-21,1262
2308,台達電,5,1,4,宏遠-桃園,2024-11-21,1262
00941,中信上游半導體,4,0,4,宏遠-桃園,2024-11-21,1262
3230,錦明,9,5,4,宏遠-桃園,2024-11-21,1262
3680,家登,5,1,4,宏遠-桃園,2024-11-21,1262
6213,聯茂,4,0,4,宏遠-桃園,2024-11-21,1262
8047,星雲,5,1,4,宏遠-桃園,2024-11-21,1262
8104,錸寶,24,20,4,宏遠-桃園,2024-11-21,1262
8374,羅昇,3,0,3,宏遠-桃園,2024-11-21,1262
00637L,元大滬深300正2,3,0,3,宏遠-桃園,2024-11-21,1262
00688L,國泰20年美債正2,3,0,3,宏遠-桃園,2024-11-21,1262
2105,正新,3,0,3,宏遠-桃園,2024-11-21,1262
3003,健和興,3,0,3,宏遠-桃園,2024-11-21,1262
3017,奇鋐,4,1,3,宏遠-桃園,2024-11-21,1262
4958,臻鼎-KY,6,3,3,宏遠-桃園,2024-11-21,1262
9105,泰金寶-DR,286,101,185,宏遠-桃園,2024-11-22,1262
2884,玉山金,102,1,101,宏遠-桃園,2024-11-22,1262
00637L,元大滬深300正2,77,1,76,宏遠-桃園,2024-11-22,1262
00632R,元大台灣50反1,59,0,59,宏遠-桃園,2024-11-22,1262
2605,新興,35,0,35,宏遠-桃園,2024-11-22,1262
00650L,復華香港正2,30,0,30,宏遠-桃園,2024-11-22,1262
00948B,中信優息投資級債,30,0,30,宏遠-桃園,2024-11-22,1262
1307,三芳,23,0,23,宏遠-桃園,2024-11-22,1262
1416,廣豐,22,0,22,宏遠-桃園,2024-11-22,1262
1618,合機,30,8,22,宏遠-桃園,2024-11-22,1262
3379,彬台,20,0,20,宏遠-桃園,2024-11-22,1262
1595,川寶,20,1,19,宏遠-桃園,2024-11-22,1262
00937B,群益ESG投等債20,15,0,15,宏遠-桃園,2024-11-22,1262
3593,力銘,15,0,15,宏遠-桃園,2024-11-22,1262
6558,興能高,21,7,14,宏遠-桃園,2024-11-22,1262
3706,神達,65,55,10,宏遠-桃園,2024-11-22,1262
2889,國票金,10,0,10,宏遠-桃園,2024-11-22,1262
8047,星雲,24,14,10,宏遠-桃園,2024-11-22,1262
8096,擎亞,10,0,10,宏遠-桃園,2024-11-22,1262
2486,一詮,14,5,9,宏遠-桃園,2024-11-22,1262
2356,英業達,9,1,8,宏遠-桃園,2024-11-22,1262
3511,矽瑪,8,0,8,宏遠-桃園,2024-11-22,1262
1536,和大,10,2,8,宏遠-桃園,2024-11-22,1262
3702,大聯大,8,0,8,宏遠-桃園,2024-11-22,1262
00878,國泰永續高股息,6,0,6,宏遠-桃園,2024-11-22,1262
2317,鴻海,9,3,6,宏遠-桃園,2024-11-22,1262
2388,威盛,5,0,5,宏遠-桃園,2024-11-22,1262
00655L,國泰中國A50正2,5,0,5,宏遠-桃園,2024-11-22,1262
1727,中華化,5,0,5,宏遠-桃園,2024-11-22,1262
2329,華泰,5,0,5,宏遠-桃園,2024-11-22,1262
3015,全漢,7,2,5,宏遠-桃園,2024-11-22,1262
3024,憶聲,5,0,5,宏遠-桃園,2024-11-22,1262
3323,加百裕,7,2,5,宏遠-桃園,2024-11-22,1262
0050,元大台灣50,7,2,5,宏遠-桃園,2024-11-22,1262
020034,元大IC設計N,4,0,4,宏遠-桃園,2024-11-22,1262
2367,燿華,5,1,4,宏遠-桃園,2024-11-22,1262
3338,泰碩,5,1,4,宏遠-桃園,2024-11-22,1262
8171,天宇,4,0,4,宏遠-桃園,2024-11-22,1262
8044,網家,8,4,4,宏遠-桃園,2024-11-22,1262
00882,中信中國高股息,3,0,3,宏遠-桃園,2024-11-22,1262
00687B,國泰20年美債,3,0,3,宏遠-桃園,2024-11-22,1262
2312,金寶,42,39,3,宏遠-桃園,2024-11-22,1262
2349,錸德,3,0,3,宏遠-桃園,2024-11-22,1262
2413,環科,4,1,3,宏遠-桃園,2024-11-22,1262
2467,志聖,5,2,3,宏遠-桃園,2024-11-22,1262
3036,文曄,3,0,3,宏遠-桃園,2024-11-22,1262
3515,華擎,3,0,3,宏遠-桃園,2024-11-22,1262
5475,德宏,3,0,3,宏遠-桃園,2024-11-22,1262
6684,安格,5,2,3,宏遠-桃園,2024-11-22,1262
6796,晉弘,3,0,3,宏遠-桃園,2024-11-22,1262
2312,金寶,428,61,367,宏遠-桃園,2024-11-25,1262
2845,遠東銀,150,4,146,宏遠-桃園,2024-11-25,1262
00919,群益台灣精選高息,104,10,94,宏遠-桃園,2024-11-25,1262
8096,擎亞,141,48,93,宏遠-桃園,2024-11-25,1262
00637L,元大滬深300正2,59,4,55,宏遠-桃園,2024-11-25,1262
006208,富邦台50,51,0,51,宏遠-桃園,2024-11-25,1262
00937B,群益ESG投等債20,60,14,46,宏遠-桃園,2024-11-25,1262
1563,巧新,40,0,40,宏遠-桃園,2024-11-25,1262
3694,海華,40,0,40,宏遠-桃園,2024-11-25,1262
3090,日電貿,40,3,37,宏遠-桃園,2024-11-25,1262
5353,台林,35,0,35,宏遠-桃園,2024-11-25,1262
2603,長榮,40,11,29,宏遠-桃園,2024-11-25,1262
3593,力銘,25,0,25,宏遠-桃園,2024-11-25,1262
2404,漢唐,24,0,24,宏遠-桃園,2024-11-25,1262
1611,中電,20,0,20,宏遠-桃園,2024-11-25,1262
2609,陽明,23,8,15,宏遠-桃園,2024-11-25,1262
00638R,元大滬深300反1,14,0,14,宏遠-桃園,2024-11-25,1262
4526,東台,14,0,14,宏遠-桃園,2024-11-25,1262
6763,綠界科技*,14,0,14,宏遠-桃園,2024-11-25,1262
1524,耿鼎,16,3,13,宏遠-桃園,2024-11-25,1262
3511,矽瑪,12,0,12,宏遠-桃園,2024-11-25,1262
00650L,復華香港正2,112,102,10,宏遠-桃園,2024-11-25,1262
00633L,富邦上証正2,10,0,10,宏遠-桃園,2024-11-25,1262
1402,遠東新,10,0,10,宏遠-桃園,2024-11-25,1262
4919,新唐,20,10,10,宏遠-桃園,2024-11-25,1262
6288,聯嘉,13,4,9,宏遠-桃園,2024-11-25,1262
2449,京元電子,9,1,8,宏遠-桃園,2024-11-25,1262
4958,臻鼎-KY,8,0,8,宏遠-桃園,2024-11-25,1262
8047,星雲,10,2,8,宏遠-桃園,2024-11-25,1262
4123,晟德,7,0,7,宏遠-桃園,2024-11-25,1262
00887,永豐中國科技50大,6,0,6,宏遠-桃園,2024-11-25,1262
2371,大同,8,2,6,宏遠-桃園,2024-11-25,1262
3703,欣陸,6,0,6,宏遠-桃園,2024-11-25,1262
00877,復華中國5G,5,0,5,宏遠-桃園,2024-11-25,1262
00900,富邦特選高股息30,5,0,5,宏遠-桃園,2024-11-25,1262
00673R,期元大S＆P原油反1,5,0,5,宏遠-桃園,2024-11-25,1262
2105,正新,5,0,5,宏遠-桃園,2024-11-25,1262
2354,鴻準,16,11,5,宏遠-桃園,2024-11-25,1262
6152,百一,5,0,5,宏遠-桃園,2024-11-25,1262
2349,錸德,4,0,4,宏遠-桃園,2024-11-25,1262
4306,炎洲,4,0,4,宏遠-桃園,2024-11-25,1262
5009,榮剛,4,0,4,宏遠-桃園,2024-11-25,1262
6180,橘子,4,0,4,宏遠-桃園,2024-11-25,1262
6546,正基,4,0,4,宏遠-桃園,2024-11-25,1262
6829,千附精密,4,0,4,宏遠-桃園,2024-11-25,1262
5347,世界,13,10,3,宏遠-桃園,2024-11-25,1262
00936,台新永續高息中小,3,0,3,宏遠-桃園,2024-11-25,1262
00939,統一台灣高息動能,3,0,3,宏遠-桃園,2024-11-25,1262
1589,永冠-KY,3,0,3,宏遠-桃園,2024-11-25,1262
2324,仁寶,5,2,3,宏遠-桃園,2024-11-25,1262
00919,群益台灣精選高息,128,20,108,宏遠-桃園,2024-11-26,1262
9105,泰金寶-DR,76,0,76,宏遠-桃園,2024-11-26,1262
1815,富喬,72,30,42,宏遠-桃園,2024-11-26,1262
8044,網家,41,1,40,宏遠-桃園,2024-11-26,1262
3231,緯創,41,1,40,宏遠-桃園,2024-11-26,1262
3712,永崴投控,45,7,38,宏遠-桃園,2024-11-26,1262
2476,鉅祥,38,1,37,宏遠-桃園,2024-11-26,1262
1536,和大,42,6,36,宏遠-桃園,2024-11-26,1262
2547,日勝生,33,1,32,宏遠-桃園,2024-11-26,1262
6118,建達,31,0,31,宏遠-桃園,2024-11-26,1262
1618,合機,31,0,31,宏遠-桃園,2024-11-26,1262
00951,台新日本半導體,30,0,30,宏遠-桃園,2024-11-26,1262
00680L,元大美債20正2,30,3,27,宏遠-桃園,2024-11-26,1262
4977,眾達-KY,29,2,27,宏遠-桃園,2024-11-26,1262
00954,中信日本半導體,25,0,25,宏遠-桃園,2024-11-26,1262
2317,鴻海,25,4,21,宏遠-桃園,2024-11-26,1262
5880,合庫金,21,0,21,宏遠-桃園,2024-11-26,1262
00887,永豐中國科技50大,20,0,20,宏遠-桃園,2024-11-26,1262
2883B,凱基金乙特,20,0,20,宏遠-桃園,2024-11-26,1262
3390,旭軟,20,0,20,宏遠-桃園,2024-11-26,1262
8047,星雲,30,10,20,宏遠-桃園,2024-11-26,1262
6558,興能高,29,11,18,宏遠-桃園,2024-11-26,1262
2349,錸德,38,24,14,宏遠-桃園,2024-11-26,1262
2383,台光電,14,2,12,宏遠-桃園,2024-11-26,1262
0050,元大台灣50,11,0,11,宏遠-桃園,2024-11-26,1262
6962,ITH-KY,13,2,11,宏遠-桃園,2024-11-26,1262
9904,寶成,11,0,11,宏遠-桃園,2024-11-26,1262
00930,永豐ESG低碳高息,10,0,10,宏遠-桃園,2024-11-26,1262
00638R,元大滬深300反1,10,0,10,宏遠-桃園,2024-11-26,1262
1314,中石化,10,0,10,宏遠-桃園,2024-11-26,1262
5871,中租-KY,25,15,10,宏遠-桃園,2024-11-26,1262
1402,遠東新,9,0,9,宏遠-桃園,2024-11-26,1262
00878,國泰永續高股息,8,0,8,宏遠-桃園,2024-11-26,1262
5443,均豪,8,0,8,宏遠-桃園,2024-11-26,1262
00715L,期街口布蘭特正2,16,9,7,宏遠-桃園,2024-11-26,1262
00965,元大航太防衛科技,7,0,7,宏遠-桃園,2024-11-26,1262
2801,彰銀,7,0,7,宏遠-桃園,2024-11-26,1262
8222,寶一,7,0,7,宏遠-桃園,2024-11-26,1262
00675L,富邦臺灣加權正2,8,2,6,宏遠-桃園,2024-11-26,1262
020034,元大IC設計N,6,0,6,宏遠-桃園,2024-11-26,1262
2368,金像電,6,0,6,宏遠-桃園,2024-11-26,1262
2606,裕民,7,1,6,宏遠-桃園,2024-11-26,1262
2609,陽明,17,11,6,宏遠-桃園,2024-11-26,1262
3105,穩懋,6,0,6,宏遠-桃園,2024-11-26,1262
2887,台新金,6,1,5,宏遠-桃園,2024-11-26,1262
1540,喬福,6,1,5,宏遠-桃園,2024-11-26,1262
2360,致茂,5,0,5,宏遠-桃園,2024-11-26,1262
2367,燿華,5,0,5,宏遠-桃園,2024-11-26,1262
2376,技嘉,5,0,5,宏遠-桃園,2024-11-26,1262
2409,友達,5,0,5,宏遠-桃園,2024-11-26,1262
00919,群益台灣精選高息,226,2,224,宏遠-桃園,2024-11-27,1262
9105,泰金寶-DR,80,5,75,宏遠-桃園,2024-11-27,1262
00878,國泰永續高股息,52,0,52,宏遠-桃園,2024-11-27,1262
2476,鉅祥,47,0,47,宏遠-桃園,2024-11-27,1262
3712,永崴投控,45,2,43,宏遠-桃園,2024-11-27,1262
3231,緯創,44,2,42,宏遠-桃園,2024-11-27,1262
2880,華南金,100,60,40,宏遠-桃園,2024-11-27,1262
4973,廣穎,37,1,36,宏遠-桃園,2024-11-27,1262
6248,沛波,35,0,35,宏遠-桃園,2024-11-27,1262
2303,聯電,60,26,34,宏遠-桃園,2024-11-27,1262
1563,巧新,31,0,31,宏遠-桃園,2024-11-27,1262
1784,訊聯,30,0,30,宏遠-桃園,2024-11-27,1262
2603,長榮,33,3,30,宏遠-桃園,2024-11-27,1262
8047,星雲,30,1,29,宏遠-桃園,2024-11-27,1262
1536,和大,44,15,29,宏遠-桃園,2024-11-27,1262
4991,環宇-KY,61,33,28,宏遠-桃園,2024-11-27,1262
00922,國泰台灣領袖50,26,0,26,宏遠-桃園,2024-11-27,1262
006208,富邦台50,24,0,24,宏遠-桃園,2024-11-27,1262
00952,凱基台灣AI50,24,0,24,宏遠-桃園,2024-11-27,1262
0056,元大高股息,24,1,23,宏遠-桃園,2024-11-27,1262
8046,南電,21,0,21,宏遠-桃園,2024-11-27,1262
00882,中信中國高股息,20,0,20,宏遠-桃園,2024-11-27,1262
1522,堤維西,20,0,20,宏遠-桃園,2024-11-27,1262
2883B,凱基金乙特,20,0,20,宏遠-桃園,2024-11-27,1262
3390,旭軟,20,0,20,宏遠-桃園,2024-11-27,1262
2317,鴻海,27,8,19,宏遠-桃園,2024-11-27,1262
4977,眾達-KY,18,2,16,宏遠-桃園,2024-11-27,1262
9945,潤泰新,16,0,16,宏遠-桃園,2024-11-27,1262
00929,復華台灣科技優息,15,0,15,宏遠-桃園,2024-11-27,1262
00959B,大華投等美債15Y+,15,0,15,宏遠-桃園,2024-11-27,1262
3593,力銘,15,0,15,宏遠-桃園,2024-11-27,1262
6763,綠界科技*,32,17,15,宏遠-桃園,2024-11-27,1262
2392,正崴,17,5,12,宏遠-桃園,2024-11-27,1262
2344,華邦電,11,0,11,宏遠-桃園,2024-11-27,1262
3711,日月光投控,12,1,11,宏遠-桃園,2024-11-27,1262
4306,炎洲,10,0,10,宏遠-桃園,2024-11-27,1262
1314,中石化,10,0,10,宏遠-桃園,2024-11-27,1262
00638R,元大滬深300反1,10,0,10,宏遠-桃園,2024-11-27,1262
3071,協禧,10,0,10,宏遠-桃園,2024-11-27,1262
5880,合庫金,10,0,10,宏遠-桃園,2024-11-27,1262
6191,精成科,10,0,10,宏遠-桃園,2024-11-27,1262
6962,ITH-KY,10,0,10,宏遠-桃園,2024-11-27,1262
8011,台通,10,0,10,宏遠-桃園,2024-11-27,1262
2609,陽明,30,21,9,宏遠-桃園,2024-11-27,1262
2809,京城銀,8,0,8,宏遠-桃園,2024-11-27,1262
2890,永豐金,9,1,8,宏遠-桃園,2024-11-27,1262
6684,安格,8,0,8,宏遠-桃園,2024-11-27,1262
2883,凱基金,7,0,7,宏遠-桃園,2024-11-27,1262
6669,緯穎,6,0,6,宏遠-桃園,2024-11-27,1262
5274,信驊,7,1,6,宏遠-桃園,2024-11-27,1262
2312,金寶,125,35,90,宏遠-桃園,2024-11-28,1262
1815,富喬,112,35,77,宏遠-桃園,2024-11-28,1262
00891,中信關鍵半導體,76,0,76,宏遠-桃園,2024-11-28,1262
00919,群益台灣精選高息,71,0,71,宏遠-桃園,2024-11-28,1262
9105,泰金寶-DR,102,40,62,宏遠-桃園,2024-11-28,1262
2547,日勝生,59,0,59,宏遠-桃園,2024-11-28,1262
1618,合機,54,0,54,宏遠-桃園,2024-11-28,1262
00878,國泰永續高股息,51,0,51,宏遠-桃園,2024-11-28,1262
1536,和大,52,6,46,宏遠-桃園,2024-11-28,1262
006208,富邦台50,29,1,28,宏遠-桃園,2024-11-28,1262
2402,毅嘉,20,0,20,宏遠-桃園,2024-11-28,1262
5351,鈺創,20,0,20,宏遠-桃園,2024-11-28,1262
5880,合庫金,20,0,20,宏遠-桃園,2024-11-28,1262
6133,金橋,20,0,20,宏遠-桃園,2024-11-28,1262
6288,聯嘉,20,0,20,宏遠-桃園,2024-11-28,1262
6763,綠界科技*,20,0,20,宏遠-桃園,2024-11-28,1262
8046,南電,40,20,20,宏遠-桃園,2024-11-28,1262
1595,川寶,20,1,19,宏遠-桃園,2024-11-28,1262
3231,緯創,18,1,17,宏遠-桃園,2024-11-28,1262
00929,復華台灣科技優息,18,2,16,宏遠-桃園,2024-11-28,1262
4977,眾達-KY,22,6,16,宏遠-桃園,2024-11-28,1262
00952,凱基台灣AI50,15,0,15,宏遠-桃園,2024-11-28,1262
3593,力銘,15,0,15,宏遠-桃園,2024-11-28,1262
2645,長榮航太,14,0,14,宏遠-桃園,2024-11-28,1262
00940,元大台灣價值高息,13,0,13,宏遠-桃園,2024-11-28,1262
3715,定穎投控,15,2,13,宏遠-桃園,2024-11-28,1262
4991,環宇-KY,22,10,12,宏遠-桃園,2024-11-28,1262
00638R,元大滬深300反1,12,2,10,宏遠-桃園,2024-11-28,1262
1563,巧新,12,2,10,宏遠-桃園,2024-11-28,1262
2613,中櫃,10,0,10,宏遠-桃園,2024-11-28,1262
4714,永捷,10,0,10,宏遠-桃園,2024-11-28,1262
6152,百一,10,0,10,宏遠-桃園,2024-11-28,1262
8097,常珵,10,0,10,宏遠-桃園,2024-11-28,1262
2204,中華,9,0,9,宏遠-桃園,2024-11-28,1262
6962,ITH-KY,9,0,9,宏遠-桃園,2024-11-28,1262
2332,友訊,35,27,8,宏遠-桃園,2024-11-28,1262
2646,星宇航空,10,2,8,宏遠-桃園,2024-11-28,1262
2070,精湛,45,37,8,宏遠-桃園,2024-11-28,1262
6116,彩晶,8,0,8,宏遠-桃園,2024-11-28,1262
8374,羅昇,11,3,8,宏遠-桃園,2024-11-28,1262
3450,聯鈞,15,7,8,宏遠-桃園,2024-11-28,1262
5871,中租-KY,7,0,7,宏遠-桃園,2024-11-28,1262
2458,義隆,7,0,7,宏遠-桃園,2024-11-28,1262
3356,奇偶,7,0,7,宏遠-桃園,2024-11-28,1262
4161,聿新科,7,0,7,宏遠-桃園,2024-11-28,1262
4916,事欣科,15,8,7,宏遠-桃園,2024-11-28,1262
2834,臺企銀,7,0,7,宏遠-桃園,2024-11-28,1262
0056,元大高股息,6,0,6,宏遠-桃園,2024-11-28,1262
2405,輔信,6,0,6,宏遠-桃園,2024-11-28,1262
6139,亞翔,7,1,6,宏遠-桃園,2024-11-28,1262
1536,和大,70,0,70,宏遠-桃園,2024-11-29,1262
5871,中租-KY,61,0,61,宏遠-桃園,2024-11-29,1262
00919,群益台灣精選高息,83,22,61,宏遠-桃園,2024-11-29,1262
00679B,元大美債20年,100,79,21,宏遠-桃園,2024-11-29,1262
00937B,群益ESG投等債20,20,0,20,宏遠-桃園,2024-11-29,1262
5243,乙盛-KY,20,0,20,宏遠-桃園,2024-11-29,1262
6152,百一,20,0,20,宏遠-桃園,2024-11-29,1262
00638R,元大滬深300反1,16,0,16,宏遠-桃園,2024-11-29,1262
2348,海悅,14,0,14,宏遠-桃園,2024-11-29,1262
00878,國泰永續高股息,19,8,11,宏遠-桃園,2024-11-29,1262
2801,彰銀,41,30,11,宏遠-桃園,2024-11-29,1262
00665L,富邦�琤肭磪囓�2,10,0,10,宏遠-桃園,2024-11-29,1262
1618,合機,30,20,10,宏遠-桃園,2024-11-29,1262
2349,錸德,10,0,10,宏遠-桃園,2024-11-29,1262
2402,毅嘉,10,0,10,宏遠-桃園,2024-11-29,1262
2880,華南金,10,0,10,宏遠-桃園,2024-11-29,1262
3390,旭軟,10,0,10,宏遠-桃園,2024-11-29,1262
4513,福裕,10,0,10,宏遠-桃園,2024-11-29,1262
6191,精成科,10,0,10,宏遠-桃園,2024-11-29,1262
6530,創威,11,1,10,宏遠-桃園,2024-11-29,1262
5880,合庫金,7,0,7,宏遠-桃園,2024-11-29,1262
1611,中電,10,3,7,宏遠-桃園,2024-11-29,1262
2327,國巨,7,0,7,宏遠-桃園,2024-11-29,1262
2881,富邦金,11,4,7,宏遠-桃園,2024-11-29,1262
3231,緯創,11,4,7,宏遠-桃園,2024-11-29,1262
2330,台積電,8,2,6,宏遠-桃園,2024-11-29,1262
3230,錦明,11,5,6,宏遠-桃園,2024-11-29,1262
4991,環宇-KY,50,44,6,宏遠-桃園,2024-11-29,1262
5309,系統電,12,6,6,宏遠-桃園,2024-11-29,1262
6617,共信-KY,6,0,6,宏遠-桃園,2024-11-29,1262
8210,勤誠,6,0,6,宏遠-桃園,2024-11-29,1262
8042,金山電,12,7,5,宏遠-桃園,2024-11-29,1262
00959B,大華投等美債15Y+,10,5,5,宏遠-桃園,2024-11-29,1262
1563,巧新,5,0,5,宏遠-桃園,2024-11-29,1262
2444,兆勁,5,0,5,宏遠-桃園,2024-11-29,1262
3706,神達,116,111,5,宏遠-桃園,2024-11-29,1262
006208,富邦台50,4,0,4,宏遠-桃園,2024-11-29,1262
3665,貿聯-KY,7,3,4,宏遠-桃園,2024-11-29,1262
00650L,復華香港正2,14,10,4,宏遠-桃園,2024-11-29,1262
0056,元大高股息,7,3,4,宏遠-桃園,2024-11-29,1262
1449,佳和,17,13,4,宏遠-桃園,2024-11-29,1262
2211,長榮鋼,7,3,4,宏遠-桃園,2024-11-29,1262
1301,台塑,3,0,3,宏遠-桃園,2024-11-29,1262
00900,富邦特選高股息30,3,0,3,宏遠-桃園,2024-11-29,1262
2883,凱基金,3,0,3,宏遠-桃園,2024-11-29,1262
3580,友威科,3,0,3,宏遠-桃園,2024-11-29,1262
4746,台耀,5,2,3,宏遠-桃園,2024-11-29,1262
6488,環球晶,3,0,3,宏遠-桃園,2024-11-29,1262
8054,安國,3,0,3,宏遠-桃園,2024-11-29,1262
8069,元太,4,1,3,宏遠-桃園,2024-11-29,1262
8047,星雲,131,1,130,宏遠-桃園,2024-12-02,1262
00632R,元大台灣50反1,117,0,117,宏遠-桃園,2024-12-02,1262
2455,全新,65,5,60,宏遠-桃園,2024-12-02,1262
5864,致和證,52,2,50,宏遠-桃園,2024-12-02,1262
2474,可成,50,0,50,宏遠-桃園,2024-12-02,1262
1618,合機,40,0,40,宏遠-桃園,2024-12-02,1262
5284,jpp-KY,35,0,35,宏遠-桃園,2024-12-02,1262
1563,巧新,40,10,30,宏遠-桃園,2024-12-02,1262
6763,綠界科技*,45,15,30,宏遠-桃園,2024-12-02,1262
3550,聯穎,25,0,25,宏遠-桃園,2024-12-02,1262
00918,大華優利高填息30,20,0,20,宏遠-桃園,2024-12-02,1262
3162,精確,19,1,18,宏遠-桃園,2024-12-02,1262
3228,金麗科,13,0,13,宏遠-桃園,2024-12-02,1262
2329,華泰,12,0,12,宏遠-桃園,2024-12-02,1262
5371,中光電,20,8,12,宏遠-桃園,2024-12-02,1262
3231,緯創,11,0,11,宏遠-桃園,2024-12-02,1262
4979,華星光,28,17,11,宏遠-桃園,2024-12-02,1262
00676R,富邦臺灣加權反1,10,0,10,宏遠-桃園,2024-12-02,1262
2476,鉅祥,40,30,10,宏遠-桃園,2024-12-02,1262
2504,國產,10,0,10,宏遠-桃園,2024-12-02,1262
3048,益登,10,0,10,宏遠-桃園,2024-12-02,1262
3062,建漢,11,1,10,宏遠-桃園,2024-12-02,1262
6174,安��,10,0,10,宏遠-桃園,2024-12-02,1262
8059,凱碩,10,0,10,宏遠-桃園,2024-12-02,1262
2313,華通,12,3,9,宏遠-桃園,2024-12-02,1262
2301,光寶科,16,7,9,宏遠-桃園,2024-12-02,1262
4562,穎漢,9,0,9,宏遠-桃園,2024-12-02,1262
3234,光環,8,0,8,宏遠-桃園,2024-12-02,1262
6558,興能高,16,8,8,宏遠-桃園,2024-12-02,1262
0056,元大高股息,8,1,7,宏遠-桃園,2024-12-02,1262
3356,奇偶,7,0,7,宏遠-桃園,2024-12-02,1262
6173,信昌電,7,0,7,宏遠-桃園,2024-12-02,1262
2375,凱美,8,2,6,宏遠-桃園,2024-12-02,1262
2402,毅嘉,6,0,6,宏遠-桃園,2024-12-02,1262
4142,國光生,6,0,6,宏遠-桃園,2024-12-02,1262
4912,聯德控股-KY,6,0,6,宏遠-桃園,2024-12-02,1262
6274,台燿,6,0,6,宏遠-桃園,2024-12-02,1262
6649,台生材,6,0,6,宏遠-桃園,2024-12-02,1262
6937,天虹,6,0,6,宏遠-桃園,2024-12-02,1262
00665L,富邦�琤肭磪囓�2,125,120,5,宏遠-桃園,2024-12-02,1262
1519,華城,6,1,5,宏遠-桃園,2024-12-02,1262
2834,臺企銀,5,0,5,宏遠-桃園,2024-12-02,1262
3443,創意,5,0,5,宏遠-桃園,2024-12-02,1262
8374,羅昇,7,2,5,宏遠-桃園,2024-12-02,1262
00715L,期街口布蘭特正2,4,0,4,宏遠-桃園,2024-12-02,1262
00650L,復華香港正2,20,16,4,宏遠-桃園,2024-12-02,1262
3230,錦明,5,1,4,宏遠-桃園,2024-12-02,1262
3664,安瑞-KY,4,0,4,宏遠-桃園,2024-12-02,1262
3712,永崴投控,4,0,4,宏遠-桃園,2024-12-02,1262
6416,瑞祺電通,4,0,4,宏遠-桃園,2024-12-02,1262
5864,致和證,104,2,102,宏遠-桃園,2024-12-03,1262
00900,富邦特選高股息30,71,10,61,宏遠-桃園,2024-12-03,1262
1536,和大,124,69,55,宏遠-桃園,2024-12-03,1262
1618,合機,53,8,45,宏遠-桃園,2024-12-03,1262
5284,jpp-KY,45,0,45,宏遠-桃園,2024-12-03,1262
00919,群益台灣精選高息,443,400,43,宏遠-桃園,2024-12-03,1262
4991,環宇-KY,43,1,42,宏遠-桃園,2024-12-03,1262
5907,大洋-KY,40,0,40,宏遠-桃園,2024-12-03,1262
6152,百一,40,0,40,宏遠-桃園,2024-12-03,1262
6269,台郡,40,0,40,宏遠-桃園,2024-12-03,1262
00632R,元大台灣50反1,38,0,38,宏遠-桃園,2024-12-03,1262
3625,西勝,29,0,29,宏遠-桃園,2024-12-03,1262
00687B,國泰20年美債,31,4,27,宏遠-桃園,2024-12-03,1262
00952,凱基台灣AI50,46,20,26,宏遠-桃園,2024-12-03,1262
5439,高技,43,19,24,宏遠-桃園,2024-12-03,1262
2385,群光,38,15,23,宏遠-桃園,2024-12-03,1262
2204,中華,22,0,22,宏遠-桃園,2024-12-03,1262
00918,大華優利高填息30,51,30,21,宏遠-桃園,2024-12-03,1262
5009,榮剛,21,1,20,宏遠-桃園,2024-12-03,1262
8467,波力-KY,17,0,17,宏遠-桃園,2024-12-03,1262
0050,元大台灣50,16,0,16,宏遠-桃園,2024-12-03,1262
00641R,富邦日本反1,16,0,16,宏遠-桃園,2024-12-03,1262
6191,精成科,15,0,15,宏遠-桃園,2024-12-03,1262
3511,矽瑪,14,0,14,宏遠-桃園,2024-12-03,1262
00878,國泰永續高股息,13,0,13,宏遠-桃園,2024-12-03,1262
1563,巧新,29,16,13,宏遠-桃園,2024-12-03,1262
2014,中鴻,12,0,12,宏遠-桃園,2024-12-03,1262
006208,富邦台50,11,0,11,宏遠-桃園,2024-12-03,1262
00885,富邦越南,11,0,11,宏遠-桃園,2024-12-03,1262
8044,網家,11,0,11,宏遠-桃園,2024-12-03,1262
00953B,群益優選非投等債,10,0,10,宏遠-桃園,2024-12-03,1262
2495,普安,10,0,10,宏遠-桃園,2024-12-03,1262
2801,彰銀,10,0,10,宏遠-桃園,2024-12-03,1262
4121,優盛,10,0,10,宏遠-桃園,2024-12-03,1262
0056,元大高股息,9,1,8,宏遠-桃園,2024-12-03,1262
1326,台化,9,1,8,宏遠-桃園,2024-12-03,1262
5210,寶碩,8,0,8,宏遠-桃園,2024-12-03,1262
00715L,期街口布蘭特正2,14,7,7,宏遠-桃園,2024-12-03,1262
6649,台生材,7,0,7,宏遠-桃園,2024-12-03,1262
3450,聯鈞,21,15,6,宏遠-桃園,2024-12-03,1262
4979,華星光,22,16,6,宏遠-桃園,2024-12-03,1262
2344,華邦電,5,0,5,宏遠-桃園,2024-12-03,1262
2360,致茂,5,0,5,宏遠-桃園,2024-12-03,1262
3045,台灣大,5,0,5,宏遠-桃園,2024-12-03,1262
4510,高鋒,6,1,5,宏遠-桃園,2024-12-03,1262
6962,ITH-KY,5,0,5,宏遠-桃園,2024-12-03,1262
8096,擎亞,30,25,5,宏遠-桃園,2024-12-03,1262
8097,常珵,5,0,5,宏遠-桃園,2024-12-03,1262
8996,高力,7,2,5,宏遠-桃園,2024-12-03,1262
2375,凱美,8,4,4,宏遠-桃園,2024-12-03,1262
00953B,群益優選非投等債,250,0,250,宏遠-桃園,2024-12-04,1262
00945B,凱基美國非投等債,188,20,168,宏遠-桃園,2024-12-04,1262
8096,擎亞,86,29,57,宏遠-桃園,2024-12-04,1262
9105,泰金寶-DR,67,11,56,宏遠-桃園,2024-12-04,1262
2836,高雄銀,50,0,50,宏遠-桃園,2024-12-04,1262
2845,遠東銀,50,0,50,宏遠-桃園,2024-12-04,1262
00679B,元大美債20年,51,3,48,宏遠-桃園,2024-12-04,1262
00687B,國泰20年美債,46,0,46,宏遠-桃園,2024-12-04,1262
2375,凱美,36,12,24,宏遠-桃園,2024-12-04,1262
00918,大華優利高填息30,21,0,21,宏遠-桃園,2024-12-04,1262
5426,振發,21,0,21,宏遠-桃園,2024-12-04,1262
1802,台玻,32,12,20,宏遠-桃園,2024-12-04,1262
2385,群光,20,0,20,宏遠-桃園,2024-12-04,1262
6229,研通,20,2,18,宏遠-桃園,2024-12-04,1262
00949,復華日本龍頭,17,2,15,宏遠-桃園,2024-12-04,1262
4912,聯德控股-KY,15,0,15,宏遠-桃園,2024-12-04,1262
2317,鴻海,21,7,14,宏遠-桃園,2024-12-04,1262
1784,訊聯,13,0,13,宏遠-桃園,2024-12-04,1262
00885,富邦越南,12,0,12,宏遠-桃園,2024-12-04,1262
00919,群益台灣精選高息,13,1,12,宏遠-桃園,2024-12-04,1262
2367,燿華,11,0,11,宏遠-桃園,2024-12-04,1262
6937,天虹,15,4,11,宏遠-桃園,2024-12-04,1262
4979,華星光,18,8,10,宏遠-桃園,2024-12-04,1262
00662,富邦NASDAQ,10,0,10,宏遠-桃園,2024-12-04,1262
00900,富邦特選高股息30,10,0,10,宏遠-桃園,2024-12-04,1262
1563,巧新,10,0,10,宏遠-桃園,2024-12-04,1262
4510,高鋒,10,0,10,宏遠-桃園,2024-12-04,1262
4973,廣穎,10,0,10,宏遠-桃園,2024-12-04,1262
3664,安瑞-KY,9,0,9,宏遠-桃園,2024-12-04,1262
00965,元大航太防衛科技,8,0,8,宏遠-桃園,2024-12-04,1262
1536,和大,13,6,7,宏遠-桃園,2024-12-04,1262
00915,凱基優選高股息30,6,0,6,宏遠-桃園,2024-12-04,1262
1301,台塑,6,0,6,宏遠-桃園,2024-12-04,1262
2885,元大金,6,0,6,宏遠-桃園,2024-12-04,1262
4991,環宇-KY,55,49,6,宏遠-桃園,2024-12-04,1262
2547,日勝生,5,0,5,宏遠-桃園,2024-12-04,1262
3260,威剛,5,0,5,宏遠-桃園,2024-12-04,1262
3380,明泰,6,1,5,宏遠-桃園,2024-12-04,1262
2891,中信金,4,0,4,宏遠-桃園,2024-12-04,1262
00907,永豐優息存股,4,0,4,宏遠-桃園,2024-12-04,1262
2880,華南金,4,0,4,宏遠-桃園,2024-12-04,1262
3037,欣興,4,0,4,宏遠-桃園,2024-12-04,1262
3706,神達,73,69,4,宏遠-桃園,2024-12-04,1262
0056,元大高股息,3,0,3,宏遠-桃園,2024-12-04,1262
3324,雙鴻,4,1,3,宏遠-桃園,2024-12-04,1262
00646,元大S＆P500,3,0,3,宏遠-桃園,2024-12-04,1262
1582,信錦,9,6,3,宏遠-桃園,2024-12-04,1262
2492,華新科,6,3,3,宏遠-桃園,2024-12-04,1262
3015,全漢,12,9,3,宏遠-桃園,2024-12-04,1262
3703,欣陸,3,0,3,宏遠-桃園,2024-12-04,1262
00953B,群益優選非投等債,345,0,345,宏遠-桃園,2024-12-05,1262
2476,鉅祥,61,1,60,宏遠-桃園,2024-12-05,1262
2367,燿華,52,0,52,宏遠-桃園,2024-12-05,1262
2845,遠東銀,50,0,50,宏遠-桃園,2024-12-05,1262
2375,凱美,53,5,48,宏遠-桃園,2024-12-05,1262
2427,三商電,50,8,42,宏遠-桃園,2024-12-05,1262
1727,中華化,31,1,30,宏遠-桃園,2024-12-05,1262
2303,聯電,52,31,21,宏遠-桃園,2024-12-05,1262
2485,兆赫,20,0,20,宏遠-桃園,2024-12-05,1262
3540,曜越,21,1,20,宏遠-桃園,2024-12-05,1262
00650L,復華香港正2,118,100,18,宏遠-桃園,2024-12-05,1262
2466,冠西電,15,0,15,宏遠-桃園,2024-12-05,1262
2480,敦陽科,15,1,14,宏遠-桃園,2024-12-05,1262
00715L,期街口布蘭特正2,15,1,14,宏遠-桃園,2024-12-05,1262
4927,泰鼎-KY,12,0,12,宏遠-桃園,2024-12-05,1262
5880,合庫金,12,0,12,宏遠-桃園,2024-12-05,1262
00637L,元大滬深300正2,13,2,11,宏遠-桃園,2024-12-05,1262
3062,建漢,21,10,11,宏遠-桃園,2024-12-05,1262
00885,富邦越南,10,0,10,宏遠-桃園,2024-12-05,1262
3041,揚智,10,0,10,宏遠-桃園,2024-12-05,1262
6127,九豪,12,2,10,宏遠-桃園,2024-12-05,1262
6152,百一,10,0,10,宏遠-桃園,2024-12-05,1262
2317,鴻海,13,4,9,宏遠-桃園,2024-12-05,1262
2419,仲琦,10,1,9,宏遠-桃園,2024-12-05,1262
2436,偉詮電,10,1,9,宏遠-桃園,2024-12-05,1262
6962,ITH-KY,11,2,9,宏遠-桃園,2024-12-05,1262
5328,華容,33,25,8,宏遠-桃園,2024-12-05,1262
6937,天虹,14,6,8,宏遠-桃園,2024-12-05,1262
3037,欣興,7,0,7,宏遠-桃園,2024-12-05,1262
6174,安��,9,2,7,宏遠-桃園,2024-12-05,1262
2609,陽明,13,7,6,宏遠-桃園,2024-12-05,1262
2603,長榮,6,0,6,宏遠-桃園,2024-12-05,1262
2832,台產,6,0,6,宏遠-桃園,2024-12-05,1262
6229,研通,6,0,6,宏遠-桃園,2024-12-05,1262
1611,中電,6,0,6,宏遠-桃園,2024-12-05,1262
00955,中信日本商社,5,0,5,宏遠-桃園,2024-12-05,1262
00899,FT潔淨能源,5,0,5,宏遠-桃園,2024-12-05,1262
2889,國票金,5,0,5,宏遠-桃園,2024-12-05,1262
3167,大量,5,0,5,宏遠-桃園,2024-12-05,1262
3615,安可,5,0,5,宏遠-桃園,2024-12-05,1262
3664,安瑞-KY,5,0,5,宏遠-桃園,2024-12-05,1262
9905,大華,5,0,5,宏遠-桃園,2024-12-05,1262
00638R,元大滬深300反1,4,0,4,宏遠-桃園,2024-12-05,1262
2455,全新,4,0,4,宏遠-桃園,2024-12-05,1262
2538,基泰,4,0,4,宏遠-桃園,2024-12-05,1262
2542,興富發,4,0,4,宏遠-桃園,2024-12-05,1262
3189,景碩,6,2,4,宏遠-桃園,2024-12-05,1262
3323,加百裕,9,5,4,宏遠-桃園,2024-12-05,1262
3481,群創,119,115,4,宏遠-桃園,2024-12-05,1262
6649,台生材,4,0,4,宏遠-桃園,2024-12-05,1262
1612,宏泰,91,0,91,宏遠-桃園,2024-12-06,1262
1605,華新,41,1,40,宏遠-桃園,2024-12-06,1262
8096,擎亞,50,10,40,宏遠-桃園,2024-12-06,1262
2610,華航,37,0,37,宏遠-桃園,2024-12-06,1262
2354,鴻準,50,17,33,宏遠-桃園,2024-12-06,1262
5864,致和證,30,0,30,宏遠-桃園,2024-12-06,1262
8069,元太,31,1,30,宏遠-桃園,2024-12-06,1262
5880,合庫金,23,0,23,宏遠-桃園,2024-12-06,1262
3548,兆利,24,2,22,宏遠-桃園,2024-12-06,1262
2367,燿華,34,12,22,宏遠-桃園,2024-12-06,1262
1522,堤維西,20,0,20,宏遠-桃園,2024-12-06,1262
5426,振發,20,0,20,宏遠-桃園,2024-12-06,1262
1785,光洋科,70,50,20,宏遠-桃園,2024-12-06,1262
2476,鉅祥,21,2,19,宏遠-桃園,2024-12-06,1262
1342,八貫,17,0,17,宏遠-桃園,2024-12-06,1262
3593,力銘,14,0,14,宏遠-桃園,2024-12-06,1262
00954,中信日本半導體,13,0,13,宏遠-桃園,2024-12-06,1262
2419,仲琦,11,0,11,宏遠-桃園,2024-12-06,1262
6684,安格,12,2,10,宏遠-桃園,2024-12-06,1262
00951,台新日本半導體,9,0,9,宏遠-桃園,2024-12-06,1262
1618,合機,9,0,9,宏遠-桃園,2024-12-06,1262
2421,建準,9,0,9,宏遠-桃園,2024-12-06,1262
6414,樺漢,12,3,9,宏遠-桃園,2024-12-06,1262
1815,富喬,21,13,8,宏遠-桃園,2024-12-06,1262
2301,光寶科,19,11,8,宏遠-桃園,2024-12-06,1262
4510,高鋒,10,2,8,宏遠-桃園,2024-12-06,1262
4746,台耀,8,0,8,宏遠-桃園,2024-12-06,1262
6229,研通,9,1,8,宏遠-桃園,2024-12-06,1262
00965,元大航太防衛科技,7,0,7,宏遠-桃園,2024-12-06,1262
2204,中華,7,0,7,宏遠-桃園,2024-12-06,1262
2889,國票金,7,0,7,宏遠-桃園,2024-12-06,1262
6187,萬潤,8,1,7,宏遠-桃園,2024-12-06,1262
3202,樺晟,6,0,6,宏遠-桃園,2024-12-06,1262
5371,中光電,8,2,6,宏遠-桃園,2024-12-06,1262
00915,凱基優選高股息30,5,0,5,宏遠-桃園,2024-12-06,1262
00924,復華S＆P500成長,5,0,5,宏遠-桃園,2024-12-06,1262
2312,金寶,5,0,5,宏遠-桃園,2024-12-06,1262
2449,京元電子,6,1,5,宏遠-桃園,2024-12-06,1262
2615,萬海,5,0,5,宏遠-桃園,2024-12-06,1262
2832,台產,5,0,5,宏遠-桃園,2024-12-06,1262
2891,中信金,5,0,5,宏遠-桃園,2024-12-06,1262
3537,堡達,5,0,5,宏遠-桃園,2024-12-06,1262
4306,炎洲,5,0,5,宏遠-桃園,2024-12-06,1262
4919,新唐,15,10,5,宏遠-桃園,2024-12-06,1262
6426,統新,39,34,5,宏遠-桃園,2024-12-06,1262
6588,東典光電,5,0,5,宏遠-桃園,2024-12-06,1262
8097,常珵,6,1,5,宏遠-桃園,2024-12-06,1262
00715L,期街口布蘭特正2,7,2,5,宏遠-桃園,2024-12-06,1262
00939,統一台灣高息動能,4,0,4,宏遠-桃園,2024-12-06,1262
00926,凱基全球菁英55,4,0,4,宏遠-桃園,2024-12-06,1262
00953B,群益優選非投等債,320,0,320,宏遠-桃園,2024-12-09,1262
5244,弘凱,199,0,199,宏遠-桃園,2024-12-09,1262
00937B,群益ESG投等債20,122,5,117,宏遠-桃園,2024-12-09,1262
00715L,期街口布蘭特正2,46,5,41,宏遠-桃園,2024-12-09,1262
5864,致和證,33,0,33,宏遠-桃園,2024-12-09,1262
2419,仲琦,30,0,30,宏遠-桃園,2024-12-09,1262
6133,金橋,30,0,30,宏遠-桃園,2024-12-09,1262
3484,崧騰,30,2,28,宏遠-桃園,2024-12-09,1262
0056,元大高股息,27,0,27,宏遠-桃園,2024-12-09,1262
8421,旭源,27,0,27,宏遠-桃園,2024-12-09,1262
4977,眾達-KY,39,13,26,宏遠-桃園,2024-12-09,1262
6191,精成科,24,0,24,宏遠-桃園,2024-12-09,1262
3706,神達,99,78,21,宏遠-桃園,2024-12-09,1262
2317,鴻海,48,28,20,宏遠-桃園,2024-12-09,1262
1522,堤維西,21,1,20,宏遠-桃園,2024-12-09,1262
00887,永豐中國科技50大,20,1,19,宏遠-桃園,2024-12-09,1262
3056,富華新,19,0,19,宏遠-桃園,2024-12-09,1262
8121,越峰,18,0,18,宏遠-桃園,2024-12-09,1262
00878,國泰永續高股息,17,0,17,宏遠-桃園,2024-12-09,1262
6116,彩晶,16,0,16,宏遠-桃園,2024-12-09,1262
1815,富喬,27,12,15,宏遠-桃園,2024-12-09,1262
3231,緯創,12,0,12,宏遠-桃園,2024-12-09,1262
4510,高鋒,26,15,11,宏遠-桃園,2024-12-09,1262
4906,正文,10,0,10,宏遠-桃園,2024-12-09,1262
00962,台新AI優息動能,10,0,10,宏遠-桃園,2024-12-09,1262
00955,中信日本商社,10,0,10,宏遠-桃園,2024-12-09,1262
3048,益登,10,0,10,宏遠-桃園,2024-12-09,1262
5426,振發,10,0,10,宏遠-桃園,2024-12-09,1262
6229,研通,10,0,10,宏遠-桃園,2024-12-09,1262
6752,叡揚,10,0,10,宏遠-桃園,2024-12-09,1262
2014,中鴻,10,1,9,宏遠-桃園,2024-12-09,1262
2891,中信金,10,2,8,宏遠-桃園,2024-12-09,1262
2345,智邦,9,2,7,宏遠-桃園,2024-12-09,1262
2402,毅嘉,8,1,7,宏遠-桃園,2024-12-09,1262
5880,合庫金,7,0,7,宏遠-桃園,2024-12-09,1262
00915,凱基優選高股息30,7,0,7,宏遠-桃園,2024-12-09,1262
4931,新盛力,18,12,6,宏遠-桃園,2024-12-09,1262
6443,元晶,8,2,6,宏遠-桃園,2024-12-09,1262
3593,力銘,6,0,6,宏遠-桃園,2024-12-09,1262
00900,富邦特選高股息30,5,0,5,宏遠-桃園,2024-12-09,1262
00637L,元大滬深300正2,78,73,5,宏遠-桃園,2024-12-09,1262
00650L,復華香港正2,11,6,5,宏遠-桃園,2024-12-09,1262
00642U,期元大S＆P石油,5,0,5,宏遠-桃園,2024-12-09,1262
00665L,富邦�琤肭磪囓�2,5,0,5,宏遠-桃園,2024-12-09,1262
00947,台新臺灣IC設計,5,0,5,宏遠-桃園,2024-12-09,1262
2388,威盛,5,0,5,宏遠-桃園,2024-12-09,1262
2409,友達,5,0,5,宏遠-桃園,2024-12-09,1262
2633,台灣高鐵,5,0,5,宏遠-桃園,2024-12-09,1262
2834,臺企銀,5,0,5,宏遠-桃園,2024-12-09,1262
3090,日電貿,7,2,5,宏遠-桃園,2024-12-09,1262
00753L,中信中國50正2,110,0,110,宏遠-桃園,2024-12-10,1262
00953B,群益優選非投等債,101,0,101,宏遠-桃園,2024-12-10,1262
00937B,群益ESG投等債20,72,0,72,宏遠-桃園,2024-12-10,1262
2367,燿華,59,0,59,宏遠-桃園,2024-12-10,1262
5244,弘凱,56,0,56,宏遠-桃園,2024-12-10,1262
2542,興富發,50,0,50,宏遠-桃園,2024-12-10,1262
00919,群益台灣精選高息,35,0,35,宏遠-桃園,2024-12-10,1262
2610,華航,31,0,31,宏遠-桃園,2024-12-10,1262
00918,大華優利高填息30,27,0,27,宏遠-桃園,2024-12-10,1262
00900,富邦特選高股息30,25,0,25,宏遠-桃園,2024-12-10,1262
1618,合機,24,0,24,宏遠-桃園,2024-12-10,1262
2317,鴻海,28,4,24,宏遠-桃園,2024-12-10,1262
4991,環宇-KY,23,1,22,宏遠-桃園,2024-12-10,1262
00680L,元大美債20正2,18,0,18,宏遠-桃園,2024-12-10,1262
3706,神達,106,90,16,宏遠-桃園,2024-12-10,1262
2476,鉅祥,15,0,15,宏遠-桃園,2024-12-10,1262
5531,鄉林,15,0,15,宏遠-桃園,2024-12-10,1262
2609,陽明,14,2,12,宏遠-桃園,2024-12-10,1262
00952,凱基台灣AI50,12,0,12,宏遠-桃園,2024-12-10,1262
2344,華邦電,12,0,12,宏遠-桃園,2024-12-10,1262
3231,緯創,12,0,12,宏遠-桃園,2024-12-10,1262
6426,統新,12,0,12,宏遠-桃園,2024-12-10,1262
6425,易發,11,0,11,宏遠-桃園,2024-12-10,1262
00637L,元大滬深300正2,93,83,10,宏遠-桃園,2024-12-10,1262
1522,堤維西,10,0,10,宏遠-桃園,2024-12-10,1262
2891,中信金,10,0,10,宏遠-桃園,2024-12-10,1262
3548,兆利,13,3,10,宏遠-桃園,2024-12-10,1262
6116,彩晶,10,0,10,宏遠-桃園,2024-12-10,1262
6180,橘子,10,0,10,宏遠-桃園,2024-12-10,1262
6589,台康生技,10,0,10,宏遠-桃園,2024-12-10,1262
8112,至上,15,5,10,宏遠-桃園,2024-12-10,1262
9904,寶成,10,0,10,宏遠-桃園,2024-12-10,1262
00967B,元大優息美債,9,0,9,宏遠-桃園,2024-12-10,1262
5880,合庫金,9,0,9,宏遠-桃園,2024-12-10,1262
0056,元大高股息,8,0,8,宏遠-桃園,2024-12-10,1262
8069,元太,8,0,8,宏遠-桃園,2024-12-10,1262
00725B,國泰投資級公司債,6,0,6,宏遠-桃園,2024-12-10,1262
2301,光寶科,6,0,6,宏遠-桃園,2024-12-10,1262
8111,立��,7,1,6,宏遠-桃園,2024-12-10,1262
0052,富邦科技,5,0,5,宏遠-桃園,2024-12-10,1262
00662,富邦NASDAQ,5,0,5,宏遠-桃園,2024-12-10,1262
00948B,中信優息投資級債,5,0,5,宏遠-桃園,2024-12-10,1262
2360,致茂,5,0,5,宏遠-桃園,2024-12-10,1262
2530,華建,5,0,5,宏遠-桃園,2024-12-10,1262
2606,裕民,5,0,5,宏遠-桃園,2024-12-10,1262
2820,華票,5,0,5,宏遠-桃園,2024-12-10,1262
2834,臺企銀,5,0,5,宏遠-桃園,2024-12-10,1262
3062,建漢,5,0,5,宏遠-桃園,2024-12-10,1262
3484,崧騰,5,0,5,宏遠-桃園,2024-12-10,1262
6591,動力-KY,15,10,5,宏遠-桃園,2024-12-10,1262
00919,群益台灣精選高息,238,0,238,宏遠-桃園,2024-12-11,1262
9105,泰金寶-DR,198,2,196,宏遠-桃園,2024-12-11,1262
6152,百一,80,0,80,宏遠-桃園,2024-12-11,1262
5284,jpp-KY,73,0,73,宏遠-桃園,2024-12-11,1262
00953B,群益優選非投等債,52,0,52,宏遠-桃園,2024-12-11,1262
1595,川寶,61,11,50,宏遠-桃園,2024-12-11,1262
00918,大華優利高填息30,36,0,36,宏遠-桃園,2024-12-11,1262
1314,中石化,30,0,30,宏遠-桃園,2024-12-11,1262
3024,憶聲,22,0,22,宏遠-桃園,2024-12-11,1262
6191,精成科,22,0,22,宏遠-桃園,2024-12-11,1262
2845,遠東銀,20,0,20,宏遠-桃園,2024-12-11,1262
4417,金洲,20,0,20,宏遠-桃園,2024-12-11,1262
6470,宇智,41,21,20,宏遠-桃園,2024-12-11,1262
8047,星雲,20,0,20,宏遠-桃園,2024-12-11,1262
8059,凱碩,20,0,20,宏遠-桃園,2024-12-11,1262
00937B,群益ESG投等債20,19,0,19,宏遠-桃園,2024-12-11,1262
1815,富喬,34,15,19,宏遠-桃園,2024-12-11,1262
2412,中華電,19,0,19,宏遠-桃園,2024-12-11,1262
6742,澤米,18,0,18,宏遠-桃園,2024-12-11,1262
3706,神達,89,74,15,宏遠-桃園,2024-12-11,1262
0056,元大高股息,14,0,14,宏遠-桃園,2024-12-11,1262
3447,展達,14,0,14,宏遠-桃園,2024-12-11,1262
00926,凱基全球菁英55,11,0,11,宏遠-桃園,2024-12-11,1262
5880,合庫金,12,1,11,宏遠-桃園,2024-12-11,1262
006208,富邦台50,10,0,10,宏遠-桃園,2024-12-11,1262
00713,元大台灣高息低波,10,0,10,宏遠-桃園,2024-12-11,1262
00900,富邦特選高股息30,10,0,10,宏遠-桃園,2024-12-11,1262
1312,國喬,10,0,10,宏遠-桃園,2024-12-11,1262
2426,鼎元,10,0,10,宏遠-桃園,2024-12-11,1262
2892,第一金,10,0,10,宏遠-桃園,2024-12-11,1262
3010,華立,10,0,10,宏遠-桃園,2024-12-11,1262
4916,事欣科,13,3,10,宏遠-桃園,2024-12-11,1262
4991,環宇-KY,10,0,10,宏遠-桃園,2024-12-11,1262
6215,和椿,10,0,10,宏遠-桃園,2024-12-11,1262
6220,岳豐,10,0,10,宏遠-桃園,2024-12-11,1262
2726,雅茗-KY,9,0,9,宏遠-桃園,2024-12-11,1262
6187,萬潤,9,0,9,宏遠-桃園,2024-12-11,1262
6763,綠界科技*,10,1,9,宏遠-桃園,2024-12-11,1262
8054,安國,25,16,9,宏遠-桃園,2024-12-11,1262
4960,誠美材,8,0,8,宏遠-桃園,2024-12-11,1262
6173,信昌電,8,0,8,宏遠-桃園,2024-12-11,1262
2382,廣達,8,1,7,宏遠-桃園,2024-12-11,1262
4533,協易機,11,4,7,宏遠-桃園,2024-12-11,1262
6229,研通,7,0,7,宏遠-桃園,2024-12-11,1262
2401,凌陽,6,0,6,宏遠-桃園,2024-12-11,1262
3189,景碩,10,4,6,宏遠-桃園,2024-12-11,1262
3413,京鼎,6,0,6,宏遠-桃園,2024-12-11,1262
2388,威盛,12,6,6,宏遠-桃園,2024-12-11,1262
2385,群光,8,3,5,宏遠-桃園,2024-12-11,1262
00952,凱基台灣AI50,5,0,5,宏遠-桃園,2024-12-11,1262
00937B,群益ESG投等債20,71,0,71,宏遠-桃園,2024-12-12,1262
6152,百一,52,0,52,宏遠-桃園,2024-12-12,1262
1524,耿鼎,60,15,45,宏遠-桃園,2024-12-12,1262
6133,金橋,40,0,40,宏遠-桃園,2024-12-12,1262
00687B,國泰20年美債,41,2,39,宏遠-桃園,2024-12-12,1262
5272,笙科,35,0,35,宏遠-桃園,2024-12-12,1262
2476,鉅祥,31,0,31,宏遠-桃園,2024-12-12,1262
4977,眾達-KY,35,5,30,宏遠-桃園,2024-12-12,1262
6215,和椿,40,16,24,宏遠-桃園,2024-12-12,1262
00679B,元大美債20年,39,15,24,宏遠-桃園,2024-12-12,1262
2520,冠德,24,0,24,宏遠-桃園,2024-12-12,1262
00680L,元大美債20正2,23,0,23,宏遠-桃園,2024-12-12,1262
6229,研通,21,0,21,宏遠-桃園,2024-12-12,1262
2208,台船,20,0,20,宏遠-桃園,2024-12-12,1262
2415,錩新,20,0,20,宏遠-桃園,2024-12-12,1262
6763,綠界科技*,24,4,20,宏遠-桃園,2024-12-12,1262
3709,鑫聯大投控,40,21,19,宏遠-桃園,2024-12-12,1262
4576,大銀微系統,16,0,16,宏遠-桃園,2024-12-12,1262
00948B,中信優息投資級債,15,0,15,宏遠-桃園,2024-12-12,1262
00757,統一FANG+,25,10,15,宏遠-桃園,2024-12-12,1262
3149,正達,15,0,15,宏遠-桃園,2024-12-12,1262
3217,優群,15,0,15,宏遠-桃園,2024-12-12,1262
6191,精成科,12,0,12,宏遠-桃園,2024-12-12,1262
00632R,元大台灣50反1,13,2,11,宏遠-桃園,2024-12-12,1262
6166,凌華,11,0,11,宏遠-桃園,2024-12-12,1262
00915,凱基優選高股息30,10,0,10,宏遠-桃園,2024-12-12,1262
00764B,群益25年美債,10,0,10,宏遠-桃園,2024-12-12,1262
1784,訊聯,10,0,10,宏遠-桃園,2024-12-12,1262
2485,兆赫,10,0,10,宏遠-桃園,2024-12-12,1262
3581,博磊,10,0,10,宏遠-桃園,2024-12-12,1262
4306,炎洲,10,0,10,宏遠-桃園,2024-12-12,1262
5880,合庫金,10,0,10,宏遠-桃園,2024-12-12,1262
8069,元太,13,3,10,宏遠-桃園,2024-12-12,1262
2317,鴻海,12,2,10,宏遠-桃園,2024-12-12,1262
00918,大華優利高填息30,9,0,9,宏遠-桃園,2024-12-12,1262
3594,磐儀,9,0,9,宏遠-桃園,2024-12-12,1262
3024,憶聲,10,2,8,宏遠-桃園,2024-12-12,1262
3029,零壹,8,0,8,宏遠-桃園,2024-12-12,1262
3593,力銘,8,0,8,宏遠-桃園,2024-12-12,1262
4991,環宇-KY,9,1,8,宏遠-桃園,2024-12-12,1262
6684,安格,8,0,8,宏遠-桃園,2024-12-12,1262
1514,亞力,9,2,7,宏遠-桃園,2024-12-12,1262
2515,中工,7,0,7,宏遠-桃園,2024-12-12,1262
6589,台康生技,7,0,7,宏遠-桃園,2024-12-12,1262
5274,信驊,13,7,6,宏遠-桃園,2024-12-12,1262
1618,合機,6,0,6,宏遠-桃園,2024-12-12,1262
00673R,期元大S＆P原油反1,5,0,5,宏遠-桃園,2024-12-12,1262
3665,貿聯-KY,5,0,5,宏遠-桃園,2024-12-12,1262
4142,國光生,5,0,5,宏遠-桃園,2024-12-12,1262
4933,友輝,5,0,5,宏遠-桃園,2024-12-12,1262
00919,群益台灣精選高息,317,0,317,宏遠-桃園,2024-12-13,1262
00687B,國泰20年美債,311,0,311,宏遠-桃園,2024-12-13,1262
6649,台生材,76,0,76,宏遠-桃園,2024-12-13,1262
4540,全球傳動,143,94,49,宏遠-桃園,2024-12-13,1262
3706,神達,109,61,48,宏遠-桃園,2024-12-13,1262
2317,鴻海,45,6,39,宏遠-桃園,2024-12-13,1262
00637L,元大滬深300正2,38,2,36,宏遠-桃園,2024-12-13,1262
1595,川寶,35,0,35,宏遠-桃園,2024-12-13,1262
1314,中石化,33,0,33,宏遠-桃園,2024-12-13,1262
6269,台郡,30,0,30,宏遠-桃園,2024-12-13,1262
00878,國泰永續高股息,30,0,30,宏遠-桃園,2024-12-13,1262
9105,泰金寶-DR,131,104,27,宏遠-桃園,2024-12-13,1262
0056,元大高股息,30,3,27,宏遠-桃園,2024-12-13,1262
4974,亞泰,26,0,26,宏遠-桃園,2024-12-13,1262
00918,大華優利高填息30,25,0,25,宏遠-桃園,2024-12-13,1262
3231,緯創,23,0,23,宏遠-桃園,2024-12-13,1262
6425,易發,23,0,23,宏遠-桃園,2024-12-13,1262
00737,國泰AI+Robo,50,30,20,宏遠-桃園,2024-12-13,1262
1618,合機,20,0,20,宏遠-桃園,2024-12-13,1262
6763,綠界科技*,20,0,20,宏遠-桃園,2024-12-13,1262
6133,金橋,20,0,20,宏遠-桃園,2024-12-13,1262
5328,華容,19,1,18,宏遠-桃園,2024-12-13,1262
00949,復華日本龍頭,17,0,17,宏遠-桃園,2024-12-13,1262
2301,光寶科,18,2,16,宏遠-桃園,2024-12-13,1262
1785,光洋科,19,3,16,宏遠-桃園,2024-12-13,1262
2354,鴻準,22,7,15,宏遠-桃園,2024-12-13,1262
6116,彩晶,14,0,14,宏遠-桃園,2024-12-13,1262
1522,堤維西,13,0,13,宏遠-桃園,2024-12-13,1262
00940,元大台灣價值高息,12,0,12,宏遠-桃園,2024-12-13,1262
4991,環宇-KY,15,3,12,宏遠-桃園,2024-12-13,1262
2610,華航,17,6,11,宏遠-桃園,2024-12-13,1262
00929,復華台灣科技優息,11,0,11,宏遠-桃園,2024-12-13,1262
5278,尚凡*,10,0,10,宏遠-桃園,2024-12-13,1262
1101,台泥,11,1,10,宏遠-桃園,2024-12-13,1262
1784,訊聯,10,0,10,宏遠-桃園,2024-12-13,1262
2338,光罩,10,0,10,宏遠-桃園,2024-12-13,1262
2419,仲琦,10,0,10,宏遠-桃園,2024-12-13,1262
2476,鉅祥,10,0,10,宏遠-桃園,2024-12-13,1262
3078,僑威,10,0,10,宏遠-桃園,2024-12-13,1262
3296,勝德,11,1,10,宏遠-桃園,2024-12-13,1262
5426,振發,10,0,10,宏遠-桃園,2024-12-13,1262
6695,芯鼎,10,0,10,宏遠-桃園,2024-12-13,1262
8071,能率網通,10,0,10,宏遠-桃園,2024-12-13,1262
8255,朋程,10,0,10,宏遠-桃園,2024-12-13,1262
00680L,元大美債20正2,9,0,9,宏遠-桃園,2024-12-13,1262
1563,巧新,10,1,9,宏遠-桃園,2024-12-13,1262
2801,彰銀,9,0,9,宏遠-桃園,2024-12-13,1262
3548,兆利,12,3,9,宏遠-桃園,2024-12-13,1262
6152,百一,10,1,9,宏遠-桃園,2024-12-13,1262
00638R,元大滬深300反1,8,0,8,宏遠-桃園,2024-12-13,1262
1785,光洋科,283,20,263,宏遠-桃園,2024-12-16,1262
00937B,群益ESG投等債20,214,0,214,宏遠-桃園,2024-12-16,1262
2476,鉅祥,103,0,103,宏遠-桃園,2024-12-16,1262
00953B,群益優選非投等債,100,0,100,宏遠-桃園,2024-12-16,1262
00751B,元大AAA至A公司債,52,0,52,宏遠-桃園,2024-12-16,1262
00720B,元大投資級公司債,51,0,51,宏遠-桃園,2024-12-16,1262
00918,大華優利高填息30,48,0,48,宏遠-桃園,2024-12-16,1262
1217,愛之味,40,0,40,宏遠-桃園,2024-12-16,1262
2374,佳能,48,11,37,宏遠-桃園,2024-12-16,1262
1802,台玻,31,0,31,宏遠-桃園,2024-12-16,1262
00965,元大航太防衛科技,30,0,30,宏遠-桃園,2024-12-16,1262
6269,台郡,30,0,30,宏遠-桃園,2024-12-16,1262
2609,陽明,42,14,28,宏遠-桃園,2024-12-16,1262
2449,京元電子,27,0,27,宏遠-桃園,2024-12-16,1262
00919,群益台灣精選高息,27,0,27,宏遠-桃園,2024-12-16,1262
00687B,國泰20年美債,37,11,26,宏遠-桃園,2024-12-16,1262
5244,弘凱,25,2,23,宏遠-桃園,2024-12-16,1262
2329,華泰,20,0,20,宏遠-桃園,2024-12-16,1262
2317,鴻海,20,1,19,宏遠-桃園,2024-12-16,1262
8121,越峰,17,1,16,宏遠-桃園,2024-12-16,1262
3231,緯創,16,1,15,宏遠-桃園,2024-12-16,1262
00857B,永豐20年美公債,15,0,15,宏遠-桃園,2024-12-16,1262
00947,台新臺灣IC設計,15,0,15,宏遠-桃園,2024-12-16,1262
5299,杰力,15,0,15,宏遠-桃園,2024-12-16,1262
5871,中租-KY,14,0,14,宏遠-桃園,2024-12-16,1262
8996,高力,18,4,14,宏遠-桃園,2024-12-16,1262
3062,建漢,14,1,13,宏遠-桃園,2024-12-16,1262
00637L,元大滬深300正2,12,0,12,宏遠-桃園,2024-12-16,1262
00915,凱基優選高股息30,17,5,12,宏遠-桃園,2024-12-16,1262
00905,FT臺灣Smart,10,0,10,宏遠-桃園,2024-12-16,1262
00633L,富邦上証正2,10,0,10,宏遠-桃園,2024-12-16,1262
00753L,中信中國50正2,16,6,10,宏遠-桃園,2024-12-16,1262
00927,群益半導體收益,10,0,10,宏遠-桃園,2024-12-16,1262
1305,華夏,10,0,10,宏遠-桃園,2024-12-16,1262
1563,巧新,10,0,10,宏遠-桃園,2024-12-16,1262
1595,川寶,10,0,10,宏遠-桃園,2024-12-16,1262
2344,華邦電,10,0,10,宏遠-桃園,2024-12-16,1262
2419,仲琦,10,0,10,宏遠-桃園,2024-12-16,1262
3388,崇越電,10,0,10,宏遠-桃園,2024-12-16,1262
5351,鈺創,10,0,10,宏遠-桃園,2024-12-16,1262
8112,至上,10,0,10,宏遠-桃園,2024-12-16,1262
2455,全新,22,13,9,宏遠-桃園,2024-12-16,1262
6763,綠界科技*,10,1,9,宏遠-桃園,2024-12-16,1262
6133,金橋,8,0,8,宏遠-桃園,2024-12-16,1262
00878,國泰永續高股息,8,0,8,宏遠-桃園,2024-12-16,1262
2382,廣達,7,0,7,宏遠-桃園,2024-12-16,1262
1101,台泥,7,0,7,宏遠-桃園,2024-12-16,1262
00935,野村臺灣新科技50,7,0,7,宏遠-桃園,2024-12-16,1262
00938,凱基優選30,7,0,7,宏遠-桃園,2024-12-16,1262
1301,台塑,7,0,7,宏遠-桃園,2024-12-16,1262
00937B,群益ESG投等債20,262,0,262,宏遠-桃園,2024-12-17,1262
2883,凱基金,197,2,195,宏遠-桃園,2024-12-17,1262
00680L,元大美債20正2,132,4,128,宏遠-桃園,2024-12-17,1262
00930,永豐ESG低碳高息,50,0,50,宏遠-桃園,2024-12-17,1262
00671R,富邦NASDAQ反1,50,0,50,宏遠-桃園,2024-12-17,1262
00687B,國泰20年美債,51,3,48,宏遠-桃園,2024-12-17,1262
3019,亞光,53,8,45,宏遠-桃園,2024-12-17,1262
00918,大華優利高填息30,33,0,33,宏遠-桃園,2024-12-17,1262
5356,協益,32,0,32,宏遠-桃園,2024-12-17,1262
2485,兆赫,30,0,30,宏遠-桃園,2024-12-17,1262
8249,菱光,28,3,25,宏遠-桃園,2024-12-17,1262
2618,長榮航,29,5,24,宏遠-桃園,2024-12-17,1262
5244,弘凱,22,0,22,宏遠-桃園,2024-12-17,1262
00887,永豐中國科技50大,20,0,20,宏遠-桃園,2024-12-17,1262
00931B,統一美債20年,20,0,20,宏遠-桃園,2024-12-17,1262
1314,中石化,20,0,20,宏遠-桃園,2024-12-17,1262
4513,福裕,20,0,20,宏遠-桃園,2024-12-17,1262
2455,全新,29,13,16,宏遠-桃園,2024-12-17,1262
00665L,富邦�琤肭磪囓�2,18,2,16,宏遠-桃園,2024-12-17,1262
2313,華通,21,9,12,宏遠-桃園,2024-12-17,1262
4714,永捷,10,0,10,宏遠-桃園,2024-12-17,1262
6118,建達,10,0,10,宏遠-桃園,2024-12-17,1262
6133,金橋,10,0,10,宏遠-桃園,2024-12-17,1262
6288,聯嘉,10,0,10,宏遠-桃園,2024-12-17,1262
8429,金麗-KY,10,0,10,宏遠-桃園,2024-12-17,1262
9904,寶成,10,0,10,宏遠-桃園,2024-12-17,1262
2408,南亞科,16,6,10,宏遠-桃園,2024-12-17,1262
2382,廣達,9,0,9,宏遠-桃園,2024-12-17,1262
1326,台化,9,1,8,宏遠-桃園,2024-12-17,1262
2543,皇昌,8,0,8,宏遠-桃園,2024-12-17,1262
2801,彰銀,8,0,8,宏遠-桃園,2024-12-17,1262
4571,鈞興-KY,8,0,8,宏遠-桃園,2024-12-17,1262
2230,泰茂,7,0,7,宏遠-桃園,2024-12-17,1262
3706,神達,43,36,7,宏遠-桃園,2024-12-17,1262
4960,誠美材,7,0,7,宏遠-桃園,2024-12-17,1262
5706,鳳凰,7,0,7,宏遠-桃園,2024-12-17,1262
00706L,期元大S＆P日圓正2,5,0,5,宏遠-桃園,2024-12-17,1262
00713,元大台灣高息低波,5,0,5,宏遠-桃園,2024-12-17,1262
00650L,復華香港正2,19,14,5,宏遠-桃園,2024-12-17,1262
00882,中信中國高股息,5,0,5,宏遠-桃園,2024-12-17,1262
2353,宏��,5,0,5,宏遠-桃園,2024-12-17,1262
2371,大同,5,0,5,宏遠-桃園,2024-12-17,1262
2399,映泰,5,0,5,宏遠-桃園,2024-12-17,1262
2530,華建,5,0,5,宏遠-桃園,2024-12-17,1262
2834,臺企銀,5,0,5,宏遠-桃園,2024-12-17,1262
3013,晟銘電,5,0,5,宏遠-桃園,2024-12-17,1262
3050,鈺德,8,3,5,宏遠-桃園,2024-12-17,1262
4545,銘鈺,5,0,5,宏遠-桃園,2024-12-17,1262
4915,致伸,5,0,5,宏遠-桃園,2024-12-17,1262
5299,杰力,5,0,5,宏遠-桃園,2024-12-17,1262
6505,台塑化,80,0,80,宏遠-桃園,2024-12-18,1262
00720B,元大投資級公司債,60,0,60,宏遠-桃園,2024-12-18,1262
00937B,群益ESG投等債20,54,0,54,宏遠-桃園,2024-12-18,1262
2344,華邦電,53,1,52,宏遠-桃園,2024-12-18,1262
6209,今國光,50,0,50,宏遠-桃園,2024-12-18,1262
3706,神達,44,5,39,宏遠-桃園,2024-12-18,1262
2520,冠德,36,0,36,宏遠-桃園,2024-12-18,1262
2607,榮運,30,0,30,宏遠-桃園,2024-12-18,1262
2419,仲琦,31,4,27,宏遠-桃園,2024-12-18,1262
00918,大華優利高填息30,31,5,26,宏遠-桃園,2024-12-18,1262
00638R,元大滬深300反1,25,0,25,宏遠-桃園,2024-12-18,1262
00679B,元大美債20年,24,0,24,宏遠-桃園,2024-12-18,1262
00687B,國泰20年美債,16,0,16,宏遠-桃園,2024-12-18,1262
2049,上銀,16,1,15,宏遠-桃園,2024-12-18,1262
2722,夏都,17,2,15,宏遠-桃園,2024-12-18,1262
4571,鈞興-KY,15,0,15,宏遠-桃園,2024-12-18,1262
4743,合一,15,0,15,宏遠-桃園,2024-12-18,1262
00631L,元大台灣50正2,14,0,14,宏遠-桃園,2024-12-18,1262
4958,臻鼎-KY,35,21,14,宏遠-桃園,2024-12-18,1262
2880,華南金,13,0,13,宏遠-桃園,2024-12-18,1262
4510,高鋒,18,5,13,宏遠-桃園,2024-12-18,1262
3231,緯創,12,0,12,宏遠-桃園,2024-12-18,1262
6215,和椿,13,1,12,宏遠-桃園,2024-12-18,1262
4714,永捷,10,0,10,宏遠-桃園,2024-12-18,1262
6133,金橋,10,0,10,宏遠-桃園,2024-12-18,1262
8032,光菱,16,6,10,宏遠-桃園,2024-12-18,1262
2408,南亞科,12,3,9,宏遠-桃園,2024-12-18,1262
3041,揚智,21,12,9,宏遠-桃園,2024-12-18,1262
9945,潤泰新,9,0,9,宏遠-桃園,2024-12-18,1262
2027,大成鋼,8,0,8,宏遠-桃園,2024-12-18,1262
6684,安格,8,0,8,宏遠-桃園,2024-12-18,1262
00712,復華富時不動產,7,0,7,宏遠-桃園,2024-12-18,1262
5371,中光電,20,13,7,宏遠-桃園,2024-12-18,1262
6451,訊芯-KY,7,0,7,宏遠-桃園,2024-12-18,1262
3260,威剛,6,0,6,宏遠-桃園,2024-12-18,1262
8044,網家,12,6,6,宏遠-桃園,2024-12-18,1262
00915,凱基優選高股息30,6,0,6,宏遠-桃園,2024-12-18,1262
4979,華星光,8,3,5,宏遠-桃園,2024-12-18,1262
1446,宏和,5,0,5,宏遠-桃園,2024-12-18,1262
1449,佳和,5,0,5,宏遠-桃園,2024-12-18,1262
2530,華建,5,0,5,宏遠-桃園,2024-12-18,1262
2609,陽明,10,5,5,宏遠-桃園,2024-12-18,1262
3024,憶聲,5,0,5,宏遠-桃園,2024-12-18,1262
3227,原相,10,5,5,宏遠-桃園,2024-12-18,1262
3228,金麗科,5,0,5,宏遠-桃園,2024-12-18,1262
3483,力致,5,0,5,宏遠-桃園,2024-12-18,1262
4549,桓達,5,0,5,宏遠-桃園,2024-12-18,1262
4563,百德,8,3,5,宏遠-桃園,2024-12-18,1262
4960,誠美材,5,0,5,宏遠-桃園,2024-12-18,1262
8996,高力,7,2,5,宏遠-桃園,2024-12-18,1262
00948B,中信優息投資級債,3100,0,3100,宏遠-桃園,2024-12-19,1262
00918,大華優利高填息30,426,0,426,宏遠-桃園,2024-12-19,1262
00953B,群益優選非投等債,200,0,200,宏遠-桃園,2024-12-19,1262
00937B,群益ESG投等債20,157,0,157,宏遠-桃園,2024-12-19,1262
5392,能率,60,2,58,宏遠-桃園,2024-12-19,1262
1815,富喬,79,24,55,宏遠-桃園,2024-12-19,1262
00945B,凱基美國非投等債,50,0,50,宏遠-桃園,2024-12-19,1262
2887,台新金,51,2,49,宏遠-桃園,2024-12-19,1262
4991,環宇-KY,91,45,46,宏遠-桃園,2024-12-19,1262
2374,佳能,54,11,43,宏遠-桃園,2024-12-19,1262
2883,凱基金,46,4,42,宏遠-桃園,2024-12-19,1262
00751B,元大AAA至A公司債,41,0,41,宏遠-桃園,2024-12-19,1262
6215,和椿,38,6,32,宏遠-桃園,2024-12-19,1262
00720B,元大投資級公司債,30,0,30,宏遠-桃園,2024-12-19,1262
2607,榮運,28,0,28,宏遠-桃園,2024-12-19,1262
2303,聯電,121,95,26,宏遠-桃園,2024-12-19,1262
8249,菱光,25,2,23,宏遠-桃園,2024-12-19,1262
2419,仲琦,24,2,22,宏遠-桃園,2024-12-19,1262
1595,川寶,22,2,20,宏遠-桃園,2024-12-19,1262
6133,金橋,20,0,20,宏遠-桃園,2024-12-19,1262
6695,芯鼎,20,0,20,宏遠-桃園,2024-12-19,1262
00939,統一台灣高息動能,16,0,16,宏遠-桃園,2024-12-19,1262
3712,永崴投控,16,0,16,宏遠-桃園,2024-12-19,1262
2317,鴻海,15,0,15,宏遠-桃園,2024-12-19,1262
00680L,元大美債20正2,15,2,13,宏遠-桃園,2024-12-19,1262
3029,零壹,12,0,12,宏遠-桃園,2024-12-19,1262
2002,中鋼,11,0,11,宏遠-桃園,2024-12-19,1262
9914,美利達,10,0,10,宏遠-桃園,2024-12-19,1262
1440,南紡,10,0,10,宏遠-桃園,2024-12-19,1262
2408,南亞科,12,2,10,宏遠-桃園,2024-12-19,1262
3388,崇越電,10,0,10,宏遠-桃園,2024-12-19,1262
6143,振曜,41,31,10,宏遠-桃園,2024-12-19,1262
6163,華電網,10,0,10,宏遠-桃園,2024-12-19,1262
6757,台灣虎航,10,0,10,宏遠-桃園,2024-12-19,1262
6763,綠界科技*,10,0,10,宏遠-桃園,2024-12-19,1262
00951,台新日本半導體,9,0,9,宏遠-桃園,2024-12-19,1262
8150,南茂,9,0,9,宏遠-桃園,2024-12-19,1262
00679B,元大美債20年,10,2,8,宏遠-桃園,2024-12-19,1262
0056,元大高股息,7,0,7,宏遠-桃園,2024-12-19,1262
00665L,富邦�琤肭磪囓�2,7,0,7,宏遠-桃園,2024-12-19,1262
00919,群益台灣精選高息,16,9,7,宏遠-桃園,2024-12-19,1262
6220,岳豐,7,0,7,宏遠-桃園,2024-12-19,1262
6684,安格,8,1,7,宏遠-桃園,2024-12-19,1262
00960,野村全球航運龍頭,6,0,6,宏遠-桃園,2024-12-19,1262
2354,鴻準,16,10,6,宏遠-桃園,2024-12-19,1262
2468,華經,7,1,6,宏遠-桃園,2024-12-19,1262
3289,宜特,6,0,6,宏遠-桃園,2024-12-19,1262
00687B,國泰20年美債,5,0,5,宏遠-桃園,2024-12-19,1262
2609,陽明,14,9,5,宏遠-桃園,2024-12-19,1262
00706L,期元大S＆P日圓正2,5,0,5,宏遠-桃園,2024-12-19,1262
