Ticker,Name,buy,sell,diff,Branch,Date,Branch_Code
3481,群創,1269,0,1269,港商法國興業,2023-01-03,1570
2891,中信金,418,18,400,港商法國興業,2023-01-03,1570
2888,新光金,367,0,367,港商法國興業,2023-01-03,1570
2885,元大金,365,0,365,港商法國興業,2023-01-03,1570
2317,鴻海,344,0,344,港商法國興業,2023-01-03,1570
2002,中鋼,314,11,303,港商法國興業,2023-01-03,1570
2330,台積電,294,0,294,港商法國興業,2023-01-03,1570
2884,玉山金,292,0,292,港商法國興業,2023-01-03,1570
5880,合庫金,255,0,255,港商法國興業,2023-01-03,1570
2883,凱基金,254,0,254,港商法國興業,2023-01-03,1570
2890,永豐金,234,0,234,港商法國興業,2023-01-03,1570
2881,富邦金,233,8,225,港商法國興業,2023-01-03,1570
2887,台新金,217,0,217,港商法國興業,2023-01-03,1570
2886,兆豐金,196,0,196,港商法國興業,2023-01-03,1570
2882,國泰金,181,11,170,港商法國興業,2023-01-03,1570
3711,日月光投控,189,20,169,港商法國興業,2023-01-03,1570
2880,華南金,157,0,157,港商法國興業,2023-01-03,1570
2376,技嘉,155,0,155,港商法國興業,2023-01-03,1570
1216,統一,153,0,153,港商法國興業,2023-01-03,1570
3037,欣興,168,29,139,港商法國興業,2023-01-03,1570
1101,台泥,136,0,136,港商法國興業,2023-01-03,1570
2303,聯電,153,20,133,港商法國興業,2023-01-03,1570
1301,台塑,132,3,129,港商法國興業,2023-01-03,1570
1303,南亞,123,4,119,港商法國興業,2023-01-03,1570
2801,彰銀,118,0,118,港商法國興業,2023-01-03,1570
1326,台化,110,0,110,港商法國興業,2023-01-03,1570
6770,力積電,108,0,108,港商法國興業,2023-01-03,1570
2409,友達,107,0,107,港商法國興業,2023-01-03,1570
1102,亞泥,88,0,88,港商法國興業,2023-01-03,1570
2382,廣達,86,0,86,港商法國興業,2023-01-03,1570
9904,寶成,86,0,86,港商法國興業,2023-01-03,1570
5876,上海商銀,85,0,85,港商法國興業,2023-01-03,1570
6505,台塑化,86,4,82,港商法國興業,2023-01-03,1570
1504,東元,77,0,77,港商法國興業,2023-01-03,1570
2356,英業達,77,0,77,港商法國興業,2023-01-03,1570
2353,宏��,76,0,76,港商法國興業,2023-01-03,1570
2454,聯發科,75,1,74,港商法國興業,2023-01-03,1570
1402,遠東新,68,0,68,港商法國興業,2023-01-03,1570
2105,正新,67,0,67,港商法國興業,2023-01-03,1570
4919,新唐,80,15,65,港商法國興業,2023-01-03,1570
3045,台灣大,62,0,62,港商法國興業,2023-01-03,1570
3034,聯詠,64,3,61,港商法國興業,2023-01-03,1570
9945,潤泰新,59,0,59,港商法國興業,2023-01-03,1570
2308,台達電,58,0,58,港商法國興業,2023-01-03,1570
2324,仁寶,52,0,52,港商法國興業,2023-01-03,1570
2834,臺企銀,52,0,52,港商法國興業,2023-01-03,1570
2615,萬海,46,0,46,港商法國興業,2023-01-03,1570
4904,遠傳,43,0,43,港商法國興業,2023-01-03,1570
4938,和碩,43,0,43,港商法國興業,2023-01-03,1570
2412,中華電,46,4,42,港商法國興業,2023-01-03,1570
3037,欣興,531,20,511,港商法國興業,2023-01-04,1570
2610,華航,416,0,416,港商法國興業,2023-01-04,1570
6770,力積電,390,0,390,港商法國興業,2023-01-04,1570
2615,萬海,388,0,388,港商法國興業,2023-01-04,1570
2603,長榮,366,0,366,港商法國興業,2023-01-04,1570
1402,遠東新,273,0,273,港商法國興業,2023-01-04,1570
2891,中信金,255,0,255,港商法國興業,2023-01-04,1570
2885,元大金,221,0,221,港商法國興業,2023-01-04,1570
2883,凱基金,162,0,162,港商法國興業,2023-01-04,1570
2888,新光金,147,0,147,港商法國興業,2023-01-04,1570
2881,富邦金,243,100,143,港商法國興業,2023-01-04,1570
2880,華南金,142,0,142,港商法國興業,2023-01-04,1570
2002,中鋼,124,0,124,港商法國興業,2023-01-04,1570
1802,台玻,104,0,104,港商法國興業,2023-01-04,1570
2330,台積電,112,10,102,港商法國興業,2023-01-04,1570
2884,玉山金,94,0,94,港商法國興業,2023-01-04,1570
2303,聯電,88,0,88,港商法國興業,2023-01-04,1570
2317,鴻海,92,7,85,港商法國興業,2023-01-04,1570
5880,合庫金,79,0,79,港商法國興業,2023-01-04,1570
2882,國泰金,71,0,71,港商法國興業,2023-01-04,1570
2353,宏��,68,0,68,港商法國興業,2023-01-04,1570
2886,兆豐金,66,0,66,港商法國興業,2023-01-04,1570
2890,永豐金,66,0,66,港商法國興業,2023-01-04,1570
2887,台新金,65,0,65,港商法國興業,2023-01-04,1570
6005,群益證,61,0,61,港商法國興業,2023-01-04,1570
1316,上曜,57,0,57,港商法國興業,2023-01-04,1570
5876,上海商銀,56,0,56,港商法國興業,2023-01-04,1570
2337,旺宏,50,0,50,港商法國興業,2023-01-04,1570
8215,明基材,47,0,47,港商法國興業,2023-01-04,1570
3034,聯詠,70,27,43,港商法國興業,2023-01-04,1570
3044,健鼎,43,0,43,港商法國興業,2023-01-04,1570
1504,東元,42,0,42,港商法國興業,2023-01-04,1570
1905,華紙,41,0,41,港商法國興業,2023-01-04,1570
2108,南帝,40,0,40,港商法國興業,2023-01-04,1570
6603,富強鑫,40,0,40,港商法國興業,2023-01-04,1570
2530,華建,39,0,39,港商法國興業,2023-01-04,1570
2633,台灣高鐵,39,0,39,港商法國興業,2023-01-04,1570
6239,力成,39,0,39,港商法國興業,2023-01-04,1570
1434,福懋,36,0,36,港商法國興業,2023-01-04,1570
2344,華邦電,35,0,35,港商法國興業,2023-01-04,1570
6026,福邦證,34,0,34,港商法國興業,2023-01-04,1570
6177,達麗,34,0,34,港商法國興業,2023-01-04,1570
1720,生達,33,0,33,港商法國興業,2023-01-04,1570
1216,統一,32,0,32,港商法國興業,2023-01-04,1570
1909,榮成,32,0,32,港商法國興業,2023-01-04,1570
3710,連展投控,32,0,32,港商法國興業,2023-01-04,1570
1785,光洋科,31,0,31,港商法國興業,2023-01-04,1570
2534,宏盛,30,0,30,港商法國興業,2023-01-04,1570
3006,晶豪科,30,0,30,港商法國興業,2023-01-04,1570
4157,太景*-KY,30,0,30,港商法國興業,2023-01-04,1570
2890,永豐金,1028,0,1028,港商法國興業,2023-01-05,1570
6770,力積電,590,0,590,港商法國興業,2023-01-05,1570
2886,兆豐金,499,0,499,港商法國興業,2023-01-05,1570
3037,欣興,466,0,466,港商法國興業,2023-01-05,1570
2891,中信金,358,0,358,港商法國興業,2023-01-05,1570
2885,元大金,331,0,331,港商法國興業,2023-01-05,1570
1101,台泥,327,0,327,港商法國興業,2023-01-05,1570
2888,新光金,300,0,300,港商法國興業,2023-01-05,1570
1605,華新,300,20,280,港商法國興業,2023-01-05,1570
2887,台新金,262,0,262,港商法國興業,2023-01-05,1570
2317,鴻海,233,0,233,港商法國興業,2023-01-05,1570
2884,玉山金,221,0,221,港商法國興業,2023-01-05,1570
2882,國泰金,195,0,195,港商法國興業,2023-01-05,1570
5876,上海商銀,167,0,167,港商法國興業,2023-01-05,1570
2303,聯電,153,0,153,港商法國興業,2023-01-05,1570
2353,宏��,149,0,149,港商法國興業,2023-01-05,1570
2618,長榮航,141,0,141,港商法國興業,2023-01-05,1570
2108,南帝,138,0,138,港商法國興業,2023-01-05,1570
3022,威強電,80,0,80,港商法國興業,2023-01-05,1570
2881,富邦金,193,124,69,港商法國興業,2023-01-05,1570
4105,東洋,68,0,68,港商法國興業,2023-01-05,1570
2412,中華電,65,0,65,港商法國興業,2023-01-05,1570
5609,中菲行,65,0,65,港商法國興業,2023-01-05,1570
2548,華固,63,0,63,港商法國興業,2023-01-05,1570
2610,華航,373,310,63,港商法國興業,2023-01-05,1570
3014,聯陽,60,0,60,港商法國興業,2023-01-05,1570
6271,同欣電,59,0,59,港商法國興業,2023-01-05,1570
3704,合勤控,56,0,56,港商法國興業,2023-01-05,1570
4952,凌通,56,0,56,港商法國興業,2023-01-05,1570
2408,南亞科,55,0,55,港商法國興業,2023-01-05,1570
2357,華碩,75,22,53,港商法國興業,2023-01-05,1570
2330,台積電,81,29,52,港商法國興業,2023-01-05,1570
2301,光寶科,57,5,52,港商法國興業,2023-01-05,1570
2385,群光,50,0,50,港商法國興業,2023-01-05,1570
2451,創見,50,0,50,港商法國興業,2023-01-05,1570
3455,由田,50,0,50,港商法國興業,2023-01-05,1570
5880,合庫金,47,0,47,港商法國興業,2023-01-05,1570
2880,華南金,46,0,46,港商法國興業,2023-01-05,1570
8924,大田,43,0,43,港商法國興業,2023-01-05,1570
3044,健鼎,40,0,40,港商法國興業,2023-01-05,1570
5434,崇越,40,0,40,港商法國興業,2023-01-05,1570
6176,瑞儀,40,0,40,港商法國興業,2023-01-05,1570
6214,精誠,36,0,36,港商法國興業,2023-01-05,1570
3026,禾伸堂,33,0,33,港商法國興業,2023-01-05,1570
3679,新至陞,33,0,33,港商法國興業,2023-01-05,1570
1402,遠東新,31,0,31,港商法國興業,2023-01-05,1570
2049,上銀,30,0,30,港商法國興業,2023-01-05,1570
4736,泰博,30,0,30,港商法國興業,2023-01-05,1570
5871,中租-KY,27,0,27,港商法國興業,2023-01-05,1570
2883,凱基金,26,0,26,港商法國興業,2023-01-05,1570
2409,友達,1214,107,1107,港商法國興業,2023-01-06,1570
3481,群創,1100,0,1100,港商法國興業,2023-01-06,1570
6770,力積電,824,0,824,港商法國興業,2023-01-06,1570
2610,華航,980,350,630,港商法國興業,2023-01-06,1570
2883,凱基金,433,0,433,港商法國興業,2023-01-06,1570
3037,欣興,363,0,363,港商法國興業,2023-01-06,1570
2303,聯電,189,0,189,港商法國興業,2023-01-06,1570
3711,日月光投控,140,0,140,港商法國興業,2023-01-06,1570
2885,元大金,113,0,113,港商法國興業,2023-01-06,1570
4919,新唐,105,0,105,港商法國興業,2023-01-06,1570
1605,華新,360,280,80,港商法國興業,2023-01-06,1570
2376,技嘉,70,4,66,港商法國興業,2023-01-06,1570
2337,旺宏,50,0,50,港商法國興業,2023-01-06,1570
2108,南帝,45,0,45,港商法國興業,2023-01-06,1570
8358,金居,45,0,45,港商法國興業,2023-01-06,1570
2851,中再保,42,0,42,港商法國興業,2023-01-06,1570
2049,上銀,50,10,40,港商法國興業,2023-01-06,1570
4952,凌通,34,0,34,港商法國興業,2023-01-06,1570
2441,超豐,33,0,33,港商法國興業,2023-01-06,1570
3702,大聯大,32,0,32,港商法國興業,2023-01-06,1570
2882,國泰金,30,0,30,港商法國興業,2023-01-06,1570
2027,大成鋼,29,0,29,港商法國興業,2023-01-06,1570
3006,晶豪科,23,0,23,港商法國興業,2023-01-06,1570
6203,海韻電,23,0,23,港商法國興業,2023-01-06,1570
3044,健鼎,22,0,22,港商法國興業,2023-01-06,1570
3624,光頡,21,0,21,港商法國興業,2023-01-06,1570
5876,上海商銀,20,0,20,港商法國興業,2023-01-06,1570
8150,南茂,20,0,20,港商法國興業,2023-01-06,1570
2439,美律,19,0,19,港商法國興業,2023-01-06,1570
2330,台積電,18,0,18,港商法國興業,2023-01-06,1570
1609,大亞,17,0,17,港商法國興業,2023-01-06,1570
3026,禾伸堂,17,0,17,港商法國興業,2023-01-06,1570
3679,新至陞,17,0,17,港商法國興業,2023-01-06,1570
6271,同欣電,32,15,17,港商法國興業,2023-01-06,1570
8403,盛弘,16,0,16,港商法國興業,2023-01-06,1570
3034,聯詠,30,15,15,港商法國興業,2023-01-06,1570
5609,中菲行,15,0,15,港商法國興業,2023-01-06,1570
8234,新漢,15,0,15,港商法國興業,2023-01-06,1570
6214,精誠,14,0,14,港商法國興業,2023-01-06,1570
2478,大毅,13,0,13,港商法國興業,2023-01-06,1570
2105,正新,13,0,13,港商法國興業,2023-01-06,1570
3515,華擎,12,0,12,港商法國興業,2023-01-06,1570
1504,東元,11,0,11,港商法國興業,2023-01-06,1570
6706,惠特,11,0,11,港商法國興業,2023-01-06,1570
2317,鴻海,10,0,10,港商法國興業,2023-01-06,1570
2211,長榮鋼,10,0,10,港商法國興業,2023-01-06,1570
5388,中磊,10,0,10,港商法國興業,2023-01-06,1570
8383,千附,10,0,10,港商法國興業,2023-01-06,1570
2392,正崴,9,0,9,港商法國興業,2023-01-06,1570
6285,啟��,9,0,9,港商法國興業,2023-01-06,1570
2891,中信金,444,0,444,港商法國興業,2023-01-09,1570
2884,玉山金,349,0,349,港商法國興業,2023-01-09,1570
2303,聯電,264,0,264,港商法國興業,2023-01-09,1570
2330,台積電,261,0,261,港商法國興業,2023-01-09,1570
3037,欣興,309,50,259,港商法國興業,2023-01-09,1570
2881,富邦金,275,50,225,港商法國興業,2023-01-09,1570
2618,長榮航,208,0,208,港商法國興業,2023-01-09,1570
5876,上海商銀,205,0,205,港商法國興業,2023-01-09,1570
2027,大成鋼,200,0,200,港商法國興業,2023-01-09,1570
3711,日月光投控,199,0,199,港商法國興業,2023-01-09,1570
2882,國泰金,186,0,186,港商法國興業,2023-01-09,1570
2883,凱基金,167,0,167,港商法國興業,2023-01-09,1570
1402,遠東新,155,0,155,港商法國興業,2023-01-09,1570
2880,華南金,141,0,141,港商法國興業,2023-01-09,1570
2887,台新金,140,0,140,港商法國興業,2023-01-09,1570
2834,臺企銀,138,0,138,港商法國興業,2023-01-09,1570
3532,台勝科,138,0,138,港商法國興業,2023-01-09,1570
5880,合庫金,130,0,130,港商法國興業,2023-01-09,1570
2867,三商壽,125,0,125,港商法國興業,2023-01-09,1570
2317,鴻海,112,0,112,港商法國興業,2023-01-09,1570
6770,力積電,200,100,100,港商法國興業,2023-01-09,1570
2885,元大金,93,0,93,港商法國興業,2023-01-09,1570
1303,南亞,90,0,90,港商法國興業,2023-01-09,1570
2412,中華電,90,0,90,港商法國興業,2023-01-09,1570
2356,英業達,71,0,71,港商法國興業,2023-01-09,1570
6239,力成,71,0,71,港商法國興業,2023-01-09,1570
2002,中鋼,95,27,68,港商法國興業,2023-01-09,1570
1326,台化,67,0,67,港商法國興業,2023-01-09,1570
1216,統一,67,0,67,港商法國興業,2023-01-09,1570
6505,台塑化,58,0,58,港商法國興業,2023-01-09,1570
2888,新光金,57,0,57,港商法國興業,2023-01-09,1570
1301,台塑,51,0,51,港商法國興業,2023-01-09,1570
2382,廣達,48,0,48,港商法國興業,2023-01-09,1570
2324,仁寶,47,0,47,港商法國興業,2023-01-09,1570
4915,致伸,47,0,47,港商法國興業,2023-01-09,1570
2441,超豐,46,0,46,港商法國興業,2023-01-09,1570
3045,台灣大,45,0,45,港商法國興業,2023-01-09,1570
1909,榮成,44,0,44,港商法國興業,2023-01-09,1570
2353,宏��,43,0,43,港商法國興業,2023-01-09,1570
5347,世界,43,0,43,港商法國興業,2023-01-09,1570
2801,彰銀,42,0,42,港商法國興業,2023-01-09,1570
1101,台泥,41,0,41,港商法國興業,2023-01-09,1570
1440,南紡,39,0,39,港商法國興業,2023-01-09,1570
2478,大毅,37,0,37,港商法國興業,2023-01-09,1570
1717,長興,35,0,35,港商法國興業,2023-01-09,1570
2105,正新,34,0,34,港商法國興業,2023-01-09,1570
2049,上銀,87,55,32,港商法國興業,2023-01-09,1570
1434,福懋,32,0,32,港商法國興業,2023-01-09,1570
6005,群益證,32,0,32,港商法國興業,2023-01-09,1570
2406,國碩,31,0,31,港商法國興業,2023-01-09,1570
00631L,元大台灣50正2,583,0,583,港商法國興業,2023-01-10,1570
00663L,國泰臺灣加權正2,538,0,538,港商法國興業,2023-01-10,1570
2409,友達,600,100,500,港商法國興業,2023-01-10,1570
3037,欣興,314,35,279,港商法國興業,2023-01-10,1570
2880,華南金,309,113,196,港商法國興業,2023-01-10,1570
00675L,富邦臺灣加權正2,120,0,120,港商法國興業,2023-01-10,1570
3006,晶豪科,113,0,113,港商法國興業,2023-01-10,1570
6147,頎邦,110,0,110,港商法國興業,2023-01-10,1570
2637,慧洋-KY,109,0,109,港商法國興業,2023-01-10,1570
6271,同欣電,87,0,87,港商法國興業,2023-01-10,1570
2303,聯電,256,170,86,港商法國興業,2023-01-10,1570
3035,智原,82,0,82,港商法國興業,2023-01-10,1570
2356,英業達,68,0,68,港商法國興業,2023-01-10,1570
6239,力成,65,0,65,港商法國興業,2023-01-10,1570
2618,長榮航,214,150,64,港商法國興業,2023-01-10,1570
3034,聯詠,60,0,60,港商法國興業,2023-01-10,1570
2812,台中銀,55,0,55,港商法國興業,2023-01-10,1570
2353,宏��,50,0,50,港商法國興業,2023-01-10,1570
2401,凌陽,48,0,48,港商法國興業,2023-01-10,1570
1442,名軒,46,0,46,港商法國興業,2023-01-10,1570
2474,可成,62,20,42,港商法國興業,2023-01-10,1570
3041,揚智,41,0,41,港商法國興業,2023-01-10,1570
2891,中信金,40,0,40,港商法國興業,2023-01-10,1570
1722,台肥,38,0,38,港商法國興業,2023-01-10,1570
3044,健鼎,38,0,38,港商法國興業,2023-01-10,1570
8916,光隆,36,0,36,港商法國興業,2023-01-10,1570
1434,福懋,35,0,35,港商法國興業,2023-01-10,1570
6670,復盛應用,34,0,34,港商法國興業,2023-01-10,1570
2605,新興,31,0,31,港商法國興業,2023-01-10,1570
9938,百和,30,0,30,港商法國興業,2023-01-10,1570
2884,玉山金,29,0,29,港商法國興業,2023-01-10,1570
1785,光洋科,27,0,27,港商法國興業,2023-01-10,1570
2327,國巨,37,10,27,港商法國興業,2023-01-10,1570
2354,鴻準,23,0,23,港商法國興業,2023-01-10,1570
2108,南帝,23,0,23,港商法國興業,2023-01-10,1570
5608,四維航,23,0,23,港商法國興業,2023-01-10,1570
1227,佳格,22,0,22,港商法國興業,2023-01-10,1570
2838,聯邦銀,22,0,22,港商法國興業,2023-01-10,1570
2890,永豐金,36,14,22,港商法國興業,2023-01-10,1570
3711,日月光投控,170,150,20,港商法國興業,2023-01-10,1570
2439,美律,19,0,19,港商法國興業,2023-01-10,1570
3715,定穎投控,19,0,19,港商法國興業,2023-01-10,1570
2344,華邦電,17,0,17,港商法國興業,2023-01-10,1570
2548,華固,16,0,16,港商法國興業,2023-01-10,1570
3189,景碩,70,55,15,港商法國興業,2023-01-10,1570
2106,建大,14,0,14,港商法國興業,2023-01-10,1570
3305,昇貿,12,0,12,港商法國興業,2023-01-10,1570
4438,廣越,12,0,12,港商法國興業,2023-01-10,1570
2633,台灣高鐵,11,0,11,港商法國興業,2023-01-10,1570
2371,大同,10,0,10,港商法國興業,2023-01-10,1570
6770,力積電,735,42,693,港商法國興業,2023-01-11,1570
2883,凱基金,417,0,417,港商法國興業,2023-01-11,1570
1319,東陽,337,0,337,港商法國興業,2023-01-11,1570
2027,大成鋼,353,32,321,港商法國興業,2023-01-11,1570
2330,台積電,358,40,318,港商法國興業,2023-01-11,1570
2885,元大金,346,30,316,港商法國興業,2023-01-11,1570
2891,中信金,316,0,316,港商法國興業,2023-01-11,1570
5880,合庫金,295,0,295,港商法國興業,2023-01-11,1570
2887,台新金,308,36,272,港商法國興業,2023-01-11,1570
3037,欣興,274,4,270,港商法國興業,2023-01-11,1570
2886,兆豐金,256,0,256,港商法國興業,2023-01-11,1570
2882,國泰金,247,0,247,港商法國興業,2023-01-11,1570
2618,長榮航,352,124,228,港商法國興業,2023-01-11,1570
2888,新光金,298,75,223,港商法國興業,2023-01-11,1570
2884,玉山金,220,0,220,港商法國興業,2023-01-11,1570
2892,第一金,512,310,202,港商法國興業,2023-01-11,1570
2317,鴻海,190,0,190,港商法國興業,2023-01-11,1570
4919,新唐,199,25,174,港商法國興業,2023-01-11,1570
2412,中華電,166,0,166,港商法國興業,2023-01-11,1570
2890,永豐金,140,0,140,港商法國興業,2023-01-11,1570
5876,上海商銀,139,0,139,港商法國興業,2023-01-11,1570
2880,華南金,195,90,105,港商法國興業,2023-01-11,1570
2637,慧洋-KY,116,22,94,港商法國興業,2023-01-11,1570
2049,上銀,138,45,93,港商法國興業,2023-01-11,1570
1301,台塑,83,0,83,港商法國興業,2023-01-11,1570
1326,台化,83,0,83,港商法國興業,2023-01-11,1570
6505,台塑化,83,0,83,港商法國興業,2023-01-11,1570
1305,華夏,127,50,77,港商法國興業,2023-01-11,1570
1722,台肥,76,0,76,港商法國興業,2023-01-11,1570
1303,南亞,104,31,73,港商法國興業,2023-01-11,1570
2897,王道銀行,72,0,72,港商法國興業,2023-01-11,1570
2356,英業達,68,0,68,港商法國興業,2023-01-11,1570
9938,百和,68,0,68,港商法國興業,2023-01-11,1570
3189,景碩,100,41,59,港商法國興業,2023-01-11,1570
2881,富邦金,107,50,57,港商法國興業,2023-01-11,1570
1402,遠東新,54,0,54,港商法國興業,2023-01-11,1570
8916,光隆,53,0,53,港商法國興業,2023-01-11,1570
4904,遠傳,50,0,50,港商法國興業,2023-01-11,1570
1701,中化,48,0,48,港商法國興業,2023-01-11,1570
2834,臺企銀,99,51,48,港商法國興業,2023-01-11,1570
1718,中纖,47,0,47,港商法國興業,2023-01-11,1570
2820,華票,44,0,44,港商法國興業,2023-01-11,1570
2441,超豐,41,0,41,港商法國興業,2023-01-11,1570
3532,台勝科,40,0,40,港商法國興業,2023-01-11,1570
1102,亞泥,55,16,39,港商法國興業,2023-01-11,1570
2324,仁寶,39,0,39,港商法國興業,2023-01-11,1570
2633,台灣高鐵,39,0,39,港商法國興業,2023-01-11,1570
2382,廣達,44,9,35,港商法國興業,2023-01-11,1570
3045,台灣大,39,6,33,港商法國興業,2023-01-11,1570
3034,聯詠,81,50,31,港商法國興業,2023-01-11,1570
9904,寶成,1068,186,882,港商法國興業,2023-01-12,1570
3704,合勤控,292,0,292,港商法國興業,2023-01-12,1570
6116,彩晶,263,0,263,港商法國興業,2023-01-12,1570
2376,技嘉,282,40,242,港商法國興業,2023-01-12,1570
2885,元大金,226,0,226,港商法國興業,2023-01-12,1570
2881,富邦金,212,0,212,港商法國興業,2023-01-12,1570
2633,台灣高鐵,206,0,206,港商法國興業,2023-01-12,1570
2891,中信金,195,0,195,港商法國興業,2023-01-12,1570
9907,統一實,190,0,190,港商法國興業,2023-01-12,1570
2867,三商壽,182,0,182,港商法國興業,2023-01-12,1570
3034,聯詠,227,70,157,港商法國興業,2023-01-12,1570
2887,台新金,141,0,141,港商法國興業,2023-01-12,1570
3189,景碩,186,50,136,港商法國興業,2023-01-12,1570
2884,玉山金,130,0,130,港商法國興業,2023-01-12,1570
2890,永豐金,115,0,115,港商法國興業,2023-01-12,1570
2886,兆豐金,110,0,110,港商法國興業,2023-01-12,1570
2002,中鋼,95,0,95,港商法國興業,2023-01-12,1570
2882,國泰金,87,0,87,港商法國興業,2023-01-12,1570
6456,GIS-KY,113,31,82,港商法國興業,2023-01-12,1570
2303,聯電,307,228,79,港商法國興業,2023-01-12,1570
2360,致茂,79,0,79,港商法國興業,2023-01-12,1570
5880,合庫金,79,0,79,港商法國興業,2023-01-12,1570
2880,華南金,71,0,71,港商法國興業,2023-01-12,1570
5876,上海商銀,71,0,71,港商法國興業,2023-01-12,1570
2615,萬海,70,0,70,港商法國興業,2023-01-12,1570
1409,新纖,63,0,63,港商法國興業,2023-01-12,1570
2353,宏��,57,0,57,港商法國興業,2023-01-12,1570
3712,永崴投控,55,0,55,港商法國興業,2023-01-12,1570
2441,超豐,53,0,53,港商法國興業,2023-01-12,1570
2409,友達,52,0,52,港商法國興業,2023-01-12,1570
3260,威剛,52,0,52,港商法國興業,2023-01-12,1570
1101,台泥,49,0,49,港商法國興業,2023-01-12,1570
8081,致新,49,0,49,港商法國興業,2023-01-12,1570
2481,強茂,48,0,48,港商法國興業,2023-01-12,1570
2838,聯邦銀,48,0,48,港商法國興業,2023-01-12,1570
2308,台達電,49,3,46,港商法國興業,2023-01-12,1570
2412,中華電,46,0,46,港商法國興業,2023-01-12,1570
2515,中工,43,0,43,港商法國興業,2023-01-12,1570
5425,台半,43,0,43,港商法國興業,2023-01-12,1570
1722,台肥,41,0,41,港商法國興業,2023-01-12,1570
2912,統一超,42,1,41,港商法國興業,2023-01-12,1570
6142,友勁,41,0,41,港商法國興業,2023-01-12,1570
2401,凌陽,39,0,39,港商法國興業,2023-01-12,1570
2530,華建,39,0,39,港商法國興業,2023-01-12,1570
1216,統一,38,0,38,港商法國興業,2023-01-12,1570
2889,國票金,37,0,37,港商法國興業,2023-01-12,1570
2454,聯發科,36,0,36,港商法國興業,2023-01-12,1570
3705,永信,35,0,35,港商法國興業,2023-01-12,1570
1707,葡萄王,31,0,31,港商法國興業,2023-01-12,1570
2009,第一銅,31,0,31,港商法國興業,2023-01-12,1570
2610,華航,1013,0,1013,港商法國興業,2023-01-13,1570
2618,長榮航,442,140,302,港商法國興業,2023-01-13,1570
2330,台積電,190,0,190,港商法國興業,2023-01-13,1570
2882,國泰金,151,0,151,港商法國興業,2023-01-13,1570
1605,華新,120,0,120,港商法國興業,2023-01-13,1570
3665,貿聯-KY,187,70,117,港商法國興業,2023-01-13,1570
3037,欣興,118,20,98,港商法國興業,2023-01-13,1570
2890,永豐金,94,0,94,港商法國興業,2023-01-13,1570
2892,第一金,82,0,82,港商法國興業,2023-01-13,1570
2867,三商壽,78,0,78,港商法國興業,2023-01-13,1570
2834,臺企銀,74,0,74,港商法國興業,2023-01-13,1570
6505,台塑化,73,0,73,港商法國興業,2023-01-13,1570
2889,國票金,72,0,72,港商法國興業,2023-01-13,1570
2801,彰銀,63,0,63,港商法國興業,2023-01-13,1570
5880,合庫金,63,0,63,港商法國興業,2023-01-13,1570
1227,佳格,52,0,52,港商法國興業,2023-01-13,1570
1718,中纖,50,0,50,港商法國興業,2023-01-13,1570
3189,景碩,50,0,50,港商法國興業,2023-01-13,1570
2002,中鋼,48,0,48,港商法國興業,2023-01-13,1570
1101,台泥,48,0,48,港商法國興業,2023-01-13,1570
2885,元大金,47,0,47,港商法國興業,2023-01-13,1570
2897,王道銀行,44,0,44,港商法國興業,2023-01-13,1570
2880,華南金,43,0,43,港商法國興業,2023-01-13,1570
2888,新光金,39,0,39,港商法國興業,2023-01-13,1570
3576,聯合再生,39,0,39,港商法國興業,2023-01-13,1570
2412,中華電,38,0,38,港商法國興業,2023-01-13,1570
1301,台塑,37,0,37,港商法國興業,2023-01-13,1570
2468,華經,36,0,36,港商法國興業,2023-01-13,1570
3045,台灣大,36,0,36,港商法國興業,2023-01-13,1570
2104,國際中橡,34,0,34,港商法國興業,2023-01-13,1570
1314,中石化,33,0,33,港商法國興業,2023-01-13,1570
2371,大同,32,0,32,港商法國興業,2023-01-13,1570
2542,興富發,32,0,32,港商法國興業,2023-01-13,1570
2812,台中銀,32,0,32,港商法國興業,2023-01-13,1570
2845,遠東銀,32,0,32,港商法國興業,2023-01-13,1570
1313,聯成,30,0,30,港商法國興業,2023-01-13,1570
2504,國產,30,0,30,港商法國興業,2023-01-13,1570
2105,正新,29,0,29,港商法國興業,2023-01-13,1570
4904,遠傳,29,0,29,港商法國興業,2023-01-13,1570
2607,榮運,28,0,28,港商法國興業,2023-01-13,1570
3706,神達,28,0,28,港商法國興業,2023-01-13,1570
2023,燁輝,27,0,27,港商法國興業,2023-01-13,1570
1216,統一,27,0,27,港商法國興業,2023-01-13,1570
2352,佳世達,27,0,27,港商法國興業,2023-01-13,1570
1305,華夏,26,0,26,港商法國興業,2023-01-13,1570
1326,台化,25,0,25,港商法國興業,2023-01-13,1570
2495,普安,25,0,25,港商法國興業,2023-01-13,1570
2615,萬海,24,0,24,港商法國興業,2023-01-13,1570
1612,宏泰,22,0,22,港商法國興業,2023-01-13,1570
2367,燿華,22,0,22,港商法國興業,2023-01-13,1570
2888,新光金,271,0,271,港商法國興業,2023-01-16,1570
2330,台積電,214,0,214,港商法國興業,2023-01-16,1570
2891,中信金,194,0,194,港商法國興業,2023-01-16,1570
2884,玉山金,193,0,193,港商法國興業,2023-01-16,1570
2801,彰銀,176,0,176,港商法國興業,2023-01-16,1570
2002,中鋼,167,0,167,港商法國興業,2023-01-16,1570
2886,兆豐金,166,0,166,港商法國興業,2023-01-16,1570
2881,富邦金,177,20,157,港商法國興業,2023-01-16,1570
2885,元大金,128,0,128,港商法國興業,2023-01-16,1570
2892,第一金,122,0,122,港商法國興業,2023-01-16,1570
2880,華南金,119,0,119,港商法國興業,2023-01-16,1570
2887,台新金,111,0,111,港商法國興業,2023-01-16,1570
2049,上銀,110,0,110,港商法國興業,2023-01-16,1570
5880,合庫金,109,0,109,港商法國興業,2023-01-16,1570
1216,統一,89,0,89,港商法國興業,2023-01-16,1570
1326,台化,85,0,85,港商法國興業,2023-01-16,1570
1303,南亞,85,0,85,港商法國興業,2023-01-16,1570
1402,遠東新,82,0,82,港商法國興業,2023-01-16,1570
6505,台塑化,81,0,81,港商法國興業,2023-01-16,1570
6770,力積電,77,0,77,港商法國興業,2023-01-16,1570
2867,三商壽,75,0,75,港商法國興業,2023-01-16,1570
2845,遠東銀,70,0,70,港商法國興業,2023-01-16,1570
2324,仁寶,68,0,68,港商法國興業,2023-01-16,1570
2317,鴻海,167,100,67,港商法國興業,2023-01-16,1570
1301,台塑,66,0,66,港商法國興業,2023-01-16,1570
2812,台中銀,65,0,65,港商法國興業,2023-01-16,1570
3231,緯創,65,0,65,港商法國興業,2023-01-16,1570
2347,聯強,64,0,64,港商法國興業,2023-01-16,1570
1102,亞泥,63,0,63,港商法國興業,2023-01-16,1570
5876,上海商銀,61,0,61,港商法國興業,2023-01-16,1570
2834,臺企銀,58,0,58,港商法國興業,2023-01-16,1570
2412,中華電,57,0,57,港商法國興業,2023-01-16,1570
8150,南茂,51,0,51,港商法國興業,2023-01-16,1570
1440,南紡,50,0,50,港商法國興業,2023-01-16,1570
2515,中工,49,0,49,港商法國興業,2023-01-16,1570
1504,東元,48,0,48,港商法國興業,2023-01-16,1570
2633,台灣高鐵,48,0,48,港商法國興業,2023-01-16,1570
2838,聯邦銀,46,0,46,港商法國興業,2023-01-16,1570
4938,和碩,46,0,46,港商法國興業,2023-01-16,1570
2897,王道銀行,44,0,44,港商法國興業,2023-01-16,1570
3049,精金,44,0,44,港商法國興業,2023-01-16,1570
9907,統一實,43,0,43,港商法國興業,2023-01-16,1570
4960,誠美材,40,0,40,港商法國興業,2023-01-16,1570
3045,台灣大,39,0,39,港商法國興業,2023-01-16,1570
1314,中石化,38,0,38,港商法國興業,2023-01-16,1570
2489,瑞軒,38,0,38,港商法國興業,2023-01-16,1570
4904,遠傳,38,0,38,港商法國興業,2023-01-16,1570
1717,長興,37,0,37,港商法國興業,2023-01-16,1570
2382,廣達,36,0,36,港商法國興業,2023-01-16,1570
2030,彰源,32,0,32,港商法國興業,2023-01-16,1570
2633,台灣高鐵,453,0,453,港商法國興業,2023-01-17,1570
3231,緯創,335,0,335,港商法國興業,2023-01-17,1570
2884,玉山金,245,0,245,港商法國興業,2023-01-17,1570
2891,中信金,198,0,198,港商法國興業,2023-01-17,1570
2886,兆豐金,187,0,187,港商法國興業,2023-01-17,1570
2883,凱基金,185,0,185,港商法國興業,2023-01-17,1570
2885,元大金,152,0,152,港商法國興業,2023-01-17,1570
2892,第一金,144,0,144,港商法國興業,2023-01-17,1570
2880,華南金,135,0,135,港商法國興業,2023-01-17,1570
3711,日月光投控,161,30,131,港商法國興業,2023-01-17,1570
2801,彰銀,122,0,122,港商法國興業,2023-01-17,1570
1402,遠東新,112,0,112,港商法國興業,2023-01-17,1570
5483,中美晶,106,0,106,港商法國興業,2023-01-17,1570
2890,永豐金,96,0,96,港商法國興業,2023-01-17,1570
5876,上海商銀,88,0,88,港商法國興業,2023-01-17,1570
2330,台積電,74,0,74,港商法國興業,2023-01-17,1570
2353,宏��,74,0,74,港商法國興業,2023-01-17,1570
2887,台新金,117,43,74,港商法國興業,2023-01-17,1570
2610,華航,67,0,67,港商法國興業,2023-01-17,1570
2317,鴻海,60,0,60,港商法國興業,2023-01-17,1570
2834,臺企銀,60,0,60,港商法國興業,2023-01-17,1570
2324,仁寶,58,0,58,港商法國興業,2023-01-17,1570
1612,宏泰,56,0,56,港商法國興業,2023-01-17,1570
1810,和成,56,0,56,港商法國興業,2023-01-17,1570
2913,農林,56,0,56,港商法國興業,2023-01-17,1570
2618,長榮航,53,0,53,港商法國興業,2023-01-17,1570
5871,中租-KY,32,0,32,港商法國興業,2023-01-17,1570
2542,興富發,29,0,29,港商法國興業,2023-01-17,1570
1904,正隆,28,0,28,港商法國興業,2023-01-17,1570
2344,華邦電,28,0,28,港商法國興業,2023-01-17,1570
5880,合庫金,28,0,28,港商法國興業,2023-01-17,1570
6116,彩晶,28,0,28,港商法國興業,2023-01-17,1570
2358,廷鑫,26,0,26,港商法國興業,2023-01-17,1570
1216,統一,23,0,23,港商法國興業,2023-01-17,1570
2301,光寶科,23,0,23,港商法國興業,2023-01-17,1570
2912,統一超,17,0,17,港商法國興業,2023-01-17,1570
2354,鴻準,16,0,16,港商法國興業,2023-01-17,1570
3715,定穎投控,16,0,16,港商法國興業,2023-01-17,1570
2609,陽明,15,0,15,港商法國興業,2023-01-17,1570
3714,富采,15,0,15,港商法國興業,2023-01-17,1570
2748,雲品,12,0,12,港商法國興業,2023-01-17,1570
2520,冠德,12,0,12,港商法國興業,2023-01-17,1570
5347,世界,12,0,12,港商法國興業,2023-01-17,1570
2105,正新,10,0,10,港商法國興業,2023-01-17,1570
5009,榮剛,10,0,10,港商法國興業,2023-01-17,1570
8069,元太,10,0,10,港商法國興業,2023-01-17,1570
2412,中華電,9,0,9,港商法國興業,2023-01-17,1570
5536,聖暉*,9,0,9,港商法國興業,2023-01-17,1570
2308,台達電,8,0,8,港商法國興業,2023-01-17,1570
1536,和大,7,0,7,港商法國興業,2023-01-17,1570
2409,友達,822,0,822,港商法國興業,2023-01-30,1570
2303,聯電,765,177,588,港商法國興業,2023-01-30,1570
2313,華通,581,0,581,港商法國興業,2023-01-30,1570
1605,華新,624,100,524,港商法國興業,2023-01-30,1570
2324,仁寶,556,42,514,港商法國興業,2023-01-30,1570
2888,新光金,495,0,495,港商法國興業,2023-01-30,1570
2002,中鋼,479,0,479,港商法國興業,2023-01-30,1570
2881,富邦金,390,86,304,港商法國興業,2023-01-30,1570
3231,緯創,289,29,260,港商法國興業,2023-01-30,1570
2891,中信金,567,310,257,港商法國興業,2023-01-30,1570
2317,鴻海,343,98,245,港商法國興業,2023-01-30,1570
1326,台化,304,77,227,港商法國興業,2023-01-30,1570
2609,陽明,259,36,223,港商法國興業,2023-01-30,1570
6770,力積電,323,110,213,港商法國興業,2023-01-30,1570
1101,台泥,210,0,210,港商法國興業,2023-01-30,1570
3037,欣興,238,29,209,港商法國興業,2023-01-30,1570
1314,中石化,200,0,200,港商法國興業,2023-01-30,1570
2330,台積電,458,286,172,港商法國興業,2023-01-30,1570
2890,永豐金,383,211,172,港商法國興業,2023-01-30,1570
2618,長榮航,228,76,152,港商法國興業,2023-01-30,1570
2454,聯發科,167,16,151,港商法國興業,2023-01-30,1570
2408,南亞科,180,36,144,港商法國興業,2023-01-30,1570
1402,遠東新,145,10,135,港商法國興業,2023-01-30,1570
2887,台新金,299,166,133,港商法國興業,2023-01-30,1570
2349,錸德,125,0,125,港商法國興業,2023-01-30,1570
2301,光寶科,115,0,115,港商法國興業,2023-01-30,1570
2382,廣達,133,20,113,港商法國興業,2023-01-30,1570
1504,東元,112,0,112,港商法國興業,2023-01-30,1570
3189,景碩,103,0,103,港商法國興業,2023-01-30,1570
2449,京元電子,102,0,102,港商法國興業,2023-01-30,1570
2356,英業達,85,0,85,港商法國興業,2023-01-30,1570
2308,台達電,97,13,84,港商法國興業,2023-01-30,1570
2884,玉山金,345,263,82,港商法國興業,2023-01-30,1570
4919,新唐,80,3,77,港商法國興業,2023-01-30,1570
5880,合庫金,315,239,76,港商法國興業,2023-01-30,1570
5871,中租-KY,75,0,75,港商法國興業,2023-01-30,1570
2376,技嘉,73,0,73,港商法國興業,2023-01-30,1570
2892,第一金,316,246,70,港商法國興業,2023-01-30,1570
3682,亞太電,68,0,68,港商法國興業,2023-01-30,1570
2610,華航,153,89,64,港商法國興業,2023-01-30,1570
2886,兆豐金,335,278,57,港商法國興業,2023-01-30,1570
2880,華南金,308,253,55,港商法國興業,2023-01-30,1570
1102,亞泥,60,8,52,港商法國興業,2023-01-30,1570
2885,元大金,416,364,52,港商法國興業,2023-01-30,1570
3680,家登,49,0,49,港商法國興業,2023-01-30,1570
2353,宏��,84,37,47,港商法國興業,2023-01-30,1570
3028,增你強,46,0,46,港商法國興業,2023-01-30,1570
2820,華票,44,0,44,港商法國興業,2023-01-30,1570
1434,福懋,61,18,43,港商法國興業,2023-01-30,1570
1447,力鵬,43,0,43,港商法國興業,2023-01-30,1570
2376,技嘉,458,20,438,港商法國興業,2023-01-31,1570
2610,華航,391,146,245,港商法國興業,2023-01-31,1570
1802,台玻,214,0,214,港商法國興業,2023-01-31,1570
3035,智原,156,0,156,港商法國興業,2023-01-31,1570
2313,華通,148,0,148,港商法國興業,2023-01-31,1570
2201,裕隆,153,23,130,港商法國興業,2023-01-31,1570
2324,仁寶,776,650,126,港商法國興業,2023-01-31,1570
3189,景碩,122,0,122,港商法國興業,2023-01-31,1570
3231,緯創,112,0,112,港商法國興業,2023-01-31,1570
8996,高力,90,0,90,港商法國興業,2023-01-31,1570
5483,中美晶,86,1,85,港商法國興業,2023-01-31,1570
2449,京元電子,81,0,81,港商法國興業,2023-01-31,1570
2498,宏達電,75,0,75,港商法國興業,2023-01-31,1570
3006,晶豪科,78,20,58,港商法國興業,2023-01-31,1570
2338,光罩,53,0,53,港商法國興業,2023-01-31,1570
3044,健鼎,53,0,53,港商法國興業,2023-01-31,1570
4919,新唐,48,0,48,港商法國興業,2023-01-31,1570
3047,訊舟,45,0,45,港商法國興業,2023-01-31,1570
3532,台勝科,55,10,45,港商法國興業,2023-01-31,1570
6176,瑞儀,43,0,43,港商法國興業,2023-01-31,1570
2401,凌陽,41,0,41,港商法國興業,2023-01-31,1570
2495,普安,41,0,41,港商法國興業,2023-01-31,1570
3707,漢磊,40,0,40,港商法國興業,2023-01-31,1570
4958,臻鼎-KY,39,0,39,港商法國興業,2023-01-31,1570
3680,家登,38,0,38,港商法國興業,2023-01-31,1570
2106,建大,35,0,35,港商法國興業,2023-01-31,1570
2049,上銀,44,10,34,港商法國興業,2023-01-31,1570
2492,華新科,34,0,34,港商法國興業,2023-01-31,1570
8028,昇陽半導體,40,6,34,港商法國興業,2023-01-31,1570
6271,同欣電,33,0,33,港商法國興業,2023-01-31,1570
2354,鴻準,39,14,25,港商法國興業,2023-01-31,1570
2328,廣宇,20,0,20,港商法國興業,2023-01-31,1570
3260,威剛,20,0,20,港商法國興業,2023-01-31,1570
2439,美律,18,0,18,港商法國興業,2023-01-31,1570
1517,利奇,16,0,16,港商法國興業,2023-01-31,1570
2636,台驊控股,15,0,15,港商法國興業,2023-01-31,1570
3013,晟銘電,15,0,15,港商法國興業,2023-01-31,1570
3715,定穎投控,15,0,15,港商法國興業,2023-01-31,1570
6670,復盛應用,15,0,15,港商法國興業,2023-01-31,1570
3016,嘉晶,14,0,14,港商法國興業,2023-01-31,1570
2034,允強,24,11,13,港商法國興業,2023-01-31,1570
4976,佳凌,13,0,13,港商法國興業,2023-01-31,1570
6533,晶心科,14,1,13,港商法國興業,2023-01-31,1570
2316,楠梓電,12,0,12,港商法國興業,2023-01-31,1570
3092,鴻碩,11,0,11,港商法國興業,2023-01-31,1570
3169,亞信,11,0,11,港商法國興業,2023-01-31,1570
9938,百和,11,0,11,港商法國興業,2023-01-31,1570
2539,櫻花建,10,0,10,港商法國興業,2023-01-31,1570
3406,玉晶光,11,1,10,港商法國興業,2023-01-31,1570
3596,智易,10,0,10,港商法國興業,2023-01-31,1570
6770,力積電,905,260,645,港商法國興業,2023-02-01,1570
3034,聯詠,318,14,304,港商法國興業,2023-02-01,1570
3189,景碩,242,0,242,港商法國興業,2023-02-01,1570
4915,致伸,240,0,240,港商法國興業,2023-02-01,1570
2474,可成,171,0,171,港商法國興業,2023-02-01,1570
6456,GIS-KY,144,0,144,港商法國興業,2023-02-01,1570
1605,華新,220,79,141,港商法國興業,2023-02-01,1570
3706,神達,133,0,133,港商法國興業,2023-02-01,1570
2344,華邦電,131,0,131,港商法國興業,2023-02-01,1570
8110,華東,127,0,127,港商法國興業,2023-02-01,1570
2454,聯發科,124,0,124,港商法國興業,2023-02-01,1570
8044,網家,110,0,110,港商法國興業,2023-02-01,1570
2313,華通,133,25,108,港商法國興業,2023-02-01,1570
2618,長榮航,103,0,103,港商法國興業,2023-02-01,1570
6176,瑞儀,103,0,103,港商法國興業,2023-02-01,1570
6670,復盛應用,73,0,73,港商法國興業,2023-02-01,1570
3036,文曄,69,0,69,港商法國興業,2023-02-01,1570
2401,凌陽,64,0,64,港商法國興業,2023-02-01,1570
3037,欣興,64,0,64,港商法國興業,2023-02-01,1570
2890,永豐金,63,0,63,港商法國興業,2023-02-01,1570
6139,亞翔,63,0,63,港商法國興業,2023-02-01,1570
2801,彰銀,61,0,61,港商法國興業,2023-02-01,1570
2881,富邦金,59,0,59,港商法國興業,2023-02-01,1570
6116,彩晶,53,0,53,港商法國興業,2023-02-01,1570
1720,生達,52,0,52,港商法國興業,2023-02-01,1570
2615,萬海,49,0,49,港商法國興業,2023-02-01,1570
3450,聯鈞,48,0,48,港商法國興業,2023-02-01,1570
2603,長榮,158,111,47,港商法國興業,2023-02-01,1570
2610,華航,395,351,44,港商法國興業,2023-02-01,1570
1785,光洋科,43,0,43,港商法國興業,2023-02-01,1570
2492,華新科,42,0,42,港商法國興業,2023-02-01,1570
5243,乙盛-KY,38,0,38,港商法國興業,2023-02-01,1570
3260,威剛,36,0,36,港商法國興業,2023-02-01,1570
2430,燦坤,34,0,34,港商法國興業,2023-02-01,1570
1102,亞泥,33,0,33,港商法國興業,2023-02-01,1570
2303,聯電,31,1,30,港商法國興業,2023-02-01,1570
5471,松翰,30,0,30,港商法國興業,2023-02-01,1570
3005,神基,29,0,29,港商法國興業,2023-02-01,1570
6182,合晶,26,0,26,港商法國興業,2023-02-01,1570
8046,南電,26,0,26,港商法國興業,2023-02-01,1570
2481,強茂,25,0,25,港商法國興業,2023-02-01,1570
2317,鴻海,24,0,24,港商法國興業,2023-02-01,1570
9904,寶成,44,21,23,港商法國興業,2023-02-01,1570
9910,豐泰,22,0,22,港商法國興業,2023-02-01,1570
2371,大同,21,0,21,港商法國興業,2023-02-01,1570
3707,漢磊,21,0,21,港商法國興業,2023-02-01,1570
2206,三陽工業,20,0,20,港商法國興業,2023-02-01,1570
5388,中磊,20,0,20,港商法國興業,2023-02-01,1570
2439,美律,18,0,18,港商法國興業,2023-02-01,1570
8916,光隆,18,0,18,港商法國興業,2023-02-01,1570
00631L,元大台灣50正2,500,0,500,港商法國興業,2023-02-02,1570
2344,華邦電,316,0,316,港商法國興業,2023-02-02,1570
2618,長榮航,353,50,303,港商法國興業,2023-02-02,1570
6770,力積電,771,490,281,港商法國興業,2023-02-02,1570
2337,旺宏,180,0,180,港商法國興業,2023-02-02,1570
2449,京元電子,155,0,155,港商法國興業,2023-02-02,1570
3037,欣興,144,0,144,港商法國興業,2023-02-02,1570
2603,長榮,126,0,126,港商法國興業,2023-02-02,1570
3711,日月光投控,130,7,123,港商法國興業,2023-02-02,1570
3189,景碩,111,3,108,港商法國興業,2023-02-02,1570
2201,裕隆,88,0,88,港商法國興業,2023-02-02,1570
2313,華通,176,93,83,港商法國興業,2023-02-02,1570
9910,豐泰,72,0,72,港商法國興業,2023-02-02,1570
2851,中再保,68,0,68,港商法國興業,2023-02-02,1570
2354,鴻準,60,0,60,港商法國興業,2023-02-02,1570
2347,聯強,55,0,55,港商法國興業,2023-02-02,1570
2454,聯發科,50,0,50,港商法國興業,2023-02-02,1570
8916,光隆,42,0,42,港商法國興業,2023-02-02,1570
2881,富邦金,41,0,41,港商法國興業,2023-02-02,1570
1216,統一,56,20,36,港商法國興業,2023-02-02,1570
5243,乙盛-KY,35,0,35,港商法國興業,2023-02-02,1570
2049,上銀,34,0,34,港商法國興業,2023-02-02,1570
1517,利奇,33,0,33,港商法國興業,2023-02-02,1570
3044,健鼎,33,0,33,港商法國興業,2023-02-02,1570
2636,台驊控股,30,0,30,港商法國興業,2023-02-02,1570
2406,國碩,30,0,30,港商法國興業,2023-02-02,1570
5483,中美晶,26,0,26,港商法國興業,2023-02-02,1570
2303,聯電,30,8,22,港商法國興業,2023-02-02,1570
3034,聯詠,66,44,22,港商法國興業,2023-02-02,1570
3006,晶豪科,20,0,20,港商法國興業,2023-02-02,1570
3041,揚智,19,0,19,港商法國興業,2023-02-02,1570
2108,南帝,15,0,15,港商法國興業,2023-02-02,1570
3715,定穎投控,15,0,15,港商法國興業,2023-02-02,1570
6176,瑞儀,15,0,15,港商法國興業,2023-02-02,1570
3592,瑞鼎,14,0,14,港商法國興業,2023-02-02,1570
1527,鑽全,13,0,13,港商法國興業,2023-02-02,1570
2539,櫻花建,13,0,13,港商法國興業,2023-02-02,1570
2609,陽明,62,50,12,港商法國興業,2023-02-02,1570
3231,緯創,12,0,12,港商法國興業,2023-02-02,1570
4958,臻鼎-KY,11,0,11,港商法國興業,2023-02-02,1570
6531,愛普*,10,0,10,港商法國興業,2023-02-02,1570
2006,東和鋼鐵,9,0,9,港商法國興業,2023-02-02,1570
2897,王道銀行,9,0,9,港商法國興業,2023-02-02,1570
3665,貿聯-KY,9,0,9,港商法國興業,2023-02-02,1570
1795,美時,8,0,8,港商法國興業,2023-02-02,1570
6121,新普,7,0,7,港商法國興業,2023-02-02,1570
00675L,富邦臺灣加權正2,6,0,6,港商法國興業,2023-02-02,1570
4770,上品,6,0,6,港商法國興業,2023-02-02,1570
6830,汎銓,6,0,6,港商法國興業,2023-02-02,1570
1526,日馳,5,0,5,港商法國興業,2023-02-02,1570
6770,力積電,610,0,610,港商法國興業,2023-02-03,1570
2887,台新金,433,0,433,港商法國興業,2023-02-03,1570
2890,永豐金,320,0,320,港商法國興業,2023-02-03,1570
2892,第一金,231,0,231,港商法國興業,2023-02-03,1570
2330,台積電,233,5,228,港商法國興業,2023-02-03,1570
2354,鴻準,191,0,191,港商法國興業,2023-02-03,1570
2891,中信金,190,0,190,港商法國興業,2023-02-03,1570
2317,鴻海,186,0,186,港商法國興業,2023-02-03,1570
2882,國泰金,139,0,139,港商法國興業,2023-02-03,1570
4919,新唐,110,0,110,港商法國興業,2023-02-03,1570
2409,友達,121,26,95,港商法國興業,2023-02-03,1570
2313,華通,95,0,95,港商法國興業,2023-02-03,1570
2888,新光金,87,0,87,港商法國興業,2023-02-03,1570
2201,裕隆,81,0,81,港商法國興業,2023-02-03,1570
2002,中鋼,78,0,78,港商法國興業,2023-02-03,1570
1301,台塑,78,0,78,港商法國興業,2023-02-03,1570
5258,虹堡,77,0,77,港商法國興業,2023-02-03,1570
3036,文曄,76,0,76,港商法國興業,2023-02-03,1570
2886,兆豐金,75,0,75,港商法國興業,2023-02-03,1570
2884,玉山金,86,21,65,港商法國興業,2023-02-03,1570
5880,合庫金,65,0,65,港商法國興業,2023-02-03,1570
1785,光洋科,63,0,63,港商法國興業,2023-02-03,1570
2449,京元電子,62,0,62,港商法國興業,2023-02-03,1570
2801,彰銀,61,0,61,港商法國興業,2023-02-03,1570
2880,華南金,58,0,58,港商法國興業,2023-02-03,1570
2474,可成,66,10,56,港商法國興業,2023-02-03,1570
1795,美時,54,0,54,港商法國興業,2023-02-03,1570
1303,南亞,54,0,54,港商法國興業,2023-02-03,1570
2603,長榮,58,7,51,港商法國興業,2023-02-03,1570
6285,啟��,51,0,51,港商法國興業,2023-02-03,1570
2498,宏達電,49,0,49,港商法國興業,2023-02-03,1570
2609,陽明,52,5,47,港商法國興業,2023-02-03,1570
5876,上海商銀,47,0,47,港商法國興業,2023-02-03,1570
2482,連宇,46,0,46,港商法國興業,2023-02-03,1570
2104,國際中橡,46,0,46,港商法國興業,2023-02-03,1570
2208,台船,42,0,42,港商法國興業,2023-02-03,1570
1101,台泥,40,0,40,港商法國興業,2023-02-03,1570
2102,泰豐,40,0,40,港商法國興業,2023-02-03,1570
1504,東元,39,0,39,港商法國興業,2023-02-03,1570
3592,瑞鼎,39,0,39,港商法國興業,2023-02-03,1570
2881,富邦金,88,50,38,港商法國興業,2023-02-03,1570
9105,泰金寶-DR,38,0,38,港商法國興業,2023-02-03,1570
2353,宏��,36,0,36,港商法國興業,2023-02-03,1570
2883,凱基金,31,0,31,港商法國興業,2023-02-03,1570
1402,遠東新,28,0,28,港商法國興業,2023-02-03,1570
3005,神基,26,0,26,港商法國興業,2023-02-03,1570
2412,中華電,25,0,25,港商法國興業,2023-02-03,1570
2206,三陽工業,25,0,25,港商法國興業,2023-02-03,1570
2615,萬海,24,0,24,港商法國興業,2023-02-03,1570
4904,遠傳,23,0,23,港商法國興業,2023-02-03,1570
2890,永豐金,769,30,739,港商法國興業,2023-02-06,1570
2610,華航,529,0,529,港商法國興業,2023-02-06,1570
2888,新光金,231,0,231,港商法國興業,2023-02-06,1570
2303,聯電,277,79,198,港商法國興業,2023-02-06,1570
2891,中信金,167,0,167,港商法國興業,2023-02-06,1570
2887,台新金,153,0,153,港商法國興業,2023-02-06,1570
1701,中化,130,0,130,港商法國興業,2023-02-06,1570
2449,京元電子,127,0,127,港商法國興業,2023-02-06,1570
3704,合勤控,90,0,90,港商法國興業,2023-02-06,1570
2201,裕隆,84,8,76,港商法國興業,2023-02-06,1570
2412,中華電,78,3,75,港商法國興業,2023-02-06,1570
1301,台塑,75,0,75,港商法國興業,2023-02-06,1570
1319,東陽,70,0,70,港商法國興業,2023-02-06,1570
3714,富采,70,0,70,港商法國興業,2023-02-06,1570
2376,技嘉,75,6,69,港商法國興業,2023-02-06,1570
2618,長榮航,347,280,67,港商法國興業,2023-02-06,1570
2903,遠百,63,0,63,港商法國興業,2023-02-06,1570
2301,光寶科,60,0,60,港商法國興業,2023-02-06,1570
3705,永信,60,0,60,港商法國興業,2023-02-06,1570
5014,建錩,60,0,60,港商法國興業,2023-02-06,1570
2637,慧洋-KY,50,0,50,港商法國興業,2023-02-06,1570
2498,宏達電,49,0,49,港商法國興業,2023-02-06,1570
2885,元大金,110,61,49,港商法國興業,2023-02-06,1570
2881,富邦金,73,25,48,港商法國興業,2023-02-06,1570
4938,和碩,50,5,45,港商法國興業,2023-02-06,1570
2377,微星,72,29,43,港商法國興業,2023-02-06,1570
5880,合庫金,110,67,43,港商法國興業,2023-02-06,1570
1609,大亞,41,0,41,港商法國興業,2023-02-06,1570
1708,東鹼,40,0,40,港商法國興業,2023-02-06,1570
1305,華夏,40,0,40,港商法國興業,2023-02-06,1570
5009,榮剛,40,0,40,港商法國興業,2023-02-06,1570
5425,台半,40,0,40,港商法國興業,2023-02-06,1570
2328,廣宇,37,0,37,港商法國興業,2023-02-06,1570
2801,彰銀,36,0,36,港商法國興業,2023-02-06,1570
2317,鴻海,34,0,34,港商法國興業,2023-02-06,1570
2882,國泰金,87,55,32,港商法國興業,2023-02-06,1570
2368,金像電,30,0,30,港商法國興業,2023-02-06,1570
2345,智邦,30,2,28,港商法國興業,2023-02-06,1570
5347,世界,30,5,25,港商法國興業,2023-02-06,1570
6789,采鈺,21,0,21,港商法國興業,2023-02-06,1570
4746,台耀,20,0,20,港商法國興業,2023-02-06,1570
4763,材料-KY,18,0,18,港商法國興業,2023-02-06,1570
5876,上海商銀,37,19,18,港商法國興業,2023-02-06,1570
2603,長榮,16,0,16,港商法國興業,2023-02-06,1570
2353,宏��,16,0,16,港商法國興業,2023-02-06,1570
6176,瑞儀,16,0,16,港商法國興業,2023-02-06,1570
1402,遠東新,20,8,12,港商法國興業,2023-02-06,1570
3016,嘉晶,12,0,12,港商法國興業,2023-02-06,1570
2886,兆豐金,11,0,11,港商法國興業,2023-02-06,1570
3169,亞信,11,0,11,港商法國興業,2023-02-06,1570
2317,鴻海,695,0,695,港商法國興業,2023-02-07,1570
2887,台新金,202,0,202,港商法國興業,2023-02-07,1570
2603,長榮,156,0,156,港商法國興業,2023-02-07,1570
2324,仁寶,133,0,133,港商法國興業,2023-02-07,1570
1314,中石化,125,0,125,港商法國興業,2023-02-07,1570
8050,廣積,124,0,124,港商法國興業,2023-02-07,1570
2303,聯電,118,0,118,港商法國興業,2023-02-07,1570
3034,聯詠,103,0,103,港商法國興業,2023-02-07,1570
2801,彰銀,83,0,83,港商法國興業,2023-02-07,1570
2897,王道銀行,69,0,69,港商法國興業,2023-02-07,1570
4960,誠美材,63,0,63,港商法國興業,2023-02-07,1570
6182,合晶,83,20,63,港商法國興業,2023-02-07,1570
2201,裕隆,62,0,62,港商法國興業,2023-02-07,1570
2353,宏��,59,0,59,港商法國興業,2023-02-07,1570
2029,盛餘,58,0,58,港商法國興業,2023-02-07,1570
3231,緯創,58,0,58,港商法國興業,2023-02-07,1570
1316,上曜,55,0,55,港商法國興業,2023-02-07,1570
2851,中再保,55,0,55,港商法國興業,2023-02-07,1570
1308,亞聚,51,0,51,港商法國興業,2023-02-07,1570
2408,南亞科,58,8,50,港商法國興業,2023-02-07,1570
1609,大亞,48,0,48,港商法國興業,2023-02-07,1570
2312,金寶,48,0,48,港商法國興業,2023-02-07,1570
1477,聚陽,44,0,44,港商法國興業,2023-02-07,1570
2105,正新,39,0,39,港商法國興業,2023-02-07,1570
6176,瑞儀,39,0,39,港商法國興業,2023-02-07,1570
1810,和成,36,0,36,港商法國興業,2023-02-07,1570
1909,榮成,36,0,36,港商法國興業,2023-02-07,1570
1301,台塑,35,0,35,港商法國興業,2023-02-07,1570
2504,國產,35,0,35,港商法國興業,2023-02-07,1570
6139,亞翔,35,0,35,港商法國興業,2023-02-07,1570
1201,味全,32,0,32,港商法國興業,2023-02-07,1570
1444,力麗,31,0,31,港商法國興業,2023-02-07,1570
1721,三晃,30,0,30,港商法國興業,2023-02-07,1570
2891,中信金,30,0,30,港商法國興業,2023-02-07,1570
3529,力旺,29,0,29,港商法國興業,2023-02-07,1570
2890,永豐金,27,0,27,港商法國興業,2023-02-07,1570
2006,東和鋼鐵,24,0,24,港商法國興業,2023-02-07,1570
9907,統一實,24,0,24,港商法國興業,2023-02-07,1570
2103,台橡,23,0,23,港商法國興業,2023-02-07,1570
2609,陽明,23,0,23,港商法國興業,2023-02-07,1570
2109,華豐,22,0,22,港商法國興業,2023-02-07,1570
1717,長興,22,0,22,港商法國興業,2023-02-07,1570
1103,嘉泥,22,0,22,港商法國興業,2023-02-07,1570
2852,第一保,22,0,22,港商法國興業,2023-02-07,1570
2884,玉山金,22,0,22,港商法國興業,2023-02-07,1570
3673,TPK-KY,22,0,22,港商法國興業,2023-02-07,1570
6153,嘉聯益,22,0,22,港商法國興業,2023-02-07,1570
9933,中鼎,22,0,22,港商法國興業,2023-02-07,1570
1216,統一,21,0,21,港商法國興業,2023-02-07,1570
1514,亞力,21,0,21,港商法國興業,2023-02-07,1570
2454,聯發科,1321,15,1306,港商法國興業,2023-02-08,1570
3481,群創,800,500,300,港商法國興業,2023-02-08,1570
2449,京元電子,215,8,207,港商法國興業,2023-02-08,1570
4960,誠美材,163,0,163,港商法國興業,2023-02-08,1570
2382,廣達,161,0,161,港商法國興業,2023-02-08,1570
2027,大成鋼,181,20,161,港商法國興業,2023-02-08,1570
2867,三商壽,123,0,123,港商法國興業,2023-02-08,1570
2002,中鋼,119,8,111,港商法國興業,2023-02-08,1570
3006,晶豪科,108,4,104,港商法國興業,2023-02-08,1570
1402,遠東新,92,0,92,港商法國興業,2023-02-08,1570
2615,萬海,79,0,79,港商法國興業,2023-02-08,1570
2409,友達,72,0,72,港商法國興業,2023-02-08,1570
2330,台積電,86,19,67,港商法國興業,2023-02-08,1570
3036,文曄,54,0,54,港商法國興業,2023-02-08,1570
2890,永豐金,50,0,50,港商法國興業,2023-02-08,1570
2881,富邦金,50,5,45,港商法國興業,2023-02-08,1570
3044,健鼎,47,4,43,港商法國興業,2023-02-08,1570
1609,大亞,39,0,39,港商法國興業,2023-02-08,1570
2888,新光金,35,0,35,港商法國興業,2023-02-08,1570
2206,三陽工業,41,10,31,港商法國興業,2023-02-08,1570
4958,臻鼎-KY,30,0,30,港商法國興業,2023-02-08,1570
5876,上海商銀,26,0,26,港商法國興業,2023-02-08,1570
6182,合晶,21,0,21,港商法國興業,2023-02-08,1570
2618,長榮航,20,0,20,港商法國興業,2023-02-08,1570
6770,力積電,20,0,20,港商法國興業,2023-02-08,1570
1227,佳格,18,0,18,港商法國興業,2023-02-08,1570
5009,榮剛,16,0,16,港商法國興業,2023-02-08,1570
2201,裕隆,14,0,14,港商法國興業,2023-02-08,1570
4976,佳凌,14,0,14,港商法國興業,2023-02-08,1570
2204,中華,11,0,11,港商法國興業,2023-02-08,1570
2105,正新,10,0,10,港商法國興業,2023-02-08,1570
4977,眾達-KY,10,0,10,港商法國興業,2023-02-08,1570
9925,新保,9,0,9,港商法國興業,2023-02-08,1570
3532,台勝科,8,0,8,港商法國興業,2023-02-08,1570
3596,智易,8,0,8,港商法國興業,2023-02-08,1570
6691,洋基工程,7,0,7,港商法國興業,2023-02-08,1570
9910,豐泰,7,0,7,港商法國興業,2023-02-08,1570
2211,長榮鋼,6,0,6,港商法國興業,2023-02-08,1570
2368,金像電,10,4,6,港商法國興業,2023-02-08,1570
5347,世界,10,4,6,港商法國興業,2023-02-08,1570
2308,台達電,6,1,5,港商法國興業,2023-02-08,1570
1476,儒鴻,5,0,5,港商法國興業,2023-02-08,1570
1303,南亞,9,4,5,港商法國興業,2023-02-08,1570
1301,台塑,7,3,4,港商法國興業,2023-02-08,1570
3045,台灣大,4,0,4,港商法國興業,2023-02-08,1570
6271,同欣電,4,0,4,港商法國興業,2023-02-08,1570
2345,智邦,3,0,3,港商法國興業,2023-02-08,1570
3711,日月光投控,6,3,3,港商法國興業,2023-02-08,1570
6561,是方,3,0,3,港商法國興業,2023-02-08,1570
6830,汎銓,3,0,3,港商法國興業,2023-02-08,1570
2317,鴻海,1386,0,1386,港商法國興業,2023-02-09,1570
6182,合晶,163,0,163,港商法國興業,2023-02-09,1570
2356,英業達,103,0,103,港商法國興業,2023-02-09,1570
2327,國巨,103,0,103,港商法國興業,2023-02-09,1570
3034,聯詠,98,0,98,港商法國興業,2023-02-09,1570
1409,新纖,78,0,78,港商法國興業,2023-02-09,1570
2105,正新,72,0,72,港商法國興業,2023-02-09,1570
2891,中信金,59,0,59,港商法國興業,2023-02-09,1570
2382,廣達,57,0,57,港商法國興業,2023-02-09,1570
2615,萬海,57,0,57,港商法國興業,2023-02-09,1570
2201,裕隆,51,0,51,港商法國興業,2023-02-09,1570
2887,台新金,51,0,51,港商法國興業,2023-02-09,1570
2353,宏��,50,0,50,港商法國興業,2023-02-09,1570
2603,長榮,50,0,50,港商法國興業,2023-02-09,1570
2609,陽明,47,0,47,港商法國興業,2023-02-09,1570
2801,彰銀,47,0,47,港商法國興業,2023-02-09,1570
2812,台中銀,46,0,46,港商法國興業,2023-02-09,1570
2881,富邦金,43,0,43,港商法國興業,2023-02-09,1570
2882,國泰金,43,0,43,港商法國興業,2023-02-09,1570
2884,玉山金,43,0,43,港商法國興業,2023-02-09,1570
4915,致伸,42,0,42,港商法國興業,2023-02-09,1570
1605,華新,38,0,38,港商法國興業,2023-02-09,1570
2892,第一金,38,0,38,港商法國興業,2023-02-09,1570
2371,大同,36,0,36,港商法國興業,2023-02-09,1570
1717,長興,36,0,36,港商法國興業,2023-02-09,1570
9904,寶成,36,0,36,港商法國興業,2023-02-09,1570
2851,中再保,34,0,34,港商法國興業,2023-02-09,1570
2886,兆豐金,34,0,34,港商法國興業,2023-02-09,1570
2481,強茂,32,0,32,港商法國興業,2023-02-09,1570
6789,采鈺,32,0,32,港商法國興業,2023-02-09,1570
1802,台玻,31,0,31,港商法國興業,2023-02-09,1570
3710,連展投控,28,0,28,港商法國興業,2023-02-09,1570
2303,聯電,27,0,27,港商法國興業,2023-02-09,1570
2610,華航,27,0,27,港商法國興業,2023-02-09,1570
1216,統一,26,0,26,港商法國興業,2023-02-09,1570
1609,大亞,26,0,26,港商法國興業,2023-02-09,1570
3260,威剛,26,0,26,港商法國興業,2023-02-09,1570
2002,中鋼,23,0,23,港商法國興業,2023-02-09,1570
3037,欣興,22,0,22,港商法國興業,2023-02-09,1570
2342,茂矽,21,0,21,港商法國興業,2023-02-09,1570
3504,揚明光,21,0,21,港商法國興業,2023-02-09,1570
3596,智易,21,0,21,港商法國興業,2023-02-09,1570
4958,臻鼎-KY,21,0,21,港商法國興業,2023-02-09,1570
2330,台積電,26,6,20,港商法國興業,2023-02-09,1570
2906,高林,20,0,20,港商法國興業,2023-02-09,1570
3706,神達,20,0,20,港商法國興業,2023-02-09,1570
4938,和碩,20,0,20,港商法國興業,2023-02-09,1570
2542,興富發,19,0,19,港商法國興業,2023-02-09,1570
8049,晶采,19,0,19,港商法國興業,2023-02-09,1570
3163,波若威,18,0,18,港商法國興業,2023-02-09,1570
2201,裕隆,167,0,167,港商法國興業,2023-02-10,1570
2603,長榮,146,0,146,港商法國興業,2023-02-10,1570
2324,仁寶,145,0,145,港商法國興業,2023-02-10,1570
2313,華通,158,20,138,港商法國興業,2023-02-10,1570
2382,廣達,111,6,105,港商法國興業,2023-02-10,1570
2897,王道銀行,105,0,105,港商法國興業,2023-02-10,1570
3231,緯創,93,0,93,港商法國興業,2023-02-10,1570
2882,國泰金,83,0,83,港商法國興業,2023-02-10,1570
1216,統一,73,8,65,港商法國興業,2023-02-10,1570
2615,萬海,65,0,65,港商法國興業,2023-02-10,1570
4958,臻鼎-KY,48,0,48,港商法國興業,2023-02-10,1570
2017,官田鋼,42,0,42,港商法國興業,2023-02-10,1570
2327,國巨,58,17,41,港商法國興業,2023-02-10,1570
2342,茂矽,32,0,32,港商法國興業,2023-02-10,1570
2368,金像電,34,4,30,港商法國興業,2023-02-10,1570
2439,美律,26,0,26,港商法國興業,2023-02-10,1570
3003,健和興,25,0,25,港商法國興業,2023-02-10,1570
3044,健鼎,30,5,25,港商法國興業,2023-02-10,1570
4938,和碩,23,0,23,港商法國興業,2023-02-10,1570
3036,文曄,31,9,22,港商法國興業,2023-02-10,1570
3596,智易,20,0,20,港商法國興業,2023-02-10,1570
8070,長華*,20,0,20,港商法國興業,2023-02-10,1570
2727,王品,19,0,19,港商法國興業,2023-02-10,1570
1909,榮成,18,0,18,港商法國興業,2023-02-10,1570
1227,佳格,27,10,17,港商法國興業,2023-02-10,1570
4755,三福化,17,0,17,港商法國興業,2023-02-10,1570
8271,宇瞻,16,0,16,港商法國興業,2023-02-10,1570
4736,泰博,15,0,15,港商法國興業,2023-02-10,1570
6789,采鈺,16,2,14,港商法國興業,2023-02-10,1570
2408,南亞科,12,0,12,港商法國興業,2023-02-10,1570
4953,緯軟,12,0,12,港商法國興業,2023-02-10,1570
8069,元太,16,4,12,港商法國興業,2023-02-10,1570
6282,康舒,11,0,11,港商法國興業,2023-02-10,1570
8027,鈦昇,10,0,10,港商法國興業,2023-02-10,1570
2548,華固,8,0,8,港商法國興業,2023-02-10,1570
4576,大銀微系統,8,0,8,港商法國興業,2023-02-10,1570
2308,台達電,7,0,7,港商法國興業,2023-02-10,1570
2015,豐興,7,0,7,港商法國興業,2023-02-10,1570
3169,亞信,6,0,6,港商法國興業,2023-02-10,1570
3218,大學光,6,0,6,港商法國興業,2023-02-10,1570
4438,廣越,6,0,6,港商法國興業,2023-02-10,1570
5483,中美晶,6,0,6,港商法國興業,2023-02-10,1570
5534,長虹,6,0,6,港商法國興業,2023-02-10,1570
2404,漢唐,5,0,5,港商法國興業,2023-02-10,1570
3529,力旺,5,0,5,港商法國興業,2023-02-10,1570
2006,東和鋼鐵,4,0,4,港商法國興業,2023-02-10,1570
3005,神基,4,0,4,港商法國興業,2023-02-10,1570
8081,致新,4,0,4,港商法國興業,2023-02-10,1570
2247,汎德永業,3,0,3,港商法國興業,2023-02-10,1570
3019,亞光,3,0,3,港商法國興業,2023-02-10,1570
1802,台玻,309,0,309,港商法國興業,2023-02-13,1570
2891,中信金,241,0,241,港商法國興業,2023-02-13,1570
1102,亞泥,489,256,233,港商法國興業,2023-02-13,1570
2542,興富發,255,25,230,港商法國興業,2023-02-13,1570
2915,潤泰全,198,20,178,港商法國興業,2023-02-13,1570
4958,臻鼎-KY,178,0,178,港商法國興業,2023-02-13,1570
2890,永豐金,163,0,163,港商法國興業,2023-02-13,1570
3231,緯創,139,0,139,港商法國興業,2023-02-13,1570
2887,台新金,115,0,115,港商法國興業,2023-02-13,1570
5876,上海商銀,113,7,106,港商法國興業,2023-02-13,1570
2317,鴻海,104,0,104,港商法國興業,2023-02-13,1570
2610,華航,102,0,102,港商法國興業,2023-02-13,1570
2353,宏��,98,0,98,港商法國興業,2023-02-13,1570
2301,光寶科,94,0,94,港商法國興業,2023-02-13,1570
2356,英業達,94,0,94,港商法國興業,2023-02-13,1570
2313,華通,102,9,93,港商法國興業,2023-02-13,1570
2884,玉山金,89,0,89,港商法國興業,2023-02-13,1570
9938,百和,91,5,86,港商法國興業,2023-02-13,1570
2337,旺宏,95,11,84,港商法國興業,2023-02-13,1570
2347,聯強,80,1,79,港商法國興業,2023-02-13,1570
2201,裕隆,71,0,71,港商法國興業,2023-02-13,1570
6285,啟��,67,0,67,港商法國興業,2023-02-13,1570
2881,富邦金,64,0,64,港商法國興業,2023-02-13,1570
2376,技嘉,76,17,59,港商法國興業,2023-02-13,1570
6239,力成,59,0,59,港商法國興業,2023-02-13,1570
3034,聯詠,61,3,58,港商法國興業,2023-02-13,1570
3189,景碩,59,2,57,港商法國興業,2023-02-13,1570
2637,慧洋-KY,77,29,48,港商法國興業,2023-02-13,1570
3705,永信,57,9,48,港商法國興業,2023-02-13,1570
3454,晶睿,49,2,47,港商法國興業,2023-02-13,1570
2385,群光,42,0,42,港商法國興業,2023-02-13,1570
2606,裕民,40,0,40,港商法國興業,2023-02-13,1570
2618,長榮航,38,0,38,港商法國興業,2023-02-13,1570
3044,健鼎,37,0,37,港商法國興業,2023-02-13,1570
2888,新光金,30,0,30,港商法國興業,2023-02-13,1570
5347,世界,28,0,28,港商法國興業,2023-02-13,1570
2449,京元電子,57,30,27,港商法國興業,2023-02-13,1570
4129,聯合,27,0,27,港商法國興業,2023-02-13,1570
8046,南電,41,14,27,港商法國興業,2023-02-13,1570
3036,文曄,40,16,24,港商法國興業,2023-02-13,1570
2636,台驊控股,30,7,23,港商法國興業,2023-02-13,1570
2006,東和鋼鐵,34,12,22,港商法國興業,2023-02-13,1570
3047,訊舟,20,0,20,港商法國興業,2023-02-13,1570
2308,台達電,18,0,18,港商法國興業,2023-02-13,1570
2883,凱基金,18,0,18,港商法國興業,2023-02-13,1570
8069,元太,19,1,18,港商法國興業,2023-02-13,1570
2412,中華電,16,0,16,港商法國興業,2023-02-13,1570
2912,統一超,16,0,16,港商法國興業,2023-02-13,1570
2801,彰銀,15,0,15,港商法國興業,2023-02-13,1570
5483,中美晶,15,0,15,港商法國興業,2023-02-13,1570
9904,寶成,819,0,819,港商法國興業,2023-02-14,1570
3481,群創,800,272,528,港商法國興業,2023-02-14,1570
1102,亞泥,420,70,350,港商法國興業,2023-02-14,1570
1802,台玻,339,0,339,港商法國興業,2023-02-14,1570
2618,長榮航,326,13,313,港商法國興業,2023-02-14,1570
2891,中信金,291,0,291,港商法國興業,2023-02-14,1570
2610,華航,250,25,225,港商法國興業,2023-02-14,1570
2883,凱基金,224,0,224,港商法國興業,2023-02-14,1570
2542,興富發,234,30,204,港商法國興業,2023-02-14,1570
2890,永豐金,203,0,203,港商法國興業,2023-02-14,1570
4958,臻鼎-KY,192,0,192,港商法國興業,2023-02-14,1570
3231,緯創,191,0,191,港商法國興業,2023-02-14,1570
2313,華通,186,0,186,港商法國興業,2023-02-14,1570
2337,旺宏,177,0,177,港商法國興業,2023-02-14,1570
2915,潤泰全,185,18,167,港商法國興業,2023-02-14,1570
2884,玉山金,132,0,132,港商法國興業,2023-02-14,1570
6257,矽格,117,0,117,港商法國興業,2023-02-14,1570
2356,英業達,94,0,94,港商法國興業,2023-02-14,1570
3702,大聯大,88,0,88,港商法國興業,2023-02-14,1570
2347,聯強,87,0,87,港商法國興業,2023-02-14,1570
6285,啟��,86,0,86,港商法國興業,2023-02-14,1570
2801,彰銀,85,0,85,港商法國興業,2023-02-14,1570
2888,新光金,83,0,83,港商法國興業,2023-02-14,1570
2002,中鋼,72,0,72,港商法國興業,2023-02-14,1570
2609,陽明,100,30,70,港商法國興業,2023-02-14,1570
5434,崇越,70,0,70,港商法國興業,2023-02-14,1570
2887,台新金,67,0,67,港商法國興業,2023-02-14,1570
6239,力成,63,0,63,港商法國興業,2023-02-14,1570
6182,合晶,59,0,59,港商法國興業,2023-02-14,1570
2027,大成鋼,58,0,58,港商法國興業,2023-02-14,1570
2449,京元電子,57,0,57,港商法國興業,2023-02-14,1570
2105,正新,55,0,55,港商法國興業,2023-02-14,1570
2615,萬海,55,0,55,港商法國興業,2023-02-14,1570
2408,南亞科,52,0,52,港商法國興業,2023-02-14,1570
1477,聚陽,54,4,50,港商法國興業,2023-02-14,1570
3293,鈊象,48,0,48,港商法國興業,2023-02-14,1570
2317,鴻海,47,0,47,港商法國興業,2023-02-14,1570
2385,群光,46,0,46,港商法國興業,2023-02-14,1570
6121,新普,45,0,45,港商法國興業,2023-02-14,1570
2892,第一金,43,0,43,港商法國興業,2023-02-14,1570
2809,京城銀,42,0,42,港商法國興業,2023-02-14,1570
2881,富邦金,42,0,42,港商法國興業,2023-02-14,1570
8046,南電,42,0,42,港商法國興業,2023-02-14,1570
1219,福壽,40,0,40,港商法國興業,2023-02-14,1570
2606,裕民,40,0,40,港商法國興業,2023-02-14,1570
3044,健鼎,40,0,40,港商法國興業,2023-02-14,1570
6223,旺矽,39,0,39,港商法國興業,2023-02-14,1570
1101,台泥,38,0,38,港商法國興業,2023-02-14,1570
2637,慧洋-KY,35,0,35,港商法國興業,2023-02-14,1570
2006,東和鋼鐵,34,0,34,港商法國興業,2023-02-14,1570
1605,華新,432,13,419,港商法國興業,2023-02-15,1570
2409,友達,325,185,140,港商法國興業,2023-02-15,1570
3443,創意,119,0,119,港商法國興業,2023-02-15,1570
9945,潤泰新,232,134,98,港商法國興業,2023-02-15,1570
5434,崇越,86,0,86,港商法國興業,2023-02-15,1570
1504,東元,85,0,85,港商法國興業,2023-02-15,1570
2892,第一金,137,58,79,港商法國興業,2023-02-15,1570
1909,榮成,62,0,62,港商法國興業,2023-02-15,1570
2889,國票金,62,0,62,港商法國興業,2023-02-15,1570
3045,台灣大,82,25,57,港商法國興業,2023-02-15,1570
2353,宏��,45,0,45,港商法國興業,2023-02-15,1570
2382,廣達,71,28,43,港商法國興業,2023-02-15,1570
2883,凱基金,43,0,43,港商法國興業,2023-02-15,1570
1409,新纖,37,0,37,港商法國興業,2023-02-15,1570
2301,光寶科,62,25,37,港商法國興業,2023-02-15,1570
2324,仁寶,35,0,35,港商法國興業,2023-02-15,1570
2356,英業達,34,0,34,港商法國興業,2023-02-15,1570
2515,中工,32,0,32,港商法國興業,2023-02-15,1570
2534,宏盛,31,0,31,港商法國興業,2023-02-15,1570
2912,統一超,37,6,31,港商法國興業,2023-02-15,1570
4919,新唐,30,0,30,港商法國興業,2023-02-15,1570
3034,聯詠,31,2,29,港商法國興業,2023-02-15,1570
3231,緯創,26,0,26,港商法國興業,2023-02-15,1570
3706,神達,26,0,26,港商法國興業,2023-02-15,1570
9921,巨大,25,0,25,港商法國興業,2023-02-15,1570
2108,南帝,24,0,24,港商法國興業,2023-02-15,1570
2504,國產,22,0,22,港商法國興業,2023-02-15,1570
2887,台新金,22,0,22,港商法國興業,2023-02-15,1570
2454,聯發科,21,0,21,港商法國興業,2023-02-15,1570
2201,裕隆,20,0,20,港商法國興業,2023-02-15,1570
2352,佳世達,20,0,20,港商法國興業,2023-02-15,1570
2548,華固,20,0,20,港商法國興業,2023-02-15,1570
2385,群光,18,0,18,港商法國興業,2023-02-15,1570
3661,世芯-KY,19,1,18,港商法國興業,2023-02-15,1570
4952,凌通,18,0,18,港商法國興業,2023-02-15,1570
6257,矽格,18,0,18,港商法國興業,2023-02-15,1570
2809,京城銀,17,0,17,港商法國興業,2023-02-15,1570
2449,京元電子,16,0,16,港商法國興業,2023-02-15,1570
3005,神基,16,0,16,港商法國興業,2023-02-15,1570
3022,威強電,16,0,16,港商法國興業,2023-02-15,1570
5609,中菲行,16,0,16,港商法國興業,2023-02-15,1570
8112,至上,16,0,16,港商法國興業,2023-02-15,1570
3702,大聯大,15,0,15,港商法國興業,2023-02-15,1570
2478,大毅,14,0,14,港商法國興業,2023-02-15,1570
6176,瑞儀,13,0,13,港商法國興業,2023-02-15,1570
6488,環球晶,13,0,13,港商法國興業,2023-02-15,1570
3014,聯陽,12,0,12,港商法國興業,2023-02-15,1570
6203,海韻電,12,0,12,港商法國興業,2023-02-15,1570
2441,超豐,11,0,11,港商法國興業,2023-02-15,1570
2636,台驊控股,11,0,11,港商法國興業,2023-02-15,1570
2317,鴻海,2181,0,2181,港商法國興業,2023-02-16,1570
2610,華航,731,22,709,港商法國興業,2023-02-16,1570
3481,群創,864,214,650,港商法國興業,2023-02-16,1570
2330,台積電,443,0,443,港商法國興業,2023-02-16,1570
2891,中信金,347,0,347,港商法國興業,2023-02-16,1570
2313,華通,307,0,307,港商法國興業,2023-02-16,1570
2002,中鋼,295,0,295,港商法國興業,2023-02-16,1570
2618,長榮航,249,0,249,港商法國興業,2023-02-16,1570
2882,國泰金,244,0,244,港商法國興業,2023-02-16,1570
2883,凱基金,203,0,203,港商法國興業,2023-02-16,1570
2886,兆豐金,178,0,178,港商法國興業,2023-02-16,1570
2884,玉山金,165,0,165,港商法國興業,2023-02-16,1570
2301,光寶科,111,0,111,港商法國興業,2023-02-16,1570
5904,寶雅,107,0,107,港商法國興業,2023-02-16,1570
2408,南亞科,104,0,104,港商法國興業,2023-02-16,1570
2880,華南金,102,0,102,港商法國興業,2023-02-16,1570
2353,宏��,98,0,98,港商法國興業,2023-02-16,1570
2881,富邦金,92,0,92,港商法國興業,2023-02-16,1570
1216,統一,91,0,91,港商法國興業,2023-02-16,1570
2834,臺企銀,90,0,90,港商法國興業,2023-02-16,1570
2887,台新金,90,0,90,港商法國興業,2023-02-16,1570
2885,元大金,88,0,88,港商法國興業,2023-02-16,1570
5608,四維航,83,0,83,港商法國興業,2023-02-16,1570
3596,智易,78,0,78,港商法國興業,2023-02-16,1570
2308,台達電,73,0,73,港商法國興業,2023-02-16,1570
6257,矽格,72,0,72,港商法國興業,2023-02-16,1570
5880,合庫金,70,0,70,港商法國興業,2023-02-16,1570
1402,遠東新,62,0,62,港商法國興業,2023-02-16,1570
2338,光罩,61,0,61,港商法國興業,2023-02-16,1570
5876,上海商銀,60,0,60,港商法國興業,2023-02-16,1570
2206,三陽工業,57,0,57,港商法國興業,2023-02-16,1570
1303,南亞,57,0,57,港商法國興業,2023-02-16,1570
6770,力積電,55,0,55,港商法國興業,2023-02-16,1570
1301,台塑,51,0,51,港商法國興業,2023-02-16,1570
2371,大同,50,0,50,港商法國興業,2023-02-16,1570
8081,致新,50,0,50,港商法國興業,2023-02-16,1570
2890,永豐金,46,0,46,港商法國興業,2023-02-16,1570
3711,日月光投控,46,0,46,港商法國興業,2023-02-16,1570
1326,台化,45,0,45,港商法國興業,2023-02-16,1570
2892,第一金,40,0,40,港商法國興業,2023-02-16,1570
2454,聯發科,39,0,39,港商法國興業,2023-02-16,1570
3045,台灣大,39,0,39,港商法國興業,2023-02-16,1570
2382,廣達,35,0,35,港商法國興業,2023-02-16,1570
6182,合晶,33,0,33,港商法國興業,2023-02-16,1570
2633,台灣高鐵,30,0,30,港商法國興業,2023-02-16,1570
1477,聚陽,28,0,28,港商法國興業,2023-02-16,1570
1609,大亞,27,0,27,港商法國興業,2023-02-16,1570
2412,中華電,24,0,24,港商法國興業,2023-02-16,1570
1437,勤益控,23,0,23,港商法國興業,2023-02-16,1570
8069,元太,22,0,22,港商法國興業,2023-02-16,1570
1605,華新,415,50,365,港商法國興業,2023-02-17,1570
1513,中興電,128,0,128,港商法國興業,2023-02-17,1570
2345,智邦,45,0,45,港商法國興業,2023-02-17,1570
2108,南帝,24,0,24,港商法國興業,2023-02-17,1570
2201,裕隆,23,0,23,港商法國興業,2023-02-17,1570
4952,凌通,18,0,18,港商法國興業,2023-02-17,1570
3022,威強電,16,0,16,港商法國興業,2023-02-17,1570
5609,中菲行,16,0,16,港商法國興業,2023-02-17,1570
2478,大毅,14,0,14,港商法國興業,2023-02-17,1570
3014,聯陽,12,0,12,港商法國興業,2023-02-17,1570
6203,海韻電,12,0,12,港商法國興業,2023-02-17,1570
2385,群光,10,0,10,港商法國興業,2023-02-17,1570
2451,創見,10,0,10,港商法國興業,2023-02-17,1570
2548,華固,10,0,10,港商法國興業,2023-02-17,1570
3455,由田,10,0,10,港商法國興業,2023-02-17,1570
3026,禾伸堂,10,0,10,港商法國興業,2023-02-17,1570
3679,新至陞,10,0,10,港商法國興業,2023-02-17,1570
6214,精誠,10,0,10,港商法國興業,2023-02-17,1570
8924,大田,10,0,10,港商法國興業,2023-02-17,1570
3044,健鼎,8,0,8,港商法國興業,2023-02-17,1570
2615,萬海,8,0,8,港商法國興業,2023-02-17,1570
5434,崇越,8,0,8,港商法國興業,2023-02-17,1570
6176,瑞儀,8,0,8,港商法國興業,2023-02-17,1570
2474,可成,6,0,6,港商法國興業,2023-02-17,1570
4736,泰博,6,0,6,港商法國興業,2023-02-17,1570
3443,創意,5,1,4,港商法國興業,2023-02-17,1570
2357,華碩,4,0,4,港商法國興業,2023-02-17,1570
2324,仁寶,2,0,2,港商法國興業,2023-02-17,1570
2913,農林,2,0,2,港商法國興業,2023-02-17,1570
3481,群創,2314,0,2314,港商法國興業,2023-02-20,1570
2610,華航,1012,50,962,港商法國興業,2023-02-20,1570
2317,鴻海,169,0,169,港商法國興業,2023-02-20,1570
2887,台新金,149,0,149,港商法國興業,2023-02-20,1570
1504,東元,144,0,144,港商法國興業,2023-02-20,1570
2002,中鋼,155,13,142,港商法國興業,2023-02-20,1570
2834,臺企銀,58,0,58,港商法國興業,2023-02-20,1570
2801,彰銀,54,0,54,港商法國興業,2023-02-20,1570
2603,長榮,50,0,50,港商法國興業,2023-02-20,1570
1402,遠東新,39,0,39,港商法國興業,2023-02-20,1570
1605,華新,42,6,36,港商法國興業,2023-02-20,1570
2201,裕隆,75,42,33,港商法國興業,2023-02-20,1570
4743,合一,26,0,26,港商法國興業,2023-02-20,1570
2353,宏��,23,0,23,港商法國興業,2023-02-20,1570
2881,富邦金,49,28,21,港商法國興業,2023-02-20,1570
6005,群益證,21,0,21,港商法國興業,2023-02-20,1570
2838,聯邦銀,20,0,20,港商法國興業,2023-02-20,1570
3545,敦泰,20,0,20,港商法國興業,2023-02-20,1570
2530,華建,19,0,19,港商法國興業,2023-02-20,1570
4123,晟德,16,0,16,港商法國興業,2023-02-20,1570
2049,上銀,15,0,15,港商法國興業,2023-02-20,1570
1783,和康生,14,0,14,港商法國興業,2023-02-20,1570
6278,台表科,13,0,13,港商法國興業,2023-02-20,1570
2897,王道銀行,12,0,12,港商法國興業,2023-02-20,1570
4915,致伸,11,0,11,港商法國興業,2023-02-20,1570
3105,穩懋,10,0,10,港商法國興業,2023-02-20,1570
9958,世紀鋼,10,0,10,港商法國興業,2023-02-20,1570
2891,中信金,25,19,6,港商法國興業,2023-02-20,1570
3189,景碩,6,0,6,港商法國興業,2023-02-20,1570
2412,中華電,3,0,3,港商法國興業,2023-02-20,1570
1786,科妍,3,0,3,港商法國興業,2023-02-20,1570
2884,玉山金,18,15,3,港商法國興業,2023-02-20,1570
2912,統一超,3,0,3,港商法國興業,2023-02-20,1570
3443,創意,3,0,3,港商法國興業,2023-02-20,1570
2308,台達電,3,1,2,港商法國興業,2023-02-20,1570
2327,國巨,2,0,2,港商法國興業,2023-02-20,1570
2882,國泰金,13,11,2,港商法國興業,2023-02-20,1570
6166,凌華,2,0,2,港商法國興業,2023-02-20,1570
8454,富邦媒,2,0,2,港商法國興業,2023-02-20,1570
2474,可成,11,10,1,港商法國興業,2023-02-20,1570
2454,聯發科,2,1,1,港商法國興業,2023-02-20,1570
1326,台化,1,0,1,港商法國興業,2023-02-20,1570
2382,廣達,1,0,1,港商法國興業,2023-02-20,1570
2207,和泰車,1,0,1,港商法國興業,2023-02-20,1570
2603,長榮,206,0,206,港商法國興業,2023-02-21,1570
2609,陽明,120,7,113,港商法國興業,2023-02-21,1570
2201,裕隆,88,0,88,港商法國興業,2023-02-21,1570
1504,東元,74,0,74,港商法國興業,2023-02-21,1570
3406,玉晶光,44,3,41,港商法國興業,2023-02-21,1570
2504,國產,41,0,41,港商法國興業,2023-02-21,1570
2317,鴻海,33,0,33,港商法國興業,2023-02-21,1570
2356,英業達,32,0,32,港商法國興業,2023-02-21,1570
3189,景碩,22,0,22,港商法國興業,2023-02-21,1570
4919,新唐,20,0,20,港商法國興業,2023-02-21,1570
2474,可成,19,0,19,港商法國興業,2023-02-21,1570
2439,美律,18,0,18,港商法國興業,2023-02-21,1570
3035,智原,17,0,17,港商法國興業,2023-02-21,1570
5608,四維航,17,0,17,港商法國興業,2023-02-21,1570
3715,定穎投控,16,0,16,港商法國興業,2023-02-21,1570
6257,矽格,16,0,16,港商法國興業,2023-02-21,1570
3661,世芯-KY,14,0,14,港商法國興業,2023-02-21,1570
3037,欣興,6,0,6,港商法國興業,2023-02-21,1570
2049,上銀,6,0,6,港商法國興業,2023-02-21,1570
3034,聯詠,5,0,5,港商法國興業,2023-02-21,1570
5203,訊連,4,0,4,港商法國興業,2023-02-21,1570
2327,國巨,4,0,4,港商法國興業,2023-02-21,1570
1532,勤美,3,0,3,港商法國興業,2023-02-21,1570
2330,台積電,4,1,3,港商法國興業,2023-02-21,1570
3023,信邦,2,0,2,港商法國興業,2023-02-21,1570
9941,裕融,1,0,1,港商法國興業,2023-02-21,1570
2324,仁寶,453,70,383,港商法國興業,2023-02-22,1570
2409,友達,847,466,381,港商法國興業,2023-02-22,1570
2303,聯電,329,144,185,港商法國興業,2023-02-22,1570
2885,元大金,385,246,139,港商法國興業,2023-02-22,1570
3711,日月光投控,196,80,116,港商法國興業,2023-02-22,1570
2344,華邦電,128,24,104,港商法國興業,2023-02-22,1570
4938,和碩,127,44,83,港商法國興業,2023-02-22,1570
5347,世界,88,16,72,港商法國興業,2023-02-22,1570
2618,長榮航,102,33,69,港商法國興業,2023-02-22,1570
2603,長榮,83,19,64,港商法國興業,2023-02-22,1570
2352,佳世達,94,31,63,港商法國興業,2023-02-22,1570
2103,台橡,55,0,55,港商法國興業,2023-02-22,1570
1504,東元,50,0,50,港商法國興業,2023-02-22,1570
8215,明基材,49,0,49,港商法國興業,2023-02-22,1570
2382,廣達,108,60,48,港商法國興業,2023-02-22,1570
1717,長興,40,0,40,港商法國興業,2023-02-22,1570
2441,超豐,31,0,31,港商法國興業,2023-02-22,1570
4763,材料-KY,26,0,26,港商法國興業,2023-02-22,1570
2201,裕隆,25,0,25,港商法國興業,2023-02-22,1570
1783,和康生,25,0,25,港商法國興業,2023-02-22,1570
3189,景碩,48,23,25,港商法國興業,2023-02-22,1570
6209,今國光,24,0,24,港商法國興業,2023-02-22,1570
1227,佳格,22,0,22,港商法國興業,2023-02-22,1570
2002,中鋼,166,145,21,港商法國興業,2023-02-22,1570
2530,華建,19,0,19,港商法國興業,2023-02-22,1570
4174,浩鼎,17,0,17,港商法國興業,2023-02-22,1570
2476,鉅祥,15,0,15,港商法國興業,2023-02-22,1570
4919,新唐,24,10,14,港商法國興業,2023-02-22,1570
6121,新普,13,0,13,港商法國興業,2023-02-22,1570
2539,櫻花建,10,0,10,港商法國興業,2023-02-22,1570
3092,鴻碩,10,0,10,港商法國興業,2023-02-22,1570
6691,洋基工程,10,0,10,港商法國興業,2023-02-22,1570
9914,美利達,14,5,9,港商法國興業,2023-02-22,1570
6278,台表科,8,0,8,港商法國興業,2023-02-22,1570
8069,元太,14,6,8,港商法國興業,2023-02-22,1570
3596,智易,7,0,7,港商法國興業,2023-02-22,1570
3105,穩懋,14,8,6,港商法國興業,2023-02-22,1570
3443,創意,7,1,6,港商法國興業,2023-02-22,1570
6789,采鈺,6,0,6,港商法國興業,2023-02-22,1570
5483,中美晶,15,10,5,港商法國興業,2023-02-22,1570
5609,中菲行,5,0,5,港商法國興業,2023-02-22,1570
2504,國產,4,0,4,港商法國興業,2023-02-22,1570
3413,京鼎,4,0,4,港商法國興業,2023-02-22,1570
2439,美律,3,0,3,港商法國興業,2023-02-22,1570
2454,聯發科,18,15,3,港商法國興業,2023-02-22,1570
4438,廣越,3,0,3,港商法國興業,2023-02-22,1570
2455,全新,11,9,2,港商法國興業,2023-02-22,1570
3005,神基,2,0,2,港商法國興業,2023-02-22,1570
8255,朋程,2,0,2,港商法國興業,2023-02-22,1570
2430,燦坤,1,0,1,港商法國興業,2023-02-22,1570
2409,友達,4263,489,3774,港商法國興業,2023-02-23,1570
3481,群創,3173,1301,1872,港商法國興業,2023-02-23,1570
2615,萬海,350,62,288,港商法國興業,2023-02-23,1570
4960,誠美材,283,0,283,港商法國興業,2023-02-23,1570
1519,華城,277,0,277,港商法國興業,2023-02-23,1570
2352,佳世達,298,82,216,港商法國興業,2023-02-23,1570
1319,東陽,241,28,213,港商法國興業,2023-02-23,1570
1701,中化,185,0,185,港商法國興業,2023-02-23,1570
6770,力積電,362,185,177,港商法國興業,2023-02-23,1570
2607,榮運,204,29,175,港商法國興業,2023-02-23,1570
2603,長榮,288,125,163,港商法國興業,2023-02-23,1570
3034,聯詠,207,45,162,港商法國興業,2023-02-23,1570
2484,希華,150,0,150,港商法國興業,2023-02-23,1570
2359,所羅門,144,0,144,港商法國興業,2023-02-23,1570
6191,精成科,141,0,141,港商法國興業,2023-02-23,1570
8215,明基材,141,0,141,港商法國興業,2023-02-23,1570
1720,生達,140,0,140,港商法國興業,2023-02-23,1570
3704,合勤控,139,0,139,港商法國興業,2023-02-23,1570
6176,瑞儀,162,28,134,港商法國興業,2023-02-23,1570
2206,三陽工業,165,37,128,港商法國興業,2023-02-23,1570
3209,全科,115,0,115,港商法國興業,2023-02-23,1570
1608,華榮,97,0,97,港商法國興業,2023-02-23,1570
2363,矽統,97,0,97,港商法國興業,2023-02-23,1570
3712,永崴投控,97,0,97,港商法國興業,2023-02-23,1570
2204,中華,104,14,90,港商法國興業,2023-02-23,1570
2324,仁寶,373,287,86,港商法國興業,2023-02-23,1570
6670,復盛應用,87,7,80,港商法國興業,2023-02-23,1570
8210,勤誠,78,0,78,港商法國興業,2023-02-23,1570
1504,東元,216,139,77,港商法國興業,2023-02-23,1570
2392,正崴,101,24,77,港商法國興業,2023-02-23,1570
5519,隆大,77,0,77,港商法國興業,2023-02-23,1570
2376,技嘉,105,30,75,港商法國興業,2023-02-23,1570
1517,利奇,74,0,74,港商法國興業,2023-02-23,1570
6168,宏齊,71,0,71,港商法國興業,2023-02-23,1570
4104,佳醫,64,0,64,港商法國興業,2023-02-23,1570
1503,士電,109,47,62,港商法國興業,2023-02-23,1570
8114,振樺電,61,0,61,港商法國興業,2023-02-23,1570
1734,杏輝,59,0,59,港商法國興業,2023-02-23,1570
1707,葡萄王,66,8,58,港商法國興業,2023-02-23,1570
8271,宇瞻,57,0,57,港商法國興業,2023-02-23,1570
2851,中再保,56,0,56,港商法國興業,2023-02-23,1570
4958,臻鼎-KY,101,46,55,港商法國興業,2023-02-23,1570
2377,微星,100,46,54,港商法國興業,2023-02-23,1570
5203,訊連,54,0,54,港商法國興業,2023-02-23,1570
2606,裕民,74,23,51,港商法國興業,2023-02-23,1570
2612,中航,49,0,49,港商法國興業,2023-02-23,1570
5388,中磊,94,47,47,港商法國興業,2023-02-23,1570
3705,永信,41,0,41,港商法國興業,2023-02-23,1570
2430,燦坤,40,0,40,港商法國興業,2023-02-23,1570
4919,新唐,50,10,40,港商法國興業,2023-02-23,1570
1101,台泥,3911,27,3884,港商法國興業,2023-02-24,1570
2409,友達,3087,0,3087,港商法國興業,2023-02-24,1570
2834,臺企銀,1587,0,1587,港商法國興業,2023-02-24,1570
6770,力積電,568,100,468,港商法國興業,2023-02-24,1570
2606,裕民,230,6,224,港商法國興業,2023-02-24,1570
2337,旺宏,203,0,203,港商法國興業,2023-02-24,1570
2615,萬海,183,0,183,港商法國興業,2023-02-24,1570
3014,聯陽,142,0,142,港商法國興業,2023-02-24,1570
3189,景碩,141,0,141,港商法國興業,2023-02-24,1570
1707,葡萄王,133,0,133,港商法國興業,2023-02-24,1570
4960,誠美材,119,0,119,港商法國興業,2023-02-24,1570
2206,三陽工業,91,0,91,港商法國興業,2023-02-24,1570
5871,中租-KY,133,44,89,港商法國興業,2023-02-24,1570
2903,遠百,88,0,88,港商法國興業,2023-02-24,1570
2426,鼎元,86,0,86,港商法國興業,2023-02-24,1570
3231,緯創,84,0,84,港商法國興業,2023-02-24,1570
1608,華榮,77,0,77,港商法國興業,2023-02-24,1570
1517,利奇,74,0,74,港商法國興業,2023-02-24,1570
8271,宇瞻,74,0,74,港商法國興業,2023-02-24,1570
1720,生達,70,0,70,港商法國興業,2023-02-24,1570
2542,興富發,62,0,62,港商法國興業,2023-02-24,1570
2308,台達電,67,7,60,港商法國興業,2023-02-24,1570
2812,台中銀,53,0,53,港商法國興業,2023-02-24,1570
9904,寶成,53,0,53,港商法國興業,2023-02-24,1570
6191,精成科,52,0,52,港商法國興業,2023-02-24,1570
1514,亞力,65,16,49,港商法國興業,2023-02-24,1570
1108,幸福,44,0,44,港商法國興業,2023-02-24,1570
3711,日月光投控,50,7,43,港商法國興業,2023-02-24,1570
4961,天鈺,28,0,28,港商法國興業,2023-02-24,1570
4770,上品,20,0,20,港商法國興業,2023-02-24,1570
5388,中磊,20,0,20,港商法國興業,2023-02-24,1570
6278,台表科,20,0,20,港商法國興業,2023-02-24,1570
2439,美律,18,0,18,港商法國興業,2023-02-24,1570
6274,台燿,17,0,17,港商法國興業,2023-02-24,1570
2049,上銀,30,14,16,港商法國興業,2023-02-24,1570
2913,農林,14,0,14,港商法國興業,2023-02-24,1570
3563,牧德,14,0,14,港商法國興業,2023-02-24,1570
6121,新普,11,0,11,港商法國興業,2023-02-24,1570
2636,台驊控股,10,0,10,港商法國興業,2023-02-24,1570
6282,康舒,10,0,10,港商法國興業,2023-02-24,1570
2608,嘉里大榮,9,0,9,港商法國興業,2023-02-24,1570
3211,順達,9,0,9,港商法國興業,2023-02-24,1570
5530,龍巖,9,0,9,港商法國興業,2023-02-24,1570
6147,頎邦,9,0,9,港商法國興業,2023-02-24,1570
6279,胡連,13,4,9,港商法國興業,2023-02-24,1570
8358,金居,9,0,9,港商法國興業,2023-02-24,1570
9914,美利達,9,0,9,港商法國興業,2023-02-24,1570
3044,健鼎,7,0,7,港商法國興業,2023-02-24,1570
2885,元大金,36,30,6,港商法國興業,2023-02-24,1570
6116,彩晶,6,0,6,港商法國興業,2023-02-24,1570
2303,聯電,744,0,744,港商法國興業,2023-03-01,1570
2409,友達,792,138,654,港商法國興業,2023-03-01,1570
2324,仁寶,567,0,567,港商法國興業,2023-03-01,1570
2801,彰銀,443,0,443,港商法國興業,2023-03-01,1570
5388,中磊,470,92,378,港商法國興業,2023-03-01,1570
2887,台新金,340,0,340,港商法國興業,2023-03-01,1570
2885,元大金,254,0,254,港商法國興業,2023-03-01,1570
2881,富邦金,213,13,200,港商法國興業,2023-03-01,1570
2880,華南金,179,0,179,港商法國興業,2023-03-01,1570
1605,華新,174,0,174,港商法國興業,2023-03-01,1570
4938,和碩,146,0,146,港商法國興業,2023-03-01,1570
3711,日月光投控,145,0,145,港商法國興業,2023-03-01,1570
2605,新興,228,89,139,港商法國興業,2023-03-01,1570
2002,中鋼,155,37,118,港商法國興業,2023-03-01,1570
5880,合庫金,118,0,118,港商法國興業,2023-03-01,1570
2382,廣達,108,0,108,港商法國興業,2023-03-01,1570
3037,欣興,124,43,81,港商法國興業,2023-03-01,1570
1301,台塑,91,12,79,港商法國興業,2023-03-01,1570
2367,燿華,66,0,66,港商法國興業,2023-03-01,1570
2603,長榮,78,12,66,港商法國興業,2023-03-01,1570
2353,宏��,90,25,65,港商法國興業,2023-03-01,1570
1717,長興,63,0,63,港商法國興業,2023-03-01,1570
2201,裕隆,97,38,59,港商法國興業,2023-03-01,1570
2330,台積電,81,42,39,港商法國興業,2023-03-01,1570
2049,上銀,55,20,35,港商法國興業,2023-03-01,1570
3260,威剛,31,0,31,港商法國興業,2023-03-01,1570
4919,新唐,50,20,30,港商法國興業,2023-03-01,1570
2363,矽統,29,0,29,港商法國興業,2023-03-01,1570
1303,南亞,26,0,26,港商法國興業,2023-03-01,1570
1907,永豐餘,26,0,26,港商法國興業,2023-03-01,1570
3019,亞光,24,0,24,港商法國興業,2023-03-01,1570
2812,台中銀,22,0,22,港商法國興業,2023-03-01,1570
5347,世界,21,0,21,港商法國興業,2023-03-01,1570
2106,建大,20,0,20,港商法國興業,2023-03-01,1570
5243,乙盛-KY,20,0,20,港商法國興業,2023-03-01,1570
9958,世紀鋼,20,0,20,港商法國興業,2023-03-01,1570
3293,鈊象,19,0,19,港商法國興業,2023-03-01,1570
2006,東和鋼鐵,52,34,18,港商法國興業,2023-03-01,1570
2451,創見,16,0,16,港商法國興業,2023-03-01,1570
8150,南茂,16,0,16,港商法國興業,2023-03-01,1570
2313,華通,15,0,15,港商法國興業,2023-03-01,1570
2636,台驊控股,15,0,15,港商法國興業,2023-03-01,1570
1590,亞德客-KY,14,0,14,港商法國興業,2023-03-01,1570
2015,豐興,14,0,14,港商法國興業,2023-03-01,1570
2723,美食-KY,14,0,14,港商法國興業,2023-03-01,1570
8044,網家,14,0,14,港商法國興業,2023-03-01,1570
1722,台肥,13,0,13,港商法國興業,2023-03-01,1570
2439,美律,13,0,13,港商法國興業,2023-03-01,1570
6121,新普,13,0,13,港商法國興業,2023-03-01,1570
6414,樺漢,13,0,13,港商法國興業,2023-03-01,1570
2891,中信金,2794,556,2238,港商法國興業,2023-03-02,1570
2353,宏��,510,27,483,港商法國興業,2023-03-02,1570
2610,華航,350,14,336,港商法國興業,2023-03-02,1570
2881,富邦金,261,0,261,港商法國興業,2023-03-02,1570
1216,統一,228,5,223,港商法國興業,2023-03-02,1570
1605,華新,206,0,206,港商法國興業,2023-03-02,1570
2888,新光金,243,47,196,港商法國興業,2023-03-02,1570
2609,陽明,137,0,137,港商法國興業,2023-03-02,1570
2603,長榮,101,0,101,港商法國興業,2023-03-02,1570
2049,上銀,109,35,74,港商法國興業,2023-03-02,1570
2605,新興,66,0,66,港商法國興業,2023-03-02,1570
2633,台灣高鐵,75,13,62,港商法國興業,2023-03-02,1570
2436,偉詮電,60,0,60,港商法國興業,2023-03-02,1570
3037,欣興,48,0,48,港商法國興業,2023-03-02,1570
3711,日月光投控,70,29,41,港商法國興業,2023-03-02,1570
2887,台新金,47,13,34,港商法國興業,2023-03-02,1570
4938,和碩,34,0,34,港商法國興業,2023-03-02,1570
2474,可成,26,0,26,港商法國興業,2023-03-02,1570
5014,建錩,26,0,26,港商法國興業,2023-03-02,1570
2010,春源,25,0,25,港商法國興業,2023-03-02,1570
2357,華碩,25,0,25,港商法國興業,2023-03-02,1570
5347,世界,35,10,25,港商法國興業,2023-03-02,1570
6147,頎邦,25,0,25,港商法國興業,2023-03-02,1570
2344,華邦電,22,0,22,港商法國興業,2023-03-02,1570
01002T,土銀國泰R1,21,0,21,港商法國興業,2023-03-02,1570
1234,黑松,19,0,19,港商法國興業,2023-03-02,1570
2530,華建,19,3,16,港商法國興業,2023-03-02,1570
1432,大魯閣,15,0,15,港商法國興業,2023-03-02,1570
1702,南僑,14,0,14,港商法國興業,2023-03-02,1570
2327,國巨,15,1,14,港商法國興業,2023-03-02,1570
9914,美利達,14,0,14,港商法國興業,2023-03-02,1570
2308,台達電,12,0,12,港商法國興業,2023-03-02,1570
1762,中化生,11,0,11,港商法國興業,2023-03-02,1570
6213,聯茂,11,0,11,港商法國興業,2023-03-02,1570
9908,大台北,11,0,11,港商法國興業,2023-03-02,1570
8086,宏捷科,9,0,9,港商法國興業,2023-03-02,1570
5203,訊連,7,0,7,港商法國興業,2023-03-02,1570
1582,信錦,6,0,6,港商法國興業,2023-03-02,1570
2458,義隆,6,0,6,港商法國興業,2023-03-02,1570
1795,美時,5,0,5,港商法國興業,2023-03-02,1570
3617,碩天,5,0,5,港商法國興業,2023-03-02,1570
3661,世芯-KY,8,3,5,港商法國興業,2023-03-02,1570
6279,胡連,5,0,5,港商法國興業,2023-03-02,1570
4763,材料-KY,4,0,4,港商法國興業,2023-03-02,1570
8081,致新,4,0,4,港商法國興業,2023-03-02,1570
9921,巨大,4,0,4,港商法國興業,2023-03-02,1570
1788,杏昌,3,0,3,港商法國興業,2023-03-02,1570
1722,台肥,3,0,3,港商法國興業,2023-03-02,1570
5904,寶雅,3,0,3,港商法國興業,2023-03-02,1570
8271,宇瞻,3,0,3,港商法國興業,2023-03-02,1570
3481,群創,2260,194,2066,港商法國興業,2023-03-03,1570
2891,中信金,1370,0,1370,港商法國興業,2023-03-03,1570
2409,友達,1019,83,936,港商法國興業,2023-03-03,1570
2337,旺宏,340,0,340,港商法國興業,2023-03-03,1570
2834,臺企銀,321,0,321,港商法國興業,2023-03-03,1570
6235,華孚,194,0,194,港商法國興業,2023-03-03,1570
2609,陽明,240,50,190,港商法國興業,2023-03-03,1570
1708,東鹼,181,0,181,港商法國興業,2023-03-03,1570
2313,華通,162,0,162,港商法國興業,2023-03-03,1570
2888,新光金,158,0,158,港商法國興業,2023-03-03,1570
1605,華新,153,0,153,港商法國興業,2023-03-03,1570
6770,力積電,120,0,120,港商法國興業,2023-03-03,1570
6005,群益證,86,0,86,港商法國興業,2023-03-03,1570
3037,欣興,87,6,81,港商法國興業,2023-03-03,1570
4919,新唐,68,0,68,港商法國興業,2023-03-03,1570
2419,仲琦,62,0,62,港商法國興業,2023-03-03,1570
2885,元大金,76,14,62,港商法國興業,2023-03-03,1570
2027,大成鋼,60,0,60,港商法國興業,2023-03-03,1570
2605,新興,66,6,60,港商法國興業,2023-03-03,1570
1795,美時,54,0,54,港商法國興業,2023-03-03,1570
2881,富邦金,70,23,47,港商法國興業,2023-03-03,1570
2618,長榮航,40,0,40,港商法國興業,2023-03-03,1570
2880,華南金,37,0,37,港商法國興業,2023-03-03,1570
8996,高力,35,0,35,港商法國興業,2023-03-03,1570
3024,憶聲,34,0,34,港商法國興業,2023-03-03,1570
2603,長榮,33,0,33,港商法國興業,2023-03-03,1570
2615,萬海,33,0,33,港商法國興業,2023-03-03,1570
1301,台塑,32,0,32,港商法國興業,2023-03-03,1570
6147,頎邦,31,0,31,港商法國興業,2023-03-03,1570
2633,台灣高鐵,30,0,30,港商法國興業,2023-03-03,1570
2882,國泰金,30,0,30,港商法國興業,2023-03-03,1570
3034,聯詠,32,2,30,港商法國興業,2023-03-03,1570
6116,彩晶,27,0,27,港商法國興業,2023-03-03,1570
1907,永豐餘,26,0,26,港商法國興業,2023-03-03,1570
2332,友訊,25,0,25,港商法國興業,2023-03-03,1570
1734,杏輝,24,0,24,港商法國興業,2023-03-03,1570
3189,景碩,35,11,24,港商法國興業,2023-03-03,1570
9914,美利達,24,0,24,港商法國興業,2023-03-03,1570
2106,建大,23,0,23,港商法國興業,2023-03-03,1570
1504,東元,44,21,23,港商法國興業,2023-03-03,1570
8086,宏捷科,23,0,23,港商法國興業,2023-03-03,1570
1717,長興,20,0,20,港商法國興業,2023-03-03,1570
2014,中鴻,20,0,20,港商法國興業,2023-03-03,1570
6177,達麗,20,0,20,港商法國興業,2023-03-03,1570
2530,華建,19,0,19,港商法國興業,2023-03-03,1570
3704,合勤控,18,0,18,港商法國興業,2023-03-03,1570
2327,國巨,17,0,17,港商法國興業,2023-03-03,1570
3005,神基,17,0,17,港商法國興業,2023-03-03,1570
8916,光隆,17,0,17,港商法國興業,2023-03-03,1570
2015,豐興,15,0,15,港商法國興業,2023-03-03,1570
6770,力積電,300,0,300,港商法國興業,2023-03-06,1570
1314,中石化,200,0,200,港商法國興業,2023-03-06,1570
2303,聯電,154,0,154,港商法國興業,2023-03-06,1570
2027,大成鋼,150,0,150,港商法國興業,2023-03-06,1570
2330,台積電,153,24,129,港商法國興業,2023-03-06,1570
2880,華南金,91,0,91,港商法國興業,2023-03-06,1570
2317,鴻海,55,0,55,港商法國興業,2023-03-06,1570
1721,三晃,44,0,44,港商法國興業,2023-03-06,1570
4977,眾達-KY,41,0,41,港商法國興業,2023-03-06,1570
6147,頎邦,38,0,38,港商法國興業,2023-03-06,1570
2002,中鋼,36,0,36,港商法國興業,2023-03-06,1570
1319,東陽,34,0,34,港商法國興業,2023-03-06,1570
3051,力特,34,0,34,港商法國興業,2023-03-06,1570
2812,台中銀,29,0,29,港商法國興業,2023-03-06,1570
1504,東元,28,0,28,港商法國興業,2023-03-06,1570
5388,中磊,25,0,25,港商法國興業,2023-03-06,1570
1434,福懋,24,0,24,港商法國興業,2023-03-06,1570
2890,永豐金,23,0,23,港商法國興業,2023-03-06,1570
1437,勤益控,22,0,22,港商法國興業,2023-03-06,1570
2105,正新,22,0,22,港商法國興業,2023-03-06,1570
1734,杏輝,21,0,21,港商法國興業,2023-03-06,1570
6213,聯茂,21,0,21,港商法國興業,2023-03-06,1570
2328,廣宇,20,0,20,港商法國興業,2023-03-06,1570
3078,僑威,20,0,20,港商法國興業,2023-03-06,1570
3673,TPK-KY,19,0,19,港商法國興業,2023-03-06,1570
2454,聯發科,17,0,17,港商法國興業,2023-03-06,1570
2892,第一金,17,0,17,港商法國興業,2023-03-06,1570
2327,國巨,16,0,16,港商法國興業,2023-03-06,1570
3705,永信,15,0,15,港商法國興業,2023-03-06,1570
1216,統一,14,0,14,港商法國興業,2023-03-06,1570
6515,穎崴,14,0,14,港商法國興業,2023-03-06,1570
2014,中鴻,13,0,13,港商法國興業,2023-03-06,1570
9921,巨大,15,2,13,港商法國興業,2023-03-06,1570
1301,台塑,12,0,12,港商法國興業,2023-03-06,1570
1101,台泥,12,0,12,港商法國興業,2023-03-06,1570
2313,華通,11,0,11,港商法國興業,2023-03-06,1570
1303,南亞,11,0,11,港商法國興業,2023-03-06,1570
3443,創意,11,0,11,港商法國興業,2023-03-06,1570
6177,達麗,11,0,11,港商法國興業,2023-03-06,1570
2615,萬海,10,0,10,港商法國興業,2023-03-06,1570
1102,亞泥,9,0,9,港商法國興業,2023-03-06,1570
2449,京元電子,8,0,8,港商法國興業,2023-03-06,1570
2455,全新,8,0,8,港商法國興業,2023-03-06,1570
1711,永光,8,0,8,港商法國興業,2023-03-06,1570
9914,美利達,8,0,8,港商法國興業,2023-03-06,1570
3008,大立光,7,0,7,港商法國興業,2023-03-06,1570
3026,禾伸堂,7,0,7,港商法國興業,2023-03-06,1570
3708,上緯投控,7,0,7,港商法國興業,2023-03-06,1570
4966,譜瑞-KY,7,0,7,港商法國興業,2023-03-06,1570
2308,台達電,6,0,6,港商法國興業,2023-03-06,1570
2891,中信金,295,0,295,港商法國興業,2023-03-07,1570
2886,兆豐金,198,0,198,港商法國興業,2023-03-07,1570
6147,頎邦,157,0,157,港商法國興業,2023-03-07,1570
2313,華通,146,0,146,港商法國興業,2023-03-07,1570
2889,國票金,114,0,114,港商法國興業,2023-03-07,1570
2884,玉山金,113,0,113,港商法國興業,2023-03-07,1570
5880,合庫金,81,0,81,港商法國興業,2023-03-07,1570
2605,新興,72,0,72,港商法國興業,2023-03-07,1570
1301,台塑,61,0,61,港商法國興業,2023-03-07,1570
6026,福邦證,61,0,61,港商法國興業,2023-03-07,1570
9958,世紀鋼,60,0,60,港商法國興業,2023-03-07,1570
2892,第一金,56,0,56,港商法國興業,2023-03-07,1570
2317,鴻海,104,50,54,港商法國興業,2023-03-07,1570
2887,台新金,54,0,54,港商法國興業,2023-03-07,1570
2890,永豐金,52,0,52,港商法國興業,2023-03-07,1570
1303,南亞,50,0,50,港商法國興業,2023-03-07,1570
6285,啟��,50,0,50,港商法國興業,2023-03-07,1570
2885,元大金,49,0,49,港商法國興業,2023-03-07,1570
2617,台航,42,0,42,港商法國興業,2023-03-07,1570
3044,健鼎,31,0,31,港商法國興業,2023-03-07,1570
2606,裕民,29,0,29,港商法國興業,2023-03-07,1570
1216,統一,29,0,29,港商法國興業,2023-03-07,1570
2327,國巨,30,1,29,港商法國興業,2023-03-07,1570
2401,凌陽,26,0,26,港商法國興業,2023-03-07,1570
3406,玉晶光,23,0,23,港商法國興業,2023-03-07,1570
4123,晟德,23,0,23,港商法國興業,2023-03-07,1570
2801,彰銀,21,0,21,港商法國興業,2023-03-07,1570
2337,旺宏,21,0,21,港商法國興業,2023-03-07,1570
2495,普安,20,0,20,港商法國興業,2023-03-07,1570
1503,士電,19,0,19,港商法國興業,2023-03-07,1570
2486,一詮,18,0,18,港商法國興業,2023-03-07,1570
6806,森崴能源,18,0,18,港商法國興業,2023-03-07,1570
3702,大聯大,16,0,16,港商法國興業,2023-03-07,1570
6505,台塑化,16,0,16,港商法國興業,2023-03-07,1570
2330,台積電,15,1,14,港商法國興業,2023-03-07,1570
5876,上海商銀,14,0,14,港商法國興業,2023-03-07,1570
1904,正隆,13,0,13,港商法國興業,2023-03-07,1570
8415,大國鋼,13,0,13,港商法國興業,2023-03-07,1570
9939,宏全,12,0,12,港商法國興業,2023-03-07,1570
2408,南亞科,11,0,11,港商法國興業,2023-03-07,1570
2106,建大,11,0,11,港商法國興業,2023-03-07,1570
4770,上品,11,0,11,港商法國興業,2023-03-07,1570
3035,智原,10,0,10,港商法國興業,2023-03-07,1570
6213,聯茂,10,0,10,港商法國興業,2023-03-07,1570
8150,南茂,10,0,10,港商法國興業,2023-03-07,1570
8358,金居,10,0,10,港商法國興業,2023-03-07,1570
1319,東陽,9,0,9,港商法國興業,2023-03-07,1570
6515,穎崴,9,0,9,港商法國興業,2023-03-07,1570
9914,美利達,9,0,9,港商法國興業,2023-03-07,1570
1326,台化,8,0,8,港商法國興業,2023-03-07,1570
2891,中信金,965,0,965,港商法國興業,2023-03-08,1570
2409,友達,670,0,670,港商法國興業,2023-03-08,1570
3481,群創,548,220,328,港商法國興業,2023-03-08,1570
2880,華南金,293,0,293,港商法國興業,2023-03-08,1570
2408,南亞科,251,0,251,港商法國興業,2023-03-08,1570
5880,合庫金,187,0,187,港商法國興業,2023-03-08,1570
2002,中鋼,185,0,185,港商法國興業,2023-03-08,1570
1319,東陽,152,0,152,港商法國興業,2023-03-08,1570
3189,景碩,130,5,125,港商法國興業,2023-03-08,1570
2363,矽統,118,0,118,港商法國興業,2023-03-08,1570
8215,明基材,87,0,87,港商法國興業,2023-03-08,1570
2204,中華,78,0,78,港商法國興業,2023-03-08,1570
2027,大成鋼,65,0,65,港商法國興業,2023-03-08,1570
3714,富采,45,0,45,港商法國興業,2023-03-08,1570
3051,力特,35,0,35,港商法國興業,2023-03-08,1570
3228,金麗科,35,0,35,港商法國興業,2023-03-08,1570
6603,富強鑫,35,0,35,港商法國興業,2023-03-08,1570
8046,南電,35,0,35,港商法國興業,2023-03-08,1570
3532,台勝科,35,1,34,港商法國興業,2023-03-08,1570
1717,長興,32,0,32,港商法國興業,2023-03-08,1570
2104,國際中橡,29,0,29,港商法國興業,2023-03-08,1570
3005,神基,28,0,28,港商法國興業,2023-03-08,1570
3231,緯創,21,0,21,港商法國興業,2023-03-08,1570
6177,達麗,17,0,17,港商法國興業,2023-03-08,1570
1707,葡萄王,16,0,16,港商法國興業,2023-03-08,1570
3450,聯鈞,16,0,16,港商法國興業,2023-03-08,1570
4904,遠傳,16,0,16,港商法國興業,2023-03-08,1570
6147,頎邦,16,0,16,港商法國興業,2023-03-08,1570
2031,新光鋼,15,0,15,港商法國興業,2023-03-08,1570
2327,國巨,20,5,15,港商法國興業,2023-03-08,1570
1526,日馳,15,0,15,港商法國興業,2023-03-08,1570
1907,永豐餘,15,0,15,港商法國興業,2023-03-08,1570
3702,大聯大,14,0,14,港商法國興業,2023-03-08,1570
4123,晟德,14,0,14,港商法國興業,2023-03-08,1570
6121,新普,14,0,14,港商法國興業,2023-03-08,1570
9940,信義,13,0,13,港商法國興業,2023-03-08,1570
6173,信昌電,12,0,12,港商法國興業,2023-03-08,1570
8916,光隆,12,0,12,港商法國興業,2023-03-08,1570
2006,東和鋼鐵,11,0,11,港商法國興業,2023-03-08,1570
2375,凱美,10,0,10,港商法國興業,2023-03-08,1570
2887,台新金,10,0,10,港商法國興業,2023-03-08,1570
3711,日月光投控,10,0,10,港商法國興業,2023-03-08,1570
4919,新唐,10,0,10,港商法國興業,2023-03-08,1570
6213,聯茂,10,0,10,港商法國興業,2023-03-08,1570
6235,華孚,10,0,10,港商法國興業,2023-03-08,1570
2486,一詮,9,0,9,港商法國興業,2023-03-08,1570
2492,華新科,8,0,8,港商法國興業,2023-03-08,1570
1101,台泥,8,0,8,港商法國興業,2023-03-08,1570
2337,旺宏,8,0,8,港商法國興業,2023-03-08,1570
6278,台表科,8,0,8,港商法國興業,2023-03-08,1570
2610,華航,900,121,779,港商法國興業,2023-03-09,1570
2618,長榮航,400,10,390,港商法國興業,2023-03-09,1570
3481,群創,581,200,381,港商法國興業,2023-03-09,1570
6770,力積電,200,0,200,港商法國興業,2023-03-09,1570
2303,聯電,189,0,189,港商法國興業,2023-03-09,1570
6147,頎邦,206,21,185,港商法國興業,2023-03-09,1570
1301,台塑,148,0,148,港商法國興業,2023-03-09,1570
2609,陽明,146,0,146,港商法國興業,2023-03-09,1570
2603,長榮,120,0,120,港商法國興業,2023-03-09,1570
2883,凱基金,106,0,106,港商法國興業,2023-03-09,1570
5880,合庫金,75,0,75,港商法國興業,2023-03-09,1570
2014,中鴻,72,0,72,港商法國興業,2023-03-09,1570
6176,瑞儀,67,0,67,港商法國興業,2023-03-09,1570
2027,大成鋼,60,0,60,港商法國興業,2023-03-09,1570
2615,萬海,58,0,58,港商法國興業,2023-03-09,1570
4904,遠傳,50,0,50,港商法國興業,2023-03-09,1570
2204,中華,44,0,44,港商法國興業,2023-03-09,1570
3041,揚智,39,0,39,港商法國興業,2023-03-09,1570
2408,南亞科,37,0,37,港商法國興業,2023-03-09,1570
2376,技嘉,36,0,36,港商法國興業,2023-03-09,1570
4106,雃博,30,0,30,港商法國興業,2023-03-09,1570
4958,臻鼎-KY,30,0,30,港商法國興業,2023-03-09,1570
1605,華新,77,50,27,港商法國興業,2023-03-09,1570
4977,眾達-KY,26,0,26,港商法國興業,2023-03-09,1570
3711,日月光投控,25,0,25,港商法國興業,2023-03-09,1570
2211,長榮鋼,24,0,24,港商法國興業,2023-03-09,1570
6531,愛普*,23,0,23,港商法國興業,2023-03-09,1570
2308,台達電,22,0,22,港商法國興業,2023-03-09,1570
4129,聯合,22,0,22,港商法國興業,2023-03-09,1570
6177,達麗,22,0,22,港商法國興業,2023-03-09,1570
2474,可成,20,0,20,港商法國興業,2023-03-09,1570
2106,建大,20,0,20,港商法國興業,2023-03-09,1570
1102,亞泥,20,0,20,港商法國興業,2023-03-09,1570
3406,玉晶光,19,0,19,港商法國興業,2023-03-09,1570
1326,台化,17,0,17,港商法國興業,2023-03-09,1570
3705,永信,17,0,17,港商法國興業,2023-03-09,1570
6706,惠特,16,0,16,港商法國興業,2023-03-09,1570
2454,聯發科,15,0,15,港商法國興業,2023-03-09,1570
6279,胡連,15,0,15,港商法國興業,2023-03-09,1570
9914,美利達,19,4,15,港商法國興業,2023-03-09,1570
3005,神基,13,0,13,港商法國興業,2023-03-09,1570
6239,力成,13,0,13,港商法國興業,2023-03-09,1570
3443,創意,12,0,12,港商法國興業,2023-03-09,1570
6669,緯穎,12,0,12,港商法國興業,2023-03-09,1570
1303,南亞,11,0,11,港商法國興業,2023-03-09,1570
4576,大銀微系統,11,0,11,港商法國興業,2023-03-09,1570
4915,致伸,11,0,11,港商法國興業,2023-03-09,1570
2539,櫻花建,10,0,10,港商法國興業,2023-03-09,1570
2354,鴻準,10,0,10,港商法國興業,2023-03-09,1570
3035,智原,10,0,10,港商法國興業,2023-03-09,1570
2376,技嘉,727,0,727,港商法國興業,2023-03-10,1570
3481,群創,550,0,550,港商法國興業,2023-03-10,1570
5388,中磊,490,0,490,港商法國興業,2023-03-10,1570
2027,大成鋼,391,0,391,港商法國興業,2023-03-10,1570
2886,兆豐金,383,24,359,港商法國興業,2023-03-10,1570
2353,宏��,299,20,279,港商法國興業,2023-03-10,1570
1301,台塑,201,10,191,港商法國興業,2023-03-10,1570
2881,富邦金,184,0,184,港商法國興業,2023-03-10,1570
2303,聯電,180,0,180,港商法國興業,2023-03-10,1570
6147,頎邦,163,0,163,港商法國興業,2023-03-10,1570
2484,希華,153,0,153,港商法國興業,2023-03-10,1570
1303,南亞,161,18,143,港商法國興業,2023-03-10,1570
1605,華新,139,0,139,港商法國興業,2023-03-10,1570
8215,明基材,132,0,132,港商法國興業,2023-03-10,1570
2880,華南金,105,0,105,港商法國興業,2023-03-10,1570
2888,新光金,105,0,105,港商法國興業,2023-03-10,1570
1503,士電,89,0,89,港商法國興業,2023-03-10,1570
8114,振樺電,71,0,71,港商法國興業,2023-03-10,1570
3712,永崴投控,70,2,68,港商法國興業,2023-03-10,1570
1519,華城,65,0,65,港商法國興業,2023-03-10,1570
2002,中鋼,59,0,59,港商法國興業,2023-03-10,1570
2845,遠東銀,55,0,55,港商法國興業,2023-03-10,1570
2356,英業達,60,8,52,港商法國興業,2023-03-10,1570
4938,和碩,49,0,49,港商法國興業,2023-03-10,1570
2812,台中銀,44,0,44,港商法國興業,2023-03-10,1570
2801,彰銀,42,0,42,港商法國興業,2023-03-10,1570
2323,中環,40,0,40,港商法國興業,2023-03-10,1570
2017,官田鋼,36,0,36,港商法國興業,2023-03-10,1570
2014,中鴻,30,0,30,港商法國興業,2023-03-10,1570
2363,矽統,29,0,29,港商法國興業,2023-03-10,1570
3231,緯創,29,0,29,港商法國興業,2023-03-10,1570
2317,鴻海,28,0,28,港商法國興業,2023-03-10,1570
2885,元大金,28,0,28,港商法國興業,2023-03-10,1570
3563,牧德,28,0,28,港商法國興業,2023-03-10,1570
4977,眾達-KY,25,0,25,港商法國興業,2023-03-10,1570
2486,一詮,24,0,24,港商法國興業,2023-03-10,1570
2615,萬海,30,6,24,港商法國興業,2023-03-10,1570
2832,台產,22,0,22,港商法國興業,2023-03-10,1570
2528,皇普,21,0,21,港商法國興業,2023-03-10,1570
2546,根基,20,0,20,港商法國興業,2023-03-10,1570
4908,前鼎,20,0,20,港商法國興業,2023-03-10,1570
2474,可成,18,0,18,港商法國興業,2023-03-10,1570
5519,隆大,18,0,18,港商法國興業,2023-03-10,1570
9905,大華,18,0,18,港商法國興業,2023-03-10,1570
5009,榮剛,16,0,16,港商法國興業,2023-03-10,1570
6282,康舒,16,0,16,港商法國興業,2023-03-10,1570
1526,日馳,15,0,15,港商法國興業,2023-03-10,1570
2211,長榮鋼,14,0,14,港商法國興業,2023-03-10,1570
2417,圓剛,13,0,13,港商法國興業,2023-03-10,1570
5525,順天,13,0,13,港商法國興業,2023-03-10,1570
2881,富邦金,288,30,258,港商法國興業,2023-03-13,1570
2027,大成鋼,247,0,247,港商法國興業,2023-03-13,1570
3481,群創,469,225,244,港商法國興業,2023-03-13,1570
2313,華通,210,9,201,港商法國興業,2023-03-13,1570
2609,陽明,200,60,140,港商法國興業,2023-03-13,1570
6147,頎邦,121,0,121,港商法國興業,2023-03-13,1570
2324,仁寶,133,18,115,港商法國興業,2023-03-13,1570
2002,中鋼,86,0,86,港商法國興業,2023-03-13,1570
2409,友達,82,0,82,港商法國興業,2023-03-13,1570
2882,國泰金,96,25,71,港商法國興業,2023-03-13,1570
2801,彰銀,68,0,68,港商法國興業,2023-03-13,1570
6278,台表科,64,0,64,港商法國興業,2023-03-13,1570
1312,國喬,60,0,60,港商法國興業,2023-03-13,1570
2603,長榮,70,11,59,港商法國興業,2023-03-13,1570
9958,世紀鋼,50,0,50,港商法國興業,2023-03-13,1570
1605,華新,127,80,47,港商法國興業,2023-03-13,1570
2323,中環,44,0,44,港商法國興業,2023-03-13,1570
2303,聯電,38,0,38,港商法國興業,2023-03-13,1570
2474,可成,35,0,35,港商法國興業,2023-03-13,1570
2812,台中銀,34,0,34,港商法國興業,2023-03-13,1570
6168,宏齊,31,0,31,港商法國興業,2023-03-13,1570
9914,美利達,31,0,31,港商法國興業,2023-03-13,1570
3661,世芯-KY,28,0,28,港商法國興業,2023-03-13,1570
2352,佳世達,42,15,27,港商法國興業,2023-03-13,1570
3037,欣興,27,0,27,港商法國興業,2023-03-13,1570
3711,日月光投控,27,0,27,港商法國興業,2023-03-13,1570
2308,台達電,23,0,23,港商法國興業,2023-03-13,1570
1319,東陽,22,0,22,港商法國興業,2023-03-13,1570
6153,嘉聯益,22,0,22,港商法國興業,2023-03-13,1570
2888,新光金,76,55,21,港商法國興業,2023-03-13,1570
2359,所羅門,20,0,20,港商法國興業,2023-03-13,1570
2809,京城銀,19,0,19,港商法國興業,2023-03-13,1570
4977,眾達-KY,19,0,19,港商法國興業,2023-03-13,1570
2605,新興,18,0,18,港商法國興業,2023-03-13,1570
6121,新普,18,0,18,港商法國興業,2023-03-13,1570
1504,東元,17,0,17,港商法國興業,2023-03-13,1570
2030,彰源,17,0,17,港商法國興業,2023-03-13,1570
2345,智邦,17,0,17,港商法國興業,2023-03-13,1570
2408,南亞科,16,0,16,港商法國興業,2023-03-13,1570
2461,光群雷,16,0,16,港商法國興業,2023-03-13,1570
6166,凌華,16,0,16,港商法國興業,2023-03-13,1570
2014,中鴻,15,0,15,港商法國興業,2023-03-13,1570
1722,台肥,15,0,15,港商法國興業,2023-03-13,1570
3005,神基,15,0,15,港商法國興業,2023-03-13,1570
9938,百和,15,0,15,港商法國興業,2023-03-13,1570
9939,宏全,15,0,15,港商法國興業,2023-03-13,1570
1210,大成,14,0,14,港商法國興業,2023-03-13,1570
6209,今國光,13,0,13,港商法國興業,2023-03-13,1570
1904,正隆,12,0,12,港商法國興業,2023-03-13,1570
2328,廣宇,11,0,11,港商法國興業,2023-03-13,1570
2449,京元電子,1575,12,1563,港商法國興業,2023-03-14,1570
2027,大成鋼,344,0,344,港商法國興業,2023-03-14,1570
2421,建準,199,7,192,港商法國興業,2023-03-14,1570
1444,力麗,45,0,45,港商法國興業,2023-03-14,1570
3661,世芯-KY,35,0,35,港商法國興業,2023-03-14,1570
1815,富喬,30,0,30,港商法國興業,2023-03-14,1570
2836,高雄銀,30,0,30,港商法國興業,2023-03-14,1570
6016,康和證,30,0,30,港商法國興業,2023-03-14,1570
2329,華泰,27,0,27,港商法國興業,2023-03-14,1570
2534,宏盛,25,0,25,港商法國興業,2023-03-14,1570
4919,新唐,25,0,25,港商法國興業,2023-03-14,1570
1310,台苯,24,0,24,港商法國興業,2023-03-14,1570
2337,旺宏,22,0,22,港商法國興業,2023-03-14,1570
2369,菱生,22,0,22,港商法國興業,2023-03-14,1570
3715,定穎投控,24,2,22,港商法國興業,2023-03-14,1570
4306,炎洲,22,0,22,港商法國興業,2023-03-14,1570
2905,三商,21,0,21,港商法國興業,2023-03-14,1570
2010,春源,20,0,20,港商法國興業,2023-03-14,1570
3037,欣興,40,20,20,港商法國興業,2023-03-14,1570
2412,中華電,72,55,17,港商法國興業,2023-03-14,1570
2401,凌陽,13,0,13,港商法國興業,2023-03-14,1570
1604,聲寶,12,0,12,港商法國興業,2023-03-14,1570
1210,大成,12,0,12,港商法國興業,2023-03-14,1570
3003,健和興,11,0,11,港商法國興業,2023-03-14,1570
3028,增你強,11,0,11,港商法國興業,2023-03-14,1570
1234,黑松,10,0,10,港商法國興業,2023-03-14,1570
1321,大洋,10,0,10,港商法國興業,2023-03-14,1570
1532,勤美,10,0,10,港商法國興業,2023-03-14,1570
1526,日馳,10,0,10,港商法國興業,2023-03-14,1570
3078,僑威,10,0,10,港商法國興業,2023-03-14,1570
3231,緯創,106,96,10,港商法國興業,2023-03-14,1570
2387,精元,9,0,9,港商法國興業,2023-03-14,1570
3450,聯鈞,9,0,9,港商法國興業,2023-03-14,1570
6214,精誠,9,0,9,港商法國興業,2023-03-14,1570
2303,聯電,8,0,8,港商法國興業,2023-03-14,1570
5609,中菲行,8,0,8,港商法國興業,2023-03-14,1570
2476,鉅祥,7,0,7,港商法國興業,2023-03-14,1570
3088,艾訊,7,0,7,港商法國興業,2023-03-14,1570
3217,優群,7,0,7,港商法國興業,2023-03-14,1570
6706,惠特,7,0,7,港商法國興業,2023-03-14,1570
8271,宇瞻,7,0,7,港商法國興業,2023-03-14,1570
1605,華新,22,16,6,港商法國興業,2023-03-14,1570
4935,茂林-KY,6,0,6,港商法國興業,2023-03-14,1570
5508,永信建,6,0,6,港商法國興業,2023-03-14,1570
5536,聖暉*,6,0,6,港商法國興業,2023-03-14,1570
6166,凌華,6,0,6,港商法國興業,2023-03-14,1570
9933,中鼎,6,0,6,港商法國興業,2023-03-14,1570
1589,永冠-KY,5,0,5,港商法國興業,2023-03-14,1570
4107,邦特,5,0,5,港商法國興業,2023-03-14,1570
4953,緯軟,5,0,5,港商法國興業,2023-03-14,1570
2886,兆豐金,357,21,336,港商法國興業,2023-03-15,1570
5880,合庫金,486,293,193,港商法國興業,2023-03-15,1570
2002,中鋼,239,102,137,港商法國興業,2023-03-15,1570
2353,宏��,137,0,137,港商法國興業,2023-03-15,1570
2610,華航,100,0,100,港商法國興業,2023-03-15,1570
1605,華新,92,0,92,港商法國興業,2023-03-15,1570
6147,頎邦,47,0,47,港商法國興業,2023-03-15,1570
2377,微星,46,0,46,港商法國興業,2023-03-15,1570
2104,國際中橡,44,0,44,港商法國興業,2023-03-15,1570
2303,聯電,39,2,37,港商法國興業,2023-03-15,1570
2371,大同,31,0,31,港商法國興業,2023-03-15,1570
2324,仁寶,30,0,30,港商法國興業,2023-03-15,1570
2888,新光金,30,0,30,港商法國興業,2023-03-15,1570
3035,智原,30,0,30,港商法國興業,2023-03-15,1570
3231,緯創,30,0,30,港商法國興業,2023-03-15,1570
1785,光洋科,17,0,17,港商法國興業,2023-03-15,1570
3714,富采,14,0,14,港商法國興業,2023-03-15,1570
2379,瑞昱,13,0,13,港商法國興業,2023-03-15,1570
1210,大成,12,0,12,港商法國興業,2023-03-15,1570
2885,元大金,12,0,12,港商法國興業,2023-03-15,1570
3034,聯詠,21,10,11,港商法國興業,2023-03-15,1570
3045,台灣大,11,0,11,港商法國興業,2023-03-15,1570
2049,上銀,10,0,10,港商法國興業,2023-03-15,1570
2376,技嘉,10,0,10,港商法國興業,2023-03-15,1570
2880,華南金,10,0,10,港商法國興業,2023-03-15,1570
3019,亞光,6,0,6,港商法國興業,2023-03-15,1570
1102,亞泥,4,0,4,港商法國興業,2023-03-15,1570
1301,台塑,4,0,4,港商法國興業,2023-03-15,1570
3708,上緯投控,4,0,4,港商法國興業,2023-03-15,1570
6789,采鈺,4,0,4,港商法國興業,2023-03-15,1570
9939,宏全,4,0,4,港商法國興業,2023-03-15,1570
3711,日月光投控,3,0,3,港商法國興業,2023-03-15,1570
4904,遠傳,3,0,3,港商法國興業,2023-03-15,1570
4938,和碩,3,0,3,港商法國興業,2023-03-15,1570
1590,亞德客-KY,3,1,2,港商法國興業,2023-03-15,1570
1477,聚陽,2,0,2,港商法國興業,2023-03-15,1570
3673,TPK-KY,2,0,2,港商法國興業,2023-03-15,1570
8299,群聯,2,0,2,港商法國興業,2023-03-15,1570
9914,美利達,2,0,2,港商法國興業,2023-03-15,1570
2474,可成,1,0,1,港商法國興業,2023-03-15,1570
3528,安馳,1,0,1,港商法國興業,2023-03-15,1570
6412,群電,1,0,1,港商法國興業,2023-03-15,1570
6414,樺漢,2,1,1,港商法國興業,2023-03-15,1570
6505,台塑化,1,0,1,港商法國興業,2023-03-15,1570
3481,群創,1067,370,697,港商法國興業,2023-03-16,1570
2409,友達,438,0,438,港商法國興業,2023-03-16,1570
2353,宏��,322,0,322,港商法國興業,2023-03-16,1570
9945,潤泰新,180,0,180,港商法國興業,2023-03-16,1570
5880,合庫金,153,0,153,港商法國興業,2023-03-16,1570
2886,兆豐金,147,0,147,港商法國興業,2023-03-16,1570
3231,緯創,112,12,100,港商法國興業,2023-03-16,1570
1101,台泥,103,10,93,港商法國興業,2023-03-16,1570
2603,長榮,99,16,83,港商法國興業,2023-03-16,1570
2393,億光,79,0,79,港商法國興業,2023-03-16,1570
3711,日月光投控,69,0,69,港商法國興業,2023-03-16,1570
2201,裕隆,125,60,65,港商法國興業,2023-03-16,1570
2030,彰源,57,0,57,港商法國興業,2023-03-16,1570
1605,華新,54,0,54,港商法國興業,2023-03-16,1570
2308,台達電,52,0,52,港商法國興業,2023-03-16,1570
2454,聯發科,49,0,49,港商法國興業,2023-03-16,1570
1303,南亞,58,11,47,港商法國興業,2023-03-16,1570
1717,長興,45,0,45,港商法國興業,2023-03-16,1570
2881,富邦金,40,0,40,港商法國興業,2023-03-16,1570
3532,台勝科,42,4,38,港商法國興業,2023-03-16,1570
1810,和成,37,0,37,港商法國興業,2023-03-16,1570
6190,萬泰科,33,0,33,港商法國興業,2023-03-16,1570
2891,中信金,31,0,31,港商法國興業,2023-03-16,1570
5243,乙盛-KY,30,0,30,港商法國興業,2023-03-16,1570
3005,神基,29,0,29,港商法國興業,2023-03-16,1570
3714,富采,29,0,29,港商法國興業,2023-03-16,1570
2836,高雄銀,27,0,27,港商法國興業,2023-03-16,1570
1785,光洋科,26,0,26,港商法國興業,2023-03-16,1570
2486,一詮,24,0,24,港商法國興業,2023-03-16,1570
8349,�矬�,24,0,24,港商法國興業,2023-03-16,1570
2049,上銀,23,0,23,港商法國興業,2023-03-16,1570
3712,永崴投控,22,0,22,港商法國興業,2023-03-16,1570
3189,景碩,40,20,20,港商法國興業,2023-03-16,1570
6128,上福,20,0,20,港商法國興業,2023-03-16,1570
1216,統一,28,10,18,港商法國興業,2023-03-16,1570
6209,今國光,17,0,17,港商法國興業,2023-03-16,1570
8234,新漢,16,0,16,港商法國興業,2023-03-16,1570
1722,台肥,15,0,15,港商法國興業,2023-03-16,1570
2417,圓剛,15,0,15,港商法國興業,2023-03-16,1570
1434,福懋,14,0,14,港商法國興業,2023-03-16,1570
2850,新產,14,0,14,港商法國興業,2023-03-16,1570
3645,達邁,14,0,14,港商法國興業,2023-03-16,1570
1727,中華化,13,0,13,港商法國興業,2023-03-16,1570
9940,信義,12,0,12,港商法國興業,2023-03-16,1570
6177,達麗,11,0,11,港商法國興業,2023-03-16,1570
1737,臺鹽,10,0,10,港商法國興業,2023-03-16,1570
3034,聯詠,10,0,10,港商法國興業,2023-03-16,1570
4164,承業醫,10,0,10,港商法國興業,2023-03-16,1570
6187,萬潤,10,0,10,港商法國興業,2023-03-16,1570
1598,岱宇,9,0,9,港商法國興業,2023-03-16,1570
3711,日月光投控,759,0,759,港商法國興業,2023-03-17,1570
1312,國喬,627,0,627,港商法國興業,2023-03-17,1570
2103,台橡,476,0,476,港商法國興業,2023-03-17,1570
8150,南茂,332,0,332,港商法國興業,2023-03-17,1570
2317,鴻海,452,131,321,港商法國興業,2023-03-17,1570
2393,億光,285,0,285,港商法國興業,2023-03-17,1570
5880,合庫金,339,78,261,港商法國興業,2023-03-17,1570
9945,潤泰新,245,16,229,港商法國興業,2023-03-17,1570
3036,文曄,186,0,186,港商法國興業,2023-03-17,1570
2377,微星,158,0,158,港商法國興業,2023-03-17,1570
2330,台積電,274,117,157,港商法國興業,2023-03-17,1570
1504,東元,155,0,155,港商法國興業,2023-03-17,1570
2890,永豐金,268,116,152,港商法國興業,2023-03-17,1570
2885,元大金,241,96,145,港商法國興業,2023-03-17,1570
4958,臻鼎-KY,142,5,137,港商法國興業,2023-03-17,1570
3006,晶豪科,92,0,92,港商法國興業,2023-03-17,1570
2809,京城銀,81,0,81,港商法國興業,2023-03-17,1570
5876,上海商銀,153,75,78,港商法國興業,2023-03-17,1570
2353,宏��,100,23,77,港商法國興業,2023-03-17,1570
2880,華南金,193,117,76,港商法國興業,2023-03-17,1570
1434,福懋,70,0,70,港商法國興業,2023-03-17,1570
2887,台新金,157,88,69,港商法國興業,2023-03-17,1570
3105,穩懋,71,3,68,港商法國興業,2023-03-17,1570
1409,新纖,65,0,65,港商法國興業,2023-03-17,1570
2892,第一金,172,107,65,港商法國興業,2023-03-17,1570
2883,凱基金,184,122,62,港商法國興業,2023-03-17,1570
1101,台泥,110,49,61,港商法國興業,2023-03-17,1570
2618,長榮航,78,20,58,港商法國興業,2023-03-17,1570
1301,台塑,97,40,57,港商法國興業,2023-03-17,1570
2615,萬海,59,6,53,港商法國興業,2023-03-17,1570
1326,台化,74,27,47,港商法國興業,2023-03-17,1570
2888,新光金,151,105,46,港商法國興業,2023-03-17,1570
2542,興富發,43,0,43,港商法國興業,2023-03-17,1570
2354,鴻準,38,0,38,港商法國興業,2023-03-17,1570
1810,和成,38,0,38,港商法國興業,2023-03-17,1570
3037,欣興,45,9,36,港商法國興業,2023-03-17,1570
1227,佳格,33,0,33,港商法國興業,2023-03-17,1570
1402,遠東新,61,29,32,港商法國興業,2023-03-17,1570
2357,華碩,39,8,31,港商法國興業,2023-03-17,1570
2404,漢唐,29,0,29,港商法國興業,2023-03-17,1570
6239,力成,38,10,28,港商法國興業,2023-03-17,1570
6770,力積電,51,23,28,港商法國興業,2023-03-17,1570
6168,宏齊,27,0,27,港商法國興業,2023-03-17,1570
2633,台灣高鐵,42,16,26,港商法國興業,2023-03-17,1570
2891,中信金,167,141,26,港商法國興業,2023-03-17,1570
1722,台肥,23,0,23,港商法國興業,2023-03-17,1570
1526,日馳,21,0,21,港商法國興業,2023-03-17,1570
2495,普安,21,0,21,港商法國興業,2023-03-17,1570
9904,寶成,38,19,19,港商法國興業,2023-03-17,1570
2337,旺宏,19,0,19,港商法國興業,2023-03-17,1570
2313,華通,158,0,158,港商法國興業,2023-03-20,1570
2618,長榮航,151,0,151,港商法國興業,2023-03-20,1570
3231,緯創,136,0,136,港商法國興業,2023-03-20,1570
2881,富邦金,125,0,125,港商法國興業,2023-03-20,1570
2880,華南金,109,0,109,港商法國興業,2023-03-20,1570
3037,欣興,97,0,97,港商法國興業,2023-03-20,1570
2308,台達電,80,0,80,港商法國興業,2023-03-20,1570
8069,元太,76,4,72,港商法國興業,2023-03-20,1570
2324,仁寶,57,0,57,港商法國興業,2023-03-20,1570
1504,東元,52,0,52,港商法國興業,2023-03-20,1570
1722,台肥,49,0,49,港商法國興業,2023-03-20,1570
9945,潤泰新,32,0,32,港商法國興業,2023-03-20,1570
6153,嘉聯益,30,0,30,港商法國興業,2023-03-20,1570
2412,中華電,27,0,27,港商法國興業,2023-03-20,1570
2633,台灣高鐵,22,0,22,港商法國興業,2023-03-20,1570
4904,遠傳,22,0,22,港商法國興業,2023-03-20,1570
1904,正隆,21,0,21,港商法國興業,2023-03-20,1570
2371,大同,15,0,15,港商法國興業,2023-03-20,1570
2548,華固,13,0,13,港商法國興業,2023-03-20,1570
2449,京元電子,12,0,12,港商法國興業,2023-03-20,1570
1229,聯華,11,0,11,港商法國興業,2023-03-20,1570
3005,神基,13,2,11,港商法國興業,2023-03-20,1570
6446,藥華藥,11,0,11,港商法國興業,2023-03-20,1570
2317,鴻海,9,0,9,港商法國興業,2023-03-20,1570
9917,中保科,9,0,9,港商法國興業,2023-03-20,1570
2458,義隆,8,0,8,港商法國興業,2023-03-20,1570
2441,超豐,8,0,8,港商法國興業,2023-03-20,1570
2015,豐興,8,0,8,港商法國興業,2023-03-20,1570
6271,同欣電,7,0,7,港商法國興業,2023-03-20,1570
2408,南亞科,6,0,6,港商法國興業,2023-03-20,1570
2404,漢唐,5,0,5,港商法國興業,2023-03-20,1570
3705,永信,5,0,5,港商法國興業,2023-03-20,1570
2609,陽明,4,0,4,港商法國興業,2023-03-20,1570
3023,信邦,4,0,4,港商法國興業,2023-03-20,1570
3592,瑞鼎,4,0,4,港商法國興業,2023-03-20,1570
6121,新普,4,0,4,港商法國興業,2023-03-20,1570
6670,復盛應用,4,0,4,港商法國興業,2023-03-20,1570
6592,和潤企業,3,0,3,港商法國興業,2023-03-20,1570
2603,長榮,2,0,2,港商法國興業,2023-03-20,1570
2345,智邦,2,0,2,港商法國興業,2023-03-20,1570
1477,聚陽,2,0,2,港商法國興業,2023-03-20,1570
1476,儒鴻,2,0,2,港商法國興業,2023-03-20,1570
2912,統一超,1,0,1,港商法國興業,2023-03-20,1570
9910,豐泰,1,0,1,港商法國興業,2023-03-20,1570
2449,京元電子,1830,0,1830,港商法國興業,2023-03-21,1570
2303,聯電,1479,107,1372,港商法國興業,2023-03-21,1570
2356,英業達,769,168,601,港商法國興業,2023-03-21,1570
3231,緯創,452,51,401,港商法國興業,2023-03-21,1570
2618,長榮航,332,0,332,港商法國興業,2023-03-21,1570
2454,聯發科,330,11,319,港商法國興業,2023-03-21,1570
2376,技嘉,256,0,256,港商法國興業,2023-03-21,1570
1303,南亞,133,0,133,港商法國興業,2023-03-21,1570
6278,台表科,133,0,133,港商法國興業,2023-03-21,1570
2882,國泰金,110,0,110,港商法國興業,2023-03-21,1570
2108,南帝,108,0,108,港商法國興業,2023-03-21,1570
4958,臻鼎-KY,83,0,83,港商法國興業,2023-03-21,1570
3005,神基,82,0,82,港商法國興業,2023-03-21,1570
4952,凌通,81,0,81,港商法國興業,2023-03-21,1570
6257,矽格,76,0,76,港商法國興業,2023-03-21,1570
3022,威強電,72,0,72,港商法國興業,2023-03-21,1570
5609,中菲行,72,0,72,港商法國興業,2023-03-21,1570
8131,福懋科,72,0,72,港商法國興業,2023-03-21,1570
8926,台汽電,72,0,72,港商法國興業,2023-03-21,1570
5388,中磊,71,0,71,港商法國興業,2023-03-21,1570
6168,宏齊,69,0,69,港商法國興業,2023-03-21,1570
2317,鴻海,344,276,68,港商法國興業,2023-03-21,1570
2201,裕隆,67,0,67,港商法國興業,2023-03-21,1570
3034,聯詠,78,11,67,港商法國興業,2023-03-21,1570
1503,士電,64,0,64,港商法國興業,2023-03-21,1570
2324,仁寶,64,0,64,港商法國興業,2023-03-21,1570
2478,大毅,63,0,63,港商法國興業,2023-03-21,1570
2329,華泰,62,0,62,港商法國興業,2023-03-21,1570
1314,中石化,74,14,60,港商法國興業,2023-03-21,1570
2892,第一金,60,0,60,港商法國興業,2023-03-21,1570
2338,光罩,59,0,59,港商法國興業,2023-03-21,1570
1519,華城,79,20,59,港商法國興業,2023-03-21,1570
2385,群光,69,10,59,港商法國興業,2023-03-21,1570
2419,仲琦,57,0,57,港商法國興業,2023-03-21,1570
3014,聯陽,54,0,54,港商法國興業,2023-03-21,1570
6203,海韻電,54,0,54,港商法國興業,2023-03-21,1570
9945,潤泰新,53,0,53,港商法國興業,2023-03-21,1570
2034,允強,50,0,50,港商法國興業,2023-03-21,1570
1109,信大,48,0,48,港商法國興業,2023-03-21,1570
1504,東元,46,0,46,港商法國興業,2023-03-21,1570
2617,台航,46,0,46,港商法國興業,2023-03-21,1570
3026,禾伸堂,45,0,45,港商法國興業,2023-03-21,1570
3455,由田,45,0,45,港商法國興業,2023-03-21,1570
3679,新至陞,45,0,45,港商法國興業,2023-03-21,1570
6214,精誠,45,0,45,港商法國興業,2023-03-21,1570
8924,大田,45,0,45,港商法國興業,2023-03-21,1570
2404,漢唐,44,0,44,港商法國興業,2023-03-21,1570
2451,創見,45,1,44,港商法國興業,2023-03-21,1570
2548,華固,45,2,43,港商法國興業,2023-03-21,1570
2379,瑞昱,45,3,42,港商法國興業,2023-03-21,1570
2890,永豐金,829,0,829,港商法國興業,2023-03-22,1570
3231,緯創,171,0,171,港商法國興業,2023-03-22,1570
2520,冠德,123,0,123,港商法國興業,2023-03-22,1570
2881,富邦金,111,0,111,港商法國興業,2023-03-22,1570
1504,東元,86,0,86,港商法國興業,2023-03-22,1570
9921,巨大,71,0,71,港商法國興業,2023-03-22,1570
2610,華航,180,120,60,港商法國興業,2023-03-22,1570
2308,台達電,55,0,55,港商法國興業,2023-03-22,1570
2404,漢唐,54,0,54,港商法國興業,2023-03-22,1570
3037,欣興,51,0,51,港商法國興業,2023-03-22,1570
2882,國泰金,37,0,37,港商法國興業,2023-03-22,1570
5371,中光電,37,0,37,港商法國興業,2023-03-22,1570
2421,建準,34,0,34,港商法國興業,2023-03-22,1570
2482,連宇,29,0,29,港商法國興業,2023-03-22,1570
2382,廣達,22,0,22,港商法國興業,2023-03-22,1570
1227,佳格,20,0,20,港商法國興業,2023-03-22,1570
6770,力積電,20,0,20,港商法國興業,2023-03-22,1570
2603,長榮,19,0,19,港商法國興業,2023-03-22,1570
1785,光洋科,19,0,19,港商法國興業,2023-03-22,1570
2376,技嘉,22,3,19,港商法國興業,2023-03-22,1570
2356,英業達,82,64,18,港商法國興業,2023-03-22,1570
9914,美利達,17,0,17,港商法國興業,2023-03-22,1570
2486,一詮,14,0,14,港商法國興業,2023-03-22,1570
9933,中鼎,14,0,14,港商法國興業,2023-03-22,1570
2727,王品,13,0,13,港商法國興業,2023-03-22,1570
3705,永信,12,0,12,港商法國興業,2023-03-22,1570
4114,健喬,12,0,12,港商法國興業,2023-03-22,1570
8403,盛弘,12,0,12,港商法國興業,2023-03-22,1570
2492,華新科,11,0,11,港商法國興業,2023-03-22,1570
2303,聯電,10,0,10,港商法國興業,2023-03-22,1570
1326,台化,9,0,9,港商法國興業,2023-03-22,1570
3034,聯詠,7,0,7,港商法國興業,2023-03-22,1570
4915,致伸,6,0,6,港商法國興業,2023-03-22,1570
2480,敦陽科,5,0,5,港商法國興業,2023-03-22,1570
2330,台積電,9,4,5,港商法國興業,2023-03-22,1570
1313,聯成,5,0,5,港商法國興業,2023-03-22,1570
8462,柏文,5,0,5,港商法國興業,2023-03-22,1570
1319,東陽,4,0,4,港商法國興業,2023-03-22,1570
1712,興農,4,0,4,港商法國興業,2023-03-22,1570
4935,茂林-KY,4,0,4,港商法國興業,2023-03-22,1570
5347,世界,4,0,4,港商法國興業,2023-03-22,1570
6670,復盛應用,4,0,4,港商法國興業,2023-03-22,1570
8299,群聯,4,0,4,港商法國興業,2023-03-22,1570
1590,亞德客-KY,3,0,3,港商法國興業,2023-03-22,1570
1558,伸興,3,0,3,港商法國興業,2023-03-22,1570
2379,瑞昱,3,0,3,港商法國興業,2023-03-22,1570
3529,力旺,3,0,3,港商法國興業,2023-03-22,1570
2327,國巨,2,0,2,港商法國興業,2023-03-22,1570
4743,合一,2,0,2,港商法國興業,2023-03-22,1570
3008,大立光,1,0,1,港商法國興業,2023-03-22,1570
2449,京元電子,1145,14,1131,港商法國興業,2023-03-23,1570
1216,統一,683,0,683,港商法國興業,2023-03-23,1570
0050,元大台灣50,590,0,590,港商法國興業,2023-03-23,1570
2882,國泰金,401,0,401,港商法國興業,2023-03-23,1570
3231,緯創,337,0,337,港商法國興業,2023-03-23,1570
2884,玉山金,280,0,280,港商法國興業,2023-03-23,1570
2421,建準,272,0,272,港商法國興業,2023-03-23,1570
2634,漢翔,185,0,185,港商法國興業,2023-03-23,1570
2890,永豐金,113,0,113,港商法國興業,2023-03-23,1570
2886,兆豐金,84,0,84,港商法國興業,2023-03-23,1570
2408,南亞科,79,0,79,港商法國興業,2023-03-23,1570
2888,新光金,58,0,58,港商法國興業,2023-03-23,1570
4977,眾達-KY,71,28,43,港商法國興業,2023-03-23,1570
3022,威強電,42,0,42,港商法國興業,2023-03-23,1570
5871,中租-KY,37,0,37,港商法國興業,2023-03-23,1570
2891,中信金,34,0,34,港商法國興業,2023-03-23,1570
1215,卜蜂,29,0,29,港商法國興業,2023-03-23,1570
4919,新唐,26,0,26,港商法國興業,2023-03-23,1570
2344,華邦電,22,0,22,港商法國興業,2023-03-23,1570
8150,南茂,22,0,22,港商法國興業,2023-03-23,1570
2034,允強,20,0,20,港商法國興業,2023-03-23,1570
5483,中美晶,20,0,20,港商法國興業,2023-03-23,1570
1560,中砂,15,0,15,港商法國興業,2023-03-23,1570
3037,欣興,15,0,15,港商法國興業,2023-03-23,1570
5388,中磊,15,0,15,港商法國興業,2023-03-23,1570
4123,晟德,13,0,13,港商法國興業,2023-03-23,1570
6285,啟��,13,0,13,港商法國興業,2023-03-23,1570
3711,日月光投控,12,0,12,港商法國興業,2023-03-23,1570
2881,富邦金,11,0,11,港商法國興業,2023-03-23,1570
2371,大同,10,0,10,港商法國興業,2023-03-23,1570
2912,統一超,9,0,9,港商法國興業,2023-03-23,1570
3017,奇鋐,9,0,9,港商法國興業,2023-03-23,1570
1707,葡萄王,8,0,8,港商法國興業,2023-03-23,1570
2492,華新科,12,4,8,港商法國興業,2023-03-23,1570
3714,富采,8,0,8,港商法國興業,2023-03-23,1570
2615,萬海,6,0,6,港商法國興業,2023-03-23,1570
8454,富邦媒,6,0,6,港商法國興業,2023-03-23,1570
6271,同欣電,5,0,5,港商法國興業,2023-03-23,1570
6409,旭隼,5,0,5,港商法國興業,2023-03-23,1570
6505,台塑化,5,0,5,港商法國興業,2023-03-23,1570
2498,宏達電,4,0,4,港商法國興業,2023-03-23,1570
6278,台表科,4,0,4,港商法國興業,2023-03-23,1570
2330,台積電,3,0,3,港商法國興業,2023-03-23,1570
2327,國巨,2,0,2,港商法國興業,2023-03-23,1570
1590,亞德客-KY,2,0,2,港商法國興業,2023-03-23,1570
1229,聯華,1,0,1,港商法國興業,2023-03-23,1570
3034,聯詠,1,0,1,港商法國興業,2023-03-23,1570
3035,智原,1,0,1,港商法國興業,2023-03-23,1570
3443,創意,1,0,1,港商法國興業,2023-03-23,1570
5347,世界,1,0,1,港商法國興業,2023-03-23,1570
3231,緯創,620,0,620,港商法國興業,2023-03-24,1570
2344,華邦電,502,0,502,港商法國興業,2023-03-24,1570
5425,台半,492,0,492,港商法國興業,2023-03-24,1570
2408,南亞科,214,0,214,港商法國興業,2023-03-24,1570
3481,群創,203,0,203,港商法國興業,2023-03-24,1570
2303,聯電,134,0,134,港商法國興業,2023-03-24,1570
2891,中信金,102,0,102,港商法國興業,2023-03-24,1570
2317,鴻海,100,0,100,港商法國興業,2023-03-24,1570
2409,友達,100,0,100,港商法國興業,2023-03-24,1570
3037,欣興,100,0,100,港商法國興業,2023-03-24,1570
2887,台新金,99,0,99,港商法國興業,2023-03-24,1570
2382,廣達,86,2,84,港商法國興業,2023-03-24,1570
2313,華通,80,0,80,港商法國興業,2023-03-24,1570
2634,漢翔,69,0,69,港商法國興業,2023-03-24,1570
1314,中石化,67,0,67,港商法國興業,2023-03-24,1570
2504,國產,66,0,66,港商法國興業,2023-03-24,1570
2337,旺宏,65,0,65,港商法國興業,2023-03-24,1570
9939,宏全,32,0,32,港商法國興業,2023-03-24,1570
2454,聯發科,36,5,31,港商法國興業,2023-03-24,1570
9914,美利達,31,0,31,港商法國興業,2023-03-24,1570
6770,力積電,29,0,29,港商法國興業,2023-03-24,1570
1402,遠東新,26,0,26,港商法國興業,2023-03-24,1570
2105,正新,26,0,26,港商法國興業,2023-03-24,1570
2377,微星,25,0,25,港商法國興業,2023-03-24,1570
3189,景碩,27,2,25,港商法國興業,2023-03-24,1570
2884,玉山金,24,0,24,港商法國興業,2023-03-24,1570
5371,中光電,24,0,24,港商法國興業,2023-03-24,1570
3711,日月光投控,21,0,21,港商法國興業,2023-03-24,1570
1303,南亞,20,0,20,港商法國興業,2023-03-24,1570
1216,統一,19,0,19,港商法國興業,2023-03-24,1570
6285,啟��,17,0,17,港商法國興業,2023-03-24,1570
1215,卜蜂,16,0,16,港商法國興業,2023-03-24,1570
2520,冠德,15,0,15,港商法國興業,2023-03-24,1570
2892,第一金,15,0,15,港商法國興業,2023-03-24,1570
6505,台塑化,15,0,15,港商法國興業,2023-03-24,1570
2606,裕民,14,0,14,港商法國興業,2023-03-24,1570
2548,華固,13,0,13,港商法國興業,2023-03-24,1570
1326,台化,12,0,12,港商法國興業,2023-03-24,1570
1301,台塑,12,0,12,港商法國興業,2023-03-24,1570
3704,合勤控,12,0,12,港商法國興業,2023-03-24,1570
8476,台境*,12,0,12,港商法國興業,2023-03-24,1570
2534,宏盛,11,0,11,港商法國興業,2023-03-24,1570
3036,文曄,11,0,11,港商法國興業,2023-03-24,1570
1504,東元,10,0,10,港商法國興業,2023-03-24,1570
2615,萬海,10,0,10,港商法國興業,2023-03-24,1570
1909,榮成,9,0,9,港商法國興業,2023-03-24,1570
3702,大聯大,9,0,9,港商法國興業,2023-03-24,1570
6515,穎崴,8,0,8,港商法國興業,2023-03-24,1570
2006,東和鋼鐵,7,0,7,港商法國興業,2023-03-24,1570
1707,葡萄王,7,0,7,港商法國興業,2023-03-24,1570
3231,緯創,343,0,343,港商法國興業,2023-03-27,1570
2891,中信金,231,0,231,港商法國興業,2023-03-27,1570
2324,仁寶,203,0,203,港商法國興業,2023-03-27,1570
1907,永豐餘,378,189,189,港商法國興業,2023-03-27,1570
2330,台積電,188,0,188,港商法國興業,2023-03-27,1570
2002,中鋼,159,0,159,港商法國興業,2023-03-27,1570
2886,兆豐金,150,0,150,港商法國興業,2023-03-27,1570
2882,國泰金,120,0,120,港商法國興業,2023-03-27,1570
3037,欣興,112,0,112,港商法國興業,2023-03-27,1570
2303,聯電,94,0,94,港商法國興業,2023-03-27,1570
2881,富邦金,88,0,88,港商法國興業,2023-03-27,1570
2408,南亞科,83,0,83,港商法國興業,2023-03-27,1570
1216,統一,72,0,72,港商法國興業,2023-03-27,1570
1722,台肥,65,0,65,港商法國興業,2023-03-27,1570
1303,南亞,65,0,65,港商法國興業,2023-03-27,1570
1301,台塑,55,0,55,港商法國興業,2023-03-27,1570
2618,長榮航,50,0,50,港商法國興業,2023-03-27,1570
2890,永豐金,50,0,50,港商法國興業,2023-03-27,1570
6285,啟��,50,0,50,港商法國興業,2023-03-27,1570
2308,台達電,51,2,49,港商法國興業,2023-03-27,1570
3711,日月光投控,45,0,45,港商法國興業,2023-03-27,1570
8069,元太,45,0,45,港商法國興業,2023-03-27,1570
9945,潤泰新,45,0,45,港商法國興業,2023-03-27,1570
2603,長榮,67,23,44,港商法國興業,2023-03-27,1570
2412,中華電,42,0,42,港商法國興業,2023-03-27,1570
2454,聯發科,44,3,41,港商法國興業,2023-03-27,1570
2382,廣達,39,0,39,港商法國興業,2023-03-27,1570
2605,新興,32,0,32,港商法國興業,2023-03-27,1570
6770,力積電,31,0,31,港商法國興業,2023-03-27,1570
1504,東元,30,0,30,港商法國興業,2023-03-27,1570
2492,華新科,26,0,26,港商法國興業,2023-03-27,1570
5871,中租-KY,21,0,21,港商法國興業,2023-03-27,1570
2461,光群雷,19,0,19,港商法國興業,2023-03-27,1570
2337,旺宏,18,0,18,港商法國興業,2023-03-27,1570
4915,致伸,18,0,18,港商法國興業,2023-03-27,1570
1102,亞泥,15,0,15,港商法國興業,2023-03-27,1570
1215,卜蜂,13,0,13,港商法國興業,2023-03-27,1570
9933,中鼎,13,0,13,港商法國興業,2023-03-27,1570
3034,聯詠,12,0,12,港商法國興業,2023-03-27,1570
3653,健策,12,0,12,港商法國興業,2023-03-27,1570
1709,和益,11,0,11,港商法國興業,2023-03-27,1570
4977,眾達-KY,11,0,11,港商法國興業,2023-03-27,1570
6505,台塑化,11,0,11,港商法國興業,2023-03-27,1570
2327,國巨,10,0,10,港商法國興業,2023-03-27,1570
2534,宏盛,9,0,9,港商法國興業,2023-03-27,1570
2606,裕民,8,0,8,港商法國興業,2023-03-27,1570
2383,台光電,8,0,8,港商法國興業,2023-03-27,1570
2207,和泰車,8,0,8,港商法國興業,2023-03-27,1570
1707,葡萄王,7,0,7,港商法國興業,2023-03-27,1570
4746,台耀,7,0,7,港商法國興業,2023-03-27,1570
2356,英業達,1753,69,1684,港商法國興業,2023-03-28,1570
2324,仁寶,518,0,518,港商法國興業,2023-03-28,1570
2376,技嘉,150,26,124,港商法國興業,2023-03-28,1570
2610,華航,120,0,120,港商法國興業,2023-03-28,1570
2890,永豐金,115,0,115,港商法國興業,2023-03-28,1570
5388,中磊,125,15,110,港商法國興業,2023-03-28,1570
6191,精成科,109,0,109,港商法國興業,2023-03-28,1570
2105,正新,107,0,107,港商法國興業,2023-03-28,1570
1519,華城,104,0,104,港商法國興業,2023-03-28,1570
3231,緯創,95,0,95,港商法國興業,2023-03-28,1570
2887,台新金,86,0,86,港商法國興業,2023-03-28,1570
2355,敬鵬,78,0,78,港商法國興業,2023-03-28,1570
2888,新光金,78,0,78,港商法國興業,2023-03-28,1570
2419,仲琦,97,20,77,港商法國興業,2023-03-28,1570
1712,興農,71,0,71,港商法國興業,2023-03-28,1570
3005,神基,61,0,61,港商法國興業,2023-03-28,1570
3454,晶睿,60,0,60,港商法國興業,2023-03-28,1570
2352,佳世達,59,0,59,港商法國興業,2023-03-28,1570
2385,群光,59,0,59,港商法國興業,2023-03-28,1570
3034,聯詠,55,0,55,港商法國興業,2023-03-28,1570
2382,廣達,54,0,54,港商法國興業,2023-03-28,1570
6505,台塑化,52,0,52,港商法國興業,2023-03-28,1570
1709,和益,50,0,50,港商法國興業,2023-03-28,1570
1102,亞泥,46,0,46,港商法國興業,2023-03-28,1570
6285,啟��,44,0,44,港商法國興業,2023-03-28,1570
5876,上海商銀,40,0,40,港商法國興業,2023-03-28,1570
3653,健策,30,1,29,港商法國興業,2023-03-28,1570
3702,大聯大,28,0,28,港商法國興業,2023-03-28,1570
2892,第一金,25,0,25,港商法國興業,2023-03-28,1570
3014,聯陽,22,0,22,港商法國興業,2023-03-28,1570
6414,樺漢,21,0,21,港商法國興業,2023-03-28,1570
2504,國產,20,0,20,港商法國興業,2023-03-28,1570
2337,旺宏,19,0,19,港商法國興業,2023-03-28,1570
8069,元太,17,0,17,港商法國興業,2023-03-28,1570
8931,大汽電,17,0,17,港商法國興業,2023-03-28,1570
3022,威強電,16,0,16,港商法國興業,2023-03-28,1570
2347,聯強,14,0,14,港商法國興業,2023-03-28,1570
2247,汎德永業,14,0,14,港商法國興業,2023-03-28,1570
4904,遠傳,14,0,14,港商法國興業,2023-03-28,1570
2615,萬海,13,0,13,港商法國興業,2023-03-28,1570
4927,泰鼎-KY,13,0,13,港商法國興業,2023-03-28,1570
6770,力積電,12,0,12,港商法國興業,2023-03-28,1570
8358,金居,12,0,12,港商法國興業,2023-03-28,1570
1215,卜蜂,11,0,11,港商法國興業,2023-03-28,1570
2891,中信金,11,0,11,港商法國興業,2023-03-28,1570
9921,巨大,11,0,11,港商法國興業,2023-03-28,1570
1326,台化,10,0,10,港商法國興業,2023-03-28,1570
5457,宣德,10,0,10,港商法國興業,2023-03-28,1570
1723,中碳,9,0,9,港商法國興業,2023-03-28,1570
6669,緯穎,9,0,9,港商法國興業,2023-03-28,1570
2890,永豐金,101,0,101,港商法國興業,2023-03-29,1570
2615,萬海,93,0,93,港商法國興業,2023-03-29,1570
2002,中鋼,86,0,86,港商法國興業,2023-03-29,1570
2891,中信金,85,0,85,港商法國興業,2023-03-29,1570
2303,聯電,71,0,71,港商法國興業,2023-03-29,1570
2618,長榮航,70,0,70,港商法國興業,2023-03-29,1570
2634,漢翔,65,0,65,港商法國興業,2023-03-29,1570
2382,廣達,62,0,62,港商法國興業,2023-03-29,1570
2882,國泰金,59,8,51,港商法國興業,2023-03-29,1570
5876,上海商銀,51,0,51,港商法國興業,2023-03-29,1570
3711,日月光投控,50,0,50,港商法國興業,2023-03-29,1570
2337,旺宏,44,0,44,港商法國興業,2023-03-29,1570
4958,臻鼎-KY,42,0,42,港商法國興業,2023-03-29,1570
3481,群創,36,0,36,港商法國興業,2023-03-29,1570
1709,和益,35,0,35,港商法國興業,2023-03-29,1570
3034,聯詠,32,0,32,港商法國興業,2023-03-29,1570
1434,福懋,28,0,28,港商法國興業,2023-03-29,1570
8358,金居,24,0,24,港商法國興業,2023-03-29,1570
5371,中光電,22,0,22,港商法國興業,2023-03-29,1570
2838,聯邦銀,21,0,21,港商法國興業,2023-03-29,1570
4904,遠傳,20,0,20,港商法國興業,2023-03-29,1570
5388,中磊,20,0,20,港商法國興業,2023-03-29,1570
2548,華固,19,0,19,港商法國興業,2023-03-29,1570
3653,健策,19,0,19,港商法國興業,2023-03-29,1570
2530,華建,18,0,18,港商法國興業,2023-03-29,1570
2317,鴻海,18,0,18,港商法國興業,2023-03-29,1570
1409,新纖,17,0,17,港商法國興業,2023-03-29,1570
1907,永豐餘,16,0,16,港商法國興業,2023-03-29,1570
9907,統一實,16,0,16,港商法國興業,2023-03-29,1570
8150,南茂,15,0,15,港商法國興業,2023-03-29,1570
2633,台灣高鐵,14,0,14,港商法國興業,2023-03-29,1570
6239,力成,13,0,13,港商法國興業,2023-03-29,1570
1216,統一,12,0,12,港商法國興業,2023-03-29,1570
3045,台灣大,12,0,12,港商法國興業,2023-03-29,1570
1402,遠東新,11,0,11,港商法國興業,2023-03-29,1570
1477,聚陽,11,1,10,港商法國興業,2023-03-29,1570
3596,智易,10,0,10,港商法國興業,2023-03-29,1570
1215,卜蜂,9,0,9,港商法國興業,2023-03-29,1570
1476,儒鴻,8,0,8,港商法國興業,2023-03-29,1570
2206,三陽工業,8,0,8,港商法國興業,2023-03-29,1570
4540,全球傳動,8,0,8,港商法國興業,2023-03-29,1570
8931,大汽電,8,0,8,港商法國興業,2023-03-29,1570
4438,廣越,7,0,7,港商法國興業,2023-03-29,1570
4915,致伸,7,0,7,港商法國興業,2023-03-29,1570
5457,宣德,7,0,7,港商法國興業,2023-03-29,1570
8112,至上,7,0,7,港商法國興業,2023-03-29,1570
2441,超豐,6,0,6,港商法國興業,2023-03-29,1570
2360,致茂,6,0,6,港商法國興業,2023-03-29,1570
4961,天鈺,6,0,6,港商法國興業,2023-03-29,1570
5009,榮剛,6,0,6,港商法國興業,2023-03-29,1570
1504,東元,2688,0,2688,港商法國興業,2023-03-30,1570
1216,統一,533,0,533,港商法國興業,2023-03-30,1570
2356,英業達,488,0,488,港商法國興業,2023-03-30,1570
3481,群創,392,140,252,港商法國興業,2023-03-30,1570
1402,遠東新,198,0,198,港商法國興業,2023-03-30,1570
4977,眾達-KY,187,0,187,港商法國興業,2023-03-30,1570
3231,緯創,156,0,156,港商法國興業,2023-03-30,1570
2337,旺宏,138,0,138,港商法國興業,2023-03-30,1570
2317,鴻海,125,0,125,港商法國興業,2023-03-30,1570
2884,玉山金,107,0,107,港商法國興業,2023-03-30,1570
2891,中信金,96,0,96,港商法國興業,2023-03-30,1570
2892,第一金,95,0,95,港商法國興業,2023-03-30,1570
6547,高端疫苗,94,0,94,港商法國興業,2023-03-30,1570
5388,中磊,90,0,90,港商法國興業,2023-03-30,1570
3141,晶宏,67,0,67,港商法國興業,2023-03-30,1570
5880,合庫金,53,0,53,港商法國興業,2023-03-30,1570
2634,漢翔,51,0,51,港商法國興業,2023-03-30,1570
1707,葡萄王,50,0,50,港商法國興業,2023-03-30,1570
2890,永豐金,48,0,48,港商法國興業,2023-03-30,1570
1722,台肥,45,0,45,港商法國興業,2023-03-30,1570
2421,建準,45,0,45,港商法國興業,2023-03-30,1570
3037,欣興,41,0,41,港商法國興業,2023-03-30,1570
2633,台灣高鐵,39,0,39,港商法國興業,2023-03-30,1570
1712,興農,37,0,37,港商法國興業,2023-03-30,1570
2731,雄獅,35,0,35,港商法國興業,2023-03-30,1570
3707,漢磊,32,0,32,港商法國興業,2023-03-30,1570
2313,華通,30,0,30,港商法國興業,2023-03-30,1570
3711,日月光投控,29,0,29,港商法國興業,2023-03-30,1570
5371,中光電,29,0,29,港商法國興業,2023-03-30,1570
1101,台泥,28,0,28,港商法國興業,2023-03-30,1570
3443,創意,28,0,28,港商法國興業,2023-03-30,1570
6505,台塑化,26,0,26,港商法國興業,2023-03-30,1570
1303,南亞,24,0,24,港商法國興業,2023-03-30,1570
1717,長興,22,0,22,港商法國興業,2023-03-30,1570
4958,臻鼎-KY,22,0,22,港商法國興業,2023-03-30,1570
1326,台化,21,0,21,港商法國興業,2023-03-30,1570
1102,亞泥,18,0,18,港商法國興業,2023-03-30,1570
2615,萬海,17,0,17,港商法國興業,2023-03-30,1570
1560,中砂,15,0,15,港商法國興業,2023-03-30,1570
3189,景碩,15,0,15,港商法國興業,2023-03-30,1570
4919,新唐,15,0,15,港商法國興業,2023-03-30,1570
1702,南僑,13,0,13,港商法國興業,2023-03-30,1570
6239,力成,13,0,13,港商法國興業,2023-03-30,1570
9904,寶成,13,0,13,港商法國興業,2023-03-30,1570
1709,和益,12,0,12,港商法國興業,2023-03-30,1570
1434,福懋,12,0,12,港商法國興業,2023-03-30,1570
3045,台灣大,12,0,12,港商法國興業,2023-03-30,1570
3545,敦泰,12,0,12,港商法國興業,2023-03-30,1570
2352,佳世達,11,0,11,港商法國興業,2023-03-30,1570
6770,力積電,11,0,11,港商法國興業,2023-03-30,1570
2882,國泰金,336,67,269,港商法國興業,2023-03-31,1570
9921,巨大,185,0,185,港商法國興業,2023-03-31,1570
2330,台積電,132,64,68,港商法國興業,2023-03-31,1570
3231,緯創,66,0,66,港商法國興業,2023-03-31,1570
3710,連展投控,61,0,61,港商法國興業,2023-03-31,1570
1319,東陽,60,0,60,港商法國興業,2023-03-31,1570
2409,友達,60,0,60,港商法國興業,2023-03-31,1570
2303,聯電,49,0,49,港商法國興業,2023-03-31,1570
3034,聯詠,47,0,47,港商法國興業,2023-03-31,1570
1303,南亞,42,0,42,港商法國興業,2023-03-31,1570
1216,統一,40,0,40,港商法國興業,2023-03-31,1570
4977,眾達-KY,35,1,34,港商法國興業,2023-03-31,1570
1102,亞泥,33,0,33,港商法國興業,2023-03-31,1570
1301,台塑,32,0,32,港商法國興業,2023-03-31,1570
6505,台塑化,32,0,32,港商法國興業,2023-03-31,1570
2308,台達電,31,0,31,港商法國興業,2023-03-31,1570
6121,新普,31,0,31,港商法國興業,2023-03-31,1570
2382,廣達,30,0,30,港商法國興業,2023-03-31,1570
2545,皇翔,25,0,25,港商法國興業,2023-03-31,1570
2731,雄獅,25,0,25,港商法國興業,2023-03-31,1570
2607,榮運,24,0,24,港商法國興業,2023-03-31,1570
2801,彰銀,22,0,22,港商法國興業,2023-03-31,1570
6239,力成,22,0,22,港商法國興業,2023-03-31,1570
2331,精英,20,0,20,港商法國興業,2023-03-31,1570
2634,漢翔,20,0,20,港商法國興業,2023-03-31,1570
5347,世界,20,0,20,港商法國興業,2023-03-31,1570
2385,群光,19,0,19,港商法國興業,2023-03-31,1570
1752,南光,18,0,18,港商法國興業,2023-03-31,1570
2338,光罩,18,0,18,港商法國興業,2023-03-31,1570
2324,仁寶,17,0,17,港商法國興業,2023-03-31,1570
1907,永豐餘,16,0,16,港商法國興業,2023-03-31,1570
4904,遠傳,16,0,16,港商法國興業,2023-03-31,1570
5371,中光電,16,0,16,港商法國興業,2023-03-31,1570
6024,群益期,16,0,16,港商法國興業,2023-03-31,1570
8070,長華*,16,0,16,港商法國興業,2023-03-31,1570
1326,台化,15,0,15,港商法國興業,2023-03-31,1570
1526,日馳,15,0,15,港商法國興業,2023-03-31,1570
2609,陽明,15,0,15,港商法國興業,2023-03-31,1570
4938,和碩,15,0,15,港商法國興業,2023-03-31,1570
1532,勤美,13,0,13,港商法國興業,2023-03-31,1570
6446,藥華藥,13,0,13,港商法國興業,2023-03-31,1570
6770,力積電,13,0,13,港商法國興業,2023-03-31,1570
2049,上銀,12,0,12,港商法國興業,2023-03-31,1570
2615,萬海,12,0,12,港商法國興業,2023-03-31,1570
2892,第一金,53,41,12,港商法國興業,2023-03-31,1570
1402,遠東新,11,0,11,港商法國興業,2023-03-31,1570
1717,長興,11,0,11,港商法國興業,2023-03-31,1570
2886,兆豐金,76,65,11,港商法國興業,2023-03-31,1570
9958,世紀鋼,11,0,11,港商法國興業,2023-03-31,1570
1504,東元,10,0,10,港商法國興業,2023-03-31,1570
2356,英業達,1753,0,1753,港商法國興業,2023-04-06,1570
2340,台亞,444,0,444,港商法國興業,2023-04-06,1570
2409,友達,329,0,329,港商法國興業,2023-04-06,1570
3189,景碩,304,0,304,港商法國興業,2023-04-06,1570
2890,永豐金,234,0,234,港商法國興業,2023-04-06,1570
2883,凱基金,166,0,166,港商法國興業,2023-04-06,1570
3481,群創,110,0,110,港商法國興業,2023-04-06,1570
8016,矽創,104,0,104,港商法國興業,2023-04-06,1570
1402,遠東新,88,0,88,港商法國興業,2023-04-06,1570
3037,欣興,102,14,88,港商法國興業,2023-04-06,1570
2887,台新金,83,0,83,港商法國興業,2023-04-06,1570
2634,漢翔,72,0,72,港商法國興業,2023-04-06,1570
6139,亞翔,62,0,62,港商法國興業,2023-04-06,1570
1102,亞泥,54,0,54,港商法國興業,2023-04-06,1570
2360,致茂,47,0,47,港商法國興業,2023-04-06,1570
1504,東元,40,0,40,港商法國興業,2023-04-06,1570
2845,遠東銀,38,0,38,港商法國興業,2023-04-06,1570
3231,緯創,38,0,38,港商法國興業,2023-04-06,1570
3406,玉晶光,31,0,31,港商法國興業,2023-04-06,1570
2201,裕隆,30,0,30,港商法國興業,2023-04-06,1570
9958,世紀鋼,30,0,30,港商法國興業,2023-04-06,1570
2834,臺企銀,29,0,29,港商法國興業,2023-04-06,1570
2495,普安,28,0,28,港商法國興業,2023-04-06,1570
8163,達方,27,0,27,港商法國興業,2023-04-06,1570
2891,中信金,25,0,25,港商法國興業,2023-04-06,1570
2603,長榮,27,6,21,港商法國興業,2023-04-06,1570
9933,中鼎,17,0,17,港商法國興業,2023-04-06,1570
2534,宏盛,16,0,16,港商法國興業,2023-04-06,1570
5371,中光電,15,0,15,港商法國興業,2023-04-06,1570
2331,精英,14,0,14,港商法國興業,2023-04-06,1570
3081,聯亞,13,0,13,港商法國興業,2023-04-06,1570
4746,台耀,13,0,13,港商法國興業,2023-04-06,1570
2354,鴻準,11,0,11,港商法國興業,2023-04-06,1570
4915,致伸,10,0,10,港商法國興業,2023-04-06,1570
6285,啟��,30,20,10,港商法國興業,2023-04-06,1570
8069,元太,11,2,9,港商法國興業,2023-04-06,1570
2353,宏��,8,0,8,港商法國興業,2023-04-06,1570
2867,三商壽,8,0,8,港商法國興業,2023-04-06,1570
2897,王道銀行,8,0,8,港商法國興業,2023-04-06,1570
4977,眾達-KY,8,0,8,港商法國興業,2023-04-06,1570
2327,國巨,7,0,7,港商法國興業,2023-04-06,1570
3289,宜特,7,0,7,港商法國興業,2023-04-06,1570
3443,創意,7,0,7,港商法國興業,2023-04-06,1570
4763,材料-KY,6,0,6,港商法國興業,2023-04-06,1570
5347,世界,6,0,6,港商法國興業,2023-04-06,1570
1216,統一,5,0,5,港商法國興業,2023-04-06,1570
1303,南亞,5,0,5,港商法國興業,2023-04-06,1570
2812,台中銀,4,0,4,港商法國興業,2023-04-06,1570
2731,雄獅,4,0,4,港商法國興業,2023-04-06,1570
3105,穩懋,4,0,4,港商法國興業,2023-04-06,1570
2408,南亞科,135,0,135,港商法國興業,2023-04-07,1570
1314,中石化,100,0,100,港商法國興業,2023-04-07,1570
4977,眾達-KY,85,0,85,港商法國興業,2023-04-07,1570
9907,統一實,78,0,78,港商法國興業,2023-04-07,1570
9958,世紀鋼,65,0,65,港商法國興業,2023-04-07,1570
2834,臺企銀,55,0,55,港商法國興業,2023-04-07,1570
2607,榮運,55,0,55,港商法國興業,2023-04-07,1570
2605,新興,50,0,50,港商法國興業,2023-04-07,1570
4904,遠傳,48,0,48,港商法國興業,2023-04-07,1570
9933,中鼎,47,0,47,港商法國興業,2023-04-07,1570
2101,南港,43,0,43,港商法國興業,2023-04-07,1570
1310,台苯,40,0,40,港商法國興業,2023-04-07,1570
2495,普安,28,0,28,港商法國興業,2023-04-07,1570
2634,漢翔,28,0,28,港商法國興業,2023-04-07,1570
2891,中信金,28,0,28,港商法國興業,2023-04-07,1570
3016,嘉晶,21,0,21,港商法國興業,2023-04-07,1570
2049,上銀,20,0,20,港商法國興業,2023-04-07,1570
1312,國喬,18,0,18,港商法國興業,2023-04-07,1570
6505,台塑化,18,0,18,港商法國興業,2023-04-07,1570
1723,中碳,16,0,16,港商法國興業,2023-04-07,1570
2332,友訊,14,0,14,港商法國興業,2023-04-07,1570
2603,長榮,13,0,13,港商法國興業,2023-04-07,1570
3030,德律,11,0,11,港商法國興業,2023-04-07,1570
3532,台勝科,9,0,9,港商法國興業,2023-04-07,1570
1532,勤美,9,0,9,港商法國興業,2023-04-07,1570
1504,東元,7,0,7,港商法國興業,2023-04-07,1570
3081,聯亞,6,0,6,港商法國興業,2023-04-07,1570
8271,宇瞻,6,0,6,港商法國興業,2023-04-07,1570
2382,廣達,5,0,5,港商法國興業,2023-04-07,1570
6531,愛普*,5,0,5,港商法國興業,2023-04-07,1570
2345,智邦,4,0,4,港商法國興業,2023-04-07,1570
1101,台泥,4,0,4,港商法國興業,2023-04-07,1570
3515,華擎,4,0,4,港商法國興業,2023-04-07,1570
6414,樺漢,4,0,4,港商法國興業,2023-04-07,1570
3592,瑞鼎,3,0,3,港商法國興業,2023-04-07,1570
1434,福懋,3,0,3,港商法國興業,2023-04-07,1570
9914,美利達,3,0,3,港商法國興業,2023-04-07,1570
1102,亞泥,2,0,2,港商法國興業,2023-04-07,1570
1783,和康生,2,0,2,港商法國興業,2023-04-07,1570
2546,根基,2,0,2,港商法國興業,2023-04-07,1570
2812,台中銀,2,0,2,港商法國興業,2023-04-07,1570
2354,鴻準,2,0,2,港商法國興業,2023-04-07,1570
3596,智易,2,0,2,港商法國興業,2023-04-07,1570
3702,大聯大,2,0,2,港商法國興業,2023-04-07,1570
2915,潤泰全,1,0,1,港商法國興業,2023-04-07,1570
2897,王道銀行,1,0,1,港商法國興業,2023-04-07,1570
2867,三商壽,1,0,1,港商法國興業,2023-04-07,1570
3653,健策,1,0,1,港商法國興業,2023-04-07,1570
4966,譜瑞-KY,1,0,1,港商法國興業,2023-04-07,1570
5519,隆大,1,0,1,港商法國興業,2023-04-07,1570
3231,緯創,219,0,219,港商法國興業,2023-04-10,1570
1907,永豐餘,192,0,192,港商法國興業,2023-04-10,1570
1504,東元,186,0,186,港商法國興業,2023-04-10,1570
1101,台泥,88,0,88,港商法國興業,2023-04-10,1570
1312,國喬,59,0,59,港商法國興業,2023-04-10,1570
2891,中信金,50,0,50,港商法國興業,2023-04-10,1570
4746,台耀,50,0,50,港商法國興業,2023-04-10,1570
2101,南港,45,0,45,港商法國興業,2023-04-10,1570
2332,友訊,35,0,35,港商法國興業,2023-04-10,1570
4919,新唐,25,0,25,港商法國興業,2023-04-10,1570
2049,上銀,21,0,21,港商法國興業,2023-04-10,1570
1216,統一,18,0,18,港商法國興業,2023-04-10,1570
2834,臺企銀,17,0,17,港商法國興業,2023-04-10,1570
1102,亞泥,17,0,17,港商法國興業,2023-04-10,1570
1303,南亞,15,0,15,港商法國興業,2023-04-10,1570
2006,東和鋼鐵,14,0,14,港商法國興業,2023-04-10,1570
3030,德律,13,0,13,港商法國興業,2023-04-10,1570
9933,中鼎,12,0,12,港商法國興業,2023-04-10,1570
2408,南亞科,35,25,10,港商法國興業,2023-04-10,1570
3034,聯詠,10,0,10,港商法國興業,2023-04-10,1570
3380,明泰,10,0,10,港商法國興業,2023-04-10,1570
4953,緯軟,9,0,9,港商法國興業,2023-04-10,1570
4123,晟德,8,0,8,港商法國興業,2023-04-10,1570
1514,亞力,8,0,8,港商法國興業,2023-04-10,1570
2204,中華,8,0,8,港商法國興業,2023-04-10,1570
2812,台中銀,7,0,7,港商法國興業,2023-04-10,1570
2615,萬海,6,0,6,港商法國興業,2023-04-10,1570
2379,瑞昱,6,0,6,港商法國興業,2023-04-10,1570
1752,南光,6,0,6,港商法國興業,2023-04-10,1570
1301,台塑,4,0,4,港商法國興業,2023-04-10,1570
5347,世界,4,0,4,港商法國興業,2023-04-10,1570
6414,樺漢,3,0,3,港商法國興業,2023-04-10,1570
8163,達方,3,0,3,港商法國興業,2023-04-10,1570
2308,台達電,2,0,2,港商法國興業,2023-04-10,1570
2492,華新科,2,0,2,港商法國興業,2023-04-10,1570
3515,華擎,2,0,2,港商法國興業,2023-04-10,1570
3023,信邦,2,0,2,港商法國興業,2023-04-10,1570
6592,和潤企業,2,0,2,港商法國興業,2023-04-10,1570
8069,元太,2,0,2,港商法國興業,2023-04-10,1570
2897,王道銀行,1,0,1,港商法國興業,2023-04-10,1570
6005,群益證,1,0,1,港商法國興業,2023-04-10,1570
2356,英業達,1437,0,1437,港商法國興業,2023-04-11,1570
2890,永豐金,588,0,588,港商法國興業,2023-04-11,1570
2834,臺企銀,261,15,246,港商法國興業,2023-04-11,1570
2891,中信金,227,0,227,港商法國興業,2023-04-11,1570
1314,中石化,180,0,180,港商法國興業,2023-04-11,1570
1802,台玻,147,0,147,港商法國興業,2023-04-11,1570
6770,力積電,146,0,146,港商法國興業,2023-04-11,1570
2892,第一金,130,0,130,港商法國興業,2023-04-11,1570
2886,兆豐金,121,0,121,港商法國興業,2023-04-11,1570
2888,新光金,117,0,117,港商法國興業,2023-04-11,1570
5876,上海商銀,94,0,94,港商法國興業,2023-04-11,1570
5880,合庫金,86,4,82,港商法國興業,2023-04-11,1570
2330,台積電,77,0,77,港商法國興業,2023-04-11,1570
2303,聯電,75,0,75,港商法國興業,2023-04-11,1570
2867,三商壽,74,0,74,港商法國興業,2023-04-11,1570
2887,台新金,74,0,74,港商法國興業,2023-04-11,1570
2317,鴻海,65,0,65,港商法國興業,2023-04-11,1570
2353,宏��,70,7,63,港商法國興業,2023-04-11,1570
2809,京城銀,60,0,60,港商法國興業,2023-04-11,1570
1101,台泥,59,0,59,港商法國興業,2023-04-11,1570
1504,東元,59,0,59,港商法國興業,2023-04-11,1570
2633,台灣高鐵,58,0,58,港商法國興業,2023-04-11,1570
2885,元大金,58,0,58,港商法國興業,2023-04-11,1570
4746,台耀,54,0,54,港商法國興業,2023-04-11,1570
3322,建舜電,53,0,53,港商法國興業,2023-04-11,1570
2884,玉山金,52,0,52,港商法國興業,2023-04-11,1570
3702,大聯大,47,0,47,港商法國興業,2023-04-11,1570
1326,台化,44,0,44,港商法國興業,2023-04-11,1570
2515,中工,41,0,41,港商法國興業,2023-04-11,1570
2409,友達,50,10,40,港商法國興業,2023-04-11,1570
1216,統一,39,0,39,港商法國興業,2023-04-11,1570
2485,兆赫,37,0,37,港商法國興業,2023-04-11,1570
1312,國喬,36,0,36,港商法國興業,2023-04-11,1570
2610,華航,36,0,36,港商法國興業,2023-04-11,1570
2882,國泰金,43,8,35,港商法國興業,2023-04-11,1570
9933,中鼎,35,0,35,港商法國興業,2023-04-11,1570
8183,精星,32,0,32,港商法國興業,2023-04-11,1570
9914,美利達,32,0,32,港商法國興業,2023-04-11,1570
2106,建大,31,0,31,港商法國興業,2023-04-11,1570
2504,國產,30,0,30,港商法國興業,2023-04-11,1570
1437,勤益控,29,0,29,港商法國興業,2023-04-11,1570
2881,富邦金,29,0,29,港商法國興業,2023-04-11,1570
2913,農林,29,0,29,港商法國興業,2023-04-11,1570
9904,寶成,29,0,29,港商法國興業,2023-04-11,1570
1434,福懋,27,0,27,港商法國興業,2023-04-11,1570
2331,精英,27,0,27,港商法國興業,2023-04-11,1570
1319,東陽,24,0,24,港商法國興業,2023-04-11,1570
2006,東和鋼鐵,24,0,24,港商法國興業,2023-04-11,1570
2355,敬鵬,23,0,23,港商法國興業,2023-04-11,1570
2017,官田鋼,22,0,22,港商法國興業,2023-04-11,1570
2884,玉山金,1024,26,998,港商法國興業,2023-04-12,1570
2382,廣達,486,0,486,港商法國興業,2023-04-12,1570
9945,潤泰新,211,0,211,港商法國興業,2023-04-12,1570
2834,臺企銀,209,0,209,港商法國興業,2023-04-12,1570
2801,彰銀,162,0,162,港商法國興業,2023-04-12,1570
3231,緯創,128,0,128,港商法國興業,2023-04-12,1570
2027,大成鋼,133,9,124,港商法國興業,2023-04-12,1570
9921,巨大,193,70,123,港商法國興業,2023-04-12,1570
2915,潤泰全,120,0,120,港商法國興業,2023-04-12,1570
2888,新光金,104,0,104,港商法國興業,2023-04-12,1570
3710,連展投控,100,0,100,港商法國興業,2023-04-12,1570
4147,中裕,92,0,92,港商法國興業,2023-04-12,1570
9958,世紀鋼,80,0,80,港商法國興業,2023-04-12,1570
4904,遠傳,70,0,70,港商法國興業,2023-04-12,1570
2105,正新,64,0,64,港商法國興業,2023-04-12,1570
1437,勤益控,47,0,47,港商法國興業,2023-04-12,1570
9933,中鼎,46,0,46,港商法國興業,2023-04-12,1570
1722,台肥,43,0,43,港商法國興業,2023-04-12,1570
2356,英業達,38,0,38,港商法國興業,2023-04-12,1570
2892,第一金,38,0,38,港商法國興業,2023-04-12,1570
2006,東和鋼鐵,37,0,37,港商法國興業,2023-04-12,1570
2614,東森,35,0,35,港商法國興業,2023-04-12,1570
4746,台耀,27,0,27,港商法國興業,2023-04-12,1570
2492,華新科,26,0,26,港商法國興業,2023-04-12,1570
1709,和益,24,0,24,港商法國興業,2023-04-12,1570
1504,東元,24,0,24,港商法國興業,2023-04-12,1570
2504,國產,22,0,22,港商法國興業,2023-04-12,1570
1536,和大,21,0,21,港商法國興業,2023-04-12,1570
8464,億豐,21,0,21,港商法國興業,2023-04-12,1570
8349,�矬�,16,0,16,港商法國興業,2023-04-12,1570
2332,友訊,15,0,15,港商法國興業,2023-04-12,1570
2371,大同,14,0,14,港商法國興業,2023-04-12,1570
3217,優群,14,0,14,港商法國興業,2023-04-12,1570
1319,東陽,30,17,13,港商法國興業,2023-04-12,1570
6202,盛群,10,0,10,港商法國興業,2023-04-12,1570
1303,南亞,9,0,9,港商法國興業,2023-04-12,1570
1313,聯成,9,0,9,港商法國興業,2023-04-12,1570
2880,華南金,45,36,9,港商法國興業,2023-04-12,1570
2454,聯發科,13,5,8,港商法國興業,2023-04-12,1570
4576,大銀微系統,8,0,8,港商法國興業,2023-04-12,1570
6196,帆宣,8,0,8,港商法國興業,2023-04-12,1570
6505,台塑化,8,0,8,港商法國興業,2023-04-12,1570
2609,陽明,7,0,7,港商法國興業,2023-04-12,1570
2812,台中銀,7,0,7,港商法國興業,2023-04-12,1570
3030,德律,7,0,7,港商法國興業,2023-04-12,1570
1326,台化,5,0,5,港商法國興業,2023-04-12,1570
5284,jpp-KY,5,0,5,港商法國興業,2023-04-12,1570
6830,汎銓,5,0,5,港商法國興業,2023-04-12,1570
2608,嘉里大榮,4,0,4,港商法國興業,2023-04-12,1570
1104,環泥,4,0,4,港商法國興業,2023-04-12,1570
2002,中鋼,3883,21,3862,港商法國興業,2023-04-13,1570
2356,英業達,1332,0,1332,港商法國興業,2023-04-13,1570
2609,陽明,682,0,682,港商法國興業,2023-04-13,1570
4904,遠傳,585,0,585,港商法國興業,2023-04-13,1570
9945,潤泰新,549,0,549,港商法國興業,2023-04-13,1570
2347,聯強,392,0,392,港商法國興業,2023-04-13,1570
3481,群創,366,0,366,港商法國興業,2023-04-13,1570
2610,華航,300,0,300,港商法國興業,2023-04-13,1570
2603,長榮,235,0,235,港商法國興業,2023-04-13,1570
2409,友達,228,0,228,港商法國興業,2023-04-13,1570
2834,臺企銀,183,0,183,港商法國興業,2023-04-13,1570
2890,永豐金,172,0,172,港商法國興業,2023-04-13,1570
1402,遠東新,157,0,157,港商法國興業,2023-04-13,1570
2912,統一超,145,0,145,港商法國興業,2023-04-13,1570
2812,台中銀,134,0,134,港商法國興業,2023-04-13,1570
6550,北極星藥業-KY,129,4,125,港商法國興業,2023-04-13,1570
2614,東森,121,0,121,港商法國興業,2023-04-13,1570
1314,中石化,100,0,100,港商法國興業,2023-04-13,1570
2618,長榮航,79,0,79,港商法國興業,2023-04-13,1570
6116,彩晶,65,0,65,港商法國興業,2023-04-13,1570
6446,藥華藥,58,0,58,港商法國興業,2023-04-13,1570
2382,廣達,51,0,51,港商法國興業,2023-04-13,1570
3231,緯創,51,0,51,港商法國興業,2023-04-13,1570
3380,明泰,44,0,44,港商法國興業,2023-04-13,1570
6789,采鈺,44,0,44,港商法國興業,2023-04-13,1570
2801,彰銀,39,0,39,港商法國興業,2023-04-13,1570
9914,美利達,39,0,39,港商法國興業,2023-04-13,1570
1536,和大,36,0,36,港商法國興業,2023-04-13,1570
3090,日電貿,31,0,31,港商法國興業,2023-04-13,1570
9921,巨大,31,0,31,港商法國興業,2023-04-13,1570
1709,和益,29,0,29,港商法國興業,2023-04-13,1570
6185,幃翔,27,0,27,港商法國興業,2023-04-13,1570
2442,新美齊,23,0,23,港商法國興業,2023-04-13,1570
3711,日月光投控,24,1,23,港商法國興業,2023-04-13,1570
9904,寶成,20,0,20,港商法國興業,2023-04-13,1570
3374,精材,19,0,19,港商法國興業,2023-04-13,1570
2885,元大金,16,0,16,港商法國興業,2023-04-13,1570
2498,宏達電,14,0,14,港商法國興業,2023-04-13,1570
3034,聯詠,19,7,12,港商法國興業,2023-04-13,1570
4915,致伸,12,0,12,港商法國興業,2023-04-13,1570
5876,上海商銀,11,0,11,港商法國興業,2023-04-13,1570
6112,邁達特,11,0,11,港商法國興業,2023-04-13,1570
2883,凱基金,10,0,10,港商法國興業,2023-04-13,1570
6128,上福,10,0,10,港商法國興業,2023-04-13,1570
2104,國際中橡,9,0,9,港商法國興業,2023-04-13,1570
4557,永新-KY,9,0,9,港商法國興業,2023-04-13,1570
6186,新潤,9,0,9,港商法國興業,2023-04-13,1570
3707,漢磊,8,0,8,港商法國興業,2023-04-13,1570
5522,遠雄,7,0,7,港商法國興業,2023-04-13,1570
2492,華新科,6,0,6,港商法國興業,2023-04-13,1570
2633,台灣高鐵,223,0,223,港商法國興業,2023-04-14,1570
2886,兆豐金,164,0,164,港商法國興業,2023-04-14,1570
2885,元大金,159,0,159,港商法國興業,2023-04-14,1570
2603,長榮,128,0,128,港商法國興業,2023-04-14,1570
2892,第一金,114,0,114,港商法國興業,2023-04-14,1570
2891,中信金,112,0,112,港商法國興業,2023-04-14,1570
2884,玉山金,89,0,89,港商法國興業,2023-04-14,1570
8069,元太,86,0,86,港商法國興業,2023-04-14,1570
1605,華新,85,0,85,港商法國興業,2023-04-14,1570
1519,華城,79,0,79,港商法國興業,2023-04-14,1570
6005,群益證,79,0,79,港商法國興業,2023-04-14,1570
2801,彰銀,78,0,78,港商法國興業,2023-04-14,1570
4904,遠傳,74,0,74,港商法國興業,2023-04-14,1570
2201,裕隆,92,24,68,港商法國興業,2023-04-14,1570
2104,國際中橡,63,0,63,港商法國興業,2023-04-14,1570
2887,台新金,62,0,62,港商法國興業,2023-04-14,1570
2883,凱基金,58,0,58,港商法國興業,2023-04-14,1570
2889,國票金,54,0,54,港商法國興業,2023-04-14,1570
1319,東陽,53,0,53,港商法國興業,2023-04-14,1570
2390,云辰,53,0,53,港商法國興業,2023-04-14,1570
2382,廣達,53,0,53,港商法國興業,2023-04-14,1570
8215,明基材,53,0,53,港商法國興業,2023-04-14,1570
2542,興富發,51,0,51,港商法國興業,2023-04-14,1570
5876,上海商銀,50,0,50,港商法國興業,2023-04-14,1570
2353,宏��,49,0,49,港商法國興業,2023-04-14,1570
2890,永豐金,46,0,46,港商法國興業,2023-04-14,1570
2618,長榮航,43,0,43,港商法國興業,2023-04-14,1570
1722,台肥,40,0,40,港商法國興業,2023-04-14,1570
1477,聚陽,40,0,40,港商法國興業,2023-04-14,1570
1326,台化,37,0,37,港商法國興業,2023-04-14,1570
2328,廣宇,36,0,36,港商法國興業,2023-04-14,1570
6770,力積電,35,0,35,港商法國興業,2023-04-14,1570
9910,豐泰,39,5,34,港商法國興業,2023-04-14,1570
2412,中華電,33,0,33,港商法國興業,2023-04-14,1570
1402,遠東新,30,0,30,港商法國興業,2023-04-14,1570
1437,勤益控,28,0,28,港商法國興業,2023-04-14,1570
2903,遠百,28,0,28,港商法國興業,2023-04-14,1570
2356,英業達,26,0,26,港商法國興業,2023-04-14,1570
5388,中磊,25,0,25,港商法國興業,2023-04-14,1570
1216,統一,24,0,24,港商法國興業,2023-04-14,1570
2363,矽統,24,0,24,港商法國興業,2023-04-14,1570
5608,四維航,24,0,24,港商法國興業,2023-04-14,1570
2360,致茂,36,13,23,港商法國興業,2023-04-14,1570
2439,美律,23,0,23,港商法國興業,2023-04-14,1570
9921,巨大,23,0,23,港商法國興業,2023-04-14,1570
1308,亞聚,22,0,22,港商法國興業,2023-04-14,1570
6505,台塑化,22,0,22,港商法國興業,2023-04-14,1570
2481,強茂,21,0,21,港商法國興業,2023-04-14,1570
3218,大學光,21,0,21,港商法國興業,2023-04-14,1570
9914,美利達,21,0,21,港商法國興業,2023-04-14,1570
2812,台中銀,297,0,297,港商法國興業,2023-04-17,1570
2867,三商壽,254,0,254,港商法國興業,2023-04-17,1570
1402,遠東新,199,0,199,港商法國興業,2023-04-17,1570
2603,長榮,166,0,166,港商法國興業,2023-04-17,1570
6005,群益證,161,0,161,港商法國興業,2023-04-17,1570
2801,彰銀,137,0,137,港商法國興業,2023-04-17,1570
6112,邁達特,99,0,99,港商法國興業,2023-04-17,1570
5880,合庫金,79,0,79,港商法國興業,2023-04-17,1570
3665,貿聯-KY,65,0,65,港商法國興業,2023-04-17,1570
2201,裕隆,61,0,61,港商法國興業,2023-04-17,1570
2405,輔信,55,0,55,港商法國興業,2023-04-17,1570
2412,中華電,54,0,54,港商法國興業,2023-04-17,1570
4167,松瑞藥,54,0,54,港商法國興業,2023-04-17,1570
9933,中鼎,54,0,54,港商法國興業,2023-04-17,1570
4938,和碩,51,0,51,港商法國興業,2023-04-17,1570
2881,富邦金,47,1,46,港商法國興業,2023-04-17,1570
3045,台灣大,42,0,42,港商法國興業,2023-04-17,1570
2481,強茂,35,0,35,港商法國興業,2023-04-17,1570
9914,美利達,32,0,32,港商法國興業,2023-04-17,1570
1319,東陽,31,0,31,港商法國興業,2023-04-17,1570
1437,勤益控,31,0,31,港商法國興業,2023-04-17,1570
2892,第一金,30,0,30,港商法國興業,2023-04-17,1570
5392,能率,30,0,30,港商法國興業,2023-04-17,1570
2887,台新金,27,0,27,港商法國興業,2023-04-17,1570
6176,瑞儀,27,0,27,港商法國興業,2023-04-17,1570
3236,千如,24,0,24,港商法國興業,2023-04-17,1570
8936,國統,24,0,24,港商法國興業,2023-04-17,1570
2890,永豐金,22,0,22,港商法國興業,2023-04-17,1570
2885,元大金,21,0,21,港商法國興業,2023-04-17,1570
2342,茂矽,20,0,20,港商法國興業,2023-04-17,1570
2495,普安,17,0,17,港商法國興業,2023-04-17,1570
6508,惠光,17,0,17,港商法國興業,2023-04-17,1570
6205,詮欣,15,0,15,港商法國興業,2023-04-17,1570
2467,志聖,13,0,13,港商法國興業,2023-04-17,1570
6469,大樹,12,0,12,港商法國興業,2023-04-17,1570
8349,�矬�,12,0,12,港商法國興業,2023-04-17,1570
2027,大成鋼,11,0,11,港商法國興業,2023-04-17,1570
2423,固緯,11,0,11,港商法國興業,2023-04-17,1570
3019,亞光,11,0,11,港商法國興業,2023-04-17,1570
3231,緯創,11,0,11,港商法國興業,2023-04-17,1570
6592,和潤企業,11,0,11,港商法國興業,2023-04-17,1570
8183,精星,11,0,11,港商法國興業,2023-04-17,1570
2615,萬海,10,0,10,港商法國興業,2023-04-17,1570
2450,神腦,10,0,10,港商法國興業,2023-04-17,1570
4919,新唐,10,0,10,港商法國興業,2023-04-17,1570
5876,上海商銀,10,0,10,港商法國興業,2023-04-17,1570
2492,華新科,9,0,9,港商法國興業,2023-04-17,1570
6456,GIS-KY,9,0,9,港商法國興業,2023-04-17,1570
8210,勤誠,9,0,9,港商法國興業,2023-04-17,1570
2753,八方雲集,8,0,8,港商法國興業,2023-04-17,1570
2412,中華電,791,2,789,港商法國興業,2023-04-18,1570
2201,裕隆,473,0,473,港商法國興業,2023-04-18,1570
2886,兆豐金,362,11,351,港商法國興業,2023-04-18,1570
2303,聯電,296,7,289,港商法國興業,2023-04-18,1570
2884,玉山金,234,7,227,港商法國興業,2023-04-18,1570
6147,頎邦,202,0,202,港商法國興業,2023-04-18,1570
4961,天鈺,139,0,139,港商法國興業,2023-04-18,1570
5512,力麒,98,0,98,港商法國興業,2023-04-18,1570
3707,漢磊,69,0,69,港商法國興業,2023-04-18,1570
2356,英業達,62,0,62,港商法國興業,2023-04-18,1570
2104,國際中橡,62,0,62,港商法國興業,2023-04-18,1570
2883,凱基金,35,0,35,港商法國興業,2023-04-18,1570
2492,華新科,34,0,34,港商法國興業,2023-04-18,1570
1409,新纖,25,0,25,港商法國興業,2023-04-18,1570
2049,上銀,24,0,24,港商法國興業,2023-04-18,1570
2504,國產,23,0,23,港商法國興業,2023-04-18,1570
3038,全台,23,0,23,港商法國興業,2023-04-18,1570
5522,遠雄,23,0,23,港商法國興業,2023-04-18,1570
1319,東陽,21,0,21,港商法國興業,2023-04-18,1570
9917,中保科,21,0,21,港商法國興業,2023-04-18,1570
2376,技嘉,19,0,19,港商法國興業,2023-04-18,1570
2324,仁寶,19,0,19,港商法國興業,2023-04-18,1570
3017,奇鋐,18,0,18,港商法國興業,2023-04-18,1570
3661,世芯-KY,17,0,17,港商法國興業,2023-04-18,1570
4906,正文,17,0,17,港商法國興業,2023-04-18,1570
6176,瑞儀,17,0,17,港商法國興業,2023-04-18,1570
3023,信邦,16,0,16,港商法國興業,2023-04-18,1570
1312,國喬,15,0,15,港商法國興業,2023-04-18,1570
3484,崧騰,15,0,15,港商法國興業,2023-04-18,1570
2528,皇普,14,0,14,港商法國興業,2023-04-18,1570
2327,國巨,13,0,13,港商法國興業,2023-04-18,1570
2103,台橡,12,0,12,港商法國興業,2023-04-18,1570
2809,京城銀,12,0,12,港商法國興業,2023-04-18,1570
4105,東洋,12,0,12,港商法國興業,2023-04-18,1570
5347,世界,12,0,12,港商法國興業,2023-04-18,1570
2352,佳世達,11,0,11,港商法國興業,2023-04-18,1570
1102,亞泥,11,0,11,港商法國興業,2023-04-18,1570
9802,鈺齊-KY,11,0,11,港商法國興業,2023-04-18,1570
2885,元大金,23,13,10,港商法國興業,2023-04-18,1570
2393,億光,9,0,9,港商法國興業,2023-04-18,1570
1227,佳格,9,0,9,港商法國興業,2023-04-18,1570
2542,興富發,9,0,9,港商法國興業,2023-04-18,1570
3702,大聯大,9,0,9,港商法國興業,2023-04-18,1570
8112,至上,9,0,9,港商法國興業,2023-04-18,1570
1326,台化,8,0,8,港商法國興業,2023-04-18,1570
2888,新光金,8,0,8,港商法國興業,2023-04-18,1570
3045,台灣大,9,1,8,港商法國興業,2023-04-18,1570
8150,南茂,8,0,8,港商法國興業,2023-04-18,1570
1535,中宇,7,0,7,港商法國興業,2023-04-18,1570
2449,京元電子,7,0,7,港商法國興業,2023-04-18,1570
2303,聯電,821,7,814,港商法國興業,2023-04-19,1570
2002,中鋼,436,0,436,港商法國興業,2023-04-19,1570
2882,國泰金,384,28,356,港商法國興業,2023-04-19,1570
3231,緯創,397,141,256,港商法國興業,2023-04-19,1570
1605,華新,243,0,243,港商法國興業,2023-04-19,1570
2603,長榮,186,4,182,港商法國興業,2023-04-19,1570
1402,遠東新,176,0,176,港商法國興業,2023-04-19,1570
2834,臺企銀,243,72,171,港商法國興業,2023-04-19,1570
2609,陽明,170,0,170,港商法國興業,2023-04-19,1570
2884,玉山金,201,35,166,港商法國興業,2023-04-19,1570
2888,新光金,160,0,160,港商法國興業,2023-04-19,1570
5347,世界,111,17,94,港商法國興業,2023-04-19,1570
1504,東元,96,9,87,港商法國興業,2023-04-19,1570
1101,台泥,122,39,83,港商法國興業,2023-04-19,1570
2352,佳世達,80,0,80,港商法國興業,2023-04-19,1570
5522,遠雄,77,0,77,港商法國興業,2023-04-19,1570
2347,聯強,86,10,76,港商法國興業,2023-04-19,1570
1301,台塑,68,0,68,港商法國興業,2023-04-19,1570
1319,東陽,64,0,64,港商法國興業,2023-04-19,1570
2409,友達,63,0,63,港商法國興業,2023-04-19,1570
2377,微星,60,0,60,港商法國興業,2023-04-19,1570
5876,上海商銀,71,11,60,港商法國興業,2023-04-19,1570
2301,光寶科,55,0,55,港商法國興業,2023-04-19,1570
3034,聯詠,51,0,51,港商法國興業,2023-04-19,1570
3552,同致,51,0,51,港商法國興業,2023-04-19,1570
8933,愛地雅,49,0,49,港商法國興業,2023-04-19,1570
2408,南亞科,47,0,47,港商法國興業,2023-04-19,1570
3432,台端,46,0,46,港商法國興業,2023-04-19,1570
2380,虹光,44,0,44,港商法國興業,2023-04-19,1570
1471,首利,41,0,41,港商法國興業,2023-04-19,1570
2705,六福,38,0,38,港商法國興業,2023-04-19,1570
5519,隆大,37,0,37,港商法國興業,2023-04-19,1570
2105,正新,36,0,36,港商法國興業,2023-04-19,1570
2890,永豐金,298,263,35,港商法國興業,2023-04-19,1570
2889,國票金,34,0,34,港商法國興業,2023-04-19,1570
3056,富華新,34,0,34,港商法國興業,2023-04-19,1570
3038,全台,33,0,33,港商法國興業,2023-04-19,1570
5871,中租-KY,36,3,33,港商法國興業,2023-04-19,1570
9934,成霖,33,0,33,港商法國興業,2023-04-19,1570
2106,建大,31,0,31,港商法國興業,2023-04-19,1570
2474,可成,32,2,30,港商法國興業,2023-04-19,1570
2838,聯邦銀,30,0,30,港商法國興業,2023-04-19,1570
3576,聯合再生,30,0,30,港商法國興業,2023-04-19,1570
2812,台中銀,29,0,29,港商法國興業,2023-04-19,1570
9924,福興,29,0,29,港商法國興業,2023-04-19,1570
3045,台灣大,27,0,27,港商法國興業,2023-04-19,1570
4938,和碩,27,0,27,港商法國興業,2023-04-19,1570
1227,佳格,25,0,25,港商法國興業,2023-04-19,1570
2379,瑞昱,25,0,25,港商法國興業,2023-04-19,1570
1409,新纖,23,0,23,港商法國興業,2023-04-19,1570
2897,王道銀行,650,0,650,港商法國興業,2023-04-20,1570
6116,彩晶,411,0,411,港商法國興業,2023-04-20,1570
2409,友達,346,0,346,港商法國興業,2023-04-20,1570
2353,宏��,306,0,306,港商法國興業,2023-04-20,1570
1101,台泥,302,47,255,港商法國興業,2023-04-20,1570
2615,萬海,250,5,245,港商法國興業,2023-04-20,1570
1402,遠東新,274,51,223,港商法國興業,2023-04-20,1570
2610,華航,176,0,176,港商法國興業,2023-04-20,1570
2402,毅嘉,147,0,147,港商法國興業,2023-04-20,1570
2867,三商壽,147,0,147,港商法國興業,2023-04-20,1570
5876,上海商銀,182,60,122,港商法國興業,2023-04-20,1570
4906,正文,118,0,118,港商法國興業,2023-04-20,1570
2330,台積電,260,145,115,港商法國興業,2023-04-20,1570
2317,鴻海,128,20,108,港商法國興業,2023-04-20,1570
2889,國票金,104,0,104,港商法國興業,2023-04-20,1570
5469,瀚宇博,98,0,98,港商法國興業,2023-04-20,1570
2891,中信金,195,102,93,港商法國興業,2023-04-20,1570
2356,英業達,90,0,90,港商法國興業,2023-04-20,1570
2883,凱基金,156,74,82,港商法國興業,2023-04-20,1570
3711,日月光投控,124,50,74,港商法國興業,2023-04-20,1570
2887,台新金,127,58,69,港商法國興業,2023-04-20,1570
3189,景碩,69,0,69,港商法國興業,2023-04-20,1570
9921,巨大,68,0,68,港商法國興業,2023-04-20,1570
2880,華南金,91,36,55,港商法國興業,2023-04-20,1570
6285,啟��,58,3,55,港商法國興業,2023-04-20,1570
2801,彰銀,49,0,49,港商法國興業,2023-04-20,1570
2002,中鋼,121,73,48,港商法國興業,2023-04-20,1570
4934,太極,48,0,48,港商法國興業,2023-04-20,1570
2382,廣達,89,42,47,港商法國興業,2023-04-20,1570
2884,玉山金,137,93,44,港商法國興業,2023-04-20,1570
2324,仁寶,43,0,43,港商法國興業,2023-04-20,1570
2890,永豐金,122,79,43,港商法國興業,2023-04-20,1570
2412,中華電,40,0,40,港商法國興業,2023-04-20,1570
2345,智邦,41,5,36,港商法國興業,2023-04-20,1570
1227,佳格,34,0,34,港商法國興業,2023-04-20,1570
2312,金寶,31,0,31,港商法國興業,2023-04-20,1570
2812,台中銀,31,0,31,港商法國興業,2023-04-20,1570
2495,普安,30,0,30,港商法國興業,2023-04-20,1570
2104,國際中橡,29,0,29,港商法國興業,2023-04-20,1570
2337,旺宏,40,11,29,港商法國興業,2023-04-20,1570
3706,神達,27,0,27,港商法國興業,2023-04-20,1570
5522,遠雄,26,0,26,港商法國興業,2023-04-20,1570
2014,中鴻,44,19,25,港商法國興業,2023-04-20,1570
2314,台揚,24,0,24,港商法國興業,2023-04-20,1570
6443,元晶,52,28,24,港商法國興業,2023-04-20,1570
9904,寶成,23,0,23,港商法國興業,2023-04-20,1570
2486,一詮,22,0,22,港商法國興業,2023-04-20,1570
2542,興富發,33,11,22,港商法國興業,2023-04-20,1570
2006,東和鋼鐵,28,7,21,港商法國興業,2023-04-20,1570
2301,光寶科,21,0,21,港商法國興業,2023-04-20,1570
2890,永豐金,753,0,753,港商法國興業,2023-04-21,1570
1216,統一,867,220,647,港商法國興業,2023-04-21,1570
3231,緯創,380,0,380,港商法國興業,2023-04-21,1570
2014,中鴻,308,0,308,港商法國興業,2023-04-21,1570
1402,遠東新,288,0,288,港商法國興業,2023-04-21,1570
2409,友達,582,298,284,港商法國興業,2023-04-21,1570
8069,元太,276,36,240,港商法國興業,2023-04-21,1570
2303,聯電,223,9,214,港商法國興業,2023-04-21,1570
2884,玉山金,187,0,187,港商法國興業,2023-04-21,1570
3141,晶宏,120,0,120,港商法國興業,2023-04-21,1570
3481,群創,500,400,100,港商法國興業,2023-04-21,1570
2104,國際中橡,91,0,91,港商法國興業,2023-04-21,1570
2454,聯發科,66,0,66,港商法國興業,2023-04-21,1570
3023,信邦,64,0,64,港商法國興業,2023-04-21,1570
2330,台積電,66,3,63,港商法國興業,2023-04-21,1570
1217,愛之味,59,0,59,港商法國興業,2023-04-21,1570
1227,佳格,55,0,55,港商法國興業,2023-04-21,1570
2345,智邦,51,0,51,港商法國興業,2023-04-21,1570
6625,必應,51,0,51,港商法國興業,2023-04-21,1570
2103,台橡,50,0,50,港商法國興業,2023-04-21,1570
2324,仁寶,48,0,48,港商法國興業,2023-04-21,1570
3024,憶聲,46,0,46,港商法國興業,2023-04-21,1570
6603,富強鑫,38,0,38,港商法國興業,2023-04-21,1570
6271,同欣電,37,0,37,港商法國興業,2023-04-21,1570
2615,萬海,35,0,35,港商法國興業,2023-04-21,1570
4906,正文,31,0,31,港商法國興業,2023-04-21,1570
2903,遠百,30,0,30,港商法國興業,2023-04-21,1570
3189,景碩,41,16,25,港商法國興業,2023-04-21,1570
6285,啟��,24,0,24,港商法國興業,2023-04-21,1570
1720,生達,23,0,23,港商法國興業,2023-04-21,1570
2383,台光電,21,0,21,港商法國興業,2023-04-21,1570
3443,創意,21,0,21,港商法國興業,2023-04-21,1570
2481,強茂,19,0,19,港商法國興業,2023-04-21,1570
1504,東元,16,0,16,港商法國興業,2023-04-21,1570
6416,瑞祺電通,16,0,16,港商法國興業,2023-04-21,1570
2545,皇翔,15,0,15,港商法國興業,2023-04-21,1570
3702,大聯大,14,0,14,港商法國興業,2023-04-21,1570
5525,順天,14,0,14,港商法國興業,2023-04-21,1570
2356,英業達,13,0,13,港商法國興業,2023-04-21,1570
2353,宏��,13,0,13,港商法國興業,2023-04-21,1570
3714,富采,13,0,13,港商法國興業,2023-04-21,1570
8255,朋程,12,0,12,港商法國興業,2023-04-21,1570
4142,國光生,10,0,10,港商法國興業,2023-04-21,1570
8222,寶一,14,4,10,港商法國興業,2023-04-21,1570
2636,台驊控股,9,0,9,港商法國興業,2023-04-21,1570
2705,六福,8,0,8,港商法國興業,2023-04-21,1570
6279,胡連,8,0,8,港商法國興業,2023-04-21,1570
8422,可寧衛,8,0,8,港商法國興業,2023-04-21,1570
4934,太極,7,0,7,港商法國興業,2023-04-21,1570
6469,大樹,7,0,7,港商法國興業,2023-04-21,1570
2890,永豐金,367,0,367,港商法國興業,2023-04-24,1570
2382,廣達,77,0,77,港商法國興業,2023-04-24,1570
1326,台化,75,0,75,港商法國興業,2023-04-24,1570
1907,永豐餘,62,0,62,港商法國興業,2023-04-24,1570
2607,榮運,60,0,60,港商法國興業,2023-04-24,1570
1909,榮成,59,0,59,港商法國興業,2023-04-24,1570
1102,亞泥,58,0,58,港商法國興業,2023-04-24,1570
1314,中石化,50,0,50,港商法國興業,2023-04-24,1570
8933,愛地雅,50,0,50,港商法國興業,2023-04-24,1570
2406,國碩,47,0,47,港商法國興業,2023-04-24,1570
2030,彰源,44,0,44,港商法國興業,2023-04-24,1570
2337,旺宏,40,0,40,港商法國興業,2023-04-24,1570
2609,陽明,38,0,38,港商法國興業,2023-04-24,1570
2897,王道銀行,32,0,32,港商法國興業,2023-04-24,1570
2528,皇普,27,0,27,港商法國興業,2023-04-24,1570
2851,中再保,26,0,26,港商法國興業,2023-04-24,1570
9921,巨大,30,4,26,港商法國興業,2023-04-24,1570
4147,中裕,23,0,23,港商法國興業,2023-04-24,1570
1536,和大,21,0,21,港商法國興業,2023-04-24,1570
3380,明泰,21,0,21,港商法國興業,2023-04-24,1570
2439,美律,20,0,20,港商法國興業,2023-04-24,1570
9802,鈺齊-KY,19,0,19,港商法國興業,2023-04-24,1570
2618,長榮航,17,0,17,港商法國興業,2023-04-24,1570
1442,名軒,15,0,15,港商法國興業,2023-04-24,1570
3037,欣興,15,0,15,港商法國興業,2023-04-24,1570
2915,潤泰全,11,0,11,港商法國興業,2023-04-24,1570
6505,台塑化,11,0,11,港商法國興業,2023-04-24,1570
2376,技嘉,10,0,10,港商法國興業,2023-04-24,1570
3552,同致,9,0,9,港商法國興業,2023-04-24,1570
2354,鴻準,8,0,8,港商法國興業,2023-04-24,1570
9925,新保,8,0,8,港商法國興業,2023-04-24,1570
3022,威強電,6,0,6,港商法國興業,2023-04-24,1570
1773,勝一,6,0,6,港商法國興業,2023-04-24,1570
4105,東洋,6,0,6,港商法國興業,2023-04-24,1570
1558,伸興,5,0,5,港商法國興業,2023-04-24,1570
4506,崇友,5,0,5,港商法國興業,2023-04-24,1570
5434,崇越,5,0,5,港商法國興業,2023-04-24,1570
8016,矽創,5,0,5,港商法國興業,2023-04-24,1570
2352,佳世達,4,0,4,港商法國興業,2023-04-24,1570
2395,研華,5,1,4,港商法國興業,2023-04-24,1570
2049,上銀,5,1,4,港商法國興業,2023-04-24,1570
3010,華立,4,0,4,港商法國興業,2023-04-24,1570
3034,聯詠,4,0,4,港商法國興業,2023-04-24,1570
6239,力成,4,0,4,港商法國興業,2023-04-24,1570
2727,王品,3,0,3,港商法國興業,2023-04-24,1570
8046,南電,12,10,2,港商法國興業,2023-04-24,1570
1319,東陽,1,0,1,港商法國興業,2023-04-24,1570
1717,長興,1,0,1,港商法國興業,2023-04-24,1570
2454,聯發科,1,0,1,港商法國興業,2023-04-24,1570
2059,川湖,1,0,1,港商法國興業,2023-04-24,1570
2353,宏��,254,0,254,港商法國興業,2023-04-25,1570
1504,東元,166,0,166,港商法國興業,2023-04-25,1570
5512,力麒,139,0,139,港商法國興業,2023-04-25,1570
2342,茂矽,88,0,88,港商法國興業,2023-04-25,1570
4123,晟德,77,0,77,港商法國興業,2023-04-25,1570
2511,太子,75,0,75,港商法國興業,2023-04-25,1570
2633,台灣高鐵,74,0,74,港商法國興業,2023-04-25,1570
2888,新光金,73,0,73,港商法國興業,2023-04-25,1570
2383,台光電,74,15,59,港商法國興業,2023-04-25,1570
2330,台積電,54,0,54,港商法國興業,2023-04-25,1570
3231,緯創,53,0,53,港商法國興業,2023-04-25,1570
8111,立��,44,0,44,港商法國興業,2023-04-25,1570
2603,長榮,42,0,42,港商法國興業,2023-04-25,1570
9933,中鼎,42,0,42,港商法國興業,2023-04-25,1570
2010,春源,39,0,39,港商法國興業,2023-04-25,1570
1227,佳格,37,0,37,港商法國興業,2023-04-25,1570
3552,同致,37,0,37,港商法國興業,2023-04-25,1570
1201,味全,34,0,34,港商法國興業,2023-04-25,1570
2836,高雄銀,31,0,31,港商法國興業,2023-04-25,1570
3322,建舜電,30,0,30,港商法國興業,2023-04-25,1570
2211,長榮鋼,29,0,29,港商法國興業,2023-04-25,1570
4746,台耀,27,0,27,港商法國興業,2023-04-25,1570
8069,元太,27,0,27,港商法國興業,2023-04-25,1570
2454,聯發科,38,13,25,港商法國興業,2023-04-25,1570
2887,台新金,24,0,24,港商法國興業,2023-04-25,1570
6712,長聖,23,0,23,港商法國興業,2023-04-25,1570
9914,美利達,23,0,23,港商法國興業,2023-04-25,1570
2049,上銀,21,0,21,港商法國興業,2023-04-25,1570
6177,達麗,20,0,20,港商法國興業,2023-04-25,1570
6830,汎銓,20,0,20,港商法國興業,2023-04-25,1570
4927,泰鼎-KY,18,0,18,港商法國興業,2023-04-25,1570
4417,金洲,17,0,17,港商法國興業,2023-04-25,1570
5213,亞昕,13,0,13,港商法國興業,2023-04-25,1570
1308,亞聚,12,0,12,港商法國興業,2023-04-25,1570
2382,廣達,12,0,12,港商法國興業,2023-04-25,1570
5530,龍巖,12,0,12,港商法國興業,2023-04-25,1570
6669,緯穎,12,0,12,港商法國興業,2023-04-25,1570
2379,瑞昱,11,0,11,港商法國興業,2023-04-25,1570
3147,大綜,10,0,10,港商法國興業,2023-04-25,1570
6768,志強-KY,10,0,10,港商法國興業,2023-04-25,1570
2385,群光,9,0,9,港商法國興業,2023-04-25,1570
9924,福興,8,0,8,港商法國興業,2023-04-25,1570
3557,嘉威,7,0,7,港商法國興業,2023-04-25,1570
6166,凌華,7,0,7,港商法國興業,2023-04-25,1570
6561,是方,7,0,7,港商法國興業,2023-04-25,1570
1590,亞德客-KY,6,0,6,港商法國興業,2023-04-25,1570
2884,玉山金,6,0,6,港商法國興業,2023-04-25,1570
3527,聚積,6,0,6,港商法國興業,2023-04-25,1570
2897,王道銀行,5,0,5,港商法國興業,2023-04-25,1570
3374,精材,5,0,5,港商法國興業,2023-04-25,1570
6116,彩晶,479,0,479,港商法國興業,2023-04-26,1570
2891,中信金,366,0,366,港商法國興業,2023-04-26,1570
2330,台積電,331,0,331,港商法國興業,2023-04-26,1570
2801,彰銀,219,0,219,港商法國興業,2023-04-26,1570
1314,中石化,200,0,200,港商法國興業,2023-04-26,1570
2409,友達,160,0,160,港商法國興業,2023-04-26,1570
9945,潤泰新,153,0,153,港商法國興業,2023-04-26,1570
2603,長榮,113,0,113,港商法國興業,2023-04-26,1570
4938,和碩,113,0,113,港商法國興業,2023-04-26,1570
6505,台塑化,105,0,105,港商法國興業,2023-04-26,1570
2888,新光金,103,0,103,港商法國興業,2023-04-26,1570
3189,景碩,105,13,92,港商法國興業,2023-04-26,1570
1301,台塑,85,0,85,港商法國興業,2023-04-26,1570
2454,聯發科,73,0,73,港商法國興業,2023-04-26,1570
2353,宏��,72,0,72,港商法國興業,2023-04-26,1570
2882,國泰金,72,0,72,港商法國興業,2023-04-26,1570
3037,欣興,71,2,69,港商法國興業,2023-04-26,1570
2104,國際中橡,67,0,67,港商法國興業,2023-04-26,1570
2412,中華電,64,0,64,港商法國興業,2023-04-26,1570
2812,台中銀,61,0,61,港商法國興業,2023-04-26,1570
2103,台橡,57,0,57,港商法國興業,2023-04-26,1570
1316,上曜,56,0,56,港商法國興業,2023-04-26,1570
3702,大聯大,53,0,53,港商法國興業,2023-04-26,1570
2313,華通,49,0,49,港商法國興業,2023-04-26,1570
2408,南亞科,46,0,46,港商法國興業,2023-04-26,1570
2449,京元電子,45,0,45,港商法國興業,2023-04-26,1570
1522,堤維西,42,0,42,港商法國興業,2023-04-26,1570
3045,台灣大,42,0,42,港商法國興業,2023-04-26,1570
1907,永豐餘,41,0,41,港商法國興業,2023-04-26,1570
2337,旺宏,50,10,40,港商法國興業,2023-04-26,1570
2903,遠百,38,0,38,港商法國興業,2023-04-26,1570
2014,中鴻,37,0,37,港商法國興業,2023-04-26,1570
1905,華紙,52,16,36,港商法國興業,2023-04-26,1570
2027,大成鋼,35,0,35,港商法國興業,2023-04-26,1570
2317,鴻海,35,0,35,港商法國興業,2023-04-26,1570
2340,台亞,35,0,35,港商法國興業,2023-04-26,1570
6770,力積電,34,0,34,港商法國興業,2023-04-26,1570
2906,高林,31,0,31,港商法國興業,2023-04-26,1570
6282,康舒,31,0,31,港商法國興業,2023-04-26,1570
2010,春源,30,0,30,港商法國興業,2023-04-26,1570
2356,英業達,30,0,30,港商法國興業,2023-04-26,1570
5512,力麒,30,0,30,港商法國興業,2023-04-26,1570
2379,瑞昱,29,0,29,港商法國興業,2023-04-26,1570
2889,國票金,29,0,29,港商法國興業,2023-04-26,1570
8150,南茂,29,0,29,港商法國興業,2023-04-26,1570
1201,味全,28,0,28,港商法國興業,2023-04-26,1570
1904,正隆,28,0,28,港商法國興業,2023-04-26,1570
2023,燁輝,27,0,27,港商法國興業,2023-04-26,1570
2371,大同,27,0,27,港商法國興業,2023-04-26,1570
2615,萬海,27,0,27,港商法國興業,2023-04-26,1570
6443,元晶,180,0,180,港商法國興業,2023-04-27,1570
2313,華通,215,36,179,港商法國興業,2023-04-27,1570
2890,永豐金,176,0,176,港商法國興業,2023-04-27,1570
2897,王道銀行,148,0,148,港商法國興業,2023-04-27,1570
5876,上海商銀,125,0,125,港商法國興業,2023-04-27,1570
5512,力麒,100,0,100,港商法國興業,2023-04-27,1570
2104,國際中橡,73,0,73,港商法國興業,2023-04-27,1570
2881,富邦金,74,2,72,港商法國興業,2023-04-27,1570
4915,致伸,61,0,61,港商法國興業,2023-04-27,1570
9802,鈺齊-KY,61,0,61,港商法國興業,2023-04-27,1570
2454,聯發科,65,5,60,港商法國興業,2023-04-27,1570
2027,大成鋼,88,30,58,港商法國興業,2023-04-27,1570
2618,長榮航,50,0,50,港商法國興業,2023-04-27,1570
4938,和碩,35,0,35,港商法國興業,2023-04-27,1570
5871,中租-KY,29,0,29,港商法國興業,2023-04-27,1570
6205,詮欣,27,0,27,港商法國興業,2023-04-27,1570
2017,官田鋼,26,0,26,港商法國興業,2023-04-27,1570
2838,聯邦銀,25,0,25,港商法國興業,2023-04-27,1570
2481,強茂,23,0,23,港商法國興業,2023-04-27,1570
3019,亞光,23,0,23,港商法國興業,2023-04-27,1570
3231,緯創,23,0,23,港商法國興業,2023-04-27,1570
1560,中砂,42,20,22,港商法國興業,2023-04-27,1570
2371,大同,21,0,21,港商法國興業,2023-04-27,1570
2633,台灣高鐵,21,0,21,港商法國興業,2023-04-27,1570
2707,晶華,21,0,21,港商法國興業,2023-04-27,1570
2201,裕隆,20,0,20,港商法國興業,2023-04-27,1570
2528,皇普,20,0,20,港商法國興業,2023-04-27,1570
8044,網家,20,0,20,港商法國興業,2023-04-27,1570
9914,美利達,19,0,19,港商法國興業,2023-04-27,1570
2449,京元電子,18,0,18,港商法國興業,2023-04-27,1570
6752,叡揚,18,0,18,港商法國興業,2023-04-27,1570
5309,系統電,17,0,17,港商法國興業,2023-04-27,1570
1720,生達,16,0,16,港商法國興業,2023-04-27,1570
4927,泰鼎-KY,15,0,15,港商法國興業,2023-04-27,1570
2458,義隆,13,0,13,港商法國興業,2023-04-27,1570
2539,櫻花建,13,0,13,港商法國興業,2023-04-27,1570
2247,汎德永業,13,0,13,港商法國興業,2023-04-27,1570
1504,東元,20,9,11,港商法國興業,2023-04-27,1570
3030,德律,11,0,11,港商法國興業,2023-04-27,1570
3045,台灣大,11,0,11,港商法國興業,2023-04-27,1570
1101,台泥,10,0,10,港商法國興業,2023-04-27,1570
2330,台積電,13,3,10,港商法國興業,2023-04-27,1570
2492,華新科,9,0,9,港商法國興業,2023-04-27,1570
2379,瑞昱,9,0,9,港商法國興業,2023-04-27,1570
1527,鑽全,9,0,9,港商法國興業,2023-04-27,1570
3217,優群,9,0,9,港商法國興業,2023-04-27,1570
6173,信昌電,9,0,9,港商法國興業,2023-04-27,1570
6245,立端,9,0,9,港商法國興業,2023-04-27,1570
2640,大車隊,6,0,6,港商法國興業,2023-04-27,1570
2101,南港,5,0,5,港商法國興業,2023-04-27,1570
6770,力積電,698,15,683,港商法國興業,2023-04-28,1570
1303,南亞,313,0,313,港商法國興業,2023-04-28,1570
2880,華南金,166,0,166,港商法國興業,2023-04-28,1570
2382,廣達,137,0,137,港商法國興業,2023-04-28,1570
2884,玉山金,133,0,133,港商法國興業,2023-04-28,1570
2385,群光,132,0,132,港商法國興業,2023-04-28,1570
2888,新光金,127,0,127,港商法國興業,2023-04-28,1570
3231,緯創,121,0,121,港商法國興業,2023-04-28,1570
2317,鴻海,120,0,120,港商法國興業,2023-04-28,1570
3037,欣興,101,0,101,港商法國興業,2023-04-28,1570
1907,永豐餘,105,7,98,港商法國興業,2023-04-28,1570
2481,強茂,94,0,94,港商法國興業,2023-04-28,1570
2449,京元電子,100,9,91,港商法國興業,2023-04-28,1570
4927,泰鼎-KY,89,0,89,港商法國興業,2023-04-28,1570
2308,台達電,81,2,79,港商法國興業,2023-04-28,1570
2890,永豐金,79,0,79,港商法國興業,2023-04-28,1570
2049,上銀,67,2,65,港商法國興業,2023-04-28,1570
2889,國票金,63,0,63,港商法國興業,2023-04-28,1570
2883,凱基金,50,0,50,港商法國興業,2023-04-28,1570
2454,聯發科,46,4,42,港商法國興業,2023-04-28,1570
3024,憶聲,38,0,38,港商法國興業,2023-04-28,1570
9933,中鼎,44,9,35,港商法國興業,2023-04-28,1570
1710,東聯,34,0,34,港商法國興業,2023-04-28,1570
2705,六福,34,0,34,港商法國興業,2023-04-28,1570
3019,亞光,32,0,32,港商法國興業,2023-04-28,1570
2881,富邦金,51,20,31,港商法國興業,2023-04-28,1570
1101,台泥,30,0,30,港商法國興業,2023-04-28,1570
1536,和大,30,0,30,港商法國興業,2023-04-28,1570
2365,昆盈,27,0,27,港商法國興業,2023-04-28,1570
3532,台勝科,27,0,27,港商法國興業,2023-04-28,1570
2106,建大,25,0,25,港商法國興業,2023-04-28,1570
5880,合庫金,25,0,25,港商法國興業,2023-04-28,1570
2301,光寶科,24,0,24,港商法國興業,2023-04-28,1570
2515,中工,24,0,24,港商法國興業,2023-04-28,1570
2344,華邦電,20,0,20,港商法國興業,2023-04-28,1570
2615,萬海,20,0,20,港商法國興業,2023-04-28,1570
5512,力麒,20,0,20,港商法國興業,2023-04-28,1570
2618,長榮航,106,88,18,港商法國興業,2023-04-28,1570
2882,國泰金,18,0,18,港商法國興業,2023-04-28,1570
9945,潤泰新,17,0,17,港商法國興業,2023-04-28,1570
6279,胡連,16,0,16,港商法國興業,2023-04-28,1570
1590,亞德客-KY,15,0,15,港商法國興業,2023-04-28,1570
3481,群創,15,0,15,港商法國興業,2023-04-28,1570
3413,京鼎,14,0,14,港商法國興業,2023-04-28,1570
4919,新唐,24,10,14,港商法國興業,2023-04-28,1570
6605,帝寶,14,0,14,港商法國興業,2023-04-28,1570
2356,英業達,13,0,13,港商法國興業,2023-04-28,1570
2211,長榮鋼,12,0,12,港商法國興業,2023-04-28,1570
2347,聯強,12,0,12,港商法國興業,2023-04-28,1570
1326,台化,12,0,12,港商法國興業,2023-04-28,1570
1402,遠東新,277,0,277,港商法國興業,2023-05-02,1570
3481,群創,240,0,240,港商法國興業,2023-05-02,1570
2481,強茂,210,0,210,港商法國興業,2023-05-02,1570
2409,友達,200,31,169,港商法國興業,2023-05-02,1570
1326,台化,85,0,85,港商法國興業,2023-05-02,1570
1301,台塑,69,2,67,港商法國興業,2023-05-02,1570
1904,正隆,53,0,53,港商法國興業,2023-05-02,1570
1717,長興,51,0,51,港商法國興業,2023-05-02,1570
3443,創意,47,0,47,港商法國興業,2023-05-02,1570
2376,技嘉,45,0,45,港商法國興業,2023-05-02,1570
2884,玉山金,44,0,44,港商法國興業,2023-05-02,1570
2382,廣達,39,0,39,港商法國興業,2023-05-02,1570
1605,華新,39,0,39,港商法國興業,2023-05-02,1570
6112,邁達特,36,0,36,港商法國興業,2023-05-02,1570
2886,兆豐金,30,0,30,港商法國興業,2023-05-02,1570
4938,和碩,30,0,30,港商法國興業,2023-05-02,1570
3024,憶聲,36,10,26,港商法國興業,2023-05-02,1570
5512,力麒,17,0,17,港商法國興業,2023-05-02,1570
2887,台新金,15,0,15,港商法國興業,2023-05-02,1570
2891,中信金,15,0,15,港商法國興業,2023-05-02,1570
6285,啟��,15,0,15,港商法國興業,2023-05-02,1570
2607,榮運,12,0,12,港商法國興業,2023-05-02,1570
2634,漢翔,11,0,11,港商法國興業,2023-05-02,1570
2890,永豐金,11,0,11,港商法國興業,2023-05-02,1570
2889,國票金,10,0,10,港商法國興業,2023-05-02,1570
5425,台半,10,0,10,港商法國興業,2023-05-02,1570
6186,新潤,9,0,9,港商法國興業,2023-05-02,1570
4915,致伸,8,0,8,港商法國興業,2023-05-02,1570
2610,華航,7,0,7,港商法國興業,2023-05-02,1570
1215,卜蜂,7,0,7,港商法國興業,2023-05-02,1570
6279,胡連,7,0,7,港商法國興業,2023-05-02,1570
5263,智崴,6,0,6,港商法國興業,2023-05-02,1570
6416,瑞祺電通,6,0,6,港商法國興業,2023-05-02,1570
2892,第一金,5,0,5,港商法國興業,2023-05-02,1570
1444,力麗,4,0,4,港商法國興業,2023-05-02,1570
2330,台積電,23,19,4,港商法國興業,2023-05-02,1570
3030,德律,4,0,4,港商法國興業,2023-05-02,1570
8069,元太,4,0,4,港商法國興業,2023-05-02,1570
2453,凌群,3,0,3,港商法國興業,2023-05-02,1570
3413,京鼎,3,0,3,港商法國興業,2023-05-02,1570
5876,上海商銀,3,0,3,港商法國興業,2023-05-02,1570
9941,裕融,3,0,3,港商法國興業,2023-05-02,1570
2327,國巨,2,0,2,港商法國興業,2023-05-02,1570
4119,旭富,2,0,2,港商法國興業,2023-05-02,1570
5903,全家,2,0,2,港商法國興業,2023-05-02,1570
2640,大車隊,1,0,1,港商法國興業,2023-05-02,1570
2603,長榮,1,0,1,港商法國興業,2023-05-02,1570
2207,和泰車,1,0,1,港商法國興業,2023-05-02,1570
2412,中華電,1,0,1,港商法國興業,2023-05-02,1570
2912,統一超,1,0,1,港商法國興業,2023-05-02,1570
2324,仁寶,1461,0,1461,港商法國興業,2023-05-03,1570
1504,東元,866,17,849,港商法國興業,2023-05-03,1570
2888,新光金,670,0,670,港商法國興業,2023-05-03,1570
2880,華南金,660,18,642,港商法國興業,2023-05-03,1570
2317,鴻海,494,88,406,港商法國興業,2023-05-03,1570
2353,宏��,432,28,404,港商法國興業,2023-05-03,1570
6116,彩晶,318,0,318,港商法國興業,2023-05-03,1570
2377,微星,255,1,254,港商法國興業,2023-05-03,1570
2634,漢翔,251,0,251,港商法國興業,2023-05-03,1570
2356,英業達,248,3,245,港商法國興業,2023-05-03,1570
8215,明基材,193,0,193,港商法國興業,2023-05-03,1570
3231,緯創,169,1,168,港商法國興業,2023-05-03,1570
2360,致茂,167,0,167,港商法國興業,2023-05-03,1570
2301,光寶科,132,0,132,港商法國興業,2023-05-03,1570
2382,廣達,124,0,124,港商法國興業,2023-05-03,1570
2421,建準,117,0,117,港商法國興業,2023-05-03,1570
4746,台耀,113,5,108,港商法國興業,2023-05-03,1570
3576,聯合再生,104,0,104,港商法國興業,2023-05-03,1570
8478,東哥遊艇,99,1,98,港商法國興業,2023-05-03,1570
5608,四維航,90,0,90,港商法國興業,2023-05-03,1570
2379,瑞昱,81,1,80,港商法國興業,2023-05-03,1570
4915,致伸,86,6,80,港商法國興業,2023-05-03,1570
6191,精成科,58,0,58,港商法國興業,2023-05-03,1570
6491,晶碩,50,0,50,港商法國興業,2023-05-03,1570
9934,成霖,47,0,47,港商法國興業,2023-05-03,1570
3003,健和興,44,0,44,港商法國興業,2023-05-03,1570
6257,矽格,41,0,41,港商法國興業,2023-05-03,1570
4919,新唐,40,0,40,港商法國興業,2023-05-03,1570
2481,強茂,38,0,38,港商法國興業,2023-05-03,1570
3443,創意,36,0,36,港商法國興業,2023-05-03,1570
2542,興富發,36,1,35,港商法國興業,2023-05-03,1570
9802,鈺齊-KY,34,0,34,港商法國興業,2023-05-03,1570
9942,茂順,32,0,32,港商法國興業,2023-05-03,1570
6197,佳必琪,30,0,30,港商法國興業,2023-05-03,1570
6202,盛群,26,0,26,港商法國興業,2023-05-03,1570
2029,盛餘,20,0,20,港商法國興業,2023-05-03,1570
1536,和大,20,0,20,港商法國興業,2023-05-03,1570
5347,世界,20,0,20,港商法國興業,2023-05-03,1570
6214,精誠,19,0,19,港商法國興業,2023-05-03,1570
1762,中化生,17,0,17,港商法國興業,2023-05-03,1570
3037,欣興,43,26,17,港商法國興業,2023-05-03,1570
4147,中裕,17,0,17,港商法國興業,2023-05-03,1570
4536,拓凱,16,0,16,港商法國興業,2023-05-03,1570
6605,帝寶,16,0,16,港商法國興業,2023-05-03,1570
2408,南亞科,15,0,15,港商法國興業,2023-05-03,1570
4958,臻鼎-KY,14,0,14,港商法國興業,2023-05-03,1570
6112,邁達特,14,0,14,港商法國興業,2023-05-03,1570
6166,凌華,14,0,14,港商法國興業,2023-05-03,1570
2344,華邦電,13,0,13,港商法國興業,2023-05-03,1570
3189,景碩,10,0,10,港商法國興業,2023-05-03,1570
2890,永豐金,749,0,749,港商法國興業,2023-05-04,1570
3231,緯創,311,6,305,港商法國興業,2023-05-04,1570
2382,廣達,168,1,167,港商法國興業,2023-05-04,1570
1314,中石化,143,0,143,港商法國興業,2023-05-04,1570
2353,宏��,193,60,133,港商法國興業,2023-05-04,1570
2888,新光金,102,0,102,港商法國興業,2023-05-04,1570
9921,巨大,83,0,83,港商法國興業,2023-05-04,1570
1710,東聯,77,0,77,港商法國興業,2023-05-04,1570
2379,瑞昱,82,5,77,港商法國興業,2023-05-04,1570
2102,泰豐,69,0,69,港商法國興業,2023-05-04,1570
1504,東元,65,0,65,港商法國興業,2023-05-04,1570
1305,華夏,55,0,55,港商法國興業,2023-05-04,1570
4938,和碩,54,0,54,港商法國興業,2023-05-04,1570
1216,統一,52,0,52,港商法國興業,2023-05-04,1570
2887,台新金,52,0,52,港商法國興業,2023-05-04,1570
2324,仁寶,51,0,51,港商法國興業,2023-05-04,1570
5274,信驊,50,0,50,港商法國興業,2023-05-04,1570
8112,至上,47,0,47,港商法國興業,2023-05-04,1570
2351,順德,33,0,33,港商法國興業,2023-05-04,1570
5347,世界,33,0,33,港商法國興業,2023-05-04,1570
2337,旺宏,31,0,31,港商法國興業,2023-05-04,1570
2884,玉山金,56,25,31,港商法國興業,2023-05-04,1570
4128,中天,31,0,31,港商法國興業,2023-05-04,1570
4147,中裕,28,0,28,港商法國興業,2023-05-04,1570
3380,明泰,27,0,27,港商法國興業,2023-05-04,1570
8150,南茂,37,12,25,港商法國興業,2023-05-04,1570
2881,富邦金,42,18,24,港商法國興業,2023-05-04,1570
4915,致伸,23,0,23,港商法國興業,2023-05-04,1570
1560,中砂,20,0,20,港商法國興業,2023-05-04,1570
2015,豐興,20,0,20,港商法國興業,2023-05-04,1570
2338,光罩,20,0,20,港商法國興業,2023-05-04,1570
3189,景碩,20,0,20,港商法國興業,2023-05-04,1570
2395,研華,21,2,19,港商法國興業,2023-05-04,1570
2453,凌群,19,0,19,港商法國興業,2023-05-04,1570
3022,威強電,18,0,18,港商法國興業,2023-05-04,1570
2912,統一超,17,0,17,港商法國興業,2023-05-04,1570
3005,神基,24,7,17,港商法國興業,2023-05-04,1570
2603,長榮,24,9,15,港商法國興業,2023-05-04,1570
4119,旭富,15,0,15,港商法國興業,2023-05-04,1570
8046,南電,15,0,15,港商法國興業,2023-05-04,1570
6278,台表科,14,0,14,港商法國興業,2023-05-04,1570
4906,正文,25,13,12,港商法國興業,2023-05-04,1570
2915,潤泰全,26,16,10,港商法國興業,2023-05-04,1570
2474,可成,10,1,9,港商法國興業,2023-05-04,1570
3443,創意,9,0,9,港商法國興業,2023-05-04,1570
8938,明安,9,0,9,港商法國興業,2023-05-04,1570
9958,世紀鋼,9,0,9,港商法國興業,2023-05-04,1570
6121,新普,8,0,8,港商法國興業,2023-05-04,1570
8069,元太,8,0,8,港商法國興業,2023-05-04,1570
1762,中化生,7,0,7,港商法國興業,2023-05-04,1570
6770,力積電,407,0,407,港商法國興業,2023-05-05,1570
3037,欣興,141,0,141,港商法國興業,2023-05-05,1570
1513,中興電,137,0,137,港商法國興業,2023-05-05,1570
5876,上海商銀,130,0,130,港商法國興業,2023-05-05,1570
2324,仁寶,124,0,124,港商法國興業,2023-05-05,1570
2409,友達,100,0,100,港商法國興業,2023-05-05,1570
3017,奇鋐,67,0,67,港商法國興業,2023-05-05,1570
1503,士電,66,0,66,港商法國興業,2023-05-05,1570
2351,順德,58,0,58,港商法國興業,2023-05-05,1570
2530,華建,53,0,53,港商法國興業,2023-05-05,1570
2404,漢唐,52,0,52,港商法國興業,2023-05-05,1570
2330,台積電,44,0,44,港商法國興業,2023-05-05,1570
2886,兆豐金,43,0,43,港商法國興業,2023-05-05,1570
3231,緯創,43,0,43,港商法國興業,2023-05-05,1570
1227,佳格,40,0,40,港商法國興業,2023-05-05,1570
2809,京城銀,40,0,40,港商法國興業,2023-05-05,1570
2049,上銀,34,1,33,港商法國興業,2023-05-05,1570
3680,家登,31,0,31,港商法國興業,2023-05-05,1570
2454,聯發科,45,16,29,港商法國興業,2023-05-05,1570
4164,承業醫,26,0,26,港商法國興業,2023-05-05,1570
6285,啟��,26,0,26,港商法國興業,2023-05-05,1570
9802,鈺齊-KY,26,0,26,港商法國興業,2023-05-05,1570
6416,瑞祺電通,22,0,22,港商法國興業,2023-05-05,1570
3260,威剛,19,0,19,港商法國興業,2023-05-05,1570
1701,中化,17,0,17,港商法國興業,2023-05-05,1570
4977,眾達-KY,17,0,17,港商法國興業,2023-05-05,1570
6266,泰詠,16,0,16,港商法國興業,2023-05-05,1570
2382,廣達,15,0,15,港商法國興業,2023-05-05,1570
2356,英業達,13,0,13,港商法國興業,2023-05-05,1570
6257,矽格,13,0,13,港商法國興業,2023-05-05,1570
2453,凌群,12,0,12,港商法國興業,2023-05-05,1570
6743,安普新,12,0,12,港商法國興業,2023-05-05,1570
8358,金居,12,0,12,港商法國興業,2023-05-05,1570
9914,美利達,12,0,12,港商法國興業,2023-05-05,1570
1326,台化,11,0,11,港商法國興業,2023-05-05,1570
2903,遠百,11,0,11,港商法國興業,2023-05-05,1570
1795,美時,10,0,10,港商法國興業,2023-05-05,1570
2408,南亞科,10,0,10,港商法國興業,2023-05-05,1570
3189,景碩,10,0,10,港商法國興業,2023-05-05,1570
3707,漢磊,9,0,9,港商法國興業,2023-05-05,1570
5522,遠雄,9,0,9,港商法國興業,2023-05-05,1570
2457,飛宏,8,0,8,港商法國興業,2023-05-05,1570
4915,致伸,8,0,8,港商法國興業,2023-05-05,1570
2481,強茂,7,0,7,港商法國興業,2023-05-05,1570
4128,中天,7,0,7,港商法國興業,2023-05-05,1570
1301,台塑,6,0,6,港商法國興業,2023-05-05,1570
5483,中美晶,6,0,6,港商法國興業,2023-05-05,1570
6176,瑞儀,6,0,6,港商法國興業,2023-05-05,1570
8069,元太,6,0,6,港商法國興業,2023-05-05,1570
3227,原相,5,0,5,港商法國興業,2023-05-05,1570
2888,新光金,749,0,749,港商法國興業,2023-05-08,1570
6770,力積電,447,0,447,港商法國興業,2023-05-08,1570
2421,建準,404,0,404,港商法國興業,2023-05-08,1570
2371,大同,158,0,158,港商法國興業,2023-05-08,1570
1513,中興電,143,0,143,港商法國興業,2023-05-08,1570
2313,華通,130,0,130,港商法國興業,2023-05-08,1570
1314,中石化,129,0,129,港商法國興業,2023-05-08,1570
2884,玉山金,120,0,120,港商法國興業,2023-05-08,1570
2801,彰銀,86,0,86,港商法國興業,2023-05-08,1570
2633,台灣高鐵,75,0,75,港商法國興業,2023-05-08,1570
5388,中磊,72,0,72,港商法國興業,2023-05-08,1570
1710,東聯,62,0,62,港商法國興業,2023-05-08,1570
2027,大成鋼,50,0,50,港商法國興業,2023-05-08,1570
2892,第一金,49,0,49,港商法國興業,2023-05-08,1570
2882,國泰金,49,0,49,港商法國興業,2023-05-08,1570
3081,聯亞,47,0,47,港商法國興業,2023-05-08,1570
3062,建漢,45,0,45,港商法國興業,2023-05-08,1570
6505,台塑化,41,0,41,港商法國興業,2023-05-08,1570
5880,合庫金,36,0,36,港商法國興業,2023-05-08,1570
1326,台化,30,0,30,港商法國興業,2023-05-08,1570
2102,泰豐,54,25,29,港商法國興業,2023-05-08,1570
3036,文曄,29,0,29,港商法國興業,2023-05-08,1570
4147,中裕,29,0,29,港商法國興業,2023-05-08,1570
8358,金居,29,0,29,港商法國興業,2023-05-08,1570
2330,台積電,29,7,22,港商法國興業,2023-05-08,1570
8069,元太,22,0,22,港商法國興業,2023-05-08,1570
3006,晶豪科,20,0,20,港商法國興業,2023-05-08,1570
2328,廣宇,18,0,18,港商法國興業,2023-05-08,1570
5876,上海商銀,17,0,17,港商法國興業,2023-05-08,1570
2034,允強,14,0,14,港商法國興業,2023-05-08,1570
2610,華航,30,18,12,港商法國興業,2023-05-08,1570
5443,均豪,12,0,12,港商法國興業,2023-05-08,1570
2915,潤泰全,11,0,11,港商法國興業,2023-05-08,1570
3019,亞光,10,0,10,港商法國興業,2023-05-08,1570
1216,統一,10,0,10,港商法國興業,2023-05-08,1570
1215,卜蜂,10,0,10,港商法國興業,2023-05-08,1570
2015,豐興,9,0,9,港商法國興業,2023-05-08,1570
8415,大國鋼,9,0,9,港商法國興業,2023-05-08,1570
3376,新日興,8,0,8,港商法國興業,2023-05-08,1570
5347,世界,8,0,8,港商法國興業,2023-05-08,1570
4927,泰鼎-KY,7,0,7,港商法國興業,2023-05-08,1570
3045,台灣大,6,0,6,港商法國興業,2023-05-08,1570
6438,迅得,6,0,6,港商法國興業,2023-05-08,1570
9910,豐泰,6,0,6,港商法國興業,2023-05-08,1570
1303,南亞,5,0,5,港商法國興業,2023-05-08,1570
2059,川湖,5,0,5,港商法國興業,2023-05-08,1570
6790,永豐實,5,0,5,港商法國興業,2023-05-08,1570
3189,景碩,40,36,4,港商法國興業,2023-05-08,1570
6285,啟��,3,0,3,港商法國興業,2023-05-08,1570
3008,大立光,1,0,1,港商法國興業,2023-05-08,1570
2356,英業達,1145,0,1145,港商法國興業,2023-05-09,1570
2409,友達,427,67,360,港商法國興業,2023-05-09,1570
2885,元大金,174,0,174,港商法國興業,2023-05-09,1570
3481,群創,260,111,149,港商法國興業,2023-05-09,1570
2801,彰銀,148,0,148,港商法國興業,2023-05-09,1570
2886,兆豐金,145,0,145,港商法國興業,2023-05-09,1570
2884,玉山金,144,0,144,港商法國興業,2023-05-09,1570
5880,合庫金,143,0,143,港商法國興業,2023-05-09,1570
2892,第一金,121,0,121,港商法國興業,2023-05-09,1570
2317,鴻海,120,0,120,港商法國興業,2023-05-09,1570
3231,緯創,119,0,119,港商法國興業,2023-05-09,1570
2412,中華電,93,0,93,港商法國興業,2023-05-09,1570
2890,永豐金,88,0,88,港商法國興業,2023-05-09,1570
2834,臺企銀,82,0,82,港商法國興業,2023-05-09,1570
2382,廣達,75,0,75,港商法國興業,2023-05-09,1570
2891,中信金,68,0,68,港商法國興業,2023-05-09,1570
1503,士電,63,0,63,港商法國興業,2023-05-09,1570
1303,南亞,58,0,58,港商法國興業,2023-05-09,1570
1402,遠東新,53,0,53,港商法國興業,2023-05-09,1570
1216,統一,49,0,49,港商法國興業,2023-05-09,1570
2610,華航,50,3,47,港商法國興業,2023-05-09,1570
2880,華南金,36,0,36,港商法國興業,2023-05-09,1570
6443,元晶,34,0,34,港商法國興業,2023-05-09,1570
5876,上海商銀,33,0,33,港商法國興業,2023-05-09,1570
1326,台化,31,0,31,港商法國興業,2023-05-09,1570
4927,泰鼎-KY,27,0,27,港商法國興業,2023-05-09,1570
2633,台灣高鐵,26,0,26,港商法國興業,2023-05-09,1570
2881,富邦金,26,0,26,港商法國興業,2023-05-09,1570
2607,榮運,25,0,25,港商法國興業,2023-05-09,1570
2850,新產,20,0,20,港商法國興業,2023-05-09,1570
1301,台塑,20,0,20,港商法國興業,2023-05-09,1570
2376,技嘉,20,0,20,港商法國興業,2023-05-09,1570
6505,台塑化,20,0,20,港商法國興業,2023-05-09,1570
2330,台積電,23,5,18,港商法國興業,2023-05-09,1570
6239,力成,18,0,18,港商法國興業,2023-05-09,1570
2723,美食-KY,17,0,17,港商法國興業,2023-05-09,1570
3008,大立光,15,0,15,港商法國興業,2023-05-09,1570
3714,富采,15,0,15,港商法國興業,2023-05-09,1570
4904,遠傳,15,0,15,港商法國興業,2023-05-09,1570
2106,建大,14,0,14,港商法國興業,2023-05-09,1570
9945,潤泰新,13,0,13,港商法國興業,2023-05-09,1570
4953,緯軟,10,0,10,港商法國興業,2023-05-09,1570
5347,世界,10,0,10,港商法國興業,2023-05-09,1570
2395,研華,8,0,8,港商法國興業,2023-05-09,1570
1102,亞泥,8,0,8,港商法國興業,2023-05-09,1570
2912,統一超,8,0,8,港商法國興業,2023-05-09,1570
3227,原相,8,0,8,港商法國興業,2023-05-09,1570
2615,萬海,7,0,7,港商法國興業,2023-05-09,1570
2034,允強,6,0,6,港商法國興業,2023-05-09,1570
3045,台灣大,6,0,6,港商法國興業,2023-05-09,1570
2609,陽明,298,0,298,港商法國興業,2023-05-10,1570
2891,中信金,236,0,236,港商法國興業,2023-05-10,1570
9945,潤泰新,206,0,206,港商法國興業,2023-05-10,1570
2376,技嘉,119,20,99,港商法國興業,2023-05-10,1570
5880,合庫金,81,0,81,港商法國興業,2023-05-10,1570
6239,力成,80,0,80,港商法國興業,2023-05-10,1570
1513,中興電,76,0,76,港商法國興業,2023-05-10,1570
8069,元太,69,0,69,港商法國興業,2023-05-10,1570
2615,萬海,60,0,60,港商法國興業,2023-05-10,1570
2453,凌群,53,0,53,港商法國興業,2023-05-10,1570
2888,新光金,53,0,53,港商法國興業,2023-05-10,1570
2633,台灣高鐵,52,0,52,港商法國興業,2023-05-10,1570
6285,啟��,39,0,39,港商法國興業,2023-05-10,1570
6191,精成科,38,0,38,港商法國興業,2023-05-10,1570
2340,台亞,32,0,32,港商法國興業,2023-05-10,1570
1909,榮成,31,0,31,港商法國興業,2023-05-10,1570
2031,新光鋼,30,0,30,港商法國興業,2023-05-10,1570
2347,聯強,28,0,28,港商法國興業,2023-05-10,1570
6176,瑞儀,26,0,26,港商法國興業,2023-05-10,1570
6548,長科*,26,0,26,港商法國興業,2023-05-10,1570
2882,國泰金,24,0,24,港商法國興業,2023-05-10,1570
2486,一詮,24,0,24,港商法國興業,2023-05-10,1570
4919,新唐,30,6,24,港商法國興業,2023-05-10,1570
3545,敦泰,22,0,22,港商法國興業,2023-05-10,1570
9958,世紀鋼,20,0,20,港商法國興業,2023-05-10,1570
2413,環科,19,0,19,港商法國興業,2023-05-10,1570
2330,台積電,19,0,19,港商法國興業,2023-05-10,1570
2211,長榮鋼,18,0,18,港商法國興業,2023-05-10,1570
1802,台玻,16,0,16,港商法國興業,2023-05-10,1570
2029,盛餘,13,0,13,港商法國興業,2023-05-10,1570
8183,精星,13,0,13,港商法國興業,2023-05-10,1570
2881,富邦金,12,0,12,港商法國興業,2023-05-10,1570
2354,鴻準,12,0,12,港商法國興業,2023-05-10,1570
5876,上海商銀,12,0,12,港商法國興業,2023-05-10,1570
8131,福懋科,11,0,11,港商法國興業,2023-05-10,1570
2356,英業達,10,0,10,港商法國興業,2023-05-10,1570
6278,台表科,10,0,10,港商法國興業,2023-05-10,1570
6412,群電,8,0,8,港商法國興業,2023-05-10,1570
2231,為升,7,0,7,港商法國興業,2023-05-10,1570
6279,胡連,7,0,7,港商法國興業,2023-05-10,1570
1303,南亞,6,0,6,港商法國興業,2023-05-10,1570
2382,廣達,5,0,5,港商法國興業,2023-05-10,1570
1597,直得,5,0,5,港商法國興業,2023-05-10,1570
3530,晶相光,5,0,5,港商法國興業,2023-05-10,1570
6414,樺漢,5,0,5,港商法國興業,2023-05-10,1570
3583,辛耘,4,0,4,港商法國興業,2023-05-10,1570
4536,拓凱,4,0,4,港商法國興業,2023-05-10,1570
3034,聯詠,3,0,3,港商法國興業,2023-05-10,1570
2327,國巨,3,0,3,港商法國興業,2023-05-10,1570
3413,京鼎,3,0,3,港商法國興業,2023-05-10,1570
2376,技嘉,630,348,282,港商法國興業,2023-05-11,1570
2481,強茂,217,0,217,港商法國興業,2023-05-11,1570
2324,仁寶,212,0,212,港商法國興業,2023-05-11,1570
4938,和碩,204,0,204,港商法國興業,2023-05-11,1570
2867,三商壽,124,0,124,港商法國興業,2023-05-11,1570
9904,寶成,123,0,123,港商法國興業,2023-05-11,1570
2353,宏��,349,230,119,港商法國興業,2023-05-11,1570
3715,定穎投控,119,0,119,港商法國興業,2023-05-11,1570
2404,漢唐,102,0,102,港商法國興業,2023-05-11,1570
1218,泰山,79,0,79,港商法國興業,2023-05-11,1570
2208,台船,76,0,76,港商法國興業,2023-05-11,1570
6279,胡連,76,0,76,港商法國興業,2023-05-11,1570
6197,佳必琪,73,0,73,港商法國興業,2023-05-11,1570
2382,廣達,67,0,67,港商法國興業,2023-05-11,1570
3162,精確,51,0,51,港商法國興業,2023-05-11,1570
3711,日月光投控,51,0,51,港商法國興業,2023-05-11,1570
6147,頎邦,47,0,47,港商法國興業,2023-05-11,1570
1734,杏輝,46,0,46,港商法國興業,2023-05-11,1570
2395,研華,48,2,46,港商法國興業,2023-05-11,1570
2379,瑞昱,48,7,41,港商法國興業,2023-05-11,1570
2023,燁輝,38,0,38,港商法國興業,2023-05-11,1570
2206,三陽工業,38,0,38,港商法國興業,2023-05-11,1570
2812,台中銀,34,0,34,港商法國興業,2023-05-11,1570
3041,揚智,34,0,34,港商法國興業,2023-05-11,1570
2103,台橡,31,0,31,港商法國興業,2023-05-11,1570
2542,興富發,29,0,29,港商法國興業,2023-05-11,1570
2454,聯發科,34,5,29,港商法國興業,2023-05-11,1570
2453,凌群,29,0,29,港商法國興業,2023-05-11,1570
2412,中華電,51,26,25,港商法國興業,2023-05-11,1570
4927,泰鼎-KY,24,0,24,港商法國興業,2023-05-11,1570
2303,聯電,23,0,23,港商法國興業,2023-05-11,1570
3003,健和興,22,0,22,港商法國興業,2023-05-11,1570
2723,美食-KY,20,0,20,港商法國興業,2023-05-11,1570
1785,光洋科,20,0,20,港商法國興業,2023-05-11,1570
3019,亞光,20,0,20,港商法國興業,2023-05-11,1570
9802,鈺齊-KY,20,0,20,港商法國興業,2023-05-11,1570
2880,華南金,19,0,19,港商法國興業,2023-05-11,1570
2211,長榮鋼,18,0,18,港商法國興業,2023-05-11,1570
3583,辛耘,18,0,18,港商法國興業,2023-05-11,1570
6414,樺漢,16,0,16,港商法國興業,2023-05-11,1570
4739,康普,14,0,14,港商法國興業,2023-05-11,1570
2903,遠百,13,0,13,港商法國興業,2023-05-11,1570
3008,大立光,11,0,11,港商法國興業,2023-05-11,1570
2397,友通,10,0,10,港商法國興業,2023-05-11,1570
2031,新光鋼,10,0,10,港商法國興業,2023-05-11,1570
6202,盛群,10,0,10,港商法國興業,2023-05-11,1570
5876,上海商銀,69,61,8,港商法國興業,2023-05-11,1570
1303,南亞,6,0,6,港商法國興業,2023-05-11,1570
8046,南電,6,0,6,港商法國興業,2023-05-11,1570
2618,長榮航,100,96,4,港商法國興業,2023-05-11,1570
1605,華新,587,0,587,港商法國興業,2023-05-12,1570
2890,永豐金,583,0,583,港商法國興業,2023-05-12,1570
2888,新光金,458,0,458,港商法國興業,2023-05-12,1570
2606,裕民,167,0,167,港商法國興業,2023-05-12,1570
2618,長榮航,267,100,167,港商法國興業,2023-05-12,1570
2409,友達,204,50,154,港商法國興業,2023-05-12,1570
3078,僑威,143,0,143,港商法國興業,2023-05-12,1570
2881,富邦金,140,10,130,港商法國興業,2023-05-12,1570
2492,華新科,127,7,120,港商法國興業,2023-05-12,1570
4915,致伸,104,0,104,港商法國興業,2023-05-12,1570
2303,聯電,101,0,101,港商法國興業,2023-05-12,1570
6176,瑞儀,79,0,79,港商法國興業,2023-05-12,1570
1326,台化,76,0,76,港商法國興業,2023-05-12,1570
3022,威強電,76,0,76,港商法國興業,2023-05-12,1570
6016,康和證,67,0,67,港商法國興業,2023-05-12,1570
2208,台船,65,0,65,港商法國興業,2023-05-12,1570
2634,漢翔,61,0,61,港商法國興業,2023-05-12,1570
3704,合勤控,58,0,58,港商法國興業,2023-05-12,1570
2376,技嘉,66,10,56,港商法國興業,2023-05-12,1570
2206,三陽工業,47,0,47,港商法國興業,2023-05-12,1570
6269,台郡,47,0,47,港商法國興業,2023-05-12,1570
2031,新光鋼,43,0,43,港商法國興業,2023-05-12,1570
2607,榮運,38,0,38,港商法國興業,2023-05-12,1570
2211,長榮鋼,35,0,35,港商法國興業,2023-05-12,1570
3037,欣興,47,15,32,港商法國興業,2023-05-12,1570
5880,合庫金,31,0,31,港商法國興業,2023-05-12,1570
2313,華通,50,20,30,港商法國興業,2023-05-12,1570
4129,聯合,26,0,26,港商法國興業,2023-05-12,1570
1702,南僑,25,0,25,港商法國興業,2023-05-12,1570
1909,榮成,24,0,24,港商法國興業,2023-05-12,1570
1210,大成,24,0,24,港商法國興業,2023-05-12,1570
6446,藥華藥,22,0,22,港商法國興業,2023-05-12,1570
3008,大立光,22,1,21,港商法國興業,2023-05-12,1570
1102,亞泥,20,0,20,港商法國興業,2023-05-12,1570
2535,達欣工,18,0,18,港商法國興業,2023-05-12,1570
4938,和碩,18,0,18,港商法國興業,2023-05-12,1570
6531,愛普*,17,0,17,港商法國興業,2023-05-12,1570
2723,美食-KY,15,0,15,港商法國興業,2023-05-12,1570
2330,台積電,14,2,12,港商法國興業,2023-05-12,1570
2347,聯強,12,0,12,港商法國興業,2023-05-12,1570
4919,新唐,25,13,12,港商法國興業,2023-05-12,1570
6290,良維,12,0,12,港商法國興業,2023-05-12,1570
8436,大江,11,0,11,港商法國興業,2023-05-12,1570
3189,景碩,10,0,10,港商法國興業,2023-05-12,1570
9958,世紀鋼,20,10,10,港商法國興業,2023-05-12,1570
2030,彰源,9,0,9,港商法國興業,2023-05-12,1570
2408,南亞科,8,0,8,港商法國興業,2023-05-12,1570
3006,晶豪科,8,0,8,港商法國興業,2023-05-12,1570
6271,同欣電,8,0,8,港商法國興業,2023-05-12,1570
3413,京鼎,14,7,7,港商法國興業,2023-05-12,1570
2371,大同,580,20,560,港商法國興業,2023-05-15,1570
2834,臺企銀,555,0,555,港商法國興業,2023-05-15,1570
2883,凱基金,372,48,324,港商法國興業,2023-05-15,1570
2888,新光金,255,0,255,港商法國興業,2023-05-15,1570
2880,華南金,289,44,245,港商法國興業,2023-05-15,1570
2382,廣達,144,0,144,港商法國興業,2023-05-15,1570
2457,飛宏,117,0,117,港商法國興業,2023-05-15,1570
2454,聯發科,115,11,104,港商法國興業,2023-05-15,1570
2881,富邦金,98,0,98,港商法國興業,2023-05-15,1570
2606,裕民,80,0,80,港商法國興業,2023-05-15,1570
1216,統一,94,16,78,港商法國興業,2023-05-15,1570
2891,中信金,74,0,74,港商法國興業,2023-05-15,1570
6185,幃翔,71,0,71,港商法國興業,2023-05-15,1570
5880,合庫金,69,0,69,港商法國興業,2023-05-15,1570
3231,緯創,61,0,61,港商法國興業,2023-05-15,1570
8215,明基材,59,0,59,港商法國興業,2023-05-15,1570
1218,泰山,58,0,58,港商法國興業,2023-05-15,1570
2515,中工,54,0,54,港商法國興業,2023-05-15,1570
2884,玉山金,54,0,54,港商法國興業,2023-05-15,1570
2885,元大金,54,0,54,港商法國興業,2023-05-15,1570
3056,富華新,52,0,52,港商法國興業,2023-05-15,1570
2327,國巨,49,0,49,港商法國興業,2023-05-15,1570
2534,宏盛,49,0,49,港商法國興業,2023-05-15,1570
2634,漢翔,49,0,49,港商法國興業,2023-05-15,1570
8091,翔名,48,0,48,港商法國興業,2023-05-15,1570
2206,三陽工業,44,0,44,港商法國興業,2023-05-15,1570
2886,兆豐金,44,0,44,港商法國興業,2023-05-15,1570
2340,台亞,43,0,43,港商法國興業,2023-05-15,1570
2356,英業達,38,0,38,港商法國興業,2023-05-15,1570
1905,華紙,38,0,38,港商法國興業,2023-05-15,1570
1402,遠東新,37,0,37,港商法國興業,2023-05-15,1570
2892,第一金,37,0,37,港商法國興業,2023-05-15,1570
3702,大聯大,36,0,36,港商法國興業,2023-05-15,1570
2913,農林,35,0,35,港商法國興業,2023-05-15,1570
6005,群益證,31,0,31,港商法國興業,2023-05-15,1570
1102,亞泥,30,0,30,港商法國興業,2023-05-15,1570
2476,鉅祥,30,0,30,港商法國興業,2023-05-15,1570
5371,中光電,30,0,30,港商法國興業,2023-05-15,1570
6770,力積電,29,0,29,港商法國興業,2023-05-15,1570
2633,台灣高鐵,25,0,25,港商法國興業,2023-05-15,1570
4961,天鈺,24,0,24,港商法國興業,2023-05-15,1570
1806,冠軍,19,0,19,港商法國興業,2023-05-15,1570
6233,旺玖,19,0,19,港商法國興業,2023-05-15,1570
6438,迅得,19,0,19,港商法國興業,2023-05-15,1570
1326,台化,18,0,18,港商法國興業,2023-05-15,1570
3036,文曄,18,0,18,港商法國興業,2023-05-15,1570
2412,中華電,17,0,17,港商法國興業,2023-05-15,1570
2449,京元電子,16,0,16,港商法國興業,2023-05-15,1570
6269,台郡,16,0,16,港商法國興業,2023-05-15,1570
2308,台達電,15,0,15,港商法國興業,2023-05-15,1570
2834,臺企銀,548,0,548,港商法國興業,2023-05-16,1570
1101,台泥,521,40,481,港商法國興業,2023-05-16,1570
6770,力積電,475,0,475,港商法國興業,2023-05-16,1570
2884,玉山金,279,0,279,港商法國興業,2023-05-16,1570
2208,台船,269,0,269,港商法國興業,2023-05-16,1570
2615,萬海,264,0,264,港商法國興業,2023-05-16,1570
2027,大成鋼,241,0,241,港商法國興業,2023-05-16,1570
2324,仁寶,238,0,238,港商法國興業,2023-05-16,1570
6285,啟��,183,0,183,港商法國興業,2023-05-16,1570
2897,王道銀行,167,0,167,港商法國興業,2023-05-16,1570
2105,正新,150,0,150,港商法國興業,2023-05-16,1570
2618,長榮航,150,0,150,港商法國興業,2023-05-16,1570
2913,農林,145,0,145,港商法國興業,2023-05-16,1570
2330,台積電,128,0,128,港商法國興業,2023-05-16,1570
2340,台亞,125,0,125,港商法國興業,2023-05-16,1570
2891,中信金,121,0,121,港商法國興業,2023-05-16,1570
3715,定穎投控,119,0,119,港商法國興業,2023-05-16,1570
4961,天鈺,112,0,112,港商法國興業,2023-05-16,1570
2886,兆豐金,106,0,106,港商法國興業,2023-05-16,1570
2347,聯強,92,0,92,港商法國興業,2023-05-16,1570
6188,廣明,88,0,88,港商法國興業,2023-05-16,1570
2031,新光鋼,80,0,80,港商法國興業,2023-05-16,1570
2606,裕民,72,0,72,港商法國興業,2023-05-16,1570
6274,台燿,56,0,56,港商法國興業,2023-05-16,1570
2476,鉅祥,55,0,55,港商法國興業,2023-05-16,1570
3587,閎康,53,0,53,港商法國興業,2023-05-16,1570
2880,華南金,51,0,51,港商法國興業,2023-05-16,1570
2610,華航,50,0,50,港商法國興業,2023-05-16,1570
3010,華立,50,0,50,港商法國興業,2023-05-16,1570
2892,第一金,49,0,49,港商法國興業,2023-05-16,1570
6290,良維,48,0,48,港商法國興業,2023-05-16,1570
8215,明基材,47,0,47,港商法國興業,2023-05-16,1570
2480,敦陽科,43,0,43,港商法國興業,2023-05-16,1570
2607,榮運,41,0,41,港商法國興業,2023-05-16,1570
1560,中砂,40,0,40,港商法國興業,2023-05-16,1570
1310,台苯,40,0,40,港商法國興業,2023-05-16,1570
1612,宏泰,39,0,39,港商法國興業,2023-05-16,1570
2103,台橡,38,0,38,港商法國興業,2023-05-16,1570
5876,上海商銀,35,0,35,港商法國興業,2023-05-16,1570
8163,達方,34,0,34,港商法國興業,2023-05-16,1570
4915,致伸,33,0,33,港商法國興業,2023-05-16,1570
5880,合庫金,33,0,33,港商法國興業,2023-05-16,1570
2534,宏盛,32,0,32,港商法國興業,2023-05-16,1570
1702,南僑,30,0,30,港商法國興業,2023-05-16,1570
2376,技嘉,30,0,30,港商法國興業,2023-05-16,1570
3443,創意,30,0,30,港商法國興業,2023-05-16,1570
2472,立隆電,29,0,29,港商法國興業,2023-05-16,1570
4743,合一,29,0,29,港商法國興業,2023-05-16,1570
2890,永豐金,27,0,27,港商法國興業,2023-05-16,1570
6456,GIS-KY,25,0,25,港商法國興業,2023-05-16,1570
3481,群創,918,2,916,港商法國興業,2023-05-17,1570
2883,凱基金,736,0,736,港商法國興業,2023-05-17,1570
2303,聯電,731,0,731,港商法國興業,2023-05-17,1570
1605,華新,612,0,612,港商法國興業,2023-05-17,1570
2352,佳世達,488,0,488,港商法國興業,2023-05-17,1570
2884,玉山金,416,0,416,港商法國興業,2023-05-17,1570
2409,友達,957,568,389,港商法國興業,2023-05-17,1570
2888,新光金,347,0,347,港商法國興業,2023-05-17,1570
2891,中信金,339,0,339,港商法國興業,2023-05-17,1570
2881,富邦金,299,0,299,港商法國興業,2023-05-17,1570
2002,中鋼,294,0,294,港商法國興業,2023-05-17,1570
1101,台泥,274,0,274,港商法國興業,2023-05-17,1570
2867,三商壽,265,0,265,港商法國興業,2023-05-17,1570
2887,台新金,238,0,238,港商法國興業,2023-05-17,1570
2609,陽明,215,0,215,港商法國興業,2023-05-17,1570
2344,華邦電,205,0,205,港商法國興業,2023-05-17,1570
2882,國泰金,249,46,203,港商法國興業,2023-05-17,1570
2408,南亞科,202,0,202,港商法國興業,2023-05-17,1570
2913,農林,199,0,199,港商法國興業,2023-05-17,1570
2633,台灣高鐵,194,0,194,港商法國興業,2023-05-17,1570
5880,合庫金,180,0,180,港商法國興業,2023-05-17,1570
2890,永豐金,155,0,155,港商法國興業,2023-05-17,1570
9907,統一實,153,0,153,港商法國興業,2023-05-17,1570
2885,元大金,150,0,150,港商法國興業,2023-05-17,1570
4958,臻鼎-KY,137,0,137,港商法國興業,2023-05-17,1570
2892,第一金,134,0,134,港商法國興業,2023-05-17,1570
2353,宏��,130,0,130,港商法國興業,2023-05-17,1570
2880,華南金,119,0,119,港商法國興業,2023-05-17,1570
6182,合晶,114,0,114,港商法國興業,2023-05-17,1570
2324,仁寶,112,0,112,港商法國興業,2023-05-17,1570
2886,兆豐金,106,0,106,港商法國興業,2023-05-17,1570
6271,同欣電,102,0,102,港商法國興業,2023-05-17,1570
2618,長榮航,290,190,100,港商法國興業,2023-05-17,1570
1303,南亞,92,0,92,港商法國興業,2023-05-17,1570
2356,英業達,88,0,88,港商法國興業,2023-05-17,1570
2454,聯發科,87,0,87,港商法國興業,2023-05-17,1570
5243,乙盛-KY,87,0,87,港商法國興業,2023-05-17,1570
2606,裕民,86,0,86,港商法國興業,2023-05-17,1570
2340,台亞,83,0,83,港商法國興業,2023-05-17,1570
1301,台塑,83,0,83,港商法國興業,2023-05-17,1570
1210,大成,78,0,78,港商法國興業,2023-05-17,1570
1216,統一,71,0,71,港商法國興業,2023-05-17,1570
1102,亞泥,71,0,71,港商法國興業,2023-05-17,1570
1717,長興,71,0,71,港商法國興業,2023-05-17,1570
2330,台積電,108,46,62,港商法國興業,2023-05-17,1570
2345,智邦,62,0,62,港商法國興業,2023-05-17,1570
2030,彰源,61,0,61,港商法國興業,2023-05-17,1570
2301,光寶科,60,0,60,港商法國興業,2023-05-17,1570
6005,群益證,60,0,60,港商法國興業,2023-05-17,1570
1326,台化,59,0,59,港商法國興業,2023-05-17,1570
2382,廣達,3407,0,3407,港商法國興業,2023-05-18,1570
2344,華邦電,557,0,557,港商法國興業,2023-05-18,1570
3576,聯合再生,430,0,430,港商法國興業,2023-05-18,1570
2888,新光金,412,0,412,港商法國興業,2023-05-18,1570
2881,富邦金,402,50,352,港商法國興業,2023-05-18,1570
2884,玉山金,310,0,310,港商法國興業,2023-05-18,1570
2867,三商壽,300,0,300,港商法國興業,2023-05-18,1570
2409,友達,507,282,225,港商法國興業,2023-05-18,1570
2610,華航,318,100,218,港商法國興業,2023-05-18,1570
2330,台積電,183,0,183,港商法國興業,2023-05-18,1570
2618,長榮航,158,0,158,港商法國興業,2023-05-18,1570
2913,農林,154,0,154,港商法國興業,2023-05-18,1570
2002,中鋼,142,0,142,港商法國興業,2023-05-18,1570
2393,億光,139,6,133,港商法國興業,2023-05-18,1570
2891,中信金,117,0,117,港商法國興業,2023-05-18,1570
2882,國泰金,113,0,113,港商法國興業,2023-05-18,1570
2324,仁寶,112,0,112,港商法國興業,2023-05-18,1570
2890,永豐金,112,0,112,港商法國興業,2023-05-18,1570
3481,群創,100,0,100,港商法國興業,2023-05-18,1570
2353,宏��,141,45,96,港商法國興業,2023-05-18,1570
3056,富華新,96,0,96,港商法國興業,2023-05-18,1570
2498,宏達電,93,0,93,港商法國興業,2023-05-18,1570
2105,正新,91,0,91,港商法國興業,2023-05-18,1570
1101,台泥,88,0,88,港商法國興業,2023-05-18,1570
2303,聯電,80,0,80,港商法國興業,2023-05-18,1570
1303,南亞,76,0,76,港商法國興業,2023-05-18,1570
2887,台新金,74,0,74,港商法國興業,2023-05-18,1570
9904,寶成,72,0,72,港商法國興業,2023-05-18,1570
2356,英業達,70,0,70,港商法國興業,2023-05-18,1570
2354,鴻準,70,2,68,港商法國興業,2023-05-18,1570
1605,華新,65,0,65,港商法國興業,2023-05-18,1570
2880,華南金,64,0,64,港商法國興業,2023-05-18,1570
6005,群益證,55,0,55,港商法國興業,2023-05-18,1570
2347,聯強,54,0,54,港商法國興業,2023-05-18,1570
2454,聯發科,54,0,54,港商法國興業,2023-05-18,1570
5876,上海商銀,47,0,47,港商法國興業,2023-05-18,1570
1301,台塑,44,0,44,港商法國興業,2023-05-18,1570
1802,台玻,42,0,42,港商法國興業,2023-05-18,1570
2834,臺企銀,41,0,41,港商法國興業,2023-05-18,1570
3711,日月光投控,50,10,40,港商法國興業,2023-05-18,1570
2301,光寶科,36,0,36,港商法國興業,2023-05-18,1570
2201,裕隆,35,0,35,港商法國興業,2023-05-18,1570
2883,凱基金,35,0,35,港商法國興業,2023-05-18,1570
1216,統一,34,0,34,港商法國興業,2023-05-18,1570
5880,合庫金,34,0,34,港商法國興業,2023-05-18,1570
2357,華碩,33,0,33,港商法國興業,2023-05-18,1570
2885,元大金,32,0,32,港商法國興業,2023-05-18,1570
2892,第一金,32,0,32,港商法國興業,2023-05-18,1570
2801,彰銀,31,0,31,港商法國興業,2023-05-18,1570
1402,遠東新,30,0,30,港商法國興業,2023-05-18,1570
2618,長榮航,1555,73,1482,港商法國興業,2023-05-19,1570
6770,力積電,461,0,461,港商法國興業,2023-05-19,1570
2610,華航,467,13,454,港商法國興業,2023-05-19,1570
5009,榮剛,213,0,213,港商法國興業,2023-05-19,1570
6282,康舒,148,0,148,港商法國興業,2023-05-19,1570
2884,玉山金,246,101,145,港商法國興業,2023-05-19,1570
2834,臺企銀,86,0,86,港商法國興業,2023-05-19,1570
6505,台塑化,71,0,71,港商法國興業,2023-05-19,1570
2883,凱基金,59,0,59,港商法國興業,2023-05-19,1570
2913,農林,44,0,44,港商法國興業,2023-05-19,1570
3483,力致,42,0,42,港商法國興業,2023-05-19,1570
2501,國建,40,0,40,港商法國興業,2023-05-19,1570
2511,太子,31,0,31,港商法國興業,2023-05-19,1570
3596,智易,31,0,31,港商法國興業,2023-05-19,1570
3056,富華新,30,0,30,港商法國興業,2023-05-19,1570
2534,宏盛,25,0,25,港商法國興業,2023-05-19,1570
2504,國產,25,0,25,港商法國興業,2023-05-19,1570
1802,台玻,25,0,25,港商法國興業,2023-05-19,1570
2408,南亞科,85,60,25,港商法國興業,2023-05-19,1570
2393,億光,24,0,24,港商法國興業,2023-05-19,1570
8215,明基材,22,0,22,港商法國興業,2023-05-19,1570
3576,聯合再生,19,0,19,港商法國興業,2023-05-19,1570
6550,北極星藥業-KY,19,0,19,港商法國興業,2023-05-19,1570
1536,和大,18,0,18,港商法國興業,2023-05-19,1570
1513,中興電,17,0,17,港商法國興業,2023-05-19,1570
2355,敬鵬,17,0,17,港商法國興業,2023-05-19,1570
3037,欣興,18,1,17,港商法國興業,2023-05-19,1570
4123,晟德,16,0,16,港商法國興業,2023-05-19,1570
2476,鉅祥,15,0,15,港商法國興業,2023-05-19,1570
2528,皇普,14,0,14,港商法國興業,2023-05-19,1570
2455,全新,13,0,13,港商法國興業,2023-05-19,1570
2383,台光電,12,0,12,港商法國興業,2023-05-19,1570
4938,和碩,14,2,12,港商法國興業,2023-05-19,1570
2356,英業達,11,0,11,港商法國興業,2023-05-19,1570
1301,台塑,11,0,11,港商法國興業,2023-05-19,1570
3048,益登,11,0,11,港商法國興業,2023-05-19,1570
4129,聯合,11,0,11,港商法國興業,2023-05-19,1570
1605,華新,10,0,10,港商法國興業,2023-05-19,1570
8210,勤誠,10,0,10,港商法國興業,2023-05-19,1570
1504,東元,9,0,9,港商法國興業,2023-05-19,1570
2105,正新,9,0,9,港商法國興業,2023-05-19,1570
2030,彰源,8,0,8,港商法國興業,2023-05-19,1570
2313,華通,8,0,8,港商法國興業,2023-05-19,1570
3010,華立,8,0,8,港商法國興業,2023-05-19,1570
6214,精誠,8,0,8,港商法國興業,2023-05-19,1570
9911,櫻花,8,0,8,港商法國興業,2023-05-19,1570
3034,聯詠,6,0,6,港商法國興業,2023-05-19,1570
3557,嘉威,6,0,6,港商法國興業,2023-05-19,1570
3592,瑞鼎,6,0,6,港商法國興業,2023-05-19,1570
5483,中美晶,6,0,6,港商法國興業,2023-05-19,1570
2618,長榮航,1305,450,855,港商法國興業,2023-05-22,1570
2610,華航,500,70,430,港商法國興業,2023-05-22,1570
6282,康舒,343,0,343,港商法國興業,2023-05-22,1570
3481,群創,220,0,220,港商法國興業,2023-05-22,1570
2454,聯發科,138,0,138,港商法國興業,2023-05-22,1570
2913,農林,116,0,116,港商法國興業,2023-05-22,1570
2206,三陽工業,101,0,101,港商法國興業,2023-05-22,1570
2409,友達,100,0,100,港商法國興業,2023-05-22,1570
2634,漢翔,75,0,75,港商法國興業,2023-05-22,1570
1519,華城,65,0,65,港商法國興業,2023-05-22,1570
2603,長榮,55,0,55,港商法國興業,2023-05-22,1570
1503,士電,52,0,52,港商法國興業,2023-05-22,1570
1216,統一,44,0,44,港商法國興業,2023-05-22,1570
4167,松瑞藥,40,0,40,港商法國興業,2023-05-22,1570
3105,穩懋,38,0,38,港商法國興業,2023-05-22,1570
6770,力積電,36,0,36,港商法國興業,2023-05-22,1570
6191,精成科,30,0,30,港商法國興業,2023-05-22,1570
8255,朋程,33,3,30,港商法國興業,2023-05-22,1570
6182,合晶,28,0,28,港商法國興業,2023-05-22,1570
6278,台表科,26,0,26,港商法國興業,2023-05-22,1570
9958,世紀鋼,25,0,25,港商法國興業,2023-05-22,1570
2885,元大金,24,0,24,港商法國興業,2023-05-22,1570
2208,台船,24,0,24,港商法國興業,2023-05-22,1570
2049,上銀,20,0,20,港商法國興業,2023-05-22,1570
3044,健鼎,19,0,19,港商法國興業,2023-05-22,1570
1785,光洋科,18,0,18,港商法國興業,2023-05-22,1570
3592,瑞鼎,15,0,15,港商法國興業,2023-05-22,1570
5289,宜鼎,19,4,15,港商法國興業,2023-05-22,1570
8210,勤誠,14,0,14,港商法國興業,2023-05-22,1570
2476,鉅祥,12,0,12,港商法國興業,2023-05-22,1570
2534,宏盛,12,0,12,港商法國興業,2023-05-22,1570
6670,復盛應用,11,0,11,港商法國興業,2023-05-22,1570
1560,中砂,10,0,10,港商法國興業,2023-05-22,1570
1536,和大,9,0,9,港商法國興業,2023-05-22,1570
2451,創見,9,0,9,港商法國興業,2023-05-22,1570
2449,京元電子,8,0,8,港商法國興業,2023-05-22,1570
3305,昇貿,6,0,6,港商法國興業,2023-05-22,1570
2412,中華電,6,0,6,港商法國興業,2023-05-22,1570
6274,台燿,6,0,6,港商法國興業,2023-05-22,1570
6456,GIS-KY,6,0,6,港商法國興業,2023-05-22,1570
8454,富邦媒,5,0,5,港商法國興業,2023-05-22,1570
2801,彰銀,4,0,4,港商法國興業,2023-05-22,1570
4549,桓達,4,0,4,港商法國興業,2023-05-22,1570
5347,世界,4,0,4,港商法國興業,2023-05-22,1570
2324,仁寶,3,0,3,港商法國興業,2023-05-22,1570
2880,華南金,3,0,3,港商法國興業,2023-05-22,1570
3218,大學光,2,0,2,港商法國興業,2023-05-22,1570
2453,凌群,2,0,2,港商法國興業,2023-05-22,1570
2353,宏��,2,0,2,港商法國興業,2023-05-22,1570
2345,智邦,1,0,1,港商法國興業,2023-05-22,1570
2884,玉山金,356,47,309,港商法國興業,2023-05-23,1570
8069,元太,173,0,173,港商法國興業,2023-05-23,1570
2618,長榮航,493,375,118,港商法國興業,2023-05-23,1570
5243,乙盛-KY,94,0,94,港商法國興業,2023-05-23,1570
2208,台船,88,0,88,港商法國興業,2023-05-23,1570
6282,康舒,53,0,53,港商法國興業,2023-05-23,1570
6005,群益證,48,0,48,港商法國興業,2023-05-23,1570
2838,聯邦銀,39,0,39,港商法國興業,2023-05-23,1570
4927,泰鼎-KY,35,0,35,港商法國興業,2023-05-23,1570
3576,聯合再生,31,0,31,港商法國興業,2023-05-23,1570
3189,景碩,30,0,30,港商法國興業,2023-05-23,1570
8044,網家,30,0,30,港商法國興業,2023-05-23,1570
2634,漢翔,28,0,28,港商法國興業,2023-05-23,1570
3673,TPK-KY,28,0,28,港商法國興業,2023-05-23,1570
8086,宏捷科,26,0,26,港商法國興業,2023-05-23,1570
2472,立隆電,21,0,21,港商法國興業,2023-05-23,1570
1717,長興,20,0,20,港商法國興業,2023-05-23,1570
8210,勤誠,20,0,20,港商法國興業,2023-05-23,1570
3661,世芯-KY,18,0,18,港商法國興業,2023-05-23,1570
6182,合晶,18,0,18,港商法國興業,2023-05-23,1570
8150,南茂,17,0,17,港商法國興業,2023-05-23,1570
2392,正崴,16,0,16,港商法國興業,2023-05-23,1570
9933,中鼎,16,0,16,港商法國興業,2023-05-23,1570
2393,億光,15,0,15,港商法國興業,2023-05-23,1570
2534,宏盛,14,0,14,港商法國興業,2023-05-23,1570
2454,聯發科,15,1,14,港商法國興業,2023-05-23,1570
2455,全新,12,0,12,港商法國興業,2023-05-23,1570
1605,華新,11,0,11,港商法國興業,2023-05-23,1570
6024,群益期,10,0,10,港商法國興業,2023-05-23,1570
3019,亞光,9,0,9,港商法國興業,2023-05-23,1570
3105,穩懋,7,0,7,港商法國興業,2023-05-23,1570
3592,瑞鼎,7,0,7,港商法國興業,2023-05-23,1570
1536,和大,5,0,5,港商法國興業,2023-05-23,1570
3587,閎康,4,0,4,港商法國興業,2023-05-23,1570
3707,漢磊,4,0,4,港商法國興業,2023-05-23,1570
4536,拓凱,4,0,4,港商法國興業,2023-05-23,1570
8215,明基材,4,0,4,港商法國興業,2023-05-23,1570
3552,同致,3,0,3,港商法國興業,2023-05-23,1570
4770,上品,3,0,3,港商法國興業,2023-05-23,1570
2231,為升,2,0,2,港商法國興業,2023-05-23,1570
2345,智邦,2,0,2,港商法國興業,2023-05-23,1570
3010,華立,2,0,2,港商法國興業,2023-05-23,1570
2379,瑞昱,1,0,1,港商法國興業,2023-05-23,1570
2395,研華,1,0,1,港商法國興業,2023-05-23,1570
3035,智原,1,0,1,港商法國興業,2023-05-23,1570
5269,祥碩,1,0,1,港商法國興業,2023-05-23,1570
6121,新普,1,0,1,港商法國興業,2023-05-23,1570
6446,藥華藥,1,0,1,港商法國興業,2023-05-23,1570
6669,緯穎,1,0,1,港商法國興業,2023-05-23,1570
6706,惠特,1,0,1,港商法國興業,2023-05-23,1570
2618,長榮航,512,0,512,港商法國興業,2023-05-24,1570
2353,宏��,301,0,301,港商法國興業,2023-05-24,1570
3576,聯合再生,148,0,148,港商法國興業,2023-05-24,1570
2344,華邦電,162,27,135,港商法國興業,2023-05-24,1570
2206,三陽工業,117,0,117,港商法國興業,2023-05-24,1570
2014,中鴻,112,0,112,港商法國興業,2023-05-24,1570
5243,乙盛-KY,63,0,63,港商法國興業,2023-05-24,1570
1460,宏遠,60,0,60,港商法國興業,2023-05-24,1570
1785,光洋科,44,0,44,港商法國興業,2023-05-24,1570
6202,盛群,39,0,39,港商法國興業,2023-05-24,1570
2328,廣宇,37,0,37,港商法國興業,2023-05-24,1570
1802,台玻,36,0,36,港商法國興業,2023-05-24,1570
2888,新光金,36,0,36,港商法國興業,2023-05-24,1570
3661,世芯-KY,36,0,36,港商法國興業,2023-05-24,1570
5347,世界,37,4,33,港商法國興業,2023-05-24,1570
8069,元太,37,4,33,港商法國興業,2023-05-24,1570
2885,元大金,31,0,31,港商法國興業,2023-05-24,1570
9904,寶成,31,0,31,港商法國興業,2023-05-24,1570
4536,拓凱,29,0,29,港商法國興業,2023-05-24,1570
2887,台新金,28,0,28,港商法國興業,2023-05-24,1570
2880,華南金,24,0,24,港商法國興業,2023-05-24,1570
2883,凱基金,24,0,24,港商法國興業,2023-05-24,1570
5356,協益,24,0,24,港商法國興業,2023-05-24,1570
2103,台橡,22,0,22,港商法國興業,2023-05-24,1570
2834,臺企銀,22,0,22,港商法國興業,2023-05-24,1570
6182,合晶,22,0,22,港商法國興業,2023-05-24,1570
4142,國光生,21,0,21,港商法國興業,2023-05-24,1570
8240,華宏,21,0,21,港商法國興業,2023-05-24,1570
2409,友達,18,0,18,港商法國興業,2023-05-24,1570
2801,彰銀,17,0,17,港商法國興業,2023-05-24,1570
2027,大成鋼,16,0,16,港商法國興業,2023-05-24,1570
2884,玉山金,15,0,15,港商法國興業,2023-05-24,1570
8215,明基材,15,0,15,港商法國興業,2023-05-24,1570
2108,南帝,14,0,14,港商法國興業,2023-05-24,1570
2892,第一金,14,0,14,港商法國興業,2023-05-24,1570
6191,精成科,14,0,14,港商法國興業,2023-05-24,1570
8383,千附,14,0,14,港商法國興業,2023-05-24,1570
1227,佳格,12,0,12,港商法國興業,2023-05-24,1570
2324,仁寶,12,0,12,港商法國興業,2023-05-24,1570
3045,台灣大,12,0,12,港商法國興業,2023-05-24,1570
5289,宜鼎,12,0,12,港商法國興業,2023-05-24,1570
2106,建大,11,0,11,港商法國興業,2023-05-24,1570
2356,英業達,11,0,11,港商法國興業,2023-05-24,1570
4114,健喬,11,0,11,港商法國興業,2023-05-24,1570
2371,大同,10,0,10,港商法國興業,2023-05-24,1570
2382,廣達,10,0,10,港商法國興業,2023-05-24,1570
1402,遠東新,10,0,10,港商法國興業,2023-05-24,1570
6205,詮欣,10,0,10,港商法國興業,2023-05-24,1570
8050,廣積,10,0,10,港商法國興業,2023-05-24,1570
8415,大國鋼,10,0,10,港商法國興業,2023-05-24,1570
3576,聯合再生,246,0,246,港商法國興業,2023-05-25,1570
4904,遠傳,137,22,115,港商法國興業,2023-05-25,1570
2382,廣達,83,24,59,港商法國興業,2023-05-25,1570
5243,乙盛-KY,55,0,55,港商法國興業,2023-05-25,1570
2408,南亞科,70,20,50,港商法國興業,2023-05-25,1570
6016,康和證,45,0,45,港商法國興業,2023-05-25,1570
2206,三陽工業,76,32,44,港商法國興業,2023-05-25,1570
2330,台積電,418,376,42,港商法國興業,2023-05-25,1570
3189,景碩,30,0,30,港商法國興業,2023-05-25,1570
2317,鴻海,26,0,26,港商法國興業,2023-05-25,1570
4927,泰鼎-KY,26,0,26,港商法國興業,2023-05-25,1570
6153,嘉聯益,25,0,25,港商法國興業,2023-05-25,1570
3059,華晶科,21,0,21,港商法國興業,2023-05-25,1570
8011,台通,21,0,21,港商法國興業,2023-05-25,1570
8044,網家,20,0,20,港商法國興業,2023-05-25,1570
2472,立隆電,19,0,19,港商法國興業,2023-05-25,1570
2030,彰源,16,0,16,港商法國興業,2023-05-25,1570
4967,十銓,16,0,16,港商法國興業,2023-05-25,1570
2455,全新,11,0,11,港商法國興業,2023-05-25,1570
6173,信昌電,11,0,11,港商法國興業,2023-05-25,1570
2368,金像電,10,0,10,港商法國興業,2023-05-25,1570
1536,和大,9,0,9,港商法國興業,2023-05-25,1570
3048,益登,9,0,9,港商法國興業,2023-05-25,1570
3583,辛耘,7,0,7,港商法國興業,2023-05-25,1570
6669,緯穎,11,4,7,港商法國興業,2023-05-25,1570
1711,永光,6,0,6,港商法國興業,2023-05-25,1570
2376,技嘉,10,5,5,港商法國興業,2023-05-25,1570
5289,宜鼎,5,0,5,港商法國興業,2023-05-25,1570
3515,華擎,4,0,4,港商法國興業,2023-05-25,1570
3711,日月光投控,10,7,3,港商法國興業,2023-05-25,1570
6414,樺漢,3,0,3,港商法國興業,2023-05-25,1570
6288,聯嘉,2,0,2,港商法國興業,2023-05-25,1570
3673,TPK-KY,1,0,1,港商法國興業,2023-05-25,1570
6747,亨泰光,1,0,1,港商法國興業,2023-05-25,1570
1504,東元,1793,1,1792,港商法國興業,2023-05-26,1570
3231,緯創,865,101,764,港商法國興業,2023-05-26,1570
1513,中興電,187,0,187,港商法國興業,2023-05-26,1570
2357,華碩,184,0,184,港商法國興業,2023-05-26,1570
2303,聯電,154,22,132,港商法國興業,2023-05-26,1570
5243,乙盛-KY,92,0,92,港商法國興業,2023-05-26,1570
2308,台達電,87,5,82,港商法國興業,2023-05-26,1570
2359,所羅門,80,0,80,港商法國興業,2023-05-26,1570
3673,TPK-KY,75,0,75,港商法國興業,2023-05-26,1570
3711,日月光投控,70,1,69,港商法國興業,2023-05-26,1570
1560,中砂,65,0,65,港商法國興業,2023-05-26,1570
2362,藍天,60,0,60,港商法國興業,2023-05-26,1570
9958,世紀鋼,60,0,60,港商法國興業,2023-05-26,1570
2451,創見,49,0,49,港商法國興業,2023-05-26,1570
8163,達方,47,0,47,港商法國興業,2023-05-26,1570
2454,聯發科,47,2,45,港商法國興業,2023-05-26,1570
3596,智易,38,0,38,港商法國興業,2023-05-26,1570
3576,聯合再生,37,0,37,港商法國興業,2023-05-26,1570
2313,華通,30,0,30,港商法國興業,2023-05-26,1570
2504,國產,45,15,30,港商法國興業,2023-05-26,1570
3189,景碩,30,0,30,港商法國興業,2023-05-26,1570
3532,台勝科,30,0,30,港商法國興業,2023-05-26,1570
5388,中磊,30,0,30,港商法國興業,2023-05-26,1570
6182,合晶,30,0,30,港商法國興業,2023-05-26,1570
2377,微星,29,0,29,港商法國興業,2023-05-26,1570
6191,精成科,29,0,29,港商法國興業,2023-05-26,1570
1536,和大,28,0,28,港商法國興業,2023-05-26,1570
3661,世芯-KY,28,0,28,港商法國興業,2023-05-26,1570
1711,永光,25,0,25,港商法國興業,2023-05-26,1570
1802,台玻,25,0,25,港商法國興業,2023-05-26,1570
2337,旺宏,22,0,22,港商法國興業,2023-05-26,1570
3105,穩懋,22,0,22,港商法國興業,2023-05-26,1570
5289,宜鼎,17,0,17,港商法國興業,2023-05-26,1570
1718,中纖,16,0,16,港商法國興業,2023-05-26,1570
2515,中工,14,0,14,港商法國興業,2023-05-26,1570
6173,信昌電,14,0,14,港商法國興業,2023-05-26,1570
2455,全新,13,0,13,港商法國興業,2023-05-26,1570
3305,昇貿,13,0,13,港商法國興業,2023-05-26,1570
2006,東和鋼鐵,9,0,9,港商法國興業,2023-05-26,1570
4142,國光生,6,0,6,港商法國興業,2023-05-26,1570
9942,茂順,6,0,6,港商法國興業,2023-05-26,1570
3217,優群,5,0,5,港商法國興業,2023-05-26,1570
6669,緯穎,5,0,5,港商法國興業,2023-05-26,1570
2453,凌群,4,0,4,港商法國興業,2023-05-26,1570
6409,旭隼,3,0,3,港商法國興業,2023-05-26,1570
6747,亨泰光,3,0,3,港商法國興業,2023-05-26,1570
2376,技嘉,2,0,2,港商法國興業,2023-05-26,1570
2472,立隆電,2,0,2,港商法國興業,2023-05-26,1570
3017,奇鋐,2,0,2,港商法國興業,2023-05-26,1570
6415,矽力*-KY,3,1,2,港商法國興業,2023-05-26,1570
2888,新光金,647,0,647,港商法國興業,2023-05-29,1570
2303,聯電,452,0,452,港商法國興業,2023-05-29,1570
2409,友達,367,0,367,港商法國興業,2023-05-29,1570
2890,永豐金,327,0,327,港商法國興業,2023-05-29,1570
2801,彰銀,262,0,262,港商法國興業,2023-05-29,1570
2892,第一金,238,0,238,港商法國興業,2023-05-29,1570
6182,合晶,238,0,238,港商法國興業,2023-05-29,1570
2317,鴻海,180,0,180,港商法國興業,2023-05-29,1570
3576,聯合再生,180,0,180,港商法國興業,2023-05-29,1570
2610,華航,150,0,150,港商法國興業,2023-05-29,1570
3481,群創,120,0,120,港商法國興業,2023-05-29,1570
2329,華泰,79,0,79,港商法國興業,2023-05-29,1570
2330,台積電,75,0,75,港商法國興業,2023-05-29,1570
3006,晶豪科,60,0,60,港商法國興業,2023-05-29,1570
2881,富邦金,50,0,50,港商法國興業,2023-05-29,1570
2337,旺宏,50,0,50,港商法國興業,2023-05-29,1570
9958,世紀鋼,60,23,37,港商法國興業,2023-05-29,1570
2455,全新,33,0,33,港商法國興業,2023-05-29,1570
5388,中磊,30,0,30,港商法國興業,2023-05-29,1570
2534,宏盛,28,0,28,港商法國興業,2023-05-29,1570
2530,華建,27,0,27,港商法國興業,2023-05-29,1570
1709,和益,26,0,26,港商法國興業,2023-05-29,1570
4906,正文,25,0,25,港商法國興業,2023-05-29,1570
5371,中光電,24,0,24,港商法國興業,2023-05-29,1570
2393,億光,21,0,21,港商法國興業,2023-05-29,1570
2498,宏達電,21,0,21,港商法國興業,2023-05-29,1570
2002,中鋼,20,0,20,港商法國興業,2023-05-29,1570
2809,京城銀,19,0,19,港商法國興業,2023-05-29,1570
8070,長華*,19,0,19,港商法國興業,2023-05-29,1570
6202,盛群,16,0,16,港商法國興業,2023-05-29,1570
4919,新唐,15,0,15,港商法國興業,2023-05-29,1570
8112,至上,15,0,15,港商法國興業,2023-05-29,1570
2637,慧洋-KY,14,0,14,港商法國興業,2023-05-29,1570
1101,台泥,13,0,13,港商法國興業,2023-05-29,1570
5243,乙盛-KY,12,0,12,港商法國興業,2023-05-29,1570
1504,東元,11,0,11,港商法國興業,2023-05-29,1570
2609,陽明,9,0,9,港商法國興業,2023-05-29,1570
6472,保瑞,9,0,9,港商法國興業,2023-05-29,1570
8011,台通,7,0,7,港商法國興業,2023-05-29,1570
8027,鈦昇,7,0,7,港商法國興業,2023-05-29,1570
3090,日電貿,6,0,6,港商法國興業,2023-05-29,1570
3034,聯詠,5,0,5,港商法國興業,2023-05-29,1570
6669,緯穎,5,0,5,港商法國興業,2023-05-29,1570
2454,聯發科,4,0,4,港商法國興業,2023-05-29,1570
5434,崇越,4,0,4,港商法國興業,2023-05-29,1570
6271,同欣電,4,0,4,港商法國興業,2023-05-29,1570
3406,玉晶光,3,0,3,港商法國興業,2023-05-29,1570
3693,營邦,3,0,3,港商法國興業,2023-05-29,1570
3037,欣興,2,0,2,港商法國興業,2023-05-29,1570
3008,大立光,2,0,2,港商法國興業,2023-05-29,1570
2330,台積電,1192,257,935,港商法國興業,2023-05-30,1570
2382,廣達,658,26,632,港商法國興業,2023-05-30,1570
3481,群創,471,56,415,港商法國興業,2023-05-30,1570
8011,台通,231,0,231,港商法國興業,2023-05-30,1570
2317,鴻海,340,123,217,港商法國興業,2023-05-30,1570
2618,長榮航,153,40,113,港商法國興業,2023-05-30,1570
6182,合晶,92,0,92,港商法國興業,2023-05-30,1570
3443,創意,100,23,77,港商法國興業,2023-05-30,1570
2409,友達,178,106,72,港商法國興業,2023-05-30,1570
8210,勤誠,64,0,64,港商法國興業,2023-05-30,1570
3576,聯合再生,62,0,62,港商法國興業,2023-05-30,1570
2344,華邦電,89,28,61,港商法國興業,2023-05-30,1570
3059,華晶科,57,0,57,港商法國興業,2023-05-30,1570
6472,保瑞,51,0,51,港商法國興業,2023-05-30,1570
3034,聯詠,54,5,49,港商法國興業,2023-05-30,1570
6153,嘉聯益,48,0,48,港商法國興業,2023-05-30,1570
2845,遠東銀,37,0,37,港商法國興業,2023-05-30,1570
3711,日月光投控,66,32,34,港商法國興業,2023-05-30,1570
2208,台船,31,0,31,港商法國興業,2023-05-30,1570
3532,台勝科,30,10,20,港商法國興業,2023-05-30,1570
2371,大同,19,0,19,港商法國興業,2023-05-30,1570
2455,全新,18,0,18,港商法國興業,2023-05-30,1570
2637,慧洋-KY,17,0,17,港商法國興業,2023-05-30,1570
3592,瑞鼎,17,0,17,港商法國興業,2023-05-30,1570
3673,TPK-KY,17,0,17,港商法國興業,2023-05-30,1570
5243,乙盛-KY,15,0,15,港商法國興業,2023-05-30,1570
1504,東元,14,0,14,港商法國興業,2023-05-30,1570
2442,新美齊,14,0,14,港商法國興業,2023-05-30,1570
2354,鴻準,12,0,12,港商法國興業,2023-05-30,1570
2201,裕隆,12,0,12,港商法國興業,2023-05-30,1570
6505,台塑化,22,11,11,港商法國興業,2023-05-30,1570
1310,台苯,10,0,10,港商法國興業,2023-05-30,1570
6278,台表科,10,0,10,港商法國興業,2023-05-30,1570
2027,大成鋼,9,0,9,港商法國興業,2023-05-30,1570
5371,中光電,9,0,9,港商法國興業,2023-05-30,1570
1721,三晃,7,0,7,港商法國興業,2023-05-30,1570
2534,宏盛,7,0,7,港商法國興業,2023-05-30,1570
2615,萬海,13,6,7,港商法國興業,2023-05-30,1570
3515,華擎,7,0,7,港商法國興業,2023-05-30,1570
6770,力積電,36,29,7,港商法國興業,2023-05-30,1570
1229,聯華,6,0,6,港商法國興業,2023-05-30,1570
2498,宏達電,6,0,6,港商法國興業,2023-05-30,1570
3005,神基,6,0,6,港商法國興業,2023-05-30,1570
3583,辛耘,6,0,6,港商法國興業,2023-05-30,1570
3701,大眾控,6,0,6,港商法國興業,2023-05-30,1570
2206,三陽工業,5,0,5,港商法國興業,2023-05-30,1570
2204,中華,5,0,5,港商法國興業,2023-05-30,1570
2454,聯發科,20,15,5,港商法國興業,2023-05-30,1570
2345,智邦,8,4,4,港商法國興業,2023-05-30,1570
2388,威盛,4,0,4,港商法國興業,2023-05-30,1570
2880,華南金,1970,255,1715,港商法國興業,2023-05-31,1570
3231,緯創,2216,733,1483,港商法國興業,2023-05-31,1570
2882,國泰金,812,64,748,港商法國興業,2023-05-31,1570
1605,華新,802,77,725,港商法國興業,2023-05-31,1570
5880,合庫金,776,217,559,港商法國興業,2023-05-31,1570
2801,彰銀,459,0,459,港商法國興業,2023-05-31,1570
6770,力積電,370,75,295,港商法國興業,2023-05-31,1570
2105,正新,241,15,226,港商法國興業,2023-05-31,1570
6446,藥華藥,201,5,196,港商法國興業,2023-05-31,1570
2409,友達,362,178,184,港商法國興業,2023-05-31,1570
2618,長榮航,238,55,183,港商法國興業,2023-05-31,1570
2883,凱基金,498,334,164,港商法國興業,2023-05-31,1570
2615,萬海,149,7,142,港商法國興業,2023-05-31,1570
2408,南亞科,154,14,140,港商法國興業,2023-05-31,1570
9921,巨大,131,0,131,港商法國興業,2023-05-31,1570
3045,台灣大,170,51,119,港商法國興業,2023-05-31,1570
2395,研華,104,11,93,港商法國興業,2023-05-31,1570
2412,中華電,191,110,81,港商法國興業,2023-05-31,1570
4904,遠傳,206,125,81,港商法國興業,2023-05-31,1570
3037,欣興,79,0,79,港商法國興業,2023-05-31,1570
6182,合晶,72,0,72,港商法國興業,2023-05-31,1570
5243,乙盛-KY,71,0,71,港商法國興業,2023-05-31,1570
3673,TPK-KY,69,0,69,港商法國興業,2023-05-31,1570
2455,全新,66,0,66,港商法國興業,2023-05-31,1570
8464,億豐,49,2,47,港商法國興業,2023-05-31,1570
2607,榮運,45,0,45,港商法國興業,2023-05-31,1570
3443,創意,38,0,38,港商法國興業,2023-05-31,1570
3034,聯詠,77,43,34,港商法國興業,2023-05-31,1570
2511,太子,32,0,32,港商法國興業,2023-05-31,1570
3059,華晶科,32,0,32,港商法國興業,2023-05-31,1570
2356,英業達,130,100,30,港商法國興業,2023-05-31,1570
2376,技嘉,26,0,26,港商法國興業,2023-05-31,1570
5864,致和證,22,0,22,港商法國興業,2023-05-31,1570
6799,來頡,13,0,13,港商法國興業,2023-05-31,1570
1904,正隆,12,0,12,港商法國興業,2023-05-31,1570
2534,宏盛,11,0,11,港商法國興業,2023-05-31,1570
3706,神達,11,0,11,港商法國興業,2023-05-31,1570
9933,中鼎,19,8,11,港商法國興業,2023-05-31,1570
1598,岱宇,10,0,10,港商法國興業,2023-05-31,1570
4142,國光生,10,0,10,港商法國興業,2023-05-31,1570
5371,中光電,10,0,10,港商法國興業,2023-05-31,1570
2313,華通,9,0,9,港商法國興業,2023-05-31,1570
2338,光罩,8,0,8,港商法國興業,2023-05-31,1570
2493,揚博,8,0,8,港商法國興業,2023-05-31,1570
6753,龍德造船,6,0,6,港商法國興業,2023-05-31,1570
1589,永冠-KY,5,0,5,港商法國興業,2023-05-31,1570
3665,貿聯-KY,5,0,5,港商法國興業,2023-05-31,1570
5531,鄉林,5,0,5,港商法國興業,2023-05-31,1570
6414,樺漢,5,0,5,港商法國興業,2023-05-31,1570
2441,超豐,4,0,4,港商法國興業,2023-05-31,1570
2303,聯電,1878,0,1878,港商法國興業,2023-06-01,1570
2618,長榮航,1171,100,1071,港商法國興業,2023-06-01,1570
2353,宏��,1039,0,1039,港商法國興業,2023-06-01,1570
3231,緯創,853,340,513,港商法國興業,2023-06-01,1570
2409,友達,324,0,324,港商法國興業,2023-06-01,1570
3380,明泰,331,9,322,港商法國興業,2023-06-01,1570
2887,台新金,275,0,275,港商法國興業,2023-06-01,1570
3481,群創,400,150,250,港商法國興業,2023-06-01,1570
2610,華航,431,200,231,港商法國興業,2023-06-01,1570
2330,台積電,239,26,213,港商法國興業,2023-06-01,1570
4961,天鈺,146,0,146,港商法國興業,2023-06-01,1570
2027,大成鋼,173,30,143,港商法國興業,2023-06-01,1570
2308,台達電,175,34,141,港商法國興業,2023-06-01,1570
3014,聯陽,142,3,139,港商法國興業,2023-06-01,1570
3576,聯合再生,149,36,113,港商法國興業,2023-06-01,1570
4114,健喬,96,0,96,港商法國興業,2023-06-01,1570
2357,華碩,74,0,74,港商法國興業,2023-06-01,1570
2382,廣達,73,0,73,港商法國興業,2023-06-01,1570
2753,八方雲集,75,2,73,港商法國興業,2023-06-01,1570
1785,光洋科,72,0,72,港商法國興業,2023-06-01,1570
2368,金像電,81,11,70,港商法國興業,2023-06-01,1570
2454,聯發科,114,47,67,港商法國興業,2023-06-01,1570
6202,盛群,68,7,61,港商法國興業,2023-06-01,1570
2511,太子,54,0,54,港商法國興業,2023-06-01,1570
2645,長榮航太,52,0,52,港商法國興業,2023-06-01,1570
2855,統一證,43,0,43,港商法國興業,2023-06-01,1570
3673,TPK-KY,52,9,43,港商法國興業,2023-06-01,1570
6770,力積電,43,0,43,港商法國興業,2023-06-01,1570
3034,聯詠,42,0,42,港商法國興業,2023-06-01,1570
1104,環泥,40,0,40,港商法國興業,2023-06-01,1570
5347,世界,40,3,37,港商法國興業,2023-06-01,1570
2354,鴻準,35,0,35,港商法國興業,2023-06-01,1570
5864,致和證,33,0,33,港商法國興業,2023-06-01,1570
8255,朋程,33,0,33,港商法國興業,2023-06-01,1570
2393,億光,32,0,32,港商法國興業,2023-06-01,1570
1710,東聯,31,0,31,港商法國興業,2023-06-01,1570
2530,華建,31,0,31,港商法國興業,2023-06-01,1570
3707,漢磊,28,0,28,港商法國興業,2023-06-01,1570
2886,兆豐金,27,0,27,港商法國興業,2023-06-01,1570
4532,瑞智,26,0,26,港商法國興業,2023-06-01,1570
1909,榮成,25,0,25,港商法國興業,2023-06-01,1570
2528,皇普,24,0,24,港商法國興業,2023-06-01,1570
2883,凱基金,24,0,24,港商法國興業,2023-06-01,1570
6166,凌華,23,0,23,港商法國興業,2023-06-01,1570
2439,美律,22,0,22,港商法國興業,2023-06-01,1570
1513,中興電,29,8,21,港商法國興業,2023-06-01,1570
3105,穩懋,21,0,21,港商法國興業,2023-06-01,1570
8938,明安,20,0,20,港商法國興業,2023-06-01,1570
2377,微星,20,1,19,港商法國興業,2023-06-01,1570
3443,創意,24,5,19,港商法國興業,2023-06-01,1570
3231,緯創,1608,0,1608,港商法國興業,2023-06-02,1570
2027,大成鋼,518,0,518,港商法國興業,2023-06-02,1570
2356,英業達,584,84,500,港商法國興業,2023-06-02,1570
2353,宏��,486,7,479,港商法國興業,2023-06-02,1570
2324,仁寶,1071,625,446,港商法國興業,2023-06-02,1570
2891,中信金,384,10,374,港商法國興業,2023-06-02,1570
2890,永豐金,348,8,340,港商法國興業,2023-06-02,1570
2344,華邦電,330,6,324,港商法國興業,2023-06-02,1570
2208,台船,225,0,225,港商法國興業,2023-06-02,1570
2382,廣達,222,1,221,港商法國興業,2023-06-02,1570
2883,凱基金,205,4,201,港商法國興業,2023-06-02,1570
2882,國泰金,200,0,200,港商法國興業,2023-06-02,1570
3014,聯陽,163,0,163,港商法國興業,2023-06-02,1570
3711,日月光投控,161,0,161,港商法國興業,2023-06-02,1570
2634,漢翔,140,0,140,港商法國興業,2023-06-02,1570
5388,中磊,160,20,140,港商法國興業,2023-06-02,1570
2313,華通,97,0,97,港商法國興業,2023-06-02,1570
3576,聯合再生,83,0,83,港商法國興業,2023-06-02,1570
2408,南亞科,82,0,82,港商法國興業,2023-06-02,1570
5880,合庫金,82,0,82,港商法國興業,2023-06-02,1570
8163,達方,74,0,74,港商法國興業,2023-06-02,1570
6112,邁達特,72,0,72,港商法國興業,2023-06-02,1570
2412,中華電,60,2,58,港商法國興業,2023-06-02,1570
1536,和大,56,0,56,港商法國興業,2023-06-02,1570
3450,聯鈞,54,0,54,港商法國興業,2023-06-02,1570
2376,技嘉,99,46,53,港商法國興業,2023-06-02,1570
2454,聯發科,51,0,51,港商法國興業,2023-06-02,1570
3413,京鼎,49,0,49,港商法國興業,2023-06-02,1570
3653,健策,47,0,47,港商法國興業,2023-06-02,1570
3702,大聯大,47,0,47,港商法國興業,2023-06-02,1570
6202,盛群,46,0,46,港商法國興業,2023-06-02,1570
2845,遠東銀,43,0,43,港商法國興業,2023-06-02,1570
2002,中鋼,46,5,41,港商法國興業,2023-06-02,1570
2618,長榮航,44,3,41,港商法國興業,2023-06-02,1570
2354,鴻準,40,0,40,港商法國興業,2023-06-02,1570
3189,景碩,40,0,40,港商法國興業,2023-06-02,1570
1314,中石化,40,1,39,港商法國興業,2023-06-02,1570
2371,大同,39,0,39,港商法國興業,2023-06-02,1570
1762,中化生,37,0,37,港商法國興業,2023-06-02,1570
3707,漢磊,34,0,34,港商法國興業,2023-06-02,1570
2352,佳世達,31,0,31,港商法國興業,2023-06-02,1570
3443,創意,31,0,31,港商法國興業,2023-06-02,1570
2812,台中銀,25,0,25,港商法國興業,2023-06-02,1570
2312,金寶,23,0,23,港商法國興業,2023-06-02,1570
2886,兆豐金,28,6,22,港商法國興業,2023-06-02,1570
2337,旺宏,21,0,21,港商法國興業,2023-06-02,1570
2417,圓剛,21,0,21,港商法國興業,2023-06-02,1570
3706,神達,21,0,21,港商法國興業,2023-06-02,1570
2906,高林,20,0,20,港商法國興業,2023-06-02,1570
3591,艾笛森,20,0,20,港商法國興業,2023-06-02,1570
2409,友達,1060,0,1060,港商法國興業,2023-06-05,1570
3481,群創,747,0,747,港商法國興業,2023-06-05,1570
2027,大成鋼,320,0,320,港商法國興業,2023-06-05,1570
2888,新光金,300,0,300,港商法國興業,2023-06-05,1570
1314,中石化,235,0,235,港商法國興業,2023-06-05,1570
2883,凱基金,200,0,200,港商法國興業,2023-06-05,1570
1514,亞力,197,0,197,港商法國興業,2023-06-05,1570
2634,漢翔,197,0,197,港商法國興業,2023-06-05,1570
2324,仁寶,166,0,166,港商法國興業,2023-06-05,1570
2851,中再保,154,0,154,港商法國興業,2023-06-05,1570
2881,富邦金,124,0,124,港商法國興業,2023-06-05,1570
2489,瑞軒,83,0,83,港商法國興業,2023-06-05,1570
4114,健喬,73,0,73,港商法國興業,2023-06-05,1570
2867,三商壽,69,0,69,港商法國興業,2023-06-05,1570
1312,國喬,68,0,68,港商法國興業,2023-06-05,1570
2330,台積電,62,0,62,港商法國興業,2023-06-05,1570
2317,鴻海,146,85,61,港商法國興業,2023-06-05,1570
2455,全新,56,0,56,港商法國興業,2023-06-05,1570
6191,精成科,55,0,55,港商法國興業,2023-06-05,1570
6182,合晶,43,0,43,港商法國興業,2023-06-05,1570
2421,建準,42,0,42,港商法國興業,2023-06-05,1570
6290,良維,42,0,42,港商法國興業,2023-06-05,1570
6443,元晶,39,0,39,港商法國興業,2023-06-05,1570
4167,松瑞藥,36,0,36,港商法國興業,2023-06-05,1570
5388,中磊,34,0,34,港商法國興業,2023-06-05,1570
3034,聯詠,33,0,33,港商法國興業,2023-06-05,1570
2753,八方雲集,32,0,32,港商法國興業,2023-06-05,1570
2023,燁輝,30,0,30,港商法國興業,2023-06-05,1570
3081,聯亞,30,0,30,港商法國興業,2023-06-05,1570
4536,拓凱,30,0,30,港商法國興業,2023-06-05,1570
1444,力麗,29,0,29,港商法國興業,2023-06-05,1570
6153,嘉聯益,28,0,28,港商法國興業,2023-06-05,1570
9914,美利達,28,0,28,港商法國興業,2023-06-05,1570
1219,福壽,26,0,26,港商法國興業,2023-06-05,1570
2382,廣達,26,0,26,港商法國興業,2023-06-05,1570
3189,景碩,23,0,23,港商法國興業,2023-06-05,1570
2347,聯強,22,0,22,港商法國興業,2023-06-05,1570
5536,聖暉*,22,0,22,港商法國興業,2023-06-05,1570
2539,櫻花建,21,0,21,港商法國興業,2023-06-05,1570
9907,統一實,19,0,19,港商法國興業,2023-06-05,1570
1762,中化生,18,0,18,港商法國興業,2023-06-05,1570
4904,遠傳,18,0,18,港商法國興業,2023-06-05,1570
9921,巨大,18,0,18,港商法國興業,2023-06-05,1570
8210,勤誠,17,0,17,港商法國興業,2023-06-05,1570
3042,晶技,16,0,16,港商法國興業,2023-06-05,1570
2903,遠百,15,0,15,港商法國興業,2023-06-05,1570
2103,台橡,14,0,14,港商法國興業,2023-06-05,1570
8926,台汽電,14,0,14,港商法國興業,2023-06-05,1570
1229,聯華,13,0,13,港商法國興業,2023-06-05,1570
2504,國產,12,0,12,港商法國興業,2023-06-05,1570
2382,廣達,967,0,967,港商法國興業,2023-06-06,1570
2618,長榮航,731,0,731,港商法國興業,2023-06-06,1570
2324,仁寶,241,5,236,港商法國興業,2023-06-06,1570
3711,日月光投控,211,6,205,港商法國興業,2023-06-06,1570
2344,華邦電,183,0,183,港商法國興業,2023-06-06,1570
1314,中石化,150,0,150,港商法國興業,2023-06-06,1570
2634,漢翔,141,0,141,港商法國興業,2023-06-06,1570
6548,長科*,110,0,110,港商法國興業,2023-06-06,1570
6182,合晶,105,0,105,港商法國興業,2023-06-06,1570
2637,慧洋-KY,100,0,100,港商法國興業,2023-06-06,1570
2308,台達電,85,2,83,港商法國興業,2023-06-06,1570
8271,宇瞻,81,0,81,港商法國興業,2023-06-06,1570
8234,新漢,71,0,71,港商法國興業,2023-06-06,1570
1785,光洋科,64,0,64,港商法國興業,2023-06-06,1570
2704,國賓,63,0,63,港商法國興業,2023-06-06,1570
3673,TPK-KY,57,0,57,港商法國興業,2023-06-06,1570
2317,鴻海,50,0,50,港商法國興業,2023-06-06,1570
2313,華通,48,0,48,港商法國興業,2023-06-06,1570
2002,中鋼,69,22,47,港商法國興業,2023-06-06,1570
2368,金像電,46,0,46,港商法國興業,2023-06-06,1570
1560,中砂,35,0,35,港商法國興業,2023-06-06,1570
6202,盛群,35,0,35,港商法國興業,2023-06-06,1570
2031,新光鋼,25,0,25,港商法國興業,2023-06-06,1570
1477,聚陽,23,0,23,港商法國興業,2023-06-06,1570
2610,華航,20,0,20,港商法國興業,2023-06-06,1570
9958,世紀鋼,20,0,20,港商法國興業,2023-06-06,1570
3227,原相,19,0,19,港商法國興業,2023-06-06,1570
1219,福壽,18,0,18,港商法國興業,2023-06-06,1570
3211,順達,17,0,17,港商法國興業,2023-06-06,1570
3034,聯詠,40,25,15,港商法國興業,2023-06-06,1570
3105,穩懋,13,0,13,港商法國興業,2023-06-06,1570
6290,良維,13,0,13,港商法國興業,2023-06-06,1570
2534,宏盛,11,0,11,港商法國興業,2023-06-06,1570
6191,精成科,11,0,11,港商法國興業,2023-06-06,1570
1444,力麗,10,0,10,港商法國興業,2023-06-06,1570
2330,台積電,10,0,10,港商法國興業,2023-06-06,1570
2539,櫻花建,9,0,9,港商法國興業,2023-06-06,1570
2338,光罩,9,0,9,港商法國興業,2023-06-06,1570
1227,佳格,9,0,9,港商法國興業,2023-06-06,1570
1536,和大,8,0,8,港商法國興業,2023-06-06,1570
3374,精材,8,0,8,港商法國興業,2023-06-06,1570
3592,瑞鼎,8,0,8,港商法國興業,2023-06-06,1570
6269,台郡,8,0,8,港商法國興業,2023-06-06,1570
3552,同致,7,0,7,港商法國興業,2023-06-06,1570
5234,達興材料,7,0,7,港商法國興業,2023-06-06,1570
4966,譜瑞-KY,6,0,6,港商法國興業,2023-06-06,1570
6670,復盛應用,6,0,6,港商法國興業,2023-06-06,1570
2204,中華,5,0,5,港商法國興業,2023-06-06,1570
2345,智邦,5,0,5,港商法國興業,2023-06-06,1570
3017,奇鋐,5,0,5,港商法國興業,2023-06-06,1570
2376,技嘉,640,0,640,港商法國興業,2023-06-07,1570
2888,新光金,474,0,474,港商法國興業,2023-06-07,1570
2634,漢翔,212,0,212,港商法國興業,2023-06-07,1570
2881,富邦金,204,13,191,港商法國興業,2023-06-07,1570
2312,金寶,97,0,97,港商法國興業,2023-06-07,1570
3673,TPK-KY,87,0,87,港商法國興業,2023-06-07,1570
2498,宏達電,66,0,66,港商法國興業,2023-06-07,1570
3682,亞太電,52,0,52,港商法國興業,2023-06-07,1570
2601,益航,51,0,51,港商法國興業,2023-06-07,1570
2362,藍天,43,0,43,港商法國興業,2023-06-07,1570
2889,國票金,42,0,42,港商法國興業,2023-06-07,1570
1447,力鵬,41,0,41,港商法國興業,2023-06-07,1570
2547,日勝生,35,0,35,港商法國興業,2023-06-07,1570
3596,智易,34,0,34,港商法國興業,2023-06-07,1570
4167,松瑞藥,34,0,34,港商法國興業,2023-06-07,1570
8011,台通,34,0,34,港商法國興業,2023-06-07,1570
1536,和大,32,0,32,港商法國興業,2023-06-07,1570
3710,連展投控,32,0,32,港商法國興業,2023-06-07,1570
4142,國光生,32,0,32,港商法國興業,2023-06-07,1570
6120,達運,30,0,30,港商法國興業,2023-06-07,1570
8069,元太,28,0,28,港商法國興業,2023-06-07,1570
2812,台中銀,27,0,27,港商法國興業,2023-06-07,1570
8213,志超,23,0,23,港商法國興業,2023-06-07,1570
2395,研華,22,0,22,港商法國興業,2023-06-07,1570
1219,福壽,21,0,21,港商法國興業,2023-06-07,1570
3703,欣陸,21,0,21,港商法國興業,2023-06-07,1570
2426,鼎元,20,0,20,港商法國興業,2023-06-07,1570
6285,啟��,20,0,20,港商法國興業,2023-06-07,1570
1734,杏輝,18,0,18,港商法國興業,2023-06-07,1570
3034,聯詠,25,7,18,港商法國興業,2023-06-07,1570
8021,尖點,17,0,17,港商法國興業,2023-06-07,1570
9935,慶豐富,17,0,17,港商法國興業,2023-06-07,1570
3048,益登,16,0,16,港商法國興業,2023-06-07,1570
6177,達麗,16,0,16,港商法國興業,2023-06-07,1570
2382,廣達,15,0,15,港商法國興業,2023-06-07,1570
1304,台聚,15,0,15,港商法國興業,2023-06-07,1570
2208,台船,14,0,14,港商法國興業,2023-06-07,1570
1762,中化生,14,0,14,港商法國興業,2023-06-07,1570
2913,農林,14,0,14,港商法國興業,2023-06-07,1570
2536,宏普,13,0,13,港商法國興業,2023-06-07,1570
5471,松翰,13,0,13,港商法國興業,2023-06-07,1570
2393,億光,12,0,12,港商法國興業,2023-06-07,1570
1532,勤美,12,0,12,港商法國興業,2023-06-07,1570
2607,榮運,12,0,12,港商法國興業,2023-06-07,1570
3032,偉訓,12,0,12,港商法國興業,2023-06-07,1570
4526,東台,12,0,12,港商法國興業,2023-06-07,1570
8183,精星,11,0,11,港商法國興業,2023-06-07,1570
1609,大亞,10,0,10,港商法國興業,2023-06-07,1570
2464,盟立,10,0,10,港商法國興業,2023-06-07,1570
5876,上海商銀,10,0,10,港商法國興業,2023-06-07,1570
2881,富邦金,602,40,562,港商法國興業,2023-06-08,1570
2618,長榮航,462,38,424,港商法國興業,2023-06-08,1570
6285,啟��,364,90,274,港商法國興業,2023-06-08,1570
2610,華航,243,0,243,港商法國興業,2023-06-08,1570
2027,大成鋼,180,0,180,港商法國興業,2023-06-08,1570
5876,上海商銀,150,0,150,港商法國興業,2023-06-08,1570
4938,和碩,174,38,136,港商法國興業,2023-06-08,1570
2329,華泰,95,0,95,港商法國興業,2023-06-08,1570
3032,偉訓,95,0,95,港商法國興業,2023-06-08,1570
5512,力麒,94,0,94,港商法國興業,2023-06-08,1570
2498,宏達電,85,0,85,港商法國興業,2023-06-08,1570
2006,東和鋼鐵,77,0,77,港商法國興業,2023-06-08,1570
2206,三陽工業,188,114,74,港商法國興業,2023-06-08,1570
2031,新光鋼,56,0,56,港商法國興業,2023-06-08,1570
3673,TPK-KY,49,0,49,港商法國興業,2023-06-08,1570
9943,好樂迪,49,0,49,港商法國興業,2023-06-08,1570
2323,中環,36,0,36,港商法國興業,2023-06-08,1570
2204,中華,32,0,32,港商法國興業,2023-06-08,1570
2520,冠德,30,0,30,港商法國興業,2023-06-08,1570
3665,貿聯-KY,27,0,27,港商法國興業,2023-06-08,1570
6116,彩晶,26,0,26,港商法國興業,2023-06-08,1570
1717,長興,20,0,20,港商法國興業,2023-06-08,1570
2603,長榮,20,0,20,港商法國興業,2023-06-08,1570
2608,嘉里大榮,17,0,17,港商法國興業,2023-06-08,1570
3592,瑞鼎,17,0,17,港商法國興業,2023-06-08,1570
6269,台郡,17,0,17,港商法國興業,2023-06-08,1570
3591,艾笛森,16,0,16,港商法國興業,2023-06-08,1570
1210,大成,14,0,14,港商法國興業,2023-06-08,1570
8415,大國鋼,14,0,14,港商法國興業,2023-06-08,1570
6691,洋基工程,12,0,12,港商法國興業,2023-06-08,1570
2534,宏盛,11,0,11,港商法國興業,2023-06-08,1570
6278,台表科,11,0,11,港商法國興業,2023-06-08,1570
8069,元太,14,3,11,港商法國興業,2023-06-08,1570
2457,飛宏,10,0,10,港商法國興業,2023-06-08,1570
3532,台勝科,10,0,10,港商法國興業,2023-06-08,1570
6706,惠特,10,0,10,港商法國興業,2023-06-08,1570
2634,漢翔,9,0,9,港商法國興業,2023-06-08,1570
3008,大立光,8,0,8,港商法國興業,2023-06-08,1570
5534,長虹,8,0,8,港商法國興業,2023-06-08,1570
8046,南電,8,0,8,港商法國興業,2023-06-08,1570
1762,中化生,7,0,7,港商法國興業,2023-06-08,1570
5871,中租-KY,7,0,7,港商法國興業,2023-06-08,1570
2408,南亞科,6,0,6,港商法國興業,2023-06-08,1570
1231,聯華食,6,0,6,港商法國興業,2023-06-08,1570
1773,勝一,5,0,5,港商法國興業,2023-06-08,1570
1229,聯華,5,0,5,港商法國興業,2023-06-08,1570
3515,華擎,5,0,5,港商法國興業,2023-06-08,1570
1477,聚陽,4,0,4,港商法國興業,2023-06-08,1570
2362,藍天,4,0,4,港商法國興業,2023-06-08,1570
4766,南寶,4,0,4,港商法國興業,2023-06-08,1570
3576,聯合再生,177,0,177,港商法國興業,2023-06-09,1570
2344,華邦電,160,0,160,港商法國興業,2023-06-09,1570
2884,玉山金,161,3,158,港商法國興業,2023-06-09,1570
2204,中華,139,0,139,港商法國興業,2023-06-09,1570
3032,偉訓,137,0,137,港商法國興業,2023-06-09,1570
3105,穩懋,298,171,127,港商法國興業,2023-06-09,1570
2610,華航,120,0,120,港商法國興業,2023-06-09,1570
9904,寶成,107,0,107,港商法國興業,2023-06-09,1570
1216,統一,104,0,104,港商法國興業,2023-06-09,1570
2409,友達,100,0,100,港商法國興業,2023-06-09,1570
2206,三陽工業,88,0,88,港商法國興業,2023-06-09,1570
2303,聯電,83,0,83,港商法國興業,2023-06-09,1570
5876,上海商銀,79,0,79,港商法國興業,2023-06-09,1570
2634,漢翔,74,0,74,港商法國興業,2023-06-09,1570
5512,力麒,71,0,71,港商法國興業,2023-06-09,1570
2405,輔信,53,0,53,港商法國興業,2023-06-09,1570
9958,世紀鋼,49,0,49,港商法國興業,2023-06-09,1570
5425,台半,46,0,46,港商法國興業,2023-06-09,1570
2891,中信金,43,0,43,港商法國興業,2023-06-09,1570
5328,華容,43,0,43,港商法國興業,2023-06-09,1570
5483,中美晶,43,0,43,港商法國興業,2023-06-09,1570
2317,鴻海,40,0,40,港商法國興業,2023-06-09,1570
4114,健喬,39,0,39,港商法國興業,2023-06-09,1570
2838,聯邦銀,37,0,37,港商法國興業,2023-06-09,1570
2887,台新金,34,0,34,港商法國興業,2023-06-09,1570
2812,台中銀,33,0,33,港商法國興業,2023-06-09,1570
1442,名軒,30,0,30,港商法國興業,2023-06-09,1570
3162,精確,30,0,30,港商法國興業,2023-06-09,1570
6285,啟��,36,7,29,港商法國興業,2023-06-09,1570
2109,華豐,26,0,26,港商法國興業,2023-06-09,1570
2820,華票,25,0,25,港商法國興業,2023-06-09,1570
2905,三商,25,0,25,港商法國興業,2023-06-09,1570
1440,南紡,24,0,24,港商法國興業,2023-06-09,1570
2855,統一證,23,0,23,港商法國興業,2023-06-09,1570
1409,新纖,22,0,22,港商法國興業,2023-06-09,1570
2608,嘉里大榮,21,0,21,港商法國興業,2023-06-09,1570
2408,南亞科,20,0,20,港商法國興業,2023-06-09,1570
1560,中砂,30,10,20,港商法國興業,2023-06-09,1570
5443,均豪,20,0,20,港商法國興業,2023-06-09,1570
1303,南亞,19,0,19,港商法國興業,2023-06-09,1570
2374,佳能,18,0,18,港商法國興業,2023-06-09,1570
8478,東哥遊艇,18,0,18,港商法國興業,2023-06-09,1570
1519,華城,17,0,17,港商法國興業,2023-06-09,1570
6415,矽力*-KY,17,0,17,港商法國興業,2023-06-09,1570
1710,東聯,16,0,16,港商法國興業,2023-06-09,1570
5309,系統電,16,0,16,港商法國興業,2023-06-09,1570
6278,台表科,16,0,16,港商法國興業,2023-06-09,1570
8916,光隆,16,0,16,港商法國興業,2023-06-09,1570
3346,麗清,15,0,15,港商法國興業,2023-06-09,1570
1590,亞德客-KY,14,0,14,港商法國興業,2023-06-09,1570
2317,鴻海,1038,0,1038,港商法國興業,2023-06-12,1570
2382,廣達,409,0,409,港商法國興業,2023-06-12,1570
2610,華航,334,0,334,港商法國興業,2023-06-12,1570
2330,台積電,228,13,215,港商法國興業,2023-06-12,1570
2888,新光金,200,0,200,港商法國興業,2023-06-12,1570
2409,友達,250,105,145,港商法國興業,2023-06-12,1570
5876,上海商銀,126,0,126,港商法國興業,2023-06-12,1570
2408,南亞科,119,0,119,港商法國興業,2023-06-12,1570
2882,國泰金,111,2,109,港商法國興業,2023-06-12,1570
2618,長榮航,314,215,99,港商法國興業,2023-06-12,1570
2308,台達電,85,3,82,港商法國興業,2023-06-12,1570
6116,彩晶,59,0,59,港商法國興業,2023-06-12,1570
2634,漢翔,55,0,55,港商法國興業,2023-06-12,1570
2344,華邦電,140,100,40,港商法國興業,2023-06-12,1570
3715,定穎投控,36,0,36,港商法國興業,2023-06-12,1570
2515,中工,34,0,34,港商法國興業,2023-06-12,1570
9907,統一實,29,0,29,港商法國興業,2023-06-12,1570
2347,聯強,27,0,27,港商法國興業,2023-06-12,1570
3189,景碩,25,0,25,港商法國興業,2023-06-12,1570
4105,東洋,23,0,23,港商法國興業,2023-06-12,1570
4919,新唐,23,0,23,港商法國興業,2023-06-12,1570
2353,宏��,20,0,20,港商法國興業,2023-06-12,1570
1909,榮成,20,0,20,港商法國興業,2023-06-12,1570
1717,長興,17,0,17,港商法國興業,2023-06-12,1570
1103,嘉泥,16,0,16,港商法國興業,2023-06-12,1570
3032,偉訓,15,0,15,港商法國興業,2023-06-12,1570
9943,好樂迪,14,0,14,港商法國興業,2023-06-12,1570
2637,慧洋-KY,13,0,13,港商法國興業,2023-06-12,1570
2520,冠德,12,0,12,港商法國興業,2023-06-12,1570
2607,榮運,12,0,12,港商法國興業,2023-06-12,1570
8415,大國鋼,11,0,11,港商法國興業,2023-06-12,1570
2376,技嘉,10,0,10,港商法國興業,2023-06-12,1570
3665,貿聯-KY,10,0,10,港商法國興業,2023-06-12,1570
2101,南港,9,0,9,港商法國興業,2023-06-12,1570
2457,飛宏,8,0,8,港商法國興業,2023-06-12,1570
2392,正崴,8,0,8,港商法國興業,2023-06-12,1570
4128,中天,8,0,8,港商法國興業,2023-06-12,1570
4743,合一,8,0,8,港商法國興業,2023-06-12,1570
5306,桂盟,7,0,7,港商法國興業,2023-06-12,1570
6269,台郡,7,0,7,港商法國興業,2023-06-12,1570
2441,超豐,6,0,6,港商法國興業,2023-06-12,1570
2867,三商壽,6,0,6,港商法國興業,2023-06-12,1570
5536,聖暉*,6,0,6,港商法國興業,2023-06-12,1570
2492,華新科,5,0,5,港商法國興業,2023-06-12,1570
3036,文曄,5,0,5,港商法國興業,2023-06-12,1570
1301,台塑,4,0,4,港商法國興業,2023-06-12,1570
2534,宏盛,4,0,4,港商法國興業,2023-06-12,1570
3661,世芯-KY,4,0,4,港商法國興業,2023-06-12,1570
6505,台塑化,4,0,4,港商法國興業,2023-06-12,1570
6799,來頡,4,0,4,港商法國興業,2023-06-12,1570
2610,華航,1336,0,1336,港商法國興業,2023-06-13,1570
2382,廣達,395,21,374,港商法國興業,2023-06-13,1570
3231,緯創,219,14,205,港商法國興業,2023-06-13,1570
2330,台積電,199,34,165,港商法國興業,2023-06-13,1570
2408,南亞科,154,0,154,港商法國興業,2023-06-13,1570
2618,長榮航,150,0,150,港商法國興業,2023-06-13,1570
6446,藥華藥,87,0,87,港商法國興業,2023-06-13,1570
1785,光洋科,74,0,74,港商法國興業,2023-06-13,1570
2454,聯發科,58,0,58,港商法國興業,2023-06-13,1570
1560,中砂,58,0,58,港商法國興業,2023-06-13,1570
6182,合晶,41,0,41,港商法國興業,2023-06-13,1570
3715,定穎投控,39,0,39,港商法國興業,2023-06-13,1570
2897,王道銀行,37,0,37,港商法國興業,2023-06-13,1570
6706,惠特,35,0,35,港商法國興業,2023-06-13,1570
2313,華通,34,0,34,港商法國興業,2023-06-13,1570
2889,國票金,31,0,31,港商法國興業,2023-06-13,1570
2511,太子,30,0,30,港商法國興業,2023-06-13,1570
1313,聯成,27,0,27,港商法國興業,2023-06-13,1570
2812,台中銀,26,0,26,港商法國興業,2023-06-13,1570
2344,華邦電,174,150,24,港商法國興業,2023-06-13,1570
6415,矽力*-KY,23,0,23,港商法國興業,2023-06-13,1570
2849,安泰銀,22,0,22,港商法國興業,2023-06-13,1570
2884,玉山金,21,0,21,港商法國興業,2023-06-13,1570
3532,台勝科,20,0,20,港商法國興業,2023-06-13,1570
2393,億光,33,14,19,港商法國興業,2023-06-13,1570
2347,聯強,18,0,18,港商法國興業,2023-06-13,1570
1103,嘉泥,17,0,17,港商法國興業,2023-06-13,1570
2457,飛宏,16,0,16,港商法國興業,2023-06-13,1570
2360,致茂,15,0,15,港商法國興業,2023-06-13,1570
1102,亞泥,15,0,15,港商法國興業,2023-06-13,1570
2006,東和鋼鐵,15,0,15,港商法國興業,2023-06-13,1570
1789,神隆,13,0,13,港商法國興業,2023-06-13,1570
3305,昇貿,13,0,13,港商法國興業,2023-06-13,1570
4904,遠傳,13,0,13,港商法國興業,2023-06-13,1570
4128,中天,12,0,12,港商法國興業,2023-06-13,1570
1590,亞德客-KY,10,0,10,港商法國興業,2023-06-13,1570
1303,南亞,10,0,10,港商法國興業,2023-06-13,1570
6732,昇佳電子,10,0,10,港商法國興業,2023-06-13,1570
5306,桂盟,8,0,8,港商法國興業,2023-06-13,1570
3105,穩懋,7,0,7,港商法國興業,2023-06-13,1570
3661,世芯-KY,7,0,7,港商法國興業,2023-06-13,1570
1301,台塑,6,0,6,港商法國興業,2023-06-13,1570
3045,台灣大,6,0,6,港商法國興業,2023-06-13,1570
3711,日月光投控,73,67,6,港商法國興業,2023-06-13,1570
1326,台化,5,0,5,港商法國興業,2023-06-13,1570
2540,愛山林,5,0,5,港商法國興業,2023-06-13,1570
6625,必應,5,0,5,港商法國興業,2023-06-13,1570
8924,大田,5,0,5,港商法國興業,2023-06-13,1570
2412,中華電,4,0,4,港商法國興業,2023-06-13,1570
9939,宏全,4,0,4,港商法國興業,2023-06-13,1570
2610,華航,910,0,910,港商法國興業,2023-06-14,1570
2618,長榮航,760,9,751,港商法國興業,2023-06-14,1570
2323,中環,179,0,179,港商法國興業,2023-06-14,1570
2834,臺企銀,168,0,168,港商法國興業,2023-06-14,1570
6182,合晶,144,0,144,港商法國興業,2023-06-14,1570
2330,台積電,168,31,137,港商法國興業,2023-06-14,1570
2881,富邦金,97,8,89,港商法國興業,2023-06-14,1570
2308,台達電,66,0,66,港商法國興業,2023-06-14,1570
2349,錸德,66,0,66,港商法國興業,2023-06-14,1570
8936,國統,61,0,61,港商法國興業,2023-06-14,1570
3673,TPK-KY,57,0,57,港商法國興業,2023-06-14,1570
8478,東哥遊艇,57,0,57,港商法國興業,2023-06-14,1570
2645,長榮航太,50,0,50,港商法國興業,2023-06-14,1570
3443,創意,43,0,43,港商法國興業,2023-06-14,1570
1909,榮成,40,0,40,港商法國興業,2023-06-14,1570
2395,研華,35,0,35,港商法國興業,2023-06-14,1570
1442,名軒,34,0,34,港商法國興業,2023-06-14,1570
2887,台新金,34,0,34,港商法國興業,2023-06-14,1570
2313,華通,31,0,31,港商法國興業,2023-06-14,1570
1304,台聚,25,0,25,港商法國興業,2023-06-14,1570
2903,遠百,25,0,25,港商法國興業,2023-06-14,1570
1789,神隆,24,0,24,港商法國興業,2023-06-14,1570
6415,矽力*-KY,24,0,24,港商法國興業,2023-06-14,1570
9943,好樂迪,23,0,23,港商法國興業,2023-06-14,1570
2106,建大,21,0,21,港商法國興業,2023-06-14,1570
1717,長興,20,0,20,港商法國興業,2023-06-14,1570
3532,台勝科,20,0,20,港商法國興業,2023-06-14,1570
1532,勤美,19,0,19,港商法國興業,2023-06-14,1570
3035,智原,19,0,19,港商法國興業,2023-06-14,1570
5234,達興材料,19,0,19,港商法國興業,2023-06-14,1570
2480,敦陽科,18,0,18,港商法國興業,2023-06-14,1570
8050,廣積,18,0,18,港商法國興業,2023-06-14,1570
9904,寶成,18,0,18,港商法國興業,2023-06-14,1570
9924,福興,18,0,18,港商法國興業,2023-06-14,1570
2476,鉅祥,15,0,15,港商法國興業,2023-06-14,1570
4128,中天,15,0,15,港商法國興業,2023-06-14,1570
6189,豐藝,15,0,15,港商法國興業,2023-06-14,1570
8163,達方,15,0,15,港商法國興業,2023-06-14,1570
2049,上銀,14,0,14,港商法國興業,2023-06-14,1570
2467,志聖,13,0,13,港商法國興業,2023-06-14,1570
2535,達欣工,13,0,13,港商法國興業,2023-06-14,1570
3661,世芯-KY,35,22,13,港商法國興業,2023-06-14,1570
9940,信義,13,0,13,港商法國興業,2023-06-14,1570
9941,裕融,13,0,13,港商法國興業,2023-06-14,1570
1806,冠軍,12,0,12,港商法國興業,2023-06-14,1570
6743,安普新,12,0,12,港商法國興業,2023-06-14,1570
5607,遠雄港,11,0,11,港商法國興業,2023-06-14,1570
8271,宇瞻,11,0,11,港商法國興業,2023-06-14,1570
2337,旺宏,10,0,10,港商法國興業,2023-06-14,1570
2439,美律,10,0,10,港商法國興業,2023-06-14,1570
2610,華航,2375,931,1444,港商法國興業,2023-06-15,1570
2330,台積電,549,0,549,港商法國興業,2023-06-15,1570
1304,台聚,216,0,216,港商法國興業,2023-06-15,1570
2393,億光,186,0,186,港商法國興業,2023-06-15,1570
2002,中鋼,203,47,156,港商法國興業,2023-06-15,1570
2801,彰銀,126,7,119,港商法國興業,2023-06-15,1570
2049,上銀,116,0,116,港商法國興業,2023-06-15,1570
2891,中信金,116,6,110,港商法國興業,2023-06-15,1570
9938,百和,101,0,101,港商法國興業,2023-06-15,1570
6166,凌華,100,0,100,港商法國興業,2023-06-15,1570
4904,遠傳,95,0,95,港商法國興業,2023-06-15,1570
2888,新光金,90,0,90,港商法國興業,2023-06-15,1570
2303,聯電,93,4,89,港商法國興業,2023-06-15,1570
2886,兆豐金,86,3,83,港商法國興業,2023-06-15,1570
5880,合庫金,78,0,78,港商法國興業,2023-06-15,1570
2892,第一金,77,3,74,港商法國興業,2023-06-15,1570
1806,冠軍,72,0,72,港商法國興業,2023-06-15,1570
1802,台玻,67,0,67,港商法國興業,2023-06-15,1570
3711,日月光投控,66,1,65,港商法國興業,2023-06-15,1570
2880,華南金,61,0,61,港商法國興業,2023-06-15,1570
2882,國泰金,63,3,60,港商法國興業,2023-06-15,1570
2308,台達電,54,0,54,港商法國興業,2023-06-15,1570
2887,台新金,57,4,53,港商法國興業,2023-06-15,1570
2618,長榮航,503,451,52,港商法國興業,2023-06-15,1570
2881,富邦金,47,0,47,港商法國興業,2023-06-15,1570
5531,鄉林,44,0,44,港商法國興業,2023-06-15,1570
6732,昇佳電子,43,0,43,港商法國興業,2023-06-15,1570
1560,中砂,41,0,41,港商法國興業,2023-06-15,1570
1216,統一,40,0,40,港商法國興業,2023-06-15,1570
1303,南亞,38,2,36,港商法國興業,2023-06-15,1570
2317,鴻海,155,120,35,港商法國興業,2023-06-15,1570
2027,大成鋼,30,0,30,港商法國興業,2023-06-15,1570
1701,中化,30,0,30,港商法國興業,2023-06-15,1570
3028,增你強,30,0,30,港商法國興業,2023-06-15,1570
2347,聯強,30,0,30,港商法國興業,2023-06-15,1570
2412,中華電,27,0,27,港商法國興業,2023-06-15,1570
6706,惠特,27,0,27,港商法國興業,2023-06-15,1570
1101,台泥,26,0,26,港商法國興業,2023-06-15,1570
1402,遠東新,24,0,24,港商法國興業,2023-06-15,1570
1785,光洋科,23,0,23,港商法國興業,2023-06-15,1570
6415,矽力*-KY,22,0,22,港商法國興業,2023-06-15,1570
2890,永豐金,63,42,21,港商法國興業,2023-06-15,1570
2607,榮運,20,0,20,港商法國興業,2023-06-15,1570
1102,亞泥,19,1,18,港商法國興業,2023-06-15,1570
2457,飛宏,18,0,18,港商法國興業,2023-06-15,1570
1734,杏輝,17,0,17,港商法國興業,2023-06-15,1570
2399,映泰,15,0,15,港商法國興業,2023-06-15,1570
6177,達麗,15,0,15,港商法國興業,2023-06-15,1570
8234,新漢,15,0,15,港商法國興業,2023-06-15,1570
2633,台灣高鐵,16,2,14,港商法國興業,2023-06-15,1570
6005,群益證,1006,0,1006,港商法國興業,2023-06-16,1570
2356,英業達,1058,108,950,港商法國興業,2023-06-16,1570
2324,仁寶,1409,787,622,港商法國興業,2023-06-16,1570
2344,華邦電,650,51,599,港商法國興業,2023-06-16,1570
1904,正隆,492,0,492,港商法國興業,2023-06-16,1570
1304,台聚,383,0,383,港商法國興業,2023-06-16,1570
2382,廣達,559,292,267,港商法國興業,2023-06-16,1570
2645,長榮航太,258,0,258,港商法國興業,2023-06-16,1570
2548,華固,254,0,254,港商法國興業,2023-06-16,1570
2006,東和鋼鐵,249,0,249,港商法國興業,2023-06-16,1570
2451,創見,242,0,242,港商法國興業,2023-06-16,1570
1608,華榮,229,0,229,港商法國興業,2023-06-16,1570
1409,新纖,193,0,193,港商法國興業,2023-06-16,1570
9938,百和,171,0,171,港商法國興業,2023-06-16,1570
2027,大成鋼,157,0,157,港商法國興業,2023-06-16,1570
1312,國喬,141,0,141,港商法國興業,2023-06-16,1570
3024,憶聲,133,0,133,港商法國興業,2023-06-16,1570
6116,彩晶,131,0,131,港商法國興業,2023-06-16,1570
2103,台橡,113,0,113,港商法國興業,2023-06-16,1570
3481,群創,268,157,111,港商法國興業,2023-06-16,1570
6191,精成科,110,0,110,港商法國興業,2023-06-16,1570
2308,台達電,142,33,109,港商法國興業,2023-06-16,1570
2542,興富發,108,0,108,港商法國興業,2023-06-16,1570
2408,南亞科,141,37,104,港商法國興業,2023-06-16,1570
8478,東哥遊艇,103,0,103,港商法國興業,2023-06-16,1570
8936,國統,88,0,88,港商法國興業,2023-06-16,1570
2886,兆豐金,271,194,77,港商法國興業,2023-06-16,1570
6670,復盛應用,73,0,73,港商法國興業,2023-06-16,1570
2504,國產,91,19,72,港商法國興業,2023-06-16,1570
2884,玉山金,302,232,70,港商法國興業,2023-06-16,1570
4128,中天,64,0,64,港商法國興業,2023-06-16,1570
5009,榮剛,56,0,56,港商法國興業,2023-06-16,1570
6257,矽格,55,0,55,港商法國興業,2023-06-16,1570
2023,燁輝,48,0,48,港商法國興業,2023-06-16,1570
2603,長榮,61,17,44,港商法國興業,2023-06-16,1570
9921,巨大,49,5,44,港商法國興業,2023-06-16,1570
3036,文曄,37,0,37,港商法國興業,2023-06-16,1570
2002,中鋼,241,205,36,港商法國興業,2023-06-16,1570
2489,瑞軒,35,0,35,港商法國興業,2023-06-16,1570
2347,聯強,110,82,28,港商法國興業,2023-06-16,1570
1467,南緯,23,0,23,港商法國興業,2023-06-16,1570
2543,皇昌,23,0,23,港商法國興業,2023-06-16,1570
1802,台玻,22,0,22,港商法國興業,2023-06-16,1570
2428,興勤,22,0,22,港商法國興業,2023-06-16,1570
5289,宜鼎,22,0,22,港商法國興業,2023-06-16,1570
2441,超豐,21,0,21,港商法國興業,2023-06-16,1570
3596,智易,18,0,18,港商法國興業,2023-06-16,1570
4743,合一,18,0,18,港商法國興業,2023-06-16,1570
3042,晶技,16,0,16,港商法國興業,2023-06-16,1570
5457,宣德,16,0,16,港商法國興業,2023-06-16,1570
2409,友達,940,0,940,港商法國興業,2023-06-19,1570
3481,群創,450,0,450,港商法國興業,2023-06-19,1570
1907,永豐餘,325,0,325,港商法國興業,2023-06-19,1570
1477,聚陽,224,0,224,港商法國興業,2023-06-19,1570
1605,華新,153,0,153,港商法國興業,2023-06-19,1570
1409,新纖,148,0,148,港商法國興業,2023-06-19,1570
2337,旺宏,135,0,135,港商法國興業,2023-06-19,1570
2881,富邦金,131,1,130,港商法國興業,2023-06-19,1570
2383,台光電,109,0,109,港商法國興業,2023-06-19,1570
2892,第一金,95,0,95,港商法國興業,2023-06-19,1570
4938,和碩,83,0,83,港商法國興業,2023-06-19,1570
6278,台表科,60,0,60,港商法國興業,2023-06-19,1570
1513,中興電,50,0,50,港商法國興業,2023-06-19,1570
5347,世界,41,0,41,港商法國興業,2023-06-19,1570
6120,達運,41,0,41,港商法國興業,2023-06-19,1570
2104,國際中橡,38,0,38,港商法國興業,2023-06-19,1570
2851,中再保,35,0,35,港商法國興業,2023-06-19,1570
5388,中磊,30,0,30,港商法國興業,2023-06-19,1570
5457,宣德,30,0,30,港商法國興業,2023-06-19,1570
8936,國統,28,0,28,港商法國興業,2023-06-19,1570
2347,聯強,24,0,24,港商法國興業,2023-06-19,1570
2610,華航,70,50,20,港商法國興業,2023-06-19,1570
3515,華擎,18,0,18,港商法國興業,2023-06-19,1570
2607,榮運,17,0,17,港商法國興業,2023-06-19,1570
6290,良維,17,0,17,港商法國興業,2023-06-19,1570
2308,台達電,18,5,13,港商法國興業,2023-06-19,1570
2106,建大,12,0,12,港商法國興業,2023-06-19,1570
5009,榮剛,11,0,11,港商法國興業,2023-06-19,1570
1717,長興,10,0,10,港商法國興業,2023-06-19,1570
4746,台耀,10,0,10,港商法國興業,2023-06-19,1570
2457,飛宏,9,0,9,港商法國興業,2023-06-19,1570
2301,光寶科,11,4,7,港商法國興業,2023-06-19,1570
1229,聯華,6,0,6,港商法國興業,2023-06-19,1570
2455,全新,5,0,5,港商法國興業,2023-06-19,1570
2351,順德,4,0,4,港商法國興業,2023-06-19,1570
5371,中光電,4,0,4,港商法國興業,2023-06-19,1570
5536,聖暉*,3,0,3,港商法國興業,2023-06-19,1570
1303,南亞,2,0,2,港商法國興業,2023-06-19,1570
6579,研揚,2,0,2,港商法國興業,2023-06-19,1570
2015,豐興,1,0,1,港商法國興業,2023-06-19,1570
1558,伸興,1,0,1,港商法國興業,2023-06-19,1570
3035,智原,1,0,1,港商法國興業,2023-06-19,1570
6472,保瑞,1,0,1,港商法國興業,2023-06-19,1570
2356,英業達,280,0,280,港商法國興業,2023-06-20,1570
3017,奇鋐,135,0,135,港商法國興業,2023-06-20,1570
8936,國統,117,0,117,港商法國興業,2023-06-20,1570
4129,聯合,111,0,111,港商法國興業,2023-06-20,1570
1560,中砂,97,0,97,港商法國興業,2023-06-20,1570
1785,光洋科,89,0,89,港商法國興業,2023-06-20,1570
2352,佳世達,85,0,85,港商法國興業,2023-06-20,1570
1522,堤維西,77,0,77,港商法國興業,2023-06-20,1570
5347,世界,86,16,70,港商法國興業,2023-06-20,1570
2454,聯發科,211,142,69,港商法國興業,2023-06-20,1570
4938,和碩,65,0,65,港商法國興業,2023-06-20,1570
2882,國泰金,56,0,56,港商法國興業,2023-06-20,1570
3231,緯創,77,27,50,港商法國興業,2023-06-20,1570
6414,樺漢,33,0,33,港商法國興業,2023-06-20,1570
2492,華新科,31,0,31,港商法國興業,2023-06-20,1570
3189,景碩,30,0,30,港商法國興業,2023-06-20,1570
8150,南茂,29,0,29,港商法國興業,2023-06-20,1570
6443,元晶,26,0,26,港商法國興業,2023-06-20,1570
1711,永光,22,0,22,港商法國興業,2023-06-20,1570
2031,新光鋼,22,0,22,港商法國興業,2023-06-20,1570
1802,台玻,50,29,21,港商法國興業,2023-06-20,1570
2301,光寶科,19,0,19,港商法國興業,2023-06-20,1570
5457,宣德,18,0,18,港商法國興業,2023-06-20,1570
6706,惠特,18,0,18,港商法國興業,2023-06-20,1570
6732,昇佳電子,18,0,18,港商法國興業,2023-06-20,1570
2034,允強,16,0,16,港商法國興業,2023-06-20,1570
1304,台聚,14,0,14,港商法國興業,2023-06-20,1570
2338,光罩,11,0,11,港商法國興業,2023-06-20,1570
3037,欣興,10,0,10,港商法國興業,2023-06-20,1570
4536,拓凱,10,0,10,港商法國興業,2023-06-20,1570
5425,台半,9,0,9,港商法國興業,2023-06-20,1570
1558,伸興,8,0,8,港商法國興業,2023-06-20,1570
1513,中興電,8,0,8,港商法國興業,2023-06-20,1570
6245,立端,8,0,8,港商法國興業,2023-06-20,1570
4919,新唐,7,0,7,港商法國興業,2023-06-20,1570
3591,艾笛森,6,0,6,港商法國興業,2023-06-20,1570
3665,貿聯-KY,10,4,6,港商法國興業,2023-06-20,1570
2636,台驊控股,5,0,5,港商法國興業,2023-06-20,1570
8016,矽創,5,0,5,港商法國興業,2023-06-20,1570
3515,華擎,4,0,4,港商法國興業,2023-06-20,1570
2892,第一金,3,0,3,港商法國興業,2023-06-20,1570
3491,昇達科,3,0,3,港商法國興業,2023-06-20,1570
8464,億豐,2,0,2,港商法國興業,2023-06-20,1570
1762,中化生,1,0,1,港商法國興業,2023-06-20,1570
2395,研華,1,0,1,港商法國興業,2023-06-20,1570
3406,玉晶光,1,0,1,港商法國興業,2023-06-20,1570
3661,世芯-KY,1,0,1,港商法國興業,2023-06-20,1570
6472,保瑞,1,0,1,港商法國興業,2023-06-20,1570
2610,華航,972,0,972,港商法國興業,2023-06-21,1570
2409,友達,650,120,530,港商法國興業,2023-06-21,1570
3481,群創,500,0,500,港商法國興業,2023-06-21,1570
1605,華新,318,0,318,港商法國興業,2023-06-21,1570
1402,遠東新,185,11,174,港商法國興業,2023-06-21,1570
2834,臺企銀,181,24,157,港商法國興業,2023-06-21,1570
2376,技嘉,92,5,87,港商法國興業,2023-06-21,1570
2607,榮運,79,0,79,港商法國興業,2023-06-21,1570
9945,潤泰新,78,12,66,港商法國興業,2023-06-21,1570
2485,兆赫,61,0,61,港商法國興業,2023-06-21,1570
3665,貿聯-KY,51,5,46,港商法國興業,2023-06-21,1570
2371,大同,42,0,42,港商法國興業,2023-06-21,1570
2317,鴻海,30,0,30,港商法國興業,2023-06-21,1570
1103,嘉泥,28,0,28,港商法國興業,2023-06-21,1570
2347,聯強,28,0,28,港商法國興業,2023-06-21,1570
5347,世界,31,4,27,港商法國興業,2023-06-21,1570
6191,精成科,27,0,27,港商法國興業,2023-06-21,1570
9933,中鼎,27,0,27,港商法國興業,2023-06-21,1570
9958,世紀鋼,40,13,27,港商法國興業,2023-06-21,1570
2344,華邦電,24,0,24,港商法國興業,2023-06-21,1570
2108,南帝,24,0,24,港商法國興業,2023-06-21,1570
8210,勤誠,23,0,23,港商法國興業,2023-06-21,1570
3030,德律,22,0,22,港商法國興業,2023-06-21,1570
3041,揚智,22,0,22,港商法國興業,2023-06-21,1570
1608,華榮,21,0,21,港商法國興業,2023-06-21,1570
4952,凌通,18,0,18,港商法國興業,2023-06-21,1570
5009,榮剛,18,0,18,港商法國興業,2023-06-21,1570
1442,名軒,16,0,16,港商法國興業,2023-06-21,1570
1604,聲寶,16,0,16,港商法國興業,2023-06-21,1570
3022,威強電,16,0,16,港商法國興業,2023-06-21,1570
3483,力致,16,0,16,港商法國興業,2023-06-21,1570
4114,健喬,16,0,16,港商法國興業,2023-06-21,1570
5609,中菲行,16,0,16,港商法國興業,2023-06-21,1570
1304,台聚,15,0,15,港商法國興業,2023-06-21,1570
3026,禾伸堂,15,0,15,港商法國興業,2023-06-21,1570
6189,豐藝,15,0,15,港商法國興業,2023-06-21,1570
4746,台耀,14,0,14,港商法國興業,2023-06-21,1570
5203,訊連,14,0,14,港商法國興業,2023-06-21,1570
2385,群光,17,4,13,港商法國興業,2023-06-21,1570
2609,陽明,12,0,12,港商法國興業,2023-06-21,1570
3014,聯陽,12,0,12,港商法國興業,2023-06-21,1570
3027,盛達,12,0,12,港商法國興業,2023-06-21,1570
5457,宣德,11,0,11,港商法國興業,2023-06-21,1570
2451,創見,10,0,10,港商法國興業,2023-06-21,1570
2548,華固,10,0,10,港商法國興業,2023-06-21,1570
3455,由田,10,0,10,港商法國興業,2023-06-21,1570
6214,精誠,10,0,10,港商法國興業,2023-06-21,1570
6245,立端,10,0,10,港商法國興業,2023-06-21,1570
8924,大田,10,0,10,港商法國興業,2023-06-21,1570
2404,漢唐,9,0,9,港商法國興業,2023-06-21,1570
2317,鴻海,520,16,504,港商法國興業,2023-06-26,1570
2610,華航,411,50,361,港商法國興業,2023-06-26,1570
6188,廣明,139,0,139,港商法國興業,2023-06-26,1570
2371,大同,137,0,137,港商法國興業,2023-06-26,1570
2618,長榮航,300,210,90,港商法國興業,2023-06-26,1570
2376,技嘉,89,0,89,港商法國興業,2023-06-26,1570
2303,聯電,130,45,85,港商法國興業,2023-06-26,1570
2867,三商壽,82,0,82,港商法國興業,2023-06-26,1570
3715,定穎投控,62,0,62,港商法國興業,2023-06-26,1570
2108,南帝,60,0,60,港商法國興業,2023-06-26,1570
4952,凌通,45,0,45,港商法國興業,2023-06-26,1570
2881,富邦金,60,18,42,港商法國興業,2023-06-26,1570
2890,永豐金,40,0,40,港商法國興業,2023-06-26,1570
3022,威強電,40,0,40,港商法國興業,2023-06-26,1570
5609,中菲行,40,0,40,港商法國興業,2023-06-26,1570
1314,中石化,35,0,35,港商法國興業,2023-06-26,1570
8924,大田,34,0,34,港商法國興業,2023-06-26,1570
2357,華碩,33,0,33,港商法國興業,2023-06-26,1570
2393,億光,32,0,32,港商法國興業,2023-06-26,1570
3014,聯陽,30,0,30,港商法國興業,2023-06-26,1570
2548,華固,29,0,29,港商法國興業,2023-06-26,1570
5388,中磊,44,15,29,港商法國興業,2023-06-26,1570
1305,華夏,28,0,28,港商法國興業,2023-06-26,1570
2385,群光,25,0,25,港商法國興業,2023-06-26,1570
2451,創見,25,0,25,港商法國興業,2023-06-26,1570
2474,可成,25,0,25,港商法國興業,2023-06-26,1570
3026,禾伸堂,25,0,25,港商法國興業,2023-06-26,1570
3455,由田,25,0,25,港商法國興業,2023-06-26,1570
6214,精誠,25,0,25,港商法國興業,2023-06-26,1570
6550,北極星藥業-KY,25,0,25,港商法國興業,2023-06-26,1570
2328,廣宇,23,0,23,港商法國興業,2023-06-26,1570
1609,大亞,22,0,22,港商法國興業,2023-06-26,1570
2104,國際中橡,20,0,20,港商法國興業,2023-06-26,1570
3044,健鼎,20,0,20,港商法國興業,2023-06-26,1570
5425,台半,20,0,20,港商法國興業,2023-06-26,1570
5434,崇越,20,0,20,港商法國興業,2023-06-26,1570
6176,瑞儀,20,0,20,港商法國興業,2023-06-26,1570
3056,富華新,18,0,18,港商法國興業,2023-06-26,1570
4916,事欣科,18,0,18,港商法國興業,2023-06-26,1570
2049,上銀,25,8,17,港商法國興業,2023-06-26,1570
5530,龍巖,17,0,17,港商法國興業,2023-06-26,1570
2014,中鴻,16,0,16,港商法國興業,2023-06-26,1570
3025,星通,16,0,16,港商法國興業,2023-06-26,1570
3013,晟銘電,15,0,15,港商法國興業,2023-06-26,1570
3189,景碩,15,0,15,港商法國興業,2023-06-26,1570
4736,泰博,15,0,15,港商法國興業,2023-06-26,1570
6166,凌華,15,0,15,港商法國興業,2023-06-26,1570
1321,大洋,11,0,11,港商法國興業,2023-06-26,1570
2425,承啟,11,0,11,港商法國興業,2023-06-26,1570
3532,台勝科,10,0,10,港商法國興業,2023-06-26,1570
2610,華航,858,70,788,港商法國興業,2023-06-27,1570
4129,聯合,118,0,118,港商法國興業,2023-06-27,1570
2845,遠東銀,105,0,105,港商法國興業,2023-06-27,1570
2323,中環,127,27,100,港商法國興業,2023-06-27,1570
6116,彩晶,90,0,90,港商法國興業,2023-06-27,1570
4123,晟德,72,0,72,港商法國興業,2023-06-27,1570
2376,技嘉,61,1,60,港商法國興業,2023-06-27,1570
4564,元翎,55,0,55,港商法國興業,2023-06-27,1570
2023,燁輝,51,0,51,港商法國興業,2023-06-27,1570
4106,雃博,50,0,50,港商法國興業,2023-06-27,1570
3712,永崴投控,45,0,45,港商法國興業,2023-06-27,1570
3049,精金,40,0,40,港商法國興業,2023-06-27,1570
2449,京元電子,39,0,39,港商法國興業,2023-06-27,1570
2104,國際中橡,35,0,35,港商法國興業,2023-06-27,1570
5469,瀚宇博,32,0,32,港商法國興業,2023-06-27,1570
6548,長科*,32,0,32,港商法國興業,2023-06-27,1570
1608,華榮,31,0,31,港商法國興業,2023-06-27,1570
2034,允強,30,0,30,港商法國興業,2023-06-27,1570
2820,華票,29,0,29,港商法國興業,2023-06-27,1570
2402,毅嘉,28,0,28,港商法國興業,2023-06-27,1570
2542,興富發,37,9,28,港商法國興業,2023-06-27,1570
3019,亞光,28,0,28,港商法國興業,2023-06-27,1570
1440,南紡,27,0,27,港商法國興業,2023-06-27,1570
1909,榮成,25,0,25,港商法國興業,2023-06-27,1570
1522,堤維西,22,0,22,港商法國興業,2023-06-27,1570
8213,志超,22,0,22,港商法國興業,2023-06-27,1570
1907,永豐餘,21,0,21,港商法國興業,2023-06-27,1570
1219,福壽,21,0,21,港商法國興業,2023-06-27,1570
9907,統一實,20,0,20,港商法國興業,2023-06-27,1570
2329,華泰,19,0,19,港商法國興業,2023-06-27,1570
2495,普安,19,0,19,港商法國興業,2023-06-27,1570
5608,四維航,19,0,19,港商法國興業,2023-06-27,1570
6414,樺漢,19,0,19,港商法國興業,2023-06-27,1570
1110,東泥,18,0,18,港商法國興業,2023-06-27,1570
3703,欣陸,18,0,18,港商法國興業,2023-06-27,1570
5519,隆大,18,0,18,港商法國興業,2023-06-27,1570
1711,永光,17,0,17,港商法國興業,2023-06-27,1570
2637,慧洋-KY,17,0,17,港商法國興業,2023-06-27,1570
3596,智易,17,0,17,港商法國興業,2023-06-27,1570
6139,亞翔,17,0,17,港商法國興業,2023-06-27,1570
2103,台橡,16,0,16,港商法國興業,2023-06-27,1570
3048,益登,16,0,16,港商法國興業,2023-06-27,1570
1712,興農,37,22,15,港商法國興業,2023-06-27,1570
1785,光洋科,15,0,15,港商法國興業,2023-06-27,1570
4989,榮科,15,0,15,港商法國興業,2023-06-27,1570
9940,信義,15,0,15,港商法國興業,2023-06-27,1570
1533,車王電,14,0,14,港商法國興業,2023-06-27,1570
2106,建大,14,0,14,港商法國興業,2023-06-27,1570
2705,六福,14,0,14,港商法國興業,2023-06-27,1570
4906,正文,14,0,14,港商法國興業,2023-06-27,1570
1605,華新,1143,607,536,港商法國興業,2023-06-28,1570
2027,大成鋼,288,0,288,港商法國興業,2023-06-28,1570
2834,臺企銀,222,0,222,港商法國興業,2023-06-28,1570
6550,北極星藥業-KY,144,0,144,港商法國興業,2023-06-28,1570
5009,榮剛,138,0,138,港商法國興業,2023-06-28,1570
2313,華通,135,0,135,港商法國興業,2023-06-28,1570
2371,大同,135,0,135,港商法國興業,2023-06-28,1570
2884,玉山金,207,75,132,港商法國興業,2023-06-28,1570
2615,萬海,141,17,124,港商法國興業,2023-06-28,1570
2317,鴻海,181,65,116,港商法國興業,2023-06-28,1570
2405,輔信,108,0,108,港商法國興業,2023-06-28,1570
3711,日月光投控,121,19,102,港商法國興業,2023-06-28,1570
2606,裕民,79,0,79,港商法國興業,2023-06-28,1570
3591,艾笛森,71,0,71,港商法國興業,2023-06-28,1570
6142,友勁,56,0,56,港商法國興業,2023-06-28,1570
2851,中再保,52,0,52,港商法國興業,2023-06-28,1570
2607,榮運,51,0,51,港商法國興業,2023-06-28,1570
3052,夆典,49,0,49,港商法國興業,2023-06-28,1570
2495,普安,46,0,46,港商法國興業,2023-06-28,1570
6285,啟��,47,7,40,港商法國興業,2023-06-28,1570
2108,南帝,36,0,36,港商法國興業,2023-06-28,1570
2105,正新,33,0,33,港商法國興業,2023-06-28,1570
6472,保瑞,33,0,33,港商法國興業,2023-06-28,1570
1227,佳格,27,0,27,港商法國興業,2023-06-28,1570
4952,凌通,27,0,27,港商法國興業,2023-06-28,1570
6202,盛群,25,0,25,港商法國興業,2023-06-28,1570
5609,中菲行,24,0,24,港商法國興業,2023-06-28,1570
2618,長榮航,135,112,23,港商法國興業,2023-06-28,1570
6491,晶碩,22,0,22,港商法國興業,2023-06-28,1570
2330,台積電,30,9,21,港商法國興業,2023-06-28,1570
8070,長華*,19,0,19,港商法國興業,2023-06-28,1570
1506,正道,18,0,18,港商法國興業,2023-06-28,1570
2337,旺宏,18,0,18,港商法國興業,2023-06-28,1570
3014,聯陽,18,0,18,港商法國興業,2023-06-28,1570
2474,可成,17,0,17,港商法國興業,2023-06-28,1570
2915,潤泰全,17,0,17,港商法國興業,2023-06-28,1570
6509,聚和,17,0,17,港商法國興業,2023-06-28,1570
2609,陽明,16,0,16,港商法國興業,2023-06-28,1570
2891,中信金,103,87,16,港商法國興業,2023-06-28,1570
2352,佳世達,15,0,15,港商法國興業,2023-06-28,1570
2385,群光,15,0,15,港商法國興業,2023-06-28,1570
2451,創見,15,0,15,港商法國興業,2023-06-28,1570
2548,華固,15,0,15,港商法國興業,2023-06-28,1570
3026,禾伸堂,15,0,15,港商法國興業,2023-06-28,1570
3455,由田,15,0,15,港商法國興業,2023-06-28,1570
8924,大田,15,0,15,港商法國興業,2023-06-28,1570
6415,矽力*-KY,15,1,14,港商法國興業,2023-06-28,1570
2520,冠德,13,0,13,港商法國興業,2023-06-28,1570
5457,宣德,13,0,13,港商法國興業,2023-06-28,1570
2542,興富發,12,0,12,港商法國興業,2023-06-28,1570
2344,華邦電,354,38,316,港商法國興業,2023-06-29,1570
8086,宏捷科,260,0,260,港商法國興業,2023-06-29,1570
2408,南亞科,213,27,186,港商法國興業,2023-06-29,1570
2409,友達,200,24,176,港商法國興業,2023-06-29,1570
2633,台灣高鐵,175,16,159,港商法國興業,2023-06-29,1570
5009,榮剛,143,0,143,港商法國興業,2023-06-29,1570
2881,富邦金,166,86,80,港商法國興業,2023-06-29,1570
2607,榮運,85,8,77,港商法國興業,2023-06-29,1570
5388,中磊,70,4,66,港商法國興業,2023-06-29,1570
2010,春源,60,0,60,港商法國興業,2023-06-29,1570
6285,啟��,81,26,55,港商法國興業,2023-06-29,1570
3035,智原,46,0,46,港商法國興業,2023-06-29,1570
3665,貿聯-KY,53,8,45,港商法國興業,2023-06-29,1570
2376,技嘉,66,25,41,港商法國興業,2023-06-29,1570
6472,保瑞,39,0,39,港商法國興業,2023-06-29,1570
6706,惠特,33,0,33,港商法國興業,2023-06-29,1570
1210,大成,37,7,30,港商法國興業,2023-06-29,1570
2489,瑞軒,41,13,28,港商法國興業,2023-06-29,1570
2888,新光金,200,178,22,港商法國興業,2023-06-29,1570
3596,智易,22,0,22,港商法國興業,2023-06-29,1570
8299,群聯,18,0,18,港商法國興業,2023-06-29,1570
5269,祥碩,16,0,16,港商法國興業,2023-06-29,1570
9907,統一實,16,0,16,港商法國興業,2023-06-29,1570
3081,聯亞,15,0,15,港商法國興業,2023-06-29,1570
2809,京城銀,11,0,11,港商法國興業,2023-06-29,1570
2609,陽明,10,0,10,港商法國興業,2023-06-29,1570
6125,廣運,10,0,10,港商法國興業,2023-06-29,1570
1810,和成,8,0,8,港商法國興業,2023-06-29,1570
1612,宏泰,7,0,7,港商法國興業,2023-06-29,1570
2706,第一店,7,0,7,港商法國興業,2023-06-29,1570
2754,亞洲藏壽司,7,0,7,港商法國興業,2023-06-29,1570
6443,元晶,7,0,7,港商法國興業,2023-06-29,1570
3030,德律,6,0,6,港商法國興業,2023-06-29,1570
6257,矽格,6,0,6,港商法國興業,2023-06-29,1570
3563,牧德,5,0,5,港商法國興業,2023-06-29,1570
3592,瑞鼎,5,0,5,港商法國興業,2023-06-29,1570
1342,八貫,4,0,4,港商法國興業,2023-06-29,1570
2360,致茂,4,0,4,港商法國興業,2023-06-29,1570
2636,台驊控股,4,0,4,港商法國興業,2023-06-29,1570
2034,允強,16,13,3,港商法國興業,2023-06-29,1570
2059,川湖,3,0,3,港商法國興業,2023-06-29,1570
6670,復盛應用,3,0,3,港商法國興業,2023-06-29,1570
4994,傳奇,3,1,2,港商法國興業,2023-06-29,1570
6202,盛群,2,0,2,港商法國興業,2023-06-29,1570
2049,上銀,1,0,1,港商法國興業,2023-06-29,1570
2357,華碩,4,3,1,港商法國興業,2023-06-29,1570
2498,宏達電,7,6,1,港商法國興業,2023-06-29,1570
3406,玉晶光,1,0,1,港商法國興業,2023-06-29,1570
4743,合一,5,4,1,港商法國興業,2023-06-29,1570
2324,仁寶,412,0,412,港商法國興業,2023-06-30,1570
2377,微星,369,0,369,港商法國興業,2023-06-30,1570
2881,富邦金,367,0,367,港商法國興業,2023-06-30,1570
2317,鴻海,286,60,226,港商法國興業,2023-06-30,1570
9945,潤泰新,222,0,222,港商法國興業,2023-06-30,1570
2353,宏��,140,0,140,港商法國興業,2023-06-30,1570
9904,寶成,129,0,129,港商法國興業,2023-06-30,1570
2408,南亞科,206,90,116,港商法國興業,2023-06-30,1570
1326,台化,110,0,110,港商法國興業,2023-06-30,1570
6125,廣運,105,0,105,港商法國興業,2023-06-30,1570
2454,聯發科,108,45,63,港商法國興業,2023-06-30,1570
2542,興富發,61,0,61,港商法國興業,2023-06-30,1570
2455,全新,60,0,60,港商法國興業,2023-06-30,1570
6285,啟��,87,30,57,港商法國興業,2023-06-30,1570
3576,聯合再生,54,0,54,港商法國興業,2023-06-30,1570
4938,和碩,54,0,54,港商法國興業,2023-06-30,1570
1605,華新,47,0,47,港商法國興業,2023-06-30,1570
2489,瑞軒,44,0,44,港商法國興業,2023-06-30,1570
6472,保瑞,42,0,42,港商法國興業,2023-06-30,1570
2885,元大金,40,0,40,港商法國興業,2023-06-30,1570
9958,世紀鋼,38,0,38,港商法國興業,2023-06-30,1570
2884,玉山金,30,0,30,港商法國興業,2023-06-30,1570
8299,群聯,28,0,28,港商法國興業,2023-06-30,1570
3189,景碩,45,25,20,港商法國興業,2023-06-30,1570
4174,浩鼎,20,0,20,港商法國興業,2023-06-30,1570
1506,正道,18,0,18,港商法國興業,2023-06-30,1570
6153,嘉聯益,16,0,16,港商法國興業,2023-06-30,1570
2706,第一店,14,0,14,港商法國興業,2023-06-30,1570
3563,牧德,12,0,12,港商法國興業,2023-06-30,1570
4129,聯合,10,0,10,港商法國興業,2023-06-30,1570
4155,訊映,10,0,10,港商法國興業,2023-06-30,1570
5347,世界,10,0,10,港商法國興業,2023-06-30,1570
6257,矽格,10,0,10,港商法國興業,2023-06-30,1570
2201,裕隆,9,0,9,港商法國興業,2023-06-30,1570
6189,豐藝,9,0,9,港商法國興業,2023-06-30,1570
2371,大同,8,0,8,港商法國興業,2023-06-30,1570
2478,大毅,8,0,8,港商法國興業,2023-06-30,1570
2449,京元電子,7,0,7,港商法國興業,2023-06-30,1570
2373,震旦行,5,0,5,港商法國興業,2023-06-30,1570
2511,太子,5,0,5,港商法國興業,2023-06-30,1570
6176,瑞儀,5,0,5,港商法國興業,2023-06-30,1570
4137,麗豐-KY,4,0,4,港商法國興業,2023-06-30,1570
5009,榮剛,4,0,4,港商法國興業,2023-06-30,1570
1513,中興電,3,0,3,港商法國興業,2023-06-30,1570
3231,緯創,3,0,3,港商法國興業,2023-06-30,1570
5269,祥碩,3,0,3,港商法國興業,2023-06-30,1570
8150,南茂,3,0,3,港商法國興業,2023-06-30,1570
1504,東元,2,0,2,港商法國興業,2023-06-30,1570
1342,八貫,2,0,2,港商法國興業,2023-06-30,1570
2204,中華,2,0,2,港商法國興業,2023-06-30,1570
2324,仁寶,407,0,407,港商法國興業,2023-07-03,1570
2330,台積電,443,44,399,港商法國興業,2023-07-03,1570
2801,彰銀,328,0,328,港商法國興業,2023-07-03,1570
2353,宏��,262,78,184,港商法國興業,2023-07-03,1570
2105,正新,123,0,123,港商法國興業,2023-07-03,1570
5880,合庫金,123,0,123,港商法國興業,2023-07-03,1570
2383,台光電,121,0,121,港商法國興業,2023-07-03,1570
2609,陽明,113,7,106,港商法國興業,2023-07-03,1570
1513,中興電,102,0,102,港商法國興業,2023-07-03,1570
5876,上海商銀,98,0,98,港商法國興業,2023-07-03,1570
1402,遠東新,96,0,96,港商法國興業,2023-07-03,1570
1303,南亞,95,0,95,港商法國興業,2023-07-03,1570
2880,華南金,125,31,94,港商法國興業,2023-07-03,1570
2002,中鋼,91,0,91,港商法國興業,2023-07-03,1570
9904,寶成,68,0,68,港商法國興業,2023-07-03,1570
2633,台灣高鐵,67,0,67,港商法國興業,2023-07-03,1570
4958,臻鼎-KY,65,0,65,港商法國興業,2023-07-03,1570
2885,元大金,64,0,64,港商法國興業,2023-07-03,1570
1737,臺鹽,60,0,60,港商法國興業,2023-07-03,1570
1216,統一,58,0,58,港商法國興業,2023-07-03,1570
3702,大聯大,58,0,58,港商法國興業,2023-07-03,1570
1701,中化,57,0,57,港商法國興業,2023-07-03,1570
2347,聯強,49,0,49,港商法國興業,2023-07-03,1570
3711,日月光投控,78,32,46,港商法國興業,2023-07-03,1570
6271,同欣電,45,0,45,港商法國興業,2023-07-03,1570
2412,中華電,53,11,42,港商法國興業,2023-07-03,1570
2809,京城銀,42,0,42,港商法國興業,2023-07-03,1570
5388,中磊,40,0,40,港商法國興業,2023-07-03,1570
6285,啟��,50,13,37,港商法國興業,2023-07-03,1570
2615,萬海,36,0,36,港商法國興業,2023-07-03,1570
2542,興富發,35,0,35,港商法國興業,2023-07-03,1570
1102,亞泥,34,0,34,港商法國興業,2023-07-03,1570
2027,大成鋼,31,0,31,港商法國興業,2023-07-03,1570
1504,東元,28,0,28,港商法國興業,2023-07-03,1570
2371,大同,27,0,27,港商法國興業,2023-07-03,1570
2903,遠百,27,0,27,港商法國興業,2023-07-03,1570
5009,榮剛,26,0,26,港商法國興業,2023-07-03,1570
2454,聯發科,27,3,24,港商法國興業,2023-07-03,1570
2892,第一金,54,30,24,港商法國興業,2023-07-03,1570
8215,明基材,21,0,21,港商法國興業,2023-07-03,1570
1560,中砂,20,0,20,港商法國興業,2023-07-03,1570
3045,台灣大,19,0,19,港商法國興業,2023-07-03,1570
5871,中租-KY,19,0,19,港商法國興業,2023-07-03,1570
2201,裕隆,18,0,18,港商法國興業,2023-07-03,1570
2204,中華,16,0,16,港商法國興業,2023-07-03,1570
4746,台耀,16,0,16,港商法國興業,2023-07-03,1570
2439,美律,15,0,15,港商法國興業,2023-07-03,1570
2455,全新,15,0,15,港商法國興業,2023-07-03,1570
1786,科妍,15,0,15,港商法國興業,2023-07-03,1570
5371,中光電,14,0,14,港商法國興業,2023-07-03,1570
5009,榮剛,560,0,560,港商法國興業,2023-07-04,1570
2603,長榮,382,0,382,港商法國興業,2023-07-04,1570
1513,中興電,316,0,316,港商法國興業,2023-07-04,1570
8086,宏捷科,246,0,246,港商法國興業,2023-07-04,1570
2330,台積電,242,0,242,港商法國興業,2023-07-04,1570
6285,啟��,205,55,150,港商法國興業,2023-07-04,1570
2618,長榮航,175,50,125,港商法國興業,2023-07-04,1570
2615,萬海,109,0,109,港商法國興業,2023-07-04,1570
2884,玉山金,102,0,102,港商法國興業,2023-07-04,1570
2408,南亞科,96,0,96,港商法國興業,2023-07-04,1570
2890,永豐金,64,0,64,港商法國興業,2023-07-04,1570
2002,中鋼,54,0,54,港商法國興業,2023-07-04,1570
1312,國喬,50,0,50,港商法國興業,2023-07-04,1570
6128,上福,41,0,41,港商法國興業,2023-07-04,1570
2362,藍天,34,0,34,港商法國興業,2023-07-04,1570
6550,北極星藥業-KY,42,9,33,港商法國興業,2023-07-04,1570
2392,正崴,29,0,29,港商法國興業,2023-07-04,1570
3711,日月光投控,50,21,29,港商法國興業,2023-07-04,1570
6189,豐藝,27,0,27,港商法國興業,2023-07-04,1570
3003,健和興,30,4,26,港商法國興業,2023-07-04,1570
3037,欣興,26,0,26,港商法國興業,2023-07-04,1570
1514,亞力,32,7,25,港商法國興業,2023-07-04,1570
2383,台光電,25,2,23,港商法國興業,2023-07-04,1570
2888,新光金,23,0,23,港商法國興業,2023-07-04,1570
8070,長華*,23,0,23,港商法國興業,2023-07-04,1570
6202,盛群,20,0,20,港商法國興業,2023-07-04,1570
6706,惠特,20,0,20,港商法國興業,2023-07-04,1570
2332,友訊,19,0,19,港商法國興業,2023-07-04,1570
3491,昇達科,19,0,19,港商法國興業,2023-07-04,1570
6274,台燿,19,0,19,港商法國興業,2023-07-04,1570
2034,允強,16,0,16,港商法國興業,2023-07-04,1570
2492,華新科,16,0,16,港商法國興業,2023-07-04,1570
6505,台塑化,16,0,16,港商法國興業,2023-07-04,1570
5876,上海商銀,15,0,15,港商法國興業,2023-07-04,1570
2399,映泰,14,0,14,港商法國興業,2023-07-04,1570
3008,大立光,14,0,14,港商法國興業,2023-07-04,1570
4961,天鈺,14,0,14,港商法國興業,2023-07-04,1570
4977,眾達-KY,14,0,14,港商法國興業,2023-07-04,1570
3026,禾伸堂,13,0,13,港商法國興業,2023-07-04,1570
2419,仲琦,12,0,12,港商法國興業,2023-07-04,1570
1310,台苯,11,0,11,港商法國興業,2023-07-04,1570
2353,宏��,11,0,11,港商法國興業,2023-07-04,1570
2454,聯發科,15,6,9,港商法國興業,2023-07-04,1570
3025,星通,8,0,8,港商法國興業,2023-07-04,1570
6472,保瑞,8,0,8,港商法國興業,2023-07-04,1570
8039,台虹,8,0,8,港商法國興業,2023-07-04,1570
8210,勤誠,8,0,8,港商法國興業,2023-07-04,1570
2457,飛宏,12,5,7,港商法國興業,2023-07-04,1570
2630,亞航,7,0,7,港商法國興業,2023-07-04,1570
3515,華擎,9,2,7,港商法國興業,2023-07-04,1570
2880,華南金,335,0,335,港商法國興業,2023-07-05,1570
3017,奇鋐,215,0,215,港商法國興業,2023-07-05,1570
2884,玉山金,159,0,159,港商法國興業,2023-07-05,1570
5009,榮剛,157,0,157,港商法國興業,2023-07-05,1570
3711,日月光投控,149,0,149,港商法國興業,2023-07-05,1570
2409,友達,136,0,136,港商法國興業,2023-07-05,1570
2609,陽明,98,0,98,港商法國興業,2023-07-05,1570
2317,鴻海,90,0,90,港商法國興業,2023-07-05,1570
2330,台積電,86,0,86,港商法國興業,2023-07-05,1570
3027,盛達,77,0,77,港商法國興業,2023-07-05,1570
2312,金寶,63,0,63,港商法國興業,2023-07-05,1570
1227,佳格,52,0,52,港商法國興業,2023-07-05,1570
4938,和碩,52,0,52,港商法國興業,2023-07-05,1570
2618,長榮航,200,150,50,港商法國興業,2023-07-05,1570
2303,聯電,77,28,49,港商法國興業,2023-07-05,1570
8150,南茂,48,0,48,港商法國興業,2023-07-05,1570
1314,中石化,47,0,47,港商法國興業,2023-07-05,1570
1310,台苯,44,0,44,港商法國興業,2023-07-05,1570
1785,光洋科,35,0,35,港商法國興業,2023-07-05,1570
6257,矽格,34,0,34,港商法國興業,2023-07-05,1570
6288,聯嘉,33,0,33,港商法國興業,2023-07-05,1570
3189,景碩,50,18,32,港商法國興業,2023-07-05,1570
9907,統一實,28,0,28,港商法國興業,2023-07-05,1570
2344,華邦電,26,0,26,港商法國興業,2023-07-05,1570
6285,啟��,25,0,25,港商法國興業,2023-07-05,1570
1409,新纖,24,0,24,港商法國興業,2023-07-05,1570
1710,東聯,24,0,24,港商法國興業,2023-07-05,1570
1514,亞力,23,0,23,港商法國興業,2023-07-05,1570
5864,致和證,23,0,23,港商法國興業,2023-07-05,1570
3030,德律,22,0,22,港商法國興業,2023-07-05,1570
2383,台光電,21,0,21,港商法國興業,2023-07-05,1570
4532,瑞智,19,0,19,港商法國興業,2023-07-05,1570
2453,凌群,18,0,18,港商法國興業,2023-07-05,1570
2345,智邦,17,0,17,港商法國興業,2023-07-05,1570
2636,台驊控股,17,0,17,港商法國興業,2023-07-05,1570
4526,東台,17,0,17,港商法國興業,2023-07-05,1570
5388,中磊,15,0,15,港商法國興業,2023-07-05,1570
6456,GIS-KY,15,0,15,港商法國興業,2023-07-05,1570
3231,緯創,14,0,14,港商法國興業,2023-07-05,1570
6505,台塑化,14,0,14,港商法國興業,2023-07-05,1570
1419,新紡,13,0,13,港商法國興業,2023-07-05,1570
2402,毅嘉,13,0,13,港商法國興業,2023-07-05,1570
3703,欣陸,13,0,13,港商法國興業,2023-07-05,1570
5478,智冠,13,0,13,港商法國興業,2023-07-05,1570
2535,達欣工,12,0,12,港商法國興業,2023-07-05,1570
2809,京城銀,11,0,11,港商法國興業,2023-07-05,1570
8112,至上,18,7,11,港商法國興業,2023-07-05,1570
2049,上銀,10,0,10,港商法國興業,2023-07-05,1570
3023,信邦,10,0,10,港商法國興業,2023-07-05,1570
3380,明泰,10,0,10,港商法國興業,2023-07-05,1570
2344,華邦電,1281,97,1184,港商法國興業,2023-07-06,1570
2357,華碩,252,15,237,港商法國興業,2023-07-06,1570
2458,義隆,219,0,219,港商法國興業,2023-07-06,1570
2385,群光,208,12,196,港商法國興業,2023-07-06,1570
1513,中興電,203,9,194,港商法國興業,2023-07-06,1570
8299,群聯,156,0,156,港商法國興業,2023-07-06,1570
6285,啟��,142,0,142,港商法國興業,2023-07-06,1570
2887,台新金,281,149,132,港商法國興業,2023-07-06,1570
2368,金像電,134,9,125,港商法國興業,2023-07-06,1570
8086,宏捷科,125,0,125,港商法國興業,2023-07-06,1570
2880,華南金,310,196,114,港商法國興業,2023-07-06,1570
2634,漢翔,104,10,94,港商法國興業,2023-07-06,1570
6269,台郡,94,6,88,港商法國興業,2023-07-06,1570
9945,潤泰新,139,56,83,港商法國興業,2023-07-06,1570
1514,亞力,87,7,80,港商法國興業,2023-07-06,1570
1785,光洋科,79,0,79,港商法國興業,2023-07-06,1570
2317,鴻海,239,167,72,港商法國興業,2023-07-06,1570
8081,致新,50,0,50,港商法國興業,2023-07-06,1570
1417,嘉裕,46,0,46,港商法國興業,2023-07-06,1570
2618,長榮航,154,108,46,港商法國興業,2023-07-06,1570
3622,洋華,44,0,44,港商法國興業,2023-07-06,1570
6176,瑞儀,170,132,38,港商法國興業,2023-07-06,1570
2547,日勝生,37,0,37,港商法國興業,2023-07-06,1570
2485,兆赫,35,0,35,港商法國興業,2023-07-06,1570
1316,上曜,28,0,28,港商法國興業,2023-07-06,1570
3491,昇達科,28,0,28,港商法國興業,2023-07-06,1570
8234,新漢,25,0,25,港商法國興業,2023-07-06,1570
3533,嘉澤,26,2,24,港商法國興業,2023-07-06,1570
2492,華新科,25,2,23,港商法國興業,2023-07-06,1570
3705,永信,23,0,23,港商法國興業,2023-07-06,1570
6548,長科*,23,0,23,港商法國興業,2023-07-06,1570
6139,亞翔,28,6,22,港商法國興業,2023-07-06,1570
1464,得力,21,0,21,港商法國興業,2023-07-06,1570
3051,力特,21,0,21,港商法國興業,2023-07-06,1570
3041,揚智,20,0,20,港商法國興業,2023-07-06,1570
1506,正道,19,0,19,港商法國興業,2023-07-06,1570
3617,碩天,19,0,19,港商法國興業,2023-07-06,1570
4119,旭富,19,0,19,港商法國興業,2023-07-06,1570
3437,榮創,18,0,18,港商法國興業,2023-07-06,1570
2062,橋椿,15,0,15,港商法國興業,2023-07-06,1570
3236,千如,15,0,15,港商法國興業,2023-07-06,1570
3694,海華,15,0,15,港商法國興業,2023-07-06,1570
4976,佳凌,15,0,15,港商法國興業,2023-07-06,1570
6438,迅得,15,0,15,港商法國興業,2023-07-06,1570
1569,濱川,14,0,14,港商法國興業,2023-07-06,1570
1473,台南,14,0,14,港商法國興業,2023-07-06,1570
2328,廣宇,23,9,14,港商法國興業,2023-07-06,1570
2483,百容,14,0,14,港商法國興業,2023-07-06,1570
3081,聯亞,13,0,13,港商法國興業,2023-07-06,1570
3652,精聯,20,7,13,港商法國興業,2023-07-06,1570
2884,玉山金,164,0,164,港商法國興業,2023-07-07,1570
2356,英業達,162,0,162,港商法國興業,2023-07-07,1570
1605,華新,148,0,148,港商法國興業,2023-07-07,1570
1785,光洋科,140,0,140,港商法國興業,2023-07-07,1570
2308,台達電,88,0,88,港商法國興業,2023-07-07,1570
2329,華泰,75,0,75,港商法國興業,2023-07-07,1570
2201,裕隆,74,0,74,港商法國興業,2023-07-07,1570
2317,鴻海,120,48,72,港商法國興業,2023-07-07,1570
2889,國票金,77,7,70,港商法國興業,2023-07-07,1570
2330,台積電,96,30,66,港商法國興業,2023-07-07,1570
1313,聯成,63,0,63,港商法國興業,2023-07-07,1570
2634,漢翔,55,0,55,港商法國興業,2023-07-07,1570
2801,彰銀,46,0,46,港商法國興業,2023-07-07,1570
1560,中砂,40,0,40,港商法國興業,2023-07-07,1570
5864,致和證,32,0,32,港商法國興業,2023-07-07,1570
1802,台玻,28,0,28,港商法國興業,2023-07-07,1570
2809,京城銀,27,0,27,港商法國興業,2023-07-07,1570
2603,長榮,30,4,26,港商法國興業,2023-07-07,1570
3596,智易,25,0,25,港商法國興業,2023-07-07,1570
1310,台苯,23,0,23,港商法國興業,2023-07-07,1570
1304,台聚,23,0,23,港商法國興業,2023-07-07,1570
3711,日月光投控,95,75,20,港商法國興業,2023-07-07,1570
9958,世紀鋼,20,0,20,港商法國興業,2023-07-07,1570
4106,雃博,19,0,19,港商法國興業,2023-07-07,1570
3037,欣興,20,4,16,港商法國興業,2023-07-07,1570
3005,神基,15,0,15,港商法國興業,2023-07-07,1570
2492,華新科,14,0,14,港商法國興業,2023-07-07,1570
3003,健和興,14,0,14,港商法國興業,2023-07-07,1570
2528,皇普,13,0,13,港商法國興業,2023-07-07,1570
6782,視陽,13,0,13,港商法國興業,2023-07-07,1570
6446,藥華藥,12,0,12,港商法國興業,2023-07-07,1570
3008,大立光,12,3,9,港商法國興業,2023-07-07,1570
3652,精聯,9,0,9,港商法國興業,2023-07-07,1570
8234,新漢,9,0,9,港商法國興業,2023-07-07,1570
6223,旺矽,8,0,8,港商法國興業,2023-07-07,1570
2636,台驊控股,7,0,7,港商法國興業,2023-07-07,1570
5007,三星,7,0,7,港商法國興業,2023-07-07,1570
5347,世界,7,0,7,港商法國興業,2023-07-07,1570
2428,興勤,6,0,6,港商法國興業,2023-07-07,1570
2015,豐興,6,0,6,港商法國興業,2023-07-07,1570
9937,全國,6,0,6,港商法國興業,2023-07-07,1570
9802,鈺齊-KY,5,0,5,港商法國興業,2023-07-07,1570
2723,美食-KY,5,1,4,港商法國興業,2023-07-07,1570
3105,穩懋,4,0,4,港商法國興業,2023-07-07,1570
6488,環球晶,4,0,4,港商法國興業,2023-07-07,1570
3026,禾伸堂,3,0,3,港商法國興業,2023-07-07,1570
3526,凡甲,3,0,3,港商法國興業,2023-07-07,1570
5483,中美晶,3,0,3,港商法國興業,2023-07-07,1570
2247,汎德永業,2,0,2,港商法國興業,2023-07-07,1570
3152,璟德,2,0,2,港商法國興業,2023-07-07,1570
2883,凱基金,977,517,460,港商法國興業,2023-07-10,1570
2353,宏��,394,82,312,港商法國興業,2023-07-10,1570
2801,彰銀,302,0,302,港商法國興業,2023-07-10,1570
2356,英業達,263,6,257,港商法國興業,2023-07-10,1570
2408,南亞科,156,0,156,港商法國興業,2023-07-10,1570
2368,金像電,107,0,107,港商法國興業,2023-07-10,1570
2609,陽明,100,7,93,港商法國興業,2023-07-10,1570
3045,台灣大,101,14,87,港商法國興業,2023-07-10,1570
2409,友達,109,23,86,港商法國興業,2023-07-10,1570
2834,臺企銀,70,0,70,港商法國興業,2023-07-10,1570
2892,第一金,187,117,70,港商法國興業,2023-07-10,1570
2344,華邦電,68,0,68,港商法國興業,2023-07-10,1570
5876,上海商銀,83,18,65,港商法國興業,2023-07-10,1570
1815,富喬,56,0,56,港商法國興業,2023-07-10,1570
2884,玉山金,198,144,54,港商法國興業,2023-07-10,1570
2449,京元電子,61,11,50,港商法國興業,2023-07-10,1570
6274,台燿,50,0,50,港商法國興業,2023-07-10,1570
8076,伍豐,42,0,42,港商法國興業,2023-07-10,1570
2402,毅嘉,38,0,38,港商法國興業,2023-07-10,1570
2303,聯電,70,34,36,港商法國興業,2023-07-10,1570
6285,啟��,30,0,30,港商法國興業,2023-07-10,1570
6271,同欣電,22,0,22,港商法國興業,2023-07-10,1570
6770,力積電,34,14,20,港商法國興業,2023-07-10,1570
2412,中華電,68,49,19,港商法國興業,2023-07-10,1570
1737,臺鹽,18,0,18,港商法國興業,2023-07-10,1570
2324,仁寶,27,9,18,港商法國興業,2023-07-10,1570
3596,智易,16,0,16,港商法國興業,2023-07-10,1570
1310,台苯,15,0,15,港商法國興業,2023-07-10,1570
2530,華建,13,0,13,港商法國興業,2023-07-10,1570
2357,華碩,12,2,10,港商法國興業,2023-07-10,1570
3532,台勝科,10,0,10,港商法國興業,2023-07-10,1570
1319,東陽,8,0,8,港商法國興業,2023-07-10,1570
2888,新光金,67,60,7,港商法國興業,2023-07-10,1570
2377,微星,7,1,6,港商法國興業,2023-07-10,1570
6202,盛群,6,0,6,港商法國興業,2023-07-10,1570
2201,裕隆,5,0,5,港商法國興業,2023-07-10,1570
2421,建準,5,0,5,港商法國興業,2023-07-10,1570
3231,緯創,12,7,5,港商法國興業,2023-07-10,1570
5388,中磊,6,1,5,港商法國興業,2023-07-10,1570
5347,世界,3,0,3,港商法國興業,2023-07-10,1570
8069,元太,3,0,3,港商法國興業,2023-07-10,1570
8927,北基,3,0,3,港商法國興業,2023-07-10,1570
2006,東和鋼鐵,12,10,2,港商法國興業,2023-07-10,1570
1605,華新,12,10,2,港商法國興業,2023-07-10,1570
2308,台達電,4,2,2,港商法國興業,2023-07-10,1570
2379,瑞昱,2,0,2,港商法國興業,2023-07-10,1570
3105,穩懋,2,0,2,港商法國興業,2023-07-10,1570
4960,誠美材,4,2,2,港商法國興業,2023-07-10,1570
6446,藥華藥,2,0,2,港商法國興業,2023-07-10,1570
2345,智邦,1,0,1,港商法國興業,2023-07-10,1570
2324,仁寶,822,0,822,港商法國興業,2023-07-11,1570
6274,台燿,420,0,420,港商法國興業,2023-07-11,1570
2609,陽明,384,0,384,港商法國興業,2023-07-11,1570
3481,群創,500,165,335,港商法國興業,2023-07-11,1570
1785,光洋科,255,0,255,港商法國興業,2023-07-11,1570
2409,友達,200,0,200,港商法國興業,2023-07-11,1570
2356,英業達,174,0,174,港商法國興業,2023-07-11,1570
6176,瑞儀,119,0,119,港商法國興業,2023-07-11,1570
5880,合庫金,103,0,103,港商法國興業,2023-07-11,1570
2886,兆豐金,123,26,97,港商法國興業,2023-07-11,1570
3711,日月光投控,80,0,80,港商法國興業,2023-07-11,1570
8927,北基,74,0,74,港商法國興業,2023-07-11,1570
2881,富邦金,81,18,63,港商法國興業,2023-07-11,1570
2834,臺企銀,62,0,62,港商法國興業,2023-07-11,1570
4564,元翎,62,0,62,港商法國興業,2023-07-11,1570
8299,群聯,61,0,61,港商法國興業,2023-07-11,1570
2323,中環,40,0,40,港商法國興業,2023-07-11,1570
6288,聯嘉,33,0,33,港商法國興業,2023-07-11,1570
1612,宏泰,31,0,31,港商法國興業,2023-07-11,1570
2610,華航,96,69,27,港商法國興業,2023-07-11,1570
2474,可成,26,0,26,港商法國興業,2023-07-11,1570
8916,光隆,25,0,25,港商法國興業,2023-07-11,1570
2884,玉山金,54,33,21,港商法國興業,2023-07-11,1570
1522,堤維西,19,0,19,港商法國興業,2023-07-11,1570
2408,南亞科,18,0,18,港商法國興業,2023-07-11,1570
1515,力山,17,0,17,港商法國興業,2023-07-11,1570
3630,新鉅科,16,0,16,港商法國興業,2023-07-11,1570
6285,啟��,15,0,15,港商法國興業,2023-07-11,1570
4934,太極,14,0,14,港商法國興業,2023-07-11,1570
2492,華新科,11,0,11,港商法國興業,2023-07-11,1570
4960,誠美材,11,0,11,港商法國興業,2023-07-11,1570
3037,欣興,10,0,10,港商法國興業,2023-07-11,1570
1216,統一,7,0,7,港商法國興業,2023-07-11,1570
2401,凌陽,7,0,7,港商法國興業,2023-07-11,1570
4904,遠傳,7,0,7,港商法國興業,2023-07-11,1570
2383,台光電,9,3,6,港商法國興業,2023-07-11,1570
2308,台達電,3,0,3,港商法國興業,2023-07-11,1570
2301,光寶科,3,0,3,港商法國興業,2023-07-11,1570
2357,華碩,7,5,2,港商法國興業,2023-07-11,1570
2201,裕隆,1,0,1,港商法國興業,2023-07-11,1570
3034,聯詠,9,8,1,港商法國興業,2023-07-11,1570
6625,必應,1,0,1,港商法國興業,2023-07-11,1570
2883,凱基金,659,0,659,港商法國興業,2023-07-12,1570
1605,華新,325,0,325,港商法國興業,2023-07-12,1570
2408,南亞科,283,56,227,港商法國興業,2023-07-12,1570
2610,華航,211,21,190,港商法國興業,2023-07-12,1570
2892,第一金,187,60,127,港商法國興業,2023-07-12,1570
8299,群聯,116,0,116,港商法國興業,2023-07-12,1570
5457,宣德,112,0,112,港商法國興業,2023-07-12,1570
3587,閎康,92,0,92,港商法國興業,2023-07-12,1570
2607,榮運,87,0,87,港商法國興業,2023-07-12,1570
2845,遠東銀,151,70,81,港商法國興業,2023-07-12,1570
2530,華建,54,0,54,港商法國興業,2023-07-12,1570
2511,太子,49,0,49,港商法國興業,2023-07-12,1570
1210,大成,46,0,46,港商法國興業,2023-07-12,1570
2352,佳世達,37,0,37,港商法國興業,2023-07-12,1570
1611,中電,35,0,35,港商法國興業,2023-07-12,1570
2603,長榮,32,0,32,港商法國興業,2023-07-12,1570
8927,北基,32,0,32,港商法國興業,2023-07-12,1570
2727,王品,25,0,25,港商法國興業,2023-07-12,1570
2851,中再保,23,0,23,港商法國興業,2023-07-12,1570
2353,宏��,22,0,22,港商法國興業,2023-07-12,1570
2492,華新科,21,0,21,港商法國興業,2023-07-12,1570
8054,安國,20,0,20,港商法國興業,2023-07-12,1570
2401,凌陽,16,0,16,港商法國興業,2023-07-12,1570
1301,台塑,26,10,16,港商法國興業,2023-07-12,1570
2890,永豐金,16,0,16,港商法國興業,2023-07-12,1570
3689,湧德,16,0,16,港商法國興業,2023-07-12,1570
5289,宜鼎,16,0,16,港商法國興業,2023-07-12,1570
2609,陽明,100,85,15,港商法國興業,2023-07-12,1570
3090,日電貿,13,0,13,港商法國興業,2023-07-12,1570
2474,可成,18,6,12,港商法國興業,2023-07-12,1570
6288,聯嘉,12,0,12,港商法國興業,2023-07-12,1570
2015,豐興,11,0,11,港商法國興業,2023-07-12,1570
2881,富邦金,84,73,11,港商法國興業,2023-07-12,1570
8086,宏捷科,11,0,11,港商法國興業,2023-07-12,1570
8924,大田,11,0,11,港商法國興業,2023-07-12,1570
3081,聯亞,10,0,10,港商法國興業,2023-07-12,1570
6278,台表科,10,0,10,港商法國興業,2023-07-12,1570
1560,中砂,34,25,9,港商法國興業,2023-07-12,1570
3703,欣陸,9,0,9,港商法國興業,2023-07-12,1570
6245,立端,8,0,8,港商法國興業,2023-07-12,1570
6499,益安,8,0,8,港商法國興業,2023-07-12,1570
2640,大車隊,7,0,7,港商法國興業,2023-07-12,1570
3388,崇越電,7,0,7,港商法國興業,2023-07-12,1570
3532,台勝科,8,1,7,港商法國興業,2023-07-12,1570
2618,長榮航,249,243,6,港商法國興業,2023-07-12,1570
3526,凡甲,6,0,6,港商法國興業,2023-07-12,1570
2368,金像電,5,0,5,港商法國興業,2023-07-12,1570
2732,六角,4,0,4,港商法國興業,2023-07-12,1570
6472,保瑞,4,0,4,港商法國興業,2023-07-12,1570
1717,長興,3,0,3,港商法國興業,2023-07-12,1570
2303,聯電,1618,0,1618,港商法國興業,2023-07-13,1570
2344,華邦電,1466,30,1436,港商法國興業,2023-07-13,1570
1605,華新,975,0,975,港商法國興業,2023-07-13,1570
1504,東元,778,0,778,港商法國興業,2023-07-13,1570
2353,宏��,720,31,689,港商法國興業,2023-07-13,1570
1608,華榮,407,0,407,港商法國興業,2023-07-13,1570
2834,臺企銀,276,33,243,港商法國興業,2023-07-13,1570
1905,華紙,232,0,232,港商法國興業,2023-07-13,1570
6245,立端,225,0,225,港商法國興業,2023-07-13,1570
2408,南亞科,188,0,188,港商法國興業,2023-07-13,1570
2204,中華,168,4,164,港商法國興業,2023-07-13,1570
2401,凌陽,152,0,152,港商法國興業,2023-07-13,1570
3481,群創,300,159,141,港商法國興業,2023-07-13,1570
1611,中電,134,0,134,港商法國興業,2023-07-13,1570
5519,隆大,113,0,113,港商法國興業,2023-07-13,1570
2609,陽明,100,0,100,港商法國興業,2023-07-13,1570
3034,聯詠,94,0,94,港商法國興業,2023-07-13,1570
3703,欣陸,92,0,92,港商法國興業,2023-07-13,1570
3545,敦泰,69,0,69,港商法國興業,2023-07-13,1570
2845,遠東銀,58,0,58,港商法國興業,2023-07-13,1570
4961,天鈺,58,0,58,港商法國興業,2023-07-13,1570
2615,萬海,57,0,57,港商法國興業,2023-07-13,1570
2392,正崴,51,0,51,港商法國興業,2023-07-13,1570
2476,鉅祥,49,0,49,港商法國興業,2023-07-13,1570
6202,盛群,48,0,48,港商法國興業,2023-07-13,1570
2228,劍麟,46,0,46,港商法國興業,2023-07-13,1570
1477,聚陽,54,8,46,港商法國興業,2023-07-13,1570
6257,矽格,44,0,44,港商法國興業,2023-07-13,1570
6443,元晶,42,0,42,港商法國興業,2023-07-13,1570
5469,瀚宇博,38,0,38,港商法國興業,2023-07-13,1570
3257,虹冠電,32,0,32,港商法國興業,2023-07-13,1570
1210,大成,31,0,31,港商法國興業,2023-07-13,1570
3017,奇鋐,105,75,30,港商法國興業,2023-07-13,1570
1710,東聯,28,0,28,港商法國興業,2023-07-13,1570
2885,元大金,28,0,28,港商法國興業,2023-07-13,1570
2459,敦吉,23,0,23,港商法國興業,2023-07-13,1570
8299,群聯,23,0,23,港商法國興業,2023-07-13,1570
3081,聯亞,21,0,21,港商法國興業,2023-07-13,1570
2239,英利-KY,20,0,20,港商法國興業,2023-07-13,1570
6108,競國,19,0,19,港商法國興業,2023-07-13,1570
8064,東捷,19,0,19,港商法國興業,2023-07-13,1570
4130,健亞,18,0,18,港商法國興業,2023-07-13,1570
8111,立��,18,0,18,港商法國興業,2023-07-13,1570
3189,景碩,30,15,15,港商法國興業,2023-07-13,1570
3231,緯創,15,0,15,港商法國興業,2023-07-13,1570
1342,八貫,14,0,14,港商法國興業,2023-07-13,1570
6753,龍德造船,14,0,14,港商法國興業,2023-07-13,1570
8927,北基,14,0,14,港商法國興業,2023-07-13,1570
2723,美食-KY,12,0,12,港商法國興業,2023-07-13,1570
2888,新光金,12,0,12,港商法國興業,2023-07-13,1570
2303,聯電,1590,78,1512,港商法國興業,2023-07-14,1570
2317,鴻海,423,46,377,港商法國興業,2023-07-14,1570
2330,台積電,350,53,297,港商法國興業,2023-07-14,1570
2408,南亞科,264,2,262,港商法國興業,2023-07-14,1570
2201,裕隆,180,0,180,港商法國興業,2023-07-14,1570
2363,矽統,127,0,127,港商法國興業,2023-07-14,1570
1210,大成,113,0,113,港商法國興業,2023-07-14,1570
2353,宏��,159,49,110,港商法國興業,2023-07-14,1570
2645,長榮航太,110,0,110,港商法國興業,2023-07-14,1570
2883,凱基金,146,39,107,港商法國興業,2023-07-14,1570
2886,兆豐金,136,36,100,港商法國興業,2023-07-14,1570
1608,華榮,94,0,94,港商法國興業,2023-07-14,1570
2834,臺企銀,104,13,91,港商法國興業,2023-07-14,1570
2888,新光金,121,33,88,港商法國興業,2023-07-14,1570
2884,玉山金,150,65,85,港商法國興業,2023-07-14,1570
2002,中鋼,107,30,77,港商法國興業,2023-07-14,1570
1789,神隆,74,0,74,港商法國興業,2023-07-14,1570
2891,中信金,160,86,74,港商法國興業,2023-07-14,1570
3711,日月光投控,82,11,71,港商法國興業,2023-07-14,1570
2530,華建,64,0,64,港商法國興業,2023-07-14,1570
5880,合庫金,89,26,63,港商法國興業,2023-07-14,1570
2885,元大金,91,30,61,港商法國興業,2023-07-14,1570
4564,元翎,60,0,60,港商法國興業,2023-07-14,1570
6182,合晶,59,0,59,港商法國興業,2023-07-14,1570
3049,精金,53,0,53,港商法國興業,2023-07-14,1570
2892,第一金,96,44,52,港商法國興業,2023-07-14,1570
2609,陽明,53,4,49,港商法國興業,2023-07-14,1570
6548,長科*,49,0,49,港商法國興業,2023-07-14,1570
3017,奇鋐,47,0,47,港商法國興業,2023-07-14,1570
2615,萬海,44,0,44,港商法國興業,2023-07-14,1570
2409,友達,59,16,43,港商法國興業,2023-07-14,1570
2606,裕民,40,0,40,港商法國興業,2023-07-14,1570
2701,萬企,40,0,40,港商法國興業,2023-07-14,1570
2882,國泰金,87,47,40,港商法國興業,2023-07-14,1570
2890,永豐金,94,54,40,港商法國興業,2023-07-14,1570
2880,華南金,80,41,39,港商法國興業,2023-07-14,1570
1216,統一,44,11,33,港商法國興業,2023-07-14,1570
8299,群聯,33,0,33,港商法國興業,2023-07-14,1570
2801,彰銀,48,16,32,港商法國興業,2023-07-14,1570
2881,富邦金,67,35,32,港商法國興業,2023-07-14,1570
6456,GIS-KY,31,0,31,港商法國興業,2023-07-14,1570
1326,台化,32,2,30,港商法國興業,2023-07-14,1570
1303,南亞,43,13,30,港商法國興業,2023-07-14,1570
5388,中磊,44,14,30,港商法國興業,2023-07-14,1570
2401,凌陽,29,0,29,港商法國興業,2023-07-14,1570
2324,仁寶,38,9,29,港商法國興業,2023-07-14,1570
1218,泰山,28,0,28,港商法國興業,2023-07-14,1570
4755,三福化,28,0,28,港商法國興業,2023-07-14,1570
9945,潤泰新,34,6,28,港商法國興業,2023-07-14,1570
2607,榮運,27,0,27,港商法國興業,2023-07-14,1570
6116,彩晶,693,0,693,港商法國興業,2023-07-17,1570
2892,第一金,528,23,505,港商法國興業,2023-07-17,1570
2890,永豐金,476,0,476,港商法國興業,2023-07-17,1570
2887,台新金,471,0,471,港商法國興業,2023-07-17,1570
2884,玉山金,433,23,410,港商法國興業,2023-07-17,1570
2885,元大金,373,0,373,港商法國興業,2023-07-17,1570
2888,新光金,400,76,324,港商法國興業,2023-07-17,1570
2409,友達,350,60,290,港商法國興業,2023-07-17,1570
2329,華泰,250,0,250,港商法國興業,2023-07-17,1570
3481,群創,250,0,250,港商法國興業,2023-07-17,1570
2313,華通,260,40,220,港商法國興業,2023-07-17,1570
5009,榮剛,208,0,208,港商法國興業,2023-07-17,1570
2881,富邦金,260,65,195,港商法國興業,2023-07-17,1570
1605,華新,177,0,177,港商法國興業,2023-07-17,1570
1101,台泥,158,14,144,港商法國興業,2023-07-17,1570
2886,兆豐金,177,44,133,港商法國興業,2023-07-17,1570
3045,台灣大,131,0,131,港商法國興業,2023-07-17,1570
2880,華南金,142,22,120,港商法國興業,2023-07-17,1570
4960,誠美材,118,0,118,港商法國興業,2023-07-17,1570
2412,中華電,111,0,111,港商法國興業,2023-07-17,1570
2891,中信金,295,188,107,港商法國興業,2023-07-17,1570
2344,華邦電,100,0,100,港商法國興業,2023-07-17,1570
1102,亞泥,100,0,100,港商法國興業,2023-07-17,1570
1216,統一,108,11,97,港商法國興業,2023-07-17,1570
2303,聯電,155,66,89,港商法國興業,2023-07-17,1570
2615,萬海,88,0,88,港商法國興業,2023-07-17,1570
2002,中鋼,111,28,83,港商法國興業,2023-07-17,1570
4904,遠傳,91,10,81,港商法國興業,2023-07-17,1570
1402,遠東新,72,0,72,港商法國興業,2023-07-17,1570
5880,合庫金,164,96,68,港商法國興業,2023-07-17,1570
1303,南亞,89,22,67,港商法國興業,2023-07-17,1570
2383,台光電,65,0,65,港商法國興業,2023-07-17,1570
3227,原相,65,0,65,港商法國興業,2023-07-17,1570
6202,盛群,56,0,56,港商法國興業,2023-07-17,1570
2353,宏��,54,0,54,港商法國興業,2023-07-17,1570
2457,飛宏,52,0,52,港商法國興業,2023-07-17,1570
5876,上海商銀,52,0,52,港商法國興業,2023-07-17,1570
4915,致伸,47,0,47,港商法國興業,2023-07-17,1570
6548,長科*,47,0,47,港商法國興業,2023-07-17,1570
8299,群聯,46,0,46,港商法國興業,2023-07-17,1570
2382,廣達,67,22,45,港商法國興業,2023-07-17,1570
2838,聯邦銀,44,0,44,港商法國興業,2023-07-17,1570
2368,金像電,41,0,41,港商法國興業,2023-07-17,1570
1513,中興電,41,0,41,港商法國興業,2023-07-17,1570
2105,正新,40,0,40,港商法國興業,2023-07-17,1570
3189,景碩,60,20,40,港商法國興業,2023-07-17,1570
1590,亞德客-KY,38,0,38,港商法國興業,2023-07-17,1570
1608,華榮,38,0,38,港商法國興業,2023-07-17,1570
5340,建榮,38,0,38,港商法國興業,2023-07-17,1570
2327,國巨,34,0,34,港商法國興業,2023-07-17,1570
2356,英業達,966,6,960,港商法國興業,2023-07-18,1570
6116,彩晶,491,0,491,港商法國興業,2023-07-18,1570
2888,新光金,586,200,386,港商法國興業,2023-07-18,1570
2880,華南金,316,0,316,港商法國興業,2023-07-18,1570
2887,台新金,298,0,298,港商法國興業,2023-07-18,1570
4960,誠美材,272,0,272,港商法國興業,2023-07-18,1570
2881,富邦金,316,50,266,港商法國興業,2023-07-18,1570
2379,瑞昱,243,0,243,港商法國興業,2023-07-18,1570
2317,鴻海,299,79,220,港商法國興業,2023-07-18,1570
6443,元晶,183,0,183,港商法國興業,2023-07-18,1570
3045,台灣大,136,0,136,港商法國興業,2023-07-18,1570
2615,萬海,124,0,124,港商法國興業,2023-07-18,1570
6550,北極星藥業-KY,100,0,100,港商法國興業,2023-07-18,1570
6129,普誠,96,0,96,港商法國興業,2023-07-18,1570
6415,矽力*-KY,76,0,76,港商法國興業,2023-07-18,1570
1326,台化,67,0,67,港商法國興業,2023-07-18,1570
1303,南亞,75,8,67,港商法國興業,2023-07-18,1570
1907,永豐餘,56,0,56,港商法國興業,2023-07-18,1570
8076,伍豐,55,0,55,港商法國興業,2023-07-18,1570
2455,全新,53,0,53,港商法國興業,2023-07-18,1570
2412,中華電,46,0,46,港商法國興業,2023-07-18,1570
1712,興農,37,0,37,港商法國興業,2023-07-18,1570
3037,欣興,44,8,36,港商法國興業,2023-07-18,1570
2388,威盛,29,0,29,港商法國興業,2023-07-18,1570
1210,大成,29,0,29,港商法國興業,2023-07-18,1570
5864,致和證,27,0,27,港商法國興業,2023-07-18,1570
2303,聯電,25,0,25,港商法國興業,2023-07-18,1570
4130,健亞,24,0,24,港商法國興業,2023-07-18,1570
6743,安普新,23,0,23,港商法國興業,2023-07-18,1570
4533,協易機,22,0,22,港商法國興業,2023-07-18,1570
1216,統一,38,18,20,港商法國興業,2023-07-18,1570
6202,盛群,20,0,20,港商法國興業,2023-07-18,1570
4174,浩鼎,18,0,18,港商法國興業,2023-07-18,1570
2913,農林,17,0,17,港商法國興業,2023-07-18,1570
3703,欣陸,17,0,17,港商法國興業,2023-07-18,1570
4977,眾達-KY,17,0,17,港商法國興業,2023-07-18,1570
3260,威剛,16,0,16,港商法國興業,2023-07-18,1570
2308,台達電,17,2,15,港商法國興業,2023-07-18,1570
2395,研華,14,0,14,港商法國興業,2023-07-18,1570
2454,聯發科,14,0,14,港商法國興業,2023-07-18,1570
8299,群聯,14,0,14,港商法國興業,2023-07-18,1570
1342,八貫,12,0,12,港商法國興業,2023-07-18,1570
3592,瑞鼎,10,0,10,港商法國興業,2023-07-18,1570
3455,由田,9,0,9,港商法國興業,2023-07-18,1570
3035,智原,10,2,8,港商法國興業,2023-07-18,1570
2376,技嘉,10,3,7,港商法國興業,2023-07-18,1570
9938,百和,7,0,7,港商法國興業,2023-07-18,1570
2383,台光電,6,0,6,港商法國興業,2023-07-18,1570
5347,世界,5,0,5,港商法國興業,2023-07-18,1570
8046,南電,5,0,5,港商法國興業,2023-07-18,1570
2801,彰銀,800,19,781,港商法國興業,2023-07-19,1570
2609,陽明,733,0,733,港商法國興業,2023-07-19,1570
2615,萬海,499,0,499,港商法國興業,2023-07-19,1570
3702,大聯大,466,6,460,港商法國興業,2023-07-19,1570
2504,國產,406,0,406,港商法國興業,2023-07-19,1570
2317,鴻海,226,0,226,港商法國興業,2023-07-19,1570
6415,矽力*-KY,213,0,213,港商法國興業,2023-07-19,1570
6176,瑞儀,192,1,191,港商法國興業,2023-07-19,1570
2449,京元電子,184,0,184,港商法國興業,2023-07-19,1570
2474,可成,146,0,146,港商法國興業,2023-07-19,1570
3005,神基,136,0,136,港商法國興業,2023-07-19,1570
2408,南亞科,123,0,123,港商法國興業,2023-07-19,1570
8076,伍豐,118,0,118,港商法國興業,2023-07-19,1570
8213,志超,113,0,113,港商法國興業,2023-07-19,1570
1707,葡萄王,93,0,93,港商法國興業,2023-07-19,1570
6129,普誠,67,0,67,港商法國興業,2023-07-19,1570
2606,裕民,65,0,65,港商法國興業,2023-07-19,1570
2303,聯電,62,0,62,港商法國興業,2023-07-19,1570
2324,仁寶,57,1,56,港商法國興業,2023-07-19,1570
2393,億光,49,0,49,港商法國興業,2023-07-19,1570
6719,力智,45,0,45,港商法國興業,2023-07-19,1570
1712,興農,41,0,41,港商法國興業,2023-07-19,1570
6116,彩晶,40,0,40,港商法國興業,2023-07-19,1570
3042,晶技,38,0,38,港商法國興業,2023-07-19,1570
9938,百和,32,1,31,港商法國興業,2023-07-19,1570
1605,華新,30,0,30,港商法國興業,2023-07-19,1570
3703,欣陸,25,0,25,港商法國興業,2023-07-19,1570
6770,力積電,25,0,25,港商法國興業,2023-07-19,1570
6202,盛群,19,0,19,港商法國興業,2023-07-19,1570
4174,浩鼎,18,0,18,港商法國興業,2023-07-19,1570
4960,誠美材,18,0,18,港商法國興業,2023-07-19,1570
3037,欣興,17,1,16,港商法國興業,2023-07-19,1570
5347,世界,15,0,15,港商法國興業,2023-07-19,1570
01003T,兆豐新光R1,12,0,12,港商法國興業,2023-07-19,1570
2476,鉅祥,11,0,11,港商法國興業,2023-07-19,1570
8069,元太,11,0,11,港商法國興業,2023-07-19,1570
2049,上銀,12,3,9,港商法國興業,2023-07-19,1570
4919,新唐,10,1,9,港商法國興業,2023-07-19,1570
6213,聯茂,9,0,9,港商法國興業,2023-07-19,1570
2888,新光金,52,44,8,港商法國興業,2023-07-19,1570
2886,兆豐金,27,20,7,港商法國興業,2023-07-19,1570
4114,健喬,7,0,7,港商法國興業,2023-07-19,1570
2492,華新科,6,0,6,港商法國興業,2023-07-19,1570
3526,凡甲,5,0,5,港商法國興業,2023-07-19,1570
8086,宏捷科,5,0,5,港商法國興業,2023-07-19,1570
2597,潤弘,4,0,4,港商法國興業,2023-07-19,1570
5483,中美晶,4,0,4,港商法國興業,2023-07-19,1570
5904,寶雅,4,0,4,港商法國興業,2023-07-19,1570
8210,勤誠,4,0,4,港商法國興業,2023-07-19,1570
3533,嘉澤,3,0,3,港商法國興業,2023-07-19,1570
6770,力積電,264,28,236,港商法國興業,2023-07-20,1570
2609,陽明,207,0,207,港商法國興業,2023-07-20,1570
8069,元太,172,3,169,港商法國興業,2023-07-20,1570
2344,華邦電,137,0,137,港商法國興業,2023-07-20,1570
2504,國產,134,0,134,港商法國興業,2023-07-20,1570
4147,中裕,111,0,111,港商法國興業,2023-07-20,1570
2913,農林,107,0,107,港商法國興業,2023-07-20,1570
6550,北極星藥業-KY,100,0,100,港商法國興業,2023-07-20,1570
2474,可成,94,0,94,港商法國興業,2023-07-20,1570
2027,大成鋼,80,0,80,港商法國興業,2023-07-20,1570
2409,友達,80,0,80,港商法國興業,2023-07-20,1570
1709,和益,68,0,68,港商法國興業,2023-07-20,1570
6190,萬泰科,58,0,58,港商法國興業,2023-07-20,1570
2615,萬海,52,0,52,港商法國興業,2023-07-20,1570
2498,宏達電,51,0,51,港商法國興業,2023-07-20,1570
1712,興農,50,0,50,港商法國興業,2023-07-20,1570
6719,力智,47,0,47,港商法國興業,2023-07-20,1570
9802,鈺齊-KY,45,0,45,港商法國興業,2023-07-20,1570
2317,鴻海,41,0,41,港商法國興業,2023-07-20,1570
8076,伍豐,38,0,38,港商法國興業,2023-07-20,1570
2382,廣達,43,7,36,港商法國興業,2023-07-20,1570
1536,和大,36,0,36,港商法國興業,2023-07-20,1570
1218,泰山,34,0,34,港商法國興業,2023-07-20,1570
2105,正新,42,10,32,港商法國興業,2023-07-20,1570
3380,明泰,31,0,31,港商法國興業,2023-07-20,1570
3576,聯合再生,37,7,30,港商法國興業,2023-07-20,1570
3665,貿聯-KY,29,0,29,港商法國興業,2023-07-20,1570
1608,華榮,27,0,27,港商法國興業,2023-07-20,1570
2356,英業達,26,0,26,港商法國興業,2023-07-20,1570
8112,至上,25,0,25,港商法國興業,2023-07-20,1570
6129,普誠,23,0,23,港商法國興業,2023-07-20,1570
2337,旺宏,22,0,22,港商法國興業,2023-07-20,1570
3030,德律,22,0,22,港商法國興業,2023-07-20,1570
3526,凡甲,22,0,22,港商法國興業,2023-07-20,1570
4979,華星光,23,1,22,港商法國興業,2023-07-20,1570
2388,威盛,19,0,19,港商法國興業,2023-07-20,1570
3702,大聯大,19,0,19,港商法國興業,2023-07-20,1570
6176,瑞儀,19,0,19,港商法國興業,2023-07-20,1570
3005,神基,14,0,14,港商法國興業,2023-07-20,1570
6509,聚和,13,0,13,港商法國興業,2023-07-20,1570
2345,智邦,12,0,12,港商法國興業,2023-07-20,1570
3231,緯創,70,58,12,港商法國興業,2023-07-20,1570
8213,志超,12,0,12,港商法國興業,2023-07-20,1570
4174,浩鼎,11,0,11,港商法國興業,2023-07-20,1570
2312,金寶,9,0,9,港商法國興業,2023-07-20,1570
1707,葡萄王,9,0,9,港商法國興業,2023-07-20,1570
4541,晟田,9,0,9,港商法國興業,2023-07-20,1570
6125,廣運,8,0,8,港商法國興業,2023-07-20,1570
3034,聯詠,12,5,7,港商法國興業,2023-07-20,1570
1216,統一,6,0,6,港商法國興業,2023-07-20,1570
1101,台泥,475,15,460,港商法國興業,2023-07-21,1570
1712,興農,204,0,204,港商法國興業,2023-07-21,1570
6443,元晶,195,0,195,港商法國興業,2023-07-21,1570
6187,萬潤,156,0,156,港商法國興業,2023-07-21,1570
2409,友達,245,100,145,港商法國興業,2023-07-21,1570
2344,華邦電,126,0,126,港商法國興業,2023-07-21,1570
6550,北極星藥業-KY,100,0,100,港商法國興業,2023-07-21,1570
2317,鴻海,65,0,65,港商法國興業,2023-07-21,1570
4147,中裕,47,0,47,港商法國興業,2023-07-21,1570
3711,日月光投控,40,9,31,港商法國興業,2023-07-21,1570
5457,宣德,21,0,21,港商法國興業,2023-07-21,1570
3030,德律,17,0,17,港商法國興業,2023-07-21,1570
9802,鈺齊-KY,17,0,17,港商法國興業,2023-07-21,1570
3702,大聯大,15,0,15,港商法國興業,2023-07-21,1570
2206,三陽工業,14,0,14,港商法國興業,2023-07-21,1570
8069,元太,14,0,14,港商法國興業,2023-07-21,1570
2421,建準,12,0,12,港商法國興業,2023-07-21,1570
8112,至上,11,0,11,港商法國興業,2023-07-21,1570
4164,承業醫,9,0,9,港商法國興業,2023-07-21,1570
5388,中磊,9,0,9,港商法國興業,2023-07-21,1570
2809,京城銀,8,0,8,港商法國興業,2023-07-21,1570
2204,中華,7,0,7,港商法國興業,2023-07-21,1570
4174,浩鼎,6,0,6,港商法國興業,2023-07-21,1570
2351,順德,5,0,5,港商法國興業,2023-07-21,1570
8299,群聯,5,0,5,港商法國興業,2023-07-21,1570
9958,世紀鋼,10,5,5,港商法國興業,2023-07-21,1570
1723,中碳,4,0,4,港商法國興業,2023-07-21,1570
2412,中華電,11,7,4,港商法國興業,2023-07-21,1570
3532,台勝科,4,0,4,港商法國興業,2023-07-21,1570
5347,世界,10,6,4,港商法國興業,2023-07-21,1570
8210,勤誠,4,0,4,港商法國興業,2023-07-21,1570
3665,貿聯-KY,3,0,3,港商法國興業,2023-07-21,1570
4107,邦特,3,0,3,港商法國興業,2023-07-21,1570
2233,宇隆,2,0,2,港商法國興業,2023-07-21,1570
5864,致和證,2,0,2,港商法國興業,2023-07-21,1570
6505,台塑化,8,6,2,港商法國興業,2023-07-21,1570
6863,永道-KY,2,0,2,港商法國興業,2023-07-21,1570
8081,致新,1,0,1,港商法國興業,2023-07-21,1570
2353,宏��,250,0,250,港商法國興業,2023-07-24,1570
2027,大成鋼,127,25,102,港商法國興業,2023-07-24,1570
2881,富邦金,253,156,97,港商法國興業,2023-07-24,1570
2609,陽明,64,0,64,港商法國興業,2023-07-24,1570
2809,京城銀,62,0,62,港商法國興業,2023-07-24,1570
9802,鈺齊-KY,58,0,58,港商法國興業,2023-07-24,1570
2002,中鋼,53,0,53,港商法國興業,2023-07-24,1570
2421,建準,54,9,45,港商法國興業,2023-07-24,1570
3665,貿聯-KY,43,0,43,港商法國興業,2023-07-24,1570
8076,伍豐,42,0,42,港商法國興業,2023-07-24,1570
1712,興農,41,0,41,港商法國興業,2023-07-24,1570
2330,台積電,33,1,32,港商法國興業,2023-07-24,1570
2882,國泰金,31,0,31,港商法國興業,2023-07-24,1570
3189,景碩,27,0,27,港商法國興業,2023-07-24,1570
2356,英業達,26,0,26,港商法國興業,2023-07-24,1570
3030,德律,26,0,26,港商法國興業,2023-07-24,1570
1608,華榮,25,0,25,港商法國興業,2023-07-24,1570
1303,南亞,22,0,22,港商法國興業,2023-07-24,1570
2344,華邦電,30,10,20,港商法國興業,2023-07-24,1570
3037,欣興,19,0,19,港商法國興業,2023-07-24,1570
5347,世界,26,7,19,港商法國興業,2023-07-24,1570
2454,聯發科,18,0,18,港商法國興業,2023-07-24,1570
3702,大聯大,16,0,16,港商法國興業,2023-07-24,1570
5871,中租-KY,15,0,15,港商法國興業,2023-07-24,1570
2610,華航,14,0,14,港商法國興業,2023-07-24,1570
2412,中華電,13,0,13,港商法國興業,2023-07-24,1570
2706,第一店,12,0,12,港商法國興業,2023-07-24,1570
4147,中裕,12,0,12,港商法國興業,2023-07-24,1570
9958,世紀鋼,12,0,12,港商法國興業,2023-07-24,1570
3711,日月光投控,23,13,10,港商法國興業,2023-07-24,1570
2618,長榮航,10,2,8,港商法國興業,2023-07-24,1570
5457,宣德,8,0,8,港商法國興業,2023-07-24,1570
2732,六角,7,0,7,港商法國興業,2023-07-24,1570
3034,聯詠,10,3,7,港商法國興業,2023-07-24,1570
6285,啟��,7,0,7,港商法國興業,2023-07-24,1570
2474,可成,5,0,5,港商法國興業,2023-07-24,1570
2455,全新,5,0,5,港商法國興業,2023-07-24,1570
1268,漢來美食,5,0,5,港商法國興業,2023-07-24,1570
2352,佳世達,2,0,2,港商法國興業,2023-07-24,1570
2049,上銀,2,0,2,港商法國興業,2023-07-24,1570
8299,群聯,2,0,2,港商法國興業,2023-07-24,1570
2233,宇隆,1,0,1,港商法國興業,2023-07-24,1570
2606,裕民,1,0,1,港商法國興業,2023-07-24,1570
4107,邦特,1,0,1,港商法國興業,2023-07-24,1570
8069,元太,1,0,1,港商法國興業,2023-07-24,1570
2882,國泰金,1320,0,1320,港商法國興業,2023-07-25,1570
2409,友達,700,125,575,港商法國興業,2023-07-25,1570
3481,群創,550,100,450,港商法國興業,2023-07-25,1570
1605,華新,326,0,326,港商法國興業,2023-07-25,1570
2419,仲琦,307,0,307,港商法國興業,2023-07-25,1570
6550,北極星藥業-KY,234,0,234,港商法國興業,2023-07-25,1570
1513,中興電,224,0,224,港商法國興業,2023-07-25,1570
3711,日月光投控,209,0,209,港商法國興業,2023-07-25,1570
6187,萬潤,160,0,160,港商法國興業,2023-07-25,1570
2809,京城銀,103,0,103,港商法國興業,2023-07-25,1570
9904,寶成,102,0,102,港商法國興業,2023-07-25,1570
3030,德律,65,0,65,港商法國興業,2023-07-25,1570
3037,欣興,48,2,46,港商法國興業,2023-07-25,1570
5871,中租-KY,36,0,36,港商法國興業,2023-07-25,1570
8069,元太,34,0,34,港商法國興業,2023-07-25,1570
3017,奇鋐,31,0,31,港商法國興業,2023-07-25,1570
3526,凡甲,31,0,31,港商法國興業,2023-07-25,1570
2618,長榮航,30,0,30,港商法國興業,2023-07-25,1570
3231,緯創,29,0,29,港商法國興業,2023-07-25,1570
8299,群聯,29,0,29,港商法國興業,2023-07-25,1570
1560,中砂,27,0,27,港商法國興業,2023-07-25,1570
2352,佳世達,25,0,25,港商法國興業,2023-07-25,1570
2303,聯電,25,0,25,港商法國興業,2023-07-25,1570
1218,泰山,25,0,25,港商法國興業,2023-07-25,1570
6505,台塑化,22,0,22,港商法國興業,2023-07-25,1570
2610,華航,21,0,21,港商法國興業,2023-07-25,1570
8936,國統,21,0,21,港商法國興業,2023-07-25,1570
2888,新光金,70,50,20,港商法國興業,2023-07-25,1570
1326,台化,20,0,20,港商法國興業,2023-07-25,1570
9945,潤泰新,20,0,20,港商法國興業,2023-07-25,1570
3702,大聯大,18,0,18,港商法國興業,2023-07-25,1570
3532,台勝科,21,4,17,港商法國興業,2023-07-25,1570
8464,億豐,17,0,17,港商法國興業,2023-07-25,1570
2029,盛餘,16,0,16,港商法國興業,2023-07-25,1570
1590,亞德客-KY,15,0,15,港商法國興業,2023-07-25,1570
2455,全新,15,0,15,港商法國興業,2023-07-25,1570
2382,廣達,18,4,14,港商法國興業,2023-07-25,1570
6121,新普,14,0,14,港商法國興業,2023-07-25,1570
3596,智易,13,0,13,港商法國興業,2023-07-25,1570
6806,森崴能源,13,0,13,港商法國興業,2023-07-25,1570
2385,群光,11,0,11,港商法國興業,2023-07-25,1570
5321,美而快,9,0,9,港商法國興業,2023-07-25,1570
4536,拓凱,7,0,7,港商法國興業,2023-07-25,1570
1709,和益,6,0,6,港商法國興業,2023-07-25,1570
8931,大汽電,6,0,6,港商法國興業,2023-07-25,1570
3006,晶豪科,5,0,5,港商法國興業,2023-07-25,1570
2357,華碩,4,0,4,港商法國興業,2023-07-25,1570
2308,台達電,3,0,3,港商法國興業,2023-07-25,1570
1712,興農,3,0,3,港商法國興業,2023-07-25,1570
2233,宇隆,2,0,2,港商法國興業,2023-07-25,1570
3481,群創,700,50,650,港商法國興業,2023-07-26,1570
2352,佳世達,610,0,610,港商法國興業,2023-07-26,1570
2888,新光金,500,0,500,港商法國興業,2023-07-26,1570
2409,友達,1100,605,495,港商法國興業,2023-07-26,1570
2027,大成鋼,390,0,390,港商法國興業,2023-07-26,1570
2105,正新,338,0,338,港商法國興業,2023-07-26,1570
2353,宏��,250,11,239,港商法國興業,2023-07-26,1570
2603,長榮,213,1,212,港商法國興業,2023-07-26,1570
6269,台郡,192,0,192,港商法國興業,2023-07-26,1570
6188,廣明,180,0,180,港商法國興業,2023-07-26,1570
6245,立端,171,0,171,港商法國興業,2023-07-26,1570
5388,中磊,168,0,168,港商法國興業,2023-07-26,1570
1101,台泥,171,9,162,港商法國興業,2023-07-26,1570
2340,台亞,158,0,158,港商法國興業,2023-07-26,1570
2883,凱基金,150,0,150,港商法國興業,2023-07-26,1570
2385,群光,140,0,140,港商法國興業,2023-07-26,1570
3037,欣興,69,0,69,港商法國興業,2023-07-26,1570
9904,寶成,62,0,62,港商法國興業,2023-07-26,1570
3056,富華新,59,0,59,港商法國興業,2023-07-26,1570
1409,新纖,52,0,52,港商法國興業,2023-07-26,1570
1712,興農,51,0,51,港商法國興業,2023-07-26,1570
1605,華新,44,0,44,港商法國興業,2023-07-26,1570
6005,群益證,42,0,42,港商法國興業,2023-07-26,1570
2610,華航,45,5,40,港商法國興業,2023-07-26,1570
2891,中信金,46,11,35,港商法國興業,2023-07-26,1570
1312,國喬,34,0,34,港商法國興業,2023-07-26,1570
2885,元大金,33,0,33,港商法國興業,2023-07-26,1570
2376,技嘉,33,2,31,港商法國興業,2023-07-26,1570
8150,南茂,31,0,31,港商法國興業,2023-07-26,1570
1227,佳格,30,0,30,港商法國興業,2023-07-26,1570
2504,國產,26,0,26,港商法國興業,2023-07-26,1570
2103,台橡,26,0,26,港商法國興業,2023-07-26,1570
2002,中鋼,24,0,24,港商法國興業,2023-07-26,1570
3532,台勝科,24,0,24,港商法國興業,2023-07-26,1570
2330,台積電,78,55,23,港商法國興業,2023-07-26,1570
2542,興富發,21,0,21,港商法國興業,2023-07-26,1570
6515,穎崴,21,0,21,港商法國興業,2023-07-26,1570
1904,正隆,20,0,20,港商法國興業,2023-07-26,1570
1102,亞泥,19,0,19,港商法國興業,2023-07-26,1570
4174,浩鼎,19,0,19,港商法國興業,2023-07-26,1570
8299,群聯,17,0,17,港商法國興業,2023-07-26,1570
2049,上銀,16,0,16,港商法國興業,2023-07-26,1570
3702,大聯大,15,0,15,港商法國興業,2023-07-26,1570
2393,億光,14,0,14,港商法國興業,2023-07-26,1570
2347,聯強,14,0,14,港商法國興業,2023-07-26,1570
6257,矽格,14,0,14,港商法國興業,2023-07-26,1570
8112,至上,14,0,14,港商法國興業,2023-07-26,1570
2303,聯電,11,0,11,港商法國興業,2023-07-26,1570
2449,京元電子,11,0,11,港商法國興業,2023-07-26,1570
2441,超豐,11,0,11,港商法國興業,2023-07-26,1570
2882,國泰金,1962,2,1960,港商法國興業,2023-07-27,1570
2027,大成鋼,1612,0,1612,港商法國興業,2023-07-27,1570
2888,新光金,1034,0,1034,港商法國興業,2023-07-27,1570
6116,彩晶,611,0,611,港商法國興業,2023-07-27,1570
3481,群創,700,300,400,港商法國興業,2023-07-27,1570
2317,鴻海,398,7,391,港商法國興業,2023-07-27,1570
2353,宏��,383,0,383,港商法國興業,2023-07-27,1570
2344,華邦電,373,0,373,港商法國興業,2023-07-27,1570
2610,華航,330,0,330,港商法國興業,2023-07-27,1570
3576,聯合再生,312,0,312,港商法國興業,2023-07-27,1570
2498,宏達電,275,0,275,港商法國興業,2023-07-27,1570
2887,台新金,271,0,271,港商法國興業,2023-07-27,1570
2883,凱基金,350,80,270,港商法國興業,2023-07-27,1570
2409,友達,1380,1120,260,港商法國興業,2023-07-27,1570
2891,中信金,277,34,243,港商法國興業,2023-07-27,1570
2408,南亞科,250,30,220,港商法國興業,2023-07-27,1570
2329,華泰,213,0,213,港商法國興業,2023-07-27,1570
2884,玉山金,241,30,211,港商法國興業,2023-07-27,1570
1101,台泥,202,0,202,港商法國興業,2023-07-27,1570
2890,永豐金,157,0,157,港商法國興業,2023-07-27,1570
2330,台積電,147,0,147,港商法國興業,2023-07-27,1570
2886,兆豐金,153,17,136,港商法國興業,2023-07-27,1570
4123,晟德,135,0,135,港商法國興業,2023-07-27,1570
3056,富華新,132,0,132,港商法國興業,2023-07-27,1570
2880,華南金,129,0,129,港商法國興業,2023-07-27,1570
2002,中鋼,97,3,94,港商法國興業,2023-07-27,1570
2913,農林,94,0,94,港商法國興業,2023-07-27,1570
2363,矽統,77,0,77,港商法國興業,2023-07-27,1570
2892,第一金,92,16,76,港商法國興業,2023-07-27,1570
2618,長榮航,134,75,59,港商法國興業,2023-07-27,1570
6166,凌華,58,0,58,港商法國興業,2023-07-27,1570
3305,昇貿,53,0,53,港商法國興業,2023-07-27,1570
4167,松瑞藥,52,0,52,港商法國興業,2023-07-27,1570
6129,普誠,50,0,50,港商法國興業,2023-07-27,1570
9933,中鼎,46,0,46,港商法國興業,2023-07-27,1570
3005,神基,39,0,39,港商法國興業,2023-07-27,1570
4564,元翎,39,0,39,港商法國興業,2023-07-27,1570
1301,台塑,41,3,38,港商法國興業,2023-07-27,1570
1536,和大,36,0,36,港商法國興業,2023-07-27,1570
2606,裕民,36,0,36,港商法國興業,2023-07-27,1570
5608,四維航,35,0,35,港商法國興業,2023-07-27,1570
2324,仁寶,33,0,33,港商法國興業,2023-07-27,1570
2412,中華電,35,7,28,港商法國興業,2023-07-27,1570
2845,遠東銀,27,0,27,港商法國興業,2023-07-27,1570
3711,日月光投控,30,7,23,港商法國興業,2023-07-27,1570
1402,遠東新,22,0,22,港商法國興業,2023-07-27,1570
2706,第一店,22,0,22,港商法國興業,2023-07-27,1570
4770,上品,22,0,22,港商法國興業,2023-07-27,1570
6505,台塑化,22,0,22,港商法國興業,2023-07-27,1570
2106,建大,21,0,21,港商法國興業,2023-07-27,1570
3481,群創,1119,100,1019,港商法國興業,2023-07-28,1570
6116,彩晶,330,0,330,港商法國興業,2023-07-28,1570
2408,南亞科,492,180,312,港商法國興業,2023-07-28,1570
2344,華邦電,350,100,250,港商法國興業,2023-07-28,1570
3711,日月光投控,190,22,168,港商法國興業,2023-07-28,1570
2104,國際中橡,163,0,163,港商法國興業,2023-07-28,1570
2888,新光金,722,592,130,港商法國興業,2023-07-28,1570
6290,良維,136,12,124,港商法國興業,2023-07-28,1570
2002,中鋼,123,0,123,港商法國興業,2023-07-28,1570
2367,燿華,117,0,117,港商法國興業,2023-07-28,1570
1304,台聚,92,0,92,港商法國興業,2023-07-28,1570
3051,力特,91,0,91,港商法國興業,2023-07-28,1570
8027,鈦昇,91,0,91,港商法國興業,2023-07-28,1570
2458,義隆,85,0,85,港商法國興業,2023-07-28,1570
2201,裕隆,73,0,73,港商法國興業,2023-07-28,1570
9907,統一實,72,0,72,港商法國興業,2023-07-28,1570
3037,欣興,72,21,51,港商法國興業,2023-07-28,1570
2442,新美齊,50,0,50,港商法國興業,2023-07-28,1570
2881,富邦金,50,0,50,港商法國興業,2023-07-28,1570
2834,臺企銀,49,0,49,港商法國興業,2023-07-28,1570
2855,統一證,46,0,46,港商法國興業,2023-07-28,1570
1227,佳格,45,0,45,港商法國興業,2023-07-28,1570
3105,穩懋,45,0,45,港商法國興業,2023-07-28,1570
2425,承啟,41,0,41,港商法國興業,2023-07-28,1570
6719,力智,38,0,38,港商法國興業,2023-07-28,1570
3028,增你強,34,0,34,港商法國興業,2023-07-28,1570
4564,元翎,31,0,31,港商法國興業,2023-07-28,1570
2603,長榮,30,0,30,港商法國興業,2023-07-28,1570
6279,胡連,28,0,28,港商法國興業,2023-07-28,1570
3030,德律,27,0,27,港商法國興業,2023-07-28,1570
3041,揚智,26,0,26,港商法國興業,2023-07-28,1570
2303,聯電,24,0,24,港商法國興業,2023-07-28,1570
2059,川湖,24,0,24,港商法國興業,2023-07-28,1570
1536,和大,22,0,22,港商法國興業,2023-07-28,1570
2706,第一店,22,0,22,港商法國興業,2023-07-28,1570
4105,東洋,22,0,22,港商法國興業,2023-07-28,1570
2539,櫻花建,20,0,20,港商法國興業,2023-07-28,1570
8464,億豐,20,0,20,港商法國興業,2023-07-28,1570
1442,名軒,19,0,19,港商法國興業,2023-07-28,1570
6237,驊訊,18,0,18,港商法國興業,2023-07-28,1570
9933,中鼎,18,0,18,港商法國興業,2023-07-28,1570
2454,聯發科,17,0,17,港商法國興業,2023-07-28,1570
8942,森鉅,17,0,17,港商法國興業,2023-07-28,1570
8048,德勝,16,0,16,港商法國興業,2023-07-28,1570
8415,大國鋼,16,0,16,港商法國興業,2023-07-28,1570
2615,萬海,15,0,15,港商法國興業,2023-07-28,1570
3189,景碩,35,20,15,港商法國興業,2023-07-28,1570
4919,新唐,15,0,15,港商法國興業,2023-07-28,1570
3374,精材,14,0,14,港商法國興業,2023-07-28,1570
2608,嘉里大榮,13,0,13,港商法國興業,2023-07-28,1570
2330,台積電,545,16,529,港商法國興業,2023-07-31,1570
2515,中工,317,0,317,港商法國興業,2023-07-31,1570
2455,全新,315,1,314,港商法國興業,2023-07-31,1570
1504,東元,299,0,299,港商法國興業,2023-07-31,1570
2880,華南金,213,16,197,港商法國興業,2023-07-31,1570
2888,新光金,483,300,183,港商法國興業,2023-07-31,1570
8046,南電,180,0,180,港商法國興業,2023-07-31,1570
6257,矽格,179,0,179,港商法國興業,2023-07-31,1570
2890,永豐金,172,2,170,港商法國興業,2023-07-31,1570
2317,鴻海,192,23,169,港商法國興業,2023-07-31,1570
2323,中環,163,0,163,港商法國興業,2023-07-31,1570
2104,國際中橡,127,0,127,港商法國興業,2023-07-31,1570
3005,神基,122,0,122,港商法國興業,2023-07-31,1570
6770,力積電,122,0,122,港商法國興業,2023-07-31,1570
1304,台聚,104,0,104,港商法國興業,2023-07-31,1570
2891,中信金,78,0,78,港商法國興業,2023-07-31,1570
6214,精誠,76,0,76,港商法國興業,2023-07-31,1570
5880,合庫金,82,23,59,港商法國興業,2023-07-31,1570
2887,台新金,57,0,57,港商法國興業,2023-07-31,1570
6182,合晶,56,0,56,港商法國興業,2023-07-31,1570
2618,長榮航,53,0,53,港商法國興業,2023-07-31,1570
2607,榮運,52,0,52,港商法國興業,2023-07-31,1570
2356,英業達,79,29,50,港商法國興業,2023-07-31,1570
3576,聯合再生,49,0,49,港商法國興業,2023-07-31,1570
2834,臺企銀,47,0,47,港商法國興業,2023-07-31,1570
1789,神隆,46,0,46,港商法國興業,2023-07-31,1570
6278,台表科,45,0,45,港商法國興業,2023-07-31,1570
1307,三芳,44,0,44,港商法國興業,2023-07-31,1570
2892,第一金,48,10,38,港商法國興業,2023-07-31,1570
5876,上海商銀,37,0,37,港商法國興業,2023-07-31,1570
2367,燿華,31,0,31,港商法國興業,2023-07-31,1570
2340,台亞,30,0,30,港商法國興業,2023-07-31,1570
2301,光寶科,47,17,30,港商法國興業,2023-07-31,1570
2312,金寶,28,0,28,港商法國興業,2023-07-31,1570
2388,威盛,28,0,28,港商法國興業,2023-07-31,1570
3264,欣銓,28,0,28,港商法國興業,2023-07-31,1570
9904,寶成,28,0,28,港商法國興業,2023-07-31,1570
2489,瑞軒,27,0,27,港商法國興業,2023-07-31,1570
9938,百和,27,0,27,港商法國興業,2023-07-31,1570
6285,啟��,26,0,26,港商法國興業,2023-07-31,1570
1722,台肥,24,0,24,港商法國興業,2023-07-31,1570
2885,元大金,24,0,24,港商法國興業,2023-07-31,1570
2915,潤泰全,24,0,24,港商法國興業,2023-07-31,1570
1609,大亞,23,0,23,港商法國興業,2023-07-31,1570
3017,奇鋐,23,0,23,港商法國興業,2023-07-31,1570
2603,長榮,21,0,21,港商法國興業,2023-07-31,1570
6456,GIS-KY,20,0,20,港商法國興業,2023-07-31,1570
9935,慶豐富,20,0,20,港商法國興業,2023-07-31,1570
2105,正新,19,0,19,港商法國興業,2023-07-31,1570
2884,玉山金,19,0,19,港商法國興業,2023-07-31,1570
2882,國泰金,2584,0,2584,港商法國興業,2023-08-01,1570
2317,鴻海,313,0,313,港商法國興業,2023-08-01,1570
5871,中租-KY,256,0,256,港商法國興業,2023-08-01,1570
2880,華南金,252,0,252,港商法國興業,2023-08-01,1570
2610,華航,251,0,251,港商法國興業,2023-08-01,1570
2888,新光金,250,0,250,港商法國興業,2023-08-01,1570
1815,富喬,156,0,156,港商法國興業,2023-08-01,1570
2618,長榮航,190,73,117,港商法國興業,2023-08-01,1570
2409,友達,100,0,100,港商法國興業,2023-08-01,1570
6550,北極星藥業-KY,100,0,100,港商法國興業,2023-08-01,1570
5880,合庫金,87,0,87,港商法國興業,2023-08-01,1570
2891,中信金,80,0,80,港商法國興業,2023-08-01,1570
3189,景碩,80,10,70,港商法國興業,2023-08-01,1570
2104,國際中橡,64,0,64,港商法國興業,2023-08-01,1570
1802,台玻,44,0,44,港商法國興業,2023-08-01,1570
3576,聯合再生,44,0,44,港商法國興業,2023-08-01,1570
3041,揚智,37,0,37,港商法國興業,2023-08-01,1570
2886,兆豐金,36,0,36,港商法國興業,2023-08-01,1570
2301,光寶科,33,0,33,港商法國興業,2023-08-01,1570
2356,英業達,61,29,32,港商法國興業,2023-08-01,1570
3526,凡甲,32,0,32,港商法國興業,2023-08-01,1570
2454,聯發科,30,0,30,港商法國興業,2023-08-01,1570
2884,玉山金,28,0,28,港商法國興業,2023-08-01,1570
6491,晶碩,28,0,28,港商法國興業,2023-08-01,1570
3048,益登,24,0,24,港商法國興業,2023-08-01,1570
6021,美好證,24,0,24,港商法國興業,2023-08-01,1570
2002,中鋼,23,0,23,港商法國興業,2023-08-01,1570
2885,元大金,22,0,22,港商法國興業,2023-08-01,1570
4130,健亞,20,0,20,港商法國興業,2023-08-01,1570
6282,康舒,20,0,20,港商法國興業,2023-08-01,1570
2892,第一金,19,0,19,港商法國興業,2023-08-01,1570
3045,台灣大,19,0,19,港商法國興業,2023-08-01,1570
1216,統一,18,0,18,港商法國興業,2023-08-01,1570
2308,台達電,17,0,17,港商法國興業,2023-08-01,1570
3711,日月光投控,16,0,16,港商法國興業,2023-08-01,1570
3231,緯創,86,71,15,港商法國興業,2023-08-01,1570
8183,精星,14,0,14,港商法國興業,2023-08-01,1570
8464,億豐,13,0,13,港商法國興業,2023-08-01,1570
2206,三陽工業,12,0,12,港商法國興業,2023-08-01,1570
1303,南亞,11,0,11,港商法國興業,2023-08-01,1570
2382,廣達,11,0,11,港商法國興業,2023-08-01,1570
3028,增你強,10,0,10,港商法國興業,2023-08-01,1570
5876,上海商銀,9,0,9,港商法國興業,2023-08-01,1570
2412,中華電,8,0,8,港商法國興業,2023-08-01,1570
3030,德律,8,0,8,港商法國興業,2023-08-01,1570
3691,碩禾,8,0,8,港商法國興業,2023-08-01,1570
4960,誠美材,8,0,8,港商法國興業,2023-08-01,1570
2324,仁寶,7,0,7,港商法國興業,2023-08-01,1570
2013,中鋼構,7,0,7,港商法國興業,2023-08-01,1570
1301,台塑,7,0,7,港商法國興業,2023-08-01,1570
1605,華新,623,0,623,港商法國興業,2023-08-02,1570
1326,台化,281,0,281,港商法國興業,2023-08-02,1570
5871,中租-KY,221,0,221,港商法國興業,2023-08-02,1570
2104,國際中橡,133,0,133,港商法國興業,2023-08-02,1570
6274,台燿,114,0,114,港商法國興業,2023-08-02,1570
1802,台玻,108,0,108,港商法國興業,2023-08-02,1570
2603,長榮,89,0,89,港商法國興業,2023-08-02,1570
4123,晟德,57,0,57,港商法國興業,2023-08-02,1570
9933,中鼎,51,0,51,港商法國興業,2023-08-02,1570
1303,南亞,49,0,49,港商法國興業,2023-08-02,1570
5876,上海商銀,46,0,46,港商法國興業,2023-08-02,1570
4707,磐亞,45,0,45,港商法國興業,2023-08-02,1570
2501,國建,44,0,44,港商法國興業,2023-08-02,1570
1815,富喬,44,0,44,港商法國興業,2023-08-02,1570
2884,玉山金,217,174,43,港商法國興業,2023-08-02,1570
2363,矽統,38,0,38,港商法國興業,2023-08-02,1570
3305,昇貿,38,0,38,港商法國興業,2023-08-02,1570
2426,鼎元,35,0,35,港商法國興業,2023-08-02,1570
2706,第一店,35,0,35,港商法國興業,2023-08-02,1570
9934,成霖,33,0,33,港商法國興業,2023-08-02,1570
1536,和大,32,0,32,港商法國興業,2023-08-02,1570
2461,光群雷,27,0,27,港商法國興業,2023-08-02,1570
2834,臺企銀,27,0,27,港商法國興業,2023-08-02,1570
3231,緯創,27,0,27,港商法國興業,2023-08-02,1570
8415,大國鋼,26,0,26,港商法國興業,2023-08-02,1570
3034,聯詠,24,0,24,港商法國興業,2023-08-02,1570
4533,協易機,23,0,23,港商法國興業,2023-08-02,1570
1434,福懋,21,0,21,港商法國興業,2023-08-02,1570
1109,信大,20,0,20,港商法國興業,2023-08-02,1570
2355,敬鵬,20,0,20,港商法國興業,2023-08-02,1570
5410,國眾,20,0,20,港商法國興業,2023-08-02,1570
2105,正新,18,0,18,港商法國興業,2023-08-02,1570
2352,佳世達,17,0,17,港商法國興業,2023-08-02,1570
2606,裕民,16,0,16,港商法國興業,2023-08-02,1570
1301,台塑,15,0,15,港商法國興業,2023-08-02,1570
3045,台灣大,15,0,15,港商法國興業,2023-08-02,1570
3189,景碩,15,0,15,港商法國興業,2023-08-02,1570
3552,同致,15,0,15,港商法國興業,2023-08-02,1570
2303,聯電,14,0,14,港商法國興業,2023-08-02,1570
4174,浩鼎,14,0,14,港商法國興業,2023-08-02,1570
5469,瀚宇博,14,0,14,港商法國興業,2023-08-02,1570
6266,泰詠,14,0,14,港商法國興業,2023-08-02,1570
2425,承啟,13,0,13,港商法國興業,2023-08-02,1570
3704,合勤控,13,0,13,港商法國興業,2023-08-02,1570
6147,頎邦,13,0,13,港商法國興業,2023-08-02,1570
3374,精材,12,0,12,港商法國興業,2023-08-02,1570
1310,台苯,11,0,11,港商法國興業,2023-08-02,1570
3037,欣興,10,0,10,港商法國興業,2023-08-02,1570
4953,緯軟,10,0,10,港商法國興業,2023-08-02,1570
2478,大毅,9,0,9,港商法國興業,2023-08-02,1570
5871,中租-KY,378,0,378,港商法國興業,2023-08-04,1570
3481,群創,351,0,351,港商法國興業,2023-08-04,1570
2402,毅嘉,193,0,193,港商法國興業,2023-08-04,1570
5880,合庫金,157,0,157,港商法國興業,2023-08-04,1570
2353,宏��,156,0,156,港商法國興業,2023-08-04,1570
2104,國際中橡,146,0,146,港商法國興業,2023-08-04,1570
2409,友達,207,64,143,港商法國興業,2023-08-04,1570
4960,誠美材,132,0,132,港商法國興業,2023-08-04,1570
1815,富喬,119,0,119,港商法國興業,2023-08-04,1570
2317,鴻海,107,13,94,港商法國興業,2023-08-04,1570
2014,中鴻,73,0,73,港商法國興業,2023-08-04,1570
2889,國票金,56,0,56,港商法國興業,2023-08-04,1570
2888,新光金,150,100,50,港商法國興業,2023-08-04,1570
1309,台達化,47,0,47,港商法國興業,2023-08-04,1570
8150,南茂,50,3,47,港商法國興業,2023-08-04,1570
1102,亞泥,46,0,46,港商法國興業,2023-08-04,1570
1802,台玻,66,22,44,港商法國興業,2023-08-04,1570
1305,華夏,44,0,44,港商法國興業,2023-08-04,1570
2313,華通,40,0,40,港商法國興業,2023-08-04,1570
9910,豐泰,40,0,40,港商法國興業,2023-08-04,1570
6285,啟��,37,0,37,港商法國興業,2023-08-04,1570
1909,榮成,32,0,32,港商法國興業,2023-08-04,1570
2603,長榮,32,0,32,港商法國興業,2023-08-04,1570
2329,華泰,30,0,30,港商法國興業,2023-08-04,1570
3005,神基,30,1,29,港商法國興業,2023-08-04,1570
2383,台光電,26,0,26,港商法國興業,2023-08-04,1570
3045,台灣大,21,0,21,港商法國興業,2023-08-04,1570
3189,景碩,21,0,21,港商法國興業,2023-08-04,1570
2105,正新,18,2,16,港商法國興業,2023-08-04,1570
6176,瑞儀,15,0,15,港商法國興業,2023-08-04,1570
5347,世界,14,0,14,港商法國興業,2023-08-04,1570
5483,中美晶,13,0,13,港商法國興業,2023-08-04,1570
2303,聯電,12,0,12,港商法國興業,2023-08-04,1570
3044,健鼎,12,0,12,港商法國興業,2023-08-04,1570
2388,威盛,11,0,11,港商法國興業,2023-08-04,1570
2449,京元電子,11,0,11,港商法國興業,2023-08-04,1570
3019,亞光,11,0,11,港商法國興業,2023-08-04,1570
4770,上品,11,0,11,港商法國興業,2023-08-04,1570
2377,微星,12,3,9,港商法國興業,2023-08-04,1570
3022,威強電,9,0,9,港商法國興業,2023-08-04,1570
8081,致新,9,0,9,港商法國興業,2023-08-04,1570
3037,欣興,8,0,8,港商法國興業,2023-08-04,1570
3532,台勝科,8,0,8,港商法國興業,2023-08-04,1570
6197,佳必琪,8,0,8,港商法國興業,2023-08-04,1570
8415,大國鋼,8,0,8,港商法國興業,2023-08-04,1570
9914,美利達,8,0,8,港商法國興業,2023-08-04,1570
3030,德律,7,0,7,港商法國興業,2023-08-04,1570
6266,泰詠,7,0,7,港商法國興業,2023-08-04,1570
8046,南電,7,0,7,港商法國興業,2023-08-04,1570
1109,信大,6,0,6,港商法國興業,2023-08-04,1570
2609,陽明,230,5,225,港商法國興業,2023-08-07,1570
2383,台光電,130,1,129,港商法國興業,2023-08-07,1570
1711,永光,128,0,128,港商法國興業,2023-08-07,1570
2363,矽統,96,0,96,港商法國興業,2023-08-07,1570
2104,國際中橡,95,0,95,港商法國興業,2023-08-07,1570
2303,聯電,70,0,70,港商法國興業,2023-08-07,1570
4904,遠傳,63,4,59,港商法國興業,2023-08-07,1570
6278,台表科,59,0,59,港商法國興業,2023-08-07,1570
2313,華通,50,0,50,港商法國興業,2023-08-07,1570
2340,台亞,47,0,47,港商法國興業,2023-08-07,1570
6024,群益期,42,0,42,港商法國興業,2023-08-07,1570
2404,漢唐,38,0,38,港商法國興業,2023-08-07,1570
2606,裕民,37,0,37,港商法國興業,2023-08-07,1570
1326,台化,36,0,36,港商法國興業,2023-08-07,1570
2108,南帝,36,0,36,港商法國興業,2023-08-07,1570
5876,上海商銀,34,0,34,港商法國興業,2023-08-07,1570
3189,景碩,33,0,33,港商法國興業,2023-08-07,1570
3711,日月光投控,33,0,33,港商法國興業,2023-08-07,1570
1909,榮成,29,0,29,港商法國興業,2023-08-07,1570
2344,華邦電,28,0,28,港商法國興業,2023-08-07,1570
3005,神基,27,0,27,港商法國興業,2023-08-07,1570
4952,凌通,27,0,27,港商法國興業,2023-08-07,1570
5609,中菲行,25,0,25,港商法國興業,2023-08-07,1570
3022,威強電,24,0,24,港商法國興業,2023-08-07,1570
2395,研華,23,2,21,港商法國興業,2023-08-07,1570
2362,藍天,20,0,20,港商法國興業,2023-08-07,1570
6770,力積電,20,0,20,港商法國興業,2023-08-07,1570
2402,毅嘉,19,0,19,港商法國興業,2023-08-07,1570
2706,第一店,18,0,18,港商法國興業,2023-08-07,1570
3014,聯陽,18,0,18,港商法國興業,2023-08-07,1570
3037,欣興,18,0,18,港商法國興業,2023-08-07,1570
3026,禾伸堂,16,0,16,港商法國興業,2023-08-07,1570
2451,創見,15,0,15,港商法國興業,2023-08-07,1570
2548,華固,15,0,15,港商法國興業,2023-08-07,1570
2385,群光,15,0,15,港商法國興業,2023-08-07,1570
3455,由田,15,0,15,港商法國興業,2023-08-07,1570
6214,精誠,15,0,15,港商法國興業,2023-08-07,1570
8924,大田,15,0,15,港商法國興業,2023-08-07,1570
1303,南亞,14,0,14,港商法國興業,2023-08-07,1570
1402,遠東新,13,0,13,港商法國興業,2023-08-07,1570
2002,中鋼,12,0,12,港商法國興業,2023-08-07,1570
3044,健鼎,12,0,12,港商法國興業,2023-08-07,1570
5425,台半,12,0,12,港商法國興業,2023-08-07,1570
5434,崇越,12,0,12,港商法國興業,2023-08-07,1570
6176,瑞儀,12,0,12,港商法國興業,2023-08-07,1570
6271,同欣電,12,0,12,港商法國興業,2023-08-07,1570
2369,菱生,11,0,11,港商法國興業,2023-08-07,1570
3034,聯詠,11,0,11,港商法國興業,2023-08-07,1570
6806,森崴能源,11,0,11,港商法國興業,2023-08-07,1570
3019,亞光,10,0,10,港商法國興業,2023-08-07,1570
2303,聯電,1520,30,1490,港商法國興業,2023-08-08,1570
2882,國泰金,1125,18,1107,港商法國興業,2023-08-08,1570
2002,中鋼,1006,10,996,港商法國興業,2023-08-08,1570
2834,臺企銀,826,0,826,港商法國興業,2023-08-08,1570
2317,鴻海,652,60,592,港商法國興業,2023-08-08,1570
1101,台泥,542,5,537,港商法國興業,2023-08-08,1570
2352,佳世達,422,0,422,港商法國興業,2023-08-08,1570
2610,華航,468,53,415,港商法國興業,2023-08-08,1570
2891,中信金,423,15,408,港商法國興業,2023-08-08,1570
2105,正新,407,0,407,港商法國興業,2023-08-08,1570
1216,統一,382,5,377,港商法國興業,2023-08-08,1570
2382,廣達,373,2,371,港商法國興業,2023-08-08,1570
3105,穩懋,333,0,333,港商法國興業,2023-08-08,1570
2884,玉山金,372,45,327,港商法國興業,2023-08-08,1570
3711,日月光投控,315,0,315,港商法國興業,2023-08-08,1570
2330,台積電,384,95,289,港商法國興業,2023-08-08,1570
3231,緯創,291,11,280,港商法國興業,2023-08-08,1570
2886,兆豐金,278,10,268,港商法國興業,2023-08-08,1570
1301,台塑,248,7,241,港商法國興業,2023-08-08,1570
5483,中美晶,199,0,199,港商法國興業,2023-08-08,1570
1303,南亞,200,4,196,港商法國興業,2023-08-08,1570
2412,中華電,187,4,183,港商法國興業,2023-08-08,1570
5876,上海商銀,172,0,172,港商法國興業,2023-08-08,1570
2408,南亞科,181,11,170,港商法國興業,2023-08-08,1570
2888,新光金,144,0,144,港商法國興業,2023-08-08,1570
4904,遠傳,139,2,137,港商法國興業,2023-08-08,1570
2383,台光電,135,0,135,港商法國興業,2023-08-08,1570
3481,群創,474,350,124,港商法國興業,2023-08-08,1570
2881,富邦金,113,19,94,港商法國興業,2023-08-08,1570
9904,寶成,90,0,90,港商法國興業,2023-08-08,1570
3023,信邦,86,0,86,港商法國興業,2023-08-08,1570
5880,合庫金,94,9,85,港商法國興業,2023-08-08,1570
2609,陽明,314,232,82,港商法國興業,2023-08-08,1570
1409,新纖,80,0,80,港商法國興業,2023-08-08,1570
2885,元大金,79,0,79,港商法國興業,2023-08-08,1570
2542,興富發,69,2,67,港商法國興業,2023-08-08,1570
1513,中興電,59,0,59,港商法國興業,2023-08-08,1570
6770,力積電,59,0,59,港商法國興業,2023-08-08,1570
1326,台化,53,0,53,港商法國興業,2023-08-08,1570
2887,台新金,63,10,53,港商法國興業,2023-08-08,1570
6005,群益證,49,0,49,港商法國興業,2023-08-08,1570
2603,長榮,45,0,45,港商法國興業,2023-08-08,1570
2892,第一金,68,26,42,港商法國興業,2023-08-08,1570
1717,長興,54,13,41,港商法國興業,2023-08-08,1570
1102,亞泥,37,0,37,港商法國興業,2023-08-08,1570
2498,宏達電,37,0,37,港商法國興業,2023-08-08,1570
2633,台灣高鐵,38,1,37,港商法國興業,2023-08-08,1570
8044,網家,35,0,35,港商法國興業,2023-08-08,1570
1402,遠東新,36,2,34,港商法國興業,2023-08-08,1570
6147,頎邦,34,0,34,港商法國興業,2023-08-08,1570
2412,中華電,700,0,700,港商法國興業,2023-08-09,1570
2610,華航,640,203,437,港商法國興業,2023-08-09,1570
1102,亞泥,224,0,224,港商法國興業,2023-08-09,1570
3105,穩懋,185,0,185,港商法國興業,2023-08-09,1570
1711,永光,133,0,133,港商法國興業,2023-08-09,1570
2344,華邦電,101,0,101,港商法國興業,2023-08-09,1570
6282,康舒,99,0,99,港商法國興業,2023-08-09,1570
3711,日月光投控,90,10,80,港商法國興業,2023-08-09,1570
2002,中鋼,66,0,66,港商法國興業,2023-08-09,1570
1513,中興電,59,0,59,港商法國興業,2023-08-09,1570
2317,鴻海,88,30,58,港商法國興業,2023-08-09,1570
9904,寶成,55,0,55,港商法國興業,2023-08-09,1570
2455,全新,48,0,48,港商法國興業,2023-08-09,1570
3380,明泰,48,0,48,港商法國興業,2023-08-09,1570
4960,誠美材,47,0,47,港商法國興業,2023-08-09,1570
2618,長榮航,80,34,46,港商法國興業,2023-08-09,1570
8086,宏捷科,25,0,25,港商法國興業,2023-08-09,1570
3017,奇鋐,23,0,23,港商法國興業,2023-08-09,1570
3413,京鼎,22,0,22,港商法國興業,2023-08-09,1570
2330,台積電,21,0,21,港商法國興業,2023-08-09,1570
1442,名軒,21,0,21,港商法國興業,2023-08-09,1570
9914,美利達,19,0,19,港商法國興業,2023-08-09,1570
1216,統一,17,0,17,港商法國興業,2023-08-09,1570
5457,宣德,17,0,17,港商法國興業,2023-08-09,1570
2480,敦陽科,16,0,16,港商法國興業,2023-08-09,1570
2609,陽明,16,0,16,港商法國興業,2023-08-09,1570
2301,光寶科,16,0,16,港商法國興業,2023-08-09,1570
3005,神基,13,0,13,港商法國興業,2023-08-09,1570
2404,漢唐,18,6,12,港商法國興業,2023-08-09,1570
3680,家登,12,0,12,港商法國興業,2023-08-09,1570
6770,力積電,12,0,12,港商法國興業,2023-08-09,1570
1326,台化,11,0,11,港商法國興業,2023-08-09,1570
8210,勤誠,11,0,11,港商法國興業,2023-08-09,1570
2388,威盛,10,0,10,港商法國興業,2023-08-09,1570
3189,景碩,10,0,10,港商法國興業,2023-08-09,1570
4162,智擎,10,0,10,港商法國興業,2023-08-09,1570
2603,長榮,10,1,9,港商法國興業,2023-08-09,1570
2395,研華,9,0,9,港商法國興業,2023-08-09,1570
8114,振樺電,9,0,9,港商法國興業,2023-08-09,1570
2353,宏��,8,0,8,港商法國興業,2023-08-09,1570
4174,浩鼎,8,0,8,港商法國興業,2023-08-09,1570
5388,中磊,10,2,8,港商法國興業,2023-08-09,1570
6416,瑞祺電通,8,0,8,港商法國興業,2023-08-09,1570
2454,聯發科,7,0,7,港商法國興業,2023-08-09,1570
3042,晶技,7,0,7,港商法國興業,2023-08-09,1570
1503,士電,6,0,6,港商法國興業,2023-08-09,1570
2486,一詮,6,0,6,港商法國興業,2023-08-09,1570
2457,飛宏,5,0,5,港商法國興業,2023-08-09,1570
3443,創意,5,0,5,港商法國興業,2023-08-09,1570
4770,上品,5,0,5,港商法國興業,2023-08-09,1570
2882,國泰金,1343,0,1343,港商法國興業,2023-08-10,1570
2888,新光金,400,200,200,港商法國興業,2023-08-10,1570
2618,長榮航,205,50,155,港商法國興業,2023-08-10,1570
3481,群創,137,0,137,港商法國興業,2023-08-10,1570
2002,中鋼,133,0,133,港商法國興業,2023-08-10,1570
2006,東和鋼鐵,118,0,118,港商法國興業,2023-08-10,1570
1303,南亞,115,0,115,港商法國興業,2023-08-10,1570
1402,遠東新,113,0,113,港商法國興業,2023-08-10,1570
2633,台灣高鐵,111,0,111,港商法國興業,2023-08-10,1570
3017,奇鋐,107,0,107,港商法國興業,2023-08-10,1570
2637,慧洋-KY,104,0,104,港商法國興業,2023-08-10,1570
2382,廣達,103,0,103,港商法國興業,2023-08-10,1570
2303,聯電,88,0,88,港商法國興業,2023-08-10,1570
2845,遠東銀,60,0,60,港商法國興業,2023-08-10,1570
1711,永光,56,0,56,港商法國興業,2023-08-10,1570
2014,中鴻,54,0,54,港商法國興業,2023-08-10,1570
3231,緯創,54,0,54,港商法國興業,2023-08-10,1570
4904,遠傳,41,0,41,港商法國興業,2023-08-10,1570
9904,寶成,31,0,31,港商法國興業,2023-08-10,1570
1218,泰山,27,0,27,港商法國興業,2023-08-10,1570
9914,美利達,24,0,24,港商法國興業,2023-08-10,1570
1216,統一,21,0,21,港商法國興業,2023-08-10,1570
5443,均豪,20,0,20,港商法國興業,2023-08-10,1570
6127,九豪,20,0,20,港商法國興業,2023-08-10,1570
3038,全台,19,0,19,港商法國興業,2023-08-10,1570
2368,金像電,17,0,17,港商法國興業,2023-08-10,1570
2020,美亞,17,0,17,港商法國興業,2023-08-10,1570
3044,健鼎,17,0,17,港商法國興業,2023-08-10,1570
6472,保瑞,16,0,16,港商法國興業,2023-08-10,1570
6782,視陽,16,0,16,港商法國興業,2023-08-10,1570
2732,六角,15,0,15,港商法國興業,2023-08-10,1570
4174,浩鼎,15,0,15,港商法國興業,2023-08-10,1570
4770,上品,15,0,15,港商法國興業,2023-08-10,1570
8938,明安,15,0,15,港商法國興業,2023-08-10,1570
4908,前鼎,14,0,14,港商法國興業,2023-08-10,1570
5213,亞昕,14,0,14,港商法國興業,2023-08-10,1570
5457,宣德,14,0,14,港商法國興業,2023-08-10,1570
8114,振樺電,14,0,14,港商法國興業,2023-08-10,1570
1604,聲寶,13,0,13,港商法國興業,2023-08-10,1570
3105,穩懋,13,0,13,港商法國興業,2023-08-10,1570
2423,固緯,12,0,12,港商法國興業,2023-08-10,1570
2706,第一店,12,0,12,港商法國興業,2023-08-10,1570
1536,和大,11,0,11,港商法國興業,2023-08-10,1570
6124,業強,11,0,11,港商法國興業,2023-08-10,1570
6698,旭暉應材,11,0,11,港商法國興業,2023-08-10,1570
1338,廣華-KY,10,0,10,港商法國興業,2023-08-10,1570
1519,華城,10,0,10,港商法國興業,2023-08-10,1570
1599,宏佳騰,10,0,10,港商法國興業,2023-08-10,1570
3545,敦泰,10,0,10,港商法國興業,2023-08-10,1570
5530,龍巖,10,0,10,港商法國興業,2023-08-10,1570
2892,第一金,338,0,338,港商法國興業,2023-08-11,1570
2883,凱基金,318,0,318,港商法國興業,2023-08-11,1570
6770,力積電,255,0,255,港商法國興業,2023-08-11,1570
2887,台新金,252,0,252,港商法國興業,2023-08-11,1570
2891,中信金,236,0,236,港商法國興業,2023-08-11,1570
2353,宏��,222,0,222,港商法國興業,2023-08-11,1570
1101,台泥,193,0,193,港商法國興業,2023-08-11,1570
2884,玉山金,186,9,177,港商法國興業,2023-08-11,1570
2890,永豐金,171,0,171,港商法國興業,2023-08-11,1570
6282,康舒,149,0,149,港商法國興業,2023-08-11,1570
1605,華新,147,0,147,港商法國興業,2023-08-11,1570
2882,國泰金,140,0,140,港商法國興業,2023-08-11,1570
2886,兆豐金,137,0,137,港商法國興業,2023-08-11,1570
6142,友勁,136,0,136,港商法國興業,2023-08-11,1570
5009,榮剛,134,0,134,港商法國興業,2023-08-11,1570
2610,華航,326,200,126,港商法國興業,2023-08-11,1570
2618,長榮航,350,230,120,港商法國興業,2023-08-11,1570
2885,元大金,118,0,118,港商法國興業,2023-08-11,1570
9904,寶成,117,0,117,港商法國興業,2023-08-11,1570
2880,華南金,106,0,106,港商法國興業,2023-08-11,1570
1310,台苯,93,0,93,港商法國興業,2023-08-11,1570
1711,永光,78,0,78,港商法國興業,2023-08-11,1570
2637,慧洋-KY,71,0,71,港商法國興業,2023-08-11,1570
2303,聯電,67,0,67,港商法國興業,2023-08-11,1570
9933,中鼎,55,0,55,港商法國興業,2023-08-11,1570
1734,杏輝,49,0,49,港商法國興業,2023-08-11,1570
6285,啟��,45,0,45,港商法國興業,2023-08-11,1570
4904,遠傳,44,0,44,港商法國興業,2023-08-11,1570
5410,國眾,41,0,41,港商法國興業,2023-08-11,1570
2412,中華電,37,0,37,港商法國興業,2023-08-11,1570
3005,神基,32,0,32,港商法國興業,2023-08-11,1570
2330,台積電,80,51,29,港商法國興業,2023-08-11,1570
2488,漢平,28,0,28,港商法國興業,2023-08-11,1570
2603,長榮,24,0,24,港商法國興業,2023-08-11,1570
3034,聯詠,30,7,23,港商法國興業,2023-08-11,1570
3624,光頡,23,0,23,港商法國興業,2023-08-11,1570
2014,中鴻,21,0,21,港商法國興業,2023-08-11,1570
3003,健和興,21,0,21,港商法國興業,2023-08-11,1570
6446,藥華藥,21,0,21,港商法國興業,2023-08-11,1570
2408,南亞科,20,0,20,港商法國興業,2023-08-11,1570
9914,美利達,20,0,20,港商法國興業,2023-08-11,1570
2455,全新,19,0,19,港商法國興業,2023-08-11,1570
2107,厚生,18,0,18,港商法國興業,2023-08-11,1570
6187,萬潤,18,0,18,港商法國興業,2023-08-11,1570
2207,和泰車,17,0,17,港商法國興業,2023-08-11,1570
2633,台灣高鐵,35,19,16,港商法國興業,2023-08-11,1570
3010,華立,18,2,16,港商法國興業,2023-08-11,1570
5530,龍巖,15,0,15,港商法國興業,2023-08-11,1570
6274,台燿,14,0,14,港商法國興業,2023-08-11,1570
3037,欣興,18,5,13,港商法國興業,2023-08-11,1570
2353,宏��,763,0,763,港商法國興業,2023-08-14,1570
5871,中租-KY,320,0,320,港商法國興業,2023-08-14,1570
3380,明泰,248,0,248,港商法國興業,2023-08-14,1570
2324,仁寶,240,0,240,港商法國興業,2023-08-14,1570
3704,合勤控,239,0,239,港商法國興業,2023-08-14,1570
2637,慧洋-KY,104,0,104,港商法國興業,2023-08-14,1570
5388,中磊,101,0,101,港商法國興業,2023-08-14,1570
9939,宏全,85,0,85,港商法國興業,2023-08-14,1570
9914,美利達,84,0,84,港商法國興業,2023-08-14,1570
6770,力積電,57,0,57,港商法國興業,2023-08-14,1570
4904,遠傳,54,0,54,港商法國興業,2023-08-14,1570
1310,台苯,51,0,51,港商法國興業,2023-08-14,1570
6446,藥華藥,51,0,51,港商法國興業,2023-08-14,1570
1301,台塑,45,0,45,港商法國興業,2023-08-14,1570
3576,聯合再生,42,0,42,港商法國興業,2023-08-14,1570
1319,東陽,30,0,30,港商法國興業,2023-08-14,1570
1402,遠東新,26,0,26,港商法國興業,2023-08-14,1570
2485,兆赫,22,1,21,港商法國興業,2023-08-14,1570
3653,健策,21,0,21,港商法國興業,2023-08-14,1570
5410,國眾,21,0,21,港商法國興業,2023-08-14,1570
3711,日月光投控,20,1,19,港商法國興業,2023-08-14,1570
4953,緯軟,19,0,19,港商法國興業,2023-08-14,1570
01003T,兆豐新光R1,18,0,18,港商法國興業,2023-08-14,1570
5222,全訊,18,0,18,港商法國興業,2023-08-14,1570
2457,飛宏,13,0,13,港商法國興業,2023-08-14,1570
2486,一詮,12,0,12,港商法國興業,2023-08-14,1570
2367,燿華,11,0,11,港商法國興業,2023-08-14,1570
5347,世界,11,0,11,港商法國興業,2023-08-14,1570
8227,巨有科技,9,0,9,港商法國興業,2023-08-14,1570
8255,朋程,8,0,8,港商法國興業,2023-08-14,1570
2892,第一金,7,0,7,港商法國興業,2023-08-14,1570
6505,台塑化,6,0,6,港商法國興業,2023-08-14,1570
3105,穩懋,5,0,5,港商法國興業,2023-08-14,1570
2303,聯電,4,0,4,港商法國興業,2023-08-14,1570
4438,廣越,4,0,4,港商法國興業,2023-08-14,1570
8048,德勝,4,0,4,港商法國興業,2023-08-14,1570
2382,廣達,7,4,3,港商法國興業,2023-08-14,1570
1326,台化,3,0,3,港商法國興業,2023-08-14,1570
3592,瑞鼎,3,0,3,港商法國興業,2023-08-14,1570
1711,永光,2,0,2,港商法國興業,2023-08-14,1570
2615,萬海,2,0,2,港商法國興業,2023-08-14,1570
2801,彰銀,2,0,2,港商法國興業,2023-08-14,1570
5465,富驊,2,0,2,港商法國興業,2023-08-14,1570
6472,保瑞,2,0,2,港商法國興業,2023-08-14,1570
8454,富邦媒,2,0,2,港商法國興業,2023-08-14,1570
2454,聯發科,2,1,1,港商法國興業,2023-08-14,1570
2345,智邦,1,0,1,港商法國興業,2023-08-14,1570
2408,南亞科,1,0,1,港商法國興業,2023-08-14,1570
2369,菱生,1,0,1,港商法國興業,2023-08-14,1570
2105,正新,1,0,1,港商法國興業,2023-08-14,1570
2303,聯電,714,57,657,港商法國興業,2023-08-15,1570
2324,仁寶,437,0,437,港商法國興業,2023-08-15,1570
1326,台化,181,0,181,港商法國興業,2023-08-15,1570
6443,元晶,149,0,149,港商法國興業,2023-08-15,1570
6446,藥華藥,129,1,128,港商法國興業,2023-08-15,1570
2880,華南金,123,0,123,港商法國興業,2023-08-15,1570
2317,鴻海,139,28,111,港商法國興業,2023-08-15,1570
1301,台塑,110,0,110,港商法國興業,2023-08-15,1570
5871,中租-KY,102,1,101,港商法國興業,2023-08-15,1570
2610,華航,93,0,93,港商法國興業,2023-08-15,1570
2882,國泰金,102,9,93,港商法國興業,2023-08-15,1570
1402,遠東新,88,0,88,港商法國興業,2023-08-15,1570
3049,精金,86,0,86,港商法國興業,2023-08-15,1570
2368,金像電,84,0,84,港商法國興業,2023-08-15,1570
2603,長榮,94,20,74,港商法國興業,2023-08-15,1570
2883,凱基金,74,0,74,港商法國興業,2023-08-15,1570
1303,南亞,68,0,68,港商法國興業,2023-08-15,1570
2891,中信金,67,0,67,港商法國興業,2023-08-15,1570
8255,朋程,57,0,57,港商法國興業,2023-08-15,1570
6129,普誠,56,0,56,港商法國興業,2023-08-15,1570
9945,潤泰新,52,0,52,港商法國興業,2023-08-15,1570
1608,華榮,51,0,51,港商法國興業,2023-08-15,1570
3105,穩懋,51,0,51,港商法國興業,2023-08-15,1570
6239,力成,55,4,51,港商法國興業,2023-08-15,1570
6016,康和證,50,0,50,港商法國興業,2023-08-15,1570
1308,亞聚,49,0,49,港商法國興業,2023-08-15,1570
5880,合庫金,50,4,46,港商法國興業,2023-08-15,1570
2344,華邦電,44,0,44,港商法國興業,2023-08-15,1570
4526,東台,43,0,43,港商法國興業,2023-08-15,1570
1504,東元,42,0,42,港商法國興業,2023-08-15,1570
4904,遠傳,42,0,42,港商法國興業,2023-08-15,1570
6505,台塑化,42,0,42,港商法國興業,2023-08-15,1570
4167,松瑞藥,41,0,41,港商法國興業,2023-08-15,1570
6770,力積電,41,0,41,港商法國興業,2023-08-15,1570
3533,嘉澤,40,0,40,港商法國興業,2023-08-15,1570
2801,彰銀,39,0,39,港商法國興業,2023-08-15,1570
2884,玉山金,57,18,39,港商法國興業,2023-08-15,1570
2002,中鋼,52,15,37,港商法國興業,2023-08-15,1570
2409,友達,37,0,37,港商法國興業,2023-08-15,1570
3231,緯創,37,0,37,港商法國興業,2023-08-15,1570
8936,國統,37,0,37,港商法國興業,2023-08-15,1570
9938,百和,44,7,37,港商法國興業,2023-08-15,1570
2535,達欣工,34,0,34,港商法國興業,2023-08-15,1570
3005,神基,36,2,34,港商法國興業,2023-08-15,1570
2637,慧洋-KY,33,0,33,港商法國興業,2023-08-15,1570
1101,台泥,32,0,32,港商法國興業,2023-08-15,1570
2485,兆赫,32,0,32,港商法國興業,2023-08-15,1570
3010,華立,32,0,32,港商法國興業,2023-08-15,1570
2492,華新科,31,0,31,港商法國興業,2023-08-15,1570
5876,上海商銀,31,0,31,港商法國興業,2023-08-15,1570
2882,國泰金,619,92,527,港商法國興業,2023-08-16,1570
2886,兆豐金,674,304,370,港商法國興業,2023-08-16,1570
2303,聯電,453,124,329,港商法國興業,2023-08-16,1570
2330,台積電,426,150,276,港商法國興業,2023-08-16,1570
2610,華航,324,144,180,港商法國興業,2023-08-16,1570
6446,藥華藥,107,2,105,港商法國興業,2023-08-16,1570
6176,瑞儀,86,0,86,港商法國興業,2023-08-16,1570
1310,台苯,80,0,80,港商法國興業,2023-08-16,1570
2104,國際中橡,77,0,77,港商法國興業,2023-08-16,1570
1102,亞泥,92,22,70,港商法國興業,2023-08-16,1570
1904,正隆,64,0,64,港商法國興業,2023-08-16,1570
3105,穩懋,62,3,59,港商法國興業,2023-08-16,1570
1101,台泥,110,58,52,港商法國興業,2023-08-16,1570
2482,連宇,46,0,46,港商法國興業,2023-08-16,1570
2385,群光,40,0,40,港商法國興業,2023-08-16,1570
3051,力特,35,0,35,港商法國興業,2023-08-16,1570
2498,宏達電,33,0,33,港商法國興業,2023-08-16,1570
2637,慧洋-KY,30,0,30,港商法國興業,2023-08-16,1570
1216,統一,73,46,27,港商法國興業,2023-08-16,1570
2108,南帝,24,0,24,港商法國興業,2023-08-16,1570
6153,嘉聯益,24,0,24,港商法國興業,2023-08-16,1570
6456,GIS-KY,27,3,24,港商法國興業,2023-08-16,1570
2471,資通,18,0,18,港商法國興業,2023-08-16,1570
2633,台灣高鐵,37,19,18,港商法國興業,2023-08-16,1570
4952,凌通,18,0,18,港商法國興業,2023-08-16,1570
5222,全訊,18,0,18,港商法國興業,2023-08-16,1570
6830,汎銓,18,0,18,港商法國興業,2023-08-16,1570
5609,中菲行,18,0,18,港商法國興業,2023-08-16,1570
2329,華泰,17,0,17,港商法國興業,2023-08-16,1570
2451,創見,17,0,17,港商法國興業,2023-08-16,1570
3022,威強電,17,0,17,港商法國興業,2023-08-16,1570
5203,訊連,17,0,17,港商法國興業,2023-08-16,1570
6799,來頡,17,0,17,港商法國興業,2023-08-16,1570
6150,撼訊,15,0,15,港商法國興業,2023-08-16,1570
6186,新潤,15,0,15,港商法國興業,2023-08-16,1570
1326,台化,49,35,14,港商法國興業,2023-08-16,1570
1434,福懋,14,0,14,港商法國興業,2023-08-16,1570
1717,長興,14,0,14,港商法國興業,2023-08-16,1570
2548,華固,14,0,14,港商法國興業,2023-08-16,1570
6166,凌華,14,0,14,港商法國興業,2023-08-16,1570
6469,大樹,14,0,14,港商法國興業,2023-08-16,1570
1460,宏遠,13,0,13,港商法國興業,2023-08-16,1570
2368,金像電,13,0,13,港商法國興業,2023-08-16,1570
2603,長榮,21,9,12,港商法國興業,2023-08-16,1570
3014,聯陽,12,0,12,港商法國興業,2023-08-16,1570
3540,曜越,12,0,12,港商法國興業,2023-08-16,1570
5236,凌陽創新,12,0,12,港商法國興業,2023-08-16,1570
8415,大國鋼,12,0,12,港商法國興業,2023-08-16,1570
2457,飛宏,11,0,11,港商法國興業,2023-08-16,1570
6743,安普新,11,0,11,港商法國興業,2023-08-16,1570
2330,台積電,343,127,216,港商法國興業,2023-08-17,1570
3017,奇鋐,205,0,205,港商法國興業,2023-08-17,1570
2324,仁寶,194,71,123,港商法國興業,2023-08-17,1570
6770,力積電,172,53,119,港商法國興業,2023-08-17,1570
2104,國際中橡,81,0,81,港商法國興業,2023-08-17,1570
1310,台苯,74,1,73,港商法國興業,2023-08-17,1570
1711,永光,67,1,66,港商法國興業,2023-08-17,1570
6285,啟��,40,0,40,港商法國興業,2023-08-17,1570
9907,統一實,41,1,40,港商法國興業,2023-08-17,1570
2883,凱基金,35,2,33,港商法國興業,2023-08-17,1570
6213,聯茂,30,0,30,港商法國興業,2023-08-17,1570
2303,聯電,26,0,26,港商法國興業,2023-08-17,1570
3010,華立,25,0,25,港商法國興業,2023-08-17,1570
6239,力成,40,16,24,港商法國興業,2023-08-17,1570
3105,穩懋,23,0,23,港商法國興業,2023-08-17,1570
3034,聯詠,22,2,20,港商法國興業,2023-08-17,1570
4919,新唐,20,0,20,港商法國興業,2023-08-17,1570
5009,榮剛,18,0,18,港商法國興業,2023-08-17,1570
1227,佳格,17,1,16,港商法國興業,2023-08-17,1570
3051,力特,14,0,14,港商法國興業,2023-08-17,1570
1460,宏遠,13,0,13,港商法國興業,2023-08-17,1570
5434,崇越,13,0,13,港商法國興業,2023-08-17,1570
1605,華新,12,0,12,港商法國興業,2023-08-17,1570
6150,撼訊,12,0,12,港商法國興業,2023-08-17,1570
2351,順德,12,1,11,港商法國興業,2023-08-17,1570
6180,橘子,11,0,11,港商法國興業,2023-08-17,1570
6446,藥華藥,11,0,11,港商法國興業,2023-08-17,1570
3491,昇達科,10,0,10,港商法國興業,2023-08-17,1570
5388,中磊,10,0,10,港商法國興業,2023-08-17,1570
2603,長榮,20,11,9,港商法國興業,2023-08-17,1570
6830,汎銓,9,0,9,港商法國興業,2023-08-17,1570
2915,潤泰全,9,1,8,港商法國興業,2023-08-17,1570
5471,松翰,8,0,8,港商法國興業,2023-08-17,1570
2353,宏��,62,55,7,港商法國興業,2023-08-17,1570
6196,帆宣,7,0,7,港商法國興業,2023-08-17,1570
6806,森崴能源,8,1,7,港商法國興業,2023-08-17,1570
6024,群益期,5,0,5,港商法國興業,2023-08-17,1570
3042,晶技,4,0,4,港商法國興業,2023-08-17,1570
3665,貿聯-KY,4,0,4,港商法國興業,2023-08-17,1570
1904,正隆,3,0,3,港商法國興業,2023-08-17,1570
2439,美律,3,0,3,港商法國興業,2023-08-17,1570
3231,緯創,24,21,3,港商法國興業,2023-08-17,1570
3592,瑞鼎,3,0,3,港商法國興業,2023-08-17,1570
4743,合一,3,0,3,港商法國興業,2023-08-17,1570
3227,原相,2,0,2,港商法國興業,2023-08-17,1570
4755,三福化,2,0,2,港商法國興業,2023-08-17,1570
2474,可成,6,5,1,港商法國興業,2023-08-17,1570
2509,全坤建,1,0,1,港商法國興業,2023-08-17,1570
2923,鼎固-KY,1,0,1,港商法國興業,2023-08-17,1570
3661,世芯-KY,1,0,1,港商法國興業,2023-08-17,1570
2603,長榮,587,114,473,港商法國興業,2023-08-18,1570
2637,慧洋-KY,313,0,313,港商法國興業,2023-08-18,1570
1319,東陽,245,0,245,港商法國興業,2023-08-18,1570
2371,大同,211,0,211,港商法國興業,2023-08-18,1570
1326,台化,154,0,154,港商法國興業,2023-08-18,1570
6026,福邦證,148,0,148,港商法國興業,2023-08-18,1570
8936,國統,148,0,148,港商法國興業,2023-08-18,1570
1218,泰山,138,0,138,港商法國興業,2023-08-18,1570
6005,群益證,136,0,136,港商法國興業,2023-08-18,1570
2883,凱基金,132,0,132,港商法國興業,2023-08-18,1570
2634,漢翔,116,0,116,港商法國興業,2023-08-18,1570
1104,環泥,105,0,105,港商法國興業,2023-08-18,1570
6770,力積電,86,0,86,港商法國興業,2023-08-18,1570
3051,力特,78,0,78,港商法國興業,2023-08-18,1570
8027,鈦昇,76,0,76,港商法國興業,2023-08-18,1570
6244,茂迪,70,0,70,港商法國興業,2023-08-18,1570
1605,華新,69,0,69,港商法國興業,2023-08-18,1570
2888,新光金,108,44,64,港商法國興業,2023-08-18,1570
6173,信昌電,64,0,64,港商法國興業,2023-08-18,1570
9904,寶成,94,30,64,港商法國興業,2023-08-18,1570
2342,茂矽,59,0,59,港商法國興業,2023-08-18,1570
1503,士電,59,0,59,港商法國興業,2023-08-18,1570
1711,永光,57,0,57,港商法國興業,2023-08-18,1570
3346,麗清,54,0,54,港商法國興業,2023-08-18,1570
3290,東浦,52,0,52,港商法國興業,2023-08-18,1570
6126,信音,50,0,50,港商法國興業,2023-08-18,1570
3022,威強電,48,0,48,港商法國興業,2023-08-18,1570
3024,憶聲,45,0,45,港商法國興業,2023-08-18,1570
6112,邁達特,45,0,45,港商法國興業,2023-08-18,1570
6217,中探針,45,0,45,港商法國興業,2023-08-18,1570
1514,亞力,44,0,44,港商法國興業,2023-08-18,1570
1802,台玻,43,0,43,港商法國興業,2023-08-18,1570
1310,台苯,41,0,41,港商法國興業,2023-08-18,1570
6806,森崴能源,41,0,41,港商法國興業,2023-08-18,1570
2383,台光電,40,0,40,港商法國興業,2023-08-18,1570
2104,國際中橡,39,0,39,港商法國興業,2023-08-18,1570
2906,高林,39,0,39,港商法國興業,2023-08-18,1570
1522,堤維西,37,0,37,港商法國興業,2023-08-18,1570
1519,華城,37,0,37,港商法國興業,2023-08-18,1570
2880,華南金,36,0,36,港商法國興業,2023-08-18,1570
1808,潤隆,34,0,34,港商法國興業,2023-08-18,1570
2002,中鋼,32,0,32,港商法國興業,2023-08-18,1570
5519,隆大,31,0,31,港商法國興業,2023-08-18,1570
9938,百和,31,0,31,港商法國興業,2023-08-18,1570
1231,聯華食,30,0,30,港商法國興業,2023-08-18,1570
2615,萬海,75,45,30,港商法國興業,2023-08-18,1570
2832,台產,30,0,30,港商法國興業,2023-08-18,1570
2706,第一店,29,0,29,港商法國興業,2023-08-18,1570
2486,一詮,28,0,28,港商法國興業,2023-08-18,1570
2471,資通,27,0,27,港商法國興業,2023-08-18,1570
2323,中環,522,0,522,港商法國興業,2023-08-21,1570
3264,欣銓,172,0,172,港商法國興業,2023-08-21,1570
3042,晶技,162,0,162,港商法國興業,2023-08-21,1570
2880,華南金,110,0,110,港商法國興業,2023-08-21,1570
2606,裕民,104,0,104,港商法國興業,2023-08-21,1570
8069,元太,101,0,101,港商法國興業,2023-08-21,1570
2356,英業達,82,0,82,港商法國興業,2023-08-21,1570
5009,榮剛,67,0,67,港商法國興業,2023-08-21,1570
6285,啟��,60,0,60,港商法國興業,2023-08-21,1570
2891,中信金,52,0,52,港商法國興業,2023-08-21,1570
2023,燁輝,39,0,39,港商法國興業,2023-08-21,1570
1904,正隆,38,0,38,港商法國興業,2023-08-21,1570
2412,中華電,36,0,36,港商法國興業,2023-08-21,1570
5388,中磊,34,0,34,港商法國興業,2023-08-21,1570
9802,鈺齊-KY,27,0,27,港商法國興業,2023-08-21,1570
6129,普誠,26,0,26,港商法國興業,2023-08-21,1570
2406,國碩,25,0,25,港商法國興業,2023-08-21,1570
2486,一詮,25,0,25,港商法國興業,2023-08-21,1570
9958,世紀鋼,25,0,25,港商法國興業,2023-08-21,1570
2609,陽明,24,0,24,港商法國興業,2023-08-21,1570
9938,百和,22,0,22,港商法國興業,2023-08-21,1570
2342,茂矽,20,0,20,港商法國興業,2023-08-21,1570
1711,永光,19,0,19,港商法國興業,2023-08-21,1570
6125,廣運,19,0,19,港商法國興業,2023-08-21,1570
6161,捷波,17,0,17,港商法國興業,2023-08-21,1570
8255,朋程,17,0,17,港商法國興業,2023-08-21,1570
3592,瑞鼎,16,0,16,港商法國興業,2023-08-21,1570
5203,訊連,16,0,16,港商法國興業,2023-08-21,1570
1310,台苯,14,0,14,港商法國興業,2023-08-21,1570
3588,通嘉,14,0,14,港商法國興業,2023-08-21,1570
6173,信昌電,13,0,13,港商法國興業,2023-08-21,1570
2528,皇普,12,0,12,港商法國興業,2023-08-21,1570
6197,佳必琪,12,0,12,港商法國興業,2023-08-21,1570
1605,華新,11,0,11,港商法國興業,2023-08-21,1570
5876,上海商銀,11,0,11,港商法國興業,2023-08-21,1570
4904,遠傳,10,0,10,港商法國興業,2023-08-21,1570
1907,永豐餘,9,0,9,港商法國興業,2023-08-21,1570
2367,燿華,9,0,9,港商法國興業,2023-08-21,1570
6166,凌華,9,0,9,港商法國興業,2023-08-21,1570
6412,群電,9,0,9,港商法國興業,2023-08-21,1570
6830,汎銓,9,0,9,港商法國興業,2023-08-21,1570
6743,安普新,8,0,8,港商法國興業,2023-08-21,1570
1476,儒鴻,7,0,7,港商法國興業,2023-08-21,1570
3003,健和興,7,0,7,港商法國興業,2023-08-21,1570
3189,景碩,7,0,7,港商法國興業,2023-08-21,1570
3712,永崴投控,7,0,7,港商法國興業,2023-08-21,1570
1303,南亞,6,0,6,港商法國興業,2023-08-21,1570
1522,堤維西,6,0,6,港商法國興業,2023-08-21,1570
3010,華立,6,0,6,港商法國興業,2023-08-21,1570
5434,崇越,6,0,6,港商法國興業,2023-08-21,1570
2609,陽明,242,56,186,港商法國興業,2023-08-22,1570
3264,欣銓,109,0,109,港商法國興業,2023-08-22,1570
3078,僑威,66,0,66,港商法國興業,2023-08-22,1570
9938,百和,64,0,64,港商法國興業,2023-08-22,1570
5009,榮剛,52,0,52,港商法國興業,2023-08-22,1570
1560,中砂,50,0,50,港商法國興業,2023-08-22,1570
1504,東元,37,0,37,港商法國興業,2023-08-22,1570
6244,茂迪,36,0,36,港商法國興業,2023-08-22,1570
6806,森崴能源,29,0,29,港商法國興業,2023-08-22,1570
1711,永光,23,0,23,港商法國興業,2023-08-22,1570
2838,聯邦銀,23,0,23,港商法國興業,2023-08-22,1570
4961,天鈺,22,0,22,港商法國興業,2023-08-22,1570
6173,信昌電,21,0,21,港商法國興業,2023-08-22,1570
1536,和大,19,0,19,港商法國興業,2023-08-22,1570
1609,大亞,18,0,18,港商法國興業,2023-08-22,1570
3706,神達,16,0,16,港商法國興業,2023-08-22,1570
2610,華航,60,45,15,港商法國興業,2023-08-22,1570
4130,健亞,15,0,15,港商法國興業,2023-08-22,1570
4743,合一,13,0,13,港商法國興業,2023-08-22,1570
6186,新潤,13,0,13,港商法國興業,2023-08-22,1570
3005,神基,11,0,11,港商法國興業,2023-08-22,1570
6782,視陽,11,0,11,港商法國興業,2023-08-22,1570
1615,大山,9,0,9,港商法國興業,2023-08-22,1570
1440,南紡,9,0,9,港商法國興業,2023-08-22,1570
6161,捷波,9,0,9,港商法國興業,2023-08-22,1570
9933,中鼎,9,0,9,港商法國興業,2023-08-22,1570
3691,碩禾,8,0,8,港商法國興業,2023-08-22,1570
6217,中探針,8,0,8,港商法國興業,2023-08-22,1570
6830,汎銓,8,0,8,港商法國興業,2023-08-22,1570
8183,精星,8,0,8,港商法國興業,2023-08-22,1570
8255,朋程,8,0,8,港商法國興業,2023-08-22,1570
2385,群光,7,0,7,港商法國興業,2023-08-22,1570
4953,緯軟,7,0,7,港商法國興業,2023-08-22,1570
8927,北基,7,0,7,港商法國興業,2023-08-22,1570
9802,鈺齊-KY,7,0,7,港商法國興業,2023-08-22,1570
1310,台苯,6,0,6,港商法國興業,2023-08-22,1570
2439,美律,6,0,6,港商法國興業,2023-08-22,1570
5471,松翰,6,0,6,港商法國興業,2023-08-22,1570
6112,邁達特,6,0,6,港商法國興業,2023-08-22,1570
2376,技嘉,5,0,5,港商法國興業,2023-08-22,1570
3532,台勝科,5,0,5,港商法國興業,2023-08-22,1570
3592,瑞鼎,5,0,5,港商法國興業,2023-08-22,1570
4119,旭富,5,0,5,港商法國興業,2023-08-22,1570
6531,愛普*,5,0,5,港商法國興業,2023-08-22,1570
4174,浩鼎,4,0,4,港商法國興業,2023-08-22,1570
4912,聯德控股-KY,4,0,4,港商法國興業,2023-08-22,1570
5434,崇越,4,0,4,港商法國興業,2023-08-22,1570
1519,華城,3,0,3,港商法國興業,2023-08-22,1570
1201,味全,2,0,2,港商法國興業,2023-08-22,1570
3504,揚明光,2,0,2,港商法國興業,2023-08-22,1570
2002,中鋼,2578,233,2345,港商法國興業,2023-08-23,1570
2382,廣達,1835,1050,785,港商法國興業,2023-08-23,1570
2618,長榮航,806,86,720,港商法國興業,2023-08-23,1570
2610,華航,664,71,593,港商法國興業,2023-08-23,1570
3044,健鼎,361,0,361,港商法國興業,2023-08-23,1570
8069,元太,289,12,277,港商法國興業,2023-08-23,1570
2323,中環,160,0,160,港商法國興業,2023-08-23,1570
1605,華新,146,42,104,港商法國興業,2023-08-23,1570
2633,台灣高鐵,122,29,93,港商法國興業,2023-08-23,1570
2886,兆豐金,318,227,91,港商法國興業,2023-08-23,1570
6285,啟��,95,5,90,港商法國興業,2023-08-23,1570
4167,松瑞藥,88,0,88,港商法國興業,2023-08-23,1570
2344,華邦電,150,63,87,港商法國興業,2023-08-23,1570
1904,正隆,83,0,83,港商法國興業,2023-08-23,1570
6026,福邦證,54,0,54,港商法國興業,2023-08-23,1570
1402,遠東新,93,44,49,港商法國興業,2023-08-23,1570
3622,洋華,48,0,48,港商法國興業,2023-08-23,1570
2489,瑞軒,47,0,47,港商法國興業,2023-08-23,1570
1513,中興電,44,0,44,港商法國興業,2023-08-23,1570
6290,良維,40,0,40,港商法國興業,2023-08-23,1570
1536,和大,24,0,24,港商法國興業,2023-08-23,1570
6706,惠特,22,0,22,港商法國興業,2023-08-23,1570
3257,虹冠電,21,0,21,港商法國興業,2023-08-23,1570
5009,榮剛,21,0,21,港商法國興業,2023-08-23,1570
1711,永光,19,0,19,港商法國興業,2023-08-23,1570
4130,健亞,16,0,16,港商法國興業,2023-08-23,1570
6205,詮欣,16,0,16,港商法國興業,2023-08-23,1570
6509,聚和,16,0,16,港商法國興業,2023-08-23,1570
1310,台苯,15,0,15,港商法國興業,2023-08-23,1570
6488,環球晶,18,3,15,港商法國興業,2023-08-23,1570
8114,振樺電,15,0,15,港商法國興業,2023-08-23,1570
9958,世紀鋼,15,0,15,港商法國興業,2023-08-23,1570
5213,亞昕,14,0,14,港商法國興業,2023-08-23,1570
6173,信昌電,14,0,14,港商法國興業,2023-08-23,1570
2881,富邦金,222,209,13,港商法國興業,2023-08-23,1570
3592,瑞鼎,13,0,13,港商法國興業,2023-08-23,1570
6112,邁達特,13,0,13,港商法國興業,2023-08-23,1570
6830,汎銓,13,0,13,港商法國興業,2023-08-23,1570
6698,旭暉應材,12,0,12,港商法國興業,2023-08-23,1570
1201,味全,11,0,11,港商法國興業,2023-08-23,1570
1762,中化生,11,0,11,港商法國興業,2023-08-23,1570
3213,茂訊,11,0,11,港商法國興業,2023-08-23,1570
6166,凌華,11,0,11,港商法國興業,2023-08-23,1570
4157,太景*-KY,10,0,10,港商法國興業,2023-08-23,1570
5471,松翰,9,0,9,港商法國興業,2023-08-23,1570
6412,群電,9,0,9,港商法國興業,2023-08-23,1570
6664,群翊,9,0,9,港商法國興業,2023-08-23,1570
2727,王品,8,0,8,港商法國興業,2023-08-23,1570
8924,大田,8,0,8,港商法國興業,2023-08-23,1570
9802,鈺齊-KY,8,0,8,港商法國興業,2023-08-23,1570
2317,鴻海,911,100,811,港商法國興業,2023-08-24,1570
2303,聯電,828,136,692,港商法國興業,2023-08-24,1570
2633,台灣高鐵,223,0,223,港商法國興業,2023-08-24,1570
1605,華新,183,0,183,港商法國興業,2023-08-24,1570
2603,長榮,151,0,151,港商法國興業,2023-08-24,1570
1326,台化,145,0,145,港商法國興業,2023-08-24,1570
4906,正文,141,0,141,港商法國興業,2023-08-24,1570
2344,華邦電,220,100,120,港商法國興業,2023-08-24,1570
2105,正新,108,0,108,港商法國興業,2023-08-24,1570
8069,元太,93,1,92,港商法國興業,2023-08-24,1570
4157,太景*-KY,67,0,67,港商法國興業,2023-08-24,1570
2885,元大金,63,0,63,港商法國興業,2023-08-24,1570
2610,華航,231,170,61,港商法國興業,2023-08-24,1570
9802,鈺齊-KY,56,0,56,港商法國興業,2023-08-24,1570
3027,盛達,52,0,52,港商法國興業,2023-08-24,1570
4128,中天,47,0,47,港商法國興業,2023-08-24,1570
2301,光寶科,46,0,46,港商法國興業,2023-08-24,1570
2349,錸德,40,0,40,港商法國興業,2023-08-24,1570
8112,至上,40,0,40,港商法國興業,2023-08-24,1570
2369,菱生,38,0,38,港商法國興業,2023-08-24,1570
6005,群益證,36,0,36,港商法國興業,2023-08-24,1570
3047,訊舟,35,0,35,港商法國興業,2023-08-24,1570
1608,華榮,33,0,33,港商法國興業,2023-08-24,1570
3010,華立,30,0,30,港商法國興業,2023-08-24,1570
2851,中再保,27,0,27,港商法國興業,2023-08-24,1570
2820,華票,27,0,27,港商法國興業,2023-08-24,1570
6026,福邦證,27,0,27,港商法國興業,2023-08-24,1570
6830,汎銓,26,0,26,港商法國興業,2023-08-24,1570
3005,神基,22,0,22,港商法國興業,2023-08-24,1570
2881,富邦金,20,0,20,港商法國興業,2023-08-24,1570
2383,台光電,19,0,19,港商法國興業,2023-08-24,1570
3105,穩懋,18,0,18,港商法國興業,2023-08-24,1570
3545,敦泰,18,0,18,港商法國興業,2023-08-24,1570
5533,皇鼎,18,0,18,港商法國興業,2023-08-24,1570
3044,健鼎,17,0,17,港商法國興業,2023-08-24,1570
2313,華通,16,0,16,港商法國興業,2023-08-24,1570
8390,金益鼎,16,0,16,港商法國興業,2023-08-24,1570
1711,永光,14,0,14,港商法國興業,2023-08-24,1570
1506,正道,14,0,14,港商法國興業,2023-08-24,1570
6180,橘子,14,0,14,港商法國興業,2023-08-24,1570
1783,和康生,13,0,13,港商法國興業,2023-08-24,1570
6416,瑞祺電通,13,0,13,港商法國興業,2023-08-24,1570
2342,茂矽,12,0,12,港商法國興業,2023-08-24,1570
2528,皇普,12,0,12,港商法國興業,2023-08-24,1570
1229,聯華,12,0,12,港商法國興業,2023-08-24,1570
3592,瑞鼎,12,0,12,港商法國興業,2023-08-24,1570
3712,永崴投控,12,0,12,港商法國興業,2023-08-24,1570
6782,視陽,12,0,12,港商法國興業,2023-08-24,1570
9910,豐泰,12,0,12,港商法國興業,2023-08-24,1570
5347,世界,11,0,11,港商法國興業,2023-08-24,1570
2303,聯電,941,76,865,港商法國興業,2023-08-25,1570
2609,陽明,335,26,309,港商法國興業,2023-08-25,1570
2880,華南金,296,39,257,港商法國興業,2023-08-25,1570
4904,遠傳,127,19,108,港商法國興業,2023-08-25,1570
2323,中環,76,0,76,港商法國興業,2023-08-25,1570
4157,太景*-KY,72,5,67,港商法國興業,2023-08-25,1570
2474,可成,69,5,64,港商法國興業,2023-08-25,1570
9904,寶成,104,46,58,港商法國興業,2023-08-25,1570
2337,旺宏,54,0,54,港商法國興業,2023-08-25,1570
2313,華通,50,0,50,港商法國興業,2023-08-25,1570
4961,天鈺,50,0,50,港商法國興業,2023-08-25,1570
2352,佳世達,46,0,46,港商法國興業,2023-08-25,1570
1312,國喬,43,0,43,港商法國興業,2023-08-25,1570
6282,康舒,36,0,36,港商法國興業,2023-08-25,1570
8069,元太,38,4,34,港商法國興業,2023-08-25,1570
2605,新興,33,0,33,港商法國興業,2023-08-25,1570
8112,至上,33,0,33,港商法國興業,2023-08-25,1570
1536,和大,27,0,27,港商法國興業,2023-08-25,1570
2915,潤泰全,27,0,27,港商法國興業,2023-08-25,1570
6443,元晶,27,0,27,港商法國興業,2023-08-25,1570
6278,台表科,24,0,24,港商法國興業,2023-08-25,1570
8070,長華*,22,0,22,港商法國興業,2023-08-25,1570
2535,達欣工,21,0,21,港商法國興業,2023-08-25,1570
2108,南帝,19,0,19,港商法國興業,2023-08-25,1570
9802,鈺齊-KY,19,0,19,港商法國興業,2023-08-25,1570
2330,台積電,160,142,18,港商法國興業,2023-08-25,1570
3010,華立,16,0,16,港商法國興業,2023-08-25,1570
3380,明泰,15,0,15,港商法國興業,2023-08-25,1570
1605,華新,21,8,13,港商法國興業,2023-08-25,1570
1802,台玻,12,0,12,港商法國興業,2023-08-25,1570
6213,聯茂,12,0,12,港商法國興業,2023-08-25,1570
8240,華宏,12,0,12,港商法國興業,2023-08-25,1570
1762,中化生,11,0,11,港商法國興業,2023-08-25,1570
2608,嘉里大榮,11,0,11,港商法國興業,2023-08-25,1570
2912,統一超,16,5,11,港商法國興業,2023-08-25,1570
3413,京鼎,10,0,10,港商法國興業,2023-08-25,1570
2420,新巨,9,0,9,港商法國興業,2023-08-25,1570
3090,日電貿,9,0,9,港商法國興業,2023-08-25,1570
6023,元大期,9,0,9,港商法國興業,2023-08-25,1570
1711,永光,8,0,8,港商法國興業,2023-08-25,1570
6830,汎銓,8,0,8,港商法國興業,2023-08-25,1570
2331,精英,7,0,7,港商法國興業,2023-08-25,1570
2355,敬鵬,6,0,6,港商法國興業,2023-08-25,1570
2845,遠東銀,6,0,6,港商法國興業,2023-08-25,1570
6005,群益證,6,0,6,港商法國興業,2023-08-25,1570
6192,巨路,6,0,6,港商法國興業,2023-08-25,1570
5274,信驊,5,0,5,港商法國興業,2023-08-25,1570
3526,凡甲,5,0,5,港商法國興業,2023-08-25,1570
4536,拓凱,5,0,5,港商法國興業,2023-08-25,1570
8415,大國鋼,5,0,5,港商法國興業,2023-08-25,1570
2888,新光金,418,0,418,港商法國興業,2023-08-28,1570
2323,中環,202,0,202,港商法國興業,2023-08-28,1570
2409,友達,280,90,190,港商法國興業,2023-08-28,1570
2329,華泰,168,0,168,港商法國興業,2023-08-28,1570
1301,台塑,116,0,116,港商法國興業,2023-08-28,1570
2324,仁寶,58,0,58,港商法國興業,2023-08-28,1570
4157,太景*-KY,49,0,49,港商法國興業,2023-08-28,1570
1503,士電,48,0,48,港商法國興業,2023-08-28,1570
2474,可成,47,0,47,港商法國興業,2023-08-28,1570
4128,中天,42,0,42,港商法國興業,2023-08-28,1570
1795,美時,30,0,30,港商法國興業,2023-08-28,1570
3105,穩懋,23,0,23,港商法國興業,2023-08-28,1570
1303,南亞,20,0,20,港商法國興業,2023-08-28,1570
5388,中磊,20,0,20,港商法國興業,2023-08-28,1570
1326,台化,19,0,19,港商法國興業,2023-08-28,1570
2313,華通,17,0,17,港商法國興業,2023-08-28,1570
3005,神基,17,0,17,港商法國興業,2023-08-28,1570
2303,聯電,16,0,16,港商法國興業,2023-08-28,1570
2886,兆豐金,16,0,16,港商法國興業,2023-08-28,1570
2892,第一金,16,0,16,港商法國興業,2023-08-28,1570
2890,永豐金,15,0,15,港商法國興業,2023-08-28,1570
5880,合庫金,15,0,15,港商法國興業,2023-08-28,1570
2882,國泰金,14,0,14,港商法國興業,2023-08-28,1570
1907,永豐餘,13,0,13,港商法國興業,2023-08-28,1570
8927,北基,13,0,13,港商法國興業,2023-08-28,1570
1711,永光,12,0,12,港商法國興業,2023-08-28,1570
3265,台星科,11,0,11,港商法國興業,2023-08-28,1570
4919,新唐,20,9,11,港商法國興業,2023-08-28,1570
5871,中租-KY,14,4,10,港商法國興業,2023-08-28,1570
1101,台泥,8,0,8,港商法國興業,2023-08-28,1570
1402,遠東新,7,0,7,港商法國興業,2023-08-28,1570
5876,上海商銀,7,0,7,港商法國興業,2023-08-28,1570
2412,中華電,6,0,6,港商法國興業,2023-08-28,1570
5274,信驊,5,0,5,港商法國興業,2023-08-28,1570
2618,長榮航,5,0,5,港商法國興業,2023-08-28,1570
2105,正新,5,0,5,港商法國興業,2023-08-28,1570
6830,汎銓,5,0,5,港商法國興業,2023-08-28,1570
9910,豐泰,5,0,5,港商法國興業,2023-08-28,1570
9945,潤泰新,5,0,5,港商法國興業,2023-08-28,1570
2382,廣達,4,0,4,港商法國興業,2023-08-28,1570
2353,宏��,4,0,4,港商法國興業,2023-08-28,1570
6278,台表科,4,0,4,港商法國興業,2023-08-28,1570
9941,裕融,4,0,4,港商法國興業,2023-08-28,1570
2597,潤弘,3,0,3,港商法國興業,2023-08-28,1570
2347,聯強,3,0,3,港商法國興業,2023-08-28,1570
3010,華立,3,0,3,港商法國興業,2023-08-28,1570
3045,台灣大,3,0,3,港商法國興業,2023-08-28,1570
4904,遠傳,3,0,3,港商法國興業,2023-08-28,1570
4938,和碩,3,0,3,港商法國興業,2023-08-28,1570
8436,大江,3,0,3,港商法國興業,2023-08-28,1570
2885,元大金,652,0,652,港商法國興業,2023-08-29,1570
2344,華邦電,407,0,407,港商法國興業,2023-08-29,1570
1303,南亞,153,0,153,港商法國興業,2023-08-29,1570
4157,太景*-KY,116,0,116,港商法國興業,2023-08-29,1570
5880,合庫金,108,0,108,港商法國興業,2023-08-29,1570
6213,聯茂,97,0,97,港商法國興業,2023-08-29,1570
2449,京元電子,90,0,90,港商法國興業,2023-08-29,1570
1101,台泥,92,32,60,港商法國興業,2023-08-29,1570
3481,群創,59,0,59,港商法國興業,2023-08-29,1570
9904,寶成,58,0,58,港商法國興業,2023-08-29,1570
2489,瑞軒,52,0,52,港商法國興業,2023-08-29,1570
3264,欣銓,48,0,48,港商法國興業,2023-08-29,1570
3045,台灣大,46,0,46,港商法國興業,2023-08-29,1570
1313,聯成,45,0,45,港商法國興業,2023-08-29,1570
4128,中天,45,0,45,港商法國興業,2023-08-29,1570
2889,國票金,42,0,42,港商法國興業,2023-08-29,1570
2105,正新,38,0,38,港商法國興業,2023-08-29,1570
1440,南紡,37,0,37,港商法國興業,2023-08-29,1570
2892,第一金,49,16,33,港商法國興業,2023-08-29,1570
3037,欣興,40,10,30,港商法國興業,2023-08-29,1570
5388,中磊,30,0,30,港商法國興業,2023-08-29,1570
3545,敦泰,26,0,26,港商法國興業,2023-08-29,1570
1717,長興,24,0,24,港商法國興業,2023-08-29,1570
1326,台化,24,0,24,港商法國興業,2023-08-29,1570
2610,華航,35,11,24,港商法國興業,2023-08-29,1570
2383,台光電,23,1,22,港商法國興業,2023-08-29,1570
2363,矽統,21,0,21,港商法國興業,2023-08-29,1570
1301,台塑,21,0,21,港商法國興業,2023-08-29,1570
2915,潤泰全,21,0,21,港商法國興業,2023-08-29,1570
2633,台灣高鐵,13,0,13,港商法國興業,2023-08-29,1570
3003,健和興,12,0,12,港商法國興業,2023-08-29,1570
6112,邁達特,12,0,12,港商法國興業,2023-08-29,1570
1201,味全,11,0,11,港商法國興業,2023-08-29,1570
3005,神基,11,0,11,港商法國興業,2023-08-29,1570
3017,奇鋐,11,0,11,港商法國興業,2023-08-29,1570
6166,凌華,11,0,11,港商法國興業,2023-08-29,1570
8436,大江,11,0,11,港商法國興業,2023-08-29,1570
9910,豐泰,11,0,11,港商法國興業,2023-08-29,1570
2324,仁寶,57,47,10,港商法國興業,2023-08-29,1570
5876,上海商銀,10,0,10,港商法國興業,2023-08-29,1570
2303,聯電,9,0,9,港商法國興業,2023-08-29,1570
2609,陽明,9,0,9,港商法國興業,2023-08-29,1570
2618,長榮航,24,15,9,港商法國興業,2023-08-29,1570
2548,華固,8,0,8,港商法國興業,2023-08-29,1570
1907,永豐餘,8,0,8,港商法國興業,2023-08-29,1570
1503,士電,8,0,8,港商法國興業,2023-08-29,1570
8069,元太,8,0,8,港商法國興業,2023-08-29,1570
2356,英業達,7,0,7,港商法國興業,2023-08-29,1570
2887,台新金,48,41,7,港商法國興業,2023-08-29,1570
3105,穩懋,7,0,7,港商法國興業,2023-08-29,1570
1815,富喬,225,0,225,港商法國興業,2023-08-30,1570
1301,台塑,155,0,155,港商法國興業,2023-08-30,1570
2886,兆豐金,148,0,148,港商法國興業,2023-08-30,1570
8936,國統,113,0,113,港商法國興業,2023-08-30,1570
4743,合一,78,0,78,港商法國興業,2023-08-30,1570
8069,元太,55,0,55,港商法國興業,2023-08-30,1570
2455,全新,51,0,51,港商法國興業,2023-08-30,1570
1718,中纖,48,0,48,港商法國興業,2023-08-30,1570
2337,旺宏,48,0,48,港商法國興業,2023-08-30,1570
3003,健和興,48,0,48,港商法國興業,2023-08-30,1570
2637,慧洋-KY,44,0,44,港商法國興業,2023-08-30,1570
2367,燿華,43,0,43,港商法國興業,2023-08-30,1570
1907,永豐餘,39,0,39,港商法國興業,2023-08-30,1570
3059,華晶科,38,0,38,港商法國興業,2023-08-30,1570
6488,環球晶,29,0,29,港商法國興業,2023-08-30,1570
3264,欣銓,27,0,27,港商法國興業,2023-08-30,1570
1409,新纖,26,0,26,港商法國興業,2023-08-30,1570
2104,國際中橡,22,0,22,港商法國興業,2023-08-30,1570
3265,台星科,21,0,21,港商法國興業,2023-08-30,1570
6005,群益證,21,0,21,港商法國興業,2023-08-30,1570
2313,華通,20,0,20,港商法國興業,2023-08-30,1570
2474,可成,18,0,18,港商法國興業,2023-08-30,1570
6278,台表科,18,0,18,港商法國興業,2023-08-30,1570
1312,國喬,17,0,17,港商法國興業,2023-08-30,1570
2885,元大金,17,0,17,港商法國興業,2023-08-30,1570
1503,士電,16,0,16,港商法國興業,2023-08-30,1570
6206,飛捷,14,0,14,港商法國興業,2023-08-30,1570
2504,國產,13,0,13,港商法國興業,2023-08-30,1570
1304,台聚,13,0,13,港商法國興業,2023-08-30,1570
2103,台橡,13,0,13,港商法國興業,2023-08-30,1570
2002,中鋼,12,0,12,港商法國興業,2023-08-30,1570
2528,皇普,12,0,12,港商法國興業,2023-08-30,1570
2601,益航,12,0,12,港商法國興業,2023-08-30,1570
3006,晶豪科,11,0,11,港商法國興業,2023-08-30,1570
1904,正隆,10,0,10,港商法國興業,2023-08-30,1570
1308,亞聚,10,0,10,港商法國興業,2023-08-30,1570
2542,興富發,10,0,10,港商法國興業,2023-08-30,1570
8341,日友,10,0,10,港商法國興業,2023-08-30,1570
1102,亞泥,9,0,9,港商法國興業,2023-08-30,1570
2347,聯強,9,0,9,港商法國興業,2023-08-30,1570
3557,嘉威,9,0,9,港商法國興業,2023-08-30,1570
2352,佳世達,8,0,8,港商法國興業,2023-08-30,1570
2882,國泰金,8,0,8,港商法國興業,2023-08-30,1570
3105,穩懋,8,0,8,港商法國興業,2023-08-30,1570
5203,訊連,8,0,8,港商法國興業,2023-08-30,1570
8076,伍豐,8,0,8,港商法國興業,2023-08-30,1570
2388,威盛,7,0,7,港商法國興業,2023-08-30,1570
2610,華航,7,0,7,港商法國興業,2023-08-30,1570
3702,大聯大,7,0,7,港商法國興業,2023-08-30,1570
4119,旭富,7,0,7,港商法國興業,2023-08-30,1570
2376,技嘉,1646,0,1646,港商法國興業,2023-08-31,1570
1605,華新,650,41,609,港商法國興業,2023-08-31,1570
2880,華南金,663,127,536,港商法國興業,2023-08-31,1570
2355,敬鵬,436,0,436,港商法國興業,2023-08-31,1570
2892,第一金,587,204,383,港商法國興業,2023-08-31,1570
1301,台塑,315,67,248,港商法國興業,2023-08-31,1570
3231,緯創,317,91,226,港商法國興業,2023-08-31,1570
4904,遠傳,245,34,211,港商法國興業,2023-08-31,1570
2474,可成,255,73,182,港商法國興業,2023-08-31,1570
2637,慧洋-KY,157,0,157,港商法國興業,2023-08-31,1570
8069,元太,125,8,117,港商法國興業,2023-08-31,1570
6278,台表科,97,0,97,港商法國興業,2023-08-31,1570
2455,全新,94,0,94,港商法國興業,2023-08-31,1570
9907,統一實,75,0,75,港商法國興業,2023-08-31,1570
1907,永豐餘,74,0,74,港商法國興業,2023-08-31,1570
2838,聯邦銀,72,0,72,港商法國興業,2023-08-31,1570
6005,群益證,72,0,72,港商法國興業,2023-08-31,1570
2603,長榮,88,17,71,港商法國興業,2023-08-31,1570
9802,鈺齊-KY,69,0,69,港商法國興業,2023-08-31,1570
1303,南亞,178,115,63,港商法國興業,2023-08-31,1570
3653,健策,62,0,62,港商法國興業,2023-08-31,1570
4906,正文,61,0,61,港商法國興業,2023-08-31,1570
1319,東陽,94,41,53,港商法國興業,2023-08-31,1570
2412,中華電,127,74,53,港商法國興業,2023-08-31,1570
1513,中興電,58,7,51,港商法國興業,2023-08-31,1570
6550,北極星藥業-KY,87,43,44,港商法國興業,2023-08-31,1570
1718,中纖,42,0,42,港商法國興業,2023-08-31,1570
8299,群聯,36,0,36,港商法國興業,2023-08-31,1570
1903,士紙,43,9,34,港商法國興業,2023-08-31,1570
2890,永豐金,291,257,34,港商法國興業,2023-08-31,1570
3708,上緯投控,22,0,22,港商法國興業,2023-08-31,1570
2329,華泰,20,0,20,港商法國興業,2023-08-31,1570
3714,富采,18,0,18,港商法國興業,2023-08-31,1570
2360,致茂,17,0,17,港商法國興業,2023-08-31,1570
3443,創意,21,4,17,港商法國興業,2023-08-31,1570
1536,和大,16,0,16,港商法國興業,2023-08-31,1570
2104,國際中橡,27,12,15,港商法國興業,2023-08-31,1570
3081,聯亞,48,33,15,港商法國興業,2023-08-31,1570
3003,健和興,12,0,12,港商法國興業,2023-08-31,1570
8114,振樺電,12,0,12,港商法國興業,2023-08-31,1570
2377,微星,24,13,11,港商法國興業,2023-08-31,1570
3680,家登,11,0,11,港商法國興業,2023-08-31,1570
2327,國巨,15,5,10,港商法國興業,2023-08-31,1570
2331,精英,10,0,10,港商法國興業,2023-08-31,1570
2049,上銀,10,0,10,港商法國興業,2023-08-31,1570
1560,中砂,10,0,10,港商法國興業,2023-08-31,1570
2379,瑞昱,17,7,10,港商法國興業,2023-08-31,1570
6271,同欣電,10,0,10,港商法國興業,2023-08-31,1570
3026,禾伸堂,9,0,9,港商法國興業,2023-08-31,1570
6186,新潤,9,0,9,港商法國興業,2023-08-31,1570
2888,新光金,300,0,300,港商法國興業,2023-09-01,1570
2884,玉山金,228,0,228,港商法國興業,2023-09-01,1570
5880,合庫金,204,0,204,港商法國興業,2023-09-01,1570
3042,晶技,196,0,196,港商法國興業,2023-09-01,1570
2887,台新金,195,2,193,港商法國興業,2023-09-01,1570
2344,華邦電,150,0,150,港商法國興業,2023-09-01,1570
2892,第一金,149,0,149,港商法國興業,2023-09-01,1570
2890,永豐金,117,0,117,港商法國興業,2023-09-01,1570
2885,元大金,109,1,108,港商法國興業,2023-09-01,1570
2330,台積電,100,0,100,港商法國興業,2023-09-01,1570
8069,元太,64,0,64,港商法國興業,2023-09-01,1570
2303,聯電,55,0,55,港商法國興業,2023-09-01,1570
6443,元晶,50,0,50,港商法國興業,2023-09-01,1570
3704,合勤控,43,0,43,港商法國興業,2023-09-01,1570
2891,中信金,38,0,38,港商法國興業,2023-09-01,1570
6182,合晶,36,0,36,港商法國興業,2023-09-01,1570
1536,和大,35,0,35,港商法國興業,2023-09-01,1570
6282,康舒,35,0,35,港商法國興業,2023-09-01,1570
1308,亞聚,34,0,34,港商法國興業,2023-09-01,1570
2883,凱基金,34,0,34,港商法國興業,2023-09-01,1570
9802,鈺齊-KY,33,0,33,港商法國興業,2023-09-01,1570
4128,中天,30,0,30,港商法國興業,2023-09-01,1570
2498,宏達電,28,0,28,港商法國興業,2023-09-01,1570
9938,百和,28,0,28,港商法國興業,2023-09-01,1570
3105,穩懋,26,0,26,港商法國興業,2023-09-01,1570
4958,臻鼎-KY,26,0,26,港商法國興業,2023-09-01,1570
1216,統一,25,0,25,港商法國興業,2023-09-01,1570
2002,中鋼,25,0,25,港商法國興業,2023-09-01,1570
2886,兆豐金,25,0,25,港商法國興業,2023-09-01,1570
1907,永豐餘,23,0,23,港商法國興業,2023-09-01,1570
1326,台化,23,0,23,港商法國興業,2023-09-01,1570
2474,可成,23,0,23,港商法國興業,2023-09-01,1570
6770,力積電,22,0,22,港商法國興業,2023-09-01,1570
2412,中華電,20,0,20,港商法國興業,2023-09-01,1570
9910,豐泰,20,0,20,港商法國興業,2023-09-01,1570
1301,台塑,18,0,18,港商法國興業,2023-09-01,1570
2457,飛宏,18,0,18,港商法國興業,2023-09-01,1570
3044,健鼎,18,0,18,港商法國興業,2023-09-01,1570
2383,台光電,17,1,16,港商法國興業,2023-09-01,1570
2882,國泰金,16,0,16,港商法國興業,2023-09-01,1570
2603,長榮,14,0,14,港商法國興業,2023-09-01,1570
4162,智擎,14,0,14,港商法國興業,2023-09-01,1570
2458,義隆,13,0,13,港商法國興業,2023-09-01,1570
3026,禾伸堂,12,0,12,港商法國興業,2023-09-01,1570
4919,新唐,12,0,12,港商法國興業,2023-09-01,1570
6104,創惟,12,0,12,港商法國興業,2023-09-01,1570
6153,嘉聯益,12,0,12,港商法國興業,2023-09-01,1570
1303,南亞,11,0,11,港商法國興業,2023-09-01,1570
3552,同致,10,0,10,港商法國興業,2023-09-01,1570
6550,北極星藥業-KY,10,0,10,港商法國興業,2023-09-01,1570
2603,長榮,1096,0,1096,港商法國興業,2023-09-04,1570
2027,大成鋼,301,0,301,港商法國興業,2023-09-04,1570
2204,中華,101,0,101,港商法國興業,2023-09-04,1570
1308,亞聚,68,0,68,港商法國興業,2023-09-04,1570
2601,益航,55,0,55,港商法國興業,2023-09-04,1570
2353,宏��,51,0,51,港商法國興業,2023-09-04,1570
8069,元太,43,0,43,港商法國興業,2023-09-04,1570
9802,鈺齊-KY,37,0,37,港商法國興業,2023-09-04,1570
1536,和大,31,0,31,港商法國興業,2023-09-04,1570
5876,上海商銀,27,0,27,港商法國興業,2023-09-04,1570
1101,台泥,37,11,26,港商法國興業,2023-09-04,1570
4128,中天,26,0,26,港商法國興業,2023-09-04,1570
6239,力成,23,0,23,港商法國興業,2023-09-04,1570
2347,聯強,20,0,20,港商法國興業,2023-09-04,1570
5607,遠雄港,20,0,20,港商法國興業,2023-09-04,1570
6116,彩晶,17,0,17,港商法國興業,2023-09-04,1570
2486,一詮,16,0,16,港商法國興業,2023-09-04,1570
1907,永豐餘,14,0,14,港商法國興業,2023-09-04,1570
1326,台化,13,0,13,港商法國興業,2023-09-04,1570
3704,合勤控,12,0,12,港商法國興業,2023-09-04,1570
2368,金像電,11,0,11,港商法國興業,2023-09-04,1570
4904,遠傳,10,0,10,港商法國興業,2023-09-04,1570
3264,欣銓,9,0,9,港商法國興業,2023-09-04,1570
2492,華新科,60,52,8,港商法國興業,2023-09-04,1570
1789,神隆,7,0,7,港商法國興業,2023-09-04,1570
6770,力積電,6,0,6,港商法國興業,2023-09-04,1570
2467,志聖,5,0,5,港商法國興業,2023-09-04,1570
8938,明安,5,0,5,港商法國興業,2023-09-04,1570
1476,儒鴻,4,0,4,港商法國興業,2023-09-04,1570
2360,致茂,4,0,4,港商法國興業,2023-09-04,1570
3017,奇鋐,4,0,4,港商法國興業,2023-09-04,1570
3673,TPK-KY,3,0,3,港商法國興業,2023-09-04,1570
2597,潤弘,2,0,2,港商法國興業,2023-09-04,1570
4763,材料-KY,2,0,2,港商法國興業,2023-09-04,1570
5531,鄉林,2,0,2,港商法國興業,2023-09-04,1570
8114,振樺電,2,0,2,港商法國興業,2023-09-04,1570
2545,皇翔,1,0,1,港商法國興業,2023-09-04,1570
4938,和碩,1,0,1,港商法國興業,2023-09-04,1570
6409,旭隼,1,0,1,港商法國興業,2023-09-04,1570
6670,復盛應用,1,0,1,港商法國興業,2023-09-04,1570
9910,豐泰,1,0,1,港商法國興業,2023-09-04,1570
3481,群創,5623,1,5622,港商法國興業,2023-09-05,1570
2409,友達,1871,0,1871,港商法國興業,2023-09-05,1570
6116,彩晶,273,0,273,港商法國興業,2023-09-05,1570
1402,遠東新,146,0,146,港商法國興業,2023-09-05,1570
2204,中華,138,0,138,港商法國興業,2023-09-05,1570
6770,力積電,89,0,89,港商法國興業,2023-09-05,1570
9802,鈺齊-KY,74,0,74,港商法國興業,2023-09-05,1570
2637,慧洋-KY,56,0,56,港商法國興業,2023-09-05,1570
2347,聯強,51,0,51,港商法國興業,2023-09-05,1570
6239,力成,51,0,51,港商法國興業,2023-09-05,1570
1301,台塑,50,0,50,港商法國興業,2023-09-05,1570
8070,長華*,48,0,48,港商法國興業,2023-09-05,1570
2883,凱基金,43,0,43,港商法國興業,2023-09-05,1570
6278,台表科,40,0,40,港商法國興業,2023-09-05,1570
1104,環泥,31,0,31,港商法國興業,2023-09-05,1570
5519,隆大,29,0,29,港商法國興業,2023-09-05,1570
2610,華航,154,130,24,港商法國興業,2023-09-05,1570
1326,台化,20,0,20,港商法國興業,2023-09-05,1570
8069,元太,19,0,19,港商法國興業,2023-09-05,1570
2608,嘉里大榮,18,0,18,港商法國興業,2023-09-05,1570
5607,遠雄港,17,0,17,港商法國興業,2023-09-05,1570
6456,GIS-KY,16,0,16,港商法國興業,2023-09-05,1570
6664,群翊,16,0,16,港商法國興業,2023-09-05,1570
9925,新保,16,0,16,港商法國興業,2023-09-05,1570
1702,南僑,15,0,15,港商法國興業,2023-09-05,1570
2317,鴻海,15,0,15,港商法國興業,2023-09-05,1570
2601,益航,14,0,14,港商法國興業,2023-09-05,1570
8916,光隆,12,0,12,港商法國興業,2023-09-05,1570
2383,台光電,11,0,11,港商法國興業,2023-09-05,1570
1907,永豐餘,11,0,11,港商法國興業,2023-09-05,1570
5388,中磊,10,0,10,港商法國興業,2023-09-05,1570
6416,瑞祺電通,10,0,10,港商法國興業,2023-09-05,1570
4966,譜瑞-KY,9,0,9,港商法國興業,2023-09-05,1570
6290,良維,8,0,8,港商法國興業,2023-09-05,1570
3712,永崴投控,7,0,7,港商法國興業,2023-09-05,1570
8114,振樺電,7,0,7,港商法國興業,2023-09-05,1570
1605,華新,6,0,6,港商法國興業,2023-09-05,1570
3563,牧德,6,0,6,港商法國興業,2023-09-05,1570
2404,漢唐,5,0,5,港商法國興業,2023-09-05,1570
3042,晶技,5,0,5,港商法國興業,2023-09-05,1570
2327,國巨,6,2,4,港商法國興業,2023-09-05,1570
3019,亞光,4,0,4,港商法國興業,2023-09-05,1570
2359,所羅門,4,0,4,港商法國興業,2023-09-05,1570
9910,豐泰,4,0,4,港商法國興業,2023-09-05,1570
2597,潤弘,3,0,3,港商法國興業,2023-09-05,1570
2545,皇翔,3,0,3,港商法國興業,2023-09-05,1570
1476,儒鴻,3,0,3,港商法國興業,2023-09-05,1570
3450,聯鈞,3,0,3,港商法國興業,2023-09-05,1570
3105,穩懋,2,0,2,港商法國興業,2023-09-05,1570
8938,明安,2,0,2,港商法國興業,2023-09-05,1570
2313,華通,524,0,524,港商法國興業,2023-09-06,1570
2890,永豐金,1061,630,431,港商法國興業,2023-09-06,1570
2363,矽統,137,0,137,港商法國興業,2023-09-06,1570
6116,彩晶,111,0,111,港商法國興業,2023-09-06,1570
2601,益航,100,0,100,港商法國興業,2023-09-06,1570
3450,聯鈞,100,0,100,港商法國興業,2023-09-06,1570
2474,可成,122,33,89,港商法國興業,2023-09-06,1570
6153,嘉聯益,89,0,89,港商法國興業,2023-09-06,1570
3010,華立,78,0,78,港商法國興業,2023-09-06,1570
2809,京城銀,110,35,75,港商法國興業,2023-09-06,1570
9802,鈺齊-KY,66,0,66,港商法國興業,2023-09-06,1570
5607,遠雄港,58,0,58,港商法國興業,2023-09-06,1570
2449,京元電子,53,0,53,港商法國興業,2023-09-06,1570
5388,中磊,50,0,50,港商法國興業,2023-09-06,1570
6271,同欣電,48,0,48,港商法國興業,2023-09-06,1570
1608,華榮,43,0,43,港商法國興業,2023-09-06,1570
1536,和大,41,0,41,港商法國興業,2023-09-06,1570
5371,中光電,41,0,41,港商法國興業,2023-09-06,1570
2385,群光,39,1,38,港商法國興業,2023-09-06,1570
3059,華晶科,30,0,30,港商法國興業,2023-09-06,1570
8938,明安,28,0,28,港商法國興業,2023-09-06,1570
1710,東聯,27,0,27,港商法國興業,2023-09-06,1570
9911,櫻花,23,0,23,港商法國興業,2023-09-06,1570
8016,矽創,22,0,22,港商法國興業,2023-09-06,1570
3019,亞光,19,0,19,港商法國興業,2023-09-06,1570
8081,致新,18,0,18,港商法國興業,2023-09-06,1570
1308,亞聚,41,27,14,港商法國興業,2023-09-06,1570
6664,群翊,14,0,14,港商法國興業,2023-09-06,1570
6216,居易,12,0,12,港商法國興業,2023-09-06,1570
1229,聯華,11,0,11,港商法國興業,2023-09-06,1570
1598,岱宇,11,0,11,港商法國興業,2023-09-06,1570
1907,永豐餘,11,0,11,港商法國興業,2023-09-06,1570
1560,中砂,10,0,10,港商法國興業,2023-09-06,1570
2352,佳世達,10,0,10,港商法國興業,2023-09-06,1570
2383,台光電,8,0,8,港商法國興業,2023-09-06,1570
2455,全新,8,0,8,港商法國興業,2023-09-06,1570
6189,豐藝,8,0,8,港商法國興業,2023-09-06,1570
9907,統一實,8,0,8,港商法國興業,2023-09-06,1570
4915,致伸,7,0,7,港商法國興業,2023-09-06,1570
2428,興勤,6,0,6,港商法國興業,2023-09-06,1570
2597,潤弘,6,0,6,港商法國興業,2023-09-06,1570
5531,鄉林,6,0,6,港商法國興業,2023-09-06,1570
2542,興富發,4,0,4,港商法國興業,2023-09-06,1570
2545,皇翔,4,0,4,港商法國興業,2023-09-06,1570
6180,橘子,4,0,4,港商法國興業,2023-09-06,1570
3548,兆利,3,0,3,港商法國興業,2023-09-06,1570
6213,聯茂,3,0,3,港商法國興業,2023-09-06,1570
6409,旭隼,5,2,3,港商法國興業,2023-09-06,1570
2359,所羅門,2,0,2,港商法國興業,2023-09-06,1570
1477,聚陽,2,0,2,港商法國興業,2023-09-06,1570
1303,南亞,378,101,277,港商法國興業,2023-09-07,1570
6116,彩晶,258,0,258,港商法國興業,2023-09-07,1570
2601,益航,200,0,200,港商法國興業,2023-09-07,1570
4147,中裕,101,0,101,港商法國興業,2023-09-07,1570
1304,台聚,86,0,86,港商法國興業,2023-09-07,1570
3059,華晶科,85,0,85,港商法國興業,2023-09-07,1570
1718,中纖,68,0,68,港商法國興業,2023-09-07,1570
6188,廣明,47,0,47,港商法國興業,2023-09-07,1570
2367,燿華,46,0,46,港商法國興業,2023-09-07,1570
2376,技嘉,52,12,40,港商法國興業,2023-09-07,1570
3450,聯鈞,38,0,38,港商法國興業,2023-09-07,1570
4128,中天,38,0,38,港商法國興業,2023-09-07,1570
2368,金像電,44,7,37,港商法國興業,2023-09-07,1570
9911,櫻花,42,9,33,港商法國興業,2023-09-07,1570
2610,華航,80,49,31,港商法國興業,2023-09-07,1570
8028,昇陽半導體,29,0,29,港商法國興業,2023-09-07,1570
1319,東陽,27,0,27,港商法國興業,2023-09-07,1570
3016,嘉晶,27,0,27,港商法國興業,2023-09-07,1570
3019,亞光,47,22,25,港商法國興業,2023-09-07,1570
1762,中化生,24,0,24,港商法國興業,2023-09-07,1570
8114,振樺電,24,0,24,港商法國興業,2023-09-07,1570
1736,喬山,23,0,23,港商法國興業,2023-09-07,1570
5607,遠雄港,22,0,22,港商法國興業,2023-09-07,1570
1907,永豐餘,20,0,20,港商法國興業,2023-09-07,1570
2633,台灣高鐵,52,33,19,港商法國興業,2023-09-07,1570
6782,視陽,19,0,19,港商法國興業,2023-09-07,1570
8110,華東,19,0,19,港商法國興業,2023-09-07,1570
2603,長榮,17,0,17,港商法國興業,2023-09-07,1570
9939,宏全,17,0,17,港商法國興業,2023-09-07,1570
6531,愛普*,16,0,16,港商法國興業,2023-09-07,1570
8938,明安,14,0,14,港商法國興業,2023-09-07,1570
1609,大亞,11,0,11,港商法國興業,2023-09-07,1570
4551,智伸科,11,0,11,港商法國興業,2023-09-07,1570
9958,世紀鋼,11,0,11,港商法國興業,2023-09-07,1570
3006,晶豪科,10,0,10,港商法國興業,2023-09-07,1570
6180,橘子,10,0,10,港商法國興業,2023-09-07,1570
1717,長興,9,0,9,港商法國興業,2023-09-07,1570
2732,六角,8,0,8,港商法國興業,2023-09-07,1570
2545,皇翔,7,0,7,港商法國興業,2023-09-07,1570
3026,禾伸堂,7,0,7,港商法國興業,2023-09-07,1570
3557,嘉威,7,0,7,港商法國興業,2023-09-07,1570
3044,健鼎,6,0,6,港商法國興業,2023-09-07,1570
9930,中聯資源,6,0,6,港商法國興業,2023-09-07,1570
2342,茂矽,5,0,5,港商法國興業,2023-09-07,1570
3526,凡甲,5,0,5,港商法國興業,2023-09-07,1570
6284,佳邦,5,0,5,港商法國興業,2023-09-07,1570
8442,威宏-KY,5,0,5,港商法國興業,2023-09-07,1570
4536,拓凱,4,0,4,港商法國興業,2023-09-07,1570
4763,材料-KY,4,0,4,港商法國興業,2023-09-07,1570
1310,台苯,3,0,3,港商法國興業,2023-09-07,1570
2886,兆豐金,361,37,324,港商法國興業,2023-09-08,1570
2324,仁寶,74,0,74,港商法國興業,2023-09-08,1570
2489,瑞軒,71,0,71,港商法國興業,2023-09-08,1570
2883,凱基金,68,0,68,港商法國興業,2023-09-08,1570
1409,新纖,60,0,60,港商法國興業,2023-09-08,1570
9907,統一實,57,0,57,港商法國興業,2023-09-08,1570
2542,興富發,55,0,55,港商法國興業,2023-09-08,1570
2313,華通,120,70,50,港商法國興業,2023-09-08,1570
4128,中天,47,0,47,港商法國興業,2023-09-08,1570
3673,TPK-KY,43,0,43,港商法國興業,2023-09-08,1570
2367,燿華,38,0,38,港商法國興業,2023-09-08,1570
2609,陽明,38,0,38,港商法國興業,2023-09-08,1570
4707,磐亞,31,0,31,港商法國興業,2023-09-08,1570
3450,聯鈞,28,0,28,港商法國興業,2023-09-08,1570
1308,亞聚,27,0,27,港商法國興業,2023-09-08,1570
5607,遠雄港,26,0,26,港商法國興業,2023-09-08,1570
6290,良維,22,0,22,港商法國興業,2023-09-08,1570
3059,華晶科,21,0,21,港商法國興業,2023-09-08,1570
5388,中磊,31,10,21,港商法國興業,2023-09-08,1570
1440,南紡,20,0,20,港商法國興業,2023-09-08,1570
1476,儒鴻,26,7,19,港商法國興業,2023-09-08,1570
3048,益登,18,0,18,港商法國興業,2023-09-08,1570
2603,長榮,16,0,16,港商法國興業,2023-09-08,1570
3003,健和興,13,0,13,港商法國興業,2023-09-08,1570
1598,岱宇,12,0,12,港商法國興業,2023-09-08,1570
8938,明安,12,0,12,港商法國興業,2023-09-08,1570
1321,大洋,11,0,11,港商法國興業,2023-09-08,1570
8114,振樺電,11,0,11,港商法國興業,2023-09-08,1570
2472,立隆電,10,0,10,港商法國興業,2023-09-08,1570
2342,茂矽,10,0,10,港商法國興業,2023-09-08,1570
6278,台表科,25,15,10,港商法國興業,2023-09-08,1570
4147,中裕,9,0,9,港商法國興業,2023-09-08,1570
6472,保瑞,9,0,9,港商法國興業,2023-09-08,1570
3017,奇鋐,6,0,6,港商法國興業,2023-09-08,1570
4426,利勤,6,0,6,港商法國興業,2023-09-08,1570
6180,橘子,6,0,6,港商法國興業,2023-09-08,1570
2301,光寶科,6,1,5,港商法國興業,2023-09-08,1570
2329,華泰,5,0,5,港商法國興業,2023-09-08,1570
2545,皇翔,5,0,5,港商法國興業,2023-09-08,1570
6138,茂達,5,0,5,港商法國興業,2023-09-08,1570
3587,閎康,4,0,4,港商法國興業,2023-09-08,1570
6782,視陽,4,0,4,港商法國興業,2023-09-08,1570
2404,漢唐,3,0,3,港商法國興業,2023-09-08,1570
1711,永光,3,0,3,港商法國興業,2023-09-08,1570
3479,安勤,3,0,3,港商法國興業,2023-09-08,1570
4919,新唐,8,5,3,港商法國興業,2023-09-08,1570
4953,緯軟,3,0,3,港商法國興業,2023-09-08,1570
2892,第一金,2,0,2,港商法國興業,2023-09-08,1570
4129,聯合,2,0,2,港商法國興業,2023-09-08,1570
5531,鄉林,2,0,2,港商法國興業,2023-09-08,1570
2383,台光電,439,96,343,港商法國興業,2023-09-11,1570
2618,長榮航,182,0,182,港商法國興業,2023-09-11,1570
3481,群創,135,0,135,港商法國興業,2023-09-11,1570
3704,合勤控,125,0,125,港商法國興業,2023-09-11,1570
2885,元大金,94,0,94,港商法國興業,2023-09-11,1570
4128,中天,81,0,81,港商法國興業,2023-09-11,1570
2888,新光金,70,0,70,港商法國興業,2023-09-11,1570
5371,中光電,66,0,66,港商法國興業,2023-09-11,1570
5607,遠雄港,63,0,63,港商法國興業,2023-09-11,1570
3044,健鼎,59,0,59,港商法國興業,2023-09-11,1570
3059,華晶科,49,0,49,港商法國興業,2023-09-11,1570
2324,仁寶,43,0,43,港商法國興業,2023-09-11,1570
1303,南亞,42,0,42,港商法國興業,2023-09-11,1570
3029,零壹,41,0,41,港商法國興業,2023-09-11,1570
2367,燿華,38,0,38,港商法國興業,2023-09-11,1570
3003,健和興,38,0,38,港商法國興業,2023-09-11,1570
1536,和大,33,0,33,港商法國興業,2023-09-11,1570
9910,豐泰,33,0,33,港商法國興業,2023-09-11,1570
2344,華邦電,29,0,29,港商法國興業,2023-09-11,1570
2633,台灣高鐵,24,0,24,港商法國興業,2023-09-11,1570
3479,安勤,18,0,18,港商法國興業,2023-09-11,1570
6706,惠特,17,0,17,港商法國興業,2023-09-11,1570
6214,精誠,16,0,16,港商法國興業,2023-09-11,1570
2472,立隆電,15,0,15,港商法國興業,2023-09-11,1570
2732,六角,15,0,15,港商法國興業,2023-09-11,1570
9941,裕融,15,0,15,港商法國興業,2023-09-11,1570
1326,台化,14,0,14,港商法國興業,2023-09-11,1570
2603,長榮,13,0,13,港商法國興業,2023-09-11,1570
5531,鄉林,13,0,13,港商法國興業,2023-09-11,1570
3026,禾伸堂,11,0,11,港商法國興業,2023-09-11,1570
3673,TPK-KY,31,20,11,港商法國興業,2023-09-11,1570
5871,中租-KY,11,0,11,港商法國興業,2023-09-11,1570
6180,橘子,11,0,11,港商法國興業,2023-09-11,1570
6205,詮欣,11,0,11,港商法國興業,2023-09-11,1570
2342,茂矽,9,0,9,港商法國興業,2023-09-11,1570
8924,大田,8,0,8,港商法國興業,2023-09-11,1570
3034,聯詠,6,0,6,港商法國興業,2023-09-11,1570
1310,台苯,5,0,5,港商法國興業,2023-09-11,1570
1476,儒鴻,5,0,5,港商法國興業,2023-09-11,1570
1711,永光,5,0,5,港商法國興業,2023-09-11,1570
2379,瑞昱,5,0,5,港商法國興業,2023-09-11,1570
2376,技嘉,5,0,5,港商法國興業,2023-09-11,1570
2474,可成,4,0,4,港商法國興業,2023-09-11,1570
2247,汎德永業,4,0,4,港商法國興業,2023-09-11,1570
2545,皇翔,4,0,4,港商法國興業,2023-09-11,1570
8938,明安,4,0,4,港商法國興業,2023-09-11,1570
2330,台積電,3,0,3,港商法國興業,2023-09-11,1570
2382,廣達,3,0,3,港商法國興業,2023-09-11,1570
3661,世芯-KY,3,0,3,港商法國興業,2023-09-11,1570
2428,興勤,2,0,2,港商法國興業,2023-09-11,1570
2618,長榮航,610,0,610,港商法國興業,2023-09-12,1570
1301,台塑,367,0,367,港商法國興業,2023-09-12,1570
2313,華通,360,131,229,港商法國興業,2023-09-12,1570
2367,燿華,151,0,151,港商法國興業,2023-09-12,1570
3005,神基,104,0,104,港商法國興業,2023-09-12,1570
2344,華邦電,100,0,100,港商法國興業,2023-09-12,1570
2885,元大金,87,0,87,港商法國興業,2023-09-12,1570
3702,大聯大,72,0,72,港商法國興業,2023-09-12,1570
2886,兆豐金,56,0,56,港商法國興業,2023-09-12,1570
2455,全新,51,0,51,港商法國興業,2023-09-12,1570
1560,中砂,50,0,50,港商法國興業,2023-09-12,1570
2882,國泰金,50,0,50,港商法國興業,2023-09-12,1570
3704,合勤控,49,0,49,港商法國興業,2023-09-12,1570
2609,陽明,48,0,48,港商法國興業,2023-09-12,1570
2633,台灣高鐵,48,0,48,港商法國興業,2023-09-12,1570
2881,富邦金,46,0,46,港商法國興業,2023-09-12,1570
3017,奇鋐,42,0,42,港商法國興業,2023-09-12,1570
1802,台玻,36,0,36,港商法國興業,2023-09-12,1570
1402,遠東新,34,0,34,港商法國興業,2023-09-12,1570
1303,南亞,33,0,33,港商法國興業,2023-09-12,1570
1513,中興電,33,0,33,港商法國興業,2023-09-12,1570
2324,仁寶,32,0,32,港商法國興業,2023-09-12,1570
5607,遠雄港,32,0,32,港商法國興業,2023-09-12,1570
2002,中鋼,31,0,31,港商法國興業,2023-09-12,1570
1515,力山,30,0,30,港商法國興業,2023-09-12,1570
2027,大成鋼,30,0,30,港商法國興業,2023-09-12,1570
4919,新唐,30,0,30,港商法國興業,2023-09-12,1570
2892,第一金,28,0,28,港商法國興業,2023-09-12,1570
3045,台灣大,28,0,28,港商法國興業,2023-09-12,1570
3029,零壹,27,0,27,港商法國興業,2023-09-12,1570
5880,合庫金,27,0,27,港商法國興業,2023-09-12,1570
2402,毅嘉,26,0,26,港商法國興業,2023-09-12,1570
1904,正隆,26,0,26,港商法國興業,2023-09-12,1570
3003,健和興,26,0,26,港商法國興業,2023-09-12,1570
9910,豐泰,26,0,26,港商法國興業,2023-09-12,1570
2610,華航,22,0,22,港商法國興業,2023-09-12,1570
1216,統一,20,0,20,港商法國興業,2023-09-12,1570
6472,保瑞,20,0,20,港商法國興業,2023-09-12,1570
6214,精誠,19,0,19,港商法國興業,2023-09-12,1570
1598,岱宇,17,0,17,港商法國興業,2023-09-12,1570
6290,良維,17,0,17,港商法國興業,2023-09-12,1570
2891,中信金,16,0,16,港商法國興業,2023-09-12,1570
2545,皇翔,15,0,15,港商法國興業,2023-09-12,1570
3673,TPK-KY,14,0,14,港商法國興業,2023-09-12,1570
5388,中磊,14,0,14,港商法國興業,2023-09-12,1570
9958,世紀鋼,14,0,14,港商法國興業,2023-09-12,1570
9945,潤泰新,13,0,13,港商法國興業,2023-09-12,1570
2353,宏��,12,0,12,港商法國興業,2023-09-12,1570
1711,永光,12,0,12,港商法國興業,2023-09-12,1570
6505,台塑化,12,0,12,港商法國興業,2023-09-12,1570
2890,永豐金,915,0,915,港商法國興業,2023-09-13,1570
2382,廣達,1765,861,904,港商法國興業,2023-09-13,1570
2887,台新金,454,10,444,港商法國興業,2023-09-13,1570
2355,敬鵬,441,18,423,港商法國興業,2023-09-13,1570
2610,華航,333,0,333,港商法國興業,2023-09-13,1570
2801,彰銀,339,7,332,港商法國興業,2023-09-13,1570
2881,富邦金,317,0,317,港商法國興業,2023-09-13,1570
2884,玉山金,337,20,317,港商法國興業,2023-09-13,1570
1101,台泥,353,73,280,港商法國興業,2023-09-13,1570
1216,統一,281,5,276,港商法國興業,2023-09-13,1570
2880,華南金,276,0,276,港商法國興業,2023-09-13,1570
2886,兆豐金,260,0,260,港商法國興業,2023-09-13,1570
2892,第一金,257,0,257,港商法國興業,2023-09-13,1570
3481,群創,276,56,220,港商法國興業,2023-09-13,1570
2891,中信金,425,221,204,港商法國興業,2023-09-13,1570
2455,全新,198,0,198,港商法國興業,2023-09-13,1570
2392,正崴,188,0,188,港商法國興業,2023-09-13,1570
2618,長榮航,174,0,174,港商法國興業,2023-09-13,1570
2204,中華,151,0,151,港商法國興業,2023-09-13,1570
1609,大亞,118,0,118,港商法國興業,2023-09-13,1570
2330,台積電,154,40,114,港商法國興業,2023-09-13,1570
1314,中石化,100,0,100,港商法國興業,2023-09-13,1570
4128,中天,91,0,91,港商法國興業,2023-09-13,1570
5876,上海商銀,102,12,90,港商法國興業,2023-09-13,1570
2412,中華電,89,0,89,港商法國興業,2023-09-13,1570
1218,泰山,74,0,74,港商法國興業,2023-09-13,1570
2882,國泰金,271,197,74,港商法國興業,2023-09-13,1570
2458,義隆,71,0,71,港商法國興業,2023-09-13,1570
2834,臺企銀,56,0,56,港商法國興業,2023-09-13,1570
2023,燁輝,55,0,55,港商法國興業,2023-09-13,1570
1785,光洋科,37,0,37,港商法國興業,2023-09-13,1570
1737,臺鹽,37,0,37,港商法國興業,2023-09-13,1570
1712,興農,37,0,37,港商法國興業,2023-09-13,1570
1210,大成,37,0,37,港商法國興業,2023-09-13,1570
1219,福壽,37,0,37,港商法國興業,2023-09-13,1570
2323,中環,37,0,37,港商法國興業,2023-09-13,1570
2399,映泰,37,0,37,港商法國興業,2023-09-13,1570
5608,四維航,37,0,37,港商法國興業,2023-09-13,1570
9914,美利達,37,0,37,港商法國興業,2023-09-13,1570
4904,遠傳,48,12,36,港商法國興業,2023-09-13,1570
6770,力積電,36,0,36,港商法國興業,2023-09-13,1570
9910,豐泰,33,0,33,港商法國興業,2023-09-13,1570
2633,台灣高鐵,29,0,29,港商法國興業,2023-09-13,1570
3045,台灣大,32,5,27,港商法國興業,2023-09-13,1570
2207,和泰車,28,1,27,港商法國興業,2023-09-13,1570
2472,立隆電,25,0,25,港商法國興業,2023-09-13,1570
6214,精誠,23,0,23,港商法國興業,2023-09-13,1570
1560,中砂,30,10,20,港商法國興業,2023-09-13,1570
2395,研華,20,0,20,港商法國興業,2023-09-13,1570
6290,良維,20,0,20,港商法國興業,2023-09-13,1570
1301,台塑,760,0,760,港商法國興業,2023-09-14,1570
2892,第一金,452,0,452,港商法國興業,2023-09-14,1570
2883,凱基金,446,0,446,港商法國興業,2023-09-14,1570
1402,遠東新,257,0,257,港商法國興業,2023-09-14,1570
2330,台積電,256,0,256,港商法國興業,2023-09-14,1570
2880,華南金,253,0,253,港商法國興業,2023-09-14,1570
2884,玉山金,223,0,223,港商法國興業,2023-09-14,1570
5534,長虹,156,0,156,港商法國興業,2023-09-14,1570
1303,南亞,156,15,141,港商法國興業,2023-09-14,1570
2888,新光金,129,0,129,港商法國興業,2023-09-14,1570
3702,大聯大,109,0,109,港商法國興業,2023-09-14,1570
6116,彩晶,108,0,108,港商法國興業,2023-09-14,1570
2609,陽明,104,0,104,港商法國興業,2023-09-14,1570
2317,鴻海,100,0,100,港商法國興業,2023-09-14,1570
1718,中纖,95,0,95,港商法國興業,2023-09-14,1570
2890,永豐金,95,0,95,港商法國興業,2023-09-14,1570
2603,長榮,94,0,94,港商法國興業,2023-09-14,1570
2618,長榮航,82,0,82,港商法國興業,2023-09-14,1570
2882,國泰金,81,0,81,港商法國興業,2023-09-14,1570
6451,訊芯-KY,79,0,79,港商法國興業,2023-09-14,1570
2887,台新金,301,223,78,港商法國興業,2023-09-14,1570
9904,寶成,66,0,66,港商法國興業,2023-09-14,1570
1101,台泥,64,0,64,港商法國興業,2023-09-14,1570
1785,光洋科,59,0,59,港商法國興業,2023-09-14,1570
3010,華立,55,0,55,港商法國興業,2023-09-14,1570
2382,廣達,53,0,53,港商法國興業,2023-09-14,1570
2301,光寶科,52,0,52,港商法國興業,2023-09-14,1570
2610,華航,52,0,52,港商法國興業,2023-09-14,1570
2886,兆豐金,51,0,51,港商法國興業,2023-09-14,1570
1608,華榮,48,0,48,港商法國興業,2023-09-14,1570
2439,美律,48,0,48,港商法國興業,2023-09-14,1570
2885,元大金,47,0,47,港商法國興業,2023-09-14,1570
3037,欣興,45,0,45,港商法國興業,2023-09-14,1570
2368,金像電,44,0,44,港商法國興業,2023-09-14,1570
2408,南亞科,219,178,41,港商法國興業,2023-09-14,1570
2353,宏��,40,0,40,港商法國興業,2023-09-14,1570
2308,台達電,38,0,38,港商法國興業,2023-09-14,1570
2105,正新,36,0,36,港商法國興業,2023-09-14,1570
5876,上海商銀,36,0,36,港商法國興業,2023-09-14,1570
5871,中租-KY,35,0,35,港商法國興業,2023-09-14,1570
2615,萬海,33,0,33,港商法國興業,2023-09-14,1570
4904,遠傳,32,0,32,港商法國興業,2023-09-14,1570
2002,中鋼,29,0,29,港商法國興業,2023-09-14,1570
4919,新唐,29,0,29,港商法國興業,2023-09-14,1570
6290,良維,27,0,27,港商法國興業,2023-09-14,1570
5880,合庫金,27,0,27,港商法國興業,2023-09-14,1570
1102,亞泥,25,0,25,港商法國興業,2023-09-14,1570
1326,台化,96,71,25,港商法國興業,2023-09-14,1570
2356,英業達,26,2,24,港商法國興業,2023-09-14,1570
5347,世界,24,0,24,港商法國興業,2023-09-14,1570
2891,中信金,1418,290,1128,港商法國興業,2023-09-15,1570
2330,台積電,1122,166,956,港商法國興業,2023-09-15,1570
2886,兆豐金,685,55,630,港商法國興業,2023-09-15,1570
1301,台塑,471,1,470,港商法國興業,2023-09-15,1570
2884,玉山金,556,90,466,港商法國興業,2023-09-15,1570
2337,旺宏,457,0,457,港商法國興業,2023-09-15,1570
2027,大成鋼,451,0,451,港商法國興業,2023-09-15,1570
2313,華通,475,70,405,港商法國興業,2023-09-15,1570
1504,東元,471,88,383,港商法國興業,2023-09-15,1570
2408,南亞科,339,0,339,港商法國興業,2023-09-15,1570
2317,鴻海,384,70,314,港商法國興業,2023-09-15,1570
2344,華邦電,402,94,308,港商法國興業,2023-09-15,1570
2883,凱基金,289,11,278,港商法國興業,2023-09-15,1570
8033,雷虎,268,0,268,港商法國興業,2023-09-15,1570
2618,長榮航,278,32,246,港商法國興業,2023-09-15,1570
2888,新光金,237,0,237,港商法國興業,2023-09-15,1570
2892,第一金,287,54,233,港商法國興業,2023-09-15,1570
4915,致伸,229,0,229,港商法國興業,2023-09-15,1570
2409,友達,218,0,218,港商法國興業,2023-09-15,1570
2486,一詮,194,0,194,港商法國興業,2023-09-15,1570
2356,英業達,185,0,185,港商法國興業,2023-09-15,1570
5880,合庫金,197,21,176,港商法國興業,2023-09-15,1570
5534,長虹,173,0,173,港商法國興業,2023-09-15,1570
4958,臻鼎-KY,165,0,165,港商法國興業,2023-09-15,1570
3443,創意,206,46,160,港商法國興業,2023-09-15,1570
3481,群創,156,0,156,港商法國興業,2023-09-15,1570
2609,陽明,151,0,151,港商法國興業,2023-09-15,1570
2303,聯電,203,63,140,港商法國興業,2023-09-15,1570
6770,力積電,140,0,140,港商法國興業,2023-09-15,1570
3010,華立,129,0,129,港商法國興業,2023-09-15,1570
3257,虹冠電,126,0,126,港商法國興業,2023-09-15,1570
5340,建榮,117,0,117,港商法國興業,2023-09-15,1570
2301,光寶科,120,4,116,港商法國興業,2023-09-15,1570
2801,彰銀,115,0,115,港商法國興業,2023-09-15,1570
2439,美律,114,0,114,港商法國興業,2023-09-15,1570
2474,可成,105,0,105,港商法國興業,2023-09-15,1570
2880,華南金,160,56,104,港商法國興業,2023-09-15,1570
1605,華新,97,2,95,港商法國興業,2023-09-15,1570
2887,台新金,203,115,88,港商法國興業,2023-09-15,1570
1609,大亞,87,0,87,港商法國興業,2023-09-15,1570
1303,南亞,86,10,76,港商法國興業,2023-09-15,1570
3034,聯詠,70,1,69,港商法國興業,2023-09-15,1570
2504,國產,68,0,68,港商法國興業,2023-09-15,1570
5876,上海商銀,69,1,68,港商法國興業,2023-09-15,1570
8150,南茂,68,0,68,港商法國興業,2023-09-15,1570
2308,台達電,78,11,67,港商法國興業,2023-09-15,1570
2368,金像電,63,0,63,港商法國興業,2023-09-15,1570
9910,豐泰,63,0,63,港商法國興業,2023-09-15,1570
1326,台化,63,2,61,港商法國興業,2023-09-15,1570
1785,光洋科,58,0,58,港商法國興業,2023-09-15,1570
2637,慧洋-KY,579,14,565,港商法國興業,2023-09-18,1570
2313,華通,511,80,431,港商法國興業,2023-09-18,1570
2371,大同,379,0,379,港商法國興業,2023-09-18,1570
2355,敬鵬,199,0,199,港商法國興業,2023-09-18,1570
2892,第一金,254,94,160,港商法國興業,2023-09-18,1570
6153,嘉聯益,115,0,115,港商法國興業,2023-09-18,1570
1785,光洋科,113,0,113,港商法國興業,2023-09-18,1570
2376,技嘉,84,0,84,港商法國興業,2023-09-18,1570
9907,統一實,76,0,76,港商法國興業,2023-09-18,1570
6116,彩晶,59,0,59,港商法國興業,2023-09-18,1570
1904,正隆,56,0,56,港商法國興業,2023-09-18,1570
1802,台玻,56,2,54,港商法國興業,2023-09-18,1570
2489,瑞軒,52,0,52,港商法國興業,2023-09-18,1570
3622,洋華,48,0,48,港商法國興業,2023-09-18,1570
2606,裕民,43,0,43,港商法國興業,2023-09-18,1570
3260,威剛,43,0,43,港商法國興業,2023-09-18,1570
2023,燁輝,41,0,41,港商法國興業,2023-09-18,1570
3592,瑞鼎,41,0,41,港商法國興業,2023-09-18,1570
2603,長榮,42,2,40,港商法國興業,2023-09-18,1570
6446,藥華藥,40,0,40,港商法國興業,2023-09-18,1570
9938,百和,37,0,37,港商法國興業,2023-09-18,1570
4162,智擎,23,0,23,港商法國興業,2023-09-18,1570
1609,大亞,21,0,21,港商法國興業,2023-09-18,1570
1503,士電,20,0,20,港商法國興業,2023-09-18,1570
6472,保瑞,19,0,19,港商法國興業,2023-09-18,1570
8938,明安,18,0,18,港商法國興業,2023-09-18,1570
6257,矽格,17,0,17,港商法國興業,2023-09-18,1570
2601,益航,16,0,16,港商法國興業,2023-09-18,1570
5607,遠雄港,16,0,16,港商法國興業,2023-09-18,1570
3443,創意,15,0,15,港商法國興業,2023-09-18,1570
1513,中興電,13,0,13,港商法國興業,2023-09-18,1570
8183,精星,13,0,13,港商法國興業,2023-09-18,1570
1752,南光,12,0,12,港商法國興業,2023-09-18,1570
2428,興勤,12,0,12,港商法國興業,2023-09-18,1570
3661,世芯-KY,12,0,12,港商法國興業,2023-09-18,1570
8942,森鉅,11,0,11,港商法國興業,2023-09-18,1570
1720,生達,10,0,10,港商法國興業,2023-09-18,1570
2392,正崴,10,0,10,港商法國興業,2023-09-18,1570
4919,新唐,10,0,10,港商法國興業,2023-09-18,1570
4126,太醫,9,0,9,港商法國興業,2023-09-18,1570
2545,皇翔,8,0,8,港商法國興業,2023-09-18,1570
6290,良維,8,0,8,港商法國興業,2023-09-18,1570
2368,金像電,7,0,7,港商法國興業,2023-09-18,1570
2342,茂矽,7,0,7,港商法國興業,2023-09-18,1570
1440,南紡,7,0,7,港商法國興業,2023-09-18,1570
3056,富華新,7,0,7,港商法國興業,2023-09-18,1570
6592,和潤企業,7,0,7,港商法國興業,2023-09-18,1570
6605,帝寶,6,0,6,港商法國興業,2023-09-18,1570
8114,振樺電,5,0,5,港商法國興業,2023-09-18,1570
9939,宏全,5,0,5,港商法國興業,2023-09-18,1570
2637,慧洋-KY,564,0,564,港商法國興業,2023-09-19,1570
1301,台塑,347,18,329,港商法國興業,2023-09-19,1570
1409,新纖,109,0,109,港商法國興業,2023-09-19,1570
5483,中美晶,104,10,94,港商法國興業,2023-09-19,1570
3576,聯合再生,87,0,87,港商法國興業,2023-09-19,1570
1326,台化,109,24,85,港商法國興業,2023-09-19,1570
3017,奇鋐,75,0,75,港商法國興業,2023-09-19,1570
4743,合一,64,0,64,港商法國興業,2023-09-19,1570
2303,聯電,74,12,62,港商法國興業,2023-09-19,1570
1785,光洋科,61,0,61,港商法國興業,2023-09-19,1570
2603,長榮,48,0,48,港商法國興業,2023-09-19,1570
1102,亞泥,82,37,45,港商法國興業,2023-09-19,1570
3265,台星科,45,0,45,港商法國興業,2023-09-19,1570
4123,晟德,40,0,40,港商法國興業,2023-09-19,1570
2206,三陽工業,39,0,39,港商法國興業,2023-09-19,1570
6116,彩晶,36,0,36,港商法國興業,2023-09-19,1570
6290,良維,36,0,36,港商法國興業,2023-09-19,1570
1904,正隆,32,0,32,港商法國興業,2023-09-19,1570
2408,南亞科,64,32,32,港商法國興業,2023-09-19,1570
2023,燁輝,31,0,31,港商法國興業,2023-09-19,1570
2009,第一銅,30,0,30,港商法國興業,2023-09-19,1570
1515,力山,20,0,20,港商法國興業,2023-09-19,1570
1303,南亞,44,25,19,港商法國興業,2023-09-19,1570
1802,台玻,18,0,18,港商法國興業,2023-09-19,1570
1609,大亞,16,0,16,港商法國興業,2023-09-19,1570
6592,和潤企業,16,0,16,港商法國興業,2023-09-19,1570
01003T,兆豐新光R1,13,0,13,港商法國興業,2023-09-19,1570
1598,岱宇,11,0,11,港商法國興業,2023-09-19,1570
1795,美時,10,0,10,港商法國興業,2023-09-19,1570
2338,光罩,10,0,10,港商法國興業,2023-09-19,1570
2535,達欣工,10,0,10,港商法國興業,2023-09-19,1570
3030,德律,10,0,10,港商法國興業,2023-09-19,1570
3592,瑞鼎,10,0,10,港商法國興業,2023-09-19,1570
5388,中磊,10,0,10,港商法國興業,2023-09-19,1570
5306,桂盟,9,0,9,港商法國興業,2023-09-19,1570
9914,美利達,9,0,9,港商法國興業,2023-09-19,1570
2342,茂矽,8,0,8,港商法國興業,2023-09-19,1570
4147,中裕,8,0,8,港商法國興業,2023-09-19,1570
6208,日揚,8,0,8,港商法國興業,2023-09-19,1570
2455,全新,7,0,7,港商法國興業,2023-09-19,1570
3036,文曄,7,0,7,港商法國興業,2023-09-19,1570
3260,威剛,7,0,7,港商法國興業,2023-09-19,1570
8436,大江,7,0,7,港商法國興業,2023-09-19,1570
3026,禾伸堂,6,0,6,港商法國興業,2023-09-19,1570
1565,精華,5,0,5,港商法國興業,2023-09-19,1570
2601,益航,5,0,5,港商法國興業,2023-09-19,1570
3105,穩懋,5,1,4,港商法國興業,2023-09-19,1570
4958,臻鼎-KY,4,0,4,港商法國興業,2023-09-19,1570
2545,皇翔,3,0,3,港商法國興業,2023-09-19,1570
3450,聯鈞,3,0,3,港商法國興業,2023-09-19,1570
2891,中信金,402,110,292,港商法國興業,2023-09-20,1570
2637,慧洋-KY,257,0,257,港商法國興業,2023-09-20,1570
2606,裕民,209,0,209,港商法國興業,2023-09-20,1570
4904,遠傳,226,19,207,港商法國興業,2023-09-20,1570
2303,聯電,219,40,179,港商法國興業,2023-09-20,1570
2313,華通,123,0,123,港商法國興業,2023-09-20,1570
2412,中華電,129,12,117,港商法國興業,2023-09-20,1570
2317,鴻海,159,79,80,港商法國興業,2023-09-20,1570
5483,中美晶,82,3,79,港商法國興業,2023-09-20,1570
9907,統一實,67,0,67,港商法國興業,2023-09-20,1570
3045,台灣大,67,18,49,港商法國興業,2023-09-20,1570
2206,三陽工業,45,0,45,港商法國興業,2023-09-20,1570
1608,華榮,45,0,45,港商法國興業,2023-09-20,1570
1718,中纖,43,0,43,港商法國興業,2023-09-20,1570
1605,華新,40,0,40,港商法國興業,2023-09-20,1570
2014,中鴻,37,0,37,港商法國興業,2023-09-20,1570
2023,燁輝,27,0,27,港商法國興業,2023-09-20,1570
8358,金居,27,0,27,港商法國興業,2023-09-20,1570
1904,正隆,25,0,25,港商法國興業,2023-09-20,1570
1440,南紡,23,0,23,港商法國興業,2023-09-20,1570
1201,味全,23,0,23,港商法國興業,2023-09-20,1570
2360,致茂,20,0,20,港商法國興業,2023-09-20,1570
2542,興富發,20,0,20,港商法國興業,2023-09-20,1570
3703,欣陸,20,0,20,港商法國興業,2023-09-20,1570
4108,懷特,20,0,20,港商法國興業,2023-09-20,1570
6257,矽格,19,0,19,港商法國興業,2023-09-20,1570
2345,智邦,20,3,17,港商法國興業,2023-09-20,1570
8076,伍豐,17,0,17,港商法國興業,2023-09-20,1570
2368,金像電,15,0,15,港商法國興業,2023-09-20,1570
3545,敦泰,15,0,15,港商法國興業,2023-09-20,1570
3592,瑞鼎,15,0,15,港商法國興業,2023-09-20,1570
6592,和潤企業,15,0,15,港商法國興業,2023-09-20,1570
3665,貿聯-KY,14,0,14,港商法國興業,2023-09-20,1570
9939,宏全,14,0,14,港商法國興業,2023-09-20,1570
2408,南亞科,50,37,13,港商法國興業,2023-09-20,1570
1609,大亞,12,0,12,港商法國興業,2023-09-20,1570
4958,臻鼎-KY,11,0,11,港商法國興業,2023-09-20,1570
1709,和益,10,0,10,港商法國興業,2023-09-20,1570
3714,富采,18,8,10,港商法國興業,2023-09-20,1570
6290,良維,10,0,10,港商法國興業,2023-09-20,1570
2342,茂矽,9,0,9,港商法國興業,2023-09-20,1570
3059,華晶科,9,0,9,港商法國興業,2023-09-20,1570
6139,亞翔,9,0,9,港商法國興業,2023-09-20,1570
2545,皇翔,5,0,5,港商法國興業,2023-09-20,1570
6531,愛普*,5,0,5,港商法國興業,2023-09-20,1570
9938,百和,5,0,5,港商法國興業,2023-09-20,1570
1785,光洋科,4,0,4,港商法國興業,2023-09-20,1570
1303,南亞,56,53,3,港商法國興業,2023-09-20,1570
5531,鄉林,3,0,3,港商法國興業,2023-09-20,1570
6469,大樹,3,0,3,港商法國興業,2023-09-20,1570
2892,第一金,567,166,401,港商法國興業,2023-09-21,1570
5009,榮剛,318,0,318,港商法國興業,2023-09-21,1570
1301,台塑,227,60,167,港商法國興業,2023-09-21,1570
9904,寶成,165,12,153,港商法國興業,2023-09-21,1570
5876,上海商銀,128,45,83,港商法國興業,2023-09-21,1570
2606,裕民,81,0,81,港商法國興業,2023-09-21,1570
8222,寶一,74,0,74,港商法國興業,2023-09-21,1570
3059,華晶科,58,0,58,港商法國興業,2023-09-21,1570
2313,華通,55,0,55,港商法國興業,2023-09-21,1570
1904,正隆,50,0,50,港商法國興業,2023-09-21,1570
8358,金居,34,0,34,港商法國興業,2023-09-21,1570
8926,台汽電,32,0,32,港商法國興業,2023-09-21,1570
5536,聖暉*,30,0,30,港商法國興業,2023-09-21,1570
6188,廣明,28,0,28,港商法國興業,2023-09-21,1570
2501,國建,26,0,26,港商法國興業,2023-09-21,1570
3323,加百裕,23,0,23,港商法國興業,2023-09-21,1570
4976,佳凌,22,0,22,港商法國興業,2023-09-21,1570
1442,名軒,19,0,19,港商法國興業,2023-09-21,1570
3209,全科,19,0,19,港商法國興業,2023-09-21,1570
3048,益登,16,0,16,港商法國興業,2023-09-21,1570
6143,振曜,16,0,16,港商法國興業,2023-09-21,1570
2028,威致,14,0,14,港商法國興業,2023-09-21,1570
2498,宏達電,14,0,14,港商法國興業,2023-09-21,1570
6189,豐藝,14,0,14,港商法國興業,2023-09-21,1570
2049,上銀,13,0,13,港商法國興業,2023-09-21,1570
1734,杏輝,13,0,13,港商法國興業,2023-09-21,1570
1473,台南,13,0,13,港商法國興業,2023-09-21,1570
2723,美食-KY,13,0,13,港商法國興業,2023-09-21,1570
6290,良維,13,0,13,港商法國興業,2023-09-21,1570
2617,台航,12,0,12,港商法國興業,2023-09-21,1570
2345,智邦,11,0,11,港商法國興業,2023-09-21,1570
2360,致茂,11,0,11,港商法國興業,2023-09-21,1570
5531,鄉林,11,0,11,港商法國興業,2023-09-21,1570
6237,驊訊,11,0,11,港商法國興業,2023-09-21,1570
1598,岱宇,10,0,10,港商法國興業,2023-09-21,1570
1720,生達,10,0,10,港商法國興業,2023-09-21,1570
3022,威強電,9,0,9,港商法國興業,2023-09-21,1570
6531,愛普*,9,0,9,港商法國興業,2023-09-21,1570
8942,森鉅,9,0,9,港商法國興業,2023-09-21,1570
2368,金像電,8,0,8,港商法國興業,2023-09-21,1570
2023,燁輝,8,0,8,港商法國興業,2023-09-21,1570
2548,華固,8,0,8,港商法國興業,2023-09-21,1570
6192,巨路,8,0,8,港商法國興業,2023-09-21,1570
6245,立端,8,0,8,港商法國興業,2023-09-21,1570
8114,振樺電,8,0,8,港商法國興業,2023-09-21,1570
9939,宏全,8,0,8,港商法國興業,2023-09-21,1570
2545,皇翔,7,0,7,港商法國興業,2023-09-21,1570
3557,嘉威,7,0,7,港商法國興業,2023-09-21,1570
6441,廣錠,7,0,7,港商法國興業,2023-09-21,1570
6741,91APP*-KY,7,0,7,港商法國興業,2023-09-21,1570
2409,友達,350,0,350,港商法國興業,2023-09-22,1570
3481,群創,335,0,335,港商法國興業,2023-09-22,1570
2330,台積電,331,38,293,港商法國興業,2023-09-22,1570
3702,大聯大,199,0,199,港商法國興業,2023-09-22,1570
6770,力積電,182,0,182,港商法國興業,2023-09-22,1570
2408,南亞科,188,14,174,港商法國興業,2023-09-22,1570
2886,兆豐金,208,55,153,港商法國興業,2023-09-22,1570
2801,彰銀,138,0,138,港商法國興業,2023-09-22,1570
2303,聯電,119,0,119,港商法國興業,2023-09-22,1570
2317,鴻海,113,0,113,港商法國興業,2023-09-22,1570
2883,凱基金,102,0,102,港商法國興業,2023-09-22,1570
1102,亞泥,93,0,93,港商法國興業,2023-09-22,1570
2888,新光金,84,0,84,港商法國興業,2023-09-22,1570
3017,奇鋐,82,0,82,港商法國興業,2023-09-22,1570
2002,中鋼,75,0,75,港商法國興業,2023-09-22,1570
1313,聯成,68,0,68,港商法國興業,2023-09-22,1570
3045,台灣大,67,0,67,港商法國興業,2023-09-22,1570
5880,合庫金,66,0,66,港商法國興業,2023-09-22,1570
2885,元大金,65,0,65,港商法國興業,2023-09-22,1570
2633,台灣高鐵,59,0,59,港商法國興業,2023-09-22,1570
2882,國泰金,114,59,55,港商法國興業,2023-09-22,1570
9921,巨大,54,0,54,港商法國興業,2023-09-22,1570
2881,富邦金,91,43,48,港商法國興業,2023-09-22,1570
3231,緯創,43,0,43,港商法國興業,2023-09-22,1570
4707,磐亞,42,0,42,港商法國興業,2023-09-22,1570
2412,中華電,81,42,39,港商法國興業,2023-09-22,1570
5876,上海商銀,36,0,36,港商法國興業,2023-09-22,1570
2504,國產,35,0,35,港商法國興業,2023-09-22,1570
2313,華通,34,0,34,港商法國興業,2023-09-22,1570
1810,和成,33,0,33,港商法國興業,2023-09-22,1570
3711,日月光投控,33,0,33,港商法國興業,2023-09-22,1570
2454,聯發科,32,0,32,港商法國興業,2023-09-22,1570
1216,統一,31,0,31,港商法國興業,2023-09-22,1570
3703,欣陸,31,0,31,港商法國興業,2023-09-22,1570
2891,中信金,125,96,29,港商法國興業,2023-09-22,1570
1303,南亞,30,2,28,港商法國興業,2023-09-22,1570
2324,仁寶,27,0,27,港商法國興業,2023-09-22,1570
2308,台達電,26,0,26,港商法國興業,2023-09-22,1570
3019,亞光,26,0,26,港商法國興業,2023-09-22,1570
6213,聯茂,26,0,26,港商法國興業,2023-09-22,1570
2884,玉山金,96,71,25,港商法國興業,2023-09-22,1570
4904,遠傳,35,10,25,港商法國興業,2023-09-22,1570
1301,台塑,24,0,24,港商法國興業,2023-09-22,1570
4123,晟德,24,0,24,港商法國興業,2023-09-22,1570
8358,金居,24,0,24,港商法國興業,2023-09-22,1570
2609,陽明,23,0,23,港商法國興業,2023-09-22,1570
1326,台化,22,0,22,港商法國興業,2023-09-22,1570
2855,統一證,22,0,22,港商法國興業,2023-09-22,1570
2344,華邦電,21,0,21,港商法國興業,2023-09-22,1570
1734,杏輝,20,0,20,港商法國興業,2023-09-22,1570
2884,玉山金,590,0,590,港商法國興業,2023-09-25,1570
2891,中信金,266,0,266,港商法國興業,2023-09-25,1570
2886,兆豐金,345,85,260,港商法國興業,2023-09-25,1570
2892,第一金,239,0,239,港商法國興業,2023-09-25,1570
2408,南亞科,57,0,57,港商法國興業,2023-09-25,1570
3702,大聯大,57,0,57,港商法國興業,2023-09-25,1570
2412,中華電,55,0,55,港商法國興業,2023-09-25,1570
2881,富邦金,50,0,50,港商法國興業,2023-09-25,1570
2313,華通,45,0,45,港商法國興業,2023-09-25,1570
6782,視陽,35,0,35,港商法國興業,2023-09-25,1570
5469,瀚宇博,34,0,34,港商法國興業,2023-09-25,1570
3019,亞光,33,0,33,港商法國興業,2023-09-25,1570
2609,陽明,26,0,26,港商法國興業,2023-09-25,1570
5388,中磊,26,0,26,港商法國興業,2023-09-25,1570
9907,統一實,25,0,25,港商法國興業,2023-09-25,1570
1101,台泥,21,0,21,港商法國興業,2023-09-25,1570
1785,光洋科,21,0,21,港商法國興業,2023-09-25,1570
3231,緯創,19,0,19,港商法國興業,2023-09-25,1570
2636,台驊控股,18,0,18,港商法國興業,2023-09-25,1570
6770,力積電,18,0,18,港商法國興業,2023-09-25,1570
1802,台玻,17,0,17,港商法國興業,2023-09-25,1570
2355,敬鵬,17,0,17,港商法國興業,2023-09-25,1570
4906,正文,17,0,17,港商法國興業,2023-09-25,1570
2207,和泰車,16,0,16,港商法國興業,2023-09-25,1570
2108,南帝,15,0,15,港商法國興業,2023-09-25,1570
6188,廣明,15,0,15,港商法國興業,2023-09-25,1570
3034,聯詠,13,0,13,港商法國興業,2023-09-25,1570
2915,潤泰全,12,0,12,港商法國興業,2023-09-25,1570
3026,禾伸堂,12,0,12,港商法國興業,2023-09-25,1570
1229,聯華,11,0,11,港商法國興業,2023-09-25,1570
6176,瑞儀,11,0,11,港商法國興業,2023-09-25,1570
1440,南紡,10,0,10,港商法國興業,2023-09-25,1570
8341,日友,10,0,10,港商法國興業,2023-09-25,1570
2545,皇翔,9,0,9,港商法國興業,2023-09-25,1570
2023,燁輝,8,0,8,港商法國興業,2023-09-25,1570
3014,聯陽,7,0,7,港商法國興業,2023-09-25,1570
6214,精誠,7,0,7,港商法國興業,2023-09-25,1570
2404,漢唐,6,0,6,港商法國興業,2023-09-25,1570
2603,長榮,6,0,6,港商法國興業,2023-09-25,1570
2486,一詮,6,0,6,港商法國興業,2023-09-25,1570
2455,全新,5,0,5,港商法國興業,2023-09-25,1570
2357,華碩,5,0,5,港商法國興業,2023-09-25,1570
2368,金像電,5,0,5,港商法國興業,2023-09-25,1570
5531,鄉林,5,0,5,港商法國興業,2023-09-25,1570
6121,新普,5,0,5,港商法國興業,2023-09-25,1570
6531,愛普*,5,0,5,港商法國興業,2023-09-25,1570
1709,和益,4,0,4,港商法國興業,2023-09-25,1570
4743,合一,4,0,4,港商法國興業,2023-09-25,1570
9941,裕融,4,0,4,港商法國興業,2023-09-25,1570
1795,美時,3,0,3,港商法國興業,2023-09-25,1570
3017,奇鋐,138,17,121,港商法國興業,2023-09-26,1570
1301,台塑,86,6,80,港商法國興業,2023-09-26,1570
2313,華通,71,0,71,港商法國興業,2023-09-26,1570
1326,台化,72,6,66,港商法國興業,2023-09-26,1570
4123,晟德,56,0,56,港商法國興業,2023-09-26,1570
6235,華孚,52,0,52,港商法國興業,2023-09-26,1570
8070,長華*,42,0,42,港商法國興業,2023-09-26,1570
2330,台積電,87,49,38,港商法國興業,2023-09-26,1570
8926,台汽電,37,0,37,港商法國興業,2023-09-26,1570
1216,統一,170,134,36,港商法國興業,2023-09-26,1570
3059,華晶科,34,0,34,港商法國興業,2023-09-26,1570
2607,榮運,33,0,33,港商法國興業,2023-09-26,1570
3019,亞光,30,0,30,港商法國興業,2023-09-26,1570
1905,華紙,28,0,28,港商法國興業,2023-09-26,1570
6782,視陽,23,0,23,港商法國興業,2023-09-26,1570
2504,國產,20,0,20,港商法國興業,2023-09-26,1570
6477,安集,19,0,19,港商法國興業,2023-09-26,1570
8358,金居,19,0,19,港商法國興業,2023-09-26,1570
4114,健喬,18,0,18,港商法國興業,2023-09-26,1570
5465,富驊,18,0,18,港商法國興業,2023-09-26,1570
5534,長虹,16,0,16,港商法國興業,2023-09-26,1570
1440,南紡,15,0,15,港商法國興業,2023-09-26,1570
1514,亞力,15,0,15,港商法國興業,2023-09-26,1570
2027,大成鋼,14,0,14,港商法國興業,2023-09-26,1570
4906,正文,14,0,14,港商法國興業,2023-09-26,1570
9907,統一實,13,0,13,港商法國興業,2023-09-26,1570
2337,旺宏,12,0,12,港商法國興業,2023-09-26,1570
3702,大聯大,12,0,12,港商法國興業,2023-09-26,1570
8150,南茂,12,0,12,港商法國興業,2023-09-26,1570
8341,日友,12,0,12,港商法國興業,2023-09-26,1570
2428,興勤,11,0,11,港商法國興業,2023-09-26,1570
5009,榮剛,11,0,11,港商法國興業,2023-09-26,1570
3557,嘉威,10,0,10,港商法國興業,2023-09-26,1570
6196,帆宣,10,0,10,港商法國興業,2023-09-26,1570
8114,振樺電,10,0,10,港商法國興業,2023-09-26,1570
8938,明安,10,0,10,港商法國興業,2023-09-26,1570
2023,燁輝,9,0,9,港商法國興業,2023-09-26,1570
2015,豐興,9,0,9,港商法國興業,2023-09-26,1570
6664,群翊,9,0,9,港商法國興業,2023-09-26,1570
2393,億光,8,0,8,港商法國興業,2023-09-26,1570
2441,超豐,8,0,8,港商法國興業,2023-09-26,1570
2548,華固,8,0,8,港商法國興業,2023-09-26,1570
5531,鄉林,8,0,8,港商法國興業,2023-09-26,1570
6257,矽格,8,0,8,港商法國興業,2023-09-26,1570
2472,立隆電,7,0,7,港商法國興業,2023-09-26,1570
4915,致伸,7,0,7,港商法國興業,2023-09-26,1570
2347,聯強,9,3,6,港商法國興業,2023-09-26,1570
3026,禾伸堂,6,0,6,港商法國興業,2023-09-26,1570
3036,文曄,6,0,6,港商法國興業,2023-09-26,1570
1560,中砂,5,0,5,港商法國興業,2023-09-26,1570
2323,中環,153,0,153,港商法國興業,2023-09-27,1570
3017,奇鋐,101,0,101,港商法國興業,2023-09-27,1570
2887,台新金,152,54,98,港商法國興業,2023-09-27,1570
1504,東元,387,290,97,港商法國興業,2023-09-27,1570
1904,正隆,56,0,56,港商法國興業,2023-09-27,1570
2313,華通,48,0,48,港商法國興業,2023-09-27,1570
2317,鴻海,100,60,40,港商法國興業,2023-09-27,1570
3380,明泰,40,0,40,港商法國興業,2023-09-27,1570
2605,新興,36,0,36,港商法國興業,2023-09-27,1570
2017,官田鋼,35,0,35,港商法國興業,2023-09-27,1570
4123,晟德,34,0,34,港商法國興業,2023-09-27,1570
2382,廣達,43,13,30,港商法國興業,2023-09-27,1570
3047,訊舟,30,0,30,港商法國興業,2023-09-27,1570
2030,彰源,20,0,20,港商法國興業,2023-09-27,1570
1440,南紡,17,0,17,港商法國興業,2023-09-27,1570
1326,台化,34,17,17,港商法國興業,2023-09-27,1570
5443,均豪,17,0,17,港商法國興業,2023-09-27,1570
2617,台航,16,0,16,港商法國興業,2023-09-27,1570
3703,欣陸,15,0,15,港商法國興業,2023-09-27,1570
6127,九豪,15,0,15,港商法國興業,2023-09-27,1570
2637,慧洋-KY,14,0,14,港商法國興業,2023-09-27,1570
3059,華晶科,13,0,13,港商法國興業,2023-09-27,1570
6257,矽格,13,0,13,港商法國興業,2023-09-27,1570
1321,大洋,11,0,11,港商法國興業,2023-09-27,1570
3019,亞光,11,0,11,港商法國興業,2023-09-27,1570
6285,啟��,11,1,10,港商法國興業,2023-09-27,1570
2601,益航,8,0,8,港商法國興業,2023-09-27,1570
2034,允強,7,0,7,港商法國興業,2023-09-27,1570
3532,台勝科,7,0,7,港商法國興業,2023-09-27,1570
5289,宜鼎,7,0,7,港商法國興業,2023-09-27,1570
1558,伸興,6,0,6,港商法國興業,2023-09-27,1570
2359,所羅門,6,0,6,港商法國興業,2023-09-27,1570
2428,興勤,6,0,6,港商法國興業,2023-09-27,1570
3029,零壹,6,0,6,港商法國興業,2023-09-27,1570
6196,帆宣,6,0,6,港商法國興業,2023-09-27,1570
2342,茂矽,5,0,5,港商法國興業,2023-09-27,1570
3661,世芯-KY,11,6,5,港商法國興業,2023-09-27,1570
5531,鄉林,5,0,5,港商法國興業,2023-09-27,1570
6462,神盾,5,0,5,港商法國興業,2023-09-27,1570
6531,愛普*,5,0,5,港商法國興業,2023-09-27,1570
6830,汎銓,5,0,5,港商法國興業,2023-09-27,1570
1217,愛之味,4,0,4,港商法國興業,2023-09-27,1570
1905,華紙,4,0,4,港商法國興業,2023-09-27,1570
2485,兆赫,4,0,4,港商法國興業,2023-09-27,1570
1773,勝一,3,0,3,港商法國興業,2023-09-27,1570
2612,中航,3,0,3,港商法國興業,2023-09-27,1570
3005,神基,3,0,3,港商法國興業,2023-09-27,1570
4906,正文,3,0,3,港商法國興業,2023-09-27,1570
6469,大樹,3,0,3,港商法國興業,2023-09-27,1570
6664,群翊,3,0,3,港商法國興業,2023-09-27,1570
2313,華通,199,30,169,港商法國興業,2023-09-28,1570
2323,中環,84,0,84,港商法國興業,2023-09-28,1570
1795,美時,80,0,80,港商法國興業,2023-09-28,1570
1560,中砂,70,0,70,港商法國興業,2023-09-28,1570
5876,上海商銀,111,41,70,港商法國興業,2023-09-28,1570
1905,華紙,58,0,58,港商法國興業,2023-09-28,1570
3017,奇鋐,64,9,55,港商法國興業,2023-09-28,1570
2317,鴻海,156,108,48,港商法國興業,2023-09-28,1570
6548,長科*,43,0,43,港商法國興業,2023-09-28,1570
1102,亞泥,84,50,34,港商法國興業,2023-09-28,1570
1217,愛之味,33,0,33,港商法國興業,2023-09-28,1570
6235,華孚,28,0,28,港商法國興業,2023-09-28,1570
1440,南紡,23,0,23,港商法國興業,2023-09-28,1570
1515,力山,23,0,23,港商法國興業,2023-09-28,1570
6257,矽格,21,0,21,港商法國興業,2023-09-28,1570
2034,允強,20,0,20,港商法國興業,2023-09-28,1570
2457,飛宏,19,0,19,港商法國興業,2023-09-28,1570
3380,明泰,18,0,18,港商法國興業,2023-09-28,1570
5289,宜鼎,16,0,16,港商法國興業,2023-09-28,1570
9945,潤泰新,15,0,15,港商法國興業,2023-09-28,1570
1802,台玻,33,19,14,港商法國興業,2023-09-28,1570
2106,建大,14,0,14,港商法國興業,2023-09-28,1570
6223,旺矽,14,0,14,港商法國興業,2023-09-28,1570
4755,三福化,13,0,13,港商法國興業,2023-09-28,1570
6188,廣明,13,0,13,港商法國興業,2023-09-28,1570
2464,盟立,12,0,12,港商法國興業,2023-09-28,1570
5531,鄉林,12,0,12,港商法國興業,2023-09-28,1570
01003T,兆豐新光R1,11,0,11,港商法國興業,2023-09-28,1570
4123,晟德,44,36,8,港商法國興業,2023-09-28,1570
2601,益航,7,0,7,港商法國興業,2023-09-28,1570
3019,亞光,7,0,7,港商法國興業,2023-09-28,1570
2342,茂矽,6,0,6,港商法國興業,2023-09-28,1570
3029,零壹,6,0,6,港商法國興業,2023-09-28,1570
1904,正隆,5,0,5,港商法國興業,2023-09-28,1570
2368,金像電,18,13,5,港商法國興業,2023-09-28,1570
2617,台航,5,0,5,港商法國興業,2023-09-28,1570
6664,群翊,5,0,5,港商法國興業,2023-09-28,1570
8442,威宏-KY,5,0,5,港商法國興業,2023-09-28,1570
5306,桂盟,4,0,4,港商法國興業,2023-09-28,1570
3661,世芯-KY,3,0,3,港商法國興業,2023-09-28,1570
4906,正文,3,0,3,港商法國興業,2023-09-28,1570
5903,全家,3,0,3,港商法國興業,2023-09-28,1570
6469,大樹,3,0,3,港商法國興業,2023-09-28,1570
2609,陽明,47,45,2,港商法國興業,2023-09-28,1570
3059,華晶科,2,0,2,港商法國興業,2023-09-28,1570
3529,力旺,2,0,2,港商法國興業,2023-09-28,1570
4536,拓凱,2,0,2,港商法國興業,2023-09-28,1570
6206,飛捷,2,0,2,港商法國興業,2023-09-28,1570
2428,興勤,1,0,1,港商法國興業,2023-09-28,1570
2472,立隆電,1,0,1,港商法國興業,2023-09-28,1570
2892,第一金,454,0,454,港商法國興業,2023-10-02,1570
2880,華南金,354,0,354,港商法國興業,2023-10-02,1570
2834,臺企銀,332,28,304,港商法國興業,2023-10-02,1570
1605,華新,187,20,167,港商法國興業,2023-10-02,1570
2382,廣達,113,0,113,港商法國興業,2023-10-02,1570
4904,遠傳,104,0,104,港商法國興業,2023-10-02,1570
2323,中環,80,0,80,港商法國興業,2023-10-02,1570
5876,上海商銀,63,0,63,港商法國興業,2023-10-02,1570
9921,巨大,50,0,50,港商法國興業,2023-10-02,1570
5009,榮剛,46,0,46,港商法國興業,2023-10-02,1570
1609,大亞,43,0,43,港商法國興業,2023-10-02,1570
2486,一詮,41,0,41,港商法國興業,2023-10-02,1570
2103,台橡,30,0,30,港商法國興業,2023-10-02,1570
2832,台產,29,0,29,港商法國興業,2023-10-02,1570
5483,中美晶,27,0,27,港商法國興業,2023-10-02,1570
9914,美利達,27,0,27,港商法國興業,2023-10-02,1570
2617,台航,26,0,26,港商法國興業,2023-10-02,1570
2049,上銀,25,0,25,港商法國興業,2023-10-02,1570
2605,新興,25,0,25,港商法國興業,2023-10-02,1570
2034,允強,20,0,20,港商法國興業,2023-10-02,1570
6196,帆宣,18,0,18,港商法國興業,2023-10-02,1570
2313,華通,17,0,17,港商法國興業,2023-10-02,1570
3059,華晶科,17,0,17,港商法國興業,2023-10-02,1570
3017,奇鋐,15,0,15,港商法國興業,2023-10-02,1570
1904,正隆,14,0,14,港商法國興業,2023-10-02,1570
3661,世芯-KY,13,0,13,港商法國興業,2023-10-02,1570
5531,鄉林,13,0,13,港商法國興業,2023-10-02,1570
8436,大江,13,0,13,港商法國興業,2023-10-02,1570
1234,黑松,12,0,12,港商法國興業,2023-10-02,1570
6782,視陽,12,0,12,港商法國興業,2023-10-02,1570
1515,力山,11,0,11,港商法國興業,2023-10-02,1570
6139,亞翔,11,0,11,港商法國興業,2023-10-02,1570
6509,聚和,11,0,11,港商法國興業,2023-10-02,1570
8070,長華*,11,0,11,港商法國興業,2023-10-02,1570
3008,大立光,10,0,10,港商法國興業,2023-10-02,1570
3484,崧騰,10,0,10,港商法國興業,2023-10-02,1570
3583,辛耘,10,0,10,港商法國興業,2023-10-02,1570
1338,廣華-KY,9,0,9,港商法國興業,2023-10-02,1570
3026,禾伸堂,9,0,9,港商法國興業,2023-10-02,1570
2206,三陽工業,8,0,8,港商法國興業,2023-10-02,1570
1217,愛之味,8,0,8,港商法國興業,2023-10-02,1570
1503,士電,8,0,8,港商法國興業,2023-10-02,1570
2383,台光電,12,4,8,港商法國興業,2023-10-02,1570
2612,中航,7,0,7,港商法國興業,2023-10-02,1570
2485,兆赫,6,0,6,港商法國興業,2023-10-02,1570
3006,晶豪科,6,0,6,港商法國興業,2023-10-02,1570
6472,保瑞,6,0,6,港商法國興業,2023-10-02,1570
2464,盟立,4,0,4,港商法國興業,2023-10-02,1570
5904,寶雅,4,0,4,港商法國興業,2023-10-02,1570
6153,嘉聯益,4,0,4,港商法國興業,2023-10-02,1570
1605,華新,262,0,262,港商法國興業,2023-10-03,1570
2834,臺企銀,171,8,163,港商法國興業,2023-10-03,1570
2892,第一金,163,0,163,港商法國興業,2023-10-03,1570
1409,新纖,129,0,129,港商法國興業,2023-10-03,1570
2105,正新,129,0,129,港商法國興業,2023-10-03,1570
2002,中鋼,126,0,126,港商法國興業,2023-10-03,1570
2454,聯發科,124,4,120,港商法國興業,2023-10-03,1570
2317,鴻海,152,33,119,港商法國興業,2023-10-03,1570
2486,一詮,113,0,113,港商法國興業,2023-10-03,1570
2880,華南金,130,18,112,港商法國興業,2023-10-03,1570
5880,合庫金,133,27,106,港商法國興業,2023-10-03,1570
2801,彰銀,105,0,105,港商法國興業,2023-10-03,1570
2884,玉山金,99,0,99,港商法國興業,2023-10-03,1570
2885,元大金,99,0,99,港商法國興業,2023-10-03,1570
1402,遠東新,89,0,89,港商法國興業,2023-10-03,1570
3059,華晶科,79,0,79,港商法國興業,2023-10-03,1570
1905,華紙,78,0,78,港商法國興業,2023-10-03,1570
9904,寶成,78,0,78,港商法國興業,2023-10-03,1570
6770,力積電,100,32,68,港商法國興業,2023-10-03,1570
1303,南亞,65,0,65,港商法國興業,2023-10-03,1570
5289,宜鼎,65,0,65,港商法國興業,2023-10-03,1570
2323,中環,55,0,55,港商法國興業,2023-10-03,1570
2347,聯強,53,0,53,港商法國興業,2023-10-03,1570
2211,長榮鋼,48,0,48,港商法國興業,2023-10-03,1570
1440,南紡,36,0,36,港商法國興業,2023-10-03,1570
4961,天鈺,34,0,34,港商法國興業,2023-10-03,1570
1217,愛之味,30,0,30,港商法國興業,2023-10-03,1570
1536,和大,29,0,29,港商法國興業,2023-10-03,1570
6112,邁達特,29,0,29,港商法國興業,2023-10-03,1570
2338,光罩,28,0,28,港商法國興業,2023-10-03,1570
3380,明泰,26,0,26,港商法國興業,2023-10-03,1570
2106,建大,24,0,24,港商法國興業,2023-10-03,1570
2034,允強,23,0,23,港商法國興業,2023-10-03,1570
1326,台化,26,4,22,港商法國興業,2023-10-03,1570
3661,世芯-KY,20,0,20,港商法國興業,2023-10-03,1570
1513,中興電,15,0,15,港商法國興業,2023-10-03,1570
1711,永光,15,0,15,港商法國興業,2023-10-03,1570
2368,金像電,15,0,15,港商法國興業,2023-10-03,1570
6257,矽格,15,0,15,港商法國興業,2023-10-03,1570
1802,台玻,14,0,14,港商法國興業,2023-10-03,1570
4119,旭富,14,0,14,港商法國興業,2023-10-03,1570
2412,中華電,13,0,13,港商法國興業,2023-10-03,1570
2485,兆赫,12,0,12,港商法國興業,2023-10-03,1570
1904,正隆,77,66,11,港商法國興業,2023-10-03,1570
1795,美時,11,0,11,港商法國興業,2023-10-03,1570
3019,亞光,11,0,11,港商法國興業,2023-10-03,1570
8436,大江,11,0,11,港商法國興業,2023-10-03,1570
4976,佳凌,9,0,9,港商法國興業,2023-10-03,1570
5009,榮剛,9,0,9,港商法國興業,2023-10-03,1570
6166,凌華,9,0,9,港商法國興業,2023-10-03,1570
2891,中信金,980,0,980,港商法國興業,2023-10-04,1570
2382,廣達,879,0,879,港商法國興業,2023-10-04,1570
2883,凱基金,740,4,736,港商法國興業,2023-10-04,1570
2887,台新金,490,0,490,港商法國興業,2023-10-04,1570
2603,長榮,187,1,186,港商法國興業,2023-10-04,1570
2371,大同,166,0,166,港商法國興業,2023-10-04,1570
1802,台玻,129,0,129,港商法國興業,2023-10-04,1570
2317,鴻海,125,0,125,港商法國興業,2023-10-04,1570
2367,燿華,101,0,101,港商法國興業,2023-10-04,1570
2324,仁寶,98,0,98,港商法國興業,2023-10-04,1570
5608,四維航,95,0,95,港商法國興業,2023-10-04,1570
2498,宏達電,90,0,90,港商法國興業,2023-10-04,1570
2601,益航,78,0,78,港商法國興業,2023-10-04,1570
2330,台積電,65,0,65,港商法國興業,2023-10-04,1570
2882,國泰金,127,67,60,港商法國興業,2023-10-04,1570
1217,愛之味,55,0,55,港商法國興業,2023-10-04,1570
4128,中天,53,0,53,港商法國興業,2023-10-04,1570
1795,美時,52,0,52,港商法國興業,2023-10-04,1570
2353,宏��,51,0,51,港商法國興業,2023-10-04,1570
1815,富喬,49,0,49,港商法國興業,2023-10-04,1570
3059,華晶科,48,0,48,港商法國興業,2023-10-04,1570
2406,國碩,46,0,46,港商法國興業,2023-10-04,1570
2020,美亞,45,0,45,港商法國興業,2023-10-04,1570
3062,建漢,43,0,43,港商法國興業,2023-10-04,1570
8088,品安,41,0,41,港商法國興業,2023-10-04,1570
2606,裕民,40,0,40,港商法國興業,2023-10-04,1570
5876,上海商銀,56,16,40,港商法國興業,2023-10-04,1570
1904,正隆,39,0,39,港商法國興業,2023-10-04,1570
1216,統一,38,0,38,港商法國興業,2023-10-04,1570
1905,華紙,37,0,37,港商法國興業,2023-10-04,1570
2884,玉山金,34,0,34,港商法國興業,2023-10-04,1570
9921,巨大,31,0,31,港商法國興業,2023-10-04,1570
3022,威強電,29,0,29,港商法國興業,2023-10-04,1570
1108,幸福,28,0,28,港商法國興業,2023-10-04,1570
2886,兆豐金,28,0,28,港商法國興業,2023-10-04,1570
4743,合一,28,0,28,港商法國興業,2023-10-04,1570
3058,立德,27,0,27,港商法國興業,2023-10-04,1570
2105,正新,43,17,26,港商法國興業,2023-10-04,1570
3711,日月光投控,26,0,26,港商法國興業,2023-10-04,1570
5880,合庫金,26,0,26,港商法國興業,2023-10-04,1570
1473,台南,25,0,25,港商法國興業,2023-10-04,1570
2618,長榮航,25,0,25,港商法國興業,2023-10-04,1570
2885,元大金,25,0,25,港商法國興業,2023-10-04,1570
6223,旺矽,22,0,22,港商法國興業,2023-10-04,1570
2419,仲琦,21,0,21,港商法國興業,2023-10-04,1570
6206,飛捷,21,0,21,港商法國興業,2023-10-04,1570
8070,長華*,21,0,21,港商法國興業,2023-10-04,1570
2881,富邦金,20,0,20,港商法國興業,2023-10-04,1570
1319,東陽,23,4,19,港商法國興業,2023-10-04,1570
2009,第一銅,18,0,18,港商法國興業,2023-10-04,1570
2883,凱基金,1000,338,662,港商法國興業,2023-10-05,1570
2890,永豐金,937,292,645,港商法國興業,2023-10-05,1570
2887,台新金,554,275,279,港商法國興業,2023-10-05,1570
2880,華南金,355,187,168,港商法國興業,2023-10-05,1570
6770,力積電,158,64,94,港商法國興業,2023-10-05,1570
5608,四維航,80,0,80,港商法國興業,2023-10-05,1570
5876,上海商銀,153,81,72,港商法國興業,2023-10-05,1570
1795,美時,66,0,66,港商法國興業,2023-10-05,1570
4128,中天,62,0,62,港商法國興業,2023-10-05,1570
1102,亞泥,108,48,60,港商法國興業,2023-10-05,1570
2809,京城銀,43,0,43,港商法國興業,2023-10-05,1570
3062,建漢,39,0,39,港商法國興業,2023-10-05,1570
2371,大同,36,0,36,港商法國興業,2023-10-05,1570
2313,華通,30,0,30,港商法國興業,2023-10-05,1570
2006,東和鋼鐵,28,0,28,港商法國興業,2023-10-05,1570
3576,聯合再生,27,0,27,港商法國興業,2023-10-05,1570
6547,高端疫苗,27,0,27,港商法國興業,2023-10-05,1570
6548,長科*,27,0,27,港商法國興業,2023-10-05,1570
4958,臻鼎-KY,38,14,24,港商法國興業,2023-10-05,1570
3022,威強電,21,0,21,港商法國興業,2023-10-05,1570
4746,台耀,18,0,18,港商法國興業,2023-10-05,1570
4976,佳凌,18,0,18,港商法國興業,2023-10-05,1570
9905,大華,17,0,17,港商法國興業,2023-10-05,1570
1513,中興電,16,0,16,港商法國興業,2023-10-05,1570
6712,長聖,15,0,15,港商法國興業,2023-10-05,1570
4768,晶呈科技,14,0,14,港商法國興業,2023-10-05,1570
8341,日友,14,0,14,港商法國興業,2023-10-05,1570
1402,遠東新,75,62,13,港商法國興業,2023-10-05,1570
2464,盟立,13,0,13,港商法國興業,2023-10-05,1570
2428,興勤,12,0,12,港商法國興業,2023-10-05,1570
6257,矽格,12,0,12,港商法國興業,2023-10-05,1570
6279,胡連,11,0,11,港商法國興業,2023-10-05,1570
6768,志強-KY,11,0,11,港商法國興業,2023-10-05,1570
1707,葡萄王,10,0,10,港商法國興業,2023-10-05,1570
4123,晟德,10,0,10,港商法國興業,2023-10-05,1570
6147,頎邦,10,0,10,港商法國興業,2023-10-05,1570
6469,大樹,9,0,9,港商法國興業,2023-10-05,1570
8446,華研,9,0,9,港商法國興業,2023-10-05,1570
2615,萬海,22,14,8,港商法國興業,2023-10-05,1570
5439,高技,8,0,8,港商法國興業,2023-10-05,1570
5531,鄉林,8,0,8,港商法國興業,2023-10-05,1570
6223,旺矽,9,1,8,港商法國興業,2023-10-05,1570
8086,宏捷科,7,0,7,港商法國興業,2023-10-05,1570
3017,奇鋐,6,0,6,港商法國興業,2023-10-05,1570
2204,中華,5,0,5,港商法國興業,2023-10-05,1570
1802,台玻,5,0,5,港商法國興業,2023-10-05,1570
2601,益航,5,0,5,港商法國興業,2023-10-05,1570
6505,台塑化,29,24,5,港商法國興業,2023-10-05,1570
2324,仁寶,92,88,4,港商法國興業,2023-10-05,1570
8046,南電,8,4,4,港商法國興業,2023-10-05,1570
2455,全新,108,0,108,港商法國興業,2023-10-06,1570
2892,第一金,78,0,78,港商法國興業,2023-10-06,1570
1102,亞泥,63,0,63,港商法國興業,2023-10-06,1570
2609,陽明,42,0,42,港商法國興業,2023-10-06,1570
3702,大聯大,35,0,35,港商法國興業,2023-10-06,1570
2383,台光電,32,0,32,港商法國興業,2023-10-06,1570
2352,佳世達,29,0,29,港商法國興業,2023-10-06,1570
2888,新光金,27,0,27,港商法國興業,2023-10-06,1570
3022,威強電,26,0,26,港商法國興業,2023-10-06,1570
8213,志超,24,0,24,港商法國興業,2023-10-06,1570
2880,華南金,23,0,23,港商法國興業,2023-10-06,1570
1513,中興電,22,0,22,港商法國興業,2023-10-06,1570
2382,廣達,19,2,17,港商法國興業,2023-10-06,1570
3481,群創,17,0,17,港商法國興業,2023-10-06,1570
2303,聯電,15,0,15,港商法國興業,2023-10-06,1570
2834,臺企銀,14,0,14,港商法國興業,2023-10-06,1570
5876,上海商銀,14,0,14,港商法國興業,2023-10-06,1570
6223,旺矽,14,0,14,港商法國興業,2023-10-06,1570
1795,美時,13,0,13,港商法國興業,2023-10-06,1570
2886,兆豐金,18,5,13,港商法國興業,2023-10-06,1570
1303,南亞,11,0,11,港商法國興業,2023-10-06,1570
5531,鄉林,11,0,11,港商法國興業,2023-10-06,1570
3706,神達,10,0,10,港商法國興業,2023-10-06,1570
6770,力積電,10,0,10,港商法國興業,2023-10-06,1570
2428,興勤,9,0,9,港商法國興業,2023-10-06,1570
2801,彰銀,9,0,9,港商法國興業,2023-10-06,1570
4743,合一,10,1,9,港商法國興業,2023-10-06,1570
6143,振曜,9,0,9,港商法國興業,2023-10-06,1570
1301,台塑,10,2,8,港商法國興業,2023-10-06,1570
3045,台灣大,8,0,8,港商法國興業,2023-10-06,1570
4123,晟德,8,0,8,港商法國興業,2023-10-06,1570
9904,寶成,8,0,8,港商法國興業,2023-10-06,1570
6271,同欣電,7,0,7,港商法國興業,2023-10-06,1570
2404,漢唐,6,0,6,港商法國興業,2023-10-06,1570
2353,宏��,6,0,6,港商法國興業,2023-10-06,1570
2342,茂矽,6,0,6,港商法國興業,2023-10-06,1570
1402,遠東新,6,0,6,港商法國興業,2023-10-06,1570
2610,華航,6,0,6,港商法國興業,2023-10-06,1570
2618,長榮航,6,0,6,港商法國興業,2023-10-06,1570
2884,玉山金,15,9,6,港商法國興業,2023-10-06,1570
1326,台化,5,0,5,港商法國興業,2023-10-06,1570
2601,益航,5,0,5,港商法國興業,2023-10-06,1570
2356,英業達,4,0,4,港商法國興業,2023-10-06,1570
2301,光寶科,4,0,4,港商法國興業,2023-10-06,1570
1605,華新,4,0,4,港商法國興業,2023-10-06,1570
2464,盟立,4,0,4,港商法國興業,2023-10-06,1570
2615,萬海,4,0,4,港商法國興業,2023-10-06,1570
2633,台灣高鐵,4,0,4,港商法國興業,2023-10-06,1570
3711,日月光投控,4,0,4,港商法國興業,2023-10-06,1570
9945,潤泰新,4,0,4,港商法國興業,2023-10-06,1570
2884,玉山金,970,1,969,港商法國興業,2023-10-11,1570
2892,第一金,652,0,652,港商法國興業,2023-10-11,1570
2887,台新金,527,0,527,港商法國興業,2023-10-11,1570
2891,中信金,504,45,459,港商法國興業,2023-10-11,1570
2888,新光金,457,0,457,港商法國興業,2023-10-11,1570
2834,臺企銀,443,0,443,港商法國興業,2023-10-11,1570
2002,中鋼,376,0,376,港商法國興業,2023-10-11,1570
2883,凱基金,373,0,373,港商法國興業,2023-10-11,1570
2330,台積電,361,1,360,港商法國興業,2023-10-11,1570
2303,聯電,333,0,333,港商法國興業,2023-10-11,1570
2317,鴻海,323,0,323,港商法國興業,2023-10-11,1570
2886,兆豐金,312,0,312,港商法國興業,2023-10-11,1570
2882,國泰金,302,0,302,港商法國興業,2023-10-11,1570
2890,永豐金,295,0,295,港商法國興業,2023-10-11,1570
2885,元大金,294,0,294,港商法國興業,2023-10-11,1570
5880,合庫金,274,0,274,港商法國興業,2023-10-11,1570
1216,統一,265,0,265,港商法國興業,2023-10-11,1570
2880,華南金,251,0,251,港商法國興業,2023-10-11,1570
2409,友達,232,0,232,港商法國興業,2023-10-11,1570
9904,寶成,209,0,209,港商法國興業,2023-10-11,1570
1101,台泥,207,0,207,港商法國興業,2023-10-11,1570
4162,智擎,190,1,189,港商法國興業,2023-10-11,1570
3576,聯合再生,182,0,182,港商法國興業,2023-10-11,1570
1605,華新,161,0,161,港商法國興業,2023-10-11,1570
2353,宏��,150,0,150,港商法國興業,2023-10-11,1570
3450,聯鈞,135,0,135,港商法國興業,2023-10-11,1570
2801,彰銀,130,0,130,港商法國興業,2023-10-11,1570
1402,遠東新,129,0,129,港商法國興業,2023-10-11,1570
2356,英業達,126,0,126,港商法國興業,2023-10-11,1570
3231,緯創,120,1,119,港商法國興業,2023-10-11,1570
5876,上海商銀,122,4,118,港商法國興業,2023-10-11,1570
2618,長榮航,114,0,114,港商法國興業,2023-10-11,1570
1301,台塑,109,0,109,港商法國興業,2023-10-11,1570
2324,仁寶,109,1,108,港商法國興業,2023-10-11,1570
2609,陽明,107,0,107,港商法國興業,2023-10-11,1570
1718,中纖,106,0,106,港商法國興業,2023-10-11,1570
1802,台玻,105,2,103,港商法國興業,2023-10-11,1570
1326,台化,93,0,93,港商法國興業,2023-10-11,1570
1515,力山,78,0,78,港商法國興業,2023-10-11,1570
2610,華航,77,0,77,港商法國興業,2023-10-11,1570
3481,群創,239,167,72,港商法國興業,2023-10-11,1570
4904,遠傳,71,0,71,港商法國興業,2023-10-11,1570
2455,全新,69,0,69,港商法國興業,2023-10-11,1570
3711,日月光投控,69,0,69,港商法國興業,2023-10-11,1570
2105,正新,68,0,68,港商法國興業,2023-10-11,1570
3037,欣興,91,24,67,港商法國興業,2023-10-11,1570
3045,台灣大,62,0,62,港商法國興業,2023-10-11,1570
1904,正隆,61,0,61,港商法國興業,2023-10-11,1570
6770,力積電,120,59,61,港商法國興業,2023-10-11,1570
3033,威健,60,0,60,港商法國興業,2023-10-11,1570
2330,台積電,816,25,791,港商法國興業,2023-10-12,1570
2891,中信金,793,37,756,港商法國興業,2023-10-12,1570
2888,新光金,676,0,676,港商法國興業,2023-10-12,1570
2303,聯電,536,0,536,港商法國興業,2023-10-12,1570
2885,元大金,507,0,507,港商法國興業,2023-10-12,1570
2317,鴻海,482,6,476,港商法國興業,2023-10-12,1570
2883,凱基金,436,0,436,港商法國興業,2023-10-12,1570
2884,玉山金,645,255,390,港商法國興業,2023-10-12,1570
2882,國泰金,406,25,381,港商法國興業,2023-10-12,1570
2890,永豐金,400,30,370,港商法國興業,2023-10-12,1570
1605,華新,361,0,361,港商法國興業,2023-10-12,1570
2881,富邦金,377,18,359,港商法國興業,2023-10-12,1570
2886,兆豐金,522,165,357,港商法國興業,2023-10-12,1570
2834,臺企銀,313,0,313,港商法國興業,2023-10-12,1570
2002,中鋼,460,170,290,港商法國興業,2023-10-12,1570
1303,南亞,288,21,267,港商法國興業,2023-10-12,1570
3481,群創,260,0,260,港商法國興業,2023-10-12,1570
1101,台泥,289,30,259,港商法國興業,2023-10-12,1570
1301,台塑,247,11,236,港商法國興業,2023-10-12,1570
1216,統一,213,0,213,港商法國興業,2023-10-12,1570
2801,彰銀,335,141,194,港商法國興業,2023-10-12,1570
5876,上海商銀,191,0,191,港商法國興業,2023-10-12,1570
2887,台新金,456,268,188,港商法國興業,2023-10-12,1570
2409,友達,186,0,186,港商法國興業,2023-10-12,1570
3711,日月光投控,173,0,173,港商法國興業,2023-10-12,1570
5880,合庫金,499,347,152,港商法國興業,2023-10-12,1570
3576,聯合再生,129,0,129,港商法國興業,2023-10-12,1570
1402,遠東新,123,0,123,港商法國興業,2023-10-12,1570
2610,華航,131,17,114,港商法國興業,2023-10-12,1570
2892,第一金,492,383,109,港商法國興業,2023-10-12,1570
2344,華邦電,108,0,108,港商法國興業,2023-10-12,1570
2356,英業達,120,14,106,港商法國興業,2023-10-12,1570
2880,華南金,424,319,105,港商法國興業,2023-10-12,1570
5871,中租-KY,104,0,104,港商法國興業,2023-10-12,1570
9904,寶成,98,0,98,港商法國興業,2023-10-12,1570
9945,潤泰新,95,0,95,港商法國興業,2023-10-12,1570
1326,台化,215,122,93,港商法國興業,2023-10-12,1570
2542,興富發,91,0,91,港商法國興業,2023-10-12,1570
2308,台達電,87,0,87,港商法國興業,2023-10-12,1570
2454,聯發科,83,0,83,港商法國興業,2023-10-12,1570
2324,仁寶,229,147,82,港商法國興業,2023-10-12,1570
2618,長榮航,92,14,78,港商法國興業,2023-10-12,1570
2105,正新,112,39,73,港商法國興業,2023-10-12,1570
2609,陽明,72,0,72,港商法國興業,2023-10-12,1570
6770,力積電,126,54,72,港商法國興業,2023-10-12,1570
3264,欣銓,63,0,63,港商法國興業,2023-10-12,1570
2353,宏��,133,72,61,港商法國興業,2023-10-12,1570
3037,欣興,54,0,54,港商法國興業,2023-10-12,1570
5009,榮剛,52,0,52,港商法國興業,2023-10-12,1570
1718,中纖,50,0,50,港商法國興業,2023-10-12,1570
3450,聯鈞,209,0,209,港商法國興業,2023-10-13,1570
2409,友達,351,161,190,港商法國興業,2023-10-13,1570
2886,兆豐金,150,0,150,港商法國興業,2023-10-13,1570
3576,聯合再生,120,0,120,港商法國興業,2023-10-13,1570
1326,台化,117,0,117,港商法國興業,2023-10-13,1570
1301,台塑,95,0,95,港商法國興業,2023-10-13,1570
1314,中石化,90,0,90,港商法國興業,2023-10-13,1570
6290,良維,89,0,89,港商法國興業,2023-10-13,1570
2455,全新,88,0,88,港商法國興業,2023-10-13,1570
9945,潤泰新,87,0,87,港商法國興業,2023-10-13,1570
2887,台新金,73,0,73,港商法國興業,2023-10-13,1570
1513,中興電,64,0,64,港商法國興業,2023-10-13,1570
5483,中美晶,64,0,64,港商法國興業,2023-10-13,1570
2104,國際中橡,58,0,58,港商法國興業,2023-10-13,1570
2816,旺旺保,55,0,55,港商法國興業,2023-10-13,1570
1460,宏遠,51,0,51,港商法國興業,2023-10-13,1570
3264,欣銓,48,0,48,港商法國興業,2023-10-13,1570
3714,富采,48,0,48,港商法國興業,2023-10-13,1570
4128,中天,47,0,47,港商法國興業,2023-10-13,1570
2049,上銀,42,0,42,港商法國興業,2023-10-13,1570
3665,貿聯-KY,42,0,42,港商法國興業,2023-10-13,1570
1710,東聯,38,0,38,港商法國興業,2023-10-13,1570
2603,長榮,36,0,36,港商法國興業,2023-10-13,1570
2031,新光鋼,34,0,34,港商法國興業,2023-10-13,1570
2201,裕隆,31,0,31,港商法國興業,2023-10-13,1570
6176,瑞儀,30,0,30,港商法國興業,2023-10-13,1570
2883,凱基金,29,0,29,港商法國興業,2023-10-13,1570
2317,鴻海,28,0,28,港商法國興業,2023-10-13,1570
3706,神達,28,0,28,港商法國興業,2023-10-13,1570
2404,漢唐,25,0,25,港商法國興業,2023-10-13,1570
2383,台光電,23,0,23,港商法國興業,2023-10-13,1570
2038,海光,23,0,23,港商法國興業,2023-10-13,1570
1103,嘉泥,22,0,22,港商法國興業,2023-10-13,1570
1308,亞聚,19,0,19,港商法國興業,2023-10-13,1570
1708,東鹼,19,0,19,港商法國興業,2023-10-13,1570
1309,台達化,17,0,17,港商法國興業,2023-10-13,1570
2388,威盛,17,0,17,港商法國興業,2023-10-13,1570
3231,緯創,15,0,15,港商法國興業,2023-10-13,1570
5531,鄉林,14,0,14,港商法國興業,2023-10-13,1570
6415,矽力*-KY,16,2,14,港商法國興業,2023-10-13,1570
3036,文曄,12,0,12,港商法國興業,2023-10-13,1570
2454,聯發科,12,1,11,港商法國興業,2023-10-13,1570
6175,立敦,11,0,11,港商法國興業,2023-10-13,1570
3017,奇鋐,10,0,10,港商法國興業,2023-10-13,1570
3008,大立光,7,0,7,港商法國興業,2023-10-13,1570
6505,台塑化,7,0,7,港商法國興業,2023-10-13,1570
2305,全友,6,0,6,港商法國興業,2023-10-13,1570
2301,光寶科,7,1,6,港商法國興業,2023-10-13,1570
3702,大聯大,6,0,6,港商法國興業,2023-10-13,1570
8462,柏文,6,0,6,港商法國興業,2023-10-13,1570
1314,中石化,980,0,980,港商法國興業,2023-10-16,1570
1326,台化,429,1,428,港商法國興業,2023-10-16,1570
2002,中鋼,257,0,257,港商法國興業,2023-10-16,1570
5880,合庫金,237,6,231,港商法國興業,2023-10-16,1570
1301,台塑,110,0,110,港商法國興業,2023-10-16,1570
3406,玉晶光,109,1,108,港商法國興業,2023-10-16,1570
2338,光罩,87,0,87,港商法國興業,2023-10-16,1570
4906,正文,85,0,85,港商法國興業,2023-10-16,1570
2369,菱生,81,0,81,港商法國興業,2023-10-16,1570
1504,東元,99,18,81,港商法國興業,2023-10-16,1570
2618,長榮航,151,73,78,港商法國興業,2023-10-16,1570
5876,上海商銀,78,11,67,港商法國興業,2023-10-16,1570
6147,頎邦,63,0,63,港商法國興業,2023-10-16,1570
5483,中美晶,42,0,42,港商法國興業,2023-10-16,1570
2204,中華,43,5,38,港商法國興業,2023-10-16,1570
3264,欣銓,36,0,36,港商法國興業,2023-10-16,1570
9933,中鼎,34,0,34,港商法國興業,2023-10-16,1570
3450,聯鈞,33,0,33,港商法國興業,2023-10-16,1570
5607,遠雄港,31,0,31,港商法國興業,2023-10-16,1570
3049,精金,27,0,27,港商法國興業,2023-10-16,1570
1303,南亞,25,0,25,港商法國興業,2023-10-16,1570
2820,華票,25,0,25,港商法國興業,2023-10-16,1570
3665,貿聯-KY,25,0,25,港商法國興業,2023-10-16,1570
5871,中租-KY,22,0,22,港商法國興業,2023-10-16,1570
8163,達方,20,0,20,港商法國興業,2023-10-16,1570
2402,毅嘉,19,0,19,港商法國興業,2023-10-16,1570
2352,佳世達,18,0,18,港商法國興業,2023-10-16,1570
2303,聯電,53,35,18,港商法國興業,2023-10-16,1570
2034,允強,13,0,13,港商法國興業,2023-10-16,1570
4755,三福化,13,0,13,港商法國興業,2023-10-16,1570
3005,神基,12,0,12,港商法國興業,2023-10-16,1570
2206,三陽工業,10,0,10,港商法國興業,2023-10-16,1570
2342,茂矽,10,0,10,港商法國興業,2023-10-16,1570
2404,漢唐,10,0,10,港商法國興業,2023-10-16,1570
2609,陽明,30,20,10,港商法國興業,2023-10-16,1570
2455,全新,9,0,9,港商法國興業,2023-10-16,1570
5531,鄉林,9,0,9,港商法國興業,2023-10-16,1570
2375,凱美,8,0,8,港商法國興業,2023-10-16,1570
2617,台航,8,0,8,港商法國興業,2023-10-16,1570
4966,譜瑞-KY,8,0,8,港商法國興業,2023-10-16,1570
1308,亞聚,7,0,7,港商法國興業,2023-10-16,1570
6531,愛普*,7,0,7,港商法國興業,2023-10-16,1570
2327,國巨,6,0,6,港商法國興業,2023-10-16,1570
1503,士電,6,0,6,港商法國興業,2023-10-16,1570
3217,優群,6,0,6,港商法國興業,2023-10-16,1570
8021,尖點,6,0,6,港商法國興業,2023-10-16,1570
1795,美時,4,0,4,港商法國興業,2023-10-16,1570
3008,大立光,4,0,4,港商法國興業,2023-10-16,1570
2633,台灣高鐵,3,0,3,港商法國興業,2023-10-16,1570
3017,奇鋐,3,0,3,港商法國興業,2023-10-16,1570
2834,臺企銀,420,1,419,港商法國興業,2023-10-17,1570
1326,台化,407,0,407,港商法國興業,2023-10-17,1570
1301,台塑,136,0,136,港商法國興業,2023-10-17,1570
2637,慧洋-KY,129,0,129,港商法國興業,2023-10-17,1570
1605,華新,102,0,102,港商法國興業,2023-10-17,1570
1216,統一,76,0,76,港商法國興業,2023-10-17,1570
2402,毅嘉,62,0,62,港商法國興業,2023-10-17,1570
3714,富采,60,0,60,港商法國興業,2023-10-17,1570
6142,友勁,56,0,56,港商法國興業,2023-10-17,1570
3711,日月光投控,53,0,53,港商法國興業,2023-10-17,1570
5483,中美晶,48,0,48,港商法國興業,2023-10-17,1570
4306,炎洲,43,0,43,港商法國興業,2023-10-17,1570
8926,台汽電,37,0,37,港商法國興業,2023-10-17,1570
1608,華榮,29,0,29,港商法國興業,2023-10-17,1570
2534,宏盛,26,0,26,港商法國興業,2023-10-17,1570
3380,明泰,26,0,26,港商法國興業,2023-10-17,1570
3702,大聯大,26,0,26,港商法國興業,2023-10-17,1570
3038,全台,24,0,24,港商法國興業,2023-10-17,1570
6216,居易,24,0,24,港商法國興業,2023-10-17,1570
2330,台積電,35,12,23,港商法國興業,2023-10-17,1570
6290,良維,23,0,23,港商法國興業,2023-10-17,1570
2344,華邦電,25,4,21,港商法國興業,2023-10-17,1570
2015,豐興,20,0,20,港商法國興業,2023-10-17,1570
1604,聲寶,20,0,20,港商法國興業,2023-10-17,1570
4766,南寶,20,0,20,港商法國興業,2023-10-17,1570
9946,三發地產,20,0,20,港商法國興業,2023-10-17,1570
2426,鼎元,19,0,19,港商法國興業,2023-10-17,1570
1785,光洋科,18,0,18,港商法國興業,2023-10-17,1570
1303,南亞,18,0,18,港商法國興業,2023-10-17,1570
3264,欣銓,18,0,18,港商法國興業,2023-10-17,1570
2049,上銀,17,0,17,港商法國興業,2023-10-17,1570
4743,合一,17,0,17,港商法國興業,2023-10-17,1570
5531,鄉林,17,0,17,港商法國興業,2023-10-17,1570
1905,華紙,16,0,16,港商法國興業,2023-10-17,1570
4128,中天,16,0,16,港商法國興業,2023-10-17,1570
6706,惠特,16,0,16,港商法國興業,2023-10-17,1570
4123,晟德,16,0,16,港商法國興業,2023-10-17,1570
2892,第一金,15,0,15,港商法國興業,2023-10-17,1570
3026,禾伸堂,15,0,15,港商法國興業,2023-10-17,1570
3045,台灣大,15,0,15,港商法國興業,2023-10-17,1570
5609,中菲行,15,0,15,港商法國興業,2023-10-17,1570
3005,神基,14,0,14,港商法國興業,2023-10-17,1570
3346,麗清,14,0,14,港商法國興業,2023-10-17,1570
3019,亞光,13,0,13,港商法國興業,2023-10-17,1570
5213,亞昕,13,0,13,港商法國興業,2023-10-17,1570
2536,宏普,12,0,12,港商法國興業,2023-10-17,1570
4755,三福化,12,0,12,港商法國興業,2023-10-17,1570
2034,允強,11,0,11,港商法國興業,2023-10-17,1570
1503,士電,11,0,11,港商法國興業,2023-10-17,1570
3034,聯詠,14,3,11,港商法國興業,2023-10-17,1570
2609,陽明,288,8,280,港商法國興業,2023-10-18,1570
2618,長榮航,217,0,217,港商法國興業,2023-10-18,1570
1402,遠東新,212,5,207,港商法國興業,2023-10-18,1570
1605,華新,191,0,191,港商法國興業,2023-10-18,1570
1326,台化,147,0,147,港商法國興業,2023-10-18,1570
2317,鴻海,109,0,109,港商法國興業,2023-10-18,1570
6770,力積電,108,0,108,港商法國興業,2023-10-18,1570
3450,聯鈞,60,0,60,港商法國興業,2023-10-18,1570
2615,萬海,76,23,53,港商法國興業,2023-10-18,1570
2344,華邦電,56,4,52,港商法國興業,2023-10-18,1570
3380,明泰,52,0,52,港商法國興業,2023-10-18,1570
2883,凱基金,51,0,51,港商法國興業,2023-10-18,1570
3706,神達,49,0,49,港商法國興業,2023-10-18,1570
3049,精金,46,0,46,港商法國興業,2023-10-18,1570
4915,致伸,43,0,43,港商法國興業,2023-10-18,1570
2855,統一證,42,0,42,港商法國興業,2023-10-18,1570
2330,台積電,41,2,39,港商法國興業,2023-10-18,1570
2409,友達,36,0,36,港商法國興業,2023-10-18,1570
2474,可成,35,0,35,港商法國興業,2023-10-18,1570
2617,台航,30,0,30,港商法國興業,2023-10-18,1570
2029,盛餘,29,0,29,港商法國興業,2023-10-18,1570
4766,南寶,29,0,29,港商法國興業,2023-10-18,1570
2412,中華電,27,0,27,港商法國興業,2023-10-18,1570
5536,聖暉*,27,0,27,港商法國興業,2023-10-18,1570
9802,鈺齊-KY,25,0,25,港商法國興業,2023-10-18,1570
3026,禾伸堂,24,0,24,港商法國興業,2023-10-18,1570
9914,美利達,24,0,24,港商法國興業,2023-10-18,1570
3264,欣銓,23,0,23,港商法國興業,2023-10-18,1570
2892,第一金,22,0,22,港商法國興業,2023-10-18,1570
3703,欣陸,20,0,20,港商法國興業,2023-10-18,1570
3374,精材,19,0,19,港商法國興業,2023-10-18,1570
1440,南紡,43,25,18,港商法國興業,2023-10-18,1570
3027,盛達,18,0,18,港商法國興業,2023-10-18,1570
6415,矽力*-KY,18,0,18,港商法國興業,2023-10-18,1570
5522,遠雄,17,0,17,港商法國興業,2023-10-18,1570
6209,今國光,17,0,17,港商法國興業,2023-10-18,1570
2834,臺企銀,16,0,16,港商法國興業,2023-10-18,1570
3019,亞光,16,0,16,港商法國興業,2023-10-18,1570
4123,晟德,18,2,16,港商法國興業,2023-10-18,1570
6125,廣運,16,0,16,港商法國興業,2023-10-18,1570
8234,新漢,16,0,16,港商法國興業,2023-10-18,1570
8942,森鉅,16,0,16,港商法國興業,2023-10-18,1570
2049,上銀,15,0,15,港商法國興業,2023-10-18,1570
2368,金像電,15,0,15,港商法國興業,2023-10-18,1570
6278,台表科,15,0,15,港商法國興業,2023-10-18,1570
9905,大華,15,0,15,港商法國興業,2023-10-18,1570
1301,台塑,14,0,14,港商法國興業,2023-10-18,1570
2881,富邦金,14,0,14,港商法國興業,2023-10-18,1570
6282,康舒,14,0,14,港商法國興業,2023-10-18,1570
2015,豐興,13,0,13,港商法國興業,2023-10-18,1570
1314,中石化,200,0,200,港商法國興業,2023-10-19,1570
2105,正新,178,32,146,港商法國興業,2023-10-19,1570
1101,台泥,327,206,121,港商法國興業,2023-10-19,1570
3374,精材,119,0,119,港商法國興業,2023-10-19,1570
2880,華南金,261,158,103,港商法國興業,2023-10-19,1570
1326,台化,136,34,102,港商法國興業,2023-10-19,1570
6139,亞翔,94,0,94,港商法國興業,2023-10-19,1570
1409,新纖,72,0,72,港商法國興業,2023-10-19,1570
2887,台新金,215,149,66,港商法國興業,2023-10-19,1570
3059,華晶科,60,0,60,港商法國興業,2023-10-19,1570
1447,力鵬,53,0,53,港商法國興業,2023-10-19,1570
9933,中鼎,51,0,51,港商法國興業,2023-10-19,1570
1909,榮成,49,0,49,港商法國興業,2023-10-19,1570
5512,力麒,48,0,48,港商法國興業,2023-10-19,1570
2605,新興,44,0,44,港商法國興業,2023-10-19,1570
1608,華榮,41,0,41,港商法國興業,2023-10-19,1570
2049,上銀,43,2,41,港商法國興業,2023-10-19,1570
3380,明泰,39,0,39,港商法國興業,2023-10-19,1570
2606,裕民,54,24,30,港商法國興業,2023-10-19,1570
3264,欣銓,30,0,30,港商法國興業,2023-10-19,1570
1515,力山,28,0,28,港商法國興業,2023-10-19,1570
2030,彰源,25,0,25,港商法國興業,2023-10-19,1570
1709,和益,24,0,24,港商法國興業,2023-10-19,1570
9934,成霖,24,0,24,港商法國興業,2023-10-19,1570
8070,長華*,22,0,22,港商法國興業,2023-10-19,1570
1785,光洋科,21,0,21,港商法國興業,2023-10-19,1570
1309,台達化,21,0,21,港商法國興業,2023-10-19,1570
1560,中砂,20,0,20,港商法國興業,2023-10-19,1570
4114,健喬,20,0,20,港商法國興業,2023-10-19,1570
6278,台表科,19,0,19,港商法國興業,2023-10-19,1570
1522,堤維西,18,0,18,港商法國興業,2023-10-19,1570
6127,九豪,18,0,18,港商法國興業,2023-10-19,1570
6415,矽力*-KY,26,9,17,港商法國興業,2023-10-19,1570
3669,圓展,16,0,16,港商法國興業,2023-10-19,1570
2832,台產,15,0,15,港商法國興業,2023-10-19,1570
2908,特力,15,0,15,港商法國興業,2023-10-19,1570
6469,大樹,15,0,15,港商法國興業,2023-10-19,1570
8155,博智,14,0,14,港商法國興業,2023-10-19,1570
5534,長虹,13,0,13,港商法國興業,2023-10-19,1570
2360,致茂,12,0,12,港商法國興業,2023-10-19,1570
3323,加百裕,12,0,12,港商法國興業,2023-10-19,1570
8341,日友,12,0,12,港商法國興業,2023-10-19,1570
2206,三陽工業,11,0,11,港商法國興業,2023-10-19,1570
9910,豐泰,14,3,11,港商法國興業,2023-10-19,1570
9917,中保科,16,5,11,港商法國興業,2023-10-19,1570
2204,中華,17,7,10,港商法國興業,2023-10-19,1570
5533,皇鼎,10,0,10,港商法國興業,2023-10-19,1570
1598,岱宇,9,0,9,港商法國興業,2023-10-19,1570
3265,台星科,9,0,9,港商法國興業,2023-10-19,1570
5609,中菲行,9,0,9,港商法國興業,2023-10-19,1570
2303,聯電,485,172,313,港商法國興業,2023-10-20,1570
2606,裕民,118,0,118,港商法國興業,2023-10-20,1570
3042,晶技,85,3,82,港商法國興業,2023-10-20,1570
1711,永光,70,0,70,港商法國興業,2023-10-20,1570
9938,百和,70,0,70,港商法國興業,2023-10-20,1570
3346,麗清,67,0,67,港商法國興業,2023-10-20,1570
2905,三商,55,0,55,港商法國興業,2023-10-20,1570
4977,眾達-KY,53,0,53,港商法國興業,2023-10-20,1570
2323,中環,49,0,49,港商法國興業,2023-10-20,1570
2852,第一保,41,0,41,港商法國興業,2023-10-20,1570
8390,金益鼎,40,0,40,港商法國興業,2023-10-20,1570
4532,瑞智,38,0,38,港商法國興業,2023-10-20,1570
1806,冠軍,33,0,33,港商法國興業,2023-10-20,1570
3710,連展投控,30,0,30,港商法國興業,2023-10-20,1570
3003,健和興,28,0,28,港商法國興業,2023-10-20,1570
3290,東浦,28,0,28,港商法國興業,2023-10-20,1570
6153,嘉聯益,28,0,28,港商法國興業,2023-10-20,1570
2617,台航,27,0,27,港商法國興業,2023-10-20,1570
6603,富強鑫,26,0,26,港商法國興業,2023-10-20,1570
4113,聯上,24,0,24,港商法國興業,2023-10-20,1570
2908,特力,23,0,23,港商法國興業,2023-10-20,1570
6177,達麗,23,0,23,港商法國興業,2023-10-20,1570
1536,和大,22,0,22,港商法國興業,2023-10-20,1570
5531,鄉林,22,0,22,港商法國興業,2023-10-20,1570
9914,美利達,21,0,21,港商法國興業,2023-10-20,1570
3374,精材,19,0,19,港商法國興業,2023-10-20,1570
3708,上緯投控,19,0,19,港商法國興業,2023-10-20,1570
6275,元山,17,0,17,港商法國興業,2023-10-20,1570
4129,聯合,17,2,15,港商法國興業,2023-10-20,1570
5536,聖暉*,15,0,15,港商法國興業,2023-10-20,1570
8163,達方,15,0,15,港商法國興業,2023-10-20,1570
2637,慧洋-KY,14,0,14,港商法國興業,2023-10-20,1570
2383,台光電,13,0,13,港商法國興業,2023-10-20,1570
3712,永崴投控,13,0,13,港商法國興業,2023-10-20,1570
5609,中菲行,12,0,12,港商法國興業,2023-10-20,1570
6175,立敦,12,0,12,港商法國興業,2023-10-20,1570
1339,昭輝,11,0,11,港商法國興業,2023-10-20,1570
2450,神腦,11,0,11,港商法國興業,2023-10-20,1570
3026,禾伸堂,11,0,11,港商法國興業,2023-10-20,1570
2342,茂矽,10,0,10,港商法國興業,2023-10-20,1570
6416,瑞祺電通,10,0,10,港商法國興業,2023-10-20,1570
2360,致茂,9,0,9,港商法國興業,2023-10-20,1570
6456,GIS-KY,9,0,9,港商法國興業,2023-10-20,1570
5203,訊連,8,0,8,港商法國興業,2023-10-20,1570
6743,安普新,8,0,8,港商法國興業,2023-10-20,1570
1560,中砂,30,23,7,港商法國興業,2023-10-20,1570
2015,豐興,7,0,7,港商法國興業,2023-10-20,1570
3265,台星科,7,0,7,港商法國興業,2023-10-20,1570
4766,南寶,7,0,7,港商法國興業,2023-10-20,1570
1504,東元,17,11,6,港商法國興業,2023-10-20,1570
1785,光洋科,379,0,379,港商法國興業,2023-10-23,1570
6770,力積電,213,0,213,港商法國興業,2023-10-23,1570
1216,統一,231,37,194,港商法國興業,2023-10-23,1570
2201,裕隆,154,0,154,港商法國興業,2023-10-23,1570
2867,三商壽,133,0,133,港商法國興業,2023-10-23,1570
9904,寶成,160,37,123,港商法國興業,2023-10-23,1570
2892,第一金,155,38,117,港商法國興業,2023-10-23,1570
5871,中租-KY,114,0,114,港商法國興業,2023-10-23,1570
6213,聯茂,92,0,92,港商法國興業,2023-10-23,1570
2515,中工,85,0,85,港商法國興業,2023-10-23,1570
4904,遠傳,78,7,71,港商法國興業,2023-10-23,1570
2485,兆赫,48,0,48,港商法國興業,2023-10-23,1570
6139,亞翔,46,0,46,港商法國興業,2023-10-23,1570
1210,大成,44,0,44,港商法國興業,2023-10-23,1570
3710,連展投控,42,0,42,港商法國興業,2023-10-23,1570
2303,聯電,83,42,41,港商法國興業,2023-10-23,1570
6153,嘉聯益,38,0,38,港商法國興業,2023-10-23,1570
2369,菱生,36,0,36,港商法國興業,2023-10-23,1570
9914,美利達,36,0,36,港商法國興業,2023-10-23,1570
2891,中信金,51,16,35,港商法國興業,2023-10-23,1570
6214,精誠,27,0,27,港商法國興業,2023-10-23,1570
3290,東浦,26,0,26,港商法國興業,2023-10-23,1570
6271,同欣電,26,0,26,港商法國興業,2023-10-23,1570
5536,聖暉*,23,0,23,港商法國興業,2023-10-23,1570
3042,晶技,22,0,22,港商法國興業,2023-10-23,1570
4915,致伸,22,0,22,港商法國興業,2023-10-23,1570
2498,宏達電,21,0,21,港商法國興業,2023-10-23,1570
2606,裕民,20,0,20,港商法國興業,2023-10-23,1570
3209,全科,20,0,20,港商法國興業,2023-10-23,1570
3027,盛達,19,0,19,港商法國興業,2023-10-23,1570
4129,聯合,18,0,18,港商法國興業,2023-10-23,1570
5243,乙盛-KY,18,0,18,港商法國興業,2023-10-23,1570
2408,南亞科,27,10,17,港商法國興業,2023-10-23,1570
2345,智邦,18,1,17,港商法國興業,2023-10-23,1570
4938,和碩,42,26,16,港商法國興業,2023-10-23,1570
8234,新漢,16,0,16,港商法國興業,2023-10-23,1570
1762,中化生,15,0,15,港商法國興業,2023-10-23,1570
1217,愛之味,15,0,15,港商法國興業,2023-10-23,1570
3056,富華新,15,0,15,港商法國興業,2023-10-23,1570
5531,鄉林,15,0,15,港商法國興業,2023-10-23,1570
6548,長科*,15,0,15,港商法國興業,2023-10-23,1570
2362,藍天,14,0,14,港商法國興業,2023-10-23,1570
3624,光頡,14,0,14,港商法國興業,2023-10-23,1570
5443,均豪,14,0,14,港商法國興業,2023-10-23,1570
1608,華榮,12,0,12,港商法國興業,2023-10-23,1570
2441,超豐,12,0,12,港商法國興業,2023-10-23,1570
3005,神基,12,0,12,港商法國興業,2023-10-23,1570
9802,鈺齊-KY,12,0,12,港商法國興業,2023-10-23,1570
9938,百和,11,0,11,港商法國興業,2023-10-23,1570
2375,凱美,10,0,10,港商法國興業,2023-10-23,1570
6213,聯茂,1047,0,1047,港商法國興業,2023-10-24,1570
2303,聯電,389,45,344,港商法國興業,2023-10-24,1570
2356,英業達,155,0,155,港商法國興業,2023-10-24,1570
2409,友達,208,53,155,港商法國興業,2023-10-24,1570
2329,華泰,128,0,128,港商法國興業,2023-10-24,1570
2903,遠百,107,0,107,港商法國興業,2023-10-24,1570
3576,聯合再生,107,0,107,港商法國興業,2023-10-24,1570
3231,緯創,95,10,85,港商法國興業,2023-10-24,1570
2412,中華電,108,26,82,港商法國興業,2023-10-24,1570
2367,燿華,68,0,68,港商法國興業,2023-10-24,1570
1305,華夏,64,0,64,港商法國興業,2023-10-24,1570
4743,合一,55,0,55,港商法國興業,2023-10-24,1570
9938,百和,54,0,54,港商法國興業,2023-10-24,1570
2301,光寶科,62,9,53,港商法國興業,2023-10-24,1570
5871,中租-KY,50,0,50,港商法國興業,2023-10-24,1570
9914,美利達,48,0,48,港商法國興業,2023-10-24,1570
3017,奇鋐,45,0,45,港商法國興業,2023-10-24,1570
2382,廣達,43,0,43,港商法國興業,2023-10-24,1570
2617,台航,41,0,41,港商法國興業,2023-10-24,1570
2368,金像電,40,0,40,港商法國興業,2023-10-24,1570
1217,愛之味,40,0,40,港商法國興業,2023-10-24,1570
2504,國產,37,0,37,港商法國興業,2023-10-24,1570
1513,中興電,35,0,35,港商法國興業,2023-10-24,1570
1218,泰山,33,0,33,港商法國興業,2023-10-24,1570
1319,東陽,29,0,29,港商法國興業,2023-10-24,1570
1604,聲寶,26,0,26,港商法國興業,2023-10-24,1570
2009,第一銅,25,0,25,港商法國興業,2023-10-24,1570
1717,長興,25,0,25,港商法國興業,2023-10-24,1570
2392,正崴,25,0,25,港商法國興業,2023-10-24,1570
6531,愛普*,25,0,25,港商法國興業,2023-10-24,1570
2106,建大,24,0,24,港商法國興業,2023-10-24,1570
2476,鉅祥,24,0,24,港商法國興業,2023-10-24,1570
2369,菱生,23,0,23,港商法國興業,2023-10-24,1570
3035,智原,23,0,23,港商法國興業,2023-10-24,1570
2328,廣宇,21,0,21,港商法國興業,2023-10-24,1570
2393,億光,19,0,19,港商法國興業,2023-10-24,1570
8150,南茂,18,0,18,港商法國興業,2023-10-24,1570
2634,漢翔,16,0,16,港商法國興業,2023-10-24,1570
6180,橘子,16,0,16,港商法國興業,2023-10-24,1570
1440,南紡,15,0,15,港商法國興業,2023-10-24,1570
1536,和大,15,0,15,港商法國興業,2023-10-24,1570
1710,東聯,15,0,15,港商法國興業,2023-10-24,1570
6278,台表科,14,0,14,港商法國興業,2023-10-24,1570
1720,生達,13,0,13,港商法國興業,2023-10-24,1570
8234,新漢,13,0,13,港商法國興業,2023-10-24,1570
6456,GIS-KY,12,0,12,港商法國興業,2023-10-24,1570
8415,大國鋼,12,0,12,港商法國興業,2023-10-24,1570
5531,鄉林,11,0,11,港商法國興業,2023-10-24,1570
6469,大樹,11,0,11,港商法國興業,2023-10-24,1570
5534,長虹,10,0,10,港商法國興業,2023-10-24,1570
6770,力積電,201,0,201,港商法國興業,2023-10-25,1570
1314,中石化,200,0,200,港商法國興業,2023-10-25,1570
4743,合一,194,0,194,港商法國興業,2023-10-25,1570
2634,漢翔,125,0,125,港商法國興業,2023-10-25,1570
2905,三商,62,0,62,港商法國興業,2023-10-25,1570
1802,台玻,56,0,56,港商法國興業,2023-10-25,1570
5531,鄉林,55,0,55,港商法國興業,2023-10-25,1570
1409,新纖,51,0,51,港商法國興業,2023-10-25,1570
1303,南亞,70,26,44,港商法國興業,2023-10-25,1570
2498,宏達電,45,2,43,港商法國興業,2023-10-25,1570
2892,第一金,44,5,39,港商法國興業,2023-10-25,1570
2382,廣達,33,0,33,港商法國興業,2023-10-25,1570
9938,百和,30,0,30,港商法國興業,2023-10-25,1570
6271,同欣電,28,0,28,港商法國興業,2023-10-25,1570
6153,嘉聯益,26,0,26,港商法國興業,2023-10-25,1570
1608,華榮,21,0,21,港商法國興業,2023-10-25,1570
6456,GIS-KY,18,0,18,港商法國興業,2023-10-25,1570
6531,愛普*,20,2,18,港商法國興業,2023-10-25,1570
2303,聯電,17,0,17,港商法國興業,2023-10-25,1570
5289,宜鼎,16,0,16,港商法國興業,2023-10-25,1570
1710,東聯,12,0,12,港商法國興業,2023-10-25,1570
8436,大江,11,0,11,港商法國興業,2023-10-25,1570
2329,華泰,9,0,9,港商法國興業,2023-10-25,1570
3665,貿聯-KY,8,0,8,港商法國興業,2023-10-25,1570
1720,生達,7,0,7,港商法國興業,2023-10-25,1570
2342,茂矽,7,0,7,港商法國興業,2023-10-25,1570
3026,禾伸堂,7,0,7,港商法國興業,2023-10-25,1570
3711,日月光投控,7,0,7,港商法國興業,2023-10-25,1570
6285,啟��,13,6,7,港商法國興業,2023-10-25,1570
6125,廣運,6,0,6,港商法國興業,2023-10-25,1570
6469,大樹,6,0,6,港商法國興業,2023-10-25,1570
2603,長榮,6,1,5,港商法國興業,2023-10-25,1570
2316,楠梓電,5,0,5,港商法國興業,2023-10-25,1570
1513,中興電,5,0,5,港商法國興業,2023-10-25,1570
4938,和碩,5,0,5,港商法國興業,2023-10-25,1570
6548,長科*,5,0,5,港商法國興業,2023-10-25,1570
2206,三陽工業,3,0,3,港商法國興業,2023-10-25,1570
1231,聯華食,3,0,3,港商法國興業,2023-10-25,1570
1217,愛之味,3,0,3,港商法國興業,2023-10-25,1570
4904,遠傳,4,1,3,港商法國興業,2023-10-25,1570
2464,盟立,2,0,2,港商法國興業,2023-10-25,1570
1308,亞聚,2,0,2,港商法國興業,2023-10-25,1570
1515,力山,2,0,2,港商法國興業,2023-10-25,1570
3008,大立光,2,0,2,港商法國興業,2023-10-25,1570
4966,譜瑞-KY,2,0,2,港商法國興業,2023-10-25,1570
6415,矽力*-KY,2,0,2,港商法國興業,2023-10-25,1570
9914,美利達,2,0,2,港商法國興業,2023-10-25,1570
2360,致茂,1,0,1,港商法國興業,2023-10-25,1570
2383,台光電,1,0,1,港商法國興業,2023-10-25,1570
4137,麗豐-KY,1,0,1,港商法國興業,2023-10-25,1570
6770,力積電,116,0,116,港商法國興業,2023-10-26,1570
5876,上海商銀,109,0,109,港商法國興業,2023-10-26,1570
1907,永豐餘,93,0,93,港商法國興業,2023-10-26,1570
2002,中鋼,183,98,85,港商法國興業,2023-10-26,1570
3576,聯合再生,84,0,84,港商法國興業,2023-10-26,1570
5531,鄉林,73,0,73,港商法國興業,2023-10-26,1570
1802,台玻,66,3,63,港商法國興業,2023-10-26,1570
2367,燿華,57,0,57,港商法國興業,2023-10-26,1570
2498,宏達電,46,0,46,港商法國興業,2023-10-26,1570
6271,同欣電,41,0,41,港商法國興業,2023-10-26,1570
3711,日月光投控,43,4,39,港商法國興業,2023-10-26,1570
2851,中再保,35,0,35,港商法國興業,2023-10-26,1570
5425,台半,35,0,35,港商法國興業,2023-10-26,1570
2605,新興,31,0,31,港商法國興業,2023-10-26,1570
1789,神隆,31,0,31,港商法國興業,2023-10-26,1570
1785,光洋科,30,0,30,港商法國興業,2023-10-26,1570
1440,南紡,28,0,28,港商法國興業,2023-10-26,1570
2820,華票,28,0,28,港商法國興業,2023-10-26,1570
9914,美利達,28,0,28,港商法國興業,2023-10-26,1570
3661,世芯-KY,27,0,27,港商法國興業,2023-10-26,1570
1310,台苯,24,0,24,港商法國興業,2023-10-26,1570
2633,台灣高鐵,23,0,23,港商法國興業,2023-10-26,1570
2634,漢翔,20,0,20,港商法國興業,2023-10-26,1570
01003T,兆豐新光R1,19,0,19,港商法國興業,2023-10-26,1570
3706,神達,18,0,18,港商法國興業,2023-10-26,1570
8088,品安,18,0,18,港商法國興業,2023-10-26,1570
1303,南亞,16,0,16,港商法國興業,2023-10-26,1570
4755,三福化,16,0,16,港商法國興業,2023-10-26,1570
5009,榮剛,16,0,16,港商法國興業,2023-10-26,1570
3042,晶技,14,0,14,港商法國興業,2023-10-26,1570
6456,GIS-KY,14,0,14,港商法國興業,2023-10-26,1570
9938,百和,13,0,13,港商法國興業,2023-10-26,1570
2608,嘉里大榮,11,0,11,港商法國興業,2023-10-26,1570
2049,上銀,13,2,11,港商法國興業,2023-10-26,1570
3515,華擎,11,0,11,港商法國興業,2023-10-26,1570
6266,泰詠,11,0,11,港商法國興業,2023-10-26,1570
6477,安集,11,0,11,港商法國興業,2023-10-26,1570
1215,卜蜂,10,0,10,港商法國興業,2023-10-26,1570
1536,和大,10,0,10,港商法國興業,2023-10-26,1570
2342,茂矽,10,0,10,港商法國興業,2023-10-26,1570
3003,健和興,10,0,10,港商法國興業,2023-10-26,1570
1786,科妍,9,0,9,港商法國興業,2023-10-26,1570
3016,嘉晶,9,0,9,港商法國興業,2023-10-26,1570
2228,劍麟,8,0,8,港商法國興業,2023-10-26,1570
1608,華榮,8,0,8,港商法國興業,2023-10-26,1570
5508,永信建,8,0,8,港商法國興業,2023-10-26,1570
3691,碩禾,7,0,7,港商法國興業,2023-10-26,1570
6670,復盛應用,7,0,7,港商法國興業,2023-10-26,1570
1560,中砂,6,0,6,港商法國興業,2023-10-26,1570
2375,凱美,6,0,6,港商法國興業,2023-10-26,1570
2330,台積電,369,6,363,港商法國興業,2023-10-27,1570
3264,欣銓,311,0,311,港商法國興業,2023-10-27,1570
1101,台泥,294,15,279,港商法國興業,2023-10-27,1570
1314,中石化,200,0,200,港商法國興業,2023-10-27,1570
2891,中信金,193,15,178,港商法國興業,2023-10-27,1570
2303,聯電,171,0,171,港商法國興業,2023-10-27,1570
2884,玉山金,153,12,141,港商法國興業,2023-10-27,1570
5009,榮剛,130,0,130,港商法國興業,2023-10-27,1570
2002,中鋼,128,0,128,港商法國興業,2023-10-27,1570
2880,華南金,129,10,119,港商法國興業,2023-10-27,1570
2886,兆豐金,122,9,113,港商法國興業,2023-10-27,1570
5880,合庫金,112,0,112,港商法國興業,2023-10-27,1570
2892,第一金,119,10,109,港商法國興業,2023-10-27,1570
2887,台新金,122,18,104,港商法國興業,2023-10-27,1570
2889,國票金,104,0,104,港商法國興業,2023-10-27,1570
2890,永豐金,114,15,99,港商法國興業,2023-10-27,1570
2882,國泰金,104,12,92,港商法國興業,2023-10-27,1570
2881,富邦金,84,8,76,港商法國興業,2023-10-27,1570
5425,台半,74,0,74,港商法國興業,2023-10-27,1570
2409,友達,70,0,70,港商法國興業,2023-10-27,1570
1717,長興,66,0,66,港商法國興業,2023-10-27,1570
1409,新纖,53,0,53,港商法國興業,2023-10-27,1570
1216,統一,52,0,52,港商法國興業,2023-10-27,1570
1303,南亞,51,0,51,港商法國興業,2023-10-27,1570
2324,仁寶,48,0,48,港商法國興業,2023-10-27,1570
2049,上銀,42,0,42,港商法國興業,2023-10-27,1570
1802,台玻,40,0,40,港商法國興業,2023-10-27,1570
2367,燿華,39,0,39,港商法國興業,2023-10-27,1570
2412,中華電,40,3,37,港商法國興業,2023-10-27,1570
2201,裕隆,37,0,37,港商法國興業,2023-10-27,1570
5876,上海商銀,34,0,34,港商法國興業,2023-10-27,1570
1402,遠東新,32,0,32,港商法國興業,2023-10-27,1570
2610,華航,40,9,31,港商法國興業,2023-10-27,1570
4123,晟德,31,0,31,港商法國興業,2023-10-27,1570
2356,英業達,29,0,29,港商法國興業,2023-10-27,1570
6770,力積電,29,0,29,港商法國興業,2023-10-27,1570
1304,台聚,27,0,27,港商法國興業,2023-10-27,1570
1605,華新,27,0,27,港商法國興業,2023-10-27,1570
3305,昇貿,27,0,27,港商法國興業,2023-10-27,1570
3702,大聯大,27,0,27,港商法國興業,2023-10-27,1570
5536,聖暉*,27,0,27,港商法國興業,2023-10-27,1570
1524,耿鼎,23,0,23,港商法國興業,2023-10-27,1570
9938,百和,23,0,23,港商法國興業,2023-10-27,1570
2301,光寶科,21,0,21,港商法國興業,2023-10-27,1570
1907,永豐餘,21,0,21,港商法國興業,2023-10-27,1570
2633,台灣高鐵,21,0,21,港商法國興業,2023-10-27,1570
5522,遠雄,21,0,21,港商法國興業,2023-10-27,1570
2308,台達電,20,0,20,港商法國興業,2023-10-27,1570
2618,長榮航,27,7,20,港商法國興業,2023-10-27,1570
8936,國統,19,0,19,港商法國興業,2023-10-27,1570
1101,台泥,936,0,936,港商法國興業,2023-10-30,1570
2867,三商壽,193,0,193,港商法國興業,2023-10-30,1570
4915,致伸,187,0,187,港商法國興業,2023-10-30,1570
1402,遠東新,98,0,98,港商法國興業,2023-10-30,1570
2891,中信金,80,0,80,港商法國興業,2023-10-30,1570
2633,台灣高鐵,75,0,75,港商法國興業,2023-10-30,1570
2002,中鋼,60,0,60,港商法國興業,2023-10-30,1570
9945,潤泰新,56,0,56,港商法國興業,2023-10-30,1570
8936,國統,46,0,46,港商法國興業,2023-10-30,1570
2367,燿華,45,0,45,港商法國興業,2023-10-30,1570
1907,永豐餘,44,0,44,港商法國興業,2023-10-30,1570
2454,聯發科,50,10,40,港商法國興業,2023-10-30,1570
1440,南紡,40,0,40,港商法國興業,2023-10-30,1570
1605,華新,38,0,38,港商法國興業,2023-10-30,1570
6213,聯茂,37,0,37,港商法國興業,2023-10-30,1570
2606,裕民,36,0,36,港商法國興業,2023-10-30,1570
2601,益航,33,0,33,港商法國興業,2023-10-30,1570
2614,東森,31,0,31,港商法國興業,2023-10-30,1570
2892,第一金,31,0,31,港商法國興業,2023-10-30,1570
1218,泰山,31,0,31,港商法國興業,2023-10-30,1570
6182,合晶,31,0,31,港商法國興業,2023-10-30,1570
1303,南亞,28,0,28,港商法國興業,2023-10-30,1570
9914,美利達,23,0,23,港商法國興業,2023-10-30,1570
2330,台積電,21,0,21,港商法國興業,2023-10-30,1570
3707,漢磊,21,0,21,港商法國興業,2023-10-30,1570
1905,華紙,20,0,20,港商法國興業,2023-10-30,1570
3380,明泰,20,0,20,港商法國興業,2023-10-30,1570
2534,宏盛,19,0,19,港商法國興業,2023-10-30,1570
9938,百和,19,0,19,港商法國興業,2023-10-30,1570
2882,國泰金,18,0,18,港商法國興業,2023-10-30,1570
2488,漢平,14,0,14,港商法國興業,2023-10-30,1570
2476,鉅祥,14,0,14,港商法國興業,2023-10-30,1570
2317,鴻海,13,0,13,港商法國興業,2023-10-30,1570
1216,統一,13,0,13,港商法國興業,2023-10-30,1570
6153,嘉聯益,13,0,13,港商法國興業,2023-10-30,1570
1808,潤隆,11,0,11,港商法國興業,2023-10-30,1570
3092,鴻碩,11,0,11,港商法國興業,2023-10-30,1570
6472,保瑞,11,0,11,港商法國興業,2023-10-30,1570
2383,台光電,10,0,10,港商法國興業,2023-10-30,1570
4976,佳凌,10,0,10,港商法國興業,2023-10-30,1570
1326,台化,9,0,9,港商法國興業,2023-10-30,1570
5871,中租-KY,9,0,9,港商法國興業,2023-10-30,1570
6456,GIS-KY,8,0,8,港商法國興業,2023-10-30,1570
1608,華榮,7,0,7,港商法國興業,2023-10-30,1570
4768,晶呈科技,7,0,7,港商法國興業,2023-10-30,1570
6706,惠特,7,0,7,港商法國興業,2023-10-30,1570
2723,美食-KY,6,0,6,港商法國興業,2023-10-30,1570
2603,長榮,6,0,6,港商法國興業,2023-10-30,1570
3711,日月光投控,6,0,6,港商法國興業,2023-10-30,1570
2377,微星,5,0,5,港商法國興業,2023-10-30,1570
2891,中信金,777,36,741,港商法國興業,2023-10-31,1570
2354,鴻準,479,0,479,港商法國興業,2023-10-31,1570
2892,第一金,472,22,450,港商法國興業,2023-10-31,1570
1101,台泥,300,30,270,港商法國興業,2023-10-31,1570
3702,大聯大,220,0,220,港商法國興業,2023-10-31,1570
4938,和碩,119,0,119,港商法國興業,2023-10-31,1570
2603,長榮,117,4,113,港商法國興業,2023-10-31,1570
2367,燿華,108,0,108,港商法國興業,2023-10-31,1570
3017,奇鋐,56,0,56,港商法國興業,2023-10-31,1570
2609,陽明,54,0,54,港商法國興業,2023-10-31,1570
6239,力成,55,1,54,港商法國興業,2023-10-31,1570
5876,上海商銀,53,0,53,港商法國興業,2023-10-31,1570
2324,仁寶,45,0,45,港商法國興業,2023-10-31,1570
3305,昇貿,38,0,38,港商法國興業,2023-10-31,1570
1802,台玻,37,0,37,港商法國興業,2023-10-31,1570
5469,瀚宇博,36,0,36,港商法國興業,2023-10-31,1570
1326,台化,35,0,35,港商法國興業,2023-10-31,1570
2383,台光電,34,0,34,港商法國興業,2023-10-31,1570
2022,聚亨,29,0,29,港商法國興業,2023-10-31,1570
6213,聯茂,29,0,29,港商法國興業,2023-10-31,1570
5457,宣德,28,0,28,港商法國興業,2023-10-31,1570
8436,大江,27,0,27,港商法國興業,2023-10-31,1570
3290,東浦,24,0,24,港商法國興業,2023-10-31,1570
1536,和大,23,0,23,港商法國興業,2023-10-31,1570
6185,幃翔,23,0,23,港商法國興業,2023-10-31,1570
9946,三發地產,23,0,23,港商法國興業,2023-10-31,1570
2010,春源,21,0,21,港商法國興業,2023-10-31,1570
8938,明安,20,0,20,港商法國興業,2023-10-31,1570
9935,慶豐富,20,0,20,港商法國興業,2023-10-31,1570
2049,上銀,18,0,18,港商法國興業,2023-10-31,1570
2614,東森,18,0,18,港商法國興業,2023-10-31,1570
2029,盛餘,17,0,17,港商法國興業,2023-10-31,1570
9938,百和,17,0,17,港商法國興業,2023-10-31,1570
2342,茂矽,16,0,16,港商法國興業,2023-10-31,1570
2387,精元,15,0,15,港商法國興業,2023-10-31,1570
2303,聯電,15,0,15,港商法國興業,2023-10-31,1570
1308,亞聚,15,0,15,港商法國興業,2023-10-31,1570
9905,大華,15,0,15,港商法國興業,2023-10-31,1570
2009,第一銅,14,0,14,港商法國興業,2023-10-31,1570
5519,隆大,14,0,14,港商法國興業,2023-10-31,1570
2356,英業達,13,0,13,港商法國興業,2023-10-31,1570
6209,今國光,13,0,13,港商法國興業,2023-10-31,1570
9802,鈺齊-KY,12,0,12,港商法國興業,2023-10-31,1570
1907,永豐餘,11,0,11,港商法國興業,2023-10-31,1570
2612,中航,11,0,11,港商法國興業,2023-10-31,1570
6275,元山,11,0,11,港商法國興業,2023-10-31,1570
1321,大洋,10,0,10,港商法國興業,2023-10-31,1570
6175,立敦,10,0,10,港商法國興業,2023-10-31,1570
6451,訊芯-KY,10,0,10,港商法國興業,2023-10-31,1570
6509,聚和,10,0,10,港商法國興業,2023-10-31,1570
1314,中石化,562,0,562,港商法國興業,2023-11-01,1570
6213,聯茂,131,0,131,港商法國興業,2023-11-01,1570
1605,華新,111,0,111,港商法國興業,2023-11-01,1570
2880,華南金,107,0,107,港商法國興業,2023-11-01,1570
8086,宏捷科,117,10,107,港商法國興業,2023-11-01,1570
2892,第一金,99,0,99,港商法國興業,2023-11-01,1570
1303,南亞,82,0,82,港商法國興業,2023-11-01,1570
5871,中租-KY,64,0,64,港商法國興業,2023-11-01,1570
9938,百和,36,0,36,港商法國興業,2023-11-01,1570
5469,瀚宇博,30,0,30,港商法國興業,2023-11-01,1570
3481,群創,27,0,27,港商法國興業,2023-11-01,1570
8938,明安,24,0,24,港商法國興業,2023-11-01,1570
1326,台化,21,0,21,港商法國興業,2023-11-01,1570
2356,英業達,19,0,19,港商法國興業,2023-11-01,1570
3062,建漢,19,0,19,港商法國興業,2023-11-01,1570
6274,台燿,19,0,19,港商法國興業,2023-11-01,1570
3504,揚明光,18,0,18,港商法國興業,2023-11-01,1570
4401,東隆興,18,0,18,港商法國興業,2023-11-01,1570
1442,名軒,17,0,17,港商法國興業,2023-11-01,1570
6176,瑞儀,17,0,17,港商法國興業,2023-11-01,1570
6830,汎銓,16,0,16,港商法國興業,2023-11-01,1570
5225,東科-KY,13,0,13,港商法國興業,2023-11-01,1570
6125,廣運,12,0,12,港商法國興業,2023-11-01,1570
1615,大山,11,0,11,港商法國興業,2023-11-01,1570
8358,金居,11,0,11,港商法國興業,2023-11-01,1570
2887,台新金,10,0,10,港商法國興業,2023-11-01,1570
8171,天宇,10,0,10,港商法國興業,2023-11-01,1570
3005,神基,9,0,9,港商法國興業,2023-11-01,1570
3305,昇貿,9,0,9,港商法國興業,2023-11-01,1570
5234,達興材料,8,0,8,港商法國興業,2023-11-01,1570
6669,緯穎,8,0,8,港商法國興業,2023-11-01,1570
9914,美利達,8,0,8,港商法國興業,2023-11-01,1570
2015,豐興,7,0,7,港商法國興業,2023-11-01,1570
3557,嘉威,7,0,7,港商法國興業,2023-11-01,1570
5388,中磊,7,0,7,港商法國興業,2023-11-01,1570
1477,聚陽,6,0,6,港商法國興業,2023-11-01,1570
2316,楠梓電,6,0,6,港商法國興業,2023-11-01,1570
2383,台光電,6,0,6,港商法國興業,2023-11-01,1570
5536,聖暉*,6,0,6,港商法國興業,2023-11-01,1570
9802,鈺齊-KY,6,0,6,港商法國興業,2023-11-01,1570
9942,茂順,6,0,6,港商法國興業,2023-11-01,1570
1560,中砂,5,0,5,港商法國興業,2023-11-01,1570
1904,正隆,5,0,5,港商法國興業,2023-11-01,1570
2498,宏達電,5,0,5,港商法國興業,2023-11-01,1570
5434,崇越,5,0,5,港商法國興業,2023-11-01,1570
6278,台表科,5,0,5,港商法國興業,2023-11-01,1570
8924,大田,5,0,5,港商法國興業,2023-11-01,1570
2382,廣達,4,0,4,港商法國興業,2023-11-01,1570
1308,亞聚,4,0,4,港商法國興業,2023-11-01,1570
1608,華榮,4,0,4,港商法國興業,2023-11-01,1570
2892,第一金,324,0,324,港商法國興業,2023-11-02,1570
8936,國統,279,0,279,港商法國興業,2023-11-02,1570
5876,上海商銀,154,0,154,港商法國興業,2023-11-02,1570
2303,聯電,102,20,82,港商法國興業,2023-11-02,1570
9938,百和,63,0,63,港商法國興業,2023-11-02,1570
1795,美時,59,0,59,港商法國興業,2023-11-02,1570
3231,緯創,64,18,46,港商法國興業,2023-11-02,1570
2313,華通,36,0,36,港商法國興業,2023-11-02,1570
4906,正文,45,11,34,港商法國興業,2023-11-02,1570
2882,國泰金,33,0,33,港商法國興業,2023-11-02,1570
5469,瀚宇博,32,0,32,港商法國興業,2023-11-02,1570
6472,保瑞,31,0,31,港商法國興業,2023-11-02,1570
2891,中信金,29,0,29,港商法國興業,2023-11-02,1570
1536,和大,28,0,28,港商法國興業,2023-11-02,1570
6548,長科*,28,0,28,港商法國興業,2023-11-02,1570
2884,玉山金,25,0,25,港商法國興業,2023-11-02,1570
2883,凱基金,22,0,22,港商法國興業,2023-11-02,1570
2888,新光金,22,0,22,港商法國興業,2023-11-02,1570
3017,奇鋐,21,0,21,港商法國興業,2023-11-02,1570
1308,亞聚,20,0,20,港商法國興業,2023-11-02,1570
2002,中鋼,20,0,20,港商法國興業,2023-11-02,1570
2886,兆豐金,20,0,20,港商法國興業,2023-11-02,1570
2439,美律,18,0,18,港商法國興業,2023-11-02,1570
2885,元大金,18,0,18,港商法國興業,2023-11-02,1570
8938,明安,18,0,18,港商法國興業,2023-11-02,1570
2330,台積電,18,2,16,港商法國興業,2023-11-02,1570
2880,華南金,15,0,15,港商法國興業,2023-11-02,1570
2887,台新金,15,0,15,港商法國興業,2023-11-02,1570
2890,永豐金,15,0,15,港商法國興業,2023-11-02,1570
2913,農林,15,0,15,港商法國興業,2023-11-02,1570
5225,東科-KY,15,0,15,港商法國興業,2023-11-02,1570
5880,合庫金,15,0,15,港商法國興業,2023-11-02,1570
2881,富邦金,14,0,14,港商法國興業,2023-11-02,1570
3481,群創,14,0,14,港商法國興業,2023-11-02,1570
1504,東元,12,0,12,港商法國興業,2023-11-02,1570
2317,鴻海,12,0,12,港商法國興業,2023-11-02,1570
2603,長榮,12,0,12,港商法國興業,2023-11-02,1570
2409,友達,11,0,11,港商法國興業,2023-11-02,1570
3704,合勤控,11,0,11,港商法國興業,2023-11-02,1570
2342,茂矽,10,0,10,港商法國興業,2023-11-02,1570
1608,華榮,10,0,10,港商法國興業,2023-11-02,1570
1101,台泥,10,0,10,港商法國興業,2023-11-02,1570
1303,南亞,10,0,10,港商法國興業,2023-11-02,1570
2801,彰銀,10,0,10,港商法國興業,2023-11-02,1570
3005,神基,10,0,10,港商法國興業,2023-11-02,1570
6176,瑞儀,10,0,10,港商法國興業,2023-11-02,1570
1326,台化,9,0,9,港商法國興業,2023-11-02,1570
1216,統一,9,0,9,港商法國興業,2023-11-02,1570
2385,群光,9,0,9,港商法國興業,2023-11-02,1570
3042,晶技,9,0,9,港商法國興業,2023-11-02,1570
2891,中信金,1180,0,1180,港商法國興業,2023-11-03,1570
2885,元大金,620,0,620,港商法國興業,2023-11-03,1570
1314,中石化,400,100,300,港商法國興業,2023-11-03,1570
2313,華通,123,0,123,港商法國興業,2023-11-03,1570
2888,新光金,82,0,82,港商法國興業,2023-11-03,1570
1717,長興,41,0,41,港商法國興業,2023-11-03,1570
2049,上銀,39,0,39,港商法國興業,2023-11-03,1570
1536,和大,35,0,35,港商法國興業,2023-11-03,1570
2027,大成鋼,34,0,34,港商法國興業,2023-11-03,1570
1905,華紙,33,0,33,港商法國興業,2023-11-03,1570
1409,新纖,31,0,31,港商法國興業,2023-11-03,1570
1313,聯成,30,0,30,港商法國興業,2023-11-03,1570
2913,農林,29,0,29,港商法國興業,2023-11-03,1570
3305,昇貿,29,0,29,港商法國興業,2023-11-03,1570
2501,國建,26,0,26,港商法國興業,2023-11-03,1570
1560,中砂,24,0,24,港商法國興業,2023-11-03,1570
2881,富邦金,25,1,24,港商法國興業,2023-11-03,1570
4739,康普,23,0,23,港商法國興業,2023-11-03,1570
6125,廣運,22,0,22,港商法國興業,2023-11-03,1570
2201,裕隆,21,0,21,港商法國興業,2023-11-03,1570
6412,群電,21,0,21,港商法國興業,2023-11-03,1570
1762,中化生,20,0,20,港商法國興業,2023-11-03,1570
2855,統一證,20,0,20,港商法國興業,2023-11-03,1570
6191,精成科,20,0,20,港商法國興業,2023-11-03,1570
6472,保瑞,20,0,20,港商法國興業,2023-11-03,1570
6239,力成,18,0,18,港商法國興業,2023-11-03,1570
9939,宏全,18,0,18,港商法國興業,2023-11-03,1570
2351,順德,17,0,17,港商法國興業,2023-11-03,1570
2330,台積電,22,5,17,港商法國興業,2023-11-03,1570
3189,景碩,17,0,17,港商法國興業,2023-11-03,1570
3712,永崴投控,17,0,17,港商法國興業,2023-11-03,1570
8924,大田,17,0,17,港商法國興業,2023-11-03,1570
2103,台橡,15,0,15,港商法國興業,2023-11-03,1570
2382,廣達,15,0,15,港商法國興業,2023-11-03,1570
2636,台驊控股,15,0,15,港商法國興業,2023-11-03,1570
3707,漢磊,15,0,15,港商法國興業,2023-11-03,1570
5225,東科-KY,15,0,15,港商法國興業,2023-11-03,1570
6128,上福,15,0,15,港商法國興業,2023-11-03,1570
8046,南電,15,0,15,港商法國興業,2023-11-03,1570
9802,鈺齊-KY,15,0,15,港商法國興業,2023-11-03,1570
2449,京元電子,14,0,14,港商法國興業,2023-11-03,1570
5388,中磊,14,0,14,港商法國興業,2023-11-03,1570
8114,振樺電,14,0,14,港商法國興業,2023-11-03,1570
3231,緯創,13,0,13,港商法國興業,2023-11-03,1570
3413,京鼎,14,1,13,港商法國興業,2023-11-03,1570
4968,立積,13,0,13,港商法國興業,2023-11-03,1570
2607,榮運,12,0,12,港商法國興業,2023-11-03,1570
1904,正隆,12,0,12,港商法國興業,2023-11-03,1570
3032,偉訓,12,0,12,港商法國興業,2023-11-03,1570
6271,同欣電,12,0,12,港商法國興業,2023-11-03,1570
2891,中信金,1151,198,953,港商法國興業,2023-11-06,1570
1301,台塑,205,0,205,港商法國興業,2023-11-06,1570
1314,中石化,173,0,173,港商法國興業,2023-11-06,1570
3045,台灣大,170,0,170,港商法國興業,2023-11-06,1570
3576,聯合再生,163,0,163,港商法國興業,2023-11-06,1570
2603,長榮,121,0,121,港商法國興業,2023-11-06,1570
8069,元太,87,0,87,港商法國興業,2023-11-06,1570
2890,永豐金,84,0,84,港商法國興業,2023-11-06,1570
2313,華通,80,1,79,港商法國興業,2023-11-06,1570
2607,榮運,56,0,56,港商法國興業,2023-11-06,1570
2439,美律,50,0,50,港商法國興業,2023-11-06,1570
3711,日月光投控,50,0,50,港商法國興業,2023-11-06,1570
6770,力積電,49,0,49,港商法國興業,2023-11-06,1570
5009,榮剛,47,0,47,港商法國興業,2023-11-06,1570
2601,益航,46,0,46,港商法國興業,2023-11-06,1570
6548,長科*,46,0,46,港商法國興業,2023-11-06,1570
6472,保瑞,41,0,41,港商法國興業,2023-11-06,1570
9933,中鼎,41,0,41,港商法國興業,2023-11-06,1570
9921,巨大,40,0,40,港商法國興業,2023-11-06,1570
2913,農林,39,0,39,港商法國興業,2023-11-06,1570
2338,光罩,37,0,37,港商法國興業,2023-11-06,1570
1308,亞聚,37,0,37,港商法國興業,2023-11-06,1570
2312,金寶,35,0,35,港商法國興業,2023-11-06,1570
2504,國產,31,0,31,港商法國興業,2023-11-06,1570
2634,漢翔,31,0,31,港商法國興業,2023-11-06,1570
2049,上銀,30,0,30,港商法國興業,2023-11-06,1570
1504,東元,29,0,29,港商法國興業,2023-11-06,1570
2884,玉山金,27,0,27,港商法國興業,2023-11-06,1570
6213,聯茂,26,0,26,港商法國興業,2023-11-06,1570
2009,第一銅,24,0,24,港商法國興業,2023-11-06,1570
2006,東和鋼鐵,24,0,24,港商法國興業,2023-11-06,1570
1310,台苯,24,0,24,港商法國興業,2023-11-06,1570
3264,欣銓,24,0,24,港商法國興業,2023-11-06,1570
1326,台化,23,0,23,港商法國興業,2023-11-06,1570
2371,大同,21,0,21,港商法國興業,2023-11-06,1570
2816,旺旺保,21,0,21,港商法國興業,2023-11-06,1570
3034,聯詠,25,4,21,港商法國興業,2023-11-06,1570
3189,景碩,21,0,21,港商法國興業,2023-11-06,1570
9938,百和,20,0,20,港商法國興業,2023-11-06,1570
3006,晶豪科,18,0,18,港商法國興業,2023-11-06,1570
5225,東科-KY,18,0,18,港商法國興業,2023-11-06,1570
3504,揚明光,16,0,16,港商法國興業,2023-11-06,1570
2881,富邦金,26,11,15,港商法國興業,2023-11-06,1570
4105,東洋,15,0,15,港商法國興業,2023-11-06,1570
9802,鈺齊-KY,14,0,14,港商法國興業,2023-11-06,1570
3545,敦泰,13,0,13,港商法國興業,2023-11-06,1570
5469,瀚宇博,13,0,13,港商法國興業,2023-11-06,1570
1513,中興電,12,0,12,港商法國興業,2023-11-06,1570
2368,金像電,12,0,12,港商法國興業,2023-11-06,1570
3005,神基,12,0,12,港商法國興業,2023-11-06,1570
6770,力積電,1744,0,1744,港商法國興業,2023-11-07,1570
5871,中租-KY,463,0,463,港商法國興業,2023-11-07,1570
1216,統一,313,0,313,港商法國興業,2023-11-07,1570
1301,台塑,229,0,229,港商法國興業,2023-11-07,1570
1815,富喬,211,0,211,港商法國興業,2023-11-07,1570
2892,第一金,213,37,176,港商法國興業,2023-11-07,1570
2303,聯電,96,24,72,港商法國興業,2023-11-07,1570
2301,光寶科,69,0,69,港商法國興業,2023-11-07,1570
1513,中興電,65,0,65,港商法國興業,2023-11-07,1570
2395,研華,61,0,61,港商法國興業,2023-11-07,1570
3036,文曄,58,0,58,港商法國興業,2023-11-07,1570
1609,大亞,51,0,51,港商法國興業,2023-11-07,1570
8358,金居,54,10,44,港商法國興業,2023-11-07,1570
4915,致伸,41,0,41,港商法國興業,2023-11-07,1570
2206,三陽工業,38,0,38,港商法國興業,2023-11-07,1570
3702,大聯大,38,0,38,港商法國興業,2023-11-07,1570
9938,百和,29,0,29,港商法國興業,2023-11-07,1570
3034,聯詠,31,4,27,港商法國興業,2023-11-07,1570
6472,保瑞,19,0,19,港商法國興業,2023-11-07,1570
3533,嘉澤,20,2,18,港商法國興業,2023-11-07,1570
2385,群光,17,0,17,港商法國興業,2023-11-07,1570
5225,東科-KY,16,0,16,港商法國興業,2023-11-07,1570
6239,力成,15,0,15,港商法國興業,2023-11-07,1570
3078,僑威,13,0,13,港商法國興業,2023-11-07,1570
1308,亞聚,12,0,12,港商法國興業,2023-11-07,1570
3005,神基,12,0,12,港商法國興業,2023-11-07,1570
6548,長科*,11,0,11,港商法國興業,2023-11-07,1570
2375,凱美,10,0,10,港商法國興業,2023-11-07,1570
4968,立積,10,0,10,港商法國興業,2023-11-07,1570
9802,鈺齊-KY,10,0,10,港商法國興業,2023-11-07,1570
5469,瀚宇博,9,0,9,港商法國興業,2023-11-07,1570
6669,緯穎,11,2,9,港商法國興業,2023-11-07,1570
1514,亞力,7,0,7,港商法國興業,2023-11-07,1570
1310,台苯,7,0,7,港商法國興業,2023-11-07,1570
2723,美食-KY,7,0,7,港商法國興業,2023-11-07,1570
6531,愛普*,7,0,7,港商法國興業,2023-11-07,1570
8916,光隆,7,0,7,港商法國興業,2023-11-07,1570
8924,大田,7,0,7,港商法國興業,2023-11-07,1570
9958,世紀鋼,7,0,7,港商法國興業,2023-11-07,1570
1402,遠東新,6,0,6,港商法國興業,2023-11-07,1570
6139,亞翔,6,0,6,港商法國興業,2023-11-07,1570
1326,台化,5,0,5,港商法國興業,2023-11-07,1570
2049,上銀,5,0,5,港商法國興業,2023-11-07,1570
3037,欣興,5,0,5,港商法國興業,2023-11-07,1570
3162,精確,5,0,5,港商法國興業,2023-11-07,1570
3189,景碩,5,0,5,港商法國興業,2023-11-07,1570
4961,天鈺,5,0,5,港商法國興業,2023-11-07,1570
8464,億豐,5,0,5,港商法國興業,2023-11-07,1570
2454,聯發科,4,0,4,港商法國興業,2023-11-07,1570
3661,世芯-KY,4,0,4,港商法國興業,2023-11-07,1570
6770,力積電,1128,19,1109,港商法國興業,2023-11-08,1570
2892,第一金,461,0,461,港商法國興業,2023-11-08,1570
2887,台新金,348,0,348,港商法國興業,2023-11-08,1570
2303,聯電,234,0,234,港商法國興業,2023-11-08,1570
2313,華通,219,0,219,港商法國興業,2023-11-08,1570
1402,遠東新,211,0,211,港商法國興業,2023-11-08,1570
6446,藥華藥,107,0,107,港商法國興業,2023-11-08,1570
1303,南亞,98,0,98,港商法國興業,2023-11-08,1570
9802,鈺齊-KY,88,0,88,港商法國興業,2023-11-08,1570
5876,上海商銀,78,0,78,港商法國興業,2023-11-08,1570
9914,美利達,57,0,57,港商法國興業,2023-11-08,1570
8086,宏捷科,56,0,56,港商法國興業,2023-11-08,1570
2382,廣達,50,0,50,港商法國興業,2023-11-08,1570
3013,晟銘電,46,0,46,港商法國興業,2023-11-08,1570
2330,台積電,41,0,41,港商法國興業,2023-11-08,1570
4128,中天,32,0,32,港商法國興業,2023-11-08,1570
1229,聯華,30,0,30,港商法國興業,2023-11-08,1570
3661,世芯-KY,30,0,30,港商法國興業,2023-11-08,1570
2371,大同,24,0,24,港商法國興業,2023-11-08,1570
1308,亞聚,22,0,22,港商法國興業,2023-11-08,1570
8069,元太,22,0,22,港商法國興業,2023-11-08,1570
2383,台光電,20,0,20,港商法國興業,2023-11-08,1570
1560,中砂,19,0,19,港商法國興業,2023-11-08,1570
1310,台苯,18,0,18,港商法國興業,2023-11-08,1570
3712,永崴投控,18,0,18,港商法國興業,2023-11-08,1570
3711,日月光投控,35,21,14,港商法國興業,2023-11-08,1570
1605,華新,14,0,14,港商法國興業,2023-11-08,1570
5225,東科-KY,14,0,14,港商法國興業,2023-11-08,1570
8916,光隆,14,0,14,港商法國興業,2023-11-08,1570
3005,神基,12,0,12,港商法國興業,2023-11-08,1570
3702,大聯大,12,0,12,港商法國興業,2023-11-08,1570
2617,台航,11,0,11,港商法國興業,2023-11-08,1570
6669,緯穎,10,0,10,港商法國興業,2023-11-08,1570
2615,萬海,9,0,9,港商法國興業,2023-11-08,1570
3078,僑威,8,0,8,港商法國興業,2023-11-08,1570
6278,台表科,8,0,8,港商法國興業,2023-11-08,1570
2002,中鋼,7,0,7,港商法國興業,2023-11-08,1570
1722,台肥,7,0,7,港商法國興業,2023-11-08,1570
2603,長榮,6,0,6,港商法國興業,2023-11-08,1570
2340,台亞,6,0,6,港商法國興業,2023-11-08,1570
4961,天鈺,6,0,6,港商法國興業,2023-11-08,1570
1301,台塑,5,0,5,港商法國興業,2023-11-08,1570
8109,博大,5,0,5,港商法國興業,2023-11-08,1570
1905,華紙,4,0,4,港商法國興業,2023-11-08,1570
2316,楠梓電,4,0,4,港商法國興業,2023-11-08,1570
8924,大田,4,0,4,港商法國興業,2023-11-08,1570
2385,群光,3,0,3,港商法國興業,2023-11-08,1570
3715,定穎投控,3,0,3,港商法國興業,2023-11-08,1570
4979,華星光,3,0,3,港商法國興業,2023-11-08,1570
5522,遠雄,3,0,3,港商法國興業,2023-11-08,1570
2891,中信金,1538,0,1538,港商法國興業,2023-11-09,1570
2317,鴻海,870,0,870,港商法國興業,2023-11-09,1570
2301,光寶科,763,0,763,港商法國興業,2023-11-09,1570
2353,宏��,741,0,741,港商法國興業,2023-11-09,1570
3231,緯創,467,13,454,港商法國興業,2023-11-09,1570
2884,玉山金,427,0,427,港商法國興業,2023-11-09,1570
2360,致茂,346,0,346,港商法國興業,2023-11-09,1570
3715,定穎投控,311,0,311,港商法國興業,2023-11-09,1570
5880,合庫金,289,0,289,港商法國興業,2023-11-09,1570
2323,中環,263,0,263,港商法國興業,2023-11-09,1570
2834,臺企銀,252,0,252,港商法國興業,2023-11-09,1570
5521,工信,246,0,246,港商法國興業,2023-11-09,1570
3706,神達,237,0,237,港商法國興業,2023-11-09,1570
6770,力積電,239,40,199,港商法國興業,2023-11-09,1570
6446,藥華藥,188,0,188,港商法國興業,2023-11-09,1570
2455,全新,187,0,187,港商法國興業,2023-11-09,1570
2369,菱生,174,0,174,港商法國興業,2023-11-09,1570
3324,雙鴻,172,0,172,港商法國興業,2023-11-09,1570
2303,聯電,163,0,163,港商法國興業,2023-11-09,1570
3036,文曄,128,0,128,港商法國興業,2023-11-09,1570
3227,原相,110,0,110,港商法國興業,2023-11-09,1570
2543,皇昌,103,0,103,港商法國興業,2023-11-09,1570
6547,高端疫苗,102,0,102,港商法國興業,2023-11-09,1570
3481,群創,97,0,97,港商法國興業,2023-11-09,1570
2206,三陽工業,95,0,95,港商法國興業,2023-11-09,1570
3374,精材,89,0,89,港商法國興業,2023-11-09,1570
2025,千興,88,0,88,港商法國興業,2023-11-09,1570
6223,旺矽,86,0,86,港商法國興業,2023-11-09,1570
3037,欣興,85,0,85,港商法國興業,2023-11-09,1570
2425,承啟,83,0,83,港商法國興業,2023-11-09,1570
2382,廣達,81,0,81,港商法國興業,2023-11-09,1570
2308,台達電,76,0,76,港商法國興業,2023-11-09,1570
4105,東洋,72,0,72,港商法國興業,2023-11-09,1570
3176,基亞,71,0,71,港商法國興業,2023-11-09,1570
3661,世芯-KY,67,0,67,港商法國興業,2023-11-09,1570
2014,中鴻,64,0,64,港商法國興業,2023-11-09,1570
2451,創見,61,0,61,港商法國興業,2023-11-09,1570
2449,京元電子,55,0,55,港商法國興業,2023-11-09,1570
6415,矽力*-KY,55,0,55,港商法國興業,2023-11-09,1570
8070,長華*,48,0,48,港商法國興業,2023-11-09,1570
2377,微星,46,0,46,港商法國興業,2023-11-09,1570
5439,高技,46,0,46,港商法國興業,2023-11-09,1570
6170,統振,46,0,46,港商法國興業,2023-11-09,1570
3703,欣陸,44,0,44,港商法國興業,2023-11-09,1570
9914,美利達,44,0,44,港商法國興業,2023-11-09,1570
4114,健喬,42,0,42,港商法國興業,2023-11-09,1570
4743,合一,42,0,42,港商法國興業,2023-11-09,1570
6177,達麗,42,0,42,港商法國興業,2023-11-09,1570
6494,九齊,42,0,42,港商法國興業,2023-11-09,1570
4167,松瑞藥,39,0,39,港商法國興業,2023-11-09,1570
2891,中信金,1331,0,1331,港商法國興業,2023-11-10,1570
2353,宏��,968,0,968,港商法國興業,2023-11-10,1570
3044,健鼎,835,0,835,港商法國興業,2023-11-10,1570
8086,宏捷科,533,3,530,港商法國興業,2023-11-10,1570
2368,金像電,401,0,401,港商法國興業,2023-11-10,1570
2317,鴻海,382,0,382,港商法國興業,2023-11-10,1570
2884,玉山金,361,0,361,港商法國興業,2023-11-10,1570
6223,旺矽,349,0,349,港商法國興業,2023-11-10,1570
2890,永豐金,279,0,279,港商法國興業,2023-11-10,1570
3715,定穎投控,273,12,261,港商法國興業,2023-11-10,1570
5880,合庫金,253,0,253,港商法國興業,2023-11-10,1570
2360,致茂,242,0,242,港商法國興業,2023-11-10,1570
2369,菱生,238,0,238,港商法國興業,2023-11-10,1570
3376,新日興,234,0,234,港商法國興業,2023-11-10,1570
6138,茂達,224,0,224,港商法國興業,2023-11-10,1570
5521,工信,221,0,221,港商法國興業,2023-11-10,1570
2313,華通,171,0,171,港商法國興業,2023-11-10,1570
3227,原相,147,0,147,港商法國興業,2023-11-10,1570
2498,宏達電,136,0,136,港商法國興業,2023-11-10,1570
2301,光寶科,134,0,134,港商法國興業,2023-11-10,1570
2618,長榮航,120,0,120,港商法國興業,2023-11-10,1570
2886,兆豐金,120,0,120,港商法國興業,2023-11-10,1570
3017,奇鋐,121,1,120,港商法國興業,2023-11-10,1570
2330,台積電,118,14,104,港商法國興業,2023-11-10,1570
3324,雙鴻,102,0,102,港商法國興業,2023-11-10,1570
3592,瑞鼎,98,0,98,港商法國興業,2023-11-10,1570
1440,南紡,97,0,97,港商法國興業,2023-11-10,1570
6770,力積電,141,56,85,港商法國興業,2023-11-10,1570
3702,大聯大,68,0,68,港商法國興業,2023-11-10,1570
2897,王道銀行,65,0,65,港商法國興業,2023-11-10,1570
9924,福興,61,0,61,港商法國興業,2023-11-10,1570
3034,聯詠,60,0,60,港商法國興業,2023-11-10,1570
3481,群創,59,0,59,港商法國興業,2023-11-10,1570
2603,長榮,57,0,57,港商法國興業,2023-11-10,1570
6216,居易,54,0,54,港商法國興業,2023-11-10,1570
2206,三陽工業,53,0,53,港商法國興業,2023-11-10,1570
2449,京元電子,52,0,52,港商法國興業,2023-11-10,1570
1476,儒鴻,52,0,52,港商法國興業,2023-11-10,1570
2308,台達電,52,0,52,港商法國興業,2023-11-10,1570
6446,藥華藥,50,0,50,港商法國興業,2023-11-10,1570
2023,燁輝,48,0,48,港商法國興業,2023-11-10,1570
1442,名軒,45,0,45,港商法國興業,2023-11-10,1570
2455,全新,45,0,45,港商法國興業,2023-11-10,1570
2345,智邦,44,0,44,港商法國興業,2023-11-10,1570
6438,迅得,44,0,44,港商法國興業,2023-11-10,1570
3530,晶相光,42,0,42,港商法國興業,2023-11-10,1570
6494,九齊,42,0,42,港商法國興業,2023-11-10,1570
2543,皇昌,41,0,41,港商法國興業,2023-11-10,1570
2337,旺宏,37,0,37,港商法國興業,2023-11-10,1570
2439,美律,36,0,36,港商法國興業,2023-11-10,1570
2313,華通,1036,0,1036,港商法國興業,2023-11-13,1570
2891,中信金,908,0,908,港商法國興業,2023-11-13,1570
2607,榮運,495,0,495,港商法國興業,2023-11-13,1570
2353,宏��,439,0,439,港商法國興業,2023-11-13,1570
3044,健鼎,390,0,390,港商法國興業,2023-11-13,1570
2892,第一金,320,0,320,港商法國興業,2023-11-13,1570
8086,宏捷科,241,0,241,港商法國興業,2023-11-13,1570
8110,華東,200,0,200,港商法國興業,2023-11-13,1570
3715,定穎投控,186,0,186,港商法國興業,2023-11-13,1570
6223,旺矽,174,0,174,港商法國興業,2023-11-13,1570
3264,欣銓,162,0,162,港商法國興業,2023-11-13,1570
6138,茂達,134,0,134,港商法國興業,2023-11-13,1570
2409,友達,165,44,121,港商法國興業,2023-11-13,1570
3533,嘉澤,117,0,117,港商法國興業,2023-11-13,1570
2368,金像電,108,0,108,港商法國興業,2023-11-13,1570
2369,菱生,106,0,106,港商法國興業,2023-11-13,1570
3227,原相,106,0,106,港商法國興業,2023-11-13,1570
2630,亞航,104,0,104,港商法國興業,2023-11-13,1570
3481,群創,161,57,104,港商法國興業,2023-11-13,1570
3038,全台,100,0,100,港商法國興業,2023-11-13,1570
2027,大成鋼,98,0,98,港商法國興業,2023-11-13,1570
3078,僑威,83,0,83,港商法國興業,2023-11-13,1570
2002,中鋼,79,0,79,港商法國興業,2023-11-13,1570
2913,農林,79,0,79,港商法國興業,2023-11-13,1570
5521,工信,75,0,75,港商法國興業,2023-11-13,1570
6770,力積電,75,0,75,港商法國興業,2023-11-13,1570
6415,矽力*-KY,73,0,73,港商法國興業,2023-11-13,1570
6695,芯鼎,73,0,73,港商法國興業,2023-11-13,1570
5457,宣德,69,0,69,港商法國興業,2023-11-13,1570
1476,儒鴻,68,0,68,港商法國興業,2023-11-13,1570
1582,信錦,65,0,65,港商法國興業,2023-11-13,1570
2355,敬鵬,64,0,64,港商法國興業,2023-11-13,1570
1402,遠東新,64,0,64,港商法國興業,2023-11-13,1570
2880,華南金,62,0,62,港商法國興業,2023-11-13,1570
9933,中鼎,62,0,62,港商法國興業,2023-11-13,1570
1785,光洋科,61,0,61,港商法國興業,2023-11-13,1570
2449,京元電子,61,0,61,港商法國興業,2023-11-13,1570
3042,晶技,60,0,60,港商法國興業,2023-11-13,1570
6664,群翊,56,0,56,港商法國興業,2023-11-13,1570
6139,亞翔,55,0,55,港商法國興業,2023-11-13,1570
2884,玉山金,53,0,53,港商法國興業,2023-11-13,1570
3028,增你強,52,0,52,港商法國興業,2023-11-13,1570
3711,日月光投控,40,0,40,港商法國興業,2023-11-13,1570
4953,緯軟,40,0,40,港商法國興業,2023-11-13,1570
6585,鼎基,40,0,40,港商法國興業,2023-11-13,1570
8163,達方,38,0,38,港商法國興業,2023-11-13,1570
2206,三陽工業,37,0,37,港商法國興業,2023-11-13,1570
6538,倉和,34,0,34,港商法國興業,2023-11-13,1570
2357,華碩,44,14,30,港商法國興業,2023-11-13,1570
6732,昇佳電子,29,0,29,港商法國興業,2023-11-13,1570
2891,中信金,3780,0,3780,港商法國興業,2023-11-14,1570
2353,宏��,888,0,888,港商法國興業,2023-11-14,1570
8936,國統,670,0,670,港商法國興業,2023-11-14,1570
5880,合庫金,417,0,417,港商法國興業,2023-11-14,1570
3715,定穎投控,324,0,324,港商法國興業,2023-11-14,1570
5388,中磊,324,0,324,港商法國興業,2023-11-14,1570
6138,茂達,235,0,235,港商法國興業,2023-11-14,1570
3044,健鼎,169,0,169,港商法國興業,2023-11-14,1570
3706,神達,167,0,167,港商法國興業,2023-11-14,1570
8086,宏捷科,160,0,160,港商法國興業,2023-11-14,1570
1785,光洋科,110,0,110,港商法國興業,2023-11-14,1570
6770,力積電,105,0,105,港商法國興業,2023-11-14,1570
2603,長榮,102,0,102,港商法國興業,2023-11-14,1570
1449,佳和,96,0,96,港商法國興業,2023-11-14,1570
3702,大聯大,93,0,93,港商法國興業,2023-11-14,1570
2609,陽明,86,0,86,港商法國興業,2023-11-14,1570
8163,達方,74,0,74,港商法國興業,2023-11-14,1570
2308,台達電,71,0,71,港商法國興業,2023-11-14,1570
2337,旺宏,65,0,65,港商法國興業,2023-11-14,1570
3036,文曄,192,128,64,港商法國興業,2023-11-14,1570
2884,玉山金,61,0,61,港商法國興業,2023-11-14,1570
4401,東隆興,55,0,55,港商法國興業,2023-11-14,1570
9927,泰銘,55,0,55,港商法國興業,2023-11-14,1570
2838,聯邦銀,54,0,54,港商法國興業,2023-11-14,1570
2888,新光金,53,0,53,港商法國興業,2023-11-14,1570
2317,鴻海,52,0,52,港商法國興業,2023-11-14,1570
2892,第一金,52,0,52,港商法國興業,2023-11-14,1570
6223,旺矽,50,0,50,港商法國興業,2023-11-14,1570
1584,精剛,47,0,47,港商法國興業,2023-11-14,1570
6279,胡連,47,0,47,港商法國興業,2023-11-14,1570
3545,敦泰,40,0,40,港商法國興業,2023-11-14,1570
2886,兆豐金,38,0,38,港商法國興業,2023-11-14,1570
6494,九齊,36,0,36,港商法國興業,2023-11-14,1570
5871,中租-KY,31,0,31,港商法國興業,2023-11-14,1570
2889,國票金,30,0,30,港商法國興業,2023-11-14,1570
2002,中鋼,29,0,29,港商法國興業,2023-11-14,1570
1402,遠東新,24,0,24,港商法國興業,2023-11-14,1570
5876,上海商銀,24,0,24,港商法國興業,2023-11-14,1570
6538,倉和,24,0,24,港商法國興業,2023-11-14,1570
1216,統一,21,0,21,港商法國興業,2023-11-14,1570
2439,美律,21,0,21,港商法國興業,2023-11-14,1570
3530,晶相光,21,0,21,港商法國興業,2023-11-14,1570
3587,閎康,21,0,21,港商法國興業,2023-11-14,1570
2363,矽統,20,0,20,港商法國興業,2023-11-14,1570
3005,神基,20,0,20,港商法國興業,2023-11-14,1570
6683,雍智科技,19,0,19,港商法國興業,2023-11-14,1570
1608,華榮,18,0,18,港商法國興業,2023-11-14,1570
6505,台塑化,18,0,18,港商法國興業,2023-11-14,1570
2392,正崴,17,0,17,港商法國興業,2023-11-14,1570
2387,精元,17,0,17,港商法國興業,2023-11-14,1570
3711,日月光投控,1276,0,1276,港商法國興業,2023-11-15,1570
2888,新光金,1127,0,1127,港商法國興業,2023-11-15,1570
2317,鴻海,1065,80,985,港商法國興業,2023-11-15,1570
3276,宇環,737,0,737,港商法國興業,2023-11-15,1570
3545,敦泰,689,0,689,港商法國興業,2023-11-15,1570
2891,中信金,603,0,603,港商法國興業,2023-11-15,1570
8936,國統,585,0,585,港商法國興業,2023-11-15,1570
2883,凱基金,492,0,492,港商法國興業,2023-11-15,1570
3706,神達,424,0,424,港商法國興業,2023-11-15,1570
3702,大聯大,357,0,357,港商法國興業,2023-11-15,1570
1513,中興電,258,0,258,港商法國興業,2023-11-15,1570
1449,佳和,242,0,242,港商法國興業,2023-11-15,1570
2630,亞航,233,0,233,港商法國興業,2023-11-15,1570
6104,創惟,232,0,232,港商法國興業,2023-11-15,1570
2890,永豐金,263,33,230,港商法國興業,2023-11-15,1570
1802,台玻,226,0,226,港商法國興業,2023-11-15,1570
2382,廣達,245,31,214,港商法國興業,2023-11-15,1570
6138,茂達,211,0,211,港商法國興業,2023-11-15,1570
2356,英業達,196,0,196,港商法國興業,2023-11-15,1570
3715,定穎投控,191,0,191,港商法國興業,2023-11-15,1570
8086,宏捷科,177,0,177,港商法國興業,2023-11-15,1570
2458,義隆,158,0,158,港商法國興業,2023-11-15,1570
1102,亞泥,148,0,148,港商法國興業,2023-11-15,1570
2812,台中銀,143,0,143,港商法國興業,2023-11-15,1570
3042,晶技,131,0,131,港商法國興業,2023-11-15,1570
3227,原相,131,0,131,港商法國興業,2023-11-15,1570
5347,世界,130,0,130,港商法國興業,2023-11-15,1570
6770,力積電,125,0,125,港商法國興業,2023-11-15,1570
2913,農林,123,0,123,港商法國興業,2023-11-15,1570
6243,迅杰,120,0,120,港商法國興業,2023-11-15,1570
4401,東隆興,106,0,106,港商法國興業,2023-11-15,1570
1314,中石化,100,0,100,港商法國興業,2023-11-15,1570
8927,北基,99,0,99,港商法國興業,2023-11-15,1570
2401,凌陽,86,0,86,港商法國興業,2023-11-15,1570
2330,台積電,80,0,80,港商法國興業,2023-11-15,1570
6290,良維,78,0,78,港商法國興業,2023-11-15,1570
4129,聯合,73,0,73,港商法國興業,2023-11-15,1570
6187,萬潤,72,0,72,港商法國興業,2023-11-15,1570
1515,力山,71,0,71,港商法國興業,2023-11-15,1570
6494,九齊,69,0,69,港商法國興業,2023-11-15,1570
1326,台化,62,0,62,港商法國興業,2023-11-15,1570
2601,益航,61,0,61,港商法國興業,2023-11-15,1570
2376,技嘉,59,0,59,港商法國興業,2023-11-15,1570
6505,台塑化,55,0,55,港商法國興業,2023-11-15,1570
4306,炎洲,52,0,52,港商法國興業,2023-11-15,1570
2345,智邦,47,0,47,港商法國興業,2023-11-15,1570
3036,文曄,44,0,44,港商法國興業,2023-11-15,1570
5880,合庫金,44,0,44,港商法國興業,2023-11-15,1570
2344,華邦電,42,0,42,港商法國興業,2023-11-15,1570
2353,宏��,42,0,42,港商法國興業,2023-11-15,1570
2884,玉山金,2076,0,2076,港商法國興業,2023-11-16,1570
2618,長榮航,941,0,941,港商法國興業,2023-11-16,1570
2303,聯電,533,11,522,港商法國興業,2023-11-16,1570
4904,遠傳,512,0,512,港商法國興業,2023-11-16,1570
2356,英業達,433,0,433,港商法國興業,2023-11-16,1570
3545,敦泰,404,0,404,港商法國興業,2023-11-16,1570
2891,中信金,340,0,340,港商法國興業,2023-11-16,1570
2890,永豐金,337,26,311,港商法國興業,2023-11-16,1570
2330,台積電,283,0,283,港商法國興業,2023-11-16,1570
2606,裕民,270,0,270,港商法國興業,2023-11-16,1570
4938,和碩,224,0,224,港商法國興業,2023-11-16,1570
2883,凱基金,397,185,212,港商法國興業,2023-11-16,1570
2385,群光,178,0,178,港商法國興業,2023-11-16,1570
3481,群創,175,0,175,港商法國興業,2023-11-16,1570
6104,創惟,154,0,154,港商法國興業,2023-11-16,1570
2888,新光金,145,0,145,港商法國興業,2023-11-16,1570
2881,富邦金,186,46,140,港商法國興業,2023-11-16,1570
2317,鴻海,138,0,138,港商法國興業,2023-11-16,1570
2002,中鋼,131,0,131,港商法國興業,2023-11-16,1570
1402,遠東新,128,0,128,港商法國興業,2023-11-16,1570
2886,兆豐金,125,0,125,港商法國興業,2023-11-16,1570
2887,台新金,124,0,124,港商法國興業,2023-11-16,1570
2892,第一金,121,0,121,港商法國興業,2023-11-16,1570
2885,元大金,112,0,112,港商法國興業,2023-11-16,1570
8086,宏捷科,108,0,108,港商法國興業,2023-11-16,1570
2882,國泰金,106,0,106,港商法國興業,2023-11-16,1570
1314,中石化,100,0,100,港商法國興業,2023-11-16,1570
2880,華南金,98,0,98,港商法國興業,2023-11-16,1570
2351,順德,89,0,89,港商法國興業,2023-11-16,1570
6770,力積電,89,0,89,港商法國興業,2023-11-16,1570
2409,友達,72,0,72,港商法國興業,2023-11-16,1570
1101,台泥,71,0,71,港商法國興業,2023-11-16,1570
5871,中租-KY,71,0,71,港商法國興業,2023-11-16,1570
2834,臺企銀,68,0,68,港商法國興業,2023-11-16,1570
1785,光洋科,66,0,66,港商法國興業,2023-11-16,1570
2801,彰銀,60,0,60,港商法國興業,2023-11-16,1570
2458,義隆,59,0,59,港商法國興業,2023-11-16,1570
6279,胡連,59,0,59,港商法國興業,2023-11-16,1570
9921,巨大,61,4,57,港商法國興業,2023-11-16,1570
2020,美亞,55,0,55,港商法國興業,2023-11-16,1570
1216,統一,53,0,53,港商法國興業,2023-11-16,1570
2337,旺宏,52,0,52,港商法國興業,2023-11-16,1570
1303,南亞,52,0,52,港商法國興業,2023-11-16,1570
1609,大亞,50,0,50,港商法國興業,2023-11-16,1570
1326,台化,49,0,49,港商法國興業,2023-11-16,1570
2353,宏��,92,44,48,港商法國興業,2023-11-16,1570
2498,宏達電,47,0,47,港商法國興業,2023-11-16,1570
3702,大聯大,46,0,46,港商法國興業,2023-11-16,1570
1802,台玻,45,0,45,港商法國興業,2023-11-16,1570
1301,台塑,44,0,44,港商法國興業,2023-11-16,1570
0050,元大台灣50,7000,0,7000,港商法國興業,2023-11-17,1570
2891,中信金,1404,13,1391,港商法國興業,2023-11-17,1570
6531,愛普*,177,0,177,港商法國興業,2023-11-17,1570
2892,第一金,160,0,160,港商法國興業,2023-11-17,1570
2356,英業達,159,0,159,港商法國興業,2023-11-17,1570
1785,光洋科,141,0,141,港商法國興業,2023-11-17,1570
2883,凱基金,132,0,132,港商法國興業,2023-11-17,1570
2633,台灣高鐵,98,0,98,港商法國興業,2023-11-17,1570
3450,聯鈞,88,0,88,港商法國興業,2023-11-17,1570
2204,中華,86,0,86,港商法國興業,2023-11-17,1570
2337,旺宏,75,0,75,港商法國興業,2023-11-17,1570
2884,玉山金,73,0,73,港商法國興業,2023-11-17,1570
2606,裕民,66,0,66,港商法國興業,2023-11-17,1570
6770,力積電,60,0,60,港商法國興業,2023-11-17,1570
3576,聯合再生,58,0,58,港商法國興業,2023-11-17,1570
8069,元太,58,0,58,港商法國興業,2023-11-17,1570
2317,鴻海,56,0,56,港商法國興業,2023-11-17,1570
2605,新興,52,0,52,港商法國興業,2023-11-17,1570
2913,農林,51,0,51,港商法國興業,2023-11-17,1570
3037,欣興,51,0,51,港商法國興業,2023-11-17,1570
2106,建大,42,0,42,港商法國興業,2023-11-17,1570
3189,景碩,41,0,41,港商法國興業,2023-11-17,1570
2511,太子,37,0,37,港商法國興業,2023-11-17,1570
8086,宏捷科,37,0,37,港商法國興業,2023-11-17,1570
2603,長榮,35,0,35,港商法國興業,2023-11-17,1570
1802,台玻,33,0,33,港商法國興業,2023-11-17,1570
1402,遠東新,29,0,29,港商法國興業,2023-11-17,1570
3529,力旺,31,2,29,港商法國興業,2023-11-17,1570
2609,陽明,26,0,26,港商法國興業,2023-11-17,1570
8112,至上,24,0,24,港商法國興業,2023-11-17,1570
2412,中華電,23,0,23,港商法國興業,2023-11-17,1570
4904,遠傳,23,0,23,港商法國興業,2023-11-17,1570
6290,良維,23,0,23,港商法國興業,2023-11-17,1570
1451,年興,21,0,21,港商法國興業,2023-11-17,1570
3045,台灣大,27,6,21,港商法國興業,2023-11-17,1570
2387,精元,20,0,20,港商法國興業,2023-11-17,1570
2330,台積電,51,31,20,港商法國興業,2023-11-17,1570
3019,亞光,20,0,20,港商法國興業,2023-11-17,1570
8070,長華*,19,0,19,港商法國興業,2023-11-17,1570
6214,精誠,18,0,18,港商法國興業,2023-11-17,1570
3680,家登,17,0,17,港商法國興業,2023-11-17,1570
3481,群創,15,0,15,港商法國興業,2023-11-17,1570
3587,閎康,15,0,15,港商法國興業,2023-11-17,1570
3702,大聯大,15,0,15,港商法國興業,2023-11-17,1570
5225,東科-KY,15,0,15,港商法國興業,2023-11-17,1570
1216,統一,31,17,14,港商法國興業,2023-11-17,1570
8044,網家,14,0,14,港商法國興業,2023-11-17,1570
1319,東陽,13,0,13,港商法國興業,2023-11-17,1570
1522,堤維西,13,0,13,港商法國興業,2023-11-17,1570
8255,朋程,13,0,13,港商法國興業,2023-11-17,1570
0050,元大台灣50,2000,0,2000,港商法國興業,2023-11-20,1570
2884,玉山金,502,7,495,港商法國興業,2023-11-20,1570
2888,新光金,461,0,461,港商法國興業,2023-11-20,1570
2330,台積電,384,0,384,港商法國興業,2023-11-20,1570
2891,中信金,366,0,366,港商法國興業,2023-11-20,1570
2882,國泰金,333,4,329,港商法國興業,2023-11-20,1570
1605,華新,250,0,250,港商法國興業,2023-11-20,1570
2883,凱基金,246,0,246,港商法國興業,2023-11-20,1570
1101,台泥,199,0,199,港商法國興業,2023-11-20,1570
2303,聯電,197,0,197,港商法國興業,2023-11-20,1570
2317,鴻海,192,0,192,港商法國興業,2023-11-20,1570
2890,永豐金,186,0,186,港商法國興業,2023-11-20,1570
2886,兆豐金,185,0,185,港商法國興業,2023-11-20,1570
2002,中鋼,181,0,181,港商法國興業,2023-11-20,1570
2892,第一金,167,0,167,港商法國興業,2023-11-20,1570
2885,元大金,156,0,156,港商法國興業,2023-11-20,1570
2880,華南金,147,0,147,港商法國興業,2023-11-20,1570
5880,合庫金,158,14,144,港商法國興業,2023-11-20,1570
2881,富邦金,144,0,144,港商法國興業,2023-11-20,1570
3481,群創,132,0,132,港商法國興業,2023-11-20,1570
2887,台新金,173,42,131,港商法國興業,2023-11-20,1570
1326,台化,126,11,115,港商法國興業,2023-11-20,1570
1785,光洋科,104,0,104,港商法國興業,2023-11-20,1570
2409,友達,100,0,100,港商法國興業,2023-11-20,1570
2834,臺企銀,95,0,95,港商法國興業,2023-11-20,1570
3702,大聯大,90,0,90,港商法國興業,2023-11-20,1570
1303,南亞,85,0,85,港商法國興業,2023-11-20,1570
2801,彰銀,83,0,83,港商法國興業,2023-11-20,1570
4904,遠傳,80,0,80,港商法國興業,2023-11-20,1570
2324,仁寶,78,0,78,港商法國興業,2023-11-20,1570
1301,台塑,72,0,72,港商法國興業,2023-11-20,1570
2618,長榮航,68,0,68,港商法國興業,2023-11-20,1570
1216,統一,79,19,60,港商法國興業,2023-11-20,1570
1210,大成,60,0,60,港商法國興業,2023-11-20,1570
2347,聯強,60,0,60,港商法國興業,2023-11-20,1570
5876,上海商銀,60,0,60,港商法國興業,2023-11-20,1570
2609,陽明,59,0,59,港商法國興業,2023-11-20,1570
2412,中華電,58,0,58,港商法國興業,2023-11-20,1570
5871,中租-KY,56,0,56,港商法國興業,2023-11-20,1570
2454,聯發科,58,5,53,港商法國興業,2023-11-20,1570
1907,永豐餘,51,0,51,港商法國興業,2023-11-20,1570
2606,裕民,49,0,49,港商法國興業,2023-11-20,1570
3711,日月光投控,49,0,49,港商法國興業,2023-11-20,1570
2344,華邦電,47,0,47,港商法國興業,2023-11-20,1570
6770,力積電,47,0,47,港商法國興業,2023-11-20,1570
2323,中環,46,0,46,港商法國興業,2023-11-20,1570
2367,燿華,46,0,46,港商法國興業,2023-11-20,1570
1402,遠東新,45,0,45,港商法國興業,2023-11-20,1570
2610,華航,44,0,44,港商法國興業,2023-11-20,1570
3231,緯創,51,7,44,港商法國興業,2023-11-20,1570
0050,元大台灣50,5000,0,5000,港商法國興業,2023-11-21,1570
2330,台積電,453,26,427,港商法國興業,2023-11-21,1570
2884,玉山金,408,0,408,港商法國興業,2023-11-21,1570
1605,華新,329,0,329,港商法國興業,2023-11-21,1570
2883,凱基金,294,0,294,港商法國興業,2023-11-21,1570
2888,新光金,275,0,275,港商法國興業,2023-11-21,1570
2002,中鋼,235,0,235,港商法國興業,2023-11-21,1570
2303,聯電,207,0,207,港商法國興業,2023-11-21,1570
2886,兆豐金,206,0,206,港商法國興業,2023-11-21,1570
2887,台新金,204,0,204,港商法國興業,2023-11-21,1570
2891,中信金,321,122,199,港商法國興業,2023-11-21,1570
2890,永豐金,190,0,190,港商法國興業,2023-11-21,1570
5880,合庫金,187,0,187,港商法國興業,2023-11-21,1570
3481,群創,181,0,181,港商法國興業,2023-11-21,1570
2885,元大金,181,1,180,港商法國興業,2023-11-21,1570
2356,英業達,167,0,167,港商法國興業,2023-11-21,1570
1402,遠東新,162,0,162,港商法國興業,2023-11-21,1570
2881,富邦金,163,4,159,港商法國興業,2023-11-21,1570
2882,國泰金,175,31,144,港商法國興業,2023-11-21,1570
2409,友達,137,0,137,港商法國興業,2023-11-21,1570
2834,臺企銀,129,0,129,港商法國興業,2023-11-21,1570
1101,台泥,119,0,119,港商法國興業,2023-11-21,1570
2609,陽明,109,0,109,港商法國興業,2023-11-21,1570
6104,創惟,93,0,93,港商法國興業,2023-11-21,1570
2801,彰銀,96,3,93,港商法國興業,2023-11-21,1570
1303,南亞,89,0,89,港商法國興業,2023-11-21,1570
2324,仁寶,88,0,88,港商法國興業,2023-11-21,1570
4904,遠傳,79,0,79,港商法國興業,2023-11-21,1570
3059,華晶科,77,0,77,港商法國興業,2023-11-21,1570
2412,中華電,71,0,71,港商法國興業,2023-11-21,1570
1301,台塑,70,0,70,港商法國興業,2023-11-21,1570
5876,上海商銀,70,0,70,港商法國興業,2023-11-21,1570
1326,台化,64,0,64,港商法國興業,2023-11-21,1570
2344,華邦電,64,0,64,港商法國興業,2023-11-21,1570
6285,啟��,64,0,64,港商法國興業,2023-11-21,1570
6770,力積電,63,0,63,港商法國興業,2023-11-21,1570
2353,宏��,60,0,60,港商法國興業,2023-11-21,1570
2610,華航,60,0,60,港商法國興業,2023-11-21,1570
2618,長榮航,53,0,53,港商法國興業,2023-11-21,1570
2382,廣達,50,0,50,港商法國興業,2023-11-21,1570
1102,亞泥,48,0,48,港商法國興業,2023-11-21,1570
8086,宏捷科,48,0,48,港商法國興業,2023-11-21,1570
9904,寶成,46,0,46,港商法國興業,2023-11-21,1570
3711,日月光投控,55,10,45,港商法國興業,2023-11-21,1570
2312,金寶,44,0,44,港商法國興業,2023-11-21,1570
6005,群益證,44,0,44,港商法國興業,2023-11-21,1570
2105,正新,41,0,41,港商法國興業,2023-11-21,1570
2633,台灣高鐵,41,0,41,港商法國興業,2023-11-21,1570
5457,宣德,41,0,41,港商法國興業,2023-11-21,1570
2301,光寶科,36,0,36,港商法國興業,2023-11-21,1570
2317,鴻海,600,3,597,港商法國興業,2023-11-22,1570
0050,元大台灣50,500,0,500,港商法國興業,2023-11-22,1570
2881,富邦金,323,43,280,港商法國興業,2023-11-22,1570
2330,台積電,247,71,176,港商法國興業,2023-11-22,1570
2206,三陽工業,79,0,79,港商法國興業,2023-11-22,1570
2606,裕民,76,0,76,港商法國興業,2023-11-22,1570
1303,南亞,74,6,68,港商法國興業,2023-11-22,1570
6770,力積電,63,0,63,港商法國興業,2023-11-22,1570
1560,中砂,60,0,60,港商法國興業,2023-11-22,1570
2383,台光電,53,0,53,港商法國興業,2023-11-22,1570
1314,中石化,50,0,50,港商法國興業,2023-11-22,1570
2313,華通,50,0,50,港商法國興業,2023-11-22,1570
2340,台亞,47,0,47,港商法國興業,2023-11-22,1570
2888,新光金,46,0,46,港商法國興業,2023-11-22,1570
2376,技嘉,42,0,42,港商法國興業,2023-11-22,1570
8069,元太,42,0,42,港商法國興業,2023-11-22,1570
2454,聯發科,45,4,41,港商法國興業,2023-11-22,1570
1526,日馳,34,0,34,港商法國興業,2023-11-22,1570
9904,寶成,32,0,32,港商法國興業,2023-11-22,1570
1795,美時,31,0,31,港商法國興業,2023-11-22,1570
3481,群創,30,0,30,港商法國興業,2023-11-22,1570
2409,友達,23,0,23,港商法國興業,2023-11-22,1570
2834,臺企銀,22,0,22,港商法國興業,2023-11-22,1570
6278,台表科,22,0,22,港商法國興業,2023-11-22,1570
2303,聯電,25,7,18,港商法國興業,2023-11-22,1570
2387,精元,16,0,16,港商法國興業,2023-11-22,1570
2645,長榮航太,16,0,16,港商法國興業,2023-11-22,1570
6446,藥華藥,16,0,16,港商法國興業,2023-11-22,1570
2603,長榮,15,0,15,港商法國興業,2023-11-22,1570
5225,東科-KY,13,0,13,港商法國興業,2023-11-22,1570
2344,華邦電,11,0,11,港商法國興業,2023-11-22,1570
2332,友訊,11,0,11,港商法國興業,2023-11-22,1570
4919,新唐,11,0,11,港商法國興業,2023-11-22,1570
1605,華新,10,0,10,港商法國興業,2023-11-22,1570
1402,遠東新,10,0,10,港商法國興業,2023-11-22,1570
2342,茂矽,10,0,10,港商法國興業,2023-11-22,1570
2353,宏��,10,0,10,港商法國興業,2023-11-22,1570
2347,聯強,10,0,10,港商法國興業,2023-11-22,1570
2610,華航,10,0,10,港商法國興業,2023-11-22,1570
3006,晶豪科,10,0,10,港商法國興業,2023-11-22,1570
2356,英業達,9,0,9,港商法國興業,2023-11-22,1570
1326,台化,10,1,9,港商法國興業,2023-11-22,1570
2618,長榮航,9,0,9,港商法國興業,2023-11-22,1570
6271,同欣電,9,0,9,港商法國興業,2023-11-22,1570
6290,良維,9,0,9,港商法國興業,2023-11-22,1570
1102,亞泥,8,0,8,港商法國興業,2023-11-22,1570
1522,堤維西,8,0,8,港商法國興業,2023-11-22,1570
3022,威強電,8,0,8,港商法國興業,2023-11-22,1570
2105,正新,7,0,7,港商法國興業,2023-11-22,1570
2633,台灣高鐵,7,0,7,港商法國興業,2023-11-22,1570
2353,宏��,760,0,760,港商法國興業,2023-11-23,1570
2884,玉山金,765,89,676,港商法國興業,2023-11-23,1570
2609,陽明,156,0,156,港商法國興業,2023-11-23,1570
3702,大聯大,126,0,126,港商法國興業,2023-11-23,1570
2317,鴻海,93,0,93,港商法國興業,2023-11-23,1570
2206,三陽工業,79,0,79,港商法國興業,2023-11-23,1570
8069,元太,69,0,69,港商法國興業,2023-11-23,1570
2436,偉詮電,62,0,62,港商法國興業,2023-11-23,1570
2412,中華電,48,0,48,港商法國興業,2023-11-23,1570
9910,豐泰,47,0,47,港商法國興業,2023-11-23,1570
3483,力致,38,0,38,港商法國興業,2023-11-23,1570
2601,益航,29,0,29,港商法國興業,2023-11-23,1570
2303,聯電,28,0,28,港商法國興業,2023-11-23,1570
2891,中信金,28,0,28,港商法國興業,2023-11-23,1570
2801,彰銀,27,0,27,港商法國興業,2023-11-23,1570
2342,茂矽,27,0,27,港商法國興業,2023-11-23,1570
2023,燁輝,26,0,26,港商法國興業,2023-11-23,1570
1101,台泥,25,0,25,港商法國興業,2023-11-23,1570
2330,台積電,55,30,25,港商法國興業,2023-11-23,1570
2363,矽統,24,0,24,港商法國興業,2023-11-23,1570
5225,東科-KY,20,0,20,港商法國興業,2023-11-23,1570
2002,中鋼,19,0,19,港商法國興業,2023-11-23,1570
2880,華南金,19,0,19,港商法國興業,2023-11-23,1570
2637,慧洋-KY,16,0,16,港商法國興業,2023-11-23,1570
2633,台灣高鐵,16,0,16,港商法國興業,2023-11-23,1570
2387,精元,16,0,16,港商法國興業,2023-11-23,1570
2892,第一金,15,0,15,港商法國興業,2023-11-23,1570
3162,精確,15,0,15,港商法國興業,2023-11-23,1570
3711,日月光投控,14,0,14,港商法國興業,2023-11-23,1570
5347,世界,16,2,14,港商法國興業,2023-11-23,1570
3059,華晶科,13,0,13,港商法國興業,2023-11-23,1570
6290,良維,13,0,13,港商法國興業,2023-11-23,1570
9938,百和,13,0,13,港商法國興業,2023-11-23,1570
2886,兆豐金,12,0,12,港商法國興業,2023-11-23,1570
1522,堤維西,11,0,11,港商法國興業,2023-11-23,1570
1102,亞泥,11,0,11,港商法國興業,2023-11-23,1570
8110,華東,11,0,11,港商法國興業,2023-11-23,1570
2606,裕民,10,0,10,港商法國興業,2023-11-23,1570
5388,中磊,10,0,10,港商法國興業,2023-11-23,1570
1326,台化,9,0,9,港商法國興業,2023-11-23,1570
1229,聯華,8,0,8,港商法國興業,2023-11-23,1570
3078,僑威,8,0,8,港商法國興業,2023-11-23,1570
3037,欣興,7,0,7,港商法國興業,2023-11-23,1570
2377,微星,6,0,6,港商法國興業,2023-11-23,1570
2881,富邦金,7,1,6,港商法國興業,2023-11-23,1570
1907,永豐餘,5,0,5,港商法國興業,2023-11-23,1570
2301,光寶科,5,0,5,港商法國興業,2023-11-23,1570
3045,台灣大,5,0,5,港商法國興業,2023-11-23,1570
4114,健喬,5,0,5,港商法國興業,2023-11-23,1570
4961,天鈺,5,0,5,港商法國興業,2023-11-23,1570
2317,鴻海,311,0,311,港商法國興業,2023-11-24,1570
2353,宏��,299,0,299,港商法國興業,2023-11-24,1570
2888,新光金,288,0,288,港商法國興業,2023-11-24,1570
2883,凱基金,256,0,256,港商法國興業,2023-11-24,1570
1513,中興電,255,0,255,港商法國興業,2023-11-24,1570
2340,台亞,196,0,196,港商法國興業,2023-11-24,1570
2887,台新金,188,0,188,港商法國興業,2023-11-24,1570
2891,中信金,191,3,188,港商法國興業,2023-11-24,1570
2886,兆豐金,169,0,169,港商法國興業,2023-11-24,1570
2882,國泰金,157,0,157,港商法國興業,2023-11-24,1570
2892,第一金,161,6,155,港商法國興業,2023-11-24,1570
2880,華南金,148,0,148,港商法國興業,2023-11-24,1570
5880,合庫金,145,0,145,港商法國興業,2023-11-24,1570
2303,聯電,144,0,144,港商法國興業,2023-11-24,1570
2002,中鋼,142,0,142,港商法國興業,2023-11-24,1570
2885,元大金,130,3,127,港商法國興業,2023-11-24,1570
1101,台泥,125,0,125,港商法國興業,2023-11-24,1570
6278,台表科,124,0,124,港商法國興業,2023-11-24,1570
2409,友達,120,0,120,港商法國興業,2023-11-24,1570
2890,永豐金,109,0,109,港商法國興業,2023-11-24,1570
2609,陽明,94,0,94,港商法國興業,2023-11-24,1570
5876,上海商銀,89,0,89,港商法國興業,2023-11-24,1570
2356,英業達,82,0,82,港商法國興業,2023-11-24,1570
2330,台積電,79,0,79,港商法國興業,2023-11-24,1570
6770,力積電,72,0,72,港商法國興業,2023-11-24,1570
2801,彰銀,70,0,70,港商法國興業,2023-11-24,1570
2881,富邦金,73,5,68,港商法國興業,2023-11-24,1570
1303,南亞,64,0,64,港商法國興業,2023-11-24,1570
2610,華航,63,0,63,港商法國興業,2023-11-24,1570
9904,寶成,59,0,59,港商法國興業,2023-11-24,1570
2458,義隆,58,0,58,港商法國興業,2023-11-24,1570
1326,台化,54,0,54,港商法國興業,2023-11-24,1570
3481,群創,59,6,53,港商法國興業,2023-11-24,1570
2371,大同,52,0,52,港商法國興業,2023-11-24,1570
8069,元太,52,0,52,港商法國興業,2023-11-24,1570
2633,台灣高鐵,51,0,51,港商法國興業,2023-11-24,1570
1504,東元,48,0,48,港商法國興業,2023-11-24,1570
1605,華新,47,0,47,港商法國興業,2023-11-24,1570
2206,三陽工業,46,0,46,港商法國興業,2023-11-24,1570
3231,緯創,48,2,46,港商法國興業,2023-11-24,1570
2324,仁寶,45,0,45,港商法國興業,2023-11-24,1570
1301,台塑,45,0,45,港商法國興業,2023-11-24,1570
2382,廣達,58,14,44,港商法國興業,2023-11-24,1570
1216,統一,43,0,43,港商法國興業,2023-11-24,1570
2618,長榮航,42,0,42,港商法國興業,2023-11-24,1570
3189,景碩,41,0,41,港商法國興業,2023-11-24,1570
4743,合一,40,0,40,港商法國興業,2023-11-24,1570
9945,潤泰新,39,0,39,港商法國興業,2023-11-24,1570
2308,台達電,38,1,37,港商法國興業,2023-11-24,1570
2393,億光,42,7,35,港商法國興業,2023-11-24,1570
2637,慧洋-KY,218,0,218,港商法國興業,2023-11-27,1570
2885,元大金,205,0,205,港商法國興業,2023-11-27,1570
2891,中信金,186,5,181,港商法國興業,2023-11-27,1570
2002,中鋼,170,0,170,港商法國興業,2023-11-27,1570
2303,聯電,189,32,157,港商法國興業,2023-11-27,1570
2883,凱基金,155,0,155,港商法國興業,2023-11-27,1570
2886,兆豐金,153,0,153,港商法國興業,2023-11-27,1570
2889,國票金,147,0,147,港商法國興業,2023-11-27,1570
2882,國泰金,139,0,139,港商法國興業,2023-11-27,1570
2867,三商壽,138,0,138,港商法國興業,2023-11-27,1570
2880,華南金,133,0,133,港商法國興業,2023-11-27,1570
2887,台新金,123,0,123,港商法國興業,2023-11-27,1570
2890,永豐金,97,0,97,港商法國興業,2023-11-27,1570
2834,臺企銀,101,19,82,港商法國興業,2023-11-27,1570
2888,新光金,144,65,79,港商法國興業,2023-11-27,1570
2201,裕隆,75,0,75,港商法國興業,2023-11-27,1570
4306,炎洲,74,0,74,港商法國興業,2023-11-27,1570
1434,福懋,64,0,64,港商法國興業,2023-11-27,1570
5876,上海商銀,57,0,57,港商法國興業,2023-11-27,1570
2353,宏��,57,8,49,港商法國興業,2023-11-27,1570
1326,台化,49,0,49,港商法國興業,2023-11-27,1570
1101,台泥,46,0,46,港商法國興業,2023-11-27,1570
2313,華通,45,0,45,港商法國興業,2023-11-27,1570
2317,鴻海,108,65,43,港商法國興業,2023-11-27,1570
2603,長榮,42,0,42,港商法國興業,2023-11-27,1570
1402,遠東新,76,35,41,港商法國興業,2023-11-27,1570
3189,景碩,41,0,41,港商法國興業,2023-11-27,1570
1301,台塑,40,0,40,港商法國興業,2023-11-27,1570
2633,台灣高鐵,44,5,39,港商法國興業,2023-11-27,1570
4904,遠傳,36,0,36,港商法國興業,2023-11-27,1570
8111,立��,36,0,36,港商法國興業,2023-11-27,1570
1102,亞泥,46,11,35,港商法國興業,2023-11-27,1570
5347,世界,34,0,34,港商法國興業,2023-11-27,1570
2382,廣達,36,4,32,港商法國興業,2023-11-27,1570
9904,寶成,42,11,31,港商法國興業,2023-11-27,1570
2485,兆赫,30,0,30,港商法國興業,2023-11-27,1570
1460,宏遠,29,0,29,港商法國興業,2023-11-27,1570
2387,精元,29,0,29,港商法國興業,2023-11-27,1570
1504,東元,28,0,28,港商法國興業,2023-11-27,1570
4938,和碩,27,0,27,港商法國興業,2023-11-27,1570
6558,興能高,27,0,27,港商法國興業,2023-11-27,1570
2324,仁寶,46,21,25,港商法國興業,2023-11-27,1570
2612,中航,25,0,25,港商法國興業,2023-11-27,1570
6179,亞通,25,0,25,港商法國興業,2023-11-27,1570
9945,潤泰新,29,5,24,港商法國興業,2023-11-27,1570
2618,長榮航,34,11,23,港商法國興業,2023-11-27,1570
3037,欣興,23,0,23,港商法國興業,2023-11-27,1570
6278,台表科,23,0,23,港商法國興業,2023-11-27,1570
5225,東科-KY,21,0,21,港商法國興業,2023-11-27,1570
1219,福壽,20,0,20,港商法國興業,2023-11-27,1570
2891,中信金,967,1,966,港商法國興業,2023-11-28,1570
2890,永豐金,512,0,512,港商法國興業,2023-11-28,1570
2609,陽明,473,0,473,港商法國興業,2023-11-28,1570
2885,元大金,365,0,365,港商法國興業,2023-11-28,1570
1216,統一,429,95,334,港商法國興業,2023-11-28,1570
2330,台積電,369,40,329,港商法國興業,2023-11-28,1570
2887,台新金,284,0,284,港商法國興業,2023-11-28,1570
5876,上海商銀,290,6,284,港商法國興業,2023-11-28,1570
2884,玉山金,273,6,267,港商法國興業,2023-11-28,1570
2618,長榮航,264,0,264,港商法國興業,2023-11-28,1570
5880,合庫金,244,0,244,港商法國興業,2023-11-28,1570
2409,友達,263,31,232,港商法國興業,2023-11-28,1570
2886,兆豐金,228,0,228,港商法國興業,2023-11-28,1570
2801,彰銀,221,0,221,港商法國興業,2023-11-28,1570
2317,鴻海,213,30,183,港商法國興業,2023-11-28,1570
6235,華孚,181,0,181,港商法國興業,2023-11-28,1570
2892,第一金,203,40,163,港商法國興業,2023-11-28,1570
2881,富邦金,156,8,148,港商法國興業,2023-11-28,1570
2888,新光金,137,0,137,港商法國興業,2023-11-28,1570
1444,力麗,124,0,124,港商法國興業,2023-11-28,1570
2382,廣達,119,0,119,港商法國興業,2023-11-28,1570
2412,中華電,119,0,119,港商法國興業,2023-11-28,1570
1326,台化,117,0,117,港商法國興業,2023-11-28,1570
3711,日月光投控,116,0,116,港商法國興業,2023-11-28,1570
2883,凱基金,129,14,115,港商法國興業,2023-11-28,1570
2303,聯電,117,5,112,港商法國興業,2023-11-28,1570
1102,亞泥,104,0,104,港商法國興業,2023-11-28,1570
3702,大聯大,104,0,104,港商法國興業,2023-11-28,1570
2002,中鋼,140,38,102,港商法國興業,2023-11-28,1570
1101,台泥,102,0,102,港商法國興業,2023-11-28,1570
1301,台塑,100,0,100,港商法國興業,2023-11-28,1570
3045,台灣大,98,0,98,港商法國興業,2023-11-28,1570
2880,華南金,97,0,97,港商法國興業,2023-11-28,1570
9904,寶成,95,0,95,港商法國興業,2023-11-28,1570
2105,正新,90,0,90,港商法國興業,2023-11-28,1570
6770,力積電,90,0,90,港商法國興業,2023-11-28,1570
1303,南亞,80,0,80,港商法國興業,2023-11-28,1570
8069,元太,80,0,80,港商法國興業,2023-11-28,1570
2201,裕隆,55,0,55,港商法國興業,2023-11-28,1570
1795,美時,54,0,54,港商法國興業,2023-11-28,1570
2357,華碩,53,0,53,港商法國興業,2023-11-28,1570
1605,華新,47,0,47,港商法國興業,2023-11-28,1570
1434,福懋,45,0,45,港商法國興業,2023-11-28,1570
4938,和碩,45,0,45,港商法國興業,2023-11-28,1570
4904,遠傳,43,0,43,港商法國興業,2023-11-28,1570
6005,群益證,40,0,40,港商法國興業,2023-11-28,1570
6271,同欣電,40,0,40,港商法國興業,2023-11-28,1570
2347,聯強,38,0,38,港商法國興業,2023-11-28,1570
9958,世紀鋼,36,0,36,港商法國興業,2023-11-28,1570
1310,台苯,35,0,35,港商法國興業,2023-11-28,1570
2303,聯電,864,75,789,港商法國興業,2023-11-29,1570
2883,凱基金,745,17,728,港商法國興業,2023-11-29,1570
2881,富邦金,692,15,677,港商法國興業,2023-11-29,1570
2888,新光金,179,0,179,港商法國興業,2023-11-29,1570
3044,健鼎,120,2,118,港商法國興業,2023-11-29,1570
3481,群創,84,4,80,港商法國興業,2023-11-29,1570
1722,台肥,74,0,74,港商法國興業,2023-11-29,1570
2610,華航,66,0,66,港商法國興業,2023-11-29,1570
1103,嘉泥,66,2,64,港商法國興業,2023-11-29,1570
2332,友訊,61,1,60,港商法國興業,2023-11-29,1570
6271,同欣電,80,21,59,港商法國興業,2023-11-29,1570
2834,臺企銀,57,0,57,港商法國興業,2023-11-29,1570
3682,亞太電,57,0,57,港商法國興業,2023-11-29,1570
3045,台灣大,73,20,53,港商法國興業,2023-11-29,1570
1609,大亞,50,2,48,港商法國興業,2023-11-29,1570
2480,敦陽科,48,0,48,港商法國興業,2023-11-29,1570
2548,華固,48,1,47,港商法國興業,2023-11-29,1570
2887,台新金,70,27,43,港商法國興業,2023-11-29,1570
2353,宏��,70,28,42,港商法國興業,2023-11-29,1570
2340,台亞,41,0,41,港商法國興業,2023-11-29,1570
2409,友達,41,0,41,港商法國興業,2023-11-29,1570
5457,宣德,41,0,41,港商法國興業,2023-11-29,1570
2890,永豐金,67,28,39,港商法國興業,2023-11-29,1570
2344,華邦電,53,16,37,港商法國興業,2023-11-29,1570
9904,寶成,49,14,35,港商法國興業,2023-11-29,1570
2208,台船,37,3,34,港商法國興業,2023-11-29,1570
9910,豐泰,32,0,32,港商法國興業,2023-11-29,1570
2324,仁寶,34,3,31,港商法國興業,2023-11-29,1570
2609,陽明,47,18,29,港商法國興業,2023-11-29,1570
4961,天鈺,29,0,29,港商法國興業,2023-11-29,1570
6770,力積電,69,40,29,港商法國興業,2023-11-29,1570
2633,台灣高鐵,28,0,28,港商法國興業,2023-11-29,1570
1717,長興,27,0,27,港商法國興業,2023-11-29,1570
6257,矽格,27,2,25,港商法國興業,2023-11-29,1570
9917,中保科,24,0,24,港商法國興業,2023-11-29,1570
2880,華南金,49,26,23,港商法國興業,2023-11-29,1570
1102,亞泥,22,0,22,港商法國興業,2023-11-29,1570
9945,潤泰新,21,0,21,港商法國興業,2023-11-29,1570
3665,貿聯-KY,20,0,20,港商法國興業,2023-11-29,1570
5225,東科-KY,20,0,20,港商法國興業,2023-11-29,1570
2356,英業達,28,9,19,港商法國興業,2023-11-29,1570
3712,永崴投控,20,1,19,港商法國興業,2023-11-29,1570
5525,順天,20,1,19,港商法國興業,2023-11-29,1570
3704,合勤控,19,1,18,港商法國興業,2023-11-29,1570
2801,彰銀,37,20,17,港商法國興業,2023-11-29,1570
9958,世紀鋼,17,0,17,港商法國興業,2023-11-29,1570
2387,精元,16,0,16,港商法國興業,2023-11-29,1570
1338,廣華-KY,15,0,15,港商法國興業,2023-11-29,1570
2603,長榮,18,3,15,港商法國興業,2023-11-29,1570
2360,致茂,15,1,14,港商法國興業,2023-11-29,1570
2883,凱基金,2686,0,2686,港商法國興業,2023-11-30,1570
0050,元大台灣50,1950,0,1950,港商法國興業,2023-11-30,1570
2881,富邦金,1093,7,1086,港商法國興業,2023-11-30,1570
1301,台塑,612,0,612,港商法國興業,2023-11-30,1570
2610,華航,1020,413,607,港商法國興業,2023-11-30,1570
2330,台積電,725,133,592,港商法國興業,2023-11-30,1570
2887,台新金,484,0,484,港商法國興業,2023-11-30,1570
2891,中信金,497,17,480,港商法國興業,2023-11-30,1570
2890,永豐金,434,0,434,港商法國興業,2023-11-30,1570
9921,巨大,475,62,413,港商法國興業,2023-11-30,1570
1402,遠東新,458,54,404,港商法國興業,2023-11-30,1570
2886,兆豐金,391,0,391,港商法國興業,2023-11-30,1570
8069,元太,312,0,312,港商法國興業,2023-11-30,1570
3481,群創,298,0,298,港商法國興業,2023-11-30,1570
2834,臺企銀,331,49,282,港商法國興業,2023-11-30,1570
2618,長榮航,273,0,273,港商法國興業,2023-11-30,1570
1303,南亞,263,0,263,港商法國興業,2023-11-30,1570
2885,元大金,228,0,228,港商法國興業,2023-11-30,1570
2892,第一金,193,21,172,港商法國興業,2023-11-30,1570
2382,廣達,254,86,168,港商法國興業,2023-11-30,1570
2352,佳世達,164,0,164,港商法國興業,2023-11-30,1570
2353,宏��,174,19,155,港商法國興業,2023-11-30,1570
2812,台中銀,150,0,150,港商法國興業,2023-11-30,1570
2449,京元電子,156,10,146,港商法國興業,2023-11-30,1570
2884,玉山金,366,220,146,港商法國興業,2023-11-30,1570
1434,福懋,124,0,124,港商法國興業,2023-11-30,1570
2313,華通,147,26,121,港商法國興業,2023-11-30,1570
2880,華南金,134,17,117,港商法國興業,2023-11-30,1570
2603,長榮,103,0,103,港商法國興業,2023-11-30,1570
2105,正新,102,0,102,港商法國興業,2023-11-30,1570
3037,欣興,142,44,98,港商法國興業,2023-11-30,1570
2845,遠東銀,79,0,79,港商法國興業,2023-11-30,1570
1609,大亞,75,0,75,港商法國興業,2023-11-30,1570
2801,彰銀,75,0,75,港商法國興業,2023-11-30,1570
9907,統一實,74,0,74,港商法國興業,2023-11-30,1570
1810,和成,69,0,69,港商法國興業,2023-11-30,1570
1503,士電,67,0,67,港商法國興業,2023-11-30,1570
5347,世界,67,0,67,港商法國興業,2023-11-30,1570
1310,台苯,64,0,64,港商法國興業,2023-11-30,1570
2006,東和鋼鐵,62,0,62,港商法國興業,2023-11-30,1570
2010,春源,57,0,57,港商法國興業,2023-11-30,1570
3702,大聯大,57,0,57,港商法國興業,2023-11-30,1570
2340,台亞,52,0,52,港商法國興業,2023-11-30,1570
6278,台表科,62,10,52,港商法國興業,2023-11-30,1570
6770,力積電,115,67,48,港商法國興業,2023-11-30,1570
1513,中興電,47,0,47,港商法國興業,2023-11-30,1570
1711,永光,47,0,47,港商法國興業,2023-11-30,1570
4904,遠傳,57,10,47,港商法國興業,2023-11-30,1570
2474,可成,62,20,42,港商法國興業,2023-11-30,1570
2548,華固,42,0,42,港商法國興業,2023-11-30,1570
2609,陽明,420,136,284,港商法國興業,2023-12-01,1570
1402,遠東新,126,16,110,港商法國興業,2023-12-01,1570
2476,鉅祥,88,0,88,港商法國興業,2023-12-01,1570
2376,技嘉,82,10,72,港商法國興業,2023-12-01,1570
3037,欣興,72,8,64,港商法國興業,2023-12-01,1570
2897,王道銀行,53,0,53,港商法國興業,2023-12-01,1570
1605,華新,120,76,44,港商法國興業,2023-12-01,1570
1409,新纖,44,0,44,港商法國興業,2023-12-01,1570
9958,世紀鋼,37,0,37,港商法國興業,2023-12-01,1570
8112,至上,33,0,33,港商法國興業,2023-12-01,1570
3005,神基,41,10,31,港商法國興業,2023-12-01,1570
3362,先進光,29,0,29,港商法國興業,2023-12-01,1570
9910,豐泰,29,0,29,港商法國興業,2023-12-01,1570
2027,大成鋼,27,0,27,港商法國興業,2023-12-01,1570
3661,世芯-KY,26,0,26,港商法國興業,2023-12-01,1570
4503,金雨,25,0,25,港商法國興業,2023-12-01,1570
1310,台苯,24,0,24,港商法國興業,2023-12-01,1570
6185,幃翔,22,0,22,港商法國興業,2023-12-01,1570
2340,台亞,21,0,21,港商法國興業,2023-12-01,1570
2706,第一店,21,0,21,港商法國興業,2023-12-01,1570
2855,統一證,21,0,21,港商法國興業,2023-12-01,1570
2385,群光,21,1,20,港商法國興業,2023-12-01,1570
2374,佳能,19,0,19,港商法國興業,2023-12-01,1570
1305,華夏,18,0,18,港商法國興業,2023-12-01,1570
2387,精元,18,0,18,港商法國興業,2023-12-01,1570
5225,東科-KY,18,0,18,港商法國興業,2023-12-01,1570
2392,正崴,15,0,15,港商法國興業,2023-12-01,1570
3665,貿聯-KY,15,0,15,港商法國興業,2023-12-01,1570
2637,慧洋-KY,14,0,14,港商法國興業,2023-12-01,1570
2903,遠百,14,0,14,港商法國興業,2023-12-01,1570
1215,卜蜂,13,0,13,港商法國興業,2023-12-01,1570
6279,胡連,13,0,13,港商法國興業,2023-12-01,1570
1321,大洋,12,0,12,港商法國興業,2023-12-01,1570
3703,欣陸,12,0,12,港商法國興業,2023-12-01,1570
6290,良維,12,0,12,港商法國興業,2023-12-01,1570
1808,潤隆,11,0,11,港商法國興業,2023-12-01,1570
1234,黑松,11,0,11,港商法國興業,2023-12-01,1570
1560,中砂,10,0,10,港商法國興業,2023-12-01,1570
3712,永崴投控,10,0,10,港商法國興業,2023-12-01,1570
4919,新唐,10,0,10,港商法國興業,2023-12-01,1570
6456,GIS-KY,10,0,10,港商法國興業,2023-12-01,1570
2603,長榮,9,0,9,港商法國興業,2023-12-01,1570
1522,堤維西,8,0,8,港商法國興業,2023-12-01,1570
2231,為升,8,0,8,港商法國興業,2023-12-01,1570
2455,全新,7,0,7,港商法國興業,2023-12-01,1570
3552,同致,6,0,6,港商法國興業,2023-12-01,1570
6669,緯穎,6,0,6,港商法國興業,2023-12-01,1570
9802,鈺齊-KY,6,0,6,港商法國興業,2023-12-01,1570
2015,豐興,5,0,5,港商法國興業,2023-12-01,1570
4961,天鈺,5,0,5,港商法國興業,2023-12-01,1570
2609,陽明,1581,0,1581,港商法國興業,2023-12-04,1570
2603,長榮,341,14,327,港商法國興業,2023-12-04,1570
3264,欣銓,163,3,160,港商法國興業,2023-12-04,1570
3576,聯合再生,110,0,110,港商法國興業,2023-12-04,1570
3481,群創,100,0,100,港商法國興業,2023-12-04,1570
2880,華南金,73,11,62,港商法國興業,2023-12-04,1570
2605,新興,58,0,58,港商法國興業,2023-12-04,1570
2002,中鋼,56,0,56,港商法國興業,2023-12-04,1570
9958,世紀鋼,53,0,53,港商法國興業,2023-12-04,1570
2607,榮運,52,0,52,港商法國興業,2023-12-04,1570
1712,興農,44,0,44,港商法國興業,2023-12-04,1570
4114,健喬,41,0,41,港商法國興業,2023-12-04,1570
3105,穩懋,38,0,38,港商法國興業,2023-12-04,1570
2637,慧洋-KY,37,0,37,港商法國興業,2023-12-04,1570
2340,台亞,36,0,36,港商法國興業,2023-12-04,1570
5876,上海商銀,36,0,36,港商法國興業,2023-12-04,1570
3017,奇鋐,38,4,34,港商法國興業,2023-12-04,1570
6278,台表科,32,0,32,港商法國興業,2023-12-04,1570
1310,台苯,31,0,31,港商法國興業,2023-12-04,1570
2408,南亞科,26,0,26,港商法國興業,2023-12-04,1570
1722,台肥,25,0,25,港商法國興業,2023-12-04,1570
2382,廣達,24,0,24,港商法國興業,2023-12-04,1570
9938,百和,24,0,24,港商法國興業,2023-12-04,1570
01002T,土銀國泰R1,23,0,23,港商法國興業,2023-12-04,1570
6282,康舒,20,0,20,港商法國興業,2023-12-04,1570
2387,精元,19,0,19,港商法國興業,2023-12-04,1570
2031,新光鋼,19,0,19,港商法國興業,2023-12-04,1570
3062,建漢,19,0,19,港商法國興業,2023-12-04,1570
3022,威強電,18,0,18,港商法國興業,2023-12-04,1570
3356,奇偶,17,0,17,港商法國興業,2023-12-04,1570
4904,遠傳,19,2,17,港商法國興業,2023-12-04,1570
5225,東科-KY,16,0,16,港商法國興業,2023-12-04,1570
2476,鉅祥,15,0,15,港商法國興業,2023-12-04,1570
6271,同欣電,15,0,15,港商法國興業,2023-12-04,1570
6274,台燿,25,11,14,港商法國興業,2023-12-04,1570
1522,堤維西,13,0,13,港商法國興業,2023-12-04,1570
2439,美律,13,0,13,港商法國興業,2023-12-04,1570
4919,新唐,12,0,12,港商法國興業,2023-12-04,1570
5215,科嘉-KY,12,0,12,港商法國興業,2023-12-04,1570
5519,隆大,12,0,12,港商法國興業,2023-12-04,1570
2615,萬海,11,0,11,港商法國興業,2023-12-04,1570
3209,全科,11,0,11,港商法國興業,2023-12-04,1570
3689,湧德,11,0,11,港商法國興業,2023-12-04,1570
4736,泰博,11,0,11,港商法國興業,2023-12-04,1570
6116,彩晶,10,0,10,港商法國興業,2023-12-04,1570
6177,達麗,10,0,10,港商法國興業,2023-12-04,1570
6285,啟��,10,0,10,港商法國興業,2023-12-04,1570
2108,南帝,9,0,9,港商法國興業,2023-12-04,1570
2883,凱基金,9,0,9,港商法國興業,2023-12-04,1570
3189,景碩,9,0,9,港商法國興業,2023-12-04,1570
2303,聯電,3043,38,3005,港商法國興業,2023-12-05,1570
2884,玉山金,1674,54,1620,港商法國興業,2023-12-05,1570
2609,陽明,1061,0,1061,港商法國興業,2023-12-05,1570
2324,仁寶,733,21,712,港商法國興業,2023-12-05,1570
1102,亞泥,465,3,462,港商法國興業,2023-12-05,1570
2607,榮運,340,58,282,港商法國興業,2023-12-05,1570
1618,合機,210,0,210,港商法國興業,2023-12-05,1570
2352,佳世達,167,12,155,港商法國興業,2023-12-05,1570
5876,上海商銀,117,24,93,港商法國興業,2023-12-05,1570
3062,建漢,81,0,81,港商法國興業,2023-12-05,1570
2605,新興,80,0,80,港商法國興業,2023-12-05,1570
1795,美時,68,0,68,港商法國興業,2023-12-05,1570
6770,力積電,61,0,61,港商法國興業,2023-12-05,1570
5347,世界,60,0,60,港商法國興業,2023-12-05,1570
2637,慧洋-KY,54,0,54,港商法國興業,2023-12-05,1570
6188,廣明,45,0,45,港商法國興業,2023-12-05,1570
9958,世紀鋼,45,0,45,港商法國興業,2023-12-05,1570
3037,欣興,48,5,43,港商法國興業,2023-12-05,1570
1513,中興電,104,65,39,港商法國興業,2023-12-05,1570
2883,凱基金,38,0,38,港商法國興業,2023-12-05,1570
6667,信紘科,35,0,35,港商法國興業,2023-12-05,1570
6153,嘉聯益,28,0,28,港商法國興業,2023-12-05,1570
3022,威強電,27,0,27,港商法國興業,2023-12-05,1570
2612,中航,25,0,25,港商法國興業,2023-12-05,1570
3481,群創,25,0,25,港商法國興業,2023-12-05,1570
4503,金雨,24,0,24,港商法國興業,2023-12-05,1570
9927,泰銘,24,0,24,港商法國興業,2023-12-05,1570
2530,華建,23,0,23,港商法國興業,2023-12-05,1570
5284,jpp-KY,23,0,23,港商法國興業,2023-12-05,1570
6185,幃翔,23,0,23,港商法國興業,2023-12-05,1570
3006,晶豪科,22,0,22,港商法國興業,2023-12-05,1570
2705,六福,21,0,21,港商法國興業,2023-12-05,1570
2387,精元,20,0,20,港商法國興業,2023-12-05,1570
4912,聯德控股-KY,19,0,19,港商法國興業,2023-12-05,1570
2439,美律,16,0,16,港商法國興業,2023-12-05,1570
5225,東科-KY,16,0,16,港商法國興業,2023-12-05,1570
6285,啟��,16,0,16,港商法國興業,2023-12-05,1570
8436,大江,16,0,16,港商法國興業,2023-12-05,1570
2908,特力,15,0,15,港商法國興業,2023-12-05,1570
4919,新唐,15,0,15,港商法國興業,2023-12-05,1570
2206,三陽工業,14,0,14,港商法國興業,2023-12-05,1570
5607,遠雄港,14,0,14,港商法國興業,2023-12-05,1570
6179,亞通,14,0,14,港商法國興業,2023-12-05,1570
1522,堤維西,13,0,13,港商法國興業,2023-12-05,1570
4536,拓凱,13,0,13,港商法國興業,2023-12-05,1570
6412,群電,13,0,13,港商法國興業,2023-12-05,1570
1215,卜蜂,12,0,12,港商法國興業,2023-12-05,1570
2385,群光,14,3,11,港商法國興業,2023-12-05,1570
3303,岱稜,10,0,10,港商法國興業,2023-12-05,1570
6143,振曜,10,0,10,港商法國興業,2023-12-05,1570
2609,陽明,482,0,482,港商法國興業,2023-12-06,1570
2881,富邦金,406,0,406,港商法國興業,2023-12-06,1570
2880,華南金,380,0,380,港商法國興業,2023-12-06,1570
2883,凱基金,290,0,290,港商法國興業,2023-12-06,1570
2891,中信金,264,0,264,港商法國興業,2023-12-06,1570
2330,台積電,390,149,241,港商法國興業,2023-12-06,1570
2884,玉山金,211,0,211,港商法國興業,2023-12-06,1570
4904,遠傳,206,0,206,港商法國興業,2023-12-06,1570
2892,第一金,198,0,198,港商法國興業,2023-12-06,1570
2344,華邦電,195,0,195,港商法國興業,2023-12-06,1570
2888,新光金,186,0,186,港商法國興業,2023-12-06,1570
5876,上海商銀,181,0,181,港商法國興業,2023-12-06,1570
2303,聯電,180,0,180,港商法國興業,2023-12-06,1570
6446,藥華藥,178,0,178,港商法國興業,2023-12-06,1570
2002,中鋼,177,0,177,港商法國興業,2023-12-06,1570
2887,台新金,169,0,169,港商法國興業,2023-12-06,1570
2886,兆豐金,168,0,168,港商法國興業,2023-12-06,1570
2890,永豐金,158,0,158,港商法國興業,2023-12-06,1570
6188,廣明,153,0,153,港商法國興業,2023-12-06,1570
2882,國泰金,143,0,143,港商法國興業,2023-12-06,1570
1102,亞泥,133,0,133,港商法國興業,2023-12-06,1570
2812,台中銀,124,0,124,港商法國興業,2023-12-06,1570
3481,群創,122,0,122,港商法國興業,2023-12-06,1570
1319,東陽,110,0,110,港商法國興業,2023-12-06,1570
1101,台泥,107,0,107,港商法國興業,2023-12-06,1570
2308,台達電,104,0,104,港商法國興業,2023-12-06,1570
2409,友達,93,0,93,港商法國興業,2023-12-06,1570
9958,世紀鋼,96,4,92,港商法國興業,2023-12-06,1570
2603,長榮,91,0,91,港商法國興業,2023-12-06,1570
2412,中華電,89,0,89,港商法國興業,2023-12-06,1570
2834,臺企銀,87,0,87,港商法國興業,2023-12-06,1570
1303,南亞,86,0,86,港商法國興業,2023-12-06,1570
2801,彰銀,77,0,77,港商法國興業,2023-12-06,1570
1326,台化,74,0,74,港商法國興業,2023-12-06,1570
1216,統一,72,0,72,港商法國興業,2023-12-06,1570
2352,佳世達,71,0,71,港商法國興業,2023-12-06,1570
1301,台塑,68,0,68,港商法國興業,2023-12-06,1570
1605,華新,68,0,68,港商法國興業,2023-12-06,1570
2105,正新,62,0,62,港商法國興業,2023-12-06,1570
2317,鴻海,254,193,61,港商法國興業,2023-12-06,1570
2324,仁寶,59,0,59,港商法國興業,2023-12-06,1570
2408,南亞科,55,0,55,港商法國興業,2023-12-06,1570
3045,台灣大,55,0,55,港商法國興業,2023-12-06,1570
3231,緯創,44,0,44,港商法國興業,2023-12-06,1570
2382,廣達,45,1,44,港商法國興業,2023-12-06,1570
1409,新纖,43,0,43,港商法國興業,2023-12-06,1570
6770,力積電,43,0,43,港商法國興業,2023-12-06,1570
1402,遠東新,41,0,41,港商法國興業,2023-12-06,1570
2353,宏��,41,0,41,港商法國興業,2023-12-06,1570
2356,英業達,38,0,38,港商法國興業,2023-12-06,1570
2891,中信金,688,0,688,港商法國興業,2023-12-07,1570
2409,友達,531,2,529,港商法國興業,2023-12-07,1570
3231,緯創,505,38,467,港商法國興業,2023-12-07,1570
2882,國泰金,357,0,357,港商法國興業,2023-12-07,1570
2880,華南金,325,20,305,港商法國興業,2023-12-07,1570
2317,鴻海,190,15,175,港商法國興業,2023-12-07,1570
1216,統一,216,45,171,港商法國興業,2023-12-07,1570
2439,美律,142,0,142,港商法國興業,2023-12-07,1570
9958,世紀鋼,113,0,113,港商法國興業,2023-12-07,1570
5009,榮剛,99,0,99,港商法國興業,2023-12-07,1570
2637,慧洋-KY,98,0,98,港商法國興業,2023-12-07,1570
2363,矽統,92,0,92,港商法國興業,2023-12-07,1570
1101,台泥,90,0,90,港商法國興業,2023-12-07,1570
2618,長榮航,173,110,63,港商法國興業,2023-12-07,1570
8112,至上,61,0,61,港商法國興業,2023-12-07,1570
3702,大聯大,57,0,57,港商法國興業,2023-12-07,1570
1513,中興電,70,18,52,港商法國興業,2023-12-07,1570
2498,宏達電,50,0,50,港商法國興業,2023-12-07,1570
6550,北極星藥業-KY,49,0,49,港商法國興業,2023-12-07,1570
2330,台積電,101,54,47,港商法國興業,2023-12-07,1570
6121,新普,47,0,47,港商法國興業,2023-12-07,1570
2610,華航,40,0,40,港商法國興業,2023-12-07,1570
2603,長榮,30,0,30,港商法國興業,2023-12-07,1570
1304,台聚,28,0,28,港商法國興業,2023-12-07,1570
3045,台灣大,24,0,24,港商法國興業,2023-12-07,1570
2303,聯電,23,0,23,港商法國興業,2023-12-07,1570
9907,統一實,21,0,21,港商法國興業,2023-12-07,1570
2387,精元,20,0,20,港商法國興業,2023-12-07,1570
3479,安勤,18,0,18,港商法國興業,2023-12-07,1570
2385,群光,17,0,17,港商法國興業,2023-12-07,1570
5225,東科-KY,16,0,16,港商法國興業,2023-12-07,1570
8938,明安,15,0,15,港商法國興業,2023-12-07,1570
5483,中美晶,13,0,13,港商法國興業,2023-12-07,1570
3680,家登,12,0,12,港商法國興業,2023-12-07,1570
4707,磐亞,11,0,11,港商法國興業,2023-12-07,1570
5289,宜鼎,11,0,11,港商法國興業,2023-12-07,1570
5469,瀚宇博,11,0,11,港商法國興業,2023-12-07,1570
1522,堤維西,10,0,10,港商法國興業,2023-12-07,1570
2472,立隆電,9,0,9,港商法國興業,2023-12-07,1570
4503,金雨,8,0,8,港商法國興業,2023-12-07,1570
6669,緯穎,7,1,6,港商法國興業,2023-12-07,1570
3014,聯陽,5,0,5,港商法國興業,2023-12-07,1570
4128,中天,5,0,5,港商法國興業,2023-12-07,1570
4119,旭富,4,0,4,港商法國興業,2023-12-07,1570
2207,和泰車,3,0,3,港商法國興業,2023-12-07,1570
3081,聯亞,3,0,3,港商法國興業,2023-12-07,1570
3264,欣銓,3,0,3,港商法國興業,2023-12-07,1570
5536,聖暉*,3,0,3,港商法國興業,2023-12-07,1570
1477,聚陽,2,0,2,港商法國興業,2023-12-07,1570
2912,統一超,2,0,2,港商法國興業,2023-12-07,1570
0050,元大台灣50,4060,0,4060,港商法國興業,2023-12-08,1570
2330,台積電,1519,0,1519,港商法國興業,2023-12-08,1570
2883,凱基金,714,0,714,港商法國興業,2023-12-08,1570
2891,中信金,724,17,707,港商法國興業,2023-12-08,1570
2303,聯電,676,0,676,港商法國興業,2023-12-08,1570
2884,玉山金,579,0,579,港商法國興業,2023-12-08,1570
2888,新光金,539,0,539,港商法國興業,2023-12-08,1570
2882,國泰金,560,25,535,港商法國興業,2023-12-08,1570
2317,鴻海,505,18,487,港商法國興業,2023-12-08,1570
2002,中鋼,484,0,484,港商法國興業,2023-12-08,1570
2887,台新金,452,0,452,港商法國興業,2023-12-08,1570
2892,第一金,447,14,433,港商法國興業,2023-12-08,1570
2890,永豐金,432,0,432,港商法國興業,2023-12-08,1570
5880,合庫金,459,28,431,港商法國興業,2023-12-08,1570
2885,元大金,416,0,416,港商法國興業,2023-12-08,1570
3481,群創,355,0,355,港商法國興業,2023-12-08,1570
1216,統一,334,0,334,港商法國興業,2023-12-08,1570
2880,華南金,364,32,332,港商法國興業,2023-12-08,1570
2881,富邦金,319,11,308,港商法國興業,2023-12-08,1570
1101,台泥,279,10,269,港商法國興業,2023-12-08,1570
2409,友達,268,0,268,港商法國興業,2023-12-08,1570
2834,臺企銀,252,0,252,港商法國興業,2023-12-08,1570
3231,緯創,244,0,244,港商法國興業,2023-12-08,1570
2801,彰銀,223,0,223,港商法國興業,2023-12-08,1570
2603,長榮,208,0,208,港商法國興業,2023-12-08,1570
1303,南亞,195,6,189,港商法國興業,2023-12-08,1570
1301,台塑,174,5,169,港商法國興業,2023-12-08,1570
5876,上海商銀,159,0,159,港商法國興業,2023-12-08,1570
2412,中華電,156,0,156,港商法國興業,2023-12-08,1570
1402,遠東新,156,0,156,港商法國興業,2023-12-08,1570
2324,仁寶,172,19,153,港商法國興業,2023-12-08,1570
2618,長榮航,151,0,151,港商法國興業,2023-12-08,1570
1326,台化,144,0,144,港商法國興業,2023-12-08,1570
2886,兆豐金,504,360,144,港商法國興業,2023-12-08,1570
2382,廣達,132,0,132,港商法國興業,2023-12-08,1570
2344,華邦電,128,0,128,港商法國興業,2023-12-08,1570
3711,日月光投控,124,0,124,港商法國興業,2023-12-08,1570
6770,力積電,124,0,124,港商法國興業,2023-12-08,1570
2353,宏��,119,0,119,港商法國興業,2023-12-08,1570
2610,華航,119,0,119,港商法國興業,2023-12-08,1570
1605,華新,115,0,115,港商法國興業,2023-12-08,1570
2356,英業達,111,0,111,港商法國興業,2023-12-08,1570
3037,欣興,106,4,102,港商法國興業,2023-12-08,1570
1102,亞泥,95,0,95,港商法國興業,2023-12-08,1570
6505,台塑化,94,0,94,港商法國興業,2023-12-08,1570
9904,寶成,91,0,91,港商法國興業,2023-12-08,1570
3006,晶豪科,85,0,85,港商法國興業,2023-12-08,1570
2301,光寶科,83,0,83,港商法國興業,2023-12-08,1570
4938,和碩,83,0,83,港商法國興業,2023-12-08,1570
2308,台達電,80,0,80,港商法國興業,2023-12-08,1570
2352,佳世達,344,10,334,港商法國興業,2023-12-11,1570
3006,晶豪科,237,12,225,港商法國興業,2023-12-11,1570
2615,萬海,106,0,106,港商法國興業,2023-12-11,1570
2409,友達,58,0,58,港商法國興業,2023-12-11,1570
3037,欣興,29,4,25,港商法國興業,2023-12-11,1570
2387,精元,18,0,18,港商法國興業,2023-12-11,1570
6285,啟��,15,0,15,港商法國興業,2023-12-11,1570
5225,東科-KY,14,0,14,港商法國興業,2023-12-11,1570
3231,緯創,15,2,13,港商法國興業,2023-12-11,1570
6669,緯穎,11,0,11,港商法國興業,2023-12-11,1570
9910,豐泰,7,0,7,港商法國興業,2023-12-11,1570
5469,瀚宇博,6,0,6,港商法國興業,2023-12-11,1570
6279,胡連,6,0,6,港商法國興業,2023-12-11,1570
2883,凱基金,13,7,6,港商法國興業,2023-12-11,1570
1522,堤維西,5,0,5,港商法國興業,2023-12-11,1570
3014,聯陽,5,0,5,港商法國興業,2023-12-11,1570
3416,融程電,5,0,5,港商法國興業,2023-12-11,1570
1723,中碳,4,0,4,港商法國興業,2023-12-11,1570
3483,力致,2,0,2,港商法國興業,2023-12-11,1570
5871,中租-KY,3,1,2,港商法國興業,2023-12-11,1570
1444,力麗,1,0,1,港商法國興業,2023-12-11,1570
4128,中天,1,0,1,港商法國興業,2023-12-11,1570
3008,大立光,1,0,1,港商法國興業,2023-12-11,1570
3481,群創,3210,0,3210,港商法國興業,2023-12-12,1570
2603,長榮,939,10,929,港商法國興業,2023-12-12,1570
2454,聯發科,448,11,437,港商法國興業,2023-12-12,1570
2317,鴻海,431,3,428,港商法國興業,2023-12-12,1570
2027,大成鋼,401,0,401,港商法國興業,2023-12-12,1570
2303,聯電,375,0,375,港商法國興業,2023-12-12,1570
2330,台積電,295,5,290,港商法國興業,2023-12-12,1570
2882,國泰金,267,0,267,港商法國興業,2023-12-12,1570
2888,新光金,258,0,258,港商法國興業,2023-12-12,1570
2542,興富發,213,0,213,港商法國興業,2023-12-12,1570
2439,美律,198,0,198,港商法國興業,2023-12-12,1570
2883,凱基金,186,0,186,港商法國興業,2023-12-12,1570
2884,玉山金,164,0,164,港商法國興業,2023-12-12,1570
2617,台航,154,0,154,港商法國興業,2023-12-12,1570
2609,陽明,153,0,153,港商法國興業,2023-12-12,1570
5880,合庫金,142,0,142,港商法國興業,2023-12-12,1570
2002,中鋼,137,0,137,港商法國興業,2023-12-12,1570
2886,兆豐金,138,12,126,港商法國興業,2023-12-12,1570
2890,永豐金,122,0,122,港商法國興業,2023-12-12,1570
2885,元大金,118,0,118,港商法國興業,2023-12-12,1570
6257,矽格,115,0,115,港商法國興業,2023-12-12,1570
2409,友達,104,0,104,港商法國興業,2023-12-12,1570
2880,華南金,103,0,103,港商法國興業,2023-12-12,1570
2618,長榮航,95,0,95,港商法國興業,2023-12-12,1570
1101,台泥,94,0,94,港商法國興業,2023-12-12,1570
3037,欣興,92,0,92,港商法國興業,2023-12-12,1570
2367,燿華,82,0,82,港商法國興業,2023-12-12,1570
8112,至上,78,0,78,港商法國興業,2023-12-12,1570
2881,富邦金,90,13,77,港商法國興業,2023-12-12,1570
3588,通嘉,73,0,73,港商法國興業,2023-12-12,1570
2834,臺企銀,71,0,71,港商法國興業,2023-12-12,1570
1301,台塑,70,0,70,港商法國興業,2023-12-12,1570
2204,中華,70,0,70,港商法國興業,2023-12-12,1570
4919,新唐,68,0,68,港商法國興業,2023-12-12,1570
2356,英業達,65,0,65,港商法國興業,2023-12-12,1570
2357,華碩,63,0,63,港商法國興業,2023-12-12,1570
2801,彰銀,63,0,63,港商法國興業,2023-12-12,1570
2324,仁寶,62,0,62,港商法國興業,2023-12-12,1570
1303,南亞,57,0,57,港商法國興業,2023-12-12,1570
1216,統一,56,0,56,港商法國興業,2023-12-12,1570
2327,國巨,66,12,54,港商法國興業,2023-12-12,1570
2845,遠東銀,53,0,53,港商法國興業,2023-12-12,1570
1514,亞力,51,0,51,港商法國興業,2023-12-12,1570
2892,第一金,150,105,45,港商法國興業,2023-12-12,1570
6285,啟��,55,10,45,港商法國興業,2023-12-12,1570
2412,中華電,44,0,44,港商法國興業,2023-12-12,1570
5876,上海商銀,44,0,44,港商法國興業,2023-12-12,1570
1605,華新,42,0,42,港商法國興業,2023-12-12,1570
3231,緯創,52,10,42,港商法國興業,2023-12-12,1570
1402,遠東新,41,0,41,港商法國興業,2023-12-12,1570
2888,新光金,665,0,665,港商法國興業,2023-12-13,1570
2330,台積電,465,1,464,港商法國興業,2023-12-13,1570
2886,兆豐金,435,0,435,港商法國興業,2023-12-13,1570
4938,和碩,408,10,398,港商法國興業,2023-12-13,1570
2883,凱基金,310,0,310,港商法國興業,2023-12-13,1570
2887,台新金,307,0,307,港商法國興業,2023-12-13,1570
1102,亞泥,246,0,246,港商法國興業,2023-12-13,1570
5880,合庫金,234,0,234,港商法國興業,2023-12-13,1570
2884,玉山金,222,0,222,港商法國興業,2023-12-13,1570
2317,鴻海,164,0,164,港商法國興業,2023-12-13,1570
2002,中鋼,155,0,155,港商法國興業,2023-12-13,1570
2395,研華,149,0,149,港商法國興業,2023-12-13,1570
2303,聯電,148,0,148,港商法國興業,2023-12-13,1570
2881,富邦金,143,0,143,港商法國興業,2023-12-13,1570
2892,第一金,143,0,143,港商法國興業,2023-12-13,1570
2890,永豐金,138,0,138,港商法國興業,2023-12-13,1570
2885,元大金,133,0,133,港商法國興業,2023-12-13,1570
2498,宏達電,132,0,132,港商法國興業,2023-12-13,1570
2882,國泰金,125,0,125,港商法國興業,2023-12-13,1570
2880,華南金,116,0,116,港商法國興業,2023-12-13,1570
3481,群創,113,0,113,港商法國興業,2023-12-13,1570
6770,力積電,90,0,90,港商法國興業,2023-12-13,1570
1101,台泥,89,0,89,港商法國興業,2023-12-13,1570
2409,友達,86,0,86,港商法國興業,2023-12-13,1570
2542,興富發,85,0,85,港商法國興業,2023-12-13,1570
1303,南亞,83,0,83,港商法國興業,2023-12-13,1570
5009,榮剛,82,0,82,港商法國興業,2023-12-13,1570
2834,臺企銀,81,0,81,港商法國興業,2023-12-13,1570
2618,長榮航,78,0,78,港商法國興業,2023-12-13,1570
1216,統一,76,0,76,港商法國興業,2023-12-13,1570
3711,日月光投控,85,13,72,港商法國興業,2023-12-13,1570
2801,彰銀,71,0,71,港商法國興業,2023-12-13,1570
3231,緯創,100,30,70,港商法國興業,2023-12-13,1570
4904,遠傳,68,0,68,港商法國興業,2023-12-13,1570
2408,南亞科,67,0,67,港商法國興業,2023-12-13,1570
2633,台灣高鐵,60,0,60,港商法國興業,2023-12-13,1570
1301,台塑,57,0,57,港商法國興業,2023-12-13,1570
2412,中華電,57,0,57,港商法國興業,2023-12-13,1570
2324,仁寶,55,0,55,港商法國興業,2023-12-13,1570
2371,大同,50,0,50,港商法國興業,2023-12-13,1570
5876,上海商銀,50,0,50,港商法國興業,2023-12-13,1570
1326,台化,46,0,46,港商法國興業,2023-12-13,1570
2377,微星,49,3,46,港商法國興業,2023-12-13,1570
9802,鈺齊-KY,44,0,44,港商法國興業,2023-12-13,1570
2344,華邦電,41,0,41,港商法國興業,2023-12-13,1570
1402,遠東新,38,0,38,港商法國興業,2023-12-13,1570
2610,華航,38,0,38,港商法國興業,2023-12-13,1570
1605,華新,37,0,37,港商法國興業,2023-12-13,1570
2428,興勤,31,0,31,港商法國興業,2023-12-13,1570
3045,台灣大,31,0,31,港商法國興業,2023-12-13,1570
0050,元大台灣50,8770,0,8770,港商法國興業,2023-12-14,1570
2883,凱基金,778,15,763,港商法國興業,2023-12-14,1570
2892,第一金,462,10,452,港商法國興業,2023-12-14,1570
2498,宏達電,333,0,333,港商法國興業,2023-12-14,1570
2330,台積電,371,45,326,港商法國興業,2023-12-14,1570
1102,亞泥,277,0,277,港商法國興業,2023-12-14,1570
1216,統一,237,5,232,港商法國興業,2023-12-14,1570
1101,台泥,173,1,172,港商法國興業,2023-12-14,1570
2881,富邦金,180,8,172,港商法國興業,2023-12-14,1570
1584,精剛,163,0,163,港商法國興業,2023-12-14,1570
2888,新光金,160,0,160,港商法國興業,2023-12-14,1570
3105,穩懋,136,0,136,港商法國興業,2023-12-14,1570
2801,彰銀,140,24,116,港商法國興業,2023-12-14,1570
1402,遠東新,115,0,115,港商法國興業,2023-12-14,1570
3481,群創,106,0,106,港商法國興業,2023-12-14,1570
1217,愛之味,100,0,100,港商法國興業,2023-12-14,1570
2457,飛宏,95,0,95,港商法國興業,2023-12-14,1570
1210,大成,94,0,94,港商法國興業,2023-12-14,1570
2317,鴻海,221,131,90,港商法國興業,2023-12-14,1570
2392,正崴,89,0,89,港商法國興業,2023-12-14,1570
2481,強茂,86,0,86,港商法國興業,2023-12-14,1570
2515,中工,86,0,86,港商法國興業,2023-12-14,1570
9802,鈺齊-KY,82,0,82,港商法國興業,2023-12-14,1570
2367,燿華,79,0,79,港商法國興業,2023-12-14,1570
2409,友達,79,0,79,港商法國興業,2023-12-14,1570
2834,臺企銀,75,0,75,港商法國興業,2023-12-14,1570
2408,南亞科,54,0,54,港商法國興業,2023-12-14,1570
2105,正新,51,0,51,港商法國興業,2023-12-14,1570
2324,仁寶,51,0,51,港商法國興業,2023-12-14,1570
2618,長榮航,51,0,51,港商法國興業,2023-12-14,1570
6462,神盾,49,0,49,港商法國興業,2023-12-14,1570
2106,建大,44,0,44,港商法國興業,2023-12-14,1570
3037,欣興,43,1,42,港商法國興業,2023-12-14,1570
2349,錸德,40,0,40,港商法國興業,2023-12-14,1570
2344,華邦電,40,0,40,港商法國興業,2023-12-14,1570
8069,元太,44,4,40,港商法國興業,2023-12-14,1570
8112,至上,40,0,40,港商法國興業,2023-12-14,1570
3058,立德,37,0,37,港商法國興業,2023-12-14,1570
2506,太設,35,0,35,港商法國興業,2023-12-14,1570
2609,陽明,35,0,35,港商法國興業,2023-12-14,1570
6244,茂迪,35,0,35,港商法國興業,2023-12-14,1570
1605,華新,34,0,34,港商法國興業,2023-12-14,1570
2338,光罩,31,0,31,港商法國興業,2023-12-14,1570
5531,鄉林,30,0,30,港商法國興業,2023-12-14,1570
2109,華豐,29,0,29,港商法國興業,2023-12-14,1570
2376,技嘉,29,0,29,港商法國興業,2023-12-14,1570
2612,中航,28,0,28,港商法國興業,2023-12-14,1570
1723,中碳,27,0,27,港商法國興業,2023-12-14,1570
9904,寶成,27,0,27,港商法國興業,2023-12-14,1570
3036,文曄,26,0,26,港商法國興業,2023-12-14,1570
2890,永豐金,2397,11,2386,港商法國興業,2023-12-15,1570
0050,元大台灣50,2180,0,2180,港商法國興業,2023-12-15,1570
2892,第一金,1645,0,1645,港商法國興業,2023-12-15,1570
2303,聯電,1032,0,1032,港商法國興業,2023-12-15,1570
2330,台積電,553,7,546,港商法國興業,2023-12-15,1570
2880,華南金,514,0,514,港商法國興業,2023-12-15,1570
3231,緯創,591,85,506,港商法國興業,2023-12-15,1570
2409,友達,406,0,406,港商法國興業,2023-12-15,1570
2884,玉山金,340,0,340,港商法國興業,2023-12-15,1570
2002,中鋼,263,0,263,港商法國興業,2023-12-15,1570
2887,台新金,248,0,248,港商法國興業,2023-12-15,1570
1409,新纖,231,0,231,港商法國興業,2023-12-15,1570
2886,兆豐金,231,0,231,港商法國興業,2023-12-15,1570
5880,合庫金,227,0,227,港商法國興業,2023-12-15,1570
2376,技嘉,210,0,210,港商法國興業,2023-12-15,1570
9945,潤泰新,220,13,207,港商法國興業,2023-12-15,1570
2882,國泰金,199,0,199,港商法國興業,2023-12-15,1570
1616,億泰,176,0,176,港商法國興業,2023-12-15,1570
2308,台達電,167,0,167,港商法國興業,2023-12-15,1570
5876,上海商銀,160,0,160,港商法國興業,2023-12-15,1570
6278,台表科,154,0,154,港商法國興業,2023-12-15,1570
6239,力成,143,0,143,港商法國興業,2023-12-15,1570
6176,瑞儀,117,0,117,港商法國興業,2023-12-15,1570
1216,統一,107,0,107,港商法國興業,2023-12-15,1570
1303,南亞,105,0,105,港商法國興業,2023-12-15,1570
2889,國票金,103,0,103,港商法國興業,2023-12-15,1570
2881,富邦金,172,70,102,港商法國興業,2023-12-15,1570
9802,鈺齊-KY,98,0,98,港商法國興業,2023-12-15,1570
2301,光寶科,88,0,88,港商法國興業,2023-12-15,1570
2412,中華電,88,0,88,港商法國興業,2023-12-15,1570
4532,瑞智,78,0,78,港商法國興業,2023-12-15,1570
1529,樂事綠能,76,0,76,港商法國興業,2023-12-15,1570
2382,廣達,76,0,76,港商法國興業,2023-12-15,1570
9921,巨大,96,22,74,港商法國興業,2023-12-15,1570
2353,宏��,73,0,73,港商法國興業,2023-12-15,1570
2393,億光,73,0,73,港商法國興業,2023-12-15,1570
2504,國產,73,0,73,港商法國興業,2023-12-15,1570
2610,華航,63,0,63,港商法國興業,2023-12-15,1570
2603,長榮,62,0,62,港商法國興業,2023-12-15,1570
2618,長榮航,62,0,62,港商法國興業,2023-12-15,1570
2633,台灣高鐵,60,0,60,港商法國興業,2023-12-15,1570
2406,國碩,57,0,57,港商法國興業,2023-12-15,1570
2404,漢唐,56,0,56,港商法國興業,2023-12-15,1570
2338,光罩,53,0,53,港商法國興業,2023-12-15,1570
2812,台中銀,53,0,53,港商法國興業,2023-12-15,1570
6016,康和證,50,0,50,港商法國興業,2023-12-15,1570
6548,長科*,46,0,46,港商法國興業,2023-12-15,1570
2731,雄獅,44,0,44,港商法國興業,2023-12-15,1570
3045,台灣大,43,0,43,港商法國興業,2023-12-15,1570
8215,明基材,43,0,43,港商法國興業,2023-12-15,1570
2890,永豐金,630,54,576,港商法國興業,2023-12-18,1570
2888,新光金,153,0,153,港商法國興業,2023-12-18,1570
6116,彩晶,124,0,124,港商法國興業,2023-12-18,1570
2498,宏達電,111,0,111,港商法國興業,2023-12-18,1570
8069,元太,106,0,106,港商法國興業,2023-12-18,1570
3481,群創,101,0,101,港商法國興業,2023-12-18,1570
2303,聯電,119,24,95,港商法國興業,2023-12-18,1570
2031,新光鋼,92,0,92,港商法國興業,2023-12-18,1570
2409,友達,76,0,76,港商法國興業,2023-12-18,1570
2834,臺企銀,72,0,72,港商法國興業,2023-12-18,1570
3711,日月光投控,78,9,69,港商法國興業,2023-12-18,1570
2344,華邦電,87,22,65,港商法國興業,2023-12-18,1570
6548,長科*,55,0,55,港商法國興業,2023-12-18,1570
5876,上海商銀,88,34,54,港商法國興業,2023-12-18,1570
1313,聯成,52,0,52,港商法國興業,2023-12-18,1570
2355,敬鵬,49,0,49,港商法國興業,2023-12-18,1570
2915,潤泰全,47,0,47,港商法國興業,2023-12-18,1570
1907,永豐餘,45,0,45,港商法國興業,2023-12-18,1570
2382,廣達,52,13,39,港商法國興業,2023-12-18,1570
1227,佳格,32,0,32,港商法國興業,2023-12-18,1570
2618,長榮航,31,0,31,港商法國興業,2023-12-18,1570
2387,精元,30,0,30,港商法國興業,2023-12-18,1570
8255,朋程,30,0,30,港商法國興業,2023-12-18,1570
2353,宏��,84,57,27,港商法國興業,2023-12-18,1570
1102,亞泥,27,0,27,港商法國興業,2023-12-18,1570
4766,南寶,26,0,26,港商法國興業,2023-12-18,1570
9904,寶成,26,0,26,港商法國興業,2023-12-18,1570
4113,聯上,25,0,25,港商法國興業,2023-12-18,1570
1598,岱宇,22,0,22,港商法國興業,2023-12-18,1570
2731,雄獅,22,0,22,港商法國興業,2023-12-18,1570
2633,台灣高鐵,23,2,21,港商法國興業,2023-12-18,1570
8422,可寧衛,21,0,21,港商法國興業,2023-12-18,1570
3702,大聯大,19,0,19,港商法國興業,2023-12-18,1570
6830,汎銓,19,0,19,港商法國興業,2023-12-18,1570
8111,立��,18,0,18,港商法國興業,2023-12-18,1570
1605,華新,33,16,17,港商法國興業,2023-12-18,1570
2485,兆赫,16,0,16,港商法國興業,2023-12-18,1570
2347,聯強,15,0,15,港商法國興業,2023-12-18,1570
2066,世德,15,0,15,港商法國興業,2023-12-18,1570
3346,麗清,14,0,14,港商法國興業,2023-12-18,1570
4168,醣聯,14,0,14,港商法國興業,2023-12-18,1570
2034,允強,13,0,13,港商法國興業,2023-12-18,1570
6279,胡連,13,0,13,港商法國興業,2023-12-18,1570
1457,宜進,12,0,12,港商法國興業,2023-12-18,1570
1717,長興,12,0,12,港商法國興業,2023-12-18,1570
2457,飛宏,12,0,12,港商法國興業,2023-12-18,1570
5225,東科-KY,12,0,12,港商法國興業,2023-12-18,1570
6799,來頡,12,0,12,港商法國興業,2023-12-18,1570
1784,訊聯,11,0,11,港商法國興業,2023-12-18,1570
6605,帝寶,11,0,11,港商法國興業,2023-12-18,1570
2609,陽明,905,2,903,港商法國興業,2023-12-19,1570
2884,玉山金,817,41,776,港商法國興業,2023-12-19,1570
2353,宏��,755,12,743,港商法國興業,2023-12-19,1570
2887,台新金,475,0,475,港商法國興業,2023-12-19,1570
2382,廣達,358,16,342,港商法國興業,2023-12-19,1570
1584,精剛,236,0,236,港商法國興業,2023-12-19,1570
2317,鴻海,224,0,224,港商法國興業,2023-12-19,1570
2412,中華電,203,6,197,港商法國興業,2023-12-19,1570
2206,三陽工業,168,0,168,港商法國興業,2023-12-19,1570
5876,上海商銀,154,0,154,港商法國興業,2023-12-19,1570
9945,潤泰新,149,10,139,港商法國興業,2023-12-19,1570
4938,和碩,121,6,115,港商法國興業,2023-12-19,1570
6548,長科*,105,0,105,港商法國興業,2023-12-19,1570
4961,天鈺,100,0,100,港商法國興業,2023-12-19,1570
1101,台泥,80,0,80,港商法國興業,2023-12-19,1570
3491,昇達科,72,0,72,港商法國興業,2023-12-19,1570
2610,華航,71,0,71,港商法國興業,2023-12-19,1570
1529,樂事綠能,70,0,70,港商法國興業,2023-12-19,1570
5871,中租-KY,77,12,65,港商法國興業,2023-12-19,1570
6188,廣明,64,0,64,港商法國興業,2023-12-19,1570
8112,至上,64,0,64,港商法國興業,2023-12-19,1570
1210,大成,63,0,63,港商法國興業,2023-12-19,1570
2017,官田鋼,61,0,61,港商法國興業,2023-12-19,1570
9802,鈺齊-KY,57,0,57,港商法國興業,2023-12-19,1570
4123,晟德,51,0,51,港商法國興業,2023-12-19,1570
1712,興農,47,0,47,港商法國興業,2023-12-19,1570
2516,新建,47,0,47,港商法國興業,2023-12-19,1570
2812,台中銀,43,0,43,港商法國興業,2023-12-19,1570
6179,亞通,43,0,43,港商法國興業,2023-12-19,1570
1108,幸福,42,0,42,港商法國興業,2023-12-19,1570
6005,群益證,41,0,41,港商法國興業,2023-12-19,1570
8069,元太,40,0,40,港商法國興業,2023-12-19,1570
3607,谷崧,39,0,39,港商法國興業,2023-12-19,1570
3088,艾訊,37,0,37,港商法國興業,2023-12-19,1570
2377,微星,36,0,36,港商法國興業,2023-12-19,1570
2906,高林,36,0,36,港商法國興業,2023-12-19,1570
2393,億光,38,4,34,港商法國興業,2023-12-19,1570
2406,國碩,33,0,33,港商法國興業,2023-12-19,1570
3037,欣興,41,8,33,港商法國興業,2023-12-19,1570
2836,高雄銀,31,0,31,港商法國興業,2023-12-19,1570
2461,光群雷,30,0,30,港商法國興業,2023-12-19,1570
8255,朋程,30,0,30,港商法國興業,2023-12-19,1570
3033,威健,29,0,29,港商法國興業,2023-12-19,1570
1305,華夏,28,0,28,港商法國興業,2023-12-19,1570
8933,愛地雅,28,0,28,港商法國興業,2023-12-19,1570
2103,台橡,27,0,27,港商法國興業,2023-12-19,1570
2428,興勤,27,0,27,港商法國興業,2023-12-19,1570
1733,五鼎,26,0,26,港商法國興業,2023-12-19,1570
2109,華豐,26,0,26,港商法國興業,2023-12-19,1570
2801,彰銀,26,0,26,港商法國興業,2023-12-19,1570
1303,南亞,812,19,793,港商法國興業,2023-12-20,1570
2888,新光金,558,0,558,港商法國興業,2023-12-20,1570
1216,統一,447,7,440,港商法國興業,2023-12-20,1570
2892,第一金,413,25,388,港商法國興業,2023-12-20,1570
2330,台積電,379,33,346,港商法國興業,2023-12-20,1570
2303,聯電,357,25,332,港商法國興業,2023-12-20,1570
3231,緯創,326,21,305,港商法國興業,2023-12-20,1570
2633,台灣高鐵,279,0,279,港商法國興業,2023-12-20,1570
2382,廣達,228,3,225,港商法國興業,2023-12-20,1570
6282,康舒,219,0,219,港商法國興業,2023-12-20,1570
2886,兆豐金,236,19,217,港商法國興業,2023-12-20,1570
2618,長榮航,213,0,213,港商法國興業,2023-12-20,1570
1907,永豐餘,173,0,173,港商法國興業,2023-12-20,1570
2891,中信金,188,37,151,港商法國興業,2023-12-20,1570
1326,台化,120,4,116,港商法國興業,2023-12-20,1570
2344,華邦電,109,0,109,港商法國興業,2023-12-20,1570
2834,臺企銀,105,0,105,港商法國興業,2023-12-20,1570
2885,元大金,149,44,105,港商法國興業,2023-12-20,1570
2027,大成鋼,103,0,103,港商法國興業,2023-12-20,1570
3481,群創,101,0,101,港商法國興業,2023-12-20,1570
2610,華航,89,0,89,港商法國興業,2023-12-20,1570
2324,仁寶,87,0,87,港商法國興業,2023-12-20,1570
2882,國泰金,92,11,81,港商法國興業,2023-12-20,1570
2409,友達,77,0,77,港商法國興業,2023-12-20,1570
1210,大成,75,0,75,港商法國興業,2023-12-20,1570
2356,英業達,75,0,75,港商法國興業,2023-12-20,1570
6182,合晶,74,0,74,港商法國興業,2023-12-20,1570
2308,台達電,77,6,71,港商法國興業,2023-12-20,1570
1605,華新,63,0,63,港商法國興業,2023-12-20,1570
1402,遠東新,61,0,61,港商法國興業,2023-12-20,1570
2371,大同,59,0,59,港商法國興業,2023-12-20,1570
5876,上海商銀,63,5,58,港商法國興業,2023-12-20,1570
6213,聯茂,57,0,57,港商法國興業,2023-12-20,1570
1101,台泥,58,4,54,港商法國興業,2023-12-20,1570
2884,玉山金,87,34,53,港商法國興業,2023-12-20,1570
3702,大聯大,52,0,52,港商法國興業,2023-12-20,1570
6770,力積電,51,0,51,港商法國興業,2023-12-20,1570
1102,亞泥,50,0,50,港商法國興業,2023-12-20,1570
3045,台灣大,51,2,49,港商法國興業,2023-12-20,1570
2609,陽明,47,0,47,港商法國興業,2023-12-20,1570
3019,亞光,46,0,46,港商法國興業,2023-12-20,1570
2211,長榮鋼,44,0,44,港商法國興業,2023-12-20,1570
2105,正新,41,0,41,港商法國興業,2023-12-20,1570
1536,和大,40,0,40,港商法國興業,2023-12-20,1570
1301,台塑,43,5,38,港商法國興業,2023-12-20,1570
5347,世界,36,0,36,港商法國興業,2023-12-20,1570
6669,緯穎,34,0,34,港商法國興業,2023-12-20,1570
1785,光洋科,32,0,32,港商法國興業,2023-12-20,1570
8046,南電,29,0,29,港商法國興業,2023-12-20,1570
2201,裕隆,27,0,27,港商法國興業,2023-12-20,1570
3481,群創,631,0,631,港商法國興業,2023-12-21,1570
2409,友達,496,0,496,港商法國興業,2023-12-21,1570
1314,中石化,370,0,370,港商法國興業,2023-12-21,1570
2408,南亞科,367,8,359,港商法國興業,2023-12-21,1570
2891,中信金,317,28,289,港商法國興業,2023-12-21,1570
1802,台玻,286,0,286,港商法國興業,2023-12-21,1570
6274,台燿,172,0,172,港商法國興業,2023-12-21,1570
2609,陽明,179,14,165,港商法國興業,2023-12-21,1570
1618,合機,158,0,158,港商法國興業,2023-12-21,1570
9958,世紀鋼,101,0,101,港商法國興業,2023-12-21,1570
1326,台化,85,0,85,港商法國興業,2023-12-21,1570
8088,品安,83,0,83,港商法國興業,2023-12-21,1570
2537,聯上發,79,0,79,港商法國興業,2023-12-21,1570
8046,南電,69,0,69,港商法國興業,2023-12-21,1570
6485,點序,68,0,68,港商法國興業,2023-12-21,1570
6179,亞通,65,0,65,港商法國興業,2023-12-21,1570
1808,潤隆,62,0,62,港商法國興業,2023-12-21,1570
2880,華南金,62,0,62,港商法國興業,2023-12-21,1570
2007,燁興,61,0,61,港商法國興業,2023-12-21,1570
1210,大成,60,0,60,港商法國興業,2023-12-21,1570
2888,新光金,60,0,60,港商法國興業,2023-12-21,1570
1536,和大,57,0,57,港商法國興業,2023-12-21,1570
5388,中磊,54,0,54,港商法國興業,2023-12-21,1570
2427,三商電,52,0,52,港商法國興業,2023-12-21,1570
3491,昇達科,50,0,50,港商法國興業,2023-12-21,1570
9933,中鼎,49,0,49,港商法國興業,2023-12-21,1570
2645,長榮航太,48,0,48,港商法國興業,2023-12-21,1570
3290,東浦,48,0,48,港商法國興業,2023-12-21,1570
1460,宏遠,44,0,44,港商法國興業,2023-12-21,1570
2887,台新金,44,0,44,港商法國興業,2023-12-21,1570
2106,建大,43,0,43,港商法國興業,2023-12-21,1570
5519,隆大,41,0,41,港商法國興業,2023-12-21,1570
1718,中纖,40,0,40,港商法國興業,2023-12-21,1570
5457,宣德,38,0,38,港商法國興業,2023-12-21,1570
2022,聚亨,37,0,37,港商法國興業,2023-12-21,1570
2883,凱基金,36,0,36,港商法國興業,2023-12-21,1570
3701,大眾控,36,0,36,港商法國興業,2023-12-21,1570
1605,華新,33,0,33,港商法國興業,2023-12-21,1570
6505,台塑化,33,0,33,港商法國興業,2023-12-21,1570
1301,台塑,32,0,32,港商法國興業,2023-12-21,1570
4707,磐亞,32,0,32,港商法國興業,2023-12-21,1570
2108,南帝,30,0,30,港商法國興業,2023-12-21,1570
2801,彰銀,30,0,30,港商法國興業,2023-12-21,1570
6538,倉和,29,0,29,港商法國興業,2023-12-21,1570
4977,眾達-KY,28,0,28,港商法國興業,2023-12-21,1570
2351,順德,27,0,27,港商法國興業,2023-12-21,1570
2836,高雄銀,27,0,27,港商法國興業,2023-12-21,1570
5905,南仁湖,27,0,27,港商法國興業,2023-12-21,1570
2002,中鋼,26,0,26,港商法國興業,2023-12-21,1570
2884,玉山金,26,0,26,港商法國興業,2023-12-21,1570
2609,陽明,941,4,937,港商法國興業,2023-12-22,1570
2330,台積電,538,2,536,港商法國興業,2023-12-22,1570
8069,元太,162,0,162,港商法國興業,2023-12-22,1570
2610,華航,120,0,120,港商法國興業,2023-12-22,1570
1905,華紙,84,0,84,港商法國興業,2023-12-22,1570
2303,聯電,76,0,76,港商法國興業,2023-12-22,1570
3483,力致,60,0,60,港商法國興業,2023-12-22,1570
5871,中租-KY,59,0,59,港商法國興業,2023-12-22,1570
6182,合晶,45,0,45,港商法國興業,2023-12-22,1570
1708,東鹼,42,0,42,港商法國興業,2023-12-22,1570
2886,兆豐金,39,0,39,港商法國興業,2023-12-22,1570
3037,欣興,33,0,33,港商法國興業,2023-12-22,1570
2882,國泰金,33,0,33,港商法國興業,2023-12-22,1570
2485,兆赫,31,0,31,港商法國興業,2023-12-22,1570
1301,台塑,29,0,29,港商法國興業,2023-12-22,1570
8086,宏捷科,28,0,28,港商法國興業,2023-12-22,1570
2344,華邦電,49,23,26,港商法國興業,2023-12-22,1570
2421,建準,24,0,24,港商法國興業,2023-12-22,1570
2498,宏達電,22,0,22,港商法國興業,2023-12-22,1570
1907,永豐餘,21,0,21,港商法國興業,2023-12-22,1570
2636,台驊控股,19,0,19,港商法國興業,2023-12-22,1570
2206,三陽工業,18,0,18,港商法國興業,2023-12-22,1570
6799,來頡,18,0,18,港商法國興業,2023-12-22,1570
3078,僑威,17,0,17,港商法國興業,2023-12-22,1570
6416,瑞祺電通,17,0,17,港商法國興業,2023-12-22,1570
5469,瀚宇博,16,0,16,港商法國興業,2023-12-22,1570
2412,中華電,13,0,13,港商法國興業,2023-12-22,1570
2382,廣達,13,0,13,港商法國興業,2023-12-22,1570
2880,華南金,12,0,12,港商法國興業,2023-12-22,1570
2387,精元,12,0,12,港商法國興業,2023-12-22,1570
6206,飛捷,11,0,11,港商法國興業,2023-12-22,1570
1515,力山,10,0,10,港商法國興業,2023-12-22,1570
6414,樺漢,10,0,10,港商法國興業,2023-12-22,1570
4961,天鈺,9,0,9,港商法國興業,2023-12-22,1570
5425,台半,9,0,9,港商法國興業,2023-12-22,1570
3587,閎康,7,0,7,港商法國興業,2023-12-22,1570
8938,明安,7,0,7,港商法國興業,2023-12-22,1570
3034,聯詠,6,0,6,港商法國興業,2023-12-22,1570
4128,中天,6,0,6,港商法國興業,2023-12-22,1570
5225,東科-KY,6,0,6,港商法國興業,2023-12-22,1570
8114,振樺電,6,0,6,港商法國興業,2023-12-22,1570
2707,晶華,5,0,5,港商法國興業,2023-12-22,1570
1101,台泥,5,0,5,港商法國興業,2023-12-22,1570
3357,臺慶科,5,0,5,港商法國興業,2023-12-22,1570
6279,胡連,5,0,5,港商法國興業,2023-12-22,1570
5876,上海商銀,3,0,3,港商法國興業,2023-12-22,1570
6214,精誠,3,0,3,港商法國興業,2023-12-22,1570
6531,愛普*,3,0,3,港商法國興業,2023-12-22,1570
2355,敬鵬,2,0,2,港商法國興業,2023-12-22,1570
2327,國巨,2,0,2,港商法國興業,2023-12-22,1570
1560,中砂,60,0,60,港商法國興業,2023-12-25,1570
2609,陽明,50,0,50,港商法國興業,2023-12-25,1570
3481,群創,30,0,30,港商法國興業,2023-12-25,1570
2888,新光金,19,0,19,港商法國興業,2023-12-25,1570
5469,瀚宇博,16,0,16,港商法國興業,2023-12-25,1570
2387,精元,13,0,13,港商法國興業,2023-12-25,1570
5225,東科-KY,6,0,6,港商法國興業,2023-12-25,1570
4961,天鈺,4,0,4,港商法國興業,2023-12-25,1570
3711,日月光投控,3,0,3,港商法國興業,2023-12-25,1570
6214,精誠,2,0,2,港商法國興業,2023-12-25,1570
2385,群光,2,0,2,港商法國興業,2023-12-25,1570
1319,東陽,1,0,1,港商法國興業,2023-12-25,1570
2727,王品,1,0,1,港商法國興業,2023-12-25,1570
5483,中美晶,1,0,1,港商法國興業,2023-12-25,1570
6799,來頡,1,0,1,港商法國興業,2023-12-25,1570
2330,台積電,1630,10,1620,港商法國興業,2023-12-26,1570
2324,仁寶,403,47,356,港商法國興業,2023-12-26,1570
2887,台新金,110,0,110,港商法國興業,2023-12-26,1570
2206,三陽工業,95,0,95,港商法國興業,2023-12-26,1570
1802,台玻,80,15,65,港商法國興業,2023-12-26,1570
5388,中磊,40,0,40,港商法國興業,2023-12-26,1570
2382,廣達,31,0,31,港商法國興業,2023-12-26,1570
8916,光隆,28,0,28,港商法國興業,2023-12-26,1570
2485,兆赫,22,0,22,港商法國興業,2023-12-26,1570
5457,宣德,21,0,21,港商法國興業,2023-12-26,1570
3078,僑威,19,0,19,港商法國興業,2023-12-26,1570
2356,英業達,18,0,18,港商法國興業,2023-12-26,1570
2880,華南金,18,0,18,港商法國興業,2023-12-26,1570
6182,合晶,18,0,18,港商法國興業,2023-12-26,1570
6770,力積電,43,25,18,港商法國興業,2023-12-26,1570
2201,裕隆,17,0,17,港商法國興業,2023-12-26,1570
4128,中天,15,0,15,港商法國興業,2023-12-26,1570
2885,元大金,14,0,14,港商法國興業,2023-12-26,1570
5469,瀚宇博,14,0,14,港商法國興業,2023-12-26,1570
2367,燿華,13,0,13,港商法國興業,2023-12-26,1570
2408,南亞科,13,0,13,港商法國興業,2023-12-26,1570
2387,精元,12,0,12,港商法國興業,2023-12-26,1570
9939,宏全,12,0,12,港商法國興業,2023-12-26,1570
2801,彰銀,10,0,10,港商法國興業,2023-12-26,1570
6533,晶心科,10,0,10,港商法國興業,2023-12-26,1570
3532,台勝科,10,1,9,港商法國興業,2023-12-26,1570
1303,南亞,8,0,8,港商法國興業,2023-12-26,1570
2890,永豐金,8,0,8,港商法國興業,2023-12-26,1570
5225,東科-KY,8,0,8,港商法國興業,2023-12-26,1570
5876,上海商銀,8,0,8,港商法國興業,2023-12-26,1570
1907,永豐餘,7,0,7,港商法國興業,2023-12-26,1570
8341,日友,7,0,7,港商法國興業,2023-12-26,1570
5425,台半,6,0,6,港商法國興業,2023-12-26,1570
2707,晶華,5,0,5,港商法國興業,2023-12-26,1570
3587,閎康,4,0,4,港商法國興業,2023-12-26,1570
4908,前鼎,4,0,4,港商法國興業,2023-12-26,1570
4927,泰鼎-KY,4,0,4,港商法國興業,2023-12-26,1570
6223,旺矽,4,0,4,港商法國興業,2023-12-26,1570
2385,群光,3,0,3,港商法國興業,2023-12-26,1570
2303,聯電,3,0,3,港商法國興業,2023-12-26,1570
3231,緯創,3,0,3,港商法國興業,2023-12-26,1570
6799,來頡,3,0,3,港商法國興業,2023-12-26,1570
3711,日月光投控,2,0,2,港商法國興業,2023-12-26,1570
4961,天鈺,2,0,2,港商法國興業,2023-12-26,1570
8086,宏捷科,2,0,2,港商法國興業,2023-12-26,1570
8109,博大,2,0,2,港商法國興業,2023-12-26,1570
2603,長榮,1,0,1,港商法國興業,2023-12-26,1570
2308,台達電,1,0,1,港商法國興業,2023-12-26,1570
2049,上銀,1,0,1,港商法國興業,2023-12-26,1570
1301,台塑,1,0,1,港商法國興業,2023-12-26,1570
0050,元大台灣50,709,0,709,港商法國興業,2023-12-27,1570
2890,永豐金,623,17,606,港商法國興業,2023-12-27,1570
2330,台積電,282,6,276,港商法國興業,2023-12-27,1570
5876,上海商銀,207,0,207,港商法國興業,2023-12-27,1570
4904,遠傳,199,4,195,港商法國興業,2023-12-27,1570
2303,聯電,204,12,192,港商法國興業,2023-12-27,1570
2887,台新金,208,18,190,港商法國興業,2023-12-27,1570
2002,中鋼,200,12,188,港商法國興業,2023-12-27,1570
9945,潤泰新,169,9,160,港商法國興業,2023-12-27,1570
2382,廣達,145,0,145,港商法國興業,2023-12-27,1570
2454,聯發科,144,2,142,港商法國興業,2023-12-27,1570
2344,華邦電,133,0,133,港商法國興業,2023-12-27,1570
2206,三陽工業,133,0,133,港商法國興業,2023-12-27,1570
2208,台船,130,0,130,港商法國興業,2023-12-27,1570
6282,康舒,128,0,128,港商法國興業,2023-12-27,1570
2324,仁寶,136,9,127,港商法國興業,2023-12-27,1570
2891,中信金,124,12,112,港商法國興業,2023-12-27,1570
2888,新光金,92,0,92,港商法國興業,2023-12-27,1570
2883,凱基金,113,26,87,港商法國興業,2023-12-27,1570
2884,玉山金,99,13,86,港商法國興業,2023-12-27,1570
2317,鴻海,88,3,85,港商法國興業,2023-12-27,1570
6546,正基,82,0,82,港商法國興業,2023-12-27,1570
2886,兆豐金,81,0,81,港商法國興業,2023-12-27,1570
1710,東聯,76,0,76,港商法國興業,2023-12-27,1570
2442,新美齊,72,0,72,港商法國興業,2023-12-27,1570
2439,美律,71,0,71,港商法國興業,2023-12-27,1570
2882,國泰金,67,0,67,港商法國興業,2023-12-27,1570
4114,健喬,66,0,66,港商法國興業,2023-12-27,1570
5880,合庫金,72,6,66,港商法國興業,2023-12-27,1570
2892,第一金,77,12,65,港商法國興業,2023-12-27,1570
3231,緯創,61,0,61,港商法國興業,2023-12-27,1570
2338,光罩,59,0,59,港商法國興業,2023-12-27,1570
1301,台塑,67,8,59,港商法國興業,2023-12-27,1570
2885,元大金,71,12,59,港商法國興業,2023-12-27,1570
3702,大聯大,49,0,49,港商法國興業,2023-12-27,1570
1101,台泥,48,0,48,港商法國興業,2023-12-27,1570
2880,華南金,62,15,47,港商法國興業,2023-12-27,1570
2409,友達,46,0,46,港商法國興業,2023-12-27,1570
1785,光洋科,45,0,45,港商法國興業,2023-12-27,1570
2881,富邦金,55,13,42,港商法國興業,2023-12-27,1570
1789,神隆,40,0,40,港商法國興業,2023-12-27,1570
2301,光寶科,41,3,38,港商法國興業,2023-12-27,1570
2801,彰銀,38,0,38,港商法國興業,2023-12-27,1570
2474,可成,39,3,36,港商法國興業,2023-12-27,1570
1216,統一,34,0,34,港商法國興業,2023-12-27,1570
5225,東科-KY,31,0,31,港商法國興業,2023-12-27,1570
6026,福邦證,30,0,30,港商法國興業,2023-12-27,1570
2408,南亞科,29,0,29,港商法國興業,2023-12-27,1570
1303,南亞,33,5,28,港商法國興業,2023-12-27,1570
2412,中華電,26,0,26,港商法國興業,2023-12-27,1570
0050,元大台灣50,1013,0,1013,港商法國興業,2023-12-28,1570
2887,台新金,497,31,466,港商法國興業,2023-12-28,1570
2344,華邦電,271,35,236,港商法國興業,2023-12-28,1570
2454,聯發科,239,43,196,港商法國興業,2023-12-28,1570
9945,潤泰新,169,4,165,港商法國興業,2023-12-28,1570
4904,遠傳,227,105,122,港商法國興業,2023-12-28,1570
6274,台燿,110,0,110,港商法國興業,2023-12-28,1570
6188,廣明,109,0,109,港商法國興業,2023-12-28,1570
2382,廣達,105,1,104,港商法國興業,2023-12-28,1570
1503,士電,101,0,101,港商法國興業,2023-12-28,1570
3481,群創,114,22,92,港商法國興業,2023-12-28,1570
2409,友達,90,0,90,港商法國興業,2023-12-28,1570
6026,福邦證,81,0,81,港商法國興業,2023-12-28,1570
2888,新光金,181,105,76,港商法國興業,2023-12-28,1570
1609,大亞,75,0,75,港商法國興業,2023-12-28,1570
3483,力致,70,0,70,港商法國興業,2023-12-28,1570
2206,三陽工業,69,0,69,港商法國興業,2023-12-28,1570
2506,太設,68,0,68,港商法國興業,2023-12-28,1570
2439,美律,65,0,65,港商法國興業,2023-12-28,1570
2609,陽明,61,0,61,港商法國興業,2023-12-28,1570
2324,仁寶,54,0,54,港商法國興業,2023-12-28,1570
2537,聯上發,54,0,54,港商法國興業,2023-12-28,1570
1210,大成,52,0,52,港商法國興業,2023-12-28,1570
2834,臺企銀,53,1,52,港商法國興業,2023-12-28,1570
2845,遠東銀,52,0,52,港商法國興業,2023-12-28,1570
6196,帆宣,49,0,49,港商法國興業,2023-12-28,1570
8028,昇陽半導體,38,0,38,港商法國興業,2023-12-28,1570
2731,雄獅,37,0,37,港商法國興業,2023-12-28,1570
2809,京城銀,37,0,37,港商法國興業,2023-12-28,1570
8112,至上,36,0,36,港商法國興業,2023-12-28,1570
5225,東科-KY,35,0,35,港商法國興業,2023-12-28,1570
2303,聯電,44,10,34,港商法國興業,2023-12-28,1570
3701,大眾控,34,0,34,港商法國興業,2023-12-28,1570
2485,兆赫,33,0,33,港商法國興業,2023-12-28,1570
6770,力積電,41,8,33,港商法國興業,2023-12-28,1570
1536,和大,31,0,31,港商法國興業,2023-12-28,1570
2356,英業達,36,6,30,港商法國興業,2023-12-28,1570
6005,群益證,30,0,30,港商法國興業,2023-12-28,1570
5426,振發,29,0,29,港商法國興業,2023-12-28,1570
1409,新纖,28,0,28,港商法國興業,2023-12-28,1570
1102,亞泥,33,6,27,港商法國興業,2023-12-28,1570
2211,長榮鋼,27,0,27,港商法國興業,2023-12-28,1570
3533,嘉澤,26,0,26,港商法國興業,2023-12-28,1570
4958,臻鼎-KY,26,0,26,港商法國興業,2023-12-28,1570
6217,中探針,26,0,26,港商法國興業,2023-12-28,1570
2371,大同,44,20,24,港商法國興業,2023-12-28,1570
8171,天宇,23,0,23,港商法國興業,2023-12-28,1570
1215,卜蜂,22,0,22,港商法國興業,2023-12-28,1570
2460,建通,22,0,22,港商法國興業,2023-12-28,1570
2528,皇普,22,0,22,港商法國興業,2023-12-28,1570
2883,凱基金,1030,0,1030,港商法國興業,2023-12-29,1570
6770,力積電,233,0,233,港商法國興業,2023-12-29,1570
2382,廣達,181,0,181,港商法國興業,2023-12-29,1570
2887,台新金,171,0,171,港商法國興業,2023-12-29,1570
4904,遠傳,151,0,151,港商法國興業,2023-12-29,1570
2888,新光金,144,0,144,港商法國興業,2023-12-29,1570
2324,仁寶,99,0,99,港商法國興業,2023-12-29,1570
5871,中租-KY,48,0,48,港商法國興業,2023-12-29,1570
8110,華東,42,0,42,港商法國興業,2023-12-29,1570
2206,三陽工業,36,0,36,港商法國興業,2023-12-29,1570
2834,臺企銀,35,0,35,港商法國興業,2023-12-29,1570
2882,國泰金,98,64,34,港商法國興業,2023-12-29,1570
2881,富邦金,34,0,34,港商法國興業,2023-12-29,1570
1301,台塑,32,0,32,港商法國興業,2023-12-29,1570
3017,奇鋐,31,0,31,港商法國興業,2023-12-29,1570
2485,兆赫,29,0,29,港商法國興業,2023-12-29,1570
4147,中裕,27,0,27,港商法國興業,2023-12-29,1570
6830,汎銓,24,0,24,港商法國興業,2023-12-29,1570
6271,同欣電,22,0,22,港商法國興業,2023-12-29,1570
2633,台灣高鐵,21,0,21,港商法國興業,2023-12-29,1570
3702,大聯大,19,0,19,港商法國興業,2023-12-29,1570
5469,瀚宇博,13,0,13,港商法國興業,2023-12-29,1570
4128,中天,11,0,11,港商法國興業,2023-12-29,1570
1737,臺鹽,10,0,10,港商法國興業,2023-12-29,1570
2231,為升,10,0,10,港商法國興業,2023-12-29,1570
6196,帆宣,10,0,10,港商法國興業,2023-12-29,1570
3529,力旺,9,0,9,港商法國興業,2023-12-29,1570
6469,大樹,9,0,9,港商法國興業,2023-12-29,1570
2880,華南金,8,0,8,港商法國興業,2023-12-29,1570
5225,東科-KY,8,0,8,港商法國興業,2023-12-29,1570
6206,飛捷,7,0,7,港商法國興業,2023-12-29,1570
2387,精元,6,0,6,港商法國興業,2023-12-29,1570
8109,博大,6,0,6,港商法國興業,2023-12-29,1570
2207,和泰車,5,0,5,港商法國興業,2023-12-29,1570
6409,旭隼,5,0,5,港商法國興業,2023-12-29,1570
1504,東元,4,0,4,港商法國興業,2023-12-29,1570
1314,中石化,4,0,4,港商法國興業,2023-12-29,1570
4919,新唐,20,16,4,港商法國興業,2023-12-29,1570
1707,葡萄王,3,0,3,港商法國興業,2023-12-29,1570
3406,玉晶光,3,0,3,港商法國興業,2023-12-29,1570
9914,美利達,3,0,3,港商法國興業,2023-12-29,1570
2889,國票金,2,0,2,港商法國興業,2023-12-29,1570
3037,欣興,2,0,2,港商法國興業,2023-12-29,1570
4720,德淵,2,0,2,港商法國興業,2023-12-29,1570
2385,群光,2,0,2,港商法國興業,2023-12-29,1570
2613,中櫃,2,0,2,港商法國興業,2023-12-29,1570
4927,泰鼎-KY,2,0,2,港商法國興業,2023-12-29,1570
6274,台燿,2,0,2,港商法國興業,2023-12-29,1570
8341,日友,2,0,2,港商法國興業,2023-12-29,1570
2609,陽明,1,0,1,港商法國興業,2023-12-29,1570
2883,凱基金,654,0,654,港商法國興業,2024-01-02,1570
2884,玉山金,391,43,348,港商法國興業,2024-01-02,1570
6770,力積電,305,19,286,港商法國興業,2024-01-02,1570
2880,華南金,219,12,207,港商法國興業,2024-01-02,1570
2324,仁寶,210,15,195,港商法國興業,2024-01-02,1570
2206,三陽工業,194,0,194,港商法國興業,2024-01-02,1570
2892,第一金,294,102,192,港商法國興業,2024-01-02,1570
9933,中鼎,191,0,191,港商法國興業,2024-01-02,1570
2317,鴻海,150,0,150,港商法國興業,2024-01-02,1570
4904,遠傳,140,27,113,港商法國興業,2024-01-02,1570
2834,臺企銀,78,0,78,港商法國興業,2024-01-02,1570
6206,飛捷,62,0,62,港商法國興業,2024-01-02,1570
2357,華碩,45,1,44,港商法國興業,2024-01-02,1570
5871,中租-KY,51,7,44,港商法國興業,2024-01-02,1570
2338,光罩,39,0,39,港商法國興業,2024-01-02,1570
2201,裕隆,38,0,38,港商法國興業,2024-01-02,1570
5457,宣德,34,0,34,港商法國興業,2024-01-02,1570
8916,光隆,28,0,28,港商法國興業,2024-01-02,1570
1737,臺鹽,22,0,22,港商法國興業,2024-01-02,1570
1710,東聯,19,0,19,港商法國興業,2024-01-02,1570
9945,潤泰新,60,44,16,港商法國興業,2024-01-02,1570
6830,汎銓,14,0,14,港商法國興業,2024-01-02,1570
2379,瑞昱,15,3,12,港商法國興業,2024-01-02,1570
2231,為升,11,0,11,港商法國興業,2024-01-02,1570
6285,啟��,11,0,11,港商法國興業,2024-01-02,1570
9802,鈺齊-KY,11,0,11,港商法國興業,2024-01-02,1570
2485,兆赫,10,0,10,港商法國興業,2024-01-02,1570
3529,力旺,9,0,9,港商法國興業,2024-01-02,1570
5243,乙盛-KY,8,0,8,港商法國興業,2024-01-02,1570
2454,聯發科,13,7,6,港商法國興業,2024-01-02,1570
3357,臺慶科,6,0,6,港商法國興業,2024-01-02,1570
6231,系微,6,0,6,港商法國興業,2024-01-02,1570
8109,博大,6,0,6,港商法國興業,2024-01-02,1570
4927,泰鼎-KY,5,0,5,港商法國興業,2024-01-02,1570
6719,力智,4,0,4,港商法國興業,2024-01-02,1570
3056,富華新,2,0,2,港商法國興業,2024-01-02,1570
4147,中裕,2,0,2,港商法國興業,2024-01-02,1570
4966,譜瑞-KY,2,0,2,港商法國興業,2024-01-02,1570
5536,聖暉*,2,0,2,港商法國興業,2024-01-02,1570
9930,中聯資源,2,0,2,港商法國興業,2024-01-02,1570
2316,楠梓電,1,0,1,港商法國興業,2024-01-02,1570
2049,上銀,1,0,1,港商法國興業,2024-01-02,1570
2428,興勤,1,0,1,港商法國興業,2024-01-02,1570
2634,漢翔,1,0,1,港商法國興業,2024-01-02,1570
2707,晶華,1,0,1,港商法國興業,2024-01-02,1570
4958,臻鼎-KY,1,0,1,港商法國興業,2024-01-02,1570
5469,瀚宇博,1,0,1,港商法國興業,2024-01-02,1570
9914,美利達,1,0,1,港商法國興業,2024-01-02,1570
3481,群創,1127,26,1101,港商法國興業,2024-01-03,1570
2618,長榮航,281,0,281,港商法國興業,2024-01-03,1570
4904,遠傳,256,15,241,港商法國興業,2024-01-03,1570
1303,南亞,271,43,228,港商法國興業,2024-01-03,1570
8112,至上,211,0,211,港商法國興業,2024-01-03,1570
6244,茂迪,110,0,110,港商法國興業,2024-01-03,1570
1210,大成,96,0,96,港商法國興業,2024-01-03,1570
2206,三陽工業,80,0,80,港商法國興業,2024-01-03,1570
1710,東聯,77,0,77,港商法國興業,2024-01-03,1570
1785,光洋科,77,0,77,港商法國興業,2024-01-03,1570
9945,潤泰新,77,0,77,港商法國興業,2024-01-03,1570
1216,統一,91,34,57,港商法國興業,2024-01-03,1570
2489,瑞軒,53,0,53,港商法國興業,2024-01-03,1570
5871,中租-KY,65,13,52,港商法國興業,2024-01-03,1570
2338,光罩,51,0,51,港商法國興業,2024-01-03,1570
2371,大同,54,7,47,港商法國興業,2024-01-03,1570
5607,遠雄港,45,0,45,港商法國興業,2024-01-03,1570
3019,亞光,42,0,42,港商法國興業,2024-01-03,1570
2890,永豐金,109,68,41,港商法國興業,2024-01-03,1570
2408,南亞科,59,22,37,港商法國興業,2024-01-03,1570
3058,立德,29,0,29,港商法國興業,2024-01-03,1570
2231,為升,26,0,26,港商法國興業,2024-01-03,1570
2344,華邦電,25,0,25,港商法國興業,2024-01-03,1570
2485,兆赫,23,0,23,港商法國興業,2024-01-03,1570
3030,德律,22,0,22,港商法國興業,2024-01-03,1570
2504,國產,21,0,21,港商法國興業,2024-01-03,1570
3532,台勝科,26,5,21,港商法國興業,2024-01-03,1570
1464,得力,20,0,20,港商法國興業,2024-01-03,1570
4916,事欣科,20,0,20,港商法國興業,2024-01-03,1570
5609,中菲行,20,0,20,港商法國興業,2024-01-03,1570
9933,中鼎,40,21,19,港商法國興業,2024-01-03,1570
2441,超豐,18,0,18,港商法國興業,2024-01-03,1570
3022,威強電,15,0,15,港商法國興業,2024-01-03,1570
4126,太醫,15,0,15,港商法國興業,2024-01-03,1570
4536,拓凱,15,0,15,港商法國興業,2024-01-03,1570
2885,元大金,65,51,14,港商法國興業,2024-01-03,1570
1737,臺鹽,13,0,13,港商法國興業,2024-01-03,1570
1736,喬山,13,0,13,港商法國興業,2024-01-03,1570
2027,大成鋼,13,0,13,港商法國興業,2024-01-03,1570
2457,飛宏,13,0,13,港商法國興業,2024-01-03,1570
3557,嘉威,13,0,13,港商法國興業,2024-01-03,1570
3026,禾伸堂,12,0,12,港商法國興業,2024-01-03,1570
3711,日月光投控,20,9,11,港商法國興業,2024-01-03,1570
4557,永新-KY,11,0,11,港商法國興業,2024-01-03,1570
2393,億光,10,0,10,港商法國興業,2024-01-03,1570
5388,中磊,10,0,10,港商法國興業,2024-01-03,1570
5534,長虹,10,0,10,港商法國興業,2024-01-03,1570
1339,昭輝,9,0,9,港商法國興業,2024-01-03,1570
2615,萬海,9,0,9,港商法國興業,2024-01-03,1570
3541,西柏,9,0,9,港商法國興業,2024-01-03,1570
2618,長榮航,4945,0,4945,港商法國興業,2024-01-04,1570
2883,凱基金,876,0,876,港商法國興業,2024-01-04,1570
2609,陽明,654,0,654,港商法國興業,2024-01-04,1570
4958,臻鼎-KY,406,0,406,港商法國興業,2024-01-04,1570
2206,三陽工業,232,0,232,港商法國興業,2024-01-04,1570
1618,合機,189,0,189,港商法國興業,2024-01-04,1570
2332,友訊,169,0,169,港商法國興業,2024-01-04,1570
4904,遠傳,157,0,157,港商法國興業,2024-01-04,1570
6244,茂迪,147,0,147,港商法國興業,2024-01-04,1570
2347,聯強,139,0,139,港商法國興業,2024-01-04,1570
2439,美律,129,0,129,港商法國興業,2024-01-04,1570
2617,台航,122,0,122,港商法國興業,2024-01-04,1570
6290,良維,116,0,116,港商法國興業,2024-01-04,1570
8936,國統,106,0,106,港商法國興業,2024-01-04,1570
1584,精剛,103,0,103,港商法國興業,2024-01-04,1570
8011,台通,99,0,99,港商法國興業,2024-01-04,1570
5347,世界,98,0,98,港商法國興業,2024-01-04,1570
2387,精元,91,2,89,港商法國興業,2024-01-04,1570
3033,威健,89,0,89,港商法國興業,2024-01-04,1570
8150,南茂,87,0,87,港商法國興業,2024-01-04,1570
3047,訊舟,78,0,78,港商法國興業,2024-01-04,1570
3481,群創,69,0,69,港商法國興業,2024-01-04,1570
2324,仁寶,66,0,66,港商法國興業,2024-01-04,1570
3231,緯創,66,0,66,港商法國興業,2024-01-04,1570
4973,廣穎,66,0,66,港商法國興業,2024-01-04,1570
2615,萬海,65,0,65,港商法國興業,2024-01-04,1570
3701,大眾控,64,0,64,港商法國興業,2024-01-04,1570
2338,光罩,60,0,60,港商法國興業,2024-01-04,1570
6112,邁達特,58,0,58,港商法國興業,2024-01-04,1570
3163,波若威,52,0,52,港商法國興業,2024-01-04,1570
6505,台塑化,51,0,51,港商法國興業,2024-01-04,1570
4743,合一,50,0,50,港商法國興業,2024-01-04,1570
5512,力麒,50,0,50,港商法國興業,2024-01-04,1570
1809,中釉,48,0,48,港商法國興業,2024-01-04,1570
2409,友達,48,0,48,港商法國興業,2024-01-04,1570
2460,建通,46,0,46,港商法國興業,2024-01-04,1570
2882,國泰金,50,9,41,港商法國興業,2024-01-04,1570
9945,潤泰新,40,0,40,港商法國興業,2024-01-04,1570
6185,幃翔,39,0,39,港商法國興業,2024-01-04,1570
1711,永光,38,0,38,港商法國興業,2024-01-04,1570
2390,云辰,38,0,38,港商法國興業,2024-01-04,1570
4533,協易機,38,0,38,港商法國興業,2024-01-04,1570
2485,兆赫,36,0,36,港商法國興業,2024-01-04,1570
3022,威強電,36,0,36,港商法國興業,2024-01-04,1570
5243,乙盛-KY,36,0,36,港商法國興業,2024-01-04,1570
2344,華邦電,34,0,34,港商法國興業,2024-01-04,1570
3438,類比科,34,0,34,港商法國興業,2024-01-04,1570
2834,臺企銀,33,0,33,港商法國興業,2024-01-04,1570
6214,精誠,32,0,32,港商法國興業,2024-01-04,1570
8049,晶采,30,0,30,港商法國興業,2024-01-04,1570
6770,力積電,205,50,155,港商法國興業,2024-01-05,1570
4904,遠傳,97,0,97,港商法國興業,2024-01-05,1570
6182,合晶,88,0,88,港商法國興業,2024-01-05,1570
4114,健喬,84,0,84,港商法國興業,2024-01-05,1570
2211,長榮鋼,81,0,81,港商法國興業,2024-01-05,1570
2636,台驊控股,74,0,74,港商法國興業,2024-01-05,1570
1504,東元,71,0,71,港商法國興業,2024-01-05,1570
1616,億泰,70,0,70,港商法國興業,2024-01-05,1570
3260,威剛,64,0,64,港商法國興業,2024-01-05,1570
6505,台塑化,52,0,52,港商法國興業,2024-01-05,1570
1612,宏泰,49,0,49,港商法國興業,2024-01-05,1570
6244,茂迪,45,0,45,港商法國興業,2024-01-05,1570
6213,聯茂,44,0,44,港商法國興業,2024-01-05,1570
4532,瑞智,43,0,43,港商法國興業,2024-01-05,1570
2038,海光,39,0,39,港商法國興業,2024-01-05,1570
9921,巨大,39,0,39,港商法國興業,2024-01-05,1570
1808,潤隆,37,0,37,港商法國興業,2024-01-05,1570
6416,瑞祺電通,37,0,37,港商法國興業,2024-01-05,1570
2611,志信,36,0,36,港商法國興業,2024-01-05,1570
6214,精誠,34,0,34,港商法國興業,2024-01-05,1570
2887,台新金,33,0,33,港商法國興業,2024-01-05,1570
3088,艾訊,33,0,33,港商法國興業,2024-01-05,1570
1471,首利,32,0,32,港商法國興業,2024-01-05,1570
2206,三陽工業,32,0,32,港商法國興業,2024-01-05,1570
2731,雄獅,32,0,32,港商法國興業,2024-01-05,1570
1905,華紙,30,0,30,港商法國興業,2024-01-05,1570
4147,中裕,30,0,30,港商法國興業,2024-01-05,1570
8070,長華*,30,0,30,港商法國興業,2024-01-05,1570
1442,名軒,27,0,27,港商法國興業,2024-01-05,1570
6257,矽格,27,0,27,港商法國興業,2024-01-05,1570
2365,昆盈,26,0,26,港商法國興業,2024-01-05,1570
9917,中保科,26,0,26,港商法國興業,2024-01-05,1570
2542,興富發,24,0,24,港商法國興業,2024-01-05,1570
3346,麗清,24,0,24,港商法國興業,2024-01-05,1570
6209,今國光,24,0,24,港商法國興業,2024-01-05,1570
1809,中釉,22,0,22,港商法國興業,2024-01-05,1570
3390,旭軟,22,0,22,港商法國興業,2024-01-05,1570
9933,中鼎,23,1,22,港商法國興業,2024-01-05,1570
3705,永信,21,0,21,港商法國興業,2024-01-05,1570
9904,寶成,21,0,21,港商法國興業,2024-01-05,1570
1609,大亞,20,0,20,港商法國興業,2024-01-05,1570
2505,國揚,19,0,19,港商法國興業,2024-01-05,1570
5388,中磊,19,0,19,港商法國興業,2024-01-05,1570
4119,旭富,18,0,18,港商法國興業,2024-01-05,1570
6477,安集,17,0,17,港商法國興業,2024-01-05,1570
1615,大山,16,0,16,港商法國興業,2024-01-05,1570
3060,銘異,16,0,16,港商法國興業,2024-01-05,1570
2832,台產,15,0,15,港商法國興業,2024-01-05,1570
2882,國泰金,15,0,15,港商法國興業,2024-01-05,1570
6743,安普新,15,0,15,港商法國興業,2024-01-05,1570
2883,凱基金,282,0,282,港商法國興業,2024-01-08,1570
3481,群創,244,0,244,港商法國興業,2024-01-08,1570
2882,國泰金,197,0,197,港商法國興業,2024-01-08,1570
2888,新光金,181,0,181,港商法國興業,2024-01-08,1570
2330,台積電,166,4,162,港商法國興業,2024-01-08,1570
2834,臺企銀,159,0,159,港商法國興業,2024-01-08,1570
4904,遠傳,136,0,136,港商法國興業,2024-01-08,1570
6770,力積電,124,0,124,港商法國興業,2024-01-08,1570
2303,聯電,109,0,109,港商法國興業,2024-01-08,1570
2610,華航,90,0,90,港商法國興業,2024-01-08,1570
2880,華南金,89,0,89,港商法國興業,2024-01-08,1570
3231,緯創,90,7,83,港商法國興業,2024-01-08,1570
2618,長榮航,80,0,80,港商法國興業,2024-01-08,1570
1616,億泰,72,0,72,港商法國興業,2024-01-08,1570
1402,遠東新,66,0,66,港商法國興業,2024-01-08,1570
2412,中華電,63,0,63,港商法國興業,2024-01-08,1570
2885,元大金,60,0,60,港商法國興業,2024-01-08,1570
1326,台化,55,0,55,港商法國興業,2024-01-08,1570
3346,麗清,55,0,55,港商法國興業,2024-01-08,1570
6112,邁達特,54,0,54,港商法國興業,2024-01-08,1570
6188,廣明,54,0,54,港商法國興業,2024-01-08,1570
2615,萬海,53,0,53,港商法國興業,2024-01-08,1570
2886,兆豐金,53,0,53,港商法國興業,2024-01-08,1570
1101,台泥,49,0,49,港商法國興業,2024-01-08,1570
5519,隆大,45,0,45,港商法國興業,2024-01-08,1570
9921,巨大,40,0,40,港商法國興業,2024-01-08,1570
2356,英業達,39,0,39,港商法國興業,2024-01-08,1570
1529,樂事綠能,38,0,38,港商法國興業,2024-01-08,1570
2542,興富發,38,0,38,港商法國興業,2024-01-08,1570
1612,宏泰,37,0,37,港商法國興業,2024-01-08,1570
2347,聯強,37,0,37,港商法國興業,2024-01-08,1570
6416,瑞祺電通,37,0,37,港商法國興業,2024-01-08,1570
2344,華邦電,35,0,35,港商法國興業,2024-01-08,1570
1513,中興電,44,10,34,港商法國興業,2024-01-08,1570
1605,華新,34,0,34,港商法國興業,2024-01-08,1570
4113,聯上,34,0,34,港商法國興業,2024-01-08,1570
1102,亞泥,32,0,32,港商法國興業,2024-01-08,1570
2382,廣達,32,0,32,港商法國興業,2024-01-08,1570
3042,晶技,31,0,31,港商法國興業,2024-01-08,1570
4533,協易機,31,0,31,港商法國興業,2024-01-08,1570
2881,富邦金,29,0,29,港商法國興業,2024-01-08,1570
4938,和碩,29,0,29,港商法國興業,2024-01-08,1570
2609,陽明,28,0,28,港商法國興業,2024-01-08,1570
3058,立德,27,0,27,港商法國興業,2024-01-08,1570
8028,昇陽半導體,27,0,27,港商法國興業,2024-01-08,1570
2365,昆盈,26,0,26,港商法國興業,2024-01-08,1570
2002,中鋼,26,0,26,港商法國興業,2024-01-08,1570
4174,浩鼎,25,0,25,港商法國興業,2024-01-08,1570
6161,捷波,25,0,25,港商法國興業,2024-01-08,1570
2535,達欣工,24,0,24,港商法國興業,2024-01-08,1570
2303,聯電,1358,0,1358,港商法國興業,2024-01-09,1570
2618,長榮航,353,2,351,港商法國興業,2024-01-09,1570
4167,松瑞藥,220,0,220,港商法國興業,2024-01-09,1570
4904,遠傳,199,0,199,港商法國興業,2024-01-09,1570
2409,友達,181,0,181,港商法國興業,2024-01-09,1570
3481,群創,178,0,178,港商法國興業,2024-01-09,1570
2845,遠東銀,163,0,163,港商法國興業,2024-01-09,1570
2002,中鋼,153,0,153,港商法國興業,2024-01-09,1570
2889,國票金,136,0,136,港商法國興業,2024-01-09,1570
6116,彩晶,131,0,131,港商法國興業,2024-01-09,1570
2886,兆豐金,120,1,119,港商法國興業,2024-01-09,1570
5876,上海商銀,110,0,110,港商法國興業,2024-01-09,1570
1402,遠東新,109,0,109,港商法國興業,2024-01-09,1570
3576,聯合再生,106,0,106,港商法國興業,2024-01-09,1570
2023,燁輝,93,0,93,港商法國興業,2024-01-09,1570
3056,富華新,91,0,91,港商法國興業,2024-01-09,1570
6282,康舒,76,0,76,港商法國興業,2024-01-09,1570
2884,玉山金,72,0,72,港商法國興業,2024-01-09,1570
2615,萬海,71,0,71,港商法國興業,2024-01-09,1570
2498,宏達電,61,0,61,港商法國興業,2024-01-09,1570
2883,凱基金,56,0,56,港商法國興業,2024-01-09,1570
2903,遠百,55,0,55,港商法國興業,2024-01-09,1570
1447,力鵬,53,0,53,港商法國興業,2024-01-09,1570
1471,首利,49,0,49,港商法國興業,2024-01-09,1570
2337,旺宏,46,0,46,港商法國興業,2024-01-09,1570
6257,矽格,42,0,42,港商法國興業,2024-01-09,1570
2609,陽明,38,0,38,港商法國興業,2024-01-09,1570
2442,新美齊,37,0,37,港商法國興業,2024-01-09,1570
2617,台航,35,0,35,港商法國興業,2024-01-09,1570
6112,邁達特,34,0,34,港商法國興業,2024-01-09,1570
2606,裕民,33,0,33,港商法國興業,2024-01-09,1570
5519,隆大,31,0,31,港商法國興業,2024-01-09,1570
1440,南紡,30,0,30,港商法國興業,2024-01-09,1570
3058,立德,30,0,30,港商法國興業,2024-01-09,1570
4532,瑞智,34,5,29,港商法國興業,2024-01-09,1570
2105,正新,28,0,28,港商法國興業,2024-01-09,1570
3591,艾笛森,28,0,28,港商法國興業,2024-01-09,1570
3211,順達,27,0,27,港商法國興業,2024-01-09,1570
4743,合一,26,0,26,港商法國興業,2024-01-09,1570
3027,盛達,25,0,25,港商法國興業,2024-01-09,1570
2371,大同,24,0,24,港商法國興業,2024-01-09,1570
6182,合晶,24,0,24,港商法國興業,2024-01-09,1570
2428,興勤,23,0,23,港商法國興業,2024-01-09,1570
2344,華邦電,46,24,22,港商法國興業,2024-01-09,1570
2485,兆赫,22,0,22,港商法國興業,2024-01-09,1570
4976,佳凌,22,0,22,港商法國興業,2024-01-09,1570
3090,日電貿,21,0,21,港商法國興業,2024-01-09,1570
8916,光隆,21,0,21,港商法國興業,2024-01-09,1570
1219,福壽,20,0,20,港商法國興業,2024-01-09,1570
4147,中裕,26,6,20,港商法國興業,2024-01-09,1570
1402,遠東新,370,0,370,港商法國興業,2024-01-10,1570
2382,廣達,274,0,274,港商法國興業,2024-01-10,1570
2105,正新,230,0,230,港商法國興業,2024-01-10,1570
2884,玉山金,208,0,208,港商法國興業,2024-01-10,1570
2330,台積電,224,17,207,港商法國興業,2024-01-10,1570
2356,英業達,184,0,184,港商法國興業,2024-01-10,1570
2886,兆豐金,171,0,171,港商法國興業,2024-01-10,1570
4938,和碩,152,0,152,港商法國興業,2024-01-10,1570
2618,長榮航,120,0,120,港商法國興業,2024-01-10,1570
3576,聯合再生,115,0,115,港商法國興業,2024-01-10,1570
4904,遠傳,104,0,104,港商法國興業,2024-01-10,1570
1304,台聚,91,0,91,港商法國興業,2024-01-10,1570
2610,華航,84,0,84,港商法國興業,2024-01-10,1570
2371,大同,83,0,83,港商法國興業,2024-01-10,1570
1305,華夏,70,0,70,港商法國興業,2024-01-10,1570
1210,大成,64,0,64,港商法國興業,2024-01-10,1570
2337,旺宏,62,0,62,港商法國興業,2024-01-10,1570
2633,台灣高鐵,61,0,61,港商法國興業,2024-01-10,1570
6770,力積電,59,0,59,港商法國興業,2024-01-10,1570
2891,中信金,57,0,57,港商法國興業,2024-01-10,1570
2313,華通,54,0,54,港商法國興業,2024-01-10,1570
2542,興富發,53,0,53,港商法國興業,2024-01-10,1570
1905,華紙,41,0,41,港商法國興業,2024-01-10,1570
2637,慧洋-KY,41,0,41,港商法國興業,2024-01-10,1570
9927,泰銘,41,0,41,港商法國興業,2024-01-10,1570
2393,億光,40,0,40,港商法國興業,2024-01-10,1570
3665,貿聯-KY,39,0,39,港商法國興業,2024-01-10,1570
1733,五鼎,37,0,37,港商法國興業,2024-01-10,1570
1785,光洋科,32,0,32,港商法國興業,2024-01-10,1570
2030,彰源,31,0,31,港商法國興業,2024-01-10,1570
9921,巨大,29,0,29,港商法國興業,2024-01-10,1570
1216,統一,27,0,27,港商法國興業,2024-01-10,1570
2881,富邦金,27,0,27,港商法國興業,2024-01-10,1570
3504,揚明光,27,0,27,港商法國興業,2024-01-10,1570
6257,矽格,26,0,26,港商法國興業,2024-01-10,1570
1702,南僑,24,0,24,港商法國興業,2024-01-10,1570
6477,安集,24,0,24,港商法國興業,2024-01-10,1570
2505,國揚,23,0,23,港商法國興業,2024-01-10,1570
2485,兆赫,22,0,22,港商法國興業,2024-01-10,1570
2359,所羅門,19,0,19,港商法國興業,2024-01-10,1570
2102,泰豐,18,0,18,港商法國興業,2024-01-10,1570
2615,萬海,18,0,18,港商法國興業,2024-01-10,1570
5609,中菲行,18,0,18,港商法國興業,2024-01-10,1570
1451,年興,17,0,17,港商法國興業,2024-01-10,1570
2412,中華電,17,0,17,港商法國興業,2024-01-10,1570
6672,騰輝電子-KY,17,0,17,港商法國興業,2024-01-10,1570
2367,燿華,16,0,16,港商法國興業,2024-01-10,1570
1529,樂事綠能,16,0,16,港商法國興業,2024-01-10,1570
1519,華城,16,0,16,港商法國興業,2024-01-10,1570
1736,喬山,16,0,16,港商法國興業,2024-01-10,1570
2884,玉山金,1385,0,1385,港商法國興業,2024-01-11,1570
2330,台積電,293,15,278,港商法國興業,2024-01-11,1570
2610,華航,181,4,177,港商法國興業,2024-01-11,1570
3231,緯創,146,0,146,港商法國興業,2024-01-11,1570
4904,遠傳,141,0,141,港商法國興業,2024-01-11,1570
2637,慧洋-KY,137,0,137,港商法國興業,2024-01-11,1570
6282,康舒,132,0,132,港商法國興業,2024-01-11,1570
1402,遠東新,100,0,100,港商法國興業,2024-01-11,1570
4743,合一,66,0,66,港商法國興業,2024-01-11,1570
1808,潤隆,48,0,48,港商法國興業,2024-01-11,1570
1536,和大,45,0,45,港商法國興業,2024-01-11,1570
3450,聯鈞,44,0,44,港商法國興業,2024-01-11,1570
2472,立隆電,38,0,38,港商法國興業,2024-01-11,1570
3710,連展投控,38,0,38,港商法國興業,2024-01-11,1570
6188,廣明,35,0,35,港商法國興業,2024-01-11,1570
2614,東森,30,0,30,港商法國興業,2024-01-11,1570
2367,燿華,29,0,29,港商法國興業,2024-01-11,1570
2371,大同,27,0,27,港商法國興業,2024-01-11,1570
2882,國泰金,25,0,25,港商法國興業,2024-01-11,1570
3088,艾訊,23,0,23,港商法國興業,2024-01-11,1570
3022,威強電,22,0,22,港商法國興業,2024-01-11,1570
6477,安集,22,0,22,港商法國興業,2024-01-11,1570
3038,全台,21,0,21,港商法國興業,2024-01-11,1570
3711,日月光投控,21,0,21,港商法國興業,2024-01-11,1570
8171,天宇,21,0,21,港商法國興業,2024-01-11,1570
5511,德昌,18,0,18,港商法國興業,2024-01-11,1570
2485,兆赫,16,0,16,港商法國興業,2024-01-11,1570
6196,帆宣,16,0,16,港商法國興業,2024-01-11,1570
3548,兆利,15,0,15,港商法國興業,2024-01-11,1570
6672,騰輝電子-KY,15,0,15,港商法國興業,2024-01-11,1570
2009,第一銅,14,0,14,港商法國興業,2024-01-11,1570
6173,信昌電,14,0,14,港商法國興業,2024-01-11,1570
3092,鴻碩,13,0,13,港商法國興業,2024-01-11,1570
6269,台郡,13,0,13,港商法國興業,2024-01-11,1570
1522,堤維西,17,5,12,港商法國興業,2024-01-11,1570
2880,華南金,12,0,12,港商法國興業,2024-01-11,1570
3008,大立光,12,0,12,港商法國興業,2024-01-11,1570
3708,上緯投控,11,0,11,港商法國興業,2024-01-11,1570
6830,汎銓,11,0,11,港商法國興業,2024-01-11,1570
2887,台新金,10,0,10,港商法國興業,2024-01-11,1570
1560,中砂,10,0,10,港商法國興業,2024-01-11,1570
8916,光隆,10,0,10,港商法國興業,2024-01-11,1570
1615,大山,9,0,9,港商法國興業,2024-01-11,1570
4551,智伸科,9,0,9,港商法國興業,2024-01-11,1570
8942,森鉅,9,0,9,港商法國興業,2024-01-11,1570
2428,興勤,8,0,8,港商法國興業,2024-01-11,1570
3026,禾伸堂,8,0,8,港商法國興業,2024-01-11,1570
8433,弘帆,8,0,8,港商法國興業,2024-01-11,1570
2332,友訊,6,0,6,港商法國興業,2024-01-11,1570
1305,華夏,6,0,6,港商法國興業,2024-01-11,1570
1519,華城,269,0,269,港商法國興業,2024-01-12,1570
4743,合一,165,0,165,港商法國興業,2024-01-12,1570
2637,慧洋-KY,137,0,137,港商法國興業,2024-01-12,1570
2885,元大金,153,25,128,港商法國興業,2024-01-12,1570
2888,新光金,200,89,111,港商法國興業,2024-01-12,1570
2605,新興,80,0,80,港商法國興業,2024-01-12,1570
2890,永豐金,75,0,75,港商法國興業,2024-01-12,1570
1102,亞泥,74,0,74,港商法國興業,2024-01-12,1570
2881,富邦金,64,0,64,港商法國興業,2024-01-12,1570
2324,仁寶,84,24,60,港商法國興業,2024-01-12,1570
3588,通嘉,44,0,44,港商法國興業,2024-01-12,1570
2317,鴻海,40,0,40,港商法國興業,2024-01-12,1570
2367,燿華,32,0,32,港商法國興業,2024-01-12,1570
2498,宏達電,30,0,30,港商法國興業,2024-01-12,1570
2884,玉山金,27,0,27,港商法國興業,2024-01-12,1570
3209,全科,27,0,27,港商法國興業,2024-01-12,1570
3704,合勤控,26,0,26,港商法國興業,2024-01-12,1570
2633,台灣高鐵,23,0,23,港商法國興業,2024-01-12,1570
9958,世紀鋼,21,0,21,港商法國興業,2024-01-12,1570
2495,普安,20,0,20,港商法國興業,2024-01-12,1570
3443,創意,20,0,20,港商法國興業,2024-01-12,1570
6282,康舒,20,0,20,港商法國興業,2024-01-12,1570
4147,中裕,19,0,19,港商法國興業,2024-01-12,1570
4114,健喬,18,0,18,港商法國興業,2024-01-12,1570
1736,喬山,16,0,16,港商法國興業,2024-01-12,1570
2338,光罩,16,0,16,港商法國興業,2024-01-12,1570
2330,台積電,63,49,14,港商法國興業,2024-01-12,1570
6830,汎銓,13,0,13,港商法國興業,2024-01-12,1570
5457,宣德,12,0,12,港商法國興業,2024-01-12,1570
1442,名軒,11,0,11,港商法國興業,2024-01-12,1570
4532,瑞智,11,0,11,港商法國興業,2024-01-12,1570
2485,兆赫,10,0,10,港商法國興業,2024-01-12,1570
4536,拓凱,10,0,10,港商法國興業,2024-01-12,1570
8916,光隆,10,0,10,港商法國興業,2024-01-12,1570
9914,美利達,10,0,10,港商法國興業,2024-01-12,1570
2030,彰源,9,0,9,港商法國興業,2024-01-12,1570
1503,士電,9,0,9,港商法國興業,2024-01-12,1570
3661,世芯-KY,9,0,9,港商法國興業,2024-01-12,1570
6806,森崴能源,9,0,9,港商法國興業,2024-01-12,1570
1612,宏泰,8,0,8,港商法國興業,2024-01-12,1570
2201,裕隆,10,2,8,港商法國興業,2024-01-12,1570
6271,同欣電,8,0,8,港商法國興業,2024-01-12,1570
3045,台灣大,7,0,7,港商法國興業,2024-01-12,1570
4919,新唐,7,0,7,港商法國興業,2024-01-12,1570
2454,聯發科,10,4,6,港商法國興業,2024-01-12,1570
2412,中華電,6,0,6,港商法國興業,2024-01-12,1570
3017,奇鋐,6,0,6,港商法國興業,2024-01-12,1570
2345,智邦,5,0,5,港商法國興業,2024-01-12,1570
5904,寶雅,5,0,5,港商法國興業,2024-01-12,1570
6196,帆宣,5,0,5,港商法國興業,2024-01-12,1570
1609,大亞,413,0,413,港商法國興業,2024-01-15,1570
1513,中興電,235,0,235,港商法國興業,2024-01-15,1570
2834,臺企銀,168,16,152,港商法國興業,2024-01-15,1570
2615,萬海,129,6,123,港商法國興業,2024-01-15,1570
2609,陽明,150,55,95,港商法國興業,2024-01-15,1570
2801,彰銀,70,0,70,港商法國興業,2024-01-15,1570
6531,愛普*,58,3,55,港商法國興業,2024-01-15,1570
2542,興富發,52,0,52,港商法國興業,2024-01-15,1570
2890,永豐金,51,0,51,港商法國興業,2024-01-15,1570
2880,華南金,49,0,49,港商法國興業,2024-01-15,1570
2883,凱基金,40,0,40,港商法國興業,2024-01-15,1570
2605,新興,37,0,37,港商法國興業,2024-01-15,1570
2887,台新金,37,0,37,港商法國興業,2024-01-15,1570
3231,緯創,45,12,33,港商法國興業,2024-01-15,1570
2886,兆豐金,32,0,32,港商法國興業,2024-01-15,1570
4114,健喬,28,0,28,港商法國興業,2024-01-15,1570
2409,友達,45,19,26,港商法國興業,2024-01-15,1570
2882,國泰金,26,0,26,港商法國興業,2024-01-15,1570
4147,中裕,25,0,25,港商法國興業,2024-01-15,1570
3081,聯亞,24,0,24,港商法國興業,2024-01-15,1570
5609,中菲行,24,0,24,港商法國興業,2024-01-15,1570
2885,元大金,23,0,23,港商法國興業,2024-01-15,1570
1402,遠東新,22,0,22,港商法國興業,2024-01-15,1570
2892,第一金,20,0,20,港商法國興業,2024-01-15,1570
1710,東聯,19,0,19,港商法國興業,2024-01-15,1570
6830,汎銓,19,0,19,港商法國興業,2024-01-15,1570
8916,光隆,18,0,18,港商法國興業,2024-01-15,1570
2347,聯強,13,0,13,港商法國興業,2024-01-15,1570
5425,台半,13,0,13,港商法國興業,2024-01-15,1570
2105,正新,12,0,12,港商法國興業,2024-01-15,1570
1303,南亞,19,7,12,港商法國興業,2024-01-15,1570
3006,晶豪科,12,0,12,港商法國興業,2024-01-15,1570
5347,世界,12,0,12,港商法國興業,2024-01-15,1570
1101,台泥,11,0,11,港商法國興業,2024-01-15,1570
2454,聯發科,12,1,11,港商法國興業,2024-01-15,1570
2485,兆赫,11,0,11,港商法國興業,2024-01-15,1570
4904,遠傳,11,0,11,港商法國興業,2024-01-15,1570
2356,英業達,10,0,10,港商法國興業,2024-01-15,1570
2316,楠梓電,10,0,10,港商法國興業,2024-01-15,1570
3014,聯陽,10,0,10,港商法國興業,2024-01-15,1570
1326,台化,9,0,9,港商法國興業,2024-01-15,1570
9914,美利達,9,0,9,港商法國興業,2024-01-15,1570
2338,光罩,8,0,8,港商法國興業,2024-01-15,1570
1319,東陽,8,0,8,港商法國興業,2024-01-15,1570
3702,大聯大,8,0,8,港商法國興業,2024-01-15,1570
1536,和大,7,0,7,港商法國興業,2024-01-15,1570
4743,合一,7,0,7,港商法國興業,2024-01-15,1570
1216,統一,6,0,6,港商法國興業,2024-01-15,1570
6288,聯嘉,6,0,6,港商法國興業,2024-01-15,1570
3045,台灣大,5,0,5,港商法國興業,2024-01-15,1570
2637,慧洋-KY,142,2,140,港商法國興業,2024-01-16,1570
2313,華通,90,0,90,港商法國興業,2024-01-16,1570
9958,世紀鋼,69,15,54,港商法國興業,2024-01-16,1570
9914,美利達,46,1,45,港商法國興業,2024-01-16,1570
3005,神基,36,2,34,港商法國興業,2024-01-16,1570
2449,京元電子,30,2,28,港商法國興業,2024-01-16,1570
3209,全科,24,0,24,港商法國興業,2024-01-16,1570
6285,啟��,20,0,20,港商法國興業,2024-01-16,1570
2367,燿華,16,0,16,港商法國興業,2024-01-16,1570
9908,大台北,15,0,15,港商法國興業,2024-01-16,1570
2485,兆赫,16,2,14,港商法國興業,2024-01-16,1570
2409,友達,136,125,11,港商法國興業,2024-01-16,1570
5609,中菲行,11,0,11,港商法國興業,2024-01-16,1570
8171,天宇,10,0,10,港商法國興業,2024-01-16,1570
1710,東聯,7,0,7,港商法國興業,2024-01-16,1570
2455,全新,6,0,6,港商法國興業,2024-01-16,1570
2428,興勤,5,0,5,港商法國興業,2024-01-16,1570
3533,嘉澤,4,0,4,港商法國興業,2024-01-16,1570
3704,合勤控,5,1,4,港商法國興業,2024-01-16,1570
6214,精誠,4,0,4,港商法國興業,2024-01-16,1570
8436,大江,4,0,4,港商法國興業,2024-01-16,1570
3380,明泰,4,1,3,港商法國興業,2024-01-16,1570
5225,東科-KY,3,0,3,港商法國興業,2024-01-16,1570
6180,橘子,3,0,3,港商法國興業,2024-01-16,1570
1522,堤維西,5,3,2,港商法國興業,2024-01-16,1570
2338,光罩,2,0,2,港商法國興業,2024-01-16,1570
2412,中華電,2,0,2,港商法國興業,2024-01-16,1570
3526,凡甲,2,0,2,港商法國興業,2024-01-16,1570
9941,裕融,3,1,2,港商法國興業,2024-01-16,1570
2231,為升,1,0,1,港商法國興業,2024-01-16,1570
2464,盟立,2,1,1,港商法國興業,2024-01-16,1570
3711,日月光投控,18,17,1,港商法國興業,2024-01-16,1570
4147,中裕,1,0,1,港商法國興業,2024-01-16,1570
4536,拓凱,1,0,1,港商法國興業,2024-01-16,1570
6288,聯嘉,1,0,1,港商法國興業,2024-01-16,1570
6670,復盛應用,1,0,1,港商法國興業,2024-01-16,1570
6830,汎銓,1,0,1,港商法國興業,2024-01-16,1570
8341,日友,1,0,1,港商法國興業,2024-01-16,1570
2891,中信金,3003,0,3003,港商法國興業,2024-01-17,1570
2834,臺企銀,430,32,398,港商法國興業,2024-01-17,1570
2890,永豐金,275,0,275,港商法國興業,2024-01-17,1570
2308,台達電,195,0,195,港商法國興業,2024-01-17,1570
2330,台積電,190,28,162,港商法國興業,2024-01-17,1570
2886,兆豐金,150,41,109,港商法國興業,2024-01-17,1570
8299,群聯,89,0,89,港商法國興業,2024-01-17,1570
9904,寶成,90,8,82,港商法國興業,2024-01-17,1570
2353,宏��,94,15,79,港商法國興業,2024-01-17,1570
2023,燁輝,74,5,69,港商法國興業,2024-01-17,1570
2344,華邦電,68,11,57,港商法國興業,2024-01-17,1570
1216,統一,50,0,50,港商法國興業,2024-01-17,1570
8112,至上,50,0,50,港商法國興業,2024-01-17,1570
2511,太子,58,13,45,港商法國興業,2024-01-17,1570
1102,亞泥,53,12,41,港商法國興業,2024-01-17,1570
1528,恩德,44,4,40,港商法國興業,2024-01-17,1570
1440,南紡,40,0,40,港商法國興業,2024-01-17,1570
2409,友達,66,26,40,港商法國興業,2024-01-17,1570
2367,燿華,39,2,37,港商法國興業,2024-01-17,1570
9914,美利達,33,0,33,港商法國興業,2024-01-17,1570
1215,卜蜂,32,0,32,港商法國興業,2024-01-17,1570
2485,兆赫,32,0,32,港商法國興業,2024-01-17,1570
3231,緯創,31,0,31,港商法國興業,2024-01-17,1570
8436,大江,29,0,29,港商法國興業,2024-01-17,1570
2838,聯邦銀,28,0,28,港商法國興業,2024-01-17,1570
1609,大亞,25,0,25,港商法國興業,2024-01-17,1570
2603,長榮,25,0,25,港商法國興業,2024-01-17,1570
5608,四維航,25,0,25,港商法國興業,2024-01-17,1570
6116,彩晶,25,0,25,港商法國興業,2024-01-17,1570
1319,東陽,22,0,22,港商法國興業,2024-01-17,1570
2454,聯發科,23,1,22,港商法國興業,2024-01-17,1570
2855,統一證,21,0,21,港商法國興業,2024-01-17,1570
1560,中砂,25,5,20,港商法國興業,2024-01-17,1570
6121,新普,20,0,20,港商法國興業,2024-01-17,1570
6191,精成科,20,0,20,港商法國興業,2024-01-17,1570
9939,宏全,18,0,18,港商法國興業,2024-01-17,1570
9921,巨大,19,2,17,港商法國興業,2024-01-17,1570
6188,廣明,16,0,16,港商法國興業,2024-01-17,1570
4130,健亞,15,0,15,港商法國興業,2024-01-17,1570
2342,茂矽,13,0,13,港商法國興業,2024-01-17,1570
2609,陽明,13,0,13,港商法國興業,2024-01-17,1570
2850,新產,13,0,13,港商法國興業,2024-01-17,1570
2882,國泰金,11,0,11,港商法國興業,2024-01-17,1570
4766,南寶,11,0,11,港商法國興業,2024-01-17,1570
6214,精誠,11,0,11,港商法國興業,2024-01-17,1570
9802,鈺齊-KY,11,0,11,港商法國興業,2024-01-17,1570
2006,東和鋼鐵,10,0,10,港商法國興業,2024-01-17,1570
2105,正新,10,0,10,港商法國興業,2024-01-17,1570
2618,長榮航,14,4,10,港商法國興業,2024-01-17,1570
3005,神基,12,2,10,港商法國興業,2024-01-17,1570
2891,中信金,1794,58,1736,港商法國興業,2024-01-18,1570
2317,鴻海,518,0,518,港商法國興業,2024-01-18,1570
2887,台新金,448,79,369,港商法國興業,2024-01-18,1570
2027,大成鋼,137,0,137,港商法國興業,2024-01-18,1570
2485,兆赫,124,0,124,港商法國興業,2024-01-18,1570
2330,台積電,133,21,112,港商法國興業,2024-01-18,1570
5876,上海商銀,103,0,103,港商法國興業,2024-01-18,1570
3045,台灣大,78,0,78,港商法國興業,2024-01-18,1570
2912,統一超,48,0,48,港商法國興業,2024-01-18,1570
1605,華新,44,0,44,港商法國興業,2024-01-18,1570
3548,兆利,38,0,38,港商法國興業,2024-01-18,1570
8436,大江,32,0,32,港商法國興業,2024-01-18,1570
9914,美利達,32,0,32,港商法國興業,2024-01-18,1570
2367,燿華,31,0,31,港商法國興業,2024-01-18,1570
4904,遠傳,52,23,29,港商法國興業,2024-01-18,1570
1722,台肥,21,0,21,港商法國興業,2024-01-18,1570
2352,佳世達,21,0,21,港商法國興業,2024-01-18,1570
3005,神基,22,2,20,港商法國興業,2024-01-18,1570
5388,中磊,16,0,16,港商法國興業,2024-01-18,1570
3711,日月光投控,11,0,11,港商法國興業,2024-01-18,1570
8171,天宇,9,0,9,港商法國興業,2024-01-18,1570
2637,慧洋-KY,8,0,8,港商法國興業,2024-01-18,1570
2748,雲品,7,0,7,港商法國興業,2024-01-18,1570
3483,力致,7,0,7,港商法國興業,2024-01-18,1570
5880,合庫金,7,0,7,港商法國興業,2024-01-18,1570
6188,廣明,7,0,7,港商法國興業,2024-01-18,1570
2801,彰銀,6,0,6,港商法國興業,2024-01-18,1570
2834,臺企銀,6,0,6,港商法國興業,2024-01-18,1570
1522,堤維西,7,3,4,港商法國興業,2024-01-18,1570
2059,川湖,4,0,4,港商法國興業,2024-01-18,1570
2356,英業達,4,0,4,港商法國興業,2024-01-18,1570
6770,力積電,4,0,4,港商法國興業,2024-01-18,1570
2324,仁寶,3,0,3,港商法國興業,2024-01-18,1570
2002,中鋼,3,0,3,港商法國興業,2024-01-18,1570
6613,朋億*,3,0,3,港商法國興業,2024-01-18,1570
1326,台化,2,0,2,港商法國興業,2024-01-18,1570
2247,汎德永業,2,0,2,港商法國興業,2024-01-18,1570
2105,正新,2,0,2,港商法國興業,2024-01-18,1570
2362,藍天,2,0,2,港商法國興業,2024-01-18,1570
2464,盟立,2,0,2,港商法國興業,2024-01-18,1570
5225,東科-KY,2,0,2,港商法國興業,2024-01-18,1570
6472,保瑞,2,0,2,港商法國興業,2024-01-18,1570
2530,華建,1,0,1,港商法國興業,2024-01-18,1570
2454,聯發科,3,2,1,港商法國興業,2024-01-18,1570
2409,友達,1,0,1,港商法國興業,2024-01-18,1570
2049,上銀,1,0,1,港商法國興業,2024-01-18,1570
3008,大立光,1,0,1,港商法國興業,2024-01-18,1570
4551,智伸科,1,0,1,港商法國興業,2024-01-18,1570
4958,臻鼎-KY,1,0,1,港商法國興業,2024-01-18,1570
6505,台塑化,1,0,1,港商法國興業,2024-01-18,1570
2891,中信金,623,0,623,港商法國興業,2024-01-19,1570
2303,聯電,525,9,516,港商法國興業,2024-01-19,1570
2449,京元電子,221,0,221,港商法國興業,2024-01-19,1570
2887,台新金,204,0,204,港商法國興業,2024-01-19,1570
3576,聯合再生,204,0,204,港商法國興業,2024-01-19,1570
2890,永豐金,191,0,191,港商法國興業,2024-01-19,1570
2880,華南金,193,37,156,港商法國興業,2024-01-19,1570
2885,元大金,184,50,134,港商法國興業,2024-01-19,1570
2884,玉山金,129,14,115,港商法國興業,2024-01-19,1570
2882,國泰金,141,27,114,港商法國興業,2024-01-19,1570
2330,台積電,415,305,110,港商法國興業,2024-01-19,1570
2886,兆豐金,105,0,105,港商法國興業,2024-01-19,1570
5880,合庫金,95,0,95,港商法國興業,2024-01-19,1570
2338,光罩,83,0,83,港商法國興業,2024-01-19,1570
2317,鴻海,81,0,81,港商法國興業,2024-01-19,1570
2892,第一金,100,20,80,港商法國興業,2024-01-19,1570
6806,森崴能源,80,0,80,港商法國興業,2024-01-19,1570
1301,台塑,86,7,79,港商法國興業,2024-01-19,1570
2897,王道銀行,78,0,78,港商法國興業,2024-01-19,1570
2888,新光金,141,71,70,港商法國興業,2024-01-19,1570
5876,上海商銀,70,0,70,港商法國興業,2024-01-19,1570
6244,茂迪,65,0,65,港商法國興業,2024-01-19,1570
2406,國碩,61,0,61,港商法國興業,2024-01-19,1570
2301,光寶科,69,12,57,港商法國興業,2024-01-19,1570
2834,臺企銀,53,0,53,港商法國興業,2024-01-19,1570
3711,日月光投控,56,3,53,港商法國興業,2024-01-19,1570
1471,首利,51,0,51,港商法國興業,2024-01-19,1570
2206,三陽工業,50,0,50,港商法國興業,2024-01-19,1570
1326,台化,50,0,50,港商法國興業,2024-01-19,1570
1409,新纖,49,0,49,港商法國興業,2024-01-19,1570
2645,長榮航太,46,0,46,港商法國興業,2024-01-19,1570
1808,潤隆,40,0,40,港商法國興業,2024-01-19,1570
1605,華新,56,18,38,港商法國興業,2024-01-19,1570
1402,遠東新,34,0,34,港商法國興業,2024-01-19,1570
4915,致伸,34,0,34,港商法國興業,2024-01-19,1570
2481,強茂,33,0,33,港商法國興業,2024-01-19,1570
2610,華航,32,0,32,港商法國興業,2024-01-19,1570
1589,永冠-KY,31,0,31,港商法國興業,2024-01-19,1570
2417,圓剛,30,0,30,港商法國興業,2024-01-19,1570
2462,良得電,30,0,30,港商法國興業,2024-01-19,1570
2881,富邦金,98,68,30,港商法國興業,2024-01-19,1570
6026,福邦證,30,0,30,港商法國興業,2024-01-19,1570
5871,中租-KY,28,0,28,港商法國興業,2024-01-19,1570
5388,中磊,27,0,27,港商法國興業,2024-01-19,1570
5225,東科-KY,25,0,25,港商法國興業,2024-01-19,1570
3038,全台,24,0,24,港商法國興業,2024-01-19,1570
8255,朋程,24,0,24,港商法國興業,2024-01-19,1570
2020,美亞,23,0,23,港商法國興業,2024-01-19,1570
4973,廣穎,23,0,23,港商法國興業,2024-01-19,1570
2545,皇翔,22,0,22,港商法國興業,2024-01-19,1570
3231,緯創,205,0,205,港商法國興業,2024-01-22,1570
2897,王道銀行,111,0,111,港商法國興業,2024-01-22,1570
4958,臻鼎-KY,93,0,93,港商法國興業,2024-01-22,1570
3665,貿聯-KY,78,0,78,港商法國興業,2024-01-22,1570
9907,統一實,65,0,65,港商法國興業,2024-01-22,1570
2337,旺宏,50,0,50,港商法國興業,2024-01-22,1570
2328,廣宇,39,0,39,港商法國興業,2024-01-22,1570
8076,伍豐,34,0,34,港商法國興業,2024-01-22,1570
2731,雄獅,31,0,31,港商法國興業,2024-01-22,1570
6188,廣明,30,0,30,港商法國興業,2024-01-22,1570
1560,中砂,24,0,24,港商法國興業,2024-01-22,1570
9917,中保科,24,0,24,港商法國興業,2024-01-22,1570
6153,嘉聯益,22,0,22,港商法國興業,2024-01-22,1570
3045,台灣大,21,0,21,港商法國興業,2024-01-22,1570
4766,南寶,21,0,21,港商法國興業,2024-01-22,1570
2102,泰豐,19,0,19,港商法國興業,2024-01-22,1570
3481,群創,19,0,19,港商法國興業,2024-01-22,1570
2324,仁寶,21,4,17,港商法國興業,2024-01-22,1570
2028,威致,16,0,16,港商法國興業,2024-01-22,1570
1522,堤維西,16,0,16,港商法國興業,2024-01-22,1570
3704,合勤控,16,0,16,港商法國興業,2024-01-22,1570
6509,聚和,16,0,16,港商法國興業,2024-01-22,1570
5388,中磊,15,0,15,港商法國興業,2024-01-22,1570
2464,盟立,14,0,14,港商法國興業,2024-01-22,1570
4536,拓凱,13,0,13,港商法國興業,2024-01-22,1570
2413,環科,12,0,12,港商法國興業,2024-01-22,1570
5439,高技,12,0,12,港商法國興業,2024-01-22,1570
1722,台肥,11,0,11,港商法國興業,2024-01-22,1570
2530,華建,11,0,11,港商法國興業,2024-01-22,1570
3037,欣興,11,0,11,港商法國興業,2024-01-22,1570
3005,神基,12,2,10,港商法國興業,2024-01-22,1570
6219,富旺,10,0,10,港商法國興業,2024-01-22,1570
2430,燦坤,9,0,9,港商法國興業,2024-01-22,1570
3027,盛達,9,0,9,港商法國興業,2024-01-22,1570
6115,鎰勝,9,0,9,港商法國興業,2024-01-22,1570
6274,台燿,9,0,9,港商法國興業,2024-01-22,1570
6456,GIS-KY,9,0,9,港商法國興業,2024-01-22,1570
1783,和康生,8,0,8,港商法國興業,2024-01-22,1570
2421,建準,8,0,8,港商法國興業,2024-01-22,1570
2379,瑞昱,7,0,7,港商法國興業,2024-01-22,1570
3019,亞光,7,0,7,港商法國興業,2024-01-22,1570
6441,廣錠,7,0,7,港商法國興業,2024-01-22,1570
3388,崇越電,6,0,6,港商法國興業,2024-01-22,1570
4571,鈞興-KY,5,0,5,港商法國興業,2024-01-22,1570
6753,龍德造船,5,0,5,港商法國興業,2024-01-22,1570
2887,台新金,4,0,4,港商法國興業,2024-01-22,1570
3227,原相,4,0,4,港商法國興業,2024-01-22,1570
3376,新日興,4,0,4,港商法國興業,2024-01-22,1570
4107,邦特,4,0,4,港商法國興業,2024-01-22,1570
4755,三福化,4,0,4,港商法國興業,2024-01-22,1570
2888,新光金,500,0,500,港商法國興業,2024-01-23,1570
2880,華南金,319,18,301,港商法國興業,2024-01-23,1570
3231,緯創,263,0,263,港商法國興業,2024-01-23,1570
3481,群創,232,0,232,港商法國興業,2024-01-23,1570
2352,佳世達,192,0,192,港商法國興業,2024-01-23,1570
2409,友達,158,0,158,港商法國興業,2024-01-23,1570
2605,新興,132,0,132,港商法國興業,2024-01-23,1570
2332,友訊,130,0,130,港商法國興業,2024-01-23,1570
3588,通嘉,99,0,99,港商法國興業,2024-01-23,1570
2337,旺宏,80,0,80,港商法國興業,2024-01-23,1570
2542,興富發,64,0,64,港商法國興業,2024-01-23,1570
2891,中信金,52,0,52,港商法國興業,2024-01-23,1570
2362,藍天,43,0,43,港商法國興業,2024-01-23,1570
1536,和大,42,0,42,港商法國興業,2024-01-23,1570
3665,貿聯-KY,41,0,41,港商法國興業,2024-01-23,1570
2506,太設,40,0,40,港商法國興業,2024-01-23,1570
2031,新光鋼,36,0,36,港商法國興業,2024-01-23,1570
9914,美利達,36,0,36,港商法國興業,2024-01-23,1570
2439,美律,35,0,35,港商法國興業,2024-01-23,1570
2890,永豐金,33,0,33,港商法國興業,2024-01-23,1570
2609,陽明,32,3,29,港商法國興業,2024-01-23,1570
2324,仁寶,28,0,28,港商法國興業,2024-01-23,1570
2106,建大,28,0,28,港商法國興業,2024-01-23,1570
6282,康舒,28,0,28,港商法國興業,2024-01-23,1570
2002,中鋼,26,0,26,港商法國興業,2024-01-23,1570
2882,國泰金,26,0,26,港商法國興業,2024-01-23,1570
6005,群益證,26,0,26,港商法國興業,2024-01-23,1570
5425,台半,25,0,25,港商法國興業,2024-01-23,1570
1605,華新,24,0,24,港商法國興業,2024-01-23,1570
1216,統一,23,0,23,港商法國興業,2024-01-23,1570
5347,世界,33,11,22,港商法國興業,2024-01-23,1570
6189,豐藝,20,0,20,港商法國興業,2024-01-23,1570
4912,聯德控股-KY,19,0,19,港商法國興業,2024-01-23,1570
4904,遠傳,18,0,18,港商法國興業,2024-01-23,1570
5457,宣德,18,0,18,港商法國興業,2024-01-23,1570
1319,東陽,17,0,17,港商法國興業,2024-01-23,1570
2633,台灣高鐵,17,0,17,港商法國興業,2024-01-23,1570
3711,日月光投控,17,0,17,港商法國興業,2024-01-23,1570
2344,華邦電,16,0,16,港商法國興業,2024-01-23,1570
2886,兆豐金,16,0,16,港商法國興業,2024-01-23,1570
9945,潤泰新,15,0,15,港商法國興業,2024-01-23,1570
3045,台灣大,14,0,14,港商法國興業,2024-01-23,1570
4157,太景*-KY,14,0,14,港商法國興業,2024-01-23,1570
2308,台達電,12,0,12,港商法國興業,2024-01-23,1570
1102,亞泥,11,0,11,港商法國興業,2024-01-23,1570
2108,南帝,11,0,11,港商法國興業,2024-01-23,1570
2382,廣達,10,0,10,港商法國興業,2024-01-23,1570
2303,聯電,30,20,10,港商法國興業,2024-01-23,1570
2428,興勤,10,0,10,港商法國興業,2024-01-23,1570
5876,上海商銀,10,0,10,港商法國興業,2024-01-23,1570
2801,彰銀,457,0,457,港商法國興業,2024-01-24,1570
2356,英業達,127,0,127,港商法國興業,2024-01-24,1570
9945,潤泰新,103,0,103,港商法國興業,2024-01-24,1570
4958,臻鼎-KY,100,0,100,港商法國興業,2024-01-24,1570
1301,台塑,78,0,78,港商法國興業,2024-01-24,1570
2406,國碩,68,0,68,港商法國興業,2024-01-24,1570
2303,聯電,65,0,65,港商法國興業,2024-01-24,1570
1536,和大,59,0,59,港商法國興業,2024-01-24,1570
1308,亞聚,53,0,53,港商法國興業,2024-01-24,1570
6414,樺漢,50,0,50,港商法國興業,2024-01-24,1570
9921,巨大,44,0,44,港商法國興業,2024-01-24,1570
3014,聯陽,42,0,42,港商法國興業,2024-01-24,1570
9910,豐泰,39,0,39,港商法國興業,2024-01-24,1570
2009,第一銅,38,0,38,港商法國興業,2024-01-24,1570
1101,台泥,37,0,37,港商法國興業,2024-01-24,1570
6770,力積電,37,0,37,港商法國興業,2024-01-24,1570
4743,合一,34,0,34,港商法國興業,2024-01-24,1570
6213,聯茂,34,0,34,港商法國興業,2024-01-24,1570
3406,玉晶光,33,0,33,港商法國興業,2024-01-24,1570
9907,統一實,32,0,32,港商法國興業,2024-01-24,1570
4532,瑞智,30,0,30,港商法國興業,2024-01-24,1570
8046,南電,26,0,26,港商法國興業,2024-01-24,1570
2412,中華電,25,0,25,港商法國興業,2024-01-24,1570
3030,德律,25,0,25,港商法國興業,2024-01-24,1570
2886,兆豐金,24,0,24,港商法國興業,2024-01-24,1570
2891,中信金,24,0,24,港商法國興業,2024-01-24,1570
5607,遠雄港,23,0,23,港商法國興業,2024-01-24,1570
2614,東森,22,0,22,港商法國興業,2024-01-24,1570
2417,圓剛,21,0,21,港商法國興業,2024-01-24,1570
5347,世界,21,0,21,港商法國興業,2024-01-24,1570
2618,長榮航,18,0,18,港商法國興業,2024-01-24,1570
8415,大國鋼,16,0,16,港商法國興業,2024-01-24,1570
9904,寶成,16,0,16,港商法國興業,2024-01-24,1570
2887,台新金,15,0,15,港商法國興業,2024-01-24,1570
2324,仁寶,14,0,14,港商法國興業,2024-01-24,1570
2530,華建,14,0,14,港商法國興業,2024-01-24,1570
3004,豐達科,14,0,14,港商法國興業,2024-01-24,1570
5880,合庫金,14,0,14,港商法國興業,2024-01-24,1570
2049,上銀,13,0,13,港商法國興業,2024-01-24,1570
2362,藍天,13,0,13,港商法國興業,2024-01-24,1570
2542,興富發,37,24,13,港商法國興業,2024-01-24,1570
2882,國泰金,13,0,13,港商法國興業,2024-01-24,1570
3033,威健,13,0,13,港商法國興業,2024-01-24,1570
3045,台灣大,13,0,13,港商法國興業,2024-01-24,1570
3665,貿聯-KY,13,0,13,港商法國興業,2024-01-24,1570
8926,台汽電,13,0,13,港商法國興業,2024-01-24,1570
2371,大同,12,0,12,港商法國興業,2024-01-24,1570
2441,超豐,12,0,12,港商法國興業,2024-01-24,1570
2890,永豐金,12,0,12,港商法國興業,2024-01-24,1570
4168,醣聯,12,0,12,港商法國興業,2024-01-24,1570
4906,正文,831,0,831,港商法國興業,2024-01-25,1570
2330,台積電,937,126,811,港商法國興業,2024-01-25,1570
2303,聯電,629,14,615,港商法國興業,2024-01-25,1570
2363,矽統,406,0,406,港商法國興業,2024-01-25,1570
2888,新光金,185,0,185,港商法國興業,2024-01-25,1570
2886,兆豐金,186,10,176,港商法國興業,2024-01-25,1570
2880,華南金,191,19,172,港商法國興業,2024-01-25,1570
6770,力積電,148,0,148,港商法國興業,2024-01-25,1570
2618,長榮航,133,0,133,港商法國興業,2024-01-25,1570
2308,台達電,100,3,97,港商法國興業,2024-01-25,1570
9945,潤泰新,81,0,81,港商法國興業,2024-01-25,1570
2454,聯發科,93,13,80,港商法國興業,2024-01-25,1570
1718,中纖,76,0,76,港商法國興業,2024-01-25,1570
3037,欣興,76,0,76,港商法國興業,2024-01-25,1570
3227,原相,72,0,72,港商法國興業,2024-01-25,1570
3481,群創,72,0,72,港商法國興業,2024-01-25,1570
3483,力致,65,0,65,港商法國興業,2024-01-25,1570
1605,華新,63,0,63,港商法國興業,2024-01-25,1570
1210,大成,57,0,57,港商法國興業,2024-01-25,1570
5347,世界,55,0,55,港商法國興業,2024-01-25,1570
8069,元太,53,0,53,港商法國興業,2024-01-25,1570
2409,友達,51,0,51,港商法國興業,2024-01-25,1570
2344,華邦電,50,0,50,港商法國興業,2024-01-25,1570
4743,合一,50,0,50,港商法國興業,2024-01-25,1570
2609,陽明,50,1,49,港商法國興業,2024-01-25,1570
5521,工信,49,0,49,港商法國興業,2024-01-25,1570
2834,臺企銀,48,0,48,港商法國興業,2024-01-25,1570
3034,聯詠,46,0,46,港商法國興業,2024-01-25,1570
5457,宣德,41,0,41,港商法國興業,2024-01-25,1570
5871,中租-KY,40,0,40,港商法國興業,2024-01-25,1570
2103,台橡,39,0,39,港商法國興業,2024-01-25,1570
2884,玉山金,55,19,36,港商法國興業,2024-01-25,1570
2352,佳世達,35,0,35,港商法國興業,2024-01-25,1570
2345,智邦,34,0,34,港商法國興業,2024-01-25,1570
9910,豐泰,34,0,34,港商法國興業,2024-01-25,1570
2324,仁寶,33,0,33,港商法國興業,2024-01-25,1570
2504,國產,31,0,31,港商法國興業,2024-01-25,1570
2379,瑞昱,30,0,30,港商法國興業,2024-01-25,1570
2395,研華,29,0,29,港商法國興業,2024-01-25,1570
2882,國泰金,33,5,28,港商法國興業,2024-01-25,1570
2002,中鋼,42,15,27,港商法國興業,2024-01-25,1570
1503,士電,27,0,27,港商法國興業,2024-01-25,1570
1536,和大,26,0,26,港商法國興業,2024-01-25,1570
1308,亞聚,26,0,26,港商法國興業,2024-01-25,1570
1402,遠東新,23,0,23,港商法國興業,2024-01-25,1570
2031,新光鋼,23,0,23,港商法國興業,2024-01-25,1570
2610,華航,23,0,23,港商法國興業,2024-01-25,1570
2439,美律,22,0,22,港商法國興業,2024-01-25,1570
5609,中菲行,22,0,22,港商法國興業,2024-01-25,1570
3019,亞光,21,0,21,港商法國興業,2024-01-25,1570
2303,聯電,508,24,484,港商法國興業,2024-01-26,1570
2886,兆豐金,445,12,433,港商法國興業,2024-01-26,1570
2884,玉山金,434,22,412,港商法國興業,2024-01-26,1570
2892,第一金,362,10,352,港商法國興業,2024-01-26,1570
5880,合庫金,342,13,329,港商法國興業,2024-01-26,1570
2880,華南金,313,20,293,港商法國興業,2024-01-26,1570
2834,臺企銀,252,0,252,港商法國興業,2024-01-26,1570
2887,台新金,236,17,219,港商法國興業,2024-01-26,1570
3481,群創,200,0,200,港商法國興業,2024-01-26,1570
2324,仁寶,171,0,171,港商法國興業,2024-01-26,1570
2801,彰銀,180,17,163,港商法國興業,2024-01-26,1570
6143,振曜,162,0,162,港商法國興業,2024-01-26,1570
2002,中鋼,174,17,157,港商法國興業,2024-01-26,1570
2412,中華電,143,4,139,港商法國興業,2024-01-26,1570
6770,力積電,124,0,124,港商法國興業,2024-01-26,1570
2353,宏��,118,1,117,港商法國興業,2024-01-26,1570
1326,台化,116,5,111,港商法國興業,2024-01-26,1570
2888,新光金,101,0,101,港商法國興業,2024-01-26,1570
9945,潤泰新,96,0,96,港商法國興業,2024-01-26,1570
1102,亞泥,94,0,94,港商法國興業,2024-01-26,1570
4157,太景*-KY,84,0,84,港商法國興業,2024-01-26,1570
2610,華航,83,0,83,港商法國興業,2024-01-26,1570
2633,台灣高鐵,82,0,82,港商法國興業,2024-01-26,1570
2105,正新,79,0,79,港商法國興業,2024-01-26,1570
1314,中石化,75,0,75,港商法國興業,2024-01-26,1570
6282,康舒,71,0,71,港商法國興業,2024-01-26,1570
3702,大聯大,65,0,65,港商法國興業,2024-01-26,1570
4938,和碩,66,2,64,港商法國興業,2024-01-26,1570
8112,至上,59,0,59,港商法國興業,2024-01-26,1570
9105,泰金寶-DR,57,0,57,港商法國興業,2024-01-26,1570
2515,中工,56,0,56,港商法國興業,2024-01-26,1570
3045,台灣大,57,1,56,港商法國興業,2024-01-26,1570
4904,遠傳,56,1,55,港商法國興業,2024-01-26,1570
2615,萬海,54,0,54,港商法國興業,2024-01-26,1570
2347,聯強,52,0,52,港商法國興業,2024-01-26,1570
2382,廣達,53,2,51,港商法國興業,2024-01-26,1570
1303,南亞,62,12,50,港商法國興業,2024-01-26,1570
2409,友達,50,0,50,港商法國興業,2024-01-26,1570
1409,新纖,48,0,48,港商法國興業,2024-01-26,1570
6244,茂迪,47,0,47,港商法國興業,2024-01-26,1570
4114,健喬,41,0,41,港商法國興業,2024-01-26,1570
1605,華新,40,0,40,港商法國興業,2024-01-26,1570
5347,世界,39,0,39,港商法國興業,2024-01-26,1570
1301,台塑,39,3,36,港商法國興業,2024-01-26,1570
5483,中美晶,36,0,36,港商法國興業,2024-01-26,1570
6505,台塑化,38,3,35,港商法國興業,2024-01-26,1570
1536,和大,34,0,34,港商法國興業,2024-01-26,1570
6213,聯茂,31,0,31,港商法國興業,2024-01-26,1570
8215,明基材,31,0,31,港商法國興業,2024-01-26,1570
4956,光鋐,30,0,30,港商法國興業,2024-01-26,1570
2891,中信金,410,18,392,港商法國興業,2024-01-29,1570
1303,南亞,245,0,245,港商法國興業,2024-01-29,1570
2880,華南金,248,16,232,港商法國興業,2024-01-29,1570
6282,康舒,159,0,159,港商法國興業,2024-01-29,1570
3481,群創,154,0,154,港商法國興業,2024-01-29,1570
2409,友達,82,2,80,港商法國興業,2024-01-29,1570
9945,潤泰新,83,6,77,港商法國興業,2024-01-29,1570
2352,佳世達,64,0,64,港商法國興業,2024-01-29,1570
2605,新興,60,0,60,港商法國興業,2024-01-29,1570
2382,廣達,57,0,57,港商法國興業,2024-01-29,1570
2542,興富發,52,0,52,港商法國興業,2024-01-29,1570
9904,寶成,53,9,44,港商法國興業,2024-01-29,1570
5347,世界,43,4,39,港商法國興業,2024-01-29,1570
1560,中砂,38,0,38,港商法國興業,2024-01-29,1570
9933,中鼎,38,0,38,港商法國興業,2024-01-29,1570
5871,中租-KY,36,0,36,港商法國興業,2024-01-29,1570
4915,致伸,28,0,28,港商法國興業,2024-01-29,1570
2356,英業達,27,0,27,港商法國興業,2024-01-29,1570
6505,台塑化,27,0,27,港商法國興業,2024-01-29,1570
2316,楠梓電,26,0,26,港商法國興業,2024-01-29,1570
6509,聚和,25,0,25,港商法國興業,2024-01-29,1570
2332,友訊,23,0,23,港商法國興業,2024-01-29,1570
3037,欣興,22,0,22,港商法國興業,2024-01-29,1570
3406,玉晶光,21,0,21,港商法國興業,2024-01-29,1570
6269,台郡,16,0,16,港商法國興業,2024-01-29,1570
2454,聯發科,15,0,15,港商法國興業,2024-01-29,1570
1513,中興電,15,0,15,港商法國興業,2024-01-29,1570
1308,亞聚,15,0,15,港商法國興業,2024-01-29,1570
6278,台表科,14,0,14,港商法國興業,2024-01-29,1570
8112,至上,14,0,14,港商法國興業,2024-01-29,1570
2885,元大金,12,0,12,港商法國興業,2024-01-29,1570
6412,群電,12,0,12,港商法國興業,2024-01-29,1570
2206,三陽工業,11,0,11,港商法國興業,2024-01-29,1570
9914,美利達,11,0,11,港商法國興業,2024-01-29,1570
1612,宏泰,10,0,10,港商法國興業,2024-01-29,1570
4958,臻鼎-KY,10,0,10,港商法國興業,2024-01-29,1570
2357,華碩,9,0,9,港商法國興業,2024-01-29,1570
1536,和大,9,0,9,港商法國興業,2024-01-29,1570
2301,光寶科,9,0,9,港商法國興業,2024-01-29,1570
2353,宏��,32,23,9,港商法國興業,2024-01-29,1570
2345,智邦,8,0,8,港商法國興業,2024-01-29,1570
3231,緯創,8,0,8,港商法國興業,2024-01-29,1570
4743,合一,8,0,8,港商法國興業,2024-01-29,1570
6456,GIS-KY,8,0,8,港商法國興業,2024-01-29,1570
2308,台達電,7,0,7,港商法國興業,2024-01-29,1570
2303,聯電,7,0,7,港商法國興業,2024-01-29,1570
2002,中鋼,7,0,7,港商法國興業,2024-01-29,1570
5007,三星,7,0,7,港商法國興業,2024-01-29,1570
2371,大同,6,0,6,港商法國興業,2024-01-29,1570
2385,群光,5,0,5,港商法國興業,2024-01-29,1570
2888,新光金,5368,0,5368,港商法國興業,2024-01-30,1570
4904,遠傳,227,0,227,港商法國興業,2024-01-30,1570
2454,聯發科,177,2,175,港商法國興業,2024-01-30,1570
2884,玉山金,174,0,174,港商法國興業,2024-01-30,1570
2912,統一超,143,4,139,港商法國興業,2024-01-30,1570
5871,中租-KY,121,0,121,港商法國興業,2024-01-30,1570
3005,神基,85,2,83,港商法國興業,2024-01-30,1570
3706,神達,70,0,70,港商法國興業,2024-01-30,1570
4906,正文,66,0,66,港商法國興業,2024-01-30,1570
2449,京元電子,65,0,65,港商法國興業,2024-01-30,1570
1303,南亞,58,0,58,港商法國興業,2024-01-30,1570
8112,至上,55,0,55,港商法國興業,2024-01-30,1570
6182,合晶,53,0,53,港商法國興業,2024-01-30,1570
8046,南電,45,0,45,港商法國興業,2024-01-30,1570
1210,大成,43,0,43,港商法國興業,2024-01-30,1570
4958,臻鼎-KY,38,0,38,港商法國興業,2024-01-30,1570
3038,全台,36,0,36,港商法國興業,2024-01-30,1570
1560,中砂,55,20,35,港商法國興業,2024-01-30,1570
1711,永光,33,0,33,港商法國興業,2024-01-30,1570
6213,聯茂,33,0,33,港商法國興業,2024-01-30,1570
6223,旺矽,33,0,33,港商法國興業,2024-01-30,1570
2886,兆豐金,30,0,30,港商法國興業,2024-01-30,1570
4743,合一,30,0,30,港商法國興業,2024-01-30,1570
6269,台郡,30,0,30,港商法國興業,2024-01-30,1570
8215,明基材,29,0,29,港商法國興業,2024-01-30,1570
1434,福懋,26,0,26,港商法國興業,2024-01-30,1570
9802,鈺齊-KY,26,0,26,港商法國興業,2024-01-30,1570
2498,宏達電,23,0,23,港商法國興業,2024-01-30,1570
1503,士電,22,0,22,港商法國興業,2024-01-30,1570
2102,泰豐,22,0,22,港商法國興業,2024-01-30,1570
4114,健喬,22,0,22,港商法國興業,2024-01-30,1570
6244,茂迪,21,0,21,港商法國興業,2024-01-30,1570
9938,百和,20,0,20,港商法國興業,2024-01-30,1570
2462,良得電,18,0,18,港商法國興業,2024-01-30,1570
2382,廣達,17,0,17,港商法國興業,2024-01-30,1570
2206,三陽工業,17,0,17,港商法國興業,2024-01-30,1570
6770,力積電,17,0,17,港商法國興業,2024-01-30,1570
2108,南帝,16,0,16,港商法國興業,2024-01-30,1570
1319,東陽,16,0,16,港商法國興業,2024-01-30,1570
2233,宇隆,15,0,15,港商法國興業,2024-01-30,1570
3705,永信,14,0,14,港商法國興業,2024-01-30,1570
8070,長華*,14,0,14,港商法國興業,2024-01-30,1570
5534,長虹,13,0,13,港商法國興業,2024-01-30,1570
6456,GIS-KY,12,0,12,港商法國興業,2024-01-30,1570
1590,亞德客-KY,11,0,11,港商法國興業,2024-01-30,1570
2881,富邦金,11,0,11,港商法國興業,2024-01-30,1570
5203,訊連,11,0,11,港商法國興業,2024-01-30,1570
2605,新興,10,0,10,港商法國興業,2024-01-30,1570
4739,康普,10,0,10,港商法國興業,2024-01-30,1570
6214,精誠,10,0,10,港商法國興業,2024-01-30,1570
1815,富喬,79,0,79,港商法國興業,2024-01-31,1570
2402,毅嘉,67,0,67,港商法國興業,2024-01-31,1570
4157,太景*-KY,58,0,58,港商法國興業,2024-01-31,1570
2498,宏達電,52,0,52,港商法國興業,2024-01-31,1570
6179,亞通,52,0,52,港商法國興業,2024-01-31,1570
9907,統一實,50,0,50,港商法國興業,2024-01-31,1570
2368,金像電,49,0,49,港商法國興業,2024-01-31,1570
5871,中租-KY,47,0,47,港商法國興業,2024-01-31,1570
5905,南仁湖,44,0,44,港商法國興業,2024-01-31,1570
2406,國碩,40,0,40,港商法國興業,2024-01-31,1570
2489,瑞軒,40,0,40,港商法國興業,2024-01-31,1570
4533,協易機,35,0,35,港商法國興業,2024-01-31,1570
2617,台航,32,0,32,港商法國興業,2024-01-31,1570
2454,聯發科,40,10,30,港商法國興業,2024-01-31,1570
1717,長興,30,0,30,港商法國興業,2024-01-31,1570
2614,東森,29,0,29,港商法國興業,2024-01-31,1570
8028,昇陽半導體,25,0,25,港商法國興業,2024-01-31,1570
2338,光罩,21,0,21,港商法國興業,2024-01-31,1570
3163,波若威,21,0,21,港商法國興業,2024-01-31,1570
6217,中探針,21,0,21,港商法國興業,2024-01-31,1570
6275,元山,21,0,21,港商法國興業,2024-01-31,1570
2382,廣達,19,0,19,港商法國興業,2024-01-31,1570
2732,六角,19,0,19,港商法國興業,2024-01-31,1570
1218,泰山,18,0,18,港商法國興業,2024-01-31,1570
4743,合一,18,0,18,港商法國興業,2024-01-31,1570
6153,嘉聯益,18,0,18,港商法國興業,2024-01-31,1570
9958,世紀鋼,18,0,18,港商法國興業,2024-01-31,1570
2413,環科,17,0,17,港商法國興業,2024-01-31,1570
6271,同欣電,17,0,17,港商法國興業,2024-01-31,1570
1808,潤隆,16,0,16,港商法國興業,2024-01-31,1570
5465,富驊,16,0,16,港商法國興業,2024-01-31,1570
2492,華新科,15,0,15,港商法國興業,2024-01-31,1570
3016,嘉晶,15,0,15,港商法國興業,2024-01-31,1570
4931,新盛力,15,0,15,港商法國興業,2024-01-31,1570
1760,寶齡富錦,14,0,14,港商法國興業,2024-01-31,1570
4401,東隆興,17,3,14,港商法國興業,2024-01-31,1570
6438,迅得,14,0,14,港商法國興業,2024-01-31,1570
3056,富華新,13,0,13,港商法國興業,2024-01-31,1570
6741,91APP*-KY,13,0,13,港商法國興業,2024-01-31,1570
5530,龍巖,12,0,12,港商法國興業,2024-01-31,1570
6499,益安,12,0,12,港商法國興業,2024-01-31,1570
6201,亞弘電,11,0,11,港商法國興業,2024-01-31,1570
3224,三顧,10,0,10,港商法國興業,2024-01-31,1570
3037,欣興,9,0,9,港商法國興業,2024-01-31,1570
4915,致伸,9,0,9,港商法國興業,2024-01-31,1570
6790,永豐實,9,0,9,港商法國興業,2024-01-31,1570
6263,普萊德,8,0,8,港商法國興業,2024-01-31,1570
6743,安普新,8,0,8,港商法國興業,2024-01-31,1570
1784,訊聯,7,0,7,港商法國興業,2024-01-31,1570
1612,宏泰,7,0,7,港商法國興業,2024-01-31,1570
2885,元大金,644,156,488,港商法國興業,2024-02-01,1570
6282,康舒,407,0,407,港商法國興業,2024-02-01,1570
2324,仁寶,326,0,326,港商法國興業,2024-02-01,1570
2498,宏達電,314,0,314,港商法國興業,2024-02-01,1570
2303,聯電,295,0,295,港商法國興業,2024-02-01,1570
2891,中信金,206,0,206,港商法國興業,2024-02-01,1570
2884,玉山金,198,0,198,港商法國興業,2024-02-01,1570
1303,南亞,197,0,197,港商法國興業,2024-02-01,1570
2888,新光金,193,0,193,港商法國興業,2024-02-01,1570
2330,台積電,186,5,181,港商法國興業,2024-02-01,1570
2801,彰銀,166,0,166,港商法國興業,2024-02-01,1570
2618,長榮航,159,0,159,港商法國興業,2024-02-01,1570
2880,華南金,157,0,157,港商法國興業,2024-02-01,1570
5880,合庫金,157,0,157,港商法國興業,2024-02-01,1570
2886,兆豐金,132,0,132,港商法國興業,2024-02-01,1570
2882,國泰金,130,0,130,港商法國興業,2024-02-01,1570
2892,第一金,130,0,130,港商法國興業,2024-02-01,1570
2887,台新金,124,0,124,港商法國興業,2024-02-01,1570
3481,群創,151,35,116,港商法國興業,2024-02-01,1570
1301,台塑,107,0,107,港商法國興業,2024-02-01,1570
1101,台泥,102,0,102,港商法國興業,2024-02-01,1570
1609,大亞,97,0,97,港商法國興業,2024-02-01,1570
2881,富邦金,96,0,96,港商法國興業,2024-02-01,1570
2610,華航,94,0,94,港商法國興業,2024-02-01,1570
2356,英業達,150,60,90,港商法國興業,2024-02-01,1570
4157,太景*-KY,88,0,88,港商法國興業,2024-02-01,1570
2344,華邦電,78,0,78,港商法國興業,2024-02-01,1570
2609,陽明,74,0,74,港商法國興業,2024-02-01,1570
1314,中石化,73,0,73,港商法國興業,2024-02-01,1570
2537,聯上發,73,0,73,港商法國興業,2024-02-01,1570
2002,中鋼,72,0,72,港商法國興業,2024-02-01,1570
9904,寶成,70,0,70,港商法國興業,2024-02-01,1570
2890,永豐金,68,0,68,港商法國興業,2024-02-01,1570
5876,上海商銀,68,0,68,港商法國興業,2024-02-01,1570
1216,統一,78,14,64,港商法國興業,2024-02-01,1570
6116,彩晶,64,0,64,港商法國興業,2024-02-01,1570
3712,永崴投控,63,0,63,港商法國興業,2024-02-01,1570
6770,力積電,62,0,62,港商法國興業,2024-02-01,1570
1326,台化,58,0,58,港商法國興業,2024-02-01,1570
3105,穩懋,58,0,58,港商法國興業,2024-02-01,1570
5871,中租-KY,58,0,58,港商法國興業,2024-02-01,1570
6182,合晶,58,0,58,港商法國興業,2024-02-01,1570
3005,神基,57,2,55,港商法國興業,2024-02-01,1570
2312,金寶,54,0,54,港商法國興業,2024-02-01,1570
1605,華新,51,0,51,港商法國興業,2024-02-01,1570
1319,東陽,46,0,46,港商法國興業,2024-02-01,1570
3081,聯亞,45,0,45,港商法國興業,2024-02-01,1570
4938,和碩,45,0,45,港商法國興業,2024-02-01,1570
3406,玉晶光,44,0,44,港商法國興業,2024-02-01,1570
4958,臻鼎-KY,44,0,44,港商法國興業,2024-02-01,1570
2891,中信金,1312,0,1312,港商法國興業,2024-02-02,1570
2882,國泰金,500,0,500,港商法國興業,2024-02-02,1570
2892,第一金,469,0,469,港商法國興業,2024-02-02,1570
2888,新光金,388,0,388,港商法國興業,2024-02-02,1570
3081,聯亞,222,0,222,港商法國興業,2024-02-02,1570
3711,日月光投控,212,0,212,港商法國興業,2024-02-02,1570
2880,華南金,195,0,195,港商法國興業,2024-02-02,1570
3702,大聯大,190,0,190,港商法國興業,2024-02-02,1570
6282,康舒,173,0,173,港商法國興業,2024-02-02,1570
2881,富邦金,134,0,134,港商法國興業,2024-02-02,1570
2610,華航,120,0,120,港商法國興業,2024-02-02,1570
2002,中鋼,95,0,95,港商法國興業,2024-02-02,1570
6446,藥華藥,81,0,81,港商法國興業,2024-02-02,1570
4743,合一,77,0,77,港商法國興業,2024-02-02,1570
2887,台新金,69,0,69,港商法國興業,2024-02-02,1570
2801,彰銀,68,0,68,港商法國興業,2024-02-02,1570
5876,上海商銀,67,0,67,港商法國興業,2024-02-02,1570
2884,玉山金,66,0,66,港商法國興業,2024-02-02,1570
5871,中租-KY,63,0,63,港商法國興業,2024-02-02,1570
2332,友訊,61,0,61,港商法國興業,2024-02-02,1570
1210,大成,60,0,60,港商法國興業,2024-02-02,1570
2886,兆豐金,60,0,60,港商法國興業,2024-02-02,1570
2408,南亞科,57,0,57,港商法國興業,2024-02-02,1570
2633,台灣高鐵,57,0,57,港商法國興業,2024-02-02,1570
2885,元大金,57,0,57,港商法國興業,2024-02-02,1570
1605,華新,56,0,56,港商法國興業,2024-02-02,1570
2023,燁輝,56,0,56,港商法國興業,2024-02-02,1570
3056,富華新,55,0,55,港商法國興業,2024-02-02,1570
3049,精金,51,0,51,港商法國興業,2024-02-02,1570
5483,中美晶,51,0,51,港商法國興業,2024-02-02,1570
2362,藍天,48,0,48,港商法國興業,2024-02-02,1570
6669,緯穎,49,1,48,港商法國興業,2024-02-02,1570
8069,元太,48,0,48,港商法國興業,2024-02-02,1570
2498,宏達電,44,0,44,港商法國興業,2024-02-02,1570
2890,永豐金,42,0,42,港商法國興業,2024-02-02,1570
5880,合庫金,41,0,41,港商法國興業,2024-02-02,1570
6213,聯茂,37,0,37,港商法國興業,2024-02-02,1570
2106,建大,36,0,36,港商法國興業,2024-02-02,1570
6278,台表科,34,0,34,港商法國興業,2024-02-02,1570
4128,中天,32,0,32,港商法國興業,2024-02-02,1570
1612,宏泰,30,0,30,港商法國興業,2024-02-02,1570
3209,全科,30,0,30,港商法國興業,2024-02-02,1570
4157,太景*-KY,30,0,30,港商法國興業,2024-02-02,1570
8110,華東,30,0,30,港商法國興業,2024-02-02,1570
3665,貿聯-KY,28,0,28,港商法國興業,2024-02-02,1570
3231,緯創,27,0,27,港商法國興業,2024-02-02,1570
3703,欣陸,27,0,27,港商法國興業,2024-02-02,1570
6416,瑞祺電通,26,0,26,港商法國興業,2024-02-02,1570
1101,台泥,24,0,24,港商法國興業,2024-02-02,1570
2458,義隆,24,0,24,港商法國興業,2024-02-02,1570
2382,廣達,222,0,222,港商法國興業,2024-02-05,1570
2498,宏達電,117,0,117,港商法國興業,2024-02-05,1570
3049,精金,92,0,92,港商法國興業,2024-02-05,1570
3481,群創,84,0,84,港商法國興業,2024-02-05,1570
1308,亞聚,61,0,61,港商法國興業,2024-02-05,1570
2316,楠梓電,60,0,60,港商法國興業,2024-02-05,1570
2516,新建,60,0,60,港商法國興業,2024-02-05,1570
6271,同欣電,59,0,59,港商法國興業,2024-02-05,1570
6505,台塑化,55,3,52,港商法國興業,2024-02-05,1570
2542,興富發,50,0,50,港商法國興業,2024-02-05,1570
2605,新興,48,0,48,港商法國興業,2024-02-05,1570
3056,富華新,47,0,47,港商法國興業,2024-02-05,1570
2611,志信,42,0,42,港商法國興業,2024-02-05,1570
5876,上海商銀,43,4,39,港商法國興業,2024-02-05,1570
6770,力積電,39,0,39,港商法國興業,2024-02-05,1570
2352,佳世達,36,0,36,港商法國興業,2024-02-05,1570
9933,中鼎,34,0,34,港商法國興業,2024-02-05,1570
6278,台表科,33,0,33,港商法國興業,2024-02-05,1570
4743,合一,30,0,30,港商法國興業,2024-02-05,1570
5871,中租-KY,30,0,30,港商法國興業,2024-02-05,1570
3044,健鼎,29,0,29,港商法國興業,2024-02-05,1570
1536,和大,27,0,27,港商法國興業,2024-02-05,1570
3045,台灣大,26,0,26,港商法國興業,2024-02-05,1570
4739,康普,22,0,22,港商法國興業,2024-02-05,1570
1612,宏泰,21,0,21,港商法國興業,2024-02-05,1570
2417,圓剛,21,0,21,港商法國興業,2024-02-05,1570
2387,精元,19,0,19,港商法國興業,2024-02-05,1570
2739,寒舍,19,0,19,港商法國興業,2024-02-05,1570
2231,為升,18,0,18,港商法國興業,2024-02-05,1570
6239,力成,17,0,17,港商法國興業,2024-02-05,1570
2028,威致,16,0,16,港商法國興業,2024-02-05,1570
3105,穩懋,16,0,16,港商法國興業,2024-02-05,1570
4157,太景*-KY,16,0,16,港商法國興業,2024-02-05,1570
4766,南寶,16,0,16,港商法國興業,2024-02-05,1570
2376,技嘉,14,0,14,港商法國興業,2024-02-05,1570
2883,凱基金,14,0,14,港商法國興業,2024-02-05,1570
1533,車王電,13,0,13,港商法國興業,2024-02-05,1570
2049,上銀,13,0,13,港商法國興業,2024-02-05,1570
6196,帆宣,13,0,13,港商法國興業,2024-02-05,1570
6669,緯穎,13,0,13,港商法國興業,2024-02-05,1570
8358,金居,29,18,11,港商法國興業,2024-02-05,1570
5371,中光電,10,0,10,港商法國興業,2024-02-05,1570
6741,91APP*-KY,9,0,9,港商法國興業,2024-02-05,1570
8069,元太,9,0,9,港商法國興業,2024-02-05,1570
2338,光罩,7,0,7,港商法國興業,2024-02-05,1570
1210,大成,6,0,6,港商法國興業,2024-02-05,1570
4555,氣立,6,0,6,港商法國興業,2024-02-05,1570
5236,凌陽創新,6,0,6,港商法國興業,2024-02-05,1570
5425,台半,6,0,6,港商法國興業,2024-02-05,1570
2449,京元電子,5,0,5,港商法國興業,2024-02-05,1570
2882,國泰金,467,60,407,港商法國興業,2024-02-15,1570
5876,上海商銀,269,18,251,港商法國興業,2024-02-15,1570
2356,英業達,189,12,177,港商法國興業,2024-02-15,1570
2884,玉山金,177,5,172,港商法國興業,2024-02-15,1570
2605,新興,171,0,171,港商法國興業,2024-02-15,1570
2344,華邦電,160,17,143,港商法國興業,2024-02-15,1570
2891,中信金,161,22,139,港商法國興業,2024-02-15,1570
6278,台表科,131,0,131,港商法國興業,2024-02-15,1570
3711,日月光投控,130,5,125,港商法國興業,2024-02-15,1570
2409,友達,118,0,118,港商法國興業,2024-02-15,1570
3231,緯創,115,2,113,港商法國興業,2024-02-15,1570
2369,菱生,111,0,111,港商法國興業,2024-02-15,1570
2886,兆豐金,119,22,97,港商法國興業,2024-02-15,1570
2890,永豐金,93,5,88,港商法國興業,2024-02-15,1570
1303,南亞,85,7,78,港商法國興業,2024-02-15,1570
2368,金像電,77,0,77,港商法國興業,2024-02-15,1570
2883,凱基金,89,15,74,港商法國興業,2024-02-15,1570
2014,中鴻,73,0,73,港商法國興業,2024-02-15,1570
5425,台半,69,0,69,港商法國興業,2024-02-15,1570
2323,中環,65,0,65,港商法國興業,2024-02-15,1570
2888,新光金,73,8,65,港商法國興業,2024-02-15,1570
4114,健喬,63,0,63,港商法國興業,2024-02-15,1570
2009,第一銅,59,0,59,港商法國興業,2024-02-15,1570
3052,夆典,58,0,58,港商法國興業,2024-02-15,1570
2516,新建,51,0,51,港商法國興業,2024-02-15,1570
5880,合庫金,52,2,50,港商法國興業,2024-02-15,1570
4938,和碩,51,2,49,港商法國興業,2024-02-15,1570
4142,國光生,49,0,49,港商法國興業,2024-02-15,1570
6282,康舒,47,0,47,港商法國興業,2024-02-15,1570
3032,偉訓,45,0,45,港商法國興業,2024-02-15,1570
2633,台灣高鐵,44,1,43,港商法國興業,2024-02-15,1570
1319,東陽,42,0,42,港商法國興業,2024-02-15,1570
2892,第一金,42,3,39,港商法國興業,2024-02-15,1570
2332,友訊,37,0,37,港商法國興業,2024-02-15,1570
3209,全科,37,0,37,港商法國興業,2024-02-15,1570
5225,東科-KY,36,0,36,港商法國興業,2024-02-15,1570
6120,達運,36,0,36,港商法國興業,2024-02-15,1570
1612,宏泰,34,0,34,港商法國興業,2024-02-15,1570
2338,光罩,33,0,33,港商法國興業,2024-02-15,1570
8069,元太,33,0,33,港商法國興業,2024-02-15,1570
2363,矽統,31,0,31,港商法國興業,2024-02-15,1570
3016,嘉晶,31,0,31,港商法國興業,2024-02-15,1570
2303,聯電,99,70,29,港商法國興業,2024-02-15,1570
1722,台肥,28,0,28,港商法國興業,2024-02-15,1570
2102,泰豐,27,0,27,港商法國興業,2024-02-15,1570
1608,華榮,26,0,26,港商法國興業,2024-02-15,1570
2231,為升,26,0,26,港商法國興業,2024-02-15,1570
2301,光寶科,46,21,25,港商法國興業,2024-02-15,1570
2402,毅嘉,24,0,24,港商法國興業,2024-02-15,1570
1402,遠東新,25,1,24,港商法國興業,2024-02-15,1570
2881,富邦金,902,0,902,港商法國興業,2024-02-16,1570
5425,台半,186,0,186,港商法國興業,2024-02-16,1570
2885,元大金,150,0,150,港商法國興業,2024-02-16,1570
2884,玉山金,126,0,126,港商法國興業,2024-02-16,1570
2888,新光金,106,0,106,港商法國興業,2024-02-16,1570
2886,兆豐金,98,0,98,港商法國興業,2024-02-16,1570
2891,中信金,98,0,98,港商法國興業,2024-02-16,1570
6120,達運,90,0,90,港商法國興業,2024-02-16,1570
1605,華新,77,0,77,港商法國興業,2024-02-16,1570
2002,中鋼,77,0,77,港商法國興業,2024-02-16,1570
2887,台新金,77,0,77,港商法國興業,2024-02-16,1570
2892,第一金,76,0,76,港商法國興業,2024-02-16,1570
5880,合庫金,73,0,73,港商法國興業,2024-02-16,1570
2317,鴻海,67,0,67,港商法國興業,2024-02-16,1570
2883,凱基金,64,0,64,港商法國興業,2024-02-16,1570
2880,華南金,63,0,63,港商法國興業,2024-02-16,1570
2882,國泰金,63,0,63,港商法國興業,2024-02-16,1570
1303,南亞,60,0,60,港商法國興業,2024-02-16,1570
3711,日月光投控,49,0,49,港商法國興業,2024-02-16,1570
2330,台積電,115,71,44,港商法國興業,2024-02-16,1570
6278,台表科,42,0,42,港商法國興業,2024-02-16,1570
1101,台泥,37,0,37,港商法國興業,2024-02-16,1570
5876,上海商銀,35,0,35,港商法國興業,2024-02-16,1570
8110,華東,35,0,35,港商法國興業,2024-02-16,1570
2890,永豐金,46,12,34,港商法國興業,2024-02-16,1570
2834,臺企銀,30,0,30,港商法國興業,2024-02-16,1570
1301,台塑,29,0,29,港商法國興業,2024-02-16,1570
2368,金像電,25,0,25,港商法國興業,2024-02-16,1570
2610,華航,25,0,25,港商法國興業,2024-02-16,1570
3481,群創,25,0,25,港商法國興業,2024-02-16,1570
8027,鈦昇,25,0,25,港商法國興業,2024-02-16,1570
1102,亞泥,24,0,24,港商法國興業,2024-02-16,1570
2412,中華電,24,0,24,港商法國興業,2024-02-16,1570
1326,台化,23,0,23,港商法國興業,2024-02-16,1570
2204,中華,23,0,23,港商法國興業,2024-02-16,1570
3032,偉訓,23,0,23,港商法國興業,2024-02-16,1570
3045,台灣大,22,0,22,港商法國興業,2024-02-16,1570
1612,宏泰,21,0,21,港商法國興業,2024-02-16,1570
4904,遠傳,21,0,21,港商法國興業,2024-02-16,1570
5871,中租-KY,21,0,21,港商法國興業,2024-02-16,1570
1513,中興電,20,0,20,港商法國興業,2024-02-16,1570
2371,大同,20,0,20,港商法國興業,2024-02-16,1570
2457,飛宏,20,0,20,港商法國興業,2024-02-16,1570
2409,友達,19,0,19,港商法國興業,2024-02-16,1570
5607,遠雄港,19,0,19,港商法國興業,2024-02-16,1570
2408,南亞科,16,0,16,港商法國興業,2024-02-16,1570
6579,研揚,16,0,16,港商法國興業,2024-02-16,1570
2801,彰銀,15,0,15,港商法國興業,2024-02-16,1570
4157,太景*-KY,15,0,15,港商法國興業,2024-02-16,1570
2308,台達電,14,0,14,港商法國興業,2024-02-16,1570
1314,中石化,250,0,250,港商法國興業,2024-02-19,1570
3450,聯鈞,236,0,236,港商法國興業,2024-02-19,1570
2890,永豐金,219,0,219,港商法國興業,2024-02-19,1570
2352,佳世達,178,0,178,港商法國興業,2024-02-19,1570
1102,亞泥,150,0,150,港商法國興業,2024-02-19,1570
1605,華新,124,0,124,港商法國興業,2024-02-19,1570
2344,華邦電,74,0,74,港商法國興業,2024-02-19,1570
6278,台表科,58,0,58,港商法國興業,2024-02-19,1570
2892,第一金,57,0,57,港商法國興業,2024-02-19,1570
6770,力積電,54,0,54,港商法國興業,2024-02-19,1570
2882,國泰金,51,0,51,港商法國興業,2024-02-19,1570
2303,聯電,47,0,47,港商法國興業,2024-02-19,1570
2337,旺宏,70,30,40,港商法國興業,2024-02-19,1570
2330,台積電,43,4,39,港商法國興業,2024-02-19,1570
2881,富邦金,54,15,39,港商法國興業,2024-02-19,1570
1101,台泥,38,0,38,港商法國興業,2024-02-19,1570
2609,陽明,37,0,37,港商法國興業,2024-02-19,1570
2886,兆豐金,36,0,36,港商法國興業,2024-02-19,1570
2891,中信金,36,0,36,港商法國興業,2024-02-19,1570
3545,敦泰,35,0,35,港商法國興業,2024-02-19,1570
2486,一詮,34,0,34,港商法國興業,2024-02-19,1570
3363,上詮,31,0,31,港商法國興業,2024-02-19,1570
4958,臻鼎-KY,32,2,30,港商法國興業,2024-02-19,1570
6274,台燿,28,0,28,港商法國興業,2024-02-19,1570
2408,南亞科,25,0,25,港商法國興業,2024-02-19,1570
2355,敬鵬,25,0,25,港商法國興業,2024-02-19,1570
8110,華東,25,0,25,港商法國興業,2024-02-19,1570
2356,英業達,22,0,22,港商法國興業,2024-02-19,1570
1402,遠東新,21,0,21,港商法國興業,2024-02-19,1570
6120,達運,20,0,20,港商法國興業,2024-02-19,1570
1303,南亞,17,0,17,港商法國興業,2024-02-19,1570
1717,長興,16,0,16,港商法國興業,2024-02-19,1570
3037,欣興,14,0,14,港商法國興業,2024-02-19,1570
3163,波若威,14,0,14,港商法國興業,2024-02-19,1570
3702,大聯大,14,0,14,港商法國興業,2024-02-19,1570
2308,台達電,12,0,12,港商法國興業,2024-02-19,1570
1504,東元,12,0,12,港商法國興業,2024-02-19,1570
3033,威健,12,0,12,港商法國興業,2024-02-19,1570
3078,僑威,12,0,12,港商法國興業,2024-02-19,1570
3665,貿聯-KY,12,0,12,港商法國興業,2024-02-19,1570
9910,豐泰,12,0,12,港商法國興業,2024-02-19,1570
3034,聯詠,12,1,11,港商法國興業,2024-02-19,1570
5876,上海商銀,11,0,11,港商法國興業,2024-02-19,1570
1301,台塑,10,0,10,港商法國興業,2024-02-19,1570
5388,中磊,10,0,10,港商法國興業,2024-02-19,1570
2409,友達,9,0,9,港商法國興業,2024-02-19,1570
2371,大同,9,0,9,港商法國興業,2024-02-19,1570
3689,湧德,9,0,9,港商法國興業,2024-02-19,1570
5871,中租-KY,9,0,9,港商法國興業,2024-02-19,1570
2105,正新,8,0,8,港商法國興業,2024-02-19,1570
2606,裕民,110,0,110,港商法國興業,2024-02-20,1570
2609,陽明,92,0,92,港商法國興業,2024-02-20,1570
1504,東元,89,2,87,港商法國興業,2024-02-20,1570
2049,上銀,80,0,80,港商法國興業,2024-02-20,1570
2618,長榮航,79,1,78,港商法國興業,2024-02-20,1570
2313,華通,78,1,77,港商法國興業,2024-02-20,1570
2890,永豐金,65,5,60,港商法國興業,2024-02-20,1570
4915,致伸,60,0,60,港商法國興業,2024-02-20,1570
5457,宣德,49,0,49,港商法國興業,2024-02-20,1570
5371,中光電,43,0,43,港商法國興業,2024-02-20,1570
6176,瑞儀,32,0,32,港商法國興業,2024-02-20,1570
6770,力積電,35,5,30,港商法國興業,2024-02-20,1570
2379,瑞昱,21,0,21,港商法國興業,2024-02-20,1570
4958,臻鼎-KY,19,0,19,港商法國興業,2024-02-20,1570
9939,宏全,18,0,18,港商法國興業,2024-02-20,1570
2324,仁寶,19,3,16,港商法國興業,2024-02-20,1570
2634,漢翔,15,0,15,港商法國興業,2024-02-20,1570
3023,信邦,14,0,14,港商法國興業,2024-02-20,1570
2338,光罩,13,0,13,港商法國興業,2024-02-20,1570
5434,崇越,13,0,13,港商法國興業,2024-02-20,1570
2385,群光,11,0,11,港商法國興業,2024-02-20,1570
9910,豐泰,11,0,11,港商法國興業,2024-02-20,1570
3189,景碩,10,0,10,港商法國興業,2024-02-20,1570
3406,玉晶光,10,2,8,港商法國興業,2024-02-20,1570
9802,鈺齊-KY,7,0,7,港商法國興業,2024-02-20,1570
5388,中磊,6,0,6,港商法國興業,2024-02-20,1570
1102,亞泥,10,5,5,港商法國興業,2024-02-20,1570
6451,訊芯-KY,5,0,5,港商法國興業,2024-02-20,1570
6531,愛普*,7,2,5,港商法國興業,2024-02-20,1570
8046,南電,5,0,5,港商法國興業,2024-02-20,1570
8422,可寧衛,5,0,5,港商法國興業,2024-02-20,1570
8436,大江,5,0,5,港商法國興業,2024-02-20,1570
8110,華東,3,0,3,港商法國興業,2024-02-20,1570
2528,皇普,2,0,2,港商法國興業,2024-02-20,1570
1301,台塑,2,0,2,港商法國興業,2024-02-20,1570
2707,晶華,2,0,2,港商法國興業,2024-02-20,1570
3533,嘉澤,2,0,2,港商法國興業,2024-02-20,1570
3694,海華,2,0,2,港商法國興業,2024-02-20,1570
1522,堤維西,1,0,1,港商法國興業,2024-02-20,1570
1303,南亞,3,2,1,港商法國興業,2024-02-20,1570
2439,美律,1,0,1,港商法國興業,2024-02-20,1570
3036,文曄,1,0,1,港商法國興業,2024-02-20,1570
3661,世芯-KY,1,0,1,港商法國興業,2024-02-20,1570
5536,聖暉*,1,0,1,港商法國興業,2024-02-20,1570
6409,旭隼,1,0,1,港商法國興業,2024-02-20,1570
6446,藥華藥,1,0,1,港商法國興業,2024-02-20,1570
6669,緯穎,1,0,1,港商法國興業,2024-02-20,1570
2881,富邦金,490,0,490,港商法國興業,2024-02-21,1570
2891,中信金,297,0,297,港商法國興業,2024-02-21,1570
2002,中鋼,230,53,177,港商法國興業,2024-02-21,1570
3715,定穎投控,151,12,139,港商法國興業,2024-02-21,1570
2884,玉山金,128,0,128,港商法國興業,2024-02-21,1570
2886,兆豐金,104,0,104,港商法國興業,2024-02-21,1570
6147,頎邦,103,0,103,港商法國興業,2024-02-21,1570
2303,聯電,102,0,102,港商法國興業,2024-02-21,1570
2887,台新金,102,0,102,港商法國興業,2024-02-21,1570
2892,第一金,99,0,99,港商法國興業,2024-02-21,1570
5880,合庫金,93,0,93,港商法國興業,2024-02-21,1570
1513,中興電,86,0,86,港商法國興業,2024-02-21,1570
2880,華南金,80,0,80,港商法國興業,2024-02-21,1570
2603,長榮,74,0,74,港商法國興業,2024-02-21,1570
3189,景碩,70,0,70,港商法國興業,2024-02-21,1570
4114,健喬,55,0,55,港商法國興業,2024-02-21,1570
1301,台塑,48,0,48,港商法國興業,2024-02-21,1570
2812,台中銀,46,0,46,港商法國興業,2024-02-21,1570
3105,穩懋,46,0,46,港商法國興業,2024-02-21,1570
8358,金居,46,0,46,港商法國興業,2024-02-21,1570
2454,聯發科,51,6,45,港商法國興業,2024-02-21,1570
1216,統一,44,0,44,港商法國興業,2024-02-21,1570
1440,南紡,44,0,44,港商法國興業,2024-02-21,1570
1303,南亞,43,0,43,港商法國興業,2024-02-21,1570
2633,台灣高鐵,40,0,40,港商法國興業,2024-02-21,1570
2890,永豐金,245,206,39,港商法國興業,2024-02-21,1570
8070,長華*,39,0,39,港商法國興業,2024-02-21,1570
4128,中天,35,0,35,港商法國興業,2024-02-21,1570
2022,聚亨,33,0,33,港商法國興業,2024-02-21,1570
2338,光罩,32,0,32,港商法國興業,2024-02-21,1570
2023,燁輝,32,0,32,港商法國興業,2024-02-21,1570
2882,國泰金,160,128,32,港商法國興業,2024-02-21,1570
4142,國光生,32,0,32,港商法國興業,2024-02-21,1570
2528,皇普,31,0,31,港商法國興業,2024-02-21,1570
3346,麗清,31,0,31,港商法國興業,2024-02-21,1570
4533,協易機,28,0,28,港商法國興業,2024-02-21,1570
2509,全坤建,27,0,27,港商法國興業,2024-02-21,1570
2610,華航,26,0,26,港商法國興業,2024-02-21,1570
8050,廣積,26,0,26,港商法國興業,2024-02-21,1570
4915,致伸,25,0,25,港商法國興業,2024-02-21,1570
1402,遠東新,24,0,24,港商法國興業,2024-02-21,1570
2388,威盛,24,0,24,港商法國興業,2024-02-21,1570
3029,零壹,23,0,23,港商法國興業,2024-02-21,1570
2618,長榮航,24,3,21,港商法國興業,2024-02-21,1570
2436,偉詮電,20,0,20,港商法國興業,2024-02-21,1570
2317,鴻海,50,30,20,港商法國興業,2024-02-21,1570
3023,信邦,20,0,20,港商法國興業,2024-02-21,1570
5244,弘凱,20,0,20,港商法國興業,2024-02-21,1570
9933,中鼎,20,0,20,港商法國興業,2024-02-21,1570
2301,光寶科,18,0,18,港商法國興業,2024-02-21,1570
2603,長榮,597,0,597,港商法國興業,2024-02-22,1570
2834,臺企銀,324,0,324,港商法國興業,2024-02-22,1570
2317,鴻海,293,0,293,港商法國興業,2024-02-22,1570
9904,寶成,244,0,244,港商法國興業,2024-02-22,1570
2880,華南金,233,0,233,港商法國興業,2024-02-22,1570
5876,上海商銀,175,0,175,港商法國興業,2024-02-22,1570
2886,兆豐金,101,0,101,港商法國興業,2024-02-22,1570
2542,興富發,94,0,94,港商法國興業,2024-02-22,1570
3037,欣興,83,0,83,港商法國興業,2024-02-22,1570
1402,遠東新,78,0,78,港商法國興業,2024-02-22,1570
2881,富邦金,69,0,69,港商法國興業,2024-02-22,1570
2308,台達電,65,0,65,港商法國興業,2024-02-22,1570
4114,健喬,63,0,63,港商法國興業,2024-02-22,1570
1717,長興,51,0,51,港商法國興業,2024-02-22,1570
2330,台積電,63,15,48,港商法國興業,2024-02-22,1570
2615,萬海,47,0,47,港商法國興業,2024-02-22,1570
4128,中天,47,0,47,港商法國興業,2024-02-22,1570
2385,群光,49,3,46,港商法國興業,2024-02-22,1570
5425,台半,45,0,45,港商法國興業,2024-02-22,1570
2609,陽明,79,35,44,港商法國興業,2024-02-22,1570
2316,楠梓電,36,0,36,港商法國興業,2024-02-22,1570
2014,中鴻,35,0,35,港商法國興業,2024-02-22,1570
5388,中磊,34,0,34,港商法國興業,2024-02-22,1570
2486,一詮,33,0,33,港商法國興業,2024-02-22,1570
9945,潤泰新,32,0,32,港商法國興業,2024-02-22,1570
1522,堤維西,35,5,30,港商法國興業,2024-02-22,1570
1618,合機,28,0,28,港商法國興業,2024-02-22,1570
9907,統一實,24,0,24,港商法國興業,2024-02-22,1570
3374,精材,23,0,23,港商法國興業,2024-02-22,1570
1712,興農,22,0,22,港商法國興業,2024-02-22,1570
4207,環泰,22,0,22,港商法國興業,2024-02-22,1570
2382,廣達,21,0,21,港商法國興業,2024-02-22,1570
3708,上緯投控,21,0,21,港商法國興業,2024-02-22,1570
1504,東元,20,0,20,港商法國興業,2024-02-22,1570
6613,朋億*,20,0,20,港商法國興業,2024-02-22,1570
8404,百和興業-KY,20,0,20,港商法國興業,2024-02-22,1570
9925,新保,18,0,18,港商法國興業,2024-02-22,1570
2723,美食-KY,17,0,17,港商法國興業,2024-02-22,1570
9933,中鼎,16,0,16,港商法國興業,2024-02-22,1570
2606,裕民,15,0,15,港商法國興業,2024-02-22,1570
5483,中美晶,15,0,15,港商法國興業,2024-02-22,1570
1445,大宇,14,0,14,港商法國興業,2024-02-22,1570
2338,光罩,13,0,13,港商法國興業,2024-02-22,1570
1319,東陽,28,15,13,港商法國興業,2024-02-22,1570
8415,大國鋼,12,0,12,港商法國興業,2024-02-22,1570
1702,南僑,10,0,10,港商法國興業,2024-02-22,1570
1783,和康生,10,0,10,港商法國興業,2024-02-22,1570
2329,華泰,9,0,9,港商法國興業,2024-02-22,1570
6670,復盛應用,9,0,9,港商法國興業,2024-02-22,1570
3661,世芯-KY,8,0,8,港商法國興業,2024-02-22,1570
2603,長榮,463,0,463,港商法國興業,2024-02-23,1570
2867,三商壽,297,0,297,港商法國興業,2024-02-23,1570
2344,華邦電,269,0,269,港商法國興業,2024-02-23,1570
2388,威盛,241,0,241,港商法國興業,2024-02-23,1570
2882,國泰金,199,0,199,港商法國興業,2024-02-23,1570
2641,正德,157,0,157,港商法國興業,2024-02-23,1570
2884,玉山金,132,0,132,港商法國興業,2024-02-23,1570
2897,王道銀行,105,0,105,港商法國興業,2024-02-23,1570
1409,新纖,83,0,83,港商法國興業,2024-02-23,1570
2637,慧洋-KY,80,0,80,港商法國興業,2024-02-23,1570
1303,南亞,78,0,78,港商法國興業,2024-02-23,1570
2834,臺企銀,78,0,78,港商法國興業,2024-02-23,1570
1513,中興電,95,20,75,港商法國興業,2024-02-23,1570
5876,上海商銀,68,0,68,港商法國興業,2024-02-23,1570
2801,彰銀,49,0,49,港商法國興業,2024-02-23,1570
2385,群光,51,4,47,港商法國興業,2024-02-23,1570
2542,興富發,47,0,47,港商法國興業,2024-02-23,1570
2880,華南金,47,0,47,港商法國興業,2024-02-23,1570
6278,台表科,44,0,44,港商法國興業,2024-02-23,1570
2615,萬海,72,30,42,港商法國興業,2024-02-23,1570
9907,統一實,42,0,42,港商法國興業,2024-02-23,1570
8933,愛地雅,40,0,40,港商法國興業,2024-02-23,1570
3162,精確,39,0,39,港商法國興業,2024-02-23,1570
6462,神盾,37,0,37,港商法國興業,2024-02-23,1570
6613,朋億*,34,0,34,港商法國興業,2024-02-23,1570
2022,聚亨,30,0,30,港商法國興業,2024-02-23,1570
6279,胡連,25,0,25,港商法國興業,2024-02-23,1570
6180,橘子,24,0,24,港商法國興業,2024-02-23,1570
5388,中磊,37,16,21,港商法國興業,2024-02-23,1570
8050,廣積,21,0,21,港商法國興業,2024-02-23,1570
1795,美時,20,0,20,港商法國興業,2024-02-23,1570
6625,必應,20,0,20,港商法國興業,2024-02-23,1570
2108,南帝,19,0,19,港商法國興業,2024-02-23,1570
3711,日月光投控,19,0,19,港商法國興業,2024-02-23,1570
2329,華泰,17,0,17,港商法國興業,2024-02-23,1570
2028,威致,16,0,16,港商法國興業,2024-02-23,1570
8942,森鉅,16,0,16,港商法國興業,2024-02-23,1570
2420,新巨,15,0,15,港商法國興業,2024-02-23,1570
1736,喬山,15,0,15,港商法國興業,2024-02-23,1570
3552,同致,15,0,15,港商法國興業,2024-02-23,1570
2486,一詮,14,0,14,港商法國興業,2024-02-23,1570
1762,中化生,14,0,14,港商法國興業,2024-02-23,1570
3092,鴻碩,14,0,14,港商法國興業,2024-02-23,1570
3374,精材,14,0,14,港商法國興業,2024-02-23,1570
8069,元太,13,0,13,港商法國興業,2024-02-23,1570
8358,金居,12,0,12,港商法國興業,2024-02-23,1570
3037,欣興,11,0,11,港商法國興業,2024-02-23,1570
4919,新唐,11,0,11,港商法國興業,2024-02-23,1570
5425,台半,11,0,11,港商法國興業,2024-02-23,1570
6153,嘉聯益,11,0,11,港商法國興業,2024-02-23,1570
2884,玉山金,568,0,568,港商法國興業,2024-02-26,1570
1519,華城,178,0,178,港商法國興業,2024-02-26,1570
2641,正德,138,0,138,港商法國興業,2024-02-26,1570
2615,萬海,145,20,125,港商法國興業,2024-02-26,1570
2385,群光,126,4,122,港商法國興業,2024-02-26,1570
2603,長榮,104,0,104,港商法國興業,2024-02-26,1570
2606,裕民,85,0,85,港商法國興業,2024-02-26,1570
2834,臺企銀,77,0,77,港商法國興業,2024-02-26,1570
1504,東元,75,0,75,港商法國興業,2024-02-26,1570
2504,國產,71,0,71,港商法國興業,2024-02-26,1570
2618,長榮航,66,0,66,港商法國興業,2024-02-26,1570
2382,廣達,58,0,58,港商法國興業,2024-02-26,1570
2897,王道銀行,55,0,55,港商法國興業,2024-02-26,1570
6789,采鈺,52,0,52,港商法國興業,2024-02-26,1570
4142,國光生,46,0,46,港商法國興業,2024-02-26,1570
2027,大成鋼,45,0,45,港商法國興業,2024-02-26,1570
2009,第一銅,44,0,44,港商法國興業,2024-02-26,1570
1503,士電,42,0,42,港商法國興業,2024-02-26,1570
2393,億光,36,0,36,港商法國興業,2024-02-26,1570
1301,台塑,34,0,34,港商法國興業,2024-02-26,1570
2313,華通,33,0,33,港商法國興業,2024-02-26,1570
1513,中興電,69,38,31,港商法國興業,2024-02-26,1570
2303,聯電,30,0,30,港商法國興業,2024-02-26,1570
2614,東森,29,0,29,港商法國興業,2024-02-26,1570
2201,裕隆,28,0,28,港商法國興業,2024-02-26,1570
2441,超豐,26,0,26,港商法國興業,2024-02-26,1570
2347,聯強,25,0,25,港商法國興業,2024-02-26,1570
6257,矽格,24,0,24,港商法國興業,2024-02-26,1570
8436,大江,24,0,24,港商法國興業,2024-02-26,1570
2451,創見,23,0,23,港商法國興業,2024-02-26,1570
6213,聯茂,23,0,23,港商法國興業,2024-02-26,1570
3010,華立,20,0,20,港商法國興業,2024-02-26,1570
3231,緯創,20,0,20,港商法國興業,2024-02-26,1570
4167,松瑞藥,19,0,19,港商法國興業,2024-02-26,1570
8114,振樺電,19,0,19,港商法國興業,2024-02-26,1570
5876,上海商銀,17,0,17,港商法國興業,2024-02-26,1570
6753,龍德造船,17,0,17,港商法國興業,2024-02-26,1570
1522,堤維西,20,4,16,港商法國興業,2024-02-26,1570
3042,晶技,16,0,16,港商法國興業,2024-02-26,1570
6278,台表科,15,0,15,港商法國興業,2024-02-26,1570
2610,華航,14,0,14,港商法國興業,2024-02-26,1570
6186,新潤,14,0,14,港商法國興業,2024-02-26,1570
2630,亞航,13,0,13,港商法國興業,2024-02-26,1570
4958,臻鼎-KY,13,0,13,港商法國興業,2024-02-26,1570
6239,力成,13,0,13,港商法國興業,2024-02-26,1570
6414,樺漢,13,0,13,港商法國興業,2024-02-26,1570
2732,六角,12,0,12,港商法國興業,2024-02-26,1570
1321,大洋,11,0,11,港商法國興業,2024-02-26,1570
2608,嘉里大榮,11,0,11,港商法國興業,2024-02-26,1570
6176,瑞儀,11,0,11,港商法國興業,2024-02-26,1570
2884,玉山金,2601,0,2601,港商法國興業,2024-02-27,1570
2887,台新金,800,0,800,港商法國興業,2024-02-27,1570
2892,第一金,783,0,783,港商法國興業,2024-02-27,1570
5880,合庫金,740,0,740,港商法國興業,2024-02-27,1570
2002,中鋼,715,0,715,港商法國興業,2024-02-27,1570
2880,華南金,638,0,638,港商法國興業,2024-02-27,1570
2834,臺企銀,442,0,442,港商法國興業,2024-02-27,1570
2801,彰銀,397,0,397,港商法國興業,2024-02-27,1570
2324,仁寶,331,0,331,港商法國興業,2024-02-27,1570
2886,兆豐金,323,0,323,港商法國興業,2024-02-27,1570
2388,威盛,322,0,322,港商法國興業,2024-02-27,1570
2412,中華電,342,40,302,港商法國興業,2024-02-27,1570
3481,群創,285,0,285,港商法國興業,2024-02-27,1570
2890,永豐金,275,0,275,港商法國興業,2024-02-27,1570
1326,台化,252,0,252,港商法國興業,2024-02-27,1570
6770,力積電,219,0,219,港商法國興業,2024-02-27,1570
2353,宏��,228,20,208,港商法國興業,2024-02-27,1570
1102,亞泥,217,54,163,港商法國興業,2024-02-27,1570
4938,和碩,144,0,144,港商法國興業,2024-02-27,1570
2105,正新,141,0,141,港商法國興業,2024-02-27,1570
2633,台灣高鐵,141,0,141,港商法國興業,2024-02-27,1570
4904,遠傳,135,0,135,港商法國興業,2024-02-27,1570
2641,正德,131,0,131,港商法國興業,2024-02-27,1570
2605,新興,130,0,130,港商法國興業,2024-02-27,1570
3045,台灣大,124,0,124,港商法國興業,2024-02-27,1570
3702,大聯大,114,2,112,港商法國興業,2024-02-27,1570
2498,宏達電,108,2,106,港商法國興業,2024-02-27,1570
1722,台肥,98,0,98,港商法國興業,2024-02-27,1570
2317,鴻海,97,0,97,港商法國興業,2024-02-27,1570
2897,王道銀行,95,0,95,港商法國興業,2024-02-27,1570
2347,聯強,90,0,90,港商法國興業,2024-02-27,1570
1301,台塑,87,0,87,港商法國興業,2024-02-27,1570
6505,台塑化,82,0,82,港商法國興業,2024-02-27,1570
2867,三商壽,75,0,75,港商法國興業,2024-02-27,1570
5347,世界,66,0,66,港商法國興業,2024-02-27,1570
1909,榮成,65,0,65,港商法國興業,2024-02-27,1570
2014,中鴻,62,0,62,港商法國興業,2024-02-27,1570
2603,長榮,57,0,57,港商法國興業,2024-02-27,1570
3665,貿聯-KY,54,0,54,港商法國興業,2024-02-27,1570
1303,南亞,53,0,53,港商法國興業,2024-02-27,1570
4114,健喬,51,0,51,港商法國興業,2024-02-27,1570
2357,華碩,50,0,50,港商法國興業,2024-02-27,1570
1503,士電,50,0,50,港商法國興業,2024-02-27,1570
2031,新光鋼,46,0,46,港商法國興業,2024-02-27,1570
2516,新建,46,0,46,港商法國興業,2024-02-27,1570
1210,大成,45,0,45,港商法國興業,2024-02-27,1570
2474,可成,42,0,42,港商法國興業,2024-02-27,1570
2442,新美齊,38,0,38,港商法國興業,2024-02-27,1570
1519,華城,37,0,37,港商法國興業,2024-02-27,1570
4958,臻鼎-KY,36,0,36,港商法國興業,2024-02-27,1570
2884,玉山金,1771,283,1488,港商法國興業,2024-02-29,1570
2002,中鋼,1453,30,1423,港商法國興業,2024-02-29,1570
3481,群創,1619,745,874,港商法國興業,2024-02-29,1570
2880,華南金,603,53,550,港商法國興業,2024-02-29,1570
6770,力積電,370,2,368,港商法國興業,2024-02-29,1570
2324,仁寶,640,321,319,港商法國興業,2024-02-29,1570
2641,正德,273,0,273,港商法國興業,2024-02-29,1570
1513,中興電,242,21,221,港商法國興業,2024-02-29,1570
2412,中華電,293,95,198,港商法國興業,2024-02-29,1570
2890,永豐金,232,40,192,港商法國興業,2024-02-29,1570
5347,世界,187,0,187,港商法國興業,2024-02-29,1570
2618,長榮航,201,55,146,港商法國興業,2024-02-29,1570
4904,遠傳,160,17,143,港商法國興業,2024-02-29,1570
4958,臻鼎-KY,173,36,137,港商法國興業,2024-02-29,1570
2337,旺宏,160,42,118,港商法國興業,2024-02-29,1570
2609,陽明,126,17,109,港商法國興業,2024-02-29,1570
1536,和大,107,0,107,港商法國興業,2024-02-29,1570
2376,技嘉,108,4,104,港商法國興業,2024-02-29,1570
2409,友達,177,78,99,港商法國興業,2024-02-29,1570
3706,神達,83,0,83,港商法國興業,2024-02-29,1570
2606,裕民,85,14,71,港商法國興業,2024-02-29,1570
2439,美律,61,0,61,港商法國興業,2024-02-29,1570
3045,台灣大,70,9,61,港商法國興業,2024-02-29,1570
1503,士電,60,0,60,港商法國興業,2024-02-29,1570
2845,遠東銀,57,0,57,港商法國興業,2024-02-29,1570
1718,中纖,50,0,50,港商法國興業,2024-02-29,1570
6190,萬泰科,50,0,50,港商法國興業,2024-02-29,1570
3661,世芯-KY,50,3,47,港商法國興業,2024-02-29,1570
4114,健喬,47,0,47,港商法國興業,2024-02-29,1570
4306,炎洲,46,0,46,港商法國興業,2024-02-29,1570
2731,雄獅,42,0,42,港商法國興業,2024-02-29,1570
1524,耿鼎,37,0,37,港商法國興業,2024-02-29,1570
2537,聯上發,37,0,37,港商法國興業,2024-02-29,1570
8105,凌巨,36,0,36,港商法國興業,2024-02-29,1570
2888,新光金,35,0,35,港商法國興業,2024-02-29,1570
5309,系統電,34,0,34,港商法國興業,2024-02-29,1570
2506,太設,32,0,32,港商法國興業,2024-02-29,1570
2603,長榮,38,6,32,港商法國興業,2024-02-29,1570
2351,順德,31,0,31,港商法國興業,2024-02-29,1570
2022,聚亨,30,0,30,港商法國興業,2024-02-29,1570
2615,萬海,119,90,29,港商法國興業,2024-02-29,1570
1104,環泥,28,0,28,港商法國興業,2024-02-29,1570
2374,佳能,25,0,25,港商法國興業,2024-02-29,1570
1310,台苯,24,0,24,港商法國興業,2024-02-29,1570
2313,華通,36,12,24,港商法國興業,2024-02-29,1570
3044,健鼎,45,21,24,港商法國興業,2024-02-29,1570
4743,合一,25,1,24,港商法國興業,2024-02-29,1570
1615,大山,23,0,23,港商法國興業,2024-02-29,1570
2010,春源,22,0,22,港商法國興業,2024-02-29,1570
2328,廣宇,22,0,22,港商法國興業,2024-02-29,1570
2884,玉山金,491,0,491,港商法國興業,2024-03-01,1570
3322,建舜電,97,0,97,港商法國興業,2024-03-01,1570
2421,建準,94,0,94,港商法國興業,2024-03-01,1570
2641,正德,83,0,83,港商法國興業,2024-03-01,1570
2511,太子,65,0,65,港商法國興業,2024-03-01,1570
2376,技嘉,61,0,61,港商法國興業,2024-03-01,1570
2603,長榮,58,1,57,港商法國興業,2024-03-01,1570
3715,定穎投控,56,0,56,港商法國興業,2024-03-01,1570
2731,雄獅,54,0,54,港商法國興業,2024-03-01,1570
1609,大亞,51,0,51,港商法國興業,2024-03-01,1570
1808,潤隆,49,0,49,港商法國興業,2024-03-01,1570
2344,華邦電,45,0,45,港商法國興業,2024-03-01,1570
4123,晟德,45,0,45,港商法國興業,2024-03-01,1570
6550,北極星藥業-KY,42,0,42,港商法國興業,2024-03-01,1570
6669,緯穎,38,0,38,港商法國興業,2024-03-01,1570
2501,國建,36,0,36,港商法國興業,2024-03-01,1570
3596,智易,35,0,35,港商法國興業,2024-03-01,1570
3481,群創,100,67,33,港商法國興業,2024-03-01,1570
2371,大同,32,0,32,港商法國興業,2024-03-01,1570
6143,振曜,32,0,32,港商法國興業,2024-03-01,1570
6186,新潤,32,0,32,港商法國興業,2024-03-01,1570
8088,品安,31,0,31,港商法國興業,2024-03-01,1570
1513,中興電,50,20,30,港商法國興業,2024-03-01,1570
2851,中再保,30,0,30,港商法國興業,2024-03-01,1570
5519,隆大,30,0,30,港商法國興業,2024-03-01,1570
2353,宏��,35,6,29,港商法國興業,2024-03-01,1570
6603,富強鑫,27,0,27,港商法國興業,2024-03-01,1570
5452,佶優,25,0,25,港商法國興業,2024-03-01,1570
2428,興勤,24,0,24,港商法國興業,2024-03-01,1570
3090,日電貿,24,0,24,港商法國興業,2024-03-01,1570
8131,福懋科,24,0,24,港商法國興業,2024-03-01,1570
2382,廣達,22,0,22,港商法國興業,2024-03-01,1570
2317,鴻海,40,20,20,港商法國興業,2024-03-01,1570
2606,裕民,65,45,20,港商法國興業,2024-03-01,1570
6698,旭暉應材,20,0,20,港商法國興業,2024-03-01,1570
1227,佳格,19,0,19,港商法國興業,2024-03-01,1570
2375,凱美,19,0,19,港商法國興業,2024-03-01,1570
3209,全科,18,0,18,港商法國興業,2024-03-01,1570
6161,捷波,18,0,18,港商法國興業,2024-03-01,1570
6166,凌華,16,0,16,港商法國興業,2024-03-01,1570
2608,嘉里大榮,15,0,15,港商法國興業,2024-03-01,1570
3563,牧德,15,0,15,港商法國興業,2024-03-01,1570
3406,玉晶光,14,0,14,港商法國興業,2024-03-01,1570
4912,聯德控股-KY,14,0,14,港商法國興業,2024-03-01,1570
5244,弘凱,14,0,14,港商法國興業,2024-03-01,1570
6115,鎰勝,14,0,14,港商法國興業,2024-03-01,1570
6691,洋基工程,14,0,14,港商法國興業,2024-03-01,1570
2474,可成,13,0,13,港商法國興業,2024-03-01,1570
5522,遠雄,13,0,13,港商法國興業,2024-03-01,1570
8183,精星,13,0,13,港商法國興業,2024-03-01,1570
2317,鴻海,354,2,352,港商法國興業,2024-03-04,1570
2641,正德,267,0,267,港商法國興業,2024-03-04,1570
6285,啟��,103,0,103,港商法國興業,2024-03-04,1570
2353,宏��,97,0,97,港商法國興業,2024-03-04,1570
2345,智邦,94,0,94,港商法國興業,2024-03-04,1570
2454,聯發科,67,2,65,港商法國興業,2024-03-04,1570
2884,玉山金,59,0,59,港商法國興業,2024-03-04,1570
2606,裕民,55,0,55,港商法國興業,2024-03-04,1570
2603,長榮,50,0,50,港商法國興業,2024-03-04,1570
2618,長榮航,47,0,47,港商法國興業,2024-03-04,1570
9921,巨大,46,0,46,港商法國興業,2024-03-04,1570
2382,廣達,41,0,41,港商法國興業,2024-03-04,1570
8086,宏捷科,41,0,41,港商法國興業,2024-03-04,1570
2890,永豐金,40,0,40,港商法國興業,2024-03-04,1570
2103,台橡,28,0,28,港商法國興業,2024-03-04,1570
3030,德律,26,0,26,港商法國興業,2024-03-04,1570
3481,群創,100,75,25,港商法國興業,2024-03-04,1570
5269,祥碩,25,0,25,港商法國興業,2024-03-04,1570
2377,微星,23,0,23,港商法國興業,2024-03-04,1570
6121,新普,23,0,23,港商法國興業,2024-03-04,1570
2367,燿華,21,0,21,港商法國興業,2024-03-04,1570
9914,美利達,21,0,21,港商法國興業,2024-03-04,1570
2882,國泰金,23,3,20,港商法國興業,2024-03-04,1570
2528,皇普,18,0,18,港商法國興業,2024-03-04,1570
6143,振曜,18,0,18,港商法國興業,2024-03-04,1570
2313,華通,17,0,17,港商法國興業,2024-03-04,1570
2457,飛宏,15,0,15,港商法國興業,2024-03-04,1570
9945,潤泰新,15,0,15,港商法國興業,2024-03-04,1570
1707,葡萄王,14,0,14,港商法國興業,2024-03-04,1570
2539,櫻花建,12,0,12,港商法國興業,2024-03-04,1570
2609,陽明,12,0,12,港商法國興業,2024-03-04,1570
3037,欣興,11,0,11,港商法國興業,2024-03-04,1570
2428,興勤,11,0,11,港商法國興業,2024-03-04,1570
2371,大同,11,0,11,港商法國興業,2024-03-04,1570
2204,中華,10,0,10,港商法國興業,2024-03-04,1570
5388,中磊,10,0,10,港商法國興業,2024-03-04,1570
2330,台積電,29,21,8,港商法國興業,2024-03-04,1570
1580,新麥,7,0,7,港商法國興業,2024-03-04,1570
2605,新興,7,0,7,港商法國興業,2024-03-04,1570
4129,聯合,7,0,7,港商法國興業,2024-03-04,1570
2495,普安,6,0,6,港商法國興業,2024-03-04,1570
2303,聯電,7,1,6,港商法國興業,2024-03-04,1570
6469,大樹,6,0,6,港商法國興業,2024-03-04,1570
6533,晶心科,8,2,6,港商法國興業,2024-03-04,1570
1565,精華,5,0,5,港商法國興業,2024-03-04,1570
6415,矽力*-KY,5,0,5,港商法國興業,2024-03-04,1570
8996,高力,5,0,5,港商法國興業,2024-03-04,1570
2308,台達電,5,0,5,港商法國興業,2024-03-04,1570
3217,優群,4,0,4,港商法國興業,2024-03-04,1570
6446,藥華藥,4,0,4,港商法國興業,2024-03-04,1570
2455,全新,601,0,601,港商法國興業,2024-03-05,1570
6116,彩晶,164,0,164,港商法國興業,2024-03-05,1570
3576,聯合再生,150,0,150,港商法國興業,2024-03-05,1570
8086,宏捷科,150,0,150,港商法國興業,2024-03-05,1570
3163,波若威,149,0,149,港商法國興業,2024-03-05,1570
1108,幸福,123,0,123,港商法國興業,2024-03-05,1570
2511,太子,118,0,118,港商法國興業,2024-03-05,1570
2615,萬海,102,5,97,港商法國興業,2024-03-05,1570
2014,中鴻,89,0,89,港商法國興業,2024-03-05,1570
8358,金居,86,0,86,港商法國興業,2024-03-05,1570
1536,和大,82,0,82,港商法國興業,2024-03-05,1570
3535,晶彩科,80,0,80,港商法國興業,2024-03-05,1570
2641,正德,79,0,79,港商法國興業,2024-03-05,1570
5457,宣德,68,0,68,港商法國興業,2024-03-05,1570
4128,中天,64,0,64,港商法國興業,2024-03-05,1570
4532,瑞智,58,0,58,港商法國興業,2024-03-05,1570
4114,健喬,56,0,56,港商法國興業,2024-03-05,1570
4973,廣穎,56,0,56,港商法國興業,2024-03-05,1570
4919,新唐,53,0,53,港商法國興業,2024-03-05,1570
3037,欣興,61,11,50,港商法國興業,2024-03-05,1570
1513,中興電,52,4,48,港商法國興業,2024-03-05,1570
1909,榮成,47,0,47,港商法國興業,2024-03-05,1570
8150,南茂,47,0,47,港商法國興業,2024-03-05,1570
3714,富采,46,0,46,港商法國興業,2024-03-05,1570
4904,遠傳,70,24,46,港商法國興業,2024-03-05,1570
1219,福壽,44,0,44,港商法國興業,2024-03-05,1570
2371,大同,44,0,44,港商法國興業,2024-03-05,1570
9105,泰金寶-DR,44,0,44,港商法國興業,2024-03-05,1570
6776,展�眥篕�,42,0,42,港商法國興業,2024-03-05,1570
5309,系統電,40,0,40,港商法國興業,2024-03-05,1570
1402,遠東新,63,24,39,港商法國興業,2024-03-05,1570
2009,第一銅,39,0,39,港商法國興業,2024-03-05,1570
2504,國產,39,0,39,港商法國興業,2024-03-05,1570
2345,智邦,43,5,38,港商法國興業,2024-03-05,1570
2441,超豐,34,0,34,港商法國興業,2024-03-05,1570
1589,永冠-KY,32,0,32,港商法國興業,2024-03-05,1570
8927,北基,32,0,32,港商法國興業,2024-03-05,1570
8390,金益鼎,31,0,31,港商法國興業,2024-03-05,1570
2038,海光,30,0,30,港商法國興業,2024-03-05,1570
2351,順德,30,0,30,港商法國興業,2024-03-05,1570
2105,正新,44,15,29,港商法國興業,2024-03-05,1570
2006,東和鋼鐵,27,0,27,港商法國興業,2024-03-05,1570
2062,橋椿,26,0,26,港商法國興業,2024-03-05,1570
2548,華固,25,0,25,港商法國興業,2024-03-05,1570
3622,洋華,25,0,25,港商法國興業,2024-03-05,1570
9904,寶成,67,43,24,港商法國興業,2024-03-05,1570
2233,宇隆,23,0,23,港商法國興業,2024-03-05,1570
3003,健和興,23,0,23,港商法國興業,2024-03-05,1570
1104,環泥,22,0,22,港商法國興業,2024-03-05,1570
6505,台塑化,44,22,22,港商法國興業,2024-03-05,1570
2455,全新,422,4,418,港商法國興業,2024-03-06,1570
3450,聯鈞,299,0,299,港商法國興業,2024-03-06,1570
3576,聯合再生,293,0,293,港商法國興業,2024-03-06,1570
2303,聯電,307,35,272,港商法國興業,2024-03-06,1570
1303,南亞,271,0,271,港商法國興業,2024-03-06,1570
2317,鴻海,314,119,195,港商法國興業,2024-03-06,1570
1101,台泥,246,98,148,港商法國興業,2024-03-06,1570
2834,臺企銀,131,0,131,港商法國興業,2024-03-06,1570
2485,兆赫,121,0,121,港商法國興業,2024-03-06,1570
5876,上海商銀,107,0,107,港商法國興業,2024-03-06,1570
2345,智邦,100,3,97,港商法國興業,2024-03-06,1570
1616,億泰,88,0,88,港商法國興業,2024-03-06,1570
9933,中鼎,84,0,84,港商法國興業,2024-03-06,1570
6284,佳邦,79,0,79,港商法國興業,2024-03-06,1570
2615,萬海,107,29,78,港商法國興業,2024-03-06,1570
2359,所羅門,77,0,77,港商法國興業,2024-03-06,1570
5457,宣德,69,0,69,港商法國興業,2024-03-06,1570
2014,中鴻,63,0,63,港商法國興業,2024-03-06,1570
3289,宜特,59,0,59,港商法國興業,2024-03-06,1570
6156,松上,57,0,57,港商法國興業,2024-03-06,1570
1789,神隆,56,0,56,港商法國興業,2024-03-06,1570
2442,新美齊,55,0,55,港商法國興業,2024-03-06,1570
8215,明基材,54,0,54,港商法國興業,2024-03-06,1570
2002,中鋼,50,0,50,港商法國興業,2024-03-06,1570
2641,正德,50,0,50,港商法國興業,2024-03-06,1570
2356,英業達,71,22,49,港商法國興業,2024-03-06,1570
5465,富驊,47,0,47,港商法國興業,2024-03-06,1570
6776,展�眥篕�,47,0,47,港商法國興業,2024-03-06,1570
2023,燁輝,45,0,45,港商法國興業,2024-03-06,1570
2633,台灣高鐵,107,62,45,港商法國興業,2024-03-06,1570
2892,第一金,42,0,42,港商法國興業,2024-03-06,1570
1108,幸福,41,0,41,港商法國興業,2024-03-06,1570
1409,新纖,40,0,40,港商法國興業,2024-03-06,1570
1102,亞泥,39,0,39,港商法國興業,2024-03-06,1570
3029,零壹,39,0,39,港商法國興業,2024-03-06,1570
1504,東元,35,0,35,港商法國興業,2024-03-06,1570
2449,京元電子,35,0,35,港商法國興業,2024-03-06,1570
3702,大聯大,38,5,33,港商法國興業,2024-03-06,1570
6274,台燿,33,0,33,港商法國興業,2024-03-06,1570
2884,玉山金,32,0,32,港商法國興業,2024-03-06,1570
3380,明泰,32,0,32,港商法國興業,2024-03-06,1570
9927,泰銘,24,0,24,港商法國興業,2024-03-06,1570
2357,華碩,26,4,22,港商法國興業,2024-03-06,1570
6683,雍智科技,20,0,20,港商法國興業,2024-03-06,1570
1513,中興電,19,0,19,港商法國興業,2024-03-06,1570
4966,譜瑞-KY,19,0,19,港商法國興業,2024-03-06,1570
6669,緯穎,23,4,19,港商法國興業,2024-03-06,1570
3357,臺慶科,18,0,18,港商法國興業,2024-03-06,1570
2375,凱美,17,0,17,港商法國興業,2024-03-06,1570
3317,尼克森,17,0,17,港商法國興業,2024-03-06,1570
2455,全新,952,0,952,港商法國興業,2024-03-07,1570
2633,台灣高鐵,242,42,200,港商法國興業,2024-03-07,1570
2409,友達,197,39,158,港商法國興業,2024-03-07,1570
3576,聯合再生,153,0,153,港商法國興業,2024-03-07,1570
2382,廣達,156,24,132,港商法國興業,2024-03-07,1570
2313,華通,127,0,127,港商法國興業,2024-03-07,1570
2367,燿華,97,0,97,港商法國興業,2024-03-07,1570
2330,台積電,260,165,95,港商法國興業,2024-03-07,1570
2002,中鋼,109,15,94,港商法國興業,2024-03-07,1570
2887,台新金,145,51,94,港商法國興業,2024-03-07,1570
2890,永豐金,130,50,80,港商法國興業,2024-03-07,1570
5309,系統電,76,0,76,港商法國興業,2024-03-07,1570
9921,巨大,67,4,63,港商法國興業,2024-03-07,1570
2337,旺宏,60,0,60,港商法國興業,2024-03-07,1570
6244,茂迪,59,0,59,港商法國興業,2024-03-07,1570
6443,元晶,59,0,59,港商法國興業,2024-03-07,1570
2886,兆豐金,130,73,57,港商法國興業,2024-03-07,1570
2641,正德,54,0,54,港商法國興業,2024-03-07,1570
2345,智邦,53,1,52,港商法國興業,2024-03-07,1570
9914,美利達,48,0,48,港商法國興業,2024-03-07,1570
2610,華航,50,5,45,港商法國興業,2024-03-07,1570
5225,東科-KY,44,0,44,港商法國興業,2024-03-07,1570
6505,台塑化,50,8,42,港商法國興業,2024-03-07,1570
2412,中華電,44,3,41,港商法國興業,2024-03-07,1570
2421,建準,50,13,37,港商法國興業,2024-03-07,1570
2542,興富發,37,0,37,港商法國興業,2024-03-07,1570
8215,明基材,35,0,35,港商法國興業,2024-03-07,1570
3017,奇鋐,35,2,33,港商法國興業,2024-03-07,1570
2308,台達電,45,14,31,港商法國興業,2024-03-07,1570
2371,大同,30,0,30,港商法國興業,2024-03-07,1570
3031,佰鴻,30,0,30,港商法國興業,2024-03-07,1570
2351,順德,28,0,28,港商法國興業,2024-03-07,1570
2892,第一金,124,98,26,港商法國興業,2024-03-07,1570
3622,洋華,25,0,25,港商法國興業,2024-03-07,1570
3004,豐達科,21,0,21,港商法國興業,2024-03-07,1570
2231,為升,20,0,20,港商法國興業,2024-03-07,1570
2472,立隆電,20,0,20,港商法國興業,2024-03-07,1570
6776,展�眥篕�,20,0,20,港商法國興業,2024-03-07,1570
2014,中鴻,17,0,17,港商法國興業,2024-03-07,1570
5880,合庫金,95,79,16,港商法國興業,2024-03-07,1570
2603,長榮,47,32,15,港商法國興業,2024-03-07,1570
4746,台耀,15,0,15,港商法國興業,2024-03-07,1570
6416,瑞祺電通,14,0,14,港商法國興業,2024-03-07,1570
1514,亞力,13,0,13,港商法國興業,2024-03-07,1570
2891,中信金,199,186,13,港商法國興業,2024-03-07,1570
8091,翔名,13,0,13,港商法國興業,2024-03-07,1570
1535,中宇,11,0,11,港商法國興業,2024-03-07,1570
2739,寒舍,10,0,10,港商法國興業,2024-03-07,1570
2882,國泰金,111,101,10,港商法國興業,2024-03-07,1570
3293,鈊象,10,0,10,港商法國興業,2024-03-07,1570
2317,鴻海,1010,20,990,港商法國興業,2024-03-08,1570
2455,全新,739,0,739,港商法國興業,2024-03-08,1570
2887,台新金,435,0,435,港商法國興業,2024-03-08,1570
2888,新光金,356,0,356,港商法國興業,2024-03-08,1570
2882,國泰金,317,0,317,港商法國興業,2024-03-08,1570
2603,長榮,336,26,310,港商法國興業,2024-03-08,1570
8086,宏捷科,263,0,263,港商法國興業,2024-03-08,1570
2308,台達電,191,3,188,港商法國興業,2024-03-08,1570
2883,凱基金,172,0,172,港商法國興業,2024-03-08,1570
1609,大亞,131,0,131,港商法國興業,2024-03-08,1570
3037,欣興,116,0,116,港商法國興業,2024-03-08,1570
2609,陽明,135,20,115,港商法國興業,2024-03-08,1570
1101,台泥,112,0,112,港商法國興業,2024-03-08,1570
2618,長榮航,105,0,105,港商法國興業,2024-03-08,1570
6274,台燿,97,0,97,港商法國興業,2024-03-08,1570
2105,正新,91,0,91,港商法國興業,2024-03-08,1570
1303,南亞,84,0,84,港商法國興業,2024-03-08,1570
6505,台塑化,82,0,82,港商法國興業,2024-03-08,1570
3322,建舜電,77,0,77,港商法國興業,2024-03-08,1570
1314,中石化,72,0,72,港商法國興業,2024-03-08,1570
2408,南亞科,62,0,62,港商法國興業,2024-03-08,1570
2838,聯邦銀,59,0,59,港商法國興業,2024-03-08,1570
2891,中信金,56,0,56,港商法國興業,2024-03-08,1570
6190,萬泰科,56,0,56,港商法國興業,2024-03-08,1570
6776,展�眥篕�,56,0,56,港商法國興業,2024-03-08,1570
2345,智邦,58,4,54,港商法國興業,2024-03-08,1570
8076,伍豐,51,0,51,港商法國興業,2024-03-08,1570
6446,藥華藥,49,0,49,港商法國興業,2024-03-08,1570
1802,台玻,47,0,47,港商法國興業,2024-03-08,1570
2633,台灣高鐵,47,0,47,港商法國興業,2024-03-08,1570
4533,協易機,45,0,45,港商法國興業,2024-03-08,1570
4916,事欣科,44,0,44,港商法國興業,2024-03-08,1570
1229,聯華,41,0,41,港商法國興業,2024-03-08,1570
2812,台中銀,39,0,39,港商法國興業,2024-03-08,1570
2890,永豐金,39,0,39,港商法國興業,2024-03-08,1570
8111,立��,38,0,38,港商法國興業,2024-03-08,1570
2402,毅嘉,37,0,37,港商法國興業,2024-03-08,1570
1210,大成,36,0,36,港商法國興業,2024-03-08,1570
6143,振曜,35,0,35,港商法國興業,2024-03-08,1570
5457,宣德,33,0,33,港商法國興業,2024-03-08,1570
6217,中探針,33,0,33,港商法國興業,2024-03-08,1570
3017,奇鋐,30,0,30,港商法國興業,2024-03-08,1570
3545,敦泰,30,0,30,港商法國興業,2024-03-08,1570
2367,燿華,27,0,27,港商法國興業,2024-03-08,1570
2421,建準,27,0,27,港商法國興業,2024-03-08,1570
2548,華固,27,0,27,港商法國興業,2024-03-08,1570
3141,晶宏,25,0,25,港商法國興業,2024-03-08,1570
2884,玉山金,23,0,23,港商法國興業,2024-03-08,1570
2636,台驊控股,50,28,22,港商法國興業,2024-03-08,1570
3035,智原,22,0,22,港商法國興業,2024-03-08,1570
2884,玉山金,1044,1,1043,港商法國興業,2024-03-11,1570
2892,第一金,538,7,531,港商法國興業,2024-03-11,1570
2883,凱基金,610,81,529,港商法國興業,2024-03-11,1570
2317,鴻海,650,185,465,港商法國興業,2024-03-11,1570
2330,台積電,384,51,333,港商法國興業,2024-03-11,1570
1314,中石化,161,0,161,港商法國興業,2024-03-11,1570
3481,群創,160,0,160,港商法國興業,2024-03-11,1570
2641,正德,142,0,142,港商法國興業,2024-03-11,1570
1312,國喬,106,0,106,港商法國興業,2024-03-11,1570
8046,南電,105,1,104,港商法國興業,2024-03-11,1570
3289,宜特,99,0,99,港商法國興業,2024-03-11,1570
2890,永豐金,101,9,92,港商法國興業,2024-03-11,1570
2867,三商壽,87,0,87,港商法國興業,2024-03-11,1570
1802,台玻,84,0,84,港商法國興業,2024-03-11,1570
3037,欣興,83,0,83,港商法國興業,2024-03-11,1570
2801,彰銀,89,10,79,港商法國興業,2024-03-11,1570
1722,台肥,75,0,75,港商法國興業,2024-03-11,1570
2885,元大金,71,8,63,港商法國興業,2024-03-11,1570
2607,榮運,61,0,61,港商法國興業,2024-03-11,1570
2344,華邦電,57,0,57,港商法國興業,2024-03-11,1570
2031,新光鋼,57,0,57,港商法國興業,2024-03-11,1570
6442,光聖,52,0,52,港商法國興業,2024-03-11,1570
2059,川湖,51,0,51,港商法國興業,2024-03-11,1570
2606,裕民,50,0,50,港商法國興業,2024-03-11,1570
2886,兆豐金,57,9,48,港商法國興業,2024-03-11,1570
2328,廣宇,47,0,47,港商法國興業,2024-03-11,1570
2603,長榮,45,0,45,港商法國興業,2024-03-11,1570
2615,萬海,43,0,43,港商法國興業,2024-03-11,1570
2105,正新,45,3,42,港商法國興業,2024-03-11,1570
6290,良維,40,0,40,港商法國興業,2024-03-11,1570
5876,上海商銀,43,4,39,港商法國興業,2024-03-11,1570
3714,富采,35,0,35,港商法國興業,2024-03-11,1570
4128,中天,32,0,32,港商法國興業,2024-03-11,1570
4147,中裕,32,0,32,港商法國興業,2024-03-11,1570
2354,鴻準,31,0,31,港商法國興業,2024-03-11,1570
2455,全新,31,0,31,港商法國興業,2024-03-11,1570
8028,昇陽半導體,31,0,31,港商法國興業,2024-03-11,1570
2345,智邦,30,0,30,港商法國興業,2024-03-11,1570
9904,寶成,30,0,30,港商法國興業,2024-03-11,1570
2618,長榮航,34,5,29,港商法國興業,2024-03-11,1570
5403,中菲,29,0,29,港商法國興業,2024-03-11,1570
3231,緯創,30,2,28,港商法國興業,2024-03-11,1570
8088,品安,27,0,27,港商法國興業,2024-03-11,1570
8358,金居,27,0,27,港商法國興業,2024-03-11,1570
2338,光罩,26,0,26,港商法國興業,2024-03-11,1570
4904,遠傳,26,0,26,港商法國興業,2024-03-11,1570
6274,台燿,26,0,26,港商法國興業,2024-03-11,1570
2006,東和鋼鐵,25,0,25,港商法國興業,2024-03-11,1570
6202,盛群,25,0,25,港商法國興業,2024-03-11,1570
8930,青鋼,25,0,25,港商法國興業,2024-03-11,1570
2317,鴻海,761,0,761,港商法國興業,2024-03-12,1570
2884,玉山金,592,0,592,港商法國興業,2024-03-12,1570
1609,大亞,377,0,377,港商法國興業,2024-03-12,1570
2891,中信金,235,0,235,港商法國興業,2024-03-12,1570
6799,來頡,128,0,128,港商法國興業,2024-03-12,1570
2881,富邦金,121,0,121,港商法國興業,2024-03-12,1570
2337,旺宏,116,0,116,港商法國興業,2024-03-12,1570
3706,神達,100,0,100,港商法國興業,2024-03-12,1570
6442,光聖,97,0,97,港商法國興業,2024-03-12,1570
2002,中鋼,96,0,96,港商法國興業,2024-03-12,1570
2417,圓剛,95,0,95,港商法國興業,2024-03-12,1570
4979,華星光,94,0,94,港商法國興業,2024-03-12,1570
1210,大成,83,0,83,港商法國興業,2024-03-12,1570
2641,正德,80,0,80,港商法國興業,2024-03-12,1570
2888,新光金,80,0,80,港商法國興業,2024-03-12,1570
5309,系統電,79,0,79,港商法國興業,2024-03-12,1570
1808,潤隆,67,0,67,港商法國興業,2024-03-12,1570
1605,華新,66,0,66,港商法國興業,2024-03-12,1570
8086,宏捷科,65,0,65,港商法國興業,2024-03-12,1570
2324,仁寶,63,0,63,港商法國興業,2024-03-12,1570
3231,緯創,59,0,59,港商法國興業,2024-03-12,1570
3481,群創,159,107,52,港商法國興業,2024-03-12,1570
4919,新唐,46,0,46,港商法國興業,2024-03-12,1570
6776,展�眥篕�,45,0,45,港商法國興業,2024-03-12,1570
6274,台燿,43,0,43,港商法國興業,2024-03-12,1570
2312,金寶,40,0,40,港商法國興業,2024-03-12,1570
2330,台積電,100,61,39,港商法國興業,2024-03-12,1570
2345,智邦,37,0,37,港商法國興業,2024-03-12,1570
6214,精誠,37,0,37,港商法國興業,2024-03-12,1570
2408,南亞科,36,0,36,港商法國興業,2024-03-12,1570
2495,普安,35,0,35,港商法國興業,2024-03-12,1570
3711,日月光投控,35,0,35,港商法國興業,2024-03-12,1570
3030,德律,33,0,33,港商法國興業,2024-03-12,1570
2486,一詮,30,0,30,港商法國興業,2024-03-12,1570
1504,東元,30,0,30,港商法國興業,2024-03-12,1570
5425,台半,30,0,30,港商法國興業,2024-03-12,1570
2451,創見,29,0,29,港商法國興業,2024-03-12,1570
2618,長榮航,25,0,25,港商法國興業,2024-03-12,1570
1560,中砂,24,0,24,港商法國興業,2024-03-12,1570
2382,廣達,41,21,20,港商法國興業,2024-03-12,1570
6415,矽力*-KY,20,0,20,港商法國興業,2024-03-12,1570
8150,南茂,20,0,20,港商法國興業,2024-03-12,1570
2723,美食-KY,17,0,17,港商法國興業,2024-03-12,1570
5457,宣德,17,0,17,港商法國興業,2024-03-12,1570
6192,巨路,17,0,17,港商法國興業,2024-03-12,1570
8942,森鉅,17,0,17,港商法國興業,2024-03-12,1570
5403,中菲,16,0,16,港商法國興業,2024-03-12,1570
1762,中化生,15,0,15,港商法國興業,2024-03-12,1570
3346,麗清,14,0,14,港商法國興業,2024-03-12,1570
4123,晟德,14,0,14,港商法國興業,2024-03-12,1570
2883,凱基金,1699,797,902,港商法國興業,2024-03-13,1570
2884,玉山金,1081,485,596,港商法國興業,2024-03-13,1570
2633,台灣高鐵,690,168,522,港商法國興業,2024-03-13,1570
2417,圓剛,259,0,259,港商法國興業,2024-03-13,1570
2892,第一金,584,345,239,港商法國興業,2024-03-13,1570
8086,宏捷科,144,0,144,港商法國興業,2024-03-13,1570
3045,台灣大,153,18,135,港商法國興業,2024-03-13,1570
8069,元太,162,32,130,港商法國興業,2024-03-13,1570
2615,萬海,194,91,103,港商法國興業,2024-03-13,1570
2881,富邦金,388,296,92,港商法國興業,2024-03-13,1570
1216,統一,243,162,81,港商法國興業,2024-03-13,1570
2412,中華電,150,100,50,港商法國興業,2024-03-13,1570
6245,立端,41,0,41,港商法國興業,2024-03-13,1570
3055,蔚華科,38,0,38,港商法國興業,2024-03-13,1570
6776,展�眥篕�,36,0,36,港商法國興業,2024-03-13,1570
4904,遠傳,187,152,35,港商法國興業,2024-03-13,1570
9904,寶成,47,13,34,港商法國興業,2024-03-13,1570
2641,正德,30,0,30,港商法國興業,2024-03-13,1570
2102,泰豐,29,0,29,港商法國興業,2024-03-13,1570
2399,映泰,29,0,29,港商法國興業,2024-03-13,1570
6442,光聖,29,0,29,港商法國興業,2024-03-13,1570
3013,晟銘電,28,0,28,港商法國興業,2024-03-13,1570
6446,藥華藥,42,14,28,港商法國興業,2024-03-13,1570
2345,智邦,50,24,26,港商法國興業,2024-03-13,1570
6177,達麗,25,0,25,港商法國興業,2024-03-13,1570
3017,奇鋐,35,11,24,港商法國興業,2024-03-13,1570
6505,台塑化,93,70,23,港商法國興業,2024-03-13,1570
1513,中興電,22,0,22,港商法國興業,2024-03-13,1570
3624,光頡,22,0,22,港商法國興業,2024-03-13,1570
8436,大江,22,0,22,港商法國興業,2024-03-13,1570
3596,智易,18,0,18,港商法國興業,2024-03-13,1570
5474,聰泰,18,0,18,港商法國興業,2024-03-13,1570
6669,緯穎,22,4,18,港商法國興業,2024-03-13,1570
3189,景碩,15,0,15,港商法國興業,2024-03-13,1570
5871,中租-KY,67,52,15,港商法國興業,2024-03-13,1570
2474,可成,26,12,14,港商法國興業,2024-03-13,1570
3705,永信,14,0,14,港商法國興業,2024-03-13,1570
6180,橘子,14,0,14,港商法國興業,2024-03-13,1570
8016,矽創,13,0,13,港商法國興業,2024-03-13,1570
4164,承業醫,12,0,12,港商法國興業,2024-03-13,1570
4966,譜瑞-KY,12,0,12,港商法國興業,2024-03-13,1570
3694,海華,11,0,11,港商法國興業,2024-03-13,1570
6166,凌華,11,0,11,港商法國興業,2024-03-13,1570
9911,櫻花,11,0,11,港商法國興業,2024-03-13,1570
2023,燁輝,10,0,10,港商法國興業,2024-03-13,1570
2439,美律,10,0,10,港商法國興業,2024-03-13,1570
4915,致伸,10,0,10,港商法國興業,2024-03-13,1570
5388,中磊,10,0,10,港商法國興業,2024-03-13,1570
6683,雍智科技,10,0,10,港商法國興業,2024-03-13,1570
9942,茂順,13,3,10,港商法國興業,2024-03-13,1570
2883,凱基金,4992,1111,3881,港商法國興業,2024-03-14,1570
2409,友達,1205,0,1205,港商法國興業,2024-03-14,1570
2385,群光,1177,3,1174,港商法國興業,2024-03-14,1570
2801,彰銀,958,0,958,港商法國興業,2024-03-14,1570
2882,國泰金,931,0,931,港商法國興業,2024-03-14,1570
2889,國票金,786,0,786,港商法國興業,2024-03-14,1570
6026,福邦證,770,0,770,港商法國興業,2024-03-14,1570
2880,華南金,736,0,736,港商法國興業,2024-03-14,1570
1513,中興電,620,0,620,港商法國興業,2024-03-14,1570
2891,中信金,562,0,562,港商法國興業,2024-03-14,1570
3706,神達,496,0,496,港商法國興業,2024-03-14,1570
3017,奇鋐,455,29,426,港商法國興業,2024-03-14,1570
2890,永豐金,424,0,424,港商法國興業,2024-03-14,1570
2884,玉山金,423,4,419,港商法國興業,2024-03-14,1570
2887,台新金,360,0,360,港商法國興業,2024-03-14,1570
3576,聯合再生,346,0,346,港商法國興業,2024-03-14,1570
5443,均豪,341,0,341,港商法國興業,2024-03-14,1570
6239,力成,337,10,327,港商法國興業,2024-03-14,1570
4938,和碩,316,0,316,港商法國興業,2024-03-14,1570
2812,台中銀,310,0,310,港商法國興業,2024-03-14,1570
2845,遠東銀,297,0,297,港商法國興業,2024-03-14,1570
2855,統一證,295,0,295,港商法國興業,2024-03-14,1570
2313,華通,292,0,292,港商法國興業,2024-03-14,1570
5386,青雲,291,0,291,港商法國興業,2024-03-14,1570
3037,欣興,258,0,258,港商法國興業,2024-03-14,1570
2377,微星,255,0,255,港商法國興業,2024-03-14,1570
2002,中鋼,247,0,247,港商法國興業,2024-03-14,1570
2881,富邦金,259,23,236,港商法國興業,2024-03-14,1570
3376,新日興,219,0,219,港商法國興業,2024-03-14,1570
8299,群聯,202,0,202,港商法國興業,2024-03-14,1570
2357,華碩,189,0,189,港商法國興業,2024-03-14,1570
2548,華固,173,0,173,港商法國興業,2024-03-14,1570
2633,台灣高鐵,169,0,169,港商法國興業,2024-03-14,1570
3050,鈺德,156,0,156,港商法國興業,2024-03-14,1570
2636,台驊控股,146,0,146,港商法國興業,2024-03-14,1570
2885,元大金,202,58,144,港商法國興業,2024-03-14,1570
8150,南茂,142,0,142,港商法國興業,2024-03-14,1570
2850,新產,141,0,141,港商法國興業,2024-03-14,1570
1615,大山,137,0,137,港商法國興業,2024-03-14,1570
6278,台表科,129,0,129,港商法國興業,2024-03-14,1570
1102,亞泥,125,0,125,港商法國興業,2024-03-14,1570
2886,兆豐金,118,0,118,港商法國興業,2024-03-14,1570
2383,台光電,115,0,115,港商法國興業,2024-03-14,1570
1808,潤隆,115,0,115,港商法國興業,2024-03-14,1570
2330,台積電,148,37,111,港商法國興業,2024-03-14,1570
5213,亞昕,107,0,107,港商法國興業,2024-03-14,1570
2903,遠百,103,0,103,港商法國興業,2024-03-14,1570
8011,台通,100,0,100,港商法國興業,2024-03-14,1570
2303,聯電,97,0,97,港商法國興業,2024-03-14,1570
2609,陽明,91,0,91,港商法國興業,2024-03-14,1570
2834,臺企銀,1957,3,1954,港商法國興業,2024-03-15,1570
2883,凱基金,1663,116,1547,港商法國興業,2024-03-15,1570
2317,鴻海,1920,548,1372,港商法國興業,2024-03-15,1570
3017,奇鋐,1163,10,1153,港商法國興業,2024-03-15,1570
2611,志信,889,0,889,港商法國興業,2024-03-15,1570
5515,建國,803,0,803,港商法國興業,2024-03-15,1570
2890,永豐金,799,3,796,港商法國興業,2024-03-15,1570
2337,旺宏,687,0,687,港商法國興業,2024-03-15,1570
2812,台中銀,630,0,630,港商法國興業,2024-03-15,1570
2385,群光,598,3,595,港商法國興業,2024-03-15,1570
8150,南茂,545,0,545,港商法國興業,2024-03-15,1570
2881,富邦金,523,37,486,港商法國興業,2024-03-15,1570
2891,中信金,497,11,486,港商法國興業,2024-03-15,1570
1303,南亞,460,0,460,港商法國興業,2024-03-15,1570
2382,廣達,458,30,428,港商法國興業,2024-03-15,1570
2880,華南金,389,1,388,港商法國興業,2024-03-15,1570
3481,群創,431,100,331,港商法國興業,2024-03-15,1570
2204,中華,327,0,327,港商法國興業,2024-03-15,1570
2006,東和鋼鐵,303,0,303,港商法國興業,2024-03-15,1570
1513,中興電,290,0,290,港商法國興業,2024-03-15,1570
2636,台驊控股,310,20,290,港商法國興業,2024-03-15,1570
2303,聯電,285,3,282,港商法國興業,2024-03-15,1570
4915,致伸,275,0,275,港商法國興業,2024-03-15,1570
2801,彰銀,270,1,269,港商法國興業,2024-03-15,1570
2885,元大金,242,2,240,港商法國興業,2024-03-15,1570
6005,群益證,235,0,235,港商法國興業,2024-03-15,1570
2548,華固,230,0,230,港商法國興業,2024-03-15,1570
6530,創威,218,0,218,港商法國興業,2024-03-15,1570
2027,大成鋼,199,0,199,港商法國興業,2024-03-15,1570
2530,華建,197,0,197,港商法國興業,2024-03-15,1570
3189,景碩,195,0,195,港商法國興業,2024-03-15,1570
2855,統一證,160,0,160,港商法國興業,2024-03-15,1570
3376,新日興,157,0,157,港商法國興業,2024-03-15,1570
3406,玉晶光,155,0,155,港商法國興業,2024-03-15,1570
2897,王道銀行,147,0,147,港商法國興業,2024-03-15,1570
2845,遠東銀,141,0,141,港商法國興業,2024-03-15,1570
2610,華航,138,0,138,港商法國興業,2024-03-15,1570
1301,台塑,130,1,129,港商法國興業,2024-03-15,1570
3588,通嘉,123,0,123,港商法國興業,2024-03-15,1570
2520,冠德,123,5,118,港商法國興業,2024-03-15,1570
2324,仁寶,280,166,114,港商法國興業,2024-03-15,1570
3042,晶技,113,0,113,港商法國興業,2024-03-15,1570
2408,南亞科,106,0,106,港商法國興業,2024-03-15,1570
2441,超豐,106,0,106,港商法國興業,2024-03-15,1570
5284,jpp-KY,103,0,103,港商法國興業,2024-03-15,1570
1102,亞泥,93,0,93,港商法國興業,2024-03-15,1570
2884,玉山金,185,95,90,港商法國興業,2024-03-15,1570
5443,均豪,87,0,87,港商法國興業,2024-03-15,1570
1477,聚陽,86,0,86,港商法國興業,2024-03-15,1570
1615,大山,81,0,81,港商法國興業,2024-03-15,1570
2317,鴻海,6053,456,5597,港商法國興業,2024-03-18,1570
2885,元大金,949,18,931,港商法國興業,2024-03-18,1570
3017,奇鋐,890,3,887,港商法國興業,2024-03-18,1570
2382,廣達,655,8,647,港商法國興業,2024-03-18,1570
2883,凱基金,618,31,587,港商法國興業,2024-03-18,1570
2801,彰銀,367,50,317,港商法國興業,2024-03-18,1570
3533,嘉澤,294,1,293,港商法國興業,2024-03-18,1570
2409,友達,282,27,255,港商法國興業,2024-03-18,1570
1210,大成,228,0,228,港商法國興業,2024-03-18,1570
2890,永豐金,282,77,205,港商法國興業,2024-03-18,1570
3376,新日興,168,0,168,港商法國興業,2024-03-18,1570
2884,玉山金,319,154,165,港商法國興業,2024-03-18,1570
5880,合庫金,183,18,165,港商法國興業,2024-03-18,1570
6026,福邦證,163,0,163,港商法國興業,2024-03-18,1570
8085,福華,154,0,154,港商法國興業,2024-03-18,1570
2385,群光,151,4,147,港商法國興業,2024-03-18,1570
2330,台積電,210,65,145,港商法國興業,2024-03-18,1570
3406,玉晶光,144,0,144,港商法國興業,2024-03-18,1570
5347,世界,133,0,133,港商法國興業,2024-03-18,1570
3042,晶技,128,0,128,港商法國興業,2024-03-18,1570
2880,華南金,241,119,122,港商法國興業,2024-03-18,1570
1504,東元,130,9,121,港商法國興業,2024-03-18,1570
4904,遠傳,120,7,113,港商法國興業,2024-03-18,1570
5876,上海商銀,107,0,107,港商法國興業,2024-03-18,1570
2892,第一金,212,109,103,港商法國興業,2024-03-18,1570
3548,兆利,104,4,100,港商法國興業,2024-03-18,1570
2838,聯邦銀,95,0,95,港商法國興業,2024-03-18,1570
1402,遠東新,99,11,88,港商法國興業,2024-03-18,1570
2855,統一證,84,0,84,港商法國興業,2024-03-18,1570
2501,國建,82,0,82,港商法國興業,2024-03-18,1570
2633,台灣高鐵,69,0,69,港商法國興業,2024-03-18,1570
8936,國統,67,0,67,港商法國興業,2024-03-18,1570
6177,達麗,65,0,65,港商法國興業,2024-03-18,1570
2641,正德,64,0,64,港商法國興業,2024-03-18,1570
2347,聯強,64,2,62,港商法國興業,2024-03-18,1570
4128,中天,57,0,57,港商法國興業,2024-03-18,1570
2637,慧洋-KY,53,0,53,港商法國興業,2024-03-18,1570
3051,力特,53,0,53,港商法國興業,2024-03-18,1570
2009,第一銅,51,0,51,港商法國興業,2024-03-18,1570
2344,華邦電,50,0,50,港商法國興業,2024-03-18,1570
2301,光寶科,57,8,49,港商法國興業,2024-03-18,1570
2332,友訊,49,0,49,港商法國興業,2024-03-18,1570
8150,南茂,47,0,47,港商法國興業,2024-03-18,1570
2023,燁輝,46,0,46,港商法國興業,2024-03-18,1570
3312,弘憶股,45,0,45,港商法國興業,2024-03-18,1570
1808,潤隆,43,0,43,港商法國興業,2024-03-18,1570
1616,億泰,42,0,42,港商法國興業,2024-03-18,1570
3583,辛耘,42,1,41,港商法國興業,2024-03-18,1570
1513,中興電,39,0,39,港商法國興業,2024-03-18,1570
2453,凌群,39,0,39,港商法國興業,2024-03-18,1570
2880,華南金,805,48,757,港商法國興業,2024-03-19,1570
2884,玉山金,522,59,463,港商法國興業,2024-03-19,1570
2308,台達電,444,10,434,港商法國興業,2024-03-19,1570
3017,奇鋐,300,22,278,港商法國興業,2024-03-19,1570
2313,華通,264,0,264,港商法國興業,2024-03-19,1570
2353,宏��,234,1,233,港商法國興業,2024-03-19,1570
2419,仲琦,225,0,225,港商法國興業,2024-03-19,1570
9933,中鼎,218,0,218,港商法國興業,2024-03-19,1570
2606,裕民,218,2,216,港商法國興業,2024-03-19,1570
3583,辛耘,200,4,196,港商法國興業,2024-03-19,1570
3406,玉晶光,137,0,137,港商法國興業,2024-03-19,1570
3312,弘憶股,122,0,122,港商法國興業,2024-03-19,1570
5871,中租-KY,140,20,120,港商法國興業,2024-03-19,1570
1210,大成,116,0,116,港商法國興業,2024-03-19,1570
3376,新日興,115,0,115,港商法國興業,2024-03-19,1570
2383,台光電,108,0,108,港商法國興業,2024-03-19,1570
6530,創威,93,0,93,港商法國興業,2024-03-19,1570
4109,加捷生醫,90,0,90,港商法國興業,2024-03-19,1570
2641,正德,87,0,87,港商法國興業,2024-03-19,1570
6770,力積電,84,0,84,港商法國興業,2024-03-19,1570
3131,弘塑,81,0,81,港商法國興業,2024-03-19,1570
1519,華城,79,1,78,港商法國興業,2024-03-19,1570
6207,雷科,74,0,74,港商法國興業,2024-03-19,1570
2636,台驊控股,72,0,72,港商法國興業,2024-03-19,1570
6835,圓裕,72,0,72,港商法國興業,2024-03-19,1570
2605,新興,70,0,70,港商法國興業,2024-03-19,1570
3533,嘉澤,80,11,69,港商法國興業,2024-03-19,1570
3706,神達,65,0,65,港商法國興業,2024-03-19,1570
2617,台航,64,0,64,港商法國興業,2024-03-19,1570
6244,茂迪,62,0,62,港商法國興業,2024-03-19,1570
1524,耿鼎,58,0,58,港商法國興業,2024-03-19,1570
4904,遠傳,111,56,55,港商法國興業,2024-03-19,1570
6446,藥華藥,56,1,55,港商法國興業,2024-03-19,1570
2838,聯邦銀,53,0,53,港商法國興業,2024-03-19,1570
4915,致伸,53,0,53,港商法國興業,2024-03-19,1570
5388,中磊,53,0,53,港商法國興業,2024-03-19,1570
6274,台燿,51,0,51,港商法國興業,2024-03-19,1570
2453,凌群,50,0,50,港商法國興業,2024-03-19,1570
3042,晶技,50,0,50,港商法國興業,2024-03-19,1570
2355,敬鵬,48,0,48,港商法國興業,2024-03-19,1570
4968,立積,48,0,48,港商法國興業,2024-03-19,1570
5213,亞昕,48,0,48,港商法國興業,2024-03-19,1570
8112,至上,46,0,46,港商法國興業,2024-03-19,1570
2501,國建,45,0,45,港商法國興業,2024-03-19,1570
6789,采鈺,45,0,45,港商法國興業,2024-03-19,1570
2890,永豐金,190,146,44,港商法國興業,2024-03-19,1570
2609,陽明,50,9,41,港商法國興業,2024-03-19,1570
6491,晶碩,41,0,41,港商法國興業,2024-03-19,1570
3661,世芯-KY,39,0,39,港商法國興業,2024-03-19,1570
1402,遠東新,42,4,38,港商法國興業,2024-03-19,1570
2317,鴻海,1557,15,1542,港商法國興業,2024-03-20,1570
2880,華南金,810,1,809,港商法國興業,2024-03-20,1570
2382,廣達,1297,625,672,港商法國興業,2024-03-20,1570
8112,至上,472,1,471,港商法國興業,2024-03-20,1570
2885,元大金,277,1,276,港商法國興業,2024-03-20,1570
3406,玉晶光,241,0,241,港商法國興業,2024-03-20,1570
3533,嘉澤,231,0,231,港商法國興業,2024-03-20,1570
2303,聯電,170,0,170,港商法國興業,2024-03-20,1570
6026,福邦證,157,0,157,港商法國興業,2024-03-20,1570
6116,彩晶,157,0,157,港商法國興業,2024-03-20,1570
2542,興富發,119,1,118,港商法國興業,2024-03-20,1570
2801,彰銀,112,1,111,港商法國興業,2024-03-20,1570
6177,達麗,111,0,111,港商法國興業,2024-03-20,1570
2353,宏��,110,0,110,港商法國興業,2024-03-20,1570
3083,網龍,106,0,106,港商法國興業,2024-03-20,1570
3231,緯創,106,0,106,港商法國興業,2024-03-20,1570
3188,鑫龍騰,102,0,102,港商法國興業,2024-03-20,1570
5871,中租-KY,101,0,101,港商法國興業,2024-03-20,1570
2884,玉山金,93,1,92,港商法國興業,2024-03-20,1570
6239,力成,141,53,88,港商法國興業,2024-03-20,1570
2892,第一金,83,1,82,港商法國興業,2024-03-20,1570
5493,三聯,77,0,77,港商法國興業,2024-03-20,1570
6596,寬宏藝術,76,0,76,港商法國興業,2024-03-20,1570
2208,台船,75,0,75,港商法國興業,2024-03-20,1570
2383,台光電,71,0,71,港商法國興業,2024-03-20,1570
2454,聯發科,71,0,71,港商法國興業,2024-03-20,1570
2357,華碩,78,8,70,港商法國興業,2024-03-20,1570
6770,力積電,70,0,70,港商法國興業,2024-03-20,1570
3037,欣興,68,0,68,港商法國興業,2024-03-20,1570
3017,奇鋐,138,75,63,港商法國興業,2024-03-20,1570
1524,耿鼎,62,0,62,港商法國興業,2024-03-20,1570
3376,新日興,61,0,61,港商法國興業,2024-03-20,1570
2313,華通,64,6,58,港商法國興業,2024-03-20,1570
1504,東元,55,0,55,港商法國興業,2024-03-20,1570
2838,聯邦銀,55,0,55,港商法國興業,2024-03-20,1570
2308,台達電,74,20,54,港商法國興業,2024-03-20,1570
4109,加捷生醫,54,0,54,港商法國興業,2024-03-20,1570
9921,巨大,56,6,50,港商法國興業,2024-03-20,1570
2762,世界健身-KY,48,0,48,港商法國興業,2024-03-20,1570
4142,國光生,44,0,44,港商法國興業,2024-03-20,1570
8936,國統,44,0,44,港商法國興業,2024-03-20,1570
4968,立積,44,2,42,港商法國興業,2024-03-20,1570
3661,世芯-KY,42,0,42,港商法國興業,2024-03-20,1570
5213,亞昕,40,0,40,港商法國興業,2024-03-20,1570
2385,群光,42,2,40,港商法國興業,2024-03-20,1570
1515,力山,38,0,38,港商法國興業,2024-03-20,1570
2441,超豐,35,0,35,港商法國興業,2024-03-20,1570
2442,新美齊,33,0,33,港商法國興業,2024-03-20,1570
1532,勤美,32,0,32,港商法國興業,2024-03-20,1570
6835,圓裕,32,0,32,港商法國興業,2024-03-20,1570
2890,永豐金,1116,0,1116,港商法國興業,2024-03-21,1570
2385,群光,722,1,721,港商法國興業,2024-03-21,1570
2801,彰銀,665,0,665,港商法國興業,2024-03-21,1570
1616,億泰,450,0,450,港商法國興業,2024-03-21,1570
2303,聯電,450,0,450,港商法國興業,2024-03-21,1570
8112,至上,350,0,350,港商法國興業,2024-03-21,1570
2812,台中銀,321,0,321,港商法國興業,2024-03-21,1570
2636,台驊控股,309,0,309,港商法國興業,2024-03-21,1570
1514,亞力,276,0,276,港商法國興業,2024-03-21,1570
2317,鴻海,373,109,264,港商法國興業,2024-03-21,1570
2344,華邦電,203,0,203,港商法國興業,2024-03-21,1570
6026,福邦證,190,0,190,港商法國興業,2024-03-21,1570
2880,華南金,186,0,186,港商法國興業,2024-03-21,1570
2368,金像電,179,0,179,港商法國興業,2024-03-21,1570
2884,玉山金,167,0,167,港商法國興業,2024-03-21,1570
2027,大成鋼,138,0,138,港商法國興業,2024-03-21,1570
3406,玉晶光,123,0,123,港商法國興業,2024-03-21,1570
3376,新日興,111,0,111,港商法國興業,2024-03-21,1570
9904,寶成,110,0,110,港商法國興業,2024-03-21,1570
4919,新唐,106,0,106,港商法國興業,2024-03-21,1570
3083,網龍,97,0,97,港商法國興業,2024-03-21,1570
6596,寬宏藝術,93,0,93,港商法國興業,2024-03-21,1570
6239,力成,97,10,87,港商法國興業,2024-03-21,1570
2855,統一證,85,0,85,港商法國興業,2024-03-21,1570
8936,國統,85,0,85,港商法國興業,2024-03-21,1570
5519,隆大,83,0,83,港商法國興業,2024-03-21,1570
9933,中鼎,81,0,81,港商法國興業,2024-03-21,1570
6116,彩晶,79,0,79,港商法國興業,2024-03-21,1570
3188,鑫龍騰,76,0,76,港商法國興業,2024-03-21,1570
1308,亞聚,75,0,75,港商法國興業,2024-03-21,1570
3661,世芯-KY,72,0,72,港商法國興業,2024-03-21,1570
5493,三聯,70,0,70,港商法國興業,2024-03-21,1570
1524,耿鼎,68,0,68,港商法國興業,2024-03-21,1570
2838,聯邦銀,68,0,68,港商法國興業,2024-03-21,1570
2353,宏��,126,60,66,港商法國興業,2024-03-21,1570
1504,東元,65,0,65,港商法國興業,2024-03-21,1570
2883,凱基金,64,0,64,港商法國興業,2024-03-21,1570
6585,鼎基,64,0,64,港商法國興業,2024-03-21,1570
1442,名軒,62,0,62,港商法國興業,2024-03-21,1570
2345,智邦,65,4,61,港商法國興業,2024-03-21,1570
2441,超豐,60,0,60,港商法國興業,2024-03-21,1570
6177,達麗,59,0,59,港商法國興業,2024-03-21,1570
2439,美律,58,0,58,港商法國興業,2024-03-21,1570
6122,擎邦,58,0,58,港商法國興業,2024-03-21,1570
2641,正德,53,0,53,港商法國興業,2024-03-21,1570
2834,臺企銀,53,0,53,港商法國興業,2024-03-21,1570
9921,巨大,51,0,51,港商法國興業,2024-03-21,1570
6782,視陽,50,0,50,港商法國興業,2024-03-21,1570
1513,中興電,48,0,48,港商法國興業,2024-03-21,1570
2474,可成,46,0,46,港商法國興業,2024-03-21,1570
2317,鴻海,2414,80,2334,港商法國興業,2024-03-22,1570
2303,聯電,753,0,753,港商法國興業,2024-03-22,1570
2385,群光,713,1,712,港商法國興業,2024-03-22,1570
2801,彰銀,752,42,710,港商法國興業,2024-03-22,1570
8112,至上,593,0,593,港商法國興業,2024-03-22,1570
2884,玉山金,554,0,554,港商法國興業,2024-03-22,1570
2880,華南金,850,385,465,港商法國興業,2024-03-22,1570
2812,台中銀,401,0,401,港商法國興業,2024-03-22,1570
3706,神達,377,0,377,港商法國興業,2024-03-22,1570
1316,上曜,358,0,358,港商法國興業,2024-03-22,1570
2883,凱基金,301,0,301,港商法國興業,2024-03-22,1570
6239,力成,278,0,278,港商法國興業,2024-03-22,1570
2308,台達電,284,12,272,港商法國興業,2024-03-22,1570
8299,群聯,252,2,250,港商法國興業,2024-03-22,1570
3576,聯合再生,211,0,211,港商法國興業,2024-03-22,1570
2345,智邦,181,0,181,港商法國興業,2024-03-22,1570
6257,矽格,168,0,168,港商法國興業,2024-03-22,1570
2838,聯邦銀,141,0,141,港商法國興業,2024-03-22,1570
1802,台玻,122,0,122,港商法國興業,2024-03-22,1570
3083,網龍,109,0,109,港商法國興業,2024-03-22,1570
8150,南茂,109,0,109,港商法國興業,2024-03-22,1570
6121,新普,106,0,106,港商法國興業,2024-03-22,1570
2542,興富發,96,0,96,港商法國興業,2024-03-22,1570
2855,統一證,96,0,96,港商法國興業,2024-03-22,1570
1616,億泰,94,0,94,港商法國興業,2024-03-22,1570
3188,鑫龍騰,94,0,94,港商法國興業,2024-03-22,1570
6596,寬宏藝術,88,0,88,港商法國興業,2024-03-22,1570
2406,國碩,116,51,65,港商法國興業,2024-03-22,1570
2368,金像電,59,0,59,港商法國興業,2024-03-22,1570
2906,高林,59,0,59,港商法國興業,2024-03-22,1570
2520,冠德,58,0,58,港商法國興業,2024-03-22,1570
2439,美律,96,40,56,港商法國興業,2024-03-22,1570
2441,超豐,54,0,54,港商法國興業,2024-03-22,1570
2641,正德,54,0,54,港商法國興業,2024-03-22,1570
6477,安集,53,0,53,港商法國興業,2024-03-22,1570
8069,元太,50,0,50,港商法國興業,2024-03-22,1570
2501,國建,49,0,49,港商法國興業,2024-03-22,1570
2481,強茂,48,0,48,港商法國興業,2024-03-22,1570
6116,彩晶,48,0,48,港商法國興業,2024-03-22,1570
3661,世芯-KY,47,0,47,港商法國興業,2024-03-22,1570
6217,中探針,47,0,47,港商法國興業,2024-03-22,1570
5493,三聯,47,1,46,港商法國興業,2024-03-22,1570
6584,南俊國際,45,0,45,港商法國興業,2024-03-22,1570
2731,雄獅,44,0,44,港商法國興業,2024-03-22,1570
3049,精金,44,0,44,港商法國興業,2024-03-22,1570
6147,頎邦,44,0,44,港商法國興業,2024-03-22,1570
1476,儒鴻,40,0,40,港商法國興業,2024-03-22,1570
2618,長榮航,40,0,40,港商法國興業,2024-03-22,1570
2383,台光電,38,0,38,港商法國興業,2024-03-22,1570
6443,元晶,38,0,38,港商法國興業,2024-03-22,1570
2317,鴻海,972,164,808,港商法國興業,2024-03-25,1570
3706,神達,700,0,700,港商法國興業,2024-03-25,1570
2880,華南金,591,0,591,港商法國興業,2024-03-25,1570
2303,聯電,507,0,507,港商法國興業,2024-03-25,1570
1514,亞力,383,1,382,港商法國興業,2024-03-25,1570
2453,凌群,263,0,263,港商法國興業,2024-03-25,1570
2892,第一金,194,0,194,港商法國興業,2024-03-25,1570
2801,彰銀,187,0,187,港商法國興業,2024-03-25,1570
6121,新普,185,0,185,港商法國興業,2024-03-25,1570
3583,辛耘,144,5,139,港商法國興業,2024-03-25,1570
1609,大亞,130,0,130,港商法國興業,2024-03-25,1570
8299,群聯,106,0,106,港商法國興業,2024-03-25,1570
6596,寬宏藝術,104,0,104,港商法國興業,2024-03-25,1570
3406,玉晶光,103,0,103,港商法國興業,2024-03-25,1570
2345,智邦,97,0,97,港商法國興業,2024-03-25,1570
2357,華碩,95,0,95,港商法國興業,2024-03-25,1570
2501,國建,91,0,91,港商法國興業,2024-03-25,1570
3188,鑫龍騰,85,0,85,港商法國興業,2024-03-25,1570
6026,福邦證,83,0,83,港商法國興業,2024-03-25,1570
1616,億泰,73,0,73,港商法國興業,2024-03-25,1570
6128,上福,70,0,70,港商法國興業,2024-03-25,1570
2344,華邦電,60,0,60,港商法國興業,2024-03-25,1570
2312,金寶,60,0,60,港商法國興業,2024-03-25,1570
3673,TPK-KY,58,0,58,港商法國興業,2024-03-25,1570
1477,聚陽,52,0,52,港商法國興業,2024-03-25,1570
6274,台燿,51,0,51,港商法國興業,2024-03-25,1570
3189,景碩,49,0,49,港商法國興業,2024-03-25,1570
8210,勤誠,50,5,45,港商法國興業,2024-03-25,1570
6538,倉和,44,0,44,港商法國興業,2024-03-25,1570
8011,台通,44,0,44,港商法國興業,2024-03-25,1570
3228,金麗科,43,0,43,港商法國興業,2024-03-25,1570
2353,宏��,40,0,40,港商法國興業,2024-03-25,1570
4919,新唐,36,0,36,港商法國興業,2024-03-25,1570
2442,新美齊,35,0,35,港商法國興業,2024-03-25,1570
5519,隆大,35,0,35,港商法國興業,2024-03-25,1570
2383,台光電,32,0,32,港商法國興業,2024-03-25,1570
3083,網龍,31,0,31,港商法國興業,2024-03-25,1570
3548,兆利,30,0,30,港商法國興業,2024-03-25,1570
8112,至上,29,0,29,港商法國興業,2024-03-25,1570
2441,超豐,28,0,28,港商法國興業,2024-03-25,1570
1513,中興電,32,5,27,港商法國興業,2024-03-25,1570
4755,三福化,27,0,27,港商法國興業,2024-03-25,1570
6139,亞翔,40,13,27,港商法國興業,2024-03-25,1570
6789,采鈺,26,0,26,港商法國興業,2024-03-25,1570
2368,金像電,27,2,25,港商法國興業,2024-03-25,1570
1560,中砂,25,0,25,港商法國興業,2024-03-25,1570
2439,美律,23,0,23,港商法國興業,2024-03-25,1570
9933,中鼎,23,0,23,港商法國興業,2024-03-25,1570
9941,裕融,23,0,23,港商法國興業,2024-03-25,1570
1503,士電,22,0,22,港商法國興業,2024-03-25,1570
2317,鴻海,3317,325,2992,港商法國興業,2024-03-26,1570
2890,永豐金,1303,134,1169,港商法國興業,2024-03-26,1570
1514,亞力,1111,0,1111,港商法國興業,2024-03-26,1570
1616,億泰,937,0,937,港商法國興業,2024-03-26,1570
2801,彰銀,663,139,524,港商法國興業,2024-03-26,1570
2880,華南金,613,178,435,港商法國興業,2024-03-26,1570
3189,景碩,371,16,355,港商法國興業,2024-03-26,1570
2330,台積電,698,386,312,港商法國興業,2024-03-26,1570
2388,威盛,372,66,306,港商法國興業,2024-03-26,1570
8112,至上,250,4,246,港商法國興業,2024-03-26,1570
5443,均豪,240,0,240,港商法國興業,2024-03-26,1570
1522,堤維西,216,0,216,港商法國興業,2024-03-26,1570
8069,元太,228,16,212,港商法國興業,2024-03-26,1570
3413,京鼎,212,5,207,港商法國興業,2024-03-26,1570
3324,雙鴻,195,3,192,港商法國興業,2024-03-26,1570
2836,高雄銀,190,0,190,港商法國興業,2024-03-26,1570
6789,采鈺,196,8,188,港商法國興業,2024-03-26,1570
2884,玉山金,410,235,175,港商法國興業,2024-03-26,1570
1101,台泥,174,0,174,港商法國興業,2024-03-26,1570
2345,智邦,178,8,170,港商法國興業,2024-03-26,1570
2357,華碩,179,10,169,港商法國興業,2024-03-26,1570
3036,文曄,175,17,158,港商法國興業,2024-03-26,1570
3188,鑫龍騰,157,0,157,港商法國興業,2024-03-26,1570
8011,台通,142,0,142,港商法國興業,2024-03-26,1570
3583,辛耘,137,3,134,港商法國興業,2024-03-26,1570
2520,冠德,133,0,133,港商法國興業,2024-03-26,1570
1529,樂事綠能,128,0,128,港商法國興業,2024-03-26,1570
6596,寬宏藝術,121,0,121,港商法國興業,2024-03-26,1570
6274,台燿,130,12,118,港商法國興業,2024-03-26,1570
2308,台達電,148,36,112,港商法國興業,2024-03-26,1570
6121,新普,114,7,107,港商法國興業,2024-03-26,1570
2453,凌群,103,0,103,港商法國興業,2024-03-26,1570
6284,佳邦,100,0,100,港商法國興業,2024-03-26,1570
2371,大同,133,43,90,港商法國興業,2024-03-26,1570
8150,南茂,138,52,86,港商法國興業,2024-03-26,1570
3083,網龍,81,0,81,港商法國興業,2024-03-26,1570
2349,錸德,80,0,80,港商法國興業,2024-03-26,1570
4958,臻鼎-KY,77,0,77,港商法國興業,2024-03-26,1570
8210,勤誠,77,0,77,港商法國興業,2024-03-26,1570
1444,力麗,76,0,76,港商法國興業,2024-03-26,1570
3406,玉晶光,76,0,76,港商法國興業,2024-03-26,1570
6026,福邦證,76,0,76,港商法國興業,2024-03-26,1570
2006,東和鋼鐵,93,22,71,港商法國興業,2024-03-26,1570
6239,力成,72,3,69,港商法國興業,2024-03-26,1570
1515,力山,68,0,68,港商法國興業,2024-03-26,1570
1504,東元,64,0,64,港商法國興業,2024-03-26,1570
3712,永崴投控,61,0,61,港商法國興業,2024-03-26,1570
5519,隆大,61,0,61,港商法國興業,2024-03-26,1570
2392,正崴,88,35,53,港商法國興業,2024-03-26,1570
5515,建國,53,0,53,港商法國興業,2024-03-26,1570
2317,鴻海,2449,237,2212,港商法國興業,2024-03-27,1570
3583,辛耘,678,0,678,港商法國興業,2024-03-27,1570
2884,玉山金,505,4,501,港商法國興業,2024-03-27,1570
2801,彰銀,488,0,488,港商法國興業,2024-03-27,1570
2883,凱基金,484,0,484,港商法國興業,2024-03-27,1570
8150,南茂,434,0,434,港商法國興業,2024-03-27,1570
1616,億泰,425,0,425,港商法國興業,2024-03-27,1570
2882,國泰金,414,0,414,港商法國興業,2024-03-27,1570
3188,鑫龍騰,378,0,378,港商法國興業,2024-03-27,1570
2520,冠德,341,0,341,港商法國興業,2024-03-27,1570
1522,堤維西,388,50,338,港商法國興業,2024-03-27,1570
2890,永豐金,320,18,302,港商法國興業,2024-03-27,1570
3622,洋華,267,0,267,港商法國興業,2024-03-27,1570
3036,文曄,260,0,260,港商法國興業,2024-03-27,1570
2330,台積電,218,0,218,港商法國興業,2024-03-27,1570
3189,景碩,212,0,212,港商法國興業,2024-03-27,1570
2880,華南金,206,0,206,港商法國興業,2024-03-27,1570
2385,群光,182,1,181,港商法國興業,2024-03-27,1570
2515,中工,173,0,173,港商法國興業,2024-03-27,1570
1314,中石化,166,0,166,港商法國興業,2024-03-27,1570
6121,新普,159,0,159,港商法國興業,2024-03-27,1570
1477,聚陽,144,0,144,港商法國興業,2024-03-27,1570
3712,永崴投控,141,0,141,港商法國興業,2024-03-27,1570
3406,玉晶光,137,0,137,港商法國興業,2024-03-27,1570
8011,台通,135,0,135,港商法國興業,2024-03-27,1570
5519,隆大,123,0,123,港商法國興業,2024-03-27,1570
5443,均豪,122,0,122,港商法國興業,2024-03-27,1570
6239,力成,121,0,121,港商法國興業,2024-03-27,1570
9904,寶成,120,0,120,港商法國興業,2024-03-27,1570
2371,大同,114,0,114,港商法國興業,2024-03-27,1570
2892,第一金,114,0,114,港商法國興業,2024-03-27,1570
1514,亞力,97,0,97,港商法國興業,2024-03-27,1570
6207,雷科,89,0,89,港商法國興業,2024-03-27,1570
2345,智邦,87,0,87,港商法國興業,2024-03-27,1570
3056,富華新,87,0,87,港商法國興業,2024-03-27,1570
2501,國建,83,0,83,港商法國興業,2024-03-27,1570
8299,群聯,86,6,80,港商法國興業,2024-03-27,1570
2439,美律,77,0,77,港商法國興業,2024-03-27,1570
6789,采鈺,75,0,75,港商法國興業,2024-03-27,1570
3083,網龍,74,0,74,港商法國興業,2024-03-27,1570
6177,達麗,68,0,68,港商法國興業,2024-03-27,1570
6596,寬宏藝術,63,0,63,港商法國興業,2024-03-27,1570
6753,龍德造船,58,0,58,港商法國興業,2024-03-27,1570
1529,樂事綠能,51,0,51,港商法國興業,2024-03-27,1570
3376,新日興,149,98,51,港商法國興業,2024-03-27,1570
6261,久元,50,0,50,港商法國興業,2024-03-27,1570
6782,視陽,50,0,50,港商法國興業,2024-03-27,1570
1773,勝一,46,0,46,港商法國興業,2024-03-27,1570
6153,嘉聯益,45,0,45,港商法國興業,2024-03-27,1570
8210,勤誠,44,0,44,港商法國興業,2024-03-27,1570
2883,凱基金,3095,550,2545,港商法國興業,2024-03-28,1570
2882,國泰金,1269,0,1269,港商法國興業,2024-03-28,1570
2330,台積電,1044,2,1042,港商法國興業,2024-03-28,1570
6239,力成,950,0,950,港商法國興業,2024-03-28,1570
8110,華東,904,0,904,港商法國興業,2024-03-28,1570
2313,華通,798,3,795,港商法國興業,2024-03-28,1570
3042,晶技,627,0,627,港商法國興業,2024-03-28,1570
2449,京元電子,608,20,588,港商法國興業,2024-03-28,1570
2801,彰銀,558,0,558,港商法國興業,2024-03-28,1570
1522,堤維西,550,0,550,港商法國興業,2024-03-28,1570
5515,建國,512,0,512,港商法國興業,2024-03-28,1570
2317,鴻海,598,119,479,港商法國興業,2024-03-28,1570
1477,聚陽,361,0,361,港商法國興業,2024-03-28,1570
2890,永豐金,328,0,328,港商法國興業,2024-03-28,1570
2385,群光,276,1,275,港商法國興業,2024-03-28,1570
2537,聯上發,210,0,210,港商法國興業,2024-03-28,1570
2836,高雄銀,207,0,207,港商法國興業,2024-03-28,1570
2851,中再保,205,0,205,港商法國興業,2024-03-28,1570
2501,國建,172,0,172,港商法國興業,2024-03-28,1570
1402,遠東新,171,0,171,港商法國興業,2024-03-28,1570
2515,中工,146,0,146,港商法國興業,2024-03-28,1570
1101,台泥,175,30,145,港商法國興業,2024-03-28,1570
3017,奇鋐,180,35,145,港商法國興業,2024-03-28,1570
3406,玉晶光,141,0,141,港商法國興業,2024-03-28,1570
3036,文曄,140,0,140,港商法國興業,2024-03-28,1570
3622,洋華,139,0,139,港商法國興業,2024-03-28,1570
1609,大亞,125,0,125,港商法國興業,2024-03-28,1570
2520,冠德,120,0,120,港商法國興業,2024-03-28,1570
1616,億泰,110,0,110,港商法國興業,2024-03-28,1570
3188,鑫龍騰,107,0,107,港商法國興業,2024-03-28,1570
1734,杏輝,104,0,104,港商法國興業,2024-03-28,1570
3416,融程電,94,0,94,港商法國興業,2024-03-28,1570
2838,聯邦銀,85,0,85,港商法國興業,2024-03-28,1570
4513,福裕,81,0,81,港商法國興業,2024-03-28,1570
1504,東元,75,0,75,港商法國興業,2024-03-28,1570
3189,景碩,71,0,71,港商法國興業,2024-03-28,1570
2547,日勝生,68,0,68,港商法國興業,2024-03-28,1570
3673,TPK-KY,61,0,61,港商法國興業,2024-03-28,1570
6207,雷科,57,0,57,港商法國興業,2024-03-28,1570
1722,台肥,55,0,55,港商法國興業,2024-03-28,1570
2530,華建,55,0,55,港商法國興業,2024-03-28,1570
1773,勝一,54,0,54,港商法國興業,2024-03-28,1570
5519,隆大,51,0,51,港商法國興業,2024-03-28,1570
2402,毅嘉,50,0,50,港商法國興業,2024-03-28,1570
6177,達麗,48,0,48,港商法國興業,2024-03-28,1570
1786,科妍,47,0,47,港商法國興業,2024-03-28,1570
6284,佳邦,45,0,45,港商法國興業,2024-03-28,1570
4755,三福化,43,0,43,港商法國興業,2024-03-28,1570
3489,森寶,42,0,42,港商法國興業,2024-03-28,1570
3661,世芯-KY,42,0,42,港商法國興業,2024-03-28,1570
2884,玉山金,1458,0,1458,港商法國興業,2024-03-29,1570
2880,華南金,1288,0,1288,港商法國興業,2024-03-29,1570
8110,華東,872,0,872,港商法國興業,2024-03-29,1570
2882,國泰金,776,0,776,港商法國興業,2024-03-29,1570
9105,泰金寶-DR,674,0,674,港商法國興業,2024-03-29,1570
2330,台積電,651,0,651,港商法國興業,2024-03-29,1570
8150,南茂,413,0,413,港商法國興業,2024-03-29,1570
3036,文曄,384,0,384,港商法國興業,2024-03-29,1570
2801,彰銀,382,0,382,港商法國興業,2024-03-29,1570
3042,晶技,377,0,377,港商法國興業,2024-03-29,1570
3583,辛耘,256,0,256,港商法國興業,2024-03-29,1570
2812,台中銀,243,0,243,港商法國興業,2024-03-29,1570
2515,中工,216,0,216,港商法國興業,2024-03-29,1570
1522,堤維西,196,0,196,港商法國興業,2024-03-29,1570
5386,青雲,193,0,193,港商法國興業,2024-03-29,1570
6207,雷科,172,0,172,港商法國興業,2024-03-29,1570
2313,華通,182,35,147,港商法國興業,2024-03-29,1570
2501,國建,143,0,143,港商法國興業,2024-03-29,1570
3406,玉晶光,138,0,138,港商法國興業,2024-03-29,1570
1616,億泰,137,0,137,港商法國興業,2024-03-29,1570
1477,聚陽,136,0,136,港商法國興業,2024-03-29,1570
5469,瀚宇博,133,1,132,港商法國興業,2024-03-29,1570
2892,第一金,129,0,129,港商法國興業,2024-03-29,1570
6753,龍德造船,125,0,125,港商法國興業,2024-03-29,1570
2889,國票金,122,0,122,港商法國興業,2024-03-29,1570
2520,冠德,104,0,104,港商法國興業,2024-03-29,1570
2547,日勝生,97,0,97,港商法國興業,2024-03-29,1570
3188,鑫龍騰,96,0,96,港商法國興業,2024-03-29,1570
2359,所羅門,85,0,85,港商法國興業,2024-03-29,1570
2851,中再保,84,0,84,港商法國興業,2024-03-29,1570
1514,亞力,81,0,81,港商法國興業,2024-03-29,1570
1524,耿鼎,75,0,75,港商法國興業,2024-03-29,1570
4109,加捷生醫,75,0,75,港商法國興業,2024-03-29,1570
2605,新興,72,0,72,港商法國興業,2024-03-29,1570
2505,國揚,68,0,68,港商法國興業,2024-03-29,1570
3673,TPK-KY,64,0,64,港商法國興業,2024-03-29,1570
4513,福裕,64,0,64,港商法國興業,2024-03-29,1570
6191,精成科,64,0,64,港商法國興業,2024-03-29,1570
3622,洋華,59,0,59,港商法國興業,2024-03-29,1570
5519,隆大,58,0,58,港商法國興業,2024-03-29,1570
5443,均豪,56,0,56,港商法國興業,2024-03-29,1570
6284,佳邦,56,0,56,港商法國興業,2024-03-29,1570
4746,台耀,55,0,55,港商法國興業,2024-03-29,1570
8210,勤誠,55,0,55,港商法國興業,2024-03-29,1570
1532,勤美,53,0,53,港商法國興業,2024-03-29,1570
4904,遠傳,50,0,50,港商法國興業,2024-03-29,1570
9946,三發地產,49,0,49,港商法國興業,2024-03-29,1570
3489,森寶,47,0,47,港商法國興業,2024-03-29,1570
2329,華泰,44,0,44,港商法國興業,2024-03-29,1570
2537,聯上發,41,0,41,港商法國興業,2024-03-29,1570
2409,友達,1580,12,1568,港商法國興業,2024-04-01,1570
3036,文曄,650,0,650,港商法國興業,2024-04-01,1570
2801,彰銀,586,0,586,港商法國興業,2024-04-01,1570
2884,玉山金,613,70,543,港商法國興業,2024-04-01,1570
6207,雷科,454,0,454,港商法國興業,2024-04-01,1570
2882,國泰金,429,0,429,港商法國興業,2024-04-01,1570
3260,威剛,354,0,354,港商法國興業,2024-04-01,1570
2547,日勝生,348,0,348,港商法國興業,2024-04-01,1570
2836,高雄銀,340,0,340,港商法國興業,2024-04-01,1570
6187,萬潤,318,0,318,港商法國興業,2024-04-01,1570
2313,華通,291,2,289,港商法國興業,2024-04-01,1570
2515,中工,269,0,269,港商法國興業,2024-04-01,1570
1514,亞力,267,0,267,港商法國興業,2024-04-01,1570
3188,鑫龍騰,256,0,256,港商法國興業,2024-04-01,1570
2330,台積電,241,7,234,港商法國興業,2024-04-01,1570
2383,台光電,225,0,225,港商法國興業,2024-04-01,1570
3548,兆利,225,0,225,港商法國興業,2024-04-01,1570
2880,華南金,222,0,222,港商法國興業,2024-04-01,1570
2472,立隆電,191,0,191,港商法國興業,2024-04-01,1570
2501,國建,184,0,184,港商法國興業,2024-04-01,1570
1524,耿鼎,179,0,179,港商法國興業,2024-04-01,1570
1522,堤維西,183,9,174,港商法國興業,2024-04-01,1570
2317,鴻海,173,0,173,港商法國興業,2024-04-01,1570
6284,佳邦,173,0,173,港商法國興業,2024-04-01,1570
2402,毅嘉,163,0,163,港商法國興業,2024-04-01,1570
2851,中再保,161,0,161,港商法國興業,2024-04-01,1570
6026,福邦證,160,0,160,港商法國興業,2024-04-01,1570
9934,成霖,157,0,157,港商法國興業,2024-04-01,1570
4157,太景*-KY,155,0,155,港商法國興業,2024-04-01,1570
2634,漢翔,154,0,154,港商法國興業,2024-04-01,1570
2449,京元電子,151,0,151,港商法國興業,2024-04-01,1570
2855,統一證,132,0,132,港商法國興業,2024-04-01,1570
2537,聯上發,131,0,131,港商法國興業,2024-04-01,1570
5386,青雲,130,0,130,港商法國興業,2024-04-01,1570
1477,聚陽,129,0,129,港商法國興業,2024-04-01,1570
3673,TPK-KY,125,0,125,港商法國興業,2024-04-01,1570
2368,金像電,117,0,117,港商法國興業,2024-04-01,1570
1455,集盛,112,0,112,港商法國興業,2024-04-01,1570
2520,冠德,105,0,105,港商法國興業,2024-04-01,1570
2489,瑞軒,99,0,99,港商法國興業,2024-04-01,1570
2324,仁寶,98,0,98,港商法國興業,2024-04-01,1570
6753,龍德造船,93,0,93,港商法國興業,2024-04-01,1570
3406,玉晶光,91,0,91,港商法國興業,2024-04-01,1570
2505,國揚,84,0,84,港商法國興業,2024-04-01,1570
2010,春源,80,0,80,港商法國興業,2024-04-01,1570
2393,億光,79,0,79,港商法國興業,2024-04-01,1570
6743,安普新,73,0,73,港商法國興業,2024-04-01,1570
2885,元大金,85,15,70,港商法國興業,2024-04-01,1570
2889,國票金,68,0,68,港商法國興業,2024-04-01,1570
2344,華邦電,70,3,67,港商法國興業,2024-04-01,1570
2317,鴻海,3965,74,3891,港商法國興業,2024-04-02,1570
1608,華榮,930,0,930,港商法國興業,2024-04-02,1570
1101,台泥,926,0,926,港商法國興業,2024-04-02,1570
2885,元大金,635,0,635,港商法國興業,2024-04-02,1570
2537,聯上發,633,0,633,港商法國興業,2024-04-02,1570
3036,文曄,578,0,578,港商法國興業,2024-04-02,1570
2515,中工,572,0,572,港商法國興業,2024-04-02,1570
2882,國泰金,583,20,563,港商法國興業,2024-04-02,1570
1301,台塑,449,0,449,港商法國興業,2024-04-02,1570
1522,堤維西,473,30,443,港商法國興業,2024-04-02,1570
2330,台積電,411,0,411,港商法國興業,2024-04-02,1570
2801,彰銀,372,0,372,港商法國興業,2024-04-02,1570
2547,日勝生,366,0,366,港商法國興業,2024-04-02,1570
2449,京元電子,362,0,362,港商法國興業,2024-04-02,1570
1524,耿鼎,361,0,361,港商法國興業,2024-04-02,1570
3260,威剛,339,0,339,港商法國興業,2024-04-02,1570
2530,華建,329,0,329,港商法國興業,2024-04-02,1570
2880,華南金,294,0,294,港商法國興業,2024-04-02,1570
1455,集盛,268,0,268,港商法國興業,2024-04-02,1570
2501,國建,241,0,241,港商法國興業,2024-04-02,1570
2884,玉山金,293,57,236,港商法國興業,2024-04-02,1570
6026,福邦證,234,0,234,港商法國興業,2024-04-02,1570
2633,台灣高鐵,217,0,217,港商法國興業,2024-04-02,1570
2520,冠德,199,0,199,港商法國興業,2024-04-02,1570
4109,加捷生醫,184,0,184,港商法國興業,2024-04-02,1570
1616,億泰,181,0,181,港商法國興業,2024-04-02,1570
6284,佳邦,156,0,156,港商法國興業,2024-04-02,1570
6187,萬潤,146,0,146,港商法國興業,2024-04-02,1570
2889,國票金,145,0,145,港商法國興業,2024-04-02,1570
6116,彩晶,142,0,142,港商法國興業,2024-04-02,1570
3548,兆利,136,0,136,港商法國興業,2024-04-02,1570
3050,鈺德,135,0,135,港商法國興業,2024-04-02,1570
2855,統一證,134,0,134,港商法國興業,2024-04-02,1570
1503,士電,132,0,132,港商法國興業,2024-04-02,1570
5386,青雲,130,0,130,港商法國興業,2024-04-02,1570
6207,雷科,112,0,112,港商法國興業,2024-04-02,1570
5519,隆大,105,0,105,港商法國興業,2024-04-02,1570
4909,新復興,103,0,103,港商法國興業,2024-04-02,1570
2836,高雄銀,101,0,101,港商法國興業,2024-04-02,1570
2303,聯電,92,0,92,港商法國興業,2024-04-02,1570
2022,聚亨,89,0,89,港商法國興業,2024-04-02,1570
3583,辛耘,92,3,89,港商法國興業,2024-04-02,1570
5443,均豪,87,0,87,港商法國興業,2024-04-02,1570
6177,達麗,87,1,86,港商法國興業,2024-04-02,1570
2376,技嘉,82,0,82,港商法國興業,2024-04-02,1570
6835,圓裕,82,0,82,港商法國興業,2024-04-02,1570
8210,勤誠,80,0,80,港商法國興業,2024-04-02,1570
2505,國揚,77,0,77,港商法國興業,2024-04-02,1570
9933,中鼎,76,0,76,港商法國興業,2024-04-02,1570
2393,億光,75,0,75,港商法國興業,2024-04-02,1570
2884,玉山金,1616,0,1616,港商法國興業,2024-04-03,1570
2885,元大金,1038,0,1038,港商法國興業,2024-04-03,1570
2880,華南金,885,0,885,港商法國興業,2024-04-03,1570
2330,台積電,654,15,639,港商法國興業,2024-04-03,1570
2882,國泰金,634,1,633,港商法國興業,2024-04-03,1570
3036,文曄,578,0,578,港商法國興業,2024-04-03,1570
2890,永豐金,488,0,488,港商法國興業,2024-04-03,1570
8150,南茂,518,32,486,港商法國興業,2024-04-03,1570
2324,仁寶,443,0,443,港商法國興業,2024-04-03,1570
2515,中工,424,0,424,港商法國興業,2024-04-03,1570
2383,台光電,322,0,322,港商法國興業,2024-04-03,1570
2801,彰銀,321,0,321,港商法國興業,2024-04-03,1570
2359,所羅門,302,0,302,港商法國興業,2024-04-03,1570
5443,均豪,293,0,293,港商法國興業,2024-04-03,1570
1608,華榮,291,0,291,港商法國興業,2024-04-03,1570
3583,辛耘,247,1,246,港商法國興業,2024-04-03,1570
2504,國產,227,0,227,港商法國興業,2024-04-03,1570
9933,中鼎,220,0,220,港商法國興業,2024-04-03,1570
2023,燁輝,217,0,217,港商法國興業,2024-04-03,1570
2368,金像電,168,0,168,港商法國興業,2024-04-03,1570
2881,富邦金,159,0,159,港商法國興業,2024-04-03,1570
6753,龍德造船,155,0,155,港商法國興業,2024-04-03,1570
1316,上曜,153,0,153,港商法國興業,2024-04-03,1570
8112,至上,141,0,141,港商法國興業,2024-04-03,1570
1326,台化,136,0,136,港商法國興業,2024-04-03,1570
2501,國建,126,0,126,港商法國興業,2024-04-03,1570
4915,致伸,123,0,123,港商法國興業,2024-04-03,1570
4109,加捷生醫,121,0,121,港商法國興業,2024-04-03,1570
8210,勤誠,118,0,118,港商法國興業,2024-04-03,1570
3376,新日興,116,0,116,港商法國興業,2024-04-03,1570
2610,華航,109,0,109,港商法國興業,2024-04-03,1570
2449,京元電子,116,10,106,港商法國興業,2024-04-03,1570
4306,炎洲,106,0,106,港商法國興業,2024-04-03,1570
9105,泰金寶-DR,106,0,106,港商法國興業,2024-04-03,1570
3481,群創,105,0,105,港商法國興業,2024-04-03,1570
6026,福邦證,102,0,102,港商法國興業,2024-04-03,1570
2547,日勝生,99,0,99,港商法國興業,2024-04-03,1570
2520,冠德,98,0,98,港商法國興業,2024-04-03,1570
8086,宏捷科,96,0,96,港商法國興業,2024-04-03,1570
3017,奇鋐,93,0,93,港商法國興業,2024-04-03,1570
8069,元太,89,0,89,港商法國興業,2024-04-03,1570
1524,耿鼎,84,0,84,港商法國興業,2024-04-03,1570
2393,億光,82,1,81,港商法國興業,2024-04-03,1570
2379,瑞昱,78,0,78,港商法國興業,2024-04-03,1570
2357,華碩,81,5,76,港商法國興業,2024-04-03,1570
2355,敬鵬,75,0,75,港商法國興業,2024-04-03,1570
1477,聚陽,74,0,74,港商法國興業,2024-04-03,1570
3050,鈺德,72,0,72,港商法國興業,2024-04-03,1570
6239,力成,79,7,72,港商法國興業,2024-04-03,1570
1503,士電,71,0,71,港商法國興業,2024-04-03,1570
3231,緯創,942,10,932,港商法國興業,2024-04-08,1570
3481,群創,657,0,657,港商法國興業,2024-04-08,1570
2383,台光電,597,2,595,港商法國興業,2024-04-08,1570
2886,兆豐金,610,18,592,港商法國興業,2024-04-08,1570
2313,華通,554,0,554,港商法國興業,2024-04-08,1570
2449,京元電子,532,0,532,港商法國興業,2024-04-08,1570
2884,玉山金,725,222,503,港商法國興業,2024-04-08,1570
2385,群光,447,1,446,港商法國興業,2024-04-08,1570
2330,台積電,425,3,422,港商法國興業,2024-04-08,1570
8112,至上,421,0,421,港商法國興業,2024-04-08,1570
3548,兆利,406,0,406,港商法國興業,2024-04-08,1570
4306,炎洲,400,0,400,港商法國興業,2024-04-08,1570
2801,彰銀,361,0,361,港商法國興業,2024-04-08,1570
1608,華榮,359,0,359,港商法國興業,2024-04-08,1570
2880,華南金,338,0,338,港商法國興業,2024-04-08,1570
6207,雷科,310,0,310,港商法國興業,2024-04-08,1570
2881,富邦金,386,89,297,港商法國興業,2024-04-08,1570
2501,國建,294,0,294,港商法國興業,2024-04-08,1570
2883,凱基金,282,0,282,港商法國興業,2024-04-08,1570
2009,第一銅,246,0,246,港商法國興業,2024-04-08,1570
9105,泰金寶-DR,226,0,226,港商法國興業,2024-04-08,1570
2615,萬海,217,0,217,港商法國興業,2024-04-08,1570
2402,毅嘉,195,0,195,港商法國興業,2024-04-08,1570
3036,文曄,189,0,189,港商法國興業,2024-04-08,1570
6026,福邦證,172,0,172,港商法國興業,2024-04-08,1570
3706,神達,117,0,117,港商法國興業,2024-04-08,1570
2809,京城銀,115,0,115,港商法國興業,2024-04-08,1570
1402,遠東新,238,138,100,港商法國興業,2024-04-08,1570
2409,友達,100,0,100,港商法國興業,2024-04-08,1570
6239,力成,95,0,95,港商法國興業,2024-04-08,1570
6278,台表科,95,4,91,港商法國興業,2024-04-08,1570
4109,加捷生醫,87,0,87,港商法國興業,2024-04-08,1570
5515,建國,85,0,85,港商法國興業,2024-04-08,1570
6274,台燿,84,0,84,港商法國興業,2024-04-08,1570
8011,台通,74,0,74,港商法國興業,2024-04-08,1570
1612,宏泰,72,0,72,港商法國興業,2024-04-08,1570
2520,冠德,68,0,68,港商法國興業,2024-04-08,1570
1616,億泰,60,0,60,港商法國興業,2024-04-08,1570
1734,杏輝,60,0,60,港商法國興業,2024-04-08,1570
6177,達麗,60,0,60,港商法國興業,2024-04-08,1570
5519,隆大,58,0,58,港商法國興業,2024-04-08,1570
2530,華建,57,0,57,港商法國興業,2024-04-08,1570
6415,矽力*-KY,56,0,56,港商法國興業,2024-04-08,1570
2474,可成,56,2,54,港商法國興業,2024-04-08,1570
2454,聯發科,53,0,53,港商法國興業,2024-04-08,1570
9933,中鼎,53,0,53,港商法國興業,2024-04-08,1570
6279,胡連,49,0,49,港商法國興業,2024-04-08,1570
2206,三陽工業,48,0,48,港商法國興業,2024-04-08,1570
2348,海悅,48,0,48,港商法國興業,2024-04-08,1570
2882,國泰金,48,0,48,港商法國興業,2024-04-08,1570
3231,緯創,2995,0,2995,港商法國興業,2024-04-09,1570
1101,台泥,1800,301,1499,港商法國興業,2024-04-09,1570
2330,台積電,1307,0,1307,港商法國興業,2024-04-09,1570
2884,玉山金,1133,70,1063,港商法國興業,2024-04-09,1570
6207,雷科,990,0,990,港商法國興業,2024-04-09,1570
2317,鴻海,948,11,937,港商法國興業,2024-04-09,1570
8112,至上,791,0,791,港商法國興業,2024-04-09,1570
1316,上曜,765,0,765,港商法國興業,2024-04-09,1570
2409,友達,727,100,627,港商法國興業,2024-04-09,1570
2501,國建,624,0,624,港商法國興業,2024-04-09,1570
1608,華榮,581,0,581,港商法國興業,2024-04-09,1570
1314,中石化,500,0,500,港商法國興業,2024-04-09,1570
2855,統一證,500,0,500,港商法國興業,2024-04-09,1570
2313,華通,469,0,469,港商法國興業,2024-04-09,1570
9105,泰金寶-DR,372,0,372,港商法國興業,2024-04-09,1570
2880,華南金,306,0,306,港商法國興業,2024-04-09,1570
3706,神達,297,0,297,港商法國興業,2024-04-09,1570
2881,富邦金,294,0,294,港商法國興業,2024-04-09,1570
2883,凱基金,287,0,287,港商法國興業,2024-04-09,1570
6239,力成,275,0,275,港商法國興業,2024-04-09,1570
2324,仁寶,242,0,242,港商法國興業,2024-04-09,1570
2852,第一保,237,0,237,港商法國興業,2024-04-09,1570
8011,台通,203,0,203,港商法國興業,2024-04-09,1570
2009,第一銅,176,0,176,港商法國興業,2024-04-09,1570
5515,建國,172,0,172,港商法國興業,2024-04-09,1570
1736,喬山,160,0,160,港商法國興業,2024-04-09,1570
2801,彰銀,151,0,151,港商法國興業,2024-04-09,1570
2882,國泰金,180,30,150,港商法國興業,2024-04-09,1570
1304,台聚,146,0,146,港商法國興業,2024-04-09,1570
6005,群益證,146,0,146,港商法國興業,2024-04-09,1570
2889,國票金,145,0,145,港商法國興業,2024-04-09,1570
6274,台燿,145,0,145,港商法國興業,2024-04-09,1570
2449,京元電子,153,10,143,港商法國興業,2024-04-09,1570
2353,宏��,130,0,130,港商法國興業,2024-04-09,1570
1402,遠東新,128,0,128,港商法國興業,2024-04-09,1570
6016,康和證,126,0,126,港商法國興業,2024-04-09,1570
6278,台表科,115,0,115,港商法國興業,2024-04-09,1570
2206,三陽工業,114,0,114,港商法國興業,2024-04-09,1570
2489,瑞軒,104,0,104,港商法國興業,2024-04-09,1570
2010,春源,101,0,101,港商法國興業,2024-04-09,1570
2393,億光,94,1,93,港商法國興業,2024-04-09,1570
2385,群光,91,1,90,港商法國興業,2024-04-09,1570
3673,TPK-KY,88,0,88,港商法國興業,2024-04-09,1570
9934,成霖,85,0,85,港商法國興業,2024-04-09,1570
2547,日勝生,84,0,84,港商法國興業,2024-04-09,1570
3548,兆利,84,0,84,港商法國興業,2024-04-09,1570
1503,士電,83,0,83,港商法國興業,2024-04-09,1570
6584,南俊國際,81,0,81,港商法國興業,2024-04-09,1570
2031,新光鋼,78,0,78,港商法國興業,2024-04-09,1570
2530,華建,74,0,74,港商法國興業,2024-04-09,1570
2317,鴻海,2417,9,2408,港商法國興業,2024-04-10,1570
2009,第一銅,1156,0,1156,港商法國興業,2024-04-10,1570
2409,友達,1098,0,1098,港商法國興業,2024-04-10,1570
1608,華榮,913,0,913,港商法國興業,2024-04-10,1570
4533,協易機,854,0,854,港商法國興業,2024-04-10,1570
6005,群益證,766,0,766,港商法國興業,2024-04-10,1570
2449,京元電子,722,11,711,港商法國興業,2024-04-10,1570
2884,玉山金,712,90,622,港商法國興業,2024-04-10,1570
2886,兆豐金,627,17,610,港商法國興業,2024-04-10,1570
8112,至上,608,0,608,港商法國興業,2024-04-10,1570
2501,國建,544,0,544,港商法國興業,2024-04-10,1570
2880,華南金,494,0,494,港商法國興業,2024-04-10,1570
6026,福邦證,494,0,494,港商法國興業,2024-04-10,1570
2801,彰銀,471,0,471,港商法國興業,2024-04-10,1570
1503,士電,439,4,435,港商法國興業,2024-04-10,1570
2324,仁寶,340,0,340,港商法國興業,2024-04-10,1570
9105,泰金寶-DR,329,0,329,港商法國興業,2024-04-10,1570
6257,矽格,316,0,316,港商法國興業,2024-04-10,1570
2603,長榮,305,2,303,港商法國興業,2024-04-10,1570
2344,華邦電,283,0,283,港商法國興業,2024-04-10,1570
2427,三商電,253,0,253,港商法國興業,2024-04-10,1570
4532,瑞智,236,0,236,港商法國興業,2024-04-10,1570
2520,冠德,209,0,209,港商法國興業,2024-04-10,1570
2208,台船,207,0,207,港商法國興業,2024-04-10,1570
2881,富邦金,222,15,207,港商法國興業,2024-04-10,1570
6177,達麗,205,0,205,港商法國興業,2024-04-10,1570
2888,新光金,193,0,193,港商法國興業,2024-04-10,1570
1402,遠東新,192,0,192,港商法國興業,2024-04-10,1570
2845,遠東銀,190,0,190,港商法國興業,2024-04-10,1570
3167,大量,172,0,172,港商法國興業,2024-04-10,1570
2883,凱基金,152,0,152,港商法國興業,2024-04-10,1570
2393,億光,140,0,140,港商法國興業,2024-04-10,1570
8021,尖點,131,0,131,港商法國興業,2024-04-10,1570
8110,華東,126,0,126,港商法國興業,2024-04-10,1570
2402,毅嘉,123,0,123,港商法國興業,2024-04-10,1570
6016,康和證,122,0,122,港商法國興業,2024-04-10,1570
3042,晶技,117,0,117,港商法國興業,2024-04-10,1570
2889,國票金,113,0,113,港商法國興業,2024-04-10,1570
4968,立積,107,0,107,港商法國興業,2024-04-10,1570
6239,力成,111,4,107,港商法國興業,2024-04-10,1570
5515,建國,97,0,97,港商法國興業,2024-04-10,1570
2495,普安,88,0,88,港商法國興業,2024-04-10,1570
2392,正崴,86,0,86,港商法國興業,2024-04-10,1570
9904,寶成,86,0,86,港商法國興業,2024-04-10,1570
3406,玉晶光,75,0,75,港商法國興業,2024-04-10,1570
3583,辛耘,70,0,70,港商法國興業,2024-04-10,1570
6180,橘子,66,0,66,港商法國興業,2024-04-10,1570
2454,聯發科,66,2,64,港商法國興業,2024-04-10,1570
8150,南茂,64,0,64,港商法國興業,2024-04-10,1570
1736,喬山,63,0,63,港商法國興業,2024-04-10,1570
2408,南亞科,693,0,693,港商法國興業,2024-04-11,1570
2885,元大金,503,0,503,港商法國興業,2024-04-11,1570
1101,台泥,419,85,334,港商法國興業,2024-04-11,1570
2303,聯電,144,17,127,港商法國興業,2024-04-11,1570
2347,聯強,101,0,101,港商法國興業,2024-04-11,1570
9904,寶成,100,0,100,港商法國興業,2024-04-11,1570
2324,仁寶,67,0,67,港商法國興業,2024-04-11,1570
2204,中華,77,15,62,港商法國興業,2024-04-11,1570
9914,美利達,61,0,61,港商法國興業,2024-04-11,1570
2208,台船,59,0,59,港商法國興業,2024-04-11,1570
2379,瑞昱,57,0,57,港商法國興業,2024-04-11,1570
2360,致茂,47,0,47,港商法國興業,2024-04-11,1570
2345,智邦,43,7,36,港商法國興業,2024-04-11,1570
2317,鴻海,65,31,34,港商法國興業,2024-04-11,1570
2206,三陽工業,26,0,26,港商法國興業,2024-04-11,1570
2606,裕民,20,0,20,港商法國興業,2024-04-11,1570
3443,創意,19,0,19,港商法國興業,2024-04-11,1570
2355,敬鵬,16,0,16,港商法國興業,2024-04-11,1570
1513,中興電,15,0,15,港商法國興業,2024-04-11,1570
8436,大江,15,0,15,港商法國興業,2024-04-11,1570
3033,威健,14,0,14,港商法國興業,2024-04-11,1570
1605,華新,13,0,13,港商法國興業,2024-04-11,1570
6176,瑞儀,18,5,13,港商法國興業,2024-04-11,1570
3481,群創,12,0,12,港商法國興業,2024-04-11,1570
4123,晟德,12,0,12,港商法國興業,2024-04-11,1570
3036,文曄,10,0,10,港商法國興業,2024-04-11,1570
5269,祥碩,7,1,6,港商法國興業,2024-04-11,1570
6546,正基,5,0,5,港商法國興業,2024-04-11,1570
2458,義隆,7,3,4,港商法國興業,2024-04-11,1570
2610,華航,4,0,4,港商法國興業,2024-04-11,1570
2387,精元,3,0,3,港商法國興業,2024-04-11,1570
8924,大田,3,0,3,港商法國興業,2024-04-11,1570
2395,研華,2,0,2,港商法國興業,2024-04-11,1570
2421,建準,6,4,2,港商法國興業,2024-04-11,1570
3563,牧德,2,0,2,港商法國興業,2024-04-11,1570
4763,材料-KY,2,0,2,港商法國興業,2024-04-11,1570
4966,譜瑞-KY,2,0,2,港商法國興業,2024-04-11,1570
5225,東科-KY,2,0,2,港商法國興業,2024-04-11,1570
6515,穎崴,2,0,2,港商法國興業,2024-04-11,1570
8163,達方,2,0,2,港商法國興業,2024-04-11,1570
2707,晶華,1,0,1,港商法國興業,2024-04-11,1570
8069,元太,1,0,1,港商法國興業,2024-04-11,1570
8938,明安,1,0,1,港商法國興業,2024-04-11,1570
9802,鈺齊-KY,1,0,1,港商法國興業,2024-04-11,1570
2615,萬海,216,39,177,港商法國興業,2024-04-12,1570
2344,華邦電,410,274,136,港商法國興業,2024-04-12,1570
1519,華城,82,8,74,港商法國興業,2024-04-12,1570
2204,中華,78,19,59,港商法國興業,2024-04-12,1570
2006,東和鋼鐵,51,0,51,港商法國興業,2024-04-12,1570
6456,GIS-KY,39,0,39,港商法國興業,2024-04-12,1570
3289,宜特,24,0,24,港商法國興業,2024-04-12,1570
3380,明泰,24,0,24,港商法國興業,2024-04-12,1570
1308,亞聚,22,0,22,港商法國興業,2024-04-12,1570
1722,台肥,20,0,20,港商法國興業,2024-04-12,1570
2636,台驊控股,15,0,15,港商法國興業,2024-04-12,1570
6278,台表科,24,11,13,港商法國興業,2024-04-12,1570
2206,三陽工業,12,0,12,港商法國興業,2024-04-12,1570
2498,宏達電,12,0,12,港商法國興業,2024-04-12,1570
3617,碩天,10,0,10,港商法國興業,2024-04-12,1570
6176,瑞儀,10,0,10,港商法國興業,2024-04-12,1570
6290,良維,10,0,10,港商法國興業,2024-04-12,1570
3515,華擎,9,0,9,港商法國興業,2024-04-12,1570
3563,牧德,9,0,9,港商法國興業,2024-04-12,1570
4919,新唐,9,0,9,港商法國興業,2024-04-12,1570
6223,旺矽,9,0,9,港商法國興業,2024-04-12,1570
5269,祥碩,7,0,7,港商法國興業,2024-04-12,1570
3019,亞光,6,0,6,港商法國興業,2024-04-12,1570
1905,華紙,5,0,5,港商法國興業,2024-04-12,1570
1560,中砂,5,0,5,港商法國興業,2024-04-12,1570
3413,京鼎,5,0,5,港商法國興業,2024-04-12,1570
8436,大江,5,0,5,港商法國興業,2024-04-12,1570
3005,神基,4,0,4,港商法國興業,2024-04-12,1570
5434,崇越,4,0,4,港商法國興業,2024-04-12,1570
2387,精元,3,0,3,港商法國興業,2024-04-12,1570
2441,超豐,3,0,3,港商法國興業,2024-04-12,1570
6189,豐藝,3,0,3,港商法國興業,2024-04-12,1570
1319,東陽,2,0,2,港商法國興業,2024-04-12,1570
4770,上品,2,0,2,港商法國興業,2024-04-12,1570
5225,東科-KY,2,0,2,港商法國興業,2024-04-12,1570
8938,明安,2,0,2,港商法國興業,2024-04-12,1570
9914,美利達,2,0,2,港商法國興業,2024-04-12,1570
3035,智原,1,0,1,港商法國興業,2024-04-12,1570
3653,健策,1,0,1,港商法國興業,2024-04-12,1570
6472,保瑞,1,0,1,港商法國興業,2024-04-12,1570
9802,鈺齊-KY,1,0,1,港商法國興業,2024-04-12,1570
2603,長榮,161,0,161,港商法國興業,2024-04-15,1570
1513,中興電,151,15,136,港商法國興業,2024-04-15,1570
6274,台燿,116,0,116,港商法國興業,2024-04-15,1570
2363,矽統,95,0,95,港商法國興業,2024-04-15,1570
1609,大亞,88,0,88,港商法國興業,2024-04-15,1570
2208,台船,62,0,62,港商法國興業,2024-04-15,1570
6189,豐藝,50,0,50,港商法國興業,2024-04-15,1570
4167,松瑞藥,46,0,46,港商法國興業,2024-04-15,1570
3380,明泰,45,0,45,港商法國興業,2024-04-15,1570
6239,力成,43,0,43,港商法國興業,2024-04-15,1570
2606,裕民,40,0,40,港商法國興業,2024-04-15,1570
6290,良維,32,0,32,港商法國興業,2024-04-15,1570
6208,日揚,21,0,21,港商法國興業,2024-04-15,1570
2206,三陽工業,19,0,19,港商法國興業,2024-04-15,1570
2605,新興,16,0,16,港商法國興業,2024-04-15,1570
6120,達運,15,0,15,港商法國興業,2024-04-15,1570
2615,萬海,46,32,14,港商法國興業,2024-04-15,1570
2204,中華,23,10,13,港商法國興業,2024-04-15,1570
2498,宏達電,12,0,12,港商法國興業,2024-04-15,1570
1718,中纖,11,0,11,港商法國興業,2024-04-15,1570
4766,南寶,9,0,9,港商法國興業,2024-04-15,1570
1711,永光,8,0,8,港商法國興業,2024-04-15,1570
2467,志聖,8,0,8,港商法國興業,2024-04-15,1570
2354,鴻準,7,0,7,港商法國興業,2024-04-15,1570
6176,瑞儀,7,0,7,港商法國興業,2024-04-15,1570
6278,台表科,11,4,7,港商法國興業,2024-04-15,1570
8436,大江,7,0,7,港商法國興業,2024-04-15,1570
2387,精元,3,0,3,港商法國興業,2024-04-15,1570
3694,海華,2,0,2,港商法國興業,2024-04-15,1570
1524,耿鼎,1,0,1,港商法國興業,2024-04-15,1570
2528,皇普,1,0,1,港商法國興業,2024-04-15,1570
3035,智原,1,0,1,港商法國興業,2024-04-15,1570
5225,東科-KY,1,0,1,港商法國興業,2024-04-15,1570
6223,旺矽,1,0,1,港商法國興業,2024-04-15,1570
8454,富邦媒,1,0,1,港商法國興業,2024-04-15,1570
1101,台泥,550,40,510,港商法國興業,2024-04-16,1570
1513,中興電,371,0,371,港商法國興業,2024-04-16,1570
2206,三陽工業,342,0,342,港商法國興業,2024-04-16,1570
2834,臺企銀,258,0,258,港商法國興業,2024-04-16,1570
1609,大亞,165,0,165,港商法國興業,2024-04-16,1570
2382,廣達,105,1,104,港商法國興業,2024-04-16,1570
2409,友達,102,0,102,港商法國興業,2024-04-16,1570
3711,日月光投控,74,0,74,港商法國興業,2024-04-16,1570
2402,毅嘉,71,0,71,港商法國興業,2024-04-16,1570
5871,中租-KY,63,0,63,港商法國興業,2024-04-16,1570
1102,亞泥,55,0,55,港商法國興業,2024-04-16,1570
2371,大同,35,0,35,港商法國興業,2024-04-16,1570
2888,新光金,22,0,22,港商法國興業,2024-04-16,1570
9958,世紀鋼,21,0,21,港商法國興業,2024-04-16,1570
6605,帝寶,17,0,17,港商法國興業,2024-04-16,1570
3526,凡甲,16,0,16,港商法國興業,2024-04-16,1570
6274,台燿,14,0,14,港商法國興業,2024-04-16,1570
6223,旺矽,13,0,13,港商法國興業,2024-04-16,1570
2498,宏達電,11,0,11,港商法國興業,2024-04-16,1570
3617,碩天,10,0,10,港商法國興業,2024-04-16,1570
5269,祥碩,10,0,10,港商法國興業,2024-04-16,1570
2449,京元電子,9,0,9,港商法國興業,2024-04-16,1570
2303,聯電,9,0,9,港商法國興業,2024-04-16,1570
2891,中信金,9,0,9,港商法國興業,2024-04-16,1570
2344,華邦電,8,0,8,港商法國興業,2024-04-16,1570
4938,和碩,8,1,7,港商法國興業,2024-04-16,1570
2360,致茂,6,0,6,港商法國興業,2024-04-16,1570
2885,元大金,6,0,6,港商法國興業,2024-04-16,1570
8436,大江,5,0,5,港商法國興業,2024-04-16,1570
9945,潤泰新,4,0,4,港商法國興業,2024-04-16,1570
2387,精元,3,0,3,港商法國興業,2024-04-16,1570
3694,海華,3,0,3,港商法國興業,2024-04-16,1570
5388,中磊,3,0,3,港商法國興業,2024-04-16,1570
6176,瑞儀,3,0,3,港商法國興業,2024-04-16,1570
8163,達方,3,0,3,港商法國興業,2024-04-16,1570
1524,耿鼎,2,0,2,港商法國興業,2024-04-16,1570
6263,普萊德,2,0,2,港商法國興業,2024-04-16,1570
2727,王品,1,0,1,港商法國興業,2024-04-16,1570
3443,創意,1,0,1,港商法國興業,2024-04-16,1570
5225,東科-KY,1,0,1,港商法國興業,2024-04-16,1570
8938,明安,1,0,1,港商法國興業,2024-04-16,1570
1513,中興電,579,0,579,港商法國興業,2024-04-17,1570
4915,致伸,465,0,465,港商法國興業,2024-04-17,1570
2408,南亞科,238,0,238,港商法國興業,2024-04-17,1570
2884,玉山金,266,50,216,港商法國興業,2024-04-17,1570
1519,華城,218,7,211,港商法國興業,2024-04-17,1570
2834,臺企銀,200,0,200,港商法國興業,2024-04-17,1570
6176,瑞儀,162,14,148,港商法國興業,2024-04-17,1570
2206,三陽工業,110,0,110,港商法國興業,2024-04-17,1570
1102,亞泥,107,0,107,港商法國興業,2024-04-17,1570
4938,和碩,103,1,102,港商法國興業,2024-04-17,1570
3711,日月光投控,94,0,94,港商法國興業,2024-04-17,1570
2885,元大金,87,0,87,港商法國興業,2024-04-17,1570
2421,建準,46,0,46,港商法國興業,2024-04-17,1570
3673,TPK-KY,45,0,45,港商法國興業,2024-04-17,1570
3189,景碩,42,0,42,港商法國興業,2024-04-17,1570
9933,中鼎,42,0,42,港商法國興業,2024-04-17,1570
2344,華邦電,40,0,40,港商法國興業,2024-04-17,1570
6456,GIS-KY,37,0,37,港商法國興業,2024-04-17,1570
2308,台達電,36,0,36,港商法國興業,2024-04-17,1570
6605,帝寶,30,0,30,港商法國興業,2024-04-17,1570
9907,統一實,30,0,30,港商法國興業,2024-04-17,1570
6271,同欣電,25,0,25,港商法國興業,2024-04-17,1570
2882,國泰金,24,0,24,港商法國興業,2024-04-17,1570
2329,華泰,20,0,20,港商法國興業,2024-04-17,1570
2371,大同,18,0,18,港商法國興業,2024-04-17,1570
9945,潤泰新,17,0,17,港商法國興業,2024-04-17,1570
2023,燁輝,15,0,15,港商法國興業,2024-04-17,1570
2449,京元電子,15,0,15,港商法國興業,2024-04-17,1570
2880,華南金,12,0,12,港商法國興業,2024-04-17,1570
2498,宏達電,10,0,10,港商法國興業,2024-04-17,1570
2204,中華,10,0,10,港商法國興業,2024-04-17,1570
6278,台表科,10,0,10,港商法國興業,2024-04-17,1570
1514,亞力,9,0,9,港商法國興業,2024-04-17,1570
3227,原相,9,0,9,港商法國興業,2024-04-17,1570
1560,中砂,12,4,8,港商法國興業,2024-04-17,1570
5880,合庫金,8,0,8,港商法國興業,2024-04-17,1570
6409,旭隼,8,0,8,港商法國興業,2024-04-17,1570
5258,虹堡,7,0,7,港商法國興業,2024-04-17,1570
1522,堤維西,6,0,6,港商法國興業,2024-04-17,1570
2886,兆豐金,6,0,6,港商法國興業,2024-04-17,1570
2892,第一金,6,0,6,港商法國興業,2024-04-17,1570
2105,正新,5,0,5,港商法國興業,2024-04-17,1570
2301,光寶科,5,0,5,港商法國興業,2024-04-17,1570
5876,上海商銀,5,0,5,港商法國興業,2024-04-17,1570
2379,瑞昱,5,1,4,港商法國興業,2024-04-17,1570
3714,富采,4,0,4,港商法國興業,2024-04-17,1570
4532,瑞智,4,0,4,港商法國興業,2024-04-17,1570
3413,京鼎,3,0,3,港商法國興業,2024-04-17,1570
4960,誠美材,3,0,3,港商法國興業,2024-04-17,1570
8069,元太,3,0,3,港商法國興業,2024-04-17,1570
2886,兆豐金,2612,153,2459,港商法國興業,2024-04-18,1570
2834,臺企銀,1015,215,800,港商法國興業,2024-04-18,1570
1513,中興電,629,0,629,港商法國興業,2024-04-18,1570
2382,廣達,159,12,147,港商法國興業,2024-04-18,1570
1101,台泥,158,38,120,港商法國興業,2024-04-18,1570
2888,新光金,119,0,119,港商法國興業,2024-04-18,1570
2014,中鴻,105,0,105,港商法國興業,2024-04-18,1570
2330,台積電,600,509,91,港商法國興業,2024-04-18,1570
2006,東和鋼鐵,94,3,91,港商法國興業,2024-04-18,1570
1609,大亞,76,0,76,港商法國興業,2024-04-18,1570
5871,中租-KY,66,0,66,港商法國興業,2024-04-18,1570
2454,聯發科,63,1,62,港商法國興業,2024-04-18,1570
3711,日月光投控,68,9,59,港商法國興業,2024-04-18,1570
5388,中磊,59,0,59,港商法國興業,2024-04-18,1570
4167,松瑞藥,57,0,57,港商法國興業,2024-04-18,1570
4915,致伸,55,0,55,港商法國興業,2024-04-18,1570
1308,亞聚,51,0,51,港商法國興業,2024-04-18,1570
4966,譜瑞-KY,51,0,51,港商法國興業,2024-04-18,1570
2421,建準,50,0,50,港商法國興業,2024-04-18,1570
2882,國泰金,55,6,49,港商法國興業,2024-04-18,1570
9904,寶成,46,0,46,港商法國興業,2024-04-18,1570
1519,華城,45,0,45,港商法國興業,2024-04-18,1570
2409,友達,45,0,45,港商法國興業,2024-04-18,1570
2615,萬海,45,0,45,港商法國興業,2024-04-18,1570
2206,三陽工業,42,0,42,港商法國興業,2024-04-18,1570
2344,華邦電,28,0,28,港商法國興業,2024-04-18,1570
1402,遠東新,26,0,26,港商法國興業,2024-04-18,1570
2610,華航,26,0,26,港商法國興業,2024-04-18,1570
6116,彩晶,26,0,26,港商法國興業,2024-04-18,1570
2618,長榮航,25,0,25,港商法國興業,2024-04-18,1570
3526,凡甲,25,0,25,港商法國興業,2024-04-18,1570
1605,華新,24,0,24,港商法國興業,2024-04-18,1570
2356,英業達,21,0,21,港商法國興業,2024-04-18,1570
2363,矽統,20,0,20,港商法國興業,2024-04-18,1570
2379,瑞昱,20,0,20,港商法國興業,2024-04-18,1570
2457,飛宏,20,0,20,港商法國興業,2024-04-18,1570
2376,技嘉,17,0,17,港商法國興業,2024-04-18,1570
6223,旺矽,16,0,16,港商法國興業,2024-04-18,1570
2609,陽明,14,0,14,港商法國興業,2024-04-18,1570
2360,致茂,13,0,13,港商法國興業,2024-04-18,1570
1522,堤維西,13,0,13,港商法國興業,2024-04-18,1570
3563,牧德,13,0,13,港商法國興業,2024-04-18,1570
4123,晟德,13,0,13,港商法國興業,2024-04-18,1570
2498,宏達電,11,0,11,港商法國興業,2024-04-18,1570
2204,中華,10,0,10,港商法國興業,2024-04-18,1570
1762,中化生,10,0,10,港商法國興業,2024-04-18,1570
3022,威強電,10,0,10,港商法國興業,2024-04-18,1570
3376,新日興,10,0,10,港商法國興業,2024-04-18,1570
4766,南寶,10,0,10,港商法國興業,2024-04-18,1570
4968,立積,10,0,10,港商法國興業,2024-04-18,1570
1101,台泥,508,40,468,港商法國興業,2024-04-19,1570
2615,萬海,188,0,188,港商法國興業,2024-04-19,1570
2603,長榮,171,0,171,港商法國興業,2024-04-19,1570
5871,中租-KY,142,0,142,港商法國興業,2024-04-19,1570
6116,彩晶,136,0,136,港商法國興業,2024-04-19,1570
5876,上海商銀,122,0,122,港商法國興業,2024-04-19,1570
1210,大成,109,0,109,港商法國興業,2024-04-19,1570
2892,第一金,102,0,102,港商法國興業,2024-04-19,1570
3056,富華新,101,0,101,港商法國興業,2024-04-19,1570
1314,中石化,100,0,100,港商法國興業,2024-04-19,1570
8069,元太,100,0,100,港商法國興業,2024-04-19,1570
2618,長榮航,68,0,68,港商法國興業,2024-04-19,1570
3264,欣銓,66,0,66,港商法國興業,2024-04-19,1570
2834,臺企銀,56,0,56,港商法國興業,2024-04-19,1570
3711,日月光投控,55,0,55,港商法國興業,2024-04-19,1570
4958,臻鼎-KY,54,0,54,港商法國興業,2024-04-19,1570
2605,新興,60,20,40,港商法國興業,2024-04-19,1570
2606,裕民,40,0,40,港商法國興業,2024-04-19,1570
3037,欣興,34,0,34,港商法國興業,2024-04-19,1570
2352,佳世達,33,0,33,港商法國興業,2024-04-19,1570
2371,大同,31,0,31,港商法國興業,2024-04-19,1570
2206,三陽工業,23,0,23,港商法國興業,2024-04-19,1570
1308,亞聚,16,0,16,港商法國興業,2024-04-19,1570
2704,國賓,16,0,16,港商法國興業,2024-04-19,1570
3661,世芯-KY,16,0,16,港商法國興業,2024-04-19,1570
6197,佳必琪,16,0,16,港商法國興業,2024-04-19,1570
4977,眾達-KY,15,0,15,港商法國興業,2024-04-19,1570
3005,神基,14,0,14,港商法國興業,2024-04-19,1570
5388,中磊,14,0,14,港商法國興業,2024-04-19,1570
8938,明安,14,0,14,港商法國興業,2024-04-19,1570
6223,旺矽,12,0,12,港商法國興業,2024-04-19,1570
6605,帝寶,12,0,12,港商法國興業,2024-04-19,1570
1522,堤維西,10,0,10,港商法國興業,2024-04-19,1570
2636,台驊控股,10,0,10,港商法國興業,2024-04-19,1570
5269,祥碩,10,0,10,港商法國興業,2024-04-19,1570
1513,中興電,8,0,8,港商法國興業,2024-04-19,1570
3022,威強電,8,0,8,港商法國興業,2024-04-19,1570
2328,廣宇,7,0,7,港商法國興業,2024-04-19,1570
6279,胡連,7,0,7,港商法國興業,2024-04-19,1570
3563,牧德,8,2,6,港商法國興業,2024-04-19,1570
8936,國統,6,0,6,港商法國興業,2024-04-19,1570
1216,統一,3,0,3,港商法國興業,2024-04-19,1570
2387,精元,3,0,3,港商法國興業,2024-04-19,1570
5225,東科-KY,3,0,3,港商法國興業,2024-04-19,1570
8163,達方,3,0,3,港商法國興業,2024-04-19,1570
3413,京鼎,2,0,2,港商法國興業,2024-04-19,1570
6515,穎崴,2,0,2,港商法國興業,2024-04-19,1570
2454,聯發科,1,0,1,港商法國興業,2024-04-19,1570
3034,聯詠,1,0,1,港商法國興業,2024-04-19,1570
3694,海華,1,0,1,港商法國興業,2024-04-19,1570
2324,仁寶,789,0,789,港商法國興業,2024-04-22,1570
1314,中石化,700,100,600,港商法國興業,2024-04-22,1570
6116,彩晶,475,0,475,港商法國興業,2024-04-22,1570
4938,和碩,348,0,348,港商法國興業,2024-04-22,1570
6147,頎邦,263,0,263,港商法國興業,2024-04-22,1570
2603,長榮,157,0,157,港商法國興業,2024-04-22,1570
2883,凱基金,200,70,130,港商法國興業,2024-04-22,1570
2367,燿華,114,0,114,港商法國興業,2024-04-22,1570
9945,潤泰新,114,0,114,港商法國興業,2024-04-22,1570
2615,萬海,79,0,79,港商法國興業,2024-04-22,1570
5347,世界,75,0,75,港商法國興業,2024-04-22,1570
2882,國泰金,60,0,60,港商法國興業,2024-04-22,1570
2609,陽明,58,0,58,港商法國興業,2024-04-22,1570
5483,中美晶,55,0,55,港商法國興業,2024-04-22,1570
2892,第一金,44,0,44,港商法國興業,2024-04-22,1570
2421,建準,36,0,36,港商法國興業,2024-04-22,1570
2618,長榮航,36,0,36,港商法國興業,2024-04-22,1570
2204,中華,25,0,25,港商法國興業,2024-04-22,1570
2408,南亞科,23,0,23,港商法國興業,2024-04-22,1570
2352,佳世達,21,0,21,港商法國興業,2024-04-22,1570
2634,漢翔,20,0,20,港商法國興業,2024-04-22,1570
2636,台驊控股,20,0,20,港商法國興業,2024-04-22,1570
2886,兆豐金,20,0,20,港商法國興業,2024-04-22,1570
8046,南電,20,0,20,港商法國興業,2024-04-22,1570
3596,智易,16,0,16,港商法國興業,2024-04-22,1570
2610,華航,9,0,9,港商法國興業,2024-04-22,1570
1522,堤維西,9,0,9,港商法國興業,2024-04-22,1570
2890,永豐金,9,0,9,港商法國興業,2024-04-22,1570
2308,台達電,8,0,8,港商法國興業,2024-04-22,1570
2002,中鋼,7,0,7,港商法國興業,2024-04-22,1570
2105,正新,6,0,6,港商法國興業,2024-04-22,1570
2387,精元,6,0,6,港商法國興業,2024-04-22,1570
1560,中砂,5,0,5,港商法國興業,2024-04-22,1570
1605,華新,5,0,5,港商法國興業,2024-04-22,1570
1597,直得,4,0,4,港商法國興業,2024-04-22,1570
5225,東科-KY,4,0,4,港商法國興業,2024-04-22,1570
1303,南亞,3,0,3,港商法國興業,2024-04-22,1570
4766,南寶,3,0,3,港商法國興業,2024-04-22,1570
4904,遠傳,3,0,3,港商法國興業,2024-04-22,1570
6505,台塑化,3,0,3,港商法國興業,2024-04-22,1570
8163,達方,3,0,3,港商法國興業,2024-04-22,1570
8996,高力,3,0,3,港商法國興業,2024-04-22,1570
3045,台灣大,2,0,2,港商法國興業,2024-04-22,1570
3694,海華,2,0,2,港商法國興業,2024-04-22,1570
1713,國化,1,0,1,港商法國興業,2024-04-22,1570
1524,耿鼎,1,0,1,港商法國興業,2024-04-22,1570
1210,大成,1,0,1,港商法國興業,2024-04-22,1570
1409,新纖,1,0,1,港商法國興業,2024-04-22,1570
6263,普萊德,1,0,1,港商法國興業,2024-04-22,1570
2501,國建,2676,0,2676,港商法國興業,2024-04-23,1570
2515,中工,1244,0,1244,港商法國興業,2024-04-23,1570
2101,南港,709,0,709,港商法國興業,2024-04-23,1570
2449,京元電子,658,0,658,港商法國興業,2024-04-23,1570
3036,文曄,405,0,405,港商法國興業,2024-04-23,1570
2890,永豐金,388,0,388,港商法國興業,2024-04-23,1570
2885,元大金,334,0,334,港商法國興業,2024-04-23,1570
5534,長虹,332,0,332,港商法國興業,2024-04-23,1570
2520,冠德,304,0,304,港商法國興業,2024-04-23,1570
1503,士電,280,0,280,港商法國興業,2024-04-23,1570
3017,奇鋐,299,28,271,港商法國興業,2024-04-23,1570
2547,日勝生,249,0,249,港商法國興業,2024-04-23,1570
8011,台通,227,0,227,港商法國興業,2024-04-23,1570
1301,台塑,235,12,223,港商法國興業,2024-04-23,1570
9933,中鼎,204,0,204,港商法國興業,2024-04-23,1570
2313,華通,179,0,179,港商法國興業,2024-04-23,1570
5324,士開,178,0,178,港商法國興業,2024-04-23,1570
6116,彩晶,169,0,169,港商法國興業,2024-04-23,1570
2317,鴻海,175,11,164,港商法國興業,2024-04-23,1570
1702,南僑,159,0,159,港商法國興業,2024-04-23,1570
1402,遠東新,156,0,156,港商法國興業,2024-04-23,1570
2603,長榮,153,0,153,港商法國興業,2024-04-23,1570
5515,建國,150,0,150,港商法國興業,2024-04-23,1570
2880,華南金,149,0,149,港商法國興業,2024-04-23,1570
2505,國揚,147,0,147,港商法國興業,2024-04-23,1570
2851,中再保,136,0,136,港商法國興業,2024-04-23,1570
2812,台中銀,134,0,134,港商法國興業,2024-04-23,1570
2527,宏璟,130,0,130,港商法國興業,2024-04-23,1570
1210,大成,128,0,128,港商法國興業,2024-04-23,1570
2542,興富發,106,0,106,港商法國興業,2024-04-23,1570
1513,中興電,105,0,105,港商法國興業,2024-04-23,1570
3060,銘異,105,0,105,港商法國興業,2024-04-23,1570
2834,臺企銀,95,0,95,港商法國興業,2024-04-23,1570
2530,華建,94,0,94,港商法國興業,2024-04-23,1570
2524,京城,92,0,92,港商法國興業,2024-04-23,1570
2367,燿華,90,0,90,港商法國興業,2024-04-23,1570
1532,勤美,88,0,88,港商法國興業,2024-04-23,1570
4167,松瑞藥,84,0,84,港商法國興業,2024-04-23,1570
2514,龍邦,79,0,79,港商法國興業,2024-04-23,1570
2330,台積電,87,15,72,港商法國興業,2024-04-23,1570
2889,國票金,69,0,69,港商法國興業,2024-04-23,1570
2348,海悅,68,0,68,港商法國興業,2024-04-23,1570
2545,皇翔,67,0,67,港商法國興業,2024-04-23,1570
2634,漢翔,66,0,66,港商法國興業,2024-04-23,1570
2882,國泰金,106,40,66,港商法國興業,2024-04-23,1570
9938,百和,64,0,64,港商法國興業,2024-04-23,1570
3533,嘉澤,64,2,62,港商法國興業,2024-04-23,1570
2607,榮運,61,0,61,港商法國興業,2024-04-23,1570
1453,大將,60,0,60,港商法國興業,2024-04-23,1570
2611,志信,60,0,60,港商法國興業,2024-04-23,1570
2317,鴻海,1596,30,1566,港商法國興業,2024-04-24,1570
2634,漢翔,786,0,786,港商法國興業,2024-04-24,1570
9105,泰金寶-DR,596,0,596,港商法國興業,2024-04-24,1570
2882,國泰金,440,40,400,港商法國興業,2024-04-24,1570
2520,冠德,313,1,312,港商法國興業,2024-04-24,1570
1503,士電,257,0,257,港商法國興業,2024-04-24,1570
2101,南港,250,0,250,港商法國興業,2024-04-24,1570
2354,鴻準,249,0,249,港商法國興業,2024-04-24,1570
1402,遠東新,224,0,224,港商法國興業,2024-04-24,1570
4909,新復興,221,0,221,港商法國興業,2024-04-24,1570
2537,聯上發,200,0,200,港商法國興業,2024-04-24,1570
2618,長榮航,200,0,200,港商法國興業,2024-04-24,1570
2637,慧洋-KY,228,29,199,港商法國興業,2024-04-24,1570
2887,台新金,184,0,184,港商法國興業,2024-04-24,1570
8011,台通,181,0,181,港商法國興業,2024-04-24,1570
2308,台達電,179,0,179,港商法國興業,2024-04-24,1570
2330,台積電,183,27,156,港商法國興業,2024-04-24,1570
5508,永信建,155,0,155,港商法國興業,2024-04-24,1570
3036,文曄,141,0,141,港商法國興業,2024-04-24,1570
2603,長榮,131,0,131,港商法國興業,2024-04-24,1570
1314,中石化,130,0,130,港商法國興業,2024-04-24,1570
2105,正新,118,0,118,港商法國興業,2024-04-24,1570
2745,五福,101,0,101,港商法國興業,2024-04-24,1570
2610,華航,100,0,100,港商法國興業,2024-04-24,1570
2611,志信,92,0,92,港商法國興業,2024-04-24,1570
3060,銘異,92,0,92,港商法國興業,2024-04-24,1570
2607,榮運,85,0,85,港商法國興業,2024-04-24,1570
2489,瑞軒,83,0,83,港商法國興業,2024-04-24,1570
5534,長虹,83,0,83,港商法國興業,2024-04-24,1570
5483,中美晶,82,0,82,港商法國興業,2024-04-24,1570
2880,華南金,81,0,81,港商法國興業,2024-04-24,1570
9938,百和,73,0,73,港商法國興業,2024-04-24,1570
1409,新纖,72,0,72,港商法國興業,2024-04-24,1570
1532,勤美,71,0,71,港商法國興業,2024-04-24,1570
9946,三發地產,71,0,71,港商法國興業,2024-04-24,1570
2353,宏��,70,0,70,港商法國興業,2024-04-24,1570
2010,春源,65,0,65,港商法國興業,2024-04-24,1570
6116,彩晶,64,0,64,港商法國興業,2024-04-24,1570
1504,東元,60,0,60,港商法國興業,2024-04-24,1570
4167,松瑞藥,60,0,60,港商法國興業,2024-04-24,1570
6768,志強-KY,60,0,60,港商法國興業,2024-04-24,1570
5515,建國,59,0,59,港商法國興業,2024-04-24,1570
2885,元大金,58,0,58,港商法國興業,2024-04-24,1570
3356,奇偶,57,0,57,港商法國興業,2024-04-24,1570
4968,立積,54,0,54,港商法國興業,2024-04-24,1570
6214,精誠,52,0,52,港商法國興業,2024-04-24,1570
9933,中鼎,48,0,48,港商法國興業,2024-04-24,1570
6177,達麗,47,0,47,港商法國興業,2024-04-24,1570
8039,台虹,46,0,46,港商法國興業,2024-04-24,1570
2514,龍邦,44,0,44,港商法國興業,2024-04-24,1570
2101,南港,1220,0,1220,港商法國興業,2024-04-25,1570
2884,玉山金,1063,20,1043,港商法國興業,2024-04-25,1570
2520,冠德,624,0,624,港商法國興業,2024-04-25,1570
2634,漢翔,544,0,544,港商法國興業,2024-04-25,1570
2330,台積電,442,19,423,港商法國興業,2024-04-25,1570
2610,華航,347,0,347,港商法國興業,2024-04-25,1570
9933,中鼎,347,0,347,港商法國興業,2024-04-25,1570
5534,長虹,325,0,325,港商法國興業,2024-04-25,1570
9904,寶成,323,0,323,港商法國興業,2024-04-25,1570
2308,台達電,288,0,288,港商法國興業,2024-04-25,1570
3686,達能,282,0,282,港商法國興業,2024-04-25,1570
2887,台新金,269,0,269,港商法國興業,2024-04-25,1570
9105,泰金寶-DR,237,0,237,港商法國興業,2024-04-25,1570
1532,勤美,236,0,236,港商法國興業,2024-04-25,1570
2354,鴻準,226,0,226,港商法國興業,2024-04-25,1570
3036,文曄,205,0,205,港商法國興業,2024-04-25,1570
2885,元大金,204,10,194,港商法國興業,2024-04-25,1570
4909,新復興,179,0,179,港商法國興業,2024-04-25,1570
2882,國泰金,178,0,178,港商法國興業,2024-04-25,1570
3060,銘異,177,0,177,港商法國興業,2024-04-25,1570
2527,宏璟,171,0,171,港商法國興業,2024-04-25,1570
2489,瑞軒,165,0,165,港商法國興業,2024-04-25,1570
2890,永豐金,145,0,145,港商法國興業,2024-04-25,1570
2301,光寶科,141,0,141,港商法國興業,2024-04-25,1570
4532,瑞智,130,0,130,港商法國興業,2024-04-25,1570
6177,達麗,123,0,123,港商法國興業,2024-04-25,1570
3583,辛耘,126,4,122,港商法國興業,2024-04-25,1570
2105,正新,121,0,121,港商法國興業,2024-04-25,1570
1402,遠東新,112,0,112,港商法國興業,2024-04-25,1570
1453,大將,112,0,112,港商法國興業,2024-04-25,1570
8112,至上,107,0,107,港商法國興業,2024-04-25,1570
2352,佳世達,98,0,98,港商法國興業,2024-04-25,1570
2317,鴻海,221,125,96,港商法國興業,2024-04-25,1570
2603,長榮,96,0,96,港商法國興業,2024-04-25,1570
2851,中再保,96,0,96,港商法國興業,2024-04-25,1570
8039,台虹,95,0,95,港商法國興業,2024-04-25,1570
6768,志強-KY,94,0,94,港商法國興業,2024-04-25,1570
2368,金像電,92,0,92,港商法國興業,2024-04-25,1570
1736,喬山,91,0,91,港商法國興業,2024-04-25,1570
3050,鈺德,91,0,91,港商法國興業,2024-04-25,1570
2359,所羅門,89,0,89,港商法國興業,2024-04-25,1570
2705,六福,87,0,87,港商法國興業,2024-04-25,1570
2812,台中銀,81,0,81,港商法國興業,2024-04-25,1570
2745,五福,78,0,78,港商法國興業,2024-04-25,1570
9938,百和,76,0,76,港商法國興業,2024-04-25,1570
6207,雷科,75,0,75,港商法國興業,2024-04-25,1570
6449,鈺邦,73,0,73,港商法國興業,2024-04-25,1570
2010,春源,71,0,71,港商法國興業,2024-04-25,1570
4167,松瑞藥,65,0,65,港商法國興業,2024-04-25,1570
5519,隆大,56,0,56,港商法國興業,2024-04-25,1570
2634,漢翔,772,0,772,港商法國興業,2024-04-26,1570
2101,南港,707,6,701,港商法國興業,2024-04-26,1570
2520,冠德,589,0,589,港商法國興業,2024-04-26,1570
5534,長虹,585,0,585,港商法國興業,2024-04-26,1570
6177,達麗,560,0,560,港商法國興業,2024-04-26,1570
1532,勤美,453,0,453,港商法國興業,2024-04-26,1570
2206,三陽工業,420,8,412,港商法國興業,2024-04-26,1570
2354,鴻準,369,0,369,港商法國興業,2024-04-26,1570
2537,聯上發,363,0,363,港商法國興業,2024-04-26,1570
1314,中石化,300,0,300,港商法國興業,2024-04-26,1570
9933,中鼎,296,42,254,港商法國興業,2024-04-26,1570
2545,皇翔,233,0,233,港商法國興業,2024-04-26,1570
4532,瑞智,228,0,228,港商法國興業,2024-04-26,1570
6278,台表科,234,12,222,港商法國興業,2024-04-26,1570
3036,文曄,229,8,221,港商法國興業,2024-04-26,1570
1736,喬山,191,0,191,港商法國興業,2024-04-26,1570
2393,億光,173,0,173,港商法國興業,2024-04-26,1570
2603,長榮,177,9,168,港商法國興業,2024-04-26,1570
2610,華航,166,0,166,港商法國興業,2024-04-26,1570
9946,三發地產,138,0,138,港商法國興業,2024-04-26,1570
2745,五福,137,0,137,港商法國興業,2024-04-26,1570
2368,金像電,138,5,133,港商法國興業,2024-04-26,1570
2607,榮運,141,11,130,港商法國興業,2024-04-26,1570
9938,百和,130,0,130,港商法國興業,2024-04-26,1570
3060,銘異,109,0,109,港商法國興業,2024-04-26,1570
2705,六福,107,0,107,港商法國興業,2024-04-26,1570
6603,富強鑫,98,0,98,港商法國興業,2024-04-26,1570
2010,春源,92,0,92,港商法國興業,2024-04-26,1570
2611,志信,91,0,91,港商法國興業,2024-04-26,1570
2851,中再保,90,0,90,港商法國興業,2024-04-26,1570
8112,至上,93,9,84,港商法國興業,2024-04-26,1570
8011,台通,83,0,83,港商法國興業,2024-04-26,1570
1442,名軒,82,0,82,港商法國興業,2024-04-26,1570
6207,雷科,79,0,79,港商法國興業,2024-04-26,1570
1515,力山,73,0,73,港商法國興業,2024-04-26,1570
2489,瑞軒,68,0,68,港商法國興業,2024-04-26,1570
1453,大將,67,0,67,港商法國興業,2024-04-26,1570
2514,龍邦,67,0,67,港商法國興業,2024-04-26,1570
1540,喬福,66,0,66,港商法國興業,2024-04-26,1570
1473,台南,64,0,64,港商法國興業,2024-04-26,1570
2367,燿華,64,0,64,港商法國興業,2024-04-26,1570
2472,立隆電,64,0,64,港商法國興業,2024-04-26,1570
4760,勤凱,60,0,60,港商法國興業,2024-04-26,1570
1409,新纖,111,52,59,港商法國興業,2024-04-26,1570
2348,海悅,58,0,58,港商法國興業,2024-04-26,1570
5519,隆大,58,0,58,港商法國興業,2024-04-26,1570
1702,南僑,54,0,54,港商法國興業,2024-04-26,1570
3050,鈺德,54,0,54,港商法國興業,2024-04-26,1570
2530,華建,51,0,51,港商法國興業,2024-04-26,1570
4909,新復興,48,0,48,港商法國興業,2024-04-26,1570
2317,鴻海,2120,0,2120,港商法國興業,2024-04-29,1570
2520,冠德,1603,0,1603,港商法國興業,2024-04-29,1570
2881,富邦金,1085,0,1085,港商法國興業,2024-04-29,1570
2101,南港,893,0,893,港商法國興業,2024-04-29,1570
2537,聯上發,817,0,817,港商法國興業,2024-04-29,1570
2887,台新金,707,0,707,港商法國興業,2024-04-29,1570
9105,泰金寶-DR,691,0,691,港商法國興業,2024-04-29,1570
1402,遠東新,560,0,560,港商法國興業,2024-04-29,1570
2883,凱基金,485,0,485,港商法國興業,2024-04-29,1570
2603,長榮,475,0,475,港商法國興業,2024-04-29,1570
6177,達麗,452,0,452,港商法國興業,2024-04-29,1570
2890,永豐金,428,0,428,港商法國興業,2024-04-29,1570
2610,華航,425,0,425,港商法國興業,2024-04-29,1570
2330,台積電,425,1,424,港商法國興業,2024-04-29,1570
2884,玉山金,412,0,412,港商法國興業,2024-04-29,1570
1314,中石化,380,0,380,港商法國興業,2024-04-29,1570
2834,臺企銀,354,0,354,港商法國興業,2024-04-29,1570
6290,良維,306,0,306,港商法國興業,2024-04-29,1570
1409,新纖,255,0,255,港商法國興業,2024-04-29,1570
9904,寶成,255,0,255,港商法國興業,2024-04-29,1570
2607,榮運,254,0,254,港商法國興業,2024-04-29,1570
4938,和碩,230,0,230,港商法國興業,2024-04-29,1570
2367,燿華,205,0,205,港商法國興業,2024-04-29,1570
2540,愛山林,205,0,205,港商法國興業,2024-04-29,1570
2605,新興,183,0,183,港商法國興業,2024-04-29,1570
2889,國票金,183,0,183,港商法國興業,2024-04-29,1570
2547,日勝生,178,0,178,港商法國興業,2024-04-29,1570
5324,士開,177,0,177,港商法國興業,2024-04-29,1570
2489,瑞軒,176,0,176,港商法國興業,2024-04-29,1570
5347,世界,175,0,175,港商法國興業,2024-04-29,1570
2634,漢翔,163,0,163,港商法國興業,2024-04-29,1570
2442,新美齊,161,0,161,港商法國興業,2024-04-29,1570
1442,名軒,153,0,153,港商法國興業,2024-04-29,1570
2618,長榮航,150,0,150,港商法國興業,2024-04-29,1570
2501,國建,149,0,149,港商法國興業,2024-04-29,1570
2545,皇翔,149,0,149,港商法國興業,2024-04-29,1570
2393,億光,148,0,148,港商法國興業,2024-04-29,1570
2354,鴻準,147,0,147,港商法國興業,2024-04-29,1570
2514,龍邦,144,0,144,港商法國興業,2024-04-29,1570
3661,世芯-KY,136,0,136,港商法國興業,2024-04-29,1570
2368,金像電,134,0,134,港商法國興業,2024-04-29,1570
2530,華建,122,0,122,港商法國興業,2024-04-29,1570
1453,大將,118,0,118,港商法國興業,2024-04-29,1570
2851,中再保,118,0,118,港商法國興業,2024-04-29,1570
8112,至上,118,0,118,港商法國興業,2024-04-29,1570
5534,長虹,117,0,117,港商法國興業,2024-04-29,1570
8011,台通,109,0,109,港商法國興業,2024-04-29,1570
1736,喬山,96,0,96,港商法國興業,2024-04-29,1570
2886,兆豐金,120,29,91,港商法國興業,2024-04-29,1570
2006,東和鋼鐵,88,0,88,港商法國興業,2024-04-29,1570
2317,鴻海,5998,2,5996,港商法國興業,2024-04-30,1570
2520,冠德,1294,0,1294,港商法國興業,2024-04-30,1570
2337,旺宏,917,0,917,港商法國興業,2024-04-30,1570
2344,華邦電,784,0,784,港商法國興業,2024-04-30,1570
2611,志信,626,0,626,港商法國興業,2024-04-30,1570
2537,聯上發,585,0,585,港商法國興業,2024-04-30,1570
2603,長榮,652,85,567,港商法國興業,2024-04-30,1570
8112,至上,557,0,557,港商法國興業,2024-04-30,1570
2889,國票金,481,0,481,港商法國興業,2024-04-30,1570
6177,達麗,396,23,373,港商法國興業,2024-04-30,1570
6278,台表科,309,0,309,港商法國興業,2024-04-30,1570
6257,矽格,292,0,292,港商法國興業,2024-04-30,1570
3017,奇鋐,303,37,266,港商法國興業,2024-04-30,1570
3376,新日興,454,212,242,港商法國興業,2024-04-30,1570
1503,士電,235,0,235,港商法國興業,2024-04-30,1570
2409,友達,294,76,218,港商法國興業,2024-04-30,1570
5508,永信建,217,0,217,港商法國興業,2024-04-30,1570
1101,台泥,239,27,212,港商法國興業,2024-04-30,1570
2607,榮運,205,0,205,港商法國興業,2024-04-30,1570
2393,億光,203,0,203,港商法國興業,2024-04-30,1570
3289,宜特,199,0,199,港商法國興業,2024-04-30,1570
6239,力成,195,0,195,港商法國興業,2024-04-30,1570
8070,長華*,194,0,194,港商法國興業,2024-04-30,1570
1402,遠東新,297,108,189,港商法國興業,2024-04-30,1570
9933,中鼎,187,0,187,港商法國興業,2024-04-30,1570
2377,微星,186,0,186,港商法國興業,2024-04-30,1570
2489,瑞軒,184,0,184,港商法國興業,2024-04-30,1570
1453,大將,182,0,182,港商法國興業,2024-04-30,1570
4938,和碩,181,4,177,港商法國興業,2024-04-30,1570
6264,富裔,177,0,177,港商法國興業,2024-04-30,1570
1301,台塑,163,0,163,港商法國興業,2024-04-30,1570
2881,富邦金,415,286,129,港商法國興業,2024-04-30,1570
2851,中再保,125,0,125,港商法國興業,2024-04-30,1570
2006,東和鋼鐵,121,0,121,港商法國興業,2024-04-30,1570
2368,金像電,117,0,117,港商法國興業,2024-04-30,1570
3042,晶技,122,5,117,港商法國興業,2024-04-30,1570
2206,三陽工業,112,0,112,港商法國興業,2024-04-30,1570
2527,宏璟,111,0,111,港商法國興業,2024-04-30,1570
2458,義隆,107,0,107,港商法國興業,2024-04-30,1570
5534,長虹,124,19,105,港商法國興業,2024-04-30,1570
8110,華東,100,0,100,港商法國興業,2024-04-30,1570
3706,神達,99,0,99,港商法國興業,2024-04-30,1570
3703,欣陸,93,0,93,港商法國興業,2024-04-30,1570
5213,亞昕,83,0,83,港商法國興業,2024-04-30,1570
3413,京鼎,88,7,81,港商法國興業,2024-04-30,1570
6180,橘子,81,0,81,港商法國興業,2024-04-30,1570
2739,寒舍,74,0,74,港商法國興業,2024-04-30,1570
3596,智易,74,0,74,港商法國興業,2024-04-30,1570
8210,勤誠,70,0,70,港商法國興業,2024-04-30,1570
3010,華立,68,0,68,港商法國興業,2024-04-30,1570
2317,鴻海,2894,5,2889,港商法國興業,2024-05-02,1570
2501,國建,2152,0,2152,港商法國興業,2024-05-02,1570
2520,冠德,1635,0,1635,港商法國興業,2024-05-02,1570
2537,聯上發,937,0,937,港商法國興業,2024-05-02,1570
2882,國泰金,759,0,759,港商法國興業,2024-05-02,1570
2884,玉山金,760,20,740,港商法國興業,2024-05-02,1570
5508,永信建,727,0,727,港商法國興業,2024-05-02,1570
2889,國票金,702,0,702,港商法國興業,2024-05-02,1570
4915,致伸,683,0,683,港商法國興業,2024-05-02,1570
6278,台表科,602,10,592,港商法國興業,2024-05-02,1570
3287,廣寰科,536,0,536,港商法國興業,2024-05-02,1570
2890,永豐金,471,0,471,港商法國興業,2024-05-02,1570
6177,達麗,467,0,467,港商法國興業,2024-05-02,1570
2834,臺企銀,462,0,462,港商法國興業,2024-05-02,1570
1402,遠東新,460,0,460,港商法國興業,2024-05-02,1570
2344,華邦電,450,0,450,港商法國興業,2024-05-02,1570
2883,凱基金,625,189,436,港商法國興業,2024-05-02,1570
2536,宏普,433,0,433,港商法國興業,2024-05-02,1570
2330,台積電,408,0,408,港商法國興業,2024-05-02,1570
2880,華南金,408,0,408,港商法國興業,2024-05-02,1570
2545,皇翔,399,0,399,港商法國興業,2024-05-02,1570
9933,中鼎,393,0,393,港商法國興業,2024-05-02,1570
5347,世界,369,0,369,港商法國興業,2024-05-02,1570
2324,仁寶,368,11,357,港商法國興業,2024-05-02,1570
2527,宏璟,351,0,351,港商法國興業,2024-05-02,1570
9105,泰金寶-DR,325,0,325,港商法國興業,2024-05-02,1570
2739,寒舍,320,0,320,港商法國興業,2024-05-02,1570
2427,三商電,306,0,306,港商法國興業,2024-05-02,1570
1503,士電,297,0,297,港商法國興業,2024-05-02,1570
3060,銘異,297,0,297,港商法國興業,2024-05-02,1570
2442,新美齊,263,0,263,港商法國興業,2024-05-02,1570
2609,陽明,255,0,255,港商法國興業,2024-05-02,1570
1453,大將,251,0,251,港商法國興業,2024-05-02,1570
2393,億光,221,0,221,港商法國興業,2024-05-02,1570
2489,瑞軒,218,0,218,港商法國興業,2024-05-02,1570
3017,奇鋐,227,15,212,港商法國興業,2024-05-02,1570
8112,至上,187,0,187,港商法國興業,2024-05-02,1570
5534,長虹,174,0,174,港商法國興業,2024-05-02,1570
2891,中信金,175,7,168,港商法國興業,2024-05-02,1570
2377,微星,164,0,164,港商法國興業,2024-05-02,1570
1736,喬山,149,0,149,港商法國興業,2024-05-02,1570
4760,勤凱,149,0,149,港商法國興業,2024-05-02,1570
8110,華東,148,0,148,港商法國興業,2024-05-02,1570
6415,矽力*-KY,205,58,147,港商法國興業,2024-05-02,1570
2006,東和鋼鐵,130,0,130,港商法國興業,2024-05-02,1570
4938,和碩,128,0,128,港商法國興業,2024-05-02,1570
2454,聯發科,125,0,125,港商法國興業,2024-05-02,1570
3707,漢磊,124,0,124,港商法國興業,2024-05-02,1570
1442,名軒,122,0,122,港商法國興業,2024-05-02,1570
6257,矽格,118,0,118,港商法國興業,2024-05-02,1570
2317,鴻海,2500,0,2500,港商法國興業,2024-05-03,1570
2501,國建,2250,0,2250,港商法國興業,2024-05-03,1570
2545,皇翔,868,0,868,港商法國興業,2024-05-03,1570
1532,勤美,734,0,734,港商法國興業,2024-05-03,1570
2882,國泰金,701,0,701,港商法國興業,2024-05-03,1570
2527,宏璟,642,0,642,港商法國興業,2024-05-03,1570
2889,國票金,623,0,623,港商法國興業,2024-05-03,1570
2884,玉山金,556,0,556,港商法國興業,2024-05-03,1570
2618,長榮航,544,60,484,港商法國興業,2024-05-03,1570
2308,台達電,469,0,469,港商法國興業,2024-05-03,1570
2520,冠德,466,0,466,港商法國興業,2024-05-03,1570
6278,台表科,406,0,406,港商法國興業,2024-05-03,1570
9933,中鼎,400,0,400,港商法國興業,2024-05-03,1570
5519,隆大,347,0,347,港商法國興業,2024-05-03,1570
1402,遠東新,315,0,315,港商法國興業,2024-05-03,1570
2536,宏普,277,0,277,港商法國興業,2024-05-03,1570
8121,越峰,274,0,274,港商法國興業,2024-05-03,1570
5534,長虹,264,0,264,港商法國興業,2024-05-03,1570
2330,台積電,251,6,245,港商法國興業,2024-05-03,1570
3481,群創,244,0,244,港商法國興業,2024-05-03,1570
2489,瑞軒,224,0,224,港商法國興業,2024-05-03,1570
1442,名軒,222,0,222,港商法國興業,2024-05-03,1570
2393,億光,213,0,213,港商法國興業,2024-05-03,1570
5508,永信建,207,0,207,港商法國興業,2024-05-03,1570
6180,橘子,205,0,205,港商法國興業,2024-05-03,1570
1453,大將,200,0,200,港商法國興業,2024-05-03,1570
2739,寒舍,192,0,192,港商法國興業,2024-05-03,1570
2472,立隆電,191,0,191,港商法國興業,2024-05-03,1570
8112,至上,166,0,166,港商法國興業,2024-05-03,1570
6283,淳安,161,0,161,港商法國興業,2024-05-03,1570
2406,國碩,159,0,159,港商法國興業,2024-05-03,1570
2374,佳能,147,0,147,港商法國興業,2024-05-03,1570
2442,新美齊,147,0,147,港商法國興業,2024-05-03,1570
9105,泰金寶-DR,141,0,141,港商法國興業,2024-05-03,1570
1409,新纖,135,0,135,港商法國興業,2024-05-03,1570
2881,富邦金,134,0,134,港商法國興業,2024-05-03,1570
8150,南茂,133,0,133,港商法國興業,2024-05-03,1570
3060,銘異,130,0,130,港商法國興業,2024-05-03,1570
6257,矽格,145,20,125,港商法國興業,2024-05-03,1570
2427,三商電,124,0,124,港商法國興業,2024-05-03,1570
1515,力山,121,0,121,港商法國興業,2024-05-03,1570
2206,三陽工業,118,0,118,港商法國興業,2024-05-03,1570
4938,和碩,113,0,113,港商法國興業,2024-05-03,1570
1710,東聯,111,0,111,港商法國興業,2024-05-03,1570
3583,辛耘,113,4,109,港商法國興業,2024-05-03,1570
9938,百和,109,0,109,港商法國興業,2024-05-03,1570
2006,東和鋼鐵,105,0,105,港商法國興業,2024-05-03,1570
2377,微星,103,0,103,港商法國興業,2024-05-03,1570
2514,龍邦,102,0,102,港商法國興業,2024-05-03,1570
6770,力積電,102,0,102,港商法國興業,2024-05-03,1570
2317,鴻海,3496,0,3496,港商法國興業,2024-05-06,1570
2520,冠德,1997,0,1997,港商法國興業,2024-05-06,1570
2801,彰銀,1774,0,1774,港商法國興業,2024-05-06,1570
2618,長榮航,1138,12,1126,港商法國興業,2024-05-06,1570
2543,皇昌,697,0,697,港商法國興業,2024-05-06,1570
2884,玉山金,652,18,634,港商法國興業,2024-05-06,1570
2881,富邦金,560,0,560,港商法國興業,2024-05-06,1570
2393,億光,456,0,456,港商法國興業,2024-05-06,1570
2545,皇翔,420,0,420,港商法國興業,2024-05-06,1570
2855,統一證,395,0,395,港商法國興業,2024-05-06,1570
2603,長榮,366,0,366,港商法國興業,2024-05-06,1570
9904,寶成,343,1,342,港商法國興業,2024-05-06,1570
2851,中再保,323,0,323,港商法國興業,2024-05-06,1570
1402,遠東新,327,18,309,港商法國興業,2024-05-06,1570
2527,宏璟,258,0,258,港商法國興業,2024-05-06,1570
6278,台表科,257,0,257,港商法國興業,2024-05-06,1570
6449,鈺邦,221,0,221,港商法國興業,2024-05-06,1570
2606,裕民,235,17,218,港商法國興業,2024-05-06,1570
2880,華南金,218,0,218,港商法國興業,2024-05-06,1570
1442,名軒,203,0,203,港商法國興業,2024-05-06,1570
2637,慧洋-KY,198,0,198,港商法國興業,2024-05-06,1570
2323,中環,194,0,194,港商法國興業,2024-05-06,1570
2406,國碩,192,0,192,港商法國興業,2024-05-06,1570
8121,越峰,181,0,181,港商法國興業,2024-05-06,1570
6180,橘子,175,0,175,港商法國興業,2024-05-06,1570
3036,文曄,170,1,169,港商法國興業,2024-05-06,1570
1409,新纖,166,0,166,港商法國興業,2024-05-06,1570
2377,微星,162,5,157,港商法國興業,2024-05-06,1570
3051,力特,151,0,151,港商法國興業,2024-05-06,1570
1446,宏和,149,0,149,港商法國興業,2024-05-06,1570
4938,和碩,149,0,149,港商法國興業,2024-05-06,1570
2472,立隆電,146,0,146,港商法國興業,2024-05-06,1570
2739,寒舍,139,0,139,港商法國興業,2024-05-06,1570
5534,長虹,122,0,122,港商法國興業,2024-05-06,1570
2530,華建,110,0,110,港商法國興業,2024-05-06,1570
1503,士電,106,0,106,港商法國興業,2024-05-06,1570
2886,兆豐金,104,0,104,港商法國興業,2024-05-06,1570
2442,新美齊,99,0,99,港商法國興業,2024-05-06,1570
1457,宜進,98,0,98,港商法國興業,2024-05-06,1570
9105,泰金寶-DR,94,0,94,港商法國興業,2024-05-06,1570
2536,宏普,91,0,91,港商法國興業,2024-05-06,1570
5457,宣德,91,0,91,港商法國興業,2024-05-06,1570
2489,瑞軒,89,0,89,港商法國興業,2024-05-06,1570
8940,新天地,80,0,80,港商法國興業,2024-05-06,1570
2392,正崴,78,0,78,港商法國興業,2024-05-06,1570
2514,龍邦,71,0,71,港商法國興業,2024-05-06,1570
6177,達麗,71,0,71,港商法國興業,2024-05-06,1570
5213,亞昕,70,0,70,港商法國興業,2024-05-06,1570
6283,淳安,67,0,67,港商法國興業,2024-05-06,1570
3010,華立,65,0,65,港商法國興業,2024-05-06,1570
2618,長榮航,3204,0,3204,港商法國興業,2024-05-07,1570
2520,冠德,1596,0,1596,港商法國興業,2024-05-07,1570
1582,信錦,928,0,928,港商法國興業,2024-05-07,1570
6177,達麗,900,0,900,港商法國興業,2024-05-07,1570
2881,富邦金,832,1,831,港商法國興業,2024-05-07,1570
2317,鴻海,766,11,755,港商法國興業,2024-05-07,1570
2801,彰銀,744,0,744,港商法國興業,2024-05-07,1570
8112,至上,568,0,568,港商法國興業,2024-05-07,1570
2884,玉山金,677,135,542,港商法國興業,2024-05-07,1570
2882,國泰金,471,30,441,港商法國興業,2024-05-07,1570
2889,國票金,432,0,432,港商法國興業,2024-05-07,1570
2393,億光,422,0,422,港商法國興業,2024-05-07,1570
9105,泰金寶-DR,410,0,410,港商法國興業,2024-05-07,1570
2883,凱基金,364,0,364,港商法國興業,2024-05-07,1570
9904,寶成,336,0,336,港商法國興業,2024-05-07,1570
1402,遠東新,330,5,325,港商法國興業,2024-05-07,1570
6278,台表科,309,0,309,港商法國興業,2024-05-07,1570
2377,微星,308,0,308,港商法國興業,2024-05-07,1570
2524,京城,280,0,280,港商法國興業,2024-05-07,1570
5534,長虹,246,0,246,港商法國興業,2024-05-07,1570
2890,永豐金,262,29,233,港商法國興業,2024-05-07,1570
2834,臺企銀,212,0,212,港商法國興業,2024-05-07,1570
1303,南亞,207,0,207,港商法國興業,2024-05-07,1570
2489,瑞軒,197,0,197,港商法國興業,2024-05-07,1570
2855,統一證,191,0,191,港商法國興業,2024-05-07,1570
3036,文曄,189,0,189,港商法國興業,2024-05-07,1570
2442,新美齊,188,0,188,港商法國興業,2024-05-07,1570
1409,新纖,187,0,187,港商法國興業,2024-05-07,1570
2536,宏普,186,0,186,港商法國興業,2024-05-07,1570
2880,華南金,192,7,185,港商法國興業,2024-05-07,1570
2527,宏璟,184,0,184,港商法國興業,2024-05-07,1570
2472,立隆電,176,0,176,港商法國興業,2024-05-07,1570
2006,東和鋼鐵,172,0,172,港商法國興業,2024-05-07,1570
2228,劍麟,163,0,163,港商法國興業,2024-05-07,1570
2392,正崴,145,0,145,港商法國興業,2024-05-07,1570
3491,昇達科,123,0,123,港商法國興業,2024-05-07,1570
1326,台化,119,0,119,港商法國興業,2024-05-07,1570
1532,勤美,111,0,111,港商法國興業,2024-05-07,1570
1442,名軒,111,0,111,港商法國興業,2024-05-07,1570
3060,銘異,109,0,109,港商法國興業,2024-05-07,1570
3714,富采,109,0,109,港商法國興業,2024-05-07,1570
2838,聯邦銀,107,0,107,港商法國興業,2024-05-07,1570
4967,十銓,107,0,107,港商法國興業,2024-05-07,1570
1457,宜進,104,0,104,港商法國興業,2024-05-07,1570
4938,和碩,103,0,103,港商法國興業,2024-05-07,1570
2606,裕民,135,35,100,港商法國興業,2024-05-07,1570
2514,龍邦,95,0,95,港商法國興業,2024-05-07,1570
2332,友訊,93,0,93,港商法國興業,2024-05-07,1570
6257,矽格,92,0,92,港商法國興業,2024-05-07,1570
2630,亞航,90,0,90,港商法國興業,2024-05-07,1570
2317,鴻海,3219,40,3179,港商法國興業,2024-05-08,1570
2801,彰銀,775,0,775,港商法國興業,2024-05-08,1570
1101,台泥,761,0,761,港商法國興業,2024-05-08,1570
2890,永豐金,731,40,691,港商法國興業,2024-05-08,1570
3376,新日興,395,0,395,港商法國興業,2024-05-08,1570
6278,台表科,374,0,374,港商法國興業,2024-05-08,1570
2889,國票金,370,0,370,港商法國興業,2024-05-08,1570
2393,億光,366,0,366,港商法國興業,2024-05-08,1570
9933,中鼎,337,11,326,港商法國興業,2024-05-08,1570
9105,泰金寶-DR,321,0,321,港商法國興業,2024-05-08,1570
2884,玉山金,384,70,314,港商法國興業,2024-05-08,1570
2377,微星,298,0,298,港商法國興業,2024-05-08,1570
2851,中再保,297,0,297,港商法國興業,2024-05-08,1570
2606,裕民,289,0,289,港商法國興業,2024-05-08,1570
2834,臺企銀,283,0,283,港商法國興業,2024-05-08,1570
2634,漢翔,279,0,279,港商法國興業,2024-05-08,1570
2883,凱基金,272,0,272,港商法國興業,2024-05-08,1570
2520,冠德,268,0,268,港商法國興業,2024-05-08,1570
2313,華通,266,5,261,港商法國興業,2024-05-08,1570
2855,統一證,239,0,239,港商法國興業,2024-05-08,1570
6177,達麗,186,0,186,港商法國興業,2024-05-08,1570
2618,長榮航,203,22,181,港商法國興業,2024-05-08,1570
2345,智邦,161,0,161,港商法國興業,2024-05-08,1570
8070,長華*,155,0,155,港商法國興業,2024-05-08,1570
2617,台航,154,0,154,港商法國興業,2024-05-08,1570
2511,太子,151,0,151,港商法國興業,2024-05-08,1570
5534,長虹,148,0,148,港商法國興業,2024-05-08,1570
1409,新纖,147,0,147,港商法國興業,2024-05-08,1570
3042,晶技,133,0,133,港商法國興業,2024-05-08,1570
6257,矽格,150,19,131,港商法國興業,2024-05-08,1570
6180,橘子,124,0,124,港商法國興業,2024-05-08,1570
2458,義隆,130,9,121,港商法國興業,2024-05-08,1570
2610,華航,150,30,120,港商法國興業,2024-05-08,1570
3010,華立,115,0,115,港商法國興業,2024-05-08,1570
2006,東和鋼鐵,140,30,110,港商法國興業,2024-05-08,1570
3583,辛耘,95,0,95,港商法國興業,2024-05-08,1570
2886,兆豐金,149,56,93,港商法國興業,2024-05-08,1570
3703,欣陸,93,0,93,港商法國興業,2024-05-08,1570
3356,奇偶,92,0,92,港商法國興業,2024-05-08,1570
2442,新美齊,90,0,90,港商法國興業,2024-05-08,1570
3017,奇鋐,100,17,83,港商法國興業,2024-05-08,1570
1815,富喬,82,0,82,港商法國興業,2024-05-08,1570
3491,昇達科,79,0,79,港商法國興業,2024-05-08,1570
4915,致伸,85,8,77,港商法國興業,2024-05-08,1570
9921,巨大,75,0,75,港商法國興業,2024-05-08,1570
5434,崇越,70,0,70,港商法國興業,2024-05-08,1570
6768,志強-KY,70,0,70,港商法國興業,2024-05-08,1570
4938,和碩,69,0,69,港商法國興業,2024-05-08,1570
1218,泰山,68,0,68,港商法國興業,2024-05-08,1570
2354,鴻準,66,0,66,港商法國興業,2024-05-08,1570
2317,鴻海,3031,6,3025,港商法國興業,2024-05-09,1570
2324,仁寶,1238,0,1238,港商法國興業,2024-05-09,1570
2489,瑞軒,770,0,770,港商法國興業,2024-05-09,1570
3376,新日興,634,0,634,港商法國興業,2024-05-09,1570
2427,三商電,600,0,600,港商法國興業,2024-05-09,1570
2382,廣達,582,0,582,港商法國興業,2024-05-09,1570
2885,元大金,486,0,486,港商法國興業,2024-05-09,1570
9105,泰金寶-DR,389,0,389,港商法國興業,2024-05-09,1570
2884,玉山金,383,7,376,港商法國興業,2024-05-09,1570
4938,和碩,373,0,373,港商法國興業,2024-05-09,1570
3491,昇達科,283,0,283,港商法國興業,2024-05-09,1570
6278,台表科,275,0,275,港商法國興業,2024-05-09,1570
2801,彰銀,267,0,267,港商法國興業,2024-05-09,1570
2520,冠德,242,0,242,港商法國興業,2024-05-09,1570
2617,台航,237,0,237,港商法國興業,2024-05-09,1570
1409,新纖,211,0,211,港商法國興業,2024-05-09,1570
2313,華通,211,3,208,港商法國興業,2024-05-09,1570
6177,達麗,208,0,208,港商法國興業,2024-05-09,1570
9933,中鼎,207,0,207,港商法國興業,2024-05-09,1570
3036,文曄,205,0,205,港商法國興業,2024-05-09,1570
1515,力山,201,0,201,港商法國興業,2024-05-09,1570
2610,華航,200,0,200,港商法國興業,2024-05-09,1570
4542,科嶠,179,0,179,港商法國興業,2024-05-09,1570
1524,耿鼎,165,0,165,港商法國興業,2024-05-09,1570
2890,永豐金,161,0,161,港商法國興業,2024-05-09,1570
1503,士電,153,0,153,港商法國興業,2024-05-09,1570
2472,立隆電,142,0,142,港商法國興業,2024-05-09,1570
2630,亞航,137,0,137,港商法國興業,2024-05-09,1570
2527,宏璟,134,0,134,港商法國興業,2024-05-09,1570
2393,億光,126,0,126,港商法國興業,2024-05-09,1570
6670,復盛應用,125,0,125,港商法國興業,2024-05-09,1570
1446,宏和,123,0,123,港商法國興業,2024-05-09,1570
2377,微星,115,0,115,港商法國興業,2024-05-09,1570
3583,辛耘,106,0,106,港商法國興業,2024-05-09,1570
5457,宣德,106,0,106,港商法國興業,2024-05-09,1570
3060,銘異,96,0,96,港商法國興業,2024-05-09,1570
3481,群創,93,0,93,港商法國興業,2024-05-09,1570
2357,華碩,100,8,92,港商法國興業,2024-05-09,1570
3050,鈺德,84,0,84,港商法國興業,2024-05-09,1570
6180,橘子,81,0,81,港商法國興業,2024-05-09,1570
2387,精元,80,1,79,港商法國興業,2024-05-09,1570
1612,宏泰,76,0,76,港商法國興業,2024-05-09,1570
5443,均豪,75,0,75,港商法國興業,2024-05-09,1570
6768,志強-KY,75,0,75,港商法國興業,2024-05-09,1570
3708,上緯投控,73,0,73,港商法國興業,2024-05-09,1570
2308,台達電,68,0,68,港商法國興業,2024-05-09,1570
1522,堤維西,68,0,68,港商法國興業,2024-05-09,1570
2476,鉅祥,66,0,66,港商法國興業,2024-05-09,1570
2530,華建,64,0,64,港商法國興業,2024-05-09,1570
8213,志超,64,0,64,港商法國興業,2024-05-09,1570
2382,廣達,949,0,949,港商法國興業,2024-05-10,1570
4938,和碩,643,0,643,港商法國興業,2024-05-10,1570
2313,華通,557,0,557,港商法國興業,2024-05-10,1570
2324,仁寶,551,0,551,港商法國興業,2024-05-10,1570
3356,奇偶,558,7,551,港商法國興業,2024-05-10,1570
2317,鴻海,491,1,490,港商法國興業,2024-05-10,1570
2303,聯電,467,0,467,港商法國興業,2024-05-10,1570
3339,泰谷,464,0,464,港商法國興業,2024-05-10,1570
3044,健鼎,456,5,451,港商法國興業,2024-05-10,1570
2834,臺企銀,442,0,442,港商法國興業,2024-05-10,1570
3706,神達,495,83,412,港商法國興業,2024-05-10,1570
2476,鉅祥,328,0,328,港商法國興業,2024-05-10,1570
6274,台燿,312,0,312,港商法國興業,2024-05-10,1570
2520,冠德,307,25,282,港商法國興業,2024-05-10,1570
3105,穩懋,281,1,280,港商法國興業,2024-05-10,1570
1409,新纖,258,0,258,港商法國興業,2024-05-10,1570
1708,東鹼,250,0,250,港商法國興業,2024-05-10,1570
1446,宏和,249,0,249,港商法國興業,2024-05-10,1570
3036,文曄,198,0,198,港商法國興業,2024-05-10,1570
6177,達麗,195,0,195,港商法國興業,2024-05-10,1570
2883,凱基金,193,0,193,港商法國興業,2024-05-10,1570
2801,彰銀,275,95,180,港商法國興業,2024-05-10,1570
2812,台中銀,173,0,173,港商法國興業,2024-05-10,1570
6670,復盛應用,171,0,171,港商法國興業,2024-05-10,1570
2377,微星,162,0,162,港商法國興業,2024-05-10,1570
2427,三商電,151,0,151,港商法國興業,2024-05-10,1570
2610,華航,151,0,151,港商法國興業,2024-05-10,1570
2454,聯發科,142,0,142,港商法國興業,2024-05-10,1570
2527,宏璟,121,0,121,港商法國興業,2024-05-10,1570
9105,泰金寶-DR,115,0,115,港商法國興業,2024-05-10,1570
2884,玉山金,114,0,114,港商法國興業,2024-05-10,1570
1473,台南,110,0,110,港商法國興業,2024-05-10,1570
2489,瑞軒,105,0,105,港商法國興業,2024-05-10,1570
2515,中工,100,0,100,港商法國興業,2024-05-10,1570
2392,正崴,97,0,97,港商法國興業,2024-05-10,1570
2881,富邦金,97,1,96,港商法國興業,2024-05-10,1570
8039,台虹,91,0,91,港商法國興業,2024-05-10,1570
5519,隆大,90,0,90,港商法國興業,2024-05-10,1570
9945,潤泰新,88,0,88,港商法國興業,2024-05-10,1570
1611,中電,87,0,87,港商法國興業,2024-05-10,1570
9921,巨大,83,0,83,港商法國興業,2024-05-10,1570
3708,上緯投控,82,0,82,港商法國興業,2024-05-10,1570
2308,台達電,81,0,81,港商法國興業,2024-05-10,1570
3557,嘉威,81,0,81,港商法國興業,2024-05-10,1570
5340,建榮,80,0,80,港商法國興業,2024-05-10,1570
1102,亞泥,79,0,79,港商法國興業,2024-05-10,1570
2345,智邦,77,0,77,港商法國興業,2024-05-10,1570
2009,第一銅,75,0,75,港商法國興業,2024-05-10,1570
2472,立隆電,74,0,74,港商法國興業,2024-05-10,1570
2882,國泰金,114,40,74,港商法國興業,2024-05-10,1570
2609,陽明,8637,0,8637,港商法國興業,2024-05-13,1570
2605,新興,754,0,754,港商法國興業,2024-05-13,1570
2330,台積電,623,4,619,港商法國興業,2024-05-13,1570
2615,萬海,605,6,599,港商法國興業,2024-05-13,1570
2303,聯電,499,0,499,港商法國興業,2024-05-13,1570
2406,國碩,461,0,461,港商法國興業,2024-05-13,1570
9921,巨大,322,0,322,港商法國興業,2024-05-13,1570
1447,力鵬,303,0,303,港商法國興業,2024-05-13,1570
2317,鴻海,588,303,285,港商法國興業,2024-05-13,1570
2476,鉅祥,232,0,232,港商法國興業,2024-05-13,1570
1467,南緯,187,0,187,港商法國興業,2024-05-13,1570
2801,彰銀,189,3,186,港商法國興業,2024-05-13,1570
2382,廣達,180,1,179,港商法國興業,2024-05-13,1570
3060,銘異,173,0,173,港商法國興業,2024-05-13,1570
3024,憶聲,172,0,172,港商法國興業,2024-05-13,1570
2377,微星,165,0,165,港商法國興業,2024-05-13,1570
4960,誠美材,158,0,158,港商法國興業,2024-05-13,1570
3356,奇偶,151,0,151,港商法國興業,2024-05-13,1570
2454,聯發科,145,0,145,港商法國興業,2024-05-13,1570
2392,正崴,141,0,141,港商法國興業,2024-05-13,1570
3605,宏致,139,0,139,港商法國興業,2024-05-13,1570
9105,泰金寶-DR,152,13,139,港商法國興業,2024-05-13,1570
2545,皇翔,138,0,138,港商法國興業,2024-05-13,1570
1409,新纖,130,0,130,港商法國興業,2024-05-13,1570
2601,益航,117,0,117,港商法國興業,2024-05-13,1570
4167,松瑞藥,114,0,114,港商法國興業,2024-05-13,1570
1446,宏和,110,0,110,港商法國興業,2024-05-13,1570
2610,華航,110,0,110,港商法國興業,2024-05-13,1570
9938,百和,106,0,106,港商法國興業,2024-05-13,1570
2312,金寶,100,0,100,港商法國興業,2024-05-13,1570
2882,國泰金,116,20,96,港商法國興業,2024-05-13,1570
6670,復盛應用,96,0,96,港商法國興業,2024-05-13,1570
1718,中纖,80,0,80,港商法國興業,2024-05-13,1570
2527,宏璟,75,0,75,港商法國興業,2024-05-13,1570
5871,中租-KY,71,0,71,港商法國興業,2024-05-13,1570
2324,仁寶,66,0,66,港商法國興業,2024-05-13,1570
2362,藍天,64,0,64,港商法國興業,2024-05-13,1570
1307,三芳,62,0,62,港商法國興業,2024-05-13,1570
3430,奇鈦科,62,0,62,港商法國興業,2024-05-13,1570
2607,榮運,58,0,58,港商法國興業,2024-05-13,1570
3105,穩懋,58,0,58,港商法國興業,2024-05-13,1570
2009,第一銅,57,0,57,港商法國興業,2024-05-13,1570
3289,宜特,56,0,56,港商法國興業,2024-05-13,1570
2603,長榮,54,0,54,港商法國興業,2024-05-13,1570
3049,精金,52,0,52,港商法國興業,2024-05-13,1570
2511,太子,50,0,50,港商法國興業,2024-05-13,1570
6180,橘子,49,0,49,港商法國興業,2024-05-13,1570
1216,統一,48,0,48,港商法國興業,2024-05-13,1570
4113,聯上,47,0,47,港商法國興業,2024-05-13,1570
3557,嘉威,43,0,43,港商法國興業,2024-05-13,1570
2609,陽明,13035,0,13035,港商法國興業,2024-05-14,1570
2603,長榮,2459,13,2446,港商法國興業,2024-05-14,1570
2605,新興,2208,0,2208,港商法國興業,2024-05-14,1570
2615,萬海,2040,0,2040,港商法國興業,2024-05-14,1570
2382,廣達,1420,0,1420,港商法國興業,2024-05-14,1570
1522,堤維西,380,0,380,港商法國興業,2024-05-14,1570
2303,聯電,363,0,363,港商法國興業,2024-05-14,1570
2476,鉅祥,352,0,352,港商法國興業,2024-05-14,1570
2357,華碩,341,0,341,港商法國興業,2024-05-14,1570
2330,台積電,320,8,312,港商法國興業,2024-05-14,1570
2377,微星,280,0,280,港商法國興業,2024-05-14,1570
9958,世紀鋼,232,0,232,港商法國興業,2024-05-14,1570
3036,文曄,212,0,212,港商法國興業,2024-05-14,1570
5880,合庫金,188,0,188,港商法國興業,2024-05-14,1570
2392,正崴,181,0,181,港商法國興業,2024-05-14,1570
2009,第一銅,171,0,171,港商法國興業,2024-05-14,1570
1722,台肥,162,0,162,港商法國興業,2024-05-14,1570
2374,佳能,159,0,159,港商法國興業,2024-05-14,1570
3605,宏致,154,0,154,港商法國興業,2024-05-14,1570
2406,國碩,144,0,144,港商法國興業,2024-05-14,1570
5534,長虹,142,0,142,港商法國興業,2024-05-14,1570
2880,華南金,602,463,139,港商法國興業,2024-05-14,1570
2834,臺企銀,124,0,124,港商法國興業,2024-05-14,1570
9914,美利達,117,0,117,港商法國興業,2024-05-14,1570
9921,巨大,119,3,116,港商法國興業,2024-05-14,1570
6180,橘子,109,0,109,港商法國興業,2024-05-14,1570
5871,中租-KY,102,0,102,港商法國興業,2024-05-14,1570
3708,上緯投控,101,7,94,港商法國興業,2024-05-14,1570
2881,富邦金,93,0,93,港商法國興業,2024-05-14,1570
3044,健鼎,83,0,83,港商法國興業,2024-05-14,1570
5457,宣德,82,0,82,港商法國興業,2024-05-14,1570
2454,聯發科,81,0,81,港商法國興業,2024-05-14,1570
2337,旺宏,80,0,80,港商法國興業,2024-05-14,1570
2489,瑞軒,79,0,79,港商法國興業,2024-05-14,1570
2352,佳世達,75,0,75,港商法國興業,2024-05-14,1570
1603,華電,71,0,71,港商法國興業,2024-05-14,1570
1446,宏和,68,0,68,港商法國興業,2024-05-14,1570
3050,鈺德,63,0,63,港商法國興業,2024-05-14,1570
6446,藥華藥,60,0,60,港商法國興業,2024-05-14,1570
3380,明泰,55,0,55,港商法國興業,2024-05-14,1570
3024,憶聲,53,0,53,港商法國興業,2024-05-14,1570
6753,龍德造船,51,0,51,港商法國興業,2024-05-14,1570
1563,巧新,50,0,50,港商法國興業,2024-05-14,1570
5443,均豪,50,0,50,港商法國興業,2024-05-14,1570
2371,大同,46,0,46,港商法國興業,2024-05-14,1570
2467,志聖,45,0,45,港商法國興業,2024-05-14,1570
6442,光聖,44,0,44,港商法國興業,2024-05-14,1570
9938,百和,44,0,44,港商法國興業,2024-05-14,1570
2545,皇翔,43,0,43,港商法國興業,2024-05-14,1570
1447,力鵬,41,0,41,港商法國興業,2024-05-14,1570
2609,陽明,10071,1,10070,港商法國興業,2024-05-15,1570
2367,燿華,4442,0,4442,港商法國興業,2024-05-15,1570
2618,長榮航,2987,0,2987,港商法國興業,2024-05-15,1570
2615,萬海,2006,0,2006,港商法國興業,2024-05-15,1570
2476,鉅祥,734,15,719,港商法國興業,2024-05-15,1570
6753,龍德造船,699,0,699,港商法國興業,2024-05-15,1570
2382,廣達,531,0,531,港商法國興業,2024-05-15,1570
2884,玉山金,502,0,502,港商法國興業,2024-05-15,1570
2605,新興,532,50,482,港商法國興業,2024-05-15,1570
2392,正崴,335,0,335,港商法國興業,2024-05-15,1570
3060,銘異,330,0,330,港商法國興業,2024-05-15,1570
2489,瑞軒,232,0,232,港商法國興業,2024-05-15,1570
2357,華碩,211,0,211,港商法國興業,2024-05-15,1570
2371,大同,198,0,198,港商法國興業,2024-05-15,1570
2409,友達,191,0,191,港商法國興業,2024-05-15,1570
2881,富邦金,187,0,187,港商法國興業,2024-05-15,1570
2362,藍天,185,0,185,港商法國興業,2024-05-15,1570
3035,智原,164,0,164,港商法國興業,2024-05-15,1570
1402,遠東新,148,5,143,港商法國興業,2024-05-15,1570
2379,瑞昱,147,10,137,港商法國興業,2024-05-15,1570
6180,橘子,135,0,135,港商法國興業,2024-05-15,1570
5534,長虹,125,0,125,港商法國興業,2024-05-15,1570
1446,宏和,116,0,116,港商法國興業,2024-05-15,1570
3406,玉晶光,116,0,116,港商法國興業,2024-05-15,1570
2603,長榮,124,17,107,港商法國興業,2024-05-15,1570
2467,志聖,104,0,104,港商法國興業,2024-05-15,1570
2412,中華電,100,0,100,港商法國興業,2024-05-15,1570
1101,台泥,86,0,86,港商法國興業,2024-05-15,1570
6442,光聖,86,0,86,港商法國興業,2024-05-15,1570
2393,億光,82,0,82,港商法國興業,2024-05-15,1570
4763,材料-KY,73,0,73,港商法國興業,2024-05-15,1570
2538,基泰,67,0,67,港商法國興業,2024-05-15,1570
2634,漢翔,67,0,67,港商法國興業,2024-05-15,1570
4542,科嶠,67,0,67,港商法國興業,2024-05-15,1570
5522,遠雄,66,0,66,港商法國興業,2024-05-15,1570
9958,世紀鋼,63,5,58,港商法國興業,2024-05-15,1570
1815,富喬,57,0,57,港商法國興業,2024-05-15,1570
4167,松瑞藥,53,0,53,港商法國興業,2024-05-15,1570
5443,均豪,52,0,52,港商法國興業,2024-05-15,1570
3380,明泰,51,0,51,港商法國興業,2024-05-15,1570
2374,佳能,50,0,50,港商法國興業,2024-05-15,1570
2330,台積電,60,12,48,港商法國興業,2024-05-15,1570
2308,台達電,47,0,47,港商法國興業,2024-05-15,1570
2601,益航,45,0,45,港商法國興業,2024-05-15,1570
6770,力積電,45,0,45,港商法國興業,2024-05-15,1570
2545,皇翔,44,0,44,港商法國興業,2024-05-15,1570
5009,榮剛,44,0,44,港商法國興業,2024-05-15,1570
1522,堤維西,41,0,41,港商法國興業,2024-05-15,1570
2610,華航,41,0,41,港商法國興業,2024-05-15,1570
6727,亞泰金屬,41,0,41,港商法國興業,2024-05-15,1570
2609,陽明,11982,0,11982,港商法國興業,2024-05-16,1570
2618,長榮航,1941,0,1941,港商法國興業,2024-05-16,1570
2615,萬海,1078,0,1078,港商法國興業,2024-05-16,1570
2362,藍天,1008,0,1008,港商法國興業,2024-05-16,1570
6005,群益證,901,0,901,港商法國興業,2024-05-16,1570
2891,中信金,817,0,817,港商法國興業,2024-05-16,1570
9105,泰金寶-DR,612,0,612,港商法國興業,2024-05-16,1570
2489,瑞軒,581,0,581,港商法國興業,2024-05-16,1570
2610,華航,468,0,468,港商法國興業,2024-05-16,1570
3363,上詮,390,0,390,港商法國興業,2024-05-16,1570
2809,京城銀,368,0,368,港商法國興業,2024-05-16,1570
2605,新興,315,0,315,港商法國興業,2024-05-16,1570
2330,台積電,487,186,301,港商法國興業,2024-05-16,1570
2634,漢翔,287,0,287,港商法國興業,2024-05-16,1570
2027,大成鋼,260,0,260,港商法國興業,2024-05-16,1570
5876,上海商銀,252,0,252,港商法國興業,2024-05-16,1570
3450,聯鈞,251,0,251,港商法國興業,2024-05-16,1570
9904,寶成,242,0,242,港商法國興業,2024-05-16,1570
2382,廣達,242,10,232,港商法國興業,2024-05-16,1570
3711,日月光投控,228,0,228,港商法國興業,2024-05-16,1570
2855,統一證,218,0,218,港商法國興業,2024-05-16,1570
2313,華通,205,0,205,港商法國興業,2024-05-16,1570
6016,康和證,185,0,185,港商法國興業,2024-05-16,1570
2887,台新金,172,0,172,港商法國興業,2024-05-16,1570
3406,玉晶光,167,3,164,港商法國興業,2024-05-16,1570
2009,第一銅,160,0,160,港商法國興業,2024-05-16,1570
3305,昇貿,157,0,157,港商法國興業,2024-05-16,1570
2352,佳世達,149,0,149,港商法國興業,2024-05-16,1570
6456,GIS-KY,144,0,144,港商法國興業,2024-05-16,1570
2474,可成,137,0,137,港商法國興業,2024-05-16,1570
2393,億光,128,0,128,港商法國興業,2024-05-16,1570
3708,上緯投控,123,0,123,港商法國興業,2024-05-16,1570
2906,高林,118,0,118,港商法國興業,2024-05-16,1570
1101,台泥,115,0,115,港商法國興業,2024-05-16,1570
9945,潤泰新,110,0,110,港商法國興業,2024-05-16,1570
2014,中鴻,109,0,109,港商法國興業,2024-05-16,1570
1409,新纖,108,0,108,港商法國興業,2024-05-16,1570
2002,中鋼,108,0,108,港商法國興業,2024-05-16,1570
1722,台肥,108,0,108,港商法國興業,2024-05-16,1570
3024,憶聲,102,0,102,港商法國興業,2024-05-16,1570
2467,志聖,99,0,99,港商法國興業,2024-05-16,1570
3017,奇鋐,97,0,97,港商法國興業,2024-05-16,1570
2476,鉅祥,97,1,96,港商法國興業,2024-05-16,1570
2454,聯發科,69,0,69,港商法國興業,2024-05-16,1570
5009,榮剛,65,0,65,港商法國興業,2024-05-16,1570
2545,皇翔,62,0,62,港商法國興業,2024-05-16,1570
5347,世界,62,0,62,港商法國興業,2024-05-16,1570
2392,正崴,59,0,59,港商法國興業,2024-05-16,1570
6180,橘子,57,0,57,港商法國興業,2024-05-16,1570
2105,正新,55,0,55,港商法國興業,2024-05-16,1570
9904,寶成,447,0,447,港商法國興業,2024-05-17,1570
9945,潤泰新,386,0,386,港商法國興業,2024-05-17,1570
2352,佳世達,350,0,350,港商法國興業,2024-05-17,1570
2303,聯電,157,0,157,港商法國興業,2024-05-17,1570
6472,保瑞,148,0,148,港商法國興業,2024-05-17,1570
3450,聯鈞,145,0,145,港商法國興業,2024-05-17,1570
2301,光寶科,103,0,103,港商法國興業,2024-05-17,1570
2455,全新,90,0,90,港商法國興業,2024-05-17,1570
2371,大同,86,0,86,港商法國興業,2024-05-17,1570
4915,致伸,81,0,81,港商法國興業,2024-05-17,1570
5347,世界,63,0,63,港商法國興業,2024-05-17,1570
1102,亞泥,65,4,61,港商法國興業,2024-05-17,1570
4114,健喬,41,0,41,港商法國興業,2024-05-17,1570
1101,台泥,39,0,39,港商法國興業,2024-05-17,1570
2308,台達電,38,0,38,港商法國興業,2024-05-17,1570
2884,玉山金,110,76,34,港商法國興業,2024-05-17,1570
2332,友訊,23,0,23,港商法國興業,2024-05-17,1570
1712,興農,23,0,23,港商法國興業,2024-05-17,1570
2467,志聖,20,0,20,港商法國興業,2024-05-17,1570
2014,中鴻,19,0,19,港商法國興業,2024-05-17,1570
2601,益航,19,0,19,港商法國興業,2024-05-17,1570
3443,創意,19,0,19,港商法國興業,2024-05-17,1570
4167,松瑞藥,19,0,19,港商法國興業,2024-05-17,1570
3380,明泰,17,0,17,港商法國興業,2024-05-17,1570
2421,建準,14,0,14,港商法國興業,2024-05-17,1570
2360,致茂,13,0,13,港商法國興業,2024-05-17,1570
1612,宏泰,13,0,13,港商法國興業,2024-05-17,1570
1504,東元,12,0,12,港商法國興業,2024-05-17,1570
2409,友達,12,0,12,港商法國興業,2024-05-17,1570
1319,東陽,10,0,10,港商法國興業,2024-05-17,1570
6412,群電,10,0,10,港商法國興業,2024-05-17,1570
3045,台灣大,9,0,9,港商法國興業,2024-05-17,1570
8255,朋程,8,0,8,港商法國興業,2024-05-17,1570
2354,鴻準,6,0,6,港商法國興業,2024-05-17,1570
3059,華晶科,6,0,6,港商法國興業,2024-05-17,1570
2412,中華電,15,10,5,港商法國興業,2024-05-17,1570
3563,牧德,5,0,5,港商法國興業,2024-05-17,1570
5876,上海商銀,5,0,5,港商法國興業,2024-05-17,1570
2351,順德,4,0,4,港商法國興業,2024-05-17,1570
1305,華夏,4,0,4,港商法國興業,2024-05-17,1570
1108,幸福,4,0,4,港商法國興業,2024-05-17,1570
2105,正新,4,0,4,港商法國興業,2024-05-17,1570
2101,南港,4,0,4,港商法國興業,2024-05-17,1570
3711,日月光投控,4,0,4,港商法國興業,2024-05-17,1570
6446,藥華藥,4,0,4,港商法國興業,2024-05-17,1570
1723,中碳,3,0,3,港商法國興業,2024-05-17,1570
3680,家登,3,0,3,港商法國興業,2024-05-17,1570
4583,台灣精銳,3,0,3,港商法國興業,2024-05-17,1570
5289,宜鼎,3,0,3,港商法國興業,2024-05-17,1570
9939,宏全,3,0,3,港商法國興業,2024-05-17,1570
2352,佳世達,1687,0,1687,港商法國興業,2024-05-20,1570
2371,大同,247,0,247,港商法國興業,2024-05-20,1570
2301,光寶科,239,0,239,港商法國興業,2024-05-20,1570
9904,寶成,230,0,230,港商法國興業,2024-05-20,1570
1609,大亞,204,0,204,港商法國興業,2024-05-20,1570
2017,官田鋼,169,0,169,港商法國興業,2024-05-20,1570
2337,旺宏,110,0,110,港商法國興業,2024-05-20,1570
6016,康和證,107,0,107,港商法國興業,2024-05-20,1570
4938,和碩,139,42,97,港商法國興業,2024-05-20,1570
1612,宏泰,79,0,79,港商法國興業,2024-05-20,1570
6472,保瑞,74,0,74,港商法國興業,2024-05-20,1570
3380,明泰,68,0,68,港商法國興業,2024-05-20,1570
2308,台達電,66,1,65,港商法國興業,2024-05-20,1570
1605,華新,83,20,63,港商法國興業,2024-05-20,1570
6509,聚和,61,0,61,港商法國興業,2024-05-20,1570
2332,友訊,49,0,49,港商法國興業,2024-05-20,1570
6770,力積電,46,0,46,港商法國興業,2024-05-20,1570
5434,崇越,43,0,43,港商法國興業,2024-05-20,1570
2312,金寶,40,0,40,港商法國興業,2024-05-20,1570
3702,大聯大,63,24,39,港商法國興業,2024-05-20,1570
4164,承業醫,34,0,34,港商法國興業,2024-05-20,1570
5534,長虹,33,0,33,港商法國興業,2024-05-20,1570
6186,新潤,31,0,31,港商法國興業,2024-05-20,1570
6153,嘉聯益,25,0,25,港商法國興業,2024-05-20,1570
4968,立積,17,0,17,港商法國興業,2024-05-20,1570
9945,潤泰新,16,0,16,港商法國興業,2024-05-20,1570
2303,聯電,14,0,14,港商法國興業,2024-05-20,1570
2883,凱基金,14,0,14,港商法國興業,2024-05-20,1570
3037,欣興,13,0,13,港商法國興業,2024-05-20,1570
4119,旭富,13,0,13,港商法國興業,2024-05-20,1570
1712,興農,12,0,12,港商法國興業,2024-05-20,1570
2892,第一金,11,0,11,港商法國興業,2024-05-20,1570
3023,信邦,11,0,11,港商法國興業,2024-05-20,1570
2204,中華,10,0,10,港商法國興業,2024-05-20,1570
3714,富采,10,0,10,港商法國興業,2024-05-20,1570
8255,朋程,10,0,10,港商法國興業,2024-05-20,1570
3324,雙鴻,9,0,9,港商法國興業,2024-05-20,1570
5425,台半,9,0,9,港商法國興業,2024-05-20,1570
1101,台泥,8,0,8,港商法國興業,2024-05-20,1570
2882,國泰金,8,0,8,港商法國興業,2024-05-20,1570
2886,兆豐金,8,0,8,港商法國興業,2024-05-20,1570
2887,台新金,8,0,8,港商法國興業,2024-05-20,1570
2548,華固,7,0,7,港商法國興業,2024-05-20,1570
6664,群翊,7,0,7,港商法國興業,2024-05-20,1570
2412,中華電,7,1,6,港商法國興業,2024-05-20,1570
3045,台灣大,6,0,6,港商法國興業,2024-05-20,1570
1560,中砂,5,0,5,港商法國興業,2024-05-20,1570
5306,桂盟,5,0,5,港商法國興業,2024-05-20,1570
6446,藥華藥,5,0,5,港商法國興業,2024-05-20,1570
6712,長聖,4,0,4,港商法國興業,2024-05-20,1570
2354,鴻準,233,0,233,港商法國興業,2024-05-21,1570
2301,光寶科,219,0,219,港商法國興業,2024-05-21,1570
2371,大同,196,0,196,港商法國興業,2024-05-21,1570
1216,統一,107,0,107,港商法國興業,2024-05-21,1570
3037,欣興,53,0,53,港商法國興業,2024-05-21,1570
3376,新日興,46,2,44,港商法國興業,2024-05-21,1570
6016,康和證,44,0,44,港商法國興業,2024-05-21,1570
8112,至上,41,0,41,港商法國興業,2024-05-21,1570
2313,華通,40,0,40,港商法國興業,2024-05-21,1570
2601,益航,40,0,40,港商法國興業,2024-05-21,1570
6244,茂迪,34,0,34,港商法國興業,2024-05-21,1570
1723,中碳,31,0,31,港商法國興業,2024-05-21,1570
2615,萬海,28,0,28,港商法國興業,2024-05-21,1570
9945,潤泰新,28,0,28,港商法國興業,2024-05-21,1570
2352,佳世達,25,0,25,港商法國興業,2024-05-21,1570
5434,崇越,22,0,22,港商法國興業,2024-05-21,1570
2332,友訊,21,0,21,港商法國興業,2024-05-21,1570
3704,合勤控,21,0,21,港商法國興業,2024-05-21,1570
6509,聚和,21,0,21,港商法國興業,2024-05-21,1570
4114,健喬,19,0,19,港商法國興業,2024-05-21,1570
6415,矽力*-KY,18,0,18,港商法國興業,2024-05-21,1570
2455,全新,15,0,15,港商法國興業,2024-05-21,1570
6196,帆宣,13,0,13,港商法國興業,2024-05-21,1570
4119,旭富,12,0,12,港商法國興業,2024-05-21,1570
2308,台達電,27,16,11,港商法國興業,2024-05-21,1570
3706,神達,10,0,10,港商法國興業,2024-05-21,1570
5306,桂盟,10,0,10,港商法國興業,2024-05-21,1570
6186,新潤,9,0,9,港商法國興業,2024-05-21,1570
1905,華紙,8,0,8,港商法國興業,2024-05-21,1570
2913,農林,8,0,8,港商法國興業,2024-05-21,1570
4164,承業醫,8,0,8,港商法國興業,2024-05-21,1570
2404,漢唐,7,0,7,港商法國興業,2024-05-21,1570
1712,興農,7,0,7,港商法國興業,2024-05-21,1570
2505,國揚,7,0,7,港商法國興業,2024-05-21,1570
6446,藥華藥,7,0,7,港商法國興業,2024-05-21,1570
1612,宏泰,6,0,6,港商法國興業,2024-05-21,1570
4768,晶呈科技,6,0,6,港商法國興業,2024-05-21,1570
6469,大樹,6,0,6,港商法國興業,2024-05-21,1570
1308,亞聚,5,0,5,港商法國興業,2024-05-21,1570
2204,中華,5,0,5,港商法國興業,2024-05-21,1570
2880,華南金,4,0,4,港商法國興業,2024-05-21,1570
6146,耕興,4,0,4,港商法國興業,2024-05-21,1570
6414,樺漢,4,0,4,港商法國興業,2024-05-21,1570
3596,智易,3,0,3,港商法國興業,2024-05-21,1570
6472,保瑞,3,0,3,港商法國興業,2024-05-21,1570
8163,達方,3,0,3,港商法國興業,2024-05-21,1570
8926,台汽電,3,0,3,港商法國興業,2024-05-21,1570
2059,川湖,2,0,2,港商法國興業,2024-05-21,1570
5425,台半,2,0,2,港商法國興業,2024-05-21,1570
2338,光罩,1,0,1,港商法國興業,2024-05-21,1570
2382,廣達,557,0,557,港商法國興業,2024-05-22,1570
2609,陽明,225,0,225,港商法國興業,2024-05-22,1570
1402,遠東新,214,0,214,港商法國興業,2024-05-22,1570
2886,兆豐金,201,0,201,港商法國興業,2024-05-22,1570
2371,大同,174,0,174,港商法國興業,2024-05-22,1570
2376,技嘉,157,0,157,港商法國興業,2024-05-22,1570
1326,台化,150,0,150,港商法國興業,2024-05-22,1570
2881,富邦金,145,0,145,港商法國興業,2024-05-22,1570
1301,台塑,125,0,125,港商法國興業,2024-05-22,1570
2301,光寶科,67,0,67,港商法國興業,2024-05-22,1570
4958,臻鼎-KY,62,0,62,港商法國興業,2024-05-22,1570
2601,益航,56,0,56,港商法國興業,2024-05-22,1570
6213,聯茂,53,0,53,港商法國興業,2024-05-22,1570
5439,高技,44,0,44,港商法國興業,2024-05-22,1570
2344,華邦電,40,0,40,港商法國興業,2024-05-22,1570
2308,台達電,39,0,39,港商法國興業,2024-05-22,1570
3481,群創,39,0,39,港商法國興業,2024-05-22,1570
2324,仁寶,288,252,36,港商法國興業,2024-05-22,1570
2481,強茂,35,0,35,港商法國興業,2024-05-22,1570
3037,欣興,32,0,32,港商法國興業,2024-05-22,1570
9945,潤泰新,31,0,31,港商法國興業,2024-05-22,1570
2303,聯電,30,0,30,港商法國興業,2024-05-22,1570
3017,奇鋐,30,0,30,港商法國興業,2024-05-22,1570
3324,雙鴻,28,0,28,港商法國興業,2024-05-22,1570
1504,東元,26,0,26,港商法國興業,2024-05-22,1570
3023,信邦,26,0,26,港商法國興業,2024-05-22,1570
2204,中華,25,0,25,港商法國興業,2024-05-22,1570
4114,健喬,22,0,22,港商法國興業,2024-05-22,1570
2352,佳世達,21,0,21,港商法國興業,2024-05-22,1570
2367,燿華,20,0,20,港商法國興業,2024-05-22,1570
1101,台泥,18,0,18,港商法國興業,2024-05-22,1570
1612,宏泰,17,0,17,港商法國興業,2024-05-22,1570
2615,萬海,16,0,16,港商法國興業,2024-05-22,1570
2530,華建,15,3,12,港商法國興業,2024-05-22,1570
3596,智易,12,0,12,港商法國興業,2024-05-22,1570
8255,朋程,11,0,11,港商法國興業,2024-05-22,1570
2458,義隆,10,0,10,港商法國興業,2024-05-22,1570
2618,長榮航,10,0,10,港商法國興業,2024-05-22,1570
3704,合勤控,10,0,10,港商法國興業,2024-05-22,1570
1308,亞聚,9,0,9,港商法國興業,2024-05-22,1570
5009,榮剛,8,0,8,港商法國興業,2024-05-22,1570
5512,力麒,8,0,8,港商法國興業,2024-05-22,1570
6186,新潤,8,0,8,港商法國興業,2024-05-22,1570
6196,帆宣,8,0,8,港商法國興業,2024-05-22,1570
1723,中碳,7,0,7,港商法國興業,2024-05-22,1570
3264,欣銓,7,0,7,港商法國興業,2024-05-22,1570
6121,新普,7,0,7,港商法國興業,2024-05-22,1570
3714,富采,6,0,6,港商法國興業,2024-05-22,1570
4968,立積,5,0,5,港商法國興業,2024-05-22,1570
6263,普萊德,5,0,5,港商法國興業,2024-05-22,1570
2330,台積電,1298,25,1273,港商法國興業,2024-05-23,1570
2610,華航,1061,0,1061,港商法國興業,2024-05-23,1570
2301,光寶科,251,0,251,港商法國興業,2024-05-23,1570
2887,台新金,193,0,193,港商法國興業,2024-05-23,1570
2891,中信金,172,0,172,港商法國興業,2024-05-23,1570
2890,永豐金,155,0,155,港商法國興業,2024-05-23,1570
6182,合晶,148,0,148,港商法國興業,2024-05-23,1570
6125,廣運,145,0,145,港商法國興業,2024-05-23,1570
2884,玉山金,142,0,142,港商法國興業,2024-05-23,1570
2880,華南金,117,5,112,港商法國興業,2024-05-23,1570
2886,兆豐金,111,0,111,港商法國興業,2024-05-23,1570
2312,金寶,95,0,95,港商法國興業,2024-05-23,1570
2881,富邦金,84,0,84,港商法國興業,2024-05-23,1570
1536,和大,80,0,80,港商法國興業,2024-05-23,1570
1815,富喬,58,0,58,港商法國興業,2024-05-23,1570
4958,臻鼎-KY,48,0,48,港商法國興業,2024-05-23,1570
6446,藥華藥,46,0,46,港商法國興業,2024-05-23,1570
2412,中華電,40,0,40,港商法國興業,2024-05-23,1570
3665,貿聯-KY,40,0,40,港商法國興業,2024-05-23,1570
2353,宏��,76,38,38,港商法國興業,2024-05-23,1570
1216,統一,34,0,34,港商法國興業,2024-05-23,1570
2601,益航,30,0,30,港商法國興業,2024-05-23,1570
8016,矽創,29,0,29,港商法國興業,2024-05-23,1570
1612,宏泰,24,0,24,港商法國興業,2024-05-23,1570
2421,建準,23,0,23,港商法國興業,2024-05-23,1570
2885,元大金,22,0,22,港商法國興業,2024-05-23,1570
2308,台達電,21,0,21,港商法國興業,2024-05-23,1570
3376,新日興,21,0,21,港商法國興業,2024-05-23,1570
6196,帆宣,20,0,20,港商法國興業,2024-05-23,1570
1402,遠東新,19,0,19,港商法國興業,2024-05-23,1570
4583,台灣精銳,18,0,18,港商法國興業,2024-05-23,1570
6202,盛群,18,0,18,港商法國興業,2024-05-23,1570
4904,遠傳,22,5,17,港商法國興業,2024-05-23,1570
2603,長榮,25,10,15,港商法國興業,2024-05-23,1570
2383,台光電,14,0,14,港商法國興業,2024-05-23,1570
6488,環球晶,14,0,14,港商法國興業,2024-05-23,1570
2408,南亞科,12,0,12,港商法國興業,2024-05-23,1570
2352,佳世達,11,0,11,港商法國興業,2024-05-23,1570
6469,大樹,11,0,11,港商法國興業,2024-05-23,1570
4743,合一,10,0,10,港商法國興業,2024-05-23,1570
3023,信邦,9,0,9,港商法國興業,2024-05-23,1570
3045,台灣大,9,0,9,港商法國興業,2024-05-23,1570
3264,欣銓,9,0,9,港商法國興業,2024-05-23,1570
5388,中磊,9,0,9,港商法國興業,2024-05-23,1570
8255,朋程,9,0,9,港商法國興業,2024-05-23,1570
2207,和泰車,11,3,8,港商法國興業,2024-05-23,1570
1308,亞聚,8,0,8,港商法國興業,2024-05-23,1570
3035,智原,7,0,7,港商法國興業,2024-05-23,1570
3037,欣興,7,0,7,港商法國興業,2024-05-23,1570
3088,艾訊,7,0,7,港商法國興業,2024-05-23,1570
2610,華航,560,216,344,港商法國興業,2024-05-24,1570
2347,聯強,296,0,296,港商法國興業,2024-05-24,1570
2352,佳世達,129,0,129,港商法國興業,2024-05-24,1570
3450,聯鈞,96,0,96,港商法國興業,2024-05-24,1570
2615,萬海,62,0,62,港商法國興業,2024-05-24,1570
6125,廣運,51,0,51,港商法國興業,2024-05-24,1570
1612,宏泰,48,0,48,港商法國興業,2024-05-24,1570
3035,智原,43,0,43,港商法國興業,2024-05-24,1570
2301,光寶科,34,0,34,港商法國興業,2024-05-24,1570
6182,合晶,34,0,34,港商法國興業,2024-05-24,1570
3015,全漢,33,0,33,港商法國興業,2024-05-24,1570
6282,康舒,27,0,27,港商法國興業,2024-05-24,1570
2449,京元電子,24,0,24,港商法國興業,2024-05-24,1570
2481,強茂,22,0,22,港商法國興業,2024-05-24,1570
1513,中興電,20,0,20,港商法國興業,2024-05-24,1570
4915,致伸,20,0,20,港商法國興業,2024-05-24,1570
6205,詮欣,20,0,20,港商法國興業,2024-05-24,1570
3088,艾訊,19,0,19,港商法國興業,2024-05-24,1570
2492,華新科,13,0,13,港商法國興業,2024-05-24,1570
2308,台達電,13,0,13,港商法國興業,2024-05-24,1570
2371,大同,10,0,10,港商法國興業,2024-05-24,1570
3045,台灣大,10,0,10,港商法國興業,2024-05-24,1570
3023,信邦,9,0,9,港商法國興業,2024-05-24,1570
6488,環球晶,9,0,9,港商法國興業,2024-05-24,1570
9914,美利達,9,0,9,港商法國興業,2024-05-24,1570
1536,和大,8,0,8,港商法國興業,2024-05-24,1570
2379,瑞昱,7,0,7,港商法國興業,2024-05-24,1570
3218,大學光,7,0,7,港商法國興業,2024-05-24,1570
2421,建準,6,0,6,港商法國興業,2024-05-24,1570
2404,漢唐,6,0,6,港商法國興業,2024-05-24,1570
2892,第一金,219,213,6,港商法國興業,2024-05-24,1570
6863,永道-KY,6,0,6,港商法國興業,2024-05-24,1570
1773,勝一,5,0,5,港商法國興業,2024-05-24,1570
3264,欣銓,5,0,5,港商法國興業,2024-05-24,1570
4968,立積,5,0,5,港商法國興業,2024-05-24,1570
3653,健策,4,0,4,港商法國興業,2024-05-24,1570
5536,聖暉*,4,0,4,港商法國興業,2024-05-24,1570
6121,新普,4,0,4,港商法國興業,2024-05-24,1570
3189,景碩,3,0,3,港商法國興業,2024-05-24,1570
9906,欣巴巴,3,0,3,港商法國興業,2024-05-24,1570
2530,華建,2,0,2,港商法國興業,2024-05-24,1570
3324,雙鴻,2,0,2,港商法國興業,2024-05-24,1570
3443,創意,2,0,2,港商法國興業,2024-05-24,1570
6415,矽力*-KY,2,0,2,港商法國興業,2024-05-24,1570
6472,保瑞,2,0,2,港商法國興業,2024-05-24,1570
2474,可成,1,0,1,港商法國興業,2024-05-24,1570
8163,達方,1,0,1,港商法國興業,2024-05-24,1570
9958,世紀鋼,1,0,1,港商法國興業,2024-05-24,1570
2330,台積電,588,0,588,港商法國興業,2024-05-27,1570
1303,南亞,480,0,480,港商法國興業,2024-05-27,1570
2892,第一金,230,0,230,港商法國興業,2024-05-27,1570
2890,永豐金,229,9,220,港商法國興業,2024-05-27,1570
2880,華南金,220,3,217,港商法國興業,2024-05-27,1570
6147,頎邦,158,0,158,港商法國興業,2024-05-27,1570
2371,大同,89,0,89,港商法國興業,2024-05-27,1570
3324,雙鴻,84,0,84,港商法國興業,2024-05-27,1570
2885,元大金,79,0,79,港商法國興業,2024-05-27,1570
6120,達運,63,0,63,港商法國興業,2024-05-27,1570
3702,大聯大,58,0,58,港商法國興業,2024-05-27,1570
2357,華碩,49,4,45,港商法國興業,2024-05-27,1570
5880,合庫金,45,0,45,港商法國興業,2024-05-27,1570
1612,宏泰,41,0,41,港商法國興業,2024-05-27,1570
2204,中華,40,0,40,港商法國興業,2024-05-27,1570
6271,同欣電,40,0,40,港商法國興業,2024-05-27,1570
2301,光寶科,36,0,36,港商法國興業,2024-05-27,1570
8016,矽創,34,0,34,港商法國興業,2024-05-27,1570
5871,中租-KY,32,0,32,港商法國興業,2024-05-27,1570
1504,東元,30,0,30,港商法國興業,2024-05-27,1570
3088,艾訊,29,0,29,港商法國興業,2024-05-27,1570
3714,富采,28,0,28,港商法國興業,2024-05-27,1570
6189,豐藝,27,0,27,港商法國興業,2024-05-27,1570
6414,樺漢,25,0,25,港商法國興業,2024-05-27,1570
3035,智原,23,0,23,港商法國興業,2024-05-27,1570
1216,統一,21,0,21,港商法國興業,2024-05-27,1570
3376,新日興,21,0,21,港商法國興業,2024-05-27,1570
2377,微星,20,0,20,港商法國興業,2024-05-27,1570
9914,美利達,17,0,17,港商法國興業,2024-05-27,1570
2888,新光金,15,0,15,港商法國興業,2024-05-27,1570
2347,聯強,14,0,14,港商法國興業,2024-05-27,1570
6205,詮欣,14,0,14,港商法國興業,2024-05-27,1570
3005,神基,12,0,12,港商法國興業,2024-05-27,1570
1319,東陽,11,0,11,港商法國興業,2024-05-27,1570
3015,全漢,10,0,10,港商法國興業,2024-05-27,1570
3443,創意,10,0,10,港商法國興業,2024-05-27,1570
4958,臻鼎-KY,10,0,10,港商法國興業,2024-05-27,1570
6186,新潤,10,0,10,港商法國興業,2024-05-27,1570
2454,聯發科,6,0,6,港商法國興業,2024-05-27,1570
5425,台半,6,0,6,港商法國興業,2024-05-27,1570
6125,廣運,6,0,6,港商法國興業,2024-05-27,1570
9921,巨大,6,0,6,港商法國興業,2024-05-27,1570
1609,大亞,5,0,5,港商法國興業,2024-05-27,1570
2049,上銀,5,0,5,港商法國興業,2024-05-27,1570
3264,欣銓,5,0,5,港商法國興業,2024-05-27,1570
3665,貿聯-KY,5,0,5,港商法國興業,2024-05-27,1570
5536,聖暉*,5,0,5,港商法國興業,2024-05-27,1570
6121,新普,5,0,5,港商法國興業,2024-05-27,1570
6202,盛群,5,0,5,港商法國興業,2024-05-27,1570
3045,台灣大,4,0,4,港商法國興業,2024-05-27,1570
1303,南亞,482,21,461,港商法國興業,2024-05-28,1570
2382,廣達,347,10,337,港商法國興業,2024-05-28,1570
2412,中華電,301,0,301,港商法國興業,2024-05-28,1570
6147,頎邦,214,0,214,港商法國興業,2024-05-28,1570
2353,宏��,212,0,212,港商法國興業,2024-05-28,1570
2892,第一金,178,0,178,港商法國興業,2024-05-28,1570
6244,茂迪,172,0,172,港商法國興業,2024-05-28,1570
2880,華南金,175,5,170,港商法國興業,2024-05-28,1570
2231,為升,154,0,154,港商法國興業,2024-05-28,1570
3037,欣興,105,4,101,港商法國興業,2024-05-28,1570
3481,群創,95,0,95,港商法國興業,2024-05-28,1570
3035,智原,94,0,94,港商法國興業,2024-05-28,1570
3714,富采,78,0,78,港商法國興業,2024-05-28,1570
3005,神基,71,0,71,港商法國興業,2024-05-28,1570
5880,合庫金,65,0,65,港商法國興業,2024-05-28,1570
2885,元大金,64,1,63,港商法國興業,2024-05-28,1570
2881,富邦金,51,0,51,港商法國興業,2024-05-28,1570
4114,健喬,48,0,48,港商法國興業,2024-05-28,1570
6182,合晶,46,0,46,港商法國興業,2024-05-28,1570
2303,聯電,44,0,44,港商法國興業,2024-05-28,1570
2101,南港,43,0,43,港商法國興業,2024-05-28,1570
2419,仲琦,42,0,42,港商法國興業,2024-05-28,1570
3702,大聯大,43,3,40,港商法國興業,2024-05-28,1570
6770,力積電,40,0,40,港商法國興業,2024-05-28,1570
2886,兆豐金,38,0,38,港商法國興業,2024-05-28,1570
2002,中鋼,30,0,30,港商法國興業,2024-05-28,1570
6213,聯茂,29,0,29,港商法國興業,2024-05-28,1570
6202,盛群,27,0,27,港商法國興業,2024-05-28,1570
4961,天鈺,26,0,26,港商法國興業,2024-05-28,1570
2409,友達,20,0,20,港商法國興業,2024-05-28,1570
9904,寶成,20,0,20,港商法國興業,2024-05-28,1570
2834,臺企銀,19,1,18,港商法國興業,2024-05-28,1570
1101,台泥,23,6,17,港商法國興業,2024-05-28,1570
1612,宏泰,16,0,16,港商法國興業,2024-05-28,1570
3701,大眾控,16,0,16,港商法國興業,2024-05-28,1570
2347,聯強,15,0,15,港商法國興業,2024-05-28,1570
3088,艾訊,15,0,15,港商法國興業,2024-05-28,1570
5347,世界,15,0,15,港商法國興業,2024-05-28,1570
9914,美利達,15,0,15,港商法國興業,2024-05-28,1570
2888,新光金,14,0,14,港商法國興業,2024-05-28,1570
2633,台灣高鐵,13,0,13,港商法國興業,2024-05-28,1570
1216,統一,11,0,11,港商法國興業,2024-05-28,1570
3211,順達,11,0,11,港商法國興業,2024-05-28,1570
2049,上銀,10,0,10,港商法國興業,2024-05-28,1570
1560,中砂,10,0,10,港商法國興業,2024-05-28,1570
3015,全漢,10,0,10,港商法國興業,2024-05-28,1570
4958,臻鼎-KY,15,5,10,港商法國興業,2024-05-28,1570
8936,國統,9,0,9,港商法國興業,2024-05-28,1570
3105,穩懋,8,0,8,港商法國興業,2024-05-28,1570
1477,聚陽,7,0,7,港商法國興業,2024-05-28,1570
2881,富邦金,1848,53,1795,港商法國興業,2024-05-29,1570
2880,華南金,253,50,203,港商法國興業,2024-05-29,1570
2382,廣達,198,10,188,港商法國興業,2024-05-29,1570
2412,中華電,141,17,124,港商法國興業,2024-05-29,1570
2379,瑞昱,78,0,78,港商法國興業,2024-05-29,1570
2324,仁寶,73,2,71,港商法國興業,2024-05-29,1570
3702,大聯大,66,1,65,港商法國興業,2024-05-29,1570
5880,合庫金,54,3,51,港商法國興業,2024-05-29,1570
2231,為升,39,0,39,港商法國興業,2024-05-29,1570
3017,奇鋐,44,5,39,港商法國興業,2024-05-29,1570
2419,仲琦,31,0,31,港商法國興業,2024-05-29,1570
2401,凌陽,30,0,30,港商法國興業,2024-05-29,1570
1519,華城,29,0,29,港商法國興業,2024-05-29,1570
2357,華碩,19,0,19,港商法國興業,2024-05-29,1570
5347,世界,15,0,15,港商法國興業,2024-05-29,1570
3491,昇達科,14,0,14,港商法國興業,2024-05-29,1570
9914,美利達,13,0,13,港商法國興業,2024-05-29,1570
2101,南港,12,0,12,港商法國興業,2024-05-29,1570
6188,廣明,12,0,12,港商法國興業,2024-05-29,1570
8016,矽創,11,0,11,港商法國興業,2024-05-29,1570
6147,頎邦,10,0,10,港商法國興業,2024-05-29,1570
9907,統一實,10,0,10,港商法國興業,2024-05-29,1570
3105,穩懋,9,0,9,港商法國興業,2024-05-29,1570
2338,光罩,8,0,8,港商法國興業,2024-05-29,1570
8046,南電,37,30,7,港商法國興業,2024-05-29,1570
2211,長榮鋼,6,0,6,港商法國興業,2024-05-29,1570
6202,盛群,6,0,6,港商法國興業,2024-05-29,1570
6412,群電,6,0,6,港商法國興業,2024-05-29,1570
8150,南茂,6,0,6,港商法國興業,2024-05-29,1570
1560,中砂,10,6,4,港商法國興業,2024-05-29,1570
3037,欣興,4,0,4,港商法國興業,2024-05-29,1570
3665,貿聯-KY,12,8,4,港商法國興業,2024-05-29,1570
6153,嘉聯益,4,0,4,港商法國興業,2024-05-29,1570
2395,研華,3,0,3,港商法國興業,2024-05-29,1570
2474,可成,3,0,3,港商法國興業,2024-05-29,1570
2912,統一超,3,0,3,港商法國興業,2024-05-29,1570
5236,凌陽創新,3,0,3,港商法國興業,2024-05-29,1570
1319,東陽,2,0,2,港商法國興業,2024-05-29,1570
2059,川湖,2,0,2,港商法國興業,2024-05-29,1570
2049,上銀,2,0,2,港商法國興業,2024-05-29,1570
2504,國產,2,0,2,港商法國興業,2024-05-29,1570
3088,艾訊,2,0,2,港商法國興業,2024-05-29,1570
3189,景碩,11,9,2,港商法國興業,2024-05-29,1570
3715,定穎投控,2,0,2,港商法國興業,2024-05-29,1570
6125,廣運,2,0,2,港商法國興業,2024-05-29,1570
6263,普萊德,2,0,2,港商法國興業,2024-05-29,1570
6488,環球晶,2,0,2,港商法國興業,2024-05-29,1570
6830,汎銓,2,0,2,港商法國興業,2024-05-29,1570
1795,美時,1,0,1,港商法國興業,2024-05-29,1570
2458,義隆,1,0,1,港商法國興業,2024-05-29,1570
2892,第一金,282,0,282,港商法國興業,2024-05-30,1570
2880,華南金,262,6,256,港商法國興業,2024-05-30,1570
2890,永豐金,218,26,192,港商法國興業,2024-05-30,1570
6770,力積電,192,0,192,港商法國興業,2024-05-30,1570
2412,中華電,189,0,189,港商法國興業,2024-05-30,1570
3481,群創,159,0,159,港商法國興業,2024-05-30,1570
2884,玉山金,130,19,111,港商法國興業,2024-05-30,1570
3324,雙鴻,108,0,108,港商法國興業,2024-05-30,1570
3037,欣興,106,0,106,港商法國興業,2024-05-30,1570
2481,強茂,102,0,102,港商法國興業,2024-05-30,1570
2885,元大金,99,0,99,港商法國興業,2024-05-30,1570
2324,仁寶,65,0,65,港商法國興業,2024-05-30,1570
5880,合庫金,62,0,62,港商法國興業,2024-05-30,1570
3702,大聯大,72,15,57,港商法國興業,2024-05-30,1570
1717,長興,56,0,56,港商法國興業,2024-05-30,1570
8046,南電,52,0,52,港商法國興業,2024-05-30,1570
6182,合晶,44,0,44,港商法國興業,2024-05-30,1570
2888,新光金,42,0,42,港商法國興業,2024-05-30,1570
6282,康舒,32,0,32,港商法國興業,2024-05-30,1570
6147,頎邦,28,0,28,港商法國興業,2024-05-30,1570
2610,華航,27,0,27,港商法國興業,2024-05-30,1570
5243,乙盛-KY,23,0,23,港商法國興業,2024-05-30,1570
2301,光寶科,20,0,20,港商法國興業,2024-05-30,1570
2409,友達,20,0,20,港商法國興業,2024-05-30,1570
2834,臺企銀,20,0,20,港商法國興業,2024-05-30,1570
2357,華碩,19,0,19,港商法國興業,2024-05-30,1570
2883,凱基金,16,0,16,港商法國興業,2024-05-30,1570
5871,中租-KY,16,0,16,港商法國興業,2024-05-30,1570
8016,矽創,13,0,13,港商法國興業,2024-05-30,1570
2344,華邦電,12,0,12,港商法國興業,2024-05-30,1570
2002,中鋼,11,0,11,港商法國興業,2024-05-30,1570
4961,天鈺,11,0,11,港商法國興業,2024-05-30,1570
6412,群電,11,0,11,港商法國興業,2024-05-30,1570
2204,中華,10,0,10,港商法國興業,2024-05-30,1570
1605,華新,10,0,10,港商法國興業,2024-05-30,1570
4919,新唐,10,0,10,港商法國興業,2024-05-30,1570
4968,立積,10,0,10,港商法國興業,2024-05-30,1570
5483,中美晶,10,0,10,港商法國興業,2024-05-30,1570
6213,聯茂,10,0,10,港商法國興業,2024-05-30,1570
6415,矽力*-KY,11,1,10,港商法國興業,2024-05-30,1570
2356,英業達,9,0,9,港商法國興業,2024-05-30,1570
1102,亞泥,9,0,9,港商法國興業,2024-05-30,1570
3260,威剛,9,0,9,港商法國興業,2024-05-30,1570
2330,台積電,26,18,8,港商法國興業,2024-05-30,1570
1519,華城,8,0,8,港商法國興業,2024-05-30,1570
2882,國泰金,8,0,8,港商法國興業,2024-05-30,1570
3491,昇達科,8,0,8,港商法國興業,2024-05-30,1570
6186,新潤,8,0,8,港商法國興業,2024-05-30,1570
1590,亞德客-KY,7,0,7,港商法國興業,2024-05-30,1570
2881,富邦金,7,0,7,港商法國興業,2024-05-30,1570
2883,凱基金,2991,39,2952,港商法國興業,2024-05-31,1570
2890,永豐金,2345,65,2280,港商法國興業,2024-05-31,1570
2887,台新金,1677,29,1648,港商法國興業,2024-05-31,1570
5871,中租-KY,690,24,666,港商法國興業,2024-05-31,1570
1303,南亞,680,15,665,港商法國興業,2024-05-31,1570
2303,聯電,794,136,658,港商法國興業,2024-05-31,1570
2881,富邦金,717,74,643,港商法國興業,2024-05-31,1570
6177,達麗,550,0,550,港商法國興業,2024-05-31,1570
2884,玉山金,463,187,276,港商法國興業,2024-05-31,1570
1301,台塑,277,11,266,港商法國興業,2024-05-31,1570
2892,第一金,605,379,226,港商法國興業,2024-05-31,1570
5876,上海商銀,212,6,206,港商法國興業,2024-05-31,1570
1785,光洋科,167,0,167,港商法國興業,2024-05-31,1570
3189,景碩,132,1,131,港商法國興業,2024-05-31,1570
5508,永信建,147,29,118,港商法國興業,2024-05-31,1570
3017,奇鋐,133,17,116,港商法國興業,2024-05-31,1570
2382,廣達,150,46,104,港商法國興業,2024-05-31,1570
5483,中美晶,101,0,101,港商法國興業,2024-05-31,1570
2354,鴻準,97,0,97,港商法國興業,2024-05-31,1570
3481,群創,108,19,89,港商法國興業,2024-05-31,1570
9921,巨大,85,0,85,港商法國興業,2024-05-31,1570
2885,元大金,115,34,81,港商法國興業,2024-05-31,1570
2528,皇普,79,0,79,港商法國興業,2024-05-31,1570
2891,中信金,137,58,79,港商法國興業,2024-05-31,1570
1711,永光,77,0,77,港商法國興業,2024-05-31,1570
6446,藥華藥,70,0,70,港商法國興業,2024-05-31,1570
2610,華航,68,4,64,港商法國興業,2024-05-31,1570
2467,志聖,60,0,60,港商法國興業,2024-05-31,1570
9933,中鼎,57,0,57,港商法國興業,2024-05-31,1570
2834,臺企銀,71,17,54,港商法國興業,2024-05-31,1570
5425,台半,53,0,53,港商法國興業,2024-05-31,1570
3711,日月光投控,60,9,51,港商法國興業,2024-05-31,1570
2492,華新科,47,0,47,港商法國興業,2024-05-31,1570
2344,華邦電,50,4,46,港商法國興業,2024-05-31,1570
6147,頎邦,45,0,45,港商法國興業,2024-05-31,1570
6282,康舒,36,0,36,港商法國興業,2024-05-31,1570
2615,萬海,29,1,28,港商法國興業,2024-05-31,1570
2395,研華,33,6,27,港商法國興業,2024-05-31,1570
2204,中華,25,0,25,港商法國興業,2024-05-31,1570
2546,根基,25,0,25,港商法國興業,2024-05-31,1570
3264,欣銓,24,0,24,港商法國興業,2024-05-31,1570
4129,聯合,23,0,23,港商法國興業,2024-05-31,1570
6472,保瑞,21,0,21,港商法國興業,2024-05-31,1570
1504,東元,20,0,20,港商法國興業,2024-05-31,1570
2006,東和鋼鐵,19,0,19,港商法國興業,2024-05-31,1570
3293,鈊象,18,0,18,港商法國興業,2024-05-31,1570
2308,台達電,26,9,17,港商法國興業,2024-05-31,1570
1519,華城,16,0,16,港商法國興業,2024-05-31,1570
3357,臺慶科,13,0,13,港商法國興業,2024-05-31,1570
1612,宏泰,12,0,12,港商法國興業,2024-05-31,1570
2891,中信金,1035,0,1035,港商法國興業,2024-06-03,1570
2354,鴻準,414,0,414,港商法國興業,2024-06-03,1570
2886,兆豐金,414,0,414,港商法國興業,2024-06-03,1570
6005,群益證,272,0,272,港商法國興業,2024-06-03,1570
2883,凱基金,186,0,186,港商法國興業,2024-06-03,1570
2888,新光金,149,0,149,港商法國興業,2024-06-03,1570
5512,力麒,146,0,146,港商法國興業,2024-06-03,1570
2892,第一金,137,0,137,港商法國興業,2024-06-03,1570
6147,頎邦,132,0,132,港商法國興業,2024-06-03,1570
5871,中租-KY,123,0,123,港商法國興業,2024-06-03,1570
5876,上海商銀,109,0,109,港商法國興業,2024-06-03,1570
5531,鄉林,88,0,88,港商法國興業,2024-06-03,1570
2890,永豐金,73,0,73,港商法國興業,2024-06-03,1570
1582,信錦,60,0,60,港商法國興業,2024-06-03,1570
3592,瑞鼎,59,0,59,港商法國興業,2024-06-03,1570
3712,永崴投控,56,0,56,港商法國興業,2024-06-03,1570
6472,保瑞,35,0,35,港商法國興業,2024-06-03,1570
9914,美利達,35,0,35,港商法國興業,2024-06-03,1570
6186,新潤,34,0,34,港商法國興業,2024-06-03,1570
1519,華城,31,0,31,港商法國興業,2024-06-03,1570
2492,華新科,31,0,31,港商法國興業,2024-06-03,1570
5534,長虹,29,0,29,港商法國興業,2024-06-03,1570
6213,聯茂,29,0,29,港商法國興業,2024-06-03,1570
6770,力積電,29,0,29,港商法國興業,2024-06-03,1570
3044,健鼎,27,0,27,港商法國興業,2024-06-03,1570
8011,台通,26,0,26,港商法國興業,2024-06-03,1570
2887,台新金,24,0,24,港商法國興業,2024-06-03,1570
2049,上銀,21,0,21,港商法國興業,2024-06-03,1570
2801,彰銀,20,0,20,港商法國興業,2024-06-03,1570
2530,華建,20,1,19,港商法國興業,2024-06-03,1570
6412,群電,19,0,19,港商法國興業,2024-06-03,1570
3552,同致,18,0,18,港商法國興業,2024-06-03,1570
6446,藥華藥,18,0,18,港商法國興業,2024-06-03,1570
6830,汎銓,18,0,18,港商法國興業,2024-06-03,1570
2303,聯電,16,0,16,港商法國興業,2024-06-03,1570
5880,合庫金,16,0,16,港商法國興業,2024-06-03,1570
1101,台泥,15,0,15,港商法國興業,2024-06-03,1570
2002,中鋼,13,0,13,港商法國興業,2024-06-03,1570
8016,矽創,13,0,13,港商法國興業,2024-06-03,1570
1305,華夏,12,0,12,港商法國興業,2024-06-03,1570
6274,台燿,12,0,12,港商法國興業,2024-06-03,1570
2603,長榮,13,2,11,港商法國興業,2024-06-03,1570
6282,康舒,10,0,10,港商法國興業,2024-06-03,1570
2409,友達,9,0,9,港商法國興業,2024-06-03,1570
2633,台灣高鐵,9,0,9,港商法國興業,2024-06-03,1570
2882,國泰金,9,0,9,港商法國興業,2024-06-03,1570
5483,中美晶,9,0,9,港商法國興業,2024-06-03,1570
2105,正新,8,0,8,港商法國興業,2024-06-03,1570
1301,台塑,8,0,8,港商法國興業,2024-06-03,1570
2881,富邦金,8,0,8,港商法國興業,2024-06-03,1570
2890,永豐金,291,0,291,港商法國興業,2024-06-04,1570
8234,新漢,183,0,183,港商法國興業,2024-06-04,1570
1312,國喬,128,0,128,港商法國興業,2024-06-04,1570
6770,力積電,116,0,116,港商法國興業,2024-06-04,1570
8011,台通,76,0,76,港商法國興業,2024-06-04,1570
2891,中信金,65,0,65,港商法國興業,2024-06-04,1570
2353,宏��,64,0,64,港商法國興業,2024-06-04,1570
2888,新光金,42,0,42,港商法國興業,2024-06-04,1570
4164,承業醫,36,0,36,港商法國興業,2024-06-04,1570
6282,康舒,35,0,35,港商法國興業,2024-06-04,1570
3712,永崴投控,35,1,34,港商法國興業,2024-06-04,1570
3592,瑞鼎,34,2,32,港商法國興業,2024-06-04,1570
3548,兆利,30,0,30,港商法國興業,2024-06-04,1570
3324,雙鴻,26,0,26,港商法國興業,2024-06-04,1570
4768,晶呈科技,23,0,23,港商法國興業,2024-06-04,1570
2049,上銀,22,0,22,港商法國興業,2024-06-04,1570
4977,眾達-KY,20,0,20,港商法國興業,2024-06-04,1570
9945,潤泰新,20,0,20,港商法國興業,2024-06-04,1570
2892,第一金,16,0,16,港商法國興業,2024-06-04,1570
3714,富采,15,0,15,港商法國興業,2024-06-04,1570
9914,美利達,15,0,15,港商法國興業,2024-06-04,1570
2492,華新科,12,0,12,港商法國興業,2024-06-04,1570
1326,台化,12,3,9,港商法國興業,2024-06-04,1570
1319,東陽,9,0,9,港商法國興業,2024-06-04,1570
5871,中租-KY,8,0,8,港商法國興業,2024-06-04,1570
1605,華新,7,0,7,港商法國興業,2024-06-04,1570
4549,桓達,7,0,7,港商法國興業,2024-06-04,1570
4961,天鈺,7,0,7,港商法國興業,2024-06-04,1570
4968,立積,7,0,7,港商法國興業,2024-06-04,1570
5263,智崴,6,0,6,港商法國興業,2024-06-04,1570
3558,神準,5,0,5,港商法國興業,2024-06-04,1570
3661,世芯-KY,7,2,5,港商法國興業,2024-06-04,1570
6005,群益證,5,0,5,港商法國興業,2024-06-04,1570
6415,矽力*-KY,8,3,5,港商法國興業,2024-06-04,1570
2408,南亞科,4,0,4,港商法國興業,2024-06-04,1570
6285,啟��,4,0,4,港商法國興業,2024-06-04,1570
9958,世紀鋼,4,0,4,港商法國興業,2024-06-04,1570
3189,景碩,3,0,3,港商法國興業,2024-06-04,1570
3491,昇達科,3,0,3,港商法國興業,2024-06-04,1570
5483,中美晶,3,0,3,港商法國興業,2024-06-04,1570
6196,帆宣,3,0,3,港商法國興業,2024-06-04,1570
3481,群創,69,67,2,港商法國興業,2024-06-04,1570
6182,合晶,2,0,2,港商法國興業,2024-06-04,1570
6416,瑞祺電通,2,0,2,港商法國興業,2024-06-04,1570
2421,建準,1,0,1,港商法國興業,2024-06-04,1570
2377,微星,1,0,1,港商法國興業,2024-06-04,1570
2303,聯電,1,0,1,港商法國興業,2024-06-04,1570
3105,穩懋,1,0,1,港商法國興業,2024-06-04,1570
4142,國光生,1,0,1,港商法國興業,2024-06-04,1570
5347,世界,1,0,1,港商法國興業,2024-06-04,1570
2881,富邦金,1191,66,1125,港商法國興業,2024-06-05,1570
1785,光洋科,300,0,300,港商法國興業,2024-06-05,1570
6125,廣運,282,0,282,港商法國興業,2024-06-05,1570
2515,中工,178,0,178,港商法國興業,2024-06-05,1570
2610,華航,260,89,171,港商法國興業,2024-06-05,1570
1316,上曜,116,0,116,港商法國興業,2024-06-05,1570
2504,國產,108,0,108,港商法國興業,2024-06-05,1570
2884,玉山金,269,163,106,港商法國興業,2024-06-05,1570
9945,潤泰新,106,0,106,港商法國興業,2024-06-05,1570
1304,台聚,100,0,100,港商法國興業,2024-06-05,1570
6285,啟��,96,0,96,港商法國興業,2024-06-05,1570
6288,聯嘉,50,0,50,港商法國興業,2024-06-05,1570
1522,堤維西,70,21,49,港商法國興業,2024-06-05,1570
3324,雙鴻,48,0,48,港商法國興業,2024-06-05,1570
1609,大亞,42,0,42,港商法國興業,2024-06-05,1570
1303,南亞,42,0,42,港商法國興業,2024-06-05,1570
1326,台化,38,0,38,港商法國興業,2024-06-05,1570
2363,矽統,38,0,38,港商法國興業,2024-06-05,1570
8011,台通,56,19,37,港商法國興業,2024-06-05,1570
2387,精元,35,1,34,港商法國興業,2024-06-05,1570
1305,華夏,32,0,32,港商法國興業,2024-06-05,1570
6257,矽格,31,0,31,港商法國興業,2024-06-05,1570
2347,聯強,29,0,29,港商法國興業,2024-06-05,1570
3006,晶豪科,27,0,27,港商法國興業,2024-06-05,1570
6505,台塑化,32,5,27,港商法國興業,2024-06-05,1570
3189,景碩,26,0,26,港商法國興業,2024-06-05,1570
9914,美利達,23,0,23,港商法國興業,2024-06-05,1570
1582,信錦,22,0,22,港商法國興業,2024-06-05,1570
2540,愛山林,22,0,22,港商法國興業,2024-06-05,1570
1786,科妍,21,0,21,港商法國興業,2024-06-05,1570
4915,致伸,20,1,19,港商法國興業,2024-06-05,1570
6806,森崴能源,19,0,19,港商法國興業,2024-06-05,1570
6202,盛群,18,0,18,港商法國興業,2024-06-05,1570
1513,中興電,15,0,15,港商法國興業,2024-06-05,1570
4142,國光生,15,0,15,港商法國興業,2024-06-05,1570
6196,帆宣,15,0,15,港商法國興業,2024-06-05,1570
2383,台光電,14,0,14,港商法國興業,2024-06-05,1570
8215,明基材,14,0,14,港商法國興業,2024-06-05,1570
6176,瑞儀,12,0,12,港商法國興業,2024-06-05,1570
2474,可成,11,0,11,港商法國興業,2024-06-05,1570
4927,泰鼎-KY,11,0,11,港商法國興業,2024-06-05,1570
1514,亞力,10,0,10,港商法國興業,2024-06-05,1570
4961,天鈺,10,0,10,港商法國興業,2024-06-05,1570
6282,康舒,10,0,10,港商法國興業,2024-06-05,1570
2374,佳能,9,0,9,港商法國興業,2024-06-05,1570
5434,崇越,9,0,9,港商法國興業,2024-06-05,1570
6446,藥華藥,9,0,9,港商法國興業,2024-06-05,1570
8016,矽創,9,0,9,港商法國興業,2024-06-05,1570
1615,大山,8,0,8,港商法國興業,2024-06-05,1570
2376,技嘉,8,0,8,港商法國興業,2024-06-05,1570
2892,第一金,650,0,650,港商法國興業,2024-06-06,1570
2312,金寶,400,0,400,港商法國興業,2024-06-06,1570
2105,正新,199,11,188,港商法國興業,2024-06-06,1570
2883,凱基金,79,0,79,港商法國興業,2024-06-06,1570
2888,新光金,77,0,77,港商法國興業,2024-06-06,1570
2915,潤泰全,77,0,77,港商法國興業,2024-06-06,1570
2481,強茂,70,0,70,港商法國興業,2024-06-06,1570
6143,振曜,66,0,66,港商法國興業,2024-06-06,1570
2891,中信金,55,0,55,港商法國興業,2024-06-06,1570
5871,中租-KY,54,0,54,港商法國興業,2024-06-06,1570
4961,天鈺,41,0,41,港商法國興業,2024-06-06,1570
2885,元大金,47,10,37,港商法國興業,2024-06-06,1570
6472,保瑞,34,0,34,港商法國興業,2024-06-06,1570
4768,晶呈科技,27,0,27,港商法國興業,2024-06-06,1570
3045,台灣大,22,0,22,港商法國興業,2024-06-06,1570
9945,潤泰新,21,0,21,港商法國興業,2024-06-06,1570
9939,宏全,16,0,16,港商法國興業,2024-06-06,1570
6282,康舒,14,0,14,港商法國興業,2024-06-06,1570
6196,帆宣,13,0,13,港商法國興業,2024-06-06,1570
2204,中華,12,0,12,港商法國興業,2024-06-06,1570
3034,聯詠,12,0,12,港商法國興業,2024-06-06,1570
2409,友達,11,0,11,港商法國興業,2024-06-06,1570
1108,幸福,10,0,10,港商法國興業,2024-06-06,1570
3305,昇貿,10,0,10,港商法國興業,2024-06-06,1570
6830,汎銓,10,0,10,港商法國興業,2024-06-06,1570
1773,勝一,9,0,9,港商法國興業,2024-06-06,1570
2540,愛山林,8,0,8,港商法國興業,2024-06-06,1570
1712,興農,8,0,8,港商法國興業,2024-06-06,1570
2002,中鋼,6,0,6,港商法國興業,2024-06-06,1570
4142,國光生,6,0,6,港商法國興業,2024-06-06,1570
2606,裕民,20,15,5,港商法國興業,2024-06-06,1570
4766,南寶,5,0,5,港商法國興業,2024-06-06,1570
2374,佳能,4,0,4,港商法國興業,2024-06-06,1570
2886,兆豐金,4,0,4,港商法國興業,2024-06-06,1570
4119,旭富,4,0,4,港商法國興業,2024-06-06,1570
5880,合庫金,4,0,4,港商法國興業,2024-06-06,1570
9914,美利達,4,0,4,港商法國興業,2024-06-06,1570
2881,富邦金,3,0,3,港商法國興業,2024-06-06,1570
3481,群創,3,0,3,港商法國興業,2024-06-06,1570
5425,台半,3,0,3,港商法國興業,2024-06-06,1570
6443,元晶,3,0,3,港商法國興業,2024-06-06,1570
2301,光寶科,2,0,2,港商法國興業,2024-06-06,1570
1303,南亞,2,0,2,港商法國興業,2024-06-06,1570
2882,國泰金,2,0,2,港商法國興業,2024-06-06,1570
4927,泰鼎-KY,2,0,2,港商法國興業,2024-06-06,1570
1216,統一,1,0,1,港商法國興業,2024-06-06,1570
1514,亞力,1,0,1,港商法國興業,2024-06-06,1570
2723,美食-KY,1,0,1,港商法國興業,2024-06-06,1570
6274,台燿,1,0,1,港商法國興業,2024-06-06,1570
6446,藥華藥,1,0,1,港商法國興業,2024-06-06,1570
1522,堤維西,420,5,415,港商法國興業,2024-06-07,1570
8926,台汽電,304,0,304,港商法國興業,2024-06-07,1570
6120,達運,116,0,116,港商法國興業,2024-06-07,1570
1305,華夏,97,0,97,港商法國興業,2024-06-07,1570
2880,華南金,96,0,96,港商法國興業,2024-06-07,1570
2330,台積電,90,0,90,港商法國興業,2024-06-07,1570
2498,宏達電,85,0,85,港商法國興業,2024-06-07,1570
3376,新日興,84,0,84,港商法國興業,2024-06-07,1570
9933,中鼎,80,0,80,港商法國興業,2024-06-07,1570
2892,第一金,76,0,76,港商法國興業,2024-06-07,1570
6196,帆宣,75,0,75,港商法國興業,2024-06-07,1570
2374,佳能,63,0,63,港商法國興業,2024-06-07,1570
2049,上銀,60,0,60,港商法國興業,2024-06-07,1570
8215,明基材,54,0,54,港商法國興業,2024-06-07,1570
1304,台聚,49,0,49,港商法國興業,2024-06-07,1570
2308,台達電,46,0,46,港商法國興業,2024-06-07,1570
4938,和碩,46,0,46,港商法國興業,2024-06-07,1570
1808,潤隆,42,0,42,港商法國興業,2024-06-07,1570
2615,萬海,38,3,35,港商法國興業,2024-06-07,1570
6830,汎銓,32,0,32,港商法國興業,2024-06-07,1570
1108,幸福,31,0,31,港商法國興業,2024-06-07,1570
2204,中華,30,0,30,港商法國興業,2024-06-07,1570
2723,美食-KY,27,0,27,港商法國興業,2024-06-07,1570
9802,鈺齊-KY,27,0,27,港商法國興業,2024-06-07,1570
4743,合一,27,0,27,港商法國興業,2024-06-07,1570
6288,聯嘉,24,0,24,港商法國興業,2024-06-07,1570
6202,盛群,21,0,21,港商法國興業,2024-06-07,1570
2606,裕民,20,0,20,港商法國興業,2024-06-07,1570
3034,聯詠,20,0,20,港商法國興業,2024-06-07,1570
2027,大成鋼,19,0,19,港商法國興業,2024-06-07,1570
2345,智邦,15,0,15,港商法國興業,2024-06-07,1570
9939,宏全,15,0,15,港商法國興業,2024-06-07,1570
1773,勝一,14,0,14,港商法國興業,2024-06-07,1570
3481,群創,14,0,14,港商法國興業,2024-06-07,1570
3015,全漢,13,0,13,港商法國興業,2024-06-07,1570
2891,中信金,12,0,12,港商法國興業,2024-06-07,1570
4755,三福化,20,9,11,港商法國興業,2024-06-07,1570
6197,佳必琪,11,0,11,港商法國興業,2024-06-07,1570
1560,中砂,10,0,10,港商法國興業,2024-06-07,1570
2753,八方雲集,10,0,10,港商法國興業,2024-06-07,1570
6415,矽力*-KY,10,0,10,港商法國興業,2024-06-07,1570
3217,優群,9,0,9,港商法國興業,2024-06-07,1570
4549,桓達,9,0,9,港商法國興業,2024-06-07,1570
1301,台塑,7,0,7,港商法國興業,2024-06-07,1570
4164,承業醫,7,0,7,港商法國興業,2024-06-07,1570
2887,台新金,6,0,6,港商法國興業,2024-06-07,1570
5403,中菲,6,0,6,港商法國興業,2024-06-07,1570
2885,元大金,5,0,5,港商法國興業,2024-06-07,1570
4128,中天,5,0,5,港商法國興業,2024-06-07,1570
6282,康舒,5,0,5,港商法國興業,2024-06-07,1570
2610,華航,1818,0,1818,港商法國興業,2024-06-11,1570
2892,第一金,577,0,577,港商法國興業,2024-06-11,1570
2330,台積電,497,30,467,港商法國興業,2024-06-11,1570
2888,新光金,346,0,346,港商法國興業,2024-06-11,1570
8926,台汽電,345,0,345,港商法國興業,2024-06-11,1570
9945,潤泰新,304,0,304,港商法國興業,2024-06-11,1570
2344,華邦電,230,0,230,港商法國興業,2024-06-11,1570
6770,力積電,227,0,227,港商法國興業,2024-06-11,1570
6120,達運,190,0,190,港商法國興業,2024-06-11,1570
2915,潤泰全,179,0,179,港商法國興業,2024-06-11,1570
2887,台新金,167,0,167,港商法國興業,2024-06-11,1570
2014,中鴻,135,0,135,港商法國興業,2024-06-11,1570
2049,上銀,146,11,135,港商法國興業,2024-06-11,1570
6182,合晶,128,0,128,港商法國興業,2024-06-11,1570
6282,康舒,125,0,125,港商法國興業,2024-06-11,1570
5531,鄉林,121,0,121,港商法國興業,2024-06-11,1570
5880,合庫金,117,0,117,港商法國興業,2024-06-11,1570
4128,中天,114,0,114,港商法國興業,2024-06-11,1570
2481,強茂,99,0,99,港商法國興業,2024-06-11,1570
9907,統一實,96,0,96,港商法國興業,2024-06-11,1570
1101,台泥,94,0,94,港商法國興業,2024-06-11,1570
6235,華孚,93,0,93,港商法國興業,2024-06-11,1570
2412,中華電,134,42,92,港商法國興業,2024-06-11,1570
2027,大成鋼,84,0,84,港商法國興業,2024-06-11,1570
2353,宏��,80,0,80,港商法國興業,2024-06-11,1570
1104,環泥,61,0,61,港商法國興業,2024-06-11,1570
6196,帆宣,57,0,57,港商法國興業,2024-06-11,1570
1326,台化,55,0,55,港商法國興業,2024-06-11,1570
2457,飛宏,55,0,55,港商法國興業,2024-06-11,1570
4743,合一,54,0,54,港商法國興業,2024-06-11,1570
1303,南亞,53,0,53,港商法國興業,2024-06-11,1570
2903,遠百,53,0,53,港商法國興業,2024-06-11,1570
2303,聯電,49,0,49,港商法國興業,2024-06-11,1570
1519,華城,45,0,45,港商法國興業,2024-06-11,1570
3189,景碩,45,0,45,港商法國興業,2024-06-11,1570
2324,仁寶,50,6,44,港商法國興業,2024-06-11,1570
6505,台塑化,44,0,44,港商法國興業,2024-06-11,1570
1808,潤隆,43,0,43,港商法國興業,2024-06-11,1570
2201,裕隆,42,0,42,港商法國興業,2024-06-11,1570
2498,宏達電,40,0,40,港商法國興業,2024-06-11,1570
4123,晟德,40,0,40,港商法國興業,2024-06-11,1570
5347,世界,39,0,39,港商法國興業,2024-06-11,1570
8150,南茂,39,0,39,港商法國興業,2024-06-11,1570
2449,京元電子,36,0,36,港商法國興業,2024-06-11,1570
9802,鈺齊-KY,36,0,36,港商法國興業,2024-06-11,1570
4746,台耀,34,0,34,港商法國興業,2024-06-11,1570
3006,晶豪科,32,0,32,港商法國興業,2024-06-11,1570
2634,漢翔,30,0,30,港商法國興業,2024-06-11,1570
1108,幸福,29,0,29,港商法國興業,2024-06-11,1570
6147,頎邦,29,0,29,港商法國興業,2024-06-11,1570
2330,台積電,1153,0,1153,港商法國興業,2024-06-12,1570
2610,華航,1140,0,1140,港商法國興業,2024-06-12,1570
3481,群創,1130,0,1130,港商法國興業,2024-06-12,1570
2412,中華電,390,0,390,港商法國興業,2024-06-12,1570
2881,富邦金,357,133,224,港商法國興業,2024-06-12,1570
8926,台汽電,74,0,74,港商法國興業,2024-06-12,1570
4906,正文,50,0,50,港商法國興業,2024-06-12,1570
6182,合晶,44,0,44,港商法國興業,2024-06-12,1570
2338,光罩,43,0,43,港商法國興業,2024-06-12,1570
2888,新光金,43,0,43,港商法國興業,2024-06-12,1570
5531,鄉林,34,0,34,港商法國興業,2024-06-12,1570
6120,達運,32,0,32,港商法國興業,2024-06-12,1570
1785,光洋科,31,0,31,港商法國興業,2024-06-12,1570
9945,潤泰新,30,0,30,港商法國興業,2024-06-12,1570
1504,東元,29,0,29,港商法國興業,2024-06-12,1570
3048,益登,29,0,29,港商法國興業,2024-06-12,1570
1808,潤隆,26,0,26,港商法國興業,2024-06-12,1570
2382,廣達,81,55,26,港商法國興業,2024-06-12,1570
3029,零壹,25,0,25,港商法國興業,2024-06-12,1570
6438,迅得,25,0,25,港商法國興業,2024-06-12,1570
8271,宇瞻,24,0,24,港商法國興業,2024-06-12,1570
2891,中信金,23,0,23,港商法國興業,2024-06-12,1570
2476,鉅祥,20,0,20,港商法國興業,2024-06-12,1570
2376,技嘉,18,0,18,港商法國興業,2024-06-12,1570
4743,合一,18,0,18,港商法國興業,2024-06-12,1570
9802,鈺齊-KY,17,0,17,港商法國興業,2024-06-12,1570
4576,大銀微系統,16,0,16,港商法國興業,2024-06-12,1570
2515,中工,15,0,15,港商法國興業,2024-06-12,1570
2903,遠百,15,0,15,港商法國興業,2024-06-12,1570
6830,汎銓,13,0,13,港商法國興業,2024-06-12,1570
1587,吉茂,12,0,12,港商法國興業,2024-06-12,1570
3034,聯詠,12,0,12,港商法國興業,2024-06-12,1570
4128,中天,10,0,10,港商法國興業,2024-06-12,1570
2404,漢唐,9,0,9,港商法國興業,2024-06-12,1570
5425,台半,9,0,9,港商法國興業,2024-06-12,1570
1560,中砂,8,0,8,港商法國興業,2024-06-12,1570
3324,雙鴻,8,0,8,港商法國興業,2024-06-12,1570
5403,中菲,8,0,8,港商法國興業,2024-06-12,1570
9917,中保科,8,0,8,港商法國興業,2024-06-12,1570
2020,美亞,7,0,7,港商法國興業,2024-06-12,1570
1522,堤維西,14,7,7,港商法國興業,2024-06-12,1570
2892,第一金,7,0,7,港商法國興業,2024-06-12,1570
1108,幸福,6,0,6,港商法國興業,2024-06-12,1570
1605,華新,6,0,6,港商法國興業,2024-06-12,1570
3045,台灣大,6,0,6,港商法國興業,2024-06-12,1570
4164,承業醫,6,0,6,港商法國興業,2024-06-12,1570
8341,日友,5,0,5,港商法國興業,2024-06-12,1570
8436,大江,5,0,5,港商法國興業,2024-06-12,1570
9943,好樂迪,5,0,5,港商法國興業,2024-06-12,1570
1614,三洋電,4,0,4,港商法國興業,2024-06-12,1570
2330,台積電,455,188,267,港商法國興業,2024-06-13,1570
1101,台泥,211,0,211,港商法國興業,2024-06-13,1570
2892,第一金,187,0,187,港商法國興業,2024-06-13,1570
9907,統一實,112,0,112,港商法國興業,2024-06-13,1570
3324,雙鴻,89,0,89,港商法國興業,2024-06-13,1570
2880,華南金,87,0,87,港商法國興業,2024-06-13,1570
4306,炎洲,72,0,72,港商法國興業,2024-06-13,1570
6182,合晶,61,0,61,港商法國興業,2024-06-13,1570
8926,台汽電,50,0,50,港商法國興業,2024-06-13,1570
1785,光洋科,36,0,36,港商法國興業,2024-06-13,1570
8271,宇瞻,35,0,35,港商法國興業,2024-06-13,1570
1808,潤隆,32,0,32,港商法國興業,2024-06-13,1570
2606,裕民,30,2,28,港商法國興業,2024-06-13,1570
3293,鈊象,28,0,28,港商法國興業,2024-06-13,1570
9802,鈺齊-KY,27,0,27,港商法國興業,2024-06-13,1570
5009,榮剛,24,0,24,港商法國興業,2024-06-13,1570
4576,大銀微系統,21,0,21,港商法國興業,2024-06-13,1570
6438,迅得,21,0,21,港商法國興業,2024-06-13,1570
3706,神達,20,0,20,港商法國興業,2024-06-13,1570
8936,國統,19,0,19,港商法國興業,2024-06-13,1570
1773,勝一,18,0,18,港商法國興業,2024-06-13,1570
6830,汎銓,15,0,15,港商法國興業,2024-06-13,1570
1108,幸福,14,0,14,港商法國興業,2024-06-13,1570
6416,瑞祺電通,13,0,13,港商法國興業,2024-06-13,1570
4164,承業醫,12,0,12,港商法國興業,2024-06-13,1570
6147,頎邦,12,0,12,港商法國興業,2024-06-13,1570
1513,中興電,11,0,11,港商法國興業,2024-06-13,1570
3034,聯詠,11,0,11,港商法國興業,2024-06-13,1570
9917,中保科,11,0,11,港商法國興業,2024-06-13,1570
2338,光罩,10,0,10,港商法國興業,2024-06-13,1570
2636,台驊控股,10,0,10,港商法國興業,2024-06-13,1570
6451,訊芯-KY,10,0,10,港商法國興業,2024-06-13,1570
2342,茂矽,9,0,9,港商法國興業,2024-06-13,1570
2618,長榮航,9,0,9,港商法國興業,2024-06-13,1570
3023,信邦,9,0,9,港商法國興業,2024-06-13,1570
3715,定穎投控,9,0,9,港商法國興業,2024-06-13,1570
2211,長榮鋼,8,0,8,港商法國興業,2024-06-13,1570
2404,漢唐,8,0,8,港商法國興業,2024-06-13,1570
3702,大聯大,8,0,8,港商法國興業,2024-06-13,1570
6274,台燿,8,0,8,港商法國興業,2024-06-13,1570
2542,興富發,7,0,7,港商法國興業,2024-06-13,1570
8341,日友,7,0,7,港商法國興業,2024-06-13,1570
9914,美利達,7,0,7,港商法國興業,2024-06-13,1570
2465,麗臺,6,0,6,港商法國興業,2024-06-13,1570
4123,晟德,6,0,6,港商法國興業,2024-06-13,1570
4743,合一,6,0,6,港商法國興業,2024-06-13,1570
6414,樺漢,6,0,6,港商法國興業,2024-06-13,1570
3413,京鼎,5,0,5,港商法國興業,2024-06-13,1570
4952,凌通,5,0,5,港商法國興業,2024-06-13,1570
4551,智伸科,4,0,4,港商法國興業,2024-06-13,1570
1101,台泥,740,0,740,港商法國興業,2024-06-14,1570
2892,第一金,680,0,680,港商法國興業,2024-06-14,1570
2330,台積電,548,9,539,港商法國興業,2024-06-14,1570
2312,金寶,250,0,250,港商法國興業,2024-06-14,1570
8926,台汽電,220,0,220,港商法國興業,2024-06-14,1570
1808,潤隆,160,0,160,港商法國興業,2024-06-14,1570
1301,台塑,151,0,151,港商法國興業,2024-06-14,1570
1785,光洋科,93,0,93,港商法國興業,2024-06-14,1570
5009,榮剛,77,0,77,港商法國興業,2024-06-14,1570
2204,中華,75,0,75,港商法國興業,2024-06-14,1570
2355,敬鵬,68,0,68,港商法國興業,2024-06-14,1570
1455,集盛,59,0,59,港商法國興業,2024-06-14,1570
9802,鈺齊-KY,54,0,54,港商法國興業,2024-06-14,1570
6182,合晶,48,0,48,港商法國興業,2024-06-14,1570
3006,晶豪科,43,0,43,港商法國興業,2024-06-14,1570
2606,裕民,40,0,40,港商法國興業,2024-06-14,1570
1504,東元,50,14,36,港商法國興業,2024-06-14,1570
3030,德律,32,0,32,港商法國興業,2024-06-14,1570
2515,中工,23,0,23,港商法國興業,2024-06-14,1570
3049,精金,23,0,23,港商法國興業,2024-06-14,1570
6147,頎邦,23,0,23,港商法國興業,2024-06-14,1570
3081,聯亞,21,0,21,港商法國興業,2024-06-14,1570
3293,鈊象,16,0,16,港商法國興業,2024-06-14,1570
8271,宇瞻,15,0,15,港商法國興業,2024-06-14,1570
9945,潤泰新,15,0,15,港商法國興業,2024-06-14,1570
6416,瑞祺電通,14,0,14,港商法國興業,2024-06-14,1570
4576,大銀微系統,13,0,13,港商法國興業,2024-06-14,1570
2367,燿華,12,0,12,港商法國興業,2024-06-14,1570
2382,廣達,14,2,12,港商法國興業,2024-06-14,1570
2618,長榮航,12,0,12,港商法國興業,2024-06-14,1570
3034,聯詠,11,0,11,港商法國興業,2024-06-14,1570
9907,統一實,11,0,11,港商法國興業,2024-06-14,1570
1614,三洋電,9,0,9,港商法國興業,2024-06-14,1570
4551,智伸科,9,0,9,港商法國興業,2024-06-14,1570
6770,力積電,9,0,9,港商法國興業,2024-06-14,1570
2458,義隆,8,0,8,港商法國興業,2024-06-14,1570
6412,群電,8,0,8,港商法國興業,2024-06-14,1570
1108,幸福,7,0,7,港商法國興業,2024-06-14,1570
3661,世芯-KY,7,0,7,港商法國興業,2024-06-14,1570
2392,正崴,6,0,6,港商法國興業,2024-06-14,1570
8341,日友,6,0,6,港商法國興業,2024-06-14,1570
9917,中保科,6,0,6,港商法國興業,2024-06-14,1570
2528,皇普,5,0,5,港商法國興業,2024-06-14,1570
8016,矽創,5,0,5,港商法國興業,2024-06-14,1570
8210,勤誠,5,0,5,港商法國興業,2024-06-14,1570
6438,迅得,4,0,4,港商法國興業,2024-06-14,1570
8163,達方,4,0,4,港商法國興業,2024-06-14,1570
1519,華城,3,0,3,港商法國興業,2024-06-14,1570
2884,玉山金,40,37,3,港商法國興業,2024-06-14,1570
3533,嘉澤,3,0,3,港商法國興業,2024-06-14,1570
2542,興富發,694,0,694,港商法國興業,2024-06-17,1570
3481,群創,369,3,366,港商法國興業,2024-06-17,1570
2892,第一金,299,9,290,港商法國興業,2024-06-17,1570
1455,集盛,112,0,112,港商法國興業,2024-06-17,1570
6120,達運,112,0,112,港商法國興業,2024-06-17,1570
5439,高技,111,0,111,港商法國興業,2024-06-17,1570
5009,榮剛,109,0,109,港商法國興業,2024-06-17,1570
1513,中興電,110,8,102,港商法國興業,2024-06-17,1570
1101,台泥,100,0,100,港商法國興業,2024-06-17,1570
4938,和碩,61,0,61,港商法國興業,2024-06-17,1570
2355,敬鵬,57,0,57,港商法國興業,2024-06-17,1570
2515,中工,52,0,52,港商法國興業,2024-06-17,1570
6284,佳邦,36,0,36,港商法國興業,2024-06-17,1570
1301,台塑,34,0,34,港商法國興業,2024-06-17,1570
1104,環泥,33,0,33,港商法國興業,2024-06-17,1570
8271,宇瞻,33,0,33,港商法國興業,2024-06-17,1570
4306,炎洲,32,0,32,港商法國興業,2024-06-17,1570
4919,新唐,32,0,32,港商法國興業,2024-06-17,1570
2330,台積電,63,39,24,港商法國興業,2024-06-17,1570
9945,潤泰新,21,0,21,港商法國興業,2024-06-17,1570
1808,潤隆,20,0,20,港商法國興業,2024-06-17,1570
3049,精金,19,0,19,港商法國興業,2024-06-17,1570
2332,友訊,18,0,18,港商法國興業,2024-06-17,1570
9802,鈺齊-KY,17,0,17,港商法國興業,2024-06-17,1570
6438,迅得,15,0,15,港商法國興業,2024-06-17,1570
2020,美亞,12,0,12,港商法國興業,2024-06-17,1570
2540,愛山林,12,0,12,港商法國興業,2024-06-17,1570
3661,世芯-KY,12,0,12,港商法國興業,2024-06-17,1570
1614,三洋電,11,0,11,港商法國興業,2024-06-17,1570
2451,創見,10,0,10,港商法國興業,2024-06-17,1570
6274,台燿,10,0,10,港商法國興業,2024-06-17,1570
2409,友達,9,0,9,港商法國興業,2024-06-17,1570
3209,全科,9,0,9,港商法國興業,2024-06-17,1570
9943,好樂迪,8,0,8,港商法國興業,2024-06-17,1570
2385,群光,6,0,6,港商法國興業,2024-06-17,1570
2354,鴻準,6,0,6,港商法國興業,2024-06-17,1570
3703,欣陸,6,0,6,港商法國興業,2024-06-17,1570
6411,晶焱,6,0,6,港商法國興業,2024-06-17,1570
6770,力積電,6,0,6,港商法國興業,2024-06-17,1570
8478,東哥遊艇,6,0,6,港商法國興業,2024-06-17,1570
2353,宏��,5,0,5,港商法國興業,2024-06-17,1570
3704,合勤控,5,0,5,港商法國興業,2024-06-17,1570
4743,合一,5,0,5,港商法國興業,2024-06-17,1570
4968,立積,5,0,5,港商法國興業,2024-06-17,1570
5511,德昌,5,0,5,港商法國興業,2024-06-17,1570
8210,勤誠,10,5,5,港商法國興業,2024-06-17,1570
2903,遠百,4,0,4,港商法國興業,2024-06-17,1570
2382,廣達,4,1,3,港商法國興業,2024-06-17,1570
2360,致茂,3,0,3,港商法國興業,2024-06-17,1570
3045,台灣大,3,0,3,港商法國興業,2024-06-17,1570
1301,台塑,264,0,264,港商法國興業,2024-06-18,1570
5009,榮剛,252,0,252,港商法國興業,2024-06-18,1570
2542,興富發,207,0,207,港商法國興業,2024-06-18,1570
2330,台積電,209,9,200,港商法國興業,2024-06-18,1570
1785,光洋科,162,0,162,港商法國興業,2024-06-18,1570
1802,台玻,122,0,122,港商法國興業,2024-06-18,1570
1513,中興電,121,0,121,港商法國興業,2024-06-18,1570
1101,台泥,119,0,119,港商法國興業,2024-06-18,1570
2884,玉山金,100,0,100,港商法國興業,2024-06-18,1570
6770,力積電,93,0,93,港商法國興業,2024-06-18,1570
2355,敬鵬,84,0,84,港商法國興業,2024-06-18,1570
2515,中工,78,0,78,港商法國興業,2024-06-18,1570
1717,長興,75,0,75,港商法國興業,2024-06-18,1570
2409,友達,57,0,57,港商法國興業,2024-06-18,1570
2208,台船,51,0,51,港商法國興業,2024-06-18,1570
2344,華邦電,50,0,50,港商法國興業,2024-06-18,1570
3037,欣興,50,0,50,港商法國興業,2024-06-18,1570
5347,世界,49,0,49,港商法國興業,2024-06-18,1570
2903,遠百,37,0,37,港商法國興業,2024-06-18,1570
2492,華新科,36,0,36,港商法國興業,2024-06-18,1570
8271,宇瞻,31,0,31,港商法國興業,2024-06-18,1570
2889,國票金,23,0,23,港商法國興業,2024-06-18,1570
2204,中華,32,10,22,港商法國興業,2024-06-18,1570
1305,華夏,22,0,22,港商法國興業,2024-06-18,1570
9945,潤泰新,20,0,20,港商法國興業,2024-06-18,1570
8374,羅昇,19,0,19,港商法國興業,2024-06-18,1570
1455,集盛,18,0,18,港商法國興業,2024-06-18,1570
6274,台燿,18,0,18,港商法國興業,2024-06-18,1570
9802,鈺齊-KY,18,0,18,港商法國興業,2024-06-18,1570
2892,第一金,17,0,17,港商法國興業,2024-06-18,1570
4919,新唐,16,0,16,港商法國興業,2024-06-18,1570
3260,威剛,15,0,15,港商法國興業,2024-06-18,1570
2020,美亞,13,0,13,港商法國興業,2024-06-18,1570
2528,皇普,11,0,11,港商法國興業,2024-06-18,1570
1808,潤隆,10,0,10,港商法國興業,2024-06-18,1570
3209,全科,10,0,10,港商法國興業,2024-06-18,1570
3703,欣陸,10,0,10,港商法國興業,2024-06-18,1570
3704,合勤控,9,0,9,港商法國興業,2024-06-18,1570
8936,國統,9,0,9,港商法國興業,2024-06-18,1570
4551,智伸科,8,0,8,港商法國興業,2024-06-18,1570
5871,中租-KY,8,0,8,港商法國興業,2024-06-18,1570
9914,美利達,8,0,8,港商法國興業,2024-06-18,1570
3023,信邦,7,0,7,港商法國興業,2024-06-18,1570
2360,致茂,6,0,6,港商法國興業,2024-06-18,1570
2345,智邦,6,0,6,港商法國興業,2024-06-18,1570
6789,采鈺,6,0,6,港商法國興業,2024-06-18,1570
8478,東哥遊艇,6,0,6,港商法國興業,2024-06-18,1570
1614,三洋電,5,0,5,港商法國興業,2024-06-18,1570
3515,華擎,5,0,5,港商法國興業,2024-06-18,1570
4766,南寶,5,0,5,港商法國興業,2024-06-18,1570
2330,台積電,1447,82,1365,港商法國興業,2024-06-19,1570
9945,潤泰新,340,0,340,港商法國興業,2024-06-19,1570
3037,欣興,250,0,250,港商法國興業,2024-06-19,1570
2610,華航,216,0,216,港商法國興業,2024-06-19,1570
1785,光洋科,187,0,187,港商法國興業,2024-06-19,1570
2367,燿華,152,0,152,港商法國興業,2024-06-19,1570
2884,玉山金,152,0,152,港商法國興業,2024-06-19,1570
5009,榮剛,145,0,145,港商法國興業,2024-06-19,1570
2313,華通,116,9,107,港商法國興業,2024-06-19,1570
2208,台船,106,0,106,港商法國興業,2024-06-19,1570
2312,金寶,100,0,100,港商法國興業,2024-06-19,1570
2353,宏��,92,0,92,港商法國興業,2024-06-19,1570
2204,中華,89,0,89,港商法國興業,2024-06-19,1570
3703,欣陸,86,0,86,港商法國興業,2024-06-19,1570
8070,長華*,84,0,84,港商法國興業,2024-06-19,1570
2451,創見,57,0,57,港商法國興業,2024-06-19,1570
5347,世界,51,0,51,港商法國興業,2024-06-19,1570
1104,環泥,50,0,50,港商法國興業,2024-06-19,1570
2881,富邦金,45,0,45,港商法國興業,2024-06-19,1570
9904,寶成,40,0,40,港商法國興業,2024-06-19,1570
2338,光罩,36,0,36,港商法國興業,2024-06-19,1570
3189,景碩,36,0,36,港商法國興業,2024-06-19,1570
2481,強茂,33,0,33,港商法國興業,2024-06-19,1570
2888,新光金,32,0,32,港商法國興業,2024-06-19,1570
2618,長榮航,30,0,30,港商法國興業,2024-06-19,1570
2889,國票金,26,0,26,港商法國興業,2024-06-19,1570
4938,和碩,19,0,19,港商法國興業,2024-06-19,1570
9914,美利達,18,0,18,港商法國興業,2024-06-19,1570
1504,東元,16,0,16,港商法國興業,2024-06-19,1570
2636,台驊控股,45,29,16,港商法國興業,2024-06-19,1570
9802,鈺齊-KY,16,0,16,港商法國興業,2024-06-19,1570
6412,群電,13,0,13,港商法國興業,2024-06-19,1570
2492,華新科,12,0,12,港商法國興業,2024-06-19,1570
3704,合勤控,12,0,12,港商法國興業,2024-06-19,1570
2360,致茂,10,0,10,港商法國興業,2024-06-19,1570
2345,智邦,10,0,10,港商法國興業,2024-06-19,1570
2891,中信金,9,0,9,港商法國興業,2024-06-19,1570
4551,智伸科,9,0,9,港商法國興業,2024-06-19,1570
6414,樺漢,9,0,9,港商法國興業,2024-06-19,1570
2528,皇普,8,0,8,港商法國興業,2024-06-19,1570
1514,亞力,7,0,7,港商法國興業,2024-06-19,1570
6182,合晶,7,0,7,港商法國興業,2024-06-19,1570
2362,藍天,32,26,6,港商法國興業,2024-06-19,1570
1614,三洋電,6,0,6,港商法國興業,2024-06-19,1570
2489,瑞軒,6,0,6,港商法國興業,2024-06-19,1570
2020,美亞,5,0,5,港商法國興業,2024-06-19,1570
3413,京鼎,5,0,5,港商法國興業,2024-06-19,1570
2395,研華,4,0,4,港商法國興業,2024-06-19,1570
2327,國巨,4,0,4,港商法國興業,2024-06-19,1570
1319,東陽,4,0,4,港商法國興業,2024-06-19,1570
2610,華航,578,0,578,港商法國興業,2024-06-20,1570
2891,中信金,488,0,488,港商法國興業,2024-06-20,1570
2330,台積電,480,31,449,港商法國興業,2024-06-20,1570
1605,華新,341,0,341,港商法國興業,2024-06-20,1570
5009,榮剛,291,0,291,港商法國興業,2024-06-20,1570
1101,台泥,263,0,263,港商法國興業,2024-06-20,1570
2890,永豐金,226,0,226,港商法國興業,2024-06-20,1570
2885,元大金,221,0,221,港商法國興業,2024-06-20,1570
3711,日月光投控,218,21,197,港商法國興業,2024-06-20,1570
1409,新纖,191,0,191,港商法國興業,2024-06-20,1570
8070,長華*,183,0,183,港商法國興業,2024-06-20,1570
2313,華通,200,20,180,港商法國興業,2024-06-20,1570
2886,兆豐金,150,0,150,港商法國興業,2024-06-20,1570
2353,宏��,145,0,145,港商法國興業,2024-06-20,1570
3324,雙鴻,144,0,144,港商法國興業,2024-06-20,1570
4938,和碩,133,0,133,港商法國興業,2024-06-20,1570
2834,臺企銀,128,0,128,港商法國興業,2024-06-20,1570
2892,第一金,114,0,114,港商法國興業,2024-06-20,1570
6182,合晶,103,0,103,港商法國興業,2024-06-20,1570
2002,中鋼,100,0,100,港商法國興業,2024-06-20,1570
3189,景碩,100,0,100,港商法國興業,2024-06-20,1570
2324,仁寶,97,0,97,港商法國興業,2024-06-20,1570
2881,富邦金,107,50,57,港商法國興業,2024-06-20,1570
2356,英業達,51,0,51,港商法國興業,2024-06-20,1570
2605,新興,50,0,50,港商法國興業,2024-06-20,1570
2606,裕民,50,0,50,港商法國興業,2024-06-20,1570
5347,世界,48,0,48,港商法國興業,2024-06-20,1570
8112,至上,47,0,47,港商法國興業,2024-06-20,1570
2382,廣達,101,56,45,港商法國興業,2024-06-20,1570
3702,大聯大,41,0,41,港商法國興業,2024-06-20,1570
9802,鈺齊-KY,41,0,41,港商法國興業,2024-06-20,1570
6213,聯茂,40,0,40,港商法國興業,2024-06-20,1570
4915,致伸,37,0,37,港商法國興業,2024-06-20,1570
2338,光罩,35,0,35,港商法國興業,2024-06-20,1570
2889,國票金,34,0,34,港商法國興業,2024-06-20,1570
3231,緯創,62,28,34,港商法國興業,2024-06-20,1570
3703,欣陸,29,0,29,港商法國興業,2024-06-20,1570
2208,台船,28,0,28,港商法國興業,2024-06-20,1570
2515,中工,25,0,25,港商法國興業,2024-06-20,1570
1513,中興電,24,0,24,港商法國興業,2024-06-20,1570
1504,東元,24,0,24,港商法國興業,2024-06-20,1570
2105,正新,21,0,21,港商法國興業,2024-06-20,1570
2303,聯電,20,0,20,港商法國興業,2024-06-20,1570
4967,十銓,20,0,20,港商法國興業,2024-06-20,1570
2347,聯強,19,0,19,港商法國興業,2024-06-20,1570
3014,聯陽,19,0,19,港商法國興業,2024-06-20,1570
3704,合勤控,18,0,18,港商法國興業,2024-06-20,1570
1560,中砂,15,0,15,港商法國興業,2024-06-20,1570
3005,神基,14,0,14,港商法國興業,2024-06-20,1570
3661,世芯-KY,14,0,14,港商法國興業,2024-06-20,1570
2303,聯電,2741,0,2741,港商法國興業,2024-06-21,1570
2892,第一金,2725,51,2674,港商法國興業,2024-06-21,1570
3481,群創,2106,0,2106,港商法國興業,2024-06-21,1570
2888,新光金,2060,0,2060,港商法國興業,2024-06-21,1570
2881,富邦金,1189,52,1137,港商法國興業,2024-06-21,1570
2330,台積電,1039,12,1027,港商法國興業,2024-06-21,1570
1409,新纖,981,0,981,港商法國興業,2024-06-21,1570
2344,華邦電,852,0,852,港商法國興業,2024-06-21,1570
1101,台泥,774,0,774,港商法國興業,2024-06-21,1570
2891,中信金,706,12,694,港商法國興業,2024-06-21,1570
2610,華航,687,10,677,港商法國興業,2024-06-21,1570
2889,國票金,662,0,662,港商法國興業,2024-06-21,1570
2883,凱基金,638,0,638,港商法國興業,2024-06-21,1570
1303,南亞,701,69,632,港商法國興業,2024-06-21,1570
2884,玉山金,591,9,582,港商法國興業,2024-06-21,1570
2886,兆豐金,460,6,454,港商法國興業,2024-06-21,1570
2887,台新金,448,11,437,港商法國興業,2024-06-21,1570
2890,永豐金,420,10,410,港商法國興業,2024-06-21,1570
2882,國泰金,380,9,371,港商法國興業,2024-06-21,1570
2002,中鋼,470,110,360,港商法國興業,2024-06-21,1570
2409,友達,260,0,260,港商法國興業,2024-06-21,1570
2449,京元電子,260,0,260,港商法國興業,2024-06-21,1570
2834,臺企銀,251,0,251,港商法國興業,2024-06-21,1570
6505,台塑化,247,0,247,港商法國興業,2024-06-21,1570
2801,彰銀,216,0,216,港商法國興業,2024-06-21,1570
1216,統一,192,0,192,港商法國興業,2024-06-21,1570
2880,華南金,423,245,178,港商法國興業,2024-06-21,1570
2324,仁寶,171,0,171,港商法國興業,2024-06-21,1570
3189,景碩,169,0,169,港商法國興業,2024-06-21,1570
2353,宏��,168,0,168,港商法國興業,2024-06-21,1570
5876,上海商銀,152,0,152,港商法國興業,2024-06-21,1570
3324,雙鴻,151,0,151,港商法國興業,2024-06-21,1570
3711,日月光投控,150,0,150,港商法國興業,2024-06-21,1570
1301,台塑,152,4,148,港商法國興業,2024-06-21,1570
2412,中華電,150,2,148,港商法國興業,2024-06-21,1570
1785,光洋科,147,0,147,港商法國興業,2024-06-21,1570
6415,矽力*-KY,133,3,130,港商法國興業,2024-06-21,1570
1605,華新,118,0,118,港商法國興業,2024-06-21,1570
9904,寶成,118,0,118,港商法國興業,2024-06-21,1570
5880,合庫金,410,294,116,港商法國興業,2024-06-21,1570
1326,台化,140,26,114,港商法國興業,2024-06-21,1570
2337,旺宏,110,0,110,港商法國興業,2024-06-21,1570
2382,廣達,109,2,107,港商法國興業,2024-06-21,1570
2356,英業達,106,0,106,港商法國興業,2024-06-21,1570
2618,長榮航,112,6,106,港商法國興業,2024-06-21,1570
2352,佳世達,165,61,104,港商法國興業,2024-06-21,1570
3231,緯創,104,0,104,港商法國興業,2024-06-21,1570
1102,亞泥,96,0,96,港商法國興業,2024-06-21,1570
2308,台達電,101,10,91,港商法國興業,2024-06-21,1570
8070,長華*,90,0,90,港商法國興業,2024-06-21,1570
3481,群創,5802,0,5802,港商法國興業,2024-06-24,1570
3062,建漢,2435,0,2435,港商法國興業,2024-06-24,1570
2609,陽明,1847,0,1847,港商法國興業,2024-06-24,1570
2883,凱基金,987,0,987,港商法國興業,2024-06-24,1570
2308,台達電,981,0,981,港商法國興業,2024-06-24,1570
2884,玉山金,652,0,652,港商法國興業,2024-06-24,1570
2313,華通,550,0,550,港商法國興業,2024-06-24,1570
9904,寶成,488,20,468,港商法國興業,2024-06-24,1570
1409,新纖,445,0,445,港商法國興業,2024-06-24,1570
2834,臺企銀,396,0,396,港商法國興業,2024-06-24,1570
2392,正崴,384,0,384,港商法國興業,2024-06-24,1570
2344,華邦電,413,30,383,港商法國興業,2024-06-24,1570
8110,華東,373,5,368,港商法國興業,2024-06-24,1570
2607,榮運,330,0,330,港商法國興業,2024-06-24,1570
5871,中租-KY,320,0,320,港商法國興業,2024-06-24,1570
2615,萬海,267,0,267,港商法國興業,2024-06-24,1570
2356,英業達,262,0,262,港商法國興業,2024-06-24,1570
2889,國票金,218,0,218,港商法國興業,2024-06-24,1570
1447,力鵬,217,0,217,港商法國興業,2024-06-24,1570
2347,聯強,188,0,188,港商法國興業,2024-06-24,1570
3711,日月光投控,178,0,178,港商法國興業,2024-06-24,1570
5443,均豪,176,0,176,港商法國興業,2024-06-24,1570
6152,百一,175,0,175,港商法國興業,2024-06-24,1570
1101,台泥,155,0,155,港商法國興業,2024-06-24,1570
3305,昇貿,138,0,138,港商法國興業,2024-06-24,1570
2887,台新金,135,0,135,港商法國興業,2024-06-24,1570
2204,中華,114,0,114,港商法國興業,2024-06-24,1570
1785,光洋科,111,0,111,港商法國興業,2024-06-24,1570
3289,宜特,111,0,111,港商法國興業,2024-06-24,1570
2406,國碩,106,0,106,港商法國興業,2024-06-24,1570
2504,國產,88,0,88,港商法國興業,2024-06-24,1570
6164,華興,84,0,84,港商法國興業,2024-06-24,1570
3712,永崴投控,83,0,83,港商法國興業,2024-06-24,1570
4960,誠美材,83,0,83,港商法國興業,2024-06-24,1570
3303,岱稜,80,0,80,港商法國興業,2024-06-24,1570
2472,立隆電,73,0,73,港商法國興業,2024-06-24,1570
6509,聚和,73,0,73,港商法國興業,2024-06-24,1570
3019,亞光,65,0,65,港商法國興業,2024-06-24,1570
6284,佳邦,55,0,55,港商法國興業,2024-06-24,1570
2882,國泰金,52,0,52,港商法國興業,2024-06-24,1570
2605,新興,50,0,50,港商法國興業,2024-06-24,1570
2481,強茂,49,0,49,港商法國興業,2024-06-24,1570
3591,艾笛森,48,0,48,港商法國興業,2024-06-24,1570
1708,東鹼,43,0,43,港商法國興業,2024-06-24,1570
2355,敬鵬,40,0,40,港商法國興業,2024-06-24,1570
2374,佳能,37,0,37,港商法國興業,2024-06-24,1570
2338,光罩,35,0,35,港商法國興業,2024-06-24,1570
8383,千附,34,0,34,港商法國興業,2024-06-24,1570
5484,慧友,33,0,33,港商法國興業,2024-06-24,1570
3703,欣陸,32,0,32,港商法國興業,2024-06-24,1570
2409,友達,5881,0,5881,港商法國興業,2024-06-25,1570
2883,凱基金,1702,0,1702,港商法國興業,2024-06-25,1570
2610,華航,972,0,972,港商法國興業,2024-06-25,1570
2882,國泰金,741,0,741,港商法國興業,2024-06-25,1570
2313,華通,656,0,656,港商法國興業,2024-06-25,1570
3535,晶彩科,630,0,630,港商法國興業,2024-06-25,1570
9904,寶成,571,0,571,港商法國興業,2024-06-25,1570
3037,欣興,567,0,567,港商法國興業,2024-06-25,1570
2330,台積電,508,14,494,港商法國興業,2024-06-25,1570
2382,廣達,507,24,483,港商法國興業,2024-06-25,1570
2371,大同,388,0,388,港商法國興業,2024-06-25,1570
2891,中信金,364,2,362,港商法國興業,2024-06-25,1570
2308,台達電,342,0,342,港商法國興業,2024-06-25,1570
8110,華東,322,0,322,港商法國興業,2024-06-25,1570
2887,台新金,320,0,320,港商法國興業,2024-06-25,1570
2834,臺企銀,316,0,316,港商法國興業,2024-06-25,1570
2884,玉山金,290,0,290,港商法國興業,2024-06-25,1570
2609,陽明,289,0,289,港商法國興業,2024-06-25,1570
2888,新光金,270,0,270,港商法國興業,2024-06-25,1570
2002,中鋼,265,0,265,港商法國興業,2024-06-25,1570
1303,南亞,253,0,253,港商法國興業,2024-06-25,1570
2886,兆豐金,237,0,237,港商法國興業,2024-06-25,1570
2303,聯電,232,0,232,港商法國興業,2024-06-25,1570
2890,永豐金,224,0,224,港商法國興業,2024-06-25,1570
2892,第一金,224,0,224,港商法國興業,2024-06-25,1570
1101,台泥,219,0,219,港商法國興業,2024-06-25,1570
2801,彰銀,218,0,218,港商法國興業,2024-06-25,1570
3712,永崴投控,214,0,214,港商法國興業,2024-06-25,1570
5880,合庫金,211,0,211,港商法國興業,2024-06-25,1570
6152,百一,193,0,193,港商法國興業,2024-06-25,1570
2607,榮運,190,0,190,港商法國興業,2024-06-25,1570
2880,華南金,182,0,182,港商法國興業,2024-06-25,1570
2449,京元電子,178,0,178,港商法國興業,2024-06-25,1570
1326,台化,161,0,161,港商法國興業,2024-06-25,1570
2881,富邦金,160,0,160,港商法國興業,2024-06-25,1570
2504,國產,148,0,148,港商法國興業,2024-06-25,1570
2615,萬海,170,23,147,港商法國興業,2024-06-25,1570
1409,新纖,133,0,133,港商法國興業,2024-06-25,1570
2889,國票金,129,0,129,港商法國興業,2024-06-25,1570
6284,佳邦,122,0,122,港商法國興業,2024-06-25,1570
3303,岱稜,117,0,117,港商法國興業,2024-06-25,1570
3289,宜特,113,0,113,港商法國興業,2024-06-25,1570
1314,中石化,100,0,100,港商法國興業,2024-06-25,1570
6890,來億-KY,100,0,100,港商法國興業,2024-06-25,1570
1216,統一,99,0,99,港商法國興業,2024-06-25,1570
3711,日月光投控,155,57,98,港商法國興業,2024-06-25,1570
2356,英業達,94,0,94,港商法國興業,2024-06-25,1570
2353,宏��,92,0,92,港商法國興業,2024-06-25,1570
1708,東鹼,90,0,90,港商法國興業,2024-06-25,1570
2324,仁寶,86,0,86,港商法國興業,2024-06-25,1570
2409,友達,2076,0,2076,港商法國興業,2024-06-26,1570
2609,陽明,1568,5,1563,港商法國興業,2024-06-26,1570
2610,華航,997,0,997,港商法國興業,2024-06-26,1570
9904,寶成,1110,190,920,港商法國興業,2024-06-26,1570
2881,富邦金,880,5,875,港商法國興業,2024-06-26,1570
2883,凱基金,647,0,647,港商法國興業,2024-06-26,1570
2406,國碩,618,0,618,港商法國興業,2024-06-26,1570
2882,國泰金,550,0,550,港商法國興業,2024-06-26,1570
2382,廣達,377,0,377,港商法國興業,2024-06-26,1570
6152,百一,320,0,320,港商法國興業,2024-06-26,1570
2317,鴻海,292,0,292,港商法國興業,2024-06-26,1570
2313,華通,269,0,269,港商法國興業,2024-06-26,1570
3712,永崴投控,209,0,209,港商法國興業,2024-06-26,1570
2204,中華,203,0,203,港商法國興業,2024-06-26,1570
6164,華興,188,0,188,港商法國興業,2024-06-26,1570
1447,力鵬,185,0,185,港商法國興業,2024-06-26,1570
2392,正崴,172,0,172,港商法國興業,2024-06-26,1570
2308,台達電,155,0,155,港商法國興業,2024-06-26,1570
2883B,凱基金乙特,131,0,131,港商法國興業,2024-06-26,1570
4938,和碩,130,0,130,港商法國興業,2024-06-26,1570
2812,台中銀,125,0,125,港商法國興業,2024-06-26,1570
1303,南亞,121,8,113,港商法國興業,2024-06-26,1570
6257,矽格,107,0,107,港商法國興業,2024-06-26,1570
5483,中美晶,102,0,102,港商法國興業,2024-06-26,1570
1217,愛之味,99,0,99,港商法國興業,2024-06-26,1570
1708,東鹼,97,0,97,港商法國興業,2024-06-26,1570
2495,普安,94,0,94,港商法國興業,2024-06-26,1570
1326,台化,92,0,92,港商法國興業,2024-06-26,1570
2801,彰銀,377,298,79,港商法國興業,2024-06-26,1570
3376,新日興,82,4,78,港商法國興業,2024-06-26,1570
6890,來億-KY,71,0,71,港商法國興業,2024-06-26,1570
2889,國票金,68,0,68,港商法國興業,2024-06-26,1570
3591,艾笛森,68,0,68,港商法國興業,2024-06-26,1570
2915,潤泰全,63,0,63,港商法國興業,2024-06-26,1570
8110,華東,113,51,62,港商法國興業,2024-06-26,1570
4114,健喬,59,0,59,港商法國興業,2024-06-26,1570
5484,慧友,58,0,58,港商法國興業,2024-06-26,1570
6472,保瑞,57,0,57,港商法國興業,2024-06-26,1570
1536,和大,54,0,54,港商法國興業,2024-06-26,1570
2855,統一證,54,0,54,港商法國興業,2024-06-26,1570
9802,鈺齊-KY,53,0,53,港商法國興業,2024-06-26,1570
9946,三發地產,52,0,52,港商法國興業,2024-06-26,1570
1717,長興,50,0,50,港商法國興業,2024-06-26,1570
1227,佳格,50,0,50,港商法國興業,2024-06-26,1570
6143,振曜,49,0,49,港商法國興業,2024-06-26,1570
6244,茂迪,47,0,47,港商法國興業,2024-06-26,1570
3535,晶彩科,45,0,45,港商法國興業,2024-06-26,1570
8091,翔名,45,0,45,港商法國興業,2024-06-26,1570
1446,宏和,44,0,44,港商法國興業,2024-06-26,1570
4549,桓達,43,0,43,港商法國興業,2024-06-26,1570
9105,泰金寶-DR,2324,0,2324,港商法國興業,2024-06-27,1570
9904,寶成,2239,0,2239,港商法國興業,2024-06-27,1570
5443,均豪,1153,0,1153,港商法國興業,2024-06-27,1570
3047,訊舟,817,0,817,港商法國興業,2024-06-27,1570
2882,國泰金,449,0,449,港商法國興業,2024-06-27,1570
3712,永崴投控,349,0,349,港商法國興業,2024-06-27,1570
1718,中纖,276,0,276,港商法國興業,2024-06-27,1570
1447,力鵬,268,0,268,港商法國興業,2024-06-27,1570
2382,廣達,263,0,263,港商法國興業,2024-06-27,1570
2883,凱基金,239,0,239,港商法國興業,2024-06-27,1570
2467,志聖,235,0,235,港商法國興業,2024-06-27,1570
6257,矽格,205,17,188,港商法國興業,2024-06-27,1570
2317,鴻海,180,2,178,港商法國興業,2024-06-27,1570
6152,百一,160,0,160,港商法國興業,2024-06-27,1570
2495,普安,150,0,150,港商法國興業,2024-06-27,1570
8926,台汽電,141,0,141,港商法國興業,2024-06-27,1570
6244,茂迪,133,0,133,港商法國興業,2024-06-27,1570
2606,裕民,131,0,131,港商法國興業,2024-06-27,1570
4906,正文,111,0,111,港商法國興業,2024-06-27,1570
6841,長佳智能,109,0,109,港商法國興業,2024-06-27,1570
2504,國產,107,0,107,港商法國興業,2024-06-27,1570
1722,台肥,104,0,104,港商法國興業,2024-06-27,1570
2548,華固,125,34,91,港商法國興業,2024-06-27,1570
5483,中美晶,83,0,83,港商法國興業,2024-06-27,1570
6164,華興,83,0,83,港商法國興業,2024-06-27,1570
1210,大成,82,0,82,港商法國興業,2024-06-27,1570
1717,長興,78,0,78,港商法國興業,2024-06-27,1570
1570,力肯,76,0,76,港商法國興業,2024-06-27,1570
1536,和大,72,0,72,港商法國興業,2024-06-27,1570
2906,高林,64,0,64,港商法國興業,2024-06-27,1570
4532,瑞智,59,0,59,港商法國興業,2024-06-27,1570
4167,松瑞藥,57,0,57,港商法國興業,2024-06-27,1570
3591,艾笛森,55,0,55,港商法國興業,2024-06-27,1570
1303,南亞,54,0,54,港商法國興業,2024-06-27,1570
1446,宏和,52,0,52,港商法國興業,2024-06-27,1570
4968,立積,51,0,51,港商法國興業,2024-06-27,1570
1720,生達,49,0,49,港商法國興業,2024-06-27,1570
8255,朋程,46,0,46,港商法國興業,2024-06-27,1570
3010,華立,43,0,43,港商法國興業,2024-06-27,1570
6890,來億-KY,42,0,42,港商法國興業,2024-06-27,1570
9946,三發地產,42,0,42,港商法國興業,2024-06-27,1570
1101,台泥,41,0,41,港商法國興業,2024-06-27,1570
1903,士紙,40,0,40,港商法國興業,2024-06-27,1570
1701,中化,36,0,36,港商法國興業,2024-06-27,1570
1734,杏輝,35,0,35,港商法國興業,2024-06-27,1570
5484,慧友,35,0,35,港商法國興業,2024-06-27,1570
4927,泰鼎-KY,33,0,33,港商法國興業,2024-06-27,1570
4129,聯合,32,0,32,港商法國興業,2024-06-27,1570
6196,帆宣,30,0,30,港商法國興業,2024-06-27,1570
1773,勝一,28,0,28,港商法國興業,2024-06-27,1570
2883,凱基金,1880,0,1880,港商法國興業,2024-06-28,1570
9105,泰金寶-DR,1045,0,1045,港商法國興業,2024-06-28,1570
2303,聯電,1027,0,1027,港商法國興業,2024-06-28,1570
2313,華通,976,19,957,港商法國興業,2024-06-28,1570
2610,華航,760,0,760,港商法國興業,2024-06-28,1570
3105,穩懋,659,0,659,港商法國興業,2024-06-28,1570
2609,陽明,517,0,517,港商法國興業,2024-06-28,1570
2406,國碩,433,0,433,港商法國興業,2024-06-28,1570
1718,中纖,330,0,330,港商法國興業,2024-06-28,1570
2330,台積電,361,92,269,港商法國興業,2024-06-28,1570
1301,台塑,255,0,255,港商法國興業,2024-06-28,1570
5483,中美晶,210,0,210,港商法國興業,2024-06-28,1570
2105,正新,200,0,200,港商法國興業,2024-06-28,1570
4938,和碩,310,113,197,港商法國興業,2024-06-28,1570
9904,寶成,159,0,159,港商法國興業,2024-06-28,1570
2645,長榮航太,150,0,150,港商法國興業,2024-06-28,1570
2885,元大金,145,0,145,港商法國興業,2024-06-28,1570
3711,日月光投控,128,0,128,港商法國興業,2024-06-28,1570
1303,南亞,309,189,120,港商法國興業,2024-06-28,1570
5347,世界,160,45,115,港商法國興業,2024-06-28,1570
1447,力鵬,114,0,114,港商法國興業,2024-06-28,1570
1809,中釉,114,0,114,港商法國興業,2024-06-28,1570
6449,鈺邦,112,0,112,港商法國興業,2024-06-28,1570
1570,力肯,110,0,110,港商法國興業,2024-06-28,1570
6152,百一,105,0,105,港商法國興業,2024-06-28,1570
6257,矽格,105,0,105,港商法國興業,2024-06-28,1570
3712,永崴投控,103,0,103,港商法國興業,2024-06-28,1570
5484,慧友,102,0,102,港商法國興業,2024-06-28,1570
2312,金寶,100,0,100,港商法國興業,2024-06-28,1570
6442,光聖,94,0,94,港商法國興業,2024-06-28,1570
2504,國產,93,0,93,港商法國興業,2024-06-28,1570
6164,華興,92,0,92,港商法國興業,2024-06-28,1570
3050,鈺德,81,0,81,港商法國興業,2024-06-28,1570
6841,長佳智能,77,0,77,港商法國興業,2024-06-28,1570
2347,聯強,76,0,76,港商法國興業,2024-06-28,1570
2495,普安,72,0,72,港商法國興業,2024-06-28,1570
1722,台肥,71,0,71,港商法國興業,2024-06-28,1570
2606,裕民,64,0,64,港商法國興業,2024-06-28,1570
5871,中租-KY,63,0,63,港商法國興業,2024-06-28,1570
6890,來億-KY,63,0,63,港商法國興業,2024-06-28,1570
1799,易威,62,0,62,港商法國興業,2024-06-28,1570
8383,千附,57,0,57,港商法國興業,2024-06-28,1570
1210,大成,55,0,55,港商法國興業,2024-06-28,1570
1734,杏輝,54,0,54,港商法國興業,2024-06-28,1570
6472,保瑞,53,0,53,港商法國興業,2024-06-28,1570
3305,昇貿,52,0,52,港商法國興業,2024-06-28,1570
2886,兆豐金,48,0,48,港商法國興業,2024-06-28,1570
6261,久元,47,0,47,港商法國興業,2024-06-28,1570
8104,錸寶,47,0,47,港商法國興業,2024-06-28,1570
1717,長興,45,0,45,港商法國興業,2024-06-28,1570
2882,國泰金,1729,4,1725,港商法國興業,2024-07-01,1570
4904,遠傳,1144,1,1143,港商法國興業,2024-07-01,1570
2449,京元電子,470,0,470,港商法國興業,2024-07-01,1570
6152,百一,335,0,335,港商法國興業,2024-07-01,1570
2313,華通,325,0,325,港商法國興業,2024-07-01,1570
3024,憶聲,314,0,314,港商法國興業,2024-07-01,1570
3105,穩懋,298,0,298,港商法國興業,2024-07-01,1570
2615,萬海,278,6,272,港商法國興業,2024-07-01,1570
2834,臺企銀,264,2,262,港商法國興業,2024-07-01,1570
5483,中美晶,235,0,235,港商法國興業,2024-07-01,1570
9904,寶成,253,20,233,港商法國興業,2024-07-01,1570
2883,凱基金,256,32,224,港商法國興業,2024-07-01,1570
2887,台新金,208,0,208,港商法國興業,2024-07-01,1570
6257,矽格,198,0,198,港商法國興業,2024-07-01,1570
5484,慧友,186,0,186,港商法國興業,2024-07-01,1570
1714,和桐,172,0,172,港商法國興業,2024-07-01,1570
2409,友達,163,0,163,港商法國興業,2024-07-01,1570
3189,景碩,158,0,158,港商法國興業,2024-07-01,1570
6164,華興,128,0,128,港商法國興業,2024-07-01,1570
2472,立隆電,123,0,123,港商法國興業,2024-07-01,1570
3324,雙鴻,118,0,118,港商法國興業,2024-07-01,1570
2495,普安,115,0,115,港商法國興業,2024-07-01,1570
2891,中信金,122,10,112,港商法國興業,2024-07-01,1570
1785,光洋科,108,0,108,港商法國興業,2024-07-01,1570
1712,興農,99,0,99,港商法國興業,2024-07-01,1570
3686,達能,99,0,99,港商法國興業,2024-07-01,1570
6683,雍智科技,99,0,99,港商法國興業,2024-07-01,1570
4532,瑞智,97,0,97,港商法國興業,2024-07-01,1570
2357,華碩,93,0,93,港商法國興業,2024-07-01,1570
2609,陽明,93,3,90,港商法國興業,2024-07-01,1570
2392,正崴,89,0,89,港商法國興業,2024-07-01,1570
2605,新興,88,0,88,港商法國興業,2024-07-01,1570
8110,華東,83,0,83,港商法國興業,2024-07-01,1570
2401,凌陽,79,0,79,港商法國興業,2024-07-01,1570
2379,瑞昱,72,0,72,港商法國興業,2024-07-01,1570
3303,岱稜,70,0,70,港商法國興業,2024-07-01,1570
1799,易威,63,0,63,港商法國興業,2024-07-01,1570
1718,中纖,63,0,63,港商法國興業,2024-07-01,1570
2204,中華,60,0,60,港商法國興業,2024-07-01,1570
2308,台達電,60,0,60,港商法國興業,2024-07-01,1570
1713,國化,57,0,57,港商法國興業,2024-07-01,1570
2406,國碩,56,0,56,港商法國興業,2024-07-01,1570
3481,群創,56,0,56,港商法國興業,2024-07-01,1570
6863,永道-KY,56,0,56,港商法國興業,2024-07-01,1570
8103,瀚荃,56,0,56,港商法國興業,2024-07-01,1570
3665,貿聯-KY,55,0,55,港商法國興業,2024-07-01,1570
2354,鴻準,53,0,53,港商法國興業,2024-07-01,1570
1734,杏輝,52,0,52,港商法國興業,2024-07-01,1570
2385,群光,50,0,50,港商法國興業,2024-07-01,1570
1570,力肯,47,0,47,港商法國興業,2024-07-01,1570
9105,泰金寶-DR,2162,0,2162,港商法國興業,2024-07-02,1570
5443,均豪,951,0,951,港商法國興業,2024-07-02,1570
3535,晶彩科,582,0,582,港商法國興業,2024-07-02,1570
4566,時碩工業,535,0,535,港商法國興業,2024-07-02,1570
2882,國泰金,427,0,427,港商法國興業,2024-07-02,1570
2392,正崴,424,0,424,港商法國興業,2024-07-02,1570
2834,臺企銀,356,0,356,港商法國興業,2024-07-02,1570
2606,裕民,345,0,345,港商法國興業,2024-07-02,1570
6152,百一,326,0,326,港商法國興業,2024-07-02,1570
2347,聯強,337,41,296,港商法國興業,2024-07-02,1570
4906,正文,292,0,292,港商法國興業,2024-07-02,1570
2449,京元電子,247,0,247,港商法國興業,2024-07-02,1570
2204,中華,236,0,236,港商法國興業,2024-07-02,1570
8103,瀚荃,235,0,235,港商法國興業,2024-07-02,1570
2884,玉山金,194,0,194,港商法國興業,2024-07-02,1570
2329,華泰,174,0,174,港商法國興業,2024-07-02,1570
6841,長佳智能,172,0,172,港商法國興業,2024-07-02,1570
8114,振樺電,157,0,157,港商法國興業,2024-07-02,1570
8046,南電,150,0,150,港商法國興業,2024-07-02,1570
3189,景碩,168,23,145,港商法國興業,2024-07-02,1570
6683,雍智科技,143,0,143,港商法國興業,2024-07-02,1570
2495,普安,139,0,139,港商法國興業,2024-07-02,1570
1710,東聯,136,0,136,港商法國興業,2024-07-02,1570
1101,台泥,124,0,124,港商法國興業,2024-07-02,1570
2105,正新,172,58,114,港商法國興業,2024-07-02,1570
5483,中美晶,113,0,113,港商法國興業,2024-07-02,1570
6147,頎邦,101,0,101,港商法國興業,2024-07-02,1570
2401,凌陽,99,0,99,港商法國興業,2024-07-02,1570
1712,興農,90,0,90,港商法國興業,2024-07-02,1570
2395,研華,89,0,89,港商法國興業,2024-07-02,1570
6706,惠特,86,1,85,港商法國興業,2024-07-02,1570
6216,居易,83,0,83,港商法國興業,2024-07-02,1570
6231,系微,79,0,79,港商法國興業,2024-07-02,1570
5469,瀚宇博,78,0,78,港商法國興業,2024-07-02,1570
6788,華景電,73,0,73,港商法國興業,2024-07-02,1570
1536,和大,69,0,69,港商法國興業,2024-07-02,1570
3228,金麗科,67,0,67,港商法國興業,2024-07-02,1570
3665,貿聯-KY,66,0,66,港商法國興業,2024-07-02,1570
8110,華東,66,0,66,港商法國興業,2024-07-02,1570
1722,台肥,63,0,63,港商法國興業,2024-07-02,1570
4739,康普,58,0,58,港商法國興業,2024-07-02,1570
5289,宜鼎,56,0,56,港商法國興業,2024-07-02,1570
3059,華晶科,54,0,54,港商法國興業,2024-07-02,1570
1734,杏輝,52,0,52,港商法國興業,2024-07-02,1570
9904,寶成,52,0,52,港商法國興業,2024-07-02,1570
2027,大成鋼,50,0,50,港商法國興業,2024-07-02,1570
8383,千附,50,0,50,港商法國興業,2024-07-02,1570
3675,德微,49,0,49,港商法國興業,2024-07-02,1570
4532,瑞智,49,0,49,港商法國興業,2024-07-02,1570
1785,光洋科,47,0,47,港商法國興業,2024-07-02,1570
2884,玉山金,1472,68,1404,港商法國興業,2024-07-03,1570
2834,臺企銀,1375,37,1338,港商法國興業,2024-07-03,1570
9105,泰金寶-DR,865,0,865,港商法國興業,2024-07-03,1570
2882,國泰金,876,14,862,港商法國興業,2024-07-03,1570
2449,京元電子,771,0,771,港商法國興業,2024-07-03,1570
2881,富邦金,702,11,691,港商法國興業,2024-07-03,1570
2105,正新,597,0,597,港商法國興業,2024-07-03,1570
2606,裕民,571,25,546,港商法國興業,2024-07-03,1570
6152,百一,536,0,536,港商法國興業,2024-07-03,1570
4906,正文,488,0,488,港商法國興業,2024-07-03,1570
2313,華通,403,0,403,港商法國興業,2024-07-03,1570
2801,彰銀,388,0,388,港商法國興業,2024-07-03,1570
2885,元大金,364,0,364,港商法國興業,2024-07-03,1570
2617,台航,342,0,342,港商法國興業,2024-07-03,1570
2409,友達,318,0,318,港商法國興業,2024-07-03,1570
1714,和桐,286,0,286,港商法國興業,2024-07-03,1570
2303,聯電,249,0,249,港商法國興業,2024-07-03,1570
4566,時碩工業,217,0,217,港商法國興業,2024-07-03,1570
5483,中美晶,207,0,207,港商法國興業,2024-07-03,1570
2615,萬海,200,0,200,港商法國興業,2024-07-03,1570
3702,大聯大,184,0,184,港商法國興業,2024-07-03,1570
6005,群益證,161,0,161,港商法國興業,2024-07-03,1570
2347,聯強,159,0,159,港商法國興業,2024-07-03,1570
8103,瀚荃,149,0,149,港商法國興業,2024-07-03,1570
3665,貿聯-KY,146,0,146,港商法國興業,2024-07-03,1570
2392,正崴,145,0,145,港商法國興業,2024-07-03,1570
1712,興農,141,0,141,港商法國興業,2024-07-03,1570
2883,凱基金,139,0,139,港商法國興業,2024-07-03,1570
2360,致茂,130,0,130,港商法國興業,2024-07-03,1570
5484,慧友,115,0,115,港商法國興業,2024-07-03,1570
1104,環泥,114,0,114,港商法國興業,2024-07-03,1570
2379,瑞昱,104,0,104,港商法國興業,2024-07-03,1570
3048,益登,94,0,94,港商法國興業,2024-07-03,1570
2385,群光,89,0,89,港商法國興業,2024-07-03,1570
6231,系微,80,0,80,港商法國興業,2024-07-03,1570
6412,群電,80,0,80,港商法國興業,2024-07-03,1570
6585,鼎基,80,0,80,港商法國興業,2024-07-03,1570
2486,一詮,79,0,79,港商法國興業,2024-07-03,1570
2371,大同,75,0,75,港商法國興業,2024-07-03,1570
1536,和大,72,0,72,港商法國興業,2024-07-03,1570
1717,長興,66,0,66,港商法國興業,2024-07-03,1570
8114,振樺電,63,0,63,港商法國興業,2024-07-03,1570
1229,聯華,62,0,62,港商法國興業,2024-07-03,1570
3044,健鼎,62,0,62,港商法國興業,2024-07-03,1570
3324,雙鴻,62,0,62,港商法國興業,2024-07-03,1570
6526,達發,59,0,59,港商法國興業,2024-07-03,1570
5289,宜鼎,56,0,56,港商法國興業,2024-07-03,1570
6683,雍智科技,50,0,50,港商法國興業,2024-07-03,1570
6890,來億-KY,47,0,47,港商法國興業,2024-07-03,1570
1799,易威,46,0,46,港商法國興業,2024-07-03,1570
9105,泰金寶-DR,3356,0,3356,港商法國興業,2024-07-04,1570
2888,新光金,1938,0,1938,港商法國興業,2024-07-04,1570
2884,玉山金,1442,0,1442,港商法國興業,2024-07-04,1570
2881,富邦金,868,50,818,港商法國興業,2024-07-04,1570
2834,臺企銀,687,0,687,港商法國興業,2024-07-04,1570
2882,國泰金,503,0,503,港商法國興業,2024-07-04,1570
2449,京元電子,493,0,493,港商法國興業,2024-07-04,1570
6005,群益證,408,0,408,港商法國興業,2024-07-04,1570
2347,聯強,377,0,377,港商法國興業,2024-07-04,1570
3711,日月光投控,394,66,328,港商法國興業,2024-07-04,1570
2303,聯電,327,0,327,港商法國興業,2024-07-04,1570
4566,時碩工業,299,0,299,港商法國興業,2024-07-04,1570
2385,群光,274,0,274,港商法國興業,2024-07-04,1570
1447,力鵬,273,0,273,港商法國興業,2024-07-04,1570
2105,正新,244,0,244,港商法國興業,2024-07-04,1570
6152,百一,244,0,244,港商法國興業,2024-07-04,1570
1714,和桐,242,0,242,港商法國興業,2024-07-04,1570
1717,長興,232,0,232,港商法國興業,2024-07-04,1570
3450,聯鈞,225,0,225,港商法國興業,2024-07-04,1570
2617,台航,191,0,191,港商法國興業,2024-07-04,1570
2891,中信金,169,0,169,港商法國興業,2024-07-04,1570
5289,宜鼎,156,0,156,港商法國興業,2024-07-04,1570
2606,裕民,169,20,149,港商法國興業,2024-07-04,1570
8390,金益鼎,143,0,143,港商法國興業,2024-07-04,1570
2360,致茂,111,0,111,港商法國興業,2024-07-04,1570
6231,系微,108,0,108,港商法國興業,2024-07-04,1570
8110,華東,104,0,104,港商法國興業,2024-07-04,1570
3105,穩懋,102,0,102,港商法國興業,2024-07-04,1570
8103,瀚荃,102,0,102,港商法國興業,2024-07-04,1570
1504,東元,100,0,100,港商法國興業,2024-07-04,1570
1611,中電,98,0,98,港商法國興業,2024-07-04,1570
2009,第一銅,89,0,89,港商法國興業,2024-07-04,1570
1104,環泥,85,0,85,港商法國興業,2024-07-04,1570
2885,元大金,84,0,84,港商法國興業,2024-07-04,1570
4915,致伸,84,0,84,港商法國興業,2024-07-04,1570
6415,矽力*-KY,87,3,84,港商法國興業,2024-07-04,1570
2330,台積電,83,0,83,港商法國興業,2024-07-04,1570
2383,台光電,81,0,81,港商法國興業,2024-07-04,1570
3321,同泰,75,0,75,港商法國興業,2024-07-04,1570
8114,振樺電,74,0,74,港商法國興業,2024-07-04,1570
3305,昇貿,73,0,73,港商法國興業,2024-07-04,1570
6274,台燿,70,0,70,港商法國興業,2024-07-04,1570
4306,炎洲,67,0,67,港商法國興業,2024-07-04,1570
3591,艾笛森,66,0,66,港商法國興業,2024-07-04,1570
3702,大聯大,65,0,65,港商法國興業,2024-07-04,1570
2438,翔耀,64,0,64,港商法國興業,2024-07-04,1570
4571,鈞興-KY,63,0,63,港商法國興業,2024-07-04,1570
2912,統一超,61,0,61,港商法國興業,2024-07-04,1570
6121,新普,61,0,61,港商法國興業,2024-07-04,1570
6261,久元,61,0,61,港商法國興業,2024-07-04,1570
2888,新光金,5718,0,5718,港商法國興業,2024-07-05,1570
2881,富邦金,1154,0,1154,港商法國興業,2024-07-05,1570
2882,國泰金,1077,0,1077,港商法國興業,2024-07-05,1570
2884,玉山金,992,0,992,港商法國興業,2024-07-05,1570
2834,臺企銀,682,0,682,港商法國興業,2024-07-05,1570
1513,中興電,436,13,423,港商法國興業,2024-07-05,1570
9105,泰金寶-DR,390,0,390,港商法國興業,2024-07-05,1570
2891,中信金,283,0,283,港商法國興業,2024-07-05,1570
2308,台達電,254,0,254,港商法國興業,2024-07-05,1570
1714,和桐,250,0,250,港商法國興業,2024-07-05,1570
2883,凱基金,215,0,215,港商法國興業,2024-07-05,1570
2385,群光,204,1,203,港商法國興業,2024-07-05,1570
6152,百一,200,0,200,港商法國興業,2024-07-05,1570
2009,第一銅,199,0,199,港商法國興業,2024-07-05,1570
1217,愛之味,194,0,194,港商法國興業,2024-07-05,1570
2449,京元電子,187,0,187,港商法國興業,2024-07-05,1570
4566,時碩工業,183,0,183,港商法國興業,2024-07-05,1570
2812,台中銀,164,0,164,港商法國興業,2024-07-05,1570
2537,聯上發,161,0,161,港商法國興業,2024-07-05,1570
3219,倚強科,141,0,141,港商法國興業,2024-07-05,1570
3035,智原,137,0,137,港商法國興業,2024-07-05,1570
6274,台燿,135,3,132,港商法國興業,2024-07-05,1570
2347,聯強,124,0,124,港商法國興業,2024-07-05,1570
2489,瑞軒,123,0,123,港商法國興業,2024-07-05,1570
6191,精成科,118,0,118,港商法國興業,2024-07-05,1570
8039,台虹,113,0,113,港商法國興業,2024-07-05,1570
6005,群益證,106,0,106,港商法國興業,2024-07-05,1570
6535,順藥,105,0,105,港商法國興業,2024-07-05,1570
9934,成霖,92,0,92,港商法國興業,2024-07-05,1570
2838,聯邦銀,91,0,91,港商法國興業,2024-07-05,1570
1722,台肥,84,0,84,港商法國興業,2024-07-05,1570
6196,帆宣,75,0,75,港商法國興業,2024-07-05,1570
8046,南電,70,0,70,港商法國興業,2024-07-05,1570
2912,統一超,67,0,67,港商法國興業,2024-07-05,1570
2330,台積電,66,1,65,港商法國興業,2024-07-05,1570
6147,頎邦,65,0,65,港商法國興業,2024-07-05,1570
8390,金益鼎,63,0,63,港商法國興業,2024-07-05,1570
3711,日月光投控,60,0,60,港商法國興業,2024-07-05,1570
6658,聯策,58,0,58,港商法國興業,2024-07-05,1570
3665,貿聯-KY,57,0,57,港商法國興業,2024-07-05,1570
1447,力鵬,127,74,53,港商法國興業,2024-07-05,1570
6197,佳必琪,53,0,53,港商法國興業,2024-07-05,1570
8383,千附,51,0,51,港商法國興業,2024-07-05,1570
2886,兆豐金,50,0,50,港商法國興業,2024-07-05,1570
6143,振曜,50,0,50,港商法國興業,2024-07-05,1570
2845,遠東銀,49,0,49,港商法國興業,2024-07-05,1570
5340,建榮,49,0,49,港商法國興業,2024-07-05,1570
3044,健鼎,48,0,48,港商法國興業,2024-07-05,1570
2885,元大金,47,0,47,港商法國興業,2024-07-05,1570
4571,鈞興-KY,46,0,46,港商法國興業,2024-07-05,1570
2888,新光金,1614,0,1614,港商法國興業,2024-07-08,1570
2834,臺企銀,1139,0,1139,港商法國興業,2024-07-08,1570
2887,台新金,933,0,933,港商法國興業,2024-07-08,1570
1718,中纖,808,0,808,港商法國興業,2024-07-08,1570
2882,國泰金,799,0,799,港商法國興業,2024-07-08,1570
2317,鴻海,919,278,641,港商法國興業,2024-07-08,1570
2884,玉山金,300,0,300,港商法國興業,2024-07-08,1570
2885,元大金,292,0,292,港商法國興業,2024-07-08,1570
1447,力鵬,255,0,255,港商法國興業,2024-07-08,1570
3665,貿聯-KY,249,0,249,港商法國興業,2024-07-08,1570
2330,台積電,283,45,238,港商法國興業,2024-07-08,1570
2881,富邦金,225,0,225,港商法國興業,2024-07-08,1570
4566,時碩工業,219,0,219,港商法國興業,2024-07-08,1570
2406,國碩,211,0,211,港商法國興業,2024-07-08,1570
4968,立積,208,0,208,港商法國興業,2024-07-08,1570
3035,智原,163,1,162,港商法國興業,2024-07-08,1570
2458,義隆,143,0,143,港商法國興業,2024-07-08,1570
8103,瀚荃,140,0,140,港商法國興業,2024-07-08,1570
4958,臻鼎-KY,136,0,136,港商法國興業,2024-07-08,1570
1409,新纖,131,0,131,港商法國興業,2024-07-08,1570
2354,鴻準,123,0,123,港商法國興業,2024-07-08,1570
6164,華興,122,0,122,港商法國興業,2024-07-08,1570
2489,瑞軒,118,0,118,港商法國興業,2024-07-08,1570
3037,欣興,118,0,118,港商法國興業,2024-07-08,1570
2009,第一銅,108,0,108,港商法國興業,2024-07-08,1570
2449,京元電子,108,0,108,港商法國興業,2024-07-08,1570
2838,聯邦銀,104,0,104,港商法國興業,2024-07-08,1570
1101,台泥,100,0,100,港商法國興業,2024-07-08,1570
2323,中環,99,0,99,港商法國興業,2024-07-08,1570
2537,聯上發,99,0,99,港商法國興業,2024-07-08,1570
4123,晟德,99,0,99,港商法國興業,2024-07-08,1570
2548,華固,92,0,92,港商法國興業,2024-07-08,1570
2812,台中銀,80,0,80,港商法國興業,2024-07-08,1570
6274,台燿,80,7,73,港商法國興業,2024-07-08,1570
6770,力積電,69,0,69,港商法國興業,2024-07-08,1570
8390,金益鼎,68,0,68,港商法國興業,2024-07-08,1570
6290,良維,63,0,63,港商法國興業,2024-07-08,1570
4526,東台,62,0,62,港商法國興業,2024-07-08,1570
6509,聚和,61,0,61,港商法國興業,2024-07-08,1570
2102,泰豐,55,0,55,港商法國興業,2024-07-08,1570
6415,矽力*-KY,52,0,52,港商法國興業,2024-07-08,1570
4113,聯上,51,0,51,港商法國興業,2024-07-08,1570
6147,頎邦,50,0,50,港商法國興業,2024-07-08,1570
3305,昇貿,49,0,49,港商法國興業,2024-07-08,1570
6788,華景電,49,0,49,港商法國興業,2024-07-08,1570
8114,振樺電,47,0,47,港商法國興業,2024-07-08,1570
9914,美利達,46,0,46,港商法國興業,2024-07-08,1570
1714,和桐,45,0,45,港商法國興業,2024-07-08,1570
6442,光聖,45,0,45,港商法國興業,2024-07-08,1570
2412,中華電,39,0,39,港商法國興業,2024-07-08,1570
2312,金寶,2823,0,2823,港商法國興業,2024-07-09,1570
2834,臺企銀,2176,0,2176,港商法國興業,2024-07-09,1570
2887,台新金,1641,0,1641,港商法國興業,2024-07-09,1570
2888,新光金,976,0,976,港商法國興業,2024-07-09,1570
2881,富邦金,844,0,844,港商法國興業,2024-07-09,1570
3035,智原,723,0,723,港商法國興業,2024-07-09,1570
2405,輔信,821,146,675,港商法國興業,2024-07-09,1570
9105,泰金寶-DR,651,0,651,港商法國興業,2024-07-09,1570
2317,鴻海,564,1,563,港商法國興業,2024-07-09,1570
1718,中纖,327,0,327,港商法國興業,2024-07-09,1570
2439,美律,256,0,256,港商法國興業,2024-07-09,1570
3665,貿聯-KY,232,0,232,港商法國興業,2024-07-09,1570
6841,長佳智能,216,0,216,港商法國興業,2024-07-09,1570
2354,鴻準,194,0,194,港商法國興業,2024-07-09,1570
2801,彰銀,159,0,159,港商法國興業,2024-07-09,1570
4167,松瑞藥,152,0,152,港商法國興業,2024-07-09,1570
2885,元大金,174,23,151,港商法國興業,2024-07-09,1570
4958,臻鼎-KY,141,0,141,港商法國興業,2024-07-09,1570
4113,聯上,138,0,138,港商法國興業,2024-07-09,1570
1217,愛之味,126,0,126,港商法國興業,2024-07-09,1570
2537,聯上發,114,0,114,港商法國興業,2024-07-09,1570
1326,台化,113,0,113,港商法國興業,2024-07-09,1570
1447,力鵬,109,0,109,港商法國興業,2024-07-09,1570
8103,瀚荃,107,0,107,港商法國興業,2024-07-09,1570
1786,科妍,106,0,106,港商法國興業,2024-07-09,1570
6770,力積電,95,0,95,港商法國興業,2024-07-09,1570
6164,華興,92,0,92,港商法國興業,2024-07-09,1570
2882,國泰金,90,0,90,港商法國興業,2024-07-09,1570
3189,景碩,83,0,83,港商法國興業,2024-07-09,1570
1789,神隆,76,0,76,港商法國興業,2024-07-09,1570
4968,立積,70,0,70,港商法國興業,2024-07-09,1570
4566,時碩工業,61,0,61,港商法國興業,2024-07-09,1570
9914,美利達,55,0,55,港商法國興業,2024-07-09,1570
6206,飛捷,51,0,51,港商法國興業,2024-07-09,1570
1905,華紙,50,0,50,港商法國興業,2024-07-09,1570
1609,大亞,48,0,48,港商法國興業,2024-07-09,1570
4532,瑞智,48,0,48,港商法國興業,2024-07-09,1570
2548,華固,47,0,47,港商法國興業,2024-07-09,1570
3045,台灣大,48,2,46,港商法國興業,2024-07-09,1570
6156,松上,46,0,46,港商法國興業,2024-07-09,1570
8255,朋程,42,0,42,港商法國興業,2024-07-09,1570
2538,基泰,37,0,37,港商法國興業,2024-07-09,1570
6788,華景電,37,0,37,港商法國興業,2024-07-09,1570
6231,系微,36,0,36,港商法國興業,2024-07-09,1570
6235,華孚,33,0,33,港商法國興業,2024-07-09,1570
3588,通嘉,32,0,32,港商法國興業,2024-07-09,1570
6187,萬潤,32,0,32,港商法國興業,2024-07-09,1570
2441,超豐,31,0,31,港商法國興業,2024-07-09,1570
4571,鈞興-KY,31,0,31,港商法國興業,2024-07-09,1570
4770,上品,29,0,29,港商法國興業,2024-07-09,1570
2317,鴻海,2120,0,2120,港商法國興業,2024-07-10,1570
2882,國泰金,734,0,734,港商法國興業,2024-07-10,1570
2881,富邦金,472,0,472,港商法國興業,2024-07-10,1570
2330,台積電,439,11,428,港商法國興業,2024-07-10,1570
3045,台灣大,424,0,424,港商法國興業,2024-07-10,1570
1513,中興電,360,3,357,港商法國興業,2024-07-10,1570
2801,彰銀,330,0,330,港商法國興業,2024-07-10,1570
3035,智原,283,0,283,港商法國興業,2024-07-10,1570
3481,群創,247,0,247,港商法國興業,2024-07-10,1570
2812,台中銀,246,0,246,港商法國興業,2024-07-10,1570
1718,中纖,229,0,229,港商法國興業,2024-07-10,1570
6190,萬泰科,221,0,221,港商法國興業,2024-07-10,1570
2354,鴻準,186,0,186,港商法國興業,2024-07-10,1570
3665,貿聯-KY,152,0,152,港商法國興業,2024-07-10,1570
8028,昇陽半導體,150,0,150,港商法國興業,2024-07-10,1570
1326,台化,119,0,119,港商法國興業,2024-07-10,1570
2548,華固,118,0,118,港商法國興業,2024-07-10,1570
2884,玉山金,125,10,115,港商法國興業,2024-07-10,1570
2105,正新,114,0,114,港商法國興業,2024-07-10,1570
6770,力積電,114,0,114,港商法國興業,2024-07-10,1570
1736,喬山,111,0,111,港商法國興業,2024-07-10,1570
1442,名軒,100,0,100,港商法國興業,2024-07-10,1570
2834,臺企銀,100,0,100,港商法國興業,2024-07-10,1570
6239,力成,94,7,87,港商法國興業,2024-07-10,1570
6274,台燿,86,0,86,港商法國興業,2024-07-10,1570
1409,新纖,83,0,83,港商法國興業,2024-07-10,1570
2538,基泰,93,15,78,港商法國興業,2024-07-10,1570
2362,藍天,77,0,77,港商法國興業,2024-07-10,1570
2530,華建,71,0,71,港商法國興業,2024-07-10,1570
6231,系微,70,0,70,港商法國興業,2024-07-10,1570
6257,矽格,68,0,68,港商法國興業,2024-07-10,1570
2885,元大金,67,0,67,港商法國興業,2024-07-10,1570
2301,光寶科,66,0,66,港商法國興業,2024-07-10,1570
1789,神隆,59,0,59,港商法國興業,2024-07-10,1570
2891,中信金,57,0,57,港商法國興業,2024-07-10,1570
4167,松瑞藥,56,0,56,港商法國興業,2024-07-10,1570
8103,瀚荃,56,0,56,港商法國興業,2024-07-10,1570
9940,信義,56,0,56,港商法國興業,2024-07-10,1570
3048,益登,52,0,52,港商法國興業,2024-07-10,1570
4968,立積,51,0,51,港商法國興業,2024-07-10,1570
3305,昇貿,49,0,49,港商法國興業,2024-07-10,1570
9914,美利達,49,0,49,港商法國興業,2024-07-10,1570
6196,帆宣,48,0,48,港商法國興業,2024-07-10,1570
6509,聚和,48,0,48,港商法國興業,2024-07-10,1570
2419,仲琦,45,0,45,港商法國興業,2024-07-10,1570
4966,譜瑞-KY,45,0,45,港商法國興業,2024-07-10,1570
5243,乙盛-KY,45,0,45,港商法國興業,2024-07-10,1570
3661,世芯-KY,43,0,43,港商法國興業,2024-07-10,1570
2405,輔信,41,0,41,港商法國興業,2024-07-10,1570
4113,聯上,41,0,41,港商法國興業,2024-07-10,1570
2888,新光金,2168,0,2168,港商法國興業,2024-07-11,1570
8028,昇陽半導體,1021,0,1021,港商法國興業,2024-07-11,1570
8011,台通,614,0,614,港商法國興業,2024-07-11,1570
1815,富喬,531,0,531,港商法國興業,2024-07-11,1570
5871,中租-KY,486,0,486,港商法國興業,2024-07-11,1570
1513,中興電,460,0,460,港商法國興業,2024-07-11,1570
2885,元大金,468,23,445,港商法國興業,2024-07-11,1570
3045,台灣大,380,0,380,港商法國興業,2024-07-11,1570
2834,臺企銀,358,0,358,港商法國興業,2024-07-11,1570
6190,萬泰科,349,0,349,港商法國興業,2024-07-11,1570
2330,台積電,322,25,297,港商法國興業,2024-07-11,1570
4904,遠傳,264,0,264,港商法國興業,2024-07-11,1570
4726,永昕,261,0,261,港商法國興業,2024-07-11,1570
2303,聯電,257,0,257,港商法國興業,2024-07-11,1570
2308,台達電,253,0,253,港商法國興業,2024-07-11,1570
3202,樺晟,231,0,231,港商法國興業,2024-07-11,1570
2812,台中銀,199,0,199,港商法國興業,2024-07-11,1570
6026,福邦證,179,0,179,港商法國興業,2024-07-11,1570
6239,力成,179,0,179,港商法國興業,2024-07-11,1570
1736,喬山,157,0,157,港商法國興業,2024-07-11,1570
3035,智原,136,0,136,港商法國興業,2024-07-11,1570
8936,國統,128,0,128,港商法國興業,2024-07-11,1570
2538,基泰,117,0,117,港商法國興業,2024-07-11,1570
2915,潤泰全,117,0,117,港商法國興業,2024-07-11,1570
6603,富強鑫,114,0,114,港商法國興業,2024-07-11,1570
5608,四維航,104,0,104,港商法國興業,2024-07-11,1570
1536,和大,102,0,102,港商法國興業,2024-07-11,1570
2838,聯邦銀,90,0,90,港商法國興業,2024-07-11,1570
2408,南亞科,85,0,85,港商法國興業,2024-07-11,1570
8110,華東,82,0,82,港商法國興業,2024-07-11,1570
6274,台燿,86,6,80,港商法國興業,2024-07-11,1570
1717,長興,79,0,79,港商法國興業,2024-07-11,1570
2313,華通,272,195,77,港商法國興業,2024-07-11,1570
4966,譜瑞-KY,82,5,77,港商法國興業,2024-07-11,1570
6890,來億-KY,77,0,77,港商法國興業,2024-07-11,1570
6187,萬潤,74,0,74,港商法國興業,2024-07-11,1570
6191,精成科,69,0,69,港商法國興業,2024-07-11,1570
6770,力積電,69,0,69,港商法國興業,2024-07-11,1570
6205,詮欣,66,0,66,港商法國興業,2024-07-11,1570
9902,台火,66,0,66,港商法國興業,2024-07-11,1570
3703,欣陸,65,0,65,港商法國興業,2024-07-11,1570
6416,瑞祺電通,61,0,61,港商法國興業,2024-07-11,1570
2301,光寶科,58,0,58,港商法國興業,2024-07-11,1570
2891,中信金,53,0,53,港商法國興業,2024-07-11,1570
1611,中電,52,0,52,港商法國興業,2024-07-11,1570
6216,居易,51,0,51,港商法國興業,2024-07-11,1570
2009,第一銅,48,0,48,港商法國興業,2024-07-11,1570
4974,亞泰,48,0,48,港商法國興業,2024-07-11,1570
6509,聚和,46,0,46,港商法國興業,2024-07-11,1570
4952,凌通,42,0,42,港商法國興業,2024-07-11,1570
2883,凱基金,1292,0,1292,港商法國興業,2024-07-12,1570
2884,玉山金,939,0,939,港商法國興業,2024-07-12,1570
1513,中興電,854,0,854,港商法國興業,2024-07-12,1570
1540,喬福,467,0,467,港商法國興業,2024-07-12,1570
6770,力積電,386,0,386,港商法國興業,2024-07-12,1570
2312,金寶,241,0,241,港商法國興業,2024-07-12,1570
3189,景碩,223,13,210,港商法國興業,2024-07-12,1570
3019,亞光,187,0,187,港商法國興業,2024-07-12,1570
6271,同欣電,179,0,179,港商法國興業,2024-07-12,1570
1611,中電,141,0,141,港商法國興業,2024-07-12,1570
2801,彰銀,134,0,134,港商法國興業,2024-07-12,1570
2362,藍天,116,0,116,港商法國興業,2024-07-12,1570
2530,華建,114,0,114,港商法國興業,2024-07-12,1570
6026,福邦證,109,0,109,港商法國興業,2024-07-12,1570
2915,潤泰全,100,0,100,港商法國興業,2024-07-12,1570
9914,美利達,98,0,98,港商法國興業,2024-07-12,1570
3535,晶彩科,95,0,95,港商法國興業,2024-07-12,1570
3520,華盈,91,0,91,港商法國興業,2024-07-12,1570
2883B,凱基金乙特,90,0,90,港商法國興業,2024-07-12,1570
8103,瀚荃,90,0,90,港商法國興業,2024-07-12,1570
2103,台橡,84,0,84,港商法國興業,2024-07-12,1570
6182,合晶,80,0,80,港商法國興業,2024-07-12,1570
3045,台灣大,77,0,77,港商法國興業,2024-07-12,1570
2049,上銀,73,0,73,港商法國興業,2024-07-12,1570
2383,台光電,74,1,73,港商法國興業,2024-07-12,1570
5202,力新,72,0,72,港商法國興業,2024-07-12,1570
3037,欣興,110,40,70,港商法國興業,2024-07-12,1570
4726,永昕,68,0,68,港商法國興業,2024-07-12,1570
8936,國統,68,0,68,港商法國興業,2024-07-12,1570
2537,聯上發,62,0,62,港商法國興業,2024-07-12,1570
6190,萬泰科,58,0,58,港商法國興業,2024-07-12,1570
8358,金居,58,0,58,港商法國興業,2024-07-12,1570
1717,長興,56,0,56,港商法國興業,2024-07-12,1570
2540,愛山林,55,0,55,港商法國興業,2024-07-12,1570
1609,大亞,54,0,54,港商法國興業,2024-07-12,1570
6191,精成科,53,0,53,港商法國興業,2024-07-12,1570
1815,富喬,51,0,51,港商法國興業,2024-07-12,1570
3703,欣陸,48,0,48,港商法國興業,2024-07-12,1570
2303,聯電,47,0,47,港商法國興業,2024-07-12,1570
1560,中砂,45,0,45,港商法國興業,2024-07-12,1570
4952,凌通,45,0,45,港商法國興業,2024-07-12,1570
2472,立隆電,43,0,43,港商法國興業,2024-07-12,1570
4966,譜瑞-KY,41,0,41,港商法國興業,2024-07-12,1570
6175,立敦,40,0,40,港商法國興業,2024-07-12,1570
2102,泰豐,38,0,38,港商法國興業,2024-07-12,1570
1736,喬山,38,0,38,港商法國興業,2024-07-12,1570
2419,仲琦,37,0,37,港商法國興業,2024-07-12,1570
2458,義隆,37,0,37,港商法國興業,2024-07-12,1570
9902,台火,37,0,37,港商法國興業,2024-07-12,1570
6016,康和證,36,0,36,港商法國興業,2024-07-12,1570
6770,力積電,665,0,665,港商法國興業,2024-07-15,1570
2888,新光金,569,0,569,港商法國興業,2024-07-15,1570
9945,潤泰新,285,0,285,港商法國興業,2024-07-15,1570
1536,和大,143,0,143,港商法國興業,2024-07-15,1570
3703,欣陸,114,0,114,港商法國興業,2024-07-15,1570
1326,台化,113,0,113,港商法國興業,2024-07-15,1570
4927,泰鼎-KY,113,0,113,港商法國興業,2024-07-15,1570
4960,誠美材,99,0,99,港商法國興業,2024-07-15,1570
1612,宏泰,91,0,91,港商法國興業,2024-07-15,1570
2344,華邦電,105,20,85,港商法國興業,2024-07-15,1570
4952,凌通,83,0,83,港商法國興業,2024-07-15,1570
2329,華泰,79,0,79,港商法國興業,2024-07-15,1570
6182,合晶,67,0,67,港商法國興業,2024-07-15,1570
2408,南亞科,53,0,53,港商法國興業,2024-07-15,1570
1310,台苯,45,0,45,港商法國興業,2024-07-15,1570
3045,台灣大,42,0,42,港商法國興業,2024-07-15,1570
2419,仲琦,40,0,40,港商法國興業,2024-07-15,1570
3711,日月光投控,42,3,39,港商法國興業,2024-07-15,1570
5243,乙盛-KY,34,0,34,港商法國興業,2024-07-15,1570
2891,中信金,33,0,33,港商法國興業,2024-07-15,1570
6446,藥華藥,32,0,32,港商法國興業,2024-07-15,1570
1504,東元,30,0,30,港商法國興業,2024-07-15,1570
2327,國巨,29,0,29,港商法國興業,2024-07-15,1570
2049,上銀,29,0,29,港商法國興業,2024-07-15,1570
1513,中興電,38,12,26,港商法國興業,2024-07-15,1570
5536,聖暉*,23,0,23,港商法國興業,2024-07-15,1570
2317,鴻海,21,0,21,港商法國興業,2024-07-15,1570
2401,凌陽,50,30,20,港商法國興業,2024-07-15,1570
3661,世芯-KY,20,0,20,港商法國興業,2024-07-15,1570
2303,聯電,19,0,19,港商法國興業,2024-07-15,1570
2515,中工,19,0,19,港商法國興業,2024-07-15,1570
2323,中環,17,0,17,港商法國興業,2024-07-15,1570
2882,國泰金,15,0,15,港商法國興業,2024-07-15,1570
3515,華擎,15,0,15,港商法國興業,2024-07-15,1570
2505,國揚,14,0,14,港商法國興業,2024-07-15,1570
2603,長榮,13,0,13,港商法國興業,2024-07-15,1570
2881,富邦金,13,0,13,港商法國興業,2024-07-15,1570
2342,茂矽,12,0,12,港商法國興業,2024-07-15,1570
2409,友達,11,0,11,港商法國興業,2024-07-15,1570
9941,裕融,11,0,11,港商法國興業,2024-07-15,1570
6239,力成,10,0,10,港商法國興業,2024-07-15,1570
1216,統一,9,0,9,港商法國興業,2024-07-15,1570
3443,創意,9,0,9,港商法國興業,2024-07-15,1570
5871,中租-KY,9,0,9,港商法國興業,2024-07-15,1570
8213,志超,9,0,9,港商法國興業,2024-07-15,1570
2903,遠百,8,0,8,港商法國興業,2024-07-15,1570
1101,台泥,7,0,7,港商法國興業,2024-07-15,1570
3015,全漢,7,0,7,港商法國興業,2024-07-15,1570
6146,耕興,7,0,7,港商法國興業,2024-07-15,1570
8210,勤誠,9,2,7,港商法國興業,2024-07-15,1570
6770,力積電,321,0,321,港商法國興業,2024-07-16,1570
3481,群創,247,0,247,港商法國興業,2024-07-16,1570
3711,日月光投控,145,0,145,港商法國興業,2024-07-16,1570
9945,潤泰新,109,0,109,港商法國興業,2024-07-16,1570
3703,欣陸,89,0,89,港商法國興業,2024-07-16,1570
6005,群益證,74,0,74,港商法國興業,2024-07-16,1570
2890,永豐金,43,0,43,港商法國興業,2024-07-16,1570
6182,合晶,40,0,40,港商法國興業,2024-07-16,1570
2608,嘉里大榮,37,0,37,港商法國興業,2024-07-16,1570
3037,欣興,31,0,31,港商法國興業,2024-07-16,1570
2408,南亞科,30,0,30,港商法國興業,2024-07-16,1570
8076,伍豐,29,0,29,港商法國興業,2024-07-16,1570
2401,凌陽,50,25,25,港商法國興業,2024-07-16,1570
5536,聖暉*,24,0,24,港商法國興業,2024-07-16,1570
6146,耕興,24,0,24,港商法國興業,2024-07-16,1570
2352,佳世達,20,0,20,港商法國興業,2024-07-16,1570
4952,凌通,19,0,19,港商法國興業,2024-07-16,1570
4915,致伸,18,0,18,港商法國興業,2024-07-16,1570
2329,華泰,16,0,16,港商法國興業,2024-07-16,1570
4770,上品,14,0,14,港商法國興業,2024-07-16,1570
1605,華新,13,0,13,港商法國興業,2024-07-16,1570
5284,jpp-KY,13,0,13,港商法國興業,2024-07-16,1570
8046,南電,12,0,12,港商法國興業,2024-07-16,1570
9921,巨大,12,0,12,港商法國興業,2024-07-16,1570
2324,仁寶,11,0,11,港商法國興業,2024-07-16,1570
8464,億豐,11,0,11,港商法國興業,2024-07-16,1570
4526,東台,10,0,10,港商法國興業,2024-07-16,1570
2458,義隆,9,0,9,港商法國興業,2024-07-16,1570
2498,宏達電,9,0,9,港商法國興業,2024-07-16,1570
3015,全漢,9,0,9,港商法國興業,2024-07-16,1570
6605,帝寶,9,0,9,港商法國興業,2024-07-16,1570
1522,堤維西,11,3,8,港商法國興業,2024-07-16,1570
1612,宏泰,8,0,8,港商法國興業,2024-07-16,1570
1582,信錦,8,0,8,港商法國興業,2024-07-16,1570
1536,和大,7,0,7,港商法國興業,2024-07-16,1570
1326,台化,7,0,7,港商法國興業,2024-07-16,1570
2707,晶華,7,0,7,港商法國興業,2024-07-16,1570
6414,樺漢,8,2,6,港商法國興業,2024-07-16,1570
2439,美律,4,0,4,港商法國興業,2024-07-16,1570
2886,兆豐金,4,0,4,港商法國興業,2024-07-16,1570
4551,智伸科,4,0,4,港商法國興業,2024-07-16,1570
5609,中菲行,4,0,4,港商法國興業,2024-07-16,1570
2404,漢唐,3,0,3,港商法國興業,2024-07-16,1570
3022,威強電,3,0,3,港商法國興業,2024-07-16,1570
5403,中菲,3,0,3,港商法國興業,2024-07-16,1570
5880,合庫金,3,0,3,港商法國興業,2024-07-16,1570
3413,京鼎,2,0,2,港商法國興業,2024-07-16,1570
6789,采鈺,2,0,2,港商法國興業,2024-07-16,1570
9914,美利達,2,0,2,港商法國興業,2024-07-16,1570
2395,研華,1,0,1,港商法國興業,2024-07-16,1570
2890,永豐金,814,3,811,港商法國興業,2024-07-17,1570
1326,台化,409,0,409,港商法國興業,2024-07-17,1570
2408,南亞科,214,0,214,港商法國興業,2024-07-17,1570
2338,光罩,154,0,154,港商法國興業,2024-07-17,1570
3703,欣陸,136,0,136,港商法國興業,2024-07-17,1570
2371,大同,106,0,106,港商法國興業,2024-07-17,1570
5243,乙盛-KY,100,0,100,港商法國興業,2024-07-17,1570
2419,仲琦,96,0,96,港商法國興業,2024-07-17,1570
2049,上銀,89,0,89,港商法國興業,2024-07-17,1570
3105,穩懋,111,25,86,港商法國興業,2024-07-17,1570
6770,力積電,83,0,83,港商法國興業,2024-07-17,1570
2324,仁寶,82,0,82,港商法國興業,2024-07-17,1570
2308,台達電,71,2,69,港商法國興業,2024-07-17,1570
6285,啟��,57,0,57,港商法國興業,2024-07-17,1570
2548,華固,54,0,54,港商法國興業,2024-07-17,1570
6446,藥華藥,53,0,53,港商法國興業,2024-07-17,1570
2353,宏��,50,0,50,港商法國興業,2024-07-17,1570
1808,潤隆,47,0,47,港商法國興業,2024-07-17,1570
3022,威強電,47,0,47,港商法國興業,2024-07-17,1570
6278,台表科,44,0,44,港商法國興業,2024-07-17,1570
1536,和大,39,0,39,港商法國興業,2024-07-17,1570
3711,日月光投控,39,0,39,港商法國興業,2024-07-17,1570
9941,裕融,38,0,38,港商法國興業,2024-07-17,1570
2337,旺宏,30,0,30,港商法國興業,2024-07-17,1570
2379,瑞昱,26,0,26,港商法國興業,2024-07-17,1570
2204,中華,25,0,25,港商法國興業,2024-07-17,1570
3037,欣興,25,0,25,港商法國興業,2024-07-17,1570
2480,敦陽科,24,0,24,港商法國興業,2024-07-17,1570
3006,晶豪科,24,0,24,港商法國興業,2024-07-17,1570
8150,南茂,24,0,24,港商法國興業,2024-07-17,1570
5519,隆大,22,0,22,港商法國興業,2024-07-17,1570
6182,合晶,18,0,18,港商法國興業,2024-07-17,1570
1513,中興電,15,0,15,港商法國興業,2024-07-17,1570
1605,華新,15,0,15,港商法國興業,2024-07-17,1570
2303,聯電,16,3,13,港商法國興業,2024-07-17,1570
6147,頎邦,13,0,13,港商法國興業,2024-07-17,1570
2331,精英,12,0,12,港商法國興業,2024-07-17,1570
3017,奇鋐,11,0,11,港商法國興業,2024-07-17,1570
4915,致伸,23,12,11,港商法國興業,2024-07-17,1570
2498,宏達電,8,0,8,港商法國興業,2024-07-17,1570
1582,信錦,7,0,7,港商法國興業,2024-07-17,1570
4952,凌通,7,0,7,港商法國興業,2024-07-17,1570
8076,伍豐,7,0,7,港商法國興業,2024-07-17,1570
9802,鈺齊-KY,6,0,6,港商法國興業,2024-07-17,1570
2327,國巨,5,0,5,港商法國興業,2024-07-17,1570
2462,良得電,5,0,5,港商法國興業,2024-07-17,1570
2612,中航,5,0,5,港商法國興業,2024-07-17,1570
3376,新日興,5,0,5,港商法國興業,2024-07-17,1570
2439,美律,4,0,4,港商法國興業,2024-07-17,1570
2707,晶華,4,0,4,港商法國興業,2024-07-17,1570
3481,群創,1552,0,1552,港商法國興業,2024-07-18,1570
2303,聯電,1099,0,1099,港商法國興業,2024-07-18,1570
1102,亞泥,472,0,472,港商法國興業,2024-07-18,1570
3703,欣陸,433,0,433,港商法國興業,2024-07-18,1570
2330,台積電,480,123,357,港商法國興業,2024-07-18,1570
9945,潤泰新,323,0,323,港商法國興業,2024-07-18,1570
2371,大同,256,0,256,港商法國興業,2024-07-18,1570
5009,榮剛,235,0,235,港商法國興業,2024-07-18,1570
2903,遠百,128,0,128,港商法國興業,2024-07-18,1570
6770,力積電,111,0,111,港商法國興業,2024-07-18,1570
2324,仁寶,104,0,104,港商法國興業,2024-07-18,1570
4977,眾達-KY,95,0,95,港商法國興業,2024-07-18,1570
4906,正文,90,0,90,港商法國興業,2024-07-18,1570
2352,佳世達,76,0,76,港商法國興業,2024-07-18,1570
6278,台表科,76,0,76,港商法國興業,2024-07-18,1570
2353,宏��,66,0,66,港商法國興業,2024-07-18,1570
2408,南亞科,66,0,66,港商法國興業,2024-07-18,1570
2379,瑞昱,53,0,53,港商法國興業,2024-07-18,1570
2618,長榮航,66,14,52,港商法國興業,2024-07-18,1570
5347,世界,37,0,37,港商法國興業,2024-07-18,1570
5519,隆大,37,0,37,港商法國興業,2024-07-18,1570
3380,明泰,30,0,30,港商法國興業,2024-07-18,1570
2338,光罩,28,0,28,港商法國興業,2024-07-18,1570
1301,台塑,25,0,25,港商法國興業,2024-07-18,1570
9802,鈺齊-KY,25,0,25,港商法國興業,2024-07-18,1570
6147,頎邦,24,0,24,港商法國興業,2024-07-18,1570
4938,和碩,21,0,21,港商法國興業,2024-07-18,1570
6446,藥華藥,21,0,21,港商法國興業,2024-07-18,1570
2608,嘉里大榮,20,0,20,港商法國興業,2024-07-18,1570
4128,中天,20,0,20,港商法國興業,2024-07-18,1570
1808,潤隆,19,0,19,港商法國興業,2024-07-18,1570
2887,台新金,142,123,19,港商法國興業,2024-07-18,1570
3450,聯鈞,19,0,19,港商法國興業,2024-07-18,1570
6182,合晶,19,0,19,港商法國興業,2024-07-18,1570
6196,帆宣,19,0,19,港商法國興業,2024-07-18,1570
1504,東元,17,0,17,港商法國興業,2024-07-18,1570
2486,一詮,17,0,17,港商法國興業,2024-07-18,1570
5234,達興材料,16,0,16,港商法國興業,2024-07-18,1570
3006,晶豪科,14,0,14,港商法國興業,2024-07-18,1570
2049,上銀,13,0,13,港商法國興業,2024-07-18,1570
2356,英業達,13,0,13,港商法國興業,2024-07-18,1570
5243,乙盛-KY,13,0,13,港商法國興業,2024-07-18,1570
9958,世紀鋼,13,0,13,港商法國興業,2024-07-18,1570
3189,景碩,12,0,12,港商法國興業,2024-07-18,1570
6274,台燿,12,0,12,港商法國興業,2024-07-18,1570
4123,晟德,11,0,11,港商法國興業,2024-07-18,1570
3515,華擎,10,0,10,港商法國興業,2024-07-18,1570
2409,友達,9,0,9,港商法國興業,2024-07-18,1570
4770,上品,8,0,8,港商法國興業,2024-07-18,1570
5880,合庫金,8,0,8,港商法國興業,2024-07-18,1570
2888,新光金,543,26,517,港商法國興業,2024-07-19,1570
2885,元大金,322,0,322,港商法國興業,2024-07-19,1570
3703,欣陸,161,0,161,港商法國興業,2024-07-19,1570
2890,永豐金,155,0,155,港商法國興業,2024-07-19,1570
4904,遠傳,128,0,128,港商法國興業,2024-07-19,1570
3045,台灣大,119,0,119,港商法國興業,2024-07-19,1570
6188,廣明,112,0,112,港商法國興業,2024-07-19,1570
2303,聯電,110,0,110,港商法國興業,2024-07-19,1570
2455,全新,94,0,94,港商法國興業,2024-07-19,1570
3189,景碩,94,0,94,港商法國興業,2024-07-19,1570
2515,中工,80,0,80,港商法國興業,2024-07-19,1570
6446,藥華藥,72,0,72,港商法國興業,2024-07-19,1570
3380,明泰,69,0,69,港商法國興業,2024-07-19,1570
2530,華建,60,0,60,港商法國興業,2024-07-19,1570
1536,和大,52,0,52,港商法國興業,2024-07-19,1570
2344,華邦電,86,35,51,港商法國興業,2024-07-19,1570
8046,南電,51,0,51,港商法國興業,2024-07-19,1570
2201,裕隆,50,0,50,港商法國興業,2024-07-19,1570
6177,達麗,48,0,48,港商法國興業,2024-07-19,1570
2408,南亞科,43,0,43,港商法國興業,2024-07-19,1570
6125,廣運,29,0,29,港商法國興業,2024-07-19,1570
9941,裕融,28,0,28,港商法國興業,2024-07-19,1570
1210,大成,24,0,24,港商法國興業,2024-07-19,1570
2327,國巨,23,0,23,港商法國興業,2024-07-19,1570
2359,所羅門,20,0,20,港商法國興業,2024-07-19,1570
2542,興富發,20,0,20,港商法國興業,2024-07-19,1570
6806,森崴能源,19,0,19,港商法國興業,2024-07-19,1570
2903,遠百,18,0,18,港商法國興業,2024-07-19,1570
9802,鈺齊-KY,18,0,18,港商法國興業,2024-07-19,1570
1102,亞泥,12,0,12,港商法國興業,2024-07-19,1570
1614,三洋電,12,0,12,港商法國興業,2024-07-19,1570
8069,元太,12,0,12,港商法國興業,2024-07-19,1570
2610,華航,11,0,11,港商法國興業,2024-07-19,1570
4576,大銀微系統,11,0,11,港商法國興業,2024-07-19,1570
6197,佳必琪,10,0,10,港商法國興業,2024-07-19,1570
2915,潤泰全,9,0,9,港商法國興業,2024-07-19,1570
9945,潤泰新,9,0,9,港商法國興業,2024-07-19,1570
2352,佳世達,8,0,8,港商法國興業,2024-07-19,1570
3228,金麗科,9,1,8,港商法國興業,2024-07-19,1570
3661,世芯-KY,8,0,8,港商法國興業,2024-07-19,1570
6789,采鈺,8,0,8,港商法國興業,2024-07-19,1570
2002,中鋼,7,0,7,港商法國興業,2024-07-19,1570
2605,新興,7,0,7,港商法國興業,2024-07-19,1570
6782,視陽,12,5,7,港商法國興業,2024-07-19,1570
8422,可寧衛,6,0,6,港商法國興業,2024-07-19,1570
1326,台化,5,0,5,港商法國興業,2024-07-19,1570
2633,台灣高鐵,5,0,5,港商法國興業,2024-07-19,1570
2912,統一超,5,0,5,港商法國興業,2024-07-19,1570
1582,信錦,4,0,4,港商法國興業,2024-07-19,1570
2351,順德,15,11,4,港商法國興業,2024-07-19,1570
2515,中工,187,0,187,港商法國興業,2024-07-22,1570
2882,國泰金,245,64,181,港商法國興業,2024-07-22,1570
8926,台汽電,157,0,157,港商法國興業,2024-07-22,1570
2371,大同,152,0,152,港商法國興業,2024-07-22,1570
3703,欣陸,142,0,142,港商法國興業,2024-07-22,1570
2324,仁寶,107,0,107,港商法國興業,2024-07-22,1570
1536,和大,67,0,67,港商法國興業,2024-07-22,1570
2323,中環,61,0,61,港商法國興業,2024-07-22,1570
2885,元大金,57,0,57,港商法國興業,2024-07-22,1570
2201,裕隆,53,0,53,港商法國興業,2024-07-22,1570
6188,廣明,53,0,53,港商法國興業,2024-07-22,1570
2903,遠百,41,0,41,港商法國興業,2024-07-22,1570
8076,伍豐,36,0,36,港商法國興業,2024-07-22,1570
6446,藥華藥,32,0,32,港商法國興業,2024-07-22,1570
2535,達欣工,29,0,29,港商法國興業,2024-07-22,1570
4919,新唐,29,0,29,港商法國興業,2024-07-22,1570
1785,光洋科,28,0,28,港商法國興業,2024-07-22,1570
5519,隆大,28,0,28,港商法國興業,2024-07-22,1570
4123,晟德,21,0,21,港商法國興業,2024-07-22,1570
6278,台表科,18,0,18,港商法國興業,2024-07-22,1570
5469,瀚宇博,17,0,17,港商法國興業,2024-07-22,1570
4906,正文,15,0,15,港商法國興業,2024-07-22,1570
6189,豐藝,15,0,15,港商法國興業,2024-07-22,1570
2006,東和鋼鐵,14,0,14,港商法國興業,2024-07-22,1570
2834,臺企銀,12,0,12,港商法國興業,2024-07-22,1570
3481,群創,12,2,10,港商法國興業,2024-07-22,1570
5371,中光電,10,0,10,港商法國興業,2024-07-22,1570
3015,全漢,9,0,9,港商法國興業,2024-07-22,1570
8422,可寧衛,9,0,9,港商法國興業,2024-07-22,1570
2603,長榮,10,3,7,港商法國興業,2024-07-22,1570
2327,國巨,6,0,6,港商法國興業,2024-07-22,1570
2704,國賓,6,0,6,港商法國興業,2024-07-22,1570
3014,聯陽,6,0,6,港商法國興業,2024-07-22,1570
4576,大銀微系統,6,0,6,港商法國興業,2024-07-22,1570
1605,華新,5,0,5,港商法國興業,2024-07-22,1570
3661,世芯-KY,5,0,5,港商法國興業,2024-07-22,1570
1560,中砂,4,0,4,港商法國興業,2024-07-22,1570
2615,萬海,12,8,4,港商法國興業,2024-07-22,1570
4770,上品,4,0,4,港商法國興業,2024-07-22,1570
2455,全新,3,0,3,港商法國興業,2024-07-22,1570
3443,創意,6,3,3,港商法國興業,2024-07-22,1570
5288,豐祥-KY,3,0,3,港商法國興業,2024-07-22,1570
8070,長華*,3,0,3,港商法國興業,2024-07-22,1570
2439,美律,2,0,2,港商法國興業,2024-07-22,1570
2387,精元,2,0,2,港商法國興業,2024-07-22,1570
1582,信錦,2,0,2,港商法國興業,2024-07-22,1570
4915,致伸,5,3,2,港商法國興業,2024-07-22,1570
9945,潤泰新,17,15,2,港商法國興業,2024-07-22,1570
1434,福懋,1,0,1,港商法國興業,2024-07-22,1570
3413,京鼎,2,1,1,港商法國興業,2024-07-22,1570
2408,南亞科,273,0,273,港商法國興業,2024-07-23,1570
2324,仁寶,187,0,187,港商法國興業,2024-07-23,1570
2884,玉山金,225,45,180,港商法國興業,2024-07-23,1570
2890,永豐金,205,30,175,港商法國興業,2024-07-23,1570
1102,亞泥,139,0,139,港商法國興業,2024-07-23,1570
4904,遠傳,127,0,127,港商法國興業,2024-07-23,1570
9904,寶成,125,0,125,港商法國興業,2024-07-23,1570
4977,眾達-KY,102,0,102,港商法國興業,2024-07-23,1570
2618,長榮航,91,0,91,港商法國興業,2024-07-23,1570
2371,大同,88,0,88,港商法國興業,2024-07-23,1570
2323,中環,87,0,87,港商法國興業,2024-07-23,1570
2458,義隆,68,0,68,港商法國興業,2024-07-23,1570
3703,欣陸,56,0,56,港商法國興業,2024-07-23,1570
2338,光罩,51,0,51,港商法國興業,2024-07-23,1570
6278,台表科,44,0,44,港商法國興業,2024-07-23,1570
9945,潤泰新,43,0,43,港商法國興業,2024-07-23,1570
2886,兆豐金,41,0,41,港商法國興業,2024-07-23,1570
8076,伍豐,41,0,41,港商法國興業,2024-07-23,1570
6188,廣明,39,0,39,港商法國興業,2024-07-23,1570
3014,聯陽,38,0,38,港商法國興業,2024-07-23,1570
2887,台新金,36,0,36,港商法國興業,2024-07-23,1570
4770,上品,34,0,34,港商法國興業,2024-07-23,1570
1440,南紡,32,0,32,港商法國興業,2024-07-23,1570
3576,聯合再生,32,0,32,港商法國興業,2024-07-23,1570
5880,合庫金,30,0,30,港商法國興業,2024-07-23,1570
2809,京城銀,29,0,29,港商法國興業,2024-07-23,1570
5536,聖暉*,28,0,28,港商法國興業,2024-07-23,1570
3380,明泰,63,36,27,港商法國興業,2024-07-23,1570
4915,致伸,26,0,26,港商法國興業,2024-07-23,1570
2002,中鋼,25,0,25,港商法國興業,2024-07-23,1570
2801,彰銀,23,0,23,港商法國興業,2024-07-23,1570
2892,第一金,23,0,23,港商法國興業,2024-07-23,1570
5519,隆大,23,0,23,港商法國興業,2024-07-23,1570
1101,台泥,21,0,21,港商法國興業,2024-07-23,1570
2520,冠德,21,0,21,港商法國興業,2024-07-23,1570
2885,元大金,21,0,21,港商法國興業,2024-07-23,1570
1504,東元,20,0,20,港商法國興業,2024-07-23,1570
3481,群創,18,0,18,港商法國興業,2024-07-23,1570
8926,台汽電,18,0,18,港商法國興業,2024-07-23,1570
2880,華南金,17,0,17,港商法國興業,2024-07-23,1570
3706,神達,15,0,15,港商法國興業,2024-07-23,1570
2409,友達,14,0,14,港商法國興業,2024-07-23,1570
3029,零壹,14,0,14,港商法國興業,2024-07-23,1570
1303,南亞,13,0,13,港商法國興業,2024-07-23,1570
2404,漢唐,12,0,12,港商法國興業,2024-07-23,1570
2834,臺企銀,12,0,12,港商法國興業,2024-07-23,1570
1301,台塑,11,0,11,港商法國興業,2024-07-23,1570
6472,保瑞,11,0,11,港商法國興業,2024-07-23,1570
1522,堤維西,25,15,10,港商法國興業,2024-07-23,1570
2636,台驊控股,10,0,10,港商法國興業,2024-07-23,1570
2888,新光金,863,0,863,港商法國興業,2024-07-26,1570
2303,聯電,647,4,643,港商法國興業,2024-07-26,1570
2880,華南金,490,4,486,港商法國興業,2024-07-26,1570
6505,台塑化,227,0,227,港商法國興業,2024-07-26,1570
8926,台汽電,207,0,207,港商法國興業,2024-07-26,1570
2887,台新金,198,0,198,港商法國興業,2024-07-26,1570
2548,華固,150,0,150,港商法國興業,2024-07-26,1570
3481,群創,144,0,144,港商法國興業,2024-07-26,1570
1102,亞泥,127,0,127,港商法國興業,2024-07-26,1570
6770,力積電,121,0,121,港商法國興業,2024-07-26,1570
2884,玉山金,328,233,95,港商法國興業,2024-07-26,1570
3006,晶豪科,79,0,79,港商法國興業,2024-07-26,1570
2890,永豐金,81,5,76,港商法國興業,2024-07-26,1570
3703,欣陸,73,0,73,港商法國興業,2024-07-26,1570
1440,南紡,72,0,72,港商法國興業,2024-07-26,1570
2408,南亞科,70,0,70,港商法國興業,2024-07-26,1570
9933,中鼎,66,0,66,港商法國興業,2024-07-26,1570
2891,中信金,67,7,60,港商法國興業,2024-07-26,1570
4938,和碩,60,1,59,港商法國興業,2024-07-26,1570
2892,第一金,62,5,57,港商法國興業,2024-07-26,1570
2301,光寶科,54,1,53,港商法國興業,2024-07-26,1570
2809,京城銀,49,0,49,港商法國興業,2024-07-26,1570
1605,華新,41,0,41,港商法國興業,2024-07-26,1570
2338,光罩,34,0,34,港商法國興業,2024-07-26,1570
3576,聯合再生,34,0,34,港商法國興業,2024-07-26,1570
9802,鈺齊-KY,28,0,28,港商法國興業,2024-07-26,1570
5876,上海商銀,27,0,27,港商法國興業,2024-07-26,1570
2801,彰銀,26,0,26,港商法國興業,2024-07-26,1570
2474,可成,23,0,23,港商法國興業,2024-07-26,1570
4162,智擎,23,0,23,港商法國興業,2024-07-26,1570
5483,中美晶,18,0,18,港商法國興業,2024-07-26,1570
3017,奇鋐,17,0,17,港商法國興業,2024-07-26,1570
8076,伍豐,17,0,17,港商法國興業,2024-07-26,1570
2603,長榮,15,0,15,港商法國興業,2024-07-26,1570
3704,合勤控,12,0,12,港商法國興業,2024-07-26,1570
1905,華紙,11,0,11,港商法國興業,2024-07-26,1570
2027,大成鋼,11,0,11,港商法國興業,2024-07-26,1570
2049,上銀,10,0,10,港商法國興業,2024-07-26,1570
3034,聯詠,10,0,10,港商法國興業,2024-07-26,1570
1802,台玻,9,0,9,港商法國興業,2024-07-26,1570
6213,聯茂,14,5,9,港商法國興業,2024-07-26,1570
3014,聯陽,8,0,8,港商法國興業,2024-07-26,1570
4904,遠傳,8,0,8,港商法國興業,2024-07-26,1570
5536,聖暉*,8,0,8,港商法國興業,2024-07-26,1570
3037,欣興,8,1,7,港商法國興業,2024-07-26,1570
2207,和泰車,6,0,6,港商法國興業,2024-07-26,1570
2108,南帝,6,0,6,港商法國興業,2024-07-26,1570
4968,立積,7,1,6,港商法國興業,2024-07-26,1570
2308,台達電,17,12,5,港商法國興業,2024-07-26,1570
5519,隆大,5,0,5,港商法國興業,2024-07-26,1570
1102,亞泥,583,0,583,港商法國興業,2024-07-29,1570
2891,中信金,269,7,262,港商法國興業,2024-07-29,1570
4958,臻鼎-KY,260,0,260,港商法國興業,2024-07-29,1570
2888,新光金,234,0,234,港商法國興業,2024-07-29,1570
2884,玉山金,219,26,193,港商法國興業,2024-07-29,1570
2002,中鋼,180,0,180,港商法國興業,2024-07-29,1570
2303,聯電,171,0,171,港商法國興業,2024-07-29,1570
2887,台新金,171,0,171,港商法國興業,2024-07-29,1570
2892,第一金,166,0,166,港商法國興業,2024-07-29,1570
2330,台積電,375,215,160,港商法國興業,2024-07-29,1570
2890,永豐金,160,0,160,港商法國興業,2024-07-29,1570
5880,合庫金,157,0,157,港商法國興業,2024-07-29,1570
2885,元大金,154,0,154,港商法國興業,2024-07-29,1570
2882,國泰金,145,0,145,港商法國興業,2024-07-29,1570
6770,力積電,144,0,144,港商法國興業,2024-07-29,1570
2880,華南金,142,0,142,港商法國興業,2024-07-29,1570
2886,兆豐金,175,35,140,港商法國興業,2024-07-29,1570
3481,群創,131,0,131,港商法國興業,2024-07-29,1570
1785,光洋科,126,0,126,港商法國興業,2024-07-29,1570
2881,富邦金,119,0,119,港商法國興業,2024-07-29,1570
9945,潤泰新,110,0,110,港商法國興業,2024-07-29,1570
1101,台泥,103,0,103,港商法國興業,2024-07-29,1570
2324,仁寶,95,0,95,港商法國興業,2024-07-29,1570
2834,臺企銀,94,0,94,港商法國興業,2024-07-29,1570
3006,晶豪科,92,0,92,港商法國興業,2024-07-29,1570
6188,廣明,88,0,88,港商法國興業,2024-07-29,1570
3033,威健,85,0,85,港商法國興業,2024-07-29,1570
2801,彰銀,82,0,82,港商法國興業,2024-07-29,1570
1216,統一,75,0,75,港商法國興業,2024-07-29,1570
1303,南亞,72,0,72,港商法國興業,2024-07-29,1570
3703,欣陸,65,0,65,港商法國興業,2024-07-29,1570
3711,日月光投控,61,0,61,港商法國興業,2024-07-29,1570
3576,聯合再生,60,0,60,港商法國興業,2024-07-29,1570
1301,台塑,58,0,58,港商法國興業,2024-07-29,1570
5876,上海商銀,58,0,58,港商法國興業,2024-07-29,1570
2412,中華電,57,0,57,港商法國興業,2024-07-29,1570
2408,南亞科,56,0,56,港商法國興業,2024-07-29,1570
1326,台化,53,0,53,港商法國興業,2024-07-29,1570
8926,台汽電,53,0,53,港商法國興業,2024-07-29,1570
2344,華邦電,50,0,50,港商法國興業,2024-07-29,1570
1402,遠東新,44,0,44,港商法國興業,2024-07-29,1570
2353,宏��,44,0,44,港商法國興業,2024-07-29,1570
2610,華航,44,0,44,港商法國興業,2024-07-29,1570
2356,英業達,41,0,41,港商法國興業,2024-07-29,1570
2618,長榮航,41,0,41,港商法國興業,2024-07-29,1570
2419,仲琦,40,0,40,港商法國興業,2024-07-29,1570
1802,台玻,39,0,39,港商法國興業,2024-07-29,1570
3231,緯創,39,0,39,港商法國興業,2024-07-29,1570
2633,台灣高鐵,36,0,36,港商法國興業,2024-07-29,1570
9933,中鼎,35,0,35,港商法國興業,2024-07-29,1570
2317,鴻海,1564,0,1564,港商法國興業,2024-07-30,1570
2330,台積電,776,290,486,港商法國興業,2024-07-30,1570
2515,中工,325,0,325,港商法國興業,2024-07-30,1570
6188,廣明,302,0,302,港商法國興業,2024-07-30,1570
3037,欣興,288,0,288,港商法國興業,2024-07-30,1570
2408,南亞科,260,0,260,港商法國興業,2024-07-30,1570
2027,大成鋼,250,0,250,港商法國興業,2024-07-30,1570
2303,聯電,248,0,248,港商法國興業,2024-07-30,1570
2890,永豐金,231,5,226,港商法國興業,2024-07-30,1570
2883B,凱基金乙特,179,0,179,港商法國興業,2024-07-30,1570
2891,中信金,153,0,153,港商法國興業,2024-07-30,1570
1101,台泥,149,0,149,港商法國興業,2024-07-30,1570
2324,仁寶,147,0,147,港商法國興業,2024-07-30,1570
2002,中鋼,141,0,141,港商法國興業,2024-07-30,1570
2883,凱基金,138,0,138,港商法國興業,2024-07-30,1570
4904,遠傳,147,9,138,港商法國興業,2024-07-30,1570
3703,欣陸,131,0,131,港商法國興業,2024-07-30,1570
4958,臻鼎-KY,125,0,125,港商法國興業,2024-07-30,1570
2888,新光金,123,0,123,港商法國興業,2024-07-30,1570
2886,兆豐金,99,0,99,港商法國興業,2024-07-30,1570
2887,台新金,97,0,97,港商法國興業,2024-07-30,1570
2892,第一金,97,0,97,港商法國興業,2024-07-30,1570
2610,華航,95,0,95,港商法國興業,2024-07-30,1570
2882,國泰金,88,0,88,港商法國興業,2024-07-30,1570
2885,元大金,88,0,88,港商法國興業,2024-07-30,1570
2884,玉山金,124,37,87,港商法國興業,2024-07-30,1570
5880,合庫金,89,4,85,港商法國興業,2024-07-30,1570
3006,晶豪科,82,0,82,港商法國興業,2024-07-30,1570
1102,亞泥,81,0,81,港商法國興業,2024-07-30,1570
1326,台化,77,0,77,港商法國興業,2024-07-30,1570
2880,華南金,76,0,76,港商法國興業,2024-07-30,1570
3481,群創,74,0,74,港商法國興業,2024-07-30,1570
2881,富邦金,67,0,67,港商法國興業,2024-07-30,1570
2353,宏��,64,0,64,港商法國興業,2024-07-30,1570
2809,京城銀,59,0,59,港商法國興業,2024-07-30,1570
5243,乙盛-KY,59,0,59,港商法國興業,2024-07-30,1570
3033,威健,56,0,56,港商法國興業,2024-07-30,1570
6770,力積電,56,0,56,港商法國興業,2024-07-30,1570
2834,臺企銀,53,0,53,港商法國興業,2024-07-30,1570
1402,遠東新,52,0,52,港商法國興業,2024-07-30,1570
2548,華固,50,0,50,港商法國興業,2024-07-30,1570
2801,彰銀,47,0,47,港商法國興業,2024-07-30,1570
2301,光寶科,44,0,44,港商法國興業,2024-07-30,1570
1504,東元,43,0,43,港商法國興業,2024-07-30,1570
5347,世界,43,0,43,港商法國興業,2024-07-30,1570
1216,統一,41,0,41,港商法國興業,2024-07-30,1570
1303,南亞,41,0,41,港商法國興業,2024-07-30,1570
3045,台灣大,40,0,40,港商法國興業,2024-07-30,1570
3576,聯合再生,39,0,39,港商法國興業,2024-07-30,1570
2545,皇翔,36,0,36,港商法國興業,2024-07-30,1570
1303,南亞,524,14,510,港商法國興業,2024-07-31,1570
2344,華邦電,350,0,350,港商法國興業,2024-07-31,1570
2303,聯電,334,5,329,港商法國興業,2024-07-31,1570
2882,國泰金,166,0,166,港商法國興業,2024-07-31,1570
1402,遠東新,145,0,145,港商法國興業,2024-07-31,1570
2515,中工,139,0,139,港商法國興業,2024-07-31,1570
2027,大成鋼,117,0,117,港商法國興業,2024-07-31,1570
2002,中鋼,113,0,113,港商法國興業,2024-07-31,1570
3703,欣陸,106,0,106,港商法國興業,2024-07-31,1570
3006,晶豪科,97,0,97,港商法國興業,2024-07-31,1570
2885,元大金,95,0,95,港商法國興業,2024-07-31,1570
2884,玉山金,88,0,88,港商法國興業,2024-07-31,1570
6188,廣明,59,0,59,港商法國興業,2024-07-31,1570
2809,京城銀,54,0,54,港商法國興業,2024-07-31,1570
1102,亞泥,49,0,49,港商法國興業,2024-07-31,1570
2408,南亞科,46,0,46,港商法國興業,2024-07-31,1570
3711,日月光投控,43,0,43,港商法國興業,2024-07-31,1570
1536,和大,42,0,42,港商法國興業,2024-07-31,1570
3576,聯合再生,42,0,42,港商法國興業,2024-07-31,1570
3017,奇鋐,41,0,41,港商法國興業,2024-07-31,1570
8163,達方,44,3,41,港商法國興業,2024-07-31,1570
3033,威健,39,0,39,港商法國興業,2024-07-31,1570
4157,太景*-KY,36,0,36,港商法國興業,2024-07-31,1570
2324,仁寶,33,0,33,港商法國興業,2024-07-31,1570
2834,臺企銀,33,0,33,港商法國興業,2024-07-31,1570
6120,達運,31,0,31,港商法國興業,2024-07-31,1570
2633,台灣高鐵,27,0,27,港商法國興業,2024-07-31,1570
2354,鴻準,25,0,25,港商法國興業,2024-07-31,1570
2548,華固,24,0,24,港商法國興業,2024-07-31,1570
3702,大聯大,22,0,22,港商法國興業,2024-07-31,1570
5243,乙盛-KY,21,0,21,港商法國興業,2024-07-31,1570
2528,皇普,20,0,20,港商法國興業,2024-07-31,1570
1326,台化,19,0,19,港商法國興業,2024-07-31,1570
2464,盟立,19,0,19,港商法國興業,2024-07-31,1570
9941,裕融,17,0,17,港商法國興業,2024-07-31,1570
2352,佳世達,16,0,16,港商法國興業,2024-07-31,1570
1722,台肥,12,0,12,港商法國興業,2024-07-31,1570
1473,台南,11,0,11,港商法國興業,2024-07-31,1570
6789,采鈺,11,0,11,港商法國興業,2024-07-31,1570
9802,鈺齊-KY,11,0,11,港商法國興業,2024-07-31,1570
1301,台塑,10,0,10,港商法國興業,2024-07-31,1570
3014,聯陽,10,0,10,港商法國興業,2024-07-31,1570
6669,緯穎,9,0,9,港商法國興業,2024-07-31,1570
2331,精英,8,0,8,港商法國興業,2024-07-31,1570
1210,大成,7,0,7,港商法國興業,2024-07-31,1570
1907,永豐餘,7,0,7,港商法國興業,2024-07-31,1570
3217,優群,7,0,7,港商法國興業,2024-07-31,1570
6176,瑞儀,7,0,7,港商法國興業,2024-07-31,1570
6196,帆宣,6,0,6,港商法國興業,2024-07-31,1570
8070,長華*,6,0,6,港商法國興業,2024-07-31,1570
2884,玉山金,1681,124,1557,港商法國興業,2024-08-01,1570
2834,臺企銀,1366,7,1359,港商法國興業,2024-08-01,1570
5880,合庫金,1096,20,1076,港商法國興業,2024-08-01,1570
2883,凱基金,882,26,856,港商法國興業,2024-08-01,1570
2511,太子,632,0,632,港商法國興業,2024-08-01,1570
1301,台塑,574,0,574,港商法國興業,2024-08-01,1570
1314,中石化,567,0,567,港商法國興業,2024-08-01,1570
9940,信義,464,0,464,港商法國興業,2024-08-01,1570
1718,中纖,447,0,447,港商法國興業,2024-08-01,1570
6188,廣明,447,0,447,港商法國興業,2024-08-01,1570
2801,彰銀,477,33,444,港商法國興業,2024-08-01,1570
4306,炎洲,431,0,431,港商法國興業,2024-08-01,1570
2887,台新金,596,181,415,港商法國興業,2024-08-01,1570
2303,聯電,694,332,362,港商法國興業,2024-08-01,1570
2615,萬海,357,0,357,港商法國興業,2024-08-01,1570
1102,亞泥,359,4,355,港商法國興業,2024-08-01,1570
2547,日勝生,353,0,353,港商法國興業,2024-08-01,1570
2349,錸德,344,0,344,港商法國興業,2024-08-01,1570
9105,泰金寶-DR,637,295,342,港商法國興業,2024-08-01,1570
3535,晶彩科,316,0,316,港商法國興業,2024-08-01,1570
2885,元大金,307,18,289,港商法國興業,2024-08-01,1570
4532,瑞智,279,0,279,港商法國興業,2024-08-01,1570
1815,富喬,267,0,267,港商法國興業,2024-08-01,1570
2812,台中銀,266,0,266,港商法國興業,2024-08-01,1570
2392,正崴,263,0,263,港商法國興業,2024-08-01,1570
3703,欣陸,251,0,251,港商法國興業,2024-08-01,1570
8011,台通,246,0,246,港商法國興業,2024-08-01,1570
2308,台達電,218,0,218,港商法國興業,2024-08-01,1570
2382,廣達,211,0,211,港商法國興業,2024-08-01,1570
8927,北基,200,0,200,港商法國興業,2024-08-01,1570
1540,喬福,199,0,199,港商法國興業,2024-08-01,1570
9902,台火,181,0,181,港商法國興業,2024-08-01,1570
6177,達麗,176,0,176,港商法國興業,2024-08-01,1570
1409,新纖,175,0,175,港商法國興業,2024-08-01,1570
1326,台化,166,0,166,港商法國興業,2024-08-01,1570
3673,TPK-KY,164,0,164,港商法國興業,2024-08-01,1570
3706,神達,159,0,159,港商法國興業,2024-08-01,1570
9934,成霖,159,0,159,港商法國興業,2024-08-01,1570
2107,厚生,156,0,156,港商法國興業,2024-08-01,1570
1216,統一,156,6,150,港商法國興業,2024-08-01,1570
2538,基泰,145,0,145,港商法國興業,2024-08-01,1570
6603,富強鑫,145,0,145,港商法國興業,2024-08-01,1570
3010,華立,129,0,129,港商法國興業,2024-08-01,1570
2408,南亞科,125,0,125,港商法國興業,2024-08-01,1570
2838,聯邦銀,124,0,124,港商法國興業,2024-08-01,1570
1711,永光,120,0,120,港商法國興業,2024-08-01,1570
2337,旺宏,118,0,118,港商法國興業,2024-08-01,1570
2520,冠德,115,0,115,港商法國興業,2024-08-01,1570
2501,國建,113,0,113,港商法國興業,2024-08-01,1570
2412,中華電,140,36,104,港商法國興業,2024-08-01,1570
3481,群創,4851,0,4851,港商法國興業,2024-08-02,1570
2884,玉山金,1634,3,1631,港商法國興業,2024-08-02,1570
1540,喬福,1326,0,1326,港商法國興業,2024-08-02,1570
2408,南亞科,911,0,911,港商法國興業,2024-08-02,1570
1316,上曜,665,0,665,港商法國興業,2024-08-02,1570
4510,高鋒,536,0,536,港商法國興業,2024-08-02,1570
8046,南電,472,0,472,港商法國興業,2024-08-02,1570
6770,力積電,388,0,388,港商法國興業,2024-08-02,1570
3017,奇鋐,366,3,363,港商法國興業,2024-08-02,1570
2515,中工,350,0,350,港商法國興業,2024-08-02,1570
1314,中石化,345,0,345,港商法國興業,2024-08-02,1570
2887,台新金,342,3,339,港商法國興業,2024-08-02,1570
9105,泰金寶-DR,319,0,319,港商法國興業,2024-08-02,1570
2303,聯電,310,0,310,港商法國興業,2024-08-02,1570
4306,炎洲,295,0,295,港商法國興業,2024-08-02,1570
3037,欣興,275,1,274,港商法國興業,2024-08-02,1570
2530,華建,266,0,266,港商法國興業,2024-08-02,1570
4532,瑞智,253,0,253,港商法國興業,2024-08-02,1570
6177,達麗,250,0,250,港商法國興業,2024-08-02,1570
2439,美律,197,0,197,港商法國興業,2024-08-02,1570
6669,緯穎,185,0,185,港商法國興業,2024-08-02,1570
8927,北基,175,0,175,港商法國興業,2024-08-02,1570
9902,台火,166,0,166,港商法國興業,2024-08-02,1570
2376,技嘉,164,0,164,港商法國興業,2024-08-02,1570
1305,華夏,140,0,140,港商法國興業,2024-08-02,1570
2838,聯邦銀,140,0,140,港商法國興業,2024-08-02,1570
2538,基泰,139,0,139,港商法國興業,2024-08-02,1570
4960,誠美材,138,0,138,港商法國興業,2024-08-02,1570
3019,亞光,136,0,136,港商法國興業,2024-08-02,1570
2615,萬海,129,0,129,港商法國興業,2024-08-02,1570
2511,太子,123,0,123,港商法國興業,2024-08-02,1570
4114,健喬,121,0,121,港商法國興業,2024-08-02,1570
3284,太普高,118,0,118,港商法國興業,2024-08-02,1570
3710,連展投控,116,0,116,港商法國興業,2024-08-02,1570
2834,臺企銀,116,4,112,港商法國興業,2024-08-02,1570
2382,廣達,116,7,109,港商法國興業,2024-08-02,1570
1718,中纖,108,0,108,港商法國興業,2024-08-02,1570
2002,中鋼,103,0,103,港商法國興業,2024-08-02,1570
2801,彰銀,105,2,103,港商法國興業,2024-08-02,1570
6151,晉倫,100,0,100,港商法國興業,2024-08-02,1570
3703,欣陸,98,0,98,港商法國興業,2024-08-02,1570
2547,日勝生,96,0,96,港商法國興業,2024-08-02,1570
4714,永捷,96,0,96,港商法國興業,2024-08-02,1570
2509,全坤建,93,0,93,港商法國興業,2024-08-02,1570
8390,金益鼎,92,0,92,港商法國興業,2024-08-02,1570
1438,三地開發,80,0,80,港商法國興業,2024-08-02,1570
1809,中釉,80,0,80,港商法國興業,2024-08-02,1570
2605,新興,77,0,77,港商法國興業,2024-08-02,1570
9934,成霖,77,0,77,港商法國興業,2024-08-02,1570
2371,大同,73,0,73,港商法國興業,2024-08-02,1570
2834,臺企銀,2885,0,2885,港商法國興業,2024-08-05,1570
2801,彰銀,2404,0,2404,港商法國興業,2024-08-05,1570
1540,喬福,1216,0,1216,港商法國興業,2024-08-05,1570
2408,南亞科,1002,0,1002,港商法國興業,2024-08-05,1570
2382,廣達,1025,37,988,港商法國興業,2024-08-05,1570
6770,力積電,887,0,887,港商法國興業,2024-08-05,1570
4306,炎洲,778,0,778,港商法國興業,2024-08-05,1570
2884,玉山金,770,0,770,港商法國興業,2024-08-05,1570
2412,中華電,543,0,543,港商法國興業,2024-08-05,1570
4510,高鋒,594,68,526,港商法國興業,2024-08-05,1570
9105,泰金寶-DR,465,0,465,港商法國興業,2024-08-05,1570
2615,萬海,442,0,442,港商法國興業,2024-08-05,1570
3037,欣興,424,0,424,港商法國興業,2024-08-05,1570
4960,誠美材,383,0,383,港商法國興業,2024-08-05,1570
4123,晟德,332,0,332,港商法國興業,2024-08-05,1570
2353,宏��,271,0,271,港商法國興業,2024-08-05,1570
6152,百一,233,0,233,港商法國興業,2024-08-05,1570
2324,仁寶,225,0,225,港商法國興業,2024-08-05,1570
2371,大同,217,0,217,港商法國興業,2024-08-05,1570
3703,欣陸,211,0,211,港商法國興業,2024-08-05,1570
4114,健喬,211,0,211,港商法國興業,2024-08-05,1570
3710,連展投控,207,0,207,港商法國興業,2024-08-05,1570
5347,世界,194,0,194,港商法國興業,2024-08-05,1570
6188,廣明,188,0,188,港商法國興業,2024-08-05,1570
2845,遠東銀,184,0,184,港商法國興業,2024-08-05,1570
2530,華建,180,0,180,港商法國興業,2024-08-05,1570
3019,亞光,170,0,170,港商法國興業,2024-08-05,1570
3010,華立,169,0,169,港商法國興業,2024-08-05,1570
3149,正達,169,0,169,港商法國興業,2024-08-05,1570
1709,和益,168,0,168,港商法國興業,2024-08-05,1570
4720,德淵,168,0,168,港商法國興業,2024-08-05,1570
8046,南電,167,0,167,港商法國興業,2024-08-05,1570
1711,永光,164,0,164,港商法國興業,2024-08-05,1570
1718,中纖,163,0,163,港商法國興業,2024-08-05,1570
8390,金益鼎,162,0,162,港商法國興業,2024-08-05,1570
4157,太景*-KY,161,0,161,港商法國興業,2024-08-05,1570
2809,京城銀,159,0,159,港商法國興業,2024-08-05,1570
8927,北基,158,0,158,港商法國興業,2024-08-05,1570
2547,日勝生,153,0,153,港商法國興業,2024-08-05,1570
6239,力成,150,0,150,港商法國興業,2024-08-05,1570
1802,台玻,143,0,143,港商法國興業,2024-08-05,1570
8021,尖點,127,0,127,港商法國興業,2024-08-05,1570
3686,達能,123,0,123,港商法國興業,2024-08-05,1570
3711,日月光投控,113,0,113,港商法國興業,2024-08-05,1570
6147,頎邦,113,0,113,港商法國興業,2024-08-05,1570
2308,台達電,112,0,112,港商法國興業,2024-08-05,1570
2538,基泰,112,0,112,港商法國興業,2024-08-05,1570
2887,台新金,112,0,112,港商法國興業,2024-08-05,1570
2454,聯發科,118,8,110,港商法國興業,2024-08-05,1570
2303,聯電,113,6,107,港商法國興業,2024-08-05,1570
2887,台新金,1152,27,1125,港商法國興業,2024-08-06,1570
2834,臺企銀,872,0,872,港商法國興業,2024-08-06,1570
1314,中石化,721,0,721,港商法國興業,2024-08-06,1570
6770,力積電,630,0,630,港商法國興業,2024-08-06,1570
8046,南電,481,0,481,港商法國興業,2024-08-06,1570
2615,萬海,476,0,476,港商法國興業,2024-08-06,1570
2027,大成鋼,443,0,443,港商法國興業,2024-08-06,1570
3037,欣興,437,8,429,港商法國興業,2024-08-06,1570
4306,炎洲,416,0,416,港商法國興業,2024-08-06,1570
4123,晟德,374,0,374,港商法國興業,2024-08-06,1570
2530,華建,315,0,315,港商法國興業,2024-08-06,1570
5347,世界,270,1,269,港商法國興業,2024-08-06,1570
2362,藍天,234,0,234,港商法國興業,2024-08-06,1570
2408,南亞科,203,0,203,港商法國興業,2024-08-06,1570
1504,東元,196,0,196,港商法國興業,2024-08-06,1570
3019,亞光,192,0,192,港商法國興業,2024-08-06,1570
2511,太子,186,0,186,港商法國興業,2024-08-06,1570
1316,上曜,176,0,176,港商法國興業,2024-08-06,1570
2845,遠東銀,175,0,175,港商法國興業,2024-08-06,1570
5608,四維航,170,0,170,港商法國興業,2024-08-06,1570
2352,佳世達,167,0,167,港商法國興業,2024-08-06,1570
3703,欣陸,165,0,165,港商法國興業,2024-08-06,1570
9934,成霖,145,0,145,港商法國興業,2024-08-06,1570
4960,誠美材,142,0,142,港商法國興業,2024-08-06,1570
2520,冠德,135,0,135,港商法國興業,2024-08-06,1570
2453,凌群,130,0,130,港商法國興業,2024-08-06,1570
6442,光聖,125,0,125,港商法國興業,2024-08-06,1570
6152,百一,123,0,123,港商法國興業,2024-08-06,1570
1102,亞泥,116,0,116,港商法國興業,2024-08-06,1570
4707,磐亞,114,0,114,港商法國興業,2024-08-06,1570
3522,御嵿,109,0,109,港商法國興業,2024-08-06,1570
6472,保瑞,108,0,108,港商法國興業,2024-08-06,1570
6706,惠特,108,0,108,港商法國興業,2024-08-06,1570
2402,毅嘉,106,0,106,港商法國興業,2024-08-06,1570
3686,達能,99,0,99,港商法國興業,2024-08-06,1570
2439,美律,97,0,97,港商法國興業,2024-08-06,1570
6753,龍德造船,96,0,96,港商法國興業,2024-08-06,1570
8390,金益鼎,92,0,92,港商法國興業,2024-08-06,1570
3450,聯鈞,86,0,86,港商法國興業,2024-08-06,1570
2458,義隆,84,0,84,港商法國興業,2024-08-06,1570
6788,華景電,81,0,81,港商法國興業,2024-08-06,1570
2538,基泰,79,0,79,港商法國興業,2024-08-06,1570
6603,富強鑫,78,0,78,港商法國興業,2024-08-06,1570
4903,聯光通,69,0,69,港商法國興業,2024-08-06,1570
6239,力成,61,0,61,港商法國興業,2024-08-06,1570
3010,華立,60,0,60,港商法國興業,2024-08-06,1570
8927,北基,60,0,60,港商法國興業,2024-08-06,1570
6190,萬泰科,58,0,58,港商法國興業,2024-08-06,1570
8033,雷虎,57,0,57,港商法國興業,2024-08-06,1570
5871,中租-KY,56,0,56,港商法國興業,2024-08-06,1570
2317,鴻海,3854,4,3850,港商法國興業,2024-08-07,1570
2834,臺企銀,968,0,968,港商法國興業,2024-08-07,1570
3019,亞光,803,0,803,港商法國興業,2024-08-07,1570
2382,廣達,592,1,591,港商法國興業,2024-08-07,1570
9105,泰金寶-DR,462,33,429,港商法國興業,2024-08-07,1570
1569,濱川,381,0,381,港商法國興業,2024-08-07,1570
1504,東元,287,0,287,港商法國興業,2024-08-07,1570
4306,炎洲,242,0,242,港商法國興業,2024-08-07,1570
2845,遠東銀,241,0,241,港商法國興業,2024-08-07,1570
2530,華建,230,0,230,港商法國興業,2024-08-07,1570
5519,隆大,185,0,185,港商法國興業,2024-08-07,1570
2801,彰銀,180,0,180,港商法國興業,2024-08-07,1570
6603,富強鑫,164,0,164,港商法國興業,2024-08-07,1570
6239,力成,148,0,148,港商法國興業,2024-08-07,1570
4123,晟德,144,0,144,港商法國興業,2024-08-07,1570
2439,美律,135,0,135,港商法國興業,2024-08-07,1570
2887,台新金,128,0,128,港商法國興業,2024-08-07,1570
2511,太子,125,0,125,港商法國興業,2024-08-07,1570
9934,成霖,122,0,122,港商法國興業,2024-08-07,1570
2615,萬海,119,0,119,港商法國興業,2024-08-07,1570
6152,百一,118,0,118,港商法國興業,2024-08-07,1570
2027,大成鋼,115,0,115,港商法國興業,2024-08-07,1570
3022,威強電,115,0,115,港商法國興業,2024-08-07,1570
6274,台燿,112,0,112,港商法國興業,2024-08-07,1570
2362,藍天,102,0,102,港商法國興業,2024-08-07,1570
4114,健喬,101,0,101,港商法國興業,2024-08-07,1570
2201,裕隆,100,0,100,港商法國興業,2024-08-07,1570
2376,技嘉,100,0,100,港商法國興業,2024-08-07,1570
2385,群光,98,0,98,港商法國興業,2024-08-07,1570
2303,聯電,116,21,95,港商法國興業,2024-08-07,1570
2892,第一金,94,0,94,港商法國興業,2024-08-07,1570
3703,欣陸,89,0,89,港商法國興業,2024-08-07,1570
5880,合庫金,88,0,88,港商法國興業,2024-08-07,1570
1736,喬山,79,0,79,港商法國興業,2024-08-07,1570
2912,統一超,79,0,79,港商法國興業,2024-08-07,1570
2888,新光金,68,0,68,港商法國興業,2024-08-07,1570
4167,松瑞藥,68,0,68,港商法國興業,2024-08-07,1570
3010,華立,65,0,65,港商法國興業,2024-08-07,1570
1815,富喬,64,0,64,港商法國興業,2024-08-07,1570
2545,皇翔,64,0,64,港商法國興業,2024-08-07,1570
9940,信義,64,0,64,港商法國興業,2024-08-07,1570
4927,泰鼎-KY,63,0,63,港商法國興業,2024-08-07,1570
1720,生達,62,0,62,港商法國興業,2024-08-07,1570
1582,信錦,63,2,61,港商法國興業,2024-08-07,1570
2449,京元電子,58,0,58,港商法國興業,2024-08-07,1570
4976,佳凌,58,0,58,港商法國興業,2024-08-07,1570
2453,凌群,54,0,54,港商法國興業,2024-08-07,1570
2457,飛宏,54,0,54,港商法國興業,2024-08-07,1570
6535,順藥,48,0,48,港商法國興業,2024-08-07,1570
1605,華新,47,0,47,港商法國興業,2024-08-07,1570
2834,臺企銀,1716,0,1716,港商法國興業,2024-08-08,1570
2382,廣達,1299,13,1286,港商法國興業,2024-08-08,1570
1540,喬福,693,12,681,港商法國興業,2024-08-08,1570
3019,亞光,651,0,651,港商法國興業,2024-08-08,1570
2543,皇昌,576,0,576,港商法國興業,2024-08-08,1570
2887,台新金,420,8,412,港商法國興業,2024-08-08,1570
2515,中工,409,0,409,港商法國興業,2024-08-08,1570
2449,京元電子,399,0,399,港商法國興業,2024-08-08,1570
3535,晶彩科,327,0,327,港商法國興業,2024-08-08,1570
3189,景碩,313,13,300,港商法國興業,2024-08-08,1570
6603,富強鑫,279,0,279,港商法國興業,2024-08-08,1570
1608,華榮,278,0,278,港商法國興業,2024-08-08,1570
6239,力成,266,0,266,港商法國興業,2024-08-08,1570
3706,神達,265,0,265,港商法國興業,2024-08-08,1570
2883,凱基金,264,5,259,港商法國興業,2024-08-08,1570
3522,御嵿,232,0,232,港商法國興業,2024-08-08,1570
2845,遠東銀,226,0,226,港商法國興業,2024-08-08,1570
2371,大同,203,0,203,港商法國興業,2024-08-08,1570
6770,力積電,192,0,192,港商法國興業,2024-08-08,1570
1815,富喬,180,0,180,港商法國興業,2024-08-08,1570
1503,士電,167,5,162,港商法國興業,2024-08-08,1570
9902,台火,161,0,161,港商法國興業,2024-08-08,1570
3022,威強電,149,0,149,港商法國興業,2024-08-08,1570
3167,大量,145,0,145,港商法國興業,2024-08-08,1570
8103,瀚荃,139,0,139,港商法國興業,2024-08-08,1570
2324,仁寶,129,0,129,港商法國興業,2024-08-08,1570
4306,炎洲,123,0,123,港商法國興業,2024-08-08,1570
2412,中華電,123,2,121,港商法國興業,2024-08-08,1570
3048,益登,120,0,120,港商法國興業,2024-08-08,1570
3712,永崴投控,118,0,118,港商法國興業,2024-08-08,1570
1569,濱川,116,0,116,港商法國興業,2024-08-08,1570
3050,鈺德,114,0,114,港商法國興業,2024-08-08,1570
5386,青雲,113,0,113,港商法國興業,2024-08-08,1570
3013,晟銘電,111,0,111,港商法國興業,2024-08-08,1570
5519,隆大,105,0,105,港商法國興業,2024-08-08,1570
3576,聯合再生,94,0,94,港商法國興業,2024-08-08,1570
8096,擎亞,233,142,91,港商法國興業,2024-08-08,1570
2801,彰銀,81,0,81,港商法國興業,2024-08-08,1570
6104,創惟,81,0,81,港商法國興業,2024-08-08,1570
6451,訊芯-KY,78,0,78,港商法國興業,2024-08-08,1570
2027,大成鋼,75,0,75,港商法國興業,2024-08-08,1570
4956,光鋐,75,0,75,港商法國興業,2024-08-08,1570
5452,佶優,75,0,75,港商法國興業,2024-08-08,1570
3689,湧德,73,0,73,港商法國興業,2024-08-08,1570
3062,建漢,67,0,67,港商法國興業,2024-08-08,1570
9802,鈺齊-KY,63,0,63,港商法國興業,2024-08-08,1570
8927,北基,61,0,61,港商法國興業,2024-08-08,1570
2603,長榮,67,10,57,港商法國興業,2024-08-08,1570
8390,金益鼎,57,0,57,港商法國興業,2024-08-08,1570
3294,英濟,54,0,54,港商法國興業,2024-08-08,1570
0050,元大台灣50,3238,150,3088,港商法國興業,2024-08-09,1570
2330,台積電,3070,364,2706,港商法國興業,2024-08-09,1570
2884,玉山金,1432,14,1418,港商法國興業,2024-08-09,1570
2834,臺企銀,1074,9,1065,港商法國興業,2024-08-09,1570
3450,聯鈞,607,3,604,港商法國興業,2024-08-09,1570
1540,喬福,602,0,602,港商法國興業,2024-08-09,1570
2344,華邦電,681,216,465,港商法國興業,2024-08-09,1570
2303,聯電,462,0,462,港商法國興業,2024-08-09,1570
1402,遠東新,451,0,451,港商法國興業,2024-08-09,1570
1102,亞泥,435,4,431,港商法國興業,2024-08-09,1570
2888,新光金,404,11,393,港商法國興業,2024-08-09,1570
2615,萬海,386,1,385,港商法國興業,2024-08-09,1570
2324,仁寶,383,0,383,港商法國興業,2024-08-09,1570
2883,凱基金,394,17,377,港商法國興業,2024-08-09,1570
2891,中信金,425,99,326,港商法國興業,2024-08-09,1570
3522,御嵿,292,0,292,港商法國興業,2024-08-09,1570
2317,鴻海,293,2,291,港商法國興業,2024-08-09,1570
1608,華榮,287,0,287,港商法國興業,2024-08-09,1570
2886,兆豐金,279,0,279,港商法國興業,2024-08-09,1570
2002,中鋼,278,0,278,港商法國興業,2024-08-09,1570
2887,台新金,274,0,274,港商法國興業,2024-08-09,1570
2892,第一金,264,0,264,港商法國興業,2024-08-09,1570
1718,中纖,257,0,257,港商法國興業,2024-08-09,1570
3706,神達,257,0,257,港商法國興業,2024-08-09,1570
6505,台塑化,256,2,254,港商法國興業,2024-08-09,1570
2890,永豐金,247,0,247,港商法國興業,2024-08-09,1570
5880,合庫金,264,23,241,港商法國興業,2024-08-09,1570
2882,國泰金,237,13,224,港商法國興業,2024-08-09,1570
2880,華南金,217,10,207,港商法國興業,2024-08-09,1570
3481,群創,203,2,201,港商法國興業,2024-08-09,1570
1504,東元,199,0,199,港商法國興業,2024-08-09,1570
5202,力新,198,0,198,港商法國興業,2024-08-09,1570
2371,大同,196,0,196,港商法國興業,2024-08-09,1570
2633,台灣高鐵,194,3,191,港商法國興業,2024-08-09,1570
1569,濱川,189,0,189,港商法國興業,2024-08-09,1570
1711,永光,185,0,185,港商法國興業,2024-08-09,1570
2357,華碩,183,0,183,港商法國興業,2024-08-09,1570
3019,亞光,176,0,176,港商法國興業,2024-08-09,1570
1709,和益,166,0,166,港商法國興業,2024-08-09,1570
6152,百一,164,0,164,港商法國興業,2024-08-09,1570
2881,富邦金,189,27,162,港商法國興業,2024-08-09,1570
1101,台泥,170,11,159,港商法國興業,2024-08-09,1570
5386,青雲,156,0,156,港商法國興業,2024-08-09,1570
2385,群光,155,0,155,港商法國興業,2024-08-09,1570
2409,友達,153,0,153,港商法國興業,2024-08-09,1570
2412,中華電,158,8,150,港商法國興業,2024-08-09,1570
1513,中興電,148,0,148,港商法國興業,2024-08-09,1570
3022,威強電,148,0,148,港商法國興業,2024-08-09,1570
3033,威健,146,0,146,港商法國興業,2024-08-09,1570
2382,廣達,145,1,144,港商法國興業,2024-08-09,1570
2353,宏��,599,0,599,港商法國興業,2024-08-12,1570
0050,元大台灣50,540,0,540,港商法國興業,2024-08-12,1570
2312,金寶,500,0,500,港商法國興業,2024-08-12,1570
2324,仁寶,488,0,488,港商法國興業,2024-08-12,1570
2836,高雄銀,420,0,420,港商法國興業,2024-08-12,1570
2834,臺企銀,435,42,393,港商法國興業,2024-08-12,1570
3045,台灣大,390,0,390,港商法國興業,2024-08-12,1570
1316,上曜,374,0,374,港商法國興業,2024-08-12,1570
2887,台新金,369,0,369,港商法國興業,2024-08-12,1570
2412,中華電,335,0,335,港商法國興業,2024-08-12,1570
4513,福裕,283,0,283,港商法國興業,2024-08-12,1570
2344,華邦電,277,0,277,港商法國興業,2024-08-12,1570
1513,中興電,231,0,231,港商法國興業,2024-08-12,1570
3708,上緯投控,171,0,171,港商法國興業,2024-08-12,1570
2845,遠東銀,168,0,168,港商法國興業,2024-08-12,1570
3583,辛耘,152,0,152,港商法國興業,2024-08-12,1570
3706,神達,151,0,151,港商法國興業,2024-08-12,1570
1569,濱川,147,0,147,港商法國興業,2024-08-12,1570
2371,大同,144,0,144,港商法國興業,2024-08-12,1570
2497,怡利電,143,0,143,港商法國興業,2024-08-12,1570
3062,建漢,141,0,141,港商法國興業,2024-08-12,1570
4306,炎洲,136,0,136,港商法國興業,2024-08-12,1570
3037,欣興,126,0,126,港商法國興業,2024-08-12,1570
3189,景碩,123,0,123,港商法國興業,2024-08-12,1570
1727,中華化,109,0,109,港商法國興業,2024-08-12,1570
1605,華新,103,0,103,港商法國興業,2024-08-12,1570
1582,信錦,83,0,83,港商法國興業,2024-08-12,1570
1718,中纖,81,0,81,港商法國興業,2024-08-12,1570
5876,上海商銀,79,0,79,港商法國興業,2024-08-12,1570
3703,欣陸,75,0,75,港商法國興業,2024-08-12,1570
3058,立德,74,0,74,港商法國興業,2024-08-12,1570
5386,青雲,70,0,70,港商法國興業,2024-08-12,1570
2103,台橡,69,0,69,港商法國興業,2024-08-12,1570
2885,元大金,132,65,67,港商法國興業,2024-08-12,1570
2536,宏普,66,0,66,港商法國興業,2024-08-12,1570
5014,建錩,66,0,66,港商法國興業,2024-08-12,1570
5522,遠雄,65,0,65,港商法國興業,2024-08-12,1570
8390,金益鼎,65,0,65,港商法國興業,2024-08-12,1570
3702,大聯大,64,0,64,港商法國興業,2024-08-12,1570
9933,中鼎,63,0,63,港商法國興業,2024-08-12,1570
1711,永光,62,0,62,港商法國興業,2024-08-12,1570
4966,譜瑞-KY,62,0,62,港商法國興業,2024-08-12,1570
5519,隆大,62,0,62,港商法國興業,2024-08-12,1570
6186,新潤,60,0,60,港商法國興業,2024-08-12,1570
1540,喬福,59,0,59,港商法國興業,2024-08-12,1570
3019,亞光,59,0,59,港商法國興業,2024-08-12,1570
2615,萬海,58,0,58,港商法國興業,2024-08-12,1570
1102,亞泥,57,0,57,港商法國興業,2024-08-12,1570
3686,達能,57,0,57,港商法國興業,2024-08-12,1570
6770,力積電,57,0,57,港商法國興業,2024-08-12,1570
0050,元大台灣50,930,0,930,港商法國興業,2024-08-13,1570
3062,建漢,614,0,614,港商法國興業,2024-08-13,1570
2412,中華電,571,0,571,港商法國興業,2024-08-13,1570
2615,萬海,560,0,560,港商法國興業,2024-08-13,1570
2882,國泰金,510,0,510,港商法國興業,2024-08-13,1570
3019,亞光,457,0,457,港商法國興業,2024-08-13,1570
3227,原相,421,0,421,港商法國興業,2024-08-13,1570
2312,金寶,391,0,391,港商法國興業,2024-08-13,1570
2324,仁寶,243,0,243,港商法國興業,2024-08-13,1570
2317,鴻海,220,4,216,港商法國興業,2024-08-13,1570
2834,臺企銀,211,0,211,港商法國興業,2024-08-13,1570
2836,高雄銀,200,0,200,港商法國興業,2024-08-13,1570
2884,玉山金,198,0,198,港商法國興業,2024-08-13,1570
1609,大亞,186,0,186,港商法國興業,2024-08-13,1570
6603,富強鑫,184,0,184,港商法國興業,2024-08-13,1570
1316,上曜,183,0,183,港商法國興業,2024-08-13,1570
1513,中興電,181,0,181,港商法國興業,2024-08-13,1570
2520,冠德,161,0,161,港商法國興業,2024-08-13,1570
2892,第一金,130,0,130,港商法國興業,2024-08-13,1570
2880,華南金,119,0,119,港商法國興業,2024-08-13,1570
2027,大成鋼,114,0,114,港商法國興業,2024-08-13,1570
9934,成霖,113,0,113,港商法國興業,2024-08-13,1570
1582,信錦,108,0,108,港商法國興業,2024-08-13,1570
2497,怡利電,105,0,105,港商法國興業,2024-08-13,1570
3017,奇鋐,101,0,101,港商法國興業,2024-08-13,1570
2845,遠東銀,98,0,98,港商法國興業,2024-08-13,1570
4306,炎洲,96,0,96,港商法國興業,2024-08-13,1570
3583,辛耘,92,0,92,港商法國興業,2024-08-13,1570
2354,鴻準,89,0,89,港商法國興業,2024-08-13,1570
3686,達能,89,0,89,港商法國興業,2024-08-13,1570
2449,京元電子,131,48,83,港商法國興業,2024-08-13,1570
2888,新光金,83,0,83,港商法國興業,2024-08-13,1570
2610,華航,82,0,82,港商法國興業,2024-08-13,1570
5386,青雲,72,0,72,港商法國興業,2024-08-13,1570
4107,邦特,71,0,71,港商法國興業,2024-08-13,1570
6415,矽力*-KY,69,0,69,港商法國興業,2024-08-13,1570
2009,第一銅,64,0,64,港商法國興業,2024-08-13,1570
6788,華景電,63,0,63,港商法國興業,2024-08-13,1570
3711,日月光投控,68,8,60,港商法國興業,2024-08-13,1570
8390,金益鼎,59,0,59,港商法國興業,2024-08-13,1570
5519,隆大,55,0,55,港商法國興業,2024-08-13,1570
6156,松上,55,0,55,港商法國興業,2024-08-13,1570
4532,瑞智,53,0,53,港商法國興業,2024-08-13,1570
4966,譜瑞-KY,52,0,52,港商法國興業,2024-08-13,1570
8937,合騏,51,0,51,港商法國興業,2024-08-13,1570
3533,嘉澤,49,1,48,港商法國興業,2024-08-13,1570
3060,銘異,47,0,47,港商法國興業,2024-08-13,1570
6151,晉倫,47,0,47,港商法國興業,2024-08-13,1570
1442,名軒,46,0,46,港商法國興業,2024-08-13,1570
4976,佳凌,46,0,46,港商法國興業,2024-08-13,1570
2317,鴻海,3778,0,3778,港商法國興業,2024-08-14,1570
2891,中信金,2187,0,2187,港商法國興業,2024-08-14,1570
0050,元大台灣50,1850,0,1850,港商法國興業,2024-08-14,1570
5880,合庫金,1034,0,1034,港商法國興業,2024-08-14,1570
3231,緯創,573,0,573,港商法國興業,2024-08-14,1570
2324,仁寶,513,0,513,港商法國興業,2024-08-14,1570
2388,威盛,500,0,500,港商法國興業,2024-08-14,1570
3047,訊舟,433,0,433,港商法國興業,2024-08-14,1570
2884,玉山金,421,0,421,港商法國興業,2024-08-14,1570
3019,亞光,407,14,393,港商法國興業,2024-08-14,1570
4958,臻鼎-KY,385,0,385,港商法國興業,2024-08-14,1570
3535,晶彩科,251,0,251,港商法國興業,2024-08-14,1570
3013,晟銘電,253,18,235,港商法國興業,2024-08-14,1570
1609,大亞,207,0,207,港商法國興業,2024-08-14,1570
9935,慶豐富,194,0,194,港商法國興業,2024-08-14,1570
3706,神達,191,0,191,港商法國興業,2024-08-14,1570
2882,國泰金,179,0,179,港商法國興業,2024-08-14,1570
3227,原相,179,0,179,港商法國興業,2024-08-14,1570
2303,聯電,178,0,178,港商法國興業,2024-08-14,1570
3583,辛耘,159,0,159,港商法國興業,2024-08-14,1570
8390,金益鼎,145,0,145,港商法國興業,2024-08-14,1570
2357,華碩,118,0,118,港商法國興業,2024-08-14,1570
1316,上曜,114,0,114,港商法國興業,2024-08-14,1570
4904,遠傳,111,0,111,港商法國興業,2024-08-14,1570
5386,青雲,106,0,106,港商法國興業,2024-08-14,1570
6446,藥華藥,104,0,104,港商法國興業,2024-08-14,1570
2353,宏��,98,0,98,港商法國興業,2024-08-14,1570
4551,智伸科,97,0,97,港商法國興業,2024-08-14,1570
6658,聯策,97,0,97,港商法國興業,2024-08-14,1570
6603,富強鑫,94,0,94,港商法國興業,2024-08-14,1570
9904,寶成,91,0,91,港商法國興業,2024-08-14,1570
2027,大成鋼,86,0,86,港商法國興業,2024-08-14,1570
2603,長榮,85,0,85,港商法國興業,2024-08-14,1570
1527,鑽全,73,0,73,港商法國興業,2024-08-14,1570
3045,台灣大,72,0,72,港商法國興業,2024-08-14,1570
4576,大銀微系統,71,0,71,港商法國興業,2024-08-14,1570
9934,成霖,66,0,66,港商法國興業,2024-08-14,1570
3017,奇鋐,61,0,61,港商法國興業,2024-08-14,1570
2412,中華電,59,0,59,港商法國興業,2024-08-14,1570
2536,宏普,57,0,57,港商法國興業,2024-08-14,1570
3443,創意,57,0,57,港商法國興業,2024-08-14,1570
2009,第一銅,51,0,51,港商法國興業,2024-08-14,1570
2354,鴻準,49,0,49,港商法國興業,2024-08-14,1570
2363,矽統,44,0,44,港商法國興業,2024-08-14,1570
4966,譜瑞-KY,43,1,42,港商法國興業,2024-08-14,1570
3703,欣陸,40,0,40,港商法國興業,2024-08-14,1570
6890,來億-KY,39,0,39,港商法國興業,2024-08-14,1570
2509,全坤建,37,0,37,港商法國興業,2024-08-14,1570
1442,名軒,36,0,36,港商法國興業,2024-08-14,1570
4113,聯上,35,0,35,港商法國興業,2024-08-14,1570
2317,鴻海,1127,10,1117,港商法國興業,2024-08-15,1570
2324,仁寶,991,5,986,港商法國興業,2024-08-15,1570
2801,彰銀,931,0,931,港商法國興業,2024-08-15,1570
2323,中環,506,0,506,港商法國興業,2024-08-15,1570
2883,凱基金,538,95,443,港商法國興業,2024-08-15,1570
3047,訊舟,420,0,420,港商法國興業,2024-08-15,1570
3227,原相,308,0,308,港商法國興業,2024-08-15,1570
2504,國產,271,1,270,港商法國興業,2024-08-15,1570
2388,威盛,264,0,264,港商法國興業,2024-08-15,1570
6603,富強鑫,229,0,229,港商法國興業,2024-08-15,1570
2882,國泰金,211,8,203,港商法國興業,2024-08-15,1570
2353,宏��,225,26,199,港商法國興業,2024-08-15,1570
8390,金益鼎,136,0,136,港商法國興業,2024-08-15,1570
1708,東鹼,135,0,135,港商法國興業,2024-08-15,1570
9907,統一實,128,0,128,港商法國興業,2024-08-15,1570
1806,冠軍,126,0,126,港商法國興業,2024-08-15,1570
2884,玉山金,134,14,120,港商法國興業,2024-08-15,1570
2497,怡利電,115,0,115,港商法國興業,2024-08-15,1570
3706,神達,112,0,112,港商法國興業,2024-08-15,1570
1316,上曜,110,0,110,港商法國興業,2024-08-15,1570
5386,青雲,102,0,102,港商法國興業,2024-08-15,1570
1442,名軒,94,0,94,港商法國興業,2024-08-15,1570
2515,中工,91,0,91,港商法國興業,2024-08-15,1570
2851,中再保,90,0,90,港商法國興業,2024-08-15,1570
2509,全坤建,89,0,89,港商法國興業,2024-08-15,1570
2303,聯電,106,18,88,港商法國興業,2024-08-15,1570
3231,緯創,85,0,85,港商法國興業,2024-08-15,1570
3019,亞光,83,0,83,港商法國興業,2024-08-15,1570
1527,鑽全,80,0,80,港商法國興業,2024-08-15,1570
1711,永光,78,0,78,港商法國興業,2024-08-15,1570
9906,欣巴巴,77,0,77,港商法國興業,2024-08-15,1570
4551,智伸科,76,0,76,港商法國興業,2024-08-15,1570
4306,炎洲,69,0,69,港商法國興業,2024-08-15,1570
4976,佳凌,63,0,63,港商法國興業,2024-08-15,1570
2820,華票,60,0,60,港商法國興業,2024-08-15,1570
3583,辛耘,60,0,60,港商法國興業,2024-08-15,1570
3673,TPK-KY,56,0,56,港商法國興業,2024-08-15,1570
4956,光鋐,55,0,55,港商法國興業,2024-08-15,1570
6807,峰源-KY,52,0,52,港商法國興業,2024-08-15,1570
5009,榮剛,51,0,51,港商法國興業,2024-08-15,1570
6890,來億-KY,47,0,47,港商法國興業,2024-08-15,1570
2545,皇翔,46,0,46,港商法國興業,2024-08-15,1570
2615,萬海,42,0,42,港商法國興業,2024-08-15,1570
3663,鑫科,41,0,41,港商法國興業,2024-08-15,1570
4952,凌通,39,0,39,港商法國興業,2024-08-15,1570
6788,華景電,39,0,39,港商法國興業,2024-08-15,1570
1605,華新,40,3,37,港商法國興業,2024-08-15,1570
3705,永信,34,0,34,港商法國興業,2024-08-15,1570
2009,第一銅,32,0,32,港商法國興業,2024-08-15,1570
1727,中華化,32,0,32,港商法國興業,2024-08-15,1570
2888,新光金,1215,0,1215,港商法國興業,2024-08-16,1570
3047,訊舟,916,0,916,港商法國興業,2024-08-16,1570
2312,金寶,620,0,620,港商法國興業,2024-08-16,1570
9105,泰金寶-DR,683,67,616,港商法國興業,2024-08-16,1570
2615,萬海,341,0,341,港商法國興業,2024-08-16,1570
2801,彰銀,307,0,307,港商法國興業,2024-08-16,1570
2883,凱基金,303,0,303,港商法國興業,2024-08-16,1570
4566,時碩工業,290,0,290,港商法國興業,2024-08-16,1570
2353,宏��,286,0,286,港商法國興業,2024-08-16,1570
9945,潤泰新,229,0,229,港商法國興業,2024-08-16,1570
3673,TPK-KY,183,0,183,港商法國興業,2024-08-16,1570
1806,冠軍,180,0,180,港商法國興業,2024-08-16,1570
3450,聯鈞,180,0,180,港商法國興業,2024-08-16,1570
2537,聯上發,174,0,174,港商法國興業,2024-08-16,1570
1711,永光,170,0,170,港商法國興業,2024-08-16,1570
6603,富強鑫,138,0,138,港商法國興業,2024-08-16,1570
1570,力肯,130,0,130,港商法國興業,2024-08-16,1570
9907,統一實,119,0,119,港商法國興業,2024-08-16,1570
6026,福邦證,118,0,118,港商法國興業,2024-08-16,1570
9934,成霖,115,0,115,港商法國興業,2024-08-16,1570
6120,達運,107,0,107,港商法國興業,2024-08-16,1570
8299,群聯,106,0,106,港商法國興業,2024-08-16,1570
1307,三芳,105,0,105,港商法國興業,2024-08-16,1570
1612,宏泰,100,0,100,港商法國興業,2024-08-16,1570
2905,三商,94,0,94,港商法國興業,2024-08-16,1570
5009,榮剛,86,0,86,港商法國興業,2024-08-16,1570
1708,東鹼,85,0,85,港商法國興業,2024-08-16,1570
2009,第一銅,81,0,81,港商法國興業,2024-08-16,1570
6788,華景電,81,0,81,港商法國興業,2024-08-16,1570
1442,名軒,79,0,79,港商法國興業,2024-08-16,1570
5263,智崴,79,0,79,港商法國興業,2024-08-16,1570
3167,大量,77,0,77,港商法國興業,2024-08-16,1570
4976,佳凌,68,0,68,港商法國興業,2024-08-16,1570
5269,祥碩,68,0,68,港商法國興業,2024-08-16,1570
2027,大成鋼,61,0,61,港商法國興業,2024-08-16,1570
4956,光鋐,61,0,61,港商法國興業,2024-08-16,1570
2388,威盛,60,0,60,港商法國興業,2024-08-16,1570
2891,中信金,60,0,60,港商法國興業,2024-08-16,1570
3706,神達,60,0,60,港商法國興業,2024-08-16,1570
5386,青雲,60,0,60,港商法國興業,2024-08-16,1570
5519,隆大,60,0,60,港商法國興業,2024-08-16,1570
6116,彩晶,59,0,59,港商法國興業,2024-08-16,1570
5364,力麗店,58,0,58,港商法國興業,2024-08-16,1570
1527,鑽全,57,0,57,港商法國興業,2024-08-16,1570
2331,精英,55,0,55,港商法國興業,2024-08-16,1570
1440,南紡,54,0,54,港商法國興業,2024-08-16,1570
2545,皇翔,62,13,49,港商法國興業,2024-08-16,1570
3227,原相,45,0,45,港商法國興業,2024-08-16,1570
1609,大亞,43,0,43,港商法國興業,2024-08-16,1570
4927,泰鼎-KY,42,0,42,港商法國興業,2024-08-16,1570
2888,新光金,2617,0,2617,港商法國興業,2024-08-19,1570
0050,元大台灣50,1940,0,1940,港商法國興業,2024-08-19,1570
2303,聯電,1015,9,1006,港商法國興業,2024-08-19,1570
2881,富邦金,966,7,959,港商法國興業,2024-08-19,1570
3047,訊舟,620,0,620,港商法國興業,2024-08-19,1570
2615,萬海,416,0,416,港商法國興業,2024-08-19,1570
2882,國泰金,412,8,404,港商法國興業,2024-08-19,1570
2330,台積電,697,310,387,港商法國興業,2024-08-19,1570
3062,建漢,374,0,374,港商法國興業,2024-08-19,1570
3231,緯創,298,0,298,港商法國興業,2024-08-19,1570
2603,長榮,294,1,293,港商法國興業,2024-08-19,1570
3019,亞光,260,0,260,港商法國興業,2024-08-19,1570
2883,凱基金,245,6,239,港商法國興業,2024-08-19,1570
2312,金寶,221,0,221,港商法國興業,2024-08-19,1570
2388,威盛,219,0,219,港商法國興業,2024-08-19,1570
6609,瀧澤科,215,0,215,港商法國興業,2024-08-19,1570
3673,TPK-KY,211,0,211,港商法國興業,2024-08-19,1570
2354,鴻準,206,0,206,港商法國興業,2024-08-19,1570
2891,中信金,223,20,203,港商法國興業,2024-08-19,1570
4956,光鋐,147,0,147,港商法國興業,2024-08-19,1570
2353,宏��,146,0,146,港商法國興業,2024-08-19,1570
2002,中鋼,149,9,140,港商法國興業,2024-08-19,1570
2886,兆豐金,150,13,137,港商法國興業,2024-08-19,1570
2892,第一金,142,13,129,港商法國興業,2024-08-19,1570
5880,合庫金,137,8,129,港商法國興業,2024-08-19,1570
3227,原相,126,0,126,港商法國興業,2024-08-19,1570
2324,仁寶,123,0,123,港商法國興業,2024-08-19,1570
2885,元大金,131,10,121,港商法國興業,2024-08-19,1570
8028,昇陽半導體,117,0,117,港商法國興業,2024-08-19,1570
6603,富強鑫,108,0,108,港商法國興業,2024-08-19,1570
2880,華南金,113,8,105,港商法國興業,2024-08-19,1570
8299,群聯,97,0,97,港商法國興業,2024-08-19,1570
2537,聯上發,96,0,96,港商法國興業,2024-08-19,1570
2838,聯邦銀,94,0,94,港商法國興業,2024-08-19,1570
1570,力肯,92,0,92,港商法國興業,2024-08-19,1570
1316,上曜,90,0,90,港商法國興業,2024-08-19,1570
2834,臺企銀,87,0,87,港商法國興業,2024-08-19,1570
2368,金像電,86,0,86,港商法國興業,2024-08-19,1570
9907,統一實,82,0,82,港商法國興業,2024-08-19,1570
1101,台泥,86,6,80,港商法國興業,2024-08-19,1570
6415,矽力*-KY,78,0,78,港商法國興業,2024-08-19,1570
2509,全坤建,74,0,74,港商法國興業,2024-08-19,1570
2801,彰銀,71,0,71,港商法國興業,2024-08-19,1570
3706,神達,70,0,70,港商法國興業,2024-08-19,1570
6177,達麗,67,0,67,港商法國興業,2024-08-19,1570
4976,佳凌,64,0,64,港商法國興業,2024-08-19,1570
1806,冠軍,63,0,63,港商法國興業,2024-08-19,1570
3003,健和興,63,0,63,港商法國興業,2024-08-19,1570
8021,尖點,61,0,61,港商法國興業,2024-08-19,1570
2009,第一銅,60,0,60,港商法國興業,2024-08-19,1570
2888,新光金,4076,0,4076,港商法國興業,2024-08-20,1570
0050,元大台灣50,1060,0,1060,港商法國興業,2024-08-20,1570
2891,中信金,907,0,907,港商法國興業,2024-08-20,1570
2382,廣達,881,0,881,港商法國興業,2024-08-20,1570
2881,富邦金,857,0,857,港商法國興業,2024-08-20,1570
1584,精剛,580,0,580,港商法國興業,2024-08-20,1570
3231,緯創,384,0,384,港商法國興業,2024-08-20,1570
6177,達麗,224,0,224,港商法國興業,2024-08-20,1570
1815,富喬,205,0,205,港商法國興業,2024-08-20,1570
2515,中工,193,0,193,港商法國興業,2024-08-20,1570
8089,康全電訊,189,0,189,港商法國興業,2024-08-20,1570
2520,冠德,152,0,152,港商法國興業,2024-08-20,1570
2367,燿華,150,0,150,港商法國興業,2024-08-20,1570
3324,雙鴻,151,2,149,港商法國興業,2024-08-20,1570
3379,彬台,144,0,144,港商法國興業,2024-08-20,1570
3607,谷崧,130,0,130,港商法國興業,2024-08-20,1570
4931,新盛力,119,0,119,港商法國興業,2024-08-20,1570
6156,松上,115,0,115,港商法國興業,2024-08-20,1570
2357,華碩,99,2,97,港商法國興業,2024-08-20,1570
2530,華建,93,0,93,港商法國興業,2024-08-20,1570
6603,富強鑫,90,0,90,港商法國興業,2024-08-20,1570
2838,聯邦銀,84,0,84,港商法國興業,2024-08-20,1570
8390,金益鼎,80,0,80,港商法國興業,2024-08-20,1570
2509,全坤建,79,0,79,港商法國興業,2024-08-20,1570
1570,力肯,75,0,75,港商法國興業,2024-08-20,1570
2439,美律,75,0,75,港商法國興業,2024-08-20,1570
6120,達運,72,0,72,港商法國興業,2024-08-20,1570
2303,聯電,71,0,71,港商法國興業,2024-08-20,1570
4306,炎洲,68,0,68,港商法國興業,2024-08-20,1570
1711,永光,64,0,64,港商法國興業,2024-08-20,1570
8150,南茂,63,0,63,港商法國興業,2024-08-20,1570
2615,萬海,61,0,61,港商法國興業,2024-08-20,1570
9933,中鼎,58,0,58,港商法國興業,2024-08-20,1570
2337,旺宏,56,0,56,港商法國興業,2024-08-20,1570
3003,健和興,54,0,54,港商法國興業,2024-08-20,1570
6005,群益證,53,0,53,港商法國興業,2024-08-20,1570
2324,仁寶,52,0,52,港商法國興業,2024-08-20,1570
3062,建漢,51,0,51,港商法國興業,2024-08-20,1570
5243,乙盛-KY,51,0,51,港商法國興業,2024-08-20,1570
2832,台產,46,0,46,港商法國興業,2024-08-20,1570
6104,創惟,46,0,46,港商法國興業,2024-08-20,1570
8927,北基,45,0,45,港商法國興業,2024-08-20,1570
2809,京城銀,44,0,44,港商法國興業,2024-08-20,1570
5009,榮剛,44,0,44,港商法國興業,2024-08-20,1570
1612,宏泰,43,0,43,港商法國興業,2024-08-20,1570
1446,宏和,43,0,43,港商法國興業,2024-08-20,1570
2027,大成鋼,41,0,41,港商法國興業,2024-08-20,1570
4956,光鋐,36,0,36,港商法國興業,2024-08-20,1570
6186,新潤,36,0,36,港商法國興業,2024-08-20,1570
2009,第一銅,35,0,35,港商法國興業,2024-08-20,1570
2888,新光金,7676,0,7676,港商法國興業,2024-08-21,1570
0050,元大台灣50,1920,0,1920,港商法國興業,2024-08-21,1570
2891,中信金,871,103,768,港商法國興業,2024-08-21,1570
3167,大量,509,0,509,港商法國興業,2024-08-21,1570
9907,統一實,405,0,405,港商法國興業,2024-08-21,1570
1584,精剛,404,0,404,港商法國興業,2024-08-21,1570
2388,威盛,306,0,306,港商法國興業,2024-08-21,1570
8089,康全電訊,252,9,243,港商法國興業,2024-08-21,1570
6603,富強鑫,240,0,240,港商法國興業,2024-08-21,1570
6156,松上,236,0,236,港商法國興業,2024-08-21,1570
2312,金寶,172,0,172,港商法國興業,2024-08-21,1570
6177,達麗,158,0,158,港商法國興業,2024-08-21,1570
2357,華碩,145,0,145,港商法國興業,2024-08-21,1570
2890,永豐金,154,20,134,港商法國興業,2024-08-21,1570
2905,三商,116,0,116,港商法國興業,2024-08-21,1570
2364,倫飛,104,0,104,港商法國興業,2024-08-21,1570
6505,台塑化,100,0,100,港商法國興業,2024-08-21,1570
2801,彰銀,98,0,98,港商法國興業,2024-08-21,1570
3324,雙鴻,98,0,98,港商法國興業,2024-08-21,1570
2851,中再保,83,0,83,港商法國興業,2024-08-21,1570
8936,國統,82,0,82,港商法國興業,2024-08-21,1570
3227,原相,79,0,79,港商法國興業,2024-08-21,1570
2812,台中銀,75,0,75,港商法國興業,2024-08-21,1570
2867,三商壽,74,0,74,港商法國興業,2024-08-21,1570
2027,大成鋼,71,0,71,港商法國興業,2024-08-21,1570
8112,至上,68,0,68,港商法國興業,2024-08-21,1570
4956,光鋐,63,0,63,港商法國興業,2024-08-21,1570
2353,宏��,56,0,56,港商法國興業,2024-08-21,1570
8150,南茂,56,0,56,港商法國興業,2024-08-21,1570
3045,台灣大,52,0,52,港商法國興業,2024-08-21,1570
1314,中石化,51,0,51,港商法國興業,2024-08-21,1570
6415,矽力*-KY,49,0,49,港商法國興業,2024-08-21,1570
6890,來億-KY,49,0,49,港商法國興業,2024-08-21,1570
2889,國票金,48,0,48,港商法國興業,2024-08-21,1570
3003,健和興,46,0,46,港商法國興業,2024-08-21,1570
1527,鑽全,45,0,45,港商法國興業,2024-08-21,1570
1446,宏和,44,0,44,港商法國興業,2024-08-21,1570
2439,美律,46,4,42,港商法國興業,2024-08-21,1570
3231,緯創,42,0,42,港商法國興業,2024-08-21,1570
3702,大聯大,42,0,42,港商法國興業,2024-08-21,1570
6116,彩晶,40,0,40,港商法國興業,2024-08-21,1570
3607,谷崧,39,0,39,港商法國興業,2024-08-21,1570
4909,新復興,39,0,39,港商法國興業,2024-08-21,1570
6005,群益證,39,0,39,港商法國興業,2024-08-21,1570
2897,王道銀行,38,0,38,港商法國興業,2024-08-21,1570
2454,聯發科,38,1,37,港商法國興業,2024-08-21,1570
5269,祥碩,36,0,36,港商法國興業,2024-08-21,1570
6104,創惟,36,0,36,港商法國興業,2024-08-21,1570
1905,華紙,34,0,34,港商法國興業,2024-08-21,1570
4931,新盛力,32,0,32,港商法國興業,2024-08-21,1570
2409,友達,667,0,667,港商法國興業,2024-08-22,1570
4716,大立,661,0,661,港商法國興業,2024-08-22,1570
2412,中華電,639,0,639,港商法國興業,2024-08-22,1570
1584,精剛,489,0,489,港商法國興業,2024-08-22,1570
8033,雷虎,268,0,268,港商法國興業,2024-08-22,1570
3019,亞光,257,5,252,港商法國興業,2024-08-22,1570
1316,上曜,240,0,240,港商法國興業,2024-08-22,1570
1513,中興電,253,33,220,港商法國興業,2024-08-22,1570
3189,景碩,220,0,220,港商法國興業,2024-08-22,1570
2027,大成鋼,214,0,214,港商法國興業,2024-08-22,1570
3045,台灣大,183,0,183,港商法國興業,2024-08-22,1570
9907,統一實,168,0,168,港商法國興業,2024-08-22,1570
2353,宏��,142,0,142,港商法國興業,2024-08-22,1570
3673,TPK-KY,127,0,127,港商法國興業,2024-08-22,1570
1570,力肯,106,0,106,港商法國興業,2024-08-22,1570
3013,晟銘電,105,0,105,港商法國興業,2024-08-22,1570
8438,昶昕,96,0,96,港商法國興業,2024-08-22,1570
2312,金寶,94,0,94,港商法國興業,2024-08-22,1570
1711,永光,92,0,92,港商法國興業,2024-08-22,1570
1708,東鹼,82,0,82,港商法國興業,2024-08-22,1570
4956,光鋐,79,0,79,港商法國興業,2024-08-22,1570
6104,創惟,76,0,76,港商法國興業,2024-08-22,1570
4931,新盛力,74,0,74,港商法國興業,2024-08-22,1570
1612,宏泰,72,0,72,港商法國興業,2024-08-22,1570
8927,北基,70,0,70,港商法國興業,2024-08-22,1570
3689,湧德,65,0,65,港商法國興業,2024-08-22,1570
8150,南茂,65,0,65,港商法國興業,2024-08-22,1570
3703,欣陸,64,0,64,港商法國興業,2024-08-22,1570
4960,誠美材,61,0,61,港商法國興業,2024-08-22,1570
3712,永崴投控,60,0,60,港商法國興業,2024-08-22,1570
2367,燿華,59,0,59,港商法國興業,2024-08-22,1570
1301,台塑,58,0,58,港商法國興業,2024-08-22,1570
6603,富強鑫,57,0,57,港商法國興業,2024-08-22,1570
6005,群益證,53,0,53,港商法國興業,2024-08-22,1570
8299,群聯,53,0,53,港商法國興業,2024-08-22,1570
8936,國統,51,0,51,港商法國興業,2024-08-22,1570
2832,台產,50,0,50,港商法國興業,2024-08-22,1570
8021,尖點,50,0,50,港商法國興業,2024-08-22,1570
1605,華新,47,0,47,港商法國興業,2024-08-22,1570
3003,健和興,47,0,47,港商法國興業,2024-08-22,1570
2548,華固,46,0,46,港商法國興業,2024-08-22,1570
2331,精英,45,0,45,港商法國興業,2024-08-22,1570
1721,三晃,45,0,45,港商法國興業,2024-08-22,1570
9933,中鼎,42,0,42,港商法國興業,2024-08-22,1570
2364,倫飛,41,0,41,港商法國興業,2024-08-22,1570
5011,久陽,39,0,39,港商法國興業,2024-08-22,1570
2905,三商,37,0,37,港商法國興業,2024-08-22,1570
4976,佳凌,37,0,37,港商法國興業,2024-08-22,1570
6197,佳必琪,36,0,36,港商法國興業,2024-08-22,1570
1326,台化,34,0,34,港商法國興業,2024-08-22,1570
2888,新光金,8694,0,8694,港商法國興業,2024-08-23,1570
1711,永光,808,0,808,港商法國興業,2024-08-23,1570
2312,金寶,769,0,769,港商法國興業,2024-08-23,1570
2402,毅嘉,512,0,512,港商法國興業,2024-08-23,1570
2412,中華電,358,0,358,港商法國興業,2024-08-23,1570
3189,景碩,261,0,261,港商法國興業,2024-08-23,1570
2615,萬海,242,0,242,港商法國興業,2024-08-23,1570
8438,昶昕,229,0,229,港商法國興業,2024-08-23,1570
2324,仁寶,228,0,228,港商法國興業,2024-08-23,1570
2609,陽明,192,0,192,港商法國興業,2024-08-23,1570
2515,中工,168,0,168,港商法國興業,2024-08-23,1570
2364,倫飛,138,0,138,港商法國興業,2024-08-23,1570
2610,華航,136,0,136,港商法國興業,2024-08-23,1570
1570,力肯,130,0,130,港商法國興業,2024-08-23,1570
1727,中華化,138,13,125,港商法國興業,2024-08-23,1570
1708,東鹼,121,0,121,港商法國興業,2024-08-23,1570
3045,台灣大,121,0,121,港商法國興業,2024-08-23,1570
4306,炎洲,115,0,115,港商法國興業,2024-08-23,1570
2363,矽統,113,0,113,港商法國興業,2024-08-23,1570
6005,群益證,107,0,107,港商法國興業,2024-08-23,1570
2243,宏旭-KY,98,0,98,港商法國興業,2024-08-23,1570
1513,中興電,139,49,90,港商法國興業,2024-08-23,1570
1709,和益,80,0,80,港商法國興業,2024-08-23,1570
6104,創惟,76,0,76,港商法國興業,2024-08-23,1570
6603,富強鑫,69,0,69,港商法國興業,2024-08-23,1570
2353,宏��,68,0,68,港商法國興業,2024-08-23,1570
6890,來億-KY,62,0,62,港商法國興業,2024-08-23,1570
9907,統一實,62,0,62,港商法國興業,2024-08-23,1570
6151,晉倫,58,0,58,港商法國興業,2024-08-23,1570
1316,上曜,55,0,55,港商法國興業,2024-08-23,1570
1216,統一,52,0,52,港商法國興業,2024-08-23,1570
3013,晟銘電,52,0,52,港商法國興業,2024-08-23,1570
3402,漢科,51,0,51,港商法國興業,2024-08-23,1570
3673,TPK-KY,49,0,49,港商法國興業,2024-08-23,1570
6415,矽力*-KY,47,0,47,港商法國興業,2024-08-23,1570
2027,大成鋼,44,0,44,港商法國興業,2024-08-23,1570
2542,興富發,43,0,43,港商法國興業,2024-08-23,1570
1605,華新,42,0,42,港商法國興業,2024-08-23,1570
2851,中再保,42,0,42,港商法國興業,2024-08-23,1570
1527,鑽全,41,0,41,港商法國興業,2024-08-23,1570
3712,永崴投控,41,0,41,港商法國興業,2024-08-23,1570
4931,新盛力,40,0,40,港商法國興業,2024-08-23,1570
4960,誠美材,40,0,40,港商法國興業,2024-08-23,1570
6197,佳必琪,38,0,38,港商法國興業,2024-08-23,1570
3293,鈊象,35,0,35,港商法國興業,2024-08-23,1570
1446,宏和,33,0,33,港商法國興業,2024-08-23,1570
3003,健和興,33,0,33,港商法國興業,2024-08-23,1570
4915,致伸,34,3,31,港商法國興業,2024-08-23,1570
6248,沛波,31,0,31,港商法國興業,2024-08-23,1570
2832,台產,29,0,29,港商法國興業,2024-08-23,1570
2888,新光金,7422,0,7422,港商法國興業,2024-08-26,1570
0050,元大台灣50,1830,0,1830,港商法國興業,2024-08-26,1570
3062,建漢,244,0,244,港商法國興業,2024-08-26,1570
2882,國泰金,214,0,214,港商法國興業,2024-08-26,1570
1584,精剛,163,0,163,港商法國興業,2024-08-26,1570
2603,長榮,163,0,163,港商法國興業,2024-08-26,1570
2027,大成鋼,137,0,137,港商法國興業,2024-08-26,1570
6505,台塑化,127,0,127,港商法國興業,2024-08-26,1570
2838,聯邦銀,120,0,120,港商法國興業,2024-08-26,1570
2851,中再保,116,0,116,港商法國興業,2024-08-26,1570
1709,和益,110,0,110,港商法國興業,2024-08-26,1570
8021,尖點,108,0,108,港商法國興業,2024-08-26,1570
2338,光罩,106,0,106,港商法國興業,2024-08-26,1570
8210,勤誠,95,0,95,港商法國興業,2024-08-26,1570
2367,燿華,93,0,93,港商法國興業,2024-08-26,1570
3450,聯鈞,91,0,91,港商法國興業,2024-08-26,1570
2363,矽統,90,0,90,港商法國興業,2024-08-26,1570
4927,泰鼎-KY,79,0,79,港商法國興業,2024-08-26,1570
1570,力肯,76,0,76,港商法國興業,2024-08-26,1570
6603,富強鑫,76,0,76,港商法國興業,2024-08-26,1570
2331,精英,75,0,75,港商法國興業,2024-08-26,1570
2809,京城銀,74,0,74,港商法國興業,2024-08-26,1570
4306,炎洲,71,0,71,港商法國興業,2024-08-26,1570
4903,聯光通,65,0,65,港商法國興業,2024-08-26,1570
9907,統一實,64,0,64,港商法國興業,2024-08-26,1570
3189,景碩,63,0,63,港商法國興業,2024-08-26,1570
3045,台灣大,62,0,62,港商法國興業,2024-08-26,1570
3390,旭軟,62,0,62,港商法國興業,2024-08-26,1570
4743,合一,62,0,62,港商法國興業,2024-08-26,1570
6197,佳必琪,60,0,60,港商法國興業,2024-08-26,1570
2439,美律,58,0,58,港商法國興業,2024-08-26,1570
8927,北基,53,0,53,港商法國興業,2024-08-26,1570
9933,中鼎,51,0,51,港商法國興業,2024-08-26,1570
2353,宏��,50,0,50,港商法國興業,2024-08-26,1570
4960,誠美材,45,0,45,港商法國興業,2024-08-26,1570
6104,創惟,45,0,45,港商法國興業,2024-08-26,1570
2610,華航,42,0,42,港商法國興業,2024-08-26,1570
1605,華新,41,0,41,港商法國興業,2024-08-26,1570
8069,元太,41,0,41,港商法國興業,2024-08-26,1570
4931,新盛力,40,0,40,港商法國興業,2024-08-26,1570
2204,中華,37,0,37,港商法國興業,2024-08-26,1570
3033,威健,36,0,36,港商法國興業,2024-08-26,1570
8039,台虹,35,0,35,港商法國興業,2024-08-26,1570
2548,華固,34,0,34,港商法國興業,2024-08-26,1570
6190,萬泰科,34,0,34,港商法國興業,2024-08-26,1570
2885,元大金,32,0,32,港商法國興業,2024-08-26,1570
2337,旺宏,31,0,31,港商法國興業,2024-08-26,1570
6957,裕慶-KY,30,0,30,港商法國興業,2024-08-26,1570
1513,中興電,104,77,27,港商法國興業,2024-08-26,1570
2351,順德,27,0,27,港商法國興業,2024-08-26,1570
2888,新光金,10646,10,10636,港商法國興業,2024-08-27,1570
1102,亞泥,435,0,435,港商法國興業,2024-08-27,1570
3481,群創,392,4,388,港商法國興業,2024-08-27,1570
6603,富強鑫,370,0,370,港商法國興業,2024-08-27,1570
2353,宏��,343,0,343,港商法國興業,2024-08-27,1570
6177,達麗,363,58,305,港商法國興業,2024-08-27,1570
2886,兆豐金,306,7,299,港商法國興業,2024-08-27,1570
2867,三商壽,255,0,255,港商法國興業,2024-08-27,1570
9907,統一實,223,0,223,港商法國興業,2024-08-27,1570
3045,台灣大,209,1,208,港商法國興業,2024-08-27,1570
1584,精剛,207,0,207,港商法國興業,2024-08-27,1570
3036,文曄,166,0,166,港商法國興業,2024-08-27,1570
3498,陽程,133,0,133,港商法國興業,2024-08-27,1570
2882,國泰金,130,3,127,港商法國興業,2024-08-27,1570
6133,金橋,115,0,115,港商法國興業,2024-08-27,1570
2615,萬海,111,1,110,港商法國興業,2024-08-27,1570
8069,元太,105,0,105,港商法國興業,2024-08-27,1570
6505,台塑化,103,0,103,港商法國興業,2024-08-27,1570
2027,大成鋼,86,0,86,港商法國興業,2024-08-27,1570
6134,萬旭,85,0,85,港商法國興業,2024-08-27,1570
6176,瑞儀,83,0,83,港商法國興業,2024-08-27,1570
2364,倫飛,81,0,81,港商法國興業,2024-08-27,1570
3702,大聯大,83,2,81,港商法國興業,2024-08-27,1570
3189,景碩,64,0,64,港商法國興業,2024-08-27,1570
8028,昇陽半導體,59,0,59,港商法國興業,2024-08-27,1570
1718,中纖,58,0,58,港商法國興業,2024-08-27,1570
8016,矽創,55,0,55,港商法國興業,2024-08-27,1570
2915,潤泰全,53,0,53,港商法國興業,2024-08-27,1570
3035,智原,53,0,53,港商法國興業,2024-08-27,1570
8210,勤誠,51,0,51,港商法國興業,2024-08-27,1570
1409,新纖,49,0,49,港商法國興業,2024-08-27,1570
8927,北基,47,0,47,港商法國興業,2024-08-27,1570
2324,仁寶,45,0,45,港商法國興業,2024-08-27,1570
2009,第一銅,41,0,41,港商法國興業,2024-08-27,1570
2809,京城銀,40,0,40,港商法國興業,2024-08-27,1570
6197,佳必琪,39,0,39,港商法國興業,2024-08-27,1570
2363,矽統,34,0,34,港商法國興業,2024-08-27,1570
1416,廣豐,33,0,33,港商法國興業,2024-08-27,1570
2603,長榮,31,0,31,港商法國興業,2024-08-27,1570
6104,創惟,31,0,31,港商法國興業,2024-08-27,1570
3380,明泰,30,0,30,港商法國興業,2024-08-27,1570
2337,旺宏,29,0,29,港商法國興業,2024-08-27,1570
2401,凌陽,28,0,28,港商法國興業,2024-08-27,1570
2014,中鴻,27,0,27,港商法國興業,2024-08-27,1570
3014,聯陽,27,0,27,港商法國興業,2024-08-27,1570
6768,志強-KY,27,0,27,港商法國興業,2024-08-27,1570
4927,泰鼎-KY,26,0,26,港商法國興業,2024-08-27,1570
2243,宏旭-KY,25,0,25,港商法國興業,2024-08-27,1570
1570,力肯,25,0,25,港商法國興業,2024-08-27,1570
4915,致伸,23,0,23,港商法國興業,2024-08-27,1570
2888,新光金,2675,0,2675,港商法國興業,2024-08-28,1570
3498,陽程,554,0,554,港商法國興業,2024-08-28,1570
1301,台塑,544,0,544,港商法國興業,2024-08-28,1570
6603,富強鑫,455,0,455,港商法國興業,2024-08-28,1570
2330,台積電,483,45,438,港商法國興業,2024-08-28,1570
1216,統一,414,0,414,港商法國興業,2024-08-28,1570
2356,英業達,398,0,398,港商法國興業,2024-08-28,1570
2887,台新金,335,0,335,港商法國興業,2024-08-28,1570
2891,中信金,331,0,331,港商法國興業,2024-08-28,1570
2883,凱基金,300,0,300,港商法國興業,2024-08-28,1570
2884,玉山金,270,0,270,港商法國興業,2024-08-28,1570
2882,國泰金,267,0,267,港商法國興業,2024-08-28,1570
2303,聯電,265,0,265,港商法國興業,2024-08-28,1570
1102,亞泥,226,0,226,港商法國興業,2024-08-28,1570
2886,兆豐金,223,0,223,港商法國興業,2024-08-28,1570
2002,中鋼,221,0,221,港商法國興業,2024-08-28,1570
2892,第一金,210,0,210,港商法國興業,2024-08-28,1570
2890,永豐金,202,0,202,港商法國興業,2024-08-28,1570
3189,景碩,201,0,201,港商法國興業,2024-08-28,1570
5880,合庫金,200,0,200,港商法國興業,2024-08-28,1570
2885,元大金,194,0,194,港商法國興業,2024-08-28,1570
3689,湧德,179,0,179,港商法國興業,2024-08-28,1570
2880,華南金,168,0,168,港商法國興業,2024-08-28,1570
1708,東鹼,163,0,163,港商法國興業,2024-08-28,1570
9907,統一實,157,0,157,港商法國興業,2024-08-28,1570
2881,富邦金,146,0,146,港商法國興業,2024-08-28,1570
3481,群創,142,0,142,港商法國興業,2024-08-28,1570
1570,力肯,135,0,135,港商法國興業,2024-08-28,1570
6133,金橋,130,0,130,港商法國興業,2024-08-28,1570
1101,台泥,127,0,127,港商法國興業,2024-08-28,1570
2357,華碩,124,0,124,港商法國興業,2024-08-28,1570
2834,臺企銀,129,15,114,港商法國興業,2024-08-28,1570
6505,台塑化,114,0,114,港商法國興業,2024-08-28,1570
6156,松上,110,0,110,港商法國興業,2024-08-28,1570
2409,友達,123,14,109,港商法國興業,2024-08-28,1570
2801,彰銀,105,0,105,港商法國興業,2024-08-28,1570
1303,南亞,89,3,86,港商法國興業,2024-08-28,1570
2324,仁寶,78,0,78,港商法國興業,2024-08-28,1570
2915,潤泰全,78,0,78,港商法國興業,2024-08-28,1570
1605,華新,73,0,73,港商法國興業,2024-08-28,1570
5876,上海商銀,72,0,72,港商法國興業,2024-08-28,1570
2412,中華電,71,0,71,港商法國興業,2024-08-28,1570
1527,鑽全,66,0,66,港商法國興業,2024-08-28,1570
2105,正新,65,0,65,港商法國興業,2024-08-28,1570
2344,華邦電,62,0,62,港商法國興業,2024-08-28,1570
8249,菱光,62,0,62,港商法國興業,2024-08-28,1570
3711,日月光投控,61,0,61,港商法國興業,2024-08-28,1570
1402,遠東新,55,0,55,港商法國興業,2024-08-28,1570
1608,華榮,54,0,54,港商法國興業,2024-08-28,1570
2353,宏��,54,0,54,港商法國興業,2024-08-28,1570
2887,台新金,1380,31,1349,港商法國興業,2024-08-29,1570
6603,富強鑫,558,0,558,港商法國興業,2024-08-29,1570
3189,景碩,534,3,531,港商法國興業,2024-08-29,1570
9907,統一實,334,0,334,港商法國興業,2024-08-29,1570
1785,光洋科,273,0,273,港商法國興業,2024-08-29,1570
1711,永光,226,0,226,港商法國興業,2024-08-29,1570
3037,欣興,195,21,174,港商法國興業,2024-08-29,1570
3702,大聯大,124,0,124,港商法國興業,2024-08-29,1570
3035,智原,109,0,109,港商法國興業,2024-08-29,1570
1570,力肯,90,0,90,港商法國興業,2024-08-29,1570
3450,聯鈞,108,23,85,港商法國興業,2024-08-29,1570
2809,京城銀,73,0,73,港商法國興業,2024-08-29,1570
1527,鑽全,71,0,71,港商法國興業,2024-08-29,1570
1709,和益,62,0,62,港商法國興業,2024-08-29,1570
6191,精成科,62,0,62,港商法國興業,2024-08-29,1570
1612,宏泰,59,0,59,港商法國興業,2024-08-29,1570
3484,崧騰,59,0,59,港商法國興業,2024-08-29,1570
6133,金橋,59,0,59,港商法國興業,2024-08-29,1570
6415,矽力*-KY,52,0,52,港商法國興業,2024-08-29,1570
3003,健和興,47,0,47,港商法國興業,2024-08-29,1570
1718,中纖,45,0,45,港商法國興業,2024-08-29,1570
6134,萬旭,45,0,45,港商法國興業,2024-08-29,1570
2880,華南金,41,0,41,港商法國興業,2024-08-29,1570
6416,瑞祺電通,41,0,41,港商法國興業,2024-08-29,1570
6505,台塑化,40,0,40,港商法國興業,2024-08-29,1570
3014,聯陽,39,0,39,港商法國興業,2024-08-29,1570
2109,華豐,38,0,38,港商法國興業,2024-08-29,1570
6753,龍德造船,35,0,35,港商法國興業,2024-08-29,1570
6743,安普新,34,0,34,港商法國興業,2024-08-29,1570
4931,新盛力,31,0,31,港商法國興業,2024-08-29,1570
6651,全宇昕,30,0,30,港商法國興業,2024-08-29,1570
5011,久陽,28,0,28,港商法國興業,2024-08-29,1570
2337,旺宏,27,0,27,港商法國興業,2024-08-29,1570
1416,廣豐,27,0,27,港商法國興業,2024-08-29,1570
4974,亞泰,27,0,27,港商法國興業,2024-08-29,1570
2915,潤泰全,25,0,25,港商法國興業,2024-08-29,1570
6667,信紘科,25,0,25,港商法國興業,2024-08-29,1570
6754,匯僑設計,25,0,25,港商法國興業,2024-08-29,1570
6890,來億-KY,25,0,25,港商法國興業,2024-08-29,1570
6190,萬泰科,24,0,24,港商法國興業,2024-08-29,1570
8033,雷虎,24,0,24,港商法國興業,2024-08-29,1570
6811,宏�硌穈T,23,0,23,港商法國興業,2024-08-29,1570
3231,緯創,22,0,22,港商法國興業,2024-08-29,1570
6197,佳必琪,20,0,20,港商法國興業,2024-08-29,1570
1584,精剛,19,0,19,港商法國興業,2024-08-29,1570
6863,永道-KY,19,0,19,港商法國興業,2024-08-29,1570
2357,華碩,18,0,18,港商法國興業,2024-08-29,1570
6151,晉倫,41,23,18,港商法國興業,2024-08-29,1570
6156,松上,18,0,18,港商法國興業,2024-08-29,1570
1446,宏和,17,0,17,港商法國興業,2024-08-29,1570
1216,統一,366,37,329,港商法國興業,2024-08-30,1570
6274,台燿,380,64,316,港商法國興業,2024-08-30,1570
2801,彰銀,281,0,281,港商法國興業,2024-08-30,1570
2543,皇昌,271,29,242,港商法國興業,2024-08-30,1570
6743,安普新,234,5,229,港商法國興業,2024-08-30,1570
3045,台灣大,235,13,222,港商法國興業,2024-08-30,1570
1303,南亞,219,0,219,港商法國興業,2024-08-30,1570
2610,華航,211,12,199,港商法國興業,2024-08-30,1570
8039,台虹,157,0,157,港商法國興業,2024-08-30,1570
6104,創惟,152,0,152,港商法國興業,2024-08-30,1570
9907,統一實,128,0,128,港商法國興業,2024-08-30,1570
2363,矽統,126,0,126,港商法國興業,2024-08-30,1570
8021,尖點,127,7,120,港商法國興業,2024-08-30,1570
6143,振曜,119,0,119,港商法國興業,2024-08-30,1570
1527,鑽全,111,0,111,港商法國興業,2024-08-30,1570
1727,中華化,101,0,101,港商法國興業,2024-08-30,1570
6603,富強鑫,101,0,101,港商法國興業,2024-08-30,1570
6415,矽力*-KY,101,1,100,港商法國興業,2024-08-30,1570
6239,力成,94,0,94,港商法國興業,2024-08-30,1570
2330,台積電,269,177,92,港商法國興業,2024-08-30,1570
6133,金橋,91,0,91,港商法國興業,2024-08-30,1570
6191,精成科,89,0,89,港商法國興業,2024-08-30,1570
2412,中華電,114,30,84,港商法國興業,2024-08-30,1570
3450,聯鈞,77,0,77,港商法國興業,2024-08-30,1570
2851,中再保,73,0,73,港商法國興業,2024-08-30,1570
3231,緯創,68,0,68,港商法國興業,2024-08-30,1570
1570,力肯,66,0,66,港商法國興業,2024-08-30,1570
2615,萬海,64,2,62,港商法國興業,2024-08-30,1570
6134,萬旭,60,0,60,港商法國興業,2024-08-30,1570
1737,臺鹽,59,0,59,港商法國興業,2024-08-30,1570
8210,勤誠,56,0,56,港商法國興業,2024-08-30,1570
5386,青雲,57,2,55,港商法國興業,2024-08-30,1570
6505,台塑化,601,546,55,港商法國興業,2024-08-30,1570
2301,光寶科,54,0,54,港商法國興業,2024-08-30,1570
1709,和益,51,0,51,港商法國興業,2024-08-30,1570
6753,龍德造船,50,0,50,港商法國興業,2024-08-30,1570
3702,大聯大,55,6,49,港商法國興業,2024-08-30,1570
2014,中鴻,48,0,48,港商法國興業,2024-08-30,1570
9921,巨大,61,13,48,港商法國興業,2024-08-30,1570
3293,鈊象,45,0,45,港商法國興業,2024-08-30,1570
6651,全宇昕,45,1,44,港商法國興業,2024-08-30,1570
1612,宏泰,42,0,42,港商法國興業,2024-08-30,1570
6789,采鈺,42,0,42,港商法國興業,2024-08-30,1570
6416,瑞祺電通,40,0,40,港商法國興業,2024-08-30,1570
2524,京城,38,0,38,港商法國興業,2024-08-30,1570
2345,智邦,40,3,37,港商法國興業,2024-08-30,1570
3617,碩天,35,0,35,港商法國興業,2024-08-30,1570
6224,聚鼎,35,0,35,港商法國興業,2024-08-30,1570
3189,景碩,34,0,34,港商法國興業,2024-08-30,1570
4306,炎洲,34,0,34,港商法國興業,2024-08-30,1570
2891,中信金,813,33,780,港商法國興業,2024-09-02,1570
6187,萬潤,608,0,608,港商法國興業,2024-09-02,1570
2881,富邦金,545,0,545,港商法國興業,2024-09-02,1570
2402,毅嘉,515,0,515,港商法國興業,2024-09-02,1570
2887,台新金,371,5,366,港商法國興業,2024-09-02,1570
2615,萬海,311,0,311,港商法國興業,2024-09-02,1570
2884,玉山金,276,0,276,港商法國興業,2024-09-02,1570
6415,矽力*-KY,265,0,265,港商法國興業,2024-09-02,1570
2834,臺企銀,246,1,245,港商法國興業,2024-09-02,1570
2883,凱基金,268,25,243,港商法國興業,2024-09-02,1570
2801,彰銀,235,1,234,港商法國興業,2024-09-02,1570
2412,中華電,213,1,212,港商法國興業,2024-09-02,1570
2382,廣達,204,0,204,港商法國興業,2024-09-02,1570
3105,穩懋,162,0,162,港商法國興業,2024-09-02,1570
8039,台虹,162,0,162,港商法國興業,2024-09-02,1570
2610,華航,162,1,161,港商法國興業,2024-09-02,1570
4956,光鋐,143,0,143,港商法國興業,2024-09-02,1570
3284,太普高,132,0,132,港商法國興業,2024-09-02,1570
1527,鑽全,119,0,119,港商法國興業,2024-09-02,1570
6104,創惟,100,0,100,港商法國興業,2024-09-02,1570
4960,誠美材,99,0,99,港商法國興業,2024-09-02,1570
2486,一詮,97,0,97,港商法國興業,2024-09-02,1570
3037,欣興,97,0,97,港商法國興業,2024-09-02,1570
2882,國泰金,104,9,95,港商法國興業,2024-09-02,1570
3293,鈊象,91,0,91,港商法國興業,2024-09-02,1570
6133,金橋,85,0,85,港商法國興業,2024-09-02,1570
2347,聯強,80,6,74,港商法國興業,2024-09-02,1570
2454,聯發科,73,1,72,港商法國興業,2024-09-02,1570
9902,台火,72,0,72,港商法國興業,2024-09-02,1570
6005,群益證,66,0,66,港商法國興業,2024-09-02,1570
3047,訊舟,65,0,65,港商法國興業,2024-09-02,1570
2637,慧洋-KY,64,0,64,港商法國興業,2024-09-02,1570
3036,文曄,64,0,64,港商法國興業,2024-09-02,1570
3045,台灣大,64,3,61,港商法國興業,2024-09-02,1570
2357,華碩,61,1,60,港商法國興業,2024-09-02,1570
6257,矽格,60,0,60,港商法國興業,2024-09-02,1570
1737,臺鹽,59,0,59,港商法國興業,2024-09-02,1570
2855,統一證,59,0,59,港商法國興業,2024-09-02,1570
2345,智邦,58,0,58,港商法國興業,2024-09-02,1570
8069,元太,56,0,56,港商法國興業,2024-09-02,1570
2520,冠德,53,0,53,港商法國興業,2024-09-02,1570
1570,力肯,50,0,50,港商法國興業,2024-09-02,1570
6134,萬旭,48,0,48,港商法國興業,2024-09-02,1570
6197,佳必琪,48,0,48,港商法國興業,2024-09-02,1570
2606,裕民,47,0,47,港商法國興業,2024-09-02,1570
2109,華豐,46,0,46,港商法國興業,2024-09-02,1570
1307,三芳,43,0,43,港商法國興業,2024-09-02,1570
1612,宏泰,40,0,40,港商法國興業,2024-09-02,1570
2352,佳世達,40,0,40,港商法國興業,2024-09-02,1570
2337,旺宏,38,0,38,港商法國興業,2024-09-02,1570
2888,新光金,740,0,740,港商法國興業,2024-09-03,1570
3047,訊舟,727,0,727,港商法國興業,2024-09-03,1570
3019,亞光,422,0,422,港商法國興業,2024-09-03,1570
2412,中華電,375,0,375,港商法國興業,2024-09-03,1570
6505,台塑化,347,0,347,港商法國興業,2024-09-03,1570
6187,萬潤,329,0,329,港商法國興業,2024-09-03,1570
2420,新巨,280,0,280,港商法國興業,2024-09-03,1570
8096,擎亞,280,0,280,港商法國興業,2024-09-03,1570
2330,台積電,246,4,242,港商法國興業,2024-09-03,1570
5876,上海商銀,220,0,220,港商法國興業,2024-09-03,1570
1708,東鹼,207,0,207,港商法國興業,2024-09-03,1570
6743,安普新,206,0,206,港商法國興業,2024-09-03,1570
2881,富邦金,205,1,204,港商法國興業,2024-09-03,1570
2383,台光電,115,0,115,港商法國興業,2024-09-03,1570
2610,華航,107,0,107,港商法國興業,2024-09-03,1570
6133,金橋,107,0,107,港商法國興業,2024-09-03,1570
2337,旺宏,111,10,101,港商法國興業,2024-09-03,1570
4906,正文,97,1,96,港商法國興業,2024-09-03,1570
1102,亞泥,93,0,93,港商法國興業,2024-09-03,1570
6143,振曜,88,0,88,港商法國興業,2024-09-03,1570
2809,京城銀,84,0,84,港商法國興業,2024-09-03,1570
3289,宜特,83,0,83,港商法國興業,2024-09-03,1570
1402,遠東新,82,0,82,港商法國興業,2024-09-03,1570
6609,瀧澤科,76,0,76,港商法國興業,2024-09-03,1570
8215,明基材,75,0,75,港商法國興業,2024-09-03,1570
1605,華新,69,0,69,港商法國興業,2024-09-03,1570
2367,燿華,68,0,68,港商法國興業,2024-09-03,1570
6282,康舒,67,0,67,港商法國興業,2024-09-03,1570
2354,鴻準,66,0,66,港商法國興業,2024-09-03,1570
2376,技嘉,66,0,66,港商法國興業,2024-09-03,1570
3607,谷崧,66,0,66,港商法國興業,2024-09-03,1570
1737,臺鹽,64,0,64,港商法國興業,2024-09-03,1570
8249,菱光,62,0,62,港商法國興業,2024-09-03,1570
2382,廣達,60,0,60,港商法國興業,2024-09-03,1570
2801,彰銀,60,0,60,港商法國興業,2024-09-03,1570
3003,健和興,60,0,60,港商法國興業,2024-09-03,1570
1307,三芳,59,0,59,港商法國興業,2024-09-03,1570
3036,文曄,59,0,59,港商法國興業,2024-09-03,1570
6134,萬旭,58,0,58,港商法國興業,2024-09-03,1570
3605,宏致,57,0,57,港商法國興業,2024-09-03,1570
2323,中環,54,0,54,港商法國興業,2024-09-03,1570
1319,東陽,51,2,49,港商法國興業,2024-09-03,1570
2855,統一證,49,0,49,港商法國興業,2024-09-03,1570
2357,華碩,53,5,48,港商法國興業,2024-09-03,1570
4931,新盛力,48,0,48,港商法國興業,2024-09-03,1570
6191,精成科,48,0,48,港商法國興業,2024-09-03,1570
6668,中揚光,48,0,48,港商法國興業,2024-09-03,1570
1301,台塑,47,0,47,港商法國興業,2024-09-03,1570
8069,元太,46,0,46,港商法國興業,2024-09-03,1570
2408,南亞科,42,0,42,港商法國興業,2024-09-03,1570
2888,新光金,10356,0,10356,港商法國興業,2024-09-04,1570
2891,中信金,1548,40,1508,港商法國興業,2024-09-04,1570
2610,華航,787,21,766,港商法國興業,2024-09-04,1570
2881,富邦金,731,18,713,港商法國興業,2024-09-04,1570
5880,合庫金,681,0,681,港商法國興業,2024-09-04,1570
6505,台塑化,627,0,627,港商法國興業,2024-09-04,1570
9904,寶成,562,0,562,港商法國興業,2024-09-04,1570
2615,萬海,489,0,489,港商法國興業,2024-09-04,1570
2412,中華電,480,8,472,港商法國興業,2024-09-04,1570
1711,永光,420,0,420,港商法國興業,2024-09-04,1570
1216,統一,245,0,245,港商法國興業,2024-09-04,1570
8096,擎亞,225,0,225,港商法國興業,2024-09-04,1570
2027,大成鋼,213,0,213,港商法國興業,2024-09-04,1570
3047,訊舟,210,0,210,港商法國興業,2024-09-04,1570
2371,大同,187,0,187,港商法國興業,2024-09-04,1570
1513,中興電,150,0,150,港商法國興業,2024-09-04,1570
2347,聯強,146,0,146,港商法國興業,2024-09-04,1570
2855,統一證,136,0,136,港商法國興業,2024-09-04,1570
2357,華碩,133,0,133,港商法國興業,2024-09-04,1570
3003,健和興,109,0,109,港商法國興業,2024-09-04,1570
2420,新巨,103,0,103,港商法國興業,2024-09-04,1570
3036,文曄,102,0,102,港商法國興業,2024-09-04,1570
2882,國泰金,98,6,92,港商法國興業,2024-09-04,1570
2383,台光電,89,0,89,港商法國興業,2024-09-04,1570
6770,力積電,87,0,87,港商法國興業,2024-09-04,1570
2497,怡利電,85,0,85,港商法國興業,2024-09-04,1570
8069,元太,82,0,82,港商法國興業,2024-09-04,1570
2449,京元電子,77,0,77,港商法國興業,2024-09-04,1570
2382,廣達,124,50,74,港商法國興業,2024-09-04,1570
6156,松上,74,0,74,港商法國興業,2024-09-04,1570
6257,矽格,74,0,74,港商法國興業,2024-09-04,1570
2337,旺宏,73,0,73,港商法國興業,2024-09-04,1570
2395,研華,72,0,72,港商法國興業,2024-09-04,1570
9941,裕融,70,0,70,港商法國興業,2024-09-04,1570
1527,鑽全,69,0,69,港商法國興業,2024-09-04,1570
1101,台泥,69,0,69,港商法國興業,2024-09-04,1570
5243,乙盛-KY,65,0,65,港商法國興業,2024-09-04,1570
1307,三芳,59,0,59,港商法國興業,2024-09-04,1570
6133,金橋,54,0,54,港商法國興業,2024-09-04,1570
2106,建大,52,0,52,港商法國興業,2024-09-04,1570
9907,統一實,52,0,52,港商法國興業,2024-09-04,1570
5531,鄉林,51,0,51,港商法國興業,2024-09-04,1570
8926,台汽電,48,0,48,港商法國興業,2024-09-04,1570
1319,東陽,47,0,47,港商法國興業,2024-09-04,1570
3289,宜特,47,0,47,港商法國興業,2024-09-04,1570
8249,菱光,47,0,47,港商法國興業,2024-09-04,1570
8937,合騏,46,0,46,港商法國興業,2024-09-04,1570
1708,東鹼,45,0,45,港商法國興業,2024-09-04,1570
1402,遠東新,45,0,45,港商法國興業,2024-09-04,1570
6187,萬潤,45,0,45,港商法國興業,2024-09-04,1570
2888,新光金,8203,0,8203,港商法國興業,2024-09-05,1570
2330,台積電,783,1,782,港商法國興業,2024-09-05,1570
2615,萬海,579,0,579,港商法國興業,2024-09-05,1570
2610,華航,464,70,394,港商法國興業,2024-09-05,1570
2891,中信金,230,0,230,港商法國興業,2024-09-05,1570
6282,康舒,205,0,205,港商法國興業,2024-09-05,1570
2347,聯強,201,0,201,港商法國興業,2024-09-05,1570
9904,寶成,184,0,184,港商法國興業,2024-09-05,1570
1527,鑽全,182,0,182,港商法國興業,2024-09-05,1570
2882,國泰金,193,23,170,港商法國興業,2024-09-05,1570
2357,華碩,160,3,157,港商法國興業,2024-09-05,1570
2371,大同,135,0,135,港商法國興業,2024-09-05,1570
2897,王道銀行,128,0,128,港商法國興業,2024-09-05,1570
2855,統一證,122,0,122,港商法國興業,2024-09-05,1570
1721,三晃,91,0,91,港商法國興業,2024-09-05,1570
1708,東鹼,90,0,90,港商法國興業,2024-09-05,1570
1216,統一,89,0,89,港商法國興業,2024-09-05,1570
2637,慧洋-KY,89,0,89,港商法國興業,2024-09-05,1570
2412,中華電,71,0,71,港商法國興業,2024-09-05,1570
6743,安普新,70,0,70,港商法國興業,2024-09-05,1570
1301,台塑,62,0,62,港商法國興業,2024-09-05,1570
6257,矽格,62,0,62,港商法國興業,2024-09-05,1570
6134,萬旭,59,0,59,港商法國興業,2024-09-05,1570
2106,建大,52,0,52,港商法國興業,2024-09-05,1570
1570,力肯,50,0,50,港商法國興業,2024-09-05,1570
6753,龍德造船,49,0,49,港商法國興業,2024-09-05,1570
2497,怡利電,46,0,46,港商法國興業,2024-09-05,1570
3003,健和興,46,0,46,港商法國興業,2024-09-05,1570
6005,群益證,46,0,46,港商法國興業,2024-09-05,1570
1904,正隆,45,0,45,港商法國興業,2024-09-05,1570
6191,精成科,43,0,43,港商法國興業,2024-09-05,1570
2395,研華,41,0,41,港商法國興業,2024-09-05,1570
1702,南僑,39,0,39,港商法國興業,2024-09-05,1570
2606,裕民,39,0,39,港商法國興業,2024-09-05,1570
1737,臺鹽,38,0,38,港商法國興業,2024-09-05,1570
2912,統一超,36,0,36,港商法國興業,2024-09-05,1570
3293,鈊象,36,0,36,港商法國興業,2024-09-05,1570
6156,松上,36,0,36,港商法國興業,2024-09-05,1570
3284,太普高,35,0,35,港商法國興業,2024-09-05,1570
6669,緯穎,35,0,35,港商法國興業,2024-09-05,1570
1727,中華化,33,0,33,港商法國興業,2024-09-05,1570
4113,聯上,33,0,33,港商法國興業,2024-09-05,1570
8937,合騏,30,0,30,港商法國興業,2024-09-05,1570
3605,宏致,25,0,25,港商法國興業,2024-09-05,1570
2383,台光電,25,1,24,港商法國興業,2024-09-05,1570
3228,金麗科,24,0,24,港商法國興業,2024-09-05,1570
6651,全宇昕,24,0,24,港商法國興業,2024-09-05,1570
8033,雷虎,23,0,23,港商法國興業,2024-09-05,1570
2885,元大金,21,0,21,港商法國興業,2024-09-05,1570
3645,達邁,21,0,21,港商法國興業,2024-09-05,1570
2618,長榮航,3797,0,3797,港商法國興業,2024-09-06,1570
2888,新光金,3051,0,3051,港商法國興業,2024-09-06,1570
2610,華航,750,0,750,港商法國興業,2024-09-06,1570
2303,聯電,714,4,710,港商法國興業,2024-09-06,1570
5880,合庫金,485,0,485,港商法國興業,2024-09-06,1570
2891,中信金,420,0,420,港商法國興業,2024-09-06,1570
2882,國泰金,379,0,379,港商法國興業,2024-09-06,1570
2834,臺企銀,362,0,362,港商法國興業,2024-09-06,1570
1102,亞泥,357,0,357,港商法國興業,2024-09-06,1570
1402,遠東新,337,0,337,港商法國興業,2024-09-06,1570
9904,寶成,228,0,228,港商法國興業,2024-09-06,1570
2497,怡利電,158,0,158,港商法國興業,2024-09-06,1570
2347,聯強,152,0,152,港商法國興業,2024-09-06,1570
1216,統一,160,11,149,港商法國興業,2024-09-06,1570
4974,亞泰,156,10,146,港商法國興業,2024-09-06,1570
2897,王道銀行,139,0,139,港商法國興業,2024-09-06,1570
2855,統一證,132,0,132,港商法國興業,2024-09-06,1570
8249,菱光,131,0,131,港商法國興業,2024-09-06,1570
3703,欣陸,121,0,121,港商法國興業,2024-09-06,1570
2542,興富發,119,0,119,港商法國興業,2024-09-06,1570
3003,健和興,118,0,118,港商法國興業,2024-09-06,1570
1612,宏泰,95,0,95,港商法國興業,2024-09-06,1570
1708,東鹼,69,0,69,港商法國興業,2024-09-06,1570
2454,聯發科,65,0,65,港商法國興業,2024-09-06,1570
2383,台光電,64,0,64,港商法國興業,2024-09-06,1570
5009,榮剛,62,0,62,港商法國興業,2024-09-06,1570
6282,康舒,59,0,59,港商法國興業,2024-09-06,1570
1527,鑽全,58,0,58,港商法國興業,2024-09-06,1570
2308,台達電,56,0,56,港商法國興業,2024-09-06,1570
6257,矽格,56,0,56,港商法國興業,2024-09-06,1570
2243,宏旭-KY,50,0,50,港商法國興業,2024-09-06,1570
1307,三芳,48,0,48,港商法國興業,2024-09-06,1570
2637,慧洋-KY,47,0,47,港商法國興業,2024-09-06,1570
3284,太普高,47,0,47,港商法國興業,2024-09-06,1570
2357,華碩,45,0,45,港商法國興業,2024-09-06,1570
2395,研華,43,0,43,港商法國興業,2024-09-06,1570
4306,炎洲,43,0,43,港商法國興業,2024-09-06,1570
1702,南僑,40,0,40,港商法國興業,2024-09-06,1570
2105,正新,38,0,38,港商法國興業,2024-09-06,1570
5536,聖暉*,30,0,30,港商法國興業,2024-09-06,1570
2106,建大,28,0,28,港商法國興業,2024-09-06,1570
3228,金麗科,26,0,26,港商法國興業,2024-09-06,1570
6670,復盛應用,25,0,25,港商法國興業,2024-09-06,1570
1570,力肯,24,0,24,港商法國興業,2024-09-06,1570
6561,是方,24,0,24,港商法國興業,2024-09-06,1570
9934,成霖,23,0,23,港商法國興業,2024-09-06,1570
9921,巨大,38,17,21,港商法國興業,2024-09-06,1570
3008,大立光,20,0,20,港商法國興業,2024-09-06,1570
4536,拓凱,20,0,20,港商法國興業,2024-09-06,1570
5534,長虹,25,5,20,港商法國興業,2024-09-06,1570
2891,中信金,2863,0,2863,港商法國興業,2024-09-09,1570
1102,亞泥,434,0,434,港商法國興業,2024-09-09,1570
8249,菱光,390,0,390,港商法國興業,2024-09-09,1570
1402,遠東新,351,0,351,港商法國興業,2024-09-09,1570
2610,華航,306,0,306,港商法國興業,2024-09-09,1570
2618,長榮航,287,0,287,港商法國興業,2024-09-09,1570
2105,正新,229,0,229,港商法國興業,2024-09-09,1570
2888,新光金,212,0,212,港商法國興業,2024-09-09,1570
2897,王道銀行,156,0,156,港商法國興業,2024-09-09,1570
2347,聯強,133,0,133,港商法國興業,2024-09-09,1570
2337,旺宏,132,0,132,港商法國興業,2024-09-09,1570
2855,統一證,123,0,123,港商法國興業,2024-09-09,1570
6156,松上,108,0,108,港商法國興業,2024-09-09,1570
2393,億光,101,0,101,港商法國興業,2024-09-09,1570
6743,安普新,99,0,99,港商法國興業,2024-09-09,1570
4974,亞泰,93,0,93,港商法國興業,2024-09-09,1570
2371,大同,88,0,88,港商法國興業,2024-09-09,1570
2383,台光電,80,0,80,港商法國興業,2024-09-09,1570
5009,榮剛,75,0,75,港商法國興業,2024-09-09,1570
9904,寶成,66,0,66,港商法國興業,2024-09-09,1570
2606,裕民,64,0,64,港商法國興業,2024-09-09,1570
2637,慧洋-KY,64,0,64,港商法國興業,2024-09-09,1570
4956,光鋐,63,0,63,港商法國興業,2024-09-09,1570
6191,精成科,80,21,59,港商法國興業,2024-09-09,1570
1216,統一,58,0,58,港商法國興業,2024-09-09,1570
4743,合一,58,0,58,港商法國興業,2024-09-09,1570
8069,元太,57,0,57,港商法國興業,2024-09-09,1570
2357,華碩,55,0,55,港商法國興業,2024-09-09,1570
4958,臻鼎-KY,50,0,50,港商法國興業,2024-09-09,1570
2014,中鴻,48,0,48,港商法國興業,2024-09-09,1570
2027,大成鋼,48,0,48,港商法國興業,2024-09-09,1570
6133,金橋,47,0,47,港商法國興業,2024-09-09,1570
2338,光罩,46,0,46,港商法國興業,2024-09-09,1570
6257,矽格,45,0,45,港商法國興業,2024-09-09,1570
8464,億豐,44,0,44,港商法國興業,2024-09-09,1570
2395,研華,42,0,42,港商法國興業,2024-09-09,1570
3231,緯創,42,0,42,港商法國興業,2024-09-09,1570
9938,百和,42,0,42,港商法國興業,2024-09-09,1570
3703,欣陸,40,0,40,港商法國興業,2024-09-09,1570
2352,佳世達,39,0,39,港商法國興業,2024-09-09,1570
3652,精聯,39,0,39,港商法國興業,2024-09-09,1570
2382,廣達,38,0,38,港商法國興業,2024-09-09,1570
2454,聯發科,38,0,38,港商法國興業,2024-09-09,1570
5534,長虹,37,0,37,港商法國興業,2024-09-09,1570
3481,群創,39,3,36,港商法國興業,2024-09-09,1570
3003,健和興,33,0,33,港商法國興業,2024-09-09,1570
1527,鑽全,32,0,32,港商法國興業,2024-09-09,1570
2204,中華,30,0,30,港商法國興業,2024-09-09,1570
1618,合機,25,0,25,港商法國興業,2024-09-09,1570
2412,中華電,24,0,24,港商法國興業,2024-09-09,1570
2845,遠東銀,1006,0,1006,港商法國興業,2024-09-10,1570
2888,新光金,893,0,893,港商法國興業,2024-09-10,1570
1102,亞泥,585,0,585,港商法國興業,2024-09-10,1570
2618,長榮航,469,0,469,港商法國興業,2024-09-10,1570
6187,萬潤,428,0,428,港商法國興業,2024-09-10,1570
2610,華航,438,40,398,港商法國興業,2024-09-10,1570
1402,遠東新,344,0,344,港商法國興業,2024-09-10,1570
2409,友達,471,182,289,港商法國興業,2024-09-10,1570
4958,臻鼎-KY,272,0,272,港商法國興業,2024-09-10,1570
2834,臺企銀,257,0,257,港商法國興業,2024-09-10,1570
2367,燿華,215,0,215,港商法國興業,2024-09-10,1570
2324,仁寶,211,0,211,港商法國興業,2024-09-10,1570
3231,緯創,206,0,206,港商法國興業,2024-09-10,1570
2393,億光,202,0,202,港商法國興業,2024-09-10,1570
2355,敬鵬,181,0,181,港商法國興業,2024-09-10,1570
6282,康舒,174,0,174,港商法國興業,2024-09-10,1570
3003,健和興,167,0,167,港商法國興業,2024-09-10,1570
3481,群創,647,485,162,港商法國興業,2024-09-10,1570
2105,正新,153,0,153,港商法國興業,2024-09-10,1570
2897,王道銀行,152,0,152,港商法國興業,2024-09-10,1570
2454,聯發科,151,0,151,港商法國興業,2024-09-10,1570
8096,擎亞,148,0,148,港商法國興業,2024-09-10,1570
9933,中鼎,148,0,148,港商法國興業,2024-09-10,1570
4904,遠傳,143,0,143,港商法國興業,2024-09-10,1570
2338,光罩,134,0,134,港商法國興業,2024-09-10,1570
2347,聯強,127,0,127,港商法國興業,2024-09-10,1570
2412,中華電,126,0,126,港商法國興業,2024-09-10,1570
2606,裕民,123,0,123,港商法國興業,2024-09-10,1570
6257,矽格,124,5,119,港商法國興業,2024-09-10,1570
8028,昇陽半導體,115,0,115,港商法國興業,2024-09-10,1570
4974,亞泰,113,0,113,港商法國興業,2024-09-10,1570
1513,中興電,108,2,106,港商法國興業,2024-09-10,1570
3167,大量,100,0,100,港商法國興業,2024-09-10,1570
6188,廣明,96,0,96,港商法國興業,2024-09-10,1570
8927,北基,112,20,92,港商法國興業,2024-09-10,1570
6133,金橋,90,0,90,港商法國興業,2024-09-10,1570
6189,豐藝,86,0,86,港商法國興業,2024-09-10,1570
2855,統一證,81,0,81,港商法國興業,2024-09-10,1570
2542,興富發,76,0,76,港商法國興業,2024-09-10,1570
5009,榮剛,75,0,75,港商法國興業,2024-09-10,1570
2637,慧洋-KY,74,0,74,港商法國興業,2024-09-10,1570
5347,世界,74,0,74,港商法國興業,2024-09-10,1570
8069,元太,74,0,74,港商法國興業,2024-09-10,1570
1216,統一,73,0,73,港商法國興業,2024-09-10,1570
2376,技嘉,72,0,72,港商法國興業,2024-09-10,1570
2891,中信金,69,0,69,港商法國興業,2024-09-10,1570
6670,復盛應用,69,0,69,港商法國興業,2024-09-10,1570
2474,可成,63,0,63,港商法國興業,2024-09-10,1570
1307,三芳,61,0,61,港商法國興業,2024-09-10,1570
2211,長榮鋼,61,0,61,港商法國興業,2024-09-10,1570
2891,中信金,3216,29,3187,港商法國興業,2024-09-11,1570
4904,遠傳,783,4,779,港商法國興業,2024-09-11,1570
2881,富邦金,793,15,778,港商法國興業,2024-09-11,1570
2887,台新金,557,35,522,港商法國興業,2024-09-11,1570
2618,長榮航,518,14,504,港商法國興業,2024-09-11,1570
2610,華航,496,20,476,港商法國興業,2024-09-11,1570
2885,元大金,402,6,396,港商法國興業,2024-09-11,1570
1402,遠東新,344,1,343,港商法國興業,2024-09-11,1570
1102,亞泥,340,0,340,港商法國興業,2024-09-11,1570
2888,新光金,189,0,189,港商法國興業,2024-09-11,1570
2897,王道銀行,184,0,184,港商法國興業,2024-09-11,1570
6133,金橋,180,0,180,港商法國興業,2024-09-11,1570
6156,松上,172,0,172,港商法國興業,2024-09-11,1570
1711,永光,154,0,154,港商法國興業,2024-09-11,1570
2347,聯強,148,0,148,港商法國興業,2024-09-11,1570
5880,合庫金,128,0,128,港商法國興業,2024-09-11,1570
2540,愛山林,122,0,122,港商法國興業,2024-09-11,1570
1605,華新,118,0,118,港商法國興業,2024-09-11,1570
2324,仁寶,117,5,112,港商法國興業,2024-09-11,1570
2882,國泰金,111,5,106,港商法國興業,2024-09-11,1570
2393,億光,105,0,105,港商法國興業,2024-09-11,1570
2497,怡利電,95,0,95,港商法國興業,2024-09-11,1570
2412,中華電,90,7,83,港商法國興業,2024-09-11,1570
3607,谷崧,82,0,82,港商法國興業,2024-09-11,1570
3284,太普高,80,0,80,港商法國興業,2024-09-11,1570
5009,榮剛,75,0,75,港商法國興業,2024-09-11,1570
6890,來億-KY,74,0,74,港商法國興業,2024-09-11,1570
2317,鴻海,72,0,72,港商法國興業,2024-09-11,1570
2855,統一證,72,0,72,港商法國興業,2024-09-11,1570
3665,貿聯-KY,71,0,71,港商法國興業,2024-09-11,1570
2606,裕民,70,0,70,港商法國興業,2024-09-11,1570
4113,聯上,70,0,70,港商法國興業,2024-09-11,1570
3450,聯鈞,64,0,64,港商法國興業,2024-09-11,1570
2308,台達電,57,0,57,港商法國興業,2024-09-11,1570
3003,健和興,57,0,57,港商法國興業,2024-09-11,1570
2474,可成,54,0,54,港商法國興業,2024-09-11,1570
1216,統一,70,18,52,港商法國興業,2024-09-11,1570
4536,拓凱,46,0,46,港商法國興業,2024-09-11,1570
2105,正新,45,0,45,港商法國興業,2024-09-11,1570
9945,潤泰新,42,0,42,港商法國興業,2024-09-11,1570
2637,慧洋-KY,41,0,41,港商法國興業,2024-09-11,1570
2357,華碩,39,0,39,港商法國興業,2024-09-11,1570
4726,永昕,39,0,39,港商法國興業,2024-09-11,1570
4306,炎洲,37,0,37,港商法國興業,2024-09-11,1570
6121,新普,37,0,37,港商法國興業,2024-09-11,1570
6670,復盛應用,37,0,37,港商法國興業,2024-09-11,1570
6612,奈米醫材,31,0,31,港商法國興業,2024-09-11,1570
2476,鉅祥,40,11,29,港商法國興業,2024-09-11,1570
3017,奇鋐,29,0,29,港商法國興業,2024-09-11,1570
1723,中碳,25,0,25,港商法國興業,2024-09-11,1570
6133,金橋,721,0,721,港商法國興業,2024-09-12,1570
2618,長榮航,660,3,657,港商法國興業,2024-09-12,1570
4977,眾達-KY,563,0,563,港商法國興業,2024-09-12,1570
3045,台灣大,398,0,398,港商法國興業,2024-09-12,1570
1102,亞泥,372,0,372,港商法國興業,2024-09-12,1570
1402,遠東新,344,4,340,港商法國興業,2024-09-12,1570
6134,萬旭,325,0,325,港商法國興業,2024-09-12,1570
2897,王道銀行,292,0,292,港商法國興業,2024-09-12,1570
2834,臺企銀,281,0,281,港商法國興業,2024-09-12,1570
3607,谷崧,279,0,279,港商法國興業,2024-09-12,1570
2610,華航,263,0,263,港商法國興業,2024-09-12,1570
2312,金寶,261,42,219,港商法國興業,2024-09-12,1570
5880,合庫金,206,4,202,港商法國興業,2024-09-12,1570
6187,萬潤,200,0,200,港商法國興業,2024-09-12,1570
2888,新光金,196,0,196,港商法國興業,2024-09-12,1570
1727,中華化,162,0,162,港商法國興業,2024-09-12,1570
2887,台新金,147,8,139,港商法國興業,2024-09-12,1570
2347,聯強,135,0,135,港商法國興業,2024-09-12,1570
1539,巨庭,130,0,130,港商法國興業,2024-09-12,1570
6743,安普新,125,0,125,港商法國興業,2024-09-12,1570
3003,健和興,124,0,124,港商法國興業,2024-09-12,1570
2420,新巨,108,0,108,港商法國興業,2024-09-12,1570
3702,大聯大,108,0,108,港商法國興業,2024-09-12,1570
2912,統一超,105,0,105,港商法國興業,2024-09-12,1570
2882,國泰金,124,20,104,港商法國興業,2024-09-12,1570
1605,華新,103,0,103,港商法國興業,2024-09-12,1570
1303,南亞,101,2,99,港商法國興業,2024-09-12,1570
3665,貿聯-KY,99,0,99,港商法國興業,2024-09-12,1570
4729,熒茂,94,0,94,港商法國興業,2024-09-12,1570
2027,大成鋼,89,0,89,港商法國興業,2024-09-12,1570
3037,欣興,83,0,83,港商法國興業,2024-09-12,1570
2105,正新,75,0,75,港商法國興業,2024-09-12,1570
2233,宇隆,92,18,74,港商法國興業,2024-09-12,1570
2486,一詮,73,0,73,港商法國興業,2024-09-12,1570
1216,統一,73,2,71,港商法國興業,2024-09-12,1570
6156,松上,70,0,70,港商法國興業,2024-09-12,1570
1608,華榮,65,0,65,港商法國興業,2024-09-12,1570
8249,菱光,62,0,62,港商法國興業,2024-09-12,1570
1537,廣隆,59,0,59,港商法國興業,2024-09-12,1570
2474,可成,54,0,54,港商法國興業,2024-09-12,1570
2308,台達電,54,3,51,港商法國興業,2024-09-12,1570
6651,全宇昕,49,0,49,港商法國興業,2024-09-12,1570
2327,國巨,46,0,46,港商法國興業,2024-09-12,1570
2395,研華,41,0,41,港商法國興業,2024-09-12,1570
3289,宜特,41,0,41,港商法國興業,2024-09-12,1570
9945,潤泰新,41,0,41,港商法國興業,2024-09-12,1570
2401,凌陽,36,0,36,港商法國興業,2024-09-12,1570
3605,宏致,36,0,36,港商法國興業,2024-09-12,1570
6416,瑞祺電通,36,0,36,港商法國興業,2024-09-12,1570
3624,光頡,35,0,35,港商法國興業,2024-09-12,1570
2618,長榮航,2997,0,2997,港商法國興業,2024-09-13,1570
2888,新光金,2119,0,2119,港商法國興業,2024-09-13,1570
2891,中信金,1528,0,1528,港商法國興業,2024-09-13,1570
2887,台新金,492,0,492,港商法國興業,2024-09-13,1570
2610,華航,425,0,425,港商法國興業,2024-09-13,1570
1102,亞泥,398,0,398,港商法國興業,2024-09-13,1570
4904,遠傳,375,0,375,港商法國興業,2024-09-13,1570
2834,臺企銀,336,0,336,港商法國興業,2024-09-13,1570
1402,遠東新,288,0,288,港商法國興業,2024-09-13,1570
2388,威盛,233,0,233,港商法國興業,2024-09-13,1570
2105,正新,220,0,220,港商法國興業,2024-09-13,1570
2897,王道銀行,220,0,220,港商法國興業,2024-09-13,1570
6133,金橋,200,0,200,港商法國興業,2024-09-13,1570
2383,台光電,179,0,179,港商法國興業,2024-09-13,1570
4958,臻鼎-KY,175,0,175,港商法國興業,2024-09-13,1570
6609,瀧澤科,156,0,156,港商法國興業,2024-09-13,1570
4977,眾達-KY,171,26,145,港商法國興業,2024-09-13,1570
2352,佳世達,142,0,142,港商法國興業,2024-09-13,1570
3289,宜特,134,0,134,港商法國興業,2024-09-13,1570
1605,華新,129,0,129,港商法國興業,2024-09-13,1570
3665,貿聯-KY,126,0,126,港商法國興業,2024-09-13,1570
2497,怡利電,112,0,112,港商法國興業,2024-09-13,1570
2382,廣達,113,3,110,港商法國興業,2024-09-13,1570
2426,鼎元,109,0,109,港商法國興業,2024-09-13,1570
6651,全宇昕,105,0,105,港商法國興業,2024-09-13,1570
1303,南亞,104,0,104,港商法國興業,2024-09-13,1570
3450,聯鈞,100,0,100,港商法國興業,2024-09-13,1570
2347,聯強,99,0,99,港商法國興業,2024-09-13,1570
8249,菱光,94,0,94,港商法國興業,2024-09-13,1570
2330,台積電,147,54,93,港商法國興業,2024-09-13,1570
2637,慧洋-KY,89,0,89,港商法國興業,2024-09-13,1570
2615,萬海,84,0,84,港商法國興業,2024-09-13,1570
5009,榮剛,74,0,74,港商法國興業,2024-09-13,1570
1216,統一,73,0,73,港商法國興業,2024-09-13,1570
3624,光頡,70,0,70,港商法國興業,2024-09-13,1570
3019,亞光,70,1,69,港商法國興業,2024-09-13,1570
3702,大聯大,68,0,68,港商法國興業,2024-09-13,1570
2360,致茂,63,0,63,港商法國興業,2024-09-13,1570
3003,健和興,63,0,63,港商法國興業,2024-09-13,1570
3045,台灣大,57,0,57,港商法國興業,2024-09-13,1570
3689,湧德,57,0,57,港商法國興業,2024-09-13,1570
6603,富強鑫,56,0,56,港商法國興業,2024-09-13,1570
3131,弘塑,55,0,55,港商法國興業,2024-09-13,1570
2474,可成,54,0,54,港商法國興業,2024-09-13,1570
3605,宏致,52,0,52,港商法國興業,2024-09-13,1570
2412,中華電,49,0,49,港商法國興業,2024-09-13,1570
3231,緯創,45,0,45,港商法國興業,2024-09-13,1570
1442,名軒,38,0,38,港商法國興業,2024-09-13,1570
1708,東鹼,38,0,38,港商法國興業,2024-09-13,1570
9935,慶豐富,41,3,38,港商法國興業,2024-09-13,1570
2888,新光金,3731,0,3731,港商法國興業,2024-09-16,1570
6187,萬潤,880,0,880,港商法國興業,2024-09-16,1570
6609,瀧澤科,495,0,495,港商法國興業,2024-09-16,1570
2317,鴻海,462,0,462,港商法國興業,2024-09-16,1570
8249,菱光,457,0,457,港商法國興業,2024-09-16,1570
1102,亞泥,408,0,408,港商法國興業,2024-09-16,1570
8111,立��,384,0,384,港商法國興業,2024-09-16,1570
2610,華航,341,0,341,港商法國興業,2024-09-16,1570
2834,臺企銀,336,0,336,港商法國興業,2024-09-16,1570
3711,日月光投控,314,0,314,港商法國興業,2024-09-16,1570
6443,元晶,261,0,261,港商法國興業,2024-09-16,1570
2412,中華電,236,0,236,港商法國興業,2024-09-16,1570
2382,廣達,224,0,224,港商法國興業,2024-09-16,1570
2497,怡利電,212,0,212,港商法國興業,2024-09-16,1570
3289,宜特,209,0,209,港商法國興業,2024-09-16,1570
2618,長榮航,194,0,194,港商法國興業,2024-09-16,1570
1605,華新,184,0,184,港商法國興業,2024-09-16,1570
3706,神達,175,0,175,港商法國興業,2024-09-16,1570
6005,群益證,172,0,172,港商法國興業,2024-09-16,1570
9935,慶豐富,159,0,159,港商法國興業,2024-09-16,1570
3019,亞光,154,0,154,港商法國興業,2024-09-16,1570
5876,上海商銀,154,0,154,港商法國興業,2024-09-16,1570
1402,遠東新,210,60,150,港商法國興業,2024-09-16,1570
3450,聯鈞,149,0,149,港商法國興業,2024-09-16,1570
2897,王道銀行,148,0,148,港商法國興業,2024-09-16,1570
2105,正新,142,0,142,港商法國興業,2024-09-16,1570
2498,宏達電,130,0,130,港商法國興業,2024-09-16,1570
1303,南亞,108,0,108,港商法國興業,2024-09-16,1570
6415,矽力*-KY,107,0,107,港商法國興業,2024-09-16,1570
2392,正崴,106,0,106,港商法國興業,2024-09-16,1570
2347,聯強,99,0,99,港商法國興業,2024-09-16,1570
2393,億光,99,0,99,港商法國興業,2024-09-16,1570
3003,健和興,98,0,98,港商法國興業,2024-09-16,1570
2426,鼎元,90,0,90,港商法國興業,2024-09-16,1570
6133,金橋,84,0,84,港商法國興業,2024-09-16,1570
2855,統一證,82,0,82,港商法國興業,2024-09-16,1570
6743,安普新,82,0,82,港商法國興業,2024-09-16,1570
3086,華義,81,0,81,港商法國興業,2024-09-16,1570
6191,精成科,78,0,78,港商法國興業,2024-09-16,1570
5009,榮剛,75,0,75,港商法國興業,2024-09-16,1570
1216,統一,73,0,73,港商法國興業,2024-09-16,1570
6651,全宇昕,73,0,73,港商法國興業,2024-09-16,1570
2637,慧洋-KY,72,0,72,港商法國興業,2024-09-16,1570
1307,三芳,67,0,67,港商法國興業,2024-09-16,1570
2014,中鴻,62,0,62,港商法國興業,2024-09-16,1570
1727,中華化,57,0,57,港商法國興業,2024-09-16,1570
8927,北基,105,52,53,港商法國興業,2024-09-16,1570
6603,富強鑫,52,0,52,港商法國興業,2024-09-16,1570
2474,可成,47,0,47,港商法國興業,2024-09-16,1570
1609,大亞,46,0,46,港商法國興業,2024-09-16,1570
2888,新光金,23943,0,23943,港商法國興業,2024-09-18,1570
2317,鴻海,2158,98,2060,港商法國興業,2024-09-18,1570
2891,中信金,1616,287,1329,港商法國興業,2024-09-18,1570
1102,亞泥,609,0,609,港商法國興業,2024-09-18,1570
2610,華航,531,0,531,港商法國興業,2024-09-18,1570
2890,永豐金,325,0,325,港商法國興業,2024-09-18,1570
6187,萬潤,314,0,314,港商法國興業,2024-09-18,1570
1402,遠東新,310,0,310,港商法國興業,2024-09-18,1570
2497,怡利電,305,0,305,港商法國興業,2024-09-18,1570
1605,華新,293,0,293,港商法國興業,2024-09-18,1570
2105,正新,257,0,257,港商法國興業,2024-09-18,1570
6005,群益證,244,0,244,港商法國興業,2024-09-18,1570
2867,三商壽,238,0,238,港商法國興業,2024-09-18,1570
3003,健和興,196,0,196,港商法國興業,2024-09-18,1570
4576,大銀微系統,165,0,165,港商法國興業,2024-09-18,1570
5876,上海商銀,159,0,159,港商法國興業,2024-09-18,1570
2027,大成鋼,158,0,158,港商法國興業,2024-09-18,1570
9921,巨大,151,0,151,港商法國興業,2024-09-18,1570
3689,湧德,149,0,149,港商法國興業,2024-09-18,1570
2834,臺企銀,270,135,135,港商法國興業,2024-09-18,1570
1326,台化,152,20,132,港商法國興業,2024-09-18,1570
3450,聯鈞,131,0,131,港商法國興業,2024-09-18,1570
6890,來億-KY,116,0,116,港商法國興業,2024-09-18,1570
2520,冠德,111,0,111,港商法國興業,2024-09-18,1570
6133,金橋,111,0,111,港商法國興業,2024-09-18,1570
3017,奇鋐,106,0,106,港商法國興業,2024-09-18,1570
6743,安普新,103,0,103,港商法國興業,2024-09-18,1570
2347,聯強,102,0,102,港商法國興業,2024-09-18,1570
2360,致茂,102,0,102,港商法國興業,2024-09-18,1570
6415,矽力*-KY,101,0,101,港商法國興業,2024-09-18,1570
3019,亞光,150,59,91,港商法國興業,2024-09-18,1570
3167,大量,91,0,91,港商法國興業,2024-09-18,1570
4977,眾達-KY,90,0,90,港商法國興業,2024-09-18,1570
6189,豐藝,88,0,88,港商法國興業,2024-09-18,1570
2393,億光,85,0,85,港商法國興業,2024-09-18,1570
3289,宜特,79,0,79,港商法國興業,2024-09-18,1570
1216,統一,78,0,78,港商法國興業,2024-09-18,1570
5009,榮剛,77,0,77,港商法國興業,2024-09-18,1570
2603,長榮,74,0,74,港商法國興業,2024-09-18,1570
6191,精成科,74,0,74,港商法國興業,2024-09-18,1570
3706,神達,65,0,65,港商法國興業,2024-09-18,1570
6438,迅得,63,0,63,港商法國興業,2024-09-18,1570
5522,遠雄,61,0,61,港商法國興業,2024-09-18,1570
2618,長榮航,58,0,58,港商法國興業,2024-09-18,1570
3413,京鼎,55,0,55,港商法國興業,2024-09-18,1570
2426,鼎元,54,0,54,港商法國興業,2024-09-18,1570
6257,矽格,52,0,52,港商法國興業,2024-09-18,1570
2855,統一證,49,0,49,港商法國興業,2024-09-18,1570
3624,光頡,47,0,47,港商法國興業,2024-09-18,1570
5243,乙盛-KY,47,0,47,港商法國興業,2024-09-18,1570
2888,新光金,10904,11,10893,港商法國興業,2024-09-19,1570
1102,亞泥,436,0,436,港商法國興業,2024-09-19,1570
1605,華新,431,0,431,港商法國興業,2024-09-19,1570
5876,上海商銀,372,0,372,港商法國興業,2024-09-19,1570
2610,華航,372,31,341,港商法國興業,2024-09-19,1570
1727,中華化,312,0,312,港商法國興業,2024-09-19,1570
2497,怡利電,307,0,307,港商法國興業,2024-09-19,1570
1402,遠東新,286,2,284,港商法國興業,2024-09-19,1570
1301,台塑,236,0,236,港商法國興業,2024-09-19,1570
2409,友達,199,0,199,港商法國興業,2024-09-19,1570
9945,潤泰新,182,0,182,港商法國興業,2024-09-19,1570
2208,台船,169,0,169,港商法國興業,2024-09-19,1570
2882,國泰金,165,7,158,港商法國興業,2024-09-19,1570
2886,兆豐金,174,26,148,港商法國興業,2024-09-19,1570
2360,致茂,147,0,147,港商法國興業,2024-09-19,1570
6005,群益證,143,0,143,港商法國興業,2024-09-19,1570
2892,第一金,168,26,142,港商法國興業,2024-09-19,1570
2890,永豐金,178,39,139,港商法國興業,2024-09-19,1570
3003,健和興,128,0,128,港商法國興業,2024-09-19,1570
3450,聯鈞,126,0,126,港商法國興業,2024-09-19,1570
6133,金橋,113,0,113,港商法國興業,2024-09-19,1570
2492,華新科,107,0,107,港商法國興業,2024-09-19,1570
2855,統一證,100,0,100,港商法國興業,2024-09-19,1570
2474,可成,94,0,94,港商法國興業,2024-09-19,1570
2204,中華,92,0,92,港商法國興業,2024-09-19,1570
1215,卜蜂,91,0,91,港商法國興業,2024-09-19,1570
1326,台化,89,0,89,港商法國興業,2024-09-19,1570
1709,和益,84,0,84,港商法國興業,2024-09-19,1570
2903,遠百,81,0,81,港商法國興業,2024-09-19,1570
3017,奇鋐,80,0,80,港商法國興業,2024-09-19,1570
3706,神達,76,0,76,港商法國興業,2024-09-19,1570
3059,華晶科,73,0,73,港商法國興業,2024-09-19,1570
2105,正新,71,0,71,港商法國興業,2024-09-19,1570
2027,大成鋼,66,0,66,港商法國興業,2024-09-19,1570
2371,大同,66,0,66,港商法國興業,2024-09-19,1570
2352,佳世達,65,0,65,港商法國興業,2024-09-19,1570
8069,元太,64,0,64,港商法國興業,2024-09-19,1570
9935,慶豐富,64,0,64,港商法國興業,2024-09-19,1570
1590,亞德客-KY,60,0,60,港商法國興業,2024-09-19,1570
4113,聯上,54,0,54,港商法國興業,2024-09-19,1570
2618,長榮航,66,14,52,港商法國興業,2024-09-19,1570
6189,豐藝,51,0,51,港商法國興業,2024-09-19,1570
2897,王道銀行,50,0,50,港商法國興業,2024-09-19,1570
3005,神基,49,0,49,港商法國興業,2024-09-19,1570
2376,技嘉,48,0,48,港商法國興業,2024-09-19,1570
3289,宜特,45,0,45,港商法國興業,2024-09-19,1570
6194,育富,45,0,45,港商法國興業,2024-09-19,1570
6279,胡連,43,0,43,港商法國興業,2024-09-19,1570
1307,三芳,42,0,42,港商法國興業,2024-09-19,1570
1608,華榮,37,0,37,港商法國興業,2024-09-19,1570
2888,新光金,11857,0,11857,港商法國興業,2024-09-20,1570
2891,中信金,2202,84,2118,港商法國興業,2024-09-20,1570
2886,兆豐金,1140,3,1137,港商法國興業,2024-09-20,1570
1102,亞泥,882,0,882,港商法國興業,2024-09-20,1570
5880,合庫金,877,3,874,港商法國興業,2024-09-20,1570
2330,台積電,815,16,799,港商法國興業,2024-09-20,1570
2892,第一金,759,124,635,港商法國興業,2024-09-20,1570
2903,遠百,579,0,579,港商法國興業,2024-09-20,1570
2409,友達,670,147,523,港商法國興業,2024-09-20,1570
2610,華航,519,0,519,港商法國興業,2024-09-20,1570
2884,玉山金,475,5,470,港商法國興業,2024-09-20,1570
5876,上海商銀,469,0,469,港商法國興業,2024-09-20,1570
2890,永豐金,464,14,450,港商法國興業,2024-09-20,1570
2887,台新金,386,3,383,港商法國興業,2024-09-20,1570
6005,群益證,378,0,378,港商法國興業,2024-09-20,1570
1402,遠東新,369,0,369,港商法國興業,2024-09-20,1570
2002,中鋼,390,24,366,港商法國興業,2024-09-20,1570
2882,國泰金,295,2,293,港商法國興業,2024-09-20,1570
2834,臺企銀,269,1,268,港商法國興業,2024-09-20,1570
2324,仁寶,262,1,261,港商法國興業,2024-09-20,1570
1314,中石化,476,219,257,港商法國興業,2024-09-20,1570
2201,裕隆,230,0,230,港商法國興業,2024-09-20,1570
2474,可成,304,75,229,港商法國興業,2024-09-20,1570
2845,遠東銀,200,0,200,港商法國興業,2024-09-20,1570
5347,世界,199,0,199,港商法國興業,2024-09-20,1570
2347,聯強,197,0,197,港商法國興業,2024-09-20,1570
2880,華南金,296,108,188,港商法國興業,2024-09-20,1570
2603,長榮,187,0,187,港商法國興業,2024-09-20,1570
3167,大量,183,0,183,港商法國興業,2024-09-20,1570
2897,王道銀行,171,0,171,港商法國興業,2024-09-20,1570
2313,華通,166,0,166,港商法國興業,2024-09-20,1570
1216,統一,217,55,162,港商法國興業,2024-09-20,1570
1904,正隆,162,0,162,港商法國興業,2024-09-20,1570
1709,和益,160,0,160,港商法國興業,2024-09-20,1570
2497,怡利電,158,0,158,港商法國興業,2024-09-20,1570
2105,正新,149,0,149,港商法國興業,2024-09-20,1570
2412,中華電,143,1,142,港商法國興業,2024-09-20,1570
3689,湧德,137,0,137,港商法國興業,2024-09-20,1570
6189,豐藝,140,3,137,港商法國興業,2024-09-20,1570
2301,光寶科,132,4,128,港商法國興業,2024-09-20,1570
6133,金橋,127,0,127,港商法國興業,2024-09-20,1570
1907,永豐餘,126,0,126,港商法國興業,2024-09-20,1570
8069,元太,121,0,121,港商法國興業,2024-09-20,1570
2393,億光,106,0,106,港商法國興業,2024-09-20,1570
6869,雲豹能源,104,0,104,港商法國興業,2024-09-20,1570
1215,卜蜂,102,0,102,港商法國興業,2024-09-20,1570
3430,奇鈦科,102,0,102,港商法國興業,2024-09-20,1570
6415,矽力*-KY,102,1,101,港商法國興業,2024-09-20,1570
2353,宏��,95,0,95,港商法國興業,2024-09-20,1570
2855,統一證,93,0,93,港商法國興業,2024-09-20,1570
2888,新光金,3659,0,3659,港商法國興業,2024-09-23,1570
2891,中信金,2623,34,2589,港商法國興業,2024-09-23,1570
1721,三晃,1506,0,1506,港商法國興業,2024-09-23,1570
2618,長榮航,1270,16,1254,港商法國興業,2024-09-23,1570
2882,國泰金,1095,20,1075,港商法國興業,2024-09-23,1570
3167,大量,571,0,571,港商法國興業,2024-09-23,1570
1102,亞泥,252,0,252,港商法國興業,2024-09-23,1570
5880,合庫金,230,0,230,港商法國興業,2024-09-23,1570
3689,湧德,226,0,226,港商法國興業,2024-09-23,1570
2009,第一銅,217,0,217,港商法國興業,2024-09-23,1570
2610,華航,244,34,210,港商法國興業,2024-09-23,1570
2603,長榮,206,2,204,港商法國興業,2024-09-23,1570
2897,王道銀行,174,0,174,港商法國興業,2024-09-23,1570
6279,胡連,166,0,166,港商法國興業,2024-09-23,1570
2351,順德,167,6,161,港商法國興業,2024-09-23,1570
3702,大聯大,153,0,153,港商法國興業,2024-09-23,1570
3481,群創,137,0,137,港商法國興業,2024-09-23,1570
5347,世界,130,0,130,港商法國興業,2024-09-23,1570
3706,神達,123,0,123,港商法國興業,2024-09-23,1570
8249,菱光,97,0,97,港商法國興業,2024-09-23,1570
1717,長興,93,0,93,港商法國興業,2024-09-23,1570
2105,正新,89,0,89,港商法國興業,2024-09-23,1570
8069,元太,86,0,86,港商法國興業,2024-09-23,1570
2474,可成,140,55,85,港商法國興業,2024-09-23,1570
2360,致茂,84,1,83,港商法國興業,2024-09-23,1570
5522,遠雄,79,0,79,港商法國興業,2024-09-23,1570
2855,統一證,76,0,76,港商法國興業,2024-09-23,1570
4716,大立,93,18,75,港商法國興業,2024-09-23,1570
3605,宏致,71,0,71,港商法國興業,2024-09-23,1570
6431,光麗-KY,62,0,62,港商法國興業,2024-09-23,1570
1727,中華化,60,0,60,港商法國興業,2024-09-23,1570
2385,群光,60,0,60,港商法國興業,2024-09-23,1570
9955,佳龍,58,0,58,港商法國興業,2024-09-23,1570
2888B,新光金乙特,53,0,53,港商法國興業,2024-09-23,1570
6651,全宇昕,52,0,52,港商法國興業,2024-09-23,1570
3450,聯鈞,51,0,51,港商法國興業,2024-09-23,1570
2905,三商,49,0,49,港商法國興業,2024-09-23,1570
1708,東鹼,48,0,48,港商法國興業,2024-09-23,1570
2330,台積電,57,12,45,港商法國興業,2024-09-23,1570
1718,中纖,43,0,43,港商法國興業,2024-09-23,1570
6194,育富,43,0,43,港商法國興業,2024-09-23,1570
3003,健和興,42,0,42,港商法國興業,2024-09-23,1570
3005,神基,39,0,39,港商法國興業,2024-09-23,1570
5213,亞昕,39,0,39,港商法國興業,2024-09-23,1570
3624,光頡,38,0,38,港商法國興業,2024-09-23,1570
4551,智伸科,36,0,36,港商法國興業,2024-09-23,1570
2454,聯發科,36,1,35,港商法國興業,2024-09-23,1570
1447,力鵬,34,0,34,港商法國興業,2024-09-23,1570
2382,廣達,165,134,31,港商法國興業,2024-09-23,1570
2892,第一金,49,23,26,港商法國興業,2024-09-23,1570
2891,中信金,1501,0,1501,港商法國興業,2024-09-24,1570
2888,新光金,1317,0,1317,港商法國興業,2024-09-24,1570
2610,華航,1198,0,1198,港商法國興業,2024-09-24,1570
2890,永豐金,847,0,847,港商法國興業,2024-09-24,1570
2324,仁寶,743,63,680,港商法國興業,2024-09-24,1570
2382,廣達,646,0,646,港商法國興業,2024-09-24,1570
3167,大量,548,0,548,港商法國興業,2024-09-24,1570
2409,友達,422,5,417,港商法國興業,2024-09-24,1570
1102,亞泥,414,0,414,港商法國興業,2024-09-24,1570
1409,新纖,400,0,400,港商法國興業,2024-09-24,1570
6770,力積電,364,0,364,港商法國興業,2024-09-24,1570
1717,長興,300,0,300,港商法國興業,2024-09-24,1570
5876,上海商銀,282,0,282,港商法國興業,2024-09-24,1570
1402,遠東新,275,0,275,港商法國興業,2024-09-24,1570
2834,臺企銀,269,0,269,港商法國興業,2024-09-24,1570
3450,聯鈞,301,47,254,港商法國興業,2024-09-24,1570
3689,湧德,247,0,247,港商法國興業,2024-09-24,1570
3081,聯亞,245,0,245,港商法國興業,2024-09-24,1570
2520,冠德,238,0,238,港商法國興業,2024-09-24,1570
5347,世界,220,0,220,港商法國興業,2024-09-24,1570
2105,正新,216,0,216,港商法國興業,2024-09-24,1570
2027,大成鋼,206,0,206,港商法國興業,2024-09-24,1570
2347,聯強,164,0,164,港商法國興業,2024-09-24,1570
8069,元太,156,0,156,港商法國興業,2024-09-24,1570
3702,大聯大,147,0,147,港商法國興業,2024-09-24,1570
2360,致茂,146,0,146,港商法國興業,2024-09-24,1570
2371,大同,146,0,146,港商法國興業,2024-09-24,1570
2474,可成,144,0,144,港商法國興業,2024-09-24,1570
2393,億光,140,0,140,港商法國興業,2024-09-24,1570
2615,萬海,125,0,125,港商法國興業,2024-09-24,1570
2101,南港,122,0,122,港商法國興業,2024-09-24,1570
6005,群益證,122,0,122,港商法國興業,2024-09-24,1570
2338,光罩,120,0,120,港商法國興業,2024-09-24,1570
2897,王道銀行,106,0,106,港商法國興業,2024-09-24,1570
5522,遠雄,106,0,106,港商法國興業,2024-09-24,1570
1709,和益,97,0,97,港商法國興業,2024-09-24,1570
3003,健和興,92,0,92,港商法國興業,2024-09-24,1570
1301,台塑,110,21,89,港商法國興業,2024-09-24,1570
2606,裕民,85,0,85,港商法國興業,2024-09-24,1570
5009,榮剛,76,0,76,港商法國興業,2024-09-24,1570
2351,順德,75,0,75,港商法國興業,2024-09-24,1570
3086,華義,75,0,75,港商法國興業,2024-09-24,1570
2882,國泰金,73,0,73,港商法國興業,2024-09-24,1570
1319,東陽,68,0,68,港商法國興業,2024-09-24,1570
2855,統一證,53,0,53,港商法國興業,2024-09-24,1570
8105,凌巨,52,0,52,港商法國興業,2024-09-24,1570
2377,微星,50,0,50,港商法國興業,2024-09-24,1570
1605,華新,48,0,48,港商法國興業,2024-09-24,1570
3013,晟銘電,46,0,46,港商法國興業,2024-09-24,1570
2458,義隆,44,0,44,港商法國興業,2024-09-24,1570
2603,長榮,2572,0,2572,港商法國興業,2024-09-25,1570
2609,陽明,1949,0,1949,港商法國興業,2024-09-25,1570
1301,台塑,1614,7,1607,港商法國興業,2024-09-25,1570
2610,華航,1480,4,1476,港商法國興業,2024-09-25,1570
1102,亞泥,947,0,947,港商法國興業,2024-09-25,1570
5876,上海商銀,450,0,450,港商法國興業,2024-09-25,1570
1402,遠東新,439,0,439,港商法國興業,2024-09-25,1570
2351,順德,368,6,362,港商法國興業,2024-09-25,1570
2330,台積電,319,12,307,港商法國興業,2024-09-25,1570
2834,臺企銀,323,33,290,港商法國興業,2024-09-25,1570
2618,長榮航,385,109,276,港商法國興業,2024-09-25,1570
2474,可成,274,1,273,港商法國興業,2024-09-25,1570
2324,仁寶,283,20,263,港商法國興業,2024-09-25,1570
2027,大成鋼,239,0,239,港商法國興業,2024-09-25,1570
4958,臻鼎-KY,226,0,226,港商法國興業,2024-09-25,1570
2497,怡利電,220,0,220,港商法國興業,2024-09-25,1570
2883B,凱基金乙特,215,0,215,港商法國興業,2024-09-25,1570
2105,正新,210,0,210,港商法國興業,2024-09-25,1570
2884,玉山金,180,0,180,港商法國興業,2024-09-25,1570
2888,新光金,178,0,178,港商法國興業,2024-09-25,1570
6005,群益證,175,0,175,港商法國興業,2024-09-25,1570
3665,貿聯-KY,171,0,171,港商法國興業,2024-09-25,1570
5880,合庫金,167,0,167,港商法國興業,2024-09-25,1570
4906,正文,164,0,164,港商法國興業,2024-09-25,1570
2317,鴻海,171,11,160,港商法國興業,2024-09-25,1570
2243,宏旭-KY,159,0,159,港商法國興業,2024-09-25,1570
2882,國泰金,150,0,150,港商法國興業,2024-09-25,1570
2002,中鋼,148,0,148,港商法國興業,2024-09-25,1570
2891,中信金,197,53,144,港商法國興業,2024-09-25,1570
2347,聯強,161,19,142,港商法國興業,2024-09-25,1570
2303,聯電,141,0,141,港商法國興業,2024-09-25,1570
3005,神基,140,0,140,港商法國興業,2024-09-25,1570
1216,統一,133,0,133,港商法國興業,2024-09-25,1570
2897,王道銀行,132,0,132,港商法國興業,2024-09-25,1570
2606,裕民,128,0,128,港商法國興業,2024-09-25,1570
2890,永豐金,135,7,128,港商法國興業,2024-09-25,1570
2885,元大金,130,7,123,港商法國興業,2024-09-25,1570
6279,胡連,117,0,117,港商法國興業,2024-09-25,1570
3363,上詮,115,0,115,港商法國興業,2024-09-25,1570
1709,和益,108,0,108,港商法國興業,2024-09-25,1570
3003,健和興,94,0,94,港商法國興業,2024-09-25,1570
2881,富邦金,103,13,90,港商法國興業,2024-09-25,1570
3481,群創,95,6,89,港商法國興業,2024-09-25,1570
1101,台泥,85,0,85,港商法國興業,2024-09-25,1570
6191,精成科,104,19,85,港商法國興業,2024-09-25,1570
6194,育富,82,0,82,港商法國興業,2024-09-25,1570
6176,瑞儀,80,0,80,港商法國興業,2024-09-25,1570
2409,友達,89,12,77,港商法國興業,2024-09-25,1570
2801,彰銀,77,0,77,港商法國興業,2024-09-25,1570
2520,冠德,75,0,75,港商法國興業,2024-09-25,1570
2888,新光金,2243,0,2243,港商法國興業,2024-09-26,1570
2610,華航,1041,49,992,港商法國興業,2024-09-26,1570
2603,長榮,717,0,717,港商法國興業,2024-09-26,1570
1102,亞泥,662,0,662,港商法國興業,2024-09-26,1570
2330,台積電,397,0,397,港商法國興業,2024-09-26,1570
2347,聯強,389,0,389,港商法國興業,2024-09-26,1570
2408,南亞科,371,0,371,港商法國興業,2024-09-26,1570
5876,上海商銀,394,31,363,港商法國興業,2024-09-26,1570
2497,怡利電,345,0,345,港商法國興業,2024-09-26,1570
1402,遠東新,320,0,320,港商法國興業,2024-09-26,1570
2609,陽明,300,0,300,港商法國興業,2024-09-26,1570
2324,仁寶,299,0,299,港商法國興業,2024-09-26,1570
2027,大成鋼,295,0,295,港商法國興業,2024-09-26,1570
2002,中鋼,195,0,195,港商法國興業,2024-09-26,1570
2884,玉山金,191,0,191,港商法國興業,2024-09-26,1570
1301,台塑,198,12,186,港商法國興業,2024-09-26,1570
6133,金橋,180,0,180,港商法國興業,2024-09-26,1570
5880,合庫金,176,0,176,港商法國興業,2024-09-26,1570
2474,可成,175,0,175,港商法國興業,2024-09-26,1570
2303,聯電,186,17,169,港商法國興業,2024-09-26,1570
2882,國泰金,167,8,159,港商法國興業,2024-09-26,1570
3003,健和興,157,0,157,港商法國興業,2024-09-26,1570
6176,瑞儀,131,0,131,港商法國興業,2024-09-26,1570
2105,正新,126,0,126,港商法國興業,2024-09-26,1570
2412,中華電,121,0,121,港商法國興業,2024-09-26,1570
3167,大量,120,0,120,港商法國興業,2024-09-26,1570
3013,晟銘電,117,0,117,港商法國興業,2024-09-26,1570
1721,三晃,112,0,112,港商法國興業,2024-09-26,1570
2606,裕民,107,0,107,港商法國興業,2024-09-26,1570
2897,王道銀行,104,0,104,港商法國興業,2024-09-26,1570
1216,統一,137,35,102,港商法國興業,2024-09-26,1570
6194,育富,99,0,99,港商法國興業,2024-09-26,1570
9955,佳龍,97,0,97,港商法國興業,2024-09-26,1570
2393,億光,96,0,96,港商法國興業,2024-09-26,1570
5009,榮剛,96,0,96,港商法國興業,2024-09-26,1570
2409,友達,115,20,95,港商法國興業,2024-09-26,1570
2886,兆豐金,159,64,95,港商法國興業,2024-09-26,1570
3005,神基,94,0,94,港商法國興業,2024-09-26,1570
2301,光寶科,106,13,93,港商法國興業,2024-09-26,1570
2890,永豐金,124,32,92,港商法國興業,2024-09-26,1570
2885,元大金,91,0,91,港商法國興業,2024-09-26,1570
3290,東浦,87,0,87,港商法國興業,2024-09-26,1570
2637,慧洋-KY,81,0,81,港商法國興業,2024-09-26,1570
1303,南亞,86,19,67,港商法國興業,2024-09-26,1570
6016,康和證,64,0,64,港商法國興業,2024-09-26,1570
2351,順德,62,0,62,港商法國興業,2024-09-26,1570
9938,百和,61,0,61,港商法國興業,2024-09-26,1570
1101,台泥,60,0,60,港商法國興業,2024-09-26,1570
2855,統一證,60,0,60,港商法國興業,2024-09-26,1570
6191,精成科,61,3,58,港商法國興業,2024-09-26,1570
2609,陽明,1810,0,1810,港商法國興業,2024-09-27,1570
2603,長榮,1251,4,1247,港商法國興業,2024-09-27,1570
2062,橋椿,910,0,910,港商法國興業,2024-09-27,1570
2610,華航,824,0,824,港商法國興業,2024-09-27,1570
1102,亞泥,626,0,626,港商法國興業,2024-09-27,1570
1717,長興,569,0,569,港商法國興業,2024-09-27,1570
2615,萬海,518,0,518,港商法國興業,2024-09-27,1570
1301,台塑,512,12,500,港商法國興業,2024-09-27,1570
5880,合庫金,500,1,499,港商法國興業,2024-09-27,1570
2371,大同,494,0,494,港商法國興業,2024-09-27,1570
1605,華新,466,0,466,港商法國興業,2024-09-27,1570
2888,新光金,458,0,458,港商法國興業,2024-09-27,1570
2027,大成鋼,367,0,367,港商法國興業,2024-09-27,1570
1402,遠東新,356,0,356,港商法國興業,2024-09-27,1570
2324,仁寶,345,0,345,港商法國興業,2024-09-27,1570
2897,王道銀行,263,0,263,港商法國興業,2024-09-27,1570
1721,三晃,249,0,249,港商法國興業,2024-09-27,1570
2834,臺企銀,250,3,247,港商法國興業,2024-09-27,1570
4904,遠傳,197,8,189,港商法國興業,2024-09-27,1570
1216,統一,176,3,173,港商法國興業,2024-09-27,1570
9907,統一實,167,0,167,港商法國興業,2024-09-27,1570
2347,聯強,159,0,159,港商法國興業,2024-09-27,1570
6415,矽力*-KY,147,0,147,港商法國興業,2024-09-27,1570
2420,新巨,144,0,144,港商法國興業,2024-09-27,1570
2301,光寶科,142,0,142,港商法國興業,2024-09-27,1570
2006,東和鋼鐵,123,9,114,港商法國興業,2024-09-27,1570
2618,長榮航,128,19,109,港商法國興業,2024-09-27,1570
2345,智邦,103,0,103,港商法國興業,2024-09-27,1570
1709,和益,96,0,96,港商法國興業,2024-09-27,1570
2393,億光,104,9,95,港商法國興業,2024-09-27,1570
5469,瀚宇博,89,0,89,港商法國興業,2024-09-27,1570
4906,正文,101,14,87,港商法國興業,2024-09-27,1570
8404,百和興業-KY,87,0,87,港商法國興業,2024-09-27,1570
2606,裕民,85,0,85,港商法國興業,2024-09-27,1570
6005,群益證,85,0,85,港商法國興業,2024-09-27,1570
3481,群創,82,0,82,港商法國興業,2024-09-27,1570
2855,統一證,81,0,81,港商法國興業,2024-09-27,1570
5009,榮剛,80,0,80,港商法國興業,2024-09-27,1570
1907,永豐餘,76,0,76,港商法國興業,2024-09-27,1570
2330,台積電,79,12,67,港商法國興業,2024-09-27,1570
6669,緯穎,70,4,66,港商法國興業,2024-09-27,1570
6191,精成科,85,20,65,港商法國興業,2024-09-27,1570
2458,義隆,64,0,64,港商法國興業,2024-09-27,1570
2637,慧洋-KY,75,12,63,港商法國興業,2024-09-27,1570
2449,京元電子,66,6,60,港商法國興業,2024-09-27,1570
2474,可成,59,0,59,港商法國興業,2024-09-27,1570
1227,佳格,57,0,57,港商法國興業,2024-09-27,1570
9938,百和,57,0,57,港商法國興業,2024-09-27,1570
6257,矽格,55,0,55,港商法國興業,2024-09-27,1570
2884,玉山金,63,8,55,港商法國興業,2024-09-27,1570
00929,復華台灣科技優息,10000,0,10000,港商法國興業,2024-09-30,1570
1301,台塑,1779,12,1767,港商法國興業,2024-09-30,1570
2603,長榮,1364,6,1358,港商法國興業,2024-09-30,1570
2615,萬海,1201,0,1201,港商法國興業,2024-09-30,1570
2609,陽明,1081,0,1081,港商法國興業,2024-09-30,1570
2888,新光金,1013,5,1008,港商法國興業,2024-09-30,1570
2409,友達,909,12,897,港商法國興業,2024-09-30,1570
1102,亞泥,881,0,881,港商法國興業,2024-09-30,1570
2303,聯電,857,15,842,港商法國興業,2024-09-30,1570
2610,華航,753,39,714,港商法國興業,2024-09-30,1570
2883,凱基金,756,130,626,港商法國興業,2024-09-30,1570
2882,國泰金,589,0,589,港商法國興業,2024-09-30,1570
1326,台化,522,0,522,港商法國興業,2024-09-30,1570
2884,玉山金,491,0,491,港商法國興業,2024-09-30,1570
2606,裕民,430,0,430,港商法國興業,2024-09-30,1570
2880,華南金,475,48,427,港商法國興業,2024-09-30,1570
1605,華新,379,0,379,港商法國興業,2024-09-30,1570
1402,遠東新,367,0,367,港商法國興業,2024-09-30,1570
2834,臺企銀,331,0,331,港商法國興業,2024-09-30,1570
1721,三晃,264,0,264,港商法國興業,2024-09-30,1570
2881,富邦金,255,0,255,港商法國興業,2024-09-30,1570
2618,長榮航,247,29,218,港商法國興業,2024-09-30,1570
2002,中鋼,213,0,213,港商法國興業,2024-09-30,1570
8069,元太,206,0,206,港商法國興業,2024-09-30,1570
1717,長興,195,0,195,港商法國興業,2024-09-30,1570
2317,鴻海,192,6,186,港商法國興業,2024-09-30,1570
2347,聯強,222,38,184,港商法國興業,2024-09-30,1570
6531,愛普*,165,0,165,港商法國興業,2024-09-30,1570
2801,彰銀,346,195,151,港商法國興業,2024-09-30,1570
2637,慧洋-KY,140,0,140,港商法國興業,2024-09-30,1570
8112,至上,138,1,137,港商法國興業,2024-09-30,1570
9938,百和,120,0,120,港商法國興業,2024-09-30,1570
2345,智邦,116,0,116,港商法國興業,2024-09-30,1570
2393,億光,113,0,113,港商法國興業,2024-09-30,1570
2301,光寶科,111,0,111,港商法國興業,2024-09-30,1570
2520,冠德,110,0,110,港商法國興業,2024-09-30,1570
5009,榮剛,109,0,109,港商法國興業,2024-09-30,1570
1727,中華化,98,0,98,港商法國興業,2024-09-30,1570
2308,台達電,98,0,98,港商法國興業,2024-09-30,1570
2351,順德,144,49,95,港商法國興業,2024-09-30,1570
6505,台塑化,90,0,90,港商法國興業,2024-09-30,1570
4977,眾達-KY,90,1,89,港商法國興業,2024-09-30,1570
2855,統一證,78,0,78,港商法國興業,2024-09-30,1570
9904,寶成,78,0,78,港商法國興業,2024-09-30,1570
2360,致茂,75,0,75,港商法國興業,2024-09-30,1570
2006,東和鋼鐵,71,0,71,港商法國興業,2024-09-30,1570
3045,台灣大,71,0,71,港商法國興業,2024-09-30,1570
2474,可成,69,0,69,港商法國興業,2024-09-30,1570
3209,全科,69,0,69,港商法國興業,2024-09-30,1570
6257,矽格,68,0,68,港商法國興業,2024-09-30,1570
2330,台積電,1786,8,1778,港商法國興業,2024-10-01,1570
2002,中鋼,1363,0,1363,港商法國興業,2024-10-01,1570
2886,兆豐金,919,2,917,港商法國興業,2024-10-01,1570
2885,元大金,826,1,825,港商法國興業,2024-10-01,1570
6005,群益證,322,0,322,港商法國興業,2024-10-01,1570
2347,聯強,145,0,145,港商法國興業,2024-10-01,1570
3702,大聯大,143,1,142,港商法國興業,2024-10-01,1570
8069,元太,139,0,139,港商法國興業,2024-10-01,1570
1609,大亞,122,0,122,港商法國興業,2024-10-01,1570
1722,台肥,137,16,121,港商法國興業,2024-10-01,1570
2606,裕民,114,5,109,港商法國興業,2024-10-01,1570
1326,台化,89,0,89,港商法國興業,2024-10-01,1570
3711,日月光投控,84,0,84,港商法國興業,2024-10-01,1570
1904,正隆,82,0,82,港商法國興業,2024-10-01,1570
2393,億光,82,0,82,港商法國興業,2024-10-01,1570
2615,萬海,85,4,81,港商法國興業,2024-10-01,1570
2603,長榮,65,0,65,港商法國興業,2024-10-01,1570
1319,東陽,60,0,60,港商法國興業,2024-10-01,1570
2331,精英,50,0,50,港商法國興業,2024-10-01,1570
5871,中租-KY,66,16,50,港商法國興業,2024-10-01,1570
2458,義隆,47,0,47,港商法國興業,2024-10-01,1570
2357,華碩,49,3,46,港商法國興業,2024-10-01,1570
2031,新光鋼,42,0,42,港商法國興業,2024-10-01,1570
3044,健鼎,37,0,37,港商法國興業,2024-10-01,1570
6285,啟��,35,0,35,港商法國興業,2024-10-01,1570
2345,智邦,34,0,34,港商法國興業,2024-10-01,1570
6505,台塑化,34,0,34,港商法國興業,2024-10-01,1570
1504,東元,35,3,32,港商法國興業,2024-10-01,1570
3714,富采,32,1,31,港商法國興業,2024-10-01,1570
6284,佳邦,26,0,26,港商法國興業,2024-10-01,1570
2103,台橡,24,0,24,港商法國興業,2024-10-01,1570
6531,愛普*,21,0,21,港商法國興業,2024-10-01,1570
2006,東和鋼鐵,18,0,18,港商法國興業,2024-10-01,1570
2464,盟立,18,0,18,港商法國興業,2024-10-01,1570
2344,華邦電,16,0,16,港商法國興業,2024-10-01,1570
2882,國泰金,17,1,16,港商法國興業,2024-10-01,1570
3293,鈊象,16,0,16,港商法國興業,2024-10-01,1570
2049,上銀,15,0,15,港商法國興業,2024-10-01,1570
2303,聯電,17,3,14,港商法國興業,2024-10-01,1570
2379,瑞昱,14,0,14,港商法國興業,2024-10-01,1570
2455,全新,14,0,14,港商法國興業,2024-10-01,1570
2884,玉山金,14,0,14,港商法國興業,2024-10-01,1570
5371,中光電,13,0,13,港商法國興業,2024-10-01,1570
2353,宏��,12,0,12,港商法國興業,2024-10-01,1570
2409,友達,19,7,12,港商法國興業,2024-10-01,1570
5347,世界,12,0,12,港商法國興業,2024-10-01,1570
2401,凌陽,11,0,11,港商法國興業,2024-10-01,1570
2834,臺企銀,12,1,11,港商法國興業,2024-10-01,1570
3005,神基,11,0,11,港商法國興業,2024-10-01,1570
3481,群創,11,0,11,港商法國興業,2024-10-01,1570
2002,中鋼,2211,0,2211,港商法國興業,2024-10-04,1570
00929,復華台灣科技優息,1009,0,1009,港商法國興業,2024-10-04,1570
2882,國泰金,864,7,857,港商法國興業,2024-10-04,1570
2454,聯發科,267,0,267,港商法國興業,2024-10-04,1570
1326,台化,251,0,251,港商法國興業,2024-10-04,1570
2888,新光金,197,18,179,港商法國興業,2024-10-04,1570
6284,佳邦,129,0,129,港商法國興業,2024-10-04,1570
1504,東元,120,0,120,港商法國興業,2024-10-04,1570
2337,旺宏,106,0,106,港商法國興業,2024-10-04,1570
5347,世界,104,0,104,港商法國興業,2024-10-04,1570
2409,友達,104,2,102,港商法國興業,2024-10-04,1570
3481,群創,100,0,100,港商法國興業,2024-10-04,1570
3149,正達,97,0,97,港商法國興業,2024-10-04,1570
1305,華夏,94,0,94,港商法國興業,2024-10-04,1570
6770,力積電,93,0,93,港商法國興業,2024-10-04,1570
2330,台積電,97,7,90,港商法國興業,2024-10-04,1570
8069,元太,85,0,85,港商法國興業,2024-10-04,1570
2345,智邦,80,0,80,港商法國興業,2024-10-04,1570
1710,東聯,79,0,79,港商法國興業,2024-10-04,1570
1605,華新,76,0,76,港商法國興業,2024-10-04,1570
8105,凌巨,69,0,69,港商法國興業,2024-10-04,1570
2887,台新金,66,0,66,港商法國興業,2024-10-04,1570
3049,精金,62,0,62,港商法國興業,2024-10-04,1570
2014,中鴻,59,0,59,港商法國興業,2024-10-04,1570
2352,佳世達,52,0,52,港商法國興業,2024-10-04,1570
2884,玉山金,59,9,50,港商法國興業,2024-10-04,1570
3702,大聯大,44,0,44,港商法國興業,2024-10-04,1570
2457,飛宏,40,0,40,港商法國興業,2024-10-04,1570
1108,幸福,38,0,38,港商法國興業,2024-10-04,1570
3714,富采,38,0,38,港商法國興業,2024-10-04,1570
2371,大同,35,0,35,港商法國興業,2024-10-04,1570
2634,漢翔,32,0,32,港商法國興業,2024-10-04,1570
4935,茂林-KY,32,0,32,港商法國興業,2024-10-04,1570
2426,鼎元,30,0,30,港商法國興業,2024-10-04,1570
1402,遠東新,29,0,29,港商法國興業,2024-10-04,1570
1216,統一,23,0,23,港商法國興業,2024-10-04,1570
5880,合庫金,22,0,22,港商法國興業,2024-10-04,1570
2208,台船,21,0,21,港商法國興業,2024-10-04,1570
2892,第一金,23,4,19,港商法國興業,2024-10-04,1570
3005,神基,19,0,19,港商法國興業,2024-10-04,1570
6269,台郡,18,0,18,港商法國興業,2024-10-04,1570
2421,建準,17,0,17,港商法國興業,2024-10-04,1570
2031,新光鋼,16,0,16,港商法國興業,2024-10-04,1570
2313,華通,16,0,16,港商法國興業,2024-10-04,1570
2376,技嘉,16,0,16,港商法國興業,2024-10-04,1570
2404,漢唐,16,0,16,港商法國興業,2024-10-04,1570
4743,合一,16,0,16,港商法國興業,2024-10-04,1570
6505,台塑化,16,0,16,港商法國興業,2024-10-04,1570
2303,聯電,24,9,15,港商法國興業,2024-10-04,1570
3090,日電貿,15,0,15,港商法國興業,2024-10-04,1570
2888,新光金,1518,0,1518,港商法國興業,2024-10-07,1570
2002,中鋼,1424,0,1424,港商法國興業,2024-10-07,1570
1101,台泥,807,0,807,港商法國興業,2024-10-07,1570
3711,日月光投控,326,0,326,港商法國興業,2024-10-07,1570
2353,宏��,208,0,208,港商法國興業,2024-10-07,1570
3149,正達,143,0,143,港商法國興業,2024-10-07,1570
3049,精金,86,0,86,港商法國興業,2024-10-07,1570
2887,台新金,81,0,81,港商法國興業,2024-10-07,1570
2344,華邦電,62,0,62,港商法國興業,2024-10-07,1570
1216,統一,42,4,38,港商法國興業,2024-10-07,1570
1402,遠東新,37,0,37,港商法國興業,2024-10-07,1570
2748,雲品,27,0,27,港商法國興業,2024-10-07,1570
2031,新光鋼,22,0,22,港商法國興業,2024-10-07,1570
6138,茂達,21,0,21,港商法國興業,2024-10-07,1570
2387,精元,25,5,20,港商法國興業,2024-10-07,1570
2020,美亞,19,0,19,港商法國興業,2024-10-07,1570
2379,瑞昱,18,0,18,港商法國興業,2024-10-07,1570
3622,洋華,18,0,18,港商法國興業,2024-10-07,1570
1582,信錦,17,0,17,港商法國興業,2024-10-07,1570
2543,皇昌,15,0,15,港商法國興業,2024-10-07,1570
4743,合一,15,0,15,港商法國興業,2024-10-07,1570
2330,台積電,14,1,13,港商法國興業,2024-10-07,1570
5234,達興材料,13,0,13,港商法國興業,2024-10-07,1570
2363,矽統,12,0,12,港商法國興業,2024-10-07,1570
2006,東和鋼鐵,15,3,12,港商法國興業,2024-10-07,1570
2486,一詮,11,0,11,港商法國興業,2024-10-07,1570
8069,元太,11,0,11,港商法國興業,2024-10-07,1570
2884,玉山金,10,0,10,港商法國興業,2024-10-07,1570
1710,東聯,9,0,9,港商法國興業,2024-10-07,1570
1605,華新,9,0,9,港商法國興業,2024-10-07,1570
9939,宏全,9,0,9,港商法國興業,2024-10-07,1570
8112,至上,8,0,8,港商法國興業,2024-10-07,1570
2880,華南金,7,0,7,港商法國興業,2024-10-07,1570
9917,中保科,7,0,7,港商法國興業,2024-10-07,1570
9943,好樂迪,7,0,7,港商法國興業,2024-10-07,1570
1795,美時,6,0,6,港商法國興業,2024-10-07,1570
2408,南亞科,6,0,6,港商法國興業,2024-10-07,1570
2883,凱基金,6,0,6,港商法國興業,2024-10-07,1570
2211,長榮鋼,5,0,5,港商法國興業,2024-10-07,1570
2881,富邦金,5,0,5,港商法國興業,2024-10-07,1570
3661,世芯-KY,5,0,5,港商法國興業,2024-10-07,1570
5469,瀚宇博,5,0,5,港商法國興業,2024-10-07,1570
6263,普萊德,5,0,5,港商法國興業,2024-10-07,1570
2890,永豐金,9,5,4,港商法國興業,2024-10-07,1570
6446,藥華藥,4,0,4,港商法國興業,2024-10-07,1570
9942,茂順,4,0,4,港商法國興業,2024-10-07,1570
2404,漢唐,3,0,3,港商法國興業,2024-10-07,1570
2467,志聖,3,0,3,港商法國興業,2024-10-07,1570
2633,台灣高鐵,3,0,3,港商法國興業,2024-10-07,1570
8016,矽創,3,0,3,港商法國興業,2024-10-07,1570
1101,台泥,2999,14,2985,港商法國興業,2024-10-08,1570
2888,新光金,653,0,653,港商法國興業,2024-10-08,1570
2308,台達電,589,0,589,港商法國興業,2024-10-08,1570
2353,宏��,578,10,568,港商法國興業,2024-10-08,1570
2062,橋椿,261,0,261,港商法國興業,2024-10-08,1570
1402,遠東新,233,0,233,港商法國興業,2024-10-08,1570
2618,長榮航,202,0,202,港商法國興業,2024-10-08,1570
2002,中鋼,387,192,195,港商法國興業,2024-10-08,1570
1605,華新,267,102,165,港商法國興業,2024-10-08,1570
2331,精英,162,0,162,港商法國興業,2024-10-08,1570
2301,光寶科,151,0,151,港商法國興業,2024-10-08,1570
8069,元太,136,0,136,港商法國興業,2024-10-08,1570
2356,英業達,184,62,122,港商法國興業,2024-10-08,1570
2208,台船,100,0,100,港商法國興業,2024-10-08,1570
6191,精成科,105,11,94,港商法國興業,2024-10-08,1570
6770,力積電,63,0,63,港商法國興業,2024-10-08,1570
2388,威盛,49,0,49,港商法國興業,2024-10-08,1570
3231,緯創,48,0,48,港商法國興業,2024-10-08,1570
6120,達運,44,0,44,港商法國興業,2024-10-08,1570
2379,瑞昱,42,1,41,港商法國興業,2024-10-08,1570
2344,華邦電,40,0,40,港商法國興業,2024-10-08,1570
3034,聯詠,40,0,40,港商法國興業,2024-10-08,1570
2345,智邦,38,0,38,港商法國興業,2024-10-08,1570
2360,致茂,34,0,34,港商法國興業,2024-10-08,1570
6176,瑞儀,33,0,33,港商法國興業,2024-10-08,1570
2207,和泰車,30,0,30,港商法國興業,2024-10-08,1570
2395,研華,31,2,29,港商法國興業,2024-10-08,1570
2884,玉山金,29,0,29,港商法國興業,2024-10-08,1570
3149,正達,24,0,24,港商法國興業,2024-10-08,1570
9904,寶成,23,0,23,港商法國興業,2024-10-08,1570
2106,建大,22,0,22,港商法國興業,2024-10-08,1570
5292,華懋,22,0,22,港商法國興業,2024-10-08,1570
8464,億豐,22,0,22,港商法國興業,2024-10-08,1570
3711,日月光投控,21,0,21,港商法國興業,2024-10-08,1570
3023,信邦,19,0,19,港商法國興業,2024-10-08,1570
6153,嘉聯益,19,0,19,港商法國興業,2024-10-08,1570
1102,亞泥,17,0,17,港商法國興業,2024-10-08,1570
2337,旺宏,16,0,16,港商法國興業,2024-10-08,1570
2881A,富邦特,16,0,16,港商法國興業,2024-10-08,1570
3665,貿聯-KY,16,0,16,港商法國興業,2024-10-08,1570
2892,第一金,15,0,15,港商法國興業,2024-10-08,1570
6491,晶碩,15,0,15,港商法國興業,2024-10-08,1570
5533,皇鼎,12,0,12,港商法國興業,2024-10-08,1570
2399,映泰,11,0,11,港商法國興業,2024-10-08,1570
2881,富邦金,10,0,10,港商法國興業,2024-10-08,1570
2890,永豐金,15,5,10,港商法國興業,2024-10-08,1570
6409,旭隼,13,3,10,港商法國興業,2024-10-08,1570
6446,藥華藥,10,0,10,港商法國興業,2024-10-08,1570
6790,永豐實,9,0,9,港商法國興業,2024-10-08,1570
2049,上銀,8,0,8,港商法國興業,2024-10-08,1570
2888,新光金,1680,0,1680,港商法國興業,2024-10-09,1570
3481,群創,966,0,966,港商法國興業,2024-10-09,1570
2353,宏��,452,0,452,港商法國興業,2024-10-09,1570
1303,南亞,251,0,251,港商法國興業,2024-10-09,1570
5876,上海商銀,235,0,235,港商法國興業,2024-10-09,1570
2356,英業達,121,0,121,港商法國興業,2024-10-09,1570
3711,日月光投控,111,0,111,港商法國興業,2024-10-09,1570
2890,永豐金,103,0,103,港商法國興業,2024-10-09,1570
2834,臺企銀,94,0,94,港商法國興業,2024-10-09,1570
2208,台船,84,0,84,港商法國興業,2024-10-09,1570
2454,聯發科,71,0,71,港商法國興業,2024-10-09,1570
2883,凱基金,68,0,68,港商法國興業,2024-10-09,1570
1605,華新,64,0,64,港商法國興業,2024-10-09,1570
2884,玉山金,59,0,59,港商法國興業,2024-10-09,1570
3034,聯詠,48,0,48,港商法國興業,2024-10-09,1570
3056,富華新,37,0,37,港商法國興業,2024-10-09,1570
2379,瑞昱,34,0,34,港商法國興業,2024-10-09,1570
3149,正達,32,0,32,港商法國興業,2024-10-09,1570
3037,欣興,31,0,31,港商法國興業,2024-10-09,1570
3029,零壹,30,0,30,港商法國興業,2024-10-09,1570
9904,寶成,50,21,29,港商法國興業,2024-10-09,1570
2458,義隆,28,0,28,港商法國興業,2024-10-09,1570
2345,智邦,26,0,26,港商法國興業,2024-10-09,1570
2108,南帝,25,0,25,港商法國興業,2024-10-09,1570
2330,台積電,25,0,25,港商法國興業,2024-10-09,1570
2317,鴻海,24,0,24,港商法國興業,2024-10-09,1570
6120,達運,24,0,24,港商法國興業,2024-10-09,1570
2301,光寶科,22,0,22,港商法國興業,2024-10-09,1570
2313,華通,21,0,21,港商法國興業,2024-10-09,1570
5234,達興材料,20,0,20,港商法國興業,2024-10-09,1570
6138,茂達,18,0,18,港商法國興業,2024-10-09,1570
9933,中鼎,18,0,18,港商法國興業,2024-10-09,1570
1710,東聯,17,0,17,港商法國興業,2024-10-09,1570
4129,聯合,15,0,15,港商法國興業,2024-10-09,1570
6189,豐藝,14,0,14,港商法國興業,2024-10-09,1570
8996,高力,14,0,14,港商法國興業,2024-10-09,1570
1615,大山,12,0,12,港商法國興業,2024-10-09,1570
9921,巨大,12,0,12,港商法國興業,2024-10-09,1570
2880,華南金,10,0,10,港商法國興業,2024-10-09,1570
2211,長榮鋼,9,0,9,港商法國興業,2024-10-09,1570
2363,矽統,8,0,8,港商法國興業,2024-10-09,1570
5371,中光電,8,0,8,港商法國興業,2024-10-09,1570
5533,皇鼎,8,0,8,港商法國興業,2024-10-09,1570
9917,中保科,8,0,8,港商法國興業,2024-10-09,1570
8464,億豐,7,0,7,港商法國興業,2024-10-09,1570
2850,新產,6,0,6,港商法國興業,2024-10-09,1570
1102,亞泥,5,0,5,港商法國興業,2024-10-09,1570
2881,富邦金,14,9,5,港商法國興業,2024-10-09,1570
6664,群翊,5,0,5,港商法國興業,2024-10-09,1570
8112,至上,5,0,5,港商法國興業,2024-10-09,1570
2888,新光金,431,0,431,港商法國興業,2024-10-11,1570
3037,欣興,272,4,268,港商法國興業,2024-10-11,1570
2353,宏��,129,0,129,港商法國興業,2024-10-11,1570
2426,鼎元,128,0,128,港商法國興業,2024-10-11,1570
0050,元大台灣50,120,0,120,港商法國興業,2024-10-11,1570
2388,威盛,68,0,68,港商法國興業,2024-10-11,1570
6231,系微,67,0,67,港商法國興業,2024-10-11,1570
3535,晶彩科,55,0,55,港商法國興業,2024-10-11,1570
8996,高力,53,0,53,港商法國興業,2024-10-11,1570
3583,辛耘,50,0,50,港商法國興業,2024-10-11,1570
2723,美食-KY,49,0,49,港商法國興業,2024-10-11,1570
2881,富邦金,62,13,49,港商法國興業,2024-10-11,1570
4952,凌通,43,0,43,港商法國興業,2024-10-11,1570
4571,鈞興-KY,42,0,42,港商法國興業,2024-10-11,1570
1101,台泥,40,0,40,港商法國興業,2024-10-11,1570
2834,臺企銀,36,0,36,港商法國興業,2024-10-11,1570
2105,正新,35,0,35,港商法國興業,2024-10-11,1570
2454,聯發科,35,0,35,港商法國興業,2024-10-11,1570
3481,群創,35,0,35,港商法國興業,2024-10-11,1570
2233,宇隆,28,0,28,港商法國興業,2024-10-11,1570
6147,頎邦,28,0,28,港商法國興業,2024-10-11,1570
5880,合庫金,26,0,26,港商法國興業,2024-10-11,1570
6257,矽格,26,0,26,港商法國興業,2024-10-11,1570
2356,英業達,25,0,25,港商法國興業,2024-10-11,1570
2330,台積電,24,0,24,港商法國興業,2024-10-11,1570
2883,凱基金,24,0,24,港商法國興業,2024-10-11,1570
5533,皇鼎,24,0,24,港商法國興業,2024-10-11,1570
2059,川湖,23,0,23,港商法國興業,2024-10-11,1570
2002,中鋼,22,0,22,港商法國興業,2024-10-11,1570
3056,富華新,22,0,22,港商法國興業,2024-10-11,1570
2337,旺宏,21,0,21,港商法國興業,2024-10-11,1570
2467,志聖,21,0,21,港商法國興業,2024-10-11,1570
3231,緯創,21,0,21,港商法國興業,2024-10-11,1570
1710,東聯,20,0,20,港商法國興業,2024-10-11,1570
2850,新產,19,0,19,港商法國興業,2024-10-11,1570
2345,智邦,17,0,17,港商法國興業,2024-10-11,1570
3711,日月光投控,17,0,17,港商法國興業,2024-10-11,1570
6712,長聖,13,0,13,港商法國興業,2024-10-11,1570
2882,國泰金,12,0,12,港商法國興業,2024-10-11,1570
5234,達興材料,12,0,12,港商法國興業,2024-10-11,1570
6412,群電,12,0,12,港商法國興業,2024-10-11,1570
2888B,新光金乙特,11,0,11,港商法國興業,2024-10-11,1570
1303,南亞,10,0,10,港商法國興業,2024-10-11,1570
8011,台通,10,0,10,港商法國興業,2024-10-11,1570
1537,廣隆,9,0,9,港商法國興業,2024-10-11,1570
2317,鴻海,9,0,9,港商法國興業,2024-10-11,1570
3450,聯鈞,9,0,9,港商法國興業,2024-10-11,1570
3694,海華,9,0,9,港商法國興業,2024-10-11,1570
2347,聯強,8,0,8,港商法國興業,2024-10-11,1570
2884,玉山金,8,0,8,港商法國興業,2024-10-11,1570
2888,新光金,576,7,569,港商法國興業,2024-10-14,1570
2892,第一金,515,0,515,港商法國興業,2024-10-14,1570
3037,欣興,251,0,251,港商法國興業,2024-10-14,1570
1402,遠東新,204,0,204,港商法國興業,2024-10-14,1570
5876,上海商銀,124,33,91,港商法國興業,2024-10-14,1570
1909,榮成,66,0,66,港商法國興業,2024-10-14,1570
2834,臺企銀,57,0,57,港商法國興業,2024-10-14,1570
2884,玉山金,56,0,56,港商法國興業,2024-10-14,1570
3711,日月光投控,53,0,53,港商法國興業,2024-10-14,1570
1605,華新,48,0,48,港商法國興業,2024-10-14,1570
5234,達興材料,48,0,48,港商法國興業,2024-10-14,1570
2880,華南金,44,0,44,港商法國興業,2024-10-14,1570
9904,寶成,85,41,44,港商法國興業,2024-10-14,1570
2801,彰銀,41,0,41,港商法國興業,2024-10-14,1570
3008,大立光,41,0,41,港商法國興業,2024-10-14,1570
3062,建漢,39,0,39,港商法國興業,2024-10-14,1570
2454,聯發科,36,0,36,港商法國興業,2024-10-14,1570
5871,中租-KY,36,0,36,港商法國興業,2024-10-14,1570
2409,友達,34,0,34,港商法國興業,2024-10-14,1570
2890,永豐金,34,0,34,港商法國興業,2024-10-14,1570
2492,華新科,32,0,32,港商法國興業,2024-10-14,1570
2610,華航,31,0,31,港商法國興業,2024-10-14,1570
3324,雙鴻,27,0,27,港商法國興業,2024-10-14,1570
2324,仁寶,20,0,20,港商法國興業,2024-10-14,1570
6231,系微,20,0,20,港商法國興業,2024-10-14,1570
2059,川湖,19,2,17,港商法國興業,2024-10-14,1570
3450,聯鈞,17,0,17,港商法國興業,2024-10-14,1570
5904,寶雅,17,0,17,港商法國興業,2024-10-14,1570
2809,京城銀,15,0,15,港商法國興業,2024-10-14,1570
3708,上緯投控,14,0,14,港商法國興業,2024-10-14,1570
6138,茂達,14,0,14,港商法國興業,2024-10-14,1570
5533,皇鼎,13,0,13,港商法國興業,2024-10-14,1570
2207,和泰車,12,0,12,港商法國興業,2024-10-14,1570
2404,漢唐,12,0,12,港商法國興業,2024-10-14,1570
2515,中工,9,0,9,港商法國興業,2024-10-14,1570
3694,海華,9,0,9,港商法國興業,2024-10-14,1570
6790,永豐實,9,0,9,港商法國興業,2024-10-14,1570
2637,慧洋-KY,8,0,8,港商法國興業,2024-10-14,1570
2330,台積電,7,0,7,港商法國興業,2024-10-14,1570
4576,大銀微系統,7,0,7,港商法國興業,2024-10-14,1570
6147,頎邦,7,0,7,港商法國興業,2024-10-14,1570
2504,國產,6,0,6,港商法國興業,2024-10-14,1570
2347,聯強,11,6,5,港商法國興業,2024-10-14,1570
2211,長榮鋼,5,0,5,港商法國興業,2024-10-14,1570
5213,亞昕,5,0,5,港商法國興業,2024-10-14,1570
5289,宜鼎,5,0,5,港商法國興業,2024-10-14,1570
1795,美時,4,0,4,港商法國興業,2024-10-14,1570
1102,亞泥,8,4,4,港商法國興業,2024-10-14,1570
2727,王品,4,0,4,港商法國興業,2024-10-14,1570
9938,百和,36,32,4,港商法國興業,2024-10-14,1570
2888,新光金,1432,0,1432,港商法國興業,2024-10-15,1570
2886,兆豐金,896,27,869,港商法國興業,2024-10-15,1570
1216,統一,414,13,401,港商法國興業,2024-10-15,1570
1605,華新,212,0,212,港商法國興業,2024-10-15,1570
3324,雙鴻,204,0,204,港商法國興業,2024-10-15,1570
2834,臺企銀,166,0,166,港商法國興業,2024-10-15,1570
2027,大成鋼,142,0,142,港商法國興業,2024-10-15,1570
3037,欣興,112,0,112,港商法國興業,2024-10-15,1570
6257,矽格,115,10,105,港商法國興業,2024-10-15,1570
3013,晟銘電,82,0,82,港商法國興業,2024-10-15,1570
6415,矽力*-KY,78,0,78,港商法國興業,2024-10-15,1570
6138,茂達,77,0,77,港商法國興業,2024-10-15,1570
2354,鴻準,73,2,71,港商法國興業,2024-10-15,1570
6285,啟��,51,0,51,港商法國興業,2024-10-15,1570
2377,微星,48,0,48,港商法國興業,2024-10-15,1570
2633,台灣高鐵,40,0,40,港商法國興業,2024-10-15,1570
4743,合一,35,0,35,港商法國興業,2024-10-15,1570
6231,系微,35,0,35,港商法國興業,2024-10-15,1570
2379,瑞昱,34,0,34,港商法國興業,2024-10-15,1570
2845,遠東銀,34,0,34,港商法國興業,2024-10-15,1570
9921,巨大,34,0,34,港商法國興業,2024-10-15,1570
1711,永光,30,0,30,港商法國興業,2024-10-15,1570
1102,亞泥,30,0,30,港商法國興業,2024-10-15,1570
2368,金像電,29,0,29,港商法國興業,2024-10-15,1570
1319,東陽,25,0,25,港商法國興業,2024-10-15,1570
6488,環球晶,23,0,23,港商法國興業,2024-10-15,1570
6412,群電,22,0,22,港商法國興業,2024-10-15,1570
2353,宏��,20,1,19,港商法國興業,2024-10-15,1570
3035,智原,19,0,19,港商法國興業,2024-10-15,1570
2211,長榮鋼,20,2,18,港商法國興業,2024-10-15,1570
2369,菱生,18,0,18,港商法國興業,2024-10-15,1570
2892,第一金,46,28,18,港商法國興業,2024-10-15,1570
4763,材料-KY,18,0,18,港商法國興業,2024-10-15,1570
2344,華邦電,17,1,16,港商法國興業,2024-10-15,1570
6214,精誠,16,0,16,港商法國興業,2024-10-15,1570
2409,友達,14,0,14,港商法國興業,2024-10-15,1570
2885,元大金,14,0,14,港商法國興業,2024-10-15,1570
5234,達興材料,14,0,14,港商法國興業,2024-10-15,1570
8103,瀚荃,14,0,14,港商法國興業,2024-10-15,1570
2527,宏璟,10,0,10,港商法國興業,2024-10-15,1570
6275,元山,9,0,9,港商法國興業,2024-10-15,1570
6613,朋億*,9,0,9,港商法國興業,2024-10-15,1570
1519,華城,8,0,8,港商法國興業,2024-10-15,1570
2404,漢唐,7,0,7,港商法國興業,2024-10-15,1570
8436,大江,7,0,7,港商法國興業,2024-10-15,1570
1504,東元,6,0,6,港商法國興業,2024-10-15,1570
8112,至上,6,0,6,港商法國興業,2024-10-15,1570
9939,宏全,6,0,6,港商法國興業,2024-10-15,1570
2059,川湖,5,0,5,港商法國興業,2024-10-15,1570
2330,台積電,13,8,5,港商法國興業,2024-10-15,1570
2330,台積電,544,66,478,港商法國興業,2024-10-16,1570
2308,台達電,247,1,246,港商法國興業,2024-10-16,1570
2542,興富發,194,0,194,港商法國興業,2024-10-16,1570
2062,橋椿,164,0,164,港商法國興業,2024-10-16,1570
2880,華南金,306,163,143,港商法國興業,2024-10-16,1570
3048,益登,122,0,122,港商法國興業,2024-10-16,1570
3711,日月光投控,85,0,85,港商法國興業,2024-10-16,1570
2881,富邦金,84,4,80,港商法國興業,2024-10-16,1570
1795,美時,69,0,69,港商法國興業,2024-10-16,1570
2360,致茂,62,13,49,港商法國興業,2024-10-16,1570
3324,雙鴻,45,0,45,港商法國興業,2024-10-16,1570
2458,義隆,39,0,39,港商法國興業,2024-10-16,1570
2301,光寶科,38,0,38,港商法國興業,2024-10-16,1570
5388,中磊,36,0,36,港商法國興業,2024-10-16,1570
6231,系微,32,0,32,港商法國興業,2024-10-16,1570
6605,帝寶,31,0,31,港商法國興業,2024-10-16,1570
1201,味全,30,0,30,港商法國興業,2024-10-16,1570
2534,宏盛,30,0,30,港商法國興業,2024-10-16,1570
6138,茂達,26,0,26,港商法國興業,2024-10-16,1570
1303,南亞,23,0,23,港商法國興業,2024-10-16,1570
6412,群電,22,0,22,港商法國興業,2024-10-16,1570
3034,聯詠,18,0,18,港商法國興業,2024-10-16,1570
6456,GIS-KY,17,0,17,港商法國興業,2024-10-16,1570
2211,長榮鋼,15,0,15,港商法國興業,2024-10-16,1570
2344,華邦電,14,0,14,港商法國興業,2024-10-16,1570
2527,宏璟,13,0,13,港商法國興業,2024-10-16,1570
2337,旺宏,12,0,12,港商法國興業,2024-10-16,1570
5533,皇鼎,11,0,11,港商法國興業,2024-10-16,1570
3592,瑞鼎,10,0,10,港商法國興業,2024-10-16,1570
6223,旺矽,10,0,10,港商法國興業,2024-10-16,1570
2449,京元電子,9,0,9,港商法國興業,2024-10-16,1570
2409,友達,8,0,8,港商法國興業,2024-10-16,1570
2834,臺企銀,8,0,8,港商法國興業,2024-10-16,1570
2891,中信金,8,0,8,港商法國興業,2024-10-16,1570
6189,豐藝,8,0,8,港商法國興業,2024-10-16,1570
6531,愛普*,8,0,8,港商法國興業,2024-10-16,1570
6613,朋億*,7,0,7,港商法國興業,2024-10-16,1570
2354,鴻準,6,0,6,港商法國興業,2024-10-16,1570
2498,宏達電,6,0,6,港商法國興業,2024-10-16,1570
2610,華航,6,0,6,港商法國興業,2024-10-16,1570
4906,正文,6,0,6,港商法國興業,2024-10-16,1570
3037,欣興,5,0,5,港商法國興業,2024-10-16,1570
5876,上海商銀,5,0,5,港商法國興業,2024-10-16,1570
6257,矽格,5,0,5,港商法國興業,2024-10-16,1570
6770,力積電,5,0,5,港商法國興業,2024-10-16,1570
1225,福懋油,4,0,4,港商法國興業,2024-10-16,1570
1326,台化,4,0,4,港商法國興業,2024-10-16,1570
2633,台灣高鐵,4,0,4,港商法國興業,2024-10-16,1570
2886,兆豐金,4,0,4,港商法國興業,2024-10-16,1570
2890,永豐金,4,0,4,港商法國興業,2024-10-16,1570
2618,長榮航,2177,12,2165,港商法國興業,2024-10-17,1570
2330,台積電,430,74,356,港商法國興業,2024-10-17,1570
1605,華新,128,0,128,港商法國興業,2024-10-17,1570
3711,日月光投控,128,0,128,港商法國興業,2024-10-17,1570
3037,欣興,73,4,69,港商法國興業,2024-10-17,1570
1786,科妍,67,0,67,港商法國興業,2024-10-17,1570
3264,欣銓,59,0,59,港商法國興業,2024-10-17,1570
1303,南亞,54,0,54,港商法國興業,2024-10-17,1570
6231,系微,40,0,40,港商法國興業,2024-10-17,1570
4571,鈞興-KY,32,0,32,港商法國興業,2024-10-17,1570
2211,長榮鋼,30,0,30,港商法國興業,2024-10-17,1570
8069,元太,29,0,29,港商法國興業,2024-10-17,1570
2915,潤泰全,28,0,28,港商法國興業,2024-10-17,1570
6416,瑞祺電通,36,13,23,港商法國興業,2024-10-17,1570
2353,宏��,20,0,20,港商法國興業,2024-10-17,1570
2888,新光金,14,0,14,港商法國興業,2024-10-17,1570
5203,訊連,14,0,14,港商法國興業,2024-10-17,1570
1904,正隆,13,0,13,港商法國興業,2024-10-17,1570
6275,元山,13,0,13,港商法國興業,2024-10-17,1570
2104,國際中橡,12,0,12,港商法國興業,2024-10-17,1570
2481,強茂,12,0,12,港商法國興業,2024-10-17,1570
9938,百和,12,0,12,港商法國興業,2024-10-17,1570
2542,興富發,11,0,11,港商法國興業,2024-10-17,1570
1736,喬山,24,14,10,港商法國興業,2024-10-17,1570
2449,京元電子,9,0,9,港商法國興業,2024-10-17,1570
3231,緯創,8,0,8,港商法國興業,2024-10-17,1570
5388,中磊,8,0,8,港商法國興業,2024-10-17,1570
2723,美食-KY,6,0,6,港商法國興業,2024-10-17,1570
6412,群電,6,0,6,港商法國興業,2024-10-17,1570
3218,大學光,5,0,5,港商法國興業,2024-10-17,1570
5533,皇鼎,5,0,5,港商法國興業,2024-10-17,1570
6213,聯茂,5,0,5,港商法國興業,2024-10-17,1570
6274,台燿,5,0,5,港商法國興業,2024-10-17,1570
4572,駐龍,4,0,4,港商法國興業,2024-10-17,1570
6664,群翊,4,0,4,港商法國興業,2024-10-17,1570
1560,中砂,3,0,3,港商法國興業,2024-10-17,1570
4958,臻鼎-KY,3,0,3,港商法國興業,2024-10-17,1570
6263,普萊德,3,0,3,港商法國興業,2024-10-17,1570
9914,美利達,3,0,3,港商法國興業,2024-10-17,1570
2397,友通,2,0,2,港商法國興業,2024-10-17,1570
3034,聯詠,2,0,2,港商法國興業,2024-10-17,1570
3293,鈊象,2,0,2,港商法國興業,2024-10-17,1570
3563,牧德,2,0,2,港商法國興業,2024-10-17,1570
3661,世芯-KY,2,0,2,港商法國興業,2024-10-17,1570
4583,台灣精銳,2,0,2,港商法國興業,2024-10-17,1570
6016,康和證,2,0,2,港商法國興業,2024-10-17,1570
1477,聚陽,1,0,1,港商法國興業,2024-10-17,1570
2404,漢唐,1,0,1,港商法國興業,2024-10-17,1570
2524,京城,1,0,1,港商法國興業,2024-10-17,1570
2850,新產,1,0,1,港商法國興業,2024-10-17,1570
2356,英業達,529,0,529,港商法國興業,2024-10-18,1570
4576,大銀微系統,125,0,125,港商法國興業,2024-10-18,1570
2353,宏��,112,0,112,港商法國興業,2024-10-18,1570
2301,光寶科,111,4,107,港商法國興業,2024-10-18,1570
2610,華航,104,0,104,港商法國興業,2024-10-18,1570
2330,台積電,78,14,64,港商法國興業,2024-10-18,1570
3324,雙鴻,58,0,58,港商法國興業,2024-10-18,1570
2355,敬鵬,47,0,47,港商法國興業,2024-10-18,1570
3231,緯創,43,4,39,港商法國興業,2024-10-18,1570
3264,欣銓,21,0,21,港商法國興業,2024-10-18,1570
1605,華新,18,0,18,港商法國興業,2024-10-18,1570
3711,日月光投控,60,42,18,港商法國興業,2024-10-18,1570
4583,台灣精銳,16,0,16,港商法國興業,2024-10-18,1570
4958,臻鼎-KY,12,0,12,港商法國興業,2024-10-18,1570
2211,長榮鋼,11,0,11,港商法國興業,2024-10-18,1570
2915,潤泰全,10,0,10,港商法國興業,2024-10-18,1570
1710,東聯,9,0,9,港商法國興業,2024-10-18,1570
2404,漢唐,9,0,9,港商法國興業,2024-10-18,1570
6202,盛群,8,0,8,港商法國興業,2024-10-18,1570
9941,裕融,7,0,7,港商法國興業,2024-10-18,1570
6274,台燿,6,0,6,港商法國興業,2024-10-18,1570
6446,藥華藥,6,0,6,港商法國興業,2024-10-18,1570
1102,亞泥,5,0,5,港商法國興業,2024-10-18,1570
2890,永豐金,11,6,5,港商法國興業,2024-10-18,1570
3005,神基,5,0,5,港商法國興業,2024-10-18,1570
2347,聯強,4,0,4,港商法國興業,2024-10-18,1570
2634,漢翔,4,0,4,港商法國興業,2024-10-18,1570
3529,力旺,7,3,4,港商法國興業,2024-10-18,1570
6712,長聖,4,0,4,港商法國興業,2024-10-18,1570
2062,橋椿,3,0,3,港商法國興業,2024-10-18,1570
3704,合勤控,3,0,3,港商法國興業,2024-10-18,1570
5289,宜鼎,3,0,3,港商法國興業,2024-10-18,1570
5904,寶雅,3,0,3,港商法國興業,2024-10-18,1570
2324,仁寶,4,2,2,港商法國興業,2024-10-18,1570
2727,王品,2,0,2,港商法國興業,2024-10-18,1570
6147,頎邦,2,0,2,港商法國興業,2024-10-18,1570
9914,美利達,2,0,2,港商法國興業,2024-10-18,1570
9917,中保科,2,0,2,港商法國興業,2024-10-18,1570
9933,中鼎,2,0,2,港商法國興業,2024-10-18,1570
3443,創意,2,0,2,港商法國興業,2024-10-18,1570
3661,世芯-KY,1,0,1,港商法國興業,2024-10-18,1570
2207,和泰車,1,0,1,港商法國興業,2024-10-18,1570
1519,華城,1,0,1,港商法國興業,2024-10-18,1570
2379,瑞昱,1,0,1,港商法國興業,2024-10-18,1570
2428,興勤,1,0,1,港商法國興業,2024-10-18,1570
3035,智原,1,0,1,港商法國興業,2024-10-18,1570
4906,正文,1,0,1,港商法國興業,2024-10-18,1570
6285,啟��,1,0,1,港商法國興業,2024-10-18,1570
6409,旭隼,1,0,1,港商法國興業,2024-10-18,1570
6415,矽力*-KY,1,0,1,港商法國興業,2024-10-18,1570
2312,金寶,348,63,285,港商法國興業,2024-10-21,1570
3481,群創,221,0,221,港商法國興業,2024-10-21,1570
4576,大銀微系統,201,0,201,港商法國興業,2024-10-21,1570
2883B,凱基金乙特,164,0,164,港商法國興業,2024-10-21,1570
2356,英業達,168,19,149,港商法國興業,2024-10-21,1570
6706,惠特,110,0,110,港商法國興業,2024-10-21,1570
1326,台化,97,14,83,港商法國興業,2024-10-21,1570
2301,光寶科,80,0,80,港商法國興業,2024-10-21,1570
2618,長榮航,73,0,73,港商法國興業,2024-10-21,1570
1319,東陽,67,0,67,港商法國興業,2024-10-21,1570
2915,潤泰全,61,0,61,港商法國興業,2024-10-21,1570
6120,達運,61,0,61,港商法國興業,2024-10-21,1570
2062,橋椿,40,0,40,港商法國興業,2024-10-21,1570
6285,啟��,38,0,38,港商法國興業,2024-10-21,1570
5871,中租-KY,31,0,31,港商法國興業,2024-10-21,1570
1605,華新,24,0,24,港商法國興業,2024-10-21,1570
3231,緯創,24,0,24,港商法國興業,2024-10-21,1570
1722,台肥,21,0,21,港商法國興業,2024-10-21,1570
2633,台灣高鐵,21,0,21,港商法國興業,2024-10-21,1570
3034,聯詠,20,0,20,港商法國興業,2024-10-21,1570
2882B,國泰金乙特,19,0,19,港商法國興業,2024-10-21,1570
2353,宏��,18,0,18,港商法國興業,2024-10-21,1570
3583,辛耘,18,0,18,港商法國興業,2024-10-21,1570
3596,智易,18,0,18,港商法國興業,2024-10-21,1570
6231,系微,18,0,18,港商法國興業,2024-10-21,1570
3264,欣銓,17,0,17,港商法國興業,2024-10-21,1570
2323,中環,13,0,13,港商法國興業,2024-10-21,1570
2317,鴻海,18,5,13,港商法國興業,2024-10-21,1570
1708,東鹼,13,0,13,港商法國興業,2024-10-21,1570
2399,映泰,13,0,13,港商法國興業,2024-10-21,1570
3048,益登,13,0,13,港商法國興業,2024-10-21,1570
3716,中化控股,13,0,13,港商法國興業,2024-10-21,1570
9924,福興,13,0,13,港商法國興業,2024-10-21,1570
3324,雙鴻,12,0,12,港商法國興業,2024-10-21,1570
1808,潤隆,11,0,11,港商法國興業,2024-10-21,1570
6712,長聖,8,0,8,港商法國興業,2024-10-21,1570
6592,和潤企業,7,0,7,港商法國興業,2024-10-21,1570
3023,信邦,6,0,6,港商法國興業,2024-10-21,1570
2409,友達,5,0,5,港商法國興業,2024-10-21,1570
2912,統一超,5,0,5,港商法國興業,2024-10-21,1570
3617,碩天,5,0,5,港商法國興業,2024-10-21,1570
6412,群電,5,0,5,港商法國興業,2024-10-21,1570
9921,巨大,5,0,5,港商法國興業,2024-10-21,1570
2006,東和鋼鐵,4,0,4,港商法國興業,2024-10-21,1570
2211,長榮鋼,4,0,4,港商法國興業,2024-10-21,1570
1519,華城,4,0,4,港商法國興業,2024-10-21,1570
2850,新產,4,0,4,港商法國興業,2024-10-21,1570
6202,盛群,4,0,4,港商法國興業,2024-10-21,1570
6409,旭隼,4,0,4,港商法國興業,2024-10-21,1570
6770,力積電,3,0,3,港商法國興業,2024-10-21,1570
2618,長榮航,1964,53,1911,港商法國興業,2024-10-22,1570
3711,日月光投控,303,0,303,港商法國興業,2024-10-22,1570
2409,友達,241,8,233,港商法國興業,2024-10-22,1570
2883B,凱基金乙特,209,0,209,港商法國興業,2024-10-22,1570
2356,英業達,191,0,191,港商法國興業,2024-10-22,1570
3037,欣興,148,28,120,港商法國興業,2024-10-22,1570
4147,中裕,73,0,73,港商法國興業,2024-10-22,1570
2301,光寶科,68,0,68,港商法國興業,2024-10-22,1570
8028,昇陽半導體,65,0,65,港商法國興業,2024-10-22,1570
2890,永豐金,115,51,64,港商法國興業,2024-10-22,1570
8069,元太,59,0,59,港商法國興業,2024-10-22,1570
4571,鈞興-KY,49,0,49,港商法國興業,2024-10-22,1570
2603,長榮,47,5,42,港商法國興業,2024-10-22,1570
1303,南亞,40,0,40,港商法國興業,2024-10-22,1570
2211,長榮鋼,34,0,34,港商法國興業,2024-10-22,1570
1101,台泥,30,0,30,港商法國興業,2024-10-22,1570
1605,華新,30,0,30,港商法國興業,2024-10-22,1570
2882B,國泰金乙特,28,0,28,港商法國興業,2024-10-22,1570
3264,欣銓,28,0,28,港商法國興業,2024-10-22,1570
2458,義隆,26,0,26,港商法國興業,2024-10-22,1570
2492,華新科,26,0,26,港商法國興業,2024-10-22,1570
2915,潤泰全,26,0,26,港商法國興業,2024-10-22,1570
2474,可成,23,0,23,港商法國興業,2024-10-22,1570
6120,達運,23,0,23,港商法國興業,2024-10-22,1570
6531,愛普*,23,0,23,港商法國興業,2024-10-22,1570
2332,友訊,19,0,19,港商法國興業,2024-10-22,1570
6206,飛捷,19,0,19,港商法國興業,2024-10-22,1570
1786,科妍,17,0,17,港商法國興業,2024-10-22,1570
6139,亞翔,17,0,17,港商法國興業,2024-10-22,1570
6202,盛群,17,0,17,港商法國興業,2024-10-22,1570
3596,智易,16,0,16,港商法國興業,2024-10-22,1570
9938,百和,16,0,16,港商法國興業,2024-10-22,1570
5871,中租-KY,21,7,14,港商法國興業,2024-10-22,1570
6770,力積電,14,0,14,港商法國興業,2024-10-22,1570
4958,臻鼎-KY,13,0,13,港商法國興業,2024-10-22,1570
6275,元山,12,0,12,港商法國興業,2024-10-22,1570
3227,原相,11,0,11,港商法國興業,2024-10-22,1570
3324,雙鴻,11,0,11,港商法國興業,2024-10-22,1570
5292,華懋,10,0,10,港商法國興業,2024-10-22,1570
3406,玉晶光,9,0,9,港商法國興業,2024-10-22,1570
2379,瑞昱,7,0,7,港商法國興業,2024-10-22,1570
1503,士電,6,0,6,港商法國興業,2024-10-22,1570
6121,新普,6,0,6,港商法國興業,2024-10-22,1570
2303,聯電,5,0,5,港商法國興業,2024-10-22,1570
3023,信邦,5,0,5,港商法國興業,2024-10-22,1570
5425,台半,5,0,5,港商法國興業,2024-10-22,1570
3017,奇鋐,4,0,4,港商法國興業,2024-10-22,1570
4572,駐龍,4,0,4,港商法國興業,2024-10-22,1570
6231,系微,4,0,4,港商法國興業,2024-10-22,1570
6488,環球晶,4,0,4,港商法國興業,2024-10-22,1570
2883,凱基金,136,0,136,港商法國興業,2024-10-23,1570
2106,建大,76,0,76,港商法國興業,2024-10-23,1570
3015,全漢,61,0,61,港商法國興業,2024-10-23,1570
1710,東聯,57,0,57,港商法國興業,2024-10-23,1570
1909,榮成,56,0,56,港商法國興業,2024-10-23,1570
2458,義隆,56,0,56,港商法國興業,2024-10-23,1570
6285,啟��,56,0,56,港商法國興業,2024-10-23,1570
2492,華新科,46,0,46,港商法國興業,2024-10-23,1570
6509,聚和,46,0,46,港商法國興業,2024-10-23,1570
2301,光寶科,42,0,42,港商法國興業,2024-10-23,1570
3481,群創,41,0,41,港商法國興業,2024-10-23,1570
6605,帝寶,40,0,40,港商法國興業,2024-10-23,1570
2481,強茂,38,0,38,港商法國興業,2024-10-23,1570
3714,富采,37,0,37,港商法國興業,2024-10-23,1570
2103,台橡,34,0,34,港商法國興業,2024-10-23,1570
5871,中租-KY,33,0,33,港商法國興業,2024-10-23,1570
2915,潤泰全,31,0,31,港商法國興業,2024-10-23,1570
8105,凌巨,27,0,27,港商法國興業,2024-10-23,1570
1808,潤隆,24,0,24,港商法國興業,2024-10-23,1570
3596,智易,24,0,24,港商法國興業,2024-10-23,1570
6005,群益證,21,0,21,港商法國興業,2024-10-23,1570
6257,矽格,20,0,20,港商法國興業,2024-10-23,1570
5234,達興材料,19,0,19,港商法國興業,2024-10-23,1570
2104,國際中橡,13,0,13,港商法國興業,2024-10-23,1570
9917,中保科,13,0,13,港商法國興業,2024-10-23,1570
3324,雙鴻,13,1,12,港商法國興業,2024-10-23,1570
2419,仲琦,11,0,11,港商法國興業,2024-10-23,1570
3060,銘異,10,0,10,港商法國興業,2024-10-23,1570
6592,和潤企業,10,0,10,港商法國興業,2024-10-23,1570
1303,南亞,9,0,9,港商法國興業,2024-10-23,1570
6488,環球晶,9,0,9,港商法國興業,2024-10-23,1570
2354,鴻準,7,0,7,港商法國興業,2024-10-23,1570
2331,精英,7,0,7,港商法國興業,2024-10-23,1570
2605,新興,7,0,7,港商法國興業,2024-10-23,1570
1789,神隆,6,0,6,港商法國興業,2024-10-23,1570
5457,宣德,5,0,5,港商法國興業,2024-10-23,1570
1565,精華,4,0,4,港商法國興業,2024-10-23,1570
1232,大統益,4,0,4,港商法國興業,2024-10-23,1570
3013,晟銘電,4,0,4,港商法國興業,2024-10-23,1570
6189,豐藝,4,0,4,港商法國興業,2024-10-23,1570
8091,翔名,4,0,4,港商法國興業,2024-10-23,1570
9802,鈺齊-KY,4,0,4,港商法國興業,2024-10-23,1570
5274,信驊,3,0,3,港商法國興業,2024-10-23,1570
6279,胡連,3,0,3,港商法國興業,2024-10-23,1570
9914,美利達,3,0,3,港商法國興業,2024-10-23,1570
2368,金像電,2,0,2,港商法國興業,2024-10-23,1570
2498,宏達電,2,0,2,港商法國興業,2024-10-23,1570
3010,華立,2,0,2,港商法國興業,2024-10-23,1570
3450,聯鈞,2,0,2,港商法國興業,2024-10-23,1570
4906,正文,2,0,2,港商法國興業,2024-10-23,1570
2354,鴻準,204,0,204,港商法國興業,2024-10-24,1570
1303,南亞,126,0,126,港商法國興業,2024-10-24,1570
2208,台船,82,0,82,港商法國興業,2024-10-24,1570
2356,英業達,76,0,76,港商法國興業,2024-10-24,1570
2481,強茂,72,0,72,港商法國興業,2024-10-24,1570
9945,潤泰新,64,2,62,港商法國興業,2024-10-24,1570
8028,昇陽半導體,58,0,58,港商法國興業,2024-10-24,1570
2379,瑞昱,53,0,53,港商法國興業,2024-10-24,1570
8069,元太,38,5,33,港商法國興業,2024-10-24,1570
2845,遠東銀,32,0,32,港商法國興業,2024-10-24,1570
3711,日月光投控,32,0,32,港商法國興業,2024-10-24,1570
6531,愛普*,30,0,30,港商法國興業,2024-10-24,1570
3264,欣銓,27,0,27,港商法國興業,2024-10-24,1570
5871,中租-KY,29,3,26,港商法國興業,2024-10-24,1570
2903,遠百,24,0,24,港商法國興業,2024-10-24,1570
1808,潤隆,23,0,23,港商法國興業,2024-10-24,1570
3062,建漢,21,0,21,港商法國興業,2024-10-24,1570
6285,啟��,20,0,20,港商法國興業,2024-10-24,1570
1402,遠東新,19,0,19,港商法國興業,2024-10-24,1570
2355,敬鵬,18,0,18,港商法國興業,2024-10-24,1570
5234,達興材料,18,0,18,港商法國興業,2024-10-24,1570
6592,和潤企業,18,0,18,港商法國興業,2024-10-24,1570
9938,百和,18,0,18,港商法國興業,2024-10-24,1570
2492,華新科,16,0,16,港商法國興業,2024-10-24,1570
2915,潤泰全,13,0,13,港商法國興業,2024-10-24,1570
5388,中磊,12,0,12,港商法國興業,2024-10-24,1570
6219,富旺,12,0,12,港商法國興業,2024-10-24,1570
2809,京城銀,11,0,11,港商法國興業,2024-10-24,1570
6214,精誠,11,0,11,港商法國興業,2024-10-24,1570
6263,普萊德,11,0,11,港商法國興業,2024-10-24,1570
6275,元山,11,0,11,港商法國興業,2024-10-24,1570
9917,中保科,10,0,10,港商法國興業,2024-10-24,1570
9939,宏全,10,0,10,港商法國興業,2024-10-24,1570
1215,卜蜂,7,0,7,港商法國興業,2024-10-24,1570
5880,合庫金,7,0,7,港商法國興業,2024-10-24,1570
6605,帝寶,7,0,7,港商法國興業,2024-10-24,1570
2006,東和鋼鐵,10,4,6,港商法國興業,2024-10-24,1570
1722,台肥,6,0,6,港商法國興業,2024-10-24,1570
2404,漢唐,6,0,6,港商法國興業,2024-10-24,1570
3552,同致,5,0,5,港商法國興業,2024-10-24,1570
3015,全漢,5,0,5,港商法國興業,2024-10-24,1570
3023,信邦,5,0,5,港商法國興業,2024-10-24,1570
6186,新潤,5,0,5,港商法國興業,2024-10-24,1570
1504,東元,4,0,4,港商法國興業,2024-10-24,1570
3504,揚明光,4,0,4,港商法國興業,2024-10-24,1570
6202,盛群,4,0,4,港商法國興業,2024-10-24,1570
6231,系微,4,0,4,港商法國興業,2024-10-24,1570
2020,美亞,3,0,3,港商法國興業,2024-10-24,1570
3152,璟德,3,0,3,港商法國興業,2024-10-24,1570
4572,駐龍,3,0,3,港商法國興業,2024-10-24,1570
2618,長榮航,1557,0,1557,港商法國興業,2024-10-25,1570
2312,金寶,292,0,292,港商法國興業,2024-10-25,1570
2356,英業達,323,153,170,港商法國興業,2024-10-25,1570
2883,凱基金,130,0,130,港商法國興業,2024-10-25,1570
2888,新光金,127,0,127,港商法國興業,2024-10-25,1570
3209,全科,122,0,122,港商法國興業,2024-10-25,1570
2317,鴻海,99,1,98,港商法國興業,2024-10-25,1570
3481,群創,95,0,95,港商法國興業,2024-10-25,1570
2885,元大金,94,0,94,港商法國興業,2024-10-25,1570
3380,明泰,83,0,83,港商法國興業,2024-10-25,1570
2301,光寶科,70,0,70,港商法國興業,2024-10-25,1570
9958,世紀鋼,70,0,70,港商法國興業,2024-10-25,1570
2801,彰銀,62,0,62,港商法國興業,2024-10-25,1570
6525,捷敏-KY,61,0,61,港商法國興業,2024-10-25,1570
2891,中信金,97,39,58,港商法國興業,2024-10-25,1570
4571,鈞興-KY,56,0,56,港商法國興業,2024-10-25,1570
2809,京城銀,55,0,55,港商法國興業,2024-10-25,1570
1101,台泥,54,0,54,港商法國興業,2024-10-25,1570
2454,聯發科,53,0,53,港商法國興業,2024-10-25,1570
3711,日月光投控,53,0,53,港商法國興業,2024-10-25,1570
2834,臺企銀,51,0,51,港商法國興業,2024-10-25,1570
3017,奇鋐,54,6,48,港商法國興業,2024-10-25,1570
8069,元太,58,16,42,港商法國興業,2024-10-25,1570
5871,中租-KY,38,0,38,港商法國興業,2024-10-25,1570
2915,潤泰全,37,0,37,港商法國興業,2024-10-25,1570
3264,欣銓,37,0,37,港商法國興業,2024-10-25,1570
2324,仁寶,36,0,36,港商法國興業,2024-10-25,1570
2458,義隆,33,0,33,港商法國興業,2024-10-25,1570
3015,全漢,32,0,32,港商法國興業,2024-10-25,1570
1301,台塑,30,0,30,港商法國興業,2024-10-25,1570
2208,台船,29,0,29,港商法國興業,2024-10-25,1570
2890,永豐金,29,0,29,港商法國興業,2024-10-25,1570
4157,太景*-KY,28,0,28,港商法國興業,2024-10-25,1570
1326,台化,27,0,27,港商法國興業,2024-10-25,1570
2344,華邦電,26,0,26,港商法國興業,2024-10-25,1570
8255,朋程,24,0,24,港商法國興業,2024-10-25,1570
1808,潤隆,23,0,23,港商法國興業,2024-10-25,1570
1605,華新,22,0,22,港商法國興業,2024-10-25,1570
1785,光洋科,20,0,20,港商法國興業,2024-10-25,1570
1102,亞泥,19,0,19,港商法國興業,2024-10-25,1570
4938,和碩,18,0,18,港商法國興業,2024-10-25,1570
9904,寶成,17,0,17,港商法國興業,2024-10-25,1570
2727,王品,15,0,15,港商法國興業,2024-10-25,1570
3037,欣興,21,6,15,港商法國興業,2024-10-25,1570
6533,晶心科,15,0,15,港商法國興業,2024-10-25,1570
6770,力積電,15,0,15,港商法國興業,2024-10-25,1570
2105,正新,14,0,14,港商法國興業,2024-10-25,1570
2481,強茂,14,0,14,港商法國興業,2024-10-25,1570
2379,瑞昱,13,0,13,港商法國興業,2024-10-25,1570
2408,南亞科,13,0,13,港商法國興業,2024-10-25,1570
2618,長榮航,300,6,294,港商法國興業,2024-10-28,1570
8069,元太,88,0,88,港商法國興業,2024-10-28,1570
3231,緯創,54,0,54,港商法國興業,2024-10-28,1570
2542,興富發,45,0,45,港商法國興業,2024-10-28,1570
1504,東元,44,0,44,港商法國興業,2024-10-28,1570
5871,中租-KY,40,2,38,港商法國興業,2024-10-28,1570
2905,三商,34,0,34,港商法國興業,2024-10-28,1570
6138,茂達,31,0,31,港商法國興業,2024-10-28,1570
3264,欣銓,30,0,30,港商法國興業,2024-10-28,1570
2809,京城銀,29,0,29,港商法國興業,2024-10-28,1570
2331,精英,27,0,27,港商法國興業,2024-10-28,1570
3034,聯詠,26,0,26,港商法國興業,2024-10-28,1570
2903,遠百,22,0,22,港商法國興業,2024-10-28,1570
9945,潤泰新,20,0,20,港商法國興業,2024-10-28,1570
3533,嘉澤,19,0,19,港商法國興業,2024-10-28,1570
3015,全漢,16,0,16,港商法國興業,2024-10-28,1570
1303,南亞,13,0,13,港商法國興業,2024-10-28,1570
1615,大山,13,0,13,港商法國興業,2024-10-28,1570
1707,葡萄王,11,0,11,港商法國興業,2024-10-28,1570
5234,達興材料,11,0,11,港商法國興業,2024-10-28,1570
6263,普萊德,11,0,11,港商法國興業,2024-10-28,1570
3293,鈊象,7,0,7,港商法國興業,2024-10-28,1570
4157,太景*-KY,7,0,7,港商法國興業,2024-10-28,1570
1215,卜蜂,6,0,6,港商法國興業,2024-10-28,1570
6214,精誠,6,0,6,港商法國興業,2024-10-28,1570
2404,漢唐,5,0,5,港商法國興業,2024-10-28,1570
2208,台船,5,0,5,港商法國興業,2024-10-28,1570
1808,潤隆,5,0,5,港商法國興業,2024-10-28,1570
6244,茂迪,5,0,5,港商法國興業,2024-10-28,1570
1786,科妍,4,0,4,港商法國興業,2024-10-28,1570
2002,中鋼,4,0,4,港商法國興業,2024-10-28,1570
6488,環球晶,4,0,4,港商法國興業,2024-10-28,1570
9941,裕融,4,0,4,港商法國興業,2024-10-28,1570
5880,合庫金,3,0,3,港商法國興業,2024-10-28,1570
2915,潤泰全,2,0,2,港商法國興業,2024-10-28,1570
3023,信邦,2,0,2,港商法國興業,2024-10-28,1570
4906,正文,2,0,2,港商法國興業,2024-10-28,1570
2317,鴻海,1,0,1,港商法國興業,2024-10-28,1570
2303,聯電,1,0,1,港商法國興業,2024-10-28,1570
2301,光寶科,1,0,1,港商法國興業,2024-10-28,1570
2615,萬海,1,0,1,港商法國興業,2024-10-28,1570
3030,德律,1,0,1,港商法國興業,2024-10-28,1570
3037,欣興,1,0,1,港商法國興業,2024-10-28,1570
3661,世芯-KY,1,0,1,港商法國興業,2024-10-28,1570
2889,國票金,0,0,0,港商法國興業,2024-10-28,1570
2883,凱基金,761,0,761,港商法國興業,2024-10-29,1570
2317,鴻海,332,13,319,港商法國興業,2024-10-29,1570
2618,長榮航,272,0,272,港商法國興業,2024-10-29,1570
4919,新唐,271,0,271,港商法國興業,2024-10-29,1570
4938,和碩,162,0,162,港商法國興業,2024-10-29,1570
8069,元太,137,6,131,港商法國興業,2024-10-29,1570
2881,富邦金,113,0,113,港商法國興業,2024-10-29,1570
2905,三商,83,0,83,港商法國興業,2024-10-29,1570
8028,昇陽半導體,79,0,79,港商法國興業,2024-10-29,1570
1711,永光,67,0,67,港商法國興業,2024-10-29,1570
2347,聯強,66,0,66,港商法國興業,2024-10-29,1570
2915,潤泰全,61,0,61,港商法國興業,2024-10-29,1570
2353,宏��,156,97,59,港商法國興業,2024-10-29,1570
2313,華通,54,0,54,港商法國興業,2024-10-29,1570
6187,萬潤,51,0,51,港商法國興業,2024-10-29,1570
1605,華新,50,0,50,港商法國興業,2024-10-29,1570
2542,興富發,48,0,48,港商法國興業,2024-10-29,1570
2481,強茂,40,0,40,港商法國興業,2024-10-29,1570
6531,愛普*,38,0,38,港商法國興業,2024-10-29,1570
3044,健鼎,29,3,26,港商法國興業,2024-10-29,1570
2207,和泰車,22,1,21,港商法國興業,2024-10-29,1570
6275,元山,21,0,21,港商法國興業,2024-10-29,1570
3017,奇鋐,39,20,19,港商法國興業,2024-10-29,1570
2603,長榮,53,38,15,港商法國興業,2024-10-29,1570
5009,榮剛,15,0,15,港商法國興業,2024-10-29,1570
2330,台積電,58,44,14,港商法國興業,2024-10-29,1570
2404,漢唐,14,0,14,港商法國興業,2024-10-29,1570
6214,精誠,10,0,10,港商法國興業,2024-10-29,1570
6592,和潤企業,10,0,10,港商法國興業,2024-10-29,1570
9917,中保科,10,0,10,港商法國興業,2024-10-29,1570
1102,亞泥,24,15,9,港商法國興業,2024-10-29,1570
2211,長榮鋼,8,0,8,港商法國興業,2024-10-29,1570
9927,泰銘,8,0,8,港商法國興業,2024-10-29,1570
6712,長聖,7,0,7,港商法國興業,2024-10-29,1570
1615,大山,6,0,6,港商法國興業,2024-10-29,1570
3680,家登,6,0,6,港商法國興業,2024-10-29,1570
4157,太景*-KY,6,0,6,港商法國興業,2024-10-29,1570
9941,裕融,6,0,6,港商法國興業,2024-10-29,1570
3357,臺慶科,5,0,5,港商法國興業,2024-10-29,1570
3443,創意,5,0,5,港商法國興業,2024-10-29,1570
6669,緯穎,6,1,5,港商法國興業,2024-10-29,1570
2498,宏達電,4,0,4,港商法國興業,2024-10-29,1570
3533,嘉澤,4,0,4,港商法國興業,2024-10-29,1570
6488,環球晶,4,0,4,港商法國興業,2024-10-29,1570
4572,駐龍,3,0,3,港商法國興業,2024-10-29,1570
6121,新普,3,0,3,港商法國興業,2024-10-29,1570
9938,百和,3,0,3,港商法國興業,2024-10-29,1570
1808,潤隆,2,0,2,港商法國興業,2024-10-29,1570
2379,瑞昱,2,0,2,港商法國興業,2024-10-29,1570
3131,弘塑,2,0,2,港商法國興業,2024-10-29,1570
2317,鴻海,287,0,287,港商法國興業,2024-10-30,1570
2618,長榮航,135,0,135,港商法國興業,2024-10-30,1570
2905,三商,72,0,72,港商法國興業,2024-10-30,1570
1718,中纖,66,0,66,港商法國興業,2024-10-30,1570
2883,凱基金,53,0,53,港商法國興業,2024-10-30,1570
1710,東聯,50,0,50,港商法國興業,2024-10-30,1570
2845,遠東銀,45,0,45,港商法國興業,2024-10-30,1570
2301,光寶科,44,5,39,港商法國興業,2024-10-30,1570
2542,興富發,38,0,38,港商法國興業,2024-10-30,1570
2458,義隆,35,0,35,港商法國興業,2024-10-30,1570
2323,中環,30,0,30,港商法國興業,2024-10-30,1570
2344,華邦電,29,0,29,港商法國興業,2024-10-30,1570
6177,達麗,29,0,29,港商法國興業,2024-10-30,1570
2454,聯發科,35,7,28,港商法國興業,2024-10-30,1570
6138,茂達,27,0,27,港商法國興業,2024-10-30,1570
2357,華碩,26,0,26,港商法國興業,2024-10-30,1570
2481,強茂,24,0,24,港商法國興業,2024-10-30,1570
2465,麗臺,22,0,22,港商法國興業,2024-10-30,1570
2409,友達,18,0,18,港商法國興業,2024-10-30,1570
9941,裕融,18,0,18,港商法國興業,2024-10-30,1570
3264,欣銓,17,0,17,港商法國興業,2024-10-30,1570
2379,瑞昱,15,0,15,港商法國興業,2024-10-30,1570
9917,中保科,15,0,15,港商法國興業,2024-10-30,1570
2211,長榮鋼,14,0,14,港商法國興業,2024-10-30,1570
2915,潤泰全,13,0,13,港商法國興業,2024-10-30,1570
3450,聯鈞,13,0,13,港商法國興業,2024-10-30,1570
6143,振曜,13,0,13,港商法國興業,2024-10-30,1570
6456,GIS-KY,13,0,13,港商法國興業,2024-10-30,1570
3324,雙鴻,12,0,12,港商法國興業,2024-10-30,1570
3325,旭品,10,0,10,港商法國興業,2024-10-30,1570
6546,正基,10,0,10,港商法國興業,2024-10-30,1570
8016,矽創,10,0,10,港商法國興業,2024-10-30,1570
1303,南亞,8,0,8,港商法國興業,2024-10-30,1570
1473,台南,8,0,8,港商法國興業,2024-10-30,1570
1615,大山,6,0,6,港商法國興業,2024-10-30,1570
2207,和泰車,6,0,6,港商法國興業,2024-10-30,1570
2404,漢唐,6,0,6,港商法國興業,2024-10-30,1570
2723,美食-KY,6,0,6,港商法國興業,2024-10-30,1570
3026,禾伸堂,6,0,6,港商法國興業,2024-10-30,1570
4906,正文,6,0,6,港商法國興業,2024-10-30,1570
5469,瀚宇博,6,0,6,港商法國興業,2024-10-30,1570
5871,中租-KY,6,0,6,港商法國興業,2024-10-30,1570
6205,詮欣,6,0,6,港商法國興業,2024-10-30,1570
6664,群翊,6,0,6,港商法國興業,2024-10-30,1570
2303,聯電,5,0,5,港商法國興業,2024-10-30,1570
2449,京元電子,5,0,5,港商法國興業,2024-10-30,1570
3008,大立光,5,0,5,港商法國興業,2024-10-30,1570
3045,台灣大,5,0,5,港商法國興業,2024-10-30,1570
1785,光洋科,4,0,4,港商法國興業,2024-10-30,1570
2881,富邦金,4,0,4,港商法國興業,2024-10-30,1570
2618,長榮航,2863,7,2856,港商法國興業,2024-11-01,1570
2332,友訊,215,0,215,港商法國興業,2024-11-01,1570
3704,合勤控,136,0,136,港商法國興業,2024-11-01,1570
2308,台達電,292,174,118,港商法國興業,2024-11-01,1570
2603,長榮,107,1,106,港商法國興業,2024-11-01,1570
2542,興富發,136,37,99,港商法國興業,2024-11-01,1570
2027,大成鋼,97,0,97,港商法國興業,2024-11-01,1570
2330,台積電,103,29,74,港商法國興業,2024-11-01,1570
1785,光洋科,69,0,69,港商法國興業,2024-11-01,1570
1736,喬山,65,4,61,港商法國興業,2024-11-01,1570
3481,群創,56,6,50,港商法國興業,2024-11-01,1570
2915,潤泰全,49,0,49,港商法國興業,2024-11-01,1570
2455,全新,47,0,47,港商法國興業,2024-11-01,1570
3576,聯合再生,47,0,47,港商法國興業,2024-11-01,1570
2211,長榮鋼,38,0,38,港商法國興業,2024-11-01,1570
2882,國泰金,50,18,32,港商法國興業,2024-11-01,1570
4938,和碩,36,5,31,港商法國興業,2024-11-01,1570
2344,華邦電,27,0,27,港商法國興業,2024-11-01,1570
1723,中碳,23,0,23,港商法國興業,2024-11-01,1570
9917,中保科,21,0,21,港商法國興業,2024-11-01,1570
2481,強茂,15,0,15,港商法國興業,2024-11-01,1570
5388,中磊,15,0,15,港商法國興業,2024-11-01,1570
9914,美利達,14,0,14,港商法國興業,2024-11-01,1570
6415,矽力*-KY,13,0,13,港商法國興業,2024-11-01,1570
1519,華城,10,0,10,港商法國興業,2024-11-01,1570
3017,奇鋐,18,9,9,港商法國興業,2024-11-01,1570
3152,璟德,11,2,9,港商法國興業,2024-11-01,1570
3380,明泰,9,0,9,港商法國興業,2024-11-01,1570
6138,茂達,9,0,9,港商法國興業,2024-11-01,1570
9941,裕融,7,0,7,港商法國興業,2024-11-01,1570
2034,允強,6,0,6,港商法國興業,2024-11-01,1570
2357,華碩,6,0,6,港商法國興業,2024-11-01,1570
2605,新興,6,0,6,港商法國興業,2024-11-01,1570
5469,瀚宇博,6,0,6,港商法國興業,2024-11-01,1570
6143,振曜,6,0,6,港商法國興業,2024-11-01,1570
8464,億豐,6,0,6,港商法國興業,2024-11-01,1570
1711,永光,5,0,5,港商法國興業,2024-11-01,1570
2301,光寶科,9,4,5,港商法國興業,2024-11-01,1570
2352,佳世達,5,0,5,港商法國興業,2024-11-01,1570
6120,達運,5,0,5,港商法國興業,2024-11-01,1570
9105,泰金寶-DR,5,0,5,港商法國興業,2024-11-01,1570
2023,燁輝,4,0,4,港商法國興業,2024-11-01,1570
2809,京城銀,4,0,4,港商法國興業,2024-11-01,1570
2892,第一金,28,24,4,港商法國興業,2024-11-01,1570
3362,先進光,4,0,4,港商法國興業,2024-11-01,1570
3450,聯鈞,4,0,4,港商法國興業,2024-11-01,1570
3663,鑫科,4,0,4,港商法國興業,2024-11-01,1570
4743,合一,4,0,4,港商法國興業,2024-11-01,1570
8016,矽創,4,0,4,港商法國興業,2024-11-01,1570
8422,可寧衛,4,0,4,港商法國興業,2024-11-01,1570
1605,華新,259,0,259,港商法國興業,2024-11-04,1570
3450,聯鈞,210,0,210,港商法國興業,2024-11-04,1570
2883,凱基金,194,4,190,港商法國興業,2024-11-04,1570
1307,三芳,139,0,139,港商法國興業,2024-11-04,1570
2618,長榮航,106,0,106,港商法國興業,2024-11-04,1570
2603,長榮,70,0,70,港商法國興業,2024-11-04,1570
2363,矽統,53,0,53,港商法國興業,2024-11-04,1570
3704,合勤控,50,0,50,港商法國興業,2024-11-04,1570
2303,聯電,42,3,39,港商法國興業,2024-11-04,1570
2481,強茂,33,0,33,港商法國興業,2024-11-04,1570
3481,群創,33,0,33,港商法國興業,2024-11-04,1570
2539,櫻花建,32,0,32,港商法國興業,2024-11-04,1570
4743,合一,30,0,30,港商法國興業,2024-11-04,1570
6525,捷敏-KY,28,0,28,港商法國興業,2024-11-04,1570
2211,長榮鋼,27,0,27,港商法國興業,2024-11-04,1570
9945,潤泰新,25,0,25,港商法國興業,2024-11-04,1570
2352,佳世達,21,0,21,港商法國興業,2024-11-04,1570
2330,台積電,23,2,21,港商法國興業,2024-11-04,1570
2458,義隆,18,0,18,港商法國興業,2024-11-04,1570
2206,三陽工業,15,0,15,港商法國興業,2024-11-04,1570
3380,明泰,14,0,14,港商法國興業,2024-11-04,1570
9941,裕融,12,0,12,港商法國興業,2024-11-04,1570
1786,科妍,11,0,11,港商法國興業,2024-11-04,1570
2436,偉詮電,10,0,10,港商法國興業,2024-11-04,1570
6231,系微,10,0,10,港商法國興業,2024-11-04,1570
8039,台虹,10,0,10,港商法國興業,2024-11-04,1570
2727,王品,9,0,9,港商法國興業,2024-11-04,1570
3661,世芯-KY,10,1,9,港商法國興業,2024-11-04,1570
6613,朋億*,9,0,9,港商法國興業,2024-11-04,1570
2426,鼎元,8,0,8,港商法國興業,2024-11-04,1570
3362,先進光,8,0,8,港商法國興業,2024-11-04,1570
4938,和碩,8,0,8,港商法國興業,2024-11-04,1570
2207,和泰車,7,0,7,港商法國興業,2024-11-04,1570
2376,技嘉,7,0,7,港商法國興業,2024-11-04,1570
6664,群翊,7,0,7,港商法國興業,2024-11-04,1570
6224,聚鼎,6,0,6,港商法國興業,2024-11-04,1570
6712,長聖,6,0,6,港商法國興業,2024-11-04,1570
6120,達運,5,0,5,港商法國興業,2024-11-04,1570
2408,南亞科,4,0,4,港商法國興業,2024-11-04,1570
6125,廣運,4,0,4,港商法國興業,2024-11-04,1570
6546,正基,4,0,4,港商法國興業,2024-11-04,1570
9917,中保科,4,0,4,港商法國興業,2024-11-04,1570
2062,橋椿,3,0,3,港商法國興業,2024-11-04,1570
1316,上曜,3,0,3,港商法國興業,2024-11-04,1570
2388,威盛,3,0,3,港商法國興業,2024-11-04,1570
3008,大立光,3,0,3,港商法國興業,2024-11-04,1570
3708,上緯投控,3,0,3,港商法國興業,2024-11-04,1570
6138,茂達,3,0,3,港商法國興業,2024-11-04,1570
9933,中鼎,3,0,3,港商法國興業,2024-11-04,1570
6415,矽力*-KY,2,0,2,港商法國興業,2024-11-04,1570
2312,金寶,709,0,709,港商法國興業,2024-11-05,1570
2409,友達,289,0,289,港商法國興業,2024-11-05,1570
1605,華新,199,0,199,港商法國興業,2024-11-05,1570
2303,聯電,97,0,97,港商法國興業,2024-11-05,1570
2905,三商,89,0,89,港商法國興業,2024-11-05,1570
2301,光寶科,79,0,79,港商法國興業,2024-11-05,1570
2727,王品,69,0,69,港商法國興業,2024-11-05,1570
5876,上海商銀,59,0,59,港商法國興業,2024-11-05,1570
3035,智原,48,0,48,港商法國興業,2024-11-05,1570
9105,泰金寶-DR,46,1,45,港商法國興業,2024-11-05,1570
6531,愛普*,41,0,41,港商法國興業,2024-11-05,1570
0050,元大台灣50,38,0,38,港商法國興業,2024-11-05,1570
2481,強茂,38,0,38,港商法國興業,2024-11-05,1570
2388,威盛,35,0,35,港商法國興業,2024-11-05,1570
3293,鈊象,35,0,35,港商法國興業,2024-11-05,1570
2458,義隆,34,0,34,港商法國興業,2024-11-05,1570
4958,臻鼎-KY,29,0,29,港商法國興業,2024-11-05,1570
6525,捷敏-KY,26,0,26,港商法國興業,2024-11-05,1570
2408,南亞科,25,4,21,港商法國興業,2024-11-05,1570
2208,台船,20,0,20,港商法國興業,2024-11-05,1570
2353,宏��,20,0,20,港商法國興業,2024-11-05,1570
6275,元山,20,0,20,港商法國興業,2024-11-05,1570
9941,裕融,20,0,20,港商法國興業,2024-11-05,1570
2211,長榮鋼,20,1,19,港商法國興業,2024-11-05,1570
2420,新巨,18,0,18,港商法國興業,2024-11-05,1570
6120,達運,18,0,18,港商法國興業,2024-11-05,1570
2206,三陽工業,15,0,15,港商法國興業,2024-11-05,1570
4743,合一,15,0,15,港商法國興業,2024-11-05,1570
6223,旺矽,13,0,13,港商法國興業,2024-11-05,1570
4714,永捷,10,0,10,港商法國興業,2024-11-05,1570
8039,台虹,10,1,9,港商法國興業,2024-11-05,1570
5871,中租-KY,16,8,8,港商法國興業,2024-11-05,1570
3704,合勤控,8,0,8,港商法國興業,2024-11-05,1570
6664,群翊,8,0,8,港商法國興業,2024-11-05,1570
2539,櫻花建,8,1,7,港商法國興業,2024-11-05,1570
5371,中光電,7,0,7,港商法國興業,2024-11-05,1570
2337,旺宏,6,0,6,港商法國興業,2024-11-05,1570
6224,聚鼎,6,0,6,港商法國興業,2024-11-05,1570
1815,富喬,5,0,5,港商法國興業,2024-11-05,1570
8464,億豐,5,0,5,港商法國興業,2024-11-05,1570
2891,中信金,50,46,4,港商法國興業,2024-11-05,1570
6613,朋億*,4,0,4,港商法國興業,2024-11-05,1570
8076,伍豐,4,0,4,港商法國興業,2024-11-05,1570
2331,精英,3,0,3,港商法國興業,2024-11-05,1570
3587,閎康,3,0,3,港商法國興業,2024-11-05,1570
3708,上緯投控,3,0,3,港商法國興業,2024-11-05,1570
4572,駐龍,3,0,3,港商法國興業,2024-11-05,1570
6104,創惟,3,0,3,港商法國興業,2024-11-05,1570
6231,系微,3,0,3,港商法國興業,2024-11-05,1570
6263,普萊德,3,0,3,港商法國興業,2024-11-05,1570
2409,友達,1662,0,1662,港商法國興業,2024-11-06,1570
2312,金寶,965,0,965,港商法國興業,2024-11-06,1570
2317,鴻海,934,2,932,港商法國興業,2024-11-06,1570
2892,第一金,440,0,440,港商法國興業,2024-11-06,1570
1101,台泥,364,6,358,港商法國興業,2024-11-06,1570
2301,光寶科,176,3,173,港商法國興業,2024-11-06,1570
2356,英業達,133,0,133,港商法國興業,2024-11-06,1570
9904,寶成,131,0,131,港商法國興業,2024-11-06,1570
1102,亞泥,93,5,88,港商法國興業,2024-11-06,1570
2481,強茂,59,0,59,港商法國興業,2024-11-06,1570
2633,台灣高鐵,56,0,56,港商法國興業,2024-11-06,1570
2337,旺宏,53,0,53,港商法國興業,2024-11-06,1570
2605,新興,48,0,48,港商法國興業,2024-11-06,1570
6282,康舒,42,0,42,港商法國興業,2024-11-06,1570
2618,長榮航,39,0,39,港商法國興業,2024-11-06,1570
8039,台虹,33,0,33,港商法國興業,2024-11-06,1570
1303,南亞,31,0,31,港商法國興業,2024-11-06,1570
2498,宏達電,30,0,30,港商法國興業,2024-11-06,1570
3596,智易,29,0,29,港商法國興業,2024-11-06,1570
4142,國光生,29,0,29,港商法國興業,2024-11-06,1570
1210,大成,28,0,28,港商法國興業,2024-11-06,1570
2727,王品,27,0,27,港商法國興業,2024-11-06,1570
6120,達運,27,0,27,港商法國興業,2024-11-06,1570
2324,仁寶,40,14,26,港商法國興業,2024-11-06,1570
2458,義隆,26,0,26,港商法國興業,2024-11-06,1570
2332,友訊,25,0,25,港商法國興業,2024-11-06,1570
4906,正文,22,0,22,港商法國興業,2024-11-06,1570
4938,和碩,21,0,21,港商法國興業,2024-11-06,1570
8076,伍豐,21,0,21,港商法國興業,2024-11-06,1570
2637,慧洋-KY,20,0,20,港商法國興業,2024-11-06,1570
2524,京城,17,0,17,港商法國興業,2024-11-06,1570
3704,合勤控,17,0,17,港商法國興業,2024-11-06,1570
4919,新唐,17,0,17,港商法國興業,2024-11-06,1570
5388,中磊,16,0,16,港商法國興業,2024-11-06,1570
3563,牧德,14,0,14,港商法國興業,2024-11-06,1570
2762,世界健身-KY,13,0,13,港商法國興業,2024-11-06,1570
6285,啟��,13,0,13,港商法國興業,2024-11-06,1570
6613,朋億*,13,0,13,港商法國興業,2024-11-06,1570
9941,裕融,13,0,13,港商法國興業,2024-11-06,1570
5234,達興材料,12,0,12,港商法國興業,2024-11-06,1570
6799,來頡,12,0,12,港商法國興業,2024-11-06,1570
3380,明泰,11,0,11,港商法國興業,2024-11-06,1570
3481,群創,11,0,11,港商法國興業,2024-11-06,1570
3661,世芯-KY,11,0,11,港商法國興業,2024-11-06,1570
5876,上海商銀,11,0,11,港商法國興業,2024-11-06,1570
9802,鈺齊-KY,11,0,11,港商法國興業,2024-11-06,1570
5243,乙盛-KY,10,0,10,港商法國興業,2024-11-06,1570
6196,帆宣,10,0,10,港商法國興業,2024-11-06,1570
2420,新巨,9,0,9,港商法國興業,2024-11-06,1570
2455,全新,9,0,9,港商法國興業,2024-11-06,1570
2610,華航,500,36,464,港商法國興業,2024-11-07,1570
9105,泰金寶-DR,293,0,293,港商法國興業,2024-11-07,1570
1536,和大,179,0,179,港商法國興業,2024-11-07,1570
2727,王品,105,0,105,港商法國興業,2024-11-07,1570
3711,日月光投控,87,0,87,港商法國興業,2024-11-07,1570
2331,精英,76,0,76,港商法國興業,2024-11-07,1570
3380,明泰,71,0,71,港商法國興業,2024-11-07,1570
1785,光洋科,55,0,55,港商法國興業,2024-11-07,1570
2208,台船,48,0,48,港商法國興業,2024-11-07,1570
1402,遠東新,53,6,47,港商法國興業,2024-11-07,1570
4142,國光生,41,0,41,港商法國興業,2024-11-07,1570
2404,漢唐,37,0,37,港商法國興業,2024-11-07,1570
3596,智易,29,0,29,港商法國興業,2024-11-07,1570
6668,中揚光,29,0,29,港商法國興業,2024-11-07,1570
8076,伍豐,28,0,28,港商法國興業,2024-11-07,1570
2409,友達,26,0,26,港商法國興業,2024-11-07,1570
2388,威盛,24,0,24,港商法國興業,2024-11-07,1570
9945,潤泰新,22,0,22,港商法國興業,2024-11-07,1570
2890,永豐金,69,49,20,港商法國興業,2024-11-07,1570
2023,燁輝,18,0,18,港商法國興業,2024-11-07,1570
2548,華固,16,0,16,港商法國興業,2024-11-07,1570
3481,群創,16,0,16,港商法國興業,2024-11-07,1570
6125,廣運,16,0,16,港商法國興業,2024-11-07,1570
4164,承業醫,15,0,15,港商法國興業,2024-11-07,1570
3530,晶相光,14,0,14,港商法國興業,2024-11-07,1570
9958,世紀鋼,12,0,12,港商法國興業,2024-11-07,1570
3014,聯陽,11,0,11,港商法國興業,2024-11-07,1570
3130,一零四,10,0,10,港商法國興業,2024-11-07,1570
5258,虹堡,9,0,9,港商法國興業,2024-11-07,1570
6120,達運,9,0,9,港商法國興業,2024-11-07,1570
2481,強茂,8,0,8,港商法國興業,2024-11-07,1570
6196,帆宣,8,0,8,港商法國興業,2024-11-07,1570
1476,儒鴻,7,0,7,港商法國興業,2024-11-07,1570
2524,京城,7,0,7,港商法國興業,2024-11-07,1570
3034,聯詠,7,0,7,港商法國興業,2024-11-07,1570
3704,合勤控,7,0,7,港商法國興業,2024-11-07,1570
5388,中磊,7,0,7,港商法國興業,2024-11-07,1570
5469,瀚宇博,6,0,6,港商法國興業,2024-11-07,1570
5876,上海商銀,5,0,5,港商法國興業,2024-11-07,1570
6263,普萊德,5,0,5,港商法國興業,2024-11-07,1570
6664,群翊,5,0,5,港商法國興業,2024-11-07,1570
1786,科妍,4,0,4,港商法國興業,2024-11-07,1570
2636,台驊控股,4,0,4,港商法國興業,2024-11-07,1570
3661,世芯-KY,4,0,4,港商法國興業,2024-11-07,1570
2762,世界健身-KY,3,0,3,港商法國興業,2024-11-07,1570
4572,駐龍,3,0,3,港商法國興業,2024-11-07,1570
6231,系微,3,0,3,港商法國興業,2024-11-07,1570
6275,元山,3,0,3,港商法國興業,2024-11-07,1570
2211,長榮鋼,2,0,2,港商法國興業,2024-11-07,1570
2542,興富發,2,0,2,港商法國興業,2024-11-07,1570
1605,華新,1932,0,1932,港商法國興業,2024-11-08,1570
4958,臻鼎-KY,645,2,643,港商法國興業,2024-11-08,1570
2884,玉山金,298,0,298,港商法國興業,2024-11-08,1570
2886,兆豐金,207,0,207,港商法國興業,2024-11-08,1570
1301,台塑,171,0,171,港商法國興業,2024-11-08,1570
2892,第一金,142,0,142,港商法國興業,2024-11-08,1570
3324,雙鴻,104,0,104,港商法國興業,2024-11-08,1570
5876,上海商銀,100,0,100,港商法國興業,2024-11-08,1570
9917,中保科,86,0,86,港商法國興業,2024-11-08,1570
2542,興富發,82,7,75,港商法國興業,2024-11-08,1570
3576,聯合再生,66,0,66,港商法國興業,2024-11-08,1570
1504,東元,60,0,60,港商法國興業,2024-11-08,1570
3035,智原,55,0,55,港商法國興業,2024-11-08,1570
2308,台達電,116,74,42,港商法國興業,2024-11-08,1570
2301,光寶科,28,0,28,港商法國興業,2024-11-08,1570
2206,三陽工業,24,0,24,港商法國興業,2024-11-08,1570
8076,伍豐,24,0,24,港商法國興業,2024-11-08,1570
2887,台新金,23,0,23,港商法國興業,2024-11-08,1570
6592,和潤企業,23,0,23,港商法國興業,2024-11-08,1570
2617,台航,22,0,22,港商法國興業,2024-11-08,1570
6120,達運,19,0,19,港商法國興業,2024-11-08,1570
2548,華固,15,0,15,港商法國興業,2024-11-08,1570
3711,日月光投控,15,0,15,港商法國興業,2024-11-08,1570
2023,燁輝,12,0,12,港商法國興業,2024-11-08,1570
9945,潤泰新,12,0,12,港商法國興業,2024-11-08,1570
8016,矽創,11,0,11,港商法國興業,2024-11-08,1570
3580,友威科,10,0,10,港商法國興業,2024-11-08,1570
3596,智易,9,0,9,港商法國興業,2024-11-08,1570
1786,科妍,8,0,8,港商法國興業,2024-11-08,1570
5483,中美晶,8,0,8,港商法國興業,2024-11-08,1570
1519,華城,7,0,7,港商法國興業,2024-11-08,1570
9941,裕融,7,0,7,港商法國興業,2024-11-08,1570
1416,廣豐,6,0,6,港商法國興業,2024-11-08,1570
3587,閎康,6,0,6,港商法國興業,2024-11-08,1570
4919,新唐,6,0,6,港商法國興業,2024-11-08,1570
3060,銘異,5,0,5,港商法國興業,2024-11-08,1570
8464,億豐,5,0,5,港商法國興業,2024-11-08,1570
1451,年興,4,0,4,港商法國興業,2024-11-08,1570
2347,聯強,4,0,4,港商法國興業,2024-11-08,1570
3034,聯詠,4,0,4,港商法國興業,2024-11-08,1570
5469,瀚宇博,4,0,4,港商法國興業,2024-11-08,1570
4174,浩鼎,3,0,3,港商法國興業,2024-11-08,1570
6223,旺矽,3,0,3,港商法國興業,2024-11-08,1570
3218,大學光,2,0,2,港商法國興業,2024-11-08,1570
3529,力旺,2,0,2,港商法國興業,2024-11-08,1570
8069,元太,2,0,2,港商法國興業,2024-11-08,1570
8114,振樺電,5,3,2,港商法國興業,2024-11-08,1570
2421,建準,1,0,1,港商法國興業,2024-11-08,1570
6176,瑞儀,1,0,1,港商法國興業,2024-11-08,1570
8039,台虹,1,0,1,港商法國興業,2024-11-08,1570
1402,遠東新,306,0,306,港商法國興業,2024-11-11,1570
2891,中信金,128,0,128,港商法國興業,2024-11-11,1570
2883,凱基金,123,0,123,港商法國興業,2024-11-11,1570
3576,聯合再生,116,0,116,港商法國興業,2024-11-11,1570
2887,台新金,148,34,114,港商法國興業,2024-11-11,1570
5871,中租-KY,94,0,94,港商法國興業,2024-11-11,1570
9917,中保科,88,0,88,港商法國興業,2024-11-11,1570
8069,元太,60,0,60,港商法國興業,2024-11-11,1570
6120,達運,57,0,57,港商法國興業,2024-11-11,1570
4938,和碩,52,0,52,港商法國興業,2024-11-11,1570
8076,伍豐,46,0,46,港商法國興業,2024-11-11,1570
2882,國泰金,127,86,41,港商法國興業,2024-11-11,1570
2542,興富發,36,0,36,港商法國興業,2024-11-11,1570
2027,大成鋼,33,0,33,港商法國興業,2024-11-11,1570
2408,南亞科,32,0,32,港商法國興業,2024-11-11,1570
1504,東元,28,0,28,港商法國興業,2024-11-11,1570
2881,富邦金,26,0,26,港商法國興業,2024-11-11,1570
6196,帆宣,23,0,23,港商法國興業,2024-11-11,1570
9941,裕融,19,0,19,港商法國興業,2024-11-11,1570
8927,北基,19,1,18,港商法國興業,2024-11-11,1570
3023,信邦,14,0,14,港商法國興業,2024-11-11,1570
2606,裕民,12,0,12,港商法國興業,2024-11-11,1570
2890,永豐金,11,0,11,港商法國興業,2024-11-11,1570
6415,矽力*-KY,10,0,10,港商法國興業,2024-11-11,1570
9958,世紀鋼,9,0,9,港商法國興業,2024-11-11,1570
3711,日月光投控,8,0,8,港商法國興業,2024-11-11,1570
2454,聯發科,7,0,7,港商法國興業,2024-11-11,1570
6546,正基,7,0,7,港商法國興業,2024-11-11,1570
2228,劍麟,6,0,6,港商法國興業,2024-11-11,1570
2395,研華,6,0,6,港商法國興業,2024-11-11,1570
8464,億豐,6,0,6,港商法國興業,2024-11-11,1570
1303,南亞,5,0,5,港商法國興業,2024-11-11,1570
1605,華新,5,0,5,港商法國興業,2024-11-11,1570
5403,中菲,5,0,5,港商法國興業,2024-11-11,1570
2486,一詮,4,0,4,港商法國興業,2024-11-11,1570
3035,智原,4,0,4,港商法國興業,2024-11-11,1570
5469,瀚宇博,4,0,4,港商法國興業,2024-11-11,1570
9802,鈺齊-KY,4,0,4,港商法國興業,2024-11-11,1570
2404,漢唐,3,0,3,港商法國興業,2024-11-11,1570
2317,鴻海,3,0,3,港商法國興業,2024-11-11,1570
2347,聯強,3,0,3,港商法國興業,2024-11-11,1570
1785,光洋科,3,0,3,港商法國興業,2024-11-11,1570
3218,大學光,3,0,3,港商法國興業,2024-11-11,1570
1808,潤隆,2,0,2,港商法國興業,2024-11-11,1570
3034,聯詠,2,0,2,港商法國興業,2024-11-11,1570
3231,緯創,2,0,2,港商法國興業,2024-11-11,1570
3596,智易,2,0,2,港商法國興業,2024-11-11,1570
6712,長聖,2,0,2,港商法國興業,2024-11-11,1570
2308,台達電,1,0,1,港商法國興業,2024-11-11,1570
3529,力旺,1,0,1,港商法國興業,2024-11-11,1570
2915,潤泰全,519,0,519,港商法國興業,2024-11-12,1570
3481,群創,306,0,306,港商法國興業,2024-11-12,1570
1504,東元,207,0,207,港商法國興業,2024-11-12,1570
2308,台達電,179,0,179,港商法國興業,2024-11-12,1570
2601,益航,160,0,160,港商法國興業,2024-11-12,1570
9904,寶成,160,0,160,港商法國興業,2024-11-12,1570
8069,元太,82,0,82,港商法國興業,2024-11-12,1570
1303,南亞,81,0,81,港商法國興業,2024-11-12,1570
2409,友達,70,0,70,港商法國興業,2024-11-12,1570
5469,瀚宇博,58,0,58,港商法國興業,2024-11-12,1570
2548,華固,53,0,53,港商法國興業,2024-11-12,1570
2892,第一金,53,0,53,港商法國興業,2024-11-12,1570
8044,網家,53,0,53,港商法國興業,2024-11-12,1570
5483,中美晶,44,0,44,港商法國興業,2024-11-12,1570
4714,永捷,41,0,41,港商法國興業,2024-11-12,1570
3034,聯詠,38,0,38,港商法國興業,2024-11-12,1570
2206,三陽工業,34,0,34,港商法國興業,2024-11-12,1570
1307,三芳,29,0,29,港商法國興業,2024-11-12,1570
4743,合一,29,0,29,港商法國興業,2024-11-12,1570
6125,廣運,29,0,29,港商法國興業,2024-11-12,1570
9933,中鼎,28,0,28,港商法國興業,2024-11-12,1570
5213,亞昕,26,0,26,港商法國興業,2024-11-12,1570
2539,櫻花建,21,0,21,港商法國興業,2024-11-12,1570
6781,AES-KY,21,1,20,港商法國興業,2024-11-12,1570
2352,佳世達,19,0,19,港商法國興業,2024-11-12,1570
8076,伍豐,17,0,17,港商法國興業,2024-11-12,1570
2412,中華電,19,3,16,港商法國興業,2024-11-12,1570
5388,中磊,27,12,15,港商法國興業,2024-11-12,1570
6224,聚鼎,15,0,15,港商法國興業,2024-11-12,1570
4938,和碩,14,0,14,港商法國興業,2024-11-12,1570
6120,達運,14,0,14,港商法國興業,2024-11-12,1570
8114,振樺電,14,0,14,港商法國興業,2024-11-12,1570
3416,融程電,13,0,13,港商法國興業,2024-11-12,1570
5371,中光電,13,0,13,港商法國興業,2024-11-12,1570
1808,潤隆,12,0,12,港商法國興業,2024-11-12,1570
9958,世紀鋼,12,0,12,港商法國興業,2024-11-12,1570
2301,光寶科,10,0,10,港商法國興業,2024-11-12,1570
2395,研華,10,0,10,港商法國興業,2024-11-12,1570
2353,宏��,9,0,9,港商法國興業,2024-11-12,1570
2207,和泰車,9,0,9,港商法國興業,2024-11-12,1570
2524,京城,8,0,8,港商法國興業,2024-11-12,1570
2542,興富發,28,20,8,港商法國興業,2024-11-12,1570
3529,力旺,7,0,7,港商法國興業,2024-11-12,1570
6263,普萊德,6,0,6,港商法國興業,2024-11-12,1570
6509,聚和,5,0,5,港商法國興業,2024-11-12,1570
2104,國際中橡,4,0,4,港商法國興業,2024-11-12,1570
4572,駐龍,4,0,4,港商法國興業,2024-11-12,1570
6143,振曜,4,0,4,港商法國興業,2024-11-12,1570
9802,鈺齊-KY,4,0,4,港商法國興業,2024-11-12,1570
1326,台化,3,0,3,港商法國興業,2024-11-12,1570
2603,長榮,532,3,529,港商法國興業,2024-11-13,1570
2308,台達電,460,0,460,港商法國興業,2024-11-13,1570
2618,長榮航,473,14,459,港商法國興業,2024-11-13,1570
4977,眾達-KY,454,0,454,港商法國興業,2024-11-13,1570
2610,華航,440,19,421,港商法國興業,2024-11-13,1570
2891,中信金,394,34,360,港商法國興業,2024-11-13,1570
9105,泰金寶-DR,340,0,340,港商法國興業,2024-11-13,1570
2881,富邦金,274,14,260,港商法國興業,2024-11-13,1570
1504,東元,256,0,256,港商法國興業,2024-11-13,1570
2606,裕民,256,0,256,港商法國興業,2024-11-13,1570
8028,昇陽半導體,234,0,234,港商法國興業,2024-11-13,1570
2892,第一金,229,15,214,港商法國興業,2024-11-13,1570
1101,台泥,198,5,193,港商法國興業,2024-11-13,1570
2886,兆豐金,203,17,186,港商法國興業,2024-11-13,1570
3231,緯創,174,0,174,港商法國興業,2024-11-13,1570
1708,東鹼,172,0,172,港商法國興業,2024-11-13,1570
1795,美時,156,0,156,港商法國興業,2024-11-13,1570
8249,菱光,141,0,141,港商法國興業,2024-11-13,1570
2105,正新,130,0,130,港商法國興業,2024-11-13,1570
5315,光聯,123,0,123,港商法國興業,2024-11-13,1570
1402,遠東新,129,7,122,港商法國興業,2024-11-13,1570
3025,星通,116,0,116,港商法國興業,2024-11-13,1570
2395,研華,94,0,94,港商法國興業,2024-11-13,1570
8097,常珵,83,0,83,港商法國興業,2024-11-13,1570
3450,聯鈞,79,0,79,港商法國興業,2024-11-13,1570
1727,中華化,77,0,77,港商法國興業,2024-11-13,1570
3023,信邦,71,0,71,港商法國興業,2024-11-13,1570
3711,日月光投控,69,0,69,港商法國興業,2024-11-13,1570
6859,伯特光,67,0,67,港商法國興業,2024-11-13,1570
4714,永捷,53,0,53,港商法國興業,2024-11-13,1570
3447,展達,51,0,51,港商法國興業,2024-11-13,1570
3605,宏致,51,0,51,港商法國興業,2024-11-13,1570
4938,和碩,48,0,48,港商法國興業,2024-11-13,1570
6510,精測,44,0,44,港商法國興業,2024-11-13,1570
2376,技嘉,39,0,39,港商法國興業,2024-11-13,1570
2302,麗正,39,0,39,港商法國興業,2024-11-13,1570
2762,世界健身-KY,36,0,36,港商法國興業,2024-11-13,1570
2049,上銀,33,0,33,港商法國興業,2024-11-13,1570
2347,聯強,32,0,32,港商法國興業,2024-11-13,1570
2357,華碩,31,0,31,港商法國興業,2024-11-13,1570
3013,晟銘電,28,0,28,港商法國興業,2024-11-13,1570
4545,銘鈺,28,0,28,港商法國興業,2024-11-13,1570
6438,迅得,27,0,27,港商法國興業,2024-11-13,1570
2206,三陽工業,26,0,26,港商法國興業,2024-11-13,1570
1605,華新,26,0,26,港商法國興業,2024-11-13,1570
3533,嘉澤,25,0,25,港商法國興業,2024-11-13,1570
4979,華星光,23,0,23,港商法國興業,2024-11-13,1570
5388,中磊,23,0,23,港商法國興業,2024-11-13,1570
6283,淳安,23,0,23,港商法國興業,2024-11-13,1570
1608,華榮,22,0,22,港商法國興業,2024-11-13,1570
2891,中信金,1421,51,1370,港商法國興業,2024-11-14,1570
9105,泰金寶-DR,1213,0,1213,港商法國興業,2024-11-14,1570
2312,金寶,1206,0,1206,港商法國興業,2024-11-14,1570
1101,台泥,804,0,804,港商法國興業,2024-11-14,1570
2606,裕民,728,0,728,港商法國興業,2024-11-14,1570
9904,寶成,695,0,695,港商法國興業,2024-11-14,1570
2603,長榮,617,5,612,港商法國興業,2024-11-14,1570
3712,永崴投控,541,0,541,港商法國興業,2024-11-14,1570
3706,神達,482,0,482,港商法國興業,2024-11-14,1570
2308,台達電,463,0,463,港商法國興業,2024-11-14,1570
2880,華南金,337,0,337,港商法國興業,2024-11-14,1570
1795,美時,257,0,257,港商法國興業,2024-11-14,1570
2357,華碩,219,0,219,港商法國興業,2024-11-14,1570
2317,鴻海,166,0,166,港商法國興業,2024-11-14,1570
2610,華航,191,33,158,港商法國興業,2024-11-14,1570
8069,元太,154,0,154,港商法國興業,2024-11-14,1570
2504,國產,151,0,151,港商法國興業,2024-11-14,1570
2609,陽明,132,0,132,港商法國興業,2024-11-14,1570
8097,常珵,129,0,129,港商法國興業,2024-11-14,1570
2324,仁寶,115,0,115,港商法國興業,2024-11-14,1570
6438,迅得,97,0,97,港商法國興業,2024-11-14,1570
6859,伯特光,92,0,92,港商法國興業,2024-11-14,1570
3711,日月光投控,91,0,91,港商法國興業,2024-11-14,1570
4938,和碩,92,4,88,港商法國興業,2024-11-14,1570
4714,永捷,76,0,76,港商法國興業,2024-11-14,1570
6284,佳邦,75,0,75,港商法國興業,2024-11-14,1570
5284,jpp-KY,74,0,74,港商法國興業,2024-11-14,1570
2363,矽統,70,0,70,港商法國興業,2024-11-14,1570
3023,信邦,70,0,70,港商法國興業,2024-11-14,1570
3211,順達,70,0,70,港商法國興業,2024-11-14,1570
8028,昇陽半導體,63,0,63,港商法國興業,2024-11-14,1570
1808,潤隆,62,0,62,港商法國興業,2024-11-14,1570
3447,展達,61,0,61,港商法國興業,2024-11-14,1570
6937,天虹,61,0,61,港商法國興業,2024-11-14,1570
2049,上銀,60,1,59,港商法國興業,2024-11-14,1570
4915,致伸,63,4,59,港商法國興業,2024-11-14,1570
2404,漢唐,52,0,52,港商法國興業,2024-11-14,1570
8076,伍豐,52,0,52,港商法國興業,2024-11-14,1570
2498,宏達電,45,0,45,港商法國興業,2024-11-14,1570
5243,乙盛-KY,44,0,44,港商法國興業,2024-11-14,1570
2527,宏璟,42,0,42,港商法國興業,2024-11-14,1570
6669,緯穎,42,0,42,港商法國興業,2024-11-14,1570
2892,第一金,72,34,38,港商法國興業,2024-11-14,1570
4743,合一,36,0,36,港商法國興業,2024-11-14,1570
1708,東鹼,35,0,35,港商法國興業,2024-11-14,1570
2855,統一證,35,0,35,港商法國興業,2024-11-14,1570
4545,銘鈺,35,0,35,港商法國興業,2024-11-14,1570
3558,神準,34,0,34,港商法國興業,2024-11-14,1570
4977,眾達-KY,34,0,34,港商法國興業,2024-11-14,1570
8044,網家,34,0,34,港商法國興業,2024-11-14,1570
2609,陽明,2895,0,2895,港商法國興業,2024-11-15,1570
9105,泰金寶-DR,1495,0,1495,港商法國興業,2024-11-15,1570
2618,長榮航,1363,0,1363,港商法國興業,2024-11-15,1570
2312,金寶,1011,0,1011,港商法國興業,2024-11-15,1570
2891,中信金,841,0,841,港商法國興業,2024-11-15,1570
2890,永豐金,689,0,689,港商法國興業,2024-11-15,1570
2886,兆豐金,668,0,668,港商法國興業,2024-11-15,1570
2884,玉山金,650,0,650,港商法國興業,2024-11-15,1570
1101,台泥,512,0,512,港商法國興業,2024-11-15,1570
2606,裕民,428,0,428,港商法國興業,2024-11-15,1570
4977,眾達-KY,370,0,370,港商法國興業,2024-11-15,1570
2610,華航,332,0,332,港商法國興業,2024-11-15,1570
2356,英業達,300,0,300,港商法國興業,2024-11-15,1570
3706,神達,293,0,293,港商法國興業,2024-11-15,1570
2204,中華,283,0,283,港商法國興業,2024-11-15,1570
2603,長榮,233,0,233,港商法國興業,2024-11-15,1570
2382,廣達,219,0,219,港商法國興業,2024-11-15,1570
2892,第一金,212,0,212,港商法國興業,2024-11-15,1570
2515,中工,188,0,188,港商法國興業,2024-11-15,1570
8069,元太,180,0,180,港商法國興業,2024-11-15,1570
4919,新唐,167,0,167,港商法國興業,2024-11-15,1570
3450,聯鈞,153,0,153,港商法國興業,2024-11-15,1570
2354,鴻準,149,0,149,港商法國興業,2024-11-15,1570
2363,矽統,134,0,134,港商法國興業,2024-11-15,1570
2385,群光,128,0,128,港商法國興業,2024-11-15,1570
5603,陸海,127,0,127,港商法國興業,2024-11-15,1570
1464,得力,120,0,120,港商法國興業,2024-11-15,1570
3023,信邦,109,0,109,港商法國興業,2024-11-15,1570
2634,漢翔,99,0,99,港商法國興業,2024-11-15,1570
2308,台達電,96,0,96,港商法國興業,2024-11-15,1570
6415,矽力*-KY,96,0,96,港商法國興業,2024-11-15,1570
4157,太景*-KY,94,0,94,港商法國興業,2024-11-15,1570
2442,新美齊,89,0,89,港商法國興業,2024-11-15,1570
8104,錸寶,77,0,77,港商法國興業,2024-11-15,1570
2454,聯發科,81,7,74,港商法國興業,2024-11-15,1570
2357,華碩,74,0,74,港商法國興業,2024-11-15,1570
2360,致茂,70,0,70,港商法國興業,2024-11-15,1570
3665,貿聯-KY,68,0,68,港商法國興業,2024-11-15,1570
6188,廣明,68,0,68,港商法國興業,2024-11-15,1570
3712,永崴投控,67,0,67,港商法國興業,2024-11-15,1570
1795,美時,64,0,64,港商法國興業,2024-11-15,1570
5608,四維航,61,0,61,港商法國興業,2024-11-15,1570
3013,晟銘電,80,22,58,港商法國興業,2024-11-15,1570
2409,友達,57,0,57,港商法國興業,2024-11-15,1570
4162,智擎,57,0,57,港商法國興業,2024-11-15,1570
6121,新普,57,0,57,港商法國興業,2024-11-15,1570
8044,網家,57,0,57,港商法國興業,2024-11-15,1570
8097,常珵,56,0,56,港商法國興業,2024-11-15,1570
6669,緯穎,55,0,55,港商法國興業,2024-11-15,1570
6187,萬潤,52,0,52,港商法國興業,2024-11-15,1570
2312,金寶,5758,21,5737,港商法國興業,2024-11-18,1570
2618,長榮航,2422,0,2422,港商法國興業,2024-11-18,1570
2891,中信金,2436,20,2416,港商法國興業,2024-11-18,1570
2884,玉山金,1345,0,1345,港商法國興業,2024-11-18,1570
2609,陽明,1190,0,1190,港商法國興業,2024-11-18,1570
2886,兆豐金,982,0,982,港商法國興業,2024-11-18,1570
1101,台泥,584,87,497,港商法國興業,2024-11-18,1570
3450,聯鈞,457,0,457,港商法國興業,2024-11-18,1570
2892,第一金,416,0,416,港商法國興業,2024-11-18,1570
2606,裕民,320,0,320,港商法國興業,2024-11-18,1570
5880,合庫金,318,0,318,港商法國興業,2024-11-18,1570
2890,永豐金,289,0,289,港商法國興業,2024-11-18,1570
2204,中華,282,0,282,港商法國興業,2024-11-18,1570
3703,欣陸,245,0,245,港商法國興業,2024-11-18,1570
2880,華南金,233,0,233,港商法國興業,2024-11-18,1570
2646,星宇航空,201,0,201,港商法國興業,2024-11-18,1570
2881,富邦金,198,0,198,港商法國興業,2024-11-18,1570
2603,長榮,179,0,179,港商法國興業,2024-11-18,1570
2357,華碩,172,0,172,港商法國興業,2024-11-18,1570
2887,台新金,151,0,151,港商法國興業,2024-11-18,1570
2308,台達電,148,8,140,港商法國興業,2024-11-18,1570
2382,廣達,168,39,129,港商法國興業,2024-11-18,1570
2515,中工,120,0,120,港商法國興業,2024-11-18,1570
3023,信邦,118,0,118,港商法國興業,2024-11-18,1570
2385,群光,102,0,102,港商法國興業,2024-11-18,1570
4919,新唐,97,0,97,港商法國興業,2024-11-18,1570
2027,大成鋼,93,0,93,港商法國興業,2024-11-18,1570
1326,台化,92,0,92,港商法國興業,2024-11-18,1570
9921,巨大,90,0,90,港商法國興業,2024-11-18,1570
2637,慧洋-KY,86,0,86,港商法國興業,2024-11-18,1570
6257,矽格,76,0,76,港商法國興業,2024-11-18,1570
2488,漢平,73,0,73,港商法國興業,2024-11-18,1570
3551,世禾,73,0,73,港商法國興業,2024-11-18,1570
1301,台塑,67,0,67,港商法國興業,2024-11-18,1570
1722,台肥,66,0,66,港商法國興業,2024-11-18,1570
2610,華航,140,80,60,港商法國興業,2024-11-18,1570
2360,致茂,59,0,59,港商法國興業,2024-11-18,1570
8043,蜜望實,57,0,57,港商法國興業,2024-11-18,1570
9938,百和,57,0,57,港商法國興業,2024-11-18,1570
3558,神準,53,0,53,港商法國興業,2024-11-18,1570
9914,美利達,50,0,50,港商法國興業,2024-11-18,1570
5603,陸海,47,0,47,港商法國興業,2024-11-18,1570
1303,南亞,45,0,45,港商法國興業,2024-11-18,1570
1795,美時,42,0,42,港商法國興業,2024-11-18,1570
6859,伯特光,40,0,40,港商法國興業,2024-11-18,1570
6121,新普,39,0,39,港商法國興業,2024-11-18,1570
6143,振曜,39,0,39,港商法國興業,2024-11-18,1570
5608,四維航,37,0,37,港商法國興業,2024-11-18,1570
8097,常珵,37,0,37,港商法國興業,2024-11-18,1570
3706,神達,36,0,36,港商法國興業,2024-11-18,1570
2312,金寶,2605,0,2605,港商法國興業,2024-11-19,1570
2891,中信金,2246,0,2246,港商法國興業,2024-11-19,1570
2885,元大金,2052,0,2052,港商法國興業,2024-11-19,1570
2603,長榮,1936,0,1936,港商法國興業,2024-11-19,1570
2618,長榮航,1740,0,1740,港商法國興業,2024-11-19,1570
3706,神達,1496,0,1496,港商法國興業,2024-11-19,1570
2884,玉山金,990,0,990,港商法國興業,2024-11-19,1570
2354,鴻準,800,0,800,港商法國興業,2024-11-19,1570
2027,大成鋼,639,0,639,港商法國興業,2024-11-19,1570
2892,第一金,541,6,535,港商法國興業,2024-11-19,1570
2610,華航,634,161,473,港商法國興業,2024-11-19,1570
2890,永豐金,446,19,427,港商法國興業,2024-11-19,1570
2606,裕民,385,0,385,港商法國興業,2024-11-19,1570
2887,台新金,368,0,368,港商法國興業,2024-11-19,1570
2880,華南金,360,0,360,港商法國興業,2024-11-19,1570
2409,友達,348,37,311,港商法國興業,2024-11-19,1570
4977,眾達-KY,254,0,254,港商法國興業,2024-11-19,1570
2883,凱基金,244,0,244,港商法國興業,2024-11-19,1570
2385,群光,216,0,216,港商法國興業,2024-11-19,1570
2332,友訊,212,0,212,港商法國興業,2024-11-19,1570
2337,旺宏,196,0,196,港商法國興業,2024-11-19,1570
1301,台塑,188,0,188,港商法國興業,2024-11-19,1570
3711,日月光投控,188,1,187,港商法國興業,2024-11-19,1570
3703,欣陸,186,0,186,港商法國興業,2024-11-19,1570
1101,台泥,181,0,181,港商法國興業,2024-11-19,1570
6005,群益證,177,0,177,港商法國興業,2024-11-19,1570
1326,台化,174,0,174,港商法國興業,2024-11-19,1570
2601,益航,172,0,172,港商法國興業,2024-11-19,1570
2881,富邦金,169,0,169,港商法國興業,2024-11-19,1570
2609,陽明,153,0,153,港商法國興業,2024-11-19,1570
2515,中工,144,0,144,港商法國興業,2024-11-19,1570
1785,光洋科,140,0,140,港商法國興業,2024-11-19,1570
2101,南港,139,0,139,港商法國興業,2024-11-19,1570
3049,精金,126,0,126,港商法國興業,2024-11-19,1570
9921,巨大,123,0,123,港商法國興業,2024-11-19,1570
2637,慧洋-KY,111,0,111,港商法國興業,2024-11-19,1570
3558,神準,110,0,110,港商法國興業,2024-11-19,1570
1795,美時,102,0,102,港商法國興業,2024-11-19,1570
2308,台達電,99,0,99,港商法國興業,2024-11-19,1570
2542,興富發,93,0,93,港商法國興業,2024-11-19,1570
5315,光聯,93,0,93,港商法國興業,2024-11-19,1570
5608,四維航,83,0,83,港商法國興業,2024-11-19,1570
8069,元太,83,0,83,港商法國興業,2024-11-19,1570
2357,華碩,80,0,80,港商法國興業,2024-11-19,1570
6257,矽格,80,0,80,港商法國興業,2024-11-19,1570
1216,統一,81,3,78,港商法國興業,2024-11-19,1570
2488,漢平,77,0,77,港商法國興業,2024-11-19,1570
2886,兆豐金,501,433,68,港商法國興業,2024-11-19,1570
8299,群聯,68,2,66,港商法國興業,2024-11-19,1570
3551,世禾,63,0,63,港商法國興業,2024-11-19,1570
2891,中信金,5588,0,5588,港商法國興業,2024-11-20,1570
9105,泰金寶-DR,2310,0,2310,港商法國興業,2024-11-20,1570
2884,玉山金,1780,0,1780,港商法國興業,2024-11-20,1570
2603,長榮,1736,0,1736,港商法國興業,2024-11-20,1570
2027,大成鋼,1621,0,1621,港商法國興業,2024-11-20,1570
3706,神達,1615,0,1615,港商法國興業,2024-11-20,1570
2885,元大金,1132,0,1132,港商法國興業,2024-11-20,1570
2886,兆豐金,944,0,944,港商法國興業,2024-11-20,1570
2618,長榮航,913,0,913,港商法國興業,2024-11-20,1570
2883,凱基金,866,0,866,港商法國興業,2024-11-20,1570
2409,友達,730,0,730,港商法國興業,2024-11-20,1570
2312,金寶,639,0,639,港商法國興業,2024-11-20,1570
2890,永豐金,568,0,568,港商法國興業,2024-11-20,1570
5347,世界,507,0,507,港商法國興業,2024-11-20,1570
2892,第一金,498,28,470,港商法國興業,2024-11-20,1570
2880,華南金,426,0,426,港商法國興業,2024-11-20,1570
4977,眾達-KY,357,0,357,港商法國興業,2024-11-20,1570
2606,裕民,340,0,340,港商法國興業,2024-11-20,1570
1569,濱川,337,0,337,港商法國興業,2024-11-20,1570
2610,華航,478,147,331,港商法國興業,2024-11-20,1570
1301,台塑,300,0,300,港商法國興業,2024-11-20,1570
3703,欣陸,217,0,217,港商法國興業,2024-11-20,1570
2385,群光,203,0,203,港商法國興業,2024-11-20,1570
1326,台化,184,0,184,港商法國興業,2024-11-20,1570
6505,台塑化,163,0,163,港商法國興業,2024-11-20,1570
2542,興富發,151,0,151,港商法國興業,2024-11-20,1570
2363,矽統,148,0,148,港商法國興業,2024-11-20,1570
2498,宏達電,142,0,142,港商法國興業,2024-11-20,1570
1708,東鹼,138,0,138,港商法國興業,2024-11-20,1570
6191,精成科,138,0,138,港商法國興業,2024-11-20,1570
2515,中工,126,0,126,港商法國興業,2024-11-20,1570
6005,群益證,123,0,123,港商法國興業,2024-11-20,1570
3056,富華新,120,0,120,港商法國興業,2024-11-20,1570
2357,華碩,117,0,117,港商法國興業,2024-11-20,1570
2915,潤泰全,116,0,116,港商法國興業,2024-11-20,1570
2474,可成,203,89,114,港商法國興業,2024-11-20,1570
6121,新普,113,0,113,港商法國興業,2024-11-20,1570
8089,康全電訊,111,0,111,港商法國興業,2024-11-20,1570
3025,星通,104,0,104,港商法國興業,2024-11-20,1570
6257,矽格,97,0,97,港商法國興業,2024-11-20,1570
3021,鴻名,86,0,86,港商法國興業,2024-11-20,1570
1101,台泥,82,0,82,港商法國興業,2024-11-20,1570
5315,光聯,82,0,82,港商法國興業,2024-11-20,1570
6153,嘉聯益,79,0,79,港商法國興業,2024-11-20,1570
6442,光聖,77,0,77,港商法國興業,2024-11-20,1570
3049,精金,69,0,69,港商法國興業,2024-11-20,1570
1616,億泰,67,0,67,港商法國興業,2024-11-20,1570
4938,和碩,66,0,66,港商法國興業,2024-11-20,1570
3044,健鼎,62,0,62,港商法國興業,2024-11-20,1570
3576,聯合再生,62,0,62,港商法國興業,2024-11-20,1570
2610,華航,4470,609,3861,港商法國興業,2024-11-21,1570
2891,中信金,3272,0,3272,港商法國興業,2024-11-21,1570
3706,神達,3162,0,3162,港商法國興業,2024-11-21,1570
2615,萬海,3019,0,3019,港商法國興業,2024-11-21,1570
2880,華南金,1475,0,1475,港商法國興業,2024-11-21,1570
2884,玉山金,987,0,987,港商法國興業,2024-11-21,1570
2618,長榮航,875,0,875,港商法國興業,2024-11-21,1570
2027,大成鋼,868,0,868,港商法國興業,2024-11-21,1570
1569,濱川,805,0,805,港商法國興業,2024-11-21,1570
2890,永豐金,693,0,693,港商法國興業,2024-11-21,1570
2603,長榮,684,0,684,港商法國興業,2024-11-21,1570
2409,友達,582,19,563,港商法國興業,2024-11-21,1570
2308,台達電,447,0,447,港商法國興業,2024-11-21,1570
5880,合庫金,430,0,430,港商法國興業,2024-11-21,1570
2515,中工,423,0,423,港商法國興業,2024-11-21,1570
5347,世界,401,0,401,港商法國興業,2024-11-21,1570
1101,台泥,369,0,369,港商法國興業,2024-11-21,1570
2892,第一金,371,39,332,港商法國興業,2024-11-21,1570
2886,兆豐金,295,0,295,港商法國興業,2024-11-21,1570
3703,欣陸,246,0,246,港商法國興業,2024-11-21,1570
2332,友訊,230,0,230,港商法國興業,2024-11-21,1570
5315,光聯,202,0,202,港商法國興業,2024-11-21,1570
8069,元太,190,0,190,港商法國興業,2024-11-21,1570
3702,大聯大,182,0,182,港商法國興業,2024-11-21,1570
2881,富邦金,172,0,172,港商法國興業,2024-11-21,1570
2312,金寶,162,0,162,港商法國興業,2024-11-21,1570
4977,眾達-KY,160,0,160,港商法國興業,2024-11-21,1570
6191,精成科,158,0,158,港商法國興業,2024-11-21,1570
6121,新普,149,0,149,港商法國興業,2024-11-21,1570
5871,中租-KY,137,0,137,港商法國興業,2024-11-21,1570
4938,和碩,299,178,121,港商法國興業,2024-11-21,1570
1708,東鹼,118,0,118,港商法國興業,2024-11-21,1570
3088,艾訊,109,0,109,港商法國興業,2024-11-21,1570
1616,億泰,108,0,108,港商法國興業,2024-11-21,1570
6781,AES-KY,103,0,103,港商法國興業,2024-11-21,1570
2637,慧洋-KY,101,0,101,港商法國興業,2024-11-21,1570
1795,美時,99,0,99,港商法國興業,2024-11-21,1570
2885,元大金,99,0,99,港商法國興業,2024-11-21,1570
6143,振曜,97,0,97,港商法國興業,2024-11-21,1570
2609,陽明,615,522,93,港商法國興業,2024-11-21,1570
2606,裕民,86,0,86,港商法國興業,2024-11-21,1570
2363,矽統,80,0,80,港商法國興業,2024-11-21,1570
6153,嘉聯益,79,0,79,港商法國興業,2024-11-21,1570
2442,新美齊,77,0,77,港商法國興業,2024-11-21,1570
2385,群光,128,61,67,港商法國興業,2024-11-21,1570
2498,宏達電,64,0,64,港商法國興業,2024-11-21,1570
3056,富華新,65,1,64,港商法國興業,2024-11-21,1570
6005,群益證,64,0,64,港商法國興業,2024-11-21,1570
1303,南亞,63,0,63,港商法國興業,2024-11-21,1570
5258,虹堡,63,0,63,港商法國興業,2024-11-21,1570
3706,神達,5106,0,5106,港商法國興業,2024-11-22,1570
2891,中信金,3037,12,3025,港商法國興業,2024-11-22,1570
2449,京元電子,2475,0,2475,港商法國興業,2024-11-22,1570
2884,玉山金,1858,8,1850,港商法國興業,2024-11-22,1570
2880,華南金,782,14,768,港商法國興業,2024-11-22,1570
2885,元大金,666,7,659,港商法國興業,2024-11-22,1570
2303,聯電,640,8,632,港商法國興業,2024-11-22,1570
5347,世界,694,69,625,港商法國興業,2024-11-22,1570
2515,中工,595,0,595,港商法國興業,2024-11-22,1570
2886,兆豐金,569,8,561,港商法國興業,2024-11-22,1570
2890,永豐金,521,8,513,港商法國興業,2024-11-22,1570
3703,欣陸,463,0,463,港商法國興業,2024-11-22,1570
5315,光聯,460,0,460,港商法國興業,2024-11-22,1570
2344,華邦電,349,0,349,港商法國興業,2024-11-22,1570
1815,富喬,308,0,308,港商法國興業,2024-11-22,1570
3081,聯亞,295,0,295,港商法國興業,2024-11-22,1570
3702,大聯大,262,0,262,港商法國興業,2024-11-22,1570
1101,台泥,259,9,250,港商法國興業,2024-11-22,1570
5534,長虹,210,0,210,港商法國興業,2024-11-22,1570
4977,眾達-KY,209,0,209,港商法國興業,2024-11-22,1570
2324,仁寶,196,1,195,港商法國興業,2024-11-22,1570
3712,永崴投控,192,0,192,港商法國興業,2024-11-22,1570
4576,大銀微系統,136,0,136,港商法國興業,2024-11-22,1570
8069,元太,133,0,133,港商法國興業,2024-11-22,1570
1616,億泰,125,0,125,港商法國興業,2024-11-22,1570
6121,新普,123,0,123,港商法國興業,2024-11-22,1570
5457,宣德,118,0,118,港商法國興業,2024-11-22,1570
2387,精元,99,2,97,港商法國興業,2024-11-22,1570
2610,華航,95,0,95,港商法國興業,2024-11-22,1570
1528,恩德,94,0,94,港商法國興業,2024-11-22,1570
3010,華立,90,0,90,港商法國興業,2024-11-22,1570
3056,富華新,90,0,90,港商法國興業,2024-11-22,1570
3605,宏致,86,0,86,港商法國興業,2024-11-22,1570
2332,友訊,115,33,82,港商法國興業,2024-11-22,1570
1708,東鹼,76,0,76,港商法國興業,2024-11-22,1570
6191,精成科,81,5,76,港商法國興業,2024-11-22,1570
2363,矽統,74,0,74,港商法國興業,2024-11-22,1570
1795,美時,71,0,71,港商法國興業,2024-11-22,1570
8097,常珵,64,0,64,港商法國興業,2024-11-22,1570
1718,中纖,63,0,63,港商法國興業,2024-11-22,1570
2498,宏達電,60,0,60,港商法國興業,2024-11-22,1570
2385,群光,58,0,58,港商法國興業,2024-11-22,1570
6005,群益證,56,0,56,港商法國興業,2024-11-22,1570
1220,台榮,51,0,51,港商法國興業,2024-11-22,1570
2545,皇翔,48,0,48,港商法國興業,2024-11-22,1570
8240,華宏,47,0,47,港商法國興業,2024-11-22,1570
1319,東陽,45,0,45,港商法國興業,2024-11-22,1570
3005,神基,45,0,45,港商法國興業,2024-11-22,1570
3563,牧德,42,0,42,港商法國興業,2024-11-22,1570
3023,信邦,37,0,37,港商法國興業,2024-11-22,1570
2312,金寶,15570,0,15570,港商法國興業,2024-11-25,1570
2891,中信金,5121,0,5121,港商法國興業,2024-11-25,1570
1815,富喬,3848,0,3848,港商法國興業,2024-11-25,1570
3706,神達,3179,0,3179,港商法國興業,2024-11-25,1570
2324,仁寶,2526,0,2526,港商法國興業,2024-11-25,1570
3712,永崴投控,1713,0,1713,港商法國興業,2024-11-25,1570
2880,華南金,1452,160,1292,港商法國興業,2024-11-25,1570
2886,兆豐金,1245,9,1236,港商法國興業,2024-11-25,1570
2618,長榮航,838,3,835,港商法國興業,2024-11-25,1570
2890,永豐金,926,181,745,港商法國興業,2024-11-25,1570
2610,華航,626,4,622,港商法國興業,2024-11-25,1570
2515,中工,588,0,588,港商法國興業,2024-11-25,1570
1216,統一,310,0,310,港商法國興業,2024-11-25,1570
2884,玉山金,793,560,233,港商法國興業,2024-11-25,1570
3081,聯亞,226,0,226,港商法國興業,2024-11-25,1570
8069,元太,221,0,221,港商法國興業,2024-11-25,1570
1101,台泥,220,0,220,港商法國興業,2024-11-25,1570
2915,潤泰全,196,0,196,港商法國興業,2024-11-25,1570
3293,鈊象,180,0,180,港商法國興業,2024-11-25,1570
4906,正文,167,0,167,港商法國興業,2024-11-25,1570
5315,光聯,167,0,167,港商法國興業,2024-11-25,1570
2010,春源,158,0,158,港商法國興業,2024-11-25,1570
1528,恩德,147,0,147,港商法國興業,2024-11-25,1570
1718,中纖,140,0,140,港商法國興業,2024-11-25,1570
3056,富華新,140,0,140,港商法國興業,2024-11-25,1570
6443,元晶,130,0,130,港商法國興業,2024-11-25,1570
3702,大聯大,129,0,129,港商法國興業,2024-11-25,1570
2382,廣達,131,3,128,港商法國興業,2024-11-25,1570
2474,可成,127,6,121,港商法國興業,2024-11-25,1570
4157,太景*-KY,116,0,116,港商法國興業,2024-11-25,1570
3596,智易,114,0,114,港商法國興業,2024-11-25,1570
3558,神準,103,0,103,港商法國興業,2024-11-25,1570
1802,台玻,100,0,100,港商法國興業,2024-11-25,1570
2233,宇隆,99,0,99,港商法國興業,2024-11-25,1570
5876,上海商銀,96,1,95,港商法國興業,2024-11-25,1570
2388,威盛,90,0,90,港商法國興業,2024-11-25,1570
2308,台達電,117,28,89,港商法國興業,2024-11-25,1570
1708,東鹼,89,0,89,港商法國興業,2024-11-25,1570
5457,宣德,89,0,89,港商法國興業,2024-11-25,1570
1795,美時,87,0,87,港商法國興業,2024-11-25,1570
3665,貿聯-KY,87,2,85,港商法國興業,2024-11-25,1570
4938,和碩,116,31,85,港商法國興業,2024-11-25,1570
1220,台榮,81,0,81,港商法國興業,2024-11-25,1570
2801,彰銀,80,0,80,港商法國興業,2024-11-25,1570
3023,信邦,80,0,80,港商法國興業,2024-11-25,1570
6121,新普,79,0,79,港商法國興業,2024-11-25,1570
2371,大同,78,0,78,港商法國興業,2024-11-25,1570
1722,台肥,77,0,77,港商法國興業,2024-11-25,1570
3036,文曄,145,76,69,港商法國興業,2024-11-25,1570
5871,中租-KY,69,2,67,港商法國興業,2024-11-25,1570
2891,中信金,3180,10,3170,港商法國興業,2024-11-26,1570
3706,神達,2535,0,2535,港商法國興業,2024-11-26,1570
2324,仁寶,2035,0,2035,港商法國興業,2024-11-26,1570
2354,鴻準,1280,0,1280,港商法國興業,2024-11-26,1570
2886,兆豐金,1074,5,1069,港商法國興業,2024-11-26,1570
2880,華南金,792,0,792,港商法國興業,2024-11-26,1570
2618,長榮航,699,0,699,港商法國興業,2024-11-26,1570
2890,永豐金,621,0,621,港商法國興業,2024-11-26,1570
1101,台泥,424,0,424,港商法國興業,2024-11-26,1570
3702,大聯大,268,0,268,港商法國興業,2024-11-26,1570
2308,台達電,271,4,267,港商法國興業,2024-11-26,1570
2885,元大金,241,0,241,港商法國興業,2024-11-26,1570
2542,興富發,212,0,212,港商法國興業,2024-11-26,1570
2371,大同,184,0,184,港商法國興業,2024-11-26,1570
2357,華碩,166,0,166,港商法國興業,2024-11-26,1570
2204,中華,182,28,154,港商法國興業,2024-11-26,1570
2454,聯發科,123,2,121,港商法國興業,2024-11-26,1570
2474,可成,117,0,117,港商法國興業,2024-11-26,1570
5315,光聯,111,0,111,港商法國興業,2024-11-26,1570
4906,正文,110,0,110,港商法國興業,2024-11-26,1570
1708,東鹼,97,0,97,港商法國興業,2024-11-26,1570
8076,伍豐,96,0,96,港商法國興業,2024-11-26,1570
3081,聯亞,87,0,87,港商法國興業,2024-11-26,1570
1718,中纖,76,0,76,港商法國興業,2024-11-26,1570
8114,振樺電,76,0,76,港商法國興業,2024-11-26,1570
5438,東友,71,0,71,港商法國興業,2024-11-26,1570
3597,映興,78,9,69,港商法國興業,2024-11-26,1570
1319,東陽,68,0,68,港商法國興業,2024-11-26,1570
1727,中華化,64,0,64,港商法國興業,2024-11-26,1570
4938,和碩,64,0,64,港商法國興業,2024-11-26,1570
8039,台虹,63,0,63,港商法國興業,2024-11-26,1570
3596,智易,59,0,59,港商法國興業,2024-11-26,1570
3289,宜特,58,0,58,港商法國興業,2024-11-26,1570
2010,春源,56,0,56,港商法國興業,2024-11-26,1570
2488,漢平,56,0,56,港商法國興業,2024-11-26,1570
1616,億泰,51,0,51,港商法國興業,2024-11-26,1570
6770,力積電,51,0,51,港商法國興業,2024-11-26,1570
1808,潤隆,48,0,48,港商法國興業,2024-11-26,1570
2408,南亞科,47,0,47,港商法國興業,2024-11-26,1570
9105,泰金寶-DR,46,0,46,港商法國興業,2024-11-26,1570
5457,宣德,45,0,45,港商法國興業,2024-11-26,1570
2301,光寶科,40,0,40,港商法國興業,2024-11-26,1570
2387,精元,42,2,40,港商法國興業,2024-11-26,1570
1220,台榮,33,0,33,港商法國興業,2024-11-26,1570
3558,神準,32,0,32,港商法國興業,2024-11-26,1570
6669,緯穎,32,0,32,港商法國興業,2024-11-26,1570
3217,優群,31,0,31,港商法國興業,2024-11-26,1570
2882,國泰金,87,57,30,港商法國興業,2024-11-26,1570
2347,聯強,28,0,28,港商法國興業,2024-11-26,1570
3454,晶睿,28,0,28,港商法國興業,2024-11-26,1570
3706,神達,3215,0,3215,港商法國興業,2024-11-27,1570
2610,華航,2173,0,2173,港商法國興業,2024-11-27,1570
2880,華南金,2082,0,2082,港商法國興業,2024-11-27,1570
2354,鴻準,1623,11,1612,港商法國興業,2024-11-27,1570
2324,仁寶,1421,0,1421,港商法國興業,2024-11-27,1570
2884,玉山金,1304,0,1304,港商法國興業,2024-11-27,1570
2891,中信金,1105,0,1105,港商法國興業,2024-11-27,1570
1101,台泥,743,0,743,港商法國興業,2024-11-27,1570
2886,兆豐金,708,25,683,港商法國興業,2024-11-27,1570
1815,富喬,670,0,670,港商法國興業,2024-11-27,1570
4979,華星光,520,0,520,港商法國興業,2024-11-27,1570
2609,陽明,513,0,513,港商法國興業,2024-11-27,1570
3712,永崴投控,479,0,479,港商法國興業,2024-11-27,1570
5880,合庫金,423,0,423,港商法國興業,2024-11-27,1570
2474,可成,399,0,399,港商法國興業,2024-11-27,1570
2618,長榮航,342,0,342,港商法國興業,2024-11-27,1570
2412,中華電,220,0,220,港商法國興業,2024-11-27,1570
2881,富邦金,198,0,198,港商法國興業,2024-11-27,1570
6669,緯穎,169,0,169,港商法國興業,2024-11-27,1570
1531,高林股,166,0,166,港商法國興業,2024-11-27,1570
2890,永豐金,165,0,165,港商法國興業,2024-11-27,1570
8404,百和興業-KY,157,0,157,港商法國興業,2024-11-27,1570
1708,東鹼,147,0,147,港商法國興業,2024-11-27,1570
2308,台達電,138,0,138,港商法國興業,2024-11-27,1570
2498,宏達電,125,0,125,港商法國興業,2024-11-27,1570
5315,光聯,116,0,116,港商法國興業,2024-11-27,1570
6768,志強-KY,114,0,114,港商法國興業,2024-11-27,1570
1718,中纖,112,0,112,港商法國興業,2024-11-27,1570
2515,中工,112,0,112,港商法國興業,2024-11-27,1570
3050,鈺德,107,0,107,港商法國興業,2024-11-27,1570
3167,大量,103,0,103,港商法國興業,2024-11-27,1570
8069,元太,100,0,100,港商法國興業,2024-11-27,1570
2488,漢平,98,0,98,港商法國興業,2024-11-27,1570
1504,東元,97,0,97,港商法國興業,2024-11-27,1570
2360,致茂,97,0,97,港商法國興業,2024-11-27,1570
1795,美時,87,0,87,港商法國興業,2024-11-27,1570
3380,明泰,85,0,85,港商法國興業,2024-11-27,1570
3702,大聯大,84,0,84,港商法國興業,2024-11-27,1570
2027,大成鋼,81,0,81,港商法國興業,2024-11-27,1570
1216,統一,77,0,77,港商法國興業,2024-11-27,1570
8114,振樺電,71,0,71,港商法國興業,2024-11-27,1570
3703,欣陸,69,0,69,港商法國興業,2024-11-27,1570
1220,台榮,68,0,68,港商法國興業,2024-11-27,1570
5009,榮剛,66,0,66,港商法國興業,2024-11-27,1570
3088,艾訊,62,0,62,港商法國興業,2024-11-27,1570
8249,菱光,62,0,62,港商法國興業,2024-11-27,1570
5536,聖暉*,60,0,60,港商法國興業,2024-11-27,1570
6216,居易,58,0,58,港商法國興業,2024-11-27,1570
1537,廣隆,48,0,48,港商法國興業,2024-11-27,1570
1319,東陽,47,0,47,港商法國興業,2024-11-27,1570
3706,神達,4395,0,4395,港商法國興業,2024-11-28,1570
3481,群創,2294,0,2294,港商法國興業,2024-11-28,1570
1815,富喬,2227,0,2227,港商法國興業,2024-11-28,1570
2618,長榮航,2186,3,2183,港商法國興業,2024-11-28,1570
2610,華航,1431,1,1430,港商法國興業,2024-11-28,1570
2332,友訊,952,0,952,港商法國興業,2024-11-28,1570
2324,仁寶,742,4,738,港商法國興業,2024-11-28,1570
1101,台泥,597,4,593,港商法國興業,2024-11-28,1570
2881,富邦金,502,5,497,港商法國興業,2024-11-28,1570
4979,華星光,436,0,436,港商法國興業,2024-11-28,1570
2884,玉山金,393,15,378,港商法國興業,2024-11-28,1570
2886,兆豐金,384,35,349,港商法國興業,2024-11-28,1570
2027,大成鋼,320,0,320,港商法國興業,2024-11-28,1570
3450,聯鈞,305,0,305,港商法國興業,2024-11-28,1570
1102,亞泥,330,29,301,港商法國興業,2024-11-28,1570
6005,群益證,291,20,271,港商法國興業,2024-11-28,1570
2812,台中銀,255,0,255,港商法國興業,2024-11-28,1570
2880,華南金,272,20,252,港商法國興業,2024-11-28,1570
2354,鴻準,251,11,240,港商法國興業,2024-11-28,1570
8069,元太,219,1,218,港商法國興業,2024-11-28,1570
2412,中華電,145,9,136,港商法國興業,2024-11-28,1570
2330,台積電,128,0,128,港商法國興業,2024-11-28,1570
2515,中工,126,0,126,港商法國興業,2024-11-28,1570
5880,合庫金,148,25,123,港商法國興業,2024-11-28,1570
3702,大聯大,121,0,121,港商法國興業,2024-11-28,1570
2444,兆勁,116,0,116,港商法國興業,2024-11-28,1570
1528,恩德,114,0,114,港商法國興業,2024-11-28,1570
2308,台達電,115,3,112,港商法國興業,2024-11-28,1570
2383,台光電,100,0,100,港商法國興業,2024-11-28,1570
3558,神準,99,0,99,港商法國興業,2024-11-28,1570
9907,統一實,98,0,98,港商法國興業,2024-11-28,1570
8261,富鼎,91,0,91,港商法國興業,2024-11-28,1570
1708,東鹼,90,0,90,港商法國興業,2024-11-28,1570
1471,首利,86,0,86,港商法國興業,2024-11-28,1570
1718,中纖,79,0,79,港商法國興業,2024-11-28,1570
9933,中鼎,76,0,76,港商法國興業,2024-11-28,1570
6121,新普,69,0,69,港商法國興業,2024-11-28,1570
3380,明泰,66,0,66,港商法國興業,2024-11-28,1570
5315,光聯,62,0,62,港商法國興業,2024-11-28,1570
2498,宏達電,68,7,61,港商法國興業,2024-11-28,1570
6768,志強-KY,61,0,61,港商法國興業,2024-11-28,1570
2419,仲琦,54,0,54,港商法國興業,2024-11-28,1570
6525,捷敏-KY,53,0,53,港商法國興業,2024-11-28,1570
8114,振樺電,53,0,53,港商法國興業,2024-11-28,1570
3712,永崴投控,51,0,51,港商法國興業,2024-11-28,1570
5871,中租-KY,50,0,50,港商法國興業,2024-11-28,1570
8404,百和興業-KY,49,0,49,港商法國興業,2024-11-28,1570
5522,遠雄,47,0,47,港商法國興業,2024-11-28,1570
2010,春源,46,0,46,港商法國興業,2024-11-28,1570
2474,可成,48,2,46,港商法國興業,2024-11-28,1570
2610,華航,2573,0,2573,港商法國興業,2024-11-29,1570
2618,長榮航,1884,0,1884,港商法國興業,2024-11-29,1570
2881,富邦金,1741,0,1741,港商法國興業,2024-11-29,1570
2880,華南金,1254,0,1254,港商法國興業,2024-11-29,1570
2886,兆豐金,1190,0,1190,港商法國興業,2024-11-29,1570
1101,台泥,681,0,681,港商法國興業,2024-11-29,1570
3706,神達,677,0,677,港商法國興業,2024-11-29,1570
2891,中信金,756,118,638,港商法國興業,2024-11-29,1570
4979,華星光,542,0,542,港商法國興業,2024-11-29,1570
2885,元大金,478,0,478,港商法國興業,2024-11-29,1570
2883,凱基金,320,0,320,港商法國興業,2024-11-29,1570
2324,仁寶,318,0,318,港商法國興業,2024-11-29,1570
1402,遠東新,279,0,279,港商法國興業,2024-11-29,1570
1102,亞泥,272,0,272,港商法國興業,2024-11-29,1570
8069,元太,264,0,264,港商法國興業,2024-11-29,1570
2027,大成鋼,260,0,260,港商法國興業,2024-11-29,1570
5880,合庫金,206,0,206,港商法國興業,2024-11-29,1570
2354,鴻準,204,0,204,港商法國興業,2024-11-29,1570
2812,台中銀,166,0,166,港商法國興業,2024-11-29,1570
5876,上海商銀,374,208,166,港商法國興業,2024-11-29,1570
3712,永崴投控,147,0,147,港商法國興業,2024-11-29,1570
5871,中租-KY,146,0,146,港商法國興業,2024-11-29,1570
3558,神準,134,0,134,港商法國興業,2024-11-29,1570
2308,台達電,128,0,128,港商法國興業,2024-11-29,1570
3450,聯鈞,119,0,119,港商法國興業,2024-11-29,1570
1531,高林股,117,0,117,港商法國興業,2024-11-29,1570
1815,富喬,94,0,94,港商法國興業,2024-11-29,1570
1409,新纖,84,0,84,港商法國興業,2024-11-29,1570
3380,明泰,79,0,79,港商法國興業,2024-11-29,1570
6121,新普,78,0,78,港商法國興業,2024-11-29,1570
6768,志強-KY,74,0,74,港商法國興業,2024-11-29,1570
4906,正文,73,0,73,港商法國興業,2024-11-29,1570
2444,兆勁,71,0,71,港商法國興業,2024-11-29,1570
9933,中鼎,68,0,68,港商法國興業,2024-11-29,1570
1795,美時,66,0,66,港商法國興業,2024-11-29,1570
6472,保瑞,64,0,64,港商法國興業,2024-11-29,1570
3023,信邦,60,0,60,港商法國興業,2024-11-29,1570
6443,元晶,60,0,60,港商法國興業,2024-11-29,1570
6415,矽力*-KY,56,0,56,港商法國興業,2024-11-29,1570
8404,百和興業-KY,54,0,54,港商法國興業,2024-11-29,1570
1471,首利,53,0,53,港商法國興業,2024-11-29,1570
3596,智易,53,0,53,港商法國興業,2024-11-29,1570
8261,富鼎,53,0,53,港商法國興業,2024-11-29,1570
8249,菱光,51,0,51,港商法國興業,2024-11-29,1570
4915,致伸,49,0,49,港商法國興業,2024-11-29,1570
2010,春源,48,0,48,港商法國興業,2024-11-29,1570
6438,迅得,48,0,48,港商法國興業,2024-11-29,1570
3665,貿聯-KY,41,0,41,港商法國興業,2024-11-29,1570
6781,AES-KY,41,0,41,港商法國興業,2024-11-29,1570
3296,勝德,39,0,39,港商法國興業,2024-11-29,1570
2610,華航,1744,8,1736,港商法國興業,2024-12-02,1570
1815,富喬,1525,0,1525,港商法國興業,2024-12-02,1570
1528,恩德,654,0,654,港商法國興業,2024-12-02,1570
2354,鴻準,544,0,544,港商法國興業,2024-12-02,1570
2324,仁寶,509,0,509,港商法國興業,2024-12-02,1570
9105,泰金寶-DR,540,101,439,港商法國興業,2024-12-02,1570
2883,凱基金,420,0,420,港商法國興業,2024-12-02,1570
2891,中信金,498,89,409,港商法國興業,2024-12-02,1570
3029,零壹,314,0,314,港商法國興業,2024-12-02,1570
2884,玉山金,300,9,291,港商法國興業,2024-12-02,1570
9904,寶成,280,0,280,港商法國興業,2024-12-02,1570
1102,亞泥,273,0,273,港商法國興業,2024-12-02,1570
6472,保瑞,270,0,270,港商法國興業,2024-12-02,1570
3450,聯鈞,265,0,265,港商法國興業,2024-12-02,1570
2812,台中銀,263,0,263,港商法國興業,2024-12-02,1570
2646,星宇航空,438,181,257,港商法國興業,2024-12-02,1570
2609,陽明,351,109,242,港商法國興業,2024-12-02,1570
2881,富邦金,242,8,234,港商法國興業,2024-12-02,1570
6127,九豪,208,0,208,港商法國興業,2024-12-02,1570
2419,仲琦,195,0,195,港商法國興業,2024-12-02,1570
2880,華南金,193,0,193,港商法國興業,2024-12-02,1570
5880,合庫金,188,0,188,港商法國興業,2024-12-02,1570
1402,遠東新,180,0,180,港商法國興業,2024-12-02,1570
2892,第一金,187,7,180,港商法國興業,2024-12-02,1570
4979,華星光,178,0,178,港商法國興業,2024-12-02,1570
1795,美時,174,0,174,港商法國興業,2024-12-02,1570
2886,兆豐金,193,43,150,港商法國興業,2024-12-02,1570
2474,可成,143,0,143,港商法國興業,2024-12-02,1570
2882,國泰金,176,43,133,港商法國興業,2024-12-02,1570
2337,旺宏,131,0,131,港商法國興業,2024-12-02,1570
2312,金寶,148,25,123,港商法國興業,2024-12-02,1570
6768,志強-KY,117,0,117,港商法國興業,2024-12-02,1570
2002,中鋼,113,0,113,港商法國興業,2024-12-02,1570
8069,元太,110,0,110,港商法國興業,2024-12-02,1570
2888,新光金,108,0,108,港商法國興業,2024-12-02,1570
5315,光聯,108,0,108,港商法國興業,2024-12-02,1570
2371,大同,83,0,83,港商法國興業,2024-12-02,1570
1101,台泥,79,0,79,港商法國興業,2024-12-02,1570
1446,宏和,74,0,74,港商法國興業,2024-12-02,1570
2887,台新金,89,15,74,港商法國興業,2024-12-02,1570
1531,高林股,73,0,73,港商法國興業,2024-12-02,1570
2010,春源,65,0,65,港商法國興業,2024-12-02,1570
2308,台達電,64,1,63,港商法國興業,2024-12-02,1570
2603,長榮,142,80,62,港商法國興業,2024-12-02,1570
3706,神達,62,0,62,港商法國興業,2024-12-02,1570
3558,神準,59,0,59,港商法國興業,2024-12-02,1570
8404,百和興業-KY,59,0,59,港商法國興業,2024-12-02,1570
5371,中光電,59,1,58,港商法國興業,2024-12-02,1570
2357,華碩,55,0,55,港商法國興業,2024-12-02,1570
6133,金橋,54,0,54,港商法國興業,2024-12-02,1570
2610,華航,4911,0,4911,港商法國興業,2024-12-03,1570
2618,長榮航,2003,0,2003,港商法國興業,2024-12-03,1570
1815,富喬,1648,0,1648,港商法國興業,2024-12-03,1570
2354,鴻準,844,0,844,港商法國興業,2024-12-03,1570
1101,台泥,769,0,769,港商法國興業,2024-12-03,1570
2892,第一金,449,0,449,港商法國興業,2024-12-03,1570
3558,神準,447,0,447,港商法國興業,2024-12-03,1570
3712,永崴投控,356,0,356,港商法國興業,2024-12-03,1570
2332,友訊,270,8,262,港商法國興業,2024-12-03,1570
1446,宏和,257,0,257,港商法國興業,2024-12-03,1570
2812,台中銀,228,2,226,港商法國興業,2024-12-03,1570
3380,明泰,202,0,202,港商法國興業,2024-12-03,1570
8069,元太,184,0,184,港商法國興業,2024-12-03,1570
1402,遠東新,178,0,178,港商法國興業,2024-12-03,1570
6768,志強-KY,143,0,143,港商法國興業,2024-12-03,1570
6187,萬潤,142,0,142,港商法國興業,2024-12-03,1570
8404,百和興業-KY,135,0,135,港商法國興業,2024-12-03,1570
1102,亞泥,125,0,125,港商法國興業,2024-12-03,1570
2474,可成,119,7,112,港商法國興業,2024-12-03,1570
3706,神達,106,0,106,港商法國興業,2024-12-03,1570
2886,兆豐金,96,0,96,港商法國興業,2024-12-03,1570
8044,網家,93,0,93,港商法國興業,2024-12-03,1570
6415,矽力*-KY,88,0,88,港商法國興業,2024-12-03,1570
2357,華碩,85,0,85,港商法國興業,2024-12-03,1570
2387,精元,85,2,83,港商法國興業,2024-12-03,1570
1795,美時,82,0,82,港商法國興業,2024-12-03,1570
5315,光聯,82,0,82,港商法國興業,2024-12-03,1570
3515,華擎,73,0,73,港商法國興業,2024-12-03,1570
2404,漢唐,68,0,68,港商法國興業,2024-12-03,1570
2412,中華電,64,0,64,港商法國興業,2024-12-03,1570
3034,聯詠,64,0,64,港商法國興業,2024-12-03,1570
1471,首利,58,0,58,港商法國興業,2024-12-03,1570
8114,振樺電,57,0,57,港商法國興業,2024-12-03,1570
2301,光寶科,54,0,54,港商法國興業,2024-12-03,1570
2308,台達電,53,0,53,港商法國興業,2024-12-03,1570
6505,台塑化,53,0,53,港商法國興業,2024-12-03,1570
8039,台虹,53,0,53,港商法國興業,2024-12-03,1570
1409,新纖,54,3,51,港商法國興業,2024-12-03,1570
4938,和碩,49,0,49,港商法國興業,2024-12-03,1570
1708,東鹼,48,0,48,港商法國興業,2024-12-03,1570
2344,華邦電,48,0,48,港商法國興業,2024-12-03,1570
3622,洋華,47,1,46,港商法國興業,2024-12-03,1570
2059,川湖,41,1,40,港商法國興業,2024-12-03,1570
9941,裕融,40,0,40,港商法國興業,2024-12-03,1570
2313,華通,38,0,38,港商法國興業,2024-12-03,1570
3023,信邦,38,0,38,港商法國興業,2024-12-03,1570
5426,振發,38,0,38,港商法國興業,2024-12-03,1570
2881,富邦金,37,0,37,港商法國興業,2024-12-03,1570
2345,智邦,36,0,36,港商法國興業,2024-12-03,1570
5483,中美晶,36,0,36,港商法國興業,2024-12-03,1570
2610,華航,1670,0,1670,港商法國興業,2024-12-04,1570
2618,長榮航,1515,0,1515,港商法國興業,2024-12-04,1570
2892,第一金,1101,0,1101,港商法國興業,2024-12-04,1570
4931,新盛力,707,0,707,港商法國興業,2024-12-04,1570
3211,順達,573,0,573,港商法國興業,2024-12-04,1570
2474,可成,461,4,457,港商法國興業,2024-12-04,1570
2324,仁寶,361,0,361,港商法國興業,2024-12-04,1570
1815,富喬,354,0,354,港商法國興業,2024-12-04,1570
1101,台泥,311,0,311,港商法國興業,2024-12-04,1570
6770,力積電,296,0,296,港商法國興業,2024-12-04,1570
9938,百和,238,7,231,港商法國興業,2024-12-04,1570
5880,合庫金,204,0,204,港商法國興業,2024-12-04,1570
2356,英業達,200,0,200,港商法國興業,2024-12-04,1570
5871,中租-KY,203,4,199,港商法國興業,2024-12-04,1570
8069,元太,183,0,183,港商法國興業,2024-12-04,1570
3706,神達,176,0,176,港商法國興業,2024-12-04,1570
3481,群創,170,0,170,港商法國興業,2024-12-04,1570
2303,聯電,148,0,148,港商法國興業,2024-12-04,1570
3380,明泰,148,0,148,港商法國興業,2024-12-04,1570
1102,亞泥,146,0,146,港商法國興業,2024-12-04,1570
6768,志強-KY,146,0,146,港商法國興業,2024-12-04,1570
8404,百和興業-KY,133,0,133,港商法國興業,2024-12-04,1570
2392,正崴,122,0,122,港商法國興業,2024-12-04,1570
2354,鴻準,119,0,119,港商法國興業,2024-12-04,1570
3515,華擎,110,0,110,港商法國興業,2024-12-04,1570
1464,得力,105,0,105,港商法國興業,2024-12-04,1570
3017,奇鋐,101,0,101,港商法國興業,2024-12-04,1570
2308,台達電,99,0,99,港商法國興業,2024-12-04,1570
1785,光洋科,98,0,98,港商法國興業,2024-12-04,1570
3558,神準,95,0,95,港商法國興業,2024-12-04,1570
6505,台塑化,95,0,95,港商法國興業,2024-12-04,1570
1402,遠東新,93,0,93,港商法國興業,2024-12-04,1570
1446,宏和,93,2,91,港商法國興業,2024-12-04,1570
2332,友訊,84,0,84,港商法國興業,2024-12-04,1570
8112,至上,81,0,81,港商法國興業,2024-12-04,1570
3712,永崴投控,79,0,79,港商法國興業,2024-12-04,1570
2357,華碩,74,0,74,港商法國興業,2024-12-04,1570
2360,致茂,72,2,70,港商法國興業,2024-12-04,1570
3090,日電貿,66,0,66,港商法國興業,2024-12-04,1570
8114,振樺電,65,0,65,港商法國興業,2024-12-04,1570
9945,潤泰新,63,0,63,港商法國興業,2024-12-04,1570
8261,富鼎,64,3,61,港商法國興業,2024-12-04,1570
1708,東鹼,60,0,60,港商法國興業,2024-12-04,1570
6859,伯特光,60,0,60,港商法國興業,2024-12-04,1570
1471,首利,56,0,56,港商法國興業,2024-12-04,1570
8044,網家,55,0,55,港商法國興業,2024-12-04,1570
1722,台肥,50,0,50,港商法國興業,2024-12-04,1570
2545,皇翔,49,0,49,港商法國興業,2024-12-04,1570
6415,矽力*-KY,47,0,47,港商法國興業,2024-12-04,1570
8249,菱光,47,0,47,港商法國興業,2024-12-04,1570
2354,鴻準,4040,1,4039,港商法國興業,2024-12-05,1570
3706,神達,2822,0,2822,港商法國興業,2024-12-05,1570
1815,富喬,1405,0,1405,港商法國興業,2024-12-05,1570
4931,新盛力,1183,0,1183,港商法國興業,2024-12-05,1570
2610,華航,1156,0,1156,港商法國興業,2024-12-05,1570
3481,群創,692,0,692,港商法國興業,2024-12-05,1570
2474,可成,391,0,391,港商法國興業,2024-12-05,1570
8112,至上,238,0,238,港商法國興業,2024-12-05,1570
3712,永崴投控,207,0,207,港商法國興業,2024-12-05,1570
5457,宣德,199,0,199,港商法國興業,2024-12-05,1570
3450,聯鈞,191,0,191,港商法國興業,2024-12-05,1570
6127,九豪,186,0,186,港商法國興業,2024-12-05,1570
3019,亞光,176,0,176,港商法國興業,2024-12-05,1570
1402,遠東新,173,0,173,港商法國興業,2024-12-05,1570
2308,台達電,177,7,170,港商法國興業,2024-12-05,1570
3034,聯詠,165,0,165,港商法國興業,2024-12-05,1570
8261,富鼎,147,0,147,港商法國興業,2024-12-05,1570
6768,志強-KY,143,0,143,港商法國興業,2024-12-05,1570
8069,元太,133,0,133,港商法國興業,2024-12-05,1570
5315,光聯,132,0,132,港商法國興業,2024-12-05,1570
3558,神準,126,0,126,港商法國興業,2024-12-05,1570
3628,盈正,126,0,126,港商法國興業,2024-12-05,1570
9938,百和,122,0,122,港商法國興業,2024-12-05,1570
1307,三芳,116,0,116,港商法國興業,2024-12-05,1570
3605,宏致,101,0,101,港商法國興業,2024-12-05,1570
1101,台泥,100,0,100,港商法國興業,2024-12-05,1570
3017,奇鋐,101,1,100,港商法國興業,2024-12-05,1570
6443,元晶,98,0,98,港商法國興業,2024-12-05,1570
3234,光環,97,0,97,港商法國興業,2024-12-05,1570
2392,正崴,95,0,95,港商法國興業,2024-12-05,1570
2357,華碩,93,0,93,港商法國興業,2024-12-05,1570
8114,振樺電,93,0,93,港商法國興業,2024-12-05,1570
6415,矽力*-KY,92,1,91,港商法國興業,2024-12-05,1570
1708,東鹼,90,0,90,港商法國興業,2024-12-05,1570
5871,中租-KY,100,10,90,港商法國興業,2024-12-05,1570
2883,凱基金,93,12,81,港商法國興業,2024-12-05,1570
3515,華擎,87,6,81,港商法國興業,2024-12-05,1570
1102,亞泥,80,0,80,港商法國興業,2024-12-05,1570
2890,永豐金,157,78,79,港商法國興業,2024-12-05,1570
1722,台肥,76,0,76,港商法國興業,2024-12-05,1570
3702,大聯大,75,0,75,港商法國興業,2024-12-05,1570
2820,華票,72,0,72,港商法國興業,2024-12-05,1570
2637,慧洋-KY,85,16,69,港商法國興業,2024-12-05,1570
3689,湧德,65,0,65,港商法國興業,2024-12-05,1570
2103,台橡,64,0,64,港商法國興業,2024-12-05,1570
6669,緯穎,65,1,64,港商法國興業,2024-12-05,1570
8404,百和興業-KY,61,0,61,港商法國興業,2024-12-05,1570
2458,義隆,59,0,59,港商法國興業,2024-12-05,1570
2002,中鋼,64,6,58,港商法國興業,2024-12-05,1570
2812,台中銀,58,0,58,港商法國興業,2024-12-05,1570
2354,鴻準,5414,0,5414,港商法國興業,2024-12-06,1570
3706,神達,892,26,866,港商法國興業,2024-12-06,1570
8069,元太,465,0,465,港商法國興業,2024-12-06,1570
2890,永豐金,427,13,414,港商法國興業,2024-12-06,1570
8249,菱光,231,0,231,港商法國興業,2024-12-06,1570
2474,可成,198,0,198,港商法國興業,2024-12-06,1570
6279,胡連,175,0,175,港商法國興業,2024-12-06,1570
8097,常珵,162,0,162,港商法國興業,2024-12-06,1570
1101,台泥,135,0,135,港商法國興業,2024-12-06,1570
8261,富鼎,134,0,134,港商法國興業,2024-12-06,1570
5871,中租-KY,133,0,133,港商法國興業,2024-12-06,1570
1612,宏泰,126,0,126,港商法國興業,2024-12-06,1570
2308,台達電,122,1,121,港商法國興業,2024-12-06,1570
2880,華南金,118,0,118,港商法國興業,2024-12-06,1570
2357,華碩,112,0,112,港商法國興業,2024-12-06,1570
3702,大聯大,95,0,95,港商法國興業,2024-12-06,1570
5315,光聯,95,0,95,港商法國興業,2024-12-06,1570
6133,金橋,93,0,93,港商法國興業,2024-12-06,1570
8112,至上,92,0,92,港商法國興業,2024-12-06,1570
9941,裕融,88,0,88,港商法國興業,2024-12-06,1570
9938,百和,83,5,78,港商法國興業,2024-12-06,1570
2023,燁輝,73,0,73,港商法國興業,2024-12-06,1570
2646,星宇航空,67,0,67,港商法國興業,2024-12-06,1570
3689,湧德,65,0,65,港商法國興業,2024-12-06,1570
4938,和碩,64,0,64,港商法國興業,2024-12-06,1570
2520,冠德,75,19,56,港商法國興業,2024-12-06,1570
6669,緯穎,55,0,55,港商法國興業,2024-12-06,1570
3017,奇鋐,53,0,53,港商法國興業,2024-12-06,1570
3043,科風,52,0,52,港商法國興業,2024-12-06,1570
5457,宣德,50,0,50,港商法國興業,2024-12-06,1570
1402,遠東新,49,0,49,港商法國興業,2024-12-06,1570
6770,力積電,47,0,47,港商法國興業,2024-12-06,1570
2454,聯發科,43,0,43,港商法國興業,2024-12-06,1570
2331,精英,42,0,42,港商法國興業,2024-12-06,1570
3515,華擎,42,0,42,港商法國興業,2024-12-06,1570
3563,牧德,42,0,42,港商法國興業,2024-12-06,1570
1708,東鹼,40,0,40,港商法國興業,2024-12-06,1570
1785,光洋科,39,0,39,港商法國興業,2024-12-06,1570
6415,矽力*-KY,38,0,38,港商法國興業,2024-12-06,1570
9802,鈺齊-KY,37,0,37,港商法國興業,2024-12-06,1570
6768,志強-KY,35,0,35,港商法國興業,2024-12-06,1570
6805,富世達,34,0,34,港商法國興業,2024-12-06,1570
6166,凌華,32,0,32,港商法國興業,2024-12-06,1570
1718,中纖,30,0,30,港商法國興業,2024-12-06,1570
8099,大世科,33,3,30,港商法國興業,2024-12-06,1570
4919,新唐,29,0,29,港商法國興業,2024-12-06,1570
5706,鳳凰,29,0,29,港商法國興業,2024-12-06,1570
3481,群創,27,0,27,港商法國興業,2024-12-06,1570
6412,群電,27,0,27,港商法國興業,2024-12-06,1570
3628,盈正,26,0,26,港商法國興業,2024-12-06,1570
3706,神達,2637,0,2637,港商法國興業,2024-12-09,1570
2354,鴻準,2567,0,2567,港商法國興業,2024-12-09,1570
2610,華航,451,18,433,港商法國興業,2024-12-09,1570
8069,元太,374,0,374,港商法國興業,2024-12-09,1570
3029,零壹,347,0,347,港商法國興業,2024-12-09,1570
5871,中租-KY,272,0,272,港商法國興業,2024-12-09,1570
3481,群創,205,5,200,港商法國興業,2024-12-09,1570
2308,台達電,169,6,163,港商法國興業,2024-12-09,1570
6669,緯穎,163,0,163,港商法國興業,2024-12-09,1570
2890,永豐金,148,2,146,港商法國興業,2024-12-09,1570
3689,湧德,146,0,146,港商法國興業,2024-12-09,1570
8261,富鼎,142,0,142,港商法國興業,2024-12-09,1570
9941,裕融,137,0,137,港商法國興業,2024-12-09,1570
4938,和碩,131,0,131,港商法國興業,2024-12-09,1570
3017,奇鋐,121,0,121,港商法國興業,2024-12-09,1570
2886,兆豐金,117,0,117,港商法國興業,2024-12-09,1570
2520,冠德,108,0,108,港商法國興業,2024-12-09,1570
6279,胡連,81,0,81,港商法國興業,2024-12-09,1570
6770,力積電,80,0,80,港商法國興業,2024-12-09,1570
6505,台塑化,76,0,76,港商法國興業,2024-12-09,1570
2408,南亞科,75,0,75,港商法國興業,2024-12-09,1570
5315,光聯,74,0,74,港商法國興業,2024-12-09,1570
6266,泰詠,71,0,71,港商法國興業,2024-12-09,1570
6175,立敦,70,0,70,港商法國興業,2024-12-09,1570
1708,東鹼,66,0,66,港商法國興業,2024-12-09,1570
8210,勤誠,66,0,66,港商法國興業,2024-12-09,1570
1808,潤隆,65,0,65,港商法國興業,2024-12-09,1570
8112,至上,65,0,65,港商法國興業,2024-12-09,1570
2812,台中銀,63,0,63,港商法國興業,2024-12-09,1570
2820,華票,63,0,63,港商法國興業,2024-12-09,1570
2357,華碩,61,0,61,港商法國興業,2024-12-09,1570
2887,台新金,61,0,61,港商法國興業,2024-12-09,1570
2023,燁輝,55,0,55,港商法國興業,2024-12-09,1570
6269,台郡,47,0,47,港商法國興業,2024-12-09,1570
2301,光寶科,46,0,46,港商法國興業,2024-12-09,1570
3162,精確,46,0,46,港商法國興業,2024-12-09,1570
5457,宣德,45,0,45,港商法國興業,2024-12-09,1570
6187,萬潤,42,0,42,港商法國興業,2024-12-09,1570
1722,台肥,41,0,41,港商法國興業,2024-12-09,1570
8097,常珵,41,0,41,港商法國興業,2024-12-09,1570
3211,順達,58,18,40,港商法國興業,2024-12-09,1570
5530,龍巖,40,0,40,港商法國興業,2024-12-09,1570
5483,中美晶,39,0,39,港商法國興業,2024-12-09,1570
4958,臻鼎-KY,38,0,38,港商法國興業,2024-12-09,1570
1785,光洋科,37,0,37,港商法國興業,2024-12-09,1570
1336,台翰,33,0,33,港商法國興業,2024-12-09,1570
2353,宏��,31,0,31,港商法國興業,2024-12-09,1570
2345,智邦,30,0,30,港商法國興業,2024-12-09,1570
1307,三芳,28,0,28,港商法國興業,2024-12-09,1570
1612,宏泰,27,0,27,港商法國興業,2024-12-09,1570
5871,中租-KY,2526,0,2526,港商法國興業,2024-12-10,1570
2892,第一金,338,0,338,港商法國興業,2024-12-10,1570
8112,至上,230,0,230,港商法國興業,2024-12-10,1570
2387,精元,189,2,187,港商法國興業,2024-12-10,1570
1504,東元,178,0,178,港商法國興業,2024-12-10,1570
6443,元晶,175,0,175,港商法國興業,2024-12-10,1570
3231,緯創,165,0,165,港商法國興業,2024-12-10,1570
6125,廣運,66,0,66,港商法國興業,2024-12-10,1570
2345,智邦,59,0,59,港商法國興業,2024-12-10,1570
1785,光洋科,59,0,59,港商法國興業,2024-12-10,1570
2059,川湖,58,0,58,港商法國興業,2024-12-10,1570
3017,奇鋐,58,0,58,港商法國興業,2024-12-10,1570
2301,光寶科,52,0,52,港商法國興業,2024-12-10,1570
8039,台虹,46,0,46,港商法國興業,2024-12-10,1570
1301,台塑,40,0,40,港商法國興業,2024-12-10,1570
9941,裕融,38,0,38,港商法國興業,2024-12-10,1570
2049,上銀,36,0,36,港商法國興業,2024-12-10,1570
3583,辛耘,35,0,35,港商法國興業,2024-12-10,1570
2887,台新金,34,0,34,港商法國興業,2024-12-10,1570
2601,益航,31,0,31,港商法國興業,2024-12-10,1570
6505,台塑化,30,0,30,港商法國興業,2024-12-10,1570
2454,聯發科,24,0,24,港商法國興業,2024-12-10,1570
3047,訊舟,24,0,24,港商法國興業,2024-12-10,1570
6770,力積電,24,0,24,港商法國興業,2024-12-10,1570
8069,元太,23,0,23,港商法國興業,2024-12-10,1570
2408,南亞科,22,0,22,港商法國興業,2024-12-10,1570
6223,旺矽,21,0,21,港商法國興業,2024-12-10,1570
2404,漢唐,20,0,20,港商法國興業,2024-12-10,1570
8473,山林水,19,0,19,港商法國興業,2024-12-10,1570
9921,巨大,18,0,18,港商法國興業,2024-12-10,1570
2368,金像電,16,1,15,港商法國興業,2024-12-10,1570
2645,長榮航太,13,0,13,港商法國興業,2024-12-10,1570
4137,麗豐-KY,12,0,12,港商法國興業,2024-12-10,1570
5536,聖暉*,11,0,11,港商法國興業,2024-12-10,1570
8114,振樺電,11,0,11,港商法國興業,2024-12-10,1570
2353,宏��,10,0,10,港商法國興業,2024-12-10,1570
1342,八貫,10,0,10,港商法國興業,2024-12-10,1570
2458,義隆,10,0,10,港商法國興業,2024-12-10,1570
2633,台灣高鐵,10,0,10,港商法國興業,2024-12-10,1570
2905,三商,10,0,10,港商法國興業,2024-12-10,1570
3034,聯詠,9,0,9,港商法國興業,2024-12-10,1570
9933,中鼎,8,0,8,港商法國興業,2024-12-10,1570
1605,華新,7,0,7,港商法國興業,2024-12-10,1570
1308,亞聚,7,0,7,港商法國興業,2024-12-10,1570
2303,聯電,6,0,6,港商法國興業,2024-12-10,1570
2344,華邦電,6,0,6,港商法國興業,2024-12-10,1570
4915,致伸,6,0,6,港商法國興業,2024-12-10,1570
3105,穩懋,5,0,5,港商法國興業,2024-12-10,1570
6147,頎邦,5,0,5,港商法國興業,2024-12-10,1570
6188,廣明,5,0,5,港商法國興業,2024-12-10,1570
2883B,凱基金乙特,208,0,208,港商法國興業,2024-12-11,1570
2618,長榮航,136,0,136,港商法國興業,2024-12-11,1570
2313,華通,97,0,97,港商法國興業,2024-12-11,1570
2345,智邦,85,0,85,港商法國興業,2024-12-11,1570
2332,友訊,74,0,74,港商法國興業,2024-12-11,1570
2801,彰銀,69,0,69,港商法國興業,2024-12-11,1570
1504,東元,66,0,66,港商法國興業,2024-12-11,1570
3680,家登,56,0,56,港商法國興業,2024-12-11,1570
6757,台灣虎航,51,0,51,港商法國興業,2024-12-11,1570
2882,國泰金,45,0,45,港商法國興業,2024-12-11,1570
3665,貿聯-KY,41,0,41,港商法國興業,2024-12-11,1570
1402,遠東新,39,0,39,港商法國興業,2024-12-11,1570
4571,鈞興-KY,39,0,39,港商法國興業,2024-12-11,1570
6269,台郡,38,0,38,港商法國興業,2024-12-11,1570
8039,台虹,37,0,37,港商法國興業,2024-12-11,1570
3017,奇鋐,34,0,34,港商法國興業,2024-12-11,1570
2723,美食-KY,32,0,32,港商法國興業,2024-12-11,1570
2412,中華電,30,0,30,港商法國興業,2024-12-11,1570
6024,群益期,27,0,27,港商法國興業,2024-12-11,1570
2881,富邦金,25,0,25,港商法國興業,2024-12-11,1570
1785,光洋科,24,0,24,港商法國興業,2024-12-11,1570
9941,裕融,23,0,23,港商法國興業,2024-12-11,1570
1308,亞聚,20,0,20,港商法國興業,2024-12-11,1570
6274,台燿,20,0,20,港商法國興業,2024-12-11,1570
2727,王品,19,0,19,港商法國興業,2024-12-11,1570
2905,三商,18,0,18,港商法國興業,2024-12-11,1570
2368,金像電,17,0,17,港商法國興業,2024-12-11,1570
2404,漢唐,15,0,15,港商法國興業,2024-12-11,1570
2855,統一證,15,0,15,港商法國興業,2024-12-11,1570
3034,聯詠,15,0,15,港商法國興業,2024-12-11,1570
9945,潤泰新,13,0,13,港商法國興業,2024-12-11,1570
2645,長榮航太,12,0,12,港商法國興業,2024-12-11,1570
2887,台新金,10,0,10,港商法國興業,2024-12-11,1570
6669,緯穎,10,0,10,港商法國興業,2024-12-11,1570
1104,環泥,9,0,9,港商法國興業,2024-12-11,1570
4935,茂林-KY,8,0,8,港商法國興業,2024-12-11,1570
2360,致茂,7,0,7,港商法國興業,2024-12-11,1570
2454,聯發科,7,0,7,港商法國興業,2024-12-11,1570
5904,寶雅,7,0,7,港商法國興業,2024-12-11,1570
8255,朋程,7,0,7,港商法國興業,2024-12-11,1570
8163,達方,6,0,6,港商法國興業,2024-12-11,1570
2352,佳世達,5,0,5,港商法國興業,2024-12-11,1570
1589,永冠-KY,5,0,5,港商法國興業,2024-12-11,1570
8942,森鉅,5,0,5,港商法國興業,2024-12-11,1570
6664,群翊,4,0,4,港商法國興業,2024-12-11,1570
5269,祥碩,3,0,3,港商法國興業,2024-12-11,1570
6285,啟��,3,0,3,港商法國興業,2024-12-11,1570
2301,光寶科,2,0,2,港商法國興業,2024-12-11,1570
2228,劍麟,2,0,2,港商法國興業,2024-12-11,1570
3218,大學光,2,0,2,港商法國興業,2024-12-11,1570
2892,第一金,537,0,537,港商法國興業,2024-12-12,1570
6443,元晶,187,0,187,港商法國興業,2024-12-12,1570
2301,光寶科,144,0,144,港商法國興業,2024-12-12,1570
8112,至上,144,0,144,港商法國興業,2024-12-12,1570
4906,正文,135,0,135,港商法國興業,2024-12-12,1570
1785,光洋科,113,0,113,港商法國興業,2024-12-12,1570
6125,廣運,77,0,77,港商法國興業,2024-12-12,1570
2208,台船,70,0,70,港商法國興業,2024-12-12,1570
3017,奇鋐,66,0,66,港商法國興業,2024-12-12,1570
1537,廣隆,56,0,56,港商法國興業,2024-12-12,1570
3680,家登,56,0,56,港商法國興業,2024-12-12,1570
3665,貿聯-KY,56,1,55,港商法國興業,2024-12-12,1570
2059,川湖,54,0,54,港商法國興業,2024-12-12,1570
3034,聯詠,39,0,39,港商法國興業,2024-12-12,1570
2360,致茂,33,0,33,港商法國興業,2024-12-12,1570
4915,致伸,33,0,33,港商法國興業,2024-12-12,1570
4938,和碩,31,0,31,港商法國興業,2024-12-12,1570
2454,聯發科,30,0,30,港商法國興業,2024-12-12,1570
2393,億光,27,0,27,港商法國興業,2024-12-12,1570
2368,金像電,24,0,24,港商法國興業,2024-12-12,1570
6223,旺矽,23,0,23,港商法國興業,2024-12-12,1570
9939,宏全,23,0,23,港商法國興業,2024-12-12,1570
9941,裕融,19,0,19,港商法國興業,2024-12-12,1570
1308,亞聚,17,0,17,港商法國興業,2024-12-12,1570
2345,智邦,16,0,16,港商法國興業,2024-12-12,1570
3260,威剛,16,0,16,港商法國興業,2024-12-12,1570
6274,台燿,13,0,13,港商法國興業,2024-12-12,1570
9945,潤泰新,13,0,13,港商法國興業,2024-12-12,1570
2855,統一證,12,0,12,港商法國興業,2024-12-12,1570
3293,鈊象,12,0,12,港商法國興業,2024-12-12,1570
8942,森鉅,12,0,12,港商法國興業,2024-12-12,1570
1342,八貫,11,0,11,港商法國興業,2024-12-12,1570
2465,麗臺,11,0,11,港商法國興業,2024-12-12,1570
2308,台達電,10,1,9,港商法國興業,2024-12-12,1570
2548,華固,9,0,9,港商法國興業,2024-12-12,1570
3324,雙鴻,9,0,9,港商法國興業,2024-12-12,1570
1597,直得,7,0,7,港商法國興業,2024-12-12,1570
2404,漢唐,7,0,7,港商法國興業,2024-12-12,1570
3231,緯創,7,0,7,港商法國興業,2024-12-12,1570
6768,志強-KY,12,5,7,港商法國興業,2024-12-12,1570
9927,泰銘,7,0,7,港商法國興業,2024-12-12,1570
8114,振樺電,7,1,6,港商法國興業,2024-12-12,1570
1101,台泥,5,0,5,港商法國興業,2024-12-12,1570
2727,王品,13,8,5,港商法國興業,2024-12-12,1570
4549,桓達,5,0,5,港商法國興業,2024-12-12,1570
8028,昇陽半導體,45,40,5,港商法國興業,2024-12-12,1570
2383,台光電,4,0,4,港商法國興業,2024-12-12,1570
2228,劍麟,3,0,3,港商法國興業,2024-12-12,1570
2303,聯電,3,0,3,港商法國興業,2024-12-12,1570
3533,嘉澤,3,0,3,港商法國興業,2024-12-12,1570
2892,第一金,322,0,322,港商法國興業,2024-12-13,1570
1785,光洋科,91,0,91,港商法國興業,2024-12-13,1570
1504,東元,88,0,88,港商法國興業,2024-12-13,1570
2455,全新,82,0,82,港商法國興業,2024-12-13,1570
2458,義隆,74,0,74,港商法國興業,2024-12-13,1570
4906,正文,61,0,61,港商法國興業,2024-12-13,1570
2408,南亞科,57,0,57,港商法國興業,2024-12-13,1570
8039,台虹,46,0,46,港商法國興業,2024-12-13,1570
2383,台光電,34,0,34,港商法國興業,2024-12-13,1570
2313,華通,31,0,31,港商法國興業,2024-12-13,1570
3576,聯合再生,22,0,22,港商法國興業,2024-12-13,1570
6182,合晶,19,0,19,港商法國興業,2024-12-13,1570
3034,聯詠,16,0,16,港商法國興業,2024-12-13,1570
8069,元太,16,0,16,港商法國興業,2024-12-13,1570
2344,華邦電,11,0,11,港商法國興業,2024-12-13,1570
2465,麗臺,11,0,11,港商法國興業,2024-12-13,1570
4935,茂林-KY,11,0,11,港商法國興業,2024-12-13,1570
6223,旺矽,10,0,10,港商法國興業,2024-12-13,1570
8942,森鉅,8,0,8,港商法國興業,2024-12-13,1570
1303,南亞,7,0,7,港商法國興業,2024-12-13,1570
2834,臺企銀,7,0,7,港商法國興業,2024-12-13,1570
9941,裕融,6,0,6,港商法國興業,2024-12-13,1570
2345,智邦,5,0,5,港商法國興業,2024-12-13,1570
2727,王品,5,0,5,港商法國興業,2024-12-13,1570
3047,訊舟,5,0,5,港商法國興業,2024-12-13,1570
2303,聯電,4,0,4,港商法國興業,2024-12-13,1570
6670,復盛應用,4,0,4,港商法國興業,2024-12-13,1570
9942,茂順,4,0,4,港商法國興業,2024-12-13,1570
2377,微星,3,0,3,港商法國興業,2024-12-13,1570
1101,台泥,3,0,3,港商法國興業,2024-12-13,1570
1786,科妍,2,0,2,港商法國興業,2024-12-13,1570
2247,汎德永業,2,0,2,港商法國興業,2024-12-13,1570
2368,金像電,2,0,2,港商法國興業,2024-12-13,1570
2352,佳世達,1,0,1,港商法國興業,2024-12-13,1570
5263,智崴,1,0,1,港商法國興業,2024-12-13,1570
5471,松翰,1,0,1,港商法國興業,2024-12-13,1570
6664,群翊,1,0,1,港商法國興業,2024-12-13,1570
8089,康全電訊,1,0,1,港商法國興業,2024-12-13,1570
8464,億豐,1,0,1,港商法國興業,2024-12-13,1570
2303,聯電,282,19,263,港商法國興業,2024-12-16,1570
2892,第一金,297,61,236,港商法國興業,2024-12-16,1570
2371,大同,185,0,185,港商法國興業,2024-12-16,1570
1785,光洋科,171,0,171,港商法國興業,2024-12-16,1570
2383,台光電,109,0,109,港商法國興業,2024-12-16,1570
3661,世芯-KY,108,0,108,港商法國興業,2024-12-16,1570
1308,亞聚,89,0,89,港商法國興業,2024-12-16,1570
9941,裕融,75,0,75,港商法國興業,2024-12-16,1570
2367,燿華,53,0,53,港商法國興業,2024-12-16,1570
2455,全新,53,0,53,港商法國興業,2024-12-16,1570
6182,合晶,53,0,53,港商法國興業,2024-12-16,1570
6214,精誠,53,0,53,港商法國興業,2024-12-16,1570
1303,南亞,46,0,46,港商法國興業,2024-12-16,1570
2408,南亞科,44,0,44,港商法國興業,2024-12-16,1570
6770,力積電,43,0,43,港商法國興業,2024-12-16,1570
3260,威剛,32,0,32,港商法國興業,2024-12-16,1570
2324,仁寶,29,0,29,港商法國興業,2024-12-16,1570
2344,華邦電,25,0,25,港商法國興業,2024-12-16,1570
9945,潤泰新,22,0,22,港商法國興業,2024-12-16,1570
1503,士電,20,0,20,港商法國興業,2024-12-16,1570
3047,訊舟,19,0,19,港商法國興業,2024-12-16,1570
3264,欣銓,19,0,19,港商法國興業,2024-12-16,1570
2353,宏��,18,0,18,港商法國興業,2024-12-16,1570
2374,佳能,16,0,16,港商法國興業,2024-12-16,1570
8131,福懋科,16,0,16,港商法國興業,2024-12-16,1570
3014,聯陽,15,0,15,港商法國興業,2024-12-16,1570
3090,日電貿,13,0,13,港商法國興業,2024-12-16,1570
4167,松瑞藥,12,0,12,港商法國興業,2024-12-16,1570
5536,聖暉*,12,0,12,港商法國興業,2024-12-16,1570
2337,旺宏,10,0,10,港商法國興業,2024-12-16,1570
4137,麗豐-KY,10,0,10,港商法國興業,2024-12-16,1570
2727,王品,10,1,9,港商法國興業,2024-12-16,1570
5904,寶雅,9,0,9,港商法國興業,2024-12-16,1570
1314,中石化,8,0,8,港商法國興業,2024-12-16,1570
2601,益航,8,0,8,港商法國興業,2024-12-16,1570
3596,智易,8,0,8,港商法國興業,2024-12-16,1570
6147,頎邦,8,0,8,港商法國興業,2024-12-16,1570
6269,台郡,8,0,8,港商法國興業,2024-12-16,1570
2618,長榮航,11,4,7,港商法國興業,2024-12-16,1570
3105,穩懋,8,1,7,港商法國興業,2024-12-16,1570
2834,臺企銀,6,0,6,港商法國興業,2024-12-16,1570
2915,潤泰全,6,0,6,港商法國興業,2024-12-16,1570
6456,GIS-KY,6,0,6,港商法國興業,2024-12-16,1570
2201,裕隆,5,0,5,港商法國興業,2024-12-16,1570
2301,光寶科,5,0,5,港商法國興業,2024-12-16,1570
2887,台新金,5,0,5,港商法國興業,2024-12-16,1570
3515,華擎,5,0,5,港商法國興業,2024-12-16,1570
2313,華通,4,0,4,港商法國興業,2024-12-16,1570
1504,東元,4,0,4,港商法國興業,2024-12-16,1570
2633,台灣高鐵,4,0,4,港商法國興業,2024-12-16,1570
2892,第一金,444,0,444,港商法國興業,2024-12-17,1570
5880,合庫金,314,0,314,港商法國興業,2024-12-17,1570
2455,全新,276,0,276,港商法國興業,2024-12-17,1570
3264,欣銓,239,0,239,港商法國興業,2024-12-17,1570
2886,兆豐金,236,0,236,港商法國興業,2024-12-17,1570
3231,緯創,208,0,208,港商法國興業,2024-12-17,1570
6443,元晶,199,0,199,港商法國興業,2024-12-17,1570
1605,華新,161,0,161,港商法國興業,2024-12-17,1570
1301,台塑,128,0,128,港商法國興業,2024-12-17,1570
2317,鴻海,120,0,120,港商法國興業,2024-12-17,1570
2371,大同,119,0,119,港商法國興業,2024-12-17,1570
3013,晟銘電,68,0,68,港商法國興業,2024-12-17,1570
3014,聯陽,66,0,66,港商法國興業,2024-12-17,1570
2618,長榮航,54,0,54,港商法國興業,2024-12-17,1570
8028,昇陽半導體,53,0,53,港商法國興業,2024-12-17,1570
2344,華邦電,52,0,52,港商法國興業,2024-12-17,1570
2303,聯電,51,0,51,港商法國興業,2024-12-17,1570
3033,威健,49,0,49,港商法國興業,2024-12-17,1570
9941,裕融,39,0,39,港商法國興業,2024-12-17,1570
3703,欣陸,36,0,36,港商法國興業,2024-12-17,1570
1785,光洋科,33,0,33,港商法國興業,2024-12-17,1570
4906,正文,31,0,31,港商法國興業,2024-12-17,1570
5536,聖暉*,30,0,30,港商法國興業,2024-12-17,1570
5904,寶雅,29,0,29,港商法國興業,2024-12-17,1570
3661,世芯-KY,28,0,28,港商法國興業,2024-12-17,1570
2345,智邦,22,0,22,港商法國興業,2024-12-17,1570
1308,亞聚,21,0,21,港商法國興業,2024-12-17,1570
3047,訊舟,21,0,21,港商法國興業,2024-12-17,1570
4938,和碩,17,0,17,港商法國興業,2024-12-17,1570
9802,鈺齊-KY,17,0,17,港商法國興業,2024-12-17,1570
6770,力積電,16,0,16,港商法國興業,2024-12-17,1570
2855,統一證,15,0,15,港商法國興業,2024-12-17,1570
3017,奇鋐,15,0,15,港商法國興業,2024-12-17,1570
6282,康舒,14,0,14,港商法國興業,2024-12-17,1570
3260,威剛,13,0,13,港商法國興業,2024-12-17,1570
4167,松瑞藥,13,0,13,港商法國興業,2024-12-17,1570
6223,旺矽,13,0,13,港商法國興業,2024-12-17,1570
2603,長榮,12,0,12,港商法國興業,2024-12-17,1570
3008,大立光,12,0,12,港商法國興業,2024-12-17,1570
3479,安勤,12,0,12,港商法國興業,2024-12-17,1570
1319,東陽,11,0,11,港商法國興業,2024-12-17,1570
1514,亞力,11,0,11,港商法國興業,2024-12-17,1570
2002,中鋼,11,0,11,港商法國興業,2024-12-17,1570
2104,國際中橡,10,0,10,港商法國興業,2024-12-17,1570
6456,GIS-KY,10,0,10,港商法國興業,2024-12-17,1570
2408,南亞科,9,0,9,港商法國興業,2024-12-17,1570
4743,合一,9,0,9,港商法國興業,2024-12-17,1570
8271,宇瞻,8,0,8,港商法國興業,2024-12-17,1570
1342,八貫,7,0,7,港商法國興業,2024-12-17,1570
2353,宏��,7,0,7,港商法國興業,2024-12-17,1570
2618,長榮航,1042,0,1042,港商法國興業,2024-12-18,1570
2885,元大金,349,0,349,港商法國興業,2024-12-18,1570
2886,兆豐金,238,2,236,港商法國興業,2024-12-18,1570
2883B,凱基金乙特,228,0,228,港商法國興業,2024-12-18,1570
2330,台積電,265,88,177,港商法國興業,2024-12-18,1570
2344,華邦電,171,0,171,港商法國興業,2024-12-18,1570
8070,長華*,154,0,154,港商法國興業,2024-12-18,1570
3264,欣銓,130,0,130,港商法國興業,2024-12-18,1570
2449,京元電子,123,0,123,港商法國興業,2024-12-18,1570
4906,正文,77,0,77,港商法國興業,2024-12-18,1570
2353,宏��,64,0,64,港商法國興業,2024-12-18,1570
2301,光寶科,63,0,63,港商法國興業,2024-12-18,1570
6505,台塑化,61,0,61,港商法國興業,2024-12-18,1570
2383,台光電,58,2,56,港商法國興業,2024-12-18,1570
6962,ITH-KY,56,0,56,港商法國興業,2024-12-18,1570
3231,緯創,54,0,54,港商法國興業,2024-12-18,1570
6768,志強-KY,51,0,51,港商法國興業,2024-12-18,1570
3443,創意,50,0,50,港商法國興業,2024-12-18,1570
8039,台虹,50,0,50,港商法國興業,2024-12-18,1570
1402,遠東新,42,0,42,港商法國興業,2024-12-18,1570
3703,欣陸,36,0,36,港商法國興業,2024-12-18,1570
2313,華通,35,0,35,港商法國興業,2024-12-18,1570
3045,台灣大,33,0,33,港商法國興業,2024-12-18,1570
5536,聖暉*,31,0,31,港商法國興業,2024-12-18,1570
2455,全新,27,0,27,港商法國興業,2024-12-18,1570
6691,洋基工程,25,0,25,港商法國興業,2024-12-18,1570
6770,力積電,25,0,25,港商法國興業,2024-12-18,1570
2408,南亞科,24,0,24,港商法國興業,2024-12-18,1570
2646,星宇航空,24,0,24,港商法國興業,2024-12-18,1570
3029,零壹,23,0,23,港商法國興業,2024-12-18,1570
4966,譜瑞-KY,22,2,20,港商法國興業,2024-12-18,1570
2454,聯發科,21,2,19,港商法國興業,2024-12-18,1570
3047,訊舟,19,0,19,港商法國興業,2024-12-18,1570
1308,亞聚,16,0,16,港商法國興業,2024-12-18,1570
2049,上銀,12,0,12,港商法國興業,2024-12-18,1570
4772,台特化,12,0,12,港商法國興業,2024-12-18,1570
8016,矽創,11,0,11,港商法國興業,2024-12-18,1570
3218,大學光,7,0,7,港商法國興業,2024-12-18,1570
2031,新光鋼,6,0,6,港商法國興業,2024-12-18,1570
2535,達欣工,6,0,6,港商法國興業,2024-12-18,1570
2891,中信金,8,2,6,港商法國興業,2024-12-18,1570
6147,頎邦,6,0,6,港商法國興業,2024-12-18,1570
6903,巨漢,6,0,6,港商法國興業,2024-12-18,1570
1232,大統益,5,0,5,港商法國興業,2024-12-18,1570
3105,穩懋,5,0,5,港商法國興業,2024-12-18,1570
8114,振樺電,9,4,5,港商法國興業,2024-12-18,1570
3596,智易,4,0,4,港商法國興業,2024-12-18,1570
8271,宇瞻,4,0,4,港商法國興業,2024-12-18,1570
9945,潤泰新,4,0,4,港商法國興業,2024-12-18,1570
2006,東和鋼鐵,3,0,3,港商法國興業,2024-12-18,1570
2618,長榮航,1025,0,1025,港商法國興業,2024-12-19,1570
3694,海華,219,0,219,港商法國興業,2024-12-19,1570
2886,兆豐金,168,3,165,港商法國興業,2024-12-19,1570
2211,長榮鋼,139,0,139,港商法國興業,2024-12-19,1570
8112,至上,138,0,138,港商法國興業,2024-12-19,1570
8028,昇陽半導體,128,0,128,港商法國興業,2024-12-19,1570
5347,世界,122,0,122,港商法國興業,2024-12-19,1570
2317,鴻海,101,0,101,港商法國興業,2024-12-19,1570
2880,華南金,77,0,77,港商法國興業,2024-12-19,1570
5258,虹堡,69,0,69,港商法國興業,2024-12-19,1570
2646,星宇航空,68,0,68,港商法國興業,2024-12-19,1570
4906,正文,64,0,64,港商法國興業,2024-12-19,1570
6962,ITH-KY,57,0,57,港商法國興業,2024-12-19,1570
3703,欣陸,53,0,53,港商法國興業,2024-12-19,1570
6691,洋基工程,53,0,53,港商法國興業,2024-12-19,1570
6770,力積電,53,0,53,港商法國興業,2024-12-19,1570
8016,矽創,51,0,51,港商法國興業,2024-12-19,1570
8070,長華*,48,0,48,港商法國興業,2024-12-19,1570
2330,台積電,45,0,45,港商法國興業,2024-12-19,1570
9904,寶成,27,0,27,港商法國興業,2024-12-19,1570
3047,訊舟,26,0,26,港商法國興業,2024-12-19,1570
5904,寶雅,26,0,26,港商法國興業,2024-12-19,1570
2313,華通,24,0,24,港商法國興業,2024-12-19,1570
2606,裕民,24,0,24,港商法國興業,2024-12-19,1570
6443,元晶,24,0,24,港商法國興業,2024-12-19,1570
2303,聯電,26,3,23,港商法國興業,2024-12-19,1570
1402,遠東新,49,26,23,港商法國興業,2024-12-19,1570
3029,零壹,23,0,23,港商法國興業,2024-12-19,1570
2027,大成鋼,38,16,22,港商法國興業,2024-12-19,1570
2204,中華,22,0,22,港商法國興業,2024-12-19,1570
2353,宏��,21,0,21,港商法國興業,2024-12-19,1570
2455,全新,21,0,21,港商法國興業,2024-12-19,1570
6282,康舒,20,0,20,港商法國興業,2024-12-19,1570
1785,光洋科,17,0,17,港商法國興業,2024-12-19,1570
6768,志強-KY,16,0,16,港商法國興業,2024-12-19,1570
3704,合勤控,15,0,15,港商法國興業,2024-12-19,1570
1503,士電,14,0,14,港商法國興業,2024-12-19,1570
2891,中信金,18,4,14,港商法國興業,2024-12-19,1570
6214,精誠,14,0,14,港商法國興業,2024-12-19,1570
1308,亞聚,13,0,13,港商法國興業,2024-12-19,1570
2885,元大金,13,0,13,港商法國興業,2024-12-19,1570
3661,世芯-KY,13,0,13,港商法國興業,2024-12-19,1570
1301,台塑,11,0,11,港商法國興業,2024-12-19,1570
2882,國泰金,11,0,11,港商法國興業,2024-12-19,1570
3105,穩懋,11,0,11,港商法國興業,2024-12-19,1570
5880,合庫金,11,0,11,港商法國興業,2024-12-19,1570
6147,頎邦,11,0,11,港商法國興業,2024-12-19,1570
6533,晶心科,11,0,11,港商法國興業,2024-12-19,1570
6274,台燿,9,0,9,港商法國興業,2024-12-19,1570
8114,振樺電,9,0,9,港商法國興業,2024-12-19,1570
