Ticker,Name,buy,sell,diff,Branch,Date,Branch_Code
2867,三商壽,52,0,52,美好-楊梅,2023-01-03,5262
1605,華新,73,34,39,美好-楊梅,2023-01-03,5262
2419,仲琦,29,1,28,美好-楊梅,2023-01-03,5262
00878,國泰永續高股息,28,2,26,美好-楊梅,2023-01-03,5262
2634,漢翔,26,1,25,美好-楊梅,2023-01-03,5262
5351,鈺創,24,1,23,美好-楊梅,2023-01-03,5262
5009,榮剛,21,0,21,美好-楊梅,2023-01-03,5262
2317,鴻海,29,9,20,美好-楊梅,2023-01-03,5262
00673R,期元大S＆P原油反1,20,0,20,美好-楊梅,2023-01-03,5262
1609,大亞,22,3,19,美好-楊梅,2023-01-03,5262
2208,台船,18,0,18,美好-楊梅,2023-01-03,5262
4171,瑞基,52,37,15,美好-楊梅,2023-01-03,5262
2007,燁興,14,0,14,美好-楊梅,2023-01-03,5262
1342,八貫,18,5,13,美好-楊梅,2023-01-03,5262
2464,盟立,13,0,13,美好-楊梅,2023-01-03,5262
2498,宏達電,67,54,13,美好-楊梅,2023-01-03,5262
2603,長榮,17,5,12,美好-楊梅,2023-01-03,5262
4114,健喬,24,14,10,美好-楊梅,2023-01-03,5262
00916,國泰全球品牌50,10,0,10,美好-楊梅,2023-01-03,5262
1789,神隆,10,0,10,美好-楊梅,2023-01-03,5262
2206,三陽工業,10,0,10,美好-楊梅,2023-01-03,5262
2892,第一金,11,1,10,美好-楊梅,2023-01-03,5262
6133,金橋,10,0,10,美好-楊梅,2023-01-03,5262
2905,三商,9,0,9,美好-楊梅,2023-01-03,5262
6550,北極星藥業-KY,9,0,9,美好-楊梅,2023-01-03,5262
4167,松瑞藥,13,5,8,美好-楊梅,2023-01-03,5262
2612,中航,8,0,8,美好-楊梅,2023-01-03,5262
3481,群創,51,43,8,美好-楊梅,2023-01-03,5262
2373,震旦行,7,0,7,美好-楊梅,2023-01-03,5262
2614,東森,7,0,7,美好-楊梅,2023-01-03,5262
2406,國碩,6,0,6,美好-楊梅,2023-01-03,5262
2610,華航,20,14,6,美好-楊梅,2023-01-03,5262
6266,泰詠,6,0,6,美好-楊梅,2023-01-03,5262
00830,國泰費城半導體,5,0,5,美好-楊梅,2023-01-03,5262
1752,南光,19,14,5,美好-楊梅,2023-01-03,5262
2413,環科,5,0,5,美好-楊梅,2023-01-03,5262
3138,耀登,5,0,5,美好-楊梅,2023-01-03,5262
3576,聯合再生,5,0,5,美好-楊梅,2023-01-03,5262
4130,健亞,5,0,5,美好-楊梅,2023-01-03,5262
9904,寶成,5,0,5,美好-楊梅,2023-01-03,5262
2881,富邦金,4,0,4,美好-楊梅,2023-01-03,5262
2886,兆豐金,4,0,4,美好-楊梅,2023-01-03,5262
1101,台泥,9,5,4,美好-楊梅,2023-01-03,5262
1786,科妍,4,0,4,美好-楊梅,2023-01-03,5262
2890,永豐金,4,0,4,美好-楊梅,2023-01-03,5262
6605,帝寶,4,0,4,美好-楊梅,2023-01-03,5262
2884,玉山金,4,1,3,美好-楊梅,2023-01-03,5262
2027,大成鋼,5,2,3,美好-楊梅,2023-01-03,5262
00632R,元大台灣50反1,3,0,3,美好-楊梅,2023-01-03,5262
1536,和大,3,0,3,美好-楊梅,2023-01-03,5262
2610,華航,175,6,169,美好-楊梅,2023-01-04,5262
2498,宏達電,77,9,68,美好-楊梅,2023-01-04,5262
00665L,富邦�琤肭磪囓�2,59,0,59,美好-楊梅,2023-01-04,5262
1605,華新,98,57,41,美好-楊梅,2023-01-04,5262
1609,大亞,49,15,34,美好-楊梅,2023-01-04,5262
9105,泰金寶-DR,50,20,30,美好-楊梅,2023-01-04,5262
2603,長榮,34,5,29,美好-楊梅,2023-01-04,5262
2368,金像電,29,1,28,美好-楊梅,2023-01-04,5262
2317,鴻海,26,1,25,美好-楊梅,2023-01-04,5262
8996,高力,27,3,24,美好-楊梅,2023-01-04,5262
1304,台聚,20,0,20,美好-楊梅,2023-01-04,5262
00752,中信中國50,20,0,20,美好-楊梅,2023-01-04,5262
1734,杏輝,20,0,20,美好-楊梅,2023-01-04,5262
00642U,期元大S＆P石油,18,0,18,美好-楊梅,2023-01-04,5262
5905,南仁湖,18,0,18,美好-楊梅,2023-01-04,5262
2302,麗正,16,0,16,美好-楊梅,2023-01-04,5262
2913,農林,15,0,15,美好-楊梅,2023-01-04,5262
2609,陽明,38,25,13,美好-楊梅,2023-01-04,5262
2359,所羅門,13,1,12,美好-楊梅,2023-01-04,5262
1314,中石化,11,0,11,美好-楊梅,2023-01-04,5262
00893,國泰智能電動車,11,0,11,美好-楊梅,2023-01-04,5262
4114,健喬,16,5,11,美好-楊梅,2023-01-04,5262
9945,潤泰新,11,0,11,美好-楊梅,2023-01-04,5262
3540,曜越,10,0,10,美好-楊梅,2023-01-04,5262
4707,磐亞,10,0,10,美好-楊梅,2023-01-04,5262
0050,元大台灣50,10,0,10,美好-楊梅,2023-01-04,5262
2484,希華,10,1,9,美好-楊梅,2023-01-04,5262
6244,茂迪,12,3,9,美好-楊梅,2023-01-04,5262
3005,神基,8,0,8,美好-楊梅,2023-01-04,5262
3189,景碩,10,3,7,美好-楊梅,2023-01-04,5262
8046,南電,7,0,7,美好-楊梅,2023-01-04,5262
2884,玉山金,7,1,6,美好-楊梅,2023-01-04,5262
0056,元大高股息,6,0,6,美好-楊梅,2023-01-04,5262
00830,國泰費城半導體,6,0,6,美好-楊梅,2023-01-04,5262
2605,新興,6,0,6,美好-楊梅,2023-01-04,5262
2637,慧洋-KY,6,0,6,美好-楊梅,2023-01-04,5262
3092,鴻碩,6,0,6,美好-楊梅,2023-01-04,5262
5425,台半,29,23,6,美好-楊梅,2023-01-04,5262
5608,四維航,6,0,6,美好-楊梅,2023-01-04,5262
00891,中信關鍵半導體,5,0,5,美好-楊梅,2023-01-04,5262
1560,中砂,6,1,5,美好-楊梅,2023-01-04,5262
1584,精剛,5,0,5,美好-楊梅,2023-01-04,5262
1720,生達,6,1,5,美好-楊梅,2023-01-04,5262
1907,永豐餘,5,0,5,美好-楊梅,2023-01-04,5262
2206,三陽工業,5,0,5,美好-楊梅,2023-01-04,5262
2465,麗臺,6,1,5,美好-楊梅,2023-01-04,5262
3037,欣興,10,5,5,美好-楊梅,2023-01-04,5262
2201,裕隆,24,20,4,美好-楊梅,2023-01-04,5262
1727,中華化,5,1,4,美好-楊梅,2023-01-04,5262
2455,全新,4,0,4,美好-楊梅,2023-01-04,5262
00632R,元大台灣50反1,30,0,30,美好-楊梅,2023-01-05,5262
5351,鈺創,32,4,28,美好-楊梅,2023-01-05,5262
2618,長榮航,38,12,26,美好-楊梅,2023-01-05,5262
2610,華航,37,12,25,美好-楊梅,2023-01-05,5262
2317,鴻海,25,2,23,美好-楊梅,2023-01-05,5262
00642U,期元大S＆P石油,23,0,23,美好-楊梅,2023-01-05,5262
6139,亞翔,25,2,23,美好-楊梅,2023-01-05,5262
2312,金寶,21,0,21,美好-楊梅,2023-01-05,5262
9945,潤泰新,20,0,20,美好-楊梅,2023-01-05,5262
8358,金居,59,40,19,美好-楊梅,2023-01-05,5262
2313,華通,18,0,18,美好-楊梅,2023-01-05,5262
8931,大汽電,18,0,18,美好-楊梅,2023-01-05,5262
2634,漢翔,19,2,17,美好-楊梅,2023-01-05,5262
2891,中信金,24,7,17,美好-楊梅,2023-01-05,5262
00713,元大台灣高息低波,16,0,16,美好-楊梅,2023-01-05,5262
2464,盟立,16,0,16,美好-楊梅,2023-01-05,5262
00665L,富邦�琤肭磪囓�2,15,0,15,美好-楊梅,2023-01-05,5262
0056,元大高股息,14,2,12,美好-楊梅,2023-01-05,5262
1605,華新,20,9,11,美好-楊梅,2023-01-05,5262
6274,台燿,17,6,11,美好-楊梅,2023-01-05,5262
00715L,期街口布蘭特正2,10,0,10,美好-楊梅,2023-01-05,5262
2349,錸德,10,0,10,美好-楊梅,2023-01-05,5262
2373,震旦行,10,0,10,美好-楊梅,2023-01-05,5262
00878,國泰永續高股息,22,13,9,美好-楊梅,2023-01-05,5262
1802,台玻,20,11,9,美好-楊梅,2023-01-05,5262
2419,仲琦,29,21,8,美好-楊梅,2023-01-05,5262
6472,保瑞,7,0,7,美好-楊梅,2023-01-05,5262
2890,永豐金,12,5,7,美好-楊梅,2023-01-05,5262
2465,麗臺,8,2,6,美好-楊梅,2023-01-05,5262
3017,奇鋐,7,1,6,美好-楊梅,2023-01-05,5262
3515,華擎,8,2,6,美好-楊梅,2023-01-05,5262
1503,士電,6,1,5,美好-楊梅,2023-01-05,5262
1514,亞力,5,0,5,美好-楊梅,2023-01-05,5262
1708,東鹼,5,0,5,美好-楊梅,2023-01-05,5262
2009,第一銅,5,0,5,美好-楊梅,2023-01-05,5262
2338,光罩,13,8,5,美好-楊梅,2023-01-05,5262
2353,宏��,5,0,5,美好-楊梅,2023-01-05,5262
3027,盛達,6,1,5,美好-楊梅,2023-01-05,5262
3272,東碩,8,3,5,美好-楊梅,2023-01-05,5262
3479,安勤,11,6,5,美好-楊梅,2023-01-05,5262
3576,聯合再生,6,1,5,美好-楊梅,2023-01-05,5262
4167,松瑞藥,10,5,5,美好-楊梅,2023-01-05,5262
5011,久陽,5,0,5,美好-楊梅,2023-01-05,5262
6226,光鼎,5,0,5,美好-楊梅,2023-01-05,5262
1319,東陽,4,0,4,美好-楊梅,2023-01-05,5262
1417,嘉裕,11,7,4,美好-楊梅,2023-01-05,5262
1218,泰山,4,0,4,美好-楊梅,2023-01-05,5262
1513,中興電,7,3,4,美好-楊梅,2023-01-05,5262
2328,廣宇,5,1,4,美好-楊梅,2023-01-05,5262
3037,欣興,10,6,4,美好-楊梅,2023-01-05,5262
00632R,元大台灣50反1,206,20,186,美好-楊梅,2023-01-06,5262
00679B,元大美債20年,38,0,38,美好-楊梅,2023-01-06,5262
2610,華航,53,18,35,美好-楊梅,2023-01-06,5262
5475,德宏,38,7,31,美好-楊梅,2023-01-06,5262
00738U,期元大道瓊白銀,30,0,30,美好-楊梅,2023-01-06,5262
2373,震旦行,28,0,28,美好-楊梅,2023-01-06,5262
2313,華通,33,9,24,美好-楊梅,2023-01-06,5262
2618,長榮航,26,5,21,美好-楊梅,2023-01-06,5262
1101,台泥,22,2,20,美好-楊梅,2023-01-06,5262
1701,中化,20,5,15,美好-楊梅,2023-01-06,5262
4714,永捷,15,0,15,美好-楊梅,2023-01-06,5262
8171,天宇,33,20,13,美好-楊梅,2023-01-06,5262
2615,萬海,20,7,13,美好-楊梅,2023-01-06,5262
6116,彩晶,13,0,13,美好-楊梅,2023-01-06,5262
3704,合勤控,21,9,12,美好-楊梅,2023-01-06,5262
00893,國泰智能電動車,12,0,12,美好-楊梅,2023-01-06,5262
1314,中石化,11,0,11,美好-楊梅,2023-01-06,5262
00720B,元大投資級公司債,11,0,11,美好-楊梅,2023-01-06,5262
2380,虹光,12,1,11,美好-楊梅,2023-01-06,5262
3264,欣銓,20,10,10,美好-楊梅,2023-01-06,5262
5498,凱崴,10,0,10,美好-楊梅,2023-01-06,5262
00830,國泰費城半導體,7,0,7,美好-楊梅,2023-01-06,5262
3017,奇鋐,7,0,7,美好-楊梅,2023-01-06,5262
3027,盛達,7,0,7,美好-楊梅,2023-01-06,5262
00770,國泰北美科技,6,0,6,美好-楊梅,2023-01-06,5262
1316,上曜,10,5,5,美好-楊梅,2023-01-06,5262
4114,健喬,27,22,5,美好-楊梅,2023-01-06,5262
2892,第一金,5,0,5,美好-楊梅,2023-01-06,5262
00885,富邦越南,5,0,5,美好-楊梅,2023-01-06,5262
00701,國泰股利精選30,5,0,5,美好-楊梅,2023-01-06,5262
2009,第一銅,5,0,5,美好-楊梅,2023-01-06,5262
2607,榮運,5,0,5,美好-楊梅,2023-01-06,5262
3339,泰谷,5,0,5,美好-楊梅,2023-01-06,5262
5009,榮剛,5,0,5,美好-楊梅,2023-01-06,5262
6244,茂迪,5,0,5,美好-楊梅,2023-01-06,5262
6176,瑞儀,4,0,4,美好-楊梅,2023-01-06,5262
6472,保瑞,4,0,4,美好-楊梅,2023-01-06,5262
1519,華城,20,16,4,美好-楊梅,2023-01-06,5262
2027,大成鋼,5,1,4,美好-楊梅,2023-01-06,5262
2642,宅配通,5,1,4,美好-楊梅,2023-01-06,5262
4130,健亞,4,0,4,美好-楊梅,2023-01-06,5262
6411,晶焱,4,0,4,美好-楊梅,2023-01-06,5262
2609,陽明,23,20,3,美好-楊梅,2023-01-06,5262
1417,嘉裕,5,2,3,美好-楊梅,2023-01-06,5262
1760,寶齡富錦,3,0,3,美好-楊梅,2023-01-06,5262
2388,威盛,4,1,3,美好-楊梅,2023-01-06,5262
2402,毅嘉,3,0,3,美好-楊梅,2023-01-06,5262
2472,立隆電,5,2,3,美好-楊梅,2023-01-06,5262
2636,台驊控股,3,0,3,美好-楊梅,2023-01-06,5262
3406,玉晶光,7,4,3,美好-楊梅,2023-01-06,5262
00632R,元大台灣50反1,204,0,204,美好-楊梅,2023-01-09,5262
1909,榮成,62,24,38,美好-楊梅,2023-01-09,5262
00893,國泰智能電動車,30,0,30,美好-楊梅,2023-01-09,5262
00891,中信關鍵半導體,27,0,27,美好-楊梅,2023-01-09,5262
00676R,富邦臺灣加權反1,23,0,23,美好-楊梅,2023-01-09,5262
5483,中美晶,23,0,23,美好-楊梅,2023-01-09,5262
6129,普誠,21,0,21,美好-楊梅,2023-01-09,5262
9945,潤泰新,27,6,21,美好-楊梅,2023-01-09,5262
00673R,期元大S＆P原油反1,20,0,20,美好-楊梅,2023-01-09,5262
2023,燁輝,20,0,20,美好-楊梅,2023-01-09,5262
3481,群創,41,21,20,美好-楊梅,2023-01-09,5262
6629,泰金-KY,20,0,20,美好-楊梅,2023-01-09,5262
6133,金橋,19,2,17,美好-楊梅,2023-01-09,5262
6153,嘉聯益,16,0,16,美好-楊梅,2023-01-09,5262
2603,長榮,28,13,15,美好-楊梅,2023-01-09,5262
2201,裕隆,28,14,14,美好-楊梅,2023-01-09,5262
6176,瑞儀,14,0,14,美好-楊梅,2023-01-09,5262
00903,富邦元宇宙,12,0,12,美好-楊梅,2023-01-09,5262
2886,兆豐金,12,0,12,美好-楊梅,2023-01-09,5262
2208,台船,11,0,11,美好-楊梅,2023-01-09,5262
2338,光罩,17,6,11,美好-楊梅,2023-01-09,5262
3059,華晶科,11,0,11,美好-楊梅,2023-01-09,5262
8996,高力,34,23,11,美好-楊梅,2023-01-09,5262
1513,中興電,29,19,10,美好-楊梅,2023-01-09,5262
2027,大成鋼,10,0,10,美好-楊梅,2023-01-09,5262
2101,南港,10,0,10,美好-楊梅,2023-01-09,5262
2349,錸德,10,0,10,美好-楊梅,2023-01-09,5262
3049,精金,10,0,10,美好-楊梅,2023-01-09,5262
3682,亞太電,10,0,10,美好-楊梅,2023-01-09,5262
4157,太景*-KY,10,0,10,美好-楊梅,2023-01-09,5262
1515,力山,9,0,9,美好-楊梅,2023-01-09,5262
1605,華新,62,54,8,美好-楊梅,2023-01-09,5262
2614,東森,8,0,8,美好-楊梅,2023-01-09,5262
3707,漢磊,10,2,8,美好-楊梅,2023-01-09,5262
6770,力積電,31,23,8,美好-楊梅,2023-01-09,5262
4916,事欣科,7,0,7,美好-楊梅,2023-01-09,5262
1319,東陽,7,1,6,美好-楊梅,2023-01-09,5262
3017,奇鋐,6,0,6,美好-楊梅,2023-01-09,5262
6829,千附精密,6,0,6,美好-楊梅,2023-01-09,5262
00671R,富邦NASDAQ反1,5,0,5,美好-楊梅,2023-01-09,5262
2431,聯昌,5,0,5,美好-楊梅,2023-01-09,5262
3162,精確,5,0,5,美好-楊梅,2023-01-09,5262
3515,華擎,11,6,5,美好-楊梅,2023-01-09,5262
6127,九豪,5,0,5,美好-楊梅,2023-01-09,5262
6285,啟��,5,0,5,美好-楊梅,2023-01-09,5262
6461,益得,6,1,5,美好-楊梅,2023-01-09,5262
6806,森崴能源,4,0,4,美好-楊梅,2023-01-09,5262
4961,天鈺,15,11,4,美好-楊梅,2023-01-09,5262
1314,中石化,4,0,4,美好-楊梅,2023-01-09,5262
00669R,國泰美國道瓊反1,4,0,4,美好-楊梅,2023-01-09,5262
3339,泰谷,60,0,60,美好-楊梅,2023-01-10,5262
2867,三商壽,58,0,58,美好-楊梅,2023-01-10,5262
1708,東鹼,52,1,51,美好-楊梅,2023-01-10,5262
2929,淘帝-KY,39,0,39,美好-楊梅,2023-01-10,5262
2498,宏達電,40,2,38,美好-楊梅,2023-01-10,5262
9962,有益,32,1,31,美好-楊梅,2023-01-10,5262
3356,奇偶,20,0,20,美好-楊梅,2023-01-10,5262
6118,建達,20,0,20,美好-楊梅,2023-01-10,5262
6443,元晶,27,7,20,美好-楊梅,2023-01-10,5262
3481,群創,144,131,13,美好-楊梅,2023-01-10,5262
1101,台泥,13,0,13,美好-楊梅,2023-01-10,5262
2444,兆勁,13,0,13,美好-楊梅,2023-01-10,5262
3013,晟銘電,12,0,12,美好-楊梅,2023-01-10,5262
5608,四維航,11,0,11,美好-楊梅,2023-01-10,5262
9945,潤泰新,10,0,10,美好-楊梅,2023-01-10,5262
00637L,元大滬深300正2,10,0,10,美好-楊梅,2023-01-10,5262
1319,東陽,11,1,10,美好-楊梅,2023-01-10,5262
3682,亞太電,10,0,10,美好-楊梅,2023-01-10,5262
5211,蒙恬,10,0,10,美好-楊梅,2023-01-10,5262
4566,時碩工業,9,0,9,美好-楊梅,2023-01-10,5262
1314,中石化,9,1,8,美好-楊梅,2023-01-10,5262
6274,台燿,9,1,8,美好-楊梅,2023-01-10,5262
2313,華通,9,2,7,美好-楊梅,2023-01-10,5262
2208,台船,7,0,7,美好-楊梅,2023-01-10,5262
2421,建準,7,0,7,美好-楊梅,2023-01-10,5262
3454,晶睿,97,90,7,美好-楊梅,2023-01-10,5262
6226,光鼎,7,0,7,美好-楊梅,2023-01-10,5262
2312,金寶,6,0,6,美好-楊梅,2023-01-10,5262
2615,萬海,16,10,6,美好-楊梅,2023-01-10,5262
3011,今皓,16,10,6,美好-楊梅,2023-01-10,5262
3037,欣興,7,1,6,美好-楊梅,2023-01-10,5262
3178,公準,6,0,6,美好-楊梅,2023-01-10,5262
3532,台勝科,6,0,6,美好-楊梅,2023-01-10,5262
3535,晶彩科,6,0,6,美好-楊梅,2023-01-10,5262
4105,東洋,6,0,6,美好-楊梅,2023-01-10,5262
6469,大樹,6,0,6,美好-楊梅,2023-01-10,5262
00728,第一金工業30,5,0,5,美好-楊梅,2023-01-10,5262
1515,力山,5,0,5,美好-楊梅,2023-01-10,5262
2380,虹光,5,0,5,美好-楊梅,2023-01-10,5262
2460,建通,5,0,5,美好-楊梅,2023-01-10,5262
3515,華擎,5,0,5,美好-楊梅,2023-01-10,5262
3680,家登,5,0,5,美好-楊梅,2023-01-10,5262
5483,中美晶,6,1,5,美好-楊梅,2023-01-10,5262
3704,合勤控,20,16,4,美好-楊梅,2023-01-10,5262
1308,亞聚,6,2,4,美好-楊梅,2023-01-10,5262
1514,亞力,5,1,4,美好-楊梅,2023-01-10,5262
1609,大亞,4,0,4,美好-楊梅,2023-01-10,5262
2607,榮運,4,0,4,美好-楊梅,2023-01-10,5262
3006,晶豪科,6,2,4,美好-楊梅,2023-01-10,5262
6127,九豪,5,1,4,美好-楊梅,2023-01-10,5262
00665L,富邦�琤肭磪囓�2,69,0,69,美好-楊梅,2023-01-11,5262
2888,新光金,81,50,31,美好-楊梅,2023-01-11,5262
9105,泰金寶-DR,31,0,31,美好-楊梅,2023-01-11,5262
00878,國泰永續高股息,29,1,28,美好-楊梅,2023-01-11,5262
3062,建漢,26,0,26,美好-楊梅,2023-01-11,5262
2498,宏達電,39,15,24,美好-楊梅,2023-01-11,5262
2634,漢翔,29,5,24,美好-楊梅,2023-01-11,5262
2618,長榮航,45,23,22,美好-楊梅,2023-01-11,5262
2313,華通,26,6,20,美好-楊梅,2023-01-11,5262
1519,華城,19,0,19,美好-楊梅,2023-01-11,5262
2892,第一金,20,1,19,美好-楊梅,2023-01-11,5262
3704,合勤控,42,23,19,美好-楊梅,2023-01-11,5262
2312,金寶,20,2,18,美好-楊梅,2023-01-11,5262
2834,臺企銀,19,2,17,美好-楊梅,2023-01-11,5262
4979,華星光,38,21,17,美好-楊梅,2023-01-11,5262
3515,華擎,15,2,13,美好-楊梅,2023-01-11,5262
8033,雷虎,13,0,13,美好-楊梅,2023-01-11,5262
00676R,富邦臺灣加權反1,16,6,10,美好-楊梅,2023-01-11,5262
1616,億泰,10,0,10,美好-楊梅,2023-01-11,5262
1762,中化生,10,0,10,美好-楊梅,2023-01-11,5262
8926,台汽電,10,0,10,美好-楊梅,2023-01-11,5262
2352,佳世達,10,1,9,美好-楊梅,2023-01-11,5262
6127,九豪,7,0,7,美好-楊梅,2023-01-11,5262
4102,永日,7,0,7,美好-楊梅,2023-01-11,5262
6547,高端疫苗,7,0,7,美好-楊梅,2023-01-11,5262
1795,美時,13,7,6,美好-楊梅,2023-01-11,5262
00888,永豐台灣ESG,6,0,6,美好-楊梅,2023-01-11,5262
1560,中砂,13,7,6,美好-楊梅,2023-01-11,5262
2317,鴻海,20,14,6,美好-楊梅,2023-01-11,5262
3481,群創,110,104,6,美好-楊梅,2023-01-11,5262
6806,森崴能源,7,1,6,美好-楊梅,2023-01-11,5262
8038,長園科,9,3,6,美好-楊梅,2023-01-11,5262
2882,國泰金,5,0,5,美好-楊梅,2023-01-11,5262
1783,和康生,5,0,5,美好-楊梅,2023-01-11,5262
1809,中釉,5,0,5,美好-楊梅,2023-01-11,5262
2363,矽統,5,0,5,美好-楊梅,2023-01-11,5262
2402,毅嘉,5,0,5,美好-楊梅,2023-01-11,5262
2405,輔信,5,0,5,美好-楊梅,2023-01-11,5262
2465,麗臺,13,8,5,美好-楊梅,2023-01-11,5262
5009,榮剛,9,4,5,美好-楊梅,2023-01-11,5262
5439,高技,5,0,5,美好-楊梅,2023-01-11,5262
6152,百一,5,0,5,美好-楊梅,2023-01-11,5262
6461,益得,6,1,5,美好-楊梅,2023-01-11,5262
00772B,中信高評級公司債,4,0,4,美好-楊梅,2023-01-11,5262
1319,東陽,8,4,4,美好-楊梅,2023-01-11,5262
2413,環科,8,4,4,美好-楊梅,2023-01-11,5262
2637,慧洋-KY,4,0,4,美好-楊梅,2023-01-11,5262
3128,昇銳,4,0,4,美好-楊梅,2023-01-11,5262
6477,安集,4,0,4,美好-楊梅,2023-01-11,5262
8049,晶采,6,2,4,美好-楊梅,2023-01-11,5262
00665L,富邦�琤肭磪囓�2,241,0,241,美好-楊梅,2023-01-12,5262
3339,泰谷,35,0,35,美好-楊梅,2023-01-12,5262
1815,富喬,30,0,30,美好-楊梅,2023-01-12,5262
2614,東森,38,10,28,美好-楊梅,2023-01-12,5262
2603,長榮,41,14,27,美好-楊梅,2023-01-12,5262
3481,群創,126,100,26,美好-楊梅,2023-01-12,5262
2609,陽明,49,24,25,美好-楊梅,2023-01-12,5262
00673R,期元大S＆P原油反1,20,0,20,美好-楊梅,2023-01-12,5262
00753L,中信中國50正2,20,0,20,美好-楊梅,2023-01-12,5262
3587,閎康,20,0,20,美好-楊梅,2023-01-12,5262
3710,連展投控,19,0,19,美好-楊梅,2023-01-12,5262
2312,金寶,16,0,16,美好-楊梅,2023-01-12,5262
8033,雷虎,19,5,14,美好-楊梅,2023-01-12,5262
00900,富邦特選高股息30,13,0,13,美好-楊梅,2023-01-12,5262
2373,震旦行,13,0,13,美好-楊梅,2023-01-12,5262
00770,國泰北美科技,11,0,11,美好-楊梅,2023-01-12,5262
2342,茂矽,13,2,11,美好-楊梅,2023-01-12,5262
00637L,元大滬深300正2,10,0,10,美好-楊梅,2023-01-12,5262
2208,台船,10,0,10,美好-楊梅,2023-01-12,5262
2607,榮運,11,1,10,美好-楊梅,2023-01-12,5262
5880,合庫金,9,0,9,美好-楊梅,2023-01-12,5262
2834,臺企銀,9,0,9,美好-楊梅,2023-01-12,5262
5425,台半,10,1,9,美好-楊梅,2023-01-12,5262
2436,偉詮電,8,0,8,美好-楊梅,2023-01-12,5262
2884,玉山金,10,2,8,美好-楊梅,2023-01-12,5262
6182,合晶,8,0,8,美好-楊梅,2023-01-12,5262
3576,聯合再生,7,0,7,美好-楊梅,2023-01-12,5262
4114,健喬,11,4,7,美好-楊梅,2023-01-12,5262
2014,中鴻,9,3,6,美好-楊梅,2023-01-12,5262
2886,兆豐金,6,0,6,美好-楊梅,2023-01-12,5262
2888,新光金,10,4,6,美好-楊梅,2023-01-12,5262
6472,保瑞,5,0,5,美好-楊梅,2023-01-12,5262
00888,永豐台灣ESG,5,0,5,美好-楊梅,2023-01-12,5262
00882,中信中國高股息,5,0,5,美好-楊梅,2023-01-12,5262
2444,兆勁,5,0,5,美好-楊梅,2023-01-12,5262
3682,亞太電,5,0,5,美好-楊梅,2023-01-12,5262
4747,強生,5,0,5,美好-楊梅,2023-01-12,5262
4804,大略-KY,5,0,5,美好-楊梅,2023-01-12,5262
5907,大洋-KY,5,0,5,美好-楊梅,2023-01-12,5262
6116,彩晶,6,1,5,美好-楊梅,2023-01-12,5262
6226,光鼎,5,0,5,美好-楊梅,2023-01-12,5262
8044,網家,5,0,5,美好-楊梅,2023-01-12,5262
0056,元大高股息,5,1,4,美好-楊梅,2023-01-12,5262
00669R,國泰美國道瓊反1,4,0,4,美好-楊梅,2023-01-12,5262
1319,東陽,4,0,4,美好-楊梅,2023-01-12,5262
1810,和成,4,0,4,美好-楊梅,2023-01-12,5262
1905,華紙,4,0,4,美好-楊梅,2023-01-12,5262
2421,建準,4,0,4,美好-楊梅,2023-01-12,5262
2748,雲品,4,0,4,美好-楊梅,2023-01-12,5262
3149,正達,4,0,4,美好-楊梅,2023-01-12,5262
00676R,富邦臺灣加權反1,60,0,60,美好-楊梅,2023-01-13,5262
2349,錸德,30,0,30,美好-楊梅,2023-01-13,5262
2373,震旦行,28,0,28,美好-楊梅,2023-01-13,5262
2201,裕隆,17,4,13,美好-楊梅,2023-01-13,5262
6279,胡連,14,2,12,美好-楊梅,2023-01-13,5262
8050,廣積,12,0,12,美好-楊梅,2023-01-13,5262
8028,昇陽半導體,12,1,11,美好-楊梅,2023-01-13,5262
2603,長榮,11,0,11,美好-楊梅,2023-01-13,5262
1218,泰山,10,0,10,美好-楊梅,2023-01-13,5262
2887,台新金,10,0,10,美好-楊梅,2023-01-13,5262
3550,聯穎,10,0,10,美好-楊梅,2023-01-13,5262
3708,上緯投控,10,0,10,美好-楊梅,2023-01-13,5262
5388,中磊,10,0,10,美好-楊梅,2023-01-13,5262
8064,東捷,10,0,10,美好-楊梅,2023-01-13,5262
2404,漢唐,20,11,9,美好-楊梅,2023-01-13,5262
2609,陽明,23,14,9,美好-楊梅,2023-01-13,5262
00919,群益台灣精選高息,8,0,8,美好-楊梅,2023-01-13,5262
2027,大成鋼,10,2,8,美好-楊梅,2023-01-13,5262
5536,聖暉*,8,0,8,美好-楊梅,2023-01-13,5262
1909,榮成,7,0,7,美好-楊梅,2023-01-13,5262
2009,第一銅,8,1,7,美好-楊梅,2023-01-13,5262
2312,金寶,7,0,7,美好-楊梅,2023-01-13,5262
2371,大同,7,0,7,美好-楊梅,2023-01-13,5262
3105,穩懋,41,34,7,美好-楊梅,2023-01-13,5262
3189,景碩,12,5,7,美好-楊梅,2023-01-13,5262
00885,富邦越南,6,0,6,美好-楊梅,2023-01-13,5262
3624,光頡,8,2,6,美好-楊梅,2023-01-13,5262
9933,中鼎,6,0,6,美好-楊梅,2023-01-13,5262
2313,華通,6,1,5,美好-楊梅,2023-01-13,5262
00882,中信中國高股息,5,0,5,美好-楊梅,2023-01-13,5262
00905,FT臺灣Smart,5,0,5,美好-楊梅,2023-01-13,5262
1519,華城,15,10,5,美好-楊梅,2023-01-13,5262
1539,巨庭,5,0,5,美好-楊梅,2023-01-13,5262
2020,美亞,5,0,5,美好-楊梅,2023-01-13,5262
2301,光寶科,5,0,5,美好-楊梅,2023-01-13,5262
2406,國碩,6,1,5,美好-楊梅,2023-01-13,5262
2834,臺企銀,5,0,5,美好-楊梅,2023-01-13,5262
3017,奇鋐,5,0,5,美好-楊梅,2023-01-13,5262
3027,盛達,8,3,5,美好-楊梅,2023-01-13,5262
4979,華星光,6,1,5,美好-楊梅,2023-01-13,5262
5607,遠雄港,5,0,5,美好-楊梅,2023-01-13,5262
6231,系微,5,0,5,美好-楊梅,2023-01-13,5262
5351,鈺創,5,0,5,美好-楊梅,2023-01-13,5262
3346,麗清,5,0,5,美好-楊梅,2023-01-13,5262
1514,亞力,4,0,4,美好-楊梅,2023-01-13,5262
00909,國泰數位支付服務,5,1,4,美好-楊梅,2023-01-13,5262
2023,燁輝,4,0,4,美好-楊梅,2023-01-13,5262
2342,茂矽,4,0,4,美好-楊梅,2023-01-13,5262
2892,第一金,4,0,4,美好-楊梅,2023-01-13,5262
3162,精確,5,1,4,美好-楊梅,2023-01-13,5262
2610,華航,66,13,53,美好-楊梅,2023-01-16,5262
2905,三商,50,0,50,美好-楊梅,2023-01-16,5262
2897,王道銀行,37,2,35,美好-楊梅,2023-01-16,5262
00679B,元大美債20年,34,5,29,美好-楊梅,2023-01-16,5262
2317,鴻海,28,2,26,美好-楊梅,2023-01-16,5262
3680,家登,31,7,24,美好-楊梅,2023-01-16,5262
6770,力積電,26,3,23,美好-楊梅,2023-01-16,5262
00888,永豐台灣ESG,20,0,20,美好-楊梅,2023-01-16,5262
00751B,元大AAA至A公司債,20,0,20,美好-楊梅,2023-01-16,5262
2845,遠東銀,20,1,19,美好-楊梅,2023-01-16,5262
00772B,中信高評級公司債,18,0,18,美好-楊梅,2023-01-16,5262
00642U,期元大S＆P石油,17,0,17,美好-楊梅,2023-01-16,5262
4130,健亞,15,1,14,美好-楊梅,2023-01-16,5262
8110,華東,15,1,14,美好-楊梅,2023-01-16,5262
2373,震旦行,13,0,13,美好-楊梅,2023-01-16,5262
6461,益得,13,0,13,美好-楊梅,2023-01-16,5262
00632R,元大台灣50反1,12,0,12,美好-楊梅,2023-01-16,5262
0056,元大高股息,15,3,12,美好-楊梅,2023-01-16,5262
1612,宏泰,12,1,11,美好-楊梅,2023-01-16,5262
2367,燿華,11,0,11,美好-楊梅,2023-01-16,5262
4726,永昕,11,0,11,美好-楊梅,2023-01-16,5262
1909,榮成,12,1,11,美好-楊梅,2023-01-16,5262
2618,長榮航,13,2,11,美好-楊梅,2023-01-16,5262
2399,映泰,12,2,10,美好-楊梅,2023-01-16,5262
00885,富邦越南,10,1,9,美好-楊梅,2023-01-16,5262
2359,所羅門,10,1,9,美好-楊梅,2023-01-16,5262
6226,光鼎,9,0,9,美好-楊梅,2023-01-16,5262
6279,胡連,9,0,9,美好-楊梅,2023-01-16,5262
1524,耿鼎,8,0,8,美好-楊梅,2023-01-16,5262
2492,華新科,11,3,8,美好-楊梅,2023-01-16,5262
5351,鈺創,9,1,8,美好-楊梅,2023-01-16,5262
2615,萬海,20,13,7,美好-楊梅,2023-01-16,5262
2498,宏達電,7,0,7,美好-楊梅,2023-01-16,5262
2882,國泰金,10,4,6,美好-楊梅,2023-01-16,5262
2834,臺企銀,8,2,6,美好-楊梅,2023-01-16,5262
2014,中鴻,8,2,6,美好-楊梅,2023-01-16,5262
2338,光罩,7,1,6,美好-楊梅,2023-01-16,5262
6191,精成科,6,0,6,美好-楊梅,2023-01-16,5262
8077,洛��,6,0,6,美好-楊梅,2023-01-16,5262
8358,金居,9,3,6,美好-楊梅,2023-01-16,5262
8924,大田,6,0,6,美好-楊梅,2023-01-16,5262
8112,至上,5,0,5,美好-楊梅,2023-01-16,5262
00907,永豐優息存股,5,0,5,美好-楊梅,2023-01-16,5262
00905,FT臺灣Smart,5,0,5,美好-楊梅,2023-01-16,5262
1301,台塑,5,0,5,美好-楊梅,2023-01-16,5262
2030,彰源,5,0,5,美好-楊梅,2023-01-16,5262
2360,致茂,5,0,5,美好-楊梅,2023-01-16,5262
2511,太子,5,0,5,美好-楊梅,2023-01-16,5262
5284,jpp-KY,5,0,5,美好-楊梅,2023-01-16,5262
6469,大樹,5,0,5,美好-楊梅,2023-01-16,5262
1417,嘉裕,65,2,63,美好-楊梅,2023-01-17,5262
2317,鴻海,54,5,49,美好-楊梅,2023-01-17,5262
2610,華航,59,14,45,美好-楊梅,2023-01-17,5262
2208,台船,39,0,39,美好-楊梅,2023-01-17,5262
3481,群創,28,0,28,美好-楊梅,2023-01-17,5262
2373,震旦行,25,0,25,美好-楊梅,2023-01-17,5262
00753L,中信中國50正2,41,20,21,美好-楊梅,2023-01-17,5262
3454,晶睿,24,6,18,美好-楊梅,2023-01-17,5262
1101,台泥,41,25,16,美好-楊梅,2023-01-17,5262
8924,大田,16,0,16,美好-楊梅,2023-01-17,5262
00633L,富邦上証正2,15,0,15,美好-楊梅,2023-01-17,5262
2884,玉山金,13,0,13,美好-楊梅,2023-01-17,5262
2368,金像電,12,1,11,美好-楊梅,2023-01-17,5262
2880,華南金,11,0,11,美好-楊梅,2023-01-17,5262
1313,聯成,11,0,11,美好-楊梅,2023-01-17,5262
9933,中鼎,11,0,11,美好-楊梅,2023-01-17,5262
2351,順德,10,0,10,美好-楊梅,2023-01-17,5262
3016,嘉晶,10,0,10,美好-楊梅,2023-01-17,5262
6133,金橋,10,0,10,美好-楊梅,2023-01-17,5262
6220,岳豐,10,0,10,美好-楊梅,2023-01-17,5262
6226,光鼎,13,3,10,美好-楊梅,2023-01-17,5262
8040,九暘,10,0,10,美好-楊梅,2023-01-17,5262
2887,台新金,10,1,9,美好-楊梅,2023-01-17,5262
0050,元大台灣50,11,2,9,美好-楊梅,2023-01-17,5262
2603,長榮,12,5,7,美好-楊梅,2023-01-17,5262
1809,中釉,7,0,7,美好-楊梅,2023-01-17,5262
2883,凱基金,10,3,7,美好-楊梅,2023-01-17,5262
2885,元大金,7,0,7,美好-楊梅,2023-01-17,5262
2358,廷鑫,7,0,7,美好-楊梅,2023-01-17,5262
2618,長榮航,21,15,6,美好-楊梅,2023-01-17,5262
6167,久正,6,0,6,美好-楊梅,2023-01-17,5262
6244,茂迪,10,4,6,美好-楊梅,2023-01-17,5262
1229,聯華,6,0,6,美好-楊梅,2023-01-17,5262
2009,第一銅,5,0,5,美好-楊梅,2023-01-17,5262
8171,天宇,5,0,5,美好-楊梅,2023-01-17,5262
006208,富邦台50,5,0,5,美好-楊梅,2023-01-17,5262
00751B,元大AAA至A公司債,5,0,5,美好-楊梅,2023-01-17,5262
3037,欣興,6,1,5,美好-楊梅,2023-01-17,5262
3664,安瑞-KY,5,0,5,美好-楊梅,2023-01-17,5262
5263,智崴,5,0,5,美好-楊梅,2023-01-17,5262
6182,合晶,7,2,5,美好-楊梅,2023-01-17,5262
00912,中信臺灣智慧50,4,0,4,美好-楊梅,2023-01-17,5262
1519,華城,5,1,4,美好-楊梅,2023-01-17,5262
1529,樂事綠能,12,8,4,美好-楊梅,2023-01-17,5262
1752,南光,6,2,4,美好-楊梅,2023-01-17,5262
2030,彰源,4,0,4,美好-楊梅,2023-01-17,5262
2357,華碩,4,0,4,美好-楊梅,2023-01-17,5262
2484,希華,4,0,4,美好-楊梅,2023-01-17,5262
3090,日電貿,4,0,4,美好-楊梅,2023-01-17,5262
8049,晶采,4,0,4,美好-楊梅,2023-01-17,5262
00632R,元大台灣50反1,141,0,141,美好-楊梅,2023-01-30,5262
2317,鴻海,138,31,107,美好-楊梅,2023-01-30,5262
9105,泰金寶-DR,60,0,60,美好-楊梅,2023-01-30,5262
6016,康和證,50,0,50,美好-楊梅,2023-01-30,5262
6770,力積電,80,34,46,美好-楊梅,2023-01-30,5262
8996,高力,45,8,37,美好-楊梅,2023-01-30,5262
00676R,富邦臺灣加權反1,32,0,32,美好-楊梅,2023-01-30,5262
00888,永豐台灣ESG,26,1,25,美好-楊梅,2023-01-30,5262
4114,健喬,23,0,23,美好-楊梅,2023-01-30,5262
2609,陽明,31,10,21,美好-楊梅,2023-01-30,5262
00679B,元大美債20年,20,0,20,美好-楊梅,2023-01-30,5262
2373,震旦行,20,0,20,美好-楊梅,2023-01-30,5262
2603,長榮,16,1,15,美好-楊梅,2023-01-30,5262
3011,今皓,14,0,14,美好-楊梅,2023-01-30,5262
4747,強生,14,0,14,美好-楊梅,2023-01-30,5262
3189,景碩,26,13,13,美好-楊梅,2023-01-30,5262
8069,元太,14,1,13,美好-楊梅,2023-01-30,5262
2834,臺企銀,17,5,12,美好-楊梅,2023-01-30,5262
00770,國泰北美科技,12,1,11,美好-楊梅,2023-01-30,5262
2601,益航,11,0,11,美好-楊梅,2023-01-30,5262
00772B,中信高評級公司債,10,0,10,美好-楊梅,2023-01-30,5262
1536,和大,11,1,10,美好-楊梅,2023-01-30,5262
2440,太空梭,10,0,10,美好-楊梅,2023-01-30,5262
2489,瑞軒,10,0,10,美好-楊梅,2023-01-30,5262
3685,元創精密,10,0,10,美好-楊梅,2023-01-30,5262
8454,富邦媒,12,3,9,美好-楊梅,2023-01-30,5262
9933,中鼎,9,0,9,美好-楊梅,2023-01-30,5262
00720B,元大投資級公司債,8,0,8,美好-楊梅,2023-01-30,5262
2615,萬海,13,5,8,美好-楊梅,2023-01-30,5262
1218,泰山,7,0,7,美好-楊梅,2023-01-30,5262
1301,台塑,8,1,7,美好-楊梅,2023-01-30,5262
2610,華航,113,106,7,美好-楊梅,2023-01-30,5262
9904,寶成,7,0,7,美好-楊梅,2023-01-30,5262
1785,光洋科,7,1,6,美好-楊梅,2023-01-30,5262
6612,奈米醫材,8,2,6,美好-楊梅,2023-01-30,5262
2892,第一金,7,2,5,美好-楊梅,2023-01-30,5262
00753L,中信中國50正2,5,0,5,美好-楊梅,2023-01-30,5262
1809,中釉,5,0,5,美好-楊梅,2023-01-30,5262
3714,富采,6,1,5,美好-楊梅,2023-01-30,5262
4155,訊映,6,1,5,美好-楊梅,2023-01-30,5262
5608,四維航,10,5,5,美好-楊梅,2023-01-30,5262
5905,南仁湖,5,0,5,美好-楊梅,2023-01-30,5262
6274,台燿,13,8,5,美好-楊梅,2023-01-30,5262
6667,信紘科,5,0,5,美好-楊梅,2023-01-30,5262
1305,華夏,4,0,4,美好-楊梅,2023-01-30,5262
1529,樂事綠能,14,10,4,美好-楊梅,2023-01-30,5262
1783,和康生,4,0,4,美好-楊梅,2023-01-30,5262
2497,怡利電,5,1,4,美好-楊梅,2023-01-30,5262
2607,榮運,4,0,4,美好-楊梅,2023-01-30,5262
2889,國票金,10,6,4,美好-楊梅,2023-01-30,5262
00905,FT臺灣Smart,152,0,152,美好-楊梅,2023-01-31,5262
00882,中信中國高股息,43,0,43,美好-楊梅,2023-01-31,5262
00715L,期街口布蘭特正2,40,0,40,美好-楊梅,2023-01-31,5262
00903,富邦元宇宙,34,0,34,美好-楊梅,2023-01-31,5262
2887,台新金,32,1,31,美好-楊梅,2023-01-31,5262
1444,力麗,30,0,30,美好-楊梅,2023-01-31,5262
2601,益航,31,1,30,美好-楊梅,2023-01-31,5262
00679B,元大美債20年,25,0,25,美好-楊梅,2023-01-31,5262
9105,泰金寶-DR,25,0,25,美好-楊梅,2023-01-31,5262
8358,金居,76,53,23,美好-楊梅,2023-01-31,5262
00893,國泰智能電動車,22,0,22,美好-楊梅,2023-01-31,5262
00888,永豐台灣ESG,19,0,19,美好-楊梅,2023-01-31,5262
2892,第一金,18,0,18,美好-楊梅,2023-01-31,5262
2330,台積電,25,8,17,美好-楊梅,2023-01-31,5262
00665L,富邦�琤肭磪囓�2,30,15,15,美好-楊梅,2023-01-31,5262
2884,玉山金,15,1,14,美好-楊梅,2023-01-31,5262
2867,三商壽,15,1,14,美好-楊梅,2023-01-31,5262
00720B,元大投資級公司債,13,0,13,美好-楊梅,2023-01-31,5262
2208,台船,15,2,13,美好-楊梅,2023-01-31,5262
2731,雄獅,12,0,12,美好-楊梅,2023-01-31,5262
2891,中信金,12,0,12,美好-楊梅,2023-01-31,5262
2897,王道銀行,21,9,12,美好-楊梅,2023-01-31,5262
2344,華邦電,12,1,11,美好-楊梅,2023-01-31,5262
2498,宏達電,24,13,11,美好-楊梅,2023-01-31,5262
3017,奇鋐,11,0,11,美好-楊梅,2023-01-31,5262
00637L,元大滬深300正2,10,0,10,美好-楊梅,2023-01-31,5262
00773B,中信優先金融債,10,0,10,美好-楊梅,2023-01-31,5262
1815,富喬,10,0,10,美好-楊梅,2023-01-31,5262
2022,聚亨,10,0,10,美好-楊梅,2023-01-31,5262
2230,泰茂,10,0,10,美好-楊梅,2023-01-31,5262
2323,中環,10,0,10,美好-楊梅,2023-01-31,5262
3058,立德,10,0,10,美好-楊梅,2023-01-31,5262
4534,慶騰,10,0,10,美好-楊梅,2023-01-31,5262
6133,金橋,10,0,10,美好-楊梅,2023-01-31,5262
6535,順藥,10,0,10,美好-楊梅,2023-01-31,5262
2368,金像電,22,13,9,美好-楊梅,2023-01-31,5262
2312,金寶,9,0,9,美好-楊梅,2023-01-31,5262
8096,擎亞,9,0,9,美好-楊梅,2023-01-31,5262
00921,兆豐龍頭等權重,8,0,8,美好-楊梅,2023-01-31,5262
00770,國泰北美科技,11,3,8,美好-楊梅,2023-01-31,5262
2495,普安,8,0,8,美好-楊梅,2023-01-31,5262
5498,凱崴,10,2,8,美好-楊梅,2023-01-31,5262
6695,芯鼎,8,0,8,美好-楊梅,2023-01-31,5262
3701,大眾控,7,0,7,美好-楊梅,2023-01-31,5262
3711,日月光投控,8,1,7,美好-楊梅,2023-01-31,5262
2834,臺企銀,11,4,7,美好-楊梅,2023-01-31,5262
3545,敦泰,7,0,7,美好-楊梅,2023-01-31,5262
00881,國泰台灣5G+,7,1,6,美好-楊梅,2023-01-31,5262
00671R,富邦NASDAQ反1,6,0,6,美好-楊梅,2023-01-31,5262
2408,南亞科,6,0,6,美好-楊梅,2023-01-31,5262
00632R,元大台灣50反1,111,0,111,美好-楊梅,2023-02-01,5262
6191,精成科,81,0,81,美好-楊梅,2023-02-01,5262
00878,國泰永續高股息,77,4,73,美好-楊梅,2023-02-01,5262
3576,聯合再生,111,43,68,美好-楊梅,2023-02-01,5262
00637L,元大滬深300正2,58,10,48,美好-楊梅,2023-02-01,5262
2312,金寶,40,0,40,美好-楊梅,2023-02-01,5262
2867,三商壽,35,2,33,美好-楊梅,2023-02-01,5262
2929,淘帝-KY,35,5,30,美好-楊梅,2023-02-01,5262
3481,群創,27,0,27,美好-楊梅,2023-02-01,5262
00905,FT臺灣Smart,19,0,19,美好-楊梅,2023-02-01,5262
6278,台表科,21,2,19,美好-楊梅,2023-02-01,5262
6770,力積電,36,21,15,美好-楊梅,2023-02-01,5262
3027,盛達,16,2,14,美好-楊梅,2023-02-01,5262
1612,宏泰,13,0,13,美好-楊梅,2023-02-01,5262
5607,遠雄港,18,5,13,美好-楊梅,2023-02-01,5262
2887,台新金,12,0,12,美好-楊梅,2023-02-01,5262
4162,智擎,13,1,12,美好-楊梅,2023-02-01,5262
1524,耿鼎,15,4,11,美好-楊梅,2023-02-01,5262
1752,南光,11,0,11,美好-楊梅,2023-02-01,5262
2885,元大金,11,0,11,美好-楊梅,2023-02-01,5262
020032,元大綠能N,10,0,10,美好-楊梅,2023-02-01,5262
1444,力麗,10,0,10,美好-楊梅,2023-02-01,5262
2338,光罩,10,0,10,美好-楊梅,2023-02-01,5262
2888,新光金,10,0,10,美好-楊梅,2023-02-01,5262
3710,連展投控,10,0,10,美好-楊梅,2023-02-01,5262
4906,正文,10,0,10,美好-楊梅,2023-02-01,5262
6164,華興,10,0,10,美好-楊梅,2023-02-01,5262
6167,久正,10,0,10,美好-楊梅,2023-02-01,5262
1308,亞聚,9,0,9,美好-楊梅,2023-02-01,5262
00669R,國泰美國道瓊反1,9,0,9,美好-楊梅,2023-02-01,5262
1513,中興電,40,31,9,美好-楊梅,2023-02-01,5262
2329,華泰,9,0,9,美好-楊梅,2023-02-01,5262
6282,康舒,21,12,9,美好-楊梅,2023-02-01,5262
2891,中信金,8,0,8,美好-楊梅,2023-02-01,5262
00720B,元大投資級公司債,8,0,8,美好-楊梅,2023-02-01,5262
8210,勤誠,8,0,8,美好-楊梅,2023-02-01,5262
00676R,富邦臺灣加權反1,8,1,7,美好-楊梅,2023-02-01,5262
2405,輔信,10,3,7,美好-楊梅,2023-02-01,5262
3081,聯亞,12,5,7,美好-楊梅,2023-02-01,5262
5351,鈺創,12,5,7,美好-楊梅,2023-02-01,5262
6118,建達,15,8,7,美好-楊梅,2023-02-01,5262
6133,金橋,7,0,7,美好-楊梅,2023-02-01,5262
2498,宏達電,12,6,6,美好-楊梅,2023-02-01,5262
2603,長榮,10,4,6,美好-楊梅,2023-02-01,5262
2009,第一銅,42,36,6,美好-楊梅,2023-02-01,5262
2358,廷鑫,8,2,6,美好-楊梅,2023-02-01,5262
2413,環科,11,5,6,美好-楊梅,2023-02-01,5262
4979,華星光,6,0,6,美好-楊梅,2023-02-01,5262
6612,奈米醫材,6,0,6,美好-楊梅,2023-02-01,5262
8038,長園科,6,0,6,美好-楊梅,2023-02-01,5262
00885,富邦越南,682,3,679,美好-楊梅,2023-02-02,5262
00878,國泰永續高股息,97,17,80,美好-楊梅,2023-02-02,5262
5321,美而快,86,14,72,美好-楊梅,2023-02-02,5262
4114,健喬,48,5,43,美好-楊梅,2023-02-02,5262
6188,廣明,40,0,40,美好-楊梅,2023-02-02,5262
2317,鴻海,43,6,37,美好-楊梅,2023-02-02,5262
2610,華航,75,40,35,美好-楊梅,2023-02-02,5262
00637L,元大滬深300正2,50,20,30,美好-楊梅,2023-02-02,5262
2618,長榮航,51,23,28,美好-楊梅,2023-02-02,5262
6282,康舒,47,21,26,美好-楊梅,2023-02-02,5262
00676R,富邦臺灣加權反1,27,1,26,美好-楊梅,2023-02-02,5262
2891,中信金,22,0,22,美好-楊梅,2023-02-02,5262
1310,台苯,20,0,20,美好-楊梅,2023-02-02,5262
5388,中磊,20,0,20,美好-楊梅,2023-02-02,5262
5289,宜鼎,30,11,19,美好-楊梅,2023-02-02,5262
2834,臺企銀,21,3,18,美好-楊梅,2023-02-02,5262
1712,興農,20,2,18,美好-楊梅,2023-02-02,5262
2014,中鴻,25,7,18,美好-楊梅,2023-02-02,5262
8028,昇陽半導體,21,3,18,美好-楊梅,2023-02-02,5262
2352,佳世達,17,0,17,美好-楊梅,2023-02-02,5262
00882,中信中國高股息,17,0,17,美好-楊梅,2023-02-02,5262
2108,南帝,17,1,16,美好-楊梅,2023-02-02,5262
8072,陞泰,15,0,15,美好-楊梅,2023-02-02,5262
8069,元太,37,23,14,美好-楊梅,2023-02-02,5262
00632R,元大台灣50反1,115,103,12,美好-楊梅,2023-02-02,5262
6278,台表科,17,5,12,美好-楊梅,2023-02-02,5262
3576,聯合再生,10,0,10,美好-楊梅,2023-02-02,5262
6196,帆宣,10,0,10,美好-楊梅,2023-02-02,5262
00771,元大US高息特別股,10,0,10,美好-楊梅,2023-02-02,5262
00715L,期街口布蘭特正2,10,0,10,美好-楊梅,2023-02-02,5262
1417,嘉裕,10,0,10,美好-楊梅,2023-02-02,5262
2641,正德,10,0,10,美好-楊梅,2023-02-02,5262
3081,聯亞,11,1,10,美好-楊梅,2023-02-02,5262
3372,典範,10,0,10,美好-楊梅,2023-02-02,5262
4106,雃博,13,3,10,美好-楊梅,2023-02-02,5262
8358,金居,15,5,10,美好-楊梅,2023-02-02,5262
6679,鈺太,21,12,9,美好-楊梅,2023-02-02,5262
3339,泰谷,8,0,8,美好-楊梅,2023-02-02,5262
4534,慶騰,8,0,8,美好-楊梅,2023-02-02,5262
6167,久正,8,0,8,美好-楊梅,2023-02-02,5262
00679B,元大美債20年,7,0,7,美好-楊梅,2023-02-02,5262
1513,中興電,32,25,7,美好-楊梅,2023-02-02,5262
4934,太極,7,0,7,美好-楊梅,2023-02-02,5262
6695,芯鼎,7,0,7,美好-楊梅,2023-02-02,5262
8440,綠電,7,0,7,美好-楊梅,2023-02-02,5262
9938,百和,7,0,7,美好-楊梅,2023-02-02,5262
4904,遠傳,6,0,6,美好-楊梅,2023-02-02,5262
1301,台塑,6,0,6,美好-楊梅,2023-02-02,5262
1589,永冠-KY,6,0,6,美好-楊梅,2023-02-02,5262
4979,華星光,31,25,6,美好-楊梅,2023-02-02,5262
00632R,元大台灣50反1,160,3,157,美好-楊梅,2023-02-03,5262
2609,陽明,168,76,92,美好-楊梅,2023-02-03,5262
00637L,元大滬深300正2,91,7,84,美好-楊梅,2023-02-03,5262
6770,力積電,97,43,54,美好-楊梅,2023-02-03,5262
00893,國泰智能電動車,49,0,49,美好-楊梅,2023-02-03,5262
3454,晶睿,54,12,42,美好-楊梅,2023-02-03,5262
2610,華航,44,4,40,美好-楊梅,2023-02-03,5262
1514,亞力,39,0,39,美好-楊梅,2023-02-03,5262
2313,華通,35,2,33,美好-楊梅,2023-02-03,5262
00679B,元大美債20年,32,0,32,美好-楊梅,2023-02-03,5262
2344,華邦電,39,12,27,美好-楊梅,2023-02-03,5262
3481,群創,28,2,26,美好-楊梅,2023-02-03,5262
4968,立積,27,1,26,美好-楊梅,2023-02-03,5262
00878,國泰永續高股息,44,18,26,美好-楊梅,2023-02-03,5262
2380,虹光,24,0,24,美好-楊梅,2023-02-03,5262
00636,國泰中國A50,22,0,22,美好-楊梅,2023-02-03,5262
4915,致伸,23,2,21,美好-楊梅,2023-02-03,5262
00680L,元大美債20正2,20,0,20,美好-楊梅,2023-02-03,5262
2230,泰茂,100,80,20,美好-楊梅,2023-02-03,5262
2834,臺企銀,23,3,20,美好-楊梅,2023-02-03,5262
3048,益登,20,0,20,美好-楊梅,2023-02-03,5262
1810,和成,18,0,18,美好-楊梅,2023-02-03,5262
2014,中鴻,27,10,17,美好-楊梅,2023-02-03,5262
8112,至上,17,0,17,美好-楊梅,2023-02-03,5262
9105,泰金寶-DR,17,0,17,美好-楊梅,2023-02-03,5262
2317,鴻海,20,4,16,美好-楊梅,2023-02-03,5262
00715L,期街口布蘭特正2,15,0,15,美好-楊梅,2023-02-03,5262
2883,凱基金,15,0,15,美好-楊梅,2023-02-03,5262
00885,富邦越南,14,0,14,美好-楊梅,2023-02-03,5262
5351,鈺創,76,63,13,美好-楊梅,2023-02-03,5262
1319,東陽,12,0,12,美好-楊梅,2023-02-03,5262
2892,第一金,12,0,12,美好-楊梅,2023-02-03,5262
6182,合晶,25,13,12,美好-楊梅,2023-02-03,5262
2368,金像電,24,12,12,美好-楊梅,2023-02-03,5262
2888,新光金,14,2,12,美好-楊梅,2023-02-03,5262
8046,南電,12,1,11,美好-楊梅,2023-02-03,5262
2809,京城銀,11,0,11,美好-楊梅,2023-02-03,5262
3312,弘憶股,11,0,11,美好-楊梅,2023-02-03,5262
3508,位速,12,1,11,美好-楊梅,2023-02-03,5262
8277,商丞,11,0,11,美好-楊梅,2023-02-03,5262
6443,元晶,16,5,11,美好-楊梅,2023-02-03,5262
2388,威盛,14,4,10,美好-楊梅,2023-02-03,5262
1316,上曜,10,0,10,美好-楊梅,2023-02-03,5262
00642U,期元大S＆P石油,10,0,10,美好-楊梅,2023-02-03,5262
1513,中興電,18,8,10,美好-楊梅,2023-02-03,5262
2023,燁輝,10,0,10,美好-楊梅,2023-02-03,5262
2702,華園,10,0,10,美好-楊梅,2023-02-03,5262
2897,王道銀行,20,10,10,美好-楊梅,2023-02-03,5262
3252,海灣,10,0,10,美好-楊梅,2023-02-03,5262
3444,利機,10,0,10,美好-楊梅,2023-02-03,5262
3576,聯合再生,227,1,226,美好-楊梅,2023-02-06,5262
00878,國泰永續高股息,143,19,124,美好-楊梅,2023-02-06,5262
00900,富邦特選高股息30,74,0,74,美好-楊梅,2023-02-06,5262
3049,精金,50,0,50,美好-楊梅,2023-02-06,5262
2897,王道銀行,40,0,40,美好-楊梅,2023-02-06,5262
00679B,元大美債20年,33,0,33,美好-楊梅,2023-02-06,5262
2603,長榮,41,10,31,美好-楊梅,2023-02-06,5262
9105,泰金寶-DR,29,0,29,美好-楊梅,2023-02-06,5262
3312,弘憶股,28,0,28,美好-楊梅,2023-02-06,5262
00882,中信中國高股息,25,0,25,美好-楊梅,2023-02-06,5262
6278,台表科,25,2,23,美好-楊梅,2023-02-06,5262
3293,鈊象,21,0,21,美好-楊梅,2023-02-06,5262
5315,光聯,20,0,20,美好-楊梅,2023-02-06,5262
00665L,富邦�琤肭磪囓�2,110,90,20,美好-楊梅,2023-02-06,5262
2208,台船,21,1,20,美好-楊梅,2023-02-06,5262
3011,今皓,20,0,20,美好-楊梅,2023-02-06,5262
6164,華興,20,0,20,美好-楊梅,2023-02-06,5262
2892,第一金,25,6,19,美好-楊梅,2023-02-06,5262
2880,華南金,18,0,18,美好-楊梅,2023-02-06,5262
3037,欣興,21,5,16,美好-楊梅,2023-02-06,5262
2330,台積電,17,1,16,美好-楊梅,2023-02-06,5262
00891,中信關鍵半導體,15,0,15,美好-楊梅,2023-02-06,5262
00636,國泰中國A50,15,0,15,美好-楊梅,2023-02-06,5262
00642U,期元大S＆P石油,15,0,15,美好-楊梅,2023-02-06,5262
00637L,元大滬深300正2,20,5,15,美好-楊梅,2023-02-06,5262
2609,陽明,61,47,14,美好-楊梅,2023-02-06,5262
00738U,期元大道瓊白銀,14,0,14,美好-楊梅,2023-02-06,5262
8038,長園科,13,0,13,美好-楊梅,2023-02-06,5262
1304,台聚,18,6,12,美好-楊梅,2023-02-06,5262
5425,台半,13,1,12,美好-楊梅,2023-02-06,5262
6104,創惟,14,3,11,美好-楊梅,2023-02-06,5262
1605,華新,40,29,11,美好-楊梅,2023-02-06,5262
2408,南亞科,11,0,11,美好-楊梅,2023-02-06,5262
3058,立德,15,4,11,美好-楊梅,2023-02-06,5262
3081,聯亞,20,9,11,美好-楊梅,2023-02-06,5262
3205,佰研,14,3,11,美好-楊梅,2023-02-06,5262
2891,中信金,11,0,11,美好-楊梅,2023-02-06,5262
00885,富邦越南,10,0,10,美好-楊梅,2023-02-06,5262
00680L,元大美債20正2,10,0,10,美好-楊梅,2023-02-06,5262
00720B,元大投資級公司債,10,0,10,美好-楊梅,2023-02-06,5262
1217,愛之味,10,0,10,美好-楊梅,2023-02-06,5262
1316,上曜,10,0,10,美好-楊梅,2023-02-06,5262
1449,佳和,10,0,10,美好-楊梅,2023-02-06,5262
2440,太空梭,10,0,10,美好-楊梅,2023-02-06,5262
2441,超豐,10,0,10,美好-楊梅,2023-02-06,5262
3339,泰谷,10,0,10,美好-楊梅,2023-02-06,5262
4908,前鼎,10,0,10,美好-楊梅,2023-02-06,5262
5340,建榮,10,0,10,美好-楊梅,2023-02-06,5262
8046,南電,11,1,10,美好-楊梅,2023-02-06,5262
2201,裕隆,23,13,10,美好-楊梅,2023-02-06,5262
3576,聯合再生,74,0,74,美好-楊梅,2023-02-07,5262
2609,陽明,75,3,72,美好-楊梅,2023-02-07,5262
2610,華航,72,12,60,美好-楊梅,2023-02-07,5262
2344,華邦電,38,0,38,美好-楊梅,2023-02-07,5262
4142,國光生,56,18,38,美好-楊梅,2023-02-07,5262
00878,國泰永續高股息,39,4,35,美好-楊梅,2023-02-07,5262
2498,宏達電,51,18,33,美好-楊梅,2023-02-07,5262
3591,艾笛森,31,0,31,美好-楊梅,2023-02-07,5262
00751B,元大AAA至A公司債,30,0,30,美好-楊梅,2023-02-07,5262
2883,凱基金,26,0,26,美好-楊梅,2023-02-07,5262
2884,玉山金,26,1,25,美好-楊梅,2023-02-07,5262
3231,緯創,26,1,25,美好-楊梅,2023-02-07,5262
2027,大成鋼,21,1,20,美好-楊梅,2023-02-07,5262
3702,大聯大,20,0,20,美好-楊梅,2023-02-07,5262
00720B,元大投資級公司債,18,0,18,美好-楊梅,2023-02-07,5262
1512,瑞利,18,0,18,美好-楊梅,2023-02-07,5262
5309,系統電,23,5,18,美好-楊梅,2023-02-07,5262
9105,泰金寶-DR,18,0,18,美好-楊梅,2023-02-07,5262
00665L,富邦�琤肭磪囓�2,132,115,17,美好-楊梅,2023-02-07,5262
1733,五鼎,16,0,16,美好-楊梅,2023-02-07,5262
3189,景碩,17,1,16,美好-楊梅,2023-02-07,5262
2603,長榮,16,0,16,美好-楊梅,2023-02-07,5262
8996,高力,61,48,13,美好-楊梅,2023-02-07,5262
2201,裕隆,15,4,11,美好-楊梅,2023-02-07,5262
00881,國泰台灣5G+,11,0,11,美好-楊梅,2023-02-07,5262
1605,華新,38,28,10,美好-楊梅,2023-02-07,5262
1210,大成,10,0,10,美好-楊梅,2023-02-07,5262
00888,永豐台灣ESG,10,0,10,美好-楊梅,2023-02-07,5262
1467,南緯,10,0,10,美好-楊梅,2023-02-07,5262
1783,和康生,12,2,10,美好-楊梅,2023-02-07,5262
2031,新光鋼,10,0,10,美好-楊梅,2023-02-07,5262
3049,精金,10,0,10,美好-楊梅,2023-02-07,5262
3362,先進光,12,2,10,美好-楊梅,2023-02-07,5262
3714,富采,10,0,10,美好-楊梅,2023-02-07,5262
4747,強生,13,3,10,美好-楊梅,2023-02-07,5262
00679B,元大美債20年,9,0,9,美好-楊梅,2023-02-07,5262
6770,力積電,11,2,9,美好-楊梅,2023-02-07,5262
8358,金居,14,5,9,美好-楊梅,2023-02-07,5262
6180,橘子,13,4,9,美好-楊梅,2023-02-07,5262
2105,正新,8,0,8,美好-楊梅,2023-02-07,5262
1218,泰山,8,0,8,美好-楊梅,2023-02-07,5262
5425,台半,13,5,8,美好-楊梅,2023-02-07,5262
6116,彩晶,8,0,8,美好-楊梅,2023-02-07,5262
6118,建達,14,6,8,美好-楊梅,2023-02-07,5262
2368,金像電,8,1,7,美好-楊梅,2023-02-07,5262
1609,大亞,9,2,7,美好-楊梅,2023-02-07,5262
2313,華通,8,1,7,美好-楊梅,2023-02-07,5262
2887,台新金,6,0,6,美好-楊梅,2023-02-07,5262
00891,中信關鍵半導體,6,0,6,美好-楊梅,2023-02-07,5262
1701,中化,47,41,6,美好-楊梅,2023-02-07,5262
00885,富邦越南,104,0,104,美好-楊梅,2023-02-08,5262
2610,華航,98,36,62,美好-楊梅,2023-02-08,5262
3576,聯合再生,60,0,60,美好-楊梅,2023-02-08,5262
00878,國泰永續高股息,56,0,56,美好-楊梅,2023-02-08,5262
6282,康舒,75,26,49,美好-楊梅,2023-02-08,5262
2897,王道銀行,41,1,40,美好-楊梅,2023-02-08,5262
0056,元大高股息,35,5,30,美好-楊梅,2023-02-08,5262
2368,金像電,35,10,25,美好-楊梅,2023-02-08,5262
00676R,富邦臺灣加權反1,25,0,25,美好-楊梅,2023-02-08,5262
2884,玉山金,28,3,25,美好-楊梅,2023-02-08,5262
2834,臺企銀,28,4,24,美好-楊梅,2023-02-08,5262
2887,台新金,24,0,24,美好-楊梅,2023-02-08,5262
1409,新纖,30,6,24,美好-楊梅,2023-02-08,5262
2618,長榮航,35,11,24,美好-楊梅,2023-02-08,5262
6116,彩晶,26,4,22,美好-楊梅,2023-02-08,5262
3022,威強電,33,12,21,美好-楊梅,2023-02-08,5262
3062,建漢,21,0,21,美好-楊梅,2023-02-08,5262
2883,凱基金,21,0,21,美好-楊梅,2023-02-08,5262
6235,華孚,56,36,20,美好-楊梅,2023-02-08,5262
00893,國泰智能電動車,24,6,18,美好-楊梅,2023-02-08,5262
2405,輔信,20,2,18,美好-楊梅,2023-02-08,5262
2465,麗臺,18,0,18,美好-楊梅,2023-02-08,5262
6217,中探針,20,3,17,美好-楊梅,2023-02-08,5262
6243,迅杰,17,1,16,美好-楊梅,2023-02-08,5262
8171,天宇,20,4,16,美好-楊梅,2023-02-08,5262
4736,泰博,15,0,15,美好-楊梅,2023-02-08,5262
1210,大成,14,0,14,美好-楊梅,2023-02-08,5262
2329,華泰,16,2,14,美好-楊梅,2023-02-08,5262
1432,大魯閣,14,1,13,美好-楊梅,2023-02-08,5262
2105,正新,12,0,12,美好-楊梅,2023-02-08,5262
1712,興農,12,0,12,美好-楊梅,2023-02-08,5262
2380,虹光,12,0,12,美好-楊梅,2023-02-08,5262
2464,盟立,13,1,12,美好-楊梅,2023-02-08,5262
2886,兆豐金,13,1,12,美好-楊梅,2023-02-08,5262
2929,淘帝-KY,16,4,12,美好-楊梅,2023-02-08,5262
4114,健喬,29,17,12,美好-楊梅,2023-02-08,5262
6182,合晶,16,4,12,美好-楊梅,2023-02-08,5262
2880,華南金,11,0,11,美好-楊梅,2023-02-08,5262
6546,正基,15,4,11,美好-楊梅,2023-02-08,5262
8112,至上,11,0,11,美好-楊梅,2023-02-08,5262
00916,國泰全球品牌50,10,0,10,美好-楊梅,2023-02-08,5262
00664R,國泰臺灣加權反1,10,0,10,美好-楊梅,2023-02-08,5262
2492,華新科,11,1,10,美好-楊梅,2023-02-08,5262
2748,雲品,13,3,10,美好-楊梅,2023-02-08,5262
8261,富鼎,10,0,10,美好-楊梅,2023-02-08,5262
1319,東陽,9,0,9,美好-楊梅,2023-02-08,5262
1810,和成,10,1,9,美好-楊梅,2023-02-08,5262
4931,新盛力,10,1,9,美好-楊梅,2023-02-08,5262
6180,橘子,10,1,9,美好-楊梅,2023-02-08,5262
00900,富邦特選高股息30,9,0,9,美好-楊梅,2023-02-08,5262
00878,國泰永續高股息,102,1,101,美好-楊梅,2023-02-09,5262
6129,普誠,54,12,42,美好-楊梅,2023-02-09,5262
00720B,元大投資級公司債,36,0,36,美好-楊梅,2023-02-09,5262
2609,陽明,51,25,26,美好-楊梅,2023-02-09,5262
1795,美時,45,21,24,美好-楊梅,2023-02-09,5262
2354,鴻準,22,0,22,美好-楊梅,2023-02-09,5262
00903,富邦元宇宙,21,0,21,美好-楊梅,2023-02-09,5262
2014,中鴻,21,1,20,美好-楊梅,2023-02-09,5262
2610,華航,36,17,19,美好-楊梅,2023-02-09,5262
2344,華邦電,59,43,16,美好-楊梅,2023-02-09,5262
3162,精確,16,0,16,美好-楊梅,2023-02-09,5262
6443,元晶,15,0,15,美好-楊梅,2023-02-09,5262
00893,國泰智能電動車,25,11,14,美好-楊梅,2023-02-09,5262
3708,上緯投控,14,0,14,美好-楊梅,2023-02-09,5262
0056,元大高股息,14,1,13,美好-楊梅,2023-02-09,5262
4968,立積,29,16,13,美好-楊梅,2023-02-09,5262
1409,新纖,11,0,11,美好-楊梅,2023-02-09,5262
3303,岱稜,11,0,11,美好-楊梅,2023-02-09,5262
2891,中信金,11,0,11,美好-楊梅,2023-02-09,5262
3141,晶宏,12,2,10,美好-楊梅,2023-02-09,5262
1611,中電,10,0,10,美好-楊梅,2023-02-09,5262
2351,順德,10,0,10,美好-楊梅,2023-02-09,5262
2601,益航,10,0,10,美好-楊梅,2023-02-09,5262
2888,新光金,10,0,10,美好-楊梅,2023-02-09,5262
9103,美德醫療-DR,10,0,10,美好-楊梅,2023-02-09,5262
1514,亞力,9,0,9,美好-楊梅,2023-02-09,5262
1709,和益,10,1,9,美好-楊梅,2023-02-09,5262
2108,南帝,9,0,9,美好-楊梅,2023-02-09,5262
3062,建漢,9,0,9,美好-楊梅,2023-02-09,5262
3356,奇偶,22,13,9,美好-楊梅,2023-02-09,5262
3706,神達,9,0,9,美好-楊梅,2023-02-09,5262
2607,榮運,25,17,8,美好-楊梅,2023-02-09,5262
9933,中鼎,8,0,8,美好-楊梅,2023-02-09,5262
1301,台塑,10,3,7,美好-楊梅,2023-02-09,5262
4961,天鈺,11,4,7,美好-楊梅,2023-02-09,5262
5425,台半,38,31,7,美好-楊梅,2023-02-09,5262
8033,雷虎,13,6,7,美好-楊梅,2023-02-09,5262
1101,台泥,7,1,6,美好-楊梅,2023-02-09,5262
2373,震旦行,6,0,6,美好-楊梅,2023-02-09,5262
6217,中探針,13,7,6,美好-楊梅,2023-02-09,5262
6415,矽力*-KY,6,0,6,美好-楊梅,2023-02-09,5262
5258,虹堡,11,5,6,美好-楊梅,2023-02-09,5262
3035,智原,17,12,5,美好-楊梅,2023-02-09,5262
00676R,富邦臺灣加權反1,5,0,5,美好-楊梅,2023-02-09,5262
2103,台橡,5,0,5,美好-楊梅,2023-02-09,5262
2201,裕隆,6,1,5,美好-楊梅,2023-02-09,5262
2380,虹光,5,0,5,美好-楊梅,2023-02-09,5262
2492,華新科,11,6,5,美好-楊梅,2023-02-09,5262
2867,三商壽,5,0,5,美好-楊梅,2023-02-09,5262
2897,王道銀行,10,5,5,美好-楊梅,2023-02-09,5262
00878,國泰永續高股息,100,2,98,美好-楊梅,2023-02-10,5262
1605,華新,112,27,85,美好-楊梅,2023-02-10,5262
3049,精金,65,0,65,美好-楊梅,2023-02-10,5262
3303,岱稜,60,0,60,美好-楊梅,2023-02-10,5262
2610,華航,65,12,53,美好-楊梅,2023-02-10,5262
3576,聯合再生,51,3,48,美好-楊梅,2023-02-10,5262
2883,凱基金,37,1,36,美好-楊梅,2023-02-10,5262
2453,凌群,55,21,34,美好-楊梅,2023-02-10,5262
00903,富邦元宇宙,31,0,31,美好-楊梅,2023-02-10,5262
6546,正基,27,0,27,美好-楊梅,2023-02-10,5262
00885,富邦越南,25,0,25,美好-楊梅,2023-02-10,5262
2498,宏達電,28,4,24,美好-楊梅,2023-02-10,5262
6411,晶焱,23,0,23,美好-楊梅,2023-02-10,5262
6150,撼訊,22,0,22,美好-楊梅,2023-02-10,5262
00665L,富邦�琤肭磪囓�2,20,0,20,美好-楊梅,2023-02-10,5262
1409,新纖,20,0,20,美好-楊梅,2023-02-10,5262
2014,中鴻,20,0,20,美好-楊梅,2023-02-10,5262
6770,力積電,27,7,20,美好-楊梅,2023-02-10,5262
2344,華邦電,24,6,18,美好-楊梅,2023-02-10,5262
2409,友達,17,0,17,美好-楊梅,2023-02-10,5262
2413,環科,16,0,16,美好-楊梅,2023-02-10,5262
3162,精確,20,4,16,美好-楊梅,2023-02-10,5262
6282,康舒,31,15,16,美好-楊梅,2023-02-10,5262
00637L,元大滬深300正2,15,0,15,美好-楊梅,2023-02-10,5262
2468,華經,19,4,15,美好-楊梅,2023-02-10,5262
3128,昇銳,15,0,15,美好-楊梅,2023-02-10,5262
3481,群創,21,6,15,美好-楊梅,2023-02-10,5262
8271,宇瞻,15,0,15,美好-楊梅,2023-02-10,5262
0056,元大高股息,15,1,14,美好-楊梅,2023-02-10,5262
2368,金像電,30,18,12,美好-楊梅,2023-02-10,5262
4114,健喬,72,60,12,美好-楊梅,2023-02-10,5262
8171,天宇,12,0,12,美好-楊梅,2023-02-10,5262
2801,彰銀,11,0,11,美好-楊梅,2023-02-10,5262
6547,高端疫苗,12,1,11,美好-楊梅,2023-02-10,5262
6796,晉弘,12,1,11,美好-楊梅,2023-02-10,5262
9103,美德醫療-DR,11,0,11,美好-楊梅,2023-02-10,5262
2484,希華,10,0,10,美好-楊梅,2023-02-10,5262
1314,中石化,10,0,10,美好-楊梅,2023-02-10,5262
1443,立益物流,10,0,10,美好-楊梅,2023-02-10,5262
2388,威盛,10,0,10,美好-楊梅,2023-02-10,5262
2440,太空梭,10,0,10,美好-楊梅,2023-02-10,5262
2614,東森,10,0,10,美好-楊梅,2023-02-10,5262
3062,建漢,11,1,10,美好-楊梅,2023-02-10,5262
3346,麗清,10,0,10,美好-楊梅,2023-02-10,5262
6462,神盾,11,2,9,美好-楊梅,2023-02-10,5262
2607,榮運,10,1,9,美好-楊梅,2023-02-10,5262
4736,泰博,9,0,9,美好-楊梅,2023-02-10,5262
4915,致伸,9,0,9,美好-楊梅,2023-02-10,5262
6015,宏遠證,9,0,9,美好-楊梅,2023-02-10,5262
8028,昇陽半導體,9,0,9,美好-楊梅,2023-02-10,5262
00878,國泰永續高股息,76,5,71,美好-楊梅,2023-02-13,5262
2409,友達,63,3,60,美好-楊梅,2023-02-13,5262
2609,陽明,70,24,46,美好-楊梅,2023-02-13,5262
2344,華邦電,40,1,39,美好-楊梅,2023-02-13,5262
2905,三商,30,0,30,美好-楊梅,2023-02-13,5262
00772B,中信高評級公司債,24,0,24,美好-楊梅,2023-02-13,5262
3303,岱稜,23,0,23,美好-楊梅,2023-02-13,5262
1342,八貫,37,15,22,美好-楊梅,2023-02-13,5262
2834,臺企銀,38,16,22,美好-楊梅,2023-02-13,5262
2610,華航,32,11,21,美好-楊梅,2023-02-13,5262
9105,泰金寶-DR,20,0,20,美好-楊梅,2023-02-13,5262
8038,長園科,20,1,19,美好-楊梅,2023-02-13,5262
3481,群創,90,72,18,美好-楊梅,2023-02-13,5262
1810,和成,31,13,18,美好-楊梅,2023-02-13,5262
0056,元大高股息,29,12,17,美好-楊梅,2023-02-13,5262
00903,富邦元宇宙,18,1,17,美好-楊梅,2023-02-13,5262
2303,聯電,37,20,17,美好-楊梅,2023-02-13,5262
1409,新纖,14,0,14,美好-楊梅,2023-02-13,5262
2618,長榮航,21,7,14,美好-楊梅,2023-02-13,5262
3094,聯傑,14,0,14,美好-楊梅,2023-02-13,5262
1217,愛之味,13,0,13,美好-楊梅,2023-02-13,5262
00679B,元大美債20年,11,0,11,美好-楊梅,2023-02-13,5262
2753,八方雲集,30,19,11,美好-楊梅,2023-02-13,5262
2812,台中銀,11,0,11,美好-楊梅,2023-02-13,5262
00673R,期元大S＆P原油反1,10,0,10,美好-楊梅,2023-02-13,5262
1443,立益物流,10,0,10,美好-楊梅,2023-02-13,5262
1522,堤維西,10,0,10,美好-楊梅,2023-02-13,5262
2312,金寶,10,0,10,美好-楊梅,2023-02-13,5262
2605,新興,10,0,10,美好-楊梅,2023-02-13,5262
3058,立德,10,0,10,美好-楊梅,2023-02-13,5262
4533,協易機,10,0,10,美好-楊梅,2023-02-13,5262
6129,普誠,10,0,10,美好-楊梅,2023-02-13,5262
6770,力積電,12,2,10,美好-楊梅,2023-02-13,5262
00882,中信中國高股息,10,1,9,美好-楊梅,2023-02-13,5262
2367,燿華,8,0,8,美好-楊梅,2023-02-13,5262
2883,凱基金,9,1,8,美好-楊梅,2023-02-13,5262
3027,盛達,9,1,8,美好-楊梅,2023-02-13,5262
2492,華新科,9,2,7,美好-楊梅,2023-02-13,5262
2637,慧洋-KY,7,0,7,美好-楊梅,2023-02-13,5262
2641,正德,7,0,7,美好-楊梅,2023-02-13,5262
3289,宜特,7,0,7,美好-楊梅,2023-02-13,5262
5015,華祺,7,0,7,美好-楊梅,2023-02-13,5262
2888,新光金,10,4,6,美好-楊梅,2023-02-13,5262
00900,富邦特選高股息30,6,0,6,美好-楊梅,2023-02-13,5262
2354,鴻準,7,1,6,美好-楊梅,2023-02-13,5262
3540,曜越,6,0,6,美好-楊梅,2023-02-13,5262
4130,健亞,6,0,6,美好-楊梅,2023-02-13,5262
4931,新盛力,35,29,6,美好-楊梅,2023-02-13,5262
00751B,元大AAA至A公司債,5,0,5,美好-楊梅,2023-02-13,5262
00773B,中信優先金融債,5,0,5,美好-楊梅,2023-02-13,5262
00878,國泰永續高股息,73,12,61,美好-楊梅,2023-02-14,5262
6278,台表科,50,0,50,美好-楊梅,2023-02-14,5262
2609,陽明,73,27,46,美好-楊梅,2023-02-14,5262
2344,華邦電,29,0,29,美好-楊梅,2023-02-14,5262
2453,凌群,44,21,23,美好-楊梅,2023-02-14,5262
8996,高力,29,6,23,美好-楊梅,2023-02-14,5262
1524,耿鼎,20,0,20,美好-楊梅,2023-02-14,5262
2883,凱基金,22,3,19,美好-楊梅,2023-02-14,5262
2615,萬海,21,4,17,美好-楊梅,2023-02-14,5262
8222,寶一,52,35,17,美好-楊梅,2023-02-14,5262
1409,新纖,16,0,16,美好-楊梅,2023-02-14,5262
6288,聯嘉,16,0,16,美好-楊梅,2023-02-14,5262
2884,玉山金,16,1,15,美好-楊梅,2023-02-14,5262
8271,宇瞻,15,0,15,美好-楊梅,2023-02-14,5262
1522,堤維西,16,2,14,美好-楊梅,2023-02-14,5262
1605,華新,37,24,13,美好-楊梅,2023-02-14,5262
2405,輔信,15,2,13,美好-楊梅,2023-02-14,5262
2834,臺企銀,24,11,13,美好-楊梅,2023-02-14,5262
2603,長榮,14,2,12,美好-楊梅,2023-02-14,5262
4979,華星光,25,13,12,美好-楊梅,2023-02-14,5262
00679B,元大美債20年,11,0,11,美好-楊梅,2023-02-14,5262
2027,大成鋼,12,1,11,美好-楊梅,2023-02-14,5262
3594,磐儀,13,2,11,美好-楊梅,2023-02-14,5262
4162,智擎,11,0,11,美好-楊梅,2023-02-14,5262
2890,永豐金,10,0,10,美好-楊梅,2023-02-14,5262
2897,王道銀行,10,0,10,美好-楊梅,2023-02-14,5262
3011,今皓,15,5,10,美好-楊梅,2023-02-14,5262
3021,鴻名,10,0,10,美好-楊梅,2023-02-14,5262
3058,立德,10,0,10,美好-楊梅,2023-02-14,5262
6770,力積電,10,0,10,美好-楊梅,2023-02-14,5262
1810,和成,10,1,9,美好-楊梅,2023-02-14,5262
2404,漢唐,10,1,9,美好-楊梅,2023-02-14,5262
3303,岱稜,9,0,9,美好-楊梅,2023-02-14,5262
5425,台半,17,9,8,美好-楊梅,2023-02-14,5262
6226,光鼎,8,0,8,美好-楊梅,2023-02-14,5262
6243,迅杰,8,0,8,美好-楊梅,2023-02-14,5262
6271,同欣電,10,2,8,美好-楊梅,2023-02-14,5262
8069,元太,15,7,8,美好-楊梅,2023-02-14,5262
00632R,元大台灣50反1,7,0,7,美好-楊梅,2023-02-14,5262
1752,南光,8,1,7,美好-楊梅,2023-02-14,5262
3494,誠研,7,0,7,美好-楊梅,2023-02-14,5262
2105,正新,6,0,6,美好-楊梅,2023-02-14,5262
00885,富邦越南,6,0,6,美好-楊梅,2023-02-14,5262
4128,中天,6,0,6,美好-楊梅,2023-02-14,5262
00881,國泰台灣5G+,5,0,5,美好-楊梅,2023-02-14,5262
6266,泰詠,11,6,5,美好-楊梅,2023-02-14,5262
2812,台中銀,5,0,5,美好-楊梅,2023-02-14,5262
00664R,國泰臺灣加權反1,5,0,5,美好-楊梅,2023-02-14,5262
00720B,元大投資級公司債,5,0,5,美好-楊梅,2023-02-14,5262
2359,所羅門,5,0,5,美好-楊梅,2023-02-14,5262
00878,國泰永續高股息,129,6,123,美好-楊梅,2023-02-15,5262
2014,中鴻,118,3,115,美好-楊梅,2023-02-15,5262
4915,致伸,51,1,50,美好-楊梅,2023-02-15,5262
2834,臺企銀,37,0,37,美好-楊梅,2023-02-15,5262
1268,漢來美食,31,0,31,美好-楊梅,2023-02-15,5262
6282,康舒,32,2,30,美好-楊梅,2023-02-15,5262
2471,資通,34,5,29,美好-楊梅,2023-02-15,5262
4114,健喬,44,15,29,美好-楊梅,2023-02-15,5262
2723,美食-KY,37,14,23,美好-楊梅,2023-02-15,5262
2208,台船,23,1,22,美好-楊梅,2023-02-15,5262
2886,兆豐金,19,0,19,美好-楊梅,2023-02-15,5262
00637L,元大滬深300正2,22,5,17,美好-楊梅,2023-02-15,5262
2498,宏達電,34,18,16,美好-楊梅,2023-02-15,5262
2303,聯電,31,15,16,美好-楊梅,2023-02-15,5262
00891,中信關鍵半導體,15,0,15,美好-楊梅,2023-02-15,5262
2344,華邦電,20,5,15,美好-楊梅,2023-02-15,5262
2440,太空梭,15,0,15,美好-楊梅,2023-02-15,5262
00882,中信中國高股息,14,0,14,美好-楊梅,2023-02-15,5262
0056,元大高股息,15,2,13,美好-楊梅,2023-02-15,5262
2330,台積電,22,11,11,美好-楊梅,2023-02-15,5262
1102,亞泥,11,0,11,美好-楊梅,2023-02-15,5262
3444,利機,11,0,11,美好-楊梅,2023-02-15,5262
2891,中信金,10,0,10,美好-楊梅,2023-02-15,5262
1218,泰山,10,0,10,美好-楊梅,2023-02-15,5262
1718,中纖,10,0,10,美好-楊梅,2023-02-15,5262
2601,益航,10,0,10,美好-楊梅,2023-02-15,5262
4714,永捷,10,0,10,美好-楊梅,2023-02-15,5262
5498,凱崴,10,0,10,美好-楊梅,2023-02-15,5262
00900,富邦特選高股息30,15,5,10,美好-楊梅,2023-02-15,5262
2201,裕隆,13,4,9,美好-楊梅,2023-02-15,5262
2363,矽統,9,0,9,美好-楊梅,2023-02-15,5262
5425,台半,34,25,9,美好-楊梅,2023-02-15,5262
0050,元大台灣50,10,1,9,美好-楊梅,2023-02-15,5262
5347,世界,8,0,8,美好-楊梅,2023-02-15,5262
2603,長榮,10,2,8,美好-楊梅,2023-02-15,5262
2337,旺宏,15,7,8,美好-楊梅,2023-02-15,5262
3324,雙鴻,8,0,8,美好-楊梅,2023-02-15,5262
4804,大略-KY,8,0,8,美好-楊梅,2023-02-15,5262
8112,至上,10,2,8,美好-楊梅,2023-02-15,5262
3027,盛達,22,14,8,美好-楊梅,2023-02-15,5262
2402,毅嘉,8,1,7,美好-楊梅,2023-02-15,5262
3252,海灣,7,0,7,美好-楊梅,2023-02-15,5262
3617,碩天,7,0,7,美好-楊梅,2023-02-15,5262
5211,蒙恬,7,0,7,美好-楊梅,2023-02-15,5262
6770,力積電,8,1,7,美好-楊梅,2023-02-15,5262
9940,信義,7,0,7,美好-楊梅,2023-02-15,5262
2884,玉山金,7,1,6,美好-楊梅,2023-02-15,5262
00885,富邦越南,6,0,6,美好-楊梅,2023-02-15,5262
3653,健策,6,0,6,美好-楊梅,2023-02-15,5262
6182,合晶,6,1,5,美好-楊梅,2023-02-15,5262
00878,國泰永續高股息,285,3,282,美好-楊梅,2023-02-16,5262
00679B,元大美債20年,115,0,115,美好-楊梅,2023-02-16,5262
6142,友勁,100,0,100,美好-楊梅,2023-02-16,5262
6278,台表科,50,0,50,美好-楊梅,2023-02-16,5262
2367,燿華,46,1,45,美好-楊梅,2023-02-16,5262
3624,光頡,46,8,38,美好-楊梅,2023-02-16,5262
1504,東元,34,2,32,美好-楊梅,2023-02-16,5262
00751B,元大AAA至A公司債,30,0,30,美好-楊梅,2023-02-16,5262
3694,海華,30,0,30,美好-楊梅,2023-02-16,5262
2905,三商,29,0,29,美好-楊梅,2023-02-16,5262
4126,太醫,22,0,22,美好-楊梅,2023-02-16,5262
2511,太子,20,0,20,美好-楊梅,2023-02-16,5262
2332,友訊,31,12,19,美好-楊梅,2023-02-16,5262
6712,長聖,18,0,18,美好-楊梅,2023-02-16,5262
6770,力積電,23,6,17,美好-楊梅,2023-02-16,5262
6443,元晶,24,8,16,美好-楊梅,2023-02-16,5262
6284,佳邦,16,0,16,美好-楊梅,2023-02-16,5262
2702,華園,15,0,15,美好-楊梅,2023-02-16,5262
1514,亞力,13,1,12,美好-楊梅,2023-02-16,5262
1612,宏泰,12,0,12,美好-楊梅,2023-02-16,5262
2812,台中銀,11,0,11,美好-楊梅,2023-02-16,5262
2478,大毅,11,1,10,美好-楊梅,2023-02-16,5262
2481,強茂,19,9,10,美好-楊梅,2023-02-16,5262
2801,彰銀,10,0,10,美好-楊梅,2023-02-16,5262
4714,永捷,10,0,10,美好-楊梅,2023-02-16,5262
8033,雷虎,11,1,10,美好-楊梅,2023-02-16,5262
8261,富鼎,11,2,9,美好-楊梅,2023-02-16,5262
1513,中興電,34,25,9,美好-楊梅,2023-02-16,5262
5512,力麒,8,0,8,美好-楊梅,2023-02-16,5262
00895,富邦未來車,10,2,8,美好-楊梅,2023-02-16,5262
2313,華通,10,2,8,美好-楊梅,2023-02-16,5262
3593,力銘,8,0,8,美好-楊梅,2023-02-16,5262
2201,裕隆,34,26,8,美好-楊梅,2023-02-16,5262
2609,陽明,14,7,7,美好-楊梅,2023-02-16,5262
2208,台船,7,0,7,美好-楊梅,2023-02-16,5262
2405,輔信,13,6,7,美好-楊梅,2023-02-16,5262
3444,利機,7,0,7,美好-楊梅,2023-02-16,5262
8358,金居,16,9,7,美好-楊梅,2023-02-16,5262
2327,國巨,19,13,6,美好-楊梅,2023-02-16,5262
00632R,元大台灣50反1,306,300,6,美好-楊梅,2023-02-16,5262
2834,臺企銀,20,14,6,美好-楊梅,2023-02-16,5262
3090,日電貿,6,0,6,美好-楊梅,2023-02-16,5262
3564,其陽,7,1,6,美好-楊梅,2023-02-16,5262
4915,致伸,11,5,6,美好-楊梅,2023-02-16,5262
6547,高端疫苗,6,0,6,美好-楊梅,2023-02-16,5262
1503,士電,39,34,5,美好-楊梅,2023-02-16,5262
1536,和大,5,0,5,美好-楊梅,2023-02-16,5262
2542,興富發,5,0,5,美好-楊梅,2023-02-16,5262
2889,國票金,5,0,5,美好-楊梅,2023-02-16,5262
3035,智原,14,9,5,美好-楊梅,2023-02-16,5262
2618,長榮航,120,54,66,美好-楊梅,2023-02-17,5262
2888,新光金,67,1,66,美好-楊梅,2023-02-17,5262
2344,華邦電,36,8,28,美好-楊梅,2023-02-17,5262
4747,強生,32,5,27,美好-楊梅,2023-02-17,5262
00665L,富邦�琤肭磪囓�2,25,0,25,美好-楊梅,2023-02-17,5262
2498,宏達電,28,8,20,美好-楊梅,2023-02-17,5262
2027,大成鋼,20,1,19,美好-楊梅,2023-02-17,5262
4919,新唐,22,3,19,美好-楊梅,2023-02-17,5262
2609,陽明,49,31,18,美好-楊梅,2023-02-17,5262
00715L,期街口布蘭特正2,15,0,15,美好-楊梅,2023-02-17,5262
1437,勤益控,15,0,15,美好-楊梅,2023-02-17,5262
9105,泰金寶-DR,15,1,14,美好-楊梅,2023-02-17,5262
6104,創惟,22,8,14,美好-楊梅,2023-02-17,5262
2603,長榮,30,17,13,美好-楊梅,2023-02-17,5262
3035,智原,14,2,12,美好-楊梅,2023-02-17,5262
2329,華泰,13,1,12,美好-楊梅,2023-02-17,5262
2754,亞洲藏壽司,11,0,11,美好-楊梅,2023-02-17,5262
3312,弘憶股,11,0,11,美好-楊梅,2023-02-17,5262
00772B,中信高評級公司債,10,0,10,美好-楊梅,2023-02-17,5262
2002,中鋼,24,14,10,美好-楊梅,2023-02-17,5262
2497,怡利電,12,2,10,美好-楊梅,2023-02-17,5262
2601,益航,10,0,10,美好-楊梅,2023-02-17,5262
5701,劍湖山,10,0,10,美好-楊梅,2023-02-17,5262
8038,長園科,10,0,10,美好-楊梅,2023-02-17,5262
8222,寶一,19,9,10,美好-楊梅,2023-02-17,5262
8433,弘帆,10,0,10,美好-楊梅,2023-02-17,5262
2330,台積電,12,2,10,美好-楊梅,2023-02-17,5262
4960,誠美材,10,1,9,美好-楊梅,2023-02-17,5262
8358,金居,16,7,9,美好-楊梅,2023-02-17,5262
2882,國泰金,25,17,8,美好-楊梅,2023-02-17,5262
5512,力麒,8,0,8,美好-楊梅,2023-02-17,5262
00679B,元大美債20年,7,0,7,美好-楊梅,2023-02-17,5262
0056,元大高股息,14,7,7,美好-楊梅,2023-02-17,5262
1513,中興電,32,25,7,美好-楊梅,2023-02-17,5262
00637L,元大滬深300正2,32,25,7,美好-楊梅,2023-02-17,5262
00632R,元大台灣50反1,13,6,7,美好-楊梅,2023-02-17,5262
2637,慧洋-KY,7,0,7,美好-楊梅,2023-02-17,5262
2905,三商,7,0,7,美好-楊梅,2023-02-17,5262
3454,晶睿,8,1,7,美好-楊梅,2023-02-17,5262
5009,榮剛,10,3,7,美好-楊梅,2023-02-17,5262
6244,茂迪,7,0,7,美好-楊梅,2023-02-17,5262
3704,合勤控,9,2,7,美好-楊梅,2023-02-17,5262
2606,裕民,6,0,6,美好-楊梅,2023-02-17,5262
3545,敦泰,7,1,6,美好-楊梅,2023-02-17,5262
00900,富邦特選高股息30,6,0,6,美好-楊梅,2023-02-17,5262
3499,環天科,6,0,6,美好-楊梅,2023-02-17,5262
3711,日月光投控,6,0,6,美好-楊梅,2023-02-17,5262
6243,迅杰,6,0,6,美好-楊梅,2023-02-17,5262
9962,有益,6,0,6,美好-楊梅,2023-02-17,5262
00720B,元大投資級公司債,5,0,5,美好-楊梅,2023-02-17,5262
2845,遠東銀,160,0,160,美好-楊梅,2023-02-20,5262
00878,國泰永續高股息,130,0,130,美好-楊梅,2023-02-20,5262
2464,盟立,44,0,44,美好-楊梅,2023-02-20,5262
2206,三陽工業,55,15,40,美好-楊梅,2023-02-20,5262
5009,榮剛,41,1,40,美好-楊梅,2023-02-20,5262
1609,大亞,35,8,27,美好-楊梅,2023-02-20,5262
3058,立德,27,0,27,美好-楊梅,2023-02-20,5262
00715L,期街口布蘭特正2,25,2,23,美好-楊梅,2023-02-20,5262
00772B,中信高評級公司債,21,0,21,美好-楊梅,2023-02-20,5262
1503,士電,77,56,21,美好-楊梅,2023-02-20,5262
00665L,富邦�琤肭磪囓�2,20,0,20,美好-楊梅,2023-02-20,5262
1409,新纖,20,0,20,美好-楊梅,2023-02-20,5262
3339,泰谷,20,0,20,美好-楊梅,2023-02-20,5262
1795,美時,24,5,19,美好-楊梅,2023-02-20,5262
1101,台泥,28,10,18,美好-楊梅,2023-02-20,5262
2457,飛宏,33,16,17,美好-楊梅,2023-02-20,5262
1524,耿鼎,17,1,16,美好-楊梅,2023-02-20,5262
6226,光鼎,14,0,14,美好-楊梅,2023-02-20,5262
1522,堤維西,15,2,13,美好-楊梅,2023-02-20,5262
2618,長榮航,56,44,12,美好-楊梅,2023-02-20,5262
6770,力積電,16,4,12,美好-楊梅,2023-02-20,5262
1734,杏輝,15,4,11,美好-楊梅,2023-02-20,5262
2027,大成鋼,11,0,11,美好-楊梅,2023-02-20,5262
2929,淘帝-KY,15,4,11,美好-楊梅,2023-02-20,5262
4770,上品,14,3,11,美好-楊梅,2023-02-20,5262
1528,恩德,10,0,10,美好-楊梅,2023-02-20,5262
4960,誠美材,15,5,10,美好-楊梅,2023-02-20,5262
2481,強茂,10,0,10,美好-楊梅,2023-02-20,5262
2515,中工,10,0,10,美好-楊梅,2023-02-20,5262
2605,新興,10,0,10,美好-楊梅,2023-02-20,5262
2903,遠百,10,0,10,美好-楊梅,2023-02-20,5262
5498,凱崴,12,2,10,美好-楊梅,2023-02-20,5262
5706,鳳凰,11,1,10,美好-楊梅,2023-02-20,5262
6129,普誠,10,0,10,美好-楊梅,2023-02-20,5262
6191,精成科,10,0,10,美好-楊梅,2023-02-20,5262
1108,幸福,10,1,9,美好-楊梅,2023-02-20,5262
2353,宏��,10,1,9,美好-楊梅,2023-02-20,5262
020032,元大綠能N,9,0,9,美好-楊梅,2023-02-20,5262
2371,大同,10,1,9,美好-楊梅,2023-02-20,5262
2476,鉅祥,9,0,9,美好-楊梅,2023-02-20,5262
3081,聯亞,9,0,9,美好-楊梅,2023-02-20,5262
8383,千附,9,0,9,美好-楊梅,2023-02-20,5262
3027,盛達,15,6,9,美好-楊梅,2023-02-20,5262
3163,波若威,8,0,8,美好-楊梅,2023-02-20,5262
00683L,期元大美元指正2,8,0,8,美好-楊梅,2023-02-20,5262
4534,慶騰,8,0,8,美好-楊梅,2023-02-20,5262
6411,晶焱,13,5,8,美好-楊梅,2023-02-20,5262
2002,中鋼,16,9,7,美好-楊梅,2023-02-20,5262
3006,晶豪科,9,2,7,美好-楊梅,2023-02-20,5262
8046,南電,9,2,7,美好-楊梅,2023-02-20,5262
2610,華航,398,82,316,美好-楊梅,2023-02-21,5262
5512,力麒,80,0,80,美好-楊梅,2023-02-21,5262
2618,長榮航,101,23,78,美好-楊梅,2023-02-21,5262
2634,漢翔,96,36,60,美好-楊梅,2023-02-21,5262
3576,聯合再生,82,24,58,美好-楊梅,2023-02-21,5262
2014,中鴻,51,4,47,美好-楊梅,2023-02-21,5262
8936,國統,47,1,46,美好-楊梅,2023-02-21,5262
6266,泰詠,47,3,44,美好-楊梅,2023-02-21,5262
2367,燿華,44,0,44,美好-楊梅,2023-02-21,5262
3047,訊舟,38,0,38,美好-楊梅,2023-02-21,5262
2457,飛宏,66,30,36,美好-楊梅,2023-02-21,5262
5425,台半,35,2,33,美好-楊梅,2023-02-21,5262
1609,大亞,44,13,31,美好-楊梅,2023-02-21,5262
1714,和桐,25,0,25,美好-楊梅,2023-02-21,5262
2027,大成鋼,25,0,25,美好-楊梅,2023-02-21,5262
1584,精剛,36,11,25,美好-楊梅,2023-02-21,5262
2884,玉山金,82,57,25,美好-楊梅,2023-02-21,5262
2208,台船,30,6,24,美好-楊梅,2023-02-21,5262
5258,虹堡,28,4,24,美好-楊梅,2023-02-21,5262
6104,創惟,28,4,24,美好-楊梅,2023-02-21,5262
2748,雲品,28,5,23,美好-楊梅,2023-02-21,5262
3062,建漢,23,0,23,美好-楊梅,2023-02-21,5262
6531,愛普*,28,5,23,美好-楊梅,2023-02-21,5262
1513,中興電,53,31,22,美好-楊梅,2023-02-21,5262
2834,臺企銀,23,2,21,美好-楊梅,2023-02-21,5262
4960,誠美材,21,1,20,美好-楊梅,2023-02-21,5262
3593,力銘,20,0,20,美好-楊梅,2023-02-21,5262
8222,寶一,24,7,17,美好-楊梅,2023-02-21,5262
00665L,富邦�琤肭磪囓�2,65,50,15,美好-楊梅,2023-02-21,5262
2883,凱基金,15,0,15,美好-楊梅,2023-02-21,5262
4114,健喬,41,26,15,美好-楊梅,2023-02-21,5262
00712,復華富時不動產,14,0,14,美好-楊梅,2023-02-21,5262
6288,聯嘉,28,14,14,美好-楊梅,2023-02-21,5262
6517,保勝光學,14,0,14,美好-楊梅,2023-02-21,5262
2464,盟立,13,0,13,美好-楊梅,2023-02-21,5262
6443,元晶,14,2,12,美好-楊梅,2023-02-21,5262
1108,幸福,11,0,11,美好-楊梅,2023-02-21,5262
00652,富邦印度,10,0,10,美好-楊梅,2023-02-21,5262
2440,太空梭,10,0,10,美好-楊梅,2023-02-21,5262
2481,強茂,20,10,10,美好-楊梅,2023-02-21,5262
4744,皇將,10,0,10,美好-楊梅,2023-02-21,5262
5701,劍湖山,10,0,10,美好-楊梅,2023-02-21,5262
8933,愛地雅,10,0,10,美好-楊梅,2023-02-21,5262
3710,連展投控,10,1,9,美好-楊梅,2023-02-21,5262
8046,南電,10,1,9,美好-楊梅,2023-02-21,5262
6235,華孚,14,5,9,美好-楊梅,2023-02-21,5262
1229,聯華,8,0,8,美好-楊梅,2023-02-21,5262
2929,淘帝-KY,9,1,8,美好-楊梅,2023-02-21,5262
3540,曜越,10,2,8,美好-楊梅,2023-02-21,5262
4142,國光生,10,2,8,美好-楊梅,2023-02-21,5262
2610,華航,195,6,189,美好-楊梅,2023-02-22,5262
2812,台中銀,110,7,103,美好-楊梅,2023-02-22,5262
00665L,富邦�琤肭磪囓�2,100,1,99,美好-楊梅,2023-02-22,5262
00878,國泰永續高股息,107,10,97,美好-楊梅,2023-02-22,5262
2498,宏達電,76,4,72,美好-楊梅,2023-02-22,5262
00900,富邦特選高股息30,65,0,65,美好-楊梅,2023-02-22,5262
3576,聯合再生,50,0,50,美好-楊梅,2023-02-22,5262
1519,華城,108,71,37,美好-楊梅,2023-02-22,5262
1605,華新,54,25,29,美好-楊梅,2023-02-22,5262
1319,東陽,29,0,29,美好-楊梅,2023-02-22,5262
3037,欣興,34,5,29,美好-楊梅,2023-02-22,5262
3035,智原,39,12,27,美好-楊梅,2023-02-22,5262
3264,欣銓,75,50,25,美好-楊梅,2023-02-22,5262
00632R,元大台灣50反1,25,3,22,美好-楊梅,2023-02-22,5262
8033,雷虎,36,16,20,美好-楊梅,2023-02-22,5262
1609,大亞,25,5,20,美好-楊梅,2023-02-22,5262
4303,信立,19,0,19,美好-楊梅,2023-02-22,5262
6282,康舒,36,17,19,美好-楊梅,2023-02-22,5262
2603,長榮,26,8,18,美好-楊梅,2023-02-22,5262
2303,聯電,22,4,18,美好-楊梅,2023-02-22,5262
4168,醣聯,20,2,18,美好-楊梅,2023-02-22,5262
1447,力鵬,15,0,15,美好-楊梅,2023-02-22,5262
1589,永冠-KY,20,6,14,美好-楊梅,2023-02-22,5262
0056,元大高股息,13,1,12,美好-楊梅,2023-02-22,5262
3374,精材,12,0,12,美好-楊梅,2023-02-22,5262
5512,力麒,23,11,12,美好-楊梅,2023-02-22,5262
3011,今皓,21,10,11,美好-楊梅,2023-02-22,5262
4979,華星光,13,2,11,美好-楊梅,2023-02-22,5262
6180,橘子,11,0,11,美好-楊梅,2023-02-22,5262
2337,旺宏,15,4,11,美好-楊梅,2023-02-22,5262
2457,飛宏,14,3,11,美好-楊梅,2023-02-22,5262
2618,長榮航,28,17,11,美好-楊梅,2023-02-22,5262
6695,芯鼎,11,0,11,美好-楊梅,2023-02-22,5262
1795,美時,16,6,10,美好-楊梅,2023-02-22,5262
1528,恩德,10,0,10,美好-楊梅,2023-02-22,5262
2838,聯邦銀,10,0,10,美好-楊梅,2023-02-22,5262
00901,永豐智能車供應鏈,9,0,9,美好-楊梅,2023-02-22,5262
2702,華園,11,2,9,美好-楊梅,2023-02-22,5262
6770,力積電,9,0,9,美好-楊梅,2023-02-22,5262
8478,東哥遊艇,11,3,8,美好-楊梅,2023-02-22,5262
2881,富邦金,8,0,8,美好-楊梅,2023-02-22,5262
6441,廣錠,9,1,8,美好-楊梅,2023-02-22,5262
2208,台船,23,16,7,美好-楊梅,2023-02-22,5262
2344,華邦電,29,22,7,美好-楊梅,2023-02-22,5262
3189,景碩,8,1,7,美好-楊梅,2023-02-22,5262
3558,神準,9,2,7,美好-楊梅,2023-02-22,5262
3704,合勤控,13,6,7,美好-楊梅,2023-02-22,5262
6116,彩晶,9,2,7,美好-楊梅,2023-02-22,5262
6120,達運,7,0,7,美好-楊梅,2023-02-22,5262
2884,玉山金,15,8,7,美好-楊梅,2023-02-22,5262
4960,誠美材,106,4,102,美好-楊梅,2023-02-23,5262
2610,華航,111,22,89,美好-楊梅,2023-02-23,5262
00882,中信中國高股息,80,0,80,美好-楊梅,2023-02-23,5262
3481,群創,84,23,61,美好-楊梅,2023-02-23,5262
2369,菱生,60,0,60,美好-楊梅,2023-02-23,5262
6456,GIS-KY,49,0,49,美好-楊梅,2023-02-23,5262
2208,台船,72,24,48,美好-楊梅,2023-02-23,5262
5009,榮剛,44,6,38,美好-楊梅,2023-02-23,5262
00637L,元大滬深300正2,55,25,30,美好-楊梅,2023-02-23,5262
6116,彩晶,29,0,29,美好-楊梅,2023-02-23,5262
00885,富邦越南,27,0,27,美好-楊梅,2023-02-23,5262
5521,工信,30,3,27,美好-楊梅,2023-02-23,5262
00715L,期街口布蘭特正2,25,0,25,美好-楊梅,2023-02-23,5262
3710,連展投控,25,0,25,美好-楊梅,2023-02-23,5262
2712,遠雄來,23,0,23,美好-楊梅,2023-02-23,5262
8996,高力,26,3,23,美好-楊梅,2023-02-23,5262
2911,麗嬰房,22,0,22,美好-楊梅,2023-02-23,5262
3535,晶彩科,101,80,21,美好-楊梅,2023-02-23,5262
00642U,期元大S＆P石油,21,0,21,美好-楊梅,2023-02-23,5262
8111,立��,21,0,21,美好-楊梅,2023-02-23,5262
2481,強茂,17,0,17,美好-楊梅,2023-02-23,5262
2634,漢翔,22,5,17,美好-楊梅,2023-02-23,5262
3037,欣興,22,5,17,美好-楊梅,2023-02-23,5262
3673,TPK-KY,18,2,16,美好-楊梅,2023-02-23,5262
5905,南仁湖,17,1,16,美好-楊梅,2023-02-23,5262
8171,天宇,18,2,16,美好-楊梅,2023-02-23,5262
1440,南紡,15,0,15,美好-楊梅,2023-02-23,5262
1810,和成,28,13,15,美好-楊梅,2023-02-23,5262
3682,亞太電,15,0,15,美好-楊梅,2023-02-23,5262
8358,金居,16,1,15,美好-楊梅,2023-02-23,5262
8933,愛地雅,15,0,15,美好-楊梅,2023-02-23,5262
2352,佳世達,17,3,14,美好-楊梅,2023-02-23,5262
2748,雲品,32,18,14,美好-楊梅,2023-02-23,5262
1609,大亞,14,1,13,美好-楊梅,2023-02-23,5262
2888,新光金,16,3,13,美好-楊梅,2023-02-23,5262
00713,元大台灣高息低波,13,0,13,美好-楊梅,2023-02-23,5262
1605,華新,51,39,12,美好-楊梅,2023-02-23,5262
1416,廣豐,12,0,12,美好-楊梅,2023-02-23,5262
00636,國泰中國A50,11,0,11,美好-楊梅,2023-02-23,5262
8383,千附,18,7,11,美好-楊梅,2023-02-23,5262
6266,泰詠,12,2,10,美好-楊梅,2023-02-23,5262
00751B,元大AAA至A公司債,10,0,10,美好-楊梅,2023-02-23,5262
2351,順德,10,0,10,美好-楊梅,2023-02-23,5262
2705,六福,10,0,10,美好-楊梅,2023-02-23,5262
3011,今皓,15,5,10,美好-楊梅,2023-02-23,5262
3088,艾訊,12,2,10,美好-楊梅,2023-02-23,5262
3494,誠研,10,0,10,美好-楊梅,2023-02-23,5262
5498,凱崴,10,0,10,美好-楊梅,2023-02-23,5262
6015,宏遠證,10,0,10,美好-楊梅,2023-02-23,5262
6205,詮欣,14,4,10,美好-楊梅,2023-02-23,5262
2014,中鴻,182,6,176,美好-楊梅,2023-02-24,5262
00632R,元大台灣50反1,158,0,158,美好-楊梅,2023-02-24,5262
5512,力麒,251,133,118,美好-楊梅,2023-02-24,5262
2610,華航,92,17,75,美好-楊梅,2023-02-24,5262
2905,三商,69,0,69,美好-楊梅,2023-02-24,5262
2498,宏達電,82,28,54,美好-楊梅,2023-02-24,5262
2867,三商壽,52,0,52,美好-楊梅,2023-02-24,5262
00665L,富邦�琤肭磪囓�2,50,0,50,美好-楊梅,2023-02-24,5262
2601,益航,70,20,50,美好-楊梅,2023-02-24,5262
2618,長榮航,50,0,50,美好-楊梅,2023-02-24,5262
2351,順德,82,32,50,美好-楊梅,2023-02-24,5262
2609,陽明,150,105,45,美好-楊梅,2023-02-24,5262
3576,聯合再生,41,0,41,美好-楊梅,2023-02-24,5262
2303,聯電,59,24,35,美好-楊梅,2023-02-24,5262
00891,中信關鍵半導體,35,0,35,美好-楊梅,2023-02-24,5262
00720B,元大投資級公司債,35,0,35,美好-楊梅,2023-02-24,5262
2208,台船,34,1,33,美好-楊梅,2023-02-24,5262
3037,欣興,41,11,30,美好-楊梅,2023-02-24,5262
5351,鈺創,32,4,28,美好-楊梅,2023-02-24,5262
00878,國泰永續高股息,43,17,26,美好-楊梅,2023-02-24,5262
3710,連展投控,30,5,25,美好-楊梅,2023-02-24,5262
4915,致伸,29,6,23,美好-楊梅,2023-02-24,5262
8096,擎亞,23,0,23,美好-楊梅,2023-02-24,5262
00636,國泰中國A50,23,0,23,美好-楊梅,2023-02-24,5262
2607,榮運,27,5,22,美好-楊梅,2023-02-24,5262
2002,中鋼,21,0,21,美好-楊梅,2023-02-24,5262
2884,玉山金,23,2,21,美好-楊梅,2023-02-24,5262
2104,國際中橡,20,0,20,美好-楊梅,2023-02-24,5262
2897,王道銀行,21,1,20,美好-楊梅,2023-02-24,5262
3715,定穎投控,20,0,20,美好-楊梅,2023-02-24,5262
6016,康和證,20,0,20,美好-楊梅,2023-02-24,5262
2363,矽統,20,1,19,美好-楊梅,2023-02-24,5262
2457,飛宏,21,3,18,美好-楊梅,2023-02-24,5262
1519,華城,28,12,16,美好-楊梅,2023-02-24,5262
6182,合晶,16,0,16,美好-楊梅,2023-02-24,5262
2886,兆豐金,16,0,16,美好-楊梅,2023-02-24,5262
2425,承啟,17,2,15,美好-楊梅,2023-02-24,5262
00637L,元大滬深300正2,15,0,15,美好-楊梅,2023-02-24,5262
6142,友勁,14,0,14,美好-楊梅,2023-02-24,5262
3014,聯陽,18,5,13,美好-楊梅,2023-02-24,5262
8358,金居,14,2,12,美好-楊梅,2023-02-24,5262
1326,台化,11,0,11,美好-楊梅,2023-02-24,5262
00712,復華富時不動產,11,0,11,美好-楊梅,2023-02-24,5262
2634,漢翔,13,2,11,美好-楊梅,2023-02-24,5262
1535,中宇,10,0,10,美好-楊梅,2023-02-24,5262
1560,中砂,10,0,10,美好-楊梅,2023-02-24,5262
2360,致茂,11,1,10,美好-楊梅,2023-02-24,5262
2547,日勝生,10,0,10,美好-楊梅,2023-02-24,5262
6461,益得,10,0,10,美好-楊梅,2023-02-24,5262
3006,晶豪科,11,1,10,美好-楊梅,2023-02-24,5262
1605,華新,140,27,113,美好-楊梅,2023-03-01,5262
00632R,元大台灣50反1,50,3,47,美好-楊梅,2023-03-01,5262
2834,臺企銀,53,7,46,美好-楊梅,2023-03-01,5262
2605,新興,72,33,39,美好-楊梅,2023-03-01,5262
00878,國泰永續高股息,66,27,39,美好-楊梅,2023-03-01,5262
00893,國泰智能電動車,35,2,33,美好-楊梅,2023-03-01,5262
6266,泰詠,40,7,33,美好-楊梅,2023-03-01,5262
2618,長榮航,39,8,31,美好-楊梅,2023-03-01,5262
6576,逸達,31,0,31,美好-楊梅,2023-03-01,5262
6201,亞弘電,30,0,30,美好-楊梅,2023-03-01,5262
2610,華航,30,2,28,美好-楊梅,2023-03-01,5262
2002,中鋼,47,23,24,美好-楊梅,2023-03-01,5262
2332,友訊,21,0,21,美好-楊梅,2023-03-01,5262
2601,益航,48,28,20,美好-楊梅,2023-03-01,5262
8936,國統,20,0,20,美好-楊梅,2023-03-01,5262
5009,榮剛,20,2,18,美好-楊梅,2023-03-01,5262
00713,元大台灣高息低波,21,3,18,美好-楊梅,2023-03-01,5262
1218,泰山,17,0,17,美好-楊梅,2023-03-01,5262
2206,三陽工業,21,5,16,美好-楊梅,2023-03-01,5262
00885,富邦越南,16,1,15,美好-楊梅,2023-03-01,5262
2890,永豐金,15,0,15,美好-楊梅,2023-03-01,5262
9933,中鼎,16,2,14,美好-楊梅,2023-03-01,5262
00903,富邦元宇宙,13,0,13,美好-楊梅,2023-03-01,5262
2812,台中銀,13,0,13,美好-楊梅,2023-03-01,5262
6274,台燿,13,0,13,美好-楊梅,2023-03-01,5262
6279,胡連,13,0,13,美好-楊梅,2023-03-01,5262
8096,擎亞,12,0,12,美好-楊梅,2023-03-01,5262
8358,金居,12,0,12,美好-楊梅,2023-03-01,5262
2344,華邦電,26,14,12,美好-楊梅,2023-03-01,5262
2885,元大金,16,5,11,美好-楊梅,2023-03-01,5262
1701,中化,11,0,11,美好-楊梅,2023-03-01,5262
2897,王道銀行,11,0,11,美好-楊梅,2023-03-01,5262
6770,力積電,11,0,11,美好-楊梅,2023-03-01,5262
9945,潤泰新,13,2,11,美好-楊梅,2023-03-01,5262
2388,威盛,26,16,10,美好-楊梅,2023-03-01,5262
00907,永豐優息存股,10,0,10,美好-楊梅,2023-03-01,5262
1709,和益,11,1,10,美好-楊梅,2023-03-01,5262
2547,日勝生,10,0,10,美好-楊梅,2023-03-01,5262
2748,雲品,10,0,10,美好-楊梅,2023-03-01,5262
3686,達能,10,0,10,美好-楊梅,2023-03-01,5262
5608,四維航,47,37,10,美好-楊梅,2023-03-01,5262
6541,泰福-KY,10,0,10,美好-楊梅,2023-03-01,5262
8050,廣積,10,0,10,美好-楊梅,2023-03-01,5262
1506,正道,9,0,9,美好-楊梅,2023-03-01,5262
2017,官田鋼,9,0,9,美好-楊梅,2023-03-01,5262
2892,第一金,10,1,9,美好-楊梅,2023-03-01,5262
3706,神達,8,0,8,美好-楊梅,2023-03-01,5262
4105,東洋,8,0,8,美好-楊梅,2023-03-01,5262
5353,台林,11,3,8,美好-楊梅,2023-03-01,5262
6443,元晶,10,2,8,美好-楊梅,2023-03-01,5262
00878,國泰永續高股息,115,6,109,美好-楊梅,2023-03-02,5262
5905,南仁湖,54,2,52,美好-楊梅,2023-03-02,5262
00632R,元大台灣50反1,50,0,50,美好-楊梅,2023-03-02,5262
2610,華航,63,15,48,美好-楊梅,2023-03-02,5262
3481,群創,52,12,40,美好-楊梅,2023-03-02,5262
2892,第一金,36,0,36,美好-楊梅,2023-03-02,5262
00900,富邦特選高股息30,31,0,31,美好-楊梅,2023-03-02,5262
2031,新光鋼,28,0,28,美好-楊梅,2023-03-02,5262
1605,華新,64,37,27,美好-楊梅,2023-03-02,5262
00903,富邦元宇宙,24,0,24,美好-楊梅,2023-03-02,5262
2886,兆豐金,23,0,23,美好-楊梅,2023-03-02,5262
1519,華城,30,10,20,美好-楊梅,2023-03-02,5262
2897,王道銀行,20,0,20,美好-楊梅,2023-03-02,5262
5210,寶碩,20,0,20,美好-楊梅,2023-03-02,5262
8358,金居,20,0,20,美好-楊梅,2023-03-02,5262
00893,國泰智能電動車,20,1,19,美好-楊梅,2023-03-02,5262
2303,聯電,27,10,17,美好-楊梅,2023-03-02,5262
8112,至上,19,3,16,美好-楊梅,2023-03-02,5262
2471,資通,16,1,15,美好-楊梅,2023-03-02,5262
2891,中信金,14,0,14,美好-楊梅,2023-03-02,5262
00712,復華富時不動產,13,0,13,美好-楊梅,2023-03-02,5262
2388,威盛,16,4,12,美好-楊梅,2023-03-02,5262
3438,類比科,12,0,12,美好-楊梅,2023-03-02,5262
1342,八貫,13,2,11,美好-楊梅,2023-03-02,5262
3231,緯創,12,1,11,美好-楊梅,2023-03-02,5262
6443,元晶,16,5,11,美好-楊梅,2023-03-02,5262
1714,和桐,10,0,10,美好-楊梅,2023-03-02,5262
2382,廣達,10,0,10,美好-楊梅,2023-03-02,5262
2547,日勝生,10,0,10,美好-楊梅,2023-03-02,5262
3013,晟銘電,10,0,10,美好-楊梅,2023-03-02,5262
5521,工信,10,0,10,美好-楊梅,2023-03-02,5262
6187,萬潤,10,0,10,美好-楊梅,2023-03-02,5262
6576,逸達,10,0,10,美好-楊梅,2023-03-02,5262
2888,新光金,10,1,9,美好-楊梅,2023-03-02,5262
3027,盛達,56,47,9,美好-楊梅,2023-03-02,5262
3207,耀勝,10,1,9,美好-楊梅,2023-03-02,5262
5512,力麒,10,1,9,美好-楊梅,2023-03-02,5262
1432,大魯閣,8,0,8,美好-楊梅,2023-03-02,5262
2482,連宇,23,15,8,美好-楊梅,2023-03-02,5262
3704,合勤控,15,7,8,美好-楊梅,2023-03-02,5262
4155,訊映,7,0,7,美好-楊梅,2023-03-02,5262
5608,四維航,32,25,7,美好-楊梅,2023-03-02,5262
6578,達邦蛋白,7,0,7,美好-楊梅,2023-03-02,5262
8111,立��,7,0,7,美好-楊梅,2023-03-02,5262
00725B,國泰投資級公司債,6,0,6,美好-楊梅,2023-03-02,5262
2329,華泰,6,0,6,美好-楊梅,2023-03-02,5262
2755,揚秦,6,0,6,美好-楊梅,2023-03-02,5262
2812,台中銀,6,0,6,美好-楊梅,2023-03-02,5262
3710,連展投控,6,0,6,美好-楊梅,2023-03-02,5262
6266,泰詠,8,2,6,美好-楊梅,2023-03-02,5262
3264,欣銓,65,1,64,美好-楊梅,2023-03-03,5262
00632R,元大台灣50反1,56,0,56,美好-楊梅,2023-03-03,5262
1605,華新,68,25,43,美好-楊梅,2023-03-03,5262
1734,杏輝,40,0,40,美好-楊梅,2023-03-03,5262
8111,立��,32,0,32,美好-楊梅,2023-03-03,5262
8936,國統,30,1,29,美好-楊梅,2023-03-03,5262
00878,國泰永續高股息,35,8,27,美好-楊梅,2023-03-03,5262
2498,宏達電,33,8,25,美好-楊梅,2023-03-03,5262
2887,台新金,24,0,24,美好-楊梅,2023-03-03,5262
1701,中化,25,2,23,美好-楊梅,2023-03-03,5262
3576,聯合再生,23,0,23,美好-楊梅,2023-03-03,5262
1519,華城,46,25,21,美好-楊梅,2023-03-03,5262
00671R,富邦NASDAQ反1,20,0,20,美好-楊梅,2023-03-03,5262
3011,今皓,20,0,20,美好-楊梅,2023-03-03,5262
1314,中石化,20,0,20,美好-楊梅,2023-03-03,5262
2495,普安,19,0,19,美好-楊梅,2023-03-03,5262
3710,連展投控,20,1,19,美好-楊梅,2023-03-03,5262
2371,大同,16,0,16,美好-楊梅,2023-03-03,5262
2440,太空梭,20,5,15,美好-楊梅,2023-03-03,5262
2834,臺企銀,57,43,14,美好-楊梅,2023-03-03,5262
3128,昇銳,27,14,13,美好-楊梅,2023-03-03,5262
4934,太極,13,0,13,美好-楊梅,2023-03-03,5262
6142,友勁,13,0,13,美好-楊梅,2023-03-03,5262
6531,愛普*,38,26,12,美好-楊梅,2023-03-03,5262
1714,和桐,13,1,12,美好-楊梅,2023-03-03,5262
2006,東和鋼鐵,12,0,12,美好-楊梅,2023-03-03,5262
2014,中鴻,12,0,12,美好-楊梅,2023-03-03,5262
2897,王道銀行,12,0,12,美好-楊梅,2023-03-03,5262
1219,福壽,13,2,11,美好-楊梅,2023-03-03,5262
00881,國泰台灣5G+,11,1,10,美好-楊梅,2023-03-03,5262
00637L,元大滬深300正2,76,66,10,美好-楊梅,2023-03-03,5262
1589,永冠-KY,10,0,10,美好-楊梅,2023-03-03,5262
2351,順德,10,0,10,美好-楊梅,2023-03-03,5262
2820,華票,10,0,10,美好-楊梅,2023-03-03,5262
5498,凱崴,10,0,10,美好-楊梅,2023-03-03,5262
8072,陞泰,10,0,10,美好-楊梅,2023-03-03,5262
3037,欣興,41,31,10,美好-楊梅,2023-03-03,5262
2610,華航,22,13,9,美好-楊梅,2023-03-03,5262
2886,兆豐金,9,0,9,美好-楊梅,2023-03-03,5262
5009,榮剛,12,3,9,美好-楊梅,2023-03-03,5262
2890,永豐金,9,0,9,美好-楊梅,2023-03-03,5262
2618,長榮航,21,13,8,美好-楊梅,2023-03-03,5262
8215,明基材,8,0,8,美好-楊梅,2023-03-03,5262
8227,巨有科技,20,12,8,美好-楊梅,2023-03-03,5262
5347,世界,7,0,7,美好-楊梅,2023-03-03,5262
4743,合一,8,1,7,美好-楊梅,2023-03-03,5262
2809,京城銀,7,0,7,美好-楊梅,2023-03-03,5262
2891,中信金,7,0,7,美好-楊梅,2023-03-03,5262
3357,臺慶科,9,2,7,美好-楊梅,2023-03-03,5262
3550,聯穎,7,0,7,美好-楊梅,2023-03-03,5262
00632R,元大台灣50反1,68,5,63,美好-楊梅,2023-03-06,5262
2344,華邦電,97,52,45,美好-楊梅,2023-03-06,5262
00878,國泰永續高股息,62,22,40,美好-楊梅,2023-03-06,5262
2605,新興,55,17,38,美好-楊梅,2023-03-06,5262
6770,力積電,90,54,36,美好-楊梅,2023-03-06,5262
00712,復華富時不動產,32,0,32,美好-楊梅,2023-03-06,5262
3576,聯合再生,41,11,30,美好-楊梅,2023-03-06,5262
1605,華新,44,14,30,美好-楊梅,2023-03-06,5262
3264,欣銓,33,4,29,美好-楊梅,2023-03-06,5262
6512,啟發電,25,0,25,美好-楊梅,2023-03-06,5262
00665L,富邦�琤肭磪囓�2,22,1,21,美好-楊梅,2023-03-06,5262
3628,盈正,21,0,21,美好-楊梅,2023-03-06,5262
3141,晶宏,35,15,20,美好-楊梅,2023-03-06,5262
00637L,元大滬深300正2,18,0,18,美好-楊梅,2023-03-06,5262
00713,元大台灣高息低波,16,0,16,美好-楊梅,2023-03-06,5262
5608,四維航,17,1,16,美好-楊梅,2023-03-06,5262
2388,威盛,23,8,15,美好-楊梅,2023-03-06,5262
1714,和桐,15,0,15,美好-楊梅,2023-03-06,5262
3504,揚明光,23,8,15,美好-楊梅,2023-03-06,5262
1504,東元,16,2,14,美好-楊梅,2023-03-06,5262
2305,全友,14,0,14,美好-楊梅,2023-03-06,5262
6668,中揚光,14,0,14,美好-楊梅,2023-03-06,5262
00673R,期元大S＆P原油反1,12,0,12,美好-楊梅,2023-03-06,5262
2464,盟立,12,0,12,美好-楊梅,2023-03-06,5262
3031,佰鴻,12,0,12,美好-楊梅,2023-03-06,5262
6547,高端疫苗,12,0,12,美好-楊梅,2023-03-06,5262
00636,國泰中國A50,11,0,11,美好-楊梅,2023-03-06,5262
6469,大樹,11,0,11,美好-楊梅,2023-03-06,5262
2484,希華,17,6,11,美好-楊梅,2023-03-06,5262
3081,聯亞,15,4,11,美好-楊梅,2023-03-06,5262
1783,和康生,16,6,10,美好-楊梅,2023-03-06,5262
5353,台林,20,10,10,美好-楊梅,2023-03-06,5262
2609,陽明,50,40,10,美好-楊梅,2023-03-06,5262
1521,大億,9,0,9,美好-楊梅,2023-03-06,5262
3441,聯一光,18,9,9,美好-楊梅,2023-03-06,5262
6116,彩晶,50,41,9,美好-楊梅,2023-03-06,5262
8050,廣積,11,2,9,美好-楊梅,2023-03-06,5262
2457,飛宏,42,34,8,美好-楊梅,2023-03-06,5262
6411,晶焱,11,3,8,美好-楊梅,2023-03-06,5262
2302,麗正,10,2,8,美好-楊梅,2023-03-06,5262
2444,兆勁,10,2,8,美好-楊梅,2023-03-06,5262
4934,太極,8,0,8,美好-楊梅,2023-03-06,5262
6523,達爾膚,11,3,8,美好-楊梅,2023-03-06,5262
2313,華通,16,9,7,美好-楊梅,2023-03-06,5262
1609,大亞,11,4,7,美好-楊梅,2023-03-06,5262
2610,華航,13,6,7,美好-楊梅,2023-03-06,5262
2617,台航,10,3,7,美好-楊梅,2023-03-06,5262
2812,台中銀,11,4,7,美好-楊梅,2023-03-06,5262
2891,中信金,10,3,7,美好-楊梅,2023-03-06,5262
3090,日電貿,7,0,7,美好-楊梅,2023-03-06,5262
00632R,元大台灣50反1,180,0,180,美好-楊梅,2023-03-07,5262
2834,臺企銀,111,23,88,美好-楊梅,2023-03-07,5262
5512,力麒,73,1,72,美好-楊梅,2023-03-07,5262
6770,力積電,55,19,36,美好-楊梅,2023-03-07,5262
00878,國泰永續高股息,43,8,35,美好-楊梅,2023-03-07,5262
00885,富邦越南,31,0,31,美好-楊梅,2023-03-07,5262
00751B,元大AAA至A公司債,30,0,30,美好-楊梅,2023-03-07,5262
2352,佳世達,30,1,29,美好-楊梅,2023-03-07,5262
8105,凌巨,31,2,29,美好-楊梅,2023-03-07,5262
2812,台中銀,37,9,28,美好-楊梅,2023-03-07,5262
6509,聚和,30,2,28,美好-楊梅,2023-03-07,5262
2344,華邦電,59,32,27,美好-楊梅,2023-03-07,5262
3013,晟銘電,47,22,25,美好-楊梅,2023-03-07,5262
6806,森崴能源,27,3,24,美好-楊梅,2023-03-07,5262
00900,富邦特選高股息30,24,1,23,美好-楊梅,2023-03-07,5262
1709,和益,23,0,23,美好-楊梅,2023-03-07,5262
3019,亞光,28,6,22,美好-楊梅,2023-03-07,5262
6443,元晶,26,5,21,美好-楊梅,2023-03-07,5262
6182,合晶,24,3,21,美好-楊梅,2023-03-07,5262
3617,碩天,32,14,18,美好-楊梅,2023-03-07,5262
3037,欣興,45,28,17,美好-楊梅,2023-03-07,5262
6274,台燿,23,6,17,美好-楊梅,2023-03-07,5262
2482,連宇,20,4,16,美好-楊梅,2023-03-07,5262
2495,普安,17,1,16,美好-楊梅,2023-03-07,5262
1513,中興電,35,20,15,美好-楊梅,2023-03-07,5262
2618,長榮航,15,0,15,美好-楊梅,2023-03-07,5262
2460,建通,15,0,15,美好-楊梅,2023-03-07,5262
2375,凱美,15,0,15,美好-楊梅,2023-03-07,5262
0056,元大高股息,15,2,13,美好-楊梅,2023-03-07,5262
1216,統一,15,2,13,美好-楊梅,2023-03-07,5262
2601,益航,13,0,13,美好-楊梅,2023-03-07,5262
2736,富野,16,4,12,美好-楊梅,2023-03-07,5262
2009,第一銅,11,0,11,美好-楊梅,2023-03-07,5262
3260,威剛,11,0,11,美好-楊梅,2023-03-07,5262
6138,茂達,11,0,11,美好-楊梅,2023-03-07,5262
6243,迅杰,10,0,10,美好-楊梅,2023-03-07,5262
1539,巨庭,22,12,10,美好-楊梅,2023-03-07,5262
2024,志聯,10,0,10,美好-楊梅,2023-03-07,5262
2302,麗正,10,0,10,美好-楊梅,2023-03-07,5262
2347,聯強,10,0,10,美好-楊梅,2023-03-07,5262
2380,虹光,10,0,10,美好-楊梅,2023-03-07,5262
2383,台光電,11,1,10,美好-楊梅,2023-03-07,5262
3059,華晶科,10,0,10,美好-楊梅,2023-03-07,5262
8112,至上,10,0,10,美好-楊梅,2023-03-07,5262
1432,大魯閣,10,1,9,美好-楊梅,2023-03-07,5262
1528,恩德,9,0,9,美好-楊梅,2023-03-07,5262
1710,東聯,25,16,9,美好-楊梅,2023-03-07,5262
3481,群創,40,32,8,美好-楊梅,2023-03-07,5262
00679B,元大美債20年,8,0,8,美好-楊梅,2023-03-07,5262
1521,大億,8,0,8,美好-楊梅,2023-03-07,5262
6770,力積電,231,52,179,美好-楊梅,2023-03-08,5262
2481,強茂,80,10,70,美好-楊梅,2023-03-08,5262
00637L,元大滬深300正2,87,20,67,美好-楊梅,2023-03-08,5262
2605,新興,56,3,53,美好-楊梅,2023-03-08,5262
2609,陽明,54,6,48,美好-楊梅,2023-03-08,5262
2498,宏達電,51,14,37,美好-楊梅,2023-03-08,5262
2610,華航,36,2,34,美好-楊梅,2023-03-08,5262
5009,榮剛,40,6,34,美好-楊梅,2023-03-08,5262
00665L,富邦�琤肭磪囓�2,30,0,30,美好-楊梅,2023-03-08,5262
2641,正德,40,11,29,美好-楊梅,2023-03-08,5262
6517,保勝光學,33,5,28,美好-楊梅,2023-03-08,5262
5608,四維航,28,2,26,美好-楊梅,2023-03-08,5262
2834,臺企銀,24,3,21,美好-楊梅,2023-03-08,5262
00642U,期元大S＆P石油,20,0,20,美好-楊梅,2023-03-08,5262
2891,中信金,31,11,20,美好-楊梅,2023-03-08,5262
2913,農林,20,0,20,美好-楊梅,2023-03-08,5262
1701,中化,33,14,19,美好-楊梅,2023-03-08,5262
3356,奇偶,22,3,19,美好-楊梅,2023-03-08,5262
6182,合晶,27,8,19,美好-楊梅,2023-03-08,5262
2881,富邦金,18,0,18,美好-楊梅,2023-03-08,5262
1795,美時,26,9,17,美好-楊梅,2023-03-08,5262
2855,統一證,16,0,16,美好-楊梅,2023-03-08,5262
1528,恩德,15,0,15,美好-楊梅,2023-03-08,5262
2367,燿華,16,1,15,美好-楊梅,2023-03-08,5262
2886,兆豐金,15,0,15,美好-楊梅,2023-03-08,5262
1102,亞泥,14,0,14,美好-楊梅,2023-03-08,5262
00636,國泰中國A50,14,0,14,美好-楊梅,2023-03-08,5262
00885,富邦越南,17,3,14,美好-楊梅,2023-03-08,5262
8099,大世科,13,0,13,美好-楊梅,2023-03-08,5262
00923,群益台ESG低碳50,12,0,12,美好-楊梅,2023-03-08,5262
3265,台星科,14,2,12,美好-楊梅,2023-03-08,5262
6127,九豪,12,0,12,美好-楊梅,2023-03-08,5262
2439,美律,12,1,11,美好-楊梅,2023-03-08,5262
1101,台泥,10,0,10,美好-楊梅,2023-03-08,5262
00713,元大台灣高息低波,10,0,10,美好-楊梅,2023-03-08,5262
0056,元大高股息,18,8,10,美好-楊梅,2023-03-08,5262
1303,南亞,10,0,10,美好-楊梅,2023-03-08,5262
2349,錸德,10,0,10,美好-楊梅,2023-03-08,5262
8358,金居,10,0,10,美好-楊梅,2023-03-08,5262
3454,晶睿,15,5,10,美好-楊梅,2023-03-08,5262
1584,精剛,15,5,10,美好-楊梅,2023-03-08,5262
2482,連宇,58,49,9,美好-楊梅,2023-03-08,5262
3011,今皓,30,21,9,美好-楊梅,2023-03-08,5262
3093,港建*,14,5,9,美好-楊梅,2023-03-08,5262
6290,良維,10,1,9,美好-楊梅,2023-03-08,5262
6472,保瑞,8,0,8,美好-楊梅,2023-03-08,5262
1529,樂事綠能,11,3,8,美好-楊梅,2023-03-08,5262
3016,嘉晶,8,0,8,美好-楊梅,2023-03-08,5262
1301,台塑,7,0,7,美好-楊梅,2023-03-08,5262
6138,茂達,11,4,7,美好-楊梅,2023-03-08,5262
3481,群創,235,23,212,美好-楊梅,2023-03-09,5262
00878,國泰永續高股息,98,27,71,美好-楊梅,2023-03-09,5262
3576,聯合再生,52,1,51,美好-楊梅,2023-03-09,5262
2409,友達,41,1,40,美好-楊梅,2023-03-09,5262
2618,長榮航,47,13,34,美好-楊梅,2023-03-09,5262
3712,永崴投控,32,1,31,美好-楊梅,2023-03-09,5262
8222,寶一,35,6,29,美好-楊梅,2023-03-09,5262
00923,群益台ESG低碳50,28,0,28,美好-楊梅,2023-03-09,5262
2367,燿華,32,5,27,美好-楊梅,2023-03-09,5262
6118,建達,38,11,27,美好-楊梅,2023-03-09,5262
2317,鴻海,28,1,27,美好-楊梅,2023-03-09,5262
2885,元大金,26,0,26,美好-楊梅,2023-03-09,5262
3059,華晶科,37,11,26,美好-楊梅,2023-03-09,5262
6266,泰詠,23,0,23,美好-楊梅,2023-03-09,5262
00637L,元大滬深300正2,33,10,23,美好-楊梅,2023-03-09,5262
2457,飛宏,129,106,23,美好-楊梅,2023-03-09,5262
8112,至上,24,1,23,美好-楊梅,2023-03-09,5262
5272,笙科,23,1,22,美好-楊梅,2023-03-09,5262
6443,元晶,30,9,21,美好-楊梅,2023-03-09,5262
00679B,元大美債20年,21,0,21,美好-楊梅,2023-03-09,5262
1513,中興電,52,31,21,美好-楊梅,2023-03-09,5262
1701,中化,22,4,18,美好-楊梅,2023-03-09,5262
3162,精確,21,3,18,美好-楊梅,2023-03-09,5262
1519,華城,33,16,17,美好-楊梅,2023-03-09,5262
6129,普誠,21,4,17,美好-楊梅,2023-03-09,5262
8936,國統,17,0,17,美好-楊梅,2023-03-09,5262
9907,統一實,16,0,16,美好-楊梅,2023-03-09,5262
2302,麗正,15,0,15,美好-楊梅,2023-03-09,5262
9105,泰金寶-DR,19,4,15,美好-楊梅,2023-03-09,5262
3701,大眾控,17,3,14,美好-楊梅,2023-03-09,5262
1605,華新,43,29,14,美好-楊梅,2023-03-09,5262
2888,新光金,14,0,14,美好-楊梅,2023-03-09,5262
2891,中信金,14,0,14,美好-楊梅,2023-03-09,5262
5880,合庫金,14,1,13,美好-楊梅,2023-03-09,5262
2368,金像電,15,2,13,美好-楊梅,2023-03-09,5262
2002,中鋼,13,0,13,美好-楊梅,2023-03-09,5262
2834,臺企銀,13,0,13,美好-楊梅,2023-03-09,5262
3019,亞光,16,3,13,美好-楊梅,2023-03-09,5262
3049,精金,13,0,13,美好-楊梅,2023-03-09,5262
3189,景碩,16,3,13,美好-楊梅,2023-03-09,5262
4114,健喬,13,0,13,美好-楊梅,2023-03-09,5262
6535,順藥,20,7,13,美好-楊梅,2023-03-09,5262
2347,聯強,12,0,12,美好-楊梅,2023-03-09,5262
1718,中纖,13,1,12,美好-楊梅,2023-03-09,5262
2455,全新,12,0,12,美好-楊梅,2023-03-09,5262
2471,資通,17,5,12,美好-楊梅,2023-03-09,5262
5258,虹堡,14,2,12,美好-楊梅,2023-03-09,5262
3714,富采,12,0,12,美好-楊梅,2023-03-09,5262
0056,元大高股息,16,5,11,美好-楊梅,2023-03-09,5262
2482,連宇,87,77,10,美好-楊梅,2023-03-09,5262
00878,國泰永續高股息,261,18,243,美好-楊梅,2023-03-10,5262
00632R,元大台灣50反1,100,16,84,美好-楊梅,2023-03-10,5262
00665L,富邦�琤肭磪囓�2,78,0,78,美好-楊梅,2023-03-10,5262
2344,華邦電,89,13,76,美好-楊梅,2023-03-10,5262
2609,陽明,232,166,66,美好-楊梅,2023-03-10,5262
3576,聯合再生,60,1,59,美好-楊梅,2023-03-10,5262
2618,長榮航,77,30,47,美好-楊梅,2023-03-10,5262
2498,宏達電,54,7,47,美好-楊梅,2023-03-10,5262
2313,華通,48,1,47,美好-楊梅,2023-03-10,5262
00637L,元大滬深300正2,73,30,43,美好-楊梅,2023-03-10,5262
2883,凱基金,43,1,42,美好-楊梅,2023-03-10,5262
2884,玉山金,42,1,41,美好-楊梅,2023-03-10,5262
00882,中信中國高股息,40,0,40,美好-楊梅,2023-03-10,5262
2888,新光金,33,0,33,美好-楊梅,2023-03-10,5262
3481,群創,45,16,29,美好-楊梅,2023-03-10,5262
8069,元太,31,2,29,美好-楊梅,2023-03-10,5262
0056,元大高股息,41,15,26,美好-楊梅,2023-03-10,5262
2409,友達,27,1,26,美好-楊梅,2023-03-10,5262
2610,華航,328,303,25,美好-楊梅,2023-03-10,5262
5009,榮剛,30,6,24,美好-楊梅,2023-03-10,5262
2891,中信金,22,0,22,美好-楊梅,2023-03-10,5262
3049,精金,27,5,22,美好-楊梅,2023-03-10,5262
1795,美時,36,14,22,美好-楊梅,2023-03-10,5262
3710,連展投控,20,0,20,美好-楊梅,2023-03-10,5262
3515,華擎,19,0,19,美好-楊梅,2023-03-10,5262
1714,和桐,17,0,17,美好-楊梅,2023-03-10,5262
3444,利機,17,0,17,美好-楊梅,2023-03-10,5262
6118,建達,17,0,17,美好-楊梅,2023-03-10,5262
00713,元大台灣高息低波,16,0,16,美好-楊梅,2023-03-10,5262
1605,華新,27,11,16,美好-楊梅,2023-03-10,5262
1513,中興電,26,10,16,美好-楊梅,2023-03-10,5262
2535,達欣工,15,0,15,美好-楊梅,2023-03-10,5262
6180,橘子,15,0,15,美好-楊梅,2023-03-10,5262
1712,興農,15,0,15,美好-楊梅,2023-03-10,5262
4979,華星光,19,4,15,美好-楊梅,2023-03-10,5262
2885,元大金,16,3,13,美好-楊梅,2023-03-10,5262
6127,九豪,14,1,13,美好-楊梅,2023-03-10,5262
2449,京元電子,13,0,13,美好-楊梅,2023-03-10,5262
3027,盛達,17,5,12,美好-楊梅,2023-03-10,5262
5258,虹堡,14,2,12,美好-楊梅,2023-03-10,5262
2882,國泰金,20,8,12,美好-楊梅,2023-03-10,5262
2401,凌陽,12,0,12,美好-楊梅,2023-03-10,5262
00715L,期街口布蘭特正2,12,0,12,美好-楊梅,2023-03-10,5262
2329,華泰,12,0,12,美好-楊梅,2023-03-10,5262
2440,太空梭,12,0,12,美好-楊梅,2023-03-10,5262
2453,凌群,23,11,12,美好-楊梅,2023-03-10,5262
2455,全新,13,1,12,美好-楊梅,2023-03-10,5262
4142,國光生,21,9,12,美好-楊梅,2023-03-10,5262
00679B,元大美債20年,15,4,11,美好-楊梅,2023-03-10,5262
2614,東森,17,6,11,美好-楊梅,2023-03-10,5262
00878,國泰永續高股息,159,19,140,美好-楊梅,2023-03-13,5262
3576,聯合再生,73,3,70,美好-楊梅,2023-03-13,5262
5425,台半,95,53,42,美好-楊梅,2023-03-13,5262
2419,仲琦,30,0,30,美好-楊梅,2023-03-13,5262
6770,力積電,83,57,26,美好-楊梅,2023-03-13,5262
8936,國統,24,0,24,美好-楊梅,2023-03-13,5262
6248,沛波,22,0,22,美好-楊梅,2023-03-13,5262
3234,光環,21,0,21,美好-楊梅,2023-03-13,5262
3356,奇偶,20,0,20,美好-楊梅,2023-03-13,5262
00713,元大台灣高息低波,18,0,18,美好-楊梅,2023-03-13,5262
1605,華新,37,19,18,美好-楊梅,2023-03-13,5262
2883,凱基金,24,7,17,美好-楊梅,2023-03-13,5262
2609,陽明,76,60,16,美好-楊梅,2023-03-13,5262
2406,國碩,16,0,16,美好-楊梅,2023-03-13,5262
2352,佳世達,15,0,15,美好-楊梅,2023-03-13,5262
2427,三商電,21,7,14,美好-楊梅,2023-03-13,5262
00637L,元大滬深300正2,34,20,14,美好-楊梅,2023-03-13,5262
2610,華航,37,23,14,美好-楊梅,2023-03-13,5262
3046,建��,25,11,14,美好-楊梅,2023-03-13,5262
2457,飛宏,151,139,12,美好-楊梅,2023-03-13,5262
2614,東森,12,0,12,美好-楊梅,2023-03-13,5262
2884,玉山金,23,12,11,美好-楊梅,2023-03-13,5262
3231,緯創,13,2,11,美好-楊梅,2023-03-13,5262
2413,環科,88,77,11,美好-楊梅,2023-03-13,5262
2607,榮運,11,0,11,美好-楊梅,2023-03-13,5262
2754,亞洲藏壽司,11,0,11,美好-楊梅,2023-03-13,5262
2892,第一金,11,0,11,美好-楊梅,2023-03-13,5262
3047,訊舟,11,0,11,美好-楊梅,2023-03-13,5262
3706,神達,11,0,11,美好-楊梅,2023-03-13,5262
6469,大樹,12,1,11,美好-楊梅,2023-03-13,5262
00712,復華富時不動產,10,0,10,美好-楊梅,2023-03-13,5262
2313,華通,11,1,10,美好-楊梅,2023-03-13,5262
1342,八貫,11,1,10,美好-楊梅,2023-03-13,5262
2020,美亞,10,0,10,美好-楊梅,2023-03-13,5262
2425,承啟,10,0,10,美好-楊梅,2023-03-13,5262
2440,太空梭,10,0,10,美好-楊梅,2023-03-13,5262
2489,瑞軒,10,0,10,美好-楊梅,2023-03-13,5262
2617,台航,10,0,10,美好-楊梅,2023-03-13,5262
2634,漢翔,33,23,10,美好-楊梅,2023-03-13,5262
6191,精成科,10,0,10,美好-楊梅,2023-03-13,5262
6207,雷科,10,0,10,美好-楊梅,2023-03-13,5262
8213,志超,10,0,10,美好-楊梅,2023-03-13,5262
1789,神隆,10,0,10,美好-楊梅,2023-03-13,5262
2812,台中銀,9,0,9,美好-楊梅,2023-03-13,5262
1785,光洋科,9,0,9,美好-楊梅,2023-03-13,5262
2405,輔信,10,1,9,美好-楊梅,2023-03-13,5262
2498,宏達電,17,8,9,美好-楊梅,2023-03-13,5262
3374,精材,11,3,8,美好-楊梅,2023-03-13,5262
2897,王道銀行,10,2,8,美好-楊梅,2023-03-13,5262
3481,群創,82,74,8,美好-楊梅,2023-03-13,5262
00878,國泰永續高股息,249,16,233,美好-楊梅,2023-03-14,5262
2610,華航,161,9,152,美好-楊梅,2023-03-14,5262
2618,長榮航,90,21,69,美好-楊梅,2023-03-14,5262
00715L,期街口布蘭特正2,62,0,62,美好-楊梅,2023-03-14,5262
2303,聯電,49,5,44,美好-楊梅,2023-03-14,5262
6770,力積電,124,80,44,美好-楊梅,2023-03-14,5262
00679B,元大美債20年,43,0,43,美好-楊梅,2023-03-14,5262
2615,萬海,56,14,42,美好-楊梅,2023-03-14,5262
2891,中信金,42,0,42,美好-楊梅,2023-03-14,5262
2344,華邦電,41,3,38,美好-楊梅,2023-03-14,5262
2883,凱基金,48,13,35,美好-楊梅,2023-03-14,5262
3046,建��,45,17,28,美好-楊梅,2023-03-14,5262
1605,華新,29,4,25,美好-楊梅,2023-03-14,5262
1314,中石化,23,0,23,美好-楊梅,2023-03-14,5262
2332,友訊,22,0,22,美好-楊梅,2023-03-14,5262
2885,元大金,26,5,21,美好-楊梅,2023-03-14,5262
2897,王道銀行,20,0,20,美好-楊梅,2023-03-14,5262
5210,寶碩,20,0,20,美好-楊梅,2023-03-14,5262
6163,華電網,24,4,20,美好-楊梅,2023-03-14,5262
6279,胡連,20,0,20,美好-楊梅,2023-03-14,5262
00888,永豐台灣ESG,19,0,19,美好-楊梅,2023-03-14,5262
2880,華南金,20,1,19,美好-楊梅,2023-03-14,5262
2201,裕隆,28,10,18,美好-楊梅,2023-03-14,5262
3481,群創,32,15,17,美好-楊梅,2023-03-14,5262
8933,愛地雅,18,1,17,美好-楊梅,2023-03-14,5262
3704,合勤控,16,0,16,美好-楊梅,2023-03-14,5262
2409,友達,28,13,15,美好-楊梅,2023-03-14,5262
00642U,期元大S＆P石油,17,2,15,美好-楊梅,2023-03-14,5262
3011,今皓,20,5,15,美好-楊梅,2023-03-14,5262
00882,中信中國高股息,14,0,14,美好-楊梅,2023-03-14,5262
2609,陽明,90,76,14,美好-楊梅,2023-03-14,5262
1409,新纖,14,0,14,美好-楊梅,2023-03-14,5262
2887,台新金,13,0,13,美好-楊梅,2023-03-14,5262
00713,元大台灣高息低波,12,0,12,美好-楊梅,2023-03-14,5262
2834,臺企銀,25,13,12,美好-楊梅,2023-03-14,5262
3236,千如,15,3,12,美好-楊梅,2023-03-14,5262
6509,聚和,12,0,12,美好-楊梅,2023-03-14,5262
9945,潤泰新,12,0,12,美好-楊梅,2023-03-14,5262
0056,元大高股息,14,2,12,美好-楊梅,2023-03-14,5262
00900,富邦特選高股息30,11,0,11,美好-楊梅,2023-03-14,5262
5880,合庫金,11,0,11,美好-楊梅,2023-03-14,5262
2645,長榮航太,13,2,11,美好-楊梅,2023-03-14,5262
3049,精金,11,0,11,美好-楊梅,2023-03-14,5262
4916,事欣科,12,1,11,美好-楊梅,2023-03-14,5262
5425,台半,15,4,11,美好-楊梅,2023-03-14,5262
2482,連宇,29,18,11,美好-楊梅,2023-03-14,5262
2888,新光金,11,1,10,美好-楊梅,2023-03-14,5262
2884,玉山金,10,0,10,美好-楊梅,2023-03-14,5262
1326,台化,10,0,10,美好-楊梅,2023-03-14,5262
00665L,富邦�琤肭磪囓�2,10,0,10,美好-楊梅,2023-03-14,5262
6235,華孚,125,12,113,美好-楊梅,2023-03-15,5262
2609,陽明,144,39,105,美好-楊梅,2023-03-15,5262
00878,國泰永續高股息,94,6,88,美好-楊梅,2023-03-15,5262
00637L,元大滬深300正2,66,15,51,美好-楊梅,2023-03-15,5262
1440,南紡,50,0,50,美好-楊梅,2023-03-15,5262
1609,大亞,59,12,47,美好-楊梅,2023-03-15,5262
3339,泰谷,45,0,45,美好-楊梅,2023-03-15,5262
2888,新光金,55,13,42,美好-楊梅,2023-03-15,5262
2492,華新科,37,2,35,美好-楊梅,2023-03-15,5262
00679B,元大美債20年,34,0,34,美好-楊梅,2023-03-15,5262
1326,台化,40,9,31,美好-楊梅,2023-03-15,5262
3013,晟銘電,28,1,27,美好-楊梅,2023-03-15,5262
2883,凱基金,36,9,27,美好-楊梅,2023-03-15,5262
1314,中石化,44,20,24,美好-楊梅,2023-03-15,5262
2610,華航,26,3,23,美好-楊梅,2023-03-15,5262
2891,中信金,23,0,23,美好-楊梅,2023-03-15,5262
2440,太空梭,21,0,21,美好-楊梅,2023-03-15,5262
2880,華南金,20,0,20,美好-楊梅,2023-03-15,5262
1301,台塑,21,1,20,美好-楊梅,2023-03-15,5262
00715L,期街口布蘭特正2,42,23,19,美好-楊梅,2023-03-15,5262
2614,東森,44,27,17,美好-楊梅,2023-03-15,5262
00713,元大台灣高息低波,17,0,17,美好-楊梅,2023-03-15,5262
6509,聚和,20,3,17,美好-楊梅,2023-03-15,5262
1504,東元,26,11,15,美好-楊梅,2023-03-15,5262
2887,台新金,25,10,15,美好-楊梅,2023-03-15,5262
2897,王道銀行,15,0,15,美好-楊梅,2023-03-15,5262
6191,精成科,15,0,15,美好-楊梅,2023-03-15,5262
1785,光洋科,14,0,14,美好-楊梅,2023-03-15,5262
3466,德晉,14,0,14,美好-楊梅,2023-03-15,5262
2108,南帝,13,0,13,美好-楊梅,2023-03-15,5262
1712,興農,14,2,12,美好-楊梅,2023-03-15,5262
2890,永豐金,13,1,12,美好-楊梅,2023-03-15,5262
00712,復華富時不動產,11,0,11,美好-楊梅,2023-03-15,5262
4938,和碩,11,1,10,美好-楊梅,2023-03-15,5262
00751B,元大AAA至A公司債,10,0,10,美好-楊梅,2023-03-15,5262
1521,大億,10,0,10,美好-楊梅,2023-03-15,5262
2020,美亞,10,0,10,美好-楊梅,2023-03-15,5262
2885,元大金,12,2,10,美好-楊梅,2023-03-15,5262
5498,凱崴,10,0,10,美好-楊梅,2023-03-15,5262
5521,工信,10,0,10,美好-楊梅,2023-03-15,5262
6451,訊芯-KY,10,0,10,美好-楊梅,2023-03-15,5262
6591,動力-KY,20,10,10,美好-楊梅,2023-03-15,5262
9105,泰金寶-DR,10,0,10,美好-楊梅,2023-03-15,5262
5425,台半,22,12,10,美好-楊梅,2023-03-15,5262
2603,長榮,55,45,10,美好-楊梅,2023-03-15,5262
2002,中鋼,10,1,9,美好-楊梅,2023-03-15,5262
2465,麗臺,11,2,9,美好-楊梅,2023-03-15,5262
4919,新唐,9,0,9,美好-楊梅,2023-03-15,5262
2884,玉山金,9,1,8,美好-楊梅,2023-03-15,5262
00720B,元大投資級公司債,8,0,8,美好-楊梅,2023-03-15,5262
00878,國泰永續高股息,128,7,121,美好-楊梅,2023-03-16,5262
2609,陽明,122,11,111,美好-楊梅,2023-03-16,5262
3339,泰谷,77,0,77,美好-楊梅,2023-03-16,5262
2884,玉山金,60,1,59,美好-楊梅,2023-03-16,5262
2610,華航,69,11,58,美好-楊梅,2023-03-16,5262
2498,宏達電,72,24,48,美好-楊梅,2023-03-16,5262
2883,凱基金,57,10,47,美好-楊梅,2023-03-16,5262
00713,元大台灣高息低波,37,1,36,美好-楊梅,2023-03-16,5262
2603,長榮,55,19,36,美好-楊梅,2023-03-16,5262
00632R,元大台灣50反1,50,16,34,美好-楊梅,2023-03-16,5262
2891,中信金,45,13,32,美好-楊梅,2023-03-16,5262
00715L,期街口布蘭特正2,112,82,30,美好-楊梅,2023-03-16,5262
00712,復華富時不動產,23,0,23,美好-楊梅,2023-03-16,5262
2892,第一金,23,0,23,美好-楊梅,2023-03-16,5262
2208,台船,22,0,22,美好-楊梅,2023-03-16,5262
3049,精金,26,4,22,美好-楊梅,2023-03-16,5262
3162,精確,24,2,22,美好-楊梅,2023-03-16,5262
00637L,元大滬深300正2,30,10,20,美好-楊梅,2023-03-16,5262
1611,中電,28,8,20,美好-楊梅,2023-03-16,5262
2312,金寶,21,1,20,美好-楊梅,2023-03-16,5262
2457,飛宏,67,48,19,美好-楊梅,2023-03-16,5262
6244,茂迪,24,5,19,美好-楊梅,2023-03-16,5262
8033,雷虎,20,1,19,美好-楊梅,2023-03-16,5262
1540,喬福,15,0,15,美好-楊梅,2023-03-16,5262
1609,大亞,22,7,15,美好-楊梅,2023-03-16,5262
6015,宏遠證,15,0,15,美好-楊梅,2023-03-16,5262
1522,堤維西,15,1,14,美好-楊梅,2023-03-16,5262
2882,國泰金,18,5,13,美好-楊梅,2023-03-16,5262
2313,華通,15,2,13,美好-楊梅,2023-03-16,5262
4114,健喬,14,1,13,美好-楊梅,2023-03-16,5262
2206,三陽工業,21,9,12,美好-楊梅,2023-03-16,5262
3710,連展投控,24,12,12,美好-楊梅,2023-03-16,5262
6789,采鈺,11,0,11,美好-楊梅,2023-03-16,5262
8936,國統,13,2,11,美好-楊梅,2023-03-16,5262
2888,新光金,10,0,10,美好-楊梅,2023-03-16,5262
1605,華新,21,11,10,美好-楊梅,2023-03-16,5262
00642U,期元大S＆P石油,40,30,10,美好-楊梅,2023-03-16,5262
1533,車王電,11,1,10,美好-楊梅,2023-03-16,5262
2323,中環,10,0,10,美好-楊梅,2023-03-16,5262
2890,永豐金,11,1,10,美好-楊梅,2023-03-16,5262
2897,王道銀行,11,1,10,美好-楊梅,2023-03-16,5262
3013,晟銘電,10,0,10,美好-楊梅,2023-03-16,5262
3056,富華新,13,3,10,美好-楊梅,2023-03-16,5262
3580,友威科,10,0,10,美好-楊梅,2023-03-16,5262
2615,萬海,11,2,9,美好-楊梅,2023-03-16,5262
6235,華孚,23,14,9,美好-楊梅,2023-03-16,5262
3027,盛達,21,12,9,美好-楊梅,2023-03-16,5262
6129,普誠,9,0,9,美好-楊梅,2023-03-16,5262
0050,元大台灣50,8,0,8,美好-楊梅,2023-03-16,5262
2881,富邦金,15,7,8,美好-楊梅,2023-03-16,5262
00632R,元大台灣50反1,203,0,203,美好-楊梅,2023-03-17,5262
2888,新光金,116,22,94,美好-楊梅,2023-03-17,5262
2883,凱基金,57,0,57,美好-楊梅,2023-03-17,5262
2323,中環,59,10,49,美好-楊梅,2023-03-17,5262
2515,中工,50,1,49,美好-楊梅,2023-03-17,5262
2891,中信金,32,0,32,美好-楊梅,2023-03-17,5262
2884,玉山金,43,11,32,美好-楊梅,2023-03-17,5262
2399,映泰,26,0,26,美好-楊梅,2023-03-17,5262
2834,臺企銀,42,17,25,美好-楊梅,2023-03-17,5262
00715L,期街口布蘭特正2,24,0,24,美好-楊梅,2023-03-17,5262
1609,大亞,31,7,24,美好-楊梅,2023-03-17,5262
2889,國票金,32,10,22,美好-楊梅,2023-03-17,5262
00712,復華富時不動產,21,0,21,美好-楊梅,2023-03-17,5262
2618,長榮航,21,0,21,美好-楊梅,2023-03-17,5262
2344,華邦電,21,0,21,美好-楊梅,2023-03-17,5262
1504,東元,24,4,20,美好-楊梅,2023-03-17,5262
00878,國泰永續高股息,22,2,20,美好-楊梅,2023-03-17,5262
4979,華星光,37,19,18,美好-楊梅,2023-03-17,5262
6163,華電網,21,3,18,美好-楊梅,2023-03-17,5262
0056,元大高股息,19,2,17,美好-楊梅,2023-03-17,5262
2881,富邦金,13,0,13,美好-楊梅,2023-03-17,5262
6477,安集,35,22,13,美好-楊梅,2023-03-17,5262
00679B,元大美債20年,12,0,12,美好-楊梅,2023-03-17,5262
8054,安國,12,0,12,美好-楊梅,2023-03-17,5262
1101,台泥,11,0,11,美好-楊梅,2023-03-17,5262
2609,陽明,17,6,11,美好-楊梅,2023-03-17,5262
1316,上曜,10,0,10,美好-楊梅,2023-03-17,5262
00637L,元大滬深300正2,29,19,10,美好-楊梅,2023-03-17,5262
2312,金寶,10,0,10,美好-楊梅,2023-03-17,5262
6116,彩晶,21,11,10,美好-楊梅,2023-03-17,5262
6129,普誠,11,1,10,美好-楊梅,2023-03-17,5262
2603,長榮,18,9,9,美好-楊梅,2023-03-17,5262
3535,晶彩科,9,0,9,美好-楊梅,2023-03-17,5262
2607,榮運,8,0,8,美好-楊梅,2023-03-17,5262
00713,元大台灣高息低波,9,2,7,美好-楊梅,2023-03-17,5262
9955,佳龍,13,6,7,美好-楊梅,2023-03-17,5262
1314,中石化,10,3,7,美好-楊梅,2023-03-17,5262
2413,環科,7,0,7,美好-楊梅,2023-03-17,5262
2610,華航,30,23,7,美好-楊梅,2023-03-17,5262
3209,全科,7,0,7,美好-楊梅,2023-03-17,5262
6122,擎邦,12,5,7,美好-楊梅,2023-03-17,5262
6160,欣技,7,0,7,美好-楊梅,2023-03-17,5262
6188,廣明,7,0,7,美好-楊梅,2023-03-17,5262
2880,華南金,6,0,6,美好-楊梅,2023-03-17,5262
00683L,期元大美元指正2,6,0,6,美好-楊梅,2023-03-17,5262
2371,大同,6,0,6,美好-楊梅,2023-03-17,5262
3264,欣銓,7,1,6,美好-楊梅,2023-03-17,5262
9904,寶成,11,5,6,美好-楊梅,2023-03-17,5262
9907,統一實,6,0,6,美好-楊梅,2023-03-17,5262
00902,中信電池及儲能,5,0,5,美好-楊梅,2023-03-17,5262
3290,東浦,100,0,100,美好-楊梅,2023-03-20,5262
00878,國泰永續高股息,60,1,59,美好-楊梅,2023-03-20,5262
0056,元大高股息,53,0,53,美好-楊梅,2023-03-20,5262
6770,力積電,78,30,48,美好-楊梅,2023-03-20,5262
00637L,元大滬深300正2,46,0,46,美好-楊梅,2023-03-20,5262
00712,復華富時不動產,37,0,37,美好-楊梅,2023-03-20,5262
6248,沛波,37,0,37,美好-楊梅,2023-03-20,5262
4934,太極,35,3,32,美好-楊梅,2023-03-20,5262
1605,華新,39,7,32,美好-楊梅,2023-03-20,5262
00905,FT臺灣Smart,30,0,30,美好-楊梅,2023-03-20,5262
00665L,富邦�琤肭磪囓�2,30,0,30,美好-楊梅,2023-03-20,5262
3339,泰谷,26,0,26,美好-楊梅,2023-03-20,5262
3056,富華新,28,4,24,美好-楊梅,2023-03-20,5262
6244,茂迪,67,45,22,美好-楊梅,2023-03-20,5262
2731,雄獅,20,0,20,美好-楊梅,2023-03-20,5262
3710,連展投控,20,0,20,美好-楊梅,2023-03-20,5262
4157,太景*-KY,20,0,20,美好-楊梅,2023-03-20,5262
00715L,期街口布蘭特正2,22,3,19,美好-楊梅,2023-03-20,5262
1609,大亞,23,4,19,美好-楊梅,2023-03-20,5262
00636,國泰中國A50,16,0,16,美好-楊梅,2023-03-20,5262
2884,玉山金,16,0,16,美好-楊梅,2023-03-20,5262
2834,臺企銀,33,18,15,美好-楊梅,2023-03-20,5262
2913,農林,15,0,15,美好-楊梅,2023-03-20,5262
2892,第一金,13,0,13,美好-楊梅,2023-03-20,5262
2455,全新,12,0,12,美好-楊梅,2023-03-20,5262
2605,新興,12,0,12,美好-楊梅,2023-03-20,5262
2349,錸德,10,0,10,美好-楊梅,2023-03-20,5262
2362,藍天,10,0,10,美好-楊梅,2023-03-20,5262
3022,威強電,10,0,10,美好-楊梅,2023-03-20,5262
3438,類比科,15,5,10,美好-楊梅,2023-03-20,5262
4953,緯軟,11,1,10,美好-楊梅,2023-03-20,5262
6196,帆宣,10,0,10,美好-楊梅,2023-03-20,5262
8076,伍豐,10,0,10,美好-楊梅,2023-03-20,5262
2882,國泰金,9,0,9,美好-楊梅,2023-03-20,5262
2201,裕隆,14,5,9,美好-楊梅,2023-03-20,5262
3481,群創,20,11,9,美好-楊梅,2023-03-20,5262
5009,榮剛,11,2,9,美好-楊梅,2023-03-20,5262
2406,國碩,37,29,8,美好-楊梅,2023-03-20,5262
3027,盛達,16,9,7,美好-楊梅,2023-03-20,5262
1514,亞力,8,1,7,美好-楊梅,2023-03-20,5262
2489,瑞軒,7,0,7,美好-楊梅,2023-03-20,5262
3499,環天科,7,0,7,美好-楊梅,2023-03-20,5262
3707,漢磊,12,5,7,美好-楊梅,2023-03-20,5262
5371,中光電,7,0,7,美好-楊梅,2023-03-20,5262
2002,中鋼,6,0,6,美好-楊梅,2023-03-20,5262
2023,燁輝,6,0,6,美好-楊梅,2023-03-20,5262
2637,慧洋-KY,6,0,6,美好-楊梅,2023-03-20,5262
2812,台中銀,11,5,6,美好-楊梅,2023-03-20,5262
2888,新光金,6,0,6,美好-楊梅,2023-03-20,5262
6279,胡連,6,0,6,美好-楊梅,2023-03-20,5262
00632R,元大台灣50反1,400,51,349,美好-楊梅,2023-03-21,5262
2834,臺企銀,113,16,97,美好-楊梅,2023-03-21,5262
6770,力積電,76,14,62,美好-楊梅,2023-03-21,5262
6443,元晶,146,90,56,美好-楊梅,2023-03-21,5262
2867,三商壽,40,0,40,美好-楊梅,2023-03-21,5262
2323,中環,28,0,28,美好-楊梅,2023-03-21,5262
3058,立德,25,0,25,美好-楊梅,2023-03-21,5262
00679B,元大美債20年,28,3,25,美好-楊梅,2023-03-21,5262
2449,京元電子,23,0,23,美好-楊梅,2023-03-21,5262
2609,陽明,30,7,23,美好-楊梅,2023-03-21,5262
6116,彩晶,24,1,23,美好-楊梅,2023-03-21,5262
5880,合庫金,22,0,22,美好-楊梅,2023-03-21,5262
2303,聯電,45,24,21,美好-楊梅,2023-03-21,5262
00665L,富邦�琤肭磪囓�2,20,0,20,美好-楊梅,2023-03-21,5262
2892,第一金,20,0,20,美好-楊梅,2023-03-21,5262
2883,凱基金,22,3,19,美好-楊梅,2023-03-21,5262
00712,復華富時不動產,16,0,16,美好-楊梅,2023-03-21,5262
6220,岳豐,15,0,15,美好-楊梅,2023-03-21,5262
6531,愛普*,29,14,15,美好-楊梅,2023-03-21,5262
4167,松瑞藥,15,0,15,美好-楊梅,2023-03-21,5262
2891,中信金,14,0,14,美好-楊梅,2023-03-21,5262
6244,茂迪,35,21,14,美好-楊梅,2023-03-21,5262
2413,環科,16,3,13,美好-楊梅,2023-03-21,5262
1513,中興電,17,5,12,美好-楊梅,2023-03-21,5262
2313,華通,13,1,12,美好-楊梅,2023-03-21,5262
3094,聯傑,14,2,12,美好-楊梅,2023-03-21,5262
5452,佶優,12,0,12,美好-楊梅,2023-03-21,5262
8289,泰藝,12,0,12,美好-楊梅,2023-03-21,5262
1611,中電,24,13,11,美好-楊梅,2023-03-21,5262
3675,德微,11,0,11,美好-楊梅,2023-03-21,5262
4543,萬在,11,0,11,美好-楊梅,2023-03-21,5262
2230,泰茂,11,1,10,美好-楊梅,2023-03-21,5262
3265,台星科,10,0,10,美好-楊梅,2023-03-21,5262
3419,譁裕,10,0,10,美好-楊梅,2023-03-21,5262
3710,連展投控,10,0,10,美好-楊梅,2023-03-21,5262
6751,智聯服務,10,0,10,美好-楊梅,2023-03-21,5262
8383,千附,10,0,10,美好-楊梅,2023-03-21,5262
9962,有益,10,0,10,美好-楊梅,2023-03-21,5262
00720B,元大投資級公司債,10,1,9,美好-楊梅,2023-03-21,5262
00885,富邦越南,9,0,9,美好-楊梅,2023-03-21,5262
2406,國碩,69,60,9,美好-楊梅,2023-03-21,5262
6140,訊達,17,8,9,美好-楊梅,2023-03-21,5262
2603,長榮,10,1,9,美好-楊梅,2023-03-21,5262
6191,精成科,12,4,8,美好-楊梅,2023-03-21,5262
2881,富邦金,8,0,8,美好-楊梅,2023-03-21,5262
1101,台泥,9,1,8,美好-楊梅,2023-03-21,5262
2349,錸德,13,5,8,美好-楊梅,2023-03-21,5262
2457,飛宏,46,39,7,美好-楊梅,2023-03-21,5262
3207,耀勝,7,0,7,美好-楊梅,2023-03-21,5262
3432,台端,12,5,7,美好-楊梅,2023-03-21,5262
00632R,元大台灣50反1,200,0,200,美好-楊梅,2023-03-22,5262
3290,東浦,121,0,121,美好-楊梅,2023-03-22,5262
5258,虹堡,67,6,61,美好-楊梅,2023-03-22,5262
3029,零壹,44,2,42,美好-楊梅,2023-03-22,5262
3576,聯合再生,49,7,42,美好-楊梅,2023-03-22,5262
6235,華孚,45,4,41,美好-楊梅,2023-03-22,5262
3024,憶聲,43,3,40,美好-楊梅,2023-03-22,5262
2498,宏達電,46,7,39,美好-楊梅,2023-03-22,5262
1605,華新,34,3,31,美好-楊梅,2023-03-22,5262
6218,豪勉,30,0,30,美好-楊梅,2023-03-22,5262
2610,華航,44,16,28,美好-楊梅,2023-03-22,5262
2002,中鋼,21,0,21,美好-楊梅,2023-03-22,5262
1218,泰山,20,0,20,美好-楊梅,2023-03-22,5262
4543,萬在,20,0,20,美好-楊梅,2023-03-22,5262
2457,飛宏,49,32,17,美好-楊梅,2023-03-22,5262
2359,所羅門,36,19,17,美好-楊梅,2023-03-22,5262
2883,凱基金,26,9,17,美好-楊梅,2023-03-22,5262
3056,富華新,17,0,17,美好-楊梅,2023-03-22,5262
3019,亞光,16,0,16,美好-楊梅,2023-03-22,5262
8076,伍豐,15,0,15,美好-楊梅,2023-03-22,5262
2388,威盛,17,2,15,美好-楊梅,2023-03-22,5262
3481,群創,35,21,14,美好-楊梅,2023-03-22,5262
1316,上曜,15,2,13,美好-楊梅,2023-03-22,5262
2009,第一銅,13,0,13,美好-楊梅,2023-03-22,5262
2302,麗正,15,2,13,美好-楊梅,2023-03-22,5262
2409,友達,13,0,13,美好-楊梅,2023-03-22,5262
2201,裕隆,18,6,12,美好-楊梅,2023-03-22,5262
2406,國碩,13,1,12,美好-楊梅,2023-03-22,5262
00713,元大台灣高息低波,11,0,11,美好-楊梅,2023-03-22,5262
3189,景碩,18,8,10,美好-楊梅,2023-03-22,5262
00637L,元大滬深300正2,70,60,10,美好-楊梅,2023-03-22,5262
2007,燁興,10,0,10,美好-楊梅,2023-03-22,5262
2380,虹光,10,0,10,美好-楊梅,2023-03-22,5262
2427,三商電,10,0,10,美好-楊梅,2023-03-22,5262
2601,益航,10,0,10,美好-楊梅,2023-03-22,5262
3093,港建*,10,0,10,美好-楊梅,2023-03-22,5262
8071,能率網通,10,0,10,美好-楊梅,2023-03-22,5262
2834,臺企銀,33,23,10,美好-楊梅,2023-03-22,5262
4934,太極,13,3,10,美好-楊梅,2023-03-22,5262
2204,中華,22,13,9,美好-楊梅,2023-03-22,5262
2641,正德,10,1,9,美好-楊梅,2023-03-22,5262
4306,炎洲,17,8,9,美好-楊梅,2023-03-22,5262
3013,晟銘電,8,0,8,美好-楊梅,2023-03-22,5262
3141,晶宏,12,4,8,美好-楊梅,2023-03-22,5262
6122,擎邦,15,7,8,美好-楊梅,2023-03-22,5262
6751,智聯服務,8,0,8,美好-楊梅,2023-03-22,5262
8383,千附,8,0,8,美好-楊梅,2023-03-22,5262
8938,明安,8,0,8,美好-楊梅,2023-03-22,5262
2881,富邦金,7,0,7,美好-楊梅,2023-03-22,5262
5512,力麒,10,3,7,美好-楊梅,2023-03-22,5262
2834,臺企銀,201,13,188,美好-楊梅,2023-03-23,5262
6456,GIS-KY,50,0,50,美好-楊梅,2023-03-23,5262
2609,陽明,83,46,37,美好-楊梅,2023-03-23,5262
00772B,中信高評級公司債,30,0,30,美好-楊梅,2023-03-23,5262
2313,華通,27,1,26,美好-楊梅,2023-03-23,5262
2883,凱基金,31,6,25,美好-楊梅,2023-03-23,5262
3339,泰谷,24,0,24,美好-楊梅,2023-03-23,5262
6152,百一,25,1,24,美好-楊梅,2023-03-23,5262
2618,長榮航,28,5,23,美好-楊梅,2023-03-23,5262
2006,東和鋼鐵,21,0,21,美好-楊梅,2023-03-23,5262
00637L,元大滬深300正2,31,11,20,美好-楊梅,2023-03-23,5262
2603,長榮,27,8,19,美好-楊梅,2023-03-23,5262
2402,毅嘉,66,47,19,美好-楊梅,2023-03-23,5262
1802,台玻,20,3,17,美好-楊梅,2023-03-23,5262
3059,華晶科,17,1,16,美好-楊梅,2023-03-23,5262
2380,虹光,15,0,15,美好-楊梅,2023-03-23,5262
6573,虹揚-KY,15,1,14,美好-楊梅,2023-03-23,5262
00632R,元大台灣50反1,13,0,13,美好-楊梅,2023-03-23,5262
1218,泰山,13,0,13,美好-楊梅,2023-03-23,5262
1442,名軒,13,0,13,美好-楊梅,2023-03-23,5262
8064,東捷,13,0,13,美好-楊梅,2023-03-23,5262
2637,慧洋-KY,13,1,12,美好-楊梅,2023-03-23,5262
8358,金居,15,3,12,美好-楊梅,2023-03-23,5262
1504,東元,25,14,11,美好-楊梅,2023-03-23,5262
6266,泰詠,12,2,10,美好-楊梅,2023-03-23,5262
1416,廣豐,10,0,10,美好-楊梅,2023-03-23,5262
1514,亞力,10,0,10,美好-楊梅,2023-03-23,5262
1903,士紙,10,0,10,美好-楊梅,2023-03-23,5262
2007,燁興,10,0,10,美好-楊梅,2023-03-23,5262
2201,裕隆,16,6,10,美好-楊梅,2023-03-23,5262
2607,榮運,10,0,10,美好-楊梅,2023-03-23,5262
2739,寒舍,10,0,10,美好-楊梅,2023-03-23,5262
3294,英濟,10,0,10,美好-楊梅,2023-03-23,5262
1714,和桐,9,0,9,美好-楊梅,2023-03-23,5262
3252,海灣,9,0,9,美好-楊梅,2023-03-23,5262
3652,精聯,27,18,9,美好-楊梅,2023-03-23,5262
6279,胡連,10,1,9,美好-楊梅,2023-03-23,5262
1101,台泥,11,3,8,美好-楊梅,2023-03-23,5262
5222,全訊,8,0,8,美好-楊梅,2023-03-23,5262
3217,優群,7,0,7,美好-楊梅,2023-03-23,5262
3338,泰碩,9,2,7,美好-楊梅,2023-03-23,5262
3520,華盈,8,1,7,美好-楊梅,2023-03-23,5262
9934,成霖,7,0,7,美好-楊梅,2023-03-23,5262
00891,中信關鍵半導體,7,0,7,美好-楊梅,2023-03-23,5262
1314,中石化,6,0,6,美好-楊梅,2023-03-23,5262
5353,台林,8,2,6,美好-楊梅,2023-03-23,5262
8033,雷虎,9,3,6,美好-楊梅,2023-03-23,5262
1319,東陽,16,11,5,美好-楊梅,2023-03-23,5262
00642U,期元大S＆P石油,5,0,5,美好-楊梅,2023-03-23,5262
2301,光寶科,5,0,5,美好-楊梅,2023-03-23,5262
00632R,元大台灣50反1,100,20,80,美好-楊梅,2023-03-24,5262
3024,憶聲,69,2,67,美好-楊梅,2023-03-24,5262
2408,南亞科,48,12,36,美好-楊梅,2023-03-24,5262
2888,新光金,30,0,30,美好-楊梅,2023-03-24,5262
4924,欣厚-KY,40,10,30,美好-楊梅,2023-03-24,5262
2498,宏達電,31,3,28,美好-楊梅,2023-03-24,5262
5475,德宏,22,0,22,美好-楊梅,2023-03-24,5262
2939,永邑-KY,20,0,20,美好-楊梅,2023-03-24,5262
6175,立敦,20,0,20,美好-楊梅,2023-03-24,5262
2303,聯電,25,6,19,美好-楊梅,2023-03-24,5262
4934,太極,20,1,19,美好-楊梅,2023-03-24,5262
6160,欣技,45,27,18,美好-楊梅,2023-03-24,5262
8088,品安,22,5,17,美好-楊梅,2023-03-24,5262
6182,合晶,18,1,17,美好-楊梅,2023-03-24,5262
1504,東元,34,18,16,美好-楊梅,2023-03-24,5262
3265,台星科,14,0,14,美好-楊梅,2023-03-24,5262
8936,國統,13,0,13,美好-楊梅,2023-03-24,5262
2349,錸德,12,0,12,美好-楊梅,2023-03-24,5262
6443,元晶,17,5,12,美好-楊梅,2023-03-24,5262
1522,堤維西,12,1,11,美好-楊梅,2023-03-24,5262
3221,台嘉碩,12,1,11,美好-楊梅,2023-03-24,5262
3356,奇偶,11,0,11,美好-楊梅,2023-03-24,5262
6244,茂迪,29,18,11,美好-楊梅,2023-03-24,5262
2641,正德,10,0,10,美好-楊梅,2023-03-24,5262
1521,大億,10,0,10,美好-楊梅,2023-03-24,5262
2208,台船,10,0,10,美好-楊梅,2023-03-24,5262
2430,燦坤,10,0,10,美好-楊梅,2023-03-24,5262
2885,元大金,10,0,10,美好-楊梅,2023-03-24,5262
3162,精確,10,0,10,美好-楊梅,2023-03-24,5262
8111,立��,10,0,10,美好-楊梅,2023-03-24,5262
2890,永豐金,10,0,10,美好-楊梅,2023-03-24,5262
2014,中鴻,10,1,9,美好-楊梅,2023-03-24,5262
4739,康普,10,1,9,美好-楊梅,2023-03-24,5262
8926,台汽電,15,6,9,美好-楊梅,2023-03-24,5262
1514,亞力,12,4,8,美好-楊梅,2023-03-24,5262
2332,友訊,20,12,8,美好-楊梅,2023-03-24,5262
2457,飛宏,49,41,8,美好-楊梅,2023-03-24,5262
1432,大魯閣,7,0,7,美好-楊梅,2023-03-24,5262
2618,長榮航,14,7,7,美好-楊梅,2023-03-24,5262
2634,漢翔,10,3,7,美好-楊梅,2023-03-24,5262
2891,中信金,7,0,7,美好-楊梅,2023-03-24,5262
3499,環天科,11,4,7,美好-楊梅,2023-03-24,5262
6116,彩晶,7,0,7,美好-楊梅,2023-03-24,5262
6266,泰詠,8,1,7,美好-楊梅,2023-03-24,5262
3037,欣興,19,12,7,美好-楊梅,2023-03-24,5262
1309,台達化,6,0,6,美好-楊梅,2023-03-24,5262
00882,中信中國高股息,6,0,6,美好-楊梅,2023-03-24,5262
2606,裕民,6,0,6,美好-楊梅,2023-03-24,5262
3038,全台,6,0,6,美好-楊梅,2023-03-24,5262
8201,無敵,6,0,6,美好-楊梅,2023-03-24,5262
1605,華新,67,22,45,美好-楊梅,2023-03-27,5262
1584,精剛,48,16,32,美好-楊梅,2023-03-27,5262
6248,沛波,30,0,30,美好-楊梅,2023-03-27,5262
1504,東元,87,59,28,美好-楊梅,2023-03-27,5262
00882,中信中國高股息,27,2,25,美好-楊梅,2023-03-27,5262
6770,力積電,97,74,23,美好-楊梅,2023-03-27,5262
2427,三商電,20,0,20,美好-楊梅,2023-03-27,5262
3710,連展投控,20,0,20,美好-楊梅,2023-03-27,5262
3356,奇偶,20,1,19,美好-楊梅,2023-03-27,5262
6733,博晟生醫,20,1,19,美好-楊梅,2023-03-27,5262
6288,聯嘉,24,7,17,美好-楊梅,2023-03-27,5262
00636,國泰中國A50,15,0,15,美好-楊梅,2023-03-27,5262
2399,映泰,14,0,14,美好-楊梅,2023-03-27,5262
6234,高僑,14,0,14,美好-楊梅,2023-03-27,5262
2331,精英,15,2,13,美好-楊梅,2023-03-27,5262
6279,胡連,13,0,13,美好-楊梅,2023-03-27,5262
2812,台中銀,12,0,12,美好-楊梅,2023-03-27,5262
8050,廣積,22,10,12,美好-楊梅,2023-03-27,5262
0056,元大高股息,12,1,11,美好-楊梅,2023-03-27,5262
00679B,元大美債20年,11,0,11,美好-楊梅,2023-03-27,5262
2392,正崴,11,0,11,美好-楊梅,2023-03-27,5262
3024,憶聲,16,5,11,美好-楊梅,2023-03-27,5262
3339,泰谷,11,0,11,美好-楊梅,2023-03-27,5262
00715L,期街口布蘭特正2,10,0,10,美好-楊梅,2023-03-27,5262
1416,廣豐,10,0,10,美好-楊梅,2023-03-27,5262
1323,永裕,10,0,10,美好-楊梅,2023-03-27,5262
1582,信錦,10,0,10,美好-楊梅,2023-03-27,5262
2441,超豐,10,0,10,美好-楊梅,2023-03-27,5262
3011,今皓,13,3,10,美好-楊梅,2023-03-27,5262
3049,精金,10,0,10,美好-楊梅,2023-03-27,5262
6546,正基,23,13,10,美好-楊梅,2023-03-27,5262
8110,華東,10,0,10,美好-楊梅,2023-03-27,5262
2634,漢翔,83,73,10,美好-楊梅,2023-03-27,5262
3714,富采,22,13,9,美好-楊梅,2023-03-27,5262
3322,建舜電,10,2,8,美好-楊梅,2023-03-27,5262
3046,建��,12,4,8,美好-楊梅,2023-03-27,5262
2303,聯電,17,10,7,美好-楊梅,2023-03-27,5262
1319,東陽,17,10,7,美好-楊梅,2023-03-27,5262
2457,飛宏,20,13,7,美好-楊梅,2023-03-27,5262
6443,元晶,127,120,7,美好-楊梅,2023-03-27,5262
8938,明安,7,0,7,美好-楊梅,2023-03-27,5262
2892,第一金,6,0,6,美好-楊梅,2023-03-27,5262
2312,金寶,6,0,6,美好-楊梅,2023-03-27,5262
3042,晶技,8,2,6,美好-楊梅,2023-03-27,5262
3231,緯創,31,25,6,美好-楊梅,2023-03-27,5262
3374,精材,6,0,6,美好-楊梅,2023-03-27,5262
3552,同致,8,2,6,美好-楊梅,2023-03-27,5262
4303,信立,6,0,6,美好-楊梅,2023-03-27,5262
5465,富驊,6,0,6,美好-楊梅,2023-03-27,5262
6806,森崴能源,6,0,6,美好-楊梅,2023-03-27,5262
2888,新光金,100,38,62,美好-楊梅,2023-03-28,5262
2610,華航,54,11,43,美好-楊梅,2023-03-28,5262
00679B,元大美債20年,35,1,34,美好-楊梅,2023-03-28,5262
3056,富華新,31,2,29,美好-楊梅,2023-03-28,5262
1605,華新,90,63,27,美好-楊梅,2023-03-28,5262
1101,台泥,33,6,27,美好-楊梅,2023-03-28,5262
2002,中鋼,20,0,20,美好-楊梅,2023-03-28,5262
4919,新唐,25,5,20,美好-楊梅,2023-03-28,5262
8064,東捷,20,0,20,美好-楊梅,2023-03-28,5262
3050,鈺德,17,0,17,美好-楊梅,2023-03-28,5262
0056,元大高股息,24,8,16,美好-楊梅,2023-03-28,5262
3037,欣興,18,2,16,美好-楊梅,2023-03-28,5262
2430,燦坤,16,0,16,美好-楊梅,2023-03-28,5262
3035,智原,31,15,16,美好-楊梅,2023-03-28,5262
6197,佳必琪,16,0,16,美好-楊梅,2023-03-28,5262
00882,中信中國高股息,15,0,15,美好-楊梅,2023-03-28,5262
2905,三商,15,0,15,美好-楊梅,2023-03-28,5262
6116,彩晶,17,2,15,美好-楊梅,2023-03-28,5262
6182,合晶,15,1,14,美好-楊梅,2023-03-28,5262
3031,佰鴻,15,1,14,美好-楊梅,2023-03-28,5262
2352,佳世達,14,1,13,美好-楊梅,2023-03-28,5262
5222,全訊,28,15,13,美好-楊梅,2023-03-28,5262
1504,東元,23,10,13,美好-楊梅,2023-03-28,5262
3324,雙鴻,13,1,12,美好-楊梅,2023-03-28,5262
00922,國泰台灣領袖50,12,0,12,美好-楊梅,2023-03-28,5262
8924,大田,12,0,12,美好-楊梅,2023-03-28,5262
3624,光頡,33,22,11,美好-楊梅,2023-03-28,5262
2409,友達,11,0,11,美好-楊梅,2023-03-28,5262
6104,創惟,12,1,11,美好-楊梅,2023-03-28,5262
6285,啟��,19,8,11,美好-楊梅,2023-03-28,5262
1437,勤益控,10,0,10,美好-楊梅,2023-03-28,5262
1733,五鼎,10,0,10,美好-楊梅,2023-03-28,5262
2515,中工,10,0,10,美好-楊梅,2023-03-28,5262
2516,新建,10,0,10,美好-楊梅,2023-03-28,5262
3013,晟銘電,20,10,10,美好-楊梅,2023-03-28,5262
3708,上緯投控,10,0,10,美好-楊梅,2023-03-28,5262
5439,高技,10,0,10,美好-楊梅,2023-03-28,5262
6603,富強鑫,10,0,10,美好-楊梅,2023-03-28,5262
8038,長園科,10,0,10,美好-楊梅,2023-03-28,5262
2637,慧洋-KY,10,0,10,美好-楊梅,2023-03-28,5262
00712,復華富時不動產,9,0,9,美好-楊梅,2023-03-28,5262
3714,富采,14,5,9,美好-楊梅,2023-03-28,5262
8150,南茂,10,1,9,美好-楊梅,2023-03-28,5262
8289,泰藝,14,5,9,美好-楊梅,2023-03-28,5262
2317,鴻海,9,0,9,美好-楊梅,2023-03-28,5262
2344,華邦電,15,6,9,美好-楊梅,2023-03-28,5262
1319,東陽,8,0,8,美好-楊梅,2023-03-28,5262
1609,大亞,10,2,8,美好-楊梅,2023-03-28,5262
2314,台揚,8,0,8,美好-楊梅,2023-03-28,5262
2329,華泰,8,0,8,美好-楊梅,2023-03-28,5262
2105,正新,234,3,231,美好-楊梅,2023-03-29,5262
00632R,元大台灣50反1,200,0,200,美好-楊梅,2023-03-29,5262
2867,三商壽,102,5,97,美好-楊梅,2023-03-29,5262
00885,富邦越南,55,1,54,美好-楊梅,2023-03-29,5262
2408,南亞科,42,1,41,美好-楊梅,2023-03-29,5262
00772B,中信高評級公司債,34,0,34,美好-楊梅,2023-03-29,5262
00712,復華富時不動產,31,0,31,美好-楊梅,2023-03-29,5262
00922,國泰台灣領袖50,30,0,30,美好-楊梅,2023-03-29,5262
3035,智原,42,14,28,美好-楊梅,2023-03-29,5262
6548,長科*,25,1,24,美好-楊梅,2023-03-29,5262
3356,奇偶,21,0,21,美好-楊梅,2023-03-29,5262
1342,八貫,22,2,20,美好-楊梅,2023-03-29,5262
5465,富驊,20,0,20,美好-楊梅,2023-03-29,5262
6226,光鼎,20,0,20,美好-楊梅,2023-03-29,5262
8171,天宇,22,2,20,美好-楊梅,2023-03-29,5262
2303,聯電,53,34,19,美好-楊梅,2023-03-29,5262
1504,東元,61,42,19,美好-楊梅,2023-03-29,5262
3105,穩懋,73,55,18,美好-楊梅,2023-03-29,5262
00679B,元大美債20年,17,0,17,美好-楊梅,2023-03-29,5262
2603,長榮,17,1,16,美好-楊梅,2023-03-29,5262
3272,東碩,34,20,14,美好-楊梅,2023-03-29,5262
2609,陽明,12,0,12,美好-楊梅,2023-03-29,5262
3264,欣銓,12,0,12,美好-楊梅,2023-03-29,5262
2368,金像電,16,5,11,美好-楊梅,2023-03-29,5262
3710,連展投控,21,10,11,美好-楊梅,2023-03-29,5262
6244,茂迪,12,1,11,美好-楊梅,2023-03-29,5262
1708,東鹼,11,0,11,美好-楊梅,2023-03-29,5262
1101,台泥,10,0,10,美好-楊梅,2023-03-29,5262
00751B,元大AAA至A公司債,10,0,10,美好-楊梅,2023-03-29,5262
2340,台亞,26,16,10,美好-楊梅,2023-03-29,5262
2359,所羅門,13,3,10,美好-楊梅,2023-03-29,5262
3056,富華新,10,0,10,美好-楊梅,2023-03-29,5262
5315,光聯,10,0,10,美好-楊梅,2023-03-29,5262
5521,工信,10,0,10,美好-楊梅,2023-03-29,5262
2208,台船,10,1,9,美好-楊梅,2023-03-29,5262
2332,友訊,9,0,9,美好-楊梅,2023-03-29,5262
6116,彩晶,23,14,9,美好-楊梅,2023-03-29,5262
6204,艾華,10,1,9,美好-楊梅,2023-03-29,5262
8401,白紗科,9,0,9,美好-楊梅,2023-03-29,5262
2641,正德,8,0,8,美好-楊梅,2023-03-29,5262
3017,奇鋐,14,6,8,美好-楊梅,2023-03-29,5262
00900,富邦特選高股息30,8,0,8,美好-楊梅,2023-03-29,5262
00878,國泰永續高股息,13,6,7,美好-楊梅,2023-03-29,5262
1314,中石化,7,0,7,美好-楊梅,2023-03-29,5262
4919,新唐,12,5,7,美好-楊梅,2023-03-29,5262
1513,中興電,13,7,6,美好-楊梅,2023-03-29,5262
2881,富邦金,7,1,6,美好-楊梅,2023-03-29,5262
3714,富采,6,0,6,美好-楊梅,2023-03-29,5262
8050,廣積,6,0,6,美好-楊梅,2023-03-29,5262
1217,愛之味,5,0,5,美好-楊梅,2023-03-29,5262
2419,仲琦,96,2,94,美好-楊梅,2023-03-30,5262
3362,先進光,50,3,47,美好-楊梅,2023-03-30,5262
00712,復華富時不動產,40,0,40,美好-楊梅,2023-03-30,5262
2889,國票金,38,0,38,美好-楊梅,2023-03-30,5262
2641,正德,22,0,22,美好-楊梅,2023-03-30,5262
5521,工信,20,0,20,美好-楊梅,2023-03-30,5262
1718,中纖,20,0,20,美好-楊梅,2023-03-30,5262
1733,五鼎,20,0,20,美好-楊梅,2023-03-30,5262
2905,三商,20,0,20,美好-楊梅,2023-03-30,5262
3504,揚明光,21,1,20,美好-楊梅,2023-03-30,5262
6241,易通展,20,0,20,美好-楊梅,2023-03-30,5262
2867,三商壽,16,0,16,美好-楊梅,2023-03-30,5262
2204,中華,16,1,15,美好-楊梅,2023-03-30,5262
2104,國際中橡,14,0,14,美好-楊梅,2023-03-30,5262
2392,正崴,16,2,14,美好-楊梅,2023-03-30,5262
9105,泰金寶-DR,14,0,14,美好-楊梅,2023-03-30,5262
00679B,元大美債20年,12,0,12,美好-楊梅,2023-03-30,5262
1605,華新,24,12,12,美好-楊梅,2023-03-30,5262
2329,華泰,12,0,12,美好-楊梅,2023-03-30,5262
5302,太欣,12,0,12,美好-楊梅,2023-03-30,5262
6134,萬旭,12,1,11,美好-楊梅,2023-03-30,5262
3622,洋華,11,0,11,美好-楊梅,2023-03-30,5262
1722,台肥,10,0,10,美好-楊梅,2023-03-30,5262
2030,彰源,10,0,10,美好-楊梅,2023-03-30,5262
2430,燦坤,10,0,10,美好-楊梅,2023-03-30,5262
2489,瑞軒,10,0,10,美好-楊梅,2023-03-30,5262
3217,優群,14,4,10,美好-楊梅,2023-03-30,5262
2438,翔耀,9,0,9,美好-楊梅,2023-03-30,5262
2618,長榮航,9,0,9,美好-楊梅,2023-03-30,5262
3017,奇鋐,12,3,9,美好-楊梅,2023-03-30,5262
6143,振曜,11,2,9,美好-楊梅,2023-03-30,5262
00637L,元大滬深300正2,28,20,8,美好-楊梅,2023-03-30,5262
4714,永捷,8,0,8,美好-楊梅,2023-03-30,5262
6472,保瑞,20,13,7,美好-楊梅,2023-03-30,5262
1101,台泥,9,2,7,美好-楊梅,2023-03-30,5262
2890,永豐金,7,0,7,美好-楊梅,2023-03-30,5262
5309,系統電,13,6,7,美好-楊梅,2023-03-30,5262
5388,中磊,8,1,7,美好-楊梅,2023-03-30,5262
00882,中信中國高股息,6,0,6,美好-楊梅,2023-03-30,5262
2603,長榮,10,4,6,美好-楊梅,2023-03-30,5262
3056,富華新,10,4,6,美好-楊梅,2023-03-30,5262
2426,鼎元,6,0,6,美好-楊梅,2023-03-30,5262
2929,淘帝-KY,6,0,6,美好-楊梅,2023-03-30,5262
3552,同致,6,0,6,美好-楊梅,2023-03-30,5262
5243,乙盛-KY,9,3,6,美好-楊梅,2023-03-30,5262
6470,宇智,6,0,6,美好-楊梅,2023-03-30,5262
8040,九暘,6,0,6,美好-楊梅,2023-03-30,5262
3338,泰碩,6,0,6,美好-楊梅,2023-03-30,5262
3483,力致,21,15,6,美好-楊梅,2023-03-30,5262
3447,展達,7,2,5,美好-楊梅,2023-03-30,5262
00632R,元大台灣50反1,280,109,171,美好-楊梅,2023-03-31,5262
6241,易通展,116,0,116,美好-楊梅,2023-03-31,5262
3056,富華新,69,8,61,美好-楊梅,2023-03-31,5262
2867,三商壽,45,10,35,美好-楊梅,2023-03-31,5262
6509,聚和,21,0,21,美好-楊梅,2023-03-31,5262
1795,美時,23,5,18,美好-楊梅,2023-03-31,5262
1521,大億,17,0,17,美好-楊梅,2023-03-31,5262
1605,華新,33,18,15,美好-楊梅,2023-03-31,5262
00713,元大台灣高息低波,15,2,13,美好-楊梅,2023-03-31,5262
1609,大亞,15,2,13,美好-楊梅,2023-03-31,5262
3231,緯創,32,19,13,美好-楊梅,2023-03-31,5262
2313,華通,38,27,11,美好-楊梅,2023-03-31,5262
2371,大同,11,0,11,美好-楊梅,2023-03-31,5262
2605,新興,13,2,11,美好-楊梅,2023-03-31,5262
00712,復華富時不動產,10,0,10,美好-楊梅,2023-03-31,5262
2342,茂矽,10,0,10,美好-楊梅,2023-03-31,5262
2885,元大金,10,0,10,美好-楊梅,2023-03-31,5262
5512,力麒,10,0,10,美好-楊梅,2023-03-31,5262
6279,胡連,12,2,10,美好-楊梅,2023-03-31,5262
8150,南茂,25,15,10,美好-楊梅,2023-03-31,5262
2027,大成鋼,11,2,9,美好-楊梅,2023-03-31,5262
2406,國碩,10,1,9,美好-楊梅,2023-03-31,5262
6285,啟��,13,4,9,美好-楊梅,2023-03-31,5262
3362,先進光,8,0,8,美好-楊梅,2023-03-31,5262
5351,鈺創,25,17,8,美好-楊梅,2023-03-31,5262
8171,天宇,8,0,8,美好-楊梅,2023-03-31,5262
1314,中石化,7,0,7,美好-楊梅,2023-03-31,5262
2204,中華,9,2,7,美好-楊梅,2023-03-31,5262
2607,榮運,7,0,7,美好-楊梅,2023-03-31,5262
2889,國票金,8,1,7,美好-楊梅,2023-03-31,5262
3272,東碩,7,0,7,美好-楊梅,2023-03-31,5262
5905,南仁湖,18,11,7,美好-楊梅,2023-03-31,5262
2201,裕隆,7,1,6,美好-楊梅,2023-03-31,5262
3308,聯德,6,0,6,美好-楊梅,2023-03-31,5262
3714,富采,7,1,6,美好-楊梅,2023-03-31,5262
4402,郡都開發,6,0,6,美好-楊梅,2023-03-31,5262
1442,名軒,5,0,5,美好-楊梅,2023-03-31,5262
00633L,富邦上証正2,5,0,5,美好-楊梅,2023-03-31,5262
2328,廣宇,5,0,5,美好-楊梅,2023-03-31,5262
2363,矽統,5,0,5,美好-楊梅,2023-03-31,5262
2905,三商,5,0,5,美好-楊梅,2023-03-31,5262
3047,訊舟,5,0,5,美好-楊梅,2023-03-31,5262
6129,普誠,5,0,5,美好-楊梅,2023-03-31,5262
6163,華電網,18,13,5,美好-楊梅,2023-03-31,5262
6182,合晶,8,3,5,美好-楊梅,2023-03-31,5262
8114,振樺電,5,0,5,美好-楊梅,2023-03-31,5262
8271,宇瞻,6,1,5,美好-楊梅,2023-03-31,5262
9939,宏全,5,0,5,美好-楊梅,2023-03-31,5262
2457,飛宏,30,25,5,美好-楊梅,2023-03-31,5262
1611,中電,7,3,4,美好-楊梅,2023-03-31,5262
5309,系統電,101,8,93,美好-楊梅,2023-04-06,5262
6246,臺龍,50,0,50,美好-楊梅,2023-04-06,5262
00637L,元大滬深300正2,40,0,40,美好-楊梅,2023-04-06,5262
2419,仲琦,40,1,39,美好-楊梅,2023-04-06,5262
3231,緯創,49,14,35,美好-楊梅,2023-04-06,5262
1609,大亞,65,30,35,美好-楊梅,2023-04-06,5262
8069,元太,31,1,30,美好-楊梅,2023-04-06,5262
6770,力積電,27,0,27,美好-楊梅,2023-04-06,5262
00878,國泰永續高股息,40,15,25,美好-楊梅,2023-04-06,5262
2867,三商壽,25,1,24,美好-楊梅,2023-04-06,5262
6180,橘子,23,0,23,美好-楊梅,2023-04-06,5262
00712,復華富時不動產,21,0,21,美好-楊梅,2023-04-06,5262
00665L,富邦�琤肭磪囓�2,20,0,20,美好-楊梅,2023-04-06,5262
6220,岳豐,20,0,20,美好-楊梅,2023-04-06,5262
2618,長榮航,19,0,19,美好-楊梅,2023-04-06,5262
00673R,期元大S＆P原油反1,16,0,16,美好-楊梅,2023-04-06,5262
2427,三商電,16,0,16,美好-楊梅,2023-04-06,5262
6603,富強鑫,15,0,15,美好-楊梅,2023-04-06,5262
2603,長榮,18,4,14,美好-楊梅,2023-04-06,5262
8936,國統,14,0,14,美好-楊梅,2023-04-06,5262
3056,富華新,21,7,14,美好-楊梅,2023-04-06,5262
4979,華星光,19,6,13,美好-楊梅,2023-04-06,5262
2482,連宇,20,7,13,美好-楊梅,2023-04-06,5262
00882,中信中國高股息,12,0,12,美好-楊梅,2023-04-06,5262
00922,國泰台灣領袖50,12,0,12,美好-楊梅,2023-04-06,5262
1504,東元,13,1,12,美好-楊梅,2023-04-06,5262
9958,世紀鋼,12,0,12,美好-楊梅,2023-04-06,5262
3038,全台,11,0,11,美好-楊梅,2023-04-06,5262
00636,國泰中國A50,11,0,11,美好-楊梅,2023-04-06,5262
1584,精剛,21,10,11,美好-楊梅,2023-04-06,5262
3260,威剛,19,8,11,美好-楊梅,2023-04-06,5262
2368,金像電,14,4,10,美好-楊梅,2023-04-06,5262
5314,世紀,10,0,10,美好-楊梅,2023-04-06,5262
6226,光鼎,10,0,10,美好-楊梅,2023-04-06,5262
6509,聚和,10,0,10,美好-楊梅,2023-04-06,5262
1605,華新,18,9,9,美好-楊梅,2023-04-06,5262
2344,華邦電,30,21,9,美好-楊梅,2023-04-06,5262
6163,華電網,13,4,9,美好-楊梅,2023-04-06,5262
6266,泰詠,13,4,9,美好-楊梅,2023-04-06,5262
6287,元隆,9,0,9,美好-楊梅,2023-04-06,5262
1342,八貫,14,6,8,美好-楊梅,2023-04-06,5262
0056,元大高股息,10,2,8,美好-楊梅,2023-04-06,5262
6548,長科*,9,2,7,美好-楊梅,2023-04-06,5262
3037,欣興,11,5,6,美好-楊梅,2023-04-06,5262
4104,佳醫,6,0,6,美好-楊梅,2023-04-06,5262
4976,佳凌,7,1,6,美好-楊梅,2023-04-06,5262
8038,長園科,6,0,6,美好-楊梅,2023-04-06,5262
2609,陽明,16,11,5,美好-楊梅,2023-04-06,5262
6411,晶焱,5,0,5,美好-楊梅,2023-04-06,5262
3289,宜特,5,0,5,美好-楊梅,2023-04-06,5262
1314,中石化,105,3,102,美好-楊梅,2023-04-07,5262
00633L,富邦上証正2,100,0,100,美好-楊梅,2023-04-07,5262
2867,三商壽,95,21,74,美好-楊梅,2023-04-07,5262
00897,富邦基因免疫生技,30,0,30,美好-楊梅,2023-04-07,5262
5521,工信,30,0,30,美好-楊梅,2023-04-07,5262
2208,台船,42,16,26,美好-楊梅,2023-04-07,5262
1218,泰山,26,3,23,美好-楊梅,2023-04-07,5262
2408,南亞科,50,28,22,美好-楊梅,2023-04-07,5262
2888,新光金,42,22,20,美好-楊梅,2023-04-07,5262
00720B,元大投資級公司債,19,0,19,美好-楊梅,2023-04-07,5262
3038,全台,16,0,16,美好-楊梅,2023-04-07,5262
4927,泰鼎-KY,16,0,16,美好-楊梅,2023-04-07,5262
00665L,富邦�琤肭磪囓�2,15,0,15,美好-楊梅,2023-04-07,5262
2356,英業達,16,2,14,美好-楊梅,2023-04-07,5262
2344,華邦電,51,38,13,美好-楊梅,2023-04-07,5262
3260,威剛,23,11,12,美好-楊梅,2023-04-07,5262
3026,禾伸堂,11,0,11,美好-楊梅,2023-04-07,5262
3231,緯創,14,3,11,美好-楊梅,2023-04-07,5262
4931,新盛力,12,1,11,美好-楊梅,2023-04-07,5262
00751B,元大AAA至A公司債,10,0,10,美好-楊梅,2023-04-07,5262
2347,聯強,10,0,10,美好-楊梅,2023-04-07,5262
2634,漢翔,10,0,10,美好-楊梅,2023-04-07,5262
3056,富華新,14,4,10,美好-楊梅,2023-04-07,5262
3682,亞太電,10,0,10,美好-楊梅,2023-04-07,5262
3710,連展投控,10,0,10,美好-楊梅,2023-04-07,5262
4541,晟田,14,4,10,美好-楊梅,2023-04-07,5262
6226,光鼎,10,0,10,美好-楊梅,2023-04-07,5262
1101,台泥,10,1,9,美好-楊梅,2023-04-07,5262
3312,弘憶股,9,0,9,美好-楊梅,2023-04-07,5262
4967,十銓,19,10,9,美好-楊梅,2023-04-07,5262
8171,天宇,10,1,9,美好-楊梅,2023-04-07,5262
9962,有益,9,0,9,美好-楊梅,2023-04-07,5262
2884,玉山金,13,5,8,美好-楊梅,2023-04-07,5262
2498,宏達電,22,14,8,美好-楊梅,2023-04-07,5262
1802,台玻,8,0,8,美好-楊梅,2023-04-07,5262
5388,中磊,10,2,8,美好-楊梅,2023-04-07,5262
2303,聯電,10,2,8,美好-楊梅,2023-04-07,5262
00697B,元大美債7-10,7,0,7,美好-楊梅,2023-04-07,5262
2736,富野,7,0,7,美好-楊梅,2023-04-07,5262
3062,建漢,8,1,7,美好-楊梅,2023-04-07,5262
4979,華星光,9,2,7,美好-楊梅,2023-04-07,5262
3494,誠研,6,0,6,美好-楊梅,2023-04-07,5262
2305,全友,6,0,6,美好-楊梅,2023-04-07,5262
2352,佳世達,9,3,6,美好-楊梅,2023-04-07,5262
2484,希華,6,0,6,美好-楊梅,2023-04-07,5262
2641,正德,12,6,6,美好-楊梅,2023-04-07,5262
3024,憶聲,6,0,6,美好-楊梅,2023-04-07,5262
00882,中信中國高股息,6,0,6,美好-楊梅,2023-04-07,5262
0056,元大高股息,5,0,5,美好-楊梅,2023-04-07,5262
2406,國碩,7,2,5,美好-楊梅,2023-04-07,5262
2834,臺企銀,166,11,155,美好-楊梅,2023-04-10,5262
8440,綠電,68,4,64,美好-楊梅,2023-04-10,5262
2891,中信金,58,0,58,美好-楊梅,2023-04-10,5262
00679B,元大美債20年,55,0,55,美好-楊梅,2023-04-10,5262
2344,華邦電,67,23,44,美好-楊梅,2023-04-10,5262
3715,定穎投控,46,5,41,美好-楊梅,2023-04-10,5262
00720B,元大投資級公司債,33,0,33,美好-楊梅,2023-04-10,5262
2426,鼎元,26,0,26,美好-楊梅,2023-04-10,5262
1605,華新,32,8,24,美好-楊梅,2023-04-10,5262
5880,合庫金,23,0,23,美好-楊梅,2023-04-10,5262
2614,東森,23,0,23,美好-楊梅,2023-04-10,5262
00633L,富邦上証正2,20,0,20,美好-楊梅,2023-04-10,5262
3710,連展投控,20,0,20,美好-楊梅,2023-04-10,5262
8087,麗升能源,20,0,20,美好-楊梅,2023-04-10,5262
00646,元大S＆P500,18,0,18,美好-楊梅,2023-04-10,5262
4153,鈺緯,22,4,18,美好-楊梅,2023-04-10,5262
1609,大亞,40,23,17,美好-楊梅,2023-04-10,5262
2027,大成鋼,16,0,16,美好-楊梅,2023-04-10,5262
4541,晟田,17,3,14,美好-楊梅,2023-04-10,5262
8383,千附,20,6,14,美好-楊梅,2023-04-10,5262
5425,台半,25,13,12,美好-楊梅,2023-04-10,5262
3481,群創,11,0,11,美好-楊梅,2023-04-10,5262
6288,聯嘉,14,3,11,美好-楊梅,2023-04-10,5262
00882,中信中國高股息,10,0,10,美好-楊梅,2023-04-10,5262
2349,錸德,11,1,10,美好-楊梅,2023-04-10,5262
5203,訊連,10,0,10,美好-楊梅,2023-04-10,5262
6226,光鼎,10,0,10,美好-楊梅,2023-04-10,5262
6279,胡連,10,0,10,美好-楊梅,2023-04-10,5262
6168,宏齊,10,0,10,美好-楊梅,2023-04-10,5262
1210,大成,9,0,9,美好-楊梅,2023-04-10,5262
2889,國票金,9,0,9,美好-楊梅,2023-04-10,5262
00712,復華富時不動產,8,0,8,美好-楊梅,2023-04-10,5262
2230,泰茂,10,2,8,美好-楊梅,2023-04-10,5262
2610,華航,30,22,8,美好-楊梅,2023-04-10,5262
4968,立積,9,1,8,美好-楊梅,2023-04-10,5262
2201,裕隆,10,2,8,美好-楊梅,2023-04-10,5262
00751B,元大AAA至A公司債,7,0,7,美好-楊梅,2023-04-10,5262
2317,鴻海,7,0,7,美好-楊梅,2023-04-10,5262
3362,先進光,10,3,7,美好-楊梅,2023-04-10,5262
4551,智伸科,7,0,7,美好-楊梅,2023-04-10,5262
6770,力積電,9,2,7,美好-楊梅,2023-04-10,5262
3432,台端,10,4,6,美好-楊梅,2023-04-10,5262
00853B,統一美債10年Aa-,6,0,6,美好-楊梅,2023-04-10,5262
1514,亞力,14,8,6,美好-楊梅,2023-04-10,5262
2498,宏達電,21,15,6,美好-楊梅,2023-04-10,5262
4739,康普,6,0,6,美好-楊梅,2023-04-10,5262
7402,邑錡,9,3,6,美好-楊梅,2023-04-10,5262
2892,第一金,5,0,5,美好-楊梅,2023-04-10,5262
1218,泰山,9,4,5,美好-楊梅,2023-04-10,5262
1216,統一,10,5,5,美好-楊梅,2023-04-10,5262
6770,力積電,57,4,53,美好-楊梅,2023-04-11,5262
00712,復華富時不動產,45,0,45,美好-楊梅,2023-04-11,5262
2614,東森,41,10,31,美好-楊梅,2023-04-11,5262
00637L,元大滬深300正2,30,0,30,美好-楊梅,2023-04-11,5262
2892,第一金,30,2,28,美好-楊梅,2023-04-11,5262
3289,宜特,24,0,24,美好-楊梅,2023-04-11,5262
1504,東元,97,74,23,美好-楊梅,2023-04-11,5262
2886,兆豐金,20,0,20,美好-楊梅,2023-04-11,5262
1521,大億,20,0,20,美好-楊梅,2023-04-11,5262
00738U,期元大道瓊白銀,20,0,20,美好-楊梅,2023-04-11,5262
1609,大亞,26,6,20,美好-楊梅,2023-04-11,5262
2392,正崴,20,0,20,美好-楊梅,2023-04-11,5262
5880,合庫金,20,1,19,美好-楊梅,2023-04-11,5262
2027,大成鋼,21,2,19,美好-楊梅,2023-04-11,5262
2610,華航,20,1,19,美好-楊梅,2023-04-11,5262
2206,三陽工業,25,9,16,美好-楊梅,2023-04-11,5262
3346,麗清,17,1,16,美好-楊梅,2023-04-11,5262
00679B,元大美債20年,15,0,15,美好-楊梅,2023-04-11,5262
3338,泰碩,18,4,14,美好-楊梅,2023-04-11,5262
2498,宏達電,22,9,13,美好-楊梅,2023-04-11,5262
1718,中纖,12,0,12,美好-楊梅,2023-04-11,5262
1218,泰山,16,5,11,美好-楊梅,2023-04-11,5262
6282,康舒,11,0,11,美好-楊梅,2023-04-11,5262
2303,聯電,36,26,10,美好-楊梅,2023-04-11,5262
2380,虹光,10,0,10,美好-楊梅,2023-04-11,5262
4121,優盛,10,0,10,美好-楊梅,2023-04-11,5262
5475,德宏,10,0,10,美好-楊梅,2023-04-11,5262
8938,明安,10,0,10,美好-楊梅,2023-04-11,5262
1709,和益,9,0,9,美好-楊梅,2023-04-11,5262
2208,台船,12,3,9,美好-楊梅,2023-04-11,5262
2337,旺宏,13,4,9,美好-楊梅,2023-04-11,5262
2457,飛宏,24,15,9,美好-楊梅,2023-04-11,5262
2476,鉅祥,11,2,9,美好-楊梅,2023-04-11,5262
3162,精確,9,0,9,美好-楊梅,2023-04-11,5262
3545,敦泰,14,6,8,美好-楊梅,2023-04-11,5262
3035,智原,20,12,8,美好-楊梅,2023-04-11,5262
3231,緯創,36,28,8,美好-楊梅,2023-04-11,5262
6285,啟��,11,3,8,美好-楊梅,2023-04-11,5262
6191,精成科,10,3,7,美好-楊梅,2023-04-11,5262
3037,欣興,7,1,6,美好-楊梅,2023-04-11,5262
2002,中鋼,7,1,6,美好-楊梅,2023-04-11,5262
2429,銘旺科,6,0,6,美好-楊梅,2023-04-11,5262
2603,長榮,8,2,6,美好-楊梅,2023-04-11,5262
3515,華擎,7,1,6,美好-楊梅,2023-04-11,5262
6152,百一,7,1,6,美好-楊梅,2023-04-11,5262
6182,合晶,9,3,6,美好-楊梅,2023-04-11,5262
6241,易通展,6,0,6,美好-楊梅,2023-04-11,5262
6435,大中,6,0,6,美好-楊梅,2023-04-11,5262
2492,華新科,11,5,6,美好-楊梅,2023-04-11,5262
3714,富采,24,19,5,美好-楊梅,2023-04-11,5262
6248,沛波,111,7,104,美好-楊梅,2023-04-12,5262
3290,東浦,102,0,102,美好-楊梅,2023-04-12,5262
1611,中電,105,11,94,美好-楊梅,2023-04-12,5262
00665L,富邦�琤肭磪囓�2,72,0,72,美好-楊梅,2023-04-12,5262
6770,力積電,60,6,54,美好-楊梅,2023-04-12,5262
00673R,期元大S＆P原油反1,51,1,50,美好-楊梅,2023-04-12,5262
3715,定穎投控,49,5,44,美好-楊梅,2023-04-12,5262
5521,工信,30,1,29,美好-楊梅,2023-04-12,5262
6443,元晶,40,12,28,美好-楊梅,2023-04-12,5262
00720B,元大投資級公司債,26,0,26,美好-楊梅,2023-04-12,5262
2890,永豐金,24,0,24,美好-楊梅,2023-04-12,5262
2208,台船,29,8,21,美好-楊梅,2023-04-12,5262
2834,臺企銀,26,5,21,美好-楊梅,2023-04-12,5262
8933,愛地雅,22,1,21,美好-楊梅,2023-04-12,5262
2457,飛宏,30,11,19,美好-楊梅,2023-04-12,5262
2492,華新科,35,16,19,美好-楊梅,2023-04-12,5262
8038,長園科,19,0,19,美好-楊梅,2023-04-12,5262
4543,萬在,15,0,15,美好-楊梅,2023-04-12,5262
1504,東元,26,11,15,美好-楊梅,2023-04-12,5262
3005,神基,14,0,14,美好-楊梅,2023-04-12,5262
4960,誠美材,15,1,14,美好-楊梅,2023-04-12,5262
2449,京元電子,12,0,12,美好-楊梅,2023-04-12,5262
2888,新光金,15,3,12,美好-楊梅,2023-04-12,5262
3162,精確,13,1,12,美好-楊梅,2023-04-12,5262
00713,元大台灣高息低波,11,0,11,美好-楊梅,2023-04-12,5262
1785,光洋科,11,0,11,美好-楊梅,2023-04-12,5262
00908,富邦入息REITs+,10,0,10,美好-楊梅,2023-04-12,5262
00633L,富邦上証正2,10,0,10,美好-楊梅,2023-04-12,5262
00637L,元大滬深300正2,10,0,10,美好-楊梅,2023-04-12,5262
2351,順德,10,0,10,美好-楊梅,2023-04-12,5262
2495,普安,10,0,10,美好-楊梅,2023-04-12,5262
2886,兆豐金,10,0,10,美好-楊梅,2023-04-12,5262
2905,三商,10,0,10,美好-楊梅,2023-04-12,5262
5475,德宏,14,4,10,美好-楊梅,2023-04-12,5262
6194,育富,10,0,10,美好-楊梅,2023-04-12,5262
8069,元太,11,1,10,美好-楊梅,2023-04-12,5262
3207,耀勝,10,1,9,美好-楊梅,2023-04-12,5262
3576,聯合再生,9,0,9,美好-楊梅,2023-04-12,5262
8938,明安,9,0,9,美好-楊梅,2023-04-12,5262
2380,虹光,8,0,8,美好-楊梅,2023-04-12,5262
2427,三商電,8,0,8,美好-楊梅,2023-04-12,5262
9105,泰金寶-DR,8,0,8,美好-楊梅,2023-04-12,5262
3027,盛達,15,8,7,美好-楊梅,2023-04-12,5262
00679B,元大美債20年,7,0,7,美好-楊梅,2023-04-12,5262
2413,環科,8,1,7,美好-楊梅,2023-04-12,5262
4979,華星光,15,8,7,美好-楊梅,2023-04-12,5262
6592,和潤企業,10,3,7,美好-楊梅,2023-04-12,5262
2542,興富發,7,1,6,美好-楊梅,2023-04-12,5262
5425,台半,12,6,6,美好-楊梅,2023-04-12,5262
00902,中信電池及儲能,6,0,6,美好-楊梅,2023-04-12,5262
00712,復華富時不動產,53,0,53,美好-楊梅,2023-04-13,5262
6274,台燿,34,0,34,美好-楊梅,2023-04-13,5262
2206,三陽工業,44,12,32,美好-楊梅,2023-04-13,5262
6509,聚和,32,1,31,美好-楊梅,2023-04-13,5262
2313,華通,40,14,26,美好-楊梅,2023-04-13,5262
4804,大略-KY,50,25,25,美好-楊梅,2023-04-13,5262
5328,華容,25,0,25,美好-楊梅,2023-04-13,5262
3491,昇達科,73,50,23,美好-楊梅,2023-04-13,5262
1605,華新,31,9,22,美好-楊梅,2023-04-13,5262
1314,中石化,51,29,22,美好-楊梅,2023-04-13,5262
1503,士電,73,52,21,美好-楊梅,2023-04-13,5262
2905,三商,20,0,20,美好-楊梅,2023-04-13,5262
00720B,元大投資級公司債,16,0,16,美好-楊梅,2023-04-13,5262
1316,上曜,15,0,15,美好-楊梅,2023-04-13,5262
6287,元隆,15,0,15,美好-楊梅,2023-04-13,5262
3037,欣興,21,6,15,美好-楊梅,2023-04-13,5262
0056,元大高股息,16,4,12,美好-楊梅,2023-04-13,5262
3006,晶豪科,13,1,12,美好-楊梅,2023-04-13,5262
3346,麗清,22,10,12,美好-楊梅,2023-04-13,5262
4973,廣穎,12,0,12,美好-楊梅,2023-04-13,5262
6160,欣技,12,0,12,美好-楊梅,2023-04-13,5262
6235,華孚,33,21,12,美好-楊梅,2023-04-13,5262
00751B,元大AAA至A公司債,11,0,11,美好-楊梅,2023-04-13,5262
1796,金穎生技,11,0,11,美好-楊梅,2023-04-13,5262
5608,四維航,11,0,11,美好-楊梅,2023-04-13,5262
3231,緯創,36,26,10,美好-楊梅,2023-04-13,5262
00665L,富邦�琤肭磪囓�2,10,0,10,美好-楊梅,2023-04-13,5262
00892,富邦台灣半導體,10,0,10,美好-楊梅,2023-04-13,5262
1326,台化,10,0,10,美好-楊梅,2023-04-13,5262
1473,台南,10,0,10,美好-楊梅,2023-04-13,5262
2511,太子,10,0,10,美好-楊梅,2023-04-13,5262
2913,農林,10,0,10,美好-楊梅,2023-04-13,5262
2330,台積電,12,2,10,美好-楊梅,2023-04-13,5262
4977,眾達-KY,14,5,9,美好-楊梅,2023-04-13,5262
5425,台半,10,1,9,美好-楊梅,2023-04-13,5262
6244,茂迪,17,8,9,美好-楊梅,2023-04-13,5262
8046,南電,14,5,9,美好-楊梅,2023-04-13,5262
5465,富驊,10,2,8,美好-楊梅,2023-04-13,5262
1319,東陽,9,1,8,美好-楊梅,2023-04-13,5262
00922,國泰台灣領袖50,8,0,8,美好-楊梅,2023-04-13,5262
1524,耿鼎,11,3,8,美好-楊梅,2023-04-13,5262
2453,凌群,8,0,8,美好-楊梅,2023-04-13,5262
8171,天宇,10,2,8,美好-楊梅,2023-04-13,5262
2201,裕隆,41,33,8,美好-楊梅,2023-04-13,5262
2303,聯電,10,3,7,美好-楊梅,2023-04-13,5262
2889,國票金,7,0,7,美好-楊梅,2023-04-13,5262
3715,定穎投控,9,2,7,美好-楊梅,2023-04-13,5262
6127,九豪,10,3,7,美好-楊梅,2023-04-13,5262
6205,詮欣,12,5,7,美好-楊梅,2023-04-13,5262
6209,今國光,7,0,7,美好-楊梅,2023-04-13,5262
2867,三商壽,195,11,184,美好-楊梅,2023-04-14,5262
00679B,元大美債20年,164,1,163,美好-楊梅,2023-04-14,5262
2610,華航,148,25,123,美好-楊梅,2023-04-14,5262
2618,長榮航,87,1,86,美好-楊梅,2023-04-14,5262
6248,沛波,85,0,85,美好-楊梅,2023-04-14,5262
2634,漢翔,158,88,70,美好-楊梅,2023-04-14,5262
00712,復華富時不動產,55,0,55,美好-楊梅,2023-04-14,5262
2208,台船,86,40,46,美好-楊梅,2023-04-14,5262
2498,宏達電,48,6,42,美好-楊梅,2023-04-14,5262
2367,燿華,40,0,40,美好-楊梅,2023-04-14,5262
1609,大亞,62,25,37,美好-楊梅,2023-04-14,5262
1584,精剛,59,25,34,美好-楊梅,2023-04-14,5262
3059,華晶科,31,0,31,美好-楊梅,2023-04-14,5262
00665L,富邦�琤肭磪囓�2,30,0,30,美好-楊梅,2023-04-14,5262
2457,飛宏,72,43,29,美好-楊梅,2023-04-14,5262
3481,群創,67,43,24,美好-楊梅,2023-04-14,5262
6770,力積電,110,88,22,美好-楊梅,2023-04-14,5262
6129,普誠,21,0,21,美好-楊梅,2023-04-14,5262
2105,正新,20,0,20,美好-楊梅,2023-04-14,5262
3011,今皓,20,0,20,美好-楊梅,2023-04-14,5262
2812,台中銀,32,13,19,美好-楊梅,2023-04-14,5262
2303,聯電,44,27,17,美好-楊梅,2023-04-14,5262
3231,緯創,24,9,15,美好-楊梅,2023-04-14,5262
5328,華容,40,25,15,美好-楊梅,2023-04-14,5262
00878,國泰永續高股息,21,6,15,美好-楊梅,2023-04-14,5262
1504,東元,19,5,14,美好-楊梅,2023-04-14,5262
5465,富驊,38,24,14,美好-楊梅,2023-04-14,5262
8171,天宇,14,0,14,美好-楊梅,2023-04-14,5262
00888,永豐台灣ESG,14,0,14,美好-楊梅,2023-04-14,5262
2002,中鋼,13,1,12,美好-楊梅,2023-04-14,5262
2382,廣達,12,0,12,美好-楊梅,2023-04-14,5262
6266,泰詠,13,2,11,美好-楊梅,2023-04-14,5262
2402,毅嘉,29,18,11,美好-楊梅,2023-04-14,5262
2913,農林,11,0,11,美好-楊梅,2023-04-14,5262
3545,敦泰,22,11,11,美好-楊梅,2023-04-14,5262
1519,華城,17,7,10,美好-楊梅,2023-04-14,5262
00896,中信綠能及電動車,10,0,10,美好-楊梅,2023-04-14,5262
00751B,元大AAA至A公司債,10,0,10,美好-楊梅,2023-04-14,5262
1721,三晃,10,0,10,美好-楊梅,2023-04-14,5262
1731,美吾華,10,0,10,美好-楊梅,2023-04-14,5262
2897,王道銀行,10,0,10,美好-楊梅,2023-04-14,5262
4121,優盛,10,0,10,美好-楊梅,2023-04-14,5262
6190,萬泰科,10,0,10,美好-楊梅,2023-04-14,5262
1451,年興,9,0,9,美好-楊梅,2023-04-14,5262
2515,中工,12,3,9,美好-楊梅,2023-04-14,5262
2736,富野,12,3,9,美好-楊梅,2023-04-14,5262
2356,英業達,9,0,9,美好-楊梅,2023-04-14,5262
1319,東陽,8,0,8,美好-楊梅,2023-04-14,5262
2331,精英,8,0,8,美好-楊梅,2023-04-14,5262
6829,千附精密,16,8,8,美好-楊梅,2023-04-14,5262
2634,漢翔,199,81,118,美好-楊梅,2023-04-17,5262
2002,中鋼,104,22,82,美好-楊梅,2023-04-17,5262
1609,大亞,96,23,73,美好-楊梅,2023-04-17,5262
2359,所羅門,65,10,55,美好-楊梅,2023-04-17,5262
4739,康普,55,0,55,美好-楊梅,2023-04-17,5262
00673R,期元大S＆P原油反1,55,1,54,美好-楊梅,2023-04-17,5262
3051,力特,52,0,52,美好-楊梅,2023-04-17,5262
3481,群創,51,0,51,美好-楊梅,2023-04-17,5262
2302,麗正,41,0,41,美好-楊梅,2023-04-17,5262
00679B,元大美債20年,34,0,34,美好-楊梅,2023-04-17,5262
5392,能率,30,0,30,美好-楊梅,2023-04-17,5262
2206,三陽工業,88,58,30,美好-楊梅,2023-04-17,5262
2329,華泰,32,4,28,美好-楊梅,2023-04-17,5262
3010,華立,24,0,24,美好-楊梅,2023-04-17,5262
3710,連展投控,26,2,24,美好-楊梅,2023-04-17,5262
4175,杏一,23,0,23,美好-楊梅,2023-04-17,5262
6142,友勁,48,27,21,美好-楊梅,2023-04-17,5262
6160,欣技,27,7,20,美好-楊梅,2023-04-17,5262
1513,中興電,23,4,19,美好-楊梅,2023-04-17,5262
2062,橋椿,19,0,19,美好-楊梅,2023-04-17,5262
2312,金寶,20,1,19,美好-楊梅,2023-04-17,5262
00885,富邦越南,18,0,18,美好-楊梅,2023-04-17,5262
3013,晟銘電,30,13,17,美好-楊梅,2023-04-17,5262
2208,台船,115,99,16,美好-楊梅,2023-04-17,5262
1514,亞力,18,3,15,美好-楊梅,2023-04-17,5262
5371,中光電,83,69,14,美好-楊梅,2023-04-17,5262
00712,復華富時不動產,14,0,14,美好-楊梅,2023-04-17,5262
2812,台中銀,13,0,13,美好-楊梅,2023-04-17,5262
3011,今皓,42,29,13,美好-楊梅,2023-04-17,5262
3512,皇龍,13,0,13,美好-楊梅,2023-04-17,5262
00878,國泰永續高股息,22,10,12,美好-楊梅,2023-04-17,5262
1734,杏輝,17,5,12,美好-楊梅,2023-04-17,5262
2406,國碩,13,1,12,美好-楊梅,2023-04-17,5262
3060,銘異,12,0,12,美好-楊梅,2023-04-17,5262
1810,和成,14,2,12,美好-楊梅,2023-04-17,5262
2317,鴻海,11,0,11,美好-楊梅,2023-04-17,5262
2344,華邦電,11,0,11,美好-楊梅,2023-04-17,5262
6205,詮欣,13,2,11,美好-楊梅,2023-04-17,5262
6547,高端疫苗,17,6,11,美好-楊梅,2023-04-17,5262
8121,越峰,18,7,11,美好-楊梅,2023-04-17,5262
1312,國喬,10,0,10,美好-楊梅,2023-04-17,5262
1524,耿鼎,10,0,10,美好-楊梅,2023-04-17,5262
1618,合機,20,10,10,美好-楊梅,2023-04-17,5262
1806,冠軍,10,0,10,美好-楊梅,2023-04-17,5262
1815,富喬,10,0,10,美好-楊梅,2023-04-17,5262
2380,虹光,10,0,10,美好-楊梅,2023-04-17,5262
2413,環科,13,3,10,美好-楊梅,2023-04-17,5262
2913,農林,20,10,10,美好-楊梅,2023-04-17,5262
3484,崧騰,10,0,10,美好-楊梅,2023-04-17,5262
3518,柏騰,13,3,10,美好-楊梅,2023-04-17,5262
3221,台嘉碩,103,10,93,美好-楊梅,2023-04-18,5262
2313,華通,84,3,81,美好-楊梅,2023-04-18,5262
1609,大亞,92,15,77,美好-楊梅,2023-04-18,5262
5392,能率,48,0,48,美好-楊梅,2023-04-18,5262
6274,台燿,44,1,43,美好-楊梅,2023-04-18,5262
2002,中鋼,42,0,42,美好-楊梅,2023-04-18,5262
00632R,元大台灣50反1,42,0,42,美好-楊梅,2023-04-18,5262
00679B,元大美債20年,32,0,32,美好-楊梅,2023-04-18,5262
5522,遠雄,30,0,30,美好-楊梅,2023-04-18,5262
8076,伍豐,29,0,29,美好-楊梅,2023-04-18,5262
2515,中工,38,10,28,美好-楊梅,2023-04-18,5262
3362,先進光,25,0,25,美好-楊梅,2023-04-18,5262
2062,橋椿,21,0,21,美好-楊梅,2023-04-18,5262
6443,元晶,37,16,21,美好-楊梅,2023-04-18,5262
5880,合庫金,21,1,20,美好-楊梅,2023-04-18,5262
2201,裕隆,47,28,19,美好-楊梅,2023-04-18,5262
00751B,元大AAA至A公司債,19,0,19,美好-楊梅,2023-04-18,5262
1529,樂事綠能,47,28,19,美好-楊梅,2023-04-18,5262
00878,國泰永續高股息,22,3,19,美好-楊梅,2023-04-18,5262
2634,漢翔,77,59,18,美好-楊梅,2023-04-18,5262
2867,三商壽,18,1,17,美好-楊梅,2023-04-18,5262
3264,欣銓,20,3,17,美好-楊梅,2023-04-18,5262
1504,東元,32,16,16,美好-楊梅,2023-04-18,5262
00712,復華富時不動產,18,2,16,美好-楊梅,2023-04-18,5262
2457,飛宏,62,46,16,美好-楊梅,2023-04-18,5262
6279,胡連,16,0,16,美好-楊梅,2023-04-18,5262
00665L,富邦�琤肭磪囓�2,15,0,15,美好-楊梅,2023-04-18,5262
1444,力麗,25,10,15,美好-楊梅,2023-04-18,5262
4173,久裕,15,0,15,美好-楊梅,2023-04-18,5262
3062,建漢,34,20,14,美好-楊梅,2023-04-18,5262
00888,永豐台灣ESG,14,0,14,美好-楊梅,2023-04-18,5262
6209,今國光,15,1,14,美好-楊梅,2023-04-18,5262
1810,和成,26,12,14,美好-楊梅,2023-04-18,5262
5328,華容,13,0,13,美好-楊梅,2023-04-18,5262
2603,長榮,26,14,12,美好-楊梅,2023-04-18,5262
2492,華新科,13,1,12,美好-楊梅,2023-04-18,5262
2495,普安,15,3,12,美好-楊梅,2023-04-18,5262
3682,亞太電,12,0,12,美好-楊梅,2023-04-18,5262
5371,中光電,43,31,12,美好-楊梅,2023-04-18,5262
6180,橘子,12,0,12,美好-楊梅,2023-04-18,5262
6233,旺玖,12,0,12,美好-楊梅,2023-04-18,5262
8105,凌巨,12,0,12,美好-楊梅,2023-04-18,5262
1605,華新,23,12,11,美好-楊梅,2023-04-18,5262
1312,國喬,11,0,11,美好-楊梅,2023-04-18,5262
2481,強茂,12,1,11,美好-楊梅,2023-04-18,5262
3224,三顧,10,0,10,美好-楊梅,2023-04-18,5262
3025,星通,15,5,10,美好-楊梅,2023-04-18,5262
1737,臺鹽,10,0,10,美好-楊梅,2023-04-18,5262
1815,富喬,10,0,10,美好-楊梅,2023-04-18,5262
2007,燁興,10,0,10,美好-楊梅,2023-04-18,5262
00665L,富邦�琤肭磪囓�2,118,0,118,美好-楊梅,2023-04-19,5262
1810,和成,164,111,53,美好-楊梅,2023-04-19,5262
2208,台船,71,33,38,美好-楊梅,2023-04-19,5262
00712,復華富時不動產,37,0,37,美好-楊梅,2023-04-19,5262
00892,富邦台灣半導體,37,0,37,美好-楊梅,2023-04-19,5262
2002,中鋼,37,1,36,美好-楊梅,2023-04-19,5262
2359,所羅門,39,3,36,美好-楊梅,2023-04-19,5262
2317,鴻海,32,0,32,美好-楊梅,2023-04-19,5262
2313,華通,32,1,31,美好-楊梅,2023-04-19,5262
3673,TPK-KY,34,4,30,美好-楊梅,2023-04-19,5262
2610,華航,38,10,28,美好-楊梅,2023-04-19,5262
2344,華邦電,25,1,24,美好-楊梅,2023-04-19,5262
2609,陽明,30,7,23,美好-楊梅,2023-04-19,5262
1417,嘉裕,22,0,22,美好-楊梅,2023-04-19,5262
2337,旺宏,24,2,22,美好-楊梅,2023-04-19,5262
1102,亞泥,20,0,20,美好-楊梅,2023-04-19,5262
00888,永豐台灣ESG,20,0,20,美好-楊梅,2023-04-19,5262
1444,力麗,20,1,19,美好-楊梅,2023-04-19,5262
2457,飛宏,143,125,18,美好-楊梅,2023-04-19,5262
2380,虹光,18,0,18,美好-楊梅,2023-04-19,5262
2603,長榮,18,2,16,美好-楊梅,2023-04-19,5262
2328,廣宇,19,3,16,美好-楊梅,2023-04-19,5262
2634,漢翔,41,25,16,美好-楊梅,2023-04-19,5262
3037,欣興,21,6,15,美好-楊梅,2023-04-19,5262
2342,茂矽,21,6,15,美好-楊梅,2023-04-19,5262
4953,緯軟,20,5,15,美好-楊梅,2023-04-19,5262
2498,宏達電,18,4,14,美好-楊梅,2023-04-19,5262
6116,彩晶,15,1,14,美好-楊梅,2023-04-19,5262
00720B,元大投資級公司債,13,0,13,美好-楊梅,2023-04-19,5262
1589,永冠-KY,13,0,13,美好-楊梅,2023-04-19,5262
2409,友達,14,1,13,美好-楊梅,2023-04-19,5262
2515,中工,13,0,13,美好-楊梅,2023-04-19,5262
2881,富邦金,13,0,13,美好-楊梅,2023-04-19,5262
8121,越峰,16,3,13,美好-楊梅,2023-04-19,5262
2834,臺企銀,15,4,11,美好-楊梅,2023-04-19,5262
2371,大同,11,0,11,美好-楊梅,2023-04-19,5262
1460,宏遠,10,0,10,美好-楊梅,2023-04-19,5262
2007,燁興,10,0,10,美好-楊梅,2023-04-19,5262
2206,三陽工業,19,9,10,美好-楊梅,2023-04-19,5262
2303,聯電,37,27,10,美好-楊梅,2023-04-19,5262
2630,亞航,13,3,10,美好-楊梅,2023-04-19,5262
5328,華容,10,0,10,美好-楊梅,2023-04-19,5262
5475,德宏,10,0,10,美好-楊梅,2023-04-19,5262
6168,宏齊,10,0,10,美好-楊梅,2023-04-19,5262
6220,岳豐,10,0,10,美好-楊梅,2023-04-19,5262
6226,光鼎,10,0,10,美好-楊梅,2023-04-19,5262
3508,位速,10,0,10,美好-楊梅,2023-04-19,5262
3011,今皓,11,2,9,美好-楊梅,2023-04-19,5262
2426,鼎元,10,1,9,美好-楊梅,2023-04-19,5262
6167,久正,15,6,9,美好-楊梅,2023-04-19,5262
2913,農林,199,11,188,美好-楊梅,2023-04-20,5262
1444,力麗,100,0,100,美好-楊梅,2023-04-20,5262
2323,中環,56,0,56,美好-楊梅,2023-04-20,5262
1216,統一,51,2,49,美好-楊梅,2023-04-20,5262
2615,萬海,48,1,47,美好-楊梅,2023-04-20,5262
6244,茂迪,60,21,39,美好-楊梅,2023-04-20,5262
6282,康舒,76,38,38,美好-楊梅,2023-04-20,5262
2406,國碩,40,4,36,美好-楊梅,2023-04-20,5262
2009,第一銅,34,0,34,美好-楊梅,2023-04-20,5262
4934,太極,53,20,33,美好-楊梅,2023-04-20,5262
00637L,元大滬深300正2,40,10,30,美好-楊梅,2023-04-20,5262
6226,光鼎,30,0,30,美好-楊梅,2023-04-20,5262
1314,中石化,40,12,28,美好-楊梅,2023-04-20,5262
3078,僑威,57,33,24,美好-楊梅,2023-04-20,5262
1609,大亞,25,1,24,美好-楊梅,2023-04-20,5262
2303,聯電,25,3,22,美好-楊梅,2023-04-20,5262
5475,德宏,22,0,22,美好-楊梅,2023-04-20,5262
1522,堤維西,21,1,20,美好-楊梅,2023-04-20,5262
1568,倉佑,20,0,20,美好-楊梅,2023-04-20,5262
1605,華新,28,8,20,美好-楊梅,2023-04-20,5262
3346,麗清,18,0,18,美好-楊梅,2023-04-20,5262
6538,倉和,19,1,18,美好-楊梅,2023-04-20,5262
2739,寒舍,16,0,16,美好-楊梅,2023-04-20,5262
1815,富喬,15,0,15,美好-楊梅,2023-04-20,5262
2457,飛宏,139,124,15,美好-楊梅,2023-04-20,5262
8222,寶一,29,14,15,美好-楊梅,2023-04-20,5262
1907,永豐餘,13,0,13,美好-楊梅,2023-04-20,5262
2867,三商壽,23,10,13,美好-楊梅,2023-04-20,5262
3260,威剛,13,0,13,美好-楊梅,2023-04-20,5262
6104,創惟,17,4,13,美好-楊梅,2023-04-20,5262
2408,南亞科,12,0,12,美好-楊梅,2023-04-20,5262
3481,群創,28,16,12,美好-楊梅,2023-04-20,5262
2476,鉅祥,14,2,12,美好-楊梅,2023-04-20,5262
3046,建��,12,0,12,美好-楊梅,2023-04-20,5262
5512,力麒,12,0,12,美好-楊梅,2023-04-20,5262
6285,啟��,15,3,12,美好-楊梅,2023-04-20,5262
6235,華孚,122,111,11,美好-楊梅,2023-04-20,5262
1517,利奇,11,0,11,美好-楊梅,2023-04-20,5262
4114,健喬,13,2,11,美好-楊梅,2023-04-20,5262
00751B,元大AAA至A公司債,10,0,10,美好-楊梅,2023-04-20,5262
00636,國泰中國A50,10,0,10,美好-楊梅,2023-04-20,5262
1104,環泥,10,0,10,美好-楊梅,2023-04-20,5262
1312,國喬,10,0,10,美好-楊梅,2023-04-20,5262
1533,車王電,10,0,10,美好-楊梅,2023-04-20,5262
2409,友達,10,0,10,美好-楊梅,2023-04-20,5262
3038,全台,11,1,10,美好-楊梅,2023-04-20,5262
3189,景碩,11,1,10,美好-楊梅,2023-04-20,5262
4543,萬在,10,0,10,美好-楊梅,2023-04-20,5262
5905,南仁湖,10,0,10,美好-楊梅,2023-04-20,5262
6125,廣運,10,0,10,美好-楊梅,2023-04-20,5262
2615,萬海,60,2,58,美好-楊梅,2023-04-21,5262
1711,永光,54,4,50,美好-楊梅,2023-04-21,5262
3576,聯合再生,53,3,50,美好-楊梅,2023-04-21,5262
1101,台泥,86,40,46,美好-楊梅,2023-04-21,5262
1611,中電,64,19,45,美好-楊梅,2023-04-21,5262
2609,陽明,57,13,44,美好-楊梅,2023-04-21,5262
2913,農林,58,18,40,美好-楊梅,2023-04-21,5262
2610,華航,38,0,38,美好-楊梅,2023-04-21,5262
3011,今皓,28,0,28,美好-楊梅,2023-04-21,5262
2457,飛宏,55,28,27,美好-楊梅,2023-04-21,5262
1409,新纖,25,2,23,美好-楊梅,2023-04-21,5262
00888,永豐台灣ESG,21,0,21,美好-楊梅,2023-04-21,5262
2208,台船,52,31,21,美好-楊梅,2023-04-21,5262
2515,中工,21,0,21,美好-楊梅,2023-04-21,5262
6244,茂迪,35,15,20,美好-楊梅,2023-04-21,5262
3432,台端,20,0,20,美好-楊梅,2023-04-21,5262
6134,萬旭,20,1,19,美好-楊梅,2023-04-21,5262
3058,立德,30,12,18,美好-楊梅,2023-04-21,5262
1605,華新,18,1,17,美好-楊梅,2023-04-21,5262
2002,中鋼,16,0,16,美好-楊梅,2023-04-21,5262
00679B,元大美債20年,15,0,15,美好-楊梅,2023-04-21,5262
2498,宏達電,23,8,15,美好-楊梅,2023-04-21,5262
00892,富邦台灣半導體,15,0,15,美好-楊梅,2023-04-21,5262
2884,玉山金,17,3,14,美好-楊梅,2023-04-21,5262
2303,聯電,45,31,14,美好-楊梅,2023-04-21,5262
3062,建漢,14,0,14,美好-楊梅,2023-04-21,5262
5285,界霖,15,1,14,美好-楊梅,2023-04-21,5262
2359,所羅門,15,2,13,美好-楊梅,2023-04-21,5262
1584,精剛,14,2,12,美好-楊梅,2023-04-21,5262
6443,元晶,35,23,12,美好-楊梅,2023-04-21,5262
6472,保瑞,11,0,11,美好-楊梅,2023-04-21,5262
2492,華新科,15,4,11,美好-楊梅,2023-04-21,5262
1319,東陽,11,0,11,美好-楊梅,2023-04-21,5262
1522,堤維西,22,11,11,美好-楊梅,2023-04-21,5262
3224,三顧,11,0,11,美好-楊梅,2023-04-21,5262
6226,光鼎,11,0,11,美好-楊梅,2023-04-21,5262
00907,永豐優息存股,10,0,10,美好-楊梅,2023-04-21,5262
1810,和成,16,6,10,美好-楊梅,2023-04-21,5262
1904,正隆,22,12,10,美好-楊梅,2023-04-21,5262
2347,聯強,10,0,10,美好-楊梅,2023-04-21,5262
2441,超豐,10,0,10,美好-楊梅,2023-04-21,5262
2511,太子,10,0,10,美好-楊梅,2023-04-21,5262
2887,台新金,10,0,10,美好-楊梅,2023-04-21,5262
3078,僑威,15,5,10,美好-楊梅,2023-04-21,5262
3628,盈正,10,0,10,美好-楊梅,2023-04-21,5262
6248,沛波,10,0,10,美好-楊梅,2023-04-21,5262
6829,千附精密,11,1,10,美好-楊梅,2023-04-21,5262
1217,愛之味,10,1,9,美好-楊梅,2023-04-21,5262
1710,東聯,14,5,9,美好-楊梅,2023-04-21,5262
2897,王道銀行,10,1,9,美好-楊梅,2023-04-21,5262
1314,中石化,110,11,99,美好-楊梅,2023-04-24,5262
1711,永光,92,17,75,美好-楊梅,2023-04-24,5262
2913,農林,82,18,64,美好-楊梅,2023-04-24,5262
00637L,元大滬深300正2,40,0,40,美好-楊梅,2023-04-24,5262
2317,鴻海,38,1,37,美好-楊梅,2023-04-24,5262
00751B,元大AAA至A公司債,39,2,37,美好-楊梅,2023-04-24,5262
3189,景碩,35,0,35,美好-楊梅,2023-04-24,5262
00633L,富邦上証正2,30,0,30,美好-楊梅,2023-04-24,5262
00772B,中信高評級公司債,29,0,29,美好-楊梅,2023-04-24,5262
6770,力積電,119,91,28,美好-楊梅,2023-04-24,5262
1710,東聯,27,4,23,美好-楊梅,2023-04-24,5262
2453,凌群,35,17,18,美好-楊梅,2023-04-24,5262
00902,中信電池及儲能,17,0,17,美好-楊梅,2023-04-24,5262
00636,國泰中國A50,16,0,16,美好-楊梅,2023-04-24,5262
2603,長榮,15,0,15,美好-楊梅,2023-04-24,5262
00888,永豐台灣ESG,14,1,13,美好-楊梅,2023-04-24,5262
2609,陽明,16,5,11,美好-楊梅,2023-04-24,5262
1907,永豐餘,15,4,11,美好-楊梅,2023-04-24,5262
2313,華通,13,2,11,美好-楊梅,2023-04-24,5262
2031,新光鋼,12,2,10,美好-楊梅,2023-04-24,5262
1514,亞力,20,10,10,美好-楊梅,2023-04-24,5262
2404,漢唐,11,1,10,美好-楊梅,2023-04-24,5262
2498,宏達電,14,4,10,美好-楊梅,2023-04-24,5262
2890,永豐金,10,0,10,美好-楊梅,2023-04-24,5262
6021,美好證,10,0,10,美好-楊梅,2023-04-24,5262
8150,南茂,10,0,10,美好-楊梅,2023-04-24,5262
2324,仁寶,11,2,9,美好-楊梅,2023-04-24,5262
8478,東哥遊艇,12,3,9,美好-楊梅,2023-04-24,5262
1101,台泥,47,39,8,美好-楊梅,2023-04-24,5262
2610,華航,8,0,8,美好-楊梅,2023-04-24,5262
1605,華新,11,4,7,美好-楊梅,2023-04-24,5262
1609,大亞,11,4,7,美好-楊梅,2023-04-24,5262
3032,偉訓,7,0,7,美好-楊梅,2023-04-24,5262
3504,揚明光,9,2,7,美好-楊梅,2023-04-24,5262
6163,華電網,10,3,7,美好-楊梅,2023-04-24,5262
6244,茂迪,10,3,7,美好-楊梅,2023-04-24,5262
1611,中電,6,0,6,美好-楊梅,2023-04-24,5262
1783,和康生,7,1,6,美好-楊梅,2023-04-24,5262
2009,第一銅,6,0,6,美好-楊梅,2023-04-24,5262
2504,國產,6,0,6,美好-楊梅,2023-04-24,5262
5009,榮剛,10,4,6,美好-楊梅,2023-04-24,5262
2330,台積電,6,0,6,美好-楊梅,2023-04-24,5262
00687B,國泰20年美債,5,0,5,美好-楊梅,2023-04-24,5262
2353,宏��,5,0,5,美好-楊梅,2023-04-24,5262
2618,長榮航,5,0,5,美好-楊梅,2023-04-24,5262
3346,麗清,5,0,5,美好-楊梅,2023-04-24,5262
3518,柏騰,5,0,5,美好-楊梅,2023-04-24,5262
3686,達能,5,0,5,美好-楊梅,2023-04-24,5262
4979,華星光,5,0,5,美好-楊梅,2023-04-24,5262
5309,系統電,5,0,5,美好-楊梅,2023-04-24,5262
2834,臺企銀,281,6,275,美好-楊梅,2023-04-25,5262
2610,華航,76,0,76,美好-楊梅,2023-04-25,5262
00878,國泰永續高股息,61,0,61,美好-楊梅,2023-04-25,5262
2208,台船,63,4,59,美好-楊梅,2023-04-25,5262
3264,欣銓,52,0,52,美好-楊梅,2023-04-25,5262
0056,元大高股息,52,6,46,美好-楊梅,2023-04-25,5262
2457,飛宏,43,5,38,美好-楊梅,2023-04-25,5262
2618,長榮航,34,0,34,美好-楊梅,2023-04-25,5262
3128,昇銳,34,0,34,美好-楊梅,2023-04-25,5262
3231,緯創,35,6,29,美好-楊梅,2023-04-25,5262
2317,鴻海,28,0,28,美好-楊梅,2023-04-25,5262
6269,台郡,33,7,26,美好-楊梅,2023-04-25,5262
2406,國碩,22,1,21,美好-楊梅,2023-04-25,5262
3260,威剛,21,0,21,美好-楊梅,2023-04-25,5262
4510,高鋒,20,0,20,美好-楊梅,2023-04-25,5262
2344,華邦電,19,1,18,美好-楊梅,2023-04-25,5262
6244,茂迪,28,11,17,美好-楊梅,2023-04-25,5262
4566,時碩工業,23,7,16,美好-楊梅,2023-04-25,5262
1605,華新,34,18,16,美好-楊梅,2023-04-25,5262
6266,泰詠,20,4,16,美好-楊梅,2023-04-25,5262
6443,元晶,19,3,16,美好-楊梅,2023-04-25,5262
3481,群創,19,5,14,美好-楊梅,2023-04-25,5262
2002,中鋼,14,0,14,美好-楊梅,2023-04-25,5262
1504,東元,18,4,14,美好-楊梅,2023-04-25,5262
6116,彩晶,14,0,14,美好-楊梅,2023-04-25,5262
2303,聯電,59,45,14,美好-楊梅,2023-04-25,5262
4175,杏一,13,0,13,美好-楊梅,2023-04-25,5262
6282,康舒,21,8,13,美好-楊梅,2023-04-25,5262
2355,敬鵬,12,0,12,美好-楊梅,2023-04-25,5262
2401,凌陽,12,0,12,美好-楊梅,2023-04-25,5262
2471,資通,34,22,12,美好-楊梅,2023-04-25,5262
6234,高僑,15,3,12,美好-楊梅,2023-04-25,5262
00881,國泰台灣5G+,12,1,11,美好-楊梅,2023-04-25,5262
00888,永豐台灣ESG,11,0,11,美好-楊梅,2023-04-25,5262
1711,永光,13,2,11,美好-楊梅,2023-04-25,5262
3062,建漢,11,0,11,美好-楊梅,2023-04-25,5262
3576,聯合再生,13,2,11,美好-楊梅,2023-04-25,5262
2609,陽明,12,2,10,美好-楊梅,2023-04-25,5262
1536,和大,10,0,10,美好-楊梅,2023-04-25,5262
1409,新纖,10,0,10,美好-楊梅,2023-04-25,5262
2337,旺宏,12,2,10,美好-楊梅,2023-04-25,5262
2352,佳世達,10,0,10,美好-楊梅,2023-04-25,5262
3605,宏致,10,0,10,美好-楊梅,2023-04-25,5262
3682,亞太電,10,0,10,美好-楊梅,2023-04-25,5262
4960,誠美材,10,0,10,美好-楊梅,2023-04-25,5262
8121,越峰,10,0,10,美好-楊梅,2023-04-25,5262
1216,統一,10,0,10,美好-楊梅,2023-04-25,5262
0050,元大台灣50,10,0,10,美好-楊梅,2023-04-25,5262
4919,新唐,17,7,10,美好-楊梅,2023-04-25,5262
2409,友達,15,6,9,美好-楊梅,2023-04-25,5262
8222,寶一,146,38,108,美好-楊梅,2023-04-26,5262
00664R,國泰臺灣加權反1,100,0,100,美好-楊梅,2023-04-26,5262
00900,富邦特選高股息30,50,0,50,美好-楊梅,2023-04-26,5262
3264,欣銓,50,2,48,美好-楊梅,2023-04-26,5262
2913,農林,35,5,30,美好-楊梅,2023-04-26,5262
2609,陽明,35,6,29,美好-楊梅,2023-04-26,5262
6266,泰詠,42,15,27,美好-楊梅,2023-04-26,5262
00637L,元大滬深300正2,20,0,20,美好-楊梅,2023-04-26,5262
2312,金寶,20,0,20,美好-楊梅,2023-04-26,5262
2614,東森,20,0,20,美好-楊梅,2023-04-26,5262
6148,驊宏資,20,1,19,美好-楊梅,2023-04-26,5262
00878,國泰永續高股息,32,13,19,美好-楊梅,2023-04-26,5262
1785,光洋科,20,2,18,美好-楊梅,2023-04-26,5262
2885,元大金,18,0,18,美好-楊梅,2023-04-26,5262
1101,台泥,18,2,16,美好-楊梅,2023-04-26,5262
2888,新光金,15,0,15,美好-楊梅,2023-04-26,5262
8924,大田,15,0,15,美好-楊梅,2023-04-26,5262
9902,台火,15,0,15,美好-楊梅,2023-04-26,5262
2303,聯電,18,4,14,美好-楊梅,2023-04-26,5262
2002,中鋼,27,13,14,美好-楊梅,2023-04-26,5262
00712,復華富時不動產,14,0,14,美好-楊梅,2023-04-26,5262
00922,國泰台灣領袖50,14,0,14,美好-楊梅,2023-04-26,5262
6285,啟��,14,0,14,美好-楊梅,2023-04-26,5262
3035,智原,32,18,14,美好-楊梅,2023-04-26,5262
2457,飛宏,17,5,12,美好-楊梅,2023-04-26,5262
1810,和成,11,0,11,美好-楊梅,2023-04-26,5262
2889,國票金,11,0,11,美好-楊梅,2023-04-26,5262
00918,大華優利高填息30,10,0,10,美好-楊梅,2023-04-26,5262
1312,國喬,10,0,10,美好-楊梅,2023-04-26,5262
1445,大宇,10,0,10,美好-楊梅,2023-04-26,5262
2349,錸德,10,0,10,美好-楊梅,2023-04-26,5262
2371,大同,10,0,10,美好-楊梅,2023-04-26,5262
2515,中工,11,1,10,美好-楊梅,2023-04-26,5262
2702,華園,13,3,10,美好-楊梅,2023-04-26,5262
3092,鴻碩,10,0,10,美好-楊梅,2023-04-26,5262
3260,威剛,10,0,10,美好-楊梅,2023-04-26,5262
3356,奇偶,10,0,10,美好-楊梅,2023-04-26,5262
5475,德宏,10,0,10,美好-楊梅,2023-04-26,5262
6116,彩晶,10,0,10,美好-楊梅,2023-04-26,5262
6789,采鈺,10,0,10,美好-楊梅,2023-04-26,5262
3363,上詮,10,1,9,美好-楊梅,2023-04-26,5262
6282,康舒,11,2,9,美好-楊梅,2023-04-26,5262
00888,永豐台灣ESG,8,0,8,美好-楊梅,2023-04-26,5262
1720,生達,8,0,8,美好-楊梅,2023-04-26,5262
2634,漢翔,23,15,8,美好-楊梅,2023-04-26,5262
4919,新唐,22,14,8,美好-楊梅,2023-04-26,5262
2603,長榮,19,11,8,美好-楊梅,2023-04-26,5262
2007,燁興,7,0,7,美好-楊梅,2023-04-26,5262
4541,晟田,11,4,7,美好-楊梅,2023-04-26,5262
5009,榮剛,21,15,6,美好-楊梅,2023-04-26,5262
00715L,期街口布蘭特正2,91,0,91,美好-楊梅,2023-04-27,5262
2409,友達,54,0,54,美好-楊梅,2023-04-27,5262
1905,華紙,57,6,51,美好-楊梅,2023-04-27,5262
2208,台船,90,44,46,美好-楊梅,2023-04-27,5262
8093,保銳,32,0,32,美好-楊梅,2023-04-27,5262
2801,彰銀,30,0,30,美好-楊梅,2023-04-27,5262
2002,中鋼,34,5,29,美好-楊梅,2023-04-27,5262
2610,華航,45,18,27,美好-楊梅,2023-04-27,5262
00679B,元大美債20年,27,0,27,美好-楊梅,2023-04-27,5262
0056,元大高股息,26,0,26,美好-楊梅,2023-04-27,5262
1101,台泥,25,2,23,美好-楊梅,2023-04-27,5262
3265,台星科,22,0,22,美好-楊梅,2023-04-27,5262
2609,陽明,26,5,21,美好-楊梅,2023-04-27,5262
1752,南光,28,8,20,美好-楊梅,2023-04-27,5262
2607,榮運,20,0,20,美好-楊梅,2023-04-27,5262
2707,晶華,22,2,20,美好-楊梅,2023-04-27,5262
1721,三晃,28,8,20,美好-楊梅,2023-04-27,5262
6197,佳必琪,18,0,18,美好-楊梅,2023-04-27,5262
00878,國泰永續高股息,37,20,17,美好-楊梅,2023-04-27,5262
4175,杏一,18,2,16,美好-楊梅,2023-04-27,5262
2516,新建,15,0,15,美好-楊梅,2023-04-27,5262
1714,和桐,15,1,14,美好-楊梅,2023-04-27,5262
3081,聯亞,14,0,14,美好-楊梅,2023-04-27,5262
1310,台苯,17,5,12,美好-楊梅,2023-04-27,5262
1711,永光,36,24,12,美好-楊梅,2023-04-27,5262
8222,寶一,27,15,12,美好-楊梅,2023-04-27,5262
2206,三陽工業,17,5,12,美好-楊梅,2023-04-27,5262
3006,晶豪科,12,1,11,美好-楊梅,2023-04-27,5262
00888,永豐台灣ESG,10,0,10,美好-楊梅,2023-04-27,5262
00892,富邦台灣半導體,10,0,10,美好-楊梅,2023-04-27,5262
00923,群益台ESG低碳50,10,0,10,美好-楊梅,2023-04-27,5262
1471,首利,17,7,10,美好-楊梅,2023-04-27,5262
2380,虹光,10,0,10,美好-楊梅,2023-04-27,5262
2886,兆豐金,10,0,10,美好-楊梅,2023-04-27,5262
3682,亞太電,10,0,10,美好-楊梅,2023-04-27,5262
5880,合庫金,10,0,10,美好-楊梅,2023-04-27,5262
1533,車王電,14,5,9,美好-楊梅,2023-04-27,5262
2603,長榮,16,7,9,美好-楊梅,2023-04-27,5262
00919,群益台灣精選高息,10,2,8,美好-楊梅,2023-04-27,5262
2495,普安,9,1,8,美好-楊梅,2023-04-27,5262
5009,榮剛,17,9,8,美好-楊梅,2023-04-27,5262
6770,力積電,133,125,8,美好-楊梅,2023-04-27,5262
00881,國泰台灣5G+,7,0,7,美好-楊梅,2023-04-27,5262
3071,協禧,6,0,6,美好-楊梅,2023-04-27,5262
8936,國統,6,0,6,美好-楊梅,2023-04-27,5262
6727,亞泰金屬,6,0,6,美好-楊梅,2023-04-27,5262
6547,高端疫苗,6,0,6,美好-楊梅,2023-04-27,5262
00772B,中信高評級公司債,5,0,5,美好-楊梅,2023-04-27,5262
00751B,元大AAA至A公司債,5,0,5,美好-楊梅,2023-04-27,5262
00642U,期元大S＆P石油,5,0,5,美好-楊梅,2023-04-27,5262
00900,富邦特選高股息30,100,0,100,美好-楊梅,2023-04-28,5262
6266,泰詠,98,6,92,美好-楊梅,2023-04-28,5262
2409,友達,80,0,80,美好-楊梅,2023-04-28,5262
2495,普安,49,1,48,美好-楊梅,2023-04-28,5262
00679B,元大美債20年,56,10,46,美好-楊梅,2023-04-28,5262
2208,台船,48,4,44,美好-楊梅,2023-04-28,5262
2880,華南金,42,0,42,美好-楊梅,2023-04-28,5262
6770,力積電,161,125,36,美好-楊梅,2023-04-28,5262
1528,恩德,30,0,30,美好-楊梅,2023-04-28,5262
1809,中釉,30,0,30,美好-楊梅,2023-04-28,5262
1529,樂事綠能,30,2,28,美好-楊梅,2023-04-28,5262
3481,群創,34,11,23,美好-楊梅,2023-04-28,5262
8038,長園科,21,0,21,美好-楊梅,2023-04-28,5262
3710,連展投控,20,0,20,美好-楊梅,2023-04-28,5262
5469,瀚宇博,20,0,20,美好-楊梅,2023-04-28,5262
2614,東森,20,1,19,美好-楊梅,2023-04-28,5262
6220,岳豐,21,2,19,美好-楊梅,2023-04-28,5262
6112,邁達特,18,0,18,美好-楊梅,2023-04-28,5262
2913,農林,43,26,17,美好-楊梅,2023-04-28,5262
2022,聚亨,18,1,17,美好-楊梅,2023-04-28,5262
2337,旺宏,16,0,16,美好-楊梅,2023-04-28,5262
00902,中信電池及儲能,15,0,15,美好-楊梅,2023-04-28,5262
2002,中鋼,14,0,14,美好-楊梅,2023-04-28,5262
00751B,元大AAA至A公司債,12,0,12,美好-楊梅,2023-04-28,5262
6163,華電網,26,14,12,美好-楊梅,2023-04-28,5262
6472,保瑞,11,0,11,美好-楊梅,2023-04-28,5262
1101,台泥,16,5,11,美好-楊梅,2023-04-28,5262
2889,國票金,11,0,11,美好-楊梅,2023-04-28,5262
6160,欣技,12,1,11,美好-楊梅,2023-04-28,5262
00712,復華富時不動產,10,0,10,美好-楊梅,2023-04-28,5262
00903,富邦元宇宙,10,0,10,美好-楊梅,2023-04-28,5262
2312,金寶,10,0,10,美好-楊梅,2023-04-28,5262
2511,太子,10,0,10,美好-楊梅,2023-04-28,5262
2886,兆豐金,21,11,10,美好-楊梅,2023-04-28,5262
2897,王道銀行,10,0,10,美好-楊梅,2023-04-28,5262
3052,夆典,10,0,10,美好-楊梅,2023-04-28,5262
3624,光頡,23,13,10,美好-楊梅,2023-04-28,5262
6443,元晶,11,1,10,美好-楊梅,2023-04-28,5262
8011,台通,10,0,10,美好-楊梅,2023-04-28,5262
4979,華星光,24,15,9,美好-楊梅,2023-04-28,5262
3704,合勤控,10,2,8,美好-楊梅,2023-04-28,5262
1218,泰山,9,2,7,美好-楊梅,2023-04-28,5262
2601,益航,10,3,7,美好-楊梅,2023-04-28,5262
2834,臺企銀,7,0,7,美好-楊梅,2023-04-28,5262
00772B,中信高評級公司債,6,0,6,美好-楊梅,2023-04-28,5262
2607,榮運,6,0,6,美好-楊梅,2023-04-28,5262
3010,華立,6,0,6,美好-楊梅,2023-04-28,5262
4961,天鈺,12,6,6,美好-楊梅,2023-04-28,5262
6806,森崴能源,12,6,6,美好-楊梅,2023-04-28,5262
6116,彩晶,12,6,6,美好-楊梅,2023-04-28,5262
2603,長榮,429,25,404,美好-楊梅,2023-05-02,5262
00900,富邦特選高股息30,103,1,102,美好-楊梅,2023-05-02,5262
2002,中鋼,95,15,80,美好-楊梅,2023-05-02,5262
2014,中鴻,53,0,53,美好-楊梅,2023-05-02,5262
2812,台中銀,51,0,51,美好-楊梅,2023-05-02,5262
00632R,元大台灣50反1,50,0,50,美好-楊梅,2023-05-02,5262
2834,臺企銀,50,3,47,美好-楊梅,2023-05-02,5262
2609,陽明,54,10,44,美好-楊梅,2023-05-02,5262
2409,友達,52,10,42,美好-楊梅,2023-05-02,5262
2208,台船,44,4,40,美好-楊梅,2023-05-02,5262
00772B,中信高評級公司債,35,0,35,美好-楊梅,2023-05-02,5262
8093,保銳,38,3,35,美好-楊梅,2023-05-02,5262
1809,中釉,33,0,33,美好-楊梅,2023-05-02,5262
3576,聯合再生,33,0,33,美好-楊梅,2023-05-02,5262
2344,華邦電,43,12,31,美好-楊梅,2023-05-02,5262
2892,第一金,31,1,30,美好-楊梅,2023-05-02,5262
00665L,富邦�琤肭磪囓�2,28,0,28,美好-楊梅,2023-05-02,5262
4121,優盛,47,19,28,美好-楊梅,2023-05-02,5262
2515,中工,30,3,27,美好-楊梅,2023-05-02,5262
00751B,元大AAA至A公司債,22,0,22,美好-楊梅,2023-05-02,5262
2373,震旦行,20,0,20,美好-楊梅,2023-05-02,5262
3037,欣興,32,12,20,美好-楊梅,2023-05-02,5262
00687B,國泰20年美債,18,0,18,美好-楊梅,2023-05-02,5262
1528,恩德,16,1,15,美好-楊梅,2023-05-02,5262
1714,和桐,15,0,15,美好-楊梅,2023-05-02,5262
00679B,元大美債20年,14,0,14,美好-楊梅,2023-05-02,5262
1529,樂事綠能,14,0,14,美好-楊梅,2023-05-02,5262
8222,寶一,34,21,13,美好-楊梅,2023-05-02,5262
2314,台揚,12,0,12,美好-楊梅,2023-05-02,5262
6111,大宇資,33,21,12,美好-楊梅,2023-05-02,5262
1701,中化,12,1,11,美好-楊梅,2023-05-02,5262
1513,中興電,17,6,11,美好-楊梅,2023-05-02,5262
2886,兆豐金,28,18,10,美好-楊梅,2023-05-02,5262
00888,永豐台灣ESG,10,0,10,美好-楊梅,2023-05-02,5262
2449,京元電子,11,1,10,美好-楊梅,2023-05-02,5262
2516,新建,10,0,10,美好-楊梅,2023-05-02,5262
3032,偉訓,10,0,10,美好-楊梅,2023-05-02,5262
4173,久裕,11,1,10,美好-楊梅,2023-05-02,5262
2881,富邦金,9,0,9,美好-楊梅,2023-05-02,5262
4966,譜瑞-KY,10,1,9,美好-楊梅,2023-05-02,5262
6234,高僑,13,4,9,美好-楊梅,2023-05-02,5262
1471,首利,8,0,8,美好-楊梅,2023-05-02,5262
2634,漢翔,34,26,8,美好-楊梅,2023-05-02,5262
3363,上詮,12,4,8,美好-楊梅,2023-05-02,5262
1217,愛之味,7,0,7,美好-楊梅,2023-05-02,5262
2402,毅嘉,7,0,7,美好-楊梅,2023-05-02,5262
2461,光群雷,20,13,7,美好-楊梅,2023-05-02,5262
2610,華航,18,11,7,美好-楊梅,2023-05-02,5262
020032,元大綠能N,6,0,6,美好-楊梅,2023-05-02,5262
2408,南亞科,6,0,6,美好-楊梅,2023-05-02,5262
2812,台中銀,230,46,184,美好-楊梅,2023-05-03,5262
3518,柏騰,157,0,157,美好-楊梅,2023-05-03,5262
2022,聚亨,130,11,119,美好-楊梅,2023-05-03,5262
00715L,期街口布蘭特正2,118,0,118,美好-楊梅,2023-05-03,5262
00878,國泰永續高股息,86,14,72,美好-楊梅,2023-05-03,5262
2449,京元電子,65,0,65,美好-楊梅,2023-05-03,5262
2610,華航,56,0,56,美好-楊梅,2023-05-03,5262
2603,長榮,67,11,56,美好-楊梅,2023-05-03,5262
00669R,國泰美國道瓊反1,50,0,50,美好-楊梅,2023-05-03,5262
00712,復華富時不動產,48,0,48,美好-楊梅,2023-05-03,5262
00642U,期元大S＆P石油,37,2,35,美好-楊梅,2023-05-03,5262
1514,亞力,40,10,30,美好-楊梅,2023-05-03,5262
2206,三陽工業,50,20,30,美好-楊梅,2023-05-03,5262
3481,群創,33,7,26,美好-楊梅,2023-05-03,5262
5465,富驊,24,0,24,美好-楊梅,2023-05-03,5262
3078,僑威,27,3,24,美好-楊梅,2023-05-03,5262
2352,佳世達,21,0,21,美好-楊梅,2023-05-03,5262
2409,友達,20,0,20,美好-楊梅,2023-05-03,5262
4126,太醫,20,0,20,美好-楊梅,2023-05-03,5262
1519,華城,22,2,20,美好-楊梅,2023-05-03,5262
5009,榮剛,40,23,17,美好-楊梅,2023-05-03,5262
2002,中鋼,21,5,16,美好-楊梅,2023-05-03,5262
8222,寶一,56,40,16,美好-楊梅,2023-05-03,5262
2317,鴻海,24,9,15,美好-楊梅,2023-05-03,5262
6266,泰詠,15,0,15,美好-楊梅,2023-05-03,5262
6538,倉和,27,12,15,美好-楊梅,2023-05-03,5262
8064,東捷,15,0,15,美好-楊梅,2023-05-03,5262
8150,南茂,15,0,15,美好-楊梅,2023-05-03,5262
00637L,元大滬深300正2,14,0,14,美好-楊梅,2023-05-03,5262
2337,旺宏,13,0,13,美好-楊梅,2023-05-03,5262
0056,元大高股息,13,0,13,美好-楊梅,2023-05-03,5262
2609,陽明,27,15,12,美好-楊梅,2023-05-03,5262
1310,台苯,14,2,12,美好-楊梅,2023-05-03,5262
00772B,中信高評級公司債,16,4,12,美好-楊梅,2023-05-03,5262
2312,金寶,12,0,12,美好-楊梅,2023-05-03,5262
3231,緯創,21,9,12,美好-楊梅,2023-05-03,5262
1752,南光,11,0,11,美好-楊梅,2023-05-03,5262
5880,合庫金,11,0,11,美好-楊梅,2023-05-03,5262
00665L,富邦�琤肭磪囓�2,10,0,10,美好-楊梅,2023-05-03,5262
2323,中環,10,0,10,美好-楊梅,2023-05-03,5262
2417,圓剛,11,1,10,美好-楊梅,2023-05-03,5262
2495,普安,14,4,10,美好-楊梅,2023-05-03,5262
2897,王道銀行,10,0,10,美好-楊梅,2023-05-03,5262
6133,金橋,10,0,10,美好-楊梅,2023-05-03,5262
4938,和碩,9,0,9,美好-楊梅,2023-05-03,5262
5353,台林,9,0,9,美好-楊梅,2023-05-03,5262
6443,元晶,15,6,9,美好-楊梅,2023-05-03,5262
00679B,元大美債20年,10,2,8,美好-楊梅,2023-05-03,5262
1609,大亞,12,4,8,美好-楊梅,2023-05-03,5262
2480,敦陽科,8,0,8,美好-楊梅,2023-05-03,5262
00715L,期街口布蘭特正2,99,0,99,美好-楊梅,2023-05-04,5262
00712,復華富時不動產,79,0,79,美好-楊梅,2023-05-04,5262
00632R,元大台灣50反1,51,0,51,美好-楊梅,2023-05-04,5262
2609,陽明,48,9,39,美好-楊梅,2023-05-04,5262
00878,國泰永續高股息,39,6,33,美好-楊梅,2023-05-04,5262
2897,王道銀行,30,0,30,美好-楊梅,2023-05-04,5262
2208,台船,31,4,27,美好-楊梅,2023-05-04,5262
8085,福華,25,0,25,美好-楊梅,2023-05-04,5262
3202,樺晟,25,1,24,美好-楊梅,2023-05-04,5262
00720B,元大投資級公司債,14,2,12,美好-楊梅,2023-05-04,5262
2634,漢翔,28,16,12,美好-楊梅,2023-05-04,5262
2886,兆豐金,20,8,12,美好-楊梅,2023-05-04,5262
8478,東哥遊艇,13,1,12,美好-楊梅,2023-05-04,5262
1904,正隆,25,14,11,美好-楊梅,2023-05-04,5262
4746,台耀,22,11,11,美好-楊梅,2023-05-04,5262
5009,榮剛,32,22,10,美好-楊梅,2023-05-04,5262
1714,和桐,10,0,10,美好-楊梅,2023-05-04,5262
4111,濟生,10,0,10,美好-楊梅,2023-05-04,5262
6133,金橋,10,0,10,美好-楊梅,2023-05-04,5262
6241,易通展,10,0,10,美好-楊梅,2023-05-04,5262
6727,亞泰金屬,10,0,10,美好-楊梅,2023-05-04,5262
8093,保銳,10,0,10,美好-楊梅,2023-05-04,5262
1504,東元,20,10,10,美好-楊梅,2023-05-04,5262
1529,樂事綠能,11,1,10,美好-楊梅,2023-05-04,5262
00679B,元大美債20年,10,1,9,美好-楊梅,2023-05-04,5262
2303,聯電,10,1,9,美好-楊梅,2023-05-04,5262
1734,杏輝,11,3,8,美好-楊梅,2023-05-04,5262
2368,金像電,9,1,8,美好-楊梅,2023-05-04,5262
2884,玉山金,17,9,8,美好-楊梅,2023-05-04,5262
1711,永光,7,0,7,美好-楊梅,2023-05-04,5262
2324,仁寶,7,0,7,美好-楊梅,2023-05-04,5262
2812,台中銀,13,6,7,美好-楊梅,2023-05-04,5262
6266,泰詠,7,0,7,美好-楊梅,2023-05-04,5262
6596,寬宏藝術,7,0,7,美好-楊梅,2023-05-04,5262
8038,長園科,7,0,7,美好-楊梅,2023-05-04,5262
1609,大亞,52,45,7,美好-楊梅,2023-05-04,5262
8046,南電,7,1,6,美好-楊梅,2023-05-04,5262
1503,士電,9,3,6,美好-楊梅,2023-05-04,5262
3005,神基,11,5,6,美好-楊梅,2023-05-04,5262
3006,晶豪科,9,3,6,美好-楊梅,2023-05-04,5262
4142,國光生,6,0,6,美好-楊梅,2023-05-04,5262
4906,正文,6,0,6,美好-楊梅,2023-05-04,5262
6167,久正,8,2,6,美好-楊梅,2023-05-04,5262
6234,高僑,17,11,6,美好-楊梅,2023-05-04,5262
4953,緯軟,10,4,6,美好-楊梅,2023-05-04,5262
1416,廣豐,5,0,5,美好-楊梅,2023-05-04,5262
1312,國喬,5,0,5,美好-楊梅,2023-05-04,5262
00690,兆豐藍籌30,5,0,5,美好-楊梅,2023-05-04,5262
3047,訊舟,5,0,5,美好-楊梅,2023-05-04,5262
3236,千如,7,2,5,美好-楊梅,2023-05-04,5262
6770,力積電,90,20,70,美好-楊梅,2023-05-05,5262
00878,國泰永續高股息,74,14,60,美好-楊梅,2023-05-05,5262
2606,裕民,43,0,43,美好-楊梅,2023-05-05,5262
00715L,期街口布蘭特正2,40,0,40,美好-楊梅,2023-05-05,5262
8043,蜜望實,35,0,35,美好-楊梅,2023-05-05,5262
1609,大亞,59,35,24,美好-楊梅,2023-05-05,5262
00751B,元大AAA至A公司債,21,0,21,美好-楊梅,2023-05-05,5262
2607,榮運,20,0,20,美好-楊梅,2023-05-05,5262
2002,中鋼,17,0,17,美好-楊梅,2023-05-05,5262
6160,欣技,17,1,16,美好-楊梅,2023-05-05,5262
2206,三陽工業,52,37,15,美好-楊梅,2023-05-05,5262
2884,玉山金,14,0,14,美好-楊梅,2023-05-05,5262
3260,威剛,16,2,14,美好-楊梅,2023-05-05,5262
1907,永豐餘,13,0,13,美好-楊梅,2023-05-05,5262
2457,飛宏,25,12,13,美好-楊梅,2023-05-05,5262
3071,協禧,24,11,13,美好-楊梅,2023-05-05,5262
2303,聯電,12,0,12,美好-楊梅,2023-05-05,5262
3481,群創,16,4,12,美好-楊梅,2023-05-05,5262
00712,復華富時不動產,13,2,11,美好-楊梅,2023-05-05,5262
00679B,元大美債20年,12,1,11,美好-楊梅,2023-05-05,5262
1802,台玻,11,0,11,美好-楊梅,2023-05-05,5262
2890,永豐金,11,0,11,美好-楊梅,2023-05-05,5262
5321,美而快,13,2,11,美好-楊梅,2023-05-05,5262
00665L,富邦�琤肭磪囓�2,10,0,10,美好-楊梅,2023-05-05,5262
00637L,元大滬深300正2,20,10,10,美好-楊梅,2023-05-05,5262
2007,燁興,10,0,10,美好-楊梅,2023-05-05,5262
2356,英業達,10,0,10,美好-楊梅,2023-05-05,5262
2634,漢翔,25,15,10,美好-楊梅,2023-05-05,5262
2641,正德,10,0,10,美好-楊梅,2023-05-05,5262
2885,元大金,10,0,10,美好-楊梅,2023-05-05,5262
3058,立德,11,1,10,美好-楊梅,2023-05-05,5262
3092,鴻碩,10,0,10,美好-楊梅,2023-05-05,5262
6218,豪勉,12,2,10,美好-楊梅,2023-05-05,5262
5880,合庫金,10,1,9,美好-楊梅,2023-05-05,5262
1783,和康生,10,1,9,美好-楊梅,2023-05-05,5262
2887,台新金,10,1,9,美好-楊梅,2023-05-05,5262
3236,千如,16,7,9,美好-楊梅,2023-05-05,5262
4566,時碩工業,10,1,9,美好-楊梅,2023-05-05,5262
1528,恩德,9,1,8,美好-楊梅,2023-05-05,5262
3078,僑威,10,2,8,美好-楊梅,2023-05-05,5262
3715,定穎投控,10,2,8,美好-楊梅,2023-05-05,5262
6244,茂迪,23,15,8,美好-楊梅,2023-05-05,5262
6527,明達醫,9,1,8,美好-楊梅,2023-05-05,5262
5009,榮剛,16,8,8,美好-楊梅,2023-05-05,5262
3029,零壹,14,7,7,美好-楊梅,2023-05-05,5262
3056,富華新,7,0,7,美好-楊梅,2023-05-05,5262
4123,晟德,7,0,7,美好-楊梅,2023-05-05,5262
6241,易通展,14,7,7,美好-楊梅,2023-05-05,5262
1529,樂事綠能,13,7,6,美好-楊梅,2023-05-05,5262
1108,幸福,6,0,6,美好-楊梅,2023-05-05,5262
2887,台新金,237,29,208,美好-楊梅,2023-05-08,5262
00878,國泰永續高股息,125,2,123,美好-楊梅,2023-05-08,5262
2883,凱基金,113,9,104,美好-楊梅,2023-05-08,5262
2323,中環,70,0,70,美好-楊梅,2023-05-08,5262
1605,華新,76,21,55,美好-楊梅,2023-05-08,5262
2208,台船,42,1,41,美好-楊梅,2023-05-08,5262
1522,堤維西,25,0,25,美好-楊梅,2023-05-08,5262
6443,元晶,42,17,25,美好-楊梅,2023-05-08,5262
2609,陽明,37,15,22,美好-楊梅,2023-05-08,5262
1218,泰山,34,14,20,美好-楊梅,2023-05-08,5262
1721,三晃,15,0,15,美好-楊梅,2023-05-08,5262
3576,聯合再生,14,0,14,美好-楊梅,2023-05-08,5262
6243,迅杰,15,1,14,美好-楊梅,2023-05-08,5262
3413,京鼎,14,1,13,美好-楊梅,2023-05-08,5262
5211,蒙恬,15,2,13,美好-楊梅,2023-05-08,5262
1319,東陽,13,1,12,美好-楊梅,2023-05-08,5262
3714,富采,12,0,12,美好-楊梅,2023-05-08,5262
2359,所羅門,16,4,12,美好-楊梅,2023-05-08,5262
6125,廣運,12,0,12,美好-楊梅,2023-05-08,5262
6188,廣明,12,0,12,美好-楊梅,2023-05-08,5262
2002,中鋼,11,0,11,美好-楊梅,2023-05-08,5262
2312,金寶,11,0,11,美好-楊梅,2023-05-08,5262
2886,兆豐金,11,0,11,美好-楊梅,2023-05-08,5262
3707,漢磊,11,0,11,美好-楊梅,2023-05-08,5262
00713,元大台灣高息低波,10,0,10,美好-楊梅,2023-05-08,5262
3231,緯創,43,33,10,美好-楊梅,2023-05-08,5262
6472,保瑞,10,0,10,美好-楊梅,2023-05-08,5262
2834,臺企銀,16,6,10,美好-楊梅,2023-05-08,5262
3026,禾伸堂,10,0,10,美好-楊梅,2023-05-08,5262
3038,全台,12,2,10,美好-楊梅,2023-05-08,5262
4173,久裕,12,2,10,美好-楊梅,2023-05-08,5262
5521,工信,10,0,10,美好-楊梅,2023-05-08,5262
2634,漢翔,16,7,9,美好-楊梅,2023-05-08,5262
8033,雷虎,13,4,9,美好-楊梅,2023-05-08,5262
2331,精英,10,1,9,美好-楊梅,2023-05-08,5262
2603,長榮,11,2,9,美好-楊梅,2023-05-08,5262
00795B,中信美國公債20年,8,0,8,美好-楊梅,2023-05-08,5262
00772B,中信高評級公司債,8,0,8,美好-楊梅,2023-05-08,5262
1108,幸福,7,0,7,美好-楊梅,2023-05-08,5262
2461,光群雷,7,0,7,美好-楊梅,2023-05-08,5262
2614,東森,7,0,7,美好-楊梅,2023-05-08,5262
3481,群創,10,3,7,美好-楊梅,2023-05-08,5262
3703,欣陸,7,0,7,美好-楊梅,2023-05-08,5262
4744,皇將,10,3,7,美好-楊梅,2023-05-08,5262
1529,樂事綠能,13,6,7,美好-楊梅,2023-05-08,5262
4541,晟田,10,4,6,美好-楊梅,2023-05-08,5262
1314,中石化,12,6,6,美好-楊梅,2023-05-08,5262
1709,和益,6,0,6,美好-楊梅,2023-05-08,5262
2409,友達,7,1,6,美好-楊梅,2023-05-08,5262
2449,京元電子,6,0,6,美好-楊梅,2023-05-08,5262
6226,光鼎,67,0,67,美好-楊梅,2023-05-09,5262
2405,輔信,65,5,60,美好-楊梅,2023-05-09,5262
00632R,元大台灣50反1,50,0,50,美好-楊梅,2023-05-09,5262
3576,聯合再生,55,10,45,美好-楊梅,2023-05-09,5262
3715,定穎投控,37,4,33,美好-楊梅,2023-05-09,5262
6443,元晶,37,7,30,美好-楊梅,2023-05-09,5262
00902,中信電池及儲能,31,2,29,美好-楊梅,2023-05-09,5262
2303,聯電,35,6,29,美好-楊梅,2023-05-09,5262
3046,建��,36,8,28,美好-楊梅,2023-05-09,5262
1101,台泥,25,0,25,美好-楊梅,2023-05-09,5262
4934,太極,25,0,25,美好-楊梅,2023-05-09,5262
00751B,元大AAA至A公司債,23,0,23,美好-楊梅,2023-05-09,5262
4175,杏一,27,5,22,美好-楊梅,2023-05-09,5262
2206,三陽工業,46,25,21,美好-楊梅,2023-05-09,5262
2409,友達,35,15,20,美好-楊梅,2023-05-09,5262
2929,淘帝-KY,20,0,20,美好-楊梅,2023-05-09,5262
4729,熒茂,20,0,20,美好-楊梅,2023-05-09,5262
6244,茂迪,57,38,19,美好-楊梅,2023-05-09,5262
1514,亞力,42,23,19,美好-楊梅,2023-05-09,5262
3071,協禧,26,7,19,美好-楊梅,2023-05-09,5262
2888,新光金,20,1,19,美好-楊梅,2023-05-09,5262
00772B,中信高評級公司債,18,0,18,美好-楊梅,2023-05-09,5262
5483,中美晶,16,0,16,美好-楊梅,2023-05-09,5262
2457,飛宏,42,26,16,美好-楊梅,2023-05-09,5262
6182,合晶,16,0,16,美好-楊梅,2023-05-09,5262
4919,新唐,21,5,16,美好-楊梅,2023-05-09,5262
1310,台苯,14,0,14,美好-楊梅,2023-05-09,5262
5315,光聯,14,0,14,美好-楊梅,2023-05-09,5262
6112,邁達特,21,8,13,美好-楊梅,2023-05-09,5262
2009,第一銅,12,0,12,美好-楊梅,2023-05-09,5262
2468,華經,12,0,12,美好-楊梅,2023-05-09,5262
5353,台林,12,0,12,美好-楊梅,2023-05-09,5262
2471,資通,16,5,11,美好-楊梅,2023-05-09,5262
3011,今皓,12,1,11,美好-楊梅,2023-05-09,5262
6770,力積電,21,10,11,美好-楊梅,2023-05-09,5262
3481,群創,19,9,10,美好-楊梅,2023-05-09,5262
00878,國泰永續高股息,12,2,10,美好-楊梅,2023-05-09,5262
00674R,期元大S＆P黃金反1,10,0,10,美好-楊梅,2023-05-09,5262
1108,幸福,10,0,10,美好-楊梅,2023-05-09,5262
2511,太子,10,0,10,美好-楊梅,2023-05-09,5262
2887,台新金,14,5,9,美好-楊梅,2023-05-09,5262
3058,立德,10,1,9,美好-楊梅,2023-05-09,5262
3236,千如,9,0,9,美好-楊梅,2023-05-09,5262
3550,聯穎,9,0,9,美好-楊梅,2023-05-09,5262
6180,橘子,9,0,9,美好-楊梅,2023-05-09,5262
5465,富驊,10,1,9,美好-楊梅,2023-05-09,5262
1319,東陽,10,2,8,美好-楊梅,2023-05-09,5262
00712,復華富時不動產,8,0,8,美好-楊梅,2023-05-09,5262
00690,兆豐藍籌30,8,0,8,美好-楊梅,2023-05-09,5262
2609,陽明,10,2,8,美好-楊梅,2023-05-09,5262
00687B,國泰20年美債,70,3,67,美好-楊梅,2023-05-10,5262
00878,國泰永續高股息,69,4,65,美好-楊梅,2023-05-10,5262
00882,中信中國高股息,52,0,52,美好-楊梅,2023-05-10,5262
6770,力積電,52,0,52,美好-楊梅,2023-05-10,5262
3264,欣銓,50,0,50,美好-楊梅,2023-05-10,5262
5425,台半,42,0,42,美好-楊梅,2023-05-10,5262
00637L,元大滬深300正2,31,0,31,美好-楊梅,2023-05-10,5262
5469,瀚宇博,31,1,30,美好-楊梅,2023-05-10,5262
2208,台船,31,2,29,美好-楊梅,2023-05-10,5262
5465,富驊,30,2,28,美好-楊梅,2023-05-10,5262
00665L,富邦�琤肭磪囓�2,27,0,27,美好-楊梅,2023-05-10,5262
6276,安鈦克,29,4,25,美好-楊梅,2023-05-10,5262
6226,光鼎,20,0,20,美好-楊梅,2023-05-10,5262
6160,欣技,24,6,18,美好-楊梅,2023-05-10,5262
00636,國泰中國A50,16,0,16,美好-楊梅,2023-05-10,5262
1605,華新,24,8,16,美好-楊梅,2023-05-10,5262
2457,飛宏,36,20,16,美好-楊梅,2023-05-10,5262
3419,譁裕,17,1,16,美好-楊梅,2023-05-10,5262
8033,雷虎,14,1,13,美好-楊梅,2023-05-10,5262
00690,兆豐藍籌30,12,0,12,美好-楊梅,2023-05-10,5262
3062,建漢,12,0,12,美好-楊梅,2023-05-10,5262
00720B,元大投資級公司債,11,0,11,美好-楊梅,2023-05-10,5262
3013,晟銘電,11,0,11,美好-楊梅,2023-05-10,5262
00753L,中信中國50正2,10,0,10,美好-楊梅,2023-05-10,5262
1909,榮成,10,0,10,美好-楊梅,2023-05-10,5262
3048,益登,10,0,10,美好-楊梅,2023-05-10,5262
5439,高技,14,4,10,美好-楊梅,2023-05-10,5262
6241,易通展,10,0,10,美好-楊梅,2023-05-10,5262
6274,台燿,15,5,10,美好-楊梅,2023-05-10,5262
1210,大成,9,0,9,美好-楊梅,2023-05-10,5262
2883,凱基金,19,10,9,美好-楊梅,2023-05-10,5262
5258,虹堡,22,13,9,美好-楊梅,2023-05-10,5262
4979,華星光,8,0,8,美好-楊梅,2023-05-10,5262
00751B,元大AAA至A公司債,8,0,8,美好-楊梅,2023-05-10,5262
00900,富邦特選高股息30,8,0,8,美好-楊梅,2023-05-10,5262
3058,立德,9,1,8,美好-楊梅,2023-05-10,5262
3209,全科,8,0,8,美好-楊梅,2023-05-10,5262
3576,聯合再生,8,0,8,美好-楊梅,2023-05-10,5262
00632R,元大台灣50反1,10,3,7,美好-楊梅,2023-05-10,5262
2387,精元,7,0,7,美好-楊梅,2023-05-10,5262
2419,仲琦,7,0,7,美好-楊梅,2023-05-10,5262
3071,協禧,7,0,7,美好-楊梅,2023-05-10,5262
3202,樺晟,17,10,7,美好-楊梅,2023-05-10,5262
5388,中磊,7,0,7,美好-楊梅,2023-05-10,5262
6570,維田,8,1,7,美好-楊梅,2023-05-10,5262
2887,台新金,7,1,6,美好-楊梅,2023-05-10,5262
1519,華城,11,5,6,美好-楊梅,2023-05-10,5262
1905,華紙,13,7,6,美好-楊梅,2023-05-10,5262
2303,聯電,6,0,6,美好-楊梅,2023-05-10,5262
6244,茂迪,11,5,6,美好-楊梅,2023-05-10,5262
1101,台泥,181,9,172,美好-楊梅,2023-05-11,5262
1337,再生-KY,134,0,134,美好-楊梅,2023-05-11,5262
1611,中電,81,0,81,美好-楊梅,2023-05-11,5262
00878,國泰永續高股息,79,2,77,美好-楊梅,2023-05-11,5262
2610,華航,72,2,70,美好-楊梅,2023-05-11,5262
2634,漢翔,67,10,57,美好-楊梅,2023-05-11,5262
3339,泰谷,50,0,50,美好-楊梅,2023-05-11,5262
5498,凱崴,50,0,50,美好-楊梅,2023-05-11,5262
1514,亞力,34,3,31,美好-楊梅,2023-05-11,5262
2303,聯電,34,4,30,美好-楊梅,2023-05-11,5262
6285,啟��,31,5,26,美好-楊梅,2023-05-11,5262
4175,杏一,41,15,26,美好-楊梅,2023-05-11,5262
3714,富采,25,0,25,美好-楊梅,2023-05-11,5262
2206,三陽工業,34,10,24,美好-楊梅,2023-05-11,5262
1609,大亞,26,3,23,美好-楊梅,2023-05-11,5262
3527,聚積,21,0,21,美好-楊梅,2023-05-11,5262
8111,立��,20,0,20,美好-楊梅,2023-05-11,5262
2913,農林,23,4,19,美好-楊梅,2023-05-11,5262
8038,長園科,22,4,18,美好-楊梅,2023-05-11,5262
6266,泰詠,18,0,18,美好-楊梅,2023-05-11,5262
3481,群創,17,0,17,美好-楊梅,2023-05-11,5262
3715,定穎投控,28,11,17,美好-楊梅,2023-05-11,5262
4503,金雨,23,6,17,美好-楊梅,2023-05-11,5262
1605,華新,24,8,16,美好-楊梅,2023-05-11,5262
3202,樺晟,22,8,14,美好-楊梅,2023-05-11,5262
2352,佳世達,15,2,13,美好-楊梅,2023-05-11,5262
4551,智伸科,12,0,12,美好-楊梅,2023-05-11,5262
00900,富邦特選高股息30,12,0,12,美好-楊梅,2023-05-11,5262
6547,高端疫苗,16,4,12,美好-楊梅,2023-05-11,5262
8478,東哥遊艇,15,3,12,美好-楊梅,2023-05-11,5262
1786,科妍,11,0,11,美好-楊梅,2023-05-11,5262
2492,華新科,13,2,11,美好-楊梅,2023-05-11,5262
8033,雷虎,11,0,11,美好-楊梅,2023-05-11,5262
00902,中信電池及儲能,10,0,10,美好-楊梅,2023-05-11,5262
00642U,期元大S＆P石油,10,0,10,美好-楊梅,2023-05-11,5262
00671R,富邦NASDAQ反1,10,0,10,美好-楊梅,2023-05-11,5262
1528,恩德,10,0,10,美好-楊梅,2023-05-11,5262
2313,華通,10,0,10,美好-楊梅,2023-05-11,5262
2380,虹光,10,0,10,美好-楊梅,2023-05-11,5262
2426,鼎元,10,0,10,美好-楊梅,2023-05-11,5262
2511,太子,10,0,10,美好-楊梅,2023-05-11,5262
2903,遠百,10,0,10,美好-楊梅,2023-05-11,5262
3011,今皓,10,0,10,美好-楊梅,2023-05-11,5262
4919,新唐,11,1,10,美好-楊梅,2023-05-11,5262
6191,精成科,10,0,10,美好-楊梅,2023-05-11,5262
6261,久元,10,0,10,美好-楊梅,2023-05-11,5262
6270,倍微,10,0,10,美好-楊梅,2023-05-11,5262
6789,采鈺,10,0,10,美好-楊梅,2023-05-11,5262
8011,台通,10,0,10,美好-楊梅,2023-05-11,5262
8933,愛地雅,10,0,10,美好-楊梅,2023-05-11,5262
2317,鴻海,67,4,63,美好-楊梅,2023-05-12,5262
00715L,期街口布蘭特正2,55,0,55,美好-楊梅,2023-05-12,5262
00878,國泰永續高股息,37,0,37,美好-楊梅,2023-05-12,5262
2834,臺企銀,30,1,29,美好-楊梅,2023-05-12,5262
1504,東元,40,17,23,美好-楊梅,2023-05-12,5262
4979,華星光,25,3,22,美好-楊梅,2023-05-12,5262
2409,友達,22,0,22,美好-楊梅,2023-05-12,5262
2618,長榮航,27,7,20,美好-楊梅,2023-05-12,5262
2609,陽明,19,1,18,美好-楊梅,2023-05-12,5262
00902,中信電池及儲能,17,0,17,美好-楊梅,2023-05-12,5262
3520,華盈,15,0,15,美好-楊梅,2023-05-12,5262
3037,欣興,23,9,14,美好-楊梅,2023-05-12,5262
2405,輔信,14,0,14,美好-楊梅,2023-05-12,5262
2882,國泰金,18,4,14,美好-楊梅,2023-05-12,5262
2413,環科,13,0,13,美好-楊梅,2023-05-12,5262
3017,奇鋐,30,18,12,美好-楊梅,2023-05-12,5262
2615,萬海,12,1,11,美好-楊梅,2023-05-12,5262
00891,中信關鍵半導體,11,0,11,美好-楊梅,2023-05-12,5262
1108,幸福,10,0,10,美好-楊梅,2023-05-12,5262
00637L,元大滬深300正2,10,0,10,美好-楊梅,2023-05-12,5262
00636,國泰中國A50,10,0,10,美好-楊梅,2023-05-12,5262
1514,亞力,19,9,10,美好-楊梅,2023-05-12,5262
1907,永豐餘,10,0,10,美好-楊梅,2023-05-12,5262
2607,榮運,10,0,10,美好-楊梅,2023-05-12,5262
2614,東森,10,0,10,美好-楊梅,2023-05-12,5262
6806,森崴能源,12,2,10,美好-楊梅,2023-05-12,5262
1101,台泥,11,2,9,美好-楊梅,2023-05-12,5262
6285,啟��,19,10,9,美好-楊梅,2023-05-12,5262
1314,中石化,9,0,9,美好-楊梅,2023-05-12,5262
00900,富邦特選高股息30,9,0,9,美好-楊梅,2023-05-12,5262
2368,金像電,11,3,8,美好-楊梅,2023-05-12,5262
1605,華新,12,4,8,美好-楊梅,2023-05-12,5262
2421,建準,10,2,8,美好-楊梅,2023-05-12,5262
4188,安克,7,0,7,美好-楊梅,2023-05-12,5262
2886,兆豐金,8,1,7,美好-楊梅,2023-05-12,5262
0056,元大高股息,6,0,6,美好-楊梅,2023-05-12,5262
2542,興富發,8,2,6,美好-楊梅,2023-05-12,5262
3707,漢磊,6,0,6,美好-楊梅,2023-05-12,5262
8222,寶一,7,1,6,美好-楊梅,2023-05-12,5262
2890,永豐金,6,1,5,美好-楊梅,2023-05-12,5262
1337,再生-KY,5,0,5,美好-楊梅,2023-05-12,5262
00674R,期元大S＆P黃金反1,5,0,5,美好-楊梅,2023-05-12,5262
2354,鴻準,5,0,5,美好-楊梅,2023-05-12,5262
2515,中工,5,0,5,美好-楊梅,2023-05-12,5262
2547,日勝生,5,0,5,美好-楊梅,2023-05-12,5262
2867,三商壽,5,0,5,美好-楊梅,2023-05-12,5262
2885,元大金,5,0,5,美好-楊梅,2023-05-12,5262
3014,聯陽,5,0,5,美好-楊梅,2023-05-12,5262
4104,佳醫,5,0,5,美好-楊梅,2023-05-12,5262
4142,國光生,5,0,5,美好-楊梅,2023-05-12,5262
1314,中石化,110,11,99,美好-楊梅,2023-05-15,5262
00878,國泰永續高股息,133,38,95,美好-楊梅,2023-05-15,5262
00715L,期街口布蘭特正2,60,0,60,美好-楊梅,2023-05-15,5262
6122,擎邦,51,8,43,美好-楊梅,2023-05-15,5262
00795B,中信美國公債20年,30,0,30,美好-楊梅,2023-05-15,5262
3339,泰谷,30,0,30,美好-楊梅,2023-05-15,5262
5498,凱崴,30,0,30,美好-楊梅,2023-05-15,5262
3227,原相,27,1,26,美好-楊梅,2023-05-15,5262
2208,台船,26,5,21,美好-楊梅,2023-05-15,5262
1809,中釉,20,0,20,美好-楊梅,2023-05-15,5262
6703,軒郁,25,5,20,美好-楊梅,2023-05-15,5262
6112,邁達特,24,6,18,美好-楊梅,2023-05-15,5262
2317,鴻海,16,0,16,美好-楊梅,2023-05-15,5262
5521,工信,16,0,16,美好-楊梅,2023-05-15,5262
6266,泰詠,16,0,16,美好-楊梅,2023-05-15,5262
5321,美而快,18,3,15,美好-楊梅,2023-05-15,5262
1514,亞力,27,12,15,美好-楊梅,2023-05-15,5262
2405,輔信,16,2,14,美好-楊梅,2023-05-15,5262
2303,聯電,18,5,13,美好-楊梅,2023-05-15,5262
00687B,國泰20年美債,12,0,12,美好-楊梅,2023-05-15,5262
5706,鳳凰,26,14,12,美好-楊梅,2023-05-15,5262
4123,晟德,12,1,11,美好-楊梅,2023-05-15,5262
9919,康那香,11,0,11,美好-楊梅,2023-05-15,5262
2888,新光金,20,10,10,美好-楊梅,2023-05-15,5262
00751B,元大AAA至A公司債,10,0,10,美好-楊梅,2023-05-15,5262
2402,毅嘉,10,0,10,美好-楊梅,2023-05-15,5262
2845,遠東銀,10,0,10,美好-楊梅,2023-05-15,5262
2889,國票金,10,0,10,美好-楊梅,2023-05-15,5262
5439,高技,10,0,10,美好-楊梅,2023-05-15,5262
5475,德宏,10,0,10,美好-楊梅,2023-05-15,5262
6576,逸達,10,0,10,美好-楊梅,2023-05-15,5262
2457,飛宏,19,10,9,美好-楊梅,2023-05-15,5262
2610,華航,10,1,9,美好-楊梅,2023-05-15,5262
4979,華星光,9,0,9,美好-楊梅,2023-05-15,5262
3231,緯創,27,19,8,美好-楊梅,2023-05-15,5262
3034,聯詠,8,1,7,美好-楊梅,2023-05-15,5262
4961,天鈺,9,2,7,美好-楊梅,2023-05-15,5262
00772B,中信高評級公司債,6,0,6,美好-楊梅,2023-05-15,5262
1101,台泥,8,2,6,美好-楊梅,2023-05-15,5262
1762,中化生,6,0,6,美好-楊梅,2023-05-15,5262
1503,士電,11,5,6,美好-楊梅,2023-05-15,5262
2371,大同,66,60,6,美好-楊梅,2023-05-15,5262
2630,亞航,6,0,6,美好-楊梅,2023-05-15,5262
3046,建��,17,11,6,美好-楊梅,2023-05-15,5262
3162,精確,6,0,6,美好-楊梅,2023-05-15,5262
3324,雙鴻,6,0,6,美好-楊梅,2023-05-15,5262
4114,健喬,8,2,6,美好-楊梅,2023-05-15,5262
00720B,元大投資級公司債,5,0,5,美好-楊梅,2023-05-15,5262
1210,大成,5,0,5,美好-楊梅,2023-05-15,5262
00885,富邦越南,5,0,5,美好-楊梅,2023-05-15,5262
00632R,元大台灣50反1,85,0,85,美好-楊梅,2023-05-16,5262
2402,毅嘉,98,28,70,美好-楊梅,2023-05-16,5262
2317,鴻海,57,0,57,美好-楊梅,2023-05-16,5262
00679B,元大美債20年,53,0,53,美好-楊梅,2023-05-16,5262
2880,華南金,50,1,49,美好-楊梅,2023-05-16,5262
2891,中信金,50,3,47,美好-楊梅,2023-05-16,5262
2206,三陽工業,54,28,26,美好-楊梅,2023-05-16,5262
00751B,元大AAA至A公司債,23,0,23,美好-楊梅,2023-05-16,5262
6160,欣技,54,33,21,美好-楊梅,2023-05-16,5262
8011,台通,21,1,20,美好-楊梅,2023-05-16,5262
2409,友達,20,1,19,美好-楊梅,2023-05-16,5262
4157,太景*-KY,20,1,19,美好-楊梅,2023-05-16,5262
6535,順藥,21,2,19,美好-楊梅,2023-05-16,5262
2368,金像電,16,0,16,美好-楊梅,2023-05-16,5262
6288,聯嘉,16,1,15,美好-楊梅,2023-05-16,5262
1721,三晃,15,2,13,美好-楊梅,2023-05-16,5262
1504,東元,12,1,11,美好-楊梅,2023-05-16,5262
2542,興富發,11,0,11,美好-楊梅,2023-05-16,5262
3545,敦泰,15,4,11,美好-楊梅,2023-05-16,5262
00772B,中信高評級公司債,10,0,10,美好-楊梅,2023-05-16,5262
00680L,元大美債20正2,10,0,10,美好-楊梅,2023-05-16,5262
2405,輔信,10,0,10,美好-楊梅,2023-05-16,5262
2511,太子,10,0,10,美好-楊梅,2023-05-16,5262
2637,慧洋-KY,10,0,10,美好-楊梅,2023-05-16,5262
2867,三商壽,10,0,10,美好-楊梅,2023-05-16,5262
3305,昇貿,10,0,10,美好-楊梅,2023-05-16,5262
3419,譁裕,10,0,10,美好-楊梅,2023-05-16,5262
3484,崧騰,10,0,10,美好-楊梅,2023-05-16,5262
3540,曜越,11,1,10,美好-楊梅,2023-05-16,5262
6138,茂達,10,0,10,美好-楊梅,2023-05-16,5262
6576,逸達,10,0,10,美好-楊梅,2023-05-16,5262
1702,南僑,8,1,7,美好-楊梅,2023-05-16,5262
2208,台船,9,2,7,美好-楊梅,2023-05-16,5262
2610,華航,22,15,7,美好-楊梅,2023-05-16,5262
4173,久裕,7,0,7,美好-楊梅,2023-05-16,5262
8038,長園科,7,1,6,美好-楊梅,2023-05-16,5262
1905,華紙,48,42,6,美好-楊梅,2023-05-16,5262
2515,中工,9,3,6,美好-楊梅,2023-05-16,5262
3202,樺晟,8,2,6,美好-楊梅,2023-05-16,5262
3308,聯德,6,0,6,美好-楊梅,2023-05-16,5262
6244,茂迪,6,0,6,美好-楊梅,2023-05-16,5262
00760B,復華新興企業債,5,0,5,美好-楊梅,2023-05-16,5262
2634,漢翔,12,7,5,美好-楊梅,2023-05-16,5262
3710,連展投控,5,0,5,美好-楊梅,2023-05-16,5262
4104,佳醫,5,0,5,美好-楊梅,2023-05-16,5262
4967,十銓,5,0,5,美好-楊梅,2023-05-16,5262
5498,凱崴,20,15,5,美好-楊梅,2023-05-16,5262
5531,鄉林,5,0,5,美好-楊梅,2023-05-16,5262
6269,台郡,5,0,5,美好-楊梅,2023-05-16,5262
6443,元晶,9,4,5,美好-楊梅,2023-05-16,5262
00632R,元大台灣50反1,87,0,87,美好-楊梅,2023-05-17,5262
1612,宏泰,74,18,56,美好-楊梅,2023-05-17,5262
2890,永豐金,45,0,45,美好-楊梅,2023-05-17,5262
3363,上詮,64,26,38,美好-楊梅,2023-05-17,5262
00687B,國泰20年美債,35,0,35,美好-楊梅,2023-05-17,5262
00637L,元大滬深300正2,35,0,35,美好-楊梅,2023-05-17,5262
1337,再生-KY,36,7,29,美好-楊梅,2023-05-17,5262
6288,聯嘉,27,0,27,美好-楊梅,2023-05-17,5262
00751B,元大AAA至A公司債,26,0,26,美好-楊梅,2023-05-17,5262
2603,長榮,24,3,21,美好-楊梅,2023-05-17,5262
2002,中鋼,22,3,19,美好-楊梅,2023-05-17,5262
1513,中興電,21,3,18,美好-楊梅,2023-05-17,5262
2634,漢翔,48,30,18,美好-楊梅,2023-05-17,5262
00878,國泰永續高股息,42,27,15,美好-楊梅,2023-05-17,5262
00636,國泰中國A50,12,0,12,美好-楊梅,2023-05-17,5262
6285,啟��,14,2,12,美好-楊梅,2023-05-17,5262
2349,錸德,11,0,11,美好-楊梅,2023-05-17,5262
2610,華航,46,35,11,美好-楊梅,2023-05-17,5262
2618,長榮航,14,3,11,美好-楊梅,2023-05-17,5262
00715L,期街口布蘭特正2,10,0,10,美好-楊梅,2023-05-17,5262
2314,台揚,10,0,10,美好-楊梅,2023-05-17,5262
2485,兆赫,10,0,10,美好-楊梅,2023-05-17,5262
2614,東森,10,0,10,美好-楊梅,2023-05-17,5262
2731,雄獅,20,10,10,美好-楊梅,2023-05-17,5262
4906,正文,10,0,10,美好-楊梅,2023-05-17,5262
5706,鳳凰,45,35,10,美好-楊梅,2023-05-17,5262
2880,華南金,12,2,10,美好-楊梅,2023-05-17,5262
00712,復華富時不動產,9,0,9,美好-楊梅,2023-05-17,5262
00720B,元大投資級公司債,10,1,9,美好-楊梅,2023-05-17,5262
3207,耀勝,9,0,9,美好-楊梅,2023-05-17,5262
2402,毅嘉,27,18,9,美好-楊梅,2023-05-17,5262
4953,緯軟,10,2,8,美好-楊梅,2023-05-17,5262
2313,華通,7,0,7,美好-楊梅,2023-05-17,5262
3617,碩天,8,1,7,美好-楊梅,2023-05-17,5262
6163,華電網,7,0,7,美好-楊梅,2023-05-17,5262
6218,豪勉,7,0,7,美好-楊梅,2023-05-17,5262
2356,英業達,9,3,6,美好-楊梅,2023-05-17,5262
3356,奇偶,6,0,6,美好-楊梅,2023-05-17,5262
00772B,中信高評級公司債,5,0,5,美好-楊梅,2023-05-17,5262
3022,威強電,9,4,5,美好-楊梅,2023-05-17,5262
00690,兆豐藍籌30,5,0,5,美好-楊梅,2023-05-17,5262
00680L,元大美債20正2,5,0,5,美好-楊梅,2023-05-17,5262
00679B,元大美債20年,6,1,5,美好-楊梅,2023-05-17,5262
00676R,富邦臺灣加權反1,5,0,5,美好-楊梅,2023-05-17,5262
2476,鉅祥,5,0,5,美好-楊梅,2023-05-17,5262
3441,聯一光,5,0,5,美好-楊梅,2023-05-17,5262
5498,凱崴,5,0,5,美好-楊梅,2023-05-17,5262
5536,聖暉*,5,0,5,美好-楊梅,2023-05-17,5262
6517,保勝光學,6,1,5,美好-楊梅,2023-05-17,5262
8222,寶一,17,12,5,美好-楊梅,2023-05-17,5262
6266,泰詠,70,1,69,美好-楊梅,2023-05-18,5262
1905,華紙,50,1,49,美好-楊梅,2023-05-18,5262
6770,力積電,143,96,47,美好-楊梅,2023-05-18,5262
1708,東鹼,25,0,25,美好-楊梅,2023-05-18,5262
00676R,富邦臺灣加權反1,21,0,21,美好-楊梅,2023-05-18,5262
2880,華南金,20,0,20,美好-楊梅,2023-05-18,5262
3202,樺晟,20,0,20,美好-楊梅,2023-05-18,5262
2511,太子,15,1,14,美好-楊梅,2023-05-18,5262
8112,至上,15,1,14,美好-楊梅,2023-05-18,5262
3704,合勤控,23,10,13,美好-楊梅,2023-05-18,5262
00687B,國泰20年美債,12,0,12,美好-楊梅,2023-05-18,5262
5483,中美晶,12,0,12,美好-楊梅,2023-05-18,5262
3419,譁裕,11,0,11,美好-楊梅,2023-05-18,5262
3011,今皓,10,0,10,美好-楊梅,2023-05-18,5262
3520,華盈,10,0,10,美好-楊梅,2023-05-18,5262
4123,晟德,10,0,10,美好-楊梅,2023-05-18,5262
8092,建暐,10,0,10,美好-楊梅,2023-05-18,5262
1617,榮星,14,5,9,美好-楊梅,2023-05-18,5262
1618,合機,9,0,9,美好-楊梅,2023-05-18,5262
2633,台灣高鐵,11,2,9,美好-楊梅,2023-05-18,5262
2913,農林,10,1,9,美好-楊梅,2023-05-18,5262
3017,奇鋐,11,2,9,美好-楊梅,2023-05-18,5262
00713,元大台灣高息低波,10,2,8,美好-楊梅,2023-05-18,5262
2421,建準,11,3,8,美好-楊梅,2023-05-18,5262
2630,亞航,9,1,8,美好-楊梅,2023-05-18,5262
1101,台泥,8,0,8,美好-楊梅,2023-05-18,5262
00882,中信中國高股息,7,0,7,美好-楊梅,2023-05-18,5262
2206,三陽工業,61,54,7,美好-楊梅,2023-05-18,5262
2314,台揚,6,0,6,美好-楊梅,2023-05-18,5262
2409,友達,6,0,6,美好-楊梅,2023-05-18,5262
3362,先進光,6,0,6,美好-楊梅,2023-05-18,5262
3374,精材,7,1,6,美好-楊梅,2023-05-18,5262
3715,定穎投控,8,2,6,美好-楊梅,2023-05-18,5262
00636,國泰中國A50,5,0,5,美好-楊梅,2023-05-18,5262
00680L,元大美債20正2,5,0,5,美好-楊梅,2023-05-18,5262
00679B,元大美債20年,6,1,5,美好-楊梅,2023-05-18,5262
1416,廣豐,5,0,5,美好-楊梅,2023-05-18,5262
3481,群創,11,6,5,美好-楊梅,2023-05-18,5262
3576,聯合再生,5,0,5,美好-楊梅,2023-05-18,5262
3708,上緯投控,5,0,5,美好-楊梅,2023-05-18,5262
3710,連展投控,5,0,5,美好-楊梅,2023-05-18,5262
4746,台耀,6,1,5,美好-楊梅,2023-05-18,5262
4967,十銓,7,2,5,美好-楊梅,2023-05-18,5262
5498,凱崴,5,0,5,美好-楊梅,2023-05-18,5262
6112,邁達特,19,14,5,美好-楊梅,2023-05-18,5262
6127,九豪,7,2,5,美好-楊梅,2023-05-18,5262
6173,信昌電,8,3,5,美好-楊梅,2023-05-18,5262
6285,啟��,6,1,5,美好-楊梅,2023-05-18,5262
9105,泰金寶-DR,5,0,5,美好-楊梅,2023-05-18,5262
4915,致伸,8,3,5,美好-楊梅,2023-05-18,5262
00676R,富邦臺灣加權反1,580,11,569,美好-楊梅,2023-05-19,5262
2349,錸德,115,0,115,美好-楊梅,2023-05-19,5262
2867,三商壽,50,0,50,美好-楊梅,2023-05-19,5262
6127,九豪,46,2,44,美好-楊梅,2023-05-19,5262
00665L,富邦�琤肭磪囓�2,40,0,40,美好-楊梅,2023-05-19,5262
2480,敦陽科,40,0,40,美好-楊梅,2023-05-19,5262
00882,中信中國高股息,37,0,37,美好-楊梅,2023-05-19,5262
6112,邁達特,44,8,36,美好-楊梅,2023-05-19,5262
1608,華榮,31,0,31,美好-楊梅,2023-05-19,5262
5531,鄉林,30,0,30,美好-楊梅,2023-05-19,5262
00902,中信電池及儲能,30,1,29,美好-楊梅,2023-05-19,5262
2887,台新金,35,6,29,美好-楊梅,2023-05-19,5262
00636,國泰中國A50,23,0,23,美好-楊梅,2023-05-19,5262
3715,定穎投控,33,10,23,美好-楊梅,2023-05-19,5262
2371,大同,53,31,22,美好-楊梅,2023-05-19,5262
3011,今皓,22,0,22,美好-楊梅,2023-05-19,5262
1605,華新,40,18,22,美好-楊梅,2023-05-19,5262
8038,長園科,21,0,21,美好-楊梅,2023-05-19,5262
00751B,元大AAA至A公司債,21,0,21,美好-楊梅,2023-05-19,5262
1514,亞力,40,19,21,美好-楊梅,2023-05-19,5262
2457,飛宏,40,19,21,美好-楊梅,2023-05-19,5262
5009,榮剛,55,34,21,美好-楊梅,2023-05-19,5262
1609,大亞,59,39,20,美好-楊梅,2023-05-19,5262
2498,宏達電,22,2,20,美好-楊梅,2023-05-19,5262
3576,聯合再生,20,0,20,美好-楊梅,2023-05-19,5262
6235,華孚,32,12,20,美好-楊梅,2023-05-19,5262
6509,聚和,100,80,20,美好-楊梅,2023-05-19,5262
00679B,元大美債20年,24,6,18,美好-楊梅,2023-05-19,5262
4130,健亞,17,0,17,美好-楊梅,2023-05-19,5262
00712,復華富時不動產,16,0,16,美好-楊梅,2023-05-19,5262
3202,樺晟,16,0,16,美好-楊梅,2023-05-19,5262
2317,鴻海,15,0,15,美好-楊梅,2023-05-19,5262
1513,中興電,21,6,15,美好-楊梅,2023-05-19,5262
3374,精材,15,0,15,美好-楊梅,2023-05-19,5262
2542,興富發,15,0,15,美好-楊梅,2023-05-19,5262
2023,燁輝,13,0,13,美好-楊梅,2023-05-19,5262
2356,英業達,15,2,13,美好-楊梅,2023-05-19,5262
4108,懷特,12,0,12,美好-楊梅,2023-05-19,5262
5211,蒙恬,13,1,12,美好-楊梅,2023-05-19,5262
1905,華紙,13,2,11,美好-楊梅,2023-05-19,5262
4164,承業醫,11,0,11,美好-楊梅,2023-05-19,5262
00637L,元大滬深300正2,30,20,10,美好-楊梅,2023-05-19,5262
1710,東聯,10,0,10,美好-楊梅,2023-05-19,5262
2332,友訊,21,11,10,美好-楊梅,2023-05-19,5262
2736,富野,15,5,10,美好-楊梅,2023-05-19,5262
3362,先進光,12,2,10,美好-楊梅,2023-05-19,5262
6120,達運,10,0,10,美好-楊梅,2023-05-19,5262
6176,瑞儀,10,0,10,美好-楊梅,2023-05-19,5262
6576,逸達,10,0,10,美好-楊梅,2023-05-19,5262
00895,富邦未來車,10,1,9,美好-楊梅,2023-05-19,5262
2349,錸德,113,1,112,美好-楊梅,2023-05-22,5262
00676R,富邦臺灣加權反1,103,0,103,美好-楊梅,2023-05-22,5262
2888,新光金,70,1,69,美好-楊梅,2023-05-22,5262
00715L,期街口布蘭特正2,66,0,66,美好-楊梅,2023-05-22,5262
2303,聯電,50,3,47,美好-楊梅,2023-05-22,5262
3339,泰谷,35,0,35,美好-楊梅,2023-05-22,5262
2031,新光鋼,36,5,31,美好-楊梅,2023-05-22,5262
2356,英業達,23,0,23,美好-楊梅,2023-05-22,5262
3038,全台,24,1,23,美好-楊梅,2023-05-22,5262
1504,東元,48,26,22,美好-楊梅,2023-05-22,5262
4126,太醫,20,0,20,美好-楊梅,2023-05-22,5262
1314,中石化,19,0,19,美好-楊梅,2023-05-22,5262
6282,康舒,25,9,16,美好-楊梅,2023-05-22,5262
00882,中信中國高股息,15,0,15,美好-楊梅,2023-05-22,5262
2542,興富發,14,0,14,美好-楊梅,2023-05-22,5262
3419,譁裕,20,7,13,美好-楊梅,2023-05-22,5262
00679B,元大美債20年,11,0,11,美好-楊梅,2023-05-22,5262
00632R,元大台灣50反1,10,0,10,美好-楊梅,2023-05-22,5262
1608,華榮,14,4,10,美好-楊梅,2023-05-22,5262
2406,國碩,10,0,10,美好-楊梅,2023-05-22,5262
2739,寒舍,23,13,10,美好-楊梅,2023-05-22,5262
5392,能率,10,0,10,美好-楊梅,2023-05-22,5262
5498,凱崴,10,0,10,美好-楊梅,2023-05-22,5262
4979,華星光,11,2,9,美好-楊梅,2023-05-22,5262
6148,驊宏資,9,0,9,美好-楊梅,2023-05-22,5262
1337,再生-KY,13,5,8,美好-楊梅,2023-05-22,5262
1809,中釉,8,0,8,美好-楊梅,2023-05-22,5262
2880,華南金,10,2,8,美好-楊梅,2023-05-22,5262
5328,華容,8,0,8,美好-楊梅,2023-05-22,5262
2881,富邦金,11,4,7,美好-楊梅,2023-05-22,5262
1101,台泥,7,0,7,美好-楊梅,2023-05-22,5262
2491,吉祥全,7,0,7,美好-楊梅,2023-05-22,5262
3037,欣興,17,10,7,美好-楊梅,2023-05-22,5262
3693,營邦,7,0,7,美好-楊梅,2023-05-22,5262
2427,三商電,32,26,6,美好-楊梅,2023-05-22,5262
1727,中華化,7,1,6,美好-楊梅,2023-05-22,5262
2025,千興,6,0,6,美好-楊梅,2023-05-22,5262
2455,全新,6,0,6,美好-楊梅,2023-05-22,5262
3025,星通,26,20,6,美好-楊梅,2023-05-22,5262
3625,西勝,6,0,6,美好-楊梅,2023-05-22,5262
8227,巨有科技,13,7,6,美好-楊梅,2023-05-22,5262
6535,順藥,6,0,6,美好-楊梅,2023-05-22,5262
0056,元大高股息,12,6,6,美好-楊梅,2023-05-22,5262
1310,台苯,5,0,5,美好-楊梅,2023-05-22,5262
00892,富邦台灣半導體,5,0,5,美好-楊梅,2023-05-22,5262
1605,華新,7,2,5,美好-楊梅,2023-05-22,5262
1618,合機,7,2,5,美好-楊梅,2023-05-22,5262
2317,鴻海,7,2,5,美好-楊梅,2023-05-22,5262
2371,大同,40,35,5,美好-楊梅,2023-05-22,5262
2376,技嘉,10,5,5,美好-楊梅,2023-05-22,5262
00687B,國泰20年美債,116,0,116,美好-楊梅,2023-05-23,5262
3339,泰谷,65,0,65,美好-楊梅,2023-05-23,5262
1513,中興電,42,8,34,美好-楊梅,2023-05-23,5262
1528,恩德,41,10,31,美好-楊梅,2023-05-23,5262
2303,聯電,35,5,30,美好-楊梅,2023-05-23,5262
3481,群創,45,15,30,美好-楊梅,2023-05-23,5262
1905,華紙,56,30,26,美好-楊梅,2023-05-23,5262
4541,晟田,99,73,26,美好-楊梅,2023-05-23,5262
2354,鴻準,24,0,24,美好-楊梅,2023-05-23,5262
00882,中信中國高股息,20,0,20,美好-楊梅,2023-05-23,5262
2610,華航,95,75,20,美好-楊梅,2023-05-23,5262
1218,泰山,21,2,19,美好-楊梅,2023-05-23,5262
2618,長榮航,93,75,18,美好-楊梅,2023-05-23,5262
2634,漢翔,61,43,18,美好-楊梅,2023-05-23,5262
3078,僑威,38,20,18,美好-楊梅,2023-05-23,5262
1609,大亞,19,2,17,美好-楊梅,2023-05-23,5262
1605,華新,18,2,16,美好-楊梅,2023-05-23,5262
6535,順藥,16,2,14,美好-楊梅,2023-05-23,5262
1108,幸福,13,0,13,美好-楊梅,2023-05-23,5262
3011,今皓,13,0,13,美好-楊梅,2023-05-23,5262
5392,能率,13,0,13,美好-楊梅,2023-05-23,5262
00640L,富邦日本正2,12,0,12,美好-楊梅,2023-05-23,5262
8358,金居,12,0,12,美好-楊梅,2023-05-23,5262
00636,國泰中國A50,11,0,11,美好-楊梅,2023-05-23,5262
2409,友達,13,2,11,美好-楊梅,2023-05-23,5262
3232,昱捷,14,3,11,美好-楊梅,2023-05-23,5262
8213,志超,11,0,11,美好-楊梅,2023-05-23,5262
1783,和康生,10,0,10,美好-楊梅,2023-05-23,5262
2892,第一金,10,0,10,美好-楊梅,2023-05-23,5262
3682,亞太電,10,0,10,美好-楊梅,2023-05-23,5262
5880,合庫金,10,0,10,美好-楊梅,2023-05-23,5262
6282,康舒,12,2,10,美好-楊梅,2023-05-23,5262
8121,越峰,12,2,10,美好-楊梅,2023-05-23,5262
8933,愛地雅,10,0,10,美好-楊梅,2023-05-23,5262
1514,亞力,35,26,9,美好-楊梅,2023-05-23,5262
3419,譁裕,20,11,9,美好-楊梅,2023-05-23,5262
8150,南茂,10,1,9,美好-楊梅,2023-05-23,5262
00878,國泰永續高股息,16,7,9,美好-楊梅,2023-05-23,5262
2305,全友,10,2,8,美好-楊梅,2023-05-23,5262
2332,友訊,10,2,8,美好-楊梅,2023-05-23,5262
2399,映泰,13,5,8,美好-楊梅,2023-05-23,5262
2645,長榮航太,13,5,8,美好-楊梅,2023-05-23,5262
3038,全台,8,0,8,美好-楊梅,2023-05-23,5262
6112,邁達特,62,54,8,美好-楊梅,2023-05-23,5262
2201,裕隆,12,5,7,美好-楊梅,2023-05-23,5262
1337,再生-KY,19,12,7,美好-楊梅,2023-05-23,5262
00751B,元大AAA至A公司債,7,0,7,美好-楊梅,2023-05-23,5262
2745,五福,8,1,7,美好-楊梅,2023-05-23,5262
5211,蒙恬,7,0,7,美好-楊梅,2023-05-23,5262
5531,鄉林,12,5,7,美好-楊梅,2023-05-23,5262
00687B,國泰20年美債,148,0,148,美好-楊梅,2023-05-24,5262
1337,再生-KY,147,0,147,美好-楊梅,2023-05-24,5262
00665L,富邦�琤肭磪囓�2,140,0,140,美好-楊梅,2023-05-24,5262
2888,新光金,111,10,101,美好-楊梅,2023-05-24,5262
1905,華紙,60,6,54,美好-楊梅,2023-05-24,5262
00637L,元大滬深300正2,71,30,41,美好-楊梅,2023-05-24,5262
3221,台嘉碩,40,0,40,美好-楊梅,2023-05-24,5262
6770,力積電,40,0,40,美好-楊梅,2023-05-24,5262
2890,永豐金,30,1,29,美好-楊梅,2023-05-24,5262
5905,南仁湖,35,11,24,美好-楊梅,2023-05-24,5262
00882,中信中國高股息,22,0,22,美好-楊梅,2023-05-24,5262
2031,新光鋼,20,0,20,美好-楊梅,2023-05-24,5262
8924,大田,18,0,18,美好-楊梅,2023-05-24,5262
2317,鴻海,19,1,18,美好-楊梅,2023-05-24,5262
2634,漢翔,29,12,17,美好-楊梅,2023-05-24,5262
00878,國泰永續高股息,28,13,15,美好-楊梅,2023-05-24,5262
2913,農林,14,1,13,美好-楊梅,2023-05-24,5262
3011,今皓,13,0,13,美好-楊梅,2023-05-24,5262
00640L,富邦日本正2,12,0,12,美好-楊梅,2023-05-24,5262
1609,大亞,38,26,12,美好-楊梅,2023-05-24,5262
2892,第一金,12,0,12,美好-楊梅,2023-05-24,5262
4550,長佳,12,0,12,美好-楊梅,2023-05-24,5262
5258,虹堡,15,3,12,美好-楊梅,2023-05-24,5262
00636,國泰中國A50,11,0,11,美好-楊梅,2023-05-24,5262
6148,驊宏資,11,0,11,美好-楊梅,2023-05-24,5262
1310,台苯,10,0,10,美好-楊梅,2023-05-24,5262
1734,杏輝,10,0,10,美好-楊梅,2023-05-24,5262
2337,旺宏,10,0,10,美好-楊梅,2023-05-24,5262
2380,虹光,10,0,10,美好-楊梅,2023-05-24,5262
2515,中工,10,0,10,美好-楊梅,2023-05-24,5262
3308,聯德,10,0,10,美好-楊梅,2023-05-24,5262
5531,鄉林,25,15,10,美好-楊梅,2023-05-24,5262
6122,擎邦,11,1,10,美好-楊梅,2023-05-24,5262
8996,高力,21,11,10,美好-楊梅,2023-05-24,5262
9907,統一實,10,0,10,美好-楊梅,2023-05-24,5262
2302,麗正,9,0,9,美好-楊梅,2023-05-24,5262
2630,亞航,16,7,9,美好-楊梅,2023-05-24,5262
3701,大眾控,11,2,9,美好-楊梅,2023-05-24,5262
4744,皇將,30,21,9,美好-楊梅,2023-05-24,5262
2313,華通,9,1,8,美好-楊梅,2023-05-24,5262
2486,一詮,10,2,8,美好-楊梅,2023-05-24,5262
2887,台新金,10,2,8,美好-楊梅,2023-05-24,5262
8121,越峰,10,2,8,美好-楊梅,2023-05-24,5262
2371,大同,16,9,7,美好-楊梅,2023-05-24,5262
2706,第一店,13,6,7,美好-楊梅,2023-05-24,5262
3363,上詮,39,32,7,美好-楊梅,2023-05-24,5262
6123,上奇,7,0,7,美好-楊梅,2023-05-24,5262
6202,盛群,7,0,7,美好-楊梅,2023-05-24,5262
2882,國泰金,6,0,6,美好-楊梅,2023-05-24,5262
2606,裕民,11,5,6,美好-楊梅,2023-05-24,5262
3339,泰谷,70,0,70,美好-楊梅,2023-05-25,5262
2890,永豐金,59,0,59,美好-楊梅,2023-05-25,5262
00687B,國泰20年美債,55,0,55,美好-楊梅,2023-05-25,5262
00882,中信中國高股息,50,0,50,美好-楊梅,2023-05-25,5262
00676R,富邦臺灣加權反1,50,0,50,美好-楊梅,2023-05-25,5262
00665L,富邦�琤肭磪囓�2,100,50,50,美好-楊梅,2023-05-25,5262
00637L,元大滬深300正2,50,5,45,美好-楊梅,2023-05-25,5262
1612,宏泰,35,0,35,美好-楊梅,2023-05-25,5262
00712,復華富時不動產,30,0,30,美好-楊梅,2023-05-25,5262
00751B,元大AAA至A公司債,26,0,26,美好-楊梅,2023-05-25,5262
2607,榮運,26,0,26,美好-楊梅,2023-05-25,5262
1101,台泥,25,0,25,美好-楊梅,2023-05-25,5262
00772B,中信高評級公司債,25,0,25,美好-楊梅,2023-05-25,5262
1608,華榮,35,10,25,美好-楊梅,2023-05-25,5262
00632R,元大台灣50反1,21,0,21,美好-楊梅,2023-05-25,5262
2867,三商壽,21,0,21,美好-楊梅,2023-05-25,5262
00878,國泰永續高股息,64,43,21,美好-楊梅,2023-05-25,5262
1618,合機,20,0,20,美好-楊梅,2023-05-25,5262
2344,華邦電,22,2,20,美好-楊梅,2023-05-25,5262
3710,連展投控,20,0,20,美好-楊梅,2023-05-25,5262
1310,台苯,22,5,17,美好-楊梅,2023-05-25,5262
1905,華紙,56,40,16,美好-楊梅,2023-05-25,5262
1504,東元,70,56,14,美好-楊梅,2023-05-25,5262
1513,中興電,41,27,14,美好-楊梅,2023-05-25,5262
2206,三陽工業,14,0,14,美好-楊梅,2023-05-25,5262
2883,凱基金,13,0,13,美好-楊梅,2023-05-25,5262
00679B,元大美債20年,13,0,13,美好-楊梅,2023-05-25,5262
2352,佳世達,13,0,13,美好-楊梅,2023-05-25,5262
2402,毅嘉,17,4,13,美好-楊梅,2023-05-25,5262
2630,亞航,18,5,13,美好-楊梅,2023-05-25,5262
2337,旺宏,12,0,12,美好-楊梅,2023-05-25,5262
4550,長佳,12,0,12,美好-楊梅,2023-05-25,5262
8222,寶一,42,30,12,美好-楊梅,2023-05-25,5262
6415,矽力*-KY,12,0,12,美好-楊梅,2023-05-25,5262
2332,友訊,15,3,12,美好-楊梅,2023-05-25,5262
00636,國泰中國A50,11,0,11,美好-楊梅,2023-05-25,5262
3234,光環,11,0,11,美好-楊梅,2023-05-25,5262
8927,北基,11,0,11,美好-楊梅,2023-05-25,5262
3707,漢磊,10,0,10,美好-楊梅,2023-05-25,5262
2880,華南金,10,0,10,美好-楊梅,2023-05-25,5262
1108,幸福,10,0,10,美好-楊梅,2023-05-25,5262
1609,大亞,13,3,10,美好-楊梅,2023-05-25,5262
2637,慧洋-KY,10,0,10,美好-楊梅,2023-05-25,5262
4129,聯合,10,0,10,美好-楊梅,2023-05-25,5262
2314,台揚,9,0,9,美好-楊梅,2023-05-25,5262
2317,鴻海,10,2,8,美好-楊梅,2023-05-25,5262
2885,元大金,8,0,8,美好-楊梅,2023-05-25,5262
3032,偉訓,8,0,8,美好-楊梅,2023-05-25,5262
3363,上詮,15,7,8,美好-楊梅,2023-05-25,5262
3419,譁裕,10,2,8,美好-楊梅,2023-05-25,5262
6026,福邦證,175,0,175,美好-楊梅,2023-05-26,5262
00632R,元大台灣50反1,130,0,130,美好-楊梅,2023-05-26,5262
6120,達運,102,0,102,美好-楊梅,2023-05-26,5262
00712,復華富時不動產,52,0,52,美好-楊梅,2023-05-26,5262
2890,永豐金,54,2,52,美好-楊梅,2023-05-26,5262
1905,華紙,55,8,47,美好-楊梅,2023-05-26,5262
00882,中信中國高股息,48,1,47,美好-楊梅,2023-05-26,5262
1314,中石化,43,0,43,美好-楊梅,2023-05-26,5262
3715,定穎投控,41,0,41,美好-楊梅,2023-05-26,5262
2883,凱基金,46,5,41,美好-楊梅,2023-05-26,5262
8038,長園科,32,2,30,美好-楊梅,2023-05-26,5262
2886,兆豐金,33,4,29,美好-楊梅,2023-05-26,5262
3231,緯創,95,67,28,美好-楊梅,2023-05-26,5262
2382,廣達,30,2,28,美好-楊梅,2023-05-26,5262
1609,大亞,69,42,27,美好-楊梅,2023-05-26,5262
5301,寶得利,25,0,25,美好-楊梅,2023-05-26,5262
2337,旺宏,52,28,24,美好-楊梅,2023-05-26,5262
2812,台中銀,23,0,23,美好-楊梅,2023-05-26,5262
2634,漢翔,34,12,22,美好-楊梅,2023-05-26,5262
8358,金居,29,8,21,美好-楊梅,2023-05-26,5262
2457,飛宏,23,3,20,美好-楊梅,2023-05-26,5262
1102,亞泥,20,0,20,美好-楊梅,2023-05-26,5262
00720B,元大投資級公司債,20,0,20,美好-楊梅,2023-05-26,5262
2007,燁興,20,0,20,美好-楊梅,2023-05-26,5262
3303,岱稜,20,0,20,美好-楊梅,2023-05-26,5262
5498,凱崴,20,0,20,美好-楊梅,2023-05-26,5262
2323,中環,47,28,19,美好-楊梅,2023-05-26,5262
3481,群創,31,12,19,美好-楊梅,2023-05-26,5262
5608,四維航,19,0,19,美好-楊梅,2023-05-26,5262
2609,陽明,22,4,18,美好-楊梅,2023-05-26,5262
8926,台汽電,16,0,16,美好-楊梅,2023-05-26,5262
00751B,元大AAA至A公司債,15,0,15,美好-楊梅,2023-05-26,5262
1605,華新,16,1,15,美好-楊梅,2023-05-26,5262
6488,環球晶,17,3,14,美好-楊梅,2023-05-26,5262
2606,裕民,14,0,14,美好-楊梅,2023-05-26,5262
6288,聯嘉,14,0,14,美好-楊梅,2023-05-26,5262
2453,凌群,18,5,13,美好-楊梅,2023-05-26,5262
6190,萬泰科,19,6,13,美好-楊梅,2023-05-26,5262
6443,元晶,16,3,13,美好-楊梅,2023-05-26,5262
6220,岳豐,12,0,12,美好-楊梅,2023-05-26,5262
8093,保銳,12,0,12,美好-楊梅,2023-05-26,5262
8927,北基,12,0,12,美好-楊梅,2023-05-26,5262
1701,中化,11,0,11,美好-楊梅,2023-05-26,5262
3011,今皓,11,0,11,美好-楊梅,2023-05-26,5262
1503,士電,22,11,11,美好-楊梅,2023-05-26,5262
2880,華南金,11,0,11,美好-楊梅,2023-05-26,5262
00715L,期街口布蘭特正2,10,0,10,美好-楊梅,2023-05-26,5262
00665L,富邦�琤肭磪囓�2,10,0,10,美好-楊梅,2023-05-26,5262
2314,台揚,10,0,10,美好-楊梅,2023-05-26,5262
2607,榮運,10,0,10,美好-楊梅,2023-05-26,5262
2610,華航,253,57,196,美好-楊梅,2023-05-29,5262
6016,康和證,240,45,195,美好-楊梅,2023-05-29,5262
1608,華榮,111,3,108,美好-楊梅,2023-05-29,5262
00882,中信中國高股息,74,0,74,美好-楊梅,2023-05-29,5262
00687B,國泰20年美債,64,0,64,美好-楊梅,2023-05-29,5262
3339,泰谷,60,0,60,美好-楊梅,2023-05-29,5262
2897,王道銀行,51,0,51,美好-楊梅,2023-05-29,5262
5905,南仁湖,51,0,51,美好-楊梅,2023-05-29,5262
00633L,富邦上証正2,30,0,30,美好-楊梅,2023-05-29,5262
2353,宏��,30,0,30,美好-楊梅,2023-05-29,5262
2722,夏都,41,12,29,美好-楊梅,2023-05-29,5262
3231,緯創,66,38,28,美好-楊梅,2023-05-29,5262
00632R,元大台灣50反1,127,106,21,美好-楊梅,2023-05-29,5262
6129,普誠,22,1,21,美好-楊梅,2023-05-29,5262
00665L,富邦�琤肭磪囓�2,20,0,20,美好-楊梅,2023-05-29,5262
00642U,期元大S＆P石油,19,0,19,美好-楊梅,2023-05-29,5262
2645,長榮航太,19,0,19,美好-楊梅,2023-05-29,5262
5531,鄉林,20,1,19,美好-楊梅,2023-05-29,5262
3037,欣興,28,10,18,美好-楊梅,2023-05-29,5262
3265,台星科,25,8,17,美好-楊梅,2023-05-29,5262
2027,大成鋼,15,2,13,美好-楊梅,2023-05-29,5262
00878,國泰永續高股息,39,26,13,美好-楊梅,2023-05-29,5262
00725B,國泰投資級公司債,12,0,12,美好-楊梅,2023-05-29,5262
2206,三陽工業,22,10,12,美好-楊梅,2023-05-29,5262
3682,亞太電,12,0,12,美好-楊梅,2023-05-29,5262
2736,富野,15,3,12,美好-楊梅,2023-05-29,5262
00712,復華富時不動產,11,0,11,美好-楊梅,2023-05-29,5262
1101,台泥,16,5,11,美好-楊梅,2023-05-29,5262
1513,中興電,16,5,11,美好-楊梅,2023-05-29,5262
2371,大同,55,44,11,美好-楊梅,2023-05-29,5262
2809,京城銀,11,0,11,美好-楊梅,2023-05-29,5262
3027,盛達,13,2,11,美好-楊梅,2023-05-29,5262
8940,新天地,11,0,11,美好-楊梅,2023-05-29,5262
00679B,元大美債20年,10,0,10,美好-楊梅,2023-05-29,5262
00720B,元大投資級公司債,10,0,10,美好-楊梅,2023-05-29,5262
2511,太子,10,0,10,美好-楊梅,2023-05-29,5262
2548,華固,10,0,10,美好-楊梅,2023-05-29,5262
2614,東森,10,0,10,美好-楊梅,2023-05-29,5262
3038,全台,11,1,10,美好-楊梅,2023-05-29,5262
5443,均豪,10,0,10,美好-楊梅,2023-05-29,5262
6163,華電網,10,0,10,美好-楊梅,2023-05-29,5262
8085,福華,10,0,10,美好-楊梅,2023-05-29,5262
8111,立��,10,0,10,美好-楊梅,2023-05-29,5262
9907,統一實,10,0,10,美好-楊梅,2023-05-29,5262
6282,康舒,35,26,9,美好-楊梅,2023-05-29,5262
1519,華城,17,8,9,美好-楊梅,2023-05-29,5262
2495,普安,12,3,9,美好-楊梅,2023-05-29,5262
6202,盛群,9,0,9,美好-楊梅,2023-05-29,5262
00636,國泰中國A50,8,0,8,美好-楊梅,2023-05-29,5262
3680,家登,13,5,8,美好-楊梅,2023-05-29,5262
3038,全台,39,2,37,美好-楊梅,2023-05-30,5262
2356,英業達,86,52,34,美好-楊梅,2023-05-30,5262
2002,中鋼,30,0,30,美好-楊梅,2023-05-30,5262
00633L,富邦上証正2,30,0,30,美好-楊梅,2023-05-30,5262
2634,漢翔,41,12,29,美好-楊梅,2023-05-30,5262
3338,泰碩,29,1,28,美好-楊梅,2023-05-30,5262
2603,長榮,31,4,27,美好-楊梅,2023-05-30,5262
8054,安國,27,1,26,美好-楊梅,2023-05-30,5262
2498,宏達電,42,17,25,美好-楊梅,2023-05-30,5262
6548,長科*,22,0,22,美好-楊梅,2023-05-30,5262
3231,緯創,196,176,20,美好-楊梅,2023-05-30,5262
3037,欣興,27,8,19,美好-楊梅,2023-05-30,5262
3481,群創,21,2,19,美好-楊梅,2023-05-30,5262
1314,中石化,20,2,18,美好-楊梅,2023-05-30,5262
00882,中信中國高股息,16,0,16,美好-楊梅,2023-05-30,5262
2401,凌陽,21,6,15,美好-楊梅,2023-05-30,5262
2425,承啟,41,26,15,美好-楊梅,2023-05-30,5262
5328,華容,16,1,15,美好-楊梅,2023-05-30,5262
3025,星通,18,4,14,美好-楊梅,2023-05-30,5262
4919,新唐,19,5,14,美好-楊梅,2023-05-30,5262
4108,懷特,13,0,13,美好-楊梅,2023-05-30,5262
2388,威盛,16,3,13,美好-楊梅,2023-05-30,5262
00636,國泰中國A50,12,0,12,美好-楊梅,2023-05-30,5262
00720B,元大投資級公司債,12,0,12,美好-楊梅,2023-05-30,5262
3163,波若威,24,12,12,美好-楊梅,2023-05-30,5262
2314,台揚,12,1,11,美好-楊梅,2023-05-30,5262
8059,凱碩,19,8,11,美好-楊梅,2023-05-30,5262
2834,臺企銀,11,0,11,美好-楊梅,2023-05-30,5262
3576,聯合再生,11,1,10,美好-楊梅,2023-05-30,5262
1108,幸福,10,0,10,美好-楊梅,2023-05-30,5262
00665L,富邦�琤肭磪囓�2,10,0,10,美好-楊梅,2023-05-30,5262
00687B,國泰20年美債,10,0,10,美好-楊梅,2023-05-30,5262
2489,瑞軒,10,0,10,美好-楊梅,2023-05-30,5262
3149,正達,10,0,10,美好-楊梅,2023-05-30,5262
3701,大眾控,11,1,10,美好-楊梅,2023-05-30,5262
5512,力麒,10,0,10,美好-楊梅,2023-05-30,5262
6112,邁達特,11,1,10,美好-楊梅,2023-05-30,5262
6446,藥華藥,10,0,10,美好-楊梅,2023-05-30,5262
00751B,元大AAA至A公司債,9,0,9,美好-楊梅,2023-05-30,5262
1525,江申,13,4,9,美好-楊梅,2023-05-30,5262
2883,凱基金,9,0,9,美好-楊梅,2023-05-30,5262
6531,愛普*,9,0,9,美好-楊梅,2023-05-30,5262
00878,國泰永續高股息,18,10,8,美好-楊梅,2023-05-30,5262
1905,華紙,13,5,8,美好-楊梅,2023-05-30,5262
2208,台船,12,4,8,美好-楊梅,2023-05-30,5262
3094,聯傑,9,1,8,美好-楊梅,2023-05-30,5262
00713,元大台灣高息低波,10,3,7,美好-楊梅,2023-05-30,5262
00772B,中信高評級公司債,7,0,7,美好-楊梅,2023-05-30,5262
1605,華新,13,6,7,美好-楊梅,2023-05-30,5262
2329,華泰,8,1,7,美好-楊梅,2023-05-30,5262
00882,中信中國高股息,37,8,29,美好-楊梅,2023-05-31,5262
2382,廣達,31,2,29,美好-楊梅,2023-05-31,5262
3704,合勤控,39,10,29,美好-楊梅,2023-05-31,5262
2457,飛宏,35,10,25,美好-楊梅,2023-05-31,5262
2356,英業達,50,25,25,美好-楊梅,2023-05-31,5262
3682,亞太電,20,0,20,美好-楊梅,2023-05-31,5262
3706,神達,25,6,19,美好-楊梅,2023-05-31,5262
2317,鴻海,21,2,19,美好-楊梅,2023-05-31,5262
3231,緯創,40,22,18,美好-楊梅,2023-05-31,5262
2337,旺宏,18,0,18,美好-楊梅,2023-05-31,5262
00715L,期街口布蘭特正2,17,0,17,美好-楊梅,2023-05-31,5262
2888,新光金,19,5,14,美好-楊梅,2023-05-31,5262
1101,台泥,13,0,13,美好-楊梅,2023-05-31,5262
6104,創惟,19,6,13,美好-楊梅,2023-05-31,5262
2399,映泰,12,0,12,美好-楊梅,2023-05-31,5262
2606,裕民,11,0,11,美好-楊梅,2023-05-31,5262
4967,十銓,21,10,11,美好-楊梅,2023-05-31,5262
00688L,國泰20年美債正2,10,0,10,美好-楊梅,2023-05-31,5262
00893,國泰智能電動車,10,0,10,美好-楊梅,2023-05-31,5262
2607,榮運,10,0,10,美好-楊梅,2023-05-31,5262
2886,兆豐金,10,0,10,美好-楊梅,2023-05-31,5262
5498,凱崴,11,1,10,美好-楊梅,2023-05-31,5262
6505,台塑化,10,0,10,美好-楊梅,2023-05-31,5262
3221,台嘉碩,10,1,9,美好-楊梅,2023-05-31,5262
6179,亞通,10,1,9,美好-楊梅,2023-05-31,5262
3037,欣興,23,15,8,美好-楊梅,2023-05-31,5262
2002,中鋼,8,0,8,美好-楊梅,2023-05-31,5262
2883,凱基金,10,2,8,美好-楊梅,2023-05-31,5262
3059,華晶科,10,2,8,美好-楊梅,2023-05-31,5262
2801,彰銀,10,2,8,美好-楊梅,2023-05-31,5262
2630,亞航,15,7,8,美好-楊梅,2023-05-31,5262
2349,錸德,7,0,7,美好-楊梅,2023-05-31,5262
5301,寶得利,7,0,7,美好-楊梅,2023-05-31,5262
1609,大亞,17,10,7,美好-楊梅,2023-05-31,5262
1460,宏遠,6,0,6,美好-楊梅,2023-05-31,5262
00902,中信電池及儲能,6,0,6,美好-楊梅,2023-05-31,5262
00636,國泰中國A50,6,0,6,美好-楊梅,2023-05-31,5262
2359,所羅門,6,0,6,美好-楊梅,2023-05-31,5262
2373,震旦行,6,0,6,美好-楊梅,2023-05-31,5262
2482,連宇,6,0,6,美好-楊梅,2023-05-31,5262
2887,台新金,11,5,6,美好-楊梅,2023-05-31,5262
3714,富采,6,0,6,美好-楊梅,2023-05-31,5262
6114,久威,7,1,6,美好-楊梅,2023-05-31,5262
6691,洋基工程,6,0,6,美好-楊梅,2023-05-31,5262
8085,福華,6,0,6,美好-楊梅,2023-05-31,5262
2352,佳世達,13,7,6,美好-楊梅,2023-05-31,5262
3006,晶豪科,15,9,6,美好-楊梅,2023-05-31,5262
2421,建準,9,4,5,美好-楊梅,2023-05-31,5262
6161,捷波,5,0,5,美好-楊梅,2023-05-31,5262
6754,匯僑設計,5,0,5,美好-楊梅,2023-05-31,5262
00882,中信中國高股息,123,0,123,美好-楊梅,2023-06-01,5262
00632R,元大台灣50反1,100,0,100,美好-楊梅,2023-06-01,5262
1611,中電,95,0,95,美好-楊梅,2023-06-01,5262
00751B,元大AAA至A公司債,60,0,60,美好-楊梅,2023-06-01,5262
2913,農林,65,5,60,美好-楊梅,2023-06-01,5262
2537,聯上發,50,0,50,美好-楊梅,2023-06-01,5262
1605,華新,66,18,48,美好-楊梅,2023-06-01,5262
3706,神達,63,22,41,美好-楊梅,2023-06-01,5262
8088,品安,49,9,40,美好-楊梅,2023-06-01,5262
2312,金寶,40,1,39,美好-楊梅,2023-06-01,5262
5328,華容,35,0,35,美好-楊梅,2023-06-01,5262
2888,新光金,34,1,33,美好-楊梅,2023-06-01,5262
2736,富野,32,1,31,美好-楊梅,2023-06-01,5262
00738U,期元大道瓊白銀,30,0,30,美好-楊梅,2023-06-01,5262
00885,富邦越南,51,23,28,美好-楊梅,2023-06-01,5262
2303,聯電,30,2,28,美好-楊梅,2023-06-01,5262
2892,第一金,27,0,27,美好-楊梅,2023-06-01,5262
00715L,期街口布蘭特正2,27,0,27,美好-楊梅,2023-06-01,5262
5425,台半,46,19,27,美好-楊梅,2023-06-01,5262
2323,中環,32,11,21,美好-楊梅,2023-06-01,5262
00635U,期元大S＆P黃金,20,0,20,美好-楊梅,2023-06-01,5262
1809,中釉,20,0,20,美好-楊梅,2023-06-01,5262
6770,力積電,30,10,20,美好-楊梅,2023-06-01,5262
2489,瑞軒,34,15,19,美好-楊梅,2023-06-01,5262
3704,合勤控,16,0,16,美好-楊梅,2023-06-01,5262
2607,榮運,15,0,15,美好-楊梅,2023-06-01,5262
3013,晟銘電,32,18,14,美好-楊梅,2023-06-01,5262
3062,建漢,21,7,14,美好-楊梅,2023-06-01,5262
2317,鴻海,27,14,13,美好-楊梅,2023-06-01,5262
1525,江申,14,2,12,美好-楊梅,2023-06-01,5262
2609,陽明,21,10,11,美好-楊梅,2023-06-01,5262
3481,群創,11,0,11,美好-楊梅,2023-06-01,5262
6188,廣明,26,16,10,美好-楊梅,2023-06-01,5262
1316,上曜,10,0,10,美好-楊梅,2023-06-01,5262
1701,中化,10,0,10,美好-楊梅,2023-06-01,5262
2365,昆盈,10,0,10,美好-楊梅,2023-06-01,5262
2511,太子,10,0,10,美好-楊梅,2023-06-01,5262
3306,鼎天,14,4,10,美好-楊梅,2023-06-01,5262
1101,台泥,11,1,10,美好-楊梅,2023-06-01,5262
00878,國泰永續高股息,9,0,9,美好-楊梅,2023-06-01,5262
3266,昇陽,10,1,9,美好-楊梅,2023-06-01,5262
4564,元翎,13,4,9,美好-楊梅,2023-06-01,5262
2201,裕隆,16,8,8,美好-楊梅,2023-06-01,5262
2886,兆豐金,10,2,8,美好-楊梅,2023-06-01,5262
5706,鳳凰,19,11,8,美好-楊梅,2023-06-01,5262
2206,三陽工業,10,3,7,美好-楊梅,2023-06-01,5262
00712,復華富時不動產,7,0,7,美好-楊梅,2023-06-01,5262
3711,日月光投控,7,0,7,美好-楊梅,2023-06-01,5262
5301,寶得利,12,5,7,美好-楊梅,2023-06-01,5262
6229,研通,10,3,7,美好-楊梅,2023-06-01,5262
00882,中信中國高股息,127,44,83,美好-楊梅,2023-06-02,5262
1611,中電,80,1,79,美好-楊梅,2023-06-02,5262
3306,鼎天,58,8,50,美好-楊梅,2023-06-02,5262
8171,天宇,50,0,50,美好-楊梅,2023-06-02,5262
00712,復華富時不動產,58,10,48,美好-楊梅,2023-06-02,5262
2489,瑞軒,80,45,35,美好-楊梅,2023-06-02,5262
5328,華容,30,0,30,美好-楊梅,2023-06-02,5262
8277,商丞,30,1,29,美好-楊梅,2023-06-02,5262
2890,永豐金,30,1,29,美好-楊梅,2023-06-02,5262
00919,群益台灣精選高息,28,0,28,美好-楊梅,2023-06-02,5262
00632R,元大台灣50反1,27,0,27,美好-楊梅,2023-06-02,5262
5465,富驊,28,4,24,美好-楊梅,2023-06-02,5262
1504,東元,55,33,22,美好-楊梅,2023-06-02,5262
3305,昇貿,33,14,19,美好-楊梅,2023-06-02,5262
2314,台揚,17,0,17,美好-楊梅,2023-06-02,5262
3163,波若威,20,3,17,美好-楊梅,2023-06-02,5262
4974,亞泰,17,0,17,美好-楊梅,2023-06-02,5262
1734,杏輝,20,3,17,美好-楊梅,2023-06-02,5262
1905,華紙,80,65,15,美好-楊梅,2023-06-02,5262
00679B,元大美債20年,14,0,14,美好-楊梅,2023-06-02,5262
3260,威剛,19,5,14,美好-楊梅,2023-06-02,5262
2607,榮運,12,0,12,美好-楊梅,2023-06-02,5262
2889,國票金,12,0,12,美好-楊梅,2023-06-02,5262
2515,中工,12,1,11,美好-楊梅,2023-06-02,5262
2375,凱美,11,1,10,美好-楊梅,2023-06-02,5262
00674R,期元大S＆P黃金反1,10,0,10,美好-楊梅,2023-06-02,5262
1218,泰山,12,2,10,美好-楊梅,2023-06-02,5262
2338,光罩,10,0,10,美好-楊梅,2023-06-02,5262
3011,今皓,10,0,10,美好-楊梅,2023-06-02,5262
3322,建舜電,10,0,10,美好-楊梅,2023-06-02,5262
6021,美好證,10,0,10,美好-楊梅,2023-06-02,5262
6120,達運,20,10,10,美好-楊梅,2023-06-02,5262
1312,國喬,10,1,9,美好-楊梅,2023-06-02,5262
2201,裕隆,13,4,9,美好-楊梅,2023-06-02,5262
2208,台船,10,1,9,美好-楊梅,2023-06-02,5262
3062,建漢,11,2,9,美好-楊梅,2023-06-02,5262
3527,聚積,10,1,9,美好-楊梅,2023-06-02,5262
3591,艾笛森,10,1,9,美好-楊梅,2023-06-02,5262
2027,大成鋼,10,2,8,美好-楊梅,2023-06-02,5262
1733,五鼎,15,7,8,美好-楊梅,2023-06-02,5262
3024,憶聲,9,1,8,美好-楊梅,2023-06-02,5262
4543,萬在,18,10,8,美好-楊梅,2023-06-02,5262
6609,瀧澤科,8,0,8,美好-楊梅,2023-06-02,5262
2323,中環,43,35,8,美好-楊梅,2023-06-02,5262
2603,長榮,14,7,7,美好-楊梅,2023-06-02,5262
2614,東森,7,0,7,美好-楊梅,2023-06-02,5262
00637L,元大滬深300正2,7,0,7,美好-楊梅,2023-06-02,5262
2801,彰銀,7,0,7,美好-楊梅,2023-06-02,5262
8201,無敵,9,2,7,美好-楊梅,2023-06-02,5262
00725B,國泰投資級公司債,6,0,6,美好-楊梅,2023-06-02,5262
00885,富邦越南,177,15,162,美好-楊梅,2023-06-05,5262
1314,中石化,130,25,105,美好-楊梅,2023-06-05,5262
2618,長榮航,112,33,79,美好-楊梅,2023-06-05,5262
00919,群益台灣精選高息,71,0,71,美好-楊梅,2023-06-05,5262
2489,瑞軒,85,27,58,美好-楊梅,2023-06-05,5262
0056,元大高股息,64,12,52,美好-楊梅,2023-06-05,5262
00632R,元大台灣50反1,50,0,50,美好-楊梅,2023-06-05,5262
8171,天宇,50,0,50,美好-楊梅,2023-06-05,5262
3227,原相,33,0,33,美好-楊梅,2023-06-05,5262
00712,復華富時不動產,31,0,31,美好-楊梅,2023-06-05,5262
00633L,富邦上証正2,30,0,30,美好-楊梅,2023-06-05,5262
4906,正文,43,14,29,美好-楊梅,2023-06-05,5262
00882,中信中國高股息,35,7,28,美好-楊梅,2023-06-05,5262
2382,廣達,26,0,26,美好-楊梅,2023-06-05,5262
2603,長榮,27,2,25,美好-楊梅,2023-06-05,5262
6234,高僑,29,4,25,美好-楊梅,2023-06-05,5262
2353,宏��,28,4,24,美好-楊梅,2023-06-05,5262
1513,中興電,28,5,23,美好-楊梅,2023-06-05,5262
2610,華航,55,32,23,美好-楊梅,2023-06-05,5262
6127,九豪,21,0,21,美好-楊梅,2023-06-05,5262
2323,中環,51,31,20,美好-楊梅,2023-06-05,5262
1312,國喬,20,0,20,美好-楊梅,2023-06-05,5262
00679B,元大美債20年,18,0,18,美好-楊梅,2023-06-05,5262
1514,亞力,54,37,17,美好-楊梅,2023-06-05,5262
2344,華邦電,160,143,17,美好-楊梅,2023-06-05,5262
3058,立德,19,2,17,美好-楊梅,2023-06-05,5262
2388,威盛,36,20,16,美好-楊梅,2023-06-05,5262
2449,京元電子,16,0,16,美好-楊梅,2023-06-05,5262
2601,益航,16,0,16,美好-楊梅,2023-06-05,5262
3630,新鉅科,29,14,15,美好-楊梅,2023-06-05,5262
2915,潤泰全,15,1,14,美好-楊梅,2023-06-05,5262
1608,華榮,21,8,13,美好-楊梅,2023-06-05,5262
1905,華紙,21,9,12,美好-楊梅,2023-06-05,5262
2337,旺宏,12,0,12,美好-楊梅,2023-06-05,5262
2633,台灣高鐵,12,0,12,美好-楊梅,2023-06-05,5262
5706,鳳凰,14,3,11,美好-楊梅,2023-06-05,5262
2427,三商電,11,0,11,美好-楊梅,2023-06-05,5262
2609,陽明,16,5,11,美好-楊梅,2023-06-05,5262
2206,三陽工業,15,4,11,美好-楊梅,2023-06-05,5262
2204,中華,17,7,10,美好-楊梅,2023-06-05,5262
00636,國泰中國A50,10,0,10,美好-楊梅,2023-06-05,5262
00671R,富邦NASDAQ反1,10,0,10,美好-楊梅,2023-06-05,5262
00680L,元大美債20正2,10,0,10,美好-楊梅,2023-06-05,5262
00923,群益台ESG低碳50,10,0,10,美好-楊梅,2023-06-05,5262
1733,五鼎,11,1,10,美好-楊梅,2023-06-05,5262
2511,太子,10,0,10,美好-楊梅,2023-06-05,5262
3322,建舜電,10,0,10,美好-楊梅,2023-06-05,5262
5243,乙盛-KY,11,1,10,美好-楊梅,2023-06-05,5262
5301,寶得利,13,3,10,美好-楊梅,2023-06-05,5262
9945,潤泰新,22,12,10,美好-楊梅,2023-06-05,5262
1460,宏遠,203,7,196,美好-楊梅,2023-06-06,5262
2888,新光金,118,25,93,美好-楊梅,2023-06-06,5262
0056,元大高股息,70,5,65,美好-楊梅,2023-06-06,5262
00927,群益半導體收益,62,0,62,美好-楊梅,2023-06-06,5262
2014,中鴻,51,3,48,美好-楊梅,2023-06-06,5262
3217,優群,54,6,48,美好-楊梅,2023-06-06,5262
3576,聯合再生,40,0,40,美好-楊梅,2023-06-06,5262
3363,上詮,40,1,39,美好-楊梅,2023-06-06,5262
4977,眾達-KY,60,22,38,美好-楊梅,2023-06-06,5262
00919,群益台灣精選高息,34,0,34,美好-楊梅,2023-06-06,5262
2402,毅嘉,50,18,32,美好-楊梅,2023-06-06,5262
00712,復華富時不動產,31,0,31,美好-楊梅,2023-06-06,5262
2547,日勝生,30,0,30,美好-楊梅,2023-06-06,5262
8105,凌巨,32,5,27,美好-楊梅,2023-06-06,5262
00679B,元大美債20年,29,5,24,美好-楊梅,2023-06-06,5262
8088,品安,23,0,23,美好-楊梅,2023-06-06,5262
2323,中環,42,19,23,美好-楊梅,2023-06-06,5262
6116,彩晶,32,11,21,美好-楊梅,2023-06-06,5262
8038,長園科,21,0,21,美好-楊梅,2023-06-06,5262
1312,國喬,20,0,20,美好-楊梅,2023-06-06,5262
2314,台揚,20,0,20,美好-楊梅,2023-06-06,5262
6127,九豪,19,0,19,美好-楊梅,2023-06-06,5262
1907,永豐餘,18,0,18,美好-楊梅,2023-06-06,5262
2457,飛宏,22,5,17,美好-楊梅,2023-06-06,5262
1584,精剛,20,3,17,美好-楊梅,2023-06-06,5262
2498,宏達電,21,4,17,美好-楊梅,2023-06-06,5262
1711,永光,16,0,16,美好-楊梅,2023-06-06,5262
4533,協易機,26,11,15,美好-楊梅,2023-06-06,5262
8403,盛弘,17,2,15,美好-楊梅,2023-06-06,5262
6125,廣運,29,15,14,美好-楊梅,2023-06-06,5262
5880,合庫金,14,0,14,美好-楊梅,2023-06-06,5262
4726,永昕,14,0,14,美好-楊梅,2023-06-06,5262
1218,泰山,13,0,13,美好-楊梅,2023-06-06,5262
2427,三商電,15,2,13,美好-楊梅,2023-06-06,5262
1701,中化,12,0,12,美好-楊梅,2023-06-06,5262
1905,華紙,50,38,12,美好-楊梅,2023-06-06,5262
3227,原相,12,0,12,美好-楊梅,2023-06-06,5262
5530,龍巖,11,0,11,美好-楊梅,2023-06-06,5262
1301,台塑,10,0,10,美好-楊梅,2023-06-06,5262
00632R,元大台灣50反1,10,0,10,美好-楊梅,2023-06-06,5262
1337,再生-KY,10,0,10,美好-楊梅,2023-06-06,5262
2606,裕民,10,0,10,美好-楊梅,2023-06-06,5262
2889,國票金,10,0,10,美好-楊梅,2023-06-06,5262
3527,聚積,10,0,10,美好-楊梅,2023-06-06,5262
8054,安國,10,0,10,美好-楊梅,2023-06-06,5262
8222,寶一,14,4,10,美好-楊梅,2023-06-06,5262
8926,台汽電,10,0,10,美好-楊梅,2023-06-06,5262
1319,東陽,12,3,9,美好-楊梅,2023-06-06,5262
2748,雲品,15,6,9,美好-楊梅,2023-06-06,5262
3025,星通,10,1,9,美好-楊梅,2023-06-06,5262
4960,誠美材,182,0,182,美好-楊梅,2023-06-07,5262
2323,中環,209,35,174,美好-楊梅,2023-06-07,5262
2610,華航,167,12,155,美好-楊梅,2023-06-07,5262
9962,有益,100,0,100,美好-楊梅,2023-06-07,5262
1611,中電,61,1,60,美好-楊梅,2023-06-07,5262
00919,群益台灣精選高息,38,0,38,美好-楊梅,2023-06-07,5262
6198,瑞築,38,0,38,美好-楊梅,2023-06-07,5262
00632R,元大台灣50反1,35,0,35,美好-楊梅,2023-06-07,5262
2002,中鋼,41,7,34,美好-楊梅,2023-06-07,5262
2515,中工,35,3,32,美好-楊梅,2023-06-07,5262
2867,三商壽,32,1,31,美好-楊梅,2023-06-07,5262
2834,臺企銀,30,0,30,美好-楊梅,2023-06-07,5262
1605,華新,33,7,26,美好-楊梅,2023-06-07,5262
00641R,富邦日本反1,20,0,20,美好-楊梅,2023-06-07,5262
4533,協易機,20,0,20,美好-楊梅,2023-06-07,5262
3059,華晶科,20,1,19,美好-楊梅,2023-06-07,5262
00762,元大全球AI,18,0,18,美好-楊梅,2023-06-07,5262
8358,金居,25,8,17,美好-楊梅,2023-06-07,5262
1504,東元,31,16,15,美好-楊梅,2023-06-07,5262
1905,華紙,32,17,15,美好-楊梅,2023-06-07,5262
2492,華新科,15,0,15,美好-楊梅,2023-06-07,5262
6125,廣運,27,13,14,美好-楊梅,2023-06-07,5262
3062,建漢,14,0,14,美好-楊梅,2023-06-07,5262
8277,商丞,16,2,14,美好-楊梅,2023-06-07,5262
6244,茂迪,21,8,13,美好-楊梅,2023-06-07,5262
2352,佳世達,15,2,13,美好-楊梅,2023-06-07,5262
2618,長榮航,27,15,12,美好-楊梅,2023-06-07,5262
2457,飛宏,18,6,12,美好-楊梅,2023-06-07,5262
3221,台嘉碩,12,0,12,美好-楊梅,2023-06-07,5262
3078,僑威,28,16,12,美好-楊梅,2023-06-07,5262
6469,大樹,11,0,11,美好-楊梅,2023-06-07,5262
8046,南電,17,6,11,美好-楊梅,2023-06-07,5262
00882,中信中國高股息,11,0,11,美好-楊梅,2023-06-07,5262
1710,東聯,15,4,11,美好-楊梅,2023-06-07,5262
2206,三陽工業,109,98,11,美好-楊梅,2023-06-07,5262
2645,長榮航太,24,13,11,美好-楊梅,2023-06-07,5262
1701,中化,10,0,10,美好-楊梅,2023-06-07,5262
2402,毅嘉,11,1,10,美好-楊梅,2023-06-07,5262
2547,日勝生,10,0,10,美好-楊梅,2023-06-07,5262
3025,星通,16,6,10,美好-楊梅,2023-06-07,5262
3576,聯合再生,10,0,10,美好-楊梅,2023-06-07,5262
3710,連展投控,10,0,10,美好-楊梅,2023-06-07,5262
5905,南仁湖,10,0,10,美好-楊梅,2023-06-07,5262
6120,達運,10,0,10,美好-楊梅,2023-06-07,5262
2731,雄獅,32,22,10,美好-楊梅,2023-06-07,5262
6188,廣明,12,2,10,美好-楊梅,2023-06-07,5262
2337,旺宏,14,5,9,美好-楊梅,2023-06-07,5262
6235,華孚,13,4,9,美好-楊梅,2023-06-07,5262
0056,元大高股息,11,2,9,美好-楊梅,2023-06-07,5262
3037,欣興,15,7,8,美好-楊梅,2023-06-07,5262
6016,康和證,145,0,145,美好-楊梅,2023-06-08,5262
00919,群益台灣精選高息,125,9,116,美好-楊梅,2023-06-08,5262
3025,星通,84,2,82,美好-楊梅,2023-06-08,5262
1612,宏泰,128,65,63,美好-楊梅,2023-06-08,5262
2323,中環,99,48,51,美好-楊梅,2023-06-08,5262
1609,大亞,192,146,46,美好-楊梅,2023-06-08,5262
1605,華新,55,13,42,美好-楊梅,2023-06-08,5262
00679B,元大美債20年,46,5,41,美好-楊梅,2023-06-08,5262
00637L,元大滬深300正2,41,0,41,美好-楊梅,2023-06-08,5262
6126,信音,34,0,34,美好-楊梅,2023-06-08,5262
1524,耿鼎,49,16,33,美好-楊梅,2023-06-08,5262
2206,三陽工業,38,14,24,美好-楊梅,2023-06-08,5262
1708,東鹼,22,0,22,美好-楊梅,2023-06-08,5262
2427,三商電,22,0,22,美好-楊梅,2023-06-08,5262
2889,國票金,22,0,22,美好-楊梅,2023-06-08,5262
4960,誠美材,203,181,22,美好-楊梅,2023-06-08,5262
2027,大成鋼,24,4,20,美好-楊梅,2023-06-08,5262
3027,盛達,31,11,20,美好-楊梅,2023-06-08,5262
6120,達運,20,0,20,美好-楊梅,2023-06-08,5262
5211,蒙恬,19,0,19,美好-楊梅,2023-06-08,5262
00712,復華富時不動產,18,0,18,美好-楊梅,2023-06-08,5262
2498,宏達電,23,5,18,美好-楊梅,2023-06-08,5262
4746,台耀,70,52,18,美好-楊梅,2023-06-08,5262
8932,智通*,17,0,17,美好-楊梅,2023-06-08,5262
00680L,元大美債20正2,16,0,16,美好-楊梅,2023-06-08,5262
2633,台灣高鐵,14,0,14,美好-楊梅,2023-06-08,5262
00751B,元大AAA至A公司債,13,0,13,美好-楊梅,2023-06-08,5262
1701,中化,14,1,13,美好-楊梅,2023-06-08,5262
2489,瑞軒,26,13,13,美好-楊梅,2023-06-08,5262
3062,建漢,15,2,13,美好-楊梅,2023-06-08,5262
3306,鼎天,14,1,13,美好-楊梅,2023-06-08,5262
3704,合勤控,25,12,13,美好-楊梅,2023-06-08,5262
3231,緯創,18,6,12,美好-楊梅,2023-06-08,5262
1608,華榮,12,0,12,美好-楊梅,2023-06-08,5262
3078,僑威,17,5,12,美好-楊梅,2023-06-08,5262
5512,力麒,17,5,12,美好-楊梅,2023-06-08,5262
3338,泰碩,11,0,11,美好-楊梅,2023-06-08,5262
6187,萬潤,37,26,11,美好-楊梅,2023-06-08,5262
9907,統一實,11,0,11,美好-楊梅,2023-06-08,5262
00927,群益半導體收益,10,0,10,美好-楊梅,2023-06-08,5262
2492,華新科,13,3,10,美好-楊梅,2023-06-08,5262
2515,中工,10,0,10,美好-楊梅,2023-06-08,5262
2641,正德,10,0,10,美好-楊梅,2023-06-08,5262
3094,聯傑,10,0,10,美好-楊梅,2023-06-08,5262
3527,聚積,10,0,10,美好-楊梅,2023-06-08,5262
6277,宏正,10,0,10,美好-楊梅,2023-06-08,5262
6770,力積電,43,33,10,美好-楊梅,2023-06-08,5262
3037,欣興,23,13,10,美好-楊梅,2023-06-08,5262
00772B,中信高評級公司債,9,0,9,美好-楊梅,2023-06-08,5262
6125,廣運,34,25,9,美好-楊梅,2023-06-08,5262
2323,中環,85,18,67,美好-楊梅,2023-06-09,5262
1504,東元,130,63,67,美好-楊梅,2023-06-09,5262
8171,天宇,51,0,51,美好-楊梅,2023-06-09,5262
0056,元大高股息,70,22,48,美好-楊梅,2023-06-09,5262
00878,國泰永續高股息,90,45,45,美好-楊梅,2023-06-09,5262
00713,元大台灣高息低波,40,0,40,美好-楊梅,2023-06-09,5262
2888,新光金,36,5,31,美好-楊梅,2023-06-09,5262
2731,雄獅,50,23,27,美好-楊梅,2023-06-09,5262
2736,富野,29,4,25,美好-楊梅,2023-06-09,5262
00929,復華台灣科技優息,39,16,23,美好-楊梅,2023-06-09,5262
00641R,富邦日本反1,20,0,20,美好-楊梅,2023-06-09,5262
1312,國喬,20,0,20,美好-楊梅,2023-06-09,5262
2913,農林,20,1,19,美好-楊梅,2023-06-09,5262
00772B,中信高評級公司債,22,4,18,美好-楊梅,2023-06-09,5262
6570,維田,18,2,16,美好-楊梅,2023-06-09,5262
00919,群益台灣精選高息,26,11,15,美好-楊梅,2023-06-09,5262
00632R,元大台灣50反1,15,0,15,美好-楊梅,2023-06-09,5262
2105,正新,15,0,15,美好-楊梅,2023-06-09,5262
2337,旺宏,15,0,15,美好-楊梅,2023-06-09,5262
2630,亞航,24,9,15,美好-楊梅,2023-06-09,5262
2399,映泰,41,27,14,美好-楊梅,2023-06-09,5262
3038,全台,14,0,14,美好-楊梅,2023-06-09,5262
3481,群創,12,0,12,美好-楊梅,2023-06-09,5262
2606,裕民,11,0,11,美好-楊梅,2023-06-09,5262
3207,耀勝,11,0,11,美好-楊梅,2023-06-09,5262
1218,泰山,10,0,10,美好-楊梅,2023-06-09,5262
020022,元大電動車N,10,0,10,美好-楊梅,2023-06-09,5262
1515,力山,10,0,10,美好-楊梅,2023-06-09,5262
1904,正隆,10,0,10,美好-楊梅,2023-06-09,5262
2107,厚生,10,0,10,美好-楊梅,2023-06-09,5262
2419,仲琦,10,0,10,美好-楊梅,2023-06-09,5262
3287,廣寰科,10,0,10,美好-楊梅,2023-06-09,5262
3673,TPK-KY,12,2,10,美好-楊梅,2023-06-09,5262
6244,茂迪,11,1,10,美好-楊梅,2023-06-09,5262
2645,長榮航太,9,0,9,美好-楊梅,2023-06-09,5262
1533,車王電,11,2,9,美好-楊梅,2023-06-09,5262
6198,瑞築,11,2,9,美好-楊梅,2023-06-09,5262
2482,連宇,33,25,8,美好-楊梅,2023-06-09,5262
2492,華新科,9,1,8,美好-楊梅,2023-06-09,5262
6005,群益證,10,2,8,美好-楊梅,2023-06-09,5262
6187,萬潤,10,2,8,美好-楊梅,2023-06-09,5262
2705,六福,12,4,8,美好-楊梅,2023-06-09,5262
9907,統一實,7,0,7,美好-楊梅,2023-06-09,5262
2634,漢翔,8,2,6,美好-楊梅,2023-06-09,5262
1519,華城,9,3,6,美好-楊梅,2023-06-09,5262
1605,華新,14,8,6,美好-楊梅,2023-06-09,5262
2356,英業達,32,26,6,美好-楊梅,2023-06-09,5262
2743,山富,19,13,6,美好-楊梅,2023-06-09,5262
3189,景碩,6,0,6,美好-楊梅,2023-06-09,5262
5328,華容,6,0,6,美好-楊梅,2023-06-09,5262
2888,新光金,316,42,274,美好-楊梅,2023-06-12,5262
5905,南仁湖,201,0,201,美好-楊梅,2023-06-12,5262
00929,復華台灣科技優息,137,3,134,美好-楊梅,2023-06-12,5262
5324,士開,125,0,125,美好-楊梅,2023-06-12,5262
3024,憶聲,102,5,97,美好-楊梅,2023-06-12,5262
00715L,期街口布蘭特正2,95,0,95,美好-楊梅,2023-06-12,5262
3576,聯合再生,51,0,51,美好-楊梅,2023-06-12,5262
00919,群益台灣精選高息,45,0,45,美好-楊梅,2023-06-12,5262
8038,長園科,43,2,41,美好-楊梅,2023-06-12,5262
3231,緯創,273,237,36,美好-楊梅,2023-06-12,5262
2312,金寶,46,12,34,美好-楊梅,2023-06-12,5262
00712,復華富時不動產,35,4,31,美好-楊梅,2023-06-12,5262
1605,華新,34,3,31,美好-楊梅,2023-06-12,5262
00687B,國泰20年美債,30,0,30,美好-楊梅,2023-06-12,5262
2706,第一店,30,0,30,美好-楊梅,2023-06-12,5262
3033,威健,28,0,28,美好-楊梅,2023-06-12,5262
2356,英業達,33,9,24,美好-楊梅,2023-06-12,5262
8016,矽創,25,1,24,美好-楊梅,2023-06-12,5262
2736,富野,22,0,22,美好-楊梅,2023-06-12,5262
2634,漢翔,29,7,22,美好-楊梅,2023-06-12,5262
4977,眾達-KY,23,1,22,美好-楊梅,2023-06-12,5262
2890,永豐金,20,0,20,美好-楊梅,2023-06-12,5262
1312,國喬,20,0,20,美好-楊梅,2023-06-12,5262
3025,星通,18,1,17,美好-楊梅,2023-06-12,5262
00713,元大台灣高息低波,17,0,17,美好-楊梅,2023-06-12,5262
6288,聯嘉,32,17,15,美好-楊梅,2023-06-12,5262
1612,宏泰,23,8,15,美好-楊梅,2023-06-12,5262
1609,大亞,42,27,15,美好-楊梅,2023-06-12,5262
2367,燿華,13,0,13,美好-楊梅,2023-06-12,5262
2705,六福,13,0,13,美好-楊梅,2023-06-12,5262
8222,寶一,22,9,13,美好-楊梅,2023-06-12,5262
2618,長榮航,54,42,12,美好-楊梅,2023-06-12,5262
5425,台半,25,13,12,美好-楊梅,2023-06-12,5262
8210,勤誠,13,1,12,美好-楊梅,2023-06-12,5262
5465,富驊,21,10,11,美好-楊梅,2023-06-12,5262
00927,群益半導體收益,11,0,11,美好-楊梅,2023-06-12,5262
1524,耿鼎,11,0,11,美好-楊梅,2023-06-12,5262
1101,台泥,10,0,10,美好-楊梅,2023-06-12,5262
00757,統一FANG+,10,0,10,美好-楊梅,2023-06-12,5262
1229,聯華,10,0,10,美好-楊梅,2023-06-12,5262
2337,旺宏,13,3,10,美好-楊梅,2023-06-12,5262
3682,亞太電,10,0,10,美好-楊梅,2023-06-12,5262
3710,連展投控,10,0,10,美好-楊梅,2023-06-12,5262
5607,遠雄港,10,0,10,美好-楊梅,2023-06-12,5262
6125,廣運,16,6,10,美好-楊梅,2023-06-12,5262
6174,安��,10,0,10,美好-楊梅,2023-06-12,5262
6456,GIS-KY,10,0,10,美好-楊梅,2023-06-12,5262
6469,大樹,10,0,10,美好-楊梅,2023-06-12,5262
8054,安國,10,0,10,美好-楊梅,2023-06-12,5262
8401,白紗科,10,0,10,美好-楊梅,2023-06-12,5262
00919,群益台灣精選高息,297,1,296,美好-楊梅,2023-06-13,5262
00715L,期街口布蘭特正2,211,100,111,美好-楊梅,2023-06-13,5262
2888,新光金,108,10,98,美好-楊梅,2023-06-13,5262
6016,康和證,86,2,84,美好-楊梅,2023-06-13,5262
2105,正新,70,0,70,美好-楊梅,2023-06-13,5262
00632R,元大台灣50反1,127,81,46,美好-楊梅,2023-06-13,5262
2515,中工,51,6,45,美好-楊梅,2023-06-13,5262
4906,正文,42,4,38,美好-楊梅,2023-06-13,5262
3576,聯合再生,52,14,38,美好-楊梅,2023-06-13,5262
2323,中環,39,3,36,美好-楊梅,2023-06-13,5262
2610,華航,79,47,32,美好-楊梅,2023-06-13,5262
4533,協易機,53,22,31,美好-楊梅,2023-06-13,5262
1710,東聯,30,0,30,美好-楊梅,2023-06-13,5262
2504,國產,26,0,26,美好-楊梅,2023-06-13,5262
2312,金寶,34,8,26,美好-楊梅,2023-06-13,5262
2885,元大金,26,3,23,美好-楊梅,2023-06-13,5262
00642U,期元大S＆P石油,21,0,21,美好-楊梅,2023-06-13,5262
2399,映泰,24,3,21,美好-楊梅,2023-06-13,5262
1609,大亞,52,32,20,美好-楊梅,2023-06-13,5262
2007,燁興,20,1,19,美好-楊梅,2023-06-13,5262
2108,南帝,20,1,19,美好-楊梅,2023-06-13,5262
2208,台船,25,6,19,美好-楊梅,2023-06-13,5262
8234,新漢,18,0,18,美好-楊梅,2023-06-13,5262
00893,國泰智能電動車,22,7,15,美好-楊梅,2023-06-13,5262
3264,欣銓,17,2,15,美好-楊梅,2023-06-13,5262
3715,定穎投控,20,5,15,美好-楊梅,2023-06-13,5262
9943,好樂迪,20,6,14,美好-楊梅,2023-06-13,5262
2204,中華,20,6,14,美好-楊梅,2023-06-13,5262
00687B,國泰20年美債,13,0,13,美好-楊梅,2023-06-13,5262
6770,力積電,31,20,11,美好-楊梅,2023-06-13,5262
00725B,國泰投資級公司債,11,0,11,美好-楊梅,2023-06-13,5262
1319,東陽,15,4,11,美好-楊梅,2023-06-13,5262
3011,今皓,11,0,11,美好-楊梅,2023-06-13,5262
1504,東元,12,1,11,美好-楊梅,2023-06-13,5262
1314,中石化,10,0,10,美好-楊梅,2023-06-13,5262
00915,凱基優選高股息30,10,0,10,美好-楊梅,2023-06-13,5262
00922,國泰台灣領袖50,10,0,10,美好-楊梅,2023-06-13,5262
1416,廣豐,10,0,10,美好-楊梅,2023-06-13,5262
1815,富喬,10,0,10,美好-楊梅,2023-06-13,5262
3032,偉訓,11,1,10,美好-楊梅,2023-06-13,5262
4104,佳醫,10,0,10,美好-楊梅,2023-06-13,5262
4707,磐亞,10,0,10,美好-楊梅,2023-06-13,5262
6415,矽力*-KY,10,0,10,美好-楊梅,2023-06-13,5262
6456,GIS-KY,10,0,10,美好-楊梅,2023-06-13,5262
6244,茂迪,9,0,9,美好-楊梅,2023-06-13,5262
8038,長園科,9,0,9,美好-楊梅,2023-06-13,5262
9958,世紀鋼,9,0,9,美好-楊梅,2023-06-13,5262
2425,承啟,13,4,9,美好-楊梅,2023-06-13,5262
2883,凱基金,19,11,8,美好-楊梅,2023-06-13,5262
00895,富邦未來車,9,1,8,美好-楊梅,2023-06-13,5262
2888,新光金,197,0,197,美好-楊梅,2023-06-14,5262
2323,中環,125,52,73,美好-楊梅,2023-06-14,5262
2356,英業達,135,63,72,美好-楊梅,2023-06-14,5262
00919,群益台灣精選高息,68,2,66,美好-楊梅,2023-06-14,5262
2363,矽統,61,1,60,美好-楊梅,2023-06-14,5262
2482,連宇,63,8,55,美好-楊梅,2023-06-14,5262
2406,國碩,40,0,40,美好-楊梅,2023-06-14,5262
3035,智原,38,1,37,美好-楊梅,2023-06-14,5262
5009,榮剛,32,1,31,美好-楊梅,2023-06-14,5262
00751B,元大AAA至A公司債,29,0,29,美好-楊梅,2023-06-14,5262
2634,漢翔,28,1,27,美好-楊梅,2023-06-14,5262
2736,富野,28,4,24,美好-楊梅,2023-06-14,5262
6456,GIS-KY,25,1,24,美好-楊梅,2023-06-14,5262
1609,大亞,35,12,23,美好-楊梅,2023-06-14,5262
3011,今皓,22,0,22,美好-楊梅,2023-06-14,5262
5258,虹堡,35,13,22,美好-楊梅,2023-06-14,5262
2312,金寶,26,5,21,美好-楊梅,2023-06-14,5262
1319,東陽,22,1,21,美好-楊梅,2023-06-14,5262
0056,元大高股息,55,35,20,美好-楊梅,2023-06-14,5262
6535,順藥,21,1,20,美好-楊梅,2023-06-14,5262
00680L,元大美債20正2,20,0,20,美好-楊梅,2023-06-14,5262
2108,南帝,20,0,20,美好-楊梅,2023-06-14,5262
2367,燿華,19,0,19,美好-楊梅,2023-06-14,5262
3046,建��,26,7,19,美好-楊梅,2023-06-14,5262
2457,飛宏,25,6,19,美好-楊梅,2023-06-14,5262
1314,中石化,17,0,17,美好-楊梅,2023-06-14,5262
4906,正文,17,1,16,美好-楊梅,2023-06-14,5262
00900,富邦特選高股息30,15,0,15,美好-楊梅,2023-06-14,5262
1608,華榮,15,0,15,美好-楊梅,2023-06-14,5262
2211,長榮鋼,15,0,15,美好-楊梅,2023-06-14,5262
5227,立凱-KY,15,0,15,美好-楊梅,2023-06-14,5262
9907,統一實,15,0,15,美好-楊梅,2023-06-14,5262
2425,承啟,14,0,14,美好-楊梅,2023-06-14,5262
5465,富驊,20,6,14,美好-楊梅,2023-06-14,5262
2352,佳世達,22,9,13,美好-楊梅,2023-06-14,5262
3308,聯德,13,0,13,美好-楊梅,2023-06-14,5262
5425,台半,13,1,12,美好-楊梅,2023-06-14,5262
00713,元大台灣高息低波,12,0,12,美好-楊梅,2023-06-14,5262
3438,類比科,11,0,11,美好-楊梅,2023-06-14,5262
6547,高端疫苗,11,0,11,美好-楊梅,2023-06-14,5262
00902,中信電池及儲能,10,0,10,美好-楊梅,2023-06-14,5262
00895,富邦未來車,10,0,10,美好-楊梅,2023-06-14,5262
1605,華新,13,3,10,美好-楊梅,2023-06-14,5262
2399,映泰,15,5,10,美好-楊梅,2023-06-14,5262
3576,聯合再生,10,0,10,美好-楊梅,2023-06-14,5262
4564,元翎,15,5,10,美好-楊梅,2023-06-14,5262
2436,偉詮電,9,0,9,美好-楊梅,2023-06-14,5262
2913,農林,10,1,9,美好-楊梅,2023-06-14,5262
3062,建漢,9,0,9,美好-楊梅,2023-06-14,5262
3252,海灣,20,11,9,美好-楊梅,2023-06-14,5262
2913,農林,110,4,106,美好-楊梅,2023-06-15,5262
1609,大亞,112,42,70,美好-楊梅,2023-06-15,5262
2482,連宇,63,2,61,美好-楊梅,2023-06-15,5262
1611,中電,86,29,57,美好-楊梅,2023-06-15,5262
3576,聯合再生,73,20,53,美好-楊梅,2023-06-15,5262
2330,台積電,53,1,52,美好-楊梅,2023-06-15,5262
4533,協易機,50,1,49,美好-楊梅,2023-06-15,5262
2027,大成鋼,68,20,48,美好-楊梅,2023-06-15,5262
2367,燿華,33,1,32,美好-楊梅,2023-06-15,5262
1504,東元,46,15,31,美好-楊梅,2023-06-15,5262
3055,蔚華科,35,6,29,美好-楊梅,2023-06-15,5262
00715L,期街口布蘭特正2,127,100,27,美好-楊梅,2023-06-15,5262
00713,元大台灣高息低波,24,0,24,美好-楊梅,2023-06-15,5262
6218,豪勉,24,0,24,美好-楊梅,2023-06-15,5262
2401,凌陽,55,32,23,美好-楊梅,2023-06-15,5262
2323,中環,56,37,19,美好-楊梅,2023-06-15,5262
6282,康舒,38,19,19,美好-楊梅,2023-06-15,5262
6016,康和證,24,7,17,美好-楊梅,2023-06-15,5262
2331,精英,18,2,16,美好-楊梅,2023-06-15,5262
3022,威強電,20,4,16,美好-楊梅,2023-06-15,5262
9902,台火,15,0,15,美好-楊梅,2023-06-15,5262
2880,華南金,14,0,14,美好-楊梅,2023-06-15,5262
2002,中鋼,20,6,14,美好-楊梅,2023-06-15,5262
3049,精金,13,0,13,美好-楊梅,2023-06-15,5262
5443,均豪,14,1,13,美好-楊梅,2023-06-15,5262
00912,中信臺灣智慧50,12,0,12,美好-楊梅,2023-06-15,5262
2314,台揚,12,0,12,美好-楊梅,2023-06-15,5262
2606,裕民,12,0,12,美好-楊梅,2023-06-15,5262
00915,凱基優選高股息30,10,0,10,美好-楊梅,2023-06-15,5262
020022,元大電動車N,10,0,10,美好-楊梅,2023-06-15,5262
00640L,富邦日本正2,10,0,10,美好-楊梅,2023-06-15,5262
00895,富邦未來車,10,0,10,美好-楊梅,2023-06-15,5262
1103,嘉泥,10,0,10,美好-楊梅,2023-06-15,5262
1528,恩德,10,0,10,美好-楊梅,2023-06-15,5262
1711,永光,10,0,10,美好-楊梅,2023-06-15,5262
2547,日勝生,10,0,10,美好-楊梅,2023-06-15,5262
2601,益航,10,0,10,美好-楊梅,2023-06-15,5262
3033,威健,16,6,10,美好-楊梅,2023-06-15,5262
4306,炎洲,10,0,10,美好-楊梅,2023-06-15,5262
8358,金居,10,0,10,美好-楊梅,2023-06-15,5262
8940,新天地,10,0,10,美好-楊梅,2023-06-15,5262
00888,永豐台灣ESG,9,0,9,美好-楊梅,2023-06-15,5262
3013,晟銘電,16,8,8,美好-楊梅,2023-06-15,5262
6125,廣運,15,7,8,美好-楊梅,2023-06-15,5262
00929,復華台灣科技優息,8,0,8,美好-楊梅,2023-06-15,5262
2020,美亞,8,0,8,美好-楊梅,2023-06-15,5262
2031,新光鋼,11,3,8,美好-楊梅,2023-06-15,5262
2211,長榮鋼,8,0,8,美好-楊梅,2023-06-15,5262
2329,華泰,8,0,8,美好-楊梅,2023-06-15,5262
6456,GIS-KY,20,12,8,美好-楊梅,2023-06-15,5262
00712,復華富時不動產,134,0,134,美好-楊梅,2023-06-16,5262
2312,金寶,148,36,112,美好-楊梅,2023-06-16,5262
2537,聯上發,100,0,100,美好-楊梅,2023-06-16,5262
1605,華新,173,82,91,美好-楊梅,2023-06-16,5262
5426,振發,80,4,76,美好-楊梅,2023-06-16,5262
2618,長榮航,124,67,57,美好-楊梅,2023-06-16,5262
00919,群益台灣精選高息,55,0,55,美好-楊梅,2023-06-16,5262
2303,聯電,68,14,54,美好-楊梅,2023-06-16,5262
00882,中信中國高股息,50,2,48,美好-楊梅,2023-06-16,5262
2489,瑞軒,51,9,42,美好-楊梅,2023-06-16,5262
1440,南紡,40,0,40,美好-楊梅,2023-06-16,5262
5328,華容,37,0,37,美好-楊梅,2023-06-16,5262
3033,威健,34,0,34,美好-楊梅,2023-06-16,5262
00888,永豐台灣ESG,33,0,33,美好-楊梅,2023-06-16,5262
6133,金橋,31,0,31,美好-楊梅,2023-06-16,5262
1611,中電,87,57,30,美好-楊梅,2023-06-16,5262
1701,中化,30,0,30,美好-楊梅,2023-06-16,5262
2905,三商,30,0,30,美好-楊梅,2023-06-16,5262
1609,大亞,106,77,29,美好-楊梅,2023-06-16,5262
3013,晟銘電,46,17,29,美好-楊梅,2023-06-16,5262
1810,和成,30,2,28,美好-楊梅,2023-06-16,5262
3706,神達,66,38,28,美好-楊梅,2023-06-16,5262
2359,所羅門,47,20,27,美好-楊梅,2023-06-16,5262
3024,憶聲,37,12,25,美好-楊梅,2023-06-16,5262
3022,威強電,26,1,25,美好-楊梅,2023-06-16,5262
2201,裕隆,29,7,22,美好-楊梅,2023-06-16,5262
2888,新光金,37,17,20,美好-楊梅,2023-06-16,5262
5315,光聯,20,0,20,美好-楊梅,2023-06-16,5262
2371,大同,101,82,19,美好-楊梅,2023-06-16,5262
1809,中釉,19,0,19,美好-楊梅,2023-06-16,5262
2413,環科,20,2,18,美好-楊梅,2023-06-16,5262
3481,群創,39,21,18,美好-楊梅,2023-06-16,5262
5475,德宏,17,0,17,美好-楊梅,2023-06-16,5262
1905,華紙,24,8,16,美好-楊梅,2023-06-16,5262
3019,亞光,15,0,15,美好-楊梅,2023-06-16,5262
1416,廣豐,14,0,14,美好-楊梅,2023-06-16,5262
2457,飛宏,30,16,14,美好-楊梅,2023-06-16,5262
3363,上詮,21,7,14,美好-楊梅,2023-06-16,5262
1815,富喬,40,27,13,美好-楊梅,2023-06-16,5262
8201,無敵,15,2,13,美好-楊梅,2023-06-16,5262
2883,凱基金,16,4,12,美好-楊梅,2023-06-16,5262
1618,合機,13,1,12,美好-楊梅,2023-06-16,5262
2380,虹光,12,0,12,美好-楊梅,2023-06-16,5262
2388,威盛,15,3,12,美好-楊梅,2023-06-16,5262
3374,精材,13,1,12,美好-楊梅,2023-06-16,5262
5706,鳳凰,25,13,12,美好-楊梅,2023-06-16,5262
2801,彰銀,11,0,11,美好-楊梅,2023-06-16,5262
5309,系統電,11,0,11,美好-楊梅,2023-06-16,5262
00905,FT臺灣Smart,10,0,10,美好-楊梅,2023-06-16,5262
00904,新光臺灣半導體30,10,0,10,美好-楊梅,2023-06-16,5262
2812,台中銀,287,0,287,美好-楊梅,2023-06-19,5262
2312,金寶,250,8,242,美好-楊梅,2023-06-19,5262
00673R,期元大S＆P原油反1,100,0,100,美好-楊梅,2023-06-19,5262
2323,中環,95,6,89,美好-楊梅,2023-06-19,5262
2014,中鴻,77,4,73,美好-楊梅,2023-06-19,5262
2208,台船,75,12,63,美好-楊梅,2023-06-19,5262
9962,有益,49,0,49,美好-楊梅,2023-06-19,5262
2329,華泰,47,0,47,美好-楊梅,2023-06-19,5262
2913,農林,50,4,46,美好-楊梅,2023-06-19,5262
6116,彩晶,93,47,46,美好-楊梅,2023-06-19,5262
2504,國產,38,0,38,美好-楊梅,2023-06-19,5262
2468,華經,59,22,37,美好-楊梅,2023-06-19,5262
1584,精剛,41,6,35,美好-楊梅,2023-06-19,5262
2104,國際中橡,34,0,34,美好-楊梅,2023-06-19,5262
2609,陽明,41,8,33,美好-楊梅,2023-06-19,5262
2337,旺宏,51,19,32,美好-楊梅,2023-06-19,5262
6148,驊宏資,43,14,29,美好-楊梅,2023-06-19,5262
00853B,統一美債10年Aa-,25,0,25,美好-楊梅,2023-06-19,5262
00680L,元大美債20正2,25,0,25,美好-楊梅,2023-06-19,5262
00688L,國泰20年美債正2,25,0,25,美好-楊梅,2023-06-19,5262
2211,長榮鋼,23,0,23,美好-楊梅,2023-06-19,5262
3231,緯創,29,8,21,美好-楊梅,2023-06-19,5262
2324,仁寶,26,5,21,美好-楊梅,2023-06-19,5262
1471,首利,30,10,20,美好-楊梅,2023-06-19,5262
2023,燁輝,20,0,20,美好-楊梅,2023-06-19,5262
6016,康和證,20,0,20,美好-楊梅,2023-06-19,5262
1513,中興電,59,40,19,美好-楊梅,2023-06-19,5262
2344,華邦電,21,2,19,美好-楊梅,2023-06-19,5262
2461,光群雷,18,0,18,美好-楊梅,2023-06-19,5262
3015,全漢,17,0,17,美好-楊梅,2023-06-19,5262
5608,四維航,17,0,17,美好-楊梅,2023-06-19,5262
2498,宏達電,17,1,16,美好-楊梅,2023-06-19,5262
1528,恩德,26,10,16,美好-楊梅,2023-06-19,5262
2515,中工,16,0,16,美好-楊梅,2023-06-19,5262
00929,復華台灣科技優息,15,0,15,美好-楊梅,2023-06-19,5262
2887,台新金,15,0,15,美好-楊梅,2023-06-19,5262
2371,大同,17,3,14,美好-楊梅,2023-06-19,5262
2402,毅嘉,17,3,14,美好-楊梅,2023-06-19,5262
3078,僑威,15,1,14,美好-楊梅,2023-06-19,5262
00636,國泰中國A50,12,0,12,美好-楊梅,2023-06-19,5262
2867,三商壽,12,0,12,美好-楊梅,2023-06-19,5262
2421,建準,15,3,12,美好-楊梅,2023-06-19,5262
2353,宏��,11,0,11,美好-楊梅,2023-06-19,5262
00712,復華富時不動產,19,8,11,美好-楊梅,2023-06-19,5262
5328,華容,19,8,11,美好-楊梅,2023-06-19,5262
8033,雷虎,13,2,11,美好-楊梅,2023-06-19,5262
00902,中信電池及儲能,10,0,10,美好-楊梅,2023-06-19,5262
1714,和桐,10,0,10,美好-楊梅,2023-06-19,5262
2511,太子,10,0,10,美好-楊梅,2023-06-19,5262
2547,日勝生,10,0,10,美好-楊梅,2023-06-19,5262
2537,聯上發,220,0,220,美好-楊梅,2023-06-20,5262
1528,恩德,150,42,108,美好-楊梅,2023-06-20,5262
2867,三商壽,100,6,94,美好-楊梅,2023-06-20,5262
3024,憶聲,101,10,91,美好-楊梅,2023-06-20,5262
00632R,元大台灣50反1,70,2,68,美好-楊梅,2023-06-20,5262
2634,漢翔,205,140,65,美好-楊梅,2023-06-20,5262
2610,華航,115,57,58,美好-楊梅,2023-06-20,5262
3576,聯合再生,45,3,42,美好-楊梅,2023-06-20,5262
3038,全台,40,1,39,美好-楊梅,2023-06-20,5262
2618,長榮航,51,17,34,美好-楊梅,2023-06-20,5262
2913,農林,30,1,29,美好-楊梅,2023-06-20,5262
2409,友達,62,34,28,美好-楊梅,2023-06-20,5262
1612,宏泰,47,20,27,美好-楊梅,2023-06-20,5262
1609,大亞,42,20,22,美好-楊梅,2023-06-20,5262
00929,復華台灣科技優息,21,0,21,美好-楊梅,2023-06-20,5262
1701,中化,25,5,20,美好-楊梅,2023-06-20,5262
2356,英業達,39,19,20,美好-楊梅,2023-06-20,5262
5465,富驊,28,8,20,美好-楊梅,2023-06-20,5262
1319,東陽,34,16,18,美好-楊梅,2023-06-20,5262
6194,育富,32,15,17,美好-楊梅,2023-06-20,5262
1522,堤維西,23,7,16,美好-楊梅,2023-06-20,5262
2208,台船,22,6,16,美好-楊梅,2023-06-20,5262
2317,鴻海,20,4,16,美好-楊梅,2023-06-20,5262
2337,旺宏,15,0,15,美好-楊梅,2023-06-20,5262
2515,中工,14,0,14,美好-楊梅,2023-06-20,5262
1218,泰山,20,7,13,美好-楊梅,2023-06-20,5262
1504,東元,41,28,13,美好-楊梅,2023-06-20,5262
3264,欣銓,18,5,13,美好-楊梅,2023-06-20,5262
2545,皇翔,12,0,12,美好-楊梅,2023-06-20,5262
00680L,元大美債20正2,11,0,11,美好-楊梅,2023-06-20,5262
00687B,國泰20年美債,10,0,10,美好-楊梅,2023-06-20,5262
2492,華新科,10,0,10,美好-楊梅,2023-06-20,5262
1605,華新,31,21,10,美好-楊梅,2023-06-20,5262
00636,國泰中國A50,9,0,9,美好-楊梅,2023-06-20,5262
2547,日勝生,9,0,9,美好-楊梅,2023-06-20,5262
6147,頎邦,9,0,9,美好-楊梅,2023-06-20,5262
6244,茂迪,22,13,9,美好-楊梅,2023-06-20,5262
2454,聯發科,10,2,8,美好-楊梅,2023-06-20,5262
6290,良維,20,12,8,美好-楊梅,2023-06-20,5262
2482,連宇,8,0,8,美好-楊梅,2023-06-20,5262
5328,華容,8,0,8,美好-楊梅,2023-06-20,5262
5536,聖暉*,8,0,8,美好-楊梅,2023-06-20,5262
6282,康舒,12,4,8,美好-楊梅,2023-06-20,5262
3231,緯創,19,12,7,美好-楊梅,2023-06-20,5262
00712,復華富時不動產,8,1,7,美好-楊梅,2023-06-20,5262
2355,敬鵬,10,3,7,美好-楊梅,2023-06-20,5262
2542,興富發,7,0,7,美好-楊梅,2023-06-20,5262
2609,陽明,11,4,7,美好-楊梅,2023-06-20,5262
2641,正德,7,0,7,美好-楊梅,2023-06-20,5262
5512,力麒,10,3,7,美好-楊梅,2023-06-20,5262
2634,漢翔,314,225,89,美好-楊梅,2023-06-21,5262
3673,TPK-KY,79,9,70,美好-楊梅,2023-06-21,5262
2609,陽明,66,5,61,美好-楊梅,2023-06-21,5262
3363,上詮,55,1,54,美好-楊梅,2023-06-21,5262
6120,達運,74,28,46,美好-楊梅,2023-06-21,5262
2208,台船,50,5,45,美好-楊梅,2023-06-21,5262
00632R,元大台灣50反1,100,60,40,美好-楊梅,2023-06-21,5262
2603,長榮,37,0,37,美好-楊梅,2023-06-21,5262
2736,富野,60,25,35,美好-楊梅,2023-06-21,5262
2888,新光金,36,1,35,美好-楊梅,2023-06-21,5262
3687,歐買尬,35,1,34,美好-楊梅,2023-06-21,5262
2356,英業達,56,31,25,美好-楊梅,2023-06-21,5262
5512,力麒,25,1,24,美好-楊梅,2023-06-21,5262
3481,群創,163,141,22,美好-楊梅,2023-06-21,5262
2371,大同,34,14,20,美好-楊梅,2023-06-21,5262
1721,三晃,20,0,20,美好-楊梅,2023-06-21,5262
9934,成霖,20,0,20,美好-楊梅,2023-06-21,5262
00919,群益台灣精選高息,18,0,18,美好-楊梅,2023-06-21,5262
2337,旺宏,26,8,18,美好-楊梅,2023-06-21,5262
2913,農林,18,0,18,美好-楊梅,2023-06-21,5262
9962,有益,16,1,15,美好-楊梅,2023-06-21,5262
1609,大亞,29,15,14,美好-楊梅,2023-06-21,5262
5243,乙盛-KY,13,1,12,美好-楊梅,2023-06-21,5262
2615,萬海,24,12,12,美好-楊梅,2023-06-21,5262
1810,和成,11,0,11,美好-楊梅,2023-06-21,5262
4916,事欣科,237,226,11,美好-楊梅,2023-06-21,5262
2427,三商電,25,14,11,美好-楊梅,2023-06-21,5262
3013,晟銘電,17,6,11,美好-楊梅,2023-06-21,5262
1701,中化,10,0,10,美好-楊梅,2023-06-21,5262
5425,台半,17,7,10,美好-楊梅,2023-06-21,5262
2303,聯電,17,8,9,美好-楊梅,2023-06-21,5262
4171,瑞基,9,0,9,美好-楊梅,2023-06-21,5262
6877,鏵友益,9,0,9,美好-楊梅,2023-06-21,5262
6125,廣運,19,10,9,美好-楊梅,2023-06-21,5262
2368,金像電,19,11,8,美好-楊梅,2023-06-21,5262
3055,蔚華科,8,0,8,美好-楊梅,2023-06-21,5262
5392,能率,8,0,8,美好-楊梅,2023-06-21,5262
5905,南仁湖,12,4,8,美好-楊梅,2023-06-21,5262
1528,恩德,14,6,8,美好-楊梅,2023-06-21,5262
2331,精英,18,11,7,美好-楊梅,2023-06-21,5262
2482,連宇,7,0,7,美好-楊梅,2023-06-21,5262
6290,良維,8,1,7,美好-楊梅,2023-06-21,5262
00636,國泰中國A50,6,0,6,美好-楊梅,2023-06-21,5262
1795,美時,6,0,6,美好-楊梅,2023-06-21,5262
2105,正新,6,0,6,美好-楊梅,2023-06-21,5262
2476,鉅祥,7,1,6,美好-楊梅,2023-06-21,5262
3032,偉訓,8,2,6,美好-楊梅,2023-06-21,5262
3264,欣銓,6,0,6,美好-楊梅,2023-06-21,5262
4919,新唐,7,1,6,美好-楊梅,2023-06-21,5262
8926,台汽電,6,0,6,美好-楊梅,2023-06-21,5262
5905,南仁湖,199,0,199,美好-楊梅,2023-06-26,5262
2610,華航,249,66,183,美好-楊梅,2023-06-26,5262
6152,百一,130,0,130,美好-楊梅,2023-06-26,5262
2444,兆勁,97,0,97,美好-楊梅,2023-06-26,5262
3715,定穎投控,75,4,71,美好-楊梅,2023-06-26,5262
3481,群創,93,35,58,美好-楊梅,2023-06-26,5262
1605,華新,76,21,55,美好-楊梅,2023-06-26,5262
00669R,國泰美國道瓊反1,50,0,50,美好-楊梅,2023-06-26,5262
00664R,國泰臺灣加權反1,50,0,50,美好-楊梅,2023-06-26,5262
00715L,期街口布蘭特正2,48,0,48,美好-楊梅,2023-06-26,5262
2706,第一店,46,5,41,美好-楊梅,2023-06-26,5262
1905,華紙,47,8,39,美好-楊梅,2023-06-26,5262
8936,國統,39,3,36,美好-楊梅,2023-06-26,5262
5347,世界,32,0,32,美好-楊梅,2023-06-26,5262
2889,國票金,32,0,32,美好-楊梅,2023-06-26,5262
3234,光環,31,0,31,美好-楊梅,2023-06-26,5262
3025,星通,30,0,30,美好-楊梅,2023-06-26,5262
6116,彩晶,28,0,28,美好-楊梅,2023-06-26,5262
00919,群益台灣精選高息,27,0,27,美好-楊梅,2023-06-26,5262
2609,陽明,31,5,26,美好-楊梅,2023-06-26,5262
2883,凱基金,28,4,24,美好-楊梅,2023-06-26,5262
1533,車王電,26,3,23,美好-楊梅,2023-06-26,5262
2457,飛宏,29,6,23,美好-楊梅,2023-06-26,5262
2801,彰銀,22,0,22,美好-楊梅,2023-06-26,5262
1710,東聯,20,0,20,美好-楊梅,2023-06-26,5262
3029,零壹,22,2,20,美好-楊梅,2023-06-26,5262
2340,台亞,393,374,19,美好-楊梅,2023-06-26,5262
2409,友達,35,16,19,美好-楊梅,2023-06-26,5262
8926,台汽電,23,4,19,美好-楊梅,2023-06-26,5262
2888,新光金,20,3,17,美好-楊梅,2023-06-26,5262
8358,金居,17,0,17,美好-楊梅,2023-06-26,5262
3710,連展投控,26,10,16,美好-楊梅,2023-06-26,5262
6282,康舒,29,13,16,美好-楊梅,2023-06-26,5262
00636,國泰中國A50,15,0,15,美好-楊梅,2023-06-26,5262
2208,台船,20,5,15,美好-楊梅,2023-06-26,5262
2356,英業達,28,13,15,美好-楊梅,2023-06-26,5262
8072,陞泰,15,0,15,美好-楊梅,2023-06-26,5262
3037,欣興,17,2,15,美好-楊梅,2023-06-26,5262
3706,神達,46,32,14,美好-楊梅,2023-06-26,5262
3252,海灣,15,1,14,美好-楊梅,2023-06-26,5262
2707,晶華,13,0,13,美好-楊梅,2023-06-26,5262
2392,正崴,14,1,13,美好-楊梅,2023-06-26,5262
4916,事欣科,18,5,13,美好-楊梅,2023-06-26,5262
5243,乙盛-KY,14,1,13,美好-楊梅,2023-06-26,5262
8064,東捷,13,0,13,美好-楊梅,2023-06-26,5262
9962,有益,12,0,12,美好-楊梅,2023-06-26,5262
00893,國泰智能電動車,13,2,11,美好-楊梅,2023-06-26,5262
3003,健和興,12,1,11,美好-楊梅,2023-06-26,5262
2371,大同,85,74,11,美好-楊梅,2023-06-26,5262
00637L,元大滬深300正2,10,0,10,美好-楊梅,2023-06-26,5262
2618,長榮航,267,29,238,美好-楊梅,2023-06-27,5262
5905,南仁湖,161,0,161,美好-楊梅,2023-06-27,5262
2610,華航,207,56,151,美好-楊梅,2023-06-27,5262
2371,大同,159,57,102,美好-楊梅,2023-06-27,5262
4306,炎洲,75,0,75,美好-楊梅,2023-06-27,5262
1605,華新,69,11,58,美好-楊梅,2023-06-27,5262
2409,友達,59,2,57,美好-楊梅,2023-06-27,5262
00878,國泰永續高股息,55,3,52,美好-楊梅,2023-06-27,5262
2303,聯電,77,30,47,美好-楊梅,2023-06-27,5262
2323,中環,91,48,43,美好-楊梅,2023-06-27,5262
1504,東元,47,7,40,美好-楊梅,2023-06-27,5262
1514,亞力,52,14,38,美好-楊梅,2023-06-27,5262
2888,新光金,36,2,34,美好-楊梅,2023-06-27,5262
3687,歐買尬,31,1,30,美好-楊梅,2023-06-27,5262
6116,彩晶,25,0,25,美好-楊梅,2023-06-27,5262
1609,大亞,38,15,23,美好-楊梅,2023-06-27,5262
3038,全台,62,40,22,美好-楊梅,2023-06-27,5262
2884,玉山金,20,0,20,美好-楊梅,2023-06-27,5262
5347,世界,20,0,20,美好-楊梅,2023-06-27,5262
3706,神達,38,18,20,美好-楊梅,2023-06-27,5262
0056,元大高股息,54,35,19,美好-楊梅,2023-06-27,5262
6276,安鈦克,23,4,19,美好-楊梅,2023-06-27,5262
00929,復華台灣科技優息,18,0,18,美好-楊梅,2023-06-27,5262
2609,陽明,25,7,18,美好-楊梅,2023-06-27,5262
2356,英業達,23,5,18,美好-楊梅,2023-06-27,5262
00919,群益台灣精選高息,22,5,17,美好-楊梅,2023-06-27,5262
6176,瑞儀,17,0,17,美好-楊梅,2023-06-27,5262
5243,乙盛-KY,16,0,16,美好-楊梅,2023-06-27,5262
6570,維田,16,0,16,美好-楊梅,2023-06-27,5262
6770,力積電,15,0,15,美好-楊梅,2023-06-27,5262
1513,中興電,35,20,15,美好-楊梅,2023-06-27,5262
6127,九豪,17,3,14,美好-楊梅,2023-06-27,5262
3481,群創,32,18,14,美好-楊梅,2023-06-27,5262
2340,台亞,21,8,13,美好-楊梅,2023-06-27,5262
2427,三商電,31,18,13,美好-楊梅,2023-06-27,5262
3231,緯創,57,45,12,美好-楊梅,2023-06-27,5262
5465,富驊,14,2,12,美好-楊梅,2023-06-27,5262
2344,華邦電,14,2,12,美好-楊梅,2023-06-27,5262
2515,中工,12,0,12,美好-楊梅,2023-06-27,5262
1904,正隆,22,10,12,美好-楊梅,2023-06-27,5262
0050,元大台灣50,12,1,11,美好-楊梅,2023-06-27,5262
1529,樂事綠能,11,0,11,美好-楊梅,2023-06-27,5262
2706,第一店,11,0,11,美好-楊梅,2023-06-27,5262
3624,光頡,11,0,11,美好-楊梅,2023-06-27,5262
2317,鴻海,18,8,10,美好-楊梅,2023-06-27,5262
2408,南亞科,10,0,10,美好-楊梅,2023-06-27,5262
1503,士電,12,2,10,美好-楊梅,2023-06-27,5262
1584,精剛,10,0,10,美好-楊梅,2023-06-27,5262
1710,東聯,10,0,10,美好-楊梅,2023-06-27,5262
1714,和桐,10,0,10,美好-楊梅,2023-06-27,5262
00715L,期街口布蘭特正2,161,0,161,美好-楊梅,2023-06-28,5262
1605,華新,122,42,80,美好-楊梅,2023-06-28,5262
1444,力麗,105,43,62,美好-楊梅,2023-06-28,5262
2373,震旦行,35,0,35,美好-楊梅,2023-06-28,5262
3038,全台,75,40,35,美好-楊梅,2023-06-28,5262
0056,元大高股息,31,1,30,美好-楊梅,2023-06-28,5262
4906,正文,29,3,26,美好-楊梅,2023-06-28,5262
3231,緯創,107,82,25,美好-楊梅,2023-06-28,5262
6276,安鈦克,27,3,24,美好-楊梅,2023-06-28,5262
6125,廣運,34,11,23,美好-楊梅,2023-06-28,5262
4106,雃博,28,8,20,美好-楊梅,2023-06-28,5262
6116,彩晶,20,0,20,美好-楊梅,2023-06-28,5262
5347,世界,18,0,18,美好-楊梅,2023-06-28,5262
1609,大亞,25,7,18,美好-楊梅,2023-06-28,5262
00642U,期元大S＆P石油,19,2,17,美好-楊梅,2023-06-28,5262
3037,欣興,21,4,17,美好-楊梅,2023-06-28,5262
2409,友達,17,1,16,美好-楊梅,2023-06-28,5262
2892,第一金,16,0,16,美好-楊梅,2023-06-28,5262
6182,合晶,27,11,16,美好-楊梅,2023-06-28,5262
00641R,富邦日本反1,15,0,15,美好-楊梅,2023-06-28,5262
2208,台船,14,0,14,美好-楊梅,2023-06-28,5262
2913,農林,13,0,13,美好-楊梅,2023-06-28,5262
3356,奇偶,27,14,13,美好-楊梅,2023-06-28,5262
6202,盛群,13,0,13,美好-楊梅,2023-06-28,5262
2801,彰銀,12,0,12,美好-楊梅,2023-06-28,5262
2312,金寶,11,0,11,美好-楊梅,2023-06-28,5262
2495,普安,11,0,11,美好-楊梅,2023-06-28,5262
2634,漢翔,26,15,11,美好-楊梅,2023-06-28,5262
3131,弘塑,11,0,11,美好-楊梅,2023-06-28,5262
3481,群創,33,22,11,美好-楊梅,2023-06-28,5262
5876,上海商銀,11,0,11,美好-楊梅,2023-06-28,5262
2884,玉山金,10,0,10,美好-楊梅,2023-06-28,5262
2303,聯電,13,3,10,美好-楊梅,2023-06-28,5262
2206,三陽工業,17,7,10,美好-楊梅,2023-06-28,5262
00674R,期元大S＆P黃金反1,10,0,10,美好-楊梅,2023-06-28,5262
1734,杏輝,10,0,10,美好-楊梅,2023-06-28,5262
2476,鉅祥,10,0,10,美好-楊梅,2023-06-28,5262
2607,榮運,10,0,10,美好-楊梅,2023-06-28,5262
3665,貿聯-KY,10,0,10,美好-楊梅,2023-06-28,5262
4121,優盛,12,2,10,美好-楊梅,2023-06-28,5262
3252,海灣,12,3,9,美好-楊梅,2023-06-28,5262
4909,新復興,9,0,9,美好-楊梅,2023-06-28,5262
9945,潤泰新,9,0,9,美好-楊梅,2023-06-28,5262
2412,中華電,8,0,8,美好-楊梅,2023-06-28,5262
00919,群益台灣精選高息,8,0,8,美好-楊梅,2023-06-28,5262
1784,訊聯,21,13,8,美好-楊梅,2023-06-28,5262
2323,中環,23,15,8,美好-楊梅,2023-06-28,5262
2606,裕民,8,0,8,美好-楊梅,2023-06-28,5262
2883,凱基金,8,0,8,美好-楊梅,2023-06-28,5262
5425,台半,8,0,8,美好-楊梅,2023-06-28,5262
2888,新光金,113,0,113,美好-楊梅,2023-06-29,5262
00893,國泰智能電動車,58,0,58,美好-楊梅,2023-06-29,5262
2603,長榮,113,62,51,美好-楊梅,2023-06-29,5262
2618,長榮航,52,7,45,美好-楊梅,2023-06-29,5262
1701,中化,50,5,45,美好-楊梅,2023-06-29,5262
2610,華航,57,16,41,美好-楊梅,2023-06-29,5262
4155,訊映,41,3,38,美好-楊梅,2023-06-29,5262
1605,華新,34,12,22,美好-楊梅,2023-06-29,5262
9962,有益,21,0,21,美好-楊梅,2023-06-29,5262
5465,富驊,30,13,17,美好-楊梅,2023-06-29,5262
00885,富邦越南,16,0,16,美好-楊梅,2023-06-29,5262
00922,國泰台灣領袖50,15,0,15,美好-楊梅,2023-06-29,5262
00919,群益台灣精選高息,20,6,14,美好-楊梅,2023-06-29,5262
2897,王道銀行,14,0,14,美好-楊梅,2023-06-29,5262
3011,今皓,22,8,14,美好-楊梅,2023-06-29,5262
3089,億杰,14,0,14,美好-楊梅,2023-06-29,5262
2332,友訊,15,2,13,美好-楊梅,2023-06-29,5262
2303,聯電,41,29,12,美好-楊梅,2023-06-29,5262
2405,輔信,11,0,11,美好-楊梅,2023-06-29,5262
3038,全台,11,0,11,美好-楊梅,2023-06-29,5262
8016,矽創,11,0,11,美好-楊梅,2023-06-29,5262
00632R,元大台灣50反1,10,0,10,美好-楊梅,2023-06-29,5262
00708L,期元大S＆P黃金正2,10,0,10,美好-楊梅,2023-06-29,5262
1535,中宇,10,0,10,美好-楊梅,2023-06-29,5262
2323,中環,12,2,10,美好-楊梅,2023-06-29,5262
2352,佳世達,10,0,10,美好-楊梅,2023-06-29,5262
3706,神達,11,1,10,美好-楊梅,2023-06-29,5262
4414,如興,13,3,10,美好-楊梅,2023-06-29,5262
4526,東台,10,0,10,美好-楊梅,2023-06-29,5262
4564,元翎,12,2,10,美好-楊梅,2023-06-29,5262
4912,聯德控股-KY,10,0,10,美好-楊梅,2023-06-29,5262
4961,天鈺,11,1,10,美好-楊梅,2023-06-29,5262
5009,榮剛,11,1,10,美好-楊梅,2023-06-29,5262
6124,業強,10,0,10,美好-楊梅,2023-06-29,5262
6182,合晶,11,1,10,美好-楊梅,2023-06-29,5262
6190,萬泰科,10,0,10,美好-楊梅,2023-06-29,5262
1303,南亞,9,0,9,美好-楊梅,2023-06-29,5262
2359,所羅門,10,1,9,美好-楊梅,2023-06-29,5262
5309,系統電,9,0,9,美好-楊梅,2023-06-29,5262
6531,愛普*,10,1,9,美好-楊梅,2023-06-29,5262
1909,榮成,8,0,8,美好-楊梅,2023-06-29,5262
2356,英業達,17,9,8,美好-楊梅,2023-06-29,5262
3049,精金,8,0,8,美好-楊梅,2023-06-29,5262
6142,友勁,12,4,8,美好-楊梅,2023-06-29,5262
4123,晟德,7,0,7,美好-楊梅,2023-06-29,5262
2884,玉山金,7,0,7,美好-楊梅,2023-06-29,5262
8933,愛地雅,7,0,7,美好-楊梅,2023-06-29,5262
00712,復華富時不動產,6,0,6,美好-楊梅,2023-06-29,5262
4968,立積,6,0,6,美好-楊梅,2023-06-29,5262
2601,益航,6,0,6,美好-楊梅,2023-06-29,5262
6153,嘉聯益,68,10,58,美好-楊梅,2023-06-30,5262
2812,台中銀,40,4,36,美好-楊梅,2023-06-30,5262
00680L,元大美債20正2,35,0,35,美好-楊梅,2023-06-30,5262
2610,華航,69,34,35,美好-楊梅,2023-06-30,5262
2618,長榮航,56,23,33,美好-楊梅,2023-06-30,5262
5521,工信,30,0,30,美好-楊梅,2023-06-30,5262
00683L,期元大美元指正2,23,0,23,美好-楊梅,2023-06-30,5262
3011,今皓,26,3,23,美好-楊梅,2023-06-30,5262
8034,榮群,20,0,20,美好-楊梅,2023-06-30,5262
1444,力麗,20,2,18,美好-楊梅,2023-06-30,5262
1605,華新,33,15,18,美好-楊梅,2023-06-30,5262
00679B,元大美債20年,17,0,17,美好-楊梅,2023-06-30,5262
4161,聿新科,25,8,17,美好-楊梅,2023-06-30,5262
4155,訊映,26,12,14,美好-楊梅,2023-06-30,5262
00713,元大台灣高息低波,15,1,14,美好-楊梅,2023-06-30,5262
6585,鼎基,15,1,14,美好-楊梅,2023-06-30,5262
00929,復華台灣科技優息,13,0,13,美好-楊梅,2023-06-30,5262
2609,陽明,80,67,13,美好-楊梅,2023-06-30,5262
1701,中化,12,0,12,美好-楊梅,2023-06-30,5262
2913,農林,12,0,12,美好-楊梅,2023-06-30,5262
2344,華邦電,11,0,11,美好-楊梅,2023-06-30,5262
5211,蒙恬,11,0,11,美好-楊梅,2023-06-30,5262
2887,台新金,13,2,11,美好-楊梅,2023-06-30,5262
2303,聯電,14,4,10,美好-楊梅,2023-06-30,5262
1219,福壽,10,0,10,美好-楊梅,2023-06-30,5262
1528,恩德,16,6,10,美好-楊梅,2023-06-30,5262
2031,新光鋼,10,0,10,美好-楊梅,2023-06-30,5262
3682,亞太電,10,0,10,美好-楊梅,2023-06-30,5262
6197,佳必琪,10,0,10,美好-楊梅,2023-06-30,5262
6266,泰詠,10,0,10,美好-楊梅,2023-06-30,5262
00882,中信中國高股息,10,0,10,美好-楊梅,2023-06-30,5262
3034,聯詠,9,0,9,美好-楊梅,2023-06-30,5262
00720B,元大投資級公司債,11,2,9,美好-楊梅,2023-06-30,5262
0056,元大高股息,9,0,9,美好-楊梅,2023-06-30,5262
1783,和康生,8,0,8,美好-楊梅,2023-06-30,5262
2705,六福,8,0,8,美好-楊梅,2023-06-30,5262
2888,新光金,20,12,8,美好-楊梅,2023-06-30,5262
5706,鳳凰,8,0,8,美好-楊梅,2023-06-30,5262
1303,南亞,7,0,7,美好-楊梅,2023-06-30,5262
00772B,中信高評級公司債,7,0,7,美好-楊梅,2023-06-30,5262
00878,國泰永續高股息,13,6,7,美好-楊梅,2023-06-30,5262
3045,台灣大,8,1,7,美好-楊梅,2023-06-30,5262
2882,國泰金,7,0,7,美好-楊梅,2023-06-30,5262
1471,首利,13,6,7,美好-楊梅,2023-06-30,5262
5009,榮剛,10,3,7,美好-楊梅,2023-06-30,5262
8926,台汽電,7,0,7,美好-楊梅,2023-06-30,5262
4147,中裕,8,1,7,美好-楊梅,2023-06-30,5262
3260,威剛,15,9,6,美好-楊梅,2023-06-30,5262
00922,國泰台灣領袖50,6,0,6,美好-楊梅,2023-06-30,5262
2605,新興,6,0,6,美好-楊梅,2023-06-30,5262
00632R,元大台灣50反1,174,0,174,美好-楊梅,2023-07-03,5262
3481,群創,93,26,67,美好-楊梅,2023-07-03,5262
1609,大亞,68,6,62,美好-楊梅,2023-07-03,5262
3207,耀勝,51,0,51,美好-楊梅,2023-07-03,5262
2845,遠東銀,50,0,50,美好-楊梅,2023-07-03,5262
2206,三陽工業,44,4,40,美好-楊梅,2023-07-03,5262
2303,聯電,41,7,34,美好-楊梅,2023-07-03,5262
9962,有益,27,0,27,美好-楊梅,2023-07-03,5262
2883,凱基金,24,2,22,美好-楊梅,2023-07-03,5262
6282,康舒,53,31,22,美好-楊梅,2023-07-03,5262
3231,緯創,98,77,21,美好-楊梅,2023-07-03,5262
5009,榮剛,25,5,20,美好-楊梅,2023-07-03,5262
1301,台塑,18,0,18,美好-楊梅,2023-07-03,5262
2615,萬海,36,20,16,美好-楊梅,2023-07-03,5262
1528,恩德,46,30,16,美好-楊梅,2023-07-03,5262
6120,達運,16,0,16,美好-楊梅,2023-07-03,5262
6125,廣運,16,0,16,美好-楊梅,2023-07-03,5262
9930,中聯資源,15,0,15,美好-楊梅,2023-07-03,5262
1795,美時,21,7,14,美好-楊梅,2023-07-03,5262
2312,金寶,19,6,13,美好-楊梅,2023-07-03,5262
2332,友訊,24,12,12,美好-楊梅,2023-07-03,5262
3346,麗清,13,2,11,美好-楊梅,2023-07-03,5262
2409,友達,20,9,11,美好-楊梅,2023-07-03,5262
2887,台新金,10,0,10,美好-楊梅,2023-07-03,5262
1701,中化,10,0,10,美好-楊梅,2023-07-03,5262
2458,義隆,10,0,10,美好-楊梅,2023-07-03,5262
3583,辛耘,10,0,10,美好-楊梅,2023-07-03,5262
3652,精聯,11,1,10,美好-楊梅,2023-07-03,5262
3710,連展投控,10,0,10,美好-楊梅,2023-07-03,5262
5608,四維航,13,3,10,美好-楊梅,2023-07-03,5262
3041,揚智,9,0,9,美好-楊梅,2023-07-03,5262
3682,亞太電,9,0,9,美好-楊梅,2023-07-03,5262
4934,太極,10,1,9,美好-楊梅,2023-07-03,5262
6443,元晶,11,2,9,美好-楊梅,2023-07-03,5262
2382,廣達,35,27,8,美好-楊梅,2023-07-03,5262
3024,憶聲,10,2,8,美好-楊梅,2023-07-03,5262
3045,台灣大,9,1,8,美好-楊梅,2023-07-03,5262
1608,華榮,8,0,8,美好-楊梅,2023-07-03,5262
1802,台玻,7,0,7,美好-楊梅,2023-07-03,5262
2401,凌陽,7,0,7,美好-楊梅,2023-07-03,5262
2610,華航,26,19,7,美好-楊梅,2023-07-03,5262
3006,晶豪科,8,1,7,美好-楊梅,2023-07-03,5262
3034,聯詠,8,1,7,美好-楊梅,2023-07-03,5262
8076,伍豐,9,2,7,美好-楊梅,2023-07-03,5262
8932,智通*,7,0,7,美好-楊梅,2023-07-03,5262
6153,嘉聯益,7,1,6,美好-楊梅,2023-07-03,5262
6461,益得,6,0,6,美好-楊梅,2023-07-03,5262
8926,台汽電,6,0,6,美好-楊梅,2023-07-03,5262
00640L,富邦日本正2,5,0,5,美好-楊梅,2023-07-03,5262
1449,佳和,10,5,5,美好-楊梅,2023-07-03,5262
2618,長榮航,117,25,92,美好-楊梅,2023-07-04,5262
2449,京元電子,126,51,75,美好-楊梅,2023-07-04,5262
00929,復華台灣科技優息,60,5,55,美好-楊梅,2023-07-04,5262
2883,凱基金,67,16,51,美好-楊梅,2023-07-04,5262
5905,南仁湖,51,0,51,美好-楊梅,2023-07-04,5262
2888,新光金,42,0,42,美好-楊梅,2023-07-04,5262
1337,再生-KY,38,0,38,美好-楊梅,2023-07-04,5262
2317,鴻海,49,12,37,美好-楊梅,2023-07-04,5262
3025,星通,61,31,30,美好-楊梅,2023-07-04,5262
5426,振發,31,1,30,美好-楊梅,2023-07-04,5262
00882,中信中國高股息,30,4,26,美好-楊梅,2023-07-04,5262
2603,長榮,62,38,24,美好-楊梅,2023-07-04,5262
00919,群益台灣精選高息,39,15,24,美好-楊梅,2023-07-04,5262
6248,沛波,22,0,22,美好-楊梅,2023-07-04,5262
2312,金寶,61,40,21,美好-楊梅,2023-07-04,5262
2382,廣達,38,18,20,美好-楊梅,2023-07-04,5262
3706,神達,63,43,20,美好-楊梅,2023-07-04,5262
5521,工信,20,0,20,美好-楊梅,2023-07-04,5262
6120,達運,19,0,19,美好-楊梅,2023-07-04,5262
1303,南亞,18,0,18,美好-楊梅,2023-07-04,5262
1905,華紙,49,32,17,美好-楊梅,2023-07-04,5262
2301,光寶科,37,20,17,美好-楊梅,2023-07-04,5262
0056,元大高股息,71,55,16,美好-楊梅,2023-07-04,5262
00715L,期街口布蘭特正2,20,5,15,美好-楊梅,2023-07-04,5262
2425,承啟,17,2,15,美好-楊梅,2023-07-04,5262
1218,泰山,14,0,14,美好-楊梅,2023-07-04,5262
2891,中信金,14,0,14,美好-楊梅,2023-07-04,5262
00773B,中信優先金融債,12,0,12,美好-楊梅,2023-07-04,5262
4543,萬在,17,5,12,美好-楊梅,2023-07-04,5262
2303,聯電,13,1,12,美好-楊梅,2023-07-04,5262
2340,台亞,13,1,12,美好-楊梅,2023-07-04,5262
8926,台汽電,12,1,11,美好-楊梅,2023-07-04,5262
2412,中華電,11,0,11,美好-楊梅,2023-07-04,5262
3265,台星科,11,0,11,美好-楊梅,2023-07-04,5262
2329,華泰,17,6,11,美好-楊梅,2023-07-04,5262
00720B,元大投資級公司債,10,0,10,美好-楊梅,2023-07-04,5262
020038,元大ESG配息N,10,0,10,美好-楊梅,2023-07-04,5262
2373,震旦行,10,0,10,美好-楊梅,2023-07-04,5262
2897,王道銀行,10,0,10,美好-楊梅,2023-07-04,5262
5425,台半,15,5,10,美好-楊梅,2023-07-04,5262
6188,廣明,18,8,10,美好-楊梅,2023-07-04,5262
9962,有益,10,0,10,美好-楊梅,2023-07-04,5262
6470,宇智,11,1,10,美好-楊梅,2023-07-04,5262
2363,矽統,10,0,10,美好-楊梅,2023-07-04,5262
2342,茂矽,11,2,9,美好-楊梅,2023-07-04,5262
2881,富邦金,9,0,9,美好-楊梅,2023-07-04,5262
8222,寶一,14,5,9,美好-楊梅,2023-07-04,5262
6806,森崴能源,15,6,9,美好-楊梅,2023-07-04,5262
6282,康舒,61,52,9,美好-楊梅,2023-07-04,5262
1301,台塑,9,0,9,美好-楊梅,2023-07-04,5262
0056,元大高股息,130,12,118,美好-楊梅,2023-07-05,5262
2609,陽明,244,173,71,美好-楊梅,2023-07-05,5262
2356,英業達,88,22,66,美好-楊梅,2023-07-05,5262
2610,華航,86,29,57,美好-楊梅,2023-07-05,5262
1101,台泥,56,0,56,美好-楊梅,2023-07-05,5262
1301,台塑,46,0,46,美好-楊梅,2023-07-05,5262
4906,正文,36,4,32,美好-楊梅,2023-07-05,5262
0050,元大台灣50,32,0,32,美好-楊梅,2023-07-05,5262
3346,麗清,34,3,31,美好-楊梅,2023-07-05,5262
00929,復華台灣科技優息,30,0,30,美好-楊梅,2023-07-05,5262
2206,三陽工業,31,2,29,美好-楊梅,2023-07-05,5262
3231,緯創,104,77,27,美好-楊梅,2023-07-05,5262
4414,如興,27,0,27,美好-楊梅,2023-07-05,5262
2405,輔信,28,4,24,美好-楊梅,2023-07-05,5262
2354,鴻準,22,1,21,美好-楊梅,2023-07-05,5262
3025,星通,28,7,21,美好-楊梅,2023-07-05,5262
2913,農林,20,1,19,美好-楊梅,2023-07-05,5262
8112,至上,20,1,19,美好-楊梅,2023-07-05,5262
9962,有益,19,0,19,美好-楊梅,2023-07-05,5262
2399,映泰,22,5,17,美好-楊梅,2023-07-05,5262
8358,金居,17,0,17,美好-楊梅,2023-07-05,5262
00713,元大台灣高息低波,18,2,16,美好-楊梅,2023-07-05,5262
1460,宏遠,15,0,15,美好-楊梅,2023-07-05,5262
3265,台星科,27,12,15,美好-楊梅,2023-07-05,5262
2633,台灣高鐵,14,0,14,美好-楊梅,2023-07-05,5262
2889,國票金,14,0,14,美好-楊梅,2023-07-05,5262
1504,東元,24,11,13,美好-楊梅,2023-07-05,5262
2412,中華電,13,0,13,美好-楊梅,2023-07-05,5262
1514,亞力,30,17,13,美好-楊梅,2023-07-05,5262
5347,世界,13,0,13,美好-楊梅,2023-07-05,5262
00927,群益半導體收益,11,0,11,美好-楊梅,2023-07-05,5262
1609,大亞,43,32,11,美好-楊梅,2023-07-05,5262
2369,菱生,21,10,11,美好-楊梅,2023-07-05,5262
2486,一詮,11,0,11,美好-楊梅,2023-07-05,5262
2537,聯上發,11,0,11,美好-楊梅,2023-07-05,5262
2317,鴻海,28,17,11,美好-楊梅,2023-07-05,5262
1591,駿吉-KY,11,1,10,美好-楊梅,2023-07-05,5262
1540,喬福,10,0,10,美好-楊梅,2023-07-05,5262
1582,信錦,10,0,10,美好-楊梅,2023-07-05,5262
1714,和桐,10,0,10,美好-楊梅,2023-07-05,5262
2373,震旦行,10,0,10,美好-楊梅,2023-07-05,5262
2401,凌陽,11,1,10,美好-楊梅,2023-07-05,5262
2511,太子,10,0,10,美好-楊梅,2023-07-05,5262
3376,新日興,10,0,10,美好-楊梅,2023-07-05,5262
5211,蒙恬,10,0,10,美好-楊梅,2023-07-05,5262
6188,廣明,15,5,10,美好-楊梅,2023-07-05,5262
2884,玉山金,9,0,9,美好-楊梅,2023-07-05,5262
3380,明泰,13,4,9,美好-楊梅,2023-07-05,5262
9941,裕融,10,1,9,美好-楊梅,2023-07-05,5262
4155,訊映,33,25,8,美好-楊梅,2023-07-05,5262
00665L,富邦�琤肭磪囓�2,111,0,111,美好-楊梅,2023-07-06,5262
2609,陽明,122,26,96,美好-楊梅,2023-07-06,5262
1471,首利,101,8,93,美好-楊梅,2023-07-06,5262
3049,精金,100,9,91,美好-楊梅,2023-07-06,5262
1440,南紡,90,1,89,美好-楊梅,2023-07-06,5262
00673R,期元大S＆P原油反1,75,0,75,美好-楊梅,2023-07-06,5262
00680L,元大美債20正2,51,0,51,美好-楊梅,2023-07-06,5262
2883,凱基金,60,10,50,美好-楊梅,2023-07-06,5262
9962,有益,46,0,46,美好-楊梅,2023-07-06,5262
2317,鴻海,40,0,40,美好-楊梅,2023-07-06,5262
00927,群益半導體收益,35,0,35,美好-楊梅,2023-07-06,5262
2618,長榮航,51,17,34,美好-楊梅,2023-07-06,5262
6282,康舒,51,20,31,美好-楊梅,2023-07-06,5262
4533,協易機,41,10,31,美好-楊梅,2023-07-06,5262
8215,明基材,40,10,30,美好-楊梅,2023-07-06,5262
1701,中化,30,0,30,美好-楊梅,2023-07-06,5262
2365,昆盈,30,0,30,美好-楊梅,2023-07-06,5262
00882,中信中國高股息,30,0,30,美好-楊梅,2023-07-06,5262
3037,欣興,37,8,29,美好-楊梅,2023-07-06,5262
2002,中鋼,27,0,27,美好-楊梅,2023-07-06,5262
2801,彰銀,24,0,24,美好-楊梅,2023-07-06,5262
6770,力積電,33,10,23,美好-楊梅,2023-07-06,5262
4934,太極,29,8,21,美好-楊梅,2023-07-06,5262
00715L,期街口布蘭特正2,20,0,20,美好-楊梅,2023-07-06,5262
4744,皇將,22,2,20,美好-楊梅,2023-07-06,5262
5515,建國,20,0,20,美好-楊梅,2023-07-06,5262
00712,復華富時不動產,19,1,18,美好-楊梅,2023-07-06,5262
00679B,元大美債20年,18,0,18,美好-楊梅,2023-07-06,5262
2887,台新金,17,0,17,美好-楊梅,2023-07-06,5262
6111,大宇資,28,11,17,美好-楊梅,2023-07-06,5262
2427,三商電,60,43,17,美好-楊梅,2023-07-06,5262
5426,振發,35,18,17,美好-楊梅,2023-07-06,5262
2881,富邦金,21,5,16,美好-楊梅,2023-07-06,5262
00687B,國泰20年美債,15,0,15,美好-楊梅,2023-07-06,5262
2451,創見,20,5,15,美好-楊梅,2023-07-06,5262
2888,新光金,15,0,15,美好-楊梅,2023-07-06,5262
2892,第一金,16,1,15,美好-楊梅,2023-07-06,5262
3672,康聯訊,15,0,15,美好-楊梅,2023-07-06,5262
2303,聯電,31,17,14,美好-楊梅,2023-07-06,5262
1314,中石化,13,0,13,美好-楊梅,2023-07-06,5262
3038,全台,15,2,13,美好-楊梅,2023-07-06,5262
6120,達運,14,1,13,美好-楊梅,2023-07-06,5262
1301,台塑,12,0,12,美好-楊梅,2023-07-06,5262
2373,震旦行,12,0,12,美好-楊梅,2023-07-06,5262
2485,兆赫,12,0,12,美好-楊梅,2023-07-06,5262
6223,旺矽,12,0,12,美好-楊梅,2023-07-06,5262
0056,元大高股息,32,20,12,美好-楊梅,2023-07-06,5262
00636,國泰中國A50,11,0,11,美好-楊梅,2023-07-06,5262
1102,亞泥,11,0,11,美好-楊梅,2023-07-06,5262
1303,南亞,11,0,11,美好-楊梅,2023-07-06,5262
00632R,元大台灣50反1,208,5,203,美好-楊梅,2023-07-07,5262
00673R,期元大S＆P原油反1,100,0,100,美好-楊梅,2023-07-07,5262
00929,復華台灣科技優息,70,1,69,美好-楊梅,2023-07-07,5262
00664R,國泰臺灣加權反1,50,0,50,美好-楊梅,2023-07-07,5262
00679B,元大美債20年,40,0,40,美好-楊梅,2023-07-07,5262
00751B,元大AAA至A公司債,39,0,39,美好-楊梅,2023-07-07,5262
3481,群創,45,10,35,美好-楊梅,2023-07-07,5262
3231,緯創,203,169,34,美好-楊梅,2023-07-07,5262
2344,華邦電,31,0,31,美好-楊梅,2023-07-07,5262
8096,擎亞,30,0,30,美好-楊梅,2023-07-07,5262
00878,國泰永續高股息,35,8,27,美好-楊梅,2023-07-07,5262
6282,康舒,60,36,24,美好-楊梅,2023-07-07,5262
5521,工信,23,0,23,美好-楊梅,2023-07-07,5262
3025,星通,70,48,22,美好-楊梅,2023-07-07,5262
00680L,元大美債20正2,21,0,21,美好-楊梅,2023-07-07,5262
2401,凌陽,22,1,21,美好-楊梅,2023-07-07,5262
1514,亞力,63,43,20,美好-楊梅,2023-07-07,5262
2002,中鋼,20,1,19,美好-楊梅,2023-07-07,5262
2063,世鎧,18,0,18,美好-楊梅,2023-07-07,5262
00882,中信中國高股息,18,0,18,美好-楊梅,2023-07-07,5262
2609,陽明,37,21,16,美好-楊梅,2023-07-07,5262
2206,三陽工業,19,4,15,美好-楊梅,2023-07-07,5262
2441,超豐,15,0,15,美好-楊梅,2023-07-07,5262
6244,茂迪,18,3,15,美好-楊梅,2023-07-07,5262
00722B,群益投資級電信債,14,0,14,美好-楊梅,2023-07-07,5262
2303,聯電,36,22,14,美好-楊梅,2023-07-07,5262
6456,GIS-KY,14,0,14,美好-楊梅,2023-07-07,5262
2884,玉山金,14,0,14,美好-楊梅,2023-07-07,5262
2881,富邦金,19,5,14,美好-楊梅,2023-07-07,5262
9962,有益,13,0,13,美好-楊梅,2023-07-07,5262
1301,台塑,12,0,12,美好-楊梅,2023-07-07,5262
2323,中環,32,20,12,美好-楊梅,2023-07-07,5262
2882,國泰金,12,0,12,美好-楊梅,2023-07-07,5262
2885,元大金,12,0,12,美好-楊梅,2023-07-07,5262
3049,精金,12,0,12,美好-楊梅,2023-07-07,5262
1701,中化,11,0,11,美好-楊梅,2023-07-07,5262
2406,國碩,12,1,11,美好-楊梅,2023-07-07,5262
2511,太子,11,0,11,美好-楊梅,2023-07-07,5262
00892,富邦台灣半導體,10,0,10,美好-楊梅,2023-07-07,5262
1314,中石化,10,0,10,美好-楊梅,2023-07-07,5262
1319,東陽,10,0,10,美好-楊梅,2023-07-07,5262
1712,興農,10,0,10,美好-楊梅,2023-07-07,5262
2373,震旦行,10,0,10,美好-楊梅,2023-07-07,5262
2388,威盛,10,0,10,美好-楊梅,2023-07-07,5262
2515,中工,10,0,10,美好-楊梅,2023-07-07,5262
2892,第一金,10,0,10,美好-楊梅,2023-07-07,5262
4167,松瑞藥,10,0,10,美好-楊梅,2023-07-07,5262
4916,事欣科,13,3,10,美好-楊梅,2023-07-07,5262
4967,十銓,12,2,10,美好-楊梅,2023-07-07,5262
6150,撼訊,11,1,10,美好-楊梅,2023-07-07,5262
00632R,元大台灣50反1,300,0,300,美好-楊梅,2023-07-10,5262
2382,廣達,215,11,204,美好-楊梅,2023-07-10,5262
1460,宏遠,100,0,100,美好-楊梅,2023-07-10,5262
1217,愛之味,100,2,98,美好-楊梅,2023-07-10,5262
2609,陽明,189,117,72,美好-楊梅,2023-07-10,5262
00882,中信中國高股息,55,0,55,美好-楊梅,2023-07-10,5262
2419,仲琦,63,13,50,美好-楊梅,2023-07-10,5262
2618,長榮航,52,4,48,美好-楊梅,2023-07-10,5262
8093,保銳,43,0,43,美好-楊梅,2023-07-10,5262
2610,華航,49,9,40,美好-楊梅,2023-07-10,5262
3363,上詮,45,7,38,美好-楊梅,2023-07-10,5262
00751B,元大AAA至A公司債,31,0,31,美好-楊梅,2023-07-10,5262
2208,台船,30,0,30,美好-楊梅,2023-07-10,5262
2356,英業達,39,9,30,美好-楊梅,2023-07-10,5262
6243,迅杰,31,3,28,美好-楊梅,2023-07-10,5262
6282,康舒,38,13,25,美好-楊梅,2023-07-10,5262
2323,中環,23,0,23,美好-楊梅,2023-07-10,5262
00679B,元大美債20年,27,5,22,美好-楊梅,2023-07-10,5262
00929,復華台灣科技優息,22,0,22,美好-楊梅,2023-07-10,5262
3576,聯合再生,18,0,18,美好-楊梅,2023-07-10,5262
4532,瑞智,55,37,18,美好-楊梅,2023-07-10,5262
2371,大同,33,16,17,美好-楊梅,2023-07-10,5262
4533,協易機,21,5,16,美好-楊梅,2023-07-10,5262
3706,神達,15,0,15,美好-楊梅,2023-07-10,5262
3374,精材,15,1,14,美好-楊梅,2023-07-10,5262
00673R,期元大S＆P原油反1,13,0,13,美好-楊梅,2023-07-10,5262
1731,美吾華,13,0,13,美好-楊梅,2023-07-10,5262
2634,漢翔,17,4,13,美好-楊梅,2023-07-10,5262
3234,光環,13,0,13,美好-楊梅,2023-07-10,5262
6588,東典光電,13,0,13,美好-楊梅,2023-07-10,5262
4155,訊映,12,0,12,美好-楊梅,2023-07-10,5262
1218,泰山,15,4,11,美好-楊梅,2023-07-10,5262
00680L,元大美債20正2,11,0,11,美好-楊梅,2023-07-10,5262
2388,威盛,16,5,11,美好-楊梅,2023-07-10,5262
2405,輔信,11,0,11,美好-楊梅,2023-07-10,5262
3264,欣銓,13,2,11,美好-楊梅,2023-07-10,5262
8215,明基材,11,0,11,美好-楊梅,2023-07-10,5262
2337,旺宏,11,0,11,美好-楊梅,2023-07-10,5262
00795B,中信美國公債20年,10,0,10,美好-楊梅,2023-07-10,5262
1314,中石化,10,0,10,美好-楊梅,2023-07-10,5262
2331,精英,10,0,10,美好-楊梅,2023-07-10,5262
2367,燿華,10,0,10,美好-楊梅,2023-07-10,5262
2406,國碩,11,1,10,美好-楊梅,2023-07-10,5262
3049,精金,10,0,10,美好-楊梅,2023-07-10,5262
3682,亞太電,10,0,10,美好-楊梅,2023-07-10,5262
4161,聿新科,10,0,10,美好-楊梅,2023-07-10,5262
5608,四維航,10,0,10,美好-楊梅,2023-07-10,5262
6005,群益證,10,0,10,美好-楊梅,2023-07-10,5262
6547,高端疫苗,10,0,10,美好-楊梅,2023-07-10,5262
3037,欣興,10,1,9,美好-楊梅,2023-07-10,5262
2891,中信金,240,2,238,美好-楊梅,2023-07-11,5262
2609,陽明,89,3,86,美好-楊梅,2023-07-11,5262
3363,上詮,47,8,39,美好-楊梅,2023-07-11,5262
6016,康和證,40,2,38,美好-楊梅,2023-07-11,5262
9962,有益,38,0,38,美好-楊梅,2023-07-11,5262
3520,華盈,34,0,34,美好-楊梅,2023-07-11,5262
8071,能率網通,47,16,31,美好-楊梅,2023-07-11,5262
5392,能率,30,0,30,美好-楊梅,2023-07-11,5262
1528,恩德,29,1,28,美好-楊梅,2023-07-11,5262
00632R,元大台灣50反1,25,0,25,美好-楊梅,2023-07-11,5262
2457,飛宏,47,26,21,美好-楊梅,2023-07-11,5262
00715L,期街口布蘭特正2,30,10,20,美好-楊梅,2023-07-11,5262
1514,亞力,38,19,19,美好-楊梅,2023-07-11,5262
3356,奇偶,23,5,18,美好-楊梅,2023-07-11,5262
6120,達運,31,14,17,美好-楊梅,2023-07-11,5262
2603,長榮,21,5,16,美好-楊梅,2023-07-11,5262
8358,金居,16,0,16,美好-楊梅,2023-07-11,5262
1301,台塑,19,4,15,美好-楊梅,2023-07-11,5262
6282,康舒,28,14,14,美好-楊梅,2023-07-11,5262
2323,中環,48,35,13,美好-楊梅,2023-07-11,5262
2329,華泰,35,22,13,美好-楊梅,2023-07-11,5262
2883,凱基金,14,1,13,美好-楊梅,2023-07-11,5262
6243,迅杰,14,1,13,美好-楊梅,2023-07-11,5262
1101,台泥,13,0,13,美好-楊梅,2023-07-11,5262
6266,泰詠,13,1,12,美好-楊梅,2023-07-11,5262
4533,協易機,12,0,12,美好-楊梅,2023-07-11,5262
6288,聯嘉,16,4,12,美好-楊梅,2023-07-11,5262
4532,瑞智,47,36,11,美好-楊梅,2023-07-11,5262
1449,佳和,11,0,11,美好-楊梅,2023-07-11,5262
5608,四維航,11,0,11,美好-楊梅,2023-07-11,5262
2201,裕隆,13,3,10,美好-楊梅,2023-07-11,5262
5498,凱崴,10,0,10,美好-楊梅,2023-07-11,5262
9927,泰銘,10,0,10,美好-楊梅,2023-07-11,5262
2889,國票金,11,2,9,美好-楊梅,2023-07-11,5262
4953,緯軟,10,1,9,美好-楊梅,2023-07-11,5262
5475,德宏,9,0,9,美好-楊梅,2023-07-11,5262
1319,東陽,8,0,8,美好-楊梅,2023-07-11,5262
1314,中石化,8,0,8,美好-楊梅,2023-07-11,5262
2440,太空梭,8,0,8,美好-楊梅,2023-07-11,5262
4543,萬在,8,0,8,美好-楊梅,2023-07-11,5262
3162,精確,7,0,7,美好-楊梅,2023-07-11,5262
1337,再生-KY,7,0,7,美好-楊梅,2023-07-11,5262
2547,日勝生,7,0,7,美好-楊梅,2023-07-11,5262
4908,前鼎,7,0,7,美好-楊梅,2023-07-11,5262
5344,立衛,7,0,7,美好-楊梅,2023-07-11,5262
5465,富驊,11,4,7,美好-楊梅,2023-07-11,5262
1609,大亞,40,33,7,美好-楊梅,2023-07-11,5262
2409,友達,19,13,6,美好-楊梅,2023-07-11,5262
2884,玉山金,6,0,6,美好-楊梅,2023-07-11,5262
1522,堤維西,6,0,6,美好-楊梅,2023-07-11,5262
2312,金寶,96,12,84,美好-楊梅,2023-07-12,5262
3025,星通,90,6,84,美好-楊梅,2023-07-12,5262
2609,陽明,157,75,82,美好-楊梅,2023-07-12,5262
0056,元大高股息,117,45,72,美好-楊梅,2023-07-12,5262
2323,中環,83,15,68,美好-楊梅,2023-07-12,5262
2356,英業達,188,126,62,美好-楊梅,2023-07-12,5262
2888,新光金,50,0,50,美好-楊梅,2023-07-12,5262
6770,力積電,78,36,42,美好-楊梅,2023-07-12,5262
00900,富邦特選高股息30,43,2,41,美好-楊梅,2023-07-12,5262
2208,台船,39,0,39,美好-楊梅,2023-07-12,5262
8358,金居,33,2,31,美好-楊梅,2023-07-12,5262
2905,三商,30,0,30,美好-楊梅,2023-07-12,5262
3527,聚積,30,0,30,美好-楊梅,2023-07-12,5262
2303,聯電,72,45,27,美好-楊梅,2023-07-12,5262
2425,承啟,27,0,27,美好-楊梅,2023-07-12,5262
00905,FT臺灣Smart,22,0,22,美好-楊梅,2023-07-12,5262
4414,如興,20,0,20,美好-楊梅,2023-07-12,5262
6116,彩晶,20,0,20,美好-楊梅,2023-07-12,5262
2834,臺企銀,23,4,19,美好-楊梅,2023-07-12,5262
2424,隴華,19,0,19,美好-楊梅,2023-07-12,5262
2409,友達,25,6,19,美好-楊梅,2023-07-12,5262
3265,台星科,17,1,16,美好-楊梅,2023-07-12,5262
6285,啟��,24,8,16,美好-楊梅,2023-07-12,5262
1815,富喬,23,8,15,美好-楊梅,2023-07-12,5262
6005,群益證,20,5,15,美好-楊梅,2023-07-12,5262
6127,九豪,15,0,15,美好-楊梅,2023-07-12,5262
4188,安克,14,0,14,美好-楊梅,2023-07-12,5262
4533,協易機,17,3,14,美好-楊梅,2023-07-12,5262
6182,合晶,22,9,13,美好-楊梅,2023-07-12,5262
4934,太極,16,3,13,美好-楊梅,2023-07-12,5262
1504,東元,16,3,13,美好-楊梅,2023-07-12,5262
2603,長榮,43,31,12,美好-楊梅,2023-07-12,5262
2399,映泰,29,17,12,美好-楊梅,2023-07-12,5262
3011,今皓,12,0,12,美好-楊梅,2023-07-12,5262
3289,宜特,13,2,11,美好-楊梅,2023-07-12,5262
1605,華新,19,9,10,美好-楊梅,2023-07-12,5262
1802,台玻,10,0,10,美好-楊梅,2023-07-12,5262
2329,華泰,17,7,10,美好-楊梅,2023-07-12,5262
3013,晟銘電,10,0,10,美好-楊梅,2023-07-12,5262
4105,東洋,10,0,10,美好-楊梅,2023-07-12,5262
5498,凱崴,10,0,10,美好-楊梅,2023-07-12,5262
5521,工信,10,0,10,美好-楊梅,2023-07-12,5262
9958,世紀鋼,11,1,10,美好-楊梅,2023-07-12,5262
2454,聯發科,9,0,9,美好-楊梅,2023-07-12,5262
2301,光寶科,40,32,8,美好-楊梅,2023-07-12,5262
2206,三陽工業,9,1,8,美好-楊梅,2023-07-12,5262
2614,東森,8,0,8,美好-楊梅,2023-07-12,5262
3038,全台,10,2,8,美好-楊梅,2023-07-12,5262
4908,前鼎,11,3,8,美好-楊梅,2023-07-12,5262
6523,達爾膚,8,0,8,美好-楊梅,2023-07-12,5262
00900,富邦特選高股息30,297,36,261,美好-楊梅,2023-07-13,5262
2618,長榮航,131,5,126,美好-楊梅,2023-07-13,5262
00712,復華富時不動產,118,5,113,美好-楊梅,2023-07-13,5262
2610,華航,146,74,72,美好-楊梅,2023-07-13,5262
3374,精材,69,5,64,美好-楊梅,2023-07-13,5262
2369,菱生,62,1,61,美好-楊梅,2023-07-13,5262
2312,金寶,92,33,59,美好-楊梅,2023-07-13,5262
4533,協易機,65,23,42,美好-楊梅,2023-07-13,5262
2645,長榮航太,40,2,38,美好-楊梅,2023-07-13,5262
2498,宏達電,49,14,35,美好-楊梅,2023-07-13,5262
2303,聯電,41,7,34,美好-楊梅,2023-07-13,5262
2108,南帝,31,0,31,美好-楊梅,2023-07-13,5262
6770,力積電,30,0,30,美好-楊梅,2023-07-13,5262
1471,首利,37,10,27,美好-楊梅,2023-07-13,5262
8358,金居,41,14,27,美好-楊梅,2023-07-13,5262
1609,大亞,56,30,26,美好-楊梅,2023-07-13,5262
3234,光環,24,0,24,美好-楊梅,2023-07-13,5262
6443,元晶,24,0,24,美好-楊梅,2023-07-13,5262
6188,廣明,29,8,21,美好-楊梅,2023-07-13,5262
1514,亞力,49,28,21,美好-楊梅,2023-07-13,5262
2883,凱基金,26,5,21,美好-楊梅,2023-07-13,5262
2614,東森,20,0,20,美好-楊梅,2023-07-13,5262
1409,新纖,20,0,20,美好-楊梅,2023-07-13,5262
1809,中釉,20,0,20,美好-楊梅,2023-07-13,5262
2208,台船,55,35,20,美好-楊梅,2023-07-13,5262
3666,光耀,21,1,20,美好-楊梅,2023-07-13,5262
00882,中信中國高股息,18,0,18,美好-楊梅,2023-07-13,5262
1786,科妍,18,0,18,美好-楊梅,2023-07-13,5262
1513,中興電,34,17,17,美好-楊梅,2023-07-13,5262
6282,康舒,56,40,16,美好-楊梅,2023-07-13,5262
6523,達爾膚,16,0,16,美好-楊梅,2023-07-13,5262
2888,新光金,15,0,15,美好-楊梅,2023-07-13,5262
2349,錸德,15,0,15,美好-楊梅,2023-07-13,5262
6120,達運,29,14,15,美好-楊梅,2023-07-13,5262
00930,永豐ESG低碳高息,14,0,14,美好-楊梅,2023-07-13,5262
2323,中環,46,32,14,美好-楊梅,2023-07-13,5262
5483,中美晶,19,5,14,美好-楊梅,2023-07-13,5262
3264,欣銓,19,6,13,美好-楊梅,2023-07-13,5262
1605,華新,24,11,13,美好-楊梅,2023-07-13,5262
1301,台塑,13,1,12,美好-楊梅,2023-07-13,5262
2427,三商電,18,6,12,美好-楊梅,2023-07-13,5262
3231,緯創,141,130,11,美好-楊梅,2023-07-13,5262
2413,環科,12,1,11,美好-楊梅,2023-07-13,5262
3033,威健,17,6,11,美好-楊梅,2023-07-13,5262
3306,鼎天,13,2,11,美好-楊梅,2023-07-13,5262
3346,麗清,12,1,11,美好-楊梅,2023-07-13,5262
6234,高僑,13,2,11,美好-楊梅,2023-07-13,5262
5009,榮剛,12,2,10,美好-楊梅,2023-07-13,5262
00674R,期元大S＆P黃金反1,10,0,10,美好-楊梅,2023-07-13,5262
00753L,中信中國50正2,10,0,10,美好-楊梅,2023-07-13,5262
00900,富邦特選高股息30,363,6,357,美好-楊梅,2023-07-14,5262
2618,長榮航,146,19,127,美好-楊梅,2023-07-14,5262
2610,華航,217,157,60,美好-楊梅,2023-07-14,5262
00772B,中信高評級公司債,53,0,53,美好-楊梅,2023-07-14,5262
2617,台航,51,1,50,美好-楊梅,2023-07-14,5262
0056,元大高股息,193,145,48,美好-楊梅,2023-07-14,5262
3715,定穎投控,53,9,44,美好-楊梅,2023-07-14,5262
2609,陽明,52,11,41,美好-楊梅,2023-07-14,5262
3062,建漢,36,0,36,美好-楊梅,2023-07-14,5262
2371,大同,99,64,35,美好-楊梅,2023-07-14,5262
5465,富驊,38,7,31,美好-楊梅,2023-07-14,5262
4157,太景*-KY,30,0,30,美好-楊梅,2023-07-14,5262
5498,凱崴,30,0,30,美好-楊梅,2023-07-14,5262
3706,神達,37,9,28,美好-楊梅,2023-07-14,5262
00720B,元大投資級公司債,26,0,26,美好-楊梅,2023-07-14,5262
2382,廣達,44,21,23,美好-楊梅,2023-07-14,5262
8222,寶一,32,9,23,美好-楊梅,2023-07-14,5262
3231,緯創,31,9,22,美好-楊梅,2023-07-14,5262
1609,大亞,40,19,21,美好-楊梅,2023-07-14,5262
3105,穩懋,21,2,19,美好-楊梅,2023-07-14,5262
3363,上詮,31,12,19,美好-楊梅,2023-07-14,5262
2303,聯電,43,25,18,美好-楊梅,2023-07-14,5262
2355,敬鵬,27,9,18,美好-楊梅,2023-07-14,5262
2603,長榮,37,20,17,美好-楊梅,2023-07-14,5262
3362,先進光,16,1,15,美好-楊梅,2023-07-14,5262
3588,通嘉,15,0,15,美好-楊梅,2023-07-14,5262
6282,康舒,29,15,14,美好-楊梅,2023-07-14,5262
00725B,國泰投資級公司債,13,0,13,美好-楊梅,2023-07-14,5262
1785,光洋科,13,0,13,美好-楊梅,2023-07-14,5262
2329,華泰,30,17,13,美好-楊梅,2023-07-14,5262
3380,明泰,25,13,12,美好-楊梅,2023-07-14,5262
8028,昇陽半導體,18,6,12,美好-楊梅,2023-07-14,5262
00637L,元大滬深300正2,20,10,10,美好-楊梅,2023-07-14,5262
2476,鉅祥,10,0,10,美好-楊梅,2023-07-14,5262
3290,東浦,10,0,10,美好-楊梅,2023-07-14,5262
9941,裕融,10,1,9,美好-楊梅,2023-07-14,5262
1319,東陽,12,3,9,美好-楊梅,2023-07-14,5262
2312,金寶,13,4,9,美好-楊梅,2023-07-14,5262
8924,大田,9,0,9,美好-楊梅,2023-07-14,5262
3189,景碩,9,0,9,美好-楊梅,2023-07-14,5262
3089,億杰,9,0,9,美好-楊梅,2023-07-14,5262
00712,復華富時不動產,8,0,8,美好-楊梅,2023-07-14,5262
1734,杏輝,8,0,8,美好-楊梅,2023-07-14,5262
2425,承啟,10,2,8,美好-楊梅,2023-07-14,5262
4533,協易機,32,24,8,美好-楊梅,2023-07-14,5262
5426,振發,11,3,8,美好-楊梅,2023-07-14,5262
1701,中化,10,3,7,美好-楊梅,2023-07-14,5262
3308,聯德,7,0,7,美好-楊梅,2023-07-14,5262
3499,環天科,8,1,7,美好-楊梅,2023-07-14,5262
3527,聚積,7,0,7,美好-楊梅,2023-07-14,5262
00632R,元大台灣50反1,100,0,100,美好-楊梅,2023-07-17,5262
00929,復華台灣科技優息,97,2,95,美好-楊梅,2023-07-17,5262
0056,元大高股息,134,50,84,美好-楊梅,2023-07-17,5262
5607,遠雄港,58,6,52,美好-楊梅,2023-07-17,5262
6201,亞弘電,51,0,51,美好-楊梅,2023-07-17,5262
2312,金寶,60,24,36,美好-楊梅,2023-07-17,5262
3380,明泰,38,6,32,美好-楊梅,2023-07-17,5262
1789,神隆,31,0,31,美好-楊梅,2023-07-17,5262
2355,敬鵬,38,9,29,美好-楊梅,2023-07-17,5262
2356,英業達,51,22,29,美好-楊梅,2023-07-17,5262
00919,群益台灣精選高息,30,3,27,美好-楊梅,2023-07-17,5262
2314,台揚,33,6,27,美好-楊梅,2023-07-17,5262
5426,振發,30,3,27,美好-楊梅,2023-07-17,5262
2027,大成鋼,25,0,25,美好-楊梅,2023-07-17,5262
3037,欣興,33,8,25,美好-楊梅,2023-07-17,5262
00637L,元大滬深300正2,30,6,24,美好-楊梅,2023-07-17,5262
5498,凱崴,24,0,24,美好-楊梅,2023-07-17,5262
1471,首利,25,2,23,美好-楊梅,2023-07-17,5262
1605,華新,35,12,23,美好-楊梅,2023-07-17,5262
00762,元大全球AI,22,0,22,美好-楊梅,2023-07-17,5262
2353,宏��,52,30,22,美好-楊梅,2023-07-17,5262
00882,中信中國高股息,21,0,21,美好-楊梅,2023-07-17,5262
2208,台船,24,3,21,美好-楊梅,2023-07-17,5262
3356,奇偶,21,0,21,美好-楊梅,2023-07-17,5262
4916,事欣科,21,0,21,美好-楊梅,2023-07-17,5262
1513,中興電,55,34,21,美好-楊梅,2023-07-17,5262
4157,太景*-KY,23,3,20,美好-楊梅,2023-07-17,5262
2618,長榮航,45,25,20,美好-楊梅,2023-07-17,5262
00651R,復華香港反1,20,0,20,美好-楊梅,2023-07-17,5262
3339,泰谷,20,0,20,美好-楊梅,2023-07-17,5262
3374,精材,21,1,20,美好-楊梅,2023-07-17,5262
4532,瑞智,33,14,19,美好-楊梅,2023-07-17,5262
5483,中美晶,15,1,14,美好-楊梅,2023-07-17,5262
4123,晟德,22,8,14,美好-楊梅,2023-07-17,5262
6235,華孚,15,1,14,美好-楊梅,2023-07-17,5262
00712,復華富時不動產,24,10,14,美好-楊梅,2023-07-17,5262
0050,元大台灣50,12,0,12,美好-楊梅,2023-07-17,5262
2603,長榮,18,6,12,美好-楊梅,2023-07-17,5262
6191,精成科,12,0,12,美好-楊梅,2023-07-17,5262
1612,宏泰,15,4,11,美好-楊梅,2023-07-17,5262
3013,晟銘電,19,8,11,美好-楊梅,2023-07-17,5262
3027,盛達,15,4,11,美好-楊梅,2023-07-17,5262
3540,曜越,13,2,11,美好-楊梅,2023-07-17,5262
5522,遠雄,11,0,11,美好-楊梅,2023-07-17,5262
6138,茂達,11,0,11,美好-楊梅,2023-07-17,5262
00636,國泰中國A50,10,0,10,美好-楊梅,2023-07-17,5262
1449,佳和,10,0,10,美好-楊梅,2023-07-17,5262
2461,光群雷,10,0,10,美好-楊梅,2023-07-17,5262
2889,國票金,10,0,10,美好-楊梅,2023-07-17,5262
3205,佰研,10,0,10,美好-楊梅,2023-07-17,5262
9105,泰金寶-DR,140,3,137,美好-楊梅,2023-07-18,5262
00751B,元大AAA至A公司債,121,0,121,美好-楊梅,2023-07-18,5262
3706,神達,286,182,104,美好-楊梅,2023-07-18,5262
2371,大同,176,106,70,美好-楊梅,2023-07-18,5262
2515,中工,111,41,70,美好-楊梅,2023-07-18,5262
2312,金寶,198,131,67,美好-楊梅,2023-07-18,5262
2363,矽統,69,3,66,美好-楊梅,2023-07-18,5262
2324,仁寶,105,46,59,美好-楊梅,2023-07-18,5262
6282,康舒,72,16,56,美好-楊梅,2023-07-18,5262
2883,凱基金,54,0,54,美好-楊梅,2023-07-18,5262
00882,中信中國高股息,51,0,51,美好-楊梅,2023-07-18,5262
3527,聚積,52,1,51,美好-楊梅,2023-07-18,5262
2337,旺宏,42,1,41,美好-楊梅,2023-07-18,5262
2419,仲琦,76,40,36,美好-楊梅,2023-07-18,5262
1514,亞力,50,15,35,美好-楊梅,2023-07-18,5262
2401,凌陽,34,0,34,美好-楊梅,2023-07-18,5262
8358,金居,37,5,32,美好-楊梅,2023-07-18,5262
1313,聯成,34,2,32,美好-楊梅,2023-07-18,5262
1314,中石化,31,2,29,美好-楊梅,2023-07-18,5262
2329,華泰,104,75,29,美好-楊梅,2023-07-18,5262
2609,陽明,75,46,29,美好-楊梅,2023-07-18,5262
3305,昇貿,30,2,28,美好-楊梅,2023-07-18,5262
2352,佳世達,54,26,28,美好-楊梅,2023-07-18,5262
1609,大亞,67,40,27,美好-楊梅,2023-07-18,5262
2402,毅嘉,35,9,26,美好-楊梅,2023-07-18,5262
2340,台亞,32,7,25,美好-楊梅,2023-07-18,5262
2369,菱生,24,1,23,美好-楊梅,2023-07-18,5262
4533,協易機,25,4,21,美好-楊梅,2023-07-18,5262
2542,興富發,21,0,21,美好-楊梅,2023-07-18,5262
00632R,元大台灣50反1,20,0,20,美好-楊梅,2023-07-18,5262
3374,精材,22,2,20,美好-楊梅,2023-07-18,5262
6116,彩晶,20,0,20,美好-楊梅,2023-07-18,5262
2062,橋椿,31,13,18,美好-楊梅,2023-07-18,5262
6120,達運,33,15,18,美好-楊梅,2023-07-18,5262
8936,國統,20,2,18,美好-楊梅,2023-07-18,5262
2313,華通,48,31,17,美好-楊梅,2023-07-18,5262
3071,協禧,26,11,15,美好-楊梅,2023-07-18,5262
3481,群創,30,15,15,美好-楊梅,2023-07-18,5262
8021,尖點,15,0,15,美好-楊梅,2023-07-18,5262
3231,緯創,19,4,15,美好-楊梅,2023-07-18,5262
3163,波若威,39,25,14,美好-楊梅,2023-07-18,5262
4938,和碩,30,17,13,美好-楊梅,2023-07-18,5262
6191,精成科,18,5,13,美好-楊梅,2023-07-18,5262
1305,華夏,13,1,12,美好-楊梅,2023-07-18,5262
1711,永光,14,2,12,美好-楊梅,2023-07-18,5262
1734,杏輝,12,0,12,美好-楊梅,2023-07-18,5262
8050,廣積,18,6,12,美好-楊梅,2023-07-18,5262
00687B,國泰20年美債,11,0,11,美好-楊梅,2023-07-18,5262
1503,士電,11,0,11,美好-楊梅,2023-07-18,5262
1108,幸福,12,1,11,美好-楊梅,2023-07-18,5262
6016,康和證,290,0,290,美好-楊梅,2023-07-19,5262
00929,復華台灣科技優息,109,0,109,美好-楊梅,2023-07-19,5262
9105,泰金寶-DR,115,9,106,美好-楊梅,2023-07-19,5262
2206,三陽工業,117,12,105,美好-楊梅,2023-07-19,5262
2353,宏��,107,21,86,美好-楊梅,2023-07-19,5262
2618,長榮航,81,1,80,美好-楊梅,2023-07-19,5262
2329,華泰,105,27,78,美好-楊梅,2023-07-19,5262
8201,無敵,68,8,60,美好-楊梅,2023-07-19,5262
3363,上詮,63,5,58,美好-楊梅,2023-07-19,5262
00664R,國泰臺灣加權反1,50,0,50,美好-楊梅,2023-07-19,5262
4938,和碩,45,1,44,美好-楊梅,2023-07-19,5262
2890,永豐金,54,10,44,美好-楊梅,2023-07-19,5262
2323,中環,53,9,44,美好-楊梅,2023-07-19,5262
2419,仲琦,51,9,42,美好-楊梅,2023-07-19,5262
3706,神達,170,129,41,美好-楊梅,2023-07-19,5262
1504,東元,42,3,39,美好-楊梅,2023-07-19,5262
2610,華航,59,21,38,美好-楊梅,2023-07-19,5262
2609,陽明,82,45,37,美好-楊梅,2023-07-19,5262
2883,凱基金,42,5,37,美好-楊梅,2023-07-19,5262
2461,光群雷,36,1,35,美好-楊梅,2023-07-19,5262
2324,仁寶,71,36,35,美好-楊梅,2023-07-19,5262
2634,漢翔,33,3,30,美好-楊梅,2023-07-19,5262
00679B,元大美債20年,33,3,30,美好-楊梅,2023-07-19,5262
2108,南帝,30,0,30,美好-楊梅,2023-07-19,5262
00888,永豐台灣ESG,27,0,27,美好-楊梅,2023-07-19,5262
2888,新光金,28,3,25,美好-楊梅,2023-07-19,5262
1609,大亞,28,4,24,美好-楊梅,2023-07-19,5262
00853B,統一美債10年Aa-,24,0,24,美好-楊梅,2023-07-19,5262
2892,第一金,24,0,24,美好-楊梅,2023-07-19,5262
2399,映泰,22,1,21,美好-楊梅,2023-07-19,5262
00671R,富邦NASDAQ反1,20,0,20,美好-楊梅,2023-07-19,5262
00751B,元大AAA至A公司債,20,0,20,美好-楊梅,2023-07-19,5262
2104,國際中橡,20,0,20,美好-楊梅,2023-07-19,5262
00882,中信中國高股息,19,0,19,美好-楊梅,2023-07-19,5262
2317,鴻海,26,8,18,美好-楊梅,2023-07-19,5262
00919,群益台灣精選高息,53,35,18,美好-楊梅,2023-07-19,5262
4532,瑞智,25,7,18,美好-楊梅,2023-07-19,5262
1514,亞力,20,3,17,美好-楊梅,2023-07-19,5262
00725B,國泰投資級公司債,17,0,17,美好-楊梅,2023-07-19,5262
1513,中興電,17,0,17,美好-楊梅,2023-07-19,5262
3231,緯創,18,3,15,美好-楊梅,2023-07-19,5262
2340,台亞,23,9,14,美好-楊梅,2023-07-19,5262
6770,力積電,15,1,14,美好-楊梅,2023-07-19,5262
0050,元大台灣50,13,0,13,美好-楊梅,2023-07-19,5262
00712,復華富時不動產,13,0,13,美好-楊梅,2023-07-19,5262
3057,喬鼎,13,0,13,美好-楊梅,2023-07-19,5262
6161,捷波,16,4,12,美好-楊梅,2023-07-19,5262
3038,全台,12,0,12,美好-楊梅,2023-07-19,5262
6235,華孚,14,2,12,美好-楊梅,2023-07-19,5262
2303,聯電,44,33,11,美好-楊梅,2023-07-19,5262
00900,富邦特選高股息30,356,2,354,美好-楊梅,2023-07-20,5262
00751B,元大AAA至A公司債,61,0,61,美好-楊梅,2023-07-20,5262
5905,南仁湖,60,0,60,美好-楊梅,2023-07-20,5262
00882,中信中國高股息,58,0,58,美好-楊梅,2023-07-20,5262
2887,台新金,50,0,50,美好-楊梅,2023-07-20,5262
4123,晟德,58,10,48,美好-楊梅,2023-07-20,5262
3149,正達,47,0,47,美好-楊梅,2023-07-20,5262
6282,康舒,94,50,44,美好-楊梅,2023-07-20,5262
6220,岳豐,40,0,40,美好-楊梅,2023-07-20,5262
2303,聯電,71,32,39,美好-楊梅,2023-07-20,5262
6120,達運,47,10,37,美好-楊梅,2023-07-20,5262
00929,復華台灣科技優息,34,0,34,美好-楊梅,2023-07-20,5262
1471,首利,30,0,30,美好-楊梅,2023-07-20,5262
1102,亞泥,28,0,28,美好-楊梅,2023-07-20,5262
2352,佳世達,49,24,25,美好-楊梅,2023-07-20,5262
1786,科妍,36,13,23,美好-楊梅,2023-07-20,5262
6150,撼訊,31,8,23,美好-楊梅,2023-07-20,5262
2329,華泰,30,10,20,美好-楊梅,2023-07-20,5262
00919,群益台灣精選高息,20,1,19,美好-楊梅,2023-07-20,5262
00877,復華中國5G,17,0,17,美好-楊梅,2023-07-20,5262
2630,亞航,18,1,17,美好-楊梅,2023-07-20,5262
4541,晟田,17,0,17,美好-楊梅,2023-07-20,5262
6770,力積電,25,8,17,美好-楊梅,2023-07-20,5262
3205,佰研,18,2,16,美好-楊梅,2023-07-20,5262
3037,欣興,22,7,15,美好-楊梅,2023-07-20,5262
3289,宜特,28,14,14,美好-楊梅,2023-07-20,5262
2344,華邦電,15,1,14,美好-楊梅,2023-07-20,5262
2206,三陽工業,40,26,14,美好-楊梅,2023-07-20,5262
6234,高僑,13,0,13,美好-楊梅,2023-07-20,5262
1513,中興電,14,2,12,美好-楊梅,2023-07-20,5262
3057,喬鼎,12,0,12,美好-楊梅,2023-07-20,5262
8050,廣積,14,2,12,美好-楊梅,2023-07-20,5262
5258,虹堡,13,1,12,美好-楊梅,2023-07-20,5262
3264,欣銓,18,6,12,美好-楊梅,2023-07-20,5262
1101,台泥,12,1,11,美好-楊梅,2023-07-20,5262
4919,新唐,14,3,11,美好-楊梅,2023-07-20,5262
6446,藥華藥,10,0,10,美好-楊梅,2023-07-20,5262
00665L,富邦�琤肭磪囓�2,10,0,10,美好-楊梅,2023-07-20,5262
00632R,元大台灣50反1,10,0,10,美好-楊梅,2023-07-20,5262
2419,仲琦,20,10,10,美好-楊梅,2023-07-20,5262
3715,定穎投控,11,1,10,美好-楊梅,2023-07-20,5262
6244,茂迪,10,0,10,美好-楊梅,2023-07-20,5262
6485,點序,10,0,10,美好-楊梅,2023-07-20,5262
8150,南茂,10,0,10,美好-楊梅,2023-07-20,5262
9919,康那香,10,0,10,美好-楊梅,2023-07-20,5262
4175,杏一,11,2,9,美好-楊梅,2023-07-20,5262
4566,時碩工業,10,1,9,美好-楊梅,2023-07-20,5262
2515,中工,11,2,9,美好-楊梅,2023-07-20,5262
2801,彰銀,9,0,9,美好-楊梅,2023-07-20,5262
5608,四維航,11,2,9,美好-楊梅,2023-07-20,5262
9105,泰金寶-DR,110,6,104,美好-楊梅,2023-07-21,5262
3706,神達,94,8,86,美好-楊梅,2023-07-21,5262
2609,陽明,172,111,61,美好-楊梅,2023-07-21,5262
3339,泰谷,40,0,40,美好-楊梅,2023-07-21,5262
00888,永豐台灣ESG,39,0,39,美好-楊梅,2023-07-21,5262
2634,漢翔,53,17,36,美好-楊梅,2023-07-21,5262
1513,中興電,62,31,31,美好-楊梅,2023-07-21,5262
1229,聯華,30,1,29,美好-楊梅,2023-07-21,5262
2303,聯電,62,36,26,美好-楊梅,2023-07-21,5262
2330,台積電,28,2,26,美好-楊梅,2023-07-21,5262
2615,萬海,31,7,24,美好-楊梅,2023-07-21,5262
1809,中釉,20,0,20,美好-楊梅,2023-07-21,5262
2515,中工,20,0,20,美好-楊梅,2023-07-21,5262
5498,凱崴,20,0,20,美好-楊梅,2023-07-21,5262
6546,正基,20,0,20,美好-楊梅,2023-07-21,5262
2382,廣達,50,31,19,美好-楊梅,2023-07-21,5262
2425,承啟,28,10,18,美好-楊梅,2023-07-21,5262
2603,長榮,26,10,16,美好-楊梅,2023-07-21,5262
1101,台泥,25,11,14,美好-楊梅,2023-07-21,5262
2206,三陽工業,20,6,14,美好-楊梅,2023-07-21,5262
6235,華孚,16,3,13,美好-楊梅,2023-07-21,5262
1802,台玻,12,0,12,美好-楊梅,2023-07-21,5262
2887,台新金,12,0,12,美好-楊梅,2023-07-21,5262
8222,寶一,26,14,12,美好-楊梅,2023-07-21,5262
3105,穩懋,14,2,12,美好-楊梅,2023-07-21,5262
1789,神隆,17,6,11,美好-楊梅,2023-07-21,5262
3374,精材,13,2,11,美好-楊梅,2023-07-21,5262
4532,瑞智,20,9,11,美好-楊梅,2023-07-21,5262
5521,工信,11,0,11,美好-楊梅,2023-07-21,5262
2204,中華,10,0,10,美好-楊梅,2023-07-21,5262
00720B,元大投資級公司債,10,0,10,美好-楊梅,2023-07-21,5262
00680L,元大美債20正2,10,0,10,美好-楊梅,2023-07-21,5262
1605,華新,13,3,10,美好-楊梅,2023-07-21,5262
1714,和桐,10,0,10,美好-楊梅,2023-07-21,5262
2380,虹光,10,0,10,美好-楊梅,2023-07-21,5262
3038,全台,10,0,10,美好-楊梅,2023-07-21,5262
3588,通嘉,13,3,10,美好-楊梅,2023-07-21,5262
4164,承業醫,10,0,10,美好-楊梅,2023-07-21,5262
6116,彩晶,11,1,10,美好-楊梅,2023-07-21,5262
8103,瀚荃,10,0,10,美好-楊梅,2023-07-21,5262
9907,統一實,10,0,10,美好-楊梅,2023-07-21,5262
00923,群益台ESG低碳50,9,0,9,美好-楊梅,2023-07-21,5262
2913,農林,10,1,9,美好-楊梅,2023-07-21,5262
4533,協易機,10,1,9,美好-楊梅,2023-07-21,5262
4977,眾達-KY,12,3,9,美好-楊梅,2023-07-21,5262
8076,伍豐,11,2,9,美好-楊梅,2023-07-21,5262
1102,亞泥,9,0,9,美好-楊梅,2023-07-21,5262
2356,英業達,30,21,9,美好-楊梅,2023-07-21,5262
00687B,國泰20年美債,8,0,8,美好-楊梅,2023-07-21,5262
5425,台半,10,2,8,美好-楊梅,2023-07-21,5262
6016,康和證,265,43,222,美好-楊梅,2023-07-24,5262
2323,中環,170,8,162,美好-楊梅,2023-07-24,5262
2887,台新金,92,0,92,美好-楊梅,2023-07-24,5262
1609,大亞,101,27,74,美好-楊梅,2023-07-24,5262
2324,仁寶,68,18,50,美好-楊梅,2023-07-24,5262
4726,永昕,41,2,39,美好-楊梅,2023-07-24,5262
2890,永豐金,34,0,34,美好-楊梅,2023-07-24,5262
00687B,國泰20年美債,31,0,31,美好-楊梅,2023-07-24,5262
00715L,期街口布蘭特正2,40,10,30,美好-楊梅,2023-07-24,5262
2897,王道銀行,30,0,30,美好-楊梅,2023-07-24,5262
1514,亞力,41,12,29,美好-楊梅,2023-07-24,5262
00927,群益半導體收益,28,0,28,美好-楊梅,2023-07-24,5262
2884,玉山金,22,0,22,美好-楊梅,2023-07-24,5262
4533,協易機,40,18,22,美好-楊梅,2023-07-24,5262
2401,凌陽,21,0,21,美好-楊梅,2023-07-24,5262
3518,柏騰,21,0,21,美好-楊梅,2023-07-24,5262
6155,鈞寶,21,0,21,美好-楊梅,2023-07-24,5262
3372,典範,20,0,20,美好-楊梅,2023-07-24,5262
2449,京元電子,19,1,18,美好-楊梅,2023-07-24,5262
2356,英業達,67,49,18,美好-楊梅,2023-07-24,5262
4746,台耀,19,2,17,美好-楊梅,2023-07-24,5262
1102,亞泥,16,0,16,美好-楊梅,2023-07-24,5262
1802,台玻,16,0,16,美好-楊梅,2023-07-24,5262
3338,泰碩,24,9,15,美好-楊梅,2023-07-24,5262
1218,泰山,17,2,15,美好-楊梅,2023-07-24,5262
2489,瑞軒,15,0,15,美好-楊梅,2023-07-24,5262
3707,漢磊,15,0,15,美好-楊梅,2023-07-24,5262
8222,寶一,17,4,13,美好-楊梅,2023-07-24,5262
3025,星通,14,1,13,美好-楊梅,2023-07-24,5262
6112,邁達特,13,0,13,美好-楊梅,2023-07-24,5262
2457,飛宏,13,1,12,美好-楊梅,2023-07-24,5262
2353,宏��,28,16,12,美好-楊梅,2023-07-24,5262
00712,復華富時不動產,11,0,11,美好-楊梅,2023-07-24,5262
4938,和碩,20,9,11,美好-楊梅,2023-07-24,5262
2405,輔信,14,3,11,美好-楊梅,2023-07-24,5262
2461,光群雷,36,25,11,美好-楊梅,2023-07-24,5262
2637,慧洋-KY,11,0,11,美好-楊梅,2023-07-24,5262
6168,宏齊,11,0,11,美好-楊梅,2023-07-24,5262
3013,晟銘電,36,25,11,美好-楊梅,2023-07-24,5262
1227,佳格,10,0,10,美好-楊梅,2023-07-24,5262
00751B,元大AAA至A公司債,10,0,10,美好-楊梅,2023-07-24,5262
00885,富邦越南,10,0,10,美好-楊梅,2023-07-24,5262
1714,和桐,10,0,10,美好-楊梅,2023-07-24,5262
1737,臺鹽,10,0,10,美好-楊梅,2023-07-24,5262
2618,長榮航,16,6,10,美好-楊梅,2023-07-24,5262
3499,環天科,10,0,10,美好-楊梅,2023-07-24,5262
3706,神達,22,12,10,美好-楊梅,2023-07-24,5262
2312,金寶,27,18,9,美好-楊梅,2023-07-24,5262
3694,海華,9,0,9,美好-楊梅,2023-07-24,5262
2365,昆盈,10,2,8,美好-楊梅,2023-07-24,5262
1905,華紙,96,29,67,美好-楊梅,2023-07-25,5262
2610,華航,62,0,62,美好-楊梅,2023-07-25,5262
1609,大亞,75,17,58,美好-楊梅,2023-07-25,5262
3481,群創,58,4,54,美好-楊梅,2023-07-25,5262
00878,國泰永續高股息,133,83,50,美好-楊梅,2023-07-25,5262
5426,振發,51,2,49,美好-楊梅,2023-07-25,5262
00632R,元大台灣50反1,41,0,41,美好-楊梅,2023-07-25,5262
6223,旺矽,40,1,39,美好-楊梅,2023-07-25,5262
6770,力積電,41,6,35,美好-楊梅,2023-07-25,5262
2605,新興,30,0,30,美好-楊梅,2023-07-25,5262
5452,佶優,40,11,29,美好-楊梅,2023-07-25,5262
00900,富邦特選高股息30,36,11,25,美好-楊梅,2023-07-25,5262
2324,仁寶,35,10,25,美好-楊梅,2023-07-25,5262
4953,緯軟,25,3,22,美好-楊梅,2023-07-25,5262
6191,精成科,28,7,21,美好-楊梅,2023-07-25,5262
00712,復華富時不動產,20,0,20,美好-楊梅,2023-07-25,5262
3339,泰谷,20,0,20,美好-楊梅,2023-07-25,5262
4532,瑞智,27,7,20,美好-楊梅,2023-07-25,5262
2883,凱基金,19,0,19,美好-楊梅,2023-07-25,5262
3231,緯創,31,12,19,美好-楊梅,2023-07-25,5262
00772B,中信高評級公司債,18,0,18,美好-楊梅,2023-07-25,5262
2356,英業達,35,17,18,美好-楊梅,2023-07-25,5262
00673R,期元大S＆P原油反1,18,0,18,美好-楊梅,2023-07-25,5262
00687B,國泰20年美債,18,0,18,美好-楊梅,2023-07-25,5262
6796,晉弘,21,4,17,美好-楊梅,2023-07-25,5262
2368,金像電,23,6,17,美好-楊梅,2023-07-25,5262
3037,欣興,31,16,15,美好-楊梅,2023-07-25,5262
1314,中石化,36,21,15,美好-楊梅,2023-07-25,5262
4945,陞達科技,15,0,15,美好-楊梅,2023-07-25,5262
6125,廣運,23,10,13,美好-楊梅,2023-07-25,5262
3305,昇貿,13,0,13,美好-楊梅,2023-07-25,5262
1809,中釉,12,0,12,美好-楊梅,2023-07-25,5262
5469,瀚宇博,25,13,12,美好-楊梅,2023-07-25,5262
6116,彩晶,12,0,12,美好-楊梅,2023-07-25,5262
2618,長榮航,15,3,12,美好-楊梅,2023-07-25,5262
2382,廣達,31,20,11,美好-楊梅,2023-07-25,5262
00679B,元大美債20年,21,10,11,美好-楊梅,2023-07-25,5262
2498,宏達電,32,21,11,美好-楊梅,2023-07-25,5262
00650L,復華香港正2,10,0,10,美好-楊梅,2023-07-25,5262
00919,群益台灣精選高息,12,2,10,美好-楊梅,2023-07-25,5262
2482,連宇,10,0,10,美好-楊梅,2023-07-25,5262
3290,東浦,10,0,10,美好-楊梅,2023-07-25,5262
3715,定穎投控,11,1,10,美好-楊梅,2023-07-25,5262
6166,凌華,12,2,10,美好-楊梅,2023-07-25,5262
2332,友訊,10,1,9,美好-楊梅,2023-07-25,5262
6215,和椿,9,0,9,美好-楊梅,2023-07-25,5262
2301,光寶科,24,16,8,美好-楊梅,2023-07-25,5262
1101,台泥,12,4,8,美好-楊梅,2023-07-25,5262
2464,盟立,12,4,8,美好-楊梅,2023-07-25,5262
3265,台星科,19,11,8,美好-楊梅,2023-07-25,5262
00664R,國泰臺灣加權反1,100,0,100,美好-楊梅,2023-07-26,5262
2337,旺宏,68,0,68,美好-楊梅,2023-07-26,5262
00929,復華台灣科技優息,62,0,62,美好-楊梅,2023-07-26,5262
1504,東元,201,149,52,美好-楊梅,2023-07-26,5262
6282,康舒,85,44,41,美好-楊梅,2023-07-26,5262
1471,首利,49,12,37,美好-楊梅,2023-07-26,5262
2618,長榮航,82,45,37,美好-楊梅,2023-07-26,5262
1786,科妍,35,1,34,美好-楊梅,2023-07-26,5262
6112,邁達特,45,14,31,美好-楊梅,2023-07-26,5262
1514,亞力,42,12,30,美好-楊梅,2023-07-26,5262
2606,裕民,30,0,30,美好-楊梅,2023-07-26,5262
00679B,元大美債20年,26,0,26,美好-楊梅,2023-07-26,5262
00687B,國泰20年美債,34,10,24,美好-楊梅,2023-07-26,5262
2303,聯電,38,15,23,美好-楊梅,2023-07-26,5262
6277,宏正,22,0,22,美好-楊梅,2023-07-26,5262
2520,冠德,20,0,20,美好-楊梅,2023-07-26,5262
2002,中鋼,19,0,19,美好-楊梅,2023-07-26,5262
1609,大亞,34,16,18,美好-楊梅,2023-07-26,5262
2329,華泰,100,83,17,美好-楊梅,2023-07-26,5262
2887,台新金,17,0,17,美好-楊梅,2023-07-26,5262
00878,國泰永續高股息,94,78,16,美好-楊梅,2023-07-26,5262
2392,正崴,16,0,16,美好-楊梅,2023-07-26,5262
1618,合機,29,14,15,美好-楊梅,2023-07-26,5262
6271,同欣電,16,2,14,美好-楊梅,2023-07-26,5262
6275,元山,20,6,14,美好-楊梅,2023-07-26,5262
3059,華晶科,23,9,14,美好-楊梅,2023-07-26,5262
3264,欣銓,14,0,14,美好-楊梅,2023-07-26,5262
3682,亞太電,14,0,14,美好-楊梅,2023-07-26,5262
5386,青雲,14,0,14,美好-楊梅,2023-07-26,5262
6213,聯茂,14,1,13,美好-楊梅,2023-07-26,5262
00751B,元大AAA至A公司債,11,0,11,美好-楊梅,2023-07-26,5262
4938,和碩,13,2,11,美好-楊梅,2023-07-26,5262
8059,凱碩,11,0,11,美好-楊梅,2023-07-26,5262
00712,復華富時不動產,13,2,11,美好-楊梅,2023-07-26,5262
2206,三陽工業,12,2,10,美好-楊梅,2023-07-26,5262
6214,精誠,13,3,10,美好-楊梅,2023-07-26,5262
00680L,元大美債20正2,10,0,10,美好-楊梅,2023-07-26,5262
00919,群益台灣精選高息,10,0,10,美好-楊梅,2023-07-26,5262
1528,恩德,10,0,10,美好-楊梅,2023-07-26,5262
5211,蒙恬,10,0,10,美好-楊梅,2023-07-26,5262
5475,德宏,11,1,10,美好-楊梅,2023-07-26,5262
5608,四維航,10,0,10,美好-楊梅,2023-07-26,5262
6126,信音,10,0,10,美好-楊梅,2023-07-26,5262
1319,東陽,17,8,9,美好-楊梅,2023-07-26,5262
2425,承啟,15,6,9,美好-楊梅,2023-07-26,5262
8109,博大,13,4,9,美好-楊梅,2023-07-26,5262
1605,華新,16,8,8,美好-楊梅,2023-07-26,5262
3055,蔚華科,10,2,8,美好-楊梅,2023-07-26,5262
3189,景碩,9,1,8,美好-楊梅,2023-07-26,5262
1513,中興電,11,3,8,美好-楊梅,2023-07-26,5262
00676R,富邦臺灣加權反1,999,0,999,美好-楊梅,2023-07-27,5262
00632R,元大台灣50反1,230,0,230,美好-楊梅,2023-07-27,5262
2002,中鋼,68,6,62,美好-楊梅,2023-07-27,5262
2369,菱生,125,69,56,美好-楊梅,2023-07-27,5262
00919,群益台灣精選高息,50,3,47,美好-楊梅,2023-07-27,5262
6220,岳豐,40,0,40,美好-楊梅,2023-07-27,5262
1609,大亞,41,7,34,美好-楊梅,2023-07-27,5262
2324,仁寶,48,15,33,美好-楊梅,2023-07-27,5262
2609,陽明,144,118,26,美好-楊梅,2023-07-27,5262
3518,柏騰,25,0,25,美好-楊梅,2023-07-27,5262
00878,國泰永續高股息,54,30,24,美好-楊梅,2023-07-27,5262
3715,定穎投控,25,1,24,美好-楊梅,2023-07-27,5262
00900,富邦特選高股息30,25,1,24,美好-楊梅,2023-07-27,5262
6190,萬泰科,24,2,22,美好-楊梅,2023-07-27,5262
5608,四維航,21,0,21,美好-楊梅,2023-07-27,5262
00679B,元大美債20年,22,2,20,美好-楊梅,2023-07-27,5262
0056,元大高股息,38,18,20,美好-楊梅,2023-07-27,5262
3231,緯創,25,5,20,美好-楊梅,2023-07-27,5262
3049,精金,40,20,20,美好-楊梅,2023-07-27,5262
4108,懷特,20,0,20,美好-楊梅,2023-07-27,5262
3338,泰碩,24,5,19,美好-楊梅,2023-07-27,5262
2317,鴻海,18,3,15,美好-楊梅,2023-07-27,5262
00712,復華富時不動產,14,0,14,美好-楊梅,2023-07-27,5262
1522,堤維西,14,1,13,美好-楊梅,2023-07-27,5262
2353,宏��,14,1,13,美好-楊梅,2023-07-27,5262
6257,矽格,13,0,13,美好-楊梅,2023-07-27,5262
6125,廣運,41,29,12,美好-楊梅,2023-07-27,5262
1504,東元,19,7,12,美好-楊梅,2023-07-27,5262
00673R,期元大S＆P原油反1,11,0,11,美好-楊梅,2023-07-27,5262
2355,敬鵬,11,0,11,美好-楊梅,2023-07-27,5262
3037,欣興,13,3,10,美好-楊梅,2023-07-27,5262
00929,復華台灣科技優息,10,0,10,美好-楊梅,2023-07-27,5262
00641R,富邦日本反1,10,0,10,美好-楊梅,2023-07-27,5262
00674R,期元大S＆P黃金反1,10,0,10,美好-楊梅,2023-07-27,5262
00680L,元大美債20正2,10,0,10,美好-楊梅,2023-07-27,5262
00751B,元大AAA至A公司債,10,0,10,美好-楊梅,2023-07-27,5262
2340,台亞,12,2,10,美好-楊梅,2023-07-27,5262
2633,台灣高鐵,10,0,10,美好-楊梅,2023-07-27,5262
3025,星通,16,6,10,美好-楊梅,2023-07-27,5262
3339,泰谷,10,0,10,美好-楊梅,2023-07-27,5262
3682,亞太電,10,0,10,美好-楊梅,2023-07-27,5262
3710,連展投控,10,0,10,美好-楊梅,2023-07-27,5262
6164,華興,10,0,10,美好-楊梅,2023-07-27,5262
6269,台郡,10,0,10,美好-楊梅,2023-07-27,5262
4123,晟德,12,2,10,美好-楊梅,2023-07-27,5262
2356,英業達,16,6,10,美好-楊梅,2023-07-27,5262
2009,第一銅,10,1,9,美好-楊梅,2023-07-27,5262
4142,國光生,10,1,9,美好-楊梅,2023-07-27,5262
1618,合機,14,6,8,美好-楊梅,2023-07-27,5262
1909,榮成,18,10,8,美好-楊梅,2023-07-27,5262
1727,中華化,103,1,102,美好-楊梅,2023-07-28,5262
1905,華紙,183,103,80,美好-楊梅,2023-07-28,5262
00679B,元大美債20年,71,0,71,美好-楊梅,2023-07-28,5262
00632R,元大台灣50反1,60,0,60,美好-楊梅,2023-07-28,5262
00706L,期元大S＆P日圓正2,60,0,60,美好-楊梅,2023-07-28,5262
3481,群創,92,33,59,美好-楊梅,2023-07-28,5262
1314,中石化,40,3,37,美好-楊梅,2023-07-28,5262
2323,中環,86,50,36,美好-楊梅,2023-07-28,5262
2027,大成鋼,44,10,34,美好-楊梅,2023-07-28,5262
4533,協易機,79,46,33,美好-楊梅,2023-07-28,5262
00751B,元大AAA至A公司債,32,0,32,美好-楊梅,2023-07-28,5262
6016,康和證,33,1,32,美好-楊梅,2023-07-28,5262
00882,中信中國高股息,63,32,31,美好-楊梅,2023-07-28,5262
3339,泰谷,30,0,30,美好-楊梅,2023-07-28,5262
3014,聯陽,30,4,26,美好-楊梅,2023-07-28,5262
6190,萬泰科,38,12,26,美好-楊梅,2023-07-28,5262
00712,復華富時不動產,25,0,25,美好-楊梅,2023-07-28,5262
1504,東元,24,1,23,美好-楊梅,2023-07-28,5262
3570,大塚,23,0,23,美好-楊梅,2023-07-28,5262
2002,中鋼,23,2,21,美好-楊梅,2023-07-28,5262
2610,華航,26,5,21,美好-楊梅,2023-07-28,5262
00680L,元大美債20正2,21,0,21,美好-楊梅,2023-07-28,5262
2427,三商電,31,10,21,美好-楊梅,2023-07-28,5262
6116,彩晶,26,5,21,美好-楊梅,2023-07-28,5262
4188,安克,21,1,20,美好-楊梅,2023-07-28,5262
00633L,富邦上証正2,20,0,20,美好-楊梅,2023-07-28,5262
2369,菱生,25,5,20,美好-楊梅,2023-07-28,5262
3290,東浦,20,0,20,美好-楊梅,2023-07-28,5262
1903,士紙,22,3,19,美好-楊梅,2023-07-28,5262
2312,金寶,22,3,19,美好-楊梅,2023-07-28,5262
2399,映泰,42,23,19,美好-楊梅,2023-07-28,5262
2614,東森,20,1,19,美好-楊梅,2023-07-28,5262
8358,金居,37,18,19,美好-楊梅,2023-07-28,5262
00772B,中信高評級公司債,18,0,18,美好-楊梅,2023-07-28,5262
1785,光洋科,18,0,18,美好-楊梅,2023-07-28,5262
2359,所羅門,33,15,18,美好-楊梅,2023-07-28,5262
1786,科妍,17,0,17,美好-楊梅,2023-07-28,5262
00687B,國泰20年美債,26,10,16,美好-楊梅,2023-07-28,5262
00720B,元大投資級公司債,15,0,15,美好-楊梅,2023-07-28,5262
00673R,期元大S＆P原油反1,13,0,13,美好-楊梅,2023-07-28,5262
2498,宏達電,13,0,13,美好-楊梅,2023-07-28,5262
3264,欣銓,28,15,13,美好-楊梅,2023-07-28,5262
00795B,中信美國公債20年,12,0,12,美好-楊梅,2023-07-28,5262
2401,凌陽,13,1,12,美好-楊梅,2023-07-28,5262
5609,中菲行,10,0,10,美好-楊梅,2023-07-28,5262
00665L,富邦�琤肭磪囓�2,10,0,10,美好-楊梅,2023-07-28,5262
1444,力麗,10,0,10,美好-楊梅,2023-07-28,5262
1460,宏遠,10,0,10,美好-楊梅,2023-07-28,5262
3607,谷崧,10,0,10,美好-楊梅,2023-07-28,5262
4164,承業醫,15,5,10,美好-楊梅,2023-07-28,5262
2312,金寶,328,81,247,美好-楊梅,2023-07-31,5262
2371,大同,154,3,151,美好-楊梅,2023-07-31,5262
2609,陽明,218,94,124,美好-楊梅,2023-07-31,5262
3049,精金,120,5,115,美好-楊梅,2023-07-31,5262
3231,緯創,108,15,93,美好-楊梅,2023-07-31,5262
1314,中石化,104,12,92,美好-楊梅,2023-07-31,5262
2409,友達,105,13,92,美好-楊梅,2023-07-31,5262
00679B,元大美債20年,78,0,78,美好-楊梅,2023-07-31,5262
00929,復華台灣科技優息,80,2,78,美好-楊梅,2023-07-31,5262
2834,臺企銀,102,25,77,美好-楊梅,2023-07-31,5262
2618,長榮航,73,6,67,美好-楊梅,2023-07-31,5262
6190,萬泰科,75,10,65,美好-楊梅,2023-07-31,5262
2329,華泰,125,63,62,美好-楊梅,2023-07-31,5262
2002,中鋼,49,1,48,美好-楊梅,2023-07-31,5262
2382,廣達,107,60,47,美好-楊梅,2023-07-31,5262
2356,英業達,43,11,32,美好-楊梅,2023-07-31,5262
2603,長榮,41,12,29,美好-楊梅,2023-07-31,5262
00900,富邦特選高股息30,35,10,25,美好-楊梅,2023-07-31,5262
6285,啟��,43,20,23,美好-楊梅,2023-07-31,5262
2610,華航,33,11,22,美好-楊梅,2023-07-31,5262
00719B,元大美債1-3,21,0,21,美好-楊梅,2023-07-31,5262
3033,威健,21,0,21,美好-楊梅,2023-07-31,5262
2324,仁寶,42,22,20,美好-楊梅,2023-07-31,5262
4979,華星光,49,29,20,美好-楊梅,2023-07-31,5262
6438,迅得,20,0,20,美好-楊梅,2023-07-31,5262
8033,雷虎,33,13,20,美好-楊梅,2023-07-31,5262
8096,擎亞,20,0,20,美好-楊梅,2023-07-31,5262
6016,康和證,60,41,19,美好-楊梅,2023-07-31,5262
3013,晟銘電,25,8,17,美好-楊梅,2023-07-31,5262
2891,中信金,26,9,17,美好-楊梅,2023-07-31,5262
2353,宏��,19,3,16,美好-楊梅,2023-07-31,5262
6269,台郡,16,1,15,美好-楊梅,2023-07-31,5262
2392,正崴,15,0,15,美好-楊梅,2023-07-31,5262
3163,波若威,24,9,15,美好-楊梅,2023-07-31,5262
3272,東碩,17,2,15,美好-楊梅,2023-07-31,5262
4572,駐龍,18,3,15,美好-楊梅,2023-07-31,5262
1514,亞力,30,16,14,美好-楊梅,2023-07-31,5262
2352,佳世達,21,7,14,美好-楊梅,2023-07-31,5262
2890,永豐金,15,1,14,美好-楊梅,2023-07-31,5262
9912,偉聯,14,0,14,美好-楊梅,2023-07-31,5262
1605,華新,18,5,13,美好-楊梅,2023-07-31,5262
2301,光寶科,43,30,13,美好-楊梅,2023-07-31,5262
2412,中華電,13,0,13,美好-楊梅,2023-07-31,5262
2615,萬海,20,8,12,美好-楊梅,2023-07-31,5262
8059,凱碩,12,0,12,美好-楊梅,2023-07-31,5262
6161,捷波,12,1,11,美好-楊梅,2023-07-31,5262
3374,精材,11,0,11,美好-楊梅,2023-07-31,5262
3666,光耀,14,3,11,美好-楊梅,2023-07-31,5262
00751B,元大AAA至A公司債,10,0,10,美好-楊梅,2023-07-31,5262
00632R,元大台灣50反1,10,0,10,美好-楊梅,2023-07-31,5262
2888,新光金,200,65,135,美好-楊梅,2023-08-01,5262
6282,康舒,111,28,83,美好-楊梅,2023-08-01,5262
00929,復華台灣科技優息,36,0,36,美好-楊梅,2023-08-01,5262
2312,金寶,38,11,27,美好-楊梅,2023-08-01,5262
00919,群益台灣精選高息,26,0,26,美好-楊梅,2023-08-01,5262
2313,華通,26,0,26,美好-楊梅,2023-08-01,5262
2323,中環,26,0,26,美好-楊梅,2023-08-01,5262
2834,臺企銀,23,0,23,美好-楊梅,2023-08-01,5262
8016,矽創,24,1,23,美好-楊梅,2023-08-01,5262
2002,中鋼,21,0,21,美好-楊梅,2023-08-01,5262
2399,映泰,21,0,21,美好-楊梅,2023-08-01,5262
3033,威健,20,0,20,美好-楊梅,2023-08-01,5262
5483,中美晶,21,2,19,美好-楊梅,2023-08-01,5262
2441,超豐,19,0,19,美好-楊梅,2023-08-01,5262
4188,安克,18,0,18,美好-楊梅,2023-08-01,5262
2344,華邦電,22,4,18,美好-楊梅,2023-08-01,5262
3264,欣銓,29,12,17,美好-楊梅,2023-08-01,5262
6829,千附精密,17,0,17,美好-楊梅,2023-08-01,5262
2412,中華電,16,0,16,美好-楊梅,2023-08-01,5262
2498,宏達電,17,2,15,美好-楊梅,2023-08-01,5262
2890,永豐金,18,4,14,美好-楊梅,2023-08-01,5262
2401,凌陽,14,0,14,美好-楊梅,2023-08-01,5262
2301,光寶科,37,24,13,美好-楊梅,2023-08-01,5262
2363,矽統,36,23,13,美好-楊梅,2023-08-01,5262
2609,陽明,64,52,12,美好-楊梅,2023-08-01,5262
6218,豪勉,16,4,12,美好-楊梅,2023-08-01,5262
00900,富邦特選高股息30,12,0,12,美好-楊梅,2023-08-01,5262
1737,臺鹽,12,0,12,美好-楊梅,2023-08-01,5262
3583,辛耘,22,10,12,美好-楊梅,2023-08-01,5262
8027,鈦昇,12,0,12,美好-楊梅,2023-08-01,5262
2338,光罩,11,0,11,美好-楊梅,2023-08-01,5262
00720B,元大投資級公司債,11,0,11,美好-楊梅,2023-08-01,5262
2542,興富發,11,0,11,美好-楊梅,2023-08-01,5262
3025,星通,42,31,11,美好-楊梅,2023-08-01,5262
6153,嘉聯益,11,0,11,美好-楊梅,2023-08-01,5262
6231,系微,12,1,11,美好-楊梅,2023-08-01,5262
00673R,期元大S＆P原油反1,10,0,10,美好-楊梅,2023-08-01,5262
00632R,元大台灣50反1,10,0,10,美好-楊梅,2023-08-01,5262
00882,中信中國高股息,10,0,10,美好-楊梅,2023-08-01,5262
1217,愛之味,10,0,10,美好-楊梅,2023-08-01,5262
1319,東陽,11,1,10,美好-楊梅,2023-08-01,5262
2605,新興,11,1,10,美好-楊梅,2023-08-01,5262
3339,泰谷,10,0,10,美好-楊梅,2023-08-01,5262
6217,中探針,10,0,10,美好-楊梅,2023-08-01,5262
2359,所羅門,10,1,9,美好-楊梅,2023-08-01,5262
2409,友達,10,1,9,美好-楊梅,2023-08-01,5262
3032,偉訓,10,1,9,美好-楊梅,2023-08-01,5262
3044,健鼎,10,1,9,美好-楊梅,2023-08-01,5262
6770,力積電,14,5,9,美好-楊梅,2023-08-01,5262
3105,穩懋,8,0,8,美好-楊梅,2023-08-01,5262
2801,彰銀,810,0,810,美好-楊梅,2023-08-02,5262
1312,國喬,118,0,118,美好-楊梅,2023-08-02,5262
2618,長榮航,103,17,86,美好-楊梅,2023-08-02,5262
00712,復華富時不動產,84,0,84,美好-楊梅,2023-08-02,5262
00923,群益台ESG低碳50,83,0,83,美好-楊梅,2023-08-02,5262
2441,超豐,81,0,81,美好-楊梅,2023-08-02,5262
00679B,元大美債20年,97,20,77,美好-楊梅,2023-08-02,5262
00751B,元大AAA至A公司債,74,0,74,美好-楊梅,2023-08-02,5262
2002,中鋼,66,0,66,美好-楊梅,2023-08-02,5262
1611,中電,72,12,60,美好-楊梅,2023-08-02,5262
00795B,中信美國公債20年,47,0,47,美好-楊梅,2023-08-02,5262
00900,富邦特選高股息30,70,24,46,美好-楊梅,2023-08-02,5262
00929,復華台灣科技優息,44,0,44,美好-楊梅,2023-08-02,5262
1605,華新,164,120,44,美好-楊梅,2023-08-02,5262
00893,國泰智能電動車,38,4,34,美好-楊梅,2023-08-02,5262
00700,富邦�琤肭磪�,33,0,33,美好-楊梅,2023-08-02,5262
2323,中環,31,0,31,美好-楊梅,2023-08-02,5262
00673R,期元大S＆P原油反1,30,0,30,美好-楊梅,2023-08-02,5262
3011,今皓,30,0,30,美好-楊梅,2023-08-02,5262
4533,協易機,32,2,30,美好-楊梅,2023-08-02,5262
2382,廣達,81,51,30,美好-楊梅,2023-08-02,5262
3715,定穎投控,27,0,27,美好-楊梅,2023-08-02,5262
2301,光寶科,41,16,25,美好-楊梅,2023-08-02,5262
00905,FT臺灣Smart,24,0,24,美好-楊梅,2023-08-02,5262
00881,國泰台灣5G+,25,1,24,美好-楊梅,2023-08-02,5262
3264,欣銓,28,4,24,美好-楊梅,2023-08-02,5262
6167,久正,24,0,24,美好-楊梅,2023-08-02,5262
3037,欣興,35,12,23,美好-楊梅,2023-08-02,5262
2884,玉山金,21,0,21,美好-楊梅,2023-08-02,5262
00674R,期元大S＆P黃金反1,20,0,20,美好-楊梅,2023-08-02,5262
1460,宏遠,20,0,20,美好-楊梅,2023-08-02,5262
4164,承業醫,20,0,20,美好-楊梅,2023-08-02,5262
8064,東捷,20,0,20,美好-楊梅,2023-08-02,5262
8933,愛地雅,20,0,20,美好-楊梅,2023-08-02,5262
2603,長榮,27,7,20,美好-楊梅,2023-08-02,5262
00687B,國泰20年美債,19,0,19,美好-楊梅,2023-08-02,5262
2312,金寶,21,3,18,美好-楊梅,2023-08-02,5262
6285,啟��,27,9,18,美好-楊梅,2023-08-02,5262
2834,臺企銀,58,40,18,美好-楊梅,2023-08-02,5262
2609,陽明,97,80,17,美好-楊梅,2023-08-02,5262
2303,聯電,34,18,16,美好-楊梅,2023-08-02,5262
2883,凱基金,17,2,15,美好-楊梅,2023-08-02,5262
1802,台玻,20,6,14,美好-楊梅,2023-08-02,5262
2498,宏達電,27,13,14,美好-楊梅,2023-08-02,5262
2317,鴻海,14,1,13,美好-楊梅,2023-08-02,5262
1101,台泥,13,0,13,美好-楊梅,2023-08-02,5262
2885,元大金,12,0,12,美好-楊梅,2023-08-02,5262
1616,億泰,12,0,12,美好-楊梅,2023-08-02,5262
3081,聯亞,11,0,11,美好-楊梅,2023-08-02,5262
00680L,元大美債20正2,11,0,11,美好-楊梅,2023-08-02,5262
00712,復華富時不動產,143,1,142,美好-楊梅,2023-08-04,5262
2369,菱生,130,0,130,美好-楊梅,2023-08-04,5262
1312,國喬,112,0,112,美好-楊梅,2023-08-04,5262
2891,中信金,111,0,111,美好-楊梅,2023-08-04,5262
00679B,元大美債20年,109,6,103,美好-楊梅,2023-08-04,5262
1605,華新,100,13,87,美好-楊梅,2023-08-04,5262
00751B,元大AAA至A公司債,86,0,86,美好-楊梅,2023-08-04,5262
00878,國泰永續高股息,151,67,84,美好-楊梅,2023-08-04,5262
1609,大亞,97,14,83,美好-楊梅,2023-08-04,5262
00929,復華台灣科技優息,86,4,82,美好-楊梅,2023-08-04,5262
2382,廣達,135,65,70,美好-楊梅,2023-08-04,5262
00900,富邦特選高股息30,67,0,67,美好-楊梅,2023-08-04,5262
2344,華邦電,59,7,52,美好-楊梅,2023-08-04,5262
00664R,國泰臺灣加權反1,50,0,50,美好-楊梅,2023-08-04,5262
00720B,元大投資級公司債,47,0,47,美好-楊梅,2023-08-04,5262
2618,長榮航,39,2,37,美好-楊梅,2023-08-04,5262
00772B,中信高評級公司債,36,0,36,美好-楊梅,2023-08-04,5262
3706,神達,47,11,36,美好-楊梅,2023-08-04,5262
2425,承啟,36,3,33,美好-楊梅,2023-08-04,5262
2892,第一金,32,0,32,美好-楊梅,2023-08-04,5262
3231,緯創,112,81,31,美好-楊梅,2023-08-04,5262
00687B,國泰20年美債,34,3,31,美好-楊梅,2023-08-04,5262
00923,群益台ESG低碳50,28,0,28,美好-楊梅,2023-08-04,5262
2887,台新金,27,0,27,美好-楊梅,2023-08-04,5262
6164,華興,26,0,26,美好-楊梅,2023-08-04,5262
2206,三陽工業,24,0,24,美好-楊梅,2023-08-04,5262
2498,宏達電,36,12,24,美好-楊梅,2023-08-04,5262
4746,台耀,27,3,24,美好-楊梅,2023-08-04,5262
1785,光洋科,22,0,22,美好-楊梅,2023-08-04,5262
00680L,元大美債20正2,20,0,20,美好-楊梅,2023-08-04,5262
2409,友達,24,4,20,美好-楊梅,2023-08-04,5262
2630,亞航,19,0,19,美好-楊梅,2023-08-04,5262
1905,華紙,38,20,18,美好-楊梅,2023-08-04,5262
00722B,群益投資級電信債,17,0,17,美好-楊梅,2023-08-04,5262
2610,華航,17,0,17,美好-楊梅,2023-08-04,5262
6282,康舒,35,19,16,美好-楊梅,2023-08-04,5262
2888,新光金,125,110,15,美好-楊梅,2023-08-04,5262
00795B,中信美國公債20年,14,0,14,美好-楊梅,2023-08-04,5262
2401,凌陽,24,11,13,美好-楊梅,2023-08-04,5262
3552,同致,12,0,12,美好-楊梅,2023-08-04,5262
00673R,期元大S＆P原油反1,10,0,10,美好-楊梅,2023-08-04,5262
00725B,國泰投資級公司債,10,0,10,美好-楊梅,2023-08-04,5262
1717,長興,10,0,10,美好-楊梅,2023-08-04,5262
2867,三商壽,10,0,10,美好-楊梅,2023-08-04,5262
6153,嘉聯益,10,0,10,美好-楊梅,2023-08-04,5262
8076,伍豐,10,0,10,美好-楊梅,2023-08-04,5262
1216,統一,9,0,9,美好-楊梅,2023-08-04,5262
1584,精剛,11,2,9,美好-楊梅,2023-08-04,5262
1802,台玻,26,17,9,美好-楊梅,2023-08-04,5262
5347,世界,9,0,9,美好-楊梅,2023-08-04,5262
00751B,元大AAA至A公司債,140,0,140,美好-楊梅,2023-08-07,5262
2002,中鋼,103,1,102,美好-楊梅,2023-08-07,5262
6016,康和證,100,0,100,美好-楊梅,2023-08-07,5262
2913,農林,80,5,75,美好-楊梅,2023-08-07,5262
00900,富邦特選高股息30,73,5,68,美好-楊梅,2023-08-07,5262
2603,長榮,63,1,62,美好-楊梅,2023-08-07,5262
00929,復華台灣科技優息,53,0,53,美好-楊梅,2023-08-07,5262
2014,中鴻,105,52,53,美好-楊梅,2023-08-07,5262
00931B,統一美債20年,57,15,42,美好-楊梅,2023-08-07,5262
2610,華航,64,24,40,美好-楊梅,2023-08-07,5262
2609,陽明,49,15,34,美好-楊梅,2023-08-07,5262
3706,神達,53,19,34,美好-楊梅,2023-08-07,5262
00878,國泰永續高股息,40,7,33,美好-楊梅,2023-08-07,5262
2618,長榮航,77,46,31,美好-楊梅,2023-08-07,5262
2834,臺企銀,31,1,30,美好-楊梅,2023-08-07,5262
00882,中信中國高股息,28,0,28,美好-楊梅,2023-08-07,5262
00687B,國泰20年美債,27,1,26,美好-楊梅,2023-08-07,5262
2388,威盛,32,6,26,美好-楊梅,2023-08-07,5262
1609,大亞,36,11,25,美好-楊梅,2023-08-07,5262
00637L,元大滬深300正2,24,0,24,美好-楊梅,2023-08-07,5262
4923,力士,24,0,24,美好-楊梅,2023-08-07,5262
2425,承啟,24,1,23,美好-楊梅,2023-08-07,5262
1312,國喬,20,0,20,美好-楊梅,2023-08-07,5262
2605,新興,20,0,20,美好-楊梅,2023-08-07,5262
2369,菱生,30,12,18,美好-楊梅,2023-08-07,5262
2891,中信金,18,0,18,美好-楊梅,2023-08-07,5262
6275,元山,28,11,17,美好-楊梅,2023-08-07,5262
00795B,中信美國公債20年,15,0,15,美好-楊梅,2023-08-07,5262
00923,群益台ESG低碳50,14,0,14,美好-楊梅,2023-08-07,5262
2303,聯電,17,3,14,美好-楊梅,2023-08-07,5262
6147,頎邦,14,0,14,美好-楊梅,2023-08-07,5262
3552,同致,13,0,13,美好-楊梅,2023-08-07,5262
1905,華紙,41,29,12,美好-楊梅,2023-08-07,5262
00673R,期元大S＆P原油反1,11,0,11,美好-楊梅,2023-08-07,5262
00636,國泰中國A50,11,0,11,美好-楊梅,2023-08-07,5262
6269,台郡,11,0,11,美好-楊梅,2023-08-07,5262
6770,力積電,11,0,11,美好-楊梅,2023-08-07,5262
5009,榮剛,22,11,11,美好-楊梅,2023-08-07,5262
00632R,元大台灣50反1,10,0,10,美好-楊梅,2023-08-07,5262
00720B,元大投資級公司債,10,0,10,美好-楊梅,2023-08-07,5262
4938,和碩,11,1,10,美好-楊梅,2023-08-07,5262
5439,高技,11,1,10,美好-楊梅,2023-08-07,5262
6438,迅得,10,0,10,美好-楊梅,2023-08-07,5262
2317,鴻海,11,2,9,美好-楊梅,2023-08-07,5262
1522,堤維西,10,1,9,美好-楊梅,2023-08-07,5262
4909,新復興,9,0,9,美好-楊梅,2023-08-07,5262
8930,青鋼,9,0,9,美好-楊梅,2023-08-07,5262
3024,憶聲,8,0,8,美好-楊梅,2023-08-07,5262
3163,波若威,18,10,8,美好-楊梅,2023-08-07,5262
5285,界霖,8,0,8,美好-楊梅,2023-08-07,5262
00878,國泰永續高股息,147,23,124,美好-楊梅,2023-08-08,5262
3231,緯創,142,48,94,美好-楊梅,2023-08-08,5262
00751B,元大AAA至A公司債,58,0,58,美好-楊梅,2023-08-08,5262
2801,彰銀,57,0,57,美好-楊梅,2023-08-08,5262
00931B,統一美債20年,52,2,50,美好-楊梅,2023-08-08,5262
2303,聯電,60,16,44,美好-楊梅,2023-08-08,5262
00929,復華台灣科技優息,42,0,42,美好-楊梅,2023-08-08,5262
2630,亞航,58,17,41,美好-楊梅,2023-08-08,5262
2356,英業達,71,31,40,美好-楊梅,2023-08-08,5262
00907,永豐優息存股,31,0,31,美好-楊梅,2023-08-08,5262
2888,新光金,41,11,30,美好-楊梅,2023-08-08,5262
00923,群益台ESG低碳50,30,0,30,美好-楊梅,2023-08-08,5262
2371,大同,36,7,29,美好-楊梅,2023-08-08,5262
3025,星通,106,84,22,美好-楊梅,2023-08-08,5262
6201,亞弘電,21,0,21,美好-楊梅,2023-08-08,5262
00673R,期元大S＆P原油反1,20,0,20,美好-楊梅,2023-08-08,5262
1314,中石化,20,0,20,美好-楊梅,2023-08-08,5262
3011,今皓,20,0,20,美好-楊梅,2023-08-08,5262
6016,康和證,20,0,20,美好-楊梅,2023-08-08,5262
2382,廣達,71,53,18,美好-楊梅,2023-08-08,5262
2498,宏達電,20,2,18,美好-楊梅,2023-08-08,5262
2464,盟立,16,0,16,美好-楊梅,2023-08-08,5262
00772B,中信高評級公司債,15,0,15,美好-楊梅,2023-08-08,5262
6150,撼訊,14,0,14,美好-楊梅,2023-08-08,5262
3128,昇銳,13,0,13,美好-楊梅,2023-08-08,5262
2401,凌陽,12,0,12,美好-楊梅,2023-08-08,5262
2492,華新科,12,0,12,美好-楊梅,2023-08-08,5262
0050,元大台灣50,12,0,12,美好-楊梅,2023-08-08,5262
00882,中信中國高股息,11,0,11,美好-楊梅,2023-08-08,5262
00881,國泰台灣5G+,12,1,11,美好-楊梅,2023-08-08,5262
00927,群益半導體收益,12,1,11,美好-楊梅,2023-08-08,5262
2449,京元電子,103,92,11,美好-楊梅,2023-08-08,5262
6248,沛波,11,0,11,美好-楊梅,2023-08-08,5262
2615,萬海,21,10,11,美好-楊梅,2023-08-08,5262
1101,台泥,10,0,10,美好-楊梅,2023-08-08,5262
2367,燿華,10,0,10,美好-楊梅,2023-08-08,5262
2392,正崴,13,3,10,美好-楊梅,2023-08-08,5262
2890,永豐金,10,0,10,美好-楊梅,2023-08-08,5262
3033,威健,10,0,10,美好-楊梅,2023-08-08,5262
3264,欣銓,12,2,10,美好-楊梅,2023-08-08,5262
6185,幃翔,15,5,10,美好-楊梅,2023-08-08,5262
6415,矽力*-KY,10,0,10,美好-楊梅,2023-08-08,5262
2002,中鋼,11,2,9,美好-楊梅,2023-08-08,5262
8932,智通*,9,0,9,美好-楊梅,2023-08-08,5262
6285,啟��,11,2,9,美好-楊梅,2023-08-08,5262
6274,台燿,13,5,8,美好-楊梅,2023-08-08,5262
6275,元山,10,2,8,美好-楊梅,2023-08-08,5262
2301,光寶科,23,15,8,美好-楊梅,2023-08-08,5262
2884,玉山金,7,0,7,美好-楊梅,2023-08-08,5262
00891,中信關鍵半導體,7,0,7,美好-楊梅,2023-08-08,5262
2834,臺企銀,352,10,342,美好-楊梅,2023-08-09,5262
1314,中石化,145,0,145,美好-楊梅,2023-08-09,5262
00931B,統一美債20年,132,0,132,美好-楊梅,2023-08-09,5262
00751B,元大AAA至A公司債,105,0,105,美好-楊梅,2023-08-09,5262
2356,英業達,101,23,78,美好-楊梅,2023-08-09,5262
00900,富邦特選高股息30,71,0,71,美好-楊梅,2023-08-09,5262
00632R,元大台灣50反1,60,0,60,美好-楊梅,2023-08-09,5262
6248,沛波,59,0,59,美好-楊梅,2023-08-09,5262
4953,緯軟,43,0,43,美好-楊梅,2023-08-09,5262
1312,國喬,41,0,41,美好-楊梅,2023-08-09,5262
00929,復華台灣科技優息,30,0,30,美好-楊梅,2023-08-09,5262
00712,復華富時不動產,28,0,28,美好-楊梅,2023-08-09,5262
1514,亞力,31,7,24,美好-楊梅,2023-08-09,5262
00679B,元大美債20年,22,0,22,美好-楊梅,2023-08-09,5262
2542,興富發,22,0,22,美好-楊梅,2023-08-09,5262
2609,陽明,39,17,22,美好-楊梅,2023-08-09,5262
2382,廣達,41,20,21,美好-楊梅,2023-08-09,5262
4977,眾達-KY,21,0,21,美好-楊梅,2023-08-09,5262
2801,彰銀,20,0,20,美好-楊梅,2023-08-09,5262
2890,永豐金,38,19,19,美好-楊梅,2023-08-09,5262
1210,大成,22,4,18,美好-楊梅,2023-08-09,5262
00795B,中信美國公債20年,13,0,13,美好-楊梅,2023-08-09,5262
2605,新興,20,7,13,美好-楊梅,2023-08-09,5262
00882,中信中國高股息,12,0,12,美好-楊梅,2023-08-09,5262
2376,技嘉,41,29,12,美好-楊梅,2023-08-09,5262
3231,緯創,62,50,12,美好-楊梅,2023-08-09,5262
2867,三商壽,11,0,11,美好-楊梅,2023-08-09,5262
9945,潤泰新,12,1,11,美好-楊梅,2023-08-09,5262
00673R,期元大S＆P原油反1,10,0,10,美好-楊梅,2023-08-09,5262
1504,東元,10,0,10,美好-楊梅,2023-08-09,5262
1714,和桐,10,0,10,美好-楊梅,2023-08-09,5262
2380,虹光,10,0,10,美好-楊梅,2023-08-09,5262
2399,映泰,10,0,10,美好-楊梅,2023-08-09,5262
2606,裕民,10,0,10,美好-楊梅,2023-08-09,5262
2634,漢翔,12,2,10,美好-楊梅,2023-08-09,5262
2887,台新金,10,0,10,美好-楊梅,2023-08-09,5262
6190,萬泰科,12,2,10,美好-楊梅,2023-08-09,5262
2329,華泰,32,23,9,美好-楊梅,2023-08-09,5262
00687B,國泰20年美債,9,0,9,美好-楊梅,2023-08-09,5262
1605,華新,27,18,9,美好-楊梅,2023-08-09,5262
2316,楠梓電,10,1,9,美好-楊梅,2023-08-09,5262
1609,大亞,14,6,8,美好-楊梅,2023-08-09,5262
00665L,富邦�琤肭磪囓�2,78,70,8,美好-楊梅,2023-08-09,5262
2405,輔信,8,0,8,美好-楊梅,2023-08-09,5262
2352,佳世達,9,2,7,美好-楊梅,2023-08-09,5262
3034,聯詠,8,2,6,美好-楊梅,2023-08-09,5262
3363,上詮,6,0,6,美好-楊梅,2023-08-09,5262
3268,海德威,6,0,6,美好-楊梅,2023-08-09,5262
3362,先進光,8,2,6,美好-楊梅,2023-08-09,5262
3356,奇偶,7,1,6,美好-楊梅,2023-08-09,5262
2834,臺企銀,350,8,342,美好-楊梅,2023-08-10,5262
00878,國泰永續高股息,229,23,206,美好-楊梅,2023-08-10,5262
00900,富邦特選高股息30,139,0,139,美好-楊梅,2023-08-10,5262
00929,復華台灣科技優息,93,0,93,美好-楊梅,2023-08-10,5262
00931B,統一美債20年,85,3,82,美好-楊梅,2023-08-10,5262
2610,華航,172,112,60,美好-楊梅,2023-08-10,5262
2382,廣達,72,12,60,美好-楊梅,2023-08-10,5262
2801,彰銀,42,0,42,美好-楊梅,2023-08-10,5262
00927,群益半導體收益,30,0,30,美好-楊梅,2023-08-10,5262
6016,康和證,30,0,30,美好-楊梅,2023-08-10,5262
1446,宏和,24,0,24,美好-楊梅,2023-08-10,5262
4977,眾達-KY,23,0,23,美好-楊梅,2023-08-10,5262
2609,陽明,82,61,21,美好-楊梅,2023-08-10,5262
00674R,期元大S＆P黃金反1,20,0,20,美好-楊梅,2023-08-10,5262
1714,和桐,20,0,20,美好-楊梅,2023-08-10,5262
5498,凱崴,20,0,20,美好-楊梅,2023-08-10,5262
6112,邁達特,23,3,20,美好-楊梅,2023-08-10,5262
2002,中鋼,18,0,18,美好-楊梅,2023-08-10,5262
2883,凱基金,23,6,17,美好-楊梅,2023-08-10,5262
3032,偉訓,17,0,17,美好-楊梅,2023-08-10,5262
00923,群益台ESG低碳50,16,0,16,美好-楊梅,2023-08-10,5262
5328,華容,15,0,15,美好-楊梅,2023-08-10,5262
3231,緯創,61,47,14,美好-楊梅,2023-08-10,5262
2303,聯電,30,16,14,美好-楊梅,2023-08-10,5262
3260,威剛,16,2,14,美好-楊梅,2023-08-10,5262
2344,華邦電,13,1,12,美好-楊梅,2023-08-10,5262
1605,華新,12,1,11,美好-楊梅,2023-08-10,5262
00636,國泰中國A50,11,0,11,美好-楊梅,2023-08-10,5262
00679B,元大美債20年,16,5,11,美好-楊梅,2023-08-10,5262
1612,宏泰,11,0,11,美好-楊梅,2023-08-10,5262
3346,麗清,12,1,11,美好-楊梅,2023-08-10,5262
6125,廣運,13,2,11,美好-楊梅,2023-08-10,5262
6153,嘉聯益,11,0,11,美好-楊梅,2023-08-10,5262
00881,國泰台灣5G+,12,2,10,美好-楊梅,2023-08-10,5262
00877,復華中國5G,10,0,10,美好-楊梅,2023-08-10,5262
00673R,期元大S＆P原油反1,10,0,10,美好-楊梅,2023-08-10,5262
00633L,富邦上証正2,10,0,10,美好-楊梅,2023-08-10,5262
2367,燿華,10,0,10,美好-楊梅,2023-08-10,5262
2476,鉅祥,10,0,10,美好-楊梅,2023-08-10,5262
2516,新建,11,1,10,美好-楊梅,2023-08-10,5262
2618,長榮航,16,6,10,美好-楊梅,2023-08-10,5262
2887,台新金,10,0,10,美好-楊梅,2023-08-10,5262
3552,同致,10,0,10,美好-楊梅,2023-08-10,5262
3666,光耀,10,0,10,美好-楊梅,2023-08-10,5262
8926,台汽電,11,1,10,美好-楊梅,2023-08-10,5262
9934,成霖,10,0,10,美好-楊梅,2023-08-10,5262
0056,元大高股息,32,22,10,美好-楊梅,2023-08-10,5262
6285,啟��,11,2,9,美好-楊梅,2023-08-10,5262
1609,大亞,17,8,9,美好-楊梅,2023-08-10,5262
3037,欣興,13,4,9,美好-楊梅,2023-08-10,5262
2834,臺企銀,251,3,248,美好-楊梅,2023-08-11,5262
00929,復華台灣科技優息,105,1,104,美好-楊梅,2023-08-11,5262
00637L,元大滬深300正2,113,10,103,美好-楊梅,2023-08-11,5262
2888,新光金,129,49,80,美好-楊梅,2023-08-11,5262
00931B,統一美債20年,85,10,75,美好-楊梅,2023-08-11,5262
00900,富邦特選高股息30,72,0,72,美好-楊梅,2023-08-11,5262
2892,第一金,59,0,59,美好-楊梅,2023-08-11,5262
2382,廣達,121,63,58,美好-楊梅,2023-08-11,5262
00679B,元大美債20年,55,5,50,美好-楊梅,2023-08-11,5262
8930,青鋼,43,0,43,美好-楊梅,2023-08-11,5262
2002,中鋼,34,0,34,美好-楊梅,2023-08-11,5262
3483,力致,34,0,34,美好-楊梅,2023-08-11,5262
2905,三商,30,0,30,美好-楊梅,2023-08-11,5262
2634,漢翔,31,2,29,美好-楊梅,2023-08-11,5262
2317,鴻海,30,3,27,美好-楊梅,2023-08-11,5262
2801,彰銀,26,0,26,美好-楊梅,2023-08-11,5262
6203,海韻電,25,0,25,美好-楊梅,2023-08-11,5262
2356,英業達,103,80,23,美好-楊梅,2023-08-11,5262
00632R,元大台灣50反1,20,0,20,美好-楊梅,2023-08-11,5262
00673R,期元大S＆P原油反1,20,0,20,美好-楊梅,2023-08-11,5262
8410,森田,20,0,20,美好-楊梅,2023-08-11,5262
00882,中信中國高股息,20,0,20,美好-楊梅,2023-08-11,5262
00772B,中信高評級公司債,20,0,20,美好-楊梅,2023-08-11,5262
3305,昇貿,20,1,19,美好-楊梅,2023-08-11,5262
6770,力積電,17,0,17,美好-楊梅,2023-08-11,5262
1609,大亞,22,5,17,美好-楊梅,2023-08-11,5262
00687B,國泰20年美債,21,5,16,美好-楊梅,2023-08-11,5262
3706,神達,20,4,16,美好-楊梅,2023-08-11,5262
00636,國泰中國A50,16,1,15,美好-楊梅,2023-08-11,5262
5203,訊連,15,0,15,美好-楊梅,2023-08-11,5262
1608,華榮,14,0,14,美好-楊梅,2023-08-11,5262
2392,正崴,14,1,13,美好-楊梅,2023-08-11,5262
2618,長榮航,67,54,13,美好-楊梅,2023-08-11,5262
3290,東浦,13,0,13,美好-楊梅,2023-08-11,5262
3583,辛耘,20,7,13,美好-楊梅,2023-08-11,5262
3264,欣銓,12,0,12,美好-楊梅,2023-08-11,5262
3356,奇偶,19,7,12,美好-楊梅,2023-08-11,5262
6672,騰輝電子-KY,12,1,11,美好-楊梅,2023-08-11,5262
2344,華邦電,12,1,11,美好-楊梅,2023-08-11,5262
5469,瀚宇博,11,0,11,美好-楊梅,2023-08-11,5262
3189,景碩,10,0,10,美好-楊梅,2023-08-11,5262
6561,是方,10,0,10,美好-楊梅,2023-08-11,5262
1712,興農,10,0,10,美好-楊梅,2023-08-11,5262
2207,和泰車,10,0,10,美好-楊梅,2023-08-11,5262
4915,致伸,10,0,10,美好-楊梅,2023-08-11,5262
6016,康和證,10,0,10,美好-楊梅,2023-08-11,5262
9103,美德醫療-DR,10,0,10,美好-楊梅,2023-08-11,5262
9939,宏全,10,0,10,美好-楊梅,2023-08-11,5262
2481,強茂,9,0,9,美好-楊梅,2023-08-11,5262
1815,富喬,10,1,9,美好-楊梅,2023-08-11,5262
2323,中環,222,12,210,美好-楊梅,2023-08-14,5262
00929,復華台灣科技優息,136,1,135,美好-楊梅,2023-08-14,5262
00900,富邦特選高股息30,114,3,111,美好-楊梅,2023-08-14,5262
00878,國泰永續高股息,90,11,79,美好-楊梅,2023-08-14,5262
2610,華航,185,110,75,美好-楊梅,2023-08-14,5262
3025,星通,64,0,64,美好-楊梅,2023-08-14,5262
6770,力積電,68,5,63,美好-楊梅,2023-08-14,5262
2618,長榮航,180,123,57,美好-楊梅,2023-08-14,5262
6116,彩晶,52,0,52,美好-楊梅,2023-08-14,5262
1312,國喬,50,0,50,美好-楊梅,2023-08-14,5262
2002,中鋼,50,3,47,美好-楊梅,2023-08-14,5262
2401,凌陽,42,1,41,美好-楊梅,2023-08-14,5262
6167,久正,43,5,38,美好-楊梅,2023-08-14,5262
2890,永豐金,35,0,35,美好-楊梅,2023-08-14,5262
00679B,元大美債20年,34,0,34,美好-楊梅,2023-08-14,5262
00637L,元大滬深300正2,33,0,33,美好-楊梅,2023-08-14,5262
3231,緯創,46,22,24,美好-楊梅,2023-08-14,5262
00923,群益台ESG低碳50,23,0,23,美好-楊梅,2023-08-14,5262
00636,國泰中國A50,22,0,22,美好-楊梅,2023-08-14,5262
2883,凱基金,32,10,22,美好-楊梅,2023-08-14,5262
1319,東陽,22,1,21,美好-楊梅,2023-08-14,5262
2441,超豐,20,0,20,美好-楊梅,2023-08-14,5262
2891,中信金,29,9,20,美好-楊梅,2023-08-14,5262
2812,台中銀,17,0,17,美好-楊梅,2023-08-14,5262
2609,陽明,83,67,16,美好-楊梅,2023-08-14,5262
1815,富喬,16,0,16,美好-楊梅,2023-08-14,5262
0056,元大高股息,31,16,15,美好-楊梅,2023-08-14,5262
2889,國票金,14,0,14,美好-楊梅,2023-08-14,5262
1795,美時,17,4,13,美好-楊梅,2023-08-14,5262
1513,中興電,18,5,13,美好-楊梅,2023-08-14,5262
2834,臺企銀,12,0,12,美好-楊梅,2023-08-14,5262
2887,台新金,15,3,12,美好-楊梅,2023-08-14,5262
3715,定穎投控,14,3,11,美好-楊梅,2023-08-14,5262
1101,台泥,12,1,11,美好-楊梅,2023-08-14,5262
2014,中鴻,16,5,11,美好-楊梅,2023-08-14,5262
2313,華通,12,1,11,美好-楊梅,2023-08-14,5262
2355,敬鵬,11,0,11,美好-楊梅,2023-08-14,5262
00751B,元大AAA至A公司債,10,0,10,美好-楊梅,2023-08-14,5262
00919,群益台灣精選高息,10,0,10,美好-楊梅,2023-08-14,5262
00674R,期元大S＆P黃金反1,10,0,10,美好-楊梅,2023-08-14,5262
00673R,期元大S＆P原油反1,10,0,10,美好-楊梅,2023-08-14,5262
2511,太子,10,0,10,美好-楊梅,2023-08-14,5262
6016,康和證,10,0,10,美好-楊梅,2023-08-14,5262
8114,振樺電,10,0,10,美好-楊梅,2023-08-14,5262
2727,王品,11,1,10,美好-楊梅,2023-08-14,5262
2344,華邦電,11,2,9,美好-楊梅,2023-08-14,5262
3189,景碩,10,1,9,美好-楊梅,2023-08-14,5262
3037,欣興,9,1,8,美好-楊梅,2023-08-14,5262
2603,長榮,9,1,8,美好-楊梅,2023-08-14,5262
2736,富野,8,0,8,美好-楊梅,2023-08-14,5262
00923,群益台ESG低碳50,142,0,142,美好-楊梅,2023-08-15,5262
00679B,元大美債20年,116,0,116,美好-楊梅,2023-08-15,5262
00648R,元大S＆P500反1,110,0,110,美好-楊梅,2023-08-15,5262
00753L,中信中國50正2,100,0,100,美好-楊梅,2023-08-15,5262
00900,富邦特選高股息30,83,11,72,美好-楊梅,2023-08-15,5262
2317,鴻海,72,6,66,美好-楊梅,2023-08-15,5262
2014,中鴻,53,0,53,美好-楊梅,2023-08-15,5262
00929,復華台灣科技優息,51,0,51,美好-楊梅,2023-08-15,5262
00664R,國泰臺灣加權反1,50,0,50,美好-楊梅,2023-08-15,5262
1471,首利,52,4,48,美好-楊梅,2023-08-15,5262
2363,矽統,59,16,43,美好-楊梅,2023-08-15,5262
00893,國泰智能電動車,43,0,43,美好-楊梅,2023-08-15,5262
00651R,復華香港反1,40,0,40,美好-楊梅,2023-08-15,5262
2323,中環,45,5,40,美好-楊梅,2023-08-15,5262
6770,力積電,31,0,31,美好-楊梅,2023-08-15,5262
2883,凱基金,30,0,30,美好-楊梅,2023-08-15,5262
2891,中信金,28,1,27,美好-楊梅,2023-08-15,5262
2002,中鋼,29,3,26,美好-楊梅,2023-08-15,5262
1314,中石化,34,10,24,美好-楊梅,2023-08-15,5262
3231,緯創,51,29,22,美好-楊梅,2023-08-15,5262
00632R,元大台灣50反1,20,0,20,美好-楊梅,2023-08-15,5262
6120,達運,20,0,20,美好-楊梅,2023-08-15,5262
2887,台新金,17,0,17,美好-楊梅,2023-08-15,5262
2027,大成鋼,16,0,16,美好-楊梅,2023-08-15,5262
2614,東森,15,0,15,美好-楊梅,2023-08-15,5262
2885,元大金,20,5,15,美好-楊梅,2023-08-15,5262
3013,晟銘電,20,5,15,美好-楊梅,2023-08-15,5262
1101,台泥,16,2,14,美好-楊梅,2023-08-15,5262
1802,台玻,14,0,14,美好-楊梅,2023-08-15,5262
6182,合晶,13,0,13,美好-楊梅,2023-08-15,5262
2892,第一金,12,0,12,美好-楊梅,2023-08-15,5262
2412,中華電,12,0,12,美好-楊梅,2023-08-15,5262
00751B,元大AAA至A公司債,12,0,12,美好-楊梅,2023-08-15,5262
1312,國喬,12,0,12,美好-楊梅,2023-08-15,5262
2344,華邦電,13,2,11,美好-楊梅,2023-08-15,5262
00673R,期元大S＆P原油反1,10,0,10,美好-楊梅,2023-08-15,5262
00891,中信關鍵半導體,10,0,10,美好-楊梅,2023-08-15,5262
2867,三商壽,10,0,10,美好-楊梅,2023-08-15,5262
2890,永豐金,11,1,10,美好-楊梅,2023-08-15,5262
8054,安國,10,0,10,美好-楊梅,2023-08-15,5262
3081,聯亞,9,0,9,美好-楊梅,2023-08-15,5262
4533,協易機,14,5,9,美好-楊梅,2023-08-15,5262
00720B,元大投資級公司債,8,0,8,美好-楊梅,2023-08-15,5262
2408,南亞科,7,0,7,美好-楊梅,2023-08-15,5262
2880,華南金,7,0,7,美好-楊梅,2023-08-15,5262
1717,長興,7,0,7,美好-楊梅,2023-08-15,5262
00907,永豐優息存股,6,0,6,美好-楊梅,2023-08-15,5262
1609,大亞,8,2,6,美好-楊梅,2023-08-15,5262
00931B,統一美債20年,6,0,6,美好-楊梅,2023-08-15,5262
2329,華泰,8,2,6,美好-楊梅,2023-08-15,5262
00632R,元大台灣50反1,150,18,132,美好-楊梅,2023-08-16,5262
2002,中鋼,92,0,92,美好-楊梅,2023-08-16,5262
2329,華泰,163,72,91,美好-楊梅,2023-08-16,5262
00929,復華台灣科技優息,84,0,84,美好-楊梅,2023-08-16,5262
2303,聯電,82,22,60,美好-楊梅,2023-08-16,5262
00679B,元大美債20年,59,0,59,美好-楊梅,2023-08-16,5262
2323,中環,47,0,47,美好-楊梅,2023-08-16,5262
00900,富邦特選高股息30,62,17,45,美好-楊梅,2023-08-16,5262
3576,聯合再生,41,0,41,美好-楊梅,2023-08-16,5262
2607,榮運,40,0,40,美好-楊梅,2023-08-16,5262
2897,王道銀行,40,0,40,美好-楊梅,2023-08-16,5262
00664R,國泰臺灣加權反1,30,0,30,美好-楊梅,2023-08-16,5262
1608,華榮,30,0,30,美好-楊梅,2023-08-16,5262
2344,華邦電,27,0,27,美好-楊梅,2023-08-16,5262
6282,康舒,28,1,27,美好-楊梅,2023-08-16,5262
2356,英業達,54,28,26,美好-楊梅,2023-08-16,5262
00923,群益台ESG低碳50,25,0,25,美好-楊梅,2023-08-16,5262
2892,第一金,24,0,24,美好-楊梅,2023-08-16,5262
2886,兆豐金,29,6,23,美好-楊梅,2023-08-16,5262
2317,鴻海,30,9,21,美好-楊梅,2023-08-16,5262
1108,幸福,20,0,20,美好-楊梅,2023-08-16,5262
00683L,期元大美元指正2,20,0,20,美好-楊梅,2023-08-16,5262
2913,農林,21,1,20,美好-楊梅,2023-08-16,5262
5880,合庫金,18,0,18,美好-楊梅,2023-08-16,5262
1609,大亞,23,5,18,美好-楊梅,2023-08-16,5262
00665L,富邦�琤肭磪囓�2,105,90,15,美好-楊梅,2023-08-16,5262
1313,聯成,15,0,15,美好-楊梅,2023-08-16,5262
0050,元大台灣50,15,0,15,美好-楊梅,2023-08-16,5262
3037,欣興,19,5,14,美好-楊梅,2023-08-16,5262
3706,神達,14,0,14,美好-楊梅,2023-08-16,5262
4188,安克,14,0,14,美好-楊梅,2023-08-16,5262
6122,擎邦,15,1,14,美好-楊梅,2023-08-16,5262
6770,力積電,19,6,13,美好-楊梅,2023-08-16,5262
1409,新纖,13,0,13,美好-楊梅,2023-08-16,5262
2313,華通,13,0,13,美好-楊梅,2023-08-16,5262
00720B,元大投資級公司債,13,0,13,美好-楊梅,2023-08-16,5262
00878,國泰永續高股息,33,21,12,美好-楊梅,2023-08-16,5262
2409,友達,12,0,12,美好-楊梅,2023-08-16,5262
00772B,中信高評級公司債,12,0,12,美好-楊梅,2023-08-16,5262
00751B,元大AAA至A公司債,11,0,11,美好-楊梅,2023-08-16,5262
1305,華夏,12,1,11,美好-楊梅,2023-08-16,5262
3689,湧德,22,11,11,美好-楊梅,2023-08-16,5262
2867,三商壽,10,0,10,美好-楊梅,2023-08-16,5262
00673R,期元大S＆P原油反1,10,0,10,美好-楊梅,2023-08-16,5262
2605,新興,10,0,10,美好-楊梅,2023-08-16,5262
3617,碩天,11,1,10,美好-楊梅,2023-08-16,5262
3664,安瑞-KY,10,0,10,美好-楊梅,2023-08-16,5262
6266,泰詠,10,0,10,美好-楊梅,2023-08-16,5262
8069,元太,10,1,9,美好-楊梅,2023-08-16,5262
2890,永豐金,9,0,9,美好-楊梅,2023-08-16,5262
2323,中環,420,11,409,美好-楊梅,2023-08-17,5262
00671R,富邦NASDAQ反1,80,0,80,美好-楊梅,2023-08-17,5262
00679B,元大美債20年,68,1,67,美好-楊梅,2023-08-17,5262
3231,緯創,146,82,64,美好-楊梅,2023-08-17,5262
00680L,元大美債20正2,52,0,52,美好-楊梅,2023-08-17,5262
2002,中鋼,44,0,44,美好-楊梅,2023-08-17,5262
00929,復華台灣科技優息,34,0,34,美好-楊梅,2023-08-17,5262
1616,億泰,30,0,30,美好-楊梅,2023-08-17,5262
6126,信音,30,1,29,美好-楊梅,2023-08-17,5262
00751B,元大AAA至A公司債,28,0,28,美好-楊梅,2023-08-17,5262
2618,長榮航,48,21,27,美好-楊梅,2023-08-17,5262
2886,兆豐金,35,8,27,美好-楊梅,2023-08-17,5262
00631L,元大台灣50正2,25,0,25,美好-楊梅,2023-08-17,5262
00907,永豐優息存股,25,0,25,美好-楊梅,2023-08-17,5262
1101,台泥,21,0,21,美好-楊梅,2023-08-17,5262
00637L,元大滬深300正2,21,0,21,美好-楊梅,2023-08-17,5262
2409,友達,26,5,21,美好-楊梅,2023-08-17,5262
2610,華航,47,26,21,美好-楊梅,2023-08-17,5262
4938,和碩,23,2,21,美好-楊梅,2023-08-17,5262
1108,幸福,20,0,20,美好-楊梅,2023-08-17,5262
00878,國泰永續高股息,39,20,19,美好-楊梅,2023-08-17,5262
4746,台耀,19,0,19,美好-楊梅,2023-08-17,5262
2376,技嘉,37,20,17,美好-楊梅,2023-08-17,5262
00900,富邦特選高股息30,18,1,17,美好-楊梅,2023-08-17,5262
00720B,元大投資級公司債,17,0,17,美好-楊梅,2023-08-17,5262
8069,元太,23,7,16,美好-楊梅,2023-08-17,5262
00665L,富邦�琤肭磪囓�2,66,50,16,美好-楊梅,2023-08-17,5262
8932,智通*,14,0,14,美好-楊梅,2023-08-17,5262
2329,華泰,39,25,14,美好-楊梅,2023-08-17,5262
00772B,中信高評級公司債,13,0,13,美好-楊梅,2023-08-17,5262
2834,臺企銀,13,0,13,美好-楊梅,2023-08-17,5262
2880,華南金,13,0,13,美好-楊梅,2023-08-17,5262
00687B,國泰20年美債,12,0,12,美好-楊梅,2023-08-17,5262
1409,新纖,12,0,12,美好-楊梅,2023-08-17,5262
6770,力積電,14,2,12,美好-楊梅,2023-08-17,5262
00795B,中信美國公債20年,11,0,11,美好-楊梅,2023-08-17,5262
1217,愛之味,11,0,11,美好-楊梅,2023-08-17,5262
1609,大亞,36,25,11,美好-楊梅,2023-08-17,5262
2481,強茂,11,0,11,美好-楊梅,2023-08-17,5262
6547,高端疫苗,11,0,11,美好-楊梅,2023-08-17,5262
8050,廣積,23,12,11,美好-楊梅,2023-08-17,5262
2884,玉山金,10,0,10,美好-楊梅,2023-08-17,5262
2009,第一銅,10,0,10,美好-楊梅,2023-08-17,5262
2892,第一金,11,1,10,美好-楊梅,2023-08-17,5262
2312,金寶,19,10,9,美好-楊梅,2023-08-17,5262
5880,合庫金,13,4,9,美好-楊梅,2023-08-17,5262
8358,金居,15,6,9,美好-楊梅,2023-08-17,5262
2344,華邦電,41,33,8,美好-楊梅,2023-08-17,5262
2356,英業達,27,19,8,美好-楊梅,2023-08-17,5262
2449,京元電子,10,2,8,美好-楊梅,2023-08-17,5262
3231,緯創,162,67,95,美好-楊梅,2023-08-18,5262
2363,矽統,146,52,94,美好-楊梅,2023-08-18,5262
00929,復華台灣科技優息,84,10,74,美好-楊梅,2023-08-18,5262
00665L,富邦�琤肭磪囓�2,64,0,64,美好-楊梅,2023-08-18,5262
00931B,統一美債20年,56,0,56,美好-楊梅,2023-08-18,5262
3682,亞太電,52,0,52,美好-楊梅,2023-08-18,5262
3363,上詮,53,9,44,美好-楊梅,2023-08-18,5262
1101,台泥,41,0,41,美好-楊梅,2023-08-18,5262
2312,金寶,40,4,36,美好-楊梅,2023-08-18,5262
00679B,元大美債20年,33,0,33,美好-楊梅,2023-08-18,5262
2324,仁寶,65,37,28,美好-楊梅,2023-08-18,5262
00900,富邦特選高股息30,29,1,28,美好-楊梅,2023-08-18,5262
00631L,元大台灣50正2,30,3,27,美好-楊梅,2023-08-18,5262
2449,京元電子,26,2,24,美好-楊梅,2023-08-18,5262
2892,第一金,23,0,23,美好-楊梅,2023-08-18,5262
6770,力積電,33,11,22,美好-楊梅,2023-08-18,5262
2498,宏達電,21,0,21,美好-楊梅,2023-08-18,5262
6164,華興,20,0,20,美好-楊梅,2023-08-18,5262
00882,中信中國高股息,19,0,19,美好-楊梅,2023-08-18,5262
00712,復華富時不動產,17,0,17,美好-楊梅,2023-08-18,5262
5388,中磊,18,2,16,美好-楊梅,2023-08-18,5262
3704,合勤控,18,2,16,美好-楊梅,2023-08-18,5262
00885,富邦越南,15,0,15,美好-楊梅,2023-08-18,5262
2313,華通,14,0,14,美好-楊梅,2023-08-18,5262
2883,凱基金,16,2,14,美好-楊梅,2023-08-18,5262
3056,富華新,15,1,14,美好-楊梅,2023-08-18,5262
2329,華泰,85,71,14,美好-楊梅,2023-08-18,5262
1504,東元,22,9,13,美好-楊梅,2023-08-18,5262
1513,中興電,37,24,13,美好-楊梅,2023-08-18,5262
1609,大亞,25,12,13,美好-楊梅,2023-08-18,5262
2355,敬鵬,15,2,13,美好-楊梅,2023-08-18,5262
2356,英業達,43,31,12,美好-楊梅,2023-08-18,5262
3265,台星科,13,1,12,美好-楊梅,2023-08-18,5262
1587,吉茂,11,0,11,美好-楊梅,2023-08-18,5262
3094,聯傑,11,0,11,美好-楊梅,2023-08-18,5262
3163,波若威,26,15,11,美好-楊梅,2023-08-18,5262
4533,協易機,17,6,11,美好-楊梅,2023-08-18,5262
5371,中光電,11,0,11,美好-楊梅,2023-08-18,5262
2887,台新金,10,0,10,美好-楊梅,2023-08-18,5262
00673R,期元大S＆P原油反1,10,0,10,美好-楊梅,2023-08-18,5262
2401,凌陽,11,1,10,美好-楊梅,2023-08-18,5262
2618,長榮航,12,2,10,美好-楊梅,2023-08-18,5262
2838,聯邦銀,10,0,10,美好-楊梅,2023-08-18,5262
3011,今皓,10,0,10,美好-楊梅,2023-08-18,5262
6719,力智,10,0,10,美好-楊梅,2023-08-18,5262
8926,台汽電,11,1,10,美好-楊梅,2023-08-18,5262
2886,兆豐金,10,0,10,美好-楊梅,2023-08-18,5262
2352,佳世達,9,0,9,美好-楊梅,2023-08-18,5262
5426,振發,16,7,9,美好-楊梅,2023-08-18,5262
4534,慶騰,8,0,8,美好-楊梅,2023-08-18,5262
00680L,元大美債20正2,130,1,129,美好-楊梅,2023-08-21,5262
00679B,元大美債20年,78,21,57,美好-楊梅,2023-08-21,5262
2618,長榮航,66,14,52,美好-楊梅,2023-08-21,5262
2441,超豐,51,0,51,美好-楊梅,2023-08-21,5262
00664R,國泰臺灣加權反1,50,0,50,美好-楊梅,2023-08-21,5262
8476,台境*,45,0,45,美好-楊梅,2023-08-21,5262
6770,力積電,42,1,41,美好-楊梅,2023-08-21,5262
00632R,元大台灣50反1,40,0,40,美好-楊梅,2023-08-21,5262
2610,華航,79,42,37,美好-楊梅,2023-08-21,5262
2323,中環,37,4,33,美好-楊梅,2023-08-21,5262
3306,鼎天,56,24,32,美好-楊梅,2023-08-21,5262
2609,陽明,35,4,31,美好-楊梅,2023-08-21,5262
00929,復華台灣科技優息,30,0,30,美好-楊梅,2023-08-21,5262
2603,長榮,30,2,28,美好-楊梅,2023-08-21,5262
00751B,元大AAA至A公司債,27,0,27,美好-楊梅,2023-08-21,5262
2382,廣達,61,34,27,美好-楊梅,2023-08-21,5262
1504,東元,32,7,25,美好-楊梅,2023-08-21,5262
00673R,期元大S＆P原油反1,20,0,20,美好-楊梅,2023-08-21,5262
00665L,富邦�琤肭磪囓�2,118,98,20,美好-楊梅,2023-08-21,5262
3011,今皓,20,0,20,美好-楊梅,2023-08-21,5262
5608,四維航,22,2,20,美好-楊梅,2023-08-21,5262
2913,農林,20,1,19,美好-楊梅,2023-08-21,5262
3710,連展投控,19,0,19,美好-楊梅,2023-08-21,5262
00900,富邦特選高股息30,21,3,18,美好-楊梅,2023-08-21,5262
6285,啟��,40,24,16,美好-楊梅,2023-08-21,5262
2324,仁寶,31,15,16,美好-楊梅,2023-08-21,5262
2402,毅嘉,24,8,16,美好-楊梅,2023-08-21,5262
8210,勤誠,18,2,16,美好-楊梅,2023-08-21,5262
5009,榮剛,15,1,14,美好-楊梅,2023-08-21,5262
1303,南亞,12,0,12,美好-楊梅,2023-08-21,5262
2886,兆豐金,12,0,12,美好-楊梅,2023-08-21,5262
3706,神達,19,7,12,美好-楊梅,2023-08-21,5262
6108,競國,11,0,11,美好-楊梅,2023-08-21,5262
1217,愛之味,11,1,10,美好-楊梅,2023-08-21,5262
00923,群益台ESG低碳50,12,2,10,美好-楊梅,2023-08-21,5262
00637L,元大滬深300正2,30,20,10,美好-楊梅,2023-08-21,5262
1409,新纖,10,0,10,美好-楊梅,2023-08-21,5262
2488,漢平,10,0,10,美好-楊梅,2023-08-21,5262
4147,中裕,11,1,10,美好-楊梅,2023-08-21,5262
5443,均豪,10,0,10,美好-楊梅,2023-08-21,5262
6213,聯茂,10,0,10,美好-楊梅,2023-08-21,5262
6279,胡連,10,0,10,美好-楊梅,2023-08-21,5262
1210,大成,10,0,10,美好-楊梅,2023-08-21,5262
00882,中信中國高股息,8,0,8,美好-楊梅,2023-08-21,5262
2206,三陽工業,14,6,8,美好-楊梅,2023-08-21,5262
6139,亞翔,11,3,8,美好-楊梅,2023-08-21,5262
00687B,國泰20年美債,7,0,7,美好-楊梅,2023-08-21,5262
2014,中鴻,7,0,7,美好-楊梅,2023-08-21,5262
2332,友訊,14,7,7,美好-楊梅,2023-08-21,5262
00892,富邦台灣半導體,6,0,6,美好-楊梅,2023-08-21,5262
2324,仁寶,83,32,51,美好-楊梅,2023-08-22,5262
2002,中鋼,46,1,45,美好-楊梅,2023-08-22,5262
2618,長榮航,70,28,42,美好-楊梅,2023-08-22,5262
00637L,元大滬深300正2,45,5,40,美好-楊梅,2023-08-22,5262
6770,力積電,32,0,32,美好-楊梅,2023-08-22,5262
2606,裕民,34,3,31,美好-楊梅,2023-08-22,5262
2363,矽統,104,74,30,美好-楊梅,2023-08-22,5262
00679B,元大美債20年,29,0,29,美好-楊梅,2023-08-22,5262
6170,統振,28,2,26,美好-楊梅,2023-08-22,5262
2615,萬海,25,0,25,美好-楊梅,2023-08-22,5262
2883,凱基金,26,1,25,美好-楊梅,2023-08-22,5262
6282,康舒,29,4,25,美好-楊梅,2023-08-22,5262
8476,台境*,24,0,24,美好-楊梅,2023-08-22,5262
00929,復華台灣科技優息,23,0,23,美好-楊梅,2023-08-22,5262
2329,華泰,29,8,21,美好-楊梅,2023-08-22,5262
00673R,期元大S＆P原油反1,20,0,20,美好-楊梅,2023-08-22,5262
00683L,期元大美元指正2,20,0,20,美好-楊梅,2023-08-22,5262
00900,富邦特選高股息30,16,0,16,美好-楊梅,2023-08-22,5262
5328,華容,16,0,16,美好-楊梅,2023-08-22,5262
2401,凌陽,18,3,15,美好-楊梅,2023-08-22,5262
3665,貿聯-KY,15,0,15,美好-楊梅,2023-08-22,5262
3035,智原,22,8,14,美好-楊梅,2023-08-22,5262
00882,中信中國高股息,12,0,12,美好-楊梅,2023-08-22,5262
1513,中興電,16,4,12,美好-楊梅,2023-08-22,5262
3234,光環,11,0,11,美好-楊梅,2023-08-22,5262
2891,中信金,10,0,10,美好-楊梅,2023-08-22,5262
1108,幸福,10,0,10,美好-楊梅,2023-08-22,5262
2388,威盛,16,6,10,美好-楊梅,2023-08-22,5262
2409,友達,10,0,10,美好-楊梅,2023-08-22,5262
2834,臺企銀,10,0,10,美好-楊梅,2023-08-22,5262
2886,兆豐金,10,0,10,美好-楊梅,2023-08-22,5262
3037,欣興,18,8,10,美好-楊梅,2023-08-22,5262
3308,聯德,12,2,10,美好-楊梅,2023-08-22,5262
6153,嘉聯益,10,0,10,美好-楊梅,2023-08-22,5262
9919,康那香,14,4,10,美好-楊梅,2023-08-22,5262
3051,力特,20,10,10,美好-楊梅,2023-08-22,5262
2014,中鴻,9,0,9,美好-楊梅,2023-08-22,5262
2206,三陽工業,12,3,9,美好-楊梅,2023-08-22,5262
1471,首利,10,2,8,美好-楊梅,2023-08-22,5262
00878,國泰永續高股息,9,2,7,美好-楊梅,2023-08-22,5262
00712,復華富時不動產,7,0,7,美好-楊梅,2023-08-22,5262
2421,建準,14,7,7,美好-楊梅,2023-08-22,5262
3689,湧德,8,1,7,美好-楊梅,2023-08-22,5262
3231,緯創,32,25,7,美好-楊梅,2023-08-22,5262
00923,群益台ESG低碳50,6,0,6,美好-楊梅,2023-08-22,5262
00636,國泰中國A50,6,0,6,美好-楊梅,2023-08-22,5262
2356,英業達,35,29,6,美好-楊梅,2023-08-22,5262
2867,三商壽,6,0,6,美好-楊梅,2023-08-22,5262
3163,波若威,23,17,6,美好-楊梅,2023-08-22,5262
3362,先進光,20,14,6,美好-楊梅,2023-08-22,5262
00632R,元大台灣50反1,210,0,210,美好-楊梅,2023-08-23,5262
00753L,中信中國50正2,100,0,100,美好-楊梅,2023-08-23,5262
00919,群益台灣精選高息,50,0,50,美好-楊梅,2023-08-23,5262
2618,長榮航,53,13,40,美好-楊梅,2023-08-23,5262
2610,華航,57,18,39,美好-楊梅,2023-08-23,5262
2883,凱基金,36,0,36,美好-楊梅,2023-08-23,5262
2324,仁寶,57,26,31,美好-楊梅,2023-08-23,5262
6116,彩晶,37,11,26,美好-楊梅,2023-08-23,5262
2913,農林,32,10,22,美好-楊梅,2023-08-23,5262
1714,和桐,20,0,20,美好-楊梅,2023-08-23,5262
5347,世界,21,1,20,美好-楊梅,2023-08-23,5262
6603,富強鑫,20,0,20,美好-楊梅,2023-08-23,5262
1314,中石化,20,1,19,美好-楊梅,2023-08-23,5262
3013,晟銘電,52,35,17,美好-楊梅,2023-08-23,5262
00757,統一FANG+,15,0,15,美好-楊梅,2023-08-23,5262
4109,加捷生醫,15,0,15,美好-楊梅,2023-08-23,5262
00878,國泰永續高股息,15,0,15,美好-楊梅,2023-08-23,5262
00900,富邦特選高股息30,15,1,14,美好-楊梅,2023-08-23,5262
2634,漢翔,44,30,14,美好-楊梅,2023-08-23,5262
4915,致伸,13,0,13,美好-楊梅,2023-08-23,5262
2382,廣達,31,19,12,美好-楊梅,2023-08-23,5262
6198,瑞築,12,0,12,美好-楊梅,2023-08-23,5262
9904,寶成,11,0,11,美好-楊梅,2023-08-23,5262
00931B,統一美債20年,11,0,11,美好-楊梅,2023-08-23,5262
2303,聯電,23,12,11,美好-楊梅,2023-08-23,5262
8033,雷虎,13,2,11,美好-楊梅,2023-08-23,5262
8358,金居,23,12,11,美好-楊梅,2023-08-23,5262
1108,幸福,10,0,10,美好-楊梅,2023-08-23,5262
00673R,期元大S＆P原油反1,10,0,10,美好-楊梅,2023-08-23,5262
2537,聯上發,10,0,10,美好-楊梅,2023-08-23,5262
2886,兆豐金,10,0,10,美好-楊梅,2023-08-23,5262
3715,定穎投控,24,14,10,美好-楊梅,2023-08-23,5262
6191,精成科,11,1,10,美好-楊梅,2023-08-23,5262
6266,泰詠,10,0,10,美好-楊梅,2023-08-23,5262
3689,湧德,12,2,10,美好-楊梅,2023-08-23,5262
2884,玉山金,9,0,9,美好-楊梅,2023-08-23,5262
1529,樂事綠能,10,1,9,美好-楊梅,2023-08-23,5262
2421,建準,17,8,9,美好-楊梅,2023-08-23,5262
3025,星通,10,1,9,美好-楊梅,2023-08-23,5262
3163,波若威,20,11,9,美好-楊梅,2023-08-23,5262
4763,材料-KY,9,0,9,美好-楊梅,2023-08-23,5262
5483,中美晶,9,0,9,美好-楊梅,2023-08-23,5262
1519,華城,19,11,8,美好-楊梅,2023-08-23,5262
2468,華經,8,0,8,美好-楊梅,2023-08-23,5262
4916,事欣科,11,3,8,美好-楊梅,2023-08-23,5262
2002,中鋼,7,0,7,美好-楊梅,2023-08-23,5262
2208,台船,10,3,7,美好-楊梅,2023-08-23,5262
2897,王道銀行,7,0,7,美好-楊梅,2023-08-23,5262
3078,僑威,8,1,7,美好-楊梅,2023-08-23,5262
3232,昱捷,12,5,7,美好-楊梅,2023-08-23,5262
2002,中鋼,44,10,34,美好-楊梅,2023-08-24,5262
00929,復華台灣科技優息,78,45,33,美好-楊梅,2023-08-24,5262
2609,陽明,41,10,31,美好-楊梅,2023-08-24,5262
00674R,期元大S＆P黃金反1,30,0,30,美好-楊梅,2023-08-24,5262
5347,世界,23,0,23,美好-楊梅,2023-08-24,5262
1802,台玻,22,0,22,美好-楊梅,2023-08-24,5262
00664R,國泰臺灣加權反1,20,0,20,美好-楊梅,2023-08-24,5262
00633L,富邦上証正2,20,0,20,美好-楊梅,2023-08-24,5262
4744,皇將,20,0,20,美好-楊梅,2023-08-24,5262
2355,敬鵬,20,3,17,美好-楊梅,2023-08-24,5262
2615,萬海,55,40,15,美好-楊梅,2023-08-24,5262
00882,中信中國高股息,14,0,14,美好-楊梅,2023-08-24,5262
3356,奇偶,16,2,14,美好-楊梅,2023-08-24,5262
5371,中光電,15,1,14,美好-楊梅,2023-08-24,5262
5381,合正,15,1,14,美好-楊梅,2023-08-24,5262
9950,萬國通,15,1,14,美好-楊梅,2023-08-24,5262
00900,富邦特選高股息30,14,1,13,美好-楊梅,2023-08-24,5262
2368,金像電,22,9,13,美好-楊梅,2023-08-24,5262
2897,王道銀行,13,0,13,美好-楊梅,2023-08-24,5262
3583,辛耘,22,9,13,美好-楊梅,2023-08-24,5262
00679B,元大美債20年,11,0,11,美好-楊梅,2023-08-24,5262
5880,合庫金,11,0,11,美好-楊梅,2023-08-24,5262
3308,聯德,12,1,11,美好-楊梅,2023-08-24,5262
2884,玉山金,16,5,11,美好-楊梅,2023-08-24,5262
2208,台船,12,2,10,美好-楊梅,2023-08-24,5262
2401,凌陽,10,0,10,美好-楊梅,2023-08-24,5262
2485,兆赫,11,1,10,美好-楊梅,2023-08-24,5262
2498,宏達電,10,0,10,美好-楊梅,2023-08-24,5262
3071,協禧,12,2,10,美好-楊梅,2023-08-24,5262
4542,科嶠,10,0,10,美好-楊梅,2023-08-24,5262
9902,台火,10,0,10,美好-楊梅,2023-08-24,5262
9919,康那香,10,0,10,美好-楊梅,2023-08-24,5262
1605,華新,15,6,9,美好-楊梅,2023-08-24,5262
3540,曜越,9,0,9,美好-楊梅,2023-08-24,5262
6167,久正,10,1,9,美好-楊梅,2023-08-24,5262
2206,三陽工業,10,2,8,美好-楊梅,2023-08-24,5262
2419,仲琦,21,13,8,美好-楊梅,2023-08-24,5262
2618,長榮航,114,106,8,美好-楊梅,2023-08-24,5262
3419,譁裕,8,0,8,美好-楊梅,2023-08-24,5262
5439,高技,9,1,8,美好-楊梅,2023-08-24,5262
3094,聯傑,10,3,7,美好-楊梅,2023-08-24,5262
6245,立端,6,0,6,美好-楊梅,2023-08-24,5262
3710,連展投控,6,0,6,美好-楊梅,2023-08-24,5262
4306,炎洲,6,0,6,美好-楊梅,2023-08-24,5262
6170,統振,11,5,6,美好-楊梅,2023-08-24,5262
3715,定穎投控,22,16,6,美好-楊梅,2023-08-24,5262
1301,台塑,5,0,5,美好-楊梅,2023-08-24,5262
1540,喬福,5,0,5,美好-楊梅,2023-08-24,5262
1789,神隆,5,0,5,美好-楊梅,2023-08-24,5262
2883,凱基金,8,3,5,美好-楊梅,2023-08-24,5262
3231,緯創,174,40,134,美好-楊梅,2023-08-25,5262
00878,國泰永續高股息,227,123,104,美好-楊梅,2023-08-25,5262
2332,友訊,107,11,96,美好-楊梅,2023-08-25,5262
00929,復華台灣科技優息,53,2,51,美好-楊梅,2023-08-25,5262
2913,農林,64,13,51,美好-楊梅,2023-08-25,5262
00664R,國泰臺灣加權反1,50,0,50,美好-楊梅,2023-08-25,5262
00751B,元大AAA至A公司債,42,0,42,美好-楊梅,2023-08-25,5262
2324,仁寶,54,16,38,美好-楊梅,2023-08-25,5262
2634,漢翔,107,69,38,美好-楊梅,2023-08-25,5262
00919,群益台灣精選高息,37,0,37,美好-楊梅,2023-08-25,5262
2002,中鋼,34,0,34,美好-楊梅,2023-08-25,5262
00712,復華富時不動產,33,0,33,美好-楊梅,2023-08-25,5262
1584,精剛,30,0,30,美好-楊梅,2023-08-25,5262
2353,宏��,31,1,30,美好-楊梅,2023-08-25,5262
3037,欣興,30,1,29,美好-楊梅,2023-08-25,5262
0056,元大高股息,30,1,29,美好-楊梅,2023-08-25,5262
2382,廣達,43,15,28,美好-楊梅,2023-08-25,5262
00900,富邦特選高股息30,27,0,27,美好-楊梅,2023-08-25,5262
2618,長榮航,38,12,26,美好-楊梅,2023-08-25,5262
2880,華南金,23,0,23,美好-楊梅,2023-08-25,5262
2323,中環,53,31,22,美好-楊梅,2023-08-25,5262
2399,映泰,20,0,20,美好-楊梅,2023-08-25,5262
4906,正文,56,40,16,美好-楊梅,2023-08-25,5262
2303,聯電,20,5,15,美好-楊梅,2023-08-25,5262
3264,欣銓,16,1,15,美好-楊梅,2023-08-25,5262
2892,第一金,14,0,14,美好-楊梅,2023-08-25,5262
1529,樂事綠能,11,0,11,美好-楊梅,2023-08-25,5262
6266,泰詠,11,0,11,美好-楊梅,2023-08-25,5262
00902,中信電池及儲能,10,0,10,美好-楊梅,2023-08-25,5262
00632R,元大台灣50反1,10,0,10,美好-楊梅,2023-08-25,5262
2105,正新,10,0,10,美好-楊梅,2023-08-25,5262
2457,飛宏,13,3,10,美好-楊梅,2023-08-25,5262
3706,神達,18,8,10,美好-楊梅,2023-08-25,5262
4123,晟德,10,0,10,美好-楊梅,2023-08-25,5262
6695,芯鼎,10,0,10,美好-楊梅,2023-08-25,5262
3051,力特,10,1,9,美好-楊梅,2023-08-25,5262
6577,勁豐,9,0,9,美好-楊梅,2023-08-25,5262
1810,和成,8,0,8,美好-楊梅,2023-08-25,5262
3324,雙鴻,10,2,8,美好-楊梅,2023-08-25,5262
3419,譁裕,8,0,8,美好-楊梅,2023-08-25,5262
00679B,元大美債20年,8,2,6,美好-楊梅,2023-08-25,5262
2301,光寶科,16,10,6,美好-楊梅,2023-08-25,5262
2605,新興,6,0,6,美好-楊梅,2023-08-25,5262
2612,中航,6,0,6,美好-楊梅,2023-08-25,5262
3004,豐達科,9,3,6,美好-楊梅,2023-08-25,5262
5347,世界,7,1,6,美好-楊梅,2023-08-25,5262
2330,台積電,12,6,6,美好-楊梅,2023-08-25,5262
3017,奇鋐,17,12,5,美好-楊梅,2023-08-25,5262
4938,和碩,6,1,5,美好-楊梅,2023-08-25,5262
00923,群益台ESG低碳50,5,0,5,美好-楊梅,2023-08-25,5262
00712,復華富時不動產,102,0,102,美好-楊梅,2023-08-28,5262
00929,復華台灣科技優息,68,0,68,美好-楊梅,2023-08-28,5262
1471,首利,83,28,55,美好-楊梅,2023-08-28,5262
5381,合正,61,9,52,美好-楊梅,2023-08-28,5262
2337,旺宏,40,0,40,美好-楊梅,2023-08-28,5262
2610,華航,38,1,37,美好-楊梅,2023-08-28,5262
6156,松上,39,3,36,美好-楊梅,2023-08-28,5262
00751B,元大AAA至A公司債,32,0,32,美好-楊梅,2023-08-28,5262
00900,富邦特選高股息30,31,0,31,美好-楊梅,2023-08-28,5262
4906,正文,43,14,29,美好-楊梅,2023-08-28,5262
2363,矽統,50,22,28,美好-楊梅,2023-08-28,5262
2886,兆豐金,25,2,23,美好-楊梅,2023-08-28,5262
2543,皇昌,21,0,21,美好-楊梅,2023-08-28,5262
1108,幸福,20,0,20,美好-楊梅,2023-08-28,5262
1217,愛之味,20,0,20,美好-楊梅,2023-08-28,5262
00878,國泰永續高股息,42,23,19,美好-楊梅,2023-08-28,5262
3163,波若威,23,5,18,美好-楊梅,2023-08-28,5262
2618,長榮航,81,65,16,美好-楊梅,2023-08-28,5262
8222,寶一,27,11,16,美好-楊梅,2023-08-28,5262
2441,超豐,15,0,15,美好-楊梅,2023-08-28,5262
0056,元大高股息,14,0,14,美好-楊梅,2023-08-28,5262
00919,群益台灣精選高息,14,0,14,美好-楊梅,2023-08-28,5262
1409,新纖,12,0,12,美好-楊梅,2023-08-28,5262
2355,敬鵬,13,1,12,美好-楊梅,2023-08-28,5262
6223,旺矽,12,0,12,美好-楊梅,2023-08-28,5262
2308,台達電,11,0,11,美好-楊梅,2023-08-28,5262
2352,佳世達,11,0,11,美好-楊梅,2023-08-28,5262
2630,亞航,20,9,11,美好-楊梅,2023-08-28,5262
00673R,期元大S＆P原油反1,10,0,10,美好-楊梅,2023-08-28,5262
00632R,元大台灣50反1,10,0,10,美好-楊梅,2023-08-28,5262
00650L,復華香港正2,10,0,10,美好-楊梅,2023-08-28,5262
2323,中環,110,100,10,美好-楊梅,2023-08-28,5262
2390,云辰,10,0,10,美好-楊梅,2023-08-28,5262
3078,僑威,11,1,10,美好-楊梅,2023-08-28,5262
3260,威剛,10,0,10,美好-楊梅,2023-08-28,5262
3264,欣銓,13,3,10,美好-楊梅,2023-08-28,5262
3308,聯德,49,39,10,美好-楊梅,2023-08-28,5262
3710,連展投控,10,0,10,美好-楊梅,2023-08-28,5262
6101,寬魚國際,10,0,10,美好-楊梅,2023-08-28,5262
6125,廣運,21,11,10,美好-楊梅,2023-08-28,5262
6266,泰詠,10,0,10,美好-楊梅,2023-08-28,5262
8213,志超,10,0,10,美好-楊梅,2023-08-28,5262
9919,康那香,20,10,10,美好-楊梅,2023-08-28,5262
2603,長榮,11,1,10,美好-楊梅,2023-08-28,5262
3583,辛耘,10,0,10,美好-楊梅,2023-08-28,5262
2382,廣達,37,28,9,美好-楊梅,2023-08-28,5262
2388,威盛,25,16,9,美好-楊梅,2023-08-28,5262
3419,譁裕,9,0,9,美好-楊梅,2023-08-28,5262
1737,臺鹽,11,3,8,美好-楊梅,2023-08-28,5262
6443,元晶,10,2,8,美好-楊梅,2023-08-28,5262
00753L,中信中國50正2,100,0,100,美好-楊梅,2023-08-29,5262
2363,矽統,190,108,82,美好-楊梅,2023-08-29,5262
00900,富邦特選高股息30,64,3,61,美好-楊梅,2023-08-29,5262
2002,中鋼,53,0,53,美好-楊梅,2023-08-29,5262
2889,國票金,50,0,50,美好-楊梅,2023-08-29,5262
2317,鴻海,54,9,45,美好-楊梅,2023-08-29,5262
2303,聯電,39,14,25,美好-楊梅,2023-08-29,5262
2323,中環,28,4,24,美好-楊梅,2023-08-29,5262
2897,王道銀行,20,0,20,美好-楊梅,2023-08-29,5262
2834,臺企銀,25,6,19,美好-楊梅,2023-08-29,5262
00882,中信中國高股息,15,0,15,美好-楊梅,2023-08-29,5262
2425,承啟,15,0,15,美好-楊梅,2023-08-29,5262
2888,新光金,15,0,15,美好-楊梅,2023-08-29,5262
6167,久正,17,2,15,美好-楊梅,2023-08-29,5262
0056,元大高股息,14,0,14,美好-楊梅,2023-08-29,5262
3011,今皓,23,10,13,美好-楊梅,2023-08-29,5262
2614,東森,13,0,13,美好-楊梅,2023-08-29,5262
2331,精英,36,23,13,美好-楊梅,2023-08-29,5262
3231,緯創,44,31,13,美好-楊梅,2023-08-29,5262
8222,寶一,26,14,12,美好-楊梅,2023-08-29,5262
2449,京元電子,21,9,12,美好-楊梅,2023-08-29,5262
1616,億泰,10,0,10,美好-楊梅,2023-08-29,5262
3419,譁裕,8,0,8,美好-楊梅,2023-08-29,5262
3051,力特,15,8,7,美好-楊梅,2023-08-29,5262
3289,宜特,8,1,7,美好-楊梅,2023-08-29,5262
3308,聯德,14,7,7,美好-楊梅,2023-08-29,5262
9919,康那香,7,0,7,美好-楊梅,2023-08-29,5262
2382,廣達,20,14,6,美好-楊梅,2023-08-29,5262
5347,世界,6,0,6,美好-楊梅,2023-08-29,5262
00679B,元大美債20年,6,0,6,美好-楊梅,2023-08-29,5262
2892,第一金,6,0,6,美好-楊梅,2023-08-29,5262
6244,茂迪,9,3,6,美好-楊梅,2023-08-29,5262
2014,中鴻,5,0,5,美好-楊梅,2023-08-29,5262
2457,飛宏,11,6,5,美好-楊梅,2023-08-29,5262
2618,長榮航,26,21,5,美好-楊梅,2023-08-29,5262
3689,湧德,5,0,5,美好-楊梅,2023-08-29,5262
6101,寬魚國際,5,0,5,美好-楊梅,2023-08-29,5262
3312,弘憶股,4,0,4,美好-楊梅,2023-08-29,5262
3583,辛耘,11,7,4,美好-楊梅,2023-08-29,5262
6270,倍微,4,0,4,美好-楊梅,2023-08-29,5262
2340,台亞,5,2,3,美好-楊梅,2023-08-29,5262
1303,南亞,3,0,3,美好-楊梅,2023-08-29,5262
1612,宏泰,10,7,3,美好-楊梅,2023-08-29,5262
2007,燁興,3,0,3,美好-楊梅,2023-08-29,5262
2356,英業達,10,7,3,美好-楊梅,2023-08-29,5262
2401,凌陽,3,0,3,美好-楊梅,2023-08-29,5262
2414,精技,3,0,3,美好-楊梅,2023-08-29,5262
2421,建準,8,5,3,美好-楊梅,2023-08-29,5262
2486,一詮,13,10,3,美好-楊梅,2023-08-29,5262
2739,寒舍,3,0,3,美好-楊梅,2023-08-29,5262
2485,兆赫,100,11,89,美好-楊梅,2023-08-30,5262
2610,華航,53,7,46,美好-楊梅,2023-08-30,5262
00631L,元大台灣50正2,46,2,44,美好-楊梅,2023-08-30,5262
2618,長榮航,36,1,35,美好-楊梅,2023-08-30,5262
00751B,元大AAA至A公司債,32,0,32,美好-楊梅,2023-08-30,5262
00878,國泰永續高股息,139,107,32,美好-楊梅,2023-08-30,5262
2609,陽明,29,0,29,美好-楊梅,2023-08-30,5262
00651R,復華香港反1,25,0,25,美好-楊梅,2023-08-30,5262
1605,華新,25,2,23,美好-楊梅,2023-08-30,5262
1618,合機,21,0,21,美好-楊梅,2023-08-30,5262
00641R,富邦日本反1,20,0,20,美好-楊梅,2023-08-30,5262
2801,彰銀,20,0,20,美好-楊梅,2023-08-30,5262
2344,華邦電,33,15,18,美好-楊梅,2023-08-30,5262
00929,復華台灣科技優息,23,10,13,美好-楊梅,2023-08-30,5262
3583,辛耘,18,5,13,美好-楊梅,2023-08-30,5262
5381,合正,14,2,12,美好-楊梅,2023-08-30,5262
00636,國泰中國A50,11,0,11,美好-楊梅,2023-08-30,5262
2324,仁寶,21,10,11,美好-楊梅,2023-08-30,5262
5475,德宏,20,9,11,美好-楊梅,2023-08-30,5262
6194,育富,11,0,11,美好-楊梅,2023-08-30,5262
2884,玉山金,14,3,11,美好-楊梅,2023-08-30,5262
00673R,期元大S＆P原油反1,10,0,10,美好-楊梅,2023-08-30,5262
00637L,元大滬深300正2,10,0,10,美好-楊梅,2023-08-30,5262
1409,新纖,10,0,10,美好-楊梅,2023-08-30,5262
2379,瑞昱,10,0,10,美好-楊梅,2023-08-30,5262
3481,群創,18,8,10,美好-楊梅,2023-08-30,5262
1326,台化,10,1,9,美好-楊梅,2023-08-30,5262
6443,元晶,9,0,9,美好-楊梅,2023-08-30,5262
2329,華泰,72,64,8,美好-楊梅,2023-08-30,5262
9917,中保科,8,0,8,美好-楊梅,2023-08-30,5262
1612,宏泰,9,2,7,美好-楊梅,2023-08-30,5262
1802,台玻,55,48,7,美好-楊梅,2023-08-30,5262
3189,景碩,10,3,7,美好-楊梅,2023-08-30,5262
5607,遠雄港,13,6,7,美好-楊梅,2023-08-30,5262
1301,台塑,5,0,5,美好-楊梅,2023-08-30,5262
00882,中信中國高股息,10,5,5,美好-楊梅,2023-08-30,5262
1701,中化,6,1,5,美好-楊梅,2023-08-30,5262
2105,正新,6,1,5,美好-楊梅,2023-08-30,5262
2371,大同,7,2,5,美好-楊梅,2023-08-30,5262
3419,譁裕,5,0,5,美好-楊梅,2023-08-30,5262
3432,台端,5,0,5,美好-楊梅,2023-08-30,5262
4128,中天,5,0,5,美好-楊梅,2023-08-30,5262
6101,寬魚國際,5,0,5,美好-楊梅,2023-08-30,5262
6202,盛群,5,0,5,美好-楊梅,2023-08-30,5262
2486,一詮,4,0,4,美好-楊梅,2023-08-30,5262
3006,晶豪科,5,1,4,美好-楊梅,2023-08-30,5262
3037,欣興,10,6,4,美好-楊梅,2023-08-30,5262
3363,上詮,4,0,4,美好-楊梅,2023-08-30,5262
3576,聯合再生,4,0,4,美好-楊梅,2023-08-30,5262
3715,定穎投控,167,163,4,美好-楊梅,2023-08-30,5262
2834,臺企銀,130,0,130,美好-楊梅,2023-08-31,5262
2313,華通,80,6,74,美好-楊梅,2023-08-31,5262
00664R,國泰臺灣加權反1,50,0,50,美好-楊梅,2023-08-31,5262
2634,漢翔,78,35,43,美好-楊梅,2023-08-31,5262
00919,群益台灣精選高息,38,0,38,美好-楊梅,2023-08-31,5262
2886,兆豐金,32,1,31,美好-楊梅,2023-08-31,5262
3011,今皓,41,10,31,美好-楊梅,2023-08-31,5262
3583,辛耘,34,3,31,美好-楊梅,2023-08-31,5262
1609,大亞,27,2,25,美好-楊梅,2023-08-31,5262
00923,群益台ESG低碳50,23,0,23,美好-楊梅,2023-08-31,5262
2208,台船,21,1,20,美好-楊梅,2023-08-31,5262
5347,世界,24,4,20,美好-楊梅,2023-08-31,5262
6125,廣運,24,5,19,美好-楊梅,2023-08-31,5262
1605,華新,44,26,18,美好-楊梅,2023-08-31,5262
3311,閎暉,20,3,17,美好-楊梅,2023-08-31,5262
8358,金居,39,24,15,美好-楊梅,2023-08-31,5262
00900,富邦特選高股息30,16,1,15,美好-楊梅,2023-08-31,5262
6213,聯茂,39,25,14,美好-楊梅,2023-08-31,5262
2337,旺宏,22,9,13,美好-楊梅,2023-08-31,5262
2884,玉山金,13,0,13,美好-楊梅,2023-08-31,5262
2436,偉詮電,17,5,12,美好-楊梅,2023-08-31,5262
2614,東森,12,0,12,美好-楊梅,2023-08-31,5262
2606,裕民,11,0,11,美好-楊梅,2023-08-31,5262
3432,台端,11,0,11,美好-楊梅,2023-08-31,5262
1201,味全,10,0,10,美好-楊梅,2023-08-31,5262
00673R,期元大S＆P原油反1,10,0,10,美好-楊梅,2023-08-31,5262
1618,合機,10,0,10,美好-楊梅,2023-08-31,5262
2449,京元電子,16,6,10,美好-楊梅,2023-08-31,5262
2515,中工,10,0,10,美好-楊梅,2023-08-31,5262
2892,第一金,10,0,10,美好-楊梅,2023-08-31,5262
3325,旭品,14,4,10,美好-楊梅,2023-08-31,5262
3339,泰谷,10,0,10,美好-楊梅,2023-08-31,5262
3491,昇達科,10,0,10,美好-楊梅,2023-08-31,5262
00929,復華台灣科技優息,55,45,10,美好-楊梅,2023-08-31,5262
8222,寶一,16,7,9,美好-楊梅,2023-08-31,5262
1101,台泥,9,0,9,美好-楊梅,2023-08-31,5262
2324,仁寶,20,12,8,美好-楊梅,2023-08-31,5262
5880,合庫金,8,0,8,美好-楊梅,2023-08-31,5262
5443,均豪,8,0,8,美好-楊梅,2023-08-31,5262
5607,遠雄港,9,1,8,美好-楊梅,2023-08-31,5262
2002,中鋼,7,0,7,美好-楊梅,2023-08-31,5262
00687B,國泰20年美債,15,8,7,美好-楊梅,2023-08-31,5262
2316,楠梓電,7,0,7,美好-楊梅,2023-08-31,5262
3057,喬鼎,7,0,7,美好-楊梅,2023-08-31,5262
3481,群創,12,5,7,美好-楊梅,2023-08-31,5262
6285,啟��,18,11,7,美好-楊梅,2023-08-31,5262
1227,佳格,6,0,6,美好-楊梅,2023-08-31,5262
2352,佳世達,6,0,6,美好-楊梅,2023-08-31,5262
2399,映泰,6,0,6,美好-楊梅,2023-08-31,5262
2495,普安,8,2,6,美好-楊梅,2023-08-31,5262
3231,緯創,154,56,98,美好-楊梅,2023-09-01,5262
2313,華通,72,0,72,美好-楊梅,2023-09-01,5262
3308,聯德,67,6,61,美好-楊梅,2023-09-01,5262
00919,群益台灣精選高息,54,3,51,美好-楊梅,2023-09-01,5262
2888,新光金,60,15,45,美好-楊梅,2023-09-01,5262
2355,敬鵬,45,1,44,美好-楊梅,2023-09-01,5262
3011,今皓,58,15,43,美好-楊梅,2023-09-01,5262
00878,國泰永續高股息,44,3,41,美好-楊梅,2023-09-01,5262
4564,元翎,35,2,33,美好-楊梅,2023-09-01,5262
5381,合正,35,3,32,美好-楊梅,2023-09-01,5262
00929,復華台灣科技優息,33,1,32,美好-楊梅,2023-09-01,5262
8183,精星,25,2,23,美好-楊梅,2023-09-01,5262
3234,光環,23,1,22,美好-楊梅,2023-09-01,5262
2369,菱生,23,2,21,美好-楊梅,2023-09-01,5262
2329,華泰,144,125,19,美好-楊梅,2023-09-01,5262
5009,榮剛,18,0,18,美好-楊梅,2023-09-01,5262
2485,兆赫,223,207,16,美好-楊梅,2023-09-01,5262
3005,神基,16,0,16,美好-楊梅,2023-09-01,5262
5475,德宏,20,4,16,美好-楊梅,2023-09-01,5262
6282,康舒,18,2,16,美好-楊梅,2023-09-01,5262
2891,中信金,15,0,15,美好-楊梅,2023-09-01,5262
2402,毅嘉,76,61,15,美好-楊梅,2023-09-01,5262
2421,建準,41,27,14,美好-楊梅,2023-09-01,5262
1471,首利,19,6,13,美好-楊梅,2023-09-01,5262
2886,兆豐金,13,0,13,美好-楊梅,2023-09-01,5262
2382,廣達,24,12,12,美好-楊梅,2023-09-01,5262
00751B,元大AAA至A公司債,14,2,12,美好-楊梅,2023-09-01,5262
2603,長榮,14,2,12,美好-楊梅,2023-09-01,5262
2301,光寶科,13,3,10,美好-楊梅,2023-09-01,5262
00923,群益台ESG低碳50,13,3,10,美好-楊梅,2023-09-01,5262
00673R,期元大S＆P原油反1,10,0,10,美好-楊梅,2023-09-01,5262
2356,英業達,21,11,10,美好-楊梅,2023-09-01,5262
2511,太子,10,0,10,美好-楊梅,2023-09-01,5262
2605,新興,10,0,10,美好-楊梅,2023-09-01,5262
5498,凱崴,10,0,10,美好-楊梅,2023-09-01,5262
6142,友勁,10,0,10,美好-楊梅,2023-09-01,5262
2206,三陽工業,20,11,9,美好-楊梅,2023-09-01,5262
1513,中興電,15,6,9,美好-楊梅,2023-09-01,5262
2367,燿華,14,5,9,美好-楊梅,2023-09-01,5262
2618,長榮航,29,20,9,美好-楊梅,2023-09-01,5262
2368,金像電,11,2,9,美好-楊梅,2023-09-01,5262
00712,復華富時不動產,9,1,8,美好-楊梅,2023-09-01,5262
3357,臺慶科,11,3,8,美好-楊梅,2023-09-01,5262
3550,聯穎,8,0,8,美好-楊梅,2023-09-01,5262
4958,臻鼎-KY,8,0,8,美好-楊梅,2023-09-01,5262
2838,聯邦銀,7,0,7,美好-楊梅,2023-09-01,5262
2892,第一金,7,0,7,美好-楊梅,2023-09-01,5262
3311,閎暉,9,2,7,美好-楊梅,2023-09-01,5262
2337,旺宏,14,7,7,美好-楊梅,2023-09-01,5262
8210,勤誠,15,9,6,美好-楊梅,2023-09-01,5262
00919,群益台灣精選高息,296,1,295,美好-楊梅,2023-09-04,5262
2363,矽統,93,23,70,美好-楊梅,2023-09-04,5262
1802,台玻,84,17,67,美好-楊梅,2023-09-04,5262
5381,合正,69,5,64,美好-楊梅,2023-09-04,5262
00932,兆豐永續高息等權,62,0,62,美好-楊梅,2023-09-04,5262
00632R,元大台灣50反1,60,0,60,美好-楊梅,2023-09-04,5262
00679B,元大美債20年,57,0,57,美好-楊梅,2023-09-04,5262
00751B,元大AAA至A公司債,50,0,50,美好-楊梅,2023-09-04,5262
00929,復華台灣科技優息,58,9,49,美好-楊梅,2023-09-04,5262
6173,信昌電,145,105,40,美好-楊梅,2023-09-04,5262
1314,中石化,50,15,35,美好-楊梅,2023-09-04,5262
00931B,統一美債20年,33,0,33,美好-楊梅,2023-09-04,5262
1522,堤維西,33,1,32,美好-楊梅,2023-09-04,5262
00900,富邦特選高股息30,25,3,22,美好-楊梅,2023-09-04,5262
3481,群創,25,4,21,美好-楊梅,2023-09-04,5262
3290,東浦,22,3,19,美好-楊梅,2023-09-04,5262
2402,毅嘉,248,231,17,美好-楊梅,2023-09-04,5262
1605,華新,22,6,16,美好-楊梅,2023-09-04,5262
2887,台新金,16,0,16,美好-楊梅,2023-09-04,5262
2027,大成鋼,25,11,14,美好-楊梅,2023-09-04,5262
3357,臺慶科,13,0,13,美好-楊梅,2023-09-04,5262
2002,中鋼,17,5,12,美好-楊梅,2023-09-04,5262
1471,首利,12,1,11,美好-楊梅,2023-09-04,5262
1618,合機,11,0,11,美好-楊梅,2023-09-04,5262
8070,長華*,12,1,11,美好-楊梅,2023-09-04,5262
3711,日月光投控,11,0,11,美好-楊梅,2023-09-04,5262
2371,大同,29,19,10,美好-楊梅,2023-09-04,5262
00915,凱基優選高股息30,10,0,10,美好-楊梅,2023-09-04,5262
00673R,期元大S＆P原油反1,10,0,10,美好-楊梅,2023-09-04,5262
2379,瑞昱,10,0,10,美好-楊梅,2023-09-04,5262
2481,強茂,10,0,10,美好-楊梅,2023-09-04,5262
3356,奇偶,10,0,10,美好-楊梅,2023-09-04,5262
5483,中美晶,10,0,10,美好-楊梅,2023-09-04,5262
6168,宏齊,10,0,10,美好-楊梅,2023-09-04,5262
6202,盛群,10,0,10,美好-楊梅,2023-09-04,5262
0056,元大高股息,10,1,9,美好-楊梅,2023-09-04,5262
00655L,國泰中國A50正2,10,2,8,美好-楊梅,2023-09-04,5262
00687B,國泰20年美債,8,0,8,美好-楊梅,2023-09-04,5262
2913,農林,8,0,8,美好-楊梅,2023-09-04,5262
9945,潤泰新,7,0,7,美好-楊梅,2023-09-04,5262
2206,三陽工業,14,7,7,美好-楊梅,2023-09-04,5262
2881,富邦金,6,0,6,美好-楊梅,2023-09-04,5262
2880,華南金,6,0,6,美好-楊梅,2023-09-04,5262
6443,元晶,6,0,6,美好-楊梅,2023-09-04,5262
1786,科妍,5,0,5,美好-楊梅,2023-09-04,5262
2365,昆盈,5,0,5,美好-楊梅,2023-09-04,5262
2409,友達,6,1,5,美好-楊梅,2023-09-04,5262
2605,新興,8,3,5,美好-楊梅,2023-09-04,5262
2891,中信金,5,0,5,美好-楊梅,2023-09-04,5262
3272,東碩,5,0,5,美好-楊梅,2023-09-04,5262
00919,群益台灣精選高息,186,0,186,美好-楊梅,2023-09-05,5262
00929,復華台灣科技優息,187,19,168,美好-楊梅,2023-09-05,5262
00932,兆豐永續高息等權,83,0,83,美好-楊梅,2023-09-05,5262
2883,凱基金,53,0,53,美好-楊梅,2023-09-05,5262
2618,長榮航,54,1,53,美好-楊梅,2023-09-05,5262
1471,首利,58,8,50,美好-楊梅,2023-09-05,5262
6122,擎邦,68,20,48,美好-楊梅,2023-09-05,5262
2358,廷鑫,60,25,35,美好-楊梅,2023-09-05,5262
2543,皇昌,35,1,34,美好-楊梅,2023-09-05,5262
3231,緯創,71,45,26,美好-楊梅,2023-09-05,5262
2634,漢翔,33,7,26,美好-楊梅,2023-09-05,5262
2889,國票金,30,5,25,美好-楊梅,2023-09-05,5262
3483,力致,25,1,24,美好-楊梅,2023-09-05,5262
00679B,元大美債20年,20,2,18,美好-楊梅,2023-09-05,5262
00915,凱基優選高股息30,18,1,17,美好-楊梅,2023-09-05,5262
1101,台泥,15,0,15,美好-楊梅,2023-09-05,5262
00651R,復華香港反1,15,0,15,美好-楊梅,2023-09-05,5262
3339,泰谷,15,0,15,美好-楊梅,2023-09-05,5262
1409,新纖,14,1,13,美好-楊梅,2023-09-05,5262
6416,瑞祺電通,13,0,13,美好-楊梅,2023-09-05,5262
1802,台玻,13,1,12,美好-楊梅,2023-09-05,5262
5009,榮剛,14,2,12,美好-楊梅,2023-09-05,5262
4127,天良,11,0,11,美好-楊梅,2023-09-05,5262
4743,合一,10,0,10,美好-楊梅,2023-09-05,5262
00673R,期元大S＆P原油反1,10,0,10,美好-楊梅,2023-09-05,5262
2891,中信金,10,0,10,美好-楊梅,2023-09-05,5262
6109,亞元,10,0,10,美好-楊梅,2023-09-05,5262
6188,廣明,12,2,10,美好-楊梅,2023-09-05,5262
6202,盛群,14,4,10,美好-楊梅,2023-09-05,5262
6279,胡連,10,0,10,美好-楊梅,2023-09-05,5262
9105,泰金寶-DR,10,0,10,美好-楊梅,2023-09-05,5262
2892,第一金,10,1,9,美好-楊梅,2023-09-05,5262
6235,華孚,10,1,9,美好-楊梅,2023-09-05,5262
00687B,國泰20年美債,8,0,8,美好-楊梅,2023-09-05,5262
4952,凌通,8,0,8,美好-楊梅,2023-09-05,5262
6411,晶焱,9,1,8,美好-楊梅,2023-09-05,5262
00713,元大台灣高息低波,7,0,7,美好-楊梅,2023-09-05,5262
1529,樂事綠能,8,1,7,美好-楊梅,2023-09-05,5262
5488,松普,7,0,7,美好-楊梅,2023-09-05,5262
5483,中美晶,6,0,6,美好-楊梅,2023-09-05,5262
2371,大同,8,2,6,美好-楊梅,2023-09-05,5262
00733,富邦臺灣中小,6,0,6,美好-楊梅,2023-09-05,5262
1582,信錦,6,0,6,美好-楊梅,2023-09-05,5262
2002,中鋼,9,3,6,美好-楊梅,2023-09-05,5262
2409,友達,23,17,6,美好-楊梅,2023-09-05,5262
3163,波若威,11,5,6,美好-楊梅,2023-09-05,5262
3308,聯德,6,0,6,美好-楊梅,2023-09-05,5262
6282,康舒,11,5,6,美好-楊梅,2023-09-05,5262
8936,國統,6,0,6,美好-楊梅,2023-09-05,5262
6531,愛普*,8,2,6,美好-楊梅,2023-09-05,5262
00929,復華台灣科技優息,229,146,83,美好-楊梅,2023-09-06,5262
3481,群創,92,11,81,美好-楊梅,2023-09-06,5262
00932,兆豐永續高息等權,72,0,72,美好-楊梅,2023-09-06,5262
2409,友達,60,2,58,美好-楊梅,2023-09-06,5262
2883,凱基金,53,0,53,美好-楊梅,2023-09-06,5262
00878,國泰永續高股息,64,17,47,美好-楊梅,2023-09-06,5262
1471,首利,47,3,44,美好-楊梅,2023-09-06,5262
1101,台泥,48,5,43,美好-楊梅,2023-09-06,5262
2358,廷鑫,48,5,43,美好-楊梅,2023-09-06,5262
00687B,國泰20年美債,33,0,33,美好-楊梅,2023-09-06,5262
00665L,富邦�琤肭磪囓�2,33,0,33,美好-楊梅,2023-09-06,5262
2363,矽統,92,60,32,美好-楊梅,2023-09-06,5262
8064,東捷,27,0,27,美好-楊梅,2023-09-06,5262
4542,科嶠,25,2,23,美好-楊梅,2023-09-06,5262
2401,凌陽,38,15,23,美好-楊梅,2023-09-06,5262
00915,凱基優選高股息30,22,0,22,美好-楊梅,2023-09-06,5262
2888,新光金,27,6,21,美好-楊梅,2023-09-06,5262
00637L,元大滬深300正2,20,0,20,美好-楊梅,2023-09-06,5262
00674R,期元大S＆P黃金反1,20,0,20,美好-楊梅,2023-09-06,5262
8088,品安,20,0,20,美好-楊梅,2023-09-06,5262
2002,中鋼,20,1,19,美好-楊梅,2023-09-06,5262
2312,金寶,22,4,18,美好-楊梅,2023-09-06,5262
2425,承啟,18,0,18,美好-楊梅,2023-09-06,5262
2891,中信金,16,0,16,美好-楊梅,2023-09-06,5262
6274,台燿,46,30,16,美好-楊梅,2023-09-06,5262
00713,元大台灣高息低波,16,0,16,美好-楊梅,2023-09-06,5262
2419,仲琦,19,3,16,美好-楊梅,2023-09-06,5262
2421,建準,19,3,16,美好-楊梅,2023-09-06,5262
3260,威剛,19,3,16,美好-楊梅,2023-09-06,5262
2457,飛宏,23,8,15,美好-楊梅,2023-09-06,5262
2376,技嘉,28,14,14,美好-楊梅,2023-09-06,5262
00673R,期元大S＆P原油反1,15,1,14,美好-楊梅,2023-09-06,5262
2486,一詮,16,3,13,美好-楊梅,2023-09-06,5262
8027,鈦昇,13,0,13,美好-楊梅,2023-09-06,5262
2880,華南金,12,0,12,美好-楊梅,2023-09-06,5262
00733,富邦臺灣中小,11,0,11,美好-楊梅,2023-09-06,5262
1802,台玻,16,5,11,美好-楊梅,2023-09-06,5262
5607,遠雄港,11,0,11,美好-楊梅,2023-09-06,5262
2834,臺企銀,10,0,10,美好-楊梅,2023-09-06,5262
1108,幸福,10,0,10,美好-楊梅,2023-09-06,5262
00715L,期街口布蘭特正2,10,0,10,美好-楊梅,2023-09-06,5262
1460,宏遠,10,0,10,美好-楊梅,2023-09-06,5262
2020,美亞,10,0,10,美好-楊梅,2023-09-06,5262
3024,憶聲,10,0,10,美好-楊梅,2023-09-06,5262
6175,立敦,10,0,10,美好-楊梅,2023-09-06,5262
8071,能率網通,10,0,10,美好-楊梅,2023-09-06,5262
4916,事欣科,11,2,9,美好-楊梅,2023-09-06,5262
5009,榮剛,14,5,9,美好-楊梅,2023-09-06,5262
5439,高技,10,1,9,美好-楊梅,2023-09-06,5262
2402,毅嘉,18,10,8,美好-楊梅,2023-09-06,5262
1216,統一,187,1,186,美好-楊梅,2023-09-07,5262
00929,復華台灣科技優息,198,73,125,美好-楊梅,2023-09-07,5262
00915,凱基優選高股息30,83,0,83,美好-楊梅,2023-09-07,5262
00878,國泰永續高股息,69,1,68,美好-楊梅,2023-09-07,5262
2356,英業達,49,5,44,美好-楊梅,2023-09-07,5262
4533,協易機,51,7,44,美好-楊梅,2023-09-07,5262
2409,友達,45,6,39,美好-楊梅,2023-09-07,5262
3231,緯創,77,45,32,美好-楊梅,2023-09-07,5262
1608,華榮,30,0,30,美好-楊梅,2023-09-07,5262
1612,宏泰,50,22,28,美好-楊梅,2023-09-07,5262
2402,毅嘉,38,12,26,美好-楊梅,2023-09-07,5262
2614,東森,28,3,25,美好-楊梅,2023-09-07,5262
00931B,統一美債20年,23,0,23,美好-楊梅,2023-09-07,5262
6274,台燿,28,7,21,美好-楊梅,2023-09-07,5262
1513,中興電,24,4,20,美好-楊梅,2023-09-07,5262
00665L,富邦�琤肭磪囓�2,50,30,20,美好-楊梅,2023-09-07,5262
00882,中信中國高股息,20,0,20,美好-楊梅,2023-09-07,5262
4938,和碩,20,0,20,美好-楊梅,2023-09-07,5262
6202,盛群,20,0,20,美好-楊梅,2023-09-07,5262
00919,群益台灣精選高息,66,49,17,美好-楊梅,2023-09-07,5262
3481,群創,28,12,16,美好-楊梅,2023-09-07,5262
2887,台新金,15,0,15,美好-楊梅,2023-09-07,5262
5328,華容,14,0,14,美好-楊梅,2023-09-07,5262
8112,至上,24,10,14,美好-楊梅,2023-09-07,5262
2313,華通,132,118,14,美好-楊梅,2023-09-07,5262
2002,中鋼,14,1,13,美好-楊梅,2023-09-07,5262
2303,聯電,24,11,13,美好-楊梅,2023-09-07,5262
4916,事欣科,13,0,13,美好-楊梅,2023-09-07,5262
00637L,元大滬深300正2,12,0,12,美好-楊梅,2023-09-07,5262
2834,臺企銀,12,0,12,美好-楊梅,2023-09-07,5262
2382,廣達,24,12,12,美好-楊梅,2023-09-07,5262
1802,台玻,13,2,11,美好-楊梅,2023-09-07,5262
2883,凱基金,11,0,11,美好-楊梅,2023-09-07,5262
2891,中信金,11,0,11,美好-楊梅,2023-09-07,5262
4915,致伸,13,2,11,美好-楊梅,2023-09-07,5262
2330,台積電,10,0,10,美好-楊梅,2023-09-07,5262
2027,大成鋼,10,0,10,美好-楊梅,2023-09-07,5262
00772B,中信高評級公司債,10,0,10,美好-楊梅,2023-09-07,5262
8476,台境*,10,0,10,美好-楊梅,2023-09-07,5262
00673R,期元大S＆P原油反1,10,0,10,美好-楊梅,2023-09-07,5262
1402,遠東新,10,0,10,美好-楊梅,2023-09-07,5262
2542,興富發,10,0,10,美好-楊梅,2023-09-07,5262
2615,萬海,20,10,10,美好-楊梅,2023-09-07,5262
2867,三商壽,10,0,10,美好-楊梅,2023-09-07,5262
2882,國泰金,10,0,10,美好-楊梅,2023-09-07,5262
3339,泰谷,10,0,10,美好-楊梅,2023-09-07,5262
3362,先進光,11,1,10,美好-楊梅,2023-09-07,5262
6446,藥華藥,10,0,10,美好-楊梅,2023-09-07,5262
8064,東捷,10,0,10,美好-楊梅,2023-09-07,5262
8068,全達,14,4,10,美好-楊梅,2023-09-07,5262
2358,廷鑫,178,19,159,美好-楊梅,2023-09-08,5262
00919,群益台灣精選高息,164,9,155,美好-楊梅,2023-09-08,5262
1471,首利,124,4,120,美好-楊梅,2023-09-08,5262
00878,國泰永續高股息,58,3,55,美好-楊梅,2023-09-08,5262
2332,友訊,32,0,32,美好-楊梅,2023-09-08,5262
2337,旺宏,33,2,31,美好-楊梅,2023-09-08,5262
00632R,元大台灣50反1,30,0,30,美好-楊梅,2023-09-08,5262
2614,東森,30,1,29,美好-楊梅,2023-09-08,5262
00929,復華台灣科技優息,32,4,28,美好-楊梅,2023-09-08,5262
2405,輔信,41,15,26,美好-楊梅,2023-09-08,5262
2618,長榮航,32,7,25,美好-楊梅,2023-09-08,5262
2329,華泰,37,15,22,美好-楊梅,2023-09-08,5262
2486,一詮,21,1,20,美好-楊梅,2023-09-08,5262
5328,華容,20,0,20,美好-楊梅,2023-09-08,5262
2402,毅嘉,33,16,17,美好-楊梅,2023-09-08,5262
6116,彩晶,18,2,16,美好-楊梅,2023-09-08,5262
00665L,富邦�琤肭磪囓�2,16,0,16,美好-楊梅,2023-09-08,5262
2330,台積電,15,0,15,美好-楊梅,2023-09-08,5262
2313,華通,21,7,14,美好-楊梅,2023-09-08,5262
2382,廣達,30,16,14,美好-楊梅,2023-09-08,5262
3260,威剛,15,1,14,美好-楊梅,2023-09-08,5262
3715,定穎投控,138,125,13,美好-楊梅,2023-09-08,5262
3231,緯創,57,44,13,美好-楊梅,2023-09-08,5262
00751B,元大AAA至A公司債,12,0,12,美好-楊梅,2023-09-08,5262
3432,台端,12,0,12,美好-楊梅,2023-09-08,5262
2312,金寶,12,0,12,美好-楊梅,2023-09-08,5262
3046,建��,26,15,11,美好-楊梅,2023-09-08,5262
1101,台泥,10,0,10,美好-楊梅,2023-09-08,5262
2241,艾姆勒,10,0,10,美好-楊梅,2023-09-08,5262
00636,國泰中國A50,10,0,10,美好-楊梅,2023-09-08,5262
00674R,期元大S＆P黃金反1,10,0,10,美好-楊梅,2023-09-08,5262
00673R,期元大S＆P原油反1,10,0,10,美好-楊梅,2023-09-08,5262
1316,上曜,10,0,10,美好-楊梅,2023-09-08,5262
3625,西勝,10,0,10,美好-楊梅,2023-09-08,5262
5302,太欣,10,0,10,美好-楊梅,2023-09-08,5262
6235,華孚,12,2,10,美好-楊梅,2023-09-08,5262
6274,台燿,16,7,9,美好-楊梅,2023-09-08,5262
3306,鼎天,11,2,9,美好-楊梅,2023-09-08,5262
00932,兆豐永續高息等權,13,4,9,美好-楊梅,2023-09-08,5262
2303,聯電,20,11,9,美好-楊梅,2023-09-08,5262
2880,華南金,9,0,9,美好-楊梅,2023-09-08,5262
3481,群創,22,14,8,美好-楊梅,2023-09-08,5262
00882,中信中國高股息,8,0,8,美好-楊梅,2023-09-08,5262
1802,台玻,12,4,8,美好-楊梅,2023-09-08,5262
5340,建榮,8,0,8,美好-楊梅,2023-09-08,5262
6770,力積電,8,0,8,美好-楊梅,2023-09-08,5262
8033,雷虎,22,14,8,美好-楊梅,2023-09-08,5262
00881,國泰台灣5G+,7,0,7,美好-楊梅,2023-09-08,5262
00923,群益台ESG低碳50,7,0,7,美好-楊梅,2023-09-08,5262
00713,元大台灣高息低波,7,0,7,美好-楊梅,2023-09-08,5262
00878,國泰永續高股息,156,15,141,美好-楊梅,2023-09-11,5262
00929,復華台灣科技優息,112,30,82,美好-楊梅,2023-09-11,5262
2405,輔信,98,35,63,美好-楊梅,2023-09-11,5262
2349,錸德,50,0,50,美好-楊梅,2023-09-11,5262
2358,廷鑫,44,2,42,美好-楊梅,2023-09-11,5262
1522,堤維西,57,20,37,美好-楊梅,2023-09-11,5262
2605,新興,35,1,34,美好-楊梅,2023-09-11,5262
2845,遠東銀,30,0,30,美好-楊梅,2023-09-11,5262
00918,大華優利高填息30,25,0,25,美好-楊梅,2023-09-11,5262
00715L,期街口布蘭特正2,25,0,25,美好-楊梅,2023-09-11,5262
00712,復華富時不動產,20,0,20,美好-楊梅,2023-09-11,5262
5328,華容,20,0,20,美好-楊梅,2023-09-11,5262
3311,閎暉,22,3,19,美好-楊梅,2023-09-11,5262
2359,所羅門,18,0,18,美好-楊梅,2023-09-11,5262
0056,元大高股息,21,3,18,美好-楊梅,2023-09-11,5262
3481,群創,34,16,18,美好-楊梅,2023-09-11,5262
1528,恩德,16,0,16,美好-楊梅,2023-09-11,5262
4533,協易機,15,0,15,美好-楊梅,2023-09-11,5262
6016,康和證,15,0,15,美好-楊梅,2023-09-11,5262
2204,中華,15,1,14,美好-楊梅,2023-09-11,5262
2890,永豐金,14,0,14,美好-楊梅,2023-09-11,5262
2002,中鋼,21,7,14,美好-楊梅,2023-09-11,5262
2356,英業達,25,12,13,美好-楊梅,2023-09-11,5262
2355,敬鵬,14,1,13,美好-楊梅,2023-09-11,5262
2376,技嘉,26,13,13,美好-楊梅,2023-09-11,5262
2363,矽統,76,64,12,美好-楊梅,2023-09-11,5262
2324,仁寶,13,1,12,美好-楊梅,2023-09-11,5262
00882,中信中國高股息,12,0,12,美好-楊梅,2023-09-11,5262
2352,佳世達,15,3,12,美好-楊梅,2023-09-11,5262
3706,神達,30,18,12,美好-楊梅,2023-09-11,5262
6194,育富,11,0,11,美好-楊梅,2023-09-11,5262
1101,台泥,12,1,11,美好-楊梅,2023-09-11,5262
2330,台積電,12,1,11,美好-楊梅,2023-09-11,5262
2368,金像電,13,2,11,美好-楊梅,2023-09-11,5262
2382,廣達,49,39,10,美好-楊梅,2023-09-11,5262
00751B,元大AAA至A公司債,10,0,10,美好-楊梅,2023-09-11,5262
00915,凱基優選高股息30,10,0,10,美好-楊梅,2023-09-11,5262
00648R,元大S＆P500反1,10,0,10,美好-楊梅,2023-09-11,5262
00673R,期元大S＆P原油反1,10,0,10,美好-楊梅,2023-09-11,5262
1540,喬福,10,0,10,美好-楊梅,2023-09-11,5262
2104,國際中橡,10,0,10,美好-楊梅,2023-09-11,5262
3051,力特,15,5,10,美好-楊梅,2023-09-11,5262
3178,公準,11,1,10,美好-楊梅,2023-09-11,5262
4908,前鼎,12,2,10,美好-楊梅,2023-09-11,5262
6770,力積電,10,0,10,美好-楊梅,2023-09-11,5262
8289,泰藝,10,0,10,美好-楊梅,2023-09-11,5262
8027,鈦昇,9,0,9,美好-楊梅,2023-09-11,5262
2884,玉山金,9,0,9,美好-楊梅,2023-09-11,5262
1609,大亞,16,8,8,美好-楊梅,2023-09-11,5262
3005,神基,8,0,8,美好-楊梅,2023-09-11,5262
00929,復華台灣科技優息,256,38,218,美好-楊梅,2023-09-12,5262
1471,首利,163,3,160,美好-楊梅,2023-09-12,5262
1314,中石化,55,5,50,美好-楊梅,2023-09-12,5262
3078,僑威,52,7,45,美好-楊梅,2023-09-12,5262
00919,群益台灣精選高息,43,1,42,美好-楊梅,2023-09-12,5262
00751B,元大AAA至A公司債,42,0,42,美好-楊梅,2023-09-12,5262
2363,矽統,82,45,37,美好-楊梅,2023-09-12,5262
2538,基泰,37,1,36,美好-楊梅,2023-09-12,5262
1720,生達,30,0,30,美好-楊梅,2023-09-12,5262
3645,達邁,50,20,30,美好-楊梅,2023-09-12,5262
2331,精英,28,0,28,美好-楊梅,2023-09-12,5262
8222,寶一,23,0,23,美好-楊梅,2023-09-12,5262
3380,明泰,22,0,22,美好-楊梅,2023-09-12,5262
8932,智通*,27,5,22,美好-楊梅,2023-09-12,5262
6125,廣運,23,2,21,美好-楊梅,2023-09-12,5262
5381,合正,21,1,20,美好-楊梅,2023-09-12,5262
2332,友訊,20,0,20,美好-楊梅,2023-09-12,5262
5302,太欣,20,0,20,美好-楊梅,2023-09-12,5262
00878,國泰永續高股息,59,39,20,美好-楊梅,2023-09-12,5262
00679B,元大美債20年,17,0,17,美好-楊梅,2023-09-12,5262
2206,三陽工業,18,1,17,美好-楊梅,2023-09-12,5262
6116,彩晶,16,0,16,美好-楊梅,2023-09-12,5262
8933,愛地雅,15,0,15,美好-楊梅,2023-09-12,5262
9962,有益,15,0,15,美好-楊梅,2023-09-12,5262
00673R,期元大S＆P原油反1,14,0,14,美好-楊梅,2023-09-12,5262
2834,臺企銀,13,0,13,美好-楊梅,2023-09-12,5262
00636,國泰中國A50,12,0,12,美好-楊梅,2023-09-12,5262
00922,國泰台灣領袖50,11,0,11,美好-楊梅,2023-09-12,5262
00687B,國泰20年美債,11,0,11,美好-楊梅,2023-09-12,5262
2208,台船,31,20,11,美好-楊梅,2023-09-12,5262
6120,達運,21,10,11,美好-楊梅,2023-09-12,5262
1802,台玻,10,0,10,美好-楊梅,2023-09-12,5262
2009,第一銅,10,0,10,美好-楊梅,2023-09-12,5262
2897,王道銀行,10,0,10,美好-楊梅,2023-09-12,5262
6282,康舒,19,9,10,美好-楊梅,2023-09-12,5262
6523,達爾膚,10,0,10,美好-楊梅,2023-09-12,5262
8096,擎亞,10,0,10,美好-楊梅,2023-09-12,5262
2204,中華,9,0,9,美好-楊梅,2023-09-12,5262
2485,兆赫,114,105,9,美好-楊梅,2023-09-12,5262
2645,長榮航太,11,2,9,美好-楊梅,2023-09-12,5262
5452,佶優,9,0,9,美好-楊梅,2023-09-12,5262
3260,威剛,110,101,9,美好-楊梅,2023-09-12,5262
00882,中信中國高股息,8,0,8,美好-楊梅,2023-09-12,5262
00915,凱基優選高股息30,8,0,8,美好-楊梅,2023-09-12,5262
2020,美亞,9,1,8,美好-楊梅,2023-09-12,5262
2402,毅嘉,18,10,8,美好-楊梅,2023-09-12,5262
1605,華新,33,26,7,美好-楊梅,2023-09-12,5262
2845,遠東銀,7,0,7,美好-楊梅,2023-09-12,5262
3027,盛達,8,1,7,美好-楊梅,2023-09-12,5262
3213,茂訊,10,3,7,美好-楊梅,2023-09-12,5262
00919,群益台灣精選高息,269,2,267,美好-楊梅,2023-09-13,5262
00929,復華台灣科技優息,293,60,233,美好-楊梅,2023-09-13,5262
6015,宏遠證,95,0,95,美好-楊梅,2023-09-13,5262
0056,元大高股息,63,0,63,美好-楊梅,2023-09-13,5262
00918,大華優利高填息30,55,0,55,美好-楊梅,2023-09-13,5262
00713,元大台灣高息低波,51,0,51,美好-楊梅,2023-09-13,5262
1524,耿鼎,168,117,51,美好-楊梅,2023-09-13,5262
2929,淘帝-KY,40,0,40,美好-楊梅,2023-09-13,5262
1471,首利,64,25,39,美好-楊梅,2023-09-13,5262
00878,國泰永續高股息,43,5,38,美好-楊梅,2023-09-13,5262
2618,長榮航,61,23,38,美好-楊梅,2023-09-13,5262
2355,敬鵬,43,14,29,美好-楊梅,2023-09-13,5262
00751B,元大AAA至A公司債,22,0,22,美好-楊梅,2023-09-13,5262
1314,中石化,40,20,20,美好-楊梅,2023-09-13,5262
1611,中電,20,0,20,美好-楊梅,2023-09-13,5262
8068,全達,18,0,18,美好-楊梅,2023-09-13,5262
2634,漢翔,22,6,16,美好-楊梅,2023-09-13,5262
3231,緯創,33,20,13,美好-楊梅,2023-09-13,5262
1809,中釉,24,11,13,美好-楊梅,2023-09-13,5262
1101,台泥,18,7,11,美好-楊梅,2023-09-13,5262
1307,三芳,12,1,11,美好-楊梅,2023-09-13,5262
2892,第一金,11,0,11,美好-楊梅,2023-09-13,5262
3213,茂訊,12,1,11,美好-楊梅,2023-09-13,5262
3709,鑫聯大投控,60,50,10,美好-楊梅,2023-09-13,5262
00679B,元大美債20年,10,0,10,美好-楊梅,2023-09-13,5262
00673R,期元大S＆P原油反1,10,0,10,美好-楊梅,2023-09-13,5262
2489,瑞軒,10,0,10,美好-楊梅,2023-09-13,5262
3645,達邁,10,0,10,美好-楊梅,2023-09-13,5262
2630,亞航,245,236,9,美好-楊梅,2023-09-13,5262
1319,東陽,61,53,8,美好-楊梅,2023-09-13,5262
00902,中信電池及儲能,8,0,8,美好-楊梅,2023-09-13,5262
3346,麗清,21,13,8,美好-楊梅,2023-09-13,5262
4533,協易機,10,2,8,美好-楊梅,2023-09-13,5262
5608,四維航,11,3,8,美好-楊梅,2023-09-13,5262
1605,華新,7,0,7,美好-楊梅,2023-09-13,5262
3013,晟銘電,7,0,7,美好-楊梅,2023-09-13,5262
3311,閎暉,21,14,7,美好-楊梅,2023-09-13,5262
2606,裕民,8,2,6,美好-楊梅,2023-09-13,5262
00637L,元大滬深300正2,6,0,6,美好-楊梅,2023-09-13,5262
1449,佳和,6,0,6,美好-楊梅,2023-09-13,5262
1786,科妍,6,0,6,美好-楊梅,2023-09-13,5262
2449,京元電子,10,4,6,美好-楊梅,2023-09-13,5262
2706,第一店,6,0,6,美好-楊梅,2023-09-13,5262
3322,建舜電,11,5,6,美好-楊梅,2023-09-13,5262
3624,光頡,6,0,6,美好-楊梅,2023-09-13,5262
8926,台汽電,6,0,6,美好-楊梅,2023-09-13,5262
2368,金像電,7,2,5,美好-楊梅,2023-09-13,5262
2884,玉山金,5,0,5,美好-楊梅,2023-09-13,5262
5880,合庫金,5,0,5,美好-楊梅,2023-09-13,5262
2324,仁寶,6,1,5,美好-楊梅,2023-09-13,5262
00878,國泰永續高股息,278,18,260,美好-楊梅,2023-09-14,5262
00919,群益台灣精選高息,222,10,212,美好-楊梅,2023-09-14,5262
00929,復華台灣科技優息,176,8,168,美好-楊梅,2023-09-14,5262
1611,中電,135,0,135,美好-楊梅,2023-09-14,5262
6015,宏遠證,105,0,105,美好-楊梅,2023-09-14,5262
1524,耿鼎,75,4,71,美好-楊梅,2023-09-14,5262
00632R,元大台灣50反1,50,0,50,美好-楊梅,2023-09-14,5262
1471,首利,48,4,44,美好-楊梅,2023-09-14,5262
1314,中石化,50,7,43,美好-楊梅,2023-09-14,5262
00918,大華優利高填息30,38,0,38,美好-楊梅,2023-09-14,5262
2618,長榮航,38,2,36,美好-楊梅,2023-09-14,5262
3078,僑威,38,6,32,美好-楊梅,2023-09-14,5262
3704,合勤控,33,2,31,美好-楊梅,2023-09-14,5262
2029,盛餘,25,0,25,美好-楊梅,2023-09-14,5262
1909,榮成,20,0,20,美好-楊梅,2023-09-14,5262
3709,鑫聯大投控,29,10,19,美好-楊梅,2023-09-14,5262
3005,神基,18,0,18,美好-楊梅,2023-09-14,5262
2485,兆赫,26,8,18,美好-楊梅,2023-09-14,5262
00713,元大台灣高息低波,17,0,17,美好-楊梅,2023-09-14,5262
2371,大同,17,2,15,美好-楊梅,2023-09-14,5262
1568,倉佑,23,8,15,美好-楊梅,2023-09-14,5262
2610,華航,16,1,15,美好-楊梅,2023-09-14,5262
00751B,元大AAA至A公司債,12,0,12,美好-楊梅,2023-09-14,5262
6142,友勁,11,0,11,美好-楊梅,2023-09-14,5262
8068,全達,12,1,11,美好-楊梅,2023-09-14,5262
1217,愛之味,11,1,10,美好-楊梅,2023-09-14,5262
00673R,期元大S＆P原油反1,10,0,10,美好-楊梅,2023-09-14,5262
1323,永裕,10,0,10,美好-楊梅,2023-09-14,5262
2009,第一銅,10,0,10,美好-楊梅,2023-09-14,5262
2890,永豐金,10,0,10,美好-楊梅,2023-09-14,5262
3264,欣銓,25,15,10,美好-楊梅,2023-09-14,5262
3305,昇貿,10,0,10,美好-楊梅,2023-09-14,5262
3623,富晶通,10,0,10,美好-楊梅,2023-09-14,5262
3234,光環,9,0,9,美好-楊梅,2023-09-14,5262
3706,神達,13,4,9,美好-楊梅,2023-09-14,5262
00881,國泰台灣5G+,8,0,8,美好-楊梅,2023-09-14,5262
00637L,元大滬深300正2,8,0,8,美好-楊梅,2023-09-14,5262
2331,精英,8,0,8,美好-楊梅,2023-09-14,5262
3715,定穎投控,29,21,8,美好-楊梅,2023-09-14,5262
3090,日電貿,10,2,8,美好-楊梅,2023-09-14,5262
00639,富邦深100,7,0,7,美好-楊梅,2023-09-14,5262
2634,漢翔,20,13,7,美好-楊梅,2023-09-14,5262
8033,雷虎,7,0,7,美好-楊梅,2023-09-14,5262
3013,晟銘電,10,4,6,美好-楊梅,2023-09-14,5262
3105,穩懋,6,0,6,美好-楊梅,2023-09-14,5262
1337,再生-KY,6,0,6,美好-楊梅,2023-09-14,5262
2338,光罩,6,0,6,美好-楊梅,2023-09-14,5262
2913,農林,6,0,6,美好-楊梅,2023-09-14,5262
3209,全科,12,6,6,美好-楊梅,2023-09-14,5262
3540,曜越,6,0,6,美好-楊梅,2023-09-14,5262
00918,大華優利高填息30,264,3,261,美好-楊梅,2023-09-15,5262
00929,復華台灣科技優息,236,9,227,美好-楊梅,2023-09-15,5262
2618,長榮航,65,16,49,美好-楊梅,2023-09-15,5262
00907,永豐優息存股,40,0,40,美好-楊梅,2023-09-15,5262
2486,一詮,51,11,40,美好-楊梅,2023-09-15,5262
3450,聯鈞,41,11,30,美好-楊梅,2023-09-15,5262
1802,台玻,29,0,29,美好-楊梅,2023-09-15,5262
00632R,元大台灣50反1,25,0,25,美好-楊梅,2023-09-15,5262
1471,首利,25,0,25,美好-楊梅,2023-09-15,5262
3419,譁裕,24,0,24,美好-楊梅,2023-09-15,5262
3709,鑫聯大投控,28,5,23,美好-楊梅,2023-09-15,5262
3363,上詮,44,23,21,美好-楊梅,2023-09-15,5262
00712,復華富時不動產,21,2,19,美好-楊梅,2023-09-15,5262
2356,英業達,21,2,19,美好-楊梅,2023-09-15,5262
1519,華城,20,1,19,美好-楊梅,2023-09-15,5262
00919,群益台灣精選高息,49,31,18,美好-楊梅,2023-09-15,5262
00932,兆豐永續高息等權,16,0,16,美好-楊梅,2023-09-15,5262
00687B,國泰20年美債,15,0,15,美好-楊梅,2023-09-15,5262
2610,華航,20,5,15,美好-楊梅,2023-09-15,5262
3311,閎暉,29,14,15,美好-楊梅,2023-09-15,5262
00679B,元大美債20年,22,8,14,美好-楊梅,2023-09-15,5262
3704,合勤控,19,5,14,美好-楊梅,2023-09-15,5262
2002,中鋼,17,3,14,美好-楊梅,2023-09-15,5262
00931B,統一美債20年,13,0,13,美好-楊梅,2023-09-15,5262
2340,台亞,14,1,13,美好-楊梅,2023-09-15,5262
2637,慧洋-KY,29,17,12,美好-楊梅,2023-09-15,5262
2645,長榮航太,14,2,12,美好-楊梅,2023-09-15,5262
5443,均豪,13,1,12,美好-楊梅,2023-09-15,5262
3035,智原,31,19,12,美好-楊梅,2023-09-15,5262
00673R,期元大S＆P原油反1,11,0,11,美好-楊梅,2023-09-15,5262
2399,映泰,14,3,11,美好-楊梅,2023-09-15,5262
3623,富晶通,11,0,11,美好-楊梅,2023-09-15,5262
4908,前鼎,122,111,11,美好-楊梅,2023-09-15,5262
00751B,元大AAA至A公司債,10,0,10,美好-楊梅,2023-09-15,5262
2312,金寶,12,2,10,美好-楊梅,2023-09-15,5262
2897,王道銀行,10,0,10,美好-楊梅,2023-09-15,5262
3499,環天科,10,0,10,美好-楊梅,2023-09-15,5262
3231,緯創,43,33,10,美好-楊梅,2023-09-15,5262
2884,玉山金,9,0,9,美好-楊梅,2023-09-15,5262
3025,星通,12,3,9,美好-楊梅,2023-09-15,5262
2317,鴻海,10,1,9,美好-楊梅,2023-09-15,5262
5432,新門,9,1,8,美好-楊梅,2023-09-15,5262
6120,達運,8,0,8,美好-楊梅,2023-09-15,5262
1101,台泥,7,0,7,美好-楊梅,2023-09-15,5262
2313,華通,40,33,7,美好-楊梅,2023-09-15,5262
4909,新復興,8,1,7,美好-楊梅,2023-09-15,5262
00637L,元大滬深300正2,6,0,6,美好-楊梅,2023-09-15,5262
2892,第一金,6,0,6,美好-楊梅,2023-09-15,5262
3483,力致,9,3,6,美好-楊梅,2023-09-15,5262
6218,豪勉,11,5,6,美好-楊梅,2023-09-15,5262
00919,群益台灣精選高息,264,4,260,美好-楊梅,2023-09-18,5262
2363,矽統,148,19,129,美好-楊梅,2023-09-18,5262
00687B,國泰20年美債,71,0,71,美好-楊梅,2023-09-18,5262
00929,復華台灣科技優息,176,111,65,美好-楊梅,2023-09-18,5262
00878,國泰永續高股息,65,5,60,美好-楊梅,2023-09-18,5262
1471,首利,56,0,56,美好-楊梅,2023-09-18,5262
00680L,元大美債20正2,52,0,52,美好-楊梅,2023-09-18,5262
00764B,群益25年美債,50,0,50,美好-楊梅,2023-09-18,5262
3231,緯創,62,13,49,美好-楊梅,2023-09-18,5262
3260,威剛,37,4,33,美好-楊梅,2023-09-18,5262
3715,定穎投控,84,51,33,美好-楊梅,2023-09-18,5262
00918,大華優利高填息30,32,0,32,美好-楊梅,2023-09-18,5262
2605,新興,133,102,31,美好-楊梅,2023-09-18,5262
2888,新光金,29,0,29,美好-楊梅,2023-09-18,5262
2367,燿華,41,13,28,美好-楊梅,2023-09-18,5262
2353,宏��,26,0,26,美好-楊梅,2023-09-18,5262
6770,力積電,26,0,26,美好-楊梅,2023-09-18,5262
00751B,元大AAA至A公司債,24,0,24,美好-楊梅,2023-09-18,5262
2606,裕民,25,3,22,美好-楊梅,2023-09-18,5262
2402,毅嘉,24,3,21,美好-楊梅,2023-09-18,5262
1210,大成,20,0,20,美好-楊梅,2023-09-18,5262
00931B,統一美債20年,21,2,19,美好-楊梅,2023-09-18,5262
3264,欣銓,20,1,19,美好-楊梅,2023-09-18,5262
2303,聯電,18,0,18,美好-楊梅,2023-09-18,5262
2542,興富發,21,3,18,美好-楊梅,2023-09-18,5262
2382,廣達,26,8,18,美好-楊梅,2023-09-18,5262
00637L,元大滬深300正2,17,0,17,美好-楊梅,2023-09-18,5262
3059,華晶科,17,0,17,美好-楊梅,2023-09-18,5262
6168,宏齊,22,5,17,美好-楊梅,2023-09-18,5262
2317,鴻海,16,0,16,美好-楊梅,2023-09-18,5262
8068,全達,15,0,15,美好-楊梅,2023-09-18,5262
1786,科妍,12,0,12,美好-楊梅,2023-09-18,5262
3624,光頡,12,0,12,美好-楊梅,2023-09-18,5262
2330,台積電,12,2,10,美好-楊梅,2023-09-18,5262
3043,科風,10,0,10,美好-楊梅,2023-09-18,5262
00673R,期元大S＆P原油反1,10,0,10,美好-楊梅,2023-09-18,5262
2379,瑞昱,10,0,10,美好-楊梅,2023-09-18,5262
3038,全台,10,0,10,美好-楊梅,2023-09-18,5262
3163,波若威,18,8,10,美好-楊梅,2023-09-18,5262
3706,神達,10,0,10,美好-楊梅,2023-09-18,5262
5009,榮剛,10,0,10,美好-楊梅,2023-09-18,5262
6164,華興,10,0,10,美好-楊梅,2023-09-18,5262
6245,立端,10,0,10,美好-楊梅,2023-09-18,5262
3049,精金,10,0,10,美好-楊梅,2023-09-18,5262
00712,復華富時不動產,9,0,9,美好-楊梅,2023-09-18,5262
2020,美亞,9,0,9,美好-楊梅,2023-09-18,5262
3498,陽程,10,1,9,美好-楊梅,2023-09-18,5262
3189,景碩,11,2,9,美好-楊梅,2023-09-18,5262
00688L,國泰20年美債正2,8,0,8,美好-楊梅,2023-09-18,5262
1515,力山,8,0,8,美好-楊梅,2023-09-18,5262
00929,復華台灣科技優息,158,5,153,美好-楊梅,2023-09-19,5262
00878,國泰永續高股息,64,0,64,美好-楊梅,2023-09-19,5262
1522,堤維西,93,33,60,美好-楊梅,2023-09-19,5262
1815,富喬,54,2,52,美好-楊梅,2023-09-19,5262
00919,群益台灣精選高息,85,45,40,美好-楊梅,2023-09-19,5262
00753L,中信中國50正2,40,0,40,美好-楊梅,2023-09-19,5262
00915,凱基優選高股息30,31,0,31,美好-楊梅,2023-09-19,5262
2382,廣達,39,9,30,美好-楊梅,2023-09-19,5262
2363,矽統,60,31,29,美好-楊梅,2023-09-19,5262
3036,文曄,42,14,28,美好-楊梅,2023-09-19,5262
00921,兆豐龍頭等權重,24,0,24,美好-楊梅,2023-09-19,5262
00679B,元大美債20年,24,0,24,美好-楊梅,2023-09-19,5262
4979,華星光,27,4,23,美好-楊梅,2023-09-19,5262
3709,鑫聯大投控,22,2,20,美好-楊梅,2023-09-19,5262
2618,長榮航,30,12,18,美好-楊梅,2023-09-19,5262
3094,聯傑,18,0,18,美好-楊梅,2023-09-19,5262
3260,威剛,29,11,18,美好-楊梅,2023-09-19,5262
6770,力積電,17,0,17,美好-楊梅,2023-09-19,5262
3231,緯創,48,31,17,美好-楊梅,2023-09-19,5262
2634,漢翔,19,3,16,美好-楊梅,2023-09-19,5262
00932,兆豐永續高息等權,15,0,15,美好-楊梅,2023-09-19,5262
2538,基泰,14,0,14,美好-楊梅,2023-09-19,5262
2425,承啟,18,5,13,美好-楊梅,2023-09-19,5262
2606,裕民,36,23,13,美好-楊梅,2023-09-19,5262
2405,輔信,13,1,12,美好-楊梅,2023-09-19,5262
3122,笙泉,14,2,12,美好-楊梅,2023-09-19,5262
3339,泰谷,18,6,12,美好-楊梅,2023-09-19,5262
2313,華通,135,123,12,美好-楊梅,2023-09-19,5262
1323,永裕,10,0,10,美好-楊梅,2023-09-19,5262
00637L,元大滬深300正2,10,0,10,美好-楊梅,2023-09-19,5262
00673R,期元大S＆P原油反1,10,0,10,美好-楊梅,2023-09-19,5262
1582,信錦,10,0,10,美好-楊梅,2023-09-19,5262
2390,云辰,10,0,10,美好-楊梅,2023-09-19,5262
2801,彰銀,10,0,10,美好-楊梅,2023-09-19,5262
2838,聯邦銀,10,0,10,美好-楊梅,2023-09-19,5262
5371,中光電,11,1,10,美好-楊梅,2023-09-19,5262
6116,彩晶,10,0,10,美好-楊梅,2023-09-19,5262
9919,康那香,10,0,10,美好-楊梅,2023-09-19,5262
2355,敬鵬,9,0,9,美好-楊梅,2023-09-19,5262
2401,凌陽,12,3,9,美好-楊梅,2023-09-19,5262
5469,瀚宇博,9,0,9,美好-楊梅,2023-09-19,5262
2330,台積電,10,1,9,美好-楊梅,2023-09-19,5262
0050,元大台灣50,8,0,8,美好-楊梅,2023-09-19,5262
2462,良得電,8,0,8,美好-楊梅,2023-09-19,5262
3163,波若威,14,6,8,美好-楊梅,2023-09-19,5262
3374,精材,8,0,8,美好-楊梅,2023-09-19,5262
5443,均豪,8,0,8,美好-楊梅,2023-09-19,5262
3005,神基,14,7,7,美好-楊梅,2023-09-19,5262
00930,永豐ESG低碳高息,7,0,7,美好-楊梅,2023-09-19,5262
1584,精剛,10,3,7,美好-楊梅,2023-09-19,5262
00919,群益台灣精選高息,124,43,81,美好-楊梅,2023-09-20,5262
2329,華泰,53,2,51,美好-楊梅,2023-09-20,5262
00878,國泰永續高股息,53,3,50,美好-楊梅,2023-09-20,5262
00664R,國泰臺灣加權反1,50,0,50,美好-楊梅,2023-09-20,5262
2313,華通,123,88,35,美好-楊梅,2023-09-20,5262
1616,億泰,30,0,30,美好-楊梅,2023-09-20,5262
3715,定穎投控,132,102,30,美好-楊梅,2023-09-20,5262
2363,矽統,58,31,27,美好-楊梅,2023-09-20,5262
2367,燿華,37,12,25,美好-楊梅,2023-09-20,5262
2449,京元電子,40,17,23,美好-楊梅,2023-09-20,5262
5284,jpp-KY,20,0,20,美好-楊梅,2023-09-20,5262
00931B,統一美債20年,19,0,19,美好-楊梅,2023-09-20,5262
1605,華新,33,14,19,美好-楊梅,2023-09-20,5262
00929,復華台灣科技優息,180,162,18,美好-楊梅,2023-09-20,5262
1809,中釉,16,0,16,美好-楊梅,2023-09-20,5262
1504,東元,16,1,15,美好-楊梅,2023-09-20,5262
2324,仁寶,15,0,15,美好-楊梅,2023-09-20,5262
00927,群益半導體收益,15,0,15,美好-楊梅,2023-09-20,5262
00921,兆豐龍頭等權重,15,0,15,美好-楊梅,2023-09-20,5262
2614,東森,15,0,15,美好-楊梅,2023-09-20,5262
3276,宇環,15,0,15,美好-楊梅,2023-09-20,5262
2883,凱基金,14,0,14,美好-楊梅,2023-09-20,5262
2303,聯電,14,0,14,美好-楊梅,2023-09-20,5262
8213,志超,13,0,13,美好-楊梅,2023-09-20,5262
1609,大亞,18,6,12,美好-楊梅,2023-09-20,5262
8068,全達,12,0,12,美好-楊梅,2023-09-20,5262
6257,矽格,14,2,12,美好-楊梅,2023-09-20,5262
1802,台玻,12,1,11,美好-楊梅,2023-09-20,5262
2312,金寶,11,0,11,美好-楊梅,2023-09-20,5262
2317,鴻海,13,2,11,美好-楊梅,2023-09-20,5262
2630,亞航,12,1,11,美好-楊梅,2023-09-20,5262
5880,合庫金,10,0,10,美好-楊梅,2023-09-20,5262
00665L,富邦�琤肭磪囓�2,10,0,10,美好-楊梅,2023-09-20,5262
3516,亞帝歐,10,0,10,美好-楊梅,2023-09-20,5262
3709,鑫聯大投控,10,0,10,美好-楊梅,2023-09-20,5262
6160,欣技,10,0,10,美好-楊梅,2023-09-20,5262
8163,達方,10,0,10,美好-楊梅,2023-09-20,5262
2330,台積電,10,0,10,美好-楊梅,2023-09-20,5262
00932,兆豐永續高息等權,11,1,10,美好-楊梅,2023-09-20,5262
5457,宣德,9,0,9,美好-楊梅,2023-09-20,5262
00881,國泰台灣5G+,7,0,7,美好-楊梅,2023-09-20,5262
00679B,元大美債20年,7,0,7,美好-楊梅,2023-09-20,5262
2352,佳世達,7,0,7,美好-楊梅,2023-09-20,5262
2355,敬鵬,8,1,7,美好-楊梅,2023-09-20,5262
2356,英業達,10,3,7,美好-楊梅,2023-09-20,5262
2634,漢翔,11,4,7,美好-楊梅,2023-09-20,5262
3308,聯德,14,7,7,美好-楊梅,2023-09-20,5262
6282,康舒,9,2,7,美好-楊梅,2023-09-20,5262
3265,台星科,19,13,6,美好-楊梅,2023-09-20,5262
00922,國泰台灣領袖50,6,0,6,美好-楊梅,2023-09-20,5262
00929,復華台灣科技優息,213,87,126,美好-楊梅,2023-09-21,5262
2834,臺企銀,58,2,56,美好-楊梅,2023-09-21,5262
00688L,國泰20年美債正2,48,0,48,美好-楊梅,2023-09-21,5262
2884,玉山金,55,11,44,美好-楊梅,2023-09-21,5262
0056,元大高股息,40,0,40,美好-楊梅,2023-09-21,5262
3264,欣銓,34,0,34,美好-楊梅,2023-09-21,5262
00878,國泰永續高股息,39,6,33,美好-楊梅,2023-09-21,5262
00900,富邦特選高股息30,23,0,23,美好-楊梅,2023-09-21,5262
2888,新光金,23,0,23,美好-楊梅,2023-09-21,5262
00919,群益台灣精選高息,47,26,21,美好-楊梅,2023-09-21,5262
1101,台泥,20,0,20,美好-楊梅,2023-09-21,5262
2897,王道銀行,17,0,17,美好-楊梅,2023-09-21,5262
2883,凱基金,16,0,16,美好-楊梅,2023-09-21,5262
2330,台積電,16,0,16,美好-楊梅,2023-09-21,5262
00902,中信電池及儲能,15,0,15,美好-楊梅,2023-09-21,5262
6523,達爾膚,15,0,15,美好-楊梅,2023-09-21,5262
8064,東捷,15,0,15,美好-楊梅,2023-09-21,5262
2409,友達,14,0,14,美好-楊梅,2023-09-21,5262
3450,聯鈞,31,17,14,美好-楊梅,2023-09-21,5262
2892,第一金,13,0,13,美好-楊梅,2023-09-21,5262
2002,中鋼,14,1,13,美好-楊梅,2023-09-21,5262
2618,長榮航,45,33,12,美好-楊梅,2023-09-21,5262
2367,燿華,115,103,12,美好-楊梅,2023-09-21,5262
2425,承啟,12,0,12,美好-楊梅,2023-09-21,5262
2885,元大金,12,0,12,美好-楊梅,2023-09-21,5262
5457,宣德,13,1,12,美好-楊梅,2023-09-21,5262
00923,群益台ESG低碳50,18,7,11,美好-楊梅,2023-09-21,5262
3005,神基,14,3,11,美好-楊梅,2023-09-21,5262
4739,康普,11,0,11,美好-楊梅,2023-09-21,5262
2609,陽明,19,8,11,美好-楊梅,2023-09-21,5262
5880,合庫金,11,0,11,美好-楊梅,2023-09-21,5262
2317,鴻海,10,0,10,美好-楊梅,2023-09-21,5262
1201,味全,10,0,10,美好-楊梅,2023-09-21,5262
1323,永裕,10,0,10,美好-楊梅,2023-09-21,5262
5392,能率,10,0,10,美好-楊梅,2023-09-21,5262
6016,康和證,10,0,10,美好-楊梅,2023-09-21,5262
3163,波若威,23,14,9,美好-楊梅,2023-09-21,5262
5531,鄉林,9,0,9,美好-楊梅,2023-09-21,5262
6005,群益證,10,1,9,美好-楊梅,2023-09-21,5262
6190,萬泰科,9,0,9,美好-楊梅,2023-09-21,5262
2891,中信金,9,1,8,美好-楊梅,2023-09-21,5262
3037,欣興,14,6,8,美好-楊梅,2023-09-21,5262
00907,永豐優息存股,8,0,8,美好-楊梅,2023-09-21,5262
2337,旺宏,10,2,8,美好-楊梅,2023-09-21,5262
2645,長榮航太,11,3,8,美好-楊梅,2023-09-21,5262
3689,湧德,12,4,8,美好-楊梅,2023-09-21,5262
2610,華航,8,1,7,美好-楊梅,2023-09-21,5262
0050,元大台灣50,7,0,7,美好-楊梅,2023-09-21,5262
2329,華泰,7,0,7,美好-楊梅,2023-09-21,5262
2363,矽統,38,31,7,美好-楊梅,2023-09-21,5262
00929,復華台灣科技優息,91,5,86,美好-楊梅,2023-09-22,5262
00679B,元大美債20年,68,0,68,美好-楊梅,2023-09-22,5262
00712,復華富時不動產,68,0,68,美好-楊梅,2023-09-22,5262
2605,新興,69,15,54,美好-楊梅,2023-09-22,5262
00688L,國泰20年美債正2,46,0,46,美好-楊梅,2023-09-22,5262
2367,燿華,48,10,38,美好-楊梅,2023-09-22,5262
00931B,統一美債20年,35,4,31,美好-楊梅,2023-09-22,5262
00919,群益台灣精選高息,31,0,31,美好-楊梅,2023-09-22,5262
6712,長聖,30,0,30,美好-楊梅,2023-09-22,5262
2618,長榮航,61,35,26,美好-楊梅,2023-09-22,5262
00751B,元大AAA至A公司債,25,0,25,美好-楊梅,2023-09-22,5262
2317,鴻海,26,2,24,美好-楊梅,2023-09-22,5262
2002,中鋼,20,0,20,美好-楊梅,2023-09-22,5262
00637L,元大滬深300正2,20,0,20,美好-楊梅,2023-09-22,5262
2641,正德,24,4,20,美好-楊梅,2023-09-22,5262
3339,泰谷,20,0,20,美好-楊梅,2023-09-22,5262
8932,智通*,20,0,20,美好-楊梅,2023-09-22,5262
00932,兆豐永續高息等權,19,0,19,美好-楊梅,2023-09-22,5262
00720B,元大投資級公司債,17,0,17,美好-楊梅,2023-09-22,5262
3615,安可,15,0,15,美好-楊梅,2023-09-22,5262
00888,永豐台灣ESG,14,0,14,美好-楊梅,2023-09-22,5262
2330,台積電,15,1,14,美好-楊梅,2023-09-22,5262
1809,中釉,15,1,14,美好-楊梅,2023-09-22,5262
1101,台泥,13,0,13,美好-楊梅,2023-09-22,5262
1802,台玻,13,0,13,美好-楊梅,2023-09-22,5262
2329,華泰,19,7,12,美好-楊梅,2023-09-22,5262
3324,雙鴻,15,3,12,美好-楊梅,2023-09-22,5262
2888,新光金,15,4,11,美好-楊梅,2023-09-22,5262
2801,彰銀,11,0,11,美好-楊梅,2023-09-22,5262
3036,文曄,37,26,11,美好-楊梅,2023-09-22,5262
00680L,元大美債20正2,30,20,10,美好-楊梅,2023-09-22,5262
2020,美亞,10,0,10,美好-楊梅,2023-09-22,5262
2206,三陽工業,14,4,10,美好-楊梅,2023-09-22,5262
3052,夆典,10,0,10,美好-楊梅,2023-09-22,5262
3516,亞帝歐,10,0,10,美好-楊梅,2023-09-22,5262
2883,凱基金,16,6,10,美好-楊梅,2023-09-22,5262
00921,兆豐龍頭等權重,10,0,10,美好-楊梅,2023-09-22,5262
2881,富邦金,9,0,9,美好-楊梅,2023-09-22,5262
00902,中信電池及儲能,9,0,9,美好-楊梅,2023-09-22,5262
3037,欣興,11,3,8,美好-楊梅,2023-09-22,5262
2542,興富發,8,0,8,美好-楊梅,2023-09-22,5262
2834,臺企銀,9,1,8,美好-楊梅,2023-09-22,5262
3051,力特,13,5,8,美好-楊梅,2023-09-22,5262
6285,啟��,14,6,8,美好-楊梅,2023-09-22,5262
2354,鴻準,8,1,7,美好-楊梅,2023-09-22,5262
00885,富邦越南,7,0,7,美好-楊梅,2023-09-22,5262
1444,力麗,8,1,7,美好-楊梅,2023-09-22,5262
2630,亞航,17,10,7,美好-楊梅,2023-09-22,5262
5347,世界,9,2,7,美好-楊梅,2023-09-22,5262
6451,訊芯-KY,8,1,7,美好-楊梅,2023-09-22,5262
00929,復華台灣科技優息,162,11,151,美好-楊梅,2023-09-25,5262
00687B,國泰20年美債,92,0,92,美好-楊梅,2023-09-25,5262
00878,國泰永續高股息,70,9,61,美好-楊梅,2023-09-25,5262
9912,偉聯,46,0,46,美好-楊梅,2023-09-25,5262
5210,寶碩,40,0,40,美好-楊梅,2023-09-25,5262
3706,神達,39,2,37,美好-楊梅,2023-09-25,5262
1101,台泥,39,7,32,美好-楊梅,2023-09-25,5262
2883,凱基金,33,1,32,美好-楊梅,2023-09-25,5262
3339,泰谷,30,0,30,美好-楊梅,2023-09-25,5262
4542,科嶠,30,3,27,美好-楊梅,2023-09-25,5262
2371,大同,23,0,23,美好-楊梅,2023-09-25,5262
2331,精英,21,0,21,美好-楊梅,2023-09-25,5262
2486,一詮,25,6,19,美好-楊梅,2023-09-25,5262
00679B,元大美債20年,17,0,17,美好-楊梅,2023-09-25,5262
3516,亞帝歐,16,0,16,美好-楊梅,2023-09-25,5262
2538,基泰,15,0,15,美好-楊梅,2023-09-25,5262
4909,新復興,15,0,15,美好-楊梅,2023-09-25,5262
3037,欣興,18,4,14,美好-楊梅,2023-09-25,5262
2303,聯電,15,3,12,美好-楊梅,2023-09-25,5262
3231,緯創,24,12,12,美好-楊梅,2023-09-25,5262
2888,新光金,10,0,10,美好-楊梅,2023-09-25,5262
1323,永裕,10,0,10,美好-楊梅,2023-09-25,5262
00921,兆豐龍頭等權重,10,0,10,美好-楊梅,2023-09-25,5262
2382,廣達,29,20,9,美好-楊梅,2023-09-25,5262
3035,智原,17,8,9,美好-楊梅,2023-09-25,5262
2317,鴻海,9,0,9,美好-楊梅,2023-09-25,5262
2881,富邦金,8,0,8,美好-楊梅,2023-09-25,5262
2891,中信金,7,0,7,美好-楊梅,2023-09-25,5262
00751B,元大AAA至A公司債,7,0,7,美好-楊梅,2023-09-25,5262
0056,元大高股息,6,0,6,美好-楊梅,2023-09-25,5262
00882,中信中國高股息,6,0,6,美好-楊梅,2023-09-25,5262
2201,裕隆,13,7,6,美好-楊梅,2023-09-25,5262
2313,華通,9,3,6,美好-楊梅,2023-09-25,5262
2324,仁寶,6,0,6,美好-楊梅,2023-09-25,5262
2401,凌陽,6,0,6,美好-楊梅,2023-09-25,5262
2485,兆赫,9,3,6,美好-楊梅,2023-09-25,5262
3540,曜越,6,0,6,美好-楊梅,2023-09-25,5262
6829,千附精密,6,0,6,美好-楊梅,2023-09-25,5262
00637L,元大滬深300正2,5,0,5,美好-楊梅,2023-09-25,5262
00900,富邦特選高股息30,6,1,5,美好-楊梅,2023-09-25,5262
2605,新興,75,70,5,美好-楊梅,2023-09-25,5262
2614,東森,5,0,5,美好-楊梅,2023-09-25,5262
3013,晟銘電,7,2,5,美好-楊梅,2023-09-25,5262
3163,波若威,62,57,5,美好-楊梅,2023-09-25,5262
3693,營邦,5,0,5,美好-楊梅,2023-09-25,5262
4903,聯光通,5,0,5,美好-楊梅,2023-09-25,5262
5425,台半,8,3,5,美好-楊梅,2023-09-25,5262
4908,前鼎,165,160,5,美好-楊梅,2023-09-25,5262
2834,臺企銀,6,1,5,美好-楊梅,2023-09-25,5262
00857B,永豐20年美公債,4,0,4,美好-楊梅,2023-09-25,5262
00931B,統一美債20年,100,0,100,美好-楊梅,2023-09-26,5262
00929,復華台灣科技優息,100,0,100,美好-楊梅,2023-09-26,5262
00680L,元大美債20正2,100,0,100,美好-楊梅,2023-09-26,5262
00665L,富邦�琤肭磪囓�2,48,0,48,美好-楊梅,2023-09-26,5262
00679B,元大美債20年,34,0,34,美好-楊梅,2023-09-26,5262
1471,首利,37,3,34,美好-楊梅,2023-09-26,5262
3481,群創,39,5,34,美好-楊梅,2023-09-26,5262
1522,堤維西,46,16,30,美好-楊梅,2023-09-26,5262
2538,基泰,45,15,30,美好-楊梅,2023-09-26,5262
00687B,國泰20年美債,26,0,26,美好-楊梅,2023-09-26,5262
00905,FT臺灣Smart,25,0,25,美好-楊梅,2023-09-26,5262
2303,聯電,25,2,23,美好-楊梅,2023-09-26,5262
00919,群益台灣精選高息,22,0,22,美好-楊梅,2023-09-26,5262
4566,時碩工業,22,0,22,美好-楊梅,2023-09-26,5262
3516,亞帝歐,21,0,21,美好-楊梅,2023-09-26,5262
1314,中石化,20,0,20,美好-楊梅,2023-09-26,5262
2317,鴻海,17,0,17,美好-楊梅,2023-09-26,5262
00927,群益半導體收益,16,0,16,美好-楊梅,2023-09-26,5262
2352,佳世達,17,1,16,美好-楊梅,2023-09-26,5262
2892,第一金,16,0,16,美好-楊梅,2023-09-26,5262
4739,康普,15,0,15,美好-楊梅,2023-09-26,5262
00885,富邦越南,14,0,14,美好-楊梅,2023-09-26,5262
2330,台積電,14,1,13,美好-楊梅,2023-09-26,5262
1802,台玻,13,1,12,美好-楊梅,2023-09-26,5262
2618,長榮航,28,16,12,美好-楊梅,2023-09-26,5262
2887,台新金,12,0,12,美好-楊梅,2023-09-26,5262
6770,力積電,12,0,12,美好-楊梅,2023-09-26,5262
2816,旺旺保,12,1,11,美好-楊梅,2023-09-26,5262
3005,神基,21,10,11,美好-楊梅,2023-09-26,5262
2002,中鋼,12,2,10,美好-楊梅,2023-09-26,5262
00751B,元大AAA至A公司債,10,0,10,美好-楊梅,2023-09-26,5262
2358,廷鑫,10,0,10,美好-楊梅,2023-09-26,5262
6116,彩晶,10,0,10,美好-楊梅,2023-09-26,5262
0056,元大高股息,11,1,10,美好-楊梅,2023-09-26,5262
6443,元晶,12,3,9,美好-楊梅,2023-09-26,5262
2542,興富發,9,0,9,美好-楊梅,2023-09-26,5262
2891,中信金,10,2,8,美好-楊梅,2023-09-26,5262
2353,宏��,8,0,8,美好-楊梅,2023-09-26,5262
3704,合勤控,17,9,8,美好-楊梅,2023-09-26,5262
2880,華南金,8,0,8,美好-楊梅,2023-09-26,5262
8112,至上,8,0,8,美好-楊梅,2023-09-26,5262
2881,富邦金,7,0,7,美好-楊梅,2023-09-26,5262
00881,國泰台灣5G+,7,0,7,美好-楊梅,2023-09-26,5262
2337,旺宏,7,0,7,美好-楊梅,2023-09-26,5262
2883,凱基金,12,5,7,美好-楊梅,2023-09-26,5262
3032,偉訓,8,1,7,美好-楊梅,2023-09-26,5262
3709,鑫聯大投控,8,1,7,美好-楊梅,2023-09-26,5262
2409,友達,7,1,6,美好-楊梅,2023-09-26,5262
1605,華新,8,2,6,美好-楊梅,2023-09-26,5262
2344,華邦電,13,7,6,美好-楊梅,2023-09-26,5262
00929,復華台灣科技優息,556,1,555,美好-楊梅,2023-09-27,5262
00712,復華富時不動產,62,0,62,美好-楊梅,2023-09-27,5262
6770,力積電,54,1,53,美好-楊梅,2023-09-27,5262
00664R,國泰臺灣加權反1,50,0,50,美好-楊梅,2023-09-27,5262
2002,中鋼,47,13,34,美好-楊梅,2023-09-27,5262
1314,中石化,34,0,34,美好-楊梅,2023-09-27,5262
1605,華新,28,2,26,美好-楊梅,2023-09-27,5262
1802,台玻,24,0,24,美好-楊梅,2023-09-27,5262
2355,敬鵬,24,0,24,美好-楊梅,2023-09-27,5262
3049,精金,23,0,23,美好-楊梅,2023-09-27,5262
2303,聯電,25,3,22,美好-楊梅,2023-09-27,5262
2542,興富發,22,0,22,美好-楊梅,2023-09-27,5262
2883,凱基金,35,14,21,美好-楊梅,2023-09-27,5262
1616,億泰,21,0,21,美好-楊梅,2023-09-27,5262
00673R,期元大S＆P原油反1,20,0,20,美好-楊梅,2023-09-27,5262
3516,亞帝歐,20,0,20,美好-楊梅,2023-09-27,5262
2358,廷鑫,21,2,19,美好-楊梅,2023-09-27,5262
2634,漢翔,16,0,16,美好-楊梅,2023-09-27,5262
1101,台泥,16,0,16,美好-楊梅,2023-09-27,5262
2317,鴻海,16,1,15,美好-楊梅,2023-09-27,5262
2515,中工,21,6,15,美好-楊梅,2023-09-27,5262
3264,欣銓,25,10,15,美好-楊梅,2023-09-27,5262
1618,合機,24,10,14,美好-楊梅,2023-09-27,5262
1714,和桐,13,0,13,美好-楊梅,2023-09-27,5262
6116,彩晶,13,0,13,美好-楊梅,2023-09-27,5262
2206,三陽工業,24,12,12,美好-楊梅,2023-09-27,5262
2392,正崴,12,0,12,美好-楊梅,2023-09-27,5262
3704,合勤控,18,6,12,美好-楊梅,2023-09-27,5262
00923,群益台ESG低碳50,11,0,11,美好-楊梅,2023-09-27,5262
3037,欣興,12,2,10,美好-楊梅,2023-09-27,5262
3217,優群,10,0,10,美好-楊梅,2023-09-27,5262
5324,士開,10,0,10,美好-楊梅,2023-09-27,5262
5328,華容,10,0,10,美好-楊梅,2023-09-27,5262
6122,擎邦,10,0,10,美好-楊梅,2023-09-27,5262
6405,悅城,10,0,10,美好-楊梅,2023-09-27,5262
00919,群益台灣精選高息,9,0,9,美好-楊梅,2023-09-27,5262
00888,永豐台灣ESG,9,0,9,美好-楊梅,2023-09-27,5262
2228,劍麟,9,0,9,美好-楊梅,2023-09-27,5262
3025,星通,11,2,9,美好-楊梅,2023-09-27,5262
00679B,元大美債20年,8,0,8,美好-楊梅,2023-09-27,5262
2006,東和鋼鐵,8,0,8,美好-楊梅,2023-09-27,5262
3013,晟銘電,9,1,8,美好-楊梅,2023-09-27,5262
1301,台塑,7,0,7,美好-楊梅,2023-09-27,5262
2344,華邦電,13,6,7,美好-楊梅,2023-09-27,5262
2204,中華,11,4,7,美好-楊梅,2023-09-27,5262
2337,旺宏,7,0,7,美好-楊梅,2023-09-27,5262
00932,兆豐永續高息等權,6,0,6,美好-楊梅,2023-09-27,5262
8938,明安,6,0,6,美好-楊梅,2023-09-27,5262
00900,富邦特選高股息30,6,0,6,美好-楊梅,2023-09-27,5262
3051,力特,10,4,6,美好-楊梅,2023-09-27,5262
00929,復華台灣科技優息,591,14,577,美好-楊梅,2023-09-28,5262
2883,凱基金,49,1,48,美好-楊梅,2023-09-28,5262
3036,文曄,50,5,45,美好-楊梅,2023-09-28,5262
2002,中鋼,49,5,44,美好-楊梅,2023-09-28,5262
2605,新興,88,46,42,美好-楊梅,2023-09-28,5262
2929,淘帝-KY,40,0,40,美好-楊梅,2023-09-28,5262
3481,群創,42,5,37,美好-楊梅,2023-09-28,5262
00673R,期元大S＆P原油反1,30,0,30,美好-楊梅,2023-09-28,5262
3709,鑫聯大投控,26,1,25,美好-楊梅,2023-09-28,5262
2641,正德,26,2,24,美好-楊梅,2023-09-28,5262
2609,陽明,26,3,23,美好-楊梅,2023-09-28,5262
2367,燿華,21,0,21,美好-楊梅,2023-09-28,5262
2610,華航,43,23,20,美好-楊梅,2023-09-28,5262
1809,中釉,20,0,20,美好-楊梅,2023-09-28,5262
6122,擎邦,20,0,20,美好-楊梅,2023-09-28,5262
9912,偉聯,20,0,20,美好-楊梅,2023-09-28,5262
2887,台新金,20,1,19,美好-楊梅,2023-09-28,5262
00712,復華富時不動產,24,5,19,美好-楊梅,2023-09-28,5262
4906,正文,18,0,18,美好-楊梅,2023-09-28,5262
00687B,國泰20年美債,19,2,17,美好-楊梅,2023-09-28,5262
2344,華邦電,46,30,16,美好-楊梅,2023-09-28,5262
2498,宏達電,17,3,14,美好-楊梅,2023-09-28,5262
2884,玉山金,13,0,13,美好-楊梅,2023-09-28,5262
2618,長榮航,14,1,13,美好-楊梅,2023-09-28,5262
00931B,統一美債20年,12,0,12,美好-楊梅,2023-09-28,5262
00720B,元大投資級公司債,12,0,12,美好-楊梅,2023-09-28,5262
00919,群益台灣精選高息,12,0,12,美好-楊梅,2023-09-28,5262
3432,台端,12,0,12,美好-楊梅,2023-09-28,5262
5533,皇鼎,12,0,12,美好-楊梅,2023-09-28,5262
5465,富驊,18,6,12,美好-楊梅,2023-09-28,5262
6274,台燿,16,5,11,美好-楊梅,2023-09-28,5262
2892,第一金,12,1,11,美好-楊梅,2023-09-28,5262
2301,光寶科,15,4,11,美好-楊梅,2023-09-28,5262
2376,技嘉,21,11,10,美好-楊梅,2023-09-28,5262
4542,科嶠,27,17,10,美好-楊梅,2023-09-28,5262
1529,樂事綠能,10,0,10,美好-楊梅,2023-09-28,5262
1605,華新,10,0,10,美好-楊梅,2023-09-28,5262
1789,神隆,10,0,10,美好-楊梅,2023-09-28,5262
2412,中華電,10,0,10,美好-楊梅,2023-09-28,5262
2615,萬海,10,0,10,美好-楊梅,2023-09-28,5262
3011,今皓,10,0,10,美好-楊梅,2023-09-28,5262
3231,緯創,35,25,10,美好-楊梅,2023-09-28,5262
3265,台星科,10,0,10,美好-楊梅,2023-09-28,5262
3516,亞帝歐,10,0,10,美好-楊梅,2023-09-28,5262
2881,富邦金,9,0,9,美好-楊梅,2023-09-28,5262
4908,前鼎,14,5,9,美好-楊梅,2023-09-28,5262
3006,晶豪科,11,2,9,美好-楊梅,2023-09-28,5262
6257,矽格,10,1,9,美好-楊梅,2023-09-28,5262
00772B,中信高評級公司債,8,0,8,美好-楊梅,2023-09-28,5262
1618,合機,13,5,8,美好-楊梅,2023-09-28,5262
2363,矽統,88,19,69,美好-楊梅,2023-10-02,5262
00929,復華台灣科技優息,47,4,43,美好-楊梅,2023-10-02,5262
5009,榮剛,41,1,40,美好-楊梅,2023-10-02,5262
2356,英業達,60,27,33,美好-楊梅,2023-10-02,5262
00632R,元大台灣50反1,30,0,30,美好-楊梅,2023-10-02,5262
00674R,期元大S＆P黃金反1,30,0,30,美好-楊梅,2023-10-02,5262
1444,力麗,30,0,30,美好-楊梅,2023-10-02,5262
00900,富邦特選高股息30,27,3,24,美好-楊梅,2023-10-02,5262
00888,永豐台灣ESG,22,0,22,美好-楊梅,2023-10-02,5262
2409,友達,36,15,21,美好-楊梅,2023-10-02,5262
00751B,元大AAA至A公司債,21,0,21,美好-楊梅,2023-10-02,5262
2605,新興,42,21,21,美好-楊梅,2023-10-02,5262
1605,華新,21,1,20,美好-楊梅,2023-10-02,5262
00772B,中信高評級公司債,18,0,18,美好-楊梅,2023-10-02,5262
3709,鑫聯大投控,41,23,18,美好-楊梅,2023-10-02,5262
2337,旺宏,16,0,16,美好-楊梅,2023-10-02,5262
3516,亞帝歐,16,0,16,美好-楊梅,2023-10-02,5262
00919,群益台灣精選高息,18,3,15,美好-楊梅,2023-10-02,5262
1449,佳和,15,0,15,美好-楊梅,2023-10-02,5262
4542,科嶠,33,18,15,美好-楊梅,2023-10-02,5262
3715,定穎投控,132,119,13,美好-楊梅,2023-10-02,5262
2002,中鋼,21,9,12,美好-楊梅,2023-10-02,5262
5439,高技,14,2,12,美好-楊梅,2023-10-02,5262
6456,GIS-KY,12,0,12,美好-楊梅,2023-10-02,5262
1618,合機,17,5,12,美好-楊梅,2023-10-02,5262
00720B,元大投資級公司債,11,0,11,美好-楊梅,2023-10-02,5262
4979,華星光,13,2,11,美好-楊梅,2023-10-02,5262
6122,擎邦,10,0,10,美好-楊梅,2023-10-02,5262
00679B,元大美債20年,10,0,10,美好-楊梅,2023-10-02,5262
1102,亞泥,10,0,10,美好-楊梅,2023-10-02,5262
00882,中信中國高股息,10,0,10,美好-楊梅,2023-10-02,5262
1303,南亞,10,0,10,美好-楊梅,2023-10-02,5262
2208,台船,10,0,10,美好-楊梅,2023-10-02,5262
2834,臺企銀,10,0,10,美好-楊梅,2023-10-02,5262
3666,光耀,10,0,10,美好-楊梅,2023-10-02,5262
6285,啟��,10,0,10,美好-楊梅,2023-10-02,5262
2609,陽明,9,0,9,美好-楊梅,2023-10-02,5262
2206,三陽工業,27,18,9,美好-楊梅,2023-10-02,5262
2331,精英,9,0,9,美好-楊梅,2023-10-02,5262
3325,旭品,25,16,9,美好-楊梅,2023-10-02,5262
6438,迅得,10,1,9,美好-楊梅,2023-10-02,5262
5452,佶優,13,5,8,美好-楊梅,2023-10-02,5262
5533,皇鼎,8,0,8,美好-楊梅,2023-10-02,5262
3481,群創,8,0,8,美好-楊梅,2023-10-02,5262
1301,台塑,7,0,7,美好-楊梅,2023-10-02,5262
00725B,國泰投資級公司債,7,0,7,美好-楊梅,2023-10-02,5262
2324,仁寶,7,0,7,美好-楊梅,2023-10-02,5262
2405,輔信,9,2,7,美好-楊梅,2023-10-02,5262
2606,裕民,7,0,7,美好-楊梅,2023-10-02,5262
3630,新鉅科,9,2,7,美好-楊梅,2023-10-02,5262
2329,華泰,88,13,75,美好-楊梅,2023-10-03,5262
2409,友達,65,6,59,美好-楊梅,2023-10-03,5262
00712,復華富時不動產,57,0,57,美好-楊梅,2023-10-03,5262
00637L,元大滬深300正2,52,0,52,美好-楊梅,2023-10-03,5262
00720B,元大投資級公司債,41,0,41,美好-楊梅,2023-10-03,5262
2887,台新金,38,0,38,美好-楊梅,2023-10-03,5262
3481,群創,57,22,35,美好-楊梅,2023-10-03,5262
3231,緯創,78,44,34,美好-楊梅,2023-10-03,5262
2618,長榮航,69,35,34,美好-楊梅,2023-10-03,5262
00919,群益台灣精選高息,34,0,34,美好-楊梅,2023-10-03,5262
00900,富邦特選高股息30,32,0,32,美好-楊梅,2023-10-03,5262
3105,穩懋,32,0,32,美好-楊梅,2023-10-03,5262
00929,復華台灣科技優息,35,5,30,美好-楊梅,2023-10-03,5262
2374,佳能,31,2,29,美好-楊梅,2023-10-03,5262
0056,元大高股息,38,11,27,美好-楊梅,2023-10-03,5262
1314,中石化,31,5,26,美好-楊梅,2023-10-03,5262
2014,中鴻,30,5,25,美好-楊梅,2023-10-03,5262
2891,中信金,23,0,23,美好-楊梅,2023-10-03,5262
2355,敬鵬,22,0,22,美好-楊梅,2023-10-03,5262
3706,神達,18,1,17,美好-楊梅,2023-10-03,5262
2002,中鋼,28,11,17,美好-楊梅,2023-10-03,5262
2317,鴻海,18,2,16,美好-楊梅,2023-10-03,5262
00679B,元大美債20年,16,0,16,美好-楊梅,2023-10-03,5262
00882,中信中國高股息,16,0,16,美好-楊梅,2023-10-03,5262
3708,上緯投控,15,0,15,美好-楊梅,2023-10-03,5262
2883,凱基金,14,0,14,美好-楊梅,2023-10-03,5262
6116,彩晶,13,0,13,美好-楊梅,2023-10-03,5262
00878,國泰永續高股息,17,5,12,美好-楊梅,2023-10-03,5262
2884,玉山金,12,0,12,美好-楊梅,2023-10-03,5262
3264,欣銓,12,0,12,美好-楊梅,2023-10-03,5262
1802,台玻,13,1,12,美好-楊梅,2023-10-03,5262
2603,長榮,14,2,12,美好-楊梅,2023-10-03,5262
3013,晟銘電,13,2,11,美好-楊梅,2023-10-03,5262
3163,波若威,22,11,11,美好-楊梅,2023-10-03,5262
2313,華通,12,1,11,美好-楊梅,2023-10-03,5262
1402,遠東新,10,0,10,美好-楊梅,2023-10-03,5262
6190,萬泰科,10,0,10,美好-楊梅,2023-10-03,5262
1609,大亞,36,27,9,美好-楊梅,2023-10-03,5262
2419,仲琦,9,0,9,美好-楊梅,2023-10-03,5262
2427,三商電,12,3,9,美好-楊梅,2023-10-03,5262
3047,訊舟,10,1,9,美好-楊梅,2023-10-03,5262
3338,泰碩,9,0,9,美好-楊梅,2023-10-03,5262
8222,寶一,10,1,9,美好-楊梅,2023-10-03,5262
00885,富邦越南,10,2,8,美好-楊梅,2023-10-03,5262
00751B,元大AAA至A公司債,8,0,8,美好-楊梅,2023-10-03,5262
1618,合機,10,2,8,美好-楊梅,2023-10-03,5262
2356,英業達,27,19,8,美好-楊梅,2023-10-03,5262
3049,精金,8,0,8,美好-楊梅,2023-10-03,5262
5533,皇鼎,10,2,8,美好-楊梅,2023-10-03,5262
5880,合庫金,7,0,7,美好-楊梅,2023-10-03,5262
00929,復華台灣科技優息,105,0,105,美好-楊梅,2023-10-04,5262
2314,台揚,100,1,99,美好-楊梅,2023-10-04,5262
2884,玉山金,77,0,77,美好-楊梅,2023-10-04,5262
1314,中石化,65,0,65,美好-楊梅,2023-10-04,5262
6274,台燿,41,3,38,美好-楊梅,2023-10-04,5262
3231,緯創,46,10,36,美好-楊梅,2023-10-04,5262
2891,中信金,33,0,33,美好-楊梅,2023-10-04,5262
2409,友達,39,7,32,美好-楊梅,2023-10-04,5262
00931B,統一美債20年,31,0,31,美好-楊梅,2023-10-04,5262
2303,聯電,30,0,30,美好-楊梅,2023-10-04,5262
3105,穩懋,32,2,30,美好-楊梅,2023-10-04,5262
2887,台新金,30,0,30,美好-楊梅,2023-10-04,5262
00720B,元大投資級公司債,29,0,29,美好-楊梅,2023-10-04,5262
2883,凱基金,29,0,29,美好-楊梅,2023-10-04,5262
00679B,元大美債20年,28,0,28,美好-楊梅,2023-10-04,5262
00919,群益台灣精選高息,33,5,28,美好-楊梅,2023-10-04,5262
00665L,富邦�琤肭磪囓�2,30,2,28,美好-楊梅,2023-10-04,5262
0056,元大高股息,28,0,28,美好-楊梅,2023-10-04,5262
3481,群創,34,8,26,美好-楊梅,2023-10-04,5262
2618,長榮航,28,2,26,美好-楊梅,2023-10-04,5262
00712,復華富時不動產,26,0,26,美好-楊梅,2023-10-04,5262
2002,中鋼,32,7,25,美好-楊梅,2023-10-04,5262
1802,台玻,28,4,24,美好-楊梅,2023-10-04,5262
3325,旭品,97,73,24,美好-楊梅,2023-10-04,5262
2353,宏��,24,0,24,美好-楊梅,2023-10-04,5262
2498,宏達電,22,2,20,美好-楊梅,2023-10-04,5262
00751B,元大AAA至A公司債,19,0,19,美好-楊梅,2023-10-04,5262
8927,北基,20,1,19,美好-楊梅,2023-10-04,5262
3234,光環,18,2,16,美好-楊梅,2023-10-04,5262
1305,華夏,15,0,15,美好-楊梅,2023-10-04,5262
3035,智原,26,11,15,美好-楊梅,2023-10-04,5262
2352,佳世達,13,0,13,美好-楊梅,2023-10-04,5262
00932,兆豐永續高息等權,12,0,12,美好-楊梅,2023-10-04,5262
1612,宏泰,12,0,12,美好-楊梅,2023-10-04,5262
00888,永豐台灣ESG,11,0,11,美好-楊梅,2023-10-04,5262
2605,新興,41,30,11,美好-楊梅,2023-10-04,5262
3032,偉訓,93,82,11,美好-楊梅,2023-10-04,5262
6456,GIS-KY,11,0,11,美好-楊梅,2023-10-04,5262
1216,統一,11,0,11,美好-楊梅,2023-10-04,5262
2834,臺企銀,10,0,10,美好-楊梅,2023-10-04,5262
2610,華航,18,8,10,美好-楊梅,2023-10-04,5262
1402,遠東新,10,0,10,美好-楊梅,2023-10-04,5262
00922,國泰台灣領袖50,10,0,10,美好-楊梅,2023-10-04,5262
00902,中信電池及儲能,10,0,10,美好-楊梅,2023-10-04,5262
1304,台聚,10,0,10,美好-楊梅,2023-10-04,5262
1582,信錦,10,0,10,美好-楊梅,2023-10-04,5262
2449,京元電子,11,1,10,美好-楊梅,2023-10-04,5262
2897,王道銀行,10,0,10,美好-楊梅,2023-10-04,5262
00772B,中信高評級公司債,9,0,9,美好-楊梅,2023-10-04,5262
00907,永豐優息存股,9,0,9,美好-楊梅,2023-10-04,5262
00637L,元大滬深300正2,110,0,110,美好-楊梅,2023-10-05,5262
3260,威剛,104,0,104,美好-楊梅,2023-10-05,5262
3516,亞帝歐,96,0,96,美好-楊梅,2023-10-05,5262
00715L,期街口布蘭特正2,67,5,62,美好-楊梅,2023-10-05,5262
3481,群創,73,16,57,美好-楊梅,2023-10-05,5262
00669R,國泰美國道瓊反1,50,0,50,美好-楊梅,2023-10-05,5262
0056,元大高股息,51,9,42,美好-楊梅,2023-10-05,5262
00632R,元大台灣50反1,40,0,40,美好-楊梅,2023-10-05,5262
00712,復華富時不動產,34,0,34,美好-楊梅,2023-10-05,5262
00922,國泰台灣領袖50,30,0,30,美好-楊梅,2023-10-05,5262
2002,中鋼,37,11,26,美好-楊梅,2023-10-05,5262
00674R,期元大S＆P黃金反1,20,0,20,美好-楊梅,2023-10-05,5262
00679B,元大美債20年,19,0,19,美好-楊梅,2023-10-05,5262
1815,富喬,71,52,19,美好-楊梅,2023-10-05,5262
8150,南茂,17,0,17,美好-楊梅,2023-10-05,5262
3715,定穎投控,39,23,16,美好-楊梅,2023-10-05,5262
2538,基泰,25,9,16,美好-楊梅,2023-10-05,5262
8176,智捷,16,0,16,美好-楊梅,2023-10-05,5262
2615,萬海,20,5,15,美好-楊梅,2023-10-05,5262
1605,華新,33,19,14,美好-楊梅,2023-10-05,5262
2634,漢翔,21,8,13,美好-楊梅,2023-10-05,5262
2618,長榮航,45,33,12,美好-楊梅,2023-10-05,5262
6229,研通,12,0,12,美好-楊梅,2023-10-05,5262
1301,台塑,12,0,12,美好-楊梅,2023-10-05,5262
8358,金居,14,3,11,美好-楊梅,2023-10-05,5262
4967,十銓,10,0,10,美好-楊梅,2023-10-05,5262
2412,中華電,10,0,10,美好-楊梅,2023-10-05,5262
1449,佳和,10,0,10,美好-楊梅,2023-10-05,5262
6288,聯嘉,114,104,10,美好-楊梅,2023-10-05,5262
2888,新光金,10,0,10,美好-楊梅,2023-10-05,5262
1101,台泥,13,4,9,美好-楊梅,2023-10-05,5262
2363,矽統,48,39,9,美好-楊梅,2023-10-05,5262
2891,中信金,9,0,9,美好-楊梅,2023-10-05,5262
5392,能率,9,0,9,美好-楊梅,2023-10-05,5262
2883,凱基金,8,0,8,美好-楊梅,2023-10-05,5262
00878,國泰永續高股息,8,0,8,美好-楊梅,2023-10-05,5262
3231,緯創,31,23,8,美好-楊梅,2023-10-05,5262
00929,復華台灣科技優息,12,4,8,美好-楊梅,2023-10-05,5262
3005,神基,10,2,8,美好-楊梅,2023-10-05,5262
5258,虹堡,10,2,8,美好-楊梅,2023-10-05,5262
2371,大同,27,19,8,美好-楊梅,2023-10-05,5262
1522,堤維西,8,1,7,美好-楊梅,2023-10-05,5262
2417,圓剛,31,24,7,美好-楊梅,2023-10-05,5262
9950,萬國通,7,0,7,美好-楊梅,2023-10-05,5262
3037,欣興,7,0,7,美好-楊梅,2023-10-05,5262
1609,大亞,12,6,6,美好-楊梅,2023-10-05,5262
2382,廣達,34,28,6,美好-楊梅,2023-10-05,5262
2884,玉山金,5,0,5,美好-楊梅,2023-10-05,5262
2881,富邦金,6,1,5,美好-楊梅,2023-10-05,5262
1603,華電,7,2,5,美好-楊梅,2023-10-05,5262
1815,富喬,85,3,82,美好-楊梅,2023-10-06,5262
00665L,富邦�琤肭磪囓�2,75,5,70,美好-楊梅,2023-10-06,5262
1324,地球,57,7,50,美好-楊梅,2023-10-06,5262
2537,聯上發,50,0,50,美好-楊梅,2023-10-06,5262
3339,泰谷,50,0,50,美好-楊梅,2023-10-06,5262
8938,明安,50,0,50,美好-楊梅,2023-10-06,5262
3516,亞帝歐,44,0,44,美好-楊梅,2023-10-06,5262
8046,南電,41,0,41,美好-楊梅,2023-10-06,5262
00680L,元大美債20正2,35,0,35,美好-楊梅,2023-10-06,5262
00929,復華台灣科技優息,41,7,34,美好-楊梅,2023-10-06,5262
3481,群創,30,2,28,美好-楊梅,2023-10-06,5262
2363,矽統,57,33,24,美好-楊梅,2023-10-06,5262
6122,擎邦,30,7,23,美好-楊梅,2023-10-06,5262
3231,緯創,40,18,22,美好-楊梅,2023-10-06,5262
0056,元大高股息,39,19,20,美好-楊梅,2023-10-06,5262
2405,輔信,33,17,16,美好-楊梅,2023-10-06,5262
2468,華經,32,16,16,美好-楊梅,2023-10-06,5262
00715L,期街口布蘭特正2,33,18,15,美好-楊梅,2023-10-06,5262
2409,友達,20,6,14,美好-楊梅,2023-10-06,5262
2618,長榮航,18,4,14,美好-楊梅,2023-10-06,5262
9105,泰金寶-DR,16,3,13,美好-楊梅,2023-10-06,5262
00712,復華富時不動產,17,5,12,美好-楊梅,2023-10-06,5262
3591,艾笛森,12,0,12,美好-楊梅,2023-10-06,5262
2324,仁寶,11,0,11,美好-楊梅,2023-10-06,5262
3265,台星科,13,2,11,美好-楊梅,2023-10-06,5262
1313,聯成,10,0,10,美好-楊梅,2023-10-06,5262
1809,中釉,10,0,10,美好-楊梅,2023-10-06,5262
2104,國際中橡,10,0,10,美好-楊梅,2023-10-06,5262
2605,新興,28,18,10,美好-楊梅,2023-10-06,5262
6024,群益期,10,0,10,美好-楊梅,2023-10-06,5262
6530,創威,11,1,10,美好-楊梅,2023-10-06,5262
8926,台汽電,10,0,10,美好-楊梅,2023-10-06,5262
2323,中環,10,1,9,美好-楊梅,2023-10-06,5262
6285,啟��,9,0,9,美好-楊梅,2023-10-06,5262
00922,國泰台灣領袖50,9,0,9,美好-楊梅,2023-10-06,5262
6279,胡連,9,0,9,美好-楊梅,2023-10-06,5262
2719,燦星旅,8,0,8,美好-楊梅,2023-10-06,5262
3049,精金,13,5,8,美好-楊梅,2023-10-06,5262
2883,凱基金,6,0,6,美好-楊梅,2023-10-06,5262
1319,東陽,9,3,6,美好-楊梅,2023-10-06,5262
00888,永豐台灣ESG,6,0,6,美好-楊梅,2023-10-06,5262
1514,亞力,7,1,6,美好-楊梅,2023-10-06,5262
2538,基泰,9,3,6,美好-楊梅,2023-10-06,5262
6288,聯嘉,9,3,6,美好-楊梅,2023-10-06,5262
8176,智捷,6,0,6,美好-楊梅,2023-10-06,5262
2603,長榮,6,0,6,美好-楊梅,2023-10-06,5262
3037,欣興,8,2,6,美好-楊梅,2023-10-06,5262
00720B,元大投資級公司債,5,0,5,美好-楊梅,2023-10-06,5262
1101,台泥,5,0,5,美好-楊梅,2023-10-06,5262
00932,兆豐永續高息等權,5,0,5,美好-楊梅,2023-10-06,5262
00676R,富邦臺灣加權反1,300,0,300,美好-楊梅,2023-10-11,5262
3013,晟銘電,113,9,104,美好-楊梅,2023-10-11,5262
2537,聯上發,100,0,100,美好-楊梅,2023-10-11,5262
2609,陽明,49,8,41,美好-楊梅,2023-10-11,5262
3231,緯創,91,52,39,美好-楊梅,2023-10-11,5262
2603,長榮,38,7,31,美好-楊梅,2023-10-11,5262
2867,三商壽,29,0,29,美好-楊梅,2023-10-11,5262
9105,泰金寶-DR,30,1,29,美好-楊梅,2023-10-11,5262
1815,富喬,29,1,28,美好-楊梅,2023-10-11,5262
6122,擎邦,41,13,28,美好-楊梅,2023-10-11,5262
2605,新興,55,28,27,美好-楊梅,2023-10-11,5262
8222,寶一,31,4,27,美好-楊梅,2023-10-11,5262
00632R,元大台灣50反1,25,0,25,美好-楊梅,2023-10-11,5262
3715,定穎投控,79,57,22,美好-楊梅,2023-10-11,5262
2615,萬海,21,0,21,美好-楊梅,2023-10-11,5262
5521,工信,20,0,20,美好-楊梅,2023-10-11,5262
00919,群益台灣精選高息,18,0,18,美好-楊梅,2023-10-11,5262
2610,華航,25,7,18,美好-楊梅,2023-10-11,5262
6127,九豪,18,0,18,美好-楊梅,2023-10-11,5262
00878,國泰永續高股息,18,1,17,美好-楊梅,2023-10-11,5262
2356,英業達,32,16,16,美好-楊梅,2023-10-11,5262
6523,達爾膚,16,0,16,美好-楊梅,2023-10-11,5262
00679B,元大美債20年,15,0,15,美好-楊梅,2023-10-11,5262
3481,群創,26,12,14,美好-楊梅,2023-10-11,5262
1514,亞力,12,0,12,美好-楊梅,2023-10-11,5262
2025,千興,12,0,12,美好-楊梅,2023-10-11,5262
5340,建榮,12,0,12,美好-楊梅,2023-10-11,5262
6125,廣運,12,0,12,美好-楊梅,2023-10-11,5262
9911,櫻花,12,0,12,美好-楊梅,2023-10-11,5262
2031,新光鋼,11,0,11,美好-楊梅,2023-10-11,5262
6405,悅城,14,3,11,美好-楊梅,2023-10-11,5262
2388,威盛,12,1,11,美好-楊梅,2023-10-11,5262
00772B,中信高評級公司債,10,0,10,美好-楊梅,2023-10-11,5262
1809,中釉,10,0,10,美好-楊梅,2023-10-11,5262
2323,中環,110,100,10,美好-楊梅,2023-10-11,5262
2387,精元,10,0,10,美好-楊梅,2023-10-11,5262
2913,農林,10,0,10,美好-楊梅,2023-10-11,5262
3005,神基,10,0,10,美好-楊梅,2023-10-11,5262
3049,精金,10,0,10,美好-楊梅,2023-10-11,5262
3081,聯亞,10,0,10,美好-楊梅,2023-10-11,5262
2208,台船,9,0,9,美好-楊梅,2023-10-11,5262
2367,燿華,9,0,9,美好-楊梅,2023-10-11,5262
3325,旭品,15,6,9,美好-楊梅,2023-10-11,5262
3162,精確,8,0,8,美好-楊梅,2023-10-11,5262
8938,明安,10,2,8,美好-楊梅,2023-10-11,5262
1905,華紙,7,0,7,美好-楊梅,2023-10-11,5262
2538,基泰,10,3,7,美好-楊梅,2023-10-11,5262
2816,旺旺保,27,20,7,美好-楊梅,2023-10-11,5262
4533,協易機,7,0,7,美好-楊梅,2023-10-11,5262
6101,寬魚國際,7,0,7,美好-楊梅,2023-10-11,5262
00676R,富邦臺灣加權反1,100,0,100,美好-楊梅,2023-10-12,5262
3481,群創,70,20,50,美好-楊梅,2023-10-12,5262
1802,台玻,46,0,46,美好-楊梅,2023-10-12,5262
9105,泰金寶-DR,27,0,27,美好-楊梅,2023-10-12,5262
3044,健鼎,25,0,25,美好-楊梅,2023-10-12,5262
00715L,期街口布蘭特正2,24,0,24,美好-楊梅,2023-10-12,5262
2449,京元電子,28,4,24,美好-楊梅,2023-10-12,5262
5381,合正,21,0,21,美好-楊梅,2023-10-12,5262
2201,裕隆,33,17,16,美好-楊梅,2023-10-12,5262
2618,長榮航,45,30,15,美好-楊梅,2023-10-12,5262
3234,光環,18,3,15,美好-楊梅,2023-10-12,5262
00687B,國泰20年美債,12,0,12,美好-楊梅,2023-10-12,5262
2347,聯強,13,1,12,美好-楊梅,2023-10-12,5262
2352,佳世達,14,2,12,美好-楊梅,2023-10-12,5262
3078,僑威,33,21,12,美好-楊梅,2023-10-12,5262
00878,國泰永續高股息,22,10,12,美好-楊梅,2023-10-12,5262
00922,國泰台灣領袖50,12,1,11,美好-楊梅,2023-10-12,5262
8033,雷虎,11,0,11,美好-楊梅,2023-10-12,5262
00919,群益台灣精選高息,10,0,10,美好-楊梅,2023-10-12,5262
00632R,元大台灣50反1,10,0,10,美好-楊梅,2023-10-12,5262
2425,承啟,12,2,10,美好-楊梅,2023-10-12,5262
2641,正德,10,0,10,美好-楊梅,2023-10-12,5262
00772B,中信高評級公司債,9,0,9,美好-楊梅,2023-10-12,5262
2356,英業達,15,6,9,美好-楊梅,2023-10-12,5262
2392,正崴,10,1,9,美好-楊梅,2023-10-12,5262
2486,一詮,27,18,9,美好-楊梅,2023-10-12,5262
2313,華通,25,17,8,美好-楊梅,2023-10-12,5262
1609,大亞,8,0,8,美好-楊梅,2023-10-12,5262
2885,元大金,11,3,8,美好-楊梅,2023-10-12,5262
3311,閎暉,8,0,8,美好-楊梅,2023-10-12,5262
6282,康舒,10,2,8,美好-楊梅,2023-10-12,5262
3231,緯創,80,74,6,美好-楊梅,2023-10-12,5262
2324,仁寶,9,3,6,美好-楊梅,2023-10-12,5262
4102,永日,6,0,6,美好-楊梅,2023-10-12,5262
6122,擎邦,7,1,6,美好-楊梅,2023-10-12,5262
6770,力積電,12,6,6,美好-楊梅,2023-10-12,5262
2236,百達-KY,5,0,5,美好-楊梅,2023-10-12,5262
2881,富邦金,5,0,5,美好-楊梅,2023-10-12,5262
3037,欣興,5,0,5,美好-楊梅,2023-10-12,5262
3615,安可,5,0,5,美好-楊梅,2023-10-12,5262
3617,碩天,8,3,5,美好-楊梅,2023-10-12,5262
6216,居易,5,0,5,美好-楊梅,2023-10-12,5262
6288,聯嘉,6,1,5,美好-楊梅,2023-10-12,5262
8176,智捷,6,1,5,美好-楊梅,2023-10-12,5262
6530,創威,8,4,4,美好-楊梅,2023-10-12,5262
3043,科風,4,0,4,美好-楊梅,2023-10-12,5262
00670L,富邦NASDAQ正2,4,0,4,美好-楊梅,2023-10-12,5262
00679B,元大美債20年,6,2,4,美好-楊梅,2023-10-12,5262
1718,中纖,4,0,4,美好-楊梅,2023-10-12,5262
2228,劍麟,4,0,4,美好-楊梅,2023-10-12,5262
2363,矽統,258,135,123,美好-楊梅,2023-10-13,5262
3231,緯創,114,36,78,美好-楊梅,2023-10-13,5262
3260,威剛,72,13,59,美好-楊梅,2023-10-13,5262
00878,國泰永續高股息,56,0,56,美好-楊梅,2023-10-13,5262
0056,元大高股息,58,2,56,美好-楊梅,2023-10-13,5262
00665L,富邦�琤肭磪囓�2,52,0,52,美好-楊梅,2023-10-13,5262
1522,堤維西,52,2,50,美好-楊梅,2023-10-13,5262
2609,陽明,47,1,46,美好-楊梅,2023-10-13,5262
2382,廣達,54,10,44,美好-楊梅,2023-10-13,5262
9105,泰金寶-DR,34,0,34,美好-楊梅,2023-10-13,5262
00929,復華台灣科技優息,28,3,25,美好-楊梅,2023-10-13,5262
00919,群益台灣精選高息,26,2,24,美好-楊梅,2023-10-13,5262
1815,富喬,26,2,24,美好-楊梅,2023-10-13,5262
00931B,統一美債20年,23,0,23,美好-楊梅,2023-10-13,5262
2618,長榮航,31,9,22,美好-楊梅,2023-10-13,5262
4979,華星光,41,24,17,美好-楊梅,2023-10-13,5262
2913,農林,42,26,16,美好-楊梅,2023-10-13,5262
8064,東捷,15,0,15,美好-楊梅,2023-10-13,5262
2610,華航,16,2,14,美好-楊梅,2023-10-13,5262
3092,鴻碩,14,0,14,美好-楊梅,2023-10-13,5262
6770,力積電,16,3,13,美好-楊梅,2023-10-13,5262
00751B,元大AAA至A公司債,12,0,12,美好-楊梅,2023-10-13,5262
00888,永豐台灣ESG,12,0,12,美好-楊梅,2023-10-13,5262
2615,萬海,12,0,12,美好-楊梅,2023-10-13,5262
2892,第一金,11,0,11,美好-楊梅,2023-10-13,5262
8112,至上,11,0,11,美好-楊梅,2023-10-13,5262
00724B,群益投資級金融債,10,0,10,美好-楊梅,2023-10-13,5262
2486,一詮,10,0,10,美好-楊梅,2023-10-13,5262
3005,神基,10,0,10,美好-楊梅,2023-10-13,5262
3706,神達,21,11,10,美好-楊梅,2023-10-13,5262
5498,凱崴,10,0,10,美好-楊梅,2023-10-13,5262
6147,頎邦,10,0,10,美好-楊梅,2023-10-13,5262
8076,伍豐,10,0,10,美好-楊梅,2023-10-13,5262
9928,中視,10,0,10,美好-楊梅,2023-10-13,5262
2883,凱基金,10,0,10,美好-楊梅,2023-10-13,5262
2355,敬鵬,10,1,9,美好-楊梅,2023-10-13,5262
00712,復華富時不動產,9,0,9,美好-楊梅,2023-10-13,5262
3317,尼克森,9,0,9,美好-楊梅,2023-10-13,5262
2392,正崴,8,0,8,美好-楊梅,2023-10-13,5262
3189,景碩,8,0,8,美好-楊梅,2023-10-13,5262
6442,光聖,12,4,8,美好-楊梅,2023-10-13,5262
8048,德勝,8,0,8,美好-楊梅,2023-10-13,5262
3037,欣興,8,0,8,美好-楊梅,2023-10-13,5262
1609,大亞,7,0,7,美好-楊梅,2023-10-13,5262
2353,宏��,7,0,7,美好-楊梅,2023-10-13,5262
2882,國泰金,7,0,7,美好-楊梅,2023-10-13,5262
3025,星通,12,5,7,美好-楊梅,2023-10-13,5262
6282,康舒,7,0,7,美好-楊梅,2023-10-13,5262
2881,富邦金,6,0,6,美好-楊梅,2023-10-13,5262
00902,中信電池及儲能,6,0,6,美好-楊梅,2023-10-13,5262
1101,台泥,130,2,128,美好-楊梅,2023-10-16,5262
00637L,元大滬深300正2,131,10,121,美好-楊梅,2023-10-16,5262
0056,元大高股息,119,5,114,美好-楊梅,2023-10-16,5262
2515,中工,109,8,101,美好-楊梅,2023-10-16,5262
2344,華邦電,88,10,78,美好-楊梅,2023-10-16,5262
2618,長榮航,121,45,76,美好-楊梅,2023-10-16,5262
3706,神達,66,0,66,美好-楊梅,2023-10-16,5262
00664R,國泰臺灣加權反1,50,0,50,美好-楊梅,2023-10-16,5262
2409,友達,50,3,47,美好-楊梅,2023-10-16,5262
2610,華航,76,31,45,美好-楊梅,2023-10-16,5262
1316,上曜,30,0,30,美好-楊梅,2023-10-16,5262
00878,國泰永續高股息,37,8,29,美好-楊梅,2023-10-16,5262
1605,華新,24,2,22,美好-楊梅,2023-10-16,5262
2201,裕隆,32,10,22,美好-楊梅,2023-10-16,5262
5009,榮剛,23,2,21,美好-楊梅,2023-10-16,5262
2020,美亞,20,0,20,美好-楊梅,2023-10-16,5262
3450,聯鈞,25,6,19,美好-楊梅,2023-10-16,5262
00915,凱基優選高股息30,18,0,18,美好-楊梅,2023-10-16,5262
1809,中釉,18,0,18,美好-楊梅,2023-10-16,5262
00929,復華台灣科技優息,60,45,15,美好-楊梅,2023-10-16,5262
2356,英業達,21,7,14,美好-楊梅,2023-10-16,5262
2609,陽明,50,36,14,美好-楊梅,2023-10-16,5262
3715,定穎投控,69,55,14,美好-楊梅,2023-10-16,5262
2363,矽統,95,81,14,美好-楊梅,2023-10-16,5262
4104,佳醫,13,0,13,美好-楊梅,2023-10-16,5262
00905,FT臺灣Smart,12,0,12,美好-楊梅,2023-10-16,5262
4102,永日,15,3,12,美好-楊梅,2023-10-16,5262
2382,廣達,15,3,12,美好-楊梅,2023-10-16,5262
2449,京元電子,15,3,12,美好-楊梅,2023-10-16,5262
1303,南亞,11,0,11,美好-楊梅,2023-10-16,5262
2603,長榮,12,1,11,美好-楊梅,2023-10-16,5262
00715L,期街口布蘭特正2,10,0,10,美好-楊梅,2023-10-16,5262
00673R,期元大S＆P原油反1,10,0,10,美好-楊梅,2023-10-16,5262
1529,樂事綠能,10,0,10,美好-楊梅,2023-10-16,5262
1905,華紙,32,22,10,美好-楊梅,2023-10-16,5262
3005,神基,10,0,10,美好-楊梅,2023-10-16,5262
3122,笙泉,12,2,10,美好-楊梅,2023-10-16,5262
3234,光環,10,0,10,美好-楊梅,2023-10-16,5262
6530,創威,11,1,10,美好-楊梅,2023-10-16,5262
9950,萬國通,30,20,10,美好-楊梅,2023-10-16,5262
4306,炎洲,8,0,8,美好-楊梅,2023-10-16,5262
6127,九豪,8,0,8,美好-楊梅,2023-10-16,5262
4105,東洋,7,0,7,美好-楊梅,2023-10-16,5262
3481,群創,25,18,7,美好-楊梅,2023-10-16,5262
6531,愛普*,6,0,6,美好-楊梅,2023-10-16,5262
2388,威盛,10,4,6,美好-楊梅,2023-10-16,5262
2393,億光,6,0,6,美好-楊梅,2023-10-16,5262
5531,鄉林,6,0,6,美好-楊梅,2023-10-16,5262
00635U,期元大S＆P黃金,5,0,5,美好-楊梅,2023-10-16,5262
2425,承啟,25,20,5,美好-楊梅,2023-10-16,5262
00878,國泰永續高股息,85,0,85,美好-楊梅,2023-10-17,5262
2887,台新金,50,0,50,美好-楊梅,2023-10-17,5262
4908,前鼎,64,14,50,美好-楊梅,2023-10-17,5262
0056,元大高股息,46,0,46,美好-楊梅,2023-10-17,5262
2610,華航,82,40,42,美好-楊梅,2023-10-17,5262
2609,陽明,39,2,37,美好-楊梅,2023-10-17,5262
2618,長榮航,66,32,34,美好-楊梅,2023-10-17,5262
2891,中信金,34,0,34,美好-楊梅,2023-10-17,5262
3715,定穎投控,49,17,32,美好-楊梅,2023-10-17,5262
00712,復華富時不動產,31,0,31,美好-楊梅,2023-10-17,5262
00674R,期元大S＆P黃金反1,30,0,30,美好-楊梅,2023-10-17,5262
00722B,群益投資級電信債,30,0,30,美好-楊梅,2023-10-17,5262
1815,富喬,35,5,30,美好-楊梅,2023-10-17,5262
1605,華新,30,1,29,美好-楊梅,2023-10-17,5262
2329,華泰,73,47,26,美好-楊梅,2023-10-17,5262
2607,榮運,29,3,26,美好-楊梅,2023-10-17,5262
2641,正德,22,0,22,美好-楊梅,2023-10-17,5262
00912,中信臺灣智慧50,20,0,20,美好-楊梅,2023-10-17,5262
9928,中視,20,0,20,美好-楊梅,2023-10-17,5262
3363,上詮,22,2,20,美好-楊梅,2023-10-17,5262
00915,凱基優選高股息30,18,0,18,美好-楊梅,2023-10-17,5262
3092,鴻碩,15,0,15,美好-楊梅,2023-10-17,5262
2356,英業達,29,15,14,美好-楊梅,2023-10-17,5262
3706,神達,19,5,14,美好-楊梅,2023-10-17,5262
00931B,統一美債20年,13,0,13,美好-楊梅,2023-10-17,5262
00930,永豐ESG低碳高息,13,0,13,美好-楊梅,2023-10-17,5262
00929,復華台灣科技優息,30,18,12,美好-楊梅,2023-10-17,5262
3346,麗清,16,4,12,美好-楊梅,2023-10-17,5262
2014,中鴻,11,0,11,美好-楊梅,2023-10-17,5262
2352,佳世達,12,1,11,美好-楊梅,2023-10-17,5262
2455,全新,11,0,11,美好-楊梅,2023-10-17,5262
00720B,元大投資級公司債,10,0,10,美好-楊梅,2023-10-17,5262
2382,廣達,22,12,10,美好-楊梅,2023-10-17,5262
00665L,富邦�琤肭磪囓�2,10,0,10,美好-楊梅,2023-10-17,5262
00655L,國泰中國A50正2,10,0,10,美好-楊梅,2023-10-17,5262
1524,耿鼎,12,2,10,美好-楊梅,2023-10-17,5262
2017,官田鋼,10,0,10,美好-楊梅,2023-10-17,5262
3059,華晶科,10,0,10,美好-楊梅,2023-10-17,5262
3380,明泰,10,0,10,美好-楊梅,2023-10-17,5262
3518,柏騰,10,0,10,美好-楊梅,2023-10-17,5262
3481,群創,11,2,9,美好-楊梅,2023-10-17,5262
2206,三陽工業,12,3,9,美好-楊梅,2023-10-17,5262
2399,映泰,10,1,9,美好-楊梅,2023-10-17,5262
3122,笙泉,9,0,9,美好-楊梅,2023-10-17,5262
6223,旺矽,9,0,9,美好-楊梅,2023-10-17,5262
00751B,元大AAA至A公司債,8,0,8,美好-楊梅,2023-10-17,5262
4105,東洋,10,2,8,美好-楊梅,2023-10-17,5262
6116,彩晶,8,0,8,美好-楊梅,2023-10-17,5262
00679B,元大美債20年,7,0,7,美好-楊梅,2023-10-17,5262
00772B,中信高評級公司債,7,0,7,美好-楊梅,2023-10-17,5262
0056,元大高股息,241,9,232,美好-楊梅,2023-10-18,5262
00929,復華台灣科技優息,155,9,146,美好-楊梅,2023-10-18,5262
6237,驊訊,217,116,101,美好-楊梅,2023-10-18,5262
1815,富喬,88,3,85,美好-楊梅,2023-10-18,5262
4906,正文,78,0,78,美好-楊梅,2023-10-18,5262
00919,群益台灣精選高息,70,8,62,美好-楊梅,2023-10-18,5262
1460,宏遠,60,0,60,美好-楊梅,2023-10-18,5262
1314,中石化,57,3,54,美好-楊梅,2023-10-18,5262
2382,廣達,60,13,47,美好-楊梅,2023-10-18,5262
00922,國泰台灣領袖50,51,3,48,美好-楊梅,2023-10-18,5262
1101,台泥,43,0,43,美好-楊梅,2023-10-18,5262
2409,友達,41,0,41,美好-楊梅,2023-10-18,5262
1710,東聯,27,0,27,美好-楊梅,2023-10-18,5262
00907,永豐優息存股,24,0,24,美好-楊梅,2023-10-18,5262
2352,佳世達,25,1,24,美好-楊梅,2023-10-18,5262
00720B,元大投資級公司債,22,0,22,美好-楊梅,2023-10-18,5262
2867,三商壽,22,0,22,美好-楊梅,2023-10-18,5262
2317,鴻海,21,1,20,美好-楊梅,2023-10-18,5262
3059,華晶科,20,1,19,美好-楊梅,2023-10-18,5262
2486,一詮,19,2,17,美好-楊梅,2023-10-18,5262
2355,敬鵬,17,1,16,美好-楊梅,2023-10-18,5262
3234,光環,18,2,16,美好-楊梅,2023-10-18,5262
2618,長榮航,21,6,15,美好-楊梅,2023-10-18,5262
2313,華通,19,4,15,美好-楊梅,2023-10-18,5262
2002,中鋼,16,2,14,美好-楊梅,2023-10-18,5262
6274,台燿,28,15,13,美好-楊梅,2023-10-18,5262
1102,亞泥,12,0,12,美好-楊梅,2023-10-18,5262
2201,裕隆,23,11,12,美好-楊梅,2023-10-18,5262
3044,健鼎,12,0,12,美好-楊梅,2023-10-18,5262
3363,上詮,14,2,12,美好-楊梅,2023-10-18,5262
00900,富邦特選高股息30,12,0,12,美好-楊梅,2023-10-18,5262
3041,揚智,25,13,12,美好-楊梅,2023-10-18,5262
1471,首利,15,4,11,美好-楊梅,2023-10-18,5262
2353,宏��,11,0,11,美好-楊梅,2023-10-18,5262
2888,新光金,11,0,11,美好-楊梅,2023-10-18,5262
00893,國泰智能電動車,10,0,10,美好-楊梅,2023-10-18,5262
00888,永豐台灣ESG,10,0,10,美好-楊梅,2023-10-18,5262
00885,富邦越南,10,0,10,美好-楊梅,2023-10-18,5262
00633L,富邦上証正2,10,0,10,美好-楊梅,2023-10-18,5262
00655L,國泰中國A50正2,10,0,10,美好-楊梅,2023-10-18,5262
1304,台聚,10,0,10,美好-楊梅,2023-10-18,5262
2344,華邦電,18,8,10,美好-楊梅,2023-10-18,5262
2369,菱生,23,13,10,美好-楊梅,2023-10-18,5262
2614,東森,10,0,10,美好-楊梅,2023-10-18,5262
2897,王道銀行,10,0,10,美好-楊梅,2023-10-18,5262
3094,聯傑,20,10,10,美好-楊梅,2023-10-18,5262
3268,海德威,11,1,10,美好-楊梅,2023-10-18,5262
3374,精材,10,0,10,美好-楊梅,2023-10-18,5262
3709,鑫聯大投控,10,0,10,美好-楊梅,2023-10-18,5262
6122,擎邦,15,5,10,美好-楊梅,2023-10-18,5262
00680L,元大美債20正2,120,0,120,美好-楊梅,2023-10-19,5262
0056,元大高股息,109,20,89,美好-楊梅,2023-10-19,5262
00679B,元大美債20年,76,0,76,美好-楊梅,2023-10-19,5262
00933B,國泰10Y+金融債,57,0,57,美好-楊梅,2023-10-19,5262
4908,前鼎,136,85,51,美好-楊梅,2023-10-19,5262
00878,國泰永續高股息,80,35,45,美好-楊梅,2023-10-19,5262
00637L,元大滬深300正2,42,2,40,美好-楊梅,2023-10-19,5262
2317,鴻海,40,0,40,美好-楊梅,2023-10-19,5262
2365,昆盈,34,0,34,美好-楊梅,2023-10-19,5262
00929,復華台灣科技優息,31,1,30,美好-楊梅,2023-10-19,5262
1101,台泥,36,6,30,美好-楊梅,2023-10-19,5262
2888,新光金,27,0,27,美好-楊梅,2023-10-19,5262
2605,新興,25,3,22,美好-楊梅,2023-10-19,5262
3715,定穎投控,53,31,22,美好-楊梅,2023-10-19,5262
00751B,元大AAA至A公司債,21,0,21,美好-楊梅,2023-10-19,5262
4306,炎洲,20,0,20,美好-楊梅,2023-10-19,5262
9950,萬國通,29,10,19,美好-楊梅,2023-10-19,5262
00720B,元大投資級公司債,18,0,18,美好-楊梅,2023-10-19,5262
2399,映泰,18,0,18,美好-楊梅,2023-10-19,5262
3481,群創,20,2,18,美好-楊梅,2023-10-19,5262
6112,邁達特,17,1,16,美好-楊梅,2023-10-19,5262
2610,華航,24,9,15,美好-楊梅,2023-10-19,5262
3710,連展投控,15,0,15,美好-楊梅,2023-10-19,5262
1711,永光,15,2,13,美好-楊梅,2023-10-19,5262
2208,台船,13,0,13,美好-楊梅,2023-10-19,5262
00712,復華富時不動產,12,0,12,美好-楊梅,2023-10-19,5262
2465,麗臺,12,0,12,美好-楊梅,2023-10-19,5262
2885,元大金,12,0,12,美好-楊梅,2023-10-19,5262
3268,海德威,12,0,12,美好-楊梅,2023-10-19,5262
2206,三陽工業,13,1,12,美好-楊梅,2023-10-19,5262
1802,台玻,13,2,11,美好-楊梅,2023-10-19,5262
2607,榮運,13,2,11,美好-楊梅,2023-10-19,5262
6274,台燿,10,0,10,美好-楊梅,2023-10-19,5262
2356,英業達,18,8,10,美好-楊梅,2023-10-19,5262
2349,錸德,10,0,10,美好-楊梅,2023-10-19,5262
2834,臺企銀,10,0,10,美好-楊梅,2023-10-19,5262
6116,彩晶,10,0,10,美好-楊梅,2023-10-19,5262
3709,鑫聯大投控,11,2,9,美好-楊梅,2023-10-19,5262
2002,中鋼,9,0,9,美好-楊梅,2023-10-19,5262
00639,富邦深100,10,1,9,美好-楊梅,2023-10-19,5262
00885,富邦越南,11,2,9,美好-楊梅,2023-10-19,5262
3207,耀勝,9,0,9,美好-楊梅,2023-10-19,5262
4108,懷特,9,0,9,美好-楊梅,2023-10-19,5262
00893,國泰智能電動車,8,0,8,美好-楊梅,2023-10-19,5262
1609,大亞,8,0,8,美好-楊梅,2023-10-19,5262
6770,力積電,10,2,8,美好-楊梅,2023-10-19,5262
1471,首利,8,1,7,美好-楊梅,2023-10-19,5262
1227,佳格,8,1,7,美好-楊梅,2023-10-19,5262
00888,永豐台灣ESG,7,0,7,美好-楊梅,2023-10-19,5262
00636,國泰中國A50,7,0,7,美好-楊梅,2023-10-19,5262
00712,復華富時不動產,176,0,176,美好-楊梅,2023-10-20,5262
1314,中石化,76,0,76,美好-楊梅,2023-10-20,5262
00929,復華台灣科技優息,79,12,67,美好-楊梅,2023-10-20,5262
0056,元大高股息,61,4,57,美好-楊梅,2023-10-20,5262
2449,京元電子,236,187,49,美好-楊梅,2023-10-20,5262
00919,群益台灣精選高息,44,0,44,美好-楊梅,2023-10-20,5262
00878,國泰永續高股息,51,8,43,美好-楊梅,2023-10-20,5262
2883,凱基金,47,8,39,美好-楊梅,2023-10-20,5262
2618,長榮航,38,0,38,美好-楊梅,2023-10-20,5262
6770,力積電,44,7,37,美好-楊梅,2023-10-20,5262
2002,中鋼,28,0,28,美好-楊梅,2023-10-20,5262
2891,中信金,27,0,27,美好-楊梅,2023-10-20,5262
2885,元大金,21,0,21,美好-楊梅,2023-10-20,5262
4976,佳凌,20,0,20,美好-楊梅,2023-10-20,5262
6168,宏齊,32,12,20,美好-楊梅,2023-10-20,5262
3363,上詮,20,1,19,美好-楊梅,2023-10-20,5262
1101,台泥,17,0,17,美好-楊梅,2023-10-20,5262
00637L,元大滬深300正2,26,9,17,美好-楊梅,2023-10-20,5262
1605,華新,17,0,17,美好-楊梅,2023-10-20,5262
00900,富邦特選高股息30,16,0,16,美好-楊梅,2023-10-20,5262
2614,東森,15,0,15,美好-楊梅,2023-10-20,5262
2897,王道銀行,15,0,15,美好-楊梅,2023-10-20,5262
00907,永豐優息存股,13,0,13,美好-楊梅,2023-10-20,5262
3176,基亞,12,0,12,美好-楊梅,2023-10-20,5262
3005,神基,11,0,11,美好-楊梅,2023-10-20,5262
8028,昇陽半導體,11,0,11,美好-楊梅,2023-10-20,5262
8176,智捷,12,1,11,美好-楊梅,2023-10-20,5262
00679B,元大美債20年,10,0,10,美好-楊梅,2023-10-20,5262
00636,國泰中國A50,10,0,10,美好-楊梅,2023-10-20,5262
00885,富邦越南,10,0,10,美好-楊梅,2023-10-20,5262
1304,台聚,10,0,10,美好-楊梅,2023-10-20,5262
1802,台玻,11,1,10,美好-楊梅,2023-10-20,5262
2634,漢翔,10,0,10,美好-楊梅,2023-10-20,5262
2884,玉山金,10,0,10,美好-楊梅,2023-10-20,5262
3704,合勤控,15,5,10,美好-楊梅,2023-10-20,5262
6112,邁達特,10,0,10,美好-楊梅,2023-10-20,5262
6139,亞翔,22,12,10,美好-楊梅,2023-10-20,5262
8048,德勝,10,0,10,美好-楊梅,2023-10-20,5262
5009,榮剛,9,0,9,美好-楊梅,2023-10-20,5262
2368,金像電,9,0,9,美好-楊梅,2023-10-20,5262
2834,臺企銀,9,0,9,美好-楊梅,2023-10-20,5262
6127,九豪,8,0,8,美好-楊梅,2023-10-20,5262
2204,中華,7,0,7,美好-楊梅,2023-10-20,5262
2887,台新金,7,0,7,美好-楊梅,2023-10-20,5262
3029,零壹,8,1,7,美好-楊梅,2023-10-20,5262
3162,精確,7,0,7,美好-楊梅,2023-10-20,5262
4919,新唐,8,1,7,美好-楊梅,2023-10-20,5262
2881,富邦金,7,1,6,美好-楊梅,2023-10-20,5262
3035,智原,16,10,6,美好-楊梅,2023-10-20,5262
00912,中信臺灣智慧50,6,0,6,美好-楊梅,2023-10-20,5262
00929,復華台灣科技優息,144,2,142,美好-楊梅,2023-10-23,5262
3041,揚智,64,9,55,美好-楊梅,2023-10-23,5262
1324,地球,50,0,50,美好-楊梅,2023-10-23,5262
2317,鴻海,52,2,50,美好-楊梅,2023-10-23,5262
00712,復華富時不動產,42,11,31,美好-楊梅,2023-10-23,5262
00919,群益台灣精選高息,30,0,30,美好-楊梅,2023-10-23,5262
00724B,群益投資級金融債,30,0,30,美好-楊梅,2023-10-23,5262
00878,國泰永續高股息,42,12,30,美好-楊梅,2023-10-23,5262
0056,元大高股息,30,1,29,美好-楊梅,2023-10-23,5262
2605,新興,45,18,27,美好-楊梅,2023-10-23,5262
2884,玉山金,24,0,24,美好-楊梅,2023-10-23,5262
00900,富邦特選高股息30,22,0,22,美好-楊梅,2023-10-23,5262
2002,中鋼,21,1,20,美好-楊梅,2023-10-23,5262
00674R,期元大S＆P黃金反1,20,0,20,美好-楊梅,2023-10-23,5262
2369,菱生,132,113,19,美好-楊梅,2023-10-23,5262
00679B,元大美債20年,16,0,16,美好-楊梅,2023-10-23,5262
1313,聯成,15,0,15,美好-楊梅,2023-10-23,5262
1314,中石化,20,6,14,美好-楊梅,2023-10-23,5262
1584,精剛,16,2,14,美好-楊梅,2023-10-23,5262
3481,群創,22,9,13,美好-楊梅,2023-10-23,5262
00687B,國泰20年美債,13,0,13,美好-楊梅,2023-10-23,5262
00720B,元大投資級公司債,13,0,13,美好-楊梅,2023-10-23,5262
3710,連展投控,13,0,13,美好-楊梅,2023-10-23,5262
3017,奇鋐,13,1,12,美好-楊梅,2023-10-23,5262
2610,華航,15,3,12,美好-楊梅,2023-10-23,5262
00751B,元大AAA至A公司債,11,0,11,美好-楊梅,2023-10-23,5262
2204,中華,11,0,11,美好-楊梅,2023-10-23,5262
2314,台揚,10,0,10,美好-楊梅,2023-10-23,5262
2371,大同,10,0,10,美好-楊梅,2023-10-23,5262
3202,樺晟,10,0,10,美好-楊梅,2023-10-23,5262
4306,炎洲,10,0,10,美好-楊梅,2023-10-23,5262
00931B,統一美債20年,22,13,9,美好-楊梅,2023-10-23,5262
00882,中信中國高股息,10,1,9,美好-楊梅,2023-10-23,5262
2354,鴻準,10,1,9,美好-楊梅,2023-10-23,5262
1303,南亞,8,0,8,美好-楊梅,2023-10-23,5262
00922,國泰台灣領袖50,8,0,8,美好-楊梅,2023-10-23,5262
1101,台泥,7,0,7,美好-楊梅,2023-10-23,5262
00631L,元大台灣50正2,7,0,7,美好-楊梅,2023-10-23,5262
00923,群益台ESG低碳50,7,0,7,美好-楊梅,2023-10-23,5262
2382,廣達,16,9,7,美好-楊梅,2023-10-23,5262
2883,凱基金,7,0,7,美好-楊梅,2023-10-23,5262
2891,中信金,7,0,7,美好-楊梅,2023-10-23,5262
1524,耿鼎,6,0,6,美好-楊梅,2023-10-23,5262
2376,技嘉,11,5,6,美好-楊梅,2023-10-23,5262
2402,毅嘉,11,5,6,美好-楊梅,2023-10-23,5262
2405,輔信,7,1,6,美好-楊梅,2023-10-23,5262
6695,芯鼎,6,0,6,美好-楊梅,2023-10-23,5262
8299,群聯,6,0,6,美好-楊梅,2023-10-23,5262
2201,裕隆,12,6,6,美好-楊梅,2023-10-23,5262
2881,富邦金,5,0,5,美好-楊梅,2023-10-23,5262
2317,鴻海,79,11,68,美好-楊梅,2023-10-24,5262
1314,中石化,62,0,62,美好-楊梅,2023-10-24,5262
00929,復華台灣科技優息,70,10,60,美好-楊梅,2023-10-24,5262
00712,復華富時不動產,57,0,57,美好-楊梅,2023-10-24,5262
2363,矽統,72,21,51,美好-楊梅,2023-10-24,5262
2883,凱基金,36,0,36,美好-楊梅,2023-10-24,5262
2002,中鋼,37,5,32,美好-楊梅,2023-10-24,5262
2344,華邦電,32,3,29,美好-楊梅,2023-10-24,5262
00674R,期元大S＆P黃金反1,20,0,20,美好-楊梅,2023-10-24,5262
2618,長榮航,23,4,19,美好-楊梅,2023-10-24,5262
2352,佳世達,19,1,18,美好-楊梅,2023-10-24,5262
5302,太欣,20,2,18,美好-楊梅,2023-10-24,5262
8110,華東,24,7,17,美好-楊梅,2023-10-24,5262
3078,僑威,27,11,16,美好-楊梅,2023-10-24,5262
00637L,元大滬深300正2,20,5,15,美好-楊梅,2023-10-24,5262
3092,鴻碩,15,0,15,美好-楊梅,2023-10-24,5262
00919,群益台灣精選高息,14,0,14,美好-楊梅,2023-10-24,5262
00891,中信關鍵半導體,13,0,13,美好-楊梅,2023-10-24,5262
2303,聯電,20,7,13,美好-楊梅,2023-10-24,5262
1101,台泥,13,0,13,美好-楊梅,2023-10-24,5262
8150,南茂,15,2,13,美好-楊梅,2023-10-24,5262
2461,光群雷,12,0,12,美好-楊梅,2023-10-24,5262
6266,泰詠,12,0,12,美好-楊梅,2023-10-24,5262
6451,訊芯-KY,12,0,12,美好-楊梅,2023-10-24,5262
8064,東捷,12,0,12,美好-楊梅,2023-10-24,5262
2610,華航,16,5,11,美好-楊梅,2023-10-24,5262
00642U,期元大S＆P石油,11,0,11,美好-楊梅,2023-10-24,5262
1605,華新,11,1,10,美好-楊梅,2023-10-24,5262
2206,三陽工業,13,3,10,美好-楊梅,2023-10-24,5262
2367,燿華,13,3,10,美好-楊梅,2023-10-24,5262
2457,飛宏,13,3,10,美好-楊梅,2023-10-24,5262
5009,榮剛,10,0,10,美好-楊梅,2023-10-24,5262
6233,旺玖,10,0,10,美好-楊梅,2023-10-24,5262
8112,至上,10,0,10,美好-楊梅,2023-10-24,5262
00902,中信電池及儲能,8,0,8,美好-楊梅,2023-10-24,5262
00931B,統一美債20年,8,0,8,美好-楊梅,2023-10-24,5262
1609,大亞,8,0,8,美好-楊梅,2023-10-24,5262
3260,威剛,12,4,8,美好-楊梅,2023-10-24,5262
0050,元大台灣50,7,0,7,美好-楊梅,2023-10-24,5262
00923,群益台ESG低碳50,7,0,7,美好-楊梅,2023-10-24,5262
2014,中鴻,10,3,7,美好-楊梅,2023-10-24,5262
0056,元大高股息,11,4,7,美好-楊梅,2023-10-24,5262
00878,國泰永續高股息,14,8,6,美好-楊梅,2023-10-24,5262
00888,永豐台灣ESG,6,0,6,美好-楊梅,2023-10-24,5262
00912,中信臺灣智慧50,6,0,6,美好-楊梅,2023-10-24,5262
2892,第一金,6,0,6,美好-楊梅,2023-10-24,5262
4944,兆遠,7,1,6,美好-楊梅,2023-10-24,5262
3231,緯創,57,52,5,美好-楊梅,2023-10-24,5262
2891,中信金,6,1,5,美好-楊梅,2023-10-24,5262
2812,台中銀,5,0,5,美好-楊梅,2023-10-24,5262
00712,復華富時不動產,71,1,70,美好-楊梅,2023-10-25,5262
1449,佳和,52,0,52,美好-楊梅,2023-10-25,5262
3025,星通,116,64,52,美好-楊梅,2023-10-25,5262
2905,三商,50,0,50,美好-楊梅,2023-10-25,5262
1314,中石化,62,13,49,美好-楊梅,2023-10-25,5262
4306,炎洲,37,0,37,美好-楊梅,2023-10-25,5262
0056,元大高股息,33,1,32,美好-楊梅,2023-10-25,5262
2208,台船,30,0,30,美好-楊梅,2023-10-25,5262
1584,精剛,30,1,29,美好-楊梅,2023-10-25,5262
00720B,元大投資級公司債,25,0,25,美好-楊梅,2023-10-25,5262
2867,三商壽,24,0,24,美好-楊梅,2023-10-25,5262
00878,國泰永續高股息,24,1,23,美好-楊梅,2023-10-25,5262
2883,凱基金,22,1,21,美好-楊梅,2023-10-25,5262
2617,台航,18,0,18,美好-楊梅,2023-10-25,5262
2363,矽統,25,9,16,美好-楊梅,2023-10-25,5262
00751B,元大AAA至A公司債,15,0,15,美好-楊梅,2023-10-25,5262
2344,華邦電,18,3,15,美好-楊梅,2023-10-25,5262
00715L,期街口布蘭特正2,16,2,14,美好-楊梅,2023-10-25,5262
3035,智原,26,13,13,美好-楊梅,2023-10-25,5262
2337,旺宏,32,20,12,美好-楊梅,2023-10-25,5262
00665L,富邦�琤肭磪囓�2,12,0,12,美好-楊梅,2023-10-25,5262
5426,振發,12,0,12,美好-楊梅,2023-10-25,5262
2884,玉山金,13,2,11,美好-楊梅,2023-10-25,5262
8110,華東,66,55,11,美好-楊梅,2023-10-25,5262
1710,東聯,30,19,11,美好-楊梅,2023-10-25,5262
2328,廣宇,12,1,11,美好-楊梅,2023-10-25,5262
3234,光環,12,1,11,美好-楊梅,2023-10-25,5262
4944,兆遠,18,7,11,美好-楊梅,2023-10-25,5262
2303,聯電,23,12,11,美好-楊梅,2023-10-25,5262
00687B,國泰20年美債,10,0,10,美好-楊梅,2023-10-25,5262
00679B,元大美債20年,10,0,10,美好-楊梅,2023-10-25,5262
2356,英業達,15,5,10,美好-楊梅,2023-10-25,5262
2887,台新金,10,0,10,美好-楊梅,2023-10-25,5262
5220,萬達光電,10,0,10,美好-楊梅,2023-10-25,5262
6143,振曜,10,0,10,美好-楊梅,2023-10-25,5262
3346,麗清,16,7,9,美好-楊梅,2023-10-25,5262
4908,前鼎,17,8,9,美好-楊梅,2023-10-25,5262
3715,定穎投控,23,14,9,美好-楊梅,2023-10-25,5262
2891,中信金,8,0,8,美好-楊梅,2023-10-25,5262
2886,兆豐金,8,0,8,美好-楊梅,2023-10-25,5262
1101,台泥,8,0,8,美好-楊梅,2023-10-25,5262
2353,宏��,8,0,8,美好-楊梅,2023-10-25,5262
2457,飛宏,42,34,8,美好-楊梅,2023-10-25,5262
2618,長榮航,10,2,8,美好-楊梅,2023-10-25,5262
8076,伍豐,8,0,8,美好-楊梅,2023-10-25,5262
2382,廣達,18,11,7,美好-楊梅,2023-10-25,5262
1303,南亞,7,0,7,美好-楊梅,2023-10-25,5262
1618,合機,20,13,7,美好-楊梅,2023-10-25,5262
2025,千興,7,0,7,美好-楊梅,2023-10-25,5262
2516,新建,8,1,7,美好-楊梅,2023-10-25,5262
00929,復華台灣科技優息,208,2,206,美好-楊梅,2023-10-26,5262
6573,虹揚-KY,75,4,71,美好-楊梅,2023-10-26,5262
1721,三晃,85,21,64,美好-楊梅,2023-10-26,5262
0056,元大高股息,63,0,63,美好-楊梅,2023-10-26,5262
1449,佳和,60,0,60,美好-楊梅,2023-10-26,5262
2537,聯上發,50,0,50,美好-楊梅,2023-10-26,5262
2303,聯電,54,7,47,美好-楊梅,2023-10-26,5262
2392,正崴,30,0,30,美好-楊梅,2023-10-26,5262
2457,飛宏,30,2,28,美好-楊梅,2023-10-26,5262
2883,凱基金,29,1,28,美好-楊梅,2023-10-26,5262
2887,台新金,32,4,28,美好-楊梅,2023-10-26,5262
00878,國泰永續高股息,55,32,23,美好-楊梅,2023-10-26,5262
00919,群益台灣精選高息,32,10,22,美好-楊梅,2023-10-26,5262
1529,樂事綠能,20,0,20,美好-楊梅,2023-10-26,5262
2355,敬鵬,22,2,20,美好-楊梅,2023-10-26,5262
3339,泰谷,20,0,20,美好-楊梅,2023-10-26,5262
00881,國泰台灣5G+,17,0,17,美好-楊梅,2023-10-26,5262
00888,永豐台灣ESG,17,0,17,美好-楊梅,2023-10-26,5262
2330,台積電,17,1,16,美好-楊梅,2023-10-26,5262
1301,台塑,16,0,16,美好-楊梅,2023-10-26,5262
2337,旺宏,17,1,16,美好-楊梅,2023-10-26,5262
3481,群創,22,6,16,美好-楊梅,2023-10-26,5262
00885,富邦越南,13,0,13,美好-楊梅,2023-10-26,5262
1471,首利,13,0,13,美好-楊梅,2023-10-26,5262
00680L,元大美債20正2,11,0,11,美好-楊梅,2023-10-26,5262
00900,富邦特選高股息30,12,2,10,美好-楊梅,2023-10-26,5262
00724B,群益投資級金融債,10,0,10,美好-楊梅,2023-10-26,5262
2449,京元電子,13,3,10,美好-楊梅,2023-10-26,5262
3019,亞光,10,0,10,美好-楊梅,2023-10-26,5262
9914,美利達,10,0,10,美好-楊梅,2023-10-26,5262
006208,富邦台50,9,0,9,美好-楊梅,2023-10-26,5262
2465,麗臺,17,8,9,美好-楊梅,2023-10-26,5262
3207,耀勝,11,2,9,美好-楊梅,2023-10-26,5262
6770,力積電,10,1,9,美好-楊梅,2023-10-26,5262
3037,欣興,9,0,9,美好-楊梅,2023-10-26,5262
6531,愛普*,8,0,8,美好-楊梅,2023-10-26,5262
00631L,元大台灣50正2,8,0,8,美好-楊梅,2023-10-26,5262
2201,裕隆,12,4,8,美好-楊梅,2023-10-26,5262
2409,友達,8,0,8,美好-楊梅,2023-10-26,5262
2436,偉詮電,10,2,8,美好-楊梅,2023-10-26,5262
2485,兆赫,8,0,8,美好-楊梅,2023-10-26,5262
2515,中工,8,0,8,美好-楊梅,2023-10-26,5262
2816,旺旺保,17,9,8,美好-楊梅,2023-10-26,5262
3450,聯鈞,13,5,8,美好-楊梅,2023-10-26,5262
6550,北極星藥業-KY,9,1,8,美好-楊梅,2023-10-26,5262
1609,大亞,7,0,7,美好-楊梅,2023-10-26,5262
00902,中信電池及儲能,7,0,7,美好-楊梅,2023-10-26,5262
1303,南亞,8,1,7,美好-楊梅,2023-10-26,5262
2002,中鋼,12,5,7,美好-楊梅,2023-10-26,5262
2368,金像電,9,2,7,美好-楊梅,2023-10-26,5262
00929,復華台灣科技優息,68,1,67,美好-楊梅,2023-10-27,5262
9105,泰金寶-DR,62,0,62,美好-楊梅,2023-10-27,5262
2303,聯電,53,5,48,美好-楊梅,2023-10-27,5262
00632R,元大台灣50反1,40,0,40,美好-楊梅,2023-10-27,5262
2317,鴻海,31,1,30,美好-楊梅,2023-10-27,5262
3339,泰谷,30,0,30,美好-楊梅,2023-10-27,5262
6573,虹揚-KY,28,0,28,美好-楊梅,2023-10-27,5262
2382,廣達,32,7,25,美好-楊梅,2023-10-27,5262
4739,康普,23,0,23,美好-楊梅,2023-10-27,5262
6789,采鈺,22,1,21,美好-楊梅,2023-10-27,5262
1605,華新,20,0,20,美好-楊梅,2023-10-27,5262
2402,毅嘉,22,2,20,美好-楊梅,2023-10-27,5262
2329,華泰,124,105,19,美好-楊梅,2023-10-27,5262
2409,友達,20,2,18,美好-楊梅,2023-10-27,5262
2388,威盛,23,6,17,美好-楊梅,2023-10-27,5262
2883,凱基金,18,1,17,美好-楊梅,2023-10-27,5262
1216,統一,17,0,17,美好-楊梅,2023-10-27,5262
00712,復華富時不動產,16,0,16,美好-楊梅,2023-10-27,5262
3081,聯亞,16,0,16,美好-楊梅,2023-10-27,5262
3260,威剛,17,2,15,美好-楊梅,2023-10-27,5262
00919,群益台灣精選高息,15,0,15,美好-楊梅,2023-10-27,5262
00885,富邦越南,14,0,14,美好-楊梅,2023-10-27,5262
2328,廣宇,13,0,13,美好-楊梅,2023-10-27,5262
3710,連展投控,15,2,13,美好-楊梅,2023-10-27,5262
4960,誠美材,14,1,13,美好-楊梅,2023-10-27,5262
2369,菱生,16,4,12,美好-楊梅,2023-10-27,5262
2356,英業達,30,18,12,美好-楊梅,2023-10-27,5262
1449,佳和,10,0,10,美好-楊梅,2023-10-27,5262
3163,波若威,10,0,10,美好-楊梅,2023-10-27,5262
3615,安可,10,0,10,美好-楊梅,2023-10-27,5262
6461,益得,10,0,10,美好-楊梅,2023-10-27,5262
6689,伊雲谷,10,0,10,美好-楊梅,2023-10-27,5262
1718,中纖,9,0,9,美好-楊梅,2023-10-27,5262
2371,大同,19,10,9,美好-楊梅,2023-10-27,5262
3265,台星科,9,0,9,美好-楊梅,2023-10-27,5262
6237,驊訊,13,5,8,美好-楊梅,2023-10-27,5262
00720B,元大投資級公司債,8,0,8,美好-楊梅,2023-10-27,5262
6219,富旺,8,0,8,美好-楊梅,2023-10-27,5262
1303,南亞,7,0,7,美好-楊梅,2023-10-27,5262
2455,全新,7,0,7,美好-楊梅,2023-10-27,5262
2701,萬企,7,0,7,美好-楊梅,2023-10-27,5262
6139,亞翔,10,3,7,美好-楊梅,2023-10-27,5262
2344,華邦電,8,1,7,美好-楊梅,2023-10-27,5262
5880,合庫金,8,1,7,美好-楊梅,2023-10-27,5262
0056,元大高股息,19,13,6,美好-楊梅,2023-10-27,5262
3017,奇鋐,7,1,6,美好-楊梅,2023-10-27,5262
3268,海德威,6,0,6,美好-楊梅,2023-10-27,5262
3450,聯鈞,8,2,6,美好-楊梅,2023-10-27,5262
6593,台灣銘板,6,0,6,美好-楊梅,2023-10-27,5262
00900,富邦特選高股息30,5,0,5,美好-楊梅,2023-10-27,5262
2317,鴻海,91,12,79,美好-楊梅,2023-10-30,5262
00712,復華富時不動產,34,0,34,美好-楊梅,2023-10-30,5262
2618,長榮航,46,13,33,美好-楊梅,2023-10-30,5262
2883,凱基金,32,0,32,美好-楊梅,2023-10-30,5262
8093,保銳,34,3,31,美好-楊梅,2023-10-30,5262
00752,中信中國50,30,0,30,美好-楊梅,2023-10-30,5262
00929,復華台灣科技優息,31,10,21,美好-楊梅,2023-10-30,5262
2344,華邦電,20,1,19,美好-楊梅,2023-10-30,5262
2884,玉山金,19,0,19,美好-楊梅,2023-10-30,5262
2485,兆赫,51,35,16,美好-楊梅,2023-10-30,5262
2887,台新金,15,0,15,美好-楊梅,2023-10-30,5262
0056,元大高股息,18,5,13,美好-楊梅,2023-10-30,5262
3231,緯創,29,16,13,美好-楊梅,2023-10-30,5262
2356,英業達,20,7,13,美好-楊梅,2023-10-30,5262
00680L,元大美債20正2,12,0,12,美好-楊梅,2023-10-30,5262
3264,欣銓,12,0,12,美好-楊梅,2023-10-30,5262
8054,安國,32,20,12,美好-楊梅,2023-10-30,5262
2885,元大金,11,0,11,美好-楊梅,2023-10-30,5262
1210,大成,10,0,10,美好-楊梅,2023-10-30,5262
00679B,元大美債20年,10,0,10,美好-楊梅,2023-10-30,5262
00687B,國泰20年美債,10,0,10,美好-楊梅,2023-10-30,5262
1449,佳和,10,0,10,美好-楊梅,2023-10-30,5262
2354,鴻準,11,1,10,美好-楊梅,2023-10-30,5262
5521,工信,10,0,10,美好-楊梅,2023-10-30,5262
6216,居易,17,7,10,美好-楊梅,2023-10-30,5262
9105,泰金寶-DR,10,0,10,美好-楊梅,2023-10-30,5262
3030,德律,9,0,9,美好-楊梅,2023-10-30,5262
9950,萬國通,13,4,9,美好-楊梅,2023-10-30,5262
00632R,元大台灣50反1,8,0,8,美好-楊梅,2023-10-30,5262
00878,國泰永續高股息,8,0,8,美好-楊梅,2023-10-30,5262
3669,圓展,15,8,7,美好-楊梅,2023-10-30,5262
6150,撼訊,13,6,7,美好-楊梅,2023-10-30,5262
3363,上詮,19,12,7,美好-楊梅,2023-10-30,5262
2888,新光金,6,0,6,美好-楊梅,2023-10-30,5262
4960,誠美材,12,6,6,美好-楊梅,2023-10-30,5262
5215,科嘉-KY,11,5,6,美好-楊梅,2023-10-30,5262
6282,康舒,8,2,6,美好-楊梅,2023-10-30,5262
2886,兆豐金,5,0,5,美好-楊梅,2023-10-30,5262
00751B,元大AAA至A公司債,5,0,5,美好-楊梅,2023-10-30,5262
00690,兆豐藍籌30,5,0,5,美好-楊梅,2023-10-30,5262
2206,三陽工業,6,1,5,美好-楊梅,2023-10-30,5262
2365,昆盈,5,0,5,美好-楊梅,2023-10-30,5262
2610,華航,7,2,5,美好-楊梅,2023-10-30,5262
2701,萬企,5,0,5,美好-楊梅,2023-10-30,5262
3675,德微,6,1,5,美好-楊梅,2023-10-30,5262
6265,方土昶,5,0,5,美好-楊梅,2023-10-30,5262
9955,佳龍,15,10,5,美好-楊梅,2023-10-30,5262
3481,群創,18,14,4,美好-楊梅,2023-10-30,5262
1301,台塑,4,0,4,美好-楊梅,2023-10-30,5262
1524,耿鼎,105,101,4,美好-楊梅,2023-10-30,5262
00885,富邦越南,263,0,263,美好-楊梅,2023-10-31,5262
9105,泰金寶-DR,125,0,125,美好-楊梅,2023-10-31,5262
2889,國票金,71,0,71,美好-楊梅,2023-10-31,5262
2382,廣達,72,10,62,美好-楊梅,2023-10-31,5262
1524,耿鼎,82,25,57,美好-楊梅,2023-10-31,5262
0056,元大高股息,112,60,52,美好-楊梅,2023-10-31,5262
3105,穩懋,66,19,47,美好-楊梅,2023-10-31,5262
1449,佳和,30,0,30,美好-楊梅,2023-10-31,5262
00929,復華台灣科技優息,49,21,28,美好-楊梅,2023-10-31,5262
3231,緯創,42,15,27,美好-楊梅,2023-10-31,5262
2363,矽統,30,5,25,美好-楊梅,2023-10-31,5262
2809,京城銀,24,0,24,美好-楊梅,2023-10-31,5262
2867,三商壽,22,0,22,美好-楊梅,2023-10-31,5262
2313,華通,52,32,20,美好-楊梅,2023-10-31,5262
2301,光寶科,22,2,20,美好-楊梅,2023-10-31,5262
1785,光洋科,20,0,20,美好-楊梅,2023-10-31,5262
2337,旺宏,21,1,20,美好-楊梅,2023-10-31,5262
5521,工信,20,0,20,美好-楊梅,2023-10-31,5262
2609,陽明,53,35,18,美好-楊梅,2023-10-31,5262
3710,連展投控,17,0,17,美好-楊梅,2023-10-31,5262
00902,中信電池及儲能,16,0,16,美好-楊梅,2023-10-31,5262
5009,榮剛,16,0,16,美好-楊梅,2023-10-31,5262
6168,宏齊,23,7,16,美好-楊梅,2023-10-31,5262
6461,益得,17,1,16,美好-楊梅,2023-10-31,5262
2887,台新金,16,1,15,美好-楊梅,2023-10-31,5262
2344,華邦電,17,2,15,美好-楊梅,2023-10-31,5262
5302,太欣,15,0,15,美好-楊梅,2023-10-31,5262
8176,智捷,14,0,14,美好-楊梅,2023-10-31,5262
4739,康普,23,10,13,美好-楊梅,2023-10-31,5262
00878,國泰永續高股息,15,2,13,美好-楊梅,2023-10-31,5262
2834,臺企銀,13,0,13,美好-楊梅,2023-10-31,5262
00893,國泰智能電動車,11,0,11,美好-楊梅,2023-10-31,5262
2454,聯發科,10,0,10,美好-楊梅,2023-10-31,5262
00888,永豐台灣ESG,10,0,10,美好-楊梅,2023-10-31,5262
1714,和桐,10,0,10,美好-楊梅,2023-10-31,5262
1802,台玻,10,0,10,美好-楊梅,2023-10-31,5262
2399,映泰,10,0,10,美好-楊梅,2023-10-31,5262
2883,凱基金,10,0,10,美好-楊梅,2023-10-31,5262
2897,王道銀行,10,0,10,美好-楊梅,2023-10-31,5262
3011,今皓,11,1,10,美好-楊梅,2023-10-31,5262
4933,友輝,13,3,10,美好-楊梅,2023-10-31,5262
6116,彩晶,17,7,10,美好-楊梅,2023-10-31,5262
6443,元晶,12,2,10,美好-楊梅,2023-10-31,5262
1514,亞力,10,1,9,美好-楊梅,2023-10-31,5262
2408,南亞科,20,11,9,美好-楊梅,2023-10-31,5262
2618,長榮航,20,11,9,美好-楊梅,2023-10-31,5262
4960,誠美材,11,2,9,美好-楊梅,2023-10-31,5262
6271,同欣電,9,0,9,美好-楊梅,2023-10-31,5262
2485,兆赫,8,0,8,美好-楊梅,2023-10-31,5262
3162,精確,8,0,8,美好-楊梅,2023-10-31,5262
00712,復華富時不動產,120,2,118,美好-楊梅,2023-11-01,5262
00929,復華台灣科技優息,81,1,80,美好-楊梅,2023-11-01,5262
00715L,期街口布蘭特正2,56,0,56,美好-楊梅,2023-11-01,5262
1324,地球,56,5,51,美好-楊梅,2023-11-01,5262
6770,力積電,48,3,45,美好-楊梅,2023-11-01,5262
00878,國泰永續高股息,51,10,41,美好-楊梅,2023-11-01,5262
2409,友達,40,2,38,美好-楊梅,2023-11-01,5262
1605,華新,35,3,32,美好-楊梅,2023-11-01,5262
00935,野村臺灣新科技50,27,0,27,美好-楊梅,2023-11-01,5262
2887,台新金,24,0,24,美好-楊梅,2023-11-01,5262
4915,致伸,25,2,23,美好-楊梅,2023-11-01,5262
2390,云辰,20,1,19,美好-楊梅,2023-11-01,5262
00679B,元大美債20年,18,1,17,美好-楊梅,2023-11-01,5262
2363,矽統,18,1,17,美好-楊梅,2023-11-01,5262
3035,智原,38,21,17,美好-楊梅,2023-11-01,5262
00934,中信成長高股息,16,0,16,美好-楊梅,2023-11-01,5262
1449,佳和,13,0,13,美好-楊梅,2023-11-01,5262
2371,大同,13,0,13,美好-楊梅,2023-11-01,5262
6443,元晶,13,0,13,美好-楊梅,2023-11-01,5262
6461,益得,13,0,13,美好-楊梅,2023-11-01,5262
00680L,元大美債20正2,12,0,12,美好-楊梅,2023-11-01,5262
2233,宇隆,12,0,12,美好-楊梅,2023-11-01,5262
9105,泰金寶-DR,15,3,12,美好-楊梅,2023-11-01,5262
00751B,元大AAA至A公司債,11,0,11,美好-楊梅,2023-11-01,5262
8064,東捷,10,0,10,美好-楊梅,2023-11-01,5262
2457,飛宏,15,5,10,美好-楊梅,2023-11-01,5262
3176,基亞,12,3,9,美好-楊梅,2023-11-01,5262
6284,佳邦,14,5,9,美好-楊梅,2023-11-01,5262
2353,宏��,8,0,8,美好-楊梅,2023-11-01,5262
2897,王道銀行,8,0,8,美好-楊梅,2023-11-01,5262
00885,富邦越南,8,1,7,美好-楊梅,2023-11-01,5262
1789,神隆,7,0,7,美好-楊梅,2023-11-01,5262
3041,揚智,8,1,7,美好-楊梅,2023-11-01,5262
4108,懷特,7,0,7,美好-楊梅,2023-11-01,5262
6182,合晶,12,5,7,美好-楊梅,2023-11-01,5262
1907,永豐餘,6,0,6,美好-楊梅,2023-11-01,5262
3545,敦泰,6,0,6,美好-楊梅,2023-11-01,5262
6202,盛群,6,0,6,美好-楊梅,2023-11-01,5262
9950,萬國通,10,4,6,美好-楊梅,2023-11-01,5262
1301,台塑,5,0,5,美好-楊梅,2023-11-01,5262
00933B,國泰10Y+金融債,5,0,5,美好-楊梅,2023-11-01,5262
00719B,元大美債1-3,5,0,5,美好-楊梅,2023-11-01,5262
2006,東和鋼鐵,5,0,5,美好-楊梅,2023-11-01,5262
3687,歐買尬,5,0,5,美好-楊梅,2023-11-01,5262
6116,彩晶,15,10,5,美好-楊梅,2023-11-01,5262
00919,群益台灣精選高息,4,0,4,美好-楊梅,2023-11-01,5262
6274,台燿,5,1,4,美好-楊梅,2023-11-01,5262
1303,南亞,7,3,4,美好-楊梅,2023-11-01,5262
2206,三陽工業,4,0,4,美好-楊梅,2023-11-01,5262
2406,國碩,4,0,4,美好-楊梅,2023-11-01,5262
00632R,元大台灣50反1,107,0,107,美好-楊梅,2023-11-02,5262
2537,聯上發,105,0,105,美好-楊梅,2023-11-02,5262
1314,中石化,54,2,52,美好-楊梅,2023-11-02,5262
3520,華盈,45,0,45,美好-楊梅,2023-11-02,5262
00878,國泰永續高股息,29,3,26,美好-楊梅,2023-11-02,5262
00934,中信成長高股息,27,2,25,美好-楊梅,2023-11-02,5262
00674R,期元大S＆P黃金反1,20,0,20,美好-楊梅,2023-11-02,5262
8085,福華,20,0,20,美好-楊梅,2023-11-02,5262
2883,凱基金,43,25,18,美好-楊梅,2023-11-02,5262
00637L,元大滬深300正2,16,0,16,美好-楊梅,2023-11-02,5262
00719B,元大美債1-3,15,0,15,美好-楊梅,2023-11-02,5262
3268,海德威,15,0,15,美好-楊梅,2023-11-02,5262
3481,群創,35,22,13,美好-楊梅,2023-11-02,5262
00642U,期元大S＆P石油,10,0,10,美好-楊梅,2023-11-02,5262
1609,大亞,10,0,10,美好-楊梅,2023-11-02,5262
1789,神隆,10,0,10,美好-楊梅,2023-11-02,5262
1907,永豐餘,10,0,10,美好-楊梅,2023-11-02,5262
3092,鴻碩,10,0,10,美好-楊梅,2023-11-02,5262
4960,誠美材,10,0,10,美好-楊梅,2023-11-02,5262
00720B,元大投資級公司債,9,0,9,美好-楊梅,2023-11-02,5262
1708,東鹼,9,0,9,美好-楊梅,2023-11-02,5262
2208,台船,9,0,9,美好-楊梅,2023-11-02,5262
2355,敬鵬,9,0,9,美好-楊梅,2023-11-02,5262
2465,麗臺,10,1,9,美好-楊梅,2023-11-02,5262
2425,承啟,8,0,8,美好-楊梅,2023-11-02,5262
2611,志信,6,0,6,美好-楊梅,2023-11-02,5262
2891,中信金,6,0,6,美好-楊梅,2023-11-02,5262
6168,宏齊,7,1,6,美好-楊梅,2023-11-02,5262
2812,台中銀,6,0,6,美好-楊梅,2023-11-02,5262
1519,華城,6,1,5,美好-楊梅,2023-11-02,5262
1582,信錦,5,0,5,美好-楊梅,2023-11-02,5262
2515,中工,5,0,5,美好-楊梅,2023-11-02,5262
3234,光環,7,2,5,美好-楊梅,2023-11-02,5262
6164,華興,5,0,5,美好-楊梅,2023-11-02,5262
6265,方土昶,5,0,5,美好-楊梅,2023-11-02,5262
2337,旺宏,5,1,4,美好-楊梅,2023-11-02,5262
3338,泰碩,7,3,4,美好-楊梅,2023-11-02,5262
3710,連展投控,8,4,4,美好-楊梅,2023-11-02,5262
4743,合一,4,0,4,美好-楊梅,2023-11-02,5262
00931B,統一美債20年,3,0,3,美好-楊梅,2023-11-02,5262
1618,合機,3,0,3,美好-楊梅,2023-11-02,5262
2356,英業達,22,19,3,美好-楊梅,2023-11-02,5262
2406,國碩,3,0,3,美好-楊梅,2023-11-02,5262
2455,全新,3,0,3,美好-楊梅,2023-11-02,5262
3311,閎暉,3,0,3,美好-楊梅,2023-11-02,5262
3523,迎輝,3,0,3,美好-楊梅,2023-11-02,5262
4104,佳醫,3,0,3,美好-楊梅,2023-11-02,5262
4529,淳紳,3,0,3,美好-楊梅,2023-11-02,5262
5498,凱崴,3,0,3,美好-楊梅,2023-11-02,5262
6150,撼訊,8,5,3,美好-楊梅,2023-11-02,5262
00929,復華台灣科技優息,398,60,338,美好-楊梅,2023-11-03,5262
8936,國統,101,4,97,美好-楊梅,2023-11-03,5262
3055,蔚華科,88,0,88,美好-楊梅,2023-11-03,5262
1314,中石化,77,0,77,美好-楊梅,2023-11-03,5262
00664R,國泰臺灣加權反1,50,0,50,美好-楊梅,2023-11-03,5262
1815,富喬,54,11,43,美好-楊梅,2023-11-03,5262
8150,南茂,40,0,40,美好-楊梅,2023-11-03,5262
00720B,元大投資級公司債,39,0,39,美好-楊梅,2023-11-03,5262
2329,華泰,45,8,37,美好-楊梅,2023-11-03,5262
2363,矽統,170,137,33,美好-楊梅,2023-11-03,5262
2610,華航,115,89,26,美好-楊梅,2023-11-03,5262
00772B,中信高評級公司債,24,0,24,美好-楊梅,2023-11-03,5262
6150,撼訊,22,0,22,美好-楊梅,2023-11-03,5262
00934,中信成長高股息,23,2,21,美好-楊梅,2023-11-03,5262
00674R,期元大S＆P黃金反1,20,0,20,美好-楊梅,2023-11-03,5262
00671R,富邦NASDAQ反1,20,0,20,美好-楊梅,2023-11-03,5262
2208,台船,21,2,19,美好-楊梅,2023-11-03,5262
6442,光聖,17,2,15,美好-楊梅,2023-11-03,5262
3545,敦泰,16,2,14,美好-楊梅,2023-11-03,5262
3092,鴻碩,13,0,13,美好-楊梅,2023-11-03,5262
3094,聯傑,16,3,13,美好-楊梅,2023-11-03,5262
00751B,元大AAA至A公司債,17,5,12,美好-楊梅,2023-11-03,5262
3213,茂訊,11,0,11,美好-楊梅,2023-11-03,5262
00935,野村臺灣新科技50,11,0,11,美好-楊梅,2023-11-03,5262
2486,一詮,126,115,11,美好-楊梅,2023-11-03,5262
6164,華興,11,0,11,美好-楊梅,2023-11-03,5262
00931B,統一美債20年,10,0,10,美好-楊梅,2023-11-03,5262
1217,愛之味,10,0,10,美好-楊梅,2023-11-03,5262
2356,英業達,20,10,10,美好-楊梅,2023-11-03,5262
3017,奇鋐,11,1,10,美好-楊梅,2023-11-03,5262
3419,譁裕,10,0,10,美好-楊梅,2023-11-03,5262
5475,德宏,10,0,10,美好-楊梅,2023-11-03,5262
2301,光寶科,13,4,9,美好-楊梅,2023-11-03,5262
2883,凱基金,27,18,9,美好-楊梅,2023-11-03,5262
2382,廣達,11,3,8,美好-楊梅,2023-11-03,5262
1785,光洋科,8,0,8,美好-楊梅,2023-11-03,5262
2337,旺宏,8,0,8,美好-楊梅,2023-11-03,5262
2364,倫飛,8,0,8,美好-楊梅,2023-11-03,5262
6235,華孚,13,5,8,美好-楊梅,2023-11-03,5262
6243,迅杰,8,0,8,美好-楊梅,2023-11-03,5262
4915,致伸,7,0,7,美好-楊梅,2023-11-03,5262
2387,精元,7,1,6,美好-楊梅,2023-11-03,5262
00712,復華富時不動產,17,11,6,美好-楊梅,2023-11-03,5262
4919,新唐,8,2,6,美好-楊梅,2023-11-03,5262
2454,聯發科,5,0,5,美好-楊梅,2023-11-03,5262
00636,國泰中國A50,5,0,5,美好-楊梅,2023-11-03,5262
1760,寶齡富錦,5,0,5,美好-楊梅,2023-11-03,5262
2358,廷鑫,6,1,5,美好-楊梅,2023-11-03,5262
2440,太空梭,5,0,5,美好-楊梅,2023-11-03,5262
2538,基泰,5,0,5,美好-楊梅,2023-11-03,5262
00715L,期街口布蘭特正2,75,0,75,美好-楊梅,2023-11-06,5262
00632R,元大台灣50反1,70,0,70,美好-楊梅,2023-11-06,5262
2363,矽統,129,61,68,美好-楊梅,2023-11-06,5262
00878,國泰永續高股息,55,12,43,美好-楊梅,2023-11-06,5262
4967,十銓,52,10,42,美好-楊梅,2023-11-06,5262
3036,文曄,43,5,38,美好-楊梅,2023-11-06,5262
1721,三晃,37,3,34,美好-楊梅,2023-11-06,5262
2314,台揚,21,0,21,美好-楊梅,2023-11-06,5262
3094,聯傑,22,1,21,美好-楊梅,2023-11-06,5262
6125,廣運,20,0,20,美好-楊梅,2023-11-06,5262
9105,泰金寶-DR,20,0,20,美好-楊梅,2023-11-06,5262
00642U,期元大S＆P石油,20,2,18,美好-楊梅,2023-11-06,5262
6182,合晶,22,4,18,美好-楊梅,2023-11-06,5262
2329,華泰,133,118,15,美好-楊梅,2023-11-06,5262
5907,大洋-KY,15,0,15,美好-楊梅,2023-11-06,5262
6150,撼訊,14,0,14,美好-楊梅,2023-11-06,5262
6770,力積電,48,34,14,美好-楊梅,2023-11-06,5262
1101,台泥,13,0,13,美好-楊梅,2023-11-06,5262
2371,大同,11,0,11,美好-楊梅,2023-11-06,5262
2408,南亞科,14,3,11,美好-楊梅,2023-11-06,5262
2615,萬海,10,0,10,美好-楊梅,2023-11-06,5262
2388,威盛,41,31,10,美好-楊梅,2023-11-06,5262
00850,元大臺灣ESG永續,10,0,10,美好-楊梅,2023-11-06,5262
00706L,期元大S＆P日圓正2,10,0,10,美好-楊梅,2023-11-06,5262
1504,東元,10,0,10,美好-楊梅,2023-11-06,5262
2809,京城銀,10,0,10,美好-楊梅,2023-11-06,5262
5220,萬達光電,10,0,10,美好-楊梅,2023-11-06,5262
9904,寶成,10,0,10,美好-楊梅,2023-11-06,5262
00934,中信成長高股息,19,10,9,美好-楊梅,2023-11-06,5262
3037,欣興,14,5,9,美好-楊梅,2023-11-06,5262
4105,東洋,9,0,9,美好-楊梅,2023-11-06,5262
0056,元大高股息,23,15,8,美好-楊梅,2023-11-06,5262
2891,中信金,11,3,8,美好-楊梅,2023-11-06,5262
4989,榮科,8,0,8,美好-楊梅,2023-11-06,5262
2337,旺宏,16,9,7,美好-楊梅,2023-11-06,5262
2515,中工,7,0,7,美好-楊梅,2023-11-06,5262
3591,艾笛森,7,0,7,美好-楊梅,2023-11-06,5262
2634,漢翔,7,1,6,美好-楊梅,2023-11-06,5262
8110,華東,8,2,6,美好-楊梅,2023-11-06,5262
9924,福興,6,0,6,美好-楊梅,2023-11-06,5262
2610,華航,20,14,6,美好-楊梅,2023-11-06,5262
2542,興富發,6,0,6,美好-楊梅,2023-11-06,5262
2376,技嘉,11,6,5,美好-楊梅,2023-11-06,5262
00918,大華優利高填息30,5,0,5,美好-楊梅,2023-11-06,5262
2427,三商電,6,1,5,美好-楊梅,2023-11-06,5262
2498,宏達電,9,4,5,美好-楊梅,2023-11-06,5262
3419,譁裕,5,0,5,美好-楊梅,2023-11-06,5262
4534,慶騰,5,0,5,美好-楊梅,2023-11-06,5262
00679B,元大美債20年,4,0,4,美好-楊梅,2023-11-06,5262
2313,華通,9,5,4,美好-楊梅,2023-11-06,5262
2002,中鋼,112,1,111,美好-楊梅,2023-11-07,5262
2610,華航,98,11,87,美好-楊梅,2023-11-07,5262
1324,地球,51,1,50,美好-楊梅,2023-11-07,5262
2329,華泰,48,3,45,美好-楊梅,2023-11-07,5262
00878,國泰永續高股息,41,4,37,美好-楊梅,2023-11-07,5262
2317,鴻海,33,1,32,美好-楊梅,2023-11-07,5262
2748,雲品,34,3,31,美好-楊梅,2023-11-07,5262
2337,旺宏,30,0,30,美好-楊梅,2023-11-07,5262
00772B,中信高評級公司債,24,0,24,美好-楊梅,2023-11-07,5262
2104,國際中橡,20,0,20,美好-楊梅,2023-11-07,5262
5521,工信,20,0,20,美好-楊梅,2023-11-07,5262
4162,智擎,26,7,19,美好-楊梅,2023-11-07,5262
2515,中工,23,5,18,美好-楊梅,2023-11-07,5262
2409,友達,14,0,14,美好-楊梅,2023-11-07,5262
3035,智原,32,19,13,美好-楊梅,2023-11-07,5262
8044,網家,13,0,13,美好-楊梅,2023-11-07,5262
4105,東洋,15,4,11,美好-楊梅,2023-11-07,5262
2888,新光金,10,0,10,美好-楊梅,2023-11-07,5262
2323,中環,10,0,10,美好-楊梅,2023-11-07,5262
2388,威盛,39,29,10,美好-楊梅,2023-11-07,5262
2615,萬海,10,0,10,美好-楊梅,2023-11-07,5262
2897,王道銀行,10,0,10,美好-楊梅,2023-11-07,5262
4973,廣穎,10,0,10,美好-楊梅,2023-11-07,5262
6108,競國,10,0,10,美好-楊梅,2023-11-07,5262
5351,鈺創,12,2,10,美好-楊梅,2023-11-07,5262
2453,凌群,20,11,9,美好-楊梅,2023-11-07,5262
00929,復華台灣科技優息,10,2,8,美好-楊梅,2023-11-07,5262
0056,元大高股息,8,0,8,美好-楊梅,2023-11-07,5262
2313,華通,8,0,8,美好-楊梅,2023-11-07,5262
2324,仁寶,8,0,8,美好-楊梅,2023-11-07,5262
2516,新建,8,0,8,美好-楊梅,2023-11-07,5262
3535,晶彩科,8,0,8,美好-楊梅,2023-11-07,5262
3704,合勤控,18,10,8,美好-楊梅,2023-11-07,5262
9911,櫻花,8,0,8,美好-楊梅,2023-11-07,5262
1319,東陽,11,4,7,美好-楊梅,2023-11-07,5262
2634,漢翔,7,0,7,美好-楊梅,2023-11-07,5262
6285,啟��,7,0,7,美好-楊梅,2023-11-07,5262
9933,中鼎,7,0,7,美好-楊梅,2023-11-07,5262
2376,技嘉,19,13,6,美好-楊梅,2023-11-07,5262
2421,建準,9,3,6,美好-楊梅,2023-11-07,5262
3419,譁裕,6,0,6,美好-楊梅,2023-11-07,5262
8358,金居,6,0,6,美好-楊梅,2023-11-07,5262
9939,宏全,6,0,6,美好-楊梅,2023-11-07,5262
1314,中石化,5,0,5,美好-楊梅,2023-11-07,5262
00933B,國泰10Y+金融債,5,0,5,美好-楊梅,2023-11-07,5262
00919,群益台灣精選高息,13,8,5,美好-楊梅,2023-11-07,5262
00632R,元大台灣50反1,5,0,5,美好-楊梅,2023-11-07,5262
00642U,期元大S＆P石油,5,0,5,美好-楊梅,2023-11-07,5262
1471,首利,5,0,5,美好-楊梅,2023-11-07,5262
1815,富喬,10,5,5,美好-楊梅,2023-11-07,5262
2002,中鋼,118,4,114,美好-楊梅,2023-11-08,5262
2609,陽明,102,3,99,美好-楊梅,2023-11-08,5262
2618,長榮航,195,144,51,美好-楊梅,2023-11-08,5262
00929,復華台灣科技優息,51,4,47,美好-楊梅,2023-11-08,5262
00936,台新永續高息中小,38,0,38,美好-楊梅,2023-11-08,5262
4967,十銓,37,0,37,美好-楊梅,2023-11-08,5262
00712,復華富時不動產,34,0,34,美好-楊梅,2023-11-08,5262
2484,希華,31,1,30,美好-楊梅,2023-11-08,5262
2337,旺宏,32,4,28,美好-楊梅,2023-11-08,5262
2542,興富發,27,0,27,美好-楊梅,2023-11-08,5262
6901,鑽石投資,28,3,25,美好-楊梅,2023-11-08,5262
00715L,期街口布蘭特正2,21,0,21,美好-楊梅,2023-11-08,5262
2897,王道銀行,20,1,19,美好-楊梅,2023-11-08,5262
3176,基亞,20,1,19,美好-楊梅,2023-11-08,5262
2603,長榮,19,2,17,美好-楊梅,2023-11-08,5262
2883,凱基金,20,5,15,美好-楊梅,2023-11-08,5262
3264,欣銓,16,1,15,美好-楊梅,2023-11-08,5262
00878,國泰永續高股息,28,13,15,美好-楊梅,2023-11-08,5262
2636,台驊控股,14,0,14,美好-楊梅,2023-11-08,5262
3540,曜越,14,0,14,美好-楊梅,2023-11-08,5262
3715,定穎投控,15,2,13,美好-楊梅,2023-11-08,5262
6202,盛群,15,2,13,美好-楊梅,2023-11-08,5262
8150,南茂,11,0,11,美好-楊梅,2023-11-08,5262
00687B,國泰20年美債,11,0,11,美好-楊梅,2023-11-08,5262
00674R,期元大S＆P黃金反1,10,0,10,美好-楊梅,2023-11-08,5262
00632R,元大台灣50反1,10,0,10,美好-楊梅,2023-11-08,5262
1789,神隆,10,0,10,美好-楊梅,2023-11-08,5262
6443,元晶,10,0,10,美好-楊梅,2023-11-08,5262
3363,上詮,10,1,9,美好-楊梅,2023-11-08,5262
6127,九豪,9,0,9,美好-楊梅,2023-11-08,5262
6284,佳邦,11,3,8,美好-楊梅,2023-11-08,5262
00934,中信成長高股息,8,0,8,美好-楊梅,2023-11-08,5262
2027,大成鋼,10,2,8,美好-楊梅,2023-11-08,5262
2211,長榮鋼,9,1,8,美好-楊梅,2023-11-08,5262
4105,東洋,11,3,8,美好-楊梅,2023-11-08,5262
3014,聯陽,7,0,7,美好-楊梅,2023-11-08,5262
6285,啟��,7,0,7,美好-楊梅,2023-11-08,5262
00642U,期元大S＆P石油,6,0,6,美好-楊梅,2023-11-08,5262
2390,云辰,6,0,6,美好-楊梅,2023-11-08,5262
2610,華航,9,3,6,美好-楊梅,2023-11-08,5262
2634,漢翔,10,4,6,美好-楊梅,2023-11-08,5262
9924,福興,6,0,6,美好-楊梅,2023-11-08,5262
00918,大華優利高填息30,5,0,5,美好-楊梅,2023-11-08,5262
1781,合世,5,0,5,美好-楊梅,2023-11-08,5262
2017,官田鋼,5,0,5,美好-楊梅,2023-11-08,5262
2204,中華,7,2,5,美好-楊梅,2023-11-08,5262
2243,宏旭-KY,5,0,5,美好-楊梅,2023-11-08,5262
3017,奇鋐,16,11,5,美好-楊梅,2023-11-08,5262
3325,旭品,8,3,5,美好-楊梅,2023-11-08,5262
3390,旭軟,5,0,5,美好-楊梅,2023-11-08,5262
00715L,期街口布蘭特正2,308,50,258,美好-楊梅,2023-11-09,5262
00676R,富邦臺灣加權反1,200,0,200,美好-楊梅,2023-11-09,5262
2610,華航,185,16,169,美好-楊梅,2023-11-09,5262
00936,台新永續高息中小,70,3,67,美好-楊梅,2023-11-09,5262
1324,地球,77,26,51,美好-楊梅,2023-11-09,5262
4906,正文,31,1,30,美好-楊梅,2023-11-09,5262
4533,協易機,40,12,28,美好-楊梅,2023-11-09,5262
3078,僑威,38,14,24,美好-楊梅,2023-11-09,5262
2618,長榮航,25,8,17,美好-楊梅,2023-11-09,5262
00878,國泰永續高股息,18,2,16,美好-楊梅,2023-11-09,5262
6530,創威,15,3,12,美好-楊梅,2023-11-09,5262
1909,榮成,11,0,11,美好-楊梅,2023-11-09,5262
3041,揚智,18,8,10,美好-楊梅,2023-11-09,5262
6158,禾昌,10,0,10,美好-楊梅,2023-11-09,5262
2405,輔信,9,0,9,美好-楊梅,2023-11-09,5262
3704,合勤控,20,11,9,美好-楊梅,2023-11-09,5262
00720B,元大投資級公司債,11,3,8,美好-楊梅,2023-11-09,5262
3308,聯德,8,0,8,美好-楊梅,2023-11-09,5262
00751B,元大AAA至A公司債,8,0,8,美好-楊梅,2023-11-09,5262
6443,元晶,8,0,8,美好-楊梅,2023-11-09,5262
6901,鑽石投資,17,9,8,美好-楊梅,2023-11-09,5262
00679B,元大美債20年,10,3,7,美好-楊梅,2023-11-09,5262
2388,威盛,16,9,7,美好-楊梅,2023-11-09,5262
6182,合晶,7,0,7,美好-楊梅,2023-11-09,5262
2356,英業達,11,4,7,美好-楊梅,2023-11-09,5262
3043,科風,20,13,7,美好-楊梅,2023-11-09,5262
3710,連展投控,11,4,7,美好-楊梅,2023-11-09,5262
4105,東洋,7,0,7,美好-楊梅,2023-11-09,5262
8046,南電,8,2,6,美好-楊梅,2023-11-09,5262
2014,中鴻,6,0,6,美好-楊梅,2023-11-09,5262
2331,精英,8,2,6,美好-楊梅,2023-11-09,5262
2462,良得電,13,7,6,美好-楊梅,2023-11-09,5262
2605,新興,46,40,6,美好-楊梅,2023-11-09,5262
2609,陽明,51,45,6,美好-楊梅,2023-11-09,5262
4967,十銓,27,21,6,美好-楊梅,2023-11-09,5262
8093,保銳,6,0,6,美好-楊梅,2023-11-09,5262
00934,中信成長高股息,5,0,5,美好-楊梅,2023-11-09,5262
1519,華城,6,1,5,美好-楊梅,2023-11-09,5262
00918,大華優利高填息30,6,1,5,美好-楊梅,2023-11-09,5262
00923,群益台ESG低碳50,5,0,5,美好-楊梅,2023-11-09,5262
1802,台玻,5,0,5,美好-楊梅,2023-11-09,5262
2313,華通,8,3,5,美好-楊梅,2023-11-09,5262
2338,光罩,5,0,5,美好-楊梅,2023-11-09,5262
2369,菱生,5,0,5,美好-楊梅,2023-11-09,5262
3545,敦泰,18,13,5,美好-楊梅,2023-11-09,5262
5386,青雲,6,1,5,美好-楊梅,2023-11-09,5262
2376,技嘉,37,33,4,美好-楊梅,2023-11-09,5262
1215,卜蜂,4,0,4,美好-楊梅,2023-11-09,5262
00919,群益台灣精選高息,5,1,4,美好-楊梅,2023-11-09,5262
2344,華邦電,4,0,4,美好-楊梅,2023-11-09,5262
2363,矽統,157,59,98,美好-楊梅,2023-11-10,5262
00676R,富邦臺灣加權反1,90,0,90,美好-楊梅,2023-11-10,5262
3231,緯創,83,42,41,美好-楊梅,2023-11-10,5262
2605,新興,51,10,41,美好-楊梅,2023-11-10,5262
4967,十銓,43,3,40,美好-楊梅,2023-11-10,5262
00687B,國泰20年美債,32,6,26,美好-楊梅,2023-11-10,5262
00885,富邦越南,25,0,25,美好-楊梅,2023-11-10,5262
2610,華航,35,11,24,美好-楊梅,2023-11-10,5262
3545,敦泰,28,5,23,美好-楊梅,2023-11-10,5262
5521,工信,22,0,22,美好-楊梅,2023-11-10,5262
0056,元大高股息,23,2,21,美好-楊梅,2023-11-10,5262
2382,廣達,30,10,20,美好-楊梅,2023-11-10,5262
1529,樂事綠能,20,0,20,美好-楊梅,2023-11-10,5262
2609,陽明,61,42,19,美好-楊梅,2023-11-10,5262
6129,普誠,20,1,19,美好-楊梅,2023-11-10,5262
2615,萬海,18,0,18,美好-楊梅,2023-11-10,5262
2618,長榮航,20,2,18,美好-楊梅,2023-11-10,5262
2317,鴻海,18,2,16,美好-楊梅,2023-11-10,5262
00936,台新永續高息中小,17,2,15,美好-楊梅,2023-11-10,5262
4162,智擎,16,1,15,美好-楊梅,2023-11-10,5262
2201,裕隆,15,0,15,美好-楊梅,2023-11-10,5262
8926,台汽電,15,0,15,美好-楊梅,2023-11-10,5262
4743,合一,30,16,14,美好-楊梅,2023-11-10,5262
00878,國泰永續高股息,19,5,14,美好-楊梅,2023-11-10,5262
6472,保瑞,16,2,14,美好-楊梅,2023-11-10,5262
00931B,統一美債20年,14,0,14,美好-楊梅,2023-11-10,5262
2380,虹光,13,0,13,美好-楊梅,2023-11-10,5262
3189,景碩,15,3,12,美好-楊梅,2023-11-10,5262
1522,堤維西,13,1,12,美好-楊梅,2023-11-10,5262
1582,信錦,13,1,12,美好-楊梅,2023-11-10,5262
00929,復華台灣科技優息,39,28,11,美好-楊梅,2023-11-10,5262
00665L,富邦�琤肭磪囓�2,12,1,11,美好-楊梅,2023-11-10,5262
3481,群創,11,0,11,美好-楊梅,2023-11-10,5262
2891,中信金,12,2,10,美好-楊梅,2023-11-10,5262
2104,國際中橡,10,0,10,美好-楊梅,2023-11-10,5262
2316,楠梓電,10,0,10,美好-楊梅,2023-11-10,5262
2493,揚博,10,0,10,美好-楊梅,2023-11-10,5262
2887,台新金,10,0,10,美好-楊梅,2023-11-10,5262
6127,九豪,10,0,10,美好-楊梅,2023-11-10,5262
2014,中鴻,9,0,9,美好-楊梅,2023-11-10,5262
5351,鈺創,10,1,9,美好-楊梅,2023-11-10,5262
1101,台泥,8,0,8,美好-楊梅,2023-11-10,5262
2498,宏達電,9,1,8,美好-楊梅,2023-11-10,5262
3041,揚智,11,3,8,美好-楊梅,2023-11-10,5262
4188,安克,12,4,8,美好-楊梅,2023-11-10,5262
6194,育富,8,0,8,美好-楊梅,2023-11-10,5262
6526,達發,8,0,8,美好-楊梅,2023-11-10,5262
6547,高端疫苗,7,0,7,美好-楊梅,2023-11-10,5262
00712,復華富時不動產,7,0,7,美好-楊梅,2023-11-10,5262
2352,佳世達,7,0,7,美好-楊梅,2023-11-10,5262
2329,華泰,136,22,114,美好-楊梅,2023-11-13,5262
00715L,期街口布蘭特正2,62,0,62,美好-楊梅,2023-11-13,5262
2382,廣達,49,16,33,美好-楊梅,2023-11-13,5262
00688L,國泰20年美債正2,30,0,30,美好-楊梅,2023-11-13,5262
00931B,統一美債20年,31,3,28,美好-楊梅,2023-11-13,5262
00936,台新永續高息中小,27,2,25,美好-楊梅,2023-11-13,5262
2610,華航,30,6,24,美好-楊梅,2023-11-13,5262
6290,良維,27,4,23,美好-楊梅,2023-11-13,5262
4108,懷特,23,0,23,美好-楊梅,2023-11-13,5262
5381,合正,26,5,21,美好-楊梅,2023-11-13,5262
00878,國泰永續高股息,25,5,20,美好-楊梅,2023-11-13,5262
2897,王道銀行,20,0,20,美好-楊梅,2023-11-13,5262
00665L,富邦�琤肭磪囓�2,17,0,17,美好-楊梅,2023-11-13,5262
2485,兆赫,16,0,16,美好-楊梅,2023-11-13,5262
2636,台驊控股,15,0,15,美好-楊梅,2023-11-13,5262
5607,遠雄港,22,7,15,美好-楊梅,2023-11-13,5262
6248,沛波,15,0,15,美好-楊梅,2023-11-13,5262
3665,貿聯-KY,15,2,13,美好-楊梅,2023-11-13,5262
2376,技嘉,15,3,12,美好-楊梅,2023-11-13,5262
00687B,國泰20年美債,12,0,12,美好-楊梅,2023-11-13,5262
3312,弘憶股,12,0,12,美好-楊梅,2023-11-13,5262
2317,鴻海,15,4,11,美好-楊梅,2023-11-13,5262
6469,大樹,11,0,11,美好-楊梅,2023-11-13,5262
00751B,元大AAA至A公司債,11,0,11,美好-楊梅,2023-11-13,5262
2408,南亞科,15,4,11,美好-楊梅,2023-11-13,5262
1609,大亞,10,0,10,美好-楊梅,2023-11-13,5262
00919,群益台灣精選高息,10,0,10,美好-楊梅,2023-11-13,5262
00706L,期元大S＆P日圓正2,10,0,10,美好-楊梅,2023-11-13,5262
00637L,元大滬深300正2,10,0,10,美好-楊梅,2023-11-13,5262
2337,旺宏,14,4,10,美好-楊梅,2023-11-13,5262
2903,遠百,10,0,10,美好-楊梅,2023-11-13,5262
3078,僑威,14,4,10,美好-楊梅,2023-11-13,5262
5498,凱崴,10,0,10,美好-楊梅,2023-11-13,5262
6112,邁達特,11,2,9,美好-楊梅,2023-11-13,5262
2618,長榮航,39,31,8,美好-楊梅,2023-11-13,5262
3268,海德威,8,0,8,美好-楊梅,2023-11-13,5262
1101,台泥,7,0,7,美好-楊梅,2023-11-13,5262
00720B,元大投資級公司債,7,0,7,美好-楊梅,2023-11-13,5262
8110,華東,7,0,7,美好-楊梅,2023-11-13,5262
2882,國泰金,10,3,7,美好-楊梅,2023-11-13,5262
1216,統一,6,0,6,美好-楊梅,2023-11-13,5262
2377,微星,7,1,6,美好-楊梅,2023-11-13,5262
2605,新興,6,0,6,美好-楊梅,2023-11-13,5262
6142,友勁,6,0,6,美好-楊梅,2023-11-13,5262
6523,達爾膚,6,0,6,美好-楊梅,2023-11-13,5262
2353,宏��,7,1,6,美好-楊梅,2023-11-13,5262
00935,野村臺灣新科技50,5,0,5,美好-楊梅,2023-11-13,5262
00632R,元大台灣50反1,105,100,5,美好-楊梅,2023-11-13,5262
1471,首利,5,0,5,美好-楊梅,2023-11-13,5262
1513,中興電,5,0,5,美好-楊梅,2023-11-13,5262
2883,凱基金,265,0,265,美好-楊梅,2023-11-14,5262
2363,矽統,121,21,100,美好-楊梅,2023-11-14,5262
4967,十銓,91,0,91,美好-楊梅,2023-11-14,5262
2329,華泰,75,27,48,美好-楊梅,2023-11-14,5262
8234,新漢,43,0,43,美好-楊梅,2023-11-14,5262
1815,富喬,48,6,42,美好-楊梅,2023-11-14,5262
00715L,期街口布蘭特正2,40,0,40,美好-楊梅,2023-11-14,5262
6156,松上,28,0,28,美好-楊梅,2023-11-14,5262
6243,迅杰,31,5,26,美好-楊梅,2023-11-14,5262
3231,緯創,43,17,26,美好-楊梅,2023-11-14,5262
8085,福華,25,0,25,美好-楊梅,2023-11-14,5262
1522,堤維西,26,6,20,美好-楊梅,2023-11-14,5262
1799,易威,20,0,20,美好-楊梅,2023-11-14,5262
8088,品安,24,4,20,美好-楊梅,2023-11-14,5262
3704,合勤控,18,1,17,美好-楊梅,2023-11-14,5262
4915,致伸,18,1,17,美好-楊梅,2023-11-14,5262
6248,沛波,15,0,15,美好-楊梅,2023-11-14,5262
1515,力山,30,16,14,美好-楊梅,2023-11-14,5262
2402,毅嘉,20,6,14,美好-楊梅,2023-11-14,5262
4743,合一,17,5,12,美好-楊梅,2023-11-14,5262
6116,彩晶,12,0,12,美好-楊梅,2023-11-14,5262
6415,矽力*-KY,14,2,12,美好-楊梅,2023-11-14,5262
2812,台中銀,11,0,11,美好-楊梅,2023-11-14,5262
2427,三商電,12,1,11,美好-楊梅,2023-11-14,5262
4188,安克,11,0,11,美好-楊梅,2023-11-14,5262
3037,欣興,12,2,10,美好-楊梅,2023-11-14,5262
00706L,期元大S＆P日圓正2,10,0,10,美好-楊梅,2023-11-14,5262
00772B,中信高評級公司債,10,0,10,美好-楊梅,2023-11-14,5262
6770,力積電,13,3,10,美好-楊梅,2023-11-14,5262
1504,東元,12,2,10,美好-楊梅,2023-11-14,5262
00929,復華台灣科技優息,43,33,10,美好-楊梅,2023-11-14,5262
2882,國泰金,10,1,9,美好-楊梅,2023-11-14,5262
00931B,統一美債20年,10,2,8,美好-楊梅,2023-11-14,5262
4953,緯軟,8,0,8,美好-楊梅,2023-11-14,5262
2303,聯電,10,3,7,美好-楊梅,2023-11-14,5262
2369,菱生,11,4,7,美好-楊梅,2023-11-14,5262
4105,東洋,7,0,7,美好-楊梅,2023-11-14,5262
4960,誠美材,10,3,7,美好-楊梅,2023-11-14,5262
3044,健鼎,7,1,6,美好-楊梅,2023-11-14,5262
3276,宇環,6,0,6,美好-楊梅,2023-11-14,5262
4123,晟德,5,0,5,美好-楊梅,2023-11-14,5262
2606,裕民,36,31,5,美好-楊梅,2023-11-14,5262
00633L,富邦上証正2,5,0,5,美好-楊梅,2023-11-14,5262
2201,裕隆,6,1,5,美好-楊梅,2023-11-14,5262
2328,廣宇,5,0,5,美好-楊梅,2023-11-14,5262
2885,元大金,5,0,5,美好-楊梅,2023-11-14,5262
6164,華興,5,0,5,美好-楊梅,2023-11-14,5262
9950,萬國通,10,5,5,美好-楊梅,2023-11-14,5262
4111,濟生,5,0,5,美好-楊梅,2023-11-14,5262
0056,元大高股息,12,8,4,美好-楊梅,2023-11-14,5262
00712,復華富時不動產,130,20,110,美好-楊梅,2023-11-15,5262
00878,國泰永續高股息,103,20,83,美好-楊梅,2023-11-15,5262
3312,弘憶股,70,0,70,美好-楊梅,2023-11-15,5262
2607,榮運,40,0,40,美好-楊梅,2023-11-15,5262
5381,合正,40,3,37,美好-楊梅,2023-11-15,5262
00931B,統一美債20年,35,0,35,美好-楊梅,2023-11-15,5262
00929,復華台灣科技優息,52,19,33,美好-楊梅,2023-11-15,5262
00738U,期元大道瓊白銀,30,0,30,美好-楊梅,2023-11-15,5262
2609,陽明,99,69,30,美好-楊梅,2023-11-15,5262
2897,王道銀行,30,0,30,美好-楊梅,2023-11-15,5262
2449,京元電子,25,0,25,美好-楊梅,2023-11-15,5262
3706,神達,28,5,23,美好-楊梅,2023-11-15,5262
3035,智原,41,19,22,美好-楊梅,2023-11-15,5262
00632R,元大台灣50反1,25,4,21,美好-楊梅,2023-11-15,5262
6248,沛波,19,0,19,美好-楊梅,2023-11-15,5262
2887,台新金,20,5,15,美好-楊梅,2023-11-15,5262
8110,華東,23,8,15,美好-楊梅,2023-11-15,5262
1522,堤維西,14,0,14,美好-楊梅,2023-11-15,5262
2356,英業達,131,118,13,美好-楊梅,2023-11-15,5262
2369,菱生,23,10,13,美好-楊梅,2023-11-15,5262
3017,奇鋐,15,2,13,美好-楊梅,2023-11-15,5262
1515,力山,14,2,12,美好-楊梅,2023-11-15,5262
8176,智捷,12,0,12,美好-楊梅,2023-11-15,5262
9928,中視,13,1,12,美好-楊梅,2023-11-15,5262
2462,良得電,14,3,11,美好-楊梅,2023-11-15,5262
2867,三商壽,21,10,11,美好-楊梅,2023-11-15,5262
00715L,期街口布蘭特正2,10,0,10,美好-楊梅,2023-11-15,5262
2515,中工,10,0,10,美好-楊梅,2023-11-15,5262
3444,利機,10,0,10,美好-楊梅,2023-11-15,5262
6275,元山,10,0,10,美好-楊梅,2023-11-15,5262
2402,毅嘉,27,17,10,美好-楊梅,2023-11-15,5262
2498,宏達電,12,3,9,美好-楊梅,2023-11-15,5262
3044,健鼎,9,0,9,美好-楊梅,2023-11-15,5262
00919,群益台灣精選高息,12,3,9,美好-楊梅,2023-11-15,5262
2425,承啟,22,14,8,美好-楊梅,2023-11-15,5262
6139,亞翔,9,1,8,美好-楊梅,2023-11-15,5262
3548,兆利,35,28,7,美好-楊梅,2023-11-15,5262
6158,禾昌,10,3,7,美好-楊梅,2023-11-15,5262
3078,僑威,9,2,7,美好-楊梅,2023-11-15,5262
3362,先進光,6,0,6,美好-楊梅,2023-11-15,5262
2329,華泰,48,42,6,美好-楊梅,2023-11-15,5262
1907,永豐餘,6,0,6,美好-楊梅,2023-11-15,5262
2353,宏��,6,0,6,美好-楊梅,2023-11-15,5262
3005,神基,7,1,6,美好-楊梅,2023-11-15,5262
00933B,國泰10Y+金融債,5,0,5,美好-楊梅,2023-11-15,5262
3450,聯鈞,18,13,5,美好-楊梅,2023-11-15,5262
00719B,元大美債1-3,5,0,5,美好-楊梅,2023-11-15,5262
1453,大將,7,2,5,美好-楊梅,2023-11-15,5262
2337,旺宏,15,10,5,美好-楊梅,2023-11-15,5262
2431,聯昌,5,0,5,美好-楊梅,2023-11-15,5262
00632R,元大台灣50反1,225,0,225,美好-楊梅,2023-11-16,5262
00885,富邦越南,109,0,109,美好-楊梅,2023-11-16,5262
2417,圓剛,114,45,69,美好-楊梅,2023-11-16,5262
00878,國泰永續高股息,79,10,69,美好-楊梅,2023-11-16,5262
00929,復華台灣科技優息,79,17,62,美好-楊梅,2023-11-16,5262
00715L,期街口布蘭特正2,40,0,40,美好-楊梅,2023-11-16,5262
8234,新漢,36,0,36,美好-楊梅,2023-11-16,5262
9950,萬國通,38,2,36,美好-楊梅,2023-11-16,5262
4967,十銓,75,41,34,美好-楊梅,2023-11-16,5262
2344,華邦電,67,34,33,美好-楊梅,2023-11-16,5262
3312,弘憶股,30,0,30,美好-楊梅,2023-11-16,5262
00679B,元大美債20年,28,0,28,美好-楊梅,2023-11-16,5262
2356,英業達,52,26,26,美好-楊梅,2023-11-16,5262
00751B,元大AAA至A公司債,17,0,17,美好-楊梅,2023-11-16,5262
1314,中石化,17,0,17,美好-楊梅,2023-11-16,5262
2382,廣達,33,17,16,美好-楊梅,2023-11-16,5262
4934,太極,16,0,16,美好-楊梅,2023-11-16,5262
00933B,國泰10Y+金融債,15,0,15,美好-楊梅,2023-11-16,5262
2367,燿華,16,1,15,美好-楊梅,2023-11-16,5262
2352,佳世達,14,0,14,美好-楊梅,2023-11-16,5262
6290,良維,14,1,13,美好-楊梅,2023-11-16,5262
00687B,國泰20年美債,13,0,13,美好-楊梅,2023-11-16,5262
2736,富野,17,5,12,美好-楊梅,2023-11-16,5262
2705,六福,11,0,11,美好-楊梅,2023-11-16,5262
4945,陞達科技,18,7,11,美好-楊梅,2023-11-16,5262
5704,老爺知,13,2,11,美好-楊梅,2023-11-16,5262
2425,承啟,10,0,10,美好-楊梅,2023-11-16,5262
4128,中天,11,1,10,美好-楊梅,2023-11-16,5262
6672,騰輝電子-KY,10,0,10,美好-楊梅,2023-11-16,5262
9907,統一實,10,0,10,美好-楊梅,2023-11-16,5262
00931B,統一美債20年,9,0,9,美好-楊梅,2023-11-16,5262
1605,華新,15,7,8,美好-楊梅,2023-11-16,5262
1710,東聯,8,0,8,美好-楊梅,2023-11-16,5262
2371,大同,21,13,8,美好-楊梅,2023-11-16,5262
2498,宏達電,8,0,8,美好-楊梅,2023-11-16,5262
6150,撼訊,10,2,8,美好-楊梅,2023-11-16,5262
5351,鈺創,18,11,7,美好-楊梅,2023-11-16,5262
00680L,元大美債20正2,7,0,7,美好-楊梅,2023-11-16,5262
1504,東元,9,2,7,美好-楊梅,2023-11-16,5262
2208,台船,7,0,7,美好-楊梅,2023-11-16,5262
3149,正達,7,0,7,美好-楊梅,2023-11-16,5262
6456,GIS-KY,14,7,7,美好-楊梅,2023-11-16,5262
3260,威剛,6,0,6,美好-楊梅,2023-11-16,5262
00795B,中信美國公債20年,6,0,6,美好-楊梅,2023-11-16,5262
1227,佳格,6,0,6,美好-楊梅,2023-11-16,5262
2734,易飛網,6,0,6,美好-楊梅,2023-11-16,5262
3025,星通,23,17,6,美好-楊梅,2023-11-16,5262
3276,宇環,6,0,6,美好-楊梅,2023-11-16,5262
6127,九豪,6,0,6,美好-楊梅,2023-11-16,5262
00934,中信成長高股息,5,0,5,美好-楊梅,2023-11-16,5262
6244,茂迪,45,0,45,美好-楊梅,2023-11-17,5262
2897,王道銀行,41,0,41,美好-楊梅,2023-11-17,5262
3149,正達,34,3,31,美好-楊梅,2023-11-17,5262
2313,華通,55,28,27,美好-楊梅,2023-11-17,5262
3041,揚智,55,28,27,美好-楊梅,2023-11-17,5262
00715L,期街口布蘭特正2,23,0,23,美好-楊梅,2023-11-17,5262
3285,微端,20,0,20,美好-楊梅,2023-11-17,5262
8163,達方,21,2,19,美好-楊梅,2023-11-17,5262
2618,長榮航,39,20,19,美好-楊梅,2023-11-17,5262
0056,元大高股息,21,4,17,美好-楊梅,2023-11-17,5262
3044,健鼎,17,2,15,美好-楊梅,2023-11-17,5262
00637L,元大滬深300正2,20,5,15,美好-楊梅,2023-11-17,5262
2610,華航,59,46,13,美好-楊梅,2023-11-17,5262
00885,富邦越南,14,1,13,美好-楊梅,2023-11-17,5262
2516,新建,15,2,13,美好-楊梅,2023-11-17,5262
2382,廣達,16,4,12,美好-楊梅,2023-11-17,5262
3265,台星科,13,1,12,美好-楊梅,2023-11-17,5262
8034,榮群,29,17,12,美好-楊梅,2023-11-17,5262
2405,輔信,11,0,11,美好-楊梅,2023-11-17,5262
00706L,期元大S＆P日圓正2,10,0,10,美好-楊梅,2023-11-17,5262
00931B,統一美債20年,10,0,10,美好-楊梅,2023-11-17,5262
2323,中環,11,1,10,美好-楊梅,2023-11-17,5262
2349,錸德,10,0,10,美好-楊梅,2023-11-17,5262
2356,英業達,11,1,10,美好-楊梅,2023-11-17,5262
2376,技嘉,17,7,10,美好-楊梅,2023-11-17,5262
3268,海德威,10,0,10,美好-楊梅,2023-11-17,5262
4770,上品,10,0,10,美好-楊梅,2023-11-17,5262
4916,事欣科,10,0,10,美好-楊梅,2023-11-17,5262
6201,亞弘電,10,0,10,美好-楊梅,2023-11-17,5262
9919,康那香,10,0,10,美好-楊梅,2023-11-17,5262
00915,凱基優選高股息30,9,0,9,美好-楊梅,2023-11-17,5262
00712,復華富時不動產,14,5,9,美好-楊梅,2023-11-17,5262
6584,南俊國際,9,0,9,美好-楊梅,2023-11-17,5262
3006,晶豪科,10,2,8,美好-楊梅,2023-11-17,5262
00665L,富邦�琤肭磪囓�2,10,2,8,美好-楊梅,2023-11-17,5262
00935,野村臺灣新科技50,10,2,8,美好-楊梅,2023-11-17,5262
2340,台亞,8,0,8,美好-楊梅,2023-11-17,5262
5531,鄉林,13,5,8,美好-楊梅,2023-11-17,5262
2353,宏��,7,0,7,美好-楊梅,2023-11-17,5262
4164,承業醫,7,0,7,美好-楊梅,2023-11-17,5262
6150,撼訊,7,0,7,美好-楊梅,2023-11-17,5262
6274,台燿,7,0,7,美好-楊梅,2023-11-17,5262
9927,泰銘,7,0,7,美好-楊梅,2023-11-17,5262
2402,毅嘉,20,14,6,美好-楊梅,2023-11-17,5262
2905,三商,8,2,6,美好-楊梅,2023-11-17,5262
3231,緯創,37,31,6,美好-楊梅,2023-11-17,5262
5512,力麒,6,0,6,美好-楊梅,2023-11-17,5262
9928,中視,7,1,6,美好-楊梅,2023-11-17,5262
2351,順德,6,0,6,美好-楊梅,2023-11-17,5262
00719B,元大美債1-3,5,0,5,美好-楊梅,2023-11-17,5262
00929,復華台灣科技優息,95,13,82,美好-楊梅,2023-11-20,5262
1598,岱宇,56,0,56,美好-楊梅,2023-11-20,5262
2543,皇昌,95,45,50,美好-楊梅,2023-11-20,5262
00885,富邦越南,41,0,41,美好-楊梅,2023-11-20,5262
2610,華航,51,10,41,美好-楊梅,2023-11-20,5262
00632R,元大台灣50反1,50,10,40,美好-楊梅,2023-11-20,5262
1799,易威,26,0,26,美好-楊梅,2023-11-20,5262
2401,凌陽,63,39,24,美好-楊梅,2023-11-20,5262
00931B,統一美債20年,22,0,22,美好-楊梅,2023-11-20,5262
3149,正達,22,0,22,美好-楊梅,2023-11-20,5262
3576,聯合再生,28,6,22,美好-楊梅,2023-11-20,5262
2002,中鋼,22,1,21,美好-楊梅,2023-11-20,5262
2344,華邦電,34,13,21,美好-楊梅,2023-11-20,5262
00674R,期元大S＆P黃金反1,20,0,20,美好-楊梅,2023-11-20,5262
2014,中鴻,20,0,20,美好-楊梅,2023-11-20,5262
3062,建漢,23,3,20,美好-楊梅,2023-11-20,5262
5328,華容,20,0,20,美好-楊梅,2023-11-20,5262
1605,華新,21,2,19,美好-楊梅,2023-11-20,5262
2303,聯電,56,38,18,美好-楊梅,2023-11-20,5262
1815,富喬,25,8,17,美好-楊梅,2023-11-20,5262
2201,裕隆,17,0,17,美好-楊梅,2023-11-20,5262
2369,菱生,27,10,17,美好-楊梅,2023-11-20,5262
2516,新建,20,3,17,美好-楊梅,2023-11-20,5262
4906,正文,17,1,16,美好-楊梅,2023-11-20,5262
2618,長榮航,47,34,13,美好-楊梅,2023-11-20,5262
2353,宏��,13,0,13,美好-楊梅,2023-11-20,5262
00935,野村臺灣新科技50,12,0,12,美好-楊梅,2023-11-20,5262
00665L,富邦�琤肭磪囓�2,12,0,12,美好-楊梅,2023-11-20,5262
2374,佳能,15,3,12,美好-楊梅,2023-11-20,5262
8163,達方,12,0,12,美好-楊梅,2023-11-20,5262
6127,九豪,17,5,12,美好-楊梅,2023-11-20,5262
2892,第一金,11,0,11,美好-楊梅,2023-11-20,5262
3005,神基,14,3,11,美好-楊梅,2023-11-20,5262
3450,聯鈞,12,1,11,美好-楊梅,2023-11-20,5262
3481,群創,13,2,11,美好-楊梅,2023-11-20,5262
6168,宏齊,23,12,11,美好-楊梅,2023-11-20,5262
6415,矽力*-KY,21,10,11,美好-楊梅,2023-11-20,5262
3035,智原,33,23,10,美好-楊梅,2023-11-20,5262
00633L,富邦上証正2,10,0,10,美好-楊梅,2023-11-20,5262
00679B,元大美債20年,10,0,10,美好-楊梅,2023-11-20,5262
1802,台玻,10,0,10,美好-楊梅,2023-11-20,5262
2103,台橡,10,0,10,美好-楊梅,2023-11-20,5262
2312,金寶,10,0,10,美好-楊梅,2023-11-20,5262
3363,上詮,16,6,10,美好-楊梅,2023-11-20,5262
6270,倍微,10,0,10,美好-楊梅,2023-11-20,5262
9904,寶成,10,0,10,美好-楊梅,2023-11-20,5262
3078,僑威,13,4,9,美好-楊梅,2023-11-20,5262
3141,晶宏,9,0,9,美好-楊梅,2023-11-20,5262
6558,興能高,11,2,9,美好-楊梅,2023-11-20,5262
2834,臺企銀,9,0,9,美好-楊梅,2023-11-20,5262
00632R,元大台灣50反1,377,170,207,美好-楊梅,2023-11-21,5262
00936,台新永續高息中小,51,5,46,美好-楊梅,2023-11-21,5262
2303,聯電,52,9,43,美好-楊梅,2023-11-21,5262
2618,長榮航,40,0,40,美好-楊梅,2023-11-21,5262
2913,農林,40,0,40,美好-楊梅,2023-11-21,5262
00712,復華富時不動產,47,10,37,美好-楊梅,2023-11-21,5262
2367,燿華,58,24,34,美好-楊梅,2023-11-21,5262
1609,大亞,33,8,25,美好-楊梅,2023-11-21,5262
00919,群益台灣精選高息,39,15,24,美好-楊梅,2023-11-21,5262
2313,華通,55,31,24,美好-楊梅,2023-11-21,5262
3041,揚智,64,40,24,美好-楊梅,2023-11-21,5262
6274,台燿,26,3,23,美好-楊梅,2023-11-21,5262
00885,富邦越南,25,2,23,美好-楊梅,2023-11-21,5262
1504,東元,22,1,21,美好-楊梅,2023-11-21,5262
2329,華泰,110,89,21,美好-楊梅,2023-11-21,5262
8034,榮群,21,0,21,美好-楊梅,2023-11-21,5262
1524,耿鼎,18,0,18,美好-楊梅,2023-11-21,5262
5381,合正,20,2,18,美好-楊梅,2023-11-21,5262
5351,鈺創,35,21,14,美好-楊梅,2023-11-21,5262
2867,三商壽,15,2,13,美好-楊梅,2023-11-21,5262
3576,聯合再生,15,2,13,美好-楊梅,2023-11-21,5262
3504,揚明光,13,1,12,美好-楊梅,2023-11-21,5262
2812,台中銀,20,8,12,美好-楊梅,2023-11-21,5262
2609,陽明,23,12,11,美好-楊梅,2023-11-21,5262
2603,長榮,11,0,11,美好-楊梅,2023-11-21,5262
1449,佳和,11,0,11,美好-楊梅,2023-11-21,5262
6233,旺玖,27,16,11,美好-楊梅,2023-11-21,5262
6443,元晶,12,1,11,美好-楊梅,2023-11-21,5262
8261,富鼎,13,3,10,美好-楊梅,2023-11-21,5262
00930,永豐ESG低碳高息,10,0,10,美好-楊梅,2023-11-21,5262
00715L,期街口布蘭特正2,10,0,10,美好-楊梅,2023-11-21,5262
2516,新建,11,1,10,美好-楊梅,2023-11-21,5262
2615,萬海,10,0,10,美好-楊梅,2023-11-21,5262
3057,喬鼎,10,0,10,美好-楊梅,2023-11-21,5262
4967,十銓,15,5,10,美好-楊梅,2023-11-21,5262
5328,華容,10,0,10,美好-楊梅,2023-11-21,5262
5521,工信,10,0,10,美好-楊梅,2023-11-21,5262
8289,泰藝,10,0,10,美好-楊梅,2023-11-21,5262
2498,宏達電,9,0,9,美好-楊梅,2023-11-21,5262
3704,合勤控,9,0,9,美好-楊梅,2023-11-21,5262
6237,驊訊,17,8,9,美好-楊梅,2023-11-21,5262
2206,三陽工業,10,2,8,美好-楊梅,2023-11-21,5262
6120,達運,19,11,8,美好-楊梅,2023-11-21,5262
00680L,元大美債20正2,7,0,7,美好-楊梅,2023-11-21,5262
1319,東陽,11,4,7,美好-楊梅,2023-11-21,5262
2337,旺宏,7,0,7,美好-楊梅,2023-11-21,5262
4931,新盛力,7,0,7,美好-楊梅,2023-11-21,5262
00934,中信成長高股息,7,1,6,美好-楊梅,2023-11-21,5262
00669R,國泰美國道瓊反1,6,0,6,美好-楊梅,2023-11-21,5262
00882,中信中國高股息,6,0,6,美好-楊梅,2023-11-21,5262
3047,訊舟,105,1,104,美好-楊梅,2023-11-22,5262
2382,廣達,64,8,56,美好-楊梅,2023-11-22,5262
2002,中鋼,48,6,42,美好-楊梅,2023-11-22,5262
00919,群益台灣精選高息,39,0,39,美好-楊梅,2023-11-22,5262
2610,華航,42,6,36,美好-楊梅,2023-11-22,5262
3231,緯創,84,50,34,美好-楊梅,2023-11-22,5262
2014,中鴻,37,4,33,美好-楊梅,2023-11-22,5262
00772B,中信高評級公司債,29,0,29,美好-楊梅,2023-11-22,5262
3548,兆利,37,12,25,美好-楊梅,2023-11-22,5262
2356,英業達,23,1,22,美好-楊梅,2023-11-22,5262
2883,凱基金,32,10,22,美好-楊梅,2023-11-22,5262
4967,十銓,28,6,22,美好-楊梅,2023-11-22,5262
00680L,元大美債20正2,21,0,21,美好-楊梅,2023-11-22,5262
1324,地球,21,0,21,美好-楊梅,2023-11-22,5262
2323,中環,20,2,18,美好-楊梅,2023-11-22,5262
2337,旺宏,18,0,18,美好-楊梅,2023-11-22,5262
00724B,群益投資級金融債,15,0,15,美好-楊梅,2023-11-22,5262
00637L,元大滬深300正2,15,0,15,美好-楊梅,2023-11-22,5262
00633L,富邦上証正2,15,0,15,美好-楊梅,2023-11-22,5262
8068,全達,16,1,15,美好-楊梅,2023-11-22,5262
1432,大魯閣,20,6,14,美好-楊梅,2023-11-22,5262
2201,裕隆,15,1,14,美好-楊梅,2023-11-22,5262
0056,元大高股息,16,3,13,美好-楊梅,2023-11-22,5262
5521,工信,16,3,13,美好-楊梅,2023-11-22,5262
3322,建舜電,12,0,12,美好-楊梅,2023-11-22,5262
6150,撼訊,12,0,12,美好-楊梅,2023-11-22,5262
00929,復華台灣科技優息,11,0,11,美好-楊梅,2023-11-22,5262
2736,富野,11,0,11,美好-楊梅,2023-11-22,5262
3147,大綜,17,6,11,美好-楊梅,2023-11-22,5262
6770,力積電,11,0,11,美好-楊梅,2023-11-22,5262
00712,復華富時不動產,10,0,10,美好-楊梅,2023-11-22,5262
00665L,富邦�琤肭磪囓�2,10,0,10,美好-楊梅,2023-11-22,5262
00650L,復華香港正2,10,0,10,美好-楊梅,2023-11-22,5262
00915,凱基優選高股息30,10,0,10,美好-楊梅,2023-11-22,5262
00935,野村臺灣新科技50,10,0,10,美好-楊梅,2023-11-22,5262
1905,華紙,10,0,10,美好-楊梅,2023-11-22,5262
2913,農林,10,0,10,美好-楊梅,2023-11-22,5262
3276,宇環,10,0,10,美好-楊梅,2023-11-22,5262
8021,尖點,10,0,10,美好-楊梅,2023-11-22,5262
8034,榮群,12,2,10,美好-楊梅,2023-11-22,5262
1305,華夏,9,0,9,美好-楊梅,2023-11-22,5262
00882,中信中國高股息,9,0,9,美好-楊梅,2023-11-22,5262
1522,堤維西,13,4,9,美好-楊梅,2023-11-22,5262
2367,燿華,21,12,9,美好-楊梅,2023-11-22,5262
2369,菱生,10,1,9,美好-楊梅,2023-11-22,5262
2486,一詮,11,2,9,美好-楊梅,2023-11-22,5262
3062,建漢,12,3,9,美好-楊梅,2023-11-22,5262
3706,神達,55,47,8,美好-楊梅,2023-11-22,5262
2324,仁寶,11,3,8,美好-楊梅,2023-11-22,5262
2891,中信金,11,3,8,美好-楊梅,2023-11-22,5262
00687B,國泰20年美債,105,0,105,美好-楊梅,2023-11-23,5262
00751B,元大AAA至A公司債,81,2,79,美好-楊梅,2023-11-23,5262
00679B,元大美債20年,84,8,76,美好-楊梅,2023-11-23,5262
6282,康舒,88,55,33,美好-楊梅,2023-11-23,5262
6243,迅杰,37,6,31,美好-楊梅,2023-11-23,5262
2323,中環,30,0,30,美好-楊梅,2023-11-23,5262
8049,晶采,30,0,30,美好-楊梅,2023-11-23,5262
3710,連展投控,25,0,25,美好-楊梅,2023-11-23,5262
00919,群益台灣精選高息,25,2,23,美好-楊梅,2023-11-23,5262
2441,超豐,20,0,20,美好-楊梅,2023-11-23,5262
00637L,元大滬深300正2,18,0,18,美好-楊梅,2023-11-23,5262
2634,漢翔,16,2,14,美好-楊梅,2023-11-23,5262
3276,宇環,13,0,13,美好-楊梅,2023-11-23,5262
3231,緯創,75,63,12,美好-楊梅,2023-11-23,5262
3540,曜越,12,0,12,美好-楊梅,2023-11-23,5262
2356,英業達,15,3,12,美好-楊梅,2023-11-23,5262
6530,創威,15,3,12,美好-楊梅,2023-11-23,5262
3715,定穎投控,25,13,12,美好-楊梅,2023-11-23,5262
6125,廣運,26,15,11,美好-楊梅,2023-11-23,5262
1303,南亞,11,0,11,美好-楊梅,2023-11-23,5262
00636,國泰中國A50,10,0,10,美好-楊梅,2023-11-23,5262
2888,新光金,10,0,10,美好-楊梅,2023-11-23,5262
3050,鈺德,10,0,10,美好-楊梅,2023-11-23,5262
3264,欣銓,12,2,10,美好-楊梅,2023-11-23,5262
3498,陽程,10,0,10,美好-楊梅,2023-11-23,5262
5284,jpp-KY,10,0,10,美好-楊梅,2023-11-23,5262
6117,迎廣,18,8,10,美好-楊梅,2023-11-23,5262
3169,亞信,12,3,9,美好-楊梅,2023-11-23,5262
2891,中信金,15,6,9,美好-楊梅,2023-11-23,5262
3483,力致,17,8,9,美好-楊梅,2023-11-23,5262
3704,合勤控,9,0,9,美好-楊梅,2023-11-23,5262
2882,國泰金,10,1,9,美好-楊梅,2023-11-23,5262
00934,中信成長高股息,10,2,8,美好-楊梅,2023-11-23,5262
2329,華泰,52,44,8,美好-楊梅,2023-11-23,5262
2739,寒舍,14,6,8,美好-楊梅,2023-11-23,5262
3003,健和興,8,0,8,美好-楊梅,2023-11-23,5262
6285,啟��,11,3,8,美好-楊梅,2023-11-23,5262
6706,惠特,11,3,8,美好-楊梅,2023-11-23,5262
1721,三晃,17,10,7,美好-楊梅,2023-11-23,5262
00923,群益台ESG低碳50,7,0,7,美好-楊梅,2023-11-23,5262
2401,凌陽,8,1,7,美好-楊梅,2023-11-23,5262
3056,富華新,7,0,7,美好-楊梅,2023-11-23,5262
3122,笙泉,14,7,7,美好-楊梅,2023-11-23,5262
5302,太欣,7,0,7,美好-楊梅,2023-11-23,5262
6116,彩晶,7,0,7,美好-楊梅,2023-11-23,5262
6204,艾華,7,0,7,美好-楊梅,2023-11-23,5262
1471,首利,13,7,6,美好-楊梅,2023-11-23,5262
1802,台玻,6,0,6,美好-楊梅,2023-11-23,5262
2405,輔信,6,0,6,美好-楊梅,2023-11-23,5262
2482,連宇,6,0,6,美好-楊梅,2023-11-23,5262
2618,長榮航,88,8,80,美好-楊梅,2023-11-24,5262
2610,華航,95,22,73,美好-楊梅,2023-11-24,5262
4906,正文,33,0,33,美好-楊梅,2023-11-24,5262
2889,國票金,30,0,30,美好-楊梅,2023-11-24,5262
6265,方土昶,27,0,27,美好-楊梅,2023-11-24,5262
2883,凱基金,31,5,26,美好-楊梅,2023-11-24,5262
2313,華通,44,19,25,美好-楊梅,2023-11-24,5262
6117,迎廣,32,10,22,美好-楊梅,2023-11-24,5262
2888,新光金,34,13,21,美好-楊梅,2023-11-24,5262
1789,神隆,20,0,20,美好-楊梅,2023-11-24,5262
00919,群益台灣精選高息,38,21,17,美好-楊梅,2023-11-24,5262
3035,智原,29,13,16,美好-楊梅,2023-11-24,5262
3041,揚智,28,12,16,美好-楊梅,2023-11-24,5262
1605,華新,27,11,16,美好-楊梅,2023-11-24,5262
2382,廣達,44,31,13,美好-楊梅,2023-11-24,5262
2356,英業達,16,3,13,美好-楊梅,2023-11-24,5262
2609,陽明,15,2,13,美好-楊梅,2023-11-24,5262
3058,立德,13,0,13,美好-楊梅,2023-11-24,5262
3450,聯鈞,14,2,12,美好-楊梅,2023-11-24,5262
6578,達邦蛋白,12,0,12,美好-楊梅,2023-11-24,5262
2363,矽統,21,9,12,美好-楊梅,2023-11-24,5262
3260,威剛,11,0,11,美好-楊梅,2023-11-24,5262
2399,映泰,11,0,11,美好-楊梅,2023-11-24,5262
00878,國泰永續高股息,23,13,10,美好-楊梅,2023-11-24,5262
00885,富邦越南,10,0,10,美好-楊梅,2023-11-24,5262
00724B,群益投資級金融債,10,0,10,美好-楊梅,2023-11-24,5262
00715L,期街口布蘭特正2,10,0,10,美好-楊梅,2023-11-24,5262
2323,中環,20,10,10,美好-楊梅,2023-11-24,5262
3050,鈺德,10,0,10,美好-楊梅,2023-11-24,5262
3710,連展投控,10,0,10,美好-楊梅,2023-11-24,5262
3714,富采,10,0,10,美好-楊梅,2023-11-24,5262
6271,同欣電,12,2,10,美好-楊梅,2023-11-24,5262
0056,元大高股息,10,0,10,美好-楊梅,2023-11-24,5262
3231,緯創,37,28,9,美好-楊梅,2023-11-24,5262
2317,鴻海,10,1,9,美好-楊梅,2023-11-24,5262
2371,大同,27,18,9,美好-楊梅,2023-11-24,5262
2705,六福,9,0,9,美好-楊梅,2023-11-24,5262
3032,偉訓,11,2,9,美好-楊梅,2023-11-24,5262
6235,華孚,14,6,8,美好-楊梅,2023-11-24,5262
3374,精材,10,2,8,美好-楊梅,2023-11-24,5262
2436,偉詮電,12,5,7,美好-楊梅,2023-11-24,5262
00931B,統一美債20年,7,0,7,美好-楊梅,2023-11-24,5262
1707,葡萄王,8,1,7,美好-楊梅,2023-11-24,5262
2206,三陽工業,14,7,7,美好-楊梅,2023-11-24,5262
3357,臺慶科,7,0,7,美好-楊梅,2023-11-24,5262
3437,榮創,24,17,7,美好-楊梅,2023-11-24,5262
6150,撼訊,7,0,7,美好-楊梅,2023-11-24,5262
6194,育富,7,0,7,美好-楊梅,2023-11-24,5262
6456,GIS-KY,7,0,7,美好-楊梅,2023-11-24,5262
3006,晶豪科,9,3,6,美好-楊梅,2023-11-24,5262
3576,聯合再生,100,0,100,美好-楊梅,2023-11-27,5262
2610,華航,82,6,76,美好-楊梅,2023-11-27,5262
00878,國泰永續高股息,65,4,61,美好-楊梅,2023-11-27,5262
6127,九豪,66,8,58,美好-楊梅,2023-11-27,5262
2382,廣達,75,18,57,美好-楊梅,2023-11-27,5262
2883,凱基金,62,17,45,美好-楊梅,2023-11-27,5262
2601,益航,40,0,40,美好-楊梅,2023-11-27,5262
2323,中環,33,0,33,美好-楊梅,2023-11-27,5262
1227,佳格,32,0,32,美好-楊梅,2023-11-27,5262
3017,奇鋐,31,4,27,美好-楊梅,2023-11-27,5262
5328,華容,27,0,27,美好-楊梅,2023-11-27,5262
6789,采鈺,31,4,27,美好-楊梅,2023-11-27,5262
00931B,統一美債20年,25,0,25,美好-楊梅,2023-11-27,5262
00715L,期街口布蘭特正2,25,0,25,美好-楊梅,2023-11-27,5262
00665L,富邦�琤肭磪囓�2,54,30,24,美好-楊梅,2023-11-27,5262
1519,華城,47,24,23,美好-楊梅,2023-11-27,5262
00936,台新永續高息中小,22,0,22,美好-楊梅,2023-11-27,5262
1618,合機,41,20,21,美好-楊梅,2023-11-27,5262
3231,緯創,47,26,21,美好-楊梅,2023-11-27,5262
3338,泰碩,18,0,18,美好-楊梅,2023-11-27,5262
3041,揚智,26,8,18,美好-楊梅,2023-11-27,5262
2356,英業達,22,5,17,美好-楊梅,2023-11-27,5262
2313,華通,50,36,14,美好-楊梅,2023-11-27,5262
00642U,期元大S＆P石油,14,1,13,美好-楊梅,2023-11-27,5262
2328,廣宇,13,0,13,美好-楊梅,2023-11-27,5262
2363,矽統,27,14,13,美好-楊梅,2023-11-27,5262
2476,鉅祥,14,1,13,美好-楊梅,2023-11-27,5262
5347,世界,13,1,12,美好-楊梅,2023-11-27,5262
4956,光鋐,12,0,12,美好-楊梅,2023-11-27,5262
00900,富邦特選高股息30,11,0,11,美好-楊梅,2023-11-27,5262
2375,凱美,11,0,11,美好-楊梅,2023-11-27,5262
3189,景碩,13,2,11,美好-楊梅,2023-11-27,5262
5381,合正,11,0,11,美好-楊梅,2023-11-27,5262
6461,益得,11,0,11,美好-楊梅,2023-11-27,5262
00761B,國泰A級公司債,10,0,10,美好-楊梅,2023-11-27,5262
00680L,元大美債20正2,10,0,10,美好-楊梅,2023-11-27,5262
1108,幸福,10,0,10,美好-楊梅,2023-11-27,5262
2417,圓剛,11,1,10,美好-楊梅,2023-11-27,5262
2472,立隆電,10,0,10,美好-楊梅,2023-11-27,5262
2484,希華,10,0,10,美好-楊梅,2023-11-27,5262
2492,華新科,14,4,10,美好-楊梅,2023-11-27,5262
2897,王道銀行,10,0,10,美好-楊梅,2023-11-27,5262
4506,崇友,10,0,10,美好-楊梅,2023-11-27,5262
4529,淳紳,10,0,10,美好-楊梅,2023-11-27,5262
00915,凱基優選高股息30,9,0,9,美好-楊梅,2023-11-27,5262
2344,華邦電,10,1,9,美好-楊梅,2023-11-27,5262
3035,智原,13,5,8,美好-楊梅,2023-11-27,5262
2607,榮運,8,0,8,美好-楊梅,2023-11-27,5262
2633,台灣高鐵,8,0,8,美好-楊梅,2023-11-27,5262
6282,康舒,31,23,8,美好-楊梅,2023-11-27,5262
00676R,富邦臺灣加權反1,201,0,201,美好-楊梅,2023-11-28,5262
2617,台航,63,1,62,美好-楊梅,2023-11-28,5262
00665L,富邦�琤肭磪囓�2,52,0,52,美好-楊梅,2023-11-28,5262
00632R,元大台灣50反1,47,0,47,美好-楊梅,2023-11-28,5262
00712,復華富時不動產,45,0,45,美好-楊梅,2023-11-28,5262
2313,華通,69,34,35,美好-楊梅,2023-11-28,5262
2303,聯電,42,14,28,美好-楊梅,2023-11-28,5262
4114,健喬,35,10,25,美好-楊梅,2023-11-28,5262
00878,國泰永續高股息,27,3,24,美好-楊梅,2023-11-28,5262
2363,矽統,74,50,24,美好-楊梅,2023-11-28,5262
00931B,統一美債20年,20,0,20,美好-楊梅,2023-11-28,5262
2427,三商電,22,2,20,美好-楊梅,2023-11-28,5262
00919,群益台灣精選高息,20,1,19,美好-楊梅,2023-11-28,5262
2344,華邦電,27,10,17,美好-楊梅,2023-11-28,5262
5347,世界,17,0,17,美好-楊梅,2023-11-28,5262
1701,中化,19,3,16,美好-楊梅,2023-11-28,5262
6282,康舒,16,2,14,美好-楊梅,2023-11-28,5262
5009,榮剛,12,0,12,美好-楊梅,2023-11-28,5262
2355,敬鵬,11,0,11,美好-楊梅,2023-11-28,5262
2641,正德,16,5,11,美好-楊梅,2023-11-28,5262
6146,耕興,11,0,11,美好-楊梅,2023-11-28,5262
3576,聯合再生,10,0,10,美好-楊梅,2023-11-28,5262
00715L,期街口布蘭特正2,10,0,10,美好-楊梅,2023-11-28,5262
00633L,富邦上証正2,10,0,10,美好-楊梅,2023-11-28,5262
00923,群益台ESG低碳50,10,0,10,美好-楊梅,2023-11-28,5262
00905,FT臺灣Smart,10,0,10,美好-楊梅,2023-11-28,5262
6201,亞弘電,10,0,10,美好-楊梅,2023-11-28,5262
1907,永豐餘,11,1,10,美好-楊梅,2023-11-28,5262
2382,廣達,24,15,9,美好-楊梅,2023-11-28,5262
2204,中華,11,2,9,美好-楊梅,2023-11-28,5262
4714,永捷,9,0,9,美好-楊梅,2023-11-28,5262
6204,艾華,11,2,9,美好-楊梅,2023-11-28,5262
3374,精材,9,1,8,美好-楊梅,2023-11-28,5262
1301,台塑,10,2,8,美好-楊梅,2023-11-28,5262
6235,華孚,8,0,8,美好-楊梅,2023-11-28,5262
00885,富邦越南,7,0,7,美好-楊梅,2023-11-28,5262
4108,懷特,7,0,7,美好-楊梅,2023-11-28,5262
6122,擎邦,8,1,7,美好-楊梅,2023-11-28,5262
4128,中天,6,0,6,美好-楊梅,2023-11-28,5262
3231,緯創,43,37,6,美好-楊梅,2023-11-28,5262
1752,南光,6,0,6,美好-楊梅,2023-11-28,5262
00915,凱基優選高股息30,6,0,6,美好-楊梅,2023-11-28,5262
00636,國泰中國A50,6,0,6,美好-楊梅,2023-11-28,5262
1760,寶齡富錦,6,0,6,美好-楊梅,2023-11-28,5262
2449,京元電子,7,1,6,美好-楊梅,2023-11-28,5262
2891,中信金,12,6,6,美好-楊梅,2023-11-28,5262
5302,太欣,6,0,6,美好-楊梅,2023-11-28,5262
1101,台泥,14,9,5,美好-楊梅,2023-11-28,5262
00679B,元大美債20年,6,1,5,美好-楊梅,2023-11-28,5262
1216,統一,6,1,5,美好-楊梅,2023-11-28,5262
00676R,富邦臺灣加權反1,250,0,250,美好-楊梅,2023-11-29,5262
9904,寶成,116,0,116,美好-楊梅,2023-11-29,5262
2610,華航,94,1,93,美好-楊梅,2023-11-29,5262
00633L,富邦上証正2,60,0,60,美好-楊梅,2023-11-29,5262
00665L,富邦�琤肭磪囓�2,39,0,39,美好-楊梅,2023-11-29,5262
1304,台聚,30,0,30,美好-楊梅,2023-11-29,5262
5521,工信,25,0,25,美好-楊梅,2023-11-29,5262
3231,緯創,53,29,24,美好-楊梅,2023-11-29,5262
00882,中信中國高股息,26,2,24,美好-楊梅,2023-11-29,5262
3047,訊舟,30,7,23,美好-楊梅,2023-11-29,5262
00929,復華台灣科技優息,83,61,22,美好-楊梅,2023-11-29,5262
3055,蔚華科,22,0,22,美好-楊梅,2023-11-29,5262
00650L,復華香港正2,22,2,20,美好-楊梅,2023-11-29,5262
1603,華電,20,0,20,美好-楊梅,2023-11-29,5262
2355,敬鵬,27,7,20,美好-楊梅,2023-11-29,5262
2002,中鋼,40,21,19,美好-楊梅,2023-11-29,5262
00934,中信成長高股息,18,0,18,美好-楊梅,2023-11-29,5262
2313,華通,52,35,17,美好-楊梅,2023-11-29,5262
2606,裕民,17,0,17,美好-楊梅,2023-11-29,5262
2303,聯電,25,10,15,美好-楊梅,2023-11-29,5262
3706,神達,19,4,15,美好-楊梅,2023-11-29,5262
2603,長榮,13,0,13,美好-楊梅,2023-11-29,5262
00919,群益台灣精選高息,24,11,13,美好-楊梅,2023-11-29,5262
4916,事欣科,15,2,13,美好-楊梅,2023-11-29,5262
8936,國統,13,0,13,美好-楊梅,2023-11-29,5262
2351,順德,13,1,12,美好-楊梅,2023-11-29,5262
00936,台新永續高息中小,12,0,12,美好-楊梅,2023-11-29,5262
6168,宏齊,22,10,12,美好-楊梅,2023-11-29,5262
3017,奇鋐,14,3,11,美好-楊梅,2023-11-29,5262
4401,東隆興,11,0,11,美好-楊梅,2023-11-29,5262
1513,中興電,14,3,11,美好-楊梅,2023-11-29,5262
2618,長榮航,22,11,11,美好-楊梅,2023-11-29,5262
1303,南亞,10,0,10,美好-楊梅,2023-11-29,5262
2401,凌陽,19,9,10,美好-楊梅,2023-11-29,5262
2515,中工,10,0,10,美好-楊梅,2023-11-29,5262
2615,萬海,10,0,10,美好-楊梅,2023-11-29,5262
3094,聯傑,33,23,10,美好-楊梅,2023-11-29,5262
6204,艾華,12,2,10,美好-楊梅,2023-11-29,5262
2356,英業達,23,14,9,美好-楊梅,2023-11-29,5262
3540,曜越,9,0,9,美好-楊梅,2023-11-29,5262
5351,鈺創,19,11,8,美好-楊梅,2023-11-29,5262
00915,凱基優選高股息30,8,0,8,美好-楊梅,2023-11-29,5262
1449,佳和,8,0,8,美好-楊梅,2023-11-29,5262
1605,華新,9,1,8,美好-楊梅,2023-11-29,5262
2633,台灣高鐵,8,0,8,美好-楊梅,2023-11-29,5262
4945,陞達科技,19,11,8,美好-楊梅,2023-11-29,5262
5381,合正,21,13,8,美好-楊梅,2023-11-29,5262
6789,采鈺,14,6,8,美好-楊梅,2023-11-29,5262
2607,榮運,10,3,7,美好-楊梅,2023-11-29,5262
6282,康舒,8,1,7,美好-楊梅,2023-11-29,5262
8358,金居,58,3,55,美好-楊梅,2023-11-30,5262
2344,華邦電,110,56,54,美好-楊梅,2023-11-30,5262
2002,中鋼,53,6,47,美好-楊梅,2023-11-30,5262
3035,智原,63,21,42,美好-楊梅,2023-11-30,5262
2867,三商壽,35,5,30,美好-楊梅,2023-11-30,5262
00931B,統一美債20年,30,0,30,美好-楊梅,2023-11-30,5262
00674R,期元大S＆P黃金反1,30,0,30,美好-楊梅,2023-11-30,5262
3284,太普高,30,0,30,美好-楊梅,2023-11-30,5262
3231,緯創,58,33,25,美好-楊梅,2023-11-30,5262
8261,富鼎,30,8,22,美好-楊梅,2023-11-30,5262
00679B,元大美債20年,21,0,21,美好-楊梅,2023-11-30,5262
2913,農林,21,0,21,美好-楊梅,2023-11-30,5262
5272,笙科,21,0,21,美好-楊梅,2023-11-30,5262
00720B,元大投資級公司債,20,0,20,美好-楊梅,2023-11-30,5262
00632R,元大台灣50反1,20,0,20,美好-楊梅,2023-11-30,5262
3038,全台,20,0,20,美好-楊梅,2023-11-30,5262
2329,華泰,93,75,18,美好-楊梅,2023-11-30,5262
9919,康那香,29,13,16,美好-楊梅,2023-11-30,5262
2610,華航,17,4,13,美好-楊梅,2023-11-30,5262
6282,康舒,13,1,12,美好-楊梅,2023-11-30,5262
00935,野村臺灣新科技50,12,0,12,美好-楊梅,2023-11-30,5262
6223,旺矽,12,0,12,美好-楊梅,2023-11-30,5262
3078,僑威,12,0,12,美好-楊梅,2023-11-30,5262
1514,亞力,58,47,11,美好-楊梅,2023-11-30,5262
6456,GIS-KY,11,0,11,美好-楊梅,2023-11-30,5262
5347,世界,10,0,10,美好-楊梅,2023-11-30,5262
00636,國泰中國A50,10,0,10,美好-楊梅,2023-11-30,5262
00923,群益台ESG低碳50,10,0,10,美好-楊梅,2023-11-30,5262
1108,幸福,10,0,10,美好-楊梅,2023-11-30,5262
2425,承啟,10,0,10,美好-楊梅,2023-11-30,5262
2493,揚博,10,0,10,美好-楊梅,2023-11-30,5262
2516,新建,10,0,10,美好-楊梅,2023-11-30,5262
2617,台航,10,0,10,美好-楊梅,2023-11-30,5262
3265,台星科,11,1,10,美好-楊梅,2023-11-30,5262
3444,利機,11,1,10,美好-楊梅,2023-11-30,5262
4128,中天,10,0,10,美好-楊梅,2023-11-30,5262
2313,華通,36,27,9,美好-楊梅,2023-11-30,5262
00934,中信成長高股息,10,1,9,美好-楊梅,2023-11-30,5262
00882,中信中國高股息,19,10,9,美好-楊梅,2023-11-30,5262
3264,欣銓,10,1,9,美好-楊梅,2023-11-30,5262
2317,鴻海,8,0,8,美好-楊梅,2023-11-30,5262
3094,聯傑,12,4,8,美好-楊梅,2023-11-30,5262
3454,晶睿,12,4,8,美好-楊梅,2023-11-30,5262
6185,幃翔,10,2,8,美好-楊梅,2023-11-30,5262
6292,迅德,8,0,8,美好-楊梅,2023-11-30,5262
00680L,元大美債20正2,7,0,7,美好-楊梅,2023-11-30,5262
2201,裕隆,23,16,7,美好-楊梅,2023-11-30,5262
2409,友達,10,3,7,美好-楊梅,2023-11-30,5262
6182,合晶,11,4,7,美好-楊梅,2023-11-30,5262
6901,鑽石投資,8,1,7,美好-楊梅,2023-11-30,5262
00919,群益台灣精選高息,104,2,102,美好-楊梅,2023-12-01,5262
00878,國泰永續高股息,46,3,43,美好-楊梅,2023-12-01,5262
2888,新光金,43,0,43,美好-楊梅,2023-12-01,5262
00679B,元大美債20年,41,0,41,美好-楊梅,2023-12-01,5262
2897,王道銀行,35,0,35,美好-楊梅,2023-12-01,5262
00929,復華台灣科技優息,41,11,30,美好-楊梅,2023-12-01,5262
5512,力麒,30,0,30,美好-楊梅,2023-12-01,5262
3231,緯創,73,43,30,美好-楊梅,2023-12-01,5262
2332,友訊,29,0,29,美好-楊梅,2023-12-01,5262
2317,鴻海,26,0,26,美好-楊梅,2023-12-01,5262
6182,合晶,26,0,26,美好-楊梅,2023-12-01,5262
00665L,富邦�琤肭磪囓�2,25,0,25,美好-楊梅,2023-12-01,5262
2892,第一金,23,0,23,美好-楊梅,2023-12-01,5262
6770,力積電,21,0,21,美好-楊梅,2023-12-01,5262
00637L,元大滬深300正2,30,10,20,美好-楊梅,2023-12-01,5262
1909,榮成,20,0,20,美好-楊梅,2023-12-01,5262
2405,輔信,23,3,20,美好-楊梅,2023-12-01,5262
8064,東捷,25,5,20,美好-楊梅,2023-12-01,5262
2355,敬鵬,43,25,18,美好-楊梅,2023-12-01,5262
2369,菱生,20,2,18,美好-楊梅,2023-12-01,5262
4114,健喬,28,10,18,美好-楊梅,2023-12-01,5262
5880,合庫金,17,0,17,美好-楊梅,2023-12-01,5262
6150,撼訊,17,0,17,美好-楊梅,2023-12-01,5262
2002,中鋼,16,1,15,美好-楊梅,2023-12-01,5262
2352,佳世達,17,2,15,美好-楊梅,2023-12-01,5262
4577,達航科技,15,0,15,美好-楊梅,2023-12-01,5262
00751B,元大AAA至A公司債,14,0,14,美好-楊梅,2023-12-01,5262
00885,富邦越南,15,1,14,美好-楊梅,2023-12-01,5262
3481,群創,16,2,14,美好-楊梅,2023-12-01,5262
6126,信音,24,10,14,美好-楊梅,2023-12-01,5262
2382,廣達,21,8,13,美好-楊梅,2023-12-01,5262
00931B,統一美債20年,13,0,13,美好-楊梅,2023-12-01,5262
3268,海德威,14,2,12,美好-楊梅,2023-12-01,5262
5351,鈺創,27,15,12,美好-楊梅,2023-12-01,5262
2206,三陽工業,18,7,11,美好-楊梅,2023-12-01,5262
5475,德宏,17,6,11,美好-楊梅,2023-12-01,5262
00715L,期街口布蘭特正2,10,0,10,美好-楊梅,2023-12-01,5262
2017,官田鋼,10,0,10,美好-楊梅,2023-12-01,5262
2867,三商壽,10,0,10,美好-楊梅,2023-12-01,5262
2887,台新金,10,0,10,美好-楊梅,2023-12-01,5262
4164,承業醫,10,0,10,美好-楊梅,2023-12-01,5262
8028,昇陽半導體,10,0,10,美好-楊梅,2023-12-01,5262
2834,臺企銀,10,0,10,美好-楊梅,2023-12-01,5262
1101,台泥,27,17,10,美好-楊梅,2023-12-01,5262
1732,毛寶,11,2,9,美好-楊梅,2023-12-01,5262
3043,科風,12,3,9,美好-楊梅,2023-12-01,5262
6237,驊訊,19,10,9,美好-楊梅,2023-12-01,5262
1605,華新,9,1,8,美好-楊梅,2023-12-01,5262
2492,華新科,16,8,8,美好-楊梅,2023-12-01,5262
2886,兆豐金,8,0,8,美好-楊梅,2023-12-01,5262
00936,台新永續高息中小,204,4,200,美好-楊梅,2023-12-04,5262
2313,華通,157,31,126,美好-楊梅,2023-12-04,5262
3284,太普高,120,0,120,美好-楊梅,2023-12-04,5262
2409,友達,78,15,63,美好-楊梅,2023-12-04,5262
00918,大華優利高填息30,47,0,47,美好-楊梅,2023-12-04,5262
3715,定穎投控,47,2,45,美好-楊梅,2023-12-04,5262
2867,三商壽,40,0,40,美好-楊梅,2023-12-04,5262
1605,華新,64,30,34,美好-楊梅,2023-12-04,5262
6168,宏齊,32,2,30,美好-楊梅,2023-12-04,5262
00636,國泰中國A50,25,0,25,美好-楊梅,2023-12-04,5262
00715L,期街口布蘭特正2,24,0,24,美好-楊梅,2023-12-04,5262
3265,台星科,26,2,24,美好-楊梅,2023-12-04,5262
00720B,元大投資級公司債,23,0,23,美好-楊梅,2023-12-04,5262
6282,康舒,31,9,22,美好-楊梅,2023-12-04,5262
00642U,期元大S＆P石油,21,0,21,美好-楊梅,2023-12-04,5262
2349,錸德,21,0,21,美好-楊梅,2023-12-04,5262
00712,復華富時不動產,26,5,21,美好-楊梅,2023-12-04,5262
00919,群益台灣精選高息,37,16,21,美好-楊梅,2023-12-04,5262
00773B,中信優先金融債,20,0,20,美好-楊梅,2023-12-04,5262
2363,矽統,33,13,20,美好-楊梅,2023-12-04,5262
3522,御嵿,20,0,20,美好-楊梅,2023-12-04,5262
5512,力麒,20,0,20,美好-楊梅,2023-12-04,5262
9945,潤泰新,23,4,19,美好-楊梅,2023-12-04,5262
1737,臺鹽,23,5,18,美好-楊梅,2023-12-04,5262
00929,復華台灣科技優息,24,8,16,美好-楊梅,2023-12-04,5262
1504,東元,18,2,16,美好-楊梅,2023-12-04,5262
1560,中砂,17,1,16,美好-楊梅,2023-12-04,5262
1815,富喬,17,1,16,美好-楊梅,2023-12-04,5262
4908,前鼎,16,0,16,美好-楊梅,2023-12-04,5262
5381,合正,16,0,16,美好-楊梅,2023-12-04,5262
2301,光寶科,17,2,15,美好-楊梅,2023-12-04,5262
2614,東森,17,2,15,美好-楊梅,2023-12-04,5262
3711,日月光投控,17,2,15,美好-楊梅,2023-12-04,5262
3706,神達,20,5,15,美好-楊梅,2023-12-04,5262
2615,萬海,24,11,13,美好-楊梅,2023-12-04,5262
6125,廣運,27,14,13,美好-楊梅,2023-12-04,5262
00881,國泰台灣5G+,13,0,13,美好-楊梅,2023-12-04,5262
8163,達方,16,3,13,美好-楊梅,2023-12-04,5262
2637,慧洋-KY,28,17,11,美好-楊梅,2023-12-04,5262
2618,長榮航,26,16,10,美好-楊梅,2023-12-04,5262
1301,台塑,10,0,10,美好-楊梅,2023-12-04,5262
00665L,富邦�琤肭磪囓�2,10,0,10,美好-楊梅,2023-12-04,5262
1905,華紙,10,0,10,美好-楊梅,2023-12-04,5262
2515,中工,10,0,10,美好-楊梅,2023-12-04,5262
3625,西勝,10,0,10,美好-楊梅,2023-12-04,5262
5521,工信,10,0,10,美好-楊梅,2023-12-04,5262
9934,成霖,12,2,10,美好-楊梅,2023-12-04,5262
00915,凱基優選高股息30,10,1,9,美好-楊梅,2023-12-04,5262
3086,華義,10,1,9,美好-楊梅,2023-12-04,5262
6122,擎邦,25,16,9,美好-楊梅,2023-12-04,5262
00937B,群益ESG投等債20,166,0,166,美好-楊梅,2023-12-05,5262
00919,群益台灣精選高息,165,0,165,美好-楊梅,2023-12-05,5262
00687B,國泰20年美債,105,2,103,美好-楊梅,2023-12-05,5262
00706L,期元大S＆P日圓正2,95,0,95,美好-楊梅,2023-12-05,5262
2610,華航,115,23,92,美好-楊梅,2023-12-05,5262
00666R,富邦�琤肭磪齯�1,70,0,70,美好-楊梅,2023-12-05,5262
00878,國泰永續高股息,63,7,56,美好-楊梅,2023-12-05,5262
3284,太普高,50,0,50,美好-楊梅,2023-12-05,5262
2618,長榮航,54,13,41,美好-楊梅,2023-12-05,5262
2606,裕民,74,34,40,美好-楊梅,2023-12-05,5262
3390,旭軟,39,0,39,美好-楊梅,2023-12-05,5262
1313,聯成,37,0,37,美好-楊梅,2023-12-05,5262
2344,華邦電,33,0,33,美好-楊梅,2023-12-05,5262
2601,益航,50,20,30,美好-楊梅,2023-12-05,5262
1605,華新,41,13,28,美好-楊梅,2023-12-05,5262
0056,元大高股息,29,1,28,美好-楊梅,2023-12-05,5262
1781,合世,40,12,28,美好-楊梅,2023-12-05,5262
5347,世界,30,4,26,美好-楊梅,2023-12-05,5262
3231,緯創,61,35,26,美好-楊梅,2023-12-05,5262
2332,友訊,34,8,26,美好-楊梅,2023-12-05,5262
6592,和潤企業,25,0,25,美好-楊梅,2023-12-05,5262
00665L,富邦�琤肭磪囓�2,22,0,22,美好-楊梅,2023-12-05,5262
00933B,國泰10Y+金融債,21,0,21,美好-楊梅,2023-12-05,5262
00918,大華優利高填息30,20,0,20,美好-楊梅,2023-12-05,5262
2354,鴻準,21,1,20,美好-楊梅,2023-12-05,5262
6742,澤米,21,1,20,美好-楊梅,2023-12-05,5262
3338,泰碩,17,0,17,美好-楊梅,2023-12-05,5262
00882,中信中國高股息,16,0,16,美好-楊梅,2023-12-05,5262
1616,億泰,18,2,16,美好-楊梅,2023-12-05,5262
00934,中信成長高股息,15,0,15,美好-楊梅,2023-12-05,5262
00929,復華台灣科技優息,33,18,15,美好-楊梅,2023-12-05,5262
2352,佳世達,16,1,15,美好-楊梅,2023-12-05,5262
2329,華泰,35,20,15,美好-楊梅,2023-12-05,5262
2891,中信金,14,0,14,美好-楊梅,2023-12-05,5262
1714,和桐,14,0,14,美好-楊梅,2023-12-05,5262
2883,凱基金,32,20,12,美好-楊梅,2023-12-05,5262
3287,廣寰科,12,0,12,美好-楊梅,2023-12-05,5262
6265,方土昶,12,0,12,美好-楊梅,2023-12-05,5262
4128,中天,12,0,12,美好-楊梅,2023-12-05,5262
0050,元大台灣50,11,0,11,美好-楊梅,2023-12-05,5262
6499,益安,12,1,11,美好-楊梅,2023-12-05,5262
00715L,期街口布蘭特正2,10,0,10,美好-楊梅,2023-12-05,5262
2358,廷鑫,10,0,10,美好-楊梅,2023-12-05,5262
2493,揚博,10,0,10,美好-楊梅,2023-12-05,5262
2867,三商壽,10,0,10,美好-楊梅,2023-12-05,5262
3032,偉訓,10,0,10,美好-楊梅,2023-12-05,5262
4167,松瑞藥,20,10,10,美好-楊梅,2023-12-05,5262
5512,力麒,10,0,10,美好-楊梅,2023-12-05,5262
2314,台揚,10,0,10,美好-楊梅,2023-12-05,5262
8086,宏捷科,12,3,9,美好-楊梅,2023-12-05,5262
00680L,元大美債20正2,222,0,222,美好-楊梅,2023-12-06,5262
00918,大華優利高填息30,188,0,188,美好-楊梅,2023-12-06,5262
2867,三商壽,81,0,81,美好-楊梅,2023-12-06,5262
2409,友達,77,2,75,美好-楊梅,2023-12-06,5262
00937B,群益ESG投等債20,81,10,71,美好-楊梅,2023-12-06,5262
00931B,統一美債20年,53,0,53,美好-楊梅,2023-12-06,5262
2344,華邦電,51,4,47,美好-楊梅,2023-12-06,5262
00919,群益台灣精選高息,39,1,38,美好-楊梅,2023-12-06,5262
2303,聯電,44,9,35,美好-楊梅,2023-12-06,5262
00636,國泰中國A50,31,0,31,美好-楊梅,2023-12-06,5262
1504,東元,37,9,28,美好-楊梅,2023-12-06,5262
3035,智原,83,57,26,美好-楊梅,2023-12-06,5262
00687B,國泰20年美債,26,0,26,美好-楊梅,2023-12-06,5262
00679B,元大美債20年,25,0,25,美好-楊梅,2023-12-06,5262
1781,合世,25,1,24,美好-楊梅,2023-12-06,5262
2355,敬鵬,37,13,24,美好-楊梅,2023-12-06,5262
2883,凱基金,24,0,24,美好-楊梅,2023-12-06,5262
00664R,國泰臺灣加權反1,20,0,20,美好-楊梅,2023-12-06,5262
00643,群益深証中小,20,0,20,美好-楊梅,2023-12-06,5262
00639,富邦深100,21,1,20,美好-楊梅,2023-12-06,5262
1714,和桐,20,0,20,美好-楊梅,2023-12-06,5262
2515,中工,20,0,20,美好-楊梅,2023-12-06,5262
2887,台新金,20,0,20,美好-楊梅,2023-12-06,5262
3284,太普高,20,0,20,美好-楊梅,2023-12-06,5262
6265,方土昶,20,0,20,美好-楊梅,2023-12-06,5262
3413,京鼎,18,0,18,美好-楊梅,2023-12-06,5262
00688L,國泰20年美債正2,16,0,16,美好-楊梅,2023-12-06,5262
3050,鈺德,18,2,16,美好-楊梅,2023-12-06,5262
6148,驊宏資,23,7,16,美好-楊梅,2023-12-06,5262
00712,復華富時不動產,21,6,15,美好-楊梅,2023-12-06,5262
00902,中信電池及儲能,20,5,15,美好-楊梅,2023-12-06,5262
5483,中美晶,16,1,15,美好-楊梅,2023-12-06,5262
2329,華泰,18,4,14,美好-楊梅,2023-12-06,5262
00720B,元大投資級公司債,14,0,14,美好-楊梅,2023-12-06,5262
6271,同欣電,13,1,12,美好-楊梅,2023-12-06,5262
2354,鴻準,13,1,12,美好-楊梅,2023-12-06,5262
2419,仲琦,18,6,12,美好-楊梅,2023-12-06,5262
3540,曜越,13,1,12,美好-楊梅,2023-12-06,5262
1522,堤維西,22,11,11,美好-楊梅,2023-12-06,5262
3207,耀勝,11,0,11,美好-楊梅,2023-12-06,5262
3481,群創,11,0,11,美好-楊梅,2023-12-06,5262
5210,寶碩,11,0,11,美好-楊梅,2023-12-06,5262
00633L,富邦上証正2,10,0,10,美好-楊梅,2023-12-06,5262
1708,東鹼,10,0,10,美好-楊梅,2023-12-06,5262
5328,華容,11,1,10,美好-楊梅,2023-12-06,5262
6116,彩晶,10,0,10,美好-楊梅,2023-12-06,5262
6742,澤米,11,1,10,美好-楊梅,2023-12-06,5262
1101,台泥,9,0,9,美好-楊梅,2023-12-06,5262
2382,廣達,13,4,9,美好-楊梅,2023-12-06,5262
2471,資通,9,0,9,美好-楊梅,2023-12-06,5262
00937B,群益ESG投等債20,185,30,155,美好-楊梅,2023-12-07,5262
6770,力積電,131,1,130,美好-楊梅,2023-12-07,5262
00919,群益台灣精選高息,114,2,112,美好-楊梅,2023-12-07,5262
00753L,中信中國50正2,100,0,100,美好-楊梅,2023-12-07,5262
3284,太普高,100,0,100,美好-楊梅,2023-12-07,5262
00712,復華富時不動產,63,0,63,美好-楊梅,2023-12-07,5262
6117,迎廣,111,53,58,美好-楊梅,2023-12-07,5262
00665L,富邦�琤肭磪囓�2,60,13,47,美好-楊梅,2023-12-07,5262
00720B,元大投資級公司債,40,0,40,美好-楊梅,2023-12-07,5262
00931B,統一美債20年,40,1,39,美好-楊梅,2023-12-07,5262
1609,大亞,67,30,37,美好-楊梅,2023-12-07,5262
00715L,期街口布蘭特正2,32,0,32,美好-楊梅,2023-12-07,5262
00680L,元大美債20正2,31,0,31,美好-楊梅,2023-12-07,5262
3052,夆典,27,0,27,美好-楊梅,2023-12-07,5262
6150,撼訊,29,2,27,美好-楊梅,2023-12-07,5262
2324,仁寶,26,1,25,美好-楊梅,2023-12-07,5262
2344,華邦電,24,0,24,美好-楊梅,2023-12-07,5262
2889,國票金,24,0,24,美好-楊梅,2023-12-07,5262
00679B,元大美債20年,25,2,23,美好-楊梅,2023-12-07,5262
3041,揚智,96,73,23,美好-楊梅,2023-12-07,5262
2303,聯電,22,0,22,美好-楊梅,2023-12-07,5262
2399,映泰,34,12,22,美好-楊梅,2023-12-07,5262
3715,定穎投控,24,3,21,美好-楊梅,2023-12-07,5262
1714,和桐,20,0,20,美好-楊梅,2023-12-07,5262
6148,驊宏資,21,1,20,美好-楊梅,2023-12-07,5262
1522,堤維西,68,49,19,美好-楊梅,2023-12-07,5262
00882,中信中國高股息,30,11,19,美好-楊梅,2023-12-07,5262
3051,力特,23,5,18,美好-楊梅,2023-12-07,5262
00637L,元大滬深300正2,17,0,17,美好-楊梅,2023-12-07,5262
3062,建漢,22,5,17,美好-楊梅,2023-12-07,5262
6233,旺玖,21,4,17,美好-楊梅,2023-12-07,5262
2601,益航,16,0,16,美好-楊梅,2023-12-07,5262
2305,全友,15,0,15,美好-楊梅,2023-12-07,5262
5203,訊連,15,0,15,美好-楊梅,2023-12-07,5262
3231,緯創,45,30,15,美好-楊梅,2023-12-07,5262
1513,中興電,63,49,14,美好-楊梅,2023-12-07,5262
00642U,期元大S＆P石油,18,5,13,美好-楊梅,2023-12-07,5262
00687B,國泰20年美債,15,2,13,美好-楊梅,2023-12-07,5262
2425,承啟,13,1,12,美好-楊梅,2023-12-07,5262
2867,三商壽,12,0,12,美好-楊梅,2023-12-07,5262
6282,康舒,27,16,11,美好-楊梅,2023-12-07,5262
00636,國泰中國A50,21,10,11,美好-楊梅,2023-12-07,5262
2023,燁輝,11,0,11,美好-楊梅,2023-12-07,5262
2332,友訊,11,0,11,美好-楊梅,2023-12-07,5262
2834,臺企銀,11,0,11,美好-楊梅,2023-12-07,5262
00725B,國泰投資級公司債,10,0,10,美好-楊梅,2023-12-07,5262
0056,元大高股息,12,2,10,美好-楊梅,2023-12-07,5262
1303,南亞,10,0,10,美好-楊梅,2023-12-07,5262
1434,福懋,10,0,10,美好-楊梅,2023-12-07,5262
1568,倉佑,10,0,10,美好-楊梅,2023-12-07,5262
00937B,群益ESG投等債20,162,0,162,美好-楊梅,2023-12-08,5262
2816,旺旺保,128,9,119,美好-楊梅,2023-12-08,5262
3052,夆典,93,0,93,美好-楊梅,2023-12-08,5262
00680L,元大美債20正2,69,0,69,美好-楊梅,2023-12-08,5262
6220,岳豐,45,0,45,美好-楊梅,2023-12-08,5262
00931B,統一美債20年,43,0,43,美好-楊梅,2023-12-08,5262
2359,所羅門,44,1,43,美好-楊梅,2023-12-08,5262
00919,群益台灣精選高息,44,3,41,美好-楊梅,2023-12-08,5262
00915,凱基優選高股息30,38,0,38,美好-楊梅,2023-12-08,5262
00637L,元大滬深300正2,36,0,36,美好-楊梅,2023-12-08,5262
1616,億泰,32,2,30,美好-楊梅,2023-12-08,5262
3284,太普高,30,0,30,美好-楊梅,2023-12-08,5262
2002,中鋼,28,0,28,美好-楊梅,2023-12-08,5262
00712,復華富時不動產,27,0,27,美好-楊梅,2023-12-08,5262
3050,鈺德,26,1,25,美好-楊梅,2023-12-08,5262
2314,台揚,26,2,24,美好-楊梅,2023-12-08,5262
2329,華泰,28,7,21,美好-楊梅,2023-12-08,5262
3078,僑威,70,52,18,美好-楊梅,2023-12-08,5262
3231,緯創,40,23,17,美好-楊梅,2023-12-08,5262
5302,太欣,17,0,17,美好-楊梅,2023-12-08,5262
00687B,國泰20年美債,16,0,16,美好-楊梅,2023-12-08,5262
2367,燿華,32,16,16,美好-楊梅,2023-12-08,5262
6443,元晶,16,0,16,美好-楊梅,2023-12-08,5262
00933B,國泰10Y+金融債,15,0,15,美好-楊梅,2023-12-08,5262
00715L,期街口布蘭特正2,15,0,15,美好-楊梅,2023-12-08,5262
00632R,元大台灣50反1,15,0,15,美好-楊梅,2023-12-08,5262
8996,高力,17,3,14,美好-楊梅,2023-12-08,5262
2313,華通,21,7,14,美好-楊梅,2023-12-08,5262
00751B,元大AAA至A公司債,13,0,13,美好-楊梅,2023-12-08,5262
2867,三商壽,14,2,12,美好-楊梅,2023-12-08,5262
3276,宇環,22,10,12,美好-楊梅,2023-12-08,5262
1503,士電,16,5,11,美好-楊梅,2023-12-08,5262
1312,國喬,11,0,11,美好-楊梅,2023-12-08,5262
2449,京元電子,12,1,11,美好-楊梅,2023-12-08,5262
2609,陽明,15,5,10,美好-楊梅,2023-12-08,5262
00650L,復華香港正2,10,0,10,美好-楊梅,2023-12-08,5262
2883,凱基金,20,10,10,美好-楊梅,2023-12-08,5262
3031,佰鴻,10,0,10,美好-楊梅,2023-12-08,5262
4401,東隆興,10,0,10,美好-楊梅,2023-12-08,5262
6269,台郡,10,0,10,美好-楊梅,2023-12-08,5262
00713,元大台灣高息低波,10,0,10,美好-楊梅,2023-12-08,5262
00882,中信中國高股息,9,0,9,美好-楊梅,2023-12-08,5262
2211,長榮鋼,9,1,8,美好-楊梅,2023-12-08,5262
3006,晶豪科,16,8,8,美好-楊梅,2023-12-08,5262
3704,合勤控,10,2,8,美好-楊梅,2023-12-08,5262
6122,擎邦,9,1,8,美好-楊梅,2023-12-08,5262
6185,幃翔,8,0,8,美好-楊梅,2023-12-08,5262
6233,旺玖,25,17,8,美好-楊梅,2023-12-08,5262
2303,聯電,8,1,7,美好-楊梅,2023-12-08,5262
4974,亞泰,7,0,7,美好-楊梅,2023-12-08,5262
00919,群益台灣精選高息,322,0,322,美好-楊梅,2023-12-11,5262
2888,新光金,119,10,109,美好-楊梅,2023-12-11,5262
2349,錸德,100,0,100,美好-楊梅,2023-12-11,5262
00665L,富邦�琤肭磪囓�2,68,1,67,美好-楊梅,2023-12-11,5262
4979,華星光,94,32,62,美好-楊梅,2023-12-11,5262
00918,大華優利高填息30,59,0,59,美好-楊梅,2023-12-11,5262
2002,中鋼,58,0,58,美好-楊梅,2023-12-11,5262
2605,新興,300,244,56,美好-楊梅,2023-12-11,5262
00915,凱基優選高股息30,50,0,50,美好-楊梅,2023-12-11,5262
2363,矽統,74,39,35,美好-楊梅,2023-12-11,5262
00882,中信中國高股息,35,0,35,美好-楊梅,2023-12-11,5262
2891,中信金,30,0,30,美好-楊梅,2023-12-11,5262
00679B,元大美債20年,30,0,30,美好-楊梅,2023-12-11,5262
1603,華電,30,0,30,美好-楊梅,2023-12-11,5262
2409,友達,31,5,26,美好-楊梅,2023-12-11,5262
2913,農林,27,1,26,美好-楊梅,2023-12-11,5262
00712,復華富時不動產,26,0,26,美好-楊梅,2023-12-11,5262
2897,王道銀行,64,40,24,美好-楊梅,2023-12-11,5262
2606,裕民,28,6,22,美好-楊梅,2023-12-11,5262
1609,大亞,40,19,21,美好-楊梅,2023-12-11,5262
2376,技嘉,36,15,21,美好-楊梅,2023-12-11,5262
2387,精元,21,0,21,美好-楊梅,2023-12-11,5262
00688L,國泰20年美債正2,20,0,20,美好-楊梅,2023-12-11,5262
00738U,期元大道瓊白銀,20,0,20,美好-楊梅,2023-12-11,5262
2368,金像電,19,0,19,美好-楊梅,2023-12-11,5262
00937B,群益ESG投等債20,19,0,19,美好-楊梅,2023-12-11,5262
1312,國喬,19,0,19,美好-楊梅,2023-12-11,5262
2388,威盛,28,11,17,美好-楊梅,2023-12-11,5262
2201,裕隆,17,1,16,美好-楊梅,2023-12-11,5262
4915,致伸,17,1,16,美好-楊梅,2023-12-11,5262
6282,康舒,56,40,16,美好-楊梅,2023-12-11,5262
3266,昇陽,15,0,15,美好-楊梅,2023-12-11,5262
6005,群益證,15,0,15,美好-楊梅,2023-12-11,5262
1524,耿鼎,103,89,14,美好-楊梅,2023-12-11,5262
00853B,統一美債10年Aa-,13,0,13,美好-楊梅,2023-12-11,5262
2358,廷鑫,15,2,13,美好-楊梅,2023-12-11,5262
1605,華新,15,4,11,美好-楊梅,2023-12-11,5262
3374,精材,12,1,11,美好-楊梅,2023-12-11,5262
6742,澤米,11,0,11,美好-楊梅,2023-12-11,5262
00724B,群益投資級金融債,10,0,10,美好-楊梅,2023-12-11,5262
00706L,期元大S＆P日圓正2,10,0,10,美好-楊梅,2023-12-11,5262
00692,富邦公司治理,10,0,10,美好-楊梅,2023-12-11,5262
2405,輔信,13,3,10,美好-楊梅,2023-12-11,5262
2425,承啟,10,0,10,美好-楊梅,2023-12-11,5262
4401,東隆興,10,0,10,美好-楊梅,2023-12-11,5262
0056,元大高股息,26,17,9,美好-楊梅,2023-12-11,5262
00687B,國泰20年美債,9,0,9,美好-楊梅,2023-12-11,5262
2401,凌陽,13,4,9,美好-楊梅,2023-12-11,5262
6150,撼訊,9,0,9,美好-楊梅,2023-12-11,5262
8996,高力,14,5,9,美好-楊梅,2023-12-11,5262
00919,群益台灣精選高息,213,18,195,美好-楊梅,2023-12-12,5262
00712,復華富時不動產,58,0,58,美好-楊梅,2023-12-12,5262
00929,復華台灣科技優息,68,17,51,美好-楊梅,2023-12-12,5262
00636,國泰中國A50,50,0,50,美好-楊梅,2023-12-12,5262
3380,明泰,37,5,32,美好-楊梅,2023-12-12,5262
00751B,元大AAA至A公司債,30,0,30,美好-楊梅,2023-12-12,5262
00679B,元大美債20年,29,0,29,美好-楊梅,2023-12-12,5262
2399,映泰,29,3,26,美好-楊梅,2023-12-12,5262
1618,合機,50,26,24,美好-楊梅,2023-12-12,5262
00918,大華優利高填息30,28,5,23,美好-楊梅,2023-12-12,5262
9927,泰銘,21,0,21,美好-楊梅,2023-12-12,5262
2329,華泰,27,7,20,美好-楊梅,2023-12-12,5262
2002,中鋼,16,0,16,美好-楊梅,2023-12-12,5262
00937B,群益ESG投等債20,16,1,15,美好-楊梅,2023-12-12,5262
2882,國泰金,17,2,15,美好-楊梅,2023-12-12,5262
3362,先進光,15,1,14,美好-楊梅,2023-12-12,5262
2313,華通,49,36,13,美好-楊梅,2023-12-12,5262
6122,擎邦,13,0,13,美好-楊梅,2023-12-12,5262
00933B,國泰10Y+金融債,12,0,12,美好-楊梅,2023-12-12,5262
1522,堤維西,13,1,12,美好-楊梅,2023-12-12,5262
1608,華榮,15,3,12,美好-楊梅,2023-12-12,5262
2409,友達,12,1,11,美好-楊梅,2023-12-12,5262
3234,光環,13,2,11,美好-楊梅,2023-12-12,5262
3437,榮創,11,0,11,美好-楊梅,2023-12-12,5262
2884,玉山金,15,5,10,美好-楊梅,2023-12-12,5262
00632R,元大台灣50反1,10,0,10,美好-楊梅,2023-12-12,5262
00934,中信成長高股息,10,0,10,美好-楊梅,2023-12-12,5262
1730,花仙子,10,0,10,美好-楊梅,2023-12-12,5262
2332,友訊,10,0,10,美好-楊梅,2023-12-12,5262
3592,瑞鼎,10,0,10,美好-楊梅,2023-12-12,5262
5381,合正,21,11,10,美好-楊梅,2023-12-12,5262
8227,巨有科技,10,0,10,美好-楊梅,2023-12-12,5262
2376,技嘉,20,11,9,美好-楊梅,2023-12-12,5262
2641,正德,12,3,9,美好-楊梅,2023-12-12,5262
6116,彩晶,10,1,9,美好-楊梅,2023-12-12,5262
6156,松上,9,0,9,美好-楊梅,2023-12-12,5262
6281,全國電,9,0,9,美好-楊梅,2023-12-12,5262
8234,新漢,8,0,8,美好-楊梅,2023-12-12,5262
2615,萬海,12,4,8,美好-楊梅,2023-12-12,5262
2883,凱基金,10,3,7,美好-楊梅,2023-12-12,5262
00912,中信臺灣智慧50,7,0,7,美好-楊梅,2023-12-12,5262
1513,中興電,10,3,7,美好-楊梅,2023-12-12,5262
2025,千興,7,0,7,美好-楊梅,2023-12-12,5262
8112,至上,124,117,7,美好-楊梅,2023-12-12,5262
1524,耿鼎,22,16,6,美好-楊梅,2023-12-12,5262
2355,敬鵬,11,5,6,美好-楊梅,2023-12-12,5262
3483,力致,6,0,6,美好-楊梅,2023-12-12,5262
3704,合勤控,8,2,6,美好-楊梅,2023-12-12,5262
8096,擎亞,10,4,6,美好-楊梅,2023-12-12,5262
8201,無敵,7,1,6,美好-楊梅,2023-12-12,5262
00919,群益台灣精選高息,185,1,184,美好-楊梅,2023-12-13,5262
2610,華航,118,8,110,美好-楊梅,2023-12-13,5262
00715L,期街口布蘭特正2,104,20,84,美好-楊梅,2023-12-13,5262
2609,陽明,79,9,70,美好-楊梅,2023-12-13,5262
2484,希華,60,0,60,美好-楊梅,2023-12-13,5262
00937B,群益ESG投等債20,53,0,53,美好-楊梅,2023-12-13,5262
00680L,元大美債20正2,51,0,51,美好-楊梅,2023-12-13,5262
6182,合晶,46,4,42,美好-楊梅,2023-12-13,5262
2002,中鋼,34,0,34,美好-楊梅,2023-12-13,5262
00665L,富邦�琤肭磪囓�2,30,0,30,美好-楊梅,2023-12-13,5262
6573,虹揚-KY,29,0,29,美好-楊梅,2023-12-13,5262
00751B,元大AAA至A公司債,27,0,27,美好-楊梅,2023-12-13,5262
2363,矽統,41,16,25,美好-楊梅,2023-12-13,5262
00642U,期元大S＆P石油,24,0,24,美好-楊梅,2023-12-13,5262
2419,仲琦,31,7,24,美好-楊梅,2023-12-13,5262
00918,大華優利高填息30,208,185,23,美好-楊梅,2023-12-13,5262
2328,廣宇,23,0,23,美好-楊梅,2023-12-13,5262
2888,新光金,23,0,23,美好-楊梅,2023-12-13,5262
00679B,元大美債20年,23,0,23,美好-楊梅,2023-12-13,5262
00902,中信電池及儲能,22,0,22,美好-楊梅,2023-12-13,5262
1522,堤維西,41,22,19,美好-楊梅,2023-12-13,5262
6168,宏齊,21,2,19,美好-楊梅,2023-12-13,5262
3622,洋華,31,14,17,美好-楊梅,2023-12-13,5262
00933B,國泰10Y+金融債,16,0,16,美好-楊梅,2023-12-13,5262
3006,晶豪科,15,1,14,美好-楊梅,2023-12-13,5262
2816,旺旺保,15,1,14,美好-楊梅,2023-12-13,5262
2884,玉山金,19,6,13,美好-楊梅,2023-12-13,5262
2402,毅嘉,20,7,13,美好-楊梅,2023-12-13,5262
2516,新建,16,3,13,美好-楊梅,2023-12-13,5262
2634,漢翔,33,21,12,美好-楊梅,2023-12-13,5262
2641,正德,14,2,12,美好-楊梅,2023-12-13,5262
6282,康舒,19,7,12,美好-楊梅,2023-12-13,5262
2615,萬海,13,1,12,美好-楊梅,2023-12-13,5262
3706,神達,36,24,12,美好-楊梅,2023-12-13,5262
00882,中信中國高股息,13,2,11,美好-楊梅,2023-12-13,5262
2495,普安,11,0,11,美好-楊梅,2023-12-13,5262
2882,國泰金,11,0,11,美好-楊梅,2023-12-13,5262
4306,炎洲,12,1,11,美好-楊梅,2023-12-13,5262
2204,中華,16,5,11,美好-楊梅,2023-12-13,5262
00632R,元大台灣50反1,10,0,10,美好-楊梅,2023-12-13,5262
2371,大同,25,15,10,美好-楊梅,2023-12-13,5262
2493,揚博,10,0,10,美好-楊梅,2023-12-13,5262
2867,三商壽,10,0,10,美好-楊梅,2023-12-13,5262
2881,富邦金,10,0,10,美好-楊梅,2023-12-13,5262
4577,達航科技,10,0,10,美好-楊梅,2023-12-13,5262
4930,燦星網,10,0,10,美好-楊梅,2023-12-13,5262
1513,中興電,22,12,10,美好-楊梅,2023-12-13,5262
00934,中信成長高股息,9,0,9,美好-楊梅,2023-12-13,5262
00893,國泰智能電動車,10,1,9,美好-楊梅,2023-12-13,5262
2344,華邦電,10,1,9,美好-楊梅,2023-12-13,5262
00632R,元大台灣50反1,250,0,250,美好-楊梅,2023-12-14,5262
3019,亞光,100,6,94,美好-楊梅,2023-12-14,5262
6573,虹揚-KY,75,0,75,美好-楊梅,2023-12-14,5262
2816,旺旺保,60,0,60,美好-楊梅,2023-12-14,5262
00937B,群益ESG投等債20,49,5,44,美好-楊梅,2023-12-14,5262
2897,王道銀行,40,0,40,美好-楊梅,2023-12-14,5262
2609,陽明,40,1,39,美好-楊梅,2023-12-14,5262
00687B,國泰20年美債,39,1,38,美好-楊梅,2023-12-14,5262
00918,大華優利高填息30,39,3,36,美好-楊梅,2023-12-14,5262
5515,建國,37,2,35,美好-楊梅,2023-12-14,5262
00885,富邦越南,32,0,32,美好-楊梅,2023-12-14,5262
2516,新建,43,19,24,美好-楊梅,2023-12-14,5262
3362,先進光,26,2,24,美好-楊梅,2023-12-14,5262
00679B,元大美債20年,25,4,21,美好-楊梅,2023-12-14,5262
00751B,元大AAA至A公司債,20,0,20,美好-楊梅,2023-12-14,5262
1312,國喬,20,0,20,美好-楊梅,2023-12-14,5262
00923,群益台ESG低碳50,20,1,19,美好-楊梅,2023-12-14,5262
1815,富喬,29,10,19,美好-楊梅,2023-12-14,5262
2409,友達,21,3,18,美好-楊梅,2023-12-14,5262
3715,定穎投控,31,13,18,美好-楊梅,2023-12-14,5262
1342,八貫,18,2,16,美好-楊梅,2023-12-14,5262
1524,耿鼎,27,11,16,美好-楊梅,2023-12-14,5262
00720B,元大投資級公司債,15,0,15,美好-楊梅,2023-12-14,5262
00931B,統一美債20年,15,0,15,美好-楊梅,2023-12-14,5262
2359,所羅門,16,2,14,美好-楊梅,2023-12-14,5262
8011,台通,13,0,13,美好-楊梅,2023-12-14,5262
00680L,元大美債20正2,12,0,12,美好-楊梅,2023-12-14,5262
3499,環天科,12,0,12,美好-楊梅,2023-12-14,5262
3231,緯創,36,25,11,美好-楊梅,2023-12-14,5262
2440,太空梭,11,0,11,美好-楊梅,2023-12-14,5262
3044,健鼎,11,0,11,美好-楊梅,2023-12-14,5262
3189,景碩,11,0,11,美好-楊梅,2023-12-14,5262
5521,工信,19,8,11,美好-楊梅,2023-12-14,5262
3035,智原,28,18,10,美好-楊梅,2023-12-14,5262
00882,中信中國高股息,10,0,10,美好-楊梅,2023-12-14,5262
00738U,期元大道瓊白銀,10,0,10,美好-楊梅,2023-12-14,5262
00655L,國泰中國A50正2,10,0,10,美好-楊梅,2023-12-14,5262
2636,台驊控股,10,0,10,美好-楊梅,2023-12-14,5262
2913,農林,15,5,10,美好-楊梅,2023-12-14,5262
3284,太普高,10,0,10,美好-楊梅,2023-12-14,5262
6176,瑞儀,11,1,10,美好-楊梅,2023-12-14,5262
2408,南亞科,11,1,10,美好-楊梅,2023-12-14,5262
8112,至上,34,25,9,美好-楊梅,2023-12-14,5262
1503,士電,13,4,9,美好-楊梅,2023-12-14,5262
3322,建舜電,9,0,9,美好-楊梅,2023-12-14,5262
6168,宏齊,13,4,9,美好-楊梅,2023-12-14,5262
6290,良維,11,2,9,美好-楊梅,2023-12-14,5262
9904,寶成,8,0,8,美好-楊梅,2023-12-14,5262
2605,新興,12,4,8,美好-楊梅,2023-12-14,5262
2324,仁寶,16,8,8,美好-楊梅,2023-12-14,5262
00637L,元大滬深300正2,83,0,83,美好-楊梅,2023-12-15,5262
6573,虹揚-KY,70,0,70,美好-楊梅,2023-12-15,5262
00885,富邦越南,60,2,58,美好-楊梅,2023-12-15,5262
2363,矽統,141,85,56,美好-楊梅,2023-12-15,5262
00632R,元大台灣50反1,50,0,50,美好-楊梅,2023-12-15,5262
3059,華晶科,50,0,50,美好-楊梅,2023-12-15,5262
1519,華城,57,12,45,美好-楊梅,2023-12-15,5262
00937B,群益ESG投等債20,57,14,43,美好-楊梅,2023-12-15,5262
00931B,統一美債20年,42,0,42,美好-楊梅,2023-12-15,5262
2356,英業達,336,301,35,美好-楊梅,2023-12-15,5262
00878,國泰永續高股息,41,8,33,美好-楊梅,2023-12-15,5262
2402,毅嘉,37,12,25,美好-楊梅,2023-12-15,5262
2610,華航,156,132,24,美好-楊梅,2023-12-15,5262
2888,新光金,30,6,24,美好-楊梅,2023-12-15,5262
2618,長榮航,56,33,23,美好-楊梅,2023-12-15,5262
2891,中信金,47,24,23,美好-楊梅,2023-12-15,5262
00936,台新永續高息中小,20,0,20,美好-楊梅,2023-12-15,5262
3322,建舜電,20,0,20,美好-楊梅,2023-12-15,5262
6235,華孚,27,11,16,美好-楊梅,2023-12-15,5262
00918,大華優利高填息30,28,12,16,美好-楊梅,2023-12-15,5262
2331,精英,16,0,16,美好-楊梅,2023-12-15,5262
2885,元大金,30,14,16,美好-楊梅,2023-12-15,5262
3338,泰碩,16,0,16,美好-楊梅,2023-12-15,5262
00687B,國泰20年美債,17,2,15,美好-楊梅,2023-12-15,5262
2376,技嘉,47,32,15,美好-楊梅,2023-12-15,5262
3078,僑威,24,10,14,美好-楊梅,2023-12-15,5262
2022,聚亨,13,0,13,美好-楊梅,2023-12-15,5262
3260,威剛,14,1,13,美好-楊梅,2023-12-15,5262
1301,台塑,12,0,12,美好-楊梅,2023-12-15,5262
8234,新漢,12,0,12,美好-楊梅,2023-12-15,5262
2359,所羅門,11,0,11,美好-楊梅,2023-12-15,5262
6150,撼訊,15,4,11,美好-楊梅,2023-12-15,5262
2388,威盛,40,30,10,美好-楊梅,2023-12-15,5262
020028,元大特選電動車N,10,0,10,美好-楊梅,2023-12-15,5262
3011,今皓,10,0,10,美好-楊梅,2023-12-15,5262
3512,皇龍,10,0,10,美好-楊梅,2023-12-15,5262
6213,聯茂,10,0,10,美好-楊梅,2023-12-15,5262
00679B,元大美債20年,29,20,9,美好-楊梅,2023-12-15,5262
3052,夆典,10,1,9,美好-楊梅,2023-12-15,5262
3227,原相,9,0,9,美好-楊梅,2023-12-15,5262
2201,裕隆,19,11,8,美好-楊梅,2023-12-15,5262
3017,奇鋐,10,2,8,美好-楊梅,2023-12-15,5262
6290,良維,16,8,8,美好-楊梅,2023-12-15,5262
2317,鴻海,9,1,8,美好-楊梅,2023-12-15,5262
3025,星通,7,0,7,美好-楊梅,2023-12-15,5262
2498,宏達電,18,11,7,美好-楊梅,2023-12-15,5262
5351,鈺創,10,3,7,美好-楊梅,2023-12-15,5262
3265,台星科,6,0,6,美好-楊梅,2023-12-15,5262
3702,大聯大,6,0,6,美好-楊梅,2023-12-15,5262
4953,緯軟,6,0,6,美好-楊梅,2023-12-15,5262
2610,華航,320,155,165,美好-楊梅,2023-12-18,5262
2356,英業達,116,46,70,美好-楊梅,2023-12-18,5262
00937B,群益ESG投等債20,64,3,61,美好-楊梅,2023-12-18,5262
00929,復華台灣科技優息,186,134,52,美好-楊梅,2023-12-18,5262
4401,東隆興,48,0,48,美好-楊梅,2023-12-18,5262
00687B,國泰20年美債,48,1,47,美好-楊梅,2023-12-18,5262
4930,燦星網,40,0,40,美好-楊梅,2023-12-18,5262
1514,亞力,44,11,33,美好-楊梅,2023-12-18,5262
2002,中鋼,40,9,31,美好-楊梅,2023-12-18,5262
00922,國泰台灣領袖50,30,0,30,美好-楊梅,2023-12-18,5262
3615,安可,30,0,30,美好-楊梅,2023-12-18,5262
2618,長榮航,69,45,24,美好-楊梅,2023-12-18,5262
4306,炎洲,22,2,20,美好-楊梅,2023-12-18,5262
6112,邁達特,20,0,20,美好-楊梅,2023-12-18,5262
6658,聯策,20,0,20,美好-楊梅,2023-12-18,5262
2482,連宇,20,2,18,美好-楊梅,2023-12-18,5262
3512,皇龍,18,0,18,美好-楊梅,2023-12-18,5262
00933B,國泰10Y+金融債,15,0,15,美好-楊梅,2023-12-18,5262
5009,榮剛,16,1,15,美好-楊梅,2023-12-18,5262
2413,環科,14,0,14,美好-楊梅,2023-12-18,5262
00795B,中信美國公債20年,13,0,13,美好-楊梅,2023-12-18,5262
1319,東陽,14,1,13,美好-楊梅,2023-12-18,5262
5608,四維航,15,3,12,美好-楊梅,2023-12-18,5262
6233,旺玖,17,5,12,美好-楊梅,2023-12-18,5262
00919,群益台灣精選高息,77,66,11,美好-楊梅,2023-12-18,5262
2023,燁輝,17,7,10,美好-楊梅,2023-12-18,5262
00633L,富邦上証正2,10,0,10,美好-楊梅,2023-12-18,5262
2034,允強,12,2,10,美好-楊梅,2023-12-18,5262
2332,友訊,13,3,10,美好-楊梅,2023-12-18,5262
2392,正崴,11,1,10,美好-楊梅,2023-12-18,5262
2834,臺企銀,10,0,10,美好-楊梅,2023-12-18,5262
3052,夆典,10,0,10,美好-楊梅,2023-12-18,5262
3576,聯合再生,10,0,10,美好-楊梅,2023-12-18,5262
6005,群益證,10,0,10,美好-楊梅,2023-12-18,5262
6201,亞弘電,10,0,10,美好-楊梅,2023-12-18,5262
9941,裕融,10,0,10,美好-楊梅,2023-12-18,5262
00923,群益台ESG低碳50,9,0,9,美好-楊梅,2023-12-18,5262
1608,華榮,12,4,8,美好-楊梅,2023-12-18,5262
1781,合世,10,2,8,美好-楊梅,2023-12-18,5262
6133,金橋,8,0,8,美好-楊梅,2023-12-18,5262
5425,台半,8,0,8,美好-楊梅,2023-12-18,5262
2884,玉山金,18,10,8,美好-楊梅,2023-12-18,5262
1210,大成,7,0,7,美好-楊梅,2023-12-18,5262
2607,榮運,49,42,7,美好-楊梅,2023-12-18,5262
2355,敬鵬,8,1,7,美好-楊梅,2023-12-18,5262
3047,訊舟,8,1,7,美好-楊梅,2023-12-18,5262
3437,榮創,7,0,7,美好-楊梅,2023-12-18,5262
4174,浩鼎,8,1,7,美好-楊梅,2023-12-18,5262
5521,工信,17,10,7,美好-楊梅,2023-12-18,5262
2363,矽統,14,7,7,美好-楊梅,2023-12-18,5262
00680L,元大美債20正2,244,0,244,美好-楊梅,2023-12-19,5262
00688L,國泰20年美債正2,206,0,206,美好-楊梅,2023-12-19,5262
00929,復華台灣科技優息,177,12,165,美好-楊梅,2023-12-19,5262
00937B,群益ESG投等債20,104,1,103,美好-楊梅,2023-12-19,5262
2618,長榮航,94,40,54,美好-楊梅,2023-12-19,5262
1605,華新,56,7,49,美好-楊梅,2023-12-19,5262
2356,英業達,129,81,48,美好-楊梅,2023-12-19,5262
2610,華航,349,303,46,美好-楊梅,2023-12-19,5262
00919,群益台灣精選高息,91,46,45,美好-楊梅,2023-12-19,5262
2002,中鋼,51,8,43,美好-楊梅,2023-12-19,5262
2607,榮運,42,3,39,美好-楊梅,2023-12-19,5262
00687B,國泰20年美債,70,37,33,美好-楊梅,2023-12-19,5262
6592,和潤企業,30,0,30,美好-楊梅,2023-12-19,5262
00931B,統一美債20年,25,0,25,美好-楊梅,2023-12-19,5262
1905,華紙,31,6,25,美好-楊梅,2023-12-19,5262
4128,中天,20,0,20,美好-楊梅,2023-12-19,5262
00738U,期元大道瓊白銀,20,0,20,美好-楊梅,2023-12-19,5262
2884,玉山金,20,0,20,美好-楊梅,2023-12-19,5262
2324,仁寶,18,0,18,美好-楊梅,2023-12-19,5262
00679B,元大美債20年,25,10,15,美好-楊梅,2023-12-19,5262
8064,東捷,15,0,15,美好-楊梅,2023-12-19,5262
2891,中信金,22,8,14,美好-楊梅,2023-12-19,5262
2201,裕隆,17,3,14,美好-楊梅,2023-12-19,5262
6116,彩晶,14,0,14,美好-楊梅,2023-12-19,5262
00888,永豐台灣ESG,13,0,13,美好-楊梅,2023-12-19,5262
2605,新興,41,28,13,美好-楊梅,2023-12-19,5262
2882,國泰金,13,0,13,美好-楊梅,2023-12-19,5262
2888,新光金,13,0,13,美好-楊梅,2023-12-19,5262
2615,萬海,47,35,12,美好-楊梅,2023-12-19,5262
1522,堤維西,12,0,12,美好-楊梅,2023-12-19,5262
1582,信錦,12,0,12,美好-楊梅,2023-12-19,5262
3706,神達,11,0,11,美好-楊梅,2023-12-19,5262
2388,威盛,14,3,11,美好-楊梅,2023-12-19,5262
2887,台新金,12,1,11,美好-楊梅,2023-12-19,5262
1504,東元,12,1,11,美好-楊梅,2023-12-19,5262
4167,松瑞藥,14,3,11,美好-楊梅,2023-12-19,5262
2032,新鋼,11,1,10,美好-楊梅,2023-12-19,5262
1312,國喬,10,0,10,美好-楊梅,2023-12-19,5262
2425,承啟,12,2,10,美好-楊梅,2023-12-19,5262
2441,超豐,10,0,10,美好-楊梅,2023-12-19,5262
2801,彰銀,10,0,10,美好-楊梅,2023-12-19,5262
2897,王道銀行,10,0,10,美好-楊梅,2023-12-19,5262
8201,無敵,12,2,10,美好-楊梅,2023-12-19,5262
2023,燁輝,10,1,9,美好-楊梅,2023-12-19,5262
6191,精成科,9,0,9,美好-楊梅,2023-12-19,5262
3548,兆利,33,24,9,美好-楊梅,2023-12-19,5262
9904,寶成,8,0,8,美好-楊梅,2023-12-19,5262
2014,中鴻,23,15,8,美好-楊梅,2023-12-19,5262
9105,泰金寶-DR,14,6,8,美好-楊梅,2023-12-19,5262
2409,友達,8,0,8,美好-楊梅,2023-12-19,5262
00679B,元大美債20年,116,3,113,美好-楊梅,2023-12-20,5262
00934,中信成長高股息,88,0,88,美好-楊梅,2023-12-20,5262
00919,群益台灣精選高息,89,14,75,美好-楊梅,2023-12-20,5262
00929,復華台灣科技優息,76,19,57,美好-楊梅,2023-12-20,5262
2891,中信金,55,0,55,美好-楊梅,2023-12-20,5262
2618,長榮航,36,10,26,美好-楊梅,2023-12-20,5262
3006,晶豪科,44,20,24,美好-楊梅,2023-12-20,5262
00632R,元大台灣50反1,20,0,20,美好-楊梅,2023-12-20,5262
00795B,中信美國公債20年,20,0,20,美好-楊梅,2023-12-20,5262
6592,和潤企業,20,0,20,美好-楊梅,2023-12-20,5262
00888,永豐台灣ESG,20,1,19,美好-楊梅,2023-12-20,5262
2492,華新科,18,0,18,美好-楊梅,2023-12-20,5262
00933B,國泰10Y+金融債,17,0,17,美好-楊梅,2023-12-20,5262
00712,復華富時不動產,32,15,17,美好-楊梅,2023-12-20,5262
2355,敬鵬,14,0,14,美好-楊梅,2023-12-20,5262
2419,仲琦,17,4,13,美好-楊梅,2023-12-20,5262
2636,台驊控股,15,2,13,美好-楊梅,2023-12-20,5262
2007,燁興,12,0,12,美好-楊梅,2023-12-20,5262
2022,聚亨,11,0,11,美好-楊梅,2023-12-20,5262
2888,新光金,11,0,11,美好-楊梅,2023-12-20,5262
8085,福華,36,25,11,美好-楊梅,2023-12-20,5262
00720B,元大投資級公司債,10,0,10,美好-楊梅,2023-12-20,5262
6538,倉和,10,0,10,美好-楊梅,2023-12-20,5262
00931B,統一美債20年,10,0,10,美好-楊梅,2023-12-20,5262
00900,富邦特選高股息30,10,0,10,美好-楊梅,2023-12-20,5262
00637L,元大滬深300正2,10,0,10,美好-楊梅,2023-12-20,5262
1319,東陽,10,0,10,美好-楊梅,2023-12-20,5262
2349,錸德,10,0,10,美好-楊梅,2023-12-20,5262
5439,高技,10,0,10,美好-楊梅,2023-12-20,5262
2002,中鋼,36,27,9,美好-楊梅,2023-12-20,5262
1722,台肥,9,0,9,美好-楊梅,2023-12-20,5262
2363,矽統,20,11,9,美好-楊梅,2023-12-20,5262
2425,承啟,9,0,9,美好-楊梅,2023-12-20,5262
2314,台揚,13,5,8,美好-楊梅,2023-12-20,5262
2344,華邦電,28,20,8,美好-楊梅,2023-12-20,5262
6285,啟��,8,0,8,美好-楊梅,2023-12-20,5262
1795,美時,9,2,7,美好-楊梅,2023-12-20,5262
2886,兆豐金,8,2,6,美好-楊梅,2023-12-20,5262
2369,菱生,7,1,6,美好-楊梅,2023-12-20,5262
2390,云辰,6,0,6,美好-楊梅,2023-12-20,5262
3264,欣銓,6,0,6,美好-楊梅,2023-12-20,5262
6235,華孚,11,5,6,美好-楊梅,2023-12-20,5262
2337,旺宏,5,0,5,美好-楊梅,2023-12-20,5262
00633L,富邦上証正2,5,0,5,美好-楊梅,2023-12-20,5262
1515,力山,5,0,5,美好-楊梅,2023-12-20,5262
1522,堤維西,17,12,5,美好-楊梅,2023-12-20,5262
1591,駿吉-KY,10,5,5,美好-楊梅,2023-12-20,5262
2017,官田鋼,5,0,5,美好-楊梅,2023-12-20,5262
2603,長榮,17,12,5,美好-楊梅,2023-12-20,5262
3288,點晶,5,0,5,美好-楊梅,2023-12-20,5262
00919,群益台灣精選高息,138,28,110,美好-楊梅,2023-12-21,5262
00929,復華台灣科技優息,81,11,70,美好-楊梅,2023-12-21,5262
00900,富邦特選高股息30,60,0,60,美好-楊梅,2023-12-21,5262
00937B,群益ESG投等債20,59,4,55,美好-楊梅,2023-12-21,5262
1732,毛寶,109,64,45,美好-楊梅,2023-12-21,5262
00931B,統一美債20年,40,0,40,美好-楊梅,2023-12-21,5262
2323,中環,40,1,39,美好-楊梅,2023-12-21,5262
4157,太景*-KY,42,4,38,美好-楊梅,2023-12-21,5262
5880,合庫金,38,0,38,美好-楊梅,2023-12-21,5262
2303,聯電,38,3,35,美好-楊梅,2023-12-21,5262
0056,元大高股息,34,1,33,美好-楊梅,2023-12-21,5262
2353,宏��,43,10,33,美好-楊梅,2023-12-21,5262
00669R,國泰美國道瓊反1,30,0,30,美好-楊梅,2023-12-21,5262
00664R,國泰臺灣加權反1,30,0,30,美好-楊梅,2023-12-21,5262
6770,力積電,31,1,30,美好-楊梅,2023-12-21,5262
00893,國泰智能電動車,27,0,27,美好-楊梅,2023-12-21,5262
1325,恆大,88,61,27,美好-楊梅,2023-12-21,5262
9105,泰金寶-DR,120,94,26,美好-楊梅,2023-12-21,5262
3035,智原,34,10,24,美好-楊梅,2023-12-21,5262
00878,國泰永續高股息,26,4,22,美好-楊梅,2023-12-21,5262
2314,台揚,21,0,21,美好-楊梅,2023-12-21,5262
2905,三商,20,0,20,美好-楊梅,2023-12-21,5262
6592,和潤企業,20,0,20,美好-楊梅,2023-12-21,5262
1314,中石化,26,7,19,美好-楊梅,2023-12-21,5262
9919,康那香,93,75,18,美好-楊梅,2023-12-21,5262
2337,旺宏,18,1,17,美好-楊梅,2023-12-21,5262
00915,凱基優選高股息30,15,0,15,美好-楊梅,2023-12-21,5262
1319,東陽,17,3,14,美好-楊梅,2023-12-21,5262
1514,亞力,19,5,14,美好-楊梅,2023-12-21,5262
2331,精英,27,13,14,美好-楊梅,2023-12-21,5262
3162,精確,14,0,14,美好-楊梅,2023-12-21,5262
5521,工信,26,13,13,美好-楊梅,2023-12-21,5262
2201,裕隆,12,0,12,美好-楊梅,2023-12-21,5262
2892,第一金,12,0,12,美好-楊梅,2023-12-21,5262
00933B,國泰10Y+金融債,11,0,11,美好-楊梅,2023-12-21,5262
2033,佳大,14,3,11,美好-楊梅,2023-12-21,5262
2362,藍天,12,1,11,美好-楊梅,2023-12-21,5262
2611,志信,11,0,11,美好-楊梅,2023-12-21,5262
6189,豐藝,11,0,11,美好-楊梅,2023-12-21,5262
6182,合晶,12,2,10,美好-楊梅,2023-12-21,5262
00934,中信成長高股息,10,0,10,美好-楊梅,2023-12-21,5262
00687B,國泰20年美債,11,1,10,美好-楊梅,2023-12-21,5262
1589,永冠-KY,10,0,10,美好-楊梅,2023-12-21,5262
1603,華電,10,0,10,美好-楊梅,2023-12-21,5262
1789,神隆,10,0,10,美好-楊梅,2023-12-21,5262
2014,中鴻,15,5,10,美好-楊梅,2023-12-21,5262
2258,鴻華先進-創,10,0,10,美好-楊梅,2023-12-21,5262
2449,京元電子,10,0,10,美好-楊梅,2023-12-21,5262
2464,盟立,10,0,10,美好-楊梅,2023-12-21,5262
6546,正基,20,10,10,美好-楊梅,2023-12-21,5262
00688L,國泰20年美債正2,340,0,340,美好-楊梅,2023-12-22,5262
00885,富邦越南,124,0,124,美好-楊梅,2023-12-22,5262
00753L,中信中國50正2,103,0,103,美好-楊梅,2023-12-22,5262
00680L,元大美債20正2,60,0,60,美好-楊梅,2023-12-22,5262
00937B,群益ESG投等債20,42,1,41,美好-楊梅,2023-12-22,5262
2331,精英,38,1,37,美好-楊梅,2023-12-22,5262
00933B,國泰10Y+金融債,37,5,32,美好-楊梅,2023-12-22,5262
00931B,統一美債20年,32,0,32,美好-楊梅,2023-12-22,5262
00929,復華台灣科技優息,56,26,30,美好-楊梅,2023-12-22,5262
0056,元大高股息,31,4,27,美好-楊梅,2023-12-22,5262
2313,華通,42,15,27,美好-楊梅,2023-12-22,5262
00687B,國泰20年美債,26,0,26,美好-楊梅,2023-12-22,5262
5009,榮剛,25,0,25,美好-楊梅,2023-12-22,5262
3264,欣銓,25,0,25,美好-楊梅,2023-12-22,5262
2439,美律,20,0,20,美好-楊梅,2023-12-22,5262
2301,光寶科,22,3,19,美好-楊梅,2023-12-22,5262
2014,中鴻,19,3,16,美好-楊梅,2023-12-22,5262
3546,宇峻,16,0,16,美好-楊梅,2023-12-22,5262
2355,敬鵬,19,4,15,美好-楊梅,2023-12-22,5262
2356,英業達,164,149,15,美好-楊梅,2023-12-22,5262
2641,正德,19,4,15,美好-楊梅,2023-12-22,5262
00915,凱基優選高股息30,14,0,14,美好-楊梅,2023-12-22,5262
6719,力智,12,0,12,美好-楊梅,2023-12-22,5262
2201,裕隆,13,3,10,美好-楊梅,2023-12-22,5262
00934,中信成長高股息,10,0,10,美好-楊梅,2023-12-22,5262
1402,遠東新,10,0,10,美好-楊梅,2023-12-22,5262
6125,廣運,10,0,10,美好-楊梅,2023-12-22,5262
6133,金橋,10,0,10,美好-楊梅,2023-12-22,5262
6226,光鼎,10,0,10,美好-楊梅,2023-12-22,5262
3231,緯創,47,38,9,美好-楊梅,2023-12-22,5262
2363,矽統,13,4,9,美好-楊梅,2023-12-22,5262
00919,群益台灣精選高息,17,8,9,美好-楊梅,2023-12-22,5262
00633L,富邦上証正2,9,0,9,美好-楊梅,2023-12-22,5262
3006,晶豪科,41,32,9,美好-楊梅,2023-12-22,5262
8234,新漢,9,0,9,美好-楊梅,2023-12-22,5262
2636,台驊控股,10,2,8,美好-楊梅,2023-12-22,5262
6005,群益證,8,0,8,美好-楊梅,2023-12-22,5262
00720B,元大投資級公司債,7,0,7,美好-楊梅,2023-12-22,5262
1815,富喬,7,0,7,美好-楊梅,2023-12-22,5262
2465,麗臺,9,2,7,美好-楊梅,2023-12-22,5262
2601,益航,7,0,7,美好-楊梅,2023-12-22,5262
1326,台化,6,0,6,美好-楊梅,2023-12-22,5262
1514,亞力,29,23,6,美好-楊梅,2023-12-22,5262
2408,南亞科,13,7,6,美好-楊梅,2023-12-22,5262
2493,揚博,6,0,6,美好-楊梅,2023-12-22,5262
2637,慧洋-KY,7,1,6,美好-楊梅,2023-12-22,5262
2884,玉山金,6,0,6,美好-楊梅,2023-12-22,5262
6163,華電網,6,0,6,美好-楊梅,2023-12-22,5262
6111,大宇資,11,5,6,美好-楊梅,2023-12-22,5262
1216,統一,5,0,5,美好-楊梅,2023-12-22,5262
2609,陽明,203,71,132,美好-楊梅,2023-12-25,5262
3047,訊舟,101,0,101,美好-楊梅,2023-12-25,5262
00919,群益台灣精選高息,57,15,42,美好-楊梅,2023-12-25,5262
00900,富邦特選高股息30,41,4,37,美好-楊梅,2023-12-25,5262
00929,復華台灣科技優息,39,5,34,美好-楊梅,2023-12-25,5262
6443,元晶,32,0,32,美好-楊梅,2023-12-25,5262
8096,擎亞,31,0,31,美好-楊梅,2023-12-25,5262
1605,華新,39,10,29,美好-楊梅,2023-12-25,5262
00931B,統一美債20年,28,0,28,美好-楊梅,2023-12-25,5262
2615,萬海,38,10,28,美好-楊梅,2023-12-25,5262
9904,寶成,24,0,24,美好-楊梅,2023-12-25,5262
6117,迎廣,32,12,20,美好-楊梅,2023-12-25,5262
00751B,元大AAA至A公司債,20,0,20,美好-楊梅,2023-12-25,5262
00666R,富邦�琤肭磪齯�1,20,0,20,美好-楊梅,2023-12-25,5262
2363,矽統,23,3,20,美好-楊梅,2023-12-25,5262
2611,志信,20,0,20,美好-楊梅,2023-12-25,5262
00933B,國泰10Y+金融債,18,0,18,美好-楊梅,2023-12-25,5262
6116,彩晶,20,2,18,美好-楊梅,2023-12-25,5262
00631L,元大台灣50正2,17,0,17,美好-楊梅,2023-12-25,5262
2816,旺旺保,17,0,17,美好-楊梅,2023-12-25,5262
1618,合機,17,1,16,美好-楊梅,2023-12-25,5262
00637L,元大滬深300正2,15,0,15,美好-楊梅,2023-12-25,5262
2606,裕民,36,21,15,美好-楊梅,2023-12-25,5262
1514,亞力,49,36,13,美好-楊梅,2023-12-25,5262
2206,三陽工業,13,0,13,美好-楊梅,2023-12-25,5262
2641,正德,19,6,13,美好-楊梅,2023-12-25,5262
1305,華夏,12,0,12,美好-楊梅,2023-12-25,5262
3264,欣銓,12,0,12,美好-楊梅,2023-12-25,5262
8088,品安,21,9,12,美好-楊梅,2023-12-25,5262
2607,榮運,12,0,12,美好-楊梅,2023-12-25,5262
4133,亞諾法,11,0,11,美好-楊梅,2023-12-25,5262
00706L,期元大S＆P日圓正2,10,0,10,美好-楊梅,2023-12-25,5262
00715L,期街口布蘭特正2,10,0,10,美好-楊梅,2023-12-25,5262
00892,富邦台灣半導體,10,0,10,美好-楊梅,2023-12-25,5262
1313,聯成,10,0,10,美好-楊梅,2023-12-25,5262
2436,偉詮電,12,2,10,美好-楊梅,2023-12-25,5262
2905,三商,10,0,10,美好-楊梅,2023-12-25,5262
3011,今皓,10,0,10,美好-楊梅,2023-12-25,5262
3437,榮創,10,0,10,美好-楊梅,2023-12-25,5262
3666,光耀,10,0,10,美好-楊梅,2023-12-25,5262
3704,合勤控,10,0,10,美好-楊梅,2023-12-25,5262
6139,亞翔,10,0,10,美好-楊梅,2023-12-25,5262
2603,長榮,21,11,10,美好-楊梅,2023-12-25,5262
00679B,元大美債20年,9,0,9,美好-楊梅,2023-12-25,5262
2359,所羅門,10,1,9,美好-楊梅,2023-12-25,5262
3346,麗清,14,5,9,美好-楊梅,2023-12-25,5262
2515,中工,10,2,8,美好-楊梅,2023-12-25,5262
00937B,群益ESG投等債20,14,7,7,美好-楊梅,2023-12-25,5262
2038,海光,12,5,7,美好-楊梅,2023-12-25,5262
2355,敬鵬,8,1,7,美好-楊梅,2023-12-25,5262
3047,訊舟,53,0,53,美好-楊梅,2023-12-26,5262
2605,新興,45,3,42,美好-楊梅,2023-12-26,5262
2515,中工,55,20,35,美好-楊梅,2023-12-26,5262
2399,映泰,35,2,33,美好-楊梅,2023-12-26,5262
9105,泰金寶-DR,27,4,23,美好-楊梅,2023-12-26,5262
8085,福華,41,20,21,美好-楊梅,2023-12-26,5262
00933B,國泰10Y+金融債,20,0,20,美好-楊梅,2023-12-26,5262
00665L,富邦�琤肭磪囓�2,20,0,20,美好-楊梅,2023-12-26,5262
3390,旭軟,23,3,20,美好-楊梅,2023-12-26,5262
3437,榮創,20,0,20,美好-楊梅,2023-12-26,5262
6005,群益證,20,0,20,美好-楊梅,2023-12-26,5262
00878,國泰永續高股息,44,26,18,美好-楊梅,2023-12-26,5262
2356,英業達,149,131,18,美好-楊梅,2023-12-26,5262
8024,佑華,15,0,15,美好-楊梅,2023-12-26,5262
2353,宏��,94,79,15,美好-楊梅,2023-12-26,5262
2324,仁寶,79,66,13,美好-楊梅,2023-12-26,5262
3037,欣興,15,2,13,美好-楊梅,2023-12-26,5262
4960,誠美材,13,0,13,美好-楊梅,2023-12-26,5262
2816,旺旺保,13,0,13,美好-楊梅,2023-12-26,5262
2609,陽明,311,300,11,美好-楊梅,2023-12-26,5262
00937B,群益ESG投等債20,31,21,10,美好-楊梅,2023-12-26,5262
1605,華新,15,5,10,美好-楊梅,2023-12-26,5262
2063,世鎧,10,0,10,美好-楊梅,2023-12-26,5262
2476,鉅祥,12,2,10,美好-楊梅,2023-12-26,5262
00919,群益台灣精選高息,14,4,10,美好-楊梅,2023-12-26,5262
00712,復華富時不動產,8,0,8,美好-楊梅,2023-12-26,5262
5425,台半,14,6,8,美好-楊梅,2023-12-26,5262
00929,復華台灣科技優息,23,16,7,美好-楊梅,2023-12-26,5262
00679B,元大美債20年,9,2,7,美好-楊梅,2023-12-26,5262
2020,美亞,7,0,7,美好-楊梅,2023-12-26,5262
1524,耿鼎,6,0,6,美好-楊梅,2023-12-26,5262
1806,冠軍,9,3,6,美好-楊梅,2023-12-26,5262
2204,中華,6,0,6,美好-楊梅,2023-12-26,5262
3532,台勝科,6,0,6,美好-楊梅,2023-12-26,5262
4174,浩鼎,6,0,6,美好-楊梅,2023-12-26,5262
6243,迅杰,8,2,6,美好-楊梅,2023-12-26,5262
2603,長榮,11,6,5,美好-楊梅,2023-12-26,5262
00921,兆豐龍頭等權重,5,0,5,美好-楊梅,2023-12-26,5262
00637L,元大滬深300正2,5,0,5,美好-楊梅,2023-12-26,5262
00911,兆豐洲際半導體,5,0,5,美好-楊梅,2023-12-26,5262
2033,佳大,10,5,5,美好-楊梅,2023-12-26,5262
2308,台達電,5,0,5,美好-楊梅,2023-12-26,5262
3011,今皓,5,0,5,美好-楊梅,2023-12-26,5262
3024,憶聲,7,2,5,美好-楊梅,2023-12-26,5262
3029,零壹,5,0,5,美好-楊梅,2023-12-26,5262
4104,佳醫,5,0,5,美好-楊梅,2023-12-26,5262
5203,訊連,8,3,5,美好-楊梅,2023-12-26,5262
5521,工信,5,0,5,美好-楊梅,2023-12-26,5262
6290,良維,19,14,5,美好-楊梅,2023-12-26,5262
8096,擎亞,5,0,5,美好-楊梅,2023-12-26,5262
00937B,群益ESG投等債20,229,20,209,美好-楊梅,2023-12-27,5262
00919,群益台灣精選高息,161,10,151,美好-楊梅,2023-12-27,5262
2610,華航,139,51,88,美好-楊梅,2023-12-27,5262
2913,農林,50,0,50,美好-楊梅,2023-12-27,5262
2324,仁寶,131,84,47,美好-楊梅,2023-12-27,5262
00632R,元大台灣50反1,43,0,43,美好-楊梅,2023-12-27,5262
6288,聯嘉,38,2,36,美好-楊梅,2023-12-27,5262
3532,台勝科,36,1,35,美好-楊梅,2023-12-27,5262
2356,英業達,142,107,35,美好-楊梅,2023-12-27,5262
2618,長榮航,47,18,29,美好-楊梅,2023-12-27,5262
00929,復華台灣科技優息,48,22,26,美好-楊梅,2023-12-27,5262
6695,芯鼎,85,60,25,美好-楊梅,2023-12-27,5262
2542,興富發,20,0,20,美好-楊梅,2023-12-27,5262
2455,全新,21,2,19,美好-楊梅,2023-12-27,5262
2605,新興,20,2,18,美好-楊梅,2023-12-27,5262
9105,泰金寶-DR,20,3,17,美好-楊梅,2023-12-27,5262
2363,矽統,24,8,16,美好-楊梅,2023-12-27,5262
5521,工信,17,1,16,美好-楊梅,2023-12-27,5262
3346,麗清,16,2,14,美好-楊梅,2023-12-27,5262
8996,高力,21,8,13,美好-楊梅,2023-12-27,5262
2063,世鎧,11,0,11,美好-楊梅,2023-12-27,5262
5009,榮剛,11,0,11,美好-楊梅,2023-12-27,5262
2017,官田鋼,10,0,10,美好-楊梅,2023-12-27,5262
2020,美亞,10,0,10,美好-楊梅,2023-12-27,5262
2258,鴻華先進-創,10,0,10,美好-楊梅,2023-12-27,5262
2405,輔信,22,12,10,美好-楊梅,2023-12-27,5262
6112,邁達特,10,0,10,美好-楊梅,2023-12-27,5262
6667,信紘科,10,0,10,美好-楊梅,2023-12-27,5262
5425,台半,16,6,10,美好-楊梅,2023-12-27,5262
3014,聯陽,11,2,9,美好-楊梅,2023-12-27,5262
6443,元晶,10,1,9,美好-楊梅,2023-12-27,5262
6222,上揚,8,0,8,美好-楊梅,2023-12-27,5262
8024,佑華,8,0,8,美好-楊梅,2023-12-27,5262
1303,南亞,7,0,7,美好-楊梅,2023-12-27,5262
2329,華泰,8,1,7,美好-楊梅,2023-12-27,5262
2373,震旦行,7,0,7,美好-楊梅,2023-12-27,5262
2867,三商壽,7,0,7,美好-楊梅,2023-12-27,5262
3715,定穎投控,7,0,7,美好-楊梅,2023-12-27,5262
6179,亞通,9,2,7,美好-楊梅,2023-12-27,5262
6182,合晶,11,4,7,美好-楊梅,2023-12-27,5262
8112,至上,7,1,6,美好-楊梅,2023-12-27,5262
00923,群益台ESG低碳50,6,0,6,美好-楊梅,2023-12-27,5262
1504,東元,7,1,6,美好-楊梅,2023-12-27,5262
1733,五鼎,17,11,6,美好-楊梅,2023-12-27,5262
3390,旭軟,20,14,6,美好-楊梅,2023-12-27,5262
4205,中華食,6,0,6,美好-楊梅,2023-12-27,5262
2355,敬鵬,15,10,5,美好-楊梅,2023-12-27,5262
00679B,元大美債20年,5,0,5,美好-楊梅,2023-12-27,5262
2374,佳能,5,0,5,美好-楊梅,2023-12-27,5262
00918,大華優利高填息30,5,0,5,美好-楊梅,2023-12-27,5262
2353,宏��,194,89,105,美好-楊梅,2023-12-28,5262
00937B,群益ESG投等債20,96,5,91,美好-楊梅,2023-12-28,5262
00715L,期街口布蘭特正2,65,0,65,美好-楊梅,2023-12-28,5262
00919,群益台灣精選高息,51,1,50,美好-楊梅,2023-12-28,5262
2610,華航,97,50,47,美好-楊梅,2023-12-28,5262
00639,富邦深100,50,7,43,美好-楊梅,2023-12-28,5262
00885,富邦越南,29,0,29,美好-楊梅,2023-12-28,5262
2436,偉詮電,36,7,29,美好-楊梅,2023-12-28,5262
5351,鈺創,43,16,27,美好-楊梅,2023-12-28,5262
00636,國泰中國A50,25,2,23,美好-楊梅,2023-12-28,5262
1612,宏泰,25,5,20,美好-楊梅,2023-12-28,5262
2258,鴻華先進-創,20,0,20,美好-楊梅,2023-12-28,5262
6179,亞通,51,33,18,美好-楊梅,2023-12-28,5262
2356,英業達,194,177,17,美好-楊梅,2023-12-28,5262
2609,陽明,47,31,16,美好-楊梅,2023-12-28,5262
2313,華通,22,8,14,美好-楊梅,2023-12-28,5262
3264,欣銓,14,0,14,美好-楊梅,2023-12-28,5262
2603,長榮,14,1,13,美好-楊梅,2023-12-28,5262
1815,富喬,13,0,13,美好-楊梅,2023-12-28,5262
00712,復華富時不動產,13,0,13,美好-楊梅,2023-12-28,5262
00915,凱基優選高股息30,12,0,12,美好-楊梅,2023-12-28,5262
1730,花仙子,12,0,12,美好-楊梅,2023-12-28,5262
2408,南亞科,13,1,12,美好-楊梅,2023-12-28,5262
00696B,富邦美債20年,10,0,10,美好-楊梅,2023-12-28,5262
00687B,國泰20年美債,12,2,10,美好-楊梅,2023-12-28,5262
00934,中信成長高股息,10,0,10,美好-楊梅,2023-12-28,5262
1312,國喬,10,0,10,美好-楊梅,2023-12-28,5262
2002,中鋼,32,22,10,美好-楊梅,2023-12-28,5262
2359,所羅門,12,2,10,美好-楊梅,2023-12-28,5262
5203,訊連,10,0,10,美好-楊梅,2023-12-28,5262
1319,東陽,10,1,9,美好-楊梅,2023-12-28,5262
2352,佳世達,12,3,9,美好-楊梅,2023-12-28,5262
00936,台新永續高息中小,7,0,7,美好-楊梅,2023-12-28,5262
2405,輔信,15,8,7,美好-楊梅,2023-12-28,5262
2641,正德,7,0,7,美好-楊梅,2023-12-28,5262
3024,憶聲,8,1,7,美好-楊梅,2023-12-28,5262
4205,中華食,7,0,7,美好-楊梅,2023-12-28,5262
5425,台半,14,8,6,美好-楊梅,2023-12-28,5262
00891,中信關鍵半導體,26,20,6,美好-楊梅,2023-12-28,5262
3376,新日興,8,2,6,美好-楊梅,2023-12-28,5262
2382,廣達,7,1,6,美好-楊梅,2023-12-28,5262
00632R,元大台灣50反1,6,0,6,美好-楊梅,2023-12-28,5262
1618,合機,9,3,6,美好-楊梅,2023-12-28,5262
3438,類比科,9,3,6,美好-楊梅,2023-12-28,5262
8096,擎亞,23,17,6,美好-楊梅,2023-12-28,5262
2606,裕民,14,8,6,美好-楊梅,2023-12-28,5262
1513,中興電,23,17,6,美好-楊梅,2023-12-28,5262
2027,大成鋼,5,0,5,美好-楊梅,2023-12-28,5262
2363,矽統,23,18,5,美好-楊梅,2023-12-28,5262
00670L,富邦NASDAQ正2,5,0,5,美好-楊梅,2023-12-28,5262
00937B,群益ESG投等債20,139,0,139,美好-楊梅,2023-12-29,5262
1514,亞力,98,24,74,美好-楊梅,2023-12-29,5262
2312,金寶,50,2,48,美好-楊梅,2023-12-29,5262
00929,復華台灣科技優息,66,19,47,美好-楊梅,2023-12-29,5262
1605,華新,41,0,41,美好-楊梅,2023-12-29,5262
00919,群益台灣精選高息,40,3,37,美好-楊梅,2023-12-29,5262
2609,陽明,69,35,34,美好-楊梅,2023-12-29,5262
5533,皇鼎,30,0,30,美好-楊梅,2023-12-29,5262
2888,新光金,32,2,30,美好-楊梅,2023-12-29,5262
2915,潤泰全,23,0,23,美好-楊梅,2023-12-29,5262
4973,廣穎,24,4,20,美好-楊梅,2023-12-29,5262
2014,中鴻,17,0,17,美好-楊梅,2023-12-29,5262
00918,大華優利高填息30,15,0,15,美好-楊梅,2023-12-29,5262
1503,士電,26,14,12,美好-楊梅,2023-12-29,5262
1519,華城,25,13,12,美好-楊梅,2023-12-29,5262
6754,匯僑設計,12,0,12,美好-楊梅,2023-12-29,5262
2344,華邦電,20,8,12,美好-楊梅,2023-12-29,5262
00712,復華富時不動產,12,1,11,美好-楊梅,2023-12-29,5262
8299,群聯,10,0,10,美好-楊梅,2023-12-29,5262
00935,野村臺灣新科技50,10,0,10,美好-楊梅,2023-12-29,5262
00915,凱基優選高股息30,10,0,10,美好-楊梅,2023-12-29,5262
1701,中化,10,0,10,美好-楊梅,2023-12-29,5262
3058,立德,10,0,10,美好-楊梅,2023-12-29,5262
6603,富強鑫,10,0,10,美好-楊梅,2023-12-29,5262
8404,百和興業-KY,10,0,10,美好-楊梅,2023-12-29,5262
2313,華通,22,12,10,美好-楊梅,2023-12-29,5262
6204,艾華,18,9,9,美好-楊梅,2023-12-29,5262
2637,慧洋-KY,10,1,9,美好-楊梅,2023-12-29,5262
8222,寶一,9,0,9,美好-楊梅,2023-12-29,5262
8932,智通*,9,0,9,美好-楊梅,2023-12-29,5262
2303,聯電,95,87,8,美好-楊梅,2023-12-29,5262
1905,華紙,8,0,8,美好-楊梅,2023-12-29,5262
2258,鴻華先進-創,9,1,8,美好-楊梅,2023-12-29,5262
2317,鴻海,20,12,8,美好-楊梅,2023-12-29,5262
2337,旺宏,10,2,8,美好-楊梅,2023-12-29,5262
5880,合庫金,9,1,8,美好-楊梅,2023-12-29,5262
00931B,統一美債20年,7,0,7,美好-楊梅,2023-12-29,5262
6187,萬潤,9,2,7,美好-楊梅,2023-12-29,5262
8163,達方,7,0,7,美好-楊梅,2023-12-29,5262
2376,技嘉,16,10,6,美好-楊梅,2023-12-29,5262
00687B,國泰20年美債,6,0,6,美好-楊梅,2023-12-29,5262
1721,三晃,6,0,6,美好-楊梅,2023-12-29,5262
2331,精英,6,0,6,美好-楊梅,2023-12-29,5262
4911,德英,6,0,6,美好-楊梅,2023-12-29,5262
6150,撼訊,7,1,6,美好-楊梅,2023-12-29,5262
3548,兆利,7,1,6,美好-楊梅,2023-12-29,5262
00888,永豐台灣ESG,5,0,5,美好-楊梅,2023-12-29,5262
00642U,期元大S＆P石油,5,0,5,美好-楊梅,2023-12-29,5262
00706L,期元大S＆P日圓正2,5,0,5,美好-楊梅,2023-12-29,5262
00751B,元大AAA至A公司債,5,0,5,美好-楊梅,2023-12-29,5262
00937B,群益ESG投等債20,119,1,118,美好-楊梅,2024-01-02,5262
2362,藍天,106,6,100,美好-楊梅,2024-01-02,5262
2897,王道銀行,100,0,100,美好-楊梅,2024-01-02,5262
00919,群益台灣精選高息,61,0,61,美好-楊梅,2024-01-02,5262
3231,緯創,86,30,56,美好-楊梅,2024-01-02,5262
2382,廣達,67,18,49,美好-楊梅,2024-01-02,5262
5351,鈺創,47,2,45,美好-楊梅,2024-01-02,5262
2356,英業達,113,79,34,美好-楊梅,2024-01-02,5262
00923,群益台ESG低碳50,33,0,33,美好-楊梅,2024-01-02,5262
2344,華邦電,48,24,24,美好-楊梅,2024-01-02,5262
00878,國泰永續高股息,35,13,22,美好-楊梅,2024-01-02,5262
2376,技嘉,36,15,21,美好-楊梅,2024-01-02,5262
00933B,國泰10Y+金融債,21,0,21,美好-楊梅,2024-01-02,5262
2605,新興,153,133,20,美好-楊梅,2024-01-02,5262
6550,北極星藥業-KY,20,0,20,美好-楊梅,2024-01-02,5262
9934,成霖,30,10,20,美好-楊梅,2024-01-02,5262
00927,群益半導體收益,20,1,19,美好-楊梅,2024-01-02,5262
1524,耿鼎,22,5,17,美好-楊梅,2024-01-02,5262
3715,定穎投控,23,6,17,美好-楊梅,2024-01-02,5262
1618,合機,15,0,15,美好-楊梅,2024-01-02,5262
2363,矽統,20,5,15,美好-楊梅,2024-01-02,5262
1605,華新,14,0,14,美好-楊梅,2024-01-02,5262
00929,復華台灣科技優息,45,32,13,美好-楊梅,2024-01-02,5262
00687B,國泰20年美債,13,0,13,美好-楊梅,2024-01-02,5262
3211,順達,13,0,13,美好-楊梅,2024-01-02,5262
00712,復華富時不動產,13,0,13,美好-楊梅,2024-01-02,5262
00637L,元大滬深300正2,12,0,12,美好-楊梅,2024-01-02,5262
00931B,統一美債20年,12,0,12,美好-楊梅,2024-01-02,5262
2258,鴻華先進-創,11,0,11,美好-楊梅,2024-01-02,5262
6113,亞矽,12,1,11,美好-楊梅,2024-01-02,5262
2609,陽明,115,105,10,美好-楊梅,2024-01-02,5262
00857B,永豐20年美公債,10,0,10,美好-楊梅,2024-01-02,5262
2014,中鴻,10,0,10,美好-楊梅,2024-01-02,5262
3058,立德,10,0,10,美好-楊梅,2024-01-02,5262
3346,麗清,13,3,10,美好-楊梅,2024-01-02,5262
6140,訊達,10,0,10,美好-楊梅,2024-01-02,5262
2352,佳世達,17,8,9,美好-楊梅,2024-01-02,5262
2329,華泰,11,2,9,美好-楊梅,2024-01-02,5262
2408,南亞科,9,0,9,美好-楊梅,2024-01-02,5262
3706,神達,16,7,9,美好-楊梅,2024-01-02,5262
00934,中信成長高股息,8,0,8,美好-楊梅,2024-01-02,5262
00692,富邦公司治理,8,0,8,美好-楊梅,2024-01-02,5262
1802,台玻,19,11,8,美好-楊梅,2024-01-02,5262
2455,全新,7,0,7,美好-楊梅,2024-01-02,5262
6415,矽力*-KY,7,0,7,美好-楊梅,2024-01-02,5262
00891,中信關鍵半導體,11,4,7,美好-楊梅,2024-01-02,5262
5347,世界,7,1,6,美好-楊梅,2024-01-02,5262
6235,華孚,6,0,6,美好-楊梅,2024-01-02,5262
2313,華通,14,8,6,美好-楊梅,2024-01-02,5262
3288,點晶,6,0,6,美好-楊梅,2024-01-02,5262
2362,藍天,217,11,206,美好-楊梅,2024-01-03,5262
00937B,群益ESG投等債20,145,0,145,美好-楊梅,2024-01-03,5262
00929,復華台灣科技優息,129,32,97,美好-楊梅,2024-01-03,5262
00919,群益台灣精選高息,91,18,73,美好-楊梅,2024-01-03,5262
0056,元大高股息,66,11,55,美好-楊梅,2024-01-03,5262
00881,國泰台灣5G+,57,5,52,美好-楊梅,2024-01-03,5262
6695,芯鼎,60,9,51,美好-楊梅,2024-01-03,5262
2618,長榮航,71,21,50,美好-楊梅,2024-01-03,5262
00878,國泰永續高股息,52,12,40,美好-楊梅,2024-01-03,5262
6770,力積電,39,1,38,美好-楊梅,2024-01-03,5262
8096,擎亞,47,15,32,美好-楊梅,2024-01-03,5262
2002,中鋼,31,0,31,美好-楊梅,2024-01-03,5262
5521,工信,45,14,31,美好-楊梅,2024-01-03,5262
00882,中信中國高股息,34,4,30,美好-楊梅,2024-01-03,5262
2356,英業達,111,82,29,美好-楊梅,2024-01-03,5262
2353,宏��,51,27,24,美好-楊梅,2024-01-03,5262
2330,台積電,24,1,23,美好-楊梅,2024-01-03,5262
3706,神達,28,6,22,美好-楊梅,2024-01-03,5262
00934,中信成長高股息,21,0,21,美好-楊梅,2024-01-03,5262
2344,華邦電,22,1,21,美好-楊梅,2024-01-03,5262
2606,裕民,21,3,18,美好-楊梅,2024-01-03,5262
2324,仁寶,49,32,17,美好-楊梅,2024-01-03,5262
00927,群益半導體收益,16,0,16,美好-楊梅,2024-01-03,5262
6125,廣運,17,1,16,美好-楊梅,2024-01-03,5262
2303,聯電,50,35,15,美好-楊梅,2024-01-03,5262
3260,威剛,19,4,15,美好-楊梅,2024-01-03,5262
00715L,期街口布蘭特正2,15,0,15,美好-楊梅,2024-01-03,5262
1802,台玻,80,65,15,美好-楊梅,2024-01-03,5262
2455,全新,15,0,15,美好-楊梅,2024-01-03,5262
3231,緯創,35,20,15,美好-楊梅,2024-01-03,5262
2887,台新金,14,0,14,美好-楊梅,2024-01-03,5262
00712,復華富時不動產,13,0,13,美好-楊梅,2024-01-03,5262
00751B,元大AAA至A公司債,13,0,13,美好-楊梅,2024-01-03,5262
00902,中信電池及儲能,13,0,13,美好-楊梅,2024-01-03,5262
2498,宏達電,14,1,13,美好-楊梅,2024-01-03,5262
1216,統一,13,0,13,美好-楊梅,2024-01-03,5262
2543,皇昌,12,1,11,美好-楊梅,2024-01-03,5262
00923,群益台ESG低碳50,11,0,11,美好-楊梅,2024-01-03,5262
00922,國泰台灣領袖50,11,0,11,美好-楊梅,2024-01-03,5262
00679B,元大美債20年,11,0,11,美好-楊梅,2024-01-03,5262
2258,鴻華先進-創,11,0,11,美好-楊梅,2024-01-03,5262
2399,映泰,11,0,11,美好-楊梅,2024-01-03,5262
2834,臺企銀,11,0,11,美好-楊梅,2024-01-03,5262
2889,國票金,11,0,11,美好-楊梅,2024-01-03,5262
6113,亞矽,14,3,11,美好-楊梅,2024-01-03,5262
6122,擎邦,11,0,11,美好-楊梅,2024-01-03,5262
2492,華新科,12,2,10,美好-楊梅,2024-01-03,5262
1313,聯成,10,0,10,美好-楊梅,2024-01-03,5262
2208,台船,10,0,10,美好-楊梅,2024-01-03,5262
2408,南亞科,11,1,10,美好-楊梅,2024-01-03,5262
00937B,群益ESG投等債20,132,4,128,美好-楊梅,2024-01-04,5262
00929,復華台灣科技優息,126,5,121,美好-楊梅,2024-01-04,5262
9919,康那香,122,20,102,美好-楊梅,2024-01-04,5262
00637L,元大滬深300正2,85,0,85,美好-楊梅,2024-01-04,5262
2609,陽明,272,223,49,美好-楊梅,2024-01-04,5262
00927,群益半導體收益,48,1,47,美好-楊梅,2024-01-04,5262
2641,正德,77,42,35,美好-楊梅,2024-01-04,5262
2356,英業達,40,11,29,美好-楊梅,2024-01-04,5262
0056,元大高股息,33,5,28,美好-楊梅,2024-01-04,5262
00720B,元大投資級公司債,28,0,28,美好-楊梅,2024-01-04,5262
1314,中石化,22,2,20,美好-楊梅,2024-01-04,5262
2332,友訊,20,0,20,美好-楊梅,2024-01-04,5262
6112,邁達特,28,8,20,美好-楊梅,2024-01-04,5262
2002,中鋼,23,4,19,美好-楊梅,2024-01-04,5262
6113,亞矽,33,15,18,美好-楊梅,2024-01-04,5262
9103,美德醫療-DR,21,3,18,美好-楊梅,2024-01-04,5262
2344,華邦電,16,0,16,美好-楊梅,2024-01-04,5262
6150,撼訊,16,0,16,美好-楊梅,2024-01-04,5262
2353,宏��,40,25,15,美好-楊梅,2024-01-04,5262
3231,緯創,27,12,15,美好-楊梅,2024-01-04,5262
2492,華新科,16,1,15,美好-楊梅,2024-01-04,5262
8213,志超,15,0,15,美好-楊梅,2024-01-04,5262
3481,群創,14,0,14,美好-楊梅,2024-01-04,5262
3033,威健,14,0,14,美好-楊梅,2024-01-04,5262
2498,宏達電,17,5,12,美好-楊梅,2024-01-04,5262
00882,中信中國高股息,14,3,11,美好-楊梅,2024-01-04,5262
1815,富喬,11,0,11,美好-楊梅,2024-01-04,5262
4939,亞電,11,0,11,美好-楊梅,2024-01-04,5262
00651R,復華香港反1,10,0,10,美好-楊梅,2024-01-04,5262
00666R,富邦�琤肭磪齯�1,10,0,10,美好-楊梅,2024-01-04,5262
3011,今皓,10,0,10,美好-楊梅,2024-01-04,5262
3710,連展投控,10,0,10,美好-楊梅,2024-01-04,5262
2421,建準,15,5,10,美好-楊梅,2024-01-04,5262
00712,復華富時不動產,20,11,9,美好-楊梅,2024-01-04,5262
00891,中信關鍵半導體,9,0,9,美好-楊梅,2024-01-04,5262
2331,精英,9,1,8,美好-楊梅,2024-01-04,5262
1781,合世,8,0,8,美好-楊梅,2024-01-04,5262
2515,中工,10,2,8,美好-楊梅,2024-01-04,5262
3049,精金,13,5,8,美好-楊梅,2024-01-04,5262
3707,漢磊,8,0,8,美好-楊梅,2024-01-04,5262
6125,廣運,10,2,8,美好-楊梅,2024-01-04,5262
1732,毛寶,32,24,8,美好-楊梅,2024-01-04,5262
00878,國泰永續高股息,7,0,7,美好-楊梅,2024-01-04,5262
00650L,復華香港正2,7,0,7,美好-楊梅,2024-01-04,5262
00902,中信電池及儲能,13,6,7,美好-楊梅,2024-01-04,5262
1316,上曜,7,0,7,美好-楊梅,2024-01-04,5262
2354,鴻準,7,0,7,美好-楊梅,2024-01-04,5262
2368,金像電,7,0,7,美好-楊梅,2024-01-04,5262
3047,訊舟,7,0,7,美好-楊梅,2024-01-04,5262
3390,旭軟,17,10,7,美好-楊梅,2024-01-04,5262
00929,復華台灣科技優息,92,5,87,美好-楊梅,2024-01-05,5262
2610,華航,62,2,60,美好-楊梅,2024-01-05,5262
00706L,期元大S＆P日圓正2,50,0,50,美好-楊梅,2024-01-05,5262
00937B,群益ESG投等債20,47,0,47,美好-楊梅,2024-01-05,5262
2611,志信,49,9,40,美好-楊梅,2024-01-05,5262
2329,華泰,42,5,37,美好-楊梅,2024-01-05,5262
3228,金麗科,33,1,32,美好-楊梅,2024-01-05,5262
00679B,元大美債20年,29,0,29,美好-楊梅,2024-01-05,5262
00931B,統一美債20年,28,0,28,美好-楊梅,2024-01-05,5262
2489,瑞軒,26,0,26,美好-楊梅,2024-01-05,5262
2486,一詮,44,23,21,美好-楊梅,2024-01-05,5262
3685,元創精密,20,0,20,美好-楊梅,2024-01-05,5262
2457,飛宏,40,23,17,美好-楊梅,2024-01-05,5262
3213,茂訊,16,0,16,美好-楊梅,2024-01-05,5262
0056,元大高股息,17,2,15,美好-楊梅,2024-01-05,5262
00885,富邦越南,15,0,15,美好-楊梅,2024-01-05,5262
8150,南茂,13,0,13,美好-楊梅,2024-01-05,5262
00919,群益台灣精選高息,12,0,12,美好-楊梅,2024-01-05,5262
3006,晶豪科,14,2,12,美好-楊梅,2024-01-05,5262
5355,佳總,12,0,12,美好-楊梅,2024-01-05,5262
00712,復華富時不動產,11,0,11,美好-楊梅,2024-01-05,5262
1325,恆大,14,3,11,美好-楊梅,2024-01-05,5262
1514,亞力,15,4,11,美好-楊梅,2024-01-05,5262
2382,廣達,23,13,10,美好-楊梅,2024-01-05,5262
00918,大華優利高填息30,15,5,10,美好-楊梅,2024-01-05,5262
1316,上曜,12,2,10,美好-楊梅,2024-01-05,5262
2258,鴻華先進-創,10,0,10,美好-楊梅,2024-01-05,5262
2515,中工,10,0,10,美好-楊梅,2024-01-05,5262
3592,瑞鼎,10,0,10,美好-楊梅,2024-01-05,5262
8054,安國,10,0,10,美好-楊梅,2024-01-05,5262
2603,長榮,20,11,9,美好-楊梅,2024-01-05,5262
00751B,元大AAA至A公司債,9,0,9,美好-楊梅,2024-01-05,5262
2363,矽統,15,6,9,美好-楊梅,2024-01-05,5262
8932,智通*,9,0,9,美好-楊梅,2024-01-05,5262
00878,國泰永續高股息,9,0,9,美好-楊梅,2024-01-05,5262
1732,毛寶,120,112,8,美好-楊梅,2024-01-05,5262
6113,亞矽,41,33,8,美好-楊梅,2024-01-05,5262
6668,中揚光,8,0,8,美好-楊梅,2024-01-05,5262
3005,神基,8,0,8,美好-楊梅,2024-01-05,5262
00933B,國泰10Y+金融債,7,0,7,美好-楊梅,2024-01-05,5262
2324,仁寶,13,6,7,美好-楊梅,2024-01-05,5262
2455,全新,7,0,7,美好-楊梅,2024-01-05,5262
3078,僑威,9,2,7,美好-楊梅,2024-01-05,5262
3588,通嘉,11,4,7,美好-楊梅,2024-01-05,5262
2352,佳世達,56,50,6,美好-楊梅,2024-01-05,5262
2465,麗臺,6,0,6,美好-楊梅,2024-01-05,5262
2888,新光金,6,0,6,美好-楊梅,2024-01-05,5262
8088,品安,26,20,6,美好-楊梅,2024-01-05,5262
2344,華邦電,8,3,5,美好-楊梅,2024-01-05,5262
00642U,期元大S＆P石油,5,0,5,美好-楊梅,2024-01-05,5262
6116,彩晶,198,14,184,美好-楊梅,2024-01-08,5262
2362,藍天,114,8,106,美好-楊梅,2024-01-08,5262
2303,聯電,85,6,79,美好-楊梅,2024-01-08,5262
00929,復華台灣科技優息,90,22,68,美好-楊梅,2024-01-08,5262
00665L,富邦�琤肭磪囓�2,65,0,65,美好-楊梅,2024-01-08,5262
6274,台燿,60,1,59,美好-楊梅,2024-01-08,5262
6770,力積電,89,35,54,美好-楊梅,2024-01-08,5262
00687B,國泰20年美債,53,0,53,美好-楊梅,2024-01-08,5262
00725B,國泰投資級公司債,50,0,50,美好-楊梅,2024-01-08,5262
00937B,群益ESG投等債20,45,0,45,美好-楊梅,2024-01-08,5262
1815,富喬,39,0,39,美好-楊梅,2024-01-08,5262
00679B,元大美債20年,33,0,33,美好-楊梅,2024-01-08,5262
00919,群益台灣精選高息,36,4,32,美好-楊梅,2024-01-08,5262
1460,宏遠,30,0,30,美好-楊梅,2024-01-08,5262
3548,兆利,50,21,29,美好-楊梅,2024-01-08,5262
2486,一詮,34,7,27,美好-楊梅,2024-01-08,5262
00936,台新永續高息中小,25,0,25,美好-楊梅,2024-01-08,5262
2641,正德,23,0,23,美好-楊梅,2024-01-08,5262
6695,芯鼎,27,4,23,美好-楊梅,2024-01-08,5262
2409,友達,51,29,22,美好-楊梅,2024-01-08,5262
00712,復華富時不動產,25,3,22,美好-楊梅,2024-01-08,5262
00931B,統一美債20年,22,0,22,美好-楊梅,2024-01-08,5262
2382,廣達,22,1,21,美好-楊梅,2024-01-08,5262
00770,國泰北美科技,21,1,20,美好-楊梅,2024-01-08,5262
1731,美吾華,20,1,19,美好-楊梅,2024-01-08,5262
2352,佳世達,31,13,18,美好-楊梅,2024-01-08,5262
2353,宏��,49,32,17,美好-楊梅,2024-01-08,5262
6194,育富,14,0,14,美好-楊梅,2024-01-08,5262
2388,威盛,44,31,13,美好-楊梅,2024-01-08,5262
00751B,元大AAA至A公司債,12,0,12,美好-楊梅,2024-01-08,5262
00632R,元大台灣50反1,11,0,11,美好-楊梅,2024-01-08,5262
3017,奇鋐,16,5,11,美好-楊梅,2024-01-08,5262
3576,聯合再生,11,0,11,美好-楊梅,2024-01-08,5262
8436,大江,11,0,11,美好-楊梅,2024-01-08,5262
2317,鴻海,17,7,10,美好-楊梅,2024-01-08,5262
00650L,復華香港正2,10,0,10,美好-楊梅,2024-01-08,5262
00715L,期街口布蘭特正2,10,0,10,美好-楊梅,2024-01-08,5262
2913,農林,10,0,10,美好-楊梅,2024-01-08,5262
3234,光環,10,0,10,美好-楊梅,2024-01-08,5262
2449,京元電子,8,0,8,美好-楊梅,2024-01-08,5262
00902,中信電池及儲能,7,0,7,美好-楊梅,2024-01-08,5262
6613,朋億*,7,0,7,美好-楊梅,2024-01-08,5262
2313,華通,16,10,6,美好-楊梅,2024-01-08,5262
2359,所羅門,6,0,6,美好-楊梅,2024-01-08,5262
2408,南亞科,8,2,6,美好-楊梅,2024-01-08,5262
5355,佳總,6,0,6,美好-楊梅,2024-01-08,5262
6005,群益證,5,0,5,美好-楊梅,2024-01-08,5262
3293,鈊象,5,0,5,美好-楊梅,2024-01-08,5262
6271,同欣電,5,0,5,美好-楊梅,2024-01-08,5262
00930,永豐ESG低碳高息,5,0,5,美好-楊梅,2024-01-08,5262
00937B,群益ESG投等債20,101,1,100,美好-楊梅,2024-01-09,5262
00919,群益台灣精選高息,96,6,90,美好-楊梅,2024-01-09,5262
00725B,國泰投資級公司債,74,0,74,美好-楊梅,2024-01-09,5262
2609,陽明,144,80,64,美好-楊梅,2024-01-09,5262
6194,育富,64,0,64,美好-楊梅,2024-01-09,5262
2610,華航,61,5,56,美好-楊梅,2024-01-09,5262
2362,藍天,60,7,53,美好-楊梅,2024-01-09,5262
00929,復華台灣科技優息,49,6,43,美好-楊梅,2024-01-09,5262
2002,中鋼,47,7,40,美好-楊梅,2024-01-09,5262
00687B,國泰20年美債,41,2,39,美好-楊梅,2024-01-09,5262
3576,聯合再生,36,0,36,美好-楊梅,2024-01-09,5262
2356,英業達,59,24,35,美好-楊梅,2024-01-09,5262
00922,國泰台灣領袖50,30,0,30,美好-楊梅,2024-01-09,5262
00933B,國泰10Y+金融債,30,0,30,美好-楊梅,2024-01-09,5262
0056,元大高股息,30,0,30,美好-楊梅,2024-01-09,5262
1603,華電,28,0,28,美好-楊梅,2024-01-09,5262
2641,正德,35,8,27,美好-楊梅,2024-01-09,5262
00738U,期元大道瓊白銀,25,0,25,美好-楊梅,2024-01-09,5262
2409,友達,23,0,23,美好-楊梅,2024-01-09,5262
00679B,元大美債20年,22,0,22,美好-楊梅,2024-01-09,5262
2606,裕民,27,6,21,美好-楊梅,2024-01-09,5262
2615,萬海,35,14,21,美好-楊梅,2024-01-09,5262
6112,邁達特,21,0,21,美好-楊梅,2024-01-09,5262
3162,精確,20,1,19,美好-楊梅,2024-01-09,5262
2634,漢翔,16,0,16,美好-楊梅,2024-01-09,5262
00637L,元大滬深300正2,15,0,15,美好-楊梅,2024-01-09,5262
2007,燁興,19,4,15,美好-楊梅,2024-01-09,5262
3062,建漢,15,0,15,美好-楊梅,2024-01-09,5262
3346,麗清,15,1,14,美好-楊梅,2024-01-09,5262
00642U,期元大S＆P石油,12,0,12,美好-楊梅,2024-01-09,5262
2888,新光金,12,0,12,美好-楊梅,2024-01-09,5262
3006,晶豪科,12,1,11,美好-楊梅,2024-01-09,5262
6005,群益證,11,0,11,美好-楊梅,2024-01-09,5262
6770,力積電,11,0,11,美好-楊梅,2024-01-09,5262
1609,大亞,10,0,10,美好-楊梅,2024-01-09,5262
2317,鴻海,10,0,10,美好-楊梅,2024-01-09,5262
2601,益航,10,0,10,美好-楊梅,2024-01-09,5262
6547,高端疫苗,10,0,10,美好-楊梅,2024-01-09,5262
2324,仁寶,46,37,9,美好-楊梅,2024-01-09,5262
3035,智原,18,9,9,美好-楊梅,2024-01-09,5262
3189,景碩,8,0,8,美好-楊梅,2024-01-09,5262
1504,東元,8,0,8,美好-楊梅,2024-01-09,5262
3390,旭軟,11,3,8,美好-楊梅,2024-01-09,5262
5351,鈺創,52,44,8,美好-楊梅,2024-01-09,5262
2353,宏��,32,24,8,美好-楊梅,2024-01-09,5262
1217,愛之味,7,0,7,美好-楊梅,2024-01-09,5262
2303,聯電,18,11,7,美好-楊梅,2024-01-09,5262
2915,潤泰全,7,0,7,美好-楊梅,2024-01-09,5262
3231,緯創,38,31,7,美好-楊梅,2024-01-09,5262
3260,威剛,10,3,7,美好-楊梅,2024-01-09,5262
00688L,國泰20年美債正2,350,110,240,美好-楊梅,2024-01-10,5262
2610,華航,207,0,207,美好-楊梅,2024-01-10,5262
6117,迎廣,107,4,103,美好-楊梅,2024-01-10,5262
00706L,期元大S＆P日圓正2,100,0,100,美好-楊梅,2024-01-10,5262
00919,群益台灣精選高息,69,0,69,美好-楊梅,2024-01-10,5262
2618,長榮航,62,1,61,美好-楊梅,2024-01-10,5262
2880,華南金,60,0,60,美好-楊梅,2024-01-10,5262
00900,富邦特選高股息30,52,0,52,美好-楊梅,2024-01-10,5262
1312,國喬,50,1,49,美好-楊梅,2024-01-10,5262
00929,復華台灣科技優息,55,7,48,美好-楊梅,2024-01-10,5262
2356,英業達,69,26,43,美好-楊梅,2024-01-10,5262
1460,宏遠,31,0,31,美好-楊梅,2024-01-10,5262
2603,長榮,31,2,29,美好-楊梅,2024-01-10,5262
1815,富喬,29,1,28,美好-楊梅,2024-01-10,5262
2609,陽明,127,101,26,美好-楊梅,2024-01-10,5262
2498,宏達電,25,1,24,美好-楊梅,2024-01-10,5262
1603,華電,32,10,22,美好-楊梅,2024-01-10,5262
00937B,群益ESG投等債20,25,5,20,美好-楊梅,2024-01-10,5262
2897,王道銀行,20,0,20,美好-楊梅,2024-01-10,5262
3481,群創,20,2,18,美好-楊梅,2024-01-10,5262
4909,新復興,18,1,17,美好-楊梅,2024-01-10,5262
2615,萬海,23,8,15,美好-楊梅,2024-01-10,5262
2317,鴻海,15,1,14,美好-楊梅,2024-01-10,5262
6140,訊達,25,11,14,美好-楊梅,2024-01-10,5262
2353,宏��,34,21,13,美好-楊梅,2024-01-10,5262
2611,志信,27,15,12,美好-楊梅,2024-01-10,5262
8096,擎亞,28,16,12,美好-楊梅,2024-01-10,5262
2409,友達,13,2,11,美好-楊梅,2024-01-10,5262
2301,光寶科,19,8,11,美好-楊梅,2024-01-10,5262
00881,國泰台灣5G+,11,0,11,美好-楊梅,2024-01-10,5262
1605,華新,11,0,11,美好-楊梅,2024-01-10,5262
2002,中鋼,13,2,11,美好-楊梅,2024-01-10,5262
5309,系統電,15,4,11,美好-楊梅,2024-01-10,5262
3189,景碩,10,0,10,美好-楊梅,2024-01-10,5262
00933B,國泰10Y+金融債,10,0,10,美好-楊梅,2024-01-10,5262
1714,和桐,10,0,10,美好-楊梅,2024-01-10,5262
3171,炎洲流通,10,0,10,美好-楊梅,2024-01-10,5262
3685,元創精密,10,0,10,美好-楊梅,2024-01-10,5262
4533,協易機,10,0,10,美好-楊梅,2024-01-10,5262
6024,群益期,10,0,10,美好-楊梅,2024-01-10,5262
8111,立��,11,1,10,美好-楊梅,2024-01-10,5262
2208,台船,10,1,9,美好-楊梅,2024-01-10,5262
00679B,元大美債20年,9,0,9,美好-楊梅,2024-01-10,5262
2324,仁寶,11,2,9,美好-楊梅,2024-01-10,5262
3268,海德威,9,0,9,美好-楊梅,2024-01-10,5262
4763,材料-KY,10,1,9,美好-楊梅,2024-01-10,5262
2020,美亞,8,0,8,美好-楊梅,2024-01-10,5262
6112,邁達特,10,2,8,美好-楊梅,2024-01-10,5262
00725B,國泰投資級公司債,7,0,7,美好-楊梅,2024-01-10,5262
2388,威盛,11,4,7,美好-楊梅,2024-01-10,5262
00937B,群益ESG投等債20,255,1,254,美好-楊梅,2024-01-11,5262
2610,華航,496,289,207,美好-楊梅,2024-01-11,5262
6695,芯鼎,107,6,101,美好-楊梅,2024-01-11,5262
00706L,期元大S＆P日圓正2,100,0,100,美好-楊梅,2024-01-11,5262
2409,友達,114,23,91,美好-楊梅,2024-01-11,5262
00929,復華台灣科技優息,60,10,50,美好-楊梅,2024-01-11,5262
2897,王道銀行,40,0,40,美好-楊梅,2024-01-11,5262
2344,華邦電,40,1,39,美好-楊梅,2024-01-11,5262
2634,漢翔,31,7,24,美好-楊梅,2024-01-11,5262
00919,群益台灣精選高息,24,0,24,美好-楊梅,2024-01-11,5262
2258,鴻華先進-創,21,0,21,美好-楊梅,2024-01-11,5262
3052,夆典,21,0,21,美好-楊梅,2024-01-11,5262
2317,鴻海,20,2,18,美好-楊梅,2024-01-11,5262
1514,亞力,31,13,18,美好-楊梅,2024-01-11,5262
2329,華泰,42,28,14,美好-楊梅,2024-01-11,5262
4956,光鋐,32,20,12,美好-楊梅,2024-01-11,5262
2363,矽統,19,8,11,美好-楊梅,2024-01-11,5262
2605,新興,11,0,11,美好-楊梅,2024-01-11,5262
00931B,統一美債20年,10,0,10,美好-楊梅,2024-01-11,5262
00881,國泰台灣5G+,10,0,10,美好-楊梅,2024-01-11,5262
00642U,期元大S＆P石油,10,0,10,美好-楊梅,2024-01-11,5262
1227,佳格,10,0,10,美好-楊梅,2024-01-11,5262
00933B,國泰10Y+金融債,10,0,10,美好-楊梅,2024-01-11,5262
1313,聯成,10,0,10,美好-楊梅,2024-01-11,5262
2374,佳能,10,0,10,美好-楊梅,2024-01-11,5262
2606,裕民,10,0,10,美好-楊梅,2024-01-11,5262
2913,農林,10,0,10,美好-楊梅,2024-01-11,5262
3066,李洲,10,0,10,美好-楊梅,2024-01-11,5262
9927,泰銘,10,0,10,美好-楊梅,2024-01-11,5262
3035,智原,53,43,10,美好-楊梅,2024-01-11,5262
2408,南亞科,12,3,9,美好-楊梅,2024-01-11,5262
1301,台塑,9,0,9,美好-楊梅,2024-01-11,5262
2355,敬鵬,10,1,9,美好-楊梅,2024-01-11,5262
5880,合庫金,8,0,8,美好-楊梅,2024-01-11,5262
6770,力積電,13,5,8,美好-楊梅,2024-01-11,5262
2324,仁寶,18,11,7,美好-楊梅,2024-01-11,5262
8011,台通,8,1,7,美好-楊梅,2024-01-11,5262
2884,玉山金,7,0,7,美好-楊梅,2024-01-11,5262
2353,宏��,38,32,6,美好-楊梅,2024-01-11,5262
1337,再生-KY,6,0,6,美好-楊梅,2024-01-11,5262
1519,華城,21,15,6,美好-楊梅,2024-01-11,5262
1618,合機,6,0,6,美好-楊梅,2024-01-11,5262
2301,光寶科,10,4,6,美好-楊梅,2024-01-11,5262
3576,聯合再生,6,0,6,美好-楊梅,2024-01-11,5262
3715,定穎投控,8,2,6,美好-楊梅,2024-01-11,5262
00934,中信成長高股息,5,0,5,美好-楊梅,2024-01-11,5262
3037,欣興,6,1,5,美好-楊梅,2024-01-11,5262
6189,豐藝,5,0,5,美好-楊梅,2024-01-11,5262
00770,國泰北美科技,5,0,5,美好-楊梅,2024-01-11,5262
2002,中鋼,5,0,5,美好-楊梅,2024-01-11,5262
00919,群益台灣精選高息,290,23,267,美好-楊梅,2024-01-12,5262
00929,復華台灣科技優息,158,5,153,美好-楊梅,2024-01-12,5262
00937B,群益ESG投等債20,119,11,108,美好-楊梅,2024-01-12,5262
00933B,國泰10Y+金融債,105,0,105,美好-楊梅,2024-01-12,5262
00679B,元大美債20年,76,0,76,美好-楊梅,2024-01-12,5262
00641R,富邦日本反1,50,0,50,美好-楊梅,2024-01-12,5262
00753L,中信中國50正2,50,0,50,美好-楊梅,2024-01-12,5262
00881,國泰台灣5G+,31,0,31,美好-楊梅,2024-01-12,5262
6462,神盾,54,23,31,美好-楊梅,2024-01-12,5262
5531,鄉林,30,0,30,美好-楊梅,2024-01-12,5262
6120,達運,31,5,26,美好-楊梅,2024-01-12,5262
00904,新光臺灣半導體30,22,0,22,美好-楊梅,2024-01-12,5262
00632R,元大台灣50反1,20,0,20,美好-楊梅,2024-01-12,5262
2365,昆盈,23,5,18,美好-楊梅,2024-01-12,5262
2303,聯電,14,0,14,美好-楊梅,2024-01-12,5262
00687B,國泰20年美債,13,0,13,美好-楊梅,2024-01-12,5262
1504,東元,11,0,11,美好-楊梅,2024-01-12,5262
2891,中信金,12,1,11,美好-楊梅,2024-01-12,5262
3346,麗清,11,0,11,美好-楊梅,2024-01-12,5262
5426,振發,30,19,11,美好-楊梅,2024-01-12,5262
2364,倫飛,10,0,10,美好-楊梅,2024-01-12,5262
2897,王道銀行,10,0,10,美好-楊梅,2024-01-12,5262
6770,力積電,10,0,10,美好-楊梅,2024-01-12,5262
3045,台灣大,9,0,9,美好-楊梅,2024-01-12,5262
3380,明泰,10,1,9,美好-楊梅,2024-01-12,5262
2353,宏��,16,8,8,美好-楊梅,2024-01-12,5262
3287,廣寰科,8,0,8,美好-楊梅,2024-01-12,5262
00888,永豐台灣ESG,8,0,8,美好-楊梅,2024-01-12,5262
1101,台泥,8,0,8,美好-楊梅,2024-01-12,5262
2324,仁寶,8,0,8,美好-楊梅,2024-01-12,5262
2362,藍天,9,1,8,美好-楊梅,2024-01-12,5262
2887,台新金,8,0,8,美好-楊梅,2024-01-12,5262
4953,緯軟,8,0,8,美好-楊梅,2024-01-12,5262
6150,撼訊,9,1,8,美好-楊梅,2024-01-12,5262
5347,世界,7,0,7,美好-楊梅,2024-01-12,5262
2002,中鋼,7,0,7,美好-楊梅,2024-01-12,5262
4979,華星光,10,3,7,美好-楊梅,2024-01-12,5262
2610,華航,109,103,6,美好-楊梅,2024-01-12,5262
1905,華紙,11,5,6,美好-楊梅,2024-01-12,5262
2329,華泰,33,27,6,美好-楊梅,2024-01-12,5262
2419,仲琦,6,0,6,美好-楊梅,2024-01-12,5262
3232,昱捷,6,0,6,美好-楊梅,2024-01-12,5262
3715,定穎投控,13,7,6,美好-楊梅,2024-01-12,5262
3037,欣興,5,0,5,美好-楊梅,2024-01-12,5262
1301,台塑,5,0,5,美好-楊梅,2024-01-12,5262
00673R,期元大S＆P原油反1,5,0,5,美好-楊梅,2024-01-12,5262
1319,東陽,5,0,5,美好-楊梅,2024-01-12,5262
2352,佳世達,17,12,5,美好-楊梅,2024-01-12,5262
2393,億光,5,0,5,美好-楊梅,2024-01-12,5262
2481,強茂,5,0,5,美好-楊梅,2024-01-12,5262
00929,復華台灣科技優息,148,4,144,美好-楊梅,2024-01-15,5262
2888,新光金,102,1,101,美好-楊梅,2024-01-15,5262
00937B,群益ESG投等債20,84,2,82,美好-楊梅,2024-01-15,5262
00927,群益半導體收益,77,0,77,美好-楊梅,2024-01-15,5262
00878,國泰永續高股息,82,5,77,美好-楊梅,2024-01-15,5262
2344,華邦電,89,18,71,美好-楊梅,2024-01-15,5262
00881,國泰台灣5G+,61,0,61,美好-楊梅,2024-01-15,5262
2609,陽明,83,32,51,美好-楊梅,2024-01-15,5262
2610,華航,160,118,42,美好-楊梅,2024-01-15,5262
2002,中鋼,40,0,40,美好-楊梅,2024-01-15,5262
00738U,期元大道瓊白銀,30,0,30,美好-楊梅,2024-01-15,5262
0056,元大高股息,26,2,24,美好-楊梅,2024-01-15,5262
2883,凱基金,24,1,23,美好-楊梅,2024-01-15,5262
6140,訊達,23,1,22,美好-楊梅,2024-01-15,5262
2356,英業達,47,25,22,美好-楊梅,2024-01-15,5262
1519,華城,40,19,21,美好-楊梅,2024-01-15,5262
3052,夆典,20,0,20,美好-楊梅,2024-01-15,5262
6425,易發,20,0,20,美好-楊梅,2024-01-15,5262
2317,鴻海,17,0,17,美好-楊梅,2024-01-15,5262
00720B,元大投資級公司債,15,0,15,美好-楊梅,2024-01-15,5262
2101,南港,14,0,14,美好-楊梅,2024-01-15,5262
8222,寶一,20,6,14,美好-楊梅,2024-01-15,5262
3231,緯創,43,29,14,美好-楊梅,2024-01-15,5262
00687B,國泰20年美債,13,0,13,美好-楊梅,2024-01-15,5262
2634,漢翔,17,4,13,美好-楊梅,2024-01-15,5262
4909,新復興,18,5,13,美好-楊梅,2024-01-15,5262
2409,友達,16,4,12,美好-楊梅,2024-01-15,5262
6593,台灣銘板,24,13,11,美好-楊梅,2024-01-15,5262
00882,中信中國高股息,10,0,10,美好-楊梅,2024-01-15,5262
00933B,國泰10Y+金融債,10,0,10,美好-楊梅,2024-01-15,5262
2258,鴻華先進-創,10,0,10,美好-楊梅,2024-01-15,5262
2489,瑞軒,10,0,10,美好-楊梅,2024-01-15,5262
2897,王道銀行,10,0,10,美好-楊梅,2024-01-15,5262
3264,欣銓,10,0,10,美好-楊梅,2024-01-15,5262
3363,上詮,19,9,10,美好-楊梅,2024-01-15,5262
6443,元晶,15,6,9,美好-楊梅,2024-01-15,5262
2884,玉山金,8,0,8,美好-楊梅,2024-01-15,5262
1326,台化,8,0,8,美好-楊梅,2024-01-15,5262
6781,AES-KY,8,0,8,美好-楊梅,2024-01-15,5262
2353,宏��,43,35,8,美好-楊梅,2024-01-15,5262
2371,大同,11,3,8,美好-楊梅,2024-01-15,5262
1108,幸福,7,0,7,美好-楊梅,2024-01-15,5262
2880,華南金,7,0,7,美好-楊梅,2024-01-15,5262
2887,台新金,7,0,7,美好-楊梅,2024-01-15,5262
6509,聚和,7,0,7,美好-楊梅,2024-01-15,5262
2421,建準,6,0,6,美好-楊梅,2024-01-15,5262
2382,廣達,27,21,6,美好-楊梅,2024-01-15,5262
1217,愛之味,6,0,6,美好-楊梅,2024-01-15,5262
1589,永冠-KY,6,0,6,美好-楊梅,2024-01-15,5262
2630,亞航,12,6,6,美好-楊梅,2024-01-15,5262
2883,凱基金,446,2,444,美好-楊梅,2024-01-16,5262
00706L,期元大S＆P日圓正2,250,0,250,美好-楊梅,2024-01-16,5262
00665L,富邦�琤肭磪囓�2,240,12,228,美好-楊梅,2024-01-16,5262
2888,新光金,223,0,223,美好-楊梅,2024-01-16,5262
00679B,元大美債20年,131,5,126,美好-楊梅,2024-01-16,5262
00720B,元大投資級公司債,100,0,100,美好-楊梅,2024-01-16,5262
0056,元大高股息,98,0,98,美好-楊梅,2024-01-16,5262
2409,友達,114,23,91,美好-楊梅,2024-01-16,5262
00937B,群益ESG投等債20,76,0,76,美好-楊梅,2024-01-16,5262
00929,復華台灣科技優息,89,43,46,美好-楊梅,2024-01-16,5262
2486,一詮,75,33,42,美好-楊梅,2024-01-16,5262
2897,王道銀行,40,0,40,美好-楊梅,2024-01-16,5262
00919,群益台灣精選高息,39,2,37,美好-楊梅,2024-01-16,5262
00878,國泰永續高股息,37,2,35,美好-楊梅,2024-01-16,5262
6116,彩晶,38,5,33,美好-楊梅,2024-01-16,5262
2002,中鋼,30,1,29,美好-楊梅,2024-01-16,5262
2329,華泰,109,82,27,美好-楊梅,2024-01-16,5262
2258,鴻華先進-創,23,0,23,美好-楊梅,2024-01-16,5262
00904,新光臺灣半導體30,22,0,22,美好-楊梅,2024-01-16,5262
00881,國泰台灣5G+,22,2,20,美好-楊梅,2024-01-16,5262
1312,國喬,20,0,20,美好-楊梅,2024-01-16,5262
1513,中興電,22,2,20,美好-楊梅,2024-01-16,5262
1301,台塑,19,0,19,美好-楊梅,2024-01-16,5262
2882,國泰金,17,0,17,美好-楊梅,2024-01-16,5262
6005,群益證,21,6,15,美好-楊梅,2024-01-16,5262
2359,所羅門,16,1,15,美好-楊梅,2024-01-16,5262
2880,華南金,14,0,14,美好-楊梅,2024-01-16,5262
2891,中信金,13,0,13,美好-楊梅,2024-01-16,5262
5347,世界,15,2,13,美好-楊梅,2024-01-16,5262
2884,玉山金,16,3,13,美好-楊梅,2024-01-16,5262
00927,群益半導體收益,13,0,13,美好-楊梅,2024-01-16,5262
2492,華新科,14,1,13,美好-楊梅,2024-01-16,5262
5211,蒙恬,12,0,12,美好-楊梅,2024-01-16,5262
1612,宏泰,12,0,12,美好-楊梅,2024-01-16,5262
2610,華航,159,147,12,美好-楊梅,2024-01-16,5262
2615,萬海,13,1,12,美好-楊梅,2024-01-16,5262
2915,潤泰全,12,0,12,美好-楊梅,2024-01-16,5262
2405,輔信,16,5,11,美好-楊梅,2024-01-16,5262
3268,海德威,11,0,11,美好-楊梅,2024-01-16,5262
5203,訊連,11,0,11,美好-楊梅,2024-01-16,5262
3260,威剛,13,2,11,美好-楊梅,2024-01-16,5262
1101,台泥,10,0,10,美好-楊梅,2024-01-16,5262
2323,中環,10,0,10,美好-楊梅,2024-01-16,5262
2601,益航,10,0,10,美好-楊梅,2024-01-16,5262
2892,第一金,10,0,10,美好-楊梅,2024-01-16,5262
6112,邁達特,10,0,10,美好-楊梅,2024-01-16,5262
6735,美達科技,10,0,10,美好-楊梅,2024-01-16,5262
9105,泰金寶-DR,10,0,10,美好-楊梅,2024-01-16,5262
3231,緯創,27,18,9,美好-楊梅,2024-01-16,5262
2603,長榮,10,1,9,美好-楊梅,2024-01-16,5262
2883,凱基金,592,3,589,美好-楊梅,2024-01-17,5262
00929,復華台灣科技優息,193,1,192,美好-楊梅,2024-01-17,5262
00919,群益台灣精選高息,173,2,171,美好-楊梅,2024-01-17,5262
0056,元大高股息,122,5,117,美好-楊梅,2024-01-17,5262
2303,聯電,99,13,86,美好-楊梅,2024-01-17,5262
3615,安可,82,0,82,美好-楊梅,2024-01-17,5262
00882,中信中國高股息,68,6,62,美好-楊梅,2024-01-17,5262
00706L,期元大S＆P日圓正2,60,0,60,美好-楊梅,2024-01-17,5262
00937B,群益ESG投等債20,63,4,59,美好-楊梅,2024-01-17,5262
00720B,元大投資級公司債,55,0,55,美好-楊梅,2024-01-17,5262
2344,華邦電,53,1,52,美好-楊梅,2024-01-17,5262
1815,富喬,45,1,44,美好-楊梅,2024-01-17,5262
2356,英業達,53,9,44,美好-楊梅,2024-01-17,5262
8096,擎亞,72,29,43,美好-楊梅,2024-01-17,5262
6695,芯鼎,87,44,43,美好-楊梅,2024-01-17,5262
00927,群益半導體收益,36,0,36,美好-楊梅,2024-01-17,5262
2887,台新金,35,0,35,美好-楊梅,2024-01-17,5262
6770,力積電,40,8,32,美好-楊梅,2024-01-17,5262
00878,國泰永續高股息,32,0,32,美好-楊梅,2024-01-17,5262
1618,合機,30,0,30,美好-楊梅,2024-01-17,5262
3576,聯合再生,30,0,30,美好-楊梅,2024-01-17,5262
2002,中鋼,30,0,30,美好-楊梅,2024-01-17,5262
00679B,元大美債20年,28,0,28,美好-楊梅,2024-01-17,5262
2888,新光金,28,0,28,美好-楊梅,2024-01-17,5262
2329,華泰,133,105,28,美好-楊梅,2024-01-17,5262
8021,尖點,34,7,27,美好-楊梅,2024-01-17,5262
8085,福華,27,0,27,美好-楊梅,2024-01-17,5262
2405,輔信,27,1,26,美好-楊梅,2024-01-17,5262
2317,鴻海,35,10,25,美好-楊梅,2024-01-17,5262
1605,華新,25,1,24,美好-楊梅,2024-01-17,5262
2884,玉山金,30,6,24,美好-楊梅,2024-01-17,5262
1612,宏泰,23,0,23,美好-楊梅,2024-01-17,5262
0050,元大台灣50,22,0,22,美好-楊梅,2024-01-17,5262
6443,元晶,21,0,21,美好-楊梅,2024-01-17,5262
00888,永豐台灣ESG,19,0,19,美好-楊梅,2024-01-17,5262
2618,長榮航,57,38,19,美好-楊梅,2024-01-17,5262
5880,合庫金,19,1,18,美好-楊梅,2024-01-17,5262
2886,兆豐金,18,0,18,美好-楊梅,2024-01-17,5262
6213,聯茂,17,0,17,美好-楊梅,2024-01-17,5262
00881,國泰台灣5G+,16,0,16,美好-楊梅,2024-01-17,5262
2633,台灣高鐵,16,0,16,美好-楊梅,2024-01-17,5262
4960,誠美材,40,24,16,美好-楊梅,2024-01-17,5262
2354,鴻準,14,0,14,美好-楊梅,2024-01-17,5262
2881,富邦金,13,0,13,美好-楊梅,2024-01-17,5262
3036,文曄,58,45,13,美好-楊梅,2024-01-17,5262
1101,台泥,14,1,13,美好-楊梅,2024-01-17,5262
1609,大亞,14,1,13,美好-楊梅,2024-01-17,5262
2611,志信,15,2,13,美好-楊梅,2024-01-17,5262
3527,聚積,14,1,13,美好-楊梅,2024-01-17,5262
1301,台塑,12,0,12,美好-楊梅,2024-01-17,5262
00929,復華台灣科技優息,112,17,95,美好-楊梅,2024-01-18,5262
2888,新光金,73,3,70,美好-楊梅,2024-01-18,5262
2892,第一金,51,0,51,美好-楊梅,2024-01-18,5262
2897,王道銀行,47,0,47,美好-楊梅,2024-01-18,5262
00637L,元大滬深300正2,51,5,46,美好-楊梅,2024-01-18,5262
2303,聯電,49,9,40,美好-楊梅,2024-01-18,5262
2913,農林,30,0,30,美好-楊梅,2024-01-18,5262
6274,台燿,29,0,29,美好-楊梅,2024-01-18,5262
00919,群益台灣精選高息,28,1,27,美好-楊梅,2024-01-18,5262
2002,中鋼,29,3,26,美好-楊梅,2024-01-18,5262
00632R,元大台灣50反1,25,0,25,美好-楊梅,2024-01-18,5262
4960,誠美材,36,13,23,美好-楊梅,2024-01-18,5262
2409,友達,76,56,20,美好-楊梅,2024-01-18,5262
3035,智原,31,11,20,美好-楊梅,2024-01-18,5262
5328,華容,22,4,18,美好-楊梅,2024-01-18,5262
2382,廣達,32,15,17,美好-楊梅,2024-01-18,5262
3615,安可,16,0,16,美好-楊梅,2024-01-18,5262
6462,神盾,33,17,16,美好-楊梅,2024-01-18,5262
00679B,元大美債20年,15,0,15,美好-楊梅,2024-01-18,5262
2317,鴻海,15,0,15,美好-楊梅,2024-01-18,5262
6770,力積電,15,0,15,美好-楊梅,2024-01-18,5262
00687B,國泰20年美債,14,0,14,美好-楊梅,2024-01-18,5262
1101,台泥,17,3,14,美好-楊梅,2024-01-18,5262
5426,振發,43,29,14,美好-楊梅,2024-01-18,5262
2356,英業達,21,9,12,美好-楊梅,2024-01-18,5262
5880,合庫金,12,0,12,美好-楊梅,2024-01-18,5262
2887,台新金,11,0,11,美好-楊梅,2024-01-18,5262
1312,國喬,11,0,11,美好-楊梅,2024-01-18,5262
2258,鴻華先進-創,11,0,11,美好-楊梅,2024-01-18,5262
0056,元大高股息,25,15,10,美好-楊梅,2024-01-18,5262
3017,奇鋐,10,0,10,美好-楊梅,2024-01-18,5262
6120,達運,49,39,10,美好-楊梅,2024-01-18,5262
00706L,期元大S＆P日圓正2,10,0,10,美好-楊梅,2024-01-18,5262
1102,亞泥,10,0,10,美好-楊梅,2024-01-18,5262
2332,友訊,10,0,10,美好-楊梅,2024-01-18,5262
2845,遠東銀,10,0,10,美好-楊梅,2024-01-18,5262
2882,國泰金,10,0,10,美好-楊梅,2024-01-18,5262
3029,零壹,20,10,10,美好-楊梅,2024-01-18,5262
8111,立��,10,0,10,美好-楊梅,2024-01-18,5262
2363,矽統,25,16,9,美好-楊梅,2024-01-18,5262
3305,昇貿,10,1,9,美好-楊梅,2024-01-18,5262
2353,宏��,10,2,8,美好-楊梅,2024-01-18,5262
00902,中信電池及儲能,8,0,8,美好-楊梅,2024-01-18,5262
00882,中信中國高股息,8,0,8,美好-楊梅,2024-01-18,5262
1305,華夏,8,0,8,美好-楊梅,2024-01-18,5262
4953,緯軟,8,0,8,美好-楊梅,2024-01-18,5262
1301,台塑,7,0,7,美好-楊梅,2024-01-18,5262
2515,中工,7,0,7,美好-楊梅,2024-01-18,5262
2324,仁寶,12,6,6,美好-楊梅,2024-01-18,5262
3715,定穎投控,12,6,6,美好-楊梅,2024-01-18,5262
2888,新光金,152,0,152,美好-楊梅,2024-01-19,5262
00687B,國泰20年美債,68,0,68,美好-楊梅,2024-01-19,5262
2002,中鋼,67,0,67,美好-楊梅,2024-01-19,5262
00680L,元大美債20正2,59,0,59,美好-楊梅,2024-01-19,5262
00679B,元大美債20年,148,100,48,美好-楊梅,2024-01-19,5262
2618,長榮航,114,69,45,美好-楊梅,2024-01-19,5262
00904,新光臺灣半導體30,55,11,44,美好-楊梅,2024-01-19,5262
00929,復華台灣科技優息,47,3,44,美好-楊梅,2024-01-19,5262
1514,亞力,45,6,39,美好-楊梅,2024-01-19,5262
00937B,群益ESG投等債20,48,10,38,美好-楊梅,2024-01-19,5262
1101,台泥,35,0,35,美好-楊梅,2024-01-19,5262
2302,麗正,35,0,35,美好-楊梅,2024-01-19,5262
2883,凱基金,33,6,27,美好-楊梅,2024-01-19,5262
2886,兆豐金,28,2,26,美好-楊梅,2024-01-19,5262
2405,輔信,26,0,26,美好-楊梅,2024-01-19,5262
00878,國泰永續高股息,35,11,24,美好-楊梅,2024-01-19,5262
2615,萬海,25,2,23,美好-楊梅,2024-01-19,5262
9105,泰金寶-DR,30,8,22,美好-楊梅,2024-01-19,5262
00918,大華優利高填息30,20,0,20,美好-楊梅,2024-01-19,5262
2609,陽明,27,8,19,美好-楊梅,2024-01-19,5262
5880,合庫金,16,0,16,美好-楊梅,2024-01-19,5262
00830,國泰費城半導體,16,1,15,美好-楊梅,2024-01-19,5262
2882,國泰金,15,0,15,美好-楊梅,2024-01-19,5262
2603,長榮,15,1,14,美好-楊梅,2024-01-19,5262
6285,啟��,18,4,14,美好-楊梅,2024-01-19,5262
3034,聯詠,13,0,13,美好-楊梅,2024-01-19,5262
00931B,統一美債20年,13,0,13,美好-楊梅,2024-01-19,5262
8076,伍豐,13,0,13,美好-楊梅,2024-01-19,5262
0056,元大高股息,12,0,12,美好-楊梅,2024-01-19,5262
2610,華航,23,11,12,美好-楊梅,2024-01-19,5262
00882,中信中國高股息,11,0,11,美好-楊梅,2024-01-19,5262
2485,兆赫,20,9,11,美好-楊梅,2024-01-19,5262
2612,中航,11,0,11,美好-楊梅,2024-01-19,5262
2393,億光,10,0,10,美好-楊梅,2024-01-19,5262
00665L,富邦�琤肭磪囓�2,10,0,10,美好-楊梅,2024-01-19,5262
00706L,期元大S＆P日圓正2,10,0,10,美好-楊梅,2024-01-19,5262
2014,中鴻,10,0,10,美好-楊梅,2024-01-19,5262
3011,今皓,10,0,10,美好-楊梅,2024-01-19,5262
5211,蒙恬,10,0,10,美好-楊梅,2024-01-19,5262
2885,元大金,10,0,10,美好-楊梅,2024-01-19,5262
00751B,元大AAA至A公司債,9,0,9,美好-楊梅,2024-01-19,5262
2327,國巨,11,2,9,美好-楊梅,2024-01-19,5262
3016,嘉晶,10,1,9,美好-楊梅,2024-01-19,5262
00919,群益台灣精選高息,8,0,8,美好-楊梅,2024-01-19,5262
1325,恆大,10,2,8,美好-楊梅,2024-01-19,5262
2303,聯電,64,57,7,美好-楊梅,2024-01-19,5262
2486,一詮,11,4,7,美好-楊梅,2024-01-19,5262
6187,萬潤,7,0,7,美好-楊梅,2024-01-19,5262
6695,芯鼎,10,3,7,美好-楊梅,2024-01-19,5262
2834,臺企銀,7,0,7,美好-楊梅,2024-01-19,5262
2618,長榮航,104,24,80,美好-楊梅,2024-01-22,5262
4157,太景*-KY,61,3,58,美好-楊梅,2024-01-22,5262
1471,首利,50,1,49,美好-楊梅,2024-01-22,5262
6156,松上,43,0,43,美好-楊梅,2024-01-22,5262
00648R,元大S＆P500反1,40,0,40,美好-楊梅,2024-01-22,5262
1536,和大,40,0,40,美好-楊梅,2024-01-22,5262
2887,台新金,39,0,39,美好-楊梅,2024-01-22,5262
00637L,元大滬深300正2,32,5,27,美好-楊梅,2024-01-22,5262
2329,華泰,131,105,26,美好-楊梅,2024-01-22,5262
00937B,群益ESG投等債20,19,0,19,美好-楊梅,2024-01-22,5262
2883,凱基金,19,0,19,美好-楊梅,2024-01-22,5262
5347,世界,20,2,18,美好-楊梅,2024-01-22,5262
2002,中鋼,17,0,17,美好-楊梅,2024-01-22,5262
00687B,國泰20年美債,17,0,17,美好-楊梅,2024-01-22,5262
00927,群益半導體收益,17,0,17,美好-楊梅,2024-01-22,5262
5880,合庫金,17,1,16,美好-楊梅,2024-01-22,5262
3231,緯創,89,73,16,美好-楊梅,2024-01-22,5262
1102,亞泥,15,0,15,美好-楊梅,2024-01-22,5262
2542,興富發,13,0,13,美好-楊梅,2024-01-22,5262
00902,中信電池及儲能,12,0,12,美好-楊梅,2024-01-22,5262
3013,晟銘電,14,2,12,美好-楊梅,2024-01-22,5262
6140,訊達,17,5,12,美好-楊梅,2024-01-22,5262
00679B,元大美債20年,12,2,10,美好-楊梅,2024-01-22,5262
00918,大華優利高填息30,10,0,10,美好-楊梅,2024-01-22,5262
00632R,元大台灣50反1,10,0,10,美好-楊梅,2024-01-22,5262
00933B,國泰10Y+金融債,11,1,10,美好-楊梅,2024-01-22,5262
2353,宏��,31,21,10,美好-楊梅,2024-01-22,5262
2801,彰銀,10,0,10,美好-楊梅,2024-01-22,5262
2816,旺旺保,10,0,10,美好-楊梅,2024-01-22,5262
2897,王道銀行,10,0,10,美好-楊梅,2024-01-22,5262
3576,聯合再生,10,0,10,美好-楊梅,2024-01-22,5262
3715,定穎投控,11,1,10,美好-楊梅,2024-01-22,5262
6770,力積電,10,0,10,美好-楊梅,2024-01-22,5262
2615,萬海,12,2,10,美好-楊梅,2024-01-22,5262
1503,士電,10,1,9,美好-楊梅,2024-01-22,5262
8054,安國,10,1,9,美好-楊梅,2024-01-22,5262
2884,玉山金,9,0,9,美好-楊梅,2024-01-22,5262
1216,統一,8,0,8,美好-楊梅,2024-01-22,5262
2460,建通,10,2,8,美好-楊梅,2024-01-22,5262
6194,育富,8,0,8,美好-楊梅,2024-01-22,5262
00919,群益台灣精選高息,13,5,8,美好-楊梅,2024-01-22,5262
6125,廣運,17,9,8,美好-楊梅,2024-01-22,5262
1605,華新,8,1,7,美好-楊梅,2024-01-22,5262
1802,台玻,7,0,7,美好-楊梅,2024-01-22,5262
2369,菱生,8,1,7,美好-楊梅,2024-01-22,5262
5426,振發,20,13,7,美好-楊梅,2024-01-22,5262
6276,安鈦克,12,5,7,美好-楊梅,2024-01-22,5262
00929,復華台灣科技優息,15,9,6,美好-楊梅,2024-01-22,5262
2344,華邦電,17,11,6,美好-楊梅,2024-01-22,5262
2485,兆赫,6,0,6,美好-楊梅,2024-01-22,5262
00676R,富邦臺灣加權反1,300,0,300,美好-楊梅,2024-01-23,5262
00632R,元大台灣50反1,125,0,125,美好-楊梅,2024-01-23,5262
00753L,中信中國50正2,100,0,100,美好-楊梅,2024-01-23,5262
00706L,期元大S＆P日圓正2,100,0,100,美好-楊梅,2024-01-23,5262
00929,復華台灣科技優息,78,4,74,美好-楊梅,2024-01-23,5262
00937B,群益ESG投等債20,66,1,65,美好-楊梅,2024-01-23,5262
2356,英業達,191,139,52,美好-楊梅,2024-01-23,5262
1471,首利,51,0,51,美好-楊梅,2024-01-23,5262
2609,陽明,110,59,51,美好-楊梅,2024-01-23,5262
2317,鴻海,51,10,41,美好-楊梅,2024-01-23,5262
4953,緯軟,39,1,38,美好-楊梅,2024-01-23,5262
6194,育富,32,0,32,美好-楊梅,2024-01-23,5262
00665L,富邦�琤肭磪囓�2,30,0,30,美好-楊梅,2024-01-23,5262
2431,聯昌,30,0,30,美好-楊梅,2024-01-23,5262
6125,廣運,26,0,26,美好-楊梅,2024-01-23,5262
2618,長榮航,50,27,23,美好-楊梅,2024-01-23,5262
2610,華航,22,4,18,美好-楊梅,2024-01-23,5262
3017,奇鋐,21,3,18,美好-楊梅,2024-01-23,5262
2891,中信金,15,0,15,美好-楊梅,2024-01-23,5262
2477,美隆電,15,0,15,美好-楊梅,2024-01-23,5262
00637L,元大滬深300正2,47,34,13,美好-楊梅,2024-01-23,5262
2468,華經,12,0,12,美好-楊梅,2024-01-23,5262
2399,映泰,10,0,10,美好-楊梅,2024-01-23,5262
2887,台新金,10,0,10,美好-楊梅,2024-01-23,5262
3014,聯陽,10,0,10,美好-楊梅,2024-01-23,5262
3576,聯合再生,10,0,10,美好-楊梅,2024-01-23,5262
2888,新光金,20,10,10,美好-楊梅,2024-01-23,5262
3005,神基,10,1,9,美好-楊梅,2024-01-23,5262
6531,愛普*,9,0,9,美好-楊梅,2024-01-23,5262
2884,玉山金,10,2,8,美好-楊梅,2024-01-23,5262
2542,興富發,8,0,8,美好-楊梅,2024-01-23,5262
2002,中鋼,8,0,8,美好-楊梅,2024-01-23,5262
2308,台達電,8,0,8,美好-楊梅,2024-01-23,5262
3058,立德,8,0,8,美好-楊梅,2024-01-23,5262
3372,典範,8,0,8,美好-楊梅,2024-01-23,5262
3545,敦泰,13,5,8,美好-楊梅,2024-01-23,5262
00919,群益台灣精選高息,11,4,7,美好-楊梅,2024-01-23,5262
00687B,國泰20年美債,7,0,7,美好-楊梅,2024-01-23,5262
2637,慧洋-KY,7,0,7,美好-楊梅,2024-01-23,5262
3380,明泰,8,1,7,美好-楊梅,2024-01-23,5262
2376,技嘉,11,4,7,美好-楊梅,2024-01-23,5262
1504,東元,6,0,6,美好-楊梅,2024-01-23,5262
2332,友訊,8,2,6,美好-楊梅,2024-01-23,5262
8034,榮群,10,4,6,美好-楊梅,2024-01-23,5262
3615,安可,21,16,5,美好-楊梅,2024-01-23,5262
2603,長榮,7,2,5,美好-楊梅,2024-01-23,5262
00933B,國泰10Y+金融債,5,0,5,美好-楊梅,2024-01-23,5262
2486,一詮,10,5,5,美好-楊梅,2024-01-23,5262
3234,光環,5,0,5,美好-楊梅,2024-01-23,5262
3354,律勝,5,0,5,美好-楊梅,2024-01-23,5262
1314,中石化,300,0,300,美好-楊梅,2024-01-24,5262
00706L,期元大S＆P日圓正2,100,0,100,美好-楊梅,2024-01-24,5262
2356,英業達,109,45,64,美好-楊梅,2024-01-24,5262
2884,玉山金,43,0,43,美好-楊梅,2024-01-24,5262
2332,友訊,32,1,31,美好-楊梅,2024-01-24,5262
2353,宏��,47,17,30,美好-楊梅,2024-01-24,5262
2889,國票金,30,0,30,美好-楊梅,2024-01-24,5262
2897,王道銀行,40,10,30,美好-楊梅,2024-01-24,5262
6120,達運,22,0,22,美好-楊梅,2024-01-24,5262
9934,成霖,20,0,20,美好-楊梅,2024-01-24,5262
2324,仁寶,23,4,19,美好-楊梅,2024-01-24,5262
8096,擎亞,32,13,19,美好-楊梅,2024-01-24,5262
00687B,國泰20年美債,17,0,17,美好-楊梅,2024-01-24,5262
2610,華航,18,1,17,美好-楊梅,2024-01-24,5262
6194,育富,17,0,17,美好-楊梅,2024-01-24,5262
3615,安可,29,12,17,美好-楊梅,2024-01-24,5262
3231,緯創,43,27,16,美好-楊梅,2024-01-24,5262
6126,信音,17,1,16,美好-楊梅,2024-01-24,5262
00679B,元大美債20年,21,6,15,美好-楊梅,2024-01-24,5262
4714,永捷,15,0,15,美好-楊梅,2024-01-24,5262
00937B,群益ESG投等債20,24,10,14,美好-楊梅,2024-01-24,5262
2637,慧洋-KY,15,1,14,美好-楊梅,2024-01-24,5262
3260,威剛,15,1,14,美好-楊梅,2024-01-24,5262
00882,中信中國高股息,21,8,13,美好-楊梅,2024-01-24,5262
00637L,元大滬深300正2,23,10,13,美好-楊梅,2024-01-24,5262
3593,力銘,13,0,13,美好-楊梅,2024-01-24,5262
1102,亞泥,12,0,12,美好-楊梅,2024-01-24,5262
6233,旺玖,24,12,12,美好-楊梅,2024-01-24,5262
3025,星通,12,1,11,美好-楊梅,2024-01-24,5262
8936,國統,15,4,11,美好-楊梅,2024-01-24,5262
8996,高力,11,0,11,美好-楊梅,2024-01-24,5262
00680L,元大美債20正2,10,0,10,美好-楊梅,2024-01-24,5262
2431,聯昌,10,0,10,美好-楊梅,2024-01-24,5262
3264,欣銓,11,1,10,美好-楊梅,2024-01-24,5262
3380,明泰,10,0,10,美好-楊梅,2024-01-24,5262
6276,安鈦克,11,1,10,美好-楊梅,2024-01-24,5262
00902,中信電池及儲能,9,0,9,美好-楊梅,2024-01-24,5262
2476,鉅祥,9,0,9,美好-楊梅,2024-01-24,5262
3623,富晶通,12,3,9,美好-楊梅,2024-01-24,5262
6265,方土昶,11,2,9,美好-楊梅,2024-01-24,5262
2515,中工,14,6,8,美好-楊梅,2024-01-24,5262
3490,單井,13,5,8,美好-楊梅,2024-01-24,5262
00919,群益台灣精選高息,17,9,8,美好-楊梅,2024-01-24,5262
3149,正達,8,1,7,美好-楊梅,2024-01-24,5262
3687,歐買尬,8,1,7,美好-楊梅,2024-01-24,5262
00795B,中信美國公債20年,7,0,7,美好-楊梅,2024-01-24,5262
2374,佳能,8,1,7,美好-楊梅,2024-01-24,5262
5521,工信,7,0,7,美好-楊梅,2024-01-24,5262
3437,榮創,7,0,7,美好-楊梅,2024-01-24,5262
3189,景碩,8,1,7,美好-楊梅,2024-01-24,5262
00687B,國泰20年美債,114,0,114,美好-楊梅,2024-01-25,5262
00927,群益半導體收益,100,0,100,美好-楊梅,2024-01-25,5262
00634R,富邦上証反1,100,0,100,美好-楊梅,2024-01-25,5262
5880,合庫金,51,0,51,美好-楊梅,2024-01-25,5262
00676R,富邦臺灣加權反1,50,0,50,美好-楊梅,2024-01-25,5262
00632R,元大台灣50反1,45,0,45,美好-楊梅,2024-01-25,5262
6274,台燿,47,4,43,美好-楊梅,2024-01-25,5262
3231,緯創,95,60,35,美好-楊梅,2024-01-25,5262
2431,聯昌,35,1,34,美好-楊梅,2024-01-25,5262
2329,華泰,43,10,33,美好-楊梅,2024-01-25,5262
0061,元大寶滬深,30,0,30,美好-楊梅,2024-01-25,5262
2390,云辰,30,0,30,美好-楊梅,2024-01-25,5262
3672,康聯訊,28,0,28,美好-楊梅,2024-01-25,5262
00937B,群益ESG投等債20,35,10,25,美好-楊梅,2024-01-25,5262
2353,宏��,38,15,23,美好-楊梅,2024-01-25,5262
8110,華東,27,7,20,美好-楊梅,2024-01-25,5262
5450,南良,20,1,19,美好-楊梅,2024-01-25,5262
2618,長榮航,33,15,18,美好-楊梅,2024-01-25,5262
8096,擎亞,63,49,14,美好-楊梅,2024-01-25,5262
8105,凌巨,24,10,14,美好-楊梅,2024-01-25,5262
3043,科風,13,0,13,美好-楊梅,2024-01-25,5262
6140,訊達,73,61,12,美好-楊梅,2024-01-25,5262
3706,神達,27,15,12,美好-楊梅,2024-01-25,5262
00720B,元大投資級公司債,11,0,11,美好-楊梅,2024-01-25,5262
2444,兆勁,11,0,11,美好-楊梅,2024-01-25,5262
3666,光耀,11,0,11,美好-楊梅,2024-01-25,5262
2476,鉅祥,11,1,10,美好-楊梅,2024-01-25,5262
2809,京城銀,15,5,10,美好-楊梅,2024-01-25,5262
3450,聯鈞,10,0,10,美好-楊梅,2024-01-25,5262
3490,單井,13,3,10,美好-楊梅,2024-01-25,5262
8112,至上,10,0,10,美好-楊梅,2024-01-25,5262
9938,百和,10,0,10,美好-楊梅,2024-01-25,5262
1732,毛寶,10,1,9,美好-楊梅,2024-01-25,5262
2605,新興,11,2,9,美好-楊梅,2024-01-25,5262
2637,慧洋-KY,10,1,9,美好-楊梅,2024-01-25,5262
00933B,國泰10Y+金融債,18,10,8,美好-楊梅,2024-01-25,5262
6167,久正,10,2,8,美好-楊梅,2024-01-25,5262
8034,榮群,8,0,8,美好-楊梅,2024-01-25,5262
2313,華通,13,6,7,美好-楊梅,2024-01-25,5262
2369,菱生,13,6,7,美好-楊梅,2024-01-25,5262
2886,兆豐金,7,0,7,美好-楊梅,2024-01-25,5262
3479,安勤,7,0,7,美好-楊梅,2024-01-25,5262
4956,光鋐,12,5,7,美好-楊梅,2024-01-25,5262
8027,鈦昇,7,0,7,美好-楊梅,2024-01-25,5262
2308,台達電,16,9,7,美好-楊梅,2024-01-25,5262
2610,華航,7,1,6,美好-楊梅,2024-01-25,5262
2890,永豐金,6,0,6,美好-楊梅,2024-01-25,5262
00712,復華富時不動產,6,0,6,美好-楊梅,2024-01-25,5262
00688L,國泰20年美債正2,6,0,6,美好-楊梅,2024-01-25,5262
00931B,統一美債20年,6,0,6,美好-楊梅,2024-01-25,5262
00680L,元大美債20正2,333,0,333,美好-楊梅,2024-01-26,5262
00632R,元大台灣50反1,237,7,230,美好-楊梅,2024-01-26,5262
00688L,國泰20年美債正2,201,0,201,美好-楊梅,2024-01-26,5262
2303,聯電,129,19,110,美好-楊梅,2024-01-26,5262
00919,群益台灣精選高息,58,11,47,美好-楊梅,2024-01-26,5262
6156,松上,34,0,34,美好-楊梅,2024-01-26,5262
2329,華泰,37,4,33,美好-楊梅,2024-01-26,5262
2365,昆盈,38,6,32,美好-楊梅,2024-01-26,5262
2324,仁寶,37,9,28,美好-楊梅,2024-01-26,5262
2356,英業達,75,47,28,美好-楊梅,2024-01-26,5262
3231,緯創,54,29,25,美好-楊梅,2024-01-26,5262
2618,長榮航,28,5,23,美好-楊梅,2024-01-26,5262
2913,農林,20,0,20,美好-楊梅,2024-01-26,5262
1737,臺鹽,19,0,19,美好-楊梅,2024-01-26,5262
2382,廣達,27,10,17,美好-楊梅,2024-01-26,5262
2353,宏��,26,9,17,美好-楊梅,2024-01-26,5262
00937B,群益ESG投等債20,16,0,16,美好-楊梅,2024-01-26,5262
3615,安可,23,7,16,美好-楊梅,2024-01-26,5262
00878,國泰永續高股息,15,0,15,美好-楊梅,2024-01-26,5262
6462,神盾,30,16,14,美好-楊梅,2024-01-26,5262
00929,復華台灣科技優息,21,7,14,美好-楊梅,2024-01-26,5262
2637,慧洋-KY,15,1,14,美好-楊梅,2024-01-26,5262
6120,達運,12,0,12,美好-楊梅,2024-01-26,5262
5426,振發,36,24,12,美好-楊梅,2024-01-26,5262
2421,建準,20,9,11,美好-楊梅,2024-01-26,5262
00934,中信成長高股息,10,0,10,美好-楊梅,2024-01-26,5262
2484,希華,10,0,10,美好-楊梅,2024-01-26,5262
2615,萬海,10,0,10,美好-楊梅,2024-01-26,5262
2897,王道銀行,10,0,10,美好-楊梅,2024-01-26,5262
3071,協禧,10,0,10,美好-楊梅,2024-01-26,5262
6153,嘉聯益,10,0,10,美好-楊梅,2024-01-26,5262
6235,華孚,16,6,10,美好-楊梅,2024-01-26,5262
8070,長華*,10,0,10,美好-楊梅,2024-01-26,5262
6265,方土昶,10,1,9,美好-楊梅,2024-01-26,5262
2344,華邦電,31,23,8,美好-楊梅,2024-01-26,5262
3189,景碩,10,2,8,美好-楊梅,2024-01-26,5262
3037,欣興,8,1,7,美好-楊梅,2024-01-26,5262
00720B,元大投資級公司債,7,0,7,美好-楊梅,2024-01-26,5262
3623,富晶通,58,51,7,美好-楊梅,2024-01-26,5262
3035,智原,12,6,6,美好-楊梅,2024-01-26,5262
00633L,富邦上証正2,6,0,6,美好-楊梅,2024-01-26,5262
1503,士電,7,1,6,美好-楊梅,2024-01-26,5262
2609,陽明,15,9,6,美好-楊梅,2024-01-26,5262
3483,力致,7,1,6,美好-楊梅,2024-01-26,5262
3558,神準,7,1,6,美好-楊梅,2024-01-26,5262
4923,力士,6,0,6,美好-楊梅,2024-01-26,5262
6188,廣明,6,0,6,美好-楊梅,2024-01-26,5262
8096,擎亞,10,4,6,美好-楊梅,2024-01-26,5262
00885,富邦越南,5,0,5,美好-楊梅,2024-01-26,5262
00673R,期元大S＆P原油反1,5,0,5,美好-楊梅,2024-01-26,5262
00680L,元大美債20正2,283,0,283,美好-楊梅,2024-01-29,5262
00706L,期元大S＆P日圓正2,205,0,205,美好-楊梅,2024-01-29,5262
00665L,富邦�琤肭磪囓�2,230,123,107,美好-楊梅,2024-01-29,5262
8096,擎亞,124,21,103,美好-楊梅,2024-01-29,5262
3576,聯合再生,101,0,101,美好-楊梅,2024-01-29,5262
00753L,中信中國50正2,100,0,100,美好-楊梅,2024-01-29,5262
00632R,元大台灣50反1,100,0,100,美好-楊梅,2024-01-29,5262
00937B,群益ESG投等債20,80,16,64,美好-楊梅,2024-01-29,5262
6770,力積電,62,0,62,美好-楊梅,2024-01-29,5262
2390,云辰,50,0,50,美好-楊梅,2024-01-29,5262
3645,達邁,37,0,37,美好-楊梅,2024-01-29,5262
2356,英業達,107,77,30,美好-楊梅,2024-01-29,5262
6695,芯鼎,52,25,27,美好-楊梅,2024-01-29,5262
00687B,國泰20年美債,129,102,27,美好-楊梅,2024-01-29,5262
8027,鈦昇,24,1,23,美好-楊梅,2024-01-29,5262
6462,神盾,28,7,21,美好-楊梅,2024-01-29,5262
2303,聯電,32,11,21,美好-楊梅,2024-01-29,5262
00676R,富邦臺灣加權反1,20,0,20,美好-楊梅,2024-01-29,5262
00751B,元大AAA至A公司債,19,0,19,美好-楊梅,2024-01-29,5262
00679B,元大美債20年,20,2,18,美好-楊梅,2024-01-29,5262
00933B,國泰10Y+金融債,16,0,16,美好-楊梅,2024-01-29,5262
2421,建準,27,12,15,美好-楊梅,2024-01-29,5262
3615,安可,20,5,15,美好-楊梅,2024-01-29,5262
2337,旺宏,14,0,14,美好-楊梅,2024-01-29,5262
4588,玖鼎電力,14,0,14,美好-楊梅,2024-01-29,5262
2329,華泰,44,32,12,美好-楊梅,2024-01-29,5262
2349,錸德,12,0,12,美好-楊梅,2024-01-29,5262
00720B,元大投資級公司債,11,0,11,美好-楊梅,2024-01-29,5262
9939,宏全,11,0,11,美好-楊梅,2024-01-29,5262
2362,藍天,12,2,10,美好-楊梅,2024-01-29,5262
2888,新光金,11,1,10,美好-楊梅,2024-01-29,5262
2897,王道銀行,10,0,10,美好-楊梅,2024-01-29,5262
6194,育富,10,0,10,美好-楊梅,2024-01-29,5262
6742,澤米,10,0,10,美好-楊梅,2024-01-29,5262
8932,智通*,10,0,10,美好-楊梅,2024-01-29,5262
1785,光洋科,11,2,9,美好-楊梅,2024-01-29,5262
2359,所羅門,10,1,9,美好-楊梅,2024-01-29,5262
2611,志信,12,3,9,美好-楊梅,2024-01-29,5262
4960,誠美材,10,1,9,美好-楊梅,2024-01-29,5262
8050,廣積,9,0,9,美好-楊梅,2024-01-29,5262
00877,復華中國5G,8,0,8,美好-楊梅,2024-01-29,5262
2882,國泰金,8,0,8,美好-楊梅,2024-01-29,5262
3363,上詮,26,18,8,美好-楊梅,2024-01-29,5262
3672,康聯訊,10,2,8,美好-楊梅,2024-01-29,5262
3623,富晶通,8,1,7,美好-楊梅,2024-01-29,5262
00905,FT臺灣Smart,7,0,7,美好-楊梅,2024-01-29,5262
2492,華新科,7,0,7,美好-楊梅,2024-01-29,5262
2007,燁興,10,4,6,美好-楊梅,2024-01-29,5262
2543,皇昌,6,0,6,美好-楊梅,2024-01-29,5262
4906,正文,7,1,6,美好-楊梅,2024-01-29,5262
00929,復華台灣科技優息,75,0,75,美好-楊梅,2024-01-30,5262
00665L,富邦�琤肭磪囓�2,70,12,58,美好-楊梅,2024-01-30,5262
3481,群創,63,14,49,美好-楊梅,2024-01-30,5262
2317,鴻海,38,0,38,美好-楊梅,2024-01-30,5262
00937B,群益ESG投等債20,34,0,34,美好-楊梅,2024-01-30,5262
2382,廣達,40,8,32,美好-楊梅,2024-01-30,5262
2610,華航,34,3,31,美好-楊梅,2024-01-30,5262
00637L,元大滬深300正2,50,20,30,美好-楊梅,2024-01-30,5262
2356,英業達,170,140,30,美好-楊梅,2024-01-30,5262
6120,達運,34,8,26,美好-楊梅,2024-01-30,5262
2344,華邦電,29,4,25,美好-楊梅,2024-01-30,5262
6770,力積電,68,51,17,美好-楊梅,2024-01-30,5262
5498,凱崴,16,0,16,美好-楊梅,2024-01-30,5262
5450,南良,15,0,15,美好-楊梅,2024-01-30,5262
2337,旺宏,14,0,14,美好-楊梅,2024-01-30,5262
3576,聯合再生,14,0,14,美好-楊梅,2024-01-30,5262
1605,華新,22,10,12,美好-楊梅,2024-01-30,5262
2409,友達,14,2,12,美好-楊梅,2024-01-30,5262
2493,揚博,12,0,12,美好-楊梅,2024-01-30,5262
3297,杭特,12,0,12,美好-楊梅,2024-01-30,5262
1325,恆大,11,0,11,美好-楊梅,2024-01-30,5262
2457,飛宏,11,0,11,美好-楊梅,2024-01-30,5262
00915,凱基優選高股息30,10,0,10,美好-楊梅,2024-01-30,5262
00632R,元大台灣50反1,10,0,10,美好-楊梅,2024-01-30,5262
1529,樂事綠能,10,0,10,美好-楊梅,2024-01-30,5262
2614,東森,10,0,10,美好-楊梅,2024-01-30,5262
2641,正德,10,0,10,美好-楊梅,2024-01-30,5262
2897,王道銀行,10,0,10,美好-楊梅,2024-01-30,5262
8028,昇陽半導體,10,0,10,美好-楊梅,2024-01-30,5262
5347,世界,9,0,9,美好-楊梅,2024-01-30,5262
8112,至上,10,1,9,美好-楊梅,2024-01-30,5262
5871,中租-KY,10,1,9,美好-楊梅,2024-01-30,5262
1102,亞泥,8,0,8,美好-楊梅,2024-01-30,5262
00639,富邦深100,8,0,8,美好-楊梅,2024-01-30,5262
00679B,元大美債20年,10,2,8,美好-楊梅,2024-01-30,5262
2634,漢翔,8,0,8,美好-楊梅,2024-01-30,5262
2883,凱基金,10,2,8,美好-楊梅,2024-01-30,5262
3005,神基,10,2,8,美好-楊梅,2024-01-30,5262
3715,定穎投控,18,10,8,美好-楊梅,2024-01-30,5262
4909,新復興,18,10,8,美好-楊梅,2024-01-30,5262
2402,毅嘉,7,0,7,美好-楊梅,2024-01-30,5262
3025,星通,22,15,7,美好-楊梅,2024-01-30,5262
3615,安可,12,5,7,美好-楊梅,2024-01-30,5262
4915,致伸,7,0,7,美好-楊梅,2024-01-30,5262
9105,泰金寶-DR,10,3,7,美好-楊梅,2024-01-30,5262
00670L,富邦NASDAQ正2,6,0,6,美好-楊梅,2024-01-30,5262
2498,宏達電,7,1,6,美好-楊梅,2024-01-30,5262
5284,jpp-KY,6,0,6,美好-楊梅,2024-01-30,5262
6451,訊芯-KY,6,0,6,美好-楊梅,2024-01-30,5262
2308,台達電,6,0,6,美好-楊梅,2024-01-30,5262
2883,凱基金,106,0,106,美好-楊梅,2024-01-31,5262
00933B,國泰10Y+金融債,52,0,52,美好-楊梅,2024-01-31,5262
2356,英業達,64,15,49,美好-楊梅,2024-01-31,5262
2303,聯電,53,9,44,美好-楊梅,2024-01-31,5262
00632R,元大台灣50反1,40,0,40,美好-楊梅,2024-01-31,5262
3231,緯創,43,8,35,美好-楊梅,2024-01-31,5262
00929,復華台灣科技優息,46,12,34,美好-楊梅,2024-01-31,5262
00878,國泰永續高股息,34,2,32,美好-楊梅,2024-01-31,5262
00676R,富邦臺灣加權反1,30,0,30,美好-楊梅,2024-01-31,5262
00937B,群益ESG投等債20,27,1,26,美好-楊梅,2024-01-31,5262
9105,泰金寶-DR,38,13,25,美好-楊梅,2024-01-31,5262
2002,中鋼,23,0,23,美好-楊梅,2024-01-31,5262
00633L,富邦上証正2,20,0,20,美好-楊梅,2024-01-31,5262
1519,華城,80,61,19,美好-楊梅,2024-01-31,5262
2369,菱生,22,6,16,美好-楊梅,2024-01-31,5262
00919,群益台灣精選高息,15,0,15,美好-楊梅,2024-01-31,5262
00687B,國泰20年美債,23,8,15,美好-楊梅,2024-01-31,5262
00679B,元大美債20年,16,1,15,美好-楊梅,2024-01-31,5262
6243,迅杰,34,20,14,美好-楊梅,2024-01-31,5262
2421,建準,15,1,14,美好-楊梅,2024-01-31,5262
2365,昆盈,14,1,13,美好-楊梅,2024-01-31,5262
3013,晟銘電,12,0,12,美好-楊梅,2024-01-31,5262
6129,普誠,12,0,12,美好-楊梅,2024-01-31,5262
2308,台達電,12,0,12,美好-楊梅,2024-01-31,5262
2886,兆豐金,12,1,11,美好-楊梅,2024-01-31,5262
1301,台塑,13,2,11,美好-楊梅,2024-01-31,5262
1316,上曜,10,0,10,美好-楊梅,2024-01-31,5262
1432,大魯閣,10,0,10,美好-楊梅,2024-01-31,5262
2607,榮運,11,1,10,美好-楊梅,2024-01-31,5262
2618,長榮航,17,7,10,美好-楊梅,2024-01-31,5262
3498,陽程,10,0,10,美好-楊梅,2024-01-31,5262
5907,大洋-KY,10,0,10,美好-楊梅,2024-01-31,5262
1312,國喬,9,0,9,美好-楊梅,2024-01-31,5262
2465,麗臺,11,2,9,美好-楊梅,2024-01-31,5262
1513,中興電,12,4,8,美好-楊梅,2024-01-31,5262
2409,友達,9,1,8,美好-楊梅,2024-01-31,5262
3041,揚智,12,4,8,美好-楊梅,2024-01-31,5262
4108,懷特,8,0,8,美好-楊梅,2024-01-31,5262
3035,智原,12,5,7,美好-楊梅,2024-01-31,5262
2405,輔信,10,3,7,美好-楊梅,2024-01-31,5262
3232,昱捷,7,0,7,美好-楊梅,2024-01-31,5262
00893,國泰智能電動車,6,0,6,美好-楊梅,2024-01-31,5262
2412,中華電,6,0,6,美好-楊梅,2024-01-31,5262
3673,TPK-KY,6,0,6,美好-楊梅,2024-01-31,5262
3706,神達,14,8,6,美好-楊梅,2024-01-31,5262
5210,寶碩,8,2,6,美好-楊梅,2024-01-31,5262
6108,競國,6,0,6,美好-楊梅,2024-01-31,5262
2330,台積電,7,2,5,美好-楊梅,2024-01-31,5262
5871,中租-KY,5,0,5,美好-楊梅,2024-01-31,5262
1101,台泥,6,1,5,美好-楊梅,2024-01-31,5262
5512,力麒,100,0,100,美好-楊梅,2024-02-01,5262
2313,華通,79,1,78,美好-楊梅,2024-02-01,5262
6120,達運,70,0,70,美好-楊梅,2024-02-01,5262
00674R,期元大S＆P黃金反1,60,0,60,美好-楊梅,2024-02-01,5262
1471,首利,50,0,50,美好-楊梅,2024-02-01,5262
00665L,富邦�琤肭磪囓�2,43,0,43,美好-楊梅,2024-02-01,5262
2303,聯電,47,11,36,美好-楊梅,2024-02-01,5262
00712,復華富時不動產,33,0,33,美好-楊梅,2024-02-01,5262
8096,擎亞,24,0,24,美好-楊梅,2024-02-01,5262
6770,力積電,28,6,22,美好-楊梅,2024-02-01,5262
8936,國統,37,15,22,美好-楊梅,2024-02-01,5262
5211,蒙恬,21,0,21,美好-楊梅,2024-02-01,5262
6113,亞矽,26,5,21,美好-楊梅,2024-02-01,5262
00632R,元大台灣50反1,20,0,20,美好-楊梅,2024-02-01,5262
6265,方土昶,35,15,20,美好-楊梅,2024-02-01,5262
3481,群創,27,8,19,美好-楊梅,2024-02-01,5262
2409,友達,21,4,17,美好-楊梅,2024-02-01,5262
2486,一詮,30,14,16,美好-楊梅,2024-02-01,5262
6116,彩晶,18,2,16,美好-楊梅,2024-02-01,5262
6179,亞通,15,0,15,美好-楊梅,2024-02-01,5262
2349,錸德,15,0,15,美好-楊梅,2024-02-01,5262
2382,廣達,16,3,13,美好-楊梅,2024-02-01,5262
1101,台泥,12,0,12,美好-楊梅,2024-02-01,5262
1609,大亞,11,0,11,美好-楊梅,2024-02-01,5262
00637L,元大滬深300正2,20,10,10,美好-楊梅,2024-02-01,5262
4933,友輝,10,0,10,美好-楊梅,2024-02-01,5262
6112,邁達特,10,0,10,美好-楊梅,2024-02-01,5262
8011,台通,12,2,10,美好-楊梅,2024-02-01,5262
2330,台積電,11,2,9,美好-楊梅,2024-02-01,5262
00937B,群益ESG投等債20,10,1,9,美好-楊梅,2024-02-01,5262
00713,元大台灣高息低波,9,0,9,美好-楊梅,2024-02-01,5262
1701,中化,10,1,9,美好-楊梅,2024-02-01,5262
2461,光群雷,10,1,9,美好-楊梅,2024-02-01,5262
3706,神達,12,3,9,美好-楊梅,2024-02-01,5262
8059,凱碩,26,17,9,美好-楊梅,2024-02-01,5262
2809,京城銀,8,0,8,美好-楊梅,2024-02-01,5262
3360,尚立,9,1,8,美好-楊梅,2024-02-01,5262
5426,振發,14,6,8,美好-楊梅,2024-02-01,5262
8080,印鉐,8,0,8,美好-楊梅,2024-02-01,5262
2454,聯發科,7,0,7,美好-楊梅,2024-02-01,5262
00929,復華台灣科技優息,18,11,7,美好-楊梅,2024-02-01,5262
00690,兆豐藍籌30,7,0,7,美好-楊梅,2024-02-01,5262
1514,亞力,22,15,7,美好-楊梅,2024-02-01,5262
2476,鉅祥,9,2,7,美好-楊梅,2024-02-01,5262
5284,jpp-KY,10,3,7,美好-楊梅,2024-02-01,5262
3231,緯創,14,7,7,美好-楊梅,2024-02-01,5262
6237,驊訊,17,10,7,美好-楊梅,2024-02-01,5262
1432,大魯閣,6,0,6,美好-楊梅,2024-02-01,5262
2109,華豐,6,0,6,美好-楊梅,2024-02-01,5262
2390,云辰,6,0,6,美好-楊梅,2024-02-01,5262
00878,國泰永續高股息,294,58,236,美好-楊梅,2024-02-02,5262
00937B,群益ESG投等債20,264,32,232,美好-楊梅,2024-02-02,5262
00712,復華富時不動產,153,0,153,美好-楊梅,2024-02-02,5262
00929,復華台灣科技優息,142,0,142,美好-楊梅,2024-02-02,5262
2609,陽明,59,4,55,美好-楊梅,2024-02-02,5262
1514,亞力,65,14,51,美好-楊梅,2024-02-02,5262
00933B,國泰10Y+金融債,45,0,45,美好-楊梅,2024-02-02,5262
00919,群益台灣精選高息,40,3,37,美好-楊梅,2024-02-02,5262
2303,聯電,36,0,36,美好-楊梅,2024-02-02,5262
00633L,富邦上証正2,30,0,30,美好-楊梅,2024-02-02,5262
00632R,元大台灣50反1,30,0,30,美好-楊梅,2024-02-02,5262
00687B,國泰20年美債,36,6,30,美好-楊梅,2024-02-02,5262
2329,華泰,37,11,26,美好-楊梅,2024-02-02,5262
00757,統一FANG+,21,0,21,美好-楊梅,2024-02-02,5262
2356,英業達,44,26,18,美好-楊梅,2024-02-02,5262
1605,華新,20,3,17,美好-楊梅,2024-02-02,5262
3360,尚立,17,0,17,美好-楊梅,2024-02-02,5262
5347,世界,15,0,15,美好-楊梅,2024-02-02,5262
5272,笙科,17,3,14,美好-楊梅,2024-02-02,5262
6770,力積電,66,52,14,美好-楊梅,2024-02-02,5262
2382,廣達,30,17,13,美好-楊梅,2024-02-02,5262
6265,方土昶,15,2,13,美好-楊梅,2024-02-02,5262
1503,士電,18,6,12,美好-楊梅,2024-02-02,5262
2365,昆盈,31,19,12,美好-楊梅,2024-02-02,5262
3374,精材,15,3,12,美好-楊梅,2024-02-02,5262
3605,宏致,12,0,12,美好-楊梅,2024-02-02,5262
2344,華邦電,34,23,11,美好-楊梅,2024-02-02,5262
4755,三福化,11,0,11,美好-楊梅,2024-02-02,5262
2603,長榮,12,2,10,美好-楊梅,2024-02-02,5262
2641,正德,10,0,10,美好-楊梅,2024-02-02,5262
3202,樺晟,10,0,10,美好-楊梅,2024-02-02,5262
3260,威剛,10,0,10,美好-楊梅,2024-02-02,5262
5450,南良,10,0,10,美好-楊梅,2024-02-02,5262
8150,南茂,11,1,10,美好-楊梅,2024-02-02,5262
8255,朋程,10,0,10,美好-楊梅,2024-02-02,5262
6806,森崴能源,9,0,9,美好-楊梅,2024-02-02,5262
2337,旺宏,9,0,9,美好-楊梅,2024-02-02,5262
2897,王道銀行,10,1,9,美好-楊梅,2024-02-02,5262
6113,亞矽,9,0,9,美好-楊梅,2024-02-02,5262
2615,萬海,8,0,8,美好-楊梅,2024-02-02,5262
00733,富邦臺灣中小,8,0,8,美好-楊梅,2024-02-02,5262
2324,仁寶,13,5,8,美好-楊梅,2024-02-02,5262
00934,中信成長高股息,7,0,7,美好-楊梅,2024-02-02,5262
1515,力山,7,0,7,美好-楊梅,2024-02-02,5262
1783,和康生,7,0,7,美好-楊梅,2024-02-02,5262
2484,希華,7,0,7,美好-楊梅,2024-02-02,5262
2634,漢翔,7,0,7,美好-楊梅,2024-02-02,5262
3297,杭特,25,18,7,美好-楊梅,2024-02-02,5262
6284,佳邦,7,0,7,美好-楊梅,2024-02-02,5262
1815,富喬,6,0,6,美好-楊梅,2024-02-02,5262
00706L,期元大S＆P日圓正2,400,100,300,美好-楊梅,2024-02-05,5262
00882,中信中國高股息,105,0,105,美好-楊梅,2024-02-05,5262
00753L,中信中國50正2,100,0,100,美好-楊梅,2024-02-05,5262
00929,復華台灣科技優息,75,5,70,美好-楊梅,2024-02-05,5262
00679B,元大美債20年,71,5,66,美好-楊梅,2024-02-05,5262
00632R,元大台灣50反1,55,0,55,美好-楊梅,2024-02-05,5262
2913,農林,51,4,47,美好-楊梅,2024-02-05,5262
00795B,中信美國公債20年,46,0,46,美好-楊梅,2024-02-05,5262
6153,嘉聯益,40,1,39,美好-楊梅,2024-02-05,5262
2303,聯電,39,2,37,美好-楊梅,2024-02-05,5262
00933B,國泰10Y+金融債,36,0,36,美好-楊梅,2024-02-05,5262
3049,精金,40,5,35,美好-楊梅,2024-02-05,5262
2887,台新金,30,0,30,美好-楊梅,2024-02-05,5262
3481,群創,31,3,28,美好-楊梅,2024-02-05,5262
00687B,國泰20年美債,27,0,27,美好-楊梅,2024-02-05,5262
6770,力積電,24,0,24,美好-楊梅,2024-02-05,5262
00878,國泰永續高股息,50,28,22,美好-楊梅,2024-02-05,5262
1101,台泥,24,3,21,美好-楊梅,2024-02-05,5262
2421,建準,30,9,21,美好-楊梅,2024-02-05,5262
2884,玉山金,20,0,20,美好-楊梅,2024-02-05,5262
00633L,富邦上証正2,20,0,20,美好-楊梅,2024-02-05,5262
2258,鴻華先進-創,20,0,20,美好-楊梅,2024-02-05,5262
2880,華南金,20,0,20,美好-楊梅,2024-02-05,5262
3520,華盈,20,0,20,美好-楊梅,2024-02-05,5262
1528,恩德,20,1,19,美好-楊梅,2024-02-05,5262
3413,京鼎,19,0,19,美好-楊梅,2024-02-05,5262
2363,矽統,22,4,18,美好-楊梅,2024-02-05,5262
2329,華泰,30,14,16,美好-楊梅,2024-02-05,5262
2610,華航,20,4,16,美好-楊梅,2024-02-05,5262
00902,中信電池及儲能,15,0,15,美好-楊梅,2024-02-05,5262
4543,萬在,15,1,14,美好-楊梅,2024-02-05,5262
6547,高端疫苗,14,0,14,美好-楊梅,2024-02-05,5262
00642U,期元大S＆P石油,13,0,13,美好-楊梅,2024-02-05,5262
1503,士電,15,2,13,美好-楊梅,2024-02-05,5262
1802,台玻,13,0,13,美好-楊梅,2024-02-05,5262
6138,茂達,13,0,13,美好-楊梅,2024-02-05,5262
2388,威盛,15,3,12,美好-楊梅,2024-02-05,5262
2476,鉅祥,12,0,12,美好-楊梅,2024-02-05,5262
2002,中鋼,12,1,11,美好-楊梅,2024-02-05,5262
2609,陽明,13,2,11,美好-楊梅,2024-02-05,5262
1102,亞泥,11,0,11,美好-楊梅,2024-02-05,5262
00715L,期街口布蘭特正2,11,0,11,美好-楊梅,2024-02-05,5262
00712,復華富時不動產,18,7,11,美好-楊梅,2024-02-05,5262
3264,欣銓,11,0,11,美好-楊梅,2024-02-05,5262
3527,聚積,11,0,11,美好-楊梅,2024-02-05,5262
6695,芯鼎,21,11,10,美好-楊梅,2024-02-05,5262
1312,國喬,10,0,10,美好-楊梅,2024-02-05,5262
1455,集盛,10,0,10,美好-楊梅,2024-02-05,5262
3498,陽程,10,0,10,美好-楊梅,2024-02-05,5262
6223,旺矽,10,0,10,美好-楊梅,2024-02-05,5262
00706L,期元大S＆P日圓正2,410,0,410,美好-楊梅,2024-02-15,5262
00632R,元大台灣50反1,361,0,361,美好-楊梅,2024-02-15,5262
00688L,國泰20年美債正2,307,0,307,美好-楊梅,2024-02-15,5262
2610,華航,74,4,70,美好-楊梅,2024-02-15,5262
2313,華通,70,6,64,美好-楊梅,2024-02-15,5262
00720B,元大投資級公司債,61,0,61,美好-楊梅,2024-02-15,5262
00679B,元大美債20年,120,60,60,美好-楊梅,2024-02-15,5262
3481,群創,60,2,58,美好-楊梅,2024-02-15,5262
2344,華邦電,55,0,55,美好-楊梅,2024-02-15,5262
00937B,群益ESG投等債20,53,0,53,美好-楊梅,2024-02-15,5262
00687B,國泰20年美債,53,0,53,美好-楊梅,2024-02-15,5262
00919,群益台灣精選高息,69,18,51,美好-楊梅,2024-02-15,5262
00751B,元大AAA至A公司債,70,23,47,美好-楊梅,2024-02-15,5262
2449,京元電子,41,2,39,美好-楊梅,2024-02-15,5262
00933B,國泰10Y+金融債,38,0,38,美好-楊梅,2024-02-15,5262
4714,永捷,36,2,34,美好-楊梅,2024-02-15,5262
6120,達運,31,0,31,美好-楊梅,2024-02-15,5262
00900,富邦特選高股息30,34,5,29,美好-楊梅,2024-02-15,5262
2609,陽明,44,17,27,美好-楊梅,2024-02-15,5262
2408,南亞科,25,0,25,美好-楊梅,2024-02-15,5262
9904,寶成,22,0,22,美好-楊梅,2024-02-15,5262
5521,工信,21,0,21,美好-楊梅,2024-02-15,5262
2890,永豐金,21,0,21,美好-楊梅,2024-02-15,5262
1301,台塑,20,0,20,美好-楊梅,2024-02-15,5262
2332,友訊,20,0,20,美好-楊梅,2024-02-15,5262
3011,今皓,20,0,20,美好-楊梅,2024-02-15,5262
4162,智擎,20,0,20,美好-楊梅,2024-02-15,5262
8936,國統,34,14,20,美好-楊梅,2024-02-15,5262
9910,豐泰,20,0,20,美好-楊梅,2024-02-15,5262
00891,中信關鍵半導體,31,12,19,美好-楊梅,2024-02-15,5262
1605,華新,20,1,19,美好-楊梅,2024-02-15,5262
2615,萬海,20,1,19,美好-楊梅,2024-02-15,5262
00712,復華富時不動產,38,20,18,美好-楊梅,2024-02-15,5262
6547,高端疫苗,17,0,17,美好-楊梅,2024-02-15,5262
1101,台泥,20,3,17,美好-楊梅,2024-02-15,5262
2464,盟立,16,0,16,美好-楊梅,2024-02-15,5262
2002,中鋼,15,0,15,美好-楊梅,2024-02-15,5262
6194,育富,15,0,15,美好-楊梅,2024-02-15,5262
8926,台汽電,15,0,15,美好-楊梅,2024-02-15,5262
3162,精確,14,0,14,美好-楊梅,2024-02-15,5262
8409,商之器,14,0,14,美好-楊梅,2024-02-15,5262
2882,國泰金,18,4,14,美好-楊梅,2024-02-15,5262
2399,映泰,20,7,13,美好-楊梅,2024-02-15,5262
2883,凱基金,15,3,12,美好-楊梅,2024-02-15,5262
2301,光寶科,13,1,12,美好-楊梅,2024-02-15,5262
1326,台化,11,0,11,美好-楊梅,2024-02-15,5262
2359,所羅門,10,0,10,美好-楊梅,2024-02-15,5262
2537,聯上發,11,1,10,美好-楊梅,2024-02-15,5262
3025,星通,16,6,10,美好-楊梅,2024-02-15,5262
2887,台新金,10,0,10,美好-楊梅,2024-02-15,5262
00687B,國泰20年美債,251,30,221,美好-楊梅,2024-02-16,5262
00712,復華富時不動產,204,0,204,美好-楊梅,2024-02-16,5262
00680L,元大美債20正2,119,0,119,美好-楊梅,2024-02-16,5262
00933B,國泰10Y+金融債,92,0,92,美好-楊梅,2024-02-16,5262
1460,宏遠,50,0,50,美好-楊梅,2024-02-16,5262
00937B,群益ESG投等債20,49,0,49,美好-楊梅,2024-02-16,5262
2884,玉山金,57,10,47,美好-楊梅,2024-02-16,5262
2367,燿華,49,5,44,美好-楊梅,2024-02-16,5262
3051,力特,36,1,35,美好-楊梅,2024-02-16,5262
00919,群益台灣精選高息,39,5,34,美好-楊梅,2024-02-16,5262
2888,新光金,33,0,33,美好-楊梅,2024-02-16,5262
3017,奇鋐,36,4,32,美好-楊梅,2024-02-16,5262
00931B,統一美債20年,31,0,31,美好-楊梅,2024-02-16,5262
2352,佳世達,37,7,30,美好-楊梅,2024-02-16,5262
2382,廣達,37,12,25,美好-楊梅,2024-02-16,5262
3481,群創,31,6,25,美好-楊梅,2024-02-16,5262
1815,富喬,35,11,24,美好-楊梅,2024-02-16,5262
1101,台泥,20,1,19,美好-楊梅,2024-02-16,5262
00679B,元大美債20年,19,0,19,美好-楊梅,2024-02-16,5262
00795B,中信美國公債20年,18,0,18,美好-楊梅,2024-02-16,5262
4114,健喬,19,2,17,美好-楊梅,2024-02-16,5262
6806,森崴能源,19,2,17,美好-楊梅,2024-02-16,5262
2002,中鋼,17,1,16,美好-楊梅,2024-02-16,5262
2408,南亞科,17,1,16,美好-楊梅,2024-02-16,5262
2462,良得電,17,1,16,美好-楊梅,2024-02-16,5262
3372,典範,15,0,15,美好-楊梅,2024-02-16,5262
2610,華航,26,12,14,美好-楊梅,2024-02-16,5262
1319,東陽,14,0,14,美好-楊梅,2024-02-16,5262
3231,緯創,56,42,14,美好-楊梅,2024-02-16,5262
8050,廣積,25,12,13,美好-楊梅,2024-02-16,5262
3260,威剛,13,0,13,美好-楊梅,2024-02-16,5262
1514,亞力,25,14,11,美好-楊梅,2024-02-16,5262
2409,友達,11,0,11,美好-楊梅,2024-02-16,5262
2425,承啟,19,8,11,美好-楊梅,2024-02-16,5262
6126,信音,13,2,11,美好-楊梅,2024-02-16,5262
00720B,元大投資級公司債,10,0,10,美好-楊梅,2024-02-16,5262
1806,冠軍,10,0,10,美好-楊梅,2024-02-16,5262
2371,大同,10,0,10,美好-楊梅,2024-02-16,5262
2365,昆盈,75,66,9,美好-楊梅,2024-02-16,5262
00900,富邦特選高股息30,8,0,8,美好-楊梅,2024-02-16,5262
8088,品安,13,5,8,美好-楊梅,2024-02-16,5262
3036,文曄,9,1,8,美好-楊梅,2024-02-16,5262
00688L,國泰20年美債正2,47,40,7,美好-楊梅,2024-02-16,5262
00725B,國泰投資級公司債,7,0,7,美好-楊梅,2024-02-16,5262
1447,力鵬,7,0,7,美好-楊梅,2024-02-16,5262
1808,潤隆,7,0,7,美好-楊梅,2024-02-16,5262
3312,弘憶股,7,0,7,美好-楊梅,2024-02-16,5262
6742,澤米,12,5,7,美好-楊梅,2024-02-16,5262
6257,矽格,13,6,7,美好-楊梅,2024-02-16,5262
2834,臺企銀,8,2,6,美好-楊梅,2024-02-16,5262
00919,群益台灣精選高息,250,50,200,美好-楊梅,2024-02-19,5262
00933B,國泰10Y+金融債,149,0,149,美好-楊梅,2024-02-19,5262
00751B,元大AAA至A公司債,166,17,149,美好-楊梅,2024-02-19,5262
00878,國泰永續高股息,152,17,135,美好-楊梅,2024-02-19,5262
2303,聯電,115,12,103,美好-楊梅,2024-02-19,5262
2515,中工,113,10,103,美好-楊梅,2024-02-19,5262
00937B,群益ESG投等債20,95,0,95,美好-楊梅,2024-02-19,5262
00679B,元大美債20年,94,5,89,美好-楊梅,2024-02-19,5262
1460,宏遠,84,0,84,美好-楊梅,2024-02-19,5262
2897,王道銀行,70,10,60,美好-楊梅,2024-02-19,5262
4532,瑞智,45,1,44,美好-楊梅,2024-02-19,5262
2355,敬鵬,99,59,40,美好-楊梅,2024-02-19,5262
00712,復華富時不動產,46,10,36,美好-楊梅,2024-02-19,5262
6156,松上,36,0,36,美好-楊梅,2024-02-19,5262
00687B,國泰20年美債,34,0,34,美好-楊梅,2024-02-19,5262
2329,華泰,69,36,33,美好-楊梅,2024-02-19,5262
2356,英業達,106,74,32,美好-楊梅,2024-02-19,5262
2301,光寶科,33,3,30,美好-楊梅,2024-02-19,5262
2353,宏��,41,11,30,美好-楊梅,2024-02-19,5262
2365,昆盈,53,26,27,美好-楊梅,2024-02-19,5262
9105,泰金寶-DR,29,2,27,美好-楊梅,2024-02-19,5262
2609,陽明,26,5,21,美好-楊梅,2024-02-19,5262
2486,一詮,26,6,20,美好-楊梅,2024-02-19,5262
3017,奇鋐,21,2,19,美好-楊梅,2024-02-19,5262
1101,台泥,23,4,19,美好-楊梅,2024-02-19,5262
1503,士電,31,14,17,美好-楊梅,2024-02-19,5262
0056,元大高股息,16,0,16,美好-楊梅,2024-02-19,5262
2409,友達,16,0,16,美好-楊梅,2024-02-19,5262
00929,復華台灣科技優息,26,11,15,美好-楊梅,2024-02-19,5262
4960,誠美材,18,3,15,美好-楊梅,2024-02-19,5262
8926,台汽電,15,0,15,美好-楊梅,2024-02-19,5262
5443,均豪,18,4,14,美好-楊梅,2024-02-19,5262
4956,光鋐,12,0,12,美好-楊梅,2024-02-19,5262
5210,寶碩,12,0,12,美好-楊梅,2024-02-19,5262
6265,方土昶,17,6,11,美好-楊梅,2024-02-19,5262
00720B,元大投資級公司債,10,0,10,美好-楊梅,2024-02-19,5262
00715L,期街口布蘭特正2,10,0,10,美好-楊梅,2024-02-19,5262
00650L,復華香港正2,10,0,10,美好-楊梅,2024-02-19,5262
1325,恆大,11,1,10,美好-楊梅,2024-02-19,5262
2332,友訊,10,0,10,美好-楊梅,2024-02-19,5262
2376,技嘉,13,3,10,美好-楊梅,2024-02-19,5262
5450,南良,10,0,10,美好-楊梅,2024-02-19,5262
6213,聯茂,11,1,10,美好-楊梅,2024-02-19,5262
2834,臺企銀,10,0,10,美好-楊梅,2024-02-19,5262
8064,東捷,12,2,10,美好-楊梅,2024-02-19,5262
0050,元大台灣50,10,1,9,美好-楊梅,2024-02-19,5262
1314,中石化,10,1,9,美好-楊梅,2024-02-19,5262
2337,旺宏,10,1,9,美好-楊梅,2024-02-19,5262
3372,典範,9,0,9,美好-楊梅,2024-02-19,5262
5426,振發,25,16,9,美好-楊梅,2024-02-19,5262
00933B,國泰10Y+金融債,122,0,122,美好-楊梅,2024-02-20,5262
00751B,元大AAA至A公司債,105,0,105,美好-楊梅,2024-02-20,5262
00634R,富邦上証反1,100,0,100,美好-楊梅,2024-02-20,5262
2884,玉山金,67,2,65,美好-楊梅,2024-02-20,5262
00937B,群益ESG投等債20,60,1,59,美好-楊梅,2024-02-20,5262
6120,達運,57,4,53,美好-楊梅,2024-02-20,5262
00712,復華富時不動產,51,0,51,美好-楊梅,2024-02-20,5262
6202,盛群,46,0,46,美好-楊梅,2024-02-20,5262
6438,迅得,43,0,43,美好-楊梅,2024-02-20,5262
8096,擎亞,63,20,43,美好-楊梅,2024-02-20,5262
00632R,元大台灣50反1,41,0,41,美好-楊梅,2024-02-20,5262
2618,長榮航,50,9,41,美好-楊梅,2024-02-20,5262
1104,環泥,38,0,38,美好-楊梅,2024-02-20,5262
2363,矽統,38,3,35,美好-楊梅,2024-02-20,5262
3024,憶聲,33,0,33,美好-楊梅,2024-02-20,5262
00679B,元大美債20年,32,0,32,美好-楊梅,2024-02-20,5262
5521,工信,32,0,32,美好-楊梅,2024-02-20,5262
3062,建漢,30,0,30,美好-楊梅,2024-02-20,5262
3231,緯創,44,17,27,美好-楊梅,2024-02-20,5262
4909,新復興,29,3,26,美好-楊梅,2024-02-20,5262
4960,誠美材,29,4,25,美好-楊梅,2024-02-20,5262
6770,力積電,23,1,22,美好-楊梅,2024-02-20,5262
3047,訊舟,32,12,20,美好-楊梅,2024-02-20,5262
5443,均豪,23,3,20,美好-楊梅,2024-02-20,5262
1514,亞力,45,26,19,美好-楊梅,2024-02-20,5262
3041,揚智,30,11,19,美好-楊梅,2024-02-20,5262
6126,信音,24,6,18,美好-楊梅,2024-02-20,5262
3321,同泰,23,5,18,美好-楊梅,2024-02-20,5262
3035,智原,23,6,17,美好-楊梅,2024-02-20,5262
2352,佳世達,19,3,16,美好-楊梅,2024-02-20,5262
6160,欣技,18,3,15,美好-楊梅,2024-02-20,5262
6265,方土昶,19,4,15,美好-楊梅,2024-02-20,5262
00929,復華台灣科技優息,27,12,15,美好-楊梅,2024-02-20,5262
00687B,國泰20年美債,13,0,13,美好-楊梅,2024-02-20,5262
2476,鉅祥,21,8,13,美好-楊梅,2024-02-20,5262
2641,正德,14,1,13,美好-楊梅,2024-02-20,5262
1815,富喬,24,11,13,美好-楊梅,2024-02-20,5262
1301,台塑,12,0,12,美好-楊梅,2024-02-20,5262
00891,中信關鍵半導體,12,0,12,美好-楊梅,2024-02-20,5262
8110,華東,15,3,12,美好-楊梅,2024-02-20,5262
5202,力新,14,2,12,美好-楊梅,2024-02-20,5262
4529,淳紳,11,0,11,美好-楊梅,2024-02-20,5262
9103,美德醫療-DR,11,0,11,美好-楊梅,2024-02-20,5262
5381,合正,23,12,11,美好-楊梅,2024-02-20,5262
1108,幸福,10,0,10,美好-楊梅,2024-02-20,5262
2208,台船,10,0,10,美好-楊梅,2024-02-20,5262
2457,飛宏,34,24,10,美好-楊梅,2024-02-20,5262
3710,連展投控,10,0,10,美好-楊梅,2024-02-20,5262
4123,晟德,10,0,10,美好-楊梅,2024-02-20,5262
6196,帆宣,11,1,10,美好-楊梅,2024-02-20,5262
00933B,國泰10Y+金融債,118,0,118,美好-楊梅,2024-02-21,5262
00687B,國泰20年美債,117,0,117,美好-楊梅,2024-02-21,5262
3363,上詮,189,92,97,美好-楊梅,2024-02-21,5262
1316,上曜,67,24,43,美好-楊梅,2024-02-21,5262
2609,陽明,105,63,42,美好-楊梅,2024-02-21,5262
3481,群創,52,14,38,美好-楊梅,2024-02-21,5262
00712,復華富時不動產,41,4,37,美好-楊梅,2024-02-21,5262
2303,聯電,38,4,34,美好-楊梅,2024-02-21,5262
3231,緯創,72,41,31,美好-楊梅,2024-02-21,5262
9105,泰金寶-DR,120,89,31,美好-楊梅,2024-02-21,5262
2884,玉山金,30,0,30,美好-楊梅,2024-02-21,5262
3024,憶聲,32,5,27,美好-楊梅,2024-02-21,5262
9103,美德醫療-DR,27,2,25,美好-楊梅,2024-02-21,5262
6265,方土昶,28,4,24,美好-楊梅,2024-02-21,5262
3163,波若威,33,10,23,美好-楊梅,2024-02-21,5262
6282,康舒,25,2,23,美好-楊梅,2024-02-21,5262
00937B,群益ESG投等債20,22,0,22,美好-楊梅,2024-02-21,5262
1568,倉佑,20,0,20,美好-楊梅,2024-02-21,5262
5533,皇鼎,20,0,20,美好-楊梅,2024-02-21,5262
00919,群益台灣精選高息,19,1,18,美好-楊梅,2024-02-21,5262
00679B,元大美債20年,18,0,18,美好-楊梅,2024-02-21,5262
00929,復華台灣科技優息,65,47,18,美好-楊梅,2024-02-21,5262
2369,菱生,87,72,15,美好-楊梅,2024-02-21,5262
4529,淳紳,16,1,15,美好-楊梅,2024-02-21,5262
6770,力積電,18,3,15,美好-楊梅,2024-02-21,5262
2301,光寶科,15,1,14,美好-楊梅,2024-02-21,5262
3354,律勝,16,2,14,美好-楊梅,2024-02-21,5262
6233,旺玖,27,13,14,美好-楊梅,2024-02-21,5262
5515,建國,13,0,13,美好-楊梅,2024-02-21,5262
2388,威盛,14,2,12,美好-楊梅,2024-02-21,5262
2401,凌陽,14,2,12,美好-楊梅,2024-02-21,5262
00891,中信關鍵半導體,11,0,11,美好-楊梅,2024-02-21,5262
2882,國泰金,11,0,11,美好-楊梅,2024-02-21,5262
00666R,富邦�琤肭磪齯�1,10,0,10,美好-楊梅,2024-02-21,5262
00751B,元大AAA至A公司債,10,0,10,美好-楊梅,2024-02-21,5262
1460,宏遠,10,0,10,美好-楊梅,2024-02-21,5262
2460,建通,11,1,10,美好-楊梅,2024-02-21,5262
2706,第一店,10,0,10,美好-楊梅,2024-02-21,5262
2897,王道銀行,10,0,10,美好-楊梅,2024-02-21,5262
3016,嘉晶,10,0,10,美好-楊梅,2024-02-21,5262
3710,連展投控,10,0,10,美好-楊梅,2024-02-21,5262
2885,元大金,10,0,10,美好-楊梅,2024-02-21,5262
00720B,元大投資級公司債,12,3,9,美好-楊梅,2024-02-21,5262
3234,光環,9,0,9,美好-楊梅,2024-02-21,5262
3535,晶彩科,11,2,9,美好-楊梅,2024-02-21,5262
3035,智原,20,11,9,美好-楊梅,2024-02-21,5262
1809,中釉,11,3,8,美好-楊梅,2024-02-21,5262
2476,鉅祥,12,4,8,美好-楊梅,2024-02-21,5262
3041,揚智,13,5,8,美好-楊梅,2024-02-21,5262
8076,伍豐,8,0,8,美好-楊梅,2024-02-21,5262
6770,力積電,105,0,105,美好-楊梅,2024-02-22,5262
00751B,元大AAA至A公司債,90,0,90,美好-楊梅,2024-02-22,5262
2489,瑞軒,97,27,70,美好-楊梅,2024-02-22,5262
00937B,群益ESG投等債20,89,22,67,美好-楊梅,2024-02-22,5262
00929,復華台灣科技優息,147,81,66,美好-楊梅,2024-02-22,5262
3354,律勝,65,3,62,美好-楊梅,2024-02-22,5262
9105,泰金寶-DR,60,1,59,美好-楊梅,2024-02-22,5262
4960,誠美材,65,9,56,美好-楊梅,2024-02-22,5262
00919,群益台灣精選高息,144,92,52,美好-楊梅,2024-02-22,5262
00893,國泰智能電動車,52,2,50,美好-楊梅,2024-02-22,5262
6156,松上,40,0,40,美好-楊梅,2024-02-22,5262
1447,力鵬,34,0,34,美好-楊梅,2024-02-22,5262
2363,矽統,43,10,33,美好-楊梅,2024-02-22,5262
5315,光聯,34,3,31,美好-楊梅,2024-02-22,5262
00687B,國泰20年美債,27,1,26,美好-楊梅,2024-02-22,5262
2883,凱基金,26,2,24,美好-楊梅,2024-02-22,5262
00680L,元大美債20正2,22,0,22,美好-楊梅,2024-02-22,5262
3576,聯合再生,22,0,22,美好-楊梅,2024-02-22,5262
6257,矽格,26,4,22,美好-楊梅,2024-02-22,5262
00665L,富邦�琤肭磪囓�2,20,0,20,美好-楊梅,2024-02-22,5262
2913,農林,20,0,20,美好-楊梅,2024-02-22,5262
4534,慶騰,20,0,20,美好-楊梅,2024-02-22,5262
6532,瑞耘,20,0,20,美好-楊梅,2024-02-22,5262
2887,台新金,20,1,19,美好-楊梅,2024-02-22,5262
3234,光環,23,5,18,美好-楊梅,2024-02-22,5262
2329,華泰,91,74,17,美好-楊梅,2024-02-22,5262
5512,力麒,16,1,15,美好-楊梅,2024-02-22,5262
2365,昆盈,15,1,14,美好-楊梅,2024-02-22,5262
5498,凱崴,24,10,14,美好-楊梅,2024-02-22,5262
3044,健鼎,13,0,13,美好-楊梅,2024-02-22,5262
6237,驊訊,19,6,13,美好-楊梅,2024-02-22,5262
2376,技嘉,20,8,12,美好-楊梅,2024-02-22,5262
3055,蔚華科,16,4,12,美好-楊梅,2024-02-22,5262
6530,創威,12,0,12,美好-楊梅,2024-02-22,5262
2368,金像電,16,5,11,美好-楊梅,2024-02-22,5262
3236,千如,11,0,11,美好-楊梅,2024-02-22,5262
3289,宜特,11,0,11,美好-楊梅,2024-02-22,5262
8936,國統,17,6,11,美好-楊梅,2024-02-22,5262
1301,台塑,10,0,10,美好-楊梅,2024-02-22,5262
00632R,元大台灣50反1,10,0,10,美好-楊梅,2024-02-22,5262
2206,三陽工業,12,2,10,美好-楊梅,2024-02-22,5262
2312,金寶,10,0,10,美好-楊梅,2024-02-22,5262
3058,立德,10,0,10,美好-楊梅,2024-02-22,5262
3551,世禾,10,0,10,美好-楊梅,2024-02-22,5262
3685,元創精密,10,0,10,美好-楊梅,2024-02-22,5262
3710,連展投控,10,0,10,美好-楊梅,2024-02-22,5262
6292,迅德,10,0,10,美好-楊梅,2024-02-22,5262
8011,台通,10,0,10,美好-楊梅,2024-02-22,5262
2303,聯電,21,11,10,美好-楊梅,2024-02-22,5262
1529,樂事綠能,11,2,9,美好-楊梅,2024-02-22,5262
00712,復華富時不動產,329,135,194,美好-楊梅,2024-02-23,5262
00933B,國泰10Y+金融債,148,0,148,美好-楊梅,2024-02-23,5262
00937B,群益ESG投等債20,120,5,115,美好-楊梅,2024-02-23,5262
2610,華航,107,3,104,美好-楊梅,2024-02-23,5262
00929,復華台灣科技優息,184,83,101,美好-楊梅,2024-02-23,5262
00919,群益台灣精選高息,118,29,89,美好-楊梅,2024-02-23,5262
1806,冠軍,85,5,80,美好-楊梅,2024-02-23,5262
3231,緯創,95,24,71,美好-楊梅,2024-02-23,5262
00751B,元大AAA至A公司債,63,0,63,美好-楊梅,2024-02-23,5262
2356,英業達,168,106,62,美好-楊梅,2024-02-23,5262
00687B,國泰20年美債,57,0,57,美好-楊梅,2024-02-23,5262
00632R,元大台灣50反1,50,0,50,美好-楊梅,2024-02-23,5262
2303,聯電,48,3,45,美好-楊梅,2024-02-23,5262
00878,國泰永續高股息,49,7,42,美好-楊梅,2024-02-23,5262
00690,兆豐藍籌30,40,0,40,美好-楊梅,2024-02-23,5262
3354,律勝,43,6,37,美好-楊梅,2024-02-23,5262
2352,佳世達,44,8,36,美好-楊梅,2024-02-23,5262
00770,國泰北美科技,33,0,33,美好-楊梅,2024-02-23,5262
6231,系微,35,2,33,美好-楊梅,2024-02-23,5262
3481,群創,63,31,32,美好-楊梅,2024-02-23,5262
6126,信音,32,1,31,美好-楊梅,2024-02-23,5262
6248,沛波,30,0,30,美好-楊梅,2024-02-23,5262
00680L,元大美債20正2,26,0,26,美好-楊梅,2024-02-23,5262
2408,南亞科,26,0,26,美好-楊梅,2024-02-23,5262
2609,陽明,35,10,25,美好-楊梅,2024-02-23,5262
2382,廣達,36,11,25,美好-楊梅,2024-02-23,5262
00891,中信關鍵半導體,31,8,23,美好-楊梅,2024-02-23,5262
1605,華新,22,0,22,美好-楊梅,2024-02-23,5262
3712,永崴投控,24,3,21,美好-楊梅,2024-02-23,5262
2367,燿華,22,2,20,美好-楊梅,2024-02-23,5262
5211,蒙恬,20,0,20,美好-楊梅,2024-02-23,5262
8110,華東,18,0,18,美好-楊梅,2024-02-23,5262
4916,事欣科,20,3,17,美好-楊梅,2024-02-23,5262
00757,統一FANG+,16,0,16,美好-楊梅,2024-02-23,5262
3372,典範,15,0,15,美好-楊梅,2024-02-23,5262
00679B,元大美債20年,13,0,13,美好-楊梅,2024-02-23,5262
1303,南亞,13,0,13,美好-楊梅,2024-02-23,5262
2883,凱基金,23,10,13,美好-楊梅,2024-02-23,5262
1504,東元,24,12,12,美好-楊梅,2024-02-23,5262
2014,中鴻,12,0,12,美好-楊梅,2024-02-23,5262
3047,訊舟,23,11,12,美好-楊梅,2024-02-23,5262
3706,神達,20,8,12,美好-楊梅,2024-02-23,5262
5344,立衛,12,0,12,美好-楊梅,2024-02-23,5262
2884,玉山金,18,6,12,美好-楊梅,2024-02-23,5262
00934,中信成長高股息,13,2,11,美好-楊梅,2024-02-23,5262
2886,兆豐金,11,0,11,美好-楊梅,2024-02-23,5262
5426,振發,12,1,11,美好-楊梅,2024-02-23,5262
5469,瀚宇博,11,0,11,美好-楊梅,2024-02-23,5262
2617,台航,10,0,10,美好-楊梅,2024-02-23,5262
00895,富邦未來車,10,0,10,美好-楊梅,2024-02-23,5262
00933B,國泰10Y+金融債,178,15,163,美好-楊梅,2024-02-26,5262
00753L,中信中國50正2,100,0,100,美好-楊梅,2024-02-26,5262
2363,矽統,170,70,100,美好-楊梅,2024-02-26,5262
00751B,元大AAA至A公司債,96,0,96,美好-楊梅,2024-02-26,5262
2369,菱生,97,3,94,美好-楊梅,2024-02-26,5262
1503,士電,110,30,80,美好-楊梅,2024-02-26,5262
00878,國泰永續高股息,94,31,63,美好-楊梅,2024-02-26,5262
4105,東洋,40,0,40,美好-楊梅,2024-02-26,5262
2489,瑞軒,40,5,35,美好-楊梅,2024-02-26,5262
00919,群益台灣精選高息,136,105,31,美好-楊梅,2024-02-26,5262
2002,中鋼,31,2,29,美好-楊梅,2024-02-26,5262
2884,玉山金,29,0,29,美好-楊梅,2024-02-26,5262
5355,佳總,24,0,24,美好-楊梅,2024-02-26,5262
2344,華邦電,27,3,24,美好-楊梅,2024-02-26,5262
2305,全友,25,3,22,美好-楊梅,2024-02-26,5262
1301,台塑,21,0,21,美好-楊梅,2024-02-26,5262
9904,寶成,20,0,20,美好-楊梅,2024-02-26,5262
1437,勤益控,20,0,20,美好-楊梅,2024-02-26,5262
1609,大亞,34,14,20,美好-楊梅,2024-02-26,5262
2303,聯電,46,28,18,美好-楊梅,2024-02-26,5262
2324,仁寶,19,1,18,美好-楊梅,2024-02-26,5262
2313,華通,22,5,17,美好-楊梅,2024-02-26,5262
00687B,國泰20年美債,17,0,17,美好-楊梅,2024-02-26,5262
2408,南亞科,21,4,17,美好-楊梅,2024-02-26,5262
2476,鉅祥,23,6,17,美好-楊梅,2024-02-26,5262
3689,湧德,19,2,17,美好-楊梅,2024-02-26,5262
00632R,元大台灣50反1,16,1,15,美好-楊梅,2024-02-26,5262
1102,亞泥,15,0,15,美好-楊梅,2024-02-26,5262
4109,加捷生醫,19,4,15,美好-楊梅,2024-02-26,5262
8112,至上,17,3,14,美好-楊梅,2024-02-26,5262
3231,緯創,42,29,13,美好-楊梅,2024-02-26,5262
4908,前鼎,25,13,12,美好-楊梅,2024-02-26,5262
00931B,統一美債20年,12,0,12,美好-楊梅,2024-02-26,5262
1717,長興,16,4,12,美好-楊梅,2024-02-26,5262
3265,台星科,12,0,12,美好-楊梅,2024-02-26,5262
6113,亞矽,12,0,12,美好-楊梅,2024-02-26,5262
1605,華新,13,1,12,美好-楊梅,2024-02-26,5262
2887,台新金,11,0,11,美好-楊梅,2024-02-26,5262
3390,旭軟,26,15,11,美好-楊梅,2024-02-26,5262
8040,九暘,12,1,11,美好-楊梅,2024-02-26,5262
00752,中信中國50,10,0,10,美好-楊梅,2024-02-26,5262
00720B,元大投資級公司債,10,0,10,美好-楊梅,2024-02-26,5262
1104,環泥,10,0,10,美好-楊梅,2024-02-26,5262
1809,中釉,10,0,10,美好-楊梅,2024-02-26,5262
2022,聚亨,10,0,10,美好-楊梅,2024-02-26,5262
2104,國際中橡,10,0,10,美好-楊梅,2024-02-26,5262
2301,光寶科,11,1,10,美好-楊梅,2024-02-26,5262
2601,益航,10,0,10,美好-楊梅,2024-02-26,5262
4129,聯合,10,0,10,美好-楊梅,2024-02-26,5262
5381,合正,10,0,10,美好-楊梅,2024-02-26,5262
00878,國泰永續高股息,232,13,219,美好-楊梅,2024-02-27,5262
00937B,群益ESG投等債20,174,12,162,美好-楊梅,2024-02-27,5262
2002,中鋼,155,0,155,美好-楊梅,2024-02-27,5262
00933B,國泰10Y+金融債,92,0,92,美好-楊梅,2024-02-27,5262
2889,國票金,90,0,90,美好-楊梅,2024-02-27,5262
2356,英業達,96,34,62,美好-楊梅,2024-02-27,5262
8085,福華,65,12,53,美好-楊梅,2024-02-27,5262
2887,台新金,53,1,52,美好-楊梅,2024-02-27,5262
00671R,富邦NASDAQ反1,50,0,50,美好-楊梅,2024-02-27,5262
6248,沛波,41,1,40,美好-楊梅,2024-02-27,5262
6695,芯鼎,61,22,39,美好-楊梅,2024-02-27,5262
2329,華泰,57,20,37,美好-楊梅,2024-02-27,5262
3354,律勝,40,5,35,美好-楊梅,2024-02-27,5262
00712,復華富時不動產,31,0,31,美好-楊梅,2024-02-27,5262
2374,佳能,30,0,30,美好-楊梅,2024-02-27,5262
3576,聯合再生,30,0,30,美好-楊梅,2024-02-27,5262
2610,華航,28,0,28,美好-楊梅,2024-02-27,5262
4529,淳紳,28,1,27,美好-楊梅,2024-02-27,5262
2382,廣達,32,5,27,美好-楊梅,2024-02-27,5262
6770,力積電,76,52,24,美好-楊梅,2024-02-27,5262
1711,永光,43,20,23,美好-楊梅,2024-02-27,5262
1721,三晃,32,10,22,美好-楊梅,2024-02-27,5262
3450,聯鈞,26,4,22,美好-楊梅,2024-02-27,5262
3706,神達,31,9,22,美好-楊梅,2024-02-27,5262
1809,中釉,22,0,22,美好-楊梅,2024-02-27,5262
00687B,國泰20年美債,26,4,22,美好-楊梅,2024-02-27,5262
5512,力麒,30,9,21,美好-楊梅,2024-02-27,5262
8096,擎亞,98,77,21,美好-楊梅,2024-02-27,5262
00633L,富邦上証正2,20,0,20,美好-楊梅,2024-02-27,5262
3037,欣興,35,15,20,美好-楊梅,2024-02-27,5262
3232,昱捷,27,7,20,美好-楊梅,2024-02-27,5262
3518,柏騰,20,0,20,美好-楊梅,2024-02-27,5262
1513,中興電,72,52,20,美好-楊梅,2024-02-27,5262
00751B,元大AAA至A公司債,19,0,19,美好-楊梅,2024-02-27,5262
3049,精金,18,0,18,美好-楊梅,2024-02-27,5262
3231,緯創,40,23,17,美好-楊梅,2024-02-27,5262
1303,南亞,17,0,17,美好-楊梅,2024-02-27,5262
00900,富邦特選高股息30,65,48,17,美好-楊梅,2024-02-27,5262
1514,亞力,64,48,16,美好-楊梅,2024-02-27,5262
00713,元大台灣高息低波,16,0,16,美好-楊梅,2024-02-27,5262
2618,長榮航,47,32,15,美好-楊梅,2024-02-27,5262
6167,久正,20,5,15,美好-楊梅,2024-02-27,5262
3711,日月光投控,15,1,14,美好-楊梅,2024-02-27,5262
00919,群益台灣精選高息,40,27,13,美好-楊梅,2024-02-27,5262
2342,茂矽,13,0,13,美好-楊梅,2024-02-27,5262
2408,南亞科,15,2,13,美好-楊梅,2024-02-27,5262
3338,泰碩,13,0,13,美好-楊梅,2024-02-27,5262
4915,致伸,13,0,13,美好-楊梅,2024-02-27,5262
6292,迅德,14,1,13,美好-楊梅,2024-02-27,5262
8027,鈦昇,13,0,13,美好-楊梅,2024-02-27,5262
00680L,元大美債20正2,186,0,186,美好-楊梅,2024-02-29,5262
2838,聯邦銀,100,0,100,美好-楊梅,2024-02-29,5262
00937B,群益ESG投等債20,90,0,90,美好-楊梅,2024-02-29,5262
3022,威強電,58,0,58,美好-楊梅,2024-02-29,5262
2329,華泰,120,62,58,美好-楊梅,2024-02-29,5262
3481,群創,45,0,45,美好-楊梅,2024-02-29,5262
6462,神盾,44,3,41,美好-楊梅,2024-02-29,5262
5347,世界,39,1,38,美好-楊梅,2024-02-29,5262
5512,力麒,38,0,38,美好-楊梅,2024-02-29,5262
2002,中鋼,36,0,36,美好-楊梅,2024-02-29,5262
5452,佶優,36,2,34,美好-楊梅,2024-02-29,5262
00919,群益台灣精選高息,53,20,33,美好-楊梅,2024-02-29,5262
00933B,國泰10Y+金融債,31,0,31,美好-楊梅,2024-02-29,5262
1215,卜蜂,28,0,28,美好-楊梅,2024-02-29,5262
3231,緯創,55,27,28,美好-楊梅,2024-02-29,5262
00687B,國泰20年美債,26,1,25,美好-楊梅,2024-02-29,5262
00929,復華台灣科技優息,43,21,22,美好-楊梅,2024-02-29,5262
00712,復華富時不動產,22,0,22,美好-楊梅,2024-02-29,5262
9105,泰金寶-DR,22,0,22,美好-楊梅,2024-02-29,5262
4108,懷特,20,0,20,美好-楊梅,2024-02-29,5262
6282,康舒,24,4,20,美好-楊梅,2024-02-29,5262
3402,漢科,20,3,17,美好-楊梅,2024-02-29,5262
8112,至上,19,2,17,美好-楊梅,2024-02-29,5262
1522,堤維西,58,42,16,美好-楊梅,2024-02-29,5262
1504,東元,17,4,13,美好-楊梅,2024-02-29,5262
8064,東捷,13,0,13,美好-楊梅,2024-02-29,5262
2369,菱生,16,4,12,美好-楊梅,2024-02-29,5262
6116,彩晶,12,0,12,美好-楊梅,2024-02-29,5262
1727,中華化,17,6,11,美好-楊梅,2024-02-29,5262
3694,海華,16,5,11,美好-楊梅,2024-02-29,5262
6207,雷科,13,2,11,美好-楊梅,2024-02-29,5262
00915,凱基優選高股息30,10,0,10,美好-楊梅,2024-02-29,5262
2431,聯昌,12,2,10,美好-楊梅,2024-02-29,5262
6127,九豪,25,15,10,美好-楊梅,2024-02-29,5262
8110,華東,10,0,10,美好-楊梅,2024-02-29,5262
2313,華通,15,6,9,美好-楊梅,2024-02-29,5262
6770,力積電,109,101,8,美好-楊梅,2024-02-29,5262
00679B,元大美債20年,8,0,8,美好-楊梅,2024-02-29,5262
1618,合機,13,5,8,美好-楊梅,2024-02-29,5262
2020,美亞,10,2,8,美好-楊梅,2024-02-29,5262
2605,新興,15,7,8,美好-楊梅,2024-02-29,5262
5355,佳總,8,0,8,美好-楊梅,2024-02-29,5262
0056,元大高股息,11,4,7,美好-楊梅,2024-02-29,5262
1529,樂事綠能,11,4,7,美好-楊梅,2024-02-29,5262
2208,台船,8,1,7,美好-楊梅,2024-02-29,5262
2356,英業達,18,11,7,美好-楊梅,2024-02-29,5262
2495,普安,10,3,7,美好-楊梅,2024-02-29,5262
3006,晶豪科,7,0,7,美好-楊梅,2024-02-29,5262
3041,揚智,7,0,7,美好-楊梅,2024-02-29,5262
3268,海德威,7,0,7,美好-楊梅,2024-02-29,5262
00919,群益台灣精選高息,149,39,110,美好-楊梅,2024-03-01,5262
8085,福華,133,29,104,美好-楊梅,2024-03-01,5262
2409,友達,83,10,73,美好-楊梅,2024-03-01,5262
00665L,富邦�琤肭磪囓�2,70,2,68,美好-楊梅,2024-03-01,5262
00918,大華優利高填息30,65,0,65,美好-楊梅,2024-03-01,5262
2889,國票金,62,0,62,美好-楊梅,2024-03-01,5262
00937B,群益ESG投等債20,56,2,54,美好-楊梅,2024-03-01,5262
00680L,元大美債20正2,53,0,53,美好-楊梅,2024-03-01,5262
5498,凱崴,50,0,50,美好-楊梅,2024-03-01,5262
6770,力積電,41,7,34,美好-楊梅,2024-03-01,5262
4977,眾達-KY,34,1,33,美好-楊梅,2024-03-01,5262
1815,富喬,39,7,32,美好-楊梅,2024-03-01,5262
00933B,國泰10Y+金融債,25,0,25,美好-楊梅,2024-03-01,5262
9103,美德醫療-DR,24,0,24,美好-楊梅,2024-03-01,5262
2303,聯電,24,3,21,美好-楊梅,2024-03-01,5262
4916,事欣科,20,0,20,美好-楊梅,2024-03-01,5262
9904,寶成,20,0,20,美好-楊梅,2024-03-01,5262
1513,中興電,53,36,17,美好-楊梅,2024-03-01,5262
1316,上曜,39,23,16,美好-楊梅,2024-03-01,5262
3712,永崴投控,16,1,15,美好-楊梅,2024-03-01,5262
4102,永日,15,0,15,美好-楊梅,2024-03-01,5262
2329,華泰,22,8,14,美好-楊梅,2024-03-01,5262
1618,合機,13,0,13,美好-楊梅,2024-03-01,5262
6112,邁達特,13,0,13,美好-楊梅,2024-03-01,5262
2399,映泰,35,23,12,美好-楊梅,2024-03-01,5262
2882,國泰金,12,0,12,美好-楊梅,2024-03-01,5262
8070,長華*,12,0,12,美好-楊梅,2024-03-01,5262
2371,大同,33,21,12,美好-楊梅,2024-03-01,5262
2363,矽統,24,12,12,美好-楊梅,2024-03-01,5262
2618,長榮航,46,35,11,美好-楊梅,2024-03-01,5262
00927,群益半導體收益,10,0,10,美好-楊梅,2024-03-01,5262
00637L,元大滬深300正2,10,0,10,美好-楊梅,2024-03-01,5262
00632R,元大台灣50反1,10,0,10,美好-楊梅,2024-03-01,5262
1304,台聚,10,0,10,美好-楊梅,2024-03-01,5262
1460,宏遠,10,0,10,美好-楊梅,2024-03-01,5262
3516,亞帝歐,21,11,10,美好-楊梅,2024-03-01,5262
00895,富邦未來車,10,1,9,美好-楊梅,2024-03-01,5262
1612,宏泰,15,6,9,美好-楊梅,2024-03-01,5262
2888,新光金,9,0,9,美好-楊梅,2024-03-01,5262
2609,陽明,44,35,9,美好-楊梅,2024-03-01,5262
2317,鴻海,8,0,8,美好-楊梅,2024-03-01,5262
2355,敬鵬,10,2,8,美好-楊梅,2024-03-01,5262
2617,台航,11,3,8,美好-楊梅,2024-03-01,5262
4303,信立,15,7,8,美好-楊梅,2024-03-01,5262
4529,淳紳,8,0,8,美好-楊梅,2024-03-01,5262
6120,達運,9,1,8,美好-楊梅,2024-03-01,5262
6288,聯嘉,9,1,8,美好-楊梅,2024-03-01,5262
8930,青鋼,8,0,8,美好-楊梅,2024-03-01,5262
00878,國泰永續高股息,27,20,7,美好-楊梅,2024-03-01,5262
4130,健亞,7,0,7,美好-楊梅,2024-03-01,5262
2332,友訊,519,9,510,美好-楊梅,2024-03-04,5262
00937B,群益ESG投等債20,462,10,452,美好-楊梅,2024-03-04,5262
3372,典範,83,0,83,美好-楊梅,2024-03-04,5262
00878,國泰永續高股息,94,40,54,美好-楊梅,2024-03-04,5262
2369,菱生,58,5,53,美好-楊梅,2024-03-04,5262
00680L,元大美債20正2,50,0,50,美好-楊梅,2024-03-04,5262
00918,大華優利高填息30,45,0,45,美好-楊梅,2024-03-04,5262
00881,國泰台灣5G+,60,16,44,美好-楊梅,2024-03-04,5262
2883,凱基金,49,5,44,美好-楊梅,2024-03-04,5262
3576,聯合再生,33,0,33,美好-楊梅,2024-03-04,5262
6116,彩晶,41,10,31,美好-楊梅,2024-03-04,5262
2301,光寶科,41,11,30,美好-楊梅,2024-03-04,5262
2409,友達,30,0,30,美好-楊梅,2024-03-04,5262
1815,富喬,29,1,28,美好-楊梅,2024-03-04,5262
2610,華航,21,0,21,美好-楊梅,2024-03-04,5262
2882,國泰金,21,1,20,美好-楊梅,2024-03-04,5262
00673R,期元大S＆P原油反1,20,0,20,美好-楊梅,2024-03-04,5262
00885,富邦越南,20,0,20,美好-楊梅,2024-03-04,5262
3434,哲固,20,0,20,美好-楊梅,2024-03-04,5262
2208,台船,21,2,19,美好-楊梅,2024-03-04,5262
2615,萬海,18,1,17,美好-楊梅,2024-03-04,5262
00751B,元大AAA至A公司債,16,0,16,美好-楊梅,2024-03-04,5262
2014,中鴻,17,1,16,美好-楊梅,2024-03-04,5262
2355,敬鵬,22,6,16,美好-楊梅,2024-03-04,5262
3548,兆利,20,5,15,美好-楊梅,2024-03-04,5262
3231,緯創,54,39,15,美好-楊梅,2024-03-04,5262
1316,上曜,17,2,15,美好-楊梅,2024-03-04,5262
5534,長虹,15,0,15,美好-楊梅,2024-03-04,5262
1432,大魯閣,14,0,14,美好-楊梅,2024-03-04,5262
2329,華泰,27,13,14,美好-楊梅,2024-03-04,5262
2609,陽明,36,22,14,美好-楊梅,2024-03-04,5262
1513,中興電,21,8,13,美好-楊梅,2024-03-04,5262
00915,凱基優選高股息30,13,0,13,美好-楊梅,2024-03-04,5262
2399,映泰,13,0,13,美好-楊梅,2024-03-04,5262
2605,新興,14,1,13,美好-楊梅,2024-03-04,5262
006208,富邦台50,13,2,11,美好-楊梅,2024-03-04,5262
1301,台塑,11,0,11,美好-楊梅,2024-03-04,5262
3605,宏致,11,0,11,美好-楊梅,2024-03-04,5262
6706,惠特,11,0,11,美好-楊梅,2024-03-04,5262
2002,中鋼,39,29,10,美好-楊梅,2024-03-04,5262
3702,大聯大,10,0,10,美好-楊梅,2024-03-04,5262
00895,富邦未來車,10,0,10,美好-楊梅,2024-03-04,5262
00637L,元大滬深300正2,10,0,10,美好-楊梅,2024-03-04,5262
1409,新纖,10,0,10,美好-楊梅,2024-03-04,5262
1517,利奇,10,0,10,美好-楊梅,2024-03-04,5262
2013,中鋼構,10,0,10,美好-楊梅,2024-03-04,5262
3016,嘉晶,10,0,10,美好-楊梅,2024-03-04,5262
3322,建舜電,12,2,10,美好-楊梅,2024-03-04,5262
3710,連展投控,10,0,10,美好-楊梅,2024-03-04,5262
5309,系統電,10,0,10,美好-楊梅,2024-03-04,5262
00919,群益台灣精選高息,281,44,237,美好-楊梅,2024-03-05,5262
00878,國泰永續高股息,98,27,71,美好-楊梅,2024-03-05,5262
1409,新纖,76,16,60,美好-楊梅,2024-03-05,5262
00687B,國泰20年美債,54,2,52,美好-楊梅,2024-03-05,5262
2367,燿華,81,40,41,美好-楊梅,2024-03-05,5262
2344,華邦電,40,0,40,美好-楊梅,2024-03-05,5262
1609,大亞,46,9,37,美好-楊梅,2024-03-05,5262
2349,錸德,36,0,36,美好-楊梅,2024-03-05,5262
00915,凱基優選高股息30,36,0,36,美好-楊梅,2024-03-05,5262
00712,復華富時不動產,50,22,28,美好-楊梅,2024-03-05,5262
2002,中鋼,30,3,27,美好-楊梅,2024-03-05,5262
00679B,元大美債20年,26,0,26,美好-楊梅,2024-03-05,5262
3234,光環,29,3,26,美好-楊梅,2024-03-05,5262
4908,前鼎,33,7,26,美好-楊梅,2024-03-05,5262
3481,群創,48,25,23,美好-楊梅,2024-03-05,5262
6462,神盾,36,13,23,美好-楊梅,2024-03-05,5262
8926,台汽電,30,8,22,美好-楊梅,2024-03-05,5262
00918,大華優利高填息30,21,0,21,美好-楊梅,2024-03-05,5262
2303,聯電,40,19,21,美好-楊梅,2024-03-05,5262
8071,能率網通,21,0,21,美好-楊梅,2024-03-05,5262
3587,閎康,20,0,20,美好-楊梅,2024-03-05,5262
3520,華盈,20,0,20,美好-楊梅,2024-03-05,5262
1303,南亞,23,3,20,美好-楊梅,2024-03-05,5262
2617,台航,20,1,19,美好-楊梅,2024-03-05,5262
2845,遠東銀,23,4,19,美好-楊梅,2024-03-05,5262
3518,柏騰,18,0,18,美好-楊梅,2024-03-05,5262
00937B,群益ESG投等債20,17,0,17,美好-楊梅,2024-03-05,5262
2890,永豐金,20,3,17,美好-楊梅,2024-03-05,5262
2301,光寶科,23,7,16,美好-楊梅,2024-03-05,5262
2409,友達,22,7,15,美好-楊梅,2024-03-05,5262
3058,立德,15,0,15,美好-楊梅,2024-03-05,5262
3062,建漢,16,1,15,美好-楊梅,2024-03-05,5262
3372,典範,80,65,15,美好-楊梅,2024-03-05,5262
6125,廣運,24,9,15,美好-楊梅,2024-03-05,5262
2316,楠梓電,18,3,15,美好-楊梅,2024-03-05,5262
2352,佳世達,15,1,14,美好-楊梅,2024-03-05,5262
2834,臺企銀,20,6,14,美好-楊梅,2024-03-05,5262
3189,景碩,13,0,13,美好-楊梅,2024-03-05,5262
6188,廣明,32,19,13,美好-楊梅,2024-03-05,5262
2419,仲琦,26,13,13,美好-楊梅,2024-03-05,5262
2888,新光金,18,7,11,美好-楊梅,2024-03-05,5262
3128,昇銳,11,0,11,美好-楊梅,2024-03-05,5262
6505,台塑化,12,2,10,美好-楊梅,2024-03-05,5262
00882,中信中國高股息,10,0,10,美好-楊梅,2024-03-05,5262
1312,國喬,10,0,10,美好-楊梅,2024-03-05,5262
1313,聯成,10,0,10,美好-楊梅,2024-03-05,5262
2614,東森,10,0,10,美好-楊梅,2024-03-05,5262
2816,旺旺保,10,0,10,美好-楊梅,2024-03-05,5262
3042,晶技,16,6,10,美好-楊梅,2024-03-05,5262
3209,全科,14,4,10,美好-楊梅,2024-03-05,5262
00919,群益台灣精選高息,214,42,172,美好-楊梅,2024-03-06,5262
2431,聯昌,102,0,102,美好-楊梅,2024-03-06,5262
3230,錦明,101,0,101,美好-楊梅,2024-03-06,5262
00918,大華優利高填息30,92,0,92,美好-楊梅,2024-03-06,5262
00712,復華富時不動產,82,2,80,美好-楊梅,2024-03-06,5262
00687B,國泰20年美債,71,0,71,美好-楊梅,2024-03-06,5262
2845,遠東銀,70,2,68,美好-楊梅,2024-03-06,5262
4533,協易機,59,13,46,美好-楊梅,2024-03-06,5262
4532,瑞智,45,1,44,美好-楊梅,2024-03-06,5262
5388,中磊,43,5,38,美好-楊梅,2024-03-06,5262
2352,佳世達,39,3,36,美好-楊梅,2024-03-06,5262
6284,佳邦,34,1,33,美好-楊梅,2024-03-06,5262
2610,華航,40,10,30,美好-楊梅,2024-03-06,5262
00632R,元大台灣50反1,29,0,29,美好-楊梅,2024-03-06,5262
2356,英業達,47,21,26,美好-楊梅,2024-03-06,5262
3049,精金,28,3,25,美好-楊梅,2024-03-06,5262
3062,建漢,24,1,23,美好-楊梅,2024-03-06,5262
00853B,統一美債10年Aa-,22,0,22,美好-楊梅,2024-03-06,5262
00937B,群益ESG投等債20,24,2,22,美好-楊梅,2024-03-06,5262
2609,陽明,22,1,21,美好-楊梅,2024-03-06,5262
2359,所羅門,22,1,21,美好-楊梅,2024-03-06,5262
6141,柏承,21,0,21,美好-楊梅,2024-03-06,5262
2377,微星,21,2,19,美好-楊梅,2024-03-06,5262
00725B,國泰投資級公司債,17,0,17,美好-楊梅,2024-03-06,5262
00830,國泰費城半導體,16,0,16,美好-楊梅,2024-03-06,5262
2603,長榮,21,6,15,美好-楊梅,2024-03-06,5262
00931B,統一美債20年,45,30,15,美好-楊梅,2024-03-06,5262
00665L,富邦�琤肭磪囓�2,17,3,14,美好-楊梅,2024-03-06,5262
00915,凱基優選高股息30,14,0,14,美好-楊梅,2024-03-06,5262
2606,裕民,16,2,14,美好-楊梅,2024-03-06,5262
5521,工信,21,7,14,美好-楊梅,2024-03-06,5262
2104,國際中橡,12,0,12,美好-楊梅,2024-03-06,5262
2344,華邦電,12,0,12,美好-楊梅,2024-03-06,5262
9103,美德醫療-DR,13,2,11,美好-楊梅,2024-03-06,5262
6189,豐藝,12,2,10,美好-楊梅,2024-03-06,5262
00907,永豐優息存股,10,0,10,美好-楊梅,2024-03-06,5262
2485,兆赫,13,3,10,美好-楊梅,2024-03-06,5262
4108,懷特,10,0,10,美好-楊梅,2024-03-06,5262
5452,佶優,13,3,10,美好-楊梅,2024-03-06,5262
6164,華興,10,0,10,美好-楊梅,2024-03-06,5262
6248,沛波,10,0,10,美好-楊梅,2024-03-06,5262
6547,高端疫苗,10,0,10,美好-楊梅,2024-03-06,5262
1514,亞力,21,11,10,美好-楊梅,2024-03-06,5262
8054,安國,10,1,9,美好-楊梅,2024-03-06,5262
3078,僑威,16,7,9,美好-楊梅,2024-03-06,5262
1432,大魯閣,11,2,9,美好-楊梅,2024-03-06,5262
2014,中鴻,10,1,9,美好-楊梅,2024-03-06,5262
2409,友達,22,13,9,美好-楊梅,2024-03-06,5262
3550,聯穎,9,0,9,美好-楊梅,2024-03-06,5262
5302,太欣,10,1,9,美好-楊梅,2024-03-06,5262
00915,凱基優選高股息30,153,0,153,美好-楊梅,2024-03-07,5262
8011,台通,119,3,116,美好-楊梅,2024-03-07,5262
00937B,群益ESG投等債20,115,5,110,美好-楊梅,2024-03-07,5262
1316,上曜,123,39,84,美好-楊梅,2024-03-07,5262
1815,富喬,105,31,74,美好-楊梅,2024-03-07,5262
00929,復華台灣科技優息,106,47,59,美好-楊梅,2024-03-07,5262
00764B,群益25年美債,50,0,50,美好-楊梅,2024-03-07,5262
6266,泰詠,52,2,50,美好-楊梅,2024-03-07,5262
00897,富邦基因免疫生技,40,0,40,美好-楊梅,2024-03-07,5262
4906,正文,44,6,38,美好-楊梅,2024-03-07,5262
2363,矽統,38,4,34,美好-楊梅,2024-03-07,5262
2409,友達,53,20,33,美好-楊梅,2024-03-07,5262
1786,科妍,33,0,33,美好-楊梅,2024-03-07,5262
3231,緯創,47,16,31,美好-楊梅,2024-03-07,5262
6126,信音,51,21,30,美好-楊梅,2024-03-07,5262
5452,佶優,46,17,29,美好-楊梅,2024-03-07,5262
2609,陽明,27,1,26,美好-楊梅,2024-03-07,5262
2881,富邦金,24,1,23,美好-楊梅,2024-03-07,5262
3689,湧德,34,13,21,美好-楊梅,2024-03-07,5262
4533,協易機,21,0,21,美好-楊梅,2024-03-07,5262
9904,寶成,21,0,21,美好-楊梅,2024-03-07,5262
1785,光洋科,21,1,20,美好-楊梅,2024-03-07,5262
4716,大立,20,0,20,美好-楊梅,2024-03-07,5262
1514,亞力,21,3,18,美好-楊梅,2024-03-07,5262
00687B,國泰20年美債,24,6,18,美好-楊梅,2024-03-07,5262
2636,台驊控股,18,0,18,美好-楊梅,2024-03-07,5262
6770,力積電,121,103,18,美好-楊梅,2024-03-07,5262
2367,燿華,85,68,17,美好-楊梅,2024-03-07,5262
3013,晟銘電,42,25,17,美好-楊梅,2024-03-07,5262
2888,新光金,25,10,15,美好-楊梅,2024-03-07,5262
3234,光環,22,7,15,美好-楊梅,2024-03-07,5262
5272,笙科,16,1,15,美好-楊梅,2024-03-07,5262
6207,雷科,15,0,15,美好-楊梅,2024-03-07,5262
8234,新漢,15,0,15,美好-楊梅,2024-03-07,5262
00637L,元大滬深300正2,24,10,14,美好-楊梅,2024-03-07,5262
6275,元山,36,23,13,美好-楊梅,2024-03-07,5262
3372,典範,13,0,13,美好-楊梅,2024-03-07,5262
1734,杏輝,14,1,13,美好-楊梅,2024-03-07,5262
2365,昆盈,14,1,13,美好-楊梅,2024-03-07,5262
5388,中磊,17,4,13,美好-楊梅,2024-03-07,5262
2002,中鋼,22,9,13,美好-楊梅,2024-03-07,5262
2368,金像電,15,2,13,美好-楊梅,2024-03-07,5262
1304,台聚,13,1,12,美好-楊梅,2024-03-07,5262
2413,環科,11,0,11,美好-楊梅,2024-03-07,5262
3207,耀勝,17,6,11,美好-楊梅,2024-03-07,5262
3576,聯合再生,11,0,11,美好-楊梅,2024-03-07,5262
4168,醣聯,11,0,11,美好-楊梅,2024-03-07,5262
5475,德宏,14,3,11,美好-楊梅,2024-03-07,5262
8163,達方,16,5,11,美好-楊梅,2024-03-07,5262
2882,國泰金,12,2,10,美好-楊梅,2024-03-07,5262
00919,群益台灣精選高息,435,105,330,美好-楊梅,2024-03-08,5262
00937B,群益ESG投等債20,200,58,142,美好-楊梅,2024-03-08,5262
00918,大華優利高填息30,109,22,87,美好-楊梅,2024-03-08,5262
00720B,元大投資級公司債,73,0,73,美好-楊梅,2024-03-08,5262
1815,富喬,91,20,71,美好-楊梅,2024-03-08,5262
00915,凱基優選高股息30,124,56,68,美好-楊梅,2024-03-08,5262
2449,京元電子,52,13,39,美好-楊梅,2024-03-08,5262
2610,華航,50,13,37,美好-楊梅,2024-03-08,5262
5347,世界,42,8,34,美好-楊梅,2024-03-08,5262
00885,富邦越南,31,0,31,美好-楊梅,2024-03-08,5262
00632R,元大台灣50反1,35,5,30,美好-楊梅,2024-03-08,5262
6125,廣運,46,18,28,美好-楊梅,2024-03-08,5262
00933B,國泰10Y+金融債,27,0,27,美好-楊梅,2024-03-08,5262
1517,利奇,38,12,26,美好-楊梅,2024-03-08,5262
1312,國喬,25,0,25,美好-楊梅,2024-03-08,5262
2888,新光金,25,0,25,美好-楊梅,2024-03-08,5262
6150,撼訊,24,0,24,美好-楊梅,2024-03-08,5262
5498,凱崴,65,42,23,美好-楊梅,2024-03-08,5262
00857B,永豐20年美公債,30,10,20,美好-楊梅,2024-03-08,5262
00687B,國泰20年美債,20,0,20,美好-楊梅,2024-03-08,5262
2324,仁寶,22,2,20,美好-楊梅,2024-03-08,5262
4916,事欣科,19,0,19,美好-楊梅,2024-03-08,5262
6138,茂達,19,1,18,美好-楊梅,2024-03-08,5262
2603,長榮,22,4,18,美好-楊梅,2024-03-08,5262
00935,野村臺灣新科技50,17,0,17,美好-楊梅,2024-03-08,5262
2886,兆豐金,21,4,17,美好-楊梅,2024-03-08,5262
4906,正文,19,3,16,美好-楊梅,2024-03-08,5262
9105,泰金寶-DR,16,0,16,美好-楊梅,2024-03-08,5262
1717,長興,15,0,15,美好-楊梅,2024-03-08,5262
2352,佳世達,16,1,15,美好-楊梅,2024-03-08,5262
3710,連展投控,15,0,15,美好-楊梅,2024-03-08,5262
6202,盛群,15,0,15,美好-楊梅,2024-03-08,5262
4128,中天,21,6,15,美好-楊梅,2024-03-08,5262
1101,台泥,14,0,14,美好-楊梅,2024-03-08,5262
2201,裕隆,15,1,14,美好-楊梅,2024-03-08,5262
00934,中信成長高股息,13,0,13,美好-楊梅,2024-03-08,5262
2845,遠東銀,13,0,13,美好-楊梅,2024-03-08,5262
3265,台星科,14,1,13,美好-楊梅,2024-03-08,5262
3390,旭軟,14,1,13,美好-楊梅,2024-03-08,5262
6274,台燿,16,4,12,美好-楊梅,2024-03-08,5262
2332,友訊,12,0,12,美好-楊梅,2024-03-08,5262
2399,映泰,14,2,12,美好-楊梅,2024-03-08,5262
2419,仲琦,12,0,12,美好-楊梅,2024-03-08,5262
2457,飛宏,13,1,12,美好-楊梅,2024-03-08,5262
6139,亞翔,12,0,12,美好-楊梅,2024-03-08,5262
00923,群益台ESG低碳50,12,0,12,美好-楊梅,2024-03-08,5262
2317,鴻海,16,4,12,美好-楊梅,2024-03-08,5262
3044,健鼎,22,11,11,美好-楊梅,2024-03-08,5262
2436,偉詮電,11,0,11,美好-楊梅,2024-03-08,5262
5871,中租-KY,10,0,10,美好-楊梅,2024-03-08,5262
00929,復華台灣科技優息,199,25,174,美好-楊梅,2024-03-11,5262
00937B,群益ESG投等債20,145,0,145,美好-楊梅,2024-03-11,5262
2367,燿華,149,36,113,美好-楊梅,2024-03-11,5262
00915,凱基優選高股息30,86,2,84,美好-楊梅,2024-03-11,5262
00919,群益台灣精選高息,140,57,83,美好-楊梅,2024-03-11,5262
00751B,元大AAA至A公司債,62,3,59,美好-楊梅,2024-03-11,5262
00688L,國泰20年美債正2,100,41,59,美好-楊梅,2024-03-11,5262
6248,沛波,52,3,49,美好-楊梅,2024-03-11,5262
2303,聯電,66,21,45,美好-楊梅,2024-03-11,5262
2312,金寶,40,0,40,美好-楊梅,2024-03-11,5262
3711,日月光投控,28,0,28,美好-楊梅,2024-03-11,5262
2834,臺企銀,89,63,26,美好-楊梅,2024-03-11,5262
00931B,統一美債20年,24,0,24,美好-楊梅,2024-03-11,5262
3372,典範,25,1,24,美好-楊梅,2024-03-11,5262
1101,台泥,26,3,23,美好-楊梅,2024-03-11,5262
00712,復華富時不動產,20,0,20,美好-楊梅,2024-03-11,5262
2104,國際中橡,20,0,20,美好-楊梅,2024-03-11,5262
2888,新光金,20,0,20,美好-楊梅,2024-03-11,5262
2897,王道銀行,20,0,20,美好-楊梅,2024-03-11,5262
3356,奇偶,22,2,20,美好-楊梅,2024-03-11,5262
4716,大立,20,0,20,美好-楊梅,2024-03-11,5262
3689,湧德,19,2,17,美好-楊梅,2024-03-11,5262
5498,凱崴,24,8,16,美好-楊梅,2024-03-11,5262
2618,長榮航,18,4,14,美好-楊梅,2024-03-11,5262
00687B,國泰20年美債,14,0,14,美好-楊梅,2024-03-11,5262
2412,中華電,14,1,13,美好-楊梅,2024-03-11,5262
00891,中信關鍵半導體,13,0,13,美好-楊梅,2024-03-11,5262
00933B,國泰10Y+金融債,14,1,13,美好-楊梅,2024-03-11,5262
00923,群益台ESG低碳50,13,0,13,美好-楊梅,2024-03-11,5262
4533,協易機,12,0,12,美好-楊梅,2024-03-11,5262
5347,世界,12,0,12,美好-楊梅,2024-03-11,5262
1301,台塑,12,1,11,美好-楊梅,2024-03-11,5262
2349,錸德,11,0,11,美好-楊梅,2024-03-11,5262
3049,精金,11,0,11,美好-楊梅,2024-03-11,5262
5211,蒙恬,11,0,11,美好-楊梅,2024-03-11,5262
3006,晶豪科,14,3,11,美好-楊梅,2024-03-11,5262
3017,奇鋐,19,9,10,美好-楊梅,2024-03-11,5262
00632R,元大台灣50反1,10,0,10,美好-楊梅,2024-03-11,5262
1460,宏遠,10,0,10,美好-楊梅,2024-03-11,5262
2258,鴻華先進-創,10,0,10,美好-楊梅,2024-03-11,5262
2344,華邦電,22,12,10,美好-楊梅,2024-03-11,5262
2399,映泰,10,0,10,美好-楊梅,2024-03-11,5262
2734,易飛網,10,0,10,美好-楊梅,2024-03-11,5262
3019,亞光,10,0,10,美好-楊梅,2024-03-11,5262
3058,立德,10,0,10,美好-楊梅,2024-03-11,5262
3708,上緯投控,10,0,10,美好-楊梅,2024-03-11,5262
6116,彩晶,10,0,10,美好-楊梅,2024-03-11,5262
2881,富邦金,13,4,9,美好-楊梅,2024-03-11,5262
1316,上曜,23,14,9,美好-楊梅,2024-03-11,5262
2376,技嘉,19,10,9,美好-楊梅,2024-03-11,5262
2883,凱基金,207,29,178,美好-楊梅,2024-03-12,5262
00937B,群益ESG投等債20,82,1,81,美好-楊梅,2024-03-12,5262
2367,燿華,107,43,64,美好-楊梅,2024-03-12,5262
8096,擎亞,75,19,56,美好-楊梅,2024-03-12,5262
00725B,國泰投資級公司債,54,0,54,美好-楊梅,2024-03-12,5262
00919,群益台灣精選高息,84,38,46,美好-楊梅,2024-03-12,5262
2369,菱生,55,9,46,美好-楊梅,2024-03-12,5262
00929,復華台灣科技優息,73,32,41,美好-楊梅,2024-03-12,5262
00632R,元大台灣50反1,35,0,35,美好-楊梅,2024-03-12,5262
00918,大華優利高填息30,57,23,34,美好-楊梅,2024-03-12,5262
3576,聯合再生,31,0,31,美好-楊梅,2024-03-12,5262
00885,富邦越南,30,0,30,美好-楊梅,2024-03-12,5262
2344,華邦電,86,57,29,美好-楊梅,2024-03-12,5262
00687B,國泰20年美債,39,11,28,美好-楊梅,2024-03-12,5262
2002,中鋼,25,0,25,美好-楊梅,2024-03-12,5262
6202,盛群,25,0,25,美好-楊梅,2024-03-12,5262
00751B,元大AAA至A公司債,20,0,20,美好-楊梅,2024-03-12,5262
00738U,期元大道瓊白銀,20,0,20,美好-楊梅,2024-03-12,5262
2838,聯邦銀,20,0,20,美好-楊梅,2024-03-12,5262
2845,遠東銀,30,10,20,美好-楊梅,2024-03-12,5262
1582,信錦,26,7,19,美好-楊梅,2024-03-12,5262
00857B,永豐20年美公債,18,0,18,美好-楊梅,2024-03-12,5262
6213,聯茂,18,1,17,美好-楊梅,2024-03-12,5262
2329,華泰,20,5,15,美好-楊梅,2024-03-12,5262
6120,達運,46,31,15,美好-楊梅,2024-03-12,5262
2301,光寶科,19,4,15,美好-楊梅,2024-03-12,5262
2892,第一金,15,1,14,美好-楊梅,2024-03-12,5262
6735,美達科技,16,2,14,美好-楊梅,2024-03-12,5262
2897,王道銀行,23,10,13,美好-楊梅,2024-03-12,5262
2365,昆盈,20,7,13,美好-楊梅,2024-03-12,5262
2201,裕隆,24,12,12,美好-楊梅,2024-03-12,5262
2408,南亞科,22,10,12,美好-楊梅,2024-03-12,5262
6116,彩晶,12,0,12,美好-楊梅,2024-03-12,5262
3305,昇貿,12,0,12,美好-楊梅,2024-03-12,5262
2368,金像電,11,0,11,美好-楊梅,2024-03-12,5262
00720B,元大投資級公司債,11,0,11,美好-楊梅,2024-03-12,5262
8048,德勝,11,0,11,美好-楊梅,2024-03-12,5262
1616,億泰,10,0,10,美好-楊梅,2024-03-12,5262
2022,聚亨,10,0,10,美好-楊梅,2024-03-12,5262
2324,仁寶,12,2,10,美好-楊梅,2024-03-12,5262
3284,太普高,10,0,10,美好-楊梅,2024-03-12,5262
5452,佶優,14,4,10,美好-楊梅,2024-03-12,5262
5469,瀚宇博,11,1,10,美好-楊梅,2024-03-12,5262
2376,技嘉,16,7,9,美好-楊梅,2024-03-12,5262
2323,中環,21,12,9,美好-楊梅,2024-03-12,5262
6244,茂迪,15,6,9,美好-楊梅,2024-03-12,5262
2352,佳世達,12,3,9,美好-楊梅,2024-03-12,5262
2230,泰茂,8,0,8,美好-楊梅,2024-03-12,5262
2605,新興,8,0,8,美好-楊梅,2024-03-12,5262
2885,元大金,10,2,8,美好-楊梅,2024-03-12,5262
3284,太普高,174,0,174,美好-楊梅,2024-03-13,5262
2371,大同,167,16,151,美好-楊梅,2024-03-13,5262
00919,群益台灣精選高息,217,139,78,美好-楊梅,2024-03-13,5262
00680L,元大美債20正2,101,25,76,美好-楊梅,2024-03-13,5262
2002,中鋼,78,11,67,美好-楊梅,2024-03-13,5262
3231,緯創,97,31,66,美好-楊梅,2024-03-13,5262
6116,彩晶,60,0,60,美好-楊梅,2024-03-13,5262
2610,華航,64,6,58,美好-楊梅,2024-03-13,5262
00857B,永豐20年美公債,34,0,34,美好-楊梅,2024-03-13,5262
00933B,國泰10Y+金融債,98,66,32,美好-楊梅,2024-03-13,5262
8011,台通,80,49,31,美好-楊梅,2024-03-13,5262
2408,南亞科,63,33,30,美好-楊梅,2024-03-13,5262
00751B,元大AAA至A公司債,30,0,30,美好-楊梅,2024-03-13,5262
3017,奇鋐,33,8,25,美好-楊梅,2024-03-13,5262
3576,聯合再生,23,0,23,美好-楊梅,2024-03-13,5262
9907,統一實,24,2,22,美好-楊梅,2024-03-13,5262
2314,台揚,21,0,21,美好-楊梅,2024-03-13,5262
2609,陽明,42,22,20,美好-楊梅,2024-03-13,5262
1609,大亞,33,14,19,美好-楊梅,2024-03-13,5262
6016,康和證,53,34,19,美好-楊梅,2024-03-13,5262
6770,力積電,73,54,19,美好-楊梅,2024-03-13,5262
8086,宏捷科,19,0,19,美好-楊梅,2024-03-13,5262
2367,燿華,25,7,18,美好-楊梅,2024-03-13,5262
00687B,國泰20年美債,29,12,17,美好-楊梅,2024-03-13,5262
00918,大華優利高填息30,68,51,17,美好-楊梅,2024-03-13,5262
2337,旺宏,17,0,17,美好-楊梅,2024-03-13,5262
2359,所羅門,23,6,17,美好-楊梅,2024-03-13,5262
00878,國泰永續高股息,32,17,15,美好-楊梅,2024-03-13,5262
2356,英業達,48,33,15,美好-楊梅,2024-03-13,5262
2897,王道銀行,14,0,14,美好-楊梅,2024-03-13,5262
1608,華榮,18,5,13,美好-楊梅,2024-03-13,5262
6125,廣運,38,25,13,美好-楊梅,2024-03-13,5262
2368,金像電,20,8,12,美好-楊梅,2024-03-13,5262
8163,達方,12,0,12,美好-楊梅,2024-03-13,5262
2464,盟立,14,2,12,美好-楊梅,2024-03-13,5262
2344,華邦電,21,10,11,美好-楊梅,2024-03-13,5262
00891,中信關鍵半導體,10,0,10,美好-楊梅,2024-03-13,5262
1316,上曜,13,3,10,美好-楊梅,2024-03-13,5262
00637L,元大滬深300正2,10,0,10,美好-楊梅,2024-03-13,5262
2355,敬鵬,10,0,10,美好-楊梅,2024-03-13,5262
2734,易飛網,10,0,10,美好-楊梅,2024-03-13,5262
2850,新產,11,1,10,美好-楊梅,2024-03-13,5262
3058,立德,10,0,10,美好-楊梅,2024-03-13,5262
3211,順達,11,1,10,美好-楊梅,2024-03-13,5262
3710,連展投控,10,0,10,美好-楊梅,2024-03-13,5262
4533,協易機,10,0,10,美好-楊梅,2024-03-13,5262
4960,誠美材,10,0,10,美好-楊梅,2024-03-13,5262
6138,茂達,10,0,10,美好-楊梅,2024-03-13,5262
2812,台中銀,30,21,9,美好-楊梅,2024-03-13,5262
3038,全台,9,0,9,美好-楊梅,2024-03-13,5262
00919,群益台灣精選高息,417,159,258,美好-楊梅,2024-03-14,5262
00937B,群益ESG投等債20,157,10,147,美好-楊梅,2024-03-14,5262
3284,太普高,126,0,126,美好-楊梅,2024-03-14,5262
2618,長榮航,126,31,95,美好-楊梅,2024-03-14,5262
6016,康和證,62,0,62,美好-楊梅,2024-03-14,5262
00680L,元大美債20正2,51,0,51,美好-楊梅,2024-03-14,5262
2382,廣達,64,24,40,美好-楊梅,2024-03-14,5262
1101,台泥,50,11,39,美好-楊梅,2024-03-14,5262
2342,茂矽,32,1,31,美好-楊梅,2024-03-14,5262
3231,緯創,45,15,30,美好-楊梅,2024-03-14,5262
2603,長榮,37,7,30,美好-楊梅,2024-03-14,5262
2897,王道銀行,30,1,29,美好-楊梅,2024-03-14,5262
00679B,元大美債20年,31,5,26,美好-楊梅,2024-03-14,5262
2836,高雄銀,30,5,25,美好-楊梅,2024-03-14,5262
6005,群益證,29,4,25,美好-楊梅,2024-03-14,5262
6139,亞翔,35,10,25,美好-楊梅,2024-03-14,5262
6153,嘉聯益,25,0,25,美好-楊梅,2024-03-14,5262
4960,誠美材,22,0,22,美好-楊梅,2024-03-14,5262
6530,創威,30,8,22,美好-楊梅,2024-03-14,5262
00673R,期元大S＆P原油反1,20,0,20,美好-楊梅,2024-03-14,5262
2344,華邦電,28,10,18,美好-楊梅,2024-03-14,5262
2834,臺企銀,40,23,17,美好-楊梅,2024-03-14,5262
3706,神達,36,20,16,美好-楊梅,2024-03-14,5262
2609,陽明,25,9,16,美好-楊梅,2024-03-14,5262
6202,盛群,20,4,16,美好-楊梅,2024-03-14,5262
1316,上曜,18,3,15,美好-楊梅,2024-03-14,5262
2367,燿華,28,13,15,美好-楊梅,2024-03-14,5262
2408,南亞科,25,10,15,美好-楊梅,2024-03-14,5262
1786,科妍,14,0,14,美好-楊梅,2024-03-14,5262
3019,亞光,14,0,14,美好-楊梅,2024-03-14,5262
2421,建準,16,2,14,美好-楊梅,2024-03-14,5262
00918,大華優利高填息30,44,30,14,美好-楊梅,2024-03-14,5262
2606,裕民,15,2,13,美好-楊梅,2024-03-14,5262
2634,漢翔,12,0,12,美好-楊梅,2024-03-14,5262
3702,大聯大,11,0,11,美好-楊梅,2024-03-14,5262
1806,冠軍,11,0,11,美好-楊梅,2024-03-14,5262
2615,萬海,22,11,11,美好-楊梅,2024-03-14,5262
2645,長榮航太,11,0,11,美好-楊梅,2024-03-14,5262
0056,元大高股息,12,2,10,美好-楊梅,2024-03-14,5262
4906,正文,10,0,10,美好-楊梅,2024-03-14,5262
8054,安國,18,8,10,美好-楊梅,2024-03-14,5262
00915,凱基優選高股息30,28,18,10,美好-楊梅,2024-03-14,5262
2486,一詮,17,7,10,美好-楊梅,2024-03-14,5262
3059,華晶科,10,0,10,美好-楊梅,2024-03-14,5262
3264,欣銓,11,1,10,美好-楊梅,2024-03-14,5262
3540,曜越,19,9,10,美好-楊梅,2024-03-14,5262
4533,協易機,11,1,10,美好-楊梅,2024-03-14,5262
4707,磐亞,10,0,10,美好-楊梅,2024-03-14,5262
8163,達方,10,0,10,美好-楊梅,2024-03-14,5262
9919,康那香,10,0,10,美好-楊梅,2024-03-14,5262
2882,國泰金,442,5,437,美好-楊梅,2024-03-15,5262
00941,中信上游半導體,376,5,371,美好-楊梅,2024-03-15,5262
00919,群益台灣精選高息,317,21,296,美好-楊梅,2024-03-15,5262
00918,大華優利高填息30,140,0,140,美好-楊梅,2024-03-15,5262
2356,英業達,212,120,92,美好-楊梅,2024-03-15,5262
00933B,國泰10Y+金融債,91,0,91,美好-楊梅,2024-03-15,5262
00915,凱基優選高股息30,72,0,72,美好-楊梅,2024-03-15,5262
1210,大成,50,0,50,美好-楊梅,2024-03-15,5262
2002,中鋼,52,2,50,美好-楊梅,2024-03-15,5262
2634,漢翔,52,2,50,美好-楊梅,2024-03-15,5262
00687B,國泰20年美債,41,0,41,美好-楊梅,2024-03-15,5262
2603,長榮,69,31,38,美好-楊梅,2024-03-15,5262
2610,華航,36,4,32,美好-楊梅,2024-03-15,5262
2816,旺旺保,30,0,30,美好-楊梅,2024-03-15,5262
3284,太普高,30,0,30,美好-楊梅,2024-03-15,5262
9105,泰金寶-DR,30,0,30,美好-楊梅,2024-03-15,5262
4714,永捷,32,3,29,美好-楊梅,2024-03-15,5262
3189,景碩,27,0,27,美好-楊梅,2024-03-15,5262
00679B,元大美債20年,27,0,27,美好-楊梅,2024-03-15,5262
6213,聯茂,31,4,27,美好-楊梅,2024-03-15,5262
00857B,永豐20年美公債,25,0,25,美好-楊梅,2024-03-15,5262
3712,永崴投控,22,0,22,美好-楊梅,2024-03-15,5262
6120,達運,33,11,22,美好-楊梅,2024-03-15,5262
1303,南亞,21,0,21,美好-楊梅,2024-03-15,5262
2915,潤泰全,21,0,21,美好-楊梅,2024-03-15,5262
6770,力積電,37,16,21,美好-楊梅,2024-03-15,5262
9907,統一實,20,0,20,美好-楊梅,2024-03-15,5262
2104,國際中橡,20,0,20,美好-楊梅,2024-03-15,5262
2855,統一證,20,0,20,美好-楊梅,2024-03-15,5262
2330,台積電,20,1,19,美好-楊梅,2024-03-15,5262
1504,東元,21,2,19,美好-楊梅,2024-03-15,5262
2845,遠東銀,20,1,19,美好-楊梅,2024-03-15,5262
3576,聯合再生,19,0,19,美好-楊梅,2024-03-15,5262
2609,陽明,34,16,18,美好-楊梅,2024-03-15,5262
2542,興富發,18,0,18,美好-楊梅,2024-03-15,5262
3438,類比科,26,8,18,美好-楊梅,2024-03-15,5262
6202,盛群,51,33,18,美好-楊梅,2024-03-15,5262
5347,世界,20,3,17,美好-楊梅,2024-03-15,5262
1815,富喬,23,7,16,美好-楊梅,2024-03-15,5262
6284,佳邦,18,2,16,美好-楊梅,2024-03-15,5262
1609,大亞,16,0,16,美好-楊梅,2024-03-15,5262
00720B,元大投資級公司債,15,0,15,美好-楊梅,2024-03-15,5262
1802,台玻,15,0,15,美好-楊梅,2024-03-15,5262
1809,中釉,15,0,15,美好-楊梅,2024-03-15,5262
6530,創威,15,0,15,美好-楊梅,2024-03-15,5262
00929,復華台灣科技優息,60,46,14,美好-楊梅,2024-03-15,5262
00712,復華富時不動產,16,3,13,美好-楊梅,2024-03-15,5262
2367,燿華,16,4,12,美好-楊梅,2024-03-15,5262
2368,金像電,25,13,12,美好-楊梅,2024-03-15,5262
1513,中興電,43,31,12,美好-楊梅,2024-03-15,5262
00941,中信上游半導體,125,12,113,美好-楊梅,2024-03-18,5262
2409,友達,106,1,105,美好-楊梅,2024-03-18,5262
00919,群益台灣精選高息,121,52,69,美好-楊梅,2024-03-18,5262
2312,金寶,50,0,50,美好-楊梅,2024-03-18,5262
00937B,群益ESG投等債20,75,29,46,美好-楊梅,2024-03-18,5262
2349,錸德,43,0,43,美好-楊梅,2024-03-18,5262
00885,富邦越南,36,0,36,美好-楊梅,2024-03-18,5262
2303,聯電,53,17,36,美好-楊梅,2024-03-18,5262
00720B,元大投資級公司債,33,1,32,美好-楊梅,2024-03-18,5262
6026,福邦證,31,0,31,美好-楊梅,2024-03-18,5262
5515,建國,34,6,28,美好-楊梅,2024-03-18,5262
2883,凱基金,39,11,28,美好-楊梅,2024-03-18,5262
2618,長榮航,27,0,27,美好-楊梅,2024-03-18,5262
00687B,國泰20年美債,23,0,23,美好-楊梅,2024-03-18,5262
00679B,元大美債20年,25,3,22,美好-楊梅,2024-03-18,5262
2609,陽明,25,4,21,美好-楊梅,2024-03-18,5262
5498,凱崴,20,0,20,美好-楊梅,2024-03-18,5262
8011,台通,23,4,19,美好-楊梅,2024-03-18,5262
1471,首利,20,1,19,美好-楊梅,2024-03-18,5262
00751B,元大AAA至A公司債,18,1,17,美好-楊梅,2024-03-18,5262
6505,台塑化,16,0,16,美好-楊梅,2024-03-18,5262
2367,燿華,36,22,14,美好-楊梅,2024-03-18,5262
2603,長榮,24,10,14,美好-楊梅,2024-03-18,5262
2353,宏��,14,0,14,美好-楊梅,2024-03-18,5262
2885,元大金,14,0,14,美好-楊梅,2024-03-18,5262
1108,幸福,13,0,13,美好-楊梅,2024-03-18,5262
2382,廣達,17,4,13,美好-楊梅,2024-03-18,5262
00929,復華台灣科技優息,50,38,12,美好-楊梅,2024-03-18,5262
3481,群創,19,7,12,美好-楊梅,2024-03-18,5262
6275,元山,16,4,12,美好-楊梅,2024-03-18,5262
2354,鴻準,15,3,12,美好-楊梅,2024-03-18,5262
2408,南亞科,22,11,11,美好-楊梅,2024-03-18,5262
2352,佳世達,11,0,11,美好-楊梅,2024-03-18,5262
3576,聯合再生,11,0,11,美好-楊梅,2024-03-18,5262
00725B,國泰投資級公司債,10,0,10,美好-楊梅,2024-03-18,5262
00712,復華富時不動產,10,0,10,美好-楊梅,2024-03-18,5262
00900,富邦特選高股息30,20,10,10,美好-楊梅,2024-03-18,5262
1304,台聚,10,0,10,美好-楊梅,2024-03-18,5262
5328,華容,10,0,10,美好-楊梅,2024-03-18,5262
5703,亞都,10,0,10,美好-楊梅,2024-03-18,5262
6016,康和證,10,0,10,美好-楊梅,2024-03-18,5262
6108,競國,10,0,10,美好-楊梅,2024-03-18,5262
8916,光隆,10,0,10,美好-楊梅,2024-03-18,5262
00931B,統一美債20年,19,10,9,美好-楊梅,2024-03-18,5262
1445,大宇,9,0,9,美好-楊梅,2024-03-18,5262
1529,樂事綠能,20,11,9,美好-楊梅,2024-03-18,5262
2449,京元電子,12,3,9,美好-楊梅,2024-03-18,5262
4763,材料-KY,9,0,9,美好-楊梅,2024-03-18,5262
6770,力積電,10,1,9,美好-楊梅,2024-03-18,5262
2887,台新金,8,0,8,美好-楊梅,2024-03-18,5262
00937B,群益ESG投等債20,121,4,117,美好-楊梅,2024-03-19,5262
2031,新光鋼,83,6,77,美好-楊梅,2024-03-19,5262
2317,鴻海,97,44,53,美好-楊梅,2024-03-19,5262
00930,永豐ESG低碳高息,50,0,50,美好-楊梅,2024-03-19,5262
3615,安可,50,2,48,美好-楊梅,2024-03-19,5262
00687B,國泰20年美債,43,0,43,美好-楊梅,2024-03-19,5262
6425,易發,71,30,41,美好-楊梅,2024-03-19,5262
5443,均豪,53,13,40,美好-楊梅,2024-03-19,5262
2356,英業達,91,51,40,美好-楊梅,2024-03-19,5262
2888,新光金,39,0,39,美好-楊梅,2024-03-19,5262
1504,東元,41,6,35,美好-楊梅,2024-03-19,5262
00935,野村臺灣新科技50,30,0,30,美好-楊梅,2024-03-19,5262
2409,友達,30,0,30,美好-楊梅,2024-03-19,5262
2002,中鋼,30,3,27,美好-楊梅,2024-03-19,5262
2486,一詮,39,13,26,美好-楊梅,2024-03-19,5262
00927,群益半導體收益,25,0,25,美好-楊梅,2024-03-19,5262
2883,凱基金,25,1,24,美好-楊梅,2024-03-19,5262
00680L,元大美債20正2,23,0,23,美好-楊梅,2024-03-19,5262
1609,大亞,31,9,22,美好-楊梅,2024-03-19,5262
2834,臺企銀,27,5,22,美好-楊梅,2024-03-19,5262
6015,宏遠證,21,0,21,美好-楊梅,2024-03-19,5262
00738U,期元大道瓊白銀,20,0,20,美好-楊梅,2024-03-19,5262
00650L,復華香港正2,20,0,20,美好-楊梅,2024-03-19,5262
3049,精金,20,0,20,美好-楊梅,2024-03-19,5262
9105,泰金寶-DR,20,0,20,美好-楊梅,2024-03-19,5262
2329,華泰,65,48,17,美好-楊梅,2024-03-19,5262
2009,第一銅,18,2,16,美好-楊梅,2024-03-19,5262
2542,興富發,15,0,15,美好-楊梅,2024-03-19,5262
2515,中工,15,0,15,美好-楊梅,2024-03-19,5262
6026,福邦證,15,0,15,美好-楊梅,2024-03-19,5262
2371,大同,16,2,14,美好-楊梅,2024-03-19,5262
6233,旺玖,19,5,14,美好-楊梅,2024-03-19,5262
2367,燿華,29,15,14,美好-楊梅,2024-03-19,5262
1605,華新,20,7,13,美好-楊梅,2024-03-19,5262
2353,宏��,12,0,12,美好-楊梅,2024-03-19,5262
1513,中興電,52,40,12,美好-楊梅,2024-03-19,5262
1101,台泥,14,3,11,美好-楊梅,2024-03-19,5262
2368,金像電,11,0,11,美好-楊梅,2024-03-19,5262
2316,楠梓電,11,0,11,美好-楊梅,2024-03-19,5262
2476,鉅祥,15,4,11,美好-楊梅,2024-03-19,5262
2390,云辰,10,0,10,美好-楊梅,2024-03-19,5262
2706,第一店,10,0,10,美好-楊梅,2024-03-19,5262
2734,易飛網,10,0,10,美好-楊梅,2024-03-19,5262
2867,三商壽,10,0,10,美好-楊梅,2024-03-19,5262
3499,環天科,10,0,10,美好-楊梅,2024-03-19,5262
3576,聯合再生,10,0,10,美好-楊梅,2024-03-19,5262
3672,康聯訊,10,0,10,美好-楊梅,2024-03-19,5262
5425,台半,10,0,10,美好-楊梅,2024-03-19,5262
8033,雷虎,10,0,10,美好-楊梅,2024-03-19,5262
911608,明輝-DR,10,0,10,美好-楊梅,2024-03-19,5262
00939,統一台灣高息動能,1167,76,1091,美好-楊梅,2024-03-20,5262
00919,群益台灣精選高息,409,97,312,美好-楊梅,2024-03-20,5262
2303,聯電,249,79,170,美好-楊梅,2024-03-20,5262
00706L,期元大S＆P日圓正2,100,0,100,美好-楊梅,2024-03-20,5262
2618,長榮航,85,1,84,美好-楊梅,2024-03-20,5262
00941,中信上游半導體,60,0,60,美好-楊梅,2024-03-20,5262
00665L,富邦�琤肭磪囓�2,300,240,60,美好-楊梅,2024-03-20,5262
2356,英業達,143,85,58,美好-楊梅,2024-03-20,5262
2883,凱基金,57,4,53,美好-楊梅,2024-03-20,5262
2897,王道銀行,50,0,50,美好-楊梅,2024-03-20,5262
2009,第一銅,43,0,43,美好-楊梅,2024-03-20,5262
6770,力積電,38,2,36,美好-楊梅,2024-03-20,5262
4906,正文,36,1,35,美好-楊梅,2024-03-20,5262
2382,廣達,52,17,35,美好-楊梅,2024-03-20,5262
2344,華邦電,56,25,31,美好-楊梅,2024-03-20,5262
1101,台泥,32,2,30,美好-楊梅,2024-03-20,5262
2887,台新金,33,4,29,美好-楊梅,2024-03-20,5262
4938,和碩,34,9,25,美好-楊梅,2024-03-20,5262
3481,群創,39,15,24,美好-楊梅,2024-03-20,5262
2208,台船,24,0,24,美好-楊梅,2024-03-20,5262
5347,世界,38,16,22,美好-楊梅,2024-03-20,5262
3498,陽程,23,2,21,美好-楊梅,2024-03-20,5262
2542,興富發,21,0,21,美好-楊梅,2024-03-20,5262
6288,聯嘉,21,0,21,美好-楊梅,2024-03-20,5262
3576,聯合再生,24,3,21,美好-楊梅,2024-03-20,5262
00679B,元大美債20年,20,0,20,美好-楊梅,2024-03-20,5262
00893,國泰智能電動車,20,0,20,美好-楊梅,2024-03-20,5262
00640L,富邦日本正2,20,0,20,美好-楊梅,2024-03-20,5262
00666R,富邦�琤肭磪齯�1,20,0,20,美好-楊梅,2024-03-20,5262
2337,旺宏,20,0,20,美好-楊梅,2024-03-20,5262
2409,友達,25,5,20,美好-楊梅,2024-03-20,5262
2634,漢翔,19,0,19,美好-楊梅,2024-03-20,5262
6005,群益證,18,0,18,美好-楊梅,2024-03-20,5262
3081,聯亞,24,6,18,美好-楊梅,2024-03-20,5262
6016,康和證,28,10,18,美好-楊梅,2024-03-20,5262
1513,中興電,28,11,17,美好-楊梅,2024-03-20,5262
4107,邦特,16,0,16,美好-楊梅,2024-03-20,5262
9907,統一實,21,5,16,美好-楊梅,2024-03-20,5262
3231,緯創,52,37,15,美好-楊梅,2024-03-20,5262
2888,新光金,15,0,15,美好-楊梅,2024-03-20,5262
2323,中環,16,1,15,美好-楊梅,2024-03-20,5262
2002,中鋼,16,2,14,美好-楊梅,2024-03-20,5262
1504,東元,25,11,14,美好-楊梅,2024-03-20,5262
1609,大亞,24,10,14,美好-楊梅,2024-03-20,5262
2886,兆豐金,15,1,14,美好-楊梅,2024-03-20,5262
3605,宏致,13,0,13,美好-楊梅,2024-03-20,5262
2610,華航,16,3,13,美好-楊梅,2024-03-20,5262
00720B,元大投資級公司債,12,0,12,美好-楊梅,2024-03-20,5262
6233,旺玖,17,5,12,美好-楊梅,2024-03-20,5262
2313,華通,19,7,12,美好-楊梅,2024-03-20,5262
00939,統一台灣高息動能,438,17,421,美好-楊梅,2024-03-21,5262
4906,正文,83,0,83,美好-楊梅,2024-03-21,5262
00937B,群益ESG投等債20,69,0,69,美好-楊梅,2024-03-21,5262
2363,矽統,68,10,58,美好-楊梅,2024-03-21,5262
5483,中美晶,61,8,53,美好-楊梅,2024-03-21,5262
00687B,國泰20年美債,44,0,44,美好-楊梅,2024-03-21,5262
6016,康和證,40,0,40,美好-楊梅,2024-03-21,5262
2834,臺企銀,40,1,39,美好-楊梅,2024-03-21,5262
1504,東元,53,18,35,美好-楊梅,2024-03-21,5262
1522,堤維西,36,1,35,美好-楊梅,2024-03-21,5262
00929,復華台灣科技優息,72,37,35,美好-楊梅,2024-03-21,5262
2618,長榮航,37,5,32,美好-楊梅,2024-03-21,5262
2886,兆豐金,27,2,25,美好-楊梅,2024-03-21,5262
3576,聯合再生,24,0,24,美好-楊梅,2024-03-21,5262
6770,力積電,22,0,22,美好-楊梅,2024-03-21,5262
4938,和碩,31,11,20,美好-楊梅,2024-03-21,5262
2606,裕民,20,0,20,美好-楊梅,2024-03-21,5262
3515,華擎,23,4,19,美好-楊梅,2024-03-21,5262
6189,豐藝,20,2,18,美好-楊梅,2024-03-21,5262
3163,波若威,20,3,17,美好-楊梅,2024-03-21,5262
3231,緯創,19,3,16,美好-楊梅,2024-03-21,5262
2329,華泰,25,12,13,美好-楊梅,2024-03-21,5262
2457,飛宏,16,3,13,美好-楊梅,2024-03-21,5262
8054,安國,14,1,13,美好-楊梅,2024-03-21,5262
6485,點序,12,0,12,美好-楊梅,2024-03-21,5262
3322,建舜電,24,12,12,美好-楊梅,2024-03-21,5262
00679B,元大美債20年,16,5,11,美好-楊梅,2024-03-21,5262
2511,太子,11,0,11,美好-楊梅,2024-03-21,5262
6735,美達科技,11,0,11,美好-楊梅,2024-03-21,5262
2603,長榮,14,3,11,美好-楊梅,2024-03-21,5262
1526,日馳,10,0,10,美好-楊梅,2024-03-21,5262
2332,友訊,10,0,10,美好-楊梅,2024-03-21,5262
2349,錸德,10,0,10,美好-楊梅,2024-03-21,5262
2385,群光,13,3,10,美好-楊梅,2024-03-21,5262
2390,云辰,10,0,10,美好-楊梅,2024-03-21,5262
2405,輔信,39,29,10,美好-楊梅,2024-03-21,5262
2889,國票金,10,0,10,美好-楊梅,2024-03-21,5262
3520,華盈,10,0,10,美好-楊梅,2024-03-21,5262
6215,和椿,10,0,10,美好-楊梅,2024-03-21,5262
8932,智通*,9,0,9,美好-楊梅,2024-03-21,5262
00646,元大S＆P500,9,0,9,美好-楊梅,2024-03-21,5262
3338,泰碩,9,0,9,美好-楊梅,2024-03-21,5262
00931B,統一美債20年,8,0,8,美好-楊梅,2024-03-21,5262
6285,啟��,8,0,8,美好-楊梅,2024-03-21,5262
2371,大同,21,13,8,美好-楊梅,2024-03-21,5262
4130,健亞,8,0,8,美好-楊梅,2024-03-21,5262
6275,元山,10,2,8,美好-楊梅,2024-03-21,5262
6499,益安,9,1,8,美好-楊梅,2024-03-21,5262
2206,三陽工業,12,4,8,美好-楊梅,2024-03-21,5262
3005,神基,30,23,7,美好-楊梅,2024-03-21,5262
00941,中信上游半導體,198,0,198,美好-楊梅,2024-03-22,5262
00665L,富邦�琤肭磪囓�2,242,50,192,美好-楊梅,2024-03-22,5262
2834,臺企銀,145,1,144,美好-楊梅,2024-03-22,5262
00937B,群益ESG投等債20,146,11,135,美好-楊梅,2024-03-22,5262
00939,統一台灣高息動能,210,102,108,美好-楊梅,2024-03-22,5262
2887,台新金,80,17,63,美好-楊梅,2024-03-22,5262
2376,技嘉,68,20,48,美好-楊梅,2024-03-22,5262
9105,泰金寶-DR,50,7,43,美好-楊梅,2024-03-22,5262
2323,中環,36,0,36,美好-楊梅,2024-03-22,5262
2329,華泰,66,35,31,美好-楊梅,2024-03-22,5262
2303,聯電,55,27,28,美好-楊梅,2024-03-22,5262
8163,達方,30,2,28,美好-楊梅,2024-03-22,5262
3707,漢磊,30,3,27,美好-楊梅,2024-03-22,5262
2464,盟立,36,13,23,美好-楊梅,2024-03-22,5262
2363,矽統,27,4,23,美好-楊梅,2024-03-22,5262
1514,亞力,44,23,21,美好-楊梅,2024-03-22,5262
00679B,元大美債20年,25,4,21,美好-楊梅,2024-03-22,5262
2344,華邦電,125,105,20,美好-楊梅,2024-03-22,5262
4529,淳紳,20,0,20,美好-楊梅,2024-03-22,5262
3260,威剛,25,6,19,美好-楊梅,2024-03-22,5262
2009,第一銅,21,2,19,美好-楊梅,2024-03-22,5262
2314,台揚,19,0,19,美好-楊梅,2024-03-22,5262
2367,燿華,62,43,19,美好-楊梅,2024-03-22,5262
3058,立德,30,12,18,美好-楊梅,2024-03-22,5262
3498,陽程,19,1,18,美好-楊梅,2024-03-22,5262
3706,神達,78,62,16,美好-楊梅,2024-03-22,5262
2801,彰銀,20,4,16,美好-楊梅,2024-03-22,5262
2104,國際中橡,15,0,15,美好-楊梅,2024-03-22,5262
3372,典範,15,1,14,美好-楊梅,2024-03-22,5262
8112,至上,19,6,13,美好-楊梅,2024-03-22,5262
00725B,國泰投資級公司債,11,0,11,美好-楊梅,2024-03-22,5262
2352,佳世達,15,4,11,美好-楊梅,2024-03-22,5262
4123,晟德,11,0,11,美好-楊梅,2024-03-22,5262
00933B,國泰10Y+金融債,10,0,10,美好-楊梅,2024-03-22,5262
00688L,國泰20年美債正2,10,0,10,美好-楊梅,2024-03-22,5262
00687B,國泰20年美債,10,0,10,美好-楊梅,2024-03-22,5262
1227,佳格,10,0,10,美好-楊梅,2024-03-22,5262
1608,華榮,12,2,10,美好-楊梅,2024-03-22,5262
2401,凌陽,10,0,10,美好-楊梅,2024-03-22,5262
2845,遠東銀,10,0,10,美好-楊梅,2024-03-22,5262
2903,遠百,10,0,10,美好-楊梅,2024-03-22,5262
2020,美亞,9,0,9,美好-楊梅,2024-03-22,5262
6160,欣技,9,0,9,美好-楊梅,2024-03-22,5262
8011,台通,13,4,9,美好-楊梅,2024-03-22,5262
8070,長華*,18,9,9,美好-楊梅,2024-03-22,5262
3714,富采,9,1,8,美好-楊梅,2024-03-22,5262
2301,光寶科,18,10,8,美好-楊梅,2024-03-22,5262
1513,中興電,32,24,8,美好-楊梅,2024-03-22,5262
1104,環泥,8,0,8,美好-楊梅,2024-03-22,5262
4968,立積,8,0,8,美好-楊梅,2024-03-22,5262
00688L,國泰20年美債正2,160,2,158,美好-楊梅,2024-03-25,5262
1609,大亞,198,65,133,美好-楊梅,2024-03-25,5262
2303,聯電,140,13,127,美好-楊梅,2024-03-25,5262
00939,統一台灣高息動能,142,20,122,美好-楊梅,2024-03-25,5262
4109,加捷生醫,105,0,105,美好-楊梅,2024-03-25,5262
00937B,群益ESG投等債20,120,41,79,美好-楊梅,2024-03-25,5262
00632R,元大台灣50反1,71,5,66,美好-楊梅,2024-03-25,5262
2356,英業達,100,57,43,美好-楊梅,2024-03-25,5262
2409,友達,42,2,40,美好-楊梅,2024-03-25,5262
00919,群益台灣精選高息,62,31,31,美好-楊梅,2024-03-25,5262
2601,益航,30,0,30,美好-楊梅,2024-03-25,5262
00918,大華優利高填息30,30,2,28,美好-楊梅,2024-03-25,5262
2464,盟立,91,65,26,美好-楊梅,2024-03-25,5262
2390,云辰,28,3,25,美好-楊梅,2024-03-25,5262
6770,力積電,25,1,24,美好-楊梅,2024-03-25,5262
00895,富邦未來車,20,0,20,美好-楊梅,2024-03-25,5262
1608,華榮,22,2,20,美好-楊梅,2024-03-25,5262
4157,太景*-KY,20,0,20,美好-楊梅,2024-03-25,5262
9945,潤泰新,20,0,20,美好-楊梅,2024-03-25,5262
2367,燿華,55,37,18,美好-楊梅,2024-03-25,5262
2834,臺企銀,17,0,17,美好-楊梅,2024-03-25,5262
00795B,中信美國公債20年,16,0,16,美好-楊梅,2024-03-25,5262
2344,華邦電,16,2,14,美好-楊梅,2024-03-25,5262
2453,凌群,22,8,14,美好-楊梅,2024-03-25,5262
4123,晟德,15,2,13,美好-楊梅,2024-03-25,5262
4526,東台,20,7,13,美好-楊梅,2024-03-25,5262
5443,均豪,23,11,12,美好-楊梅,2024-03-25,5262
4529,淳紳,12,0,12,美好-楊梅,2024-03-25,5262
6016,康和證,12,0,12,美好-楊梅,2024-03-25,5262
8088,品安,12,0,12,美好-楊梅,2024-03-25,5262
2492,華新科,12,1,11,美好-楊梅,2024-03-25,5262
3231,緯創,33,23,10,美好-楊梅,2024-03-25,5262
3005,神基,15,5,10,美好-楊梅,2024-03-25,5262
00930,永豐ESG低碳高息,10,0,10,美好-楊梅,2024-03-25,5262
00715L,期街口布蘭特正2,10,0,10,美好-楊梅,2024-03-25,5262
00666R,富邦�琤肭磪齯�1,10,0,10,美好-楊梅,2024-03-25,5262
00651R,復華香港反1,20,10,10,美好-楊梅,2024-03-25,5262
2405,輔信,13,3,10,美好-楊梅,2024-03-25,5262
2888,新光金,10,0,10,美好-楊梅,2024-03-25,5262
3090,日電貿,10,0,10,美好-楊梅,2024-03-25,5262
4768,晶呈科技,11,1,10,美好-楊梅,2024-03-25,5262
6425,易發,11,1,10,美好-楊梅,2024-03-25,5262
3033,威健,11,2,9,美好-楊梅,2024-03-25,5262
0056,元大高股息,12,3,9,美好-楊梅,2024-03-25,5262
2369,菱生,10,1,9,美好-楊梅,2024-03-25,5262
8926,台汽電,11,2,9,美好-楊梅,2024-03-25,5262
00878,國泰永續高股息,12,3,9,美好-楊梅,2024-03-25,5262
00929,復華台灣科技優息,67,58,9,美好-楊梅,2024-03-25,5262
2206,三陽工業,9,1,8,美好-楊梅,2024-03-25,5262
2301,光寶科,10,2,8,美好-楊梅,2024-03-25,5262
00939,統一台灣高息動能,280,21,259,美好-楊梅,2024-03-26,5262
00941,中信上游半導體,254,38,216,美好-楊梅,2024-03-26,5262
00632R,元大台灣50反1,135,10,125,美好-楊梅,2024-03-26,5262
2303,聯電,87,20,67,美好-楊梅,2024-03-26,5262
00882,中信中國高股息,66,0,66,美好-楊梅,2024-03-26,5262
3312,弘憶股,81,16,65,美好-楊梅,2024-03-26,5262
00937B,群益ESG投等債20,99,51,48,美好-楊梅,2024-03-26,5262
3231,緯創,58,12,46,美好-楊梅,2024-03-26,5262
8096,擎亞,50,13,37,美好-楊梅,2024-03-26,5262
6125,廣運,47,12,35,美好-楊梅,2024-03-26,5262
00687B,國泰20年美債,33,0,33,美好-楊梅,2024-03-26,5262
3617,碩天,36,4,32,美好-楊梅,2024-03-26,5262
2449,京元電子,31,1,30,美好-楊梅,2024-03-26,5262
2344,華邦電,44,16,28,美好-楊梅,2024-03-26,5262
2356,英業達,99,71,28,美好-楊梅,2024-03-26,5262
9105,泰金寶-DR,35,9,26,美好-楊梅,2024-03-26,5262
3037,欣興,31,6,25,美好-楊梅,2024-03-26,5262
2609,陽明,28,6,22,美好-楊梅,2024-03-26,5262
00679B,元大美債20年,26,4,22,美好-楊梅,2024-03-26,5262
1514,亞力,42,20,22,美好-楊梅,2024-03-26,5262
00764B,群益25年美債,20,0,20,美好-楊梅,2024-03-26,5262
1455,集盛,20,0,20,美好-楊梅,2024-03-26,5262
2409,友達,20,0,20,美好-楊梅,2024-03-26,5262
3498,陽程,20,0,20,美好-楊梅,2024-03-26,5262
4401,東隆興,19,0,19,美好-楊梅,2024-03-26,5262
1513,中興電,76,58,18,美好-楊梅,2024-03-26,5262
2486,一詮,26,8,18,美好-楊梅,2024-03-26,5262
2371,大同,140,123,17,美好-楊梅,2024-03-26,5262
6163,華電網,26,9,17,美好-楊梅,2024-03-26,5262
8011,台通,18,2,16,美好-楊梅,2024-03-26,5262
8936,國統,30,17,13,美好-楊梅,2024-03-26,5262
3689,湧德,13,0,13,美好-楊梅,2024-03-26,5262
3017,奇鋐,12,0,12,美好-楊梅,2024-03-26,5262
2014,中鴻,13,1,12,美好-楊梅,2024-03-26,5262
3481,群創,13,1,12,美好-楊梅,2024-03-26,5262
00933B,國泰10Y+金融債,15,4,11,美好-楊梅,2024-03-26,5262
2606,裕民,11,0,11,美好-楊梅,2024-03-26,5262
3673,TPK-KY,11,0,11,美好-楊梅,2024-03-26,5262
5213,亞昕,10,0,10,美好-楊梅,2024-03-26,5262
6770,力積電,43,33,10,美好-楊梅,2024-03-26,5262
00905,FT臺灣Smart,10,0,10,美好-楊梅,2024-03-26,5262
00666R,富邦�琤肭磪齯�1,10,0,10,美好-楊梅,2024-03-26,5262
00715L,期街口布蘭特正2,10,0,10,美好-楊梅,2024-03-26,5262
1611,中電,10,0,10,美好-楊梅,2024-03-26,5262
2062,橋椿,10,0,10,美好-楊梅,2024-03-26,5262
2548,華固,10,0,10,美好-楊梅,2024-03-26,5262
2734,易飛網,10,0,10,美好-楊梅,2024-03-26,5262
4306,炎洲,10,0,10,美好-楊梅,2024-03-26,5262
6116,彩晶,10,0,10,美好-楊梅,2024-03-26,5262
8086,宏捷科,10,0,10,美好-楊梅,2024-03-26,5262
00919,群益台灣精選高息,110,25,85,美好-楊梅,2024-03-27,5262
1808,潤隆,81,1,80,美好-楊梅,2024-03-27,5262
00687B,國泰20年美債,65,10,55,美好-楊梅,2024-03-27,5262
6770,力積電,44,0,44,美好-楊梅,2024-03-27,5262
2409,友達,45,1,44,美好-楊梅,2024-03-27,5262
00918,大華優利高填息30,35,6,29,美好-楊梅,2024-03-27,5262
2367,燿華,44,18,26,美好-楊梅,2024-03-27,5262
1513,中興電,52,27,25,美好-楊梅,2024-03-27,5262
00939,統一台灣高息動能,81,59,22,美好-楊梅,2024-03-27,5262
4157,太景*-KY,25,3,22,美好-楊梅,2024-03-27,5262
3231,緯創,30,9,21,美好-楊梅,2024-03-27,5262
2834,臺企銀,52,31,21,美好-楊梅,2024-03-27,5262
4714,永捷,24,3,21,美好-楊梅,2024-03-27,5262
00738U,期元大道瓊白銀,20,0,20,美好-楊梅,2024-03-27,5262
00929,復華台灣科技優息,53,34,19,美好-楊梅,2024-03-27,5262
00650L,復華香港正2,20,1,19,美好-楊梅,2024-03-27,5262
3059,華晶科,20,1,19,美好-楊梅,2024-03-27,5262
2303,聯電,21,3,18,美好-楊梅,2024-03-27,5262
1316,上曜,22,5,17,美好-楊梅,2024-03-27,5262
3481,群創,20,3,17,美好-楊梅,2024-03-27,5262
0056,元大高股息,19,2,17,美好-楊梅,2024-03-27,5262
3265,台星科,16,0,16,美好-楊梅,2024-03-27,5262
1609,大亞,60,44,16,美好-楊梅,2024-03-27,5262
6578,達邦蛋白,15,0,15,美好-楊梅,2024-03-27,5262
00895,富邦未來車,15,0,15,美好-楊梅,2024-03-27,5262
2301,光寶科,17,3,14,美好-楊梅,2024-03-27,5262
6505,台塑化,13,0,13,美好-楊梅,2024-03-27,5262
2356,英業達,59,46,13,美好-楊梅,2024-03-27,5262
2337,旺宏,13,0,13,美好-楊梅,2024-03-27,5262
1503,士電,15,3,12,美好-楊梅,2024-03-27,5262
2888,新光金,20,8,12,美好-楊梅,2024-03-27,5262
6530,創威,12,1,11,美好-楊梅,2024-03-27,5262
00751B,元大AAA至A公司債,11,0,11,美好-楊梅,2024-03-27,5262
2855,統一證,11,0,11,美好-楊梅,2024-03-27,5262
3576,聯合再生,20,9,11,美好-楊梅,2024-03-27,5262
8011,台通,11,0,11,美好-楊梅,2024-03-27,5262
00772B,中信高評級公司債,10,0,10,美好-楊梅,2024-03-27,5262
3006,晶豪科,19,9,10,美好-楊梅,2024-03-27,5262
00857B,永豐20年美公債,10,0,10,美好-楊梅,2024-03-27,5262
1312,國喬,10,0,10,美好-楊梅,2024-03-27,5262
1905,華紙,10,0,10,美好-楊梅,2024-03-27,5262
2388,威盛,12,2,10,美好-楊梅,2024-03-27,5262
6005,群益證,10,0,10,美好-楊梅,2024-03-27,5262
8099,大世科,10,0,10,美好-楊梅,2024-03-27,5262
2486,一詮,13,4,9,美好-楊梅,2024-03-27,5262
4906,正文,9,0,9,美好-楊梅,2024-03-27,5262
3036,文曄,9,0,9,美好-楊梅,2024-03-27,5262
5381,合正,11,2,9,美好-楊梅,2024-03-27,5262
9933,中鼎,10,1,9,美好-楊梅,2024-03-27,5262
2208,台船,11,3,8,美好-楊梅,2024-03-27,5262
00941,中信上游半導體,265,9,256,美好-楊梅,2024-03-28,5262
6188,廣明,130,3,127,美好-楊梅,2024-03-28,5262
00937B,群益ESG投等債20,94,12,82,美好-楊梅,2024-03-28,5262
3706,神達,108,27,81,美好-楊梅,2024-03-28,5262
1314,中石化,51,0,51,美好-楊梅,2024-03-28,5262
6120,達運,43,5,38,美好-楊梅,2024-03-28,5262
1609,大亞,87,51,36,美好-楊梅,2024-03-28,5262
6005,群益證,35,4,31,美好-楊梅,2024-03-28,5262
00939,統一台灣高息動能,45,15,30,美好-楊梅,2024-03-28,5262
2892,第一金,30,0,30,美好-楊梅,2024-03-28,5262
2301,光寶科,31,7,24,美好-楊梅,2024-03-28,5262
00919,群益台灣精選高息,51,29,22,美好-楊梅,2024-03-28,5262
3437,榮創,23,1,22,美好-楊梅,2024-03-28,5262
5521,工信,24,2,22,美好-楊梅,2024-03-28,5262
2610,華航,24,3,21,美好-楊梅,2024-03-28,5262
00712,復華富時不動產,23,2,21,美好-楊梅,2024-03-28,5262
3015,全漢,20,0,20,美好-楊梅,2024-03-28,5262
3312,弘憶股,20,0,20,美好-楊梅,2024-03-28,5262
1702,南僑,19,0,19,美好-楊梅,2024-03-28,5262
6179,亞通,26,7,19,美好-楊梅,2024-03-28,5262
5608,四維航,18,0,18,美好-楊梅,2024-03-28,5262
6190,萬泰科,21,5,16,美好-楊梅,2024-03-28,5262
6605,帝寶,18,3,15,美好-楊梅,2024-03-28,5262
1229,聯華,14,0,14,美好-楊梅,2024-03-28,5262
3005,神基,14,0,14,美好-楊梅,2024-03-28,5262
2884,玉山金,14,1,13,美好-楊梅,2024-03-28,5262
3062,建漢,23,10,13,美好-楊梅,2024-03-28,5262
6182,合晶,13,1,12,美好-楊梅,2024-03-28,5262
3481,群創,12,0,12,美好-楊梅,2024-03-28,5262
6443,元晶,15,4,11,美好-楊梅,2024-03-28,5262
2208,台船,11,0,11,美好-楊梅,2024-03-28,5262
00666R,富邦�琤肭磪齯�1,10,0,10,美好-楊梅,2024-03-28,5262
1603,華電,15,5,10,美好-楊梅,2024-03-28,5262
2371,大同,48,38,10,美好-楊梅,2024-03-28,5262
2409,友達,10,0,10,美好-楊梅,2024-03-28,5262
4909,新復興,12,2,10,美好-楊梅,2024-03-28,5262
2317,鴻海,81,71,10,美好-楊梅,2024-03-28,5262
00882,中信中國高股息,9,0,9,美好-楊梅,2024-03-28,5262
1605,華新,10,1,9,美好-楊梅,2024-03-28,5262
2356,英業達,44,35,9,美好-楊梅,2024-03-28,5262
3512,皇龍,9,0,9,美好-楊梅,2024-03-28,5262
3703,欣陸,11,2,9,美好-楊梅,2024-03-28,5262
1316,上曜,11,3,8,美好-楊梅,2024-03-28,5262
1504,東元,27,19,8,美好-楊梅,2024-03-28,5262
3372,典範,8,0,8,美好-楊梅,2024-03-28,5262
3498,陽程,18,10,8,美好-楊梅,2024-03-28,5262
4714,永捷,14,6,8,美好-楊梅,2024-03-28,5262
9927,泰銘,8,0,8,美好-楊梅,2024-03-28,5262
3714,富采,7,0,7,美好-楊梅,2024-03-28,5262
6215,和椿,6,0,6,美好-楊梅,2024-03-28,5262
2409,友達,55,4,51,美好-楊梅,2024-03-29,5262
00795B,中信美國公債20年,50,0,50,美好-楊梅,2024-03-29,5262
3576,聯合再生,42,1,41,美好-楊梅,2024-03-29,5262
3062,建漢,40,3,37,美好-楊梅,2024-03-29,5262
3673,TPK-KY,37,0,37,美好-楊梅,2024-03-29,5262
3686,達能,35,0,35,美好-楊梅,2024-03-29,5262
8054,安國,48,14,34,美好-楊梅,2024-03-29,5262
2353,宏��,35,1,34,美好-楊梅,2024-03-29,5262
3617,碩天,32,1,31,美好-楊梅,2024-03-29,5262
2301,光寶科,44,14,30,美好-楊梅,2024-03-29,5262
2405,輔信,32,2,30,美好-楊梅,2024-03-29,5262
2354,鴻準,56,27,29,美好-楊梅,2024-03-29,5262
1789,神隆,24,0,24,美好-楊梅,2024-03-29,5262
2324,仁寶,29,6,23,美好-楊梅,2024-03-29,5262
6929,佑全,21,0,21,美好-楊梅,2024-03-29,5262
8121,越峰,21,0,21,美好-楊梅,2024-03-29,5262
2892,第一金,21,0,21,美好-楊梅,2024-03-29,5262
6462,神盾,22,3,19,美好-楊梅,2024-03-29,5262
6901,鑽石投資,16,0,16,美好-楊梅,2024-03-29,5262
5347,世界,17,2,15,美好-楊梅,2024-03-29,5262
5488,松普,15,0,15,美好-楊梅,2024-03-29,5262
4938,和碩,25,11,14,美好-楊梅,2024-03-29,5262
2889,國票金,15,1,14,美好-楊梅,2024-03-29,5262
3042,晶技,30,18,12,美好-楊梅,2024-03-29,5262
3376,新日興,13,1,12,美好-楊梅,2024-03-29,5262
6194,育富,12,0,12,美好-楊梅,2024-03-29,5262
00632R,元大台灣50反1,10,0,10,美好-楊梅,2024-03-29,5262
1597,直得,10,0,10,美好-楊梅,2024-03-29,5262
1909,榮成,10,0,10,美好-楊梅,2024-03-29,5262
2022,聚亨,10,0,10,美好-楊梅,2024-03-29,5262
2427,三商電,10,0,10,美好-楊梅,2024-03-29,5262
2511,太子,10,0,10,美好-楊梅,2024-03-29,5262
4576,大銀微系統,10,0,10,美好-楊梅,2024-03-29,5262
4716,大立,10,0,10,美好-楊梅,2024-03-29,5262
6788,華景電,10,0,10,美好-楊梅,2024-03-29,5262
6770,力積電,10,0,10,美好-楊梅,2024-03-29,5262
5388,中磊,11,2,9,美好-楊梅,2024-03-29,5262
2206,三陽工業,12,3,9,美好-楊梅,2024-03-29,5262
2468,華經,10,1,9,美好-楊梅,2024-03-29,5262
2328,廣宇,18,9,9,美好-楊梅,2024-03-29,5262
2610,華航,28,20,8,美好-楊梅,2024-03-29,5262
1524,耿鼎,8,0,8,美好-楊梅,2024-03-29,5262
3036,文曄,8,0,8,美好-楊梅,2024-03-29,5262
3372,典範,8,1,7,美好-楊梅,2024-03-29,5262
3583,辛耘,7,0,7,美好-楊梅,2024-03-29,5262
6182,合晶,7,0,7,美好-楊梅,2024-03-29,5262
6684,安格,8,1,7,美好-楊梅,2024-03-29,5262
4737,華廣,6,0,6,美好-楊梅,2024-03-29,5262
9105,泰金寶-DR,16,10,6,美好-楊梅,2024-03-29,5262
1785,光洋科,11,5,6,美好-楊梅,2024-03-29,5262
00940,元大台灣價值高息,1503,430,1073,美好-楊梅,2024-04-01,5262
00888,永豐台灣ESG,137,0,137,美好-楊梅,2024-04-01,5262
00715L,期街口布蘭特正2,84,20,64,美好-楊梅,2024-04-01,5262
00939,統一台灣高息動能,67,7,60,美好-楊梅,2024-04-01,5262
00933B,國泰10Y+金融債,59,1,58,美好-楊梅,2024-04-01,5262
2303,聯電,55,7,48,美好-楊梅,2024-04-01,5262
6005,群益證,60,17,43,美好-楊梅,2024-04-01,5262
8358,金居,45,3,42,美好-楊梅,2024-04-01,5262
00931B,統一美債20年,42,0,42,美好-楊梅,2024-04-01,5262
00918,大華優利高填息30,40,1,39,美好-楊梅,2024-04-01,5262
5425,台半,31,2,29,美好-楊梅,2024-04-01,5262
3231,緯創,65,36,29,美好-楊梅,2024-04-01,5262
2897,王道銀行,25,0,25,美好-楊梅,2024-04-01,5262
00929,復華台灣科技優息,28,4,24,美好-楊梅,2024-04-01,5262
00941,中信上游半導體,38,14,24,美好-楊梅,2024-04-01,5262
8054,安國,27,5,22,美好-楊梅,2024-04-01,5262
3711,日月光投控,23,1,22,美好-楊梅,2024-04-01,5262
00878,國泰永續高股息,28,6,22,美好-楊梅,2024-04-01,5262
00632R,元大台灣50反1,20,0,20,美好-楊梅,2024-04-01,5262
8088,品安,20,0,20,美好-楊梅,2024-04-01,5262
2354,鴻準,33,13,20,美好-楊梅,2024-04-01,5262
3356,奇偶,22,2,20,美好-楊梅,2024-04-01,5262
6735,美達科技,21,1,20,美好-楊梅,2024-04-01,5262
3706,神達,42,23,19,美好-楊梅,2024-04-01,5262
6194,育富,16,0,16,美好-楊梅,2024-04-01,5262
00712,復華富時不動產,15,0,15,美好-楊梅,2024-04-01,5262
2356,英業達,68,53,15,美好-楊梅,2024-04-01,5262
2845,遠東銀,15,0,15,美好-楊梅,2024-04-01,5262
2892,第一金,15,0,15,美好-楊梅,2024-04-01,5262
1609,大亞,25,11,14,美好-楊梅,2024-04-01,5262
2891,中信金,14,1,13,美好-楊梅,2024-04-01,5262
00679B,元大美債20年,21,8,13,美好-楊梅,2024-04-01,5262
2337,旺宏,23,10,13,美好-楊梅,2024-04-01,5262
4303,信立,16,3,13,美好-楊梅,2024-04-01,5262
5703,亞都,13,0,13,美好-楊梅,2024-04-01,5262
4938,和碩,17,5,12,美好-楊梅,2024-04-01,5262
6257,矽格,12,0,12,美好-楊梅,2024-04-01,5262
2603,長榮,14,3,11,美好-楊梅,2024-04-01,5262
0056,元大高股息,14,3,11,美好-楊梅,2024-04-01,5262
5508,永信建,15,4,11,美好-楊梅,2024-04-01,5262
5434,崇越,11,0,11,美好-楊梅,2024-04-01,5262
4768,晶呈科技,10,0,10,美好-楊梅,2024-04-01,5262
6161,捷波,10,0,10,美好-楊梅,2024-04-01,5262
6605,帝寶,10,0,10,美好-楊梅,2024-04-01,5262
2301,光寶科,11,2,9,美好-楊梅,2024-04-01,5262
3013,晟銘電,11,2,9,美好-楊梅,2024-04-01,5262
6235,華孚,12,3,9,美好-楊梅,2024-04-01,5262
6776,展�眥篕�,9,0,9,美好-楊梅,2024-04-01,5262
6239,力成,9,0,9,美好-楊梅,2024-04-01,5262
3105,穩懋,8,0,8,美好-楊梅,2024-04-01,5262
00940,元大台灣價值高息,695,21,674,美好-楊梅,2024-04-02,5262
1314,中石化,302,2,300,美好-楊梅,2024-04-02,5262
00929,復華台灣科技優息,205,34,171,美好-楊梅,2024-04-02,5262
00680L,元大美債20正2,106,0,106,美好-楊梅,2024-04-02,5262
00933B,國泰10Y+金融債,102,0,102,美好-楊梅,2024-04-02,5262
3673,TPK-KY,100,2,98,美好-楊梅,2024-04-02,5262
00937B,群益ESG投等債20,110,42,68,美好-楊梅,2024-04-02,5262
00941,中信上游半導體,63,7,56,美好-楊梅,2024-04-02,5262
2457,飛宏,55,0,55,美好-楊梅,2024-04-02,5262
2440,太空梭,50,0,50,美好-楊梅,2024-04-02,5262
2615,萬海,50,1,49,美好-楊梅,2024-04-02,5262
00687B,國泰20年美債,45,0,45,美好-楊梅,2024-04-02,5262
1710,東聯,60,20,40,美好-楊梅,2024-04-02,5262
1515,力山,54,21,33,美好-楊梅,2024-04-02,5262
2618,長榮航,46,13,33,美好-楊梅,2024-04-02,5262
00632R,元大台灣50反1,30,0,30,美好-楊梅,2024-04-02,5262
3576,聯合再生,30,0,30,美好-楊梅,2024-04-02,5262
00712,復華富時不動產,30,3,27,美好-楊梅,2024-04-02,5262
6462,神盾,25,1,24,美好-楊梅,2024-04-02,5262
2356,英業達,42,19,23,美好-楊梅,2024-04-02,5262
2371,大同,42,20,22,美好-楊梅,2024-04-02,5262
00751B,元大AAA至A公司債,20,0,20,美好-楊梅,2024-04-02,5262
2337,旺宏,23,3,20,美好-楊梅,2024-04-02,5262
2409,友達,20,0,20,美好-楊梅,2024-04-02,5262
3013,晟銘電,19,0,19,美好-楊梅,2024-04-02,5262
6227,茂綸,17,0,17,美好-楊梅,2024-04-02,5262
2408,南亞科,24,9,15,美好-楊梅,2024-04-02,5262
6596,寬宏藝術,15,0,15,美好-楊梅,2024-04-02,5262
3689,湧德,17,3,14,美好-楊梅,2024-04-02,5262
3231,緯創,44,30,14,美好-楊梅,2024-04-02,5262
2368,金像電,16,3,13,美好-楊梅,2024-04-02,5262
00939,統一台灣高息動能,26,13,13,美好-楊梅,2024-04-02,5262
00688L,國泰20年美債正2,12,0,12,美好-楊梅,2024-04-02,5262
00919,群益台灣精選高息,36,25,11,美好-楊梅,2024-04-02,5262
1815,富喬,19,8,11,美好-楊梅,2024-04-02,5262
2354,鴻準,30,19,11,美好-楊梅,2024-04-02,5262
2610,華航,17,6,11,美好-楊梅,2024-04-02,5262
8112,至上,15,4,11,美好-楊梅,2024-04-02,5262
2603,長榮,13,2,11,美好-楊梅,2024-04-02,5262
00882,中信中國高股息,10,0,10,美好-楊梅,2024-04-02,5262
2458,義隆,10,0,10,美好-楊梅,2024-04-02,5262
2548,華固,10,0,10,美好-楊梅,2024-04-02,5262
2614,東森,10,0,10,美好-楊梅,2024-04-02,5262
3489,森寶,10,0,10,美好-楊梅,2024-04-02,5262
3680,家登,15,5,10,美好-楊梅,2024-04-02,5262
4938,和碩,11,1,10,美好-楊梅,2024-04-02,5262
5392,能率,13,3,10,美好-楊梅,2024-04-02,5262
00720B,元大投資級公司債,9,0,9,美好-楊梅,2024-04-02,5262
1216,統一,9,0,9,美好-楊梅,2024-04-02,5262
6770,力積電,11,2,9,美好-楊梅,2024-04-02,5262
00940,元大台灣價值高息,535,9,526,美好-楊梅,2024-04-03,5262
2834,臺企銀,201,6,195,美好-楊梅,2024-04-03,5262
2515,中工,201,90,111,美好-楊梅,2024-04-03,5262
00929,復華台灣科技優息,105,3,102,美好-楊梅,2024-04-03,5262
2367,燿華,82,4,78,美好-楊梅,2024-04-03,5262
00937B,群益ESG投等債20,83,15,68,美好-楊梅,2024-04-03,5262
00751B,元大AAA至A公司債,41,0,41,美好-楊梅,2024-04-03,5262
2002,中鋼,71,32,39,美好-楊梅,2024-04-03,5262
00679B,元大美債20年,41,6,35,美好-楊梅,2024-04-03,5262
2618,長榮航,33,0,33,美好-楊梅,2024-04-03,5262
00687B,國泰20年美債,34,1,33,美好-楊梅,2024-04-03,5262
00939,統一台灣高息動能,35,3,32,美好-楊梅,2024-04-03,5262
00857B,永豐20年美公債,31,0,31,美好-楊梅,2024-04-03,5262
6005,群益證,30,1,29,美好-楊梅,2024-04-03,5262
8054,安國,68,39,29,美好-楊梅,2024-04-03,5262
2883,凱基金,30,4,26,美好-楊梅,2024-04-03,5262
2317,鴻海,39,14,25,美好-楊梅,2024-04-03,5262
3481,群創,24,0,24,美好-楊梅,2024-04-03,5262
00680L,元大美債20正2,23,0,23,美好-楊梅,2024-04-03,5262
6449,鈺邦,32,10,22,美好-楊梅,2024-04-03,5262
8064,東捷,26,5,21,美好-楊梅,2024-04-03,5262
00665L,富邦�琤肭磪囓�2,20,0,20,美好-楊梅,2024-04-03,5262
2609,陽明,22,2,20,美好-楊梅,2024-04-03,5262
2897,王道銀行,20,0,20,美好-楊梅,2024-04-03,5262
3527,聚積,20,0,20,美好-楊梅,2024-04-03,5262
4958,臻鼎-KY,17,0,17,美好-楊梅,2024-04-03,5262
2615,萬海,18,2,16,美好-楊梅,2024-04-03,5262
1809,中釉,15,0,15,美好-楊梅,2024-04-03,5262
2354,鴻準,25,10,15,美好-楊梅,2024-04-03,5262
5443,均豪,39,24,15,美好-楊梅,2024-04-03,5262
5488,松普,15,1,14,美好-楊梅,2024-04-03,5262
6770,力積電,13,0,13,美好-楊梅,2024-04-03,5262
3363,上詮,13,0,13,美好-楊梅,2024-04-03,5262
0056,元大高股息,18,6,12,美好-楊梅,2024-04-03,5262
2409,友達,14,2,12,美好-楊梅,2024-04-03,5262
2845,遠東銀,12,0,12,美好-楊梅,2024-04-03,5262
2880,華南金,12,0,12,美好-楊梅,2024-04-03,5262
00712,復華富時不動產,14,2,12,美好-楊梅,2024-04-03,5262
00720B,元大投資級公司債,11,0,11,美好-楊梅,2024-04-03,5262
3576,聯合再生,11,0,11,美好-楊梅,2024-04-03,5262
1802,台玻,42,32,10,美好-楊梅,2024-04-03,5262
1815,富喬,19,9,10,美好-楊梅,2024-04-03,5262
2303,聯電,79,69,10,美好-楊梅,2024-04-03,5262
8163,達方,15,5,10,美好-楊梅,2024-04-03,5262
00919,群益台灣精選高息,28,19,9,美好-楊梅,2024-04-03,5262
2382,廣達,13,4,9,美好-楊梅,2024-04-03,5262
2891,中信金,9,0,9,美好-楊梅,2024-04-03,5262
5469,瀚宇博,10,1,9,美好-楊梅,2024-04-03,5262
2344,華邦電,13,5,8,美好-楊梅,2024-04-03,5262
2301,光寶科,10,3,7,美好-楊梅,2024-04-03,5262
00940,元大台灣價值高息,420,13,407,美好-楊梅,2024-04-08,5262
00929,復華台灣科技優息,278,0,278,美好-楊梅,2024-04-08,5262
2002,中鋼,206,35,171,美好-楊梅,2024-04-08,5262
00937B,群益ESG投等債20,93,13,80,美好-楊梅,2024-04-08,5262
2312,金寶,72,0,72,美好-楊梅,2024-04-08,5262
00941,中信上游半導體,67,0,67,美好-楊梅,2024-04-08,5262
2371,大同,89,22,67,美好-楊梅,2024-04-08,5262
00679B,元大美債20年,64,5,59,美好-楊梅,2024-04-08,5262
00673R,期元大S＆P原油反1,40,0,40,美好-楊梅,2024-04-08,5262
2618,長榮航,71,33,38,美好-楊梅,2024-04-08,5262
00687B,國泰20年美債,37,0,37,美好-楊梅,2024-04-08,5262
6596,寬宏藝術,30,0,30,美好-楊梅,2024-04-08,5262
00919,群益台灣精選高息,60,30,30,美好-楊梅,2024-04-08,5262
00930,永豐ESG低碳高息,29,0,29,美好-楊梅,2024-04-08,5262
6770,力積電,33,7,26,美好-楊梅,2024-04-08,5262
00720B,元大投資級公司債,26,0,26,美好-楊梅,2024-04-08,5262
5488,松普,25,0,25,美好-楊梅,2024-04-08,5262
2356,英業達,33,9,24,美好-楊梅,2024-04-08,5262
2353,宏��,21,1,20,美好-楊梅,2024-04-08,5262
3032,偉訓,24,4,20,美好-楊梅,2024-04-08,5262
4401,東隆興,20,0,20,美好-楊梅,2024-04-08,5262
8054,安國,29,10,19,美好-楊梅,2024-04-08,5262
2887,台新金,18,0,18,美好-楊梅,2024-04-08,5262
3059,華晶科,26,8,18,美好-楊梅,2024-04-08,5262
0056,元大高股息,18,0,18,美好-楊梅,2024-04-08,5262
00751B,元大AAA至A公司債,24,7,17,美好-楊梅,2024-04-08,5262
2329,華泰,22,5,17,美好-楊梅,2024-04-08,5262
00753L,中信中國50正2,15,0,15,美好-楊梅,2024-04-08,5262
5521,工信,16,2,14,美好-楊梅,2024-04-08,5262
00712,復華富時不動產,13,0,13,美好-楊梅,2024-04-08,5262
2365,昆盈,22,10,12,美好-楊梅,2024-04-08,5262
3322,建舜電,12,0,12,美好-楊梅,2024-04-08,5262
6190,萬泰科,12,0,12,美好-楊梅,2024-04-08,5262
2884,玉山金,13,2,11,美好-楊梅,2024-04-08,5262
00637L,元大滬深300正2,21,10,11,美好-楊梅,2024-04-08,5262
2317,鴻海,29,19,10,美好-楊梅,2024-04-08,5262
3450,聯鈞,10,0,10,美好-楊梅,2024-04-08,5262
5009,榮剛,10,0,10,美好-楊梅,2024-04-08,5262
00665L,富邦�琤肭磪囓�2,210,200,10,美好-楊梅,2024-04-08,5262
00632R,元大台灣50反1,10,0,10,美好-楊梅,2024-04-08,5262
1603,華電,11,1,10,美好-楊梅,2024-04-08,5262
1612,宏泰,29,19,10,美好-楊梅,2024-04-08,5262
1909,榮成,10,0,10,美好-楊梅,2024-04-08,5262
2397,友通,10,0,10,美好-楊梅,2024-04-08,5262
2530,華建,10,0,10,美好-楊梅,2024-04-08,5262
2734,易飛網,10,0,10,美好-楊梅,2024-04-08,5262
6465,威潤,10,0,10,美好-楊梅,2024-04-08,5262
2486,一詮,33,23,10,美好-楊梅,2024-04-08,5262
1617,榮星,9,1,8,美好-楊梅,2024-04-08,5262
2014,中鴻,11,3,8,美好-楊梅,2024-04-08,5262
00929,復華台灣科技優息,261,3,258,美好-楊梅,2024-04-09,5262
00941,中信上游半導體,148,0,148,美好-楊梅,2024-04-09,5262
00632R,元大台灣50反1,148,0,148,美好-楊梅,2024-04-09,5262
00637L,元大滬深300正2,113,0,113,美好-楊梅,2024-04-09,5262
2409,友達,221,131,90,美好-楊梅,2024-04-09,5262
3231,緯創,134,51,83,美好-楊梅,2024-04-09,5262
2834,臺企銀,77,0,77,美好-楊梅,2024-04-09,5262
912000,晨訊科-DR,54,3,51,美好-楊梅,2024-04-09,5262
00919,群益台灣精選高息,46,5,41,美好-楊梅,2024-04-09,5262
4716,大立,41,1,40,美好-楊梅,2024-04-09,5262
4532,瑞智,39,0,39,美好-楊梅,2024-04-09,5262
00679B,元大美債20年,39,7,32,美好-楊梅,2024-04-09,5262
5488,松普,32,0,32,美好-楊梅,2024-04-09,5262
6005,群益證,33,1,32,美好-楊梅,2024-04-09,5262
2354,鴻準,36,6,30,美好-楊梅,2024-04-09,5262
00713,元大台灣高息低波,30,0,30,美好-楊梅,2024-04-09,5262
2887,台新金,36,6,30,美好-楊梅,2024-04-09,5262
2356,英業達,40,12,28,美好-楊梅,2024-04-09,5262
2486,一詮,48,25,23,美好-楊梅,2024-04-09,5262
2317,鴻海,36,14,22,美好-楊梅,2024-04-09,5262
2344,華邦電,22,0,22,美好-楊梅,2024-04-09,5262
2367,燿華,99,79,20,美好-楊梅,2024-04-09,5262
3338,泰碩,25,7,18,美好-楊梅,2024-04-09,5262
5443,均豪,44,26,18,美好-楊梅,2024-04-09,5262
00940,元大台灣價值高息,157,140,17,美好-楊梅,2024-04-09,5262
4973,廣穎,25,8,17,美好-楊梅,2024-04-09,5262
1513,中興電,66,50,16,美好-楊梅,2024-04-09,5262
2501,國建,20,4,16,美好-楊梅,2024-04-09,5262
2884,玉山金,22,6,16,美好-楊梅,2024-04-09,5262
2880,華南金,20,5,15,美好-楊梅,2024-04-09,5262
6284,佳邦,15,0,15,美好-楊梅,2024-04-09,5262
1605,華新,44,31,13,美好-楊梅,2024-04-09,5262
1504,東元,17,5,12,美好-楊梅,2024-04-09,5262
5521,工信,15,3,12,美好-楊梅,2024-04-09,5262
6596,寬宏藝術,12,0,12,美好-楊梅,2024-04-09,5262
00909,國泰數位支付服務,11,0,11,美好-楊梅,2024-04-09,5262
6788,華景電,11,0,11,美好-楊梅,2024-04-09,5262
00674R,期元大S＆P黃金反1,10,0,10,美好-楊梅,2024-04-09,5262
1714,和桐,10,0,10,美好-楊梅,2024-04-09,5262
1907,永豐餘,10,0,10,美好-楊梅,2024-04-09,5262
1909,榮成,10,0,10,美好-楊梅,2024-04-09,5262
2064,晉椿,10,0,10,美好-楊梅,2024-04-09,5262
2615,萬海,15,5,10,美好-楊梅,2024-04-09,5262
6244,茂迪,12,2,10,美好-楊梅,2024-04-09,5262
2404,漢唐,9,0,9,美好-楊梅,2024-04-09,5262
6189,豐藝,9,0,9,美好-楊梅,2024-04-09,5262
00720B,元大投資級公司債,9,0,9,美好-楊梅,2024-04-09,5262
1587,吉茂,9,0,9,美好-楊梅,2024-04-09,5262
4173,久裕,11,2,9,美好-楊梅,2024-04-09,5262
6116,彩晶,31,22,9,美好-楊梅,2024-04-09,5262
00753L,中信中國50正2,200,0,200,美好-楊梅,2024-04-10,5262
2897,王道銀行,102,0,102,美好-楊梅,2024-04-10,5262
00632R,元大台灣50反1,100,20,80,美好-楊梅,2024-04-10,5262
2353,宏��,135,59,76,美好-楊梅,2024-04-10,5262
00940,元大台灣價值高息,113,40,73,美好-楊梅,2024-04-10,5262
2344,華邦電,141,70,71,美好-楊梅,2024-04-10,5262
00939,統一台灣高息動能,68,0,68,美好-楊梅,2024-04-10,5262
4401,東隆興,69,7,62,美好-楊梅,2024-04-10,5262
00929,復華台灣科技優息,74,13,61,美好-楊梅,2024-04-10,5262
00679B,元大美債20年,48,0,48,美好-楊梅,2024-04-10,5262
2888,新光金,112,64,48,美好-楊梅,2024-04-10,5262
2427,三商電,52,9,43,美好-楊梅,2024-04-10,5262
6548,長科*,45,3,42,美好-楊梅,2024-04-10,5262
6016,康和證,37,0,37,美好-楊梅,2024-04-10,5262
1605,華新,39,3,36,美好-楊梅,2024-04-10,5262
00637L,元大滬深300正2,35,0,35,美好-楊梅,2024-04-10,5262
00713,元大台灣高息低波,31,0,31,美好-楊梅,2024-04-10,5262
4716,大立,30,0,30,美好-楊梅,2024-04-10,5262
2634,漢翔,70,42,28,美好-楊梅,2024-04-10,5262
2317,鴻海,67,43,24,美好-楊梅,2024-04-10,5262
1587,吉茂,23,0,23,美好-楊梅,2024-04-10,5262
2609,陽明,34,11,23,美好-楊梅,2024-04-10,5262
5483,中美晶,21,0,21,美好-楊梅,2024-04-10,5262
2014,中鴻,55,35,20,美好-楊梅,2024-04-10,5262
2834,臺企銀,20,0,20,美好-楊梅,2024-04-10,5262
2882,國泰金,20,0,20,美好-楊梅,2024-04-10,5262
3555,博士旺,20,0,20,美好-楊梅,2024-04-10,5262
3481,群創,39,21,18,美好-楊梅,2024-04-10,5262
1503,士電,25,8,17,美好-楊梅,2024-04-10,5262
3287,廣寰科,18,1,17,美好-楊梅,2024-04-10,5262
3231,緯創,67,51,16,美好-楊梅,2024-04-10,5262
2887,台新金,16,0,16,美好-楊梅,2024-04-10,5262
1513,中興電,33,18,15,美好-楊梅,2024-04-10,5262
3062,建漢,17,2,15,美好-楊梅,2024-04-10,5262
4576,大銀微系統,15,0,15,美好-楊梅,2024-04-10,5262
912000,晨訊科-DR,16,1,15,美好-楊梅,2024-04-10,5262
2371,大同,21,9,12,美好-楊梅,2024-04-10,5262
2355,敬鵬,14,2,12,美好-楊梅,2024-04-10,5262
2464,盟立,37,25,12,美好-楊梅,2024-04-10,5262
2356,英業達,15,4,11,美好-楊梅,2024-04-10,5262
00733,富邦臺灣中小,11,0,11,美好-楊梅,2024-04-10,5262
3576,聯合再生,17,6,11,美好-楊梅,2024-04-10,5262
2812,台中銀,11,0,11,美好-楊梅,2024-04-10,5262
6125,廣運,12,2,10,美好-楊梅,2024-04-10,5262
00933B,國泰10Y+金融債,10,0,10,美好-楊梅,2024-04-10,5262
00738U,期元大道瓊白銀,10,0,10,美好-楊梅,2024-04-10,5262
00674R,期元大S＆P黃金反1,10,0,10,美好-楊梅,2024-04-10,5262
2368,金像電,10,0,10,美好-楊梅,2024-04-10,5262
5213,亞昕,10,0,10,美好-楊梅,2024-04-10,5262
5488,松普,10,0,10,美好-楊梅,2024-04-10,5262
3481,群創,254,2,252,美好-楊梅,2024-04-11,5262
00929,復華台灣科技優息,248,2,246,美好-楊梅,2024-04-11,5262
4147,中裕,157,1,156,美好-楊梅,2024-04-11,5262
2382,廣達,119,5,114,美好-楊梅,2024-04-11,5262
00706L,期元大S＆P日圓正2,100,0,100,美好-楊梅,2024-04-11,5262
1314,中石化,102,3,99,美好-楊梅,2024-04-11,5262
00712,復華富時不動產,101,10,91,美好-楊梅,2024-04-11,5262
00937B,群益ESG投等債20,70,0,70,美好-楊梅,2024-04-11,5262
00680L,元大美債20正2,65,0,65,美好-楊梅,2024-04-11,5262
3576,聯合再生,63,2,61,美好-楊梅,2024-04-11,5262
6770,力積電,61,0,61,美好-楊梅,2024-04-11,5262
3231,緯創,108,54,54,美好-楊梅,2024-04-11,5262
2882,國泰金,60,9,51,美好-楊梅,2024-04-11,5262
2355,敬鵬,55,11,44,美好-楊梅,2024-04-11,5262
00687B,國泰20年美債,41,0,41,美好-楊梅,2024-04-11,5262
2303,聯電,106,65,41,美好-楊梅,2024-04-11,5262
3050,鈺德,44,3,41,美好-楊梅,2024-04-11,5262
00939,統一台灣高息動能,70,30,40,美好-楊梅,2024-04-11,5262
2883,凱基金,44,6,38,美好-楊梅,2024-04-11,5262
00720B,元大投資級公司債,35,0,35,美好-楊梅,2024-04-11,5262
00940,元大台灣價值高息,57,26,31,美好-楊梅,2024-04-11,5262
2457,飛宏,60,30,30,美好-楊梅,2024-04-11,5262
2607,榮運,30,1,29,美好-楊梅,2024-04-11,5262
00933B,國泰10Y+金融債,28,0,28,美好-楊梅,2024-04-11,5262
0056,元大高股息,27,0,27,美好-楊梅,2024-04-11,5262
1905,華紙,26,0,26,美好-楊梅,2024-04-11,5262
2354,鴻準,35,10,25,美好-楊梅,2024-04-11,5262
2838,聯邦銀,25,0,25,美好-楊梅,2024-04-11,5262
1605,華新,31,7,24,美好-楊梅,2024-04-11,5262
3555,博士旺,20,0,20,美好-楊梅,2024-04-11,5262
2630,亞航,31,12,19,美好-楊梅,2024-04-11,5262
4167,松瑞藥,16,0,16,美好-楊梅,2024-04-11,5262
1808,潤隆,15,0,15,美好-楊梅,2024-04-11,5262
3686,達能,15,0,15,美好-楊梅,2024-04-11,5262
00919,群益台灣精選高息,15,1,14,美好-楊梅,2024-04-11,5262
2014,中鴻,18,4,14,美好-楊梅,2024-04-11,5262
6116,彩晶,15,1,14,美好-楊梅,2024-04-11,5262
2614,東森,12,0,12,美好-楊梅,2024-04-11,5262
3234,光環,11,0,11,美好-楊梅,2024-04-11,5262
00733,富邦臺灣中小,11,0,11,美好-楊梅,2024-04-11,5262
2356,英業達,19,8,11,美好-楊梅,2024-04-11,5262
00679B,元大美債20年,45,35,10,美好-楊梅,2024-04-11,5262
00900,富邦特選高股息30,10,0,10,美好-楊梅,2024-04-11,5262
3209,全科,10,0,10,美好-楊梅,2024-04-11,5262
006208,富邦台50,10,0,10,美好-楊梅,2024-04-11,5262
2332,友訊,10,0,10,美好-楊梅,2024-04-11,5262
2344,華邦電,13,3,10,美好-楊梅,2024-04-11,5262
2427,三商電,11,1,10,美好-楊梅,2024-04-11,5262
2834,臺企銀,10,0,10,美好-楊梅,2024-04-11,5262
2903,遠百,10,0,10,美好-楊梅,2024-04-11,5262
2897,王道銀行,300,0,300,美好-楊梅,2024-04-12,5262
00940,元大台灣價值高息,192,60,132,美好-楊梅,2024-04-12,5262
2736,富野,107,1,106,美好-楊梅,2024-04-12,5262
00929,復華台灣科技優息,94,0,94,美好-楊梅,2024-04-12,5262
4401,東隆興,94,0,94,美好-楊梅,2024-04-12,5262
5202,力新,80,0,80,美好-楊梅,2024-04-12,5262
00937B,群益ESG投等債20,113,38,75,美好-楊梅,2024-04-12,5262
2905,三商,71,0,71,美好-楊梅,2024-04-12,5262
2618,長榮航,69,7,62,美好-楊梅,2024-04-12,5262
2887,台新金,62,0,62,美好-楊梅,2024-04-12,5262
1314,中石化,50,0,50,美好-楊梅,2024-04-12,5262
2382,廣達,52,6,46,美好-楊梅,2024-04-12,5262
00931B,統一美債20年,45,0,45,美好-楊梅,2024-04-12,5262
2353,宏��,80,41,39,美好-楊梅,2024-04-12,5262
2537,聯上發,49,14,35,美好-楊梅,2024-04-12,5262
00680L,元大美債20正2,48,14,34,美好-楊梅,2024-04-12,5262
3006,晶豪科,34,0,34,美好-楊梅,2024-04-12,5262
4958,臻鼎-KY,26,1,25,美好-楊梅,2024-04-12,5262
00712,復華富時不動產,24,0,24,美好-楊梅,2024-04-12,5262
2344,華邦電,35,11,24,美好-楊梅,2024-04-12,5262
2363,矽統,242,218,24,美好-楊梅,2024-04-12,5262
00878,國泰永續高股息,28,5,23,美好-楊梅,2024-04-12,5262
00933B,國泰10Y+金融債,22,0,22,美好-楊梅,2024-04-12,5262
6667,信紘科,32,10,22,美好-楊梅,2024-04-12,5262
8085,福華,20,0,20,美好-楊梅,2024-04-12,5262
8088,品安,27,7,20,美好-楊梅,2024-04-12,5262
2329,華泰,50,31,19,美好-楊梅,2024-04-12,5262
3013,晟銘電,26,7,19,美好-楊梅,2024-04-12,5262
6770,力積電,19,0,19,美好-楊梅,2024-04-12,5262
3615,安可,23,5,18,美好-楊梅,2024-04-12,5262
0056,元大高股息,17,0,17,美好-楊梅,2024-04-12,5262
00687B,國泰20年美債,27,10,17,美好-楊梅,2024-04-12,5262
2812,台中銀,17,0,17,美好-楊梅,2024-04-12,5262
3576,聯合再生,24,7,17,美好-楊梅,2024-04-12,5262
5381,合正,21,5,16,美好-楊梅,2024-04-12,5262
2409,友達,15,0,15,美好-楊梅,2024-04-12,5262
2547,日勝生,15,0,15,美好-楊梅,2024-04-12,5262
6026,福邦證,15,0,15,美好-楊梅,2024-04-12,5262
3481,群創,14,0,14,美好-楊梅,2024-04-12,5262
2881,富邦金,25,12,13,美好-楊梅,2024-04-12,5262
3354,律勝,19,6,13,美好-楊梅,2024-04-12,5262
2883,凱基金,13,0,13,美好-楊梅,2024-04-12,5262
2371,大同,156,144,12,美好-楊梅,2024-04-12,5262
00720B,元大投資級公司債,11,0,11,美好-楊梅,2024-04-12,5262
00637L,元大滬深300正2,11,0,11,美好-楊梅,2024-04-12,5262
1789,神隆,11,0,11,美好-楊梅,2024-04-12,5262
2355,敬鵬,11,0,11,美好-楊梅,2024-04-12,5262
2356,英業達,50,39,11,美好-楊梅,2024-04-12,5262
8086,宏捷科,11,0,11,美好-楊梅,2024-04-12,5262
3017,奇鋐,21,11,10,美好-楊梅,2024-04-12,5262
00929,復華台灣科技優息,243,6,237,美好-楊梅,2024-04-15,5262
2371,大同,284,106,178,美好-楊梅,2024-04-15,5262
00940,元大台灣價值高息,142,30,112,美好-楊梅,2024-04-15,5262
4960,誠美材,103,1,102,美好-楊梅,2024-04-15,5262
00715L,期街口布蘭特正2,100,10,90,美好-楊梅,2024-04-15,5262
3481,群創,60,0,60,美好-楊梅,2024-04-15,5262
1608,華榮,72,15,57,美好-楊梅,2024-04-15,5262
1513,中興電,102,48,54,美好-楊梅,2024-04-15,5262
2867,三商壽,58,5,53,美好-楊梅,2024-04-15,5262
1612,宏泰,113,61,52,美好-楊梅,2024-04-15,5262
00669R,國泰美國道瓊反1,50,0,50,美好-楊梅,2024-04-15,5262
00939,統一台灣高息動能,65,16,49,美好-楊梅,2024-04-15,5262
00888,永豐台灣ESG,46,1,45,美好-楊梅,2024-04-15,5262
0056,元大高股息,45,8,37,美好-楊梅,2024-04-15,5262
3231,緯創,41,6,35,美好-楊梅,2024-04-15,5262
2356,英業達,37,3,34,美好-楊梅,2024-04-15,5262
2409,友達,31,0,31,美好-楊梅,2024-04-15,5262
00941,中信上游半導體,33,3,30,美好-楊梅,2024-04-15,5262
00937B,群益ESG投等債20,32,3,29,美好-楊梅,2024-04-15,5262
2317,鴻海,53,26,27,美好-楊梅,2024-04-15,5262
00919,群益台灣精選高息,45,18,27,美好-楊梅,2024-04-15,5262
1605,華新,96,70,26,美好-楊梅,2024-04-15,5262
2367,燿華,63,37,26,美好-楊梅,2024-04-15,5262
2883,凱基金,26,1,25,美好-楊梅,2024-04-15,5262
3715,定穎投控,22,0,22,美好-楊梅,2024-04-15,5262
3312,弘憶股,29,8,21,美好-楊梅,2024-04-15,5262
2038,海光,20,0,20,美好-楊梅,2024-04-15,5262
00882,中信中國高股息,20,0,20,美好-楊梅,2024-04-15,5262
00665L,富邦�琤肭磪囓�2,20,0,20,美好-楊梅,2024-04-15,5262
2344,華邦電,30,10,20,美好-楊梅,2024-04-15,5262
2530,華建,20,0,20,美好-楊梅,2024-04-15,5262
3490,單井,20,0,20,美好-楊梅,2024-04-15,5262
2303,聯電,114,95,19,美好-楊梅,2024-04-15,5262
2467,志聖,30,11,19,美好-楊梅,2024-04-15,5262
3520,華盈,18,0,18,美好-楊梅,2024-04-15,5262
00679B,元大美債20年,17,0,17,美好-楊梅,2024-04-15,5262
2618,長榮航,21,4,17,美好-楊梅,2024-04-15,5262
1529,樂事綠能,21,5,16,美好-楊梅,2024-04-15,5262
2611,志信,20,4,16,美好-楊梅,2024-04-15,5262
2368,金像電,17,1,16,美好-楊梅,2024-04-15,5262
6016,康和證,15,0,15,美好-楊梅,2024-04-15,5262
00934,中信成長高股息,15,0,15,美好-楊梅,2024-04-15,5262
1504,東元,45,30,15,美好-楊梅,2024-04-15,5262
3013,晟銘電,21,6,15,美好-楊梅,2024-04-15,5262
2382,廣達,34,20,14,美好-楊梅,2024-04-15,5262
2634,漢翔,71,57,14,美好-楊梅,2024-04-15,5262
2834,臺企銀,23,11,12,美好-楊梅,2024-04-15,5262
2301,光寶科,15,4,11,美好-楊梅,2024-04-15,5262
2345,智邦,11,0,11,美好-楊梅,2024-04-15,5262
00733,富邦臺灣中小,13,2,11,美好-楊梅,2024-04-15,5262
00940,元大台灣價值高息,646,146,500,美好-楊梅,2024-04-16,5262
2883,凱基金,337,10,327,美好-楊梅,2024-04-16,5262
00937B,群益ESG投等債20,262,0,262,美好-楊梅,2024-04-16,5262
2618,長榮航,260,25,235,美好-楊梅,2024-04-16,5262
00929,復華台灣科技優息,263,105,158,美好-楊梅,2024-04-16,5262
2897,王道銀行,152,0,152,美好-楊梅,2024-04-16,5262
00919,群益台灣精選高息,209,61,148,美好-楊梅,2024-04-16,5262
00939,統一台灣高息動能,178,63,115,美好-楊梅,2024-04-16,5262
2887,台新金,110,0,110,美好-楊梅,2024-04-16,5262
3024,憶聲,103,4,99,美好-楊梅,2024-04-16,5262
2344,華邦電,89,2,87,美好-楊梅,2024-04-16,5262
00878,國泰永續高股息,162,79,83,美好-楊梅,2024-04-16,5262
2303,聯電,129,54,75,美好-楊梅,2024-04-16,5262
3231,緯創,92,17,75,美好-楊梅,2024-04-16,5262
6770,力積電,75,0,75,美好-楊梅,2024-04-16,5262
00751B,元大AAA至A公司債,62,0,62,美好-楊梅,2024-04-16,5262
0056,元大高股息,91,32,59,美好-楊梅,2024-04-16,5262
00712,復華富時不動產,62,6,56,美好-楊梅,2024-04-16,5262
2888,新光金,46,3,43,美好-楊梅,2024-04-16,5262
2427,三商電,41,1,40,美好-楊梅,2024-04-16,5262
2367,燿華,51,16,35,美好-楊梅,2024-04-16,5262
2892,第一金,35,0,35,美好-楊梅,2024-04-16,5262
6116,彩晶,31,0,31,美好-楊梅,2024-04-16,5262
1605,華新,114,85,29,美好-楊梅,2024-04-16,5262
00687B,國泰20年美債,34,5,29,美好-楊梅,2024-04-16,5262
2382,廣達,33,5,28,美好-楊梅,2024-04-16,5262
1609,大亞,102,75,27,美好-楊梅,2024-04-16,5262
3260,威剛,31,5,26,美好-楊梅,2024-04-16,5262
4716,大立,26,0,26,美好-楊梅,2024-04-16,5262
00888,永豐台灣ESG,25,0,25,美好-楊梅,2024-04-16,5262
00679B,元大美債20年,32,7,25,美好-楊梅,2024-04-16,5262
2547,日勝生,25,0,25,美好-楊梅,2024-04-16,5262
912000,晨訊科-DR,32,7,25,美好-楊梅,2024-04-16,5262
6282,康舒,34,10,24,美好-楊梅,2024-04-16,5262
2609,陽明,27,5,22,美好-楊梅,2024-04-16,5262
1616,億泰,24,2,22,美好-楊梅,2024-04-16,5262
00933B,國泰10Y+金融債,20,0,20,美好-楊梅,2024-04-16,5262
2542,興富發,20,0,20,美好-楊梅,2024-04-16,5262
2615,萬海,19,0,19,美好-楊梅,2024-04-16,5262
3527,聚積,20,1,19,美好-楊梅,2024-04-16,5262
2301,光寶科,21,3,18,美好-楊梅,2024-04-16,5262
6005,群益證,17,0,17,美好-楊梅,2024-04-16,5262
2465,麗臺,22,5,17,美好-楊梅,2024-04-16,5262
2867,三商壽,79,62,17,美好-楊梅,2024-04-16,5262
2324,仁寶,16,0,16,美好-楊梅,2024-04-16,5262
00915,凱基優選高股息30,16,0,16,美好-楊梅,2024-04-16,5262
00934,中信成長高股息,15,0,15,美好-楊梅,2024-04-16,5262
2884,玉山金,19,4,15,美好-楊梅,2024-04-16,5262
1312,國喬,15,0,15,美好-楊梅,2024-04-16,5262
3481,群創,28,13,15,美好-楊梅,2024-04-16,5262
00632R,元大台灣50反1,223,0,223,美好-楊梅,2024-04-17,5262
00929,復華台灣科技優息,160,0,160,美好-楊梅,2024-04-17,5262
00888,永豐台灣ESG,160,0,160,美好-楊梅,2024-04-17,5262
6770,力積電,140,14,126,美好-楊梅,2024-04-17,5262
00937B,群益ESG投等債20,123,0,123,美好-楊梅,2024-04-17,5262
1810,和成,115,24,91,美好-楊梅,2024-04-17,5262
00919,群益台灣精選高息,84,2,82,美好-楊梅,2024-04-17,5262
00680L,元大美債20正2,79,0,79,美好-楊梅,2024-04-17,5262
3231,緯創,149,70,79,美好-楊梅,2024-04-17,5262
2303,聯電,67,2,65,美好-楊梅,2024-04-17,5262
0056,元大高股息,57,0,57,美好-楊梅,2024-04-17,5262
00940,元大台灣價值高息,74,23,51,美好-楊梅,2024-04-17,5262
00687B,國泰20年美債,43,2,41,美好-楊梅,2024-04-17,5262
00878,國泰永續高股息,109,70,39,美好-楊梅,2024-04-17,5262
00751B,元大AAA至A公司債,33,0,33,美好-楊梅,2024-04-17,5262
2618,長榮航,51,20,31,美好-楊梅,2024-04-17,5262
2883,凱基金,50,20,30,美好-楊梅,2024-04-17,5262
3481,群創,30,0,30,美好-楊梅,2024-04-17,5262
2368,金像電,27,6,21,美好-楊梅,2024-04-17,5262
4973,廣穎,20,0,20,美好-楊梅,2024-04-17,5262
00720B,元大投資級公司債,17,0,17,美好-楊梅,2024-04-17,5262
00905,FT臺灣Smart,17,0,17,美好-楊梅,2024-04-17,5262
2356,英業達,20,3,17,美好-楊梅,2024-04-17,5262
1229,聯華,17,0,17,美好-楊梅,2024-04-17,5262
1504,東元,36,19,17,美好-楊梅,2024-04-17,5262
2208,台船,16,0,16,美好-楊梅,2024-04-17,5262
2405,輔信,19,3,16,美好-楊梅,2024-04-17,5262
2897,王道銀行,15,0,15,美好-楊梅,2024-04-17,5262
6284,佳邦,16,1,15,美好-楊梅,2024-04-17,5262
2401,凌陽,42,27,15,美好-楊梅,2024-04-17,5262
2501,國建,19,5,14,美好-楊梅,2024-04-17,5262
8440,綠電,20,6,14,美好-楊梅,2024-04-17,5262
00939,統一台灣高息動能,13,0,13,美好-楊梅,2024-04-17,5262
00679B,元大美債20年,18,5,13,美好-楊梅,2024-04-17,5262
00665L,富邦�琤肭磪囓�2,12,0,12,美好-楊梅,2024-04-17,5262
2344,華邦電,34,22,12,美好-楊梅,2024-04-17,5262
2888,新光金,12,0,12,美好-楊梅,2024-04-17,5262
2886,兆豐金,12,0,12,美好-楊梅,2024-04-17,5262
00857B,永豐20年美公債,11,0,11,美好-楊梅,2024-04-17,5262
2506,太設,11,0,11,美好-楊梅,2024-04-17,5262
3346,麗清,11,0,11,美好-楊梅,2024-04-17,5262
2887,台新金,11,1,10,美好-楊梅,2024-04-17,5262
2353,宏��,11,1,10,美好-楊梅,2024-04-17,5262
00722B,群益投資級電信債,10,0,10,美好-楊梅,2024-04-17,5262
3305,昇貿,10,0,10,美好-楊梅,2024-04-17,5262
3512,皇龍,10,0,10,美好-楊梅,2024-04-17,5262
4961,天鈺,10,0,10,美好-楊梅,2024-04-17,5262
5381,合正,11,1,10,美好-楊梅,2024-04-17,5262
6113,亞矽,10,0,10,美好-楊梅,2024-04-17,5262
6282,康舒,21,11,10,美好-楊梅,2024-04-17,5262
00929,復華台灣科技優息,130,2,128,美好-楊梅,2024-04-18,5262
00937B,群益ESG投等債20,102,30,72,美好-楊梅,2024-04-18,5262
2303,聯電,74,5,69,美好-楊梅,2024-04-18,5262
2365,昆盈,51,6,45,美好-楊梅,2024-04-18,5262
00632R,元大台灣50反1,42,0,42,美好-楊梅,2024-04-18,5262
2897,王道銀行,39,0,39,美好-楊梅,2024-04-18,5262
1513,中興電,63,27,36,美好-楊梅,2024-04-18,5262
0056,元大高股息,35,0,35,美好-楊梅,2024-04-18,5262
6770,力積電,274,240,34,美好-楊梅,2024-04-18,5262
00940,元大台灣價值高息,38,6,32,美好-楊梅,2024-04-18,5262
2834,臺企銀,32,0,32,美好-楊梅,2024-04-18,5262
2611,志信,32,2,30,美好-楊梅,2024-04-18,5262
6026,福邦證,30,0,30,美好-楊梅,2024-04-18,5262
00941,中信上游半導體,30,0,30,美好-楊梅,2024-04-18,5262
1108,幸福,32,3,29,美好-楊梅,2024-04-18,5262
00712,復華富時不動產,28,0,28,美好-楊梅,2024-04-18,5262
00885,富邦越南,28,0,28,美好-楊梅,2024-04-18,5262
2337,旺宏,29,1,28,美好-楊梅,2024-04-18,5262
9904,寶成,25,0,25,美好-楊梅,2024-04-18,5262
2363,矽統,38,14,24,美好-楊梅,2024-04-18,5262
8054,安國,44,23,21,美好-楊梅,2024-04-18,5262
00942B,台新美A公司債20+,20,0,20,美好-楊梅,2024-04-18,5262
2457,飛宏,23,6,17,美好-楊梅,2024-04-18,5262
3015,全漢,28,11,17,美好-楊梅,2024-04-18,5262
6470,宇智,17,0,17,美好-楊梅,2024-04-18,5262
3481,群創,48,32,16,美好-楊梅,2024-04-18,5262
6233,旺玖,18,2,16,美好-楊梅,2024-04-18,5262
00720B,元大投資級公司債,15,0,15,美好-楊梅,2024-04-18,5262
1503,士電,26,11,15,美好-楊梅,2024-04-18,5262
2455,全新,15,0,15,美好-楊梅,2024-04-18,5262
4716,大立,15,0,15,美好-楊梅,2024-04-18,5262
8121,越峰,15,0,15,美好-楊梅,2024-04-18,5262
2609,陽明,34,20,14,美好-楊梅,2024-04-18,5262
2301,光寶科,20,7,13,美好-楊梅,2024-04-18,5262
00905,FT臺灣Smart,13,0,13,美好-楊梅,2024-04-18,5262
2204,中華,13,0,13,美好-楊梅,2024-04-18,5262
3707,漢磊,16,3,13,美好-楊梅,2024-04-18,5262
2441,超豐,12,0,12,美好-楊梅,2024-04-18,5262
2610,華航,32,20,12,美好-楊梅,2024-04-18,5262
2867,三商壽,27,15,12,美好-楊梅,2024-04-18,5262
3306,鼎天,12,0,12,美好-楊梅,2024-04-18,5262
2881,富邦金,11,0,11,美好-楊梅,2024-04-18,5262
00753L,中信中國50正2,10,0,10,美好-楊梅,2024-04-18,5262
2913,農林,10,0,10,美好-楊梅,2024-04-18,5262
2915,潤泰全,10,0,10,美好-楊梅,2024-04-18,5262
3058,立德,10,0,10,美好-楊梅,2024-04-18,5262
3188,鑫龍騰,10,0,10,美好-楊梅,2024-04-18,5262
3706,神達,14,4,10,美好-楊梅,2024-04-18,5262
8390,金益鼎,14,4,10,美好-楊梅,2024-04-18,5262
3715,定穎投控,10,0,10,美好-楊梅,2024-04-18,5262
00929,復華台灣科技優息,637,22,615,美好-楊梅,2024-04-19,5262
00940,元大台灣價值高息,488,3,485,美好-楊梅,2024-04-19,5262
2303,聯電,150,6,144,美好-楊梅,2024-04-19,5262
00939,統一台灣高息動能,120,8,112,美好-楊梅,2024-04-19,5262
00878,國泰永續高股息,129,29,100,美好-楊梅,2024-04-19,5262
2515,中工,159,70,89,美好-楊梅,2024-04-19,5262
0056,元大高股息,91,6,85,美好-楊梅,2024-04-19,5262
5512,力麒,92,14,78,美好-楊梅,2024-04-19,5262
2330,台積電,72,15,57,美好-楊梅,2024-04-19,5262
2883,凱基金,54,2,52,美好-楊梅,2024-04-19,5262
2887,台新金,52,0,52,美好-楊梅,2024-04-19,5262
6244,茂迪,50,1,49,美好-楊梅,2024-04-19,5262
1609,大亞,205,156,49,美好-楊梅,2024-04-19,5262
2888,新光金,48,0,48,美好-楊梅,2024-04-19,5262
00919,群益台灣精選高息,204,156,48,美好-楊梅,2024-04-19,5262
00915,凱基優選高股息30,53,8,45,美好-楊梅,2024-04-19,5262
4157,太景*-KY,51,11,40,美好-楊梅,2024-04-19,5262
2897,王道銀行,38,0,38,美好-楊梅,2024-04-19,5262
2610,華航,51,14,37,美好-楊梅,2024-04-19,5262
3576,聯合再生,50,14,36,美好-楊梅,2024-04-19,5262
2409,友達,31,0,31,美好-楊梅,2024-04-19,5262
1608,華榮,49,18,31,美好-楊梅,2024-04-19,5262
8936,國統,65,36,29,美好-楊梅,2024-04-19,5262
2892,第一金,28,0,28,美好-楊梅,2024-04-19,5262
3312,弘憶股,34,6,28,美好-楊梅,2024-04-19,5262
1101,台泥,31,4,27,美好-楊梅,2024-04-19,5262
2547,日勝生,60,35,25,美好-楊梅,2024-04-19,5262
3703,欣陸,30,6,24,美好-楊梅,2024-04-19,5262
2476,鉅祥,22,0,22,美好-楊梅,2024-04-19,5262
00941,中信上游半導體,25,4,21,美好-楊梅,2024-04-19,5262
9934,成霖,21,0,21,美好-楊梅,2024-04-19,5262
00751B,元大AAA至A公司債,20,0,20,美好-楊梅,2024-04-19,5262
00942B,台新美A公司債20+,20,0,20,美好-楊梅,2024-04-19,5262
1815,富喬,20,0,20,美好-楊梅,2024-04-19,5262
6470,宇智,20,0,20,美好-楊梅,2024-04-19,5262
6770,力積電,248,229,19,美好-楊梅,2024-04-19,5262
3673,TPK-KY,20,1,19,美好-楊梅,2024-04-19,5262
0050,元大台灣50,22,3,19,美好-楊梅,2024-04-19,5262
00772B,中信高評級公司債,18,0,18,美好-楊梅,2024-04-19,5262
2317,鴻海,41,24,17,美好-楊梅,2024-04-19,5262
3481,群創,31,14,17,美好-楊梅,2024-04-19,5262
2618,長榮航,19,2,17,美好-楊梅,2024-04-19,5262
8473,山林水,18,2,16,美好-楊梅,2024-04-19,5262
2382,廣達,32,17,15,美好-楊梅,2024-04-19,5262
4743,合一,15,0,15,美好-楊梅,2024-04-19,5262
3058,立德,20,5,15,美好-楊梅,2024-04-19,5262
8438,昶昕,21,6,15,美好-楊梅,2024-04-19,5262
3527,聚積,15,0,15,美好-楊梅,2024-04-19,5262
2845,遠東銀,14,0,14,美好-楊梅,2024-04-19,5262
6116,彩晶,24,10,14,美好-楊梅,2024-04-19,5262
00940,元大台灣價值高息,216,28,188,美好-楊梅,2024-04-22,5262
2867,三商壽,121,1,120,美好-楊梅,2024-04-22,5262
00929,復華台灣科技優息,153,38,115,美好-楊梅,2024-04-22,5262
00937B,群益ESG投等債20,107,0,107,美好-楊梅,2024-04-22,5262
2303,聯電,86,9,77,美好-楊梅,2024-04-22,5262
3231,緯創,108,41,67,美好-楊梅,2024-04-22,5262
2409,友達,60,3,57,美好-楊梅,2024-04-22,5262
00939,統一台灣高息動能,96,41,55,美好-楊梅,2024-04-22,5262
2618,長榮航,120,66,54,美好-楊梅,2024-04-22,5262
6770,力積電,274,220,54,美好-楊梅,2024-04-22,5262
00632R,元大台灣50反1,56,10,46,美好-楊梅,2024-04-22,5262
00757,統一FANG+,40,0,40,美好-楊梅,2024-04-22,5262
2344,華邦電,37,3,34,美好-楊梅,2024-04-22,5262
2607,榮運,32,1,31,美好-楊梅,2024-04-22,5262
00933B,國泰10Y+金融債,35,5,30,美好-楊梅,2024-04-22,5262
2836,高雄銀,30,0,30,美好-楊梅,2024-04-22,5262
2356,英業達,27,3,24,美好-楊梅,2024-04-22,5262
2630,亞航,34,10,24,美好-楊梅,2024-04-22,5262
1618,合機,52,29,23,美好-楊梅,2024-04-22,5262
2367,燿華,28,5,23,美好-楊梅,2024-04-22,5262
00905,FT臺灣Smart,22,0,22,美好-楊梅,2024-04-22,5262
1609,大亞,141,120,21,美好-楊梅,2024-04-22,5262
2371,大同,193,172,21,美好-楊梅,2024-04-22,5262
4564,元翎,20,0,20,美好-楊梅,2024-04-22,5262
1605,華新,71,52,19,美好-楊梅,2024-04-22,5262
2354,鴻準,22,6,16,美好-楊梅,2024-04-22,5262
1616,億泰,23,7,16,美好-楊梅,2024-04-22,5262
8473,山林水,21,5,16,美好-楊梅,2024-04-22,5262
2465,麗臺,15,0,15,美好-楊梅,2024-04-22,5262
1503,士電,28,15,13,美好-楊梅,2024-04-22,5262
3686,達能,13,0,13,美好-楊梅,2024-04-22,5262
8936,國統,18,5,13,美好-楊梅,2024-04-22,5262
2382,廣達,25,13,12,美好-楊梅,2024-04-22,5262
2313,華通,16,4,12,美好-楊梅,2024-04-22,5262
2543,皇昌,26,14,12,美好-楊梅,2024-04-22,5262
3044,健鼎,15,3,12,美好-楊梅,2024-04-22,5262
5523,豐謙,12,0,12,美好-楊梅,2024-04-22,5262
2454,聯發科,11,0,11,美好-楊梅,2024-04-22,5262
00680L,元大美債20正2,11,0,11,美好-楊梅,2024-04-22,5262
3710,連展投控,11,0,11,美好-楊梅,2024-04-22,5262
4183,福永生技,11,0,11,美好-楊梅,2024-04-22,5262
5258,虹堡,12,1,11,美好-楊梅,2024-04-22,5262
8440,綠電,13,2,11,美好-楊梅,2024-04-22,5262
2329,華泰,59,49,10,美好-楊梅,2024-04-22,5262
00751B,元大AAA至A公司債,10,0,10,美好-楊梅,2024-04-22,5262
2022,聚亨,10,0,10,美好-楊梅,2024-04-22,5262
3178,公準,10,0,10,美好-楊梅,2024-04-22,5262
5009,榮剛,11,1,10,美好-楊梅,2024-04-22,5262
6470,宇智,10,0,10,美好-楊梅,2024-04-22,5262
1513,中興電,37,27,10,美好-楊梅,2024-04-22,5262
00632R,元大台灣50反1,260,0,260,美好-楊梅,2024-04-23,5262
00937B,群益ESG投等債20,51,1,50,美好-楊梅,2024-04-23,5262
2303,聯電,89,52,37,美好-楊梅,2024-04-23,5262
00939,統一台灣高息動能,41,4,37,美好-楊梅,2024-04-23,5262
00940,元大台灣價值高息,38,4,34,美好-楊梅,2024-04-23,5262
00929,復華台灣科技優息,47,15,32,美好-楊梅,2024-04-23,5262
00674R,期元大S＆P黃金反1,30,0,30,美好-楊梅,2024-04-23,5262
00919,群益台灣精選高息,25,0,25,美好-楊梅,2024-04-23,5262
2367,燿華,43,19,24,美好-楊梅,2024-04-23,5262
6264,富裔,22,0,22,美好-楊梅,2024-04-23,5262
3036,文曄,23,2,21,美好-楊梅,2024-04-23,5262
1471,首利,20,0,20,美好-楊梅,2024-04-23,5262
2547,日勝生,31,11,20,美好-楊梅,2024-04-23,5262
2609,陽明,19,1,18,美好-楊梅,2024-04-23,5262
00941,中信上游半導體,16,0,16,美好-楊梅,2024-04-23,5262
2313,華通,25,9,16,美好-楊梅,2024-04-23,5262
3024,憶聲,21,6,15,美好-楊梅,2024-04-23,5262
2514,龍邦,14,0,14,美好-楊梅,2024-04-23,5262
8054,安國,20,7,13,美好-楊梅,2024-04-23,5262
2603,長榮,12,0,12,美好-楊梅,2024-04-23,5262
1220,台榮,13,1,12,美好-楊梅,2024-04-23,5262
2344,華邦電,16,4,12,美好-楊梅,2024-04-23,5262
2365,昆盈,12,0,12,美好-楊梅,2024-04-23,5262
6282,康舒,12,0,12,美好-楊梅,2024-04-23,5262
1605,華新,24,13,11,美好-楊梅,2024-04-23,5262
00878,國泰永續高股息,11,1,10,美好-楊梅,2024-04-23,5262
1417,嘉裕,10,0,10,美好-楊梅,2024-04-23,5262
3058,立德,10,0,10,美好-楊梅,2024-04-23,5262
4128,中天,10,0,10,美好-楊梅,2024-04-23,5262
5608,四維航,10,0,10,美好-楊梅,2024-04-23,5262
2359,所羅門,11,1,10,美好-楊梅,2024-04-23,5262
1513,中興電,31,21,10,美好-楊梅,2024-04-23,5262
2546,根基,10,1,9,美好-楊梅,2024-04-23,5262
1616,億泰,9,1,8,美好-楊梅,2024-04-23,5262
2449,京元電子,10,3,7,美好-楊梅,2024-04-23,5262
3059,華晶科,9,2,7,美好-楊梅,2024-04-23,5262
2376,技嘉,12,6,6,美好-楊梅,2024-04-23,5262
2506,太設,9,3,6,美好-楊梅,2024-04-23,5262
00664R,國泰臺灣加權反1,5,0,5,美好-楊梅,2024-04-23,5262
00738U,期元大道瓊白銀,55,50,5,美好-楊梅,2024-04-23,5262
00934,中信成長高股息,5,0,5,美好-楊梅,2024-04-23,5262
1528,恩德,5,0,5,美好-楊梅,2024-04-23,5262
2440,太空梭,5,0,5,美好-楊梅,2024-04-23,5262
2543,皇昌,5,0,5,美好-楊梅,2024-04-23,5262
3645,達邁,5,0,5,美好-楊梅,2024-04-23,5262
4960,誠美材,5,0,5,美好-楊梅,2024-04-23,5262
6461,益得,5,0,5,美好-楊梅,2024-04-23,5262
6776,展�眥篕�,5,0,5,美好-楊梅,2024-04-23,5262
8163,達方,5,0,5,美好-楊梅,2024-04-23,5262
8213,志超,10,5,5,美好-楊梅,2024-04-23,5262
00632R,元大台灣50反1,121,0,121,美好-楊梅,2024-04-24,5262
1609,大亞,152,89,63,美好-楊梅,2024-04-24,5262
00679B,元大美債20年,38,0,38,美好-楊梅,2024-04-24,5262
3715,定穎投控,47,11,36,美好-楊梅,2024-04-24,5262
1504,東元,44,14,30,美好-楊梅,2024-04-24,5262
1536,和大,32,3,29,美好-楊梅,2024-04-24,5262
5512,力麒,31,2,29,美好-楊梅,2024-04-24,5262
8011,台通,29,5,24,美好-楊梅,2024-04-24,5262
2331,精英,23,0,23,美好-楊梅,2024-04-24,5262
3024,憶聲,23,0,23,美好-楊梅,2024-04-24,5262
2634,漢翔,27,5,22,美好-楊梅,2024-04-24,5262
00738U,期元大道瓊白銀,21,0,21,美好-楊梅,2024-04-24,5262
5907,大洋-KY,21,0,21,美好-楊梅,2024-04-24,5262
3033,威健,24,4,20,美好-楊梅,2024-04-24,5262
1605,華新,27,8,19,美好-楊梅,2024-04-24,5262
6125,廣運,55,37,18,美好-楊梅,2024-04-24,5262
2353,宏��,29,14,15,美好-楊梅,2024-04-24,5262
3710,連展投控,15,0,15,美好-楊梅,2024-04-24,5262
00878,國泰永續高股息,21,6,15,美好-楊梅,2024-04-24,5262
5371,中光電,18,4,14,美好-楊梅,2024-04-24,5262
4401,東隆興,14,0,14,美好-楊梅,2024-04-24,5262
00637L,元大滬深300正2,13,0,13,美好-楊梅,2024-04-24,5262
00937B,群益ESG投等債20,12,0,12,美好-楊梅,2024-04-24,5262
2365,昆盈,12,0,12,美好-楊梅,2024-04-24,5262
2886,兆豐金,11,0,11,美好-楊梅,2024-04-24,5262
6213,聯茂,15,4,11,美好-楊梅,2024-04-24,5262
2449,京元電子,14,3,11,美好-楊梅,2024-04-24,5262
2882,國泰金,13,2,11,美好-楊梅,2024-04-24,5262
2329,華泰,21,10,11,美好-楊梅,2024-04-24,5262
00680L,元大美債20正2,10,0,10,美好-楊梅,2024-04-24,5262
00936,台新永續高息中小,10,0,10,美好-楊梅,2024-04-24,5262
1608,華榮,17,7,10,美好-楊梅,2024-04-24,5262
2014,中鴻,10,0,10,美好-楊梅,2024-04-24,5262
2101,南港,17,7,10,美好-楊梅,2024-04-24,5262
3232,昱捷,10,0,10,美好-楊梅,2024-04-24,5262
6215,和椿,25,15,10,美好-楊梅,2024-04-24,5262
6446,藥華藥,10,0,10,美好-楊梅,2024-04-24,5262
6116,彩晶,10,0,10,美好-楊梅,2024-04-24,5262
2731,雄獅,10,1,9,美好-楊梅,2024-04-24,5262
4716,大立,10,1,9,美好-楊梅,2024-04-24,5262
2230,泰茂,8,0,8,美好-楊梅,2024-04-24,5262
4133,亞諾法,8,0,8,美好-楊梅,2024-04-24,5262
00751B,元大AAA至A公司債,7,0,7,美好-楊梅,2024-04-24,5262
1617,榮星,8,1,7,美好-楊梅,2024-04-24,5262
2323,中環,9,2,7,美好-楊梅,2024-04-24,5262
00882,中信中國高股息,6,0,6,美好-楊梅,2024-04-24,5262
2515,中工,42,36,6,美好-楊梅,2024-04-24,5262
5009,榮剛,8,2,6,美好-楊梅,2024-04-24,5262
5531,鄉林,16,10,6,美好-楊梅,2024-04-24,5262
6806,森崴能源,7,1,6,美好-楊梅,2024-04-24,5262
6770,力積電,121,0,121,美好-楊梅,2024-04-25,5262
00942B,台新美A公司債20+,105,0,105,美好-楊梅,2024-04-25,5262
00706L,期元大S＆P日圓正2,100,0,100,美好-楊梅,2024-04-25,5262
00937B,群益ESG投等債20,61,0,61,美好-楊梅,2024-04-25,5262
00929,復華台灣科技優息,65,5,60,美好-楊梅,2024-04-25,5262
2501,國建,123,67,56,美好-楊梅,2024-04-25,5262
00940,元大台灣價值高息,58,3,55,美好-楊梅,2024-04-25,5262
2838,聯邦銀,56,1,55,美好-楊梅,2024-04-25,5262
2913,農林,53,1,52,美好-楊梅,2024-04-25,5262
00679B,元大美債20年,39,0,39,美好-楊梅,2024-04-25,5262
1909,榮成,38,0,38,美好-楊梅,2024-04-25,5262
5388,中磊,38,0,38,美好-楊梅,2024-04-25,5262
00933B,國泰10Y+金融債,36,0,36,美好-楊梅,2024-04-25,5262
3312,弘憶股,33,3,30,美好-楊梅,2024-04-25,5262
2722,夏都,31,1,30,美好-楊梅,2024-04-25,5262
3081,聯亞,24,0,24,美好-楊梅,2024-04-25,5262
3231,緯創,33,10,23,美好-楊梅,2024-04-25,5262
2536,宏普,23,0,23,美好-楊梅,2024-04-25,5262
3686,達能,35,13,22,美好-楊梅,2024-04-25,5262
00878,國泰永續高股息,26,5,21,美好-楊梅,2024-04-25,5262
2618,長榮航,76,56,20,美好-楊梅,2024-04-25,5262
2356,英業達,33,14,19,美好-楊梅,2024-04-25,5262
00941,中信上游半導體,19,0,19,美好-楊梅,2024-04-25,5262
3715,定穎投控,36,18,18,美好-楊梅,2024-04-25,5262
1101,台泥,17,0,17,美好-楊梅,2024-04-25,5262
2317,鴻海,30,14,16,美好-楊梅,2024-04-25,5262
2511,太子,26,10,16,美好-楊梅,2024-04-25,5262
3033,威健,16,0,16,美好-楊梅,2024-04-25,5262
1457,宜進,16,1,15,美好-楊梅,2024-04-25,5262
2101,南港,22,7,15,美好-楊梅,2024-04-25,5262
1301,台塑,16,2,14,美好-楊梅,2024-04-25,5262
4714,永捷,15,1,14,美好-楊梅,2024-04-25,5262
00720B,元大投資級公司債,13,0,13,美好-楊梅,2024-04-25,5262
1303,南亞,15,2,13,美好-楊梅,2024-04-25,5262
3287,廣寰科,14,1,13,美好-楊梅,2024-04-25,5262
2371,大同,31,19,12,美好-楊梅,2024-04-25,5262
3017,奇鋐,19,7,12,美好-楊梅,2024-04-25,5262
00751B,元大AAA至A公司債,12,0,12,美好-楊梅,2024-04-25,5262
5511,德昌,12,0,12,美好-楊梅,2024-04-25,5262
00919,群益台灣精選高息,11,0,11,美好-楊梅,2024-04-25,5262
00724B,群益投資級金融債,10,0,10,美好-楊梅,2024-04-25,5262
1313,聯成,10,0,10,美好-楊梅,2024-04-25,5262
1434,福懋,10,0,10,美好-楊梅,2024-04-25,5262
2886,兆豐金,10,0,10,美好-楊梅,2024-04-25,5262
3058,立德,10,0,10,美好-楊梅,2024-04-25,5262
6188,廣明,13,3,10,美好-楊梅,2024-04-25,5262
8271,宇瞻,10,0,10,美好-楊梅,2024-04-25,5262
2509,全坤建,10,1,9,美好-楊梅,2024-04-25,5262
8054,安國,8,0,8,美好-楊梅,2024-04-25,5262
1618,合機,11,3,8,美好-楊梅,2024-04-25,5262
00937B,群益ESG投等債20,81,0,81,美好-楊梅,2024-04-26,5262
2312,金寶,80,6,74,美好-楊梅,2024-04-26,5262
00632R,元大台灣50反1,65,0,65,美好-楊梅,2024-04-26,5262
00679B,元大美債20年,46,5,41,美好-楊梅,2024-04-26,5262
2101,南港,70,29,41,美好-楊梅,2024-04-26,5262
2371,大同,73,32,41,美好-楊梅,2024-04-26,5262
1536,和大,31,0,31,美好-楊梅,2024-04-26,5262
00885,富邦越南,30,0,30,美好-楊梅,2024-04-26,5262
3706,神達,30,3,27,美好-楊梅,2024-04-26,5262
2838,聯邦銀,25,0,25,美好-楊梅,2024-04-26,5262
3231,緯創,37,16,21,美好-楊梅,2024-04-26,5262
1316,上曜,22,1,21,美好-楊梅,2024-04-26,5262
3232,昱捷,20,0,20,美好-楊梅,2024-04-26,5262
5880,合庫金,20,0,20,美好-楊梅,2024-04-26,5262
2323,中環,141,122,19,美好-楊梅,2024-04-26,5262
1616,億泰,20,4,16,美好-楊梅,2024-04-26,5262
2634,漢翔,21,5,16,美好-楊梅,2024-04-26,5262
6125,廣運,47,31,16,美好-楊梅,2024-04-26,5262
6177,達麗,21,5,16,美好-楊梅,2024-04-26,5262
2405,輔信,15,0,15,美好-楊梅,2024-04-26,5262
2867,三商壽,15,0,15,美好-楊梅,2024-04-26,5262
4401,東隆興,15,0,15,美好-楊梅,2024-04-26,5262
00687B,國泰20年美債,14,0,14,美好-楊梅,2024-04-26,5262
2359,所羅門,29,15,14,美好-楊梅,2024-04-26,5262
00940,元大台灣價值高息,30,16,14,美好-楊梅,2024-04-26,5262
1504,東元,18,4,14,美好-楊梅,2024-04-26,5262
2408,南亞科,14,0,14,美好-楊梅,2024-04-26,5262
6442,光聖,14,0,14,美好-楊梅,2024-04-26,5262
00929,復華台灣科技優息,18,5,13,美好-楊梅,2024-04-26,5262
00927,群益半導體收益,20,8,12,美好-楊梅,2024-04-26,5262
00882,中信中國高股息,11,0,11,美好-楊梅,2024-04-26,5262
1319,東陽,11,0,11,美好-楊梅,2024-04-26,5262
1535,中宇,11,0,11,美好-楊梅,2024-04-26,5262
6282,康舒,12,1,11,美好-楊梅,2024-04-26,5262
1471,首利,10,0,10,美好-楊梅,2024-04-26,5262
1609,大亞,34,24,10,美好-楊梅,2024-04-26,5262
1718,中纖,10,0,10,美好-楊梅,2024-04-26,5262
2349,錸德,10,0,10,美好-楊梅,2024-04-26,5262
2427,三商電,11,1,10,美好-楊梅,2024-04-26,5262
5258,虹堡,10,0,10,美好-楊梅,2024-04-26,5262
00919,群益台灣精選高息,11,2,9,美好-楊梅,2024-04-26,5262
1101,台泥,9,0,9,美好-楊梅,2024-04-26,5262
00931B,統一美債20年,9,0,9,美好-楊梅,2024-04-26,5262
6150,撼訊,9,0,9,美好-楊梅,2024-04-26,5262
8473,山林水,13,4,9,美好-楊梅,2024-04-26,5262
8936,國統,11,2,9,美好-楊梅,2024-04-26,5262
3645,達邁,9,0,9,美好-楊梅,2024-04-26,5262
2369,菱生,10,2,8,美好-楊梅,2024-04-26,5262
2393,億光,7,0,7,美好-楊梅,2024-04-26,5262
1605,華新,9,2,7,美好-楊梅,2024-04-26,5262
2323,中環,457,46,411,美好-楊梅,2024-04-29,5262
00706L,期元大S＆P日圓正2,403,0,403,美好-楊梅,2024-04-29,5262
00632R,元大台灣50反1,230,0,230,美好-楊梅,2024-04-29,5262
2618,長榮航,222,40,182,美好-楊梅,2024-04-29,5262
2515,中工,230,90,140,美好-楊梅,2024-04-29,5262
2610,華航,176,36,140,美好-楊梅,2024-04-29,5262
2882,國泰金,91,36,55,美好-楊梅,2024-04-29,5262
2363,矽統,73,37,36,美好-楊梅,2024-04-29,5262
2486,一詮,37,4,33,美好-楊梅,2024-04-29,5262
2501,國建,37,5,32,美好-楊梅,2024-04-29,5262
2883,凱基金,34,9,25,美好-楊梅,2024-04-29,5262
2913,農林,75,54,21,美好-楊梅,2024-04-29,5262
6150,撼訊,21,0,21,美好-楊梅,2024-04-29,5262
5515,建國,20,0,20,美好-楊梅,2024-04-29,5262
6015,宏遠證,20,0,20,美好-楊梅,2024-04-29,5262
00679B,元大美債20年,19,0,19,美好-楊梅,2024-04-29,5262
00913,兆豐台灣晶圓製造,19,0,19,美好-楊梅,2024-04-29,5262
1609,大亞,29,12,17,美好-楊梅,2024-04-29,5262
5533,皇鼎,15,0,15,美好-楊梅,2024-04-29,5262
2887,台新金,21,7,14,美好-楊梅,2024-04-29,5262
5531,鄉林,14,0,14,美好-楊梅,2024-04-29,5262
6016,康和證,15,1,14,美好-楊梅,2024-04-29,5262
00891,中信關鍵半導體,14,0,14,美好-楊梅,2024-04-29,5262
2442,新美齊,12,0,12,美好-楊梅,2024-04-29,5262
1909,榮成,12,0,12,美好-楊梅,2024-04-29,5262
2505,國揚,19,7,12,美好-楊梅,2024-04-29,5262
1612,宏泰,13,2,11,美好-楊梅,2024-04-29,5262
0061,元大寶滬深,10,0,10,美好-楊梅,2024-04-29,5262
1434,福懋,10,0,10,美好-楊梅,2024-04-29,5262
1616,億泰,20,10,10,美好-楊梅,2024-04-29,5262
9938,百和,10,0,10,美好-楊梅,2024-04-29,5262
2374,佳能,23,14,9,美好-楊梅,2024-04-29,5262
8936,國統,13,4,9,美好-楊梅,2024-04-29,5262
2002,中鋼,12,4,8,美好-楊梅,2024-04-29,5262
2459,敦吉,8,0,8,美好-楊梅,2024-04-29,5262
3035,智原,14,6,8,美好-楊梅,2024-04-29,5262
2889,國票金,12,5,7,美好-楊梅,2024-04-29,5262
1513,中興電,23,17,6,美好-楊梅,2024-04-29,5262
1727,中華化,7,1,6,美好-楊梅,2024-04-29,5262
3047,訊舟,6,0,6,美好-楊梅,2024-04-29,5262
3576,聯合再生,6,0,6,美好-楊梅,2024-04-29,5262
3706,神達,25,19,6,美好-楊梅,2024-04-29,5262
4702,中美實,6,0,6,美好-楊梅,2024-04-29,5262
6190,萬泰科,6,0,6,美好-楊梅,2024-04-29,5262
8011,台通,6,0,6,美好-楊梅,2024-04-29,5262
9905,大華,6,0,6,美好-楊梅,2024-04-29,5262
1101,台泥,7,2,5,美好-楊梅,2024-04-29,5262
1440,南紡,10,5,5,美好-楊梅,2024-04-29,5262
1442,名軒,16,11,5,美好-楊梅,2024-04-29,5262
1516,川飛,5,0,5,美好-楊梅,2024-04-29,5262
2887,台新金,297,120,177,美好-楊梅,2024-04-30,5262
00929,復華台灣科技優息,63,4,59,美好-楊梅,2024-04-30,5262
00671R,富邦NASDAQ反1,50,0,50,美好-楊梅,2024-04-30,5262
1314,中石化,56,10,46,美好-楊梅,2024-04-30,5262
00919,群益台灣精選高息,34,4,30,美好-楊梅,2024-04-30,5262
8926,台汽電,30,0,30,美好-楊梅,2024-04-30,5262
2607,榮運,35,7,28,美好-楊梅,2024-04-30,5262
5531,鄉林,29,1,28,美好-楊梅,2024-04-30,5262
2891,中信金,31,7,24,美好-楊梅,2024-04-30,5262
3231,緯創,41,17,24,美好-楊梅,2024-04-30,5262
3234,光環,28,5,23,美好-楊梅,2024-04-30,5262
2905,三商,22,2,20,美好-楊梅,2024-04-30,5262
2323,中環,22,4,18,美好-楊梅,2024-04-30,5262
6770,力積電,50,32,18,美好-楊梅,2024-04-30,5262
2606,裕民,17,0,17,美好-楊梅,2024-04-30,5262
00882,中信中國高股息,16,0,16,美好-楊梅,2024-04-30,5262
2886,兆豐金,20,4,16,美好-楊梅,2024-04-30,5262
6116,彩晶,16,0,16,美好-楊梅,2024-04-30,5262
2884,玉山金,25,10,15,美好-楊梅,2024-04-30,5262
3188,鑫龍騰,15,0,15,美好-楊梅,2024-04-30,5262
6190,萬泰科,18,3,15,美好-楊梅,2024-04-30,5262
3450,聯鈞,16,2,14,美好-楊梅,2024-04-30,5262
1618,合機,17,3,14,美好-楊梅,2024-04-30,5262
2382,廣達,17,4,13,美好-楊梅,2024-04-30,5262
2368,金像電,12,0,12,美好-楊梅,2024-04-30,5262
5009,榮剛,16,4,12,美好-楊梅,2024-04-30,5262
1817,凱撒衛,12,0,12,美好-楊梅,2024-04-30,5262
5907,大洋-KY,12,0,12,美好-楊梅,2024-04-30,5262
8011,台通,14,2,12,美好-楊梅,2024-04-30,5262
4127,天良,14,3,11,美好-楊梅,2024-04-30,5262
8150,南茂,12,1,11,美好-楊梅,2024-04-30,5262
2208,台船,15,4,11,美好-楊梅,2024-04-30,5262
00933B,國泰10Y+金融債,10,0,10,美好-楊梅,2024-04-30,5262
1108,幸福,10,0,10,美好-楊梅,2024-04-30,5262
1504,東元,14,4,10,美好-楊梅,2024-04-30,5262
1815,富喬,10,0,10,美好-楊梅,2024-04-30,5262
2505,國揚,10,0,10,美好-楊梅,2024-04-30,5262
2605,新興,20,10,10,美好-楊梅,2024-04-30,5262
2511,太子,11,2,9,美好-楊梅,2024-04-30,5262
2845,遠東銀,10,1,9,美好-楊梅,2024-04-30,5262
6182,合晶,10,1,9,美好-楊梅,2024-04-30,5262
6257,矽格,11,2,9,美好-楊梅,2024-04-30,5262
00913,兆豐台灣晶圓製造,8,0,8,美好-楊梅,2024-04-30,5262
1316,上曜,16,8,8,美好-楊梅,2024-04-30,5262
1760,寶齡富錦,8,0,8,美好-楊梅,2024-04-30,5262
2401,凌陽,8,0,8,美好-楊梅,2024-04-30,5262
9904,寶成,10,3,7,美好-楊梅,2024-04-30,5262
8070,長華*,8,1,7,美好-楊梅,2024-04-30,5262
8088,品安,7,0,7,美好-楊梅,2024-04-30,5262
1303,南亞,7,0,7,美好-楊梅,2024-04-30,5262
2888,新光金,300,100,200,美好-楊梅,2024-05-02,5262
00878,國泰永續高股息,98,8,90,美好-楊梅,2024-05-02,5262
2838,聯邦銀,81,0,81,美好-楊梅,2024-05-02,5262
2515,中工,86,24,62,美好-楊梅,2024-05-02,5262
00929,復華台灣科技優息,53,2,51,美好-楊梅,2024-05-02,5262
2834,臺企銀,52,6,46,美好-楊梅,2024-05-02,5262
3481,群創,69,26,43,美好-楊梅,2024-05-02,5262
6230,尼得科超眾,48,8,40,美好-楊梅,2024-05-02,5262
2609,陽明,50,13,37,美好-楊梅,2024-05-02,5262
1712,興農,32,0,32,美好-楊梅,2024-05-02,5262
8064,東捷,30,0,30,美好-楊梅,2024-05-02,5262
00738U,期元大道瓊白銀,30,0,30,美好-楊梅,2024-05-02,5262
00669R,國泰美國道瓊反1,30,0,30,美好-楊梅,2024-05-02,5262
2103,台橡,30,0,30,美好-楊梅,2024-05-02,5262
2337,旺宏,34,7,27,美好-楊梅,2024-05-02,5262
2303,聯電,60,33,27,美好-楊梅,2024-05-02,5262
8096,擎亞,34,7,27,美好-楊梅,2024-05-02,5262
00939,統一台灣高息動能,37,10,27,美好-楊梅,2024-05-02,5262
2504,國產,26,1,25,美好-楊梅,2024-05-02,5262
5519,隆大,24,0,24,美好-楊梅,2024-05-02,5262
2611,志信,55,32,23,美好-楊梅,2024-05-02,5262
2705,六福,25,2,23,美好-楊梅,2024-05-02,5262
00940,元大台灣價值高息,26,3,23,美好-楊梅,2024-05-02,5262
00937B,群益ESG投等債20,22,0,22,美好-楊梅,2024-05-02,5262
1440,南紡,22,1,21,美好-楊梅,2024-05-02,5262
6177,達麗,52,31,21,美好-楊梅,2024-05-02,5262
0061,元大寶滬深,20,0,20,美好-楊梅,2024-05-02,5262
1434,福懋,20,0,20,美好-楊梅,2024-05-02,5262
2892,第一金,20,0,20,美好-楊梅,2024-05-02,5262
00715L,期街口布蘭特正2,19,0,19,美好-楊梅,2024-05-02,5262
2344,華邦電,18,0,18,美好-楊梅,2024-05-02,5262
2520,冠德,18,0,18,美好-楊梅,2024-05-02,5262
1806,冠軍,19,2,17,美好-楊梅,2024-05-02,5262
1605,華新,18,2,16,美好-楊梅,2024-05-02,5262
2330,台積電,16,1,15,美好-楊梅,2024-05-02,5262
3264,欣銓,15,0,15,美好-楊梅,2024-05-02,5262
5230,雷笛克光學,48,34,14,美好-楊梅,2024-05-02,5262
2363,矽統,93,80,13,美好-楊梅,2024-05-02,5262
5488,松普,12,0,12,美好-楊梅,2024-05-02,5262
6239,力成,14,2,12,美好-楊梅,2024-05-02,5262
1608,華榮,18,7,11,美好-楊梅,2024-05-02,5262
6150,撼訊,11,0,11,美好-楊梅,2024-05-02,5262
2467,志聖,10,0,10,美好-楊梅,2024-05-02,5262
2536,宏普,11,1,10,美好-楊梅,2024-05-02,5262
3357,臺慶科,10,0,10,美好-楊梅,2024-05-02,5262
5381,合正,10,0,10,美好-楊梅,2024-05-02,5262
9935,慶豐富,10,0,10,美好-楊梅,2024-05-02,5262
3042,晶技,10,0,10,美好-楊梅,2024-05-02,5262
2615,萬海,26,16,10,美好-楊梅,2024-05-02,5262
4909,新復興,13,4,9,美好-楊梅,2024-05-02,5262
00929,復華台灣科技優息,161,6,155,美好-楊梅,2024-05-03,5262
00940,元大台灣價值高息,86,2,84,美好-楊梅,2024-05-03,5262
3714,富采,62,0,62,美好-楊梅,2024-05-03,5262
3231,緯創,74,23,51,美好-楊梅,2024-05-03,5262
1316,上曜,71,28,43,美好-楊梅,2024-05-03,5262
00632R,元大台灣50反1,41,0,41,美好-楊梅,2024-05-03,5262
1710,東聯,40,0,40,美好-楊梅,2024-05-03,5262
2888,新光金,80,42,38,美好-楊梅,2024-05-03,5262
2501,國建,91,55,36,美好-楊梅,2024-05-03,5262
6120,達運,44,9,35,美好-楊梅,2024-05-03,5262
1605,華新,33,2,31,美好-楊梅,2024-05-03,5262
00930,永豐ESG低碳高息,27,0,27,美好-楊梅,2024-05-03,5262
1514,亞力,32,6,26,美好-楊梅,2024-05-03,5262
00878,國泰永續高股息,26,2,24,美好-楊梅,2024-05-03,5262
2356,英業達,26,2,24,美好-楊梅,2024-05-03,5262
6290,良維,28,5,23,美好-楊梅,2024-05-03,5262
2344,華邦電,38,18,20,美好-楊梅,2024-05-03,5262
00919,群益台灣精選高息,20,1,19,美好-楊梅,2024-05-03,5262
2609,陽明,59,40,19,美好-楊梅,2024-05-03,5262
3357,臺慶科,26,8,18,美好-楊梅,2024-05-03,5262
1609,大亞,32,15,17,美好-楊梅,2024-05-03,5262
6189,豐藝,19,3,16,美好-楊梅,2024-05-03,5262
9945,潤泰新,58,43,15,美好-楊梅,2024-05-03,5262
6139,亞翔,16,2,14,美好-楊梅,2024-05-03,5262
2537,聯上發,20,6,14,美好-楊梅,2024-05-03,5262
2816,旺旺保,19,5,14,美好-楊梅,2024-05-03,5262
2329,華泰,21,8,13,美好-楊梅,2024-05-03,5262
3232,昱捷,13,0,13,美好-楊梅,2024-05-03,5262
6412,群電,13,0,13,美好-楊梅,2024-05-03,5262
2409,友達,35,23,12,美好-楊梅,2024-05-03,5262
2606,裕民,12,0,12,美好-楊梅,2024-05-03,5262
4306,炎洲,14,2,12,美好-楊梅,2024-05-03,5262
4714,永捷,40,28,12,美好-楊梅,2024-05-03,5262
3576,聯合再生,22,11,11,美好-楊梅,2024-05-03,5262
3211,順達,10,0,10,美好-楊梅,2024-05-03,5262
00679B,元大美債20年,10,0,10,美好-楊梅,2024-05-03,5262
3287,廣寰科,12,2,10,美好-楊梅,2024-05-03,5262
2608,嘉里大榮,10,0,10,美好-楊梅,2024-05-03,5262
2614,東森,10,0,10,美好-楊梅,2024-05-03,5262
2832,台產,10,0,10,美好-楊梅,2024-05-03,5262
6190,萬泰科,10,0,10,美好-楊梅,2024-05-03,5262
3706,神達,9,0,9,美好-楊梅,2024-05-03,5262
1314,中石化,20,11,9,美好-楊梅,2024-05-03,5262
2889,國票金,10,1,9,美好-楊梅,2024-05-03,5262
2637,慧洋-KY,10,2,8,美好-楊梅,2024-05-03,5262
3163,波若威,9,1,8,美好-楊梅,2024-05-03,5262
6283,淳安,10,2,8,美好-楊梅,2024-05-03,5262
1446,宏和,8,1,7,美好-楊梅,2024-05-03,5262
8936,國統,10,3,7,美好-楊梅,2024-05-03,5262
2014,中鴻,6,0,6,美好-楊梅,2024-05-03,5262
4306,炎洲,85,0,85,美好-楊梅,2024-05-06,5262
00632R,元大台灣50反1,55,0,55,美好-楊梅,2024-05-06,5262
00929,復華台灣科技優息,56,1,55,美好-楊梅,2024-05-06,5262
6265,方土昶,52,0,52,美好-楊梅,2024-05-06,5262
00919,群益台灣精選高息,57,7,50,美好-楊梅,2024-05-06,5262
00937B,群益ESG投等債20,50,6,44,美好-楊梅,2024-05-06,5262
3555,博士旺,40,0,40,美好-楊梅,2024-05-06,5262
2323,中環,45,11,34,美好-楊梅,2024-05-06,5262
2449,京元電子,45,12,33,美好-楊梅,2024-05-06,5262
1314,中石化,47,14,33,美好-楊梅,2024-05-06,5262
2605,新興,33,1,32,美好-楊梅,2024-05-06,5262
4532,瑞智,33,3,30,美好-楊梅,2024-05-06,5262
4716,大立,30,0,30,美好-楊梅,2024-05-06,5262
2409,友達,30,1,29,美好-楊梅,2024-05-06,5262
00940,元大台灣價值高息,33,6,27,美好-楊梅,2024-05-06,5262
00679B,元大美債20年,28,1,27,美好-楊梅,2024-05-06,5262
1316,上曜,37,11,26,美好-楊梅,2024-05-06,5262
2537,聯上發,25,0,25,美好-楊梅,2024-05-06,5262
4303,信立,20,1,19,美好-楊梅,2024-05-06,5262
00936,台新永續高息中小,15,0,15,美好-楊梅,2024-05-06,5262
00878,國泰永續高股息,17,3,14,美好-楊梅,2024-05-06,5262
2641,正德,13,0,13,美好-楊梅,2024-05-06,5262
3264,欣銓,13,0,13,美好-楊梅,2024-05-06,5262
3483,力致,13,0,13,美好-楊梅,2024-05-06,5262
8070,長華*,14,1,13,美好-楊梅,2024-05-06,5262
1453,大將,14,1,13,美好-楊梅,2024-05-06,5262
1605,華新,12,0,12,美好-楊梅,2024-05-06,5262
2884,玉山金,28,17,11,美好-楊梅,2024-05-06,5262
2427,三商電,11,0,11,美好-楊梅,2024-05-06,5262
8932,智通*,11,0,11,美好-楊梅,2024-05-06,5262
00795B,中信美國公債20年,10,0,10,美好-楊梅,2024-05-06,5262
00650L,復華香港正2,10,0,10,美好-楊梅,2024-05-06,5262
1722,台肥,10,0,10,美好-楊梅,2024-05-06,5262
2406,國碩,13,3,10,美好-楊梅,2024-05-06,5262
2609,陽明,20,10,10,美好-楊梅,2024-05-06,5262
2845,遠東銀,11,1,10,美好-楊梅,2024-05-06,5262
2618,長榮航,48,38,10,美好-楊梅,2024-05-06,5262
3481,群創,33,24,9,美好-楊梅,2024-05-06,5262
6190,萬泰科,11,2,9,美好-楊梅,2024-05-06,5262
2543,皇昌,11,3,8,美好-楊梅,2024-05-06,5262
2838,聯邦銀,8,0,8,美好-楊梅,2024-05-06,5262
3231,緯創,24,16,8,美好-楊梅,2024-05-06,5262
4919,新唐,7,0,7,美好-楊梅,2024-05-06,5262
1524,耿鼎,33,26,7,美好-楊梅,2024-05-06,5262
6668,中揚光,8,1,7,美好-楊梅,2024-05-06,5262
8064,東捷,8,1,7,美好-楊梅,2024-05-06,5262
00933B,國泰10Y+金融債,6,0,6,美好-楊梅,2024-05-06,5262
2313,華通,7,1,6,美好-楊梅,2024-05-06,5262
3325,旭品,6,0,6,美好-楊梅,2024-05-06,5262
6113,亞矽,7,1,6,美好-楊梅,2024-05-06,5262
00878,國泰永續高股息,137,4,133,美好-楊梅,2024-05-07,5262
4306,炎洲,101,0,101,美好-楊梅,2024-05-07,5262
2867,三商壽,85,0,85,美好-楊梅,2024-05-07,5262
2323,中環,82,3,79,美好-楊梅,2024-05-07,5262
00937B,群益ESG投等債20,70,0,70,美好-楊梅,2024-05-07,5262
6016,康和證,60,0,60,美好-楊梅,2024-05-07,5262
2344,華邦電,67,19,48,美好-楊梅,2024-05-07,5262
3481,群創,46,0,46,美好-楊梅,2024-05-07,5262
2486,一詮,96,52,44,美好-楊梅,2024-05-07,5262
00945B,凱基美國非投等債,43,0,43,美好-楊梅,2024-05-07,5262
00933B,國泰10Y+金融債,50,14,36,美好-楊梅,2024-05-07,5262
6834,天二科技,30,0,30,美好-楊梅,2024-05-07,5262
2363,矽統,40,10,30,美好-楊梅,2024-05-07,5262
00795B,中信美國公債20年,30,0,30,美好-楊梅,2024-05-07,5262
2618,長榮航,80,52,28,美好-楊梅,2024-05-07,5262
00929,復華台灣科技優息,49,22,27,美好-楊梅,2024-05-07,5262
1612,宏泰,39,12,27,美好-楊梅,2024-05-07,5262
2371,大同,46,20,26,美好-楊梅,2024-05-07,5262
2515,中工,77,53,24,美好-楊梅,2024-05-07,5262
2892,第一金,23,0,23,美好-楊梅,2024-05-07,5262
00940,元大台灣價值高息,25,2,23,美好-楊梅,2024-05-07,5262
6257,矽格,59,36,23,美好-楊梅,2024-05-07,5262
1618,合機,36,14,22,美好-楊梅,2024-05-07,5262
00919,群益台灣精選高息,35,15,20,美好-楊梅,2024-05-07,5262
00632R,元大台灣50反1,20,0,20,美好-楊梅,2024-05-07,5262
3013,晟銘電,37,17,20,美好-楊梅,2024-05-07,5262
2317,鴻海,79,59,20,美好-楊梅,2024-05-07,5262
1316,上曜,20,1,19,美好-楊梅,2024-05-07,5262
2061,風青,23,4,19,美好-楊梅,2024-05-07,5262
4303,信立,19,1,18,美好-楊梅,2024-05-07,5262
6770,力積電,18,0,18,美好-楊梅,2024-05-07,5262
5531,鄉林,21,4,17,美好-楊梅,2024-05-07,5262
5607,遠雄港,16,0,16,美好-楊梅,2024-05-07,5262
00936,台新永續高息中小,15,0,15,美好-楊梅,2024-05-07,5262
2834,臺企銀,14,0,14,美好-楊梅,2024-05-07,5262
1304,台聚,16,3,13,美好-楊梅,2024-05-07,5262
5392,能率,13,1,12,美好-楊梅,2024-05-07,5262
1785,光洋科,12,0,12,美好-楊梅,2024-05-07,5262
3042,晶技,11,0,11,美好-楊梅,2024-05-07,5262
2241,艾姆勒,11,0,11,美好-楊梅,2024-05-07,5262
3231,緯創,18,7,11,美好-楊梅,2024-05-07,5262
6596,寬宏藝術,11,0,11,美好-楊梅,2024-05-07,5262
1609,大亞,46,36,10,美好-楊梅,2024-05-07,5262
1313,聯成,11,1,10,美好-楊梅,2024-05-07,5262
1467,南緯,10,0,10,美好-楊梅,2024-05-07,5262
1504,東元,10,0,10,美好-楊梅,2024-05-07,5262
2022,聚亨,10,0,10,美好-楊梅,2024-05-07,5262
2467,志聖,11,1,10,美好-楊梅,2024-05-07,5262
2537,聯上發,17,7,10,美好-楊梅,2024-05-07,5262
2630,亞航,14,4,10,美好-楊梅,2024-05-07,5262
3024,憶聲,177,5,172,美好-楊梅,2024-05-08,5262
00937B,群益ESG投等債20,71,3,68,美好-楊梅,2024-05-08,5262
00941,中信上游半導體,76,13,63,美好-楊梅,2024-05-08,5262
00637L,元大滬深300正2,60,0,60,美好-楊梅,2024-05-08,5262
2603,長榮,41,3,38,美好-楊梅,2024-05-08,5262
00932,兆豐永續高息等權,36,0,36,美好-楊梅,2024-05-08,5262
2317,鴻海,51,19,32,美好-楊梅,2024-05-08,5262
2328,廣宇,32,0,32,美好-楊梅,2024-05-08,5262
6834,天二科技,30,0,30,美好-楊梅,2024-05-08,5262
00940,元大台灣價值高息,38,13,25,美好-楊梅,2024-05-08,5262
9945,潤泰新,23,0,23,美好-楊梅,2024-05-08,5262
00715L,期街口布蘭特正2,20,0,20,美好-楊梅,2024-05-08,5262
1710,東聯,20,0,20,美好-楊梅,2024-05-08,5262
5469,瀚宇博,20,0,20,美好-楊梅,2024-05-08,5262
8088,品安,20,0,20,美好-楊梅,2024-05-08,5262
2002,中鋼,24,5,19,美好-楊梅,2024-05-08,5262
6188,廣明,26,7,19,美好-楊梅,2024-05-08,5262
2501,國建,34,16,18,美好-楊梅,2024-05-08,5262
2606,裕民,65,48,17,美好-楊梅,2024-05-08,5262
3033,威健,27,10,17,美好-楊梅,2024-05-08,5262
2376,技嘉,28,11,17,美好-楊梅,2024-05-08,5262
00878,國泰永續高股息,35,20,15,美好-楊梅,2024-05-08,5262
2611,志信,26,11,15,美好-楊梅,2024-05-08,5262
2845,遠東銀,15,0,15,美好-楊梅,2024-05-08,5262
2637,慧洋-KY,15,0,15,美好-楊梅,2024-05-08,5262
5871,中租-KY,15,2,13,美好-楊梅,2024-05-08,5262
2204,中華,13,0,13,美好-楊梅,2024-05-08,5262
0056,元大高股息,14,2,12,美好-楊梅,2024-05-08,5262
4714,永捷,12,0,12,美好-楊梅,2024-05-08,5262
5608,四維航,12,0,12,美好-楊梅,2024-05-08,5262
2605,新興,22,10,12,美好-楊梅,2024-05-08,5262
1529,樂事綠能,12,1,11,美好-楊梅,2024-05-08,5262
8059,凱碩,11,0,11,美好-楊梅,2024-05-08,5262
1570,力肯,11,0,11,美好-楊梅,2024-05-08,5262
8932,智通*,11,0,11,美好-楊梅,2024-05-08,5262
00919,群益台灣精選高息,10,0,10,美好-楊梅,2024-05-08,5262
00632R,元大台灣50反1,10,0,10,美好-楊梅,2024-05-08,5262
1304,台聚,10,0,10,美好-楊梅,2024-05-08,5262
2009,第一銅,11,1,10,美好-楊梅,2024-05-08,5262
2505,國揚,10,0,10,美好-楊梅,2024-05-08,5262
2832,台產,10,0,10,美好-楊梅,2024-05-08,5262
2881,富邦金,10,0,10,美好-楊梅,2024-05-08,5262
5388,中磊,10,0,10,美好-楊梅,2024-05-08,5262
5498,凱崴,10,0,10,美好-楊梅,2024-05-08,5262
6235,華孚,11,1,10,美好-楊梅,2024-05-08,5262
3032,偉訓,10,0,10,美好-楊梅,2024-05-08,5262
1616,億泰,9,0,9,美好-楊梅,2024-05-08,5262
2353,宏��,10,1,9,美好-楊梅,2024-05-08,5262
4303,信立,11,2,9,美好-楊梅,2024-05-08,5262
4971,IET-KY,9,0,9,美好-楊梅,2024-05-08,5262
00878,國泰永續高股息,121,3,118,美好-楊梅,2024-05-09,5262
1314,中石化,107,5,102,美好-楊梅,2024-05-09,5262
2618,長榮航,106,36,70,美好-楊梅,2024-05-09,5262
3024,憶聲,62,4,58,美好-楊梅,2024-05-09,5262
1605,華新,58,2,56,美好-楊梅,2024-05-09,5262
00946,群益科技高息成長,55,0,55,美好-楊梅,2024-05-09,5262
00937B,群益ESG投等債20,59,10,49,美好-楊梅,2024-05-09,5262
2371,大同,92,47,45,美好-楊梅,2024-05-09,5262
00932,兆豐永續高息等權,42,0,42,美好-楊梅,2024-05-09,5262
2363,矽統,66,29,37,美好-楊梅,2024-05-09,5262
2542,興富發,50,15,35,美好-楊梅,2024-05-09,5262
2845,遠東銀,35,1,34,美好-楊梅,2024-05-09,5262
2504,國產,34,1,33,美好-楊梅,2024-05-09,5262
6005,群益證,32,0,32,美好-楊梅,2024-05-09,5262
5519,隆大,34,3,31,美好-楊梅,2024-05-09,5262
2641,正德,35,5,30,美好-楊梅,2024-05-09,5262
4558,寶緯,30,0,30,美好-楊梅,2024-05-09,5262
8112,至上,32,4,28,美好-楊梅,2024-05-09,5262
3231,緯創,35,9,26,美好-楊梅,2024-05-09,5262
2897,王道銀行,23,0,23,美好-楊梅,2024-05-09,5262
1618,合機,25,4,21,美好-楊梅,2024-05-09,5262
1609,大亞,32,11,21,美好-楊梅,2024-05-09,5262
1301,台塑,20,0,20,美好-楊梅,2024-05-09,5262
00650L,復華香港正2,20,0,20,美好-楊梅,2024-05-09,5262
00637L,元大滬深300正2,30,10,20,美好-楊梅,2024-05-09,5262
00632R,元大台灣50反1,20,0,20,美好-楊梅,2024-05-09,5262
1442,名軒,20,0,20,美好-楊梅,2024-05-09,5262
1515,力山,21,1,20,美好-楊梅,2024-05-09,5262
2611,志信,22,2,20,美好-楊梅,2024-05-09,5262
2614,東森,20,0,20,美好-楊梅,2024-05-09,5262
3050,鈺德,20,0,20,美好-楊梅,2024-05-09,5262
3672,康聯訊,22,2,20,美好-楊梅,2024-05-09,5262
2344,華邦電,19,2,17,美好-楊梅,2024-05-09,5262
5871,中租-KY,16,0,16,美好-楊梅,2024-05-09,5262
3047,訊舟,17,2,15,美好-楊梅,2024-05-09,5262
2303,聯電,17,3,14,美好-楊梅,2024-05-09,5262
6668,中揚光,13,0,13,美好-楊梅,2024-05-09,5262
9945,潤泰新,13,0,13,美好-楊梅,2024-05-09,5262
2449,京元電子,14,2,12,美好-楊梅,2024-05-09,5262
2408,南亞科,39,27,12,美好-楊梅,2024-05-09,5262
2450,神腦,12,0,12,美好-楊梅,2024-05-09,5262
4167,松瑞藥,12,0,12,美好-楊梅,2024-05-09,5262
2204,中華,18,7,11,美好-楊梅,2024-05-09,5262
2359,所羅門,30,19,11,美好-楊梅,2024-05-09,5262
4562,穎漢,11,0,11,美好-楊梅,2024-05-09,5262
2812,台中銀,18,7,11,美好-楊梅,2024-05-09,5262
3689,湧德,23,13,10,美好-楊梅,2024-05-09,5262
1615,大山,11,1,10,美好-楊梅,2024-05-09,5262
00940,元大台灣價值高息,42,32,10,美好-楊梅,2024-05-09,5262
1342,八貫,10,0,10,美好-楊梅,2024-05-09,5262
00891,中信關鍵半導體,201,0,201,美好-楊梅,2024-05-10,5262
00929,復華台灣科技優息,215,21,194,美好-楊梅,2024-05-10,5262
00882,中信中國高股息,102,25,77,美好-楊梅,2024-05-10,5262
00937B,群益ESG投等債20,63,5,58,美好-楊梅,2024-05-10,5262
00671R,富邦NASDAQ反1,50,0,50,美好-楊梅,2024-05-10,5262
3052,夆典,40,0,40,美好-楊梅,2024-05-10,5262
2317,鴻海,46,8,38,美好-楊梅,2024-05-10,5262
2241,艾姆勒,39,4,35,美好-楊梅,2024-05-10,5262
6005,群益證,35,1,34,美好-楊梅,2024-05-10,5262
2313,華通,51,19,32,美好-楊梅,2024-05-10,5262
00936,台新永續高息中小,31,0,31,美好-楊梅,2024-05-10,5262
00687B,國泰20年美債,31,0,31,美好-楊梅,2024-05-10,5262
3030,德律,34,4,30,美好-楊梅,2024-05-10,5262
2363,矽統,29,4,25,美好-楊梅,2024-05-10,5262
00725B,國泰投資級公司債,21,0,21,美好-楊梅,2024-05-10,5262
00665L,富邦�琤肭磪囓�2,20,0,20,美好-楊梅,2024-05-10,5262
3356,奇偶,33,13,20,美好-楊梅,2024-05-10,5262
2704,國賓,20,1,19,美好-楊梅,2024-05-10,5262
5443,均豪,21,2,19,美好-楊梅,2024-05-10,5262
2388,威盛,19,1,18,美好-楊梅,2024-05-10,5262
00946,群益科技高息成長,19,2,17,美好-楊梅,2024-05-10,5262
3706,神達,36,20,16,美好-楊梅,2024-05-10,5262
8112,至上,32,17,15,美好-楊梅,2024-05-10,5262
00944,野村趨勢動能高息,15,0,15,美好-楊梅,2024-05-10,5262
2801,彰銀,20,5,15,美好-楊梅,2024-05-10,5262
2368,金像電,13,1,12,美好-楊梅,2024-05-10,5262
1714,和桐,11,0,11,美好-楊梅,2024-05-10,5262
2542,興富發,21,10,11,美好-楊梅,2024-05-10,5262
2486,一詮,11,0,11,美好-楊梅,2024-05-10,5262
00945B,凱基美國非投等債,10,0,10,美好-楊梅,2024-05-10,5262
00632R,元大台灣50反1,10,0,10,美好-楊梅,2024-05-10,5262
1314,中石化,11,1,10,美好-楊梅,2024-05-10,5262
1442,名軒,10,0,10,美好-楊梅,2024-05-10,5262
1789,神隆,10,0,10,美好-楊梅,2024-05-10,5262
2303,聯電,27,17,10,美好-楊梅,2024-05-10,5262
6239,力成,11,1,10,美好-楊梅,2024-05-10,5262
6770,力積電,12,2,10,美好-楊梅,2024-05-10,5262
1514,亞力,13,4,9,美好-楊梅,2024-05-10,5262
2204,中華,10,1,9,美好-楊梅,2024-05-10,5262
2371,大同,22,13,9,美好-楊梅,2024-05-10,5262
2504,國產,10,1,9,美好-楊梅,2024-05-10,5262
4711,永純,9,0,9,美好-楊梅,2024-05-10,5262
3689,湧德,24,15,9,美好-楊梅,2024-05-10,5262
6235,華孚,15,7,8,美好-楊梅,2024-05-10,5262
6285,啟��,8,0,8,美好-楊梅,2024-05-10,5262
1513,中興電,14,6,8,美好-楊梅,2024-05-10,5262
2323,中環,10,2,8,美好-楊梅,2024-05-10,5262
2514,龍邦,8,0,8,美好-楊梅,2024-05-10,5262
4916,事欣科,7,0,7,美好-楊梅,2024-05-10,5262
2382,廣達,19,12,7,美好-楊梅,2024-05-10,5262
2888,新光金,121,0,121,美好-楊梅,2024-05-13,5262
00632R,元大台灣50反1,130,10,120,美好-楊梅,2024-05-13,5262
00929,復華台灣科技優息,89,0,89,美好-楊梅,2024-05-13,5262
2610,華航,152,96,56,美好-楊梅,2024-05-13,5262
00940,元大台灣價值高息,80,37,43,美好-楊梅,2024-05-13,5262
00919,群益台灣精選高息,55,15,40,美好-楊梅,2024-05-13,5262
2618,長榮航,278,238,40,美好-楊梅,2024-05-13,5262
00679B,元大美債20年,43,4,39,美好-楊梅,2024-05-13,5262
3231,緯創,92,58,34,美好-楊梅,2024-05-13,5262
2905,三商,36,3,33,美好-楊梅,2024-05-13,5262
00650L,復華香港正2,30,0,30,美好-楊梅,2024-05-13,5262
5905,南仁湖,30,0,30,美好-楊梅,2024-05-13,5262
00720B,元大投資級公司債,33,4,29,美好-楊梅,2024-05-13,5262
1513,中興電,55,28,27,美好-楊梅,2024-05-13,5262
6188,廣明,26,0,26,美好-楊梅,2024-05-13,5262
00878,國泰永續高股息,28,3,25,美好-楊梅,2024-05-13,5262
2891,中信金,26,1,25,美好-楊梅,2024-05-13,5262
2489,瑞軒,23,0,23,美好-楊梅,2024-05-13,5262
2812,台中銀,23,0,23,美好-楊梅,2024-05-13,5262
3260,威剛,25,3,22,美好-楊梅,2024-05-13,5262
3686,達能,22,0,22,美好-楊梅,2024-05-13,5262
4903,聯光通,22,0,22,美好-楊梅,2024-05-13,5262
00725B,國泰投資級公司債,20,0,20,美好-楊梅,2024-05-13,5262
3050,鈺德,20,0,20,美好-楊梅,2024-05-13,5262
5531,鄉林,32,12,20,美好-楊梅,2024-05-13,5262
2889,國票金,19,0,19,美好-楊梅,2024-05-13,5262
00751B,元大AAA至A公司債,17,0,17,美好-楊梅,2024-05-13,5262
2449,京元電子,19,2,17,美好-楊梅,2024-05-13,5262
4960,誠美材,14,0,14,美好-楊梅,2024-05-13,5262
2406,國碩,29,16,13,美好-楊梅,2024-05-13,5262
2542,興富發,30,17,13,美好-楊梅,2024-05-13,5262
00932,兆豐永續高息等權,47,35,12,美好-楊梅,2024-05-13,5262
2520,冠德,13,1,12,美好-楊梅,2024-05-13,5262
3303,岱稜,12,0,12,美好-楊梅,2024-05-13,5262
2344,華邦電,39,28,11,美好-楊梅,2024-05-13,5262
2356,英業達,74,63,11,美好-楊梅,2024-05-13,5262
2402,毅嘉,13,2,11,美好-楊梅,2024-05-13,5262
2606,裕民,109,98,11,美好-楊梅,2024-05-13,5262
1616,億泰,11,0,11,美好-楊梅,2024-05-13,5262
2636,台驊控股,17,7,10,美好-楊梅,2024-05-13,5262
00772B,中信高評級公司債,10,0,10,美好-楊梅,2024-05-13,5262
00637L,元大滬深300正2,60,50,10,美好-楊梅,2024-05-13,5262
1446,宏和,10,0,10,美好-楊梅,2024-05-13,5262
1815,富喬,12,2,10,美好-楊梅,2024-05-13,5262
1909,榮成,10,0,10,美好-楊梅,2024-05-13,5262
4995,晶達,10,0,10,美好-楊梅,2024-05-13,5262
00944,野村趨勢動能高息,10,0,10,美好-楊梅,2024-05-13,5262
1503,士電,15,6,9,美好-楊梅,2024-05-13,5262
2317,鴻海,27,18,9,美好-楊梅,2024-05-13,5262
1229,聯華,9,0,9,美好-楊梅,2024-05-13,5262
00933B,國泰10Y+金融債,76,0,76,美好-楊梅,2024-05-14,5262
00632R,元大台灣50反1,70,11,59,美好-楊梅,2024-05-14,5262
00937B,群益ESG投等債20,65,6,59,美好-楊梅,2024-05-14,5262
2405,輔信,70,12,58,美好-楊梅,2024-05-14,5262
00679B,元大美債20年,49,0,49,美好-楊梅,2024-05-14,5262
1785,光洋科,50,1,49,美好-楊梅,2024-05-14,5262
00929,復華台灣科技優息,45,6,39,美好-楊梅,2024-05-14,5262
2889,國票金,41,2,39,美好-楊梅,2024-05-14,5262
00878,國泰永續高股息,45,11,34,美好-楊梅,2024-05-14,5262
00665L,富邦�琤肭磪囓�2,43,10,33,美好-楊梅,2024-05-14,5262
3052,夆典,30,0,30,美好-楊梅,2024-05-14,5262
00939,統一台灣高息動能,30,2,28,美好-楊梅,2024-05-14,5262
2888,新光金,51,23,28,美好-楊梅,2024-05-14,5262
3059,華晶科,25,0,25,美好-楊梅,2024-05-14,5262
00940,元大台灣價值高息,72,51,21,美好-楊梅,2024-05-14,5262
2501,國建,25,4,21,美好-楊梅,2024-05-14,5262
2615,萬海,260,240,20,美好-楊梅,2024-05-14,5262
00650L,復華香港正2,20,0,20,美好-楊梅,2024-05-14,5262
00738U,期元大道瓊白銀,20,0,20,美好-楊梅,2024-05-14,5262
2427,三商電,23,3,20,美好-楊梅,2024-05-14,5262
2449,京元電子,22,2,20,美好-楊梅,2024-05-14,5262
5392,能率,24,5,19,美好-楊梅,2024-05-14,5262
3338,泰碩,17,0,17,美好-楊梅,2024-05-14,5262
1524,耿鼎,22,5,17,美好-楊梅,2024-05-14,5262
2355,敬鵬,23,8,15,美好-楊梅,2024-05-14,5262
2884,玉山金,15,0,15,美好-楊梅,2024-05-14,5262
5251,天鉞電,15,0,15,美好-楊梅,2024-05-14,5262
2208,台船,15,1,14,美好-楊梅,2024-05-14,5262
00882,中信中國高股息,13,0,13,美好-楊梅,2024-05-14,5262
2489,瑞軒,13,0,13,美好-楊梅,2024-05-14,5262
5531,鄉林,13,0,13,美好-楊梅,2024-05-14,5262
1504,東元,13,1,12,美好-楊梅,2024-05-14,5262
2809,京城銀,12,0,12,美好-楊梅,2024-05-14,5262
1515,力山,12,1,11,美好-楊梅,2024-05-14,5262
2303,聯電,17,6,11,美好-楊梅,2024-05-14,5262
00733,富邦臺灣中小,10,0,10,美好-楊梅,2024-05-14,5262
00942B,台新美A公司債20+,10,0,10,美好-楊梅,2024-05-14,5262
00637L,元大滬深300正2,50,40,10,美好-楊梅,2024-05-14,5262
1104,環泥,10,0,10,美好-楊梅,2024-05-14,5262
5450,南良,10,0,10,美好-楊梅,2024-05-14,5262
6156,松上,10,0,10,美好-楊梅,2024-05-14,5262
6788,華景電,10,0,10,美好-楊梅,2024-05-14,5262
1101,台泥,12,2,10,美好-楊梅,2024-05-14,5262
2882,國泰金,78,68,10,美好-楊梅,2024-05-14,5262
2204,中華,9,0,9,美好-楊梅,2024-05-14,5262
2362,藍天,20,11,9,美好-楊梅,2024-05-14,5262
2520,冠德,9,0,9,美好-楊梅,2024-05-14,5262
2542,興富發,29,20,9,美好-楊梅,2024-05-14,5262
1513,中興電,12,4,8,美好-楊梅,2024-05-14,5262
00703,台新MSCI中國,8,0,8,美好-楊梅,2024-05-14,5262
00665L,富邦�琤肭磪囓�2,169,0,169,美好-楊梅,2024-05-15,5262
00937B,群益ESG投等債20,133,6,127,美好-楊梅,2024-05-15,5262
2542,興富發,146,21,125,美好-楊梅,2024-05-15,5262
00929,復華台灣科技優息,142,30,112,美好-楊梅,2024-05-15,5262
00940,元大台灣價值高息,89,30,59,美好-楊梅,2024-05-15,5262
1310,台苯,56,0,56,美好-楊梅,2024-05-15,5262
2356,英業達,118,66,52,美好-楊梅,2024-05-15,5262
00632R,元大台灣50反1,150,100,50,美好-楊梅,2024-05-15,5262
2630,亞航,66,18,48,美好-楊梅,2024-05-15,5262
2883,凱基金,65,18,47,美好-楊梅,2024-05-15,5262
2603,長榮,38,5,33,美好-楊梅,2024-05-15,5262
2406,國碩,39,9,30,美好-楊梅,2024-05-15,5262
2618,長榮航,45,21,24,美好-楊梅,2024-05-15,5262
2374,佳能,30,6,24,美好-楊梅,2024-05-15,5262
2206,三陽工業,26,3,23,美好-楊梅,2024-05-15,5262
2317,鴻海,64,42,22,美好-楊梅,2024-05-15,5262
00919,群益台灣精選高息,22,0,22,美好-楊梅,2024-05-15,5262
3047,訊舟,39,19,20,美好-楊梅,2024-05-15,5262
3052,夆典,20,0,20,美好-楊梅,2024-05-15,5262
2913,農林,21,2,19,美好-楊梅,2024-05-15,5262
2323,中環,46,31,15,美好-楊梅,2024-05-15,5262
2905,三商,15,0,15,美好-楊梅,2024-05-15,5262
00687B,國泰20年美債,14,0,14,美好-楊梅,2024-05-15,5262
2101,南港,23,9,14,美好-楊梅,2024-05-15,5262
8071,能率網通,16,2,14,美好-楊梅,2024-05-15,5262
6257,矽格,14,0,14,美好-楊梅,2024-05-15,5262
1312,國喬,19,6,13,美好-楊梅,2024-05-15,5262
2607,榮運,13,0,13,美好-楊梅,2024-05-15,5262
6005,群益證,16,4,12,美好-楊梅,2024-05-15,5262
006208,富邦台50,12,1,11,美好-楊梅,2024-05-15,5262
2332,友訊,11,0,11,美好-楊梅,2024-05-15,5262
1609,大亞,26,15,11,美好-楊梅,2024-05-15,5262
2887,台新金,10,0,10,美好-楊梅,2024-05-15,5262
00674R,期元大S＆P黃金反1,10,0,10,美好-楊梅,2024-05-15,5262
1449,佳和,10,0,10,美好-楊梅,2024-05-15,5262
2402,毅嘉,10,0,10,美好-楊梅,2024-05-15,5262
1608,華榮,17,8,9,美好-楊梅,2024-05-15,5262
1727,中華化,9,0,9,美好-楊梅,2024-05-15,5262
4973,廣穎,9,0,9,美好-楊梅,2024-05-15,5262
00933B,國泰10Y+金融債,36,28,8,美好-楊梅,2024-05-15,5262
1301,台塑,11,3,8,美好-楊梅,2024-05-15,5262
4303,信立,8,0,8,美好-楊梅,2024-05-15,5262
5356,協益,8,0,8,美好-楊梅,2024-05-15,5262
6215,和椿,26,18,8,美好-楊梅,2024-05-15,5262
6770,力積電,34,26,8,美好-楊梅,2024-05-15,5262
00942B,台新美A公司債20+,7,0,7,美好-楊梅,2024-05-15,5262
1722,台肥,7,0,7,美好-楊梅,2024-05-15,5262
6125,廣運,9,2,7,美好-楊梅,2024-05-15,5262
1220,台榮,6,0,6,美好-楊梅,2024-05-15,5262
1522,堤維西,17,11,6,美好-楊梅,2024-05-15,5262
00930,永豐ESG低碳高息,173,0,173,美好-楊梅,2024-05-16,5262
2303,聯電,105,15,90,美好-楊梅,2024-05-16,5262
5519,隆大,66,3,63,美好-楊梅,2024-05-16,5262
2897,王道銀行,60,0,60,美好-楊梅,2024-05-16,5262
00940,元大台灣價值高息,66,8,58,美好-楊梅,2024-05-16,5262
00931B,統一美債20年,50,0,50,美好-楊梅,2024-05-16,5262
00929,復華台灣科技優息,60,22,38,美好-楊梅,2024-05-16,5262
2329,華泰,59,28,31,美好-楊梅,2024-05-16,5262
5522,遠雄,33,2,31,美好-楊梅,2024-05-16,5262
3052,夆典,30,0,30,美好-楊梅,2024-05-16,5262
00937B,群益ESG投等債20,92,63,29,美好-楊梅,2024-05-16,5262
2208,台船,30,3,27,美好-楊梅,2024-05-16,5262
2352,佳世達,21,0,21,美好-楊梅,2024-05-16,5262
9945,潤泰新,41,22,19,美好-楊梅,2024-05-16,5262
2301,光寶科,21,2,19,美好-楊梅,2024-05-16,5262
6227,茂綸,21,2,19,美好-楊梅,2024-05-16,5262
8096,擎亞,40,21,19,美好-楊梅,2024-05-16,5262
3231,緯創,45,28,17,美好-楊梅,2024-05-16,5262
2331,精英,22,6,16,美好-楊梅,2024-05-16,5262
2614,東森,15,0,15,美好-楊梅,2024-05-16,5262
00679B,元大美債20年,15,0,15,美好-楊梅,2024-05-16,5262
2009,第一銅,24,9,15,美好-楊梅,2024-05-16,5262
9105,泰金寶-DR,21,6,15,美好-楊梅,2024-05-16,5262
1313,聯成,14,0,14,美好-楊梅,2024-05-16,5262
2204,中華,14,1,13,美好-楊梅,2024-05-16,5262
1605,華新,15,2,13,美好-楊梅,2024-05-16,5262
1618,合機,30,17,13,美好-楊梅,2024-05-16,5262
9919,康那香,13,0,13,美好-楊梅,2024-05-16,5262
5351,鈺創,16,4,12,美好-楊梅,2024-05-16,5262
2359,所羅門,55,44,11,美好-楊梅,2024-05-16,5262
1514,亞力,19,8,11,美好-楊梅,2024-05-16,5262
2408,南亞科,12,1,11,美好-楊梅,2024-05-16,5262
4303,信立,11,0,11,美好-楊梅,2024-05-16,5262
3706,神達,42,31,11,美好-楊梅,2024-05-16,5262
8454,富邦媒,11,0,11,美好-楊梅,2024-05-16,5262
2382,廣達,55,44,11,美好-楊梅,2024-05-16,5262
8358,金居,25,15,10,美好-楊梅,2024-05-16,5262
2101,南港,17,7,10,美好-楊梅,2024-05-16,5262
00895,富邦未來車,10,0,10,美好-楊梅,2024-05-16,5262
00632R,元大台灣50反1,10,0,10,美好-楊梅,2024-05-16,5262
00674R,期元大S＆P黃金反1,10,0,10,美好-楊梅,2024-05-16,5262
2405,輔信,13,3,10,美好-楊梅,2024-05-16,5262
3268,海德威,10,0,10,美好-楊梅,2024-05-16,5262
3390,旭軟,13,3,10,美好-楊梅,2024-05-16,5262
5328,華容,10,0,10,美好-楊梅,2024-05-16,5262
2609,陽明,145,135,10,美好-楊梅,2024-05-16,5262
2449,京元電子,15,6,9,美好-楊梅,2024-05-16,5262
3490,單井,10,1,9,美好-楊梅,2024-05-16,5262
5392,能率,40,31,9,美好-楊梅,2024-05-16,5262
5475,德宏,9,0,9,美好-楊梅,2024-05-16,5262
00929,復華台灣科技優息,153,27,126,美好-楊梅,2024-05-17,5262
00940,元大台灣價值高息,149,39,110,美好-楊梅,2024-05-17,5262
2206,三陽工業,103,8,95,美好-楊梅,2024-05-17,5262
00878,國泰永續高股息,66,5,61,美好-楊梅,2024-05-17,5262
2349,錸德,54,10,44,美好-楊梅,2024-05-17,5262
3024,憶聲,37,5,32,美好-楊梅,2024-05-17,5262
00772B,中信高評級公司債,30,0,30,美好-楊梅,2024-05-17,5262
3052,夆典,30,0,30,美好-楊梅,2024-05-17,5262
2356,英業達,41,13,28,美好-楊梅,2024-05-17,5262
4545,銘鈺,28,0,28,美好-楊梅,2024-05-17,5262
00919,群益台灣精選高息,23,0,23,美好-楊梅,2024-05-17,5262
2489,瑞軒,45,23,22,美好-楊梅,2024-05-17,5262
6156,松上,22,0,22,美好-楊梅,2024-05-17,5262
00918,大華優利高填息30,21,0,21,美好-楊梅,2024-05-17,5262
00650L,復華香港正2,20,0,20,美好-楊梅,2024-05-17,5262
00666R,富邦�琤肭磪齯�1,20,0,20,美好-楊梅,2024-05-17,5262
2337,旺宏,20,0,20,美好-楊梅,2024-05-17,5262
2374,佳能,50,31,19,美好-楊梅,2024-05-17,5262
8064,東捷,30,11,19,美好-楊梅,2024-05-17,5262
2637,慧洋-KY,16,0,16,美好-楊梅,2024-05-17,5262
3060,銘異,20,4,16,美好-楊梅,2024-05-17,5262
3390,旭軟,16,0,16,美好-楊梅,2024-05-17,5262
00946,群益科技高息成長,16,0,16,美好-楊梅,2024-05-17,5262
1618,合機,21,6,15,美好-楊梅,2024-05-17,5262
9945,潤泰新,24,9,15,美好-楊梅,2024-05-17,5262
2371,大同,19,5,14,美好-楊梅,2024-05-17,5262
2329,華泰,18,4,14,美好-楊梅,2024-05-17,5262
2408,南亞科,13,0,13,美好-楊梅,2024-05-17,5262
2317,鴻海,21,9,12,美好-楊梅,2024-05-17,5262
5475,德宏,11,0,11,美好-楊梅,2024-05-17,5262
2362,藍天,17,7,10,美好-楊梅,2024-05-17,5262
00692,富邦公司治理,10,0,10,美好-楊梅,2024-05-17,5262
00651R,復華香港反1,10,0,10,美好-楊梅,2024-05-17,5262
1304,台聚,10,0,10,美好-楊梅,2024-05-17,5262
2606,裕民,10,0,10,美好-楊梅,2024-05-17,5262
2892,第一金,10,0,10,美好-楊梅,2024-05-17,5262
3005,神基,11,1,10,美好-楊梅,2024-05-17,5262
5521,工信,10,0,10,美好-楊梅,2024-05-17,5262
6133,金橋,10,0,10,美好-楊梅,2024-05-17,5262
6152,百一,10,0,10,美好-楊梅,2024-05-17,5262
8038,長園科,10,0,10,美好-楊梅,2024-05-17,5262
8403,盛弘,10,0,10,美好-楊梅,2024-05-17,5262
2014,中鴻,10,0,10,美好-楊梅,2024-05-17,5262
2514,龍邦,15,6,9,美好-楊梅,2024-05-17,5262
3058,立德,10,1,9,美好-楊梅,2024-05-17,5262
5009,榮剛,11,2,9,美好-楊梅,2024-05-17,5262
6116,彩晶,10,1,9,美好-楊梅,2024-05-17,5262
3308,聯德,8,0,8,美好-楊梅,2024-05-17,5262
5011,久陽,8,0,8,美好-楊梅,2024-05-17,5262
5230,雷笛克光學,11,3,8,美好-楊梅,2024-05-17,5262
00929,復華台灣科技優息,153,6,147,美好-楊梅,2024-05-20,5262
00940,元大台灣價值高息,126,54,72,美好-楊梅,2024-05-20,5262
2892,第一金,60,2,58,美好-楊梅,2024-05-20,5262
2867,三商壽,130,75,55,美好-楊梅,2024-05-20,5262
2618,長榮航,91,39,52,美好-楊梅,2024-05-20,5262
2401,凌陽,52,1,51,美好-楊梅,2024-05-20,5262
00882,中信中國高股息,63,13,50,美好-楊梅,2024-05-20,5262
00937B,群益ESG投等債20,48,1,47,美好-楊梅,2024-05-20,5262
2355,敬鵬,47,5,42,美好-楊梅,2024-05-20,5262
2390,云辰,42,0,42,美好-楊梅,2024-05-20,5262
00731,復華富時高息低波,31,0,31,美好-楊梅,2024-05-20,5262
8093,保銳,30,1,29,美好-楊梅,2024-05-20,5262
2374,佳能,112,85,27,美好-楊梅,2024-05-20,5262
2489,瑞軒,53,28,25,美好-楊梅,2024-05-20,5262
6770,力積電,26,1,25,美好-楊梅,2024-05-20,5262
2356,英業達,36,11,25,美好-楊梅,2024-05-20,5262
2610,華航,55,32,23,美好-楊梅,2024-05-20,5262
2501,國建,26,4,22,美好-楊梅,2024-05-20,5262
4157,太景*-KY,20,0,20,美好-楊梅,2024-05-20,5262
3030,德律,23,3,20,美好-楊梅,2024-05-20,5262
3013,晟銘電,28,9,19,美好-楊梅,2024-05-20,5262
8071,能率網通,34,16,18,美好-楊梅,2024-05-20,5262
6248,沛波,18,0,18,美好-楊梅,2024-05-20,5262
4533,協易機,36,18,18,美好-楊梅,2024-05-20,5262
2025,千興,21,4,17,美好-楊梅,2024-05-20,5262
2317,鴻海,22,7,15,美好-楊梅,2024-05-20,5262
00679B,元大美債20年,15,0,15,美好-楊梅,2024-05-20,5262
5392,能率,53,38,15,美好-楊梅,2024-05-20,5262
00676R,富邦臺灣加權反1,16,1,15,美好-楊梅,2024-05-20,5262
00943,兆豐電子高息等權,15,0,15,美好-楊梅,2024-05-20,5262
3227,原相,15,0,15,美好-楊梅,2024-05-20,5262
2323,中環,20,6,14,美好-楊梅,2024-05-20,5262
1515,力山,12,0,12,美好-楊梅,2024-05-20,5262
00915,凱基優選高股息30,11,0,11,美好-楊梅,2024-05-20,5262
2406,國碩,15,4,11,美好-楊梅,2024-05-20,5262
2409,友達,11,0,11,美好-楊梅,2024-05-20,5262
2515,中工,46,35,11,美好-楊梅,2024-05-20,5262
3689,湧德,12,1,11,美好-楊梅,2024-05-20,5262
2204,中華,12,1,11,美好-楊梅,2024-05-20,5262
2330,台積電,13,3,10,美好-楊梅,2024-05-20,5262
2211,長榮鋼,10,0,10,美好-楊梅,2024-05-20,5262
00772B,中信高評級公司債,10,0,10,美好-楊梅,2024-05-20,5262
00674R,期元大S＆P黃金反1,10,0,10,美好-楊梅,2024-05-20,5262
1517,利奇,10,0,10,美好-楊梅,2024-05-20,5262
2022,聚亨,10,0,10,美好-楊梅,2024-05-20,5262
2756,聯發國際,10,0,10,美好-楊梅,2024-05-20,5262
4763,材料-KY,10,0,10,美好-楊梅,2024-05-20,5262
6005,群益證,11,1,10,美好-楊梅,2024-05-20,5262
9905,大華,10,0,10,美好-楊梅,2024-05-20,5262
00687B,國泰20年美債,9,0,9,美好-楊梅,2024-05-20,5262
1802,台玻,200,0,200,美好-楊梅,2024-05-21,5262
2888,新光金,121,0,121,美好-楊梅,2024-05-21,5262
2867,三商壽,107,11,96,美好-楊梅,2024-05-21,5262
3030,德律,92,0,92,美好-楊梅,2024-05-21,5262
00929,復華台灣科技優息,101,13,88,美好-楊梅,2024-05-21,5262
2354,鴻準,139,63,76,美好-楊梅,2024-05-21,5262
00878,國泰永續高股息,54,8,46,美好-楊梅,2024-05-21,5262
00940,元大台灣價值高息,46,7,39,美好-楊梅,2024-05-21,5262
2618,長榮航,74,41,33,美好-楊梅,2024-05-21,5262
4716,大立,32,0,32,美好-楊梅,2024-05-21,5262
2317,鴻海,51,20,31,美好-楊梅,2024-05-21,5262
1301,台塑,31,0,31,美好-楊梅,2024-05-21,5262
2402,毅嘉,30,2,28,美好-楊梅,2024-05-21,5262
2241,艾姆勒,30,3,27,美好-楊梅,2024-05-21,5262
8936,國統,27,0,27,美好-楊梅,2024-05-21,5262
2353,宏��,34,8,26,美好-楊梅,2024-05-21,5262
6770,力積電,31,7,24,美好-楊梅,2024-05-21,5262
1504,東元,25,2,23,美好-楊梅,2024-05-21,5262
3703,欣陸,23,0,23,美好-楊梅,2024-05-21,5262
2363,矽統,36,14,22,美好-楊梅,2024-05-21,5262
00918,大華優利高填息30,22,0,22,美好-楊梅,2024-05-21,5262
00751B,元大AAA至A公司債,21,0,21,美好-楊梅,2024-05-21,5262
00650L,復華香港正2,20,0,20,美好-楊梅,2024-05-21,5262
2897,王道銀行,20,0,20,美好-楊梅,2024-05-21,5262
1303,南亞,19,0,19,美好-楊梅,2024-05-21,5262
3615,安可,17,0,17,美好-楊梅,2024-05-21,5262
2501,國建,16,0,16,美好-楊梅,2024-05-21,5262
2884,玉山金,15,0,15,美好-楊梅,2024-05-21,5262
2603,長榮,25,11,14,美好-楊梅,2024-05-21,5262
2834,臺企銀,14,0,14,美好-楊梅,2024-05-21,5262
3044,健鼎,26,12,14,美好-楊梅,2024-05-21,5262
2891,中信金,18,4,14,美好-楊梅,2024-05-21,5262
2409,友達,15,2,13,美好-楊梅,2024-05-21,5262
2495,普安,12,0,12,美好-楊梅,2024-05-21,5262
00891,中信關鍵半導體,11,0,11,美好-楊梅,2024-05-21,5262
2406,國碩,11,0,11,美好-楊梅,2024-05-21,5262
2009,第一銅,17,6,11,美好-楊梅,2024-05-21,5262
1609,大亞,18,8,10,美好-楊梅,2024-05-21,5262
2464,盟立,26,16,10,美好-楊梅,2024-05-21,5262
6116,彩晶,10,0,10,美好-楊梅,2024-05-21,5262
1909,榮成,10,0,10,美好-楊梅,2024-05-21,5262
4128,中天,11,1,10,美好-楊梅,2024-05-21,5262
1563,巧新,9,0,9,美好-楊梅,2024-05-21,5262
2890,永豐金,11,2,9,美好-楊梅,2024-05-21,5262
1905,華紙,8,0,8,美好-楊梅,2024-05-21,5262
2611,志信,15,7,8,美好-楊梅,2024-05-21,5262
3481,群創,8,0,8,美好-楊梅,2024-05-21,5262
5608,四維航,8,0,8,美好-楊梅,2024-05-21,5262
2880,華南金,7,0,7,美好-楊梅,2024-05-21,5262
2206,三陽工業,8,1,7,美好-楊梅,2024-05-21,5262
00632R,元大台灣50反1,278,0,278,美好-楊梅,2024-05-22,5262
2882,國泰金,93,4,89,美好-楊梅,2024-05-22,5262
2610,華航,89,5,84,美好-楊梅,2024-05-22,5262
00715L,期街口布蘭特正2,82,0,82,美好-楊梅,2024-05-22,5262
3491,昇達科,82,22,60,美好-楊梅,2024-05-22,5262
4906,正文,76,17,59,美好-楊梅,2024-05-22,5262
2002,中鋼,41,0,41,美好-楊梅,2024-05-22,5262
00665L,富邦�琤肭磪囓�2,48,8,40,美好-楊梅,2024-05-22,5262
8093,保銳,39,0,39,美好-楊梅,2024-05-22,5262
00929,復華台灣科技優息,83,45,38,美好-楊梅,2024-05-22,5262
3706,神達,64,30,34,美好-楊梅,2024-05-22,5262
2022,聚亨,33,0,33,美好-楊梅,2024-05-22,5262
2374,佳能,101,68,33,美好-楊梅,2024-05-22,5262
2495,普安,37,6,31,美好-楊梅,2024-05-22,5262
2402,毅嘉,30,0,30,美好-楊梅,2024-05-22,5262
3360,尚立,32,2,30,美好-楊梅,2024-05-22,5262
5515,建國,30,0,30,美好-楊梅,2024-05-22,5262
2371,大同,34,5,29,美好-楊梅,2024-05-22,5262
2618,長榮航,30,2,28,美好-楊梅,2024-05-22,5262
5392,能率,89,63,26,美好-楊梅,2024-05-22,5262
2504,國產,25,0,25,美好-楊梅,2024-05-22,5262
4533,協易機,27,3,24,美好-楊梅,2024-05-22,5262
6209,今國光,26,3,23,美好-楊梅,2024-05-22,5262
2472,立隆電,26,3,23,美好-楊梅,2024-05-22,5262
00919,群益台灣精選高息,31,9,22,美好-楊梅,2024-05-22,5262
1303,南亞,21,0,21,美好-楊梅,2024-05-22,5262
6770,力積電,76,55,21,美好-楊梅,2024-05-22,5262
2460,建通,21,0,21,美好-楊梅,2024-05-22,5262
00633L,富邦上証正2,20,0,20,美好-楊梅,2024-05-22,5262
2027,大成鋼,22,2,20,美好-楊梅,2024-05-22,5262
2641,正德,20,0,20,美好-楊梅,2024-05-22,5262
6016,康和證,20,0,20,美好-楊梅,2024-05-22,5262
2476,鉅祥,22,3,19,美好-楊梅,2024-05-22,5262
3540,曜越,21,2,19,美好-楊梅,2024-05-22,5262
00937B,群益ESG投等債20,21,3,18,美好-楊梅,2024-05-22,5262
1301,台塑,17,0,17,美好-楊梅,2024-05-22,5262
3703,欣陸,17,0,17,美好-楊梅,2024-05-22,5262
8070,長華*,17,0,17,美好-楊梅,2024-05-22,5262
2489,瑞軒,20,4,16,美好-楊梅,2024-05-22,5262
3047,訊舟,25,9,16,美好-楊梅,2024-05-22,5262
00679B,元大美債20年,15,0,15,美好-楊梅,2024-05-22,5262
2369,菱生,20,5,15,美好-楊梅,2024-05-22,5262
3013,晟銘電,50,35,15,美好-楊梅,2024-05-22,5262
3050,鈺德,15,0,15,美好-楊梅,2024-05-22,5262
3209,全科,15,0,15,美好-楊梅,2024-05-22,5262
3232,昱捷,15,0,15,美好-楊梅,2024-05-22,5262
3312,弘憶股,48,33,15,美好-楊梅,2024-05-22,5262
6125,廣運,33,18,15,美好-楊梅,2024-05-22,5262
6122,擎邦,15,1,14,美好-楊梅,2024-05-22,5262
2603,長榮,15,1,14,美好-楊梅,2024-05-22,5262
2356,英業達,147,4,143,美好-楊梅,2024-05-23,5262
1314,中石化,130,1,129,美好-楊梅,2024-05-23,5262
00929,復華台灣科技優息,170,71,99,美好-楊梅,2024-05-23,5262
4716,大立,95,0,95,美好-楊梅,2024-05-23,5262
2836,高雄銀,57,0,57,美好-楊梅,2024-05-23,5262
00895,富邦未來車,56,0,56,美好-楊梅,2024-05-23,5262
2609,陽明,63,13,50,美好-楊梅,2024-05-23,5262
3030,德律,71,22,49,美好-楊梅,2024-05-23,5262
2834,臺企銀,48,1,47,美好-楊梅,2024-05-23,5262
2610,華航,58,12,46,美好-楊梅,2024-05-23,5262
00679B,元大美債20年,46,0,46,美好-楊梅,2024-05-23,5262
2022,聚亨,46,0,46,美好-楊梅,2024-05-23,5262
8467,波力-KY,44,0,44,美好-楊梅,2024-05-23,5262
2359,所羅門,91,49,42,美好-楊梅,2024-05-23,5262
00632R,元大台灣50反1,42,0,42,美好-楊梅,2024-05-23,5262
2501,國建,42,0,42,美好-楊梅,2024-05-23,5262
00720B,元大投資級公司債,41,0,41,美好-楊梅,2024-05-23,5262
00665L,富邦�琤肭磪囓�2,40,0,40,美好-楊梅,2024-05-23,5262
00919,群益台灣精選高息,47,7,40,美好-楊梅,2024-05-23,5262
2812,台中銀,38,0,38,美好-楊梅,2024-05-23,5262
3481,群創,41,3,38,美好-楊梅,2024-05-23,5262
2897,王道銀行,35,1,34,美好-楊梅,2024-05-23,5262
00943,兆豐電子高息等權,30,0,30,美好-楊梅,2024-05-23,5262
2867,三商壽,31,1,30,美好-楊梅,2024-05-23,5262
2618,長榮航,68,39,29,美好-楊梅,2024-05-23,5262
2009,第一銅,32,6,26,美好-楊梅,2024-05-23,5262
4545,銘鈺,24,0,24,美好-楊梅,2024-05-23,5262
2464,盟立,54,33,21,美好-楊梅,2024-05-23,5262
6161,捷波,22,1,21,美好-楊梅,2024-05-23,5262
2882,國泰金,20,0,20,美好-楊梅,2024-05-23,5262
2409,友達,19,0,19,美好-楊梅,2024-05-23,5262
2002,中鋼,29,11,18,美好-楊梅,2024-05-23,5262
2323,中環,18,0,18,美好-楊梅,2024-05-23,5262
2014,中鴻,17,0,17,美好-楊梅,2024-05-23,5262
2706,第一店,17,0,17,美好-楊梅,2024-05-23,5262
8093,保銳,22,5,17,美好-楊梅,2024-05-23,5262
6213,聯茂,19,3,16,美好-楊梅,2024-05-23,5262
5531,鄉林,17,2,15,美好-楊梅,2024-05-23,5262
1609,大亞,29,15,14,美好-楊梅,2024-05-23,5262
3044,健鼎,16,3,13,美好-楊梅,2024-05-23,5262
1303,南亞,15,3,12,美好-楊梅,2024-05-23,5262
6235,華孚,12,0,12,美好-楊梅,2024-05-23,5262
2376,技嘉,20,8,12,美好-楊梅,2024-05-23,5262
5443,均豪,15,3,12,美好-楊梅,2024-05-23,5262
2241,艾姆勒,19,7,12,美好-楊梅,2024-05-23,5262
6207,雷科,13,1,12,美好-楊梅,2024-05-23,5262
8071,能率網通,14,2,12,美好-楊梅,2024-05-23,5262
2312,金寶,12,1,11,美好-楊梅,2024-05-23,5262
2369,菱生,11,0,11,美好-楊梅,2024-05-23,5262
2617,台航,11,0,11,美好-楊梅,2024-05-23,5262
2002,中鋼,141,1,140,美好-楊梅,2024-05-24,5262
00919,群益台灣精選高息,147,9,138,美好-楊梅,2024-05-24,5262
00712,復華富時不動產,119,6,113,美好-楊梅,2024-05-24,5262
00937B,群益ESG投等債20,68,0,68,美好-楊梅,2024-05-24,5262
2365,昆盈,88,30,58,美好-楊梅,2024-05-24,5262
1802,台玻,56,0,56,美好-楊梅,2024-05-24,5262
2303,聯電,66,17,49,美好-楊梅,2024-05-24,5262
2486,一詮,94,50,44,美好-楊梅,2024-05-24,5262
1453,大將,40,0,40,美好-楊梅,2024-05-24,5262
2891,中信金,35,0,35,美好-楊梅,2024-05-24,5262
1516,川飛,60,29,31,美好-楊梅,2024-05-24,5262
00633L,富邦上証正2,26,0,26,美好-楊梅,2024-05-24,5262
00679B,元大美債20年,25,5,20,美好-楊梅,2024-05-24,5262
1108,幸福,20,0,20,美好-楊梅,2024-05-24,5262
00665L,富邦�琤肭磪囓�2,50,30,20,美好-楊梅,2024-05-24,5262
00725B,國泰投資級公司債,20,0,20,美好-楊梅,2024-05-24,5262
3260,威剛,24,4,20,美好-楊梅,2024-05-24,5262
2406,國碩,18,1,17,美好-楊梅,2024-05-24,5262
3491,昇達科,47,30,17,美好-楊梅,2024-05-24,5262
2313,華通,18,2,16,美好-楊梅,2024-05-24,5262
00915,凱基優選高股息30,15,0,15,美好-楊梅,2024-05-24,5262
00878,國泰永續高股息,29,15,14,美好-楊梅,2024-05-24,5262
6274,台燿,13,1,12,美好-楊梅,2024-05-24,5262
00687B,國泰20年美債,13,1,12,美好-楊梅,2024-05-24,5262
2515,中工,14,2,12,美好-楊梅,2024-05-24,5262
2610,華航,49,38,11,美好-楊梅,2024-05-24,5262
3062,建漢,15,4,11,美好-楊梅,2024-05-24,5262
1319,東陽,11,1,10,美好-楊梅,2024-05-24,5262
3051,力特,10,0,10,美好-楊梅,2024-05-24,5262
5230,雷笛克光學,11,1,10,美好-楊梅,2024-05-24,5262
6188,廣明,13,3,10,美好-楊梅,2024-05-24,5262
6292,迅德,10,0,10,美好-楊梅,2024-05-24,5262
2636,台驊控股,10,1,9,美好-楊梅,2024-05-24,5262
3171,炎洲流通,10,1,9,美好-楊梅,2024-05-24,5262
00940,元大台灣價值高息,19,10,9,美好-楊梅,2024-05-24,5262
00932,兆豐永續高息等權,8,0,8,美好-楊梅,2024-05-24,5262
6147,頎邦,8,0,8,美好-楊梅,2024-05-24,5262
2405,輔信,10,2,8,美好-楊梅,2024-05-24,5262
3207,耀勝,8,0,8,美好-楊梅,2024-05-24,5262
8271,宇瞻,10,2,8,美好-楊梅,2024-05-24,5262
2359,所羅門,37,29,8,美好-楊梅,2024-05-24,5262
2834,臺企銀,12,5,7,美好-楊梅,2024-05-24,5262
5213,亞昕,7,0,7,美好-楊梅,2024-05-24,5262
5474,聰泰,7,0,7,美好-楊梅,2024-05-24,5262
6770,力積電,8,1,7,美好-楊梅,2024-05-24,5262
1301,台塑,7,1,6,美好-楊梅,2024-05-24,5262
00637L,元大滬深300正2,9,3,6,美好-楊梅,2024-05-24,5262
1314,中石化,12,6,6,美好-楊梅,2024-05-24,5262
1524,耿鼎,6,0,6,美好-楊梅,2024-05-24,5262
1587,吉茂,9,3,6,美好-楊梅,2024-05-24,5262
2344,華邦電,208,3,205,美好-楊梅,2024-05-27,5262
2886,兆豐金,100,0,100,美好-楊梅,2024-05-27,5262
00940,元大台灣價值高息,195,118,77,美好-楊梅,2024-05-27,5262
1815,富喬,81,16,65,美好-楊梅,2024-05-27,5262
00738U,期元大道瓊白銀,50,0,50,美好-楊梅,2024-05-27,5262
2515,中工,49,1,48,美好-楊梅,2024-05-27,5262
00937B,群益ESG投等債20,55,13,42,美好-楊梅,2024-05-27,5262
2887,台新金,35,0,35,美好-楊梅,2024-05-27,5262
2613,中櫃,32,1,31,美好-楊梅,2024-05-27,5262
6120,達運,33,3,30,美好-楊梅,2024-05-27,5262
8096,擎亞,34,4,30,美好-楊梅,2024-05-27,5262
00933B,國泰10Y+金融債,32,3,29,美好-楊梅,2024-05-27,5262
2002,中鋼,26,0,26,美好-楊梅,2024-05-27,5262
2367,燿華,53,28,25,美好-楊梅,2024-05-27,5262
2610,華航,28,4,24,美好-楊梅,2024-05-27,5262
2363,矽統,70,46,24,美好-楊梅,2024-05-27,5262
9105,泰金寶-DR,83,59,24,美好-楊梅,2024-05-27,5262
4906,正文,55,32,23,美好-楊梅,2024-05-27,5262
8093,保銳,23,0,23,美好-楊梅,2024-05-27,5262
2892,第一金,27,5,22,美好-楊梅,2024-05-27,5262
2618,長榮航,27,5,22,美好-楊梅,2024-05-27,5262
2888,新光金,21,0,21,美好-楊梅,2024-05-27,5262
2476,鉅祥,23,3,20,美好-楊梅,2024-05-27,5262
2371,大同,28,8,20,美好-楊梅,2024-05-27,5262
2609,陽明,41,22,19,美好-楊梅,2024-05-27,5262
1785,光洋科,22,3,19,美好-楊梅,2024-05-27,5262
5608,四維航,20,1,19,美好-楊梅,2024-05-27,5262
2603,長榮,38,21,17,美好-楊梅,2024-05-27,5262
3047,訊舟,30,13,17,美好-楊梅,2024-05-27,5262
00687B,國泰20年美債,25,10,15,美好-楊梅,2024-05-27,5262
00895,富邦未來車,15,0,15,美好-楊梅,2024-05-27,5262
9958,世紀鋼,16,2,14,美好-楊梅,2024-05-27,5262
2891,中信金,29,15,14,美好-楊梅,2024-05-27,5262
3491,昇達科,19,6,13,美好-楊梅,2024-05-27,5262
5234,達興材料,15,2,13,美好-楊梅,2024-05-27,5262
6231,系微,38,25,13,美好-楊梅,2024-05-27,5262
1714,和桐,12,0,12,美好-楊梅,2024-05-27,5262
912000,晨訊科-DR,23,11,12,美好-楊梅,2024-05-27,5262
2027,大成鋼,17,5,12,美好-楊梅,2024-05-27,5262
00923,群益台ESG低碳50,15,4,11,美好-楊梅,2024-05-27,5262
00936,台新永續高息中小,11,0,11,美好-楊梅,2024-05-27,5262
3052,夆典,11,0,11,美好-楊梅,2024-05-27,5262
6257,矽格,11,0,11,美好-楊梅,2024-05-27,5262
2889,國票金,11,0,11,美好-楊梅,2024-05-27,5262
2025,千興,10,0,10,美好-楊梅,2024-05-27,5262
2405,輔信,23,13,10,美好-楊梅,2024-05-27,5262
2427,三商電,20,10,10,美好-楊梅,2024-05-27,5262
3049,精金,10,0,10,美好-楊梅,2024-05-27,5262
3504,揚明光,10,0,10,美好-楊梅,2024-05-27,5262
3550,聯穎,10,0,10,美好-楊梅,2024-05-27,5262
00937B,群益ESG投等債20,193,0,193,美好-楊梅,2024-05-28,5262
00671R,富邦NASDAQ反1,100,0,100,美好-楊梅,2024-05-28,5262
2888,新光金,100,33,67,美好-楊梅,2024-05-28,5262
00665L,富邦�琤肭磪囓�2,50,0,50,美好-楊梅,2024-05-28,5262
2897,王道銀行,50,0,50,美好-楊梅,2024-05-28,5262
8054,安國,45,5,40,美好-楊梅,2024-05-28,5262
2891,中信金,39,1,38,美好-楊梅,2024-05-28,5262
2027,大成鋼,34,0,34,美好-楊梅,2024-05-28,5262
2409,友達,35,1,34,美好-楊梅,2024-05-28,5262
2353,宏��,92,61,31,美好-楊梅,2024-05-28,5262
2301,光寶科,39,8,31,美好-楊梅,2024-05-28,5262
2614,東森,35,6,29,美好-楊梅,2024-05-28,5262
3049,精金,30,3,27,美好-楊梅,2024-05-28,5262
2363,矽統,125,99,26,美好-楊梅,2024-05-28,5262
8093,保銳,25,0,25,美好-楊梅,2024-05-28,5262
00632R,元大台灣50反1,24,0,24,美好-楊梅,2024-05-28,5262
2401,凌陽,66,42,24,美好-楊梅,2024-05-28,5262
00946,群益科技高息成長,23,0,23,美好-楊梅,2024-05-28,5262
6138,茂達,23,0,23,美好-楊梅,2024-05-28,5262
2303,聯電,45,22,23,美好-楊梅,2024-05-28,5262
8059,凱碩,20,1,19,美好-楊梅,2024-05-28,5262
6282,康舒,20,2,18,美好-楊梅,2024-05-28,5262
2206,三陽工業,17,0,17,美好-楊梅,2024-05-28,5262
3260,威剛,16,0,16,美好-楊梅,2024-05-28,5262
2486,一詮,26,11,15,美好-楊梅,2024-05-28,5262
2317,鴻海,24,10,14,美好-楊梅,2024-05-28,5262
2453,凌群,18,4,14,美好-楊梅,2024-05-28,5262
3038,全台,13,0,13,美好-楊梅,2024-05-28,5262
2104,國際中橡,20,8,12,美好-楊梅,2024-05-28,5262
2369,菱生,16,4,12,美好-楊梅,2024-05-28,5262
2382,廣達,14,3,11,美好-楊梅,2024-05-28,5262
6005,群益證,11,0,11,美好-楊梅,2024-05-28,5262
2495,普安,14,3,11,美好-楊梅,2024-05-28,5262
2809,京城銀,11,0,11,美好-楊梅,2024-05-28,5262
00712,復華富時不動產,11,0,11,美好-楊梅,2024-05-28,5262
2305,全友,16,6,10,美好-楊梅,2024-05-28,5262
1514,亞力,11,1,10,美好-楊梅,2024-05-28,5262
00918,大華優利高填息30,12,2,10,美好-楊梅,2024-05-28,5262
00680L,元大美債20正2,10,0,10,美好-楊梅,2024-05-28,5262
2634,漢翔,13,3,10,美好-楊梅,2024-05-28,5262
3033,威健,13,3,10,美好-楊梅,2024-05-28,5262
3290,東浦,10,0,10,美好-楊梅,2024-05-28,5262
3498,陽程,12,2,10,美好-楊梅,2024-05-28,5262
3591,艾笛森,10,0,10,美好-楊梅,2024-05-28,5262
3703,欣陸,10,0,10,美好-楊梅,2024-05-28,5262
6177,達麗,10,0,10,美好-楊梅,2024-05-28,5262
00939,統一台灣高息動能,11,2,9,美好-楊梅,2024-05-28,5262
3306,鼎天,11,2,9,美好-楊梅,2024-05-28,5262
6188,廣明,20,11,9,美好-楊梅,2024-05-28,5262
00679B,元大美債20年,10,2,8,美好-楊梅,2024-05-28,5262
00937B,群益ESG投等債20,228,2,226,美好-楊梅,2024-05-29,5262
00706L,期元大S＆P日圓正2,200,0,200,美好-楊梅,2024-05-29,5262
2641,正德,130,3,127,美好-楊梅,2024-05-29,5262
00679B,元大美債20年,91,2,89,美好-楊梅,2024-05-29,5262
00919,群益台灣精選高息,111,41,70,美好-楊梅,2024-05-29,5262
2887,台新金,57,0,57,美好-楊梅,2024-05-29,5262
2489,瑞軒,99,42,57,美好-楊梅,2024-05-29,5262
00665L,富邦�琤肭磪囓�2,230,180,50,美好-楊梅,2024-05-29,5262
2890,永豐金,43,0,43,美好-楊梅,2024-05-29,5262
00712,復華富時不動產,41,0,41,美好-楊梅,2024-05-29,5262
2610,華航,43,6,37,美好-楊梅,2024-05-29,5262
3704,合勤控,36,1,35,美好-楊梅,2024-05-29,5262
2353,宏��,123,90,33,美好-楊梅,2024-05-29,5262
00929,復華台灣科技優息,76,44,32,美好-楊梅,2024-05-29,5262
5475,德宏,31,1,30,美好-楊梅,2024-05-29,5262
2892,第一金,29,0,29,美好-楊梅,2024-05-29,5262
00687B,國泰20年美債,28,0,28,美好-楊梅,2024-05-29,5262
00751B,元大AAA至A公司債,28,0,28,美好-楊梅,2024-05-29,5262
2618,長榮航,39,17,22,美好-楊梅,2024-05-29,5262
2867,三商壽,38,16,22,美好-楊梅,2024-05-29,5262
2880,華南金,21,0,21,美好-楊梅,2024-05-29,5262
1471,首利,22,1,21,美好-楊梅,2024-05-29,5262
6189,豐藝,37,16,21,美好-楊梅,2024-05-29,5262
1312,國喬,21,0,21,美好-楊梅,2024-05-29,5262
8092,建暐,21,0,21,美好-楊梅,2024-05-29,5262
00864B,中信美國公債0-1,20,0,20,美好-楊梅,2024-05-29,5262
00719B,元大美債1-3,20,0,20,美好-楊梅,2024-05-29,5262
2897,王道銀行,20,0,20,美好-楊梅,2024-05-29,5262
3490,單井,20,0,20,美好-楊梅,2024-05-29,5262
4545,銘鈺,20,0,20,美好-楊梅,2024-05-29,5262
5603,陸海,20,0,20,美好-楊梅,2024-05-29,5262
2492,華新科,20,0,20,美好-楊梅,2024-05-29,5262
6161,捷波,20,1,19,美好-楊梅,2024-05-29,5262
1101,台泥,20,3,17,美好-楊梅,2024-05-29,5262
6140,訊達,18,1,17,美好-楊梅,2024-05-29,5262
2363,矽統,25,9,16,美好-楊梅,2024-05-29,5262
2834,臺企銀,16,0,16,美好-楊梅,2024-05-29,5262
9945,潤泰新,16,0,16,美好-楊梅,2024-05-29,5262
3017,奇鋐,23,7,16,美好-楊梅,2024-05-29,5262
2882,國泰金,16,0,16,美好-楊梅,2024-05-29,5262
00940,元大台灣價值高息,41,26,15,美好-楊梅,2024-05-29,5262
2356,英業達,28,13,15,美好-楊梅,2024-05-29,5262
2303,聯電,27,12,15,美好-楊梅,2024-05-29,5262
2609,陽明,33,19,14,美好-楊梅,2024-05-29,5262
2002,中鋼,16,2,14,美好-楊梅,2024-05-29,5262
1802,台玻,14,0,14,美好-楊梅,2024-05-29,5262
2884,玉山金,14,0,14,美好-楊梅,2024-05-29,5262
5469,瀚宇博,17,3,14,美好-楊梅,2024-05-29,5262
2891,中信金,30,17,13,美好-楊梅,2024-05-29,5262
3062,建漢,13,0,13,美好-楊梅,2024-05-29,5262
00712,復華富時不動產,172,0,172,美好-楊梅,2024-05-30,5262
3049,精金,154,0,154,美好-楊梅,2024-05-30,5262
2618,長榮航,123,4,119,美好-楊梅,2024-05-30,5262
2356,英業達,135,23,112,美好-楊梅,2024-05-30,5262
2888,新光金,106,2,104,美好-楊梅,2024-05-30,5262
00753L,中信中國50正2,100,0,100,美好-楊梅,2024-05-30,5262
00706L,期元大S＆P日圓正2,100,0,100,美好-楊梅,2024-05-30,5262
1815,富喬,158,94,64,美好-楊梅,2024-05-30,5262
00671R,富邦NASDAQ反1,60,0,60,美好-楊梅,2024-05-30,5262
00940,元大台灣價值高息,60,0,60,美好-楊梅,2024-05-30,5262
00878,國泰永續高股息,58,1,57,美好-楊梅,2024-05-30,5262
00937B,群益ESG投等債20,47,1,46,美好-楊梅,2024-05-30,5262
2489,瑞軒,67,21,46,美好-楊梅,2024-05-30,5262
2610,華航,50,8,42,美好-楊梅,2024-05-30,5262
8054,安國,59,19,40,美好-楊梅,2024-05-30,5262
2641,正德,40,4,36,美好-楊梅,2024-05-30,5262
00915,凱基優選高股息30,35,0,35,美好-楊梅,2024-05-30,5262
2002,中鋼,32,0,32,美好-楊梅,2024-05-30,5262
9902,台火,31,0,31,美好-楊梅,2024-05-30,5262
2317,鴻海,41,10,31,美好-楊梅,2024-05-30,5262
00664R,國泰臺灣加權反1,30,0,30,美好-楊梅,2024-05-30,5262
00669R,國泰美國道瓊反1,30,0,30,美好-楊梅,2024-05-30,5262
2603,長榮,29,0,29,美好-楊梅,2024-05-30,5262
2344,華邦電,37,10,27,美好-楊梅,2024-05-30,5262
2363,矽統,36,12,24,美好-楊梅,2024-05-30,5262
2352,佳世達,23,0,23,美好-楊梅,2024-05-30,5262
2353,宏��,53,31,22,美好-楊梅,2024-05-30,5262
3202,樺晟,24,3,21,美好-楊梅,2024-05-30,5262
2376,技嘉,26,5,21,美好-楊梅,2024-05-30,5262
00929,復華台灣科技優息,57,37,20,美好-楊梅,2024-05-30,5262
00751B,元大AAA至A公司債,20,0,20,美好-楊梅,2024-05-30,5262
8438,昶昕,24,4,20,美好-楊梅,2024-05-30,5262
2887,台新金,24,5,19,美好-楊梅,2024-05-30,5262
2886,兆豐金,20,2,18,美好-楊梅,2024-05-30,5262
3231,緯創,33,15,18,美好-楊梅,2024-05-30,5262
1101,台泥,18,1,17,美好-楊梅,2024-05-30,5262
2605,新興,26,9,17,美好-楊梅,2024-05-30,5262
2897,王道銀行,17,0,17,美好-楊梅,2024-05-30,5262
3312,弘憶股,33,16,17,美好-楊梅,2024-05-30,5262
6209,今國光,18,1,17,美好-楊梅,2024-05-30,5262
5880,合庫金,15,0,15,美好-楊梅,2024-05-30,5262
2330,台積電,16,1,15,美好-楊梅,2024-05-30,5262
00676R,富邦臺灣加權反1,15,0,15,美好-楊梅,2024-05-30,5262
2405,輔信,33,18,15,美好-楊梅,2024-05-30,5262
5519,隆大,15,0,15,美好-楊梅,2024-05-30,5262
6116,彩晶,15,0,15,美好-楊梅,2024-05-30,5262
2891,中信金,29,15,14,美好-楊梅,2024-05-30,5262
00687B,國泰20年美債,14,0,14,美好-楊梅,2024-05-30,5262
00881,國泰台灣5G+,14,0,14,美好-楊梅,2024-05-30,5262
1316,上曜,21,7,14,美好-楊梅,2024-05-30,5262
2344,華邦電,118,8,110,美好-楊梅,2024-05-31,5262
2609,陽明,151,45,106,美好-楊梅,2024-05-31,5262
00939,統一台灣高息動能,66,0,66,美好-楊梅,2024-05-31,5262
2618,長榮航,98,35,63,美好-楊梅,2024-05-31,5262
2317,鴻海,70,9,61,美好-楊梅,2024-05-31,5262
2352,佳世達,62,3,59,美好-楊梅,2024-05-31,5262
1409,新纖,51,0,51,美好-楊梅,2024-05-31,5262
00665L,富邦�琤肭磪囓�2,50,0,50,美好-楊梅,2024-05-31,5262
2303,聯電,62,12,50,美好-楊梅,2024-05-31,5262
00919,群益台灣精選高息,49,1,48,美好-楊梅,2024-05-31,5262
2002,中鋼,54,6,48,美好-楊梅,2024-05-31,5262
00946,群益科技高息成長,48,2,46,美好-楊梅,2024-05-31,5262
00878,國泰永續高股息,64,18,46,美好-楊梅,2024-05-31,5262
00937B,群益ESG投等債20,45,0,45,美好-楊梅,2024-05-31,5262
2356,英業達,45,1,44,美好-楊梅,2024-05-31,5262
3312,弘憶股,77,36,41,美好-楊梅,2024-05-31,5262
2886,兆豐金,39,0,39,美好-楊梅,2024-05-31,5262
2834,臺企銀,40,1,39,美好-楊梅,2024-05-31,5262
6695,芯鼎,42,6,36,美好-楊梅,2024-05-31,5262
2409,友達,34,0,34,美好-楊梅,2024-05-31,5262
00679B,元大美債20年,31,0,31,美好-楊梅,2024-05-31,5262
3231,緯創,35,4,31,美好-楊梅,2024-05-31,5262
6016,康和證,30,1,29,美好-楊梅,2024-05-31,5262
2353,宏��,40,11,29,美好-楊梅,2024-05-31,5262
2368,金像電,30,1,29,美好-楊梅,2024-05-31,5262
2324,仁寶,31,3,28,美好-楊梅,2024-05-31,5262
3011,今皓,30,2,28,美好-楊梅,2024-05-31,5262
00929,復華台灣科技優息,55,30,25,美好-楊梅,2024-05-31,5262
2328,廣宇,28,6,22,美好-楊梅,2024-05-31,5262
00650L,復華香港正2,20,0,20,美好-楊梅,2024-05-31,5262
3268,海德威,20,0,20,美好-楊梅,2024-05-31,5262
3062,建漢,22,3,19,美好-楊梅,2024-05-31,5262
1301,台塑,18,0,18,美好-楊梅,2024-05-31,5262
2889,國票金,15,0,15,美好-楊梅,2024-05-31,5262
3313,斐成,15,0,15,美好-楊梅,2024-05-31,5262
0056,元大高股息,14,0,14,美好-楊梅,2024-05-31,5262
2382,廣達,20,7,13,美好-楊梅,2024-05-31,5262
1102,亞泥,11,0,11,美好-楊梅,2024-05-31,5262
1809,中釉,12,1,11,美好-楊梅,2024-05-31,5262
3038,全台,11,0,11,美好-楊梅,2024-05-31,5262
2363,矽統,25,14,11,美好-楊梅,2024-05-31,5262
3450,聯鈞,11,0,11,美好-楊梅,2024-05-31,5262
2610,華航,57,47,10,美好-楊梅,2024-05-31,5262
00674R,期元大S＆P黃金反1,10,0,10,美好-楊梅,2024-05-31,5262
2601,益航,23,13,10,美好-楊梅,2024-05-31,5262
3060,銘異,12,2,10,美好-楊梅,2024-05-31,5262
4167,松瑞藥,10,0,10,美好-楊梅,2024-05-31,5262
6578,達邦蛋白,10,0,10,美好-楊梅,2024-05-31,5262
6770,力積電,32,22,10,美好-楊梅,2024-05-31,5262
2330,台積電,10,1,9,美好-楊梅,2024-05-31,5262
00918,大華優利高填息30,424,1,423,美好-楊梅,2024-06-03,5262
3049,精金,96,0,96,美好-楊梅,2024-06-03,5262
5371,中光電,96,8,88,美好-楊梅,2024-06-03,5262
8936,國統,76,0,76,美好-楊梅,2024-06-03,5262
2889,國票金,70,0,70,美好-楊梅,2024-06-03,5262
00919,群益台灣精選高息,64,2,62,美好-楊梅,2024-06-03,5262
2618,長榮航,76,16,60,美好-楊梅,2024-06-03,5262
00882,中信中國高股息,51,0,51,美好-楊梅,2024-06-03,5262
2504,國產,51,2,49,美好-楊梅,2024-06-03,5262
2641,正德,41,0,41,美好-楊梅,2024-06-03,5262
5347,世界,42,2,40,美好-楊梅,2024-06-03,5262
2867,三商壽,43,6,37,美好-楊梅,2024-06-03,5262
2303,聯電,38,5,33,美好-楊梅,2024-06-03,5262
00946,群益科技高息成長,31,0,31,美好-楊梅,2024-06-03,5262
00738U,期元大道瓊白銀,30,0,30,美好-楊梅,2024-06-03,5262
4167,松瑞藥,30,0,30,美好-楊梅,2024-06-03,5262
6116,彩晶,30,3,27,美好-楊梅,2024-06-03,5262
2353,宏��,42,17,25,美好-楊梅,2024-06-03,5262
9105,泰金寶-DR,25,1,24,美好-楊梅,2024-06-03,5262
2610,華航,46,23,23,美好-楊梅,2024-06-03,5262
3033,威健,21,0,21,美好-楊梅,2024-06-03,5262
2014,中鴻,20,0,20,美好-楊梅,2024-06-03,5262
1717,長興,20,0,20,美好-楊梅,2024-06-03,5262
2324,仁寶,22,2,20,美好-楊梅,2024-06-03,5262
5515,建國,20,0,20,美好-楊梅,2024-06-03,5262
2354,鴻準,48,29,19,美好-楊梅,2024-06-03,5262
2301,光寶科,20,2,18,美好-楊梅,2024-06-03,5262
2369,菱生,25,7,18,美好-楊梅,2024-06-03,5262
3481,群創,22,5,17,美好-楊梅,2024-06-03,5262
2605,新興,34,18,16,美好-楊梅,2024-06-03,5262
3512,皇龍,16,0,16,美好-楊梅,2024-06-03,5262
2880,華南金,15,0,15,美好-楊梅,2024-06-03,5262
1582,信錦,20,5,15,美好-楊梅,2024-06-03,5262
2501,國建,70,55,15,美好-楊梅,2024-06-03,5262
2367,燿華,47,33,14,美好-楊梅,2024-06-03,5262
1809,中釉,13,0,13,美好-楊梅,2024-06-03,5262
3437,榮創,26,13,13,美好-楊梅,2024-06-03,5262
5498,凱崴,13,0,13,美好-楊梅,2024-06-03,5262
6005,群益證,12,0,12,美好-楊梅,2024-06-03,5262
00944,野村趨勢動能高息,12,0,12,美好-楊梅,2024-06-03,5262
2201,裕隆,14,3,11,美好-楊梅,2024-06-03,5262
2405,輔信,12,1,11,美好-楊梅,2024-06-03,5262
2834,臺企銀,11,0,11,美好-楊梅,2024-06-03,5262
9945,潤泰新,11,0,11,美好-楊梅,2024-06-03,5262
4533,協易機,38,27,11,美好-楊梅,2024-06-03,5262
2317,鴻海,19,8,11,美好-楊梅,2024-06-03,5262
00939,統一台灣高息動能,10,0,10,美好-楊梅,2024-06-03,5262
2349,錸德,15,5,10,美好-楊梅,2024-06-03,5262
3011,今皓,10,0,10,美好-楊梅,2024-06-03,5262
3052,夆典,10,0,10,美好-楊梅,2024-06-03,5262
2344,華邦電,246,2,244,美好-楊梅,2024-06-04,5262
00936,台新永續高息中小,269,66,203,美好-楊梅,2024-06-04,5262
00919,群益台灣精選高息,143,0,143,美好-楊梅,2024-06-04,5262
2888,新光金,71,3,68,美好-楊梅,2024-06-04,5262
00929,復華台灣科技優息,76,8,68,美好-楊梅,2024-06-04,5262
2317,鴻海,65,4,61,美好-楊梅,2024-06-04,5262
00715L,期街口布蘭特正2,60,0,60,美好-楊梅,2024-06-04,5262
8093,保銳,58,0,58,美好-楊梅,2024-06-04,5262
3049,精金,42,0,42,美好-楊梅,2024-06-04,5262
00878,國泰永續高股息,49,9,40,美好-楊梅,2024-06-04,5262
00918,大華優利高填息30,37,0,37,美好-楊梅,2024-06-04,5262
2323,中環,32,0,32,美好-楊梅,2024-06-04,5262
2303,聯電,55,24,31,美好-楊梅,2024-06-04,5262
2312,金寶,31,2,29,美好-楊梅,2024-06-04,5262
3481,群創,50,22,28,美好-楊梅,2024-06-04,5262
5498,凱崴,28,0,28,美好-楊梅,2024-06-04,5262
1301,台塑,25,0,25,美好-楊梅,2024-06-04,5262
6182,合晶,24,0,24,美好-楊梅,2024-06-04,5262
2301,光寶科,23,0,23,美好-楊梅,2024-06-04,5262
3376,新日興,30,7,23,美好-楊梅,2024-06-04,5262
6125,廣運,31,9,22,美好-楊梅,2024-06-04,5262
1802,台玻,26,5,21,美好-楊梅,2024-06-04,5262
3231,緯創,29,9,20,美好-楊梅,2024-06-04,5262
00719B,元大美債1-3,20,0,20,美好-楊梅,2024-06-04,5262
00864B,中信美國公債0-1,20,0,20,美好-楊梅,2024-06-04,5262
1617,榮星,20,0,20,美好-楊梅,2024-06-04,5262
9933,中鼎,20,0,20,美好-楊梅,2024-06-04,5262
3013,晟銘電,25,5,20,美好-楊梅,2024-06-04,5262
2608,嘉里大榮,18,0,18,美好-楊梅,2024-06-04,5262
2610,華航,21,5,16,美好-楊梅,2024-06-04,5262
2241,艾姆勒,19,3,16,美好-楊梅,2024-06-04,5262
1504,東元,16,1,15,美好-楊梅,2024-06-04,5262
2353,宏��,25,10,15,美好-楊梅,2024-06-04,5262
2834,臺企銀,15,0,15,美好-楊梅,2024-06-04,5262
2331,精英,120,105,15,美好-楊梅,2024-06-04,5262
3059,華晶科,16,2,14,美好-楊梅,2024-06-04,5262
2324,仁寶,17,3,14,美好-楊梅,2024-06-04,5262
3202,樺晟,40,26,14,美好-楊梅,2024-06-04,5262
4561,健椿,20,6,14,美好-楊梅,2024-06-04,5262
0056,元大高股息,13,0,13,美好-楊梅,2024-06-04,5262
2408,南亞科,16,3,13,美好-楊梅,2024-06-04,5262
6005,群益證,14,2,12,美好-楊梅,2024-06-04,5262
2025,千興,12,0,12,美好-楊梅,2024-06-04,5262
2316,楠梓電,13,1,12,美好-楊梅,2024-06-04,5262
3260,威剛,13,1,12,美好-楊梅,2024-06-04,5262
3706,神達,12,0,12,美好-楊梅,2024-06-04,5262
2382,廣達,22,10,12,美好-楊梅,2024-06-04,5262
00642U,期元大S＆P石油,16,5,11,美好-楊梅,2024-06-04,5262
1618,合機,14,3,11,美好-楊梅,2024-06-04,5262
1909,榮成,20,9,11,美好-楊梅,2024-06-04,5262
00918,大華優利高填息30,266,0,266,美好-楊梅,2024-06-05,5262
00919,群益台灣精選高息,237,16,221,美好-楊梅,2024-06-05,5262
00936,台新永續高息中小,177,0,177,美好-楊梅,2024-06-05,5262
1808,潤隆,75,0,75,美好-楊梅,2024-06-05,5262
3030,德律,89,28,61,美好-楊梅,2024-06-05,5262
00929,復華台灣科技優息,100,43,57,美好-楊梅,2024-06-05,5262
2501,國建,66,26,40,美好-楊梅,2024-06-05,5262
2867,三商壽,43,3,40,美好-楊梅,2024-06-05,5262
00878,國泰永續高股息,32,0,32,美好-楊梅,2024-06-05,5262
3048,益登,44,12,32,美好-楊梅,2024-06-05,5262
00937B,群益ESG投等債20,40,10,30,美好-楊梅,2024-06-05,5262
2105,正新,29,0,29,美好-楊梅,2024-06-05,5262
2344,華邦電,29,1,28,美好-楊梅,2024-06-05,5262
2303,聯電,32,5,27,美好-楊梅,2024-06-05,5262
1110,東泥,29,5,24,美好-楊梅,2024-06-05,5262
00715L,期街口布蘭特正2,22,0,22,美好-楊梅,2024-06-05,5262
2331,精英,27,6,21,美好-楊梅,2024-06-05,5262
2365,昆盈,21,0,21,美好-楊梅,2024-06-05,5262
2888,新光金,21,0,21,美好-楊梅,2024-06-05,5262
2363,矽統,25,4,21,美好-楊梅,2024-06-05,5262
2328,廣宇,36,16,20,美好-楊梅,2024-06-05,5262
00738U,期元大道瓊白銀,20,0,20,美好-楊梅,2024-06-05,5262
3686,達能,20,0,20,美好-楊梅,2024-06-05,5262
5608,四維航,22,3,19,美好-楊梅,2024-06-05,5262
6270,倍微,22,4,18,美好-楊梅,2024-06-05,5262
3432,台端,22,4,18,美好-楊梅,2024-06-05,5262
2417,圓剛,18,1,17,美好-楊梅,2024-06-05,5262
00712,復華富時不動產,18,1,17,美好-楊梅,2024-06-05,5262
6182,合晶,16,0,16,美好-楊梅,2024-06-05,5262
1301,台塑,18,3,15,美好-楊梅,2024-06-05,5262
2241,艾姆勒,15,0,15,美好-楊梅,2024-06-05,5262
1710,東聯,15,0,15,美好-楊梅,2024-06-05,5262
4526,東台,21,6,15,美好-楊梅,2024-06-05,5262
8064,東捷,13,0,13,美好-楊梅,2024-06-05,5262
8071,能率網通,13,0,13,美好-楊梅,2024-06-05,5262
2002,中鋼,12,0,12,美好-楊梅,2024-06-05,5262
2880,華南金,12,1,11,美好-楊梅,2024-06-05,5262
3231,緯創,22,11,11,美好-楊梅,2024-06-05,5262
5392,能率,14,3,11,美好-楊梅,2024-06-05,5262
00946,群益科技高息成長,11,0,11,美好-楊梅,2024-06-05,5262
1905,華紙,11,0,11,美好-楊梅,2024-06-05,5262
2537,聯上發,13,2,11,美好-楊梅,2024-06-05,5262
2645,長榮航太,11,0,11,美好-楊梅,2024-06-05,5262
3011,今皓,11,0,11,美好-楊梅,2024-06-05,5262
3540,曜越,25,14,11,美好-楊梅,2024-06-05,5262
2354,鴻準,30,19,11,美好-楊梅,2024-06-05,5262
2353,宏��,43,33,10,美好-楊梅,2024-06-05,5262
2506,太設,10,0,10,美好-楊梅,2024-06-05,5262
2897,王道銀行,10,0,10,美好-楊梅,2024-06-05,5262
3002,歐格,10,0,10,美好-楊梅,2024-06-05,5262
00936,台新永續高息中小,211,0,211,美好-楊梅,2024-06-06,5262
00632R,元大台灣50反1,151,35,116,美好-楊梅,2024-06-06,5262
3047,訊舟,121,11,110,美好-楊梅,2024-06-06,5262
00929,復華台灣科技優息,54,5,49,美好-楊梅,2024-06-06,5262
9105,泰金寶-DR,50,3,47,美好-楊梅,2024-06-06,5262
2002,中鋼,45,0,45,美好-楊梅,2024-06-06,5262
00725B,國泰投資級公司債,40,0,40,美好-楊梅,2024-06-06,5262
2606,裕民,35,0,35,美好-楊梅,2024-06-06,5262
5302,太欣,36,2,34,美好-楊梅,2024-06-06,5262
2356,英業達,34,3,31,美好-楊梅,2024-06-06,5262
00864B,中信美國公債0-1,30,0,30,美好-楊梅,2024-06-06,5262
00633L,富邦上証正2,30,0,30,美好-楊梅,2024-06-06,5262
00719B,元大美債1-3,30,0,30,美好-楊梅,2024-06-06,5262
5519,隆大,31,1,30,美好-楊梅,2024-06-06,5262
1710,東聯,26,0,26,美好-楊梅,2024-06-06,5262
2762,世界健身-KY,26,0,26,美好-楊梅,2024-06-06,5262
1303,南亞,26,1,25,美好-楊梅,2024-06-06,5262
2344,華邦電,46,22,24,美好-楊梅,2024-06-06,5262
3231,緯創,31,8,23,美好-楊梅,2024-06-06,5262
2501,國建,23,0,23,美好-楊梅,2024-06-06,5262
2323,中環,22,0,22,美好-楊梅,2024-06-06,5262
00918,大華優利高填息30,21,0,21,美好-楊梅,2024-06-06,5262
5392,能率,29,8,21,美好-楊梅,2024-06-06,5262
00665L,富邦�琤肭磪囓�2,20,0,20,美好-楊梅,2024-06-06,5262
1609,大亞,20,0,20,美好-楊梅,2024-06-06,5262
4995,晶達,20,0,20,美好-楊梅,2024-06-06,5262
6197,佳必琪,34,14,20,美好-楊梅,2024-06-06,5262
6486,互動,30,10,20,美好-楊梅,2024-06-06,5262
1815,富喬,24,5,19,美好-楊梅,2024-06-06,5262
2353,宏��,21,3,18,美好-楊梅,2024-06-06,5262
2520,冠德,22,4,18,美好-楊梅,2024-06-06,5262
6770,力積電,28,11,17,美好-楊梅,2024-06-06,5262
00712,復華富時不動產,15,0,15,美好-楊梅,2024-06-06,5262
1301,台塑,14,0,14,美好-楊梅,2024-06-06,5262
5347,世界,23,9,14,美好-楊梅,2024-06-06,5262
2020,美亞,13,0,13,美好-楊梅,2024-06-06,5262
2337,旺宏,14,1,13,美好-楊梅,2024-06-06,5262
2354,鴻準,33,20,13,美好-楊梅,2024-06-06,5262
2409,友達,12,0,12,美好-楊梅,2024-06-06,5262
2834,臺企銀,20,8,12,美好-楊梅,2024-06-06,5262
3014,聯陽,12,0,12,美好-楊梅,2024-06-06,5262
2457,飛宏,21,10,11,美好-楊梅,2024-06-06,5262
3015,全漢,11,0,11,美好-楊梅,2024-06-06,5262
3419,譁裕,11,0,11,美好-楊梅,2024-06-06,5262
1304,台聚,10,0,10,美好-楊梅,2024-06-06,5262
1444,力麗,10,0,10,美好-楊梅,2024-06-06,5262
1455,集盛,10,0,10,美好-楊梅,2024-06-06,5262
1514,亞力,14,4,10,美好-楊梅,2024-06-06,5262
1909,榮成,10,0,10,美好-楊梅,2024-06-06,5262
2025,千興,10,0,10,美好-楊梅,2024-06-06,5262
00665L,富邦�琤肭磪囓�2,191,0,191,美好-楊梅,2024-06-07,5262
2363,矽統,100,14,86,美好-楊梅,2024-06-07,5262
2613,中櫃,86,27,59,美好-楊梅,2024-06-07,5262
00937B,群益ESG投等債20,91,35,56,美好-楊梅,2024-06-07,5262
00712,復華富時不動產,57,5,52,美好-楊梅,2024-06-07,5262
3231,緯創,58,10,48,美好-楊梅,2024-06-07,5262
00936,台新永續高息中小,45,3,42,美好-楊梅,2024-06-07,5262
6486,互動,40,0,40,美好-楊梅,2024-06-07,5262
2356,英業達,50,16,34,美好-楊梅,2024-06-07,5262
2353,宏��,38,5,33,美好-楊梅,2024-06-07,5262
2615,萬海,128,96,32,美好-楊梅,2024-06-07,5262
1905,華紙,32,1,31,美好-楊梅,2024-06-07,5262
00719B,元大美債1-3,30,0,30,美好-楊梅,2024-06-07,5262
00864B,中信美國公債0-1,30,0,30,美好-楊梅,2024-06-07,5262
9105,泰金寶-DR,57,27,30,美好-楊梅,2024-06-07,5262
3306,鼎天,28,0,28,美好-楊梅,2024-06-07,5262
00637L,元大滬深300正2,24,0,24,美好-楊梅,2024-06-07,5262
6175,立敦,23,0,23,美好-楊梅,2024-06-07,5262
2312,金寶,38,16,22,美好-楊梅,2024-06-07,5262
5353,台林,22,0,22,美好-楊梅,2024-06-07,5262
2382,廣達,24,3,21,美好-楊梅,2024-06-07,5262
3047,訊舟,40,19,21,美好-楊梅,2024-06-07,5262
5608,四維航,45,24,21,美好-楊梅,2024-06-07,5262
00918,大華優利高填息30,20,0,20,美好-楊梅,2024-06-07,5262
2002,中鋼,22,3,19,美好-楊梅,2024-06-07,5262
2317,鴻海,37,18,19,美好-楊梅,2024-06-07,5262
2324,仁寶,20,3,17,美好-楊梅,2024-06-07,5262
00919,群益台灣精選高息,38,22,16,美好-楊梅,2024-06-07,5262
2367,燿華,35,19,16,美好-楊梅,2024-06-07,5262
2762,世界健身-KY,15,0,15,美好-楊梅,2024-06-07,5262
6139,亞翔,20,5,15,美好-楊梅,2024-06-07,5262
2891,中信金,23,9,14,美好-楊梅,2024-06-07,5262
006208,富邦台50,14,0,14,美好-楊梅,2024-06-07,5262
2103,台橡,14,0,14,美好-楊梅,2024-06-07,5262
2455,全新,14,0,14,美好-楊梅,2024-06-07,5262
6770,力積電,45,32,13,美好-楊梅,2024-06-07,5262
2331,精英,18,5,13,美好-楊梅,2024-06-07,5262
3017,奇鋐,21,9,12,美好-楊梅,2024-06-07,5262
2101,南港,24,12,12,美好-楊梅,2024-06-07,5262
2313,華通,17,5,12,美好-楊梅,2024-06-07,5262
3372,典範,12,0,12,美好-楊梅,2024-06-07,5262
6215,和椿,24,12,12,美好-楊梅,2024-06-07,5262
3037,欣興,11,0,11,美好-楊梅,2024-06-07,5262
1301,台塑,15,4,11,美好-楊梅,2024-06-07,5262
00946,群益科技高息成長,11,0,11,美好-楊梅,2024-06-07,5262
00795B,中信美國公債20年,11,0,11,美好-楊梅,2024-06-07,5262
6834,天二科技,11,0,11,美好-楊梅,2024-06-07,5262
1532,勤美,14,4,10,美好-楊梅,2024-06-07,5262
00895,富邦未來車,10,0,10,美好-楊梅,2024-06-07,5262
1449,佳和,10,0,10,美好-楊梅,2024-06-07,5262
00706L,期元大S＆P日圓正2,200,0,200,美好-楊梅,2024-06-11,5262
2501,國建,147,1,146,美好-楊梅,2024-06-11,5262
2888,新光金,141,3,138,美好-楊梅,2024-06-11,5262
2897,王道銀行,109,0,109,美好-楊梅,2024-06-11,5262
00929,復華台灣科技優息,112,9,103,美好-楊梅,2024-06-11,5262
00937B,群益ESG投等債20,95,0,95,美好-楊梅,2024-06-11,5262
00918,大華優利高填息30,84,0,84,美好-楊梅,2024-06-11,5262
3047,訊舟,96,28,68,美好-楊梅,2024-06-11,5262
00936,台新永續高息中小,64,0,64,美好-楊梅,2024-06-11,5262
00687B,國泰20年美債,70,17,53,美好-楊梅,2024-06-11,5262
00679B,元大美債20年,51,4,47,美好-楊梅,2024-06-11,5262
5469,瀚宇博,45,0,45,美好-楊梅,2024-06-11,5262
1815,富喬,53,9,44,美好-楊梅,2024-06-11,5262
2609,陽明,186,144,42,美好-楊梅,2024-06-11,5262
6486,互動,40,0,40,美好-楊梅,2024-06-11,5262
00919,群益台灣精選高息,70,30,40,美好-楊梅,2024-06-11,5262
2615,萬海,95,57,38,美好-楊梅,2024-06-11,5262
2002,中鋼,36,3,33,美好-楊梅,2024-06-11,5262
00946,群益科技高息成長,33,0,33,美好-楊梅,2024-06-11,5262
3231,緯創,41,10,31,美好-楊梅,2024-06-11,5262
00942B,台新美A公司債20+,31,0,31,美好-楊梅,2024-06-11,5262
2641,正德,31,1,30,美好-楊梅,2024-06-11,5262
1301,台塑,26,0,26,美好-楊梅,2024-06-11,5262
1802,台玻,26,0,26,美好-楊梅,2024-06-11,5262
00939,統一台灣高息動能,25,0,25,美好-楊梅,2024-06-11,5262
2603,長榮,33,8,25,美好-楊梅,2024-06-11,5262
00725B,國泰投資級公司債,23,0,23,美好-楊梅,2024-06-11,5262
3038,全台,23,0,23,美好-楊梅,2024-06-11,5262
00878,國泰永續高股息,22,1,21,美好-楊梅,2024-06-11,5262
2009,第一銅,21,0,21,美好-楊梅,2024-06-11,5262
00857B,永豐20年美公債,20,0,20,美好-楊梅,2024-06-11,5262
6016,康和證,20,0,20,美好-楊梅,2024-06-11,5262
4167,松瑞藥,22,2,20,美好-楊梅,2024-06-11,5262
1609,大亞,54,35,19,美好-楊梅,2024-06-11,5262
4533,協易機,20,2,18,美好-楊梅,2024-06-11,5262
00940,元大台灣價值高息,36,19,17,美好-楊梅,2024-06-11,5262
5880,合庫金,16,0,16,美好-楊梅,2024-06-11,5262
2636,台驊控股,16,0,16,美好-楊梅,2024-06-11,5262
9946,三發地產,15,0,15,美好-楊梅,2024-06-11,5262
912000,晨訊科-DR,15,0,15,美好-楊梅,2024-06-11,5262
3535,晶彩科,16,2,14,美好-楊梅,2024-06-11,5262
4716,大立,14,0,14,美好-楊梅,2024-06-11,5262
2374,佳能,16,3,13,美好-楊梅,2024-06-11,5262
1316,上曜,36,23,13,美好-楊梅,2024-06-11,5262
2204,中華,20,7,13,美好-楊梅,2024-06-11,5262
2329,華泰,16,3,13,美好-楊梅,2024-06-11,5262
1514,亞力,36,25,11,美好-楊梅,2024-06-11,5262
0056,元大高股息,11,0,11,美好-楊梅,2024-06-11,5262
1314,中石化,11,0,11,美好-楊梅,2024-06-11,5262
1603,華電,16,6,10,美好-楊梅,2024-06-11,5262
00918,大華優利高填息30,150,0,150,美好-楊梅,2024-06-12,5262
3049,精金,142,0,142,美好-楊梅,2024-06-12,5262
00948B,中信優息投資級債,129,0,129,美好-楊梅,2024-06-12,5262
2867,三商壽,100,2,98,美好-楊梅,2024-06-12,5262
2606,裕民,64,0,64,美好-楊梅,2024-06-12,5262
00687B,國泰20年美債,63,3,60,美好-楊梅,2024-06-12,5262
2356,英業達,65,6,59,美好-楊梅,2024-06-12,5262
8093,保銳,50,0,50,美好-楊梅,2024-06-12,5262
2337,旺宏,42,0,42,美好-楊梅,2024-06-12,5262
2303,聯電,41,6,35,美好-楊梅,2024-06-12,5262
3047,訊舟,39,6,33,美好-楊梅,2024-06-12,5262
5498,凱崴,32,0,32,美好-楊梅,2024-06-12,5262
2609,陽明,101,71,30,美好-楊梅,2024-06-12,5262
00929,復華台灣科技優息,31,2,29,美好-楊梅,2024-06-12,5262
2501,國建,34,6,28,美好-楊梅,2024-06-12,5262
00927,群益半導體收益,28,0,28,美好-楊梅,2024-06-12,5262
00926,凱基全球菁英55,25,0,25,美好-楊梅,2024-06-12,5262
2801,彰銀,25,0,25,美好-楊梅,2024-06-12,5262
2897,王道銀行,30,5,25,美好-楊梅,2024-06-12,5262
3481,群創,27,2,25,美好-楊梅,2024-06-12,5262
2615,萬海,56,33,23,美好-楊梅,2024-06-12,5262
00712,復華富時不動產,22,0,22,美好-楊梅,2024-06-12,5262
2409,友達,22,0,22,美好-楊梅,2024-06-12,5262
3030,德律,22,0,22,美好-楊梅,2024-06-12,5262
00725B,國泰投資級公司債,20,0,20,美好-楊梅,2024-06-12,5262
1528,恩德,17,0,17,美好-楊梅,2024-06-12,5262
2883,凱基金,36,19,17,美好-楊梅,2024-06-12,5262
6770,力積電,22,5,17,美好-楊梅,2024-06-12,5262
2353,宏��,25,9,16,美好-楊梅,2024-06-12,5262
00895,富邦未來車,15,0,15,美好-楊梅,2024-06-12,5262
2455,全新,14,1,13,美好-楊梅,2024-06-12,5262
3032,偉訓,13,0,13,美好-楊梅,2024-06-12,5262
6116,彩晶,13,0,13,美好-楊梅,2024-06-12,5262
3231,緯創,43,31,12,美好-楊梅,2024-06-12,5262
2027,大成鋼,12,0,12,美好-楊梅,2024-06-12,5262
00881,國泰台灣5G+,20,8,12,美好-楊梅,2024-06-12,5262
2354,鴻準,18,6,12,美好-楊梅,2024-06-12,5262
2641,正德,12,0,12,美好-楊梅,2024-06-12,5262
2417,圓剛,11,0,11,美好-楊梅,2024-06-12,5262
2515,中工,31,20,11,美好-楊梅,2024-06-12,5262
6191,精成科,10,0,10,美好-楊梅,2024-06-12,5262
2362,藍天,10,0,10,美好-楊梅,2024-06-12,5262
00905,FT臺灣Smart,10,0,10,美好-楊梅,2024-06-12,5262
00673R,期元大S＆P原油反1,10,0,10,美好-楊梅,2024-06-12,5262
1314,中石化,16,6,10,美好-楊梅,2024-06-12,5262
1460,宏遠,10,0,10,美好-楊梅,2024-06-12,5262
1909,榮成,10,0,10,美好-楊梅,2024-06-12,5262
3011,今皓,10,0,10,美好-楊梅,2024-06-12,5262
5353,台林,10,0,10,美好-楊梅,2024-06-12,5262
5531,鄉林,12,2,10,美好-楊梅,2024-06-12,5262
00936,台新永續高息中小,230,100,130,美好-楊梅,2024-06-13,5262
00948B,中信優息投資級債,115,0,115,美好-楊梅,2024-06-13,5262
00671R,富邦NASDAQ反1,105,0,105,美好-楊梅,2024-06-13,5262
2888,新光金,99,3,96,美好-楊梅,2024-06-13,5262
00665L,富邦�琤肭磪囓�2,85,0,85,美好-楊梅,2024-06-13,5262
00919,群益台灣精選高息,94,27,67,美好-楊梅,2024-06-13,5262
2367,燿華,78,14,64,美好-楊梅,2024-06-13,5262
3481,群創,56,0,56,美好-楊梅,2024-06-13,5262
00942B,台新美A公司債20+,54,0,54,美好-楊梅,2024-06-13,5262
2501,國建,52,1,51,美好-楊梅,2024-06-13,5262
2618,長榮航,68,21,47,美好-楊梅,2024-06-13,5262
00940,元大台灣價值高息,109,66,43,美好-楊梅,2024-06-13,5262
2515,中工,50,11,39,美好-楊梅,2024-06-13,5262
00738U,期元大道瓊白銀,30,0,30,美好-楊梅,2024-06-13,5262
00633L,富邦上証正2,30,0,30,美好-楊梅,2024-06-13,5262
5498,凱崴,29,0,29,美好-楊梅,2024-06-13,5262
2002,中鋼,26,0,26,美好-楊梅,2024-06-13,5262
2362,藍天,24,0,24,美好-楊梅,2024-06-13,5262
00632R,元大台灣50反1,34,11,23,美好-楊梅,2024-06-13,5262
1522,堤維西,27,5,22,美好-楊梅,2024-06-13,5262
00926,凱基全球菁英55,21,0,21,美好-楊梅,2024-06-13,5262
2867,三商壽,21,0,21,美好-楊梅,2024-06-13,5262
00712,復華富時不動產,20,0,20,美好-楊梅,2024-06-13,5262
6152,百一,20,0,20,美好-楊梅,2024-06-13,5262
1802,台玻,19,0,19,美好-楊梅,2024-06-13,5262
4991,環宇-KY,18,0,18,美好-楊梅,2024-06-13,5262
2606,裕民,19,1,18,美好-楊梅,2024-06-13,5262
00945B,凱基美國非投等債,16,0,16,美好-楊梅,2024-06-13,5262
00918,大華優利高填息30,19,4,15,美好-楊梅,2024-06-13,5262
00687B,國泰20年美債,16,1,15,美好-楊梅,2024-06-13,5262
00947,台新臺灣IC設計,15,0,15,美好-楊梅,2024-06-13,5262
6257,矽格,15,0,15,美好-楊梅,2024-06-13,5262
2610,華航,20,7,13,美好-楊梅,2024-06-13,5262
6207,雷科,47,34,13,美好-楊梅,2024-06-13,5262
00944,野村趨勢動能高息,11,0,11,美好-楊梅,2024-06-13,5262
6625,必應,11,0,11,美好-楊梅,2024-06-13,5262
912000,晨訊科-DR,21,10,11,美好-楊梅,2024-06-13,5262
1301,台塑,11,1,10,美好-楊梅,2024-06-13,5262
006208,富邦台50,10,0,10,美好-楊梅,2024-06-13,5262
6488,環球晶,10,0,10,美好-楊梅,2024-06-13,5262
2014,中鴻,10,0,10,美好-楊梅,2024-06-13,5262
2201,裕隆,11,1,10,美好-楊梅,2024-06-13,5262
2736,富野,10,0,10,美好-楊梅,2024-06-13,5262
3419,譁裕,10,0,10,美好-楊梅,2024-06-13,5262
3548,兆利,15,5,10,美好-楊梅,2024-06-13,5262
5284,jpp-KY,10,0,10,美好-楊梅,2024-06-13,5262
5381,合正,11,1,10,美好-楊梅,2024-06-13,5262
6187,萬潤,11,1,10,美好-楊梅,2024-06-13,5262
8021,尖點,10,0,10,美好-楊梅,2024-06-13,5262
9103,美德醫療-DR,10,0,10,美好-楊梅,2024-06-13,5262
00665L,富邦�琤肭磪囓�2,190,0,190,美好-楊梅,2024-06-14,5262
00919,群益台灣精選高息,169,37,132,美好-楊梅,2024-06-14,5262
00929,復華台灣科技優息,143,20,123,美好-楊梅,2024-06-14,5262
9105,泰金寶-DR,194,95,99,美好-楊梅,2024-06-14,5262
2371,大同,144,88,56,美好-楊梅,2024-06-14,5262
00936,台新永續高息中小,51,2,49,美好-楊梅,2024-06-14,5262
6770,力積電,108,64,44,美好-楊梅,2024-06-14,5262
00895,富邦未來車,38,0,38,美好-楊梅,2024-06-14,5262
2801,彰銀,30,0,30,美好-楊梅,2024-06-14,5262
2618,長榮航,30,5,25,美好-楊梅,2024-06-14,5262
8028,昇陽半導體,40,16,24,美好-楊梅,2024-06-14,5262
5347,世界,25,2,23,美好-楊梅,2024-06-14,5262
2002,中鋼,24,2,22,美好-楊梅,2024-06-14,5262
4562,穎漢,24,4,20,美好-楊梅,2024-06-14,5262
2342,茂矽,20,0,20,美好-楊梅,2024-06-14,5262
3048,益登,34,14,20,美好-楊梅,2024-06-14,5262
2610,華航,43,24,19,美好-楊梅,2024-06-14,5262
2609,陽明,96,77,19,美好-楊梅,2024-06-14,5262
2344,華邦電,22,3,19,美好-楊梅,2024-06-14,5262
3372,典範,21,2,19,美好-楊梅,2024-06-14,5262
3231,緯創,25,7,18,美好-楊梅,2024-06-14,5262
1445,大宇,17,0,17,美好-楊梅,2024-06-14,5262
3715,定穎投控,15,1,14,美好-楊梅,2024-06-14,5262
2324,仁寶,15,1,14,美好-楊梅,2024-06-14,5262
00687B,國泰20年美債,17,4,13,美好-楊梅,2024-06-14,5262
00632R,元大台灣50反1,13,0,13,美好-楊梅,2024-06-14,5262
00940,元大台灣價值高息,35,22,13,美好-楊梅,2024-06-14,5262
1802,台玻,25,13,12,美好-楊梅,2024-06-14,5262
3490,單井,15,3,12,美好-楊梅,2024-06-14,5262
6265,方土昶,14,2,12,美好-楊梅,2024-06-14,5262
3419,譁裕,12,1,11,美好-楊梅,2024-06-14,5262
3550,聯穎,11,0,11,美好-楊梅,2024-06-14,5262
5443,均豪,12,1,11,美好-楊梅,2024-06-14,5262
8093,保銳,11,0,11,美好-楊梅,2024-06-14,5262
00942B,台新美A公司債20+,10,0,10,美好-楊梅,2024-06-14,5262
2431,聯昌,10,0,10,美好-楊梅,2024-06-14,5262
2630,亞航,10,0,10,美好-楊梅,2024-06-14,5262
2736,富野,10,0,10,美好-楊梅,2024-06-14,5262
3038,全台,10,0,10,美好-楊梅,2024-06-14,5262
3162,精確,10,0,10,美好-楊梅,2024-06-14,5262
3704,合勤控,11,1,10,美好-楊梅,2024-06-14,5262
6182,合晶,10,0,10,美好-楊梅,2024-06-14,5262
4908,前鼎,10,0,10,美好-楊梅,2024-06-14,5262
2367,燿華,45,36,9,美好-楊梅,2024-06-14,5262
2613,中櫃,16,7,9,美好-楊梅,2024-06-14,5262
3055,蔚華科,13,4,9,美好-楊梅,2024-06-14,5262
6191,精成科,10,1,9,美好-楊梅,2024-06-14,5262
2440,太空梭,8,0,8,美好-楊梅,2024-06-14,5262
3149,正達,10,2,8,美好-楊梅,2024-06-14,5262
3202,樺晟,13,5,8,美好-楊梅,2024-06-14,5262
00929,復華台灣科技優息,160,68,92,美好-楊梅,2024-06-17,5262
00918,大華優利高填息30,52,0,52,美好-楊梅,2024-06-17,5262
00669R,國泰美國道瓊反1,50,0,50,美好-楊梅,2024-06-17,5262
00664R,國泰臺灣加權反1,50,0,50,美好-楊梅,2024-06-17,5262
2618,長榮航,46,0,46,美好-楊梅,2024-06-17,5262
00919,群益台灣精選高息,47,2,45,美好-楊梅,2024-06-17,5262
8093,保銳,56,17,39,美好-楊梅,2024-06-17,5262
2371,大同,146,108,38,美好-楊梅,2024-06-17,5262
00936,台新永續高息中小,43,9,34,美好-楊梅,2024-06-17,5262
1802,台玻,49,17,32,美好-楊梅,2024-06-17,5262
00712,復華富時不動產,31,0,31,美好-楊梅,2024-06-17,5262
00895,富邦未來車,28,0,28,美好-楊梅,2024-06-17,5262
2515,中工,43,15,28,美好-楊梅,2024-06-17,5262
1513,中興電,44,17,27,美好-楊梅,2024-06-17,5262
1609,大亞,33,6,27,美好-楊梅,2024-06-17,5262
1815,富喬,49,23,26,美好-楊梅,2024-06-17,5262
3149,正達,25,0,25,美好-楊梅,2024-06-17,5262
2356,英業達,29,6,23,美好-楊梅,2024-06-17,5262
6026,福邦證,23,0,23,美好-楊梅,2024-06-17,5262
2610,華航,32,10,22,美好-楊梅,2024-06-17,5262
2897,王道銀行,21,0,21,美好-楊梅,2024-06-17,5262
00937B,群益ESG投等債20,21,1,20,美好-楊梅,2024-06-17,5262
1616,億泰,22,2,20,美好-楊梅,2024-06-17,5262
2615,萬海,38,19,19,美好-楊梅,2024-06-17,5262
2614,東森,20,1,19,美好-楊梅,2024-06-17,5262
2641,正德,24,5,19,美好-楊梅,2024-06-17,5262
5243,乙盛-KY,21,2,19,美好-楊梅,2024-06-17,5262
9105,泰金寶-DR,51,32,19,美好-楊梅,2024-06-17,5262
2323,中環,17,0,17,美好-楊梅,2024-06-17,5262
3260,威剛,16,0,16,美好-楊梅,2024-06-17,5262
2867,三商壽,16,0,16,美好-楊梅,2024-06-17,5262
2888,新光金,25,10,15,美好-楊梅,2024-06-17,5262
1734,杏輝,21,7,14,美好-楊梅,2024-06-17,5262
00946,群益科技高息成長,15,1,14,美好-楊梅,2024-06-17,5262
00940,元大台灣價值高息,90,76,14,美好-楊梅,2024-06-17,5262
1503,士電,22,9,13,美好-楊梅,2024-06-17,5262
5522,遠雄,13,0,13,美好-楊梅,2024-06-17,5262
00948B,中信優息投資級債,12,0,12,美好-楊梅,2024-06-17,5262
8105,凌巨,12,0,12,美好-楊梅,2024-06-17,5262
911868,同方友友-DR,12,0,12,美好-楊梅,2024-06-17,5262
5371,中光電,11,0,11,美好-楊梅,2024-06-17,5262
912000,晨訊科-DR,17,6,11,美好-楊梅,2024-06-17,5262
2537,聯上發,15,4,11,美好-楊梅,2024-06-17,5262
2352,佳世達,10,0,10,美好-楊梅,2024-06-17,5262
2382,廣達,13,3,10,美好-楊梅,2024-06-17,5262
3231,緯創,16,6,10,美好-楊梅,2024-06-17,5262
3712,永崴投控,10,0,10,美好-楊梅,2024-06-17,5262
2317,鴻海,38,28,10,美好-楊梅,2024-06-17,5262
00679B,元大美債20年,11,2,9,美好-楊梅,2024-06-17,5262
6592,和潤企業,10,1,9,美好-楊梅,2024-06-17,5262
00936,台新永續高息中小,200,2,198,美好-楊梅,2024-06-18,5262
9103,美德醫療-DR,80,20,60,美好-楊梅,2024-06-18,5262
9105,泰金寶-DR,115,63,52,美好-楊梅,2024-06-18,5262
00935,野村臺灣新科技50,48,0,48,美好-楊梅,2024-06-18,5262
00918,大華優利高填息30,65,18,47,美好-楊梅,2024-06-18,5262
00937B,群益ESG投等債20,74,30,44,美好-楊梅,2024-06-18,5262
2303,聯電,61,22,39,美好-楊梅,2024-06-18,5262
00946,群益科技高息成長,35,0,35,美好-楊梅,2024-06-18,5262
5522,遠雄,31,0,31,美好-楊梅,2024-06-18,5262
912000,晨訊科-DR,55,26,29,美好-楊梅,2024-06-18,5262
9919,康那香,29,0,29,美好-楊梅,2024-06-18,5262
2641,正德,20,0,20,美好-楊梅,2024-06-18,5262
5202,力新,23,3,20,美好-楊梅,2024-06-18,5262
1504,東元,21,2,19,美好-楊梅,2024-06-18,5262
00947,台新臺灣IC設計,16,0,16,美好-楊梅,2024-06-18,5262
2929,淘帝-KY,16,0,16,美好-楊梅,2024-06-18,5262
2832,台產,15,0,15,美好-楊梅,2024-06-18,5262
6016,康和證,15,0,15,美好-楊梅,2024-06-18,5262
8105,凌巨,16,1,15,美好-楊梅,2024-06-18,5262
5475,德宏,14,0,14,美好-楊梅,2024-06-18,5262
2374,佳能,12,0,12,美好-楊梅,2024-06-18,5262
00948B,中信優息投資級債,12,0,12,美好-楊梅,2024-06-18,5262
2369,菱生,12,0,12,美好-楊梅,2024-06-18,5262
1301,台塑,11,0,11,美好-楊梅,2024-06-18,5262
5351,鈺創,15,4,11,美好-楊梅,2024-06-18,5262
2317,鴻海,46,36,10,美好-楊梅,2024-06-18,5262
4566,時碩工業,22,11,11,美好-楊梅,2024-06-18,5262
2353,宏��,29,19,10,美好-楊梅,2024-06-18,5262
2385,群光,10,0,10,美好-楊梅,2024-06-18,5262
00924,復華S＆P500成長,10,0,10,美好-楊梅,2024-06-18,5262
1802,台玻,15,5,10,美好-楊梅,2024-06-18,5262
1815,富喬,39,29,10,美好-楊梅,2024-06-18,5262
3171,炎洲流通,10,0,10,美好-楊梅,2024-06-18,5262
5490,同亨,14,4,10,美好-楊梅,2024-06-18,5262
6284,佳邦,10,0,10,美好-楊梅,2024-06-18,5262
8011,台通,11,1,10,美好-楊梅,2024-06-18,5262
8103,瀚荃,12,2,10,美好-楊梅,2024-06-18,5262
8936,國統,12,2,10,美好-楊梅,2024-06-18,5262
2409,友達,11,2,9,美好-楊梅,2024-06-18,5262
00632R,元大台灣50反1,29,20,9,美好-楊梅,2024-06-18,5262
2002,中鋼,16,7,9,美好-楊梅,2024-06-18,5262
2887,台新金,10,2,8,美好-楊梅,2024-06-18,5262
3363,上詮,12,4,8,美好-楊梅,2024-06-18,5262
8261,富鼎,10,2,8,美好-楊梅,2024-06-18,5262
6282,康舒,23,16,7,美好-楊梅,2024-06-18,5262
00687B,國泰20年美債,19,12,7,美好-楊梅,2024-06-18,5262
00671R,富邦NASDAQ反1,7,0,7,美好-楊梅,2024-06-18,5262
2352,佳世達,13,6,7,美好-楊梅,2024-06-18,5262
2489,瑞軒,7,0,7,美好-楊梅,2024-06-18,5262
2515,中工,11,4,7,美好-楊梅,2024-06-18,5262
00632R,元大台灣50反1,191,10,181,美好-楊梅,2024-06-19,5262
00929,復華台灣科技優息,160,82,78,美好-楊梅,2024-06-19,5262
00937B,群益ESG投等債20,78,7,71,美好-楊梅,2024-06-19,5262
00940,元大台灣價值高息,118,53,65,美好-楊梅,2024-06-19,5262
00671R,富邦NASDAQ反1,63,0,63,美好-楊梅,2024-06-19,5262
2303,聯電,126,73,53,美好-楊梅,2024-06-19,5262
2323,中環,50,11,39,美好-楊梅,2024-06-19,5262
9105,泰金寶-DR,50,17,33,美好-楊梅,2024-06-19,5262
3048,益登,46,14,32,美好-楊梅,2024-06-19,5262
2476,鉅祥,37,6,31,美好-楊梅,2024-06-19,5262
8011,台通,33,2,31,美好-楊梅,2024-06-19,5262
00673R,期元大S＆P原油反1,28,0,28,美好-楊梅,2024-06-19,5262
2344,華邦電,52,26,26,美好-楊梅,2024-06-19,5262
3013,晟銘電,51,25,26,美好-楊梅,2024-06-19,5262
6213,聯茂,24,1,23,美好-楊梅,2024-06-19,5262
3537,堡達,22,0,22,美好-楊梅,2024-06-19,5262
1815,富喬,39,17,22,美好-楊梅,2024-06-19,5262
2365,昆盈,39,19,20,美好-楊梅,2024-06-19,5262
1589,永冠-KY,20,0,20,美好-楊梅,2024-06-19,5262
6190,萬泰科,29,9,20,美好-楊梅,2024-06-19,5262
8147,正淩,25,5,20,美好-楊梅,2024-06-19,5262
1301,台塑,20,1,19,美好-楊梅,2024-06-19,5262
2809,京城銀,21,2,19,美好-楊梅,2024-06-19,5262
8936,國統,22,4,18,美好-楊梅,2024-06-19,5262
3062,建漢,52,34,18,美好-楊梅,2024-06-19,5262
6274,台燿,17,0,17,美好-楊梅,2024-06-19,5262
5347,世界,25,8,17,美好-楊梅,2024-06-19,5262
2501,國建,16,1,15,美好-楊梅,2024-06-19,5262
8093,保銳,15,0,15,美好-楊梅,2024-06-19,5262
2392,正崴,20,6,14,美好-楊梅,2024-06-19,5262
00918,大華優利高填息30,13,0,13,美好-楊梅,2024-06-19,5262
2610,華航,40,28,12,美好-楊梅,2024-06-19,5262
00830,國泰費城半導體,11,0,11,美好-楊梅,2024-06-19,5262
1618,合機,15,4,11,美好-楊梅,2024-06-19,5262
2025,千興,11,0,11,美好-楊梅,2024-06-19,5262
2204,中華,15,4,11,美好-楊梅,2024-06-19,5262
00946,群益科技高息成長,11,1,10,美好-楊梅,2024-06-19,5262
00947,台新臺灣IC設計,10,0,10,美好-楊梅,2024-06-19,5262
1108,幸福,10,0,10,美好-楊梅,2024-06-19,5262
1540,喬福,10,0,10,美好-楊梅,2024-06-19,5262
2613,中櫃,27,17,10,美好-楊梅,2024-06-19,5262
6016,康和證,20,10,10,美好-楊梅,2024-06-19,5262
8021,尖點,10,0,10,美好-楊梅,2024-06-19,5262
8105,凌巨,13,3,10,美好-楊梅,2024-06-19,5262
8064,東捷,14,4,10,美好-楊梅,2024-06-19,5262
00936,台新永續高息中小,193,183,10,美好-楊梅,2024-06-19,5262
1504,東元,9,0,9,美好-楊梅,2024-06-19,5262
3260,威剛,19,10,9,美好-楊梅,2024-06-19,5262
6664,群翊,9,0,9,美好-楊梅,2024-06-19,5262
8103,瀚荃,15,6,9,美好-楊梅,2024-06-19,5262
00937B,群益ESG投等債20,129,6,123,美好-楊梅,2024-06-20,5262
00936,台新永續高息中小,100,0,100,美好-楊梅,2024-06-20,5262
00940,元大台灣價值高息,116,22,94,美好-楊梅,2024-06-20,5262
4716,大立,70,0,70,美好-楊梅,2024-06-20,5262
2867,三商壽,57,0,57,美好-楊梅,2024-06-20,5262
00929,復華台灣科技優息,73,18,55,美好-楊梅,2024-06-20,5262
2382,廣達,68,18,50,美好-楊梅,2024-06-20,5262
00891,中信關鍵半導體,43,1,42,美好-楊梅,2024-06-20,5262
00632R,元大台灣50反1,38,0,38,美好-楊梅,2024-06-20,5262
8105,凌巨,42,4,38,美好-楊梅,2024-06-20,5262
8277,商丞,39,7,32,美好-楊梅,2024-06-20,5262
2801,彰銀,30,1,29,美好-楊梅,2024-06-20,5262
4526,東台,53,25,28,美好-楊梅,2024-06-20,5262
6834,天二科技,35,10,25,美好-楊梅,2024-06-20,5262
2353,宏��,63,39,24,美好-楊梅,2024-06-20,5262
6182,合晶,26,2,24,美好-楊梅,2024-06-20,5262
5498,凱崴,23,0,23,美好-楊梅,2024-06-20,5262
1503,士電,39,17,22,美好-楊梅,2024-06-20,5262
4915,致伸,21,0,21,美好-楊梅,2024-06-20,5262
2409,友達,21,1,20,美好-楊梅,2024-06-20,5262
2888,新光金,48,29,19,美好-楊梅,2024-06-20,5262
8050,廣積,24,5,19,美好-楊梅,2024-06-20,5262
00712,復華富時不動產,18,0,18,美好-楊梅,2024-06-20,5262
3060,銘異,20,2,18,美好-楊梅,2024-06-20,5262
00947,台新臺灣IC設計,17,0,17,美好-楊梅,2024-06-20,5262
00915,凱基優選高股息30,17,1,16,美好-楊梅,2024-06-20,5262
8070,長華*,16,0,16,美好-楊梅,2024-06-20,5262
2641,正德,20,5,15,美好-楊梅,2024-06-20,5262
1605,華新,16,2,14,美好-楊梅,2024-06-20,5262
1609,大亞,28,14,14,美好-楊梅,2024-06-20,5262
3033,威健,14,0,14,美好-楊梅,2024-06-20,5262
006208,富邦台50,13,0,13,美好-楊梅,2024-06-20,5262
0052,富邦科技,13,0,13,美好-楊梅,2024-06-20,5262
00948B,中信優息投資級債,13,0,13,美好-楊梅,2024-06-20,5262
2883,凱基金,15,2,13,美好-楊梅,2024-06-20,5262
9945,潤泰新,15,2,13,美好-楊梅,2024-06-20,5262
3339,泰谷,13,1,12,美好-楊梅,2024-06-20,5262
3105,穩懋,18,6,12,美好-楊梅,2024-06-20,5262
3580,友威科,13,1,12,美好-楊梅,2024-06-20,5262
2356,英業達,84,72,12,美好-楊梅,2024-06-20,5262
1529,樂事綠能,13,2,11,美好-楊梅,2024-06-20,5262
2762,世界健身-KY,11,0,11,美好-楊梅,2024-06-20,5262
00795B,中信美國公債20年,10,0,10,美好-楊梅,2024-06-20,5262
1611,中電,10,0,10,美好-楊梅,2024-06-20,5262
2449,京元電子,21,11,10,美好-楊梅,2024-06-20,5262
2515,中工,10,0,10,美好-楊梅,2024-06-20,5262
2834,臺企銀,20,10,10,美好-楊梅,2024-06-20,5262
2887,台新金,10,0,10,美好-楊梅,2024-06-20,5262
6235,華孚,13,3,10,美好-楊梅,2024-06-20,5262
6244,茂迪,10,0,10,美好-楊梅,2024-06-20,5262
00936,台新永續高息中小,83,3,80,美好-楊梅,2024-06-21,5262
2317,鴻海,105,41,64,美好-楊梅,2024-06-21,5262
00915,凱基優選高股息30,63,0,63,美好-楊梅,2024-06-21,5262
00937B,群益ESG投等債20,62,0,62,美好-楊梅,2024-06-21,5262
3481,群創,225,166,59,美好-楊梅,2024-06-21,5262
00940,元大台灣價值高息,97,39,58,美好-楊梅,2024-06-21,5262
00947,台新臺灣IC設計,71,14,57,美好-楊梅,2024-06-21,5262
2609,陽明,96,51,45,美好-楊梅,2024-06-21,5262
2504,國產,39,2,37,美好-楊梅,2024-06-21,5262
2615,萬海,65,34,31,美好-楊梅,2024-06-21,5262
2548,華固,30,0,30,美好-楊梅,2024-06-21,5262
1301,台塑,30,1,29,美好-楊梅,2024-06-21,5262
1737,臺鹽,28,0,28,美好-楊梅,2024-06-21,5262
00933B,國泰10Y+金融債,24,0,24,美好-楊梅,2024-06-21,5262
2002,中鋼,29,5,24,美好-楊梅,2024-06-21,5262
2385,群光,23,0,23,美好-楊梅,2024-06-21,5262
00881,國泰台灣5G+,23,1,22,美好-楊梅,2024-06-21,5262
2330,台積電,24,2,22,美好-楊梅,2024-06-21,5262
6770,力積電,47,26,21,美好-楊梅,2024-06-21,5262
00738U,期元大道瓊白銀,20,0,20,美好-楊梅,2024-06-21,5262
00679B,元大美債20年,20,0,20,美好-楊梅,2024-06-21,5262
00946,群益科技高息成長,19,0,19,美好-楊梅,2024-06-21,5262
2606,裕民,19,1,18,美好-楊梅,2024-06-21,5262
4968,立積,24,6,18,美好-楊梅,2024-06-21,5262
2382,廣達,33,16,17,美好-楊梅,2024-06-21,5262
2374,佳能,22,5,17,美好-楊梅,2024-06-21,5262
00636,國泰中國A50,17,0,17,美好-楊梅,2024-06-21,5262
00878,國泰永續高股息,19,3,16,美好-楊梅,2024-06-21,5262
912000,晨訊科-DR,19,3,16,美好-楊梅,2024-06-21,5262
4956,光鋐,18,3,15,美好-楊梅,2024-06-21,5262
6901,鑽石投資,15,0,15,美好-楊梅,2024-06-21,5262
8277,商丞,16,1,15,美好-楊梅,2024-06-21,5262
3048,益登,17,2,15,美好-楊梅,2024-06-21,5262
3260,威剛,16,2,14,美好-楊梅,2024-06-21,5262
3576,聯合再生,13,0,13,美好-楊梅,2024-06-21,5262
2352,佳世達,13,1,12,美好-楊梅,2024-06-21,5262
2476,鉅祥,19,7,12,美好-楊梅,2024-06-21,5262
2355,敬鵬,11,0,11,美好-楊梅,2024-06-21,5262
6217,中探針,13,2,11,美好-楊梅,2024-06-21,5262
8121,越峰,12,1,11,美好-楊梅,2024-06-21,5262
8064,東捷,28,17,11,美好-楊梅,2024-06-21,5262
2363,矽統,15,4,11,美好-楊梅,2024-06-21,5262
3047,訊舟,34,24,10,美好-楊梅,2024-06-21,5262
2354,鴻準,36,26,10,美好-楊梅,2024-06-21,5262
2412,中華電,10,0,10,美好-楊梅,2024-06-21,5262
00942B,台新美A公司債20+,10,0,10,美好-楊梅,2024-06-21,5262
00753L,中信中國50正2,10,0,10,美好-楊梅,2024-06-21,5262
2022,聚亨,10,0,10,美好-楊梅,2024-06-21,5262
2465,麗臺,10,0,10,美好-楊梅,2024-06-21,5262
2743,山富,10,0,10,美好-楊梅,2024-06-21,5262
3481,群創,321,192,129,美好-楊梅,2024-06-24,5262
00706L,期元大S＆P日圓正2,110,0,110,美好-楊梅,2024-06-24,5262
2409,友達,85,14,71,美好-楊梅,2024-06-24,5262
5469,瀚宇博,69,0,69,美好-楊梅,2024-06-24,5262
2303,聯電,85,22,63,美好-楊梅,2024-06-24,5262
5328,華容,66,14,52,美好-楊梅,2024-06-24,5262
00929,復華台灣科技優息,193,143,50,美好-楊梅,2024-06-24,5262
3062,建漢,98,62,36,美好-楊梅,2024-06-24,5262
1785,光洋科,65,30,35,美好-楊梅,2024-06-24,5262
6239,力成,39,5,34,美好-楊梅,2024-06-24,5262
2369,菱生,53,21,32,美好-楊梅,2024-06-24,5262
3231,緯創,53,25,28,美好-楊梅,2024-06-24,5262
2317,鴻海,61,36,25,美好-楊梅,2024-06-24,5262
00939,統一台灣高息動能,31,6,25,美好-楊梅,2024-06-24,5262
2371,大同,32,7,25,美好-楊梅,2024-06-24,5262
1301,台塑,23,1,22,美好-楊梅,2024-06-24,5262
2312,金寶,28,7,21,美好-楊梅,2024-06-24,5262
2801,彰銀,21,0,21,美好-楊梅,2024-06-24,5262
00936,台新永續高息中小,126,106,20,美好-楊梅,2024-06-24,5262
00941,中信上游半導體,20,0,20,美好-楊梅,2024-06-24,5262
2516,新建,20,0,20,美好-楊梅,2024-06-24,5262
4510,高鋒,20,0,20,美好-楊梅,2024-06-24,5262
6015,宏遠證,20,0,20,美好-楊梅,2024-06-24,5262
2344,華邦電,19,0,19,美好-楊梅,2024-06-24,5262
00919,群益台灣精選高息,142,123,19,美好-楊梅,2024-06-24,5262
00915,凱基優選高股息30,17,0,17,美好-楊梅,2024-06-24,5262
1503,士電,25,8,17,美好-楊梅,2024-06-24,5262
1229,聯華,17,1,16,美好-楊梅,2024-06-24,5262
00712,復華富時不動產,16,0,16,美好-楊梅,2024-06-24,5262
6770,力積電,17,1,16,美好-楊梅,2024-06-24,5262
2330,台積電,25,10,15,美好-楊梅,2024-06-24,5262
1326,台化,15,0,15,美好-楊梅,2024-06-24,5262
6589,台康生技,16,1,15,美好-楊梅,2024-06-24,5262
6695,芯鼎,21,6,15,美好-楊梅,2024-06-24,5262
2609,陽明,25,11,14,美好-楊梅,2024-06-24,5262
00881,國泰台灣5G+,15,1,14,美好-楊梅,2024-06-24,5262
4564,元翎,14,0,14,美好-楊梅,2024-06-24,5262
6443,元晶,31,17,14,美好-楊梅,2024-06-24,5262
00946,群益科技高息成長,12,0,12,美好-楊梅,2024-06-24,5262
1309,台達化,16,4,12,美好-楊梅,2024-06-24,5262
2489,瑞軒,14,2,12,美好-楊梅,2024-06-24,5262
2342,茂矽,11,0,11,美好-楊梅,2024-06-24,5262
2897,王道銀行,11,0,11,美好-楊梅,2024-06-24,5262
2355,敬鵬,14,3,11,美好-楊梅,2024-06-24,5262
00937B,群益ESG投等債20,41,31,10,美好-楊梅,2024-06-24,5262
00947,台新臺灣IC設計,22,12,10,美好-楊梅,2024-06-24,5262
2025,千興,10,0,10,美好-楊梅,2024-06-24,5262
4716,大立,10,0,10,美好-楊梅,2024-06-24,5262
5234,達興材料,9,0,9,美好-楊梅,2024-06-24,5262
00895,富邦未來車,9,0,9,美好-楊梅,2024-06-24,5262
2409,友達,165,5,160,美好-楊梅,2024-06-25,5262
2303,聯電,167,23,144,美好-楊梅,2024-06-25,5262
00929,復華台灣科技優息,161,42,119,美好-楊梅,2024-06-25,5262
00919,群益台灣精選高息,104,33,71,美好-楊梅,2024-06-25,5262
00937B,群益ESG投等債20,64,0,64,美好-楊梅,2024-06-25,5262
9105,泰金寶-DR,67,22,45,美好-楊梅,2024-06-25,5262
3011,今皓,30,0,30,美好-楊梅,2024-06-25,5262
3231,緯創,40,11,29,美好-楊梅,2024-06-25,5262
00946,群益科技高息成長,26,0,26,美好-楊梅,2024-06-25,5262
1303,南亞,24,0,24,美好-楊梅,2024-06-25,5262
2834,臺企銀,29,5,24,美好-楊梅,2024-06-25,5262
3025,星通,27,3,24,美好-楊梅,2024-06-25,5262
2356,英業達,36,13,23,美好-楊梅,2024-06-25,5262
6443,元晶,26,4,22,美好-楊梅,2024-06-25,5262
2002,中鋼,22,1,21,美好-楊梅,2024-06-25,5262
1785,光洋科,41,20,21,美好-楊梅,2024-06-25,5262
6120,達運,29,8,21,美好-楊梅,2024-06-25,5262
00680L,元大美債20正2,20,0,20,美好-楊梅,2024-06-25,5262
8222,寶一,20,0,20,美好-楊梅,2024-06-25,5262
2352,佳世達,39,20,19,美好-楊梅,2024-06-25,5262
3048,益登,16,0,16,美好-楊梅,2024-06-25,5262
3663,鑫科,31,15,16,美好-楊梅,2024-06-25,5262
8110,華東,28,13,15,美好-楊梅,2024-06-25,5262
3037,欣興,22,8,14,美好-楊梅,2024-06-25,5262
8112,至上,14,0,14,美好-楊梅,2024-06-25,5262
2610,華航,23,10,13,美好-楊梅,2024-06-25,5262
2344,華邦電,13,0,13,美好-楊梅,2024-06-25,5262
3591,艾笛森,21,9,12,美好-楊梅,2024-06-25,5262
2449,京元電子,17,6,11,美好-楊梅,2024-06-25,5262
00936,台新永續高息中小,44,33,11,美好-楊梅,2024-06-25,5262
2301,光寶科,11,0,11,美好-楊梅,2024-06-25,5262
2537,聯上發,12,1,11,美好-楊梅,2024-06-25,5262
2801,彰銀,11,0,11,美好-楊梅,2024-06-25,5262
4956,光鋐,14,3,11,美好-楊梅,2024-06-25,5262
9941,裕融,11,0,11,美好-楊梅,2024-06-25,5262
2464,盟立,37,26,11,美好-楊梅,2024-06-25,5262
3035,智原,16,6,10,美好-楊梅,2024-06-25,5262
5452,佶優,62,52,10,美好-楊梅,2024-06-25,5262
00706L,期元大S＆P日圓正2,10,0,10,美好-楊梅,2024-06-25,5262
1618,合機,16,6,10,美好-楊梅,2024-06-25,5262
3234,光環,10,0,10,美好-楊梅,2024-06-25,5262
3264,欣銓,11,1,10,美好-楊梅,2024-06-25,5262
4716,大立,10,0,10,美好-楊梅,2024-06-25,5262
5340,建榮,10,0,10,美好-楊梅,2024-06-25,5262
6175,立敦,10,0,10,美好-楊梅,2024-06-25,5262
6189,豐藝,10,0,10,美好-楊梅,2024-06-25,5262
2542,興富發,10,0,10,美好-楊梅,2024-06-25,5262
2883,凱基金,12,3,9,美好-楊梅,2024-06-25,5262
3450,聯鈞,19,10,9,美好-楊梅,2024-06-25,5262
00918,大華優利高填息30,10,1,9,美好-楊梅,2024-06-25,5262
00946,群益科技高息成長,161,0,161,美好-楊梅,2024-06-26,5262
00947,台新臺灣IC設計,100,2,98,美好-楊梅,2024-06-26,5262
2887,台新金,83,0,83,美好-楊梅,2024-06-26,5262
2409,友達,76,2,74,美好-楊梅,2024-06-26,5262
2002,中鋼,67,1,66,美好-楊梅,2024-06-26,5262
5450,南良,40,0,40,美好-楊梅,2024-06-26,5262
2317,鴻海,46,13,33,美好-楊梅,2024-06-26,5262
00679B,元大美債20年,42,10,32,美好-楊梅,2024-06-26,5262
2344,華邦電,48,17,31,美好-楊梅,2024-06-26,5262
2228,劍麟,30,0,30,美好-楊梅,2024-06-26,5262
9105,泰金寶-DR,47,20,27,美好-楊梅,2024-06-26,5262
8110,華東,37,12,25,美好-楊梅,2024-06-26,5262
3623,富晶通,25,0,25,美好-楊梅,2024-06-26,5262
3062,建漢,32,8,24,美好-楊梅,2024-06-26,5262
00881,國泰台灣5G+,22,0,22,美好-楊梅,2024-06-26,5262
00878,國泰永續高股息,24,2,22,美好-楊梅,2024-06-26,5262
00918,大華優利高填息30,21,0,21,美好-楊梅,2024-06-26,5262
8222,寶一,21,0,21,美好-楊梅,2024-06-26,5262
2230,泰茂,20,0,20,美好-楊梅,2024-06-26,5262
5608,四維航,22,2,20,美好-楊梅,2024-06-26,5262
6116,彩晶,20,1,19,美好-楊梅,2024-06-26,5262
2603,長榮,21,2,19,美好-楊梅,2024-06-26,5262
1303,南亞,22,4,18,美好-楊梅,2024-06-26,5262
2401,凌陽,25,7,18,美好-楊梅,2024-06-26,5262
3576,聯合再生,35,17,18,美好-楊梅,2024-06-26,5262
6152,百一,26,8,18,美好-楊梅,2024-06-26,5262
00713,元大台灣高息低波,17,0,17,美好-楊梅,2024-06-26,5262
2834,臺企銀,23,6,17,美好-楊梅,2024-06-26,5262
3231,緯創,25,8,17,美好-楊梅,2024-06-26,5262
3693,營邦,16,0,16,美好-楊梅,2024-06-26,5262
00940,元大台灣價值高息,23,8,15,美好-楊梅,2024-06-26,5262
2329,華泰,15,0,15,美好-楊梅,2024-06-26,5262
6269,台郡,15,0,15,美好-楊梅,2024-06-26,5262
2367,燿華,15,1,14,美好-楊梅,2024-06-26,5262
1802,台玻,15,1,14,美好-楊梅,2024-06-26,5262
2354,鴻準,23,9,14,美好-楊梅,2024-06-26,5262
00929,復華台灣科技優息,50,36,14,美好-楊梅,2024-06-26,5262
6139,亞翔,17,4,13,美好-楊梅,2024-06-26,5262
2882,國泰金,17,5,12,美好-楊梅,2024-06-26,5262
2641,正德,12,0,12,美好-楊梅,2024-06-26,5262
3535,晶彩科,21,9,12,美好-楊梅,2024-06-26,5262
5452,佶優,23,11,12,美好-楊梅,2024-06-26,5262
1215,卜蜂,11,0,11,美好-楊梅,2024-06-26,5262
2537,聯上發,11,0,11,美好-楊梅,2024-06-26,5262
3580,友威科,17,6,11,美好-楊梅,2024-06-26,5262
1301,台塑,14,4,10,美好-楊梅,2024-06-26,5262
2412,中華電,11,1,10,美好-楊梅,2024-06-26,5262
2610,華航,12,2,10,美好-楊梅,2024-06-26,5262
3149,正達,19,9,10,美好-楊梅,2024-06-26,5262
3666,光耀,12,2,10,美好-楊梅,2024-06-26,5262
00665L,富邦�琤肭磪囓�2,204,20,184,美好-楊梅,2024-06-27,5262
00937B,群益ESG投等債20,126,0,126,美好-楊梅,2024-06-27,5262
00929,復華台灣科技優息,127,2,125,美好-楊梅,2024-06-27,5262
00687B,國泰20年美債,75,0,75,美好-楊梅,2024-06-27,5262
00936,台新永續高息中小,69,0,69,美好-楊梅,2024-06-27,5262
1609,大亞,85,28,57,美好-楊梅,2024-06-27,5262
00919,群益台灣精選高息,48,8,40,美好-楊梅,2024-06-27,5262
3049,精金,40,0,40,美好-楊梅,2024-06-27,5262
6770,力積電,32,2,30,美好-楊梅,2024-06-27,5262
2885,元大金,28,0,28,美好-楊梅,2024-06-27,5262
00934,中信成長高股息,25,0,25,美好-楊梅,2024-06-27,5262
2303,聯電,27,2,25,美好-楊梅,2024-06-27,5262
3481,群創,75,51,24,美好-楊梅,2024-06-27,5262
2301,光寶科,26,2,24,美好-楊梅,2024-06-27,5262
3712,永崴投控,33,10,23,美好-楊梅,2024-06-27,5262
4109,加捷生醫,27,5,22,美好-楊梅,2024-06-27,5262
1815,富喬,27,5,22,美好-楊梅,2024-06-27,5262
3338,泰碩,26,5,21,美好-楊梅,2024-06-27,5262
2887,台新金,26,6,20,美好-楊梅,2024-06-27,5262
2897,王道銀行,20,0,20,美好-楊梅,2024-06-27,5262
4167,松瑞藥,70,50,20,美好-楊梅,2024-06-27,5262
6265,方土昶,20,0,20,美好-楊梅,2024-06-27,5262
8089,康全電訊,20,0,20,美好-楊梅,2024-06-27,5262
00933B,國泰10Y+金融債,16,0,16,美好-楊梅,2024-06-27,5262
1303,南亞,16,0,16,美好-楊梅,2024-06-27,5262
3013,晟銘電,31,15,16,美好-楊梅,2024-06-27,5262
2412,中華電,15,0,15,美好-楊梅,2024-06-27,5262
4550,長佳,15,0,15,美好-楊梅,2024-06-27,5262
5450,南良,15,0,15,美好-楊梅,2024-06-27,5262
2329,華泰,14,0,14,美好-楊梅,2024-06-27,5262
00679B,元大美債20年,16,2,14,美好-楊梅,2024-06-27,5262
6869,雲豹能源,22,9,13,美好-楊梅,2024-06-27,5262
00753L,中信中國50正2,13,0,13,美好-楊梅,2024-06-27,5262
6414,樺漢,16,3,13,美好-楊梅,2024-06-27,5262
00650L,復華香港正2,12,0,12,美好-楊梅,2024-06-27,5262
3312,弘憶股,43,31,12,美好-楊梅,2024-06-27,5262
00948B,中信優息投資級債,12,0,12,美好-楊梅,2024-06-27,5262
6806,森崴能源,60,49,11,美好-楊梅,2024-06-27,5262
00939,統一台灣高息動能,11,0,11,美好-楊梅,2024-06-27,5262
8374,羅昇,12,1,11,美好-楊梅,2024-06-27,5262
00942B,台新美A公司債20+,10,0,10,美好-楊梅,2024-06-27,5262
00636,國泰中國A50,10,0,10,美好-楊梅,2024-06-27,5262
1304,台聚,10,0,10,美好-楊梅,2024-06-27,5262
2641,正德,13,3,10,美好-楊梅,2024-06-27,5262
3390,旭軟,12,2,10,美好-楊梅,2024-06-27,5262
3576,聯合再生,49,39,10,美好-楊梅,2024-06-27,5262
4768,晶呈科技,10,0,10,美好-楊梅,2024-06-27,5262
9934,成霖,11,1,10,美好-楊梅,2024-06-27,5262
00878,國泰永續高股息,15,6,9,美好-楊梅,2024-06-27,5262
3149,正達,12,3,9,美好-楊梅,2024-06-27,5262
00676R,富邦臺灣加權反1,200,0,200,美好-楊梅,2024-06-28,5262
3481,群創,177,18,159,美好-楊梅,2024-06-28,5262
3576,聯合再生,174,28,146,美好-楊梅,2024-06-28,5262
00936,台新永續高息中小,117,0,117,美好-楊梅,2024-06-28,5262
2882,國泰金,94,10,84,美好-楊梅,2024-06-28,5262
00929,復華台灣科技優息,135,55,80,美好-楊梅,2024-06-28,5262
00947,台新臺灣IC設計,72,1,71,美好-楊梅,2024-06-28,5262
2303,聯電,63,10,53,美好-楊梅,2024-06-28,5262
00918,大華優利高填息30,50,0,50,美好-楊梅,2024-06-28,5262
3202,樺晟,42,2,40,美好-楊梅,2024-06-28,5262
4157,太景*-KY,30,0,30,美好-楊梅,2024-06-28,5262
2610,華航,37,8,29,美好-楊梅,2024-06-28,5262
2301,光寶科,35,6,29,美好-楊梅,2024-06-28,5262
6182,合晶,26,0,26,美好-楊梅,2024-06-28,5262
1617,榮星,25,0,25,美好-楊梅,2024-06-28,5262
9136,巨騰-DR,25,0,25,美好-楊梅,2024-06-28,5262
00878,國泰永續高股息,36,12,24,美好-楊梅,2024-06-28,5262
3607,谷崧,22,0,22,美好-楊梅,2024-06-28,5262
2406,國碩,42,20,22,美好-楊梅,2024-06-28,5262
2888,新光金,36,15,21,美好-楊梅,2024-06-28,5262
00679B,元大美債20年,23,2,21,美好-楊梅,2024-06-28,5262
2337,旺宏,27,6,21,美好-楊梅,2024-06-28,5262
00937B,群益ESG投等債20,40,20,20,美好-楊梅,2024-06-28,5262
00632R,元大台灣50反1,20,0,20,美好-楊梅,2024-06-28,5262
2801,彰銀,20,0,20,美好-楊梅,2024-06-28,5262
4550,長佳,20,0,20,美好-楊梅,2024-06-28,5262
911868,同方友友-DR,20,0,20,美好-楊梅,2024-06-28,5262
2324,仁寶,16,0,16,美好-楊梅,2024-06-28,5262
2353,宏��,15,1,14,美好-楊梅,2024-06-28,5262
3083,網龍,16,2,14,美好-楊梅,2024-06-28,5262
8076,伍豐,16,2,14,美好-楊梅,2024-06-28,5262
00712,復華富時不動產,13,0,13,美好-楊梅,2024-06-28,5262
2317,鴻海,29,16,13,美好-楊梅,2024-06-28,5262
2812,台中銀,13,0,13,美好-楊梅,2024-06-28,5262
00720B,元大投資級公司債,13,0,13,美好-楊梅,2024-06-28,5262
2367,燿華,51,38,13,美好-楊梅,2024-06-28,5262
6443,元晶,32,20,12,美好-楊梅,2024-06-28,5262
6215,和椿,16,4,12,美好-楊梅,2024-06-28,5262
2002,中鋼,14,3,11,美好-楊梅,2024-06-28,5262
00948B,中信優息投資級債,11,0,11,美好-楊梅,2024-06-28,5262
00687B,國泰20年美債,11,0,11,美好-楊梅,2024-06-28,5262
2476,鉅祥,15,4,11,美好-楊梅,2024-06-28,5262
4167,松瑞藥,14,3,11,美好-楊梅,2024-06-28,5262
2374,佳能,30,19,11,美好-楊梅,2024-06-28,5262
00706L,期元大S＆P日圓正2,10,0,10,美好-楊梅,2024-06-28,5262
6265,方土昶,10,0,10,美好-楊梅,2024-06-28,5262
1785,光洋科,29,20,9,美好-楊梅,2024-06-28,5262
2885,元大金,10,1,9,美好-楊梅,2024-06-28,5262
3062,建漢,30,21,9,美好-楊梅,2024-06-28,5262
6834,天二科技,9,0,9,美好-楊梅,2024-06-28,5262
00937B,群益ESG投等債20,112,0,112,美好-楊梅,2024-07-01,5262
00680L,元大美債20正2,100,0,100,美好-楊梅,2024-07-01,5262
2349,錸德,116,18,98,美好-楊梅,2024-07-01,5262
00929,復華台灣科技優息,101,16,85,美好-楊梅,2024-07-01,5262
00692,富邦公司治理,74,1,73,美好-楊梅,2024-07-01,5262
00679B,元大美債20年,52,1,51,美好-楊梅,2024-07-01,5262
00687B,國泰20年美債,43,0,43,美好-楊梅,2024-07-01,5262
3049,精金,43,5,38,美好-楊梅,2024-07-01,5262
2641,正德,42,5,37,美好-楊梅,2024-07-01,5262
2409,友達,36,0,36,美好-楊梅,2024-07-01,5262
00895,富邦未來車,33,0,33,美好-楊梅,2024-07-01,5262
00751B,元大AAA至A公司債,30,0,30,美好-楊梅,2024-07-01,5262
00948B,中信優息投資級債,30,0,30,美好-楊梅,2024-07-01,5262
00936,台新永續高息中小,40,11,29,美好-楊梅,2024-07-01,5262
0056,元大高股息,29,2,27,美好-楊梅,2024-07-01,5262
2476,鉅祥,27,1,26,美好-楊梅,2024-07-01,5262
00738U,期元大道瓊白銀,25,0,25,美好-楊梅,2024-07-01,5262
1301,台塑,25,1,24,美好-楊梅,2024-07-01,5262
2367,燿華,61,37,24,美好-楊梅,2024-07-01,5262
9105,泰金寶-DR,33,10,23,美好-楊梅,2024-07-01,5262
2883,凱基金,23,0,23,美好-楊梅,2024-07-01,5262
3481,群創,35,12,23,美好-楊梅,2024-07-01,5262
3686,達能,23,2,21,美好-楊梅,2024-07-01,5262
00881,國泰台灣5G+,22,2,20,美好-楊梅,2024-07-01,5262
2313,華通,33,13,20,美好-楊梅,2024-07-01,5262
3296,勝德,24,6,18,美好-楊梅,2024-07-01,5262
2337,旺宏,20,3,17,美好-楊梅,2024-07-01,5262
2354,鴻準,21,4,17,美好-楊梅,2024-07-01,5262
4566,時碩工業,51,34,17,美好-楊梅,2024-07-01,5262
2515,中工,16,0,16,美好-楊梅,2024-07-01,5262
6188,廣明,24,9,15,美好-楊梅,2024-07-01,5262
00857B,永豐20年美公債,14,0,14,美好-楊梅,2024-07-01,5262
00946,群益科技高息成長,17,3,14,美好-楊梅,2024-07-01,5262
8110,華東,16,2,14,美好-楊梅,2024-07-01,5262
5230,雷笛克光學,18,5,13,美好-楊梅,2024-07-01,5262
00942B,台新美A公司債20+,12,0,12,美好-楊梅,2024-07-01,5262
00919,群益台灣精選高息,58,46,12,美好-楊梅,2024-07-01,5262
1707,葡萄王,12,0,12,美好-楊梅,2024-07-01,5262
2609,陽明,19,8,11,美好-楊梅,2024-07-01,5262
2353,宏��,23,12,11,美好-楊梅,2024-07-01,5262
6834,天二科技,11,0,11,美好-楊梅,2024-07-01,5262
2340,台亞,13,2,11,美好-楊梅,2024-07-01,5262
2406,國碩,18,7,11,美好-楊梅,2024-07-01,5262
00706L,期元大S＆P日圓正2,10,0,10,美好-楊梅,2024-07-01,5262
00725B,國泰投資級公司債,10,0,10,美好-楊梅,2024-07-01,5262
00720B,元大投資級公司債,12,2,10,美好-楊梅,2024-07-01,5262
2606,裕民,12,2,10,美好-楊梅,2024-07-01,5262
2611,志信,13,3,10,美好-楊梅,2024-07-01,5262
3057,喬鼎,10,0,10,美好-楊梅,2024-07-01,5262
3093,港建*,10,0,10,美好-楊梅,2024-07-01,5262
00934,中信成長高股息,421,10,411,美好-楊梅,2024-07-02,5262
2303,聯電,200,2,198,美好-楊梅,2024-07-02,5262
00936,台新永續高息中小,186,5,181,美好-楊梅,2024-07-02,5262
00927,群益半導體收益,169,2,167,美好-楊梅,2024-07-02,5262
00929,復華台灣科技優息,293,161,132,美好-楊梅,2024-07-02,5262
00937B,群益ESG投等債20,87,0,87,美好-楊梅,2024-07-02,5262
00948B,中信優息投資級債,85,0,85,美好-楊梅,2024-07-02,5262
9105,泰金寶-DR,100,34,66,美好-楊梅,2024-07-02,5262
2317,鴻海,101,39,62,美好-楊梅,2024-07-02,5262
00679B,元大美債20年,54,0,54,美好-楊梅,2024-07-02,5262
3024,憶聲,54,3,51,美好-楊梅,2024-07-02,5262
6139,亞翔,50,5,45,美好-楊梅,2024-07-02,5262
1709,和益,40,0,40,美好-楊梅,2024-07-02,5262
5284,jpp-KY,40,0,40,美好-楊梅,2024-07-02,5262
3047,訊舟,42,5,37,美好-楊梅,2024-07-02,5262
00942B,台新美A公司債20+,36,0,36,美好-楊梅,2024-07-02,5262
2349,錸德,147,112,35,美好-楊梅,2024-07-02,5262
5443,均豪,70,36,34,美好-楊梅,2024-07-02,5262
3481,群創,46,13,33,美好-楊梅,2024-07-02,5262
2834,臺企銀,39,7,32,美好-楊梅,2024-07-02,5262
2025,千興,30,0,30,美好-楊梅,2024-07-02,5262
6735,美達科技,30,0,30,美好-楊梅,2024-07-02,5262
0056,元大高股息,28,0,28,美好-楊梅,2024-07-02,5262
2365,昆盈,68,42,26,美好-楊梅,2024-07-02,5262
8112,至上,25,0,25,美好-楊梅,2024-07-02,5262
2332,友訊,25,0,25,美好-楊梅,2024-07-02,5262
00687B,國泰20年美債,25,1,24,美好-楊梅,2024-07-02,5262
1301,台塑,22,1,21,美好-楊梅,2024-07-02,5262
00949,復華日本龍頭,21,0,21,美好-楊梅,2024-07-02,5262
2618,長榮航,62,43,19,美好-楊梅,2024-07-02,5262
2495,普安,18,1,17,美好-楊梅,2024-07-02,5262
2002,中鋼,23,7,16,美好-楊梅,2024-07-02,5262
1605,華新,17,1,16,美好-楊梅,2024-07-02,5262
5347,世界,28,12,16,美好-楊梅,2024-07-02,5262
5452,佶優,24,8,16,美好-楊梅,2024-07-02,5262
8070,長華*,16,0,16,美好-楊梅,2024-07-02,5262
4934,太極,18,3,15,美好-楊梅,2024-07-02,5262
1101,台泥,15,1,14,美好-楊梅,2024-07-02,5262
00918,大華優利高填息30,14,0,14,美好-楊梅,2024-07-02,5262
2301,光寶科,21,7,14,美好-楊梅,2024-07-02,5262
3033,威健,14,0,14,美好-楊梅,2024-07-02,5262
8933,愛地雅,15,1,14,美好-楊梅,2024-07-02,5262
2329,華泰,13,0,13,美好-楊梅,2024-07-02,5262
8064,東捷,30,17,13,美好-楊梅,2024-07-02,5262
2324,仁寶,12,0,12,美好-楊梅,2024-07-02,5262
1326,台化,11,0,11,美好-楊梅,2024-07-02,5262
00720B,元大投資級公司債,11,0,11,美好-楊梅,2024-07-02,5262
3591,艾笛森,12,1,11,美好-楊梅,2024-07-02,5262
00915,凱基優選高股息30,10,0,10,美好-楊梅,2024-07-02,5262
00671R,富邦NASDAQ反1,10,0,10,美好-楊梅,2024-07-02,5262
00632R,元大台灣50反1,170,10,160,美好-楊梅,2024-07-03,5262
2867,三商壽,185,69,116,美好-楊梅,2024-07-03,5262
00934,中信成長高股息,114,0,114,美好-楊梅,2024-07-03,5262
2610,華航,108,5,103,美好-楊梅,2024-07-03,5262
00937B,群益ESG投等債20,101,8,93,美好-楊梅,2024-07-03,5262
00948B,中信優息投資級債,70,0,70,美好-楊梅,2024-07-03,5262
9105,泰金寶-DR,82,15,67,美好-楊梅,2024-07-03,5262
3703,欣陸,61,1,60,美好-楊梅,2024-07-03,5262
00929,復華台灣科技優息,60,4,56,美好-楊梅,2024-07-03,5262
2317,鴻海,63,16,47,美好-楊梅,2024-07-03,5262
2359,所羅門,59,13,46,美好-楊梅,2024-07-03,5262
6457,紘康,41,0,41,美好-楊梅,2024-07-03,5262
2618,長榮航,51,12,39,美好-楊梅,2024-07-03,5262
3535,晶彩科,40,1,39,美好-楊梅,2024-07-03,5262
8096,擎亞,46,7,39,美好-楊梅,2024-07-03,5262
6477,安集,34,2,32,美好-楊梅,2024-07-03,5262
5519,隆大,30,0,30,美好-楊梅,2024-07-03,5262
6026,福邦證,30,0,30,美好-楊梅,2024-07-03,5262
3576,聯合再生,62,34,28,美好-楊梅,2024-07-03,5262
6443,元晶,63,35,28,美好-楊梅,2024-07-03,5262
00738U,期元大道瓊白銀,25,0,25,美好-楊梅,2024-07-03,5262
1514,亞力,28,3,25,美好-楊梅,2024-07-03,5262
2367,燿華,91,66,25,美好-楊梅,2024-07-03,5262
2489,瑞軒,32,10,22,美好-楊梅,2024-07-03,5262
00687B,國泰20年美債,21,0,21,美好-楊梅,2024-07-03,5262
00946,群益科技高息成長,31,10,21,美好-楊梅,2024-07-03,5262
0056,元大高股息,21,0,21,美好-楊梅,2024-07-03,5262
1709,和益,20,0,20,美好-楊梅,2024-07-03,5262
2614,東森,19,0,19,美好-楊梅,2024-07-03,5262
8064,東捷,40,22,18,美好-楊梅,2024-07-03,5262
6244,茂迪,45,28,17,美好-楊梅,2024-07-03,5262
2504,國產,18,2,16,美好-楊梅,2024-07-03,5262
3078,僑威,16,0,16,美好-楊梅,2024-07-03,5262
00919,群益台灣精選高息,45,30,15,美好-楊梅,2024-07-03,5262
3673,TPK-KY,17,2,15,美好-楊梅,2024-07-03,5262
1802,台玻,15,0,15,美好-楊梅,2024-07-03,5262
3093,港建*,15,0,15,美好-楊梅,2024-07-03,5262
4566,時碩工業,22,8,14,美好-楊梅,2024-07-03,5262
6806,森崴能源,16,2,14,美好-楊梅,2024-07-03,5262
2609,陽明,26,12,14,美好-楊梅,2024-07-03,5262
00949,復華日本龍頭,13,0,13,美好-楊梅,2024-07-03,5262
2545,皇翔,13,0,13,美好-楊梅,2024-07-03,5262
00706L,期元大S＆P日圓正2,12,0,12,美好-楊梅,2024-07-03,5262
2409,友達,13,1,12,美好-楊梅,2024-07-03,5262
3048,益登,24,12,12,美好-楊梅,2024-07-03,5262
4906,正文,30,18,12,美好-楊梅,2024-07-03,5262
1504,東元,12,1,11,美好-楊梅,2024-07-03,5262
2637,慧洋-KY,14,3,11,美好-楊梅,2024-07-03,5262
4909,新復興,13,2,11,美好-楊梅,2024-07-03,5262
6197,佳必琪,12,1,11,美好-楊梅,2024-07-03,5262
00676R,富邦臺灣加權反1,301,0,301,美好-楊梅,2024-07-04,5262
3049,精金,191,6,185,美好-楊梅,2024-07-04,5262
00712,復華富時不動產,102,0,102,美好-楊梅,2024-07-04,5262
00934,中信成長高股息,76,0,76,美好-楊梅,2024-07-04,5262
2409,友達,135,62,73,美好-楊梅,2024-07-04,5262
3047,訊舟,132,66,66,美好-楊梅,2024-07-04,5262
3450,聯鈞,101,35,66,美好-楊梅,2024-07-04,5262
2412,中華電,58,0,58,美好-楊梅,2024-07-04,5262
2344,華邦電,58,3,55,美好-楊梅,2024-07-04,5262
6026,福邦證,50,0,50,美好-楊梅,2024-07-04,5262
00632R,元大台灣50反1,89,40,49,美好-楊梅,2024-07-04,5262
2867,三商壽,77,29,48,美好-楊梅,2024-07-04,5262
5392,能率,56,13,43,美好-楊梅,2024-07-04,5262
5347,世界,47,12,35,美好-楊梅,2024-07-04,5262
00878,國泰永續高股息,43,9,34,美好-楊梅,2024-07-04,5262
3058,立德,31,0,31,美好-楊梅,2024-07-04,5262
2405,輔信,47,17,30,美好-楊梅,2024-07-04,5262
00679B,元大美債20年,29,0,29,美好-楊梅,2024-07-04,5262
2610,華航,63,35,28,美好-楊梅,2024-07-04,5262
2606,裕民,27,0,27,美好-楊梅,2024-07-04,5262
8086,宏捷科,25,2,23,美好-楊梅,2024-07-04,5262
2367,燿華,36,15,21,美好-楊梅,2024-07-04,5262
00929,復華台灣科技優息,26,5,21,美好-楊梅,2024-07-04,5262
2609,陽明,25,5,20,美好-楊梅,2024-07-04,5262
00882,中信中國高股息,20,0,20,美好-楊梅,2024-07-04,5262
00664R,國泰臺灣加權反1,20,0,20,美好-楊梅,2024-07-04,5262
3322,建舜電,25,5,20,美好-楊梅,2024-07-04,5262
3189,景碩,19,0,19,美好-楊梅,2024-07-04,5262
3576,聯合再生,21,2,19,美好-楊梅,2024-07-04,5262
2329,華泰,24,6,18,美好-楊梅,2024-07-04,5262
8093,保銳,17,0,17,美好-楊梅,2024-07-04,5262
2324,仁寶,17,1,16,美好-楊梅,2024-07-04,5262
5508,永信建,15,0,15,美好-楊梅,2024-07-04,5262
5468,凱鈺,15,0,15,美好-楊梅,2024-07-04,5262
6116,彩晶,26,12,14,美好-楊梅,2024-07-04,5262
00944,野村趨勢動能高息,12,0,12,美好-楊梅,2024-07-04,5262
1536,和大,13,1,12,美好-楊梅,2024-07-04,5262
1539,巨庭,12,0,12,美好-楊梅,2024-07-04,5262
2486,一詮,14,2,12,美好-楊梅,2024-07-04,5262
3188,鑫龍騰,12,0,12,美好-楊梅,2024-07-04,5262
3693,營邦,15,3,12,美好-楊梅,2024-07-04,5262
00931B,統一美債20年,11,0,11,美好-楊梅,2024-07-04,5262
2514,龍邦,13,2,11,美好-楊梅,2024-07-04,5262
2641,正德,12,1,11,美好-楊梅,2024-07-04,5262
3090,日電貿,11,0,11,美好-楊梅,2024-07-04,5262
4167,松瑞藥,21,10,11,美好-楊梅,2024-07-04,5262
00949,復華日本龍頭,10,0,10,美好-楊梅,2024-07-04,5262
2353,宏��,13,3,10,美好-楊梅,2024-07-04,5262
2897,王道銀行,10,0,10,美好-楊梅,2024-07-04,5262
3006,晶豪科,11,1,10,美好-楊梅,2024-07-04,5262
00936,台新永續高息中小,105,2,103,美好-楊梅,2024-07-05,5262
2618,長榮航,98,38,60,美好-楊梅,2024-07-05,5262
2610,華航,165,106,59,美好-楊梅,2024-07-05,5262
00940,元大台灣價值高息,60,5,55,美好-楊梅,2024-07-05,5262
2888,新光金,155,103,52,美好-楊梅,2024-07-05,5262
00905,FT臺灣Smart,50,1,49,美好-楊梅,2024-07-05,5262
1513,中興電,66,18,48,美好-楊梅,2024-07-05,5262
1608,華榮,94,51,43,美好-楊梅,2024-07-05,5262
2609,陽明,45,6,39,美好-楊梅,2024-07-05,5262
6405,悅城,31,0,31,美好-楊梅,2024-07-05,5262
2313,華通,38,10,28,美好-楊梅,2024-07-05,5262
8234,新漢,48,20,28,美好-楊梅,2024-07-05,5262
6770,力積電,29,1,28,美好-楊梅,2024-07-05,5262
6153,嘉聯益,34,7,27,美好-楊梅,2024-07-05,5262
2606,裕民,26,0,26,美好-楊梅,2024-07-05,5262
3710,連展投控,30,5,25,美好-楊梅,2024-07-05,5262
2376,技嘉,27,2,25,美好-楊梅,2024-07-05,5262
2337,旺宏,48,26,22,美好-楊梅,2024-07-05,5262
00637L,元大滬深300正2,20,0,20,美好-楊梅,2024-07-05,5262
00864B,中信美國公債0-1,20,0,20,美好-楊梅,2024-07-05,5262
00725B,國泰投資級公司債,20,0,20,美好-楊梅,2024-07-05,5262
00719B,元大美債1-3,20,0,20,美好-楊梅,2024-07-05,5262
1717,長興,20,0,20,美好-楊梅,2024-07-05,5262
3520,華盈,20,0,20,美好-楊梅,2024-07-05,5262
2301,光寶科,24,4,20,美好-楊梅,2024-07-05,5262
00679B,元大美債20年,26,7,19,美好-楊梅,2024-07-05,5262
6179,亞通,22,3,19,美好-楊梅,2024-07-05,5262
8110,華東,32,13,19,美好-楊梅,2024-07-05,5262
1514,亞力,34,16,18,美好-楊梅,2024-07-05,5262
1460,宏遠,20,2,18,美好-楊梅,2024-07-05,5262
00636,國泰中國A50,17,0,17,美好-楊梅,2024-07-05,5262
2913,農林,17,0,17,美好-楊梅,2024-07-05,5262
2615,萬海,42,27,15,美好-楊梅,2024-07-05,5262
2303,聯電,17,3,14,美好-楊梅,2024-07-05,5262
6505,台塑化,14,0,14,美好-楊梅,2024-07-05,5262
8105,凌巨,18,4,14,美好-楊梅,2024-07-05,5262
2374,佳能,59,45,14,美好-楊梅,2024-07-05,5262
6213,聯茂,16,3,13,美好-楊梅,2024-07-05,5262
8093,保銳,13,0,13,美好-楊梅,2024-07-05,5262
2002,中鋼,19,6,13,美好-楊梅,2024-07-05,5262
00631L,元大台灣50正2,12,0,12,美好-楊梅,2024-07-05,5262
1102,亞泥,12,0,12,美好-楊梅,2024-07-05,5262
6197,佳必琪,22,10,12,美好-楊梅,2024-07-05,5262
2020,美亞,11,0,11,美好-楊梅,2024-07-05,5262
2885,元大金,10,0,10,美好-楊梅,2024-07-05,5262
2890,永豐金,10,0,10,美好-楊梅,2024-07-05,5262
3048,益登,25,15,10,美好-楊梅,2024-07-05,5262
00945B,凱基美國非投等債,10,0,10,美好-楊梅,2024-07-05,5262
1504,東元,13,3,10,美好-楊梅,2024-07-05,5262
2367,燿華,51,41,10,美好-楊梅,2024-07-05,5262
00632R,元大台灣50反1,389,20,369,美好-楊梅,2024-07-08,5262
2834,臺企銀,204,17,187,美好-楊梅,2024-07-08,5262
3535,晶彩科,153,86,67,美好-楊梅,2024-07-08,5262
00927,群益半導體收益,63,0,63,美好-楊梅,2024-07-08,5262
2365,昆盈,131,69,62,美好-楊梅,2024-07-08,5262
00936,台新永續高息中小,59,0,59,美好-楊梅,2024-07-08,5262
00929,復華台灣科技優息,65,17,48,美好-楊梅,2024-07-08,5262
2609,陽明,88,46,42,美好-楊梅,2024-07-08,5262
2605,新興,107,66,41,美好-楊梅,2024-07-08,5262
1471,首利,40,0,40,美好-楊梅,2024-07-08,5262
3019,亞光,51,12,39,美好-楊梅,2024-07-08,5262
8021,尖點,41,2,39,美好-楊梅,2024-07-08,5262
1802,台玻,35,0,35,美好-楊梅,2024-07-08,5262
00895,富邦未來車,30,0,30,美好-楊梅,2024-07-08,5262
1717,長興,34,4,30,美好-楊梅,2024-07-08,5262
2867,三商壽,30,0,30,美好-楊梅,2024-07-08,5262
3147,大綜,30,0,30,美好-楊梅,2024-07-08,5262
6152,百一,34,4,30,美好-楊梅,2024-07-08,5262
00919,群益台灣精選高息,41,13,28,美好-楊梅,2024-07-08,5262
00712,復華富時不動產,31,3,28,美好-楊梅,2024-07-08,5262
1785,光洋科,41,13,28,美好-楊梅,2024-07-08,5262
2476,鉅祥,35,7,28,美好-楊梅,2024-07-08,5262
00930,永豐ESG低碳高息,23,0,23,美好-楊梅,2024-07-08,5262
3060,銘異,25,2,23,美好-楊梅,2024-07-08,5262
3047,訊舟,31,8,23,美好-楊梅,2024-07-08,5262
3481,群創,69,47,22,美好-楊梅,2024-07-08,5262
2323,中環,22,0,22,美好-楊梅,2024-07-08,5262
3048,益登,25,4,21,美好-楊梅,2024-07-08,5262
6457,紘康,22,1,21,美好-楊梅,2024-07-08,5262
2618,長榮航,83,63,20,美好-楊梅,2024-07-08,5262
2363,矽統,47,27,20,美好-楊梅,2024-07-08,5262
3090,日電貿,20,0,20,美好-楊梅,2024-07-08,5262
4167,松瑞藥,21,1,20,美好-楊梅,2024-07-08,5262
6126,信音,34,14,20,美好-楊梅,2024-07-08,5262
8064,東捷,25,5,20,美好-楊梅,2024-07-08,5262
1460,宏遠,20,1,19,美好-楊梅,2024-07-08,5262
2201,裕隆,21,2,19,美好-楊梅,2024-07-08,5262
6026,福邦證,19,0,19,美好-楊梅,2024-07-08,5262
2603,長榮,22,3,19,美好-楊梅,2024-07-08,5262
00725B,國泰投資級公司債,18,0,18,美好-楊梅,2024-07-08,5262
6217,中探針,21,3,18,美好-楊梅,2024-07-08,5262
2427,三商電,29,11,18,美好-楊梅,2024-07-08,5262
5347,世界,23,6,17,美好-楊梅,2024-07-08,5262
5469,瀚宇博,17,0,17,美好-楊梅,2024-07-08,5262
6443,元晶,17,0,17,美好-楊梅,2024-07-08,5262
00937B,群益ESG投等債20,33,16,17,美好-楊梅,2024-07-08,5262
6834,天二科技,22,6,16,美好-楊梅,2024-07-08,5262
2489,瑞軒,32,16,16,美好-楊梅,2024-07-08,5262
3402,漢科,16,0,16,美好-楊梅,2024-07-08,5262
6274,台燿,17,1,16,美好-楊梅,2024-07-08,5262
2897,王道銀行,336,0,336,美好-楊梅,2024-07-09,5262
00934,中信成長高股息,210,3,207,美好-楊梅,2024-07-09,5262
3481,群創,158,11,147,美好-楊梅,2024-07-09,5262
00936,台新永續高息中小,124,1,123,美好-楊梅,2024-07-09,5262
2834,臺企銀,99,0,99,美好-楊梅,2024-07-09,5262
3050,鈺德,117,20,97,美好-楊梅,2024-07-09,5262
9105,泰金寶-DR,190,114,76,美好-楊梅,2024-07-09,5262
2489,瑞軒,70,1,69,美好-楊梅,2024-07-09,5262
2367,燿華,137,71,66,美好-楊梅,2024-07-09,5262
1709,和益,62,1,61,美好-楊梅,2024-07-09,5262
2344,華邦電,68,11,57,美好-楊梅,2024-07-09,5262
1536,和大,53,5,48,美好-楊梅,2024-07-09,5262
2317,鴻海,78,31,47,美好-楊梅,2024-07-09,5262
5443,均豪,65,18,47,美好-楊梅,2024-07-09,5262
2449,京元電子,57,10,47,美好-楊梅,2024-07-09,5262
2615,萬海,76,30,46,美好-楊梅,2024-07-09,5262
00901,永豐智能車供應鏈,40,0,40,美好-楊梅,2024-07-09,5262
1528,恩德,45,6,39,美好-楊梅,2024-07-09,5262
6770,力積電,41,2,39,美好-楊梅,2024-07-09,5262
00904,新光臺灣半導體30,40,2,38,美好-楊梅,2024-07-09,5262
6509,聚和,37,0,37,美好-楊梅,2024-07-09,5262
2323,中環,54,20,34,美好-楊梅,2024-07-09,5262
4167,松瑞藥,33,0,33,美好-楊梅,2024-07-09,5262
2618,長榮航,50,17,33,美好-楊梅,2024-07-09,5262
2405,輔信,72,40,32,美好-楊梅,2024-07-09,5262
2353,宏��,32,1,31,美好-楊梅,2024-07-09,5262
3570,大塚,30,0,30,美好-楊梅,2024-07-09,5262
2845,遠東銀,28,0,28,美好-楊梅,2024-07-09,5262
00881,國泰台灣5G+,32,5,27,美好-楊梅,2024-07-09,5262
3062,建漢,28,1,27,美好-楊梅,2024-07-09,5262
2609,陽明,44,20,24,美好-楊梅,2024-07-09,5262
6120,達運,23,0,23,美好-楊梅,2024-07-09,5262
6026,福邦證,21,0,21,美好-楊梅,2024-07-09,5262
912000,晨訊科-DR,20,0,20,美好-楊梅,2024-07-09,5262
5328,華容,25,5,20,美好-楊梅,2024-07-09,5262
2002,中鋼,25,6,19,美好-楊梅,2024-07-09,5262
8064,東捷,24,5,19,美好-楊梅,2024-07-09,5262
1785,光洋科,23,6,17,美好-楊梅,2024-07-09,5262
2312,金寶,165,149,16,美好-楊梅,2024-07-09,5262
1460,宏遠,16,0,16,美好-楊梅,2024-07-09,5262
4153,鈺緯,16,0,16,美好-楊梅,2024-07-09,5262
0056,元大高股息,15,0,15,美好-楊梅,2024-07-09,5262
2313,華通,17,2,15,美好-楊梅,2024-07-09,5262
2369,菱生,16,1,15,美好-楊梅,2024-07-09,5262
3550,聯穎,15,0,15,美好-楊梅,2024-07-09,5262
1815,富喬,16,2,14,美好-楊梅,2024-07-09,5262
3354,律勝,14,0,14,美好-楊梅,2024-07-09,5262
6443,元晶,14,1,13,美好-楊梅,2024-07-09,5262
00945B,凱基美國非投等債,12,0,12,美好-楊梅,2024-07-09,5262
2417,圓剛,36,24,12,美好-楊梅,2024-07-09,5262
00934,中信成長高股息,196,0,196,美好-楊梅,2024-07-10,5262
00941,中信上游半導體,144,14,130,美好-楊梅,2024-07-10,5262
2606,裕民,120,0,120,美好-楊梅,2024-07-10,5262
1616,億泰,118,6,112,美好-楊梅,2024-07-10,5262
2897,王道銀行,135,42,93,美好-楊梅,2024-07-10,5262
2002,中鋼,46,1,45,美好-楊梅,2024-07-10,5262
3031,佰鴻,40,1,39,美好-楊梅,2024-07-10,5262
4510,高鋒,38,1,37,美好-楊梅,2024-07-10,5262
2834,臺企銀,60,26,34,美好-楊梅,2024-07-10,5262
5443,均豪,46,12,34,美好-楊梅,2024-07-10,5262
2609,陽明,37,4,33,美好-楊梅,2024-07-10,5262
00895,富邦未來車,33,0,33,美好-楊梅,2024-07-10,5262
5475,德宏,32,0,32,美好-楊梅,2024-07-10,5262
2303,聯電,35,4,31,美好-楊梅,2024-07-10,5262
6116,彩晶,31,2,29,美好-楊梅,2024-07-10,5262
5426,振發,44,16,28,美好-楊梅,2024-07-10,5262
2352,佳世達,26,3,23,美好-楊梅,2024-07-10,5262
2392,正崴,60,37,23,美好-楊梅,2024-07-10,5262
2312,金寶,115,92,23,美好-楊梅,2024-07-10,5262
00725B,國泰投資級公司債,21,0,21,美好-楊梅,2024-07-10,5262
9105,泰金寶-DR,50,29,21,美好-楊梅,2024-07-10,5262
3338,泰碩,20,0,20,美好-楊梅,2024-07-10,5262
2344,華邦電,27,9,18,美好-楊梅,2024-07-10,5262
2472,立隆電,20,3,17,美好-楊梅,2024-07-10,5262
2317,鴻海,34,18,16,美好-楊梅,2024-07-10,5262
6770,力積電,18,2,16,美好-楊梅,2024-07-10,5262
6509,聚和,16,0,16,美好-楊梅,2024-07-10,5262
8105,凌巨,28,13,15,美好-楊梅,2024-07-10,5262
00881,國泰台灣5G+,24,10,14,美好-楊梅,2024-07-10,5262
1605,華新,14,0,14,美好-楊梅,2024-07-10,5262
3673,TPK-KY,20,6,14,美好-楊梅,2024-07-10,5262
2615,萬海,19,5,14,美好-楊梅,2024-07-10,5262
3035,智原,14,1,13,美好-楊梅,2024-07-10,5262
3287,廣寰科,13,0,13,美好-楊梅,2024-07-10,5262
3537,堡達,18,5,13,美好-楊梅,2024-07-10,5262
6152,百一,13,0,13,美好-楊梅,2024-07-10,5262
5309,系統電,25,13,12,美好-楊梅,2024-07-10,5262
1303,南亞,12,0,12,美好-楊梅,2024-07-10,5262
1409,新纖,14,2,12,美好-楊梅,2024-07-10,5262
2208,台船,12,0,12,美好-楊梅,2024-07-10,5262
3312,弘憶股,68,57,11,美好-楊梅,2024-07-10,5262
3550,聯穎,11,0,11,美好-楊梅,2024-07-10,5262
3037,欣興,11,1,10,美好-楊梅,2024-07-10,5262
3047,訊舟,44,34,10,美好-楊梅,2024-07-10,5262
00706L,期元大S＆P日圓正2,10,0,10,美好-楊梅,2024-07-10,5262
1314,中石化,10,0,10,美好-楊梅,2024-07-10,5262
2337,旺宏,14,4,10,美好-楊梅,2024-07-10,5262
2915,潤泰全,10,0,10,美好-楊梅,2024-07-10,5262
3466,德晉,10,0,10,美好-楊梅,2024-07-10,5262
6573,虹揚-KY,10,0,10,美好-楊梅,2024-07-10,5262
3024,憶聲,201,0,201,美好-楊梅,2024-07-11,5262
2888,新光金,326,159,167,美好-楊梅,2024-07-11,5262
00632R,元大台灣50反1,453,350,103,美好-楊梅,2024-07-11,5262
2867,三商壽,95,17,78,美好-楊梅,2024-07-11,5262
00937B,群益ESG投等債20,78,2,76,美好-楊梅,2024-07-11,5262
2618,長榮航,78,7,71,美好-楊梅,2024-07-11,5262
6282,康舒,83,13,70,美好-楊梅,2024-07-11,5262
00941,中信上游半導體,45,5,40,美好-楊梅,2024-07-11,5262
2834,臺企銀,41,6,35,美好-楊梅,2024-07-11,5262
00934,中信成長高股息,33,3,30,美好-楊梅,2024-07-11,5262
6257,矽格,29,1,28,美好-楊梅,2024-07-11,5262
00948B,中信優息投資級債,40,12,28,美好-楊梅,2024-07-11,5262
1513,中興電,38,12,26,美好-楊梅,2024-07-11,5262
1569,濱川,31,6,25,美好-楊梅,2024-07-11,5262
2457,飛宏,25,0,25,美好-楊梅,2024-07-11,5262
3591,艾笛森,25,0,25,美好-楊梅,2024-07-11,5262
2344,華邦電,37,13,24,美好-楊梅,2024-07-11,5262
6152,百一,28,4,24,美好-楊梅,2024-07-11,5262
2317,鴻海,31,8,23,美好-楊梅,2024-07-11,5262
1504,東元,22,0,22,美好-楊梅,2024-07-11,5262
00940,元大台灣價值高息,27,5,22,美好-楊梅,2024-07-11,5262
006205,富邦上証,20,0,20,美好-楊梅,2024-07-11,5262
2838,聯邦銀,20,0,20,美好-楊梅,2024-07-11,5262
3290,東浦,20,0,20,美好-楊梅,2024-07-11,5262
00936,台新永續高息中小,19,0,19,美好-楊梅,2024-07-11,5262
2489,瑞軒,56,37,19,美好-楊梅,2024-07-11,5262
6770,力積電,24,6,18,美好-楊梅,2024-07-11,5262
8028,昇陽半導體,61,45,16,美好-楊梅,2024-07-11,5262
2002,中鋼,15,0,15,美好-楊梅,2024-07-11,5262
3055,蔚華科,15,0,15,美好-楊梅,2024-07-11,5262
6269,台郡,15,0,15,美好-楊梅,2024-07-11,5262
2382,廣達,17,3,14,美好-楊梅,2024-07-11,5262
1514,亞力,61,47,14,美好-楊梅,2024-07-11,5262
6265,方土昶,12,0,12,美好-楊梅,2024-07-11,5262
6274,台燿,14,2,12,美好-楊梅,2024-07-11,5262
1301,台塑,14,3,11,美好-楊梅,2024-07-11,5262
5475,德宏,11,0,11,美好-楊梅,2024-07-11,5262
1718,中纖,11,0,11,美好-楊梅,2024-07-11,5262
2392,正崴,36,25,11,美好-楊梅,2024-07-11,5262
3014,聯陽,11,0,11,美好-楊梅,2024-07-11,5262
4510,高鋒,14,3,11,美好-楊梅,2024-07-11,5262
4532,瑞智,11,0,11,美好-楊梅,2024-07-11,5262
4533,協易機,14,3,11,美好-楊梅,2024-07-11,5262
3163,波若威,26,16,10,美好-楊梅,2024-07-11,5262
00895,富邦未來車,10,0,10,美好-楊梅,2024-07-11,5262
00853B,統一美債10年Aa-,10,0,10,美好-楊梅,2024-07-11,5262
00725B,國泰投資級公司債,30,20,10,美好-楊梅,2024-07-11,5262
00706L,期元大S＆P日圓正2,10,0,10,美好-楊梅,2024-07-11,5262
1312,國喬,10,0,10,美好-楊梅,2024-07-11,5262
1905,華紙,10,0,10,美好-楊梅,2024-07-11,5262
00937B,群益ESG投等債20,637,36,601,美好-楊梅,2024-07-12,5262
00905,FT臺灣Smart,184,0,184,美好-楊梅,2024-07-12,5262
00929,復華台灣科技優息,266,95,171,美好-楊梅,2024-07-12,5262
2365,昆盈,242,97,145,美好-楊梅,2024-07-12,5262
00934,中信成長高股息,118,0,118,美好-楊梅,2024-07-12,5262
00919,群益台灣精選高息,116,2,114,美好-楊梅,2024-07-12,5262
2303,聯電,118,6,112,美好-楊梅,2024-07-12,5262
00936,台新永續高息中小,79,0,79,美好-楊梅,2024-07-12,5262
2610,華航,120,51,69,美好-楊梅,2024-07-12,5262
6156,松上,60,2,58,美好-楊梅,2024-07-12,5262
00927,群益半導體收益,56,0,56,美好-楊梅,2024-07-12,5262
2867,三商壽,77,22,55,美好-楊梅,2024-07-12,5262
2317,鴻海,100,49,51,美好-楊梅,2024-07-12,5262
1316,上曜,76,29,47,美好-楊梅,2024-07-12,5262
2312,金寶,121,74,47,美好-楊梅,2024-07-12,5262
5876,上海商銀,46,0,46,美好-楊梅,2024-07-12,5262
2891,中信金,39,0,39,美好-楊梅,2024-07-12,5262
6005,群益證,39,0,39,美好-楊梅,2024-07-12,5262
2609,陽明,71,33,38,美好-楊梅,2024-07-12,5262
2313,華通,48,18,30,美好-楊梅,2024-07-12,5262
3047,訊舟,33,3,30,美好-楊梅,2024-07-12,5262
00725B,國泰投資級公司債,36,10,26,美好-楊梅,2024-07-12,5262
2002,中鋼,26,2,24,美好-楊梅,2024-07-12,5262
2542,興富發,25,2,23,美好-楊梅,2024-07-12,5262
00942B,台新美A公司債20+,20,0,20,美好-楊梅,2024-07-12,5262
3313,斐成,20,0,20,美好-楊梅,2024-07-12,5262
1305,華夏,21,2,19,美好-楊梅,2024-07-12,5262
2545,皇翔,20,1,19,美好-楊梅,2024-07-12,5262
6274,台燿,18,0,18,美好-楊梅,2024-07-12,5262
4726,永昕,21,3,18,美好-楊梅,2024-07-12,5262
00935,野村臺灣新科技50,19,1,18,美好-楊梅,2024-07-12,5262
00939,統一台灣高息動能,17,0,17,美好-楊梅,2024-07-12,5262
6179,亞通,20,3,17,美好-楊梅,2024-07-12,5262
1308,亞聚,16,0,16,美好-楊梅,2024-07-12,5262
6189,豐藝,16,0,16,美好-楊梅,2024-07-12,5262
3033,威健,31,16,15,美好-楊梅,2024-07-12,5262
3312,弘憶股,18,3,15,美好-楊梅,2024-07-12,5262
2603,長榮,16,2,14,美好-楊梅,2024-07-12,5262
0056,元大高股息,20,6,14,美好-楊梅,2024-07-12,5262
3231,緯創,19,5,14,美好-楊梅,2024-07-12,5262
1612,宏泰,30,17,13,美好-楊梅,2024-07-12,5262
3711,日月光投控,13,1,12,美好-楊梅,2024-07-12,5262
2606,裕民,13,1,12,美好-楊梅,2024-07-12,5262
00891,中信關鍵半導體,21,10,11,美好-楊梅,2024-07-12,5262
2363,矽統,14,3,11,美好-楊梅,2024-07-12,5262
1503,士電,14,4,10,美好-楊梅,2024-07-12,5262
00674R,期元大S＆P黃金反1,10,0,10,美好-楊梅,2024-07-12,5262
00853B,統一美債10年Aa-,10,0,10,美好-楊梅,2024-07-12,5262
00948B,中信優息投資級債,10,0,10,美好-楊梅,2024-07-12,5262
1442,名軒,12,2,10,美好-楊梅,2024-07-12,5262
9945,潤泰新,142,16,126,美好-楊梅,2024-07-15,5262
2618,長榮航,132,10,122,美好-楊梅,2024-07-15,5262
1909,榮成,100,0,100,美好-楊梅,2024-07-15,5262
00927,群益半導體收益,119,20,99,美好-楊梅,2024-07-15,5262
00929,復華台灣科技優息,149,54,95,美好-楊梅,2024-07-15,5262
2891,中信金,104,13,91,美好-楊梅,2024-07-15,5262
00937B,群益ESG投等債20,94,7,87,美好-楊梅,2024-07-15,5262
00725B,國泰投資級公司債,80,0,80,美好-楊梅,2024-07-15,5262
2356,英業達,200,132,68,美好-楊梅,2024-07-15,5262
00687B,國泰20年美債,65,0,65,美好-楊梅,2024-07-15,5262
00751B,元大AAA至A公司債,65,0,65,美好-楊梅,2024-07-15,5262
4306,炎洲,60,0,60,美好-楊梅,2024-07-15,5262
00934,中信成長高股息,138,80,58,美好-楊梅,2024-07-15,5262
2610,華航,125,71,54,美好-楊梅,2024-07-15,5262
1608,華榮,141,95,46,美好-楊梅,2024-07-15,5262
2609,陽明,54,13,41,美好-楊梅,2024-07-15,5262
3050,鈺德,41,1,40,美好-楊梅,2024-07-15,5262
6156,松上,40,0,40,美好-楊梅,2024-07-15,5262
00679B,元大美債20年,38,0,38,美好-楊梅,2024-07-15,5262
6770,力積電,37,1,36,美好-楊梅,2024-07-15,5262
2867,三商壽,33,2,31,美好-楊梅,2024-07-15,5262
2887,台新金,51,22,29,美好-楊梅,2024-07-15,5262
2897,王道銀行,28,0,28,美好-楊梅,2024-07-15,5262
2542,興富發,29,4,25,美好-楊梅,2024-07-15,5262
0056,元大高股息,47,23,24,美好-楊梅,2024-07-15,5262
2344,華邦電,40,17,23,美好-楊梅,2024-07-15,5262
2809,京城銀,23,1,22,美好-楊梅,2024-07-15,5262
5381,合正,25,4,21,美好-楊梅,2024-07-15,5262
1710,東聯,20,0,20,美好-楊梅,2024-07-15,5262
2208,台船,20,0,20,美好-楊梅,2024-07-15,5262
3339,泰谷,20,0,20,美好-楊梅,2024-07-15,5262
4545,銘鈺,20,0,20,美好-楊梅,2024-07-15,5262
6120,達運,23,4,19,美好-楊梅,2024-07-15,5262
2303,聯電,27,8,19,美好-楊梅,2024-07-15,5262
2211,長榮鋼,18,0,18,美好-楊梅,2024-07-15,5262
4109,加捷生醫,23,5,18,美好-楊梅,2024-07-15,5262
3231,緯創,25,8,17,美好-楊梅,2024-07-15,5262
00936,台新永續高息中小,17,0,17,美好-楊梅,2024-07-15,5262
2409,友達,32,16,16,美好-楊梅,2024-07-15,5262
2382,廣達,16,0,16,美好-楊梅,2024-07-15,5262
2449,京元電子,17,1,16,美好-楊梅,2024-07-15,5262
2889,國票金,19,3,16,美好-楊梅,2024-07-15,5262
8105,凌巨,29,14,15,美好-楊梅,2024-07-15,5262
00878,國泰永續高股息,17,3,14,美好-楊梅,2024-07-15,5262
2365,昆盈,45,30,15,美好-楊梅,2024-07-15,5262
3596,智易,14,0,14,美好-楊梅,2024-07-15,5262
6282,康舒,15,1,14,美好-楊梅,2024-07-15,5262
2002,中鋼,19,6,13,美好-楊梅,2024-07-15,5262
3481,群創,19,6,13,美好-楊梅,2024-07-15,5262
6126,信音,16,3,13,美好-楊梅,2024-07-15,5262
2618,長榮航,115,25,90,美好-楊梅,2024-07-16,5262
00905,FT臺灣Smart,74,0,74,美好-楊梅,2024-07-16,5262
5392,能率,78,10,68,美好-楊梅,2024-07-16,5262
00919,群益台灣精選高息,65,1,64,美好-楊梅,2024-07-16,5262
00929,復華台灣科技優息,63,5,58,美好-楊梅,2024-07-16,5262
2303,聯電,51,0,51,美好-楊梅,2024-07-16,5262
00915,凱基優選高股息30,40,1,39,美好-楊梅,2024-07-16,5262
0056,元大高股息,39,2,37,美好-楊梅,2024-07-16,5262
1442,名軒,35,0,35,美好-楊梅,2024-07-16,5262
1568,倉佑,35,4,31,美好-楊梅,2024-07-16,5262
2356,英業達,62,31,31,美好-楊梅,2024-07-16,5262
6770,力積電,30,0,30,美好-楊梅,2024-07-16,5262
2440,太空梭,31,2,29,美好-楊梅,2024-07-16,5262
2317,鴻海,40,13,27,美好-楊梅,2024-07-16,5262
2615,萬海,60,34,26,美好-楊梅,2024-07-16,5262
5328,華容,26,1,25,美好-楊梅,2024-07-16,5262
2367,燿華,34,9,25,美好-楊梅,2024-07-16,5262
2891,中信金,29,4,25,美好-楊梅,2024-07-16,5262
2312,金寶,65,40,25,美好-楊梅,2024-07-16,5262
6243,迅杰,26,2,24,美好-楊梅,2024-07-16,5262
6695,芯鼎,27,4,23,美好-楊梅,2024-07-16,5262
3481,群創,24,4,20,美好-楊梅,2024-07-16,5262
1709,和益,20,0,20,美好-楊梅,2024-07-16,5262
5443,均豪,29,9,20,美好-楊梅,2024-07-16,5262
8011,台通,55,36,19,美好-楊梅,2024-07-16,5262
6127,九豪,26,7,19,美好-楊梅,2024-07-16,5262
6125,廣運,30,12,18,美好-楊梅,2024-07-16,5262
2887,台新金,20,2,18,美好-楊梅,2024-07-16,5262
3708,上緯投控,19,1,18,美好-楊梅,2024-07-16,5262
4526,東台,18,2,16,美好-楊梅,2024-07-16,5262
2540,愛山林,14,0,14,美好-楊梅,2024-07-16,5262
00882,中信中國高股息,14,0,14,美好-楊梅,2024-07-16,5262
00936,台新永續高息中小,15,2,13,美好-楊梅,2024-07-16,5262
1618,合機,17,4,13,美好-楊梅,2024-07-16,5262
00940,元大台灣價值高息,25,13,12,美好-楊梅,2024-07-16,5262
2897,王道銀行,12,0,12,美好-楊梅,2024-07-16,5262
6290,良維,15,3,12,美好-楊梅,2024-07-16,5262
00949,復華日本龍頭,11,0,11,美好-楊梅,2024-07-16,5262
2323,中環,11,0,11,美好-楊梅,2024-07-16,5262
6005,群益證,11,0,11,美好-楊梅,2024-07-16,5262
9105,泰金寶-DR,15,4,11,美好-楊梅,2024-07-16,5262
6239,力成,12,1,11,美好-楊梅,2024-07-16,5262
2204,中華,12,1,11,美好-楊梅,2024-07-16,5262
00937B,群益ESG投等債20,10,0,10,美好-楊梅,2024-07-16,5262
00934,中信成長高股息,18,8,10,美好-楊梅,2024-07-16,5262
00674R,期元大S＆P黃金反1,10,0,10,美好-楊梅,2024-07-16,5262
00942B,台新美A公司債20+,10,0,10,美好-楊梅,2024-07-16,5262
1314,中石化,10,0,10,美好-楊梅,2024-07-16,5262
3055,蔚華科,10,0,10,美好-楊梅,2024-07-16,5262
3189,景碩,22,12,10,美好-楊梅,2024-07-16,5262
00679B,元大美債20年,135,1,134,美好-楊梅,2024-07-17,5262
00946,群益科技高息成長,94,0,94,美好-楊梅,2024-07-17,5262
00929,復華台灣科技優息,290,212,78,美好-楊梅,2024-07-17,5262
6770,力積電,78,5,73,美好-楊梅,2024-07-17,5262
00937B,群益ESG投等債20,66,1,65,美好-楊梅,2024-07-17,5262
2489,瑞軒,106,47,59,美好-楊梅,2024-07-17,5262
00936,台新永續高息中小,56,0,56,美好-楊梅,2024-07-17,5262
00915,凱基優選高股息30,54,0,54,美好-楊梅,2024-07-17,5262
00713,元大台灣高息低波,45,0,45,美好-楊梅,2024-07-17,5262
1597,直得,48,5,43,美好-楊梅,2024-07-17,5262
00878,國泰永續高股息,49,8,41,美好-楊梅,2024-07-17,5262
00935,野村臺灣新科技50,42,6,36,美好-楊梅,2024-07-17,5262
00905,FT臺灣Smart,33,0,33,美好-楊梅,2024-07-17,5262
9105,泰金寶-DR,33,2,31,美好-楊梅,2024-07-17,5262
00918,大華優利高填息30,33,3,30,美好-楊梅,2024-07-17,5262
2617,台航,30,0,30,美好-楊梅,2024-07-17,5262
6155,鈞寶,31,1,30,美好-楊梅,2024-07-17,5262
3231,緯創,44,17,27,美好-楊梅,2024-07-17,5262
2537,聯上發,30,5,25,美好-楊梅,2024-07-17,5262
1102,亞泥,23,1,22,美好-楊梅,2024-07-17,5262
1513,中興電,33,13,20,美好-楊梅,2024-07-17,5262
2641,正德,23,3,20,美好-楊梅,2024-07-17,5262
6695,芯鼎,40,21,19,美好-楊梅,2024-07-17,5262
00919,群益台灣精選高息,29,10,19,美好-楊梅,2024-07-17,5262
2330,台積電,22,5,17,美好-楊梅,2024-07-17,5262
2845,遠東銀,17,0,17,美好-楊梅,2024-07-17,5262
2867,三商壽,23,6,17,美好-楊梅,2024-07-17,5262
3048,益登,17,0,17,美好-楊梅,2024-07-17,5262
4956,光鋐,17,1,16,美好-楊梅,2024-07-17,5262
00909,國泰數位支付服務,15,0,15,美好-楊梅,2024-07-17,5262
2618,長榮航,22,8,14,美好-楊梅,2024-07-17,5262
3035,智原,13,1,12,美好-楊梅,2024-07-17,5262
4906,正文,17,4,13,美好-楊梅,2024-07-17,5262
2363,矽統,23,10,13,美好-楊梅,2024-07-17,5262
2344,華邦電,15,3,12,美好-楊梅,2024-07-17,5262
00940,元大台灣價值高息,23,11,12,美好-楊梅,2024-07-17,5262
00680L,元大美債20正2,12,0,12,美好-楊梅,2024-07-17,5262
2481,強茂,57,45,12,美好-楊梅,2024-07-17,5262
3357,臺慶科,16,4,12,美好-楊梅,2024-07-17,5262
0056,元大高股息,15,3,12,美好-楊梅,2024-07-17,5262
2376,技嘉,11,0,11,美好-楊梅,2024-07-17,5262
2367,燿華,19,8,11,美好-楊梅,2024-07-17,5262
00939,統一台灣高息動能,13,2,11,美好-楊梅,2024-07-17,5262
3055,蔚華科,11,0,11,美好-楊梅,2024-07-17,5262
4903,聯光通,12,1,11,美好-楊梅,2024-07-17,5262
8215,明基材,12,1,11,美好-楊梅,2024-07-17,5262
8438,昶昕,14,3,11,美好-楊梅,2024-07-17,5262
1582,信錦,12,2,10,美好-楊梅,2024-07-17,5262
00674R,期元大S＆P黃金反1,10,0,10,美好-楊梅,2024-07-17,5262
00948B,中信優息投資級債,10,0,10,美好-楊梅,2024-07-17,5262
00929,復華台灣科技優息,222,35,187,美好-楊梅,2024-07-18,5262
2881,富邦金,167,4,163,美好-楊梅,2024-07-18,5262
00706L,期元大S＆P日圓正2,100,6,94,美好-楊梅,2024-07-18,5262
00753L,中信中國50正2,80,0,80,美好-楊梅,2024-07-18,5262
00927,群益半導體收益,74,0,74,美好-楊梅,2024-07-18,5262
00919,群益台灣精選高息,73,6,67,美好-楊梅,2024-07-18,5262
6770,力積電,105,40,65,美好-楊梅,2024-07-18,5262
00939,統一台灣高息動能,54,7,47,美好-楊梅,2024-07-18,5262
2610,華航,104,59,45,美好-楊梅,2024-07-18,5262
00687B,國泰20年美債,44,0,44,美好-楊梅,2024-07-18,5262
2303,聯電,61,19,42,美好-楊梅,2024-07-18,5262
00937B,群益ESG投等債20,41,0,41,美好-楊梅,2024-07-18,5262
2489,瑞軒,129,89,40,美好-楊梅,2024-07-18,5262
3163,波若威,99,60,39,美好-楊梅,2024-07-18,5262
2891,中信金,104,66,38,美好-楊梅,2024-07-18,5262
2897,王道銀行,37,3,34,美好-楊梅,2024-07-18,5262
0056,元大高股息,32,0,32,美好-楊梅,2024-07-18,5262
2344,華邦電,50,19,31,美好-楊梅,2024-07-18,5262
6156,松上,30,0,30,美好-楊梅,2024-07-18,5262
9955,佳龍,37,7,30,美好-楊梅,2024-07-18,5262
2834,臺企銀,34,5,29,美好-楊梅,2024-07-18,5262
00918,大華優利高填息30,26,0,26,美好-楊梅,2024-07-18,5262
1402,遠東新,24,0,24,美好-楊梅,2024-07-18,5262
1611,中電,31,7,24,美好-楊梅,2024-07-18,5262
2317,鴻海,63,40,23,美好-楊梅,2024-07-18,5262
2809,京城銀,22,0,22,美好-楊梅,2024-07-18,5262
4128,中天,22,1,21,美好-楊梅,2024-07-18,5262
6127,九豪,23,2,21,美好-楊梅,2024-07-18,5262
00946,群益科技高息成長,21,1,20,美好-楊梅,2024-07-18,5262
00934,中信成長高股息,24,5,19,美好-楊梅,2024-07-18,5262
00881,國泰台灣5G+,16,0,16,美好-楊梅,2024-07-18,5262
4909,新復興,25,9,16,美好-楊梅,2024-07-18,5262
00905,FT臺灣Smart,16,0,16,美好-楊梅,2024-07-18,5262
1301,台塑,38,22,16,美好-楊梅,2024-07-18,5262
00948B,中信優息投資級債,15,0,15,美好-楊梅,2024-07-18,5262
2355,敬鵬,15,0,15,美好-楊梅,2024-07-18,5262
2888,新光金,68,53,15,美好-楊梅,2024-07-18,5262
6116,彩晶,17,2,15,美好-楊梅,2024-07-18,5262
1605,華新,15,1,14,美好-楊梅,2024-07-18,5262
2542,興富發,17,3,14,美好-楊梅,2024-07-18,5262
00891,中信關鍵半導體,14,0,14,美好-楊梅,2024-07-18,5262
1608,華榮,21,8,13,美好-楊梅,2024-07-18,5262
3050,鈺德,13,0,13,美好-楊梅,2024-07-18,5262
3231,緯創,30,17,13,美好-楊梅,2024-07-18,5262
2204,中華,13,1,12,美好-楊梅,2024-07-18,5262
1810,和成,15,3,12,美好-楊梅,2024-07-18,5262
2337,旺宏,17,5,12,美好-楊梅,2024-07-18,5262
2449,京元電子,14,2,12,美好-楊梅,2024-07-18,5262
4743,合一,13,1,12,美好-楊梅,2024-07-18,5262
3035,智原,21,9,12,美好-楊梅,2024-07-18,5262
2885,元大金,301,1,300,美好-楊梅,2024-07-19,5262
2618,長榮航,288,54,234,美好-楊梅,2024-07-19,5262
00929,復華台灣科技優息,217,26,191,美好-楊梅,2024-07-19,5262
00665L,富邦�琤肭磪囓�2,162,0,162,美好-楊梅,2024-07-19,5262
00919,群益台灣精選高息,177,23,154,美好-楊梅,2024-07-19,5262
1909,榮成,133,0,133,美好-楊梅,2024-07-19,5262
1314,中石化,121,0,121,美好-楊梅,2024-07-19,5262
00671R,富邦NASDAQ反1,100,0,100,美好-楊梅,2024-07-19,5262
6770,力積電,114,17,97,美好-楊梅,2024-07-19,5262
2356,英業達,92,6,86,美好-楊梅,2024-07-19,5262
2867,三商壽,106,26,80,美好-楊梅,2024-07-19,5262
00948B,中信優息投資級債,65,0,65,美好-楊梅,2024-07-19,5262
00931B,統一美債20年,62,0,62,美好-楊梅,2024-07-19,5262
6156,松上,55,0,55,美好-楊梅,2024-07-19,5262
2330,台積電,54,4,50,美好-楊梅,2024-07-19,5262
00669R,國泰美國道瓊反1,50,0,50,美好-楊梅,2024-07-19,5262
2888,新光金,107,58,49,美好-楊梅,2024-07-19,5262
00946,群益科技高息成長,48,0,48,美好-楊梅,2024-07-19,5262
00918,大華優利高填息30,46,0,46,美好-楊梅,2024-07-19,5262
2897,王道銀行,45,0,45,美好-楊梅,2024-07-19,5262
2365,昆盈,75,35,40,美好-楊梅,2024-07-19,5262
3527,聚積,39,0,39,美好-楊梅,2024-07-19,5262
00915,凱基優選高股息30,40,2,38,美好-楊梅,2024-07-19,5262
9945,潤泰新,50,12,38,美好-楊梅,2024-07-19,5262
2834,臺企銀,38,0,38,美好-楊梅,2024-07-19,5262
00927,群益半導體收益,38,0,38,美好-楊梅,2024-07-19,5262
1802,台玻,36,0,36,美好-楊梅,2024-07-19,5262
2615,萬海,44,11,33,美好-楊梅,2024-07-19,5262
6116,彩晶,33,0,33,美好-楊梅,2024-07-19,5262
2328,廣宇,32,0,32,美好-楊梅,2024-07-19,5262
2408,南亞科,32,0,32,美好-楊梅,2024-07-19,5262
2891,中信金,36,5,31,美好-楊梅,2024-07-19,5262
2610,華航,33,4,29,美好-楊梅,2024-07-19,5262
3049,精金,29,0,29,美好-楊梅,2024-07-19,5262
4916,事欣科,55,26,29,美好-楊梅,2024-07-19,5262
2353,宏��,28,1,27,美好-楊梅,2024-07-19,5262
2887,台新金,30,3,27,美好-楊梅,2024-07-19,5262
2542,興富發,30,5,25,美好-楊梅,2024-07-19,5262
0056,元大高股息,46,21,25,美好-楊梅,2024-07-19,5262
00937B,群益ESG投等債20,24,0,24,美好-楊梅,2024-07-19,5262
2520,冠德,31,8,23,美好-楊梅,2024-07-19,5262
00905,FT臺灣Smart,22,0,22,美好-楊梅,2024-07-19,5262
1326,台化,22,2,20,美好-楊梅,2024-07-19,5262
1455,集盛,20,0,20,美好-楊梅,2024-07-19,5262
2344,華邦電,19,0,19,美好-楊梅,2024-07-19,5262
3587,閎康,20,1,19,美好-楊梅,2024-07-19,5262
3312,弘憶股,28,10,18,美好-楊梅,2024-07-19,5262
2845,遠東銀,18,0,18,美好-楊梅,2024-07-19,5262
00923,群益台ESG低碳50,18,1,17,美好-楊梅,2024-07-19,5262
2367,燿華,22,5,17,美好-楊梅,2024-07-19,5262
00929,復華台灣科技優息,428,42,386,美好-楊梅,2024-07-22,5262
00940,元大台灣價值高息,262,11,251,美好-楊梅,2024-07-22,5262
2409,友達,142,7,135,美好-楊梅,2024-07-22,5262
00919,群益台灣精選高息,147,36,111,美好-楊梅,2024-07-22,5262
1909,榮成,100,0,100,美好-楊梅,2024-07-22,5262
2303,聯電,96,17,79,美好-楊梅,2024-07-22,5262
3520,華盈,51,1,50,美好-楊梅,2024-07-22,5262
6156,松上,50,0,50,美好-楊梅,2024-07-22,5262
00934,中信成長高股息,148,100,48,美好-楊梅,2024-07-22,5262
00878,國泰永續高股息,59,16,43,美好-楊梅,2024-07-22,5262
0056,元大高股息,58,16,42,美好-楊梅,2024-07-22,5262
2367,燿華,45,6,39,美好-楊梅,2024-07-22,5262
2489,瑞軒,38,4,34,美好-楊梅,2024-07-22,5262
00857B,永豐20年美公債,33,0,33,美好-楊梅,2024-07-22,5262
2323,中環,32,0,32,美好-楊梅,2024-07-22,5262
2883B,凱基金乙特,30,0,30,美好-楊梅,2024-07-22,5262
6016,康和證,30,0,30,美好-楊梅,2024-07-22,5262
3049,精金,30,3,27,美好-楊梅,2024-07-22,5262
2419,仲琦,56,30,26,美好-楊梅,2024-07-22,5262
2618,長榮航,58,33,25,美好-楊梅,2024-07-22,5262
8473,山林水,29,4,25,美好-楊梅,2024-07-22,5262
2609,陽明,38,14,24,美好-楊梅,2024-07-22,5262
6770,力積電,44,20,24,美好-楊梅,2024-07-22,5262
1785,光洋科,24,1,23,美好-楊梅,2024-07-22,5262
1802,台玻,25,3,22,美好-楊梅,2024-07-22,5262
00939,統一台灣高息動能,60,38,22,美好-楊梅,2024-07-22,5262
00946,群益科技高息成長,23,1,22,美好-楊梅,2024-07-22,5262
00881,國泰台灣5G+,36,15,21,美好-楊梅,2024-07-22,5262
2208,台船,21,0,21,美好-楊梅,2024-07-22,5262
00947,台新臺灣IC設計,19,0,19,美好-楊梅,2024-07-22,5262
2501,國建,18,0,18,美好-楊梅,2024-07-22,5262
2867,三商壽,18,0,18,美好-楊梅,2024-07-22,5262
00905,FT臺灣Smart,26,9,17,美好-楊梅,2024-07-22,5262
1617,榮星,17,0,17,美好-楊梅,2024-07-22,5262
5512,力麒,37,20,17,美好-楊梅,2024-07-22,5262
2317,鴻海,79,62,17,美好-楊梅,2024-07-22,5262
00712,復華富時不動產,17,3,14,美好-楊梅,2024-07-22,5262
6443,元晶,34,20,14,美好-楊梅,2024-07-22,5262
2891,中信金,20,7,13,美好-楊梅,2024-07-22,5262
00941,中信上游半導體,15,2,13,美好-楊梅,2024-07-22,5262
4142,國光生,13,0,13,美好-楊梅,2024-07-22,5262
1301,台塑,15,3,12,美好-楊梅,2024-07-22,5262
4566,時碩工業,14,2,12,美好-楊梅,2024-07-22,5262
3017,奇鋐,18,7,11,美好-楊梅,2024-07-22,5262
6531,愛普*,11,0,11,美好-楊梅,2024-07-22,5262
00930,永豐ESG低碳高息,11,0,11,美好-楊梅,2024-07-22,5262
4526,東台,14,3,11,美好-楊梅,2024-07-22,5262
00927,群益半導體收益,13,3,10,美好-楊梅,2024-07-22,5262
2408,南亞科,16,6,10,美好-楊梅,2024-07-22,5262
3712,永崴投控,13,3,10,美好-楊梅,2024-07-22,5262
2867,三商壽,150,0,150,美好-楊梅,2024-07-23,5262
2409,友達,106,2,104,美好-楊梅,2024-07-23,5262
3481,群創,88,6,82,美好-楊梅,2024-07-23,5262
1909,榮成,70,0,70,美好-楊梅,2024-07-23,5262
2885,元大金,64,3,61,美好-楊梅,2024-07-23,5262
00929,復華台灣科技優息,94,36,58,美好-楊梅,2024-07-23,5262
00946,群益科技高息成長,56,0,56,美好-楊梅,2024-07-23,5262
2888,新光金,56,3,53,美好-楊梅,2024-07-23,5262
2882,國泰金,56,4,52,美好-楊梅,2024-07-23,5262
2365,昆盈,59,12,47,美好-楊梅,2024-07-23,5262
00919,群益台灣精選高息,46,3,43,美好-楊梅,2024-07-23,5262
2834,臺企銀,45,9,36,美好-楊梅,2024-07-23,5262
9105,泰金寶-DR,60,28,32,美好-楊梅,2024-07-23,5262
00632R,元大台灣50反1,30,0,30,美好-楊梅,2024-07-23,5262
8064,東捷,61,31,30,美好-楊梅,2024-07-23,5262
2356,英業達,36,7,29,美好-楊梅,2024-07-23,5262
00937B,群益ESG投等債20,35,9,26,美好-楊梅,2024-07-23,5262
2542,興富發,29,3,26,美好-楊梅,2024-07-23,5262
1618,合機,26,2,24,美好-楊梅,2024-07-23,5262
3580,友威科,37,13,24,美好-楊梅,2024-07-23,5262
00895,富邦未來車,22,0,22,美好-楊梅,2024-07-23,5262
2408,南亞科,22,1,21,美好-楊梅,2024-07-23,5262
2344,華邦電,53,33,20,美好-楊梅,2024-07-23,5262
3710,連展投控,20,0,20,美好-楊梅,2024-07-23,5262
4128,中天,25,5,20,美好-楊梅,2024-07-23,5262
2367,燿華,31,12,19,美好-楊梅,2024-07-23,5262
00881,國泰台灣5G+,23,5,18,美好-楊梅,2024-07-23,5262
2489,瑞軒,26,8,18,美好-楊梅,2024-07-23,5262
8374,羅昇,25,8,17,美好-楊梅,2024-07-23,5262
2362,藍天,22,5,17,美好-楊梅,2024-07-23,5262
9945,潤泰新,35,18,17,美好-楊梅,2024-07-23,5262
4526,東台,16,0,16,美好-楊梅,2024-07-23,5262
5347,世界,19,3,16,美好-楊梅,2024-07-23,5262
3037,欣興,24,10,14,美好-楊梅,2024-07-23,5262
8440,綠電,17,3,14,美好-楊梅,2024-07-23,5262
1608,華榮,17,4,13,美好-楊梅,2024-07-23,5262
1301,台塑,13,1,12,美好-楊梅,2024-07-23,5262
00923,群益台ESG低碳50,12,0,12,美好-楊梅,2024-07-23,5262
6177,達麗,15,3,12,美好-楊梅,2024-07-23,5262
00934,中信成長高股息,11,0,11,美好-楊梅,2024-07-23,5262
3231,緯創,14,4,10,美好-楊梅,2024-07-23,5262
00772B,中信高評級公司債,10,0,10,美好-楊梅,2024-07-23,5262
00936,台新永續高息中小,11,1,10,美好-楊梅,2024-07-23,5262
2353,宏��,13,3,10,美好-楊梅,2024-07-23,5262
3006,晶豪科,10,0,10,美好-楊梅,2024-07-23,5262
3390,旭軟,10,0,10,美好-楊梅,2024-07-23,5262
6116,彩晶,10,0,10,美好-楊梅,2024-07-23,5262
6901,鑽石投資,10,0,10,美好-楊梅,2024-07-23,5262
2891,中信金,9,0,9,美好-楊梅,2024-07-23,5262
1304,台聚,10,1,9,美好-楊梅,2024-07-23,5262
3049,精金,204,0,204,美好-楊梅,2024-07-26,5262
00665L,富邦�琤肭磪囓�2,195,0,195,美好-楊梅,2024-07-26,5262
00929,復華台灣科技優息,194,15,179,美好-楊梅,2024-07-26,5262
00940,元大台灣價值高息,128,20,108,美好-楊梅,2024-07-26,5262
00919,群益台灣精選高息,100,0,100,美好-楊梅,2024-07-26,5262
00881,國泰台灣5G+,95,0,95,美好-楊梅,2024-07-26,5262
00878,國泰永續高股息,79,7,72,美好-楊梅,2024-07-26,5262
00651R,復華香港反1,70,0,70,美好-楊梅,2024-07-26,5262
1909,榮成,70,0,70,美好-楊梅,2024-07-26,5262
3149,正達,62,0,62,美好-楊梅,2024-07-26,5262
2356,英業達,66,7,59,美好-楊梅,2024-07-26,5262
2317,鴻海,65,11,54,美好-楊梅,2024-07-26,5262
2618,長榮航,79,26,53,美好-楊梅,2024-07-26,5262
00664R,國泰臺灣加權反1,50,0,50,美好-楊梅,2024-07-26,5262
00706L,期元大S＆P日圓正2,45,0,45,美好-楊梅,2024-07-26,5262
2382,廣達,52,11,41,美好-楊梅,2024-07-26,5262
0056,元大高股息,38,3,35,美好-楊梅,2024-07-26,5262
2344,華邦電,37,3,34,美好-楊梅,2024-07-26,5262
2365,昆盈,93,60,33,美好-楊梅,2024-07-26,5262
2330,台積電,36,4,32,美好-楊梅,2024-07-26,5262
2884,玉山金,28,0,28,美好-楊梅,2024-07-26,5262
2409,友達,30,5,25,美好-楊梅,2024-07-26,5262
2371,大同,24,1,23,美好-楊梅,2024-07-26,5262
2323,中環,22,0,22,美好-楊梅,2024-07-26,5262
3711,日月光投控,22,0,22,美好-楊梅,2024-07-26,5262
2408,南亞科,22,2,20,美好-楊梅,2024-07-26,5262
00945B,凱基美國非投等債,20,0,20,美好-楊梅,2024-07-26,5262
6116,彩晶,33,13,20,美好-楊梅,2024-07-26,5262
8201,無敵,20,0,20,美好-楊梅,2024-07-26,5262
00637L,元大滬深300正2,19,0,19,美好-楊梅,2024-07-26,5262
2105,正新,20,1,19,美好-楊梅,2024-07-26,5262
2834,臺企銀,21,3,18,美好-楊梅,2024-07-26,5262
3706,神達,17,0,17,美好-楊梅,2024-07-26,5262
2303,聯電,38,21,17,美好-楊梅,2024-07-26,5262
2891,中信金,15,0,15,美好-楊梅,2024-07-26,5262
00636,國泰中國A50,15,0,15,美好-楊梅,2024-07-26,5262
00927,群益半導體收益,15,0,15,美好-楊梅,2024-07-26,5262
00941,中信上游半導體,17,2,15,美好-楊梅,2024-07-26,5262
2915,潤泰全,21,6,15,美好-楊梅,2024-07-26,5262
6770,力積電,15,0,15,美好-楊梅,2024-07-26,5262
6005,群益證,14,0,14,美好-楊梅,2024-07-26,5262
5907,大洋-KY,13,0,13,美好-楊梅,2024-07-26,5262
00687B,國泰20年美債,12,0,12,美好-楊梅,2024-07-26,5262
8021,尖點,12,1,11,美好-楊梅,2024-07-26,5262
00930,永豐ESG低碳高息,11,0,11,美好-楊梅,2024-07-26,5262
00944,野村趨勢動能高息,11,0,11,美好-楊梅,2024-07-26,5262
00946,群益科技高息成長,27,16,11,美好-楊梅,2024-07-26,5262
2449,京元電子,12,1,11,美好-楊梅,2024-07-26,5262
2002,中鋼,29,18,11,美好-楊梅,2024-07-26,5262
1304,台聚,10,0,10,美好-楊梅,2024-07-26,5262
00929,復華台灣科技優息,306,65,241,美好-楊梅,2024-07-29,5262
2610,華航,106,4,102,美好-楊梅,2024-07-29,5262
1905,華紙,100,0,100,美好-楊梅,2024-07-29,5262
2491,吉祥全,98,1,97,美好-楊梅,2024-07-29,5262
1909,榮成,60,0,60,美好-楊梅,2024-07-29,5262
2409,友達,61,1,60,美好-楊梅,2024-07-29,5262
8936,國統,64,6,58,美好-楊梅,2024-07-29,5262
2344,華邦電,92,36,56,美好-楊梅,2024-07-29,5262
0056,元大高股息,54,3,51,美好-楊梅,2024-07-29,5262
2201,裕隆,50,0,50,美好-楊梅,2024-07-29,5262
00878,國泰永續高股息,61,13,48,美好-楊梅,2024-07-29,5262
00919,群益台灣精選高息,59,15,44,美好-楊梅,2024-07-29,5262
00940,元大台灣價值高息,42,2,40,美好-楊梅,2024-07-29,5262
5443,均豪,52,13,39,美好-楊梅,2024-07-29,5262
00712,復華富時不動產,36,0,36,美好-楊梅,2024-07-29,5262
3041,揚智,30,0,30,美好-楊梅,2024-07-29,5262
6770,力積電,29,0,29,美好-楊梅,2024-07-29,5262
3623,富晶通,26,0,26,美好-楊梅,2024-07-29,5262
2884,玉山金,25,0,25,美好-楊梅,2024-07-29,5262
00936,台新永續高息中小,23,0,23,美好-楊梅,2024-07-29,5262
2303,聯電,29,6,23,美好-楊梅,2024-07-29,5262
3231,緯創,27,5,22,美好-楊梅,2024-07-29,5262
3019,亞光,23,2,21,美好-楊梅,2024-07-29,5262
3043,科風,20,0,20,美好-楊梅,2024-07-29,5262
3520,華盈,20,0,20,美好-楊梅,2024-07-29,5262
2324,仁寶,20,1,19,美好-楊梅,2024-07-29,5262
3037,欣興,19,1,18,美好-楊梅,2024-07-29,5262
00918,大華優利高填息30,23,5,18,美好-楊梅,2024-07-29,5262
2356,英業達,25,8,17,美好-楊梅,2024-07-29,5262
4128,中天,26,9,17,美好-楊梅,2024-07-29,5262
6177,達麗,21,5,16,美好-楊梅,2024-07-29,5262
6116,彩晶,17,2,15,美好-楊梅,2024-07-29,5262
2312,金寶,51,37,14,美好-楊梅,2024-07-29,5262
2402,毅嘉,24,10,14,美好-楊梅,2024-07-29,5262
1301,台塑,14,1,13,美好-楊梅,2024-07-29,5262
3312,弘憶股,19,6,13,美好-楊梅,2024-07-29,5262
2453,凌群,12,0,12,美好-楊梅,2024-07-29,5262
3167,大量,15,3,12,美好-楊梅,2024-07-29,5262
2388,威盛,11,0,11,美好-楊梅,2024-07-29,5262
3042,晶技,11,0,11,美好-楊梅,2024-07-29,5262
2891,中信金,12,2,10,美好-楊梅,2024-07-29,5262
00725B,國泰投資級公司債,10,0,10,美好-楊梅,2024-07-29,5262
2323,中環,12,2,10,美好-楊梅,2024-07-29,5262
2501,國建,13,3,10,美好-楊梅,2024-07-29,5262
2516,新建,10,0,10,美好-楊梅,2024-07-29,5262
3050,鈺德,10,0,10,美好-楊梅,2024-07-29,5262
3550,聯穎,10,0,10,美好-楊梅,2024-07-29,5262
5488,松普,10,0,10,美好-楊梅,2024-07-29,5262
6141,柏承,10,0,10,美好-楊梅,2024-07-29,5262
6182,合晶,10,0,10,美好-楊梅,2024-07-29,5262
00940,元大台灣價值高息,158,2,156,美好-楊梅,2024-07-30,5262
00929,復華台灣科技優息,136,13,123,美好-楊梅,2024-07-30,5262
00725B,國泰投資級公司債,110,0,110,美好-楊梅,2024-07-30,5262
2885,元大金,102,0,102,美好-楊梅,2024-07-30,5262
2882,國泰金,101,5,96,美好-楊梅,2024-07-30,5262
6477,安集,63,0,63,美好-楊梅,2024-07-30,5262
2371,大同,61,10,51,美好-楊梅,2024-07-30,5262
2201,裕隆,50,0,50,美好-楊梅,2024-07-30,5262
2891,中信金,56,7,49,美好-楊梅,2024-07-30,5262
2344,華邦電,81,37,44,美好-楊梅,2024-07-30,5262
2303,聯電,46,2,44,美好-楊梅,2024-07-30,5262
3189,景碩,42,7,35,美好-楊梅,2024-07-30,5262
00934,中信成長高股息,30,0,30,美好-楊梅,2024-07-30,5262
0056,元大高股息,32,2,30,美好-楊梅,2024-07-30,5262
00687B,國泰20年美債,60,31,29,美好-楊梅,2024-07-30,5262
00919,群益台灣精選高息,30,2,28,美好-楊梅,2024-07-30,5262
2834,臺企銀,40,14,26,美好-楊梅,2024-07-30,5262
9105,泰金寶-DR,36,10,26,美好-楊梅,2024-07-30,5262
2349,錸德,40,16,24,美好-楊梅,2024-07-30,5262
00881,國泰台灣5G+,20,0,20,美好-楊梅,2024-07-30,5262
5498,凱崴,20,0,20,美好-楊梅,2024-07-30,5262
1806,冠軍,24,6,18,美好-楊梅,2024-07-30,5262
2489,瑞軒,29,12,17,美好-楊梅,2024-07-30,5262
00878,國泰永續高股息,46,30,16,美好-楊梅,2024-07-30,5262
1313,聯成,15,0,15,美好-楊梅,2024-07-30,5262
1101,台泥,24,10,14,美好-楊梅,2024-07-30,5262
2884,玉山金,14,0,14,美好-楊梅,2024-07-30,5262
6869,雲豹能源,13,0,13,美好-楊梅,2024-07-30,5262
2382,廣達,14,1,13,美好-楊梅,2024-07-30,5262
00946,群益科技高息成長,16,3,13,美好-楊梅,2024-07-30,5262
1442,名軒,14,1,13,美好-楊梅,2024-07-30,5262
00936,台新永續高息中小,14,2,12,美好-楊梅,2024-07-30,5262
1597,直得,11,0,11,美好-楊梅,2024-07-30,5262
6244,茂迪,11,0,11,美好-楊梅,2024-07-30,5262
8926,台汽電,11,1,10,美好-楊梅,2024-07-30,5262
3527,聚積,10,0,10,美好-楊梅,2024-07-30,5262
8043,蜜望實,10,0,10,美好-楊梅,2024-07-30,5262
1789,神隆,10,0,10,美好-楊梅,2024-07-30,5262
2618,長榮航,10,0,10,美好-楊梅,2024-07-30,5262
2845,遠東銀,10,0,10,美好-楊梅,2024-07-30,5262
3706,神達,10,0,10,美好-楊梅,2024-07-30,5262
4909,新復興,12,2,10,美好-楊梅,2024-07-30,5262
2867,三商壽,15,5,10,美好-楊梅,2024-07-30,5262
00927,群益半導體收益,9,0,9,美好-楊梅,2024-07-30,5262
00637L,元大滬深300正2,9,0,9,美好-楊梅,2024-07-30,5262
3535,晶彩科,10,1,9,美好-楊梅,2024-07-30,5262
4564,元翎,9,0,9,美好-楊梅,2024-07-30,5262
6443,元晶,10,1,9,美好-楊梅,2024-07-30,5262
2363,矽統,12,4,8,美好-楊梅,2024-07-30,5262
00944,野村趨勢動能高息,8,0,8,美好-楊梅,2024-07-30,5262
00929,復華台灣科技優息,176,18,158,美好-楊梅,2024-07-31,5262
4526,東台,134,12,122,美好-楊梅,2024-07-31,5262
1717,長興,106,0,106,美好-楊梅,2024-07-31,5262
2457,飛宏,61,0,61,美好-楊梅,2024-07-31,5262
3189,景碩,48,8,40,美好-楊梅,2024-07-31,5262
00712,復華富時不動產,35,0,35,美好-楊梅,2024-07-31,5262
2002,中鋼,40,6,34,美好-楊梅,2024-07-31,5262
00931B,統一美債20年,32,0,32,美好-楊梅,2024-07-31,5262
00940,元大台灣價值高息,32,4,28,美好-楊梅,2024-07-31,5262
1609,大亞,32,4,28,美好-楊梅,2024-07-31,5262
00918,大華優利高填息30,26,0,26,美好-楊梅,2024-07-31,5262
00738U,期元大道瓊白銀,25,0,25,美好-楊梅,2024-07-31,5262
9105,泰金寶-DR,25,3,22,美好-楊梅,2024-07-31,5262
2204,中華,27,7,20,美好-楊梅,2024-07-31,5262
00948B,中信優息投資級債,20,0,20,美好-楊梅,2024-07-31,5262
00632R,元大台灣50反1,20,0,20,美好-楊梅,2024-07-31,5262
006205,富邦上証,20,0,20,美好-楊梅,2024-07-31,5262
2014,中鴻,20,0,20,美好-楊梅,2024-07-31,5262
2536,宏普,20,0,20,美好-楊梅,2024-07-31,5262
00853B,統一美債10年Aa-,16,0,16,美好-楊梅,2024-07-31,5262
006208,富邦台50,15,0,15,美好-楊梅,2024-07-31,5262
5347,世界,16,3,13,美好-楊梅,2024-07-31,5262
6869,雲豹能源,17,4,13,美好-楊梅,2024-07-31,5262
2344,華邦電,24,11,13,美好-楊梅,2024-07-31,5262
3037,欣興,20,7,13,美好-楊梅,2024-07-31,5262
1714,和桐,13,1,12,美好-楊梅,2024-07-31,5262
00939,統一台灣高息動能,12,1,11,美好-楊梅,2024-07-31,5262
00947,台新臺灣IC設計,10,0,10,美好-楊梅,2024-07-31,5262
00637L,元大滬深300正2,21,11,10,美好-楊梅,2024-07-31,5262
2530,華建,22,12,10,美好-楊梅,2024-07-31,5262
3715,定穎投控,20,10,10,美好-楊梅,2024-07-31,5262
4552,力達-KY,10,0,10,美好-楊梅,2024-07-31,5262
2537,聯上發,15,5,10,美好-楊梅,2024-07-31,5262
2603,長榮,10,0,10,美好-楊梅,2024-07-31,5262
3711,日月光投控,9,0,9,美好-楊梅,2024-07-31,5262
00687B,國泰20年美債,11,2,9,美好-楊梅,2024-07-31,5262
3024,憶聲,15,6,9,美好-楊梅,2024-07-31,5262
3078,僑威,9,0,9,美好-楊梅,2024-07-31,5262
1453,大將,12,3,9,美好-楊梅,2024-07-31,5262
2330,台積電,9,1,8,美好-楊梅,2024-07-31,5262
00946,群益科技高息成長,8,0,8,美好-楊梅,2024-07-31,5262
2355,敬鵬,10,2,8,美好-楊梅,2024-07-31,5262
3376,新日興,8,0,8,美好-楊梅,2024-07-31,5262
3580,友威科,30,22,8,美好-楊梅,2024-07-31,5262
4513,福裕,10,2,8,美好-楊梅,2024-07-31,5262
6177,達麗,23,15,8,美好-楊梅,2024-07-31,5262
2353,宏��,12,4,8,美好-楊梅,2024-07-31,5262
00891,中信關鍵半導體,7,0,7,美好-楊梅,2024-07-31,5262
4128,中天,8,1,7,美好-楊梅,2024-07-31,5262
00936,台新永續高息中小,7,0,7,美好-楊梅,2024-07-31,5262
00878,國泰永續高股息,132,3,129,美好-楊梅,2024-08-01,5262
00665L,富邦�琤肭磪囓�2,129,0,129,美好-楊梅,2024-08-01,5262
00679B,元大美債20年,76,13,63,美好-楊梅,2024-08-01,5262
5443,均豪,82,19,63,美好-楊梅,2024-08-01,5262
00948B,中信優息投資級債,50,0,50,美好-楊梅,2024-08-01,5262
5328,華容,40,0,40,美好-楊梅,2024-08-01,5262
1101,台泥,39,4,35,美好-楊梅,2024-08-01,5262
3047,訊舟,49,14,35,美好-楊梅,2024-08-01,5262
5519,隆大,38,3,35,美好-楊梅,2024-08-01,5262
00929,復華台灣科技優息,46,21,25,美好-楊梅,2024-08-01,5262
1785,光洋科,34,9,25,美好-楊梅,2024-08-01,5262
2204,中華,29,5,24,美好-楊梅,2024-08-01,5262
2888,新光金,23,2,21,美好-楊梅,2024-08-01,5262
8028,昇陽半導體,36,15,21,美好-楊梅,2024-08-01,5262
2610,華航,21,1,20,美好-楊梅,2024-08-01,5262
00919,群益台灣精選高息,19,0,19,美好-楊梅,2024-08-01,5262
1714,和桐,20,2,18,美好-楊梅,2024-08-01,5262
00905,FT臺灣Smart,20,3,17,美好-楊梅,2024-08-01,5262
2349,錸德,46,29,17,美好-楊梅,2024-08-01,5262
6239,力成,17,2,15,美好-楊梅,2024-08-01,5262
00949,復華日本龍頭,15,0,15,美好-楊梅,2024-08-01,5262
6150,撼訊,15,0,15,美好-楊梅,2024-08-01,5262
00712,復華富時不動產,14,0,14,美好-楊梅,2024-08-01,5262
3711,日月光投控,14,1,13,美好-楊梅,2024-08-01,5262
5515,建國,14,1,13,美好-楊梅,2024-08-01,5262
00933B,國泰10Y+金融債,12,0,12,美好-楊梅,2024-08-01,5262
00637L,元大滬深300正2,12,0,12,美好-楊梅,2024-08-01,5262
2641,正德,12,0,12,美好-楊梅,2024-08-01,5262
00692,富邦公司治理,10,0,10,美好-楊梅,2024-08-01,5262
00674R,期元大S＆P黃金反1,10,0,10,美好-楊梅,2024-08-01,5262
00636,國泰中國A50,10,0,10,美好-楊梅,2024-08-01,5262
00951,台新日本半導體,10,0,10,美好-楊梅,2024-08-01,5262
2355,敬鵬,10,0,10,美好-楊梅,2024-08-01,5262
2405,輔信,10,0,10,美好-楊梅,2024-08-01,5262
2464,盟立,25,15,10,美好-楊梅,2024-08-01,5262
3188,鑫龍騰,10,0,10,美好-楊梅,2024-08-01,5262
8463,潤泰材,10,0,10,美好-楊梅,2024-08-01,5262
8011,台通,10,1,9,美好-楊梅,2024-08-01,5262
5876,上海商銀,9,0,9,美好-楊梅,2024-08-01,5262
1216,統一,24,15,9,美好-楊梅,2024-08-01,5262
3715,定穎投控,15,6,9,美好-楊梅,2024-08-01,5262
00946,群益科技高息成長,8,0,8,美好-楊梅,2024-08-01,5262
00915,凱基優選高股息30,8,0,8,美好-楊梅,2024-08-01,5262
00680L,元大美債20正2,8,0,8,美好-楊梅,2024-08-01,5262
1815,富喬,11,3,8,美好-楊梅,2024-08-01,5262
6441,廣錠,8,0,8,美好-楊梅,2024-08-01,5262
9105,泰金寶-DR,10,2,8,美好-楊梅,2024-08-01,5262
2454,聯發科,9,2,7,美好-楊梅,2024-08-01,5262
00795B,中信美國公債20年,7,0,7,美好-楊梅,2024-08-01,5262
1806,冠軍,7,0,7,美好-楊梅,2024-08-01,5262
00878,國泰永續高股息,228,8,220,美好-楊梅,2024-08-02,5262
00940,元大台灣價值高息,215,0,215,美好-楊梅,2024-08-02,5262
00929,復華台灣科技優息,209,12,197,美好-楊梅,2024-08-02,5262
00687B,國泰20年美債,182,12,170,美好-楊梅,2024-08-02,5262
00919,群益台灣精選高息,150,0,150,美好-楊梅,2024-08-02,5262
2317,鴻海,173,39,134,美好-楊梅,2024-08-02,5262
00665L,富邦�琤肭磪囓�2,122,0,122,美好-楊梅,2024-08-02,5262
00948B,中信優息投資級債,98,0,98,美好-楊梅,2024-08-02,5262
1314,中石化,100,2,98,美好-楊梅,2024-08-02,5262
0056,元大高股息,62,1,61,美好-楊梅,2024-08-02,5262
00937B,群益ESG投等債20,69,11,58,美好-楊梅,2024-08-02,5262
00900,富邦特選高股息30,56,0,56,美好-楊梅,2024-08-02,5262
00671R,富邦NASDAQ反1,50,0,50,美好-楊梅,2024-08-02,5262
00669R,國泰美國道瓊反1,50,0,50,美好-楊梅,2024-08-02,5262
00664R,國泰臺灣加權反1,50,0,50,美好-楊梅,2024-08-02,5262
2610,華航,47,0,47,美好-楊梅,2024-08-02,5262
00934,中信成長高股息,46,0,46,美好-楊梅,2024-08-02,5262
00881,國泰台灣5G+,46,2,44,美好-楊梅,2024-08-02,5262
2330,台積電,49,8,41,美好-楊梅,2024-08-02,5262
1101,台泥,42,5,37,美好-楊梅,2024-08-02,5262
1316,上曜,49,14,35,美好-楊梅,2024-08-02,5262
3037,欣興,45,11,34,美好-楊梅,2024-08-02,5262
00927,群益半導體收益,34,0,34,美好-楊梅,2024-08-02,5262
2356,英業達,38,5,33,美好-楊梅,2024-08-02,5262
3048,益登,32,1,31,美好-楊梅,2024-08-02,5262
00947,台新臺灣IC設計,29,0,29,美好-楊梅,2024-08-02,5262
00941,中信上游半導體,28,0,28,美好-楊梅,2024-08-02,5262
2367,燿華,43,16,27,美好-楊梅,2024-08-02,5262
00939,統一台灣高息動能,25,0,25,美好-楊梅,2024-08-02,5262
00905,FT臺灣Smart,24,0,24,美好-楊梅,2024-08-02,5262
2515,中工,51,27,24,美好-楊梅,2024-08-02,5262
2891,中信金,23,0,23,美好-楊梅,2024-08-02,5262
00951,台新日本半導體,23,0,23,美好-楊梅,2024-08-02,5262
2408,南亞科,24,1,23,美好-楊梅,2024-08-02,5262
2204,中華,28,6,22,美好-楊梅,2024-08-02,5262
2501,國建,66,44,22,美好-楊梅,2024-08-02,5262
5512,力麒,33,11,22,美好-楊梅,2024-08-02,5262
3312,弘憶股,24,3,21,美好-楊梅,2024-08-02,5262
2382,廣達,25,6,19,美好-楊梅,2024-08-02,5262
00679B,元大美債20年,30,11,19,美好-楊梅,2024-08-02,5262
4142,國光生,20,1,19,美好-楊梅,2024-08-02,5262
2609,陽明,45,27,18,美好-楊梅,2024-08-02,5262
00946,群益科技高息成長,18,0,18,美好-楊梅,2024-08-02,5262
00891,中信關鍵半導體,17,0,17,美好-楊梅,2024-08-02,5262
3231,緯創,23,6,17,美好-楊梅,2024-08-02,5262
2449,京元電子,17,1,16,美好-楊梅,2024-08-02,5262
2845,遠東銀,16,0,16,美好-楊梅,2024-08-02,5262
2349,錸德,96,80,16,美好-楊梅,2024-08-02,5262
2524,京城,29,14,15,美好-楊梅,2024-08-02,5262
1313,聯成,15,0,15,美好-楊梅,2024-08-02,5262
2834,臺企銀,760,175,585,美好-楊梅,2024-08-05,5262
00929,復華台灣科技優息,647,77,570,美好-楊梅,2024-08-05,5262
00940,元大台灣價值高息,463,15,448,美好-楊梅,2024-08-05,5262
00878,國泰永續高股息,247,54,193,美好-楊梅,2024-08-05,5262
00919,群益台灣精選高息,169,36,133,美好-楊梅,2024-08-05,5262
2409,友達,128,0,128,美好-楊梅,2024-08-05,5262
00946,群益科技高息成長,123,0,123,美好-楊梅,2024-08-05,5262
0056,元大高股息,130,18,112,美好-楊梅,2024-08-05,5262
3481,群創,100,9,91,美好-楊梅,2024-08-05,5262
3227,原相,80,0,80,美好-楊梅,2024-08-05,5262
6182,合晶,70,2,68,美好-楊梅,2024-08-05,5262
6770,力積電,98,36,62,美好-楊梅,2024-08-05,5262
2883,凱基金,68,7,61,美好-楊梅,2024-08-05,5262
3024,憶聲,61,1,60,美好-楊梅,2024-08-05,5262
2887,台新金,58,3,55,美好-楊梅,2024-08-05,5262
00881,國泰台灣5G+,57,3,54,美好-楊梅,2024-08-05,5262
00936,台新永續高息中小,61,13,48,美好-楊梅,2024-08-05,5262
00715L,期街口布蘭特正2,47,0,47,美好-楊梅,2024-08-05,5262
1802,台玻,36,0,36,美好-楊梅,2024-08-05,5262
2489,瑞軒,39,3,36,美好-楊梅,2024-08-05,5262
2323,中環,34,0,34,美好-楊梅,2024-08-05,5262
2891,中信金,45,11,34,美好-楊梅,2024-08-05,5262
2609,陽明,64,31,33,美好-楊梅,2024-08-05,5262
6202,盛群,34,1,33,美好-楊梅,2024-08-05,5262
2317,鴻海,70,38,32,美好-楊梅,2024-08-05,5262
6443,元晶,34,3,31,美好-楊梅,2024-08-05,5262
5498,凱崴,30,0,30,美好-楊梅,2024-08-05,5262
8064,東捷,30,0,30,美好-楊梅,2024-08-05,5262
2615,萬海,84,55,29,美好-楊梅,2024-08-05,5262
3049,精金,31,3,28,美好-楊梅,2024-08-05,5262
00939,統一台灣高息動能,51,25,26,美好-楊梅,2024-08-05,5262
2610,華航,37,11,26,美好-楊梅,2024-08-05,5262
1540,喬福,66,42,24,美好-楊梅,2024-08-05,5262
9105,泰金寶-DR,55,31,24,美好-楊梅,2024-08-05,5262
2801,彰銀,28,5,23,美好-楊梅,2024-08-05,5262
00900,富邦特選高股息30,28,6,22,美好-楊梅,2024-08-05,5262
00948B,中信優息投資級債,22,0,22,美好-楊梅,2024-08-05,5262
0050,元大台灣50,23,2,21,美好-楊梅,2024-08-05,5262
2880,華南金,22,1,21,美好-楊梅,2024-08-05,5262
2332,友訊,24,3,21,美好-楊梅,2024-08-05,5262
2402,毅嘉,27,6,21,美好-楊梅,2024-08-05,5262
6116,彩晶,30,9,21,美好-楊梅,2024-08-05,5262
2330,台積電,49,28,21,美好-楊梅,2024-08-05,5262
2337,旺宏,40,20,20,美好-楊梅,2024-08-05,5262
3048,益登,25,5,20,美好-楊梅,2024-08-05,5262
8374,羅昇,26,7,19,美好-楊梅,2024-08-05,5262
2002,中鋼,37,19,18,美好-楊梅,2024-08-05,5262
2355,敬鵬,21,3,18,美好-楊梅,2024-08-05,5262
2453,凌群,18,0,18,美好-楊梅,2024-08-05,5262
2867,三商壽,27,9,18,美好-楊梅,2024-08-05,5262
2834,臺企銀,519,47,472,美好-楊梅,2024-08-06,5262
00878,國泰永續高股息,181,45,136,美好-楊梅,2024-08-06,5262
2367,燿華,112,28,84,美好-楊梅,2024-08-06,5262
00940,元大台灣價值高息,115,40,75,美好-楊梅,2024-08-06,5262
00937B,群益ESG投等債20,109,44,65,美好-楊梅,2024-08-06,5262
1909,榮成,50,0,50,美好-楊梅,2024-08-06,5262
2542,興富發,53,3,50,美好-楊梅,2024-08-06,5262
2356,英業達,60,13,47,美好-楊梅,2024-08-06,5262
2867,三商壽,57,10,47,美好-楊梅,2024-08-06,5262
00948B,中信優息投資級債,61,20,41,美好-楊梅,2024-08-06,5262
3481,群創,72,33,39,美好-楊梅,2024-08-06,5262
3049,精金,71,33,38,美好-楊梅,2024-08-06,5262
00881,國泰台灣5G+,62,28,34,美好-楊梅,2024-08-06,5262
2545,皇翔,33,0,33,美好-楊梅,2024-08-06,5262
2409,友達,40,13,27,美好-楊梅,2024-08-06,5262
9945,潤泰新,28,3,25,美好-楊梅,2024-08-06,5262
00637L,元大滬深300正2,22,0,22,美好-楊梅,2024-08-06,5262
2349,錸德,46,25,21,美好-楊梅,2024-08-06,5262
00751B,元大AAA至A公司債,20,0,20,美好-楊梅,2024-08-06,5262
3284,太普高,20,0,20,美好-楊梅,2024-08-06,5262
00664R,國泰臺灣加權反1,20,0,20,美好-楊梅,2024-08-06,5262
00731,復華富時高息低波,30,10,20,美好-楊梅,2024-08-06,5262
00725B,國泰投資級公司債,20,0,20,美好-楊梅,2024-08-06,5262
1540,喬福,72,52,20,美好-楊梅,2024-08-06,5262
3710,連展投控,20,0,20,美好-楊梅,2024-08-06,5262
8043,蜜望實,23,3,20,美好-楊梅,2024-08-06,5262
3037,欣興,28,8,20,美好-楊梅,2024-08-06,5262
00715L,期街口布蘭特正2,19,0,19,美好-楊梅,2024-08-06,5262
4420,光明,19,0,19,美好-楊梅,2024-08-06,5262
5258,虹堡,29,10,19,美好-楊梅,2024-08-06,5262
6770,力積電,63,46,17,美好-楊梅,2024-08-06,5262
2455,全新,19,2,17,美好-楊梅,2024-08-06,5262
2365,昆盈,43,26,17,美好-楊梅,2024-08-06,5262
2887,台新金,34,18,16,美好-楊梅,2024-08-06,5262
3189,景碩,19,3,16,美好-楊梅,2024-08-06,5262
3305,昇貿,18,2,16,美好-楊梅,2024-08-06,5262
4562,穎漢,21,6,15,美好-楊梅,2024-08-06,5262
00713,元大台灣高息低波,14,0,14,美好-楊梅,2024-08-06,5262
2388,威盛,23,10,13,美好-楊梅,2024-08-06,5262
00946,群益科技高息成長,16,3,13,美好-楊梅,2024-08-06,5262
2317,鴻海,72,59,13,美好-楊梅,2024-08-06,5262
00923,群益台ESG低碳50,12,0,12,美好-楊梅,2024-08-06,5262
2337,旺宏,30,18,12,美好-楊梅,2024-08-06,5262
2441,超豐,12,0,12,美好-楊梅,2024-08-06,5262
2515,中工,12,0,12,美好-楊梅,2024-08-06,5262
8086,宏捷科,12,0,12,美好-楊梅,2024-08-06,5262
00936,台新永續高息中小,34,23,11,美好-楊梅,2024-08-06,5262
2731,雄獅,11,0,11,美好-楊梅,2024-08-06,5262
1815,富喬,18,7,11,美好-楊梅,2024-08-06,5262
2312,金寶,44,33,11,美好-楊梅,2024-08-06,5262
00632R,元大台灣50反1,220,0,220,美好-楊梅,2024-08-07,5262
00878,國泰永續高股息,115,26,89,美好-楊梅,2024-08-07,5262
2313,華通,89,10,79,美好-楊梅,2024-08-07,5262
00712,復華富時不動產,70,0,70,美好-楊梅,2024-08-07,5262
3481,群創,88,23,65,美好-楊梅,2024-08-07,5262
00948B,中信優息投資級債,100,40,60,美好-楊梅,2024-08-07,5262
00881,國泰台灣5G+,60,4,56,美好-楊梅,2024-08-07,5262
00937B,群益ESG投等債20,125,72,53,美好-楊梅,2024-08-07,5262
2409,友達,50,0,50,美好-楊梅,2024-08-07,5262
00929,復華台灣科技優息,75,28,47,美好-楊梅,2024-08-07,5262
2317,鴻海,82,35,47,美好-楊梅,2024-08-07,5262
00919,群益台灣精選高息,64,25,39,美好-楊梅,2024-08-07,5262
00680L,元大美債20正2,55,22,33,美好-楊梅,2024-08-07,5262
0056,元大高股息,33,3,30,美好-楊梅,2024-08-07,5262
2402,毅嘉,33,5,28,美好-楊梅,2024-08-07,5262
1442,名軒,28,2,26,美好-楊梅,2024-08-07,5262
00900,富邦特選高股息30,20,0,20,美好-楊梅,2024-08-07,5262
1909,榮成,20,0,20,美好-楊梅,2024-08-07,5262
2524,京城,20,0,20,美好-楊梅,2024-08-07,5262
00923,群益台ESG低碳50,19,0,19,美好-楊梅,2024-08-07,5262
2887,台新金,17,0,17,美好-楊梅,2024-08-07,5262
00731,復華富時高息低波,15,0,15,美好-楊梅,2024-08-07,5262
2312,金寶,27,13,14,美好-楊梅,2024-08-07,5262
3211,順達,14,0,14,美好-楊梅,2024-08-07,5262
00902,中信電池及儲能,13,0,13,美好-楊梅,2024-08-07,5262
00936,台新永續高息中小,15,2,13,美好-楊梅,2024-08-07,5262
1808,潤隆,14,1,13,美好-楊梅,2024-08-07,5262
0050,元大台灣50,12,0,12,美好-楊梅,2024-08-07,5262
5519,隆大,13,1,12,美好-楊梅,2024-08-07,5262
6116,彩晶,15,3,12,美好-楊梅,2024-08-07,5262
00715L,期街口布蘭特正2,11,0,11,美好-楊梅,2024-08-07,5262
1714,和桐,11,0,11,美好-楊梅,2024-08-07,5262
2834,臺企銀,27,16,11,美好-楊梅,2024-08-07,5262
4569,六方科-KY,11,0,11,美好-楊梅,2024-08-07,5262
6213,聯茂,13,2,11,美好-楊梅,2024-08-07,5262
1711,永光,11,0,11,美好-楊梅,2024-08-07,5262
00947,台新臺灣IC設計,10,0,10,美好-楊梅,2024-08-07,5262
2352,佳世達,10,0,10,美好-楊梅,2024-08-07,5262
00927,群益半導體收益,10,0,10,美好-楊梅,2024-08-07,5262
1449,佳和,10,0,10,美好-楊梅,2024-08-07,5262
2641,正德,10,0,10,美好-楊梅,2024-08-07,5262
2886,兆豐金,10,0,10,美好-楊梅,2024-08-07,5262
6122,擎邦,12,2,10,美好-楊梅,2024-08-07,5262
6257,矽格,20,10,10,美好-楊梅,2024-08-07,5262
8093,保銳,10,0,10,美好-楊梅,2024-08-07,5262
2344,華邦電,10,1,9,美好-楊梅,2024-08-07,5262
2897,王道銀行,9,0,9,美好-楊梅,2024-08-07,5262
5347,世界,16,8,8,美好-楊梅,2024-08-07,5262
1540,喬福,76,68,8,美好-楊梅,2024-08-07,5262
2362,藍天,9,1,8,美好-楊梅,2024-08-07,5262
3522,御嵿,200,0,200,美好-楊梅,2024-08-08,5262
00878,國泰永續高股息,182,11,171,美好-楊梅,2024-08-08,5262
00929,復華台灣科技優息,168,48,120,美好-楊梅,2024-08-08,5262
00688L,國泰20年美債正2,100,0,100,美好-楊梅,2024-08-08,5262
4306,炎洲,73,0,73,美好-楊梅,2024-08-08,5262
00940,元大台灣價值高息,59,0,59,美好-楊梅,2024-08-08,5262
1326,台化,43,0,43,美好-楊梅,2024-08-08,5262
2317,鴻海,61,21,40,美好-楊梅,2024-08-08,5262
00679B,元大美債20年,39,1,38,美好-楊梅,2024-08-08,5262
00919,群益台灣精選高息,34,0,34,美好-楊梅,2024-08-08,5262
1808,潤隆,33,0,33,美好-楊梅,2024-08-08,5262
1301,台塑,34,3,31,美好-楊梅,2024-08-08,5262
2344,華邦電,30,2,28,美好-楊梅,2024-08-08,5262
2349,錸德,43,16,27,美好-楊梅,2024-08-08,5262
0056,元大高股息,26,1,25,美好-楊梅,2024-08-08,5262
1402,遠東新,23,0,23,美好-楊梅,2024-08-08,5262
2489,瑞軒,32,10,22,美好-楊梅,2024-08-08,5262
2886,兆豐金,27,5,22,美好-楊梅,2024-08-08,5262
1314,中石化,23,1,22,美好-楊梅,2024-08-08,5262
2515,中工,22,0,22,美好-楊梅,2024-08-08,5262
2464,盟立,56,36,20,美好-楊梅,2024-08-08,5262
3312,弘憶股,22,4,18,美好-楊梅,2024-08-08,5262
2337,旺宏,21,4,17,美好-楊梅,2024-08-08,5262
2365,昆盈,73,56,17,美好-楊梅,2024-08-08,5262
00937B,群益ESG投等債20,18,1,17,美好-楊梅,2024-08-08,5262
00948B,中信優息投資級債,26,10,16,美好-楊梅,2024-08-08,5262
3450,聯鈞,26,10,16,美好-楊梅,2024-08-08,5262
00923,群益台ESG低碳50,16,0,16,美好-楊梅,2024-08-08,5262
0050,元大台灣50,15,0,15,美好-楊梅,2024-08-08,5262
00687B,國泰20年美債,25,10,15,美好-楊梅,2024-08-08,5262
3231,緯創,27,13,14,美好-楊梅,2024-08-08,5262
00881,國泰台灣5G+,18,4,14,美好-楊梅,2024-08-08,5262
8043,蜜望實,36,23,13,美好-楊梅,2024-08-08,5262
3711,日月光投控,14,2,12,美好-楊梅,2024-08-08,5262
00918,大華優利高填息30,12,0,12,美好-楊梅,2024-08-08,5262
00941,中信上游半導體,11,0,11,美好-楊梅,2024-08-08,5262
2615,萬海,13,3,10,美好-楊梅,2024-08-08,5262
2884,玉山金,10,0,10,美好-楊梅,2024-08-08,5262
00933B,國泰10Y+金融債,10,0,10,美好-楊梅,2024-08-08,5262
00680L,元大美債20正2,10,0,10,美好-楊梅,2024-08-08,5262
00931B,統一美債20年,10,0,10,美好-楊梅,2024-08-08,5262
2537,聯上發,15,5,10,美好-楊梅,2024-08-08,5262
2731,雄獅,10,0,10,美好-楊梅,2024-08-08,5262
3663,鑫科,35,25,10,美好-楊梅,2024-08-08,5262
3669,圓展,10,0,10,美好-楊梅,2024-08-08,5262
00927,群益半導體收益,8,0,8,美好-楊梅,2024-08-08,5262
4919,新唐,7,0,7,美好-楊梅,2024-08-08,5262
1909,榮成,7,0,7,美好-楊梅,2024-08-08,5262
2891,中信金,25,18,7,美好-楊梅,2024-08-08,5262
4510,高鋒,21,14,7,美好-楊梅,2024-08-08,5262
9105,泰金寶-DR,255,5,250,美好-楊梅,2024-08-09,5262
00929,復華台灣科技優息,181,10,171,美好-楊梅,2024-08-09,5262
1216,統一,134,2,132,美好-楊梅,2024-08-09,5262
0056,元大高股息,81,6,75,美好-楊梅,2024-08-09,5262
00940,元大台灣價值高息,100,28,72,美好-楊梅,2024-08-09,5262
00664R,國泰臺灣加權反1,55,0,55,美好-楊梅,2024-08-09,5262
5512,力麒,53,0,53,美好-楊梅,2024-08-09,5262
6160,欣技,54,9,45,美好-楊梅,2024-08-09,5262
2542,興富發,51,7,44,美好-楊梅,2024-08-09,5262
00878,國泰永續高股息,49,8,41,美好-楊梅,2024-08-09,5262
00911,兆豐洲際半導體,39,0,39,美好-楊梅,2024-08-09,5262
00937B,群益ESG投等債20,37,0,37,美好-楊梅,2024-08-09,5262
2615,萬海,62,27,35,美好-楊梅,2024-08-09,5262
2331,精英,38,3,35,美好-楊梅,2024-08-09,5262
00948B,中信優息投資級債,58,25,33,美好-楊梅,2024-08-09,5262
2609,陽明,55,24,31,美好-楊梅,2024-08-09,5262
2441,超豐,30,0,30,美好-楊梅,2024-08-09,5262
00632R,元大台灣50反1,35,10,25,美好-楊梅,2024-08-09,5262
00931B,統一美債20年,28,3,25,美好-楊梅,2024-08-09,5262
3260,威剛,27,4,23,美好-楊梅,2024-08-09,5262
4545,銘鈺,25,2,23,美好-楊梅,2024-08-09,5262
00751B,元大AAA至A公司債,21,0,21,美好-楊梅,2024-08-09,5262
1785,光洋科,23,2,21,美好-楊梅,2024-08-09,5262
3576,聯合再生,21,0,21,美好-楊梅,2024-08-09,5262
00725B,國泰投資級公司債,20,0,20,美好-楊梅,2024-08-09,5262
2457,飛宏,22,2,20,美好-楊梅,2024-08-09,5262
2634,漢翔,20,0,20,美好-楊梅,2024-08-09,5262
6120,達運,20,0,20,美好-楊梅,2024-08-09,5262
5519,隆大,18,2,16,美好-楊梅,2024-08-09,5262
00881,國泰台灣5G+,21,6,15,美好-楊梅,2024-08-09,5262
3044,健鼎,15,0,15,美好-楊梅,2024-08-09,5262
3374,精材,17,3,14,美好-楊梅,2024-08-09,5262
3481,群創,27,13,14,美好-楊梅,2024-08-09,5262
1540,喬福,18,5,13,美好-楊梅,2024-08-09,5262
00713,元大台灣高息低波,12,0,12,美好-楊梅,2024-08-09,5262
2834,臺企銀,26,14,12,美好-楊梅,2024-08-09,5262
4968,立積,12,0,12,美好-楊梅,2024-08-09,5262
00933B,國泰10Y+金融債,11,0,11,美好-楊梅,2024-08-09,5262
2882,國泰金,13,2,11,美好-楊梅,2024-08-09,5262
00715L,期街口布蘭特正2,10,0,10,美好-楊梅,2024-08-09,5262
00680L,元大美債20正2,10,0,10,美好-楊梅,2024-08-09,5262
00947,台新臺灣IC設計,10,0,10,美好-楊梅,2024-08-09,5262
3057,喬鼎,10,0,10,美好-楊梅,2024-08-09,5262
3520,華盈,10,0,10,美好-楊梅,2024-08-09,5262
4550,長佳,10,0,10,美好-楊梅,2024-08-09,5262
5484,慧友,10,0,10,美好-楊梅,2024-08-09,5262
2353,宏��,12,3,9,美好-楊梅,2024-08-09,5262
1605,華新,10,1,9,美好-楊梅,2024-08-09,5262
1714,和桐,10,1,9,美好-楊梅,2024-08-09,5262
3005,神基,10,1,9,美好-楊梅,2024-08-09,5262
00632R,元大台灣50反1,146,0,146,美好-楊梅,2024-08-12,5262
00878,國泰永續高股息,129,24,105,美好-楊梅,2024-08-12,5262
00795B,中信美國公債20年,75,1,74,美好-楊梅,2024-08-12,5262
00929,復華台灣科技優息,70,9,61,美好-楊梅,2024-08-12,5262
6234,高僑,50,0,50,美好-楊梅,2024-08-12,5262
00951,台新日本半導體,49,0,49,美好-楊梅,2024-08-12,5262
4545,銘鈺,53,4,49,美好-楊梅,2024-08-12,5262
2891,中信金,47,1,46,美好-楊梅,2024-08-12,5262
1326,台化,40,0,40,美好-楊梅,2024-08-12,5262
2312,金寶,38,4,34,美好-楊梅,2024-08-12,5262
1711,永光,32,0,32,美好-楊梅,2024-08-12,5262
5011,久陽,32,0,32,美好-楊梅,2024-08-12,5262
2365,昆盈,58,28,30,美好-楊梅,2024-08-12,5262
6788,華景電,27,1,26,美好-楊梅,2024-08-12,5262
1301,台塑,24,0,24,美好-楊梅,2024-08-12,5262
00724B,群益投資級金融債,20,0,20,美好-楊梅,2024-08-12,5262
2641,正德,20,0,20,美好-楊梅,2024-08-12,5262
00712,復華富時不動產,21,2,19,美好-楊梅,2024-08-12,5262
2610,華航,28,9,19,美好-楊梅,2024-08-12,5262
00936,台新永續高息中小,18,0,18,美好-楊梅,2024-08-12,5262
2409,友達,20,3,17,美好-楊梅,2024-08-12,5262
00731,復華富時高息低波,15,0,15,美好-楊梅,2024-08-12,5262
3663,鑫科,51,37,14,美好-楊梅,2024-08-12,5262
1618,合機,15,2,13,美好-楊梅,2024-08-12,5262
4523,永彰,13,0,13,美好-楊梅,2024-08-12,5262
1513,中興電,24,11,13,美好-楊梅,2024-08-12,5262
1597,直得,21,9,12,美好-楊梅,2024-08-12,5262
1314,中石化,12,0,12,美好-楊梅,2024-08-12,5262
2002,中鋼,11,0,11,美好-楊梅,2024-08-12,5262
3712,永崴投控,11,0,11,美好-楊梅,2024-08-12,5262
4562,穎漢,23,12,11,美好-楊梅,2024-08-12,5262
4906,正文,12,1,11,美好-楊梅,2024-08-12,5262
6215,和椿,18,7,11,美好-楊梅,2024-08-12,5262
9105,泰金寶-DR,11,0,11,美好-楊梅,2024-08-12,5262
2359,所羅門,18,7,11,美好-楊梅,2024-08-12,5262
00882,中信中國高股息,10,0,10,美好-楊梅,2024-08-12,5262
2022,聚亨,10,0,10,美好-楊梅,2024-08-12,5262
2801,彰銀,15,5,10,美好-楊梅,2024-08-12,5262
2892,第一金,13,3,10,美好-楊梅,2024-08-12,5262
9933,中鼎,10,0,10,美好-楊梅,2024-08-12,5262
1316,上曜,14,5,9,美好-楊梅,2024-08-12,5262
2349,錸德,22,13,9,美好-楊梅,2024-08-12,5262
4976,佳凌,12,3,9,美好-楊梅,2024-08-12,5262
3047,訊舟,37,28,9,美好-楊梅,2024-08-12,5262
3374,精材,12,4,8,美好-楊梅,2024-08-12,5262
6457,紘康,8,0,8,美好-楊梅,2024-08-12,5262
00715L,期街口布蘭特正2,10,3,7,美好-楊梅,2024-08-12,5262
00680L,元大美債20正2,7,0,7,美好-楊梅,2024-08-12,5262
3024,憶聲,16,9,7,美好-楊梅,2024-08-12,5262
6180,橘子,8,1,7,美好-楊梅,2024-08-12,5262
00679B,元大美債20年,137,1,136,美好-楊梅,2024-08-13,5262
00687B,國泰20年美債,97,3,94,美好-楊梅,2024-08-13,5262
00951,台新日本半導體,80,0,80,美好-楊梅,2024-08-13,5262
00878,國泰永續高股息,51,12,39,美好-楊梅,2024-08-13,5262
2610,華航,39,5,34,美好-楊梅,2024-08-13,5262
3188,鑫龍騰,32,0,32,美好-楊梅,2024-08-13,5262
2009,第一銅,30,0,30,美好-楊梅,2024-08-13,5262
00929,復華台灣科技優息,29,0,29,美好-楊梅,2024-08-13,5262
2609,陽明,44,15,29,美好-楊梅,2024-08-13,5262
00919,群益台灣精選高息,24,0,24,美好-楊梅,2024-08-13,5262
1301,台塑,23,0,23,美好-楊梅,2024-08-13,5262
00881,國泰台灣5G+,24,1,23,美好-楊梅,2024-08-13,5262
1326,台化,22,0,22,美好-楊梅,2024-08-13,5262
1442,名軒,22,0,22,美好-楊梅,2024-08-13,5262
2615,萬海,27,7,20,美好-楊梅,2024-08-13,5262
3013,晟銘電,37,19,18,美好-楊梅,2024-08-13,5262
2880,華南金,26,9,17,美好-楊梅,2024-08-13,5262
3231,緯創,49,32,17,美好-楊梅,2024-08-13,5262
2382,廣達,20,4,16,美好-楊梅,2024-08-13,5262
2834,臺企銀,16,0,16,美好-楊梅,2024-08-13,5262
2323,中環,15,0,15,美好-楊梅,2024-08-13,5262
4550,長佳,15,0,15,美好-楊梅,2024-08-13,5262
5534,長虹,16,2,14,美好-楊梅,2024-08-13,5262
1513,中興電,18,6,12,美好-楊梅,2024-08-13,5262
2520,冠德,18,6,12,美好-楊梅,2024-08-13,5262
2801,彰銀,12,0,12,美好-楊梅,2024-08-13,5262
4566,時碩工業,18,6,12,美好-楊梅,2024-08-13,5262
00632R,元大台灣50反1,11,0,11,美好-楊梅,2024-08-13,5262
3706,神達,16,5,11,美好-楊梅,2024-08-13,5262
2204,中華,11,1,10,美好-楊梅,2024-08-13,5262
1802,台玻,10,0,10,美好-楊梅,2024-08-13,5262
2017,官田鋼,10,0,10,美好-楊梅,2024-08-13,5262
2495,普安,115,105,10,美好-楊梅,2024-08-13,5262
2537,聯上發,10,0,10,美好-楊梅,2024-08-13,5262
3011,今皓,10,0,10,美好-楊梅,2024-08-13,5262
3522,御嵿,10,0,10,美好-楊梅,2024-08-13,5262
5011,久陽,10,0,10,美好-楊梅,2024-08-13,5262
6177,達麗,12,2,10,美好-楊梅,2024-08-13,5262
2349,錸德,12,3,9,美好-楊梅,2024-08-13,5262
2376,技嘉,11,2,9,美好-楊梅,2024-08-13,5262
00637L,元大滬深300正2,9,0,9,美好-楊梅,2024-08-13,5262
1314,中石化,9,0,9,美好-楊梅,2024-08-13,5262
3550,聯穎,9,0,9,美好-楊梅,2024-08-13,5262
00936,台新永續高息中小,9,0,9,美好-楊梅,2024-08-13,5262
1514,亞力,33,25,8,美好-楊梅,2024-08-13,5262
2476,鉅祥,8,0,8,美好-楊梅,2024-08-13,5262
2886,兆豐金,12,5,7,美好-楊梅,2024-08-13,5262
3499,環天科,7,0,7,美好-楊梅,2024-08-13,5262
2355,敬鵬,6,0,6,美好-楊梅,2024-08-13,5262
2455,全新,6,0,6,美好-楊梅,2024-08-13,5262
00665L,富邦�琤肭磪囓�2,310,0,310,美好-楊梅,2024-08-14,5262
00929,復華台灣科技優息,227,37,190,美好-楊梅,2024-08-14,5262
00941,中信上游半導體,131,0,131,美好-楊梅,2024-08-14,5262
00688L,國泰20年美債正2,100,0,100,美好-楊梅,2024-08-14,5262
00878,國泰永續高股息,71,23,48,美好-楊梅,2024-08-14,5262
00680L,元大美債20正2,47,0,47,美好-楊梅,2024-08-14,5262
2834,臺企銀,41,0,41,美好-楊梅,2024-08-14,5262
00632R,元大台灣50反1,46,10,36,美好-楊梅,2024-08-14,5262
00881,國泰台灣5G+,37,1,36,美好-楊梅,2024-08-14,5262
00949,復華日本龍頭,30,0,30,美好-楊梅,2024-08-14,5262
2329,華泰,67,42,25,美好-楊梅,2024-08-14,5262
2888,新光金,29,4,25,美好-楊梅,2024-08-14,5262
2887,台新金,27,4,23,美好-楊梅,2024-08-14,5262
1442,名軒,22,0,22,美好-楊梅,2024-08-14,5262
9945,潤泰新,34,12,22,美好-楊梅,2024-08-14,5262
00637L,元大滬深300正2,20,0,20,美好-楊梅,2024-08-14,5262
2344,華邦電,27,9,18,美好-楊梅,2024-08-14,5262
6180,橘子,19,1,18,美好-楊梅,2024-08-14,5262
00679B,元大美債20年,27,11,16,美好-楊梅,2024-08-14,5262
2504,國產,17,1,16,美好-楊梅,2024-08-14,5262
2614,東森,16,0,16,美好-楊梅,2024-08-14,5262
6770,力積電,44,28,16,美好-楊梅,2024-08-14,5262
00919,群益台灣精選高息,19,4,15,美好-楊梅,2024-08-14,5262
2365,昆盈,55,40,15,美好-楊梅,2024-08-14,5262
2609,陽明,18,4,14,美好-楊梅,2024-08-14,5262
4562,穎漢,95,82,13,美好-楊梅,2024-08-14,5262
1101,台泥,26,14,12,美好-楊梅,2024-08-14,5262
2615,萬海,17,5,12,美好-楊梅,2024-08-14,5262
2208,台船,15,3,12,美好-楊梅,2024-08-14,5262
00937B,群益ESG投等債20,21,10,11,美好-楊梅,2024-08-14,5262
3686,達能,11,0,11,美好-楊梅,2024-08-14,5262
00664R,國泰臺灣加權反1,10,0,10,美好-楊梅,2024-08-14,5262
00948B,中信優息投資級債,10,0,10,美好-楊梅,2024-08-14,5262
2491,吉祥全,10,0,10,美好-楊梅,2024-08-14,5262
3055,蔚華科,10,0,10,美好-楊梅,2024-08-14,5262
3312,弘憶股,10,0,10,美好-楊梅,2024-08-14,5262
3498,陽程,19,9,10,美好-楊梅,2024-08-14,5262
6153,嘉聯益,10,0,10,美好-楊梅,2024-08-14,5262
8104,錸寶,10,0,10,美好-楊梅,2024-08-14,5262
0056,元大高股息,17,7,10,美好-楊梅,2024-08-14,5262
2464,盟立,15,6,9,美好-楊梅,2024-08-14,5262
3189,景碩,15,6,9,美好-楊梅,2024-08-14,5262
8064,東捷,12,3,9,美好-楊梅,2024-08-14,5262
2349,錸德,15,7,8,美好-楊梅,2024-08-14,5262
3037,欣興,17,9,8,美好-楊梅,2024-08-14,5262
8043,蜜望實,12,4,8,美好-楊梅,2024-08-14,5262
00936,台新永續高息中小,7,0,7,美好-楊梅,2024-08-14,5262
00923,群益台ESG低碳50,7,0,7,美好-楊梅,2024-08-14,5262
2373,震旦行,7,0,7,美好-楊梅,2024-08-14,5262
2801,彰銀,12,5,7,美好-楊梅,2024-08-14,5262
00929,復華台灣科技優息,287,14,273,美好-楊梅,2024-08-15,5262
00679B,元大美債20年,191,32,159,美好-楊梅,2024-08-15,5262
00725B,國泰投資級公司債,118,0,118,美好-楊梅,2024-08-15,5262
00687B,國泰20年美債,114,2,112,美好-楊梅,2024-08-15,5262
00878,國泰永續高股息,132,29,103,美好-楊梅,2024-08-15,5262
5512,力麒,50,0,50,美好-楊梅,2024-08-15,5262
2002,中鋼,46,0,46,美好-楊梅,2024-08-15,5262
3048,益登,44,4,40,美好-楊梅,2024-08-15,5262
00936,台新永續高息中小,52,21,31,美好-楊梅,2024-08-15,5262
00933B,國泰10Y+金融債,31,1,30,美好-楊梅,2024-08-15,5262
00665L,富邦�琤肭磪囓�2,130,100,30,美好-楊梅,2024-08-15,5262
2402,毅嘉,32,2,30,美好-楊梅,2024-08-15,5262
00951,台新日本半導體,40,12,28,美好-楊梅,2024-08-15,5262
2597,潤弘,30,3,27,美好-楊梅,2024-08-15,5262
2303,聯電,33,6,27,美好-楊梅,2024-08-15,5262
2317,鴻海,46,20,26,美好-楊梅,2024-08-15,5262
00830,國泰費城半導體,25,0,25,美好-楊梅,2024-08-15,5262
2344,華邦電,46,21,25,美好-楊梅,2024-08-15,5262
00900,富邦特選高股息30,67,43,24,美好-楊梅,2024-08-15,5262
00795B,中信美國公債20年,22,0,22,美好-楊梅,2024-08-15,5262
1101,台泥,32,10,22,美好-楊梅,2024-08-15,5262
00680L,元大美債20正2,20,0,20,美好-楊梅,2024-08-15,5262
1326,台化,19,0,19,美好-楊梅,2024-08-15,5262
00881,國泰台灣5G+,25,7,18,美好-楊梅,2024-08-15,5262
3284,太普高,22,4,18,美好-楊梅,2024-08-15,5262
4562,穎漢,85,67,18,美好-楊梅,2024-08-15,5262
1808,潤隆,17,0,17,美好-楊梅,2024-08-15,5262
00713,元大台灣高息低波,16,0,16,美好-楊梅,2024-08-15,5262
8299,群聯,17,1,16,美好-楊梅,2024-08-15,5262
00712,復華富時不動產,15,0,15,美好-楊梅,2024-08-15,5262
1313,聯成,15,0,15,美好-楊梅,2024-08-15,5262
5011,久陽,16,1,15,美好-楊梅,2024-08-15,5262
2887,台新金,16,2,14,美好-楊梅,2024-08-15,5262
3581,博磊,17,4,13,美好-楊梅,2024-08-15,5262
4540,全球傳動,20,8,12,美好-楊梅,2024-08-15,5262
2615,萬海,36,24,12,美好-楊梅,2024-08-15,5262
2489,瑞軒,57,46,11,美好-楊梅,2024-08-15,5262
2367,燿華,28,18,10,美好-楊梅,2024-08-15,5262
00940,元大台灣價值高息,11,1,10,美好-楊梅,2024-08-15,5262
1314,中石化,10,0,10,美好-楊梅,2024-08-15,5262
2617,台航,10,0,10,美好-楊梅,2024-08-15,5262
1514,亞力,45,36,9,美好-楊梅,2024-08-15,5262
1809,中釉,10,1,9,美好-楊梅,2024-08-15,5262
4566,時碩工業,25,16,9,美好-楊梅,2024-08-15,5262
1303,南亞,7,0,7,美好-楊梅,2024-08-15,5262
2886,兆豐金,7,0,7,美好-楊梅,2024-08-15,5262
1702,南僑,7,0,7,美好-楊梅,2024-08-15,5262
2634,漢翔,9,2,7,美好-楊梅,2024-08-15,5262
2801,彰銀,6,0,6,美好-楊梅,2024-08-15,5262
2356,英業達,12,6,6,美好-楊梅,2024-08-15,5262
00688L,國泰20年美債正2,325,0,325,美好-楊梅,2024-08-16,5262
2834,臺企銀,151,6,145,美好-楊梅,2024-08-16,5262
00951,台新日本半導體,106,0,106,美好-楊梅,2024-08-16,5262
1313,聯成,100,0,100,美好-楊梅,2024-08-16,5262
6016,康和證,69,0,69,美好-楊梅,2024-08-16,5262
00632R,元大台灣50反1,58,0,58,美好-楊梅,2024-08-16,5262
00929,復華台灣科技優息,69,12,57,美好-楊梅,2024-08-16,5262
00795B,中信美國公債20年,47,0,47,美好-楊梅,2024-08-16,5262
00878,國泰永續高股息,46,10,36,美好-楊梅,2024-08-16,5262
4157,太景*-KY,30,0,30,美好-楊梅,2024-08-16,5262
0056,元大高股息,25,2,23,美好-楊梅,2024-08-16,5262
2323,中環,27,8,19,美好-楊梅,2024-08-16,5262
00900,富邦特選高股息30,18,0,18,美好-楊梅,2024-08-16,5262
00687B,國泰20年美債,56,38,18,美好-楊梅,2024-08-16,5262
1611,中電,18,1,17,美好-楊梅,2024-08-16,5262
2504,國產,17,0,17,美好-楊梅,2024-08-16,5262
2317,鴻海,33,17,16,美好-楊梅,2024-08-16,5262
00712,復華富時不動產,15,0,15,美好-楊梅,2024-08-16,5262
1301,台塑,14,0,14,美好-楊梅,2024-08-16,5262
3312,弘憶股,24,11,13,美好-楊梅,2024-08-16,5262
2062,橋椿,32,20,12,美好-楊梅,2024-08-16,5262
2349,錸德,17,5,12,美好-楊梅,2024-08-16,5262
2464,盟立,27,15,12,美好-楊梅,2024-08-16,5262
6116,彩晶,12,0,12,美好-楊梅,2024-08-16,5262
2356,英業達,23,13,10,美好-楊梅,2024-08-16,5262
1609,大亞,13,4,9,美好-楊梅,2024-08-16,5262
2353,宏��,14,5,9,美好-楊梅,2024-08-16,5262
8096,擎亞,69,60,9,美好-楊梅,2024-08-16,5262
2884,玉山金,12,3,9,美好-楊梅,2024-08-16,5262
3034,聯詠,8,0,8,美好-楊梅,2024-08-16,5262
00945B,凱基美國非投等債,8,0,8,美好-楊梅,2024-08-16,5262
6187,萬潤,18,10,8,美好-楊梅,2024-08-16,5262
1714,和桐,10,3,7,美好-楊梅,2024-08-16,5262
6830,汎銓,7,0,7,美好-楊梅,2024-08-16,5262
1442,名軒,6,0,6,美好-楊梅,2024-08-16,5262
2367,燿華,20,14,6,美好-楊梅,2024-08-16,5262
2402,毅嘉,8,2,6,美好-楊梅,2024-08-16,5262
3663,鑫科,25,19,6,美好-楊梅,2024-08-16,5262
5608,四維航,6,0,6,美好-楊梅,2024-08-16,5262
6547,高端疫苗,6,0,6,美好-楊梅,2024-08-16,5262
2371,大同,15,10,5,美好-楊梅,2024-08-16,5262
1515,力山,5,0,5,美好-楊梅,2024-08-16,5262
1618,合機,8,3,5,美好-楊梅,2024-08-16,5262
2312,金寶,31,26,5,美好-楊梅,2024-08-16,5262
2486,一詮,9,4,5,美好-楊梅,2024-08-16,5262
2905,三商,5,0,5,美好-楊梅,2024-08-16,5262
3545,敦泰,5,0,5,美好-楊梅,2024-08-16,5262
5213,亞昕,5,0,5,美好-楊梅,2024-08-16,5262
6240,松崗,5,0,5,美好-楊梅,2024-08-16,5262
6443,元晶,5,0,5,美好-楊梅,2024-08-16,5262
00951,台新日本半導體,160,0,160,美好-楊梅,2024-08-19,5262
00940,元大台灣價值高息,195,48,147,美好-楊梅,2024-08-19,5262
00665L,富邦�琤肭磪囓�2,131,8,123,美好-楊梅,2024-08-19,5262
00715L,期街口布蘭特正2,98,0,98,美好-楊梅,2024-08-19,5262
00687B,國泰20年美債,68,1,67,美好-楊梅,2024-08-19,5262
00936,台新永續高息中小,65,0,65,美好-楊梅,2024-08-19,5262
00929,復華台灣科技優息,70,7,63,美好-楊梅,2024-08-19,5262
2303,聯電,114,51,63,美好-楊梅,2024-08-19,5262
00679B,元大美債20年,67,5,62,美好-楊梅,2024-08-19,5262
2467,志聖,86,29,57,美好-楊梅,2024-08-19,5262
00931B,統一美債20年,38,2,36,美好-楊梅,2024-08-19,5262
00830,國泰費城半導體,33,0,33,美好-楊梅,2024-08-19,5262
3047,訊舟,69,37,32,美好-楊梅,2024-08-19,5262
3694,海華,30,0,30,美好-楊梅,2024-08-19,5262
2002,中鋼,27,3,24,美好-楊梅,2024-08-19,5262
00795B,中信美國公債20年,22,0,22,美好-楊梅,2024-08-19,5262
3710,連展投控,20,0,20,美好-楊梅,2024-08-19,5262
5531,鄉林,20,0,20,美好-楊梅,2024-08-19,5262
00712,復華富時不動產,19,0,19,美好-楊梅,2024-08-19,5262
3581,博磊,37,18,19,美好-楊梅,2024-08-19,5262
0056,元大高股息,19,0,19,美好-楊梅,2024-08-19,5262
6126,信音,27,12,15,美好-楊梅,2024-08-19,5262
00878,國泰永續高股息,26,11,15,美好-楊梅,2024-08-19,5262
6609,瀧澤科,16,3,13,美好-楊梅,2024-08-19,5262
2359,所羅門,43,30,13,美好-楊梅,2024-08-19,5262
6207,雷科,20,7,13,美好-楊梅,2024-08-19,5262
8096,擎亞,23,10,13,美好-楊梅,2024-08-19,5262
00946,群益科技高息成長,12,0,12,美好-楊梅,2024-08-19,5262
00772B,中信高評級公司債,11,0,11,美好-楊梅,2024-08-19,5262
1326,台化,11,0,11,美好-楊梅,2024-08-19,5262
00664R,國泰臺灣加權反1,10,0,10,美好-楊梅,2024-08-19,5262
1227,佳格,10,0,10,美好-楊梅,2024-08-19,5262
2009,第一銅,10,0,10,美好-楊梅,2024-08-19,5262
2887,台新金,10,0,10,美好-楊梅,2024-08-19,5262
2897,王道銀行,10,0,10,美好-楊梅,2024-08-19,5262
3374,精材,22,12,10,美好-楊梅,2024-08-19,5262
6153,嘉聯益,10,0,10,美好-楊梅,2024-08-19,5262
6443,元晶,11,1,10,美好-楊梅,2024-08-19,5262
6830,汎銓,10,0,10,美好-楊梅,2024-08-19,5262
9105,泰金寶-DR,10,0,10,美好-楊梅,2024-08-19,5262
2405,輔信,16,7,9,美好-楊梅,2024-08-19,5262
4561,健椿,13,4,9,美好-楊梅,2024-08-19,5262
2317,鴻海,26,18,8,美好-楊梅,2024-08-19,5262
1503,士電,9,1,8,美好-楊梅,2024-08-19,5262
2243,宏旭-KY,17,9,8,美好-楊梅,2024-08-19,5262
3013,晟銘電,36,28,8,美好-楊梅,2024-08-19,5262
3231,緯創,10,2,8,美好-楊梅,2024-08-19,5262
3297,杭特,8,0,8,美好-楊梅,2024-08-19,5262
00933B,國泰10Y+金融債,7,0,7,美好-楊梅,2024-08-19,5262
2610,華航,7,0,7,美好-楊梅,2024-08-19,5262
00940,元大台灣價值高息,244,50,194,美好-楊梅,2024-08-20,5262
00907,永豐優息存股,135,0,135,美好-楊梅,2024-08-20,5262
2002,中鋼,58,3,55,美好-楊梅,2024-08-20,5262
00679B,元大美債20年,51,9,42,美好-楊梅,2024-08-20,5262
2501,國建,40,0,40,美好-楊梅,2024-08-20,5262
5484,慧友,43,10,33,美好-楊梅,2024-08-20,5262
00947,台新臺灣IC設計,30,0,30,美好-楊梅,2024-08-20,5262
1808,潤隆,30,0,30,美好-楊梅,2024-08-20,5262
00948B,中信優息投資級債,28,0,28,美好-楊梅,2024-08-20,5262
00687B,國泰20年美債,43,16,27,美好-楊梅,2024-08-20,5262
2520,冠德,30,3,27,美好-楊梅,2024-08-20,5262
2356,英業達,50,26,24,美好-楊梅,2024-08-20,5262
1313,聯成,22,0,22,美好-楊梅,2024-08-20,5262
00637L,元大滬深300正2,25,5,20,美好-楊梅,2024-08-20,5262
2542,興富發,20,0,20,美好-楊梅,2024-08-20,5262
4157,太景*-KY,20,0,20,美好-楊梅,2024-08-20,5262
00715L,期街口布蘭特正2,18,0,18,美好-楊梅,2024-08-20,5262
1326,台化,16,0,16,美好-楊梅,2024-08-20,5262
2317,鴻海,28,13,15,美好-楊梅,2024-08-20,5262
3339,泰谷,17,2,15,美好-楊梅,2024-08-20,5262
00878,國泰永續高股息,16,2,14,美好-楊梅,2024-08-20,5262
3312,弘憶股,17,3,14,美好-楊梅,2024-08-20,5262
3379,彬台,20,6,14,美好-楊梅,2024-08-20,5262
2374,佳能,23,10,13,美好-楊梅,2024-08-20,5262
1101,台泥,11,0,11,美好-楊梅,2024-08-20,5262
2495,普安,11,0,11,美好-楊梅,2024-08-20,5262
00857B,永豐20年美公債,10,0,10,美好-楊梅,2024-08-20,5262
1312,國喬,10,0,10,美好-楊梅,2024-08-20,5262
1616,億泰,10,0,10,美好-楊梅,2024-08-20,5262
2061,風青,10,0,10,美好-楊梅,2024-08-20,5262
2492,華新科,10,0,10,美好-楊梅,2024-08-20,5262
3041,揚智,10,0,10,美好-楊梅,2024-08-20,5262
00927,群益半導體收益,10,0,10,美好-楊梅,2024-08-20,5262
2615,萬海,10,1,9,美好-楊梅,2024-08-20,5262
00712,復華富時不動產,10,1,9,美好-楊梅,2024-08-20,5262
1711,永光,10,1,9,美好-楊梅,2024-08-20,5262
2845,遠東銀,9,0,9,美好-楊梅,2024-08-20,5262
3013,晟銘電,13,4,9,美好-楊梅,2024-08-20,5262
2882,國泰金,12,4,8,美好-楊梅,2024-08-20,5262
2204,中華,13,5,8,美好-楊梅,2024-08-20,5262
00642U,期元大S＆P石油,8,0,8,美好-楊梅,2024-08-20,5262
00933B,國泰10Y+金融債,8,0,8,美好-楊梅,2024-08-20,5262
2545,皇翔,8,0,8,美好-楊梅,2024-08-20,5262
6179,亞通,11,3,8,美好-楊梅,2024-08-20,5262
2330,台積電,8,1,7,美好-楊梅,2024-08-20,5262
8374,羅昇,14,7,7,美好-楊梅,2024-08-20,5262
2464,盟立,12,5,7,美好-楊梅,2024-08-20,5262
8028,昇陽半導體,22,15,7,美好-楊梅,2024-08-20,5262
2881,富邦金,10,3,7,美好-楊梅,2024-08-20,5262
2489,瑞軒,9,3,6,美好-楊梅,2024-08-20,5262
00953B,群益優選非投等債,150,0,150,美好-楊梅,2024-08-21,5262
00919,群益台灣精選高息,91,5,86,美好-楊梅,2024-08-21,5262
2891,中信金,64,11,53,美好-楊梅,2024-08-21,5262
00680L,元大美債20正2,41,0,41,美好-楊梅,2024-08-21,5262
1806,冠軍,40,0,40,美好-楊梅,2024-08-21,5262
00937B,群益ESG投等債20,56,21,35,美好-楊梅,2024-08-21,5262
2491,吉祥全,32,0,32,美好-楊梅,2024-08-21,5262
2356,英業達,37,10,27,美好-楊梅,2024-08-21,5262
2317,鴻海,43,18,25,美好-楊梅,2024-08-21,5262
00664R,國泰臺灣加權反1,25,0,25,美好-楊梅,2024-08-21,5262
00669R,國泰美國道瓊反1,25,0,25,美好-楊梅,2024-08-21,5262
8043,蜜望實,46,23,23,美好-楊梅,2024-08-21,5262
2002,中鋼,27,4,23,美好-楊梅,2024-08-21,5262
00940,元大台灣價值高息,30,8,22,美好-楊梅,2024-08-21,5262
2312,金寶,65,43,22,美好-楊梅,2024-08-21,5262
5905,南仁湖,51,29,22,美好-楊梅,2024-08-21,5262
2371,大同,30,9,21,美好-楊梅,2024-08-21,5262
00929,復華台灣科技優息,52,31,21,美好-楊梅,2024-08-21,5262
8104,錸寶,49,29,20,美好-楊梅,2024-08-21,5262
2845,遠東銀,20,0,20,美好-楊梅,2024-08-21,5262
2313,華通,17,0,17,美好-楊梅,2024-08-21,5262
00939,統一台灣高息動能,16,0,16,美好-楊梅,2024-08-21,5262
1503,士電,26,10,16,美好-楊梅,2024-08-21,5262
4555,氣立,32,16,16,美好-楊梅,2024-08-21,5262
3535,晶彩科,51,36,15,美好-楊梅,2024-08-21,5262
2401,凌陽,15,1,14,美好-楊梅,2024-08-21,5262
00715L,期街口布蘭特正2,13,0,13,美好-楊梅,2024-08-21,5262
2208,台船,13,0,13,美好-楊梅,2024-08-21,5262
2344,華邦電,14,2,12,美好-楊梅,2024-08-21,5262
00932,兆豐永續高息等權,11,0,11,美好-楊梅,2024-08-21,5262
2492,華新科,14,3,11,美好-楊梅,2024-08-21,5262
00918,大華優利高填息30,10,0,10,美好-楊梅,2024-08-21,5262
00923,群益台ESG低碳50,10,0,10,美好-楊梅,2024-08-21,5262
2390,云辰,10,0,10,美好-楊梅,2024-08-21,5262
2397,友通,10,0,10,美好-楊梅,2024-08-21,5262
2905,三商,10,0,10,美好-楊梅,2024-08-21,5262
3141,晶宏,10,0,10,美好-楊梅,2024-08-21,5262
3167,大量,53,43,10,美好-楊梅,2024-08-21,5262
3694,海華,10,0,10,美好-楊梅,2024-08-21,5262
6133,金橋,10,0,10,美好-楊梅,2024-08-21,5262
8076,伍豐,10,0,10,美好-楊梅,2024-08-21,5262
2354,鴻準,24,14,10,美好-楊梅,2024-08-21,5262
00878,國泰永續高股息,11,1,10,美好-楊梅,2024-08-21,5262
6240,松崗,9,0,9,美好-楊梅,2024-08-21,5262
8054,安國,16,7,9,美好-楊梅,2024-08-21,5262
8064,東捷,18,9,9,美好-楊梅,2024-08-21,5262
00881,國泰台灣5G+,8,0,8,美好-楊梅,2024-08-21,5262
3390,旭軟,8,0,8,美好-楊梅,2024-08-21,5262
3686,達能,10,2,8,美好-楊梅,2024-08-21,5262
2204,中華,15,7,8,美好-楊梅,2024-08-21,5262
00687B,國泰20年美債,169,0,169,美好-楊梅,2024-08-22,5262
6116,彩晶,141,25,116,美好-楊梅,2024-08-22,5262
2882,國泰金,104,2,102,美好-楊梅,2024-08-22,5262
2390,云辰,55,0,55,美好-楊梅,2024-08-22,5262
00632R,元大台灣50反1,70,25,45,美好-楊梅,2024-08-22,5262
1471,首利,45,0,45,美好-楊梅,2024-08-22,5262
00940,元大台灣價值高息,82,43,39,美好-楊梅,2024-08-22,5262
00949,復華日本龍頭,38,0,38,美好-楊梅,2024-08-22,5262
00907,永豐優息存股,32,0,32,美好-楊梅,2024-08-22,5262
00715L,期街口布蘭特正2,30,0,30,美好-楊梅,2024-08-22,5262
00933B,國泰10Y+金融債,30,0,30,美好-楊梅,2024-08-22,5262
5202,力新,30,0,30,美好-楊梅,2024-08-22,5262
00919,群益台灣精選高息,62,32,30,美好-楊梅,2024-08-22,5262
2890,永豐金,28,0,28,美好-楊梅,2024-08-22,5262
2323,中環,27,0,27,美好-楊梅,2024-08-22,5262
3047,訊舟,82,56,26,美好-楊梅,2024-08-22,5262
6457,紘康,25,0,25,美好-楊梅,2024-08-22,5262
9105,泰金寶-DR,33,8,25,美好-楊梅,2024-08-22,5262
00948B,中信優息投資級債,24,0,24,美好-楊梅,2024-08-22,5262
2365,昆盈,31,8,23,美好-楊梅,2024-08-22,5262
2845,遠東銀,22,0,22,美好-楊梅,2024-08-22,5262
2891,中信金,31,11,20,美好-楊梅,2024-08-22,5262
00646,元大S＆P500,19,0,19,美好-楊梅,2024-08-22,5262
00936,台新永續高息中小,17,0,17,美好-楊梅,2024-08-22,5262
2382,廣達,16,1,15,美好-楊梅,2024-08-22,5262
00918,大華優利高填息30,15,0,15,美好-楊梅,2024-08-22,5262
1513,中興電,25,11,14,美好-楊梅,2024-08-22,5262
1776,展宇,14,0,14,美好-楊梅,2024-08-22,5262
2069,運錩,14,0,14,美好-楊梅,2024-08-22,5262
2537,聯上發,16,2,14,美好-楊梅,2024-08-22,5262
2610,華航,25,11,14,美好-楊梅,2024-08-22,5262
00881,國泰台灣5G+,15,2,13,美好-楊梅,2024-08-22,5262
3231,緯創,14,1,13,美好-楊梅,2024-08-22,5262
2208,台船,28,15,13,美好-楊梅,2024-08-22,5262
00929,復華台灣科技優息,74,62,12,美好-楊梅,2024-08-22,5262
1313,聯成,12,0,12,美好-楊梅,2024-08-22,5262
8043,蜜望實,34,23,11,美好-楊梅,2024-08-22,5262
1809,中釉,10,0,10,美好-楊梅,2024-08-22,5262
00878,國泰永續高股息,10,0,10,美好-楊梅,2024-08-22,5262
2492,華新科,12,2,10,美好-楊梅,2024-08-22,5262
3122,笙泉,10,0,10,美好-楊梅,2024-08-22,5262
1503,士電,21,12,9,美好-楊梅,2024-08-22,5262
5371,中光電,18,9,9,美好-楊梅,2024-08-22,5262
00953B,群益優選非投等債,19,10,9,美好-楊梅,2024-08-22,5262
2545,皇翔,9,0,9,美好-楊梅,2024-08-22,5262
2605,新興,9,0,9,美好-楊梅,2024-08-22,5262
3050,鈺德,10,2,8,美好-楊梅,2024-08-22,5262
3167,大量,12,4,8,美好-楊梅,2024-08-22,5262
2312,金寶,13,6,7,美好-楊梅,2024-08-22,5262
2543,皇昌,10,3,7,美好-楊梅,2024-08-22,5262
2363,矽統,117,4,113,美好-楊梅,2024-08-23,5262
2402,毅嘉,116,16,100,美好-楊梅,2024-08-23,5262
1314,中石化,140,52,88,美好-楊梅,2024-08-23,5262
2891,中信金,51,2,49,美好-楊梅,2024-08-23,5262
2367,燿華,46,3,43,美好-楊梅,2024-08-23,5262
1708,東鹼,54,19,35,美好-楊梅,2024-08-23,5262
2312,金寶,33,3,30,美好-楊梅,2024-08-23,5262
00679B,元大美債20年,29,2,27,美好-楊梅,2024-08-23,5262
1471,首利,26,0,26,美好-楊梅,2024-08-23,5262
6770,力積電,25,0,25,美好-楊梅,2024-08-23,5262
2596,綠意,24,0,24,美好-楊梅,2024-08-23,5262
4716,大立,43,22,21,美好-楊梅,2024-08-23,5262
2542,興富發,22,2,20,美好-楊梅,2024-08-23,5262
00715L,期街口布蘭特正2,23,5,18,美好-楊梅,2024-08-23,5262
1721,三晃,24,6,18,美好-楊梅,2024-08-23,5262
2356,英業達,25,7,18,美好-楊梅,2024-08-23,5262
2890,永豐金,18,0,18,美好-楊梅,2024-08-23,5262
00936,台新永續高息中小,17,0,17,美好-楊梅,2024-08-23,5262
1313,聯成,16,0,16,美好-楊梅,2024-08-23,5262
3011,今皓,16,0,16,美好-楊梅,2024-08-23,5262
00687B,國泰20年美債,15,0,15,美好-楊梅,2024-08-23,5262
00893,國泰智能電動車,15,0,15,美好-楊梅,2024-08-23,5262
5309,系統電,15,0,15,美好-楊梅,2024-08-23,5262
3163,波若威,23,9,14,美好-楊梅,2024-08-23,5262
00919,群益台灣精選高息,22,10,12,美好-楊梅,2024-08-23,5262
2303,聯電,24,12,12,美好-楊梅,2024-08-23,5262
1711,永光,43,32,11,美好-楊梅,2024-08-23,5262
00954,中信日本半導體,10,0,10,美好-楊梅,2024-08-23,5262
00931B,統一美債20年,10,0,10,美好-楊梅,2024-08-23,5262
00951,台新日本半導體,20,10,10,美好-楊梅,2024-08-23,5262
1108,幸福,10,0,10,美好-楊梅,2024-08-23,5262
3522,御嵿,10,0,10,美好-楊梅,2024-08-23,5262
9945,潤泰新,14,4,10,美好-楊梅,2024-08-23,5262
5484,慧友,10,1,9,美好-楊梅,2024-08-23,5262
2344,華邦電,61,52,9,美好-楊梅,2024-08-23,5262
2867,三商壽,9,0,9,美好-楊梅,2024-08-23,5262
3535,晶彩科,19,10,9,美好-楊梅,2024-08-23,5262
2349,錸德,153,145,8,美好-楊梅,2024-08-23,5262
3189,景碩,29,21,8,美好-楊梅,2024-08-23,5262
3038,全台,12,4,8,美好-楊梅,2024-08-23,5262
3047,訊舟,24,16,8,美好-楊梅,2024-08-23,5262
2330,台積電,15,7,8,美好-楊梅,2024-08-23,5262
2323,中環,18,10,8,美好-楊梅,2024-08-23,5262
2834,臺企銀,13,5,8,美好-楊梅,2024-08-23,5262
2355,敬鵬,8,2,6,美好-楊梅,2024-08-23,5262
2405,輔信,11,5,6,美好-楊梅,2024-08-23,5262
3014,聯陽,7,1,6,美好-楊梅,2024-08-23,5262
6443,元晶,6,0,6,美好-楊梅,2024-08-23,5262
8032,光菱,6,0,6,美好-楊梅,2024-08-23,5262
8076,伍豐,6,0,6,美好-楊梅,2024-08-23,5262
2888,新光金,595,327,268,美好-楊梅,2024-08-26,5262
00937B,群益ESG投等債20,202,0,202,美好-楊梅,2024-08-26,5262
00632R,元大台灣50反1,165,73,92,美好-楊梅,2024-08-26,5262
5443,均豪,152,72,80,美好-楊梅,2024-08-26,5262
00951,台新日本半導體,83,18,65,美好-楊梅,2024-08-26,5262
00929,復華台灣科技優息,92,31,61,美好-楊梅,2024-08-26,5262
2491,吉祥全,54,0,54,美好-楊梅,2024-08-26,5262
1727,中華化,42,0,42,美好-楊梅,2024-08-26,5262
4306,炎洲,42,0,42,美好-楊梅,2024-08-26,5262
6141,柏承,39,0,39,美好-楊梅,2024-08-26,5262
2542,興富發,33,0,33,美好-楊梅,2024-08-26,5262
00882,中信中國高股息,32,0,32,美好-楊梅,2024-08-26,5262
6116,彩晶,34,3,31,美好-楊梅,2024-08-26,5262
00933B,國泰10Y+金融債,30,0,30,美好-楊梅,2024-08-26,5262
2458,義隆,30,0,30,美好-楊梅,2024-08-26,5262
2349,錸德,95,66,29,美好-楊梅,2024-08-26,5262
00795B,中信美國公債20年,30,2,28,美好-楊梅,2024-08-26,5262
8354,冠好,30,2,28,美好-楊梅,2024-08-26,5262
00919,群益台灣精選高息,29,1,28,美好-楊梅,2024-08-26,5262
2618,長榮航,27,1,26,美好-楊梅,2024-08-26,5262
2069,運錩,24,0,24,美好-楊梅,2024-08-26,5262
2331,精英,22,0,22,美好-楊梅,2024-08-26,5262
2409,友達,22,0,22,美好-楊梅,2024-08-26,5262
0050,元大台灣50,19,0,19,美好-楊梅,2024-08-26,5262
00687B,國泰20年美債,23,4,19,美好-楊梅,2024-08-26,5262
3037,欣興,22,5,17,美好-楊梅,2024-08-26,5262
3615,安可,21,4,17,美好-楊梅,2024-08-26,5262
6265,方土昶,17,0,17,美好-楊梅,2024-08-26,5262
00679B,元大美債20年,15,2,13,美好-楊梅,2024-08-26,5262
00940,元大台灣價值高息,16,4,12,美好-楊梅,2024-08-26,5262
3293,鈊象,12,0,12,美好-楊梅,2024-08-26,5262
5452,佶優,14,2,12,美好-楊梅,2024-08-26,5262
3189,景碩,22,11,11,美好-楊梅,2024-08-26,5262
6274,台燿,12,1,11,美好-楊梅,2024-08-26,5262
1609,大亞,12,2,10,美好-楊梅,2024-08-26,5262
2303,聯電,14,4,10,美好-楊梅,2024-08-26,5262
3011,今皓,10,0,10,美好-楊梅,2024-08-26,5262
3047,訊舟,19,9,10,美好-楊梅,2024-08-26,5262
3162,精確,10,0,10,美好-楊梅,2024-08-26,5262
6185,幃翔,10,0,10,美好-楊梅,2024-08-26,5262
6457,紘康,10,0,10,美好-楊梅,2024-08-26,5262
0056,元大高股息,12,2,10,美好-楊梅,2024-08-26,5262
00712,復華富時不動產,22,13,9,美好-楊梅,2024-08-26,5262
00918,大華優利高填息30,9,0,9,美好-楊梅,2024-08-26,5262
2882,國泰金,19,10,9,美好-楊梅,2024-08-26,5262
5475,德宏,10,1,9,美好-楊梅,2024-08-26,5262
2891,中信金,12,4,8,美好-楊梅,2024-08-26,5262
6869,雲豹能源,11,3,8,美好-楊梅,2024-08-26,5262
00935,野村臺灣新科技50,10,2,8,美好-楊梅,2024-08-26,5262
1471,首利,8,0,8,美好-楊梅,2024-08-26,5262
1216,統一,133,4,129,美好-楊梅,2024-08-27,5262
2867,三商壽,103,1,102,美好-楊梅,2024-08-27,5262
2610,華航,79,1,78,美好-楊梅,2024-08-27,5262
3535,晶彩科,106,30,76,美好-楊梅,2024-08-27,5262
2888,新光金,171,97,74,美好-楊梅,2024-08-27,5262
00951,台新日本半導體,73,0,73,美好-楊梅,2024-08-27,5262
2618,長榮航,59,0,59,美好-楊梅,2024-08-27,5262
2431,聯昌,56,0,56,美好-楊梅,2024-08-27,5262
2891,中信金,50,4,46,美好-楊梅,2024-08-27,5262
00712,復華富時不動產,41,1,40,美好-楊梅,2024-08-27,5262
00919,群益台灣精選高息,38,0,38,美好-楊梅,2024-08-27,5262
2491,吉祥全,37,0,37,美好-楊梅,2024-08-27,5262
2303,聯電,37,2,35,美好-楊梅,2024-08-27,5262
00795B,中信美國公債20年,31,0,31,美好-楊梅,2024-08-27,5262
00738U,期元大道瓊白銀,29,0,29,美好-楊梅,2024-08-27,5262
00929,復華台灣科技優息,29,1,28,美好-楊梅,2024-08-27,5262
1313,聯成,27,0,27,美好-楊梅,2024-08-27,5262
2542,興富發,24,0,24,美好-楊梅,2024-08-27,5262
2402,毅嘉,88,65,23,美好-楊梅,2024-08-27,5262
2201,裕隆,22,0,22,美好-楊梅,2024-08-27,5262
00927,群益半導體收益,21,0,21,美好-楊梅,2024-08-27,5262
00949,復華日本龍頭,20,0,20,美好-楊梅,2024-08-27,5262
3041,揚智,20,0,20,美好-楊梅,2024-08-27,5262
2887,台新金,19,0,19,美好-楊梅,2024-08-27,5262
4157,太景*-KY,20,1,19,美好-楊梅,2024-08-27,5262
2323,中環,18,0,18,美好-楊梅,2024-08-27,5262
4716,大立,23,5,18,美好-楊梅,2024-08-27,5262
00687B,國泰20年美債,19,2,17,美好-楊梅,2024-08-27,5262
2609,陽明,21,5,16,美好-楊梅,2024-08-27,5262
6141,柏承,16,0,16,美好-楊梅,2024-08-27,5262
6016,康和證,15,1,14,美好-楊梅,2024-08-27,5262
00878,國泰永續高股息,18,4,14,美好-楊梅,2024-08-27,5262
00948B,中信優息投資級債,12,0,12,美好-楊梅,2024-08-27,5262
2069,運錩,12,0,12,美好-楊梅,2024-08-27,5262
2365,昆盈,26,15,11,美好-楊梅,2024-08-27,5262
8105,凌巨,11,0,11,美好-楊梅,2024-08-27,5262
2603,長榮,10,0,10,美好-楊梅,2024-08-27,5262
00950B,凱基A級公司債,10,0,10,美好-楊梅,2024-08-27,5262
1471,首利,10,0,10,美好-楊梅,2024-08-27,5262
3083,網龍,10,0,10,美好-楊梅,2024-08-27,5262
4976,佳凌,10,0,10,美好-楊梅,2024-08-27,5262
5340,建榮,10,0,10,美好-楊梅,2024-08-27,5262
6116,彩晶,10,0,10,美好-楊梅,2024-08-27,5262
00679B,元大美債20年,9,0,9,美好-楊梅,2024-08-27,5262
1609,大亞,9,1,8,美好-楊梅,2024-08-27,5262
1776,展宇,8,0,8,美好-楊梅,2024-08-27,5262
2498,宏達電,8,0,8,美好-楊梅,2024-08-27,5262
3229,晟鈦,8,0,8,美好-楊梅,2024-08-27,5262
6133,金橋,10,2,8,美好-楊梅,2024-08-27,5262
8076,伍豐,8,0,8,美好-楊梅,2024-08-27,5262
1711,永光,150,38,112,美好-楊梅,2024-08-28,5262
00715L,期街口布蘭特正2,110,12,98,美好-楊梅,2024-08-28,5262
00959B,大華投等美債15Y+,97,0,97,美好-楊梅,2024-08-28,5262
2618,長榮航,45,0,45,美好-楊梅,2024-08-28,5262
4716,大立,35,5,30,美好-楊梅,2024-08-28,5262
6603,富強鑫,32,4,28,美好-楊梅,2024-08-28,5262
2897,王道銀行,26,0,26,美好-楊梅,2024-08-28,5262
00937B,群益ESG投等債20,26,0,26,美好-楊梅,2024-08-28,5262
8076,伍豐,27,2,25,美好-楊梅,2024-08-28,5262
8039,台虹,35,10,25,美好-楊梅,2024-08-28,5262
00919,群益台灣精選高息,24,0,24,美好-楊梅,2024-08-28,5262
2891,中信金,27,3,24,美好-楊梅,2024-08-28,5262
00795B,中信美國公債20年,25,2,23,美好-楊梅,2024-08-28,5262
2467,志聖,30,7,23,美好-楊梅,2024-08-28,5262
2845,遠東銀,17,0,17,美好-楊梅,2024-08-28,5262
00878,國泰永續高股息,15,0,15,美好-楊梅,2024-08-28,5262
2504,國產,19,5,14,美好-楊梅,2024-08-28,5262
2867,三商壽,15,1,14,美好-楊梅,2024-08-28,5262
2515,中工,11,0,11,美好-楊梅,2024-08-28,5262
8070,長華*,15,4,11,美好-楊梅,2024-08-28,5262
9919,康那香,11,0,11,美好-楊梅,2024-08-28,5262
2301,光寶科,10,0,10,美好-楊梅,2024-08-28,5262
00632R,元大台灣50反1,10,0,10,美好-楊梅,2024-08-28,5262
1313,聯成,10,0,10,美好-楊梅,2024-08-28,5262
1609,大亞,12,2,10,美好-楊梅,2024-08-28,5262
2355,敬鵬,12,2,10,美好-楊梅,2024-08-28,5262
3522,御嵿,10,0,10,美好-楊梅,2024-08-28,5262
5907,大洋-KY,10,0,10,美好-楊梅,2024-08-28,5262
6164,華興,10,0,10,美好-楊梅,2024-08-28,5262
6234,高僑,10,0,10,美好-楊梅,2024-08-28,5262
2312,金寶,12,3,9,美好-楊梅,2024-08-28,5262
8374,羅昇,14,5,9,美好-楊梅,2024-08-28,5262
5443,均豪,37,28,9,美好-楊梅,2024-08-28,5262
6609,瀧澤科,18,9,9,美好-楊梅,2024-08-28,5262
2101,南港,8,0,8,美好-楊梅,2024-08-28,5262
2349,錸德,25,17,8,美好-楊梅,2024-08-28,5262
4763,材料-KY,9,1,8,美好-楊梅,2024-08-28,5262
5452,佶優,19,11,8,美好-楊梅,2024-08-28,5262
1216,統一,7,0,7,美好-楊梅,2024-08-28,5262
1314,中石化,7,0,7,美好-楊梅,2024-08-28,5262
2401,凌陽,11,4,7,美好-楊梅,2024-08-28,5262
2489,瑞軒,8,1,7,美好-楊梅,2024-08-28,5262
2886,兆豐金,7,0,7,美好-楊梅,2024-08-28,5262
3260,威剛,7,0,7,美好-楊梅,2024-08-28,5262
3540,曜越,7,0,7,美好-楊梅,2024-08-28,5262
4540,全球傳動,15,8,7,美好-楊梅,2024-08-28,5262
6451,訊芯-KY,10,3,7,美好-楊梅,2024-08-28,5262
3663,鑫科,10,4,6,美好-楊梅,2024-08-28,5262
2359,所羅門,11,5,6,美好-楊梅,2024-08-28,5262
2464,盟立,43,37,6,美好-楊梅,2024-08-28,5262
00688L,國泰20年美債正2,210,0,210,美好-楊梅,2024-08-29,5262
2883,凱基金,204,0,204,美好-楊梅,2024-08-29,5262
2891,中信金,79,4,75,美好-楊梅,2024-08-29,5262
00937B,群益ESG投等債20,66,0,66,美好-楊梅,2024-08-29,5262
5443,均豪,75,26,49,美好-楊梅,2024-08-29,5262
2897,王道銀行,45,0,45,美好-楊梅,2024-08-29,5262
1314,中石化,44,9,35,美好-楊梅,2024-08-29,5262
2887,台新金,41,7,34,美好-楊梅,2024-08-29,5262
00857B,永豐20年美公債,32,0,32,美好-楊梅,2024-08-29,5262
00948B,中信優息投資級債,32,0,32,美好-楊梅,2024-08-29,5262
00679B,元大美債20年,31,0,31,美好-楊梅,2024-08-29,5262
1313,聯成,30,0,30,美好-楊梅,2024-08-29,5262
00715L,期街口布蘭特正2,21,0,21,美好-楊梅,2024-08-29,5262
1451,年興,20,0,20,美好-楊梅,2024-08-29,5262
3587,閎康,22,2,20,美好-楊梅,2024-08-29,5262
3437,榮創,24,5,19,美好-楊梅,2024-08-29,5262
2303,聯電,17,0,17,美好-楊梅,2024-08-29,5262
00929,復華台灣科技優息,30,13,17,美好-楊梅,2024-08-29,5262
2867,三商壽,16,0,16,美好-楊梅,2024-08-29,5262
00637L,元大滬深300正2,15,0,15,美好-楊梅,2024-08-29,5262
3013,晟銘電,17,2,15,美好-楊梅,2024-08-29,5262
2328,廣宇,13,0,13,美好-楊梅,2024-08-29,5262
2426,鼎元,19,7,12,美好-楊梅,2024-08-29,5262
3047,訊舟,40,28,12,美好-楊梅,2024-08-29,5262
3234,光環,12,0,12,美好-楊梅,2024-08-29,5262
00687B,國泰20年美債,19,8,11,美好-楊梅,2024-08-29,5262
2356,英業達,16,5,11,美好-楊梅,2024-08-29,5262
2317,鴻海,19,9,10,美好-楊梅,2024-08-29,5262
00932,兆豐永續高息等權,10,0,10,美好-楊梅,2024-08-29,5262
00931B,統一美債20年,10,0,10,美好-楊梅,2024-08-29,5262
00650L,復華香港正2,10,0,10,美好-楊梅,2024-08-29,5262
1312,國喬,10,0,10,美好-楊梅,2024-08-29,5262
1714,和桐,10,0,10,美好-楊梅,2024-08-29,5262
2382,廣達,14,5,9,美好-楊梅,2024-08-29,5262
3231,緯創,17,8,9,美好-楊梅,2024-08-29,5262
2337,旺宏,9,0,9,美好-楊梅,2024-08-29,5262
00680L,元大美債20正2,8,0,8,美好-楊梅,2024-08-29,5262
1612,宏泰,7,0,7,美好-楊梅,2024-08-29,5262
2464,盟立,27,20,7,美好-楊梅,2024-08-29,5262
8096,擎亞,18,11,7,美好-楊梅,2024-08-29,5262
2886,兆豐金,7,0,7,美好-楊梅,2024-08-29,5262
2330,台積電,6,0,6,美好-楊梅,2024-08-29,5262
1540,喬福,35,29,6,美好-楊梅,2024-08-29,5262
2201,裕隆,11,5,6,美好-楊梅,2024-08-29,5262
2377,微星,7,1,6,美好-楊梅,2024-08-29,5262
4934,太極,6,0,6,美好-楊梅,2024-08-29,5262
6658,聯策,9,3,6,美好-楊梅,2024-08-29,5262
00751B,元大AAA至A公司債,5,0,5,美好-楊梅,2024-08-29,5262
1513,中興電,18,13,5,美好-楊梅,2024-08-29,5262
3048,益登,8,3,5,美好-楊梅,2024-08-29,5262
00937B,群益ESG投等債20,145,10,135,美好-楊梅,2024-08-30,5262
1802,台玻,102,1,101,美好-楊梅,2024-08-30,5262
00680L,元大美債20正2,67,0,67,美好-楊梅,2024-08-30,5262
2610,華航,56,5,51,美好-楊梅,2024-08-30,5262
00902,中信電池及儲能,50,0,50,美好-楊梅,2024-08-30,5262
2337,旺宏,53,5,48,美好-楊梅,2024-08-30,5262
8076,伍豐,35,0,35,美好-楊梅,2024-08-30,5262
00929,復華台灣科技優息,34,0,34,美好-楊梅,2024-08-30,5262
1711,永光,70,38,32,美好-楊梅,2024-08-30,5262
2890,永豐金,30,0,30,美好-楊梅,2024-08-30,5262
00687B,國泰20年美債,29,0,29,美好-楊梅,2024-08-30,5262
00918,大華優利高填息30,26,3,23,美好-楊梅,2024-08-30,5262
2891,中信金,22,0,22,美好-楊梅,2024-08-30,5262
2834,臺企銀,22,0,22,美好-楊梅,2024-08-30,5262
3481,群創,55,34,21,美好-楊梅,2024-08-30,5262
00632R,元大台灣50反1,20,0,20,美好-楊梅,2024-08-30,5262
2208,台船,20,0,20,美好-楊梅,2024-08-30,5262
4939,亞電,20,0,20,美好-楊梅,2024-08-30,5262
3362,先進光,27,10,17,美好-楊梅,2024-08-30,5262
2382,廣達,18,2,16,美好-楊梅,2024-08-30,5262
6213,聯茂,23,7,16,美好-楊梅,2024-08-30,5262
2618,長榮航,15,0,15,美好-楊梅,2024-08-30,5262
2340,台亞,18,3,15,美好-楊梅,2024-08-30,5262
00878,國泰永續高股息,15,0,15,美好-楊梅,2024-08-30,5262
6215,和椿,22,8,14,美好-楊梅,2024-08-30,5262
00919,群益台灣精選高息,22,10,12,美好-楊梅,2024-08-30,5262
8096,擎亞,19,7,12,美好-楊梅,2024-08-30,5262
8028,昇陽半導體,15,4,11,美好-楊梅,2024-08-30,5262
1309,台達化,10,0,10,美好-楊梅,2024-08-30,5262
8354,冠好,10,0,10,美好-楊梅,2024-08-30,5262
00939,統一台灣高息動能,12,2,10,美好-楊梅,2024-08-30,5262
3013,晟銘電,22,12,10,美好-楊梅,2024-08-30,5262
00669R,國泰美國道瓊反1,10,0,10,美好-楊梅,2024-08-30,5262
1909,榮成,10,0,10,美好-楊梅,2024-08-30,5262
2388,威盛,16,6,10,美好-楊梅,2024-08-30,5262
4561,健椿,45,35,10,美好-楊梅,2024-08-30,5262
5905,南仁湖,10,0,10,美好-楊梅,2024-08-30,5262
6698,旭暉應材,10,0,10,美好-楊梅,2024-08-30,5262
1316,上曜,15,6,9,美好-楊梅,2024-08-30,5262
2349,錸德,14,5,9,美好-楊梅,2024-08-30,5262
2399,映泰,9,0,9,美好-楊梅,2024-08-30,5262
2409,友達,24,16,8,美好-楊梅,2024-08-30,5262
2061,風青,8,0,8,美好-楊梅,2024-08-30,5262
2845,遠東銀,8,0,8,美好-楊梅,2024-08-30,5262
4564,元翎,10,2,8,美好-楊梅,2024-08-30,5262
00936,台新永續高息中小,8,1,7,美好-楊梅,2024-08-30,5262
00948B,中信優息投資級債,17,10,7,美好-楊梅,2024-08-30,5262
1304,台聚,7,0,7,美好-楊梅,2024-08-30,5262
3522,御嵿,7,0,7,美好-楊梅,2024-08-30,5262
8086,宏捷科,10,4,6,美好-楊梅,2024-08-30,5262
00665L,富邦�琤肭磪囓�2,140,0,140,美好-楊梅,2024-09-02,5262
00951,台新日本半導體,136,0,136,美好-楊梅,2024-09-02,5262
00929,復華台灣科技優息,128,9,119,美好-楊梅,2024-09-02,5262
00715L,期街口布蘭特正2,117,0,117,美好-楊梅,2024-09-02,5262
00679B,元大美債20年,51,2,49,美好-楊梅,2024-09-02,5262
6156,松上,41,1,40,美好-楊梅,2024-09-02,5262
1313,聯成,31,0,31,美好-楊梅,2024-09-02,5262
2845,遠東銀,30,0,30,美好-楊梅,2024-09-02,5262
2867,三商壽,30,0,30,美好-楊梅,2024-09-02,5262
1711,永光,36,7,29,美好-楊梅,2024-09-02,5262
00637L,元大滬深300正2,29,0,29,美好-楊梅,2024-09-02,5262
2891,中信金,32,6,26,美好-楊梅,2024-09-02,5262
2897,王道銀行,25,0,25,美好-楊梅,2024-09-02,5262
00687B,國泰20年美債,21,0,21,美好-楊梅,2024-09-02,5262
2605,新興,22,2,20,美好-楊梅,2024-09-02,5262
00918,大華優利高填息30,19,0,19,美好-楊梅,2024-09-02,5262
00937B,群益ESG投等債20,18,0,18,美好-楊梅,2024-09-02,5262
8105,凌巨,29,12,17,美好-楊梅,2024-09-02,5262
2609,陽明,20,4,16,美好-楊梅,2024-09-02,5262
2323,中環,15,0,15,美好-楊梅,2024-09-02,5262
4908,前鼎,15,1,14,美好-楊梅,2024-09-02,5262
2610,華航,52,39,13,美好-楊梅,2024-09-02,5262
2615,萬海,32,19,13,美好-楊梅,2024-09-02,5262
3260,威剛,13,0,13,美好-楊梅,2024-09-02,5262
00959B,大華投等美債15Y+,12,0,12,美好-楊梅,2024-09-02,5262
4513,福裕,12,0,12,美好-楊梅,2024-09-02,5262
5512,力麒,22,10,12,美好-楊梅,2024-09-02,5262
3312,弘憶股,15,3,12,美好-楊梅,2024-09-02,5262
2603,長榮,13,2,11,美好-楊梅,2024-09-02,5262
2313,華通,17,6,11,美好-楊梅,2024-09-02,5262
4714,永捷,21,10,11,美好-楊梅,2024-09-02,5262
1326,台化,11,0,11,美好-楊梅,2024-09-02,5262
6230,尼得科超眾,10,0,10,美好-楊梅,2024-09-02,5262
1708,東鹼,10,0,10,美好-楊梅,2024-09-02,5262
1909,榮成,10,0,10,美好-楊梅,2024-09-02,5262
2883,凱基金,11,1,10,美好-楊梅,2024-09-02,5262
3379,彬台,10,0,10,美好-楊梅,2024-09-02,5262
4716,大立,25,15,10,美好-楊梅,2024-09-02,5262
6573,虹揚-KY,10,0,10,美好-楊梅,2024-09-02,5262
1309,台達化,10,1,9,美好-楊梅,2024-09-02,5262
4526,東台,25,17,8,美好-楊梅,2024-09-02,5262
2501,國建,8,0,8,美好-楊梅,2024-09-02,5262
2731,雄獅,8,0,8,美好-楊梅,2024-09-02,5262
3390,旭軟,24,16,8,美好-楊梅,2024-09-02,5262
8936,國統,8,0,8,美好-楊梅,2024-09-02,5262
8027,鈦昇,9,1,8,美好-楊梅,2024-09-02,5262
2455,全新,10,3,7,美好-楊梅,2024-09-02,5262
5009,榮剛,7,0,7,美好-楊梅,2024-09-02,5262
2382,廣達,7,0,7,美好-楊梅,2024-09-02,5262
2408,南亞科,7,1,6,美好-楊梅,2024-09-02,5262
00919,群益台灣精選高息,296,10,286,美好-楊梅,2024-09-03,5262
00665L,富邦�琤肭磪囓�2,240,115,125,美好-楊梅,2024-09-03,5262
2606,裕民,115,0,115,美好-楊梅,2024-09-03,5262
2887,台新金,84,1,83,美好-楊梅,2024-09-03,5262
4306,炎洲,72,4,68,美好-楊梅,2024-09-03,5262
00687B,國泰20年美債,57,0,57,美好-楊梅,2024-09-03,5262
00918,大華優利高填息30,58,2,56,美好-楊梅,2024-09-03,5262
2323,中環,55,3,52,美好-楊梅,2024-09-03,5262
00951,台新日本半導體,92,40,52,美好-楊梅,2024-09-03,5262
2891,中信金,51,4,47,美好-楊梅,2024-09-03,5262
2002,中鋼,46,5,41,美好-楊梅,2024-09-03,5262
00878,國泰永續高股息,51,13,38,美好-楊梅,2024-09-03,5262
1313,聯成,30,0,30,美好-楊梅,2024-09-03,5262
00679B,元大美債20年,27,0,27,美好-楊梅,2024-09-03,5262
0056,元大高股息,33,9,24,美好-楊梅,2024-09-03,5262
6141,柏承,20,0,20,美好-楊梅,2024-09-03,5262
00937B,群益ESG投等債20,17,0,17,美好-楊梅,2024-09-03,5262
1101,台泥,16,0,16,美好-楊梅,2024-09-03,5262
6770,力積電,17,1,16,美好-楊梅,2024-09-03,5262
2349,錸德,25,10,15,美好-楊梅,2024-09-03,5262
3037,欣興,15,1,14,美好-楊梅,2024-09-03,5262
6213,聯茂,75,61,14,美好-楊梅,2024-09-03,5262
2867,三商壽,20,6,14,美好-楊梅,2024-09-03,5262
3011,今皓,12,0,12,美好-楊梅,2024-09-03,5262
3047,訊舟,18,6,12,美好-楊梅,2024-09-03,5262
4956,光鋐,13,1,12,美好-楊梅,2024-09-03,5262
00945B,凱基美國非投等債,11,0,11,美好-楊梅,2024-09-03,5262
2397,友通,12,1,11,美好-楊梅,2024-09-03,5262
2491,吉祥全,11,0,11,美好-楊梅,2024-09-03,5262
5880,合庫金,11,0,11,美好-楊梅,2024-09-03,5262
6207,雷科,12,1,11,美好-楊梅,2024-09-03,5262
2208,台船,20,10,10,美好-楊梅,2024-09-03,5262
2402,毅嘉,20,10,10,美好-楊梅,2024-09-03,5262
3092,鴻碩,10,0,10,美好-楊梅,2024-09-03,5262
3489,森寶,10,0,10,美好-楊梅,2024-09-03,5262
3576,聯合再生,10,0,10,美好-楊梅,2024-09-03,5262
5876,上海商銀,10,0,10,美好-楊梅,2024-09-03,5262
8150,南茂,10,0,10,美好-楊梅,2024-09-03,5262
8028,昇陽半導體,11,2,9,美好-楊梅,2024-09-03,5262
1409,新纖,9,0,9,美好-楊梅,2024-09-03,5262
2014,中鴻,10,1,9,美好-楊梅,2024-09-03,5262
2408,南亞科,10,1,9,美好-楊梅,2024-09-03,5262
4526,東台,8,0,8,美好-楊梅,2024-09-03,5262
5905,南仁湖,8,0,8,美好-楊梅,2024-09-03,5262
3017,奇鋐,11,3,8,美好-楊梅,2024-09-03,5262
2476,鉅祥,9,1,8,美好-楊梅,2024-09-03,5262
3189,景碩,11,3,8,美好-楊梅,2024-09-03,5262
00900,富邦特選高股息30,7,0,7,美好-楊梅,2024-09-03,5262
1503,士電,9,2,7,美好-楊梅,2024-09-03,5262
1609,大亞,8,1,7,美好-楊梅,2024-09-03,5262
2834,臺企銀,365,11,354,美好-楊梅,2024-09-04,5262
00919,群益台灣精選高息,235,4,231,美好-楊梅,2024-09-04,5262
00688L,國泰20年美債正2,300,100,200,美好-楊梅,2024-09-04,5262
00929,復華台灣科技優息,190,30,160,美好-楊梅,2024-09-04,5262
00918,大華優利高填息30,118,0,118,美好-楊梅,2024-09-04,5262
00940,元大台灣價值高息,98,4,94,美好-楊梅,2024-09-04,5262
3481,群創,85,1,84,美好-楊梅,2024-09-04,5262
00951,台新日本半導體,86,4,82,美好-楊梅,2024-09-04,5262
2458,義隆,80,0,80,美好-楊梅,2024-09-04,5262
2542,興富發,81,1,80,美好-楊梅,2024-09-04,5262
0056,元大高股息,76,2,74,美好-楊梅,2024-09-04,5262
2891,中信金,88,20,68,美好-楊梅,2024-09-04,5262
00878,國泰永續高股息,84,22,62,美好-楊梅,2024-09-04,5262
3576,聯合再生,57,0,57,美好-楊梅,2024-09-04,5262
2618,長榮航,56,8,48,美好-楊梅,2024-09-04,5262
2409,友達,74,30,44,美好-楊梅,2024-09-04,5262
00715L,期街口布蘭特正2,43,0,43,美好-楊梅,2024-09-04,5262
2330,台積電,45,4,41,美好-楊梅,2024-09-04,5262
1808,潤隆,31,0,31,美好-楊梅,2024-09-04,5262
0050,元大台灣50,29,0,29,美好-楊梅,2024-09-04,5262
2317,鴻海,55,27,28,美好-楊梅,2024-09-04,5262
2002,中鋼,28,1,27,美好-楊梅,2024-09-04,5262
00915,凱基優選高股息30,25,0,25,美好-楊梅,2024-09-04,5262
00669R,國泰美國道瓊反1,25,0,25,美好-楊梅,2024-09-04,5262
00664R,國泰臺灣加權反1,25,0,25,美好-楊梅,2024-09-04,5262
2344,華邦電,25,0,25,美好-楊梅,2024-09-04,5262
2382,廣達,40,15,25,美好-楊梅,2024-09-04,5262
3037,欣興,33,8,25,美好-楊梅,2024-09-04,5262
2886,兆豐金,24,1,23,美好-楊梅,2024-09-04,5262
4303,信立,30,7,23,美好-楊梅,2024-09-04,5262
1802,台玻,22,0,22,美好-楊梅,2024-09-04,5262
8374,羅昇,45,24,21,美好-楊梅,2024-09-04,5262
2603,長榮,23,3,20,美好-楊梅,2024-09-04,5262
2537,聯上發,21,1,20,美好-楊梅,2024-09-04,5262
00900,富邦特選高股息30,20,1,19,美好-楊梅,2024-09-04,5262
1711,永光,32,13,19,美好-楊梅,2024-09-04,5262
00946,群益科技高息成長,18,0,18,美好-楊梅,2024-09-04,5262
2323,中環,17,0,17,美好-楊梅,2024-09-04,5262
1301,台塑,21,5,16,美好-楊梅,2024-09-04,5262
2412,中華電,16,0,16,美好-楊梅,2024-09-04,5262
2312,金寶,36,20,16,美好-楊梅,2024-09-04,5262
4909,新復興,17,1,16,美好-楊梅,2024-09-04,5262
1316,上曜,22,7,15,美好-楊梅,2024-09-04,5262
2313,華通,20,5,15,美好-楊梅,2024-09-04,5262
00891,中信關鍵半導體,14,0,14,美好-楊梅,2024-09-04,5262
1536,和大,14,0,14,美好-楊梅,2024-09-04,5262
1303,南亞,13,0,13,美好-楊梅,2024-09-04,5262
00941,中信上游半導體,13,0,13,美好-楊梅,2024-09-04,5262
1785,光洋科,19,6,13,美好-楊梅,2024-09-04,5262
2408,南亞科,13,0,13,美好-楊梅,2024-09-04,5262
00940,元大台灣價值高息,158,7,151,美好-楊梅,2024-09-05,5262
2367,燿華,157,10,147,美好-楊梅,2024-09-05,5262
00665L,富邦�琤肭磪囓�2,142,0,142,美好-楊梅,2024-09-05,5262
00632R,元大台灣50反1,131,0,131,美好-楊梅,2024-09-05,5262
00919,群益台灣精選高息,177,51,126,美好-楊梅,2024-09-05,5262
2888,新光金,111,32,79,美好-楊梅,2024-09-05,5262
00715L,期街口布蘭特正2,71,0,71,美好-楊梅,2024-09-05,5262
00937B,群益ESG投等債20,61,2,59,美好-楊梅,2024-09-05,5262
00929,復華台灣科技優息,66,10,56,美好-楊梅,2024-09-05,5262
8374,羅昇,87,33,54,美好-楊梅,2024-09-05,5262
00878,國泰永續高股息,54,7,47,美好-楊梅,2024-09-05,5262
2344,華邦電,48,9,39,美好-楊梅,2024-09-05,5262
2317,鴻海,54,19,35,美好-楊梅,2024-09-05,5262
00951,台新日本半導體,33,0,33,美好-楊梅,2024-09-05,5262
8011,台通,33,1,32,美好-楊梅,2024-09-05,5262
1313,聯成,31,0,31,美好-楊梅,2024-09-05,5262
2891,中信金,26,0,26,美好-楊梅,2024-09-05,5262
00952,凱基台灣AI50,29,3,26,美好-楊梅,2024-09-05,5262
00712,復華富時不動產,25,0,25,美好-楊梅,2024-09-05,5262
00918,大華優利高填息30,22,0,22,美好-楊梅,2024-09-05,5262
2408,南亞科,29,8,21,美好-楊梅,2024-09-05,5262
2356,英業達,22,2,20,美好-楊梅,2024-09-05,5262
1712,興農,20,0,20,美好-楊梅,2024-09-05,5262
2441,超豐,20,0,20,美好-楊梅,2024-09-05,5262
8076,伍豐,21,4,17,美好-楊梅,2024-09-05,5262
2887,台新金,16,0,16,美好-楊梅,2024-09-05,5262
6213,聯茂,45,31,14,美好-楊梅,2024-09-05,5262
1540,喬福,57,43,14,美好-楊梅,2024-09-05,5262
3013,晟銘電,17,4,13,美好-楊梅,2024-09-05,5262
00946,群益科技高息成長,14,1,13,美好-楊梅,2024-09-05,5262
3047,訊舟,17,5,12,美好-楊梅,2024-09-05,5262
2002,中鋼,11,0,11,美好-楊梅,2024-09-05,5262
3037,欣興,18,7,11,美好-楊梅,2024-09-05,5262
2312,金寶,34,23,11,美好-楊梅,2024-09-05,5262
2515,中工,11,0,11,美好-楊梅,2024-09-05,5262
3390,旭軟,11,0,11,美好-楊梅,2024-09-05,5262
00713,元大台灣高息低波,10,0,10,美好-楊梅,2024-09-05,5262
2486,一詮,22,12,10,美好-楊梅,2024-09-05,5262
4303,信立,13,3,10,美好-楊梅,2024-09-05,5262
00676R,富邦臺灣加權反1,10,0,10,美好-楊梅,2024-09-05,5262
1802,台玻,11,1,10,美好-楊梅,2024-09-05,5262
2337,旺宏,10,0,10,美好-楊梅,2024-09-05,5262
8107,大億金茂,10,0,10,美好-楊梅,2024-09-05,5262
00687B,國泰20年美債,34,25,9,美好-楊梅,2024-09-05,5262
2349,錸德,11,2,9,美好-楊梅,2024-09-05,5262
3149,正達,9,0,9,美好-楊梅,2024-09-05,5262
2382,廣達,12,4,8,美好-楊梅,2024-09-05,5262
1711,永光,17,9,8,美好-楊梅,2024-09-05,5262
1806,冠軍,8,0,8,美好-楊梅,2024-09-05,5262
2033,佳大,8,0,8,美好-楊梅,2024-09-05,5262
1216,統一,134,2,132,美好-楊梅,2024-09-06,5262
00930,永豐ESG低碳高息,116,0,116,美好-楊梅,2024-09-06,5262
3481,群創,135,37,98,美好-楊梅,2024-09-06,5262
2891,中信金,68,2,66,美好-楊梅,2024-09-06,5262
00929,復華台灣科技優息,164,100,64,美好-楊梅,2024-09-06,5262
00665L,富邦�琤肭磪囓�2,62,0,62,美好-楊梅,2024-09-06,5262
8011,台通,61,0,61,美好-楊梅,2024-09-06,5262
00919,群益台灣精選高息,45,2,43,美好-楊梅,2024-09-06,5262
00687B,國泰20年美債,42,7,35,美好-楊梅,2024-09-06,5262
2337,旺宏,34,0,34,美好-楊梅,2024-09-06,5262
00918,大華優利高填息30,33,0,33,美好-楊梅,2024-09-06,5262
00915,凱基優選高股息30,30,0,30,美好-楊梅,2024-09-06,5262
6168,宏齊,30,0,30,美好-楊梅,2024-09-06,5262
2002,中鋼,25,3,22,美好-楊梅,2024-09-06,5262
2367,燿華,29,7,22,美好-楊梅,2024-09-06,5262
00941,中信上游半導體,21,0,21,美好-楊梅,2024-09-06,5262
1785,光洋科,22,1,21,美好-楊梅,2024-09-06,5262
3712,永崴投控,23,2,21,美好-楊梅,2024-09-06,5262
00632R,元大台灣50反1,40,20,20,美好-楊梅,2024-09-06,5262
00715L,期街口布蘭特正2,16,0,16,美好-楊梅,2024-09-06,5262
6215,和椿,37,21,16,美好-楊梅,2024-09-06,5262
2812,台中銀,15,0,15,美好-楊梅,2024-09-06,5262
1316,上曜,17,2,15,美好-楊梅,2024-09-06,5262
3339,泰谷,27,12,15,美好-楊梅,2024-09-06,5262
6770,力積電,15,0,15,美好-楊梅,2024-09-06,5262
00853B,統一美債10年Aa-,13,0,13,美好-楊梅,2024-09-06,5262
2408,南亞科,16,4,12,美好-楊梅,2024-09-06,5262
1301,台塑,11,0,11,美好-楊梅,2024-09-06,5262
6869,雲豹能源,12,2,10,美好-楊梅,2024-09-06,5262
1519,華城,11,1,10,美好-楊梅,2024-09-06,5262
00935,野村臺灣新科技50,10,0,10,美好-楊梅,2024-09-06,5262
00795B,中信美國公債20年,10,0,10,美好-楊梅,2024-09-06,5262
00725B,國泰投資級公司債,10,0,10,美好-楊梅,2024-09-06,5262
00688L,國泰20年美債正2,10,0,10,美好-楊梅,2024-09-06,5262
00951,台新日本半導體,25,15,10,美好-楊梅,2024-09-06,5262
1605,華新,10,0,10,美好-楊梅,2024-09-06,5262
1815,富喬,19,9,10,美好-楊梅,2024-09-06,5262
9941,裕融,10,0,10,美好-楊梅,2024-09-06,5262
6213,聯茂,41,32,9,美好-楊梅,2024-09-06,5262
00713,元大台灣高息低波,9,0,9,美好-楊梅,2024-09-06,5262
2362,藍天,10,1,9,美好-楊梅,2024-09-06,5262
00646,元大S＆P500,8,0,8,美好-楊梅,2024-09-06,5262
2313,華通,21,13,8,美好-楊梅,2024-09-06,5262
6134,萬旭,7,0,7,美好-楊梅,2024-09-06,5262
00881,國泰台灣5G+,9,2,7,美好-楊梅,2024-09-06,5262
8039,台虹,7,0,7,美好-楊梅,2024-09-06,5262
3017,奇鋐,11,5,6,美好-楊梅,2024-09-06,5262
1612,宏泰,6,0,6,美好-楊梅,2024-09-06,5262
2486,一詮,13,7,6,美好-楊梅,2024-09-06,5262
3230,錦明,10,4,6,美好-楊梅,2024-09-06,5262
00919,群益台灣精選高息,238,2,236,美好-楊梅,2024-09-09,5262
2542,興富發,134,0,134,美好-楊梅,2024-09-09,5262
00878,國泰永續高股息,91,3,88,美好-楊梅,2024-09-09,5262
00688L,國泰20年美債正2,85,0,85,美好-楊梅,2024-09-09,5262
00940,元大台灣價值高息,81,1,80,美好-楊梅,2024-09-09,5262
2441,超豐,60,0,60,美好-楊梅,2024-09-09,5262
00951,台新日本半導體,59,0,59,美好-楊梅,2024-09-09,5262
2834,臺企銀,53,2,51,美好-楊梅,2024-09-09,5262
00929,復華台灣科技優息,81,33,48,美好-楊梅,2024-09-09,5262
00665L,富邦�琤肭磪囓�2,40,2,38,美好-楊梅,2024-09-09,5262
00918,大華優利高填息30,40,5,35,美好-楊梅,2024-09-09,5262
0056,元大高股息,37,3,34,美好-楊梅,2024-09-09,5262
2885,元大金,32,0,32,美好-楊梅,2024-09-09,5262
2317,鴻海,43,15,28,美好-楊梅,2024-09-09,5262
00937B,群益ESG投等債20,20,0,20,美好-楊梅,2024-09-09,5262
00915,凱基優選高股息30,20,0,20,美好-楊梅,2024-09-09,5262
00948B,中信優息投資級債,20,0,20,美好-楊梅,2024-09-09,5262
2330,台積電,20,1,19,美好-楊梅,2024-09-09,5262
2891,中信金,27,8,19,美好-楊梅,2024-09-09,5262
00687B,國泰20年美債,20,2,18,美好-楊梅,2024-09-09,5262
2382,廣達,25,8,17,美好-楊梅,2024-09-09,5262
00637L,元大滬深300正2,15,0,15,美好-楊梅,2024-09-09,5262
00706L,期元大S＆P日圓正2,15,0,15,美好-楊梅,2024-09-09,5262
2615,萬海,45,30,15,美好-楊梅,2024-09-09,5262
2356,英業達,22,8,14,美好-楊梅,2024-09-09,5262
2881,富邦金,14,1,13,美好-楊梅,2024-09-09,5262
2367,燿華,17,5,12,美好-楊梅,2024-09-09,5262
1301,台塑,11,0,11,美好-楊梅,2024-09-09,5262
2867,三商壽,11,0,11,美好-楊梅,2024-09-09,5262
2308,台達電,10,0,10,美好-楊梅,2024-09-09,5262
6127,九豪,10,0,10,美好-楊梅,2024-09-09,5262
2426,鼎元,10,0,10,美好-楊梅,2024-09-09,5262
2449,京元電子,10,0,10,美好-楊梅,2024-09-09,5262
3005,神基,10,0,10,美好-楊梅,2024-09-09,5262
4562,穎漢,12,2,10,美好-楊梅,2024-09-09,5262
2402,毅嘉,18,8,10,美好-楊梅,2024-09-09,5262
1524,耿鼎,9,0,9,美好-楊梅,2024-09-09,5262
1611,中電,9,0,9,美好-楊梅,2024-09-09,5262
1799,易威,10,1,9,美好-楊梅,2024-09-09,5262
3522,御嵿,9,0,9,美好-楊梅,2024-09-09,5262
8103,瀚荃,9,0,9,美好-楊梅,2024-09-09,5262
8064,東捷,13,4,9,美好-楊梅,2024-09-09,5262
6770,力積電,24,16,8,美好-楊梅,2024-09-09,5262
00946,群益科技高息成長,8,0,8,美好-楊梅,2024-09-09,5262
5493,三聯,8,0,8,美好-楊梅,2024-09-09,5262
8374,羅昇,32,24,8,美好-楊梅,2024-09-09,5262
00715L,期街口布蘭特正2,7,0,7,美好-楊梅,2024-09-09,5262
1101,台泥,7,0,7,美好-楊梅,2024-09-09,5262
1303,南亞,8,1,7,美好-楊梅,2024-09-09,5262
0050,元大台灣50,6,0,6,美好-楊梅,2024-09-09,5262
00919,群益台灣精選高息,181,4,177,美好-楊梅,2024-09-10,5262
00940,元大台灣價值高息,99,0,99,美好-楊梅,2024-09-10,5262
00937B,群益ESG投等債20,107,22,85,美好-楊梅,2024-09-10,5262
00687B,國泰20年美債,65,4,61,美好-楊梅,2024-09-10,5262
00929,復華台灣科技優息,67,7,60,美好-楊梅,2024-09-10,5262
6116,彩晶,50,0,50,美好-楊梅,2024-09-10,5262
3481,群創,45,0,45,美好-楊梅,2024-09-10,5262
00679B,元大美債20年,37,3,34,美好-楊梅,2024-09-10,5262
2349,錸德,34,0,34,美好-楊梅,2024-09-10,5262
2542,興富發,31,0,31,美好-楊梅,2024-09-10,5262
00918,大華優利高填息30,32,2,30,美好-楊梅,2024-09-10,5262
00712,復華富時不動產,30,0,30,美好-楊梅,2024-09-10,5262
2002,中鋼,29,0,29,美好-楊梅,2024-09-10,5262
2356,英業達,30,2,28,美好-楊梅,2024-09-10,5262
00680L,元大美債20正2,30,2,28,美好-楊梅,2024-09-10,5262
2382,廣達,37,12,25,美好-楊梅,2024-09-10,5262
1101,台泥,25,0,25,美好-楊梅,2024-09-10,5262
4306,炎洲,34,10,24,美好-楊梅,2024-09-10,5262
2317,鴻海,39,16,23,美好-楊梅,2024-09-10,5262
00930,永豐ESG低碳高息,22,0,22,美好-楊梅,2024-09-10,5262
2834,臺企銀,24,3,21,美好-楊梅,2024-09-10,5262
2596,綠意,20,0,20,美好-楊梅,2024-09-10,5262
3033,威健,20,0,20,美好-楊梅,2024-09-10,5262
00795B,中信美國公債20年,20,0,20,美好-楊梅,2024-09-10,5262
5392,能率,20,0,20,美好-楊梅,2024-09-10,5262
2323,中環,20,2,18,美好-楊梅,2024-09-10,5262
00878,國泰永續高股息,21,3,18,美好-楊梅,2024-09-10,5262
2845,遠東銀,20,3,17,美好-楊梅,2024-09-10,5262
1786,科妍,16,0,16,美好-楊梅,2024-09-10,5262
3312,弘憶股,16,0,16,美好-楊梅,2024-09-10,5262
2618,長榮航,21,6,15,美好-楊梅,2024-09-10,5262
5011,久陽,15,0,15,美好-楊梅,2024-09-10,5262
2609,陽明,15,0,15,美好-楊梅,2024-09-10,5262
2610,華航,19,5,14,美好-楊梅,2024-09-10,5262
00915,凱基優選高股息30,14,0,14,美好-楊梅,2024-09-10,5262
2489,瑞軒,15,1,14,美好-楊梅,2024-09-10,5262
1316,上曜,18,5,13,美好-楊梅,2024-09-10,5262
2492,華新科,13,0,13,美好-楊梅,2024-09-10,5262
2515,中工,13,0,13,美好-楊梅,2024-09-10,5262
9945,潤泰新,17,4,13,美好-楊梅,2024-09-10,5262
2368,金像電,15,3,12,美好-楊梅,2024-09-10,5262
00946,群益科技高息成長,12,0,12,美好-楊梅,2024-09-10,5262
3017,奇鋐,27,16,11,美好-楊梅,2024-09-10,5262
1326,台化,11,0,11,美好-楊梅,2024-09-10,5262
00951,台新日本半導體,20,9,11,美好-楊梅,2024-09-10,5262
6120,達運,11,0,11,美好-楊梅,2024-09-10,5262
0056,元大高股息,31,20,11,美好-楊梅,2024-09-10,5262
6152,百一,13,3,10,美好-楊梅,2024-09-10,5262
00934,中信成長高股息,10,0,10,美好-楊梅,2024-09-10,5262
1536,和大,10,0,10,美好-楊梅,2024-09-10,5262
9904,寶成,193,6,187,美好-楊梅,2024-09-11,5262
1216,統一,161,29,132,美好-楊梅,2024-09-11,5262
2441,超豐,120,0,120,美好-楊梅,2024-09-11,5262
00687B,國泰20年美債,86,21,65,美好-楊梅,2024-09-11,5262
00929,復華台灣科技優息,62,4,58,美好-楊梅,2024-09-11,5262
00715L,期街口布蘭特正2,46,0,46,美好-楊梅,2024-09-11,5262
1313,聯成,30,0,30,美好-楊梅,2024-09-11,5262
00665L,富邦�琤肭磪囓�2,55,26,29,美好-楊梅,2024-09-11,5262
1522,堤維西,36,9,27,美好-楊梅,2024-09-11,5262
00878,國泰永續高股息,27,0,27,美好-楊梅,2024-09-11,5262
00937B,群益ESG投等債20,28,1,27,美好-楊梅,2024-09-11,5262
9945,潤泰新,22,0,22,美好-楊梅,2024-09-11,5262
8076,伍豐,21,0,21,美好-楊梅,2024-09-11,5262
1524,耿鼎,20,0,20,美好-楊梅,2024-09-11,5262
3033,威健,20,0,20,美好-楊梅,2024-09-11,5262
2618,長榮航,38,20,18,美好-楊梅,2024-09-11,5262
3047,訊舟,21,3,18,美好-楊梅,2024-09-11,5262
00712,復華富時不動產,20,3,17,美好-楊梅,2024-09-11,5262
6114,久威,20,3,17,美好-楊梅,2024-09-11,5262
3284,太普高,15,0,15,美好-楊梅,2024-09-11,5262
00882,中信中國高股息,15,0,15,美好-楊梅,2024-09-11,5262
00688L,國泰20年美債正2,15,0,15,美好-楊梅,2024-09-11,5262
00951,台新日本半導體,17,2,15,美好-楊梅,2024-09-11,5262
1815,富喬,15,0,15,美好-楊梅,2024-09-11,5262
00679B,元大美債20年,23,9,14,美好-楊梅,2024-09-11,5262
2867,三商壽,18,5,13,美好-楊梅,2024-09-11,5262
2002,中鋼,14,2,12,美好-楊梅,2024-09-11,5262
3715,定穎投控,17,6,11,美好-楊梅,2024-09-11,5262
2891,中信金,10,0,10,美好-楊梅,2024-09-11,5262
00940,元大台灣價值高息,10,0,10,美好-楊梅,2024-09-11,5262
00932,兆豐永續高息等權,10,0,10,美好-楊梅,2024-09-11,5262
00893,國泰智能電動車,10,0,10,美好-楊梅,2024-09-11,5262
3290,東浦,10,0,10,美好-楊梅,2024-09-11,5262
00918,大華優利高填息30,10,1,9,美好-楊梅,2024-09-11,5262
00931B,統一美債20年,11,2,9,美好-楊梅,2024-09-11,5262
00637L,元大滬深300正2,9,0,9,美好-楊梅,2024-09-11,5262
2371,大同,39,31,8,美好-楊梅,2024-09-11,5262
3707,漢磊,11,3,8,美好-楊梅,2024-09-11,5262
8011,台通,8,0,8,美好-楊梅,2024-09-11,5262
8021,尖點,10,3,7,美好-楊梅,2024-09-11,5262
00713,元大台灣高息低波,7,0,7,美好-楊梅,2024-09-11,5262
5438,東友,8,1,7,美好-楊梅,2024-09-11,5262
4566,時碩工業,10,4,6,美好-楊梅,2024-09-11,5262
3037,欣興,7,1,6,美好-楊梅,2024-09-11,5262
00930,永豐ESG低碳高息,6,0,6,美好-楊梅,2024-09-11,5262
00935,野村臺灣新科技50,6,0,6,美好-楊梅,2024-09-11,5262
3049,精金,6,0,6,美好-楊梅,2024-09-11,5262
5484,慧友,6,0,6,美好-楊梅,2024-09-11,5262
2883,凱基金,6,0,6,美好-楊梅,2024-09-11,5262
2070,精湛,7,1,6,美好-楊梅,2024-09-11,5262
00632R,元大台灣50反1,100,3,97,美好-楊梅,2024-09-12,5262
4716,大立,80,3,77,美好-楊梅,2024-09-12,5262
00919,群益台灣精選高息,79,4,75,美好-楊梅,2024-09-12,5262
2897,王道銀行,45,0,45,美好-楊梅,2024-09-12,5262
00878,國泰永續高股息,44,2,42,美好-楊梅,2024-09-12,5262
2887,台新金,34,6,28,美好-楊梅,2024-09-12,5262
6152,百一,51,26,25,美好-楊梅,2024-09-12,5262
2891,中信金,31,6,25,美好-楊梅,2024-09-12,5262
3714,富采,24,0,24,美好-楊梅,2024-09-12,5262
3481,群創,28,5,23,美好-楊梅,2024-09-12,5262
00929,復華台灣科技優息,32,11,21,美好-楊梅,2024-09-12,5262
00948B,中信優息投資級債,17,0,17,美好-楊梅,2024-09-12,5262
00937B,群益ESG投等債20,18,2,16,美好-楊梅,2024-09-12,5262
3607,谷崧,13,3,10,美好-楊梅,2024-09-12,5262
3710,連展投控,10,0,10,美好-楊梅,2024-09-12,5262
00679B,元大美債20年,10,1,9,美好-楊梅,2024-09-12,5262
1471,首利,9,0,9,美好-楊梅,2024-09-12,5262
2489,瑞軒,9,0,9,美好-楊梅,2024-09-12,5262
1519,華城,11,3,8,美好-楊梅,2024-09-12,5262
2206,三陽工業,9,1,8,美好-楊梅,2024-09-12,5262
2399,映泰,14,7,7,美好-楊梅,2024-09-12,5262
2885,元大金,7,0,7,美好-楊梅,2024-09-12,5262
3033,威健,7,0,7,美好-楊梅,2024-09-12,5262
3511,矽瑪,9,2,7,美好-楊梅,2024-09-12,5262
3673,TPK-KY,10,3,7,美好-楊梅,2024-09-12,5262
6530,創威,33,26,7,美好-楊梅,2024-09-12,5262
2367,燿華,9,3,6,美好-楊梅,2024-09-12,5262
2540,愛山林,6,0,6,美好-楊梅,2024-09-12,5262
3338,泰碩,6,0,6,美好-楊梅,2024-09-12,5262
6629,泰金-KY,6,0,6,美好-楊梅,2024-09-12,5262
00715L,期街口布蘭特正2,6,0,6,美好-楊梅,2024-09-12,5262
4566,時碩工業,7,1,6,美好-楊梅,2024-09-12,5262
2886,兆豐金,8,3,5,美好-楊梅,2024-09-12,5262
00688L,國泰20年美債正2,5,0,5,美好-楊梅,2024-09-12,5262
2337,旺宏,5,0,5,美好-楊梅,2024-09-12,5262
2371,大同,10,5,5,美好-楊梅,2024-09-12,5262
2467,志聖,28,23,5,美好-楊梅,2024-09-12,5262
3092,鴻碩,5,0,5,美好-楊梅,2024-09-12,5262
8076,伍豐,5,0,5,美好-楊梅,2024-09-12,5262
3707,漢磊,8,3,5,美好-楊梅,2024-09-12,5262
1301,台塑,6,2,4,美好-楊梅,2024-09-12,5262
2208,台船,4,0,4,美好-楊梅,2024-09-12,5262
3078,僑威,4,0,4,美好-楊梅,2024-09-12,5262
3303,岱稜,16,12,4,美好-楊梅,2024-09-12,5262
4303,信立,4,0,4,美好-楊梅,2024-09-12,5262
4768,晶呈科技,4,0,4,美好-楊梅,2024-09-12,5262
5703,亞都,4,0,4,美好-楊梅,2024-09-12,5262
6133,金橋,6,2,4,美好-楊梅,2024-09-12,5262
8112,至上,4,0,4,美好-楊梅,2024-09-12,5262
8147,正淩,4,0,4,美好-楊梅,2024-09-12,5262
00919,群益台灣精選高息,183,0,183,美好-楊梅,2024-09-13,5262
2882,國泰金,105,0,105,美好-楊梅,2024-09-13,5262
00948B,中信優息投資級債,90,0,90,美好-楊梅,2024-09-13,5262
00940,元大台灣價值高息,32,0,32,美好-楊梅,2024-09-13,5262
2515,中工,31,0,31,美好-楊梅,2024-09-13,5262
00664R,國泰臺灣加權反1,30,0,30,美好-楊梅,2024-09-13,5262
2605,新興,30,0,30,美好-楊梅,2024-09-13,5262
00918,大華優利高填息30,28,0,28,美好-楊梅,2024-09-13,5262
2888,新光金,45,18,27,美好-楊梅,2024-09-13,5262
6405,悅城,24,3,21,美好-楊梅,2024-09-13,5262
4935,茂林-KY,20,0,20,美好-楊梅,2024-09-13,5262
1711,永光,19,2,17,美好-楊梅,2024-09-13,5262
2543,皇昌,21,4,17,美好-楊梅,2024-09-13,5262
00633L,富邦上証正2,20,5,15,美好-楊梅,2024-09-13,5262
6152,百一,22,8,14,美好-楊梅,2024-09-13,5262
00946,群益科技高息成長,13,0,13,美好-楊梅,2024-09-13,5262
8374,羅昇,16,3,13,美好-楊梅,2024-09-13,5262
00927,群益半導體收益,12,0,12,美好-楊梅,2024-09-13,5262
2891,中信金,12,0,12,美好-楊梅,2024-09-13,5262
8070,長華*,14,2,12,美好-楊梅,2024-09-13,5262
00929,復華台灣科技優息,29,18,11,美好-楊梅,2024-09-13,5262
2491,吉祥全,11,0,11,美好-楊梅,2024-09-13,5262
3379,彬台,11,0,11,美好-楊梅,2024-09-13,5262
1714,和桐,10,0,10,美好-楊梅,2024-09-13,5262
2347,聯強,10,0,10,美好-楊梅,2024-09-13,5262
00687B,國泰20年美債,9,0,9,美好-楊梅,2024-09-13,5262
1540,喬福,22,13,9,美好-楊梅,2024-09-13,5262
2477,美隆電,10,1,9,美好-楊梅,2024-09-13,5262
00637L,元大滬深300正2,8,0,8,美好-楊梅,2024-09-13,5262
00878,國泰永續高股息,8,0,8,美好-楊梅,2024-09-13,5262
1303,南亞,9,2,7,美好-楊梅,2024-09-13,5262
1301,台塑,8,1,7,美好-楊梅,2024-09-13,5262
8088,品安,7,0,7,美好-楊梅,2024-09-13,5262
2317,鴻海,10,4,6,美好-楊梅,2024-09-13,5262
00675L,富邦臺灣加權正2,6,0,6,美好-楊梅,2024-09-13,5262
2426,鼎元,6,0,6,美好-楊梅,2024-09-13,5262
4977,眾達-KY,9,3,6,美好-楊梅,2024-09-13,5262
1326,台化,5,0,5,美好-楊梅,2024-09-13,5262
2881,富邦金,5,0,5,美好-楊梅,2024-09-13,5262
00935,野村臺灣新科技50,5,0,5,美好-楊梅,2024-09-13,5262
00931B,統一美債20年,5,0,5,美好-楊梅,2024-09-13,5262
2489,瑞軒,5,0,5,美好-楊梅,2024-09-13,5262
4563,百德,7,2,5,美好-楊梅,2024-09-13,5262
5234,達興材料,5,0,5,美好-楊梅,2024-09-13,5262
6185,幃翔,5,0,5,美好-楊梅,2024-09-13,5262
6530,創威,9,4,5,美好-楊梅,2024-09-13,5262
2070,精湛,40,36,4,美好-楊梅,2024-09-13,5262
5347,世界,5,1,4,美好-楊梅,2024-09-13,5262
3663,鑫科,14,10,4,美好-楊梅,2024-09-13,5262
2438,翔耀,4,0,4,美好-楊梅,2024-09-13,5262
00706L,期元大S＆P日圓正2,402,0,402,美好-楊梅,2024-09-16,5262
1309,台達化,185,13,172,美好-楊梅,2024-09-16,5262
00632R,元大台灣50反1,110,0,110,美好-楊梅,2024-09-16,5262
2332,友訊,85,1,84,美好-楊梅,2024-09-16,5262
2323,中環,99,21,78,美好-楊梅,2024-09-16,5262
00937B,群益ESG投等債20,57,5,52,美好-楊梅,2024-09-16,5262
00665L,富邦�琤肭磪囓�2,50,0,50,美好-楊梅,2024-09-16,5262
3623,富晶通,36,0,36,美好-楊梅,2024-09-16,5262
00919,群益台灣精選高息,32,1,31,美好-楊梅,2024-09-16,5262
00918,大華優利高填息30,30,0,30,美好-楊梅,2024-09-16,5262
00929,復華台灣科技優息,30,6,24,美好-楊梅,2024-09-16,5262
00945B,凱基美國非投等債,20,0,20,美好-楊梅,2024-09-16,5262
00878,國泰永續高股息,18,0,18,美好-楊梅,2024-09-16,5262
00915,凱基優選高股息30,18,1,17,美好-楊梅,2024-09-16,5262
1785,光洋科,26,10,16,美好-楊梅,2024-09-16,5262
0056,元大高股息,17,2,15,美好-楊梅,2024-09-16,5262
3021,鴻名,14,1,13,美好-楊梅,2024-09-16,5262
00713,元大台灣高息低波,12,0,12,美好-楊梅,2024-09-16,5262
3045,台灣大,12,0,12,美好-楊梅,2024-09-16,5262
5484,慧友,12,0,12,美好-楊梅,2024-09-16,5262
1303,南亞,20,9,11,美好-楊梅,2024-09-16,5262
00932,兆豐永續高息等權,11,0,11,美好-楊梅,2024-09-16,5262
6405,悅城,14,3,11,美好-楊梅,2024-09-16,5262
1540,喬福,16,6,10,美好-楊梅,2024-09-16,5262
1905,華紙,10,0,10,美好-楊梅,2024-09-16,5262
3037,欣興,12,2,10,美好-楊梅,2024-09-16,5262
2371,大同,19,10,9,美好-楊梅,2024-09-16,5262
6116,彩晶,10,1,9,美好-楊梅,2024-09-16,5262
6263,普萊德,9,0,9,美好-楊梅,2024-09-16,5262
2891,中信金,13,5,8,美好-楊梅,2024-09-16,5262
1301,台塑,19,11,8,美好-楊梅,2024-09-16,5262
00921,兆豐龍頭等權重,8,0,8,美好-楊梅,2024-09-16,5262
3090,日電貿,8,0,8,美好-楊梅,2024-09-16,5262
3290,東浦,9,1,8,美好-楊梅,2024-09-16,5262
4426,利勤,10,2,8,美好-楊梅,2024-09-16,5262
6190,萬泰科,8,0,8,美好-楊梅,2024-09-16,5262
6629,泰金-KY,8,0,8,美好-楊梅,2024-09-16,5262
8358,金居,8,0,8,美好-楊梅,2024-09-16,5262
2349,錸德,28,20,8,美好-楊梅,2024-09-16,5262
00687B,國泰20年美債,24,17,7,美好-楊梅,2024-09-16,5262
8054,安國,14,7,7,美好-楊梅,2024-09-16,5262
2420,新巨,7,0,7,美好-楊梅,2024-09-16,5262
4974,亞泰,8,1,7,美好-楊梅,2024-09-16,5262
5230,雷笛克光學,14,7,7,美好-楊梅,2024-09-16,5262
6152,百一,24,17,7,美好-楊梅,2024-09-16,5262
6279,胡連,12,5,7,美好-楊梅,2024-09-16,5262
8096,擎亞,11,4,7,美好-楊梅,2024-09-16,5262
8112,至上,8,1,7,美好-楊梅,2024-09-16,5262
00669R,國泰美國道瓊反1,6,0,6,美好-楊梅,2024-09-16,5262
1563,巧新,6,0,6,美好-楊梅,2024-09-16,5262
00929,復華台灣科技優息,269,32,237,美好-楊梅,2024-09-18,5262
00937B,群益ESG投等債20,170,12,158,美好-楊梅,2024-09-18,5262
1309,台達化,153,4,149,美好-楊梅,2024-09-18,5262
2332,友訊,131,0,131,美好-楊梅,2024-09-18,5262
00687B,國泰20年美債,79,3,76,美好-楊梅,2024-09-18,5262
1611,中電,68,0,68,美好-楊梅,2024-09-18,5262
2303,聯電,52,2,50,美好-楊梅,2024-09-18,5262
2317,鴻海,46,6,40,美好-楊梅,2024-09-18,5262
1711,永光,101,65,36,美好-楊梅,2024-09-18,5262
00919,群益台灣精選高息,35,0,35,美好-楊梅,2024-09-18,5262
2408,南亞科,29,1,28,美好-楊梅,2024-09-18,5262
00918,大華優利高填息30,42,15,27,美好-楊梅,2024-09-18,5262
3623,富晶通,26,0,26,美好-楊梅,2024-09-18,5262
00933B,國泰10Y+金融債,25,0,25,美好-楊梅,2024-09-18,5262
00946,群益科技高息成長,22,0,22,美好-楊梅,2024-09-18,5262
8150,南茂,21,0,21,美好-楊梅,2024-09-18,5262
00935,野村臺灣新科技50,20,0,20,美好-楊梅,2024-09-18,5262
4142,國光生,20,0,20,美好-楊梅,2024-09-18,5262
8032,光菱,24,4,20,美好-楊梅,2024-09-18,5262
8112,至上,16,0,16,美好-楊梅,2024-09-18,5262
0056,元大高股息,17,2,15,美好-楊梅,2024-09-18,5262
00688L,國泰20年美債正2,15,0,15,美好-楊梅,2024-09-18,5262
3715,定穎投控,17,2,15,美好-楊梅,2024-09-18,5262
2374,佳能,19,6,13,美好-楊梅,2024-09-18,5262
6609,瀧澤科,26,14,12,美好-楊梅,2024-09-18,5262
2313,華通,19,7,12,美好-楊梅,2024-09-18,5262
2491,吉祥全,12,0,12,美好-楊梅,2024-09-18,5262
4909,新復興,21,10,11,美好-楊梅,2024-09-18,5262
3711,日月光投控,11,1,10,美好-楊梅,2024-09-18,5262
00958B,永豐ESG銀行債15,10,0,10,美好-楊梅,2024-09-18,5262
00945B,凱基美國非投等債,10,0,10,美好-楊梅,2024-09-18,5262
00664R,國泰臺灣加權反1,10,0,10,美好-楊梅,2024-09-18,5262
2897,王道銀行,10,0,10,美好-楊梅,2024-09-18,5262
3522,御嵿,10,0,10,美好-楊梅,2024-09-18,5262
8064,東捷,13,3,10,美好-楊梅,2024-09-18,5262
3481,群創,28,18,10,美好-楊梅,2024-09-18,5262
2545,皇翔,9,0,9,美好-楊梅,2024-09-18,5262
6274,台燿,13,4,9,美好-楊梅,2024-09-18,5262
00713,元大台灣高息低波,8,0,8,美好-楊梅,2024-09-18,5262
2002,中鋼,10,2,8,美好-楊梅,2024-09-18,5262
2455,全新,8,0,8,美好-楊梅,2024-09-18,5262
2477,美隆電,22,14,8,美好-楊梅,2024-09-18,5262
3324,雙鴻,10,2,8,美好-楊梅,2024-09-18,5262
6116,彩晶,10,3,7,美好-楊梅,2024-09-18,5262
2887,台新金,12,5,7,美好-楊梅,2024-09-18,5262
00706L,期元大S＆P日圓正2,7,0,7,美好-楊梅,2024-09-18,5262
4906,正文,16,9,7,美好-楊梅,2024-09-18,5262
6530,創威,29,22,7,美好-楊梅,2024-09-18,5262
8249,菱光,7,0,7,美好-楊梅,2024-09-18,5262
00915,凱基優選高股息30,10,4,6,美好-楊梅,2024-09-18,5262
00680L,元大美債20正2,211,0,211,美好-楊梅,2024-09-19,5262
00929,復華台灣科技優息,125,7,118,美好-楊梅,2024-09-19,5262
00937B,群益ESG投等債20,89,31,58,美好-楊梅,2024-09-19,5262
4711,永純,59,11,48,美好-楊梅,2024-09-19,5262
00958B,永豐ESG銀行債15,42,0,42,美好-楊梅,2024-09-19,5262
3049,精金,214,174,40,美好-楊梅,2024-09-19,5262
1309,台達化,30,0,30,美好-楊梅,2024-09-19,5262
2332,友訊,30,0,30,美好-楊梅,2024-09-19,5262
2062,橋椿,28,1,27,美好-楊梅,2024-09-19,5262
00632R,元大台灣50反1,20,0,20,美好-楊梅,2024-09-19,5262
006205,富邦上証,20,0,20,美好-楊梅,2024-09-19,5262
3354,律勝,20,0,20,美好-楊梅,2024-09-19,5262
4566,時碩工業,30,12,18,美好-楊梅,2024-09-19,5262
00687B,國泰20年美債,35,18,17,美好-楊梅,2024-09-19,5262
00918,大華優利高填息30,13,0,13,美好-楊梅,2024-09-19,5262
4763,材料-KY,16,3,13,美好-楊梅,2024-09-19,5262
00753L,中信中國50正2,11,0,11,美好-楊梅,2024-09-19,5262
00715L,期街口布蘭特正2,10,0,10,美好-楊梅,2024-09-19,5262
3207,耀勝,10,0,10,美好-楊梅,2024-09-19,5262
5475,德宏,10,0,10,美好-楊梅,2024-09-19,5262
6288,聯嘉,11,2,9,美好-楊梅,2024-09-19,5262
2891,中信金,29,20,9,美好-楊梅,2024-09-19,5262
3623,富晶通,10,1,9,美好-楊梅,2024-09-19,5262
2615,萬海,12,3,9,美好-楊梅,2024-09-19,5262
00915,凱基優選高股息30,9,0,9,美好-楊梅,2024-09-19,5262
2881,富邦金,12,3,9,美好-楊梅,2024-09-19,5262
1784,訊聯,9,1,8,美好-楊梅,2024-09-19,5262
3290,東浦,8,1,7,美好-楊梅,2024-09-19,5262
6151,晉倫,9,2,7,美好-楊梅,2024-09-19,5262
8027,鈦昇,8,1,7,美好-楊梅,2024-09-19,5262
2888,新光金,31,25,6,美好-楊梅,2024-09-19,5262
8996,高力,10,4,6,美好-楊梅,2024-09-19,5262
1326,台化,7,1,6,美好-楊梅,2024-09-19,5262
3230,錦明,15,9,6,美好-楊梅,2024-09-19,5262
3437,榮創,6,0,6,美好-楊梅,2024-09-19,5262
3583,辛耘,17,12,5,美好-楊梅,2024-09-19,5262
00878,國泰永續高股息,6,1,5,美好-楊梅,2024-09-19,5262
2038,海光,5,0,5,美好-楊梅,2024-09-19,5262
2243,宏旭-KY,5,0,5,美好-楊梅,2024-09-19,5262
2312,金寶,8,3,5,美好-楊梅,2024-09-19,5262
4576,大銀微系統,14,9,5,美好-楊梅,2024-09-19,5262
5011,久陽,7,2,5,美好-楊梅,2024-09-19,5262
5493,三聯,5,0,5,美好-楊梅,2024-09-19,5262
6197,佳必琪,5,0,5,美好-楊梅,2024-09-19,5262
8096,擎亞,9,4,5,美好-楊梅,2024-09-19,5262
8110,華東,5,0,5,美好-楊梅,2024-09-19,5262
8150,南茂,5,0,5,美好-楊梅,2024-09-19,5262
00633L,富邦上証正2,4,0,4,美好-楊梅,2024-09-19,5262
2025,千興,4,0,4,美好-楊梅,2024-09-19,5262
4588,玖鼎電力,4,0,4,美好-楊梅,2024-09-19,5262
00706L,期元大S＆P日圓正2,202,0,202,美好-楊梅,2024-09-20,5262
00632R,元大台灣50反1,150,0,150,美好-楊梅,2024-09-20,5262
3049,精金,131,0,131,美好-楊梅,2024-09-20,5262
2596,綠意,127,5,122,美好-楊梅,2024-09-20,5262
00937B,群益ESG投等債20,125,10,115,美好-楊梅,2024-09-20,5262
00919,群益台灣精選高息,113,6,107,美好-楊梅,2024-09-20,5262
00929,復華台灣科技優息,118,15,103,美好-楊梅,2024-09-20,5262
2888,新光金,132,35,97,美好-楊梅,2024-09-20,5262
2609,陽明,115,18,97,美好-楊梅,2024-09-20,5262
3390,旭軟,71,11,60,美好-楊梅,2024-09-20,5262
4707,磐亞,50,0,50,美好-楊梅,2024-09-20,5262
2349,錸德,61,13,48,美好-楊梅,2024-09-20,5262
9904,寶成,50,3,47,美好-楊梅,2024-09-20,5262
00679B,元大美債20年,43,6,37,美好-楊梅,2024-09-20,5262
3284,太普高,30,0,30,美好-楊梅,2024-09-20,5262
6152,百一,31,2,29,美好-楊梅,2024-09-20,5262
00637L,元大滬深300正2,28,2,26,美好-楊梅,2024-09-20,5262
00931B,統一美債20年,24,1,23,美好-楊梅,2024-09-20,5262
00633L,富邦上証正2,23,0,23,美好-楊梅,2024-09-20,5262
5438,東友,23,0,23,美好-楊梅,2024-09-20,5262
3149,正達,25,4,21,美好-楊梅,2024-09-20,5262
00738U,期元大道瓊白銀,20,0,20,美好-楊梅,2024-09-20,5262
2511,太子,18,0,18,美好-楊梅,2024-09-20,5262
4903,聯光通,22,4,18,美好-楊梅,2024-09-20,5262
1808,潤隆,18,0,18,美好-楊梅,2024-09-20,5262
3062,建漢,32,15,17,美好-楊梅,2024-09-20,5262
2542,興富發,16,0,16,美好-楊梅,2024-09-20,5262
2515,中工,22,7,15,美好-楊梅,2024-09-20,5262
5302,太欣,15,0,15,美好-楊梅,2024-09-20,5262
5905,南仁湖,14,0,14,美好-楊梅,2024-09-20,5262
1316,上曜,13,0,13,美好-楊梅,2024-09-20,5262
2501,國建,14,1,13,美好-楊梅,2024-09-20,5262
2303,聯電,25,12,13,美好-楊梅,2024-09-20,5262
00958B,永豐ESG銀行債15,12,0,12,美好-楊梅,2024-09-20,5262
00918,大華優利高填息30,11,0,11,美好-楊梅,2024-09-20,5262
00930,永豐ESG低碳高息,11,0,11,美好-楊梅,2024-09-20,5262
2641,正德,11,0,11,美好-楊梅,2024-09-20,5262
3623,富晶通,11,0,11,美好-楊梅,2024-09-20,5262
4526,東台,22,11,11,美好-楊梅,2024-09-20,5262
6288,聯嘉,11,0,11,美好-楊梅,2024-09-20,5262
8070,長華*,26,16,10,美好-楊梅,2024-09-20,5262
2464,盟立,72,62,10,美好-楊梅,2024-09-20,5262
2201,裕隆,10,0,10,美好-楊梅,2024-09-20,5262
2365,昆盈,15,5,10,美好-楊梅,2024-09-20,5262
2399,映泰,67,58,9,美好-楊梅,2024-09-20,5262
4909,新復興,16,8,8,美好-楊梅,2024-09-20,5262
1785,光洋科,43,35,8,美好-楊梅,2024-09-20,5262
8071,能率網通,10,2,8,美好-楊梅,2024-09-20,5262
00680L,元大美債20正2,7,0,7,美好-楊梅,2024-09-20,5262
2834,臺企銀,10,3,7,美好-楊梅,2024-09-20,5262
00688L,國泰20年美債正2,210,0,210,美好-楊梅,2024-09-23,5262
00706L,期元大S＆P日圓正2,207,0,207,美好-楊梅,2024-09-23,5262
00951,台新日本半導體,145,0,145,美好-楊梅,2024-09-23,5262
2609,陽明,104,20,84,美好-楊梅,2024-09-23,5262
2431,聯昌,63,0,63,美好-楊梅,2024-09-23,5262
1721,三晃,69,13,56,美好-楊梅,2024-09-23,5262
3481,群創,69,16,53,美好-楊梅,2024-09-23,5262
00957B,兆豐US優選投等債,50,0,50,美好-楊梅,2024-09-23,5262
4979,華星光,55,8,47,美好-楊梅,2024-09-23,5262
4716,大立,73,33,40,美好-楊梅,2024-09-23,5262
00929,復華台灣科技優息,30,0,30,美好-楊梅,2024-09-23,5262
00919,群益台灣精選高息,93,65,28,美好-楊梅,2024-09-23,5262
1727,中華化,36,12,24,美好-楊梅,2024-09-23,5262
1711,永光,30,6,24,美好-楊梅,2024-09-23,5262
2834,臺企銀,23,0,23,美好-楊梅,2024-09-23,5262
2344,華邦電,22,1,21,美好-楊梅,2024-09-23,5262
3284,太普高,20,0,20,美好-楊梅,2024-09-23,5262
2399,映泰,47,27,20,美好-楊梅,2024-09-23,5262
00680L,元大美債20正2,17,0,17,美好-楊梅,2024-09-23,5262
3450,聯鈞,33,17,16,美好-楊梅,2024-09-23,5262
9904,寶成,15,0,15,美好-楊梅,2024-09-23,5262
00679B,元大美債20年,26,11,15,美好-楊梅,2024-09-23,5262
4720,德淵,15,1,14,美好-楊梅,2024-09-23,5262
8107,大億金茂,15,1,14,美好-楊梅,2024-09-23,5262
3033,威健,20,8,12,美好-楊梅,2024-09-23,5262
00927,群益半導體收益,11,0,11,美好-楊梅,2024-09-23,5262
00632R,元大台灣50反1,10,0,10,美好-楊梅,2024-09-23,5262
1301,台塑,10,0,10,美好-楊梅,2024-09-23,5262
2515,中工,10,0,10,美好-楊梅,2024-09-23,5262
2596,綠意,10,0,10,美好-楊梅,2024-09-23,5262
2845,遠東銀,10,0,10,美好-楊梅,2024-09-23,5262
8111,立��,13,3,10,美好-楊梅,2024-09-23,5262
8222,寶一,10,0,10,美好-楊梅,2024-09-23,5262
00687B,國泰20年美債,16,7,9,美好-楊梅,2024-09-23,5262
1785,光洋科,21,12,9,美好-楊梅,2024-09-23,5262
2425,承啟,17,8,9,美好-楊梅,2024-09-23,5262
2867,三商壽,9,0,9,美好-楊梅,2024-09-23,5262
3232,昱捷,9,0,9,美好-楊梅,2024-09-23,5262
6213,聯茂,10,1,9,美好-楊梅,2024-09-23,5262
1536,和大,10,2,8,美好-楊梅,2024-09-23,5262
3363,上詮,18,10,8,美好-楊梅,2024-09-23,5262
00960,野村全球航運龍頭,7,0,7,美好-楊梅,2024-09-23,5262
2442,新美齊,8,1,7,美好-楊梅,2024-09-23,5262
3062,建漢,18,11,7,美好-楊梅,2024-09-23,5262
3230,錦明,9,2,7,美好-楊梅,2024-09-23,5262
4542,科嶠,13,6,7,美好-楊梅,2024-09-23,5262
3374,精材,8,2,6,美好-楊梅,2024-09-23,5262
2426,鼎元,12,6,6,美好-楊梅,2024-09-23,5262
2438,翔耀,6,0,6,美好-楊梅,2024-09-23,5262
2495,普安,9,3,6,美好-楊梅,2024-09-23,5262
00632R,元大台灣50反1,360,0,360,美好-楊梅,2024-09-24,5262
2610,華航,202,43,159,美好-楊梅,2024-09-24,5262
00951,台新日本半導體,91,35,56,美好-楊梅,2024-09-24,5262
00679B,元大美債20年,44,6,38,美好-楊梅,2024-09-24,5262
3715,定穎投控,78,44,34,美好-楊梅,2024-09-24,5262
2344,華邦電,53,21,32,美好-楊梅,2024-09-24,5262
3231,緯創,33,6,27,美好-楊梅,2024-09-24,5262
00919,群益台灣精選高息,24,2,22,美好-楊梅,2024-09-24,5262
4716,大立,37,16,21,美好-楊梅,2024-09-24,5262
00673R,期元大S＆P原油反1,20,0,20,美好-楊梅,2024-09-24,5262
00929,復華台灣科技優息,19,0,19,美好-楊梅,2024-09-24,5262
2313,華通,21,2,19,美好-楊梅,2024-09-24,5262
1519,華城,22,4,18,美好-楊梅,2024-09-24,5262
2349,錸德,23,5,18,美好-楊梅,2024-09-24,5262
2002,中鋼,17,0,17,美好-楊梅,2024-09-24,5262
00960,野村全球航運龍頭,16,0,16,美好-楊梅,2024-09-24,5262
8150,南茂,16,0,16,美好-楊梅,2024-09-24,5262
00945B,凱基美國非投等債,25,10,15,美好-楊梅,2024-09-24,5262
1618,合機,18,3,15,美好-楊梅,2024-09-24,5262
2887,台新金,26,12,14,美好-楊梅,2024-09-24,5262
00712,復華富時不動產,12,0,12,美好-楊梅,2024-09-24,5262
00688L,國泰20年美債正2,12,0,12,美好-楊梅,2024-09-24,5262
4426,利勤,12,0,12,美好-楊梅,2024-09-24,5262
5272,笙科,16,4,12,美好-楊梅,2024-09-24,5262
00687B,國泰20年美債,11,0,11,美好-楊梅,2024-09-24,5262
5347,世界,11,0,11,美好-楊梅,2024-09-24,5262
00953B,群益優選非投等債,11,0,11,美好-楊梅,2024-09-24,5262
5876,上海商銀,11,0,11,美好-楊梅,2024-09-24,5262
2888,新光金,18,7,11,美好-楊梅,2024-09-24,5262
00795B,中信美國公債20年,10,0,10,美好-楊梅,2024-09-24,5262
00715L,期街口布蘭特正2,10,0,10,美好-楊梅,2024-09-24,5262
1522,堤維西,10,0,10,美好-楊梅,2024-09-24,5262
1584,精剛,16,6,10,美好-楊梅,2024-09-24,5262
2504,國產,11,1,10,美好-楊梅,2024-09-24,5262
3037,欣興,11,1,10,美好-楊梅,2024-09-24,5262
1605,華新,10,1,9,美好-楊梅,2024-09-24,5262
2641,正德,11,2,9,美好-楊梅,2024-09-24,5262
3511,矽瑪,9,0,9,美好-楊梅,2024-09-24,5262
6109,亞元,10,1,9,美好-楊梅,2024-09-24,5262
2543,皇昌,10,1,9,美好-楊梅,2024-09-24,5262
00915,凱基優選高股息30,8,0,8,美好-楊梅,2024-09-24,5262
3021,鴻名,8,0,8,美好-楊梅,2024-09-24,5262
4956,光鋐,9,1,8,美好-楊梅,2024-09-24,5262
4526,東台,10,3,7,美好-楊梅,2024-09-24,5262
6191,精成科,7,0,7,美好-楊梅,2024-09-24,5262
6706,惠特,12,5,7,美好-楊梅,2024-09-24,5262
00936,台新永續高息中小,6,0,6,美好-楊梅,2024-09-24,5262
3011,今皓,6,0,6,美好-楊梅,2024-09-24,5262
3630,新鉅科,6,0,6,美好-楊梅,2024-09-24,5262
3686,達能,6,0,6,美好-楊梅,2024-09-24,5262
9904,寶成,198,5,193,美好-楊梅,2024-09-25,5262
00687B,國泰20年美債,98,2,96,美好-楊梅,2024-09-25,5262
00632R,元大台灣50反1,72,0,72,美好-楊梅,2024-09-25,5262
3550,聯穎,87,37,50,美好-楊梅,2024-09-25,5262
3715,定穎投控,67,17,50,美好-楊梅,2024-09-25,5262
2313,華通,50,5,45,美好-楊梅,2024-09-25,5262
00960,野村全球航運龍頭,35,10,25,美好-楊梅,2024-09-25,5262
00937B,群益ESG投等債20,25,0,25,美好-楊梅,2024-09-25,5262
00679B,元大美債20年,24,1,23,美好-楊梅,2024-09-25,5262
00952,凱基台灣AI50,21,0,21,美好-楊梅,2024-09-25,5262
2417,圓剛,21,0,21,美好-楊梅,2024-09-25,5262
2402,毅嘉,31,11,20,美好-楊梅,2024-09-25,5262
9105,泰金寶-DR,22,2,20,美好-楊梅,2024-09-25,5262
6148,驊宏資,20,1,19,美好-楊梅,2024-09-25,5262
0050,元大台灣50,20,2,18,美好-楊梅,2024-09-25,5262
2367,燿華,47,30,17,美好-楊梅,2024-09-25,5262
2009,第一銅,17,1,16,美好-楊梅,2024-09-25,5262
00929,復華台灣科技優息,42,28,14,美好-楊梅,2024-09-25,5262
0056,元大高股息,19,5,14,美好-楊梅,2024-09-25,5262
6152,百一,14,0,14,美好-楊梅,2024-09-25,5262
1711,永光,26,14,12,美好-楊梅,2024-09-25,5262
3714,富采,18,6,12,美好-楊梅,2024-09-25,5262
00919,群益台灣精選高息,33,21,12,美好-楊梅,2024-09-25,5262
2542,興富發,13,2,11,美好-楊梅,2024-09-25,5262
4908,前鼎,12,1,11,美好-楊梅,2024-09-25,5262
6191,精成科,11,0,11,美好-楊梅,2024-09-25,5262
6257,矽格,19,8,11,美好-楊梅,2024-09-25,5262
00655L,國泰中國A50正2,10,0,10,美好-楊梅,2024-09-25,5262
00680L,元大美債20正2,20,10,10,美好-楊梅,2024-09-25,5262
00666R,富邦�琤肭磪齯�1,10,0,10,美好-楊梅,2024-09-25,5262
00907,永豐優息存股,10,0,10,美好-楊梅,2024-09-25,5262
00951,台新日本半導體,10,0,10,美好-楊梅,2024-09-25,5262
1301,台塑,10,0,10,美好-楊梅,2024-09-25,5262
2323,中環,10,0,10,美好-楊梅,2024-09-25,5262
3284,太普高,10,0,10,美好-楊梅,2024-09-25,5262
9958,世紀鋼,10,0,10,美好-楊梅,2024-09-25,5262
2867,三商壽,9,0,9,美好-楊梅,2024-09-25,5262
3511,矽瑪,10,1,9,美好-楊梅,2024-09-25,5262
8076,伍豐,19,10,9,美好-楊梅,2024-09-25,5262
4958,臻鼎-KY,11,2,9,美好-楊梅,2024-09-25,5262
2027,大成鋼,9,1,8,美好-楊梅,2024-09-25,5262
2349,錸德,19,11,8,美好-楊梅,2024-09-25,5262
4551,智伸科,8,0,8,美好-楊梅,2024-09-25,5262
6505,台塑化,10,2,8,美好-楊梅,2024-09-25,5262
3149,正達,16,8,8,美好-楊梅,2024-09-25,5262
00948B,中信優息投資級債,7,0,7,美好-楊梅,2024-09-25,5262
2645,長榮航太,7,0,7,美好-楊梅,2024-09-25,5262
8064,東捷,15,8,7,美好-楊梅,2024-09-25,5262
2070,精湛,12,5,7,美好-楊梅,2024-09-25,5262
2399,映泰,18,12,6,美好-楊梅,2024-09-25,5262
2542,興富發,195,1,194,美好-楊梅,2024-09-26,5262
00706L,期元大S＆P日圓正2,100,0,100,美好-楊梅,2024-09-26,5262
6104,創惟,67,15,52,美好-楊梅,2024-09-26,5262
4716,大立,112,62,50,美好-楊梅,2024-09-26,5262
00937B,群益ESG投等債20,57,10,47,美好-楊梅,2024-09-26,5262
1808,潤隆,48,2,46,美好-楊梅,2024-09-26,5262
6239,力成,43,0,43,美好-楊梅,2024-09-26,5262
1905,華紙,40,0,40,美好-楊梅,2024-09-26,5262
3623,富晶通,32,0,32,美好-楊梅,2024-09-26,5262
2883,凱基金,30,1,29,美好-楊梅,2024-09-26,5262
3019,亞光,35,7,28,美好-楊梅,2024-09-26,5262
2367,燿華,50,22,28,美好-楊梅,2024-09-26,5262
2426,鼎元,25,0,25,美好-楊梅,2024-09-26,5262
00715L,期街口布蘭特正2,24,0,24,美好-楊梅,2024-09-26,5262
2540,愛山林,24,1,23,美好-楊梅,2024-09-26,5262
00679B,元大美債20年,42,20,22,美好-楊梅,2024-09-26,5262
3715,定穎投控,29,8,21,美好-楊梅,2024-09-26,5262
2317,鴻海,34,14,20,美好-楊梅,2024-09-26,5262
00651R,復華香港反1,20,0,20,美好-楊梅,2024-09-26,5262
00953B,群益優選非投等債,20,0,20,美好-楊梅,2024-09-26,5262
3607,谷崧,20,0,20,美好-楊梅,2024-09-26,5262
6457,紘康,20,0,20,美好-楊梅,2024-09-26,5262
4939,亞電,20,0,20,美好-楊梅,2024-09-26,5262
00712,復華富時不動產,23,4,19,美好-楊梅,2024-09-26,5262
2356,英業達,21,3,18,美好-楊梅,2024-09-26,5262
2504,國產,17,0,17,美好-楊梅,2024-09-26,5262
1303,南亞,16,0,16,美好-楊梅,2024-09-26,5262
00680L,元大美債20正2,15,0,15,美好-楊梅,2024-09-26,5262
2312,金寶,38,23,15,美好-楊梅,2024-09-26,5262
6241,易通展,16,1,15,美好-楊梅,2024-09-26,5262
8039,台虹,15,0,15,美好-楊梅,2024-09-26,5262
00795B,中信美國公債20年,13,0,13,美好-楊梅,2024-09-26,5262
1314,中石化,13,0,13,美好-楊梅,2024-09-26,5262
2362,藍天,34,21,13,美好-楊梅,2024-09-26,5262
00687B,國泰20年美債,18,6,12,美好-楊梅,2024-09-26,5262
2486,一詮,38,26,12,美好-楊梅,2024-09-26,5262
2515,中工,12,0,12,美好-楊梅,2024-09-26,5262
9105,泰金寶-DR,15,3,12,美好-楊梅,2024-09-26,5262
2408,南亞科,12,1,11,美好-楊梅,2024-09-26,5262
3707,漢磊,11,0,11,美好-楊梅,2024-09-26,5262
6274,台燿,11,0,11,美好-楊梅,2024-09-26,5262
3037,欣興,23,12,11,美好-楊梅,2024-09-26,5262
00918,大華優利高填息30,11,1,10,美好-楊梅,2024-09-26,5262
00952,凱基台灣AI50,10,0,10,美好-楊梅,2024-09-26,5262
1471,首利,10,0,10,美好-楊梅,2024-09-26,5262
2233,宇隆,10,0,10,美好-楊梅,2024-09-26,5262
3047,訊舟,16,6,10,美好-楊梅,2024-09-26,5262
3094,聯傑,15,5,10,美好-楊梅,2024-09-26,5262
3360,尚立,10,0,10,美好-楊梅,2024-09-26,5262
5460,同協,14,4,10,美好-楊梅,2024-09-26,5262
6265,方土昶,90,0,90,美好-楊梅,2024-09-27,5262
2332,友訊,50,0,50,美好-楊梅,2024-09-27,5262
1303,南亞,46,5,41,美好-楊梅,2024-09-27,5262
2491,吉祥全,39,0,39,美好-楊梅,2024-09-27,5262
6457,紘康,30,0,30,美好-楊梅,2024-09-27,5262
00751B,元大AAA至A公司債,29,0,29,美好-楊梅,2024-09-27,5262
00679B,元大美債20年,40,15,25,美好-楊梅,2024-09-27,5262
6239,力成,25,1,24,美好-楊梅,2024-09-27,5262
1809,中釉,20,0,20,美好-楊梅,2024-09-27,5262
2323,中環,30,10,20,美好-楊梅,2024-09-27,5262
2630,亞航,20,0,20,美好-楊梅,2024-09-27,5262
00960,野村全球航運龍頭,23,3,20,美好-楊梅,2024-09-27,5262
00715L,期街口布蘭特正2,17,0,17,美好-楊梅,2024-09-27,5262
00669R,國泰美國道瓊反1,15,0,15,美好-楊梅,2024-09-27,5262
3019,亞光,24,9,15,美好-楊梅,2024-09-27,5262
0056,元大高股息,15,1,14,美好-楊梅,2024-09-27,5262
00680L,元大美債20正2,14,0,14,美好-楊梅,2024-09-27,5262
8064,東捷,18,4,14,美好-楊梅,2024-09-27,5262
3363,上詮,23,10,13,美好-楊梅,2024-09-27,5262
00958B,永豐ESG銀行債15,12,0,12,美好-楊梅,2024-09-27,5262
6274,台燿,12,0,12,美好-楊梅,2024-09-27,5262
00738U,期元大道瓊白銀,10,0,10,美好-楊梅,2024-09-27,5262
1540,喬福,29,19,10,美好-楊梅,2024-09-27,5262
2883,凱基金,10,0,10,美好-楊梅,2024-09-27,5262
3038,全台,10,0,10,美好-楊梅,2024-09-27,5262
3450,聯鈞,23,13,10,美好-楊梅,2024-09-27,5262
4157,太景*-KY,10,0,10,美好-楊梅,2024-09-27,5262
4534,慶騰,10,0,10,美好-楊梅,2024-09-27,5262
6191,精成科,10,0,10,美好-楊梅,2024-09-27,5262
6592,和潤企業,10,0,10,美好-楊梅,2024-09-27,5262
9105,泰金寶-DR,11,1,10,美好-楊梅,2024-09-27,5262
2613,中櫃,30,20,10,美好-楊梅,2024-09-27,5262
3406,玉晶光,9,0,9,美好-楊梅,2024-09-27,5262
3149,正達,19,10,9,美好-楊梅,2024-09-27,5262
2383,台光電,12,3,9,美好-楊梅,2024-09-27,5262
3013,晟銘電,14,5,9,美好-楊梅,2024-09-27,5262
00891,中信關鍵半導體,10,2,8,美好-楊梅,2024-09-27,5262
00945B,凱基美國非投等債,8,0,8,美好-楊梅,2024-09-27,5262
2349,錸德,14,6,8,美好-楊梅,2024-09-27,5262
4711,永純,8,0,8,美好-楊梅,2024-09-27,5262
4967,十銓,11,3,8,美好-楊梅,2024-09-27,5262
2881,富邦金,9,1,8,美好-楊梅,2024-09-27,5262
00706L,期元大S＆P日圓正2,12,5,7,美好-楊梅,2024-09-27,5262
1229,聯華,8,1,7,美好-楊梅,2024-09-27,5262
2312,金寶,18,11,7,美好-楊梅,2024-09-27,5262
2354,鴻準,7,0,7,美好-楊梅,2024-09-27,5262
6958,日盛台駿,11,4,7,美好-楊梅,2024-09-27,5262
4729,熒茂,9,3,6,美好-楊梅,2024-09-27,5262
4542,科嶠,14,8,6,美好-楊梅,2024-09-27,5262
00905,FT臺灣Smart,6,0,6,美好-楊梅,2024-09-27,5262
2888,新光金,310,26,284,美好-楊梅,2024-09-30,5262
00680L,元大美債20正2,204,0,204,美好-楊梅,2024-09-30,5262
00946,群益科技高息成長,100,0,100,美好-楊梅,2024-09-30,5262
00919,群益台灣精選高息,89,0,89,美好-楊梅,2024-09-30,5262
2610,華航,81,4,77,美好-楊梅,2024-09-30,5262
00927,群益半導體收益,65,0,65,美好-楊梅,2024-09-30,5262
00687B,國泰20年美債,55,0,55,美好-楊梅,2024-09-30,5262
00951,台新日本半導體,50,0,50,美好-楊梅,2024-09-30,5262
00929,復華台灣科技優息,59,13,46,美好-楊梅,2024-09-30,5262
00940,元大台灣價值高息,45,1,44,美好-楊梅,2024-09-30,5262
2344,華邦電,66,24,42,美好-楊梅,2024-09-30,5262
2303,聯電,45,8,37,美好-楊梅,2024-09-30,5262
6164,華興,30,0,30,美好-楊梅,2024-09-30,5262
2605,新興,58,32,26,美好-楊梅,2024-09-30,5262
6265,方土昶,25,0,25,美好-楊梅,2024-09-30,5262
3037,欣興,29,5,24,美好-楊梅,2024-09-30,5262
2615,萬海,36,12,24,美好-楊梅,2024-09-30,5262
2356,英業達,36,14,22,美好-楊梅,2024-09-30,5262
00752,中信中國50,21,1,20,美好-楊梅,2024-09-30,5262
3607,谷崧,20,0,20,美好-楊梅,2024-09-30,5262
2313,華通,28,9,19,美好-楊梅,2024-09-30,5262
00915,凱基優選高股息30,18,0,18,美好-楊梅,2024-09-30,5262
00665L,富邦�琤肭磪囓�2,119,103,16,美好-楊梅,2024-09-30,5262
8070,長華*,16,1,15,美好-楊梅,2024-09-30,5262
5014,建錩,19,5,14,美好-楊梅,2024-09-30,5262
3017,奇鋐,18,4,14,美好-楊梅,2024-09-30,5262
6104,創惟,44,30,14,美好-楊梅,2024-09-30,5262
2330,台積電,19,6,13,美好-楊梅,2024-09-30,5262
2402,毅嘉,15,2,13,美好-楊梅,2024-09-30,5262
4716,大立,27,14,13,美好-楊梅,2024-09-30,5262
00936,台新永續高息中小,12,0,12,美好-楊梅,2024-09-30,5262
00945B,凱基美國非投等債,12,0,12,美好-楊梅,2024-09-30,5262
2349,錸德,12,0,12,美好-楊梅,2024-09-30,5262
00935,野村臺灣新科技50,11,0,11,美好-楊梅,2024-09-30,5262
2540,愛山林,11,0,11,美好-楊梅,2024-09-30,5262
2892,第一金,11,0,11,美好-楊梅,2024-09-30,5262
2014,中鴻,62,52,10,美好-楊梅,2024-09-30,5262
1313,聯成,10,0,10,美好-楊梅,2024-09-30,5262
1714,和桐,10,0,10,美好-楊梅,2024-09-30,5262
1904,正隆,10,0,10,美好-楊梅,2024-09-30,5262
2613,中櫃,12,2,10,美好-楊梅,2024-09-30,5262
3284,太普高,10,0,10,美好-楊梅,2024-09-30,5262
6026,福邦證,10,0,10,美好-楊梅,2024-09-30,5262
6152,百一,10,0,10,美好-楊梅,2024-09-30,5262
3013,晟銘電,14,4,10,美好-楊梅,2024-09-30,5262
00878,國泰永續高股息,9,0,9,美好-楊梅,2024-09-30,5262
00712,復華富時不動產,9,0,9,美好-楊梅,2024-09-30,5262
0056,元大高股息,16,7,9,美好-楊梅,2024-09-30,5262
00720B,元大投資級公司債,9,0,9,美好-楊梅,2024-09-30,5262
2312,金寶,17,8,9,美好-楊梅,2024-09-30,5262
2888,新光金,601,7,594,美好-楊梅,2024-10-01,5262
00929,復華台灣科技優息,211,1,210,美好-楊梅,2024-10-01,5262
00706L,期元大S＆P日圓正2,200,0,200,美好-楊梅,2024-10-01,5262
4906,正文,151,0,151,美好-楊梅,2024-10-01,5262
6770,力積電,118,20,98,美好-楊梅,2024-10-01,5262
2337,旺宏,83,0,83,美好-楊梅,2024-10-01,5262
00632R,元大台灣50反1,100,25,75,美好-楊梅,2024-10-01,5262
0056,元大高股息,46,0,46,美好-楊梅,2024-10-01,5262
00878,國泰永續高股息,40,0,40,美好-楊梅,2024-10-01,5262
00639,富邦深100,35,0,35,美好-楊梅,2024-10-01,5262
00946,群益科技高息成長,30,0,30,美好-楊梅,2024-10-01,5262
2316,楠梓電,35,6,29,美好-楊梅,2024-10-01,5262
00940,元大台灣價值高息,29,1,28,美好-楊梅,2024-10-01,5262
3715,定穎投控,37,10,27,美好-楊梅,2024-10-01,5262
2504,國產,25,1,24,美好-楊梅,2024-10-01,5262
2515,中工,22,0,22,美好-楊梅,2024-10-01,5262
00687B,國泰20年美債,21,0,21,美好-楊梅,2024-10-01,5262
2596,綠意,20,0,20,美好-楊梅,2024-10-01,5262
3481,群創,35,16,19,美好-楊梅,2024-10-01,5262
1301,台塑,21,2,19,美好-楊梅,2024-10-01,5262
8429,金麗-KY,30,12,18,美好-楊梅,2024-10-01,5262
2406,國碩,22,6,16,美好-楊梅,2024-10-01,5262
2009,第一銅,16,1,15,美好-楊梅,2024-10-01,5262
00919,群益台灣精選高息,24,9,15,美好-楊梅,2024-10-01,5262
1785,光洋科,18,3,15,美好-楊梅,2024-10-01,5262
2911,麗嬰房,15,0,15,美好-楊梅,2024-10-01,5262
4716,大立,57,43,14,美好-楊梅,2024-10-01,5262
00680L,元大美債20正2,13,0,13,美好-楊梅,2024-10-01,5262
2313,華通,19,6,13,美好-楊梅,2024-10-01,5262
6223,旺矽,12,0,12,美好-楊梅,2024-10-01,5262
4157,太景*-KY,11,0,11,美好-楊梅,2024-10-01,5262
2615,萬海,19,8,11,美好-楊梅,2024-10-01,5262
2812,台中銀,11,0,11,美好-楊梅,2024-10-01,5262
4566,時碩工業,10,0,10,美好-楊梅,2024-10-01,5262
00712,復華富時不動產,10,0,10,美好-楊梅,2024-10-01,5262
00666R,富邦�琤肭磪齯�1,10,0,10,美好-楊梅,2024-10-01,5262
00952,凱基台灣AI50,10,0,10,美好-楊梅,2024-10-01,5262
2887,台新金,10,0,10,美好-楊梅,2024-10-01,5262
3581,博磊,12,2,10,美好-楊梅,2024-10-01,5262
6405,悅城,13,3,10,美好-楊梅,2024-10-01,5262
2613,中櫃,10,1,9,美好-楊梅,2024-10-01,5262
00922,國泰台灣領袖50,9,0,9,美好-楊梅,2024-10-01,5262
2317,鴻海,12,3,9,美好-楊梅,2024-10-01,5262
2408,南亞科,9,0,9,美好-楊梅,2024-10-01,5262
2363,矽統,20,12,8,美好-楊梅,2024-10-01,5262
00905,FT臺灣Smart,8,0,8,美好-楊梅,2024-10-01,5262
1303,南亞,8,0,8,美好-楊梅,2024-10-01,5262
4977,眾達-KY,8,0,8,美好-楊梅,2024-10-01,5262
9945,潤泰新,8,0,8,美好-楊梅,2024-10-01,5262
00679B,元大美債20年,7,0,7,美好-楊梅,2024-10-01,5262
00706L,期元大S＆P日圓正2,304,0,304,美好-楊梅,2024-10-04,5262
2610,華航,252,2,250,美好-楊梅,2024-10-04,5262
2888,新光金,270,24,246,美好-楊梅,2024-10-04,5262
2609,陽明,117,17,100,美好-楊梅,2024-10-04,5262
2303,聯電,94,0,94,美好-楊梅,2024-10-04,5262
00919,群益台灣精選高息,96,10,86,美好-楊梅,2024-10-04,5262
6274,台燿,70,5,65,美好-楊梅,2024-10-04,5262
00712,復華富時不動產,44,0,44,美好-楊梅,2024-10-04,5262
00642U,期元大S＆P石油,55,11,44,美好-楊梅,2024-10-04,5262
2618,長榮航,56,14,42,美好-楊梅,2024-10-04,5262
00929,復華台灣科技優息,110,69,41,美好-楊梅,2024-10-04,5262
00940,元大台灣價值高息,37,1,36,美好-楊梅,2024-10-04,5262
0056,元大高股息,56,21,35,美好-楊梅,2024-10-04,5262
00679B,元大美債20年,36,2,34,美好-楊梅,2024-10-04,5262
00902,中信電池及儲能,40,6,34,美好-楊梅,2024-10-04,5262
00960,野村全球航運龍頭,40,7,33,美好-楊梅,2024-10-04,5262
6156,松上,31,0,31,美好-楊梅,2024-10-04,5262
4564,元翎,30,0,30,美好-楊梅,2024-10-04,5262
2353,宏��,29,0,29,美好-楊梅,2024-10-04,5262
2605,新興,40,11,29,美好-楊梅,2024-10-04,5262
2382,廣達,29,2,27,美好-楊梅,2024-10-04,5262
4967,十銓,27,0,27,美好-楊梅,2024-10-04,5262
2615,萬海,27,1,26,美好-楊梅,2024-10-04,5262
00937B,群益ESG投等債20,20,0,20,美好-楊梅,2024-10-04,5262
6425,易發,51,32,19,美好-楊梅,2024-10-04,5262
00948B,中信優息投資級債,18,0,18,美好-楊梅,2024-10-04,5262
3715,定穎投控,24,7,17,美好-楊梅,2024-10-04,5262
1301,台塑,35,18,17,美好-楊梅,2024-10-04,5262
3284,太普高,15,0,15,美好-楊梅,2024-10-04,5262
8249,菱光,15,1,14,美好-楊梅,2024-10-04,5262
3149,正達,36,22,14,美好-楊梅,2024-10-04,5262
2603,長榮,22,9,13,美好-楊梅,2024-10-04,5262
8039,台虹,19,6,13,美好-楊梅,2024-10-04,5262
00918,大華優利高填息30,17,5,12,美好-楊梅,2024-10-04,5262
2905,三商,12,0,12,美好-楊梅,2024-10-04,5262
2887,台新金,13,2,11,美好-楊梅,2024-10-04,5262
6770,力積電,42,31,11,美好-楊梅,2024-10-04,5262
2613,中櫃,11,0,11,美好-楊梅,2024-10-04,5262
2383,台光電,11,1,10,美好-楊梅,2024-10-04,5262
1303,南亞,20,10,10,美好-楊梅,2024-10-04,5262
00939,統一台灣高息動能,20,10,10,美好-楊梅,2024-10-04,5262
00666R,富邦�琤肭磪齯�1,10,0,10,美好-楊梅,2024-10-04,5262
00943,兆豐電子高息等權,10,0,10,美好-楊梅,2024-10-04,5262
00946,群益科技高息成長,23,13,10,美好-楊梅,2024-10-04,5262
1608,華榮,10,0,10,美好-楊梅,2024-10-04,5262
2596,綠意,10,0,10,美好-楊梅,2024-10-04,5262
2637,慧洋-KY,12,2,10,美好-楊梅,2024-10-04,5262
3707,漢磊,10,0,10,美好-楊梅,2024-10-04,5262
2543,皇昌,32,23,9,美好-楊梅,2024-10-04,5262
2354,鴻準,12,3,9,美好-楊梅,2024-10-04,5262
00688L,國泰20年美債正2,402,0,402,美好-楊梅,2024-10-07,5262
00706L,期元大S＆P日圓正2,300,5,295,美好-楊梅,2024-10-07,5262
00680L,元大美債20正2,114,0,114,美好-楊梅,2024-10-07,5262
00937B,群益ESG投等債20,106,4,102,美好-楊梅,2024-10-07,5262
2390,云辰,79,0,79,美好-楊梅,2024-10-07,5262
6164,華興,76,0,76,美好-楊梅,2024-10-07,5262
3062,建漢,71,0,71,美好-楊梅,2024-10-07,5262
00877,復華中國5G,59,0,59,美好-楊梅,2024-10-07,5262
1471,首利,59,0,59,美好-楊梅,2024-10-07,5262
00929,復華台灣科技優息,64,10,54,美好-楊梅,2024-10-07,5262
6265,方土昶,44,0,44,美好-楊梅,2024-10-07,5262
00960,野村全球航運龍頭,41,1,40,美好-楊梅,2024-10-07,5262
00637L,元大滬深300正2,54,14,40,美好-楊梅,2024-10-07,5262
3481,群創,42,4,38,美好-楊梅,2024-10-07,5262
2356,英業達,37,1,36,美好-楊梅,2024-10-07,5262
1608,華榮,35,0,35,美好-楊梅,2024-10-07,5262
2491,吉祥全,35,0,35,美好-楊梅,2024-10-07,5262
2618,長榮航,53,19,34,美好-楊梅,2024-10-07,5262
00679B,元大美債20年,41,7,34,美好-楊梅,2024-10-07,5262
8932,智通*,28,0,28,美好-楊梅,2024-10-07,5262
00643,群益深証中小,27,0,27,美好-楊梅,2024-10-07,5262
00887,永豐中國科技50大,27,1,26,美好-楊梅,2024-10-07,5262
2515,中工,25,0,25,美好-楊梅,2024-10-07,5262
3710,連展投控,25,0,25,美好-楊梅,2024-10-07,5262
2609,陽明,31,8,23,美好-楊梅,2024-10-07,5262
3591,艾笛森,25,2,23,美好-楊梅,2024-10-07,5262
00940,元大台灣價值高息,23,1,22,美好-楊梅,2024-10-07,5262
00946,群益科技高息成長,20,0,20,美好-楊梅,2024-10-07,5262
2329,華泰,21,1,20,美好-楊梅,2024-10-07,5262
2613,中櫃,27,7,20,美好-楊梅,2024-10-07,5262
2614,東森,20,0,20,美好-楊梅,2024-10-07,5262
8215,明基材,21,1,20,美好-楊梅,2024-10-07,5262
2313,華通,31,12,19,美好-楊梅,2024-10-07,5262
2887,台新金,15,0,15,美好-楊梅,2024-10-07,5262
2929,淘帝-KY,25,10,15,美好-楊梅,2024-10-07,5262
2867,三商壽,13,0,13,美好-楊梅,2024-10-07,5262
6770,力積電,132,120,12,美好-楊梅,2024-10-07,5262
00712,復華富時不動產,12,0,12,美好-楊梅,2024-10-07,5262
2349,錸德,32,20,12,美好-楊梅,2024-10-07,5262
5386,青雲,13,1,12,美好-楊梅,2024-10-07,5262
6530,創威,19,7,12,美好-楊梅,2024-10-07,5262
2009,第一銅,11,0,11,美好-楊梅,2024-10-07,5262
00882,中信中國高股息,32,21,11,美好-楊梅,2024-10-07,5262
8404,百和興業-KY,26,15,11,美好-楊梅,2024-10-07,5262
4903,聯光通,41,30,11,美好-楊梅,2024-10-07,5262
2834,臺企銀,11,0,11,美好-楊梅,2024-10-07,5262
00631L,元大台灣50正2,10,0,10,美好-楊梅,2024-10-07,5262
1220,台榮,10,0,10,美好-楊梅,2024-10-07,5262
2606,裕民,10,0,10,美好-楊梅,2024-10-07,5262
3231,緯創,18,8,10,美好-楊梅,2024-10-07,5262
2609,陽明,129,3,126,美好-楊梅,2024-10-08,5262
6164,華興,117,0,117,美好-楊梅,2024-10-08,5262
1909,榮成,103,0,103,美好-楊梅,2024-10-08,5262
00676R,富邦臺灣加權反1,100,0,100,美好-楊梅,2024-10-08,5262
00637L,元大滬深300正2,123,39,84,美好-楊梅,2024-10-08,5262
2390,云辰,71,0,71,美好-楊梅,2024-10-08,5262
00937B,群益ESG投等債20,68,4,64,美好-楊梅,2024-10-08,5262
00665L,富邦�琤肭磪囓�2,138,81,57,美好-楊梅,2024-10-08,5262
00919,群益台灣精選高息,55,0,55,美好-楊梅,2024-10-08,5262
2362,藍天,87,40,47,美好-楊梅,2024-10-08,5262
00929,復華台灣科技優息,93,52,41,美好-楊梅,2024-10-08,5262
00679B,元大美債20年,38,0,38,美好-楊梅,2024-10-08,5262
3049,精金,46,9,37,美好-楊梅,2024-10-08,5262
1314,中石化,39,6,33,美好-楊梅,2024-10-08,5262
2613,中櫃,30,0,30,美好-楊梅,2024-10-08,5262
3710,連展投控,30,0,30,美好-楊梅,2024-10-08,5262
6265,方土昶,26,0,26,美好-楊梅,2024-10-08,5262
00712,復華富時不動產,23,0,23,美好-楊梅,2024-10-08,5262
4903,聯光通,50,27,23,美好-楊梅,2024-10-08,5262
2317,鴻海,33,11,22,美好-楊梅,2024-10-08,5262
3591,艾笛森,23,1,22,美好-楊梅,2024-10-08,5262
00651R,復華香港反1,20,0,20,美好-楊梅,2024-10-08,5262
2023,燁輝,20,0,20,美好-楊梅,2024-10-08,5262
3520,華盈,20,0,20,美好-楊梅,2024-10-08,5262
3706,神達,20,0,20,美好-楊梅,2024-10-08,5262
0056,元大高股息,25,5,20,美好-楊梅,2024-10-08,5262
00878,國泰永續高股息,20,0,20,美好-楊梅,2024-10-08,5262
1471,首利,19,0,19,美好-楊梅,2024-10-08,5262
2355,敬鵬,22,3,19,美好-楊梅,2024-10-08,5262
2408,南亞科,18,1,17,美好-楊梅,2024-10-08,5262
6405,悅城,33,16,17,美好-楊梅,2024-10-08,5262
00922,國泰台灣領袖50,17,0,17,美好-楊梅,2024-10-08,5262
00951,台新日本半導體,20,3,17,美好-楊梅,2024-10-08,5262
2356,英業達,19,2,17,美好-楊梅,2024-10-08,5262
00946,群益科技高息成長,15,0,15,美好-楊梅,2024-10-08,5262
2615,萬海,22,7,15,美好-楊梅,2024-10-08,5262
2883,凱基金,15,0,15,美好-楊梅,2024-10-08,5262
2887,台新金,15,1,14,美好-楊梅,2024-10-08,5262
00940,元大台灣價值高息,25,11,14,美好-楊梅,2024-10-08,5262
2645,長榮航太,14,0,14,美好-楊梅,2024-10-08,5262
3163,波若威,18,4,14,美好-楊梅,2024-10-08,5262
1815,富喬,14,0,14,美好-楊梅,2024-10-08,5262
2303,聯電,18,5,13,美好-楊梅,2024-10-08,5262
00713,元大台灣高息低波,13,0,13,美好-楊梅,2024-10-08,5262
1809,中釉,16,3,13,美好-楊梅,2024-10-08,5262
4956,光鋐,20,7,13,美好-楊梅,2024-10-08,5262
6197,佳必琪,13,0,13,美好-楊梅,2024-10-08,5262
1785,光洋科,12,0,12,美好-楊梅,2024-10-08,5262
2419,仲琦,12,0,12,美好-楊梅,2024-10-08,5262
3481,群創,17,6,11,美好-楊梅,2024-10-08,5262
00679B,元大美債20年,252,3,249,美好-楊梅,2024-10-09,5262
1314,中石化,85,7,78,美好-楊梅,2024-10-09,5262
2002,中鋼,71,3,68,美好-楊梅,2024-10-09,5262
00687B,國泰20年美債,59,0,59,美好-楊梅,2024-10-09,5262
1220,台榮,39,0,39,美好-楊梅,2024-10-09,5262
2409,友達,38,5,33,美好-楊梅,2024-10-09,5262
00919,群益台灣精選高息,53,21,32,美好-楊梅,2024-10-09,5262
2426,鼎元,37,5,32,美好-楊梅,2024-10-09,5262
00929,復華台灣科技優息,34,3,31,美好-楊梅,2024-10-09,5262
00887,永豐中國科技50大,34,4,30,美好-楊梅,2024-10-09,5262
6265,方土昶,27,0,27,美好-楊梅,2024-10-09,5262
6164,華興,26,0,26,美好-楊梅,2024-10-09,5262
0061,元大寶滬深,25,0,25,美好-楊梅,2024-10-09,5262
2618,長榮航,24,0,24,美好-楊梅,2024-10-09,5262
00927,群益半導體收益,30,7,23,美好-楊梅,2024-10-09,5262
2399,映泰,97,74,23,美好-楊梅,2024-10-09,5262
6182,合晶,21,0,21,美好-楊梅,2024-10-09,5262
00918,大華優利高填息30,21,0,21,美好-楊梅,2024-10-09,5262
00632R,元大台灣50反1,20,0,20,美好-楊梅,2024-10-09,5262
00651R,復華香港反1,20,0,20,美好-楊梅,2024-10-09,5262
2022,聚亨,20,0,20,美好-楊梅,2024-10-09,5262
3013,晟銘電,35,15,20,美好-楊梅,2024-10-09,5262
2303,聯電,30,10,20,美好-楊梅,2024-10-09,5262
1301,台塑,18,0,18,美好-楊梅,2024-10-09,5262
4909,新復興,21,3,18,美好-楊梅,2024-10-09,5262
2605,新興,21,3,18,美好-楊梅,2024-10-09,5262
00940,元大台灣價值高息,18,0,18,美好-楊梅,2024-10-09,5262
5443,均豪,40,23,17,美好-楊梅,2024-10-09,5262
6405,悅城,18,2,16,美好-楊梅,2024-10-09,5262
2313,華通,20,5,15,美好-楊梅,2024-10-09,5262
3265,台星科,16,1,15,美好-楊梅,2024-10-09,5262
6152,百一,16,1,15,美好-楊梅,2024-10-09,5262
2603,長榮,16,1,15,美好-楊梅,2024-10-09,5262
00637L,元大滬深300正2,23,9,14,美好-楊梅,2024-10-09,5262
00665L,富邦�琤肭磪囓�2,414,400,14,美好-楊梅,2024-10-09,5262
00948B,中信優息投資級債,14,0,14,美好-楊梅,2024-10-09,5262
3025,星通,44,30,14,美好-楊梅,2024-10-09,5262
2486,一詮,35,21,14,美好-楊梅,2024-10-09,5262
00882,中信中國高股息,85,71,14,美好-楊梅,2024-10-09,5262
00680L,元大美債20正2,13,0,13,美好-楊梅,2024-10-09,5262
00712,復華富時不動產,13,0,13,美好-楊梅,2024-10-09,5262
2367,燿華,17,4,13,美好-楊梅,2024-10-09,5262
2601,益航,21,8,13,美好-楊梅,2024-10-09,5262
0056,元大高股息,16,3,13,美好-楊梅,2024-10-09,5262
00720B,元大投資級公司債,12,0,12,美好-楊梅,2024-10-09,5262
2362,藍天,44,32,12,美好-楊梅,2024-10-09,5262
1708,東鹼,12,0,12,美好-楊梅,2024-10-09,5262
2206,三陽工業,12,0,12,美好-楊梅,2024-10-09,5262
2845,遠東銀,12,0,12,美好-楊梅,2024-10-09,5262
00915,凱基優選高股息30,11,0,11,美好-楊梅,2024-10-09,5262
00907,永豐優息存股,102,0,102,美好-楊梅,2024-10-11,5262
2834,臺企銀,77,0,77,美好-楊梅,2024-10-11,5262
4958,臻鼎-KY,68,5,63,美好-楊梅,2024-10-11,5262
0056,元大高股息,45,1,44,美好-楊梅,2024-10-11,5262
00919,群益台灣精選高息,39,0,39,美好-楊梅,2024-10-11,5262
00948B,中信優息投資級債,37,0,37,美好-楊梅,2024-10-11,5262
00725B,國泰投資級公司債,35,0,35,美好-楊梅,2024-10-11,5262
00915,凱基優選高股息30,35,0,35,美好-楊梅,2024-10-11,5262
1314,中石化,32,1,31,美好-楊梅,2024-10-11,5262
2258,鴻華先進-創,30,0,30,美好-楊梅,2024-10-11,5262
00637L,元大滬深300正2,42,15,27,美好-楊梅,2024-10-11,5262
3209,全科,32,5,27,美好-楊梅,2024-10-11,5262
2887,台新金,26,1,25,美好-楊梅,2024-10-11,5262
3284,太普高,27,3,24,美好-楊梅,2024-10-11,5262
2356,英業達,33,11,22,美好-楊梅,2024-10-11,5262
5438,東友,21,0,21,美好-楊梅,2024-10-11,5262
00632R,元大台灣50反1,21,0,21,美好-楊梅,2024-10-11,5262
8011,台通,21,0,21,美好-楊梅,2024-10-11,5262
1309,台達化,20,0,20,美好-楊梅,2024-10-11,5262
1582,信錦,20,0,20,美好-楊梅,2024-10-11,5262
2303,聯電,29,10,19,美好-楊梅,2024-10-11,5262
2002,中鋼,24,6,18,美好-楊梅,2024-10-11,5262
00687B,國泰20年美債,30,13,17,美好-楊梅,2024-10-11,5262
00937B,群益ESG投等債20,17,1,16,美好-楊梅,2024-10-11,5262
2344,華邦電,35,20,15,美好-楊梅,2024-10-11,5262
2890,永豐金,14,0,14,美好-楊梅,2024-10-11,5262
4566,時碩工業,14,0,14,美好-楊梅,2024-10-11,5262
6182,合晶,13,0,13,美好-楊梅,2024-10-11,5262
00680L,元大美債20正2,12,0,12,美好-楊梅,2024-10-11,5262
1584,精剛,13,2,11,美好-楊梅,2024-10-11,5262
2388,威盛,19,8,11,美好-楊梅,2024-10-11,5262
3706,神達,20,9,11,美好-楊梅,2024-10-11,5262
8028,昇陽半導體,14,3,11,美好-楊梅,2024-10-11,5262
9921,巨大,10,0,10,美好-楊梅,2024-10-11,5262
006205,富邦上証,10,0,10,美好-楊梅,2024-10-11,5262
1316,上曜,10,0,10,美好-楊梅,2024-10-11,5262
2017,官田鋼,10,0,10,美好-楊梅,2024-10-11,5262
2023,燁輝,10,0,10,美好-楊梅,2024-10-11,5262
5347,世界,20,10,10,美好-楊梅,2024-10-11,5262
8021,尖點,11,1,10,美好-楊梅,2024-10-11,5262
3481,群創,13,4,9,美好-楊梅,2024-10-11,5262
2618,長榮航,10,1,9,美好-楊梅,2024-10-11,5262
2601,益航,10,1,9,美好-楊梅,2024-10-11,5262
5443,均豪,22,13,9,美好-楊梅,2024-10-11,5262
9945,潤泰新,10,1,9,美好-楊梅,2024-10-11,5262
2449,京元電子,39,30,9,美好-楊梅,2024-10-11,5262
3149,正達,61,52,9,美好-楊梅,2024-10-11,5262
1815,富喬,14,6,8,美好-楊梅,2024-10-11,5262
2354,鴻準,9,1,8,美好-楊梅,2024-10-11,5262
2596,綠意,8,0,8,美好-楊梅,2024-10-11,5262
2887,台新金,66,2,64,美好-楊梅,2024-10-14,5262
00953B,群益優選非投等債,60,0,60,美好-楊梅,2024-10-14,5262
9105,泰金寶-DR,52,2,50,美好-楊梅,2024-10-14,5262
00679B,元大美債20年,52,2,50,美好-楊梅,2024-10-14,5262
00887,永豐中國科技50大,46,0,46,美好-楊梅,2024-10-14,5262
1611,中電,44,0,44,美好-楊梅,2024-10-14,5262
00712,復華富時不動產,41,5,36,美好-楊梅,2024-10-14,5262
2312,金寶,53,20,33,美好-楊梅,2024-10-14,5262
00639,富邦深100,31,1,30,美好-楊梅,2024-10-14,5262
00937B,群益ESG投等債20,30,0,30,美好-楊梅,2024-10-14,5262
00665L,富邦�琤肭磪囓�2,331,301,30,美好-楊梅,2024-10-14,5262
0056,元大高股息,36,10,26,美好-楊梅,2024-10-14,5262
00687B,國泰20年美債,32,6,26,美好-楊梅,2024-10-14,5262
00929,復華台灣科技優息,34,9,25,美好-楊梅,2024-10-14,5262
00943,兆豐電子高息等權,23,0,23,美好-楊梅,2024-10-14,5262
00948B,中信優息投資級債,23,0,23,美好-楊梅,2024-10-14,5262
2618,長榮航,23,0,23,美好-楊梅,2024-10-14,5262
00680L,元大美債20正2,20,0,20,美好-楊梅,2024-10-14,5262
2402,毅嘉,22,2,20,美好-楊梅,2024-10-14,5262
00720B,元大投資級公司債,15,0,15,美好-楊梅,2024-10-14,5262
2206,三陽工業,19,4,15,美好-楊梅,2024-10-14,5262
2882,國泰金,15,0,15,美好-楊梅,2024-10-14,5262
3284,太普高,17,2,15,美好-楊梅,2024-10-14,5262
1326,台化,24,10,14,美好-楊梅,2024-10-14,5262
3711,日月光投控,16,2,14,美好-楊梅,2024-10-14,5262
2330,台積電,15,2,13,美好-楊梅,2024-10-14,5262
2426,鼎元,49,36,13,美好-楊梅,2024-10-14,5262
3049,精金,145,133,12,美好-楊梅,2024-10-14,5262
2317,鴻海,18,6,12,美好-楊梅,2024-10-14,5262
4903,聯光通,14,3,11,美好-楊梅,2024-10-14,5262
5880,合庫金,11,0,11,美好-楊梅,2024-10-14,5262
00632R,元大台灣50反1,10,0,10,美好-楊梅,2024-10-14,5262
5347,世界,10,0,10,美好-楊梅,2024-10-14,5262
9945,潤泰新,10,0,10,美好-楊梅,2024-10-14,5262
2002,中鋼,9,0,9,美好-楊梅,2024-10-14,5262
3390,旭軟,11,2,9,美好-楊梅,2024-10-14,5262
2349,錸德,12,3,9,美好-楊梅,2024-10-14,5262
2601,益航,10,2,8,美好-楊梅,2024-10-14,5262
1316,上曜,7,0,7,美好-楊梅,2024-10-14,5262
2867,三商壽,7,0,7,美好-楊梅,2024-10-14,5262
3380,明泰,8,1,7,美好-楊梅,2024-10-14,5262
6605,帝寶,6,0,6,美好-楊梅,2024-10-14,5262
1536,和大,6,0,6,美好-楊梅,2024-10-14,5262
2511,太子,6,0,6,美好-楊梅,2024-10-14,5262
2834,臺企銀,6,0,6,美好-楊梅,2024-10-14,5262
4303,信立,6,0,6,美好-楊梅,2024-10-14,5262
5871,中租-KY,6,0,6,美好-楊梅,2024-10-14,5262
6782,視陽,6,0,6,美好-楊梅,2024-10-14,5262
00933B,國泰10Y+金融債,5,0,5,美好-楊梅,2024-10-14,5262
00942B,台新美A公司債20+,5,0,5,美好-楊梅,2024-10-14,5262
00632R,元大台灣50反1,356,30,326,美好-楊梅,2024-10-15,5262
00937B,群益ESG投等債20,179,21,158,美好-楊梅,2024-10-15,5262
00680L,元大美債20正2,122,0,122,美好-楊梅,2024-10-15,5262
00687B,國泰20年美債,118,5,113,美好-楊梅,2024-10-15,5262
3049,精金,130,20,110,美好-楊梅,2024-10-15,5262
3062,建漢,123,19,104,美好-楊梅,2024-10-15,5262
2313,華通,104,6,98,美好-楊梅,2024-10-15,5262
00751B,元大AAA至A公司債,70,0,70,美好-楊梅,2024-10-15,5262
00887,永豐中國科技50大,38,3,35,美好-楊梅,2024-10-15,5262
00725B,國泰投資級公司債,33,0,33,美好-楊梅,2024-10-15,5262
00715L,期街口布蘭特正2,33,0,33,美好-楊梅,2024-10-15,5262
00912,中信臺灣智慧50,25,1,24,美好-楊梅,2024-10-15,5262
5452,佶優,67,44,23,美好-楊梅,2024-10-15,5262
2312,金寶,44,21,23,美好-楊梅,2024-10-15,5262
3149,正達,62,39,23,美好-楊梅,2024-10-15,5262
2303,聯電,22,0,22,美好-楊梅,2024-10-15,5262
0056,元大高股息,25,3,22,美好-楊梅,2024-10-15,5262
2258,鴻華先進-創,20,0,20,美好-楊梅,2024-10-15,5262
00933B,國泰10Y+金融債,17,0,17,美好-楊梅,2024-10-15,5262
3163,波若威,18,3,15,美好-楊梅,2024-10-15,5262
3715,定穎投控,20,5,15,美好-楊梅,2024-10-15,5262
2426,鼎元,24,10,14,美好-楊梅,2024-10-15,5262
2399,映泰,50,37,13,美好-楊梅,2024-10-15,5262
6530,創威,23,11,12,美好-楊梅,2024-10-15,5262
00637L,元大滬深300正2,12,1,11,美好-楊梅,2024-10-15,5262
00948B,中信優息投資級債,10,0,10,美好-楊梅,2024-10-15,5262
3013,晟銘電,18,8,10,美好-楊梅,2024-10-15,5262
2332,友訊,10,1,9,美好-楊梅,2024-10-15,5262
5484,慧友,9,0,9,美好-楊梅,2024-10-15,5262
6425,易發,22,13,9,美好-楊梅,2024-10-15,5262
1301,台塑,12,4,8,美好-楊梅,2024-10-15,5262
1524,耿鼎,10,2,8,美好-楊梅,2024-10-15,5262
8028,昇陽半導體,13,5,8,美好-楊梅,2024-10-15,5262
2887,台新金,7,0,7,美好-楊梅,2024-10-15,5262
00922,國泰台灣領袖50,7,0,7,美好-楊梅,2024-10-15,5262
00943,兆豐電子高息等權,6,0,6,美好-楊梅,2024-10-15,5262
1522,堤維西,7,1,6,美好-楊梅,2024-10-15,5262
2408,南亞科,7,1,6,美好-楊梅,2024-10-15,5262
4924,欣厚-KY,6,0,6,美好-楊梅,2024-10-15,5262
6290,良維,6,0,6,美好-楊梅,2024-10-15,5262
8043,蜜望實,6,0,6,美好-楊梅,2024-10-15,5262
2363,矽統,42,36,6,美好-楊梅,2024-10-15,5262
2482,連宇,5,0,5,美好-楊梅,2024-10-15,5262
3047,訊舟,21,16,5,美好-楊梅,2024-10-15,5262
3615,安可,7,2,5,美好-楊梅,2024-10-15,5262
5258,虹堡,5,0,5,美好-楊梅,2024-10-15,5262
6140,訊達,5,0,5,美好-楊梅,2024-10-15,5262
6279,胡連,5,0,5,美好-楊梅,2024-10-15,5262
8021,尖點,9,4,5,美好-楊梅,2024-10-15,5262
8926,台汽電,5,0,5,美好-楊梅,2024-10-15,5262
00680L,元大美債20正2,158,0,158,美好-楊梅,2024-10-16,5262
0056,元大高股息,149,2,147,美好-楊梅,2024-10-16,5262
00922,國泰台灣領袖50,118,0,118,美好-楊梅,2024-10-16,5262
6141,柏承,109,0,109,美好-楊梅,2024-10-16,5262
1471,首利,74,0,74,美好-楊梅,2024-10-16,5262
00919,群益台灣精選高息,81,16,65,美好-楊梅,2024-10-16,5262
6226,光鼎,63,0,63,美好-楊梅,2024-10-16,5262
6265,方土昶,63,0,63,美好-楊梅,2024-10-16,5262
00951,台新日本半導體,42,0,42,美好-楊梅,2024-10-16,5262
2258,鴻華先進-創,40,0,40,美好-楊梅,2024-10-16,5262
2390,云辰,39,1,38,美好-楊梅,2024-10-16,5262
00713,元大台灣高息低波,35,3,32,美好-楊梅,2024-10-16,5262
6770,力積電,82,50,32,美好-楊梅,2024-10-16,5262
2887,台新金,31,0,31,美好-楊梅,2024-10-16,5262
6274,台燿,27,0,27,美好-楊梅,2024-10-16,5262
6241,易通展,27,0,27,美好-楊梅,2024-10-16,5262
00900,富邦特選高股息30,25,0,25,美好-楊梅,2024-10-16,5262
2888,新光金,22,0,22,美好-楊梅,2024-10-16,5262
3576,聯合再生,22,0,22,美好-楊梅,2024-10-16,5262
00887,永豐中國科技50大,21,1,20,美好-楊梅,2024-10-16,5262
2303,聯電,20,0,20,美好-楊梅,2024-10-16,5262
00935,野村臺灣新科技50,20,0,20,美好-楊梅,2024-10-16,5262
00878,國泰永續高股息,23,3,20,美好-楊梅,2024-10-16,5262
8043,蜜望實,19,0,19,美好-楊梅,2024-10-16,5262
2491,吉祥全,18,0,18,美好-楊梅,2024-10-16,5262
2542,興富發,18,0,18,美好-楊梅,2024-10-16,5262
5450,南良,15,0,15,美好-楊梅,2024-10-16,5262
5522,遠雄,15,0,15,美好-楊梅,2024-10-16,5262
9927,泰銘,15,0,15,美好-楊梅,2024-10-16,5262
00943,兆豐電子高息等權,14,0,14,美好-楊梅,2024-10-16,5262
1605,華新,14,0,14,美好-楊梅,2024-10-16,5262
00687B,國泰20年美債,13,0,13,美好-楊梅,2024-10-16,5262
2455,全新,15,2,13,美好-楊梅,2024-10-16,5262
3189,景碩,15,2,13,美好-楊梅,2024-10-16,5262
3715,定穎投控,14,1,13,美好-楊梅,2024-10-16,5262
5438,東友,13,0,13,美好-楊梅,2024-10-16,5262
2897,王道銀行,12,0,12,美好-楊梅,2024-10-16,5262
3354,律勝,14,2,12,美好-楊梅,2024-10-16,5262
6290,良維,12,0,12,美好-楊梅,2024-10-16,5262
2883,凱基金,21,10,11,美好-楊梅,2024-10-16,5262
3498,陽程,18,7,11,美好-楊梅,2024-10-16,5262
3710,連展投控,11,1,10,美好-楊梅,2024-10-16,5262
00688L,國泰20年美債正2,10,0,10,美好-楊梅,2024-10-16,5262
00948B,中信優息投資級債,10,0,10,美好-楊梅,2024-10-16,5262
00952,凱基台灣AI50,10,0,10,美好-楊梅,2024-10-16,5262
1304,台聚,10,0,10,美好-楊梅,2024-10-16,5262
2402,毅嘉,10,0,10,美好-楊梅,2024-10-16,5262
8097,常珵,22,12,10,美好-楊梅,2024-10-16,5262
6168,宏齊,16,6,10,美好-楊梅,2024-10-16,5262
3017,奇鋐,18,8,10,美好-楊梅,2024-10-16,5262
00715L,期街口布蘭特正2,80,0,80,美好-楊梅,2024-10-17,5262
00922,國泰台灣領袖50,74,0,74,美好-楊梅,2024-10-17,5262
0056,元大高股息,61,0,61,美好-楊梅,2024-10-17,5262
00887,永豐中國科技50大,65,7,58,美好-楊梅,2024-10-17,5262
00882,中信中國高股息,53,0,53,美好-楊梅,2024-10-17,5262
00676R,富邦臺灣加權反1,50,0,50,美好-楊梅,2024-10-17,5262
2515,中工,35,2,33,美好-楊梅,2024-10-17,5262
8240,華宏,36,10,26,美好-楊梅,2024-10-17,5262
00919,群益台灣精選高息,27,2,25,美好-楊梅,2024-10-17,5262
4956,光鋐,21,0,21,美好-楊梅,2024-10-17,5262
6186,新潤,22,1,21,美好-楊梅,2024-10-17,5262
00918,大華優利高填息30,25,5,20,美好-楊梅,2024-10-17,5262
00651R,復華香港反1,20,0,20,美好-楊梅,2024-10-17,5262
00639,富邦深100,20,0,20,美好-楊梅,2024-10-17,5262
2204,中華,21,5,16,美好-楊梅,2024-10-17,5262
00951,台新日本半導體,16,0,16,美好-楊梅,2024-10-17,5262
3062,建漢,25,9,16,美好-楊梅,2024-10-17,5262
5452,佶優,43,27,16,美好-楊梅,2024-10-17,5262
8097,常珵,18,2,16,美好-楊梅,2024-10-17,5262
00637L,元大滬深300正2,17,2,15,美好-楊梅,2024-10-17,5262
3498,陽程,25,12,13,美好-楊梅,2024-10-17,5262
3605,宏致,13,0,13,美好-楊梅,2024-10-17,5262
6274,台燿,17,4,13,美好-楊梅,2024-10-17,5262
2303,聯電,12,0,12,美好-楊梅,2024-10-17,5262
1708,東鹼,12,0,12,美好-楊梅,2024-10-17,5262
2356,英業達,31,19,12,美好-楊梅,2024-10-17,5262
8111,立��,15,3,12,美好-楊梅,2024-10-17,5262
2421,建準,15,3,12,美好-楊梅,2024-10-17,5262
00953B,群益優選非投等債,10,0,10,美好-楊梅,2024-10-17,5262
00935,野村臺灣新科技50,10,0,10,美好-楊梅,2024-10-17,5262
00943,兆豐電子高息等權,10,0,10,美好-楊梅,2024-10-17,5262
2258,鴻華先進-創,10,0,10,美好-楊梅,2024-10-17,5262
2371,大同,10,0,10,美好-楊梅,2024-10-17,5262
2897,王道銀行,10,0,10,美好-楊梅,2024-10-17,5262
3511,矽瑪,12,2,10,美好-楊梅,2024-10-17,5262
2412,中華電,9,0,9,美好-楊梅,2024-10-17,5262
2618,長榮航,12,3,9,美好-楊梅,2024-10-17,5262
2891,中信金,9,0,9,美好-楊梅,2024-10-17,5262
5014,建錩,10,1,9,美好-楊梅,2024-10-17,5262
5202,力新,9,0,9,美好-楊梅,2024-10-17,5262
1101,台泥,8,0,8,美好-楊梅,2024-10-17,5262
1314,中石化,19,11,8,美好-楊梅,2024-10-17,5262
2399,映泰,41,33,8,美好-楊梅,2024-10-17,5262
4903,聯光通,20,12,8,美好-楊梅,2024-10-17,5262
4909,新復興,13,5,8,美好-楊梅,2024-10-17,5262
3036,文曄,8,0,8,美好-楊梅,2024-10-17,5262
4306,炎洲,8,0,8,美好-楊梅,2024-10-17,5262
1524,耿鼎,7,0,7,美好-楊梅,2024-10-17,5262
2491,吉祥全,7,0,7,美好-楊梅,2024-10-17,5262
3430,奇鈦科,12,5,7,美好-楊梅,2024-10-17,5262
00676R,富邦臺灣加權反1,151,1,150,美好-楊梅,2024-10-18,5262
2303,聯電,109,14,95,美好-楊梅,2024-10-18,5262
4960,誠美材,80,0,80,美好-楊梅,2024-10-18,5262
3062,建漢,62,8,54,美好-楊梅,2024-10-18,5262
2867,三商壽,68,14,54,美好-楊梅,2024-10-18,5262
00665L,富邦�琤肭磪囓�2,51,1,50,美好-楊梅,2024-10-18,5262
00960,野村全球航運龍頭,50,1,49,美好-楊梅,2024-10-18,5262
00679B,元大美債20年,59,10,49,美好-楊梅,2024-10-18,5262
00632R,元大台灣50反1,411,365,46,美好-楊梅,2024-10-18,5262
0056,元大高股息,47,4,43,美好-楊梅,2024-10-18,5262
1314,中石化,36,5,31,美好-楊梅,2024-10-18,5262
4562,穎漢,45,18,27,美好-楊梅,2024-10-18,5262
2355,敬鵬,26,0,26,美好-楊梅,2024-10-18,5262
5347,世界,23,0,23,美好-楊梅,2024-10-18,5262
00919,群益台灣精選高息,23,1,22,美好-楊梅,2024-10-18,5262
1101,台泥,21,0,21,美好-楊梅,2024-10-18,5262
3450,聯鈞,29,8,21,美好-楊梅,2024-10-18,5262
00937B,群益ESG投等債20,20,0,20,美好-楊梅,2024-10-18,5262
3284,太普高,20,0,20,美好-楊梅,2024-10-18,5262
2349,錸德,20,1,19,美好-楊梅,2024-10-18,5262
3162,精確,21,3,18,美好-楊梅,2024-10-18,5262
00687B,國泰20年美債,23,5,18,美好-楊梅,2024-10-18,5262
00951,台新日本半導體,18,0,18,美好-楊梅,2024-10-18,5262
3231,緯創,30,13,17,美好-楊梅,2024-10-18,5262
4906,正文,16,0,16,美好-楊梅,2024-10-18,5262
00941,中信上游半導體,16,1,15,美好-楊梅,2024-10-18,5262
1711,永光,23,8,15,美好-楊梅,2024-10-18,5262
6189,豐藝,15,0,15,美好-楊梅,2024-10-18,5262
3615,安可,22,8,14,美好-楊梅,2024-10-18,5262
00637L,元大滬深300正2,25,12,13,美好-楊梅,2024-10-18,5262
1528,恩德,17,4,13,美好-楊梅,2024-10-18,5262
00927,群益半導體收益,15,3,12,美好-楊梅,2024-10-18,5262
00948B,中信優息投資級債,12,0,12,美好-楊梅,2024-10-18,5262
1809,中釉,12,0,12,美好-楊梅,2024-10-18,5262
2344,華邦電,88,76,12,美好-楊梅,2024-10-18,5262
1785,光洋科,11,0,11,美好-楊梅,2024-10-18,5262
00933B,國泰10Y+金融債,15,5,10,美好-楊梅,2024-10-18,5262
00950B,凱基A級公司債,10,0,10,美好-楊梅,2024-10-18,5262
1326,台化,10,0,10,美好-楊梅,2024-10-18,5262
2020,美亞,10,0,10,美好-楊梅,2024-10-18,5262
6191,精成科,10,0,10,美好-楊梅,2024-10-18,5262
6658,聯策,51,41,10,美好-楊梅,2024-10-18,5262
00751B,元大AAA至A公司債,10,0,10,美好-楊梅,2024-10-18,5262
2356,英業達,19,10,9,美好-楊梅,2024-10-18,5262
6290,良維,9,0,9,美好-楊梅,2024-10-18,5262
2399,映泰,30,21,9,美好-楊梅,2024-10-18,5262
3580,友威科,12,3,9,美好-楊梅,2024-10-18,5262
3689,湧德,8,0,8,美好-楊梅,2024-10-18,5262
00795B,中信美國公債20年,8,0,8,美好-楊梅,2024-10-18,5262
4977,眾達-KY,9,1,8,美好-楊梅,2024-10-18,5262
00676R,富邦臺灣加權反1,100,0,100,美好-楊梅,2024-10-21,5262
00905,FT臺灣Smart,85,0,85,美好-楊梅,2024-10-21,5262
00715L,期街口布蘭特正2,81,0,81,美好-楊梅,2024-10-21,5262
00679B,元大美債20年,40,5,35,美好-楊梅,2024-10-21,5262
1312,國喬,35,2,33,美好-楊梅,2024-10-21,5262
00937B,群益ESG投等債20,33,0,33,美好-楊梅,2024-10-21,5262
2303,聯電,31,1,30,美好-楊梅,2024-10-21,5262
00725B,國泰投資級公司債,28,0,28,美好-楊梅,2024-10-21,5262
00887,永豐中國科技50大,29,1,28,美好-楊梅,2024-10-21,5262
00921,兆豐龍頭等權重,25,0,25,美好-楊梅,2024-10-21,5262
0056,元大高股息,27,2,25,美好-楊梅,2024-10-21,5262
2891,中信金,34,10,24,美好-楊梅,2024-10-21,5262
00919,群益台灣精選高息,23,0,23,美好-楊梅,2024-10-21,5262
6770,力積電,21,0,21,美好-楊梅,2024-10-21,5262
9907,統一實,20,0,20,美好-楊梅,2024-10-21,5262
2332,友訊,20,1,19,美好-楊梅,2024-10-21,5262
00878,國泰永續高股息,21,4,17,美好-楊梅,2024-10-21,5262
2317,鴻海,31,14,17,美好-楊梅,2024-10-21,5262
1303,南亞,17,0,17,美好-楊梅,2024-10-21,5262
6191,精成科,20,4,16,美好-楊梅,2024-10-21,5262
6274,台燿,17,1,16,美好-楊梅,2024-10-21,5262
2883,凱基金,16,1,15,美好-楊梅,2024-10-21,5262
00722B,群益投資級電信債,15,0,15,美好-楊梅,2024-10-21,5262
6005,群益證,15,0,15,美好-楊梅,2024-10-21,5262
3013,晟銘電,37,24,13,美好-楊梅,2024-10-21,5262
1326,台化,14,1,13,美好-楊梅,2024-10-21,5262
3481,群創,16,4,12,美好-楊梅,2024-10-21,5262
3576,聯合再生,12,0,12,美好-楊梅,2024-10-21,5262
6425,易發,18,6,12,美好-楊梅,2024-10-21,5262
2449,京元電子,18,7,11,美好-楊梅,2024-10-21,5262
00948B,中信優息投資級債,11,0,11,美好-楊梅,2024-10-21,5262
00881,國泰台灣5G+,12,2,10,美好-楊梅,2024-10-21,5262
2323,中環,10,0,10,美好-楊梅,2024-10-21,5262
3213,茂訊,10,0,10,美好-楊梅,2024-10-21,5262
3591,艾笛森,10,0,10,美好-楊梅,2024-10-21,5262
4707,磐亞,10,0,10,美好-楊梅,2024-10-21,5262
2354,鴻準,17,8,9,美好-楊梅,2024-10-21,5262
1314,中石化,10,1,9,美好-楊梅,2024-10-21,5262
2387,精元,10,1,9,美好-楊梅,2024-10-21,5262
6279,胡連,9,0,9,美好-楊梅,2024-10-21,5262
6532,瑞耘,9,0,9,美好-楊梅,2024-10-21,5262
00751B,元大AAA至A公司債,8,0,8,美好-楊梅,2024-10-21,5262
00953B,群益優選非投等債,8,0,8,美好-楊梅,2024-10-21,5262
1540,喬福,19,11,8,美好-楊梅,2024-10-21,5262
1582,信錦,14,6,8,美好-楊梅,2024-10-21,5262
1721,三晃,9,1,8,美好-楊梅,2024-10-21,5262
4903,聯光通,14,6,8,美好-楊梅,2024-10-21,5262
2312,金寶,16,9,7,美好-楊梅,2024-10-21,5262
2359,所羅門,7,0,7,美好-楊梅,2024-10-21,5262
2882,國泰金,6,0,6,美好-楊梅,2024-10-21,5262
00665L,富邦�琤肭磪囓�2,148,0,148,美好-楊梅,2024-10-22,5262
00959B,大華投等美債15Y+,110,0,110,美好-楊梅,2024-10-22,5262
2888,新光金,202,105,97,美好-楊梅,2024-10-22,5262
00937B,群益ESG投等債20,108,21,87,美好-楊梅,2024-10-22,5262
00948B,中信優息投資級債,49,1,48,美好-楊梅,2024-10-22,5262
00687B,國泰20年美債,60,15,45,美好-楊梅,2024-10-22,5262
00679B,元大美債20年,59,15,44,美好-楊梅,2024-10-22,5262
2867,三商壽,40,1,39,美好-楊梅,2024-10-22,5262
00751B,元大AAA至A公司債,33,0,33,美好-楊梅,2024-10-22,5262
00887,永豐中國科技50大,35,3,32,美好-楊梅,2024-10-22,5262
00951,台新日本半導體,32,0,32,美好-楊梅,2024-10-22,5262
2258,鴻華先進-創,30,0,30,美好-楊梅,2024-10-22,5262
00931B,統一美債20年,24,0,24,美好-楊梅,2024-10-22,5262
9105,泰金寶-DR,25,2,23,美好-楊梅,2024-10-22,5262
2312,金寶,28,8,20,美好-楊梅,2024-10-22,5262
00651R,復華香港反1,20,0,20,美好-楊梅,2024-10-22,5262
2887,台新金,20,0,20,美好-楊梅,2024-10-22,5262
9907,統一實,20,1,19,美好-楊梅,2024-10-22,5262
2313,華通,31,13,18,美好-楊梅,2024-10-22,5262
00950B,凱基A級公司債,17,0,17,美好-楊梅,2024-10-22,5262
6246,臺龍,31,14,17,美好-楊梅,2024-10-22,5262
3535,晶彩科,23,7,16,美好-楊梅,2024-10-22,5262
6168,宏齊,31,16,15,美好-楊梅,2024-10-22,5262
3615,安可,28,13,15,美好-楊梅,2024-10-22,5262
3011,今皓,23,9,14,美好-楊梅,2024-10-22,5262
2359,所羅門,25,12,13,美好-楊梅,2024-10-22,5262
1301,台塑,13,0,13,美好-楊梅,2024-10-22,5262
1905,華紙,12,0,12,美好-楊梅,2024-10-22,5262
3189,景碩,30,18,12,美好-楊梅,2024-10-22,5262
4562,穎漢,14,2,12,美好-楊梅,2024-10-22,5262
3149,正達,41,30,11,美好-楊梅,2024-10-22,5262
00680L,元大美債20正2,10,0,10,美好-楊梅,2024-10-22,5262
00943,兆豐電子高息等權,10,0,10,美好-楊梅,2024-10-22,5262
1815,富喬,16,6,10,美好-楊梅,2024-10-22,5262
2491,吉祥全,10,0,10,美好-楊梅,2024-10-22,5262
2855,統一證,10,0,10,美好-楊梅,2024-10-22,5262
3287,廣寰科,13,3,10,美好-楊梅,2024-10-22,5262
4967,十銓,11,1,10,美好-楊梅,2024-10-22,5262
8076,伍豐,10,0,10,美好-楊梅,2024-10-22,5262
6265,方土昶,10,0,10,美好-楊梅,2024-10-22,5262
00795B,中信美國公債20年,9,0,9,美好-楊梅,2024-10-22,5262
00915,凱基優選高股息30,10,1,9,美好-楊梅,2024-10-22,5262
3230,錦明,9,0,9,美好-楊梅,2024-10-22,5262
3402,漢科,10,1,9,美好-楊梅,2024-10-22,5262
8043,蜜望實,14,5,9,美好-楊梅,2024-10-22,5262
3581,博磊,10,1,9,美好-楊梅,2024-10-22,5262
2330,台積電,10,1,9,美好-楊梅,2024-10-22,5262
1781,合世,8,0,8,美好-楊梅,2024-10-22,5262
4510,高鋒,9,1,8,美好-楊梅,2024-10-22,5262
5475,德宏,8,0,8,美好-楊梅,2024-10-22,5262
00951,台新日本半導體,86,0,86,美好-楊梅,2024-10-23,5262
2367,燿華,83,1,82,美好-楊梅,2024-10-23,5262
6770,力積電,187,111,76,美好-楊梅,2024-10-23,5262
00932,兆豐永續高息等權,50,0,50,美好-楊梅,2024-10-23,5262
00915,凱基優選高股息30,44,0,44,美好-楊梅,2024-10-23,5262
00712,復華富時不動產,34,0,34,美好-楊梅,2024-10-23,5262
00918,大華優利高填息30,31,0,31,美好-楊梅,2024-10-23,5262
2303,聯電,31,1,30,美好-楊梅,2024-10-23,5262
00960,野村全球航運龍頭,30,0,30,美好-楊梅,2024-10-23,5262
1314,中石化,28,1,27,美好-楊梅,2024-10-23,5262
00919,群益台灣精選高息,27,1,26,美好-楊梅,2024-10-23,5262
00679B,元大美債20年,28,2,26,美好-楊梅,2024-10-23,5262
2312,金寶,34,10,24,美好-楊梅,2024-10-23,5262
3231,緯創,27,6,21,美好-楊梅,2024-10-23,5262
00929,復華台灣科技優息,32,12,20,美好-楊梅,2024-10-23,5262
00927,群益半導體收益,20,0,20,美好-楊梅,2024-10-23,5262
2258,鴻華先進-創,20,0,20,美好-楊梅,2024-10-23,5262
2888,新光金,19,0,19,美好-楊梅,2024-10-23,5262
0056,元大高股息,18,1,17,美好-楊梅,2024-10-23,5262
00959B,大華投等美債15Y+,16,0,16,美好-楊梅,2024-10-23,5262
2495,普安,22,6,16,美好-楊梅,2024-10-23,5262
00795B,中信美國公債20年,15,0,15,美好-楊梅,2024-10-23,5262
3049,精金,15,0,15,美好-楊梅,2024-10-23,5262
00725B,國泰投資級公司債,14,0,14,美好-楊梅,2024-10-23,5262
1301,台塑,15,1,14,美好-楊梅,2024-10-23,5262
00878,國泰永續高股息,13,0,13,美好-楊梅,2024-10-23,5262
2891,中信金,16,3,13,美好-楊梅,2024-10-23,5262
6156,松上,28,15,13,美好-楊梅,2024-10-23,5262
1711,永光,15,2,13,美好-楊梅,2024-10-23,5262
3293,鈊象,12,0,12,美好-楊梅,2024-10-23,5262
00948B,中信優息投資級債,12,0,12,美好-楊梅,2024-10-23,5262
2313,華通,18,6,12,美好-楊梅,2024-10-23,5262
2317,鴻海,20,8,12,美好-楊梅,2024-10-23,5262
2329,華泰,52,41,11,美好-楊梅,2024-10-23,5262
2855,統一證,11,0,11,美好-楊梅,2024-10-23,5262
5315,光聯,17,6,11,美好-楊梅,2024-10-23,5262
5347,世界,11,0,11,美好-楊梅,2024-10-23,5262
5522,遠雄,11,0,11,美好-楊梅,2024-10-23,5262
6202,盛群,11,0,11,美好-楊梅,2024-10-23,5262
2887,台新金,12,1,11,美好-楊梅,2024-10-23,5262
00900,富邦特選高股息30,10,0,10,美好-楊梅,2024-10-23,5262
1234,黑松,10,0,10,美好-楊梅,2024-10-23,5262
1903,士紙,10,0,10,美好-楊梅,2024-10-23,5262
2897,王道銀行,10,0,10,美好-楊梅,2024-10-23,5262
3372,典範,15,5,10,美好-楊梅,2024-10-23,5262
6191,精成科,10,0,10,美好-楊梅,2024-10-23,5262
6530,創威,14,4,10,美好-楊梅,2024-10-23,5262
2383,台光電,13,3,10,美好-楊梅,2024-10-23,5262
2369,菱生,13,3,10,美好-楊梅,2024-10-23,5262
4967,十銓,10,1,9,美好-楊梅,2024-10-23,5262
00665L,富邦�琤肭磪囓�2,126,36,90,美好-楊梅,2024-10-24,5262
6265,方土昶,83,0,83,美好-楊梅,2024-10-24,5262
2834,臺企銀,71,2,69,美好-楊梅,2024-10-24,5262
00637L,元大滬深300正2,59,0,59,美好-楊梅,2024-10-24,5262
2303,聯電,58,0,58,美好-楊梅,2024-10-24,5262
00937B,群益ESG投等債20,62,5,57,美好-楊梅,2024-10-24,5262
0056,元大高股息,38,0,38,美好-楊梅,2024-10-24,5262
2317,鴻海,38,9,29,美好-楊梅,2024-10-24,5262
2363,矽統,29,1,28,美好-楊梅,2024-10-24,5262
1471,首利,32,5,27,美好-楊梅,2024-10-24,5262
00680L,元大美債20正2,25,0,25,美好-楊梅,2024-10-24,5262
1528,恩德,81,57,24,美好-楊梅,2024-10-24,5262
4306,炎洲,23,0,23,美好-楊梅,2024-10-24,5262
00919,群益台灣精選高息,24,1,23,美好-楊梅,2024-10-24,5262
2867,三商壽,22,0,22,美好-楊梅,2024-10-24,5262
00915,凱基優選高股息30,22,1,21,美好-楊梅,2024-10-24,5262
3049,精金,23,2,21,美好-楊梅,2024-10-24,5262
1903,士紙,20,0,20,美好-楊梅,2024-10-24,5262
2329,華泰,24,4,20,美好-楊梅,2024-10-24,5262
2388,威盛,22,3,19,美好-楊梅,2024-10-24,5262
00927,群益半導體收益,19,0,19,美好-楊梅,2024-10-24,5262
1234,黑松,18,0,18,美好-楊梅,2024-10-24,5262
3037,欣興,21,3,18,美好-楊梅,2024-10-24,5262
2312,金寶,35,18,17,美好-楊梅,2024-10-24,5262
3035,智原,17,0,17,美好-楊梅,2024-10-24,5262
00878,國泰永續高股息,21,5,16,美好-楊梅,2024-10-24,5262
1522,堤維西,19,3,16,美好-楊梅,2024-10-24,5262
2458,義隆,17,1,16,美好-楊梅,2024-10-24,5262
00905,FT臺灣Smart,16,0,16,美好-楊梅,2024-10-24,5262
1314,中石化,15,0,15,美好-楊梅,2024-10-24,5262
2349,錸德,16,1,15,美好-楊梅,2024-10-24,5262
2491,吉祥全,15,0,15,美好-楊梅,2024-10-24,5262
00712,復華富時不動產,14,0,14,美好-楊梅,2024-10-24,5262
00918,大華優利高填息30,14,0,14,美好-楊梅,2024-10-24,5262
3272,東碩,14,0,14,美好-楊梅,2024-10-24,5262
5475,德宏,14,0,14,美好-楊梅,2024-10-24,5262
00907,永豐優息存股,13,0,13,美好-楊梅,2024-10-24,5262
2402,毅嘉,17,4,13,美好-楊梅,2024-10-24,5262
2455,全新,16,3,13,美好-楊梅,2024-10-24,5262
2641,正德,13,0,13,美好-楊梅,2024-10-24,5262
8043,蜜望實,13,0,13,美好-楊梅,2024-10-24,5262
3450,聯鈞,26,13,13,美好-楊梅,2024-10-24,5262
6451,訊芯-KY,13,1,12,美好-楊梅,2024-10-24,5262
00900,富邦特選高股息30,12,0,12,美好-楊梅,2024-10-24,5262
00679B,元大美債20年,12,0,12,美好-楊梅,2024-10-24,5262
00960,野村全球航運龍頭,12,0,12,美好-楊梅,2024-10-24,5262
00720B,元大投資級公司債,11,0,11,美好-楊梅,2024-10-24,5262
1727,中華化,14,3,11,美好-楊梅,2024-10-24,5262
5315,光聯,12,1,11,美好-楊梅,2024-10-24,5262
6191,精成科,11,0,11,美好-楊梅,2024-10-24,5262
2646,星宇航空,235,72,163,美好-楊梅,2024-10-25,5262
00943,兆豐電子高息等權,106,0,106,美好-楊梅,2024-10-25,5262
2888,新光金,100,1,99,美好-楊梅,2024-10-25,5262
00637L,元大滬深300正2,81,5,76,美好-楊梅,2024-10-25,5262
00715L,期街口布蘭特正2,70,0,70,美好-楊梅,2024-10-25,5262
912000,晨訊科-DR,63,0,63,美好-楊梅,2024-10-25,5262
00893,國泰智能電動車,40,0,40,美好-楊梅,2024-10-25,5262
3062,建漢,37,1,36,美好-楊梅,2024-10-25,5262
2303,聯電,37,6,31,美好-楊梅,2024-10-25,5262
9105,泰金寶-DR,27,0,27,美好-楊梅,2024-10-25,5262
2887,台新金,26,0,26,美好-楊梅,2024-10-25,5262
2344,華邦電,53,31,22,美好-楊梅,2024-10-25,5262
6770,力積電,112,91,21,美好-楊梅,2024-10-25,5262
00688L,國泰20年美債正2,20,0,20,美好-楊梅,2024-10-25,5262
00915,凱基優選高股息30,19,0,19,美好-楊梅,2024-10-25,5262
5460,同協,20,1,19,美好-楊梅,2024-10-25,5262
4716,大立,25,8,17,美好-楊梅,2024-10-25,5262
2439,美律,24,9,15,美好-楊梅,2024-10-25,5262
1528,恩德,24,11,13,美好-楊梅,2024-10-25,5262
00633L,富邦上証正2,13,0,13,美好-楊梅,2024-10-25,5262
3402,漢科,18,5,13,美好-楊梅,2024-10-25,5262
2605,新興,12,0,12,美好-楊梅,2024-10-25,5262
4303,信立,12,0,12,美好-楊梅,2024-10-25,5262
5258,虹堡,12,0,12,美好-楊梅,2024-10-25,5262
4743,合一,11,0,11,美好-楊梅,2024-10-25,5262
0056,元大高股息,11,0,11,美好-楊梅,2024-10-25,5262
1301,台塑,12,1,11,美好-楊梅,2024-10-25,5262
3710,連展投控,11,0,11,美好-楊梅,2024-10-25,5262
8240,華宏,17,6,11,美好-楊梅,2024-10-25,5262
00953B,群益優選非投等債,10,0,10,美好-楊梅,2024-10-25,5262
00712,復華富時不動產,20,10,10,美好-楊梅,2024-10-25,5262
1517,利奇,10,0,10,美好-楊梅,2024-10-25,5262
3011,今皓,11,1,10,美好-楊梅,2024-10-25,5262
3591,艾笛森,10,0,10,美好-楊梅,2024-10-25,5262
5202,力新,26,16,10,美好-楊梅,2024-10-25,5262
8249,菱光,37,28,9,美好-楊梅,2024-10-25,5262
3234,光環,9,0,9,美好-楊梅,2024-10-25,5262
1536,和大,17,8,9,美好-楊梅,2024-10-25,5262
3715,定穎投控,26,17,9,美好-楊梅,2024-10-25,5262
4510,高鋒,13,4,9,美好-楊梅,2024-10-25,5262
6530,創威,13,4,9,美好-楊梅,2024-10-25,5262
00687B,國泰20年美債,11,3,8,美好-楊梅,2024-10-25,5262
3029,零壹,10,2,8,美好-楊梅,2024-10-25,5262
5351,鈺創,9,1,8,美好-楊梅,2024-10-25,5262
6153,嘉聯益,10,2,8,美好-楊梅,2024-10-25,5262
2317,鴻海,25,17,8,美好-楊梅,2024-10-25,5262
1522,堤維西,7,0,7,美好-楊梅,2024-10-25,5262
2367,燿華,8,1,7,美好-楊梅,2024-10-25,5262
2883,凱基金,7,0,7,美好-楊梅,2024-10-25,5262
4174,浩鼎,7,0,7,美好-楊梅,2024-10-25,5262
00706L,期元大S＆P日圓正2,200,0,200,美好-楊梅,2024-10-28,5262
2409,友達,124,1,123,美好-楊梅,2024-10-28,5262
2337,旺宏,55,1,54,美好-楊梅,2024-10-28,5262
00715L,期街口布蘭特正2,45,0,45,美好-楊梅,2024-10-28,5262
00712,復華富時不動產,46,6,40,美好-楊梅,2024-10-28,5262
00919,群益台灣精選高息,37,0,37,美好-楊梅,2024-10-28,5262
8043,蜜望實,31,0,31,美好-楊梅,2024-10-28,5262
00932,兆豐永續高息等權,30,0,30,美好-楊梅,2024-10-28,5262
2258,鴻華先進-創,30,0,30,美好-楊梅,2024-10-28,5262
1528,恩德,26,0,26,美好-楊梅,2024-10-28,5262
2646,星宇航空,74,48,26,美好-楊梅,2024-10-28,5262
00679B,元大美債20年,25,1,24,美好-楊梅,2024-10-28,5262
3231,緯創,37,14,23,美好-楊梅,2024-10-28,5262
00929,復華台灣科技優息,41,20,21,美好-楊梅,2024-10-28,5262
1817,凱撒衛,21,0,21,美好-楊梅,2024-10-28,5262
00905,FT臺灣Smart,20,0,20,美好-楊梅,2024-10-28,5262
00651R,復華香港反1,20,0,20,美好-楊梅,2024-10-28,5262
00948B,中信優息投資級債,19,0,19,美好-楊梅,2024-10-28,5262
3260,威剛,18,0,18,美好-楊梅,2024-10-28,5262
3011,今皓,18,0,18,美好-楊梅,2024-10-28,5262
3189,景碩,29,13,16,美好-楊梅,2024-10-28,5262
6770,力積電,128,112,16,美好-楊梅,2024-10-28,5262
2614,東森,15,0,15,美好-楊梅,2024-10-28,5262
00933B,國泰10Y+金融債,14,0,14,美好-楊梅,2024-10-28,5262
3666,光耀,15,1,14,美好-楊梅,2024-10-28,5262
2801,彰銀,12,0,12,美好-楊梅,2024-10-28,5262
00795B,中信美國公債20年,12,0,12,美好-楊梅,2024-10-28,5262
0056,元大高股息,13,1,12,美好-楊梅,2024-10-28,5262
00918,大華優利高填息30,15,3,12,美好-楊梅,2024-10-28,5262
2883,凱基金,12,0,12,美好-楊梅,2024-10-28,5262
00713,元大台灣高息低波,11,0,11,美好-楊梅,2024-10-28,5262
2838,聯邦銀,11,0,11,美好-楊梅,2024-10-28,5262
6288,聯嘉,15,4,11,美好-楊梅,2024-10-28,5262
00725B,國泰投資級公司債,10,0,10,美好-楊梅,2024-10-28,5262
3363,上詮,12,2,10,美好-楊梅,2024-10-28,5262
00675L,富邦臺灣加權正2,10,0,10,美好-楊梅,2024-10-28,5262
00666R,富邦�琤肭磪齯�1,10,0,10,美好-楊梅,2024-10-28,5262
00738U,期元大道瓊白銀,10,0,10,美好-楊梅,2024-10-28,5262
00953B,群益優選非投等債,10,0,10,美好-楊梅,2024-10-28,5262
3033,威健,10,0,10,美好-楊梅,2024-10-28,5262
3379,彬台,10,0,10,美好-楊梅,2024-10-28,5262
00931B,統一美債20年,9,0,9,美好-楊梅,2024-10-28,5262
1786,科妍,9,0,9,美好-楊梅,2024-10-28,5262
2867,三商壽,11,2,9,美好-楊梅,2024-10-28,5262
3290,東浦,11,2,9,美好-楊梅,2024-10-28,5262
4906,正文,9,0,9,美好-楊梅,2024-10-28,5262
2543,皇昌,14,6,8,美好-楊梅,2024-10-28,5262
4903,聯光通,10,2,8,美好-楊梅,2024-10-28,5262
2603,長榮,7,0,7,美好-楊梅,2024-10-28,5262
00720B,元大投資級公司債,7,0,7,美好-楊梅,2024-10-28,5262
00929,復華台灣科技優息,194,19,175,美好-楊梅,2024-10-29,5262
00940,元大台灣價值高息,174,11,163,美好-楊梅,2024-10-29,5262
00712,復華富時不動產,106,4,102,美好-楊梅,2024-10-29,5262
00919,群益台灣精選高息,117,17,100,美好-楊梅,2024-10-29,5262
2303,聯電,96,13,83,美好-楊梅,2024-10-29,5262
3227,原相,75,0,75,美好-楊梅,2024-10-29,5262
6156,松上,63,0,63,美好-楊梅,2024-10-29,5262
0056,元大高股息,72,17,55,美好-楊梅,2024-10-29,5262
2646,星宇航空,68,14,54,美好-楊梅,2024-10-29,5262
00878,國泰永續高股息,53,2,51,美好-楊梅,2024-10-29,5262
00715L,期街口布蘭特正2,40,0,40,美好-楊梅,2024-10-29,5262
00637L,元大滬深300正2,52,16,36,美好-楊梅,2024-10-29,5262
00946,群益科技高息成長,36,1,35,美好-楊梅,2024-10-29,5262
1101,台泥,34,0,34,美好-楊梅,2024-10-29,5262
6133,金橋,57,25,32,美好-楊梅,2024-10-29,5262
00932,兆豐永續高息等權,32,0,32,美好-楊梅,2024-10-29,5262
00753L,中信中國50正2,32,1,31,美好-楊梅,2024-10-29,5262
6274,台燿,29,1,28,美好-楊梅,2024-10-29,5262
1449,佳和,36,8,28,美好-楊梅,2024-10-29,5262
2409,友達,29,3,26,美好-楊梅,2024-10-29,5262
8429,金麗-KY,28,5,23,美好-楊梅,2024-10-29,5262
3231,緯創,23,3,20,美好-楊梅,2024-10-29,5262
00666R,富邦�琤肭磪齯�1,20,0,20,美好-楊梅,2024-10-29,5262
9103,美德醫療-DR,24,4,20,美好-楊梅,2024-10-29,5262
9933,中鼎,20,0,20,美好-楊梅,2024-10-29,5262
00922,國泰台灣領袖50,22,2,20,美好-楊梅,2024-10-29,5262
2883,凱基金,19,0,19,美好-楊梅,2024-10-29,5262
6770,力積電,108,90,18,美好-楊梅,2024-10-29,5262
00900,富邦特選高股息30,17,0,17,美好-楊梅,2024-10-29,5262
00690,兆豐藍籌30,17,0,17,美好-楊梅,2024-10-29,5262
00905,FT臺灣Smart,17,0,17,美好-楊梅,2024-10-29,5262
00915,凱基優選高股息30,16,0,16,美好-楊梅,2024-10-29,5262
5425,台半,15,0,15,美好-楊梅,2024-10-29,5262
2344,華邦電,15,0,15,美好-楊梅,2024-10-29,5262
2641,正德,15,0,15,美好-楊梅,2024-10-29,5262
3189,景碩,19,4,15,美好-楊梅,2024-10-29,5262
6509,聚和,15,0,15,美好-楊梅,2024-10-29,5262
0050,元大台灣50,16,1,15,美好-楊梅,2024-10-29,5262
2867,三商壽,41,26,15,美好-楊梅,2024-10-29,5262
00927,群益半導體收益,14,0,14,美好-楊梅,2024-10-29,5262
2355,敬鵬,14,0,14,美好-楊梅,2024-10-29,5262
006208,富邦台50,13,0,13,美好-楊梅,2024-10-29,5262
2382,廣達,19,6,13,美好-楊梅,2024-10-29,5262
1786,科妍,13,0,13,美好-楊梅,2024-10-29,5262
1788,杏昌,12,0,12,美好-楊梅,2024-10-29,5262
6658,聯策,15,3,12,美好-楊梅,2024-10-29,5262
6877,鏵友益,12,0,12,美好-楊梅,2024-10-29,5262
2349,錸德,11,0,11,美好-楊梅,2024-10-29,5262
1326,台化,10,0,10,美好-楊梅,2024-10-29,5262
1301,台塑,10,0,10,美好-楊梅,2024-10-29,5262
00712,復華富時不動產,129,4,125,美好-楊梅,2024-10-30,5262
00637L,元大滬深300正2,141,20,121,美好-楊梅,2024-10-30,5262
00951,台新日本半導體,100,0,100,美好-楊梅,2024-10-30,5262
00632R,元大台灣50反1,110,12,98,美好-楊梅,2024-10-30,5262
2303,聯電,89,21,68,美好-楊梅,2024-10-30,5262
3481,群創,152,84,68,美好-楊梅,2024-10-30,5262
00919,群益台灣精選高息,65,9,56,美好-楊梅,2024-10-30,5262
6156,松上,58,6,52,美好-楊梅,2024-10-30,5262
2646,星宇航空,54,4,50,美好-楊梅,2024-10-30,5262
00955,中信日本商社,40,0,40,美好-楊梅,2024-10-30,5262
00929,復華台灣科技優息,41,2,39,美好-楊梅,2024-10-30,5262
00959B,大華投等美債15Y+,30,0,30,美好-楊梅,2024-10-30,5262
5438,東友,22,2,20,美好-楊梅,2024-10-30,5262
6153,嘉聯益,20,0,20,美好-楊梅,2024-10-30,5262
9933,中鼎,20,0,20,美好-楊梅,2024-10-30,5262
0056,元大高股息,19,0,19,美好-楊梅,2024-10-30,5262
6182,合晶,19,0,19,美好-楊梅,2024-10-30,5262
6770,力積電,54,35,19,美好-楊梅,2024-10-30,5262
2204,中華,18,0,18,美好-楊梅,2024-10-30,5262
00878,國泰永續高股息,17,2,15,美好-楊梅,2024-10-30,5262
1316,上曜,15,0,15,美好-楊梅,2024-10-30,5262
1809,中釉,15,0,15,美好-楊梅,2024-10-30,5262
8150,南茂,15,0,15,美好-楊梅,2024-10-30,5262
2884,玉山金,15,0,15,美好-楊梅,2024-10-30,5262
00933B,國泰10Y+金融債,14,0,14,美好-楊梅,2024-10-30,5262
00946,群益科技高息成長,14,0,14,美好-楊梅,2024-10-30,5262
2887,台新金,14,0,14,美好-楊梅,2024-10-30,5262
6191,精成科,16,2,14,美好-楊梅,2024-10-30,5262
2349,錸德,20,7,13,美好-楊梅,2024-10-30,5262
2402,毅嘉,12,0,12,美好-楊梅,2024-10-30,5262
6150,撼訊,18,6,12,美好-楊梅,2024-10-30,5262
3231,緯創,14,2,12,美好-楊梅,2024-10-30,5262
2313,華通,22,11,11,美好-楊梅,2024-10-30,5262
2363,矽統,25,14,11,美好-楊梅,2024-10-30,5262
00943,兆豐電子高息等權,10,0,10,美好-楊梅,2024-10-30,5262
6658,聯策,18,8,10,美好-楊梅,2024-10-30,5262
2355,敬鵬,9,0,9,美好-楊梅,2024-10-30,5262
4919,新唐,17,8,9,美好-楊梅,2024-10-30,5262
6257,矽格,9,1,8,美好-楊梅,2024-10-30,5262
00715L,期街口布蘭特正2,7,0,7,美好-楊梅,2024-10-30,5262
1786,科妍,7,0,7,美好-楊梅,2024-10-30,5262
2312,金寶,19,12,7,美好-楊梅,2024-10-30,5262
2472,立隆電,7,0,7,美好-楊梅,2024-10-30,5262
2477,美隆電,22,15,7,美好-楊梅,2024-10-30,5262
2491,吉祥全,7,0,7,美好-楊梅,2024-10-30,5262
2890,永豐金,7,0,7,美好-楊梅,2024-10-30,5262
5258,虹堡,7,0,7,美好-楊梅,2024-10-30,5262
5522,遠雄,7,0,7,美好-楊梅,2024-10-30,5262
6425,易發,8,1,7,美好-楊梅,2024-10-30,5262
2329,華泰,8,2,6,美好-楊梅,2024-10-30,5262
00632R,元大台灣50反1,352,120,232,美好-楊梅,2024-11-01,5262
00712,復華富時不動產,136,8,128,美好-楊梅,2024-11-01,5262
00637L,元大滬深300正2,101,9,92,美好-楊梅,2024-11-01,5262
2303,聯電,93,11,82,美好-楊梅,2024-11-01,5262
00929,復華台灣科技優息,76,10,66,美好-楊梅,2024-11-01,5262
2337,旺宏,78,15,63,美好-楊梅,2024-11-01,5262
00919,群益台灣精選高息,64,2,62,美好-楊梅,2024-11-01,5262
0056,元大高股息,64,5,59,美好-楊梅,2024-11-01,5262
00878,國泰永續高股息,61,3,58,美好-楊梅,2024-11-01,5262
2313,華通,56,6,50,美好-楊梅,2024-11-01,5262
00953B,群益優選非投等債,49,0,49,美好-楊梅,2024-11-01,5262
2834,臺企銀,46,1,45,美好-楊梅,2024-11-01,5262
00933B,國泰10Y+金融債,31,0,31,美好-楊梅,2024-11-01,5262
00946,群益科技高息成長,24,0,24,美好-楊梅,2024-11-01,5262
2317,鴻海,49,25,24,美好-楊梅,2024-11-01,5262
6156,松上,26,3,23,美好-楊梅,2024-11-01,5262
2409,友達,22,1,21,美好-楊梅,2024-11-01,5262
00706L,期元大S＆P日圓正2,20,0,20,美好-楊梅,2024-11-01,5262
1519,華城,24,4,20,美好-楊梅,2024-11-01,5262
1584,精剛,20,0,20,美好-楊梅,2024-11-01,5262
3490,單井,20,2,18,美好-楊梅,2024-11-01,5262
00918,大華優利高填息30,17,0,17,美好-楊梅,2024-11-01,5262
6288,聯嘉,16,1,15,美好-楊梅,2024-11-01,5262
00887,永豐中國科技50大,16,2,14,美好-楊梅,2024-11-01,5262
8074,鉅橡,13,0,13,美好-楊梅,2024-11-01,5262
00713,元大台灣高息低波,12,0,12,美好-楊梅,2024-11-01,5262
4716,大立,12,0,12,美好-楊梅,2024-11-01,5262
8011,台通,12,0,12,美好-楊梅,2024-11-01,5262
2887,台新金,12,0,12,美好-楊梅,2024-11-01,5262
3711,日月光投控,11,0,11,美好-楊梅,2024-11-01,5262
00922,國泰台灣領袖50,11,0,11,美好-楊梅,2024-11-01,5262
6147,頎邦,11,0,11,美好-楊梅,2024-11-01,5262
3447,展達,10,0,10,美好-楊梅,2024-11-01,5262
2886,兆豐金,10,0,10,美好-楊梅,2024-11-01,5262
1536,和大,10,0,10,美好-楊梅,2024-11-01,5262
2007,燁興,10,0,10,美好-楊梅,2024-11-01,5262
5347,世界,13,3,10,美好-楊梅,2024-11-01,5262
6120,達運,10,0,10,美好-楊梅,2024-11-01,5262
6285,啟��,13,3,10,美好-楊梅,2024-11-01,5262
00720B,元大投資級公司債,9,0,9,美好-楊梅,2024-11-01,5262
6770,力積電,32,23,9,美好-楊梅,2024-11-01,5262
1785,光洋科,9,1,8,美好-楊梅,2024-11-01,5262
006208,富邦台50,8,0,8,美好-楊梅,2024-11-01,5262
2618,長榮航,9,1,8,美好-楊梅,2024-11-01,5262
6274,台燿,17,10,7,美好-楊梅,2024-11-01,5262
00932,兆豐永續高息等權,7,0,7,美好-楊梅,2024-11-01,5262
1786,科妍,7,0,7,美好-楊梅,2024-11-01,5262
2543,皇昌,39,32,7,美好-楊梅,2024-11-01,5262
2891,中信金,10,3,7,美好-楊梅,2024-11-01,5262
4958,臻鼎-KY,9,3,6,美好-楊梅,2024-11-01,5262
2409,友達,186,1,185,美好-楊梅,2024-11-04,5262
00712,復華富時不動產,168,0,168,美好-楊梅,2024-11-04,5262
00937B,群益ESG投等債20,117,5,112,美好-楊梅,2024-11-04,5262
3710,連展投控,62,0,62,美好-楊梅,2024-11-04,5262
00919,群益台灣精選高息,66,7,59,美好-楊梅,2024-11-04,5262
2303,聯電,71,13,58,美好-楊梅,2024-11-04,5262
3019,亞光,57,3,54,美好-楊梅,2024-11-04,5262
00665L,富邦�琤肭磪囓�2,43,0,43,美好-楊梅,2024-11-04,5262
1528,恩德,66,23,43,美好-楊梅,2024-11-04,5262
2646,星宇航空,54,16,38,美好-楊梅,2024-11-04,5262
00932,兆豐永續高息等權,37,0,37,美好-楊梅,2024-11-04,5262
00948B,中信優息投資級債,36,0,36,美好-楊梅,2024-11-04,5262
2884,玉山金,35,0,35,美好-楊梅,2024-11-04,5262
00878,國泰永續高股息,45,15,30,美好-楊梅,2024-11-04,5262
00753L,中信中國50正2,30,0,30,美好-楊梅,2024-11-04,5262
6133,金橋,32,2,30,美好-楊梅,2024-11-04,5262
2329,華泰,32,5,27,美好-楊梅,2024-11-04,5262
2337,旺宏,27,0,27,美好-楊梅,2024-11-04,5262
2615,萬海,62,36,26,美好-楊梅,2024-11-04,5262
5202,力新,38,12,26,美好-楊梅,2024-11-04,5262
2887,台新金,25,0,25,美好-楊梅,2024-11-04,5262
0056,元大高股息,39,15,24,美好-楊梅,2024-11-04,5262
2002,中鋼,27,3,24,美好-楊梅,2024-11-04,5262
00687B,國泰20年美債,23,2,21,美好-楊梅,2024-11-04,5262
00946,群益科技高息成長,20,0,20,美好-楊梅,2024-11-04,5262
00931B,統一美債20年,18,0,18,美好-楊梅,2024-11-04,5262
2609,陽明,35,18,17,美好-楊梅,2024-11-04,5262
6923,中台,16,0,16,美好-楊梅,2024-11-04,5262
2486,一詮,19,4,15,美好-楊梅,2024-11-04,5262
6770,力積電,30,15,15,美好-楊梅,2024-11-04,5262
2431,聯昌,25,11,14,美好-楊梅,2024-11-04,5262
00679B,元大美債20年,12,0,12,美好-楊梅,2024-11-04,5262
2067,嘉鋼,12,0,12,美好-楊梅,2024-11-04,5262
2605,新興,11,0,11,美好-楊梅,2024-11-04,5262
8390,金益鼎,11,0,11,美好-楊梅,2024-11-04,5262
00637L,元大滬深300正2,15,5,10,美好-楊梅,2024-11-04,5262
00680L,元大美債20正2,10,0,10,美好-楊梅,2024-11-04,5262
1815,富喬,10,0,10,美好-楊梅,2024-11-04,5262
2344,華邦電,12,2,10,美好-楊梅,2024-11-04,5262
2399,映泰,14,4,10,美好-楊梅,2024-11-04,5262
2441,超豐,10,0,10,美好-楊梅,2024-11-04,5262
4967,十銓,10,0,10,美好-楊梅,2024-11-04,5262
5876,上海商銀,10,0,10,美好-楊梅,2024-11-04,5262
6152,百一,10,0,10,美好-楊梅,2024-11-04,5262
8201,無敵,10,0,10,美好-楊梅,2024-11-04,5262
4968,立積,9,0,9,美好-楊梅,2024-11-04,5262
3189,景碩,16,8,8,美好-楊梅,2024-11-04,5262
00720B,元大投資級公司債,8,0,8,美好-楊梅,2024-11-04,5262
1786,科妍,8,0,8,美好-楊梅,2024-11-04,5262
4906,正文,11,3,8,美好-楊梅,2024-11-04,5262
00637L,元大滬深300正2,200,17,183,美好-楊梅,2024-11-05,5262
00937B,群益ESG投等債20,111,0,111,美好-楊梅,2024-11-05,5262
00712,復華富時不動產,106,0,106,美好-楊梅,2024-11-05,5262
00946,群益科技高息成長,80,1,79,美好-楊梅,2024-11-05,5262
2303,聯電,59,8,51,美好-楊梅,2024-11-05,5262
6265,方土昶,42,0,42,美好-楊梅,2024-11-05,5262
00878,國泰永續高股息,41,0,41,美好-楊梅,2024-11-05,5262
4716,大立,41,1,40,美好-楊梅,2024-11-05,5262
3149,正達,46,7,39,美好-楊梅,2024-11-05,5262
00943,兆豐電子高息等權,30,0,30,美好-楊梅,2024-11-05,5262
1108,幸福,30,0,30,美好-楊梅,2024-11-05,5262
00665L,富邦�琤肭磪囓�2,225,200,25,美好-楊梅,2024-11-05,5262
00922,國泰台灣領袖50,25,2,23,美好-楊梅,2024-11-05,5262
00953B,群益優選非投等債,22,0,22,美好-楊梅,2024-11-05,5262
6133,金橋,22,0,22,美好-楊梅,2024-11-05,5262
8107,大億金茂,21,0,21,美好-楊梅,2024-11-05,5262
3013,晟銘電,23,2,21,美好-楊梅,2024-11-05,5262
3711,日月光投控,18,0,18,美好-楊梅,2024-11-05,5262
2897,王道銀行,18,0,18,美好-楊梅,2024-11-05,5262
00919,群益台灣精選高息,20,2,18,美好-楊梅,2024-11-05,5262
00633L,富邦上証正2,17,0,17,美好-楊梅,2024-11-05,5262
2887,台新金,18,1,17,美好-楊梅,2024-11-05,5262
8064,東捷,21,6,15,美好-楊梅,2024-11-05,5262
2888,新光金,15,0,15,美好-楊梅,2024-11-05,5262
2913,農林,15,0,15,美好-楊梅,2024-11-05,5262
00932,兆豐永續高息等權,14,0,14,美好-楊梅,2024-11-05,5262
3019,亞光,12,1,11,美好-楊梅,2024-11-05,5262
8070,長華*,11,0,11,美好-楊梅,2024-11-05,5262
2491,吉祥全,10,0,10,美好-楊梅,2024-11-05,5262
4306,炎洲,10,0,10,美好-楊梅,2024-11-05,5262
5475,德宏,10,0,10,美好-楊梅,2024-11-05,5262
5876,上海商銀,10,0,10,美好-楊梅,2024-11-05,5262
8926,台汽電,10,0,10,美好-楊梅,2024-11-05,5262
0056,元大高股息,14,4,10,美好-楊梅,2024-11-05,5262
2354,鴻準,54,44,10,美好-楊梅,2024-11-05,5262
2412,中華電,9,0,9,美好-楊梅,2024-11-05,5262
4157,太景*-KY,10,1,9,美好-楊梅,2024-11-05,5262
4533,協易機,9,0,9,美好-楊梅,2024-11-05,5262
4956,光鋐,10,1,9,美好-楊梅,2024-11-05,5262
6274,台燿,9,0,9,美好-楊梅,2024-11-05,5262
8088,品安,9,1,8,美好-楊梅,2024-11-05,5262
1786,科妍,8,0,8,美好-楊梅,2024-11-05,5262
2408,南亞科,10,2,8,美好-楊梅,2024-11-05,5262
3025,星通,11,3,8,美好-楊梅,2024-11-05,5262
3189,景碩,9,1,8,美好-楊梅,2024-11-05,5262
2344,華邦電,17,9,8,美好-楊梅,2024-11-05,5262
8032,光菱,15,8,7,美好-楊梅,2024-11-05,5262
1597,直得,10,3,7,美好-楊梅,2024-11-05,5262
2317,鴻海,25,18,7,美好-楊梅,2024-11-05,5262
1802,台玻,11,5,6,美好-楊梅,2024-11-05,5262
00665L,富邦�琤肭磪囓�2,305,175,130,美好-楊梅,2024-11-06,5262
00929,復華台灣科技優息,86,38,48,美好-楊梅,2024-11-06,5262
00761B,國泰A級公司債,43,0,43,美好-楊梅,2024-11-06,5262
00725B,國泰投資級公司債,61,20,41,美好-楊梅,2024-11-06,5262
00753L,中信中國50正2,52,11,41,美好-楊梅,2024-11-06,5262
6770,力積電,55,18,37,美好-楊梅,2024-11-06,5262
00679B,元大美債20年,62,29,33,美好-楊梅,2024-11-06,5262
2887,台新金,27,0,27,美好-楊梅,2024-11-06,5262
00943,兆豐電子高息等權,26,0,26,美好-楊梅,2024-11-06,5262
00919,群益台灣精選高息,24,0,24,美好-楊梅,2024-11-06,5262
00878,國泰永續高股息,57,33,24,美好-楊梅,2024-11-06,5262
00680L,元大美債20正2,28,8,20,美好-楊梅,2024-11-06,5262
00948B,中信優息投資級債,20,0,20,美好-楊梅,2024-11-06,5262
2431,聯昌,52,36,16,美好-楊梅,2024-11-06,5262
8044,網家,15,0,15,美好-楊梅,2024-11-06,5262
00930,永豐ESG低碳高息,15,0,15,美好-楊梅,2024-11-06,5262
4533,協易機,15,0,15,美好-楊梅,2024-11-06,5262
0056,元大高股息,16,1,15,美好-楊梅,2024-11-06,5262
00712,復華富時不動產,13,0,13,美好-楊梅,2024-11-06,5262
00937B,群益ESG投等債20,32,20,12,美好-楊梅,2024-11-06,5262
00720B,元大投資級公司債,11,0,11,美好-楊梅,2024-11-06,5262
1531,高林股,11,0,11,美好-楊梅,2024-11-06,5262
3481,群創,11,0,11,美好-楊梅,2024-11-06,5262
4104,佳醫,11,0,11,美好-楊梅,2024-11-06,5262
8111,立��,15,4,11,美好-楊梅,2024-11-06,5262
00687B,國泰20年美債,16,6,10,美好-楊梅,2024-11-06,5262
00931B,統一美債20年,10,0,10,美好-楊梅,2024-11-06,5262
00633L,富邦上証正2,12,2,10,美好-楊梅,2024-11-06,5262
00688L,國泰20年美債正2,10,0,10,美好-楊梅,2024-11-06,5262
3149,正達,20,10,10,美好-楊梅,2024-11-06,5262
3518,柏騰,10,0,10,美好-楊梅,2024-11-06,5262
4956,光鋐,18,8,10,美好-楊梅,2024-11-06,5262
5876,上海商銀,10,0,10,美好-楊梅,2024-11-06,5262
6120,達運,10,0,10,美好-楊梅,2024-11-06,5262
2880,華南金,10,0,10,美好-楊梅,2024-11-06,5262
00844B,新光15年IG金融債,9,0,9,美好-楊梅,2024-11-06,5262
6285,啟��,10,1,9,美好-楊梅,2024-11-06,5262
4906,正文,8,0,8,美好-楊梅,2024-11-06,5262
6405,悅城,40,32,8,美好-楊梅,2024-11-06,5262
8076,伍豐,8,0,8,美好-楊梅,2024-11-06,5262
2351,順德,8,0,8,美好-楊梅,2024-11-06,5262
2303,聯電,51,44,7,美好-楊梅,2024-11-06,5262
4919,新唐,15,8,7,美好-楊梅,2024-11-06,5262
5438,東友,11,4,7,美好-楊梅,2024-11-06,5262
6274,台燿,8,1,7,美好-楊梅,2024-11-06,5262
00637L,元大滬深300正2,6,0,6,美好-楊梅,2024-11-06,5262
2867,三商壽,6,0,6,美好-楊梅,2024-11-06,5262
4540,全球傳動,6,0,6,美好-楊梅,2024-11-06,5262
6234,高僑,6,0,6,美好-楊梅,2024-11-06,5262
00933B,國泰10Y+金融債,5,0,5,美好-楊梅,2024-11-06,5262
00706L,期元大S＆P日圓正2,500,300,200,美好-楊梅,2024-11-07,5262
5340,建榮,160,0,160,美好-楊梅,2024-11-07,5262
00948B,中信優息投資級債,120,0,120,美好-楊梅,2024-11-07,5262
00637L,元大滬深300正2,55,5,50,美好-楊梅,2024-11-07,5262
00878,國泰永續高股息,42,11,31,美好-楊梅,2024-11-07,5262
00680L,元大美債20正2,30,0,30,美好-楊梅,2024-11-07,5262
6274,台燿,31,4,27,美好-楊梅,2024-11-07,5262
3714,富采,25,0,25,美好-楊梅,2024-11-07,5262
00679B,元大美債20年,22,0,22,美好-楊梅,2024-11-07,5262
2303,聯電,84,63,21,美好-楊梅,2024-11-07,5262
00712,復華富時不動產,20,0,20,美好-楊梅,2024-11-07,5262
00943,兆豐電子高息等權,20,0,20,美好-楊梅,2024-11-07,5262
1809,中釉,20,0,20,美好-楊梅,2024-11-07,5262
2371,大同,21,2,19,美好-楊梅,2024-11-07,5262
5309,系統電,19,0,19,美好-楊梅,2024-11-07,5262
2408,南亞科,25,7,18,美好-楊梅,2024-11-07,5262
2351,順德,17,1,16,美好-楊梅,2024-11-07,5262
6288,聯嘉,31,15,16,美好-楊梅,2024-11-07,5262
2883,凱基金,15,1,14,美好-楊梅,2024-11-07,5262
8112,至上,11,0,11,美好-楊梅,2024-11-07,5262
1309,台達化,14,3,11,美好-楊梅,2024-11-07,5262
2399,映泰,19,8,11,美好-楊梅,2024-11-07,5262
2413,環科,11,0,11,美好-楊梅,2024-11-07,5262
1307,三芳,10,0,10,美好-楊梅,2024-11-07,5262
6234,高僑,10,0,10,美好-楊梅,2024-11-07,5262
00919,群益台灣精選高息,20,10,10,美好-楊梅,2024-11-07,5262
2615,萬海,44,34,10,美好-楊梅,2024-11-07,5262
2356,英業達,37,28,9,美好-楊梅,2024-11-07,5262
3019,亞光,11,2,9,美好-楊梅,2024-11-07,5262
8249,菱光,14,5,9,美好-楊梅,2024-11-07,5262
1506,正道,8,0,8,美好-楊梅,2024-11-07,5262
2323,中環,8,0,8,美好-楊梅,2024-11-07,5262
2368,金像電,9,1,8,美好-楊梅,2024-11-07,5262
2646,星宇航空,8,0,8,美好-楊梅,2024-11-07,5262
4142,國光生,10,2,8,美好-楊梅,2024-11-07,5262
8064,東捷,22,15,7,美好-楊梅,2024-11-07,5262
1786,科妍,7,0,7,美好-楊梅,2024-11-07,5262
2613,中櫃,10,3,7,美好-楊梅,2024-11-07,5262
3357,臺慶科,8,1,7,美好-楊梅,2024-11-07,5262
6114,久威,7,0,7,美好-楊梅,2024-11-07,5262
2603,長榮,15,8,7,美好-楊梅,2024-11-07,5262
00633L,富邦上証正2,6,0,6,美好-楊梅,2024-11-07,5262
2349,錸德,6,0,6,美好-楊梅,2024-11-07,5262
6873,泓德能源,6,0,6,美好-楊梅,2024-11-07,5262
8044,網家,6,1,5,美好-楊梅,2024-11-07,5262
1522,堤維西,7,2,5,美好-楊梅,2024-11-07,5262
1528,恩德,5,0,5,美好-楊梅,2024-11-07,5262
2038,海光,6,1,5,美好-楊梅,2024-11-07,5262
2425,承啟,13,8,5,美好-楊梅,2024-11-07,5262
2633,台灣高鐵,5,0,5,美好-楊梅,2024-11-07,5262
00632R,元大台灣50反1,144,40,104,美好-楊梅,2024-11-08,5262
6156,松上,64,10,54,美好-楊梅,2024-11-08,5262
4716,大立,70,16,54,美好-楊梅,2024-11-08,5262
00676R,富邦臺灣加權反1,51,1,50,美好-楊梅,2024-11-08,5262
2323,中環,47,0,47,美好-楊梅,2024-11-08,5262
3576,聯合再生,45,0,45,美好-楊梅,2024-11-08,5262
3362,先進光,40,1,39,美好-楊梅,2024-11-08,5262
00878,國泰永續高股息,29,3,26,美好-楊梅,2024-11-08,5262
3227,原相,27,1,26,美好-楊梅,2024-11-08,5262
00671R,富邦NASDAQ反1,25,0,25,美好-楊梅,2024-11-08,5262
3042,晶技,25,1,24,美好-楊梅,2024-11-08,5262
3062,建漢,53,30,23,美好-楊梅,2024-11-08,5262
2303,聯電,59,36,23,美好-楊梅,2024-11-08,5262
2354,鴻準,50,29,21,美好-楊梅,2024-11-08,5262
5202,力新,24,4,20,美好-楊梅,2024-11-08,5262
00673R,期元大S＆P原油反1,20,0,20,美好-楊梅,2024-11-08,5262
00639,富邦深100,20,0,20,美好-楊梅,2024-11-08,5262
2337,旺宏,21,1,20,美好-楊梅,2024-11-08,5262
2369,菱生,20,0,20,美好-楊梅,2024-11-08,5262
2388,威盛,22,2,20,美好-楊梅,2024-11-08,5262
6288,聯嘉,17,0,17,美好-楊梅,2024-11-08,5262
2313,華通,27,11,16,美好-楊梅,2024-11-08,5262
4551,智伸科,16,0,16,美好-楊梅,2024-11-08,5262
3605,宏致,15,0,15,美好-楊梅,2024-11-08,5262
4919,新唐,17,3,14,美好-楊梅,2024-11-08,5262
6285,啟��,14,0,14,美好-楊梅,2024-11-08,5262
1611,中電,13,1,12,美好-楊梅,2024-11-08,5262
2312,金寶,33,21,12,美好-楊梅,2024-11-08,5262
2368,金像電,13,1,12,美好-楊梅,2024-11-08,5262
6190,萬泰科,12,0,12,美好-楊梅,2024-11-08,5262
00937B,群益ESG投等債20,11,0,11,美好-楊梅,2024-11-08,5262
1531,高林股,11,0,11,美好-楊梅,2024-11-08,5262
2349,錸德,11,0,11,美好-楊梅,2024-11-08,5262
3490,單井,15,4,11,美好-楊梅,2024-11-08,5262
3537,堡達,11,0,11,美好-楊梅,2024-11-08,5262
00687B,國泰20年美債,10,0,10,美好-楊梅,2024-11-08,5262
006205,富邦上証,10,0,10,美好-楊梅,2024-11-08,5262
1464,得力,10,0,10,美好-楊梅,2024-11-08,5262
1515,力山,10,0,10,美好-楊梅,2024-11-08,5262
1609,大亞,10,0,10,美好-楊梅,2024-11-08,5262
1909,榮成,10,0,10,美好-楊梅,2024-11-08,5262
2031,新光鋼,10,0,10,美好-楊梅,2024-11-08,5262
2801,彰銀,10,0,10,美好-楊梅,2024-11-08,5262
5876,上海商銀,10,0,10,美好-楊梅,2024-11-08,5262
2328,廣宇,12,3,9,美好-楊梅,2024-11-08,5262
2344,華邦電,11,2,9,美好-楊梅,2024-11-08,5262
2495,普安,9,0,9,美好-楊梅,2024-11-08,5262
2887,台新金,10,1,9,美好-楊梅,2024-11-08,5262
4903,聯光通,21,12,9,美好-楊梅,2024-11-08,5262
4909,新復興,15,6,9,美好-楊梅,2024-11-08,5262
00632R,元大台灣50反1,370,116,254,美好-楊梅,2024-11-11,5262
00878,國泰永續高股息,127,9,118,美好-楊梅,2024-11-11,5262
1312,國喬,100,0,100,美好-楊梅,2024-11-11,5262
00753L,中信中國50正2,77,0,77,美好-楊梅,2024-11-11,5262
2609,陽明,65,13,52,美好-楊梅,2024-11-11,5262
00919,群益台灣精選高息,45,0,45,美好-楊梅,2024-11-11,5262
3356,奇偶,40,0,40,美好-楊梅,2024-11-11,5262
2303,聯電,44,7,37,美好-楊梅,2024-11-11,5262
00665L,富邦�琤肭磪囓�2,60,24,36,美好-楊梅,2024-11-11,5262
3576,聯合再生,35,0,35,美好-楊梅,2024-11-11,5262
00929,復華台灣科技優息,50,16,34,美好-楊梅,2024-11-11,5262
00637L,元大滬深300正2,37,5,32,美好-楊梅,2024-11-11,5262
3362,先進光,30,0,30,美好-楊梅,2024-11-11,5262
00715L,期街口布蘭特正2,29,0,29,美好-楊梅,2024-11-11,5262
1314,中石化,30,1,29,美好-楊梅,2024-11-11,5262
3231,緯創,47,19,28,美好-楊梅,2024-11-11,5262
2834,臺企銀,28,1,27,美好-楊梅,2024-11-11,5262
00633L,富邦上証正2,27,1,26,美好-楊梅,2024-11-11,5262
2603,長榮,31,6,25,美好-楊梅,2024-11-11,5262
2337,旺宏,24,1,23,美好-楊梅,2024-11-11,5262
00946,群益科技高息成長,21,0,21,美好-楊梅,2024-11-11,5262
00927,群益半導體收益,20,0,20,美好-楊梅,2024-11-11,5262
00680L,元大美債20正2,20,0,20,美好-楊梅,2024-11-11,5262
3284,太普高,20,0,20,美好-楊梅,2024-11-11,5262
6026,福邦證,20,0,20,美好-楊梅,2024-11-11,5262
8011,台通,23,6,17,美好-楊梅,2024-11-11,5262
2382,廣達,16,0,16,美好-楊梅,2024-11-11,5262
6505,台塑化,16,0,16,美好-楊梅,2024-11-11,5262
1301,台塑,40,25,15,美好-楊梅,2024-11-11,5262
2313,華通,27,13,14,美好-楊梅,2024-11-11,5262
2615,萬海,19,6,13,美好-楊梅,2024-11-11,5262
2449,京元電子,16,3,13,美好-楊梅,2024-11-11,5262
6763,綠界科技*,21,8,13,美好-楊梅,2024-11-11,5262
2610,華航,46,33,13,美好-楊梅,2024-11-11,5262
00725B,國泰投資級公司債,12,0,12,美好-楊梅,2024-11-11,5262
4916,事欣科,14,2,12,美好-楊梅,2024-11-11,5262
4967,十銓,15,3,12,美好-楊梅,2024-11-11,5262
1605,華新,16,4,12,美好-楊梅,2024-11-11,5262
00720B,元大投資級公司債,12,1,11,美好-楊梅,2024-11-11,5262
2801,彰銀,11,0,11,美好-楊梅,2024-11-11,5262
6151,晉倫,11,0,11,美好-楊梅,2024-11-11,5262
9105,泰金寶-DR,49,38,11,美好-楊梅,2024-11-11,5262
2890,永豐金,10,0,10,美好-楊梅,2024-11-11,5262
00953B,群益優選非投等債,10,0,10,美好-楊梅,2024-11-11,5262
2409,友達,10,0,10,美好-楊梅,2024-11-11,5262
2497,怡利電,16,6,10,美好-楊梅,2024-11-11,5262
3303,岱稜,11,1,10,美好-楊梅,2024-11-11,5262
5315,光聯,15,5,10,美好-楊梅,2024-11-11,5262
6120,達運,10,0,10,美好-楊梅,2024-11-11,5262
8103,瀚荃,13,3,10,美好-楊梅,2024-11-11,5262
00959B,大華投等美債15Y+,350,150,200,美好-楊梅,2024-11-12,5262
00878,國泰永續高股息,179,11,168,美好-楊梅,2024-11-12,5262
00665L,富邦�琤肭磪囓�2,200,48,152,美好-楊梅,2024-11-12,5262
00753L,中信中國50正2,200,75,125,美好-楊梅,2024-11-12,5262
2356,英業達,80,6,74,美好-楊梅,2024-11-12,5262
0056,元大高股息,50,0,50,美好-楊梅,2024-11-12,5262
00919,群益台灣精選高息,58,10,48,美好-楊梅,2024-11-12,5262
00940,元大台灣價值高息,44,1,43,美好-楊梅,2024-11-12,5262
00929,復華台灣科技優息,67,31,36,美好-楊梅,2024-11-12,5262
2834,臺企銀,35,0,35,美好-楊梅,2024-11-12,5262
3706,神達,140,106,34,美好-楊梅,2024-11-12,5262
2409,友達,34,0,34,美好-楊梅,2024-11-12,5262
3710,連展投控,31,0,31,美好-楊梅,2024-11-12,5262
2887,台新金,31,1,30,美好-楊梅,2024-11-12,5262
4716,大立,48,18,30,美好-楊梅,2024-11-12,5262
00715L,期街口布蘭特正2,80,50,30,美好-楊梅,2024-11-12,5262
1314,中石化,28,0,28,美好-楊梅,2024-11-12,5262
00946,群益科技高息成長,27,0,27,美好-楊梅,2024-11-12,5262
1591,駿吉-KY,25,0,25,美好-楊梅,2024-11-12,5262
2888,新光金,23,0,23,美好-楊梅,2024-11-12,5262
6156,松上,24,1,23,美好-楊梅,2024-11-12,5262
6770,力積電,35,13,22,美好-楊梅,2024-11-12,5262
6592,和潤企業,21,0,21,美好-楊梅,2024-11-12,5262
00738U,期元大道瓊白銀,20,0,20,美好-楊梅,2024-11-12,5262
00947,台新臺灣IC設計,20,0,20,美好-楊梅,2024-11-12,5262
2303,聯電,35,15,20,美好-楊梅,2024-11-12,5262
2615,萬海,35,18,17,美好-楊梅,2024-11-12,5262
2883,凱基金,17,0,17,美好-楊梅,2024-11-12,5262
00915,凱基優選高股息30,16,0,16,美好-楊梅,2024-11-12,5262
5871,中租-KY,16,0,16,美好-楊梅,2024-11-12,5262
00922,國泰台灣領袖50,19,4,15,美好-楊梅,2024-11-12,5262
2734,易飛網,15,0,15,美好-楊梅,2024-11-12,5262
4303,信立,16,1,15,美好-楊梅,2024-11-12,5262
1605,華新,20,6,14,美好-楊梅,2024-11-12,5262
00927,群益半導體收益,13,0,13,美好-楊梅,2024-11-12,5262
3356,奇偶,12,0,12,美好-楊梅,2024-11-12,5262
5014,建錩,12,0,12,美好-楊梅,2024-11-12,5262
4915,致伸,12,0,12,美好-楊梅,2024-11-12,5262
8096,擎亞,14,2,12,美好-楊梅,2024-11-12,5262
2354,鴻準,25,13,12,美好-楊梅,2024-11-12,5262
6443,元晶,11,0,11,美好-楊梅,2024-11-12,5262
0050,元大台灣50,11,0,11,美好-楊梅,2024-11-12,5262
2441,超豐,10,0,10,美好-楊梅,2024-11-12,5262
2353,宏��,11,1,10,美好-楊梅,2024-11-12,5262
3284,太普高,10,0,10,美好-楊梅,2024-11-12,5262
00688L,國泰20年美債正2,10,0,10,美好-楊梅,2024-11-12,5262
00905,FT臺灣Smart,10,0,10,美好-楊梅,2024-11-12,5262
2390,云辰,10,0,10,美好-楊梅,2024-11-12,5262
8358,金居,10,0,10,美好-楊梅,2024-11-12,5262
912000,晨訊科-DR,10,0,10,美好-楊梅,2024-11-12,5262
00878,國泰永續高股息,169,0,169,美好-楊梅,2024-11-13,5262
00959B,大華投等美債15Y+,66,0,66,美好-楊梅,2024-11-13,5262
2337,旺宏,43,0,43,美好-楊梅,2024-11-13,5262
2883,凱基金,44,2,42,美好-楊梅,2024-11-13,5262
1605,華新,36,0,36,美好-楊梅,2024-11-13,5262
2409,友達,38,3,35,美好-楊梅,2024-11-13,5262
2834,臺企銀,30,0,30,美好-楊梅,2024-11-13,5262
3706,神達,94,67,27,美好-楊梅,2024-11-13,5262
00680L,元大美債20正2,27,0,27,美好-楊梅,2024-11-13,5262
0056,元大高股息,27,1,26,美好-楊梅,2024-11-13,5262
2303,聯電,33,9,24,美好-楊梅,2024-11-13,5262
3576,聯合再生,24,1,23,美好-楊梅,2024-11-13,5262
00917,中信特選金融,23,0,23,美好-楊梅,2024-11-13,5262
2377,微星,23,0,23,美好-楊梅,2024-11-13,5262
2344,華邦電,22,0,22,美好-楊梅,2024-11-13,5262
00679B,元大美債20年,26,4,22,美好-楊梅,2024-11-13,5262
00753L,中信中國50正2,20,0,20,美好-楊梅,2024-11-13,5262
5880,合庫金,21,2,19,美好-楊梅,2024-11-13,5262
2323,中環,117,100,17,美好-楊梅,2024-11-13,5262
1301,台塑,15,0,15,美好-楊梅,2024-11-13,5262
2617,台航,15,0,15,美好-楊梅,2024-11-13,5262
3481,群創,20,5,15,美好-楊梅,2024-11-13,5262
2887,台新金,23,8,15,美好-楊梅,2024-11-13,5262
2615,萬海,20,6,14,美好-楊梅,2024-11-13,5262
2356,英業達,20,7,13,美好-楊梅,2024-11-13,5262
00751B,元大AAA至A公司債,13,0,13,美好-楊梅,2024-11-13,5262
2882,國泰金,16,3,13,美好-楊梅,2024-11-13,5262
3189,景碩,18,6,12,美好-楊梅,2024-11-13,5262
00905,FT臺灣Smart,12,0,12,美好-楊梅,2024-11-13,5262
5871,中租-KY,12,0,12,美好-楊梅,2024-11-13,5262
3712,永崴投控,15,3,12,美好-楊梅,2024-11-13,5262
00915,凱基優選高股息30,11,0,11,美好-楊梅,2024-11-13,5262
6443,元晶,11,0,11,美好-楊梅,2024-11-13,5262
00919,群益台灣精選高息,10,0,10,美好-楊梅,2024-11-13,5262
0050,元大台灣50,10,0,10,美好-楊梅,2024-11-13,5262
00900,富邦特選高股息30,10,0,10,美好-楊梅,2024-11-13,5262
00882,中信中國高股息,10,0,10,美好-楊梅,2024-11-13,5262
00738U,期元大道瓊白銀,10,0,10,美好-楊梅,2024-11-13,5262
00715L,期街口布蘭特正2,10,0,10,美好-楊梅,2024-11-13,5262
2884,玉山金,10,0,10,美好-楊梅,2024-11-13,5262
3033,威健,10,0,10,美好-楊梅,2024-11-13,5262
2449,京元電子,10,1,9,美好-楊梅,2024-11-13,5262
2881,富邦金,11,2,9,美好-楊梅,2024-11-13,5262
2330,台積電,9,0,9,美好-楊梅,2024-11-13,5262
4306,炎洲,9,0,9,美好-楊梅,2024-11-13,5262
6182,合晶,9,0,9,美好-楊梅,2024-11-13,5262
4743,合一,10,1,9,美好-楊梅,2024-11-13,5262
1513,中興電,12,4,8,美好-楊梅,2024-11-13,5262
00932,兆豐永續高息等權,9,1,8,美好-楊梅,2024-11-13,5262
2351,順德,9,1,8,美好-楊梅,2024-11-13,5262
00878,國泰永續高股息,305,2,303,美好-楊梅,2024-11-14,5262
2888,新光金,201,14,187,美好-楊梅,2024-11-14,5262
00929,復華台灣科技優息,140,29,111,美好-楊梅,2024-11-14,5262
2609,陽明,110,9,101,美好-楊梅,2024-11-14,5262
00753L,中信中國50正2,105,5,100,美好-楊梅,2024-11-14,5262
2303,聯電,98,26,72,美好-楊梅,2024-11-14,5262
0056,元大高股息,67,1,66,美好-楊梅,2024-11-14,5262
00919,群益台灣精選高息,64,0,64,美好-楊梅,2024-11-14,5262
2409,友達,46,0,46,美好-楊梅,2024-11-14,5262
00937B,群益ESG投等債20,53,15,38,美好-楊梅,2024-11-14,5262
6770,力積電,132,101,31,美好-楊梅,2024-11-14,5262
2887,台新金,28,0,28,美好-楊梅,2024-11-14,5262
3481,群創,27,0,27,美好-楊梅,2024-11-14,5262
2344,華邦電,55,28,27,美好-楊梅,2024-11-14,5262
00946,群益科技高息成長,24,0,24,美好-楊梅,2024-11-14,5262
00900,富邦特選高股息30,22,0,22,美好-楊梅,2024-11-14,5262
00680L,元大美債20正2,20,0,20,美好-楊梅,2024-11-14,5262
3227,原相,28,9,19,美好-楊梅,2024-11-14,5262
6156,松上,22,3,19,美好-楊梅,2024-11-14,5262
00932,兆豐永續高息等權,18,0,18,美好-楊梅,2024-11-14,5262
00930,永豐ESG低碳高息,19,1,18,美好-楊梅,2024-11-14,5262
00927,群益半導體收益,21,3,18,美好-楊梅,2024-11-14,5262
3520,華盈,20,2,18,美好-楊梅,2024-11-14,5262
6220,岳豐,19,3,16,美好-楊梅,2024-11-14,5262
006208,富邦台50,17,1,16,美好-楊梅,2024-11-14,5262
2312,金寶,67,52,15,美好-楊梅,2024-11-14,5262
6658,聯策,16,2,14,美好-楊梅,2024-11-14,5262
9945,潤泰新,15,1,14,美好-楊梅,2024-11-14,5262
2884,玉山金,13,0,13,美好-楊梅,2024-11-14,5262
1303,南亞,12,0,12,美好-楊梅,2024-11-14,5262
3466,德晉,12,0,12,美好-楊梅,2024-11-14,5262
6182,合晶,12,0,12,美好-楊梅,2024-11-14,5262
00918,大華優利高填息30,11,0,11,美好-楊梅,2024-11-14,5262
00941,中信上游半導體,11,0,11,美好-楊梅,2024-11-14,5262
00943,兆豐電子高息等權,11,0,11,美好-楊梅,2024-11-14,5262
2913,農林,11,0,11,美好-楊梅,2024-11-14,5262
2392,正崴,28,18,10,美好-楊梅,2024-11-14,5262
00915,凱基優選高股息30,10,0,10,美好-楊梅,2024-11-14,5262
00665L,富邦�琤肭磪囓�2,10,0,10,美好-楊梅,2024-11-14,5262
00715L,期街口布蘭特正2,10,0,10,美好-楊梅,2024-11-14,5262
1786,科妍,11,1,10,美好-楊梅,2024-11-14,5262
2477,美隆電,16,6,10,美好-楊梅,2024-11-14,5262
2838,聯邦銀,10,0,10,美好-楊梅,2024-11-14,5262
3356,奇偶,10,0,10,美好-楊梅,2024-11-14,5262
5522,遠雄,10,0,10,美好-楊梅,2024-11-14,5262
8089,康全電訊,13,3,10,美好-楊梅,2024-11-14,5262
8112,至上,10,0,10,美好-楊梅,2024-11-14,5262
2834,臺企銀,11,2,9,美好-楊梅,2024-11-14,5262
1582,信錦,9,0,9,美好-楊梅,2024-11-14,5262
2014,中鴻,10,1,9,美好-楊梅,2024-11-14,5262
00878,國泰永續高股息,318,8,310,美好-楊梅,2024-11-15,5262
3706,神達,249,64,185,美好-楊梅,2024-11-15,5262
00932,兆豐永續高息等權,51,0,51,美好-楊梅,2024-11-15,5262
00893,國泰智能電動車,42,0,42,美好-楊梅,2024-11-15,5262
3323,加百裕,43,9,34,美好-楊梅,2024-11-15,5262
2317,鴻海,53,20,33,美好-楊梅,2024-11-15,5262
2382,廣達,39,6,33,美好-楊梅,2024-11-15,5262
8064,東捷,38,5,33,美好-楊梅,2024-11-15,5262
2408,南亞科,31,0,31,美好-楊梅,2024-11-15,5262
3710,連展投控,30,0,30,美好-楊梅,2024-11-15,5262
0056,元大高股息,25,0,25,美好-楊梅,2024-11-15,5262
3227,原相,24,2,22,美好-楊梅,2024-11-15,5262
2324,仁寶,27,5,22,美好-楊梅,2024-11-15,5262
2646,星宇航空,33,12,21,美好-楊梅,2024-11-15,5262
1303,南亞,20,0,20,美好-楊梅,2024-11-15,5262
1326,台化,20,0,20,美好-楊梅,2024-11-15,5262
6191,精成科,23,5,18,美好-楊梅,2024-11-15,5262
3231,緯創,24,7,17,美好-楊梅,2024-11-15,5262
00930,永豐ESG低碳高息,18,3,15,美好-楊梅,2024-11-15,5262
2356,英業達,19,4,15,美好-楊梅,2024-11-15,5262
2301,光寶科,15,1,14,美好-楊梅,2024-11-15,5262
2344,華邦電,14,0,14,美好-楊梅,2024-11-15,5262
6288,聯嘉,14,1,13,美好-楊梅,2024-11-15,5262
3013,晟銘電,15,3,12,美好-楊梅,2024-11-15,5262
00943,兆豐電子高息等權,11,0,11,美好-楊梅,2024-11-15,5262
3481,群創,13,2,11,美好-楊梅,2024-11-15,5262
2887,台新金,11,1,10,美好-楊梅,2024-11-15,5262
3017,奇鋐,12,3,9,美好-楊梅,2024-11-15,5262
1609,大亞,10,1,9,美好-楊梅,2024-11-15,5262
2897,王道銀行,9,0,9,美好-楊梅,2024-11-15,5262
006208,富邦台50,8,0,8,美好-楊梅,2024-11-15,5262
2330,台積電,9,1,8,美好-楊梅,2024-11-15,5262
2413,環科,8,1,7,美好-楊梅,2024-11-15,5262
2498,宏達電,10,3,7,美好-楊梅,2024-11-15,5262
6405,悅城,11,4,7,美好-楊梅,2024-11-15,5262
00830,國泰費城半導體,6,0,6,美好-楊梅,2024-11-15,5262
6182,合晶,24,18,6,美好-楊梅,2024-11-15,5262
1786,科妍,6,0,6,美好-楊梅,2024-11-15,5262
2474,可成,6,0,6,美好-楊梅,2024-11-15,5262
2495,普安,14,8,6,美好-楊梅,2024-11-15,5262
3105,穩懋,6,0,6,美好-楊梅,2024-11-15,5262
4931,新盛力,32,26,6,美好-楊梅,2024-11-15,5262
6285,啟��,6,0,6,美好-楊梅,2024-11-15,5262
6530,創威,7,1,6,美好-楊梅,2024-11-15,5262
8249,菱光,6,0,6,美好-楊梅,2024-11-15,5262
8383,千附,6,0,6,美好-楊梅,2024-11-15,5262
2303,聯電,14,8,6,美好-楊梅,2024-11-15,5262
1309,台達化,8,3,5,美好-楊梅,2024-11-15,5262
1536,和大,5,0,5,美好-楊梅,2024-11-15,5262
1815,富喬,6,1,5,美好-楊梅,2024-11-15,5262
00959B,大華投等美債15Y+,200,0,200,美好-楊梅,2024-11-18,5262
00878,國泰永續高股息,210,16,194,美好-楊梅,2024-11-18,5262
2610,華航,135,4,131,美好-楊梅,2024-11-18,5262
00753L,中信中國50正2,53,3,50,美好-楊梅,2024-11-18,5262
00932,兆豐永續高息等權,48,5,43,美好-楊梅,2024-11-18,5262
0056,元大高股息,38,2,36,美好-楊梅,2024-11-18,5262
1905,華紙,30,0,30,美好-楊梅,2024-11-18,5262
2409,友達,32,8,24,美好-楊梅,2024-11-18,5262
2204,中華,35,12,23,美好-楊梅,2024-11-18,5262
2355,敬鵬,23,0,23,美好-楊梅,2024-11-18,5262
3050,鈺德,25,3,22,美好-楊梅,2024-11-18,5262
3710,連展投控,21,0,21,美好-楊梅,2024-11-18,5262
00679B,元大美債20年,21,1,20,美好-楊梅,2024-11-18,5262
6558,興能高,20,0,20,美好-楊梅,2024-11-18,5262
00919,群益台灣精選高息,27,10,17,美好-楊梅,2024-11-18,5262
2312,金寶,88,71,17,美好-楊梅,2024-11-18,5262
2356,英業達,33,17,16,美好-楊梅,2024-11-18,5262
2838,聯邦銀,15,0,15,美好-楊梅,2024-11-18,5262
3689,湧德,16,1,15,美好-楊梅,2024-11-18,5262
3284,太普高,15,0,15,美好-楊梅,2024-11-18,5262
2609,陽明,17,3,14,美好-楊梅,2024-11-18,5262
2330,台積電,14,0,14,美好-楊梅,2024-11-18,5262
2881,富邦金,13,0,13,美好-楊梅,2024-11-18,5262
3062,建漢,15,2,13,美好-楊梅,2024-11-18,5262
6658,聯策,14,1,13,美好-楊梅,2024-11-18,5262
2887,台新金,11,0,11,美好-楊梅,2024-11-18,5262
6133,金橋,25,14,11,美好-楊梅,2024-11-18,5262
00713,元大台灣高息低波,11,0,11,美好-楊梅,2024-11-18,5262
00952,凱基台灣AI50,10,0,10,美好-楊梅,2024-11-18,5262
1464,得力,10,0,10,美好-楊梅,2024-11-18,5262
2390,云辰,10,0,10,美好-楊梅,2024-11-18,5262
4513,福裕,10,0,10,美好-楊梅,2024-11-18,5262
6147,頎邦,10,0,10,美好-楊梅,2024-11-18,5262
6220,岳豐,10,0,10,美好-楊梅,2024-11-18,5262
8028,昇陽半導體,12,2,10,美好-楊梅,2024-11-18,5262
006208,富邦台50,10,0,10,美好-楊梅,2024-11-18,5262
2354,鴻準,34,24,10,美好-楊梅,2024-11-18,5262
2646,星宇航空,9,0,9,美好-楊梅,2024-11-18,5262
00943,兆豐電子高息等權,9,0,9,美好-楊梅,2024-11-18,5262
3037,欣興,11,3,8,美好-楊梅,2024-11-18,5262
6246,臺龍,9,1,8,美好-楊梅,2024-11-18,5262
1815,富喬,13,5,8,美好-楊梅,2024-11-18,5262
2323,中環,10,2,8,美好-楊梅,2024-11-18,5262
2413,環科,10,2,8,美好-楊梅,2024-11-18,5262
6284,佳邦,8,0,8,美好-楊梅,2024-11-18,5262
2382,廣達,13,5,8,美好-楊梅,2024-11-18,5262
1582,信錦,7,0,7,美好-楊梅,2024-11-18,5262
2363,矽統,10,3,7,美好-楊梅,2024-11-18,5262
3005,神基,7,0,7,美好-楊梅,2024-11-18,5262
6438,迅得,6,0,6,美好-楊梅,2024-11-18,5262
00959B,大華投等美債15Y+,100,0,100,美好-楊梅,2024-11-19,5262
00637L,元大滬深300正2,58,0,58,美好-楊梅,2024-11-19,5262
00915,凱基優選高股息30,53,0,53,美好-楊梅,2024-11-19,5262
00932,兆豐永續高息等權,52,0,52,美好-楊梅,2024-11-19,5262
5905,南仁湖,50,0,50,美好-楊梅,2024-11-19,5262
00929,復華台灣科技優息,80,30,50,美好-楊梅,2024-11-19,5262
3481,群創,47,3,44,美好-楊梅,2024-11-19,5262
2882,國泰金,39,2,37,美好-楊梅,2024-11-19,5262
00930,永豐ESG低碳高息,35,0,35,美好-楊梅,2024-11-19,5262
3234,光環,20,1,19,美好-楊梅,2024-11-19,5262
2317,鴻海,33,16,17,美好-楊梅,2024-11-19,5262
2356,英業達,30,16,14,美好-楊梅,2024-11-19,5262
2881,富邦金,15,2,13,美好-楊梅,2024-11-19,5262
2382,廣達,13,0,13,美好-楊梅,2024-11-19,5262
9105,泰金寶-DR,20,7,13,美好-楊梅,2024-11-19,5262
2642,宅配通,13,1,12,美好-楊梅,2024-11-19,5262
3710,連展投控,12,0,12,美好-楊梅,2024-11-19,5262
00878,國泰永續高股息,21,10,11,美好-楊梅,2024-11-19,5262
1301,台塑,13,2,11,美好-楊梅,2024-11-19,5262
3702,大聯大,11,0,11,美好-楊梅,2024-11-19,5262
2303,聯電,17,7,10,美好-楊梅,2024-11-19,5262
6523,達爾膚,10,0,10,美好-楊梅,2024-11-19,5262
8429,金麗-KY,10,0,10,美好-楊梅,2024-11-19,5262
2891,中信金,10,1,9,美好-楊梅,2024-11-19,5262
2349,錸德,36,27,9,美好-楊梅,2024-11-19,5262
2405,輔信,9,0,9,美好-楊梅,2024-11-19,5262
2431,聯昌,11,2,9,美好-楊梅,2024-11-19,5262
3050,鈺德,10,1,9,美好-楊梅,2024-11-19,5262
5465,富驊,20,11,9,美好-楊梅,2024-11-19,5262
0056,元大高股息,8,0,8,美好-楊梅,2024-11-19,5262
00964,中信亞太高股息,8,0,8,美好-楊梅,2024-11-19,5262
2363,矽統,12,4,8,美好-楊梅,2024-11-19,5262
3338,泰碩,9,1,8,美好-楊梅,2024-11-19,5262
5425,台半,8,0,8,美好-楊梅,2024-11-19,5262
2884,玉山金,7,0,7,美好-楊梅,2024-11-19,5262
2883,凱基金,11,5,6,美好-楊梅,2024-11-19,5262
2890,永豐金,6,0,6,美好-楊梅,2024-11-19,5262
4551,智伸科,6,0,6,美好-楊梅,2024-11-19,5262
6126,信音,7,1,6,美好-楊梅,2024-11-19,5262
8096,擎亞,6,0,6,美好-楊梅,2024-11-19,5262
2354,鴻準,43,37,6,美好-楊梅,2024-11-19,5262
6182,合晶,6,1,5,美好-楊梅,2024-11-19,5262
00960,野村全球航運龍頭,5,0,5,美好-楊梅,2024-11-19,5262
2362,藍天,5,0,5,美好-楊梅,2024-11-19,5262
2641,正德,5,0,5,美好-楊梅,2024-11-19,5262
2880,華南金,5,0,5,美好-楊梅,2024-11-19,5262
3499,環天科,5,0,5,美好-楊梅,2024-11-19,5262
5234,達興材料,6,1,5,美好-楊梅,2024-11-19,5262
6706,惠特,5,0,5,美好-楊梅,2024-11-19,5262
8028,昇陽半導體,10,5,5,美好-楊梅,2024-11-19,5262
00753L,中信中國50正2,105,0,105,美好-楊梅,2024-11-20,5262
2354,鴻準,129,47,82,美好-楊梅,2024-11-20,5262
2646,星宇航空,62,6,56,美好-楊梅,2024-11-20,5262
2303,聯電,55,19,36,美好-楊梅,2024-11-20,5262
00930,永豐ESG低碳高息,34,0,34,美好-楊梅,2024-11-20,5262
00891,中信關鍵半導體,25,0,25,美好-楊梅,2024-11-20,5262
00633L,富邦上証正2,20,0,20,美好-楊梅,2024-11-20,5262
00795B,中信美國公債20年,20,0,20,美好-楊梅,2024-11-20,5262
00959B,大華投等美債15Y+,20,0,20,美好-楊梅,2024-11-20,5262
3447,展達,23,5,18,美好-楊梅,2024-11-20,5262
6770,力積電,150,132,18,美好-楊梅,2024-11-20,5262
6182,合晶,19,2,17,美好-楊梅,2024-11-20,5262
9105,泰金寶-DR,29,14,15,美好-楊梅,2024-11-20,5262
2332,友訊,21,6,15,美好-楊梅,2024-11-20,5262
3189,景碩,17,3,14,美好-楊梅,2024-11-20,5262
00878,國泰永續高股息,40,27,13,美好-楊梅,2024-11-20,5262
2409,友達,13,0,13,美好-楊梅,2024-11-20,5262
3006,晶豪科,15,2,13,美好-楊梅,2024-11-20,5262
00927,群益半導體收益,12,0,12,美好-楊梅,2024-11-20,5262
1569,濱川,14,2,12,美好-楊梅,2024-11-20,5262
00940,元大台灣價值高息,15,3,12,美好-楊梅,2024-11-20,5262
2337,旺宏,10,0,10,美好-楊梅,2024-11-20,5262
3264,欣銓,10,0,10,美好-楊梅,2024-11-20,5262
4903,聯光通,10,0,10,美好-楊梅,2024-11-20,5262
6190,萬泰科,10,0,10,美好-楊梅,2024-11-20,5262
2313,華通,12,3,9,美好-楊梅,2024-11-20,5262
8032,光菱,15,7,8,美好-楊梅,2024-11-20,5262
2330,台積電,8,0,8,美好-楊梅,2024-11-20,5262
1301,台塑,7,0,7,美好-楊梅,2024-11-20,5262
2312,金寶,38,31,7,美好-楊梅,2024-11-20,5262
1815,富喬,27,20,7,美好-楊梅,2024-11-20,5262
0056,元大高股息,11,5,6,美好-楊梅,2024-11-20,5262
2887,台新金,6,0,6,美好-楊梅,2024-11-20,5262
3706,神達,128,122,6,美好-楊梅,2024-11-20,5262
2323,中環,10,4,6,美好-楊梅,2024-11-20,5262
2388,威盛,7,1,6,美好-楊梅,2024-11-20,5262
3232,昱捷,6,0,6,美好-楊梅,2024-11-20,5262
3323,加百裕,23,17,6,美好-楊梅,2024-11-20,5262
3715,定穎投控,6,0,6,美好-楊梅,2024-11-20,5262
5347,世界,6,0,6,美好-楊梅,2024-11-20,5262
8011,台通,6,0,6,美好-楊梅,2024-11-20,5262
8929,富堡,10,4,6,美好-楊梅,2024-11-20,5262
2834,臺企銀,8,2,6,美好-楊梅,2024-11-20,5262
2882,國泰金,6,0,6,美好-楊梅,2024-11-20,5262
2408,南亞科,5,0,5,美好-楊梅,2024-11-20,5262
9921,巨大,5,0,5,美好-楊梅,2024-11-20,5262
1609,大亞,5,0,5,美好-楊梅,2024-11-20,5262
2353,宏��,5,0,5,美好-楊梅,2024-11-20,5262
2355,敬鵬,5,0,5,美好-楊梅,2024-11-20,5262
2365,昆盈,10,5,5,美好-楊梅,2024-11-20,5262
00632R,元大台灣50反1,200,17,183,美好-楊梅,2024-11-21,5262
00953B,群益優選非投等債,100,0,100,美好-楊梅,2024-11-21,5262
00664R,國泰臺灣加權反1,100,0,100,美好-楊梅,2024-11-21,5262
006208,富邦台50,52,0,52,美好-楊梅,2024-11-21,5262
2867,三商壽,51,0,51,美好-楊梅,2024-11-21,5262
00919,群益台灣精選高息,36,1,35,美好-楊梅,2024-11-21,5262
3062,建漢,35,1,34,美好-楊梅,2024-11-21,5262
2303,聯電,39,7,32,美好-楊梅,2024-11-21,5262
00929,復華台灣科技優息,35,3,32,美好-楊梅,2024-11-21,5262
00891,中信關鍵半導體,30,0,30,美好-楊梅,2024-11-21,5262
6770,力積電,25,1,24,美好-楊梅,2024-11-21,5262
00930,永豐ESG低碳高息,25,1,24,美好-楊梅,2024-11-21,5262
2413,環科,30,6,24,美好-楊梅,2024-11-21,5262
1528,恩德,40,20,20,美好-楊梅,2024-11-21,5262
00932,兆豐永續高息等權,17,0,17,美好-楊梅,2024-11-21,5262
2317,鴻海,23,8,15,美好-楊梅,2024-11-21,5262
2354,鴻準,51,36,15,美好-楊梅,2024-11-21,5262
2344,華邦電,105,90,15,美好-楊梅,2024-11-21,5262
2409,友達,15,0,15,美好-楊梅,2024-11-21,5262
2330,台積電,13,0,13,美好-楊梅,2024-11-21,5262
1569,濱川,44,33,11,美好-楊梅,2024-11-21,5262
2882,國泰金,10,0,10,美好-楊梅,2024-11-21,5262
1584,精剛,10,0,10,美好-楊梅,2024-11-21,5262
2201,裕隆,10,0,10,美好-楊梅,2024-11-21,5262
2646,星宇航空,13,3,10,美好-楊梅,2024-11-21,5262
2890,永豐金,10,0,10,美好-楊梅,2024-11-21,5262
3447,展達,10,0,10,美好-楊梅,2024-11-21,5262
5876,上海商銀,10,0,10,美好-楊梅,2024-11-21,5262
8070,長華*,10,0,10,美好-楊梅,2024-11-21,5262
2883,凱基金,10,1,9,美好-楊梅,2024-11-21,5262
5438,東友,13,4,9,美好-楊梅,2024-11-21,5262
1301,台塑,11,2,9,美好-楊梅,2024-11-21,5262
00922,國泰台灣領袖50,9,1,8,美好-楊梅,2024-11-21,5262
00725B,國泰投資級公司債,7,0,7,美好-楊梅,2024-11-21,5262
3715,定穎投控,7,0,7,美好-楊梅,2024-11-21,5262
00943,兆豐電子高息等權,7,0,7,美好-楊梅,2024-11-21,5262
2615,萬海,39,32,7,美好-楊梅,2024-11-21,5262
1303,南亞,6,0,6,美好-楊梅,2024-11-21,5262
00830,國泰費城半導體,8,2,6,美好-楊梅,2024-11-21,5262
8032,光菱,9,3,6,美好-楊梅,2024-11-21,5262
2392,正崴,10,4,6,美好-楊梅,2024-11-21,5262
3296,勝德,6,0,6,美好-楊梅,2024-11-21,5262
4564,元翎,6,0,6,美好-楊梅,2024-11-21,5262
2603,長榮,18,12,6,美好-楊梅,2024-11-21,5262
00882,中信中國高股息,5,0,5,美好-楊梅,2024-11-21,5262
2539,櫻花建,6,1,5,美好-楊梅,2024-11-21,5262
1460,宏遠,5,0,5,美好-楊梅,2024-11-21,5262
2613,中櫃,6,1,5,美好-楊梅,2024-11-21,5262
3060,銘異,5,0,5,美好-楊梅,2024-11-21,5262
3581,博磊,7,2,5,美好-楊梅,2024-11-21,5262
00637L,元大滬深300正2,510,6,504,美好-楊梅,2024-11-22,5262
00632R,元大台灣50反1,120,0,120,美好-楊梅,2024-11-22,5262
00959B,大華投等美債15Y+,112,0,112,美好-楊梅,2024-11-22,5262
00664R,國泰臺灣加權反1,100,0,100,美好-楊梅,2024-11-22,5262
00937B,群益ESG投等債20,89,9,80,美好-楊梅,2024-11-22,5262
3511,矽瑪,43,6,37,美好-楊梅,2024-11-22,5262
00665L,富邦�琤肭磪囓�2,191,158,33,美好-楊梅,2024-11-22,5262
2303,聯電,37,6,31,美好-楊梅,2024-11-22,5262
2349,錸德,31,3,28,美好-楊梅,2024-11-22,5262
3323,加百裕,66,38,28,美好-楊梅,2024-11-22,5262
2609,陽明,76,48,28,美好-楊梅,2024-11-22,5262
2881,富邦金,30,3,27,美好-楊梅,2024-11-22,5262
00930,永豐ESG低碳高息,42,19,23,美好-楊梅,2024-11-22,5262
3015,全漢,20,0,20,美好-楊梅,2024-11-22,5262
8044,網家,20,2,18,美好-楊梅,2024-11-22,5262
6770,力積電,48,30,18,美好-楊梅,2024-11-22,5262
2354,鴻準,57,39,18,美好-楊梅,2024-11-22,5262
2204,中華,45,28,17,美好-楊梅,2024-11-22,5262
00878,國泰永續高股息,16,1,15,美好-楊梅,2024-11-22,5262
8104,錸寶,58,44,14,美好-楊梅,2024-11-22,5262
00882,中信中國高股息,14,0,14,美好-楊梅,2024-11-22,5262
2615,萬海,26,13,13,美好-楊梅,2024-11-22,5262
4956,光鋐,17,5,12,美好-楊梅,2024-11-22,5262
8163,達方,16,4,12,美好-楊梅,2024-11-22,5262
00953B,群益優選非投等債,11,0,11,美好-楊梅,2024-11-22,5262
00964,中信亞太高股息,10,0,10,美好-楊梅,2024-11-22,5262
2891,中信金,11,1,10,美好-楊梅,2024-11-22,5262
4157,太景*-KY,10,0,10,美好-楊梅,2024-11-22,5262
6134,萬旭,9,0,9,美好-楊梅,2024-11-22,5262
1569,濱川,35,26,9,美好-楊梅,2024-11-22,5262
2317,鴻海,20,12,8,美好-楊梅,2024-11-22,5262
2356,英業達,27,19,8,美好-楊梅,2024-11-22,5262
0056,元大高股息,9,2,7,美好-楊梅,2024-11-22,5262
1301,台塑,7,0,7,美好-楊梅,2024-11-22,5262
2363,矽統,11,4,7,美好-楊梅,2024-11-22,5262
4919,新唐,9,2,7,美好-楊梅,2024-11-22,5262
2646,星宇航空,8,1,7,美好-楊梅,2024-11-22,5262
00679B,元大美債20年,7,1,6,美好-楊梅,2024-11-22,5262
2495,普安,6,0,6,美好-楊梅,2024-11-22,5262
3059,華晶科,6,0,6,美好-楊梅,2024-11-22,5262
3189,景碩,11,5,6,美好-楊梅,2024-11-22,5262
2603,長榮,14,8,6,美好-楊梅,2024-11-22,5262
2880,華南金,5,0,5,美好-楊梅,2024-11-22,5262
00725B,國泰投資級公司債,5,0,5,美好-楊梅,2024-11-22,5262
1536,和大,12,7,5,美好-楊梅,2024-11-22,5262
2324,仁寶,9,4,5,美好-楊梅,2024-11-22,5262
2353,宏��,5,0,5,美好-楊梅,2024-11-22,5262
2388,威盛,5,0,5,美好-楊梅,2024-11-22,5262
3037,欣興,7,2,5,美好-楊梅,2024-11-22,5262
3050,鈺德,10,5,5,美好-楊梅,2024-11-22,5262
2371,大同,112,34,78,美好-楊梅,2024-11-25,5262
2354,鴻準,94,26,68,美好-楊梅,2024-11-25,5262
00632R,元大台灣50反1,55,0,55,美好-楊梅,2024-11-25,5262
5876,上海商銀,41,1,40,美好-楊梅,2024-11-25,5262
9105,泰金寶-DR,111,75,36,美好-楊梅,2024-11-25,5262
00919,群益台灣精選高息,35,0,35,美好-楊梅,2024-11-25,5262
1815,富喬,98,66,32,美好-楊梅,2024-11-25,5262
2204,中華,44,14,30,美好-楊梅,2024-11-25,5262
6288,聯嘉,29,3,26,美好-楊梅,2024-11-25,5262
00930,永豐ESG低碳高息,25,0,25,美好-楊梅,2024-11-25,5262
00665L,富邦�琤肭磪囓�2,57,36,21,美好-楊梅,2024-11-25,5262
3260,威剛,21,1,20,美好-楊梅,2024-11-25,5262
6213,聯茂,23,4,19,美好-楊梅,2024-11-25,5262
4513,福裕,21,2,19,美好-楊梅,2024-11-25,5262
2312,金寶,146,128,18,美好-楊梅,2024-11-25,5262
2610,華航,20,4,16,美好-楊梅,2024-11-25,5262
6770,力積電,86,71,15,美好-楊梅,2024-11-25,5262
00637L,元大滬深300正2,21,7,14,美好-楊梅,2024-11-25,5262
2615,萬海,41,27,14,美好-楊梅,2024-11-25,5262
2332,友訊,15,2,13,美好-楊梅,2024-11-25,5262
3284,太普高,13,0,13,美好-楊梅,2024-11-25,5262
2344,華邦電,43,30,13,美好-楊梅,2024-11-25,5262
1466,聚隆,12,0,12,美好-楊梅,2024-11-25,5262
2482,連宇,12,0,12,美好-楊梅,2024-11-25,5262
1303,南亞,11,0,11,美好-楊梅,2024-11-25,5262
5457,宣德,11,1,10,美好-楊梅,2024-11-25,5262
6271,同欣電,10,0,10,美好-楊梅,2024-11-25,5262
6629,泰金-KY,10,0,10,美好-楊梅,2024-11-25,5262
8096,擎亞,15,5,10,美好-楊梅,2024-11-25,5262
2603,長榮,18,8,10,美好-楊梅,2024-11-25,5262
2303,聯電,13,4,9,美好-楊梅,2024-11-25,5262
5465,富驊,17,8,9,美好-楊梅,2024-11-25,5262
3481,群創,22,14,8,美好-楊梅,2024-11-25,5262
6116,彩晶,8,0,8,美好-楊梅,2024-11-25,5262
6531,愛普*,9,1,8,美好-楊梅,2024-11-25,5262
0056,元大高股息,7,0,7,美好-楊梅,2024-11-25,5262
2349,錸德,9,2,7,美好-楊梅,2024-11-25,5262
3037,欣興,10,3,7,美好-楊梅,2024-11-25,5262
00877,復華中國5G,6,0,6,美好-楊梅,2024-11-25,5262
2611,志信,6,0,6,美好-楊梅,2024-11-25,5262
4576,大銀微系統,6,0,6,美好-楊梅,2024-11-25,5262
4931,新盛力,7,1,6,美好-楊梅,2024-11-25,5262
2618,長榮航,61,55,6,美好-楊梅,2024-11-25,5262
00882,中信中國高股息,5,0,5,美好-楊梅,2024-11-25,5262
00887,永豐中國科技50大,23,18,5,美好-楊梅,2024-11-25,5262
2323,中環,10,5,5,美好-楊梅,2024-11-25,5262
2885,元大金,5,0,5,美好-楊梅,2024-11-25,5262
2915,潤泰全,5,0,5,美好-楊梅,2024-11-25,5262
4916,事欣科,5,0,5,美好-楊梅,2024-11-25,5262
6197,佳必琪,6,1,5,美好-楊梅,2024-11-25,5262
00951,台新日本半導體,123,0,123,美好-楊梅,2024-11-26,5262
2344,華邦電,153,100,53,美好-楊梅,2024-11-26,5262
00917,中信特選金融,38,0,38,美好-楊梅,2024-11-26,5262
2317,鴻海,72,34,38,美好-楊梅,2024-11-26,5262
00919,群益台灣精選高息,33,0,33,美好-楊梅,2024-11-26,5262
00940,元大台灣價值高息,31,0,31,美好-楊梅,2024-11-26,5262
00878,國泰永續高股息,28,0,28,美好-楊梅,2024-11-26,5262
2332,友訊,28,0,28,美好-楊梅,2024-11-26,5262
2312,金寶,45,18,27,美好-楊梅,2024-11-26,5262
8044,網家,27,4,23,美好-楊梅,2024-11-26,5262
00918,大華優利高填息30,23,0,23,美好-楊梅,2024-11-26,5262
2812,台中銀,20,0,20,美好-楊梅,2024-11-26,5262
2472,立隆電,20,1,19,美好-楊梅,2024-11-26,5262
3338,泰碩,19,1,18,美好-楊梅,2024-11-26,5262
2367,燿華,26,8,18,美好-楊梅,2024-11-26,5262
00930,永豐ESG低碳高息,18,1,17,美好-楊梅,2024-11-26,5262
2515,中工,16,0,16,美好-楊梅,2024-11-26,5262
6223,旺矽,17,1,16,美好-楊梅,2024-11-26,5262
00939,統一台灣高息動能,15,0,15,美好-楊梅,2024-11-26,5262
00937B,群益ESG投等債20,62,48,14,美好-楊梅,2024-11-26,5262
5309,系統電,36,22,14,美好-楊梅,2024-11-26,5262
2889,國票金,15,1,14,美好-楊梅,2024-11-26,5262
2609,陽明,21,8,13,美好-楊梅,2024-11-26,5262
2371,大同,18,6,12,美好-楊梅,2024-11-26,5262
00669R,國泰美國道瓊反1,12,0,12,美好-楊梅,2024-11-26,5262
1432,大魯閣,12,0,12,美好-楊梅,2024-11-26,5262
3231,緯創,14,2,12,美好-楊梅,2024-11-26,5262
9945,潤泰新,11,0,11,美好-楊梅,2024-11-26,5262
00891,中信關鍵半導體,11,0,11,美好-楊梅,2024-11-26,5262
3597,映興,40,29,11,美好-楊梅,2024-11-26,5262
5534,長虹,11,0,11,美好-楊梅,2024-11-26,5262
2328,廣宇,10,0,10,美好-楊梅,2024-11-26,5262
0056,元大高股息,10,1,9,美好-楊梅,2024-11-26,5262
2354,鴻準,28,19,9,美好-楊梅,2024-11-26,5262
1471,首利,9,0,9,美好-楊梅,2024-11-26,5262
3323,加百裕,78,69,9,美好-楊梅,2024-11-26,5262
6488,環球晶,9,0,9,美好-楊梅,2024-11-26,5262
1802,台玻,12,4,8,美好-楊梅,2024-11-26,5262
912000,晨訊科-DR,8,0,8,美好-楊梅,2024-11-26,5262
2645,長榮航太,7,0,7,美好-楊梅,2024-11-26,5262
6282,康舒,14,7,7,美好-楊梅,2024-11-26,5262
3090,日電貿,10,3,7,美好-楊梅,2024-11-26,5262
3296,勝德,6,0,6,美好-楊梅,2024-11-26,5262
4977,眾達-KY,7,1,6,美好-楊梅,2024-11-26,5262
2449,京元電子,6,0,6,美好-楊梅,2024-11-26,5262
6438,迅得,8,3,5,美好-楊梅,2024-11-26,5262
2204,中華,29,24,5,美好-楊梅,2024-11-26,5262
00953B,群益優選非投等債,5,0,5,美好-楊梅,2024-11-26,5262
9939,宏全,5,0,5,美好-楊梅,2024-11-26,5262
00712,復華富時不動產,5,0,5,美好-楊梅,2024-11-26,5262
00929,復華台灣科技優息,119,0,119,美好-楊梅,2024-11-27,5262
00878,國泰永續高股息,101,1,100,美好-楊梅,2024-11-27,5262
2344,華邦電,94,0,94,美好-楊梅,2024-11-27,5262
0056,元大高股息,90,0,90,美好-楊梅,2024-11-27,5262
00919,群益台灣精選高息,74,1,73,美好-楊梅,2024-11-27,5262
6278,台表科,69,2,67,美好-楊梅,2024-11-27,5262
2303,聯電,83,23,60,美好-楊梅,2024-11-27,5262
3231,緯創,49,4,45,美好-楊梅,2024-11-27,5262
00918,大華優利高填息30,36,0,36,美好-楊梅,2024-11-27,5262
2317,鴻海,72,36,36,美好-楊梅,2024-11-27,5262
2062,橋椿,26,0,26,美好-楊梅,2024-11-27,5262
1815,富喬,61,40,21,美好-楊梅,2024-11-27,5262
1526,日馳,20,0,20,美好-楊梅,2024-11-27,5262
00922,國泰台灣領袖50,19,0,19,美好-楊梅,2024-11-27,5262
4526,東台,27,8,19,美好-楊梅,2024-11-27,5262
3037,欣興,18,0,18,美好-楊梅,2024-11-27,5262
2323,中環,17,0,17,美好-楊梅,2024-11-27,5262
2382,廣達,21,5,16,美好-楊梅,2024-11-27,5262
2204,中華,28,11,17,美好-楊梅,2024-11-27,5262
6558,興能高,25,9,16,美好-楊梅,2024-11-27,5262
1314,中石化,15,0,15,美好-楊梅,2024-11-27,5262
00945B,凱基美國非投等債,14,0,14,美好-楊梅,2024-11-27,5262
2349,錸德,14,0,14,美好-楊梅,2024-11-27,5262
6234,高僑,14,0,14,美好-楊梅,2024-11-27,5262
9105,泰金寶-DR,33,20,13,美好-楊梅,2024-11-27,5262
2002,中鋼,13,0,13,美好-楊梅,2024-11-27,5262
3021,鴻名,23,10,13,美好-楊梅,2024-11-27,5262
2881,富邦金,11,0,11,美好-楊梅,2024-11-27,5262
00927,群益半導體收益,11,0,11,美好-楊梅,2024-11-27,5262
2641,正德,11,0,11,美好-楊梅,2024-11-27,5262
3447,展達,11,0,11,美好-楊梅,2024-11-27,5262
4541,晟田,11,0,11,美好-楊梅,2024-11-27,5262
2392,正崴,36,25,11,美好-楊梅,2024-11-27,5262
2330,台積電,17,6,11,美好-楊梅,2024-11-27,5262
00905,FT臺灣Smart,11,0,11,美好-楊梅,2024-11-27,5262
1582,信錦,10,0,10,美好-楊梅,2024-11-27,5262
2302,麗正,10,0,10,美好-楊梅,2024-11-27,5262
2906,高林,10,0,10,美好-楊梅,2024-11-27,5262
3623,富晶通,10,0,10,美好-楊梅,2024-11-27,5262
6491,晶碩,10,0,10,美好-楊梅,2024-11-27,5262
006208,富邦台50,12,2,10,美好-楊梅,2024-11-27,5262
2408,南亞科,10,1,9,美好-楊梅,2024-11-27,5262
2329,華泰,10,1,9,美好-楊梅,2024-11-27,5262
2605,新興,20,11,9,美好-楊梅,2024-11-27,5262
4562,穎漢,19,10,9,美好-楊梅,2024-11-27,5262
3706,神達,48,39,9,美好-楊梅,2024-11-27,5262
2476,鉅祥,8,0,8,美好-楊梅,2024-11-27,5262
1301,台塑,8,0,8,美好-楊梅,2024-11-27,5262
3708,上緯投控,8,0,8,美好-楊梅,2024-11-27,5262
4931,新盛力,13,5,8,美好-楊梅,2024-11-27,5262
00878,國泰永續高股息,143,5,138,美好-楊梅,2024-11-28,5262
00632R,元大台灣50反1,105,27,78,美好-楊梅,2024-11-28,5262
2312,金寶,116,43,73,美好-楊梅,2024-11-28,5262
00919,群益台灣精選高息,70,1,69,美好-楊梅,2024-11-28,5262
00932,兆豐永續高息等權,72,7,65,美好-楊梅,2024-11-28,5262
00664R,國泰臺灣加權反1,50,0,50,美好-楊梅,2024-11-28,5262
0056,元大高股息,46,0,46,美好-楊梅,2024-11-28,5262
2344,華邦電,46,0,46,美好-楊梅,2024-11-28,5262
6182,合晶,36,0,36,美好-楊梅,2024-11-28,5262
00940,元大台灣價值高息,38,4,34,美好-楊梅,2024-11-28,5262
1305,華夏,35,1,34,美好-楊梅,2024-11-28,5262
1304,台聚,30,0,30,美好-楊梅,2024-11-28,5262
1815,富喬,70,41,29,美好-楊梅,2024-11-28,5262
2329,華泰,25,0,25,美好-楊梅,2024-11-28,5262
4510,高鋒,47,26,21,美好-楊梅,2024-11-28,5262
1802,台玻,18,0,18,美好-楊梅,2024-11-28,5262
2610,華航,25,7,18,美好-楊梅,2024-11-28,5262
00918,大華優利高填息30,16,0,16,美好-楊梅,2024-11-28,5262
2498,宏達電,16,0,16,美好-楊梅,2024-11-28,5262
3031,佰鴻,16,0,16,美好-楊梅,2024-11-28,5262
00929,復華台灣科技優息,57,42,15,美好-楊梅,2024-11-28,5262
2303,聯電,51,36,15,美好-楊梅,2024-11-28,5262
00959B,大華投等美債15Y+,15,0,15,美好-楊梅,2024-11-28,5262
1605,華新,16,1,15,美好-楊梅,2024-11-28,5262
2208,台船,15,0,15,美好-楊梅,2024-11-28,5262
2330,台積電,16,2,14,美好-楊梅,2024-11-28,5262
8038,長園科,13,0,13,美好-楊梅,2024-11-28,5262
00915,凱基優選高股息30,12,0,12,美好-楊梅,2024-11-28,5262
4562,穎漢,13,1,12,美好-楊梅,2024-11-28,5262
3231,緯創,19,7,12,美好-楊梅,2024-11-28,5262
3380,明泰,14,2,12,美好-楊梅,2024-11-28,5262
2332,友訊,39,28,11,美好-楊梅,2024-11-28,5262
2371,大同,24,13,11,美好-楊梅,2024-11-28,5262
8096,擎亞,11,0,11,美好-楊梅,2024-11-28,5262
2646,星宇航空,17,7,10,美好-楊梅,2024-11-28,5262
00936,台新永續高息中小,10,0,10,美好-楊梅,2024-11-28,5262
00715L,期街口布蘭特正2,10,0,10,美好-楊梅,2024-11-28,5262
00951,台新日本半導體,10,0,10,美好-楊梅,2024-11-28,5262
1536,和大,35,25,10,美好-楊梅,2024-11-28,5262
6174,安��,12,2,10,美好-楊梅,2024-11-28,5262
2884,玉山金,10,1,9,美好-楊梅,2024-11-28,5262
00633L,富邦上証正2,10,1,9,美好-楊梅,2024-11-28,5262
3339,泰谷,11,2,9,美好-楊梅,2024-11-28,5262
6134,萬旭,9,1,8,美好-楊梅,2024-11-28,5262
8171,天宇,8,0,8,美好-楊梅,2024-11-28,5262
8240,華宏,15,7,8,美好-楊梅,2024-11-28,5262
1402,遠東新,7,0,7,美好-楊梅,2024-11-28,5262
3711,日月光投控,8,1,7,美好-楊梅,2024-11-28,5262
2204,中華,16,9,7,美好-楊梅,2024-11-28,5262
006208,富邦台50,6,0,6,美好-楊梅,2024-11-28,5262
2302,麗正,250,10,240,美好-楊梅,2024-11-29,5262
9105,泰金寶-DR,165,22,143,美好-楊梅,2024-11-29,5262
2888,新光金,86,0,86,美好-楊梅,2024-11-29,5262
00878,國泰永續高股息,51,0,51,美好-楊梅,2024-11-29,5262
1304,台聚,48,0,48,美好-楊梅,2024-11-29,5262
2929,淘帝-KY,51,3,48,美好-楊梅,2024-11-29,5262
1305,華夏,40,0,40,美好-楊梅,2024-11-29,5262
00929,復華台灣科技優息,50,12,38,美好-楊梅,2024-11-29,5262
2392,正崴,42,9,33,美好-楊梅,2024-11-29,5262
1519,華城,29,3,26,美好-楊梅,2024-11-29,5262
2603,長榮,27,2,25,美好-楊梅,2024-11-29,5262
2344,華邦電,23,1,22,美好-楊梅,2024-11-29,5262
00932,兆豐永續高息等權,20,0,20,美好-楊梅,2024-11-29,5262
2890,永豐金,20,0,20,美好-楊梅,2024-11-29,5262
4562,穎漢,23,3,20,美好-楊梅,2024-11-29,5262
2915,潤泰全,20,1,19,美好-楊梅,2024-11-29,5262
0056,元大高股息,18,0,18,美好-楊梅,2024-11-29,5262
00915,凱基優選高股息30,18,0,18,美好-楊梅,2024-11-29,5262
00918,大華優利高填息30,18,1,17,美好-楊梅,2024-11-29,5262
00946,群益科技高息成長,20,5,15,美好-楊梅,2024-11-29,5262
00900,富邦特選高股息30,14,0,14,美好-楊梅,2024-11-29,5262
00919,群益台灣精選高息,13,0,13,美好-楊梅,2024-11-29,5262
3712,永崴投控,12,0,12,美好-楊梅,2024-11-29,5262
00953B,群益優選非投等債,12,0,12,美好-楊梅,2024-11-29,5262
5309,系統電,29,17,12,美好-楊梅,2024-11-29,5262
006208,富邦台50,12,0,12,美好-楊梅,2024-11-29,5262
1449,佳和,12,2,10,美好-楊梅,2024-11-29,5262
2308,台達電,10,0,10,美好-楊梅,2024-11-29,5262
3576,聯合再生,10,0,10,美好-楊梅,2024-11-29,5262
2457,飛宏,18,8,10,美好-楊梅,2024-11-29,5262
2317,鴻海,20,11,9,美好-楊梅,2024-11-29,5262
2615,萬海,12,4,8,美好-楊梅,2024-11-29,5262
2891,中信金,8,0,8,美好-楊梅,2024-11-29,5262
5880,合庫金,7,0,7,美好-楊梅,2024-11-29,5262
1301,台塑,10,3,7,美好-楊梅,2024-11-29,5262
2408,南亞科,8,1,7,美好-楊梅,2024-11-29,5262
1303,南亞,7,0,7,美好-楊梅,2024-11-29,5262
00940,元大台灣價值高息,7,0,7,美好-楊梅,2024-11-29,5262
2436,偉詮電,7,0,7,美好-楊梅,2024-11-29,5262
3710,連展投控,7,0,7,美好-楊梅,2024-11-29,5262
00922,國泰台灣領袖50,6,0,6,美好-楊梅,2024-11-29,5262
00950B,凱基A級公司債,6,0,6,美好-楊梅,2024-11-29,5262
2204,中華,7,1,6,美好-楊梅,2024-11-29,5262
8044,網家,9,3,6,美好-楊梅,2024-11-29,5262
9958,世紀鋼,6,0,6,美好-楊梅,2024-11-29,5262
8042,金山電,7,1,6,美好-楊梅,2024-11-29,5262
3037,欣興,5,0,5,美好-楊梅,2024-11-29,5262
00633L,富邦上証正2,6,1,5,美好-楊梅,2024-11-29,5262
00725B,國泰投資級公司債,5,0,5,美好-楊梅,2024-11-29,5262
00951,台新日本半導體,5,0,5,美好-楊梅,2024-11-29,5262
3706,神達,127,30,97,美好-楊梅,2024-12-02,5262
00918,大華優利高填息30,94,4,90,美好-楊梅,2024-12-02,5262
00637L,元大滬深300正2,63,3,60,美好-楊梅,2024-12-02,5262
2313,華通,60,2,58,美好-楊梅,2024-12-02,5262
00664R,國泰臺灣加權反1,50,0,50,美好-楊梅,2024-12-02,5262
00632R,元大台灣50反1,50,0,50,美好-楊梅,2024-12-02,5262
9105,泰金寶-DR,64,14,50,美好-楊梅,2024-12-02,5262
2495,普安,41,0,41,美好-楊梅,2024-12-02,5262
2331,精英,40,0,40,美好-楊梅,2024-12-02,5262
00940,元大台灣價值高息,50,11,39,美好-楊梅,2024-12-02,5262
1305,華夏,37,0,37,美好-楊梅,2024-12-02,5262
1301,台塑,32,1,31,美好-楊梅,2024-12-02,5262
2880,華南金,40,11,29,美好-楊梅,2024-12-02,5262
2337,旺宏,28,0,28,美好-楊梅,2024-12-02,5262
00878,國泰永續高股息,25,1,24,美好-楊梅,2024-12-02,5262
2812,台中銀,22,0,22,美好-楊梅,2024-12-02,5262
2344,華邦電,51,31,20,美好-楊梅,2024-12-02,5262
2328,廣宇,18,0,18,美好-楊梅,2024-12-02,5262
1605,華新,22,5,17,美好-楊梅,2024-12-02,5262
00676R,富邦臺灣加權反1,15,0,15,美好-楊梅,2024-12-02,5262
3211,順達,37,23,14,美好-楊梅,2024-12-02,5262
2302,麗正,16,3,13,美好-楊梅,2024-12-02,5262
1540,喬福,13,0,13,美好-楊梅,2024-12-02,5262
6127,九豪,13,1,12,美好-楊梅,2024-12-02,5262
3090,日電貿,11,0,11,美好-楊梅,2024-12-02,5262
00715L,期街口布蘭特正2,10,0,10,美好-楊梅,2024-12-02,5262
1314,中石化,10,0,10,美好-楊梅,2024-12-02,5262
1316,上曜,10,0,10,美好-楊梅,2024-12-02,5262
1609,大亞,10,0,10,美好-楊梅,2024-12-02,5262
2323,中環,10,0,10,美好-楊梅,2024-12-02,5262
3284,太普高,10,0,10,美好-楊梅,2024-12-02,5262
8171,天宇,15,5,10,美好-楊梅,2024-12-02,5262
8240,華宏,10,0,10,美好-楊梅,2024-12-02,5262
1210,大成,10,1,9,美好-楊梅,2024-12-02,5262
2929,淘帝-KY,21,12,9,美好-楊梅,2024-12-02,5262
3036,文曄,10,1,9,美好-楊梅,2024-12-02,5262
8163,達方,9,0,9,美好-楊梅,2024-12-02,5262
00953B,群益優選非投等債,10,2,8,美好-楊梅,2024-12-02,5262
1582,信錦,8,0,8,美好-楊梅,2024-12-02,5262
2014,中鴻,8,0,8,美好-楊梅,2024-12-02,5262
2886,兆豐金,8,0,8,美好-楊梅,2024-12-02,5262
3231,緯創,16,8,8,美好-楊梅,2024-12-02,5262
3380,明泰,10,2,8,美好-楊梅,2024-12-02,5262
4716,大立,22,14,8,美好-楊梅,2024-12-02,5262
8374,羅昇,8,0,8,美好-楊梅,2024-12-02,5262
3323,加百裕,42,34,8,美好-楊梅,2024-12-02,5262
2317,鴻海,20,13,7,美好-楊梅,2024-12-02,5262
2312,金寶,19,12,7,美好-楊梅,2024-12-02,5262
6139,亞翔,9,2,7,美好-楊梅,2024-12-02,5262
0056,元大高股息,9,2,7,美好-楊梅,2024-12-02,5262
00919,群益台灣精選高息,127,23,104,美好-楊梅,2024-12-03,5262
00918,大華優利高填息30,87,1,86,美好-楊梅,2024-12-03,5262
5871,中租-KY,56,0,56,美好-楊梅,2024-12-03,5262
2313,華通,47,5,42,美好-楊梅,2024-12-03,5262
2646,星宇航空,40,7,33,美好-楊梅,2024-12-03,5262
00945B,凱基美國非投等債,30,0,30,美好-楊梅,2024-12-03,5262
2897,王道銀行,30,0,30,美好-楊梅,2024-12-03,5262
5309,系統電,33,5,28,美好-楊梅,2024-12-03,5262
00915,凱基優選高股息30,27,0,27,美好-楊梅,2024-12-03,5262
2312,金寶,36,13,23,美好-楊梅,2024-12-03,5262
2303,聯電,40,19,21,美好-楊梅,2024-12-03,5262
2344,華邦電,21,0,21,美好-楊梅,2024-12-03,5262
2607,榮運,20,0,20,美好-楊梅,2024-12-03,5262
2929,淘帝-KY,20,0,20,美好-楊梅,2024-12-03,5262
4564,元翎,20,0,20,美好-楊梅,2024-12-03,5262
5481,新華,20,0,20,美好-楊梅,2024-12-03,5262
3625,西勝,19,1,18,美好-楊梅,2024-12-03,5262
2405,輔信,23,6,17,美好-楊梅,2024-12-03,5262
6558,興能高,23,10,13,美好-楊梅,2024-12-03,5262
2409,友達,12,0,12,美好-楊梅,2024-12-03,5262
6416,瑞祺電通,12,0,12,美好-楊梅,2024-12-03,5262
6288,聯嘉,14,3,11,美好-楊梅,2024-12-03,5262
00671R,富邦NASDAQ反1,10,0,10,美好-楊梅,2024-12-03,5262
1702,南僑,10,0,10,美好-楊梅,2024-12-03,5262
3049,精金,10,0,10,美好-楊梅,2024-12-03,5262
3234,光環,12,2,10,美好-楊梅,2024-12-03,5262
4123,晟德,9,0,9,美好-楊梅,2024-12-03,5262
5475,德宏,9,0,9,美好-楊梅,2024-12-03,5262
8096,擎亞,9,0,9,美好-楊梅,2024-12-03,5262
8038,長園科,12,4,8,美好-楊梅,2024-12-03,5262
3037,欣興,14,6,8,美好-楊梅,2024-12-03,5262
2630,亞航,8,0,8,美好-楊梅,2024-12-03,5262
2356,英業達,9,2,7,美好-楊梅,2024-12-03,5262
4904,遠傳,7,0,7,美好-楊梅,2024-12-03,5262
2317,鴻海,19,13,6,美好-楊梅,2024-12-03,5262
4977,眾達-KY,13,6,7,美好-楊梅,2024-12-03,5262
00903,富邦元宇宙,6,0,6,美好-楊梅,2024-12-03,5262
2382,廣達,9,3,6,美好-楊梅,2024-12-03,5262
3090,日電貿,12,6,6,美好-楊梅,2024-12-03,5262
3499,環天科,6,0,6,美好-楊梅,2024-12-03,5262
6122,擎邦,6,0,6,美好-楊梅,2024-12-03,5262
6189,豐藝,6,0,6,美好-楊梅,2024-12-03,5262
8028,昇陽半導體,6,0,6,美好-楊梅,2024-12-03,5262
00878,國泰永續高股息,10,5,5,美好-楊梅,2024-12-03,5262
00930,永豐ESG低碳高息,5,0,5,美好-楊梅,2024-12-03,5262
00637L,元大滬深300正2,7,2,5,美好-楊梅,2024-12-03,5262
00953B,群益優選非投等債,5,0,5,美好-楊梅,2024-12-03,5262
2233,宇隆,5,0,5,美好-楊梅,2024-12-03,5262
2385,群光,5,0,5,美好-楊梅,2024-12-03,5262
2419,仲琦,6,1,5,美好-楊梅,2024-12-03,5262
00933B,國泰10Y+金融債,102,0,102,美好-楊梅,2024-12-04,5262
00919,群益台灣精選高息,85,24,61,美好-楊梅,2024-12-04,5262
4958,臻鼎-KY,63,3,60,美好-楊梅,2024-12-04,5262
00959B,大華投等美債15Y+,47,0,47,美好-楊梅,2024-12-04,5262
2431,聯昌,40,0,40,美好-楊梅,2024-12-04,5262
5392,能率,32,0,32,美好-楊梅,2024-12-04,5262
00945B,凱基美國非投等債,31,0,31,美好-楊梅,2024-12-04,5262
00918,大華優利高填息30,27,0,27,美好-楊梅,2024-12-04,5262
2337,旺宏,25,0,25,美好-楊梅,2024-12-04,5262
2457,飛宏,33,11,22,美好-楊梅,2024-12-04,5262
2605,新興,21,0,21,美好-楊梅,2024-12-04,5262
2329,華泰,52,32,20,美好-楊梅,2024-12-04,5262
00915,凱基優選高股息30,18,0,18,美好-楊梅,2024-12-04,5262
2419,仲琦,22,4,18,美好-楊梅,2024-12-04,5262
00951,台新日本半導體,15,0,15,美好-楊梅,2024-12-04,5262
3625,西勝,15,2,13,美好-楊梅,2024-12-04,5262
2354,鴻準,28,16,12,美好-楊梅,2024-12-04,5262
2542,興富發,12,0,12,美好-楊梅,2024-12-04,5262
2891,中信金,18,6,12,美好-楊梅,2024-12-04,5262
3356,奇偶,12,0,12,美好-楊梅,2024-12-04,5262
1301,台塑,11,0,11,美好-楊梅,2024-12-04,5262
00909,國泰數位支付服務,10,0,10,美好-楊梅,2024-12-04,5262
00671R,富邦NASDAQ反1,10,0,10,美好-楊梅,2024-12-04,5262
2314,台揚,10,0,10,美好-楊梅,2024-12-04,5262
2897,王道銀行,10,0,10,美好-楊梅,2024-12-04,5262
4968,立積,10,0,10,美好-楊梅,2024-12-04,5262
8042,金山電,12,2,10,美好-楊梅,2024-12-04,5262
2344,華邦電,11,2,9,美好-楊梅,2024-12-04,5262
2426,鼎元,12,3,9,美好-楊梅,2024-12-04,5262
6174,安��,11,2,9,美好-楊梅,2024-12-04,5262
3706,神達,49,41,8,美好-楊梅,2024-12-04,5262
2467,志聖,9,1,8,美好-楊梅,2024-12-04,5262
0056,元大高股息,8,0,8,美好-楊梅,2024-12-04,5262
2834,臺企銀,7,0,7,美好-楊梅,2024-12-04,5262
1513,中興電,7,0,7,美好-楊梅,2024-12-04,5262
3380,明泰,12,6,6,美好-楊梅,2024-12-04,5262
2062,橋椿,7,1,6,美好-楊梅,2024-12-04,5262
2312,金寶,7,1,6,美好-楊梅,2024-12-04,5262
2382,廣達,6,0,6,美好-楊梅,2024-12-04,5262
5475,德宏,6,0,6,美好-楊梅,2024-12-04,5262
6124,業強,6,0,6,美好-楊梅,2024-12-04,5262
2327,國巨,5,0,5,美好-楊梅,2024-12-04,5262
1471,首利,5,0,5,美好-楊梅,2024-12-04,5262
2637,慧洋-KY,5,0,5,美好-楊梅,2024-12-04,5262
2890,永豐金,5,0,5,美好-楊梅,2024-12-04,5262
3287,廣寰科,5,0,5,美好-楊梅,2024-12-04,5262
6151,晉倫,5,0,5,美好-楊梅,2024-12-04,5262
6239,力成,5,0,5,美好-楊梅,2024-12-04,5262
6438,迅得,7,2,5,美好-楊梅,2024-12-04,5262
6770,力積電,5,0,5,美好-楊梅,2024-12-04,5262
00953B,群益優選非投等債,171,0,171,美好-楊梅,2024-12-05,5262
00946,群益科技高息成長,104,2,102,美好-楊梅,2024-12-05,5262
1312,國喬,100,0,100,美好-楊梅,2024-12-05,5262
2303,聯電,77,11,66,美好-楊梅,2024-12-05,5262
00919,群益台灣精選高息,59,5,54,美好-楊梅,2024-12-05,5262
1710,東聯,50,0,50,美好-楊梅,2024-12-05,5262
6127,九豪,62,12,50,美好-楊梅,2024-12-05,5262
1815,富喬,129,80,49,美好-楊梅,2024-12-05,5262
1611,中電,51,2,49,美好-楊梅,2024-12-05,5262
6770,力積電,60,19,41,美好-楊梅,2024-12-05,5262
3712,永崴投控,39,3,36,美好-楊梅,2024-12-05,5262
3090,日電貿,57,26,31,美好-楊梅,2024-12-05,5262
5392,能率,30,0,30,美好-楊梅,2024-12-05,5262
00918,大華優利高填息30,29,0,29,美好-楊梅,2024-12-05,5262
2371,大同,43,15,28,美好-楊梅,2024-12-05,5262
1305,華夏,25,0,25,美好-楊梅,2024-12-05,5262
2392,正崴,52,30,22,美好-楊梅,2024-12-05,5262
00930,永豐ESG低碳高息,20,0,20,美好-楊梅,2024-12-05,5262
4931,新盛力,37,17,20,美好-楊梅,2024-12-05,5262
6141,柏承,20,0,20,美好-楊梅,2024-12-05,5262
1101,台泥,18,0,18,美好-楊梅,2024-12-05,5262
1304,台聚,18,0,18,美好-楊梅,2024-12-05,5262
9105,泰金寶-DR,16,0,16,美好-楊梅,2024-12-05,5262
3231,緯創,18,4,14,美好-楊梅,2024-12-05,5262
3234,光環,15,1,14,美好-楊梅,2024-12-05,5262
5244,弘凱,30,16,14,美好-楊梅,2024-12-05,5262
6558,興能高,30,16,14,美好-楊梅,2024-12-05,5262
1303,南亞,16,4,12,美好-楊梅,2024-12-05,5262
3003,健和興,12,0,12,美好-楊梅,2024-12-05,5262
2002,中鋼,11,0,11,美好-楊梅,2024-12-05,5262
00915,凱基優選高股息30,11,0,11,美好-楊梅,2024-12-05,5262
2449,京元電子,12,1,11,美好-楊梅,2024-12-05,5262
2542,興富發,11,0,11,美好-楊梅,2024-12-05,5262
9914,美利達,11,0,11,美好-楊梅,2024-12-05,5262
2609,陽明,18,8,10,美好-楊梅,2024-12-05,5262
00671R,富邦NASDAQ反1,20,10,10,美好-楊梅,2024-12-05,5262
00952,凱基台灣AI50,10,0,10,美好-楊梅,2024-12-05,5262
3323,加百裕,39,30,9,美好-楊梅,2024-12-05,5262
3581,博磊,14,5,9,美好-楊梅,2024-12-05,5262
5439,高技,11,2,9,美好-楊梅,2024-12-05,5262
00637L,元大滬深300正2,8,0,8,美好-楊梅,2024-12-05,5262
2399,映泰,16,8,8,美好-楊梅,2024-12-05,5262
3041,揚智,11,3,8,美好-楊梅,2024-12-05,5262
5245,智晶,8,0,8,美好-楊梅,2024-12-05,5262
2317,鴻海,9,2,7,美好-楊梅,2024-12-05,5262
8042,金山電,12,5,7,美好-楊梅,2024-12-05,5262
2491,吉祥全,7,0,7,美好-楊梅,2024-12-05,5262
4510,高鋒,9,2,7,美好-楊梅,2024-12-05,5262
2375,凱美,32,26,6,美好-楊梅,2024-12-05,5262
6763,綠界科技*,9,3,6,美好-楊梅,2024-12-05,5262
00715L,期街口布蘭特正2,112,0,112,美好-楊梅,2024-12-06,5262
00950B,凱基A級公司債,86,0,86,美好-楊梅,2024-12-06,5262
2495,普安,82,1,81,美好-楊梅,2024-12-06,5262
2354,鴻準,117,46,71,美好-楊梅,2024-12-06,5262
5481,新華,55,0,55,美好-楊梅,2024-12-06,5262
00953B,群益優選非投等債,53,0,53,美好-楊梅,2024-12-06,5262
3078,僑威,37,3,34,美好-楊梅,2024-12-06,5262
3450,聯鈞,35,9,26,美好-楊梅,2024-12-06,5262
1802,台玻,25,0,25,美好-楊梅,2024-12-06,5262
3323,加百裕,30,7,23,美好-楊梅,2024-12-06,5262
1605,華新,27,7,20,美好-楊梅,2024-12-06,5262
00919,群益台灣精選高息,26,6,20,美好-楊梅,2024-12-06,5262
5309,系統電,24,5,19,美好-楊梅,2024-12-06,5262
00947,台新臺灣IC設計,20,3,17,美好-楊梅,2024-12-06,5262
3189,景碩,19,2,17,美好-楊梅,2024-12-06,5262
2457,飛宏,14,0,14,美好-楊梅,2024-12-06,5262
2646,星宇航空,14,0,14,美好-楊梅,2024-12-06,5262
2312,金寶,49,35,14,美好-楊梅,2024-12-06,5262
5245,智晶,14,0,14,美好-楊梅,2024-12-06,5262
2303,聯電,31,18,13,美好-楊梅,2024-12-06,5262
00965,元大航太防衛科技,12,0,12,美好-楊梅,2024-12-06,5262
8064,東捷,12,0,12,美好-楊梅,2024-12-06,5262
00909,國泰數位支付服務,11,0,11,美好-楊梅,2024-12-06,5262
2419,仲琦,11,0,11,美好-楊梅,2024-12-06,5262
3689,湧德,13,2,11,美好-楊梅,2024-12-06,5262
006205,富邦上証,10,0,10,美好-楊梅,2024-12-06,5262
00671R,富邦NASDAQ反1,10,0,10,美好-楊梅,2024-12-06,5262
2427,三商電,11,1,10,美好-楊梅,2024-12-06,5262
6235,華孚,11,1,10,美好-楊梅,2024-12-06,5262
6588,東典光電,13,3,10,美好-楊梅,2024-12-06,5262
2405,輔信,16,7,9,美好-楊梅,2024-12-06,5262
00945B,凱基美國非投等債,9,0,9,美好-楊梅,2024-12-06,5262
5243,乙盛-KY,10,1,9,美好-楊梅,2024-12-06,5262
6770,力積電,10,1,9,美好-楊梅,2024-12-06,5262
2484,希華,8,0,8,美好-楊梅,2024-12-06,5262
4956,光鋐,19,11,8,美好-楊梅,2024-12-06,5262
6180,橘子,8,0,8,美好-楊梅,2024-12-06,5262
6234,高僑,8,0,8,美好-楊梅,2024-12-06,5262
8069,元太,9,1,8,美好-楊梅,2024-12-06,5262
2449,京元電子,10,3,7,美好-楊梅,2024-12-06,5262
3042,晶技,7,0,7,美好-楊梅,2024-12-06,5262
00918,大華優利高填息30,7,0,7,美好-楊梅,2024-12-06,5262
3625,西勝,15,8,7,美好-楊梅,2024-12-06,5262
1303,南亞,7,0,7,美好-楊梅,2024-12-06,5262
2345,智邦,10,4,6,美好-楊梅,2024-12-06,5262
2204,中華,6,0,6,美好-楊梅,2024-12-06,5262
00713,元大台灣高息低波,6,0,6,美好-楊梅,2024-12-06,5262
00926,凱基全球菁英55,6,0,6,美好-楊梅,2024-12-06,5262
00633L,富邦上証正2,6,0,6,美好-楊梅,2024-12-06,5262
2498,宏達電,7,1,6,美好-楊梅,2024-12-06,5262
2354,鴻準,134,31,103,美好-楊梅,2024-12-09,5262
00706L,期元大S＆P日圓正2,100,0,100,美好-楊梅,2024-12-09,5262
2882,國泰金,100,8,92,美好-楊梅,2024-12-09,5262
00918,大華優利高填息30,91,15,76,美好-楊梅,2024-12-09,5262
2324,仁寶,98,33,65,美好-楊梅,2024-12-09,5262
2069,運錩,60,0,60,美好-楊梅,2024-12-09,5262
1304,台聚,43,0,43,美好-楊梅,2024-12-09,5262
6265,方土昶,42,0,42,美好-楊梅,2024-12-09,5262
2913,農林,32,0,32,美好-楊梅,2024-12-09,5262
6187,萬潤,32,0,32,美好-楊梅,2024-12-09,5262
1102,亞泥,30,0,30,美好-楊梅,2024-12-09,5262
3062,建漢,30,0,30,美好-楊梅,2024-12-09,5262
2303,聯電,36,10,26,美好-楊梅,2024-12-09,5262
2399,映泰,46,20,26,美好-楊梅,2024-12-09,5262
00715L,期街口布蘭特正2,25,0,25,美好-楊梅,2024-12-09,5262
00671R,富邦NASDAQ反1,25,0,25,美好-楊梅,2024-12-09,5262
00878,國泰永續高股息,82,59,23,美好-楊梅,2024-12-09,5262
3607,谷崧,25,3,22,美好-楊梅,2024-12-09,5262
00930,永豐ESG低碳高息,22,1,21,美好-楊梅,2024-12-09,5262
1710,東聯,21,0,21,美好-楊梅,2024-12-09,5262
00965,元大航太防衛科技,20,0,20,美好-楊梅,2024-12-09,5262
00968B,元大優息投等債,20,0,20,美好-楊梅,2024-12-09,5262
00919,群益台灣精選高息,43,23,20,美好-楊梅,2024-12-09,5262
00915,凱基優選高股息30,20,0,20,美好-楊梅,2024-12-09,5262
0056,元大高股息,23,4,19,美好-楊梅,2024-12-09,5262
5309,系統電,21,5,16,美好-楊梅,2024-12-09,5262
00926,凱基全球菁英55,15,0,15,美好-楊梅,2024-12-09,5262
2491,吉祥全,15,0,15,美好-楊梅,2024-12-09,5262
4108,懷特,15,0,15,美好-楊梅,2024-12-09,5262
2615,萬海,40,25,15,美好-楊梅,2024-12-09,5262
5315,光聯,14,0,14,美好-楊梅,2024-12-09,5262
2402,毅嘉,14,2,12,美好-楊梅,2024-12-09,5262
1524,耿鼎,14,3,11,美好-楊梅,2024-12-09,5262
1609,大亞,11,0,11,美好-楊梅,2024-12-09,5262
2349,錸德,14,3,11,美好-楊梅,2024-12-09,5262
6288,聯嘉,11,0,11,美好-楊梅,2024-12-09,5262
00909,國泰數位支付服務,10,0,10,美好-楊梅,2024-12-09,5262
1809,中釉,10,0,10,美好-楊梅,2024-12-09,5262
2444,兆勁,10,0,10,美好-楊梅,2024-12-09,5262
2886,兆豐金,10,0,10,美好-楊梅,2024-12-09,5262
5481,新華,10,0,10,美好-楊梅,2024-12-09,5262
9105,泰金寶-DR,23,13,10,美好-楊梅,2024-12-09,5262
2344,華邦電,29,20,9,美好-楊梅,2024-12-09,5262
2915,潤泰全,9,0,9,美好-楊梅,2024-12-09,5262
5328,華容,9,0,9,美好-楊梅,2024-12-09,5262
6127,九豪,9,0,9,美好-楊梅,2024-12-09,5262
00713,元大台灣高息低波,8,0,8,美好-楊梅,2024-12-09,5262
00932,兆豐永續高息等權,8,0,8,美好-楊梅,2024-12-09,5262
00687B,國泰20年美債,10,2,8,美好-楊梅,2024-12-09,5262
1802,台玻,7,0,7,美好-楊梅,2024-12-09,5262
00637L,元大滬深300正2,219,25,194,美好-楊梅,2024-12-10,5262
3049,精金,168,3,165,美好-楊梅,2024-12-10,5262
00706L,期元大S＆P日圓正2,109,2,107,美好-楊梅,2024-12-10,5262
00753L,中信中國50正2,105,6,99,美好-楊梅,2024-12-10,5262
00919,群益台灣精選高息,70,1,69,美好-楊梅,2024-12-10,5262
3706,神達,155,90,65,美好-楊梅,2024-12-10,5262
6265,方土昶,56,0,56,美好-楊梅,2024-12-10,5262
00918,大華優利高填息30,50,0,50,美好-楊梅,2024-12-10,5262
00968B,元大優息投等債,50,0,50,美好-楊梅,2024-12-10,5262
2491,吉祥全,38,0,38,美好-楊梅,2024-12-10,5262
3481,群創,31,0,31,美好-楊梅,2024-12-10,5262
00959B,大華投等美債15Y+,30,0,30,美好-楊梅,2024-12-10,5262
2615,萬海,43,14,29,美好-楊梅,2024-12-10,5262
2408,南亞科,31,5,26,美好-楊梅,2024-12-10,5262
4513,福裕,25,0,25,美好-楊梅,2024-12-10,5262
2399,映泰,34,10,24,美好-楊梅,2024-12-10,5262
1815,富喬,48,25,23,美好-楊梅,2024-12-10,5262
2328,廣宇,18,0,18,美好-楊梅,2024-12-10,5262
2337,旺宏,17,0,17,美好-楊梅,2024-12-10,5262
2929,淘帝-KY,80,63,17,美好-楊梅,2024-12-10,5262
0056,元大高股息,19,2,17,美好-楊梅,2024-12-10,5262
00916,國泰全球品牌50,16,0,16,美好-楊梅,2024-12-10,5262
00930,永豐ESG低碳高息,21,5,16,美好-楊梅,2024-12-10,5262
3231,緯創,20,4,16,美好-楊梅,2024-12-10,5262
1449,佳和,24,9,15,美好-楊梅,2024-12-10,5262
1464,得力,15,0,15,美好-楊梅,2024-12-10,5262
2317,鴻海,23,9,14,美好-楊梅,2024-12-10,5262
2354,鴻準,30,17,13,美好-楊梅,2024-12-10,5262
3047,訊舟,13,0,13,美好-楊梅,2024-12-10,5262
8429,金麗-KY,14,1,13,美好-楊梅,2024-12-10,5262
2303,聯電,23,11,12,美好-楊梅,2024-12-10,5262
8021,尖點,12,0,12,美好-楊梅,2024-12-10,5262
9105,泰金寶-DR,12,0,12,美好-楊梅,2024-12-10,5262
00937B,群益ESG投等債20,11,0,11,美好-楊梅,2024-12-10,5262
1301,台塑,12,1,11,美好-楊梅,2024-12-10,5262
1584,精剛,10,0,10,美好-楊梅,2024-12-10,5262
00680L,元大美債20正2,10,0,10,美好-楊梅,2024-12-10,5262
1587,吉茂,10,0,10,美好-楊梅,2024-12-10,5262
2023,燁輝,10,0,10,美好-楊梅,2024-12-10,5262
2371,大同,25,15,10,美好-楊梅,2024-12-10,5262
3501,維熹,10,0,10,美好-楊梅,2024-12-10,5262
8163,達方,10,0,10,美好-楊梅,2024-12-10,5262
1402,遠東新,13,4,9,美好-楊梅,2024-12-10,5262
2344,華邦電,11,2,9,美好-楊梅,2024-12-10,5262
2613,中櫃,11,2,9,美好-楊梅,2024-12-10,5262
3511,矽瑪,12,3,9,美好-楊梅,2024-12-10,5262
5202,力新,14,5,9,美好-楊梅,2024-12-10,5262
6588,東典光電,9,0,9,美好-楊梅,2024-12-10,5262
6841,長佳智能,8,0,8,美好-楊梅,2024-12-10,5262
2002,中鋼,7,0,7,美好-楊梅,2024-12-10,5262
00706L,期元大S＆P日圓正2,90,0,90,美好-楊梅,2024-12-11,5262
6770,力積電,184,96,88,美好-楊梅,2024-12-11,5262
00919,群益台灣精選高息,89,15,74,美好-楊梅,2024-12-11,5262
00959B,大華投等美債15Y+,70,0,70,美好-楊梅,2024-12-11,5262
4958,臻鼎-KY,59,0,59,美好-楊梅,2024-12-11,5262
00713,元大台灣高息低波,53,0,53,美好-楊梅,2024-12-11,5262
6265,方土昶,32,0,32,美好-楊梅,2024-12-11,5262
2609,陽明,63,34,29,美好-楊梅,2024-12-11,5262
0056,元大高股息,27,0,27,美好-楊梅,2024-12-11,5262
2354,鴻準,33,8,25,美好-楊梅,2024-12-11,5262
00918,大華優利高填息30,24,0,24,美好-楊梅,2024-12-11,5262
1708,東鹼,24,0,24,美好-楊梅,2024-12-11,5262
2929,淘帝-KY,52,30,22,美好-楊梅,2024-12-11,5262
2317,鴻海,24,3,21,美好-楊梅,2024-12-11,5262
2607,榮運,20,0,20,美好-楊梅,2024-12-11,5262
5905,南仁湖,20,0,20,美好-楊梅,2024-12-11,5262
3234,光環,18,1,17,美好-楊梅,2024-12-11,5262
2610,華航,17,2,15,美好-楊梅,2024-12-11,5262
2408,南亞科,15,0,15,美好-楊梅,2024-12-11,5262
3024,憶聲,14,0,14,美好-楊梅,2024-12-11,5262
6229,研通,14,0,14,美好-楊梅,2024-12-11,5262
1449,佳和,20,8,12,美好-楊梅,2024-12-11,5262
2330,台積電,12,0,12,美好-楊梅,2024-12-11,5262
2618,長榮航,13,2,11,美好-楊梅,2024-12-11,5262
6214,精誠,17,6,11,美好-楊梅,2024-12-11,5262
00953B,群益優選非投等債,10,0,10,美好-楊梅,2024-12-11,5262
1471,首利,10,0,10,美好-楊梅,2024-12-11,5262
1536,和大,11,1,10,美好-楊梅,2024-12-11,5262
1809,中釉,10,0,10,美好-楊梅,2024-12-11,5262
2329,華泰,10,0,10,美好-楊梅,2024-12-11,5262
2612,中航,10,0,10,美好-楊梅,2024-12-11,5262
3338,泰碩,11,1,10,美好-楊梅,2024-12-11,5262
4414,如興,10,0,10,美好-楊梅,2024-12-11,5262
6180,橘子,10,0,10,美好-楊梅,2024-12-11,5262
00878,國泰永續高股息,20,10,10,美好-楊梅,2024-12-11,5262
3706,神達,15,5,10,美好-楊梅,2024-12-11,5262
2002,中鋼,9,0,9,美好-楊梅,2024-12-11,5262
4576,大銀微系統,9,0,9,美好-楊梅,2024-12-11,5262
1519,華城,11,2,9,美好-楊梅,2024-12-11,5262
2438,翔耀,9,0,9,美好-楊梅,2024-12-11,5262
3260,威剛,19,10,9,美好-楊梅,2024-12-11,5262
6695,芯鼎,17,8,9,美好-楊梅,2024-12-11,5262
00946,群益科技高息成長,20,12,8,美好-楊梅,2024-12-11,5262
2303,聯電,32,24,8,美好-楊梅,2024-12-11,5262
3323,加百裕,30,22,8,美好-楊梅,2024-12-11,5262
00940,元大台灣價值高息,7,0,7,美好-楊梅,2024-12-11,5262
5340,建榮,7,0,7,美好-楊梅,2024-12-11,5262
1301,台塑,7,0,7,美好-楊梅,2024-12-11,5262
2603,長榮,7,0,7,美好-楊梅,2024-12-11,5262
2201,裕隆,6,0,6,美好-楊梅,2024-12-11,5262
00706L,期元大S＆P日圓正2,510,0,510,美好-楊梅,2024-12-12,5262
00676R,富邦臺灣加權反1,100,0,100,美好-楊梅,2024-12-12,5262
2495,普安,77,1,76,美好-楊梅,2024-12-12,5262
00918,大華優利高填息30,41,0,41,美好-楊梅,2024-12-12,5262
00919,群益台灣精選高息,38,1,37,美好-楊梅,2024-12-12,5262
00915,凱基優選高股息30,35,1,34,美好-楊梅,2024-12-12,5262
00679B,元大美債20年,33,0,33,美好-楊梅,2024-12-12,5262
2646,星宇航空,31,3,28,美好-楊梅,2024-12-12,5262
00671R,富邦NASDAQ反1,28,0,28,美好-楊梅,2024-12-12,5262
2354,鴻準,31,5,26,美好-楊梅,2024-12-12,5262
4306,炎洲,25,0,25,美好-楊梅,2024-12-12,5262
2312,金寶,33,8,25,美好-楊梅,2024-12-12,5262
00947,台新臺灣IC設計,30,6,24,美好-楊梅,2024-12-12,5262
2440,太空梭,23,0,23,美好-楊梅,2024-12-12,5262
2609,陽明,37,16,21,美好-楊梅,2024-12-12,5262
3234,光環,22,2,20,美好-楊梅,2024-12-12,5262
4716,大立,25,5,20,美好-楊梅,2024-12-12,5262
2317,鴻海,25,6,19,美好-楊梅,2024-12-12,5262
00687B,國泰20年美債,22,4,18,美好-楊梅,2024-12-12,5262
00933B,國泰10Y+金融債,17,0,17,美好-楊梅,2024-12-12,5262
2618,長榮航,19,2,17,美好-楊梅,2024-12-12,5262
00887,永豐中國科技50大,20,3,17,美好-楊梅,2024-12-12,5262
6425,易發,19,2,17,美好-楊梅,2024-12-12,5262
1708,東鹼,16,0,16,美好-楊梅,2024-12-12,5262
2002,中鋼,21,6,15,美好-楊梅,2024-12-12,5262
00940,元大台灣價值高息,34,19,15,美好-楊梅,2024-12-12,5262
1806,冠軍,15,0,15,美好-楊梅,2024-12-12,5262
1809,中釉,13,0,13,美好-楊梅,2024-12-12,5262
2468,華經,27,14,13,美好-楊梅,2024-12-12,5262
6265,方土昶,13,0,13,美好-楊梅,2024-12-12,5262
2374,佳能,32,19,13,美好-楊梅,2024-12-12,5262
4576,大銀微系統,12,0,12,美好-楊梅,2024-12-12,5262
2349,錸德,12,0,12,美好-楊梅,2024-12-12,5262
00937B,群益ESG投等債20,11,0,11,美好-楊梅,2024-12-12,5262
1584,精剛,11,0,11,美好-楊梅,2024-12-12,5262
3029,零壹,27,16,11,美好-楊梅,2024-12-12,5262
1301,台塑,22,12,10,美好-楊梅,2024-12-12,5262
2345,智邦,10,0,10,美好-楊梅,2024-12-12,5262
00882,中信中國高股息,10,0,10,美好-楊梅,2024-12-12,5262
00962,台新AI優息動能,10,0,10,美好-楊梅,2024-12-12,5262
2032,新鋼,10,0,10,美好-楊梅,2024-12-12,5262
2069,運錩,10,0,10,美好-楊梅,2024-12-12,5262
3209,全科,10,0,10,美好-楊梅,2024-12-12,5262
3231,緯創,16,6,10,美好-楊梅,2024-12-12,5262
6288,聯嘉,11,1,10,美好-楊梅,2024-12-12,5262
8070,長華*,10,0,10,美好-楊梅,2024-12-12,5262
2438,翔耀,9,0,9,美好-楊梅,2024-12-12,5262
3715,定穎投控,15,6,9,美好-楊梅,2024-12-12,5262
00633L,富邦上証正2,9,1,8,美好-楊梅,2024-12-12,5262
2886,兆豐金,7,0,7,美好-楊梅,2024-12-12,5262
00706L,期元大S＆P日圓正2,410,200,210,美好-楊梅,2024-12-13,5262
00665L,富邦�琤肭磪囓�2,205,0,205,美好-楊梅,2024-12-13,5262
00918,大華優利高填息30,107,0,107,美好-楊梅,2024-12-13,5262
00959B,大華投等美債15Y+,100,0,100,美好-楊梅,2024-12-13,5262
1312,國喬,100,0,100,美好-楊梅,2024-12-13,5262
00937B,群益ESG投等債20,91,0,91,美好-楊梅,2024-12-13,5262
3706,神達,76,20,56,美好-楊梅,2024-12-13,5262
2002,中鋼,55,1,54,美好-楊梅,2024-12-13,5262
2317,鴻海,61,10,51,美好-楊梅,2024-12-13,5262
6182,合晶,53,5,48,美好-楊梅,2024-12-13,5262
2303,聯電,82,35,47,美好-楊梅,2024-12-13,5262
00919,群益台灣精選高息,42,0,42,美好-楊梅,2024-12-13,5262
4532,瑞智,39,0,39,美好-楊梅,2024-12-13,5262
1710,東聯,31,0,31,美好-楊梅,2024-12-13,5262
00965,元大航太防衛科技,30,0,30,美好-楊梅,2024-12-13,5262
0056,元大高股息,30,0,30,美好-楊梅,2024-12-13,5262
1227,佳格,24,0,24,美好-楊梅,2024-12-13,5262
2504,國產,25,1,24,美好-楊梅,2024-12-13,5262
3037,欣興,26,2,24,美好-楊梅,2024-12-13,5262
1605,華新,23,0,23,美好-楊梅,2024-12-13,5262
2323,中環,22,0,22,美好-楊梅,2024-12-13,5262
1101,台泥,21,0,21,美好-楊梅,2024-12-13,5262
2371,大同,39,18,21,美好-楊梅,2024-12-13,5262
00887,永豐中國科技50大,20,0,20,美好-楊梅,2024-12-13,5262
2344,華邦電,53,33,20,美好-楊梅,2024-12-13,5262
2440,太空梭,20,0,20,美好-楊梅,2024-12-13,5262
6425,易發,20,0,20,美好-楊梅,2024-12-13,5262
00915,凱基優選高股息30,19,0,19,美好-楊梅,2024-12-13,5262
6142,友勁,18,0,18,美好-楊梅,2024-12-13,5262
4721,美琪瑪,22,6,16,美好-楊梅,2024-12-13,5262
2609,陽明,49,34,15,美好-楊梅,2024-12-13,5262
00968B,元大優息投等債,12,0,12,美好-楊梅,2024-12-13,5262
4743,合一,12,0,12,美好-楊梅,2024-12-13,5262
3231,緯創,24,12,12,美好-楊梅,2024-12-13,5262
1524,耿鼎,12,1,11,美好-楊梅,2024-12-13,5262
00757,統一FANG+,10,0,10,美好-楊梅,2024-12-13,5262
00958B,永豐ESG銀行債15,10,0,10,美好-楊梅,2024-12-13,5262
1806,冠軍,10,0,10,美好-楊梅,2024-12-13,5262
2363,矽統,15,5,10,美好-楊梅,2024-12-13,5262
6133,金橋,10,0,10,美好-楊梅,2024-12-13,5262
6282,康舒,10,0,10,美好-楊梅,2024-12-13,5262
3081,聯亞,17,7,10,美好-楊梅,2024-12-13,5262
4716,大立,11,2,9,美好-楊梅,2024-12-13,5262
4906,正文,13,4,9,美好-楊梅,2024-12-13,5262
5309,系統電,11,2,9,美好-楊梅,2024-12-13,5262
5871,中租-KY,8,0,8,美好-楊梅,2024-12-13,5262
2438,翔耀,8,0,8,美好-楊梅,2024-12-13,5262
2489,瑞軒,8,0,8,美好-楊梅,2024-12-13,5262
3260,威剛,8,0,8,美好-楊梅,2024-12-13,5262
3710,連展投控,8,0,8,美好-楊梅,2024-12-13,5262
00706L,期元大S＆P日圓正2,510,0,510,美好-楊梅,2024-12-16,5262
00918,大華優利高填息30,375,10,365,美好-楊梅,2024-12-16,5262
9105,泰金寶-DR,172,15,157,美好-楊梅,2024-12-16,5262
00947,台新臺灣IC設計,110,0,110,美好-楊梅,2024-12-16,5262
00937B,群益ESG投等債20,80,0,80,美好-楊梅,2024-12-16,5262
5388,中磊,60,0,60,美好-楊梅,2024-12-16,5262
00687B,國泰20年美債,52,0,52,美好-楊梅,2024-12-16,5262
2609,陽明,48,7,41,美好-楊梅,2024-12-16,5262
0056,元大高股息,45,6,39,美好-楊梅,2024-12-16,5262
00919,群益台灣精選高息,67,30,37,美好-楊梅,2024-12-16,5262
00637L,元大滬深300正2,35,0,35,美好-楊梅,2024-12-16,5262
3231,緯創,36,1,35,美好-楊梅,2024-12-16,5262
2317,鴻海,40,6,34,美好-楊梅,2024-12-16,5262
00673R,期元大S＆P原油反1,30,0,30,美好-楊梅,2024-12-16,5262
2472,立隆電,30,0,30,美好-楊梅,2024-12-16,5262
6016,康和證,30,1,29,美好-楊梅,2024-12-16,5262
00679B,元大美債20年,27,0,27,美好-楊梅,2024-12-16,5262
00915,凱基優選高股息30,26,0,26,美好-楊梅,2024-12-16,5262
2801,彰銀,24,0,24,美好-楊梅,2024-12-16,5262
2002,中鋼,25,2,23,美好-楊梅,2024-12-16,5262
3715,定穎投控,24,2,22,美好-楊梅,2024-12-16,5262
00887,永豐中國科技50大,20,0,20,美好-楊梅,2024-12-16,5262
3520,華盈,20,0,20,美好-楊梅,2024-12-16,5262
5481,新華,20,0,20,美好-楊梅,2024-12-16,5262
5880,合庫金,20,0,20,美好-楊梅,2024-12-16,5262
2354,鴻準,22,4,18,美好-楊梅,2024-12-16,5262
3019,亞光,30,13,17,美好-楊梅,2024-12-16,5262
1809,中釉,17,0,17,美好-楊梅,2024-12-16,5262
2382,廣達,16,1,15,美好-楊梅,2024-12-16,5262
00878,國泰永續高股息,16,1,15,美好-楊梅,2024-12-16,5262
00633L,富邦上証正2,20,5,15,美好-楊梅,2024-12-16,5262
2449,京元電子,15,0,15,美好-楊梅,2024-12-16,5262
00940,元大台灣價值高息,18,5,13,美好-楊梅,2024-12-16,5262
1802,台玻,13,0,13,美好-楊梅,2024-12-16,5262
00922,國泰台灣領袖50,12,0,12,美好-楊梅,2024-12-16,5262
00671R,富邦NASDAQ反1,12,0,12,美好-楊梅,2024-12-16,5262
4306,炎洲,12,0,12,美好-楊梅,2024-12-16,5262
3017,奇鋐,12,1,11,美好-楊梅,2024-12-16,5262
00751B,元大AAA至A公司債,11,0,11,美好-楊梅,2024-12-16,5262
3591,艾笛森,11,0,11,美好-楊梅,2024-12-16,5262
2887,台新金,11,1,10,美好-楊梅,2024-12-16,5262
6488,環球晶,10,0,10,美好-楊梅,2024-12-16,5262
00900,富邦特選高股息30,10,0,10,美好-楊梅,2024-12-16,5262
00939,統一台灣高息動能,10,0,10,美好-楊梅,2024-12-16,5262
2409,友達,11,1,10,美好-楊梅,2024-12-16,5262
1304,台聚,10,0,10,美好-楊梅,2024-12-16,5262
1785,光洋科,12,3,9,美好-楊梅,2024-12-16,5262
00936,台新永續高息中小,8,0,8,美好-楊梅,2024-12-16,5262
6588,東典光電,8,0,8,美好-楊梅,2024-12-16,5262
5871,中租-KY,7,0,7,美好-楊梅,2024-12-16,5262
00918,大華優利高填息30,142,0,142,美好-楊梅,2024-12-17,5262
00965,元大航太防衛科技,100,0,100,美好-楊梅,2024-12-17,5262
00937B,群益ESG投等債20,97,12,85,美好-楊梅,2024-12-17,5262
0056,元大高股息,84,3,81,美好-楊梅,2024-12-17,5262
2002,中鋼,60,1,59,美好-楊梅,2024-12-17,5262
00951,台新日本半導體,108,60,48,美好-楊梅,2024-12-17,5262
00915,凱基優選高股息30,46,0,46,美好-楊梅,2024-12-17,5262
2618,長榮航,44,3,41,美好-楊梅,2024-12-17,5262
00878,國泰永續高股息,31,3,28,美好-楊梅,2024-12-17,5262
2834,臺企銀,26,0,26,美好-楊梅,2024-12-17,5262
2303,聯電,52,26,26,美好-楊梅,2024-12-17,5262
2886,兆豐金,25,0,25,美好-楊梅,2024-12-17,5262
00687B,國泰20年美債,24,0,24,美好-楊梅,2024-12-17,5262
1314,中石化,27,3,24,美好-楊梅,2024-12-17,5262
6770,力積電,40,17,23,美好-楊梅,2024-12-17,5262
3041,揚智,54,35,19,美好-楊梅,2024-12-17,5262
2609,陽明,24,6,18,美好-楊梅,2024-12-17,5262
2374,佳能,57,39,18,美好-楊梅,2024-12-17,5262
2883,凱基金,17,0,17,美好-楊梅,2024-12-17,5262
5880,合庫金,15,0,15,美好-楊梅,2024-12-17,5262
2409,友達,19,4,15,美好-楊梅,2024-12-17,5262
2317,鴻海,23,8,15,美好-楊梅,2024-12-17,5262
00671R,富邦NASDAQ反1,13,0,13,美好-楊梅,2024-12-17,5262
00679B,元大美債20年,12,0,12,美好-楊梅,2024-12-17,5262
00706L,期元大S＆P日圓正2,10,0,10,美好-楊梅,2024-12-17,5262
00900,富邦特選高股息30,10,0,10,美好-楊梅,2024-12-17,5262
1584,精剛,10,0,10,美好-楊梅,2024-12-17,5262
2406,國碩,11,1,10,美好-楊梅,2024-12-17,5262
2913,農林,10,0,10,美好-楊梅,2024-12-17,5262
3189,景碩,11,1,10,美好-楊梅,2024-12-17,5262
5465,富驊,10,0,10,美好-楊梅,2024-12-17,5262
3122,笙泉,10,0,10,美好-楊梅,2024-12-17,5262
2349,錸德,10,1,9,美好-楊梅,2024-12-17,5262
00751B,元大AAA至A公司債,8,0,8,美好-楊梅,2024-12-17,5262
00905,FT臺灣Smart,10,2,8,美好-楊梅,2024-12-17,5262
00713,元大台灣高息低波,8,0,8,美好-楊梅,2024-12-17,5262
1229,聯華,7,0,7,美好-楊梅,2024-12-17,5262
2204,中華,7,0,7,美好-楊梅,2024-12-17,5262
4938,和碩,7,0,7,美好-楊梅,2024-12-17,5262
5871,中租-KY,7,0,7,美好-楊梅,2024-12-17,5262
00930,永豐ESG低碳高息,7,0,7,美好-楊梅,2024-12-17,5262
1414,東和,7,0,7,美好-楊梅,2024-12-17,5262
3162,精確,7,0,7,美好-楊梅,2024-12-17,5262
3706,神達,17,10,7,美好-楊梅,2024-12-17,5262
6526,達發,8,1,7,美好-楊梅,2024-12-17,5262
8111,立��,11,4,7,美好-楊梅,2024-12-17,5262
9945,潤泰新,7,0,7,美好-楊梅,2024-12-17,5262
2312,金寶,25,18,7,美好-楊梅,2024-12-17,5262
2301,光寶科,6,0,6,美好-楊梅,2024-12-17,5262
1522,堤維西,6,0,6,美好-楊梅,2024-12-17,5262
00919,群益台灣精選高息,77,4,73,美好-楊梅,2024-12-18,5262
00941,中信上游半導體,51,0,51,美好-楊梅,2024-12-18,5262
00918,大華優利高填息30,51,0,51,美好-楊梅,2024-12-18,5262
00937B,群益ESG投等債20,36,0,36,美好-楊梅,2024-12-18,5262
9105,泰金寶-DR,73,44,29,美好-楊梅,2024-12-18,5262
1815,富喬,62,35,27,美好-楊梅,2024-12-18,5262
00712,復華富時不動產,26,0,26,美好-楊梅,2024-12-18,5262
00713,元大台灣高息低波,23,0,23,美好-楊梅,2024-12-18,5262
5328,華容,23,2,21,美好-楊梅,2024-12-18,5262
3041,揚智,59,40,19,美好-楊梅,2024-12-18,5262
5392,能率,20,1,19,美好-楊梅,2024-12-18,5262
3037,欣興,22,5,17,美好-楊梅,2024-12-18,5262
4306,炎洲,15,0,15,美好-楊梅,2024-12-18,5262
4906,正文,15,0,15,美好-楊梅,2024-12-18,5262
5530,龍巖,15,0,15,美好-楊梅,2024-12-18,5262
00922,國泰台灣領袖50,13,0,13,美好-楊梅,2024-12-18,5262
2392,正崴,14,2,12,美好-楊梅,2024-12-18,5262
1785,光洋科,11,0,11,美好-楊梅,2024-12-18,5262
00882,中信中國高股息,10,0,10,美好-楊梅,2024-12-18,5262
006205,富邦上証,10,0,10,美好-楊梅,2024-12-18,5262
6160,欣技,10,0,10,美好-楊梅,2024-12-18,5262
2002,中鋼,12,2,10,美好-楊梅,2024-12-18,5262
00715L,期街口布蘭特正2,9,0,9,美好-楊梅,2024-12-18,5262
3689,湧德,16,7,9,美好-楊梅,2024-12-18,5262
2312,金寶,19,11,8,美好-楊梅,2024-12-18,5262
2354,鴻準,12,4,8,美好-楊梅,2024-12-18,5262
2612,中航,8,0,8,美好-楊梅,2024-12-18,5262
5371,中光電,22,14,8,美好-楊梅,2024-12-18,5262
3706,神達,24,17,7,美好-楊梅,2024-12-18,5262
4540,全球傳動,29,23,6,美好-楊梅,2024-12-18,5262
1314,中石化,11,5,6,美好-楊梅,2024-12-18,5262
2603,長榮,9,3,6,美好-楊梅,2024-12-18,5262
4566,時碩工業,7,1,6,美好-楊梅,2024-12-18,5262
8032,光菱,18,12,6,美好-楊梅,2024-12-18,5262
8042,金山電,7,1,6,美好-楊梅,2024-12-18,5262
8374,羅昇,6,1,5,美好-楊梅,2024-12-18,5262
1536,和大,5,0,5,美好-楊梅,2024-12-18,5262
2606,裕民,5,0,5,美好-楊梅,2024-12-18,5262
2613,中櫃,6,1,5,美好-楊梅,2024-12-18,5262
2887,台新金,5,0,5,美好-楊梅,2024-12-18,5262
4513,福裕,5,0,5,美好-楊梅,2024-12-18,5262
8112,至上,5,0,5,美好-楊梅,2024-12-18,5262
3035,智原,7,2,5,美好-楊梅,2024-12-18,5262
2367,燿華,13,9,4,美好-楊梅,2024-12-18,5262
00679B,元大美債20年,5,1,4,美好-楊梅,2024-12-18,5262
2375,凱美,8,4,4,美好-楊梅,2024-12-18,5262
2883,凱基金,10,6,4,美好-楊梅,2024-12-18,5262
3597,映興,4,0,4,美好-楊梅,2024-12-18,5262
4571,鈞興-KY,7,3,4,美好-楊梅,2024-12-18,5262
8011,台通,5,1,4,美好-楊梅,2024-12-18,5262
00706L,期元大S＆P日圓正2,210,0,210,美好-楊梅,2024-12-19,5262
00712,復華富時不動產,97,4,93,美好-楊梅,2024-12-19,5262
00959B,大華投等美債15Y+,92,0,92,美好-楊梅,2024-12-19,5262
00919,群益台灣精選高息,88,0,88,美好-楊梅,2024-12-19,5262
00878,國泰永續高股息,59,0,59,美好-楊梅,2024-12-19,5262
2883,凱基金,62,7,55,美好-楊梅,2024-12-19,5262
2609,陽明,60,6,54,美好-楊梅,2024-12-19,5262
00671R,富邦NASDAQ反1,50,0,50,美好-楊梅,2024-12-19,5262
00918,大華優利高填息30,58,12,46,美好-楊梅,2024-12-19,5262
00751B,元大AAA至A公司債,42,0,42,美好-楊梅,2024-12-19,5262
00679B,元大美債20年,65,24,41,美好-楊梅,2024-12-19,5262
3706,神達,53,13,40,美好-楊梅,2024-12-19,5262
0056,元大高股息,40,1,39,美好-楊梅,2024-12-19,5262
00933B,國泰10Y+金融債,38,0,38,美好-楊梅,2024-12-19,5262
00669R,國泰美國道瓊反1,50,13,37,美好-楊梅,2024-12-19,5262
00951,台新日本半導體,35,0,35,美好-楊梅,2024-12-19,5262
00830,國泰費城半導體,33,0,33,美好-楊梅,2024-12-19,5262
2834,臺企銀,30,0,30,美好-楊梅,2024-12-19,5262
2317,鴻海,33,6,27,美好-楊梅,2024-12-19,5262
2887,台新金,23,0,23,美好-楊梅,2024-12-19,5262
00687B,國泰20年美債,21,0,21,美好-楊梅,2024-12-19,5262
6156,松上,21,0,21,美好-楊梅,2024-12-19,5262
00970B,新光BBB投等債20,20,0,20,美好-楊梅,2024-12-19,5262
2886,兆豐金,19,5,14,美好-楊梅,2024-12-19,5262
6558,興能高,17,4,13,美好-楊梅,2024-12-19,5262
6182,合晶,12,0,12,美好-楊梅,2024-12-19,5262
00720B,元大投資級公司債,12,0,12,美好-楊梅,2024-12-19,5262
3037,欣興,12,0,12,美好-楊梅,2024-12-19,5262
3576,聯合再生,12,0,12,美好-楊梅,2024-12-19,5262
2882,國泰金,11,0,11,美好-楊梅,2024-12-19,5262
2002,中鋼,11,0,11,美好-楊梅,2024-12-19,5262
2354,鴻準,18,7,11,美好-楊梅,2024-12-19,5262
00881,國泰台灣5G+,12,1,11,美好-楊梅,2024-12-19,5262
3062,建漢,14,3,11,美好-楊梅,2024-12-19,5262
3231,緯創,11,0,11,美好-楊梅,2024-12-19,5262
5328,華容,11,0,11,美好-楊梅,2024-12-19,5262
2884,玉山金,10,0,10,美好-楊梅,2024-12-19,5262
00892,富邦台灣半導體,10,0,10,美好-楊梅,2024-12-19,5262
4513,福裕,10,0,10,美好-楊梅,2024-12-19,5262
6629,泰金-KY,10,0,10,美好-楊梅,2024-12-19,5262
2359,所羅門,17,7,10,美好-楊梅,2024-12-19,5262
2881,富邦金,10,0,10,美好-楊梅,2024-12-19,5262
00915,凱基優選高股息30,10,1,9,美好-楊梅,2024-12-19,5262
00931B,統一美債20年,14,5,9,美好-楊梅,2024-12-19,5262
2408,南亞科,12,3,9,美好-楊梅,2024-12-19,5262
5880,合庫金,8,0,8,美好-楊梅,2024-12-19,5262
1305,華夏,8,0,8,美好-楊梅,2024-12-19,5262
2022,聚亨,8,0,8,美好-楊梅,2024-12-19,5262
2356,英業達,22,14,8,美好-楊梅,2024-12-19,5262
3481,群創,8,0,8,美好-楊梅,2024-12-19,5262
