Ticker,Name,buy,sell,diff,Branch,Date,Branch_Code
2425,承啟,78,0,78,高橋,2023-01-03,5320
2345,智邦,50,1,49,高橋,2023-01-03,5320
2887,台新金,42,1,41,高橋,2023-01-03,5320
1605,華新,101,61,40,高橋,2023-01-03,5320
00712,復華富時不動產,35,0,35,高橋,2023-01-03,5320
2317,鴻海,44,11,33,高橋,2023-01-03,5320
5014,建錩,32,0,32,高橋,2023-01-03,5320
4111,濟生,30,0,30,高橋,2023-01-03,5320
2399,映泰,29,1,28,高橋,2023-01-03,5320
2208,台船,37,10,27,高橋,2023-01-03,5320
2634,漢翔,39,13,26,高橋,2023-01-03,5320
00772B,中信高評級公司債,22,2,20,高橋,2023-01-03,5320
4903,聯光通,20,0,20,高橋,2023-01-03,5320
4906,正文,20,0,20,高橋,2023-01-03,5320
2007,燁興,16,0,16,高橋,2023-01-03,5320
2603,長榮,26,10,16,高橋,2023-01-03,5320
2481,強茂,13,0,13,高橋,2023-01-03,5320
2002,中鋼,21,8,13,高橋,2023-01-03,5320
6182,合晶,13,0,13,高橋,2023-01-03,5320
3576,聯合再生,12,0,12,高橋,2023-01-03,5320
6180,橘子,15,4,11,高橋,2023-01-03,5320
6279,胡連,12,1,11,高橋,2023-01-03,5320
2352,佳世達,10,0,10,高橋,2023-01-03,5320
3041,揚智,10,0,10,高橋,2023-01-03,5320
00891,中信關鍵半導體,10,0,10,高橋,2023-01-03,5320
00799B,國泰A級醫療債,10,0,10,高橋,2023-01-03,5320
00830,國泰費城半導體,10,0,10,高橋,2023-01-03,5320
8215,明基材,10,0,10,高橋,2023-01-03,5320
9904,寶成,10,0,10,高橋,2023-01-03,5320
1342,八貫,10,1,9,高橋,2023-01-03,5320
3479,安勤,18,10,8,高橋,2023-01-03,5320
1714,和桐,10,2,8,高橋,2023-01-03,5320
2882,國泰金,9,1,8,高橋,2023-01-03,5320
1752,南光,15,8,7,高橋,2023-01-03,5320
1720,生達,13,6,7,高橋,2023-01-03,5320
5009,榮剛,8,1,7,高橋,2023-01-03,5320
2748,雲品,7,0,7,高橋,2023-01-03,5320
2812,台中銀,10,4,6,高橋,2023-01-03,5320
2243,宏旭-KY,6,0,6,高橋,2023-01-03,5320
00637L,元大滬深300正2,22,16,6,高橋,2023-01-03,5320
4167,松瑞藥,7,1,6,高橋,2023-01-03,5320
1519,華城,16,10,6,高橋,2023-01-03,5320
4746,台耀,8,2,6,高橋,2023-01-03,5320
3059,華晶科,6,0,6,高橋,2023-01-03,5320
4142,國光生,5,0,5,高橋,2023-01-03,5320
1713,國化,5,0,5,高橋,2023-01-03,5320
6491,晶碩,5,0,5,高橋,2023-01-03,5320
6770,力積電,6,1,5,高橋,2023-01-03,5320
6285,啟��,5,0,5,高橋,2023-01-03,5320
2028,威致,5,0,5,高橋,2023-01-03,5320
00715L,期街口布蘭特正2,238,100,138,高橋,2023-01-04,5320
00637L,元大滬深300正2,100,5,95,高橋,2023-01-04,5320
1514,亞力,96,11,85,高橋,2023-01-04,5320
2208,台船,80,0,80,高橋,2023-01-04,5320
2345,智邦,55,0,55,高橋,2023-01-04,5320
2614,東森,44,0,44,高橋,2023-01-04,5320
2603,長榮,36,2,34,高橋,2023-01-04,5320
3037,欣興,40,8,32,高橋,2023-01-04,5320
00893,國泰智能電動車,32,0,32,高橋,2023-01-04,5320
00662,富邦NASDAQ,26,0,26,高橋,2023-01-04,5320
2884,玉山金,22,0,22,高橋,2023-01-04,5320
4167,松瑞藥,35,14,21,高橋,2023-01-04,5320
4903,聯光通,20,0,20,高橋,2023-01-04,5320
00728,第一金工業30,15,0,15,高橋,2023-01-04,5320
2388,威盛,17,2,15,高橋,2023-01-04,5320
6231,系微,15,1,14,高橋,2023-01-04,5320
2617,台航,13,0,13,高橋,2023-01-04,5320
2436,偉詮電,13,0,13,高橋,2023-01-04,5320
3508,位速,14,1,13,高橋,2023-01-04,5320
2609,陽明,60,48,12,高橋,2023-01-04,5320
8171,天宇,29,17,12,高橋,2023-01-04,5320
4114,健喬,20,9,11,高橋,2023-01-04,5320
1434,福懋,10,0,10,高橋,2023-01-04,5320
6235,華孚,27,17,10,高橋,2023-01-04,5320
3047,訊舟,26,16,10,高橋,2023-01-04,5320
2303,聯電,48,38,10,高橋,2023-01-04,5320
2929,淘帝-KY,10,0,10,高橋,2023-01-04,5320
2498,宏達電,30,20,10,高橋,2023-01-04,5320
4931,新盛力,9,0,9,高橋,2023-01-04,5320
1618,合機,23,14,9,高橋,2023-01-04,5320
2606,裕民,10,1,9,高橋,2023-01-04,5320
6643,M31,10,1,9,高橋,2023-01-04,5320
2454,聯發科,8,0,8,高橋,2023-01-04,5320
1752,南光,23,15,8,高橋,2023-01-04,5320
2886,兆豐金,7,0,7,高橋,2023-01-04,5320
6244,茂迪,10,3,7,高橋,2023-01-04,5320
2882,國泰金,13,6,7,高橋,2023-01-04,5320
1760,寶齡富錦,10,3,7,高橋,2023-01-04,5320
6451,訊芯-KY,6,0,6,高橋,2023-01-04,5320
2368,金像電,6,0,6,高橋,2023-01-04,5320
2607,榮運,6,0,6,高橋,2023-01-04,5320
5009,榮剛,8,2,6,高橋,2023-01-04,5320
2851,中再保,6,0,6,高橋,2023-01-04,5320
3356,奇偶,7,1,6,高橋,2023-01-04,5320
00651R,復華香港反1,6,0,6,高橋,2023-01-04,5320
1701,中化,9,3,6,高橋,2023-01-04,5320
3034,聯詠,11,6,5,高橋,2023-01-04,5320
6153,嘉聯益,5,0,5,高橋,2023-01-04,5320
6202,盛群,5,0,5,高橋,2023-01-04,5320
1524,耿鼎,5,0,5,高橋,2023-01-04,5320
2208,台船,40,0,40,高橋,2023-01-05,5320
00632R,元大台灣50反1,40,3,37,高橋,2023-01-05,5320
2317,鴻海,41,5,36,高橋,2023-01-05,5320
2419,仲琦,39,3,36,高橋,2023-01-05,5320
3605,宏致,30,0,30,高橋,2023-01-05,5320
8112,至上,30,0,30,高橋,2023-01-05,5320
1701,中化,30,3,27,高橋,2023-01-05,5320
2313,華通,26,0,26,高橋,2023-01-05,5320
5009,榮剛,27,3,24,高橋,2023-01-05,5320
00715L,期街口布蘭特正2,23,0,23,高橋,2023-01-05,5320
1305,華夏,23,0,23,高橋,2023-01-05,5320
1529,樂事綠能,37,14,23,高橋,2023-01-05,5320
3027,盛達,22,0,22,高橋,2023-01-05,5320
2610,華航,35,13,22,高橋,2023-01-05,5320
1477,聚陽,20,0,20,高橋,2023-01-05,5320
4903,聯光通,20,0,20,高橋,2023-01-05,5320
4979,華星光,21,1,20,高橋,2023-01-05,5320
8044,網家,32,12,20,高橋,2023-01-05,5320
2498,宏達電,36,16,20,高橋,2023-01-05,5320
1605,華新,63,44,19,高橋,2023-01-05,5320
8046,南電,20,2,18,高橋,2023-01-05,5320
2337,旺宏,22,6,16,高橋,2023-01-05,5320
2834,臺企銀,32,18,14,高橋,2023-01-05,5320
1504,東元,14,1,13,高橋,2023-01-05,5320
2618,長榮航,36,23,13,高橋,2023-01-05,5320
2460,建通,13,0,13,高橋,2023-01-05,5320
3035,智原,23,10,13,高橋,2023-01-05,5320
2614,東森,15,3,12,高橋,2023-01-05,5320
2383,台光電,11,0,11,高橋,2023-01-05,5320
2615,萬海,15,4,11,高橋,2023-01-05,5320
6589,台康生技,12,1,11,高橋,2023-01-05,5320
2303,聯電,14,4,10,高橋,2023-01-05,5320
2486,一詮,10,0,10,高橋,2023-01-05,5320
00881,國泰台灣5G+,20,10,10,高橋,2023-01-05,5320
4106,雃博,10,0,10,高橋,2023-01-05,5320
6535,順藥,10,0,10,高橋,2023-01-05,5320
4950,牧東,10,0,10,高橋,2023-01-05,5320
00664R,國泰臺灣加權反1,10,0,10,高橋,2023-01-05,5320
4966,譜瑞-KY,11,1,10,高橋,2023-01-05,5320
00642U,期元大S＆P石油,9,0,9,高橋,2023-01-05,5320
3443,創意,9,0,9,高橋,2023-01-05,5320
6150,撼訊,16,8,8,高橋,2023-01-05,5320
8996,高力,10,2,8,高橋,2023-01-05,5320
6118,建達,20,12,8,高橋,2023-01-05,5320
3162,精確,11,3,8,高橋,2023-01-05,5320
2882,國泰金,8,0,8,高橋,2023-01-05,5320
8358,金居,26,19,7,高橋,2023-01-05,5320
9958,世紀鋼,8,1,7,高橋,2023-01-05,5320
00888,永豐台灣ESG,7,0,7,高橋,2023-01-05,5320
2851,中再保,7,0,7,高橋,2023-01-05,5320
00655L,國泰中國A50正2,135,0,135,高橋,2023-01-06,5320
00632R,元大台灣50反1,118,20,98,高橋,2023-01-06,5320
4961,天鈺,98,20,78,高橋,2023-01-06,5320
5014,建錩,54,0,54,高橋,2023-01-06,5320
1701,中化,62,14,48,高橋,2023-01-06,5320
00885,富邦越南,48,2,46,高橋,2023-01-06,5320
2884,玉山金,26,1,25,高橋,2023-01-06,5320
6443,元晶,26,3,23,高橋,2023-01-06,5320
3056,富華新,22,0,22,高橋,2023-01-06,5320
3083,網龍,25,4,21,高橋,2023-01-06,5320
2317,鴻海,26,5,21,高橋,2023-01-06,5320
2481,強茂,20,0,20,高橋,2023-01-06,5320
3093,港建*,20,0,20,高橋,2023-01-06,5320
1467,南緯,19,0,19,高橋,2023-01-06,5320
4114,健喬,43,24,19,高橋,2023-01-06,5320
3481,群創,55,37,18,高橋,2023-01-06,5320
6276,安鈦克,18,0,18,高橋,2023-01-06,5320
2353,宏��,20,2,18,高橋,2023-01-06,5320
4167,松瑞藥,23,6,17,高橋,2023-01-06,5320
00712,復華富時不動產,16,0,16,高橋,2023-01-06,5320
2484,希華,17,1,16,高橋,2023-01-06,5320
00720B,元大投資級公司債,15,0,15,高橋,2023-01-06,5320
6589,台康生技,28,13,15,高橋,2023-01-06,5320
3027,盛達,14,0,14,高橋,2023-01-06,5320
6202,盛群,13,0,13,高橋,2023-01-06,5320
2887,台新金,15,2,13,高橋,2023-01-06,5320
00893,國泰智能電動車,12,0,12,高橋,2023-01-06,5320
00882,中信中國高股息,12,0,12,高橋,2023-01-06,5320
3665,貿聯-KY,12,0,12,高橋,2023-01-06,5320
5608,四維航,14,3,11,高橋,2023-01-06,5320
6282,康舒,11,0,11,高橋,2023-01-06,5320
4804,大略-KY,10,0,10,高橋,2023-01-06,5320
00902,中信電池及儲能,10,0,10,高橋,2023-01-06,5320
6129,普誠,10,0,10,高橋,2023-01-06,5320
3048,益登,10,0,10,高橋,2023-01-06,5320
2867,三商壽,10,0,10,高橋,2023-01-06,5320
3443,創意,13,4,9,高橋,2023-01-06,5320
2406,國碩,10,1,9,高橋,2023-01-06,5320
2388,威盛,10,1,9,高橋,2023-01-06,5320
9933,中鼎,20,11,9,高橋,2023-01-06,5320
1227,佳格,10,1,9,高橋,2023-01-06,5320
9955,佳龍,9,0,9,高橋,2023-01-06,5320
6111,大宇資,9,1,8,高橋,2023-01-06,5320
4130,健亞,11,3,8,高橋,2023-01-06,5320
4934,太極,11,3,8,高橋,2023-01-06,5320
3704,合勤控,10,2,8,高橋,2023-01-06,5320
5351,鈺創,12,4,8,高橋,2023-01-06,5320
2637,慧洋-KY,9,1,8,高橋,2023-01-06,5320
3024,憶聲,7,0,7,高橋,2023-01-06,5320
1524,耿鼎,8,1,7,高橋,2023-01-06,5320
00632R,元大台灣50反1,164,13,151,高橋,2023-01-09,5320
00715L,期街口布蘭特正2,102,0,102,高橋,2023-01-09,5320
2892,第一金,95,5,90,高橋,2023-01-09,5320
1524,耿鼎,61,0,61,高橋,2023-01-09,5320
1605,華新,135,85,50,高橋,2023-01-09,5320
6129,普誠,32,6,26,高橋,2023-01-09,5320
00897,富邦基因免疫生技,23,0,23,高橋,2023-01-09,5320
2337,旺宏,46,24,22,高橋,2023-01-09,5320
3059,華晶科,21,0,21,高橋,2023-01-09,5320
2208,台船,21,0,21,高橋,2023-01-09,5320
2603,長榮,27,8,19,高橋,2023-01-09,5320
2609,陽明,48,29,19,高橋,2023-01-09,5320
2867,三商壽,20,2,18,高橋,2023-01-09,5320
6176,瑞儀,18,0,18,高橋,2023-01-09,5320
5351,鈺創,18,1,17,高橋,2023-01-09,5320
8069,元太,18,1,17,高橋,2023-01-09,5320
2014,中鴻,33,16,17,高橋,2023-01-09,5320
00898,國泰基因免疫革命,17,0,17,高橋,2023-01-09,5320
1560,中砂,15,1,14,高橋,2023-01-09,5320
3454,晶睿,14,3,11,高橋,2023-01-09,5320
3661,世芯-KY,13,2,11,高橋,2023-01-09,5320
2707,晶華,12,1,11,高橋,2023-01-09,5320
2328,廣宇,24,13,11,高橋,2023-01-09,5320
3535,晶彩科,18,7,11,高橋,2023-01-09,5320
3317,尼克森,10,0,10,高橋,2023-01-09,5320
3048,益登,10,0,10,高橋,2023-01-09,5320
00655L,國泰中國A50正2,10,0,10,高橋,2023-01-09,5320
3272,東碩,11,1,10,高橋,2023-01-09,5320
3022,威強電,11,1,10,高橋,2023-01-09,5320
00686R,群益臺灣加權反1,10,0,10,高橋,2023-01-09,5320
6782,視陽,10,0,10,高橋,2023-01-09,5320
00687B,國泰20年美債,10,0,10,高橋,2023-01-09,5320
1442,名軒,10,0,10,高橋,2023-01-09,5320
2897,王道銀行,10,0,10,高橋,2023-01-09,5320
2317,鴻海,19,9,10,高橋,2023-01-09,5320
1720,生達,11,2,9,高橋,2023-01-09,5320
6276,安鈦克,9,0,9,高橋,2023-01-09,5320
6153,嘉聯益,8,0,8,高橋,2023-01-09,5320
6138,茂達,8,0,8,高橋,2023-01-09,5320
8105,凌巨,10,2,8,高橋,2023-01-09,5320
2367,燿華,15,7,8,高橋,2023-01-09,5320
5608,四維航,8,1,7,高橋,2023-01-09,5320
2359,所羅門,9,2,7,高橋,2023-01-09,5320
8033,雷虎,7,0,7,高橋,2023-01-09,5320
2419,仲琦,8,1,7,高橋,2023-01-09,5320
00669R,國泰美國道瓊反1,9,2,7,高橋,2023-01-09,5320
6605,帝寶,7,0,7,高橋,2023-01-09,5320
2313,華通,16,10,6,高橋,2023-01-09,5320
2497,怡利電,9,3,6,高橋,2023-01-09,5320
5475,德宏,11,5,6,高橋,2023-01-09,5320
2377,微星,159,0,159,高橋,2023-01-10,5320
2912,統一超,120,2,118,高橋,2023-01-10,5320
2890,永豐金,112,28,84,高橋,2023-01-10,5320
8105,凌巨,80,4,76,高橋,2023-01-10,5320
1708,東鹼,64,2,62,高橋,2023-01-10,5320
1605,華新,134,80,54,高橋,2023-01-10,5320
3576,聯合再生,40,0,40,高橋,2023-01-10,5320
2609,陽明,41,8,33,高橋,2023-01-10,5320
1701,中化,28,1,27,高橋,2023-01-10,5320
00885,富邦越南,26,0,26,高橋,2023-01-10,5320
2444,兆勁,25,0,25,高橋,2023-01-10,5320
8033,雷虎,23,0,23,高橋,2023-01-10,5320
6233,旺玖,21,0,21,高橋,2023-01-10,5320
6109,亞元,20,1,19,高橋,2023-01-10,5320
2484,希華,20,2,18,高橋,2023-01-10,5320
2884,玉山金,18,0,18,高橋,2023-01-10,5320
3062,建漢,21,3,18,高橋,2023-01-10,5320
2887,台新金,20,3,17,高橋,2023-01-10,5320
2614,東森,17,0,17,高橋,2023-01-10,5320
9945,潤泰新,16,0,16,高橋,2023-01-10,5320
6182,合晶,20,5,15,高橋,2023-01-10,5320
00897,富邦基因免疫生技,14,0,14,高橋,2023-01-10,5320
8440,綠電,18,5,13,高橋,2023-01-10,5320
00637L,元大滬深300正2,16,3,13,高橋,2023-01-10,5320
2603,長榮,12,0,12,高橋,2023-01-10,5320
2886,兆豐金,12,0,12,高橋,2023-01-10,5320
2338,光罩,13,1,12,高橋,2023-01-10,5320
5388,中磊,11,0,11,高橋,2023-01-10,5320
1802,台玻,11,0,11,高橋,2023-01-10,5320
1736,喬山,12,1,11,高橋,2023-01-10,5320
6279,胡連,12,1,11,高橋,2023-01-10,5320
4743,合一,12,2,10,高橋,2023-01-10,5320
3025,星通,10,0,10,高橋,2023-01-10,5320
5512,力麒,10,0,10,高橋,2023-01-10,5320
3048,益登,10,0,10,高橋,2023-01-10,5320
3521,鴻翊,10,0,10,高橋,2023-01-10,5320
00636,國泰中國A50,10,0,10,高橋,2023-01-10,5320
4804,大略-KY,10,0,10,高橋,2023-01-10,5320
1713,國化,10,0,10,高橋,2023-01-10,5320
2481,強茂,11,2,9,高橋,2023-01-10,5320
2615,萬海,15,6,9,高橋,2023-01-10,5320
1309,台達化,9,1,8,高橋,2023-01-10,5320
6282,康舒,10,2,8,高橋,2023-01-10,5320
2409,友達,13,5,8,高橋,2023-01-10,5320
3228,金麗科,9,1,8,高橋,2023-01-10,5320
9933,中鼎,10,2,8,高橋,2023-01-10,5320
2359,所羅門,8,1,7,高橋,2023-01-10,5320
2009,第一銅,7,0,7,高橋,2023-01-10,5320
4919,新唐,9,2,7,高橋,2023-01-10,5320
00725B,國泰投資級公司債,7,0,7,高橋,2023-01-10,5320
2313,華通,80,0,80,高橋,2023-01-11,5320
4904,遠傳,56,0,56,高橋,2023-01-11,5320
3024,憶聲,40,0,40,高橋,2023-01-11,5320
3704,合勤控,31,0,31,高橋,2023-01-11,5320
4979,華星光,32,2,30,高橋,2023-01-11,5320
1524,耿鼎,30,1,29,高橋,2023-01-11,5320
1342,八貫,30,2,28,高橋,2023-01-11,5320
2609,陽明,40,15,25,高橋,2023-01-11,5320
4804,大略-KY,30,5,25,高橋,2023-01-11,5320
6533,晶心科,29,5,24,高橋,2023-01-11,5320
00878,國泰永續高股息,38,14,24,高橋,2023-01-11,5320
1309,台達化,21,0,21,高橋,2023-01-11,5320
2615,萬海,37,18,19,高橋,2023-01-11,5320
2882,國泰金,19,1,18,高橋,2023-01-11,5320
6515,穎崴,18,0,18,高橋,2023-01-11,5320
2317,鴻海,24,7,17,高橋,2023-01-11,5320
5009,榮剛,35,18,17,高橋,2023-01-11,5320
2607,榮運,17,1,16,高橋,2023-01-11,5320
3013,晟銘電,13,0,13,高橋,2023-01-11,5320
1326,台化,12,0,12,高橋,2023-01-11,5320
3605,宏致,12,0,12,高橋,2023-01-11,5320
1584,精剛,47,35,12,高橋,2023-01-11,5320
00713,元大台灣高息低波,13,1,12,高橋,2023-01-11,5320
1713,國化,11,0,11,高橋,2023-01-11,5320
1434,福懋,11,0,11,高橋,2023-01-11,5320
2409,友達,31,20,11,高橋,2023-01-11,5320
4168,醣聯,15,4,11,高橋,2023-01-11,5320
1307,三芳,10,0,10,高橋,2023-01-11,5320
1519,華城,17,7,10,高橋,2023-01-11,5320
6576,逸達,10,0,10,高橋,2023-01-11,5320
2887,台新金,10,0,10,高橋,2023-01-11,5320
8222,寶一,10,0,10,高橋,2023-01-11,5320
4111,濟生,10,0,10,高橋,2023-01-11,5320
3002,歐格,10,0,10,高橋,2023-01-11,5320
3221,台嘉碩,10,0,10,高橋,2023-01-11,5320
1529,樂事綠能,22,13,9,高橋,2023-01-11,5320
2495,普安,8,0,8,高橋,2023-01-11,5320
3434,哲固,8,0,8,高橋,2023-01-11,5320
1217,愛之味,6,0,6,高橋,2023-01-11,5320
1319,東陽,7,1,6,高橋,2023-01-11,5320
1503,士電,6,0,6,高橋,2023-01-11,5320
2360,致茂,6,0,6,高橋,2023-01-11,5320
5905,南仁湖,6,0,6,高橋,2023-01-11,5320
2884,玉山金,13,7,6,高橋,2023-01-11,5320
2484,希華,7,1,6,高橋,2023-01-11,5320
00720B,元大投資級公司債,6,1,5,高橋,2023-01-11,5320
1810,和成,5,0,5,高橋,2023-01-11,5320
4114,健喬,17,12,5,高橋,2023-01-11,5320
1526,日馳,5,0,5,高橋,2023-01-11,5320
8358,金居,7,2,5,高橋,2023-01-11,5320
1701,中化,227,7,220,高橋,2023-01-12,5320
00680L,元大美債20正2,60,0,60,高橋,2023-01-12,5320
00878,國泰永續高股息,34,0,34,高橋,2023-01-12,5320
2634,漢翔,30,0,30,高橋,2023-01-12,5320
2615,萬海,34,7,27,高橋,2023-01-12,5320
2603,長榮,29,5,24,高橋,2023-01-12,5320
2313,華通,21,0,21,高橋,2023-01-12,5320
3037,欣興,24,3,21,高橋,2023-01-12,5320
3481,群創,37,18,19,高橋,2023-01-12,5320
3035,智原,24,6,18,高橋,2023-01-12,5320
6285,啟��,20,2,18,高橋,2023-01-12,5320
6188,廣明,25,8,17,高橋,2023-01-12,5320
2889,國票金,20,4,16,高橋,2023-01-12,5320
2484,希華,26,10,16,高橋,2023-01-12,5320
6443,元晶,38,23,15,高橋,2023-01-12,5320
2641,正德,15,0,15,高橋,2023-01-12,5320
5371,中光電,15,0,15,高橋,2023-01-12,5320
1605,華新,118,105,13,高橋,2023-01-12,5320
4128,中天,13,1,12,高橋,2023-01-12,5320
1608,華榮,17,5,12,高橋,2023-01-12,5320
2409,友達,11,0,11,高橋,2023-01-12,5320
9945,潤泰新,11,0,11,高橋,2023-01-12,5320
00665L,富邦�琤肭磪囓�2,11,0,11,高橋,2023-01-12,5320
00905,FT臺灣Smart,10,0,10,高橋,2023-01-12,5320
2633,台灣高鐵,10,0,10,高橋,2023-01-12,5320
2851,中再保,10,0,10,高橋,2023-01-12,5320
3034,聯詠,10,0,10,高橋,2023-01-12,5320
00897,富邦基因免疫生技,14,5,9,高橋,2023-01-12,5320
00882,中信中國高股息,16,7,9,高橋,2023-01-12,5320
2436,偉詮電,16,7,9,高橋,2023-01-12,5320
2882,國泰金,11,3,8,高橋,2023-01-12,5320
2884,玉山金,8,0,8,高橋,2023-01-12,5320
2423,固緯,8,0,8,高橋,2023-01-12,5320
6244,茂迪,8,0,8,高橋,2023-01-12,5320
2324,仁寶,8,0,8,高橋,2023-01-12,5320
5351,鈺創,8,0,8,高橋,2023-01-12,5320
6122,擎邦,8,0,8,高橋,2023-01-12,5320
6147,頎邦,9,1,8,高橋,2023-01-12,5320
2353,宏��,8,0,8,高橋,2023-01-12,5320
8046,南電,10,3,7,高橋,2023-01-12,5320
2230,泰茂,7,0,7,高橋,2023-01-12,5320
00669R,國泰美國道瓊反1,7,0,7,高橋,2023-01-12,5320
3715,定穎投控,7,0,7,高橋,2023-01-12,5320
8996,高力,9,2,7,高橋,2023-01-12,5320
3703,欣陸,7,0,7,高橋,2023-01-12,5320
3356,奇偶,6,0,6,高橋,2023-01-12,5320
3025,星通,7,1,6,高橋,2023-01-12,5320
8150,南茂,6,0,6,高橋,2023-01-12,5320
2472,立隆電,6,0,6,高橋,2023-01-12,5320
2880,華南金,6,0,6,高橋,2023-01-12,5320
00632R,元大台灣50反1,133,0,133,高橋,2023-01-13,5320
2349,錸德,100,0,100,高橋,2023-01-13,5320
2834,臺企銀,47,0,47,高橋,2023-01-13,5320
2009,第一銅,48,7,41,高橋,2023-01-13,5320
2468,華經,45,5,40,高橋,2023-01-13,5320
1514,亞力,30,0,30,高橋,2023-01-13,5320
2313,華通,33,5,28,高橋,2023-01-13,5320
6235,華孚,29,2,27,高橋,2023-01-13,5320
4979,華星光,26,3,23,高橋,2023-01-13,5320
8933,愛地雅,25,2,23,高橋,2023-01-13,5320
5871,中租-KY,20,0,20,高橋,2023-01-13,5320
2423,固緯,20,0,20,高橋,2023-01-13,5320
00898,國泰基因免疫革命,20,0,20,高橋,2023-01-13,5320
00905,FT臺灣Smart,20,0,20,高橋,2023-01-13,5320
6142,友勁,20,0,20,高橋,2023-01-13,5320
00897,富邦基因免疫生技,20,0,20,高橋,2023-01-13,5320
2020,美亞,20,0,20,高橋,2023-01-13,5320
1603,華電,19,0,19,高橋,2023-01-13,5320
2344,華邦電,21,2,19,高橋,2023-01-13,5320
2482,連宇,20,1,19,高橋,2023-01-13,5320
2484,希華,17,0,17,高橋,2023-01-13,5320
00882,中信中國高股息,16,0,16,高橋,2023-01-13,5320
6443,元晶,16,2,14,高橋,2023-01-13,5320
1524,耿鼎,18,5,13,高橋,2023-01-13,5320
1718,中纖,11,0,11,高橋,2023-01-13,5320
3081,聯亞,14,3,11,高橋,2023-01-13,5320
00720B,元大投資級公司債,11,0,11,高橋,2023-01-13,5320
2883,凱基金,16,5,11,高橋,2023-01-13,5320
00885,富邦越南,10,0,10,高橋,2023-01-13,5320
6477,安集,10,0,10,高橋,2023-01-13,5320
3041,揚智,10,0,10,高橋,2023-01-13,5320
00892,富邦台灣半導體,10,0,10,高橋,2023-01-13,5320
1444,力麗,10,0,10,高橋,2023-01-13,5320
6129,普誠,10,0,10,高橋,2023-01-13,5320
6133,金橋,10,0,10,高橋,2023-01-13,5320
2498,宏達電,21,12,9,高橋,2023-01-13,5320
6152,百一,9,0,9,高橋,2023-01-13,5320
00724B,群益投資級金融債,10,1,9,高橋,2023-01-13,5320
2206,三陽工業,10,1,9,高橋,2023-01-13,5320
1815,富喬,10,1,9,高橋,2023-01-13,5320
00878,國泰永續高股息,10,2,8,高橋,2023-01-13,5320
2358,廷鑫,10,2,8,高橋,2023-01-13,5320
2105,正新,8,0,8,高橋,2023-01-13,5320
2302,麗正,8,0,8,高橋,2023-01-13,5320
9907,統一實,8,0,8,高橋,2023-01-13,5320
3576,聯合再生,8,0,8,高橋,2023-01-13,5320
3105,穩懋,11,3,8,高橋,2023-01-13,5320
1409,新纖,7,0,7,高橋,2023-01-13,5320
2399,映泰,7,0,7,高橋,2023-01-13,5320
00751B,元大AAA至A公司債,7,1,6,高橋,2023-01-13,5320
00637L,元大滬深300正2,226,9,217,高橋,2023-01-16,5320
00632R,元大台灣50反1,197,0,197,高橋,2023-01-16,5320
00878,國泰永續高股息,101,9,92,高橋,2023-01-16,5320
00882,中信中國高股息,70,2,68,高橋,2023-01-16,5320
0056,元大高股息,106,56,50,高橋,2023-01-16,5320
2633,台灣高鐵,35,0,35,高橋,2023-01-16,5320
2892,第一金,40,7,33,高橋,2023-01-16,5320
6770,力積電,83,50,33,高橋,2023-01-16,5320
8916,光隆,30,0,30,高橋,2023-01-16,5320
5439,高技,27,0,27,高橋,2023-01-16,5320
2009,第一銅,32,10,22,高橋,2023-01-16,5320
00673R,期元大S＆P原油反1,21,0,21,高橋,2023-01-16,5320
00669R,國泰美國道瓊反1,25,5,20,高橋,2023-01-16,5320
00898,國泰基因免疫革命,20,0,20,高橋,2023-01-16,5320
6122,擎邦,20,0,20,高橋,2023-01-16,5320
2603,長榮,25,6,19,高橋,2023-01-16,5320
00665L,富邦�琤肭磪囓�2,20,1,19,高橋,2023-01-16,5320
1603,華電,19,0,19,高橋,2023-01-16,5320
2801,彰銀,17,0,17,高橋,2023-01-16,5320
2890,永豐金,31,15,16,高橋,2023-01-16,5320
2609,陽明,32,16,16,高橋,2023-01-16,5320
5351,鈺創,15,1,14,高橋,2023-01-16,5320
1513,中興電,15,1,14,高橋,2023-01-16,5320
2867,三商壽,13,0,13,高橋,2023-01-16,5320
8201,無敵,13,0,13,高橋,2023-01-16,5320
2317,鴻海,20,8,12,高橋,2023-01-16,5320
2358,廷鑫,13,1,12,高橋,2023-01-16,5320
6829,千附精密,12,0,12,高橋,2023-01-16,5320
9907,統一實,12,0,12,高橋,2023-01-16,5320
3479,安勤,11,0,11,高橋,2023-01-16,5320
3454,晶睿,11,0,11,高橋,2023-01-16,5320
2436,偉詮電,11,0,11,高橋,2023-01-16,5320
3011,今皓,10,0,10,高橋,2023-01-16,5320
3024,憶聲,10,0,10,高橋,2023-01-16,5320
6015,宏遠證,10,0,10,高橋,2023-01-16,5320
6139,亞翔,22,12,10,高橋,2023-01-16,5320
2007,燁興,10,0,10,高橋,2023-01-16,5320
6443,元晶,15,5,10,高橋,2023-01-16,5320
6182,合晶,12,2,10,高橋,2023-01-16,5320
2535,達欣工,10,0,10,高橋,2023-01-16,5320
5009,榮剛,10,1,9,高橋,2023-01-16,5320
1605,華新,32,23,9,高橋,2023-01-16,5320
2883,凱基金,13,4,9,高橋,2023-01-16,5320
3027,盛達,7,0,7,高橋,2023-01-16,5320
00897,富邦基因免疫生技,10,3,7,高橋,2023-01-16,5320
00720B,元大投資級公司債,7,1,6,高橋,2023-01-16,5320
3236,千如,7,1,6,高橋,2023-01-16,5320
3704,合勤控,7,1,6,高橋,2023-01-16,5320
3533,嘉澤,6,0,6,高橋,2023-01-16,5320
2324,仁寶,12,6,6,高橋,2023-01-16,5320
00882,中信中國高股息,91,9,82,高橋,2023-01-17,5320
00715L,期街口布蘭特正2,76,2,74,高橋,2023-01-17,5320
2358,廷鑫,71,1,70,高橋,2023-01-17,5320
2882,國泰金,59,8,51,高橋,2023-01-17,5320
2634,漢翔,33,1,32,高橋,2023-01-17,5320
00878,國泰永續高股息,34,5,29,高橋,2023-01-17,5320
00632R,元大台灣50反1,28,0,28,高橋,2023-01-17,5320
3037,欣興,29,1,28,高橋,2023-01-17,5320
2834,臺企銀,22,0,22,高橋,2023-01-17,5320
2884,玉山金,21,0,21,高橋,2023-01-17,5320
6257,矽格,20,0,20,高橋,2023-01-17,5320
2365,昆盈,20,0,20,高橋,2023-01-17,5320
2610,華航,34,15,19,高橋,2023-01-17,5320
00770,國泰北美科技,20,2,18,高橋,2023-01-17,5320
2314,台揚,17,0,17,高橋,2023-01-17,5320
2614,東森,21,4,17,高橋,2023-01-17,5320
3035,智原,18,1,17,高橋,2023-01-17,5320
00664R,國泰臺灣加權反1,16,0,16,高橋,2023-01-17,5320
9919,康那香,15,0,15,高橋,2023-01-17,5320
1519,華城,22,7,15,高橋,2023-01-17,5320
2351,順德,14,0,14,高橋,2023-01-17,5320
2367,燿華,18,4,14,高橋,2023-01-17,5320
1101,台泥,20,7,13,高橋,2023-01-17,5320
6109,亞元,12,0,12,高橋,2023-01-17,5320
2845,遠東銀,12,0,12,高橋,2023-01-17,5320
2885,元大金,12,0,12,高橋,2023-01-17,5320
2359,所羅門,10,0,10,高橋,2023-01-17,5320
1789,神隆,10,0,10,高橋,2023-01-17,5320
2883,凱基金,12,2,10,高橋,2023-01-17,5320
2702,華園,10,0,10,高橋,2023-01-17,5320
00637L,元大滬深300正2,16,6,10,高橋,2023-01-17,5320
2338,光罩,11,1,10,高橋,2023-01-17,5320
1460,宏遠,10,0,10,高橋,2023-01-17,5320
2356,英業達,10,0,10,高橋,2023-01-17,5320
00905,FT臺灣Smart,10,0,10,高橋,2023-01-17,5320
3624,光頡,13,3,10,高橋,2023-01-17,5320
3481,群創,15,5,10,高橋,2023-01-17,5320
5258,虹堡,16,6,10,高橋,2023-01-17,5320
8046,南電,10,0,10,高橋,2023-01-17,5320
00720B,元大投資級公司債,10,1,9,高橋,2023-01-17,5320
2492,華新科,9,0,9,高橋,2023-01-17,5320
8076,伍豐,10,1,9,高橋,2023-01-17,5320
2368,金像電,8,0,8,高橋,2023-01-17,5320
00892,富邦台灣半導體,8,0,8,高橋,2023-01-17,5320
5351,鈺創,8,0,8,高橋,2023-01-17,5320
4747,強生,9,1,8,高橋,2023-01-17,5320
3265,台星科,11,4,7,高橋,2023-01-17,5320
2419,仲琦,10,3,7,高橋,2023-01-17,5320
4153,鈺緯,7,0,7,高橋,2023-01-17,5320
1319,東陽,7,0,7,高橋,2023-01-17,5320
2303,聯電,1798,320,1478,高橋,2023-01-30,5320
2929,淘帝-KY,201,11,190,高橋,2023-01-30,5320
1605,華新,350,246,104,高橋,2023-01-30,5320
2317,鴻海,60,3,57,高橋,2023-01-30,5320
1342,八貫,55,0,55,高橋,2023-01-30,5320
6643,M31,40,4,36,高橋,2023-01-30,5320
8996,高力,45,11,34,高橋,2023-01-30,5320
2014,中鴻,64,31,33,高橋,2023-01-30,5320
2337,旺宏,36,4,32,高橋,2023-01-30,5320
2609,陽明,47,15,32,高橋,2023-01-30,5320
6026,福邦證,30,0,30,高橋,2023-01-30,5320
4541,晟田,29,0,29,高橋,2023-01-30,5320
2603,長榮,31,4,27,高橋,2023-01-30,5320
2891,中信金,26,0,26,高橋,2023-01-30,5320
00897,富邦基因免疫生技,22,0,22,高橋,2023-01-30,5320
00671R,富邦NASDAQ反1,21,0,21,高橋,2023-01-30,5320
00712,復華富時不動產,20,0,20,高橋,2023-01-30,5320
2428,興勤,22,2,20,高橋,2023-01-30,5320
2867,三商壽,20,0,20,高橋,2023-01-30,5320
2392,正崴,24,4,20,高橋,2023-01-30,5320
00679B,元大美債20年,20,0,20,高橋,2023-01-30,5320
3013,晟銘電,20,1,19,高橋,2023-01-30,5320
8038,長園科,18,0,18,高橋,2023-01-30,5320
00898,國泰基因免疫革命,20,2,18,高橋,2023-01-30,5320
1529,樂事綠能,41,23,18,高橋,2023-01-30,5320
8016,矽創,20,2,18,高橋,2023-01-30,5320
00770,國泰北美科技,15,0,15,高橋,2023-01-30,5320
3048,益登,15,0,15,高橋,2023-01-30,5320
2482,連宇,28,13,15,高橋,2023-01-30,5320
00676R,富邦臺灣加權反1,14,0,14,高橋,2023-01-30,5320
00664R,國泰臺灣加權反1,14,0,14,高橋,2023-01-30,5320
8069,元太,19,5,14,高橋,2023-01-30,5320
4114,健喬,34,21,13,高橋,2023-01-30,5320
6515,穎崴,13,0,13,高橋,2023-01-30,5320
4906,正文,13,0,13,高橋,2023-01-30,5320
1524,耿鼎,13,1,12,高橋,2023-01-30,5320
2412,中華電,16,5,11,高橋,2023-01-30,5320
2892,第一金,13,3,10,高橋,2023-01-30,5320
4130,健亞,10,0,10,高橋,2023-01-30,5320
00673R,期元大S＆P原油反1,10,0,10,高橋,2023-01-30,5320
3005,神基,10,0,10,高橋,2023-01-30,5320
2340,台亞,10,0,10,高橋,2023-01-30,5320
2634,漢翔,16,6,10,高橋,2023-01-30,5320
9933,中鼎,10,0,10,高橋,2023-01-30,5320
00651R,復華香港反1,10,0,10,高橋,2023-01-30,5320
2028,威致,20,11,9,高橋,2023-01-30,5320
2369,菱生,9,0,9,高橋,2023-01-30,5320
2614,東森,8,0,8,高橋,2023-01-30,5320
2542,興富發,8,0,8,高橋,2023-01-30,5320
4942,嘉彰,8,0,8,高橋,2023-01-30,5320
00878,國泰永續高股息,336,99,237,高橋,2023-01-31,5320
00905,FT臺灣Smart,197,0,197,高橋,2023-01-31,5320
00655L,國泰中國A50正2,135,0,135,高橋,2023-01-31,5320
2929,淘帝-KY,118,37,81,高橋,2023-01-31,5320
00885,富邦越南,43,0,43,高橋,2023-01-31,5320
00712,復華富時不動產,47,5,42,高橋,2023-01-31,5320
2330,台積電,46,6,40,高橋,2023-01-31,5320
2890,永豐金,59,20,39,高橋,2023-01-31,5320
2324,仁寶,34,0,34,高橋,2023-01-31,5320
1101,台泥,32,0,32,高橋,2023-01-31,5320
4961,天鈺,58,26,32,高橋,2023-01-31,5320
2002,中鋼,43,13,30,高橋,2023-01-31,5320
00664R,國泰臺灣加權反1,30,0,30,高橋,2023-01-31,5320
2614,東森,30,3,27,高橋,2023-01-31,5320
00720B,元大投資級公司債,28,3,25,高橋,2023-01-31,5320
00882,中信中國高股息,24,0,24,高橋,2023-01-31,5320
2891,中信金,26,2,24,高橋,2023-01-31,5320
2881,富邦金,26,3,23,高橋,2023-01-31,5320
00772B,中信高評級公司債,23,1,22,高橋,2023-01-31,5320
2892,第一金,21,0,21,高橋,2023-01-31,5320
5269,祥碩,20,0,20,高橋,2023-01-31,5320
2380,虹光,20,0,20,高橋,2023-01-31,5320
4142,國光生,25,6,19,高橋,2023-01-31,5320
2884,玉山金,18,0,18,高橋,2023-01-31,5320
3711,日月光投控,18,1,17,高橋,2023-01-31,5320
5220,萬達光電,17,0,17,高橋,2023-01-31,5320
4167,松瑞藥,17,1,16,高橋,2023-01-31,5320
3576,聯合再生,30,14,16,高橋,2023-01-31,5320
5347,世界,19,4,15,高橋,2023-01-31,5320
2376,技嘉,18,3,15,高橋,2023-01-31,5320
4114,健喬,26,11,15,高橋,2023-01-31,5320
00893,國泰智能電動車,15,0,15,高橋,2023-01-31,5320
2408,南亞科,15,0,15,高橋,2023-01-31,5320
2880,華南金,15,0,15,高橋,2023-01-31,5320
8033,雷虎,14,0,14,高橋,2023-01-31,5320
5871,中租-KY,13,0,13,高橋,2023-01-31,5320
2888,新光金,25,13,12,高橋,2023-01-31,5320
6719,力智,13,1,12,高橋,2023-01-31,5320
2885,元大金,11,0,11,高橋,2023-01-31,5320
2634,漢翔,14,3,11,高橋,2023-01-31,5320
4979,華星光,40,29,11,高橋,2023-01-31,5320
00665L,富邦�琤肭磪囓�2,11,0,11,高橋,2023-01-31,5320
5227,立凱-KY,11,0,11,高橋,2023-01-31,5320
4915,致伸,11,1,10,高橋,2023-01-31,5320
3533,嘉澤,10,0,10,高橋,2023-01-31,5320
2323,中環,10,0,10,高橋,2023-01-31,5320
2889,國票金,10,0,10,高橋,2023-01-31,5320
2387,精元,10,0,10,高橋,2023-01-31,5320
00673R,期元大S＆P原油反1,10,0,10,高橋,2023-01-31,5320
2356,英業達,10,0,10,高橋,2023-01-31,5320
4919,新唐,122,22,100,高橋,2023-02-01,5320
1605,華新,146,54,92,高橋,2023-02-01,5320
3035,智原,104,17,87,高橋,2023-02-01,5320
6472,保瑞,59,0,59,高橋,2023-02-01,5320
3047,訊舟,50,1,49,高橋,2023-02-01,5320
00905,FT臺灣Smart,48,0,48,高橋,2023-02-01,5320
8105,凌巨,45,2,43,高橋,2023-02-01,5320
2834,臺企銀,69,31,38,高橋,2023-02-01,5320
2891,中信金,40,2,38,高橋,2023-02-01,5320
5608,四維航,40,7,33,高橋,2023-02-01,5320
2486,一詮,32,1,31,高橋,2023-02-01,5320
2498,宏達電,39,8,31,高橋,2023-02-01,5320
2007,燁興,33,3,30,高橋,2023-02-01,5320
2409,友達,31,3,28,高橋,2023-02-01,5320
3481,群創,31,4,27,高橋,2023-02-01,5320
00632R,元大台灣50反1,25,0,25,高橋,2023-02-01,5320
2342,茂矽,26,1,25,高橋,2023-02-01,5320
5009,榮剛,32,8,24,高橋,2023-02-01,5320
3062,建漢,24,0,24,高橋,2023-02-01,5320
3576,聯合再生,27,5,22,高橋,2023-02-01,5320
00882,中信中國高股息,22,0,22,高橋,2023-02-01,5320
2317,鴻海,30,9,21,高橋,2023-02-01,5320
2537,聯上發,20,0,20,高橋,2023-02-01,5320
2017,官田鋼,20,0,20,高橋,2023-02-01,5320
2412,中華電,20,1,19,高橋,2023-02-01,5320
3037,欣興,39,21,18,高橋,2023-02-01,5320
00669R,國泰美國道瓊反1,18,0,18,高橋,2023-02-01,5320
1611,中電,19,1,18,高橋,2023-02-01,5320
2883,凱基金,17,0,17,高橋,2023-02-01,5320
4164,承業醫,18,1,17,高橋,2023-02-01,5320
2616,山隆,16,0,16,高橋,2023-02-01,5320
2890,永豐金,16,0,16,高橋,2023-02-01,5320
4979,華星光,31,16,15,高橋,2023-02-01,5320
5258,虹堡,56,41,15,高橋,2023-02-01,5320
6213,聯茂,19,5,14,高橋,2023-02-01,5320
2338,光罩,14,0,14,高橋,2023-02-01,5320
2009,第一銅,26,13,13,高橋,2023-02-01,5320
6182,合晶,29,16,13,高橋,2023-02-01,5320
5371,中光電,14,1,13,高橋,2023-02-01,5320
2897,王道銀行,13,1,12,高橋,2023-02-01,5320
2014,中鴻,20,8,12,高橋,2023-02-01,5320
2867,三商壽,14,2,12,高橋,2023-02-01,5320
6535,順藥,13,1,12,高橋,2023-02-01,5320
3141,晶宏,19,7,12,高橋,2023-02-01,5320
6015,宏遠證,11,0,11,高橋,2023-02-01,5320
6234,高僑,10,0,10,高橋,2023-02-01,5320
3711,日月光投控,12,2,10,高橋,2023-02-01,5320
8916,光隆,10,0,10,高橋,2023-02-01,5320
00701,國泰股利精選30,10,0,10,高橋,2023-02-01,5320
2243,宏旭-KY,10,0,10,高橋,2023-02-01,5320
6443,元晶,480,95,385,高橋,2023-02-02,5320
00637L,元大滬深300正2,224,19,205,高橋,2023-02-02,5320
2891,中信金,174,0,174,高橋,2023-02-02,5320
00655L,國泰中國A50正2,130,0,130,高橋,2023-02-02,5320
5425,台半,117,7,110,高橋,2023-02-02,5320
3675,德微,113,5,108,高橋,2023-02-02,5320
2105,正新,104,0,104,高橋,2023-02-02,5320
00632R,元大台灣50反1,115,30,85,高橋,2023-02-02,5320
1522,堤維西,72,0,72,高橋,2023-02-02,5320
2610,華航,107,36,71,高橋,2023-02-02,5320
2834,臺企銀,72,3,69,高橋,2023-02-02,5320
00878,國泰永續高股息,85,20,65,高橋,2023-02-02,5320
9907,統一實,70,6,64,高橋,2023-02-02,5320
00671R,富邦NASDAQ反1,61,0,61,高橋,2023-02-02,5320
2317,鴻海,72,12,60,高橋,2023-02-02,5320
00882,中信中國高股息,57,0,57,高橋,2023-02-02,5320
3047,訊舟,55,0,55,高橋,2023-02-02,5320
00885,富邦越南,51,5,46,高橋,2023-02-02,5320
00715L,期街口布蘭特正2,45,0,45,高橋,2023-02-02,5320
3702,大聯大,45,1,44,高橋,2023-02-02,5320
1611,中電,64,21,43,高橋,2023-02-02,5320
00897,富邦基因免疫生技,41,0,41,高橋,2023-02-02,5320
2201,裕隆,56,18,38,高橋,2023-02-02,5320
2618,長榮航,54,27,27,高橋,2023-02-02,5320
2412,中華電,23,0,23,高橋,2023-02-02,5320
2634,漢翔,22,0,22,高橋,2023-02-02,5320
5608,四維航,21,0,21,高橋,2023-02-02,5320
1319,東陽,20,0,20,高橋,2023-02-02,5320
6180,橘子,20,0,20,高橋,2023-02-02,5320
1434,福懋,25,6,19,高橋,2023-02-02,5320
6129,普誠,62,43,19,高橋,2023-02-02,5320
1513,中興電,26,9,17,高橋,2023-02-02,5320
2014,中鴻,19,2,17,高橋,2023-02-02,5320
00905,FT臺灣Smart,16,0,16,高橋,2023-02-02,5320
00900,富邦特選高股息30,30,14,16,高橋,2023-02-02,5320
3576,聯合再生,15,0,15,高橋,2023-02-02,5320
00907,永豐優息存股,15,0,15,高橋,2023-02-02,5320
6016,康和證,15,0,15,高橋,2023-02-02,5320
5351,鈺創,39,24,15,高橋,2023-02-02,5320
4167,松瑞藥,20,6,14,高橋,2023-02-02,5320
2867,三商壽,16,2,14,高橋,2023-02-02,5320
3189,景碩,22,8,14,高橋,2023-02-02,5320
1218,泰山,14,0,14,高橋,2023-02-02,5320
1904,正隆,13,0,13,高橋,2023-02-02,5320
2352,佳世達,13,0,13,高橋,2023-02-02,5320
2027,大成鋼,13,0,13,高橋,2023-02-02,5320
2801,彰銀,12,0,12,高橋,2023-02-02,5320
6770,力積電,38,27,11,高橋,2023-02-02,5320
2884,玉山金,11,0,11,高橋,2023-02-02,5320
4128,中天,11,0,11,高橋,2023-02-02,5320
00632R,元大台灣50反1,182,3,179,高橋,2023-02-03,5320
2498,宏達電,139,51,88,高橋,2023-02-03,5320
00878,國泰永續高股息,90,5,85,高橋,2023-02-03,5320
2888,新光金,57,3,54,高橋,2023-02-03,5320
00637L,元大滬深300正2,53,0,53,高橋,2023-02-03,5320
6515,穎崴,50,0,50,高橋,2023-02-03,5320
2834,臺企銀,49,0,49,高橋,2023-02-03,5320
00715L,期街口布蘭特正2,46,0,46,高橋,2023-02-03,5320
00679B,元大美債20年,45,0,45,高橋,2023-02-03,5320
2891,中信金,47,5,42,高橋,2023-02-03,5320
00900,富邦特選高股息30,41,1,40,高橋,2023-02-03,5320
1513,中興電,31,1,30,高橋,2023-02-03,5320
9919,康那香,30,0,30,高橋,2023-02-03,5320
2409,友達,38,8,30,高橋,2023-02-03,5320
3317,尼克森,30,0,30,高橋,2023-02-03,5320
2392,正崴,30,0,30,高橋,2023-02-03,5320
00665L,富邦�琤肭磪囓�2,30,0,30,高橋,2023-02-03,5320
2610,華航,46,17,29,高橋,2023-02-03,5320
2027,大成鋼,29,0,29,高橋,2023-02-03,5320
3049,精金,30,3,27,高橋,2023-02-03,5320
2482,連宇,36,10,26,高橋,2023-02-03,5320
2303,聯電,91,67,24,高橋,2023-02-03,5320
6589,台康生技,32,8,24,高橋,2023-02-03,5320
6643,M31,31,11,20,高橋,2023-02-03,5320
2889,國票金,20,0,20,高橋,2023-02-03,5320
2884,玉山金,19,0,19,高橋,2023-02-03,5320
6443,元晶,35,16,19,高橋,2023-02-03,5320
5009,榮剛,19,0,19,高橋,2023-02-03,5320
2388,威盛,22,4,18,高橋,2023-02-03,5320
3508,位速,19,2,17,高橋,2023-02-03,5320
5388,中磊,20,4,16,高橋,2023-02-03,5320
5371,中光電,16,1,15,高橋,2023-02-03,5320
2886,兆豐金,15,1,14,高橋,2023-02-03,5320
6770,力積電,20,6,14,高橋,2023-02-03,5320
3141,晶宏,21,7,14,高橋,2023-02-03,5320
3545,敦泰,18,4,14,高橋,2023-02-03,5320
8215,明基材,15,1,14,高橋,2023-02-03,5320
3034,聯詠,15,2,13,高橋,2023-02-03,5320
3481,群創,14,1,13,高橋,2023-02-03,5320
2344,華邦電,18,5,13,高橋,2023-02-03,5320
3041,揚智,13,0,13,高橋,2023-02-03,5320
00772B,中信高評級公司債,13,0,13,高橋,2023-02-03,5320
2340,台亞,17,5,12,高橋,2023-02-03,5320
1752,南光,22,10,12,高橋,2023-02-03,5320
3035,智原,60,48,12,高橋,2023-02-03,5320
2204,中華,11,0,11,高橋,2023-02-03,5320
1512,瑞利,11,0,11,高橋,2023-02-03,5320
4167,松瑞藥,11,0,11,高橋,2023-02-03,5320
8996,高力,13,2,11,高橋,2023-02-03,5320
1609,大亞,11,0,11,高橋,2023-02-03,5320
00715L,期街口布蘭特正2,216,1,215,高橋,2023-02-06,5320
00878,國泰永續高股息,187,4,183,高橋,2023-02-06,5320
4114,健喬,157,35,122,高橋,2023-02-06,5320
1591,駿吉-KY,129,11,118,高橋,2023-02-06,5320
2888,新光金,85,0,85,高橋,2023-02-06,5320
2603,長榮,79,12,67,高橋,2023-02-06,5320
00882,中信中國高股息,67,0,67,高橋,2023-02-06,5320
2834,臺企銀,65,10,55,高橋,2023-02-06,5320
2884,玉山金,54,0,54,高橋,2023-02-06,5320
6770,力積電,53,11,42,高橋,2023-02-06,5320
8069,元太,45,5,40,高橋,2023-02-06,5320
1101,台泥,47,7,40,高橋,2023-02-06,5320
0056,元大高股息,50,12,38,高橋,2023-02-06,5320
3189,景碩,40,2,38,高橋,2023-02-06,5320
3037,欣興,41,4,37,高橋,2023-02-06,5320
2882,國泰金,35,1,34,高橋,2023-02-06,5320
2201,裕隆,52,19,33,高橋,2023-02-06,5320
1609,大亞,32,0,32,高橋,2023-02-06,5320
2330,台積電,34,3,31,高橋,2023-02-06,5320
00900,富邦特選高股息30,32,2,30,高橋,2023-02-06,5320
6223,旺矽,30,1,29,高橋,2023-02-06,5320
2303,聯電,43,15,28,高橋,2023-02-06,5320
6116,彩晶,30,3,27,高橋,2023-02-06,5320
1522,堤維西,31,6,25,高橋,2023-02-06,5320
1701,中化,30,5,25,高橋,2023-02-06,5320
00897,富邦基因免疫生技,24,0,24,高橋,2023-02-06,5320
3576,聯合再生,24,0,24,高橋,2023-02-06,5320
5347,世界,28,6,22,高橋,2023-02-06,5320
2609,陽明,45,24,21,高橋,2023-02-06,5320
8033,雷虎,22,2,20,高橋,2023-02-06,5320
6133,金橋,33,14,19,高橋,2023-02-06,5320
8038,長園科,18,0,18,高橋,2023-02-06,5320
2615,萬海,39,21,18,高橋,2023-02-06,5320
2337,旺宏,17,0,17,高橋,2023-02-06,5320
6104,創惟,20,5,15,高橋,2023-02-06,5320
2344,華邦電,27,12,15,高橋,2023-02-06,5320
00907,永豐優息存股,15,0,15,高橋,2023-02-06,5320
00885,富邦越南,25,10,15,高橋,2023-02-06,5320
2027,大成鋼,20,5,15,高橋,2023-02-06,5320
2454,聯發科,14,0,14,高橋,2023-02-06,5320
3508,位速,15,1,14,高橋,2023-02-06,5320
5284,jpp-KY,15,2,13,高橋,2023-02-06,5320
2891,中信金,15,2,13,高橋,2023-02-06,5320
2887,台新金,16,4,12,高橋,2023-02-06,5320
0050,元大台灣50,13,1,12,高橋,2023-02-06,5320
3047,訊舟,12,0,12,高橋,2023-02-06,5320
2482,連宇,56,44,12,高橋,2023-02-06,5320
6245,立端,14,2,12,高橋,2023-02-06,5320
2610,華航,29,17,12,高橋,2023-02-06,5320
1909,榮成,11,0,11,高橋,2023-02-06,5320
00878,國泰永續高股息,140,0,140,高橋,2023-02-07,5320
00671R,富邦NASDAQ反1,77,0,77,高橋,2023-02-07,5320
2618,長榮航,101,34,67,高橋,2023-02-07,5320
4164,承業醫,68,2,66,高橋,2023-02-07,5320
2891,中信金,59,1,58,高橋,2023-02-07,5320
2610,華航,83,27,56,高橋,2023-02-07,5320
00715L,期街口布蘭特正2,56,1,55,高橋,2023-02-07,5320
2812,台中銀,54,1,53,高橋,2023-02-07,5320
2498,宏達電,63,11,52,高橋,2023-02-07,5320
2344,華邦電,46,0,46,高橋,2023-02-07,5320
1616,億泰,45,0,45,高橋,2023-02-07,5320
00712,復華富時不動產,39,0,39,高橋,2023-02-07,5320
6550,北極星藥業-KY,41,4,37,高橋,2023-02-07,5320
6223,旺矽,31,0,31,高橋,2023-02-07,5320
8227,巨有科技,36,5,31,高橋,2023-02-07,5320
1101,台泥,30,2,28,高橋,2023-02-07,5320
2002,中鋼,33,7,26,高橋,2023-02-07,5320
2601,益航,26,0,26,高橋,2023-02-07,5320
1752,南光,36,11,25,高橋,2023-02-07,5320
6116,彩晶,38,13,25,高橋,2023-02-07,5320
2889,國票金,26,3,23,高橋,2023-02-07,5320
2317,鴻海,23,0,23,高橋,2023-02-07,5320
1605,華新,72,50,22,高橋,2023-02-07,5320
3188,鑫龍騰,20,0,20,高橋,2023-02-07,5320
3037,欣興,25,7,18,高橋,2023-02-07,5320
2105,正新,16,0,16,高橋,2023-02-07,5320
2330,台積電,20,5,15,高橋,2023-02-07,5320
6282,康舒,29,14,15,高橋,2023-02-07,5320
3093,港建*,20,5,15,高橋,2023-02-07,5320
2888,新光金,55,40,15,高橋,2023-02-07,5320
2884,玉山金,15,0,15,高橋,2023-02-07,5320
2302,麗正,19,4,15,高橋,2023-02-07,5320
6226,光鼎,15,0,15,高橋,2023-02-07,5320
1524,耿鼎,24,11,13,高橋,2023-02-07,5320
1733,五鼎,19,6,13,高橋,2023-02-07,5320
2484,希華,13,0,13,高橋,2023-02-07,5320
3686,達能,13,0,13,高橋,2023-02-07,5320
2231,為升,13,0,13,高橋,2023-02-07,5320
5243,乙盛-KY,13,0,13,高橋,2023-02-07,5320
1314,中石化,15,2,13,高橋,2023-02-07,5320
3189,景碩,15,3,12,高橋,2023-02-07,5320
3362,先進光,14,2,12,高橋,2023-02-07,5320
2102,泰豐,12,0,12,高橋,2023-02-07,5320
6278,台表科,12,0,12,高橋,2023-02-07,5320
2609,陽明,14,3,11,高橋,2023-02-07,5320
2408,南亞科,11,0,11,高橋,2023-02-07,5320
2368,金像電,11,0,11,高橋,2023-02-07,5320
00780B,國泰A級金融債,11,0,11,高橋,2023-02-07,5320
2358,廷鑫,24,13,11,高橋,2023-02-07,5320
00683L,期元大美元指正2,10,0,10,高橋,2023-02-07,5320
00632R,元大台灣50反1,232,0,232,高橋,2023-02-08,5320
00895,富邦未來車,160,3,157,高橋,2023-02-08,5320
1603,華電,60,0,60,高橋,2023-02-08,5320
00673R,期元大S＆P原油反1,60,0,60,高橋,2023-02-08,5320
1616,億泰,65,8,57,高橋,2023-02-08,5320
5309,系統電,57,3,54,高橋,2023-02-08,5320
4961,天鈺,59,9,50,高橋,2023-02-08,5320
6515,穎崴,40,0,40,高橋,2023-02-08,5320
1609,大亞,42,4,38,高橋,2023-02-08,5320
2884,玉山金,43,7,36,高橋,2023-02-08,5320
2371,大同,32,0,32,高橋,2023-02-08,5320
8046,南電,34,5,29,高橋,2023-02-08,5320
6550,北極星藥業-KY,32,4,28,高橋,2023-02-08,5320
2402,毅嘉,28,1,27,高橋,2023-02-08,5320
00669R,國泰美國道瓊反1,27,0,27,高橋,2023-02-08,5320
5258,虹堡,26,1,25,高橋,2023-02-08,5320
3576,聯合再生,31,6,25,高橋,2023-02-08,5320
2498,宏達電,38,13,25,高橋,2023-02-08,5320
2929,淘帝-KY,24,0,24,高橋,2023-02-08,5320
00878,國泰永續高股息,39,16,23,高橋,2023-02-08,5320
2405,輔信,22,0,22,高橋,2023-02-08,5320
00772B,中信高評級公司債,21,0,21,高橋,2023-02-08,5320
8105,凌巨,22,1,21,高橋,2023-02-08,5320
2368,金像電,44,23,21,高橋,2023-02-08,5320
2812,台中銀,20,0,20,高橋,2023-02-08,5320
00637L,元大滬深300正2,20,0,20,高橋,2023-02-08,5320
6282,康舒,40,20,20,高橋,2023-02-08,5320
2030,彰源,20,0,20,高橋,2023-02-08,5320
8016,矽創,24,5,19,高橋,2023-02-08,5320
2892,第一金,18,0,18,高橋,2023-02-08,5320
6197,佳必琪,17,0,17,高橋,2023-02-08,5320
3035,智原,37,21,16,高橋,2023-02-08,5320
4114,健喬,47,31,16,高橋,2023-02-08,5320
2609,陽明,23,7,16,高橋,2023-02-08,5320
1605,華新,73,58,15,高橋,2023-02-08,5320
2359,所羅門,20,5,15,高橋,2023-02-08,5320
2882,國泰金,21,6,15,高橋,2023-02-08,5320
1785,光洋科,15,0,15,高橋,2023-02-08,5320
6477,安集,14,0,14,高橋,2023-02-08,5320
00885,富邦越南,14,0,14,高橋,2023-02-08,5320
6182,合晶,28,15,13,高橋,2023-02-08,5320
3362,先進光,15,2,13,高橋,2023-02-08,5320
6116,彩晶,16,3,13,高橋,2023-02-08,5320
1529,樂事綠能,13,0,13,高橋,2023-02-08,5320
6233,旺玖,13,1,12,高橋,2023-02-08,5320
3038,全台,12,0,12,高橋,2023-02-08,5320
2497,怡利電,11,0,11,高橋,2023-02-08,5320
6125,廣運,16,5,11,高橋,2023-02-08,5320
2455,全新,13,2,11,高橋,2023-02-08,5320
3710,連展投控,11,0,11,高橋,2023-02-08,5320
00632R,元大台灣50反1,160,0,160,高橋,2023-02-09,5320
2607,榮運,136,33,103,高橋,2023-02-09,5320
00878,國泰永續高股息,69,6,63,高橋,2023-02-09,5320
2812,台中銀,55,0,55,高橋,2023-02-09,5320
3048,益登,54,0,54,高橋,2023-02-09,5320
1336,台翰,40,0,40,高橋,2023-02-09,5320
2344,華邦電,53,14,39,高橋,2023-02-09,5320
4906,正文,34,0,34,高橋,2023-02-09,5320
2388,威盛,43,10,33,高橋,2023-02-09,5320
2369,菱生,31,1,30,高橋,2023-02-09,5320
2618,長榮航,28,0,28,高橋,2023-02-09,5320
00679B,元大美債20年,27,0,27,高橋,2023-02-09,5320
3710,連展投控,27,0,27,高橋,2023-02-09,5320
2367,燿華,27,0,27,高橋,2023-02-09,5320
2498,宏達電,55,29,26,高橋,2023-02-09,5320
2358,廷鑫,25,0,25,高橋,2023-02-09,5320
3481,群創,49,25,24,高橋,2023-02-09,5320
2610,華航,29,5,24,高橋,2023-02-09,5320
8054,安國,22,0,22,高橋,2023-02-09,5320
2408,南亞科,22,0,22,高橋,2023-02-09,5320
2497,怡利電,21,1,20,高橋,2023-02-09,5320
6129,普誠,31,11,20,高橋,2023-02-09,5320
8349,�矬�,22,2,20,高橋,2023-02-09,5320
2368,金像電,19,0,19,高橋,2023-02-09,5320
6770,力積電,18,0,18,高橋,2023-02-09,5320
1701,中化,30,12,18,高橋,2023-02-09,5320
2603,長榮,19,1,18,高橋,2023-02-09,5320
2605,新興,20,3,17,高橋,2023-02-09,5320
4747,強生,27,10,17,高橋,2023-02-09,5320
6235,華孚,65,49,16,高橋,2023-02-09,5320
3708,上緯投控,16,0,16,高橋,2023-02-09,5320
6509,聚和,16,1,15,高橋,2023-02-09,5320
1591,駿吉-KY,16,1,15,高橋,2023-02-09,5320
4549,桓達,14,0,14,高橋,2023-02-09,5320
2401,凌陽,25,11,14,高橋,2023-02-09,5320
1760,寶齡富錦,23,9,14,高橋,2023-02-09,5320
8358,金居,14,1,13,高橋,2023-02-09,5320
1409,新纖,13,0,13,高橋,2023-02-09,5320
00713,元大台灣高息低波,13,0,13,高橋,2023-02-09,5320
6415,矽力*-KY,17,4,13,高橋,2023-02-09,5320
2892,第一金,14,2,12,高橋,2023-02-09,5320
2454,聯發科,11,0,11,高橋,2023-02-09,5320
4164,承業醫,12,1,11,高橋,2023-02-09,5320
1604,聲寶,10,0,10,高橋,2023-02-09,5320
2440,太空梭,10,0,10,高橋,2023-02-09,5320
4128,中天,10,0,10,高橋,2023-02-09,5320
3083,網龍,10,0,10,高橋,2023-02-09,5320
2376,技嘉,11,1,10,高橋,2023-02-09,5320
3094,聯傑,13,4,9,高橋,2023-02-09,5320
3034,聯詠,10,1,9,高橋,2023-02-09,5320
00878,國泰永續高股息,395,8,387,高橋,2023-02-10,5320
2409,友達,104,3,101,高橋,2023-02-10,5320
2812,台中銀,101,0,101,高橋,2023-02-10,5320
2618,長榮航,138,42,96,高橋,2023-02-10,5320
2883B,凱基金乙特,95,0,95,高橋,2023-02-10,5320
2610,華航,87,11,76,高橋,2023-02-10,5320
5309,系統電,71,0,71,高橋,2023-02-10,5320
00907,永豐優息存股,70,0,70,高橋,2023-02-10,5320
3047,訊舟,64,0,64,高橋,2023-02-10,5320
1584,精剛,71,13,58,高橋,2023-02-10,5320
1701,中化,76,25,51,高橋,2023-02-10,5320
00651R,復華香港反1,50,0,50,高橋,2023-02-10,5320
0056,元大高股息,53,11,42,高橋,2023-02-10,5320
2929,淘帝-KY,40,1,39,高橋,2023-02-10,5320
1434,福懋,40,2,38,高橋,2023-02-10,5320
2498,宏達電,71,35,36,高橋,2023-02-10,5320
00712,復華富時不動產,36,0,36,高橋,2023-02-10,5320
2453,凌群,56,22,34,高橋,2023-02-10,5320
00637L,元大滬深300正2,34,2,32,高橋,2023-02-10,5320
4743,合一,35,4,31,高橋,2023-02-10,5320
6116,彩晶,30,0,30,高橋,2023-02-10,5320
2495,普安,27,1,26,高橋,2023-02-10,5320
3624,光頡,32,6,26,高橋,2023-02-10,5320
2344,華邦電,36,10,26,高橋,2023-02-10,5320
1605,華新,56,32,24,高橋,2023-02-10,5320
00885,富邦越南,23,0,23,高橋,2023-02-10,5320
2492,華新科,25,2,23,高橋,2023-02-10,5320
1409,新纖,22,0,22,高橋,2023-02-10,5320
3162,精確,22,0,22,高橋,2023-02-10,5320
5014,建錩,24,3,21,高橋,2023-02-10,5320
3594,磐儀,27,7,20,高橋,2023-02-10,5320
4931,新盛力,32,12,20,高橋,2023-02-10,5320
4915,致伸,22,2,20,高橋,2023-02-10,5320
8109,博大,19,0,19,高橋,2023-02-10,5320
2915,潤泰全,20,1,19,高橋,2023-02-10,5320
8358,金居,21,3,18,高橋,2023-02-10,5320
1513,中興電,35,17,18,高橋,2023-02-10,5320
1810,和成,39,22,17,高橋,2023-02-10,5320
2886,兆豐金,28,11,17,高橋,2023-02-10,5320
1760,寶齡富錦,19,3,16,高橋,2023-02-10,5320
2603,長榮,30,15,15,高橋,2023-02-10,5320
2468,華經,18,3,15,高橋,2023-02-10,5320
00772B,中信高評級公司債,17,2,15,高橋,2023-02-10,5320
2834,臺企銀,20,5,15,高橋,2023-02-10,5320
2007,燁興,17,2,15,高橋,2023-02-10,5320
6770,力積電,24,10,14,高橋,2023-02-10,5320
3481,群創,26,13,13,高橋,2023-02-10,5320
2888,新光金,13,0,13,高橋,2023-02-10,5320
1909,榮成,13,0,13,高橋,2023-02-10,5320
3048,益登,13,0,13,高橋,2023-02-10,5320
2880,華南金,184,0,184,高橋,2023-02-13,5320
00679B,元大美債20年,141,0,141,高橋,2023-02-13,5320
2886,兆豐金,98,15,83,高橋,2023-02-13,5320
00673R,期元大S＆P原油反1,70,0,70,高橋,2023-02-13,5320
00878,國泰永續高股息,92,28,64,高橋,2023-02-13,5320
2892,第一金,49,3,46,高橋,2023-02-13,5320
2812,台中銀,43,0,43,高橋,2023-02-13,5320
2618,長榮航,49,10,39,高橋,2023-02-13,5320
6134,萬旭,35,0,35,高橋,2023-02-13,5320
2332,友訊,43,10,33,高橋,2023-02-13,5320
2897,王道銀行,31,5,26,高橋,2023-02-13,5320
1584,精剛,41,15,26,高橋,2023-02-13,5320
0056,元大高股息,26,2,24,高橋,2023-02-13,5320
6116,彩晶,25,1,24,高橋,2023-02-13,5320
1609,大亞,24,2,22,高橋,2023-02-13,5320
1447,力鵬,28,6,22,高橋,2023-02-13,5320
00773B,中信優先金融債,20,0,20,高橋,2023-02-13,5320
1712,興農,20,0,20,高橋,2023-02-13,5320
2609,陽明,25,6,19,高橋,2023-02-13,5320
2423,固緯,19,0,19,高橋,2023-02-13,5320
00900,富邦特選高股息30,19,0,19,高橋,2023-02-13,5320
2344,華邦電,19,1,18,高橋,2023-02-13,5320
1708,東鹼,20,2,18,高橋,2023-02-13,5320
00885,富邦越南,30,12,18,高橋,2023-02-13,5320
1342,八貫,21,4,17,高橋,2023-02-13,5320
1409,新纖,17,0,17,高橋,2023-02-13,5320
1101,台泥,23,6,17,高橋,2023-02-13,5320
3481,群創,17,1,16,高橋,2023-02-13,5320
1789,神隆,16,0,16,高橋,2023-02-13,5320
4743,合一,16,1,15,高橋,2023-02-13,5320
3711,日月光投控,13,0,13,高橋,2023-02-13,5320
3094,聯傑,14,1,13,高橋,2023-02-13,5320
8033,雷虎,15,2,13,高橋,2023-02-13,5320
2330,台積電,15,2,13,高橋,2023-02-13,5320
1795,美時,34,22,12,高橋,2023-02-13,5320
2405,輔信,12,0,12,高橋,2023-02-13,5320
1460,宏遠,12,0,12,高橋,2023-02-13,5320
6770,力積電,15,3,12,高橋,2023-02-13,5320
2014,中鴻,13,2,11,高橋,2023-02-13,5320
6689,伊雲谷,11,0,11,高橋,2023-02-13,5320
2481,強茂,13,2,11,高橋,2023-02-13,5320
2484,希華,12,1,11,高橋,2023-02-13,5320
4549,桓達,11,0,11,高橋,2023-02-13,5320
9919,康那香,11,0,11,高橋,2023-02-13,5320
3037,欣興,15,4,11,高橋,2023-02-13,5320
2399,映泰,13,2,11,高橋,2023-02-13,5320
2337,旺宏,11,0,11,高橋,2023-02-13,5320
6182,合晶,17,6,11,高橋,2023-02-13,5320
6197,佳必琪,11,1,10,高橋,2023-02-13,5320
6589,台康生技,11,1,10,高橋,2023-02-13,5320
3260,威剛,302,5,297,高橋,2023-02-14,5320
3545,敦泰,152,0,152,高橋,2023-02-14,5320
00878,國泰永續高股息,181,50,131,高橋,2023-02-14,5320
2330,台積電,145,16,129,高橋,2023-02-14,5320
00679B,元大美債20年,111,0,111,高橋,2023-02-14,5320
00632R,元大台灣50反1,96,0,96,高橋,2023-02-14,5320
2609,陽明,115,19,96,高橋,2023-02-14,5320
00664R,國泰臺灣加權反1,54,0,54,高橋,2023-02-14,5320
00637L,元大滬深300正2,43,0,43,高橋,2023-02-14,5320
00673R,期元大S＆P原油反1,41,0,41,高橋,2023-02-14,5320
3576,聯合再生,40,1,39,高橋,2023-02-14,5320
3028,增你強,38,0,38,高橋,2023-02-14,5320
6134,萬旭,35,0,35,高橋,2023-02-14,5320
8349,�矬�,30,0,30,高橋,2023-02-14,5320
2453,凌群,68,39,29,高橋,2023-02-14,5320
6443,元晶,27,2,25,高橋,2023-02-14,5320
2208,台船,20,0,20,高橋,2023-02-14,5320
1409,新纖,20,0,20,高橋,2023-02-14,5320
1605,華新,79,59,20,高橋,2023-02-14,5320
2027,大成鋼,19,0,19,高橋,2023-02-14,5320
8222,寶一,30,15,15,高橋,2023-02-14,5320
2468,華經,31,16,15,高橋,2023-02-14,5320
1307,三芳,14,0,14,高橋,2023-02-14,5320
3013,晟銘電,15,1,14,高橋,2023-02-14,5320
6843,進典,13,0,13,高橋,2023-02-14,5320
2102,泰豐,12,0,12,高橋,2023-02-14,5320
2534,宏盛,12,0,12,高橋,2023-02-14,5320
4549,桓達,12,0,12,高橋,2023-02-14,5320
5309,系統電,12,1,11,高橋,2023-02-14,5320
2201,裕隆,34,23,11,高橋,2023-02-14,5320
5498,凱崴,11,0,11,高橋,2023-02-14,5320
6142,友勁,11,0,11,高橋,2023-02-14,5320
3594,磐儀,17,6,11,高橋,2023-02-14,5320
6541,泰福-KY,11,0,11,高橋,2023-02-14,5320
2314,台揚,10,0,10,高橋,2023-02-14,5320
2809,京城銀,10,0,10,高橋,2023-02-14,5320
4114,健喬,37,27,10,高橋,2023-02-14,5320
4142,國光生,11,1,10,高橋,2023-02-14,5320
00756B,群益投等新興公債,10,0,10,高橋,2023-02-14,5320
00907,永豐優息存股,10,0,10,高橋,2023-02-14,5320
4581,光隆精密-KY,10,0,10,高橋,2023-02-14,5320
6233,旺玖,10,0,10,高橋,2023-02-14,5320
2359,所羅門,10,0,10,高橋,2023-02-14,5320
2607,榮運,10,0,10,高橋,2023-02-14,5320
3528,安馳,12,3,9,高橋,2023-02-14,5320
8996,高力,15,6,9,高橋,2023-02-14,5320
2634,漢翔,11,2,9,高橋,2023-02-14,5320
8069,元太,11,3,8,高橋,2023-02-14,5320
3704,合勤控,9,1,8,高橋,2023-02-14,5320
2492,華新科,21,13,8,高橋,2023-02-14,5320
00878,國泰永續高股息,295,80,215,高橋,2023-02-15,5320
00671R,富邦NASDAQ反1,127,0,127,高橋,2023-02-15,5320
2027,大成鋼,88,10,78,高橋,2023-02-15,5320
2888,新光金,90,27,63,高橋,2023-02-15,5320
2885,元大金,53,0,53,高橋,2023-02-15,5320
00632R,元大台灣50反1,132,86,46,高橋,2023-02-15,5320
00905,FT臺灣Smart,45,0,45,高橋,2023-02-15,5320
5347,世界,44,2,42,高橋,2023-02-15,5320
2618,長榮航,43,1,42,高橋,2023-02-15,5320
00885,富邦越南,49,7,42,高橋,2023-02-15,5320
2330,台積電,61,27,34,高橋,2023-02-15,5320
6770,力積電,41,10,31,高橋,2023-02-15,5320
0050,元大台灣50,31,1,30,高橋,2023-02-15,5320
2303,聯電,36,8,28,高橋,2023-02-15,5320
3624,光頡,29,2,27,高橋,2023-02-15,5320
2610,華航,39,12,27,高橋,2023-02-15,5320
4142,國光生,25,2,23,高橋,2023-02-15,5320
2206,三陽工業,28,5,23,高橋,2023-02-15,5320
6235,華孚,38,15,23,高橋,2023-02-15,5320
2834,臺企銀,32,10,22,高橋,2023-02-15,5320
4915,致伸,21,0,21,高橋,2023-02-15,5320
6515,穎崴,19,0,19,高橋,2023-02-15,5320
3049,精金,20,1,19,高橋,2023-02-15,5320
2609,陽明,39,22,17,高橋,2023-02-15,5320
2882,國泰金,16,0,16,高橋,2023-02-15,5320
00720B,元大投資級公司債,15,0,15,高橋,2023-02-15,5320
2471,資通,34,19,15,高橋,2023-02-15,5320
00637L,元大滬深300正2,18,3,15,高橋,2023-02-15,5320
00772B,中信高評級公司債,15,0,15,高橋,2023-02-15,5320
2344,華邦電,15,0,15,高橋,2023-02-15,5320
2617,台航,14,0,14,高橋,2023-02-15,5320
3260,威剛,16,2,14,高橋,2023-02-15,5320
1432,大魯閣,15,1,14,高橋,2023-02-15,5320
2892,第一金,14,0,14,高橋,2023-02-15,5320
3028,增你強,13,0,13,高橋,2023-02-15,5320
9928,中視,12,0,12,高橋,2023-02-15,5320
2890,永豐金,12,0,12,高橋,2023-02-15,5320
00713,元大台灣高息低波,15,3,12,高橋,2023-02-15,5320
4114,健喬,26,14,12,高橋,2023-02-15,5320
3710,連展投控,11,0,11,高橋,2023-02-15,5320
00881,國泰台灣5G+,11,0,11,高橋,2023-02-15,5320
2867,三商壽,11,0,11,高橋,2023-02-15,5320
2812,台中銀,11,0,11,高橋,2023-02-15,5320
1560,中砂,12,2,10,高橋,2023-02-15,5320
2453,凌群,35,25,10,高橋,2023-02-15,5320
00882,中信中國高股息,10,0,10,高橋,2023-02-15,5320
00888,永豐台灣ESG,10,0,10,高橋,2023-02-15,5320
00665L,富邦�琤肭磪囓�2,10,0,10,高橋,2023-02-15,5320
00715L,期街口布蘭特正2,10,0,10,高橋,2023-02-15,5320
5284,jpp-KY,14,4,10,高橋,2023-02-15,5320
00878,國泰永續高股息,267,42,225,高橋,2023-02-16,5320
00632R,元大台灣50反1,85,0,85,高橋,2023-02-16,5320
00715L,期街口布蘭特正2,84,0,84,高橋,2023-02-16,5320
6116,彩晶,122,55,67,高橋,2023-02-16,5320
3356,奇偶,61,2,59,高橋,2023-02-16,5320
00885,富邦越南,52,0,52,高橋,2023-02-16,5320
2367,燿華,42,0,42,高橋,2023-02-16,5320
2444,兆勁,41,0,41,高橋,2023-02-16,5320
2349,錸德,39,0,39,高橋,2023-02-16,5320
2897,王道銀行,40,3,37,高橋,2023-02-16,5320
00751B,元大AAA至A公司債,33,1,32,高橋,2023-02-16,5320
2208,台船,31,1,30,高橋,2023-02-16,5320
6148,驊宏資,30,0,30,高橋,2023-02-16,5320
2609,陽明,47,21,26,高橋,2023-02-16,5320
3037,欣興,28,4,24,高橋,2023-02-16,5320
2615,萬海,26,4,22,高橋,2023-02-16,5320
2486,一詮,20,0,20,高橋,2023-02-16,5320
2891,中信金,35,15,20,高橋,2023-02-16,5320
00679B,元大美債20年,21,2,19,高橋,2023-02-16,5320
2845,遠東銀,20,1,19,高橋,2023-02-16,5320
1101,台泥,22,4,18,高橋,2023-02-16,5320
00720B,元大投資級公司債,18,0,18,高橋,2023-02-16,5320
5351,鈺創,27,11,16,高橋,2023-02-16,5320
3094,聯傑,19,5,14,高橋,2023-02-16,5320
3058,立德,50,36,14,高橋,2023-02-16,5320
2481,強茂,15,1,14,高橋,2023-02-16,5320
1609,大亞,18,5,13,高橋,2023-02-16,5320
1102,亞泥,12,0,12,高橋,2023-02-16,5320
5347,世界,13,1,12,高橋,2023-02-16,5320
2884,玉山金,11,0,11,高橋,2023-02-16,5320
9939,宏全,11,0,11,高橋,2023-02-16,5320
4142,國光生,11,0,11,高橋,2023-02-16,5320
5706,鳳凰,12,1,11,高橋,2023-02-16,5320
2880,華南金,11,1,10,高橋,2023-02-16,5320
00772B,中信高評級公司債,11,1,10,高橋,2023-02-16,5320
00756B,群益投等新興公債,10,0,10,高橋,2023-02-16,5320
5871,中租-KY,10,0,10,高橋,2023-02-16,5320
00907,永豐優息存股,10,0,10,高橋,2023-02-16,5320
4744,皇將,10,0,10,高橋,2023-02-16,5320
3483,力致,12,2,10,高橋,2023-02-16,5320
2415,錩新,10,0,10,高橋,2023-02-16,5320
00902,中信電池及儲能,10,0,10,高橋,2023-02-16,5320
2009,第一銅,21,12,9,高橋,2023-02-16,5320
2342,茂矽,9,0,9,高橋,2023-02-16,5320
6679,鈺太,9,0,9,高橋,2023-02-16,5320
4106,雃博,11,2,9,高橋,2023-02-16,5320
3189,景碩,14,5,9,高橋,2023-02-16,5320
2498,宏達電,21,12,9,高橋,2023-02-16,5320
2337,旺宏,19,10,9,高橋,2023-02-16,5320
2314,台揚,10,2,8,高橋,2023-02-16,5320
5880,合庫金,378,0,378,高橋,2023-02-17,5320
00688L,國泰20年美債正2,101,0,101,高橋,2023-02-17,5320
00679B,元大美債20年,61,5,56,高橋,2023-02-17,5320
2344,華邦電,65,23,42,高橋,2023-02-17,5320
2618,長榮航,144,109,35,高橋,2023-02-17,5320
1218,泰山,34,0,34,高橋,2023-02-17,5320
1605,華新,125,91,34,高橋,2023-02-17,5320
6134,萬旭,30,0,30,高橋,2023-02-17,5320
2601,益航,30,0,30,高橋,2023-02-17,5320
00893,國泰智能電動車,29,1,28,高橋,2023-02-17,5320
2812,台中銀,27,0,27,高橋,2023-02-17,5320
4979,華星光,31,5,26,高橋,2023-02-17,5320
2884,玉山金,27,1,26,高橋,2023-02-17,5320
5258,虹堡,50,25,25,高橋,2023-02-17,5320
3346,麗清,24,0,24,高橋,2023-02-17,5320
4960,誠美材,28,5,23,高橋,2023-02-17,5320
6271,同欣電,23,0,23,高橋,2023-02-17,5320
00772B,中信高評級公司債,22,0,22,高橋,2023-02-17,5320
00637L,元大滬深300正2,21,0,21,高橋,2023-02-17,5320
2243,宏旭-KY,20,0,20,高橋,2023-02-17,5320
2330,台積電,32,13,19,高橋,2023-02-17,5320
0050,元大台灣50,20,1,19,高橋,2023-02-17,5320
2444,兆勁,20,1,19,高橋,2023-02-17,5320
3711,日月光投控,18,0,18,高橋,2023-02-17,5320
1514,亞力,21,3,18,高橋,2023-02-17,5320
2610,華航,101,84,17,高橋,2023-02-17,5320
6411,晶焱,25,9,16,高橋,2023-02-17,5320
00756B,群益投等新興公債,15,0,15,高橋,2023-02-17,5320
00885,富邦越南,15,0,15,高橋,2023-02-17,5320
3419,譁裕,15,0,15,高橋,2023-02-17,5320
8043,蜜望實,18,3,15,高橋,2023-02-17,5320
1609,大亞,16,1,15,高橋,2023-02-17,5320
8996,高力,17,3,14,高橋,2023-02-17,5320
1784,訊聯,14,0,14,高橋,2023-02-17,5320
2027,大成鋼,14,0,14,高橋,2023-02-17,5320
2406,國碩,16,2,14,高橋,2023-02-17,5320
2702,華園,12,0,12,高橋,2023-02-17,5320
6148,驊宏資,12,0,12,高橋,2023-02-17,5320
1101,台泥,21,10,11,高橋,2023-02-17,5320
4919,新唐,13,2,11,高橋,2023-02-17,5320
4961,天鈺,44,34,10,高橋,2023-02-17,5320
8016,矽創,14,4,10,高橋,2023-02-17,5320
2886,兆豐金,10,0,10,高橋,2023-02-17,5320
2471,資通,28,18,10,高橋,2023-02-17,5320
5351,鈺創,12,2,10,高橋,2023-02-17,5320
00680L,元大美債20正2,10,0,10,高橋,2023-02-17,5320
2376,技嘉,10,0,10,高橋,2023-02-17,5320
2838,聯邦銀,10,0,10,高橋,2023-02-17,5320
1603,華電,10,0,10,高橋,2023-02-17,5320
1440,南紡,10,0,10,高橋,2023-02-17,5320
4961,天鈺,450,28,422,高橋,2023-02-20,5320
2812,台中銀,398,0,398,高橋,2023-02-20,5320
5880,合庫金,261,1,260,高橋,2023-02-20,5320
3682,亞太電,248,0,248,高橋,2023-02-20,5320
3048,益登,66,3,63,高橋,2023-02-20,5320
0056,元大高股息,74,17,57,高橋,2023-02-20,5320
2332,友訊,52,0,52,高橋,2023-02-20,5320
2359,所羅門,50,0,50,高橋,2023-02-20,5320
2882,國泰金,54,7,47,高橋,2023-02-20,5320
00679B,元大美債20年,43,0,43,高橋,2023-02-20,5320
2634,漢翔,61,18,43,高橋,2023-02-20,5320
8383,千附,43,2,41,高橋,2023-02-20,5320
2022,聚亨,40,0,40,高橋,2023-02-20,5320
00900,富邦特選高股息30,35,0,35,高橋,2023-02-20,5320
2618,長榮航,76,47,29,高橋,2023-02-20,5320
00713,元大台灣高息低波,28,0,28,高橋,2023-02-20,5320
1524,耿鼎,24,0,24,高橋,2023-02-20,5320
1514,亞力,32,8,24,高橋,2023-02-20,5320
00772B,中信高評級公司債,23,0,23,高橋,2023-02-20,5320
6527,明達醫,23,0,23,高橋,2023-02-20,5320
1434,福懋,20,0,20,高橋,2023-02-20,5320
2498,宏達電,41,21,20,高橋,2023-02-20,5320
00882,中信中國高股息,19,0,19,高橋,2023-02-20,5320
6245,立端,20,2,18,高橋,2023-02-20,5320
2349,錸德,21,3,18,高橋,2023-02-20,5320
8358,金居,24,6,18,高橋,2023-02-20,5320
4526,東台,18,0,18,高橋,2023-02-20,5320
1519,華城,33,15,18,高橋,2023-02-20,5320
2611,志信,17,0,17,高橋,2023-02-20,5320
2890,永豐金,18,1,17,高橋,2023-02-20,5320
1503,士電,27,11,16,高橋,2023-02-20,5320
2354,鴻準,17,1,16,高橋,2023-02-20,5320
2867,三商壽,16,0,16,高橋,2023-02-20,5320
1603,華電,15,0,15,高橋,2023-02-20,5320
6129,普誠,19,4,15,高橋,2023-02-20,5320
2201,裕隆,18,4,14,高橋,2023-02-20,5320
00720B,元大投資級公司債,16,2,14,高橋,2023-02-20,5320
2605,新興,21,7,14,高橋,2023-02-20,5320
5351,鈺創,18,4,14,高橋,2023-02-20,5320
4927,泰鼎-KY,15,2,13,高橋,2023-02-20,5320
8183,精星,15,2,13,高橋,2023-02-20,5320
3189,景碩,12,0,12,高橋,2023-02-20,5320
2880,華南金,12,0,12,高橋,2023-02-20,5320
2607,榮運,11,0,11,高橋,2023-02-20,5320
2801,彰銀,20,9,11,高橋,2023-02-20,5320
6282,康舒,15,4,11,高橋,2023-02-20,5320
2606,裕民,12,2,10,高橋,2023-02-20,5320
00902,中信電池及儲能,10,0,10,高橋,2023-02-20,5320
2328,廣宇,10,0,10,高橋,2023-02-20,5320
00881,國泰台灣5G+,10,0,10,高橋,2023-02-20,5320
3675,德微,152,0,152,高橋,2023-02-21,5320
2208,台船,141,7,134,高橋,2023-02-21,5320
1810,和成,139,22,117,高橋,2023-02-21,5320
2610,華航,141,36,105,高橋,2023-02-21,5320
6235,華孚,132,36,96,高橋,2023-02-21,5320
6116,彩晶,111,16,95,高橋,2023-02-21,5320
2618,長榮航,180,87,93,高橋,2023-02-21,5320
1605,華新,113,30,83,高橋,2023-02-21,5320
6770,力積電,93,12,81,高橋,2023-02-21,5320
8069,元太,64,6,58,高橋,2023-02-21,5320
2457,飛宏,62,9,53,高橋,2023-02-21,5320
00680L,元大美債20正2,50,0,50,高橋,2023-02-21,5320
6288,聯嘉,78,38,40,高橋,2023-02-21,5320
8033,雷虎,33,3,30,高橋,2023-02-21,5320
1529,樂事綠能,29,1,28,高橋,2023-02-21,5320
8105,凌巨,27,0,27,高橋,2023-02-21,5320
8936,國統,30,4,26,高橋,2023-02-21,5320
00885,富邦越南,30,5,25,高橋,2023-02-21,5320
3594,磐儀,30,7,23,高橋,2023-02-21,5320
6285,啟��,28,5,23,高橋,2023-02-21,5320
2890,永豐金,23,0,23,高橋,2023-02-21,5320
2313,華通,22,0,22,高橋,2023-02-21,5320
2038,海光,20,0,20,高橋,2023-02-21,5320
00664R,國泰臺灣加權反1,30,10,20,高橋,2023-02-21,5320
1609,大亞,22,3,19,高橋,2023-02-21,5320
2882,國泰金,19,1,18,高橋,2023-02-21,5320
5475,德宏,18,0,18,高橋,2023-02-21,5320
4175,杏一,16,0,16,高橋,2023-02-21,5320
8222,寶一,47,31,16,高橋,2023-02-21,5320
00725B,國泰投資級公司債,16,0,16,高橋,2023-02-21,5320
2498,宏達電,57,41,16,高橋,2023-02-21,5320
1108,幸福,23,8,15,高橋,2023-02-21,5320
2352,佳世達,16,1,15,高橋,2023-02-21,5320
00752,中信中國50,16,2,14,高橋,2023-02-21,5320
2883,凱基金,16,3,13,高橋,2023-02-21,5320
2486,一詮,13,0,13,高橋,2023-02-21,5320
1815,富喬,13,0,13,高橋,2023-02-21,5320
5512,力麒,14,1,13,高橋,2023-02-21,5320
2891,中信金,15,3,12,高橋,2023-02-21,5320
00679B,元大美債20年,12,0,12,高橋,2023-02-21,5320
3416,融程電,12,0,12,高橋,2023-02-21,5320
2867,三商壽,22,11,11,高橋,2023-02-21,5320
2845,遠東銀,11,0,11,高橋,2023-02-21,5320
2337,旺宏,11,0,11,高橋,2023-02-21,5320
2454,聯發科,11,1,10,高橋,2023-02-21,5320
2453,凌群,17,7,10,高橋,2023-02-21,5320
1517,利奇,10,0,10,高橋,2023-02-21,5320
1101,台泥,20,10,10,高橋,2023-02-21,5320
3508,位速,12,2,10,高橋,2023-02-21,5320
4967,十銓,13,3,10,高橋,2023-02-21,5320
00878,國泰永續高股息,119,0,119,高橋,2023-02-22,5320
2308,台達電,104,0,104,高橋,2023-02-22,5320
00712,復華富時不動產,80,0,80,高橋,2023-02-22,5320
2303,聯電,89,17,72,高橋,2023-02-22,5320
2618,長榮航,180,115,65,高橋,2023-02-22,5320
6285,啟��,64,1,63,高橋,2023-02-22,5320
0056,元大高股息,55,2,53,高橋,2023-02-22,5320
00680L,元大美債20正2,50,0,50,高橋,2023-02-22,5320
2313,華通,42,0,42,高橋,2023-02-22,5320
2369,菱生,45,4,41,高橋,2023-02-22,5320
1603,華電,40,0,40,高橋,2023-02-22,5320
00679B,元大美債20年,37,0,37,高橋,2023-02-22,5320
1101,台泥,45,10,35,高橋,2023-02-22,5320
3035,智原,40,5,35,高橋,2023-02-22,5320
2201,裕隆,45,11,34,高橋,2023-02-22,5320
6282,康舒,40,8,32,高橋,2023-02-22,5320
4979,華星光,37,5,32,高橋,2023-02-22,5320
1519,華城,87,56,31,高橋,2023-02-22,5320
3540,曜越,34,4,30,高橋,2023-02-22,5320
4956,光鋐,30,0,30,高橋,2023-02-22,5320
6116,彩晶,27,0,27,高橋,2023-02-22,5320
2027,大成鋼,25,0,25,高橋,2023-02-22,5320
1342,八貫,45,21,24,高橋,2023-02-22,5320
6582,申豐,25,1,24,高橋,2023-02-22,5320
6223,旺矽,21,0,21,高橋,2023-02-22,5320
1589,永冠-KY,21,1,20,高橋,2023-02-22,5320
6213,聯茂,18,0,18,高橋,2023-02-22,5320
00720B,元大投資級公司債,20,3,17,高橋,2023-02-22,5320
2882,國泰金,18,2,16,高橋,2023-02-22,5320
2338,光罩,20,4,16,高橋,2023-02-22,5320
2453,凌群,24,8,16,高橋,2023-02-22,5320
4168,醣聯,23,7,16,高橋,2023-02-22,5320
00885,富邦越南,24,8,16,高橋,2023-02-22,5320
9955,佳龍,17,1,16,高橋,2023-02-22,5320
00919,群益台灣精選高息,15,0,15,高橋,2023-02-22,5320
1529,樂事綠能,35,20,15,高橋,2023-02-22,5320
3265,台星科,17,2,15,高橋,2023-02-22,5320
1524,耿鼎,15,0,15,高橋,2023-02-22,5320
2317,鴻海,22,8,14,高橋,2023-02-22,5320
2388,威盛,27,13,14,高橋,2023-02-22,5320
00902,中信電池及儲能,14,0,14,高橋,2023-02-22,5320
1795,美時,21,8,13,高橋,2023-02-22,5320
00751B,元大AAA至A公司債,14,1,13,高橋,2023-02-22,5320
00881,國泰台灣5G+,13,0,13,高橋,2023-02-22,5320
2883,凱基金,14,1,13,高橋,2023-02-22,5320
3037,欣興,27,15,12,高橋,2023-02-22,5320
1609,大亞,30,18,12,高橋,2023-02-22,5320
1528,恩德,12,0,12,高橋,2023-02-22,5320
2616,山隆,12,0,12,高橋,2023-02-22,5320
00772B,中信高評級公司債,12,1,11,高橋,2023-02-22,5320
00715L,期街口布蘭特正2,359,0,359,高橋,2023-02-23,5320
00632R,元大台灣50反1,101,0,101,高橋,2023-02-23,5320
2409,友達,85,2,83,高橋,2023-02-23,5320
5880,合庫金,150,80,70,高橋,2023-02-23,5320
3481,群創,144,75,69,高橋,2023-02-23,5320
2834,臺企銀,159,93,66,高橋,2023-02-23,5320
2812,台中銀,65,0,65,高橋,2023-02-23,5320
3058,立德,61,1,60,高橋,2023-02-23,5320
1301,台塑,60,3,57,高橋,2023-02-23,5320
4142,國光生,55,0,55,高橋,2023-02-23,5320
00882,中信中國高股息,51,0,51,高橋,2023-02-23,5320
1337,再生-KY,50,0,50,高橋,2023-02-23,5320
5706,鳳凰,51,2,49,高橋,2023-02-23,5320
1336,台翰,46,0,46,高橋,2023-02-23,5320
00885,富邦越南,51,5,46,高橋,2023-02-23,5320
1409,新纖,43,0,43,高橋,2023-02-23,5320
3508,位速,66,25,41,高橋,2023-02-23,5320
5608,四維航,49,10,39,高橋,2023-02-23,5320
2369,菱生,38,0,38,高橋,2023-02-23,5320
2610,華航,46,9,37,高橋,2023-02-23,5320
00642U,期元大S＆P石油,36,0,36,高橋,2023-02-23,5320
6116,彩晶,34,2,32,高橋,2023-02-23,5320
00772B,中信高評級公司債,30,0,30,高橋,2023-02-23,5320
2903,遠百,31,1,30,高橋,2023-02-23,5320
1101,台泥,75,45,30,高橋,2023-02-23,5320
2883,凱基金,51,24,27,高橋,2023-02-23,5320
6129,普誠,32,7,25,高橋,2023-02-23,5320
1603,華電,24,0,24,高橋,2023-02-23,5320
4956,光鋐,20,0,20,高橋,2023-02-23,5320
2460,建通,21,1,20,高橋,2023-02-23,5320
2458,義隆,51,31,20,高橋,2023-02-23,5320
1529,樂事綠能,30,10,20,高橋,2023-02-23,5320
00720B,元大投資級公司債,19,1,18,高橋,2023-02-23,5320
1514,亞力,24,6,18,高橋,2023-02-23,5320
2363,矽統,24,7,17,高橋,2023-02-23,5320
1521,大億,15,0,15,高橋,2023-02-23,5320
3710,連展投控,15,0,15,高橋,2023-02-23,5320
6835,圓裕,15,0,15,高橋,2023-02-23,5320
8033,雷虎,56,42,14,高橋,2023-02-23,5320
2471,資通,26,12,14,高橋,2023-02-23,5320
2484,希華,15,1,14,高橋,2023-02-23,5320
2323,中環,15,1,14,高橋,2023-02-23,5320
3324,雙鴻,15,1,14,高橋,2023-02-23,5320
2308,台達電,13,0,13,高橋,2023-02-23,5320
8069,元太,14,1,13,高橋,2023-02-23,5320
8383,千附,16,3,13,高橋,2023-02-23,5320
3276,宇環,13,0,13,高橋,2023-02-23,5320
3236,千如,13,0,13,高橋,2023-02-23,5320
2634,漢翔,23,11,12,高橋,2023-02-23,5320
00679B,元大美債20年,12,0,12,高橋,2023-02-23,5320
00715L,期街口布蘭特正2,200,21,179,高橋,2023-02-24,5320
00655L,國泰中國A50正2,135,0,135,高橋,2023-02-24,5320
3481,群創,160,36,124,高橋,2023-02-24,5320
2641,正德,128,22,106,高橋,2023-02-24,5320
2897,王道銀行,60,0,60,高橋,2023-02-24,5320
5608,四維航,133,81,52,高橋,2023-02-24,5320
00637L,元大滬深300正2,63,11,52,高橋,2023-02-24,5320
00664R,國泰臺灣加權反1,50,0,50,高橋,2023-02-24,5320
00753L,中信中國50正2,49,0,49,高橋,2023-02-24,5320
2617,台航,47,1,46,高橋,2023-02-24,5320
8050,廣積,49,3,46,高橋,2023-02-24,5320
2618,長榮航,61,16,45,高橋,2023-02-24,5320
6770,力積電,66,23,43,高橋,2023-02-24,5320
5512,力麒,58,16,42,高橋,2023-02-24,5320
2705,六福,42,0,42,高橋,2023-02-24,5320
3037,欣興,52,12,40,高橋,2023-02-24,5320
1337,再生-KY,40,0,40,高橋,2023-02-24,5320
00713,元大台灣高息低波,43,4,39,高橋,2023-02-24,5320
00878,國泰永續高股息,128,91,37,高橋,2023-02-24,5320
2007,燁興,30,0,30,高橋,2023-02-24,5320
1709,和益,31,2,29,高橋,2023-02-24,5320
2399,映泰,36,7,29,高橋,2023-02-24,5320
3540,曜越,31,3,28,高橋,2023-02-24,5320
00632R,元大台灣50反1,40,14,26,高橋,2023-02-24,5320
3207,耀勝,26,0,26,高橋,2023-02-24,5320
4106,雃博,25,1,24,高橋,2023-02-24,5320
2610,華航,49,25,24,高橋,2023-02-24,5320
2425,承啟,31,7,24,高橋,2023-02-24,5320
2615,萬海,41,17,24,高橋,2023-02-24,5320
2014,中鴻,34,11,23,高橋,2023-02-24,5320
5351,鈺創,24,1,23,高橋,2023-02-24,5320
0056,元大高股息,31,10,21,高橋,2023-02-24,5320
2408,南亞科,21,0,21,高橋,2023-02-24,5320
3588,通嘉,21,0,21,高橋,2023-02-24,5320
2883,凱基金,22,1,21,高橋,2023-02-24,5320
5009,榮剛,29,9,20,高橋,2023-02-24,5320
3419,譁裕,20,0,20,高橋,2023-02-24,5320
2329,華泰,18,0,18,高橋,2023-02-24,5320
9802,鈺齊-KY,18,1,17,高橋,2023-02-24,5320
2498,宏達電,29,13,16,高橋,2023-02-24,5320
8358,金居,19,3,16,高橋,2023-02-24,5320
00882,中信中國高股息,16,0,16,高橋,2023-02-24,5320
4968,立積,15,1,14,高橋,2023-02-24,5320
1312,國喬,14,0,14,高橋,2023-02-24,5320
2890,永豐金,14,0,14,高橋,2023-02-24,5320
2208,台船,16,2,14,高橋,2023-02-24,5320
2360,致茂,14,0,14,高橋,2023-02-24,5320
5457,宣德,17,3,14,高橋,2023-02-24,5320
4763,材料-KY,22,9,13,高橋,2023-02-24,5320
2330,台積電,18,4,14,高橋,2023-02-24,5320
2885,元大金,207,0,207,高橋,2023-03-01,5320
1605,華新,152,13,139,高橋,2023-03-01,5320
00878,國泰永續高股息,139,10,129,高橋,2023-03-01,5320
2618,長榮航,118,10,108,高橋,2023-03-01,5320
00900,富邦特選高股息30,139,35,104,高橋,2023-03-01,5320
1101,台泥,76,6,70,高橋,2023-03-01,5320
00772B,中信高評級公司債,61,1,60,高橋,2023-03-01,5320
2208,台船,51,0,51,高橋,2023-03-01,5320
00725B,國泰投資級公司債,50,0,50,高橋,2023-03-01,5320
2388,威盛,60,18,42,高橋,2023-03-01,5320
5608,四維航,82,40,42,高橋,2023-03-01,5320
2881,富邦金,46,5,41,高橋,2023-03-01,5320
3481,群創,53,15,38,高橋,2023-03-01,5320
2888,新光金,47,9,38,高橋,2023-03-01,5320
2014,中鴻,37,1,36,高橋,2023-03-01,5320
3362,先進光,44,8,36,高橋,2023-03-01,5320
00650L,復華香港正2,42,6,36,高橋,2023-03-01,5320
00882,中信中國高股息,35,0,35,高橋,2023-03-01,5320
1409,新纖,35,0,35,高橋,2023-03-01,5320
6770,力積電,40,6,34,高橋,2023-03-01,5320
3006,晶豪科,33,1,32,高橋,2023-03-01,5320
2344,華邦電,33,2,31,高橋,2023-03-01,5320
2030,彰源,29,0,29,高橋,2023-03-01,5320
2605,新興,41,13,28,高橋,2023-03-01,5320
4763,材料-KY,33,6,27,高橋,2023-03-01,5320
8049,晶采,31,4,27,高橋,2023-03-01,5320
6116,彩晶,27,1,26,高橋,2023-03-01,5320
5880,合庫金,26,0,26,高橋,2023-03-01,5320
00712,復華富時不動產,25,0,25,高橋,2023-03-01,5320
9945,潤泰新,25,0,25,高橋,2023-03-01,5320
2610,華航,54,29,25,高橋,2023-03-01,5320
0056,元大高股息,30,7,23,高橋,2023-03-01,5320
2891,中信金,21,0,21,高橋,2023-03-01,5320
00907,永豐優息存股,20,0,20,高橋,2023-03-01,5320
1701,中化,20,0,20,高橋,2023-03-01,5320
1220,台榮,25,5,20,高橋,2023-03-01,5320
1905,華紙,20,1,19,高橋,2023-03-01,5320
4904,遠傳,22,3,19,高橋,2023-03-01,5320
5009,榮剛,19,1,18,高橋,2023-03-01,5320
2892,第一金,24,7,17,高橋,2023-03-01,5320
3048,益登,17,0,17,高橋,2023-03-01,5320
2317,鴻海,27,11,16,高橋,2023-03-01,5320
6197,佳必琪,15,0,15,高橋,2023-03-01,5320
2611,志信,15,0,15,高橋,2023-03-01,5320
3702,大聯大,14,0,14,高橋,2023-03-01,5320
2367,燿華,14,0,14,高橋,2023-03-01,5320
2601,益航,32,18,14,高橋,2023-03-01,5320
2105,正新,14,0,14,高橋,2023-03-01,5320
2606,裕民,22,8,14,高橋,2023-03-01,5320
4114,健喬,17,4,13,高橋,2023-03-01,5320
00878,國泰永續高股息,355,43,312,高橋,2023-03-02,5320
00688L,國泰20年美債正2,112,0,112,高橋,2023-03-02,5320
00679B,元大美債20年,104,0,104,高橋,2023-03-02,5320
4979,華星光,104,2,102,高橋,2023-03-02,5320
2891,中信金,70,0,70,高橋,2023-03-02,5320
2601,益航,73,15,58,高橋,2023-03-02,5320
2883,凱基金,55,1,54,高橋,2023-03-02,5320
1605,華新,152,101,51,高橋,2023-03-02,5320
2605,新興,65,14,51,高橋,2023-03-02,5320
4956,光鋐,50,0,50,高橋,2023-03-02,5320
1909,榮成,50,0,50,高橋,2023-03-02,5320
2892,第一金,50,0,50,高橋,2023-03-02,5320
2498,宏達電,60,11,49,高橋,2023-03-02,5320
3207,耀勝,54,6,48,高橋,2023-03-02,5320
5512,力麒,52,10,42,高橋,2023-03-02,5320
1319,東陽,40,0,40,高橋,2023-03-02,5320
00712,復華富時不動產,36,0,36,高橋,2023-03-02,5320
2201,裕隆,43,9,34,高橋,2023-03-02,5320
00632R,元大台灣50反1,32,0,32,高橋,2023-03-02,5320
6197,佳必琪,28,0,28,高橋,2023-03-02,5320
2303,聯電,34,8,26,高橋,2023-03-02,5320
2888,新光金,57,32,25,高橋,2023-03-02,5320
2388,威盛,24,1,23,高橋,2023-03-02,5320
2880,華南金,22,1,21,高橋,2023-03-02,5320
2243,宏旭-KY,25,5,20,高橋,2023-03-02,5320
00725B,國泰投資級公司債,20,0,20,高橋,2023-03-02,5320
6116,彩晶,22,3,19,高橋,2023-03-02,5320
6285,啟��,19,0,19,高橋,2023-03-02,5320
00720B,元大投資級公司債,19,1,18,高橋,2023-03-02,5320
00772B,中信高評級公司債,17,0,17,高橋,2023-03-02,5320
3703,欣陸,17,0,17,高橋,2023-03-02,5320
6148,驊宏資,18,2,16,高橋,2023-03-02,5320
3048,益登,16,0,16,高橋,2023-03-02,5320
3592,瑞鼎,16,1,15,高橋,2023-03-02,5320
2618,長榮航,72,57,15,高橋,2023-03-02,5320
2885,元大金,17,2,15,高橋,2023-03-02,5320
1721,三晃,15,0,15,高橋,2023-03-02,5320
1584,精剛,15,0,15,高橋,2023-03-02,5320
8358,金居,15,1,14,高橋,2023-03-02,5320
2884,玉山金,14,0,14,高橋,2023-03-02,5320
00902,中信電池及儲能,13,0,13,高橋,2023-03-02,5320
5703,亞都,13,0,13,高橋,2023-03-02,5320
00751B,元大AAA至A公司債,12,0,12,高橋,2023-03-02,5320
8033,雷虎,45,33,12,高橋,2023-03-02,5320
2890,永豐金,12,1,11,高橋,2023-03-02,5320
3036,文曄,11,0,11,高橋,2023-03-02,5320
1529,樂事綠能,11,0,11,高橋,2023-03-02,5320
9945,潤泰新,11,0,11,高橋,2023-03-02,5320
4541,晟田,12,1,11,高橋,2023-03-02,5320
6155,鈞寶,12,2,10,高橋,2023-03-02,5320
00655L,國泰中國A50正2,145,0,145,高橋,2023-03-03,5320
2425,承啟,128,6,122,高橋,2023-03-03,5320
1605,華新,177,65,112,高橋,2023-03-03,5320
2892,第一金,57,0,57,高橋,2023-03-03,5320
2609,陽明,118,63,55,高橋,2023-03-03,5320
00664R,國泰臺灣加權反1,53,0,53,高橋,2023-03-03,5320
2881,富邦金,50,1,49,高橋,2023-03-03,5320
1609,大亞,46,1,45,高橋,2023-03-03,5320
2903,遠百,42,1,41,高橋,2023-03-03,5320
1762,中化生,36,2,34,高橋,2023-03-03,5320
1909,榮成,30,0,30,高橋,2023-03-03,5320
00680L,元大美債20正2,30,0,30,高橋,2023-03-03,5320
2641,正德,68,42,26,高橋,2023-03-03,5320
2412,中華電,32,6,26,高橋,2023-03-03,5320
00712,復華富時不動產,25,1,24,高橋,2023-03-03,5320
2492,華新科,24,1,23,高橋,2023-03-03,5320
3036,文曄,23,0,23,高橋,2023-03-03,5320
3045,台灣大,22,0,22,高橋,2023-03-03,5320
2745,五福,22,0,22,高橋,2023-03-03,5320
6104,創惟,31,10,21,高橋,2023-03-03,5320
2883,凱基金,25,4,21,高橋,2023-03-03,5320
4967,十銓,22,2,20,高橋,2023-03-03,5320
8349,�矬�,20,1,19,高橋,2023-03-03,5320
6207,雷科,17,0,17,高橋,2023-03-03,5320
2453,凌群,16,0,16,高橋,2023-03-03,5320
3013,晟銘電,51,35,16,高橋,2023-03-03,5320
6288,聯嘉,16,0,16,高橋,2023-03-03,5320
3207,耀勝,17,2,15,高橋,2023-03-03,5320
6235,華孚,46,31,15,高橋,2023-03-03,5320
00772B,中信高評級公司債,14,0,14,高橋,2023-03-03,5320
3675,德微,18,4,14,高橋,2023-03-03,5320
2022,聚亨,13,0,13,高橋,2023-03-03,5320
2324,仁寶,15,2,13,高橋,2023-03-03,5320
3163,波若威,13,0,13,高橋,2023-03-03,5320
1326,台化,13,0,13,高橋,2023-03-03,5320
00632R,元大台灣50反1,43,30,13,高橋,2023-03-03,5320
4915,致伸,15,2,13,高橋,2023-03-03,5320
2408,南亞科,13,0,13,高橋,2023-03-03,5320
1529,樂事綠能,13,0,13,高橋,2023-03-03,5320
5410,國眾,18,6,12,高橋,2023-03-03,5320
6791,虎門科技,13,1,12,高橋,2023-03-03,5320
2498,宏達電,27,16,11,高橋,2023-03-03,5320
6576,逸達,11,0,11,高橋,2023-03-03,5320
1201,味全,11,0,11,高橋,2023-03-03,5320
2897,王道銀行,11,0,11,高橋,2023-03-03,5320
1584,精剛,21,10,11,高橋,2023-03-03,5320
3169,亞信,15,4,11,高橋,2023-03-03,5320
1314,中石化,12,1,11,高橋,2023-03-03,5320
2884,玉山金,10,0,10,高橋,2023-03-03,5320
2049,上銀,10,0,10,高橋,2023-03-03,5320
2890,永豐金,337,16,321,高橋,2023-03-06,5320
1591,駿吉-KY,135,0,135,高橋,2023-03-06,5320
00632R,元大台灣50反1,127,0,127,高橋,2023-03-06,5320
00897,富邦基因免疫生技,114,0,114,高橋,2023-03-06,5320
2610,華航,158,50,108,高橋,2023-03-06,5320
00673R,期元大S＆P原油反1,88,0,88,高橋,2023-03-06,5320
00641R,富邦日本反1,72,0,72,高橋,2023-03-06,5320
6026,福邦證,71,0,71,高橋,2023-03-06,5320
5608,四維航,67,12,55,高橋,2023-03-06,5320
3673,TPK-KY,54,1,53,高橋,2023-03-06,5320
2208,台船,50,0,50,高橋,2023-03-06,5320
00712,復華富時不動產,48,0,48,高橋,2023-03-06,5320
00713,元大台灣高息低波,52,6,46,高橋,2023-03-06,5320
0056,元大高股息,67,21,46,高橋,2023-03-06,5320
00885,富邦越南,45,0,45,高橋,2023-03-06,5320
5353,台林,45,1,44,高橋,2023-03-06,5320
2897,王道銀行,50,6,44,高橋,2023-03-06,5320
2618,長榮航,52,16,36,高橋,2023-03-06,5320
2609,陽明,53,19,34,高橋,2023-03-06,5320
3048,益登,34,0,34,高橋,2023-03-06,5320
2419,仲琦,34,3,31,高橋,2023-03-06,5320
1720,生達,32,2,30,高橋,2023-03-06,5320
00679B,元大美債20年,30,0,30,高橋,2023-03-06,5320
00637L,元大滬深300正2,31,2,29,高橋,2023-03-06,5320
6443,元晶,34,5,29,高橋,2023-03-06,5320
1709,和益,32,4,28,高橋,2023-03-06,5320
00687B,國泰20年美債,26,0,26,高橋,2023-03-06,5320
2337,旺宏,41,18,23,高橋,2023-03-06,5320
8215,明基材,22,0,22,高橋,2023-03-06,5320
3356,奇偶,51,30,21,高橋,2023-03-06,5320
00882,中信中國高股息,21,0,21,高橋,2023-03-06,5320
5450,南良,20,0,20,高橋,2023-03-06,5320
2633,台灣高鐵,25,6,19,高橋,2023-03-06,5320
00900,富邦特選高股息30,24,5,19,高橋,2023-03-06,5320
1524,耿鼎,18,0,18,高橋,2023-03-06,5320
1909,榮成,17,0,17,高橋,2023-03-06,5320
8110,華東,18,1,17,高橋,2023-03-06,5320
2412,中華電,23,6,17,高橋,2023-03-06,5320
2344,華邦電,101,85,16,高橋,2023-03-06,5320
8383,千附,16,0,16,高橋,2023-03-06,5320
4915,致伸,30,16,14,高橋,2023-03-06,5320
4976,佳凌,20,6,14,高橋,2023-03-06,5320
00669R,國泰美國道瓊反1,14,0,14,高橋,2023-03-06,5320
2637,慧洋-KY,17,5,12,高橋,2023-03-06,5320
5536,聖暉*,12,0,12,高橋,2023-03-06,5320
5464,霖宏,12,0,12,高橋,2023-03-06,5320
2305,全友,18,6,12,高橋,2023-03-06,5320
4743,合一,12,1,11,高橋,2023-03-06,5320
6129,普誠,15,4,11,高橋,2023-03-06,5320
3481,群創,125,114,11,高橋,2023-03-06,5320
00679B,元大美債20年,156,0,156,高橋,2023-03-07,5320
9907,統一實,133,6,127,高橋,2023-03-07,5320
3481,群創,164,40,124,高橋,2023-03-07,5320
2601,益航,102,4,98,高橋,2023-03-07,5320
00712,復華富時不動產,66,0,66,高橋,2023-03-07,5320
00641R,富邦日本反1,62,0,62,高橋,2023-03-07,5320
2352,佳世達,71,12,59,高橋,2023-03-07,5320
2888,新光金,60,6,54,高橋,2023-03-07,5320
00632R,元大台灣50反1,57,5,52,高橋,2023-03-07,5320
3686,達能,50,0,50,高橋,2023-03-07,5320
00673R,期元大S＆P原油反1,45,1,44,高橋,2023-03-07,5320
2610,華航,52,12,40,高橋,2023-03-07,5320
3305,昇貿,40,0,40,高橋,2023-03-07,5320
5475,德宏,39,0,39,高橋,2023-03-07,5320
2344,華邦電,43,8,35,高橋,2023-03-07,5320
2812,台中銀,39,7,32,高橋,2023-03-07,5320
2498,宏達電,54,22,32,高橋,2023-03-07,5320
2855,統一證,30,0,30,高橋,2023-03-07,5320
00687B,國泰20年美債,30,0,30,高橋,2023-03-07,5320
6443,元晶,31,3,28,高橋,2023-03-07,5320
00885,富邦越南,26,1,25,高橋,2023-03-07,5320
00882,中信中國高股息,38,14,24,高橋,2023-03-07,5320
4114,健喬,29,6,23,高橋,2023-03-07,5320
6285,啟��,27,7,20,高橋,2023-03-07,5320
8926,台汽電,20,0,20,高橋,2023-03-07,5320
6770,力積電,62,43,19,高橋,2023-03-07,5320
2028,威致,20,1,19,高橋,2023-03-07,5320
6668,中揚光,22,3,19,高橋,2023-03-07,5320
1752,南光,20,3,17,高橋,2023-03-07,5320
3317,尼克森,20,3,17,高橋,2023-03-07,5320
8409,商之器,17,0,17,高橋,2023-03-07,5320
6548,長科*,23,6,17,高橋,2023-03-07,5320
8936,國統,16,0,16,高橋,2023-03-07,5320
8121,越峰,16,0,16,高橋,2023-03-07,5320
1584,精剛,23,8,15,高橋,2023-03-07,5320
3036,文曄,15,0,15,高橋,2023-03-07,5320
3673,TPK-KY,14,0,14,高橋,2023-03-07,5320
2367,燿華,16,2,14,高橋,2023-03-07,5320
8478,東哥遊艇,22,9,13,高橋,2023-03-07,5320
6155,鈞寶,13,0,13,高橋,2023-03-07,5320
3019,亞光,26,14,12,高橋,2023-03-07,5320
3042,晶技,13,1,12,高橋,2023-03-07,5320
3312,弘憶股,12,0,12,高橋,2023-03-07,5320
3114,好德,12,0,12,高橋,2023-03-07,5320
6138,茂達,12,0,12,高橋,2023-03-07,5320
1611,中電,13,1,12,高橋,2023-03-07,5320
1708,東鹼,14,2,12,高橋,2023-03-07,5320
3035,智原,22,11,11,高橋,2023-03-07,5320
2201,裕隆,13,2,11,高橋,2023-03-07,5320
8011,台通,11,0,11,高橋,2023-03-07,5320
9907,統一實,569,43,526,高橋,2023-03-08,5320
00637L,元大滬深300正2,294,0,294,高橋,2023-03-08,5320
00753L,中信中國50正2,109,0,109,高橋,2023-03-08,5320
2498,宏達電,101,10,91,高橋,2023-03-08,5320
8936,國統,92,2,90,高橋,2023-03-08,5320
2606,裕民,70,4,66,高橋,2023-03-08,5320
2834,臺企銀,75,18,57,高橋,2023-03-08,5320
2618,長榮航,80,26,54,高橋,2023-03-08,5320
1568,倉佑,56,2,54,高橋,2023-03-08,5320
00885,富邦越南,49,0,49,高橋,2023-03-08,5320
00878,國泰永續高股息,71,23,48,高橋,2023-03-08,5320
2609,陽明,63,16,47,高橋,2023-03-08,5320
2897,王道銀行,60,15,45,高橋,2023-03-08,5320
00713,元大台灣高息低波,46,1,45,高橋,2023-03-08,5320
8111,立��,45,2,43,高橋,2023-03-08,5320
5009,榮剛,67,24,43,高橋,2023-03-08,5320
2890,永豐金,41,0,41,高橋,2023-03-08,5320
00650L,復華香港正2,36,0,36,高橋,2023-03-08,5320
1102,亞泥,34,1,33,高橋,2023-03-08,5320
00772B,中信高評級公司債,33,0,33,高橋,2023-03-08,5320
4142,國光生,52,20,32,高橋,2023-03-08,5320
00923,群益台ESG低碳50,31,0,31,高橋,2023-03-08,5320
8110,華東,30,0,30,高橋,2023-03-08,5320
1101,台泥,33,3,30,高橋,2023-03-08,5320
2607,榮運,28,0,28,高橋,2023-03-08,5320
00642U,期元大S＆P石油,28,0,28,高橋,2023-03-08,5320
6770,力積電,37,10,27,高橋,2023-03-08,5320
2615,萬海,43,16,27,高橋,2023-03-08,5320
1504,東元,34,7,27,高橋,2023-03-08,5320
1591,駿吉-KY,27,0,27,高橋,2023-03-08,5320
2330,台積電,25,1,24,高橋,2023-03-08,5320
5228,鈺鎧,23,0,23,高橋,2023-03-08,5320
6016,康和證,26,3,23,高橋,2023-03-08,5320
6133,金橋,22,1,21,高橋,2023-03-08,5320
2201,裕隆,32,12,20,高橋,2023-03-08,5320
8222,寶一,79,60,19,高橋,2023-03-08,5320
2014,中鴻,19,0,19,高橋,2023-03-08,5320
5425,台半,29,10,19,高橋,2023-03-08,5320
1727,中華化,19,1,18,高橋,2023-03-08,5320
00712,復華富時不動產,21,3,18,高橋,2023-03-08,5320
0056,元大高股息,18,1,17,高橋,2023-03-08,5320
2489,瑞軒,18,1,17,高橋,2023-03-08,5320
2601,益航,16,0,16,高橋,2023-03-08,5320
6026,福邦證,15,0,15,高橋,2023-03-08,5320
2453,凌群,33,18,15,高橋,2023-03-08,5320
2349,錸德,15,0,15,高橋,2023-03-08,5320
2337,旺宏,18,3,15,高橋,2023-03-08,5320
1524,耿鼎,50,35,15,高橋,2023-03-08,5320
1714,和桐,16,1,15,高橋,2023-03-08,5320
1503,士電,20,5,15,高橋,2023-03-08,5320
00878,國泰永續高股息,267,0,267,高橋,2023-03-09,5320
00637L,元大滬深300正2,135,4,131,高橋,2023-03-09,5320
3481,群創,262,156,106,高橋,2023-03-09,5320
2884,玉山金,106,1,105,高橋,2023-03-09,5320
1409,新纖,61,0,61,高橋,2023-03-09,5320
3432,台端,60,0,60,高橋,2023-03-09,5320
00773B,中信優先金融債,59,0,59,高橋,2023-03-09,5320
2881,富邦金,54,0,54,高橋,2023-03-09,5320
3576,聯合再生,59,6,53,高橋,2023-03-09,5320
2317,鴻海,49,3,46,高橋,2023-03-09,5320
3686,達能,47,1,46,高橋,2023-03-09,5320
00713,元大台灣高息低波,55,10,45,高橋,2023-03-09,5320
00923,群益台ESG低碳50,45,0,45,高橋,2023-03-09,5320
1101,台泥,44,3,41,高橋,2023-03-09,5320
2887,台新金,46,5,41,高橋,2023-03-09,5320
6282,康舒,65,24,41,高橋,2023-03-09,5320
2030,彰源,38,0,38,高橋,2023-03-09,5320
4746,台耀,36,1,35,高橋,2023-03-09,5320
00772B,中信高評級公司債,34,0,34,高橋,2023-03-09,5320
2834,臺企銀,40,7,33,高橋,2023-03-09,5320
3209,全科,37,5,32,高橋,2023-03-09,5320
3290,東浦,35,3,32,高橋,2023-03-09,5320
2634,漢翔,106,76,30,高橋,2023-03-09,5320
5469,瀚宇博,30,0,30,高橋,2023-03-09,5320
8069,元太,42,12,30,高橋,2023-03-09,5320
2880,華南金,28,0,28,高橋,2023-03-09,5320
6129,普誠,42,15,27,高橋,2023-03-09,5320
2368,金像電,29,3,26,高橋,2023-03-09,5320
3703,欣陸,25,0,25,高橋,2023-03-09,5320
6290,良維,27,3,24,高橋,2023-03-09,5320
3207,耀勝,24,1,23,高橋,2023-03-09,5320
3046,建��,39,17,22,高橋,2023-03-09,5320
2313,華通,22,0,22,高橋,2023-03-09,5320
2472,立隆電,37,15,22,高橋,2023-03-09,5320
3013,晟銘電,20,0,20,高橋,2023-03-09,5320
3322,建舜電,20,0,20,高橋,2023-03-09,5320
3236,千如,20,0,20,高橋,2023-03-09,5320
2535,達欣工,20,0,20,高橋,2023-03-09,5320
2337,旺宏,31,12,19,高橋,2023-03-09,5320
5410,國眾,24,5,19,高橋,2023-03-09,5320
8936,國統,24,6,18,高橋,2023-03-09,5320
00712,復華富時不動產,18,0,18,高橋,2023-03-09,5320
6116,彩晶,19,2,17,高橋,2023-03-09,5320
2609,陽明,37,20,17,高橋,2023-03-09,5320
2890,永豐金,17,1,16,高橋,2023-03-09,5320
2383,台光電,16,0,16,高橋,2023-03-09,5320
1402,遠東新,16,0,16,高橋,2023-03-09,5320
1718,中纖,16,0,16,高橋,2023-03-09,5320
3038,全台,15,0,15,高橋,2023-03-09,5320
1737,臺鹽,15,0,15,高橋,2023-03-09,5320
00715L,期街口布蘭特正2,276,0,276,高橋,2023-03-10,5320
2610,華航,322,49,273,高橋,2023-03-10,5320
6719,力智,200,3,197,高橋,2023-03-10,5320
2618,長榮航,219,26,193,高橋,2023-03-10,5320
2641,正德,274,102,172,高橋,2023-03-10,5320
3576,聯合再生,114,0,114,高橋,2023-03-10,5320
00713,元大台灣高息低波,107,1,106,高橋,2023-03-10,5320
1524,耿鼎,127,22,105,高橋,2023-03-10,5320
5465,富驊,130,25,105,高橋,2023-03-10,5320
2409,友達,112,18,94,高橋,2023-03-10,5320
2891,中信金,93,0,93,高橋,2023-03-10,5320
6125,廣運,90,0,90,高橋,2023-03-10,5320
2885,元大金,89,0,89,高橋,2023-03-10,5320
6197,佳必琪,86,0,86,高橋,2023-03-10,5320
2609,陽明,279,198,81,高橋,2023-03-10,5320
00878,國泰永續高股息,288,211,77,高橋,2023-03-10,5320
2881,富邦金,68,0,68,高橋,2023-03-10,5320
00923,群益台ESG低碳50,64,0,64,高橋,2023-03-10,5320
2884,玉山金,62,0,62,高橋,2023-03-10,5320
1605,華新,85,30,55,高橋,2023-03-10,5320
00712,復華富時不動產,54,0,54,高橋,2023-03-10,5320
6770,力積電,61,11,50,高橋,2023-03-10,5320
2313,華通,45,0,45,高橋,2023-03-10,5320
3673,TPK-KY,51,7,44,高橋,2023-03-10,5320
5009,榮剛,62,22,40,高橋,2023-03-10,5320
6116,彩晶,45,5,40,高橋,2023-03-10,5320
1609,大亞,51,12,39,高橋,2023-03-10,5320
1789,神隆,36,0,36,高橋,2023-03-10,5320
3682,亞太電,40,5,35,高橋,2023-03-10,5320
2883,凱基金,39,4,35,高橋,2023-03-10,5320
2317,鴻海,37,3,34,高橋,2023-03-10,5320
2208,台船,35,1,34,高橋,2023-03-10,5320
1909,榮成,32,0,32,高橋,2023-03-10,5320
1101,台泥,30,2,28,高橋,2023-03-10,5320
2471,資通,29,2,27,高橋,2023-03-10,5320
2929,淘帝-KY,29,2,27,高橋,2023-03-10,5320
1504,東元,30,4,26,高橋,2023-03-10,5320
00900,富邦特選高股息30,32,7,25,高橋,2023-03-10,5320
00882,中信中國高股息,27,2,25,高橋,2023-03-10,5320
2303,聯電,42,17,25,高橋,2023-03-10,5320
2330,台積電,26,1,25,高橋,2023-03-10,5320
1718,中纖,24,0,24,高橋,2023-03-10,5320
8112,至上,27,3,24,高橋,2023-03-10,5320
2890,永豐金,24,1,23,高橋,2023-03-10,5320
3038,全台,22,0,22,高橋,2023-03-10,5320
4746,台耀,32,10,22,高橋,2023-03-10,5320
6282,康舒,43,21,22,高橋,2023-03-10,5320
4164,承業醫,23,2,21,高橋,2023-03-10,5320
2007,燁興,21,0,21,高橋,2023-03-10,5320
3027,盛達,32,11,21,高橋,2023-03-10,5320
00878,國泰永續高股息,216,16,200,高橋,2023-03-13,5320
2427,三商電,190,7,183,高橋,2023-03-13,5320
2609,陽明,201,60,141,高橋,2023-03-13,5320
00715L,期街口布蘭特正2,150,13,137,高橋,2023-03-13,5320
9945,潤泰新,99,8,91,高橋,2023-03-13,5320
6274,台燿,96,5,91,高橋,2023-03-13,5320
2106,建大,65,0,65,高橋,2023-03-13,5320
2834,臺企銀,106,46,60,高橋,2023-03-13,5320
8064,東捷,56,0,56,高橋,2023-03-13,5320
6288,聯嘉,51,2,49,高橋,2023-03-13,5320
2845,遠東銀,46,4,42,高橋,2023-03-13,5320
2897,王道銀行,45,5,40,高橋,2023-03-13,5320
00712,復華富時不動產,38,0,38,高橋,2023-03-13,5320
6182,合晶,49,13,36,高橋,2023-03-13,5320
2618,長榮航,62,28,34,高橋,2023-03-13,5320
9907,統一實,36,3,33,高橋,2023-03-13,5320
2023,燁輝,32,1,31,高橋,2023-03-13,5320
00713,元大台灣高息低波,29,0,29,高橋,2023-03-13,5320
5009,榮剛,44,16,28,高橋,2023-03-13,5320
00637L,元大滬深300正2,26,2,24,高橋,2023-03-13,5320
1712,興農,24,0,24,高橋,2023-03-13,5320
2312,金寶,22,2,20,高橋,2023-03-13,5320
2453,凌群,38,18,20,高橋,2023-03-13,5320
5512,力麒,21,1,20,高橋,2023-03-13,5320
6609,瀧澤科,20,0,20,高橋,2023-03-13,5320
6116,彩晶,21,1,20,高橋,2023-03-13,5320
2012,春雨,20,0,20,高橋,2023-03-13,5320
00773B,中信優先金融債,20,0,20,高橋,2023-03-13,5320
00882,中信中國高股息,18,0,18,高橋,2023-03-13,5320
2484,希華,18,0,18,高橋,2023-03-13,5320
3048,益登,19,2,17,高橋,2023-03-13,5320
1336,台翰,16,0,16,高橋,2023-03-13,5320
2883,凱基金,28,12,16,高橋,2023-03-13,5320
2014,中鴻,15,0,15,高橋,2023-03-13,5320
6276,安鈦克,15,0,15,高橋,2023-03-13,5320
911868,同方友友-DR,15,0,15,高橋,2023-03-13,5320
2367,燿華,15,1,14,高橋,2023-03-13,5320
1227,佳格,14,0,14,高橋,2023-03-13,5320
8150,南茂,14,0,14,高橋,2023-03-13,5320
1519,華城,18,5,13,高橋,2023-03-13,5320
1618,合機,13,0,13,高橋,2023-03-13,5320
3703,欣陸,13,0,13,高橋,2023-03-13,5320
3024,憶聲,14,1,13,高橋,2023-03-13,5320
2429,銘旺科,13,0,13,高橋,2023-03-13,5320
2492,華新科,13,0,13,高橋,2023-03-13,5320
1702,南僑,13,0,13,高橋,2023-03-13,5320
00902,中信電池及儲能,12,0,12,高橋,2023-03-13,5320
9904,寶成,14,2,12,高橋,2023-03-13,5320
2610,華航,26,14,12,高橋,2023-03-13,5320
2313,華通,15,3,12,高橋,2023-03-13,5320
6770,力積電,220,21,199,高橋,2023-03-14,5320
00878,國泰永續高股息,225,27,198,高橋,2023-03-14,5320
00715L,期街口布蘭特正2,150,6,144,高橋,2023-03-14,5320
2618,長榮航,130,3,127,高橋,2023-03-14,5320
3027,盛達,91,0,91,高橋,2023-03-14,5320
00712,復華富時不動產,87,3,84,高橋,2023-03-14,5320
2303,聯電,88,9,79,高橋,2023-03-14,5320
2344,華邦電,79,3,76,高橋,2023-03-14,5320
2610,華航,153,93,60,高橋,2023-03-14,5320
2515,中工,72,14,58,高橋,2023-03-14,5320
8069,元太,55,4,51,高橋,2023-03-14,5320
2609,陽明,120,72,48,高橋,2023-03-14,5320
2891,中信金,41,0,41,高橋,2023-03-14,5320
2330,台積電,37,0,37,高橋,2023-03-14,5320
1605,華新,35,2,33,高橋,2023-03-14,5320
5465,富驊,43,10,33,高橋,2023-03-14,5320
2883,凱基金,78,46,32,高橋,2023-03-14,5320
5608,四維航,37,8,29,高橋,2023-03-14,5320
2888,新光金,42,14,28,高橋,2023-03-14,5320
4142,國光生,30,2,28,高橋,2023-03-14,5320
00773B,中信優先金融債,28,0,28,高橋,2023-03-14,5320
00642U,期元大S＆P石油,28,0,28,高橋,2023-03-14,5320
2308,台達電,26,0,26,高橋,2023-03-14,5320
2615,萬海,55,29,26,高橋,2023-03-14,5320
2027,大成鋼,53,28,25,高橋,2023-03-14,5320
2892,第一金,30,6,24,高橋,2023-03-14,5320
2885,元大金,22,0,22,高橋,2023-03-14,5320
1218,泰山,20,0,20,高橋,2023-03-14,5320
00637L,元大滬深300正2,22,2,20,高橋,2023-03-14,5320
9907,統一實,20,0,20,高橋,2023-03-14,5320
3048,益登,19,0,19,高橋,2023-03-14,5320
2881,富邦金,22,3,19,高橋,2023-03-14,5320
00772B,中信高評級公司債,20,2,18,高橋,2023-03-14,5320
3624,光頡,19,1,18,高橋,2023-03-14,5320
6122,擎邦,20,2,18,高橋,2023-03-14,5320
6005,群益證,17,0,17,高橋,2023-03-14,5320
5880,合庫金,15,0,15,高橋,2023-03-14,5320
6841,長佳智能,16,1,15,高橋,2023-03-14,5320
2887,台新金,17,3,14,高橋,2023-03-14,5320
2243,宏旭-KY,13,0,13,高橋,2023-03-14,5320
2427,三商電,15,2,13,高橋,2023-03-14,5320
8478,東哥遊艇,15,3,12,高橋,2023-03-14,5320
2409,友達,23,11,12,高橋,2023-03-14,5320
2882,國泰金,21,10,11,高橋,2023-03-14,5320
6109,亞元,11,0,11,高橋,2023-03-14,5320
6163,華電網,13,2,11,高橋,2023-03-14,5320
2633,台灣高鐵,11,0,11,高橋,2023-03-14,5320
2884,玉山金,11,0,11,高橋,2023-03-14,5320
2331,精英,21,11,10,高橋,2023-03-14,5320
2457,飛宏,40,30,10,高橋,2023-03-14,5320
00715L,期街口布蘭特正2,326,0,326,高橋,2023-03-15,5320
00712,復華富時不動產,137,0,137,高橋,2023-03-15,5320
6271,同欣電,122,0,122,高橋,2023-03-15,5320
2891,中信金,105,6,99,高橋,2023-03-15,5320
2609,陽明,149,51,98,高橋,2023-03-15,5320
3481,群創,107,20,87,高橋,2023-03-15,5320
2888,新光金,87,0,87,高橋,2023-03-15,5320
2618,長榮航,97,13,84,高橋,2023-03-15,5320
2883,凱基金,104,22,82,高橋,2023-03-15,5320
00642U,期元大S＆P石油,80,0,80,高橋,2023-03-15,5320
00878,國泰永續高股息,77,0,77,高橋,2023-03-15,5320
2834,臺企銀,56,1,55,高橋,2023-03-15,5320
2887,台新金,59,12,47,高橋,2023-03-15,5320
2457,飛宏,82,38,44,高橋,2023-03-15,5320
00632R,元大台灣50反1,42,0,42,高橋,2023-03-15,5320
4142,國光生,57,25,32,高橋,2023-03-15,5320
00857B,永豐20年美公債,30,0,30,高橋,2023-03-15,5320
2027,大成鋼,35,6,29,高橋,2023-03-15,5320
2409,友達,36,8,28,高橋,2023-03-15,5320
1513,中興電,33,7,26,高橋,2023-03-15,5320
1524,耿鼎,31,6,25,高橋,2023-03-15,5320
3013,晟銘電,28,4,24,高橋,2023-03-15,5320
3162,精確,33,10,23,高橋,2023-03-15,5320
9955,佳龍,32,9,23,高橋,2023-03-15,5320
00687B,國泰20年美債,33,10,23,高橋,2023-03-15,5320
4938,和碩,21,0,21,高橋,2023-03-15,5320
3090,日電貿,21,0,21,高橋,2023-03-15,5320
2615,萬海,33,12,21,高橋,2023-03-15,5320
6550,北極星藥業-KY,21,0,21,高橋,2023-03-15,5320
2915,潤泰全,22,4,18,高橋,2023-03-15,5320
2897,王道銀行,17,0,17,高橋,2023-03-15,5320
00713,元大台灣高息低波,18,2,16,高橋,2023-03-15,5320
2890,永豐金,16,0,16,高橋,2023-03-15,5320
2312,金寶,21,5,16,高橋,2023-03-15,5320
2634,漢翔,24,8,16,高橋,2023-03-15,5320
2425,承啟,16,1,15,高橋,2023-03-15,5320
2630,亞航,15,0,15,高橋,2023-03-15,5320
2344,華邦電,15,1,14,高橋,2023-03-15,5320
2359,所羅門,16,2,14,高橋,2023-03-15,5320
2201,裕隆,37,23,14,高橋,2023-03-15,5320
2601,益航,13,0,13,高橋,2023-03-15,5320
1539,巨庭,13,0,13,高橋,2023-03-15,5320
00720B,元大投資級公司債,12,0,12,高橋,2023-03-15,5320
2542,興富發,12,0,12,高橋,2023-03-15,5320
2017,官田鋼,12,0,12,高橋,2023-03-15,5320
2882,國泰金,14,3,11,高橋,2023-03-15,5320
2884,玉山金,11,0,11,高橋,2023-03-15,5320
6187,萬潤,11,0,11,高橋,2023-03-15,5320
1301,台塑,10,0,10,高橋,2023-03-15,5320
1701,中化,10,0,10,高橋,2023-03-15,5320
00632R,元大台灣50反1,235,92,143,高橋,2023-03-16,5320
2891,中信金,103,2,101,高橋,2023-03-16,5320
00715L,期街口布蘭特正2,109,36,73,高橋,2023-03-16,5320
00669R,國泰美國道瓊反1,70,0,70,高橋,2023-03-16,5320
00712,復華富時不動產,69,2,67,高橋,2023-03-16,5320
00878,國泰永續高股息,115,50,65,高橋,2023-03-16,5320
3481,群創,85,22,63,高橋,2023-03-16,5320
2331,精英,60,0,60,高橋,2023-03-16,5320
1522,堤維西,54,2,52,高橋,2023-03-16,5320
2515,中工,51,0,51,高橋,2023-03-16,5320
2880,華南金,48,1,47,高橋,2023-03-16,5320
2641,正德,56,10,46,高橋,2023-03-16,5320
4934,太極,55,11,44,高橋,2023-03-16,5320
00642U,期元大S＆P石油,43,0,43,高橋,2023-03-16,5320
00857B,永豐20年美公債,40,0,40,高橋,2023-03-16,5320
2603,長榮,60,21,39,高橋,2023-03-16,5320
6197,佳必琪,40,4,36,高橋,2023-03-16,5320
2832,台產,36,0,36,高橋,2023-03-16,5320
6116,彩晶,32,0,32,高橋,2023-03-16,5320
2312,金寶,37,6,31,高橋,2023-03-16,5320
9907,統一實,31,0,31,高橋,2023-03-16,5320
5269,祥碩,31,0,31,高橋,2023-03-16,5320
00885,富邦越南,30,0,30,高橋,2023-03-16,5320
2344,華邦電,30,0,30,高橋,2023-03-16,5320
2884,玉山金,30,1,29,高橋,2023-03-16,5320
1316,上曜,26,0,26,高橋,2023-03-16,5320
6182,合晶,30,6,24,高橋,2023-03-16,5320
1513,中興電,36,12,24,高橋,2023-03-16,5320
0056,元大高股息,29,6,23,高橋,2023-03-16,5320
5515,建國,22,0,22,高橋,2023-03-16,5320
2409,友達,26,4,22,高橋,2023-03-16,5320
6443,元晶,32,11,21,高橋,2023-03-16,5320
4157,太景*-KY,20,0,20,高橋,2023-03-16,5320
2023,燁輝,23,3,20,高橋,2023-03-16,5320
2027,大成鋼,31,11,20,高橋,2023-03-16,5320
2313,華通,30,11,19,高橋,2023-03-16,5320
2888,新光金,47,28,19,高橋,2023-03-16,5320
5608,四維航,33,15,18,高橋,2023-03-16,5320
2399,映泰,20,2,18,高橋,2023-03-16,5320
2317,鴻海,25,8,17,高橋,2023-03-16,5320
1453,大將,17,0,17,高橋,2023-03-16,5320
00713,元大台灣高息低波,72,56,16,高橋,2023-03-16,5320
3027,盛達,22,6,16,高橋,2023-03-16,5320
6271,同欣電,16,0,16,高橋,2023-03-16,5320
3576,聯合再生,26,10,16,高橋,2023-03-16,5320
4562,穎漢,15,0,15,高橋,2023-03-16,5320
2609,陽明,88,73,15,高橋,2023-03-16,5320
5880,合庫金,14,0,14,高橋,2023-03-16,5320
3062,建漢,13,0,13,高橋,2023-03-16,5320
2367,燿華,13,0,13,高橋,2023-03-16,5320
2834,臺企銀,229,14,215,高橋,2023-03-17,5320
00715L,期街口布蘭特正2,172,0,172,高橋,2023-03-17,5320
1524,耿鼎,111,24,87,高橋,2023-03-17,5320
2425,承啟,78,2,76,高橋,2023-03-17,5320
2883,凱基金,82,17,65,高橋,2023-03-17,5320
00712,復華富時不動產,58,0,58,高橋,2023-03-17,5320
6643,M31,60,9,51,高橋,2023-03-17,5320
2891,中信金,51,1,50,高橋,2023-03-17,5320
2331,精英,50,0,50,高橋,2023-03-17,5320
2409,友達,77,29,48,高橋,2023-03-17,5320
1314,中石化,46,0,46,高橋,2023-03-17,5320
2832,台產,45,0,45,高橋,2023-03-17,5320
00632R,元大台灣50反1,43,0,43,高橋,2023-03-17,5320
1447,力鵬,41,0,41,高橋,2023-03-17,5320
9904,寶成,40,0,40,高橋,2023-03-17,5320
2495,普安,34,1,33,高橋,2023-03-17,5320
4763,材料-KY,42,10,32,高橋,2023-03-17,5320
2812,台中銀,32,0,32,高橋,2023-03-17,5320
1609,大亞,35,5,30,高橋,2023-03-17,5320
3535,晶彩科,30,0,30,高橋,2023-03-17,5320
00637L,元大滬深300正2,47,18,29,高橋,2023-03-17,5320
2323,中環,25,0,25,高橋,2023-03-17,5320
2884,玉山金,23,0,23,高橋,2023-03-17,5320
00878,國泰永續高股息,38,16,22,高橋,2023-03-17,5320
00687B,國泰20年美債,50,30,20,高橋,2023-03-17,5320
5483,中美晶,21,2,19,高橋,2023-03-17,5320
00642U,期元大S＆P石油,19,0,19,高橋,2023-03-17,5320
1513,中興電,24,5,19,高橋,2023-03-17,5320
00902,中信電池及儲能,19,0,19,高橋,2023-03-17,5320
9907,統一實,20,2,18,高橋,2023-03-17,5320
00885,富邦越南,18,0,18,高橋,2023-03-17,5320
0056,元大高股息,23,5,18,高橋,2023-03-17,5320
8033,雷虎,18,0,18,高橋,2023-03-17,5320
2014,中鴻,32,15,17,高橋,2023-03-17,5320
2890,永豐金,17,1,16,高橋,2023-03-17,5320
2885,元大金,16,0,16,高橋,2023-03-17,5320
2630,亞航,15,0,15,高橋,2023-03-17,5320
1718,中纖,15,0,15,高橋,2023-03-17,5320
2610,華航,17,2,15,高橋,2023-03-17,5320
00713,元大台灣高息低波,14,0,14,高橋,2023-03-17,5320
6550,北極星藥業-KY,16,2,14,高橋,2023-03-17,5320
2243,宏旭-KY,14,0,14,高橋,2023-03-17,5320
2888,新光金,25,12,13,高橋,2023-03-17,5320
2027,大成鋼,14,1,13,高橋,2023-03-17,5320
2376,技嘉,16,4,12,高橋,2023-03-17,5320
3236,千如,22,10,12,高橋,2023-03-17,5320
1432,大魯閣,13,1,12,高橋,2023-03-17,5320
2427,三商電,42,30,12,高橋,2023-03-17,5320
2867,三商壽,14,2,12,高橋,2023-03-17,5320
3264,欣銓,20,8,12,高橋,2023-03-17,5320
6116,彩晶,141,0,141,高橋,2023-03-20,5320
00655L,國泰中國A50正2,140,0,140,高橋,2023-03-20,5320
00715L,期街口布蘭特正2,166,37,129,高橋,2023-03-20,5320
00633L,富邦上証正2,100,0,100,高橋,2023-03-20,5320
00878,國泰永續高股息,70,8,62,高橋,2023-03-20,5320
00712,復華富時不動產,61,0,61,高橋,2023-03-20,5320
1605,華新,60,15,45,高橋,2023-03-20,5320
5512,力麒,36,1,35,高橋,2023-03-20,5320
00637L,元大滬深300正2,34,0,34,高橋,2023-03-20,5320
2880,華南金,34,1,33,高橋,2023-03-20,5320
2890,永豐金,41,13,28,高橋,2023-03-20,5320
3038,全台,32,5,27,高橋,2023-03-20,5320
4916,事欣科,25,0,25,高橋,2023-03-20,5320
2881,富邦金,24,0,24,高橋,2023-03-20,5320
00632R,元大台灣50反1,23,1,22,高橋,2023-03-20,5320
4142,國光生,23,1,22,高橋,2023-03-20,5320
2891,中信金,22,0,22,高橋,2023-03-20,5320
2027,大成鋼,22,1,21,高橋,2023-03-20,5320
2430,燦坤,21,0,21,高橋,2023-03-20,5320
4958,臻鼎-KY,21,0,21,高橋,2023-03-20,5320
00687B,國泰20年美債,20,0,20,高橋,2023-03-20,5320
00650L,復華香港正2,20,0,20,高橋,2023-03-20,5320
1909,榮成,20,0,20,高橋,2023-03-20,5320
00885,富邦越南,19,0,19,高橋,2023-03-20,5320
2882,國泰金,16,0,16,高橋,2023-03-20,5320
00720B,元大投資級公司債,16,0,16,高橋,2023-03-20,5320
2409,友達,16,2,14,高橋,2023-03-20,5320
2812,台中銀,14,0,14,高橋,2023-03-20,5320
2915,潤泰全,14,1,13,高橋,2023-03-20,5320
6753,龍德造船,12,0,12,高橋,2023-03-20,5320
6796,晉弘,12,0,12,高橋,2023-03-20,5320
2495,普安,12,1,11,高橋,2023-03-20,5320
8440,綠電,18,7,11,高橋,2023-03-20,5320
3022,威強電,11,0,11,高橋,2023-03-20,5320
0056,元大高股息,21,10,11,高橋,2023-03-20,5320
2885,元大金,11,0,11,高橋,2023-03-20,5320
3005,神基,11,0,11,高橋,2023-03-20,5320
2609,陽明,43,32,11,高橋,2023-03-20,5320
3209,全科,10,0,10,高橋,2023-03-20,5320
5483,中美晶,11,1,10,高橋,2023-03-20,5320
5450,南良,10,0,10,高橋,2023-03-20,5320
2105,正新,10,0,10,高橋,2023-03-20,5320
00642U,期元大S＆P石油,10,0,10,高橋,2023-03-20,5320
2023,燁輝,12,2,10,高橋,2023-03-20,5320
00761B,國泰A級公司債,10,0,10,高橋,2023-03-20,5320
8121,越峰,10,0,10,高橋,2023-03-20,5320
8054,安國,10,0,10,高橋,2023-03-20,5320
4903,聯光通,10,0,10,高橋,2023-03-20,5320
5704,老爺知,10,0,10,高橋,2023-03-20,5320
2603,長榮,12,3,9,高橋,2023-03-20,5320
00900,富邦特選高股息30,100,0,100,高橋,2023-03-21,5320
6233,旺玖,63,0,63,高橋,2023-03-21,5320
2609,陽明,71,16,55,高橋,2023-03-21,5320
00712,復華富時不動產,52,0,52,高橋,2023-03-21,5320
00687B,國泰20年美債,50,10,40,高橋,2023-03-21,5320
2449,京元電子,34,2,32,高橋,2023-03-21,5320
00882,中信中國高股息,31,0,31,高橋,2023-03-21,5320
8069,元太,42,11,31,高橋,2023-03-21,5320
6148,驊宏資,50,20,30,高橋,2023-03-21,5320
2430,燦坤,30,0,30,高橋,2023-03-21,5320
6770,力積電,28,1,27,高橋,2023-03-21,5320
8358,金居,30,4,26,高橋,2023-03-21,5320
2618,長榮航,27,1,26,高橋,2023-03-21,5320
2406,國碩,29,4,25,高橋,2023-03-21,5320
6188,廣明,30,5,25,高橋,2023-03-21,5320
3576,聯合再生,46,21,25,高橋,2023-03-21,5320
2605,新興,28,3,25,高橋,2023-03-21,5320
2891,中信金,25,1,24,高橋,2023-03-21,5320
3686,達能,23,0,23,高橋,2023-03-21,5320
1337,再生-KY,22,0,22,高橋,2023-03-21,5320
00885,富邦越南,31,10,21,高橋,2023-03-21,5320
2303,聯電,30,11,19,高橋,2023-03-21,5320
6456,GIS-KY,18,0,18,高橋,2023-03-21,5320
4979,華星光,18,1,17,高橋,2023-03-21,5320
2881,富邦金,16,0,16,高橋,2023-03-21,5320
6244,茂迪,35,19,16,高橋,2023-03-21,5320
1258,其祥-KY,15,0,15,高橋,2023-03-21,5320
3013,晟銘電,42,27,15,高橋,2023-03-21,5320
3545,敦泰,19,5,14,高橋,2023-03-21,5320
1584,精剛,26,12,14,高橋,2023-03-21,5320
2388,威盛,27,14,13,高橋,2023-03-21,5320
3594,磐儀,15,2,13,高橋,2023-03-21,5320
3481,群創,131,118,13,高橋,2023-03-21,5320
4967,十銓,14,1,13,高橋,2023-03-21,5320
3128,昇銳,12,0,12,高橋,2023-03-21,5320
2429,銘旺科,12,0,12,高橋,2023-03-21,5320
2347,聯強,12,0,12,高橋,2023-03-21,5320
3056,富華新,12,2,10,高橋,2023-03-21,5320
6531,愛普*,29,19,10,高橋,2023-03-21,5320
2382,廣達,15,5,10,高橋,2023-03-21,5320
3312,弘憶股,10,0,10,高橋,2023-03-21,5320
2905,三商,10,0,10,高橋,2023-03-21,5320
1591,駿吉-KY,10,0,10,高橋,2023-03-21,5320
2852,第一保,10,0,10,高橋,2023-03-21,5320
2332,友訊,10,0,10,高橋,2023-03-21,5320
00795B,中信美國公債20年,10,0,10,高橋,2023-03-21,5320
00673R,期元大S＆P原油反1,10,0,10,高橋,2023-03-21,5320
8033,雷虎,20,10,10,高橋,2023-03-21,5320
1453,大將,10,0,10,高橋,2023-03-21,5320
2497,怡利電,20,10,10,高橋,2023-03-21,5320
1504,東元,265,100,165,高橋,2023-03-22,5320
3715,定穎投控,130,3,127,高橋,2023-03-22,5320
00632R,元大台灣50反1,127,0,127,高橋,2023-03-22,5320
2890,永豐金,115,21,94,高橋,2023-03-22,5320
2887,台新金,89,7,82,高橋,2023-03-22,5320
1605,華新,68,1,67,高橋,2023-03-22,5320
3673,TPK-KY,50,0,50,高橋,2023-03-22,5320
00712,復華富時不動產,50,0,50,高橋,2023-03-22,5320
4956,光鋐,41,1,40,高橋,2023-03-22,5320
2457,飛宏,40,4,36,高橋,2023-03-22,5320
2882,國泰金,36,2,34,高橋,2023-03-22,5320
5009,榮剛,39,5,34,高橋,2023-03-22,5320
00637L,元大滬深300正2,54,21,33,高橋,2023-03-22,5320
3666,光耀,34,3,31,高橋,2023-03-22,5320
2495,普安,32,2,30,高橋,2023-03-22,5320
2453,凌群,45,17,28,高橋,2023-03-22,5320
6148,驊宏資,58,30,28,高橋,2023-03-22,5320
2605,新興,30,2,28,高橋,2023-03-22,5320
2603,長榮,30,3,27,高橋,2023-03-22,5320
4142,國光生,25,1,24,高橋,2023-03-22,5320
1802,台玻,24,0,24,高橋,2023-03-22,5320
5351,鈺創,24,0,24,高橋,2023-03-22,5320
1609,大亞,33,12,21,高橋,2023-03-22,5320
8064,東捷,21,0,21,高橋,2023-03-22,5320
2323,中環,20,0,20,高橋,2023-03-22,5320
1316,上曜,20,0,20,高橋,2023-03-22,5320
3049,精金,20,0,20,高橋,2023-03-22,5320
8069,元太,28,8,20,高橋,2023-03-22,5320
3013,晟銘電,36,17,19,高橋,2023-03-22,5320
2027,大成鋼,20,1,19,高橋,2023-03-22,5320
8936,國統,30,11,19,高橋,2023-03-22,5320
2618,長榮航,30,13,17,高橋,2023-03-22,5320
6190,萬泰科,20,3,17,高橋,2023-03-22,5320
2402,毅嘉,28,12,16,高橋,2023-03-22,5320
00679B,元大美債20年,16,0,16,高橋,2023-03-22,5320
6235,華孚,20,5,15,高橋,2023-03-22,5320
1611,中電,15,0,15,高橋,2023-03-22,5320
2014,中鴻,24,10,14,高橋,2023-03-22,5320
4934,太極,13,0,13,高橋,2023-03-22,5320
1432,大魯閣,13,0,13,高橋,2023-03-22,5320
1718,中纖,12,0,12,高橋,2023-03-22,5320
00902,中信電池及儲能,13,1,12,高橋,2023-03-22,5320
6191,精成科,12,0,12,高橋,2023-03-22,5320
2107,厚生,12,1,11,高橋,2023-03-22,5320
3516,亞帝歐,11,0,11,高橋,2023-03-22,5320
3027,盛達,13,2,11,高橋,2023-03-22,5320
2312,金寶,13,2,11,高橋,2023-03-22,5320
00671R,富邦NASDAQ反1,11,0,11,高橋,2023-03-22,5320
1762,中化生,10,0,10,高橋,2023-03-22,5320
00885,富邦越南,10,0,10,高橋,2023-03-22,5320
00632R,元大台灣50反1,153,40,113,高橋,2023-03-23,5320
3481,群創,87,6,81,高橋,2023-03-23,5320
00715L,期街口布蘭特正2,100,20,80,高橋,2023-03-23,5320
2204,中華,93,14,79,高橋,2023-03-23,5320
2890,永豐金,64,7,57,高橋,2023-03-23,5320
2548,華固,50,0,50,高橋,2023-03-23,5320
6285,啟��,50,2,48,高橋,2023-03-23,5320
2614,東森,40,0,40,高橋,2023-03-23,5320
2852,第一保,40,0,40,高橋,2023-03-23,5320
3432,台端,33,3,30,高橋,2023-03-23,5320
4956,光鋐,30,0,30,高橋,2023-03-23,5320
00712,復華富時不動產,30,0,30,高橋,2023-03-23,5320
6589,台康生技,35,6,29,高橋,2023-03-23,5320
00885,富邦越南,26,0,26,高橋,2023-03-23,5320
2606,裕民,27,3,24,高橋,2023-03-23,5320
2368,金像電,24,0,24,高橋,2023-03-23,5320
00795B,中信美國公債20年,20,0,20,高橋,2023-03-23,5320
2492,華新科,25,5,20,高橋,2023-03-23,5320
4102,永日,25,5,20,高橋,2023-03-23,5320
2605,新興,22,2,20,高橋,2023-03-23,5320
8201,無敵,21,1,20,高橋,2023-03-23,5320
1319,東陽,31,12,19,高橋,2023-03-23,5320
1524,耿鼎,47,28,19,高橋,2023-03-23,5320
6282,康舒,28,13,15,高橋,2023-03-23,5320
2882,國泰金,18,4,14,高橋,2023-03-23,5320
8064,東捷,14,0,14,高橋,2023-03-23,5320
2206,三陽工業,14,0,14,高橋,2023-03-23,5320
3322,建舜電,27,13,14,高橋,2023-03-23,5320
3624,光頡,13,0,13,高橋,2023-03-23,5320
00714,群益道瓊美國地產,13,0,13,高橋,2023-03-23,5320
3652,精聯,35,22,13,高橋,2023-03-23,5320
6143,振曜,25,12,13,高橋,2023-03-23,5320
2603,長榮,24,12,12,高橋,2023-03-23,5320
6706,惠特,15,3,12,高橋,2023-03-23,5320
8176,智捷,12,0,12,高橋,2023-03-23,5320
3035,智原,18,6,12,高橋,2023-03-23,5320
9904,寶成,12,0,12,高橋,2023-03-23,5320
6733,博晟生醫,12,0,12,高橋,2023-03-23,5320
6133,金橋,11,0,11,高橋,2023-03-23,5320
1442,名軒,21,10,11,高橋,2023-03-23,5320
00687B,國泰20年美債,10,0,10,高橋,2023-03-23,5320
1447,力鵬,10,0,10,高橋,2023-03-23,5320
1909,榮成,10,0,10,高橋,2023-03-23,5320
3413,京鼎,10,0,10,高橋,2023-03-23,5320
5452,佶優,10,0,10,高橋,2023-03-23,5320
1806,冠軍,10,0,10,高橋,2023-03-23,5320
8215,明基材,10,0,10,高橋,2023-03-23,5320
2419,仲琦,10,0,10,高橋,2023-03-23,5320
6160,欣技,30,20,10,高橋,2023-03-23,5320
8222,寶一,25,15,10,高橋,2023-03-23,5320
00671R,富邦NASDAQ反1,212,0,212,高橋,2023-03-24,5320
00878,國泰永續高股息,232,33,199,高橋,2023-03-24,5320
2891,中信金,113,1,112,高橋,2023-03-24,5320
6143,振曜,108,4,104,高橋,2023-03-24,5320
3260,威剛,104,5,99,高橋,2023-03-24,5320
2884,玉山金,89,2,87,高橋,2023-03-24,5320
00632R,元大台灣50反1,78,13,65,高橋,2023-03-24,5320
2852,第一保,63,0,63,高橋,2023-03-24,5320
3481,群創,68,31,37,高橋,2023-03-24,5320
2618,長榮航,49,13,36,高橋,2023-03-24,5320
2883,凱基金,35,2,33,高橋,2023-03-24,5320
2014,中鴻,32,0,32,高橋,2023-03-24,5320
8033,雷虎,46,14,32,高橋,2023-03-24,5320
1215,卜蜂,32,0,32,高橋,2023-03-24,5320
4956,光鋐,30,1,29,高橋,2023-03-24,5320
8358,金居,30,2,28,高橋,2023-03-24,5320
1529,樂事綠能,28,1,27,高橋,2023-03-24,5320
2371,大同,26,0,26,高橋,2023-03-24,5320
2449,京元電子,24,0,24,高橋,2023-03-24,5320
2610,華航,24,0,24,高橋,2023-03-24,5320
6443,元晶,35,13,22,高橋,2023-03-24,5320
3441,聯一光,34,12,22,高橋,2023-03-24,5320
4550,長佳,21,0,21,高橋,2023-03-24,5320
2832,台產,20,0,20,高橋,2023-03-24,5320
00664R,國泰臺灣加權反1,18,0,18,高橋,2023-03-24,5320
1708,東鹼,18,0,18,高橋,2023-03-24,5320
3432,台端,42,25,17,高橋,2023-03-24,5320
2312,金寶,17,0,17,高橋,2023-03-24,5320
2317,鴻海,59,42,17,高橋,2023-03-24,5320
4167,松瑞藥,16,0,16,高橋,2023-03-24,5320
2609,陽明,28,13,15,高橋,2023-03-24,5320
6492,生華科,15,0,15,高橋,2023-03-24,5320
1220,台榮,15,0,15,高橋,2023-03-24,5320
6603,富強鑫,15,0,15,高橋,2023-03-24,5320
4207,環泰,15,2,13,高橋,2023-03-24,5320
4763,材料-KY,20,7,13,高橋,2023-03-24,5320
9930,中聯資源,13,0,13,高橋,2023-03-24,5320
8234,新漢,13,1,12,高橋,2023-03-24,5320
3306,鼎天,12,0,12,高橋,2023-03-24,5320
5344,立衛,12,0,12,高橋,2023-03-24,5320
00676R,富邦臺灣加權反1,12,0,12,高橋,2023-03-24,5320
4934,太極,12,0,12,高橋,2023-03-24,5320
3013,晟銘電,21,9,12,高橋,2023-03-24,5320
00642U,期元大S＆P石油,11,0,11,高橋,2023-03-24,5320
8926,台汽電,13,2,11,高橋,2023-03-24,5320
2402,毅嘉,49,38,11,高橋,2023-03-24,5320
4164,承業醫,11,0,11,高橋,2023-03-24,5320
1519,華城,23,12,11,高橋,2023-03-24,5320
1591,駿吉-KY,10,0,10,高橋,2023-03-24,5320
6190,萬泰科,10,0,10,高橋,2023-03-24,5320
1605,華新,128,10,118,高橋,2023-03-27,5320
2609,陽明,117,22,95,高橋,2023-03-27,5320
00665L,富邦�琤肭磪囓�2,72,0,72,高橋,2023-03-27,5320
1236,宏亞,68,0,68,高橋,2023-03-27,5320
1504,東元,97,31,66,高橋,2023-03-27,5320
00753L,中信中國50正2,58,0,58,高橋,2023-03-27,5320
2610,華航,63,11,52,高橋,2023-03-27,5320
3673,TPK-KY,50,0,50,高橋,2023-03-27,5320
2014,中鴻,65,25,40,高橋,2023-03-27,5320
00882,中信中國高股息,39,0,39,高橋,2023-03-27,5320
00720B,元大投資級公司債,35,0,35,高橋,2023-03-27,5320
00878,國泰永續高股息,38,3,35,高橋,2023-03-27,5320
3605,宏致,32,0,32,高橋,2023-03-27,5320
1718,中纖,32,0,32,高橋,2023-03-27,5320
6589,台康生技,32,2,30,高橋,2023-03-27,5320
00857B,永豐20年美公債,30,0,30,高橋,2023-03-27,5320
2404,漢唐,31,2,29,高橋,2023-03-27,5320
1101,台泥,38,12,26,高橋,2023-03-27,5320
5011,久陽,26,0,26,高橋,2023-03-27,5320
2332,友訊,39,13,26,高橋,2023-03-27,5320
1258,其祥-KY,25,0,25,高橋,2023-03-27,5320
6282,康舒,29,5,24,高橋,2023-03-27,5320
6550,北極星藥業-KY,25,2,23,高橋,2023-03-27,5320
2615,萬海,21,0,21,高橋,2023-03-27,5320
2890,永豐金,26,5,21,高橋,2023-03-27,5320
6160,欣技,36,15,21,高橋,2023-03-27,5320
2002,中鋼,20,0,20,高橋,2023-03-27,5320
00633L,富邦上証正2,20,0,20,高橋,2023-03-27,5320
2867,三商壽,20,0,20,高橋,2023-03-27,5320
5465,富驊,23,3,20,高橋,2023-03-27,5320
2492,華新科,20,1,19,高橋,2023-03-27,5320
00922,國泰台灣領袖50,18,0,18,高橋,2023-03-27,5320
3035,智原,28,10,18,高橋,2023-03-27,5320
6188,廣明,17,0,17,高橋,2023-03-27,5320
2317,鴻海,17,0,17,高橋,2023-03-27,5320
4934,太極,22,6,16,高橋,2023-03-27,5320
6244,茂迪,47,31,16,高橋,2023-03-27,5320
3356,奇偶,16,0,16,高橋,2023-03-27,5320
2484,希華,15,0,15,高橋,2023-03-27,5320
3264,欣銓,25,10,15,高橋,2023-03-27,5320
1810,和成,16,1,15,高橋,2023-03-27,5320
9930,中聯資源,20,5,15,高橋,2023-03-27,5320
3714,富采,28,13,15,高橋,2023-03-27,5320
8088,品安,17,3,14,高橋,2023-03-27,5320
8028,昇陽半導體,15,2,13,高橋,2023-03-27,5320
00881,國泰台灣5G+,14,1,13,高橋,2023-03-27,5320
3056,富華新,15,2,13,高橋,2023-03-27,5320
2834,臺企銀,35,22,13,高橋,2023-03-27,5320
2201,裕隆,16,3,13,高橋,2023-03-27,5320
1529,樂事綠能,15,2,13,高橋,2023-03-27,5320
2317,鴻海,56,1,55,高橋,2023-03-28,5320
1108,幸福,52,2,50,高橋,2023-03-28,5320
4956,光鋐,45,0,45,高橋,2023-03-28,5320
1603,華電,48,5,43,高橋,2023-03-28,5320
2208,台船,42,4,38,高橋,2023-03-28,5320
2371,大同,40,3,37,高橋,2023-03-28,5320
00772B,中信高評級公司債,38,2,36,高橋,2023-03-28,5320
2609,陽明,48,13,35,高橋,2023-03-28,5320
3272,東碩,42,8,34,高橋,2023-03-28,5320
3037,欣興,53,23,30,高橋,2023-03-28,5320
6152,百一,30,1,29,高橋,2023-03-28,5320
1584,精剛,35,7,28,高橋,2023-03-28,5320
6188,廣明,26,0,26,高橋,2023-03-28,5320
1609,大亞,29,3,26,高橋,2023-03-28,5320
2423,固緯,25,0,25,高橋,2023-03-28,5320
2634,漢翔,55,30,25,高橋,2023-03-28,5320
3035,智原,32,7,25,高橋,2023-03-28,5320
2303,聯電,34,11,23,高橋,2023-03-28,5320
00922,國泰台灣領袖50,22,0,22,高橋,2023-03-28,5320
2388,威盛,47,26,21,高橋,2023-03-28,5320
1605,華新,80,59,21,高橋,2023-03-28,5320
2399,映泰,20,0,20,高橋,2023-03-28,5320
2340,台亞,30,11,19,高橋,2023-03-28,5320
00882,中信中國高股息,18,0,18,高橋,2023-03-28,5320
2892,第一金,23,6,17,高橋,2023-03-28,5320
3046,建��,17,0,17,高橋,2023-03-28,5320
00712,復華富時不動產,17,0,17,高橋,2023-03-28,5320
4919,新唐,18,2,16,高橋,2023-03-28,5320
00905,FT臺灣Smart,16,0,16,高橋,2023-03-28,5320
3576,聯合再生,16,0,16,高橋,2023-03-28,5320
00878,國泰永續高股息,30,15,15,高橋,2023-03-28,5320
4167,松瑞藥,16,1,15,高橋,2023-03-28,5320
1521,大億,14,0,14,高橋,2023-03-28,5320
3047,訊舟,25,11,14,高橋,2023-03-28,5320
5450,南良,14,0,14,高橋,2023-03-28,5320
6770,力積電,16,2,14,高橋,2023-03-28,5320
00679B,元大美債20年,15,2,13,高橋,2023-03-28,5320
9904,寶成,13,0,13,高橋,2023-03-28,5320
6285,啟��,15,2,13,高橋,2023-03-28,5320
3362,先進光,13,1,12,高橋,2023-03-28,5320
5371,中光電,13,1,12,高橋,2023-03-28,5320
3005,神基,14,2,12,高橋,2023-03-28,5320
2606,裕民,17,5,12,高橋,2023-03-28,5320
2402,毅嘉,22,10,12,高橋,2023-03-28,5320
1342,八貫,27,15,12,高橋,2023-03-28,5320
6550,北極星藥業-KY,12,0,12,高橋,2023-03-28,5320
6168,宏齊,21,10,11,高橋,2023-03-28,5320
2615,萬海,13,2,11,高橋,2023-03-28,5320
3189,景碩,11,0,11,高橋,2023-03-28,5320
3673,TPK-KY,11,0,11,高橋,2023-03-28,5320
6143,振曜,240,3,237,高橋,2023-03-29,5320
3045,台灣大,68,0,68,高橋,2023-03-29,5320
6550,北極星藥業-KY,66,2,64,高橋,2023-03-29,5320
00753L,中信中國50正2,58,8,50,高橋,2023-03-29,5320
2609,陽明,59,24,35,高橋,2023-03-29,5320
2481,強茂,46,12,34,高橋,2023-03-29,5320
2449,京元電子,33,1,32,高橋,2023-03-29,5320
2890,永豐金,30,0,30,高橋,2023-03-29,5320
6116,彩晶,26,0,26,高橋,2023-03-29,5320
00632R,元大台灣50反1,25,0,25,高橋,2023-03-29,5320
00772B,中信高評級公司債,24,0,24,高橋,2023-03-29,5320
5243,乙盛-KY,37,16,21,高橋,2023-03-29,5320
2371,大同,23,3,20,高橋,2023-03-29,5320
2603,長榮,24,5,19,高橋,2023-03-29,5320
1513,中興電,24,5,19,高橋,2023-03-29,5320
3362,先進光,20,1,19,高橋,2023-03-29,5320
3607,谷崧,17,0,17,高橋,2023-03-29,5320
3706,神達,17,1,16,高橋,2023-03-29,5320
6829,千附精密,16,0,16,高橋,2023-03-29,5320
1762,中化生,17,2,15,高橋,2023-03-29,5320
00712,復華富時不動產,15,0,15,高橋,2023-03-29,5320
2615,萬海,14,0,14,高橋,2023-03-29,5320
6223,旺矽,13,0,13,高橋,2023-03-29,5320
1236,宏亞,12,0,12,高橋,2023-03-29,5320
1504,東元,33,22,11,高橋,2023-03-29,5320
2634,漢翔,22,11,11,高橋,2023-03-29,5320
00679B,元大美債20年,11,0,11,高橋,2023-03-29,5320
3105,穩懋,14,3,11,高橋,2023-03-29,5320
1752,南光,20,9,11,高橋,2023-03-29,5320
2408,南亞科,12,1,11,高橋,2023-03-29,5320
00922,國泰台灣領袖50,13,2,11,高橋,2023-03-29,5320
6147,頎邦,10,0,10,高橋,2023-03-29,5320
3576,聯合再生,10,0,10,高橋,2023-03-29,5320
6477,安集,10,0,10,高橋,2023-03-29,5320
1258,其祥-KY,10,0,10,高橋,2023-03-29,5320
5452,佶優,10,0,10,高橋,2023-03-29,5320
4927,泰鼎-KY,10,0,10,高橋,2023-03-29,5320
6781,AES-KY,10,0,10,高橋,2023-03-29,5320
8182,加高,10,0,10,高橋,2023-03-29,5320
3703,欣陸,9,0,9,高橋,2023-03-29,5320
2331,精英,11,2,9,高橋,2023-03-29,5320
6153,嘉聯益,10,1,9,高橋,2023-03-29,5320
3338,泰碩,15,7,8,高橋,2023-03-29,5320
1802,台玻,10,2,8,高橋,2023-03-29,5320
2845,遠東銀,8,0,8,高橋,2023-03-29,5320
2338,光罩,14,6,8,高橋,2023-03-29,5320
8201,無敵,8,0,8,高橋,2023-03-29,5320
6182,合晶,11,3,8,高橋,2023-03-29,5320
6446,藥華藥,9,1,8,高橋,2023-03-29,5320
8926,台汽電,8,1,7,高橋,2023-03-29,5320
00688L,國泰20年美債正2,107,0,107,高橋,2023-03-30,5320
2883,凱基金,61,0,61,高橋,2023-03-30,5320
3481,群創,57,1,56,高橋,2023-03-30,5320
2401,凌陽,55,0,55,高橋,2023-03-30,5320
00632R,元大台灣50反1,57,3,54,高橋,2023-03-30,5320
1605,華新,62,12,50,高橋,2023-03-30,5320
00715L,期街口布蘭特正2,48,0,48,高橋,2023-03-30,5320
1236,宏亞,33,0,33,高橋,2023-03-30,5320
1609,大亞,43,14,29,高橋,2023-03-30,5320
2498,宏達電,31,7,24,高橋,2023-03-30,5320
6134,萬旭,34,11,23,高橋,2023-03-30,5320
00882,中信中國高股息,23,0,23,高橋,2023-03-30,5320
2371,大同,23,1,22,高橋,2023-03-30,5320
1611,中電,22,0,22,高橋,2023-03-30,5320
2002,中鋼,22,0,22,高橋,2023-03-30,5320
3047,訊舟,27,6,21,高橋,2023-03-30,5320
2495,普安,26,5,21,高橋,2023-03-30,5320
3049,精金,20,0,20,高橋,2023-03-30,5320
1591,駿吉-KY,20,0,20,高橋,2023-03-30,5320
2610,華航,27,7,20,高橋,2023-03-30,5320
2342,茂矽,21,1,20,高橋,2023-03-30,5320
6148,驊宏資,20,1,19,高橋,2023-03-30,5320
1101,台泥,21,2,19,高橋,2023-03-30,5320
6244,茂迪,27,10,17,高橋,2023-03-30,5320
1524,耿鼎,25,8,17,高橋,2023-03-30,5320
2382,廣達,21,4,17,高橋,2023-03-30,5320
2105,正新,16,0,16,高橋,2023-03-30,5320
3035,智原,22,7,15,高橋,2023-03-30,5320
3312,弘憶股,16,1,15,高橋,2023-03-30,5320
8938,明安,19,4,15,高橋,2023-03-30,5320
2409,友達,15,1,14,高橋,2023-03-30,5320
00712,復華富時不動產,14,0,14,高橋,2023-03-30,5320
3447,展達,13,1,12,高橋,2023-03-30,5320
4739,康普,11,0,11,高橋,2023-03-30,5320
6116,彩晶,18,7,11,高橋,2023-03-30,5320
00725B,國泰投資級公司債,11,0,11,高橋,2023-03-30,5320
6415,矽力*-KY,11,0,11,高橋,2023-03-30,5320
6133,金橋,44,33,11,高橋,2023-03-30,5320
8111,立��,14,3,11,高橋,2023-03-30,5320
00633L,富邦上証正2,10,0,10,高橋,2023-03-30,5320
2014,中鴻,10,0,10,高橋,2023-03-30,5320
2426,鼎元,14,4,10,高橋,2023-03-30,5320
1434,福懋,10,0,10,高橋,2023-03-30,5320
5355,佳總,10,0,10,高橋,2023-03-30,5320
1529,樂事綠能,10,0,10,高橋,2023-03-30,5320
2889,國票金,11,1,10,高橋,2023-03-30,5320
4931,新盛力,10,1,9,高橋,2023-03-30,5320
8926,台汽電,11,2,9,高橋,2023-03-30,5320
1714,和桐,9,0,9,高橋,2023-03-30,5320
00679B,元大美債20年,9,0,9,高橋,2023-03-30,5320
00671R,富邦NASDAQ反1,225,0,225,高橋,2023-03-31,5320
00633L,富邦上証正2,120,3,117,高橋,2023-03-31,5320
00655L,國泰中國A50正2,120,5,115,高橋,2023-03-31,5320
2353,宏��,100,0,100,高橋,2023-03-31,5320
2834,臺企銀,122,39,83,高橋,2023-03-31,5320
6163,華電網,71,17,54,高橋,2023-03-31,5320
3058,立德,45,0,45,高橋,2023-03-31,5320
3013,晟銘電,35,0,35,高橋,2023-03-31,5320
3711,日月光投控,33,0,33,高橋,2023-03-31,5320
8069,元太,32,0,32,高橋,2023-03-31,5320
00687B,國泰20年美債,30,0,30,高橋,2023-03-31,5320
3481,群創,33,5,28,高橋,2023-03-31,5320
1609,大亞,29,3,26,高橋,2023-03-31,5320
4971,IET-KY,26,0,26,高橋,2023-03-31,5320
2609,陽明,45,24,21,高橋,2023-03-31,5320
8222,寶一,22,1,21,高橋,2023-03-31,5320
8277,商丞,20,0,20,高橋,2023-03-31,5320
9921,巨大,24,4,20,高橋,2023-03-31,5320
5309,系統電,23,6,17,高橋,2023-03-31,5320
2406,國碩,17,0,17,高橋,2023-03-31,5320
3312,弘憶股,16,0,16,高橋,2023-03-31,5320
2402,毅嘉,16,1,15,高橋,2023-03-31,5320
1584,精剛,15,0,15,高橋,2023-03-31,5320
3035,智原,28,14,14,高橋,2023-03-31,5320
4105,東洋,15,1,14,高橋,2023-03-31,5320
2006,東和鋼鐵,14,0,14,高橋,2023-03-31,5320
4128,中天,16,3,13,高橋,2023-03-31,5320
2419,仲琦,13,1,12,高橋,2023-03-31,5320
6770,力積電,18,6,12,高橋,2023-03-31,5320
4973,廣穎,12,0,12,高橋,2023-03-31,5320
6223,旺矽,11,0,11,高橋,2023-03-31,5320
3704,合勤控,11,0,11,高橋,2023-03-31,5320
6116,彩晶,11,0,11,高橋,2023-03-31,5320
2867,三商壽,16,5,11,高橋,2023-03-31,5320
3027,盛達,10,0,10,高橋,2023-03-31,5320
3419,譁裕,10,0,10,高橋,2023-03-31,5320
4207,環泰,10,0,10,高橋,2023-03-31,5320
2612,中航,10,0,10,高橋,2023-03-31,5320
2027,大成鋼,10,0,10,高橋,2023-03-31,5320
3029,零壹,11,1,10,高橋,2023-03-31,5320
6109,亞元,10,0,10,高橋,2023-03-31,5320
8050,廣積,11,2,9,高橋,2023-03-31,5320
4979,華星光,17,8,9,高橋,2023-03-31,5320
3189,景碩,10,1,9,高橋,2023-03-31,5320
00900,富邦特選高股息30,10,2,8,高橋,2023-03-31,5320
3236,千如,8,0,8,高橋,2023-03-31,5320
2429,銘旺科,9,1,8,高橋,2023-03-31,5320
3673,TPK-KY,8,0,8,高橋,2023-03-31,5320
8110,華東,12,4,8,高橋,2023-03-31,5320
9928,中視,7,0,7,高橋,2023-03-31,5320
00669R,國泰美國道瓊反1,107,0,107,高橋,2023-04-06,5320
3481,群創,118,12,106,高橋,2023-04-06,5320
00673R,期元大S＆P原油反1,72,1,71,高橋,2023-04-06,5320
00882,中信中國高股息,57,0,57,高橋,2023-04-06,5320
2344,華邦電,53,2,51,高橋,2023-04-06,5320
3673,TPK-KY,51,1,50,高橋,2023-04-06,5320
00712,復華富時不動產,48,0,48,高橋,2023-04-06,5320
1810,和成,42,2,40,高橋,2023-04-06,5320
00637L,元大滬深300正2,39,0,39,高橋,2023-04-06,5320
8069,元太,29,1,28,高橋,2023-04-06,5320
8086,宏捷科,29,2,27,高橋,2023-04-06,5320
00922,國泰台灣領袖50,20,0,20,高橋,2023-04-06,5320
1102,亞泥,20,0,20,高橋,2023-04-06,5320
00893,國泰智能電動車,23,7,16,高橋,2023-04-06,5320
2454,聯發科,15,0,15,高橋,2023-04-06,5320
3447,展達,16,1,15,高橋,2023-04-06,5320
2495,普安,42,27,15,高橋,2023-04-06,5320
3207,耀勝,19,4,15,高橋,2023-04-06,5320
6782,視陽,15,0,15,高橋,2023-04-06,5320
3037,欣興,21,6,15,高橋,2023-04-06,5320
6134,萬旭,13,0,13,高橋,2023-04-06,5320
6843,進典,11,0,11,高橋,2023-04-06,5320
4142,國光生,10,0,10,高橋,2023-04-06,5320
2630,亞航,10,0,10,高橋,2023-04-06,5320
4207,環泰,10,0,10,高橋,2023-04-06,5320
3540,曜越,10,0,10,高橋,2023-04-06,5320
3312,弘憶股,10,0,10,高橋,2023-04-06,5320
2482,連宇,19,9,10,高橋,2023-04-06,5320
9105,泰金寶-DR,10,0,10,高橋,2023-04-06,5320
6733,博晟生醫,10,0,10,高橋,2023-04-06,5320
6109,亞元,10,0,10,高橋,2023-04-06,5320
3490,單井,9,0,9,高橋,2023-04-06,5320
6163,華電網,9,0,9,高橋,2023-04-06,5320
3221,台嘉碩,10,1,9,高橋,2023-04-06,5320
6026,福邦證,10,1,9,高橋,2023-04-06,5320
6244,茂迪,15,6,9,高橋,2023-04-06,5320
2603,長榮,9,1,8,高橋,2023-04-06,5320
2606,裕民,20,12,8,高橋,2023-04-06,5320
5475,德宏,10,2,8,高橋,2023-04-06,5320
1568,倉佑,8,0,8,高橋,2023-04-06,5320
4967,十銓,12,4,8,高橋,2023-04-06,5320
6282,康舒,9,1,8,高橋,2023-04-06,5320
6548,長科*,18,10,8,高橋,2023-04-06,5320
6770,力積電,11,3,8,高橋,2023-04-06,5320
3289,宜特,7,0,7,高橋,2023-04-06,5320
9904,寶成,7,0,7,高橋,2023-04-06,5320
1513,中興電,9,2,7,高橋,2023-04-06,5320
2425,承啟,7,0,7,高橋,2023-04-06,5320
2368,金像電,9,2,7,高橋,2023-04-06,5320
6205,詮欣,6,0,6,高橋,2023-04-06,5320
00637L,元大滬深300正2,218,21,197,高橋,2023-04-07,5320
00673R,期元大S＆P原油反1,118,0,118,高橋,2023-04-07,5320
2208,台船,97,6,91,高橋,2023-04-07,5320
6234,高僑,85,0,85,高橋,2023-04-07,5320
6770,力積電,66,3,63,高橋,2023-04-07,5320
2002,中鋼,36,0,36,高橋,2023-04-07,5320
1609,大亞,49,14,35,高橋,2023-04-07,5320
3029,零壹,30,0,30,高橋,2023-04-07,5320
3617,碩天,29,0,29,高橋,2023-04-07,5320
1605,華新,30,3,27,高橋,2023-04-07,5320
8069,元太,29,3,26,高橋,2023-04-07,5320
00712,復華富時不動產,25,1,24,高橋,2023-04-07,5320
4934,太極,21,0,21,高橋,2023-04-07,5320
2885,元大金,21,1,20,高橋,2023-04-07,5320
9962,有益,20,1,19,高橋,2023-04-07,5320
2495,普安,31,12,19,高橋,2023-04-07,5320
2388,威盛,26,8,18,高橋,2023-04-07,5320
3162,精確,18,1,17,高橋,2023-04-07,5320
2615,萬海,23,6,17,高橋,2023-04-07,5320
2406,國碩,16,0,16,高橋,2023-04-07,5320
2610,華航,17,1,16,高橋,2023-04-07,5320
2484,希華,17,2,15,高橋,2023-04-07,5320
8201,無敵,20,5,15,高橋,2023-04-07,5320
3025,星通,22,8,14,高橋,2023-04-07,5320
00882,中信中國高股息,13,0,13,高橋,2023-04-07,5320
2834,臺企銀,14,1,13,高橋,2023-04-07,5320
1301,台塑,13,1,12,高橋,2023-04-07,5320
3207,耀勝,12,0,12,高橋,2023-04-07,5320
5465,富驊,13,1,12,高橋,2023-04-07,5320
3706,神達,11,0,11,高橋,2023-04-07,5320
2031,新光鋼,11,0,11,高橋,2023-04-07,5320
1785,光洋科,13,2,11,高橋,2023-04-07,5320
2356,英業達,11,0,11,高橋,2023-04-07,5320
8183,精星,11,0,11,高橋,2023-04-07,5320
5009,榮剛,12,1,11,高橋,2023-04-07,5320
2376,技嘉,11,1,10,高橋,2023-04-07,5320
3056,富華新,11,1,10,高橋,2023-04-07,5320
3520,華盈,12,2,10,高橋,2023-04-07,5320
2368,金像電,16,6,10,高橋,2023-04-07,5320
00897,富邦基因免疫生技,10,0,10,高橋,2023-04-07,5320
1909,榮成,10,0,10,高橋,2023-04-07,5320
6226,光鼎,10,0,10,高橋,2023-04-07,5320
2915,潤泰全,9,0,9,高橋,2023-04-07,5320
6235,華孚,22,13,9,高橋,2023-04-07,5320
2342,茂矽,11,3,8,高橋,2023-04-07,5320
3236,千如,10,2,8,高橋,2023-04-07,5320
2453,凌群,16,8,8,高橋,2023-04-07,5320
3231,緯創,10,2,8,高橋,2023-04-07,5320
0056,元大高股息,13,5,8,高橋,2023-04-07,5320
2423,固緯,8,0,8,高橋,2023-04-07,5320
2634,漢翔,181,61,120,高橋,2023-04-10,5320
3522,御嵿,60,0,60,高橋,2023-04-10,5320
1609,大亞,66,9,57,高橋,2023-04-10,5320
2353,宏��,54,0,54,高橋,2023-04-10,5320
2610,華航,53,2,51,高橋,2023-04-10,5320
2408,南亞科,51,3,48,高橋,2023-04-10,5320
5347,世界,46,0,46,高橋,2023-04-10,5320
00888,永豐台灣ESG,41,0,41,高橋,2023-04-10,5320
6161,捷波,40,0,40,高橋,2023-04-10,5320
5351,鈺創,38,1,37,高橋,2023-04-10,5320
1524,耿鼎,35,1,34,高橋,2023-04-10,5320
00751B,元大AAA至A公司債,33,0,33,高橋,2023-04-10,5320
2883,凱基金,37,4,33,高橋,2023-04-10,5320
2609,陽明,43,13,30,高橋,2023-04-10,5320
2444,兆勁,30,0,30,高橋,2023-04-10,5320
00673R,期元大S＆P原油反1,30,0,30,高橋,2023-04-10,5320
00713,元大台灣高息低波,25,0,25,高橋,2023-04-10,5320
3624,光頡,27,3,24,高橋,2023-04-10,5320
2851,中再保,22,1,21,高橋,2023-04-10,5320
4908,前鼎,23,2,21,高橋,2023-04-10,5320
1504,東元,30,9,21,高橋,2023-04-10,5320
1314,中石化,20,0,20,高橋,2023-04-10,5320
6115,鎰勝,20,0,20,高橋,2023-04-10,5320
2344,華邦電,54,35,19,高橋,2023-04-10,5320
3711,日月光投控,19,1,18,高橋,2023-04-10,5320
2359,所羅門,20,2,18,高橋,2023-04-10,5320
5301,寶得利,18,0,18,高橋,2023-04-10,5320
3312,弘憶股,16,0,16,高橋,2023-04-10,5320
1319,東陽,16,0,16,高橋,2023-04-10,5320
0056,元大高股息,21,5,16,高橋,2023-04-10,5320
4528,江興鍛,15,0,15,高橋,2023-04-10,5320
3025,星通,21,6,15,高橋,2023-04-10,5320
2002,中鋼,15,0,15,高橋,2023-04-10,5320
1519,華城,31,16,15,高橋,2023-04-10,5320
2314,台揚,15,1,14,高橋,2023-04-10,5320
1731,美吾華,15,1,14,高橋,2023-04-10,5320
6133,金橋,14,0,14,高橋,2023-04-10,5320
00712,復華富時不動產,14,0,14,高橋,2023-04-10,5320
2303,聯電,22,9,13,高橋,2023-04-10,5320
1215,卜蜂,13,0,13,高橋,2023-04-10,5320
6120,達運,14,1,13,高橋,2023-04-10,5320
8277,商丞,15,2,13,高橋,2023-04-10,5320
3443,創意,13,1,12,高橋,2023-04-10,5320
00878,國泰永續高股息,28,17,11,高橋,2023-04-10,5320
2402,毅嘉,21,10,11,高橋,2023-04-10,5320
2317,鴻海,11,0,11,高橋,2023-04-10,5320
3664,安瑞-KY,11,0,11,高橋,2023-04-10,5320
6155,鈞寶,11,0,11,高橋,2023-04-10,5320
6288,聯嘉,16,5,11,高橋,2023-04-10,5320
2482,連宇,15,5,10,高橋,2023-04-10,5320
00669R,國泰美國道瓊反1,200,0,200,高橋,2023-04-11,5320
6770,力積電,191,12,179,高橋,2023-04-11,5320
00687B,國泰20年美債,68,0,68,高橋,2023-04-11,5320
3522,御嵿,60,0,60,高橋,2023-04-11,5320
3013,晟銘電,58,1,57,高橋,2023-04-11,5320
1618,合機,55,3,52,高橋,2023-04-11,5320
2208,台船,108,64,44,高橋,2023-04-11,5320
00712,復華富時不動產,41,0,41,高橋,2023-04-11,5320
00637L,元大滬深300正2,41,5,36,高橋,2023-04-11,5320
8033,雷虎,37,2,35,高橋,2023-04-11,5320
00679B,元大美債20年,32,0,32,高橋,2023-04-11,5320
3027,盛達,40,8,32,高橋,2023-04-11,5320
4754,國碳科,29,0,29,高橋,2023-04-11,5320
2634,漢翔,64,37,27,高橋,2023-04-11,5320
3231,緯創,27,2,25,高橋,2023-04-11,5320
1605,華新,33,8,25,高橋,2023-04-11,5320
8112,至上,22,0,22,高橋,2023-04-11,5320
2915,潤泰全,22,0,22,高橋,2023-04-11,5320
2002,中鋼,32,11,21,高橋,2023-04-11,5320
2303,聯電,37,16,21,高橋,2023-04-11,5320
2349,錸德,20,0,20,高橋,2023-04-11,5320
00888,永豐台灣ESG,20,0,20,高橋,2023-04-11,5320
2851,中再保,20,0,20,高橋,2023-04-11,5320
6547,高端疫苗,21,1,20,高橋,2023-04-11,5320
2027,大成鋼,18,0,18,高橋,2023-04-11,5320
2388,威盛,32,15,17,高橋,2023-04-11,5320
3047,訊舟,18,1,17,高橋,2023-04-11,5320
2330,台積電,33,18,15,高橋,2023-04-11,5320
2375,凱美,14,0,14,高橋,2023-04-11,5320
1784,訊聯,14,0,14,高橋,2023-04-11,5320
4915,致伸,15,1,14,高橋,2023-04-11,5320
6245,立端,14,0,14,高橋,2023-04-11,5320
3032,偉訓,19,5,14,高橋,2023-04-11,5320
6533,晶心科,15,2,13,高橋,2023-04-11,5320
1504,東元,69,56,13,高橋,2023-04-11,5320
4541,晟田,13,1,12,高橋,2023-04-11,5320
2406,國碩,12,0,12,高橋,2023-04-11,5320
6443,元晶,12,0,12,高橋,2023-04-11,5320
2498,宏達電,15,3,12,高橋,2023-04-11,5320
2337,旺宏,12,1,11,高橋,2023-04-11,5320
2867,三商壽,24,13,11,高橋,2023-04-11,5320
1712,興農,11,0,11,高橋,2023-04-11,5320
4923,力士,11,0,11,高橋,2023-04-11,5320
3176,基亞,10,0,10,高橋,2023-04-11,5320
2365,昆盈,10,0,10,高橋,2023-04-11,5320
4952,凌通,10,0,10,高橋,2023-04-11,5320
5016,松和,10,0,10,高橋,2023-04-11,5320
1611,中電,10,0,10,高橋,2023-04-11,5320
3312,弘憶股,10,0,10,高橋,2023-04-11,5320
6179,亞通,11,1,10,高橋,2023-04-11,5320
00673R,期元大S＆P原油反1,170,0,170,高橋,2023-04-12,5320
2208,台船,166,38,128,高橋,2023-04-12,5320
2610,華航,124,10,114,高橋,2023-04-12,5320
2371,大同,100,0,100,高橋,2023-04-12,5320
3522,御嵿,60,0,60,高橋,2023-04-12,5320
2408,南亞科,74,15,59,高橋,2023-04-12,5320
9962,有益,42,0,42,高橋,2023-04-12,5320
2812,台中銀,52,10,42,高橋,2023-04-12,5320
00637L,元大滬深300正2,39,0,39,高橋,2023-04-12,5320
2705,六福,33,0,33,高橋,2023-04-12,5320
6127,九豪,30,0,30,高橋,2023-04-12,5320
6142,友勁,30,0,30,高橋,2023-04-12,5320
5880,合庫金,30,0,30,高橋,2023-04-12,5320
2317,鴻海,38,11,27,高橋,2023-04-12,5320
3176,基亞,26,0,26,高橋,2023-04-12,5320
8112,至上,27,2,25,高橋,2023-04-12,5320
2481,強茂,23,2,21,高橋,2023-04-12,5320
0056,元大高股息,33,12,21,高橋,2023-04-12,5320
2886,兆豐金,25,5,20,高橋,2023-04-12,5320
1710,東聯,20,0,20,高橋,2023-04-12,5320
2548,華固,20,0,20,高橋,2023-04-12,5320
1752,南光,24,5,19,高橋,2023-04-12,5320
00888,永豐台灣ESG,19,0,19,高橋,2023-04-12,5320
3576,聯合再生,20,1,19,高橋,2023-04-12,5320
2419,仲琦,18,0,18,高橋,2023-04-12,5320
2455,全新,22,4,18,高橋,2023-04-12,5320
00712,復華富時不動產,18,0,18,高橋,2023-04-12,5320
4967,十銓,31,13,18,高橋,2023-04-12,5320
2105,正新,16,0,16,高橋,2023-04-12,5320
6182,合晶,18,2,16,高橋,2023-04-12,5320
4754,國碳科,16,0,16,高橋,2023-04-12,5320
1570,力肯,15,0,15,高橋,2023-04-12,5320
00650L,復華香港正2,18,4,14,高橋,2023-04-12,5320
1618,合機,26,12,14,高橋,2023-04-12,5320
5388,中磊,16,2,14,高橋,2023-04-12,5320
3209,全科,20,6,14,高橋,2023-04-12,5320
6235,華孚,27,13,14,高橋,2023-04-12,5320
00632R,元大台灣50反1,33,20,13,高橋,2023-04-12,5320
2881,富邦金,12,0,12,高橋,2023-04-12,5320
0050,元大台灣50,12,0,12,高橋,2023-04-12,5320
6160,欣技,12,0,12,高橋,2023-04-12,5320
6152,百一,12,0,12,高橋,2023-04-12,5320
3035,智原,14,3,11,高橋,2023-04-12,5320
6248,沛波,11,0,11,高橋,2023-04-12,5320
00720B,元大投資級公司債,11,0,11,高橋,2023-04-12,5320
5314,世紀,11,0,11,高橋,2023-04-12,5320
6609,瀧澤科,11,0,11,高橋,2023-04-12,5320
3715,定穎投控,22,11,11,高橋,2023-04-12,5320
3693,營邦,13,2,11,高橋,2023-04-12,5320
3293,鈊象,11,1,10,高橋,2023-04-12,5320
2867,三商壽,635,5,630,高橋,2023-04-13,5320
2515,中工,162,78,84,高橋,2023-04-13,5320
1584,精剛,111,42,69,高橋,2023-04-13,5320
1605,華新,89,24,65,高橋,2023-04-13,5320
2834,臺企銀,77,14,63,高橋,2023-04-13,5320
2388,威盛,69,7,62,高橋,2023-04-13,5320
00712,復華富時不動產,56,0,56,高橋,2023-04-13,5320
2344,華邦電,61,7,54,高橋,2023-04-13,5320
8054,安國,46,0,46,高橋,2023-04-13,5320
1101,台泥,49,4,45,高橋,2023-04-13,5320
3711,日月光投控,46,2,44,高橋,2023-04-13,5320
2812,台中銀,41,0,41,高橋,2023-04-13,5320
6163,華電網,40,9,31,高橋,2023-04-13,5320
1314,中石化,42,11,31,高橋,2023-04-13,5320
2633,台灣高鐵,35,5,30,高橋,2023-04-13,5320
2495,普安,50,20,30,高橋,2023-04-13,5320
6148,驊宏資,30,0,30,高橋,2023-04-13,5320
2423,固緯,28,0,28,高橋,2023-04-13,5320
2303,聯電,28,2,26,高橋,2023-04-13,5320
6142,友勁,25,0,25,高橋,2023-04-13,5320
5009,榮剛,49,24,25,高橋,2023-04-13,5320
1513,中興電,38,13,25,高橋,2023-04-13,5320
4108,懷特,24,0,24,高橋,2023-04-13,5320
6282,康舒,24,1,23,高橋,2023-04-13,5320
0056,元大高股息,23,1,22,高橋,2023-04-13,5320
8105,凌巨,21,0,21,高橋,2023-04-13,5320
3078,僑威,22,1,21,高橋,2023-04-13,5320
3682,亞太電,20,0,20,高橋,2023-04-13,5320
00922,國泰台灣領袖50,20,0,20,高橋,2023-04-13,5320
3189,景碩,20,0,20,高橋,2023-04-13,5320
6133,金橋,21,1,20,高橋,2023-04-13,5320
2481,強茂,20,0,20,高橋,2023-04-13,5320
00679B,元大美債20年,18,0,18,高橋,2023-04-13,5320
6125,廣運,18,1,17,高橋,2023-04-13,5320
2206,三陽工業,17,1,16,高橋,2023-04-13,5320
4754,國碳科,16,0,16,高橋,2023-04-13,5320
6134,萬旭,16,0,16,高橋,2023-04-13,5320
3576,聯合再生,89,73,16,高橋,2023-04-13,5320
2460,建通,15,0,15,高橋,2023-04-13,5320
1718,中纖,15,0,15,高橋,2023-04-13,5320
00715L,期街口布蘭特正2,15,0,15,高橋,2023-04-13,5320
2338,光罩,14,0,14,高橋,2023-04-13,5320
2376,技嘉,16,2,14,高橋,2023-04-13,5320
6122,擎邦,15,1,14,高橋,2023-04-13,5320
2330,台積電,19,6,13,高橋,2023-04-13,5320
2457,飛宏,22,8,14,高橋,2023-04-13,5320
3035,智原,14,1,13,高橋,2023-04-13,5320
6234,高僑,21,8,13,高橋,2023-04-13,5320
2022,聚亨,13,0,13,高橋,2023-04-13,5320
1519,華城,23,11,12,高橋,2023-04-13,5320
6770,力積電,173,0,173,高橋,2023-04-14,5320
2208,台船,199,48,151,高橋,2023-04-14,5320
6167,久正,136,9,127,高橋,2023-04-14,5320
4541,晟田,112,10,102,高橋,2023-04-14,5320
3673,TPK-KY,101,3,98,高橋,2023-04-14,5320
2634,漢翔,167,75,92,高橋,2023-04-14,5320
2303,聯電,99,11,88,高橋,2023-04-14,5320
3576,聯合再生,73,0,73,高橋,2023-04-14,5320
2515,中工,75,13,62,高橋,2023-04-14,5320
00712,復華富時不動產,61,1,60,高橋,2023-04-14,5320
00720B,元大投資級公司債,57,0,57,高橋,2023-04-14,5320
00673R,期元大S＆P原油反1,48,0,48,高橋,2023-04-14,5320
00632R,元大台灣50反1,61,16,45,高橋,2023-04-14,5320
3481,群創,91,47,44,高橋,2023-04-14,5320
6182,合晶,44,1,43,高橋,2023-04-14,5320
1529,樂事綠能,59,19,40,高橋,2023-04-14,5320
1524,耿鼎,58,20,38,高橋,2023-04-14,5320
2449,京元電子,34,0,34,高橋,2023-04-14,5320
00669R,國泰美國道瓊反1,32,0,32,高橋,2023-04-14,5320
2427,三商電,30,0,30,高橋,2023-04-14,5320
2855,統一證,30,0,30,高橋,2023-04-14,5320
00679B,元大美債20年,30,0,30,高橋,2023-04-14,5320
6443,元晶,34,5,29,高橋,2023-04-14,5320
00751B,元大AAA至A公司債,28,0,28,高橋,2023-04-14,5320
1609,大亞,40,12,28,高橋,2023-04-14,5320
2323,中環,30,2,28,高橋,2023-04-14,5320
6176,瑞儀,31,5,26,高橋,2023-04-14,5320
5353,台林,28,2,26,高橋,2023-04-14,5320
6161,捷波,26,0,26,高橋,2023-04-14,5320
2402,毅嘉,38,13,25,高橋,2023-04-14,5320
00885,富邦越南,25,0,25,高橋,2023-04-14,5320
1471,首利,24,0,24,高橋,2023-04-14,5320
2484,希華,25,2,23,高橋,2023-04-14,5320
2382,廣達,23,1,22,高橋,2023-04-14,5320
00878,國泰永續高股息,37,15,22,高橋,2023-04-14,5320
8114,振樺電,22,0,22,高橋,2023-04-14,5320
3071,協禧,22,0,22,高橋,2023-04-14,5320
00687B,國泰20年美債,22,0,22,高橋,2023-04-14,5320
5465,富驊,21,0,21,高橋,2023-04-14,5320
4915,致伸,21,0,21,高橋,2023-04-14,5320
6109,亞元,20,0,20,高橋,2023-04-14,5320
8110,華東,21,2,19,高橋,2023-04-14,5320
5488,松普,20,1,19,高橋,2023-04-14,5320
2002,中鋼,22,3,19,高橋,2023-04-14,5320
2324,仁寶,26,9,17,高橋,2023-04-14,5320
1519,華城,20,3,17,高橋,2023-04-14,5320
2313,華通,17,0,17,高橋,2023-04-14,5320
3522,御嵿,16,0,16,高橋,2023-04-14,5320
8222,寶一,38,22,16,高橋,2023-04-14,5320
3038,全台,15,0,15,高橋,2023-04-14,5320
1108,幸福,205,0,205,高橋,2023-04-17,5320
2312,金寶,210,7,203,高橋,2023-04-17,5320
2634,漢翔,241,122,119,高橋,2023-04-17,5320
2314,台揚,113,7,106,高橋,2023-04-17,5320
2208,台船,262,168,94,高橋,2023-04-17,5320
6167,久正,239,148,91,高橋,2023-04-17,5320
2002,中鋼,85,10,75,高橋,2023-04-17,5320
00679B,元大美債20年,68,0,68,高橋,2023-04-17,5320
00712,復華富時不動產,65,0,65,高橋,2023-04-17,5320
00751B,元大AAA至A公司債,63,0,63,高橋,2023-04-17,5320
1514,亞力,73,14,59,高橋,2023-04-17,5320
2884,玉山金,59,2,57,高橋,2023-04-17,5320
2329,華泰,53,10,43,高橋,2023-04-17,5320
3071,協禧,42,0,42,高橋,2023-04-17,5320
2610,華航,58,17,41,高橋,2023-04-17,5320
1609,大亞,43,2,41,高橋,2023-04-17,5320
1605,華新,112,71,41,高橋,2023-04-17,5320
2515,中工,53,21,32,高橋,2023-04-17,5320
5880,合庫金,31,0,31,高橋,2023-04-17,5320
8176,智捷,35,5,30,高橋,2023-04-17,5320
4961,天鈺,30,0,30,高橋,2023-04-17,5320
6733,博晟生醫,30,1,29,高橋,2023-04-17,5320
3032,偉訓,28,2,26,高橋,2023-04-17,5320
2867,三商壽,24,0,24,高橋,2023-04-17,5320
3673,TPK-KY,25,1,24,高橋,2023-04-17,5320
0056,元大高股息,28,4,24,高橋,2023-04-17,5320
00772B,中信高評級公司債,22,0,22,高橋,2023-04-17,5320
3499,環天科,27,5,22,高橋,2023-04-17,5320
00715L,期街口布蘭特正2,21,0,21,高橋,2023-04-17,5320
2905,三商,20,0,20,高橋,2023-04-17,5320
3646,艾恩特,20,0,20,高橋,2023-04-17,5320
6547,高端疫苗,30,13,17,高橋,2023-04-17,5320
3207,耀勝,26,9,17,高橋,2023-04-17,5320
6140,訊達,17,0,17,高橋,2023-04-17,5320
2492,華新科,16,0,16,高橋,2023-04-17,5320
4510,高鋒,16,0,16,高橋,2023-04-17,5320
1513,中興電,35,19,16,高橋,2023-04-17,5320
2359,所羅門,21,6,15,高橋,2023-04-17,5320
8069,元太,16,1,15,高橋,2023-04-17,5320
3576,聯合再生,21,7,14,高橋,2023-04-17,5320
2449,京元電子,15,1,14,高橋,2023-04-17,5320
1783,和康生,15,1,14,高橋,2023-04-17,5320
3024,憶聲,14,0,14,高橋,2023-04-17,5320
00720B,元大投資級公司債,13,0,13,高橋,2023-04-17,5320
6285,啟��,20,7,13,高橋,2023-04-17,5320
3049,精金,13,0,13,高橋,2023-04-17,5320
4754,國碳科,13,0,13,高橋,2023-04-17,5320
2388,威盛,14,1,13,高橋,2023-04-17,5320
3522,御嵿,13,0,13,高橋,2023-04-17,5320
3322,建舜電,13,0,13,高橋,2023-04-17,5320
00632R,元大台灣50反1,238,11,227,高橋,2023-04-18,5320
1337,再生-KY,150,0,150,高橋,2023-04-18,5320
2208,台船,194,49,145,高橋,2023-04-18,5320
3481,群創,139,16,123,高橋,2023-04-18,5320
00720B,元大投資級公司債,93,0,93,高橋,2023-04-18,5320
6142,友勁,69,1,68,高橋,2023-04-18,5320
1609,大亞,80,14,66,高橋,2023-04-18,5320
2610,華航,71,7,64,高橋,2023-04-18,5320
1584,精剛,80,16,64,高橋,2023-04-18,5320
2515,中工,56,2,54,高橋,2023-04-18,5320
6164,華興,50,0,50,高橋,2023-04-18,5320
1444,力麗,57,14,43,高橋,2023-04-18,5320
6244,茂迪,88,47,41,高橋,2023-04-18,5320
2002,中鋼,46,5,41,高橋,2023-04-18,5320
2457,飛宏,70,30,40,高橋,2023-04-18,5320
2867,三商壽,40,1,39,高橋,2023-04-18,5320
8033,雷虎,100,63,37,高橋,2023-04-18,5320
2388,威盛,40,3,37,高橋,2023-04-18,5320
00679B,元大美債20年,37,0,37,高橋,2023-04-18,5320
00772B,中信高評級公司債,34,0,34,高橋,2023-04-18,5320
00680L,元大美債20正2,34,0,34,高橋,2023-04-18,5320
2609,陽明,52,19,33,高橋,2023-04-18,5320
2427,三商電,32,0,32,高橋,2023-04-18,5320
1529,樂事綠能,51,20,31,高橋,2023-04-18,5320
6160,欣技,47,17,30,高橋,2023-04-18,5320
00907,永豐優息存股,30,0,30,高橋,2023-04-18,5320
8105,凌巨,40,11,29,高橋,2023-04-18,5320
6148,驊宏資,36,8,28,高橋,2023-04-18,5320
1611,中電,30,5,25,高橋,2023-04-18,5320
5009,榮剛,41,17,24,高橋,2023-04-18,5320
2634,漢翔,125,102,23,高橋,2023-04-18,5320
2317,鴻海,32,9,23,高橋,2023-04-18,5320
2852,第一保,23,0,23,高橋,2023-04-18,5320
00885,富邦越南,21,0,21,高橋,2023-04-18,5320
00712,復華富時不動產,21,1,20,高橋,2023-04-18,5320
3037,欣興,35,15,20,高橋,2023-04-18,5320
8110,華東,20,0,20,高橋,2023-04-18,5320
2851,中再保,20,0,20,高橋,2023-04-18,5320
3013,晟銘電,29,9,20,高橋,2023-04-18,5320
00878,國泰永續高股息,27,8,19,高橋,2023-04-18,5320
2618,長榮航,29,10,19,高橋,2023-04-18,5320
2338,光罩,19,0,19,高橋,2023-04-18,5320
2329,華泰,18,0,18,高橋,2023-04-18,5320
6290,良維,17,0,17,高橋,2023-04-18,5320
1447,力鵬,18,1,17,高橋,2023-04-18,5320
2603,長榮,29,13,16,高橋,2023-04-18,5320
2705,六福,20,4,16,高橋,2023-04-18,5320
2453,凌群,26,10,16,高橋,2023-04-18,5320
8054,安國,16,0,16,高橋,2023-04-18,5320
3029,零壹,17,2,15,高橋,2023-04-18,5320
3481,群創,257,111,146,高橋,2023-04-19,5320
1714,和桐,100,0,100,高橋,2023-04-19,5320
1316,上曜,100,10,90,高橋,2023-04-19,5320
2303,聯電,82,2,80,高橋,2023-04-19,5320
2634,漢翔,90,25,65,高橋,2023-04-19,5320
3685,元創精密,62,0,62,高橋,2023-04-19,5320
1810,和成,121,62,59,高橋,2023-04-19,5320
2610,華航,65,12,53,高橋,2023-04-19,5320
6770,力積電,90,40,50,高橋,2023-04-19,5320
2515,中工,58,8,50,高橋,2023-04-19,5320
00674R,期元大S＆P黃金反1,50,0,50,高橋,2023-04-19,5320
1337,再生-KY,50,0,50,高橋,2023-04-19,5320
2495,普安,121,76,45,高橋,2023-04-19,5320
00720B,元大投資級公司債,40,0,40,高橋,2023-04-19,5320
4510,高鋒,34,0,34,高橋,2023-04-19,5320
6443,元晶,66,35,31,高橋,2023-04-19,5320
2330,台積電,31,0,31,高橋,2023-04-19,5320
6202,盛群,29,1,28,高橋,2023-04-19,5320
2313,華通,29,3,26,高橋,2023-04-19,5320
3094,聯傑,32,8,24,高橋,2023-04-19,5320
2002,中鋼,28,5,23,高橋,2023-04-19,5320
1522,堤維西,24,2,22,高橋,2023-04-19,5320
2201,裕隆,40,18,22,高橋,2023-04-19,5320
2329,華泰,21,0,21,高橋,2023-04-19,5320
1721,三晃,20,0,20,高橋,2023-04-19,5320
1453,大將,20,0,20,高橋,2023-04-19,5320
00907,永豐優息存股,20,0,20,高橋,2023-04-19,5320
1519,華城,49,29,20,高橋,2023-04-19,5320
8176,智捷,20,1,19,高橋,2023-04-19,5320
00888,永豐台灣ESG,19,0,19,高橋,2023-04-19,5320
2498,宏達電,29,10,19,高橋,2023-04-19,5320
8054,安國,18,0,18,高橋,2023-04-19,5320
6220,岳豐,18,0,18,高橋,2023-04-19,5320
8222,寶一,43,26,17,高橋,2023-04-19,5320
5211,蒙恬,20,3,17,高橋,2023-04-19,5320
00712,復華富時不動產,17,0,17,高橋,2023-04-19,5320
3532,台勝科,20,3,17,高橋,2023-04-19,5320
2409,友達,25,8,17,高橋,2023-04-19,5320
6840,東研信超,16,0,16,高橋,2023-04-19,5320
2030,彰源,16,0,16,高橋,2023-04-19,5320
3588,通嘉,18,3,15,高橋,2023-04-19,5320
1799,易威,15,0,15,高橋,2023-04-19,5320
8478,東哥遊艇,15,0,15,高橋,2023-04-19,5320
3189,景碩,23,8,15,高橋,2023-04-19,5320
3037,欣興,27,13,14,高橋,2023-04-19,5320
6274,台燿,13,0,13,高橋,2023-04-19,5320
8374,羅昇,13,0,13,高橋,2023-04-19,5320
8210,勤誠,12,0,12,高橋,2023-04-19,5320
6209,今國光,18,6,12,高橋,2023-04-19,5320
5512,力麒,12,0,12,高橋,2023-04-19,5320
00671R,富邦NASDAQ反1,220,0,220,高橋,2023-04-20,5320
2812,台中銀,122,0,122,高橋,2023-04-20,5320
3576,聯合再生,102,11,91,高橋,2023-04-20,5320
5243,乙盛-KY,105,16,89,高橋,2023-04-20,5320
6244,茂迪,130,47,83,高橋,2023-04-20,5320
00720B,元大投資級公司債,64,0,64,高橋,2023-04-20,5320
3118,進階,56,0,56,高橋,2023-04-20,5320
3071,協禧,41,1,40,高橋,2023-04-20,5320
6125,廣運,41,2,39,高橋,2023-04-20,5320
2618,長榮航,41,4,37,高橋,2023-04-20,5320
4114,健喬,47,11,36,高橋,2023-04-20,5320
6288,聯嘉,42,10,32,高橋,2023-04-20,5320
2732,六角,33,2,31,高橋,2023-04-20,5320
8033,雷虎,70,42,28,高橋,2023-04-20,5320
1701,中化,27,0,27,高橋,2023-04-20,5320
2303,聯電,38,12,26,高橋,2023-04-20,5320
2338,光罩,36,11,25,高橋,2023-04-20,5320
2457,飛宏,30,8,22,高橋,2023-04-20,5320
00888,永豐台灣ESG,22,0,22,高橋,2023-04-20,5320
2634,漢翔,52,31,21,高橋,2023-04-20,5320
1609,大亞,23,3,20,高橋,2023-04-20,5320
2453,凌群,37,17,20,高橋,2023-04-20,5320
6218,豪勉,23,3,20,高橋,2023-04-20,5320
6219,富旺,20,0,20,高橋,2023-04-20,5320
3231,緯創,27,8,19,高橋,2023-04-20,5320
8069,元太,18,0,18,高橋,2023-04-20,5320
4908,前鼎,18,0,18,高橋,2023-04-20,5320
6235,華孚,38,20,18,高橋,2023-04-20,5320
00772B,中信高評級公司債,18,1,17,高橋,2023-04-20,5320
3162,精確,17,0,17,高橋,2023-04-20,5320
3024,憶聲,15,0,15,高橋,2023-04-20,5320
2472,立隆電,15,0,15,高橋,2023-04-20,5320
6276,安鈦克,15,0,15,高橋,2023-04-20,5320
6770,力積電,22,7,15,高橋,2023-04-20,5320
1529,樂事綠能,21,7,14,高橋,2023-04-20,5320
1101,台泥,21,7,14,高橋,2023-04-20,5320
00878,國泰永續高股息,25,12,13,高橋,2023-04-20,5320
2610,華航,24,11,13,高橋,2023-04-20,5320
2498,宏達電,16,3,13,高橋,2023-04-20,5320
1305,華夏,13,0,13,高橋,2023-04-20,5320
2027,大成鋼,13,0,13,高橋,2023-04-20,5320
6285,啟��,14,2,12,高橋,2023-04-20,5320
2342,茂矽,12,0,12,高橋,2023-04-20,5320
6806,森崴能源,56,44,12,高橋,2023-04-20,5320
1504,東元,17,5,12,高橋,2023-04-20,5320
6533,晶心科,11,0,11,高橋,2023-04-20,5320
1802,台玻,11,0,11,高橋,2023-04-20,5320
3027,盛達,11,0,11,高橋,2023-04-20,5320
4130,健亞,11,0,11,高橋,2023-04-20,5320
1760,寶齡富錦,16,5,11,高橋,2023-04-20,5320
2313,華通,120,2,118,高橋,2023-04-21,5320
00753L,中信中國50正2,111,0,111,高橋,2023-04-21,5320
3118,進階,104,1,103,高橋,2023-04-21,5320
3025,星通,103,3,100,高橋,2023-04-21,5320
2515,中工,73,1,72,高橋,2023-04-21,5320
2888,新光金,63,1,62,高橋,2023-04-21,5320
6218,豪勉,93,31,62,高橋,2023-04-21,5320
3576,聯合再生,46,0,46,高橋,2023-04-21,5320
6163,華電網,98,52,46,高橋,2023-04-21,5320
2409,友達,58,13,45,高橋,2023-04-21,5320
1605,華新,80,38,42,高橋,2023-04-21,5320
3027,盛達,41,2,39,高橋,2023-04-21,5320
2867,三商壽,35,0,35,高橋,2023-04-21,5320
1711,永光,42,8,34,高橋,2023-04-21,5320
2610,華航,46,12,34,高橋,2023-04-21,5320
00923,群益台ESG低碳50,34,0,34,高橋,2023-04-21,5320
2460,建通,33,0,33,高橋,2023-04-21,5320
1904,正隆,36,6,30,高橋,2023-04-21,5320
2603,長榮,34,4,30,高橋,2023-04-21,5320
8114,振樺電,29,0,29,高橋,2023-04-21,5320
6443,元晶,29,2,27,高橋,2023-04-21,5320
4114,健喬,29,2,27,高橋,2023-04-21,5320
1611,中電,53,27,26,高橋,2023-04-21,5320
6134,萬旭,31,5,26,高橋,2023-04-21,5320
2201,裕隆,36,11,25,高橋,2023-04-21,5320
1909,榮成,32,7,25,高橋,2023-04-21,5320
1591,駿吉-KY,23,0,23,高橋,2023-04-21,5320
1718,中纖,23,0,23,高橋,2023-04-21,5320
3652,精聯,24,3,21,高橋,2023-04-21,5320
2891,中信金,21,0,21,高橋,2023-04-21,5320
2609,陽明,44,23,21,高橋,2023-04-21,5320
2312,金寶,21,1,20,高橋,2023-04-21,5320
00712,復華富時不動產,50,30,20,高橋,2023-04-21,5320
3522,御嵿,20,0,20,高橋,2023-04-21,5320
6219,富旺,20,0,20,高橋,2023-04-21,5320
4908,前鼎,19,0,19,高橋,2023-04-21,5320
2002,中鋼,19,1,18,高橋,2023-04-21,5320
5009,榮剛,20,2,18,高橋,2023-04-21,5320
6188,廣明,17,0,17,高橋,2023-04-21,5320
3047,訊舟,22,5,17,高橋,2023-04-21,5320
3058,立德,39,22,17,高橋,2023-04-21,5320
1760,寶齡富錦,23,7,16,高橋,2023-04-21,5320
00891,中信關鍵半導體,16,0,16,高橋,2023-04-21,5320
3163,波若威,16,0,16,高橋,2023-04-21,5320
4934,太極,15,0,15,高橋,2023-04-21,5320
3526,凡甲,15,0,15,高橋,2023-04-21,5320
8933,愛地雅,15,0,15,高橋,2023-04-21,5320
1409,新纖,22,8,14,高橋,2023-04-21,5320
1584,精剛,15,1,14,高橋,2023-04-21,5320
1616,億泰,13,0,13,高橋,2023-04-21,5320
6770,力積電,159,18,141,高橋,2023-04-24,5320
00655L,國泰中國A50正2,127,0,127,高橋,2023-04-24,5320
00720B,元大投資級公司債,104,0,104,高橋,2023-04-24,5320
2834,臺企銀,83,0,83,高橋,2023-04-24,5320
2313,華通,82,0,82,高橋,2023-04-24,5320
2303,聯電,73,2,71,高橋,2023-04-24,5320
1101,台泥,176,106,70,高橋,2023-04-24,5320
2610,華航,77,20,57,高橋,2023-04-24,5320
00902,中信電池及儲能,56,0,56,高橋,2023-04-24,5320
8222,寶一,57,11,46,高橋,2023-04-24,5320
3071,協禧,41,1,40,高橋,2023-04-24,5320
3118,進階,39,1,38,高橋,2023-04-24,5320
2609,陽明,38,2,36,高橋,2023-04-24,5320
2812,台中銀,35,0,35,高橋,2023-04-24,5320
2208,台船,44,17,27,高橋,2023-04-24,5320
4108,懷特,27,1,26,高橋,2023-04-24,5320
6443,元晶,27,2,25,高橋,2023-04-24,5320
00878,國泰永續高股息,41,16,25,高橋,2023-04-24,5320
2330,台積電,34,12,22,高橋,2023-04-24,5320
2913,農林,35,13,22,高橋,2023-04-24,5320
1471,首利,25,3,22,高橋,2023-04-24,5320
6163,華電網,22,1,21,高橋,2023-04-24,5320
6167,久正,37,17,20,高橋,2023-04-24,5320
2845,遠東銀,20,0,20,高橋,2023-04-24,5320
00637L,元大滬深300正2,39,20,19,高橋,2023-04-24,5320
4979,華星光,23,6,17,高橋,2023-04-24,5320
2408,南亞科,16,1,15,高橋,2023-04-24,5320
1611,中電,30,15,15,高橋,2023-04-24,5320
2002,中鋼,15,0,15,高橋,2023-04-24,5320
4142,國光生,16,1,15,高橋,2023-04-24,5320
5309,系統電,13,0,13,高橋,2023-04-24,5320
9958,世紀鋼,13,1,12,高橋,2023-04-24,5320
1616,億泰,12,0,12,高橋,2023-04-24,5320
1513,中興電,18,6,12,高橋,2023-04-24,5320
3711,日月光投控,11,0,11,高橋,2023-04-24,5320
4908,前鼎,11,0,11,高橋,2023-04-24,5320
5425,台半,23,12,11,高橋,2023-04-24,5320
2603,長榮,12,1,11,高橋,2023-04-24,5320
4147,中裕,10,0,10,高橋,2023-04-24,5320
6134,萬旭,10,0,10,高橋,2023-04-24,5320
1605,華新,14,4,10,高橋,2023-04-24,5320
4931,新盛力,10,0,10,高橋,2023-04-24,5320
2022,聚亨,10,0,10,高橋,2023-04-24,5320
2732,六角,10,0,10,高橋,2023-04-24,5320
2367,燿華,10,0,10,高橋,2023-04-24,5320
2617,台航,10,0,10,高橋,2023-04-24,5320
5371,中光電,17,7,10,高橋,2023-04-24,5320
1731,美吾華,10,0,10,高橋,2023-04-24,5320
2314,台揚,13,3,10,高橋,2023-04-24,5320
3025,星通,12,2,10,高橋,2023-04-24,5320
2610,華航,237,23,214,高橋,2023-04-25,5320
2515,中工,164,11,153,高橋,2023-04-25,5320
00878,國泰永續高股息,123,1,122,高橋,2023-04-25,5320
2834,臺企銀,152,36,116,高橋,2023-04-25,5320
1714,和桐,107,11,96,高橋,2023-04-25,5320
2484,希華,83,8,75,高橋,2023-04-25,5320
6142,友勁,62,0,62,高橋,2023-04-25,5320
6770,力積電,64,4,60,高橋,2023-04-25,5320
0056,元大高股息,63,4,59,高橋,2023-04-25,5320
2388,威盛,50,2,48,高橋,2023-04-25,5320
2313,華通,50,3,47,高橋,2023-04-25,5320
3231,緯創,48,2,46,高橋,2023-04-25,5320
2409,友達,49,4,45,高橋,2023-04-25,5320
2457,飛宏,50,5,45,高橋,2023-04-25,5320
6163,華電網,64,22,42,高橋,2023-04-25,5320
2492,華新科,42,0,42,高橋,2023-04-25,5320
6443,元晶,42,3,39,高橋,2023-04-25,5320
1101,台泥,112,74,38,高橋,2023-04-25,5320
3041,揚智,34,0,34,高橋,2023-04-25,5320
4979,華星光,37,4,33,高橋,2023-04-25,5320
2002,中鋼,34,1,33,高橋,2023-04-25,5320
00891,中信關鍵半導體,32,0,32,高橋,2023-04-25,5320
2618,長榮航,54,23,31,高橋,2023-04-25,5320
00676R,富邦臺灣加權反1,40,9,31,高橋,2023-04-25,5320
2913,農林,35,5,30,高橋,2023-04-25,5320
1609,大亞,41,11,30,高橋,2023-04-25,5320
3294,英濟,31,1,30,高橋,2023-04-25,5320
1905,華紙,124,97,27,高橋,2023-04-25,5320
2208,台船,37,11,26,高橋,2023-04-25,5320
1907,永豐餘,33,7,26,高橋,2023-04-25,5320
2317,鴻海,38,14,24,高橋,2023-04-25,5320
6282,康舒,34,10,24,高橋,2023-04-25,5320
2368,金像電,26,3,23,高橋,2023-04-25,5320
2482,連宇,27,4,23,高橋,2023-04-25,5320
3037,欣興,27,4,23,高橋,2023-04-25,5320
4114,健喬,49,26,23,高橋,2023-04-25,5320
00857B,永豐20年美公債,23,0,23,高橋,2023-04-25,5320
2609,陽明,42,20,22,高橋,2023-04-25,5320
2419,仲琦,21,0,21,高橋,2023-04-25,5320
00882,中信中國高股息,21,0,21,高橋,2023-04-25,5320
00712,復華富時不動產,20,0,20,高橋,2023-04-25,5320
2102,泰豐,21,1,20,高橋,2023-04-25,5320
1310,台苯,51,31,20,高橋,2023-04-25,5320
6219,富旺,20,0,20,高橋,2023-04-25,5320
6133,金橋,20,0,20,高橋,2023-04-25,5320
00919,群益台灣精選高息,20,0,20,高橋,2023-04-25,5320
2204,中華,21,1,20,高橋,2023-04-25,5320
6116,彩晶,20,1,19,高橋,2023-04-25,5320
2303,聯電,47,29,18,高橋,2023-04-25,5320
00905,FT臺灣Smart,20,2,18,高橋,2023-04-25,5320
00715L,期街口布蘭特正2,112,0,112,高橋,2023-04-26,5320
00650L,復華香港正2,100,0,100,高橋,2023-04-26,5320
2834,臺企銀,76,0,76,高橋,2023-04-26,5320
6770,力積電,68,0,68,高橋,2023-04-26,5320
00712,復華富時不動產,67,0,67,高橋,2023-04-26,5320
00676R,富邦臺灣加權反1,70,5,65,高橋,2023-04-26,5320
00878,國泰永續高股息,75,13,62,高橋,2023-04-26,5320
00671R,富邦NASDAQ反1,45,0,45,高橋,2023-04-26,5320
1504,東元,51,11,40,高橋,2023-04-26,5320
1905,華紙,137,98,39,高橋,2023-04-26,5320
2634,漢翔,132,97,35,高橋,2023-04-26,5320
2352,佳世達,40,5,35,高橋,2023-04-26,5320
2303,聯電,39,7,32,高橋,2023-04-26,5320
3058,立德,30,0,30,高橋,2023-04-26,5320
2610,華航,40,10,30,高橋,2023-04-26,5320
1312,國喬,30,0,30,高橋,2023-04-26,5320
2427,三商電,30,0,30,高橋,2023-04-26,5320
1444,力麗,30,3,27,高橋,2023-04-26,5320
00905,FT臺灣Smart,26,0,26,高橋,2023-04-26,5320
8038,長園科,25,0,25,高橋,2023-04-26,5320
4566,時碩工業,24,3,21,高橋,2023-04-26,5320
6443,元晶,27,6,21,高橋,2023-04-26,5320
00885,富邦越南,21,0,21,高橋,2023-04-26,5320
6219,富旺,20,0,20,高橋,2023-04-26,5320
3118,進階,20,0,20,高橋,2023-04-26,5320
3025,星通,18,1,17,高橋,2023-04-26,5320
3035,智原,26,9,17,高橋,2023-04-26,5320
2330,台積電,18,2,16,高橋,2023-04-26,5320
9919,康那香,15,0,15,高橋,2023-04-26,5320
0056,元大高股息,23,9,14,高橋,2023-04-26,5320
2603,長榮,18,4,14,高橋,2023-04-26,5320
2002,中鋼,21,10,11,高橋,2023-04-26,5320
00902,中信電池及儲能,10,0,10,高橋,2023-04-26,5320
00924,復華S＆P500成長,10,0,10,高橋,2023-04-26,5320
2702,華園,10,0,10,高橋,2023-04-26,5320
2606,裕民,10,0,10,高橋,2023-04-26,5320
00882,中信中國高股息,10,0,10,高橋,2023-04-26,5320
3576,聯合再生,10,0,10,高橋,2023-04-26,5320
4157,太景*-KY,10,0,10,高橋,2023-04-26,5320
2367,燿華,10,0,10,高橋,2023-04-26,5320
2913,農林,15,5,10,高橋,2023-04-26,5320
6152,百一,10,1,9,高橋,2023-04-26,5320
1471,首利,10,1,9,高橋,2023-04-26,5320
3706,神達,10,1,9,高橋,2023-04-26,5320
2337,旺宏,21,12,9,高橋,2023-04-26,5320
2495,普安,19,11,8,高橋,2023-04-26,5320
8069,元太,17,9,8,高橋,2023-04-26,5320
0050,元大台灣50,7,0,7,高橋,2023-04-26,5320
2308,台達電,7,0,7,高橋,2023-04-26,5320
2472,立隆電,8,1,7,高橋,2023-04-26,5320
00715L,期街口布蘭特正2,274,0,274,高橋,2023-04-27,5320
00712,復華富時不動產,125,1,124,高橋,2023-04-27,5320
6443,元晶,56,0,56,高橋,2023-04-27,5320
2609,陽明,73,18,55,高橋,2023-04-27,5320
00676R,富邦臺灣加權反1,50,0,50,高橋,2023-04-27,5320
00642U,期元大S＆P石油,49,0,49,高橋,2023-04-27,5320
2812,台中銀,50,1,49,高橋,2023-04-27,5320
2208,台船,67,27,40,高橋,2023-04-27,5320
2834,臺企銀,55,20,35,高橋,2023-04-27,5320
2481,強茂,26,0,26,高橋,2023-04-27,5320
3025,星通,26,2,24,高橋,2023-04-27,5320
1584,精剛,32,8,24,高橋,2023-04-27,5320
1905,華紙,41,17,24,高橋,2023-04-27,5320
2002,中鋼,24,0,24,高橋,2023-04-27,5320
00878,國泰永續高股息,38,15,23,高橋,2023-04-27,5320
3576,聯合再生,23,0,23,高橋,2023-04-27,5320
1605,華新,32,10,22,高橋,2023-04-27,5320
9902,台火,21,0,21,高橋,2023-04-27,5320
5371,中光電,21,0,21,高橋,2023-04-27,5320
00922,國泰台灣領袖50,20,0,20,高橋,2023-04-27,5320
00905,FT臺灣Smart,20,0,20,高橋,2023-04-27,5320
00795B,中信美國公債20年,21,1,20,高橋,2023-04-27,5320
2884,玉山金,18,0,18,高橋,2023-04-27,5320
6134,萬旭,25,8,17,高橋,2023-04-27,5320
00923,群益台ESG低碳50,16,0,16,高橋,2023-04-27,5320
2344,華邦電,26,11,15,高橋,2023-04-27,5320
2913,農林,21,6,15,高橋,2023-04-27,5320
3232,昱捷,15,0,15,高橋,2023-04-27,5320
5608,四維航,15,0,15,高橋,2023-04-27,5320
2603,長榮,14,0,14,高橋,2023-04-27,5320
1471,首利,20,6,14,高橋,2023-04-27,5320
6488,環球晶,14,0,14,高橋,2023-04-27,5320
1909,榮成,14,0,14,高橋,2023-04-27,5320
2303,聯電,26,12,14,高橋,2023-04-27,5320
1720,生達,14,0,14,高橋,2023-04-27,5320
6219,富旺,13,0,13,高橋,2023-04-27,5320
2409,友達,15,2,13,高橋,2023-04-27,5320
00720B,元大投資級公司債,12,0,12,高橋,2023-04-27,5320
3322,建舜電,11,0,11,高橋,2023-04-27,5320
2610,華航,37,26,11,高橋,2023-04-27,5320
1229,聯華,11,0,11,高橋,2023-04-27,5320
1709,和益,12,1,11,高橋,2023-04-27,5320
4130,健亞,10,0,10,高橋,2023-04-27,5320
00671R,富邦NASDAQ反1,10,0,10,高橋,2023-04-27,5320
00799B,國泰A級醫療債,10,0,10,高橋,2023-04-27,5320
1762,中化生,10,0,10,高橋,2023-04-27,5320
2419,仲琦,10,0,10,高橋,2023-04-27,5320
00679B,元大美債20年,21,11,10,高橋,2023-04-27,5320
2330,台積電,9,0,9,高橋,2023-04-27,5320
6116,彩晶,10,1,9,高橋,2023-04-27,5320
2409,友達,217,24,193,高橋,2023-04-28,5320
00900,富邦特選高股息30,157,0,157,高橋,2023-04-28,5320
3481,群創,146,11,135,高橋,2023-04-28,5320
3419,譁裕,119,12,107,高橋,2023-04-28,5320
00715L,期街口布蘭特正2,101,28,73,高橋,2023-04-28,5320
2609,陽明,92,33,59,高橋,2023-04-28,5320
2344,華邦電,57,10,47,高橋,2023-04-28,5320
1101,台泥,48,3,45,高橋,2023-04-28,5320
1809,中釉,41,6,35,高橋,2023-04-28,5320
4916,事欣科,54,24,30,高橋,2023-04-28,5320
1701,中化,51,21,30,高橋,2023-04-28,5320
6152,百一,31,3,28,高橋,2023-04-28,5320
2380,虹光,28,0,28,高橋,2023-04-28,5320
00671R,富邦NASDAQ反1,25,0,25,高橋,2023-04-28,5320
00795B,中信美國公債20年,22,0,22,高橋,2023-04-28,5320
2880,華南金,28,7,21,高橋,2023-04-28,5320
3011,今皓,21,0,21,高橋,2023-04-28,5320
1721,三晃,32,11,21,高橋,2023-04-28,5320
00676R,富邦臺灣加權反1,20,0,20,高橋,2023-04-28,5320
6770,力積電,19,1,18,高橋,2023-04-28,5320
00878,國泰永續高股息,22,5,17,高橋,2023-04-28,5320
6282,康舒,33,16,17,高橋,2023-04-28,5320
6163,華電網,26,10,16,高橋,2023-04-28,5320
6266,泰詠,23,7,16,高橋,2023-04-28,5320
6109,亞元,15,0,15,高橋,2023-04-28,5320
4716,大立,15,0,15,高橋,2023-04-28,5320
1471,首利,16,2,14,高橋,2023-04-28,5320
3025,星通,30,17,13,高橋,2023-04-28,5320
4566,時碩工業,16,3,13,高橋,2023-04-28,5320
00680L,元大美債20正2,12,0,12,高橋,2023-04-28,5320
2603,長榮,18,6,12,高橋,2023-04-28,5320
6443,元晶,17,5,12,高橋,2023-04-28,5320
6116,彩晶,18,6,12,高橋,2023-04-28,5320
6523,達爾膚,12,0,12,高橋,2023-04-28,5320
2610,華航,12,0,12,高橋,2023-04-28,5320
2481,強茂,12,1,11,高橋,2023-04-28,5320
1432,大魯閣,12,1,11,高橋,2023-04-28,5320
00632R,元大台灣50反1,12,1,11,高橋,2023-04-28,5320
8121,越峰,13,2,11,高橋,2023-04-28,5320
5388,中磊,13,2,11,高橋,2023-04-28,5320
2002,中鋼,13,2,11,高橋,2023-04-28,5320
3265,台星科,14,4,10,高橋,2023-04-28,5320
4961,天鈺,12,2,10,高橋,2023-04-28,5320
2014,中鴻,20,10,10,高橋,2023-04-28,5320
00905,FT臺灣Smart,10,0,10,高橋,2023-04-28,5320
6209,今國光,11,1,10,高橋,2023-04-28,5320
00923,群益台ESG低碳50,10,0,10,高橋,2023-04-28,5320
2211,長榮鋼,10,0,10,高橋,2023-04-28,5320
6188,廣明,10,0,10,高橋,2023-04-28,5320
00902,中信電池及儲能,10,0,10,高橋,2023-04-28,5320
2614,東森,100,0,100,高橋,2023-05-02,5320
2897,王道銀行,100,17,83,高橋,2023-05-02,5320
2609,陽明,88,19,69,高橋,2023-05-02,5320
2603,長榮,65,13,52,高橋,2023-05-02,5320
3508,位速,50,0,50,高橋,2023-05-02,5320
1524,耿鼎,50,1,49,高橋,2023-05-02,5320
00632R,元大台灣50反1,73,25,48,高橋,2023-05-02,5320
6167,久正,100,57,43,高橋,2023-05-02,5320
2630,亞航,61,19,42,高橋,2023-05-02,5320
00671R,富邦NASDAQ反1,40,0,40,高橋,2023-05-02,5320
2634,漢翔,111,74,37,高橋,2023-05-02,5320
2801,彰銀,33,3,30,高橋,2023-05-02,5320
1337,再生-KY,30,0,30,高橋,2023-05-02,5320
9105,泰金寶-DR,30,0,30,高橋,2023-05-02,5320
3481,群創,44,16,28,高橋,2023-05-02,5320
2367,燿華,27,0,27,高橋,2023-05-02,5320
0056,元大高股息,34,7,27,高橋,2023-05-02,5320
1809,中釉,31,5,26,高橋,2023-05-02,5320
8093,保銳,24,0,24,高橋,2023-05-02,5320
5880,合庫金,46,22,24,高橋,2023-05-02,5320
5302,太欣,22,0,22,高橋,2023-05-02,5320
4541,晟田,27,6,21,高橋,2023-05-02,5320
2344,華邦電,24,3,21,高橋,2023-05-02,5320
5009,榮剛,24,3,21,高橋,2023-05-02,5320
6148,驊宏資,65,44,21,高橋,2023-05-02,5320
00676R,富邦臺灣加權反1,20,0,20,高橋,2023-05-02,5320
00795B,中信美國公債20年,27,8,19,高橋,2023-05-02,5320
2352,佳世達,30,12,18,高橋,2023-05-02,5320
1605,華新,48,32,16,高橋,2023-05-02,5320
2504,國產,17,1,16,高橋,2023-05-02,5320
2892,第一金,16,1,15,高橋,2023-05-02,5320
00669R,國泰美國道瓊反1,15,0,15,高橋,2023-05-02,5320
4927,泰鼎-KY,15,0,15,高橋,2023-05-02,5320
00687B,國泰20年美債,15,0,15,高橋,2023-05-02,5320
1909,榮成,20,5,15,高橋,2023-05-02,5320
6161,捷波,15,0,15,高橋,2023-05-02,5320
4911,德英,15,1,14,高橋,2023-05-02,5320
00680L,元大美債20正2,14,0,14,高橋,2023-05-02,5320
2027,大成鋼,15,1,14,高橋,2023-05-02,5320
00720B,元大投資級公司債,14,1,13,高橋,2023-05-02,5320
6234,高僑,37,24,13,高橋,2023-05-02,5320
00772B,中信高評級公司債,14,2,12,高橋,2023-05-02,5320
2208,台船,13,1,12,高橋,2023-05-02,5320
2530,華建,12,0,12,高橋,2023-05-02,5320
6127,九豪,15,4,11,高橋,2023-05-02,5320
1303,南亞,11,0,11,高橋,2023-05-02,5320
2453,凌群,29,18,11,高橋,2023-05-02,5320
6288,聯嘉,13,2,11,高橋,2023-05-02,5320
6274,台燿,12,1,11,高橋,2023-05-02,5320
6672,騰輝電子-KY,11,0,11,高橋,2023-05-02,5320
00878,國泰永續高股息,361,2,359,高橋,2023-05-03,5320
00715L,期街口布蘭特正2,226,30,196,高橋,2023-05-03,5320
2409,友達,180,5,175,高橋,2023-05-03,5320
3481,群創,174,45,129,高橋,2023-05-03,5320
00712,復華富時不動產,116,0,116,高橋,2023-05-03,5320
2812,台中銀,78,1,77,高橋,2023-05-03,5320
2603,長榮,67,13,54,高橋,2023-05-03,5320
2834,臺企銀,54,8,46,高橋,2023-05-03,5320
4173,久裕,43,4,39,高橋,2023-05-03,5320
2201,裕隆,38,0,38,高橋,2023-05-03,5320
00642U,期元大S＆P石油,38,0,38,高橋,2023-05-03,5320
1711,永光,38,0,38,高橋,2023-05-03,5320
1514,亞力,43,5,38,高橋,2023-05-03,5320
2897,王道銀行,35,0,35,高橋,2023-05-03,5320
2317,鴻海,50,17,33,高橋,2023-05-03,5320
2417,圓剛,51,20,31,高橋,2023-05-03,5320
1101,台泥,37,8,29,高橋,2023-05-03,5320
1802,台玻,29,2,27,高橋,2023-05-03,5320
00679B,元大美債20年,27,2,25,高橋,2023-05-03,5320
1218,泰山,25,0,25,高橋,2023-05-03,5320
3078,僑威,30,5,25,高橋,2023-05-03,5320
3231,緯創,25,0,25,高橋,2023-05-03,5320
9949,琉園,24,0,24,高橋,2023-05-03,5320
00680L,元大美債20正2,30,6,24,高橋,2023-05-03,5320
3147,大綜,26,3,23,高橋,2023-05-03,5320
1584,精剛,23,0,23,高橋,2023-05-03,5320
1904,正隆,22,0,22,高橋,2023-05-03,5320
00905,FT臺灣Smart,21,0,21,高橋,2023-05-03,5320
00671R,富邦NASDAQ反1,20,0,20,高橋,2023-05-03,5320
1519,華城,26,6,20,高橋,2023-05-03,5320
00650L,復華香港正2,20,0,20,高橋,2023-05-03,5320
2867,三商壽,20,0,20,高橋,2023-05-03,5320
00882,中信中國高股息,20,0,20,高橋,2023-05-03,5320
2038,海光,20,0,20,高橋,2023-05-03,5320
8215,明基材,18,0,18,高橋,2023-05-03,5320
3032,偉訓,22,4,18,高橋,2023-05-03,5320
00637L,元大滬深300正2,19,2,17,高橋,2023-05-03,5320
2801,彰銀,18,2,16,高橋,2023-05-03,5320
6282,康舒,22,6,16,高橋,2023-05-03,5320
2368,金像電,16,1,15,高橋,2023-05-03,5320
2330,台積電,14,0,14,高橋,2023-05-03,5320
3062,建漢,14,0,14,高橋,2023-05-03,5320
1104,環泥,16,2,14,高橋,2023-05-03,5320
5388,中磊,14,0,14,高橋,2023-05-03,5320
00752,中信中國50,14,0,14,高橋,2023-05-03,5320
3518,柏騰,15,2,13,高橋,2023-05-03,5320
3038,全台,14,1,13,高橋,2023-05-03,5320
3004,豐達科,13,0,13,高橋,2023-05-03,5320
3006,晶豪科,12,0,12,高橋,2023-05-03,5320
2492,華新科,11,0,11,高橋,2023-05-03,5320
00715L,期街口布蘭特正2,339,0,339,高橋,2023-05-04,5320
1337,再生-KY,150,0,150,高橋,2023-05-04,5320
00878,國泰永續高股息,138,5,133,高橋,2023-05-04,5320
6244,茂迪,86,14,72,高橋,2023-05-04,5320
00642U,期元大S＆P石油,66,0,66,高橋,2023-05-04,5320
00712,復華富時不動產,66,0,66,高橋,2023-05-04,5320
3481,群創,42,2,40,高橋,2023-05-04,5320
1514,亞力,38,6,32,高橋,2023-05-04,5320
3006,晶豪科,34,3,31,高橋,2023-05-04,5320
2812,台中銀,31,1,30,高橋,2023-05-04,5320
2618,長榮航,29,1,28,高橋,2023-05-04,5320
3231,緯創,38,12,26,高橋,2023-05-04,5320
00905,FT臺灣Smart,25,0,25,高橋,2023-05-04,5320
3202,樺晟,35,11,24,高橋,2023-05-04,5320
2206,三陽工業,45,22,23,高橋,2023-05-04,5320
2890,永豐金,26,3,23,高橋,2023-05-04,5320
2634,漢翔,78,56,22,高橋,2023-05-04,5320
2367,燿華,21,1,20,高橋,2023-05-04,5320
6111,大宇資,30,11,19,高橋,2023-05-04,5320
4953,緯軟,20,1,19,高橋,2023-05-04,5320
00720B,元大投資級公司債,18,0,18,高橋,2023-05-04,5320
4142,國光生,20,2,18,高橋,2023-05-04,5320
2002,中鋼,23,6,17,高橋,2023-05-04,5320
2314,台揚,21,4,17,高橋,2023-05-04,5320
6153,嘉聯益,16,0,16,高橋,2023-05-04,5320
1570,力肯,15,0,15,高橋,2023-05-04,5320
3712,永崴投控,18,5,13,高橋,2023-05-04,5320
6443,元晶,17,4,13,高橋,2023-05-04,5320
8046,南電,13,0,13,高橋,2023-05-04,5320
2201,裕隆,13,1,12,高橋,2023-05-04,5320
00902,中信電池及儲能,12,0,12,高橋,2023-05-04,5320
6531,愛普*,12,0,12,高橋,2023-05-04,5320
8086,宏捷科,12,1,11,高橋,2023-05-04,5320
2461,光群雷,11,0,11,高橋,2023-05-04,5320
2609,陽明,20,9,11,高橋,2023-05-04,5320
6120,達運,10,0,10,高橋,2023-05-04,5320
6233,旺玖,10,0,10,高橋,2023-05-04,5320
2484,希華,9,0,9,高橋,2023-05-04,5320
8085,福華,9,0,9,高橋,2023-05-04,5320
8033,雷虎,11,2,9,高橋,2023-05-04,5320
4979,華星光,15,6,9,高橋,2023-05-04,5320
2409,友達,9,1,8,高橋,2023-05-04,5320
2342,茂矽,8,0,8,高橋,2023-05-04,5320
1701,中化,21,13,8,高橋,2023-05-04,5320
2645,長榮航太,8,0,8,高橋,2023-05-04,5320
4906,正文,12,4,8,高橋,2023-05-04,5320
6282,康舒,11,4,7,高橋,2023-05-04,5320
2406,國碩,7,0,7,高橋,2023-05-04,5320
5309,系統電,18,11,7,高橋,2023-05-04,5320
4155,訊映,7,0,7,高橋,2023-05-04,5320
00715L,期街口布蘭特正2,121,1,120,高橋,2023-05-05,5320
00878,國泰永續高股息,78,0,78,高橋,2023-05-05,5320
1529,樂事綠能,71,8,63,高橋,2023-05-05,5320
3035,智原,53,2,51,高橋,2023-05-05,5320
1342,八貫,50,1,49,高橋,2023-05-05,5320
2888,新光金,50,4,46,高橋,2023-05-05,5320
6244,茂迪,56,13,43,高橋,2023-05-05,5320
00712,復華富時不動產,37,0,37,高橋,2023-05-05,5320
9105,泰金寶-DR,35,0,35,高橋,2023-05-05,5320
1605,華新,45,11,34,高橋,2023-05-05,5320
6148,驊宏資,60,26,34,高橋,2023-05-05,5320
2634,漢翔,80,46,34,高橋,2023-05-05,5320
1609,大亞,63,30,33,高橋,2023-05-05,5320
2204,中華,31,0,31,高橋,2023-05-05,5320
2606,裕民,30,0,30,高橋,2023-05-05,5320
2352,佳世達,33,6,27,高橋,2023-05-05,5320
2002,中鋼,26,0,26,高橋,2023-05-05,5320
00720B,元大投資級公司債,26,0,26,高橋,2023-05-05,5320
2380,虹光,25,0,25,高橋,2023-05-05,5320
6129,普誠,25,0,25,高橋,2023-05-05,5320
2610,華航,27,3,24,高橋,2023-05-05,5320
9930,中聯資源,23,0,23,高橋,2023-05-05,5320
4961,天鈺,24,2,22,高橋,2023-05-05,5320
2457,飛宏,26,4,22,高橋,2023-05-05,5320
8215,明基材,38,16,22,高橋,2023-05-05,5320
1711,永光,21,0,21,高橋,2023-05-05,5320
3005,神基,26,5,21,高橋,2023-05-05,5320
1734,杏輝,22,2,20,高橋,2023-05-05,5320
3685,元創精密,20,0,20,高橋,2023-05-05,5320
3231,緯創,26,6,20,高橋,2023-05-05,5320
2614,東森,20,0,20,高橋,2023-05-05,5320
00642U,期元大S＆P石油,19,0,19,高橋,2023-05-05,5320
6180,橘子,20,1,19,高橋,2023-05-05,5320
6443,元晶,24,7,17,高橋,2023-05-05,5320
1101,台泥,21,4,17,高橋,2023-05-05,5320
3363,上詮,22,5,17,高橋,2023-05-05,5320
3006,晶豪科,18,1,17,高橋,2023-05-05,5320
2353,宏��,43,26,17,高橋,2023-05-05,5320
3591,艾笛森,16,0,16,高橋,2023-05-05,5320
9962,有益,21,5,16,高橋,2023-05-05,5320
8093,保銳,30,14,16,高橋,2023-05-05,5320
4562,穎漢,15,0,15,高橋,2023-05-05,5320
5009,榮剛,26,11,15,高橋,2023-05-05,5320
2537,聯上發,15,0,15,高橋,2023-05-05,5320
2495,普安,16,1,15,高橋,2023-05-05,5320
4114,健喬,24,10,14,高橋,2023-05-05,5320
00772B,中信高評級公司債,19,6,13,高橋,2023-05-05,5320
2423,固緯,12,0,12,高橋,2023-05-05,5320
1104,環泥,12,0,12,高橋,2023-05-05,5320
2891,中信金,13,1,12,高橋,2023-05-05,5320
1612,宏泰,182,6,176,高橋,2023-05-08,5320
5876,上海商銀,147,0,147,高橋,2023-05-08,5320
00751B,元大AAA至A公司債,141,0,141,高橋,2023-05-08,5320
00720B,元大投資級公司債,115,1,114,高橋,2023-05-08,5320
2409,友達,85,6,79,高橋,2023-05-08,5320
2883,凱基金,89,21,68,高橋,2023-05-08,5320
6116,彩晶,65,0,65,高橋,2023-05-08,5320
00715L,期街口布蘭特正2,131,67,64,高橋,2023-05-08,5320
1605,華新,91,31,60,高橋,2023-05-08,5320
3545,敦泰,62,7,55,高橋,2023-05-08,5320
3703,欣陸,44,0,44,高橋,2023-05-08,5320
3673,TPK-KY,41,2,39,高橋,2023-05-08,5320
00637L,元大滬深300正2,80,41,39,高橋,2023-05-08,5320
3078,僑威,37,7,30,高橋,2023-05-08,5320
5905,南仁湖,30,0,30,高橋,2023-05-08,5320
1342,八貫,31,2,29,高橋,2023-05-08,5320
1810,和成,33,4,29,高橋,2023-05-08,5320
8926,台汽電,34,6,28,高橋,2023-05-08,5320
2889,國票金,27,0,27,高橋,2023-05-08,5320
6443,元晶,28,2,26,高橋,2023-05-08,5320
6125,廣運,28,5,23,高橋,2023-05-08,5320
1708,東鹼,22,0,22,高橋,2023-05-08,5320
8403,盛弘,28,6,22,高橋,2023-05-08,5320
6547,高端疫苗,21,0,21,高橋,2023-05-08,5320
6285,啟��,24,3,21,高橋,2023-05-08,5320
5015,華祺,20,0,20,高橋,2023-05-08,5320
2450,神腦,20,0,20,高橋,2023-05-08,5320
1423,利華,20,0,20,高橋,2023-05-08,5320
1337,再生-KY,20,0,20,高橋,2023-05-08,5320
00907,永豐優息存股,20,0,20,高橋,2023-05-08,5320
1570,力肯,20,0,20,高橋,2023-05-08,5320
2331,精英,21,1,20,高橋,2023-05-08,5320
4906,正文,19,0,19,高橋,2023-05-08,5320
1218,泰山,28,9,19,高橋,2023-05-08,5320
3576,聯合再生,23,5,18,高橋,2023-05-08,5320
2359,所羅門,22,4,18,高橋,2023-05-08,5320
3481,群創,47,29,18,高橋,2023-05-08,5320
1307,三芳,20,2,18,高橋,2023-05-08,5320
2630,亞航,19,1,18,高橋,2023-05-08,5320
3443,創意,20,3,17,高橋,2023-05-08,5320
8215,明基材,16,0,16,高橋,2023-05-08,5320
2402,毅嘉,17,1,16,高橋,2023-05-08,5320
8390,金益鼎,16,0,16,高橋,2023-05-08,5320
2412,中華電,15,0,15,高橋,2023-05-08,5320
3017,奇鋐,16,1,15,高橋,2023-05-08,5320
2352,佳世達,21,6,15,高橋,2023-05-08,5320
8033,雷虎,30,15,15,高橋,2023-05-08,5320
2353,宏��,16,2,14,高橋,2023-05-08,5320
00679B,元大美債20年,14,1,13,高橋,2023-05-08,5320
8069,元太,14,1,13,高橋,2023-05-08,5320
8936,國統,104,0,104,高橋,2023-05-09,5320
00878,國泰永續高股息,102,3,99,高橋,2023-05-09,5320
00751B,元大AAA至A公司債,80,6,74,高橋,2023-05-09,5320
00795B,中信美國公債20年,61,0,61,高橋,2023-05-09,5320
2423,固緯,46,0,46,高橋,2023-05-09,5320
2427,三商電,45,0,45,高橋,2023-05-09,5320
2634,漢翔,63,19,44,高橋,2023-05-09,5320
1504,東元,55,11,44,高橋,2023-05-09,5320
00720B,元大投資級公司債,44,0,44,高橋,2023-05-09,5320
00772B,中信高評級公司債,39,0,39,高橋,2023-05-09,5320
1609,大亞,66,27,39,高橋,2023-05-09,5320
00680L,元大美債20正2,34,0,34,高橋,2023-05-09,5320
1101,台泥,69,38,31,高橋,2023-05-09,5320
00907,永豐優息存股,30,0,30,高橋,2023-05-09,5320
6134,萬旭,30,0,30,高橋,2023-05-09,5320
6257,矽格,28,0,28,高橋,2023-05-09,5320
1711,永光,30,2,28,高橋,2023-05-09,5320
00679B,元大美債20年,62,34,28,高橋,2023-05-09,5320
3703,欣陸,27,0,27,高橋,2023-05-09,5320
2887,台新金,30,3,27,高橋,2023-05-09,5320
2609,陽明,37,12,25,高橋,2023-05-09,5320
6244,茂迪,40,15,25,高橋,2023-05-09,5320
2845,遠東銀,24,0,24,高橋,2023-05-09,5320
6443,元晶,40,17,23,高橋,2023-05-09,5320
6185,幃翔,22,0,22,高橋,2023-05-09,5320
2371,大同,22,1,21,高橋,2023-05-09,5320
2851,中再保,21,0,21,高橋,2023-05-09,5320
3038,全台,20,0,20,高橋,2023-05-09,5320
5009,榮剛,23,3,20,高橋,2023-05-09,5320
8093,保銳,20,0,20,高橋,2023-05-09,5320
3305,昇貿,20,0,20,高橋,2023-05-09,5320
2880,華南金,20,0,20,高橋,2023-05-09,5320
2888,新光金,33,14,19,高橋,2023-05-09,5320
1708,東鹼,25,6,19,高橋,2023-05-09,5320
1605,華新,41,22,19,高橋,2023-05-09,5320
3715,定穎投控,28,10,18,高橋,2023-05-09,5320
3147,大綜,20,2,18,高橋,2023-05-09,5320
8215,明基材,19,1,18,高橋,2023-05-09,5320
2801,彰銀,17,0,17,高橋,2023-05-09,5320
2482,連宇,20,3,17,高橋,2023-05-09,5320
6125,廣運,18,1,17,高橋,2023-05-09,5320
1513,中興電,33,17,16,高橋,2023-05-09,5320
8436,大江,18,2,16,高橋,2023-05-09,5320
4123,晟德,17,1,16,高橋,2023-05-09,5320
6152,百一,16,0,16,高橋,2023-05-09,5320
5371,中光電,16,0,16,高橋,2023-05-09,5320
2421,建準,39,23,16,高橋,2023-05-09,5320
1529,樂事綠能,17,2,15,高橋,2023-05-09,5320
4105,東洋,15,0,15,高橋,2023-05-09,5320
6138,茂達,14,0,14,高橋,2023-05-09,5320
00878,國泰永續高股息,156,0,156,高橋,2023-05-10,5320
00720B,元大投資級公司債,131,0,131,高橋,2023-05-10,5320
00637L,元大滬深300正2,93,1,92,高橋,2023-05-10,5320
8112,至上,100,9,91,高橋,2023-05-10,5320
00751B,元大AAA至A公司債,56,0,56,高橋,2023-05-10,5320
2303,聯電,48,2,46,高橋,2023-05-10,5320
3202,樺晟,43,0,43,高橋,2023-05-10,5320
2423,固緯,37,0,37,高橋,2023-05-10,5320
00882,中信中國高股息,37,0,37,高橋,2023-05-10,5320
3231,緯創,43,9,34,高橋,2023-05-10,5320
3481,群創,33,1,32,高橋,2023-05-10,5320
2208,台船,44,12,32,高橋,2023-05-10,5320
3071,協禧,31,1,30,高橋,2023-05-10,5320
00715L,期街口布蘭特正2,69,41,28,高橋,2023-05-10,5320
2881,富邦金,27,0,27,高橋,2023-05-10,5320
1454,台富,27,0,27,高橋,2023-05-10,5320
6163,華電網,31,6,25,高橋,2023-05-10,5320
2344,華邦電,25,1,24,高橋,2023-05-10,5320
2330,台積電,24,0,24,高橋,2023-05-10,5320
6213,聯茂,23,0,23,高橋,2023-05-10,5320
00687B,國泰20年美債,23,0,23,高橋,2023-05-10,5320
2834,臺企銀,32,10,22,高橋,2023-05-10,5320
00713,元大台灣高息低波,22,0,22,高橋,2023-05-10,5320
4979,華星光,24,2,22,高橋,2023-05-10,5320
2368,金像電,32,10,22,高橋,2023-05-10,5320
1519,華城,23,2,21,高橋,2023-05-10,5320
3576,聯合再生,20,0,20,高橋,2023-05-10,5320
00907,永豐優息存股,20,0,20,高橋,2023-05-10,5320
2313,華通,20,0,20,高橋,2023-05-10,5320
2409,友達,21,4,17,高橋,2023-05-10,5320
2362,藍天,17,0,17,高橋,2023-05-10,5320
00712,復華富時不動產,32,16,16,高橋,2023-05-10,5320
1312,國喬,15,0,15,高橋,2023-05-10,5320
6443,元晶,15,0,15,高橋,2023-05-10,5320
2009,第一銅,14,0,14,高橋,2023-05-10,5320
2454,聯發科,14,1,13,高橋,2023-05-10,5320
4173,久裕,28,15,13,高橋,2023-05-10,5320
00772B,中信高評級公司債,13,0,13,高橋,2023-05-10,5320
6218,豪勉,14,1,13,高橋,2023-05-10,5320
8093,保銳,13,0,13,高橋,2023-05-10,5320
0056,元大高股息,12,0,12,高橋,2023-05-10,5320
3013,晟銘電,14,2,12,高橋,2023-05-10,5320
6770,力積電,12,0,12,高橋,2023-05-10,5320
1471,首利,12,0,12,高橋,2023-05-10,5320
2609,陽明,37,25,12,高橋,2023-05-10,5320
2356,英業達,11,0,11,高橋,2023-05-10,5320
6125,廣運,11,0,11,高橋,2023-05-10,5320
8222,寶一,18,7,11,高橋,2023-05-10,5320
5487,通泰,16,5,11,高橋,2023-05-10,5320
1904,正隆,11,0,11,高橋,2023-05-10,5320
2610,華航,155,0,155,高橋,2023-05-11,5320
3481,群創,157,44,113,高橋,2023-05-11,5320
00637L,元大滬深300正2,108,0,108,高橋,2023-05-11,5320
1609,大亞,99,7,92,高橋,2023-05-11,5320
1217,愛之味,70,0,70,高橋,2023-05-11,5320
3058,立德,67,1,66,高橋,2023-05-11,5320
9907,統一實,60,0,60,高橋,2023-05-11,5320
00751B,元大AAA至A公司債,59,0,59,高橋,2023-05-11,5320
5905,南仁湖,40,0,40,高橋,2023-05-11,5320
6125,廣運,40,0,40,高橋,2023-05-11,5320
6142,友勁,39,0,39,高橋,2023-05-11,5320
4114,健喬,35,2,33,高橋,2023-05-11,5320
2358,廷鑫,31,0,31,高橋,2023-05-11,5320
3202,樺晟,41,11,30,高橋,2023-05-11,5320
6198,瑞築,30,0,30,高橋,2023-05-11,5320
2881,富邦金,30,0,30,高橋,2023-05-11,5320
1810,和成,38,9,29,高橋,2023-05-11,5320
1905,華紙,36,7,29,高橋,2023-05-11,5320
2515,中工,32,4,28,高橋,2023-05-11,5320
2609,陽明,34,8,26,高橋,2023-05-11,5320
4566,時碩工業,26,0,26,高橋,2023-05-11,5320
00712,復華富時不動產,23,0,23,高橋,2023-05-11,5320
2495,普安,57,35,22,高橋,2023-05-11,5320
6770,力積電,24,2,22,高橋,2023-05-11,5320
6285,啟��,22,0,22,高橋,2023-05-11,5320
3024,憶聲,20,0,20,高橋,2023-05-11,5320
2367,燿華,20,0,20,高橋,2023-05-11,5320
3652,精聯,20,1,19,高橋,2023-05-11,5320
1504,東元,31,12,19,高橋,2023-05-11,5320
5353,台林,18,0,18,高橋,2023-05-11,5320
6160,欣技,30,12,18,高橋,2023-05-11,5320
9943,好樂迪,18,0,18,高橋,2023-05-11,5320
2913,農林,17,0,17,高橋,2023-05-11,5320
2344,華邦電,28,12,16,高橋,2023-05-11,5320
2890,永豐金,18,2,16,高橋,2023-05-11,5320
00650L,復華香港正2,18,2,16,高橋,2023-05-11,5320
4967,十銓,16,0,16,高橋,2023-05-11,5320
6712,長聖,17,2,15,高橋,2023-05-11,5320
6443,元晶,20,5,15,高橋,2023-05-11,5320
00690,兆豐藍籌30,15,0,15,高橋,2023-05-11,5320
2317,鴻海,18,4,14,高橋,2023-05-11,5320
2867,三商壽,16,2,14,高橋,2023-05-11,5320
2498,宏達電,22,9,13,高橋,2023-05-11,5320
2634,漢翔,66,53,13,高橋,2023-05-11,5320
00882,中信中國高股息,13,0,13,高橋,2023-05-11,5320
2423,固緯,13,0,13,高橋,2023-05-11,5320
6592,和潤企業,13,0,13,高橋,2023-05-11,5320
2603,長榮,15,3,12,高橋,2023-05-11,5320
4763,材料-KY,18,6,12,高橋,2023-05-11,5320
2337,旺宏,12,0,12,高橋,2023-05-11,5320
00655L,國泰中國A50正2,130,0,130,高橋,2023-05-12,5320
00637L,元大滬深300正2,126,0,126,高橋,2023-05-12,5320
00878,國泰永續高股息,100,7,93,高橋,2023-05-12,5320
00633L,富邦上証正2,93,0,93,高橋,2023-05-12,5320
2409,友達,82,0,82,高橋,2023-05-12,5320
2317,鴻海,94,28,66,高橋,2023-05-12,5320
00882,中信中國高股息,63,0,63,高橋,2023-05-12,5320
3481,群創,77,15,62,高橋,2023-05-12,5320
00751B,元大AAA至A公司債,55,0,55,高橋,2023-05-12,5320
1101,台泥,62,12,50,高橋,2023-05-12,5320
5880,合庫金,60,10,50,高橋,2023-05-12,5320
2352,佳世達,48,5,43,高橋,2023-05-12,5320
2888,新光金,36,0,36,高橋,2023-05-12,5320
00715L,期街口布蘭特正2,35,0,35,高橋,2023-05-12,5320
5876,上海商銀,32,0,32,高橋,2023-05-12,5320
2630,亞航,35,4,31,高橋,2023-05-12,5320
5905,南仁湖,30,0,30,高橋,2023-05-12,5320
2634,漢翔,39,13,26,高橋,2023-05-12,5320
3013,晟銘電,24,0,24,高橋,2023-05-12,5320
6782,視陽,21,0,21,高橋,2023-05-12,5320
00907,永豐優息存股,20,0,20,高橋,2023-05-12,5320
2915,潤泰全,20,0,20,高橋,2023-05-12,5320
8033,雷虎,26,8,18,高橋,2023-05-12,5320
5706,鳳凰,17,0,17,高橋,2023-05-12,5320
2881,富邦金,17,0,17,高橋,2023-05-12,5320
00712,復華富時不動產,17,1,16,高橋,2023-05-12,5320
1504,東元,20,4,16,高橋,2023-05-12,5320
2421,建準,28,12,16,高橋,2023-05-12,5320
1218,泰山,16,0,16,高橋,2023-05-12,5320
2618,長榮航,51,35,16,高橋,2023-05-12,5320
2002,中鋼,16,1,15,高橋,2023-05-12,5320
4919,新唐,15,0,15,高橋,2023-05-12,5320
9962,有益,15,0,15,高橋,2023-05-12,5320
1342,八貫,16,2,14,高橋,2023-05-12,5320
4743,合一,16,3,13,高橋,2023-05-12,5320
00905,FT臺灣Smart,13,0,13,高橋,2023-05-12,5320
2324,仁寶,51,38,13,高橋,2023-05-12,5320
2886,兆豐金,15,3,12,高橋,2023-05-12,5320
1784,訊聯,12,0,12,高橋,2023-05-12,5320
2883,凱基金,14,2,12,高橋,2023-05-12,5320
3576,聯合再生,12,0,12,高橋,2023-05-12,5320
3038,全台,13,1,12,高橋,2023-05-12,5320
3071,協禧,11,0,11,高橋,2023-05-12,5320
00888,永豐台灣ESG,11,0,11,高橋,2023-05-12,5320
3094,聯傑,10,0,10,高橋,2023-05-12,5320
1722,台肥,10,0,10,高橋,2023-05-12,5320
2441,超豐,10,0,10,高橋,2023-05-12,5320
1432,大魯閣,10,0,10,高橋,2023-05-12,5320
2105,正新,11,1,10,高橋,2023-05-12,5320
00720B,元大投資級公司債,11,1,10,高橋,2023-05-12,5320
00878,國泰永續高股息,188,3,185,高橋,2023-05-15,5320
00637L,元大滬深300正2,83,18,65,高橋,2023-05-15,5320
00715L,期街口布蘭特正2,61,2,59,高橋,2023-05-15,5320
2630,亞航,49,1,48,高橋,2023-05-15,5320
00882,中信中國高股息,47,1,46,高橋,2023-05-15,5320
00679B,元大美債20年,42,1,41,高橋,2023-05-15,5320
6288,聯嘉,40,0,40,高橋,2023-05-15,5320
2317,鴻海,39,0,39,高橋,2023-05-15,5320
6127,九豪,30,0,30,高橋,2023-05-15,5320
2515,中工,29,1,28,高橋,2023-05-15,5320
3535,晶彩科,28,0,28,高橋,2023-05-15,5320
1310,台苯,26,0,26,高橋,2023-05-15,5320
00680L,元大美債20正2,24,0,24,高橋,2023-05-15,5320
3481,群創,32,8,24,高橋,2023-05-15,5320
6122,擎邦,26,3,23,高橋,2023-05-15,5320
2633,台灣高鐵,33,11,22,高橋,2023-05-15,5320
6770,力積電,23,1,22,高橋,2023-05-15,5320
00751B,元大AAA至A公司債,20,0,20,高橋,2023-05-15,5320
1789,神隆,18,0,18,高橋,2023-05-15,5320
4142,國光生,17,0,17,高橋,2023-05-15,5320
2457,飛宏,36,19,17,高橋,2023-05-15,5320
6443,元晶,32,15,17,高橋,2023-05-15,5320
1337,再生-KY,42,26,16,高橋,2023-05-15,5320
00772B,中信高評級公司債,16,0,16,高橋,2023-05-15,5320
0056,元大高股息,21,6,15,高橋,2023-05-15,5320
3591,艾笛森,15,0,15,高橋,2023-05-15,5320
2356,英業達,16,1,15,高橋,2023-05-15,5320
1905,華紙,16,1,15,高橋,2023-05-15,5320
9919,康那香,15,0,15,高橋,2023-05-15,5320
2423,固緯,14,0,14,高橋,2023-05-15,5320
00720B,元大投資級公司債,14,0,14,高橋,2023-05-15,5320
3231,緯創,21,7,14,高橋,2023-05-15,5320
4916,事欣科,13,0,13,高橋,2023-05-15,5320
00642U,期元大S＆P石油,13,0,13,高橋,2023-05-15,5320
5871,中租-KY,14,1,13,高橋,2023-05-15,5320
1218,泰山,12,0,12,高橋,2023-05-15,5320
6163,華電網,12,0,12,高橋,2023-05-15,5320
6167,久正,12,0,12,高橋,2023-05-15,5320
00915,凱基優選高股息30,12,0,12,高橋,2023-05-15,5320
2314,台揚,11,0,11,高橋,2023-05-15,5320
3004,豐達科,11,0,11,高橋,2023-05-15,5320
1522,堤維西,11,0,11,高橋,2023-05-15,5320
2303,聯電,33,23,10,高橋,2023-05-15,5320
1795,美時,15,5,10,高橋,2023-05-15,5320
3037,欣興,13,3,10,高橋,2023-05-15,5320
1301,台塑,10,0,10,高橋,2023-05-15,5320
00632R,元大台灣50反1,10,0,10,高橋,2023-05-15,5320
00907,永豐優息存股,10,0,10,高橋,2023-05-15,5320
3548,兆利,13,3,10,高橋,2023-05-15,5320
6182,合晶,10,0,10,高橋,2023-05-15,5320
00632R,元大台灣50反1,111,5,106,高橋,2023-05-16,5320
00882,中信中國高股息,103,7,96,高橋,2023-05-16,5320
1608,華榮,74,17,57,高橋,2023-05-16,5320
2516,新建,50,0,50,高橋,2023-05-16,5320
8076,伍豐,70,28,42,高橋,2023-05-16,5320
00715L,期街口布蘭特正2,51,15,36,高橋,2023-05-16,5320
6285,啟��,34,3,31,高橋,2023-05-16,5320
2358,廷鑫,30,0,30,高橋,2023-05-16,5320
00772B,中信高評級公司債,29,0,29,高橋,2023-05-16,5320
2634,漢翔,51,22,29,高橋,2023-05-16,5320
6147,頎邦,29,1,28,高橋,2023-05-16,5320
2337,旺宏,32,4,28,高橋,2023-05-16,5320
6782,視陽,25,0,25,高橋,2023-05-16,5320
00751B,元大AAA至A公司債,24,1,23,高橋,2023-05-16,5320
8358,金居,22,0,22,高橋,2023-05-16,5320
00720B,元大投資級公司債,21,0,21,高橋,2023-05-16,5320
6712,長聖,20,0,20,高橋,2023-05-16,5320
5425,台半,22,2,20,高橋,2023-05-16,5320
00637L,元大滬深300正2,19,0,19,高橋,2023-05-16,5320
2886,兆豐金,26,7,19,高橋,2023-05-16,5320
00878,國泰永續高股息,51,33,18,高橋,2023-05-16,5320
1711,永光,18,0,18,高橋,2023-05-16,5320
2409,友達,18,1,17,高橋,2023-05-16,5320
00687B,國泰20年美債,17,0,17,高橋,2023-05-16,5320
5905,南仁湖,15,0,15,高橋,2023-05-16,5320
5706,鳳凰,15,1,14,高橋,2023-05-16,5320
2881,富邦金,18,5,13,高橋,2023-05-16,5320
1504,東元,25,13,12,高橋,2023-05-16,5320
3362,先進光,19,7,12,高橋,2023-05-16,5320
00680L,元大美債20正2,12,0,12,高橋,2023-05-16,5320
2371,大同,35,24,11,高橋,2023-05-16,5320
6576,逸達,11,0,11,高橋,2023-05-16,5320
2317,鴻海,12,1,11,高橋,2023-05-16,5320
3038,全台,10,0,10,高橋,2023-05-16,5320
1324,地球,10,0,10,高橋,2023-05-16,5320
3058,立德,12,2,10,高橋,2023-05-16,5320
4763,材料-KY,17,7,10,高橋,2023-05-16,5320
1762,中化生,10,0,10,高橋,2023-05-16,5320
6234,高僑,10,1,9,高橋,2023-05-16,5320
5302,太欣,10,1,9,高橋,2023-05-16,5320
8478,東哥遊艇,17,8,9,高橋,2023-05-16,5320
2812,台中銀,8,0,8,高橋,2023-05-16,5320
4105,東洋,8,0,8,高橋,2023-05-16,5320
3535,晶彩科,8,0,8,高橋,2023-05-16,5320
1312,國喬,10,2,8,高橋,2023-05-16,5320
5227,立凱-KY,15,7,8,高橋,2023-05-16,5320
3035,智原,10,3,7,高橋,2023-05-16,5320
3010,華立,7,0,7,高橋,2023-05-16,5320
2615,萬海,9,2,7,高橋,2023-05-16,5320
5371,中光電,8,1,7,高橋,2023-05-16,5320
00632R,元大台灣50反1,352,10,342,高橋,2023-05-17,5320
00712,復華富時不動產,84,1,83,高橋,2023-05-17,5320
00680L,元大美債20正2,76,0,76,高橋,2023-05-17,5320
3231,緯創,83,17,66,高橋,2023-05-17,5320
00720B,元大投資級公司債,65,0,65,高橋,2023-05-17,5320
1608,華榮,95,45,50,高橋,2023-05-17,5320
6753,龍德造船,48,2,46,高橋,2023-05-17,5320
2313,華通,46,1,45,高橋,2023-05-17,5320
2105,正新,45,0,45,高橋,2023-05-17,5320
00882,中信中國高股息,41,0,41,高橋,2023-05-17,5320
00637L,元大滬深300正2,33,0,33,高橋,2023-05-17,5320
5876,上海商銀,40,10,30,高橋,2023-05-17,5320
00885,富邦越南,26,0,26,高橋,2023-05-17,5320
6589,台康生技,37,15,22,高橋,2023-05-17,5320
00713,元大台灣高息低波,24,2,22,高橋,2023-05-17,5320
3694,海華,27,5,22,高橋,2023-05-17,5320
00650L,復華香港正2,22,0,22,高橋,2023-05-17,5320
00751B,元大AAA至A公司債,20,0,20,高橋,2023-05-17,5320
6215,和椿,20,0,20,高橋,2023-05-17,5320
2402,毅嘉,36,18,18,高橋,2023-05-17,5320
3704,合勤控,43,27,16,高橋,2023-05-17,5320
5371,中光電,17,1,16,高橋,2023-05-17,5320
2337,旺宏,19,3,16,高橋,2023-05-17,5320
2492,華新科,16,1,15,高橋,2023-05-17,5320
2618,長榮航,48,33,15,高橋,2023-05-17,5320
2886,兆豐金,37,22,15,高橋,2023-05-17,5320
3207,耀勝,16,2,14,高橋,2023-05-17,5320
9945,潤泰新,20,6,14,高橋,2023-05-17,5320
6218,豪勉,16,2,14,高橋,2023-05-17,5320
2603,長榮,15,2,13,高橋,2023-05-17,5320
2633,台灣高鐵,47,35,12,高橋,2023-05-17,5320
2356,英業達,12,0,12,高橋,2023-05-17,5320
00772B,中信高評級公司債,12,1,11,高橋,2023-05-17,5320
1762,中化生,12,1,11,高橋,2023-05-17,5320
00687B,國泰20年美債,11,0,11,高橋,2023-05-17,5320
3078,僑威,14,4,10,高橋,2023-05-17,5320
3163,波若威,10,0,10,高橋,2023-05-17,5320
2614,東森,10,0,10,高橋,2023-05-17,5320
2022,聚亨,10,0,10,高橋,2023-05-17,5320
00912,中信臺灣智慧50,10,0,10,高橋,2023-05-17,5320
00764B,群益25年美債,10,0,10,高橋,2023-05-17,5320
9962,有益,10,0,10,高橋,2023-05-17,5320
2030,彰源,24,14,10,高橋,2023-05-17,5320
2731,雄獅,12,2,10,高橋,2023-05-17,5320
6138,茂達,10,0,10,高橋,2023-05-17,5320
6202,盛群,10,0,10,高橋,2023-05-17,5320
2317,鴻海,13,4,9,高橋,2023-05-17,5320
1519,華城,16,8,8,高橋,2023-05-17,5320
1104,環泥,8,0,8,高橋,2023-05-17,5320
2610,華航,24,16,8,高橋,2023-05-17,5320
00885,富邦越南,111,0,111,高橋,2023-05-18,5320
5328,華容,95,3,92,高橋,2023-05-18,5320
2014,中鴻,50,0,50,高橋,2023-05-18,5320
5880,合庫金,51,2,49,高橋,2023-05-18,5320
00690,兆豐藍籌30,46,1,45,高橋,2023-05-18,5320
8222,寶一,61,22,39,高橋,2023-05-18,5320
6266,泰詠,38,2,36,高橋,2023-05-18,5320
00632R,元大台灣50反1,174,140,34,高橋,2023-05-18,5320
1513,中興電,44,11,33,高橋,2023-05-18,5320
6535,順藥,30,1,29,高橋,2023-05-18,5320
1810,和成,27,0,27,高橋,2023-05-18,5320
00650L,復華香港正2,26,0,26,高橋,2023-05-18,5320
00664R,國泰臺灣加權反1,25,0,25,高橋,2023-05-18,5320
5201,凱衛,31,6,25,高橋,2023-05-18,5320
4168,醣聯,25,0,25,高橋,2023-05-18,5320
1608,華榮,26,3,23,高橋,2023-05-18,5320
00878,國泰永續高股息,63,41,22,高橋,2023-05-18,5320
2491,吉祥全,22,1,21,高橋,2023-05-18,5320
2801,彰銀,50,30,20,高橋,2023-05-18,5320
3041,揚智,20,0,20,高橋,2023-05-18,5320
00637L,元大滬深300正2,20,0,20,高橋,2023-05-18,5320
00720B,元大投資級公司債,19,1,18,高橋,2023-05-18,5320
2030,彰源,17,0,17,高橋,2023-05-18,5320
6182,合晶,17,0,17,高橋,2023-05-18,5320
5425,台半,34,17,17,高橋,2023-05-18,5320
2484,希華,15,0,15,高橋,2023-05-18,5320
2495,普安,19,4,15,高橋,2023-05-18,5320
2633,台灣高鐵,20,6,14,高橋,2023-05-18,5320
6185,幃翔,15,1,14,高橋,2023-05-18,5320
6770,力積電,25,12,13,高橋,2023-05-18,5320
6142,友勁,12,0,12,高橋,2023-05-18,5320
6187,萬潤,13,1,12,高橋,2023-05-18,5320
4967,十銓,17,5,12,高橋,2023-05-18,5320
00712,復華富時不動產,12,0,12,高橋,2023-05-18,5320
2603,長榮,16,5,11,高橋,2023-05-18,5320
2454,聯發科,22,11,11,高橋,2023-05-18,5320
3006,晶豪科,21,10,11,高橋,2023-05-18,5320
2734,易飛網,13,2,11,高橋,2023-05-18,5320
3558,神準,13,2,11,高橋,2023-05-18,5320
00676R,富邦臺灣加權反1,11,0,11,高橋,2023-05-18,5320
1905,華紙,18,7,11,高橋,2023-05-18,5320
3030,德律,10,0,10,高橋,2023-05-18,5320
3293,鈊象,10,0,10,高橋,2023-05-18,5320
4919,新唐,11,1,10,高橋,2023-05-18,5320
4915,致伸,10,0,10,高橋,2023-05-18,5320
3016,嘉晶,10,0,10,高橋,2023-05-18,5320
3540,曜越,11,1,10,高橋,2023-05-18,5320
00764B,群益25年美債,10,0,10,高橋,2023-05-18,5320
6153,嘉聯益,10,0,10,高橋,2023-05-18,5320
5464,霖宏,10,0,10,高橋,2023-05-18,5320
00885,富邦越南,400,0,400,高橋,2023-05-19,5320
00632R,元大台灣50反1,128,0,128,高橋,2023-05-19,5320
00882,中信中國高股息,62,0,62,高橋,2023-05-19,5320
00680L,元大美債20正2,59,0,59,高橋,2023-05-19,5320
3576,聯合再生,59,0,59,高橋,2023-05-19,5320
2801,彰銀,50,0,50,高橋,2023-05-19,5320
3025,星通,71,25,46,高橋,2023-05-19,5320
2457,飛宏,58,16,42,高橋,2023-05-19,5320
3673,TPK-KY,41,0,41,高橋,2023-05-19,5320
00696B,富邦美債20年,37,0,37,高橋,2023-05-19,5320
1504,東元,74,38,36,高橋,2023-05-19,5320
5009,榮剛,71,35,36,高橋,2023-05-19,5320
3029,零壹,45,10,35,高橋,2023-05-19,5320
8011,台通,35,0,35,高橋,2023-05-19,5320
00687B,國泰20年美債,33,7,26,高橋,2023-05-19,5320
6576,逸達,34,10,24,高橋,2023-05-19,5320
00650L,復華香港正2,24,0,24,高橋,2023-05-19,5320
6589,台康生技,23,0,23,高橋,2023-05-19,5320
2603,長榮,26,3,23,高橋,2023-05-19,5320
2748,雲品,22,1,21,高橋,2023-05-19,5320
4130,健亞,21,0,21,高橋,2023-05-19,5320
00764B,群益25年美債,20,0,20,高橋,2023-05-19,5320
2450,神腦,20,0,20,高橋,2023-05-19,5320
6139,亞翔,43,23,20,高橋,2023-05-19,5320
1605,華新,26,7,19,高橋,2023-05-19,5320
4743,合一,22,4,18,高橋,2023-05-19,5320
1618,合機,18,1,17,高橋,2023-05-19,5320
2498,宏達電,19,2,17,高橋,2023-05-19,5320
00922,國泰台灣領袖50,16,0,16,高橋,2023-05-19,5320
00772B,中信高評級公司債,16,0,16,高橋,2023-05-19,5320
00690,兆豐藍籌30,15,0,15,高橋,2023-05-19,5320
2491,吉祥全,15,0,15,高橋,2023-05-19,5320
00637L,元大滬深300正2,41,26,15,高橋,2023-05-19,5320
2453,凌群,16,1,15,高橋,2023-05-19,5320
8050,廣積,17,3,14,高橋,2023-05-19,5320
3006,晶豪科,19,6,13,高橋,2023-05-19,5320
2634,漢翔,44,31,13,高橋,2023-05-19,5320
2206,三陽工業,29,16,13,高橋,2023-05-19,5320
3362,先進光,16,3,13,高橋,2023-05-19,5320
1101,台泥,14,2,12,高橋,2023-05-19,5320
6235,華孚,30,18,12,高橋,2023-05-19,5320
3715,定穎投控,13,1,12,高橋,2023-05-19,5320
00720B,元大投資級公司債,12,0,12,高橋,2023-05-19,5320
2421,建準,44,33,11,高橋,2023-05-19,5320
1514,亞力,40,29,11,高橋,2023-05-19,5320
1721,三晃,15,4,11,高橋,2023-05-19,5320
6160,欣技,16,5,11,高橋,2023-05-19,5320
5328,華容,31,20,11,高橋,2023-05-19,5320
3308,聯德,11,0,11,高橋,2023-05-19,5320
8076,伍豐,55,44,11,高橋,2023-05-19,5320
2303,聯電,193,29,164,高橋,2023-05-22,5320
00882,中信中國高股息,73,0,73,高橋,2023-05-22,5320
00664R,國泰臺灣加權反1,70,0,70,高橋,2023-05-22,5320
2323,中環,69,3,66,高橋,2023-05-22,5320
00715L,期街口布蘭特正2,88,33,55,高橋,2023-05-22,5320
1514,亞力,80,27,53,高橋,2023-05-22,5320
2014,中鴻,50,2,48,高橋,2023-05-22,5320
8011,台通,51,4,47,高橋,2023-05-22,5320
2630,亞航,48,7,41,高橋,2023-05-22,5320
00878,國泰永續高股息,95,59,36,高橋,2023-05-22,5320
1609,大亞,73,38,35,高橋,2023-05-22,5320
00632R,元大台灣50反1,30,0,30,高橋,2023-05-22,5320
2337,旺宏,40,11,29,高橋,2023-05-22,5320
00720B,元大投資級公司債,21,0,21,高橋,2023-05-22,5320
00642U,期元大S＆P石油,21,0,21,高橋,2023-05-22,5320
5324,士開,20,0,20,高橋,2023-05-22,5320
8201,無敵,20,0,20,高橋,2023-05-22,5320
4915,致伸,20,0,20,高橋,2023-05-22,5320
00853B,統一美債10年Aa-,18,0,18,高橋,2023-05-22,5320
00857B,永豐20年美公債,16,0,16,高橋,2023-05-22,5320
3037,欣興,52,36,16,高橋,2023-05-22,5320
2489,瑞軒,20,6,14,高橋,2023-05-22,5320
1795,美時,14,1,13,高橋,2023-05-22,5320
3058,立德,17,5,12,高橋,2023-05-22,5320
1809,中釉,15,3,12,高橋,2023-05-22,5320
6235,華孚,24,12,12,高橋,2023-05-22,5320
6415,矽力*-KY,12,0,12,高橋,2023-05-22,5320
3005,神基,12,1,11,高橋,2023-05-22,5320
00772B,中信高評級公司債,11,0,11,高橋,2023-05-22,5320
6188,廣明,12,1,11,高橋,2023-05-22,5320
2332,友訊,16,5,11,高橋,2023-05-22,5320
6189,豐藝,11,0,11,高橋,2023-05-22,5320
3034,聯詠,11,0,11,高橋,2023-05-22,5320
00637L,元大滬深300正2,210,200,10,高橋,2023-05-22,5320
6148,驊宏資,10,0,10,高橋,2023-05-22,5320
3118,進階,10,0,10,高橋,2023-05-22,5320
1605,華新,41,31,10,高橋,2023-05-22,5320
2313,華通,21,11,10,高橋,2023-05-22,5320
4111,濟生,10,0,10,高橋,2023-05-22,5320
5015,華祺,10,0,10,高橋,2023-05-22,5320
6470,宇智,16,6,10,高橋,2023-05-22,5320
2017,官田鋼,10,0,10,高橋,2023-05-22,5320
00764B,群益25年美債,10,0,10,高橋,2023-05-22,5320
2882A,國泰特,10,0,10,高橋,2023-05-22,5320
00751B,元大AAA至A公司債,11,1,10,高橋,2023-05-22,5320
3056,富華新,10,1,9,高橋,2023-05-22,5320
00687B,國泰20年美債,9,0,9,高橋,2023-05-22,5320
2454,聯發科,11,2,9,高橋,2023-05-22,5320
6535,順藥,8,0,8,高橋,2023-05-22,5320
2344,華邦電,25,17,8,高橋,2023-05-22,5320
2801,彰銀,123,0,123,高橋,2023-05-23,5320
6770,力積電,104,2,102,高橋,2023-05-23,5320
00680L,元大美債20正2,84,0,84,高橋,2023-05-23,5320
4543,萬在,88,6,82,高橋,2023-05-23,5320
00664R,國泰臺灣加權反1,65,0,65,高橋,2023-05-23,5320
1513,中興電,77,16,61,高橋,2023-05-23,5320
00637L,元大滬深300正2,51,0,51,高橋,2023-05-23,5320
00882,中信中國高股息,49,0,49,高橋,2023-05-23,5320
2305,全友,41,1,40,高橋,2023-05-23,5320
2888,新光金,35,0,35,高橋,2023-05-23,5320
00772B,中信高評級公司債,33,0,33,高橋,2023-05-23,5320
1905,華紙,61,29,32,高橋,2023-05-23,5320
00878,國泰永續高股息,42,12,30,高橋,2023-05-23,5320
2332,友訊,33,4,29,高橋,2023-05-23,5320
1608,華榮,31,3,28,高橋,2023-05-23,5320
00687B,國泰20年美債,28,0,28,高橋,2023-05-23,5320
2313,華通,26,1,25,高橋,2023-05-23,5320
1605,華新,35,12,23,高橋,2023-05-23,5320
6122,擎邦,29,6,23,高橋,2023-05-23,5320
2634,漢翔,77,56,21,高橋,2023-05-23,5320
8105,凌巨,20,0,20,高橋,2023-05-23,5320
2913,農林,21,1,20,高橋,2023-05-23,5320
2609,陽明,24,4,20,高橋,2023-05-23,5320
00633L,富邦上証正2,20,0,20,高橋,2023-05-23,5320
00650L,復華香港正2,20,0,20,高橋,2023-05-23,5320
5876,上海商銀,20,0,20,高橋,2023-05-23,5320
2399,映泰,20,2,18,高橋,2023-05-23,5320
2442,新美齊,20,3,17,高橋,2023-05-23,5320
8358,金居,21,4,17,高橋,2023-05-23,5320
3231,緯創,51,35,16,高橋,2023-05-23,5320
1460,宏遠,19,3,16,高橋,2023-05-23,5320
5425,台半,18,3,15,高橋,2023-05-23,5320
2603,長榮,15,0,15,高橋,2023-05-23,5320
1504,東元,23,9,14,高橋,2023-05-23,5320
4763,材料-KY,17,4,13,高橋,2023-05-23,5320
1101,台泥,15,2,13,高橋,2023-05-23,5320
1609,大亞,28,16,12,高橋,2023-05-23,5320
6214,精誠,12,0,12,高橋,2023-05-23,5320
00751B,元大AAA至A公司債,13,1,12,高橋,2023-05-23,5320
4162,智擎,11,0,11,高橋,2023-05-23,5320
4551,智伸科,11,0,11,高橋,2023-05-23,5320
4904,遠傳,11,0,11,高橋,2023-05-23,5320
6189,豐藝,11,1,10,高橋,2023-05-23,5320
00764B,群益25年美債,10,0,10,高橋,2023-05-23,5320
00922,國泰台灣領袖50,10,0,10,高橋,2023-05-23,5320
4120,友華,10,0,10,高橋,2023-05-23,5320
1227,佳格,10,0,10,高橋,2023-05-23,5320
1453,大將,10,0,10,高橋,2023-05-23,5320
6533,晶心科,12,2,10,高橋,2023-05-23,5320
1718,中纖,10,0,10,高橋,2023-05-23,5320
00637L,元大滬深300正2,98,4,94,高橋,2023-05-24,5320
1460,宏遠,104,25,79,高橋,2023-05-24,5320
00882,中信中國高股息,73,0,73,高橋,2023-05-24,5320
00878,國泰永續高股息,67,8,59,高橋,2023-05-24,5320
00928,中信上櫃ESG30,44,0,44,高橋,2023-05-24,5320
5531,鄉林,33,0,33,高橋,2023-05-24,5320
00650L,復華香港正2,26,0,26,高橋,2023-05-24,5320
2892,第一金,26,1,25,高橋,2023-05-24,5320
3005,神基,26,1,25,高橋,2023-05-24,5320
2890,永豐金,25,1,24,高橋,2023-05-24,5320
5905,南仁湖,26,4,22,高橋,2023-05-24,5320
2736,富野,20,0,20,高橋,2023-05-24,5320
4564,元翎,21,2,19,高橋,2023-05-24,5320
5009,榮剛,29,11,18,高橋,2023-05-24,5320
00679B,元大美債20年,28,10,18,高橋,2023-05-24,5320
6185,幃翔,22,4,18,高橋,2023-05-24,5320
8064,東捷,18,1,17,高橋,2023-05-24,5320
2634,漢翔,76,60,16,高橋,2023-05-24,5320
00713,元大台灣高息低波,17,2,15,高橋,2023-05-24,5320
1760,寶齡富錦,15,0,15,高橋,2023-05-24,5320
1513,中興電,27,13,14,高橋,2023-05-24,5320
3481,群創,22,8,14,高橋,2023-05-24,5320
1101,台泥,23,10,13,高橋,2023-05-24,5320
6182,合晶,13,0,13,高橋,2023-05-24,5320
2421,建準,15,3,12,高橋,2023-05-24,5320
3205,佰研,22,10,12,高橋,2023-05-24,5320
8050,廣積,13,1,12,高橋,2023-05-24,5320
2027,大成鋼,20,8,12,高橋,2023-05-24,5320
00907,永豐優息存股,12,0,12,高橋,2023-05-24,5320
2633,台灣高鐵,11,0,11,高橋,2023-05-24,5320
2881,富邦金,11,0,11,高橋,2023-05-24,5320
2606,裕民,11,0,11,高橋,2023-05-24,5320
3038,全台,22,11,11,高橋,2023-05-24,5320
2332,友訊,12,1,11,高橋,2023-05-24,5320
3706,神達,12,1,11,高橋,2023-05-24,5320
1907,永豐餘,23,12,11,高橋,2023-05-24,5320
6226,光鼎,11,0,11,高橋,2023-05-24,5320
2330,台積電,10,0,10,高橋,2023-05-24,5320
3078,僑威,16,6,10,高橋,2023-05-24,5320
1102,亞泥,10,0,10,高橋,2023-05-24,5320
00722B,群益投資級電信債,10,0,10,高橋,2023-05-24,5320
2498,宏達電,12,2,10,高橋,2023-05-24,5320
4960,誠美材,10,0,10,高橋,2023-05-24,5320
3105,穩懋,10,0,10,高橋,2023-05-24,5320
3049,精金,10,0,10,高橋,2023-05-24,5320
6535,順藥,14,4,10,高橋,2023-05-24,5320
5309,系統電,10,0,10,高橋,2023-05-24,5320
2618,長榮航,63,54,9,高橋,2023-05-24,5320
6202,盛群,10,1,9,高橋,2023-05-24,5320
2453,凌群,12,3,9,高橋,2023-05-24,5320
00637L,元大滬深300正2,229,0,229,高橋,2023-05-25,5320
3015,全漢,111,0,111,高橋,2023-05-25,5320
2457,飛宏,91,13,78,高橋,2023-05-25,5320
6179,亞通,69,0,69,高橋,2023-05-25,5320
2303,聯電,75,13,62,高橋,2023-05-25,5320
00882,中信中國高股息,49,0,49,高橋,2023-05-25,5320
2634,漢翔,54,13,41,高橋,2023-05-25,5320
2002,中鋼,66,27,39,高橋,2023-05-25,5320
00632R,元大台灣50反1,36,0,36,高橋,2023-05-25,5320
2603,長榮,38,2,36,高橋,2023-05-25,5320
00679B,元大美債20年,40,5,35,高橋,2023-05-25,5320
00664R,國泰臺灣加權反1,30,0,30,高橋,2023-05-25,5320
3027,盛達,30,0,30,高橋,2023-05-25,5320
00650L,復華香港正2,30,0,30,高橋,2023-05-25,5320
1504,東元,40,12,28,高橋,2023-05-25,5320
3481,群創,28,1,27,高橋,2023-05-25,5320
0056,元大高股息,36,10,26,高橋,2023-05-25,5320
2349,錸德,49,25,24,高橋,2023-05-25,5320
1513,中興電,38,14,24,高橋,2023-05-25,5320
2342,茂矽,33,10,23,高橋,2023-05-25,5320
00907,永豐優息存股,22,0,22,高橋,2023-05-25,5320
00772B,中信高評級公司債,22,1,21,高橋,2023-05-25,5320
4564,元翎,40,20,20,高橋,2023-05-25,5320
2359,所羅門,20,0,20,高橋,2023-05-25,5320
2338,光罩,25,5,20,高橋,2023-05-25,5320
1524,耿鼎,50,30,20,高橋,2023-05-25,5320
00633L,富邦上証正2,20,0,20,高橋,2023-05-25,5320
9802,鈺齊-KY,20,0,20,高橋,2023-05-25,5320
6138,茂達,20,0,20,高橋,2023-05-25,5320
5371,中光電,20,1,19,高橋,2023-05-25,5320
00712,復華富時不動產,17,0,17,高橋,2023-05-25,5320
2344,華邦電,20,3,17,高橋,2023-05-25,5320
5425,台半,23,7,16,高橋,2023-05-25,5320
1101,台泥,16,0,16,高橋,2023-05-25,5320
3003,健和興,18,3,15,高橋,2023-05-25,5320
00857B,永豐20年美公債,15,0,15,高橋,2023-05-25,5320
6143,振曜,15,0,15,高橋,2023-05-25,5320
1785,光洋科,14,0,14,高橋,2023-05-25,5320
6294,智基,13,0,13,高橋,2023-05-25,5320
2890,永豐金,16,4,12,高橋,2023-05-25,5320
3454,晶睿,22,10,12,高橋,2023-05-25,5320
3041,揚智,12,0,12,高橋,2023-05-25,5320
6531,愛普*,19,7,12,高橋,2023-05-25,5320
2492,華新科,11,0,11,高橋,2023-05-25,5320
00722B,群益投資級電信債,11,0,11,高橋,2023-05-25,5320
00752,中信中國50,11,0,11,高橋,2023-05-25,5320
5469,瀚宇博,13,2,11,高橋,2023-05-25,5320
3034,聯詠,14,3,11,高橋,2023-05-25,5320
2423,固緯,11,0,11,高橋,2023-05-25,5320
8222,寶一,12,1,11,高橋,2023-05-25,5320
2323,中環,429,12,417,高橋,2023-05-26,5320
0056,元大高股息,232,43,189,高橋,2023-05-26,5320
00637L,元大滬深300正2,129,0,129,高橋,2023-05-26,5320
3481,群創,167,45,122,高橋,2023-05-26,5320
00715L,期街口布蘭特正2,108,0,108,高橋,2023-05-26,5320
00712,復華富時不動產,115,13,102,高橋,2023-05-26,5320
2425,承啟,103,8,95,高橋,2023-05-26,5320
00632R,元大台灣50反1,89,19,70,高橋,2023-05-26,5320
6116,彩晶,73,4,69,高橋,2023-05-26,5320
2883,凱基金,68,1,67,高橋,2023-05-26,5320
2888,新光金,76,10,66,高橋,2023-05-26,5320
5512,力麒,60,0,60,高橋,2023-05-26,5320
6005,群益證,60,0,60,高橋,2023-05-26,5320
00882,中信中國高股息,61,2,59,高橋,2023-05-26,5320
00664R,國泰臺灣加權反1,50,0,50,高橋,2023-05-26,5320
2887,台新金,48,0,48,高橋,2023-05-26,5320
2014,中鴻,45,0,45,高橋,2023-05-26,5320
2634,漢翔,60,17,43,高橋,2023-05-26,5320
1708,東鹼,42,0,42,高橋,2023-05-26,5320
2421,建準,42,7,35,高橋,2023-05-26,5320
6477,安集,33,0,33,高橋,2023-05-26,5320
2409,友達,33,2,31,高橋,2023-05-26,5320
9945,潤泰新,31,1,30,高橋,2023-05-26,5320
2630,亞航,44,15,29,高橋,2023-05-26,5320
1589,永冠-KY,26,0,26,高橋,2023-05-26,5320
2495,普安,29,3,26,高橋,2023-05-26,5320
3508,位速,30,5,25,高橋,2023-05-26,5320
2498,宏達電,24,2,22,高橋,2023-05-26,5320
4915,致伸,21,0,21,高橋,2023-05-26,5320
2038,海光,21,0,21,高橋,2023-05-26,5320
00907,永豐優息存股,21,0,21,高橋,2023-05-26,5320
1307,三芳,21,0,21,高橋,2023-05-26,5320
2606,裕民,21,1,20,高橋,2023-05-26,5320
3625,西勝,20,0,20,高橋,2023-05-26,5320
00676R,富邦臺灣加權反1,20,0,20,高橋,2023-05-26,5320
00695B,富邦美債7-10,20,0,20,高橋,2023-05-26,5320
9802,鈺齊-KY,20,1,19,高橋,2023-05-26,5320
2301,光寶科,24,5,19,高橋,2023-05-26,5320
4744,皇將,20,1,19,高橋,2023-05-26,5320
5351,鈺創,19,1,18,高橋,2023-05-26,5320
1611,中電,17,0,17,高橋,2023-05-26,5320
2427,三商電,18,1,17,高橋,2023-05-26,5320
4564,元翎,26,10,16,高橋,2023-05-26,5320
2002,中鋼,15,0,15,高橋,2023-05-26,5320
2317,鴻海,18,3,15,高橋,2023-05-26,5320
6190,萬泰科,29,14,15,高橋,2023-05-26,5320
6438,迅得,15,0,15,高橋,2023-05-26,5320
3715,定穎投控,25,11,14,高橋,2023-05-26,5320
00751B,元大AAA至A公司債,13,0,13,高橋,2023-05-26,5320
3032,偉訓,16,3,13,高橋,2023-05-26,5320
2888,新光金,504,18,486,高橋,2023-05-29,5320
00637L,元大滬深300正2,125,0,125,高橋,2023-05-29,5320
3264,欣銓,120,3,117,高橋,2023-05-29,5320
2425,承啟,126,29,97,高橋,2023-05-29,5320
00922,國泰台灣領袖50,60,1,59,高橋,2023-05-29,5320
2302,麗正,35,1,34,高橋,2023-05-29,5320
00713,元大台灣高息低波,32,0,32,高橋,2023-05-29,5320
00919,群益台灣精選高息,61,31,30,高橋,2023-05-29,5320
00676R,富邦臺灣加權反1,28,0,28,高橋,2023-05-29,5320
3025,星通,33,8,25,高橋,2023-05-29,5320
2883,凱基金,26,1,25,高橋,2023-05-29,5320
2609,陽明,59,35,24,高橋,2023-05-29,5320
1711,永光,24,1,23,高橋,2023-05-29,5320
00882,中信中國高股息,20,0,20,高橋,2023-05-29,5320
1337,再生-KY,20,0,20,高橋,2023-05-29,5320
9907,統一實,20,1,19,高橋,2023-05-29,5320
1591,駿吉-KY,18,0,18,高橋,2023-05-29,5320
2355,敬鵬,18,0,18,高橋,2023-05-29,5320
8358,金居,20,3,17,高橋,2023-05-29,5320
4207,環泰,17,0,17,高橋,2023-05-29,5320
3711,日月光投控,21,5,16,高橋,2023-05-29,5320
8033,雷虎,21,6,15,高橋,2023-05-29,5320
2468,華經,20,5,15,高橋,2023-05-29,5320
1519,華城,29,14,15,高橋,2023-05-29,5320
5009,榮剛,19,4,15,高橋,2023-05-29,5320
00664R,國泰臺灣加權反1,15,0,15,高橋,2023-05-29,5320
4142,國光生,13,0,13,高橋,2023-05-29,5320
2002,中鋼,18,5,13,高橋,2023-05-29,5320
4306,炎洲,13,0,13,高橋,2023-05-29,5320
6443,元晶,14,1,13,高橋,2023-05-29,5320
2731,雄獅,12,0,12,高橋,2023-05-29,5320
6576,逸達,12,0,12,高橋,2023-05-29,5320
4906,正文,20,8,12,高橋,2023-05-29,5320
00751B,元大AAA至A公司債,11,0,11,高橋,2023-05-29,5320
2412,中華電,11,0,11,高橋,2023-05-29,5320
1312,國喬,11,0,11,高橋,2023-05-29,5320
6514,芮特-KY,11,0,11,高橋,2023-05-29,5320
2887,台新金,11,0,11,高橋,2023-05-29,5320
3605,宏致,11,0,11,高橋,2023-05-29,5320
2368,金像電,12,1,11,高橋,2023-05-29,5320
00907,永豐優息存股,10,0,10,高橋,2023-05-29,5320
2748,雲品,11,1,10,高橋,2023-05-29,5320
3594,磐儀,10,0,10,高橋,2023-05-29,5320
2427,三商電,10,0,10,高橋,2023-05-29,5320
4127,天良,10,0,10,高橋,2023-05-29,5320
1809,中釉,10,0,10,高橋,2023-05-29,5320
1714,和桐,10,0,10,高橋,2023-05-29,5320
00673R,期元大S＆P原油反1,10,0,10,高橋,2023-05-29,5320
00633L,富邦上証正2,10,0,10,高橋,2023-05-29,5320
1605,華新,26,16,10,高橋,2023-05-29,5320
00632R,元大台灣50反1,404,0,404,高橋,2023-05-30,5320
00637L,元大滬深300正2,218,0,218,高橋,2023-05-30,5320
00878,國泰永續高股息,106,10,96,高橋,2023-05-30,5320
6185,幃翔,68,2,66,高橋,2023-05-30,5320
00715L,期街口布蘭特正2,57,0,57,高橋,2023-05-30,5320
2356,英業達,82,37,45,高橋,2023-05-30,5320
00882,中信中國高股息,40,0,40,高橋,2023-05-30,5320
2371,大同,90,50,40,高橋,2023-05-30,5320
2634,漢翔,51,13,38,高橋,2023-05-30,5320
1608,華榮,99,61,38,高橋,2023-05-30,5320
2002,中鋼,39,3,36,高橋,2023-05-30,5320
9907,統一實,31,0,31,高橋,2023-05-30,5320
3706,神達,32,3,29,高橋,2023-05-30,5320
2630,亞航,73,44,29,高橋,2023-05-30,5320
2883,凱基金,28,0,28,高橋,2023-05-30,5320
3362,先進光,38,11,27,高橋,2023-05-30,5320
2892,第一金,32,5,27,高橋,2023-05-30,5320
2495,普安,30,5,25,高橋,2023-05-30,5320
1905,華紙,24,0,24,高橋,2023-05-30,5320
2399,映泰,49,27,22,高橋,2023-05-30,5320
5498,凱崴,27,6,21,高橋,2023-05-30,5320
2312,金寶,24,3,21,高橋,2023-05-30,5320
3481,群創,35,14,21,高橋,2023-05-30,5320
00912,中信臺灣智慧50,20,0,20,高橋,2023-05-30,5320
1337,再生-KY,20,0,20,高橋,2023-05-30,5320
5351,鈺創,22,2,20,高橋,2023-05-30,5320
6188,廣明,26,7,19,高橋,2023-05-30,5320
5425,台半,26,8,18,高橋,2023-05-30,5320
2409,友達,20,2,18,高橋,2023-05-30,5320
3013,晟銘電,48,30,18,高橋,2023-05-30,5320
2615,萬海,18,2,16,高橋,2023-05-30,5320
3032,偉訓,26,11,15,高橋,2023-05-30,5320
00679B,元大美債20年,15,0,15,高橋,2023-05-30,5320
1513,中興電,21,7,14,高橋,2023-05-30,5320
6214,精誠,14,0,14,高橋,2023-05-30,5320
00712,復華富時不動產,15,1,14,高橋,2023-05-30,5320
4979,華星光,30,16,14,高橋,2023-05-30,5320
6196,帆宣,13,0,13,高橋,2023-05-30,5320
3025,星通,23,10,13,高橋,2023-05-30,5320
2606,裕民,13,0,13,高橋,2023-05-30,5320
00907,永豐優息存股,13,0,13,高橋,2023-05-30,5320
2382,廣達,25,12,13,高橋,2023-05-30,5320
6112,邁達特,13,1,12,高橋,2023-05-30,5320
00713,元大台灣高息低波,14,2,12,高橋,2023-05-30,5320
3037,欣興,17,6,11,高橋,2023-05-30,5320
2338,光罩,11,0,11,高橋,2023-05-30,5320
6138,茂達,11,0,11,高橋,2023-05-30,5320
3596,智易,13,2,11,高橋,2023-05-30,5320
4564,元翎,12,1,11,高橋,2023-05-30,5320
4938,和碩,19,8,11,高橋,2023-05-30,5320
00715L,期街口布蘭特正2,180,10,170,高橋,2023-05-31,5320
1423,利華,62,0,62,高橋,2023-05-31,5320
00637L,元大滬深300正2,108,48,60,高橋,2023-05-31,5320
2801,彰銀,55,0,55,高橋,2023-05-31,5320
1314,中石化,60,5,55,高橋,2023-05-31,5320
2382,廣達,59,9,50,高橋,2023-05-31,5320
1312,國喬,50,0,50,高橋,2023-05-31,5320
00751B,元大AAA至A公司債,50,0,50,高橋,2023-05-31,5320
00687B,國泰20年美債,53,6,47,高橋,2023-05-31,5320
2371,大同,65,19,46,高橋,2023-05-31,5320
00882,中信中國高股息,45,0,45,高橋,2023-05-31,5320
2615,萬海,50,8,42,高橋,2023-05-31,5320
1524,耿鼎,102,60,42,高橋,2023-05-31,5320
2884,玉山金,41,0,41,高橋,2023-05-31,5320
6125,廣運,42,6,36,高橋,2023-05-31,5320
2323,中環,90,55,35,高橋,2023-05-31,5320
00642U,期元大S＆P石油,31,0,31,高橋,2023-05-31,5320
8011,台通,36,5,31,高橋,2023-05-31,5320
2356,英業達,47,18,29,高橋,2023-05-31,5320
2427,三商電,32,5,27,高橋,2023-05-31,5320
6244,茂迪,21,0,21,高橋,2023-05-31,5320
00671R,富邦NASDAQ反1,20,0,20,高橋,2023-05-31,5320
2106,建大,20,0,20,高橋,2023-05-31,5320
6026,福邦證,20,0,20,高橋,2023-05-31,5320
00650L,復華香港正2,20,0,20,高橋,2023-05-31,5320
00633L,富邦上証正2,20,1,19,高橋,2023-05-31,5320
2312,金寶,19,0,19,高橋,2023-05-31,5320
2609,陽明,27,8,19,高橋,2023-05-31,5320
2891,中信金,19,1,18,高橋,2023-05-31,5320
6443,元晶,20,2,18,高橋,2023-05-31,5320
2886,兆豐金,20,3,17,高橋,2023-05-31,5320
00713,元大台灣高息低波,18,1,17,高橋,2023-05-31,5320
3499,環天科,16,0,16,高橋,2023-05-31,5320
2892,第一金,16,0,16,高橋,2023-05-31,5320
6148,驊宏資,17,1,16,高橋,2023-05-31,5320
2409,友達,15,0,15,高橋,2023-05-31,5320
1611,中電,16,1,15,高橋,2023-05-31,5320
2201,裕隆,31,16,15,高橋,2023-05-31,5320
2883,凱基金,16,1,15,高橋,2023-05-31,5320
2330,台積電,23,8,15,高橋,2023-05-31,5320
2454,聯發科,18,4,14,高橋,2023-05-31,5320
1584,精剛,15,1,14,高橋,2023-05-31,5320
2457,飛宏,41,27,14,高橋,2023-05-31,5320
3037,欣興,16,2,14,高橋,2023-05-31,5320
2603,長榮,19,6,13,高橋,2023-05-31,5320
2204,中華,13,0,13,高橋,2023-05-31,5320
2236,百達-KY,13,0,13,高橋,2023-05-31,5320
2812,台中銀,13,0,13,高橋,2023-05-31,5320
4967,十銓,16,3,13,高橋,2023-05-31,5320
1303,南亞,12,0,12,高橋,2023-05-31,5320
00715L,期街口布蘭特正2,240,0,240,高橋,2023-06-01,5320
1101,台泥,198,18,180,高橋,2023-06-01,5320
2323,中環,192,32,160,高橋,2023-06-01,5320
00919,群益台灣精選高息,82,0,82,高橋,2023-06-01,5320
4564,元翎,132,52,80,高橋,2023-06-01,5320
00751B,元大AAA至A公司債,70,0,70,高橋,2023-06-01,5320
00878,國泰永續高股息,65,5,60,高橋,2023-06-01,5320
2892,第一金,56,0,56,高橋,2023-06-01,5320
1591,駿吉-KY,47,0,47,高橋,2023-06-01,5320
2303,聯電,45,3,42,高橋,2023-06-01,5320
2913,農林,68,27,41,高橋,2023-06-01,5320
3083,網龍,51,15,36,高橋,2023-06-01,5320
00642U,期元大S＆P石油,36,0,36,高橋,2023-06-01,5320
1524,耿鼎,32,0,32,高橋,2023-06-01,5320
2630,亞航,59,28,31,高橋,2023-06-01,5320
2498,宏達電,29,1,28,高橋,2023-06-01,5320
2615,萬海,33,6,27,高橋,2023-06-01,5320
2427,三商電,44,19,25,高橋,2023-06-01,5320
5706,鳳凰,33,8,25,高橋,2023-06-01,5320
2834,臺企銀,23,0,23,高橋,2023-06-01,5320
2356,英業達,36,13,23,高橋,2023-06-01,5320
1460,宏遠,25,3,22,高橋,2023-06-01,5320
2489,瑞軒,63,42,21,高橋,2023-06-01,5320
2301,光寶科,24,3,21,高橋,2023-06-01,5320
00679B,元大美債20年,21,0,21,高橋,2023-06-01,5320
1605,華新,35,14,21,高橋,2023-06-01,5320
00712,復華富時不動產,20,0,20,高橋,2023-06-01,5320
2409,友達,20,0,20,高橋,2023-06-01,5320
3703,欣陸,20,0,20,高橋,2023-06-01,5320
2440,太空梭,20,0,20,高橋,2023-06-01,5320
2014,中鴻,20,0,20,高橋,2023-06-01,5320
4130,健亞,20,0,20,高橋,2023-06-01,5320
2344,華邦電,19,1,18,高橋,2023-06-01,5320
8358,金居,19,2,17,高橋,2023-06-01,5320
00882,中信中國高股息,17,0,17,高橋,2023-06-01,5320
8033,雷虎,18,1,17,高橋,2023-06-01,5320
1734,杏輝,18,3,15,高橋,2023-06-01,5320
2206,三陽工業,25,10,15,高橋,2023-06-01,5320
2417,圓剛,15,0,15,高橋,2023-06-01,5320
1909,榮成,41,26,15,高橋,2023-06-01,5320
6282,康舒,40,26,14,高橋,2023-06-01,5320
00772B,中信高評級公司債,14,0,14,高橋,2023-06-01,5320
1907,永豐餘,22,8,14,高橋,2023-06-01,5320
6461,益得,13,0,13,高橋,2023-06-01,5320
2454,聯發科,14,2,12,高橋,2023-06-01,5320
2453,凌群,12,0,12,高橋,2023-06-01,5320
6215,和椿,17,5,12,高橋,2023-06-01,5320
9907,統一實,13,1,12,高橋,2023-06-01,5320
2408,南亞科,11,0,11,高橋,2023-06-01,5320
2330,台積電,14,3,11,高橋,2023-06-01,5320
2610,華航,286,103,183,高橋,2023-06-02,5320
8201,無敵,112,10,102,高橋,2023-06-02,5320
6026,福邦證,101,0,101,高橋,2023-06-02,5320
2371,大同,90,10,80,高橋,2023-06-02,5320
1905,華紙,121,58,63,高橋,2023-06-02,5320
2891,中信金,57,2,55,高橋,2023-06-02,5320
8059,凱碩,40,1,39,高橋,2023-06-02,5320
1608,華榮,70,32,38,高橋,2023-06-02,5320
1733,五鼎,37,3,34,高橋,2023-06-02,5320
2603,長榮,33,1,32,高橋,2023-06-02,5320
2323,中環,100,71,29,高橋,2023-06-02,5320
4938,和碩,45,20,25,高橋,2023-06-02,5320
00679B,元大美債20年,35,10,25,高橋,2023-06-02,5320
2211,長榮鋼,25,0,25,高橋,2023-06-02,5320
2331,精英,29,5,24,高橋,2023-06-02,5320
4543,萬在,48,24,24,高橋,2023-06-02,5320
2618,長榮航,105,82,23,高橋,2023-06-02,5320
1714,和桐,27,4,23,高橋,2023-06-02,5320
2425,承啟,38,15,23,高橋,2023-06-02,5320
3047,訊舟,30,8,22,高橋,2023-06-02,5320
2890,永豐金,20,0,20,高橋,2023-06-02,5320
00926,凱基全球菁英55,20,0,20,高橋,2023-06-02,5320
2468,華經,20,2,18,高橋,2023-06-02,5320
6235,華孚,35,17,18,高橋,2023-06-02,5320
8011,台通,18,0,18,高橋,2023-06-02,5320
2913,農林,20,2,18,高橋,2023-06-02,5320
0056,元大高股息,65,48,17,高橋,2023-06-02,5320
6005,群益證,30,13,17,高橋,2023-06-02,5320
6185,幃翔,23,6,17,高橋,2023-06-02,5320
2317,鴻海,43,27,16,高橋,2023-06-02,5320
3520,華盈,15,0,15,高橋,2023-06-02,5320
2427,三商電,16,1,15,高橋,2023-06-02,5320
1616,億泰,15,0,15,高橋,2023-06-02,5320
5351,鈺創,15,1,14,高橋,2023-06-02,5320
8033,雷虎,13,0,13,高橋,2023-06-02,5320
00882,中信中國高股息,17,4,13,高橋,2023-06-02,5320
3363,上詮,16,3,13,高橋,2023-06-02,5320
3163,波若威,12,0,12,高橋,2023-06-02,5320
2641,正德,12,0,12,高橋,2023-06-02,5320
1783,和康生,12,0,12,高橋,2023-06-02,5320
8088,品安,12,1,11,高橋,2023-06-02,5320
1522,堤維西,11,0,11,高橋,2023-06-02,5320
2413,環科,11,0,11,高橋,2023-06-02,5320
8940,新天地,11,0,11,高橋,2023-06-02,5320
1447,力鵬,10,0,10,高橋,2023-06-02,5320
1409,新纖,10,0,10,高橋,2023-06-02,5320
2855,統一證,10,0,10,高橋,2023-06-02,5320
3013,晟銘電,24,14,10,高橋,2023-06-02,5320
1727,中華化,13,3,10,高橋,2023-06-02,5320
2349,錸德,13,3,10,高橋,2023-06-02,5320
2618,長榮航,297,81,216,高橋,2023-06-05,5320
00919,群益台灣精選高息,141,0,141,高橋,2023-06-05,5320
2610,華航,218,100,118,高橋,2023-06-05,5320
00893,國泰智能電動車,104,14,90,高橋,2023-06-05,5320
2609,陽明,75,18,57,高橋,2023-06-05,5320
00878,國泰永續高股息,77,22,55,高橋,2023-06-05,5320
2358,廷鑫,58,5,53,高橋,2023-06-05,5320
2484,希華,50,0,50,高橋,2023-06-05,5320
1514,亞力,54,10,44,高橋,2023-06-05,5320
1608,華榮,94,52,42,高橋,2023-06-05,5320
5530,龍巖,40,0,40,高橋,2023-06-05,5320
2888,新光金,130,91,39,高橋,2023-06-05,5320
00637L,元大滬深300正2,48,10,38,高橋,2023-06-05,5320
8150,南茂,36,0,36,高橋,2023-06-05,5320
2353,宏��,45,11,34,高橋,2023-06-05,5320
2892,第一金,33,0,33,高橋,2023-06-05,5320
2328,廣宇,35,2,33,高橋,2023-06-05,5320
3231,緯創,95,63,32,高橋,2023-06-05,5320
2515,中工,47,19,28,高橋,2023-06-05,5320
2303,聯電,29,1,28,高橋,2023-06-05,5320
8234,新漢,50,22,28,高橋,2023-06-05,5320
1611,中電,39,12,27,高橋,2023-06-05,5320
2884,玉山金,40,14,26,高橋,2023-06-05,5320
00882,中信中國高股息,29,4,25,高橋,2023-06-05,5320
00632R,元大台灣50反1,25,0,25,高橋,2023-06-05,5320
3630,新鉅科,34,10,24,高橋,2023-06-05,5320
00713,元大台灣高息低波,27,4,23,高橋,2023-06-05,5320
6282,康舒,47,24,23,高橋,2023-06-05,5320
3016,嘉晶,23,0,23,高橋,2023-06-05,5320
00696B,富邦美債20年,22,0,22,高橋,2023-06-05,5320
3664,安瑞-KY,22,0,22,高橋,2023-06-05,5320
8277,商丞,22,1,21,高橋,2023-06-05,5320
3118,進階,18,0,18,高橋,2023-06-05,5320
2363,矽統,17,0,17,高橋,2023-06-05,5320
2329,華泰,20,3,17,高橋,2023-06-05,5320
6160,欣技,21,4,17,高橋,2023-06-05,5320
00679B,元大美債20年,19,3,16,高橋,2023-06-05,5320
1806,冠軍,16,1,15,高橋,2023-06-05,5320
3596,智易,20,5,15,高橋,2023-06-05,5320
1409,新纖,15,0,15,高橋,2023-06-05,5320
2317,鴻海,29,16,13,高橋,2023-06-05,5320
6015,宏遠證,14,1,13,高橋,2023-06-05,5320
2449,京元電子,15,2,13,高橋,2023-06-05,5320
00895,富邦未來車,13,0,13,高橋,2023-06-05,5320
00772B,中信高評級公司債,13,0,13,高橋,2023-06-05,5320
5478,智冠,17,5,12,高橋,2023-06-05,5320
2337,旺宏,26,14,12,高橋,2023-06-05,5320
1810,和成,14,2,12,高橋,2023-06-05,5320
1503,士電,15,3,12,高橋,2023-06-05,5320
8111,立��,14,2,12,高橋,2023-06-05,5320
2888,新光金,331,35,296,高橋,2023-06-06,5320
9945,潤泰新,291,0,291,高橋,2023-06-06,5320
2634,漢翔,177,16,161,高橋,2023-06-06,5320
00632R,元大台灣50反1,104,0,104,高橋,2023-06-06,5320
2890,永豐金,103,5,98,高橋,2023-06-06,5320
6116,彩晶,88,15,73,高橋,2023-06-06,5320
2461,光群雷,84,12,72,高橋,2023-06-06,5320
1905,華紙,105,42,63,高橋,2023-06-06,5320
00664R,國泰臺灣加權反1,50,0,50,高橋,2023-06-06,5320
00712,復華富時不動產,50,0,50,高橋,2023-06-06,5320
00679B,元大美債20年,48,3,45,高橋,2023-06-06,5320
00927,群益半導體收益,44,0,44,高橋,2023-06-06,5320
2206,三陽工業,60,16,44,高橋,2023-06-06,5320
2402,毅嘉,46,4,42,高橋,2023-06-06,5320
3037,欣興,43,2,41,高橋,2023-06-06,5320
6120,達運,41,0,41,高橋,2023-06-06,5320
5864,致和證,40,0,40,高橋,2023-06-06,5320
4533,協易機,46,8,38,高橋,2023-06-06,5320
1608,華榮,70,34,36,高橋,2023-06-06,5320
6282,康舒,57,22,35,高橋,2023-06-06,5320
6148,驊宏資,40,5,35,高橋,2023-06-06,5320
2492,華新科,35,1,34,高橋,2023-06-06,5320
1528,恩德,37,4,33,高橋,2023-06-06,5320
2303,聯電,38,10,28,高橋,2023-06-06,5320
4906,正文,25,2,23,高橋,2023-06-06,5320
3025,星通,23,0,23,高橋,2023-06-06,5320
00919,群益台灣精選高息,22,0,22,高橋,2023-06-06,5320
00923,群益台ESG低碳50,20,0,20,高橋,2023-06-06,5320
00671R,富邦NASDAQ反1,20,0,20,高橋,2023-06-06,5320
5457,宣德,20,0,20,高橋,2023-06-06,5320
6290,良維,24,4,20,高橋,2023-06-06,5320
2331,精英,19,0,19,高橋,2023-06-06,5320
1711,永光,26,9,17,高橋,2023-06-06,5320
1513,中興電,23,7,16,高橋,2023-06-06,5320
2332,友訊,16,0,16,高橋,2023-06-06,5320
1806,冠軍,16,1,15,高橋,2023-06-06,5320
2610,華航,45,31,14,高橋,2023-06-06,5320
3290,東浦,14,0,14,高橋,2023-06-06,5320
3576,聯合再生,18,5,13,高橋,2023-06-06,5320
2543,皇昌,13,0,13,高橋,2023-06-06,5320
4916,事欣科,20,7,13,高橋,2023-06-06,5320
4931,新盛力,24,11,13,高橋,2023-06-06,5320
3032,偉訓,18,6,12,高橋,2023-06-06,5320
5443,均豪,12,0,12,高橋,2023-06-06,5320
2495,普安,12,0,12,高橋,2023-06-06,5320
6770,力積電,16,4,12,高橋,2023-06-06,5320
4147,中裕,16,4,12,高橋,2023-06-06,5320
2351,順德,12,0,12,高橋,2023-06-06,5320
6016,康和證,12,0,12,高橋,2023-06-06,5320
8210,勤誠,12,0,12,高橋,2023-06-06,5320
2323,中環,170,73,97,高橋,2023-06-07,5320
00885,富邦越南,100,10,90,高橋,2023-06-07,5320
6125,廣運,106,19,87,高橋,2023-06-07,5320
1608,華榮,140,60,80,高橋,2023-06-07,5320
2834,臺企銀,100,31,69,高橋,2023-06-07,5320
00637L,元大滬深300正2,66,0,66,高橋,2023-06-07,5320
00882,中信中國高股息,58,0,58,高橋,2023-06-07,5320
1815,富喬,60,5,55,高橋,2023-06-07,5320
00664R,國泰臺灣加權反1,50,0,50,高橋,2023-06-07,5320
1101,台泥,53,4,49,高橋,2023-06-07,5320
1524,耿鼎,48,0,48,高橋,2023-06-07,5320
00671R,富邦NASDAQ反1,40,0,40,高橋,2023-06-07,5320
2313,華通,39,0,39,高橋,2023-06-07,5320
1702,南僑,38,0,38,高橋,2023-06-07,5320
1618,合機,37,4,33,高橋,2023-06-07,5320
6270,倍微,31,0,31,高橋,2023-06-07,5320
2515,中工,32,3,29,高橋,2023-06-07,5320
1460,宏遠,40,11,29,高橋,2023-06-07,5320
2425,承啟,74,45,29,高橋,2023-06-07,5320
00927,群益半導體收益,28,0,28,高橋,2023-06-07,5320
1903,士紙,27,1,26,高橋,2023-06-07,5320
2461,光群雷,26,1,25,高橋,2023-06-07,5320
2401,凌陽,48,24,24,高橋,2023-06-07,5320
1612,宏泰,52,29,23,高橋,2023-06-07,5320
2706,第一店,58,35,23,高橋,2023-06-07,5320
2610,華航,72,50,22,高橋,2023-06-07,5320
3703,欣陸,31,9,22,高橋,2023-06-07,5320
00712,復華富時不動產,27,7,20,高橋,2023-06-07,5320
4533,協易機,54,34,20,高橋,2023-06-07,5320
5284,jpp-KY,25,6,19,高橋,2023-06-07,5320
5009,榮剛,23,6,17,高橋,2023-06-07,5320
2457,飛宏,45,28,17,高橋,2023-06-07,5320
5706,鳳凰,22,6,16,高橋,2023-06-07,5320
8088,品安,28,12,16,高橋,2023-06-07,5320
00633L,富邦上証正2,20,4,16,高橋,2023-06-07,5320
2427,三商電,27,11,16,高橋,2023-06-07,5320
2337,旺宏,26,11,15,高橋,2023-06-07,5320
1584,精剛,24,9,15,高橋,2023-06-07,5320
3673,TPK-KY,15,0,15,高橋,2023-06-07,5320
00903,富邦元宇宙,15,0,15,高橋,2023-06-07,5320
6182,合晶,15,0,15,高橋,2023-06-07,5320
3630,新鉅科,17,3,14,高橋,2023-06-07,5320
4763,材料-KY,14,2,12,高橋,2023-06-07,5320
8277,商丞,15,3,12,高橋,2023-06-07,5320
2362,藍天,12,0,12,高橋,2023-06-07,5320
2345,智邦,12,0,12,高橋,2023-06-07,5320
2353,宏��,14,2,12,高橋,2023-06-07,5320
3056,富華新,11,0,11,高橋,2023-06-07,5320
1711,永光,11,0,11,高橋,2023-06-07,5320
3260,威剛,22,11,11,高橋,2023-06-07,5320
00637L,元大滬深300正2,107,0,107,高橋,2023-06-08,5320
2344,華邦電,115,18,97,高橋,2023-06-08,5320
2888,新光金,124,35,89,高橋,2023-06-08,5320
00720B,元大投資級公司債,69,0,69,高橋,2023-06-08,5320
00919,群益台灣精選高息,65,0,65,高橋,2023-06-08,5320
1609,大亞,155,91,64,高橋,2023-06-08,5320
3037,欣興,80,20,60,高橋,2023-06-08,5320
6282,康舒,67,9,58,高橋,2023-06-08,5320
00664R,國泰臺灣加權反1,50,0,50,高橋,2023-06-08,5320
00893,國泰智能電動車,47,4,43,高橋,2023-06-08,5320
00927,群益半導體收益,42,0,42,高橋,2023-06-08,5320
2390,云辰,38,0,38,高橋,2023-06-08,5320
00679B,元大美債20年,40,2,38,高橋,2023-06-08,5320
00878,國泰永續高股息,54,17,37,高橋,2023-06-08,5320
2641,正德,43,6,37,高橋,2023-06-08,5320
6016,康和證,35,1,34,高橋,2023-06-08,5320
2457,飛宏,37,3,34,高橋,2023-06-08,5320
2484,希華,30,0,30,高橋,2023-06-08,5320
4533,協易機,35,7,28,高橋,2023-06-08,5320
00688L,國泰20年美債正2,27,0,27,高橋,2023-06-08,5320
2634,漢翔,67,41,26,高橋,2023-06-08,5320
1752,南光,26,0,26,高橋,2023-06-08,5320
2461,光群雷,32,6,26,高橋,2023-06-08,5320
2498,宏達電,34,9,25,高橋,2023-06-08,5320
0056,元大高股息,46,24,22,高橋,2023-06-08,5320
3038,全台,24,2,22,高橋,2023-06-08,5320
6285,啟��,28,7,21,高橋,2023-06-08,5320
00900,富邦特選高股息30,26,5,21,高橋,2023-06-08,5320
00772B,中信高評級公司債,20,0,20,高橋,2023-06-08,5320
6188,廣明,21,1,20,高橋,2023-06-08,5320
1605,華新,56,36,20,高橋,2023-06-08,5320
8046,南電,21,1,20,高橋,2023-06-08,5320
2882,國泰金,20,0,20,高橋,2023-06-08,5320
2492,華新科,22,3,19,高橋,2023-06-08,5320
6015,宏遠證,20,1,19,高橋,2023-06-08,5320
2414,精技,19,0,19,高橋,2023-06-08,5320
2382,廣達,24,5,19,高橋,2023-06-08,5320
2356,英業達,18,0,18,高橋,2023-06-08,5320
2705,六福,92,74,18,高橋,2023-06-08,5320
00696B,富邦美債20年,17,0,17,高橋,2023-06-08,5320
1504,東元,21,4,17,高橋,2023-06-08,5320
1514,亞力,20,3,17,高橋,2023-06-08,5320
2201,裕隆,21,4,17,高橋,2023-06-08,5320
3711,日月光投控,21,4,17,高橋,2023-06-08,5320
9945,潤泰新,20,4,16,高橋,2023-06-08,5320
4960,誠美材,21,5,16,高橋,2023-06-08,5320
2377,微星,16,0,16,高橋,2023-06-08,5320
00882,中信中國高股息,15,0,15,高橋,2023-06-08,5320
2337,旺宏,32,17,15,高橋,2023-06-08,5320
00680L,元大美債20正2,15,0,15,高橋,2023-06-08,5320
00882,中信中國高股息,310,0,310,高橋,2023-06-09,5320
00929,復華台灣科技優息,204,0,204,高橋,2023-06-09,5320
1810,和成,100,0,100,高橋,2023-06-09,5320
2888,新光金,127,50,77,高橋,2023-06-09,5320
00919,群益台灣精選高息,68,0,68,高橋,2023-06-09,5320
2705,六福,100,38,62,高橋,2023-06-09,5320
1802,台玻,64,3,61,高橋,2023-06-09,5320
00679B,元大美債20年,61,2,59,高橋,2023-06-09,5320
1504,東元,62,8,54,高橋,2023-06-09,5320
2701,萬企,50,0,50,高橋,2023-06-09,5320
00715L,期街口布蘭特正2,47,0,47,高橋,2023-06-09,5320
2630,亞航,71,25,46,高橋,2023-06-09,5320
1608,華榮,43,3,40,高橋,2023-06-09,5320
00773B,中信優先金融債,40,0,40,高橋,2023-06-09,5320
2425,承啟,41,4,37,高橋,2023-06-09,5320
5371,中光電,37,0,37,高橋,2023-06-09,5320
0056,元大高股息,55,20,35,高橋,2023-06-09,5320
2610,華航,83,49,34,高橋,2023-06-09,5320
1815,富喬,41,10,31,高橋,2023-06-09,5320
1609,大亞,99,69,30,高橋,2023-06-09,5320
00642U,期元大S＆P石油,29,0,29,高橋,2023-06-09,5320
2421,建準,40,17,23,高橋,2023-06-09,5320
6016,康和證,22,0,22,高橋,2023-06-09,5320
4564,元翎,27,6,21,高橋,2023-06-09,5320
6667,信紘科,21,0,21,高橋,2023-06-09,5320
2308,台達電,22,1,21,高橋,2023-06-09,5320
2851,中再保,20,0,20,高橋,2023-06-09,5320
6593,台灣銘板,20,0,20,高橋,2023-06-09,5320
2414,精技,20,0,20,高橋,2023-06-09,5320
1227,佳格,20,0,20,高橋,2023-06-09,5320
5009,榮剛,23,3,20,高橋,2023-06-09,5320
00712,復華富時不動產,21,2,19,高橋,2023-06-09,5320
2482,連宇,21,2,19,高橋,2023-06-09,5320
6129,普誠,25,6,19,高橋,2023-06-09,5320
1714,和桐,18,0,18,高橋,2023-06-09,5320
2352,佳世達,71,53,18,高橋,2023-06-09,5320
5475,德宏,17,0,17,高橋,2023-06-09,5320
2328,廣宇,18,1,17,高橋,2023-06-09,5320
2484,希華,22,5,17,高橋,2023-06-09,5320
1514,亞力,37,21,16,高橋,2023-06-09,5320
2353,宏��,64,49,15,高橋,2023-06-09,5320
3128,昇銳,15,0,15,高橋,2023-06-09,5320
2399,映泰,38,23,15,高橋,2023-06-09,5320
3071,協禧,15,0,15,高橋,2023-06-09,5320
1786,科妍,15,0,15,高橋,2023-06-09,5320
2453,凌群,16,1,15,高橋,2023-06-09,5320
5531,鄉林,15,1,14,高橋,2023-06-09,5320
3511,矽瑪,15,1,14,高橋,2023-06-09,5320
2731,雄獅,21,8,13,高橋,2023-06-09,5320
6152,百一,13,0,13,高橋,2023-06-09,5320
2888,新光金,264,69,195,高橋,2023-06-12,5320
00929,復華台灣科技優息,169,6,163,高橋,2023-06-12,5320
00715L,期街口布蘭特正2,112,0,112,高橋,2023-06-12,5320
2618,長榮航,139,49,90,高橋,2023-06-12,5320
00919,群益台灣精選高息,89,4,85,高橋,2023-06-12,5320
2206,三陽工業,72,4,68,高橋,2023-06-12,5320
2356,英業達,71,8,63,高橋,2023-06-12,5320
2610,華航,79,18,61,高橋,2023-06-12,5320
6167,久正,57,2,55,高橋,2023-06-12,5320
00669R,國泰美國道瓊反1,50,0,50,高橋,2023-06-12,5320
00893,國泰智能電動車,53,3,50,高橋,2023-06-12,5320
00712,復華富時不動產,44,0,44,高橋,2023-06-12,5320
1810,和成,50,9,41,高橋,2023-06-12,5320
1609,大亞,70,32,38,高橋,2023-06-12,5320
1714,和桐,38,0,38,高橋,2023-06-12,5320
2495,普安,37,2,35,高橋,2023-06-12,5320
6122,擎邦,36,3,33,高橋,2023-06-12,5320
5351,鈺創,34,2,32,高橋,2023-06-12,5320
2331,精英,30,0,30,高橋,2023-06-12,5320
00664R,國泰臺灣加權反1,30,0,30,高橋,2023-06-12,5320
2382,廣達,40,10,30,高橋,2023-06-12,5320
2312,金寶,62,34,28,高橋,2023-06-12,5320
3231,緯創,128,100,28,高橋,2023-06-12,5320
6441,廣錠,35,9,26,高橋,2023-06-12,5320
00642U,期元大S＆P石油,26,0,26,高橋,2023-06-12,5320
2634,漢翔,40,16,24,高橋,2023-06-12,5320
6125,廣運,29,5,24,高橋,2023-06-12,5320
2891,中信金,24,0,24,高橋,2023-06-12,5320
3374,精材,39,16,23,高橋,2023-06-12,5320
1504,東元,29,6,23,高橋,2023-06-12,5320
6163,華電網,23,0,23,高橋,2023-06-12,5320
1605,華新,32,10,22,高橋,2023-06-12,5320
1802,台玻,27,5,22,高橋,2023-06-12,5320
2609,陽明,43,21,22,高橋,2023-06-12,5320
2482,連宇,26,4,22,高橋,2023-06-12,5320
2851,中再保,23,1,22,高橋,2023-06-12,5320
5009,榮剛,25,4,21,高橋,2023-06-12,5320
3078,僑威,45,25,20,高橋,2023-06-12,5320
6016,康和證,30,10,20,高橋,2023-06-12,5320
5529,鉅陞,20,0,20,高橋,2023-06-12,5320
3481,群創,48,29,19,高橋,2023-06-12,5320
8038,長園科,19,0,19,高橋,2023-06-12,5320
3346,麗清,21,3,18,高橋,2023-06-12,5320
8358,金居,19,2,17,高橋,2023-06-12,5320
3049,精金,17,0,17,高橋,2023-06-12,5320
3615,安可,16,0,16,高橋,2023-06-12,5320
1301,台塑,16,0,16,高橋,2023-06-12,5320
3050,鈺德,15,0,15,高橋,2023-06-12,5320
00907,永豐優息存股,15,0,15,高橋,2023-06-12,5320
1752,南光,15,0,15,高橋,2023-06-12,5320
00715L,期街口布蘭特正2,425,0,425,高橋,2023-06-13,5320
00919,群益台灣精選高息,292,19,273,高橋,2023-06-13,5320
2801,彰銀,274,8,266,高橋,2023-06-13,5320
2408,南亞科,172,15,157,高橋,2023-06-13,5320
2323,中環,169,14,155,高橋,2023-06-13,5320
00664R,國泰臺灣加權反1,96,0,96,高橋,2023-06-13,5320
00642U,期元大S＆P石油,68,0,68,高橋,2023-06-13,5320
6443,元晶,55,1,54,高橋,2023-06-13,5320
00676R,富邦臺灣加權反1,43,0,43,高橋,2023-06-13,5320
1609,大亞,88,46,42,高橋,2023-06-13,5320
2705,六福,36,1,35,高橋,2023-06-13,5320
1806,冠軍,35,7,28,高橋,2023-06-13,5320
2630,亞航,51,26,25,高橋,2023-06-13,5320
6016,康和證,39,16,23,高橋,2023-06-13,5320
6140,訊達,25,2,23,高橋,2023-06-13,5320
4979,華星光,48,25,23,高橋,2023-06-13,5320
6147,頎邦,21,0,21,高橋,2023-06-13,5320
3576,聯合再生,20,0,20,高橋,2023-06-13,5320
1402,遠東新,20,0,20,高橋,2023-06-13,5320
5529,鉅陞,20,0,20,高橋,2023-06-13,5320
6415,矽力*-KY,20,0,20,高橋,2023-06-13,5320
3011,今皓,24,5,19,高橋,2023-06-13,5320
6667,信紘科,19,0,19,高橋,2023-06-13,5320
8926,台汽電,23,4,19,高橋,2023-06-13,5320
3003,健和興,23,5,18,高橋,2023-06-13,5320
3308,聯德,24,6,18,高橋,2023-06-13,5320
3438,類比科,22,4,18,高橋,2023-06-13,5320
3498,陽程,20,2,18,高橋,2023-06-13,5320
8034,榮群,23,6,17,高橋,2023-06-13,5320
2882,國泰金,18,2,16,高橋,2023-06-13,5320
00892,富邦台灣半導體,16,0,16,高橋,2023-06-13,5320
00637L,元大滬深300正2,35,20,15,高橋,2023-06-13,5320
00751B,元大AAA至A公司債,12,0,12,高橋,2023-06-13,5320
8038,長園科,12,0,12,高橋,2023-06-13,5320
5443,均豪,12,0,12,高橋,2023-06-13,5320
1905,華紙,45,33,12,高橋,2023-06-13,5320
1303,南亞,12,0,12,高橋,2023-06-13,5320
1795,美時,12,1,11,高橋,2023-06-13,5320
4142,國光生,11,0,11,高橋,2023-06-13,5320
1785,光洋科,14,3,11,高橋,2023-06-13,5320
3481,群創,28,18,10,高橋,2023-06-13,5320
00712,復華富時不動產,16,6,10,高橋,2023-06-13,5320
4417,金洲,10,0,10,高橋,2023-06-13,5320
00907,永豐優息存股,10,0,10,高橋,2023-06-13,5320
1201,味全,10,0,10,高橋,2023-06-13,5320
1721,三晃,10,0,10,高橋,2023-06-13,5320
2208,台船,10,0,10,高橋,2023-06-13,5320
2457,飛宏,12,3,9,高橋,2023-06-13,5320
4157,太景*-KY,13,4,9,高橋,2023-06-13,5320
5706,鳳凰,13,4,9,高橋,2023-06-13,5320
00919,群益台灣精選高息,137,0,137,高橋,2023-06-14,5320
3356,奇偶,142,10,132,高橋,2023-06-14,5320
6443,元晶,91,2,89,高橋,2023-06-14,5320
8033,雷虎,74,1,73,高橋,2023-06-14,5320
2356,英業達,163,93,70,高橋,2023-06-14,5320
00688L,國泰20年美債正2,60,0,60,高橋,2023-06-14,5320
8105,凌巨,59,4,55,高橋,2023-06-14,5320
00632R,元大台灣50反1,50,0,50,高橋,2023-06-14,5320
1609,大亞,132,82,50,高橋,2023-06-14,5320
0056,元大高股息,56,13,43,高橋,2023-06-14,5320
00671R,富邦NASDAQ反1,40,0,40,高橋,2023-06-14,5320
2515,中工,37,0,37,高橋,2023-06-14,5320
6016,康和證,70,34,36,高橋,2023-06-14,5320
2492,華新科,33,0,33,高橋,2023-06-14,5320
2405,輔信,39,7,32,高橋,2023-06-14,5320
3711,日月光投控,27,0,27,高橋,2023-06-14,5320
2634,漢翔,28,2,26,高橋,2023-06-14,5320
2382,廣達,30,4,26,高橋,2023-06-14,5320
3046,建��,29,3,26,高橋,2023-06-14,5320
6122,擎邦,46,22,24,高橋,2023-06-14,5320
6535,順藥,21,0,21,高橋,2023-06-14,5320
1319,東陽,39,18,21,高橋,2023-06-14,5320
1734,杏輝,20,0,20,高橋,2023-06-14,5320
2399,映泰,23,3,20,高橋,2023-06-14,5320
2017,官田鋼,20,0,20,高橋,2023-06-14,5320
5529,鉅陞,20,0,20,高橋,2023-06-14,5320
2888,新光金,44,25,19,高橋,2023-06-14,5320
2801,彰銀,26,7,19,高橋,2023-06-14,5320
2330,台積電,23,4,19,高橋,2023-06-14,5320
3615,安可,18,0,18,高橋,2023-06-14,5320
6015,宏遠證,20,2,18,高橋,2023-06-14,5320
2609,陽明,52,34,18,高橋,2023-06-14,5320
5258,虹堡,23,6,17,高橋,2023-06-14,5320
4919,新唐,22,5,17,高橋,2023-06-14,5320
1529,樂事綠能,22,5,17,高橋,2023-06-14,5320
1409,新纖,17,0,17,高橋,2023-06-14,5320
5351,鈺創,22,5,17,高橋,2023-06-14,5320
5706,鳳凰,18,2,16,高橋,2023-06-14,5320
2855,統一證,16,0,16,高橋,2023-06-14,5320
00679B,元大美債20年,15,0,15,高橋,2023-06-14,5320
2881,富邦金,15,0,15,高橋,2023-06-14,5320
2338,光罩,16,1,15,高橋,2023-06-14,5320
3583,辛耘,17,3,14,高橋,2023-06-14,5320
00892,富邦台灣半導體,14,0,14,高橋,2023-06-14,5320
2436,偉詮電,15,1,14,高橋,2023-06-14,5320
3048,益登,14,0,14,高橋,2023-06-14,5320
6026,福邦證,19,5,14,高橋,2023-06-14,5320
3652,精聯,22,8,14,高橋,2023-06-14,5320
00680L,元大美債20正2,14,0,14,高橋,2023-06-14,5320
3011,今皓,13,0,13,高橋,2023-06-14,5320
2489,瑞軒,213,5,208,高橋,2023-06-15,5320
00637L,元大滬深300正2,200,55,145,高橋,2023-06-15,5320
00712,復華富時不動產,126,0,126,高橋,2023-06-15,5320
2356,英業達,237,144,93,高橋,2023-06-15,5320
00919,群益台灣精選高息,89,4,85,高橋,2023-06-15,5320
0056,元大高股息,94,35,59,高橋,2023-06-15,5320
00715L,期街口布蘭特正2,91,40,51,高橋,2023-06-15,5320
6443,元晶,51,2,49,高橋,2023-06-15,5320
2105,正新,44,0,44,高橋,2023-06-15,5320
2374,佳能,41,0,41,高橋,2023-06-15,5320
00680L,元大美債20正2,38,0,38,高橋,2023-06-15,5320
2409,友達,48,15,33,高橋,2023-06-15,5320
5426,振發,35,4,31,高橋,2023-06-15,5320
00664R,國泰臺灣加權反1,30,0,30,高橋,2023-06-15,5320
8059,凱碩,30,0,30,高橋,2023-06-15,5320
1529,樂事綠能,37,8,29,高橋,2023-06-15,5320
1712,興農,30,3,27,高橋,2023-06-15,5320
5443,均豪,26,0,26,高橋,2023-06-15,5320
5425,台半,26,1,25,高橋,2023-06-15,5320
3356,奇偶,54,30,24,高橋,2023-06-15,5320
4510,高鋒,25,2,23,高橋,2023-06-15,5320
6005,群益證,23,0,23,高橋,2023-06-15,5320
8076,伍豐,55,33,22,高橋,2023-06-15,5320
00850,元大臺灣ESG永續,22,0,22,高橋,2023-06-15,5320
00751B,元大AAA至A公司債,22,0,22,高橋,2023-06-15,5320
2891,中信金,23,1,22,高橋,2023-06-15,5320
1521,大億,22,1,21,高橋,2023-06-15,5320
5529,鉅陞,20,0,20,高橋,2023-06-15,5320
2485,兆赫,20,0,20,高橋,2023-06-15,5320
3564,其陽,20,0,20,高橋,2023-06-15,5320
3576,聯合再生,23,4,19,高橋,2023-06-15,5320
2453,凌群,71,52,19,高橋,2023-06-15,5320
2633,台灣高鐵,20,2,18,高橋,2023-06-15,5320
00642U,期元大S＆P石油,17,0,17,高橋,2023-06-15,5320
2468,華經,25,9,16,高橋,2023-06-15,5320
8418,捷必勝-KY,16,0,16,高橋,2023-06-15,5320
3055,蔚華科,69,54,15,高橋,2023-06-15,5320
00632R,元大台灣50反1,25,10,15,高橋,2023-06-15,5320
6122,擎邦,16,2,14,高橋,2023-06-15,5320
2481,強茂,14,0,14,高橋,2023-06-15,5320
00772B,中信高評級公司債,14,0,14,高橋,2023-06-15,5320
6125,廣運,16,2,14,高橋,2023-06-15,5320
2405,輔信,14,1,13,高橋,2023-06-15,5320
2705,六福,13,0,13,高橋,2023-06-15,5320
4564,元翎,13,0,13,高橋,2023-06-15,5320
3596,智易,13,0,13,高橋,2023-06-15,5320
2317,鴻海,34,22,12,高橋,2023-06-15,5320
2376,技嘉,26,14,12,高橋,2023-06-15,5320
5386,青雲,13,1,12,高橋,2023-06-15,5320
5703,亞都,12,0,12,高橋,2023-06-15,5320
00669R,國泰美國道瓊反1,133,9,124,高橋,2023-06-16,5320
00919,群益台灣精選高息,144,26,118,高橋,2023-06-16,5320
00671R,富邦NASDAQ反1,116,0,116,高橋,2023-06-16,5320
2498,宏達電,117,5,112,高橋,2023-06-16,5320
00712,復華富時不動產,106,0,106,高橋,2023-06-16,5320
3706,神達,150,47,103,高橋,2023-06-16,5320
2605,新興,90,0,90,高橋,2023-06-16,5320
2630,亞航,82,4,78,高橋,2023-06-16,5320
2610,華航,396,328,68,高橋,2023-06-16,5320
2495,普安,77,17,60,高橋,2023-06-16,5320
00655L,國泰中國A50正2,110,55,55,高橋,2023-06-16,5320
1605,華新,107,52,55,高橋,2023-06-16,5320
00882,中信中國高股息,63,9,54,高橋,2023-06-16,5320
00929,復華台灣科技優息,53,2,51,高橋,2023-06-16,5320
2371,大同,120,75,45,高橋,2023-06-16,5320
1319,東陽,41,0,41,高橋,2023-06-16,5320
2359,所羅門,51,13,38,高橋,2023-06-16,5320
6282,康舒,42,5,37,高橋,2023-06-16,5320
8049,晶采,33,0,33,高橋,2023-06-16,5320
2353,宏��,43,10,33,高橋,2023-06-16,5320
1609,大亞,144,113,31,高橋,2023-06-16,5320
1584,精剛,32,2,30,高橋,2023-06-16,5320
2834,臺企銀,32,3,29,高橋,2023-06-16,5320
0056,元大高股息,58,31,27,高橋,2023-06-16,5320
1504,東元,67,40,27,高橋,2023-06-16,5320
2312,金寶,97,71,26,高橋,2023-06-16,5320
6443,元晶,28,2,26,高橋,2023-06-16,5320
8059,凱碩,25,0,25,高橋,2023-06-16,5320
6180,橘子,25,0,25,高橋,2023-06-16,5320
2892,第一金,25,0,25,高橋,2023-06-16,5320
2399,映泰,29,5,24,高橋,2023-06-16,5320
2809,京城銀,24,0,24,高橋,2023-06-16,5320
2356,英業達,104,81,23,高橋,2023-06-16,5320
8050,廣積,36,14,22,高橋,2023-06-16,5320
2851,中再保,23,1,22,高橋,2023-06-16,5320
1301,台塑,27,5,22,高橋,2023-06-16,5320
4526,東台,21,0,21,高橋,2023-06-16,5320
9962,有益,20,0,20,高橋,2023-06-16,5320
5905,南仁湖,25,5,20,高橋,2023-06-16,5320
5529,鉅陞,20,0,20,高橋,2023-06-16,5320
6147,頎邦,21,2,19,高橋,2023-06-16,5320
1608,華榮,30,12,18,高橋,2023-06-16,5320
4961,天鈺,23,5,18,高橋,2023-06-16,5320
3265,台星科,20,2,18,高橋,2023-06-16,5320
2886,兆豐金,17,0,17,高橋,2023-06-16,5320
2884,玉山金,17,0,17,高橋,2023-06-16,5320
1423,利華,16,0,16,高橋,2023-06-16,5320
6005,群益證,15,0,15,高橋,2023-06-16,5320
2484,希華,15,0,15,高橋,2023-06-16,5320
2331,精英,20,6,14,高橋,2023-06-16,5320
6147,頎邦,184,2,182,高橋,2023-06-19,5320
00706L,期元大S＆P日圓正2,135,2,133,高橋,2023-06-19,5320
2610,華航,295,201,94,高橋,2023-06-19,5320
00679B,元大美債20年,70,0,70,高橋,2023-06-19,5320
2208,台船,73,11,62,高橋,2023-06-19,5320
2324,仁寶,66,5,61,高橋,2023-06-19,5320
00929,復華台灣科技優息,58,0,58,高橋,2023-06-19,5320
2603,長榮,62,8,54,高橋,2023-06-19,5320
00632R,元大台灣50反1,50,0,50,高橋,2023-06-19,5320
2883,凱基金,49,3,46,高橋,2023-06-19,5320
00919,群益台灣精選高息,47,3,44,高橋,2023-06-19,5320
1605,華新,78,37,41,高橋,2023-06-19,5320
2331,精英,44,4,40,高橋,2023-06-19,5320
00712,復華富時不動產,95,58,37,高橋,2023-06-19,5320
9904,寶成,37,0,37,高橋,2023-06-19,5320
00637L,元大滬深300正2,37,1,36,高橋,2023-06-19,5320
1603,華電,36,0,36,高橋,2023-06-19,5320
2882,國泰金,44,10,34,高橋,2023-06-19,5320
2303,聯電,59,26,33,高橋,2023-06-19,5320
3576,聯合再生,31,0,31,高橋,2023-06-19,5320
2908,特力,30,0,30,高橋,2023-06-19,5320
1529,樂事綠能,54,26,28,高橋,2023-06-19,5320
4938,和碩,28,0,28,高橋,2023-06-19,5320
2312,金寶,75,49,26,高橋,2023-06-19,5320
2888,新光金,52,27,25,高橋,2023-06-19,5320
1710,東聯,25,0,25,高橋,2023-06-19,5320
2618,長榮航,71,49,22,高橋,2023-06-19,5320
2014,中鴻,23,1,22,高橋,2023-06-19,5320
3055,蔚華科,22,0,22,高橋,2023-06-19,5320
3231,緯創,71,50,21,高橋,2023-06-19,5320
00673R,期元大S＆P原油反1,21,0,21,高橋,2023-06-19,5320
1737,臺鹽,30,10,20,高橋,2023-06-19,5320
5529,鉅陞,20,0,20,高橋,2023-06-19,5320
3049,精金,28,8,20,高橋,2023-06-19,5320
00680L,元大美債20正2,50,30,20,高橋,2023-06-19,5320
2399,映泰,22,2,20,高橋,2023-06-19,5320
00882,中信中國高股息,19,0,19,高橋,2023-06-19,5320
2449,京元電子,22,3,19,高橋,2023-06-19,5320
1513,中興電,73,55,18,高橋,2023-06-19,5320
1503,士電,21,3,18,高橋,2023-06-19,5320
00650L,復華香港正2,18,0,18,高橋,2023-06-19,5320
1519,華城,31,14,17,高橋,2023-06-19,5320
2382,廣達,26,10,16,高橋,2023-06-19,5320
2609,陽明,45,30,15,高橋,2023-06-19,5320
6789,采鈺,27,12,15,高橋,2023-06-19,5320
1611,中電,17,2,15,高橋,2023-06-19,5320
2371,大同,21,6,15,高橋,2023-06-19,5320
6148,驊宏資,37,23,14,高橋,2023-06-19,5320
1307,三芳,15,1,14,高橋,2023-06-19,5320
1815,富喬,14,0,14,高橋,2023-06-19,5320
00753L,中信中國50正2,200,0,200,高橋,2023-06-20,5320
2323,中環,183,85,98,高橋,2023-06-20,5320
3252,海灣,121,25,96,高橋,2023-06-20,5320
3481,群創,109,43,66,高橋,2023-06-20,5320
00929,復華台灣科技優息,51,0,51,高橋,2023-06-20,5320
0056,元大高股息,54,12,42,高橋,2023-06-20,5320
2102,泰豐,50,10,40,高橋,2023-06-20,5320
5009,榮剛,39,2,37,高橋,2023-06-20,5320
8033,雷虎,36,0,36,高橋,2023-06-20,5320
00680L,元大美債20正2,32,0,32,高橋,2023-06-20,5320
2454,聯發科,34,2,32,高橋,2023-06-20,5320
3706,神達,33,3,30,高橋,2023-06-20,5320
2442,新美齊,30,0,30,高橋,2023-06-20,5320
2022,聚亨,30,0,30,高橋,2023-06-20,5320
4714,永捷,30,0,30,高橋,2023-06-20,5320
2618,長榮航,53,23,30,高橋,2023-06-20,5320
3024,憶聲,29,0,29,高橋,2023-06-20,5320
1802,台玻,27,0,27,高橋,2023-06-20,5320
2337,旺宏,30,4,26,高橋,2023-06-20,5320
00772B,中信高評級公司債,30,5,25,高橋,2023-06-20,5320
00919,群益台灣精選高息,25,0,25,高橋,2023-06-20,5320
1528,恩德,37,13,24,高橋,2023-06-20,5320
3264,欣銓,31,7,24,高橋,2023-06-20,5320
1605,華新,55,31,24,高橋,2023-06-20,5320
2409,友達,68,45,23,高橋,2023-06-20,5320
3260,威剛,25,2,23,高橋,2023-06-20,5320
6274,台燿,24,2,22,高橋,2023-06-20,5320
2382,廣達,42,20,22,高橋,2023-06-20,5320
00795B,中信美國公債20年,22,0,22,高橋,2023-06-20,5320
2101,南港,21,0,21,高橋,2023-06-20,5320
1609,大亞,75,54,21,高橋,2023-06-20,5320
00710B,復華彭博非投等債,20,0,20,高橋,2023-06-20,5320
4123,晟德,21,1,20,高橋,2023-06-20,5320
1591,駿吉-KY,20,0,20,高橋,2023-06-20,5320
5529,鉅陞,20,0,20,高橋,2023-06-20,5320
2610,華航,148,130,18,高橋,2023-06-20,5320
00751B,元大AAA至A公司債,18,0,18,高橋,2023-06-20,5320
6180,橘子,21,3,18,高橋,2023-06-20,5320
3011,今皓,18,0,18,高橋,2023-06-20,5320
2356,英業達,41,25,16,高橋,2023-06-20,5320
6244,茂迪,30,14,16,高橋,2023-06-20,5320
6116,彩晶,36,20,16,高橋,2023-06-20,5320
4904,遠傳,18,2,16,高橋,2023-06-20,5320
2405,輔信,47,31,16,高橋,2023-06-20,5320
6218,豪勉,16,1,15,高橋,2023-06-20,5320
00922,國泰台灣領袖50,15,0,15,高橋,2023-06-20,5320
6234,高僑,24,10,14,高橋,2023-06-20,5320
1460,宏遠,14,0,14,高橋,2023-06-20,5320
2492,華新科,14,0,14,高橋,2023-06-20,5320
2645,長榮航太,15,1,14,高橋,2023-06-20,5320
2634,漢翔,172,45,127,高橋,2023-06-21,5320
00753L,中信中國50正2,118,0,118,高橋,2023-06-21,5320
1605,華新,73,11,62,高橋,2023-06-21,5320
6695,芯鼎,61,2,59,高橋,2023-06-21,5320
2603,長榮,58,5,53,高橋,2023-06-21,5320
1609,大亞,56,6,50,高橋,2023-06-21,5320
1810,和成,51,2,49,高橋,2023-06-21,5320
00679B,元大美債20年,48,0,48,高橋,2023-06-21,5320
00713,元大台灣高息低波,45,1,44,高橋,2023-06-21,5320
2405,輔信,55,14,41,高橋,2023-06-21,5320
00882,中信中國高股息,34,0,34,高橋,2023-06-21,5320
00929,復華台灣科技優息,32,0,32,高橋,2023-06-21,5320
1584,精剛,32,0,32,高橋,2023-06-21,5320
1905,華紙,63,32,31,高橋,2023-06-21,5320
3673,TPK-KY,44,14,30,高橋,2023-06-21,5320
00687B,國泰20年美債,35,5,30,高橋,2023-06-21,5320
6120,達運,67,37,30,高橋,2023-06-21,5320
2702,華園,61,31,30,高橋,2023-06-21,5320
00650L,復華香港正2,28,0,28,高橋,2023-06-21,5320
2609,陽明,48,20,28,高橋,2023-06-21,5320
9919,康那香,51,24,27,高橋,2023-06-21,5320
00772B,中信高評級公司債,30,3,27,高橋,2023-06-21,5320
6234,高僑,26,0,26,高橋,2023-06-21,5320
2323,中環,66,40,26,高橋,2023-06-21,5320
2705,六福,58,34,24,高橋,2023-06-21,5320
1529,樂事綠能,28,5,23,高橋,2023-06-21,5320
4904,遠傳,23,0,23,高橋,2023-06-21,5320
2027,大成鋼,24,1,23,高橋,2023-06-21,5320
2537,聯上發,22,0,22,高橋,2023-06-21,5320
00673R,期元大S＆P原油反1,22,0,22,高橋,2023-06-21,5320
2908,特力,22,0,22,高橋,2023-06-21,5320
2497,怡利電,20,0,20,高橋,2023-06-21,5320
2101,南港,20,0,20,高橋,2023-06-21,5320
2356,英業達,68,49,19,高橋,2023-06-21,5320
00712,復華富時不動產,25,6,19,高橋,2023-06-21,5320
2329,華泰,22,3,19,高橋,2023-06-21,5320
4168,醣聯,20,2,18,高橋,2023-06-21,5320
5529,鉅陞,17,0,17,高橋,2023-06-21,5320
6282,康舒,37,21,16,高橋,2023-06-21,5320
4938,和碩,16,1,15,高橋,2023-06-21,5320
5484,慧友,20,5,15,高橋,2023-06-21,5320
6129,普誠,15,0,15,高橋,2023-06-21,5320
0050,元大台灣50,16,1,15,高橋,2023-06-21,5320
3264,欣銓,20,6,14,高橋,2023-06-21,5320
2308,台達電,15,2,13,高橋,2023-06-21,5320
5347,世界,18,5,13,高橋,2023-06-21,5320
3006,晶豪科,14,1,13,高橋,2023-06-21,5320
3062,建漢,12,0,12,高橋,2023-06-21,5320
2615,萬海,17,5,12,高橋,2023-06-21,5320
6223,旺矽,24,13,11,高橋,2023-06-21,5320
00715L,期街口布蘭特正2,200,1,199,高橋,2023-06-26,5320
1612,宏泰,162,5,157,高橋,2023-06-26,5320
3481,群創,157,43,114,高橋,2023-06-26,5320
00751B,元大AAA至A公司債,105,0,105,高橋,2023-06-26,5320
2485,兆赫,89,0,89,高橋,2023-06-26,5320
2913,農林,82,3,79,高橋,2023-06-26,5320
2610,華航,127,49,78,高橋,2023-06-26,5320
00687B,國泰20年美債,72,2,70,高橋,2023-06-26,5320
00637L,元大滬深300正2,52,0,52,高橋,2023-06-26,5320
3231,緯創,148,104,44,高橋,2023-06-26,5320
00882,中信中國高股息,43,0,43,高橋,2023-06-26,5320
2340,台亞,82,40,42,高橋,2023-06-26,5320
2892,第一金,43,2,41,高橋,2023-06-26,5320
00642U,期元大S＆P石油,41,1,40,高橋,2023-06-26,5320
8096,擎亞,37,0,37,高橋,2023-06-26,5320
2409,友達,46,10,36,高橋,2023-06-26,5320
1319,東陽,34,0,34,高橋,2023-06-26,5320
1504,東元,30,0,30,高橋,2023-06-26,5320
2461,光群雷,28,0,28,高橋,2023-06-26,5320
00679B,元大美債20年,28,2,26,高橋,2023-06-26,5320
2382,廣達,41,16,25,高橋,2023-06-26,5320
8358,金居,23,1,22,高橋,2023-06-26,5320
5009,榮剛,23,1,22,高橋,2023-06-26,5320
1737,臺鹽,21,0,21,高橋,2023-06-26,5320
3380,明泰,21,0,21,高橋,2023-06-26,5320
2888,新光金,22,1,21,高橋,2023-06-26,5320
2883,凱基金,31,10,21,高橋,2023-06-26,5320
2489,瑞軒,23,2,21,高橋,2023-06-26,5320
6282,康舒,24,4,20,高橋,2023-06-26,5320
1618,合機,20,0,20,高橋,2023-06-26,5320
4726,永昕,20,0,20,高橋,2023-06-26,5320
2017,官田鋼,23,3,20,高橋,2023-06-26,5320
1605,華新,79,59,20,高橋,2023-06-26,5320
3049,精金,29,10,19,高橋,2023-06-26,5320
5512,力麒,20,1,19,高橋,2023-06-26,5320
2354,鴻準,20,1,19,高橋,2023-06-26,5320
1810,和成,19,0,19,高橋,2023-06-26,5320
00929,復華台灣科技優息,18,0,18,高橋,2023-06-26,5320
2344,華邦電,30,12,18,高橋,2023-06-26,5320
1514,亞力,30,12,18,高橋,2023-06-26,5320
2312,金寶,24,6,18,高橋,2023-06-26,5320
5529,鉅陞,18,0,18,高橋,2023-06-26,5320
2618,長榮航,79,61,18,高橋,2023-06-26,5320
2748,雲品,19,2,17,高橋,2023-06-26,5320
2303,聯電,110,93,17,高橋,2023-06-26,5320
3032,偉訓,20,3,17,高橋,2023-06-26,5320
3025,星通,17,0,17,高橋,2023-06-26,5320
3711,日月光投控,22,5,17,高橋,2023-06-26,5320
3037,欣興,16,0,16,高橋,2023-06-26,5320
2908,特力,16,0,16,高橋,2023-06-26,5320
2485,兆赫,225,0,225,高橋,2023-06-27,5320
1603,華電,160,1,159,高橋,2023-06-27,5320
2303,聯電,182,36,146,高橋,2023-06-27,5320
00686R,群益臺灣加權反1,100,0,100,高橋,2023-06-27,5320
00664R,國泰臺灣加權反1,100,0,100,高橋,2023-06-27,5320
2883,凱基金,93,2,91,高橋,2023-06-27,5320
2323,中環,198,115,83,高橋,2023-06-27,5320
2409,友達,176,96,80,高橋,2023-06-27,5320
0056,元大高股息,115,38,77,高橋,2023-06-27,5320
3202,樺晟,77,12,65,高橋,2023-06-27,5320
1524,耿鼎,70,8,62,高橋,2023-06-27,5320
00878,國泰永續高股息,105,45,60,高橋,2023-06-27,5320
6116,彩晶,54,2,52,高橋,2023-06-27,5320
1605,華新,102,51,51,高橋,2023-06-27,5320
00929,復華台灣科技優息,51,0,51,高橋,2023-06-27,5320
3481,群創,118,68,50,高橋,2023-06-27,5320
1609,大亞,57,13,44,高橋,2023-06-27,5320
2618,長榮航,101,59,42,高橋,2023-06-27,5320
2344,華邦電,44,3,41,高橋,2023-06-27,5320
6026,福邦證,41,0,41,高橋,2023-06-27,5320
2890,永豐金,42,3,39,高橋,2023-06-27,5320
8033,雷虎,41,3,38,高橋,2023-06-27,5320
2388,威盛,36,0,36,高橋,2023-06-27,5320
2634,漢翔,75,41,34,高橋,2023-06-27,5320
1313,聯成,34,2,32,高橋,2023-06-27,5320
2461,光群雷,32,0,32,高橋,2023-06-27,5320
2023,燁輝,33,2,31,高橋,2023-06-27,5320
00712,復華富時不動產,101,72,29,高橋,2023-06-27,5320
2457,飛宏,37,9,28,高橋,2023-06-27,5320
3038,全台,43,15,28,高橋,2023-06-27,5320
1905,華紙,33,5,28,高橋,2023-06-27,5320
6188,廣明,32,6,26,高橋,2023-06-27,5320
2359,所羅門,27,1,26,高橋,2023-06-27,5320
1471,首利,26,1,25,高橋,2023-06-27,5320
00919,群益台灣精選高息,48,24,24,高橋,2023-06-27,5320
2427,三商電,38,14,24,高橋,2023-06-27,5320
1529,樂事綠能,34,11,23,高橋,2023-06-27,5320
2312,金寶,24,1,23,高橋,2023-06-27,5320
3673,TPK-KY,22,0,22,高橋,2023-06-27,5320
00637L,元大滬深300正2,22,0,22,高橋,2023-06-27,5320
00751B,元大AAA至A公司債,21,0,21,高橋,2023-06-27,5320
6589,台康生技,24,3,21,高橋,2023-06-27,5320
2332,友訊,22,2,20,高橋,2023-06-27,5320
4533,協易機,20,1,19,高橋,2023-06-27,5320
00713,元大台灣高息低波,19,1,18,高橋,2023-06-27,5320
5529,鉅陞,17,0,17,高橋,2023-06-27,5320
1907,永豐餘,18,2,16,高橋,2023-06-27,5320
3231,緯創,73,57,16,高橋,2023-06-27,5320
4566,時碩工業,22,6,16,高橋,2023-06-27,5320
5243,乙盛-KY,17,2,15,高橋,2023-06-27,5320
6770,力積電,305,5,300,高橋,2023-06-28,5320
00715L,期街口布蘭特正2,209,32,177,高橋,2023-06-28,5320
1605,華新,168,55,113,高橋,2023-06-28,5320
2425,承啟,102,8,94,高橋,2023-06-28,5320
00642U,期元大S＆P石油,61,0,61,高橋,2023-06-28,5320
2603,長榮,79,21,58,高橋,2023-06-28,5320
2323,中環,58,1,57,高橋,2023-06-28,5320
3202,樺晟,52,8,44,高橋,2023-06-28,5320
00929,復華台灣科技優息,43,0,43,高橋,2023-06-28,5320
5530,龍巖,40,0,40,高橋,2023-06-28,5320
6116,彩晶,40,0,40,高橋,2023-06-28,5320
3078,僑威,41,6,35,高橋,2023-06-28,5320
2892,第一金,34,0,34,高橋,2023-06-28,5320
2913,農林,31,0,31,高橋,2023-06-28,5320
1301,台塑,31,0,31,高橋,2023-06-28,5320
00637L,元大滬深300正2,40,10,30,高橋,2023-06-28,5320
3011,今皓,28,0,28,高橋,2023-06-28,5320
00919,群益台灣精選高息,27,0,27,高橋,2023-06-28,5320
3037,欣興,30,4,26,高橋,2023-06-28,5320
5512,力麒,26,0,26,高橋,2023-06-28,5320
2609,陽明,53,28,25,高橋,2023-06-28,5320
3376,新日興,24,0,24,高橋,2023-06-28,5320
4130,健亞,24,2,22,高橋,2023-06-28,5320
1313,聯成,22,0,22,高橋,2023-06-28,5320
00712,復華富時不動產,21,0,21,高橋,2023-06-28,5320
4938,和碩,20,0,20,高橋,2023-06-28,5320
5529,鉅陞,20,0,20,高橋,2023-06-28,5320
00927,群益半導體收益,20,0,20,高橋,2023-06-28,5320
6188,廣明,36,16,20,高橋,2023-06-28,5320
2606,裕民,21,2,19,高橋,2023-06-28,5320
3013,晟銘電,23,4,19,高橋,2023-06-28,5320
6235,華孚,21,4,17,高橋,2023-06-28,5320
2330,台積電,18,1,17,高橋,2023-06-28,5320
3231,緯創,126,109,17,高橋,2023-06-28,5320
6485,點序,17,1,16,高橋,2023-06-28,5320
1314,中石化,17,1,16,高橋,2023-06-28,5320
00680L,元大美債20正2,16,0,16,高橋,2023-06-28,5320
2363,矽統,15,0,15,高橋,2023-06-28,5320
00882,中信中國高股息,15,0,15,高橋,2023-06-28,5320
2340,台亞,30,15,15,高橋,2023-06-28,5320
6285,啟��,20,5,15,高橋,2023-06-28,5320
1303,南亞,24,10,14,高橋,2023-06-28,5320
3596,智易,24,10,14,高橋,2023-06-28,5320
3051,力特,14,1,13,高橋,2023-06-28,5320
8046,南電,12,0,12,高橋,2023-06-28,5320
1609,大亞,25,13,12,高橋,2023-06-28,5320
6164,華興,12,0,12,高橋,2023-06-28,5320
2331,精英,16,4,12,高橋,2023-06-28,5320
1444,力麗,17,5,12,高橋,2023-06-28,5320
3047,訊舟,14,2,12,高橋,2023-06-28,5320
00882,中信中國高股息,212,6,206,高橋,2023-06-29,5320
2618,長榮航,133,13,120,高橋,2023-06-29,5320
00637L,元大滬深300正2,110,0,110,高橋,2023-06-29,5320
2610,華航,98,21,77,高橋,2023-06-29,5320
2609,陽明,127,51,76,高橋,2023-06-29,5320
00655L,國泰中國A50正2,63,0,63,高橋,2023-06-29,5320
6218,豪勉,56,0,56,高橋,2023-06-29,5320
1605,華新,54,4,50,高橋,2023-06-29,5320
2880,華南金,50,0,50,高橋,2023-06-29,5320
3354,律勝,50,10,40,高橋,2023-06-29,5320
2303,聯電,54,21,33,高橋,2023-06-29,5320
2206,三陽工業,38,5,33,高橋,2023-06-29,5320
2892,第一金,51,19,32,高橋,2023-06-29,5320
2324,仁寶,48,16,32,高橋,2023-06-29,5320
5009,榮剛,35,3,32,高橋,2023-06-29,5320
3325,旭品,30,0,30,高橋,2023-06-29,5320
6128,上福,30,0,30,高橋,2023-06-29,5320
2356,英業達,53,24,29,高橋,2023-06-29,5320
6470,宇智,37,8,29,高橋,2023-06-29,5320
00919,群益台灣精選高息,30,1,29,高橋,2023-06-29,5320
00922,國泰台灣領袖50,27,0,27,高橋,2023-06-29,5320
1789,神隆,25,1,24,高橋,2023-06-29,5320
1529,樂事綠能,30,6,24,高橋,2023-06-29,5320
3234,光環,22,0,22,高橋,2023-06-29,5320
3038,全台,34,12,22,高橋,2023-06-29,5320
2412,中華電,31,10,21,高橋,2023-06-29,5320
3704,合勤控,37,16,21,高橋,2023-06-29,5320
1471,首利,20,0,20,高橋,2023-06-29,5320
5512,力麒,20,0,20,高橋,2023-06-29,5320
1104,環泥,20,0,20,高橋,2023-06-29,5320
1313,聯成,20,0,20,高橋,2023-06-29,5320
5529,鉅陞,19,0,19,高橋,2023-06-29,5320
2317,鴻海,26,10,16,高橋,2023-06-29,5320
3005,神基,18,3,15,高橋,2023-06-29,5320
2409,友達,23,8,15,高橋,2023-06-29,5320
6285,啟��,21,6,15,高橋,2023-06-29,5320
1727,中華化,20,6,14,高橋,2023-06-29,5320
9904,寶成,14,0,14,高橋,2023-06-29,5320
1533,車王電,16,2,14,高橋,2023-06-29,5320
1314,中石化,13,0,13,高橋,2023-06-29,5320
4967,十銓,15,2,13,高橋,2023-06-29,5320
1802,台玻,13,0,13,高橋,2023-06-29,5320
2330,台積電,19,7,12,高橋,2023-06-29,5320
00664R,國泰臺灣加權反1,12,0,12,高橋,2023-06-29,5320
2419,仲琦,46,35,11,高橋,2023-06-29,5320
6125,廣運,12,1,11,高橋,2023-06-29,5320
2498,宏達電,13,2,11,高橋,2023-06-29,5320
2332,友訊,28,17,11,高橋,2023-06-29,5320
2603,長榮,73,63,10,高橋,2023-06-29,5320
00680L,元大美債20正2,14,4,10,高橋,2023-06-29,5320
2344,華邦電,92,2,90,高橋,2023-06-30,5320
2002,中鋼,89,1,88,高橋,2023-06-30,5320
2303,聯電,92,15,77,高橋,2023-06-30,5320
2610,華航,80,17,63,高橋,2023-06-30,5320
00688L,國泰20年美債正2,55,0,55,高橋,2023-06-30,5320
1217,愛之味,48,3,45,高橋,2023-06-30,5320
2618,長榮航,59,16,43,高橋,2023-06-30,5320
2323,中環,77,37,40,高橋,2023-06-30,5320
3481,群創,64,25,39,高橋,2023-06-30,5320
2630,亞航,41,2,39,高橋,2023-06-30,5320
4121,優盛,42,4,38,高橋,2023-06-30,5320
2883,凱基金,37,0,37,高橋,2023-06-30,5320
8358,金居,39,14,25,高橋,2023-06-30,5320
1802,台玻,26,1,25,高橋,2023-06-30,5320
2332,友訊,40,16,24,高橋,2023-06-30,5320
2888,新光金,22,0,22,高橋,2023-06-30,5320
1605,華新,31,10,21,高橋,2023-06-30,5320
1529,樂事綠能,24,4,20,高橋,2023-06-30,5320
5529,鉅陞,20,0,20,高橋,2023-06-30,5320
2399,映泰,23,3,20,高橋,2023-06-30,5320
2337,旺宏,20,0,20,高橋,2023-06-30,5320
2105,正新,20,1,19,高橋,2023-06-30,5320
5351,鈺創,17,1,16,高橋,2023-06-30,5320
3711,日月光投控,16,1,15,高橋,2023-06-30,5320
2371,大同,35,20,15,高橋,2023-06-30,5320
8110,華東,15,0,15,高橋,2023-06-30,5320
2454,聯發科,14,0,14,高橋,2023-06-30,5320
4168,醣聯,20,6,14,高橋,2023-06-30,5320
6245,立端,16,3,13,高橋,2023-06-30,5320
5371,中光電,14,1,13,高橋,2023-06-30,5320
2330,台積電,16,4,12,高橋,2023-06-30,5320
3038,全台,17,5,12,高橋,2023-06-30,5320
2605,新興,12,0,12,高橋,2023-06-30,5320
2634,漢翔,43,32,11,高橋,2023-06-30,5320
6214,精誠,11,0,11,高橋,2023-06-30,5320
6264,富裔,11,0,11,高橋,2023-06-30,5320
2606,裕民,11,0,11,高橋,2023-06-30,5320
6138,茂達,10,0,10,高橋,2023-06-30,5320
00788B,元大10年IG電能債,10,0,10,高橋,2023-06-30,5320
2014,中鴻,10,0,10,高橋,2023-06-30,5320
4129,聯合,10,0,10,高橋,2023-06-30,5320
6005,群益證,10,0,10,高橋,2023-06-30,5320
5469,瀚宇博,12,2,10,高橋,2023-06-30,5320
2349,錸德,10,0,10,高橋,2023-06-30,5320
9904,寶成,10,0,10,高橋,2023-06-30,5320
4417,金洲,10,0,10,高橋,2023-06-30,5320
2353,宏��,36,26,10,高橋,2023-06-30,5320
0050,元大台灣50,9,0,9,高橋,2023-06-30,5320
00713,元大台灣高息低波,10,1,9,高橋,2023-06-30,5320
6733,博晟生醫,9,0,9,高橋,2023-06-30,5320
00641R,富邦日本反1,136,5,131,高橋,2023-07-03,5320
2883,凱基金,130,6,124,高橋,2023-07-03,5320
00632R,元大台灣50反1,115,0,115,高橋,2023-07-03,5320
3545,敦泰,100,0,100,高橋,2023-07-03,5320
00673R,期元大S＆P原油反1,55,0,55,高橋,2023-07-03,5320
2102,泰豐,50,2,48,高橋,2023-07-03,5320
2603,長榮,97,52,45,高橋,2023-07-03,5320
1609,大亞,60,20,40,高橋,2023-07-03,5320
3481,群創,80,41,39,高橋,2023-07-03,5320
3231,緯創,75,39,36,高橋,2023-07-03,5320
2890,永豐金,58,24,34,高橋,2023-07-03,5320
2303,聯電,96,64,32,高橋,2023-07-03,5320
6160,欣技,31,0,31,高橋,2023-07-03,5320
2419,仲琦,44,13,31,高橋,2023-07-03,5320
2353,宏��,33,3,30,高橋,2023-07-03,5320
1528,恩德,48,21,27,高橋,2023-07-03,5320
3518,柏騰,28,2,26,高橋,2023-07-03,5320
1301,台塑,30,6,24,高橋,2023-07-03,5320
2440,太空梭,20,0,20,高橋,2023-07-03,5320
2382,廣達,41,22,19,高橋,2023-07-03,5320
3050,鈺德,20,1,19,高橋,2023-07-03,5320
2014,中鴻,21,3,18,高橋,2023-07-03,5320
4157,太景*-KY,17,1,16,高橋,2023-07-03,5320
2356,英業達,96,80,16,高橋,2023-07-03,5320
2368,金像電,20,4,16,高橋,2023-07-03,5320
2027,大成鋼,19,4,15,高橋,2023-07-03,5320
2206,三陽工業,17,2,15,高橋,2023-07-03,5320
4911,德英,15,0,15,高橋,2023-07-03,5320
2338,光罩,16,1,15,高橋,2023-07-03,5320
1904,正隆,16,2,14,高橋,2023-07-03,5320
2409,友達,30,16,14,高橋,2023-07-03,5320
4566,時碩工業,14,0,14,高橋,2023-07-03,5320
3591,艾笛森,15,1,14,高橋,2023-07-03,5320
1234,黑松,14,0,14,高橋,2023-07-03,5320
1471,首利,14,1,13,高橋,2023-07-03,5320
6190,萬泰科,13,0,13,高橋,2023-07-03,5320
1795,美時,16,4,12,高橋,2023-07-03,5320
8033,雷虎,13,1,12,高橋,2023-07-03,5320
3056,富華新,12,0,12,高橋,2023-07-03,5320
2105,正新,22,10,12,高橋,2023-07-03,5320
8048,德勝,13,1,12,高橋,2023-07-03,5320
2337,旺宏,32,20,12,高橋,2023-07-03,5320
3356,奇偶,25,14,11,高橋,2023-07-03,5320
3207,耀勝,22,11,11,高橋,2023-07-03,5320
9802,鈺齊-KY,11,0,11,高橋,2023-07-03,5320
4906,正文,77,67,10,高橋,2023-07-03,5320
2637,慧洋-KY,11,1,10,高橋,2023-07-03,5320
6218,豪勉,10,0,10,高橋,2023-07-03,5320
8171,天宇,10,0,10,高橋,2023-07-03,5320
3094,聯傑,10,0,10,高橋,2023-07-03,5320
2834,臺企銀,500,26,474,高橋,2023-07-04,5320
2609,陽明,259,130,129,高橋,2023-07-04,5320
2317,鴻海,153,28,125,高橋,2023-07-04,5320
0056,元大高股息,141,39,102,高橋,2023-07-04,5320
00929,復華台灣科技優息,99,0,99,高橋,2023-07-04,5320
2883,凱基金,87,5,82,高橋,2023-07-04,5320
2891,中信金,66,0,66,高橋,2023-07-04,5320
2208,台船,62,2,60,高橋,2023-07-04,5320
00669R,國泰美國道瓊反1,50,0,50,高橋,2023-07-04,5320
00893,國泰智能電動車,54,4,50,高橋,2023-07-04,5320
2888,新光金,72,22,50,高橋,2023-07-04,5320
3022,威強電,50,0,50,高橋,2023-07-04,5320
3049,精金,44,0,44,高橋,2023-07-04,5320
3078,僑威,55,11,44,高橋,2023-07-04,5320
00713,元大台灣高息低波,44,2,42,高橋,2023-07-04,5320
2461,光群雷,40,0,40,高橋,2023-07-04,5320
00673R,期元大S＆P原油反1,35,0,35,高橋,2023-07-04,5320
2607,榮運,36,2,34,高橋,2023-07-04,5320
3025,星通,52,19,33,高橋,2023-07-04,5320
00637L,元大滬深300正2,33,0,33,高橋,2023-07-04,5320
2882,國泰金,33,0,33,高橋,2023-07-04,5320
00715L,期街口布蘭特正2,41,10,31,高橋,2023-07-04,5320
2603,長榮,119,89,30,高橋,2023-07-04,5320
2615,萬海,51,22,29,高橋,2023-07-04,5320
00895,富邦未來車,30,3,27,高橋,2023-07-04,5320
2312,金寶,35,11,24,高橋,2023-07-04,5320
00900,富邦特選高股息30,30,7,23,高橋,2023-07-04,5320
2845,遠東銀,22,0,22,高橋,2023-07-04,5320
2301,光寶科,33,11,22,高橋,2023-07-04,5320
4915,致伸,25,4,21,高橋,2023-07-04,5320
2449,京元電子,36,15,21,高橋,2023-07-04,5320
8046,南電,23,2,21,高橋,2023-07-04,5320
00924,復華S＆P500成長,20,0,20,高橋,2023-07-04,5320
2832,台產,20,0,20,高橋,2023-07-04,5320
00632R,元大台灣50反1,20,1,19,高橋,2023-07-04,5320
00858,永豐美國500大,18,0,18,高橋,2023-07-04,5320
2332,友訊,31,14,17,高橋,2023-07-04,5320
1303,南亞,17,0,17,高橋,2023-07-04,5320
1533,車王電,18,2,16,高橋,2023-07-04,5320
2371,大同,41,25,16,高橋,2023-07-04,5320
2337,旺宏,23,8,15,高橋,2023-07-04,5320
6470,宇智,23,8,15,高橋,2023-07-04,5320
6182,合晶,15,0,15,高橋,2023-07-04,5320
3325,旭品,15,0,15,高橋,2023-07-04,5320
1810,和成,14,0,14,高橋,2023-07-04,5320
2399,映泰,51,37,14,高橋,2023-07-04,5320
8358,金居,37,24,13,高橋,2023-07-04,5320
1504,東元,17,4,13,高橋,2023-07-04,5320
6789,采鈺,13,0,13,高橋,2023-07-04,5320
1795,美時,13,0,13,高橋,2023-07-04,5320
00680L,元大美債20正2,177,0,177,高橋,2023-07-05,5320
2609,陽明,364,209,155,高橋,2023-07-05,5320
0056,元大高股息,170,23,147,高橋,2023-07-05,5320
00929,復華台灣科技優息,111,2,109,高橋,2023-07-05,5320
2303,聯電,84,5,79,高橋,2023-07-05,5320
2356,英業達,101,29,72,高橋,2023-07-05,5320
2845,遠東銀,60,2,58,高橋,2023-07-05,5320
00673R,期元大S＆P原油反1,55,0,55,高橋,2023-07-05,5320
2883,凱基金,74,26,48,高橋,2023-07-05,5320
2610,華航,176,138,38,高橋,2023-07-05,5320
2002,中鋼,38,0,38,高橋,2023-07-05,5320
2634,漢翔,77,40,37,高橋,2023-07-05,5320
00637L,元大滬深300正2,36,0,36,高橋,2023-07-05,5320
1531,高林股,35,0,35,高橋,2023-07-05,5320
6190,萬泰科,36,1,35,高橋,2023-07-05,5320
3231,緯創,128,96,32,高橋,2023-07-05,5320
2208,台船,35,5,30,高橋,2023-07-05,5320
8478,東哥遊艇,36,6,30,高橋,2023-07-05,5320
2425,承啟,30,1,29,高橋,2023-07-05,5320
3481,群創,29,1,28,高橋,2023-07-05,5320
00882,中信中國高股息,27,0,27,高橋,2023-07-05,5320
3703,欣陸,26,0,26,高橋,2023-07-05,5320
1591,駿吉-KY,26,0,26,高橋,2023-07-05,5320
1528,恩德,24,0,24,高橋,2023-07-05,5320
4908,前鼎,23,0,23,高橋,2023-07-05,5320
2388,威盛,25,2,23,高橋,2023-07-05,5320
6168,宏齊,23,1,22,高橋,2023-07-05,5320
2399,映泰,37,15,22,高橋,2023-07-05,5320
1314,中石化,22,0,22,高橋,2023-07-05,5320
2317,鴻海,38,16,22,高橋,2023-07-05,5320
4919,新唐,31,9,22,高橋,2023-07-05,5320
2405,輔信,24,3,21,高橋,2023-07-05,5320
1101,台泥,24,3,21,高橋,2023-07-05,5320
3058,立德,20,0,20,高橋,2023-07-05,5320
00888,永豐台灣ESG,20,0,20,高橋,2023-07-05,5320
3118,進階,20,0,20,高橋,2023-07-05,5320
5011,久陽,20,0,20,高橋,2023-07-05,5320
1409,新纖,20,0,20,高橋,2023-07-05,5320
2419,仲琦,49,29,20,高橋,2023-07-05,5320
2312,金寶,27,8,19,高橋,2023-07-05,5320
1529,樂事綠能,29,10,19,高橋,2023-07-05,5320
1701,中化,19,1,18,高橋,2023-07-05,5320
3025,星通,23,5,18,高橋,2023-07-05,5320
4904,遠傳,18,0,18,高橋,2023-07-05,5320
6117,迎廣,18,0,18,高橋,2023-07-05,5320
6282,康舒,85,68,17,高橋,2023-07-05,5320
3438,類比科,16,0,16,高橋,2023-07-05,5320
2890,永豐金,20,4,16,高橋,2023-07-05,5320
3374,精材,35,20,15,高橋,2023-07-05,5320
00722B,群益投資級電信債,15,0,15,高橋,2023-07-05,5320
00671R,富邦NASDAQ反1,226,0,226,高橋,2023-07-06,5320
00680L,元大美債20正2,145,0,145,高橋,2023-07-06,5320
2485,兆赫,132,2,130,高橋,2023-07-06,5320
2618,長榮航,141,27,114,高橋,2023-07-06,5320
00688L,國泰20年美債正2,92,0,92,高橋,2023-07-06,5320
8215,明基材,94,4,90,高橋,2023-07-06,5320
2883,凱基金,143,59,84,高橋,2023-07-06,5320
2610,華航,99,19,80,高橋,2023-07-06,5320
2002,中鋼,77,0,77,高橋,2023-07-06,5320
00681R,元大美債20反1,70,0,70,高橋,2023-07-06,5320
2409,友達,102,34,68,高橋,2023-07-06,5320
2367,燿華,68,0,68,高橋,2023-07-06,5320
2356,英業達,79,17,62,高橋,2023-07-06,5320
1101,台泥,64,4,60,高橋,2023-07-06,5320
00878,國泰永續高股息,106,47,59,高橋,2023-07-06,5320
5009,榮剛,58,0,58,高橋,2023-07-06,5320
2105,正新,56,1,55,高橋,2023-07-06,5320
3013,晟銘電,113,61,52,高橋,2023-07-06,5320
1524,耿鼎,50,0,50,高橋,2023-07-06,5320
2801,彰銀,48,1,47,高橋,2023-07-06,5320
2890,永豐金,53,7,46,高橋,2023-07-06,5320
00929,復華台灣科技優息,53,8,45,高橋,2023-07-06,5320
2312,金寶,50,6,44,高橋,2023-07-06,5320
2887,台新金,47,4,43,高橋,2023-07-06,5320
3037,欣興,47,5,42,高橋,2023-07-06,5320
1301,台塑,43,1,42,高橋,2023-07-06,5320
1584,精剛,42,2,40,高橋,2023-07-06,5320
2634,漢翔,65,25,40,高橋,2023-07-06,5320
2323,中環,43,5,38,高橋,2023-07-06,5320
6182,合晶,47,11,36,高橋,2023-07-06,5320
3711,日月光投控,35,1,34,高橋,2023-07-06,5320
2425,承啟,39,5,34,高橋,2023-07-06,5320
1802,台玻,34,0,34,高橋,2023-07-06,5320
00673R,期元大S＆P原油反1,33,0,33,高橋,2023-07-06,5320
00919,群益台灣精選高息,34,1,33,高橋,2023-07-06,5320
1527,鑽全,32,0,32,高橋,2023-07-06,5320
2330,台積電,34,2,32,高橋,2023-07-06,5320
3078,僑威,32,1,31,高橋,2023-07-06,5320
2401,凌陽,33,2,31,高橋,2023-07-06,5320
2317,鴻海,72,41,31,高橋,2023-07-06,5320
00888,永豐台灣ESG,31,0,31,高橋,2023-07-06,5320
00650L,復華香港正2,31,0,31,高橋,2023-07-06,5320
00679B,元大美債20年,32,2,30,高橋,2023-07-06,5320
6282,康舒,69,39,30,高橋,2023-07-06,5320
9904,寶成,30,0,30,高橋,2023-07-06,5320
00925,新光標普電動車,30,0,30,高橋,2023-07-06,5320
2609,陽明,118,89,29,高橋,2023-07-06,5320
2882,國泰金,30,1,29,高橋,2023-07-06,5320
1303,南亞,29,0,29,高橋,2023-07-06,5320
0050,元大台灣50,31,2,29,高橋,2023-07-06,5320
00665L,富邦�琤肭磪囓�2,152,0,152,高橋,2023-07-07,5320
2485,兆赫,153,2,151,高橋,2023-07-07,5320
00679B,元大美債20年,116,0,116,高橋,2023-07-07,5320
2409,友達,120,6,114,高橋,2023-07-07,5320
2883,凱基金,82,10,72,高橋,2023-07-07,5320
3481,群創,73,7,66,高橋,2023-07-07,5320
6220,岳豐,61,2,59,高橋,2023-07-07,5320
3231,緯創,178,123,55,高橋,2023-07-07,5320
2323,中環,62,8,54,高橋,2023-07-07,5320
2888,新光金,58,7,51,高橋,2023-07-07,5320
2885,元大金,47,1,46,高橋,2023-07-07,5320
00673R,期元大S＆P原油反1,46,0,46,高橋,2023-07-07,5320
00927,群益半導體收益,42,0,42,高橋,2023-07-07,5320
1101,台泥,45,4,41,高橋,2023-07-07,5320
00681R,元大美債20反1,45,5,40,高橋,2023-07-07,5320
2356,英業達,82,42,40,高橋,2023-07-07,5320
00680L,元大美債20正2,37,0,37,高橋,2023-07-07,5320
6116,彩晶,39,2,37,高橋,2023-07-07,5320
00712,復華富時不動產,33,0,33,高橋,2023-07-07,5320
2882,國泰金,31,0,31,高橋,2023-07-07,5320
3715,定穎投控,34,3,31,高橋,2023-07-07,5320
1301,台塑,31,0,31,高橋,2023-07-07,5320
2344,華邦電,31,0,31,高橋,2023-07-07,5320
8358,金居,33,2,31,高橋,2023-07-07,5320
6163,華電網,31,0,31,高橋,2023-07-07,5320
00882,中信中國高股息,40,11,29,高橋,2023-07-07,5320
2338,光罩,29,1,28,高橋,2023-07-07,5320
2618,長榮航,65,38,27,高橋,2023-07-07,5320
00878,國泰永續高股息,67,40,27,高橋,2023-07-07,5320
3060,銘異,36,10,26,高橋,2023-07-07,5320
4532,瑞智,48,22,26,高橋,2023-07-07,5320
00929,復華台灣科技優息,24,0,24,高橋,2023-07-07,5320
2834,臺企銀,29,6,23,高橋,2023-07-07,5320
2382,廣達,30,7,23,高橋,2023-07-07,5320
3260,威剛,24,2,22,高橋,2023-07-07,5320
2495,普安,25,3,22,高橋,2023-07-07,5320
2892,第一金,24,3,21,高橋,2023-07-07,5320
8046,南電,22,1,21,高橋,2023-07-07,5320
2204,中華,20,0,20,高橋,2023-07-07,5320
2002,中鋼,21,1,20,高橋,2023-07-07,5320
2301,光寶科,22,2,20,高橋,2023-07-07,5320
3041,揚智,20,0,20,高橋,2023-07-07,5320
4714,永捷,20,0,20,高橋,2023-07-07,5320
1711,永光,20,0,20,高橋,2023-07-07,5320
2340,台亞,26,7,19,高橋,2023-07-07,5320
2359,所羅門,26,8,18,高橋,2023-07-07,5320
00650L,復華香港正2,18,0,18,高橋,2023-07-07,5320
3706,神達,19,1,18,高橋,2023-07-07,5320
3006,晶豪科,17,1,16,高橋,2023-07-07,5320
6148,驊宏資,28,12,16,高橋,2023-07-07,5320
00679B,元大美債20年,267,24,243,高橋,2023-07-10,5320
2883,凱基金,249,60,189,高橋,2023-07-10,5320
2888,新光金,178,5,173,高橋,2023-07-10,5320
00632R,元大台灣50反1,90,20,70,高橋,2023-07-10,5320
2630,亞航,71,3,68,高橋,2023-07-10,5320
00929,復華台灣科技優息,61,0,61,高橋,2023-07-10,5320
1101,台泥,67,7,60,高橋,2023-07-10,5320
2609,陽明,120,61,59,高橋,2023-07-10,5320
6016,康和證,54,0,54,高橋,2023-07-10,5320
1734,杏輝,51,0,51,高橋,2023-07-10,5320
2603,長榮,60,17,43,高橋,2023-07-10,5320
2312,金寶,53,10,43,高橋,2023-07-10,5320
6770,力積電,46,3,43,高橋,2023-07-10,5320
2303,聯電,43,2,41,高橋,2023-07-10,5320
00688L,國泰20年美債正2,40,0,40,高橋,2023-07-10,5320
0056,元大高股息,56,16,40,高橋,2023-07-10,5320
1314,中石化,40,0,40,高橋,2023-07-10,5320
00673R,期元大S＆P原油反1,46,10,36,高橋,2023-07-10,5320
8112,至上,33,1,32,高橋,2023-07-10,5320
2371,大同,34,4,30,高橋,2023-07-10,5320
3078,僑威,31,1,30,高橋,2023-07-10,5320
2820,華票,30,0,30,高橋,2023-07-10,5320
2618,長榮航,36,6,30,高橋,2023-07-10,5320
6248,沛波,30,0,30,高橋,2023-07-10,5320
2317,鴻海,32,3,29,高橋,2023-07-10,5320
2419,仲琦,35,9,26,高橋,2023-07-10,5320
2892,第一金,26,0,26,高橋,2023-07-10,5320
1802,台玻,25,0,25,高橋,2023-07-10,5320
00680L,元大美債20正2,22,0,22,高橋,2023-07-10,5320
2405,輔信,29,7,22,高橋,2023-07-10,5320
2324,仁寶,21,0,21,高橋,2023-07-10,5320
00633L,富邦上証正2,20,0,20,高橋,2023-07-10,5320
8046,南電,19,0,19,高橋,2023-07-10,5320
2887,台新金,20,1,19,高橋,2023-07-10,5320
6282,康舒,54,35,19,高橋,2023-07-10,5320
2337,旺宏,26,8,18,高橋,2023-07-10,5320
4129,聯合,18,0,18,高橋,2023-07-10,5320
4532,瑞智,84,66,18,高橋,2023-07-10,5320
2412,中華電,17,0,17,高橋,2023-07-10,5320
6026,福邦證,17,0,17,高橋,2023-07-10,5320
3711,日月光投控,16,0,16,高橋,2023-07-10,5320
6166,凌華,16,0,16,高橋,2023-07-10,5320
6596,寬宏藝術,15,0,15,高橋,2023-07-10,5320
3673,TPK-KY,14,0,14,高橋,2023-07-10,5320
1471,首利,20,6,14,高橋,2023-07-10,5320
2886,兆豐金,15,1,14,高橋,2023-07-10,5320
6188,廣明,16,4,12,高橋,2023-07-10,5320
1528,恩德,28,16,12,高橋,2023-07-10,5320
6488,環球晶,12,0,12,高橋,2023-07-10,5320
4967,十銓,11,0,11,高橋,2023-07-10,5320
1604,聲寶,202,0,202,高橋,2023-07-11,5320
00679B,元大美債20年,203,2,201,高橋,2023-07-11,5320
00632R,元大台灣50反1,284,130,154,高橋,2023-07-11,5320
2812,台中銀,193,60,133,高橋,2023-07-11,5320
2886,兆豐金,98,2,96,高橋,2023-07-11,5320
00706L,期元大S＆P日圓正2,100,25,75,高橋,2023-07-11,5320
1524,耿鼎,50,0,50,高橋,2023-07-11,5320
0056,元大高股息,80,30,50,高橋,2023-07-11,5320
2883,凱基金,44,1,43,高橋,2023-07-11,5320
2323,中環,103,63,40,高橋,2023-07-11,5320
8936,國統,31,0,31,高橋,2023-07-11,5320
1802,台玻,31,0,31,高橋,2023-07-11,5320
1301,台塑,31,0,31,高橋,2023-07-11,5320
2206,三陽工業,33,2,31,高橋,2023-07-11,5320
2303,聯電,34,3,31,高橋,2023-07-11,5320
3265,台星科,33,5,28,高橋,2023-07-11,5320
5498,凱崴,37,10,27,高橋,2023-07-11,5320
6282,康舒,32,6,26,高橋,2023-07-11,5320
3022,威強電,32,6,26,高橋,2023-07-11,5320
2834,臺企銀,28,5,23,高橋,2023-07-11,5320
4532,瑞智,43,20,23,高橋,2023-07-11,5320
2208,台船,22,0,22,高橋,2023-07-11,5320
3078,僑威,23,2,21,高橋,2023-07-11,5320
8201,無敵,20,0,20,高橋,2023-07-11,5320
1568,倉佑,21,1,20,高橋,2023-07-11,5320
3025,星通,54,34,20,高橋,2023-07-11,5320
3715,定穎投控,18,0,18,高橋,2023-07-11,5320
00680L,元大美債20正2,30,12,18,高橋,2023-07-11,5320
00927,群益半導體收益,18,0,18,高橋,2023-07-11,5320
6288,聯嘉,21,3,18,高橋,2023-07-11,5320
2317,鴻海,27,10,17,高橋,2023-07-11,5320
1514,亞力,19,2,17,高橋,2023-07-11,5320
4919,新唐,23,6,17,高橋,2023-07-11,5320
3535,晶彩科,15,0,15,高橋,2023-07-11,5320
2014,中鴻,14,0,14,高橋,2023-07-11,5320
3055,蔚華科,15,1,14,高橋,2023-07-11,5320
3264,欣銓,15,1,14,高橋,2023-07-11,5320
2607,榮運,16,2,14,高橋,2023-07-11,5320
3666,光耀,14,1,13,高橋,2023-07-11,5320
1303,南亞,14,1,13,高橋,2023-07-11,5320
3037,欣興,16,3,13,高橋,2023-07-11,5320
1905,華紙,25,13,12,高橋,2023-07-11,5320
4533,協易機,12,0,12,高橋,2023-07-11,5320
6148,驊宏資,15,3,12,高橋,2023-07-11,5320
2312,金寶,23,12,11,高橋,2023-07-11,5320
1101,台泥,17,6,11,高橋,2023-07-11,5320
4726,永昕,11,0,11,高橋,2023-07-11,5320
1515,力山,11,0,11,高橋,2023-07-11,5320
6198,瑞築,11,0,11,高橋,2023-07-11,5320
3048,益登,11,0,11,高橋,2023-07-11,5320
00679B,元大美債20年,602,2,600,高橋,2023-07-12,5320
00671R,富邦NASDAQ反1,244,0,244,高橋,2023-07-12,5320
00673R,期元大S＆P原油反1,131,0,131,高橋,2023-07-12,5320
3481,群創,180,51,129,高橋,2023-07-12,5320
2356,英業達,329,201,128,高橋,2023-07-12,5320
2436,偉詮電,117,1,116,高橋,2023-07-12,5320
2323,中環,101,3,98,高橋,2023-07-12,5320
00893,國泰智能電動車,100,5,95,高橋,2023-07-12,5320
2303,聯電,104,12,92,高橋,2023-07-12,5320
00680L,元大美債20正2,90,0,90,高橋,2023-07-12,5320
2880,華南金,52,0,52,高橋,2023-07-12,5320
2890,永豐金,58,11,47,高橋,2023-07-12,5320
6288,聯嘉,35,0,35,高橋,2023-07-12,5320
3231,緯創,112,79,33,高橋,2023-07-12,5320
2382,廣達,65,32,33,高橋,2023-07-12,5320
4754,國碳科,33,0,33,高橋,2023-07-12,5320
6190,萬泰科,52,20,32,高橋,2023-07-12,5320
8086,宏捷科,34,3,31,高橋,2023-07-12,5320
2301,光寶科,51,22,29,高橋,2023-07-12,5320
00905,FT臺灣Smart,28,0,28,高橋,2023-07-12,5320
2332,友訊,32,6,26,高橋,2023-07-12,5320
2002,中鋼,29,3,26,高橋,2023-07-12,5320
2358,廷鑫,23,0,23,高橋,2023-07-12,5320
1605,華新,28,6,22,高橋,2023-07-12,5320
4174,浩鼎,22,0,22,高橋,2023-07-12,5320
2609,陽明,80,59,21,高橋,2023-07-12,5320
6166,凌華,21,0,21,高橋,2023-07-12,5320
5426,振發,21,0,21,高橋,2023-07-12,5320
2014,中鴻,20,0,20,高橋,2023-07-12,5320
1711,永光,20,0,20,高橋,2023-07-12,5320
2855,統一證,19,0,19,高橋,2023-07-12,5320
2344,華邦電,54,37,17,高橋,2023-07-12,5320
1708,東鹼,22,5,17,高橋,2023-07-12,5320
5009,榮剛,17,0,17,高橋,2023-07-12,5320
2603,長榮,35,20,15,高橋,2023-07-12,5320
5425,台半,21,6,15,高橋,2023-07-12,5320
2548,華固,15,0,15,高橋,2023-07-12,5320
3707,漢磊,16,2,14,高橋,2023-07-12,5320
00928,中信上櫃ESG30,14,0,14,高橋,2023-07-12,5320
6153,嘉聯益,13,0,13,高橋,2023-07-12,5320
2409,友達,36,23,13,高橋,2023-07-12,5320
2481,強茂,53,40,13,高橋,2023-07-12,5320
6689,伊雲谷,14,2,12,高橋,2023-07-12,5320
00882,中信中國高股息,12,0,12,高橋,2023-07-12,5320
4128,中天,12,0,12,高橋,2023-07-12,5320
3038,全台,12,0,12,高橋,2023-07-12,5320
1513,中興電,29,18,11,高橋,2023-07-12,5320
6182,合晶,16,4,12,高橋,2023-07-12,5320
1560,中砂,13,2,11,高橋,2023-07-12,5320
6129,普誠,11,0,11,高橋,2023-07-12,5320
2409,友達,201,1,200,高橋,2023-07-13,5320
2618,長榮航,209,62,147,高橋,2023-07-13,5320
00930,永豐ESG低碳高息,140,0,140,高橋,2023-07-13,5320
2603,長榮,174,35,139,高橋,2023-07-13,5320
00632R,元大台灣50反1,133,20,113,高橋,2023-07-13,5320
00929,復華台灣科技優息,123,12,111,高橋,2023-07-13,5320
2610,華航,185,110,75,高橋,2023-07-13,5320
00905,FT臺灣Smart,62,0,62,高橋,2023-07-13,5320
2882,國泰金,66,4,62,高橋,2023-07-13,5320
1609,大亞,89,28,61,高橋,2023-07-13,5320
2852,第一保,53,0,53,高橋,2023-07-13,5320
00669R,國泰美國道瓊反1,50,0,50,高橋,2023-07-13,5320
3049,精金,53,8,45,高橋,2023-07-13,5320
4533,協易機,46,11,35,高橋,2023-07-13,5320
2353,宏��,49,14,35,高橋,2023-07-13,5320
2332,友訊,45,10,35,高橋,2023-07-13,5320
00712,復華富時不動產,34,0,34,高橋,2023-07-13,5320
3149,正達,32,0,32,高橋,2023-07-13,5320
3317,尼克森,30,0,30,高橋,2023-07-13,5320
2449,京元電子,52,22,30,高橋,2023-07-13,5320
1402,遠東新,27,0,27,高橋,2023-07-13,5320
8936,國統,28,2,26,高橋,2023-07-13,5320
2834,臺企銀,26,0,26,高橋,2023-07-13,5320
5483,中美晶,43,19,24,高橋,2023-07-13,5320
1522,堤維西,29,5,24,高橋,2023-07-13,5320
6753,龍德造船,23,0,23,高橋,2023-07-13,5320
1701,中化,22,0,22,高橋,2023-07-13,5320
2358,廷鑫,21,0,21,高橋,2023-07-13,5320
1605,華新,44,23,21,高橋,2023-07-13,5320
4174,浩鼎,21,0,21,高橋,2023-07-13,5320
2515,中工,22,1,21,高橋,2023-07-13,5320
00673R,期元大S＆P原油反1,20,0,20,高橋,2023-07-13,5320
6219,富旺,20,1,19,高橋,2023-07-13,5320
2455,全新,19,0,19,高橋,2023-07-13,5320
3712,永崴投控,19,0,19,高橋,2023-07-13,5320
5864,致和證,21,2,19,高橋,2023-07-13,5320
4566,時碩工業,18,0,18,高橋,2023-07-13,5320
1529,樂事綠能,22,4,18,高橋,2023-07-13,5320
4532,瑞智,35,18,17,高橋,2023-07-13,5320
4916,事欣科,25,8,17,高橋,2023-07-13,5320
2425,承啟,131,115,16,高橋,2023-07-13,5320
2399,映泰,28,12,16,高橋,2023-07-13,5320
8021,尖點,17,1,16,高橋,2023-07-13,5320
2377,微星,22,6,16,高橋,2023-07-13,5320
2352,佳世達,67,52,15,高橋,2023-07-13,5320
1301,台塑,15,0,15,高橋,2023-07-13,5320
2892,第一金,25,10,15,高橋,2023-07-13,5320
2312,金寶,97,83,14,高橋,2023-07-13,5320
1503,士電,24,10,14,高橋,2023-07-13,5320
1504,東元,17,3,14,高橋,2023-07-13,5320
00882,中信中國高股息,339,0,339,高橋,2023-07-14,5320
2618,長榮航,316,49,267,高橋,2023-07-14,5320
2610,華航,388,159,229,高橋,2023-07-14,5320
00929,復華台灣科技優息,175,14,161,高橋,2023-07-14,5320
00633L,富邦上証正2,92,0,92,高橋,2023-07-14,5320
2882,國泰金,79,6,73,高橋,2023-07-14,5320
4414,如興,70,4,66,高橋,2023-07-14,5320
2609,陽明,107,47,60,高橋,2023-07-14,5320
00888,永豐台灣ESG,50,0,50,高橋,2023-07-14,5320
2328,廣宇,68,22,46,高橋,2023-07-14,5320
2419,仲琦,60,16,44,高橋,2023-07-14,5320
00930,永豐ESG低碳高息,37,0,37,高橋,2023-07-14,5320
5465,富驊,40,5,35,高橋,2023-07-14,5320
3704,合勤控,47,15,32,高橋,2023-07-14,5320
4533,協易機,38,7,31,高橋,2023-07-14,5320
2382,廣達,101,70,31,高橋,2023-07-14,5320
00857B,永豐20年美公債,30,0,30,高橋,2023-07-14,5320
9904,寶成,31,2,29,高橋,2023-07-14,5320
3062,建漢,28,2,26,高橋,2023-07-14,5320
2371,大同,33,7,26,高橋,2023-07-14,5320
00673R,期元大S＆P原油反1,25,0,25,高橋,2023-07-14,5320
1708,東鹼,24,0,24,高橋,2023-07-14,5320
5009,榮剛,25,2,23,高橋,2023-07-14,5320
6120,達運,31,9,22,高橋,2023-07-14,5320
00679B,元大美債20年,21,0,21,高橋,2023-07-14,5320
2208,台船,23,2,21,高橋,2023-07-14,5320
3060,銘異,27,7,20,高橋,2023-07-14,5320
3287,廣寰科,20,0,20,高橋,2023-07-14,5320
2439,美律,20,0,20,高橋,2023-07-14,5320
3617,碩天,21,1,20,高橋,2023-07-14,5320
3362,先進光,27,8,19,高橋,2023-07-14,5320
3325,旭品,25,6,19,高橋,2023-07-14,5320
6207,雷科,22,4,18,高橋,2023-07-14,5320
2338,光罩,32,14,18,高橋,2023-07-14,5320
4754,國碳科,18,0,18,高橋,2023-07-14,5320
1342,八貫,18,0,18,高橋,2023-07-14,5320
1609,大亞,54,37,17,高橋,2023-07-14,5320
8358,金居,26,9,17,高橋,2023-07-14,5320
9958,世紀鋼,20,4,16,高橋,2023-07-14,5320
3024,憶聲,20,5,15,高橋,2023-07-14,5320
00687B,國泰20年美債,15,0,15,高橋,2023-07-14,5320
2352,佳世達,45,30,15,高橋,2023-07-14,5320
6235,華孚,18,5,13,高橋,2023-07-14,5320
2444,兆勁,13,0,13,高橋,2023-07-14,5320
3032,偉訓,20,8,12,高橋,2023-07-14,5320
5426,振發,21,9,12,高橋,2023-07-14,5320
3265,台星科,28,16,12,高橋,2023-07-14,5320
2455,全新,14,2,12,高橋,2023-07-14,5320
1529,樂事綠能,34,23,11,高橋,2023-07-14,5320
3264,欣銓,12,1,11,高橋,2023-07-14,5320
2883,凱基金,695,95,600,高橋,2023-07-17,5320
2409,友達,206,15,191,高橋,2023-07-17,5320
2312,金寶,199,31,168,高橋,2023-07-17,5320
00882,中信中國高股息,105,0,105,高橋,2023-07-17,5320
00929,復華台灣科技優息,121,16,105,高橋,2023-07-17,5320
00930,永豐ESG低碳高息,103,0,103,高橋,2023-07-17,5320
6182,合晶,106,7,99,高橋,2023-07-17,5320
2356,英業達,157,67,90,高橋,2023-07-17,5320
2609,陽明,93,16,77,高橋,2023-07-17,5320
00673R,期元大S＆P原油反1,80,13,67,高橋,2023-07-17,5320
2102,泰豐,56,0,56,高橋,2023-07-17,5320
6234,高僑,52,0,52,高橋,2023-07-17,5320
6235,華孚,56,5,51,高橋,2023-07-17,5320
3049,精金,51,6,45,高橋,2023-07-17,5320
2425,承啟,70,31,39,高橋,2023-07-17,5320
3006,晶豪科,42,3,39,高橋,2023-07-17,5320
2382,廣達,69,33,36,高橋,2023-07-17,5320
3380,明泰,38,5,33,高橋,2023-07-17,5320
00632R,元大台灣50反1,30,0,30,高橋,2023-07-17,5320
00878,國泰永續高股息,92,63,29,高橋,2023-07-17,5320
2618,長榮航,54,26,28,高橋,2023-07-17,5320
4714,永捷,28,1,27,高橋,2023-07-17,5320
6207,雷科,26,1,25,高橋,2023-07-17,5320
1314,中石化,24,0,24,高橋,2023-07-17,5320
3322,建舜電,23,0,23,高橋,2023-07-17,5320
1711,永光,45,22,23,高橋,2023-07-17,5320
00637L,元大滬深300正2,24,1,23,高橋,2023-07-17,5320
1402,遠東新,21,0,21,高橋,2023-07-17,5320
3363,上詮,33,12,21,高橋,2023-07-17,5320
2371,大同,61,41,20,高橋,2023-07-17,5320
3037,欣興,35,15,20,高橋,2023-07-17,5320
2329,華泰,52,32,20,高橋,2023-07-17,5320
00687B,國泰20年美債,20,0,20,高橋,2023-07-17,5320
2323,中環,84,64,20,高橋,2023-07-17,5320
3306,鼎天,25,5,20,高橋,2023-07-17,5320
6219,富旺,20,0,20,高橋,2023-07-17,5320
2601,益航,20,1,19,高橋,2023-07-17,5320
1305,華夏,19,0,19,高橋,2023-07-17,5320
2454,聯發科,18,0,18,高橋,2023-07-17,5320
5608,四維航,18,0,18,高橋,2023-07-17,5320
00650L,復華香港正2,18,0,18,高橋,2023-07-17,5320
00679B,元大美債20年,24,6,18,高橋,2023-07-17,5320
4919,新唐,18,0,18,高橋,2023-07-17,5320
2419,仲琦,26,9,17,高橋,2023-07-17,5320
1618,合機,22,5,17,高橋,2023-07-17,5320
4128,中天,24,8,16,高橋,2023-07-17,5320
8070,長華*,16,0,16,高橋,2023-07-17,5320
2208,台船,21,6,15,高橋,2023-07-17,5320
00712,復華富時不動產,20,5,15,高橋,2023-07-17,5320
5258,虹堡,23,8,15,高橋,2023-07-17,5320
2356,英業達,490,148,342,高橋,2023-07-18,5320
2312,金寶,351,83,268,高橋,2023-07-18,5320
00929,復華台灣科技優息,204,8,196,高橋,2023-07-18,5320
2324,仁寶,217,89,128,高橋,2023-07-18,5320
00712,復華富時不動產,123,1,122,高橋,2023-07-18,5320
00882,中信中國高股息,109,0,109,高橋,2023-07-18,5320
1609,大亞,118,25,93,高橋,2023-07-18,5320
6282,康舒,216,126,90,高橋,2023-07-18,5320
1514,亞力,85,10,75,高橋,2023-07-18,5320
2883,凱基金,99,26,73,高橋,2023-07-18,5320
2610,華航,94,30,64,高橋,2023-07-18,5320
3706,神達,252,193,59,高橋,2023-07-18,5320
5530,龍巖,50,0,50,高橋,2023-07-18,5320
2353,宏��,128,81,47,高橋,2023-07-18,5320
4938,和碩,113,72,41,高橋,2023-07-18,5320
2449,京元電子,54,16,38,高橋,2023-07-18,5320
5432,新門,37,2,35,高橋,2023-07-18,5320
8215,明基材,42,8,34,高橋,2023-07-18,5320
2399,映泰,87,55,32,高橋,2023-07-18,5320
2344,華邦電,32,1,31,高橋,2023-07-18,5320
00669R,國泰美國道瓊反1,30,0,30,高橋,2023-07-18,5320
00665L,富邦�琤肭磪囓�2,30,0,30,高橋,2023-07-18,5320
0056,元大高股息,113,84,29,高橋,2023-07-18,5320
2881,富邦金,51,22,29,高橋,2023-07-18,5320
3071,協禧,40,12,28,高橋,2023-07-18,5320
1605,華新,33,5,28,高橋,2023-07-18,5320
6142,友勁,50,22,28,高橋,2023-07-18,5320
4754,國碳科,28,0,28,高橋,2023-07-18,5320
1402,遠東新,27,1,26,高橋,2023-07-18,5320
2405,輔信,36,10,26,高橋,2023-07-18,5320
3305,昇貿,35,9,26,高橋,2023-07-18,5320
4919,新唐,36,11,25,高橋,2023-07-18,5320
1513,中興電,41,16,25,高橋,2023-07-18,5320
3078,僑威,75,50,25,高橋,2023-07-18,5320
3062,建漢,25,1,24,高橋,2023-07-18,5320
1789,神隆,31,7,24,高橋,2023-07-18,5320
5426,振發,23,0,23,高橋,2023-07-18,5320
3058,立德,22,1,21,高橋,2023-07-18,5320
8358,金居,35,14,21,高橋,2023-07-18,5320
1201,味全,20,0,20,高橋,2023-07-18,5320
1802,台玻,20,0,20,高橋,2023-07-18,5320
1314,中石化,21,1,20,高橋,2023-07-18,5320
5475,德宏,21,1,20,高橋,2023-07-18,5320
6235,華孚,19,0,19,高橋,2023-07-18,5320
00650L,復華香港正2,18,0,18,高橋,2023-07-18,5320
2338,光罩,18,0,18,高橋,2023-07-18,5320
6207,雷科,29,11,18,高橋,2023-07-18,5320
00902,中信電池及儲能,21,3,18,高橋,2023-07-18,5320
1305,華夏,17,0,17,高橋,2023-07-18,5320
0050,元大台灣50,20,4,16,高橋,2023-07-18,5320
6405,悅城,102,2,100,高橋,2023-07-19,5320
2353,宏��,166,72,94,高橋,2023-07-19,5320
2303,聯電,101,14,87,高橋,2023-07-19,5320
2610,華航,197,111,86,高橋,2023-07-19,5320
2618,長榮航,126,44,82,高橋,2023-07-19,5320
3024,憶聲,80,0,80,高橋,2023-07-19,5320
2324,仁寶,148,81,67,高橋,2023-07-19,5320
6116,彩晶,72,11,61,高橋,2023-07-19,5320
2852,第一保,56,0,56,高橋,2023-07-19,5320
1609,大亞,69,19,50,高橋,2023-07-19,5320
2312,金寶,120,72,48,高橋,2023-07-19,5320
2329,華泰,100,53,47,高橋,2023-07-19,5320
2609,陽明,64,20,44,高橋,2023-07-19,5320
1584,精剛,46,2,44,高橋,2023-07-19,5320
3189,景碩,53,12,41,高橋,2023-07-19,5320
1536,和大,40,0,40,高橋,2023-07-19,5320
2891,中信金,47,10,37,高橋,2023-07-19,5320
6182,合晶,38,2,36,高橋,2023-07-19,5320
2313,華通,36,1,35,高橋,2023-07-19,5320
3703,欣陸,32,0,32,高橋,2023-07-19,5320
2645,長榮航太,30,0,30,高橋,2023-07-19,5320
00878,國泰永續高股息,114,85,29,高橋,2023-07-19,5320
00650L,復華香港正2,28,0,28,高橋,2023-07-19,5320
3363,上詮,58,32,26,高橋,2023-07-19,5320
1513,中興電,26,1,25,高橋,2023-07-19,5320
00927,群益半導體收益,25,0,25,高橋,2023-07-19,5320
00641R,富邦日本反1,25,0,25,高橋,2023-07-19,5320
1402,遠東新,25,0,25,高橋,2023-07-19,5320
2208,台船,26,1,25,高橋,2023-07-19,5320
3711,日月光投控,25,1,24,高橋,2023-07-19,5320
8222,寶一,25,2,23,高橋,2023-07-19,5320
2607,榮運,28,5,23,高橋,2023-07-19,5320
2328,廣宇,26,4,22,高橋,2023-07-19,5320
2867,三商壽,21,0,21,高橋,2023-07-19,5320
6218,豪勉,38,17,21,高橋,2023-07-19,5320
6134,萬旭,21,0,21,高橋,2023-07-19,5320
00929,復華台灣科技優息,54,33,21,高橋,2023-07-19,5320
6198,瑞築,20,0,20,高橋,2023-07-19,5320
3231,緯創,26,7,19,高橋,2023-07-19,5320
2351,順德,19,0,19,高橋,2023-07-19,5320
2439,美律,21,2,19,高橋,2023-07-19,5320
3105,穩懋,22,4,18,高橋,2023-07-19,5320
00919,群益台灣精選高息,30,12,18,高橋,2023-07-19,5320
00637L,元大滬深300正2,18,0,18,高橋,2023-07-19,5320
3037,欣興,49,32,17,高橋,2023-07-19,5320
3118,進階,17,0,17,高橋,2023-07-19,5320
8249,菱光,17,0,17,高橋,2023-07-19,5320
2317,鴻海,31,14,17,高橋,2023-07-19,5320
2330,台積電,22,6,16,高橋,2023-07-19,5320
3481,群創,52,36,16,高橋,2023-07-19,5320
2303,聯電,272,8,264,高橋,2023-07-20,5320
00893,國泰智能電動車,102,6,96,高橋,2023-07-20,5320
5328,華容,71,0,71,高橋,2023-07-20,5320
2347,聯強,60,0,60,高橋,2023-07-20,5320
00882,中信中國高股息,58,5,53,高橋,2023-07-20,5320
2313,華通,56,4,52,高橋,2023-07-20,5320
1584,精剛,52,0,52,高橋,2023-07-20,5320
2419,仲琦,81,30,51,高橋,2023-07-20,5320
2515,中工,42,0,42,高橋,2023-07-20,5320
3706,神達,87,47,40,高橋,2023-07-20,5320
2332,友訊,49,9,40,高橋,2023-07-20,5320
00669R,國泰美國道瓊反1,38,0,38,高橋,2023-07-20,5320
3481,群創,50,16,34,高橋,2023-07-20,5320
1529,樂事綠能,42,8,34,高橋,2023-07-20,5320
00632R,元大台灣50反1,30,0,30,高橋,2023-07-20,5320
2377,微星,30,0,30,高橋,2023-07-20,5320
2208,台船,30,0,30,高橋,2023-07-20,5320
2329,華泰,52,23,29,高橋,2023-07-20,5320
2399,映泰,33,4,29,高橋,2023-07-20,5320
2312,金寶,33,6,27,高橋,2023-07-20,5320
2351,順德,27,1,26,高橋,2023-07-20,5320
00929,復華台灣科技優息,37,11,26,高橋,2023-07-20,5320
1102,亞泥,23,0,23,高橋,2023-07-20,5320
1471,首利,25,3,22,高橋,2023-07-20,5320
4123,晟德,31,10,21,高橋,2023-07-20,5320
2425,承啟,23,5,18,高橋,2023-07-20,5320
2330,台積電,19,2,17,高橋,2023-07-20,5320
4977,眾達-KY,20,3,17,高橋,2023-07-20,5320
1789,神隆,30,13,17,高橋,2023-07-20,5320
3305,昇貿,16,0,16,高橋,2023-07-20,5320
3037,欣興,24,9,15,高橋,2023-07-20,5320
3289,宜特,15,0,15,高橋,2023-07-20,5320
8936,國統,20,5,15,高橋,2023-07-20,5320
4714,永捷,15,0,15,高橋,2023-07-20,5320
2436,偉詮電,33,18,15,高橋,2023-07-20,5320
1618,合機,27,13,14,高橋,2023-07-20,5320
6770,力積電,19,6,13,高橋,2023-07-20,5320
2352,佳世達,28,15,13,高橋,2023-07-20,5320
2609,陽明,75,63,12,高橋,2023-07-20,5320
3708,上緯投控,12,0,12,高橋,2023-07-20,5320
3264,欣銓,14,2,12,高橋,2023-07-20,5320
2006,東和鋼鐵,11,0,11,高橋,2023-07-20,5320
6213,聯茂,16,5,11,高橋,2023-07-20,5320
1338,廣華-KY,11,0,11,高橋,2023-07-20,5320
1402,遠東新,11,0,11,高橋,2023-07-20,5320
5351,鈺創,12,1,11,高橋,2023-07-20,5320
6451,訊芯-KY,16,5,11,高橋,2023-07-20,5320
6128,上福,11,0,11,高橋,2023-07-20,5320
6182,合晶,13,2,11,高橋,2023-07-20,5320
2201,裕隆,13,2,11,高橋,2023-07-20,5320
2303,聯電,205,23,182,高橋,2023-07-21,5320
00669R,國泰美國道瓊反1,151,0,151,高橋,2023-07-21,5320
4533,協易機,138,32,106,高橋,2023-07-21,5320
6116,彩晶,77,4,73,高橋,2023-07-21,5320
8033,雷虎,75,5,70,高橋,2023-07-21,5320
6443,元晶,69,2,67,高橋,2023-07-21,5320
1513,中興電,136,69,67,高橋,2023-07-21,5320
2633,台灣高鐵,52,0,52,高橋,2023-07-21,5320
3290,東浦,50,0,50,高橋,2023-07-21,5320
2344,華邦電,53,5,48,高橋,2023-07-21,5320
3006,晶豪科,38,2,36,高橋,2023-07-21,5320
00882,中信中國高股息,36,0,36,高橋,2023-07-21,5320
00929,復華台灣科技優息,37,1,36,高橋,2023-07-21,5320
2548,華固,33,0,33,高橋,2023-07-21,5320
2458,義隆,35,2,33,高橋,2023-07-21,5320
2884,玉山金,30,0,30,高橋,2023-07-21,5320
2618,長榮航,52,22,30,高橋,2023-07-21,5320
00680L,元大美債20正2,30,0,30,高橋,2023-07-21,5320
2610,華航,65,35,30,高橋,2023-07-21,5320
2356,英業達,78,49,29,高橋,2023-07-21,5320
2330,台積電,47,19,28,高橋,2023-07-21,5320
1605,華新,42,15,27,高橋,2023-07-21,5320
2489,瑞軒,25,1,24,高橋,2023-07-21,5320
2634,漢翔,35,12,23,高橋,2023-07-21,5320
1402,遠東新,23,0,23,高橋,2023-07-21,5320
1101,台泥,36,14,22,高橋,2023-07-21,5320
2609,陽明,62,40,22,高橋,2023-07-21,5320
3037,欣興,32,11,21,高橋,2023-07-21,5320
3706,神達,59,38,21,高橋,2023-07-21,5320
2027,大成鋼,22,2,20,高橋,2023-07-21,5320
6753,龍德造船,20,0,20,高橋,2023-07-21,5320
2377,微星,22,2,20,高橋,2023-07-21,5320
2201,裕隆,24,5,19,高橋,2023-07-21,5320
8176,智捷,19,0,19,高橋,2023-07-21,5320
00900,富邦特選高股息30,22,3,19,高橋,2023-07-21,5320
5706,鳳凰,19,1,18,高橋,2023-07-21,5320
3481,群創,57,39,18,高橋,2023-07-21,5320
6461,益得,18,0,18,高橋,2023-07-21,5320
2206,三陽工業,30,13,17,高橋,2023-07-21,5320
3013,晟銘電,68,51,17,高橋,2023-07-21,5320
2014,中鴻,16,0,16,高橋,2023-07-21,5320
1301,台塑,15,0,15,高橋,2023-07-21,5320
3664,安瑞-KY,15,0,15,高橋,2023-07-21,5320
3338,泰碩,28,13,15,高橋,2023-07-21,5320
0050,元大台灣50,14,0,14,高橋,2023-07-21,5320
00888,永豐台灣ESG,14,0,14,高橋,2023-07-21,5320
6274,台燿,19,5,14,高橋,2023-07-21,5320
4906,正文,22,9,13,高橋,2023-07-21,5320
6235,華孚,23,11,12,高橋,2023-07-21,5320
2034,允強,12,0,12,高橋,2023-07-21,5320
2369,菱生,150,0,150,高橋,2023-07-24,5320
00929,復華台灣科技優息,98,2,96,高橋,2023-07-24,5320
1609,大亞,140,46,94,高橋,2023-07-24,5320
3481,群創,131,63,68,高橋,2023-07-24,5320
2388,威盛,61,4,57,高橋,2023-07-24,5320
3290,東浦,50,2,48,高橋,2023-07-24,5320
2618,長榮航,64,17,47,高橋,2023-07-24,5320
3041,揚智,41,0,41,高橋,2023-07-24,5320
2601,益航,70,30,40,高橋,2023-07-24,5320
3232,昱捷,40,0,40,高橋,2023-07-24,5320
5243,乙盛-KY,40,1,39,高橋,2023-07-24,5320
2382,廣達,98,60,38,高橋,2023-07-24,5320
00882,中信中國高股息,38,1,37,高橋,2023-07-24,5320
3062,建漢,36,0,36,高橋,2023-07-24,5320
00919,群益台灣精選高息,42,7,35,高橋,2023-07-24,5320
00688L,國泰20年美債正2,31,0,31,高橋,2023-07-24,5320
2834,臺企銀,30,0,30,高橋,2023-07-24,5320
00673R,期元大S＆P原油反1,29,0,29,高橋,2023-07-24,5320
6125,廣運,32,4,28,高橋,2023-07-24,5320
3149,正達,29,1,28,高橋,2023-07-24,5320
1402,遠東新,28,0,28,高橋,2023-07-24,5320
5457,宣德,28,0,28,高橋,2023-07-24,5320
2323,中環,28,1,27,高橋,2023-07-24,5320
2356,英業達,78,53,25,高橋,2023-07-24,5320
3706,神達,58,33,25,高橋,2023-07-24,5320
2409,友達,28,6,22,高橋,2023-07-24,5320
2610,華航,32,11,21,高橋,2023-07-24,5320
2634,漢翔,23,2,21,高橋,2023-07-24,5320
3013,晟銘電,84,63,21,高橋,2023-07-24,5320
1722,台肥,22,1,21,高橋,2023-07-24,5320
3362,先進光,21,1,20,高橋,2023-07-24,5320
3520,華盈,20,0,20,高橋,2023-07-24,5320
3078,僑威,24,4,20,高橋,2023-07-24,5320
1584,精剛,20,0,20,高橋,2023-07-24,5320
00687B,國泰20年美債,20,0,20,高橋,2023-07-24,5320
6182,合晶,20,0,20,高橋,2023-07-24,5320
1513,中興電,58,38,20,高橋,2023-07-24,5320
6016,康和證,19,0,19,高橋,2023-07-24,5320
6257,矽格,21,2,19,高橋,2023-07-24,5320
8478,東哥遊艇,20,3,17,高橋,2023-07-24,5320
2419,仲琦,50,33,17,高橋,2023-07-24,5320
00637L,元大滬深300正2,38,21,17,高橋,2023-07-24,5320
2449,京元電子,30,13,17,高橋,2023-07-24,5320
3265,台星科,18,3,15,高橋,2023-07-24,5320
3105,穩懋,16,1,15,高橋,2023-07-24,5320
3356,奇偶,16,2,14,高橋,2023-07-24,5320
3092,鴻碩,14,0,14,高橋,2023-07-24,5320
1471,首利,14,0,14,高橋,2023-07-24,5320
2890,永豐金,14,0,14,高橋,2023-07-24,5320
2892,第一金,14,0,14,高橋,2023-07-24,5320
2515,中工,104,0,104,高橋,2023-07-25,5320
2618,長榮航,77,12,65,高橋,2023-07-25,5320
8021,尖點,50,0,50,高橋,2023-07-25,5320
00673R,期元大S＆P原油反1,41,0,41,高橋,2023-07-25,5320
2312,金寶,82,43,39,高橋,2023-07-25,5320
6770,力積電,66,29,37,高橋,2023-07-25,5320
2382,廣達,104,71,33,高橋,2023-07-25,5320
3024,憶聲,36,5,31,高橋,2023-07-25,5320
3232,昱捷,31,0,31,高橋,2023-07-25,5320
2610,華航,38,9,29,高橋,2023-07-25,5320
3062,建漢,29,1,28,高橋,2023-07-25,5320
2637,慧洋-KY,25,0,25,高橋,2023-07-25,5320
2455,全新,27,3,24,高橋,2023-07-25,5320
2352,佳世達,27,3,24,高橋,2023-07-25,5320
3596,智易,25,3,22,高橋,2023-07-25,5320
2356,英業達,70,49,21,高橋,2023-07-25,5320
5243,乙盛-KY,22,1,21,高橋,2023-07-25,5320
3715,定穎投控,20,0,20,高橋,2023-07-25,5320
5469,瀚宇博,32,12,20,高橋,2023-07-25,5320
2887,台新金,31,12,19,高橋,2023-07-25,5320
3711,日月光投控,30,11,19,高橋,2023-07-25,5320
6188,廣明,47,29,18,高橋,2023-07-25,5320
3287,廣寰科,17,0,17,高橋,2023-07-25,5320
2316,楠梓電,19,2,17,高橋,2023-07-25,5320
3673,TPK-KY,17,0,17,高橋,2023-07-25,5320
4927,泰鼎-KY,16,0,16,高橋,2023-07-25,5320
2002,中鋼,23,7,16,高橋,2023-07-25,5320
00712,復華富時不動產,16,0,16,高橋,2023-07-25,5320
3058,立德,15,0,15,高橋,2023-07-25,5320
2368,金像電,22,7,15,高橋,2023-07-25,5320
3702,大聯大,15,1,14,高橋,2023-07-25,5320
5425,台半,18,4,14,高橋,2023-07-25,5320
1528,恩德,16,2,14,高橋,2023-07-25,5320
6129,普誠,14,0,14,高橋,2023-07-25,5320
3044,健鼎,24,10,14,高橋,2023-07-25,5320
3037,欣興,47,33,14,高橋,2023-07-25,5320
2481,強茂,15,2,13,高橋,2023-07-25,5320
2884,玉山金,15,2,13,高橋,2023-07-25,5320
5351,鈺創,16,3,13,高橋,2023-07-25,5320
00882,中信中國高股息,15,2,13,高橋,2023-07-25,5320
6125,廣運,39,27,12,高橋,2023-07-25,5320
4543,萬在,12,0,12,高橋,2023-07-25,5320
2419,仲琦,18,6,12,高橋,2023-07-25,5320
6282,康舒,21,10,11,高橋,2023-07-25,5320
2449,京元電子,17,6,11,高橋,2023-07-25,5320
1217,愛之味,12,1,11,高橋,2023-07-25,5320
1608,華榮,11,0,11,高橋,2023-07-25,5320
3078,僑威,13,2,11,高橋,2023-07-25,5320
3022,威強電,11,0,11,高橋,2023-07-25,5320
00679B,元大美債20年,15,5,10,高橋,2023-07-25,5320
2882,國泰金,91,21,70,高橋,2023-07-26,5320
2313,華通,59,1,58,高橋,2023-07-26,5320
1504,東元,78,20,58,高橋,2023-07-26,5320
2354,鴻準,55,5,50,高橋,2023-07-26,5320
6274,台燿,64,16,48,高橋,2023-07-26,5320
2344,華邦電,41,0,41,高橋,2023-07-26,5320
8358,金居,62,21,41,高橋,2023-07-26,5320
2303,聯電,60,22,38,高橋,2023-07-26,5320
1471,首利,45,7,38,高橋,2023-07-26,5320
6188,廣明,52,15,37,高橋,2023-07-26,5320
2329,華泰,167,131,36,高橋,2023-07-26,5320
2337,旺宏,34,0,34,高橋,2023-07-26,5320
1618,合機,93,60,33,高橋,2023-07-26,5320
6235,華孚,48,16,32,高橋,2023-07-26,5320
2880,華南金,32,1,31,高橋,2023-07-26,5320
00907,永豐優息存股,30,0,30,高橋,2023-07-26,5320
6257,矽格,31,3,28,高橋,2023-07-26,5320
3163,波若威,53,26,27,高橋,2023-07-26,5320
00929,復華台灣科技優息,29,2,27,高橋,2023-07-26,5320
2371,大同,31,6,25,高橋,2023-07-26,5320
9925,新保,26,1,25,高橋,2023-07-26,5320
2601,益航,25,0,25,高橋,2023-07-26,5320
6112,邁達特,40,16,24,高橋,2023-07-26,5320
4129,聯合,27,4,23,高橋,2023-07-26,5320
2328,廣宇,22,0,22,高橋,2023-07-26,5320
2342,茂矽,22,0,22,高橋,2023-07-26,5320
3024,憶聲,22,0,22,高橋,2023-07-26,5320
00893,國泰智能電動車,22,0,22,高橋,2023-07-26,5320
3356,奇偶,21,0,21,高橋,2023-07-26,5320
1903,士紙,38,17,21,高橋,2023-07-26,5320
00712,復華富時不動產,20,0,20,高橋,2023-07-26,5320
3232,昱捷,20,0,20,高橋,2023-07-26,5320
00679B,元大美債20年,20,0,20,高橋,2023-07-26,5320
1909,榮成,20,0,20,高橋,2023-07-26,5320
00632R,元大台灣50反1,20,1,19,高橋,2023-07-26,5320
3583,辛耘,23,4,19,高橋,2023-07-26,5320
6282,康舒,28,11,17,高橋,2023-07-26,5320
4953,緯軟,27,10,17,高橋,2023-07-26,5320
2886,兆豐金,30,14,16,高橋,2023-07-26,5320
00927,群益半導體收益,16,0,16,高橋,2023-07-26,5320
3227,原相,17,2,15,高橋,2023-07-26,5320
1513,中興電,23,10,13,高橋,2023-07-26,5320
4162,智擎,14,1,13,高橋,2023-07-26,5320
1514,亞力,15,2,13,高橋,2023-07-26,5320
8926,台汽電,13,0,13,高橋,2023-07-26,5320
1104,環泥,13,0,13,高橋,2023-07-26,5320
6531,愛普*,21,8,13,高橋,2023-07-26,5320
6217,中探針,12,0,12,高橋,2023-07-26,5320
3062,建漢,12,0,12,高橋,2023-07-26,5320
6279,胡連,12,0,12,高橋,2023-07-26,5320
2880,華南金,332,0,332,高橋,2023-07-27,5320
1314,中石化,140,1,139,高橋,2023-07-27,5320
1305,華夏,100,4,96,高橋,2023-07-27,5320
1313,聯成,105,11,94,高橋,2023-07-27,5320
5880,合庫金,85,0,85,高橋,2023-07-27,5320
1587,吉茂,88,10,78,高橋,2023-07-27,5320
2882,國泰金,79,16,63,高橋,2023-07-27,5320
2342,茂矽,54,4,50,高橋,2023-07-27,5320
1447,力鵬,50,3,47,高橋,2023-07-27,5320
0056,元大高股息,65,19,46,高橋,2023-07-27,5320
2609,陽明,63,19,44,高橋,2023-07-27,5320
2208,台船,40,0,40,高橋,2023-07-27,5320
2340,台亞,41,4,37,高橋,2023-07-27,5320
2002,中鋼,47,10,37,高橋,2023-07-27,5320
2201,裕隆,69,32,37,高橋,2023-07-27,5320
3037,欣興,48,11,37,高橋,2023-07-27,5320
00669R,國泰美國道瓊反1,34,0,34,高橋,2023-07-27,5320
2313,華通,34,2,32,高橋,2023-07-27,5320
3682,亞太電,30,0,30,高橋,2023-07-27,5320
2887,台新金,29,0,29,高橋,2023-07-27,5320
3265,台星科,34,5,29,高橋,2023-07-27,5320
2356,英業達,74,47,27,高橋,2023-07-27,5320
3231,緯創,32,5,27,高橋,2023-07-27,5320
6188,廣明,55,30,25,高橋,2023-07-27,5320
4754,國碳科,24,0,24,高橋,2023-07-27,5320
3702,大聯大,22,0,22,高橋,2023-07-27,5320
00882,中信中國高股息,23,2,21,高橋,2023-07-27,5320
9925,新保,21,0,21,高橋,2023-07-27,5320
5243,乙盛-KY,20,0,20,高橋,2023-07-27,5320
4919,新唐,26,6,20,高橋,2023-07-27,5320
00902,中信電池及儲能,20,0,20,高橋,2023-07-27,5320
2884,玉山金,21,1,20,高橋,2023-07-27,5320
2371,大同,27,8,19,高橋,2023-07-27,5320
4726,永昕,19,0,19,高橋,2023-07-27,5320
2453,凌群,28,9,19,高橋,2023-07-27,5320
6405,悅城,21,2,19,高橋,2023-07-27,5320
1727,中華化,29,11,18,高橋,2023-07-27,5320
6133,金橋,18,0,18,高橋,2023-07-27,5320
6166,凌華,20,2,18,高橋,2023-07-27,5320
1789,神隆,17,1,16,高橋,2023-07-27,5320
2376,技嘉,24,9,15,高橋,2023-07-27,5320
5203,訊連,25,10,15,高橋,2023-07-27,5320
1104,環泥,15,0,15,高橋,2023-07-27,5320
2405,輔信,47,32,15,高橋,2023-07-27,5320
00673R,期元大S＆P原油反1,15,0,15,高橋,2023-07-27,5320
4543,萬在,15,0,15,高橋,2023-07-27,5320
5425,台半,14,0,14,高橋,2023-07-27,5320
4938,和碩,21,8,13,高橋,2023-07-27,5320
6125,廣運,39,26,13,高橋,2023-07-27,5320
3189,景碩,20,7,13,高橋,2023-07-27,5320
2369,菱生,187,18,169,高橋,2023-07-28,5320
00680L,元大美債20正2,181,40,141,高橋,2023-07-28,5320
00712,復華富時不動產,135,0,135,高橋,2023-07-28,5320
1314,中石化,121,0,121,高橋,2023-07-28,5320
1905,華紙,120,37,83,高橋,2023-07-28,5320
2329,華泰,198,124,74,高橋,2023-07-28,5320
00637L,元大滬深300正2,207,137,70,高橋,2023-07-28,5320
2002,中鋼,65,4,61,高橋,2023-07-28,5320
00720B,元大投資級公司債,58,0,58,高橋,2023-07-28,5320
00679B,元大美債20年,55,0,55,高橋,2023-07-28,5320
2399,映泰,61,7,54,高橋,2023-07-28,5320
2104,國際中橡,53,0,53,高橋,2023-07-28,5320
00688L,國泰20年美債正2,52,0,52,高橋,2023-07-28,5320
2880,華南金,49,1,48,高橋,2023-07-28,5320
5706,鳳凰,49,4,45,高橋,2023-07-28,5320
00632R,元大台灣50反1,35,0,35,高橋,2023-07-28,5320
2610,華航,57,23,34,高橋,2023-07-28,5320
2031,新光鋼,35,1,34,高橋,2023-07-28,5320
2323,中環,32,2,30,高橋,2023-07-28,5320
2362,藍天,25,0,25,高橋,2023-07-28,5320
3037,欣興,37,14,23,高橋,2023-07-28,5320
2888,新光金,65,42,23,高橋,2023-07-28,5320
2913,農林,57,36,21,高橋,2023-07-28,5320
1504,東元,31,10,21,高橋,2023-07-28,5320
5234,達興材料,20,0,20,高橋,2023-07-28,5320
3232,昱捷,20,0,20,高橋,2023-07-28,5320
2328,廣宇,22,2,20,高橋,2023-07-28,5320
6120,達運,19,0,19,高橋,2023-07-28,5320
3706,神達,48,29,19,高橋,2023-07-28,5320
2014,中鴻,18,0,18,高橋,2023-07-28,5320
00772B,中信高評級公司債,17,0,17,高橋,2023-07-28,5320
3231,緯創,82,65,17,高橋,2023-07-28,5320
2027,大成鋼,65,49,16,高橋,2023-07-28,5320
4123,晟德,17,1,16,高橋,2023-07-28,5320
6282,康舒,27,12,15,高橋,2023-07-28,5320
2409,友達,52,38,14,高橋,2023-07-28,5320
5009,榮剛,15,1,14,高橋,2023-07-28,5320
3003,健和興,18,4,14,高橋,2023-07-28,5320
00687B,國泰20年美債,13,0,13,高橋,2023-07-28,5320
2481,強茂,16,3,13,高橋,2023-07-28,5320
6117,迎廣,18,6,12,高橋,2023-07-28,5320
6218,豪勉,19,7,12,高橋,2023-07-28,5320
3033,威健,13,1,12,高橋,2023-07-28,5320
4533,協易機,26,14,12,高橋,2023-07-28,5320
6485,點序,12,0,12,高橋,2023-07-28,5320
1612,宏泰,11,0,11,高橋,2023-07-28,5320
1718,中纖,11,0,11,高橋,2023-07-28,5320
00902,中信電池及儲能,11,0,11,高橋,2023-07-28,5320
2542,興富發,11,0,11,高橋,2023-07-28,5320
1326,台化,11,0,11,高橋,2023-07-28,5320
00878,國泰永續高股息,292,35,257,高橋,2023-07-31,5320
00929,復華台灣科技優息,217,9,208,高橋,2023-07-31,5320
2363,矽統,166,10,156,高橋,2023-07-31,5320
00706L,期元大S＆P日圓正2,147,0,147,高橋,2023-07-31,5320
0056,元大高股息,166,22,144,高橋,2023-07-31,5320
2888,新光金,210,81,129,高橋,2023-07-31,5320
2409,友達,122,6,116,高橋,2023-07-31,5320
1314,中石化,105,0,105,高橋,2023-07-31,5320
2356,英業達,125,32,93,高橋,2023-07-31,5320
2002,中鋼,107,21,86,高橋,2023-07-31,5320
2329,華泰,189,105,84,高橋,2023-07-31,5320
2603,長榮,92,19,73,高橋,2023-07-31,5320
8358,金居,74,10,64,高橋,2023-07-31,5320
2610,華航,73,15,58,高橋,2023-07-31,5320
4533,協易機,82,24,58,高橋,2023-07-31,5320
1218,泰山,55,0,55,高橋,2023-07-31,5320
2609,陽明,86,34,52,高橋,2023-07-31,5320
3231,緯創,92,43,49,高橋,2023-07-31,5320
2382,廣達,81,34,47,高橋,2023-07-31,5320
1701,中化,40,0,40,高橋,2023-07-31,5320
2439,美律,41,1,40,高橋,2023-07-31,5320
3049,精金,41,2,39,高橋,2023-07-31,5320
3481,群創,88,49,39,高橋,2023-07-31,5320
6026,福邦證,38,0,38,高橋,2023-07-31,5320
6285,啟��,51,15,36,高橋,2023-07-31,5320
2891,中信金,30,0,30,高橋,2023-07-31,5320
1319,東陽,31,5,26,高橋,2023-07-31,5320
2301,光寶科,130,106,24,高橋,2023-07-31,5320
2353,宏��,42,19,23,高橋,2023-07-31,5320
1316,上曜,22,0,22,高橋,2023-07-31,5320
6176,瑞儀,35,13,22,高橋,2023-07-31,5320
3078,僑威,37,16,21,高橋,2023-07-31,5320
2882,國泰金,24,3,21,高橋,2023-07-31,5320
1609,大亞,30,10,20,高橋,2023-07-31,5320
2405,輔信,30,10,20,高橋,2023-07-31,5320
4906,正文,26,6,20,高橋,2023-07-31,5320
6274,台燿,29,10,19,高橋,2023-07-31,5320
2743,山富,19,0,19,高橋,2023-07-31,5320
00888,永豐台灣ESG,20,1,19,高橋,2023-07-31,5320
00752,中信中國50,20,1,19,高橋,2023-07-31,5320
2615,萬海,19,1,18,高橋,2023-07-31,5320
4123,晟德,20,2,18,高橋,2023-07-31,5320
2905,三商,18,0,18,高橋,2023-07-31,5320
6190,萬泰科,23,5,18,高橋,2023-07-31,5320
2027,大成鋼,34,17,17,高橋,2023-07-31,5320
6182,合晶,19,3,16,高橋,2023-07-31,5320
6217,中探針,16,0,16,高橋,2023-07-31,5320
3703,欣陸,16,0,16,高橋,2023-07-31,5320
8110,華東,17,1,16,高橋,2023-07-31,5320
6188,廣明,39,24,15,高橋,2023-07-31,5320
2888,新光金,253,48,205,高橋,2023-08-01,5320
2801,彰銀,105,4,101,高橋,2023-08-01,5320
9945,潤泰新,102,2,100,高橋,2023-08-01,5320
2014,中鴻,105,8,97,高橋,2023-08-01,5320
1314,中石化,58,0,58,高橋,2023-08-01,5320
00929,復華台灣科技優息,50,2,48,高橋,2023-08-01,5320
1905,華紙,57,15,42,高橋,2023-08-01,5320
8358,金居,51,10,41,高橋,2023-08-01,5320
2303,聯電,50,14,36,高橋,2023-08-01,5320
3596,智易,34,0,34,高橋,2023-08-01,5320
2329,華泰,49,23,26,高橋,2023-08-01,5320
3217,優群,25,0,25,高橋,2023-08-01,5320
6282,康舒,52,27,25,高橋,2023-08-01,5320
1605,華新,33,9,24,高橋,2023-08-01,5320
1904,正隆,23,0,23,高橋,2023-08-01,5320
00752,中信中國50,21,0,21,高橋,2023-08-01,5320
1402,遠東新,20,0,20,高橋,2023-08-01,5320
6026,福邦證,20,0,20,高橋,2023-08-01,5320
00637L,元大滬深300正2,22,2,20,高橋,2023-08-01,5320
2603,長榮,35,16,19,高橋,2023-08-01,5320
2312,金寶,24,5,19,高橋,2023-08-01,5320
1710,東聯,19,0,19,高橋,2023-08-01,5320
2419,仲琦,22,5,17,高橋,2023-08-01,5320
00673R,期元大S＆P原油反1,17,0,17,高橋,2023-08-01,5320
3706,神達,29,12,17,高橋,2023-08-01,5320
3037,欣興,22,6,16,高橋,2023-08-01,5320
3105,穩懋,16,0,16,高橋,2023-08-01,5320
3583,辛耘,26,10,16,高橋,2023-08-01,5320
2368,金像電,20,4,16,高橋,2023-08-01,5320
2344,華邦電,21,5,16,高橋,2023-08-01,5320
2891,中信金,17,2,15,高橋,2023-08-01,5320
2324,仁寶,15,0,15,高橋,2023-08-01,5320
8201,無敵,15,1,14,高橋,2023-08-01,5320
2363,矽統,44,30,14,高橋,2023-08-01,5320
6239,力成,14,1,13,高橋,2023-08-01,5320
2472,立隆電,13,0,13,高橋,2023-08-01,5320
00882,中信中國高股息,15,2,13,高橋,2023-08-01,5320
3264,欣銓,20,7,13,高橋,2023-08-01,5320
2338,光罩,12,0,12,高橋,2023-08-01,5320
3289,宜特,12,0,12,高橋,2023-08-01,5320
6005,群益證,11,0,11,高橋,2023-08-01,5320
00679B,元大美債20年,11,0,11,高橋,2023-08-01,5320
2022,聚亨,12,1,11,高橋,2023-08-01,5320
2498,宏達電,11,0,11,高橋,2023-08-01,5320
1504,東元,15,4,11,高橋,2023-08-01,5320
00720B,元大投資級公司債,11,0,11,高橋,2023-08-01,5320
1513,中興電,30,20,10,高橋,2023-08-01,5320
2347,聯強,10,0,10,高橋,2023-08-01,5320
2301,光寶科,25,15,10,高橋,2023-08-01,5320
1308,亞聚,10,0,10,高橋,2023-08-01,5320
00919,群益台灣精選高息,293,8,285,高橋,2023-08-02,5320
00878,國泰永續高股息,386,123,263,高橋,2023-08-02,5320
00673R,期元大S＆P原油反1,152,0,152,高橋,2023-08-02,5320
0056,元大高股息,260,157,103,高橋,2023-08-02,5320
00900,富邦特選高股息30,122,23,99,高橋,2023-08-02,5320
1605,華新,196,106,90,高橋,2023-08-02,5320
2356,英業達,118,34,84,高橋,2023-08-02,5320
2883,凱基金,86,4,82,高橋,2023-08-02,5320
2618,長榮航,106,30,76,高橋,2023-08-02,5320
3706,神達,80,6,74,高橋,2023-08-02,5320
9945,潤泰新,71,0,71,高橋,2023-08-02,5320
00882,中信中國高股息,84,13,71,高橋,2023-08-02,5320
00923,群益台ESG低碳50,75,5,70,高橋,2023-08-02,5320
2610,華航,93,25,68,高橋,2023-08-02,5320
00650L,復華香港正2,64,2,62,高橋,2023-08-02,5320
00907,永豐優息存股,61,0,61,高橋,2023-08-02,5320
1905,華紙,128,69,59,高橋,2023-08-02,5320
4168,醣聯,60,4,56,高橋,2023-08-02,5320
3481,群創,87,37,50,高橋,2023-08-02,5320
3290,東浦,50,1,49,高橋,2023-08-02,5320
00712,復華富時不動產,48,0,48,高橋,2023-08-02,5320
2884,玉山金,48,0,48,高橋,2023-08-02,5320
1742,台蠟,46,0,46,高橋,2023-08-02,5320
2204,中華,45,1,44,高橋,2023-08-02,5320
2201,裕隆,48,5,43,高橋,2023-08-02,5320
6282,康舒,59,17,42,高橋,2023-08-02,5320
2897,王道銀行,42,0,42,高橋,2023-08-02,5320
2885,元大金,41,0,41,高橋,2023-08-02,5320
3231,緯創,104,69,35,高橋,2023-08-02,5320
3209,全科,37,3,34,高橋,2023-08-02,5320
2301,光寶科,43,9,34,高橋,2023-08-02,5320
6112,邁達特,45,13,32,高橋,2023-08-02,5320
2427,三商電,33,1,32,高橋,2023-08-02,5320
6116,彩晶,35,5,30,高橋,2023-08-02,5320
3037,欣興,49,20,29,高橋,2023-08-02,5320
2402,毅嘉,37,9,28,高橋,2023-08-02,5320
00751B,元大AAA至A公司債,28,2,26,高橋,2023-08-02,5320
2492,華新科,26,0,26,高橋,2023-08-02,5320
00639,富邦深100,25,0,25,高橋,2023-08-02,5320
00679B,元大美債20年,30,5,25,高橋,2023-08-02,5320
2347,聯強,25,0,25,高橋,2023-08-02,5320
2495,普安,24,0,24,高橋,2023-08-02,5320
2891,中信金,40,16,24,高橋,2023-08-02,5320
3025,星通,23,0,23,高橋,2023-08-02,5320
2887,台新金,24,1,23,高橋,2023-08-02,5320
4108,懷特,25,2,23,高橋,2023-08-02,5320
1514,亞力,23,1,22,高橋,2023-08-02,5320
00752,中信中國50,22,0,22,高橋,2023-08-02,5320
3260,威剛,22,0,22,高橋,2023-08-02,5320
2409,友達,34,12,22,高橋,2023-08-02,5320
00900,富邦特選高股息30,242,2,240,高橋,2023-08-04,5320
00688L,國泰20年美債正2,165,0,165,高橋,2023-08-04,5320
2344,華邦電,160,27,133,高橋,2023-08-04,5320
00680L,元大美債20正2,118,0,118,高橋,2023-08-04,5320
2323,中環,100,0,100,高橋,2023-08-04,5320
00878,國泰永續高股息,160,69,91,高橋,2023-08-04,5320
00772B,中信高評級公司債,86,3,83,高橋,2023-08-04,5320
2888,新光金,103,25,78,高橋,2023-08-04,5320
00929,復華台灣科技優息,70,0,70,高橋,2023-08-04,5320
00679B,元大美債20年,102,37,65,高橋,2023-08-04,5320
2891,中信金,62,0,62,高橋,2023-08-04,5320
8215,明基材,62,0,62,高橋,2023-08-04,5320
1609,大亞,127,71,56,高橋,2023-08-04,5320
1608,華榮,61,8,53,高橋,2023-08-04,5320
2801,彰銀,50,0,50,高橋,2023-08-04,5320
00687B,國泰20年美債,48,0,48,高橋,2023-08-04,5320
00795B,中信美國公債20年,46,0,46,高橋,2023-08-04,5320
2312,金寶,71,27,44,高橋,2023-08-04,5320
2440,太空梭,47,7,40,高橋,2023-08-04,5320
6285,啟��,48,9,39,高橋,2023-08-04,5320
1605,華新,138,101,37,高橋,2023-08-04,5320
2356,英業達,70,33,37,高橋,2023-08-04,5320
00919,群益台灣精選高息,33,0,33,高橋,2023-08-04,5320
00720B,元大投資級公司債,33,0,33,高橋,2023-08-04,5320
6016,康和證,35,2,33,高橋,2023-08-04,5320
2313,華通,33,0,33,高橋,2023-08-04,5320
2881,富邦金,32,0,32,高橋,2023-08-04,5320
00751B,元大AAA至A公司債,36,5,31,高橋,2023-08-04,5320
2630,亞航,26,0,26,高橋,2023-08-04,5320
6169,昱泉,26,0,26,高橋,2023-08-04,5320
00923,群益台ESG低碳50,25,0,25,高橋,2023-08-04,5320
1216,統一,27,3,24,高橋,2023-08-04,5320
3092,鴻碩,26,2,24,高橋,2023-08-04,5320
00902,中信電池及儲能,35,13,22,高橋,2023-08-04,5320
2206,三陽工業,22,1,21,高橋,2023-08-04,5320
2022,聚亨,31,10,21,高橋,2023-08-04,5320
2897,王道銀行,21,0,21,高橋,2023-08-04,5320
1314,中石化,21,0,21,高橋,2023-08-04,5320
3041,揚智,20,0,20,高橋,2023-08-04,5320
00712,復華富時不動產,121,101,20,高橋,2023-08-04,5320
5880,合庫金,17,0,17,高橋,2023-08-04,5320
5328,華容,17,0,17,高橋,2023-08-04,5320
3055,蔚華科,34,17,17,高橋,2023-08-04,5320
2890,永豐金,17,0,17,高橋,2023-08-04,5320
1785,光洋科,29,13,16,高橋,2023-08-04,5320
3481,群創,27,12,15,高橋,2023-08-04,5320
2352,佳世達,28,13,15,高橋,2023-08-04,5320
4915,致伸,30,15,15,高橋,2023-08-04,5320
2609,陽明,36,22,14,高橋,2023-08-04,5320
2618,長榮航,30,16,14,高橋,2023-08-04,5320
2409,友達,528,12,516,高橋,2023-08-07,5320
00673R,期元大S＆P原油反1,153,0,153,高橋,2023-08-07,5320
2032,新鋼,100,0,100,高橋,2023-08-07,5320
00931B,統一美債20年,92,0,92,高橋,2023-08-07,5320
2618,長榮航,149,58,91,高橋,2023-08-07,5320
3260,威剛,90,1,89,高橋,2023-08-07,5320
00720B,元大投資級公司債,86,0,86,高橋,2023-08-07,5320
00679B,元大美債20年,82,0,82,高橋,2023-08-07,5320
2610,華航,104,30,74,高橋,2023-08-07,5320
2201,裕隆,77,5,72,高橋,2023-08-07,5320
00751B,元大AAA至A公司債,65,1,64,高橋,2023-08-07,5320
00929,復華台灣科技優息,52,0,52,高橋,2023-08-07,5320
00923,群益台ESG低碳50,52,5,47,高橋,2023-08-07,5320
1904,正隆,66,20,46,高橋,2023-08-07,5320
5009,榮剛,47,6,41,高橋,2023-08-07,5320
3232,昱捷,40,0,40,高橋,2023-08-07,5320
2515,中工,39,2,37,高橋,2023-08-07,5320
00637L,元大滬深300正2,36,0,36,高橋,2023-08-07,5320
2401,凌陽,40,5,35,高橋,2023-08-07,5320
2323,中環,53,20,33,高橋,2023-08-07,5320
3481,群創,45,13,32,高橋,2023-08-07,5320
3715,定穎投控,31,0,31,高橋,2023-08-07,5320
00893,國泰智能電動車,30,1,29,高橋,2023-08-07,5320
2603,長榮,33,9,24,高橋,2023-08-07,5320
2891,中信金,23,0,23,高橋,2023-08-07,5320
00919,群益台灣精選高息,23,1,22,高橋,2023-08-07,5320
2388,威盛,46,24,22,高橋,2023-08-07,5320
6706,惠特,21,0,21,高橋,2023-08-07,5320
1711,永光,21,0,21,高橋,2023-08-07,5320
1905,華紙,41,20,21,高橋,2023-08-07,5320
2913,農林,34,14,20,高橋,2023-08-07,5320
2301,光寶科,75,56,19,高橋,2023-08-07,5320
5880,合庫金,18,0,18,高橋,2023-08-07,5320
00650L,復華香港正2,20,2,18,高橋,2023-08-07,5320
00680L,元大美債20正2,30,12,18,高橋,2023-08-07,5320
1584,精剛,18,0,18,高橋,2023-08-07,5320
1609,大亞,27,9,18,高橋,2023-08-07,5320
1815,富喬,20,3,17,高橋,2023-08-07,5320
3013,晟銘電,25,8,17,高橋,2023-08-07,5320
5452,佶優,26,9,17,高橋,2023-08-07,5320
2303,聯電,26,10,16,高橋,2023-08-07,5320
6443,元晶,15,0,15,高橋,2023-08-07,5320
9955,佳龍,15,0,15,高橋,2023-08-07,5320
2890,永豐金,15,1,14,高橋,2023-08-07,5320
1605,華新,20,6,14,高橋,2023-08-07,5320
8024,佑華,14,0,14,高橋,2023-08-07,5320
1907,永豐餘,13,0,13,高橋,2023-08-07,5320
2855,統一證,13,0,13,高橋,2023-08-07,5320
2412,中華電,13,0,13,高橋,2023-08-07,5320
2337,旺宏,18,5,13,高橋,2023-08-07,5320
00900,富邦特選高股息30,336,100,236,高橋,2023-08-08,5320
3260,威剛,195,0,195,高橋,2023-08-08,5320
00706L,期元大S＆P日圓正2,159,0,159,高橋,2023-08-08,5320
00929,復華台灣科技優息,229,77,152,高橋,2023-08-08,5320
00931B,統一美債20年,136,0,136,高橋,2023-08-08,5320
2356,英業達,177,74,103,高橋,2023-08-08,5320
2303,聯電,100,16,84,高橋,2023-08-08,5320
2801,彰銀,79,0,79,高橋,2023-08-08,5320
2332,友訊,75,3,72,高橋,2023-08-08,5320
00878,國泰永續高股息,122,63,59,高橋,2023-08-08,5320
4106,雃博,50,0,50,高橋,2023-08-08,5320
2204,中華,45,0,45,高橋,2023-08-08,5320
00650L,復華香港正2,44,0,44,高橋,2023-08-08,5320
2855,統一證,41,0,41,高橋,2023-08-08,5320
00687B,國泰20年美債,40,0,40,高橋,2023-08-08,5320
3231,緯創,150,111,39,高橋,2023-08-08,5320
3706,神達,54,16,38,高橋,2023-08-08,5320
2913,農林,52,16,36,高橋,2023-08-08,5320
2301,光寶科,67,31,36,高橋,2023-08-08,5320
2883,凱基金,33,0,33,高橋,2023-08-08,5320
8358,金居,32,0,32,高橋,2023-08-08,5320
1609,大亞,33,2,31,高橋,2023-08-08,5320
1101,台泥,31,2,29,高橋,2023-08-08,5320
3306,鼎天,33,6,27,高橋,2023-08-08,5320
00892,富邦台灣半導體,26,0,26,高橋,2023-08-08,5320
00923,群益台ESG低碳50,44,20,24,高橋,2023-08-08,5320
3207,耀勝,23,0,23,高橋,2023-08-08,5320
2645,長榮航太,27,6,21,高橋,2023-08-08,5320
2515,中工,23,2,21,高橋,2023-08-08,5320
2313,華通,41,21,20,高橋,2023-08-08,5320
6139,亞翔,22,2,20,高橋,2023-08-08,5320
5234,達興材料,20,0,20,高橋,2023-08-08,5320
4173,久裕,20,0,20,高橋,2023-08-08,5320
5009,榮剛,19,1,18,高橋,2023-08-08,5320
1789,神隆,20,3,17,高橋,2023-08-08,5320
6120,達運,17,1,16,高橋,2023-08-08,5320
1608,華榮,19,3,16,高橋,2023-08-08,5320
2014,中鴻,17,1,16,高橋,2023-08-08,5320
2455,全新,17,2,15,高橋,2023-08-08,5320
00893,國泰智能電動車,16,1,15,高橋,2023-08-08,5320
2615,萬海,18,3,15,高橋,2023-08-08,5320
3443,創意,15,0,15,高橋,2023-08-08,5320
2399,映泰,16,2,14,高橋,2023-08-08,5320
2352,佳世達,31,17,14,高橋,2023-08-08,5320
8050,廣積,15,2,13,高橋,2023-08-08,5320
2388,威盛,25,12,13,高橋,2023-08-08,5320
1504,東元,15,2,13,高橋,2023-08-08,5320
00891,中信關鍵半導體,13,0,13,高橋,2023-08-08,5320
6188,廣明,33,20,13,高橋,2023-08-08,5320
00665L,富邦�琤肭磪囓�2,12,0,12,高橋,2023-08-08,5320
5880,合庫金,191,0,191,高橋,2023-08-09,5320
00673R,期元大S＆P原油反1,152,0,152,高橋,2023-08-09,5320
8215,明基材,60,0,60,高橋,2023-08-09,5320
00929,復華台灣科技優息,61,3,58,高橋,2023-08-09,5320
3481,群創,57,1,56,高橋,2023-08-09,5320
1612,宏泰,50,0,50,高橋,2023-08-09,5320
3231,緯創,72,23,49,高橋,2023-08-09,5320
2425,承啟,81,36,45,高橋,2023-08-09,5320
2515,中工,43,0,43,高橋,2023-08-09,5320
2882,國泰金,37,0,37,高橋,2023-08-09,5320
00900,富邦特選高股息30,37,0,37,高橋,2023-08-09,5320
2913,農林,35,3,32,高橋,2023-08-09,5320
2630,亞航,32,0,32,高橋,2023-08-09,5320
00893,國泰智能電動車,44,15,29,高橋,2023-08-09,5320
3706,神達,42,15,27,高橋,2023-08-09,5320
00680L,元大美債20正2,35,12,23,高橋,2023-08-09,5320
4532,瑞智,20,0,20,高橋,2023-08-09,5320
3443,創意,20,0,20,高橋,2023-08-09,5320
2890,永豐金,20,0,20,高橋,2023-08-09,5320
6182,合晶,17,0,17,高橋,2023-08-09,5320
2892,第一金,16,0,16,高橋,2023-08-09,5320
2329,華泰,21,5,16,高橋,2023-08-09,5320
1210,大成,16,1,15,高橋,2023-08-09,5320
6274,台燿,16,1,15,高橋,2023-08-09,5320
00919,群益台灣精選高息,14,0,14,高橋,2023-08-09,5320
2637,慧洋-KY,13,0,13,高橋,2023-08-09,5320
2634,漢翔,20,7,13,高橋,2023-08-09,5320
1608,華榮,11,0,11,高橋,2023-08-09,5320
5469,瀚宇博,11,0,11,高橋,2023-08-09,5320
2382,廣達,27,17,10,高橋,2023-08-09,5320
8936,國統,10,0,10,高橋,2023-08-09,5320
3703,欣陸,10,0,10,高橋,2023-08-09,5320
1303,南亞,10,0,10,高橋,2023-08-09,5320
1217,愛之味,10,0,10,高橋,2023-08-09,5320
2891,中信金,10,0,10,高橋,2023-08-09,5320
5443,均豪,10,0,10,高橋,2023-08-09,5320
8358,金居,12,2,10,高橋,2023-08-09,5320
9934,成霖,10,0,10,高橋,2023-08-09,5320
00931B,統一美債20年,10,0,10,高橋,2023-08-09,5320
1471,首利,9,0,9,高橋,2023-08-09,5320
3038,全台,9,0,9,高橋,2023-08-09,5320
3055,蔚華科,14,5,9,高橋,2023-08-09,5320
3260,威剛,10,2,8,高橋,2023-08-09,5320
6147,頎邦,8,0,8,高橋,2023-08-09,5320
2731,雄獅,8,0,8,高橋,2023-08-09,5320
5328,華容,7,0,7,高橋,2023-08-09,5320
2201,裕隆,12,5,7,高橋,2023-08-09,5320
2376,技嘉,9,2,7,高橋,2023-08-09,5320
2832,台產,6,0,6,高橋,2023-08-09,5320
1762,中化生,6,0,6,高橋,2023-08-09,5320
2409,友達,564,33,531,高橋,2023-08-10,5320
3481,群創,202,7,195,高橋,2023-08-10,5320
00929,復華台灣科技優息,193,0,193,高橋,2023-08-10,5320
00878,國泰永續高股息,202,24,178,高橋,2023-08-10,5320
00900,富邦特選高股息30,163,0,163,高橋,2023-08-10,5320
2880,華南金,101,1,100,高橋,2023-08-10,5320
0056,元大高股息,104,19,85,高橋,2023-08-10,5320
2382,廣達,115,33,82,高橋,2023-08-10,5320
3041,揚智,82,0,82,高橋,2023-08-10,5320
2329,華泰,89,14,75,高橋,2023-08-10,5320
2610,華航,105,34,71,高橋,2023-08-10,5320
3231,緯創,209,138,71,高橋,2023-08-10,5320
6282,康舒,86,19,67,高橋,2023-08-10,5320
8215,明基材,46,0,46,高橋,2023-08-10,5320
1514,亞力,46,2,44,高橋,2023-08-10,5320
00923,群益台ESG低碳50,47,5,42,高橋,2023-08-10,5320
1605,華新,44,3,41,高橋,2023-08-10,5320
1802,台玻,49,10,39,高橋,2023-08-10,5320
2002,中鋼,39,0,39,高橋,2023-08-10,5320
1609,大亞,58,20,38,高橋,2023-08-10,5320
2323,中環,39,1,38,高橋,2023-08-10,5320
6116,彩晶,41,3,38,高橋,2023-08-10,5320
3706,神達,75,39,36,高橋,2023-08-10,5320
3032,偉訓,35,0,35,高橋,2023-08-10,5320
00919,群益台灣精選高息,44,10,34,高橋,2023-08-10,5320
2104,國際中橡,32,1,31,高橋,2023-08-10,5320
4168,醣聯,30,0,30,高橋,2023-08-10,5320
2312,金寶,31,1,30,高橋,2023-08-10,5320
4114,健喬,29,0,29,高橋,2023-08-10,5320
6139,亞翔,31,2,29,高橋,2023-08-10,5320
3260,威剛,27,1,26,高橋,2023-08-10,5320
5009,榮剛,24,2,22,高橋,2023-08-10,5320
3034,聯詠,21,0,21,高橋,2023-08-10,5320
5351,鈺創,21,0,21,高橋,2023-08-10,5320
00907,永豐優息存股,20,0,20,高橋,2023-08-10,5320
3078,僑威,22,3,19,高橋,2023-08-10,5320
3508,位速,20,1,19,高橋,2023-08-10,5320
1513,中興電,35,18,17,高橋,2023-08-10,5320
2408,南亞科,17,0,17,高橋,2023-08-10,5320
2401,凌陽,17,0,17,高橋,2023-08-10,5320
1722,台肥,16,0,16,高橋,2023-08-10,5320
00930,永豐ESG低碳高息,16,0,16,高橋,2023-08-10,5320
2313,華通,22,6,16,高橋,2023-08-10,5320
8210,勤誠,16,1,15,高橋,2023-08-10,5320
3356,奇偶,16,1,15,高橋,2023-08-10,5320
5469,瀚宇博,16,1,15,高橋,2023-08-10,5320
6239,力成,14,0,14,高橋,2023-08-10,5320
3652,精聯,14,0,14,高橋,2023-08-10,5320
4566,時碩工業,16,2,14,高橋,2023-08-10,5320
3483,力致,21,7,14,高橋,2023-08-10,5320
3481,群創,160,32,128,高橋,2023-08-11,5320
2892,第一金,100,16,84,高橋,2023-08-11,5320
6116,彩晶,86,6,80,高橋,2023-08-11,5320
2618,長榮航,159,80,79,高橋,2023-08-11,5320
00929,復華台灣科技優息,71,0,71,高橋,2023-08-11,5320
00878,國泰永續高股息,83,27,56,高橋,2023-08-11,5320
6770,力積電,54,0,54,高橋,2023-08-11,5320
2883,凱基金,52,0,52,高橋,2023-08-11,5320
00680L,元大美債20正2,50,0,50,高橋,2023-08-11,5320
2355,敬鵬,52,5,47,高橋,2023-08-11,5320
00931B,統一美債20年,60,21,39,高橋,2023-08-11,5320
4754,國碳科,44,5,39,高橋,2023-08-11,5320
2801,彰銀,39,0,39,高橋,2023-08-11,5320
00679B,元大美債20年,58,20,38,高橋,2023-08-11,5320
4168,醣聯,39,2,37,高橋,2023-08-11,5320
00673R,期元大S＆P原油反1,37,2,35,高橋,2023-08-11,5320
3673,TPK-KY,34,0,34,高橋,2023-08-11,5320
00772B,中信高評級公司債,39,5,34,高橋,2023-08-11,5320
2356,英業達,67,37,30,高橋,2023-08-11,5320
2344,華邦電,29,0,29,高橋,2023-08-11,5320
2881,富邦金,30,2,28,高橋,2023-08-11,5320
2888,新光金,32,5,27,高橋,2023-08-11,5320
3060,銘異,26,0,26,高橋,2023-08-11,5320
2913,農林,40,14,26,高橋,2023-08-11,5320
2427,三商電,25,0,25,高橋,2023-08-11,5320
2317,鴻海,31,6,25,高橋,2023-08-11,5320
2305,全友,30,6,24,高橋,2023-08-11,5320
2515,中工,23,0,23,高橋,2023-08-11,5320
4114,健喬,23,1,22,高橋,2023-08-11,5320
4106,雃博,21,0,21,高橋,2023-08-11,5320
3049,精金,20,0,20,高橋,2023-08-11,5320
6282,康舒,43,23,20,高橋,2023-08-11,5320
3025,星通,29,11,18,高橋,2023-08-11,5320
3231,緯創,106,89,17,高橋,2023-08-11,5320
1718,中纖,17,0,17,高橋,2023-08-11,5320
00923,群益台ESG低碳50,17,0,17,高橋,2023-08-11,5320
5475,德宏,23,7,16,高橋,2023-08-11,5320
2002,中鋼,16,0,16,高橋,2023-08-11,5320
00882,中信中國高股息,17,2,15,高橋,2023-08-11,5320
2329,華泰,25,10,15,高橋,2023-08-11,5320
2834,臺企銀,14,0,14,高橋,2023-08-11,5320
2027,大成鋼,17,3,14,高橋,2023-08-11,5320
3483,力致,14,1,13,高橋,2023-08-11,5320
00687B,國泰20年美債,14,1,13,高橋,2023-08-11,5320
1609,大亞,21,8,13,高橋,2023-08-11,5320
2634,漢翔,14,1,13,高橋,2023-08-11,5320
2481,強茂,15,3,12,高橋,2023-08-11,5320
5328,華容,13,1,12,高橋,2023-08-11,5320
5243,乙盛-KY,11,0,11,高橋,2023-08-11,5320
6158,禾昌,11,0,11,高橋,2023-08-11,5320
00878,國泰永續高股息,298,6,292,高橋,2023-08-14,5320
00929,復華台灣科技優息,251,45,206,高橋,2023-08-14,5320
2883,凱基金,206,0,206,高橋,2023-08-14,5320
2834,臺企銀,158,0,158,高橋,2023-08-14,5320
00900,富邦特選高股息30,152,2,150,高橋,2023-08-14,5320
2610,華航,221,87,134,高橋,2023-08-14,5320
2355,敬鵬,154,32,122,高橋,2023-08-14,5320
1313,聯成,159,39,120,高橋,2023-08-14,5320
3231,緯創,167,58,109,高橋,2023-08-14,5320
2882,國泰金,87,2,85,高橋,2023-08-14,5320
2344,華邦電,80,1,79,高橋,2023-08-14,5320
2356,英業達,106,36,70,高橋,2023-08-14,5320
2618,長榮航,161,92,69,高橋,2023-08-14,5320
2801,彰銀,72,4,68,高橋,2023-08-14,5320
6770,力積電,76,18,58,高橋,2023-08-14,5320
2897,王道銀行,56,0,56,高橋,2023-08-14,5320
00923,群益台ESG低碳50,51,0,51,高橋,2023-08-14,5320
1447,力鵬,50,0,50,高橋,2023-08-14,5320
00686R,群益臺灣加權反1,50,0,50,高橋,2023-08-14,5320
00664R,國泰臺灣加權反1,50,0,50,高橋,2023-08-14,5320
00650L,復華香港正2,48,0,48,高橋,2023-08-14,5320
2303,聯電,50,2,48,高橋,2023-08-14,5320
2313,華通,44,1,43,高橋,2023-08-14,5320
00931B,統一美債20年,43,0,43,高橋,2023-08-14,5320
9945,潤泰新,44,2,42,高橋,2023-08-14,5320
9933,中鼎,32,0,32,高橋,2023-08-14,5320
3703,欣陸,31,0,31,高橋,2023-08-14,5320
2609,陽明,80,50,30,高橋,2023-08-14,5320
2891,中信金,30,1,29,高橋,2023-08-14,5320
5475,德宏,31,2,29,高橋,2023-08-14,5320
00919,群益台灣精選高息,28,0,28,高橋,2023-08-14,5320
2376,技嘉,56,29,27,高橋,2023-08-14,5320
2405,輔信,32,5,27,高橋,2023-08-14,5320
2913,農林,31,4,27,高橋,2023-08-14,5320
1727,中華化,31,4,27,高橋,2023-08-14,5320
2002,中鋼,28,1,27,高橋,2023-08-14,5320
2885,元大金,26,0,26,高橋,2023-08-14,5320
00773B,中信優先金融債,24,0,24,高橋,2023-08-14,5320
1802,台玻,34,10,24,高橋,2023-08-14,5320
2201,裕隆,23,0,23,高橋,2023-08-14,5320
2888,新光金,25,2,23,高橋,2023-08-14,5320
1314,中石化,23,1,22,高橋,2023-08-14,5320
8358,金居,24,3,21,高橋,2023-08-14,5320
4306,炎洲,21,0,21,高橋,2023-08-14,5320
4168,醣聯,21,0,21,高橋,2023-08-14,5320
2401,凌陽,21,0,21,高橋,2023-08-14,5320
1616,億泰,21,0,21,高橋,2023-08-14,5320
3232,昱捷,20,0,20,高橋,2023-08-14,5320
2543,皇昌,20,1,19,高橋,2023-08-14,5320
1905,華紙,19,1,18,高橋,2023-08-14,5320
00923,群益台ESG低碳50,175,1,174,高橋,2023-08-15,5320
00929,復華台灣科技優息,179,12,167,高橋,2023-08-15,5320
2323,中環,186,30,156,高橋,2023-08-15,5320
00878,國泰永續高股息,141,28,113,高橋,2023-08-15,5320
00900,富邦特選高股息30,129,34,95,高橋,2023-08-15,5320
2355,敬鵬,136,50,86,高橋,2023-08-15,5320
3715,定穎投控,116,37,79,高橋,2023-08-15,5320
2891,中信金,62,4,58,高橋,2023-08-15,5320
2317,鴻海,58,1,57,高橋,2023-08-15,5320
00679B,元大美債20年,57,0,57,高橋,2023-08-15,5320
3481,群創,58,11,47,高橋,2023-08-15,5320
2618,長榮航,129,88,41,高橋,2023-08-15,5320
4114,健喬,34,0,34,高橋,2023-08-15,5320
2314,台揚,31,0,31,高橋,2023-08-15,5320
2302,麗正,31,0,31,高橋,2023-08-15,5320
00893,國泰智能電動車,31,1,30,高橋,2023-08-15,5320
00895,富邦未來車,30,1,29,高橋,2023-08-15,5320
2498,宏達電,31,4,27,高橋,2023-08-15,5320
2002,中鋼,28,4,24,高橋,2023-08-15,5320
1905,華紙,28,5,23,高橋,2023-08-15,5320
2881,富邦金,27,6,21,高橋,2023-08-15,5320
2412,中華電,21,0,21,高橋,2023-08-15,5320
1304,台聚,20,0,20,高橋,2023-08-15,5320
00907,永豐優息存股,20,0,20,高橋,2023-08-15,5320
00632R,元大台灣50反1,20,0,20,高橋,2023-08-15,5320
1310,台苯,20,0,20,高橋,2023-08-15,5320
2892,第一金,19,0,19,高橋,2023-08-15,5320
2884,玉山金,19,1,18,高橋,2023-08-15,5320
1726,永記,17,0,17,高橋,2023-08-15,5320
00772B,中信高評級公司債,19,2,17,高橋,2023-08-15,5320
1301,台塑,15,0,15,高橋,2023-08-15,5320
3323,加百裕,16,1,15,高橋,2023-08-15,5320
2206,三陽工業,16,1,15,高橋,2023-08-15,5320
00931B,統一美債20年,15,0,15,高橋,2023-08-15,5320
00706L,期元大S＆P日圓正2,15,0,15,高橋,2023-08-15,5320
8299,群聯,16,1,15,高橋,2023-08-15,5320
6541,泰福-KY,14,0,14,高橋,2023-08-15,5320
3030,德律,14,0,14,高橋,2023-08-15,5320
1326,台化,14,0,14,高橋,2023-08-15,5320
2455,全新,14,0,14,高橋,2023-08-15,5320
2887,台新金,13,0,13,高橋,2023-08-15,5320
1314,中石化,15,2,13,高橋,2023-08-15,5320
00680L,元大美債20正2,13,0,13,高橋,2023-08-15,5320
1217,愛之味,14,1,13,高橋,2023-08-15,5320
00712,復華富時不動產,18,5,13,高橋,2023-08-15,5320
2834,臺企銀,18,5,13,高橋,2023-08-15,5320
1303,南亞,12,0,12,高橋,2023-08-15,5320
6188,廣明,29,17,12,高橋,2023-08-15,5320
3056,富華新,11,0,11,高橋,2023-08-15,5320
00795B,中信美國公債20年,11,0,11,高橋,2023-08-15,5320
2303,聯電,163,1,162,高橋,2023-08-16,5320
9945,潤泰新,108,2,106,高橋,2023-08-16,5320
3481,群創,77,3,74,高橋,2023-08-16,5320
2610,華航,80,10,70,高橋,2023-08-16,5320
2313,華通,69,1,68,高橋,2023-08-16,5320
00929,復華台灣科技優息,71,4,67,高橋,2023-08-16,5320
2425,承啟,57,5,52,高橋,2023-08-16,5320
2891,中信金,43,0,43,高橋,2023-08-16,5320
2883,凱基金,43,3,40,高橋,2023-08-16,5320
00923,群益台ESG低碳50,41,2,39,高橋,2023-08-16,5320
2324,仁寶,88,50,38,高橋,2023-08-16,5320
00900,富邦特選高股息30,37,0,37,高橋,2023-08-16,5320
2884,玉山金,37,0,37,高橋,2023-08-16,5320
00772B,中信高評級公司債,36,0,36,高橋,2023-08-16,5320
00650L,復華香港正2,36,0,36,高橋,2023-08-16,5320
2609,陽明,58,24,34,高橋,2023-08-16,5320
2880,華南金,33,1,32,高橋,2023-08-16,5320
1301,台塑,31,0,31,高橋,2023-08-16,5320
2002,中鋼,31,0,31,高橋,2023-08-16,5320
3706,神達,59,34,25,高橋,2023-08-16,5320
2603,長榮,26,1,25,高橋,2023-08-16,5320
2323,中環,97,73,24,高橋,2023-08-16,5320
00878,國泰永續高股息,87,64,23,高橋,2023-08-16,5320
2515,中工,23,0,23,高橋,2023-08-16,5320
2801,彰銀,23,0,23,高橋,2023-08-16,5320
8048,德勝,26,4,22,高橋,2023-08-16,5320
00665L,富邦�琤肭磪囓�2,21,0,21,高橋,2023-08-16,5320
00907,永豐優息存股,21,0,21,高橋,2023-08-16,5320
3236,千如,23,2,21,高橋,2023-08-16,5320
1326,台化,26,6,20,高橋,2023-08-16,5320
00674R,期元大S＆P黃金反1,20,0,20,高橋,2023-08-16,5320
9904,寶成,20,0,20,高橋,2023-08-16,5320
2516,新建,20,0,20,高橋,2023-08-16,5320
3059,華晶科,20,1,19,高橋,2023-08-16,5320
8358,金居,57,38,19,高橋,2023-08-16,5320
2344,華邦電,18,1,17,高橋,2023-08-16,5320
3071,協禧,16,0,16,高橋,2023-08-16,5320
1524,耿鼎,16,0,16,高橋,2023-08-16,5320
3308,聯德,20,5,15,高橋,2023-08-16,5320
2421,建準,22,8,14,高橋,2023-08-16,5320
2887,台新金,14,0,14,高橋,2023-08-16,5320
00712,復華富時不動產,57,43,14,高橋,2023-08-16,5320
00795B,中信美國公債20年,13,0,13,高橋,2023-08-16,5320
2408,南亞科,13,0,13,高橋,2023-08-16,5320
1802,台玻,14,1,13,高橋,2023-08-16,5320
2634,漢翔,13,0,13,高橋,2023-08-16,5320
2618,長榮航,27,15,12,高橋,2023-08-16,5320
1314,中石化,14,2,12,高橋,2023-08-16,5320
2615,萬海,14,3,11,高橋,2023-08-16,5320
4721,美琪瑪,13,2,11,高橋,2023-08-16,5320
00931B,統一美債20年,805,0,805,高橋,2023-08-17,5320
3231,緯創,222,109,113,高橋,2023-08-17,5320
1802,台玻,113,2,111,高橋,2023-08-17,5320
2883,凱基金,104,9,95,高橋,2023-08-17,5320
00673R,期元大S＆P原油反1,60,4,56,高橋,2023-08-17,5320
00882,中信中國高股息,52,2,50,高橋,2023-08-17,5320
2425,承啟,56,7,49,高橋,2023-08-17,5320
00772B,中信高評級公司債,46,0,46,高橋,2023-08-17,5320
00680L,元大美債20正2,85,40,45,高橋,2023-08-17,5320
6770,力積電,69,28,41,高橋,2023-08-17,5320
00720B,元大投資級公司債,53,13,40,高橋,2023-08-17,5320
2329,華泰,74,34,40,高橋,2023-08-17,5320
00712,復華富時不動產,49,10,39,高橋,2023-08-17,5320
2324,仁寶,124,87,37,高橋,2023-08-17,5320
3234,光環,32,0,32,高橋,2023-08-17,5320
2484,希華,31,0,31,高橋,2023-08-17,5320
00688L,國泰20年美債正2,31,0,31,高橋,2023-08-17,5320
5880,合庫金,38,9,29,高橋,2023-08-17,5320
2388,威盛,41,12,29,高橋,2023-08-17,5320
3056,富華新,30,2,28,高橋,2023-08-17,5320
2002,中鋼,37,10,27,高橋,2023-08-17,5320
2314,台揚,27,0,27,高橋,2023-08-17,5320
00751B,元大AAA至A公司債,28,2,26,高橋,2023-08-17,5320
2888,新光金,24,1,23,高橋,2023-08-17,5320
9945,潤泰新,26,4,22,高橋,2023-08-17,5320
00893,國泰智能電動車,22,0,22,高橋,2023-08-17,5320
2618,長榮航,30,10,20,高橋,2023-08-17,5320
8069,元太,26,6,20,高橋,2023-08-17,5320
00725B,國泰投資級公司債,21,1,20,高橋,2023-08-17,5320
2303,聯電,54,34,20,高橋,2023-08-17,5320
2885,元大金,19,0,19,高橋,2023-08-17,5320
1313,聯成,17,0,17,高橋,2023-08-17,5320
2312,金寶,25,8,17,高橋,2023-08-17,5320
3105,穩懋,23,6,17,高橋,2023-08-17,5320
2892,第一金,26,10,16,高橋,2023-08-17,5320
00687B,國泰20年美債,16,0,16,高橋,2023-08-17,5320
3306,鼎天,60,44,16,高橋,2023-08-17,5320
8390,金益鼎,15,0,15,高橋,2023-08-17,5320
1101,台泥,18,4,14,高橋,2023-08-17,5320
2367,燿華,24,10,14,高橋,2023-08-17,5320
1402,遠東新,16,2,14,高橋,2023-08-17,5320
2880,華南金,14,0,14,高橋,2023-08-17,5320
3051,力特,33,20,13,高橋,2023-08-17,5320
2886,兆豐金,27,14,13,高橋,2023-08-17,5320
2014,中鴻,22,10,12,高橋,2023-08-17,5320
2027,大成鋼,12,0,12,高橋,2023-08-17,5320
1301,台塑,11,0,11,高橋,2023-08-17,5320
4915,致伸,12,1,11,高橋,2023-08-17,5320
9907,統一實,11,0,11,高橋,2023-08-17,5320
6188,廣明,35,24,11,高橋,2023-08-17,5320
00929,復華台灣科技優息,211,10,201,高橋,2023-08-18,5320
2363,矽統,220,49,171,高橋,2023-08-18,5320
2313,華通,152,0,152,高橋,2023-08-18,5320
00878,國泰永續高股息,149,20,129,高橋,2023-08-18,5320
3231,緯創,226,103,123,高橋,2023-08-18,5320
2610,華航,116,11,105,高橋,2023-08-18,5320
2324,仁寶,119,36,83,高橋,2023-08-18,5320
00712,復華富時不動產,65,10,55,高橋,2023-08-18,5320
2484,希華,53,0,53,高橋,2023-08-18,5320
00676R,富邦臺灣加權反1,50,0,50,高橋,2023-08-18,5320
2317,鴻海,51,1,50,高橋,2023-08-18,5320
3221,台嘉碩,46,0,46,高橋,2023-08-18,5320
0056,元大高股息,54,9,45,高橋,2023-08-18,5320
2618,長榮航,45,4,41,高橋,2023-08-18,5320
00900,富邦特選高股息30,50,12,38,高橋,2023-08-18,5320
2548,華固,35,0,35,高橋,2023-08-18,5320
1101,台泥,40,10,30,高橋,2023-08-18,5320
2356,英業達,108,78,30,高橋,2023-08-18,5320
2359,所羅門,35,7,28,高橋,2023-08-18,5320
2382,廣達,79,51,28,高橋,2023-08-18,5320
2881,富邦金,26,0,26,高橋,2023-08-18,5320
2641,正德,29,4,25,高橋,2023-08-18,5320
00632R,元大台灣50反1,21,0,21,高橋,2023-08-18,5320
00720B,元大投資級公司債,21,0,21,高橋,2023-08-18,5320
2367,燿華,21,0,21,高橋,2023-08-18,5320
3701,大眾控,23,2,21,高橋,2023-08-18,5320
5009,榮剛,20,0,20,高橋,2023-08-18,5320
9907,統一實,20,0,20,高橋,2023-08-18,5320
5340,建榮,21,2,19,高橋,2023-08-18,5320
3014,聯陽,21,2,19,高橋,2023-08-18,5320
1504,東元,39,21,18,高橋,2023-08-18,5320
00650L,復華香港正2,18,0,18,高橋,2023-08-18,5320
6275,元山,20,3,17,高橋,2023-08-18,5320
2449,京元電子,20,3,17,高橋,2023-08-18,5320
4207,環泰,16,0,16,高橋,2023-08-18,5320
3704,合勤控,15,0,15,高橋,2023-08-18,5320
00772B,中信高評級公司債,15,0,15,高橋,2023-08-18,5320
2401,凌陽,22,7,15,高橋,2023-08-18,5320
2913,農林,14,0,14,高橋,2023-08-18,5320
2425,承啟,20,6,14,高橋,2023-08-18,5320
3583,辛耘,18,5,13,高橋,2023-08-18,5320
4581,光隆精密-KY,26,13,13,高橋,2023-08-18,5320
2884,玉山金,13,0,13,高橋,2023-08-18,5320
00931B,統一美債20年,13,0,13,高橋,2023-08-18,5320
5381,合正,15,2,13,高橋,2023-08-18,5320
5864,致和證,13,0,13,高橋,2023-08-18,5320
2204,中華,12,0,12,高橋,2023-08-18,5320
8478,東哥遊艇,12,0,12,高橋,2023-08-18,5320
2402,毅嘉,19,7,12,高橋,2023-08-18,5320
2458,義隆,12,1,11,高橋,2023-08-18,5320
2812,台中銀,199,16,183,高橋,2023-08-21,5320
00712,復華富時不動產,142,0,142,高橋,2023-08-21,5320
5608,四維航,106,11,95,高橋,2023-08-21,5320
2881,富邦金,140,51,89,高橋,2023-08-21,5320
2324,仁寶,65,7,58,高橋,2023-08-21,5320
00878,國泰永續高股息,57,5,52,高橋,2023-08-21,5320
00882,中信中國高股息,77,30,47,高橋,2023-08-21,5320
00650L,復華香港正2,46,0,46,高橋,2023-08-21,5320
00919,群益台灣精選高息,34,0,34,高橋,2023-08-21,5320
2329,華泰,55,22,33,高橋,2023-08-21,5320
2382,廣達,60,27,33,高橋,2023-08-21,5320
00637L,元大滬深300正2,54,21,33,高橋,2023-08-21,5320
00720B,元大投資級公司債,33,0,33,高橋,2023-08-21,5320
00929,復華台灣科技優息,70,38,32,高橋,2023-08-21,5320
6197,佳必琪,31,1,30,高橋,2023-08-21,5320
2882,國泰金,31,4,27,高橋,2023-08-21,5320
3306,鼎天,103,78,25,高橋,2023-08-21,5320
1471,首利,53,31,22,高橋,2023-08-21,5320
4906,正文,33,11,22,高橋,2023-08-21,5320
2605,新興,23,1,22,高橋,2023-08-21,5320
00923,群益台ESG低碳50,22,1,21,高橋,2023-08-21,5320
6139,亞翔,31,10,21,高橋,2023-08-21,5320
1529,樂事綠能,23,2,21,高橋,2023-08-21,5320
2606,裕民,40,22,18,高橋,2023-08-21,5320
1303,南亞,15,0,15,高橋,2023-08-21,5320
2303,聯電,21,7,14,高橋,2023-08-21,5320
2886,兆豐金,26,12,14,高橋,2023-08-21,5320
3325,旭品,14,1,13,高橋,2023-08-21,5320
6231,系微,13,1,12,高橋,2023-08-21,5320
2338,光罩,12,0,12,高橋,2023-08-21,5320
2425,承啟,14,2,12,高橋,2023-08-21,5320
00665L,富邦�琤肭磪囓�2,12,0,12,高橋,2023-08-21,5320
00772B,中信高評級公司債,17,5,12,高橋,2023-08-21,5320
00900,富邦特選高股息30,14,3,11,高橋,2023-08-21,5320
4721,美琪瑪,11,0,11,高橋,2023-08-21,5320
2889,國票金,11,0,11,高橋,2023-08-21,5320
2884,玉山金,11,0,11,高橋,2023-08-21,5320
2419,仲琦,10,0,10,高橋,2023-08-21,5320
6170,統振,12,2,10,高橋,2023-08-21,5320
00931B,統一美債20年,10,0,10,高橋,2023-08-21,5320
00680L,元大美債20正2,10,0,10,高橋,2023-08-21,5320
9904,寶成,10,0,10,高橋,2023-08-21,5320
6005,群益證,10,0,10,高橋,2023-08-21,5320
2603,長榮,15,6,9,高橋,2023-08-21,5320
1409,新纖,9,0,9,高橋,2023-08-21,5320
3207,耀勝,20,11,9,高橋,2023-08-21,5320
3236,千如,10,1,9,高橋,2023-08-21,5320
6261,久元,9,0,9,高橋,2023-08-21,5320
2330,台積電,8,0,8,高橋,2023-08-21,5320
00902,中信電池及儲能,8,0,8,高橋,2023-08-21,5320
2324,仁寶,153,37,116,高橋,2023-08-22,5320
00673R,期元大S＆P原油反1,100,0,100,高橋,2023-08-22,5320
00929,復華台灣科技優息,98,7,91,高橋,2023-08-22,5320
2881,富邦金,89,0,89,高橋,2023-08-22,5320
2883,凱基金,85,4,81,高橋,2023-08-22,5320
2897,王道銀行,79,0,79,高橋,2023-08-22,5320
1609,大亞,66,2,64,高橋,2023-08-22,5320
00679B,元大美債20年,58,0,58,高橋,2023-08-22,5320
2401,凌陽,57,2,55,高橋,2023-08-22,5320
2027,大成鋼,52,0,52,高橋,2023-08-22,5320
1471,首利,64,16,48,高橋,2023-08-22,5320
6116,彩晶,50,4,46,高橋,2023-08-22,5320
00882,中信中國高股息,43,6,37,高橋,2023-08-22,5320
2891,中信金,40,5,35,高橋,2023-08-22,5320
2363,矽統,101,66,35,高橋,2023-08-22,5320
00637L,元大滬深300正2,66,33,33,高橋,2023-08-22,5320
00878,國泰永續高股息,63,32,31,高橋,2023-08-22,5320
2332,友訊,99,71,28,高橋,2023-08-22,5320
00633L,富邦上証正2,22,0,22,高橋,2023-08-22,5320
00712,復華富時不動產,22,0,22,高橋,2023-08-22,5320
1513,中興電,25,4,21,高橋,2023-08-22,5320
3363,上詮,27,6,21,高橋,2023-08-22,5320
2516,新建,21,0,21,高橋,2023-08-22,5320
6125,廣運,62,42,20,高橋,2023-08-22,5320
2323,中環,20,0,20,高橋,2023-08-22,5320
00895,富邦未來車,20,0,20,高橋,2023-08-22,5320
3221,台嘉碩,20,0,20,高橋,2023-08-22,5320
1102,亞泥,20,0,20,高橋,2023-08-22,5320
2002,中鋼,23,3,20,高橋,2023-08-22,5320
2344,華邦電,21,2,19,高橋,2023-08-22,5320
2890,永豐金,21,2,19,高橋,2023-08-22,5320
2399,映泰,21,4,17,高橋,2023-08-22,5320
1504,東元,23,7,16,高橋,2023-08-22,5320
1604,聲寶,16,0,16,高橋,2023-08-22,5320
6515,穎崴,15,0,15,高橋,2023-08-22,5320
3325,旭品,25,10,15,高橋,2023-08-22,5320
00885,富邦越南,16,1,15,高橋,2023-08-22,5320
00893,國泰智能電動車,32,17,15,高橋,2023-08-22,5320
00680L,元大美債20正2,15,0,15,高橋,2023-08-22,5320
2409,友達,18,3,15,高橋,2023-08-22,5320
6282,康舒,15,1,14,高橋,2023-08-22,5320
2303,聯電,23,9,14,高橋,2023-08-22,5320
2371,大同,18,5,13,高橋,2023-08-22,5320
4909,新復興,13,0,13,高橋,2023-08-22,5320
3308,聯德,15,2,13,高橋,2023-08-22,5320
3454,晶睿,15,2,13,高橋,2023-08-22,5320
3362,先進光,15,2,13,高橋,2023-08-22,5320
3207,耀勝,13,0,13,高橋,2023-08-22,5320
5009,榮剛,12,0,12,高橋,2023-08-22,5320
3004,豐達科,12,0,12,高橋,2023-08-22,5320
2618,長榮航,165,7,158,高橋,2023-08-23,5320
00753L,中信中國50正2,129,6,123,高橋,2023-08-23,5320
3051,力特,106,15,91,高橋,2023-08-23,5320
2605,新興,194,132,62,高橋,2023-08-23,5320
6116,彩晶,47,0,47,高橋,2023-08-23,5320
00712,復華富時不動產,39,0,39,高橋,2023-08-23,5320
6117,迎廣,50,12,38,高橋,2023-08-23,5320
2324,仁寶,41,5,36,高橋,2023-08-23,5320
00680L,元大美債20正2,45,10,35,高橋,2023-08-23,5320
8358,金居,54,19,35,高橋,2023-08-23,5320
2883,凱基金,33,1,32,高橋,2023-08-23,5320
1584,精剛,64,32,32,高橋,2023-08-23,5320
1301,台塑,32,2,30,高橋,2023-08-23,5320
6282,康舒,35,6,29,高橋,2023-08-23,5320
2208,台船,30,1,29,高橋,2023-08-23,5320
2610,華航,56,29,27,高橋,2023-08-23,5320
3025,星通,32,9,23,高橋,2023-08-23,5320
6216,居易,22,0,22,高橋,2023-08-23,5320
2408,南亞科,21,0,21,高橋,2023-08-23,5320
2329,華泰,43,22,21,高橋,2023-08-23,5320
00632R,元大台灣50反1,20,0,20,高橋,2023-08-23,5320
00633L,富邦上証正2,20,0,20,高橋,2023-08-23,5320
3013,晟銘電,130,110,20,高橋,2023-08-23,5320
6285,啟��,27,8,19,高橋,2023-08-23,5320
2492,華新科,20,1,19,高橋,2023-08-23,5320
6139,亞翔,36,17,19,高橋,2023-08-23,5320
2402,毅嘉,27,9,18,高橋,2023-08-23,5320
3078,僑威,56,39,17,高橋,2023-08-23,5320
3163,波若威,23,6,17,高橋,2023-08-23,5320
2002,中鋼,30,13,17,高橋,2023-08-23,5320
1524,耿鼎,16,0,16,高橋,2023-08-23,5320
1314,中石化,19,3,16,高橋,2023-08-23,5320
2630,亞航,16,0,16,高橋,2023-08-23,5320
3689,湧德,17,2,15,高橋,2023-08-23,5320
5452,佶優,17,2,15,高橋,2023-08-23,5320
2009,第一銅,13,0,13,高橋,2023-08-23,5320
2409,友達,13,0,13,高橋,2023-08-23,5320
2421,建準,19,6,13,高橋,2023-08-23,5320
2617,台航,13,1,12,高橋,2023-08-23,5320
2615,萬海,12,0,12,高橋,2023-08-23,5320
3363,上詮,26,14,12,高橋,2023-08-23,5320
2206,三陽工業,11,0,11,高橋,2023-08-23,5320
3675,德微,10,0,10,高橋,2023-08-23,5320
1305,華夏,10,0,10,高橋,2023-08-23,5320
2482,連宇,10,0,10,高橋,2023-08-23,5320
1464,得力,10,0,10,高橋,2023-08-23,5320
5469,瀚宇博,11,1,10,高橋,2023-08-23,5320
00882,中信中國高股息,10,0,10,高橋,2023-08-23,5320
2405,輔信,10,0,10,高橋,2023-08-23,5320
1527,鑽全,10,0,10,高橋,2023-08-23,5320
00919,群益台灣精選高息,212,13,199,高橋,2023-08-24,5320
00688L,國泰20年美債正2,125,0,125,高橋,2023-08-24,5320
2002,中鋼,60,1,59,高橋,2023-08-24,5320
2363,矽統,133,79,54,高橋,2023-08-24,5320
3231,緯創,215,173,42,高橋,2023-08-24,5320
2630,亞航,52,10,42,高橋,2023-08-24,5320
2615,萬海,33,0,33,高橋,2023-08-24,5320
2329,華泰,67,35,32,高橋,2023-08-24,5320
2419,仲琦,48,16,32,高橋,2023-08-24,5320
2618,長榮航,37,7,30,高橋,2023-08-24,5320
00632R,元大台灣50反1,30,2,28,高橋,2023-08-24,5320
2352,佳世達,31,5,26,高橋,2023-08-24,5320
2609,陽明,31,6,25,高橋,2023-08-24,5320
2344,華邦電,30,6,24,高橋,2023-08-24,5320
2880,華南金,34,10,24,高橋,2023-08-24,5320
2449,京元電子,52,29,23,高橋,2023-08-24,5320
00929,復華台灣科技優息,106,85,21,高橋,2023-08-24,5320
2883,凱基金,31,11,20,高橋,2023-08-24,5320
00927,群益半導體收益,20,0,20,高橋,2023-08-24,5320
3013,晟銘電,55,36,19,高橋,2023-08-24,5320
1304,台聚,18,0,18,高橋,2023-08-24,5320
2353,宏��,21,5,16,高橋,2023-08-24,5320
2492,華新科,17,1,16,高橋,2023-08-24,5320
2705,六福,15,0,15,高橋,2023-08-24,5320
3305,昇貿,22,7,15,高橋,2023-08-24,5320
3312,弘憶股,15,0,15,高橋,2023-08-24,5320
8050,廣積,21,7,14,高橋,2023-08-24,5320
8383,千附,14,0,14,高橋,2023-08-24,5320
1101,台泥,16,2,14,高橋,2023-08-24,5320
4906,正文,26,13,13,高橋,2023-08-24,5320
3021,鴻名,39,26,13,高橋,2023-08-24,5320
1104,環泥,12,0,12,高橋,2023-08-24,5320
1737,臺鹽,15,3,12,高橋,2023-08-24,5320
1471,首利,38,26,12,高橋,2023-08-24,5320
2887,台新金,22,11,11,高橋,2023-08-24,5320
3706,神達,32,21,11,高橋,2023-08-24,5320
1301,台塑,12,2,10,高橋,2023-08-24,5320
8940,新天地,10,0,10,高橋,2023-08-24,5320
00788B,元大10年IG電能債,10,0,10,高橋,2023-08-24,5320
1909,榮成,10,0,10,高橋,2023-08-24,5320
3624,光頡,10,0,10,高橋,2023-08-24,5320
1305,華夏,10,0,10,高橋,2023-08-24,5320
3317,尼克森,11,1,10,高橋,2023-08-24,5320
8093,保銳,10,0,10,高橋,2023-08-24,5320
3071,協禧,11,1,10,高橋,2023-08-24,5320
2465,麗臺,10,0,10,高橋,2023-08-24,5320
3444,利機,10,0,10,高橋,2023-08-24,5320
8033,雷虎,14,4,10,高橋,2023-08-24,5320
9904,寶成,10,0,10,高橋,2023-08-24,5320
3217,優群,10,1,9,高橋,2023-08-24,5320
3231,緯創,312,37,275,高橋,2023-08-25,5320
00919,群益台灣精選高息,237,0,237,高橋,2023-08-25,5320
00878,國泰永續高股息,191,3,188,高橋,2023-08-25,5320
00706L,期元大S＆P日圓正2,154,3,151,高橋,2023-08-25,5320
2382,廣達,122,20,102,高橋,2023-08-25,5320
2485,兆赫,151,49,102,高橋,2023-08-25,5320
2356,英業達,144,57,87,高橋,2023-08-25,5320
00929,復華台灣科技優息,86,15,71,高橋,2023-08-25,5320
2634,漢翔,107,40,67,高橋,2023-08-25,5320
2610,華航,89,23,66,高橋,2023-08-25,5320
2399,映泰,55,1,54,高橋,2023-08-25,5320
2303,聯電,54,3,51,高橋,2023-08-25,5320
2329,華泰,61,10,51,高橋,2023-08-25,5320
00686R,群益臺灣加權反1,50,0,50,高橋,2023-08-25,5320
00664R,國泰臺灣加權反1,50,0,50,高橋,2023-08-25,5320
0056,元大高股息,55,10,45,高橋,2023-08-25,5320
1303,南亞,43,0,43,高橋,2023-08-25,5320
2618,長榮航,45,9,36,高橋,2023-08-25,5320
2834,臺企銀,35,0,35,高橋,2023-08-25,5320
3062,建漢,37,5,32,高橋,2023-08-25,5320
2324,仁寶,56,24,32,高橋,2023-08-25,5320
5243,乙盛-KY,31,0,31,高橋,2023-08-25,5320
2002,中鋼,31,3,28,高橋,2023-08-25,5320
00893,國泰智能電動車,27,1,26,高橋,2023-08-25,5320
2515,中工,23,0,23,高橋,2023-08-25,5320
3363,上詮,36,13,23,高橋,2023-08-25,5320
5706,鳳凰,23,1,22,高橋,2023-08-25,5320
2425,承啟,22,1,21,高橋,2023-08-25,5320
8358,金居,21,1,20,高橋,2023-08-25,5320
3047,訊舟,20,0,20,高橋,2023-08-25,5320
2353,宏��,24,4,20,高橋,2023-08-25,5320
00680L,元大美債20正2,20,0,20,高橋,2023-08-25,5320
9904,寶成,21,1,20,高橋,2023-08-25,5320
00753L,中信中國50正2,18,0,18,高橋,2023-08-25,5320
2880,華南金,18,0,18,高橋,2023-08-25,5320
2330,台積電,20,3,17,高橋,2023-08-25,5320
00900,富邦特選高股息30,28,11,17,高橋,2023-08-25,5320
6285,啟��,17,1,16,高橋,2023-08-25,5320
00923,群益台ESG低碳50,16,0,16,高橋,2023-08-25,5320
3483,力致,21,6,15,高橋,2023-08-25,5320
8222,寶一,27,12,15,高橋,2023-08-25,5320
2883,凱基金,15,1,14,高橋,2023-08-25,5320
3706,神達,22,9,13,高橋,2023-08-25,5320
00907,永豐優息存股,18,5,13,高橋,2023-08-25,5320
2401,凌陽,37,24,13,高橋,2023-08-25,5320
3078,僑威,16,4,12,高橋,2023-08-25,5320
3051,力特,12,0,12,高橋,2023-08-25,5320
3037,欣興,19,7,12,高橋,2023-08-25,5320
3704,合勤控,12,0,12,高橋,2023-08-25,5320
2301,光寶科,19,8,11,高橋,2023-08-25,5320
00929,復華台灣科技優息,136,10,126,高橋,2023-08-28,5320
2610,華航,131,18,113,高橋,2023-08-28,5320
9105,泰金寶-DR,106,0,106,高橋,2023-08-28,5320
9904,寶成,76,0,76,高橋,2023-08-28,5320
2323,中環,67,0,67,高橋,2023-08-28,5320
3051,力特,65,5,60,高橋,2023-08-28,5320
1737,臺鹽,80,23,57,高橋,2023-08-28,5320
2208,台船,50,0,50,高橋,2023-08-28,5320
00878,國泰永續高股息,64,15,49,高橋,2023-08-28,5320
2393,億光,40,0,40,高橋,2023-08-28,5320
2618,長榮航,78,42,36,高橋,2023-08-28,5320
5381,合正,44,8,36,高橋,2023-08-28,5320
00919,群益台灣精選高息,33,0,33,高橋,2023-08-28,5320
0056,元大高股息,36,3,33,高橋,2023-08-28,5320
3231,緯創,130,98,32,高橋,2023-08-28,5320
5243,乙盛-KY,31,0,31,高橋,2023-08-28,5320
2331,精英,100,71,29,高橋,2023-08-28,5320
00637L,元大滬深300正2,66,38,28,高橋,2023-08-28,5320
00900,富邦特選高股息30,26,0,26,高橋,2023-08-28,5320
2834,臺企銀,28,2,26,高橋,2023-08-28,5320
2382,廣達,64,40,24,高橋,2023-08-28,5320
4906,正文,59,35,24,高橋,2023-08-28,5320
2883,凱基金,23,0,23,高橋,2023-08-28,5320
3363,上詮,25,5,20,高橋,2023-08-28,5320
00633L,富邦上証正2,23,3,20,高橋,2023-08-28,5320
6275,元山,20,0,20,高橋,2023-08-28,5320
2353,宏��,27,7,20,高橋,2023-08-28,5320
2388,威盛,23,5,18,高橋,2023-08-28,5320
00650L,復華香港正2,48,32,16,高橋,2023-08-28,5320
00720B,元大投資級公司債,15,0,15,高橋,2023-08-28,5320
1584,精剛,29,14,15,高橋,2023-08-28,5320
2419,仲琦,31,16,15,高橋,2023-08-28,5320
2401,凌陽,19,4,15,高橋,2023-08-28,5320
2887,台新金,16,1,15,高橋,2023-08-28,5320
2485,兆赫,22,8,14,高橋,2023-08-28,5320
6163,華電網,20,6,14,高橋,2023-08-28,5320
2402,毅嘉,16,2,14,高橋,2023-08-28,5320
2399,映泰,24,10,14,高橋,2023-08-28,5320
2486,一詮,13,0,13,高橋,2023-08-28,5320
2355,敬鵬,20,7,13,高橋,2023-08-28,5320
6125,廣運,15,2,13,高橋,2023-08-28,5320
9934,成霖,13,1,12,高橋,2023-08-28,5320
3037,欣興,16,4,12,高橋,2023-08-28,5320
6198,瑞築,11,0,11,高橋,2023-08-28,5320
3260,威剛,11,0,11,高橋,2023-08-28,5320
6233,旺玖,10,0,10,高橋,2023-08-28,5320
2903,遠百,10,0,10,高橋,2023-08-28,5320
2409,友達,11,1,10,高橋,2023-08-28,5320
8403,盛弘,10,0,10,高橋,2023-08-28,5320
2482,連宇,10,1,9,高橋,2023-08-28,5320
2363,矽統,224,56,168,高橋,2023-08-29,5320
3042,晶技,105,1,104,高橋,2023-08-29,5320
9904,寶成,102,0,102,高橋,2023-08-29,5320
2542,興富發,70,0,70,高橋,2023-08-29,5320
00929,復華台灣科技優息,69,2,67,高橋,2023-08-29,5320
2485,兆赫,70,10,60,高橋,2023-08-29,5320
2337,旺宏,69,10,59,高橋,2023-08-29,5320
00878,國泰永續高股息,66,13,53,高橋,2023-08-29,5320
2630,亞航,66,15,51,高橋,2023-08-29,5320
2883,凱基金,47,1,46,高橋,2023-08-29,5320
00900,富邦特選高股息30,51,6,45,高橋,2023-08-29,5320
2002,中鋼,37,2,35,高橋,2023-08-29,5320
3231,緯創,74,40,34,高橋,2023-08-29,5320
2323,中環,33,0,33,高橋,2023-08-29,5320
2409,友達,30,0,30,高橋,2023-08-29,5320
4552,力達-KY,31,1,30,高橋,2023-08-29,5320
2328,廣宇,29,0,29,高橋,2023-08-29,5320
2618,長榮航,38,9,29,高橋,2023-08-29,5320
2317,鴻海,51,29,22,高橋,2023-08-29,5320
1903,士紙,21,0,21,高橋,2023-08-29,5320
2303,聯電,31,12,19,高橋,2023-08-29,5320
2419,仲琦,22,3,19,高橋,2023-08-29,5320
00885,富邦越南,18,0,18,高橋,2023-08-29,5320
3363,上詮,17,0,17,高橋,2023-08-29,5320
4909,新復興,26,11,15,高橋,2023-08-29,5320
2204,中華,15,0,15,高橋,2023-08-29,5320
1471,首利,15,2,13,高橋,2023-08-29,5320
2329,華泰,36,24,12,高橋,2023-08-29,5320
00919,群益台灣精選高息,12,0,12,高橋,2023-08-29,5320
6223,旺矽,11,0,11,高橋,2023-08-29,5320
2461,光群雷,20,10,10,高橋,2023-08-29,5320
2903,遠百,10,0,10,高橋,2023-08-29,5320
4564,元翎,11,1,10,高橋,2023-08-29,5320
6005,群益證,10,0,10,高橋,2023-08-29,5320
00632R,元大台灣50反1,10,0,10,高橋,2023-08-29,5320
1810,和成,10,0,10,高橋,2023-08-29,5320
5351,鈺創,9,0,9,高橋,2023-08-29,5320
4533,協易機,10,1,9,高橋,2023-08-29,5320
2748,雲品,10,1,9,高橋,2023-08-29,5320
6235,華孚,19,11,8,高橋,2023-08-29,5320
2458,義隆,10,2,8,高橋,2023-08-29,5320
0056,元大高股息,13,5,8,高橋,2023-08-29,5320
3306,鼎天,7,0,7,高橋,2023-08-29,5320
5328,華容,7,0,7,高橋,2023-08-29,5320
3078,僑威,8,1,7,高橋,2023-08-29,5320
2615,萬海,7,0,7,高橋,2023-08-29,5320
2851,中再保,6,0,6,高橋,2023-08-29,5320
1612,宏泰,7,1,6,高橋,2023-08-29,5320
3017,奇鋐,9,3,6,高橋,2023-08-29,5320
3060,銘異,6,0,6,高橋,2023-08-29,5320
2887,台新金,396,20,376,高橋,2023-08-30,5320
3481,群創,103,5,98,高橋,2023-08-30,5320
2610,華航,99,28,71,高橋,2023-08-30,5320
5009,榮剛,55,2,53,高橋,2023-08-30,5320
1447,力鵬,50,0,50,高橋,2023-08-30,5320
2324,仁寶,66,16,50,高橋,2023-08-30,5320
00923,群益台ESG低碳50,64,15,49,高橋,2023-08-30,5320
6443,元晶,50,3,47,高橋,2023-08-30,5320
00919,群益台灣精選高息,44,2,42,高橋,2023-08-30,5320
1609,大亞,47,6,41,高橋,2023-08-30,5320
2630,亞航,48,8,40,高橋,2023-08-30,5320
2204,中華,50,12,38,高橋,2023-08-30,5320
5347,世界,30,0,30,高橋,2023-08-30,5320
2888,新光金,45,16,29,高橋,2023-08-30,5320
3308,聯德,32,6,26,高橋,2023-08-30,5320
8916,光隆,25,1,24,高橋,2023-08-30,5320
00633L,富邦上証正2,22,0,22,高橋,2023-08-30,5320
3338,泰碩,20,0,20,高橋,2023-08-30,5320
2516,新建,20,0,20,高橋,2023-08-30,5320
00882,中信中國高股息,20,0,20,高橋,2023-08-30,5320
00925,新光標普電動車,20,0,20,高橋,2023-08-30,5320
4726,永昕,21,2,19,高橋,2023-08-30,5320
2367,燿華,19,1,18,高橋,2023-08-30,5320
6126,信音,23,5,18,高橋,2023-08-30,5320
2892,第一金,17,0,17,高橋,2023-08-30,5320
00929,復華台灣科技優息,31,15,16,高橋,2023-08-30,5320
2356,英業達,49,34,15,高橋,2023-08-30,5320
1326,台化,15,1,14,高橋,2023-08-30,5320
3057,喬鼎,14,0,14,高橋,2023-08-30,5320
5381,合正,16,3,13,高橋,2023-08-30,5320
3003,健和興,13,0,13,高橋,2023-08-30,5320
5371,中光電,31,18,13,高橋,2023-08-30,5320
1618,合機,12,0,12,高橋,2023-08-30,5320
6274,台燿,19,7,12,高橋,2023-08-30,5320
2382,廣達,28,16,12,高橋,2023-08-30,5320
2812,台中銀,11,0,11,高橋,2023-08-30,5320
5880,合庫金,11,0,11,高橋,2023-08-30,5320
4533,協易機,15,4,11,高橋,2023-08-30,5320
2301,光寶科,157,147,10,高橋,2023-08-30,5320
6535,順藥,10,0,10,高橋,2023-08-30,5320
2609,陽明,15,5,10,高橋,2023-08-30,5320
5469,瀚宇博,12,2,10,高橋,2023-08-30,5320
2331,精英,40,30,10,高橋,2023-08-30,5320
2208,台船,10,0,10,高橋,2023-08-30,5320
3176,基亞,10,1,9,高橋,2023-08-30,5320
2007,燁興,10,1,9,高橋,2023-08-30,5320
1584,精剛,60,51,9,高橋,2023-08-30,5320
1301,台塑,8,0,8,高橋,2023-08-30,5320
6227,茂綸,8,0,8,高橋,2023-08-30,5320
2723,美食-KY,8,0,8,高橋,2023-08-30,5320
00669R,國泰美國道瓊反1,152,0,152,高橋,2023-08-31,5320
2337,旺宏,164,35,129,高橋,2023-08-31,5320
2887,台新金,117,6,111,高橋,2023-08-31,5320
00919,群益台灣精選高息,86,0,86,高橋,2023-08-31,5320
6547,高端疫苗,73,4,69,高橋,2023-08-31,5320
3481,群創,82,13,69,高橋,2023-08-31,5320
2618,長榮航,59,3,56,高橋,2023-08-31,5320
1447,力鵬,50,0,50,高橋,2023-08-31,5320
2610,華航,88,43,45,高橋,2023-08-31,5320
00929,復華台灣科技優息,68,23,45,高橋,2023-08-31,5320
00878,國泰永續高股息,51,8,43,高橋,2023-08-31,5320
2303,聯電,45,3,42,高橋,2023-08-31,5320
2376,技嘉,41,2,39,高橋,2023-08-31,5320
1802,台玻,43,4,39,高橋,2023-08-31,5320
2390,云辰,37,2,35,高橋,2023-08-31,5320
1216,統一,33,0,33,高橋,2023-08-31,5320
2884,玉山金,33,1,32,高橋,2023-08-31,5320
3011,今皓,32,4,28,高橋,2023-08-31,5320
2367,燿華,41,14,27,高橋,2023-08-31,5320
9904,寶成,25,0,25,高橋,2023-08-31,5320
5225,東科-KY,25,2,23,高橋,2023-08-31,5320
1301,台塑,23,0,23,高橋,2023-08-31,5320
1714,和桐,21,0,21,高橋,2023-08-31,5320
1903,士紙,20,0,20,高橋,2023-08-31,5320
2883,凱基金,27,7,20,高橋,2023-08-31,5320
2455,全新,19,1,18,高橋,2023-08-31,5320
6126,信音,19,1,18,高橋,2023-08-31,5320
2892,第一金,18,0,18,高橋,2023-08-31,5320
2881,富邦金,25,8,17,高橋,2023-08-31,5320
2891,中信金,17,0,17,高橋,2023-08-31,5320
2886,兆豐金,17,0,17,高橋,2023-08-31,5320
5009,榮剛,16,0,16,高橋,2023-08-31,5320
00637L,元大滬深300正2,16,0,16,高橋,2023-08-31,5320
3706,神達,28,13,15,高橋,2023-08-31,5320
1101,台泥,15,1,14,高橋,2023-08-31,5320
00882,中信中國高股息,15,1,14,高橋,2023-08-31,5320
00923,群益台ESG低碳50,13,0,13,高橋,2023-08-31,5320
3710,連展投控,13,0,13,高橋,2023-08-31,5320
2834,臺企銀,16,3,13,高橋,2023-08-31,5320
4106,雃博,12,0,12,高橋,2023-08-31,5320
0056,元大高股息,13,1,12,高橋,2023-08-31,5320
8916,光隆,12,0,12,高橋,2023-08-31,5320
3044,健鼎,16,4,12,高橋,2023-08-31,5320
2440,太空梭,13,2,11,高橋,2023-08-31,5320
1904,正隆,12,1,11,高橋,2023-08-31,5320
00931B,統一美債20年,10,0,10,高橋,2023-08-31,5320
3033,威健,10,0,10,高橋,2023-08-31,5320
4933,友輝,11,1,10,高橋,2023-08-31,5320
3027,盛達,10,0,10,高橋,2023-08-31,5320
2614,東森,10,0,10,高橋,2023-08-31,5320
3231,緯創,191,60,131,高橋,2023-09-01,5320
00919,群益台灣精選高息,120,0,120,高橋,2023-09-01,5320
5328,華容,132,12,120,高橋,2023-09-01,5320
00673R,期元大S＆P原油反1,122,4,118,高橋,2023-09-01,5320
00641R,富邦日本反1,93,0,93,高橋,2023-09-01,5320
00932,兆豐永續高息等權,77,0,77,高橋,2023-09-01,5320
2356,英業達,88,12,76,高橋,2023-09-01,5320
2601,益航,41,0,41,高橋,2023-09-01,5320
2329,華泰,74,33,41,高橋,2023-09-01,5320
2402,毅嘉,113,77,36,高橋,2023-09-01,5320
5347,世界,41,7,34,高橋,2023-09-01,5320
6235,華孚,37,3,34,高橋,2023-09-01,5320
1605,華新,50,17,33,高橋,2023-09-01,5320
2382,廣達,50,18,32,高橋,2023-09-01,5320
2485,兆赫,64,32,32,高橋,2023-09-01,5320
8358,金居,30,2,28,高橋,2023-09-01,5320
2337,旺宏,47,21,26,高橋,2023-09-01,5320
1522,堤維西,31,7,24,高橋,2023-09-01,5320
1712,興農,23,0,23,高橋,2023-09-01,5320
00878,國泰永續高股息,38,16,22,高橋,2023-09-01,5320
2610,華航,38,16,22,高橋,2023-09-01,5320
6547,高端疫苗,46,24,22,高橋,2023-09-01,5320
1789,神隆,21,0,21,高橋,2023-09-01,5320
6285,啟��,23,3,20,高橋,2023-09-01,5320
1101,台泥,21,1,20,高橋,2023-09-01,5320
2618,長榮航,39,19,20,高橋,2023-09-01,5320
3481,群創,22,3,19,高橋,2023-09-01,5320
2301,光寶科,27,9,18,高橋,2023-09-01,5320
6197,佳必琪,16,0,16,高橋,2023-09-01,5320
1471,首利,23,7,16,高橋,2023-09-01,5320
3092,鴻碩,16,0,16,高橋,2023-09-01,5320
1519,華城,23,8,15,高橋,2023-09-01,5320
1447,力鵬,15,0,15,高橋,2023-09-01,5320
2399,映泰,26,11,15,高橋,2023-09-01,5320
2376,技嘉,20,6,14,高橋,2023-09-01,5320
2478,大毅,16,2,14,高橋,2023-09-01,5320
2421,建準,15,2,13,高橋,2023-09-01,5320
2457,飛宏,13,1,12,高橋,2023-09-01,5320
3011,今皓,12,0,12,高橋,2023-09-01,5320
1609,大亞,13,2,11,高橋,2023-09-01,5320
1727,中華化,12,1,11,高橋,2023-09-01,5320
2369,菱生,24,13,11,高橋,2023-09-01,5320
1402,遠東新,10,0,10,高橋,2023-09-01,5320
6282,康舒,20,10,10,高橋,2023-09-01,5320
6691,洋基工程,10,0,10,高橋,2023-09-01,5320
3176,基亞,12,3,9,高橋,2023-09-01,5320
9950,萬國通,9,0,9,高橋,2023-09-01,5320
6116,彩晶,9,0,9,高橋,2023-09-01,5320
3312,弘憶股,8,0,8,高橋,2023-09-01,5320
4121,優盛,8,0,8,高橋,2023-09-01,5320
3481,群創,100,2,98,高橋,2023-09-04,5320
3149,正達,95,0,95,高橋,2023-09-04,5320
00919,群益台灣精選高息,106,15,91,高橋,2023-09-04,5320
2634,漢翔,99,10,89,高橋,2023-09-04,5320
2409,友達,76,8,68,高橋,2023-09-04,5320
2329,華泰,95,27,68,高橋,2023-09-04,5320
00915,凱基優選高股息30,66,0,66,高橋,2023-09-04,5320
2363,矽統,116,53,63,高橋,2023-09-04,5320
2371,大同,58,8,50,高橋,2023-09-04,5320
00687B,國泰20年美債,50,0,50,高橋,2023-09-04,5320
2337,旺宏,113,63,50,高橋,2023-09-04,5320
2492,華新科,53,8,45,高橋,2023-09-04,5320
5381,合正,59,17,42,高橋,2023-09-04,5320
2618,長榮航,44,2,42,高橋,2023-09-04,5320
00929,復華台灣科技優息,55,16,39,高橋,2023-09-04,5320
2892,第一金,38,0,38,高橋,2023-09-04,5320
2331,精英,39,2,37,高橋,2023-09-04,5320
2630,亞航,36,0,36,高橋,2023-09-04,5320
2485,兆赫,56,25,31,高橋,2023-09-04,5320
00900,富邦特選高股息30,30,1,29,高橋,2023-09-04,5320
00712,復華富時不動產,59,30,29,高橋,2023-09-04,5320
3325,旭品,27,0,27,高橋,2023-09-04,5320
00923,群益台ESG低碳50,24,0,24,高橋,2023-09-04,5320
1101,台泥,24,0,24,高橋,2023-09-04,5320
00931B,統一美債20年,23,0,23,高橋,2023-09-04,5320
9950,萬國通,21,0,21,高橋,2023-09-04,5320
2883,凱基金,21,2,19,高橋,2023-09-04,5320
2376,技嘉,20,2,18,高橋,2023-09-04,5320
4306,炎洲,18,0,18,高橋,2023-09-04,5320
00885,富邦越南,17,0,17,高橋,2023-09-04,5320
00679B,元大美債20年,15,0,15,高橋,2023-09-04,5320
2352,佳世達,22,7,15,高橋,2023-09-04,5320
00673R,期元大S＆P原油反1,14,0,14,高橋,2023-09-04,5320
6227,茂綸,13,0,13,高橋,2023-09-04,5320
4915,致伸,12,0,12,高橋,2023-09-04,5320
1802,台玻,26,14,12,高橋,2023-09-04,5320
2881,富邦金,12,0,12,高橋,2023-09-04,5320
2888,新光金,23,12,11,高橋,2023-09-04,5320
00772B,中信高評級公司債,11,0,11,高橋,2023-09-04,5320
3078,僑威,12,1,11,高橋,2023-09-04,5320
3432,台端,11,0,11,高橋,2023-09-04,5320
2484,希華,11,0,11,高橋,2023-09-04,5320
3163,波若威,26,15,11,高橋,2023-09-04,5320
0056,元大高股息,47,37,10,高橋,2023-09-04,5320
2308,台達電,10,0,10,高橋,2023-09-04,5320
1316,上曜,16,6,10,高橋,2023-09-04,5320
2461,光群雷,20,10,10,高橋,2023-09-04,5320
6125,廣運,17,7,10,高橋,2023-09-04,5320
00918,大華優利高填息30,10,0,10,高橋,2023-09-04,5320
5263,智崴,10,0,10,高橋,2023-09-04,5320
00706L,期元大S＆P日圓正2,151,10,141,高橋,2023-09-05,5320
00929,復華台灣科技優息,174,70,104,高橋,2023-09-05,5320
00919,群益台灣精選高息,109,10,99,高橋,2023-09-05,5320
2323,中環,63,0,63,高橋,2023-09-05,5320
3231,緯創,92,33,59,高橋,2023-09-05,5320
2610,華航,76,21,55,高橋,2023-09-05,5320
2363,矽統,97,47,50,高橋,2023-09-05,5320
00751B,元大AAA至A公司債,49,0,49,高橋,2023-09-05,5320
00650L,復華香港正2,44,0,44,高橋,2023-09-05,5320
2634,漢翔,63,21,42,高橋,2023-09-05,5320
6695,芯鼎,40,0,40,高橋,2023-09-05,5320
00915,凱基優選高股息30,36,0,36,高橋,2023-09-05,5320
6129,普誠,36,2,34,高橋,2023-09-05,5320
8930,青鋼,36,2,34,高橋,2023-09-05,5320
2888,新光金,31,0,31,高橋,2023-09-05,5320
6265,方土昶,30,0,30,高橋,2023-09-05,5320
2492,華新科,31,4,27,高橋,2023-09-05,5320
9904,寶成,26,0,26,高橋,2023-09-05,5320
2376,技嘉,29,4,25,高橋,2023-09-05,5320
00632R,元大台灣50反1,25,0,25,高橋,2023-09-05,5320
2312,金寶,32,8,24,高橋,2023-09-05,5320
2436,偉詮電,50,29,21,高橋,2023-09-05,5320
5243,乙盛-KY,25,5,20,高橋,2023-09-05,5320
6282,康舒,60,42,18,高橋,2023-09-05,5320
00679B,元大美債20年,18,0,18,高橋,2023-09-05,5320
00931B,統一美債20年,18,0,18,高橋,2023-09-05,5320
00753L,中信中國50正2,18,0,18,高橋,2023-09-05,5320
2324,仁寶,21,4,17,高橋,2023-09-05,5320
00932,兆豐永續高息等權,17,0,17,高橋,2023-09-05,5320
6188,廣明,17,0,17,高橋,2023-09-05,5320
6443,元晶,17,0,17,高橋,2023-09-05,5320
1802,台玻,44,29,15,高橋,2023-09-05,5320
1618,合機,15,0,15,高橋,2023-09-05,5320
3058,立德,15,0,15,高橋,2023-09-05,5320
8916,光隆,15,0,15,高橋,2023-09-05,5320
2885,元大金,15,0,15,高橋,2023-09-05,5320
2371,大同,26,12,14,高橋,2023-09-05,5320
2317,鴻海,20,6,14,高橋,2023-09-05,5320
3014,聯陽,15,1,14,高橋,2023-09-05,5320
1612,宏泰,13,0,13,高橋,2023-09-05,5320
3013,晟銘電,15,2,13,高橋,2023-09-05,5320
3149,正達,12,0,12,高橋,2023-09-05,5320
6227,茂綸,12,0,12,高橋,2023-09-05,5320
1584,精剛,33,21,12,高橋,2023-09-05,5320
1609,大亞,14,2,12,高橋,2023-09-05,5320
3325,旭品,16,5,11,高橋,2023-09-05,5320
2890,永豐金,12,1,11,高橋,2023-09-05,5320
2344,華邦電,15,4,11,高橋,2023-09-05,5320
3588,通嘉,17,6,11,高橋,2023-09-05,5320
1616,億泰,11,0,11,高橋,2023-09-05,5320
2409,友達,169,10,159,高橋,2023-09-06,5320
00919,群益台灣精選高息,214,75,139,高橋,2023-09-06,5320
2402,毅嘉,108,1,107,高橋,2023-09-06,5320
3481,群創,120,44,76,高橋,2023-09-06,5320
5880,合庫金,73,1,72,高橋,2023-09-06,5320
1101,台泥,67,0,67,高橋,2023-09-06,5320
3689,湧德,48,0,48,高橋,2023-09-06,5320
00637L,元大滬深300正2,47,0,47,高橋,2023-09-06,5320
1802,台玻,47,2,45,高橋,2023-09-06,5320
00931B,統一美債20年,41,0,41,高橋,2023-09-06,5320
00929,復華台灣科技優息,192,158,34,高橋,2023-09-06,5320
2401,凌陽,41,7,34,高橋,2023-09-06,5320
00900,富邦特選高股息30,32,1,31,高橋,2023-09-06,5320
00915,凱基優選高股息30,32,1,31,高橋,2023-09-06,5320
00650L,復華香港正2,30,0,30,高橋,2023-09-06,5320
1409,新纖,30,0,30,高橋,2023-09-06,5320
3704,合勤控,32,3,29,高橋,2023-09-06,5320
2324,仁寶,38,10,28,高橋,2023-09-06,5320
1444,力麗,35,7,28,高橋,2023-09-06,5320
2887,台新金,27,0,27,高橋,2023-09-06,5320
2002,中鋼,29,2,27,高橋,2023-09-06,5320
1471,首利,31,5,26,高橋,2023-09-06,5320
3325,旭品,34,8,26,高橋,2023-09-06,5320
00907,永豐優息存股,25,0,25,高橋,2023-09-06,5320
9904,寶成,25,0,25,高橋,2023-09-06,5320
2377,微星,24,0,24,高橋,2023-09-06,5320
1612,宏泰,23,0,23,高橋,2023-09-06,5320
00673R,期元大S＆P原油反1,22,0,22,高橋,2023-09-06,5320
00680L,元大美債20正2,20,0,20,高橋,2023-09-06,5320
2328,廣宇,20,0,20,高橋,2023-09-06,5320
1219,福壽,21,1,20,高橋,2023-09-06,5320
2634,漢翔,28,9,19,高橋,2023-09-06,5320
00772B,中信高評級公司債,18,0,18,高橋,2023-09-06,5320
6190,萬泰科,18,1,17,高橋,2023-09-06,5320
2610,華航,19,2,17,高橋,2023-09-06,5320
00687B,國泰20年美債,15,0,15,高橋,2023-09-06,5320
2363,矽統,96,81,15,高橋,2023-09-06,5320
2891,中信金,14,0,14,高橋,2023-09-06,5320
00918,大華優利高填息30,14,0,14,高橋,2023-09-06,5320
2882,國泰金,14,0,14,高橋,2023-09-06,5320
2609,陽明,23,9,14,高橋,2023-09-06,5320
00688L,國泰20年美債正2,13,0,13,高橋,2023-09-06,5320
3043,科風,16,3,13,高橋,2023-09-06,5320
6282,康舒,18,5,13,高橋,2023-09-06,5320
1584,精剛,64,51,13,高橋,2023-09-06,5320
2834,臺企銀,14,1,13,高橋,2023-09-06,5320
2331,精英,15,2,13,高橋,2023-09-06,5320
2450,神腦,12,0,12,高橋,2023-09-06,5320
1316,上曜,12,0,12,高橋,2023-09-06,5320
2201,裕隆,15,3,12,高橋,2023-09-06,5320
00919,群益台灣精選高息,266,1,265,高橋,2023-09-07,5320
00929,復華台灣科技優息,209,43,166,高橋,2023-09-07,5320
00673R,期元大S＆P原油反1,152,0,152,高橋,2023-09-07,5320
1802,台玻,133,0,133,高橋,2023-09-07,5320
2409,友達,139,23,116,高橋,2023-09-07,5320
3481,群創,128,21,107,高橋,2023-09-07,5320
8112,至上,77,4,73,高橋,2023-09-07,5320
3231,緯創,68,10,58,高橋,2023-09-07,5320
2303,聯電,56,0,56,高橋,2023-09-07,5320
00931B,統一美債20年,55,0,55,高橋,2023-09-07,5320
00915,凱基優選高股息30,54,0,54,高橋,2023-09-07,5320
1584,精剛,55,5,50,高橋,2023-09-07,5320
3706,神達,70,24,46,高橋,2023-09-07,5320
5381,合正,61,22,39,高橋,2023-09-07,5320
2313,華通,56,20,36,高橋,2023-09-07,5320
3052,夆典,34,0,34,高橋,2023-09-07,5320
2330,台積電,34,0,34,高橋,2023-09-07,5320
2461,光群雷,33,0,33,高橋,2023-09-07,5320
2610,華航,56,24,32,高橋,2023-09-07,5320
2883,凱基金,31,0,31,高橋,2023-09-07,5320
6118,建達,29,0,29,高橋,2023-09-07,5320
5347,世界,31,3,28,高橋,2023-09-07,5320
4533,協易機,111,83,28,高橋,2023-09-07,5320
2891,中信金,27,1,26,高橋,2023-09-07,5320
00932,兆豐永續高息等權,26,0,26,高橋,2023-09-07,5320
0056,元大高股息,33,8,25,高橋,2023-09-07,5320
4906,正文,29,5,24,高橋,2023-09-07,5320
2356,英業達,36,12,24,高橋,2023-09-07,5320
2002,中鋼,23,1,22,高橋,2023-09-07,5320
00632R,元大台灣50反1,50,29,21,高橋,2023-09-07,5320
6188,廣明,22,1,21,高橋,2023-09-07,5320
5234,達興材料,21,0,21,高橋,2023-09-07,5320
00680L,元大美債20正2,20,0,20,高橋,2023-09-07,5320
2888,新光金,21,1,20,高橋,2023-09-07,5320
00650L,復華香港正2,18,0,18,高橋,2023-09-07,5320
2486,一詮,26,9,17,高橋,2023-09-07,5320
4908,前鼎,29,12,17,高橋,2023-09-07,5320
2834,臺企銀,17,0,17,高橋,2023-09-07,5320
1101,台泥,20,4,16,高橋,2023-09-07,5320
2388,威盛,17,2,15,高橋,2023-09-07,5320
8034,榮群,15,0,15,高橋,2023-09-07,5320
8358,金居,42,27,15,高橋,2023-09-07,5320
00902,中信電池及儲能,17,2,15,高橋,2023-09-07,5320
9904,寶成,15,0,15,高橋,2023-09-07,5320
00918,大華優利高填息30,14,0,14,高橋,2023-09-07,5320
3105,穩懋,17,4,13,高橋,2023-09-07,5320
1609,大亞,25,12,13,高橋,2023-09-07,5320
00881,國泰台灣5G+,13,0,13,高橋,2023-09-07,5320
6274,台燿,17,4,13,高橋,2023-09-07,5320
2317,鴻海,13,1,12,高橋,2023-09-07,5320
00919,群益台灣精選高息,281,3,278,高橋,2023-09-08,5320
00753L,中信中國50正2,136,0,136,高橋,2023-09-08,5320
2313,華通,63,6,57,高橋,2023-09-08,5320
6125,廣運,53,0,53,高橋,2023-09-08,5320
1447,力鵬,50,0,50,高橋,2023-09-08,5320
9945,潤泰新,50,0,50,高橋,2023-09-08,5320
2376,技嘉,57,15,42,高橋,2023-09-08,5320
2382,廣達,60,21,39,高橋,2023-09-08,5320
2603,長榮,40,1,39,高橋,2023-09-08,5320
00915,凱基優選高股息30,34,0,34,高橋,2023-09-08,5320
3481,群創,49,16,33,高橋,2023-09-08,5320
3325,旭品,34,1,33,高橋,2023-09-08,5320
2405,輔信,45,12,33,高橋,2023-09-08,5320
2363,矽統,65,33,32,高橋,2023-09-08,5320
2204,中華,38,7,31,高橋,2023-09-08,5320
9105,泰金寶-DR,25,0,25,高橋,2023-09-08,5320
00929,復華台灣科技優息,85,61,24,高橋,2023-09-08,5320
00931B,統一美債20年,23,0,23,高橋,2023-09-08,5320
00918,大華優利高填息30,22,0,22,高橋,2023-09-08,5320
00680L,元大美債20正2,20,0,20,高橋,2023-09-08,5320
1711,永光,20,0,20,高橋,2023-09-08,5320
3624,光頡,22,3,19,高橋,2023-09-08,5320
1301,台塑,18,0,18,高橋,2023-09-08,5320
3706,神達,20,3,17,高橋,2023-09-08,5320
2409,友達,128,111,17,高橋,2023-09-08,5320
2486,一詮,22,6,16,高橋,2023-09-08,5320
1504,東元,16,0,16,高橋,2023-09-08,5320
8050,廣積,29,14,15,高橋,2023-09-08,5320
8034,榮群,29,15,14,高橋,2023-09-08,5320
2617,台航,14,0,14,高橋,2023-09-08,5320
2330,台積電,14,0,14,高橋,2023-09-08,5320
5243,乙盛-KY,12,0,12,高橋,2023-09-08,5320
3704,合勤控,12,0,12,高橋,2023-09-08,5320
2329,華泰,13,1,12,高橋,2023-09-08,5320
1101,台泥,14,2,12,高橋,2023-09-08,5320
5381,合正,14,2,12,高橋,2023-09-08,5320
3711,日月光投控,13,1,12,高橋,2023-09-08,5320
6138,茂達,12,1,11,高橋,2023-09-08,5320
2338,光罩,11,0,11,高橋,2023-09-08,5320
3046,建��,17,6,11,高橋,2023-09-08,5320
00637L,元大滬深300正2,11,0,11,高橋,2023-09-08,5320
2027,大成鋼,11,0,11,高橋,2023-09-08,5320
2886,兆豐金,11,0,11,高橋,2023-09-08,5320
8069,元太,11,1,10,高橋,2023-09-08,5320
4561,健椿,20,10,10,高橋,2023-09-08,5320
1784,訊聯,10,0,10,高橋,2023-09-08,5320
2913,農林,11,1,10,高橋,2023-09-08,5320
2014,中鴻,11,1,10,高橋,2023-09-08,5320
2543,皇昌,10,0,10,高橋,2023-09-08,5320
2356,英業達,26,16,10,高橋,2023-09-08,5320
00929,復華台灣科技優息,246,31,215,高橋,2023-09-11,5320
00878,國泰永續高股息,268,57,211,高橋,2023-09-11,5320
00673R,期元大S＆P原油反1,154,0,154,高橋,2023-09-11,5320
00931B,統一美債20年,135,0,135,高橋,2023-09-11,5320
2498,宏達電,118,1,117,高橋,2023-09-11,5320
1522,堤維西,110,10,100,高橋,2023-09-11,5320
1802,台玻,77,21,56,高橋,2023-09-11,5320
2610,華航,64,12,52,高橋,2023-09-11,5320
2382,廣達,156,104,52,高橋,2023-09-11,5320
4909,新復興,50,0,50,高橋,2023-09-11,5320
2358,廷鑫,48,3,45,高橋,2023-09-11,5320
2883,凱基金,44,0,44,高橋,2023-09-11,5320
6274,台燿,48,5,43,高橋,2023-09-11,5320
2409,友達,58,16,42,高橋,2023-09-11,5320
00919,群益台灣精選高息,322,283,39,高橋,2023-09-11,5320
6125,廣運,36,3,33,高橋,2023-09-11,5320
6770,力積電,58,26,32,高橋,2023-09-11,5320
2363,矽統,138,107,31,高橋,2023-09-11,5320
6695,芯鼎,30,0,30,高橋,2023-09-11,5320
3052,夆典,29,0,29,高橋,2023-09-11,5320
0056,元大高股息,41,12,29,高橋,2023-09-11,5320
1513,中興電,30,2,28,高橋,2023-09-11,5320
2618,長榮航,54,26,28,高橋,2023-09-11,5320
00915,凱基優選高股息30,38,10,28,高橋,2023-09-11,5320
3062,建漢,25,0,25,高橋,2023-09-11,5320
3706,神達,33,9,24,高橋,2023-09-11,5320
2607,榮運,23,0,23,高橋,2023-09-11,5320
00918,大華優利高填息30,22,0,22,高橋,2023-09-11,5320
2201,裕隆,33,12,21,高橋,2023-09-11,5320
2356,英業達,61,40,21,高橋,2023-09-11,5320
6443,元晶,22,1,21,高橋,2023-09-11,5320
2002,中鋼,23,2,21,高橋,2023-09-11,5320
2337,旺宏,31,11,20,高橋,2023-09-11,5320
2204,中華,22,3,19,高橋,2023-09-11,5320
6235,華孚,24,5,19,高橋,2023-09-11,5320
2427,三商電,24,5,19,高橋,2023-09-11,5320
2408,南亞科,18,0,18,高橋,2023-09-11,5320
1101,台泥,18,1,17,高橋,2023-09-11,5320
2376,技嘉,22,5,17,高橋,2023-09-11,5320
6214,精誠,16,0,16,高橋,2023-09-11,5320
3059,華晶科,16,0,16,高橋,2023-09-11,5320
2606,裕民,16,0,16,高橋,2023-09-11,5320
2834,臺企銀,20,5,15,高橋,2023-09-11,5320
2312,金寶,16,2,14,高橋,2023-09-11,5320
1515,力山,15,1,14,高橋,2023-09-11,5320
2344,華邦電,14,0,14,高橋,2023-09-11,5320
2913,農林,17,3,14,高橋,2023-09-11,5320
00932,兆豐永續高息等權,14,0,14,高橋,2023-09-11,5320
8926,台汽電,14,0,14,高橋,2023-09-11,5320
2352,佳世達,25,11,14,高橋,2023-09-11,5320
00929,復華台灣科技優息,113,27,86,高橋,2023-09-12,5320
00919,群益台灣精選高息,82,1,81,高橋,2023-09-12,5320
1584,精剛,92,22,70,高橋,2023-09-12,5320
2618,長榮航,95,27,68,高橋,2023-09-12,5320
2204,中華,55,5,50,高橋,2023-09-12,5320
2457,飛宏,48,0,48,高橋,2023-09-12,5320
6282,康舒,48,6,42,高橋,2023-09-12,5320
2883,凱基金,37,7,30,高橋,2023-09-12,5320
2601,益航,30,0,30,高橋,2023-09-12,5320
1444,力麗,30,0,30,高橋,2023-09-12,5320
1609,大亞,33,5,28,高橋,2023-09-12,5320
00922,國泰台灣領袖50,27,0,27,高橋,2023-09-12,5320
00751B,元大AAA至A公司債,25,0,25,高橋,2023-09-12,5320
2402,毅嘉,40,16,24,高橋,2023-09-12,5320
4552,力達-KY,25,1,24,高橋,2023-09-12,5320
6120,達運,54,30,24,高橋,2023-09-12,5320
6188,廣明,29,5,24,高橋,2023-09-12,5320
2002,中鋼,26,3,23,高橋,2023-09-12,5320
00633L,富邦上証正2,24,1,23,高橋,2023-09-12,5320
00637L,元大滬深300正2,23,0,23,高橋,2023-09-12,5320
00932,兆豐永續高息等權,21,0,21,高橋,2023-09-12,5320
3306,鼎天,30,9,21,高橋,2023-09-12,5320
2356,英業達,30,10,20,高橋,2023-09-12,5320
1471,首利,33,14,19,高橋,2023-09-12,5320
2538,基泰,32,14,18,高橋,2023-09-12,5320
8069,元太,22,5,17,高橋,2023-09-12,5320
3078,僑威,22,5,17,高橋,2023-09-12,5320
2882,國泰金,18,1,17,高橋,2023-09-12,5320
6125,廣運,27,11,16,高橋,2023-09-12,5320
2405,輔信,23,7,16,高橋,2023-09-12,5320
2409,友達,25,9,16,高橋,2023-09-12,5320
3213,茂訊,18,2,16,高橋,2023-09-12,5320
5302,太欣,16,0,16,高橋,2023-09-12,5320
3704,合勤控,25,10,15,高橋,2023-09-12,5320
8049,晶采,15,1,14,高橋,2023-09-12,5320
4909,新復興,13,0,13,高橋,2023-09-12,5320
2208,台船,13,0,13,高橋,2023-09-12,5320
5381,合正,13,1,12,高橋,2023-09-12,5320
6269,台郡,13,1,12,高橋,2023-09-12,5320
1529,樂事綠能,14,2,12,高橋,2023-09-12,5320
8033,雷虎,14,2,12,高橋,2023-09-12,5320
6274,台燿,17,5,12,高橋,2023-09-12,5320
1582,信錦,11,0,11,高橋,2023-09-12,5320
00915,凱基優選高股息30,10,0,10,高橋,2023-09-12,5320
6234,高僑,10,0,10,高橋,2023-09-12,5320
00857B,永豐20年美公債,10,0,10,高橋,2023-09-12,5320
1101,台泥,13,3,10,高橋,2023-09-12,5320
2645,長榮航太,9,0,9,高橋,2023-09-12,5320
2228,劍麟,9,0,9,高橋,2023-09-12,5320
2455,全新,8,0,8,高橋,2023-09-12,5320
00919,群益台灣精選高息,278,37,241,高橋,2023-09-13,5320
2323,中環,97,4,93,高橋,2023-09-13,5320
00929,復華台灣科技優息,90,7,83,高橋,2023-09-13,5320
00882,中信中國高股息,65,1,64,高橋,2023-09-13,5320
4966,譜瑞-KY,53,0,53,高橋,2023-09-13,5320
2884,玉山金,56,5,51,高橋,2023-09-13,5320
00715L,期街口布蘭特正2,50,3,47,高橋,2023-09-13,5320
00918,大華優利高填息30,46,0,46,高橋,2023-09-13,5320
2412,中華電,42,0,42,高橋,2023-09-13,5320
3163,波若威,50,11,39,高橋,2023-09-13,5320
00753L,中信中國50正2,36,0,36,高橋,2023-09-13,5320
2355,敬鵬,44,13,31,高橋,2023-09-13,5320
2002,中鋼,28,0,28,高橋,2023-09-13,5320
4919,新唐,31,3,28,高橋,2023-09-13,5320
1524,耿鼎,87,60,27,高橋,2023-09-13,5320
2314,台揚,25,0,25,高橋,2023-09-13,5320
2329,華泰,41,16,25,高橋,2023-09-13,5320
3176,基亞,22,0,22,高橋,2023-09-13,5320
1609,大亞,27,5,22,高橋,2023-09-13,5320
1471,首利,25,4,21,高橋,2023-09-13,5320
00637L,元大滬深300正2,45,25,20,高橋,2023-09-13,5320
00687B,國泰20年美債,20,0,20,高橋,2023-09-13,5320
00633L,富邦上証正2,21,1,20,高橋,2023-09-13,5320
1525,江申,20,0,20,高橋,2023-09-13,5320
6829,千附精密,20,0,20,高橋,2023-09-13,5320
3346,麗清,18,0,18,高橋,2023-09-13,5320
2352,佳世達,38,22,16,高橋,2023-09-13,5320
1319,東陽,26,12,14,高橋,2023-09-13,5320
3078,僑威,18,4,14,高橋,2023-09-13,5320
1809,中釉,15,2,13,高橋,2023-09-13,5320
6167,久正,13,0,13,高橋,2023-09-13,5320
2633,台灣高鐵,20,7,13,高橋,2023-09-13,5320
0056,元大高股息,15,3,12,高橋,2023-09-13,5320
1513,中興電,14,2,12,高橋,2023-09-13,5320
8086,宏捷科,21,9,12,高橋,2023-09-13,5320
2516,新建,12,0,12,高橋,2023-09-13,5320
3711,日月光投控,12,1,11,高橋,2023-09-13,5320
00679B,元大美債20年,11,0,11,高橋,2023-09-13,5320
3045,台灣大,11,0,11,高橋,2023-09-13,5320
2492,華新科,24,13,11,高橋,2023-09-13,5320
2485,兆赫,17,6,11,高橋,2023-09-13,5320
2457,飛宏,12,1,11,高橋,2023-09-13,5320
2890,永豐金,11,0,11,高橋,2023-09-13,5320
3231,緯創,38,27,11,高橋,2023-09-13,5320
2637,慧洋-KY,11,0,11,高橋,2023-09-13,5320
8033,雷虎,12,2,10,高橋,2023-09-13,5320
6231,系微,13,3,10,高橋,2023-09-13,5320
00902,中信電池及儲能,10,0,10,高橋,2023-09-13,5320
2481,強茂,10,0,10,高橋,2023-09-13,5320
5488,松普,10,0,10,高橋,2023-09-13,5320
2408,南亞科,1050,28,1022,高橋,2023-09-14,5320
00929,復華台灣科技優息,474,53,421,高橋,2023-09-14,5320
2891,中信金,95,7,88,高橋,2023-09-14,5320
9904,寶成,70,20,50,高橋,2023-09-14,5320
6005,群益證,50,1,49,高橋,2023-09-14,5320
8112,至上,68,21,47,高橋,2023-09-14,5320
2634,漢翔,48,5,43,高橋,2023-09-14,5320
3209,全科,36,1,35,高橋,2023-09-14,5320
2206,三陽工業,30,1,29,高橋,2023-09-14,5320
3481,群創,30,2,28,高橋,2023-09-14,5320
00687B,國泰20年美債,25,0,25,高橋,2023-09-14,5320
2458,義隆,28,4,24,高橋,2023-09-14,5320
2356,英業達,49,25,24,高橋,2023-09-14,5320
4532,瑞智,25,2,23,高橋,2023-09-14,5320
3380,明泰,24,2,22,高橋,2023-09-14,5320
2485,兆赫,53,33,20,高橋,2023-09-14,5320
2633,台灣高鐵,40,20,20,高橋,2023-09-14,5320
3043,科風,21,1,20,高橋,2023-09-14,5320
3033,威健,20,0,20,高橋,2023-09-14,5320
00753L,中信中國50正2,18,0,18,高橋,2023-09-14,5320
2371,大同,23,6,17,高橋,2023-09-14,5320
3013,晟銘電,20,4,16,高橋,2023-09-14,5320
1612,宏泰,17,1,16,高橋,2023-09-14,5320
4306,炎洲,15,0,15,高橋,2023-09-14,5320
1815,富喬,14,0,14,高橋,2023-09-14,5320
1535,中宇,14,0,14,高橋,2023-09-14,5320
5309,系統電,14,0,14,高橋,2023-09-14,5320
2340,台亞,17,3,14,高橋,2023-09-14,5320
2605,新興,29,15,14,高橋,2023-09-14,5320
3011,今皓,13,0,13,高橋,2023-09-14,5320
1301,台塑,14,1,13,高橋,2023-09-14,5320
2409,友達,13,0,13,高橋,2023-09-14,5320
8240,華宏,16,4,12,高橋,2023-09-14,5320
4979,華星光,23,11,12,高橋,2023-09-14,5320
00915,凱基優選高股息30,12,0,12,高橋,2023-09-14,5320
6456,GIS-KY,13,1,12,高橋,2023-09-14,5320
3094,聯傑,12,0,12,高橋,2023-09-14,5320
5425,台半,17,5,12,高橋,2023-09-14,5320
3005,神基,11,0,11,高橋,2023-09-14,5320
2401,凌陽,16,5,11,高橋,2023-09-14,5320
6117,迎廣,11,0,11,高橋,2023-09-14,5320
2618,長榮航,20,9,11,高橋,2023-09-14,5320
3051,力特,11,0,11,高橋,2023-09-14,5320
00712,復華富時不動產,12,2,10,高橋,2023-09-14,5320
8048,德勝,23,13,10,高橋,2023-09-14,5320
3617,碩天,10,0,10,高橋,2023-09-14,5320
00932,兆豐永續高息等權,10,0,10,高橋,2023-09-14,5320
3041,揚智,10,0,10,高橋,2023-09-14,5320
5371,中光電,11,1,10,高橋,2023-09-14,5320
00902,中信電池及儲能,10,0,10,高橋,2023-09-14,5320
2408,南亞科,1117,16,1101,高橋,2023-09-15,5320
00929,復華台灣科技優息,227,19,208,高橋,2023-09-15,5320
3058,立德,138,4,134,高橋,2023-09-15,5320
2633,台灣高鐵,93,11,82,高橋,2023-09-15,5320
00637L,元大滬深300正2,71,15,56,高橋,2023-09-15,5320
3231,緯創,76,24,52,高橋,2023-09-15,5320
00919,群益台灣精選高息,146,99,47,高橋,2023-09-15,5320
2486,一詮,60,14,46,高橋,2023-09-15,5320
3044,健鼎,49,5,44,高橋,2023-09-15,5320
00679B,元大美債20年,41,0,41,高橋,2023-09-15,5320
3363,上詮,66,25,41,高橋,2023-09-15,5320
00915,凱基優選高股息30,38,3,35,高橋,2023-09-15,5320
00902,中信電池及儲能,33,0,33,高橋,2023-09-15,5320
00923,群益台ESG低碳50,33,1,32,高橋,2023-09-15,5320
2634,漢翔,39,7,32,高橋,2023-09-15,5320
3481,群創,32,3,29,高橋,2023-09-15,5320
8054,安國,25,0,25,高橋,2023-09-15,5320
3522,御嵿,24,0,24,高橋,2023-09-15,5320
2367,燿華,23,0,23,高橋,2023-09-15,5320
2376,技嘉,55,33,22,高橋,2023-09-15,5320
2630,亞航,27,5,22,高橋,2023-09-15,5320
2891,中信金,21,0,21,高橋,2023-09-15,5320
2303,聯電,28,8,20,高橋,2023-09-15,5320
00632R,元大台灣50反1,20,0,20,高橋,2023-09-15,5320
2314,台揚,24,4,20,高橋,2023-09-15,5320
00673R,期元大S＆P原油反1,20,0,20,高橋,2023-09-15,5320
3680,家登,20,0,20,高橋,2023-09-15,5320
2356,英業達,34,15,19,高橋,2023-09-15,5320
4966,譜瑞-KY,20,1,19,高橋,2023-09-15,5320
8299,群聯,22,3,19,高橋,2023-09-15,5320
2641,正德,20,2,18,高橋,2023-09-15,5320
3052,夆典,20,2,18,高橋,2023-09-15,5320
2884,玉山金,19,2,17,高橋,2023-09-15,5320
00878,國泰永續高股息,23,6,17,高橋,2023-09-15,5320
2002,中鋼,24,7,17,高橋,2023-09-15,5320
2401,凌陽,20,3,17,高橋,2023-09-15,5320
2427,三商電,19,2,17,高橋,2023-09-15,5320
3043,科風,17,0,17,高橋,2023-09-15,5320
8358,金居,39,23,16,高橋,2023-09-15,5320
5243,乙盛-KY,21,5,16,高橋,2023-09-15,5320
2331,精英,17,2,15,高橋,2023-09-15,5320
1711,永光,20,5,15,高橋,2023-09-15,5320
3380,明泰,20,5,15,高橋,2023-09-15,5320
2867,三商壽,15,0,15,高橋,2023-09-15,5320
4714,永捷,15,0,15,高橋,2023-09-15,5320
2312,金寶,14,0,14,高橋,2023-09-15,5320
2329,華泰,20,7,13,高橋,2023-09-15,5320
1303,南亞,12,0,12,高橋,2023-09-15,5320
3207,耀勝,12,0,12,高橋,2023-09-15,5320
5607,遠雄港,14,2,12,高橋,2023-09-15,5320
00919,群益台灣精選高息,498,30,468,高橋,2023-09-18,5320
00929,復華台灣科技優息,411,4,407,高橋,2023-09-18,5320
2363,矽統,148,35,113,高橋,2023-09-18,5320
2609,陽明,82,16,66,高橋,2023-09-18,5320
00679B,元大美債20年,66,1,65,高橋,2023-09-18,5320
00753L,中信中國50正2,55,0,55,高橋,2023-09-18,5320
2356,英業達,63,9,54,高橋,2023-09-18,5320
3058,立德,64,10,54,高橋,2023-09-18,5320
00915,凱基優選高股息30,53,1,52,高橋,2023-09-18,5320
3231,緯創,52,4,48,高橋,2023-09-18,5320
2887,台新金,42,0,42,高橋,2023-09-18,5320
2303,聯電,44,5,39,高橋,2023-09-18,5320
00720B,元大投資級公司債,43,5,38,高橋,2023-09-18,5320
00650L,復華香港正2,36,0,36,高橋,2023-09-18,5320
2382,廣達,73,37,36,高橋,2023-09-18,5320
2641,正德,38,3,35,高橋,2023-09-18,5320
00931B,統一美債20年,34,0,34,高橋,2023-09-18,5320
00772B,中信高評級公司債,31,1,30,高橋,2023-09-18,5320
2330,台積電,33,4,29,高橋,2023-09-18,5320
2891,中信金,33,4,29,高橋,2023-09-18,5320
5351,鈺創,28,1,27,高橋,2023-09-18,5320
2610,華航,40,14,26,高橋,2023-09-18,5320
9904,寶成,23,0,23,高橋,2023-09-18,5320
2399,映泰,26,3,23,高橋,2023-09-18,5320
3481,群創,21,1,20,高橋,2023-09-18,5320
2618,長榮航,23,3,20,高橋,2023-09-18,5320
00932,兆豐永續高息等權,20,0,20,高橋,2023-09-18,5320
6589,台康生技,20,0,20,高橋,2023-09-18,5320
3522,御嵿,20,0,20,高橋,2023-09-18,5320
3105,穩懋,20,0,20,高橋,2023-09-18,5320
2611,志信,19,0,19,高橋,2023-09-18,5320
1103,嘉泥,18,0,18,高橋,2023-09-18,5320
00687B,國泰20年美債,18,0,18,高橋,2023-09-18,5320
2329,華泰,21,3,18,高橋,2023-09-18,5320
3306,鼎天,18,1,17,高橋,2023-09-18,5320
00918,大華優利高填息30,17,0,17,高橋,2023-09-18,5320
2492,華新科,21,5,16,高橋,2023-09-18,5320
5465,富驊,17,1,16,高橋,2023-09-18,5320
2324,仁寶,17,1,16,高橋,2023-09-18,5320
2516,新建,23,7,16,高橋,2023-09-18,5320
2486,一詮,28,13,15,高橋,2023-09-18,5320
00921,兆豐龍頭等權重,14,0,14,高橋,2023-09-18,5320
3034,聯詠,15,1,14,高橋,2023-09-18,5320
5009,榮剛,16,2,14,高橋,2023-09-18,5320
2607,榮運,13,0,13,高橋,2023-09-18,5320
00751B,元大AAA至A公司債,13,0,13,高橋,2023-09-18,5320
00688L,國泰20年美債正2,13,0,13,高橋,2023-09-18,5320
2838,聯邦銀,13,0,13,高橋,2023-09-18,5320
3037,欣興,13,0,13,高橋,2023-09-18,5320
6274,台燿,22,9,13,高橋,2023-09-18,5320
00919,群益台灣精選高息,154,13,141,高橋,2023-09-19,5320
00929,復華台灣科技優息,224,101,123,高橋,2023-09-19,5320
00878,國泰永續高股息,106,9,97,高橋,2023-09-19,5320
00932,兆豐永續高息等權,63,0,63,高橋,2023-09-19,5320
3231,緯創,72,15,57,高橋,2023-09-19,5320
2454,聯發科,57,1,56,高橋,2023-09-19,5320
2204,中華,52,0,52,高橋,2023-09-19,5320
4966,譜瑞-KY,51,0,51,高橋,2023-09-19,5320
2367,燿華,193,152,41,高橋,2023-09-19,5320
00921,兆豐龍頭等權重,40,0,40,高橋,2023-09-19,5320
1409,新纖,38,0,38,高橋,2023-09-19,5320
2618,長榮航,39,4,35,高橋,2023-09-19,5320
1326,台化,31,0,31,高橋,2023-09-19,5320
2611,志信,30,0,30,高橋,2023-09-19,5320
2355,敬鵬,38,9,29,高橋,2023-09-19,5320
5274,信驊,28,0,28,高橋,2023-09-19,5320
00712,復華富時不動產,30,2,28,高橋,2023-09-19,5320
1522,堤維西,62,34,28,高橋,2023-09-19,5320
1815,富喬,37,10,27,高橋,2023-09-19,5320
2388,威盛,44,17,27,高橋,2023-09-19,5320
2881,富邦金,25,0,25,高橋,2023-09-19,5320
2027,大成鋼,27,3,24,高橋,2023-09-19,5320
8222,寶一,26,2,24,高橋,2023-09-19,5320
6235,華孚,23,0,23,高橋,2023-09-19,5320
3118,進階,21,0,21,高橋,2023-09-19,5320
2634,漢翔,24,3,21,高橋,2023-09-19,5320
2330,台積電,20,0,20,高橋,2023-09-19,5320
2610,華航,30,10,20,高橋,2023-09-19,5320
1752,南光,22,2,20,高橋,2023-09-19,5320
2485,兆赫,20,0,20,高橋,2023-09-19,5320
3522,御嵿,20,0,20,高橋,2023-09-19,5320
1721,三晃,20,0,20,高橋,2023-09-19,5320
2313,華通,58,38,20,高橋,2023-09-19,5320
00753L,中信中國50正2,18,0,18,高橋,2023-09-19,5320
4919,新唐,31,14,17,高橋,2023-09-19,5320
1471,首利,32,16,16,高橋,2023-09-19,5320
2356,英業達,19,3,16,高橋,2023-09-19,5320
0050,元大台灣50,15,0,15,高橋,2023-09-19,5320
00665L,富邦�琤肭磪囓�2,15,0,15,高橋,2023-09-19,5320
1612,宏泰,14,0,14,高橋,2023-09-19,5320
2486,一詮,20,6,14,高橋,2023-09-19,5320
0056,元大高股息,14,0,14,高橋,2023-09-19,5320
3545,敦泰,14,1,13,高橋,2023-09-19,5320
2409,友達,22,9,13,高橋,2023-09-19,5320
00915,凱基優選高股息30,13,0,13,高橋,2023-09-19,5320
2303,聯電,16,3,13,高橋,2023-09-19,5320
8358,金居,15,3,12,高橋,2023-09-19,5320
3004,豐達科,12,0,12,高橋,2023-09-19,5320
3450,聯鈞,19,7,12,高橋,2023-09-19,5320
2606,裕民,13,2,11,高橋,2023-09-19,5320
00931B,統一美債20年,618,0,618,高橋,2023-09-20,5320
00929,復華台灣科技優息,469,196,273,高橋,2023-09-20,5320
00753L,中信中國50正2,171,0,171,高橋,2023-09-20,5320
2344,華邦電,163,3,160,高橋,2023-09-20,5320
2617,台航,57,5,52,高橋,2023-09-20,5320
00932,兆豐永續高息等權,51,0,51,高橋,2023-09-20,5320
2102,泰豐,51,1,50,高橋,2023-09-20,5320
2405,輔信,47,5,42,高橋,2023-09-20,5320
1752,南光,41,0,41,高橋,2023-09-20,5320
2605,新興,62,24,38,高橋,2023-09-20,5320
2330,台積電,39,1,38,高橋,2023-09-20,5320
2204,中華,38,1,37,高橋,2023-09-20,5320
1101,台泥,36,1,35,高橋,2023-09-20,5320
2449,京元電子,44,10,34,高橋,2023-09-20,5320
2883,凱基金,35,1,34,高橋,2023-09-20,5320
3163,波若威,38,7,31,高橋,2023-09-20,5320
3058,立德,50,20,30,高橋,2023-09-20,5320
2002,中鋼,30,1,29,高橋,2023-09-20,5320
2382,廣達,76,47,29,高橋,2023-09-20,5320
1802,台玻,30,1,29,高橋,2023-09-20,5320
00900,富邦特選高股息30,30,1,29,高橋,2023-09-20,5320
2388,威盛,31,3,28,高橋,2023-09-20,5320
1809,中釉,30,3,27,高橋,2023-09-20,5320
00687B,國泰20年美債,26,0,26,高橋,2023-09-20,5320
2303,聯電,33,7,26,高橋,2023-09-20,5320
3231,緯創,73,48,25,高橋,2023-09-20,5320
00919,群益台灣精選高息,104,81,23,高橋,2023-09-20,5320
2486,一詮,25,2,23,高橋,2023-09-20,5320
1711,永光,20,0,20,高橋,2023-09-20,5320
6770,力積電,21,2,19,高橋,2023-09-20,5320
6257,矽格,19,0,19,高橋,2023-09-20,5320
2887,台新金,24,5,19,高橋,2023-09-20,5320
3025,星通,19,1,18,高橋,2023-09-20,5320
8086,宏捷科,21,3,18,高橋,2023-09-20,5320
00915,凱基優選高股息30,18,0,18,高橋,2023-09-20,5320
2363,矽統,40,22,18,高橋,2023-09-20,5320
0056,元大高股息,22,5,17,高橋,2023-09-20,5320
4909,新復興,17,0,17,高橋,2023-09-20,5320
2332,友訊,23,6,17,高橋,2023-09-20,5320
3265,台星科,24,8,16,高橋,2023-09-20,5320
2881,富邦金,24,9,15,高橋,2023-09-20,5320
2313,華通,46,32,14,高橋,2023-09-20,5320
3037,欣興,15,1,14,高橋,2023-09-20,5320
00921,兆豐龍頭等權重,14,0,14,高橋,2023-09-20,5320
4908,前鼎,21,7,14,高橋,2023-09-20,5320
2324,仁寶,16,2,14,高橋,2023-09-20,5320
00878,國泰永續高股息,60,47,13,高橋,2023-09-20,5320
3078,僑威,13,0,13,高橋,2023-09-20,5320
2356,英業達,35,22,13,高橋,2023-09-20,5320
00930,永豐ESG低碳高息,12,0,12,高橋,2023-09-20,5320
2408,南亞科,656,3,653,高橋,2023-09-21,5320
00929,復華台灣科技優息,203,50,153,高橋,2023-09-21,5320
00919,群益台灣精選高息,128,16,112,高橋,2023-09-21,5320
00878,國泰永續高股息,97,14,83,高橋,2023-09-21,5320
00932,兆豐永續高息等權,76,0,76,高橋,2023-09-21,5320
2880,華南金,61,0,61,高橋,2023-09-21,5320
2201,裕隆,58,6,52,高橋,2023-09-21,5320
2002,中鋼,58,6,52,高橋,2023-09-21,5320
2882,國泰金,48,1,47,高橋,2023-09-21,5320
0056,元大高股息,60,13,47,高橋,2023-09-21,5320
2330,台積電,43,2,41,高橋,2023-09-21,5320
2618,長榮航,48,8,40,高橋,2023-09-21,5320
00637L,元大滬深300正2,38,1,37,高橋,2023-09-21,5320
8033,雷虎,37,0,37,高橋,2023-09-21,5320
2887,台新金,34,0,34,高橋,2023-09-21,5320
2883,凱基金,44,11,33,高橋,2023-09-21,5320
3706,神達,33,5,28,高橋,2023-09-21,5320
00850,元大臺灣ESG永續,27,0,27,高橋,2023-09-21,5320
0050,元大台灣50,25,0,25,高橋,2023-09-21,5320
00665L,富邦�琤肭磪囓�2,25,0,25,高橋,2023-09-21,5320
2486,一詮,25,0,25,高橋,2023-09-21,5320
00687B,國泰20年美債,25,0,25,高橋,2023-09-21,5320
6168,宏齊,24,0,24,高橋,2023-09-21,5320
5371,中光電,25,3,22,高橋,2023-09-21,5320
3014,聯陽,23,1,22,高橋,2023-09-21,5320
2606,裕民,27,6,21,高橋,2023-09-21,5320
4755,三福化,21,0,21,高橋,2023-09-21,5320
6120,達運,20,0,20,高橋,2023-09-21,5320
00680L,元大美債20正2,20,0,20,高橋,2023-09-21,5320
3707,漢磊,23,4,19,高橋,2023-09-21,5320
3042,晶技,18,0,18,高橋,2023-09-21,5320
00712,復華富時不動產,18,0,18,高橋,2023-09-21,5320
00923,群益台ESG低碳50,18,1,17,高橋,2023-09-21,5320
2027,大成鋼,44,27,17,高橋,2023-09-21,5320
2617,台航,17,0,17,高橋,2023-09-21,5320
3025,星通,17,1,16,高橋,2023-09-21,5320
2891,中信金,56,40,16,高橋,2023-09-21,5320
2337,旺宏,16,0,16,高橋,2023-09-21,5320
1314,中石化,15,0,15,高橋,2023-09-21,5320
6284,佳邦,15,0,15,高橋,2023-09-21,5320
3004,豐達科,16,1,15,高橋,2023-09-21,5320
2881,富邦金,15,0,15,高橋,2023-09-21,5320
2603,長榮,16,3,13,高橋,2023-09-21,5320
2888,新光金,13,0,13,高橋,2023-09-21,5320
00921,兆豐龍頭等權重,13,0,13,高橋,2023-09-21,5320
2208,台船,22,9,13,高橋,2023-09-21,5320
5880,合庫金,25,12,13,高橋,2023-09-21,5320
2401,凌陽,14,1,13,高橋,2023-09-21,5320
3078,僑威,12,0,12,高橋,2023-09-21,5320
3105,穩懋,13,1,12,高橋,2023-09-21,5320
2883,凱基金,448,13,435,高橋,2023-09-22,5320
00680L,元大美債20正2,177,0,177,高橋,2023-09-22,5320
2329,華泰,157,7,150,高橋,2023-09-22,5320
00679B,元大美債20年,101,0,101,高橋,2023-09-22,5320
00929,復華台灣科技優息,226,143,83,高橋,2023-09-22,5320
3231,緯創,113,46,67,高橋,2023-09-22,5320
2618,長榮航,124,59,65,高橋,2023-09-22,5320
00919,群益台灣精選高息,67,3,64,高橋,2023-09-22,5320
00772B,中信高評級公司債,62,1,61,高橋,2023-09-22,5320
00900,富邦特選高股息30,51,0,51,高橋,2023-09-22,5320
00931B,統一美債20年,44,0,44,高橋,2023-09-22,5320
00712,復華富時不動產,37,0,37,高橋,2023-09-22,5320
2607,榮運,34,1,33,高橋,2023-09-22,5320
3481,群創,45,14,31,高橋,2023-09-22,5320
1603,華電,30,0,30,高橋,2023-09-22,5320
00902,中信電池及儲能,30,0,30,高橋,2023-09-22,5320
00687B,國泰20年美債,28,0,28,高橋,2023-09-22,5320
2303,聯電,29,1,28,高橋,2023-09-22,5320
1101,台泥,26,0,26,高橋,2023-09-22,5320
2313,華通,35,9,26,高橋,2023-09-22,5320
3037,欣興,35,9,26,高橋,2023-09-22,5320
00720B,元大投資級公司債,28,3,25,高橋,2023-09-22,5320
2330,台積電,26,2,24,高橋,2023-09-22,5320
2834,臺企銀,25,2,23,高橋,2023-09-22,5320
00885,富邦越南,23,0,23,高橋,2023-09-22,5320
2543,皇昌,23,1,22,高橋,2023-09-22,5320
5269,祥碩,21,0,21,高橋,2023-09-22,5320
1324,地球,22,1,21,高橋,2023-09-22,5320
3373,熱映,20,0,20,高橋,2023-09-22,5320
9950,萬國通,20,0,20,高橋,2023-09-22,5320
2206,三陽工業,19,0,19,高橋,2023-09-22,5320
1802,台玻,20,1,19,高橋,2023-09-22,5320
2344,華邦電,18,0,18,高橋,2023-09-22,5320
8069,元太,19,2,17,高橋,2023-09-22,5320
1815,富喬,18,2,16,高橋,2023-09-22,5320
00932,兆豐永續高息等權,15,0,15,高橋,2023-09-22,5320
3483,力致,22,7,15,高橋,2023-09-22,5320
1584,精剛,79,64,15,高橋,2023-09-22,5320
2367,燿華,70,55,15,高橋,2023-09-22,5320
2634,漢翔,15,1,14,高橋,2023-09-22,5320
2610,華航,16,2,14,高橋,2023-09-22,5320
4739,康普,13,0,13,高橋,2023-09-22,5320
2331,精英,13,0,13,高橋,2023-09-22,5320
00751B,元大AAA至A公司債,13,1,12,高橋,2023-09-22,5320
1447,力鵬,12,0,12,高橋,2023-09-22,5320
3024,憶聲,12,0,12,高橋,2023-09-22,5320
6214,精誠,12,0,12,高橋,2023-09-22,5320
3017,奇鋐,17,5,12,高橋,2023-09-22,5320
3450,聯鈞,38,27,11,高橋,2023-09-22,5320
1513,中興電,22,11,11,高橋,2023-09-22,5320
2485,兆赫,240,6,234,高橋,2023-09-25,5320
00929,復華台灣科技優息,122,12,110,高橋,2023-09-25,5320
3260,威剛,90,5,85,高橋,2023-09-25,5320
1101,台泥,76,10,66,高橋,2023-09-25,5320
1584,精剛,137,86,51,高橋,2023-09-25,5320
00688L,國泰20年美債正2,50,0,50,高橋,2023-09-25,5320
6288,聯嘉,41,0,41,高橋,2023-09-25,5320
00919,群益台灣精選高息,51,14,37,高橋,2023-09-25,5320
3706,神達,41,7,34,高橋,2023-09-25,5320
3363,上詮,73,43,30,高橋,2023-09-25,5320
00679B,元大美債20年,27,0,27,高橋,2023-09-25,5320
5371,中光電,27,0,27,高橋,2023-09-25,5320
2344,華邦電,26,0,26,高橋,2023-09-25,5320
2303,聯電,29,4,25,高橋,2023-09-25,5320
2208,台船,20,0,20,高橋,2023-09-25,5320
8996,高力,21,2,19,高橋,2023-09-25,5320
0056,元大高股息,23,5,18,高橋,2023-09-25,5320
2317,鴻海,20,2,18,高橋,2023-09-25,5320
2610,華航,30,13,17,高橋,2023-09-25,5320
00632R,元大台灣50反1,15,0,15,高橋,2023-09-25,5320
00631L,元大台灣50正2,15,0,15,高橋,2023-09-25,5320
00932,兆豐永續高息等權,15,0,15,高橋,2023-09-25,5320
2542,興富發,14,0,14,高橋,2023-09-25,5320
2887,台新金,15,2,13,高橋,2023-09-25,5320
5258,虹堡,17,4,13,高橋,2023-09-25,5320
6187,萬潤,59,46,13,高橋,2023-09-25,5320
2888,新光金,13,0,13,高橋,2023-09-25,5320
2363,矽統,64,51,13,高橋,2023-09-25,5320
00922,國泰台灣領袖50,11,0,11,高橋,2023-09-25,5320
00931B,統一美債20年,11,0,11,高橋,2023-09-25,5320
8234,新漢,11,0,11,高橋,2023-09-25,5320
2376,技嘉,25,15,10,高橋,2023-09-25,5320
1316,上曜,10,0,10,高橋,2023-09-25,5320
1217,愛之味,10,0,10,高橋,2023-09-25,5320
8034,榮群,11,1,10,高橋,2023-09-25,5320
00773B,中信優先金融債,10,0,10,高橋,2023-09-25,5320
6684,安格,10,0,10,高橋,2023-09-25,5320
2331,精英,15,6,9,高橋,2023-09-25,5320
3037,欣興,23,14,9,高橋,2023-09-25,5320
1909,榮成,10,1,9,高橋,2023-09-25,5320
3236,千如,10,1,9,高橋,2023-09-25,5320
2382,廣達,32,23,9,高橋,2023-09-25,5320
3711,日月光投控,10,2,8,高橋,2023-09-25,5320
2614,東森,10,2,8,高橋,2023-09-25,5320
6491,晶碩,9,1,8,高橋,2023-09-25,5320
3035,智原,11,3,8,高橋,2023-09-25,5320
2401,凌陽,8,1,7,高橋,2023-09-25,5320
2630,亞航,7,0,7,高橋,2023-09-25,5320
5474,聰泰,7,0,7,高橋,2023-09-25,5320
3051,力特,28,21,7,高橋,2023-09-25,5320
00929,復華台灣科技優息,127,11,116,高橋,2023-09-26,5320
9945,潤泰新,116,0,116,高橋,2023-09-26,5320
6288,聯嘉,111,2,109,高橋,2023-09-26,5320
00931B,統一美債20年,76,0,76,高橋,2023-09-26,5320
2303,聯電,67,3,64,高橋,2023-09-26,5320
00919,群益台灣精選高息,68,6,62,高橋,2023-09-26,5320
00878,國泰永續高股息,61,0,61,高橋,2023-09-26,5320
2317,鴻海,54,3,51,高橋,2023-09-26,5320
2204,中華,42,0,42,高橋,2023-09-26,5320
8046,南電,40,0,40,高橋,2023-09-26,5320
1810,和成,40,0,40,高橋,2023-09-26,5320
00679B,元大美債20年,38,0,38,高橋,2023-09-26,5320
1608,華榮,42,5,37,高橋,2023-09-26,5320
2344,華邦電,31,0,31,高橋,2023-09-26,5320
2634,漢翔,30,0,30,高橋,2023-09-26,5320
1101,台泥,28,0,28,高橋,2023-09-26,5320
00885,富邦越南,24,0,24,高橋,2023-09-26,5320
3711,日月光投控,22,0,22,高橋,2023-09-26,5320
1584,精剛,80,58,22,高橋,2023-09-26,5320
00687B,國泰20年美債,26,5,21,高橋,2023-09-26,5320
00772B,中信高評級公司債,21,0,21,高橋,2023-09-26,5320
3014,聯陽,21,0,21,高橋,2023-09-26,5320
1711,永光,20,0,20,高橋,2023-09-26,5320
00665L,富邦�琤肭磪囓�2,20,0,20,高橋,2023-09-26,5320
5876,上海商銀,20,0,20,高橋,2023-09-26,5320
00637L,元大滬深300正2,24,4,20,高橋,2023-09-26,5320
2618,長榮航,21,2,19,高橋,2023-09-26,5320
2610,華航,27,8,19,高橋,2023-09-26,5320
1301,台塑,18,0,18,高橋,2023-09-26,5320
0056,元大高股息,19,1,18,高橋,2023-09-26,5320
1316,上曜,20,2,18,高橋,2023-09-26,5320
00915,凱基優選高股息30,18,0,18,高橋,2023-09-26,5320
00650L,復華香港正2,18,0,18,高橋,2023-09-26,5320
3363,上詮,24,6,18,高橋,2023-09-26,5320
00753L,中信中國50正2,18,0,18,高橋,2023-09-26,5320
6770,力積電,20,2,18,高橋,2023-09-26,5320
3149,正達,17,0,17,高橋,2023-09-26,5320
6120,達運,19,2,17,高橋,2023-09-26,5320
2337,旺宏,17,0,17,高橋,2023-09-26,5320
00751B,元大AAA至A公司債,16,0,16,高橋,2023-09-26,5320
00631L,元大台灣50正2,16,0,16,高橋,2023-09-26,5320
1447,力鵬,26,10,16,高橋,2023-09-26,5320
1522,堤維西,22,6,16,高橋,2023-09-26,5320
2330,台積電,17,1,16,高橋,2023-09-26,5320
1605,華新,19,4,15,高橋,2023-09-26,5320
3231,緯創,35,21,14,高橋,2023-09-26,5320
8086,宏捷科,15,1,14,高橋,2023-09-26,5320
5880,合庫金,13,0,13,高橋,2023-09-26,5320
4961,天鈺,22,9,13,高橋,2023-09-26,5320
1304,台聚,13,0,13,高橋,2023-09-26,5320
00931B,統一美債20年,1123,2,1121,高橋,2023-09-27,5320
00929,復華台灣科技優息,171,61,110,高橋,2023-09-27,5320
2303,聯電,94,0,94,高橋,2023-09-27,5320
2002,中鋼,83,17,66,高橋,2023-09-27,5320
00712,復華富時不動產,42,0,42,高橋,2023-09-27,5320
00932,兆豐永續高息等權,38,0,38,高橋,2023-09-27,5320
00679B,元大美債20年,31,0,31,高橋,2023-09-27,5320
9904,寶成,30,0,30,高橋,2023-09-27,5320
2313,華通,37,7,30,高橋,2023-09-27,5320
9919,康那香,30,1,29,高橋,2023-09-27,5320
2367,燿華,52,24,28,高橋,2023-09-27,5320
3062,建漢,25,0,25,高橋,2023-09-27,5320
1301,台塑,25,1,24,高橋,2023-09-27,5320
2356,英業達,29,6,23,高橋,2023-09-27,5320
2337,旺宏,25,3,22,高橋,2023-09-27,5320
2605,新興,29,8,21,高橋,2023-09-27,5320
3014,聯陽,22,1,21,高橋,2023-09-27,5320
1316,上曜,20,0,20,高橋,2023-09-27,5320
2208,台船,20,0,20,高橋,2023-09-27,5320
3380,明泰,20,1,19,高橋,2023-09-27,5320
2458,義隆,20,1,19,高橋,2023-09-27,5320
1326,台化,17,0,17,高橋,2023-09-27,5320
1513,中興電,19,3,16,高橋,2023-09-27,5320
2881,富邦金,16,0,16,高橋,2023-09-27,5320
2369,菱生,15,0,15,高橋,2023-09-27,5320
3715,定穎投控,70,55,15,高橋,2023-09-27,5320
0056,元大高股息,15,1,14,高橋,2023-09-27,5320
2462,良得電,13,0,13,高橋,2023-09-27,5320
6770,力積電,13,0,13,高橋,2023-09-27,5320
00631L,元大台灣50正2,12,0,12,高橋,2023-09-27,5320
1314,中石化,12,0,12,高橋,2023-09-27,5320
2317,鴻海,11,0,11,高橋,2023-09-27,5320
5608,四維航,13,2,11,高橋,2023-09-27,5320
1618,合機,25,14,11,高橋,2023-09-27,5320
6806,森崴能源,15,4,11,高橋,2023-09-27,5320
2812,台中銀,10,0,10,高橋,2023-09-27,5320
2412,中華電,10,0,10,高橋,2023-09-27,5320
2344,華邦電,15,5,10,高橋,2023-09-27,5320
00773B,中信優先金融債,10,0,10,高橋,2023-09-27,5320
4906,正文,21,11,10,高橋,2023-09-27,5320
00902,中信電池及儲能,11,1,10,高橋,2023-09-27,5320
6005,群益證,10,0,10,高橋,2023-09-27,5320
1802,台玻,10,0,10,高橋,2023-09-27,5320
4729,熒茂,10,0,10,高橋,2023-09-27,5320
8420,明揚,16,6,10,高橋,2023-09-27,5320
2355,敬鵬,10,0,10,高橋,2023-09-27,5320
6505,台塑化,10,0,10,高橋,2023-09-27,5320
2014,中鴻,20,10,10,高橋,2023-09-27,5320
00919,群益台灣精選高息,39,30,9,高橋,2023-09-27,5320
3520,華盈,9,0,9,高橋,2023-09-27,5320
3231,緯創,328,35,293,高橋,2023-09-28,5320
00929,復華台灣科技優息,267,0,267,高橋,2023-09-28,5320
2408,南亞科,73,0,73,高橋,2023-09-28,5320
2610,華航,56,2,54,高橋,2023-09-28,5320
00712,復華富時不動產,52,0,52,高橋,2023-09-28,5320
00878,國泰永續高股息,48,6,42,高橋,2023-09-28,5320
2002,中鋼,75,36,39,高橋,2023-09-28,5320
2313,華通,73,38,35,高橋,2023-09-28,5320
00673R,期元大S＆P原油反1,37,3,34,高橋,2023-09-28,5320
3092,鴻碩,35,1,34,高橋,2023-09-28,5320
00637L,元大滬深300正2,31,0,31,高橋,2023-09-28,5320
1444,力麗,31,0,31,高橋,2023-09-28,5320
1802,台玻,31,0,31,高橋,2023-09-28,5320
5426,振發,34,3,31,高橋,2023-09-28,5320
2486,一詮,30,2,28,高橋,2023-09-28,5320
2618,長榮航,26,0,26,高橋,2023-09-28,5320
3037,欣興,26,1,25,高橋,2023-09-28,5320
1711,永光,25,0,25,高橋,2023-09-28,5320
1101,台泥,29,4,25,高橋,2023-09-28,5320
00772B,中信高評級公司債,20,0,20,高橋,2023-09-28,5320
2855,統一證,20,0,20,高橋,2023-09-28,5320
2542,興富發,20,0,20,高橋,2023-09-28,5320
1524,耿鼎,32,12,20,高橋,2023-09-28,5320
00919,群益台灣精選高息,21,2,19,高橋,2023-09-28,5320
3105,穩懋,20,1,19,高橋,2023-09-28,5320
00753L,中信中國50正2,18,0,18,高橋,2023-09-28,5320
9904,寶成,17,0,17,高橋,2023-09-28,5320
00679B,元大美債20年,17,0,17,高橋,2023-09-28,5320
3373,熱映,17,0,17,高橋,2023-09-28,5320
5452,佶優,19,3,16,高橋,2023-09-28,5320
00751B,元大AAA至A公司債,15,0,15,高橋,2023-09-28,5320
3706,神達,25,10,15,高橋,2023-09-28,5320
1529,樂事綠能,21,7,14,高橋,2023-09-28,5320
4174,浩鼎,14,0,14,高橋,2023-09-28,5320
1326,台化,14,0,14,高橋,2023-09-28,5320
2468,華經,20,6,14,高橋,2023-09-28,5320
2317,鴻海,18,5,13,高橋,2023-09-28,5320
3481,群創,24,11,13,高橋,2023-09-28,5320
2884,玉山金,13,0,13,高橋,2023-09-28,5320
2301,光寶科,21,8,13,高橋,2023-09-28,5320
2498,宏達電,12,0,12,高橋,2023-09-28,5320
2357,華碩,10,0,10,高橋,2023-09-28,5320
6282,康舒,15,5,10,高橋,2023-09-28,5320
4744,皇將,10,0,10,高橋,2023-09-28,5320
00631L,元大台灣50正2,10,0,10,高橋,2023-09-28,5320
6485,點序,16,6,10,高橋,2023-09-28,5320
3041,揚智,10,0,10,高橋,2023-09-28,5320
2014,中鴻,10,0,10,高橋,2023-09-28,5320
8299,群聯,10,0,10,高橋,2023-09-28,5320
5465,富驊,25,16,9,高橋,2023-09-28,5320
2883,凱基金,201,17,184,高橋,2023-10-02,5320
2409,友達,122,18,104,高橋,2023-10-02,5320
2208,台船,74,0,74,高橋,2023-10-02,5320
2204,中華,73,1,72,高橋,2023-10-02,5320
00929,復華台灣科技優息,105,33,72,高橋,2023-10-02,5320
2888,新光金,66,0,66,高橋,2023-10-02,5320
2363,矽統,118,62,56,高橋,2023-10-02,5320
2630,亞航,51,3,48,高橋,2023-10-02,5320
2603,長榮,48,7,41,高橋,2023-10-02,5320
2367,燿華,71,34,37,高橋,2023-10-02,5320
00720B,元大投資級公司債,42,7,35,高橋,2023-10-02,5320
00632R,元大台灣50反1,35,2,33,高橋,2023-10-02,5320
2201,裕隆,44,11,33,高橋,2023-10-02,5320
2542,興富發,30,0,30,高橋,2023-10-02,5320
2324,仁寶,25,0,25,高橋,2023-10-02,5320
1618,合機,28,3,25,高橋,2023-10-02,5320
2485,兆赫,33,9,24,高橋,2023-10-02,5320
2605,新興,23,2,21,高橋,2023-10-02,5320
2337,旺宏,32,11,21,高橋,2023-10-02,5320
1711,永光,21,0,21,高橋,2023-10-02,5320
4533,協易機,20,0,20,高橋,2023-10-02,5320
2607,榮運,19,0,19,高橋,2023-10-02,5320
00712,復華富時不動產,19,0,19,高橋,2023-10-02,5320
2618,長榮航,19,1,18,高橋,2023-10-02,5320
00751B,元大AAA至A公司債,18,0,18,高橋,2023-10-02,5320
2543,皇昌,21,4,17,高橋,2023-10-02,5320
6139,亞翔,33,17,16,高橋,2023-10-02,5320
2314,台揚,21,5,16,高橋,2023-10-02,5320
2002,中鋼,44,28,16,高橋,2023-10-02,5320
2891,中信金,14,0,14,高橋,2023-10-02,5320
1304,台聚,14,0,14,高橋,2023-10-02,5320
2702,華園,14,0,14,高橋,2023-10-02,5320
00679B,元大美債20年,14,0,14,高橋,2023-10-02,5320
3689,湧德,14,0,14,高橋,2023-10-02,5320
00772B,中信高評級公司債,14,0,14,高橋,2023-10-02,5320
2025,千興,13,0,13,高橋,2023-10-02,5320
2368,金像電,19,6,13,高橋,2023-10-02,5320
2206,三陽工業,16,4,12,高橋,2023-10-02,5320
2615,萬海,12,0,12,高橋,2023-10-02,5320
2887,台新金,16,4,12,高橋,2023-10-02,5320
6116,彩晶,12,0,12,高橋,2023-10-02,5320
6227,茂綸,12,0,12,高橋,2023-10-02,5320
1536,和大,17,6,11,高橋,2023-10-02,5320
8050,廣積,11,1,10,高橋,2023-10-02,5320
1305,華夏,10,0,10,高橋,2023-10-02,5320
3646,艾恩特,10,0,10,高橋,2023-10-02,5320
2440,太空梭,16,6,10,高橋,2023-10-02,5320
5608,四維航,10,0,10,高橋,2023-10-02,5320
2606,裕民,10,0,10,高橋,2023-10-02,5320
1301,台塑,9,0,9,高橋,2023-10-02,5320
00931B,統一美債20年,1216,2,1214,高橋,2023-10-03,5320
2409,友達,764,35,729,高橋,2023-10-03,5320
2883,凱基金,217,3,214,高橋,2023-10-03,5320
1101,台泥,101,17,84,高橋,2023-10-03,5320
3231,緯創,127,45,82,高橋,2023-10-03,5320
2002,中鋼,97,25,72,高橋,2023-10-03,5320
00878,國泰永續高股息,85,16,69,高橋,2023-10-03,5320
00712,復華富時不動產,70,2,68,高橋,2023-10-03,5320
00637L,元大滬深300正2,65,0,65,高橋,2023-10-03,5320
2313,華通,60,1,59,高橋,2023-10-03,5320
00753L,中信中國50正2,54,0,54,高橋,2023-10-03,5320
3013,晟銘電,75,21,54,高橋,2023-10-03,5320
2610,華航,118,71,47,高橋,2023-10-03,5320
2324,仁寶,52,5,47,高橋,2023-10-03,5320
2201,裕隆,47,2,45,高橋,2023-10-03,5320
00922,國泰台灣領袖50,38,0,38,高橋,2023-10-03,5320
2208,台船,44,7,37,高橋,2023-10-03,5320
2634,漢翔,39,5,34,高橋,2023-10-03,5320
1609,大亞,64,31,33,高橋,2023-10-03,5320
6282,康舒,33,1,32,高橋,2023-10-03,5320
2367,燿華,39,8,31,高橋,2023-10-03,5320
1402,遠東新,30,0,30,高橋,2023-10-03,5320
00632R,元大台灣50反1,50,20,30,高橋,2023-10-03,5320
2356,英業達,47,18,29,高橋,2023-10-03,5320
00919,群益台灣精選高息,39,10,29,高橋,2023-10-03,5320
2603,長榮,30,3,27,高橋,2023-10-03,5320
6117,迎廣,33,6,27,高橋,2023-10-03,5320
2457,飛宏,26,0,26,高橋,2023-10-03,5320
2388,威盛,38,13,25,高橋,2023-10-03,5320
2887,台新金,25,0,25,高橋,2023-10-03,5320
1301,台塑,23,0,23,高橋,2023-10-03,5320
3706,神達,25,5,20,高橋,2023-10-03,5320
2399,映泰,20,0,20,高橋,2023-10-03,5320
2329,華泰,80,61,19,高橋,2023-10-03,5320
00650L,復華香港正2,18,0,18,高橋,2023-10-03,5320
00720B,元大投資級公司債,16,0,16,高橋,2023-10-03,5320
1605,華新,17,1,16,高橋,2023-10-03,5320
3481,群創,26,11,15,高橋,2023-10-03,5320
00679B,元大美債20年,15,0,15,高橋,2023-10-03,5320
3325,旭品,55,40,15,高橋,2023-10-03,5320
2888,新光金,15,0,15,高橋,2023-10-03,5320
3081,聯亞,15,1,14,高橋,2023-10-03,5320
1471,首利,14,1,13,高橋,2023-10-03,5320
2630,亞航,20,7,13,高橋,2023-10-03,5320
2892,第一金,14,2,12,高橋,2023-10-03,5320
2402,毅嘉,30,18,12,高橋,2023-10-03,5320
00665L,富邦�琤肭磪囓�2,12,0,12,高橋,2023-10-03,5320
4944,兆遠,14,2,12,高橋,2023-10-03,5320
3311,閎暉,12,0,12,高橋,2023-10-03,5320
3704,合勤控,17,5,12,高橋,2023-10-03,5320
00929,復華台灣科技優息,118,13,105,高橋,2023-10-04,5320
2409,友達,103,3,100,高橋,2023-10-04,5320
00712,復華富時不動產,91,2,89,高橋,2023-10-04,5320
2303,聯電,83,1,82,高橋,2023-10-04,5320
2888,新光金,79,2,77,高橋,2023-10-04,5320
2002,中鋼,73,9,64,高橋,2023-10-04,5320
6129,普誠,64,0,64,高橋,2023-10-04,5320
2634,漢翔,61,0,61,高橋,2023-10-04,5320
00922,國泰台灣領袖50,55,0,55,高橋,2023-10-04,5320
2891,中信金,52,0,52,高橋,2023-10-04,5320
1584,精剛,71,20,51,高橋,2023-10-04,5320
2884,玉山金,51,1,50,高橋,2023-10-04,5320
3481,群創,52,5,47,高橋,2023-10-04,5320
00679B,元大美債20年,46,1,45,高橋,2023-10-04,5320
3231,緯創,56,17,39,高橋,2023-10-04,5320
0056,元大高股息,40,1,39,高橋,2023-10-04,5320
1802,台玻,37,0,37,高橋,2023-10-04,5320
1326,台化,32,0,32,高橋,2023-10-04,5320
2883,凱基金,30,0,30,高橋,2023-10-04,5320
2401,凌陽,31,2,29,高橋,2023-10-04,5320
1216,統一,28,0,28,高橋,2023-10-04,5320
5452,佶優,35,8,27,高橋,2023-10-04,5320
00720B,元大投資級公司債,26,0,26,高橋,2023-10-04,5320
2892,第一金,28,2,26,高橋,2023-10-04,5320
2330,台積電,26,1,25,高橋,2023-10-04,5320
1524,耿鼎,31,6,25,高橋,2023-10-04,5320
3081,聯亞,23,0,23,高橋,2023-10-04,5320
6505,台塑化,22,0,22,高橋,2023-10-04,5320
1711,永光,22,0,22,高橋,2023-10-04,5320
1605,華新,24,2,22,高橋,2023-10-04,5320
2014,中鴻,21,0,21,高橋,2023-10-04,5320
2610,華航,23,3,20,高橋,2023-10-04,5320
00680L,元大美債20正2,20,0,20,高橋,2023-10-04,5320
1528,恩德,20,0,20,高橋,2023-10-04,5320
00637L,元大滬深300正2,29,9,20,高橋,2023-10-04,5320
00931B,統一美債20年,23,7,16,高橋,2023-10-04,5320
00858,永豐美國500大,16,0,16,高橋,2023-10-04,5320
6901,鑽石投資,16,0,16,高橋,2023-10-04,5320
2329,華泰,18,2,16,高橋,2023-10-04,5320
2201,裕隆,16,1,15,高橋,2023-10-04,5320
2353,宏��,15,0,15,高橋,2023-10-04,5320
2344,華邦電,16,1,15,高橋,2023-10-04,5320
3024,憶聲,15,0,15,高橋,2023-10-04,5320
1101,台泥,15,1,14,高橋,2023-10-04,5320
1504,東元,14,0,14,高橋,2023-10-04,5320
00773B,中信優先金融債,14,0,14,高橋,2023-10-04,5320
00907,永豐優息存股,14,0,14,高橋,2023-10-04,5320
1402,遠東新,14,0,14,高橋,2023-10-04,5320
00751B,元大AAA至A公司債,13,0,13,高橋,2023-10-04,5320
00772B,中信高評級公司債,18,5,13,高橋,2023-10-04,5320
2883,凱基金,103,0,103,高橋,2023-10-05,5320
00712,復華富時不動產,101,1,100,高橋,2023-10-05,5320
2880,華南金,81,10,71,高橋,2023-10-05,5320
00632R,元大台灣50反1,45,0,45,高橋,2023-10-05,5320
6176,瑞儀,40,0,40,高橋,2023-10-05,5320
00929,復華台灣科技優息,42,5,37,高橋,2023-10-05,5320
2201,裕隆,38,2,36,高橋,2023-10-05,5320
2353,宏��,55,20,35,高橋,2023-10-05,5320
00679B,元大美債20年,38,4,34,高橋,2023-10-05,5320
2634,漢翔,36,3,33,高橋,2023-10-05,5320
00753L,中信中國50正2,30,0,30,高橋,2023-10-05,5320
3231,緯創,61,32,29,高橋,2023-10-05,5320
2888,新光金,28,2,26,高橋,2023-10-05,5320
3037,欣興,30,4,26,高橋,2023-10-05,5320
2409,友達,34,9,25,高橋,2023-10-05,5320
00922,國泰台灣領袖50,26,2,24,高橋,2023-10-05,5320
5452,佶優,37,13,24,高橋,2023-10-05,5320
8358,金居,25,3,22,高橋,2023-10-05,5320
2208,台船,21,0,21,高橋,2023-10-05,5320
3672,康聯訊,21,0,21,高橋,2023-10-05,5320
5880,合庫金,21,0,21,高橋,2023-10-05,5320
2317,鴻海,20,0,20,高橋,2023-10-05,5320
1324,地球,24,5,19,高橋,2023-10-05,5320
2376,技嘉,21,3,18,高橋,2023-10-05,5320
2887,台新金,30,13,17,高橋,2023-10-05,5320
2388,威盛,18,3,15,高橋,2023-10-05,5320
2204,中華,15,0,15,高橋,2023-10-05,5320
3049,精金,15,0,15,高橋,2023-10-05,5320
00882,中信中國高股息,15,0,15,高橋,2023-10-05,5320
2382,廣達,28,15,13,高橋,2023-10-05,5320
3163,波若威,23,11,12,高橋,2023-10-05,5320
9904,寶成,12,0,12,高橋,2023-10-05,5320
00687B,國泰20年美債,13,1,12,高橋,2023-10-05,5320
00633L,富邦上証正2,11,0,11,高橋,2023-10-05,5320
2331,精英,22,11,11,高橋,2023-10-05,5320
3481,群創,25,15,10,高橋,2023-10-05,5320
4933,友輝,12,2,10,高橋,2023-10-05,5320
1453,大將,10,0,10,高橋,2023-10-05,5320
6129,普誠,10,0,10,高橋,2023-10-05,5320
8111,立��,10,0,10,高橋,2023-10-05,5320
00888,永豐台灣ESG,10,0,10,高橋,2023-10-05,5320
00932,兆豐永續高息等權,10,0,10,高橋,2023-10-05,5320
4306,炎洲,10,0,10,高橋,2023-10-05,5320
2002,中鋼,28,19,9,高橋,2023-10-05,5320
1609,大亞,10,1,9,高橋,2023-10-05,5320
6274,台燿,13,4,9,高橋,2023-10-05,5320
8936,國統,9,0,9,高橋,2023-10-05,5320
8277,商丞,10,1,9,高橋,2023-10-05,5320
6235,華孚,14,6,8,高橋,2023-10-05,5320
4967,十銓,15,7,8,高橋,2023-10-05,5320
3149,正達,221,0,221,高橋,2023-10-06,5320
00929,復華台灣科技優息,134,23,111,高橋,2023-10-06,5320
3276,宇環,102,13,89,高橋,2023-10-06,5320
2002,中鋼,63,14,49,高橋,2023-10-06,5320
2356,英業達,73,24,49,高橋,2023-10-06,5320
3325,旭品,54,10,44,高橋,2023-10-06,5320
00919,群益台灣精選高息,52,10,42,高橋,2023-10-06,5320
2610,華航,35,3,32,高橋,2023-10-06,5320
2630,亞航,33,2,31,高橋,2023-10-06,5320
1815,富喬,49,20,29,高橋,2023-10-06,5320
00712,復華富時不動產,26,1,25,高橋,2023-10-06,5320
00632R,元大台灣50反1,25,0,25,高橋,2023-10-06,5320
00679B,元大美債20年,28,6,22,高橋,2023-10-06,5320
2313,華通,32,12,20,高橋,2023-10-06,5320
3081,聯亞,20,0,20,高橋,2023-10-06,5320
3481,群創,36,18,18,高橋,2023-10-06,5320
2354,鴻準,19,1,18,高橋,2023-10-06,5320
00922,國泰台灣領袖50,18,0,18,高橋,2023-10-06,5320
3231,緯創,68,55,13,高橋,2023-10-06,5320
2301,光寶科,19,6,13,高橋,2023-10-06,5320
00720B,元大投資級公司債,13,0,13,高橋,2023-10-06,5320
1907,永豐餘,13,0,13,高橋,2023-10-06,5320
2371,大同,14,1,13,高橋,2023-10-06,5320
00881,國泰台灣5G+,13,0,13,高橋,2023-10-06,5320
8027,鈦昇,12,0,12,高橋,2023-10-06,5320
2340,台亞,12,1,11,高橋,2023-10-06,5320
2883,凱基金,15,4,11,高橋,2023-10-06,5320
1584,精剛,12,1,11,高橋,2023-10-06,5320
2331,精英,11,0,11,高橋,2023-10-06,5320
3032,偉訓,13,2,11,高橋,2023-10-06,5320
3036,文曄,15,4,11,高橋,2023-10-06,5320
8201,無敵,10,0,10,高橋,2023-10-06,5320
00878,國泰永續高股息,18,8,10,高橋,2023-10-06,5320
00888,永豐台灣ESG,10,0,10,高橋,2023-10-06,5320
00715L,期街口布蘭特正2,10,0,10,高橋,2023-10-06,5320
00900,富邦特選高股息30,10,0,10,高橋,2023-10-06,5320
6139,亞翔,12,3,9,高橋,2023-10-06,5320
2618,長榮航,28,19,9,高橋,2023-10-06,5320
3037,欣興,14,5,9,高橋,2023-10-06,5320
6196,帆宣,9,0,9,高橋,2023-10-06,5320
2415,錩新,9,0,9,高橋,2023-10-06,5320
6470,宇智,9,0,9,高橋,2023-10-06,5320
0056,元大高股息,9,1,8,高橋,2023-10-06,5320
9105,泰金寶-DR,8,0,8,高橋,2023-10-06,5320
6829,千附精密,8,0,8,高橋,2023-10-06,5320
5272,笙科,8,0,8,高橋,2023-10-06,5320
00751B,元大AAA至A公司債,8,0,8,高橋,2023-10-06,5320
6274,台燿,11,4,7,高橋,2023-10-06,5320
00885,富邦越南,7,0,7,高橋,2023-10-06,5320
2365,昆盈,12,5,7,高橋,2023-10-06,5320
3231,緯創,195,37,158,高橋,2023-10-11,5320
1313,聯成,140,1,139,高橋,2023-10-11,5320
2883,凱基金,180,45,135,高橋,2023-10-11,5320
1612,宏泰,103,0,103,高橋,2023-10-11,5320
2344,華邦電,136,64,72,高橋,2023-10-11,5320
8033,雷虎,70,9,61,高橋,2023-10-11,5320
3037,欣興,48,4,44,高橋,2023-10-11,5320
1815,富喬,90,47,43,高橋,2023-10-11,5320
1711,永光,40,0,40,高橋,2023-10-11,5320
3715,定穎投控,68,29,39,高橋,2023-10-11,5320
2609,陽明,46,7,39,高橋,2023-10-11,5320
2421,建準,49,12,37,高橋,2023-10-11,5320
2603,長榮,40,3,37,高橋,2023-10-11,5320
2515,中工,34,0,34,高橋,2023-10-11,5320
6122,擎邦,44,12,32,高橋,2023-10-11,5320
00632R,元大台灣50反1,30,0,30,高橋,2023-10-11,5320
6770,力積電,53,30,23,高橋,2023-10-11,5320
6443,元晶,22,0,22,高橋,2023-10-11,5320
2382,廣達,42,22,20,高橋,2023-10-11,5320
6125,廣運,34,14,20,高橋,2023-10-11,5320
2468,華經,22,2,20,高橋,2023-10-11,5320
2630,亞航,24,6,18,高橋,2023-10-11,5320
6275,元山,18,0,18,高橋,2023-10-11,5320
2208,台船,40,23,17,高橋,2023-10-11,5320
1471,首利,16,0,16,高橋,2023-10-11,5320
00882,中信中國高股息,16,0,16,高橋,2023-10-11,5320
8050,廣積,16,1,15,高橋,2023-10-11,5320
5706,鳳凰,15,0,15,高橋,2023-10-11,5320
00720B,元大投資級公司債,15,0,15,高橋,2023-10-11,5320
2025,千興,15,0,15,高橋,2023-10-11,5320
4968,立積,15,0,15,高橋,2023-10-11,5320
1609,大亞,17,2,15,高橋,2023-10-11,5320
2453,凌群,15,1,14,高橋,2023-10-11,5320
2002,中鋼,23,9,14,高橋,2023-10-11,5320
00637L,元大滬深300正2,38,25,13,高橋,2023-10-11,5320
1802,台玻,13,0,13,高橋,2023-10-11,5320
1305,華夏,12,0,12,高橋,2023-10-11,5320
2337,旺宏,15,3,12,高橋,2023-10-11,5320
8111,立��,12,0,12,高橋,2023-10-11,5320
6120,達運,13,1,12,高橋,2023-10-11,5320
6147,頎邦,14,2,12,高橋,2023-10-11,5320
3308,聯德,16,5,11,高橋,2023-10-11,5320
1608,華榮,11,0,11,高橋,2023-10-11,5320
00722B,群益投資級電信債,16,5,11,高橋,2023-10-11,5320
4566,時碩工業,11,0,11,高橋,2023-10-11,5320
6477,安集,11,0,11,高橋,2023-10-11,5320
1504,東元,13,2,11,高橋,2023-10-11,5320
2884,玉山金,11,0,11,高橋,2023-10-11,5320
2645,長榮航太,10,0,10,高橋,2023-10-11,5320
1338,廣華-KY,10,0,10,高橋,2023-10-11,5320
00687B,國泰20年美債,51,0,51,高橋,2023-10-12,5320
00720B,元大投資級公司債,50,0,50,高橋,2023-10-12,5320
00679B,元大美債20年,42,2,40,高橋,2023-10-12,5320
00929,復華台灣科技優息,52,16,36,高橋,2023-10-12,5320
2356,英業達,54,21,33,高橋,2023-10-12,5320
3094,聯傑,36,4,32,高橋,2023-10-12,5320
3450,聯鈞,33,3,30,高橋,2023-10-12,5320
2401,凌陽,28,0,28,高橋,2023-10-12,5320
3037,欣興,25,0,25,高橋,2023-10-12,5320
2890,永豐金,33,8,25,高橋,2023-10-12,5320
5381,合正,24,0,24,高橋,2023-10-12,5320
2363,矽統,168,145,23,高橋,2023-10-12,5320
4162,智擎,23,0,23,高橋,2023-10-12,5320
2412,中華電,22,0,22,高橋,2023-10-12,5320
3706,神達,44,23,21,高橋,2023-10-12,5320
00900,富邦特選高股息30,31,11,20,高橋,2023-10-12,5320
6005,群益證,20,0,20,高橋,2023-10-12,5320
8478,東哥遊艇,20,1,19,高橋,2023-10-12,5320
0056,元大高股息,19,3,16,高橋,2023-10-12,5320
2382,廣達,78,62,16,高橋,2023-10-12,5320
3227,原相,15,1,14,高橋,2023-10-12,5320
2634,漢翔,19,5,14,高橋,2023-10-12,5320
1316,上曜,14,0,14,高橋,2023-10-12,5320
1444,力麗,14,0,14,高橋,2023-10-12,5320
6282,康舒,17,3,14,高橋,2023-10-12,5320
00632R,元大台灣50反1,25,12,13,高橋,2023-10-12,5320
5388,中磊,13,0,13,高橋,2023-10-12,5320
00772B,中信高評級公司債,21,8,13,高橋,2023-10-12,5320
9950,萬國通,14,2,12,高橋,2023-10-12,5320
6235,華孚,15,4,11,高橋,2023-10-12,5320
1455,集盛,11,0,11,高橋,2023-10-12,5320
6245,立端,11,0,11,高橋,2023-10-12,5320
1609,大亞,20,9,11,高橋,2023-10-12,5320
1519,華城,13,3,10,高橋,2023-10-12,5320
3306,鼎天,11,1,10,高橋,2023-10-12,5320
2913,農林,10,0,10,高橋,2023-10-12,5320
1907,永豐餘,10,0,10,高橋,2023-10-12,5320
3059,華晶科,10,0,10,高橋,2023-10-12,5320
2481,強茂,10,0,10,高橋,2023-10-12,5320
3017,奇鋐,12,2,10,高橋,2023-10-12,5320
5536,聖暉*,10,0,10,高橋,2023-10-12,5320
4916,事欣科,11,2,9,高橋,2023-10-12,5320
1471,首利,10,1,9,高橋,2023-10-12,5320
1419,新紡,9,0,9,高橋,2023-10-12,5320
2425,承啟,14,5,9,高橋,2023-10-12,5320
6147,頎邦,10,1,9,高橋,2023-10-12,5320
2002,中鋼,22,14,8,高橋,2023-10-12,5320
00881,國泰台灣5G+,14,6,8,高橋,2023-10-12,5320
6274,台燿,10,2,8,高橋,2023-10-12,5320
00680L,元大美債20正2,7,0,7,高橋,2023-10-12,5320
2883,凱基金,293,10,283,高橋,2023-10-13,5320
00878,國泰永續高股息,72,1,71,高橋,2023-10-13,5320
3231,緯創,98,36,62,高橋,2023-10-13,5320
3325,旭品,61,10,51,高橋,2023-10-13,5320
4737,華廣,52,3,49,高橋,2023-10-13,5320
9904,寶成,40,0,40,高橋,2023-10-13,5320
00919,群益台灣精選高息,43,3,40,高橋,2023-10-13,5320
2344,華邦電,63,26,37,高橋,2023-10-13,5320
2618,長榮航,37,1,36,高橋,2023-10-13,5320
3045,台灣大,35,0,35,高橋,2023-10-13,5320
0056,元大高股息,37,3,34,高橋,2023-10-13,5320
00753L,中信中國50正2,30,0,30,高橋,2023-10-13,5320
3051,力特,32,2,30,高橋,2023-10-13,5320
2204,中華,38,8,30,高橋,2023-10-13,5320
2313,華通,32,6,26,高橋,2023-10-13,5320
2382,廣達,95,71,24,高橋,2023-10-13,5320
1710,東聯,23,0,23,高橋,2023-10-13,5320
2610,華航,23,1,22,高橋,2023-10-13,5320
6442,光聖,38,16,22,高橋,2023-10-13,5320
8222,寶一,23,2,21,高橋,2023-10-13,5320
2412,中華電,20,0,20,高橋,2023-10-13,5320
6216,居易,20,0,20,高橋,2023-10-13,5320
5876,上海商銀,20,0,20,高橋,2023-10-13,5320
00712,復華富時不動產,20,0,20,高橋,2023-10-13,5320
2399,映泰,22,2,20,高橋,2023-10-13,5320
3037,欣興,20,0,20,高橋,2023-10-13,5320
2301,光寶科,20,1,19,高橋,2023-10-13,5320
00720B,元大投資級公司債,18,0,18,高橋,2023-10-13,5320
1609,大亞,19,1,18,高橋,2023-10-13,5320
9950,萬國通,19,1,18,高橋,2023-10-13,5320
00929,復華台灣科技優息,18,2,16,高橋,2023-10-13,5320
3059,華晶科,18,3,15,高橋,2023-10-13,5320
4933,友輝,20,5,15,高橋,2023-10-13,5320
2324,仁寶,15,1,14,高橋,2023-10-13,5320
2888,新光金,13,0,13,高橋,2023-10-13,5320
1711,永光,20,7,13,高橋,2023-10-13,5320
6505,台塑化,12,0,12,高橋,2023-10-13,5320
2834,臺企銀,12,0,12,高橋,2023-10-13,5320
1560,中砂,11,0,11,高橋,2023-10-13,5320
00900,富邦特選高股息30,13,2,11,高橋,2023-10-13,5320
3025,星通,29,18,11,高橋,2023-10-13,5320
4934,太極,12,1,11,高橋,2023-10-13,5320
2376,技嘉,17,7,10,高橋,2023-10-13,5320
00687B,國泰20年美債,10,0,10,高橋,2023-10-13,5320
3673,TPK-KY,10,0,10,高橋,2023-10-13,5320
2468,華經,12,2,10,高橋,2023-10-13,5320
5608,四維航,10,0,10,高橋,2023-10-13,5320
1604,聲寶,10,0,10,高橋,2023-10-13,5320
6477,安集,10,0,10,高橋,2023-10-13,5320
8112,至上,11,1,10,高橋,2023-10-13,5320
6770,力積電,353,16,337,高橋,2023-10-16,5320
2344,華邦電,224,3,221,高橋,2023-10-16,5320
2618,長榮航,223,5,218,高橋,2023-10-16,5320
1314,中石化,397,197,200,高橋,2023-10-16,5320
1909,榮成,201,2,199,高橋,2023-10-16,5320
2883,凱基金,282,158,124,高橋,2023-10-16,5320
2515,中工,186,89,97,高橋,2023-10-16,5320
00929,復華台灣科技優息,97,5,92,高橋,2023-10-16,5320
2105,正新,77,1,76,高橋,2023-10-16,5320
2610,華航,73,12,61,高橋,2023-10-16,5320
2329,華泰,91,42,49,高橋,2023-10-16,5320
2324,仁寶,45,3,42,高橋,2023-10-16,5320
3706,神達,61,28,33,高橋,2023-10-16,5320
00753L,中信中國50正2,32,0,32,高橋,2023-10-16,5320
00680L,元大美債20正2,31,0,31,高橋,2023-10-16,5320
00885,富邦越南,31,0,31,高橋,2023-10-16,5320
00919,群益台灣精選高息,30,0,30,高橋,2023-10-16,5320
1605,華新,31,1,30,高橋,2023-10-16,5320
00637L,元大滬深300正2,29,0,29,高橋,2023-10-16,5320
9950,萬國通,43,15,28,高橋,2023-10-16,5320
3702,大聯大,26,0,26,高橋,2023-10-16,5320
00922,國泰台灣領袖50,23,2,21,高橋,2023-10-16,5320
2204,中華,20,0,20,高橋,2023-10-16,5320
00720B,元大投資級公司債,18,0,18,高橋,2023-10-16,5320
00650L,復華香港正2,18,0,18,高橋,2023-10-16,5320
3711,日月光投控,20,2,18,高橋,2023-10-16,5320
0056,元大高股息,40,22,18,高橋,2023-10-16,5320
3715,定穎投控,26,9,17,高橋,2023-10-16,5320
00712,復華富時不動產,18,1,17,高橋,2023-10-16,5320
6276,安鈦克,32,15,17,高橋,2023-10-16,5320
2201,裕隆,25,10,15,高橋,2023-10-16,5320
2371,大同,16,1,15,高橋,2023-10-16,5320
5351,鈺創,13,0,13,高橋,2023-10-16,5320
8996,高力,13,0,13,高橋,2023-10-16,5320
6443,元晶,13,0,13,高橋,2023-10-16,5320
1218,泰山,13,0,13,高橋,2023-10-16,5320
2634,漢翔,17,4,13,高橋,2023-10-16,5320
6274,台燿,12,0,12,高橋,2023-10-16,5320
00881,國泰台灣5G+,12,0,12,高橋,2023-10-16,5320
6182,合晶,12,0,12,高橋,2023-10-16,5320
3037,欣興,11,0,11,高橋,2023-10-16,5320
6122,擎邦,11,0,11,高橋,2023-10-16,5320
00722B,群益投資級電信債,10,0,10,高橋,2023-10-16,5320
1590,亞德客-KY,10,0,10,高橋,2023-10-16,5320
3646,艾恩特,10,0,10,高橋,2023-10-16,5320
5607,遠雄港,10,0,10,高橋,2023-10-16,5320
2481,強茂,10,0,10,高橋,2023-10-16,5320
6485,點序,9,0,9,高橋,2023-10-16,5320
2630,亞航,11,2,9,高橋,2023-10-16,5320
8069,元太,9,0,9,高橋,2023-10-16,5320
0056,元大高股息,133,0,133,高橋,2023-10-17,5320
00929,復華台灣科技優息,138,6,132,高橋,2023-10-17,5320
2634,漢翔,156,64,92,高橋,2023-10-17,5320
2618,長榮航,124,34,90,高橋,2023-10-17,5320
3481,群創,91,26,65,高橋,2023-10-17,5320
00878,國泰永續高股息,73,13,60,高橋,2023-10-17,5320
2201,裕隆,78,19,59,高橋,2023-10-17,5320
1815,富喬,56,7,49,高橋,2023-10-17,5320
6213,聯茂,47,3,44,高橋,2023-10-17,5320
8048,德勝,40,7,33,高橋,2023-10-17,5320
2610,華航,48,15,33,高橋,2023-10-17,5320
3483,力致,37,5,32,高橋,2023-10-17,5320
1609,大亞,32,3,29,高橋,2023-10-17,5320
00922,國泰台灣領袖50,28,0,28,高橋,2023-10-17,5320
2355,敬鵬,27,1,26,高橋,2023-10-17,5320
2891,中信金,27,3,24,高橋,2023-10-17,5320
2206,三陽工業,26,3,23,高橋,2023-10-17,5320
5009,榮剛,25,2,23,高橋,2023-10-17,5320
2630,亞航,23,0,23,高橋,2023-10-17,5320
00931B,統一美債20年,22,0,22,高橋,2023-10-17,5320
00632R,元大台灣50反1,20,0,20,高橋,2023-10-17,5320
00893,國泰智能電動車,20,0,20,高橋,2023-10-17,5320
00687B,國泰20年美債,20,0,20,高橋,2023-10-17,5320
00633L,富邦上証正2,20,0,20,高橋,2023-10-17,5320
1455,集盛,20,0,20,高橋,2023-10-17,5320
3231,緯創,97,77,20,高橋,2023-10-17,5320
00753L,中信中國50正2,18,0,18,高橋,2023-10-17,5320
3325,旭品,23,5,18,高橋,2023-10-17,5320
3025,星通,30,12,18,高橋,2023-10-17,5320
2382,廣達,33,16,17,高橋,2023-10-17,5320
3706,神達,20,3,17,高橋,2023-10-17,5320
2883,凱基金,16,0,16,高橋,2023-10-17,5320
2498,宏達電,17,1,16,高橋,2023-10-17,5320
6104,創惟,15,0,15,高橋,2023-10-17,5320
4934,太極,16,1,15,高橋,2023-10-17,5320
3207,耀勝,15,0,15,高橋,2023-10-17,5320
2888,新光金,16,1,15,高橋,2023-10-17,5320
1504,東元,16,3,13,高橋,2023-10-17,5320
2402,毅嘉,16,3,13,高橋,2023-10-17,5320
2543,皇昌,26,13,13,高橋,2023-10-17,5320
3078,僑威,31,18,13,高橋,2023-10-17,5320
2301,光寶科,14,2,12,高橋,2023-10-17,5320
4938,和碩,13,1,12,高橋,2023-10-17,5320
2885,元大金,12,0,12,高橋,2023-10-17,5320
00907,永豐優息存股,17,5,12,高橋,2023-10-17,5320
1584,精剛,12,0,12,高橋,2023-10-17,5320
2399,映泰,12,0,12,高橋,2023-10-17,5320
3163,波若威,20,8,12,高橋,2023-10-17,5320
5215,科嘉-KY,17,6,11,高橋,2023-10-17,5320
1101,台泥,13,2,11,高橋,2023-10-17,5320
0056,元大高股息,201,3,198,高橋,2023-10-18,5320
00878,國泰永續高股息,219,57,162,高橋,2023-10-18,5320
00929,復華台灣科技優息,212,68,144,高橋,2023-10-18,5320
00720B,元大投資級公司債,104,0,104,高橋,2023-10-18,5320
2634,漢翔,103,11,92,高橋,2023-10-18,5320
00919,群益台灣精選高息,98,10,88,高橋,2023-10-18,5320
00922,國泰台灣領袖50,72,1,71,高橋,2023-10-18,5320
2382,廣達,125,66,59,高橋,2023-10-18,5320
2388,威盛,68,14,54,高橋,2023-10-18,5320
1447,力鵬,50,0,50,高橋,2023-10-18,5320
2867,三商壽,50,0,50,高橋,2023-10-18,5320
6168,宏齊,59,13,46,高橋,2023-10-18,5320
2409,友達,58,13,45,高橋,2023-10-18,5320
5351,鈺創,47,3,44,高橋,2023-10-18,5320
1101,台泥,41,1,40,高橋,2023-10-18,5320
3325,旭品,45,5,40,高橋,2023-10-18,5320
2363,矽統,56,16,40,高橋,2023-10-18,5320
2201,裕隆,45,6,39,高橋,2023-10-18,5320
2344,華邦電,42,3,39,高橋,2023-10-18,5320
3706,神達,42,4,38,高橋,2023-10-18,5320
6114,久威,36,2,34,高橋,2023-10-18,5320
00900,富邦特選高股息30,33,0,33,高橋,2023-10-18,5320
00687B,國泰20年美債,33,0,33,高橋,2023-10-18,5320
1815,富喬,47,15,32,高橋,2023-10-18,5320
6237,驊訊,39,8,31,高橋,2023-10-18,5320
00679B,元大美債20年,30,1,29,高橋,2023-10-18,5320
00905,FT臺灣Smart,29,0,29,高橋,2023-10-18,5320
2313,華通,40,11,29,高橋,2023-10-18,5320
4960,誠美材,30,3,27,高橋,2023-10-18,5320
2353,宏��,31,4,27,高橋,2023-10-18,5320
3062,建漢,27,0,27,高橋,2023-10-18,5320
6213,聯茂,27,1,26,高橋,2023-10-18,5320
3026,禾伸堂,26,0,26,高橋,2023-10-18,5320
6274,台燿,30,5,25,高橋,2023-10-18,5320
2002,中鋼,28,3,25,高橋,2023-10-18,5320
3017,奇鋐,33,9,24,高橋,2023-10-18,5320
2376,技嘉,41,17,24,高橋,2023-10-18,5320
2516,新建,24,0,24,高橋,2023-10-18,5320
3481,群創,36,13,23,高橋,2023-10-18,5320
2401,凌陽,39,17,22,高橋,2023-10-18,5320
3037,欣興,22,1,21,高橋,2023-10-18,5320
1711,永光,21,0,21,高橋,2023-10-18,5320
2812,台中銀,21,0,21,高橋,2023-10-18,5320
8358,金居,20,0,20,高橋,2023-10-18,5320
00673R,期元大S＆P原油反1,20,0,20,高橋,2023-10-18,5320
00907,永豐優息存股,20,0,20,高橋,2023-10-18,5320
2887,台新金,20,0,20,高橋,2023-10-18,5320
2355,敬鵬,23,3,20,高橋,2023-10-18,5320
2486,一詮,21,1,20,高橋,2023-10-18,5320
2610,華航,25,6,19,高橋,2023-10-18,5320
0056,元大高股息,236,15,221,高橋,2023-10-19,5320
2312,金寶,203,2,201,高橋,2023-10-19,5320
00878,國泰永續高股息,140,4,136,高橋,2023-10-19,5320
1101,台泥,91,0,91,高橋,2023-10-19,5320
2888,新光金,107,20,87,高橋,2023-10-19,5320
00933B,國泰10Y+金融債,82,0,82,高橋,2023-10-19,5320
00712,復華富時不動產,76,0,76,高橋,2023-10-19,5320
1473,台南,52,0,52,高橋,2023-10-19,5320
00637L,元大滬深300正2,52,1,51,高橋,2023-10-19,5320
00929,復華台灣科技優息,68,19,49,高橋,2023-10-19,5320
1305,華夏,39,0,39,高橋,2023-10-19,5320
00885,富邦越南,34,0,34,高橋,2023-10-19,5320
00753L,中信中國50正2,30,0,30,高橋,2023-10-19,5320
00922,國泰台灣領袖50,30,2,28,高橋,2023-10-19,5320
3706,神達,46,20,26,高橋,2023-10-19,5320
3041,揚智,47,22,25,高橋,2023-10-19,5320
00931B,統一美債20年,25,0,25,高橋,2023-10-19,5320
2317,鴻海,40,15,25,高橋,2023-10-19,5320
1815,富喬,29,5,24,高橋,2023-10-19,5320
4126,太醫,24,0,24,高橋,2023-10-19,5320
2882,國泰金,23,0,23,高橋,2023-10-19,5320
1584,精剛,23,0,23,高橋,2023-10-19,5320
2409,友達,22,0,22,高橋,2023-10-19,5320
00679B,元大美債20年,22,0,22,高橋,2023-10-19,5320
2458,義隆,22,1,21,高橋,2023-10-19,5320
2610,華航,25,5,20,高橋,2023-10-19,5320
1303,南亞,18,0,18,高橋,2023-10-19,5320
00720B,元大投資級公司債,23,5,18,高橋,2023-10-19,5320
2363,矽統,26,8,18,高橋,2023-10-19,5320
2356,英業達,25,10,15,高橋,2023-10-19,5320
2353,宏��,15,0,15,高橋,2023-10-19,5320
00725B,國泰投資級公司債,14,0,14,高橋,2023-10-19,5320
2002,中鋼,15,1,14,高橋,2023-10-19,5320
1324,地球,31,17,14,高橋,2023-10-19,5320
00751B,元大AAA至A公司債,16,2,14,高橋,2023-10-19,5320
2329,華泰,46,32,14,高橋,2023-10-19,5320
3709,鑫聯大投控,15,2,13,高橋,2023-10-19,5320
2392,正崴,12,0,12,高橋,2023-10-19,5320
6282,康舒,12,0,12,高橋,2023-10-19,5320
6148,驊宏資,12,0,12,高橋,2023-10-19,5320
3711,日月光投控,15,3,12,高橋,2023-10-19,5320
2886,兆豐金,12,0,12,高橋,2023-10-19,5320
2371,大同,11,0,11,高橋,2023-10-19,5320
6269,台郡,11,0,11,高橋,2023-10-19,5320
2543,皇昌,11,0,11,高橋,2023-10-19,5320
1522,堤維西,12,1,11,高橋,2023-10-19,5320
1326,台化,13,2,11,高橋,2023-10-19,5320
00915,凱基優選高股息30,11,0,11,高橋,2023-10-19,5320
2355,敬鵬,11,0,11,高橋,2023-10-19,5320
2323,中環,10,0,10,高橋,2023-10-19,5320
00637L,元大滬深300正2,332,0,332,高橋,2023-10-20,5320
00712,復華富時不動產,140,0,140,高橋,2023-10-20,5320
00929,復華台灣科技優息,137,11,126,高橋,2023-10-20,5320
1785,光洋科,109,7,102,高橋,2023-10-20,5320
00857B,永豐20年美公債,55,0,55,高橋,2023-10-20,5320
00900,富邦特選高股息30,59,5,54,高橋,2023-10-20,5320
0056,元大高股息,81,33,48,高橋,2023-10-20,5320
2634,漢翔,69,23,46,高橋,2023-10-20,5320
2516,新建,91,48,43,高橋,2023-10-20,5320
1314,中石化,40,0,40,高橋,2023-10-20,5320
00919,群益台灣精選高息,45,6,39,高橋,2023-10-20,5320
2618,長榮航,44,8,36,高橋,2023-10-20,5320
00933B,國泰10Y+金融債,35,0,35,高橋,2023-10-20,5320
2630,亞航,34,0,34,高橋,2023-10-20,5320
00665L,富邦�琤肭磪囓�2,30,0,30,高橋,2023-10-20,5320
6187,萬潤,32,3,29,高橋,2023-10-20,5320
8069,元太,26,0,26,高橋,2023-10-20,5320
1324,地球,74,48,26,高橋,2023-10-20,5320
2888,新光金,25,0,25,高橋,2023-10-20,5320
2324,仁寶,25,0,25,高橋,2023-10-20,5320
2405,輔信,25,0,25,高橋,2023-10-20,5320
6235,華孚,35,11,24,高橋,2023-10-20,5320
2887,台新金,23,0,23,高橋,2023-10-20,5320
3094,聯傑,35,12,23,高橋,2023-10-20,5320
6770,力積電,27,5,22,高橋,2023-10-20,5320
5009,榮剛,37,15,22,高橋,2023-10-20,5320
2002,中鋼,30,9,21,高橋,2023-10-20,5320
1304,台聚,21,0,21,高橋,2023-10-20,5320
1307,三芳,21,0,21,高橋,2023-10-20,5320
3481,群創,23,3,20,高橋,2023-10-20,5320
1752,南光,20,0,20,高橋,2023-10-20,5320
2412,中華電,20,0,20,高橋,2023-10-20,5320
2380,虹光,20,0,20,高橋,2023-10-20,5320
2538,基泰,20,0,20,高橋,2023-10-20,5320
00723B,群益投資級科技債,20,0,20,高橋,2023-10-20,5320
8358,金居,36,17,19,高橋,2023-10-20,5320
2355,敬鵬,19,0,19,高橋,2023-10-20,5320
00650L,復華香港正2,18,0,18,高橋,2023-10-20,5320
3041,揚智,53,37,16,高橋,2023-10-20,5320
3013,晟銘電,18,3,15,高橋,2023-10-20,5320
00907,永豐優息存股,14,0,14,高橋,2023-10-20,5320
9950,萬國通,21,7,14,高橋,2023-10-20,5320
2882,國泰金,14,1,13,高橋,2023-10-20,5320
2317,鴻海,18,5,13,高橋,2023-10-20,5320
2201,裕隆,13,0,13,高橋,2023-10-20,5320
6282,康舒,14,1,13,高橋,2023-10-20,5320
00687B,國泰20年美債,14,1,13,高橋,2023-10-20,5320
6186,新潤,13,0,13,高橋,2023-10-20,5320
2204,中華,13,0,13,高橋,2023-10-20,5320
3450,聯鈞,14,1,13,高橋,2023-10-20,5320
00931B,統一美債20年,900,0,900,高橋,2023-10-23,5320
5009,榮剛,89,4,85,高橋,2023-10-23,5320
2317,鴻海,120,36,84,高橋,2023-10-23,5320
2489,瑞軒,70,0,70,高橋,2023-10-23,5320
00723B,群益投資級科技債,60,0,60,高橋,2023-10-23,5320
6695,芯鼎,56,6,50,高橋,2023-10-23,5320
00878,國泰永續高股息,61,11,50,高橋,2023-10-23,5320
4944,兆遠,46,1,45,高橋,2023-10-23,5320
00712,復華富時不動產,89,46,43,高橋,2023-10-23,5320
00929,復華台灣科技優息,59,19,40,高橋,2023-10-23,5320
2891,中信金,40,0,40,高橋,2023-10-23,5320
2409,友達,39,0,39,高橋,2023-10-23,5320
2002,中鋼,33,2,31,高橋,2023-10-23,5320
00720B,元大投資級公司債,30,0,30,高橋,2023-10-23,5320
00933B,國泰10Y+金融債,30,0,30,高橋,2023-10-23,5320
1301,台塑,29,0,29,高橋,2023-10-23,5320
3715,定穎投控,48,20,28,高橋,2023-10-23,5320
8176,智捷,31,3,28,高橋,2023-10-23,5320
2363,矽統,36,10,26,高橋,2023-10-23,5320
3176,基亞,29,3,26,高橋,2023-10-23,5320
2402,毅嘉,32,7,25,高橋,2023-10-23,5320
00650L,復華香港正2,24,0,24,高橋,2023-10-23,5320
6213,聯茂,21,1,20,高橋,2023-10-23,5320
3362,先進光,22,2,20,高橋,2023-10-23,5320
2606,裕民,19,1,18,高橋,2023-10-23,5320
3051,力特,30,12,18,高橋,2023-10-23,5320
2883,凱基金,17,0,17,高橋,2023-10-23,5320
2412,中華電,15,0,15,高橋,2023-10-23,5320
2330,台積電,15,1,14,高橋,2023-10-23,5320
1605,華新,15,1,14,高橋,2023-10-23,5320
1723,中碳,18,4,14,高橋,2023-10-23,5320
00680L,元大美債20正2,13,0,13,高橋,2023-10-23,5320
00631L,元大台灣50正2,13,0,13,高橋,2023-10-23,5320
8069,元太,13,1,12,高橋,2023-10-23,5320
2356,英業達,19,8,11,高橋,2023-10-23,5320
00753L,中信中國50正2,36,25,11,高橋,2023-10-23,5320
1609,大亞,15,4,11,高橋,2023-10-23,5320
2338,光罩,11,1,10,高橋,2023-10-23,5320
6189,豐藝,10,0,10,高橋,2023-10-23,5320
2610,華航,26,16,10,高橋,2023-10-23,5320
3207,耀勝,10,0,10,高橋,2023-10-23,5320
4909,新復興,10,0,10,高橋,2023-10-23,5320
3711,日月光投控,10,0,10,高橋,2023-10-23,5320
5434,崇越,10,0,10,高橋,2023-10-23,5320
4126,太醫,10,0,10,高橋,2023-10-23,5320
2633,台灣高鐵,10,0,10,高橋,2023-10-23,5320
3664,安瑞-KY,10,0,10,高橋,2023-10-23,5320
5521,工信,10,0,10,高橋,2023-10-23,5320
2392,正崴,10,0,10,高橋,2023-10-23,5320
2301,光寶科,11,1,10,高橋,2023-10-23,5320
00655L,國泰中國A50正2,164,0,164,高橋,2023-10-24,5320
00929,復華台灣科技優息,179,45,134,高橋,2023-10-24,5320
2880,華南金,100,0,100,高橋,2023-10-24,5320
2317,鴻海,134,47,87,高橋,2023-10-24,5320
00712,復華富時不動產,91,10,81,高橋,2023-10-24,5320
2002,中鋼,88,12,76,高橋,2023-10-24,5320
2883,凱基金,67,3,64,高橋,2023-10-24,5320
00665L,富邦�琤肭磪囓�2,60,0,60,高橋,2023-10-24,5320
3483,力致,53,1,52,高橋,2023-10-24,5320
3372,典範,58,8,50,高橋,2023-10-24,5320
2891,中信金,37,0,37,高橋,2023-10-24,5320
2618,長榮航,43,8,35,高橋,2023-10-24,5320
2303,聯電,50,16,34,高橋,2023-10-24,5320
0056,元大高股息,47,14,33,高橋,2023-10-24,5320
00687B,國泰20年美債,33,0,33,高橋,2023-10-24,5320
1308,亞聚,30,0,30,高橋,2023-10-24,5320
00878,國泰永續高股息,48,20,28,高橋,2023-10-24,5320
2409,友達,29,2,27,高橋,2023-10-24,5320
2834,臺企銀,26,0,26,高橋,2023-10-24,5320
5608,四維航,26,0,26,高橋,2023-10-24,5320
2884,玉山金,25,0,25,高橋,2023-10-24,5320
00679B,元大美債20年,25,1,24,高橋,2023-10-24,5320
2610,華航,24,1,23,高橋,2023-10-24,5320
6168,宏齊,167,144,23,高橋,2023-10-24,5320
3481,群創,23,1,22,高橋,2023-10-24,5320
3711,日月光投控,22,0,22,高橋,2023-10-24,5320
1305,華夏,21,0,21,高橋,2023-10-24,5320
2881,富邦金,22,1,21,高橋,2023-10-24,5320
8183,精星,20,0,20,高橋,2023-10-24,5320
8033,雷虎,20,0,20,高橋,2023-10-24,5320
00933B,國泰10Y+金融債,20,0,20,高橋,2023-10-24,5320
2208,台船,20,0,20,高橋,2023-10-24,5320
2352,佳世達,19,1,18,高橋,2023-10-24,5320
3260,威剛,25,8,17,高橋,2023-10-24,5320
5009,榮剛,17,1,16,高橋,2023-10-24,5320
1721,三晃,44,29,15,高橋,2023-10-24,5320
00919,群益台灣精選高息,17,4,13,高橋,2023-10-24,5320
6576,逸達,13,0,13,高橋,2023-10-24,5320
00850,元大臺灣ESG永續,12,0,12,高橋,2023-10-24,5320
1711,永光,16,4,12,高橋,2023-10-24,5320
00932,兆豐永續高息等權,11,0,11,高橋,2023-10-24,5320
00881,國泰台灣5G+,11,0,11,高橋,2023-10-24,5320
1609,大亞,13,2,11,高橋,2023-10-24,5320
6122,擎邦,11,0,11,高橋,2023-10-24,5320
2371,大同,13,2,11,高橋,2023-10-24,5320
2633,台灣高鐵,10,0,10,高橋,2023-10-24,5320
4931,新盛力,10,0,10,高橋,2023-10-24,5320
2367,燿華,10,0,10,高橋,2023-10-24,5320
2025,千興,10,0,10,高橋,2023-10-24,5320
1522,堤維西,10,0,10,高橋,2023-10-24,5320
00878,國泰永續高股息,129,0,129,高橋,2023-10-25,5320
0056,元大高股息,107,35,72,高橋,2023-10-25,5320
00712,復華富時不動產,57,1,56,高橋,2023-10-25,5320
2371,大同,51,1,50,高橋,2023-10-25,5320
3260,威剛,57,10,47,高橋,2023-10-25,5320
1402,遠東新,45,0,45,高橋,2023-10-25,5320
3025,星通,57,19,38,高橋,2023-10-25,5320
8110,華東,81,47,34,高橋,2023-10-25,5320
6114,久威,33,1,32,高橋,2023-10-25,5320
8150,南茂,37,5,32,高橋,2023-10-25,5320
6229,研通,31,1,30,高橋,2023-10-25,5320
2883,凱基金,35,5,30,高橋,2023-10-25,5320
1785,光洋科,31,2,29,高橋,2023-10-25,5320
9105,泰金寶-DR,32,3,29,高橋,2023-10-25,5320
3483,力致,28,3,25,高橋,2023-10-25,5320
2337,旺宏,31,6,25,高橋,2023-10-25,5320
6213,聯茂,25,1,24,高橋,2023-10-25,5320
00929,復華台灣科技優息,39,15,24,高橋,2023-10-25,5320
8040,九暘,24,2,22,高橋,2023-10-25,5320
6235,華孚,22,1,21,高橋,2023-10-25,5320
3481,群創,29,9,20,高橋,2023-10-25,5320
6161,捷波,20,0,20,高橋,2023-10-25,5320
1419,新紡,20,0,20,高橋,2023-10-25,5320
3276,宇環,20,0,20,高橋,2023-10-25,5320
2023,燁輝,20,0,20,高橋,2023-10-25,5320
00933B,國泰10Y+金融債,20,0,20,高橋,2023-10-25,5320
2382,廣達,39,22,17,高橋,2023-10-25,5320
2543,皇昌,50,33,17,高橋,2023-10-25,5320
1609,大亞,15,0,15,高橋,2023-10-25,5320
2356,英業達,18,3,15,高橋,2023-10-25,5320
9955,佳龍,17,3,14,高橋,2023-10-25,5320
3038,全台,14,0,14,高橋,2023-10-25,5320
4906,正文,14,0,14,高橋,2023-10-25,5320
00902,中信電池及儲能,14,0,14,高橋,2023-10-25,5320
2891,中信金,22,11,11,高橋,2023-10-25,5320
2890,永豐金,11,0,11,高橋,2023-10-25,5320
5880,合庫金,13,2,11,高橋,2023-10-25,5320
2886,兆豐金,12,1,11,高橋,2023-10-25,5320
4904,遠傳,10,0,10,高橋,2023-10-25,5320
1108,幸福,10,0,10,高橋,2023-10-25,5320
00680L,元大美債20正2,10,0,10,高橋,2023-10-25,5320
2618,長榮航,13,3,10,高橋,2023-10-25,5320
5272,笙科,13,3,10,高橋,2023-10-25,5320
6160,欣技,10,0,10,高橋,2023-10-25,5320
2427,三商電,40,30,10,高橋,2023-10-25,5320
4142,國光生,10,0,10,高橋,2023-10-25,5320
2301,光寶科,15,5,10,高橋,2023-10-25,5320
00751B,元大AAA至A公司債,10,0,10,高橋,2023-10-25,5320
1524,耿鼎,83,74,9,高橋,2023-10-25,5320
3163,波若威,11,2,9,高橋,2023-10-25,5320
00919,群益台灣精選高息,358,6,352,高橋,2023-10-26,5320
00929,復華台灣科技優息,238,1,237,高橋,2023-10-26,5320
0056,元大高股息,84,5,79,高橋,2023-10-26,5320
2303,聯電,86,7,79,高橋,2023-10-26,5320
00712,復華富時不動產,75,0,75,高橋,2023-10-26,5320
00753L,中信中國50正2,66,0,66,高橋,2023-10-26,5320
2344,華邦電,64,1,63,高橋,2023-10-26,5320
2371,大同,55,0,55,高橋,2023-10-26,5320
2886,兆豐金,55,1,54,高橋,2023-10-26,5320
3481,群創,60,15,45,高橋,2023-10-26,5320
3450,聯鈞,46,3,43,高橋,2023-10-26,5320
2330,台積電,45,3,42,高橋,2023-10-26,5320
2618,長榮航,41,5,36,高橋,2023-10-26,5320
2465,麗臺,34,2,32,高橋,2023-10-26,5320
3363,上詮,45,14,31,高橋,2023-10-26,5320
2543,皇昌,32,1,31,高橋,2023-10-26,5320
2834,臺企銀,31,0,31,高橋,2023-10-26,5320
00885,富邦越南,30,0,30,高橋,2023-10-26,5320
2399,映泰,31,2,29,高橋,2023-10-26,5320
1785,光洋科,31,3,28,高橋,2023-10-26,5320
00922,國泰台灣領袖50,26,0,26,高橋,2023-10-26,5320
2515,中工,25,2,23,高橋,2023-10-26,5320
2332,友訊,27,4,23,高橋,2023-10-26,5320
2408,南亞科,23,1,22,高橋,2023-10-26,5320
1721,三晃,46,24,22,高橋,2023-10-26,5320
2892,第一金,23,1,22,高橋,2023-10-26,5320
3078,僑威,23,2,21,高橋,2023-10-26,5320
2313,華通,31,10,21,高橋,2023-10-26,5320
2009,第一銅,20,1,19,高橋,2023-10-26,5320
8358,金居,24,6,18,高橋,2023-10-26,5320
3105,穩懋,18,0,18,高橋,2023-10-26,5320
1301,台塑,18,0,18,高橋,2023-10-26,5320
3675,德微,18,0,18,高橋,2023-10-26,5320
00905,FT臺灣Smart,17,0,17,高橋,2023-10-26,5320
5351,鈺創,18,1,17,高橋,2023-10-26,5320
1419,新紡,17,0,17,高橋,2023-10-26,5320
2485,兆赫,23,6,17,高橋,2023-10-26,5320
2338,光罩,15,0,15,高橋,2023-10-26,5320
00932,兆豐永續高息等權,14,0,14,高橋,2023-10-26,5320
2317,鴻海,21,8,13,高橋,2023-10-26,5320
2388,威盛,17,4,13,高橋,2023-10-26,5320
2409,友達,16,3,13,高橋,2023-10-26,5320
1471,首利,14,1,13,高橋,2023-10-26,5320
2610,華航,22,10,12,高橋,2023-10-26,5320
6485,點序,15,4,11,高橋,2023-10-26,5320
2108,南帝,11,0,11,高橋,2023-10-26,5320
2887,台新金,11,0,11,高橋,2023-10-26,5320
2640,大車隊,11,0,11,高橋,2023-10-26,5320
0050,元大台灣50,11,1,10,高橋,2023-10-26,5320
1736,喬山,10,0,10,高橋,2023-10-26,5320
1802,台玻,100,0,100,高橋,2023-10-27,5320
00929,復華台灣科技優息,143,53,90,高橋,2023-10-27,5320
00900,富邦特選高股息30,53,0,53,高橋,2023-10-27,5320
3037,欣興,68,20,48,高橋,2023-10-27,5320
00712,復華富時不動產,42,0,42,高橋,2023-10-27,5320
00680L,元大美債20正2,41,0,41,高橋,2023-10-27,5320
3058,立德,40,0,40,高橋,2023-10-27,5320
00919,群益台灣精選高息,42,2,40,高橋,2023-10-27,5320
2883,凱基金,35,0,35,高橋,2023-10-27,5320
00885,富邦越南,33,0,33,高橋,2023-10-27,5320
2408,南亞科,29,0,29,高橋,2023-10-27,5320
2610,華航,60,34,26,高橋,2023-10-27,5320
4960,誠美材,25,0,25,高橋,2023-10-27,5320
2457,飛宏,22,0,22,高橋,2023-10-27,5320
2344,華邦電,22,3,19,高橋,2023-10-27,5320
2369,菱生,19,2,17,高橋,2023-10-27,5320
2317,鴻海,26,10,16,高橋,2023-10-27,5320
2313,華通,15,0,15,高橋,2023-10-27,5320
1605,華新,15,0,15,高橋,2023-10-27,5320
1603,華電,14,0,14,高橋,2023-10-27,5320
8358,金居,16,3,13,高橋,2023-10-27,5320
00720B,元大投資級公司債,17,5,12,高橋,2023-10-27,5320
3675,德微,13,1,12,高橋,2023-10-27,5320
2630,亞航,11,0,11,高橋,2023-10-27,5320
2634,漢翔,10,0,10,高橋,2023-10-27,5320
1909,榮成,10,0,10,高橋,2023-10-27,5320
00902,中信電池及儲能,10,0,10,高橋,2023-10-27,5320
9904,寶成,10,0,10,高橋,2023-10-27,5320
5521,工信,10,0,10,高橋,2023-10-27,5320
1604,聲寶,10,0,10,高橋,2023-10-27,5320
2201,裕隆,10,1,9,高橋,2023-10-27,5320
2337,旺宏,18,9,9,高橋,2023-10-27,5320
4133,亞諾法,10,1,9,高橋,2023-10-27,5320
2329,華泰,43,34,9,高橋,2023-10-27,5320
2002,中鋼,11,2,9,高橋,2023-10-27,5320
3260,威剛,32,24,8,高橋,2023-10-27,5320
3189,景碩,9,1,8,高橋,2023-10-27,5320
00878,國泰永續高股息,26,18,8,高橋,2023-10-27,5320
5225,東科-KY,8,0,8,高橋,2023-10-27,5320
3276,宇環,19,11,8,高橋,2023-10-27,5320
1515,力山,8,0,8,高橋,2023-10-27,5320
2486,一詮,8,0,8,高橋,2023-10-27,5320
2382,廣達,19,11,8,高橋,2023-10-27,5320
2206,三陽工業,7,0,7,高橋,2023-10-27,5320
1471,首利,13,6,7,高橋,2023-10-27,5320
1806,冠軍,7,0,7,高橋,2023-10-27,5320
6244,茂迪,7,0,7,高橋,2023-10-27,5320
8240,華宏,7,0,7,高橋,2023-10-27,5320
5284,jpp-KY,6,0,6,高橋,2023-10-27,5320
6576,逸達,8,2,6,高橋,2023-10-27,5320
00680L,元大美債20正2,613,0,613,高橋,2023-10-30,5320
00929,復華台灣科技優息,116,28,88,高橋,2023-10-30,5320
2883,凱基金,83,36,47,高橋,2023-10-30,5320
2834,臺企銀,41,0,41,高橋,2023-10-30,5320
6188,廣明,40,0,40,高橋,2023-10-30,5320
2891,中信金,43,3,40,高橋,2023-10-30,5320
2881,富邦金,38,0,38,高橋,2023-10-30,5320
6292,迅德,38,1,37,高橋,2023-10-30,5320
4306,炎洲,40,5,35,高橋,2023-10-30,5320
2485,兆赫,51,16,35,高橋,2023-10-30,5320
3576,聯合再生,49,17,32,高橋,2023-10-30,5320
9955,佳龍,62,30,32,高橋,2023-10-30,5320
6418,詠昇,32,1,31,高橋,2023-10-30,5320
1455,集盛,30,0,30,高橋,2023-10-30,5320
2303,聯電,40,11,29,高橋,2023-10-30,5320
6282,康舒,33,5,28,高橋,2023-10-30,5320
00712,復華富時不動產,27,0,27,高橋,2023-10-30,5320
00878,國泰永續高股息,38,14,24,高橋,2023-10-30,5320
00885,富邦越南,24,0,24,高橋,2023-10-30,5320
00631L,元大台灣50正2,23,0,23,高橋,2023-10-30,5320
2363,矽統,31,9,22,高橋,2023-10-30,5320
00679B,元大美債20年,22,0,22,高橋,2023-10-30,5320
2886,兆豐金,21,0,21,高橋,2023-10-30,5320
4142,國光生,21,0,21,高橋,2023-10-30,5320
3268,海德威,21,0,21,高橋,2023-10-30,5320
00720B,元大投資級公司債,21,0,21,高橋,2023-10-30,5320
1711,永光,20,0,20,高橋,2023-10-30,5320
6113,亞矽,19,2,17,高橋,2023-10-30,5320
2618,長榮航,32,15,17,高橋,2023-10-30,5320
3438,類比科,19,2,17,高橋,2023-10-30,5320
2390,云辰,49,35,14,高橋,2023-10-30,5320
4960,誠美材,17,3,14,高橋,2023-10-30,5320
2312,金寶,24,11,13,高橋,2023-10-30,5320
2542,興富發,13,0,13,高橋,2023-10-30,5320
3711,日月光投控,11,0,11,高橋,2023-10-30,5320
1522,堤維西,11,0,11,高橋,2023-10-30,5320
00931B,統一美債20年,11,0,11,高橋,2023-10-30,5320
2409,友達,22,12,10,高橋,2023-10-30,5320
2356,英業達,20,10,10,高橋,2023-10-30,5320
2481,強茂,10,0,10,高橋,2023-10-30,5320
5243,乙盛-KY,10,0,10,高橋,2023-10-30,5320
1465,偉全,10,0,10,高橋,2023-10-30,5320
8089,康全電訊,10,0,10,高橋,2023-10-30,5320
00751B,元大AAA至A公司債,10,0,10,高橋,2023-10-30,5320
6233,旺玖,12,2,10,高橋,2023-10-30,5320
2419,仲琦,10,0,10,高橋,2023-10-30,5320
2368,金像電,12,3,9,高橋,2023-10-30,5320
3325,旭品,12,3,9,高橋,2023-10-30,5320
2882,國泰金,9,0,9,高橋,2023-10-30,5320
3443,創意,10,1,9,高橋,2023-10-30,5320
2498,宏達電,116,3,113,高橋,2023-10-31,5320
2812,台中銀,101,12,89,高橋,2023-10-31,5320
1802,台玻,80,0,80,高橋,2023-10-31,5320
00929,復華台灣科技優息,99,20,79,高橋,2023-10-31,5320
00878,國泰永續高股息,94,23,71,高橋,2023-10-31,5320
00665L,富邦�琤肭磪囓�2,61,0,61,高橋,2023-10-31,5320
1605,華新,58,0,58,高橋,2023-10-31,5320
1603,華電,57,0,57,高橋,2023-10-31,5320
4960,誠美材,56,4,52,高橋,2023-10-31,5320
00919,群益台灣精選高息,60,14,46,高橋,2023-10-31,5320
3363,上詮,43,1,42,高橋,2023-10-31,5320
00723B,群益投資級科技債,40,0,40,高橋,2023-10-31,5320
2886,兆豐金,42,2,40,高橋,2023-10-31,5320
2313,華通,61,27,34,高橋,2023-10-31,5320
2610,華航,42,9,33,高橋,2023-10-31,5320
3078,僑威,32,1,31,高橋,2023-10-31,5320
2516,新建,31,0,31,高橋,2023-10-31,5320
2634,漢翔,30,2,28,高橋,2023-10-31,5320
3231,緯創,77,51,26,高橋,2023-10-31,5320
00753L,中信中國50正2,24,0,24,高橋,2023-10-31,5320
3576,聯合再生,37,13,24,高橋,2023-10-31,5320
00650L,復華香港正2,24,0,24,高橋,2023-10-31,5320
2388,威盛,36,14,22,高橋,2023-10-31,5320
9945,潤泰新,22,0,22,高橋,2023-10-31,5320
0056,元大高股息,99,77,22,高橋,2023-10-31,5320
2481,強茂,32,11,21,高橋,2023-10-31,5320
2329,華泰,36,15,21,高橋,2023-10-31,5320
3059,華晶科,25,5,20,高橋,2023-10-31,5320
2303,聯電,32,13,19,高橋,2023-10-31,5320
6129,普誠,19,0,19,高橋,2023-10-31,5320
1301,台塑,18,0,18,高橋,2023-10-31,5320
3268,海德威,18,0,18,高橋,2023-10-31,5320
2515,中工,23,6,17,高橋,2023-10-31,5320
3325,旭品,19,2,17,高橋,2023-10-31,5320
4904,遠傳,20,4,16,高橋,2023-10-31,5320
00712,復華富時不動產,17,2,15,高橋,2023-10-31,5320
2025,千興,15,1,14,高橋,2023-10-31,5320
3094,聯傑,18,4,14,高橋,2023-10-31,5320
2371,大同,21,7,14,高橋,2023-10-31,5320
3587,閎康,14,0,14,高橋,2023-10-31,5320
6188,廣明,16,3,13,高橋,2023-10-31,5320
3002,歐格,13,0,13,高橋,2023-10-31,5320
3005,神基,13,0,13,高橋,2023-10-31,5320
2891,中信金,13,0,13,高橋,2023-10-31,5320
4401,東隆興,12,0,12,高橋,2023-10-31,5320
00772B,中信高評級公司債,13,1,12,高橋,2023-10-31,5320
3450,聯鈞,17,5,12,高橋,2023-10-31,5320
2382,廣達,73,62,11,高橋,2023-10-31,5320
2330,台積電,12,1,11,高橋,2023-10-31,5320
3028,增你強,11,0,11,高橋,2023-10-31,5320
00929,復華台灣科技優息,172,1,171,高橋,2023-11-01,5320
00934,中信成長高股息,149,0,149,高橋,2023-11-01,5320
00878,國泰永續高股息,108,1,107,高橋,2023-11-01,5320
6182,合晶,100,1,99,高橋,2023-11-01,5320
2610,華航,101,31,70,高橋,2023-11-01,5320
1337,再生-KY,50,0,50,高橋,2023-11-01,5320
2344,華邦電,50,1,49,高橋,2023-11-01,5320
0056,元大高股息,46,3,43,高橋,2023-11-01,5320
2401,凌陽,45,10,35,高橋,2023-11-01,5320
00885,富邦越南,35,0,35,高橋,2023-11-01,5320
1603,華電,26,0,26,高橋,2023-11-01,5320
6282,康舒,26,2,24,高橋,2023-11-01,5320
6443,元晶,24,3,21,高橋,2023-11-01,5320
00720B,元大投資級公司債,21,0,21,高橋,2023-11-01,5320
4543,萬在,21,0,21,高橋,2023-11-01,5320
00712,復華富時不動產,21,2,19,高橋,2023-11-01,5320
6173,信昌電,23,7,16,高橋,2023-11-01,5320
2353,宏��,17,1,16,高橋,2023-11-01,5320
00935,野村臺灣新科技50,14,0,14,高橋,2023-11-01,5320
2618,長榮航,57,43,14,高橋,2023-11-01,5320
1605,華新,16,2,14,高橋,2023-11-01,5320
3176,基亞,15,1,14,高橋,2023-11-01,5320
1815,富喬,57,44,13,高橋,2023-11-01,5320
8432,東生華,13,0,13,高橋,2023-11-01,5320
00753L,中信中國50正2,12,0,12,高橋,2023-11-01,5320
4915,致伸,12,0,12,高橋,2023-11-01,5320
1449,佳和,12,0,12,高橋,2023-11-01,5320
2390,云辰,13,1,12,高橋,2023-11-01,5320
3105,穩懋,23,11,12,高橋,2023-11-01,5320
3260,威剛,19,8,11,高橋,2023-11-01,5320
4960,誠美材,11,0,11,高橋,2023-11-01,5320
00679B,元大美債20年,14,3,11,高橋,2023-11-01,5320
2201,裕隆,13,2,11,高橋,2023-11-01,5320
2409,友達,13,2,11,高橋,2023-11-01,5320
2816,旺旺保,10,0,10,高橋,2023-11-01,5320
8044,網家,10,0,10,高橋,2023-11-01,5320
2891,中信金,10,0,10,高橋,2023-11-01,5320
9904,寶成,10,0,10,高橋,2023-11-01,5320
00933B,國泰10Y+金融債,10,0,10,高橋,2023-11-01,5320
00687B,國泰20年美債,10,0,10,高橋,2023-11-01,5320
2481,強茂,10,0,10,高橋,2023-11-01,5320
2887,台新金,10,1,9,高橋,2023-11-01,5320
6235,華孚,28,19,9,高橋,2023-11-01,5320
2317,鴻海,42,33,9,高橋,2023-11-01,5320
3481,群創,28,20,8,高橋,2023-11-01,5320
00919,群益台灣精選高息,9,1,8,高橋,2023-11-01,5320
1721,三晃,8,0,8,高橋,2023-11-01,5320
3013,晟銘電,8,0,8,高橋,2023-11-01,5320
6191,精成科,10,3,7,高橋,2023-11-01,5320
5009,榮剛,7,0,7,高橋,2023-11-01,5320
2402,毅嘉,123,0,123,高橋,2023-11-02,5320
00900,富邦特選高股息30,150,33,117,高橋,2023-11-02,5320
2363,矽統,110,35,75,高橋,2023-11-02,5320
2409,友達,102,37,65,高橋,2023-11-02,5320
1603,華電,60,0,60,高橋,2023-11-02,5320
1337,再生-KY,50,0,50,高橋,2023-11-02,5320
2543,皇昌,62,22,40,高橋,2023-11-02,5320
00878,國泰永續高股息,40,9,31,高橋,2023-11-02,5320
00935,野村臺灣新科技50,30,0,30,高橋,2023-11-02,5320
00712,復華富時不動產,30,3,27,高橋,2023-11-02,5320
6282,康舒,34,7,27,高橋,2023-11-02,5320
6196,帆宣,30,5,25,高橋,2023-11-02,5320
3702,大聯大,23,1,22,高橋,2023-11-02,5320
8110,華東,21,0,21,高橋,2023-11-02,5320
2356,英業達,23,4,19,高橋,2023-11-02,5320
3706,神達,21,3,18,高橋,2023-11-02,5320
2338,光罩,17,0,17,高橋,2023-11-02,5320
00632R,元大台灣50反1,17,0,17,高橋,2023-11-02,5320
2838,聯邦銀,15,0,15,高橋,2023-11-02,5320
3094,聯傑,20,5,15,高橋,2023-11-02,5320
3576,聯合再生,13,0,13,高橋,2023-11-02,5320
00715L,期街口布蘭特正2,13,0,13,高橋,2023-11-02,5320
2358,廷鑫,16,3,13,高橋,2023-11-02,5320
2323,中環,12,0,12,高橋,2023-11-02,5320
1907,永豐餘,11,0,11,高橋,2023-11-02,5320
2867,三商壽,10,0,10,高橋,2023-11-02,5320
3013,晟銘電,13,3,10,高橋,2023-11-02,5320
6147,頎邦,10,0,10,高橋,2023-11-02,5320
1409,新纖,10,0,10,高橋,2023-11-02,5320
1419,新紡,10,0,10,高橋,2023-11-02,5320
5512,力麒,10,0,10,高橋,2023-11-02,5320
6129,普誠,10,0,10,高橋,2023-11-02,5320
1303,南亞,10,0,10,高橋,2023-11-02,5320
5529,鉅陞,10,0,10,高橋,2023-11-02,5320
6695,芯鼎,10,0,10,高橋,2023-11-02,5320
4142,國光生,10,0,10,高橋,2023-11-02,5320
9925,新保,10,0,10,高橋,2023-11-02,5320
6127,九豪,10,0,10,高橋,2023-11-02,5320
2208,台船,10,1,9,高橋,2023-11-02,5320
3032,偉訓,11,2,9,高橋,2023-11-02,5320
2888,新光金,11,2,9,高橋,2023-11-02,5320
6570,維田,9,0,9,高橋,2023-11-02,5320
1609,大亞,10,1,9,高橋,2023-11-02,5320
00933B,國泰10Y+金融債,8,0,8,高橋,2023-11-02,5320
2367,燿華,9,1,8,高橋,2023-11-02,5320
2748,雲品,10,2,8,高橋,2023-11-02,5320
00680L,元大美債20正2,8,0,8,高橋,2023-11-02,5320
2485,兆赫,11,4,7,高橋,2023-11-02,5320
2303,聯電,36,29,7,高橋,2023-11-02,5320
5353,台林,7,0,7,高橋,2023-11-02,5320
6116,彩晶,411,3,408,高橋,2023-11-03,5320
2888,新光金,95,6,89,高橋,2023-11-03,5320
2537,聯上發,60,2,58,高橋,2023-11-03,5320
00878,國泰永續高股息,84,38,46,高橋,2023-11-03,5320
2367,燿華,42,2,40,高橋,2023-11-03,5320
4142,國光生,36,0,36,高橋,2023-11-03,5320
8033,雷虎,34,1,33,高橋,2023-11-03,5320
1449,佳和,30,0,30,高橋,2023-11-03,5320
6282,康舒,27,0,27,高橋,2023-11-03,5320
00687B,國泰20年美債,36,9,27,高橋,2023-11-03,5320
2542,興富發,22,0,22,高橋,2023-11-03,5320
2363,矽統,145,124,21,高橋,2023-11-03,5320
00935,野村臺灣新科技50,22,1,21,高橋,2023-11-03,5320
3373,熱映,20,0,20,高橋,2023-11-03,5320
00680L,元大美債20正2,20,0,20,高橋,2023-11-03,5320
2458,義隆,25,5,20,高橋,2023-11-03,5320
3576,聯合再生,21,1,20,高橋,2023-11-03,5320
00720B,元大投資級公司債,18,0,18,高橋,2023-11-03,5320
8150,南茂,22,5,17,高橋,2023-11-03,5320
6133,金橋,16,0,16,高橋,2023-11-03,5320
3231,緯創,42,27,15,高橋,2023-11-03,5320
6117,迎廣,15,1,14,高橋,2023-11-03,5320
2881,富邦金,20,7,13,高橋,2023-11-03,5320
2406,國碩,12,0,12,高橋,2023-11-03,5320
1325,恆大,12,0,12,高橋,2023-11-03,5320
2356,英業達,16,4,12,高橋,2023-11-03,5320
6113,亞矽,11,0,11,高橋,2023-11-03,5320
2637,慧洋-KY,11,0,11,高橋,2023-11-03,5320
00751B,元大AAA至A公司債,12,1,11,高橋,2023-11-03,5320
2344,華邦電,12,1,11,高橋,2023-11-03,5320
4105,東洋,11,0,11,高橋,2023-11-03,5320
00919,群益台灣精選高息,17,6,11,高橋,2023-11-03,5320
4133,亞諾法,10,0,10,高橋,2023-11-03,5320
3205,佰研,10,0,10,高橋,2023-11-03,5320
1815,富喬,66,56,10,高橋,2023-11-03,5320
2515,中工,10,0,10,高橋,2023-11-03,5320
00915,凱基優選高股息30,10,0,10,高橋,2023-11-03,5320
5529,鉅陞,10,0,10,高橋,2023-11-03,5320
6695,芯鼎,11,1,10,高橋,2023-11-03,5320
3014,聯陽,10,0,10,高橋,2023-11-03,5320
8046,南電,9,0,9,高橋,2023-11-03,5320
6792,詠業,10,1,9,高橋,2023-11-03,5320
00902,中信電池及儲能,9,0,9,高橋,2023-11-03,5320
2915,潤泰全,10,1,9,高橋,2023-11-03,5320
2421,建準,10,1,9,高橋,2023-11-03,5320
2364,倫飛,10,1,9,高橋,2023-11-03,5320
9950,萬國通,14,5,9,高橋,2023-11-03,5320
6191,精成科,9,0,9,高橋,2023-11-03,5320
2317,鴻海,27,19,8,高橋,2023-11-03,5320
00669R,國泰美國道瓊反1,8,0,8,高橋,2023-11-03,5320
00632R,元大台灣50反1,618,5,613,高橋,2023-11-06,5320
2409,友達,509,160,349,高橋,2023-11-06,5320
1303,南亞,160,13,147,高橋,2023-11-06,5320
00712,復華富時不動產,90,3,87,高橋,2023-11-06,5320
00878,國泰永續高股息,83,31,52,高橋,2023-11-06,5320
2867,三商壽,50,0,50,高橋,2023-11-06,5320
6026,福邦證,50,0,50,高橋,2023-11-06,5320
5351,鈺創,46,4,42,高橋,2023-11-06,5320
00637L,元大滬深300正2,54,13,41,高橋,2023-11-06,5320
00720B,元大投資級公司債,39,0,39,高橋,2023-11-06,5320
2618,長榮航,51,21,30,高橋,2023-11-06,5320
2388,威盛,48,28,20,高橋,2023-11-06,5320
2002,中鋼,27,10,17,高橋,2023-11-06,5320
00680L,元大美債20正2,16,0,16,高橋,2023-11-06,5320
2883,凱基金,17,2,15,高橋,2023-11-06,5320
2408,南亞科,16,1,15,高橋,2023-11-06,5320
00687B,國泰20年美債,15,1,14,高橋,2023-11-06,5320
2376,技嘉,27,14,13,高橋,2023-11-06,5320
6282,康舒,27,15,12,高橋,2023-11-06,5320
2108,南帝,11,0,11,高橋,2023-11-06,5320
8048,德勝,11,0,11,高橋,2023-11-06,5320
1314,中石化,10,0,10,高橋,2023-11-06,5320
5009,榮剛,14,4,10,高橋,2023-11-06,5320
1308,亞聚,10,0,10,高橋,2023-11-06,5320
6133,金橋,12,2,10,高橋,2023-11-06,5320
00669R,國泰美國道瓊反1,10,0,10,高橋,2023-11-06,5320
1316,上曜,10,0,10,高橋,2023-11-06,5320
5236,凌陽創新,11,1,10,高橋,2023-11-06,5320
1785,光洋科,25,15,10,高橋,2023-11-06,5320
8150,南茂,9,0,9,高橋,2023-11-06,5320
2406,國碩,9,0,9,高橋,2023-11-06,5320
6182,合晶,8,0,8,高橋,2023-11-06,5320
1809,中釉,8,0,8,高橋,2023-11-06,5320
3715,定穎投控,12,4,8,高橋,2023-11-06,5320
3041,揚智,11,3,8,高橋,2023-11-06,5320
00922,國泰台灣領袖50,14,6,8,高橋,2023-11-06,5320
3325,旭品,15,7,8,高橋,2023-11-06,5320
6139,亞翔,28,21,7,高橋,2023-11-06,5320
2313,華通,9,2,7,高橋,2023-11-06,5320
5706,鳳凰,8,1,7,高橋,2023-11-06,5320
3029,零壹,10,3,7,高橋,2023-11-06,5320
2634,漢翔,9,2,7,高橋,2023-11-06,5320
8110,華東,10,3,7,高橋,2023-11-06,5320
2317,鴻海,18,11,7,高橋,2023-11-06,5320
2363,矽統,109,103,6,高橋,2023-11-06,5320
6477,安集,6,0,6,高橋,2023-11-06,5320
1609,大亞,6,0,6,高橋,2023-11-06,5320
5703,亞都,6,0,6,高橋,2023-11-06,5320
2891,中信金,6,0,6,高橋,2023-11-06,5320
00934,中信成長高股息,6,0,6,高橋,2023-11-06,5320
4167,松瑞藥,181,27,154,高橋,2023-11-07,5320
2201,裕隆,51,2,49,高橋,2023-11-07,5320
2498,宏達電,52,6,46,高橋,2023-11-07,5320
1449,佳和,66,20,46,高橋,2023-11-07,5320
2002,中鋼,50,6,44,高橋,2023-11-07,5320
00878,國泰永續高股息,45,3,42,高橋,2023-11-07,5320
2618,長榮航,85,45,40,高橋,2023-11-07,5320
2883,凱基金,36,1,35,高橋,2023-11-07,5320
1584,精剛,33,0,33,高橋,2023-11-07,5320
2634,漢翔,34,2,32,高橋,2023-11-07,5320
00753L,中信中國50正2,31,0,31,高橋,2023-11-07,5320
00688L,國泰20年美債正2,30,0,30,高橋,2023-11-07,5320
6282,康舒,36,9,27,高橋,2023-11-07,5320
2317,鴻海,24,1,23,高橋,2023-11-07,5320
1314,中石化,21,0,21,高橋,2023-11-07,5320
3287,廣寰科,20,0,20,高橋,2023-11-07,5320
6243,迅杰,25,5,20,高橋,2023-11-07,5320
00934,中信成長高股息,17,0,17,高橋,2023-11-07,5320
2421,建準,19,3,16,高橋,2023-11-07,5320
2486,一詮,15,0,15,高橋,2023-11-07,5320
3363,上詮,22,7,15,高橋,2023-11-07,5320
6133,金橋,14,0,14,高橋,2023-11-07,5320
2371,大同,14,0,14,高橋,2023-11-07,5320
6202,盛群,14,0,14,高橋,2023-11-07,5320
8150,南茂,15,1,14,高橋,2023-11-07,5320
3450,聯鈞,14,1,13,高橋,2023-11-07,5320
00642U,期元大S＆P石油,12,0,12,高橋,2023-11-07,5320
1301,台塑,12,0,12,高橋,2023-11-07,5320
2816,旺旺保,14,3,11,高橋,2023-11-07,5320
00720B,元大投資級公司債,12,1,11,高橋,2023-11-07,5320
3605,宏致,11,0,11,高橋,2023-11-07,5320
2363,矽統,56,45,11,高橋,2023-11-07,5320
2369,菱生,11,1,10,高橋,2023-11-07,5320
2426,鼎元,10,0,10,高橋,2023-11-07,5320
1303,南亞,11,1,10,高橋,2023-11-07,5320
2323,中環,10,0,10,高橋,2023-11-07,5320
3017,奇鋐,13,3,10,高橋,2023-11-07,5320
4108,懷特,15,5,10,高橋,2023-11-07,5320
1909,榮成,10,0,10,高橋,2023-11-07,5320
5704,老爺知,10,0,10,高橋,2023-11-07,5320
3592,瑞鼎,10,0,10,高橋,2023-11-07,5320
8358,金居,14,4,10,高橋,2023-11-07,5320
1907,永豐餘,10,0,10,高橋,2023-11-07,5320
1795,美時,12,3,9,高橋,2023-11-07,5320
3481,群創,27,18,9,高橋,2023-11-07,5320
6139,亞翔,18,9,9,高橋,2023-11-07,5320
00933B,國泰10Y+金融債,10,1,9,高橋,2023-11-07,5320
6231,系微,11,2,9,高橋,2023-11-07,5320
3276,宇環,9,0,9,高橋,2023-11-07,5320
6121,新普,9,1,8,高橋,2023-11-07,5320
4157,太景*-KY,133,1,132,高橋,2023-11-08,5320
00936,台新永續高息中小,131,2,129,高橋,2023-11-08,5320
3376,新日興,84,8,76,高橋,2023-11-08,5320
2618,長榮航,59,5,54,高橋,2023-11-08,5320
00679B,元大美債20年,51,0,51,高橋,2023-11-08,5320
3083,網龍,47,1,46,高橋,2023-11-08,5320
2204,中華,53,10,43,高橋,2023-11-08,5320
00720B,元大投資級公司債,40,1,39,高橋,2023-11-08,5320
2401,凌陽,48,12,36,高橋,2023-11-08,5320
00715L,期街口布蘭特正2,33,0,33,高橋,2023-11-08,5320
2002,中鋼,38,7,31,高橋,2023-11-08,5320
00753L,中信中國50正2,30,0,30,高橋,2023-11-08,5320
6282,康舒,38,15,23,高橋,2023-11-08,5320
3450,聯鈞,24,2,22,高橋,2023-11-08,5320
6901,鑽石投資,23,2,21,高橋,2023-11-08,5320
2388,威盛,43,22,21,高橋,2023-11-08,5320
00885,富邦越南,20,1,19,高橋,2023-11-08,5320
3094,聯傑,17,0,17,高橋,2023-11-08,5320
00642U,期元大S＆P石油,16,0,16,高橋,2023-11-08,5320
2485,兆赫,18,3,15,高橋,2023-11-08,5320
00882,中信中國高股息,15,0,15,高橋,2023-11-08,5320
3034,聯詠,16,2,14,高橋,2023-11-08,5320
3033,威健,14,0,14,高橋,2023-11-08,5320
2610,華航,23,9,14,高橋,2023-11-08,5320
1815,富喬,51,38,13,高橋,2023-11-08,5320
00632R,元大台灣50反1,33,20,13,高橋,2023-11-08,5320
2303,聯電,49,36,13,高橋,2023-11-08,5320
3362,先進光,12,0,12,高橋,2023-11-08,5320
1314,中石化,15,3,12,高橋,2023-11-08,5320
6290,良維,12,1,11,高橋,2023-11-08,5320
8028,昇陽半導體,11,0,11,高橋,2023-11-08,5320
6213,聯茂,11,0,11,高橋,2023-11-08,5320
5347,世界,13,3,10,高橋,2023-11-08,5320
00930,永豐ESG低碳高息,10,0,10,高橋,2023-11-08,5320
2845,遠東銀,10,0,10,高橋,2023-11-08,5320
00933B,國泰10Y+金融債,10,0,10,高橋,2023-11-08,5320
9938,百和,15,5,10,高橋,2023-11-08,5320
3706,神達,33,23,10,高橋,2023-11-08,5320
3041,揚智,10,0,10,高橋,2023-11-08,5320
2421,建準,19,10,9,高橋,2023-11-08,5320
2363,矽統,226,217,9,高橋,2023-11-08,5320
6531,愛普*,9,1,8,高橋,2023-11-08,5320
2609,陽明,10,2,8,高橋,2023-11-08,5320
1582,信錦,9,1,8,高橋,2023-11-08,5320
8088,品安,8,0,8,高橋,2023-11-08,5320
2337,旺宏,8,0,8,高橋,2023-11-08,5320
4167,松瑞藥,11,4,7,高橋,2023-11-08,5320
3622,洋華,11,4,7,高橋,2023-11-08,5320
5465,富驊,10,3,7,高橋,2023-11-08,5320
00680L,元大美債20正2,7,0,7,高橋,2023-11-08,5320
00919,群益台灣精選高息,292,24,268,高橋,2023-11-09,5320
00936,台新永續高息中小,123,8,115,高橋,2023-11-09,5320
00753L,中信中國50正2,97,0,97,高橋,2023-11-09,5320
00878,國泰永續高股息,93,3,90,高橋,2023-11-09,5320
00665L,富邦�琤肭磪囓�2,85,0,85,高橋,2023-11-09,5320
2329,華泰,117,59,58,高橋,2023-11-09,5320
8110,華東,53,4,49,高橋,2023-11-09,5320
00934,中信成長高股息,35,5,30,高橋,2023-11-09,5320
1449,佳和,29,0,29,高橋,2023-11-09,5320
00720B,元大投資級公司債,31,2,29,高橋,2023-11-09,5320
3043,科風,32,5,27,高橋,2023-11-09,5320
2331,精英,32,6,26,高橋,2023-11-09,5320
1815,富喬,28,3,25,高橋,2023-11-09,5320
2423,固緯,22,0,22,高橋,2023-11-09,5320
00687B,國泰20年美債,22,1,21,高橋,2023-11-09,5320
3481,群創,25,5,20,高橋,2023-11-09,5320
8034,榮群,25,5,20,高橋,2023-11-09,5320
00715L,期街口布蘭特正2,21,1,20,高橋,2023-11-09,5320
3004,豐達科,20,0,20,高橋,2023-11-09,5320
2324,仁寶,22,2,20,高橋,2023-11-09,5320
3260,威剛,18,1,17,高橋,2023-11-09,5320
3325,旭品,15,0,15,高橋,2023-11-09,5320
6117,迎廣,16,1,15,高橋,2023-11-09,5320
2388,威盛,20,5,15,高橋,2023-11-09,5320
6485,點序,16,1,15,高橋,2023-11-09,5320
3227,原相,25,11,14,高橋,2023-11-09,5320
2427,三商電,14,0,14,高橋,2023-11-09,5320
4142,國光生,14,0,14,高橋,2023-11-09,5320
5347,世界,15,1,14,高橋,2023-11-09,5320
2338,光罩,24,11,13,高橋,2023-11-09,5320
1529,樂事綠能,14,1,13,高橋,2023-11-09,5320
3708,上緯投控,13,0,13,高橋,2023-11-09,5320
3622,洋華,12,0,12,高橋,2023-11-09,5320
4167,松瑞藥,27,15,12,高橋,2023-11-09,5320
2002,中鋼,14,2,12,高橋,2023-11-09,5320
00679B,元大美債20年,17,6,11,高橋,2023-11-09,5320
3346,麗清,12,1,11,高橋,2023-11-09,5320
2356,英業達,21,11,10,高橋,2023-11-09,5320
2889,國票金,10,0,10,高橋,2023-11-09,5320
6120,達運,10,0,10,高橋,2023-11-09,5320
2486,一詮,10,0,10,高橋,2023-11-09,5320
3673,TPK-KY,10,0,10,高橋,2023-11-09,5320
1541,錩泰,10,0,10,高橋,2023-11-09,5320
6243,迅杰,14,4,10,高橋,2023-11-09,5320
6625,必應,10,0,10,高橋,2023-11-09,5320
3059,華晶科,10,0,10,高橋,2023-11-09,5320
1453,大將,10,0,10,高橋,2023-11-09,5320
5465,富驊,29,19,10,高橋,2023-11-09,5320
8358,金居,10,1,9,高橋,2023-11-09,5320
5284,jpp-KY,8,0,8,高橋,2023-11-09,5320
00936,台新永續高息中小,159,25,134,高橋,2023-11-10,5320
00929,復華台灣科技優息,157,42,115,高橋,2023-11-10,5320
1314,中石化,105,8,97,高橋,2023-11-10,5320
00712,復華富時不動產,60,0,60,高橋,2023-11-10,5320
2882,國泰金,50,0,50,高橋,2023-11-10,5320
6770,力積電,51,2,49,高橋,2023-11-10,5320
00720B,元大投資級公司債,46,0,46,高橋,2023-11-10,5320
00650L,復華香港正2,42,0,42,高橋,2023-11-10,5320
2516,新建,41,0,41,高橋,2023-11-10,5320
1210,大成,38,1,37,高橋,2023-11-10,5320
3450,聯鈞,36,2,34,高橋,2023-11-10,5320
00753L,中信中國50正2,30,0,30,高橋,2023-11-10,5320
3231,緯創,115,86,29,高橋,2023-11-10,5320
4721,美琪瑪,28,0,28,高橋,2023-11-10,5320
9904,寶成,27,0,27,高橋,2023-11-10,5320
2201,裕隆,26,0,26,高橋,2023-11-10,5320
4128,中天,41,16,25,高橋,2023-11-10,5320
00882,中信中國高股息,25,0,25,高橋,2023-11-10,5320
00933B,國泰10Y+金融債,24,0,24,高橋,2023-11-10,5320
1308,亞聚,23,0,23,高橋,2023-11-10,5320
00885,富邦越南,22,0,22,高橋,2023-11-10,5320
4129,聯合,54,32,22,高橋,2023-11-10,5320
3058,立德,22,0,22,高橋,2023-11-10,5320
2609,陽明,21,0,21,高橋,2023-11-10,5320
2409,友達,23,2,21,高橋,2023-11-10,5320
00900,富邦特選高股息30,20,0,20,高橋,2023-11-10,5320
2739,寒舍,31,11,20,高橋,2023-11-10,5320
2472,立隆電,20,0,20,高橋,2023-11-10,5320
2399,映泰,22,3,19,高橋,2023-11-10,5320
2363,矽統,110,92,18,高橋,2023-11-10,5320
2353,宏��,19,1,18,高橋,2023-11-10,5320
3037,欣興,22,5,17,高橋,2023-11-10,5320
3363,上詮,26,10,16,高橋,2023-11-10,5320
2618,長榮航,33,17,16,高橋,2023-11-10,5320
8034,榮群,59,44,15,高橋,2023-11-10,5320
3362,先進光,14,0,14,高橋,2023-11-10,5320
00687B,國泰20年美債,15,1,14,高橋,2023-11-10,5320
5351,鈺創,14,0,14,高橋,2023-11-10,5320
2457,飛宏,14,0,14,高橋,2023-11-10,5320
6235,華孚,16,3,13,高橋,2023-11-10,5320
3189,景碩,14,1,13,高橋,2023-11-10,5320
2371,大同,13,0,13,高橋,2023-11-10,5320
2344,華邦電,15,2,13,高橋,2023-11-10,5320
2449,京元電子,13,1,12,高橋,2023-11-10,5320
6125,廣運,16,4,12,高橋,2023-11-10,5320
2388,威盛,15,4,11,高橋,2023-11-10,5320
1217,愛之味,11,0,11,高橋,2023-11-10,5320
00642U,期元大S＆P石油,11,0,11,高橋,2023-11-10,5320
1815,富喬,20,9,11,高橋,2023-11-10,5320
5465,富驊,12,1,11,高橋,2023-11-10,5320
6116,彩晶,442,0,442,高橋,2023-11-13,5320
00878,國泰永續高股息,161,7,154,高橋,2023-11-13,5320
00919,群益台灣精選高息,92,17,75,高橋,2023-11-13,5320
2888,新光金,66,0,66,高橋,2023-11-13,5320
2344,華邦電,50,1,49,高橋,2023-11-13,5320
1337,再生-KY,50,1,49,高橋,2023-11-13,5320
00929,復華台灣科技優息,91,44,47,高橋,2023-11-13,5320
2356,英業達,50,13,37,高橋,2023-11-13,5320
1815,富喬,37,2,35,高橋,2023-11-13,5320
9904,寶成,35,0,35,高橋,2023-11-13,5320
6290,良維,36,3,33,高橋,2023-11-13,5320
2618,長榮航,37,4,33,高橋,2023-11-13,5320
2369,菱生,44,11,33,高橋,2023-11-13,5320
2610,華航,38,6,32,高橋,2023-11-13,5320
2451,創見,30,0,30,高橋,2023-11-13,5320
2890,永豐金,30,0,30,高橋,2023-11-13,5320
4105,東洋,30,0,30,高橋,2023-11-13,5320
2382,廣達,40,13,27,高橋,2023-11-13,5320
2408,南亞科,25,0,25,高橋,2023-11-13,5320
00679B,元大美債20年,23,0,23,高橋,2023-11-13,5320
00936,台新永續高息中小,22,0,22,高橋,2023-11-13,5320
00632R,元大台灣50反1,21,0,21,高橋,2023-11-13,5320
3673,TPK-KY,20,0,20,高橋,2023-11-13,5320
5529,鉅陞,20,0,20,高橋,2023-11-13,5320
00688L,國泰20年美債正2,20,0,20,高橋,2023-11-13,5320
2515,中工,31,11,20,高橋,2023-11-13,5320
2027,大成鋼,20,0,20,高橋,2023-11-13,5320
2603,長榮,24,4,20,高橋,2023-11-13,5320
8938,明安,19,0,19,高橋,2023-11-13,5320
6125,廣運,18,0,18,高橋,2023-11-13,5320
00715L,期街口布蘭特正2,19,1,18,高橋,2023-11-13,5320
2881,富邦金,19,1,18,高橋,2023-11-13,5320
2611,志信,20,3,17,高橋,2023-11-13,5320
1711,永光,16,0,16,高橋,2023-11-13,5320
2337,旺宏,16,0,16,高橋,2023-11-13,5320
2739,寒舍,16,1,15,高橋,2023-11-13,5320
4755,三福化,14,0,14,高橋,2023-11-13,5320
4533,協易機,17,4,13,高橋,2023-11-13,5320
8048,德勝,12,0,12,高橋,2023-11-13,5320
3036,文曄,17,5,12,高橋,2023-11-13,5320
3051,力特,12,0,12,高橋,2023-11-13,5320
2883,凱基金,13,1,12,高橋,2023-11-13,5320
6113,亞矽,11,0,11,高橋,2023-11-13,5320
3059,華晶科,11,0,11,高橋,2023-11-13,5320
3122,笙泉,11,0,11,高橋,2023-11-13,5320
8076,伍豐,15,4,11,高橋,2023-11-13,5320
6901,鑽石投資,12,2,10,高橋,2023-11-13,5320
2377,微星,11,1,10,高橋,2023-11-13,5320
00932,兆豐永續高息等權,10,0,10,高橋,2023-11-13,5320
2423,固緯,10,0,10,高橋,2023-11-13,5320
00671R,富邦NASDAQ反1,130,0,130,高橋,2023-11-14,5320
00878,國泰永續高股息,139,33,106,高橋,2023-11-14,5320
3042,晶技,86,9,77,高橋,2023-11-14,5320
3231,緯創,102,41,61,高橋,2023-11-14,5320
00933B,國泰10Y+金融債,45,0,45,高橋,2023-11-14,5320
1603,華電,38,0,38,高橋,2023-11-14,5320
00632R,元大台灣50反1,33,0,33,高橋,2023-11-14,5320
2515,中工,31,0,31,高橋,2023-11-14,5320
00773B,中信優先金融債,30,0,30,高橋,2023-11-14,5320
2402,毅嘉,40,11,29,高橋,2023-11-14,5320
2367,燿華,25,0,25,高橋,2023-11-14,5320
6684,安格,21,0,21,高橋,2023-11-14,5320
2417,圓剛,40,19,21,高橋,2023-11-14,5320
4128,中天,21,0,21,高橋,2023-11-14,5320
5529,鉅陞,20,0,20,高橋,2023-11-14,5320
00720B,元大投資級公司債,20,0,20,高橋,2023-11-14,5320
2890,永豐金,21,1,20,高橋,2023-11-14,5320
1504,東元,20,2,18,高橋,2023-11-14,5320
6274,台燿,17,0,17,高橋,2023-11-14,5320
2834,臺企銀,16,0,16,高橋,2023-11-14,5320
3306,鼎天,20,7,13,高橋,2023-11-14,5320
3406,玉晶光,14,1,13,高橋,2023-11-14,5320
6541,泰福-KY,12,0,12,高橋,2023-11-14,5320
00637L,元大滬深300正2,12,0,12,高橋,2023-11-14,5320
8088,品安,17,5,12,高橋,2023-11-14,5320
2883,凱基金,13,1,12,高橋,2023-11-14,5320
5009,榮剛,11,0,11,高橋,2023-11-14,5320
5388,中磊,12,1,11,高橋,2023-11-14,5320
00692,富邦公司治理,10,0,10,高橋,2023-11-14,5320
2702,華園,10,0,10,高橋,2023-11-14,5320
8076,伍豐,10,0,10,高橋,2023-11-14,5320
2609,陽明,22,12,10,高橋,2023-11-14,5320
2390,云辰,10,0,10,高橋,2023-11-14,5320
2204,中華,10,0,10,高橋,2023-11-14,5320
00936,台新永續高息中小,20,10,10,高橋,2023-11-14,5320
2888,新光金,9,0,9,高橋,2023-11-14,5320
00679B,元大美債20年,9,0,9,高橋,2023-11-14,5320
4915,致伸,10,1,9,高橋,2023-11-14,5320
2002,中鋼,12,4,8,高橋,2023-11-14,5320
3236,千如,11,3,8,高橋,2023-11-14,5320
6770,力積電,20,12,8,高橋,2023-11-14,5320
2486,一詮,11,3,8,高橋,2023-11-14,5320
6901,鑽石投資,10,3,7,高橋,2023-11-14,5320
9958,世紀鋼,11,4,7,高橋,2023-11-14,5320
3325,旭品,7,0,7,高橋,2023-11-14,5320
2369,菱生,17,11,6,高橋,2023-11-14,5320
6550,北極星藥業-KY,10,4,6,高橋,2023-11-14,5320
2812,台中銀,6,0,6,高橋,2023-11-14,5320
8358,金居,7,1,6,高橋,2023-11-14,5320
1101,台泥,8,2,6,高橋,2023-11-14,5320
00671R,富邦NASDAQ反1,242,0,242,高橋,2023-11-15,5320
00687B,國泰20年美債,90,1,89,高橋,2023-11-15,5320
1314,中石化,90,3,87,高橋,2023-11-15,5320
2885,元大金,90,3,87,高橋,2023-11-15,5320
00632R,元大台灣50反1,75,0,75,高橋,2023-11-15,5320
3450,聯鈞,72,2,70,高橋,2023-11-15,5320
00720B,元大投資級公司債,66,2,64,高橋,2023-11-15,5320
2369,菱生,104,52,52,高橋,2023-11-15,5320
1409,新纖,42,0,42,高橋,2023-11-15,5320
1522,堤維西,40,3,37,高橋,2023-11-15,5320
6005,群益證,30,0,30,高橋,2023-11-15,5320
00676R,富邦臺灣加權反1,30,0,30,高橋,2023-11-15,5320
3260,威剛,33,4,29,高橋,2023-11-15,5320
1584,精剛,35,8,27,高橋,2023-11-15,5320
00934,中信成長高股息,33,7,26,高橋,2023-11-15,5320
1815,富喬,29,5,24,高橋,2023-11-15,5320
2328,廣宇,23,0,23,高橋,2023-11-15,5320
2317,鴻海,35,12,23,高橋,2023-11-15,5320
00904,新光臺灣半導體30,20,0,20,高橋,2023-11-15,5320
2312,金寶,20,0,20,高橋,2023-11-15,5320
2543,皇昌,20,0,20,高橋,2023-11-15,5320
3362,先進光,20,1,19,高橋,2023-11-15,5320
6133,金橋,29,11,18,高橋,2023-11-15,5320
00669R,國泰美國道瓊反1,18,0,18,高橋,2023-11-15,5320
2405,輔信,18,0,18,高橋,2023-11-15,5320
4930,燦星網,20,2,18,高橋,2023-11-15,5320
2363,矽統,129,112,17,高橋,2023-11-15,5320
3481,群創,21,5,16,高橋,2023-11-15,5320
2401,凌陽,51,35,16,高橋,2023-11-15,5320
2449,京元電子,26,10,16,高橋,2023-11-15,5320
2425,承啟,15,0,15,高橋,2023-11-15,5320
6139,亞翔,20,6,14,高橋,2023-11-15,5320
1471,首利,14,0,14,高橋,2023-11-15,5320
3078,僑威,14,1,13,高橋,2023-11-15,5320
3576,聯合再生,15,3,12,高橋,2023-11-15,5320
3035,智原,19,7,12,高橋,2023-11-15,5320
3276,宇環,15,4,11,高橋,2023-11-15,5320
1568,倉佑,22,11,11,高橋,2023-11-15,5320
3149,正達,11,0,11,高橋,2023-11-15,5320
3706,神達,14,3,11,高橋,2023-11-15,5320
2881,富邦金,35,24,11,高橋,2023-11-15,5320
2352,佳世達,10,0,10,高橋,2023-11-15,5320
3290,東浦,10,0,10,高橋,2023-11-15,5320
2515,中工,11,1,10,高橋,2023-11-15,5320
00726B,國泰新興投等債,10,0,10,高橋,2023-11-15,5320
5529,鉅陞,10,0,10,高橋,2023-11-15,5320
1604,聲寶,10,0,10,高橋,2023-11-15,5320
00664R,國泰臺灣加權反1,10,0,10,高橋,2023-11-15,5320
6152,百一,10,0,10,高橋,2023-11-15,5320
6146,耕興,10,0,10,高橋,2023-11-15,5320
00712,復華富時不動產,147,0,147,高橋,2023-11-16,5320
00878,國泰永續高股息,127,3,124,高橋,2023-11-16,5320
00669R,國泰美國道瓊反1,81,0,81,高橋,2023-11-16,5320
00772B,中信高評級公司債,58,0,58,高橋,2023-11-16,5320
00715L,期街口布蘭特正2,46,0,46,高橋,2023-11-16,5320
2516,新建,28,0,28,高橋,2023-11-16,5320
1409,新纖,25,0,25,高橋,2023-11-16,5320
3014,聯陽,22,0,22,高橋,2023-11-16,5320
2337,旺宏,25,4,21,高橋,2023-11-16,5320
5529,鉅陞,20,0,20,高橋,2023-11-16,5320
1524,耿鼎,25,5,20,高橋,2023-11-16,5320
3325,旭品,20,0,20,高橋,2023-11-16,5320
5324,士開,18,0,18,高橋,2023-11-16,5320
2705,六福,22,5,17,高橋,2023-11-16,5320
1101,台泥,18,1,17,高橋,2023-11-16,5320
3483,力致,18,1,17,高橋,2023-11-16,5320
6790,永豐實,16,0,16,高橋,2023-11-16,5320
2371,大同,23,8,15,高橋,2023-11-16,5320
00676R,富邦臺灣加權反1,15,0,15,高橋,2023-11-16,5320
00931B,統一美債20年,15,0,15,高橋,2023-11-16,5320
3260,威剛,16,1,15,高橋,2023-11-16,5320
1618,合機,22,8,14,高橋,2023-11-16,5320
2344,華邦電,101,87,14,高橋,2023-11-16,5320
3268,海德威,13,0,13,高橋,2023-11-16,5320
8016,矽創,12,0,12,高橋,2023-11-16,5320
3450,聯鈞,15,3,12,高橋,2023-11-16,5320
2887,台新金,12,0,12,高橋,2023-11-16,5320
1815,富喬,18,6,12,高橋,2023-11-16,5320
00932,兆豐永續高息等權,12,0,12,高橋,2023-11-16,5320
3673,TPK-KY,13,2,11,高橋,2023-11-16,5320
00687B,國泰20年美債,11,0,11,高橋,2023-11-16,5320
2736,富野,15,4,11,高橋,2023-11-16,5320
2486,一詮,11,0,11,高橋,2023-11-16,5320
1568,倉佑,15,4,11,高橋,2023-11-16,5320
2498,宏達電,11,1,10,高橋,2023-11-16,5320
6233,旺玖,10,0,10,高橋,2023-11-16,5320
5905,南仁湖,10,0,10,高橋,2023-11-16,5320
2338,光罩,10,0,10,高橋,2023-11-16,5320
2426,鼎元,10,0,10,高橋,2023-11-16,5320
3605,宏致,10,0,10,高橋,2023-11-16,5320
5488,松普,10,0,10,高橋,2023-11-16,5320
6789,采鈺,10,0,10,高橋,2023-11-16,5320
2515,中工,10,1,9,高橋,2023-11-16,5320
8011,台通,9,0,9,高橋,2023-11-16,5320
1504,東元,12,3,9,高橋,2023-11-16,5320
6190,萬泰科,9,0,9,高橋,2023-11-16,5320
3149,正達,9,0,9,高橋,2023-11-16,5320
3694,海華,11,2,9,高橋,2023-11-16,5320
2607,榮運,10,1,9,高橋,2023-11-16,5320
00720B,元大投資級公司債,10,1,9,高橋,2023-11-16,5320
2883,凱基金,334,35,299,高橋,2023-11-17,5320
00665L,富邦�琤肭磪囓�2,172,0,172,高橋,2023-11-17,5320
00929,復華台灣科技優息,117,29,88,高橋,2023-11-17,5320
00671R,富邦NASDAQ反1,200,122,78,高橋,2023-11-17,5320
3041,揚智,90,28,62,高橋,2023-11-17,5320
00632R,元大台灣50反1,70,13,57,高橋,2023-11-17,5320
00712,復華富時不動產,55,0,55,高橋,2023-11-17,5320
00753L,中信中國50正2,54,0,54,高橋,2023-11-17,5320
5452,佶優,55,1,54,高橋,2023-11-17,5320
2634,漢翔,60,8,52,高橋,2023-11-17,5320
00637L,元大滬深300正2,67,20,47,高橋,2023-11-17,5320
2344,華邦電,72,25,47,高橋,2023-11-17,5320
3521,鴻翊,52,6,46,高橋,2023-11-17,5320
1324,地球,55,13,42,高橋,2023-11-17,5320
2201,裕隆,51,9,42,高橋,2023-11-17,5320
2323,中環,42,1,41,高橋,2023-11-17,5320
00936,台新永續高息中小,39,0,39,高橋,2023-11-17,5320
6282,康舒,36,1,35,高橋,2023-11-17,5320
3260,威剛,36,4,32,高橋,2023-11-17,5320
00922,國泰台灣領袖50,30,0,30,高橋,2023-11-17,5320
00680L,元大美債20正2,30,0,30,高橋,2023-11-17,5320
1815,富喬,37,7,30,高橋,2023-11-17,5320
2399,映泰,31,2,29,高橋,2023-11-17,5320
2317,鴻海,60,31,29,高橋,2023-11-17,5320
2367,燿華,30,3,27,高橋,2023-11-17,5320
3481,群創,50,24,26,高橋,2023-11-17,5320
2739,寒舍,30,7,23,高橋,2023-11-17,5320
00642U,期元大S＆P石油,21,0,21,高橋,2023-11-17,5320
00679B,元大美債20年,20,0,20,高橋,2023-11-17,5320
6589,台康生技,20,0,20,高橋,2023-11-17,5320
00933B,國泰10Y+金融債,20,0,20,高橋,2023-11-17,5320
6117,迎廣,20,0,20,高橋,2023-11-17,5320
00715L,期街口布蘭特正2,29,9,20,高橋,2023-11-17,5320
2340,台亞,20,1,19,高橋,2023-11-17,5320
3038,全台,21,2,19,高橋,2023-11-17,5320
00650L,復華香港正2,18,0,18,高橋,2023-11-17,5320
2405,輔信,31,13,18,高橋,2023-11-17,5320
1603,華電,17,0,17,高橋,2023-11-17,5320
5009,榮剛,20,3,17,高橋,2023-11-17,5320
3450,聯鈞,28,12,16,高橋,2023-11-17,5320
1525,江申,16,0,16,高橋,2023-11-17,5320
9950,萬國通,37,21,16,高橋,2023-11-17,5320
6182,合晶,15,0,15,高橋,2023-11-17,5320
2312,金寶,15,0,15,高橋,2023-11-17,5320
00664R,國泰臺灣加權反1,15,0,15,高橋,2023-11-17,5320
6290,良維,15,0,15,高橋,2023-11-17,5320
2706,第一店,13,0,13,高橋,2023-11-17,5320
6005,群益證,20,7,13,高橋,2023-11-17,5320
2371,大同,13,0,13,高橋,2023-11-17,5320
3032,偉訓,13,0,13,高橋,2023-11-17,5320
00929,復華台灣科技優息,135,9,126,高橋,2023-11-20,5320
00878,國泰永續高股息,82,2,80,高橋,2023-11-20,5320
1314,中石化,57,0,57,高橋,2023-11-20,5320
3051,力特,37,0,37,高橋,2023-11-20,5320
2618,長榮航,56,26,30,高橋,2023-11-20,5320
9904,寶成,30,0,30,高橋,2023-11-20,5320
2607,榮運,31,1,30,高橋,2023-11-20,5320
2314,台揚,42,12,30,高橋,2023-11-20,5320
00679B,元大美債20年,28,0,28,高橋,2023-11-20,5320
6168,宏齊,29,3,26,高橋,2023-11-20,5320
00936,台新永續高息中小,25,0,25,高橋,2023-11-20,5320
3276,宇環,31,6,25,高橋,2023-11-20,5320
2367,燿華,38,14,24,高橋,2023-11-20,5320
2363,矽統,51,29,22,高橋,2023-11-20,5320
2201,裕隆,29,8,21,高橋,2023-11-20,5320
1720,生達,20,0,20,高橋,2023-11-20,5320
6290,良維,21,1,20,高橋,2023-11-20,5320
00687B,國泰20年美債,21,1,20,高橋,2023-11-20,5320
6712,長聖,20,0,20,高橋,2023-11-20,5320
4968,立積,21,1,20,高橋,2023-11-20,5320
3704,合勤控,20,1,19,高橋,2023-11-20,5320
6271,同欣電,21,2,19,高橋,2023-11-20,5320
2356,英業達,35,17,18,高橋,2023-11-20,5320
00885,富邦越南,18,0,18,高橋,2023-11-20,5320
3149,正達,20,3,17,高橋,2023-11-20,5320
2301,光寶科,19,2,17,高橋,2023-11-20,5320
00919,群益台灣精選高息,17,0,17,高橋,2023-11-20,5320
2486,一詮,17,0,17,高橋,2023-11-20,5320
6125,廣運,37,20,17,高橋,2023-11-20,5320
2630,亞航,19,3,16,高橋,2023-11-20,5320
2722,夏都,21,5,16,高橋,2023-11-20,5320
1802,台玻,15,0,15,高橋,2023-11-20,5320
1522,堤維西,18,3,15,高橋,2023-11-20,5320
9945,潤泰新,15,0,15,高橋,2023-11-20,5320
2543,皇昌,15,1,14,高橋,2023-11-20,5320
5706,鳳凰,18,4,14,高橋,2023-11-20,5320
2002,中鋼,17,4,13,高橋,2023-11-20,5320
5009,榮剛,13,0,13,高橋,2023-11-20,5320
2888,新光金,25,12,13,高橋,2023-11-20,5320
2606,裕民,12,0,12,高橋,2023-11-20,5320
3363,上詮,18,6,12,高橋,2023-11-20,5320
2317,鴻海,19,7,12,高橋,2023-11-20,5320
2731,雄獅,16,5,11,高橋,2023-11-20,5320
6219,富旺,11,0,11,高橋,2023-11-20,5320
1598,岱宇,32,21,11,高橋,2023-11-20,5320
2641,正德,11,1,10,高橋,2023-11-20,5320
6142,友勁,10,0,10,高橋,2023-11-20,5320
3325,旭品,14,4,10,高橋,2023-11-20,5320
2014,中鴻,10,0,10,高橋,2023-11-20,5320
5489,彩富,10,0,10,高橋,2023-11-20,5320
00655L,國泰中國A50正2,155,0,155,高橋,2023-11-21,5320
00688L,國泰20年美債正2,141,0,141,高橋,2023-11-21,5320
2618,長榮航,110,8,102,高橋,2023-11-21,5320
3059,華晶科,94,19,75,高橋,2023-11-21,5320
1337,再生-KY,50,1,49,高橋,2023-11-21,5320
1815,富喬,50,5,45,高橋,2023-11-21,5320
00632R,元大台灣50反1,44,0,44,高橋,2023-11-21,5320
1313,聯成,41,0,41,高橋,2023-11-21,5320
3013,晟銘電,46,7,39,高橋,2023-11-21,5320
00712,復華富時不動產,38,0,38,高橋,2023-11-21,5320
4535,至興,35,0,35,高橋,2023-11-21,5320
00933B,國泰10Y+金融債,40,10,30,高橋,2023-11-21,5320
00664R,國泰臺灣加權反1,30,0,30,高橋,2023-11-21,5320
3041,揚智,64,34,30,高橋,2023-11-21,5320
00676R,富邦臺灣加權反1,25,0,25,高橋,2023-11-21,5320
1524,耿鼎,26,4,22,高橋,2023-11-21,5320
2634,漢翔,22,0,22,高橋,2023-11-21,5320
6117,迎廣,22,0,22,高橋,2023-11-21,5320
2427,三商電,21,0,21,高橋,2023-11-21,5320
2605,新興,20,0,20,高橋,2023-11-21,5320
2607,榮運,20,0,20,高橋,2023-11-21,5320
3546,宇峻,20,0,20,高橋,2023-11-21,5320
3230,錦明,20,0,20,高橋,2023-11-21,5320
2355,敬鵬,26,6,20,高橋,2023-11-21,5320
3028,增你強,20,1,19,高橋,2023-11-21,5320
2363,矽統,82,63,19,高橋,2023-11-21,5320
3481,群創,24,7,17,高橋,2023-11-21,5320
1504,東元,17,1,16,高橋,2023-11-21,5320
2337,旺宏,18,2,16,高橋,2023-11-21,5320
2739,寒舍,17,2,15,高橋,2023-11-21,5320
6233,旺玖,15,0,15,高橋,2023-11-21,5320
3715,定穎投控,21,7,14,高橋,2023-11-21,5320
2352,佳世達,13,0,13,高橋,2023-11-21,5320
2402,毅嘉,21,9,12,高橋,2023-11-21,5320
2419,仲琦,12,0,12,高橋,2023-11-21,5320
3032,偉訓,13,2,11,高橋,2023-11-21,5320
2722,夏都,11,1,10,高橋,2023-11-21,5320
3322,建舜電,12,2,10,高橋,2023-11-21,5320
00669R,國泰美國道瓊反1,10,0,10,高橋,2023-11-21,5320
2486,一詮,10,0,10,高橋,2023-11-21,5320
2867,三商壽,10,0,10,高橋,2023-11-21,5320
4126,太醫,10,0,10,高橋,2023-11-21,5320
00720B,元大投資級公司債,10,0,10,高橋,2023-11-21,5320
3707,漢磊,11,1,10,高橋,2023-11-21,5320
2731,雄獅,13,3,10,高橋,2023-11-21,5320
2449,京元電子,11,2,9,高橋,2023-11-21,5320
6015,宏遠證,9,0,9,高橋,2023-11-21,5320
2495,普安,9,0,9,高橋,2023-11-21,5320
6499,益安,9,0,9,高橋,2023-11-21,5320
1503,士電,9,0,9,高橋,2023-11-21,5320
3231,緯創,239,62,177,高橋,2023-11-22,5320
2356,英業達,148,15,133,高橋,2023-11-22,5320
00671R,富邦NASDAQ反1,127,0,127,高橋,2023-11-22,5320
00632R,元大台灣50反1,125,0,125,高橋,2023-11-22,5320
2883,凱基金,79,5,74,高橋,2023-11-22,5320
00753L,中信中國50正2,66,0,66,高橋,2023-11-22,5320
2911,麗嬰房,68,3,65,高橋,2023-11-22,5320
1303,南亞,59,2,57,高橋,2023-11-22,5320
00878,國泰永續高股息,49,5,44,高橋,2023-11-22,5320
2402,毅嘉,44,2,42,高橋,2023-11-22,5320
3047,訊舟,51,16,35,高橋,2023-11-22,5320
2630,亞航,29,0,29,高橋,2023-11-22,5320
0056,元大高股息,31,4,27,高橋,2023-11-22,5320
00637L,元大滬深300正2,45,20,25,高橋,2023-11-22,5320
00650L,復華香港正2,24,0,24,高橋,2023-11-22,5320
2353,宏��,24,0,24,高橋,2023-11-22,5320
2382,廣達,31,9,22,高橋,2023-11-22,5320
00919,群益台灣精選高息,32,10,22,高橋,2023-11-22,5320
2303,聯電,35,14,21,高橋,2023-11-22,5320
2301,光寶科,24,3,21,高橋,2023-11-22,5320
00933B,國泰10Y+金融債,20,0,20,高橋,2023-11-22,5320
2201,裕隆,21,1,20,高橋,2023-11-22,5320
1789,神隆,19,1,18,高橋,2023-11-22,5320
2329,華泰,27,10,17,高橋,2023-11-22,5320
2606,裕民,19,2,17,高橋,2023-11-22,5320
3062,建漢,22,5,17,高橋,2023-11-22,5320
2605,新興,15,0,15,高橋,2023-11-22,5320
9904,寶成,15,0,15,高橋,2023-11-22,5320
3706,神達,17,3,14,高橋,2023-11-22,5320
2317,鴻海,32,19,13,高橋,2023-11-22,5320
4933,友輝,13,0,13,高橋,2023-11-22,5320
00936,台新永續高息中小,15,2,13,高橋,2023-11-22,5320
6112,邁達特,14,1,13,高橋,2023-11-22,5320
00882,中信中國高股息,13,0,13,高橋,2023-11-22,5320
00905,FT臺灣Smart,13,0,13,高橋,2023-11-22,5320
2401,凌陽,39,26,13,高橋,2023-11-22,5320
2617,台航,12,0,12,高橋,2023-11-22,5320
5706,鳳凰,38,26,12,高橋,2023-11-22,5320
3234,光環,12,0,12,高橋,2023-11-22,5320
5364,力麗店,12,0,12,高橋,2023-11-22,5320
6182,合晶,12,0,12,高橋,2023-11-22,5320
8040,九暘,15,4,11,高橋,2023-11-22,5320
8034,榮群,12,1,11,高橋,2023-11-22,5320
00923,群益台ESG低碳50,11,0,11,高橋,2023-11-22,5320
00893,國泰智能電動車,11,0,11,高橋,2023-11-22,5320
2376,技嘉,18,7,11,高橋,2023-11-22,5320
6770,力積電,10,0,10,高橋,2023-11-22,5320
2701,萬企,10,0,10,高橋,2023-11-22,5320
1806,冠軍,10,0,10,高橋,2023-11-22,5320
3546,宇峻,10,0,10,高橋,2023-11-22,5320
00637L,元大滬深300正2,577,20,557,高橋,2023-11-23,5320
2888,新光金,171,0,171,高橋,2023-11-23,5320
00882,中信中國高股息,148,1,147,高橋,2023-11-23,5320
2352,佳世達,110,1,109,高橋,2023-11-23,5320
2883,凱基金,98,4,94,高橋,2023-11-23,5320
5521,工信,67,2,65,高橋,2023-11-23,5320
00878,國泰永續高股息,75,17,58,高橋,2023-11-23,5320
00919,群益台灣精選高息,56,2,54,高橋,2023-11-23,5320
6282,康舒,80,30,50,高橋,2023-11-23,5320
1721,三晃,50,2,48,高橋,2023-11-23,5320
2363,矽統,108,62,46,高橋,2023-11-23,5320
3231,緯創,92,46,46,高橋,2023-11-23,5320
2324,仁寶,35,3,32,高橋,2023-11-23,5320
6139,亞翔,37,7,30,高橋,2023-11-23,5320
4116,明基醫,29,0,29,高橋,2023-11-23,5320
0056,元大高股息,23,2,21,高橋,2023-11-23,5320
2382,廣達,27,7,20,高橋,2023-11-23,5320
00633L,富邦上証正2,20,0,20,高橋,2023-11-23,5320
3078,僑威,57,37,20,高橋,2023-11-23,5320
6233,旺玖,20,1,19,高橋,2023-11-23,5320
8358,金居,24,5,19,高橋,2023-11-23,5320
2417,圓剛,44,26,18,高橋,2023-11-23,5320
3374,精材,18,1,17,高橋,2023-11-23,5320
00923,群益台ESG低碳50,16,0,16,高橋,2023-11-23,5320
6414,樺漢,16,0,16,高橋,2023-11-23,5320
2891,中信金,25,9,16,高橋,2023-11-23,5320
8086,宏捷科,27,11,16,高橋,2023-11-23,5320
6127,九豪,16,1,15,高橋,2023-11-23,5320
1102,亞泥,15,0,15,高橋,2023-11-23,5320
3025,星通,16,1,15,高橋,2023-11-23,5320
3189,景碩,15,0,15,高橋,2023-11-23,5320
6122,擎邦,17,2,15,高橋,2023-11-23,5320
3147,大綜,16,2,14,高橋,2023-11-23,5320
3041,揚智,26,13,13,高橋,2023-11-23,5320
2201,裕隆,12,0,12,高橋,2023-11-23,5320
2615,萬海,12,0,12,高橋,2023-11-23,5320
2402,毅嘉,20,8,12,高橋,2023-11-23,5320
1216,統一,22,10,12,高橋,2023-11-23,5320
3032,偉訓,37,26,11,高橋,2023-11-23,5320
3094,聯傑,11,0,11,高橋,2023-11-23,5320
5468,凱鈺,13,2,11,高橋,2023-11-23,5320
3715,定穎投控,14,4,10,高橋,2023-11-23,5320
9103,美德醫療-DR,10,0,10,高橋,2023-11-23,5320
6770,力積電,11,1,10,高橋,2023-11-23,5320
2516,新建,10,0,10,高橋,2023-11-23,5320
2028,威致,10,0,10,高橋,2023-11-23,5320
4933,友輝,10,0,10,高橋,2023-11-23,5320
6533,晶心科,18,8,10,高橋,2023-11-23,5320
8183,精星,13,4,9,高橋,2023-11-23,5320
3504,揚明光,11,2,9,高橋,2023-11-23,5320
6164,華興,155,1,154,高橋,2023-11-24,5320
2618,長榮航,144,12,132,高橋,2023-11-24,5320
00712,復華富時不動產,55,0,55,高橋,2023-11-24,5320
00753L,中信中國50正2,54,0,54,高橋,2023-11-24,5320
2610,華航,54,12,42,高橋,2023-11-24,5320
00633L,富邦上証正2,40,0,40,高橋,2023-11-24,5320
2344,華邦電,37,1,36,高橋,2023-11-24,5320
3236,千如,52,16,36,高橋,2023-11-24,5320
6235,華孚,48,15,33,高橋,2023-11-24,5320
2002,中鋼,29,1,28,高橋,2023-11-24,5320
1605,華新,31,5,26,高橋,2023-11-24,5320
00919,群益台灣精選高息,24,0,24,高橋,2023-11-24,5320
3706,神達,23,0,23,高橋,2023-11-24,5320
1314,中石化,23,0,23,高橋,2023-11-24,5320
2356,英業達,23,1,22,高橋,2023-11-24,5320
3006,晶豪科,22,2,20,高橋,2023-11-24,5320
2605,新興,20,0,20,高橋,2023-11-24,5320
2338,光罩,20,0,20,高橋,2023-11-24,5320
1809,中釉,25,5,20,高橋,2023-11-24,5320
3260,威剛,21,2,19,高橋,2023-11-24,5320
5498,凱崴,19,0,19,高橋,2023-11-24,5320
2206,三陽工業,22,4,18,高橋,2023-11-24,5320
2492,華新科,23,5,18,高橋,2023-11-24,5320
5706,鳳凰,18,1,17,高橋,2023-11-24,5320
2102,泰豐,17,0,17,高橋,2023-11-24,5320
9904,寶成,15,0,15,高橋,2023-11-24,5320
2312,金寶,16,1,15,高橋,2023-11-24,5320
3701,大眾控,14,0,14,高橋,2023-11-24,5320
3056,富華新,15,1,14,高橋,2023-11-24,5320
1584,精剛,74,61,13,高橋,2023-11-24,5320
5225,東科-KY,14,2,12,高橋,2023-11-24,5320
00687B,國泰20年美債,13,1,12,高橋,2023-11-24,5320
2405,輔信,22,10,12,高橋,2023-11-24,5320
3694,海華,55,43,12,高橋,2023-11-24,5320
0056,元大高股息,11,0,11,高橋,2023-11-24,5320
00900,富邦特選高股息30,13,2,11,高橋,2023-11-24,5320
6233,旺玖,11,0,11,高橋,2023-11-24,5320
2515,中工,20,10,10,高橋,2023-11-24,5320
2027,大成鋼,12,2,10,高橋,2023-11-24,5320
00885,富邦越南,10,0,10,高橋,2023-11-24,5320
6209,今國光,10,0,10,高橋,2023-11-24,5320
2317,鴻海,13,4,9,高橋,2023-11-24,5320
3530,晶相光,14,5,9,高橋,2023-11-24,5320
6117,迎廣,15,6,9,高橋,2023-11-24,5320
00881,國泰台灣5G+,9,0,9,高橋,2023-11-24,5320
00934,中信成長高股息,10,1,9,高橋,2023-11-24,5320
2340,台亞,9,1,8,高橋,2023-11-24,5320
6129,普誠,8,0,8,高橋,2023-11-24,5320
3032,偉訓,8,0,8,高橋,2023-11-24,5320
1618,合機,20,12,8,高橋,2023-11-24,5320
9103,美德醫療-DR,100,0,100,高橋,2023-11-27,5320
2883,凱基金,87,11,76,高橋,2023-11-27,5320
00637L,元大滬深300正2,110,41,69,高橋,2023-11-27,5320
2630,亞航,76,13,63,高橋,2023-11-27,5320
3231,緯創,98,36,62,高橋,2023-11-27,5320
1802,台玻,60,0,60,高橋,2023-11-27,5320
2618,長榮航,68,14,54,高橋,2023-11-27,5320
2516,新建,50,0,50,高橋,2023-11-27,5320
6282,康舒,64,14,50,高橋,2023-11-27,5320
6134,萬旭,45,0,45,高橋,2023-11-27,5320
5608,四維航,41,0,41,高橋,2023-11-27,5320
8222,寶一,55,19,36,高橋,2023-11-27,5320
2313,華通,106,73,33,高橋,2023-11-27,5320
2382,廣達,48,16,32,高橋,2023-11-27,5320
0056,元大高股息,34,3,31,高橋,2023-11-27,5320
3706,神達,34,4,30,高橋,2023-11-27,5320
1337,再生-KY,31,1,30,高橋,2023-11-27,5320
00919,群益台灣精選高息,29,1,28,高橋,2023-11-27,5320
2611,志信,30,3,27,高橋,2023-11-27,5320
00929,復華台灣科技優息,84,58,26,高橋,2023-11-27,5320
2617,台航,30,4,26,高橋,2023-11-27,5320
4142,國光生,35,10,25,高橋,2023-11-27,5320
1815,富喬,29,5,24,高橋,2023-11-27,5320
00679B,元大美債20年,25,1,24,高橋,2023-11-27,5320
8358,金居,23,0,23,高橋,2023-11-27,5320
00687B,國泰20年美債,26,3,23,高橋,2023-11-27,5320
00720B,元大投資級公司債,22,0,22,高橋,2023-11-27,5320
2634,漢翔,35,13,22,高橋,2023-11-27,5320
2344,華邦電,24,3,21,高橋,2023-11-27,5320
5328,華容,21,0,21,高橋,2023-11-27,5320
1582,信錦,20,0,20,高橋,2023-11-27,5320
3450,聯鈞,20,0,20,高橋,2023-11-27,5320
2330,台積電,23,4,19,高橋,2023-11-27,5320
2515,中工,16,0,16,高橋,2023-11-27,5320
3037,欣興,16,0,16,高橋,2023-11-27,5320
8086,宏捷科,27,11,16,高橋,2023-11-27,5320
6201,亞弘電,15,0,15,高橋,2023-11-27,5320
2427,三商電,15,0,15,高橋,2023-11-27,5320
2486,一詮,16,1,15,高橋,2023-11-27,5320
00902,中信電池及儲能,14,0,14,高橋,2023-11-27,5320
3276,宇環,15,1,14,高橋,2023-11-27,5320
2337,旺宏,15,1,14,高橋,2023-11-27,5320
5347,世界,18,4,14,高橋,2023-11-27,5320
6117,迎廣,14,1,13,高橋,2023-11-27,5320
00934,中信成長高股息,32,20,12,高橋,2023-11-27,5320
3372,典範,12,0,12,高橋,2023-11-27,5320
2454,聯發科,13,2,11,高橋,2023-11-27,5320
00923,群益台ESG低碳50,13,2,11,高橋,2023-11-27,5320
4106,雃博,11,0,11,高橋,2023-11-27,5320
00915,凱基優選高股息30,11,0,11,高橋,2023-11-27,5320
3231,緯創,88,9,79,高橋,2023-11-28,5320
00637L,元大滬深300正2,71,20,51,高橋,2023-11-28,5320
1101,台泥,65,19,46,高橋,2023-11-28,5320
2352,佳世達,38,0,38,高橋,2023-11-28,5320
00715L,期街口布蘭特正2,36,0,36,高橋,2023-11-28,5320
5347,世界,37,6,31,高橋,2023-11-28,5320
2605,新興,52,21,31,高橋,2023-11-28,5320
00753L,中信中國50正2,30,0,30,高橋,2023-11-28,5320
2417,圓剛,32,3,29,高橋,2023-11-28,5320
2356,英業達,33,7,26,高橋,2023-11-28,5320
00934,中信成長高股息,26,0,26,高橋,2023-11-28,5320
4114,健喬,57,33,24,高橋,2023-11-28,5320
3481,群創,33,10,23,高橋,2023-11-28,5320
9945,潤泰新,21,0,21,高橋,2023-11-28,5320
4157,太景*-KY,25,5,20,高橋,2023-11-28,5320
3290,東浦,20,0,20,高橋,2023-11-28,5320
1319,東陽,21,2,19,高橋,2023-11-28,5320
2317,鴻海,21,3,18,高橋,2023-11-28,5320
4133,亞諾法,21,3,18,高橋,2023-11-28,5320
2401,凌陽,36,18,18,高橋,2023-11-28,5320
1781,合世,17,0,17,高橋,2023-11-28,5320
1584,精剛,16,0,16,高橋,2023-11-28,5320
1732,毛寶,21,6,15,高橋,2023-11-28,5320
2303,聯電,80,66,14,高橋,2023-11-28,5320
2888,新光金,20,6,14,高橋,2023-11-28,5320
5272,笙科,30,16,14,高橋,2023-11-28,5320
6147,頎邦,14,0,14,高橋,2023-11-28,5320
2355,敬鵬,21,7,14,高橋,2023-11-28,5320
4167,松瑞藥,13,1,12,高橋,2023-11-28,5320
6182,合晶,12,0,12,高橋,2023-11-28,5320
2611,志信,11,0,11,高橋,2023-11-28,5320
2630,亞航,17,6,11,高橋,2023-11-28,5320
2537,聯上發,14,3,11,高橋,2023-11-28,5320
1514,亞力,33,23,10,高橋,2023-11-28,5320
6150,撼訊,10,0,10,高橋,2023-11-28,5320
00669R,國泰美國道瓊反1,10,0,10,高橋,2023-11-28,5320
2022,聚亨,11,1,10,高橋,2023-11-28,5320
6488,環球晶,15,6,9,高橋,2023-11-28,5320
2913,農林,10,1,9,高橋,2023-11-28,5320
2301,光寶科,12,3,9,高橋,2023-11-28,5320
2371,大同,13,4,9,高橋,2023-11-28,5320
00712,復華富時不動產,19,10,9,高橋,2023-11-28,5320
2383,台光電,8,0,8,高橋,2023-11-28,5320
5213,亞昕,8,0,8,高橋,2023-11-28,5320
2734,易飛網,9,1,8,高橋,2023-11-28,5320
4155,訊映,8,0,8,高橋,2023-11-28,5320
2002,中鋼,19,12,7,高橋,2023-11-28,5320
4526,東台,7,0,7,高橋,2023-11-28,5320
3705,永信,7,0,7,高橋,2023-11-28,5320
1325,恆大,8,1,7,高橋,2023-11-28,5320
00919,群益台灣精選高息,337,12,325,高橋,2023-11-29,5320
912000,晨訊科-DR,300,0,300,高橋,2023-11-29,5320
00665L,富邦�琤肭磪囓�2,207,0,207,高橋,2023-11-29,5320
00929,復華台灣科技優息,156,45,111,高橋,2023-11-29,5320
2883,凱基金,116,26,90,高橋,2023-11-29,5320
2618,長榮航,119,32,87,高橋,2023-11-29,5320
1101,台泥,96,10,86,高橋,2023-11-29,5320
5608,四維航,78,3,75,高橋,2023-11-29,5320
00669R,國泰美國道瓊反1,67,0,67,高橋,2023-11-29,5320
2027,大成鋼,65,4,61,高橋,2023-11-29,5320
00933B,國泰10Y+金融債,55,0,55,高橋,2023-11-29,5320
00751B,元大AAA至A公司債,46,0,46,高橋,2023-11-29,5320
2313,華通,93,48,45,高橋,2023-11-29,5320
00679B,元大美債20年,37,0,37,高橋,2023-11-29,5320
00632R,元大台灣50反1,33,0,33,高橋,2023-11-29,5320
9945,潤泰新,33,0,33,高橋,2023-11-29,5320
00753L,中信中國50正2,30,0,30,高橋,2023-11-29,5320
5347,世界,30,2,28,高橋,2023-11-29,5320
00934,中信成長高股息,28,0,28,高橋,2023-11-29,5320
2014,中鴻,27,0,27,高橋,2023-11-29,5320
6282,康舒,37,10,27,高橋,2023-11-29,5320
3047,訊舟,45,18,27,高橋,2023-11-29,5320
1616,億泰,30,4,26,高橋,2023-11-29,5320
2605,新興,27,1,26,高橋,2023-11-29,5320
2439,美律,30,5,25,高橋,2023-11-29,5320
1319,東陽,24,0,24,高橋,2023-11-29,5320
2329,華泰,124,101,23,高橋,2023-11-29,5320
2610,華航,49,26,23,高橋,2023-11-29,5320
2891,中信金,28,5,23,高橋,2023-11-29,5320
2401,凌陽,41,20,21,高橋,2023-11-29,5320
3231,緯創,45,24,21,高橋,2023-11-29,5320
00655L,國泰中國A50正2,20,0,20,高橋,2023-11-29,5320
3682,亞太電,20,0,20,高橋,2023-11-29,5320
00878,國泰永續高股息,40,21,19,高橋,2023-11-29,5320
00650L,復華香港正2,18,0,18,高橋,2023-11-29,5320
4919,新唐,26,9,17,高橋,2023-11-29,5320
1732,毛寶,17,1,16,高橋,2023-11-29,5320
3055,蔚華科,16,0,16,高橋,2023-11-29,5320
2317,鴻海,20,5,15,高橋,2023-11-29,5320
6243,迅杰,21,6,15,高橋,2023-11-29,5320
00936,台新永續高息中小,15,0,15,高橋,2023-11-29,5320
2369,菱生,50,35,15,高橋,2023-11-29,5320
2637,慧洋-KY,13,0,13,高橋,2023-11-29,5320
2363,矽統,42,29,13,高橋,2023-11-29,5320
3545,敦泰,19,7,12,高橋,2023-11-29,5320
2888,新光金,22,10,12,高橋,2023-11-29,5320
5371,中光電,11,0,11,高橋,2023-11-29,5320
4956,光鋐,18,7,11,高橋,2023-11-29,5320
1337,再生-KY,11,0,11,高橋,2023-11-29,5320
2887,台新金,12,2,10,高橋,2023-11-29,5320
1402,遠東新,161,6,155,高橋,2023-11-30,5320
1536,和大,130,0,130,高橋,2023-11-30,5320
3231,緯創,81,8,73,高橋,2023-11-30,5320
2610,華航,71,16,55,高橋,2023-11-30,5320
5351,鈺創,61,7,54,高橋,2023-11-30,5320
3236,千如,53,1,52,高橋,2023-11-30,5320
00712,復華富時不動產,52,2,50,高橋,2023-11-30,5320
2883,凱基金,83,34,49,高橋,2023-11-30,5320
2355,敬鵬,56,8,48,高橋,2023-11-30,5320
2353,宏��,46,4,42,高橋,2023-11-30,5320
00882,中信中國高股息,40,1,39,高橋,2023-11-30,5320
00919,群益台灣精選高息,35,0,35,高橋,2023-11-30,5320
2337,旺宏,34,0,34,高橋,2023-11-30,5320
9919,康那香,66,34,32,高橋,2023-11-30,5320
2332,友訊,45,14,31,高橋,2023-11-30,5320
00753L,中信中國50正2,30,0,30,高橋,2023-11-30,5320
2834,臺企銀,31,6,25,高橋,2023-11-30,5320
8112,至上,26,1,25,高橋,2023-11-30,5320
2486,一詮,26,2,24,高橋,2023-11-30,5320
2313,華通,36,13,23,高橋,2023-11-30,5320
2845,遠東銀,22,0,22,高橋,2023-11-30,5320
1618,合機,26,5,21,高橋,2023-11-30,5320
2417,圓剛,26,5,21,高橋,2023-11-30,5320
1337,再生-KY,22,2,20,高橋,2023-11-30,5320
9945,潤泰新,21,1,20,高橋,2023-11-30,5320
00932,兆豐永續高息等權,20,0,20,高橋,2023-11-30,5320
00931B,統一美債20年,20,1,19,高橋,2023-11-30,5320
00650L,復華香港正2,18,0,18,高橋,2023-11-30,5320
3058,立德,18,0,18,高橋,2023-11-30,5320
5371,中光電,18,0,18,高橋,2023-11-30,5320
3147,大綜,29,12,17,高橋,2023-11-30,5320
2367,燿華,20,3,17,高橋,2023-11-30,5320
6274,台燿,18,2,16,高橋,2023-11-30,5320
3481,群創,19,4,15,高橋,2023-11-30,5320
2801,彰銀,15,0,15,高橋,2023-11-30,5320
3624,光頡,25,10,15,高橋,2023-11-30,5320
5452,佶優,25,10,15,高橋,2023-11-30,5320
6435,大中,14,0,14,高橋,2023-11-30,5320
00929,復華台灣科技優息,28,14,14,高橋,2023-11-30,5320
3704,合勤控,18,4,14,高橋,2023-11-30,5320
3615,安可,15,1,14,高橋,2023-11-30,5320
2402,毅嘉,17,3,14,高橋,2023-11-30,5320
2201,裕隆,16,3,13,高橋,2023-11-30,5320
2405,輔信,14,1,13,高橋,2023-11-30,5320
9927,泰銘,15,2,13,高橋,2023-11-30,5320
1815,富喬,13,0,13,高橋,2023-11-30,5320
8068,全達,15,4,11,高橋,2023-11-30,5320
8088,品安,14,3,11,高橋,2023-11-30,5320
1104,環泥,10,0,10,高橋,2023-11-30,5320
6541,泰福-KY,10,0,10,高橋,2023-11-30,5320
2605,新興,282,20,262,高橋,2023-12-01,5320
2883,凱基金,215,18,197,高橋,2023-12-01,5320
2890,永豐金,135,1,134,高橋,2023-12-01,5320
2332,友訊,132,22,110,高橋,2023-12-01,5320
3041,揚智,113,39,74,高橋,2023-12-01,5320
1536,和大,70,0,70,高橋,2023-12-01,5320
00919,群益台灣精選高息,99,34,65,高橋,2023-12-01,5320
5521,工信,63,0,63,高橋,2023-12-01,5320
2641,正德,101,46,55,高橋,2023-12-01,5320
00687B,國泰20年美債,48,0,48,高橋,2023-12-01,5320
2481,強茂,49,7,42,高橋,2023-12-01,5320
1815,富喬,43,1,42,高橋,2023-12-01,5320
2405,輔信,84,48,36,高橋,2023-12-01,5320
9927,泰銘,35,0,35,高橋,2023-12-01,5320
2888,新光金,43,12,31,高橋,2023-12-01,5320
1101,台泥,40,9,31,高橋,2023-12-01,5320
3481,群創,32,2,30,高橋,2023-12-01,5320
3231,緯創,63,33,30,高橋,2023-12-01,5320
00922,國泰台灣領袖50,30,0,30,高橋,2023-12-01,5320
00905,FT臺灣Smart,24,0,24,高橋,2023-12-01,5320
2324,仁寶,25,1,24,高橋,2023-12-01,5320
6257,矽格,48,26,22,高橋,2023-12-01,5320
00642U,期元大S＆P石油,23,1,22,高橋,2023-12-01,5320
00720B,元大投資級公司債,27,5,22,高橋,2023-12-01,5320
00655L,國泰中國A50正2,20,0,20,高橋,2023-12-01,5320
8096,擎亞,23,3,20,高橋,2023-12-01,5320
9103,美德醫療-DR,20,0,20,高橋,2023-12-01,5320
5347,世界,20,1,19,高橋,2023-12-01,5320
1504,東元,18,0,18,高橋,2023-12-01,5320
2382,廣達,28,10,18,高橋,2023-12-01,5320
00679B,元大美債20年,17,0,17,高橋,2023-12-01,5320
2356,英業達,20,3,17,高橋,2023-12-01,5320
2886,兆豐金,16,0,16,高橋,2023-12-01,5320
2408,南亞科,20,5,15,高橋,2023-12-01,5320
2618,長榮航,21,7,14,高橋,2023-12-01,5320
3552,同致,15,1,14,高橋,2023-12-01,5320
00637L,元大滬深300正2,14,0,14,高橋,2023-12-01,5320
2891,中信金,16,2,14,高橋,2023-12-01,5320
4953,緯軟,14,0,14,高橋,2023-12-01,5320
1605,華新,17,3,14,高橋,2023-12-01,5320
2515,中工,13,0,13,高橋,2023-12-01,5320
6125,廣運,22,9,13,高橋,2023-12-01,5320
6541,泰福-KY,12,0,12,高橋,2023-12-01,5320
6139,亞翔,22,10,12,高橋,2023-12-01,5320
9919,康那香,42,30,12,高橋,2023-12-01,5320
2338,光罩,19,7,12,高橋,2023-12-01,5320
00772B,中信高評級公司債,12,1,11,高橋,2023-12-01,5320
2516,新建,11,0,11,高橋,2023-12-01,5320
00900,富邦特選高股息30,33,22,11,高橋,2023-12-01,5320
5425,台半,12,1,11,高橋,2023-12-01,5320
00918,大華優利高填息30,180,0,180,高橋,2023-12-04,5320
00929,復華台灣科技優息,181,20,161,高橋,2023-12-04,5320
00919,群益台灣精選高息,155,28,127,高橋,2023-12-04,5320
00715L,期街口布蘭特正2,94,0,94,高橋,2023-12-04,5320
2367,燿華,158,77,81,高橋,2023-12-04,5320
00882,中信中國高股息,75,10,65,高橋,2023-12-04,5320
6235,華孚,69,10,59,高橋,2023-12-04,5320
00751B,元大AAA至A公司債,54,0,54,高橋,2023-12-04,5320
911868,同方友友-DR,50,0,50,高橋,2023-12-04,5320
5351,鈺創,49,2,47,高橋,2023-12-04,5320
1718,中纖,48,4,44,高橋,2023-12-04,5320
00680L,元大美債20正2,43,0,43,高橋,2023-12-04,5320
00933B,國泰10Y+金融債,42,0,42,高橋,2023-12-04,5320
4909,新復興,45,5,40,高橋,2023-12-04,5320
6116,彩晶,38,0,38,高橋,2023-12-04,5320
3083,網龍,33,0,33,高橋,2023-12-04,5320
2402,毅嘉,44,13,31,高橋,2023-12-04,5320
2542,興富發,30,0,30,高橋,2023-12-04,5320
1504,東元,36,6,30,高橋,2023-12-04,5320
6120,達運,31,1,30,高橋,2023-12-04,5320
5202,力新,30,0,30,高橋,2023-12-04,5320
3706,神達,45,15,30,高橋,2023-12-04,5320
5009,榮剛,34,6,28,高橋,2023-12-04,5320
2317,鴻海,32,5,27,高橋,2023-12-04,5320
3231,緯創,41,15,26,高橋,2023-12-04,5320
2413,環科,24,0,24,高橋,2023-12-04,5320
00713,元大台灣高息低波,23,0,23,高橋,2023-12-04,5320
6122,擎邦,24,2,22,高橋,2023-12-04,5320
2618,長榮航,45,24,21,高橋,2023-12-04,5320
2641,正德,35,14,21,高橋,2023-12-04,5320
2347,聯強,21,0,21,高橋,2023-12-04,5320
00637L,元大滬深300正2,25,5,20,高橋,2023-12-04,5320
1802,台玻,20,0,20,高橋,2023-12-04,5320
6271,同欣電,25,5,20,高橋,2023-12-04,5320
1605,華新,39,20,19,高橋,2023-12-04,5320
3363,上詮,20,2,18,高橋,2023-12-04,5320
6117,迎廣,46,29,17,高橋,2023-12-04,5320
1815,富喬,19,2,17,高橋,2023-12-04,5320
9919,康那香,70,53,17,高橋,2023-12-04,5320
2353,宏��,18,1,17,高橋,2023-12-04,5320
3260,威剛,26,9,17,高橋,2023-12-04,5320
3264,欣銓,24,7,17,高橋,2023-12-04,5320
3707,漢磊,16,0,16,高橋,2023-12-04,5320
1101,台泥,19,3,16,高橋,2023-12-04,5320
3227,原相,16,1,15,高橋,2023-12-04,5320
2009,第一銅,20,6,14,高橋,2023-12-04,5320
00642U,期元大S＆P石油,13,0,13,高橋,2023-12-04,5320
2369,菱生,15,2,13,高橋,2023-12-04,5320
3715,定穎投控,24,12,12,高橋,2023-12-04,5320
2421,建準,12,0,12,高橋,2023-12-04,5320
00937B,群益ESG投等債20,510,0,510,高橋,2023-12-05,5320
00712,復華富時不動產,171,8,163,高橋,2023-12-05,5320
2888,新光金,112,0,112,高橋,2023-12-05,5320
00919,群益台灣精選高息,180,86,94,高橋,2023-12-05,5320
1217,愛之味,89,0,89,高橋,2023-12-05,5320
3231,緯創,103,33,70,高橋,2023-12-05,5320
2641,正德,240,175,65,高橋,2023-12-05,5320
2630,亞航,58,0,58,高橋,2023-12-05,5320
00680L,元大美債20正2,53,0,53,高橋,2023-12-05,5320
2601,益航,58,5,53,高橋,2023-12-05,5320
1524,耿鼎,52,2,50,高橋,2023-12-05,5320
00918,大華優利高填息30,47,0,47,高橋,2023-12-05,5320
5347,世界,54,8,46,高橋,2023-12-05,5320
00687B,國泰20年美債,45,0,45,高橋,2023-12-05,5320
8086,宏捷科,55,10,45,高橋,2023-12-05,5320
2489,瑞軒,41,1,40,高橋,2023-12-05,5320
1605,華新,45,5,40,高橋,2023-12-05,5320
2606,裕民,92,56,36,高橋,2023-12-05,5320
00878,國泰永續高股息,37,3,34,高橋,2023-12-05,5320
2324,仁寶,33,2,31,高橋,2023-12-05,5320
3380,明泰,30,0,30,高橋,2023-12-05,5320
2353,宏��,29,0,29,高橋,2023-12-05,5320
2882,國泰金,36,10,26,高橋,2023-12-05,5320
00752,中信中國50,25,0,25,高橋,2023-12-05,5320
3710,連展投控,26,2,24,高橋,2023-12-05,5320
2891,中信金,27,5,22,高橋,2023-12-05,5320
2344,華邦電,25,3,22,高橋,2023-12-05,5320
00751B,元大AAA至A公司債,23,1,22,高橋,2023-12-05,5320
8088,品安,32,10,22,高橋,2023-12-05,5320
2887,台新金,23,1,22,高橋,2023-12-05,5320
3028,增你強,20,0,20,高橋,2023-12-05,5320
1504,東元,38,18,20,高橋,2023-12-05,5320
2371,大同,27,8,19,高橋,2023-12-05,5320
1609,大亞,18,0,18,高橋,2023-12-05,5320
8215,明基材,18,0,18,高橋,2023-12-05,5320
2337,旺宏,17,0,17,高橋,2023-12-05,5320
2312,金寶,17,0,17,高橋,2023-12-05,5320
00679B,元大美債20年,25,8,17,高橋,2023-12-05,5320
4171,瑞基,17,1,16,高橋,2023-12-05,5320
2382,廣達,23,8,15,高橋,2023-12-05,5320
1584,精剛,15,0,15,高橋,2023-12-05,5320
2486,一詮,15,0,15,高橋,2023-12-05,5320
3715,定穎投控,30,15,15,高橋,2023-12-05,5320
0056,元大高股息,34,20,14,高橋,2023-12-05,5320
00935,野村臺灣新科技50,14,0,14,高橋,2023-12-05,5320
6125,廣運,23,9,14,高橋,2023-12-05,5320
00720B,元大投資級公司債,13,0,13,高橋,2023-12-05,5320
6138,茂達,15,3,12,高橋,2023-12-05,5320
2543,皇昌,13,1,12,高橋,2023-12-05,5320
4535,至興,12,0,12,高橋,2023-12-05,5320
00688L,國泰20年美債正2,368,0,368,高橋,2023-12-06,5320
00937B,群益ESG投等債20,195,13,182,高橋,2023-12-06,5320
00929,復華台灣科技優息,176,49,127,高橋,2023-12-06,5320
6916,華凌,75,0,75,高橋,2023-12-06,5320
1605,華新,81,12,69,高橋,2023-12-06,5320
00919,群益台灣精選高息,99,32,67,高橋,2023-12-06,5320
3481,群創,76,12,64,高橋,2023-12-06,5320
00882,中信中國高股息,61,0,61,高橋,2023-12-06,5320
00637L,元大滬深300正2,60,0,60,高橋,2023-12-06,5320
00680L,元大美債20正2,56,1,55,高橋,2023-12-06,5320
8358,金居,50,6,44,高橋,2023-12-06,5320
00687B,國泰20年美債,40,0,40,高橋,2023-12-06,5320
2409,友達,36,1,35,高橋,2023-12-06,5320
2883,凱基金,33,0,33,高橋,2023-12-06,5320
2401,凌陽,36,3,33,高橋,2023-12-06,5320
2417,圓剛,47,15,32,高橋,2023-12-06,5320
2611,志信,187,155,32,高橋,2023-12-06,5320
00715L,期街口布蘭特正2,30,0,30,高橋,2023-12-06,5320
1513,中興電,40,14,26,高橋,2023-12-06,5320
4113,聯上,25,0,25,高橋,2023-12-06,5320
2355,敬鵬,66,43,23,高橋,2023-12-06,5320
2303,聯電,25,5,20,高橋,2023-12-06,5320
3013,晟銘電,45,25,20,高橋,2023-12-06,5320
2630,亞航,21,1,20,高橋,2023-12-06,5320
3363,上詮,27,8,19,高橋,2023-12-06,5320
00720B,元大投資級公司債,18,0,18,高橋,2023-12-06,5320
6213,聯茂,22,5,17,高橋,2023-12-06,5320
2344,華邦電,17,0,17,高橋,2023-12-06,5320
2468,華經,18,3,15,高橋,2023-12-06,5320
8064,東捷,15,0,15,高橋,2023-12-06,5320
00676R,富邦臺灣加權反1,15,0,15,高橋,2023-12-06,5320
1727,中華化,13,0,13,高橋,2023-12-06,5320
8028,昇陽半導體,13,0,13,高橋,2023-12-06,5320
3567,逸昌,13,0,13,高橋,2023-12-06,5320
2014,中鴻,14,2,12,高橋,2023-12-06,5320
6517,保勝光學,14,2,12,高橋,2023-12-06,5320
4908,前鼎,13,1,12,高橋,2023-12-06,5320
4154,樂威科-KY,12,0,12,高橋,2023-12-06,5320
6278,台表科,14,2,12,高橋,2023-12-06,5320
8996,高力,15,3,12,高橋,2023-12-06,5320
1582,信錦,13,2,11,高橋,2023-12-06,5320
3035,智原,15,4,11,高橋,2023-12-06,5320
5215,科嘉-KY,11,0,11,高橋,2023-12-06,5320
6175,立敦,11,0,11,高橋,2023-12-06,5320
5347,世界,14,4,10,高橋,2023-12-06,5320
2538,基泰,10,0,10,高橋,2023-12-06,5320
00936,台新永續高息中小,10,0,10,高橋,2023-12-06,5320
4121,優盛,10,0,10,高橋,2023-12-06,5320
6142,友勁,10,0,10,高橋,2023-12-06,5320
00902,中信電池及儲能,10,0,10,高橋,2023-12-06,5320
6140,訊達,156,8,148,高橋,2023-12-07,5320
00680L,元大美債20正2,128,12,116,高橋,2023-12-07,5320
00687B,國泰20年美債,79,10,69,高橋,2023-12-07,5320
2303,聯電,63,6,57,高橋,2023-12-07,5320
00937B,群益ESG投等債20,91,37,54,高橋,2023-12-07,5320
1612,宏泰,71,20,51,高橋,2023-12-07,5320
00632R,元大台灣50反1,50,0,50,高橋,2023-12-07,5320
2358,廷鑫,50,0,50,高橋,2023-12-07,5320
1568,倉佑,49,0,49,高橋,2023-12-07,5320
00715L,期街口布蘭特正2,47,0,47,高橋,2023-12-07,5320
2888,新光金,57,12,45,高橋,2023-12-07,5320
00795B,中信美國公債20年,44,0,44,高橋,2023-12-07,5320
1618,合機,65,28,37,高橋,2023-12-07,5320
3041,揚智,64,30,34,高橋,2023-12-07,5320
1605,華新,37,7,30,高橋,2023-12-07,5320
2882,國泰金,30,0,30,高橋,2023-12-07,5320
2486,一詮,32,4,28,高橋,2023-12-07,5320
6122,擎邦,78,50,28,高橋,2023-12-07,5320
2601,益航,27,0,27,高橋,2023-12-07,5320
5347,世界,27,1,26,高橋,2023-12-07,5320
4561,健椿,28,4,24,高橋,2023-12-07,5320
00688L,國泰20年美債正2,27,3,24,高橋,2023-12-07,5320
6269,台郡,23,0,23,高橋,2023-12-07,5320
4967,十銓,24,2,22,高橋,2023-12-07,5320
00637L,元大滬深300正2,29,8,21,高橋,2023-12-07,5320
3060,銘異,20,0,20,高橋,2023-12-07,5320
2402,毅嘉,26,6,20,高橋,2023-12-07,5320
2413,環科,20,0,20,高橋,2023-12-07,5320
5302,太欣,22,2,20,高橋,2023-12-07,5320
2611,志信,21,2,19,高橋,2023-12-07,5320
3390,旭軟,34,17,17,高橋,2023-12-07,5320
00642U,期元大S＆P石油,17,0,17,高橋,2023-12-07,5320
00679B,元大美債20年,64,48,16,高橋,2023-12-07,5320
00900,富邦特選高股息30,16,0,16,高橋,2023-12-07,5320
2417,圓剛,16,0,16,高橋,2023-12-07,5320
2610,華航,42,26,16,高橋,2023-12-07,5320
8222,寶一,20,4,16,高橋,2023-12-07,5320
2324,仁寶,16,0,16,高橋,2023-12-07,5320
1314,中石化,16,0,16,高橋,2023-12-07,5320
2605,新興,34,19,15,高橋,2023-12-07,5320
2881,富邦金,15,0,15,高橋,2023-12-07,5320
00882,中信中國高股息,15,0,15,高橋,2023-12-07,5320
00720B,元大投資級公司債,23,8,15,高橋,2023-12-07,5320
1522,堤維西,69,55,14,高橋,2023-12-07,5320
2543,皇昌,14,0,14,高橋,2023-12-07,5320
2353,宏��,16,2,14,高橋,2023-12-07,5320
5381,合正,19,5,14,高橋,2023-12-07,5320
2425,承啟,18,4,14,高橋,2023-12-07,5320
2615,萬海,15,1,14,高橋,2023-12-07,5320
2401,凌陽,40,27,13,高橋,2023-12-07,5320
00919,群益台灣精選高息,302,20,282,高橋,2023-12-08,5320
00632R,元大台灣50反1,181,0,181,高橋,2023-12-08,5320
00937B,群益ESG投等債20,128,9,119,高橋,2023-12-08,5320
00715L,期街口布蘭特正2,123,13,110,高橋,2023-12-08,5320
00642U,期元大S＆P石油,81,0,81,高橋,2023-12-08,5320
2337,旺宏,99,18,81,高橋,2023-12-08,5320
00687B,國泰20年美債,84,5,79,高橋,2023-12-08,5320
2883,凱基金,82,7,75,高橋,2023-12-08,5320
2618,長榮航,139,76,63,高橋,2023-12-08,5320
2888,新光金,59,3,56,高橋,2023-12-08,5320
00679B,元大美債20年,58,6,52,高橋,2023-12-08,5320
00665L,富邦�琤肭磪囓�2,50,0,50,高橋,2023-12-08,5320
2606,裕民,49,1,48,高橋,2023-12-08,5320
2605,新興,96,49,47,高橋,2023-12-08,5320
4114,健喬,45,2,43,高橋,2023-12-08,5320
6757,台灣虎航,43,0,43,高橋,2023-12-08,5320
2413,環科,47,7,40,高橋,2023-12-08,5320
8034,榮群,36,0,36,高橋,2023-12-08,5320
1504,東元,33,1,32,高橋,2023-12-08,5320
8996,高力,33,2,31,高橋,2023-12-08,5320
1506,正道,30,0,30,高橋,2023-12-08,5320
2313,華通,38,8,30,高橋,2023-12-08,5320
6411,晶焱,29,0,29,高橋,2023-12-08,5320
00882,中信中國高股息,30,1,29,高橋,2023-12-08,5320
2405,輔信,39,11,28,高橋,2023-12-08,5320
3276,宇環,28,4,24,高橋,2023-12-08,5320
3050,鈺德,35,13,22,高橋,2023-12-08,5320
2889,國票金,22,0,22,高橋,2023-12-08,5320
00795B,中信美國公債20年,21,0,21,高橋,2023-12-08,5320
2344,華邦電,21,0,21,高橋,2023-12-08,5320
00885,富邦越南,21,0,21,高橋,2023-12-08,5320
00696B,富邦美債20年,20,0,20,高橋,2023-12-08,5320
2355,敬鵬,27,7,20,高橋,2023-12-08,5320
00720B,元大投資級公司債,20,0,20,高橋,2023-12-08,5320
6237,驊訊,23,3,20,高橋,2023-12-08,5320
2399,映泰,24,5,19,高橋,2023-12-08,5320
6271,同欣電,22,4,18,高橋,2023-12-08,5320
2409,友達,18,0,18,高橋,2023-12-08,5320
2312,金寶,34,16,18,高橋,2023-12-08,5320
3231,緯創,49,31,18,高橋,2023-12-08,5320
4167,松瑞藥,18,3,15,高橋,2023-12-08,5320
1522,堤維西,68,53,15,高橋,2023-12-08,5320
8028,昇陽半導體,15,0,15,高橋,2023-12-08,5320
1503,士電,17,3,14,高橋,2023-12-08,5320
2449,京元電子,18,4,14,高橋,2023-12-08,5320
2603,長榮,21,8,13,高橋,2023-12-08,5320
2367,燿華,18,5,13,高橋,2023-12-08,5320
2485,兆赫,12,0,12,高橋,2023-12-08,5320
4306,炎洲,12,0,12,高橋,2023-12-08,5320
00918,大華優利高填息30,14,3,11,高橋,2023-12-08,5320
1616,億泰,282,4,278,高橋,2023-12-11,5320
6443,元晶,109,0,109,高橋,2023-12-11,5320
2618,長榮航,105,5,100,高橋,2023-12-11,5320
00929,復華台灣科技優息,127,35,92,高橋,2023-12-11,5320
2888,新光金,96,5,91,高橋,2023-12-11,5320
2413,環科,88,4,84,高橋,2023-12-11,5320
2630,亞航,68,1,67,高橋,2023-12-11,5320
00687B,國泰20年美債,63,0,63,高橋,2023-12-11,5320
2002,中鋼,51,2,49,高橋,2023-12-11,5320
00937B,群益ESG投等債20,112,63,49,高橋,2023-12-11,5320
00679B,元大美債20年,44,4,40,高橋,2023-12-11,5320
00882,中信中國高股息,39,0,39,高橋,2023-12-11,5320
2889,國票金,33,0,33,高橋,2023-12-11,5320
00637L,元大滬深300正2,41,11,30,高橋,2023-12-11,5320
2329,華泰,40,12,28,高橋,2023-12-11,5320
3481,群創,31,3,28,高橋,2023-12-11,5320
00933B,國泰10Y+金融債,30,3,27,高橋,2023-12-11,5320
4306,炎洲,28,1,27,高橋,2023-12-11,5320
3231,緯創,46,20,26,高橋,2023-12-11,5320
3305,昇貿,25,0,25,高橋,2023-12-11,5320
4973,廣穎,25,0,25,高橋,2023-12-11,5320
1514,亞力,41,16,25,高橋,2023-12-11,5320
00878,國泰永續高股息,31,7,24,高橋,2023-12-11,5320
1609,大亞,37,13,24,高橋,2023-12-11,5320
00918,大華優利高填息30,23,0,23,高橋,2023-12-11,5320
00688L,國泰20年美債正2,22,0,22,高橋,2023-12-11,5320
00795B,中信美國公債20年,22,0,22,高橋,2023-12-11,5320
3059,華晶科,23,2,21,高橋,2023-12-11,5320
2605,新興,36,16,20,高橋,2023-12-11,5320
6684,安格,25,5,20,高橋,2023-12-11,5320
3276,宇環,20,0,20,高橋,2023-12-11,5320
1711,永光,20,0,20,高橋,2023-12-11,5320
2388,威盛,34,14,20,高橋,2023-12-11,5320
1519,華城,29,10,19,高橋,2023-12-11,5320
2609,陽明,21,2,19,高橋,2023-12-11,5320
6288,聯嘉,19,0,19,高橋,2023-12-11,5320
2610,華航,35,17,18,高橋,2023-12-11,5320
2376,技嘉,25,8,17,高橋,2023-12-11,5320
3078,僑威,23,6,17,高橋,2023-12-11,5320
6235,華孚,21,4,17,高橋,2023-12-11,5320
6148,驊宏資,18,1,17,高橋,2023-12-11,5320
6531,愛普*,21,5,16,高橋,2023-12-11,5320
6274,台燿,19,3,16,高橋,2023-12-11,5320
4535,至興,15,0,15,高橋,2023-12-11,5320
2375,凱美,15,1,14,高橋,2023-12-11,5320
2615,萬海,32,18,14,高橋,2023-12-11,5320
6216,居易,15,2,13,高橋,2023-12-11,5320
2641,正德,19,6,13,高橋,2023-12-11,5320
4167,松瑞藥,13,0,13,高橋,2023-12-11,5320
6173,信昌電,12,0,12,高橋,2023-12-11,5320
00687B,國泰20年美債,221,2,219,高橋,2023-12-12,5320
00919,群益台灣精選高息,263,51,212,高橋,2023-12-12,5320
2891,中信金,200,6,194,高橋,2023-12-12,5320
1608,華榮,178,25,153,高橋,2023-12-12,5320
2867,三商壽,130,0,130,高橋,2023-12-12,5320
00934,中信成長高股息,127,0,127,高橋,2023-12-12,5320
2409,友達,115,6,109,高橋,2023-12-12,5320
2618,長榮航,125,24,101,高橋,2023-12-12,5320
00918,大華優利高填息30,107,10,97,高橋,2023-12-12,5320
00937B,群益ESG投等債20,93,0,93,高橋,2023-12-12,5320
1312,國喬,61,0,61,高橋,2023-12-12,5320
00665L,富邦�琤肭磪囓�2,50,0,50,高橋,2023-12-12,5320
3652,精聯,45,1,44,高橋,2023-12-12,5320
3276,宇環,41,0,41,高橋,2023-12-12,5320
3481,群創,50,13,37,高橋,2023-12-12,5320
2610,華航,55,18,37,高橋,2023-12-12,5320
8096,擎亞,48,14,34,高橋,2023-12-12,5320
00929,復華台灣科技優息,68,38,30,高橋,2023-12-12,5320
3363,上詮,39,10,29,高橋,2023-12-12,5320
3041,揚智,41,14,27,高橋,2023-12-12,5320
3450,聯鈞,27,1,26,高橋,2023-12-12,5320
3178,公準,26,0,26,高橋,2023-12-12,5320
1301,台塑,27,2,25,高橋,2023-12-12,5320
00882,中信中國高股息,30,5,25,高橋,2023-12-12,5320
2002,中鋼,26,2,24,高橋,2023-12-12,5320
2399,映泰,24,0,24,高橋,2023-12-12,5320
2543,皇昌,29,6,23,高橋,2023-12-12,5320
5521,工信,29,6,23,高橋,2023-12-12,5320
3231,緯創,40,18,22,高橋,2023-12-12,5320
8222,寶一,23,1,22,高橋,2023-12-12,5320
3060,銘異,21,0,21,高橋,2023-12-12,5320
4114,健喬,20,0,20,高橋,2023-12-12,5320
00696B,富邦美債20年,20,0,20,高橋,2023-12-12,5320
1471,首利,20,0,20,高橋,2023-12-12,5320
2845,遠東銀,30,10,20,高橋,2023-12-12,5320
1337,再生-KY,20,0,20,高橋,2023-12-12,5320
00915,凱基優選高股息30,21,1,20,高橋,2023-12-12,5320
6129,普誠,20,0,20,高橋,2023-12-12,5320
2337,旺宏,50,31,19,高橋,2023-12-12,5320
1605,華新,27,9,18,高橋,2023-12-12,5320
00632R,元大台灣50反1,18,0,18,高橋,2023-12-12,5320
1789,神隆,17,0,17,高橋,2023-12-12,5320
8033,雷虎,15,0,15,高橋,2023-12-12,5320
3013,晟銘電,16,2,14,高橋,2023-12-12,5320
3701,大眾控,13,0,13,高橋,2023-12-12,5320
00795B,中信美國公債20年,13,0,13,高橋,2023-12-12,5320
3078,僑威,16,3,13,高橋,2023-12-12,5320
1466,聚隆,12,0,12,高橋,2023-12-12,5320
2367,燿華,12,0,12,高橋,2023-12-12,5320
6288,聯嘉,12,1,11,高橋,2023-12-12,5320
00919,群益台灣精選高息,202,50,152,高橋,2023-12-13,5320
2367,燿華,118,22,96,高橋,2023-12-13,5320
3047,訊舟,106,10,96,高橋,2023-12-13,5320
2801,彰銀,100,6,94,高橋,2023-12-13,5320
00637L,元大滬深300正2,90,1,89,高橋,2023-12-13,5320
00934,中信成長高股息,87,20,67,高橋,2023-12-13,5320
00918,大華優利高填息30,64,0,64,高橋,2023-12-13,5320
00715L,期街口布蘭特正2,46,0,46,高橋,2023-12-13,5320
00933B,國泰10Y+金融債,42,0,42,高橋,2023-12-13,5320
5011,久陽,44,4,40,高橋,2023-12-13,5320
2891,中信金,50,11,39,高橋,2023-12-13,5320
2610,華航,46,8,38,高橋,2023-12-13,5320
00687B,國泰20年美債,39,1,38,高橋,2023-12-13,5320
3481,群創,44,9,35,高橋,2023-12-13,5320
2605,新興,42,8,34,高橋,2023-12-13,5320
2634,漢翔,55,21,34,高橋,2023-12-13,5320
2002,中鋼,34,1,33,高橋,2023-12-13,5320
00642U,期元大S＆P石油,33,0,33,高橋,2023-12-13,5320
1718,中纖,30,0,30,高橋,2023-12-13,5320
00753L,中信中國50正2,30,0,30,高橋,2023-12-13,5320
2201,裕隆,28,1,27,高橋,2023-12-13,5320
2888,新光金,22,0,22,高橋,2023-12-13,5320
1711,永光,21,0,21,高橋,2023-12-13,5320
0056,元大高股息,38,17,21,高橋,2023-12-13,5320
1337,再生-KY,20,0,20,高橋,2023-12-13,5320
4967,十銓,21,1,20,高橋,2023-12-13,5320
3363,上詮,23,5,18,高橋,2023-12-13,5320
8358,金居,19,1,18,高橋,2023-12-13,5320
2409,友達,20,2,18,高橋,2023-12-13,5320
1524,耿鼎,25,8,17,高橋,2023-12-13,5320
1314,中石化,66,50,16,高橋,2023-12-13,5320
1301,台塑,16,0,16,高橋,2023-12-13,5320
2376,技嘉,23,8,15,高橋,2023-12-13,5320
2615,萬海,16,1,15,高橋,2023-12-13,5320
2881,富邦金,20,6,14,高橋,2023-12-13,5320
2495,普安,14,0,14,高橋,2023-12-13,5320
4933,友輝,13,0,13,高橋,2023-12-13,5320
2355,敬鵬,13,0,13,高橋,2023-12-13,5320
3078,僑威,15,3,12,高橋,2023-12-13,5320
00882,中信中國高股息,14,2,12,高橋,2023-12-13,5320
2630,亞航,20,8,12,高橋,2023-12-13,5320
2606,裕民,15,3,12,高橋,2023-12-13,5320
3504,揚明光,12,0,12,高橋,2023-12-13,5320
2105,正新,12,0,12,高橋,2023-12-13,5320
2485,兆赫,15,3,12,高橋,2023-12-13,5320
1605,華新,22,10,12,高橋,2023-12-13,5320
6104,創惟,11,0,11,高橋,2023-12-13,5320
6168,宏齊,11,0,11,高橋,2023-12-13,5320
00888,永豐台灣ESG,11,0,11,高橋,2023-12-13,5320
3050,鈺德,11,0,11,高橋,2023-12-13,5320
2888,新光金,302,2,300,高橋,2023-12-14,5320
00687B,國泰20年美債,252,2,250,高橋,2023-12-14,5320
1616,億泰,222,1,221,高橋,2023-12-14,5320
00933B,國泰10Y+金融債,143,0,143,高橋,2023-12-14,5320
2867,三商壽,100,0,100,高橋,2023-12-14,5320
00919,群益台灣精選高息,173,76,97,高橋,2023-12-14,5320
00637L,元大滬深300正2,117,35,82,高橋,2023-12-14,5320
3706,神達,85,25,60,高橋,2023-12-14,5320
6148,驊宏資,56,0,56,高橋,2023-12-14,5320
00679B,元大美債20年,56,1,55,高橋,2023-12-14,5320
3380,明泰,55,3,52,高橋,2023-12-14,5320
00665L,富邦�琤肭磪囓�2,100,50,50,高橋,2023-12-14,5320
5426,振發,57,10,47,高橋,2023-12-14,5320
00688L,國泰20年美債正2,60,14,46,高橋,2023-12-14,5320
3481,群創,45,3,42,高橋,2023-12-14,5320
3028,增你強,40,1,39,高橋,2023-12-14,5320
4906,正文,41,8,33,高橋,2023-12-14,5320
00715L,期街口布蘭特正2,52,19,33,高橋,2023-12-14,5320
2615,萬海,31,1,30,高橋,2023-12-14,5320
3231,緯創,91,62,29,高橋,2023-12-14,5320
2634,漢翔,30,1,29,高橋,2023-12-14,5320
2313,華通,102,74,28,高橋,2023-12-14,5320
5381,合正,27,0,27,高橋,2023-12-14,5320
1521,大億,25,0,25,高橋,2023-12-14,5320
2367,燿華,33,9,24,高橋,2023-12-14,5320
4933,友輝,25,1,24,高橋,2023-12-14,5320
4535,至興,25,2,23,高橋,2023-12-14,5320
3163,波若威,23,0,23,高橋,2023-12-14,5320
8996,高力,23,1,22,高橋,2023-12-14,5320
00720B,元大投資級公司債,22,1,21,高橋,2023-12-14,5320
2365,昆盈,23,2,21,高橋,2023-12-14,5320
4702,中美實,21,0,21,高橋,2023-12-14,5320
2606,裕民,29,8,21,高橋,2023-12-14,5320
1529,樂事綠能,42,21,21,高橋,2023-12-14,5320
00888,永豐台灣ESG,20,0,20,高橋,2023-12-14,5320
1591,駿吉-KY,20,0,20,高橋,2023-12-14,5320
1337,再生-KY,20,0,20,高橋,2023-12-14,5320
00669R,國泰美國道瓊反1,20,0,20,高橋,2023-12-14,5320
2369,菱生,20,1,19,高橋,2023-12-14,5320
3390,旭軟,27,9,18,高橋,2023-12-14,5320
3019,亞光,27,10,17,高橋,2023-12-14,5320
00922,國泰台灣領袖50,18,1,17,高橋,2023-12-14,5320
00934,中信成長高股息,19,2,17,高橋,2023-12-14,5320
8110,華東,25,8,17,高橋,2023-12-14,5320
1618,合機,21,4,17,高橋,2023-12-14,5320
1524,耿鼎,32,16,16,高橋,2023-12-14,5320
2401,凌陽,26,10,16,高橋,2023-12-14,5320
1718,中纖,20,4,16,高橋,2023-12-14,5320
00772B,中信高評級公司債,21,5,16,高橋,2023-12-14,5320
1609,大亞,22,6,16,高橋,2023-12-14,5320
00937B,群益ESG投等債20,267,6,261,高橋,2023-12-15,5320
2888,新光金,201,9,192,高橋,2023-12-15,5320
2363,矽統,222,47,175,高橋,2023-12-15,5320
2356,英業達,302,157,145,高橋,2023-12-15,5320
00919,群益台灣精選高息,315,188,127,高橋,2023-12-15,5320
00680L,元大美債20正2,121,0,121,高橋,2023-12-15,5320
00687B,國泰20年美債,141,22,119,高橋,2023-12-15,5320
00637L,元大滬深300正2,83,1,82,高橋,2023-12-15,5320
00679B,元大美債20年,62,4,58,高橋,2023-12-15,5320
0056,元大高股息,66,9,57,高橋,2023-12-15,5320
3149,正達,59,3,56,高橋,2023-12-15,5320
00688L,國泰20年美債正2,59,10,49,高橋,2023-12-15,5320
00933B,國泰10Y+金融債,56,12,44,高橋,2023-12-15,5320
2610,華航,53,15,38,高橋,2023-12-15,5320
6129,普誠,38,0,38,高橋,2023-12-15,5320
2312,金寶,37,0,37,高橋,2023-12-15,5320
2516,新建,35,0,35,高橋,2023-12-15,5320
3231,緯創,88,57,31,高橋,2023-12-15,5320
00885,富邦越南,30,0,30,高橋,2023-12-15,5320
1216,統一,30,0,30,高橋,2023-12-15,5320
2355,敬鵬,33,4,29,高橋,2023-12-15,5320
3260,威剛,36,9,27,高橋,2023-12-15,5320
00795B,中信美國公債20年,25,0,25,高橋,2023-12-15,5320
00751B,元大AAA至A公司債,24,0,24,高橋,2023-12-15,5320
3265,台星科,25,1,24,高橋,2023-12-15,5320
3450,聯鈞,24,0,24,高橋,2023-12-15,5320
2323,中環,22,0,22,高橋,2023-12-15,5320
00712,復華富時不動產,119,97,22,高橋,2023-12-15,5320
1718,中纖,21,0,21,高橋,2023-12-15,5320
00752,中信中國50,30,10,20,高橋,2023-12-15,5320
00930,永豐ESG低碳高息,20,0,20,高橋,2023-12-15,5320
8112,至上,27,8,19,高橋,2023-12-15,5320
6257,矽格,28,9,19,高橋,2023-12-15,5320
2605,新興,49,31,18,高橋,2023-12-15,5320
2419,仲琦,17,0,17,高橋,2023-12-15,5320
00632R,元大台灣50反1,17,0,17,高橋,2023-12-15,5320
1519,華城,31,14,17,高橋,2023-12-15,5320
9904,寶成,16,0,16,高橋,2023-12-15,5320
5381,合正,16,0,16,高橋,2023-12-15,5320
2367,燿華,16,1,15,高橋,2023-12-15,5320
00915,凱基優選高股息30,15,0,15,高橋,2023-12-15,5320
00891,中信關鍵半導體,20,5,15,高橋,2023-12-15,5320
2201,裕隆,19,5,14,高橋,2023-12-15,5320
3596,智易,14,0,14,高橋,2023-12-15,5320
2417,圓剛,14,0,14,高橋,2023-12-15,5320
6231,系微,18,4,14,高橋,2023-12-15,5320
2481,強茂,40,26,14,高橋,2023-12-15,5320
2388,威盛,23,10,13,高橋,2023-12-15,5320
6153,嘉聯益,14,1,13,高橋,2023-12-15,5320
6173,信昌電,14,1,13,高橋,2023-12-15,5320
00937B,群益ESG投等債20,420,89,331,高橋,2023-12-18,5320
00650L,復華香港正2,204,0,204,高橋,2023-12-18,5320
00688L,國泰20年美債正2,160,5,155,高橋,2023-12-18,5320
00929,復華台灣科技優息,194,58,136,高橋,2023-12-18,5320
2618,長榮航,140,23,117,高橋,2023-12-18,5320
2605,新興,129,25,104,高橋,2023-12-18,5320
6282,康舒,68,3,65,高橋,2023-12-18,5320
00922,國泰台灣領袖50,60,0,60,高橋,2023-12-18,5320
00918,大華優利高填息30,53,0,53,高橋,2023-12-18,5320
2641,正德,54,3,51,高橋,2023-12-18,5320
2356,英業達,142,94,48,高橋,2023-12-18,5320
6182,合晶,51,4,47,高橋,2023-12-18,5320
3276,宇環,45,0,45,高橋,2023-12-18,5320
00923,群益台ESG低碳50,40,0,40,高橋,2023-12-18,5320
2610,華航,41,2,39,高橋,2023-12-18,5320
2515,中工,48,15,33,高橋,2023-12-18,5320
3362,先進光,21,0,21,高橋,2023-12-18,5320
6248,沛波,21,0,21,高橋,2023-12-18,5320
1337,再生-KY,20,0,20,高橋,2023-12-18,5320
3450,聯鈞,22,2,20,高橋,2023-12-18,5320
00915,凱基優選高股息30,20,0,20,高橋,2023-12-18,5320
8070,長華*,20,0,20,高橋,2023-12-18,5320
2615,萬海,38,18,20,高橋,2023-12-18,5320
2882,國泰金,20,2,18,高橋,2023-12-18,5320
1102,亞泥,16,0,16,高橋,2023-12-18,5320
3041,揚智,18,2,16,高橋,2023-12-18,5320
3105,穩懋,15,0,15,高橋,2023-12-18,5320
2022,聚亨,22,7,15,高橋,2023-12-18,5320
1514,亞力,15,1,14,高橋,2023-12-18,5320
1907,永豐餘,24,10,14,高橋,2023-12-18,5320
2801,彰銀,14,0,14,高橋,2023-12-18,5320
2017,官田鋼,13,0,13,高橋,2023-12-18,5320
2355,敬鵬,13,1,12,高橋,2023-12-18,5320
9919,康那香,16,4,12,高橋,2023-12-18,5320
2204,中華,13,1,12,高橋,2023-12-18,5320
3005,神基,13,2,11,高橋,2023-12-18,5320
2340,台亞,11,0,11,高橋,2023-12-18,5320
3622,洋華,16,5,11,高橋,2023-12-18,5320
1584,精剛,51,40,11,高橋,2023-12-18,5320
3038,全台,11,0,11,高橋,2023-12-18,5320
3338,泰碩,11,0,11,高橋,2023-12-18,5320
6133,金橋,11,0,11,高橋,2023-12-18,5320
3031,佰鴻,20,10,10,高橋,2023-12-18,5320
6168,宏齊,10,0,10,高橋,2023-12-18,5320
00696B,富邦美債20年,10,0,10,高橋,2023-12-18,5320
00772B,中信高評級公司債,10,0,10,高橋,2023-12-18,5320
00900,富邦特選高股息30,27,17,10,高橋,2023-12-18,5320
6148,驊宏資,12,2,10,高橋,2023-12-18,5320
2031,新光鋼,18,8,10,高橋,2023-12-18,5320
00665L,富邦�琤肭磪囓�2,10,0,10,高橋,2023-12-18,5320
6116,彩晶,512,0,512,高橋,2023-12-19,5320
2610,華航,114,15,99,高橋,2023-12-19,5320
2618,長榮航,118,24,94,高橋,2023-12-19,5320
00882,中信中國高股息,80,0,80,高橋,2023-12-19,5320
00929,復華台灣科技優息,297,217,80,高橋,2023-12-19,5320
00933B,國泰10Y+金融債,70,1,69,高橋,2023-12-19,5320
00937B,群益ESG投等債20,179,111,68,高橋,2023-12-19,5320
2356,英業達,114,48,66,高橋,2023-12-19,5320
1312,國喬,58,0,58,高橋,2023-12-19,5320
2634,漢翔,51,0,51,高橋,2023-12-19,5320
1612,宏泰,54,3,51,高橋,2023-12-19,5320
00918,大華優利高填息30,67,20,47,高橋,2023-12-19,5320
2609,陽明,190,147,43,高橋,2023-12-19,5320
00687B,國泰20年美債,44,5,39,高橋,2023-12-19,5320
00753L,中信中國50正2,37,0,37,高橋,2023-12-19,5320
00919,群益台灣精選高息,154,118,36,高橋,2023-12-19,5320
1102,亞泥,36,0,36,高橋,2023-12-19,5320
00680L,元大美債20正2,34,0,34,高橋,2023-12-19,5320
00900,富邦特選高股息30,38,7,31,高橋,2023-12-19,5320
0056,元大高股息,32,3,29,高橋,2023-12-19,5320
2401,凌陽,30,1,29,高橋,2023-12-19,5320
2402,毅嘉,31,4,27,高橋,2023-12-19,5320
9919,康那香,33,7,26,高橋,2023-12-19,5320
1604,聲寶,24,0,24,高橋,2023-12-19,5320
5512,力麒,22,0,22,高橋,2023-12-19,5320
00934,中信成長高股息,22,0,22,高橋,2023-12-19,5320
1616,億泰,21,0,21,高橋,2023-12-19,5320
1219,福壽,20,0,20,高橋,2023-12-19,5320
1815,富喬,23,3,20,高橋,2023-12-19,5320
3014,聯陽,20,1,19,高橋,2023-12-19,5320
1711,永光,22,3,19,高橋,2023-12-19,5320
2603,長榮,39,21,18,高橋,2023-12-19,5320
2324,仁寶,18,1,17,高橋,2023-12-19,5320
2449,京元電子,21,5,16,高橋,2023-12-19,5320
2007,燁興,19,3,16,高橋,2023-12-19,5320
4167,松瑞藥,27,11,16,高橋,2023-12-19,5320
6129,普誠,16,0,16,高橋,2023-12-19,5320
5351,鈺創,19,3,16,高橋,2023-12-19,5320
2855,統一證,15,0,15,高橋,2023-12-19,5320
3706,神達,18,4,14,高橋,2023-12-19,5320
2882,國泰金,16,2,14,高橋,2023-12-19,5320
2312,金寶,14,0,14,高橋,2023-12-19,5320
8433,弘帆,13,0,13,高橋,2023-12-19,5320
2344,華邦電,27,14,13,高橋,2023-12-19,5320
00923,群益台ESG低碳50,13,0,13,高橋,2023-12-19,5320
3231,緯創,44,32,12,高橋,2023-12-19,5320
2465,麗臺,12,0,12,高橋,2023-12-19,5320
00637L,元大滬深300正2,12,0,12,高橋,2023-12-19,5320
2032,新鋼,15,3,12,高橋,2023-12-19,5320
1560,中砂,11,0,11,高橋,2023-12-19,5320
2888,新光金,181,52,129,高橋,2023-12-20,5320
00929,復華台灣科技優息,183,55,128,高橋,2023-12-20,5320
00937B,群益ESG投等債20,76,0,76,高橋,2023-12-20,5320
2007,燁興,60,2,58,高橋,2023-12-20,5320
00919,群益台灣精選高息,65,10,55,高橋,2023-12-20,5320
2630,亞航,50,1,49,高橋,2023-12-20,5320
8112,至上,46,1,45,高橋,2023-12-20,5320
2618,長榮航,47,8,39,高橋,2023-12-20,5320
00637L,元大滬深300正2,33,0,33,高橋,2023-12-20,5320
2365,昆盈,33,2,31,高橋,2023-12-20,5320
00679B,元大美債20年,30,0,30,高橋,2023-12-20,5320
1805,寶徠,30,0,30,高橋,2023-12-20,5320
00923,群益台ESG低碳50,26,0,26,高橋,2023-12-20,5320
00933B,國泰10Y+金融債,43,22,21,高橋,2023-12-20,5320
9904,寶成,41,20,21,高橋,2023-12-20,5320
4960,誠美材,20,0,20,高橋,2023-12-20,5320
3260,威剛,19,0,19,高橋,2023-12-20,5320
2472,立隆電,20,1,19,高橋,2023-12-20,5320
9919,康那香,20,2,18,高橋,2023-12-20,5320
2014,中鴻,61,44,17,高橋,2023-12-20,5320
5515,建國,25,8,17,高橋,2023-12-20,5320
6248,沛波,17,0,17,高橋,2023-12-20,5320
2313,華通,33,17,16,高橋,2023-12-20,5320
2314,台揚,27,12,15,高橋,2023-12-20,5320
6546,正基,17,2,15,高橋,2023-12-20,5320
2481,強茂,17,2,15,高橋,2023-12-20,5320
2367,燿華,15,0,15,高橋,2023-12-20,5320
6156,松上,15,0,15,高橋,2023-12-20,5320
3711,日月光投控,21,7,14,高橋,2023-12-20,5320
4979,華星光,21,7,14,高橋,2023-12-20,5320
2882,國泰金,14,1,13,高橋,2023-12-20,5320
1312,國喬,13,0,13,高橋,2023-12-20,5320
3013,晟銘電,15,2,13,高橋,2023-12-20,5320
2020,美亞,14,1,13,高橋,2023-12-20,5320
6770,力積電,13,0,13,高橋,2023-12-20,5320
4904,遠傳,14,2,12,高橋,2023-12-20,5320
2887,台新金,12,0,12,高橋,2023-12-20,5320
2329,華泰,17,6,11,高橋,2023-12-20,5320
1440,南紡,11,0,11,高橋,2023-12-20,5320
2890,永豐金,12,1,11,高橋,2023-12-20,5320
8227,巨有科技,12,1,11,高橋,2023-12-20,5320
2328,廣宇,10,0,10,高橋,2023-12-20,5320
6277,宏正,10,0,10,高橋,2023-12-20,5320
1907,永豐餘,10,0,10,高橋,2023-12-20,5320
5465,富驊,10,0,10,高橋,2023-12-20,5320
3526,凡甲,10,0,10,高橋,2023-12-20,5320
00720B,元大投資級公司債,12,2,10,高橋,2023-12-20,5320
3042,晶技,10,0,10,高橋,2023-12-20,5320
1326,台化,10,0,10,高橋,2023-12-20,5320
2332,友訊,10,0,10,高橋,2023-12-20,5320
00937B,群益ESG投等債20,178,1,177,高橋,2023-12-21,5320
9105,泰金寶-DR,168,16,152,高橋,2023-12-21,5320
00918,大華優利高填息30,100,0,100,高橋,2023-12-21,5320
00931B,統一美債20年,78,1,77,高橋,2023-12-21,5320
2882,國泰金,66,2,64,高橋,2023-12-21,5320
9919,康那香,129,70,59,高橋,2023-12-21,5320
5521,工信,64,7,57,高橋,2023-12-21,5320
8011,台通,54,4,50,高橋,2023-12-21,5320
00919,群益台灣精選高息,210,166,44,高橋,2023-12-21,5320
2634,漢翔,74,31,43,高橋,2023-12-21,5320
2303,聯電,43,1,42,高橋,2023-12-21,5320
00929,復華台灣科技優息,61,21,40,高橋,2023-12-21,5320
2903,遠百,31,0,31,高橋,2023-12-21,5320
1325,恆大,54,27,27,高橋,2023-12-21,5320
2641,正德,46,20,26,高橋,2023-12-21,5320
2610,華航,39,14,25,高橋,2023-12-21,5320
6005,群益證,25,1,24,高橋,2023-12-21,5320
1504,東元,27,4,23,高橋,2023-12-21,5320
1711,永光,22,0,22,高橋,2023-12-21,5320
2324,仁寶,59,37,22,高橋,2023-12-21,5320
00882,中信中國高股息,23,2,21,高橋,2023-12-21,5320
2886,兆豐金,21,1,20,高橋,2023-12-21,5320
2317,鴻海,35,15,20,高橋,2023-12-21,5320
00688L,國泰20年美債正2,20,0,20,高橋,2023-12-21,5320
2605,新興,20,0,20,高橋,2023-12-21,5320
2516,新建,32,12,20,高橋,2023-12-21,5320
5011,久陽,22,3,19,高橋,2023-12-21,5320
3035,智原,25,7,18,高橋,2023-12-21,5320
2449,京元電子,18,0,18,高橋,2023-12-21,5320
2330,台積電,19,1,18,高橋,2023-12-21,5320
0056,元大高股息,19,1,18,高橋,2023-12-21,5320
2618,長榮航,23,6,17,高橋,2023-12-21,5320
2615,萬海,69,51,18,高橋,2023-12-21,5320
1612,宏泰,20,3,17,高橋,2023-12-21,5320
2472,立隆電,17,1,16,高橋,2023-12-21,5320
6163,華電網,15,0,15,高橋,2023-12-21,5320
3704,合勤控,15,0,15,高橋,2023-12-21,5320
1905,華紙,20,6,14,高橋,2023-12-21,5320
2312,金寶,21,8,13,高橋,2023-12-21,5320
1584,精剛,55,42,13,高橋,2023-12-21,5320
3305,昇貿,13,0,13,高橋,2023-12-21,5320
2313,華通,36,23,13,高橋,2023-12-21,5320
00933B,國泰10Y+金融債,12,1,11,高橋,2023-12-21,5320
5864,致和證,11,0,11,高橋,2023-12-21,5320
3013,晟銘電,11,0,11,高橋,2023-12-21,5320
00893,國泰智能電動車,10,0,10,高橋,2023-12-21,5320
3047,訊舟,10,0,10,高橋,2023-12-21,5320
6477,安集,10,0,10,高橋,2023-12-21,5320
00645,富邦日本,10,0,10,高橋,2023-12-21,5320
1717,長興,10,0,10,高橋,2023-12-21,5320
00680L,元大美債20正2,147,5,142,高橋,2023-12-22,5320
00937B,群益ESG投等債20,138,2,136,高橋,2023-12-22,5320
2344,華邦電,71,14,57,高橋,2023-12-22,5320
2886,兆豐金,47,0,47,高橋,2023-12-22,5320
2355,敬鵬,58,13,45,高橋,2023-12-22,5320
00665L,富邦�琤肭磪囓�2,40,0,40,高橋,2023-12-22,5320
8054,安國,51,12,39,高橋,2023-12-22,5320
1609,大亞,34,0,34,高橋,2023-12-22,5320
2323,中環,32,2,30,高橋,2023-12-22,5320
1305,華夏,27,0,27,高橋,2023-12-22,5320
5009,榮剛,25,0,25,高橋,2023-12-22,5320
00881,國泰台灣5G+,30,6,24,高橋,2023-12-22,5320
4909,新復興,24,0,24,高橋,2023-12-22,5320
1314,中石化,22,0,22,高橋,2023-12-22,5320
9105,泰金寶-DR,25,4,21,高橋,2023-12-22,5320
2641,正德,22,1,21,高橋,2023-12-22,5320
9904,寶成,20,0,20,高橋,2023-12-22,5320
1711,永光,20,0,20,高橋,2023-12-22,5320
2014,中鴻,42,24,18,高橋,2023-12-22,5320
00795B,中信美國公債20年,17,0,17,高橋,2023-12-22,5320
00687B,國泰20年美債,31,15,16,高橋,2023-12-22,5320
1326,台化,21,5,16,高橋,2023-12-22,5320
00751B,元大AAA至A公司債,18,2,16,高橋,2023-12-22,5320
00900,富邦特選高股息30,16,1,15,高橋,2023-12-22,5320
4142,國光生,15,0,15,高橋,2023-12-22,5320
8027,鈦昇,15,0,15,高橋,2023-12-22,5320
2027,大成鋼,15,1,14,高橋,2023-12-22,5320
3362,先進光,35,21,14,高橋,2023-12-22,5320
1616,億泰,14,0,14,高橋,2023-12-22,5320
6116,彩晶,15,2,13,高橋,2023-12-22,5320
8222,寶一,13,0,13,高橋,2023-12-22,5320
00650L,復華香港正2,16,4,12,高橋,2023-12-22,5320
2324,仁寶,38,26,12,高橋,2023-12-22,5320
3037,欣興,13,2,11,高橋,2023-12-22,5320
3363,上詮,11,0,11,高橋,2023-12-22,5320
2834,臺企銀,11,0,11,高橋,2023-12-22,5320
5498,凱崴,11,0,11,高橋,2023-12-22,5320
1611,中電,10,0,10,高橋,2023-12-22,5320
3325,旭品,10,0,10,高橋,2023-12-22,5320
3276,宇環,10,0,10,高橋,2023-12-22,5320
00916,國泰全球品牌50,10,0,10,高橋,2023-12-22,5320
3701,大眾控,10,0,10,高橋,2023-12-22,5320
8429,金麗-KY,10,0,10,高橋,2023-12-22,5320
00934,中信成長高股息,10,0,10,高橋,2023-12-22,5320
8070,長華*,10,0,10,高橋,2023-12-22,5320
00929,復華台灣科技優息,70,60,10,高橋,2023-12-22,5320
2465,麗臺,11,2,9,高橋,2023-12-22,5320
2882,國泰金,9,0,9,高橋,2023-12-22,5320
2328,廣宇,9,0,9,高橋,2023-12-22,5320
6477,安集,9,0,9,高橋,2023-12-22,5320
2409,友達,410,28,382,高橋,2023-12-25,5320
00919,群益台灣精選高息,308,8,300,高橋,2023-12-25,5320
00937B,群益ESG投等債20,115,7,108,高橋,2023-12-25,5320
2609,陽明,296,205,91,高橋,2023-12-25,5320
2324,仁寶,115,47,68,高橋,2023-12-25,5320
2515,中工,56,4,52,高橋,2023-12-25,5320
2516,新建,47,0,47,高橋,2023-12-25,5320
2886,兆豐金,50,6,44,高橋,2023-12-25,5320
2603,長榮,68,28,40,高橋,2023-12-25,5320
2022,聚亨,48,9,39,高橋,2023-12-25,5320
4909,新復興,37,1,36,高橋,2023-12-25,5320
3481,群創,84,52,32,高橋,2023-12-25,5320
5469,瀚宇博,31,0,31,高橋,2023-12-25,5320
00929,復華台灣科技優息,39,11,28,高橋,2023-12-25,5320
00900,富邦特選高股息30,35,10,25,高橋,2023-12-25,5320
2498,宏達電,48,24,24,高橋,2023-12-25,5320
9105,泰金寶-DR,23,0,23,高橋,2023-12-25,5320
8016,矽創,21,0,21,高橋,2023-12-25,5320
2461,光群雷,20,0,20,高橋,2023-12-25,5320
3576,聯合再生,20,0,20,高橋,2023-12-25,5320
00712,復華富時不動產,21,1,20,高橋,2023-12-25,5320
2465,麗臺,19,0,19,高橋,2023-12-25,5320
00637L,元大滬深300正2,19,0,19,高橋,2023-12-25,5320
2615,萬海,64,45,19,高橋,2023-12-25,5320
2312,金寶,24,6,18,高橋,2023-12-25,5320
2607,榮運,21,3,18,高橋,2023-12-25,5320
2449,京元電子,17,0,17,高橋,2023-12-25,5320
6139,亞翔,20,4,16,高橋,2023-12-25,5320
9904,寶成,17,1,16,高橋,2023-12-25,5320
2362,藍天,18,2,16,高橋,2023-12-25,5320
2382,廣達,23,7,16,高橋,2023-12-25,5320
2457,飛宏,17,2,15,高橋,2023-12-25,5320
2421,建準,22,8,14,高橋,2023-12-25,5320
5880,合庫金,18,4,14,高橋,2023-12-25,5320
2618,長榮航,19,5,14,高橋,2023-12-25,5320
2337,旺宏,15,1,14,高橋,2023-12-25,5320
6138,茂達,13,0,13,高橋,2023-12-25,5320
2637,慧洋-KY,13,0,13,高橋,2023-12-25,5320
2383,台光電,13,1,12,高橋,2023-12-25,5320
1304,台聚,12,0,12,高橋,2023-12-25,5320
1314,中石化,13,2,11,高橋,2023-12-25,5320
3264,欣銓,11,0,11,高橋,2023-12-25,5320
6257,矽格,11,0,11,高橋,2023-12-25,5320
2369,菱生,12,1,11,高橋,2023-12-25,5320
00934,中信成長高股息,11,0,11,高橋,2023-12-25,5320
1514,亞力,17,6,11,高橋,2023-12-25,5320
1905,華紙,10,0,10,高橋,2023-12-25,5320
6443,元晶,14,4,10,高橋,2023-12-25,5320
1301,台塑,10,0,10,高橋,2023-12-25,5320
6005,群益證,10,0,10,高橋,2023-12-25,5320
2888,新光金,300,6,294,高橋,2023-12-26,5320
2014,中鴻,129,2,127,高橋,2023-12-26,5320
00688L,國泰20年美債正2,100,0,100,高橋,2023-12-26,5320
00919,群益台灣精選高息,88,4,84,高橋,2023-12-26,5320
9105,泰金寶-DR,84,1,83,高橋,2023-12-26,5320
2610,華航,97,16,81,高橋,2023-12-26,5320
00934,中信成長高股息,71,0,71,高橋,2023-12-26,5320
2609,陽明,224,158,66,高橋,2023-12-26,5320
00937B,群益ESG投等債20,59,0,59,高橋,2023-12-26,5320
1337,再生-KY,56,1,55,高橋,2023-12-26,5320
2356,英業達,90,50,40,高橋,2023-12-26,5320
00929,復華台灣科技優息,42,6,36,高橋,2023-12-26,5320
00687B,國泰20年美債,34,0,34,高橋,2023-12-26,5320
2365,昆盈,36,2,34,高橋,2023-12-26,5320
2317,鴻海,40,7,33,高橋,2023-12-26,5320
5483,中美晶,39,7,32,高橋,2023-12-26,5320
2337,旺宏,60,30,30,高橋,2023-12-26,5320
6269,台郡,29,0,29,高橋,2023-12-26,5320
2355,敬鵬,31,2,29,高橋,2023-12-26,5320
2312,金寶,36,10,26,高橋,2023-12-26,5320
00637L,元大滬深300正2,25,0,25,高橋,2023-12-26,5320
2515,中工,28,6,22,高橋,2023-12-26,5320
00907,永豐優息存股,20,0,20,高橋,2023-12-26,5320
4973,廣穎,20,0,20,高橋,2023-12-26,5320
8033,雷虎,20,0,20,高橋,2023-12-26,5320
5521,工信,21,2,19,高橋,2023-12-26,5320
1584,精剛,20,2,18,高橋,2023-12-26,5320
5202,力新,17,0,17,高橋,2023-12-26,5320
00680L,元大美債20正2,16,0,16,高橋,2023-12-26,5320
6117,迎廣,18,3,15,高橋,2023-12-26,5320
1504,東元,21,6,15,高橋,2023-12-26,5320
2618,長榮航,38,24,14,高橋,2023-12-26,5320
00632R,元大台灣50反1,13,0,13,高橋,2023-12-26,5320
2834,臺企銀,13,0,13,高橋,2023-12-26,5320
3231,緯創,37,24,13,高橋,2023-12-26,5320
00636,國泰中國A50,12,0,12,高橋,2023-12-26,5320
2308,台達電,12,0,12,高橋,2023-12-26,5320
1618,合機,12,1,11,高橋,2023-12-26,5320
6541,泰福-KY,11,0,11,高橋,2023-12-26,5320
3324,雙鴻,11,0,11,高橋,2023-12-26,5320
2542,興富發,11,0,11,高橋,2023-12-26,5320
2344,華邦電,26,16,10,高橋,2023-12-26,5320
5533,皇鼎,10,0,10,高橋,2023-12-26,5320
00665L,富邦�琤肭磪囓�2,10,0,10,高橋,2023-12-26,5320
00701,國泰股利精選30,10,0,10,高橋,2023-12-26,5320
1201,味全,10,0,10,高橋,2023-12-26,5320
3673,TPK-KY,10,0,10,高橋,2023-12-26,5320
4909,新復興,11,1,10,高橋,2023-12-26,5320
1612,宏泰,10,0,10,高橋,2023-12-26,5320
2641,正德,11,1,10,高橋,2023-12-26,5320
00937B,群益ESG投等債20,214,0,214,高橋,2023-12-27,5320
00919,群益台灣精選高息,214,17,197,高橋,2023-12-27,5320
1447,力鵬,161,0,161,高橋,2023-12-27,5320
6129,普誠,188,30,158,高橋,2023-12-27,5320
00934,中信成長高股息,136,0,136,高橋,2023-12-27,5320
00929,復華台灣科技優息,141,23,118,高橋,2023-12-27,5320
00902,中信電池及儲能,112,0,112,高橋,2023-12-27,5320
2369,菱生,102,13,89,高橋,2023-12-27,5320
00882,中信中國高股息,86,0,86,高橋,2023-12-27,5320
2618,長榮航,94,14,80,高橋,2023-12-27,5320
2610,華航,79,5,74,高橋,2023-12-27,5320
5439,高技,74,1,73,高橋,2023-12-27,5320
2515,中工,54,3,51,高橋,2023-12-27,5320
00679B,元大美債20年,39,2,37,高橋,2023-12-27,5320
2889,國票金,44,7,37,高橋,2023-12-27,5320
2312,金寶,50,15,35,高橋,2023-12-27,5320
00936,台新永續高息中小,30,0,30,高橋,2023-12-27,5320
4906,正文,30,0,30,高橋,2023-12-27,5320
00923,群益台ESG低碳50,35,6,29,高橋,2023-12-27,5320
00680L,元大美債20正2,27,0,27,高橋,2023-12-27,5320
3390,旭軟,40,18,22,高橋,2023-12-27,5320
6120,達運,23,1,22,高橋,2023-12-27,5320
3231,緯創,50,28,22,高橋,2023-12-27,5320
2492,華新科,22,0,22,高橋,2023-12-27,5320
9945,潤泰新,29,7,22,高橋,2023-12-27,5320
2374,佳能,22,1,21,高橋,2023-12-27,5320
00664R,國泰臺灣加權反1,20,0,20,高橋,2023-12-27,5320
2887,台新金,20,0,20,高橋,2023-12-27,5320
1612,宏泰,22,2,20,高橋,2023-12-27,5320
6189,豐藝,20,0,20,高橋,2023-12-27,5320
2324,仁寶,246,226,20,高橋,2023-12-27,5320
1312,國喬,20,2,18,高橋,2023-12-27,5320
2801,彰銀,20,2,18,高橋,2023-12-27,5320
00632R,元大台灣50反1,18,0,18,高橋,2023-12-27,5320
00687B,國泰20年美債,18,0,18,高橋,2023-12-27,5320
2605,新興,21,3,18,高橋,2023-12-27,5320
2317,鴻海,20,2,18,高橋,2023-12-27,5320
8064,東捷,16,0,16,高橋,2023-12-27,5320
2331,精英,21,6,15,高橋,2023-12-27,5320
8105,凌巨,20,6,14,高橋,2023-12-27,5320
2886,兆豐金,14,1,13,高橋,2023-12-27,5320
2204,中華,13,0,13,高橋,2023-12-27,5320
3363,上詮,12,0,12,高橋,2023-12-27,5320
00690,兆豐藍籌30,17,5,12,高橋,2023-12-27,5320
5347,世界,16,5,11,高橋,2023-12-27,5320
2007,燁興,17,6,11,高橋,2023-12-27,5320
1584,精剛,10,0,10,高橋,2023-12-27,5320
1308,亞聚,10,0,10,高橋,2023-12-27,5320
4533,協易機,10,0,10,高橋,2023-12-27,5320
2883,凱基金,15,5,10,高橋,2023-12-27,5320
00937B,群益ESG投等債20,127,0,127,高橋,2023-12-28,5320
00919,群益台灣精選高息,88,7,81,高橋,2023-12-28,5320
00632R,元大台灣50反1,61,0,61,高橋,2023-12-28,5320
2365,昆盈,63,18,45,高橋,2023-12-28,5320
4167,松瑞藥,45,3,42,高橋,2023-12-28,5320
00929,復華台灣科技優息,68,28,40,高橋,2023-12-28,5320
2356,英業達,139,103,36,高橋,2023-12-28,5320
00712,復華富時不動產,33,0,33,高橋,2023-12-28,5320
6223,旺矽,33,0,33,高橋,2023-12-28,5320
1618,合機,43,11,32,高橋,2023-12-28,5320
1584,精剛,30,0,30,高橋,2023-12-28,5320
00715L,期街口布蘭特正2,29,0,29,高橋,2023-12-28,5320
00934,中信成長高股息,48,23,25,高橋,2023-12-28,5320
2303,聯電,92,67,25,高橋,2023-12-28,5320
5351,鈺創,32,8,24,高橋,2023-12-28,5320
2014,中鴻,24,1,23,高橋,2023-12-28,5320
2353,宏��,135,112,23,高橋,2023-12-28,5320
4938,和碩,22,0,22,高橋,2023-12-28,5320
8034,榮群,21,0,21,高橋,2023-12-28,5320
2030,彰源,21,0,21,高橋,2023-12-28,5320
6770,力積電,23,2,21,高橋,2023-12-28,5320
6164,華興,20,0,20,高橋,2023-12-28,5320
00927,群益半導體收益,20,0,20,高橋,2023-12-28,5320
00650L,復華香港正2,20,0,20,高橋,2023-12-28,5320
1513,中興電,24,7,17,高橋,2023-12-28,5320
2634,漢翔,22,6,16,高橋,2023-12-28,5320
3545,敦泰,17,1,16,高橋,2023-12-28,5320
00933B,國泰10Y+金融債,15,0,15,高橋,2023-12-28,5320
00687B,國泰20年美債,26,11,15,高橋,2023-12-28,5320
9105,泰金寶-DR,15,0,15,高橋,2023-12-28,5320
4909,新復興,40,25,15,高橋,2023-12-28,5320
2607,榮運,15,0,15,高橋,2023-12-28,5320
2603,長榮,26,12,14,高橋,2023-12-28,5320
3231,緯創,56,42,14,高橋,2023-12-28,5320
2007,燁興,17,3,14,高橋,2023-12-28,5320
1713,國化,13,0,13,高橋,2023-12-28,5320
3305,昇貿,13,0,13,高橋,2023-12-28,5320
6179,亞通,30,17,13,高橋,2023-12-28,5320
2329,華泰,21,8,13,高橋,2023-12-28,5320
00936,台新永續高息中小,12,0,12,高橋,2023-12-28,5320
00772B,中信高評級公司債,12,0,12,高橋,2023-12-28,5320
00923,群益台ESG低碳50,11,0,11,高橋,2023-12-28,5320
2107,厚生,11,0,11,高橋,2023-12-28,5320
8150,南茂,11,0,11,高橋,2023-12-28,5320
00669R,國泰美國道瓊反1,11,0,11,高橋,2023-12-28,5320
3035,智原,16,6,10,高橋,2023-12-28,5320
4979,華星光,14,4,10,高橋,2023-12-28,5320
3306,鼎天,12,2,10,高橋,2023-12-28,5320
4714,永捷,10,0,10,高橋,2023-12-28,5320
3078,僑威,20,10,10,高橋,2023-12-28,5320
00937B,群益ESG投等債20,268,0,268,高橋,2023-12-29,5320
00665L,富邦�琤肭磪囓�2,76,0,76,高橋,2023-12-29,5320
00929,復華台灣科技優息,82,8,74,高橋,2023-12-29,5320
1514,亞力,52,0,52,高橋,2023-12-29,5320
5465,富驊,41,3,38,高橋,2023-12-29,5320
00752,中信中國50,35,0,35,高橋,2023-12-29,5320
2331,精英,56,22,34,高橋,2023-12-29,5320
2609,陽明,65,33,32,高橋,2023-12-29,5320
00919,群益台灣精選高息,36,5,31,高橋,2023-12-29,5320
00679B,元大美債20年,35,5,30,高橋,2023-12-29,5320
4968,立積,30,1,29,高橋,2023-12-29,5320
3006,晶豪科,30,6,24,高橋,2023-12-29,5320
00715L,期街口布蘭特正2,23,0,23,高橋,2023-12-29,5320
8039,台虹,22,0,22,高橋,2023-12-29,5320
4909,新復興,22,0,22,高橋,2023-12-29,5320
2611,志信,22,0,22,高橋,2023-12-29,5320
5202,力新,21,0,21,高橋,2023-12-29,5320
00935,野村臺灣新科技50,21,0,21,高橋,2023-12-29,5320
00632R,元大台灣50反1,20,0,20,高橋,2023-12-29,5320
9904,寶成,20,0,20,高橋,2023-12-29,5320
2303,聯電,25,5,20,高橋,2023-12-29,5320
1815,富喬,21,2,19,高橋,2023-12-29,5320
2515,中工,25,6,19,高橋,2023-12-29,5320
2009,第一銅,18,0,18,高橋,2023-12-29,5320
6196,帆宣,18,1,17,高橋,2023-12-29,5320
2301,光寶科,18,1,17,高橋,2023-12-29,5320
3205,佰研,16,0,16,高橋,2023-12-29,5320
00902,中信電池及儲能,21,5,16,高橋,2023-12-29,5320
3260,威剛,28,12,16,高橋,2023-12-29,5320
2356,英業達,66,51,15,高橋,2023-12-29,5320
1513,中興電,23,9,14,高橋,2023-12-29,5320
00680L,元大美債20正2,14,0,14,高橋,2023-12-29,5320
1519,華城,24,11,13,高橋,2023-12-29,5320
2891,中信金,16,3,13,高橋,2023-12-29,5320
3710,連展投控,13,0,13,高橋,2023-12-29,5320
3402,漢科,14,1,13,高橋,2023-12-29,5320
3027,盛達,12,0,12,高橋,2023-12-29,5320
5351,鈺創,12,0,12,高橋,2023-12-29,5320
2888,新光金,12,0,12,高橋,2023-12-29,5320
2723,美食-KY,14,2,12,高橋,2023-12-29,5320
6188,廣明,14,2,12,高橋,2023-12-29,5320
6667,信紘科,17,5,12,高橋,2023-12-29,5320
1504,東元,12,1,11,高橋,2023-12-29,5320
4543,萬在,11,0,11,高橋,2023-12-29,5320
6148,驊宏資,11,0,11,高橋,2023-12-29,5320
00712,復華富時不動產,13,2,11,高橋,2023-12-29,5320
3037,欣興,10,0,10,高橋,2023-12-29,5320
8043,蜜望實,10,0,10,高橋,2023-12-29,5320
1810,和成,10,0,10,高橋,2023-12-29,5320
2739,寒舍,16,6,10,高橋,2023-12-29,5320
00937B,群益ESG投等債20,232,0,232,高橋,2024-01-02,5320
4906,正文,161,0,161,高橋,2024-01-02,5320
00919,群益台灣精選高息,119,0,119,高橋,2024-01-02,5320
3231,緯創,149,48,101,高橋,2024-01-02,5320
2609,陽明,119,52,67,高橋,2024-01-02,5320
00929,復華台灣科技優息,78,12,66,高橋,2024-01-02,5320
2303,聯電,68,4,64,高橋,2024-01-02,5320
2382,廣達,63,6,57,高橋,2024-01-02,5320
00665L,富邦�琤肭磪囓�2,54,0,54,高橋,2024-01-02,5320
00680L,元大美債20正2,53,0,53,高橋,2024-01-02,5320
2362,藍天,63,17,46,高橋,2024-01-02,5320
00687B,國泰20年美債,50,4,46,高橋,2024-01-02,5320
1616,億泰,42,0,42,高橋,2024-01-02,5320
2324,仁寶,48,9,39,高橋,2024-01-02,5320
2356,英業達,61,28,33,高橋,2024-01-02,5320
3706,神達,46,14,32,高橋,2024-01-02,5320
00878,國泰永續高股息,54,27,27,高橋,2024-01-02,5320
0056,元大高股息,38,11,27,高橋,2024-01-02,5320
6152,百一,30,5,25,高橋,2024-01-02,5320
00918,大華優利高填息30,23,0,23,高橋,2024-01-02,5320
2374,佳能,20,0,20,高橋,2024-01-02,5320
00888,永豐台灣ESG,20,0,20,高橋,2024-01-02,5320
2376,技嘉,37,18,19,高橋,2024-01-02,5320
2889,國票金,20,1,19,高橋,2024-01-02,5320
2607,榮運,27,8,19,高橋,2024-01-02,5320
2888,新光金,18,0,18,高橋,2024-01-02,5320
00712,復華富時不動產,26,8,18,高橋,2024-01-02,5320
00931B,統一美債20年,17,0,17,高橋,2024-01-02,5320
5202,力新,15,0,15,高橋,2024-01-02,5320
2615,萬海,22,7,15,高橋,2024-01-02,5320
2855,統一證,15,0,15,高橋,2024-01-02,5320
3260,威剛,26,12,14,高橋,2024-01-02,5320
2014,中鴻,24,10,14,高橋,2024-01-02,5320
6835,圓裕,14,0,14,高橋,2024-01-02,5320
3363,上詮,18,5,13,高橋,2024-01-02,5320
00882,中信中國高股息,20,7,13,高橋,2024-01-02,5320
3481,群創,19,6,13,高橋,2024-01-02,5320
3006,晶豪科,26,14,12,高橋,2024-01-02,5320
1608,華榮,12,0,12,高橋,2024-01-02,5320
2614,東森,12,1,11,高橋,2024-01-02,5320
00935,野村臺灣新科技50,11,0,11,高橋,2024-01-02,5320
6263,普萊德,15,4,11,高橋,2024-01-02,5320
2365,昆盈,15,5,10,高橋,2024-01-02,5320
9105,泰金寶-DR,10,0,10,高橋,2024-01-02,5320
2890,永豐金,10,0,10,高橋,2024-01-02,5320
2204,中華,10,0,10,高橋,2024-01-02,5320
3630,新鉅科,10,0,10,高橋,2024-01-02,5320
00753L,中信中國50正2,10,0,10,高橋,2024-01-02,5320
3504,揚明光,13,3,10,高橋,2024-01-02,5320
2457,飛宏,12,3,9,高橋,2024-01-02,5320
00937B,群益ESG投等債20,160,15,145,高橋,2024-01-03,5320
2303,聯電,124,14,110,高橋,2024-01-03,5320
2845,遠東銀,100,0,100,高橋,2024-01-03,5320
2605,新興,105,7,98,高橋,2024-01-03,5320
00929,復華台灣科技優息,140,50,90,高橋,2024-01-03,5320
6140,訊達,85,5,80,高橋,2024-01-03,5320
00919,群益台灣精選高息,84,7,77,高橋,2024-01-03,5320
2618,長榮航,131,60,71,高橋,2024-01-03,5320
2409,友達,67,1,66,高橋,2024-01-03,5320
2324,仁寶,69,5,64,高橋,2024-01-03,5320
00918,大華優利高填息30,64,1,63,高橋,2024-01-03,5320
00715L,期街口布蘭特正2,71,12,59,高橋,2024-01-03,5320
0056,元大高股息,118,71,47,高橋,2024-01-03,5320
3231,緯創,55,13,42,高橋,2024-01-03,5320
2330,台積電,36,0,36,高橋,2024-01-03,5320
4171,瑞基,34,0,34,高橋,2024-01-03,5320
3260,威剛,34,1,33,高橋,2024-01-03,5320
3450,聯鈞,32,0,32,高橋,2024-01-03,5320
1802,台玻,36,4,32,高橋,2024-01-03,5320
4979,華星光,30,0,30,高橋,2024-01-03,5320
6164,華興,30,1,29,高橋,2024-01-03,5320
2027,大成鋼,29,0,29,高橋,2024-01-03,5320
00927,群益半導體收益,28,0,28,高橋,2024-01-03,5320
2610,華航,43,15,28,高橋,2024-01-03,5320
3711,日月光投控,27,0,27,高橋,2024-01-03,5320
2486,一詮,42,15,27,高橋,2024-01-03,5320
00642U,期元大S＆P石油,27,0,27,高橋,2024-01-03,5320
9105,泰金寶-DR,33,6,27,高橋,2024-01-03,5320
00923,群益台ESG低碳50,23,0,23,高橋,2024-01-03,5320
6695,芯鼎,27,4,23,高橋,2024-01-03,5320
3694,海華,23,0,23,高橋,2024-01-03,5320
4906,正文,22,0,22,高橋,2024-01-03,5320
00881,國泰台灣5G+,22,0,22,高橋,2024-01-03,5320
2882,國泰金,21,0,21,高橋,2024-01-03,5320
00934,中信成長高股息,21,0,21,高橋,2024-01-03,5320
4114,健喬,36,15,21,高橋,2024-01-03,5320
00888,永豐台灣ESG,21,0,21,高橋,2024-01-03,5320
2801,彰銀,21,0,21,高橋,2024-01-03,5320
2353,宏��,40,19,21,高橋,2024-01-03,5320
2887,台新金,20,0,20,高橋,2024-01-03,5320
3105,穩懋,21,3,18,高橋,2024-01-03,5320
5202,力新,18,0,18,高橋,2024-01-03,5320
0050,元大台灣50,17,0,17,高橋,2024-01-03,5320
1605,華新,17,0,17,高橋,2024-01-03,5320
00915,凱基優選高股息30,17,0,17,高橋,2024-01-03,5320
2408,南亞科,17,1,16,高橋,2024-01-03,5320
2208,台船,15,0,15,高橋,2024-01-03,5320
1301,台塑,14,0,14,高橋,2024-01-03,5320
2002,中鋼,14,0,14,高橋,2024-01-03,5320
2344,華邦電,45,31,14,高橋,2024-01-03,5320
00637L,元大滬深300正2,232,7,225,高橋,2024-01-04,5320
2615,萬海,190,23,167,高橋,2024-01-04,5320
00929,復華台灣科技優息,173,13,160,高橋,2024-01-04,5320
00712,復華富時不動產,88,4,84,高橋,2024-01-04,5320
00720B,元大投資級公司債,67,0,67,高橋,2024-01-04,5320
5328,華容,67,0,67,高橋,2024-01-04,5320
00937B,群益ESG投等債20,71,20,51,高橋,2024-01-04,5320
2409,友達,112,69,43,高橋,2024-01-04,5320
00927,群益半導體收益,43,0,43,高橋,2024-01-04,5320
2303,聯電,47,10,37,高橋,2024-01-04,5320
9919,康那香,76,41,35,高橋,2024-01-04,5320
2605,新興,62,28,34,高橋,2024-01-04,5320
5243,乙盛-KY,30,0,30,高橋,2024-01-04,5320
3450,聯鈞,29,0,29,高橋,2024-01-04,5320
2401,凌陽,26,0,26,高橋,2024-01-04,5320
2449,京元電子,25,0,25,高橋,2024-01-04,5320
3694,海華,24,0,24,高橋,2024-01-04,5320
3706,神達,39,16,23,高橋,2024-01-04,5320
6282,康舒,24,1,23,高橋,2024-01-04,5320
2206,三陽工業,25,4,21,高橋,2024-01-04,5320
2881,富邦金,21,0,21,高橋,2024-01-04,5320
2355,敬鵬,23,3,20,高橋,2024-01-04,5320
1591,駿吉-KY,20,0,20,高橋,2024-01-04,5320
8086,宏捷科,23,4,19,高橋,2024-01-04,5320
2516,新建,19,0,19,高橋,2024-01-04,5320
3037,欣興,19,1,18,高橋,2024-01-04,5320
3413,京鼎,20,2,18,高橋,2024-01-04,5320
2009,第一銅,22,4,18,高橋,2024-01-04,5320
8936,國統,20,2,18,高橋,2024-01-04,5320
2492,華新科,20,2,18,高橋,2024-01-04,5320
00919,群益台灣精選高息,36,19,17,高橋,2024-01-04,5320
1514,亞力,26,9,17,高橋,2024-01-04,5320
1789,神隆,16,0,16,高橋,2024-01-04,5320
3380,明泰,30,14,16,高橋,2024-01-04,5320
6129,普誠,16,0,16,高橋,2024-01-04,5320
5521,工信,30,15,15,高橋,2024-01-04,5320
3576,聯合再生,14,0,14,高橋,2024-01-04,5320
5425,台半,15,1,14,高橋,2024-01-04,5320
2324,仁寶,27,14,13,高橋,2024-01-04,5320
8358,金居,13,0,13,高橋,2024-01-04,5320
2641,正德,32,19,13,高橋,2024-01-04,5320
2610,華航,31,18,13,高橋,2024-01-04,5320
2481,強茂,12,0,12,高橋,2024-01-04,5320
00881,國泰台灣5G+,12,0,12,高橋,2024-01-04,5320
2027,大成鋼,14,2,12,高橋,2024-01-04,5320
2362,藍天,19,7,12,高橋,2024-01-04,5320
9103,美德醫療-DR,14,2,12,高橋,2024-01-04,5320
00915,凱基優選高股息30,12,0,12,高橋,2024-01-04,5320
4938,和碩,12,0,12,高橋,2024-01-04,5320
3231,緯創,41,30,11,高橋,2024-01-04,5320
2610,華航,231,13,218,高橋,2024-01-05,5320
00929,復華台灣科技優息,177,11,166,高橋,2024-01-05,5320
2618,長榮航,139,38,101,高橋,2024-01-05,5320
00937B,群益ESG投等債20,63,10,53,高橋,2024-01-05,5320
00679B,元大美債20年,46,0,46,高橋,2024-01-05,5320
0056,元大高股息,46,0,46,高橋,2024-01-05,5320
00919,群益台灣精選高息,76,32,44,高橋,2024-01-05,5320
2324,仁寶,53,18,35,高橋,2024-01-05,5320
1522,堤維西,34,0,34,高橋,2024-01-05,5320
00753L,中信中國50正2,30,0,30,高橋,2024-01-05,5320
2208,台船,34,7,27,高橋,2024-01-05,5320
3231,緯創,44,21,23,高橋,2024-01-05,5320
2317,鴻海,50,29,21,高橋,2024-01-05,5320
1609,大亞,21,0,21,高橋,2024-01-05,5320
5425,台半,21,0,21,高橋,2024-01-05,5320
6191,精成科,20,0,20,高橋,2024-01-05,5320
3390,旭軟,29,11,18,高橋,2024-01-05,5320
2412,中華電,20,2,18,高橋,2024-01-05,5320
2352,佳世達,24,7,17,高橋,2024-01-05,5320
2382,廣達,23,6,17,高橋,2024-01-05,5320
2376,技嘉,20,4,16,高橋,2024-01-05,5320
6290,良維,16,0,16,高橋,2024-01-05,5320
6282,康舒,16,0,16,高橋,2024-01-05,5320
2637,慧洋-KY,30,15,15,高橋,2024-01-05,5320
00751B,元大AAA至A公司債,14,0,14,高橋,2024-01-05,5320
1815,富喬,20,6,14,高橋,2024-01-05,5320
3094,聯傑,14,0,14,高橋,2024-01-05,5320
2486,一詮,21,7,14,高橋,2024-01-05,5320
00720B,元大投資級公司債,13,0,13,高橋,2024-01-05,5320
00687B,國泰20年美債,13,0,13,高橋,2024-01-05,5320
3260,威剛,14,2,12,高橋,2024-01-05,5320
3037,欣興,13,1,12,高橋,2024-01-05,5320
2609,陽明,134,122,12,高橋,2024-01-05,5320
3450,聯鈞,11,0,11,高橋,2024-01-05,5320
8068,全達,13,2,11,高橋,2024-01-05,5320
8996,高力,11,0,11,高橋,2024-01-05,5320
1504,東元,11,0,11,高橋,2024-01-05,5320
00688L,國泰20年美債正2,13,2,11,高橋,2024-01-05,5320
3707,漢磊,11,0,11,高橋,2024-01-05,5320
6233,旺玖,10,0,10,高橋,2024-01-05,5320
2885,元大金,10,0,10,高橋,2024-01-05,5320
2405,輔信,12,2,10,高橋,2024-01-05,5320
00772B,中信高評級公司債,10,0,10,高橋,2024-01-05,5320
00888,永豐台灣ESG,10,0,10,高橋,2024-01-05,5320
6265,方土昶,10,0,10,高橋,2024-01-05,5320
2393,億光,10,0,10,高橋,2024-01-05,5320
6259,百徽,10,0,10,高橋,2024-01-05,5320
8076,伍豐,10,0,10,高橋,2024-01-05,5320
2611,志信,34,25,9,高橋,2024-01-05,5320
006208,富邦台50,9,0,9,高橋,2024-01-05,5320
00929,復華台灣科技優息,263,67,196,高橋,2024-01-08,5320
00665L,富邦�琤肭磪囓�2,152,0,152,高橋,2024-01-08,5320
00679B,元大美債20年,74,4,70,高橋,2024-01-08,5320
00919,群益台灣精選高息,84,14,70,高橋,2024-01-08,5320
1815,富喬,68,0,68,高橋,2024-01-08,5320
00753L,中信中國50正2,56,0,56,高橋,2024-01-08,5320
00637L,元大滬深300正2,58,2,56,高橋,2024-01-08,5320
6770,力積電,63,10,53,高橋,2024-01-08,5320
3481,群創,109,59,50,高橋,2024-01-08,5320
00687B,國泰20年美債,54,4,50,高橋,2024-01-08,5320
00937B,群益ESG投等債20,109,65,44,高橋,2024-01-08,5320
1612,宏泰,46,6,40,高橋,2024-01-08,5320
1417,嘉裕,39,0,39,高橋,2024-01-08,5320
2610,華航,32,2,30,高橋,2024-01-08,5320
00655L,國泰中國A50正2,30,0,30,高橋,2024-01-08,5320
2890,永豐金,30,1,29,高橋,2024-01-08,5320
00720B,元大投資級公司債,23,0,23,高橋,2024-01-08,5320
00927,群益半導體收益,23,0,23,高橋,2024-01-08,5320
2337,旺宏,22,0,22,高橋,2024-01-08,5320
2317,鴻海,21,0,21,高橋,2024-01-08,5320
3694,海華,20,0,20,高橋,2024-01-08,5320
00772B,中信高評級公司債,20,0,20,高橋,2024-01-08,5320
00882,中信中國高股息,20,0,20,高橋,2024-01-08,5320
2611,志信,21,1,20,高橋,2024-01-08,5320
00881,國泰台灣5G+,21,2,19,高橋,2024-01-08,5320
2618,長榮航,33,14,19,高橋,2024-01-08,5320
2324,仁寶,29,11,18,高橋,2024-01-08,5320
2449,京元電子,16,0,16,高橋,2024-01-08,5320
2328,廣宇,16,0,16,高橋,2024-01-08,5320
2344,華邦電,18,2,16,高橋,2024-01-08,5320
8112,至上,15,0,15,高橋,2024-01-08,5320
2881,富邦金,21,6,15,高橋,2024-01-08,5320
2489,瑞軒,20,5,15,高橋,2024-01-08,5320
006208,富邦台50,15,0,15,高橋,2024-01-08,5320
00900,富邦特選高股息30,15,1,14,高橋,2024-01-08,5320
2630,亞航,21,7,14,高橋,2024-01-08,5320
6274,台燿,13,1,12,高橋,2024-01-08,5320
00680L,元大美債20正2,14,2,12,高橋,2024-01-08,5320
2007,燁興,12,0,12,高橋,2024-01-08,5320
5202,力新,12,0,12,高橋,2024-01-08,5320
8040,九暘,13,1,12,高橋,2024-01-08,5320
2329,華泰,17,6,11,高橋,2024-01-08,5320
00933B,國泰10Y+金融債,11,0,11,高橋,2024-01-08,5320
2607,榮運,14,3,11,高橋,2024-01-08,5320
4104,佳醫,11,0,11,高橋,2024-01-08,5320
00931B,統一美債20年,11,0,11,高橋,2024-01-08,5320
8930,青鋼,11,0,11,高橋,2024-01-08,5320
3017,奇鋐,11,0,11,高橋,2024-01-08,5320
4584,君帆,10,0,10,高橋,2024-01-08,5320
6133,金橋,10,0,10,高橋,2024-01-08,5320
00919,群益台灣精選高息,229,4,225,高橋,2024-01-09,5320
00655L,國泰中國A50正2,210,0,210,高橋,2024-01-09,5320
2609,陽明,242,36,206,高橋,2024-01-09,5320
00878,國泰永續高股息,151,8,143,高橋,2024-01-09,5320
1603,華電,136,0,136,高橋,2024-01-09,5320
2409,友達,148,16,132,高橋,2024-01-09,5320
2888,新光金,110,1,109,高橋,2024-01-09,5320
2883,凱基金,100,0,100,高橋,2024-01-09,5320
2413,環科,80,0,80,高橋,2024-01-09,5320
2610,華航,92,17,75,高橋,2024-01-09,5320
2014,中鴻,69,5,64,高橋,2024-01-09,5320
3481,群創,68,6,62,高橋,2024-01-09,5320
00720B,元大投資級公司債,60,0,60,高橋,2024-01-09,5320
00751B,元大AAA至A公司債,50,0,50,高橋,2024-01-09,5320
1609,大亞,52,3,49,高橋,2024-01-09,5320
1605,華新,61,20,41,高橋,2024-01-09,5320
2634,漢翔,46,6,40,高橋,2024-01-09,5320
00715L,期街口布蘭特正2,43,5,38,高橋,2024-01-09,5320
2002,中鋼,37,1,36,高橋,2024-01-09,5320
3051,力特,35,0,35,高橋,2024-01-09,5320
00680L,元大美債20正2,32,0,32,高橋,2024-01-09,5320
00937B,群益ESG投等債20,78,51,27,高橋,2024-01-09,5320
6770,力積電,39,12,27,高橋,2024-01-09,5320
2606,裕民,27,1,26,高橋,2024-01-09,5320
2324,仁寶,39,13,26,高橋,2024-01-09,5320
00929,復華台灣科技優息,58,33,25,高橋,2024-01-09,5320
3312,弘憶股,25,0,25,高橋,2024-01-09,5320
1513,中興電,31,6,25,高橋,2024-01-09,5320
2344,華邦電,40,15,25,高橋,2024-01-09,5320
2356,英業達,55,31,24,高橋,2024-01-09,5320
1312,國喬,24,0,24,高橋,2024-01-09,5320
00770,國泰北美科技,23,0,23,高橋,2024-01-09,5320
00918,大華優利高填息30,22,0,22,高橋,2024-01-09,5320
2353,宏��,58,37,21,高橋,2024-01-09,5320
5521,工信,31,10,21,高橋,2024-01-09,5320
3694,海華,20,0,20,高橋,2024-01-09,5320
6829,千附精密,16,0,16,高橋,2024-01-09,5320
00712,復華富時不動產,16,0,16,高橋,2024-01-09,5320
2340,台亞,15,0,15,高橋,2024-01-09,5320
3390,旭軟,21,6,15,高橋,2024-01-09,5320
2201,裕隆,35,20,15,高橋,2024-01-09,5320
8176,智捷,15,0,15,高橋,2024-01-09,5320
4533,協易機,14,0,14,高橋,2024-01-09,5320
00637L,元大滬深300正2,14,0,14,高橋,2024-01-09,5320
6235,華孚,14,1,13,高橋,2024-01-09,5320
2402,毅嘉,14,1,13,高橋,2024-01-09,5320
5328,華容,13,0,13,高橋,2024-01-09,5320
2362,藍天,30,17,13,高橋,2024-01-09,5320
2636,台驊控股,14,1,13,高橋,2024-01-09,5320
00933B,國泰10Y+金融債,22,10,12,高橋,2024-01-09,5320
2888,新光金,343,36,307,高橋,2024-01-10,5320
00680L,元大美債20正2,222,0,222,高橋,2024-01-10,5320
2610,華航,96,0,96,高橋,2024-01-10,5320
00933B,國泰10Y+金融債,70,0,70,高橋,2024-01-10,5320
2609,陽明,192,123,69,高橋,2024-01-10,5320
00878,國泰永續高股息,65,7,58,高橋,2024-01-10,5320
2409,友達,110,52,58,高橋,2024-01-10,5320
2832,台產,56,0,56,高橋,2024-01-10,5320
00929,復華台灣科技優息,91,36,55,高橋,2024-01-10,5320
00918,大華優利高填息30,46,0,46,高橋,2024-01-10,5320
2618,長榮航,50,6,44,高橋,2024-01-10,5320
2208,台船,42,0,42,高橋,2024-01-10,5320
9945,潤泰新,37,1,36,高橋,2024-01-10,5320
2312,金寶,34,0,34,高橋,2024-01-10,5320
1515,力山,31,0,31,高橋,2024-01-10,5320
2303,聯電,56,26,30,高橋,2024-01-10,5320
00764B,群益25年美債,29,0,29,高橋,2024-01-10,5320
4909,新復興,39,11,28,高橋,2024-01-10,5320
2301,光寶科,31,5,26,高橋,2024-01-10,5320
1301,台塑,26,0,26,高橋,2024-01-10,5320
1101,台泥,26,0,26,高橋,2024-01-10,5320
2417,圓剛,25,0,25,高橋,2024-01-10,5320
00937B,群益ESG投等債20,36,11,25,高橋,2024-01-10,5320
3481,群創,38,14,24,高橋,2024-01-10,5320
2884,玉山金,23,1,22,高橋,2024-01-10,5320
3059,華晶科,21,0,21,高橋,2024-01-10,5320
2892,第一金,21,0,21,高橋,2024-01-10,5320
8039,台虹,21,0,21,高橋,2024-01-10,5320
1307,三芳,20,0,20,高橋,2024-01-10,5320
6235,華孚,23,3,20,高橋,2024-01-10,5320
2014,中鴻,21,2,19,高橋,2024-01-10,5320
3078,僑威,22,4,18,高橋,2024-01-10,5320
2890,永豐金,20,2,18,高橋,2024-01-10,5320
0056,元大高股息,28,10,18,高橋,2024-01-10,5320
2498,宏達電,24,7,17,高橋,2024-01-10,5320
00665L,富邦�琤肭磪囓�2,19,3,16,高橋,2024-01-10,5320
3694,海華,15,0,15,高橋,2024-01-10,5320
2801,彰銀,15,0,15,高橋,2024-01-10,5320
2543,皇昌,23,8,15,高橋,2024-01-10,5320
3022,威強電,15,0,15,高橋,2024-01-10,5320
8105,凌巨,15,0,15,高橋,2024-01-10,5320
2353,宏��,50,36,14,高橋,2024-01-10,5320
2402,毅嘉,15,1,14,高橋,2024-01-10,5320
1608,華榮,13,0,13,高橋,2024-01-10,5320
2607,榮運,13,1,12,高橋,2024-01-10,5320
5512,力麒,17,5,12,高橋,2024-01-10,5320
2376,技嘉,17,5,12,高橋,2024-01-10,5320
0050,元大台灣50,12,0,12,高橋,2024-01-10,5320
6113,亞矽,11,0,11,高橋,2024-01-10,5320
00900,富邦特選高股息30,16,5,11,高橋,2024-01-10,5320
2409,友達,233,3,230,高橋,2024-01-11,5320
00929,復華台灣科技優息,178,3,175,高橋,2024-01-11,5320
00933B,國泰10Y+金融債,72,0,72,高橋,2024-01-11,5320
2353,宏��,104,35,69,高橋,2024-01-11,5320
00900,富邦特選高股息30,61,0,61,高橋,2024-01-11,5320
00919,群益台灣精選高息,60,3,57,高橋,2024-01-11,5320
1301,台塑,49,0,49,高橋,2024-01-11,5320
2344,華邦電,49,0,49,高橋,2024-01-11,5320
0056,元大高股息,54,5,49,高橋,2024-01-11,5320
2609,陽明,89,43,46,高橋,2024-01-11,5320
1618,合機,56,13,43,高橋,2024-01-11,5320
00687B,國泰20年美債,42,0,42,高橋,2024-01-11,5320
1514,亞力,44,2,42,高橋,2024-01-11,5320
2002,中鋼,39,1,38,高橋,2024-01-11,5320
2408,南亞科,42,6,36,高橋,2024-01-11,5320
2312,金寶,37,1,36,高橋,2024-01-11,5320
00679B,元大美債20年,34,0,34,高橋,2024-01-11,5320
3706,神達,67,36,31,高橋,2024-01-11,5320
2903,遠百,30,0,30,高橋,2024-01-11,5320
00680L,元大美債20正2,29,0,29,高橋,2024-01-11,5320
8096,擎亞,52,24,28,高橋,2024-01-11,5320
2449,京元電子,30,4,26,高橋,2024-01-11,5320
1101,台泥,28,2,26,高橋,2024-01-11,5320
2883,凱基金,25,0,25,高橋,2024-01-11,5320
00927,群益半導體收益,25,0,25,高橋,2024-01-11,5320
6770,力積電,26,2,24,高橋,2024-01-11,5320
6120,達運,108,86,22,高橋,2024-01-11,5320
1312,國喬,20,0,20,高橋,2024-01-11,5320
6799,來頡,21,2,19,高橋,2024-01-11,5320
4956,光鋐,56,38,18,高橋,2024-01-11,5320
2329,華泰,41,24,17,高橋,2024-01-11,5320
1603,華電,17,0,17,高橋,2024-01-11,5320
2324,仁寶,18,2,16,高橋,2024-01-11,5320
2392,正崴,15,0,15,高橋,2024-01-11,5320
00715L,期街口布蘭特正2,15,0,15,高橋,2024-01-11,5320
00930,永豐ESG低碳高息,15,0,15,高橋,2024-01-11,5320
2399,映泰,14,1,13,高橋,2024-01-11,5320
1417,嘉裕,13,0,13,高橋,2024-01-11,5320
1519,華城,22,10,12,高橋,2024-01-11,5320
1795,美時,15,3,12,高橋,2024-01-11,5320
4535,至興,12,0,12,高橋,2024-01-11,5320
2634,漢翔,33,21,12,高橋,2024-01-11,5320
2365,昆盈,27,15,12,高橋,2024-01-11,5320
1609,大亞,14,2,12,高橋,2024-01-11,5320
2890,永豐金,20,9,11,高橋,2024-01-11,5320
6170,統振,11,0,11,高橋,2024-01-11,5320
2388,威盛,19,8,11,高橋,2024-01-11,5320
3163,波若威,15,4,11,高橋,2024-01-11,5320
2610,華航,65,54,11,高橋,2024-01-11,5320
2317,鴻海,18,7,11,高橋,2024-01-11,5320
00929,復華台灣科技優息,250,2,248,高橋,2024-01-12,5320
2618,長榮航,104,13,91,高橋,2024-01-12,5320
2402,毅嘉,86,1,85,高橋,2024-01-12,5320
00933B,國泰10Y+金融債,78,2,76,高橋,2024-01-12,5320
2324,仁寶,88,16,72,高橋,2024-01-12,5320
3045,台灣大,64,0,64,高橋,2024-01-12,5320
5426,振發,96,35,61,高橋,2024-01-12,5320
2891,中信金,60,0,60,高橋,2024-01-12,5320
2303,聯電,74,14,60,高橋,2024-01-12,5320
2610,華航,62,12,50,高橋,2024-01-12,5320
2641,正德,50,1,49,高橋,2024-01-12,5320
00919,群益台灣精選高息,63,16,47,高橋,2024-01-12,5320
2208,台船,47,1,46,高橋,2024-01-12,5320
00927,群益半導體收益,47,1,46,高橋,2024-01-12,5320
00878,國泰永續高股息,43,5,38,高橋,2024-01-12,5320
2353,宏��,55,19,36,高橋,2024-01-12,5320
00753L,中信中國50正2,36,0,36,高橋,2024-01-12,5320
2903,遠百,30,0,30,高橋,2024-01-12,5320
2630,亞航,75,50,25,高橋,2024-01-12,5320
2887,台新金,21,0,21,高橋,2024-01-12,5320
2515,中工,22,1,21,高橋,2024-01-12,5320
1528,恩德,41,21,20,高橋,2024-01-12,5320
2449,京元電子,24,4,20,高橋,2024-01-12,5320
2605,新興,20,1,19,高橋,2024-01-12,5320
00637L,元大滬深300正2,18,0,18,高橋,2024-01-12,5320
6534,正瀚-創,16,0,16,高橋,2024-01-12,5320
2516,新建,15,0,15,高橋,2024-01-12,5320
6237,驊訊,14,0,14,高橋,2024-01-12,5320
2317,鴻海,13,0,13,高橋,2024-01-12,5320
00687B,國泰20年美債,13,0,13,高橋,2024-01-12,5320
4909,新復興,23,11,12,高橋,2024-01-12,5320
00688L,國泰20年美債正2,12,0,12,高橋,2024-01-12,5320
00655L,國泰中國A50正2,12,0,12,高橋,2024-01-12,5320
3499,環天科,16,4,12,高橋,2024-01-12,5320
2356,英業達,56,45,11,高橋,2024-01-12,5320
1471,首利,11,0,11,高橋,2024-01-12,5320
6005,群益證,11,0,11,高橋,2024-01-12,5320
0056,元大高股息,51,40,11,高橋,2024-01-12,5320
2882,國泰金,11,1,10,高橋,2024-01-12,5320
8105,凌巨,10,0,10,高橋,2024-01-12,5320
3005,神基,11,1,10,高橋,2024-01-12,5320
3363,上詮,13,3,10,高橋,2024-01-12,5320
6290,良維,10,0,10,高橋,2024-01-12,5320
2032,新鋼,10,0,10,高橋,2024-01-12,5320
8358,金居,10,0,10,高橋,2024-01-12,5320
3413,京鼎,10,0,10,高橋,2024-01-12,5320
4168,醣聯,10,0,10,高橋,2024-01-12,5320
1611,中電,10,1,9,高橋,2024-01-12,5320
6485,點序,9,0,9,高橋,2024-01-12,5320
2408,南亞科,8,0,8,高橋,2024-01-12,5320
00929,復華台灣科技優息,211,7,204,高橋,2024-01-15,5320
2610,華航,155,24,131,高橋,2024-01-15,5320
2618,長榮航,133,10,123,高橋,2024-01-15,5320
2883,凱基金,114,3,111,高橋,2024-01-15,5320
2888,新光金,116,20,96,高橋,2024-01-15,5320
3231,緯創,140,47,93,高橋,2024-01-15,5320
00680L,元大美債20正2,50,0,50,高橋,2024-01-15,5320
00665L,富邦�琤肭磪囓�2,95,53,42,高橋,2024-01-15,5320
2903,遠百,40,0,40,高橋,2024-01-15,5320
00933B,國泰10Y+金融債,40,0,40,高橋,2024-01-15,5320
00770,國泰北美科技,40,1,39,高橋,2024-01-15,5320
00712,復華富時不動產,39,1,38,高橋,2024-01-15,5320
00679B,元大美債20年,33,0,33,高橋,2024-01-15,5320
00878,國泰永續高股息,36,4,32,高橋,2024-01-15,5320
2356,英業達,45,17,28,高橋,2024-01-15,5320
2603,長榮,36,9,27,高橋,2024-01-15,5320
2317,鴻海,27,0,27,高橋,2024-01-15,5320
2609,陽明,47,22,25,高橋,2024-01-15,5320
2630,亞航,24,1,23,高橋,2024-01-15,5320
3049,精金,22,0,22,高橋,2024-01-15,5320
5202,力新,20,0,20,高橋,2024-01-15,5320
5434,崇越,20,0,20,高橋,2024-01-15,5320
2890,永豐金,20,0,20,高橋,2024-01-15,5320
2353,宏��,34,14,20,高橋,2024-01-15,5320
2515,中工,20,1,19,高橋,2024-01-15,5320
3044,健鼎,20,1,19,高橋,2024-01-15,5320
3576,聯合再生,19,2,17,高橋,2024-01-15,5320
00937B,群益ESG投等債20,26,10,16,高橋,2024-01-15,5320
1802,台玻,15,0,15,高橋,2024-01-15,5320
8176,智捷,14,0,14,高橋,2024-01-15,5320
4956,光鋐,30,16,14,高橋,2024-01-15,5320
2382,廣達,23,9,14,高橋,2024-01-15,5320
2887,台新金,13,0,13,高橋,2024-01-15,5320
00715L,期街口布蘭特正2,14,1,13,高橋,2024-01-15,5320
2355,敬鵬,12,0,12,高橋,2024-01-15,5320
00927,群益半導體收益,12,0,12,高橋,2024-01-15,5320
1301,台塑,11,0,11,高橋,2024-01-15,5320
6127,九豪,11,0,11,高橋,2024-01-15,5320
6534,正瀚-創,11,0,11,高橋,2024-01-15,5320
00893,國泰智能電動車,11,0,11,高橋,2024-01-15,5320
8046,南電,11,0,11,高橋,2024-01-15,5320
2371,大同,12,1,11,高橋,2024-01-15,5320
2892,第一金,11,0,11,高橋,2024-01-15,5320
3017,奇鋐,12,2,10,高橋,2024-01-15,5320
2855,統一證,10,0,10,高橋,2024-01-15,5320
3047,訊舟,10,0,10,高橋,2024-01-15,5320
2032,新鋼,10,0,10,高橋,2024-01-15,5320
3710,連展投控,10,0,10,高橋,2024-01-15,5320
4535,至興,10,0,10,高橋,2024-01-15,5320
3354,律勝,10,0,10,高橋,2024-01-15,5320
0056,元大高股息,170,3,167,高橋,2024-01-16,5320
00665L,富邦�琤肭磪囓�2,189,56,133,高橋,2024-01-16,5320
2892,第一金,131,0,131,高橋,2024-01-16,5320
2888,新光金,155,34,121,高橋,2024-01-16,5320
00929,復華台灣科技優息,112,3,109,高橋,2024-01-16,5320
2356,英業達,98,11,87,高橋,2024-01-16,5320
8096,擎亞,105,31,74,高橋,2024-01-16,5320
00927,群益半導體收益,71,0,71,高橋,2024-01-16,5320
2634,漢翔,86,15,71,高橋,2024-01-16,5320
00918,大華優利高填息30,65,0,65,高橋,2024-01-16,5320
2618,長榮航,87,24,63,高橋,2024-01-16,5320
1314,中石化,62,0,62,高橋,2024-01-16,5320
00882,中信中國高股息,61,0,61,高橋,2024-01-16,5320
4533,協易機,60,0,60,高橋,2024-01-16,5320
2801,彰銀,48,0,48,高橋,2024-01-16,5320
00878,國泰永續高股息,44,0,44,高橋,2024-01-16,5320
2486,一詮,53,10,43,高橋,2024-01-16,5320
00881,國泰台灣5G+,43,1,42,高橋,2024-01-16,5320
2405,輔信,64,25,39,高橋,2024-01-16,5320
2324,仁寶,46,9,37,高橋,2024-01-16,5320
2887,台新金,40,3,37,高橋,2024-01-16,5320
1301,台塑,32,0,32,高橋,2024-01-16,5320
1326,台化,34,3,31,高橋,2024-01-16,5320
2409,友達,45,15,30,高橋,2024-01-16,5320
3325,旭品,30,0,30,高橋,2024-01-16,5320
00753L,中信中國50正2,30,0,30,高橋,2024-01-16,5320
9904,寶成,30,0,30,高橋,2024-01-16,5320
6120,達運,40,11,29,高橋,2024-01-16,5320
2883,凱基金,31,2,29,高橋,2024-01-16,5320
00770,國泰北美科技,34,5,29,高橋,2024-01-16,5320
00687B,國泰20年美債,25,0,25,高橋,2024-01-16,5320
2610,華航,67,42,25,高橋,2024-01-16,5320
3264,欣銓,27,3,24,高橋,2024-01-16,5320
6698,旭暉應材,24,0,24,高橋,2024-01-16,5320
1303,南亞,22,0,22,高橋,2024-01-16,5320
00730,富邦臺灣優質高息,22,0,22,高橋,2024-01-16,5320
5880,合庫金,26,4,22,高橋,2024-01-16,5320
2002,中鋼,22,1,21,高橋,2024-01-16,5320
6213,聯茂,20,0,20,高橋,2024-01-16,5320
5521,工信,20,0,20,高橋,2024-01-16,5320
2633,台灣高鐵,20,0,20,高橋,2024-01-16,5320
5608,四維航,20,0,20,高橋,2024-01-16,5320
2353,宏��,35,16,19,高橋,2024-01-16,5320
1409,新纖,18,0,18,高橋,2024-01-16,5320
5529,鉅陞,18,0,18,高橋,2024-01-16,5320
2609,陽明,41,23,18,高橋,2024-01-16,5320
2344,華邦電,20,3,17,高橋,2024-01-16,5320
00919,群益台灣精選高息,96,80,16,高橋,2024-01-16,5320
2889,國票金,16,0,16,高橋,2024-01-16,5320
3576,聯合再生,16,0,16,高橋,2024-01-16,5320
00929,復華台灣科技優息,312,1,311,高橋,2024-01-17,5320
00882,中信中國高股息,302,0,302,高橋,2024-01-17,5320
00919,群益台灣精選高息,219,17,202,高橋,2024-01-17,5320
2303,聯電,188,24,164,高橋,2024-01-17,5320
0056,元大高股息,151,2,149,高橋,2024-01-17,5320
2892,第一金,136,2,134,高橋,2024-01-17,5320
2888,新光金,104,0,104,高橋,2024-01-17,5320
2344,華邦電,80,10,70,高橋,2024-01-17,5320
2618,長榮航,82,14,68,高橋,2024-01-17,5320
2610,華航,83,17,66,高橋,2024-01-17,5320
00650L,復華香港正2,50,0,50,高橋,2024-01-17,5320
00665L,富邦�琤肭磪囓�2,39,0,39,高橋,2024-01-17,5320
2353,宏��,55,20,35,高橋,2024-01-17,5320
00687B,國泰20年美債,35,0,35,高橋,2024-01-17,5320
6667,信紘科,38,4,34,高橋,2024-01-17,5320
1301,台塑,36,3,33,高橋,2024-01-17,5320
2208,台船,32,1,31,高橋,2024-01-17,5320
4533,協易機,36,5,31,高橋,2024-01-17,5320
3231,緯創,79,48,31,高橋,2024-01-17,5320
00753L,中信中國50正2,30,0,30,高橋,2024-01-17,5320
1752,南光,30,0,30,高橋,2024-01-17,5320
1101,台泥,36,7,29,高橋,2024-01-17,5320
00720B,元大投資級公司債,29,0,29,高橋,2024-01-17,5320
00679B,元大美債20年,29,1,28,高橋,2024-01-17,5320
2630,亞航,32,5,27,高橋,2024-01-17,5320
2371,大同,26,0,26,高橋,2024-01-17,5320
6120,達運,29,3,26,高橋,2024-01-17,5320
2356,英業達,38,12,26,高橋,2024-01-17,5320
00878,國泰永續高股息,90,65,25,高橋,2024-01-17,5320
1609,大亞,29,5,24,高橋,2024-01-17,5320
0050,元大台灣50,24,2,22,高橋,2024-01-17,5320
00728,第一金工業30,22,0,22,高橋,2024-01-17,5320
1503,士電,24,2,22,高橋,2024-01-17,5320
1303,南亞,22,0,22,高橋,2024-01-17,5320
00918,大華優利高填息30,21,0,21,高橋,2024-01-17,5320
2031,新光鋼,26,5,21,高橋,2024-01-17,5320
8033,雷虎,21,0,21,高橋,2024-01-17,5320
6213,聯茂,21,1,20,高橋,2024-01-17,5320
2889,國票金,20,0,20,高橋,2024-01-17,5320
2913,農林,20,0,20,高橋,2024-01-17,5320
5484,慧友,20,0,20,高橋,2024-01-17,5320
2887,台新金,35,15,20,高橋,2024-01-17,5320
3362,先進光,20,0,20,高橋,2024-01-17,5320
5529,鉅陞,20,0,20,高橋,2024-01-17,5320
4168,醣聯,20,0,20,高橋,2024-01-17,5320
2308,台達電,19,0,19,高橋,2024-01-17,5320
2492,華新科,24,5,19,高橋,2024-01-17,5320
3346,麗清,21,2,19,高橋,2024-01-17,5320
1310,台苯,18,0,18,高橋,2024-01-17,5320
8096,擎亞,74,56,18,高橋,2024-01-17,5320
00929,復華台灣科技優息,188,100,88,高橋,2024-01-18,5320
4960,誠美材,68,0,68,高橋,2024-01-18,5320
5488,松普,66,6,60,高橋,2024-01-18,5320
00878,國泰永續高股息,54,0,54,高橋,2024-01-18,5320
00918,大華優利高填息30,65,19,46,高橋,2024-01-18,5320
3706,神達,83,40,43,高橋,2024-01-18,5320
5426,振發,128,87,41,高橋,2024-01-18,5320
00922,國泰台灣領袖50,40,0,40,高橋,2024-01-18,5320
00637L,元大滬深300正2,65,26,39,高橋,2024-01-18,5320
4909,新復興,42,5,37,高橋,2024-01-18,5320
2101,南港,37,0,37,高橋,2024-01-18,5320
2492,華新科,37,0,37,高橋,2024-01-18,5320
2324,仁寶,51,15,36,高橋,2024-01-18,5320
5880,合庫金,36,0,36,高橋,2024-01-18,5320
2888,新光金,124,88,36,高橋,2024-01-18,5320
2427,三商電,36,2,34,高橋,2024-01-18,5320
8112,至上,34,0,34,高橋,2024-01-18,5320
00904,新光臺灣半導體30,35,3,32,高橋,2024-01-18,5320
00882,中信中國高股息,28,0,28,高橋,2024-01-18,5320
00679B,元大美債20年,28,0,28,高橋,2024-01-18,5320
2886,兆豐金,29,1,28,高橋,2024-01-18,5320
2344,華邦電,40,13,27,高橋,2024-01-18,5320
3231,緯創,60,34,26,高橋,2024-01-18,5320
2887,台新金,24,0,24,高橋,2024-01-18,5320
2634,漢翔,30,7,23,高橋,2024-01-18,5320
6443,元晶,23,0,23,高橋,2024-01-18,5320
2353,宏��,32,10,22,高橋,2024-01-18,5320
2883,凱基金,23,1,22,高橋,2024-01-18,5320
00919,群益台灣精選高息,49,27,22,高橋,2024-01-18,5320
00933B,國泰10Y+金融債,21,0,21,高橋,2024-01-18,5320
5328,華容,24,4,20,高橋,2024-01-18,5320
5529,鉅陞,20,0,20,高橋,2024-01-18,5320
5443,均豪,20,0,20,高橋,2024-01-18,5320
2303,聯電,48,29,19,高橋,2024-01-18,5320
3036,文曄,25,7,18,高橋,2024-01-18,5320
1325,恆大,17,0,17,高橋,2024-01-18,5320
6116,彩晶,25,9,16,高橋,2024-01-18,5320
1301,台塑,17,2,15,高橋,2024-01-18,5320
2401,凌陽,15,0,15,高橋,2024-01-18,5320
6112,邁達特,23,8,15,高橋,2024-01-18,5320
3707,漢磊,16,1,15,高橋,2024-01-18,5320
00881,國泰台灣5G+,14,0,14,高橋,2024-01-18,5320
6182,合晶,14,0,14,高橋,2024-01-18,5320
2382,廣達,16,3,13,高橋,2024-01-18,5320
2892,第一金,13,0,13,高橋,2024-01-18,5320
2007,燁興,12,0,12,高橋,2024-01-18,5320
3024,憶聲,12,0,12,高橋,2024-01-18,5320
3321,同泰,13,2,11,高橋,2024-01-18,5320
2610,華航,16,5,11,高橋,2024-01-18,5320
1789,神隆,11,0,11,高橋,2024-01-18,5320
2409,友達,228,18,210,高橋,2024-01-19,5320
2845,遠東銀,123,0,123,高橋,2024-01-19,5320
00929,復華台灣科技優息,123,20,103,高橋,2024-01-19,5320
2618,長榮航,109,16,93,高橋,2024-01-19,5320
00679B,元大美債20年,88,6,82,高橋,2024-01-19,5320
00680L,元大美債20正2,91,20,71,高橋,2024-01-19,5320
2002,中鋼,69,3,66,高橋,2024-01-19,5320
00632R,元大台灣50反1,64,0,64,高橋,2024-01-19,5320
8040,九暘,53,5,48,高橋,2024-01-19,5320
6120,達運,52,14,38,高橋,2024-01-19,5320
00720B,元大投資級公司債,36,0,36,高橋,2024-01-19,5320
00795B,中信美國公債20年,34,0,34,高橋,2024-01-19,5320
2887,台新金,32,0,32,高橋,2024-01-19,5320
3024,憶聲,30,0,30,高橋,2024-01-19,5320
8096,擎亞,43,14,29,高橋,2024-01-19,5320
2610,華航,30,4,26,高橋,2024-01-19,5320
2883,凱基金,27,1,26,高橋,2024-01-19,5320
2609,陽明,44,19,25,高橋,2024-01-19,5320
2834,臺企銀,24,0,24,高橋,2024-01-19,5320
5521,工信,25,2,23,高橋,2024-01-19,5320
2615,萬海,21,0,21,高橋,2024-01-19,5320
1514,亞力,23,2,21,高橋,2024-01-19,5320
4167,松瑞藥,21,1,20,高橋,2024-01-19,5320
2356,英業達,131,112,19,高橋,2024-01-19,5320
2367,燿華,18,0,18,高橋,2024-01-19,5320
4956,光鋐,55,37,18,高橋,2024-01-19,5320
3607,谷崧,18,0,18,高橋,2024-01-19,5320
2449,京元電子,30,12,18,高橋,2024-01-19,5320
4904,遠傳,16,0,16,高橋,2024-01-19,5320
2102,泰豐,15,0,15,高橋,2024-01-19,5320
2605,新興,15,0,15,高橋,2024-01-19,5320
2891,中信金,15,0,15,高橋,2024-01-19,5320
2884,玉山金,16,1,15,高橋,2024-01-19,5320
2892,第一金,17,3,14,高橋,2024-01-19,5320
00882,中信中國高股息,44,30,14,高橋,2024-01-19,5320
6770,力積電,37,24,13,高橋,2024-01-19,5320
1301,台塑,15,2,13,高橋,2024-01-19,5320
3005,神基,13,0,13,高橋,2024-01-19,5320
3363,上詮,15,2,13,高橋,2024-01-19,5320
00904,新光臺灣半導體30,12,0,12,高橋,2024-01-19,5320
3390,旭軟,12,0,12,高橋,2024-01-19,5320
4188,安克,13,1,12,高橋,2024-01-19,5320
00751B,元大AAA至A公司債,11,0,11,高橋,2024-01-19,5320
2890,永豐金,11,0,11,高橋,2024-01-19,5320
1513,中興電,19,8,11,高橋,2024-01-19,5320
2007,燁興,11,0,11,高橋,2024-01-19,5320
8021,尖點,11,1,10,高橋,2024-01-19,5320
3317,尼克森,12,2,10,高橋,2024-01-19,5320
1909,榮成,10,0,10,高橋,2024-01-19,5320
3450,聯鈞,10,0,10,高橋,2024-01-19,5320
00882,中信中國高股息,146,4,142,高橋,2024-01-22,5320
2618,長榮航,176,81,95,高橋,2024-01-22,5320
2887,台新金,69,0,69,高橋,2024-01-22,5320
2884,玉山金,61,0,61,高橋,2024-01-22,5320
2601,益航,60,0,60,高橋,2024-01-22,5320
6026,福邦證,63,3,60,高橋,2024-01-22,5320
1217,愛之味,60,0,60,高橋,2024-01-22,5320
8059,凱碩,66,11,55,高橋,2024-01-22,5320
2609,陽明,60,15,45,高橋,2024-01-22,5320
2324,仁寶,99,55,44,高橋,2024-01-22,5320
6005,群益證,40,2,38,高橋,2024-01-22,5320
8034,榮群,46,8,38,高橋,2024-01-22,5320
2886,兆豐金,40,5,35,高橋,2024-01-22,5320
5426,振發,84,51,33,高橋,2024-01-22,5320
00679B,元大美債20年,34,1,33,高橋,2024-01-22,5320
2882,國泰金,32,0,32,高橋,2024-01-22,5320
2634,漢翔,32,0,32,高橋,2024-01-22,5320
8088,品安,30,0,30,高橋,2024-01-22,5320
6770,力積電,64,35,29,高橋,2024-01-22,5320
2412,中華電,30,1,29,高橋,2024-01-22,5320
4960,誠美材,33,4,29,高橋,2024-01-22,5320
5452,佶優,27,0,27,高橋,2024-01-22,5320
2834,臺企銀,26,0,26,高橋,2024-01-22,5320
1710,東聯,22,0,22,高橋,2024-01-22,5320
00680L,元大美債20正2,22,0,22,高橋,2024-01-22,5320
2353,宏��,48,26,22,高橋,2024-01-22,5320
00641R,富邦日本反1,20,0,20,高橋,2024-01-22,5320
00881,國泰台灣5G+,21,1,20,高橋,2024-01-22,5320
5864,致和證,20,0,20,高橋,2024-01-22,5320
00632R,元大台灣50反1,19,0,19,高橋,2024-01-22,5320
2344,華邦電,28,10,18,高橋,2024-01-22,5320
00669R,國泰美國道瓊反1,17,0,17,高橋,2024-01-22,5320
00885,富邦越南,16,0,16,高橋,2024-01-22,5320
2317,鴻海,21,5,16,高橋,2024-01-22,5320
2610,華航,22,7,15,高橋,2024-01-22,5320
9945,潤泰新,15,0,15,高橋,2024-01-22,5320
1325,恆大,15,0,15,高橋,2024-01-22,5320
3229,晟鈦,15,0,15,高橋,2024-01-22,5320
2371,大同,16,2,14,高橋,2024-01-22,5320
3147,大綜,15,1,14,高橋,2024-01-22,5320
2316,楠梓電,14,0,14,高橋,2024-01-22,5320
1303,南亞,14,0,14,高橋,2024-01-22,5320
1101,台泥,13,0,13,高橋,2024-01-22,5320
2417,圓剛,16,3,13,高橋,2024-01-22,5320
2102,泰豐,16,3,13,高橋,2024-01-22,5320
00665L,富邦�琤肭磪囓�2,13,0,13,高橋,2024-01-22,5320
2002,中鋼,20,8,12,高橋,2024-01-22,5320
4729,熒茂,12,0,12,高橋,2024-01-22,5320
2313,華通,19,7,12,高橋,2024-01-22,5320
4532,瑞智,12,0,12,高橋,2024-01-22,5320
6116,彩晶,592,60,532,高橋,2024-01-23,5320
00927,群益半導體收益,240,5,235,高橋,2024-01-23,5320
2618,長榮航,154,15,139,高橋,2024-01-23,5320
4956,光鋐,63,2,61,高橋,2024-01-23,5320
4939,亞電,50,2,48,高橋,2024-01-23,5320
6120,達運,47,2,45,高橋,2024-01-23,5320
2610,華航,51,12,39,高橋,2024-01-23,5320
8046,南電,47,10,37,高橋,2024-01-23,5320
00680L,元大美債20正2,34,0,34,高橋,2024-01-23,5320
1785,光洋科,38,4,34,高橋,2024-01-23,5320
2102,泰豐,32,0,32,高橋,2024-01-23,5320
00712,復華富時不動產,25,0,25,高橋,2024-01-23,5320
1528,恩德,29,5,24,高橋,2024-01-23,5320
3149,正達,25,2,23,高橋,2024-01-23,5320
00637L,元大滬深300正2,42,20,22,高橋,2024-01-23,5320
00919,群益台灣精選高息,23,3,20,高橋,2024-01-23,5320
2883,凱基金,31,11,20,高橋,2024-01-23,5320
00882,中信中國高股息,23,3,20,高橋,2024-01-23,5320
2324,仁寶,35,15,20,高橋,2024-01-23,5320
3576,聯合再生,20,0,20,高橋,2024-01-23,5320
1217,愛之味,20,0,20,高橋,2024-01-23,5320
6167,久正,20,0,20,高橋,2024-01-23,5320
2419,仲琦,18,0,18,高橋,2024-01-23,5320
3715,定穎投控,18,1,17,高橋,2024-01-23,5320
2002,中鋼,23,6,17,高橋,2024-01-23,5320
2486,一詮,18,1,17,高橋,2024-01-23,5320
2329,華泰,29,12,17,高橋,2024-01-23,5320
2609,陽明,38,22,16,高橋,2024-01-23,5320
2449,京元電子,25,9,16,高橋,2024-01-23,5320
6140,訊達,24,8,16,高橋,2024-01-23,5320
00679B,元大美債20年,15,0,15,高橋,2024-01-23,5320
00931B,統一美債20年,15,0,15,高橋,2024-01-23,5320
00933B,國泰10Y+金融債,15,2,13,高橋,2024-01-23,5320
3041,揚智,14,1,13,高橋,2024-01-23,5320
8096,擎亞,101,88,13,高橋,2024-01-23,5320
8064,東捷,12,0,12,高橋,2024-01-23,5320
2365,昆盈,23,11,12,高橋,2024-01-23,5320
2605,新興,16,4,12,高橋,2024-01-23,5320
3059,華晶科,20,9,11,高橋,2024-01-23,5320
4908,前鼎,13,2,11,高橋,2024-01-23,5320
1795,美時,15,4,11,高橋,2024-01-23,5320
3390,旭軟,10,0,10,高橋,2024-01-23,5320
2392,正崴,11,1,10,高橋,2024-01-23,5320
2886,兆豐金,12,2,10,高橋,2024-01-23,5320
1301,台塑,10,1,9,高橋,2024-01-23,5320
2331,精英,12,3,9,高橋,2024-01-23,5320
3450,聯鈞,21,12,9,高橋,2024-01-23,5320
3264,欣銓,11,2,9,高橋,2024-01-23,5320
1326,台化,10,1,9,高橋,2024-01-23,5320
3362,先進光,10,1,9,高橋,2024-01-23,5320
2486,一詮,120,22,98,高橋,2024-01-24,5320
2409,友達,87,16,71,高橋,2024-01-24,5320
2324,仁寶,88,18,70,高橋,2024-01-24,5320
00937B,群益ESG投等債20,110,41,69,高橋,2024-01-24,5320
00637L,元大滬深300正2,64,1,63,高橋,2024-01-24,5320
00687B,國泰20年美債,59,0,59,高橋,2024-01-24,5320
3231,緯創,89,35,54,高橋,2024-01-24,5320
8050,廣積,48,5,43,高橋,2024-01-24,5320
2201,裕隆,52,10,42,高橋,2024-01-24,5320
8110,華東,41,0,41,高橋,2024-01-24,5320
00919,群益台灣精選高息,62,25,37,高橋,2024-01-24,5320
2834,臺企銀,31,0,31,高橋,2024-01-24,5320
8034,榮群,34,5,29,高橋,2024-01-24,5320
1603,華電,27,0,27,高橋,2024-01-24,5320
4938,和碩,33,8,25,高橋,2024-01-24,5320
00752,中信中國50,24,0,24,高橋,2024-01-24,5320
5488,松普,24,0,24,高橋,2024-01-24,5320
2308,台達電,23,2,21,高橋,2024-01-24,5320
8059,凱碩,24,3,21,高橋,2024-01-24,5320
1514,亞力,28,7,21,高橋,2024-01-24,5320
6530,創威,20,1,19,高橋,2024-01-24,5320
6120,達運,41,24,17,高橋,2024-01-24,5320
00679B,元大美債20年,17,0,17,高橋,2024-01-24,5320
2423,固緯,18,1,17,高橋,2024-01-24,5320
00929,復華台灣科技優息,48,32,16,高橋,2024-01-24,5320
2609,陽明,47,31,16,高橋,2024-01-24,5320
2329,華泰,44,29,15,高橋,2024-01-24,5320
2369,菱生,86,72,14,高橋,2024-01-24,5320
00882,中信中國高股息,16,2,14,高橋,2024-01-24,5320
3437,榮創,13,0,13,高橋,2024-01-24,5320
2481,強茂,13,0,13,高橋,2024-01-24,5320
8088,品安,12,0,12,高橋,2024-01-24,5320
1584,精剛,12,0,12,高橋,2024-01-24,5320
3515,華擎,12,0,12,高橋,2024-01-24,5320
3390,旭軟,20,9,11,高橋,2024-01-24,5320
00933B,國泰10Y+金融債,11,0,11,高橋,2024-01-24,5320
1513,中興電,12,1,11,高橋,2024-01-24,5320
3037,欣興,12,2,10,高橋,2024-01-24,5320
2886,兆豐金,10,0,10,高橋,2024-01-24,5320
3094,聯傑,10,0,10,高橋,2024-01-24,5320
2303,聯電,61,51,10,高橋,2024-01-24,5320
4909,新復興,20,10,10,高橋,2024-01-24,5320
2630,亞航,10,0,10,高橋,2024-01-24,5320
8071,能率網通,10,0,10,高橋,2024-01-24,5320
9955,佳龍,10,0,10,高橋,2024-01-24,5320
2884,玉山金,10,0,10,高橋,2024-01-24,5320
1560,中砂,9,0,9,高橋,2024-01-24,5320
3234,光環,9,0,9,高橋,2024-01-24,5320
8111,立��,10,1,9,高橋,2024-01-24,5320
2007,燁興,10,1,9,高橋,2024-01-24,5320
6116,彩晶,114,9,105,高橋,2024-01-25,5320
2618,長榮航,109,6,103,高橋,2024-01-25,5320
00687B,國泰20年美債,95,1,94,高橋,2024-01-25,5320
3038,全台,73,4,69,高橋,2024-01-25,5320
2356,英業達,118,61,57,高橋,2024-01-25,5320
2376,技嘉,65,11,54,高橋,2024-01-25,5320
1514,亞力,50,5,45,高橋,2024-01-25,5320
00679B,元大美債20年,45,0,45,高橋,2024-01-25,5320
4956,光鋐,45,9,36,高橋,2024-01-25,5320
3706,神達,62,27,35,高橋,2024-01-25,5320
3437,榮創,35,1,34,高橋,2024-01-25,5320
00723B,群益投資級科技債,30,0,30,高橋,2024-01-25,5320
3450,聯鈞,31,1,30,高橋,2024-01-25,5320
9103,美德醫療-DR,28,0,28,高橋,2024-01-25,5320
3362,先進光,22,0,22,高橋,2024-01-25,5320
6120,達運,26,4,22,高橋,2024-01-25,5320
3231,緯創,104,83,21,高橋,2024-01-25,5320
8105,凌巨,25,4,21,高橋,2024-01-25,5320
2007,燁興,22,1,21,高橋,2024-01-25,5320
3380,明泰,34,13,21,高橋,2024-01-25,5320
8358,金居,20,0,20,高橋,2024-01-25,5320
2355,敬鵬,20,0,20,高橋,2024-01-25,5320
1713,國化,20,0,20,高橋,2024-01-25,5320
00673R,期元大S＆P原油反1,20,0,20,高橋,2024-01-25,5320
1217,愛之味,20,0,20,高橋,2024-01-25,5320
3712,永崴投控,22,3,19,高橋,2024-01-25,5320
2498,宏達電,21,3,18,高橋,2024-01-25,5320
3615,安可,39,21,18,高橋,2024-01-25,5320
1582,信錦,16,0,16,高橋,2024-01-25,5320
3325,旭品,20,4,16,高橋,2024-01-25,5320
1524,耿鼎,17,1,16,高橋,2024-01-25,5320
5351,鈺創,17,1,16,高橋,2024-01-25,5320
00929,復華台灣科技優息,100,86,14,高橋,2024-01-25,5320
3520,華盈,29,15,14,高橋,2024-01-25,5320
1909,榮成,13,0,13,高橋,2024-01-25,5320
3576,聯合再生,13,0,13,高橋,2024-01-25,5320
2308,台達電,12,0,12,高橋,2024-01-25,5320
2344,華邦電,19,7,12,高橋,2024-01-25,5320
4535,至興,12,0,12,高橋,2024-01-25,5320
3128,昇銳,12,0,12,高橋,2024-01-25,5320
6111,大宇資,13,2,11,高橋,2024-01-25,5320
5425,台半,11,0,11,高橋,2024-01-25,5320
2383,台光電,10,0,10,高橋,2024-01-25,5320
2387,精元,10,0,10,高橋,2024-01-25,5320
00933B,國泰10Y+金融債,10,0,10,高橋,2024-01-25,5320
2911,麗嬰房,10,0,10,高橋,2024-01-25,5320
1325,恆大,10,0,10,高橋,2024-01-25,5320
5243,乙盛-KY,10,0,10,高橋,2024-01-25,5320
6213,聯茂,10,0,10,高橋,2024-01-25,5320
00664R,國泰臺灣加權反1,10,0,10,高橋,2024-01-25,5320
2356,英業達,188,38,150,高橋,2024-01-26,5320
2303,聯電,228,81,147,高橋,2024-01-26,5320
00929,復華台灣科技優息,107,2,105,高橋,2024-01-26,5320
00919,群益台灣精選高息,104,5,99,高橋,2024-01-26,5320
3360,尚立,124,31,93,高橋,2024-01-26,5320
2353,宏��,107,22,85,高橋,2024-01-26,5320
2618,長榮航,89,14,75,高橋,2024-01-26,5320
2324,仁寶,64,9,55,高橋,2024-01-26,5320
3615,安可,55,3,52,高橋,2024-01-26,5320
3231,緯創,102,51,51,高橋,2024-01-26,5320
2329,華泰,60,11,49,高橋,2024-01-26,5320
3450,聯鈞,47,1,46,高橋,2024-01-26,5320
9105,泰金寶-DR,75,37,38,高橋,2024-01-26,5320
00632R,元大台灣50反1,35,0,35,高橋,2024-01-26,5320
2344,華邦電,41,13,28,高橋,2024-01-26,5320
5284,jpp-KY,31,3,28,高橋,2024-01-26,5320
00918,大華優利高填息30,24,0,24,高橋,2024-01-26,5320
2887,台新金,23,0,23,高橋,2024-01-26,5320
1217,愛之味,20,0,20,高橋,2024-01-26,5320
00673R,期元大S＆P原油反1,20,0,20,高橋,2024-01-26,5320
00665L,富邦�琤肭磪囓�2,20,0,20,高橋,2024-01-26,5320
2409,友達,46,30,16,高橋,2024-01-26,5320
00664R,國泰臺灣加權反1,15,0,15,高橋,2024-01-26,5320
2401,凌陽,15,0,15,高橋,2024-01-26,5320
2382,廣達,25,10,15,高橋,2024-01-26,5320
6235,華孚,20,7,13,高橋,2024-01-26,5320
00687B,國泰20年美債,13,0,13,高橋,2024-01-26,5320
6270,倍微,30,17,13,高橋,2024-01-26,5320
4729,熒茂,12,1,11,高橋,2024-01-26,5320
00934,中信成長高股息,11,0,11,高橋,2024-01-26,5320
3037,欣興,14,3,11,高橋,2024-01-26,5320
2603,長榮,23,12,11,高橋,2024-01-26,5320
1609,大亞,11,0,11,高橋,2024-01-26,5320
00882,中信中國高股息,15,4,11,高橋,2024-01-26,5320
5880,合庫金,12,1,11,高橋,2024-01-26,5320
6414,樺漢,11,0,11,高橋,2024-01-26,5320
3169,亞信,11,1,10,高橋,2024-01-26,5320
3346,麗清,10,0,10,高橋,2024-01-26,5320
6147,頎邦,11,1,10,高橋,2024-01-26,5320
2498,宏達電,11,1,10,高橋,2024-01-26,5320
1732,毛寶,10,0,10,高橋,2024-01-26,5320
00655L,國泰中國A50正2,15,5,10,高橋,2024-01-26,5320
6167,久正,21,11,10,高橋,2024-01-26,5320
00676R,富邦臺灣加權反1,10,0,10,高橋,2024-01-26,5320
00637L,元大滬深300正2,11,1,10,高橋,2024-01-26,5320
3010,華立,10,0,10,高橋,2024-01-26,5320
3062,建漢,10,0,10,高橋,2024-01-26,5320
9955,佳龍,10,0,10,高橋,2024-01-26,5320
6120,達運,11,1,10,高橋,2024-01-26,5320
2301,光寶科,9,0,9,高橋,2024-01-26,5320
2610,華航,192,22,170,高橋,2024-01-29,5320
2303,聯電,130,5,125,高橋,2024-01-29,5320
2409,友達,140,23,117,高橋,2024-01-29,5320
00679B,元大美債20年,117,1,116,高橋,2024-01-29,5320
2401,凌陽,100,15,85,高橋,2024-01-29,5320
00929,復華台灣科技優息,64,3,61,高橋,2024-01-29,5320
00687B,國泰20年美債,68,10,58,高橋,2024-01-29,5320
00664R,國泰臺灣加權反1,50,0,50,高橋,2024-01-29,5320
2316,楠梓電,50,0,50,高橋,2024-01-29,5320
2356,英業達,59,29,30,高橋,2024-01-29,5320
1307,三芳,28,0,28,高橋,2024-01-29,5320
3710,連展投控,30,3,27,高橋,2024-01-29,5320
1101,台泥,28,5,23,高橋,2024-01-29,5320
4968,立積,24,2,22,高橋,2024-01-29,5320
6182,合晶,22,1,21,高橋,2024-01-29,5320
2739,寒舍,21,0,21,高橋,2024-01-29,5320
00673R,期元大S＆P原油反1,20,0,20,高橋,2024-01-29,5320
00665L,富邦�琤肭磪囓�2,23,3,20,高橋,2024-01-29,5320
00795B,中信美國公債20年,19,0,19,高橋,2024-01-29,5320
3576,聯合再生,20,1,19,高橋,2024-01-29,5320
6770,力積電,22,6,16,高橋,2024-01-29,5320
910861,神州-DR,15,0,15,高橋,2024-01-29,5320
00680L,元大美債20正2,15,0,15,高橋,2024-01-29,5320
2382,廣達,18,4,14,高橋,2024-01-29,5320
2884,玉山金,12,0,12,高橋,2024-01-29,5320
2337,旺宏,15,4,11,高橋,2024-01-29,5320
2102,泰豐,11,0,11,高橋,2024-01-29,5320
3029,零壹,10,0,10,高橋,2024-01-29,5320
6005,群益證,10,0,10,高橋,2024-01-29,5320
1217,愛之味,10,0,10,高橋,2024-01-29,5320
00936,台新永續高息中小,10,0,10,高橋,2024-01-29,5320
6233,旺玖,11,1,10,高橋,2024-01-29,5320
2367,燿華,10,0,10,高橋,2024-01-29,5320
5488,松普,10,0,10,高橋,2024-01-29,5320
2208,台船,10,1,9,高橋,2024-01-29,5320
3035,智原,12,3,9,高橋,2024-01-29,5320
1789,神隆,9,0,9,高橋,2024-01-29,5320
3622,洋華,10,1,9,高橋,2024-01-29,5320
1618,合機,14,5,9,高橋,2024-01-29,5320
00934,中信成長高股息,11,2,9,高橋,2024-01-29,5320
2014,中鴻,8,0,8,高橋,2024-01-29,5320
6116,彩晶,9,1,8,高橋,2024-01-29,5320
3356,奇偶,9,2,7,高橋,2024-01-29,5320
2324,仁寶,12,5,7,高橋,2024-01-29,5320
2845,遠東銀,7,0,7,高橋,2024-01-29,5320
00676R,富邦臺灣加權反1,7,0,7,高橋,2024-01-29,5320
6179,亞通,10,3,7,高橋,2024-01-29,5320
00919,群益台灣精選高息,12,5,7,高橋,2024-01-29,5320
2476,鉅祥,7,0,7,高橋,2024-01-29,5320
00877,復華中國5G,6,0,6,高橋,2024-01-29,5320
2838,聯邦銀,101,0,101,高橋,2024-01-30,5320
2409,友達,99,1,98,高橋,2024-01-30,5320
2886,兆豐金,73,0,73,高橋,2024-01-30,5320
3481,群創,73,7,66,高橋,2024-01-30,5320
00929,復華台灣科技優息,71,6,65,高橋,2024-01-30,5320
2887,台新金,60,1,59,高橋,2024-01-30,5320
2308,台達電,58,0,58,高橋,2024-01-30,5320
6140,訊達,61,8,53,高橋,2024-01-30,5320
8064,東捷,49,0,49,高橋,2024-01-30,5320
1528,恩德,43,2,41,高橋,2024-01-30,5320
2888,新光金,42,5,37,高橋,2024-01-30,5320
00632R,元大台灣50反1,43,6,37,高橋,2024-01-30,5320
1710,東聯,42,6,36,高橋,2024-01-30,5320
2369,菱生,56,21,35,高橋,2024-01-30,5320
5426,振發,35,2,33,高橋,2024-01-30,5320
00882,中信中國高股息,31,1,30,高橋,2024-01-30,5320
3230,錦明,30,0,30,高橋,2024-01-30,5320
2365,昆盈,31,1,30,高橋,2024-01-30,5320
2324,仁寶,39,9,30,高橋,2024-01-30,5320
00937B,群益ESG投等債20,40,10,30,高橋,2024-01-30,5320
00665L,富邦�琤肭磪囓�2,29,0,29,高橋,2024-01-30,5320
4532,瑞智,27,0,27,高橋,2024-01-30,5320
1326,台化,25,0,25,高橋,2024-01-30,5320
3483,力致,24,2,22,高橋,2024-01-30,5320
5871,中租-KY,22,0,22,高橋,2024-01-30,5320
4729,熒茂,21,0,21,高橋,2024-01-30,5320
2208,台船,20,0,20,高橋,2024-01-30,5320
00715L,期街口布蘭特正2,20,0,20,高橋,2024-01-30,5320
00918,大華優利高填息30,20,0,20,高橋,2024-01-30,5320
6165,浪凡,21,3,18,高橋,2024-01-30,5320
00919,群益台灣精選高息,32,16,16,高橋,2024-01-30,5320
3576,聯合再生,16,0,16,高橋,2024-01-30,5320
6695,芯鼎,23,7,16,高橋,2024-01-30,5320
3163,波若威,17,2,15,高橋,2024-01-30,5320
6271,同欣電,15,0,15,高橋,2024-01-30,5320
8201,無敵,15,0,15,高橋,2024-01-30,5320
2883,凱基金,14,0,14,高橋,2024-01-30,5320
4529,淳紳,14,0,14,高橋,2024-01-30,5320
6770,力積電,14,0,14,高橋,2024-01-30,5320
1301,台塑,13,0,13,高橋,2024-01-30,5320
2485,兆赫,15,2,13,高橋,2024-01-30,5320
4535,至興,13,0,13,高橋,2024-01-30,5320
1101,台泥,16,4,12,高橋,2024-01-30,5320
6811,宏�硌穈T,14,2,12,高橋,2024-01-30,5320
4956,光鋐,12,0,12,高橋,2024-01-30,5320
6120,達運,21,10,11,高橋,2024-01-30,5320
00637L,元大滬深300正2,21,10,11,高橋,2024-01-30,5320
9945,潤泰新,11,0,11,高橋,2024-01-30,5320
5258,虹堡,10,0,10,高橋,2024-01-30,5320
5351,鈺創,10,0,10,高橋,2024-01-30,5320
2634,漢翔,133,52,81,高橋,2024-01-31,5320
2356,英業達,92,24,68,高橋,2024-01-31,5320
8040,九暘,62,2,60,高橋,2024-01-31,5320
3481,群創,64,8,56,高橋,2024-01-31,5320
00753L,中信中國50正2,55,0,55,高橋,2024-01-31,5320
00650L,復華香港正2,50,0,50,高橋,2024-01-31,5320
00919,群益台灣精選高息,55,10,45,高橋,2024-01-31,5320
6116,彩晶,37,0,37,高橋,2024-01-31,5320
00687B,國泰20年美債,33,0,33,高橋,2024-01-31,5320
3360,尚立,49,18,31,高橋,2024-01-31,5320
2303,聯電,34,4,30,高橋,2024-01-31,5320
1217,愛之味,30,1,29,高橋,2024-01-31,5320
2609,陽明,37,9,28,高橋,2024-01-31,5320
00712,復華富時不動產,28,0,28,高橋,2024-01-31,5320
2834,臺企銀,28,0,28,高橋,2024-01-31,5320
4960,誠美材,24,0,24,高橋,2024-01-31,5320
2409,友達,90,67,23,高橋,2024-01-31,5320
2610,華航,31,9,22,高橋,2024-01-31,5320
00929,復華台灣科技優息,35,13,22,高橋,2024-01-31,5320
00679B,元大美債20年,25,4,21,高橋,2024-01-31,5320
4303,信立,20,0,20,高橋,2024-01-31,5320
6672,騰輝電子-KY,24,4,20,高橋,2024-01-31,5320
2516,新建,20,0,20,高橋,2024-01-31,5320
5236,凌陽創新,20,0,20,高橋,2024-01-31,5320
5426,振發,29,9,20,高橋,2024-01-31,5320
2208,台船,31,12,19,高橋,2024-01-31,5320
2330,台積電,33,15,18,高橋,2024-01-31,5320
2888,新光金,18,0,18,高橋,2024-01-31,5320
2882,國泰金,20,3,17,高橋,2024-01-31,5320
2886,兆豐金,23,6,17,高橋,2024-01-31,5320
6218,豪勉,19,2,17,高橋,2024-01-31,5320
2337,旺宏,28,11,17,高橋,2024-01-31,5320
6695,芯鼎,45,29,16,高橋,2024-01-31,5320
2002,中鋼,16,0,16,高橋,2024-01-31,5320
2405,輔信,18,2,16,高橋,2024-01-31,5320
0056,元大高股息,29,13,16,高橋,2024-01-31,5320
9105,泰金寶-DR,15,0,15,高橋,2024-01-31,5320
2498,宏達電,17,2,15,高橋,2024-01-31,5320
3706,神達,37,22,15,高橋,2024-01-31,5320
2353,宏��,18,3,15,高橋,2024-01-31,5320
2382,廣達,26,12,14,高橋,2024-01-31,5320
00882,中信中國高股息,13,0,13,高橋,2024-01-31,5320
4535,至興,13,0,13,高橋,2024-01-31,5320
2355,敬鵬,13,0,13,高橋,2024-01-31,5320
3035,智原,12,0,12,高橋,2024-01-31,5320
1616,億泰,12,0,12,高橋,2024-01-31,5320
5258,虹堡,14,2,12,高橋,2024-01-31,5320
00878,國泰永續高股息,14,3,11,高橋,2024-01-31,5320
00669R,國泰美國道瓊反1,11,0,11,高橋,2024-01-31,5320
5314,世紀,12,1,11,高橋,2024-01-31,5320
2409,友達,263,11,252,高橋,2024-02-01,5320
00919,群益台灣精選高息,225,33,192,高橋,2024-02-01,5320
00712,復華富時不動產,85,0,85,高橋,2024-02-01,5320
1909,榮成,80,0,80,高橋,2024-02-01,5320
00937B,群益ESG投等債20,64,0,64,高橋,2024-02-01,5320
8011,台通,54,0,54,高橋,2024-02-01,5320
3706,神達,52,1,51,高橋,2024-02-01,5320
2303,聯電,51,10,41,高橋,2024-02-01,5320
3231,緯創,54,15,39,高橋,2024-02-01,5320
1528,恩德,94,61,33,高橋,2024-02-01,5320
00687B,國泰20年美債,41,8,33,高橋,2024-02-01,5320
1612,宏泰,25,0,25,高橋,2024-02-01,5320
6233,旺玖,30,6,24,高橋,2024-02-01,5320
8096,擎亞,26,5,21,高橋,2024-02-01,5320
9105,泰金寶-DR,20,0,20,高橋,2024-02-01,5320
00888,永豐台灣ESG,20,0,20,高橋,2024-02-01,5320
6116,彩晶,19,0,19,高橋,2024-02-01,5320
8105,凌巨,19,1,18,高橋,2024-02-01,5320
9919,康那香,18,0,18,高橋,2024-02-01,5320
1710,東聯,17,0,17,高橋,2024-02-01,5320
4956,光鋐,21,5,16,高橋,2024-02-01,5320
2382,廣達,19,3,16,高橋,2024-02-01,5320
3013,晟銘電,15,0,15,高橋,2024-02-01,5320
2337,旺宏,15,0,15,高橋,2024-02-01,5320
5905,南仁湖,15,0,15,高橋,2024-02-01,5320
00751B,元大AAA至A公司債,15,0,15,高橋,2024-02-01,5320
4714,永捷,14,0,14,高橋,2024-02-01,5320
2486,一詮,21,7,14,高橋,2024-02-01,5320
8936,國統,39,25,14,高橋,2024-02-01,5320
00935,野村臺灣新科技50,11,0,11,高橋,2024-02-01,5320
6488,環球晶,10,0,10,高橋,2024-02-01,5320
3276,宇環,10,0,10,高橋,2024-02-01,5320
4535,至興,10,0,10,高橋,2024-02-01,5320
8039,台虹,10,0,10,高橋,2024-02-01,5320
8227,巨有科技,13,3,10,高橋,2024-02-01,5320
2897,王道銀行,10,0,10,高橋,2024-02-01,5320
3450,聯鈞,13,3,10,高橋,2024-02-01,5320
1529,樂事綠能,11,2,9,高橋,2024-02-01,5320
5426,振發,22,13,9,高橋,2024-02-01,5320
5465,富驊,10,1,9,高橋,2024-02-01,5320
8064,東捷,8,0,8,高橋,2024-02-01,5320
6127,九豪,10,2,8,高橋,2024-02-01,5320
2405,輔信,8,0,8,高橋,2024-02-01,5320
8210,勤誠,8,1,7,高橋,2024-02-01,5320
3048,益登,8,1,7,高橋,2024-02-01,5320
4529,淳紳,11,4,7,高橋,2024-02-01,5320
2313,華通,15,8,7,高橋,2024-02-01,5320
00891,中信關鍵半導體,6,0,6,高橋,2024-02-01,5320
1732,毛寶,6,0,6,高橋,2024-02-01,5320
1605,華新,6,0,6,高橋,2024-02-01,5320
1909,榮成,102,0,102,高橋,2024-02-02,5320
2609,陽明,76,8,68,高橋,2024-02-02,5320
1217,愛之味,50,0,50,高橋,2024-02-02,5320
2303,聯電,79,34,45,高橋,2024-02-02,5320
1514,亞力,48,4,44,高橋,2024-02-02,5320
3715,定穎投控,48,4,44,高橋,2024-02-02,5320
00637L,元大滬深300正2,39,0,39,高橋,2024-02-02,5320
00919,群益台灣精選高息,51,13,38,高橋,2024-02-02,5320
00937B,群益ESG投等債20,83,46,37,高橋,2024-02-02,5320
00753L,中信中國50正2,36,0,36,高橋,2024-02-02,5320
00712,復華富時不動產,35,1,34,高橋,2024-02-02,5320
4909,新復興,33,2,31,高橋,2024-02-02,5320
2408,南亞科,30,1,29,高橋,2024-02-02,5320
3622,洋華,32,3,29,高橋,2024-02-02,5320
2636,台驊控股,30,2,28,高橋,2024-02-02,5320
2882,國泰金,28,0,28,高橋,2024-02-02,5320
2891,中信金,27,0,27,高橋,2024-02-02,5320
6120,達運,25,0,25,高橋,2024-02-02,5320
4906,正文,30,6,24,高橋,2024-02-02,5320
4535,至興,24,0,24,高橋,2024-02-02,5320
2603,長榮,47,24,23,高橋,2024-02-02,5320
2634,漢翔,23,1,22,高橋,2024-02-02,5320
8936,國統,28,7,21,高橋,2024-02-02,5320
00715L,期街口布蘭特正2,21,0,21,高橋,2024-02-02,5320
3264,欣銓,23,2,21,高橋,2024-02-02,5320
1503,士電,22,1,21,高橋,2024-02-02,5320
2344,華邦電,22,2,20,高橋,2024-02-02,5320
2324,仁寶,23,3,20,高橋,2024-02-02,5320
6770,力積電,21,1,20,高橋,2024-02-02,5320
2607,榮運,19,0,19,高橋,2024-02-02,5320
00933B,國泰10Y+金融債,55,39,16,高橋,2024-02-02,5320
2453,凌群,16,0,16,高橋,2024-02-02,5320
6265,方土昶,19,4,15,高橋,2024-02-02,5320
8201,無敵,15,0,15,高橋,2024-02-02,5320
2887,台新金,15,0,15,高橋,2024-02-02,5320
3543,州巧,15,0,15,高橋,2024-02-02,5320
3294,英濟,27,12,15,高橋,2024-02-02,5320
2312,金寶,17,3,14,高橋,2024-02-02,5320
2369,菱生,17,3,14,高橋,2024-02-02,5320
6125,廣運,27,13,14,高橋,2024-02-02,5320
8111,立��,17,3,14,高橋,2024-02-02,5320
3711,日月光投控,14,0,14,高橋,2024-02-02,5320
3050,鈺德,13,0,13,高橋,2024-02-02,5320
2313,華通,21,8,13,高橋,2024-02-02,5320
5371,中光電,13,0,13,高橋,2024-02-02,5320
1519,華城,19,7,12,高橋,2024-02-02,5320
00882,中信中國高股息,12,0,12,高橋,2024-02-02,5320
2323,中環,12,0,12,高橋,2024-02-02,5320
3576,聯合再生,12,0,12,高橋,2024-02-02,5320
6231,系微,12,0,12,高橋,2024-02-02,5320
00929,復華台灣科技優息,330,1,329,高橋,2024-02-05,5320
2329,華泰,121,17,104,高橋,2024-02-05,5320
00680L,元大美債20正2,85,0,85,高橋,2024-02-05,5320
00712,復華富時不動產,108,37,71,高橋,2024-02-05,5320
0056,元大高股息,63,1,62,高橋,2024-02-05,5320
2303,聯電,71,16,55,高橋,2024-02-05,5320
00933B,國泰10Y+金融債,55,0,55,高橋,2024-02-05,5320
3673,TPK-KY,52,0,52,高橋,2024-02-05,5320
2390,云辰,50,0,50,高橋,2024-02-05,5320
00878,國泰永續高股息,80,31,49,高橋,2024-02-05,5320
00679B,元大美債20年,43,0,43,高橋,2024-02-05,5320
2409,友達,51,9,42,高橋,2024-02-05,5320
6182,合晶,39,0,39,高橋,2024-02-05,5320
00891,中信關鍵半導體,36,0,36,高橋,2024-02-05,5320
5351,鈺創,44,10,34,高橋,2024-02-05,5320
2609,陽明,56,26,30,高橋,2024-02-05,5320
1217,愛之味,30,0,30,高橋,2024-02-05,5320
5202,力新,30,0,30,高橋,2024-02-05,5320
3354,律勝,29,0,29,高橋,2024-02-05,5320
6695,芯鼎,34,8,26,高橋,2024-02-05,5320
6770,力積電,28,2,26,高橋,2024-02-05,5320
2884,玉山金,25,0,25,高橋,2024-02-05,5320
6438,迅得,24,0,24,高橋,2024-02-05,5320
1710,東聯,24,0,24,高橋,2024-02-05,5320
1752,南光,23,0,23,高橋,2024-02-05,5320
00687B,國泰20年美債,27,5,22,高橋,2024-02-05,5320
00688L,國泰20年美債正2,28,6,22,高橋,2024-02-05,5320
00882,中信中國高股息,21,0,21,高橋,2024-02-05,5320
8050,廣積,21,0,21,高橋,2024-02-05,5320
3437,榮創,20,0,20,高橋,2024-02-05,5320
9904,寶成,20,0,20,高橋,2024-02-05,5320
8410,森田,20,0,20,高橋,2024-02-05,5320
6425,易發,22,5,17,高橋,2024-02-05,5320
6243,迅杰,25,10,15,高橋,2024-02-05,5320
3380,明泰,20,5,15,高橋,2024-02-05,5320
00934,中信成長高股息,15,0,15,高橋,2024-02-05,5320
4535,至興,15,0,15,高橋,2024-02-05,5320
6140,訊達,14,0,14,高橋,2024-02-05,5320
1609,大亞,15,1,14,高橋,2024-02-05,5320
2882,國泰金,13,0,13,高橋,2024-02-05,5320
1605,華新,13,0,13,高橋,2024-02-05,5320
3162,精確,13,0,13,高橋,2024-02-05,5320
2498,宏達電,14,1,13,高橋,2024-02-05,5320
2324,仁寶,27,14,13,高橋,2024-02-05,5320
2399,映泰,17,4,13,高橋,2024-02-05,5320
3363,上詮,34,21,13,高橋,2024-02-05,5320
6101,寬魚國際,12,0,12,高橋,2024-02-05,5320
3041,揚智,17,5,12,高橋,2024-02-05,5320
2880,華南金,12,0,12,高橋,2024-02-05,5320
00715L,期街口布蘭特正2,12,0,12,高橋,2024-02-05,5320
00919,群益台灣精選高息,300,26,274,高橋,2024-02-15,5320
2409,友達,202,3,199,高橋,2024-02-15,5320
00929,復華台灣科技優息,215,43,172,高橋,2024-02-15,5320
2618,長榮航,182,51,131,高橋,2024-02-15,5320
00937B,群益ESG投等債20,128,0,128,高橋,2024-02-15,5320
2610,華航,145,25,120,高橋,2024-02-15,5320
00933B,國泰10Y+金融債,116,10,106,高橋,2024-02-15,5320
00687B,國泰20年美債,104,0,104,高橋,2024-02-15,5320
2408,南亞科,99,0,99,高橋,2024-02-15,5320
00712,復華富時不動產,99,3,96,高橋,2024-02-15,5320
3481,群創,103,29,74,高橋,2024-02-15,5320
2344,華邦電,85,16,69,高橋,2024-02-15,5320
1101,台泥,78,14,64,高橋,2024-02-15,5320
1217,愛之味,61,0,61,高橋,2024-02-15,5320
00688L,國泰20年美債正2,513,458,55,高橋,2024-02-15,5320
00673R,期元大S＆P原油反1,51,0,51,高橋,2024-02-15,5320
00679B,元大美債20年,53,2,51,高橋,2024-02-15,5320
2208,台船,60,10,50,高橋,2024-02-15,5320
8410,森田,50,0,50,高橋,2024-02-15,5320
4533,協易機,50,0,50,高橋,2024-02-15,5320
00680L,元大美債20正2,45,0,45,高橋,2024-02-15,5320
6191,精成科,49,5,44,高橋,2024-02-15,5320
2888,新光金,49,6,43,高橋,2024-02-15,5320
2323,中環,42,0,42,高橋,2024-02-15,5320
5490,同亨,52,12,40,高橋,2024-02-15,5320
2464,盟立,40,3,37,高橋,2024-02-15,5320
00772B,中信高評級公司債,38,2,36,高橋,2024-02-15,5320
2641,正德,50,15,35,高橋,2024-02-15,5320
00720B,元大投資級公司債,34,0,34,高橋,2024-02-15,5320
2002,中鋼,33,2,31,高橋,2024-02-15,5320
6733,博晟生醫,30,1,29,高橋,2024-02-15,5320
9904,寶成,28,0,28,高橋,2024-02-15,5320
2369,菱生,94,68,26,高橋,2024-02-15,5320
1527,鑽全,26,0,26,高橋,2024-02-15,5320
00931B,統一美債20年,23,0,23,高橋,2024-02-15,5320
4956,光鋐,21,0,21,高橋,2024-02-15,5320
00706L,期元大S＆P日圓正2,21,0,21,高橋,2024-02-15,5320
8064,東捷,22,2,20,高橋,2024-02-15,5320
00751B,元大AAA至A公司債,19,0,19,高橋,2024-02-15,5320
00795B,中信美國公債20年,19,0,19,高橋,2024-02-15,5320
3706,神達,95,76,19,高橋,2024-02-15,5320
2324,仁寶,20,1,19,高橋,2024-02-15,5320
4714,永捷,164,146,18,高橋,2024-02-15,5320
3055,蔚華科,19,1,18,高橋,2024-02-15,5320
1471,首利,17,0,17,高橋,2024-02-15,5320
2883,凱基金,27,10,17,高橋,2024-02-15,5320
2313,華通,35,18,17,高橋,2024-02-15,5320
3548,兆利,21,5,16,高橋,2024-02-15,5320
2353,宏��,35,19,16,高橋,2024-02-15,5320
1513,中興電,20,5,15,高橋,2024-02-15,5320
00753L,中信中國50正2,640,0,640,高橋,2024-02-16,5320
00937B,群益ESG投等債20,207,0,207,高橋,2024-02-16,5320
2409,友達,123,3,120,高橋,2024-02-16,5320
2887,台新金,113,0,113,高橋,2024-02-16,5320
00687B,國泰20年美債,108,3,105,高橋,2024-02-16,5320
00933B,國泰10Y+金融債,92,0,92,高橋,2024-02-16,5320
00680L,元大美債20正2,84,0,84,高橋,2024-02-16,5320
3231,緯創,147,64,83,高橋,2024-02-16,5320
2062,橋椿,71,3,68,高橋,2024-02-16,5320
00919,群益台灣精選高息,88,26,62,高橋,2024-02-16,5320
8110,華東,51,1,50,高橋,2024-02-16,5320
2888,新光金,73,31,42,高橋,2024-02-16,5320
2425,承啟,69,27,42,高橋,2024-02-16,5320
2206,三陽工業,52,13,39,高橋,2024-02-16,5320
2886,兆豐金,41,2,39,高橋,2024-02-16,5320
2367,燿華,140,105,35,高橋,2024-02-16,5320
2382,廣達,54,22,32,高橋,2024-02-16,5320
2303,聯電,31,2,29,高橋,2024-02-16,5320
00795B,中信美國公債20年,28,0,28,高橋,2024-02-16,5320
00851,台新全球AI,25,0,25,高橋,2024-02-16,5320
2618,長榮航,40,16,24,高橋,2024-02-16,5320
2330,台積電,31,7,24,高橋,2024-02-16,5320
2537,聯上發,24,2,22,高橋,2024-02-16,5320
1316,上曜,32,10,22,高橋,2024-02-16,5320
3362,先進光,29,7,22,高橋,2024-02-16,5320
5272,笙科,24,2,22,高橋,2024-02-16,5320
4945,陞達科技,21,0,21,高橋,2024-02-16,5320
3035,智原,24,4,20,高橋,2024-02-16,5320
2489,瑞軒,43,23,20,高橋,2024-02-16,5320
00918,大華優利高填息30,20,0,20,高橋,2024-02-16,5320
3372,典範,20,0,20,高橋,2024-02-16,5320
2323,中環,20,1,19,高橋,2024-02-16,5320
00688L,國泰20年美債正2,19,0,19,高橋,2024-02-16,5320
1815,富喬,108,89,19,高橋,2024-02-16,5320
00720B,元大投資級公司債,18,0,18,高橋,2024-02-16,5320
3535,晶彩科,19,1,18,高橋,2024-02-16,5320
2421,建準,22,5,17,高橋,2024-02-16,5320
8112,至上,18,1,17,高橋,2024-02-16,5320
3032,偉訓,19,3,16,高橋,2024-02-16,5320
2634,漢翔,16,0,16,高橋,2024-02-16,5320
00772B,中信高評級公司債,16,0,16,高橋,2024-02-16,5320
4956,光鋐,64,48,16,高橋,2024-02-16,5320
3038,全台,24,11,13,高橋,2024-02-16,5320
6533,晶心科,14,1,13,高橋,2024-02-16,5320
2603,長榮,17,5,12,高橋,2024-02-16,5320
3706,神達,54,42,12,高橋,2024-02-16,5320
3481,群創,29,17,12,高橋,2024-02-16,5320
2609,陽明,16,5,11,高橋,2024-02-16,5320
4968,立積,15,4,11,高橋,2024-02-16,5320
00885,富邦越南,11,0,11,高橋,2024-02-16,5320
00933B,國泰10Y+金融債,529,0,529,高橋,2024-02-19,5320
2365,昆盈,203,65,138,高橋,2024-02-19,5320
00929,復華台灣科技優息,117,8,109,高橋,2024-02-19,5320
6288,聯嘉,110,3,107,高橋,2024-02-19,5320
4714,永捷,206,100,106,高橋,2024-02-19,5320
2489,瑞軒,146,40,106,高橋,2024-02-19,5320
00937B,群益ESG投等債20,100,0,100,高橋,2024-02-19,5320
00934,中信成長高股息,100,0,100,高橋,2024-02-19,5320
2882,國泰金,107,13,94,高橋,2024-02-19,5320
00878,國泰永續高股息,95,2,93,高橋,2024-02-19,5320
2353,宏��,77,16,61,高橋,2024-02-19,5320
2834,臺企銀,92,31,61,高橋,2024-02-19,5320
00753L,中信中國50正2,60,0,60,高橋,2024-02-19,5320
3694,海華,51,2,49,高橋,2024-02-19,5320
8105,凌巨,65,20,45,高橋,2024-02-19,5320
00687B,國泰20年美債,44,0,44,高橋,2024-02-19,5320
3706,神達,84,43,41,高橋,2024-02-19,5320
00680L,元大美債20正2,36,0,36,高橋,2024-02-19,5320
00665L,富邦�琤肭磪囓�2,35,0,35,高橋,2024-02-19,5320
2515,中工,46,13,33,高橋,2024-02-19,5320
2455,全新,36,4,32,高橋,2024-02-19,5320
2413,環科,30,0,30,高橋,2024-02-19,5320
3450,聯鈞,34,4,30,高橋,2024-02-19,5320
2329,華泰,60,33,27,高橋,2024-02-19,5320
2457,飛宏,43,16,27,高橋,2024-02-19,5320
2369,菱生,105,78,27,高橋,2024-02-19,5320
2316,楠梓電,26,0,26,高橋,2024-02-19,5320
00919,群益台灣精選高息,41,15,26,高橋,2024-02-19,5320
2905,三商,25,0,25,高橋,2024-02-19,5320
00931B,統一美債20年,23,0,23,高橋,2024-02-19,5320
3231,緯創,60,38,22,高橋,2024-02-19,5320
4956,光鋐,22,0,22,高橋,2024-02-19,5320
3035,智原,23,1,22,高橋,2024-02-19,5320
00795B,中信美國公債20年,21,0,21,高橋,2024-02-19,5320
6133,金橋,20,0,20,高橋,2024-02-19,5320
9945,潤泰新,31,12,19,高橋,2024-02-19,5320
8033,雷虎,18,0,18,高橋,2024-02-19,5320
2352,佳世達,23,6,17,高橋,2024-02-19,5320
00720B,元大投資級公司債,17,0,17,高橋,2024-02-19,5320
1809,中釉,17,0,17,高橋,2024-02-19,5320
2330,台積電,22,5,17,高橋,2024-02-19,5320
2886,兆豐金,21,4,17,高橋,2024-02-19,5320
4534,慶騰,16,0,16,高橋,2024-02-19,5320
5263,智崴,16,0,16,高橋,2024-02-19,5320
00882,中信中國高股息,15,0,15,高橋,2024-02-19,5320
2337,旺宏,15,0,15,高橋,2024-02-19,5320
00688L,國泰20年美債正2,14,0,14,高橋,2024-02-19,5320
2409,友達,17,3,14,高橋,2024-02-19,5320
2356,英業達,65,52,13,高橋,2024-02-19,5320
2009,第一銅,13,0,13,高橋,2024-02-19,5320
6288,聯嘉,300,0,300,高橋,2024-02-20,5320
4714,永捷,222,73,149,高橋,2024-02-20,5320
2303,聯電,133,6,127,高橋,2024-02-20,5320
00929,復華台灣科技優息,167,70,97,高橋,2024-02-20,5320
00937B,群益ESG投等債20,70,0,70,高橋,2024-02-20,5320
00878,國泰永續高股息,80,20,60,高橋,2024-02-20,5320
3481,群創,67,26,41,高橋,2024-02-20,5320
00679B,元大美債20年,51,10,41,高橋,2024-02-20,5320
00933B,國泰10Y+金融債,46,5,41,高橋,2024-02-20,5320
5426,振發,42,1,41,高橋,2024-02-20,5320
3710,連展投控,35,0,35,高橋,2024-02-20,5320
4543,萬在,33,0,33,高橋,2024-02-20,5320
6180,橘子,30,0,30,高橋,2024-02-20,5320
2355,敬鵬,30,4,26,高橋,2024-02-20,5320
00931B,統一美債20年,25,0,25,高橋,2024-02-20,5320
3450,聯鈞,31,6,25,高橋,2024-02-20,5320
00687B,國泰20年美債,45,20,25,高橋,2024-02-20,5320
2301,光寶科,28,4,24,高橋,2024-02-20,5320
6243,迅杰,33,10,23,高橋,2024-02-20,5320
2431,聯昌,23,1,22,高橋,2024-02-20,5320
9103,美德醫療-DR,23,1,22,高橋,2024-02-20,5320
8086,宏捷科,27,5,22,高橋,2024-02-20,5320
3663,鑫科,21,0,21,高橋,2024-02-20,5320
2353,宏��,37,16,21,高橋,2024-02-20,5320
3035,智原,28,8,20,高橋,2024-02-20,5320
2323,中環,20,0,20,高橋,2024-02-20,5320
1514,亞力,22,2,20,高橋,2024-02-20,5320
3014,聯陽,20,1,19,高橋,2024-02-20,5320
3312,弘憶股,97,78,19,高橋,2024-02-20,5320
00680L,元大美債20正2,19,0,19,高橋,2024-02-20,5320
8112,至上,28,10,18,高橋,2024-02-20,5320
1447,力鵬,20,2,18,高橋,2024-02-20,5320
8011,台通,17,0,17,高橋,2024-02-20,5320
4584,君帆,15,0,15,高橋,2024-02-20,5320
9904,寶成,15,0,15,高橋,2024-02-20,5320
2401,凌陽,17,2,15,高橋,2024-02-20,5320
1336,台翰,14,0,14,高橋,2024-02-20,5320
2406,國碩,14,0,14,高橋,2024-02-20,5320
6668,中揚光,14,0,14,高橋,2024-02-20,5320
4909,新復興,18,4,14,高橋,2024-02-20,5320
2610,華航,37,24,13,高橋,2024-02-20,5320
00795B,中信美國公債20年,13,0,13,高橋,2024-02-20,5320
5864,致和證,13,0,13,高橋,2024-02-20,5320
3363,上詮,32,19,13,高橋,2024-02-20,5320
4979,華星光,34,21,13,高橋,2024-02-20,5320
2376,技嘉,21,9,12,高橋,2024-02-20,5320
2498,宏達電,13,1,12,高橋,2024-02-20,5320
1316,上曜,15,3,12,高橋,2024-02-20,5320
00712,復華富時不動產,11,0,11,高橋,2024-02-20,5320
6133,金橋,12,1,11,高橋,2024-02-20,5320
00665L,富邦�琤肭磪囓�2,971,240,731,高橋,2024-02-21,5320
00937B,群益ESG投等債20,306,67,239,高橋,2024-02-21,5320
00929,復華台灣科技優息,187,1,186,高橋,2024-02-21,5320
2303,聯電,223,38,185,高橋,2024-02-21,5320
2409,友達,131,5,126,高橋,2024-02-21,5320
2609,陽明,147,33,114,高橋,2024-02-21,5320
00712,復華富時不動產,113,0,113,高橋,2024-02-21,5320
1522,堤維西,94,9,85,高橋,2024-02-21,5320
00878,國泰永續高股息,88,20,68,高橋,2024-02-21,5320
00933B,國泰10Y+金融債,64,5,59,高橋,2024-02-21,5320
3231,緯創,128,71,57,高橋,2024-02-21,5320
2897,王道銀行,51,0,51,高橋,2024-02-21,5320
00918,大華優利高填息30,52,1,51,高橋,2024-02-21,5320
4306,炎洲,47,0,47,高橋,2024-02-21,5320
1455,集盛,45,2,43,高橋,2024-02-21,5320
3260,威剛,64,21,43,高橋,2024-02-21,5320
2489,瑞軒,172,134,38,高橋,2024-02-21,5320
9105,泰金寶-DR,56,18,38,高橋,2024-02-21,5320
8110,華東,49,12,37,高橋,2024-02-21,5320
2312,金寶,48,12,36,高橋,2024-02-21,5320
2382,廣達,51,16,35,高橋,2024-02-21,5320
3047,訊舟,70,37,33,高橋,2024-02-21,5320
2611,志信,42,10,32,高橋,2024-02-21,5320
00795B,中信美國公債20年,30,0,30,高橋,2024-02-21,5320
4729,熒茂,27,0,27,高橋,2024-02-21,5320
3221,台嘉碩,40,13,27,高橋,2024-02-21,5320
1316,上曜,86,62,24,高橋,2024-02-21,5320
2355,敬鵬,34,11,23,高橋,2024-02-21,5320
2457,飛宏,23,0,23,高橋,2024-02-21,5320
2440,太空梭,22,0,22,高橋,2024-02-21,5320
3032,偉訓,22,0,22,高橋,2024-02-21,5320
5355,佳總,22,1,21,高橋,2024-02-21,5320
00891,中信關鍵半導體,22,1,21,高橋,2024-02-21,5320
6282,康舒,43,22,21,高橋,2024-02-21,5320
3374,精材,22,2,20,高橋,2024-02-21,5320
2356,英業達,43,23,20,高橋,2024-02-21,5320
1718,中纖,20,0,20,高橋,2024-02-21,5320
0056,元大高股息,19,1,18,高橋,2024-02-21,5320
4968,立積,25,7,18,高橋,2024-02-21,5320
2365,昆盈,23,5,18,高橋,2024-02-21,5320
1711,永光,20,2,18,高橋,2024-02-21,5320
00687B,國泰20年美債,17,0,17,高橋,2024-02-21,5320
6197,佳必琪,16,0,16,高橋,2024-02-21,5320
2618,長榮航,19,3,16,高橋,2024-02-21,5320
3029,零壹,15,0,15,高橋,2024-02-21,5320
2353,宏��,19,5,14,高橋,2024-02-21,5320
6245,立端,14,1,13,高橋,2024-02-21,5320
1471,首利,13,1,12,高橋,2024-02-21,5320
00923,群益台ESG低碳50,12,0,12,高橋,2024-02-21,5320
2332,友訊,15,3,12,高橋,2024-02-21,5320
2409,友達,118,0,118,高橋,2024-02-22,5320
00933B,國泰10Y+金融債,107,0,107,高橋,2024-02-22,5320
2610,華航,103,2,101,高橋,2024-02-22,5320
2618,長榮航,99,5,94,高橋,2024-02-22,5320
00632R,元大台灣50反1,67,0,67,高橋,2024-02-22,5320
2489,瑞軒,83,31,52,高橋,2024-02-22,5320
2484,希華,60,9,51,高橋,2024-02-22,5320
2633,台灣高鐵,50,1,49,高橋,2024-02-22,5320
5211,蒙恬,50,1,49,高橋,2024-02-22,5320
00891,中信關鍵半導體,51,5,46,高橋,2024-02-22,5320
00878,國泰永續高股息,80,38,42,高橋,2024-02-22,5320
00934,中信成長高股息,40,0,40,高橋,2024-02-22,5320
2543,皇昌,67,28,39,高橋,2024-02-22,5320
3231,緯創,111,75,36,高橋,2024-02-22,5320
2303,聯電,41,7,34,高橋,2024-02-22,5320
2323,中環,50,16,34,高橋,2024-02-22,5320
00753L,中信中國50正2,30,0,30,高橋,2024-02-22,5320
2329,華泰,73,44,29,高橋,2024-02-22,5320
4534,慶騰,34,5,29,高橋,2024-02-22,5320
2208,台船,47,20,27,高橋,2024-02-22,5320
5272,笙科,30,3,27,高橋,2024-02-22,5320
5443,均豪,36,12,24,高橋,2024-02-22,5320
6126,信音,34,10,24,高橋,2024-02-22,5320
3710,連展投控,22,0,22,高橋,2024-02-22,5320
2838,聯邦銀,22,0,22,高橋,2024-02-22,5320
3041,揚智,62,41,21,高橋,2024-02-22,5320
00795B,中信美國公債20年,21,0,21,高橋,2024-02-22,5320
2356,英業達,74,54,20,高橋,2024-02-22,5320
1503,士電,55,35,20,高橋,2024-02-22,5320
8940,新天地,20,0,20,高橋,2024-02-22,5320
2337,旺宏,20,0,20,高橋,2024-02-22,5320
3363,上詮,42,22,20,高橋,2024-02-22,5320
2440,太空梭,20,1,19,高橋,2024-02-22,5320
00687B,國泰20年美債,26,9,17,高橋,2024-02-22,5320
3481,群創,24,7,17,高橋,2024-02-22,5320
3006,晶豪科,19,3,16,高橋,2024-02-22,5320
00882,中信中國高股息,21,5,16,高橋,2024-02-22,5320
9904,寶成,16,0,16,高橋,2024-02-22,5320
00918,大華優利高填息30,20,4,16,高橋,2024-02-22,5320
6196,帆宣,19,3,16,高橋,2024-02-22,5320
3035,智原,22,7,15,高橋,2024-02-22,5320
8936,國統,21,6,15,高橋,2024-02-22,5320
00664R,國泰臺灣加權反1,15,0,15,高橋,2024-02-22,5320
3047,訊舟,34,19,15,高橋,2024-02-22,5320
8110,華東,32,17,15,高橋,2024-02-22,5320
8105,凌巨,33,18,15,高橋,2024-02-22,5320
5521,工信,14,0,14,高橋,2024-02-22,5320
2498,宏達電,14,0,14,高橋,2024-02-22,5320
1316,上曜,25,11,14,高橋,2024-02-22,5320
2515,中工,14,0,14,高橋,2024-02-22,5320
00937B,群益ESG投等債20,164,0,164,高橋,2024-02-23,5320
00919,群益台灣精選高息,180,55,125,高橋,2024-02-23,5320
4720,德淵,110,0,110,高橋,2024-02-23,5320
00795B,中信美國公債20年,101,0,101,高橋,2024-02-23,5320
1337,再生-KY,83,0,83,高橋,2024-02-23,5320
00891,中信關鍵半導體,76,17,59,高橋,2024-02-23,5320
00632R,元大台灣50反1,55,0,55,高橋,2024-02-23,5320
2489,瑞軒,65,12,53,高橋,2024-02-23,5320
2610,華航,53,1,52,高橋,2024-02-23,5320
912000,晨訊科-DR,50,0,50,高橋,2024-02-23,5320
3260,威剛,62,12,50,高橋,2024-02-23,5320
2618,長榮航,71,26,45,高橋,2024-02-23,5320
2406,國碩,41,0,41,高橋,2024-02-23,5320
6167,久正,51,12,39,高橋,2024-02-23,5320
4714,永捷,46,12,34,高橋,2024-02-23,5320
2888,新光金,35,1,34,高橋,2024-02-23,5320
00687B,國泰20年美債,31,0,31,高橋,2024-02-23,5320
2461,光群雷,30,0,30,高橋,2024-02-23,5320
00679B,元大美債20年,30,0,30,高橋,2024-02-23,5320
1303,南亞,29,0,29,高橋,2024-02-23,5320
1717,長興,28,1,27,高橋,2024-02-23,5320
2303,聯電,39,12,27,高橋,2024-02-23,5320
3694,海華,31,6,25,高橋,2024-02-23,5320
2329,華泰,115,91,24,高橋,2024-02-23,5320
2353,宏��,29,7,22,高橋,2024-02-23,5320
3481,群創,55,33,22,高橋,2024-02-23,5320
3715,定穎投控,23,1,22,高橋,2024-02-23,5320
3673,TPK-KY,20,0,20,高橋,2024-02-23,5320
00907,永豐優息存股,20,1,19,高橋,2024-02-23,5320
2603,長榮,20,2,18,高橋,2024-02-23,5320
6189,豐藝,26,9,17,高橋,2024-02-23,5320
6530,創威,26,9,17,高橋,2024-02-23,5320
2369,菱生,19,2,17,高橋,2024-02-23,5320
3706,神達,31,14,17,高橋,2024-02-23,5320
3516,亞帝歐,16,0,16,高橋,2024-02-23,5320
2355,敬鵬,27,11,16,高橋,2024-02-23,5320
2885,元大金,16,0,16,高橋,2024-02-23,5320
2206,三陽工業,18,2,16,高橋,2024-02-23,5320
2332,友訊,17,2,15,高橋,2024-02-23,5320
3234,光環,29,14,15,高橋,2024-02-23,5320
2498,宏達電,15,0,15,高橋,2024-02-23,5320
4960,誠美材,15,0,15,高橋,2024-02-23,5320
2313,華通,56,41,15,高橋,2024-02-23,5320
00688L,國泰20年美債正2,15,0,15,高橋,2024-02-23,5320
5452,佶優,40,25,15,高橋,2024-02-23,5320
3032,偉訓,16,2,14,高橋,2024-02-23,5320
3006,晶豪科,36,23,13,高橋,2024-02-23,5320
2886,兆豐金,13,0,13,高橋,2024-02-23,5320
2882,國泰金,13,0,13,高橋,2024-02-23,5320
00933B,國泰10Y+金融債,27,14,13,高橋,2024-02-23,5320
00929,復華台灣科技優息,398,62,336,高橋,2024-02-26,5320
00933B,國泰10Y+金融債,309,13,296,高橋,2024-02-26,5320
00878,國泰永續高股息,189,3,186,高橋,2024-02-26,5320
00664R,國泰臺灣加權反1,110,0,110,高橋,2024-02-26,5320
00937B,群益ESG投等債20,113,6,107,高橋,2024-02-26,5320
2356,英業達,102,21,81,高橋,2024-02-26,5320
4526,東台,94,16,78,高橋,2024-02-26,5320
3047,訊舟,78,12,66,高橋,2024-02-26,5320
2369,菱生,71,14,57,高橋,2024-02-26,5320
4109,加捷生醫,53,2,51,高橋,2024-02-26,5320
3481,群創,89,38,51,高橋,2024-02-26,5320
8047,星雲,51,1,50,高橋,2024-02-26,5320
5202,力新,70,22,48,高橋,2024-02-26,5320
00935,野村臺灣新科技50,44,0,44,高橋,2024-02-26,5320
2618,長榮航,53,12,41,高橋,2024-02-26,5320
5381,合正,41,1,40,高橋,2024-02-26,5320
2409,友達,66,32,34,高橋,2024-02-26,5320
00632R,元大台灣50反1,33,0,33,高橋,2024-02-26,5320
00712,復華富時不動產,32,0,32,高橋,2024-02-26,5320
2303,聯電,43,13,30,高橋,2024-02-26,5320
00753L,中信中國50正2,30,0,30,高橋,2024-02-26,5320
8222,寶一,40,10,30,高橋,2024-02-26,5320
6229,研通,29,0,29,高橋,2024-02-26,5320
2610,華航,31,2,29,高橋,2024-02-26,5320
2888,新光金,49,23,26,高橋,2024-02-26,5320
2607,榮運,24,0,24,高橋,2024-02-26,5320
2324,仁寶,29,5,24,高橋,2024-02-26,5320
6218,豪勉,31,8,23,高橋,2024-02-26,5320
00637L,元大滬深300正2,33,10,23,高橋,2024-02-26,5320
3504,揚明光,22,0,22,高橋,2024-02-26,5320
2363,矽統,68,46,22,高橋,2024-02-26,5320
3264,欣銓,22,1,21,高橋,2024-02-26,5320
8105,凌巨,21,0,21,高橋,2024-02-26,5320
5608,四維航,20,0,20,高橋,2024-02-26,5320
3706,神達,56,36,20,高橋,2024-02-26,5320
2461,光群雷,20,0,20,高橋,2024-02-26,5320
1337,再生-KY,20,0,20,高橋,2024-02-26,5320
1714,和桐,20,0,20,高橋,2024-02-26,5320
5607,遠雄港,22,2,20,高橋,2024-02-26,5320
2002,中鋼,26,7,19,高橋,2024-02-26,5320
2489,瑞軒,21,2,19,高橋,2024-02-26,5320
1455,集盛,25,6,19,高橋,2024-02-26,5320
3035,智原,20,1,19,高橋,2024-02-26,5320
3231,緯創,49,30,19,高橋,2024-02-26,5320
2449,京元電子,23,5,18,高橋,2024-02-26,5320
0056,元大高股息,22,4,18,高橋,2024-02-26,5320
1584,精剛,18,0,18,高橋,2024-02-26,5320
1616,億泰,18,0,18,高橋,2024-02-26,5320
00680L,元大美債20正2,20,2,18,高橋,2024-02-26,5320
2353,宏��,23,6,17,高橋,2024-02-26,5320
2884,玉山金,192,13,179,高橋,2024-02-27,5320
00937B,群益ESG投等債20,149,1,148,高橋,2024-02-27,5320
2887,台新金,141,10,131,高橋,2024-02-27,5320
00878,國泰永續高股息,199,84,115,高橋,2024-02-27,5320
00753L,中信中國50正2,110,0,110,高橋,2024-02-27,5320
2618,長榮航,101,12,89,高橋,2024-02-27,5320
00919,群益台灣精選高息,114,27,87,高橋,2024-02-27,5320
2369,菱生,86,27,59,高橋,2024-02-27,5320
3037,欣興,75,17,58,高橋,2024-02-27,5320
00900,富邦特選高股息30,65,8,57,高橋,2024-02-27,5320
3450,聯鈞,79,23,56,高橋,2024-02-27,5320
2406,國碩,45,0,45,高橋,2024-02-27,5320
3481,群創,43,1,42,高橋,2024-02-27,5320
00933B,國泰10Y+金融債,43,1,42,高橋,2024-02-27,5320
00679B,元大美債20年,50,10,40,高橋,2024-02-27,5320
2461,光群雷,40,0,40,高橋,2024-02-27,5320
00632R,元大台灣50反1,40,0,40,高橋,2024-02-27,5320
1514,亞力,58,21,37,高橋,2024-02-27,5320
2329,華泰,61,24,37,高橋,2024-02-27,5320
2301,光寶科,46,12,34,高橋,2024-02-27,5320
1513,中興電,84,52,32,高橋,2024-02-27,5320
2610,華航,70,39,31,高橋,2024-02-27,5320
5426,振發,31,1,30,高橋,2024-02-27,5320
9904,寶成,30,0,30,高橋,2024-02-27,5320
2208,台船,30,1,29,高橋,2024-02-27,5320
2476,鉅祥,33,5,28,高橋,2024-02-27,5320
2002,中鋼,35,7,28,高橋,2024-02-27,5320
2498,宏達電,34,7,27,高橋,2024-02-27,5320
6223,旺矽,36,9,27,高橋,2024-02-27,5320
3372,典範,33,8,25,高橋,2024-02-27,5320
3231,緯創,60,37,23,高橋,2024-02-27,5320
2405,輔信,36,14,22,高橋,2024-02-27,5320
3014,聯陽,23,1,22,高橋,2024-02-27,5320
3163,波若威,29,8,21,高橋,2024-02-27,5320
9103,美德醫療-DR,20,0,20,高橋,2024-02-27,5320
00687B,國泰20年美債,20,0,20,高橋,2024-02-27,5320
2543,皇昌,22,3,19,高橋,2024-02-27,5320
3234,光環,24,5,19,高橋,2024-02-27,5320
6770,力積電,20,1,19,高橋,2024-02-27,5320
6179,亞通,18,0,18,高橋,2024-02-27,5320
4108,懷特,18,0,18,高橋,2024-02-27,5320
2355,敬鵬,24,6,18,高橋,2024-02-27,5320
8064,東捷,26,8,18,高橋,2024-02-27,5320
8049,晶采,17,0,17,高橋,2024-02-27,5320
3380,明泰,17,0,17,高橋,2024-02-27,5320
5272,笙科,21,5,16,高橋,2024-02-27,5320
4543,萬在,35,19,16,高橋,2024-02-27,5320
4909,新復興,32,16,16,高橋,2024-02-27,5320
0056,元大高股息,27,12,15,高橋,2024-02-27,5320
6116,彩晶,15,0,15,高橋,2024-02-27,5320
2834,臺企銀,319,29,290,高橋,2024-02-29,5320
00712,復華富時不動產,122,0,122,高橋,2024-02-29,5320
00937B,群益ESG投等債20,113,0,113,高橋,2024-02-29,5320
00680L,元大美債20正2,111,0,111,高橋,2024-02-29,5320
9904,寶成,73,0,73,高橋,2024-02-29,5320
00753L,中信中國50正2,66,0,66,高橋,2024-02-29,5320
00918,大華優利高填息30,65,0,65,高橋,2024-02-29,5320
9945,潤泰新,61,0,61,高橋,2024-02-29,5320
2353,宏��,60,10,50,高橋,2024-02-29,5320
2887,台新金,52,3,49,高橋,2024-02-29,5320
5202,力新,55,9,46,高橋,2024-02-29,5320
5009,榮剛,61,18,43,高橋,2024-02-29,5320
3481,群創,43,2,41,高橋,2024-02-29,5320
00919,群益台灣精選高息,122,84,38,高橋,2024-02-29,5320
00688L,國泰20年美債正2,30,0,30,高橋,2024-02-29,5320
5452,佶優,35,5,30,高橋,2024-02-29,5320
00687B,國泰20年美債,31,2,29,高橋,2024-02-29,5320
2329,華泰,77,49,28,高橋,2024-02-29,5320
3689,湧德,34,7,27,高橋,2024-02-29,5320
2208,台船,38,12,26,高橋,2024-02-29,5320
8473,山林水,28,2,26,高橋,2024-02-29,5320
1522,堤維西,34,8,26,高橋,2024-02-29,5320
6770,力積電,39,13,26,高橋,2024-02-29,5320
6147,頎邦,25,0,25,高橋,2024-02-29,5320
6227,茂綸,31,7,24,高橋,2024-02-29,5320
2324,仁寶,31,10,21,高橋,2024-02-29,5320
2402,毅嘉,29,10,19,高橋,2024-02-29,5320
8926,台汽電,29,11,18,高橋,2024-02-29,5320
00673R,期元大S＆P原油反1,16,0,16,高橋,2024-02-29,5320
1618,合機,19,3,16,高橋,2024-02-29,5320
2330,台積電,20,5,15,高橋,2024-02-29,5320
1101,台泥,20,5,15,高橋,2024-02-29,5320
3354,律勝,15,0,15,高橋,2024-02-29,5320
5225,東科-KY,16,2,14,高橋,2024-02-29,5320
3380,明泰,17,3,14,高橋,2024-02-29,5320
2537,聯上發,13,0,13,高橋,2024-02-29,5320
2027,大成鋼,13,0,13,高橋,2024-02-29,5320
4535,至興,14,1,13,高橋,2024-02-29,5320
2421,建準,17,5,12,高橋,2024-02-29,5320
8936,國統,40,28,12,高橋,2024-02-29,5320
6121,新普,12,0,12,高橋,2024-02-29,5320
9105,泰金寶-DR,14,2,12,高橋,2024-02-29,5320
2002,中鋼,12,0,12,高橋,2024-02-29,5320
3450,聯鈞,25,13,12,高橋,2024-02-29,5320
2382,廣達,16,5,11,高橋,2024-02-29,5320
3032,偉訓,11,0,11,高橋,2024-02-29,5320
8011,台通,10,0,10,高橋,2024-02-29,5320
5706,鳳凰,10,0,10,高橋,2024-02-29,5320
8112,至上,16,6,10,高橋,2024-02-29,5320
8070,長華*,10,0,10,高橋,2024-02-29,5320
00919,群益台灣精選高息,344,20,324,高橋,2024-03-01,5320
00918,大華優利高填息30,162,0,162,高橋,2024-03-01,5320
3372,典範,177,30,147,高橋,2024-03-01,5320
00751B,元大AAA至A公司債,100,0,100,高橋,2024-03-01,5320
2313,華通,83,2,81,高橋,2024-03-01,5320
2409,友達,83,22,61,高橋,2024-03-01,5320
00720B,元大投資級公司債,59,0,59,高橋,2024-03-01,5320
1402,遠東新,56,0,56,高橋,2024-03-01,5320
00929,復華台灣科技優息,63,11,52,高橋,2024-03-01,5320
1536,和大,52,0,52,高橋,2024-03-01,5320
2303,聯電,61,11,50,高橋,2024-03-01,5320
2329,華泰,80,37,43,高橋,2024-03-01,5320
00937B,群益ESG投等債20,83,41,42,高橋,2024-03-01,5320
00882,中信中國高股息,41,0,41,高橋,2024-03-01,5320
2886,兆豐金,41,0,41,高橋,2024-03-01,5320
4526,東台,41,2,39,高橋,2024-03-01,5320
2609,陽明,40,5,35,高橋,2024-03-01,5320
8096,擎亞,29,0,29,高橋,2024-03-01,5320
2355,敬鵬,28,1,27,高橋,2024-03-01,5320
2340,台亞,25,0,25,高橋,2024-03-01,5320
1514,亞力,91,66,25,高橋,2024-03-01,5320
1101,台泥,23,0,23,高橋,2024-03-01,5320
4303,信立,31,8,23,高橋,2024-03-01,5320
5465,富驊,27,4,23,高橋,2024-03-01,5320
2369,菱生,45,23,22,高橋,2024-03-01,5320
00933B,國泰10Y+金融債,31,9,22,高橋,2024-03-01,5320
2883,凱基金,28,7,21,高橋,2024-03-01,5320
5225,東科-KY,21,0,21,高橋,2024-03-01,5320
9904,寶成,21,0,21,高橋,2024-03-01,5320
00637L,元大滬深300正2,20,0,20,高橋,2024-03-01,5320
3055,蔚華科,37,17,20,高橋,2024-03-01,5320
6695,芯鼎,20,1,19,高橋,2024-03-01,5320
2484,希華,20,1,19,高橋,2024-03-01,5320
2605,新興,21,3,18,高橋,2024-03-01,5320
2618,長榮航,23,5,18,高橋,2024-03-01,5320
00688L,國泰20年美債正2,20,2,18,高橋,2024-03-01,5320
00913,兆豐台灣晶圓製造,15,0,15,高橋,2024-03-01,5320
6233,旺玖,30,15,15,高橋,2024-03-01,5320
6126,信音,29,14,15,高橋,2024-03-01,5320
2402,毅嘉,15,0,15,高橋,2024-03-01,5320
8050,廣積,16,1,15,高橋,2024-03-01,5320
2884,玉山金,30,16,14,高橋,2024-03-01,5320
2408,南亞科,13,0,13,高橋,2024-03-01,5320
6244,茂迪,13,0,13,高橋,2024-03-01,5320
2836,高雄銀,13,0,13,高橋,2024-03-01,5320
2537,聯上發,13,0,13,高橋,2024-03-01,5320
2002,中鋼,21,9,12,高橋,2024-03-01,5320
1589,永冠-KY,12,0,12,高橋,2024-03-01,5320
00934,中信成長高股息,12,0,12,高橋,2024-03-01,5320
3260,威剛,12,0,12,高橋,2024-03-01,5320
00937B,群益ESG投等債20,357,16,341,高橋,2024-03-04,5320
00918,大華優利高填息30,313,37,276,高橋,2024-03-04,5320
00680L,元大美債20正2,215,2,213,高橋,2024-03-04,5320
00919,群益台灣精選高息,256,54,202,高橋,2024-03-04,5320
2888,新光金,212,11,201,高橋,2024-03-04,5320
2409,友達,119,16,103,高橋,2024-03-04,5320
2332,友訊,85,7,78,高橋,2024-03-04,5320
00632R,元大台灣50反1,82,5,77,高橋,2024-03-04,5320
00934,中信成長高股息,56,0,56,高橋,2024-03-04,5320
8011,台通,102,46,56,高橋,2024-03-04,5320
00712,復華富時不動產,51,2,49,高橋,2024-03-04,5320
8150,南茂,50,3,47,高橋,2024-03-04,5320
1513,中興電,70,29,41,高橋,2024-03-04,5320
3060,銘異,38,0,38,高橋,2024-03-04,5320
00915,凱基優選高股息30,37,0,37,高橋,2024-03-04,5320
2208,台船,46,11,35,高橋,2024-03-04,5320
6770,力積電,33,1,32,高橋,2024-03-04,5320
2543,皇昌,32,1,31,高橋,2024-03-04,5320
5880,合庫金,30,0,30,高橋,2024-03-04,5320
6292,迅德,30,0,30,高橋,2024-03-04,5320
9938,百和,30,0,30,高橋,2024-03-04,5320
6282,康舒,29,0,29,高橋,2024-03-04,5320
4581,光隆精密-KY,28,0,28,高橋,2024-03-04,5320
3231,緯創,63,35,28,高橋,2024-03-04,5320
00679B,元大美債20年,25,0,25,高橋,2024-03-04,5320
00664R,國泰臺灣加權反1,25,0,25,高橋,2024-03-04,5320
00687B,國泰20年美債,36,11,25,高橋,2024-03-04,5320
3708,上緯投控,28,5,23,高橋,2024-03-04,5320
00857B,永豐20年美公債,23,0,23,高橋,2024-03-04,5320
3162,精確,26,3,23,高橋,2024-03-04,5320
2892,第一金,23,0,23,高橋,2024-03-04,5320
2353,宏��,81,58,23,高橋,2024-03-04,5320
2303,聯電,36,14,22,高橋,2024-03-04,5320
1609,大亞,32,11,21,高橋,2024-03-04,5320
4909,新復興,24,4,20,高橋,2024-03-04,5320
3006,晶豪科,41,21,20,高橋,2024-03-04,5320
8027,鈦昇,20,0,20,高橋,2024-03-04,5320
6164,華興,20,0,20,高橋,2024-03-04,5320
2377,微星,21,2,19,高橋,2024-03-04,5320
2610,華航,29,11,18,高橋,2024-03-04,5320
00676R,富邦臺灣加權反1,18,0,18,高橋,2024-03-04,5320
6695,芯鼎,19,2,17,高橋,2024-03-04,5320
3010,華立,16,0,16,高橋,2024-03-04,5320
2327,國巨,16,0,16,高橋,2024-03-04,5320
6274,台燿,19,3,16,高橋,2024-03-04,5320
3356,奇偶,20,5,15,高橋,2024-03-04,5320
1815,富喬,19,5,14,高橋,2024-03-04,5320
1301,台塑,18,5,13,高橋,2024-03-04,5320
6139,亞翔,16,3,13,高橋,2024-03-04,5320
2206,三陽工業,16,3,13,高橋,2024-03-04,5320
00918,大華優利高填息30,142,2,140,高橋,2024-03-05,5320
3481,群創,171,37,134,高橋,2024-03-05,5320
2409,友達,121,2,119,高橋,2024-03-05,5320
3062,建漢,119,3,116,高橋,2024-03-05,5320
00712,復華富時不動產,104,0,104,高橋,2024-03-05,5320
00915,凱基優選高股息30,113,12,101,高橋,2024-03-05,5320
00632R,元大台灣50反1,88,14,74,高橋,2024-03-05,5320
2208,台船,78,16,62,高橋,2024-03-05,5320
00935,野村臺灣新科技50,55,0,55,高橋,2024-03-05,5320
2324,仁寶,64,11,53,高橋,2024-03-05,5320
5488,松普,54,1,53,高橋,2024-03-05,5320
2355,敬鵬,50,1,49,高橋,2024-03-05,5320
1584,精剛,44,0,44,高橋,2024-03-05,5320
2303,聯電,61,18,43,高橋,2024-03-05,5320
1444,力麗,52,12,40,高橋,2024-03-05,5320
00665L,富邦�琤肭磪囓�2,39,0,39,高橋,2024-03-05,5320
3673,TPK-KY,35,0,35,高橋,2024-03-05,5320
2495,普安,40,6,34,高橋,2024-03-05,5320
2002,中鋼,42,9,33,高橋,2024-03-05,5320
00753L,中信中國50正2,33,0,33,高橋,2024-03-05,5320
2888,新光金,43,12,31,高橋,2024-03-05,5320
3060,銘異,32,3,29,高橋,2024-03-05,5320
00919,群益台灣精選高息,111,84,27,高橋,2024-03-05,5320
00931B,統一美債20年,27,0,27,高橋,2024-03-05,5320
2610,華航,31,5,26,高橋,2024-03-05,5320
6770,力積電,70,47,23,高橋,2024-03-05,5320
8054,安國,25,3,22,高橋,2024-03-05,5320
00937B,群益ESG投等債20,52,30,22,高橋,2024-03-05,5320
3264,欣銓,28,6,22,高橋,2024-03-05,5320
1301,台塑,23,3,20,高橋,2024-03-05,5320
00664R,國泰臺灣加權反1,20,0,20,高橋,2024-03-05,5320
3374,精材,21,2,19,高橋,2024-03-05,5320
8070,長華*,19,1,18,高橋,2024-03-05,5320
2641,正德,18,1,17,高橋,2024-03-05,5320
1609,大亞,30,14,16,高橋,2024-03-05,5320
2408,南亞科,17,1,16,高橋,2024-03-05,5320
2369,菱生,21,6,15,高橋,2024-03-05,5320
2537,聯上發,15,0,15,高橋,2024-03-05,5320
6179,亞通,15,0,15,高橋,2024-03-05,5320
00752,中信中國50,15,0,15,高橋,2024-03-05,5320
9945,潤泰新,15,0,15,高橋,2024-03-05,5320
6290,良維,17,3,14,高橋,2024-03-05,5320
6533,晶心科,14,0,14,高橋,2024-03-05,5320
1905,華紙,14,0,14,高橋,2024-03-05,5320
2633,台灣高鐵,14,0,14,高橋,2024-03-05,5320
3530,晶相光,14,0,14,高橋,2024-03-05,5320
1513,中興電,49,36,13,高橋,2024-03-05,5320
2312,金寶,13,0,13,高橋,2024-03-05,5320
00687B,國泰20年美債,23,10,13,高橋,2024-03-05,5320
00882,中信中國高股息,18,5,13,高橋,2024-03-05,5320
00918,大華優利高填息30,222,3,219,高橋,2024-03-06,5320
00919,群益台灣精選高息,301,137,164,高橋,2024-03-06,5320
2367,燿華,284,134,150,高橋,2024-03-06,5320
5498,凱崴,153,13,140,高橋,2024-03-06,5320
00930,永豐ESG低碳高息,101,2,99,高橋,2024-03-06,5320
00902,中信電池及儲能,100,12,88,高橋,2024-03-06,5320
3231,緯創,103,15,88,高橋,2024-03-06,5320
1102,亞泥,80,3,77,高橋,2024-03-06,5320
2329,華泰,91,15,76,高橋,2024-03-06,5320
6161,捷波,72,3,69,高橋,2024-03-06,5320
00929,復華台灣科技優息,118,57,61,高橋,2024-03-06,5320
3481,群創,61,3,58,高橋,2024-03-06,5320
00915,凱基優選高股息30,58,1,57,高橋,2024-03-06,5320
2801,彰銀,55,1,54,高橋,2024-03-06,5320
4109,加捷生醫,50,5,45,高橋,2024-03-06,5320
2356,英業達,65,21,44,高橋,2024-03-06,5320
9945,潤泰新,40,0,40,高橋,2024-03-06,5320
00931B,統一美債20年,39,0,39,高橋,2024-03-06,5320
2605,新興,43,4,39,高橋,2024-03-06,5320
00679B,元大美債20年,39,2,37,高橋,2024-03-06,5320
8105,凌巨,38,2,36,高橋,2024-03-06,5320
2498,宏達電,53,17,36,高橋,2024-03-06,5320
2883,凱基金,38,3,35,高橋,2024-03-06,5320
2312,金寶,44,9,35,高橋,2024-03-06,5320
1101,台泥,32,3,29,高橋,2024-03-06,5320
00900,富邦特選高股息30,31,5,26,高橋,2024-03-06,5320
2301,光寶科,27,5,22,高橋,2024-03-06,5320
00922,國泰台灣領袖50,22,0,22,高橋,2024-03-06,5320
2323,中環,23,1,22,高橋,2024-03-06,5320
8054,安國,22,1,21,高橋,2024-03-06,5320
1584,精剛,20,0,20,高橋,2024-03-06,5320
00715L,期街口布蘭特正2,20,0,20,高橋,2024-03-06,5320
6163,華電網,55,35,20,高橋,2024-03-06,5320
1419,新紡,20,0,20,高橋,2024-03-06,5320
6190,萬泰科,32,12,20,高橋,2024-03-06,5320
3037,欣興,23,4,19,高橋,2024-03-06,5320
3530,晶相光,18,0,18,高橋,2024-03-06,5320
2610,華航,20,5,15,高橋,2024-03-06,5320
3206,志豐,15,0,15,高橋,2024-03-06,5320
8227,巨有科技,19,4,15,高橋,2024-03-06,5320
2324,仁寶,21,6,15,高橋,2024-03-06,5320
4927,泰鼎-KY,14,0,14,高橋,2024-03-06,5320
2881,富邦金,18,4,14,高橋,2024-03-06,5320
6223,旺矽,15,1,14,高橋,2024-03-06,5320
9907,統一實,15,1,14,高橋,2024-03-06,5320
6531,愛普*,16,3,13,高橋,2024-03-06,5320
3437,榮創,13,0,13,高橋,2024-03-06,5320
2630,亞航,13,0,13,高橋,2024-03-06,5320
5607,遠雄港,13,0,13,高橋,2024-03-06,5320
3232,昱捷,12,0,12,高橋,2024-03-06,5320
00937B,群益ESG投等債20,225,19,206,高橋,2024-03-07,5320
00919,群益台灣精選高息,238,128,110,高橋,2024-03-07,5320
00665L,富邦�琤肭磪囓�2,100,3,97,高橋,2024-03-07,5320
00632R,元大台灣50反1,113,40,73,高橋,2024-03-07,5320
3450,聯鈞,85,13,72,高橋,2024-03-07,5320
2369,菱生,105,34,71,高橋,2024-03-07,5320
2409,友達,98,30,68,高橋,2024-03-07,5320
00915,凱基優選高股息30,71,5,66,高橋,2024-03-07,5320
3231,緯創,96,31,65,高橋,2024-03-07,5320
3346,麗清,58,0,58,高橋,2024-03-07,5320
00712,復華富時不動產,52,0,52,高橋,2024-03-07,5320
2367,燿華,90,39,51,高橋,2024-03-07,5320
3481,群創,59,8,51,高橋,2024-03-07,5320
2365,昆盈,86,35,51,高橋,2024-03-07,5320
2356,英業達,63,17,46,高橋,2024-03-07,5320
5202,力新,45,1,44,高橋,2024-03-07,5320
6271,同欣電,41,0,41,高橋,2024-03-07,5320
00929,復華台灣科技優息,95,54,41,高橋,2024-03-07,5320
2002,中鋼,43,5,38,高橋,2024-03-07,5320
2324,仁寶,46,9,37,高橋,2024-03-07,5320
1609,大亞,50,15,35,高橋,2024-03-07,5320
6530,創威,45,11,34,高橋,2024-03-07,5320
6005,群益證,32,0,32,高橋,2024-03-07,5320
1456,怡華,42,12,30,高橋,2024-03-07,5320
2431,聯昌,30,0,30,高橋,2024-03-07,5320
00637L,元大滬深300正2,30,0,30,高橋,2024-03-07,5320
1785,光洋科,46,16,30,高橋,2024-03-07,5320
2421,建準,32,3,29,高橋,2024-03-07,5320
3060,銘異,30,5,25,高橋,2024-03-07,5320
4909,新復興,29,5,24,高橋,2024-03-07,5320
2368,金像電,25,2,23,高橋,2024-03-07,5320
3694,海華,24,1,23,高橋,2024-03-07,5320
8096,擎亞,25,2,23,高橋,2024-03-07,5320
3006,晶豪科,25,2,23,高橋,2024-03-07,5320
2025,千興,29,7,22,高橋,2024-03-07,5320
2890,永豐金,24,2,22,高橋,2024-03-07,5320
4973,廣穎,22,1,21,高橋,2024-03-07,5320
00676R,富邦臺灣加權反1,20,0,20,高橋,2024-03-07,5320
6179,亞通,20,0,20,高橋,2024-03-07,5320
8011,台通,20,1,19,高橋,2024-03-07,5320
6161,捷波,22,3,19,高橋,2024-03-07,5320
1717,長興,34,15,19,高橋,2024-03-07,5320
2208,台船,40,21,19,高橋,2024-03-07,5320
1584,精剛,20,2,18,高橋,2024-03-07,5320
2486,一詮,32,14,18,高橋,2024-03-07,5320
4908,前鼎,22,4,18,高橋,2024-03-07,5320
6547,高端疫苗,22,4,18,高橋,2024-03-07,5320
5234,達興材料,21,4,17,高橋,2024-03-07,5320
1316,上曜,47,30,17,高橋,2024-03-07,5320
2634,漢翔,19,2,17,高橋,2024-03-07,5320
5880,合庫金,260,10,250,高橋,2024-03-08,5320
00927,群益半導體收益,129,1,128,高橋,2024-03-08,5320
00929,復華台灣科技優息,232,144,88,高橋,2024-03-08,5320
00937B,群益ESG投等債20,121,38,83,高橋,2024-03-08,5320
2634,漢翔,75,2,73,高橋,2024-03-08,5320
00632R,元大台灣50反1,156,88,68,高橋,2024-03-08,5320
00915,凱基優選高股息30,85,28,57,高橋,2024-03-08,5320
2885,元大金,85,29,56,高橋,2024-03-08,5320
3006,晶豪科,57,2,55,高橋,2024-03-08,5320
3481,群創,65,11,54,高橋,2024-03-08,5320
2451,創見,50,1,49,高橋,2024-03-08,5320
3450,聯鈞,46,4,42,高橋,2024-03-08,5320
8410,森田,40,0,40,高橋,2024-03-08,5320
6770,力積電,55,15,40,高橋,2024-03-08,5320
00935,野村臺灣新科技50,39,0,39,高橋,2024-03-08,5320
3694,海華,42,3,39,高橋,2024-03-08,5320
2365,昆盈,42,5,37,高橋,2024-03-08,5320
3711,日月光投控,47,14,33,高橋,2024-03-08,5320
2498,宏達電,35,2,33,高橋,2024-03-08,5320
1584,精剛,33,0,33,高橋,2024-03-08,5320
6126,信音,36,4,32,高橋,2024-03-08,5320
3714,富采,27,0,27,高橋,2024-03-08,5320
9105,泰金寶-DR,25,0,25,高橋,2024-03-08,5320
1568,倉佑,22,0,22,高橋,2024-03-08,5320
9902,台火,21,0,21,高橋,2024-03-08,5320
2408,南亞科,21,0,21,高橋,2024-03-08,5320
2890,永豐金,30,9,21,高橋,2024-03-08,5320
6179,亞通,20,0,20,高橋,2024-03-08,5320
4535,至興,20,0,20,高橋,2024-03-08,5320
3645,達邁,20,0,20,高橋,2024-03-08,5320
1402,遠東新,20,0,20,高橋,2024-03-08,5320
6901,鑽石投資,20,0,20,高橋,2024-03-08,5320
3715,定穎投控,20,1,19,高橋,2024-03-08,5320
2344,華邦電,28,10,18,高橋,2024-03-08,5320
2358,廷鑫,26,9,17,高橋,2024-03-08,5320
6125,廣運,54,37,17,高橋,2024-03-08,5320
2383,台光電,16,0,16,高橋,2024-03-08,5320
8070,長華*,20,4,16,高橋,2024-03-08,5320
3211,順達,16,1,15,高橋,2024-03-08,5320
6284,佳邦,21,6,15,高橋,2024-03-08,5320
6275,元山,21,6,15,高橋,2024-03-08,5320
1718,中纖,25,10,15,高橋,2024-03-08,5320
1618,合機,15,0,15,高橋,2024-03-08,5320
6488,環球晶,17,2,15,高橋,2024-03-08,5320
2449,京元電子,30,16,14,高橋,2024-03-08,5320
3583,辛耘,20,6,14,高橋,2024-03-08,5320
1522,堤維西,21,7,14,高橋,2024-03-08,5320
2405,輔信,18,4,14,高橋,2024-03-08,5320
8358,金居,15,1,14,高橋,2024-03-08,5320
1570,力肯,22,9,13,高橋,2024-03-08,5320
00680L,元大美債20正2,250,0,250,高橋,2024-03-11,5320
5498,凱崴,221,6,215,高橋,2024-03-11,5320
00918,大華優利高填息30,198,27,171,高橋,2024-03-11,5320
00937B,群益ESG投等債20,191,60,131,高橋,2024-03-11,5320
00919,群益台灣精選高息,304,180,124,高橋,2024-03-11,5320
8110,華東,101,0,101,高橋,2024-03-11,5320
2812,台中銀,102,1,101,高橋,2024-03-11,5320
2303,聯電,131,33,98,高橋,2024-03-11,5320
2367,燿華,121,23,98,高橋,2024-03-11,5320
9955,佳龍,98,5,93,高橋,2024-03-11,5320
2606,裕民,89,10,79,高橋,2024-03-11,5320
5880,合庫金,63,0,63,高橋,2024-03-11,5320
2834,臺企銀,69,20,49,高橋,2024-03-11,5320
2344,華邦電,47,2,45,高橋,2024-03-11,5320
00931B,統一美債20年,45,0,45,高橋,2024-03-11,5320
2025,千興,37,0,37,高橋,2024-03-11,5320
00915,凱基優選高股息30,47,11,36,高橋,2024-03-11,5320
00929,復華台灣科技優息,121,95,26,高橋,2024-03-11,5320
2603,長榮,38,13,25,高橋,2024-03-11,5320
3707,漢磊,38,14,24,高橋,2024-03-11,5320
2330,台積電,32,8,24,高橋,2024-03-11,5320
00930,永豐ESG低碳高息,23,1,22,高橋,2024-03-11,5320
00687B,國泰20年美債,23,1,22,高橋,2024-03-11,5320
2891,中信金,29,8,21,高橋,2024-03-11,5320
6179,亞通,21,0,21,高橋,2024-03-11,5320
3217,優群,21,0,21,高橋,2024-03-11,5320
2324,仁寶,33,13,20,高橋,2024-03-11,5320
9103,美德醫療-DR,20,0,20,高橋,2024-03-11,5320
3607,谷崧,20,0,20,高橋,2024-03-11,5320
2516,新建,20,0,20,高橋,2024-03-11,5320
1434,福懋,20,0,20,高橋,2024-03-11,5320
5426,振發,20,1,19,高橋,2024-03-11,5320
1514,亞力,21,2,19,高橋,2024-03-11,5320
2891C,中信金丙特,18,0,18,高橋,2024-03-11,5320
3390,旭軟,20,2,18,高橋,2024-03-11,5320
2610,華航,19,1,18,高橋,2024-03-11,5320
4904,遠傳,17,0,17,高橋,2024-03-11,5320
3029,零壹,17,0,17,高橋,2024-03-11,5320
3711,日月光投控,18,2,16,高橋,2024-03-11,5320
00720B,元大投資級公司債,16,0,16,高橋,2024-03-11,5320
8112,至上,39,23,16,高橋,2024-03-11,5320
8096,擎亞,50,35,15,高橋,2024-03-11,5320
9945,潤泰新,20,5,15,高橋,2024-03-11,5320
9927,泰銘,15,0,15,高橋,2024-03-11,5320
2355,敬鵬,18,4,14,高橋,2024-03-11,5320
2365,昆盈,19,5,14,高橋,2024-03-11,5320
2402,毅嘉,14,0,14,高橋,2024-03-11,5320
2342,茂矽,19,6,13,高橋,2024-03-11,5320
4754,國碳科,13,0,13,高橋,2024-03-11,5320
1522,堤維西,13,1,12,高橋,2024-03-11,5320
00751B,元大AAA至A公司債,127,0,127,高橋,2024-03-12,5320
2406,國碩,105,2,103,高橋,2024-03-12,5320
00918,大華優利高填息30,95,4,91,高橋,2024-03-12,5320
00687B,國泰20年美債,71,0,71,高橋,2024-03-12,5320
1460,宏遠,54,0,54,高橋,2024-03-12,5320
1514,亞力,63,17,46,高橋,2024-03-12,5320
8410,森田,42,0,42,高橋,2024-03-12,5320
2610,華航,45,5,40,高橋,2024-03-12,5320
00937B,群益ESG投等債20,51,12,39,高橋,2024-03-12,5320
2353,宏��,67,33,34,高橋,2024-03-12,5320
2888,新光金,32,0,32,高橋,2024-03-12,5320
2367,燿華,72,41,31,高橋,2024-03-12,5320
00930,永豐ESG低碳高息,31,0,31,高橋,2024-03-12,5320
2376,技嘉,38,10,28,高橋,2024-03-12,5320
00712,復華富時不動產,26,0,26,高橋,2024-03-12,5320
4714,永捷,29,3,26,高橋,2024-03-12,5320
00857B,永豐20年美公債,26,0,26,高橋,2024-03-12,5320
2892,第一金,24,0,24,高橋,2024-03-12,5320
1504,東元,38,15,23,高橋,2024-03-12,5320
3058,立德,21,0,21,高橋,2024-03-12,5320
5880,合庫金,21,0,21,高橋,2024-03-12,5320
00902,中信電池及儲能,22,1,21,高橋,2024-03-12,5320
8088,品安,21,0,21,高橋,2024-03-12,5320
2506,太設,20,0,20,高橋,2024-03-12,5320
8011,台通,24,4,20,高橋,2024-03-12,5320
1584,精剛,20,0,20,高橋,2024-03-12,5320
2355,敬鵬,19,1,18,高橋,2024-03-12,5320
6182,合晶,18,0,18,高橋,2024-03-12,5320
2605,新興,18,0,18,高橋,2024-03-12,5320
2409,友達,44,27,17,高橋,2024-03-12,5320
2408,南亞科,20,3,17,高橋,2024-03-12,5320
2359,所羅門,65,48,17,高橋,2024-03-12,5320
6127,九豪,17,0,17,高橋,2024-03-12,5320
1522,堤維西,21,5,16,高橋,2024-03-12,5320
00713,元大台灣高息低波,16,0,16,高橋,2024-03-12,5320
2543,皇昌,26,10,16,高橋,2024-03-12,5320
1455,集盛,21,5,16,高橋,2024-03-12,5320
8926,台汽電,20,4,16,高橋,2024-03-12,5320
2383,台光電,15,0,15,高橋,2024-03-12,5320
00933B,國泰10Y+金融債,15,0,15,高橋,2024-03-12,5320
2401,凌陽,15,0,15,高橋,2024-03-12,5320
2606,裕民,16,1,15,高橋,2024-03-12,5320
4906,正文,23,8,15,高橋,2024-03-12,5320
1582,信錦,32,18,14,高橋,2024-03-12,5320
8064,東捷,25,11,14,高橋,2024-03-12,5320
00915,凱基優選高股息30,13,0,13,高橋,2024-03-12,5320
6667,信紘科,13,1,12,高橋,2024-03-12,5320
5443,均豪,17,5,12,高橋,2024-03-12,5320
9933,中鼎,11,0,11,高橋,2024-03-12,5320
3607,谷崧,11,0,11,高橋,2024-03-12,5320
5498,凱崴,288,4,284,高橋,2024-03-13,5320
00919,群益台灣精選高息,269,57,212,高橋,2024-03-13,5320
00918,大華優利高填息30,208,23,185,高橋,2024-03-13,5320
00632R,元大台灣50反1,181,6,175,高橋,2024-03-13,5320
3231,緯創,223,60,163,高橋,2024-03-13,5320
00671R,富邦NASDAQ反1,138,0,138,高橋,2024-03-13,5320
3060,銘異,111,0,111,高橋,2024-03-13,5320
00915,凱基優選高股息30,118,18,100,高橋,2024-03-13,5320
00937B,群益ESG投等債20,138,53,85,高橋,2024-03-13,5320
00933B,國泰10Y+金融債,66,0,66,高橋,2024-03-13,5320
00857B,永豐20年美公債,53,0,53,高橋,2024-03-13,5320
00669R,國泰美國道瓊反1,53,0,53,高橋,2024-03-13,5320
2376,技嘉,70,19,51,高橋,2024-03-13,5320
2883,凱基金,129,79,50,高橋,2024-03-13,5320
2607,榮運,49,2,47,高橋,2024-03-13,5320
9945,潤泰新,49,4,45,高橋,2024-03-13,5320
8096,擎亞,49,5,44,高橋,2024-03-13,5320
3706,神達,121,78,43,高橋,2024-03-13,5320
2356,英業達,132,90,42,高橋,2024-03-13,5320
2351,順德,41,0,41,高橋,2024-03-13,5320
4588,玖鼎電力,43,4,39,高橋,2024-03-13,5320
00687B,國泰20年美債,55,19,36,高橋,2024-03-13,5320
6125,廣運,50,15,35,高橋,2024-03-13,5320
00751B,元大AAA至A公司債,35,0,35,高橋,2024-03-13,5320
2365,昆盈,55,20,35,高橋,2024-03-13,5320
2324,仁寶,36,4,32,高橋,2024-03-13,5320
3694,海華,32,0,32,高橋,2024-03-13,5320
3081,聯亞,31,0,31,高橋,2024-03-13,5320
2002,中鋼,36,5,31,高橋,2024-03-13,5320
6282,康舒,33,3,30,高橋,2024-03-13,5320
2634,漢翔,27,0,27,高橋,2024-03-13,5320
00881,國泰台灣5G+,25,1,24,高橋,2024-03-13,5320
2329,華泰,41,18,23,高橋,2024-03-13,5320
1711,永光,22,0,22,高橋,2024-03-13,5320
2066,世德,22,0,22,高橋,2024-03-13,5320
2884,玉山金,22,1,21,高橋,2024-03-13,5320
2408,南亞科,20,0,20,高橋,2024-03-13,5320
8163,達方,20,0,20,高橋,2024-03-13,5320
1815,富喬,22,2,20,高橋,2024-03-13,5320
00679B,元大美債20年,20,0,20,高橋,2024-03-13,5320
4174,浩鼎,20,0,20,高橋,2024-03-13,5320
2516,新建,20,0,20,高橋,2024-03-13,5320
8112,至上,25,5,20,高橋,2024-03-13,5320
2405,輔信,17,0,17,高橋,2024-03-13,5320
00887,永豐中國科技50大,17,0,17,高橋,2024-03-13,5320
3047,訊舟,16,0,16,高橋,2024-03-13,5320
3715,定穎投控,17,1,16,高橋,2024-03-13,5320
3372,典範,16,0,16,高橋,2024-03-13,5320
2368,金像電,20,5,15,高橋,2024-03-13,5320
00930,永豐ESG低碳高息,15,0,15,高橋,2024-03-13,5320
00919,群益台灣精選高息,381,120,261,高橋,2024-03-14,5320
2883,凱基金,343,201,142,高橋,2024-03-14,5320
2618,長榮航,173,42,131,高橋,2024-03-14,5320
2832,台產,110,0,110,高橋,2024-03-14,5320
00902,中信電池及儲能,101,3,98,高橋,2024-03-14,5320
00937B,群益ESG投等債20,98,0,98,高橋,2024-03-14,5320
1605,華新,104,11,93,高橋,2024-03-14,5320
2888,新光金,78,20,58,高橋,2024-03-14,5320
00915,凱基優選高股息30,87,40,47,高橋,2024-03-14,5320
00918,大華優利高填息30,80,36,44,高橋,2024-03-14,5320
5202,力新,40,0,40,高橋,2024-03-14,5320
2354,鴻準,55,16,39,高橋,2024-03-14,5320
4909,新復興,38,2,36,高橋,2024-03-14,5320
1718,中纖,38,3,35,高橋,2024-03-14,5320
00933B,國泰10Y+金融債,36,1,35,高橋,2024-03-14,5320
6217,中探針,32,1,31,高橋,2024-03-14,5320
1609,大亞,103,72,31,高橋,2024-03-14,5320
2634,漢翔,31,0,31,高橋,2024-03-14,5320
00720B,元大投資級公司債,30,0,30,高橋,2024-03-14,5320
8105,凌巨,33,4,29,高橋,2024-03-14,5320
00878,國泰永續高股息,48,22,26,高橋,2024-03-14,5320
00680L,元大美債20正2,26,0,26,高橋,2024-03-14,5320
00712,復華富時不動產,31,7,24,高橋,2024-03-14,5320
00632R,元大台灣50反1,83,60,23,高橋,2024-03-14,5320
2303,聯電,46,24,22,高橋,2024-03-14,5320
2408,南亞科,23,2,21,高橋,2024-03-14,5320
3437,榮創,21,0,21,高橋,2024-03-14,5320
4581,光隆精密-KY,21,0,21,高橋,2024-03-14,5320
3702,大聯大,21,0,21,高橋,2024-03-14,5320
1513,中興電,45,25,20,高橋,2024-03-14,5320
3450,聯鈞,21,1,20,高橋,2024-03-14,5320
2329,華泰,26,6,20,高橋,2024-03-14,5320
00857B,永豐20年美公債,19,0,19,高橋,2024-03-14,5320
2353,宏��,25,7,18,高橋,2024-03-14,5320
1316,上曜,31,13,18,高橋,2024-03-14,5320
2301,光寶科,17,0,17,高橋,2024-03-14,5320
2337,旺宏,18,1,17,高橋,2024-03-14,5320
2515,中工,17,1,16,高橋,2024-03-14,5320
2537,聯上發,15,0,15,高橋,2024-03-14,5320
1734,杏輝,15,0,15,高橋,2024-03-14,5320
2603,長榮,25,10,15,高橋,2024-03-14,5320
2313,華通,16,1,15,高橋,2024-03-14,5320
6016,康和證,15,1,14,高橋,2024-03-14,5320
3047,訊舟,15,1,14,高橋,2024-03-14,5320
3029,零壹,15,1,14,高橋,2024-03-14,5320
2020,美亞,14,1,13,高橋,2024-03-14,5320
2371,大同,13,0,13,高橋,2024-03-14,5320
6015,宏遠證,14,1,13,高橋,2024-03-14,5320
1582,信錦,20,7,13,高橋,2024-03-14,5320
4958,臻鼎-KY,13,1,12,高橋,2024-03-14,5320
00665L,富邦�琤肭磪囓�2,782,10,772,高橋,2024-03-15,5320
00941,中信上游半導體,445,0,445,高橋,2024-03-15,5320
00919,群益台灣精選高息,352,74,278,高橋,2024-03-15,5320
00933B,國泰10Y+金融債,277,0,277,高橋,2024-03-15,5320
2889,國票金,219,9,210,高橋,2024-03-15,5320
00671R,富邦NASDAQ反1,164,0,164,高橋,2024-03-15,5320
00918,大華優利高填息30,175,15,160,高橋,2024-03-15,5320
2834,臺企銀,232,74,158,高橋,2024-03-15,5320
00687B,國泰20年美債,156,4,152,高橋,2024-03-15,5320
1810,和成,142,1,141,高橋,2024-03-15,5320
2356,英業達,170,52,118,高橋,2024-03-15,5320
00680L,元大美債20正2,94,0,94,高橋,2024-03-15,5320
2618,長榮航,109,40,69,高橋,2024-03-15,5320
1303,南亞,64,1,63,高橋,2024-03-15,5320
00753L,中信中國50正2,61,0,61,高橋,2024-03-15,5320
00679B,元大美債20年,66,5,61,高橋,2024-03-15,5320
1605,華新,68,13,55,高橋,2024-03-15,5320
2313,華通,60,6,54,高橋,2024-03-15,5320
2330,台積電,56,3,53,高橋,2024-03-15,5320
2609,陽明,68,17,51,高橋,2024-03-15,5320
2208,台船,50,0,50,高橋,2024-03-15,5320
2363,矽統,61,11,50,高橋,2024-03-15,5320
1513,中興電,61,16,45,高橋,2024-03-15,5320
2516,新建,42,0,42,高橋,2024-03-15,5320
3576,聯合再生,52,12,40,高橋,2024-03-15,5320
00712,復華富時不動產,40,0,40,高橋,2024-03-15,5320
4714,永捷,56,16,40,高橋,2024-03-15,5320
00915,凱基優選高股息30,56,20,36,高橋,2024-03-15,5320
2731,雄獅,43,9,34,高橋,2024-03-15,5320
2303,聯電,52,19,33,高橋,2024-03-15,5320
2486,一詮,30,1,29,高橋,2024-03-15,5320
2888,新光金,31,3,28,高橋,2024-03-15,5320
1584,精剛,28,0,28,高橋,2024-03-15,5320
4953,緯軟,30,2,28,高橋,2024-03-15,5320
6190,萬泰科,32,7,25,高橋,2024-03-15,5320
00650L,復華香港正2,25,0,25,高橋,2024-03-15,5320
00688L,國泰20年美債正2,24,0,24,高橋,2024-03-15,5320
2367,燿華,40,19,21,高橋,2024-03-15,5320
1503,士電,69,47,22,高橋,2024-03-15,5320
2002,中鋼,24,3,21,高橋,2024-03-15,5320
1714,和桐,20,0,20,高橋,2024-03-15,5320
2353,宏��,54,34,20,高橋,2024-03-15,5320
2832,台產,20,0,20,高橋,2024-03-15,5320
3005,神基,31,13,18,高橋,2024-03-15,5320
2515,中工,18,0,18,高橋,2024-03-15,5320
3163,波若威,21,3,18,高橋,2024-03-15,5320
2606,裕民,15,0,15,高橋,2024-03-15,5320
5515,建國,25,11,14,高橋,2024-03-15,5320
8105,凌巨,14,0,14,高橋,2024-03-15,5320
8112,至上,13,0,13,高橋,2024-03-15,5320
00706L,期元大S＆P日圓正2,141,0,141,高橋,2024-03-18,5320
2834,臺企銀,195,87,108,高橋,2024-03-18,5320
3094,聯傑,100,0,100,高橋,2024-03-18,5320
00641R,富邦日本反1,93,0,93,高橋,2024-03-18,5320
00919,群益台灣精選高息,165,76,89,高橋,2024-03-18,5320
00941,中信上游半導體,74,3,71,高橋,2024-03-18,5320
2618,長榮航,84,22,62,高橋,2024-03-18,5320
00679B,元大美債20年,46,0,46,高橋,2024-03-18,5320
2889,國票金,65,26,39,高橋,2024-03-18,5320
6261,久元,46,8,38,高橋,2024-03-18,5320
2208,台船,64,27,37,高橋,2024-03-18,5320
2867,三商壽,36,0,36,高橋,2024-03-18,5320
00687B,國泰20年美債,34,0,34,高橋,2024-03-18,5320
00915,凱基優選高股息30,33,1,32,高橋,2024-03-18,5320
2301,光寶科,33,2,31,高橋,2024-03-18,5320
2883,凱基金,40,9,31,高橋,2024-03-18,5320
6122,擎邦,30,0,30,高橋,2024-03-18,5320
2352,佳世達,29,1,28,高橋,2024-03-18,5320
2303,聯電,64,37,27,高橋,2024-03-18,5320
3481,群創,33,6,27,高橋,2024-03-18,5320
2609,陽明,45,20,25,高橋,2024-03-18,5320
1102,亞泥,30,5,25,高橋,2024-03-18,5320
2801,彰銀,27,2,25,高橋,2024-03-18,5320
1584,精剛,22,0,22,高橋,2024-03-18,5320
6005,群益證,22,0,22,高橋,2024-03-18,5320
2323,中環,48,28,20,高橋,2024-03-18,5320
6579,研揚,20,0,20,高橋,2024-03-18,5320
2501,國建,20,0,20,高橋,2024-03-18,5320
00857B,永豐20年美公債,20,0,20,高橋,2024-03-18,5320
1419,新紡,20,0,20,高橋,2024-03-18,5320
2890,永豐金,19,1,18,高橋,2024-03-18,5320
2353,宏��,25,7,18,高橋,2024-03-18,5320
9945,潤泰新,18,1,17,高橋,2024-03-18,5320
3231,緯創,45,30,15,高橋,2024-03-18,5320
1220,台榮,15,0,15,高橋,2024-03-18,5320
00720B,元大投資級公司債,15,0,15,高橋,2024-03-18,5320
1416,廣豐,15,0,15,高橋,2024-03-18,5320
00878,國泰永續高股息,23,9,14,高橋,2024-03-18,5320
2405,輔信,14,0,14,高橋,2024-03-18,5320
8011,台通,14,1,13,高橋,2024-03-18,5320
6182,合晶,17,4,13,高橋,2024-03-18,5320
2382,廣達,29,16,13,高橋,2024-03-18,5320
2605,新興,14,2,12,高橋,2024-03-18,5320
3294,英濟,21,9,12,高橋,2024-03-18,5320
2408,南亞科,14,3,11,高橋,2024-03-18,5320
1539,巨庭,11,0,11,高橋,2024-03-18,5320
2905,三商,11,0,11,高橋,2024-03-18,5320
3163,波若威,13,2,11,高橋,2024-03-18,5320
5351,鈺創,11,0,11,高橋,2024-03-18,5320
6179,亞通,10,0,10,高橋,2024-03-18,5320
00919,群益台灣精選高息,352,91,261,高橋,2024-03-19,5320
00680L,元大美債20正2,142,0,142,高橋,2024-03-19,5320
00665L,富邦�琤肭磪囓�2,94,0,94,高橋,2024-03-19,5320
00941,中信上游半導體,86,1,85,高橋,2024-03-19,5320
2367,燿華,80,22,58,高橋,2024-03-19,5320
2515,中工,72,23,49,高橋,2024-03-19,5320
2408,南亞科,46,1,45,高橋,2024-03-19,5320
00687B,國泰20年美債,44,0,44,高橋,2024-03-19,5320
3715,定穎投控,53,10,43,高橋,2024-03-19,5320
2845,遠東銀,42,0,42,高橋,2024-03-19,5320
00712,復華富時不動產,39,0,39,高橋,2024-03-19,5320
1402,遠東新,38,0,38,高橋,2024-03-19,5320
2323,中環,38,3,35,高橋,2024-03-19,5320
1514,亞力,48,13,35,高橋,2024-03-19,5320
2312,金寶,34,0,34,高橋,2024-03-19,5320
00933B,國泰10Y+金融債,33,0,33,高橋,2024-03-19,5320
2464,盟立,48,17,31,高橋,2024-03-19,5320
00929,復華台灣科技優息,219,188,31,高橋,2024-03-19,5320
9945,潤泰新,28,0,28,高橋,2024-03-19,5320
00679B,元大美債20年,33,5,28,高橋,2024-03-19,5320
1301,台塑,34,9,25,高橋,2024-03-19,5320
00857B,永豐20年美公債,25,0,25,高橋,2024-03-19,5320
3481,群創,65,40,25,高橋,2024-03-19,5320
00650L,復華香港正2,20,0,20,高橋,2024-03-19,5320
9946,三發地產,20,0,20,高橋,2024-03-19,5320
2353,宏��,20,2,18,高橋,2024-03-19,5320
1591,駿吉-KY,18,0,18,高橋,2024-03-19,5320
2887,台新金,17,0,17,高橋,2024-03-19,5320
1616,億泰,16,0,16,高橋,2024-03-19,5320
00891,中信關鍵半導體,16,0,16,高橋,2024-03-19,5320
6125,廣運,23,7,16,高橋,2024-03-19,5320
6016,康和證,20,4,16,高橋,2024-03-19,5320
00930,永豐ESG低碳高息,20,5,15,高橋,2024-03-19,5320
1419,新紡,14,0,14,高橋,2024-03-19,5320
2611,志信,20,7,13,高橋,2024-03-19,5320
4906,正文,14,1,13,高橋,2024-03-19,5320
2406,國碩,12,0,12,高橋,2024-03-19,5320
2609,陽明,25,13,12,高橋,2024-03-19,5320
6117,迎廣,11,0,11,高橋,2024-03-19,5320
1503,士電,41,30,11,高橋,2024-03-19,5320
2344,華邦電,16,5,11,高橋,2024-03-19,5320
3221,台嘉碩,10,0,10,高橋,2024-03-19,5320
2838,聯邦銀,10,0,10,高橋,2024-03-19,5320
6278,台表科,15,5,10,高橋,2024-03-19,5320
6217,中探針,12,2,10,高橋,2024-03-19,5320
6531,愛普*,11,1,10,高橋,2024-03-19,5320
00927,群益半導體收益,11,1,10,高橋,2024-03-19,5320
4904,遠傳,10,0,10,高橋,2024-03-19,5320
2376,技嘉,17,8,9,高橋,2024-03-19,5320
6425,易發,14,5,9,高橋,2024-03-19,5320
00939,統一台灣高息動能,1765,19,1746,高橋,2024-03-20,5320
00919,群益台灣精選高息,341,212,129,高橋,2024-03-20,5320
2356,英業達,136,17,119,高橋,2024-03-20,5320
00706L,期元大S＆P日圓正2,97,0,97,高橋,2024-03-20,5320
00679B,元大美債20年,96,7,89,高橋,2024-03-20,5320
4938,和碩,83,24,59,高橋,2024-03-20,5320
1802,台玻,55,0,55,高橋,2024-03-20,5320
00929,復華台灣科技優息,175,123,52,高橋,2024-03-20,5320
2303,聯電,128,76,52,高橋,2024-03-20,5320
2883,凱基金,116,65,51,高橋,2024-03-20,5320
2618,長榮航,53,7,46,高橋,2024-03-20,5320
3231,緯創,102,56,46,高橋,2024-03-20,5320
2884,玉山金,55,10,45,高橋,2024-03-20,5320
2344,華邦電,44,0,44,高橋,2024-03-20,5320
3708,上緯投控,42,0,42,高橋,2024-03-20,5320
6592,和潤企業,40,0,40,高橋,2024-03-20,5320
2007,燁興,40,0,40,高橋,2024-03-20,5320
00915,凱基優選高股息30,40,0,40,高橋,2024-03-20,5320
2313,華通,43,5,38,高橋,2024-03-20,5320
1605,華新,33,1,32,高橋,2024-03-20,5320
2888,新光金,32,0,32,高橋,2024-03-20,5320
2405,輔信,53,21,32,高橋,2024-03-20,5320
4306,炎洲,30,0,30,高橋,2024-03-20,5320
2885,元大金,30,0,30,高橋,2024-03-20,5320
5880,合庫金,29,0,29,高橋,2024-03-20,5320
00937B,群益ESG投等債20,29,0,29,高橋,2024-03-20,5320
2535,達欣工,43,15,28,高橋,2024-03-20,5320
00930,永豐ESG低碳高息,37,10,27,高橋,2024-03-20,5320
3437,榮創,27,0,27,高橋,2024-03-20,5320
8163,達方,31,5,26,高橋,2024-03-20,5320
2889,國票金,26,0,26,高橋,2024-03-20,5320
2382,廣達,44,18,26,高橋,2024-03-20,5320
2892,第一金,27,2,25,高橋,2024-03-20,5320
2371,大同,24,0,24,高橋,2024-03-20,5320
2897,王道銀行,22,0,22,高橋,2024-03-20,5320
3481,群創,30,9,21,高橋,2024-03-20,5320
2408,南亞科,31,10,21,高橋,2024-03-20,5320
3338,泰碩,20,0,20,高橋,2024-03-20,5320
00904,新光臺灣半導體30,20,0,20,高橋,2024-03-20,5320
1513,中興電,34,16,18,高橋,2024-03-20,5320
1303,南亞,19,2,17,高橋,2024-03-20,5320
2354,鴻準,47,30,17,高橋,2024-03-20,5320
2834,臺企銀,34,17,17,高橋,2024-03-20,5320
6278,台表科,18,1,17,高橋,2024-03-20,5320
2374,佳能,18,2,16,高橋,2024-03-20,5320
2464,盟立,19,3,16,高橋,2024-03-20,5320
2330,台積電,15,0,15,高橋,2024-03-20,5320
2402,毅嘉,14,0,14,高橋,2024-03-20,5320
2801,彰銀,14,0,14,高橋,2024-03-20,5320
1301,台塑,26,12,14,高橋,2024-03-20,5320
00939,統一台灣高息動能,596,25,571,高橋,2024-03-21,5320
00632R,元大台灣50反1,337,17,320,高橋,2024-03-21,5320
00673R,期元大S＆P原油反1,205,0,205,高橋,2024-03-21,5320
2353,宏��,150,13,137,高橋,2024-03-21,5320
5498,凱崴,106,16,90,高橋,2024-03-21,5320
00919,群益台灣精選高息,115,30,85,高橋,2024-03-21,5320
0056,元大高股息,73,19,54,高橋,2024-03-21,5320
00679B,元大美債20年,51,0,51,高橋,2024-03-21,5320
00937B,群益ESG投等債20,55,4,51,高橋,2024-03-21,5320
2883,凱基金,85,34,51,高橋,2024-03-21,5320
2376,技嘉,60,11,49,高橋,2024-03-21,5320
3059,華晶科,51,5,46,高橋,2024-03-21,5320
00713,元大台灣高息低波,46,3,43,高橋,2024-03-21,5320
6530,創威,42,1,41,高橋,2024-03-21,5320
3231,緯創,91,51,40,高橋,2024-03-21,5320
00941,中信上游半導體,40,3,37,高橋,2024-03-21,5320
2885,元大金,37,0,37,高橋,2024-03-21,5320
6188,廣明,71,36,35,高橋,2024-03-21,5320
00929,復華台灣科技優息,62,36,26,高橋,2024-03-21,5320
6016,康和證,26,0,26,高橋,2024-03-21,5320
8110,華東,38,12,26,高橋,2024-03-21,5320
1722,台肥,26,0,26,高橋,2024-03-21,5320
911608,明輝-DR,25,0,25,高橋,2024-03-21,5320
00688L,國泰20年美債正2,25,0,25,高橋,2024-03-21,5320
2618,長榮航,49,27,22,高橋,2024-03-21,5320
1608,華榮,26,5,21,高橋,2024-03-21,5320
2834,臺企銀,22,1,21,高橋,2024-03-21,5320
2406,國碩,22,3,19,高橋,2024-03-21,5320
8163,達方,19,2,17,高橋,2024-03-21,5320
00687B,國泰20年美債,18,1,17,高橋,2024-03-21,5320
8105,凌巨,18,1,17,高橋,2024-03-21,5320
6285,啟��,17,1,16,高橋,2024-03-21,5320
00669R,國泰美國道瓊反1,15,0,15,高橋,2024-03-21,5320
6244,茂迪,19,4,15,高橋,2024-03-21,5320
00715L,期街口布蘭特正2,15,0,15,高橋,2024-03-21,5320
8926,台汽電,20,6,14,高橋,2024-03-21,5320
2605,新興,14,0,14,高橋,2024-03-21,5320
2486,一詮,47,33,14,高橋,2024-03-21,5320
2405,輔信,57,44,13,高橋,2024-03-21,5320
2206,三陽工業,14,1,13,高橋,2024-03-21,5320
5452,佶優,13,0,13,高橋,2024-03-21,5320
2449,京元電子,17,5,12,高橋,2024-03-21,5320
00676R,富邦臺灣加權反1,12,0,12,高橋,2024-03-21,5320
3338,泰碩,12,0,12,高橋,2024-03-21,5320
2374,佳能,25,14,11,高橋,2024-03-21,5320
4938,和碩,21,11,10,高橋,2024-03-21,5320
3005,神基,39,29,10,高橋,2024-03-21,5320
6126,信音,10,0,10,高橋,2024-03-21,5320
6120,達運,11,1,10,高橋,2024-03-21,5320
6547,高端疫苗,11,1,10,高橋,2024-03-21,5320
00937B,群益ESG投等債20,466,1,465,高橋,2024-03-22,5320
00939,統一台灣高息動能,219,12,207,高橋,2024-03-22,5320
00941,中信上游半導體,214,16,198,高橋,2024-03-22,5320
00881,國泰台灣5G+,186,28,158,高橋,2024-03-22,5320
00665L,富邦�琤肭磪囓�2,858,742,116,高橋,2024-03-22,5320
2884,玉山金,114,15,99,高橋,2024-03-22,5320
00753L,中信中國50正2,96,6,90,高橋,2024-03-22,5320
2303,聯電,91,11,80,高橋,2024-03-22,5320
3706,神達,226,146,80,高橋,2024-03-22,5320
00919,群益台灣精選高息,215,136,79,高橋,2024-03-22,5320
8110,華東,154,76,78,高橋,2024-03-22,5320
00679B,元大美債20年,74,0,74,高橋,2024-03-22,5320
2208,台船,81,9,72,高橋,2024-03-22,5320
2883,凱基金,90,19,71,高橋,2024-03-22,5320
5498,凱崴,100,30,70,高橋,2024-03-22,5320
00632R,元大台灣50反1,90,21,69,高橋,2024-03-22,5320
2323,中環,78,17,61,高橋,2024-03-22,5320
2359,所羅門,60,0,60,高橋,2024-03-22,5320
3094,聯傑,52,0,52,高橋,2024-03-22,5320
2885,元大金,48,2,46,高橋,2024-03-22,5320
2354,鴻準,63,20,43,高橋,2024-03-22,5320
2834,臺企銀,44,8,36,高橋,2024-03-22,5320
2605,新興,34,0,34,高橋,2024-03-22,5320
1504,東元,45,12,33,高橋,2024-03-22,5320
00915,凱基優選高股息30,39,8,31,高橋,2024-03-22,5320
00650L,復華香港正2,27,0,27,高橋,2024-03-22,5320
4938,和碩,27,1,26,高橋,2024-03-22,5320
6573,虹揚-KY,25,0,25,高橋,2024-03-22,5320
2353,宏��,75,50,25,高橋,2024-03-22,5320
2376,技嘉,60,35,25,高橋,2024-03-22,5320
6530,創威,26,4,22,高橋,2024-03-22,5320
2337,旺宏,23,1,22,高橋,2024-03-22,5320
6122,擎邦,22,0,22,高橋,2024-03-22,5320
6695,芯鼎,27,6,21,高橋,2024-03-22,5320
1419,新紡,21,0,21,高橋,2024-03-22,5320
1503,士電,41,20,21,高橋,2024-03-22,5320
2374,佳能,28,8,20,高橋,2024-03-22,5320
00673R,期元大S＆P原油反1,20,0,20,高橋,2024-03-22,5320
3354,律勝,20,0,20,高橋,2024-03-22,5320
2892,第一金,21,2,19,高橋,2024-03-22,5320
3622,洋華,25,7,18,高橋,2024-03-22,5320
00680L,元大美債20正2,18,0,18,高橋,2024-03-22,5320
3011,今皓,18,0,18,高橋,2024-03-22,5320
4168,醣聯,17,0,17,高橋,2024-03-22,5320
6117,迎廣,20,3,17,高橋,2024-03-22,5320
00878,國泰永續高股息,81,65,16,高橋,2024-03-22,5320
3035,智原,20,5,15,高橋,2024-03-22,5320
6531,愛普*,16,1,15,高橋,2024-03-22,5320
4906,正文,21,6,15,高橋,2024-03-22,5320
9938,百和,15,0,15,高橋,2024-03-22,5320
00941,中信上游半導體,330,79,251,高橋,2024-03-25,5320
00939,統一台灣高息動能,279,39,240,高橋,2024-03-25,5320
00937B,群益ESG投等債20,137,0,137,高橋,2024-03-25,5320
1609,大亞,190,60,130,高橋,2024-03-25,5320
4526,東台,121,1,120,高橋,2024-03-25,5320
2356,英業達,173,59,114,高橋,2024-03-25,5320
2303,聯電,123,17,106,高橋,2024-03-25,5320
1608,華榮,108,18,90,高橋,2024-03-25,5320
6770,力積電,97,13,84,高橋,2024-03-25,5320
00929,復華台灣科技優息,86,22,64,高橋,2024-03-25,5320
00679B,元大美債20年,70,10,60,高橋,2024-03-25,5320
2618,長榮航,55,1,54,高橋,2024-03-25,5320
5351,鈺創,43,4,39,高橋,2024-03-25,5320
2344,華邦電,50,12,38,高橋,2024-03-25,5320
00712,復華富時不動產,37,3,34,高橋,2024-03-25,5320
2611,志信,31,0,31,高橋,2024-03-25,5320
9938,百和,30,0,30,高橋,2024-03-25,5320
3706,神達,100,71,29,高橋,2024-03-25,5320
6486,互動,27,0,27,高橋,2024-03-25,5320
2352,佳世達,27,1,26,高橋,2024-03-25,5320
00915,凱基優選高股息30,29,3,26,高橋,2024-03-25,5320
3011,今皓,27,1,26,高橋,2024-03-25,5320
00919,群益台灣精選高息,77,55,22,高橋,2024-03-25,5320
1587,吉茂,20,0,20,高橋,2024-03-25,5320
4906,正文,20,0,20,高橋,2024-03-25,5320
5498,凱崴,26,6,20,高橋,2024-03-25,5320
8011,台通,20,2,18,高橋,2024-03-25,5320
2301,光寶科,23,6,17,高橋,2024-03-25,5320
00918,大華優利高填息30,23,6,17,高橋,2024-03-25,5320
1504,東元,38,22,16,高橋,2024-03-25,5320
6217,中探針,25,10,15,高橋,2024-03-25,5320
6282,康舒,16,1,15,高橋,2024-03-25,5320
1319,東陽,17,2,15,高橋,2024-03-25,5320
8092,建暐,15,0,15,高橋,2024-03-25,5320
00664R,國泰臺灣加權反1,15,0,15,高橋,2024-03-25,5320
1785,光洋科,15,1,14,高橋,2024-03-25,5320
1717,長興,14,0,14,高橋,2024-03-25,5320
2468,華經,13,0,13,高橋,2024-03-25,5320
00881,國泰台灣5G+,13,0,13,高橋,2024-03-25,5320
6163,華電網,13,0,13,高橋,2024-03-25,5320
6147,頎邦,14,1,13,高橋,2024-03-25,5320
2891,中信金,13,1,12,高橋,2024-03-25,5320
1707,葡萄王,16,4,12,高橋,2024-03-25,5320
2401,凌陽,11,0,11,高橋,2024-03-25,5320
911608,明輝-DR,11,0,11,高橋,2024-03-25,5320
3231,緯創,30,19,11,高橋,2024-03-25,5320
2371,大同,35,24,11,高橋,2024-03-25,5320
2353,宏��,30,20,10,高橋,2024-03-25,5320
1474,弘裕,10,0,10,高橋,2024-03-25,5320
2399,映泰,11,1,10,高橋,2024-03-25,5320
00939,統一台灣高息動能,220,60,160,高橋,2024-03-26,5320
2618,長榮航,130,4,126,高橋,2024-03-26,5320
00941,中信上游半導體,111,9,102,高橋,2024-03-26,5320
2888,新光金,100,6,94,高橋,2024-03-26,5320
2303,聯電,91,6,85,高橋,2024-03-26,5320
4938,和碩,68,9,59,高橋,2024-03-26,5320
6770,力積電,57,5,52,高橋,2024-03-26,5320
3094,聯傑,50,2,48,高橋,2024-03-26,5320
6125,廣運,84,36,48,高橋,2024-03-26,5320
2356,英業達,85,41,44,高橋,2024-03-26,5320
00878,國泰永續高股息,43,1,42,高橋,2024-03-26,5320
3694,海華,42,2,40,高橋,2024-03-26,5320
2605,新興,45,6,39,高橋,2024-03-26,5320
4979,華星光,37,1,36,高橋,2024-03-26,5320
3294,英濟,44,8,36,高橋,2024-03-26,5320
3481,群創,37,2,35,高橋,2024-03-26,5320
00937B,群益ESG投等債20,40,7,33,高橋,2024-03-26,5320
2344,華邦電,59,26,33,高橋,2024-03-26,5320
2367,燿華,78,46,32,高橋,2024-03-26,5320
2851,中再保,31,0,31,高橋,2024-03-26,5320
2365,昆盈,118,88,30,高橋,2024-03-26,5320
00753L,中信中國50正2,30,0,30,高橋,2024-03-26,5320
2033,佳大,31,1,30,高橋,2024-03-26,5320
3545,敦泰,28,0,28,高橋,2024-03-26,5320
2634,漢翔,28,0,28,高橋,2024-03-26,5320
1434,福懋,31,3,28,高橋,2024-03-26,5320
6235,華孚,33,5,28,高橋,2024-03-26,5320
1504,東元,55,28,27,高橋,2024-03-26,5320
3231,緯創,110,83,27,高橋,2024-03-26,5320
2449,京元電子,29,3,26,高橋,2024-03-26,5320
8092,建暐,25,0,25,高橋,2024-03-26,5320
0056,元大高股息,24,0,24,高橋,2024-03-26,5320
1605,華新,78,54,24,高橋,2024-03-26,5320
1301,台塑,38,14,24,高橋,2024-03-26,5320
2464,盟立,43,20,23,高橋,2024-03-26,5320
6290,良維,22,0,22,高橋,2024-03-26,5320
2609,陽明,26,4,22,高橋,2024-03-26,5320
8070,長華*,21,0,21,高橋,2024-03-26,5320
00687B,國泰20年美債,21,1,20,高橋,2024-03-26,5320
5302,太欣,20,0,20,高橋,2024-03-26,5320
6547,高端疫苗,20,0,20,高橋,2024-03-26,5320
8110,華東,49,30,19,高橋,2024-03-26,5320
6530,創威,19,0,19,高橋,2024-03-26,5320
8933,愛地雅,19,1,18,高橋,2024-03-26,5320
1711,永光,20,2,18,高橋,2024-03-26,5320
1722,台肥,17,0,17,高橋,2024-03-26,5320
2313,華通,18,1,17,高橋,2024-03-26,5320
5484,慧友,16,0,16,高橋,2024-03-26,5320
2388,威盛,33,18,15,高橋,2024-03-26,5320
8112,至上,16,2,14,高橋,2024-03-26,5320
00665L,富邦�琤肭磪囓�2,762,0,762,高橋,2024-03-27,5320
00937B,群益ESG投等債20,151,30,121,高橋,2024-03-27,5320
2208,台船,101,4,97,高橋,2024-03-27,5320
2464,盟立,103,23,80,高橋,2024-03-27,5320
00939,統一台灣高息動能,85,20,65,高橋,2024-03-27,5320
2301,光寶科,68,4,64,高橋,2024-03-27,5320
8011,台通,63,1,62,高橋,2024-03-27,5320
2511,太子,53,3,50,高橋,2024-03-27,5320
6016,康和證,50,1,49,高橋,2024-03-27,5320
2371,大同,85,36,49,高橋,2024-03-27,5320
2388,威盛,52,5,47,高橋,2024-03-27,5320
8410,森田,40,0,40,高橋,2024-03-27,5320
1513,中興電,51,15,36,高橋,2024-03-27,5320
00676R,富邦臺灣加權反1,35,0,35,高橋,2024-03-27,5320
2834,臺企銀,35,4,31,高橋,2024-03-27,5320
2367,燿華,57,27,30,高橋,2024-03-27,5320
00720B,元大投資級公司債,30,0,30,高橋,2024-03-27,5320
3231,緯創,44,16,28,高橋,2024-03-27,5320
2535,達欣工,26,0,26,高橋,2024-03-27,5320
6223,旺矽,26,3,23,高橋,2024-03-27,5320
8086,宏捷科,24,1,23,高橋,2024-03-27,5320
911608,明輝-DR,22,0,22,高橋,2024-03-27,5320
4532,瑞智,20,0,20,高橋,2024-03-27,5320
4561,健椿,20,0,20,高橋,2024-03-27,5320
1714,和桐,20,0,20,高橋,2024-03-27,5320
2324,仁寶,33,14,19,高橋,2024-03-27,5320
4909,新復興,25,7,18,高橋,2024-03-27,5320
6770,力積電,22,4,18,高橋,2024-03-27,5320
00632R,元大台灣50反1,40,22,18,高橋,2024-03-27,5320
2405,輔信,18,1,17,高橋,2024-03-27,5320
3481,群創,34,18,16,高橋,2024-03-27,5320
1605,華新,17,1,16,高橋,2024-03-27,5320
5426,振發,16,0,16,高橋,2024-03-27,5320
2312,金寶,18,3,15,高橋,2024-03-27,5320
1808,潤隆,17,2,15,高橋,2024-03-27,5320
00764B,群益25年美債,15,0,15,高橋,2024-03-27,5320
1608,華榮,236,222,14,高橋,2024-03-27,5320
2609,陽明,19,5,14,高橋,2024-03-27,5320
1514,亞力,26,12,14,高橋,2024-03-27,5320
2369,菱生,17,4,13,高橋,2024-03-27,5320
6274,台燿,20,7,13,高橋,2024-03-27,5320
8222,寶一,34,21,13,高橋,2024-03-27,5320
2014,中鴻,12,1,11,高橋,2024-03-27,5320
2002,中鋼,17,6,11,高橋,2024-03-27,5320
6213,聯茂,11,0,11,高橋,2024-03-27,5320
2316,楠梓電,11,0,11,高橋,2024-03-27,5320
6227,茂綸,11,0,11,高橋,2024-03-27,5320
1568,倉佑,12,1,11,高橋,2024-03-27,5320
00929,復華台灣科技優息,64,54,10,高橋,2024-03-27,5320
2880,華南金,10,0,10,高橋,2024-03-27,5320
00939,統一台灣高息動能,538,76,462,高橋,2024-03-28,5320
2883,凱基金,234,11,223,高橋,2024-03-28,5320
5452,佶優,150,0,150,高橋,2024-03-28,5320
00919,群益台灣精選高息,165,23,142,高橋,2024-03-28,5320
4526,東台,112,4,108,高橋,2024-03-28,5320
3706,神達,172,76,96,高橋,2024-03-28,5320
00937B,群益ESG投等債20,88,5,83,高橋,2024-03-28,5320
2354,鴻準,148,81,67,高橋,2024-03-28,5320
2888,新光金,64,0,64,高橋,2024-03-28,5320
6182,合晶,50,0,50,高橋,2024-03-28,5320
6550,北極星藥業-KY,50,3,47,高橋,2024-03-28,5320
3481,群創,72,29,43,高橋,2024-03-28,5320
2301,光寶科,49,6,43,高橋,2024-03-28,5320
3005,神基,60,27,33,高橋,2024-03-28,5320
00632R,元大台灣50反1,60,30,30,高橋,2024-03-28,5320
3694,海華,30,0,30,高橋,2024-03-28,5320
2355,敬鵬,30,0,30,高橋,2024-03-28,5320
4714,永捷,52,24,28,高橋,2024-03-28,5320
3437,榮創,27,0,27,高橋,2024-03-28,5320
2834,臺企銀,26,0,26,高橋,2024-03-28,5320
6257,矽格,25,2,23,高橋,2024-03-28,5320
2885,元大金,25,3,22,高橋,2024-03-28,5320
2615,萬海,26,5,21,高橋,2024-03-28,5320
2450,神腦,20,0,20,高橋,2024-03-28,5320
1722,台肥,20,0,20,高橋,2024-03-28,5320
2365,昆盈,20,3,17,高橋,2024-03-28,5320
2330,台積電,21,4,17,高橋,2024-03-28,5320
4906,正文,17,1,16,高橋,2024-03-28,5320
8926,台汽電,16,0,16,高橋,2024-03-28,5320
2464,盟立,18,2,16,高橋,2024-03-28,5320
00669R,國泰美國道瓊反1,15,0,15,高橋,2024-03-28,5320
6443,元晶,21,6,15,高橋,2024-03-28,5320
2367,燿華,42,28,14,高橋,2024-03-28,5320
2371,大同,48,35,13,高橋,2024-03-28,5320
9904,寶成,25,12,13,高橋,2024-03-28,5320
3163,波若威,13,0,13,高橋,2024-03-28,5320
1101,台泥,19,6,13,高橋,2024-03-28,5320
6292,迅德,12,0,12,高橋,2024-03-28,5320
6146,耕興,12,0,12,高橋,2024-03-28,5320
00687B,國泰20年美債,12,0,12,高橋,2024-03-28,5320
00720B,元大投資級公司債,12,0,12,高橋,2024-03-28,5320
5425,台半,12,0,12,高橋,2024-03-28,5320
2484,希華,12,0,12,高橋,2024-03-28,5320
6125,廣運,12,1,11,高橋,2024-03-28,5320
2368,金像電,15,5,10,高橋,2024-03-28,5320
2329,華泰,16,6,10,高橋,2024-03-28,5320
2891,中信金,14,4,10,高橋,2024-03-28,5320
2462,良得電,10,0,10,高橋,2024-03-28,5320
8222,寶一,17,7,10,高橋,2024-03-28,5320
8039,台虹,10,0,10,高橋,2024-03-28,5320
9955,佳龍,154,3,151,高橋,2024-03-29,5320
00680L,元大美債20正2,100,5,95,高橋,2024-03-29,5320
4533,協易機,82,5,77,高橋,2024-03-29,5320
2324,仁寶,78,16,62,高橋,2024-03-29,5320
2301,光寶科,85,25,60,高橋,2024-03-29,5320
2897,王道銀行,60,0,60,高橋,2024-03-29,5320
00937B,群益ESG投等債20,91,36,55,高橋,2024-03-29,5320
5452,佶優,53,0,53,高橋,2024-03-29,5320
00632R,元大台灣50反1,115,63,52,高橋,2024-03-29,5320
2354,鴻準,79,33,46,高橋,2024-03-29,5320
00939,統一台灣高息動能,59,13,46,高橋,2024-03-29,5320
5512,力麒,45,1,44,高橋,2024-03-29,5320
9904,寶成,50,11,39,高橋,2024-03-29,5320
1608,華榮,90,59,31,高橋,2024-03-29,5320
3706,神達,112,86,26,高橋,2024-03-29,5320
2303,聯電,108,82,26,高橋,2024-03-29,5320
3710,連展投控,28,3,25,高橋,2024-03-29,5320
2025,千興,25,0,25,高橋,2024-03-29,5320
8112,至上,29,4,25,高橋,2024-03-29,5320
2371,大同,42,21,21,高橋,2024-03-29,5320
00720B,元大投資級公司債,21,0,21,高橋,2024-03-29,5320
8926,台汽電,20,0,20,高橋,2024-03-29,5320
5465,富驊,20,0,20,高橋,2024-03-29,5320
3354,律勝,20,0,20,高橋,2024-03-29,5320
6667,信紘科,23,5,18,高橋,2024-03-29,5320
2634,漢翔,48,32,16,高橋,2024-03-29,5320
00679B,元大美債20年,16,1,15,高橋,2024-03-29,5320
6126,信音,24,9,15,高橋,2024-03-29,5320
00929,復華台灣科技優息,51,37,14,高橋,2024-03-29,5320
1785,光洋科,17,3,14,高橋,2024-03-29,5320
1609,大亞,35,21,14,高橋,2024-03-29,5320
6282,康舒,15,2,13,高橋,2024-03-29,5320
8121,越峰,12,0,12,高橋,2024-03-29,5320
00941,中信上游半導體,32,20,12,高橋,2024-03-29,5320
2316,楠梓電,36,25,11,高橋,2024-03-29,5320
6204,艾華,13,2,11,高橋,2024-03-29,5320
6257,矽格,13,2,11,高橋,2024-03-29,5320
3005,神基,19,8,11,高橋,2024-03-29,5320
1723,中碳,10,0,10,高橋,2024-03-29,5320
00664R,國泰臺灣加權反1,10,0,10,高橋,2024-03-29,5320
3052,夆典,10,0,10,高橋,2024-03-29,5320
4927,泰鼎-KY,10,0,10,高橋,2024-03-29,5320
1316,上曜,10,0,10,高橋,2024-03-29,5320
1618,合機,13,4,9,高橋,2024-03-29,5320
2392,正崴,17,8,9,高橋,2024-03-29,5320
3306,鼎天,16,7,9,高橋,2024-03-29,5320
2464,盟立,13,4,9,高橋,2024-03-29,5320
2369,菱生,11,2,9,高橋,2024-03-29,5320
3694,海華,10,1,9,高橋,2024-03-29,5320
1101,台泥,15,6,9,高橋,2024-03-29,5320
00940,元大台灣價值高息,3942,40,3902,高橋,2024-04-01,5320
00665L,富邦�琤肭磪囓�2,730,0,730,高橋,2024-04-01,5320
00937B,群益ESG投等債20,188,0,188,高橋,2024-04-01,5320
00919,群益台灣精選高息,193,66,127,高橋,2024-04-01,5320
3481,群創,104,23,81,高橋,2024-04-01,5320
00939,統一台灣高息動能,84,10,74,高橋,2024-04-01,5320
00664R,國泰臺灣加權反1,70,0,70,高橋,2024-04-01,5320
2303,聯電,94,30,64,高橋,2024-04-01,5320
00632R,元大台灣50反1,70,12,58,高橋,2024-04-01,5320
2356,英業達,72,17,55,高橋,2024-04-01,5320
9955,佳龍,51,0,51,高橋,2024-04-01,5320
2344,華邦電,56,8,48,高橋,2024-04-01,5320
1808,潤隆,35,0,35,高橋,2024-04-01,5320
911608,明輝-DR,35,0,35,高橋,2024-04-01,5320
2603,長榮,43,11,32,高橋,2024-04-01,5320
2027,大成鋼,33,1,32,高橋,2024-04-01,5320
00679B,元大美債20年,30,0,30,高橋,2024-04-01,5320
2328,廣宇,33,6,27,高橋,2024-04-01,5320
2449,京元電子,30,4,26,高橋,2024-04-01,5320
2855,統一證,41,17,24,高橋,2024-04-01,5320
2301,光寶科,34,10,24,高橋,2024-04-01,5320
1303,南亞,24,4,20,高橋,2024-04-01,5320
1504,東元,30,11,19,高橋,2024-04-01,5320
4906,正文,19,0,19,高橋,2024-04-01,5320
00676R,富邦臺灣加權反1,18,0,18,高橋,2024-04-01,5320
1584,精剛,20,2,18,高橋,2024-04-01,5320
2317,鴻海,62,45,17,高橋,2024-04-01,5320
2354,鴻準,47,30,17,高橋,2024-04-01,5320
3016,嘉晶,28,11,17,高橋,2024-04-01,5320
00941,中信上游半導體,22,5,17,高橋,2024-04-01,5320
2885,元大金,16,0,16,高橋,2024-04-01,5320
6603,富強鑫,15,0,15,高橋,2024-04-01,5320
00669R,國泰美國道瓊反1,15,0,15,高橋,2024-04-01,5320
1609,大亞,28,13,15,高橋,2024-04-01,5320
4938,和碩,30,16,14,高橋,2024-04-01,5320
1513,中興電,24,10,14,高橋,2024-04-01,5320
2382,廣達,51,37,14,高橋,2024-04-01,5320
2313,華通,19,6,13,高橋,2024-04-01,5320
1815,富喬,27,14,13,高橋,2024-04-01,5320
1785,光洋科,12,1,11,高橋,2024-04-01,5320
00830,國泰費城半導體,11,0,11,高橋,2024-04-01,5320
2107,厚生,11,0,11,高橋,2024-04-01,5320
6217,中探針,14,3,11,高橋,2024-04-01,5320
3706,神達,24,13,11,高橋,2024-04-01,5320
6770,力積電,12,2,10,高橋,2024-04-01,5320
2330,台積電,11,0,11,高橋,2024-04-01,5320
2630,亞航,13,3,10,高橋,2024-04-01,5320
2455,全新,10,0,10,高橋,2024-04-01,5320
2883,凱基金,11,1,10,高橋,2024-04-01,5320
3024,憶聲,10,0,10,高橋,2024-04-01,5320
00940,元大台灣價值高息,771,108,663,高橋,2024-04-02,5320
00929,復華台灣科技優息,557,30,527,高橋,2024-04-02,5320
1717,長興,154,11,143,高橋,2024-04-02,5320
00632R,元大台灣50反1,219,100,119,高橋,2024-04-02,5320
6127,九豪,94,0,94,高橋,2024-04-02,5320
00937B,群益ESG投等債20,91,2,89,高橋,2024-04-02,5320
6120,達運,108,26,82,高橋,2024-04-02,5320
2356,英業達,102,21,81,高橋,2024-04-02,5320
00664R,國泰臺灣加權反1,70,0,70,高橋,2024-04-02,5320
00680L,元大美債20正2,60,0,60,高橋,2024-04-02,5320
1314,中石化,82,31,51,高橋,2024-04-02,5320
1316,上曜,55,5,50,高橋,2024-04-02,5320
2881,富邦金,45,2,43,高橋,2024-04-02,5320
2371,大同,66,24,42,高橋,2024-04-02,5320
00687B,國泰20年美債,47,6,41,高橋,2024-04-02,5320
3260,威剛,43,2,41,高橋,2024-04-02,5320
00933B,國泰10Y+金融債,41,0,41,高橋,2024-04-02,5320
3706,神達,85,46,39,高橋,2024-04-02,5320
00679B,元大美債20年,49,11,38,高橋,2024-04-02,5320
3294,英濟,46,11,35,高橋,2024-04-02,5320
00720B,元大投資級公司債,35,0,35,高橋,2024-04-02,5320
2022,聚亨,30,0,30,高橋,2024-04-02,5320
3024,憶聲,30,0,30,高橋,2024-04-02,5320
00712,復華富時不動產,30,1,29,高橋,2024-04-02,5320
2834,臺企銀,51,24,27,高橋,2024-04-02,5320
00637L,元大滬深300正2,49,22,27,高橋,2024-04-02,5320
2301,光寶科,49,24,25,高橋,2024-04-02,5320
2801,彰銀,28,3,25,高橋,2024-04-02,5320
00941,中信上游半導體,34,12,22,高橋,2024-04-02,5320
3402,漢科,23,1,22,高橋,2024-04-02,5320
4904,遠傳,20,0,20,高橋,2024-04-02,5320
1617,榮星,19,0,19,高橋,2024-04-02,5320
3207,耀勝,29,11,18,高橋,2024-04-02,5320
3707,漢磊,21,4,17,高橋,2024-04-02,5320
2537,聯上發,59,42,17,高橋,2024-04-02,5320
8271,宇瞻,17,1,16,高橋,2024-04-02,5320
6547,高端疫苗,20,4,16,高橋,2024-04-02,5320
0056,元大高股息,20,4,16,高橋,2024-04-02,5320
8215,明基材,15,0,15,高橋,2024-04-02,5320
00902,中信電池及儲能,20,5,15,高橋,2024-04-02,5320
00688L,國泰20年美債正2,15,0,15,高橋,2024-04-02,5320
6770,力積電,21,6,15,高橋,2024-04-02,5320
4533,協易機,22,7,15,高橋,2024-04-02,5320
6275,元山,14,0,14,高橋,2024-04-02,5320
1584,精剛,24,10,14,高橋,2024-04-02,5320
6257,矽格,14,0,14,高橋,2024-04-02,5320
3715,定穎投控,25,12,13,高橋,2024-04-02,5320
9934,成霖,13,0,13,高橋,2024-04-02,5320
6415,矽力*-KY,13,1,12,高橋,2024-04-02,5320
3380,明泰,12,0,12,高橋,2024-04-02,5320
00940,元大台灣價值高息,401,42,359,高橋,2024-04-03,5320
00929,復華台灣科技優息,429,94,335,高橋,2024-04-03,5320
2317,鴻海,124,25,99,高橋,2024-04-03,5320
3481,群創,92,0,92,高橋,2024-04-03,5320
1101,台泥,111,28,83,高橋,2024-04-03,5320
00679B,元大美債20年,81,0,81,高橋,2024-04-03,5320
2609,陽明,75,5,70,高橋,2024-04-03,5320
00927,群益半導體收益,69,0,69,高橋,2024-04-03,5320
00688L,國泰20年美債正2,55,0,55,高橋,2024-04-03,5320
9904,寶成,54,1,53,高橋,2024-04-03,5320
5452,佶優,50,0,50,高橋,2024-04-03,5320
6182,合晶,50,5,45,高橋,2024-04-03,5320
00939,統一台灣高息動能,44,3,41,高橋,2024-04-03,5320
2486,一詮,58,20,38,高橋,2024-04-03,5320
2002,中鋼,50,16,34,高橋,2024-04-03,5320
2634,漢翔,34,1,33,高橋,2024-04-03,5320
6147,頎邦,33,0,33,高橋,2024-04-03,5320
2883,凱基金,33,1,32,高橋,2024-04-03,5320
2032,新鋼,32,1,31,高橋,2024-04-03,5320
00680L,元大美債20正2,30,0,30,高橋,2024-04-03,5320
2329,華泰,39,9,30,高橋,2024-04-03,5320
2888,新光金,35,5,30,高橋,2024-04-03,5320
6125,廣運,46,17,29,高橋,2024-04-03,5320
2618,長榮航,37,9,28,高橋,2024-04-03,5320
2359,所羅門,38,10,28,高橋,2024-04-03,5320
2882,國泰金,26,0,26,高橋,2024-04-03,5320
5871,中租-KY,26,0,26,高橋,2024-04-03,5320
00712,復華富時不動產,26,0,26,高橋,2024-04-03,5320
00720B,元大投資級公司債,25,0,25,高橋,2024-04-03,5320
8926,台汽電,24,0,24,高橋,2024-04-03,5320
2884,玉山金,21,0,21,高橋,2024-04-03,5320
00665L,富邦�琤肭磪囓�2,20,0,20,高橋,2024-04-03,5320
2881,富邦金,20,1,19,高橋,2024-04-03,5320
4909,新復興,19,0,19,高橋,2024-04-03,5320
1608,華榮,23,4,19,高橋,2024-04-03,5320
1513,中興電,18,0,18,高橋,2024-04-03,5320
2023,燁輝,20,2,18,高橋,2024-04-03,5320
1319,東陽,18,1,17,高橋,2024-04-03,5320
1304,台聚,17,0,17,高橋,2024-04-03,5320
00687B,國泰20年美債,19,2,17,高橋,2024-04-03,5320
3706,神達,28,11,17,高橋,2024-04-03,5320
2382,廣達,22,6,16,高橋,2024-04-03,5320
1605,華新,24,8,16,高橋,2024-04-03,5320
3673,TPK-KY,26,10,16,高橋,2024-04-03,5320
1301,台塑,18,2,16,高橋,2024-04-03,5320
2344,華邦電,15,0,15,高橋,2024-04-03,5320
2538,基泰,15,0,15,高橋,2024-04-03,5320
6198,瑞築,15,0,15,高橋,2024-04-03,5320
2014,中鴻,17,3,14,高橋,2024-04-03,5320
8088,品安,14,1,13,高橋,2024-04-03,5320
00940,元大台灣價值高息,357,52,305,高橋,2024-04-08,5320
00929,復華台灣科技優息,293,3,290,高橋,2024-04-08,5320
00664R,國泰臺灣加權反1,160,0,160,高橋,2024-04-08,5320
00933B,國泰10Y+金融債,111,0,111,高橋,2024-04-08,5320
6120,達運,102,18,84,高橋,2024-04-08,5320
6770,力積電,69,7,62,高橋,2024-04-08,5320
00671R,富邦NASDAQ反1,50,0,50,高橋,2024-04-08,5320
2356,英業達,68,23,45,高橋,2024-04-08,5320
00720B,元大投資級公司債,44,0,44,高橋,2024-04-08,5320
00679B,元大美債20年,46,3,43,高橋,2024-04-08,5320
2353,宏��,60,18,42,高橋,2024-04-08,5320
2374,佳能,71,32,39,高橋,2024-04-08,5320
6548,長科*,40,1,39,高橋,2024-04-08,5320
00939,統一台灣高息動能,45,7,38,高橋,2024-04-08,5320
00687B,國泰20年美債,45,7,38,高橋,2024-04-08,5320
3450,聯鈞,36,2,34,高橋,2024-04-08,5320
2634,漢翔,33,0,33,高橋,2024-04-08,5320
5324,士開,32,1,31,高橋,2024-04-08,5320
00919,群益台灣精選高息,91,61,30,高橋,2024-04-08,5320
2371,大同,56,26,30,高橋,2024-04-08,5320
3706,神達,32,4,28,高橋,2024-04-08,5320
3363,上詮,23,0,23,高橋,2024-04-08,5320
6176,瑞儀,23,0,23,高橋,2024-04-08,5320
2382,廣達,31,9,22,高橋,2024-04-08,5320
2355,敬鵬,21,0,21,高橋,2024-04-08,5320
2028,威致,20,0,20,高橋,2024-04-08,5320
00931B,統一美債20年,20,0,20,高橋,2024-04-08,5320
6182,合晶,30,11,19,高橋,2024-04-08,5320
2038,海光,31,17,14,高橋,2024-04-08,5320
00637L,元大滬深300正2,70,56,14,高橋,2024-04-08,5320
2303,聯電,74,60,14,高橋,2024-04-08,5320
1815,富喬,14,1,13,高橋,2024-04-08,5320
00937B,群益ESG投等債20,135,122,13,高橋,2024-04-08,5320
2618,長榮航,29,16,13,高橋,2024-04-08,5320
3312,弘憶股,13,1,12,高橋,2024-04-08,5320
3036,文曄,13,1,12,高橋,2024-04-08,5320
3059,華晶科,18,7,11,高橋,2024-04-08,5320
00941,中信上游半導體,40,29,11,高橋,2024-04-08,5320
00927,群益半導體收益,11,0,11,高橋,2024-04-08,5320
5425,台半,29,18,11,高橋,2024-04-08,5320
8358,金居,32,21,11,高橋,2024-04-08,5320
1604,聲寶,13,2,11,高橋,2024-04-08,5320
8033,雷虎,16,5,11,高橋,2024-04-08,5320
6278,台表科,14,4,10,高橋,2024-04-08,5320
6139,亞翔,21,11,10,高橋,2024-04-08,5320
5452,佶優,10,0,10,高橋,2024-04-08,5320
6227,茂綸,10,0,10,高橋,2024-04-08,5320
3317,尼克森,10,0,10,高橋,2024-04-08,5320
00665L,富邦�琤肭磪囓�2,10,0,10,高橋,2024-04-08,5320
8092,建暐,10,0,10,高橋,2024-04-08,5320
00929,復華台灣科技優息,408,8,400,高橋,2024-04-09,5320
00632R,元大台灣50反1,252,60,192,高橋,2024-04-09,5320
00940,元大台灣價值高息,164,7,157,高橋,2024-04-09,5320
3231,緯創,204,49,155,高橋,2024-04-09,5320
6120,達運,161,16,145,高橋,2024-04-09,5320
1527,鑽全,68,0,68,高橋,2024-04-09,5320
00679B,元大美債20年,66,0,66,高橋,2024-04-09,5320
2329,華泰,68,8,60,高橋,2024-04-09,5320
00664R,國泰臺灣加權反1,60,0,60,高橋,2024-04-09,5320
00720B,元大投資級公司債,60,1,59,高橋,2024-04-09,5320
00939,統一台灣高息動能,64,8,56,高橋,2024-04-09,5320
2371,大同,91,36,55,高橋,2024-04-09,5320
6443,元晶,50,0,50,高橋,2024-04-09,5320
3071,協禧,50,2,48,高橋,2024-04-09,5320
2208,台船,45,1,44,高橋,2024-04-09,5320
2489,瑞軒,45,2,43,高橋,2024-04-09,5320
00937B,群益ESG投等債20,40,0,40,高橋,2024-04-09,5320
00637L,元大滬深300正2,46,10,36,高橋,2024-04-09,5320
2313,華通,37,2,35,高橋,2024-04-09,5320
00919,群益台灣精選高息,40,6,34,高橋,2024-04-09,5320
2486,一詮,44,13,31,高橋,2024-04-09,5320
2375,凱美,30,3,27,高橋,2024-04-09,5320
1104,環泥,33,7,26,高橋,2024-04-09,5320
1713,國化,25,0,25,高橋,2024-04-09,5320
3217,優群,25,0,25,高橋,2024-04-09,5320
8011,台通,31,6,25,高橋,2024-04-09,5320
6530,創威,21,0,21,高橋,2024-04-09,5320
5452,佶優,31,10,21,高橋,2024-04-09,5320
3010,華立,21,1,20,高橋,2024-04-09,5320
2501,國建,26,6,20,高橋,2024-04-09,5320
2382,廣達,27,7,20,高橋,2024-04-09,5320
5016,松和,18,0,18,高橋,2024-04-09,5320
2369,菱生,18,1,17,高橋,2024-04-09,5320
6279,胡連,16,0,16,高橋,2024-04-09,5320
6179,亞通,16,0,16,高橋,2024-04-09,5320
6188,廣明,23,7,16,高橋,2024-04-09,5320
2022,聚亨,19,3,16,高橋,2024-04-09,5320
6603,富強鑫,15,0,15,高橋,2024-04-09,5320
4533,協易機,45,30,15,高橋,2024-04-09,5320
3169,亞信,14,0,14,高橋,2024-04-09,5320
2028,威致,42,28,14,高橋,2024-04-09,5320
2344,華邦電,16,3,13,高橋,2024-04-09,5320
3025,星通,15,2,13,高橋,2024-04-09,5320
3024,憶聲,13,0,13,高橋,2024-04-09,5320
2887,台新金,15,2,13,高橋,2024-04-09,5320
2421,建準,12,0,12,高橋,2024-04-09,5320
3027,盛達,12,0,12,高橋,2024-04-09,5320
2356,英業達,27,15,12,高橋,2024-04-09,5320
4973,廣穎,12,0,12,高橋,2024-04-09,5320
2912,統一超,12,1,11,高橋,2024-04-09,5320
00940,元大台灣價值高息,383,63,320,高橋,2024-04-10,5320
1608,華榮,220,12,208,高橋,2024-04-10,5320
00919,群益台灣精選高息,83,15,68,高橋,2024-04-10,5320
00937B,群益ESG投等債20,122,60,62,高橋,2024-04-10,5320
2317,鴻海,76,23,53,高橋,2024-04-10,5320
00772B,中信高評級公司債,50,0,50,高橋,2024-04-10,5320
00929,復華台灣科技優息,89,44,45,高橋,2024-04-10,5320
2002,中鋼,65,22,43,高橋,2024-04-10,5320
3576,聯合再生,80,38,42,高橋,2024-04-10,5320
2634,漢翔,70,33,37,高橋,2024-04-10,5320
2615,萬海,37,0,37,高橋,2024-04-10,5320
1513,中興電,54,21,33,高橋,2024-04-10,5320
00902,中信電池及儲能,30,0,30,高橋,2024-04-10,5320
8028,昇陽半導體,37,7,30,高橋,2024-04-10,5320
2405,輔信,34,5,29,高橋,2024-04-10,5320
6443,元晶,38,10,28,高橋,2024-04-10,5320
2014,中鴻,43,15,28,高橋,2024-04-10,5320
00882,中信中國高股息,30,4,26,高橋,2024-04-10,5320
6269,台郡,30,4,26,高橋,2024-04-10,5320
2888,新光金,83,57,26,高橋,2024-04-10,5320
00885,富邦越南,25,0,25,高橋,2024-04-10,5320
3231,緯創,63,38,25,高橋,2024-04-10,5320
8096,擎亞,38,14,24,高橋,2024-04-10,5320
8926,台汽電,40,17,23,高橋,2024-04-10,5320
2515,中工,38,15,23,高橋,2024-04-10,5320
00878,國泰永續高股息,41,19,22,高橋,2024-04-10,5320
3234,光環,21,0,21,高橋,2024-04-10,5320
3217,優群,21,0,21,高橋,2024-04-10,5320
2376,技嘉,33,13,20,高橋,2024-04-10,5320
8070,長華*,20,0,20,高橋,2024-04-10,5320
1503,士電,33,13,20,高橋,2024-04-10,5320
1234,黑松,20,0,20,高橋,2024-04-10,5320
3284,太普高,20,0,20,高橋,2024-04-10,5320
6120,達運,36,17,19,高橋,2024-04-10,5320
2882,國泰金,23,4,19,高橋,2024-04-10,5320
1584,精剛,36,18,18,高橋,2024-04-10,5320
1419,新紡,18,0,18,高橋,2024-04-10,5320
00687B,國泰20年美債,16,0,16,高橋,2024-04-10,5320
8064,東捷,22,6,16,高橋,2024-04-10,5320
3206,志豐,17,1,16,高橋,2024-04-10,5320
2025,千興,15,0,15,高橋,2024-04-10,5320
3360,尚立,15,0,15,高橋,2024-04-10,5320
2913,農林,15,0,15,高橋,2024-04-10,5320
8358,金居,21,6,15,高橋,2024-04-10,5320
2464,盟立,26,12,14,高橋,2024-04-10,5320
00712,復華富時不動產,14,0,14,高橋,2024-04-10,5320
2382,廣達,22,9,13,高橋,2024-04-10,5320
1618,合機,25,13,12,高橋,2024-04-10,5320
2362,藍天,12,0,12,高橋,2024-04-10,5320
2356,英業達,27,15,12,高橋,2024-04-10,5320
00679B,元大美債20年,162,1,161,高橋,2024-04-11,5320
00712,復華富時不動產,187,30,157,高橋,2024-04-11,5320
3481,群創,136,13,123,高橋,2024-04-11,5320
00937B,群益ESG投等債20,135,18,117,高橋,2024-04-11,5320
00940,元大台灣價值高息,168,56,112,高橋,2024-04-11,5320
2630,亞航,124,37,87,高橋,2024-04-11,5320
00687B,國泰20年美債,96,11,85,高橋,2024-04-11,5320
00929,復華台灣科技優息,86,8,78,高橋,2024-04-11,5320
2888,新光金,54,1,53,高橋,2024-04-11,5320
00919,群益台灣精選高息,64,17,47,高橋,2024-04-11,5320
2354,鴻準,55,14,41,高橋,2024-04-11,5320
2355,敬鵬,42,1,41,高橋,2024-04-11,5320
912000,晨訊科-DR,39,0,39,高橋,2024-04-11,5320
3231,緯創,72,33,39,高橋,2024-04-11,5320
6770,力積電,57,19,38,高橋,2024-04-11,5320
2303,聯電,64,28,36,高橋,2024-04-11,5320
3576,聯合再生,58,23,35,高橋,2024-04-11,5320
3706,神達,73,38,35,高橋,2024-04-11,5320
2634,漢翔,46,12,34,高橋,2024-04-11,5320
2317,鴻海,111,78,33,高橋,2024-04-11,5320
2409,友達,38,5,33,高橋,2024-04-11,5320
3325,旭品,32,1,31,高橋,2024-04-11,5320
6264,富裔,30,0,30,高橋,2024-04-11,5320
3545,敦泰,30,0,30,高橋,2024-04-11,5320
6182,合晶,31,1,30,高橋,2024-04-11,5320
3694,海華,30,0,30,高橋,2024-04-11,5320
1514,亞力,98,69,29,高橋,2024-04-11,5320
2313,華通,32,3,29,高橋,2024-04-11,5320
1419,新紡,29,0,29,高橋,2024-04-11,5320
00933B,國泰10Y+金融債,27,0,27,高橋,2024-04-11,5320
00941,中信上游半導體,26,0,26,高橋,2024-04-11,5320
00680L,元大美債20正2,33,8,25,高橋,2024-04-11,5320
0056,元大高股息,25,0,25,高橋,2024-04-11,5320
00927,群益半導體收益,24,0,24,高橋,2024-04-11,5320
2014,中鴻,24,0,24,高橋,2024-04-11,5320
8088,品安,44,21,23,高橋,2024-04-11,5320
1718,中纖,23,0,23,高橋,2024-04-11,5320
1608,華榮,32,9,23,高橋,2024-04-11,5320
3673,TPK-KY,22,0,22,高橋,2024-04-11,5320
3013,晟銘電,62,40,22,高橋,2024-04-11,5320
9955,佳龍,25,3,22,高橋,2024-04-11,5320
1504,東元,32,10,22,高橋,2024-04-11,5320
2607,榮運,27,6,21,高橋,2024-04-11,5320
00753L,中信中國50正2,50,30,20,高橋,2024-04-11,5320
3014,聯陽,20,0,20,高橋,2024-04-11,5320
2891,中信金,20,0,20,高橋,2024-04-11,5320
2356,英業達,33,14,19,高橋,2024-04-11,5320
2406,國碩,38,19,19,高橋,2024-04-11,5320
00931B,統一美債20年,18,0,18,高橋,2024-04-11,5320
8926,台汽電,22,4,18,高橋,2024-04-11,5320
00940,元大台灣價值高息,287,66,221,高橋,2024-04-12,5320
00753L,中信中國50正2,90,0,90,高橋,2024-04-12,5320
4714,永捷,100,10,90,高橋,2024-04-12,5320
00688L,國泰20年美債正2,68,0,68,高橋,2024-04-12,5320
00937B,群益ESG投等債20,62,0,62,高橋,2024-04-12,5320
00680L,元大美債20正2,111,50,61,高橋,2024-04-12,5320
2382,廣達,69,8,61,高橋,2024-04-12,5320
00933B,國泰10Y+金融債,51,0,51,高橋,2024-04-12,5320
2354,鴻準,53,3,50,高橋,2024-04-12,5320
00929,復華台灣科技優息,97,51,46,高橋,2024-04-12,5320
2883,凱基金,78,32,46,高橋,2024-04-12,5320
9955,佳龍,87,43,44,高橋,2024-04-12,5320
00679B,元大美債20年,44,0,44,高橋,2024-04-12,5320
2888,新光金,48,6,42,高橋,2024-04-12,5320
00733,富邦臺灣中小,42,0,42,高橋,2024-04-12,5320
2882,國泰金,40,0,40,高橋,2024-04-12,5320
3481,群創,52,12,40,高橋,2024-04-12,5320
00927,群益半導體收益,35,0,35,高橋,2024-04-12,5320
2845,遠東銀,34,0,34,高橋,2024-04-12,5320
2610,華航,68,34,34,高橋,2024-04-12,5320
2353,宏��,122,89,33,高橋,2024-04-12,5320
4526,東台,50,20,30,高橋,2024-04-12,5320
3260,威剛,56,29,27,高橋,2024-04-12,5320
00931B,統一美債20年,25,0,25,高橋,2024-04-12,5320
1802,台玻,25,0,25,高橋,2024-04-12,5320
2371,大同,137,112,25,高橋,2024-04-12,5320
8390,金益鼎,35,11,24,高橋,2024-04-12,5320
00882,中信中國高股息,25,2,23,高橋,2024-04-12,5320
00881,國泰台灣5G+,27,4,23,高橋,2024-04-12,5320
6141,柏承,23,0,23,高橋,2024-04-12,5320
3231,緯創,78,56,22,高橋,2024-04-12,5320
00878,國泰永續高股息,24,3,21,高橋,2024-04-12,5320
3294,英濟,21,0,21,高橋,2024-04-12,5320
2515,中工,25,4,21,高橋,2024-04-12,5320
6770,力積電,31,10,21,高橋,2024-04-12,5320
2481,強茂,21,0,21,高橋,2024-04-12,5320
2376,技嘉,26,6,20,高橋,2024-04-12,5320
1324,地球,20,0,20,高橋,2024-04-12,5320
2329,華泰,42,22,20,高橋,2024-04-12,5320
2010,春源,20,0,20,高橋,2024-04-12,5320
00720B,元大投資級公司債,20,0,20,高橋,2024-04-12,5320
3059,華晶科,31,11,20,高橋,2024-04-12,5320
6901,鑽石投資,20,0,20,高橋,2024-04-12,5320
2301,光寶科,19,0,19,高橋,2024-04-12,5320
4960,誠美材,23,4,19,高橋,2024-04-12,5320
8028,昇陽半導體,20,1,19,高橋,2024-04-12,5320
3189,景碩,18,0,18,高橋,2024-04-12,5320
0056,元大高股息,18,1,17,高橋,2024-04-12,5320
2363,矽統,183,166,17,高橋,2024-04-12,5320
1301,台塑,17,1,16,高橋,2024-04-12,5320
00665L,富邦�琤肭磪囓�2,755,0,755,高橋,2024-04-15,5320
00940,元大台灣價值高息,432,6,426,高橋,2024-04-15,5320
00929,復華台灣科技優息,400,104,296,高橋,2024-04-15,5320
6770,力積電,321,31,290,高橋,2024-04-15,5320
2409,友達,217,6,211,高橋,2024-04-15,5320
2618,長榮航,175,1,174,高橋,2024-04-15,5320
2371,大同,225,73,152,高橋,2024-04-15,5320
00632R,元大台灣50反1,201,65,136,高橋,2024-04-15,5320
00937B,群益ESG投等債20,134,29,105,高橋,2024-04-15,5320
3481,群創,142,41,101,高橋,2024-04-15,5320
2303,聯電,111,16,95,高橋,2024-04-15,5320
1513,中興電,147,67,80,高橋,2024-04-15,5320
0056,元大高股息,77,4,73,高橋,2024-04-15,5320
00939,統一台灣高息動能,69,10,59,高橋,2024-04-15,5320
2367,燿華,90,35,55,高橋,2024-04-15,5320
3706,神達,97,45,52,高橋,2024-04-15,5320
00751B,元大AAA至A公司債,48,0,48,高橋,2024-04-15,5320
00918,大華優利高填息30,48,2,46,高橋,2024-04-15,5320
00919,群益台灣精選高息,57,13,44,高橋,2024-04-15,5320
3622,洋華,47,7,40,高橋,2024-04-15,5320
1611,中電,45,8,37,高橋,2024-04-15,5320
2867,三商壽,48,12,36,高橋,2024-04-15,5320
00927,群益半導體收益,32,0,32,高橋,2024-04-15,5320
2330,台積電,35,4,31,高橋,2024-04-15,5320
8390,金益鼎,53,23,30,高橋,2024-04-15,5320
00650L,復華香港正2,32,2,30,高橋,2024-04-15,5320
6901,鑽石投資,30,0,30,高橋,2024-04-15,5320
1612,宏泰,65,35,30,高橋,2024-04-15,5320
6120,達運,28,0,28,高橋,2024-04-15,5320
3231,緯創,59,33,26,高橋,2024-04-15,5320
3294,英濟,34,8,26,高橋,2024-04-15,5320
2313,華通,29,3,26,高橋,2024-04-15,5320
5351,鈺創,30,5,25,高橋,2024-04-15,5320
2344,華邦電,32,9,23,高橋,2024-04-15,5320
3207,耀勝,33,10,23,高橋,2024-04-15,5320
4960,誠美材,25,2,23,高橋,2024-04-15,5320
4973,廣穎,21,0,21,高橋,2024-04-15,5320
1608,華榮,77,56,21,高橋,2024-04-15,5320
2887,台新金,21,0,21,高橋,2024-04-15,5320
1504,東元,71,50,21,高橋,2024-04-15,5320
3450,聯鈞,31,11,20,高橋,2024-04-15,5320
6156,松上,20,0,20,高橋,2024-04-15,5320
8096,擎亞,31,12,19,高橋,2024-04-15,5320
5452,佶優,19,0,19,高橋,2024-04-15,5320
3037,欣興,28,10,18,高橋,2024-04-15,5320
1603,華電,37,20,17,高橋,2024-04-15,5320
00941,中信上游半導體,17,0,17,高橋,2024-04-15,5320
2316,楠梓電,46,30,16,高橋,2024-04-15,5320
8028,昇陽半導體,21,5,16,高橋,2024-04-15,5320
6530,創威,17,1,16,高橋,2024-04-15,5320
00940,元大台灣價值高息,920,48,872,高橋,2024-04-16,5320
00937B,群益ESG投等債20,491,0,491,高橋,2024-04-16,5320
00929,復華台灣科技優息,384,14,370,高橋,2024-04-16,5320
00919,群益台灣精選高息,367,33,334,高橋,2024-04-16,5320
2867,三商壽,194,14,180,高橋,2024-04-16,5320
00939,統一台灣高息動能,199,22,177,高橋,2024-04-16,5320
2897,王道銀行,154,0,154,高橋,2024-04-16,5320
1609,大亞,312,166,146,高橋,2024-04-16,5320
2618,長榮航,147,2,145,高橋,2024-04-16,5320
00712,復華富時不動產,140,0,140,高橋,2024-04-16,5320
2882,國泰金,153,16,137,高橋,2024-04-16,5320
2208,台船,122,2,120,高橋,2024-04-16,5320
00665L,富邦�琤肭磪囓�2,120,0,120,高橋,2024-04-16,5320
3231,緯創,145,28,117,高橋,2024-04-16,5320
00878,國泰永續高股息,129,17,112,高橋,2024-04-16,5320
2371,大同,162,57,105,高橋,2024-04-16,5320
2303,聯電,113,27,86,高橋,2024-04-16,5320
2852,第一保,72,0,72,高橋,2024-04-16,5320
0056,元大高股息,134,64,70,高橋,2024-04-16,5320
2344,華邦電,67,1,66,高橋,2024-04-16,5320
00753L,中信中國50正2,65,0,65,高橋,2024-04-16,5320
2498,宏達電,68,5,63,高橋,2024-04-16,5320
8926,台汽電,54,0,54,高橋,2024-04-16,5320
2367,燿華,61,7,54,高橋,2024-04-16,5320
1618,合機,80,30,50,高橋,2024-04-16,5320
00671R,富邦NASDAQ反1,50,0,50,高橋,2024-04-16,5320
2353,宏��,71,22,49,高橋,2024-04-16,5320
00927,群益半導體收益,48,1,47,高橋,2024-04-16,5320
1608,華榮,88,41,47,高橋,2024-04-16,5320
00905,FT臺灣Smart,45,0,45,高橋,2024-04-16,5320
3450,聯鈞,45,1,44,高橋,2024-04-16,5320
1810,和成,47,4,43,高橋,2024-04-16,5320
3706,神達,59,17,42,高橋,2024-04-16,5320
2881,富邦金,44,2,42,高橋,2024-04-16,5320
2834,臺企銀,43,3,40,高橋,2024-04-16,5320
911608,明輝-DR,50,11,39,高橋,2024-04-16,5320
2329,華泰,45,6,39,高橋,2024-04-16,5320
2356,英業達,59,22,37,高橋,2024-04-16,5320
2610,華航,46,11,35,高橋,2024-04-16,5320
00680L,元大美債20正2,43,9,34,高橋,2024-04-16,5320
2002,中鋼,37,4,33,高橋,2024-04-16,5320
5351,鈺創,34,1,33,高橋,2024-04-16,5320
1513,中興電,47,15,32,高橋,2024-04-16,5320
6016,康和證,32,1,31,高橋,2024-04-16,5320
2883,凱基金,99,68,31,高橋,2024-04-16,5320
5880,合庫金,32,1,31,高橋,2024-04-16,5320
3014,聯陽,51,20,31,高橋,2024-04-16,5320
2481,強茂,30,0,30,高橋,2024-04-16,5320
00885,富邦越南,30,0,30,高橋,2024-04-16,5320
2301,光寶科,34,5,29,高橋,2024-04-16,5320
00929,復華台灣科技優息,287,13,274,高橋,2024-04-17,5320
2409,友達,234,0,234,高橋,2024-04-17,5320
00937B,群益ESG投等債20,169,0,169,高橋,2024-04-17,5320
6770,力積電,118,9,109,高橋,2024-04-17,5320
2883,凱基金,104,9,95,高橋,2024-04-17,5320
0056,元大高股息,98,14,84,高橋,2024-04-17,5320
00940,元大台灣價值高息,99,26,73,高橋,2024-04-17,5320
8390,金益鼎,74,7,67,高橋,2024-04-17,5320
2888,新光金,65,4,61,高橋,2024-04-17,5320
3481,群創,61,1,60,高橋,2024-04-17,5320
2323,中環,53,0,53,高橋,2024-04-17,5320
00725B,國泰投資級公司債,52,0,52,高橋,2024-04-17,5320
00712,復華富時不動產,49,1,48,高橋,2024-04-17,5320
2303,聯電,63,17,46,高橋,2024-04-17,5320
00665L,富邦�琤肭磪囓�2,44,0,44,高橋,2024-04-17,5320
1615,大山,41,0,41,高橋,2024-04-17,5320
2630,亞航,47,6,41,高橋,2024-04-17,5320
2401,凌陽,48,8,40,高橋,2024-04-17,5320
5434,崇越,41,3,38,高橋,2024-04-17,5320
00905,FT臺灣Smart,35,0,35,高橋,2024-04-17,5320
3060,銘異,35,1,34,高橋,2024-04-17,5320
2353,宏��,51,20,31,高橋,2024-04-17,5320
5905,南仁湖,30,0,30,高橋,2024-04-17,5320
00679B,元大美債20年,29,0,29,高橋,2024-04-17,5320
00720B,元大投資級公司債,28,0,28,高橋,2024-04-17,5320
2344,華邦電,30,2,28,高橋,2024-04-17,5320
2634,漢翔,42,14,28,高橋,2024-04-17,5320
2382,廣達,38,12,26,高橋,2024-04-17,5320
00933B,國泰10Y+金融債,27,1,26,高橋,2024-04-17,5320
2376,技嘉,32,9,23,高橋,2024-04-17,5320
3231,緯創,86,63,23,高橋,2024-04-17,5320
00919,群益台灣精選高息,65,43,22,高橋,2024-04-17,5320
00637L,元大滬深300正2,48,26,22,高橋,2024-04-17,5320
3441,聯一光,22,1,21,高橋,2024-04-17,5320
00687B,國泰20年美債,20,0,20,高橋,2024-04-17,5320
911868,同方友友-DR,20,0,20,高橋,2024-04-17,5320
3437,榮創,20,0,20,高橋,2024-04-17,5320
4533,協易機,20,1,19,高橋,2024-04-17,5320
00857B,永豐20年美公債,19,0,19,高橋,2024-04-17,5320
5880,合庫金,19,0,19,高橋,2024-04-17,5320
9105,泰金寶-DR,20,2,18,高橋,2024-04-17,5320
00939,統一台灣高息動能,22,4,18,高橋,2024-04-17,5320
2611,志信,35,18,17,高橋,2024-04-17,5320
2308,台達電,19,2,17,高橋,2024-04-17,5320
2887,台新金,16,0,16,高橋,2024-04-17,5320
8096,擎亞,16,0,16,高橋,2024-04-17,5320
2324,仁寶,16,0,16,高橋,2024-04-17,5320
00632R,元大台灣50反1,15,0,15,高橋,2024-04-17,5320
1568,倉佑,15,0,15,高橋,2024-04-17,5320
1419,新紡,15,0,15,高橋,2024-04-17,5320
1612,宏泰,261,48,213,高橋,2024-04-18,5320
2885,元大金,190,2,188,高橋,2024-04-18,5320
2303,聯電,92,3,89,高橋,2024-04-18,5320
00929,復華台灣科技優息,114,39,75,高橋,2024-04-18,5320
5905,南仁湖,70,0,70,高橋,2024-04-18,5320
00712,復華富時不動產,63,0,63,高橋,2024-04-18,5320
6770,力積電,78,17,61,高橋,2024-04-18,5320
00919,群益台灣精選高息,63,9,54,高橋,2024-04-18,5320
00937B,群益ESG投等債20,60,7,53,高橋,2024-04-18,5320
5452,佶優,48,0,48,高橋,2024-04-18,5320
0056,元大高股息,49,3,46,高橋,2024-04-18,5320
1605,華新,170,135,35,高橋,2024-04-18,5320
00900,富邦特選高股息30,41,10,31,高橋,2024-04-18,5320
1504,東元,67,36,31,高橋,2024-04-18,5320
3060,銘異,31,1,30,高橋,2024-04-18,5320
00940,元大台灣價值高息,58,30,28,高橋,2024-04-18,5320
2329,華泰,46,20,26,高橋,2024-04-18,5320
00909,國泰數位支付服務,24,0,24,高橋,2024-04-18,5320
3481,群創,63,39,24,高橋,2024-04-18,5320
3260,威剛,25,1,24,高橋,2024-04-18,5320
1616,億泰,27,4,23,高橋,2024-04-18,5320
2035,唐榮,22,0,22,高橋,2024-04-18,5320
1101,台泥,24,2,22,高橋,2024-04-18,5320
9103,美德醫療-DR,21,0,21,高橋,2024-04-18,5320
3207,耀勝,42,21,21,高橋,2024-04-18,5320
3450,聯鈞,21,1,20,高橋,2024-04-18,5320
1618,合機,22,2,20,高橋,2024-04-18,5320
00942B,台新美A公司債20+,20,0,20,高橋,2024-04-18,5320
00733,富邦臺灣中小,19,0,19,高橋,2024-04-18,5320
1513,中興電,47,29,18,高橋,2024-04-18,5320
00720B,元大投資級公司債,17,0,17,高橋,2024-04-18,5320
00918,大華優利高填息30,20,3,17,高橋,2024-04-18,5320
2002,中鋼,33,17,16,高橋,2024-04-18,5320
2401,凌陽,18,2,16,高橋,2024-04-18,5320
6120,達運,15,0,15,高橋,2024-04-18,5320
3490,單井,34,19,15,高橋,2024-04-18,5320
2323,中環,15,1,14,高橋,2024-04-18,5320
00927,群益半導體收益,14,0,14,高橋,2024-04-18,5320
00939,統一台灣高息動能,26,12,14,高橋,2024-04-18,5320
8096,擎亞,19,5,14,高橋,2024-04-18,5320
2501,國建,29,16,13,高橋,2024-04-18,5320
1582,信錦,12,0,12,高橋,2024-04-18,5320
1419,新紡,12,0,12,高橋,2024-04-18,5320
6179,亞通,12,0,12,高橋,2024-04-18,5320
2369,菱生,12,0,12,高橋,2024-04-18,5320
2204,中華,12,1,11,高橋,2024-04-18,5320
2511,太子,11,0,11,高橋,2024-04-18,5320
2887,台新金,11,0,11,高橋,2024-04-18,5320
2356,英業達,22,11,11,高橋,2024-04-18,5320
3016,嘉晶,28,17,11,高橋,2024-04-18,5320
00940,元大台灣價值高息,1069,58,1011,高橋,2024-04-19,5320
00929,復華台灣科技優息,989,433,556,高橋,2024-04-19,5320
2515,中工,611,244,367,高橋,2024-04-19,5320
2888,新光金,261,0,261,高橋,2024-04-19,5320
2618,長榮航,226,14,212,高橋,2024-04-19,5320
6116,彩晶,209,2,207,高橋,2024-04-19,5320
1609,大亞,454,249,205,高橋,2024-04-19,5320
2344,華邦電,253,54,199,高橋,2024-04-19,5320
0056,元大高股息,165,18,147,高橋,2024-04-19,5320
00919,群益台灣精選高息,184,60,124,高橋,2024-04-19,5320
2303,聯電,151,27,124,高橋,2024-04-19,5320
2356,英業達,134,17,117,高橋,2024-04-19,5320
1608,華榮,167,59,108,高橋,2024-04-19,5320
2885,元大金,102,0,102,高橋,2024-04-19,5320
912000,晨訊科-DR,100,0,100,高橋,2024-04-19,5320
1611,中電,95,15,80,高橋,2024-04-19,5320
2330,台積電,88,10,78,高橋,2024-04-19,5320
00881,國泰台灣5G+,72,6,66,高橋,2024-04-19,5320
3231,緯創,84,29,55,高橋,2024-04-19,5320
1101,台泥,68,15,53,高橋,2024-04-19,5320
2610,華航,60,12,48,高橋,2024-04-19,5320
3703,欣陸,62,14,48,高橋,2024-04-19,5320
5351,鈺創,48,1,47,高橋,2024-04-19,5320
8210,勤誠,54,7,47,高橋,2024-04-19,5320
2317,鴻海,78,31,47,高橋,2024-04-19,5320
00905,FT臺灣Smart,46,0,46,高橋,2024-04-19,5320
2501,國建,57,12,45,高橋,2024-04-19,5320
8028,昇陽半導體,45,2,43,高橋,2024-04-19,5320
1612,宏泰,62,25,37,高橋,2024-04-19,5320
2506,太設,36,0,36,高橋,2024-04-19,5320
1301,台塑,44,14,30,高橋,2024-04-19,5320
00939,統一台灣高息動能,82,53,29,高橋,2024-04-19,5320
6770,力積電,39,11,28,高橋,2024-04-19,5320
1503,士電,60,33,27,高橋,2024-04-19,5320
5347,世界,28,1,27,高橋,2024-04-19,5320
5521,工信,28,2,26,高橋,2024-04-19,5320
2409,友達,30,4,26,高橋,2024-04-19,5320
6546,正基,25,0,25,高橋,2024-04-19,5320
1605,華新,98,73,25,高橋,2024-04-19,5320
2408,南亞科,25,0,25,高橋,2024-04-19,5320
3362,先進光,25,0,25,高橋,2024-04-19,5320
00878,國泰永續高股息,110,85,25,高橋,2024-04-19,5320
6016,康和證,23,0,23,高橋,2024-04-19,5320
00927,群益半導體收益,22,0,22,高橋,2024-04-19,5320
2301,光寶科,30,8,22,高橋,2024-04-19,5320
3037,欣興,24,3,21,高橋,2024-04-19,5320
3105,穩懋,22,1,21,高橋,2024-04-19,5320
3346,麗清,21,0,21,高橋,2024-04-19,5320
2884,玉山金,21,0,21,高橋,2024-04-19,5320
2461,光群雷,20,0,20,高橋,2024-04-19,5320
00929,復華台灣科技優息,535,155,380,高橋,2024-04-22,5320
00940,元大台灣價值高息,212,28,184,高橋,2024-04-22,5320
2371,大同,283,151,132,高橋,2024-04-22,5320
2323,中環,120,0,120,高橋,2024-04-22,5320
2401,凌陽,123,12,111,高橋,2024-04-22,5320
1603,華電,128,21,107,高橋,2024-04-22,5320
00632R,元大台灣50反1,100,10,90,高橋,2024-04-22,5320
1608,華榮,159,72,87,高橋,2024-04-22,5320
3231,緯創,115,28,87,高橋,2024-04-22,5320
2303,聯電,94,9,85,高橋,2024-04-22,5320
00919,群益台灣精選高息,114,51,63,高橋,2024-04-22,5320
2427,三商電,104,45,59,高橋,2024-04-22,5320
00939,統一台灣高息動能,69,11,58,高橋,2024-04-22,5320
1609,大亞,124,69,55,高橋,2024-04-22,5320
6116,彩晶,57,4,53,高橋,2024-04-22,5320
8033,雷虎,51,0,51,高橋,2024-04-22,5320
00664R,國泰臺灣加權反1,50,0,50,高橋,2024-04-22,5320
0056,元大高股息,49,0,49,高橋,2024-04-22,5320
2344,華邦電,46,0,46,高橋,2024-04-22,5320
00915,凱基優選高股息30,45,1,44,高橋,2024-04-22,5320
2009,第一銅,45,2,43,高橋,2024-04-22,5320
2618,長榮航,114,74,40,高橋,2024-04-22,5320
2367,燿華,41,2,39,高橋,2024-04-22,5320
2382,廣達,51,13,38,高橋,2024-04-22,5320
00937B,群益ESG投等債20,64,26,38,高橋,2024-04-22,5320
00687B,國泰20年美債,37,0,37,高橋,2024-04-22,5320
00878,國泰永續高股息,72,36,36,高橋,2024-04-22,5320
2324,仁寶,38,2,36,高橋,2024-04-22,5320
2634,漢翔,68,32,36,高橋,2024-04-22,5320
2514,龍邦,31,0,31,高橋,2024-04-22,5320
6264,富裔,30,0,30,高橋,2024-04-22,5320
5521,工信,46,22,24,高橋,2024-04-22,5320
2376,技嘉,30,8,22,高橋,2024-04-22,5320
1617,榮星,27,5,22,高橋,2024-04-22,5320
2543,皇昌,24,2,22,高橋,2024-04-22,5320
2356,英業達,37,16,21,高橋,2024-04-22,5320
6546,正基,23,3,20,高橋,2024-04-22,5320
1714,和桐,20,0,20,高橋,2024-04-22,5320
00918,大華優利高填息30,27,7,20,高橋,2024-04-22,5320
3027,盛達,46,27,19,高橋,2024-04-22,5320
2359,所羅門,20,1,19,高橋,2024-04-22,5320
1903,士紙,21,2,19,高橋,2024-04-22,5320
6197,佳必琪,20,1,19,高橋,2024-04-22,5320
3260,威剛,17,0,17,高橋,2024-04-22,5320
2330,台積電,21,4,17,高橋,2024-04-22,5320
00679B,元大美債20年,17,1,16,高橋,2024-04-22,5320
1618,合機,42,26,16,高橋,2024-04-22,5320
5351,鈺創,17,2,15,高橋,2024-04-22,5320
6177,達麗,15,0,15,高橋,2024-04-22,5320
1314,中石化,50,35,15,高橋,2024-04-22,5320
2883,凱基金,303,14,289,高橋,2024-04-23,5320
00940,元大台灣價值高息,236,23,213,高橋,2024-04-23,5320
00632R,元大台灣50反1,150,0,150,高橋,2024-04-23,5320
2515,中工,166,24,142,高橋,2024-04-23,5320
6120,達運,101,8,93,高橋,2024-04-23,5320
2887,台新金,83,0,83,高橋,2024-04-23,5320
2303,聯電,83,3,80,高橋,2024-04-23,5320
2356,英業達,77,3,74,高橋,2024-04-23,5320
2367,燿華,64,13,51,高橋,2024-04-23,5320
00941,中信上游半導體,50,0,50,高橋,2024-04-23,5320
5512,力麒,35,2,33,高橋,2024-04-23,5320
2101,南港,40,8,32,高橋,2024-04-23,5320
2834,臺企銀,87,57,30,高橋,2024-04-23,5320
2301,光寶科,32,4,28,高橋,2024-04-23,5320
00919,群益台灣精選高息,32,5,27,高橋,2024-04-23,5320
2547,日勝生,44,17,27,高橋,2024-04-23,5320
00929,復華台灣科技優息,105,80,25,高橋,2024-04-23,5320
2329,華泰,36,11,25,高橋,2024-04-23,5320
2409,友達,33,10,23,高橋,2024-04-23,5320
00878,國泰永續高股息,29,6,23,高橋,2024-04-23,5320
2359,所羅門,21,0,21,高橋,2024-04-23,5320
00637L,元大滬深300正2,31,11,20,高橋,2024-04-23,5320
1419,新紡,16,0,16,高橋,2024-04-23,5320
2489,瑞軒,16,2,14,高橋,2024-04-23,5320
3715,定穎投控,17,3,14,高橋,2024-04-23,5320
3178,公準,14,0,14,高橋,2024-04-23,5320
00882,中信中國高股息,24,10,14,高橋,2024-04-23,5320
1504,東元,26,13,13,高橋,2024-04-23,5320
2615,萬海,56,43,13,高橋,2024-04-23,5320
1616,億泰,17,5,12,高橋,2024-04-23,5320
6147,頎邦,11,0,11,高橋,2024-04-23,5320
3013,晟銘電,19,9,10,高橋,2024-04-23,5320
2867,三商壽,10,0,10,高橋,2024-04-23,5320
9907,統一實,10,0,10,高橋,2024-04-23,5320
00918,大華優利高填息30,10,0,10,高橋,2024-04-23,5320
2641,正德,10,0,10,高橋,2024-04-23,5320
3059,華晶科,11,1,10,高橋,2024-04-23,5320
0056,元大高股息,11,1,10,高橋,2024-04-23,5320
00895,富邦未來車,9,0,9,高橋,2024-04-23,5320
2745,五福,10,1,9,高橋,2024-04-23,5320
2881,富邦金,11,2,9,高橋,2024-04-23,5320
6264,富裔,9,0,9,高橋,2024-04-23,5320
1603,華電,16,7,9,高橋,2024-04-23,5320
00939,統一台灣高息動能,19,10,9,高橋,2024-04-23,5320
5432,新門,12,3,9,高橋,2024-04-23,5320
1815,富喬,10,1,9,高橋,2024-04-23,5320
6472,保瑞,14,5,9,高橋,2024-04-23,5320
2449,京元電子,9,1,8,高橋,2024-04-23,5320
2537,聯上發,24,16,8,高橋,2024-04-23,5320
3346,麗清,8,0,8,高橋,2024-04-23,5320
2409,友達,259,6,253,高橋,2024-04-24,5320
00929,復華台灣科技優息,273,70,203,高橋,2024-04-24,5320
00937B,群益ESG投等債20,89,0,89,高橋,2024-04-24,5320
2344,華邦電,112,23,89,高橋,2024-04-24,5320
3715,定穎投控,77,15,62,高橋,2024-04-24,5320
00632R,元大台灣50反1,75,13,62,高橋,2024-04-24,5320
2610,華航,124,82,42,高橋,2024-04-24,5320
00919,群益台灣精選高息,53,12,41,高橋,2024-04-24,5320
00679B,元大美債20年,38,0,38,高橋,2024-04-24,5320
1608,華榮,61,23,38,高橋,2024-04-24,5320
3481,群創,48,20,28,高橋,2024-04-24,5320
2323,中環,25,1,24,高橋,2024-04-24,5320
00900,富邦特選高股息30,36,12,24,高橋,2024-04-24,5320
2634,漢翔,26,3,23,高橋,2024-04-24,5320
2002,中鋼,25,2,23,高橋,2024-04-24,5320
1419,新紡,21,0,21,高橋,2024-04-24,5320
1732,毛寶,20,0,20,高橋,2024-04-24,5320
5531,鄉林,19,0,19,高橋,2024-04-24,5320
8011,台通,25,6,19,高橋,2024-04-24,5320
2890,永豐金,17,0,17,高橋,2024-04-24,5320
6244,茂迪,13,0,13,高橋,2024-04-24,5320
5284,jpp-KY,15,2,13,高橋,2024-04-24,5320
2501,國建,26,13,13,高橋,2024-04-24,5320
2313,華通,15,2,13,高橋,2024-04-24,5320
2355,敬鵬,12,0,12,高橋,2024-04-24,5320
3312,弘憶股,14,2,12,高橋,2024-04-24,5320
2010,春源,12,0,12,高橋,2024-04-24,5320
00878,國泰永續高股息,12,1,11,高橋,2024-04-24,5320
1101,台泥,14,3,11,高橋,2024-04-24,5320
1718,中纖,11,0,11,高橋,2024-04-24,5320
2836,高雄銀,10,0,10,高橋,2024-04-24,5320
3372,典範,10,0,10,高橋,2024-04-24,5320
00688L,國泰20年美債正2,10,0,10,高橋,2024-04-24,5320
6016,康和證,10,0,10,高橋,2024-04-24,5320
00725B,國泰投資級公司債,10,0,10,高橋,2024-04-24,5320
1305,華夏,10,0,10,高橋,2024-04-24,5320
5251,天鉞電,10,0,10,高橋,2024-04-24,5320
2886,兆豐金,9,0,9,高橋,2024-04-24,5320
2743,山富,12,3,9,高橋,2024-04-24,5320
8271,宇瞻,11,2,9,高橋,2024-04-24,5320
00907,永豐優息存股,9,0,9,高橋,2024-04-24,5320
00918,大華優利高填息30,13,4,9,高橋,2024-04-24,5320
5511,德昌,9,0,9,高橋,2024-04-24,5320
4402,郡都開發,9,0,9,高橋,2024-04-24,5320
5452,佶優,10,1,9,高橋,2024-04-24,5320
2511,太子,8,0,8,高橋,2024-04-24,5320
1584,精剛,8,0,8,高橋,2024-04-24,5320
2402,毅嘉,8,0,8,高橋,2024-04-24,5320
2605,新興,8,0,8,高橋,2024-04-24,5320
1618,合機,35,27,8,高橋,2024-04-24,5320
00940,元大台灣價值高息,147,2,145,高橋,2024-04-25,5320
2891,中信金,108,1,107,高橋,2024-04-25,5320
2344,華邦電,101,1,100,高橋,2024-04-25,5320
1440,南紡,110,12,98,高橋,2024-04-25,5320
2883,凱基金,83,6,77,高橋,2024-04-25,5320
00878,國泰永續高股息,68,0,68,高橋,2024-04-25,5320
2610,華航,79,18,61,高橋,2024-04-25,5320
00937B,群益ESG投等債20,60,0,60,高橋,2024-04-25,5320
2845,遠東銀,64,5,59,高橋,2024-04-25,5320
2515,中工,227,173,54,高橋,2024-04-25,5320
2208,台船,53,1,52,高橋,2024-04-25,5320
2406,國碩,50,0,50,高橋,2024-04-25,5320
2882,國泰金,46,0,46,高橋,2024-04-25,5320
3013,晟銘電,67,25,42,高橋,2024-04-25,5320
00907,永豐優息存股,41,0,41,高橋,2024-04-25,5320
2461,光群雷,43,3,40,高橋,2024-04-25,5320
2317,鴻海,66,29,37,高橋,2024-04-25,5320
3231,緯創,49,20,29,高橋,2024-04-25,5320
6139,亞翔,28,0,28,高橋,2024-04-25,5320
1605,華新,36,10,26,高橋,2024-04-25,5320
2892,第一金,58,33,25,高橋,2024-04-25,5320
1584,精剛,25,0,25,高橋,2024-04-25,5320
2409,友達,31,7,24,高橋,2024-04-25,5320
4716,大立,24,1,23,高橋,2024-04-25,5320
2351,順德,23,0,23,高橋,2024-04-25,5320
2371,大同,71,49,22,高橋,2024-04-25,5320
00688L,國泰20年美債正2,22,0,22,高橋,2024-04-25,5320
2836,高雄銀,21,0,21,高橋,2024-04-25,5320
3450,聯鈞,22,1,21,高橋,2024-04-25,5320
3264,欣銓,20,0,20,高橋,2024-04-25,5320
3011,今皓,20,0,20,高橋,2024-04-25,5320
1101,台泥,51,31,20,高橋,2024-04-25,5320
2867,三商壽,20,0,20,高橋,2024-04-25,5320
8054,安國,23,4,19,高橋,2024-04-25,5320
3035,智原,24,5,19,高橋,2024-04-25,5320
2630,亞航,39,20,19,高橋,2024-04-25,5320
2330,台積電,18,1,17,高橋,2024-04-25,5320
2887,台新金,17,0,17,高橋,2024-04-25,5320
1718,中纖,17,0,17,高橋,2024-04-25,5320
6770,力積電,28,12,16,高橋,2024-04-25,5320
5230,雷笛克光學,20,5,15,高橋,2024-04-25,5320
2101,南港,39,24,15,高橋,2024-04-25,5320
5706,鳳凰,18,3,15,高橋,2024-04-25,5320
00687B,國泰20年美債,15,0,15,高橋,2024-04-25,5320
1301,台塑,14,0,14,高橋,2024-04-25,5320
00679B,元大美債20年,14,0,14,高橋,2024-04-25,5320
4956,光鋐,14,0,14,高橋,2024-04-25,5320
3306,鼎天,20,6,14,高橋,2024-04-25,5320
1618,合機,23,9,14,高橋,2024-04-25,5320
00939,統一台灣高息動能,13,0,13,高橋,2024-04-25,5320
00680L,元大美債20正2,705,0,705,高橋,2024-04-26,5320
00665L,富邦�琤肭磪囓�2,1316,668,648,高橋,2024-04-26,5320
00919,群益台灣精選高息,365,17,348,高橋,2024-04-26,5320
1440,南紡,165,20,145,高橋,2024-04-26,5320
2344,華邦電,107,0,107,高橋,2024-04-26,5320
2883,凱基金,98,1,97,高橋,2024-04-26,5320
00632R,元大台灣50反1,101,50,51,高橋,2024-04-26,5320
1459,聯發,50,0,50,高橋,2024-04-26,5320
8255,朋程,47,0,47,高橋,2024-04-26,5320
00940,元大台灣價值高息,48,2,46,高橋,2024-04-26,5320
4714,永捷,40,0,40,高橋,2024-04-26,5320
2615,萬海,49,10,39,高橋,2024-04-26,5320
3060,銘異,38,0,38,高橋,2024-04-26,5320
3338,泰碩,33,2,31,高橋,2024-04-26,5320
1303,南亞,30,0,30,高橋,2024-04-26,5320
3481,群創,113,86,27,高橋,2024-04-26,5320
00937B,群益ESG投等債20,57,34,23,高橋,2024-04-26,5320
00679B,元大美債20年,21,0,21,高橋,2024-04-26,5320
1451,年興,20,0,20,高橋,2024-04-26,5320
2355,敬鵬,20,0,20,高橋,2024-04-26,5320
1419,新紡,20,0,20,高橋,2024-04-26,5320
00941,中信上游半導體,20,0,20,高橋,2024-04-26,5320
00929,復華台灣科技優息,21,1,20,高橋,2024-04-26,5320
2367,燿華,31,12,19,高橋,2024-04-26,5320
2641,正德,19,0,19,高橋,2024-04-26,5320
1504,東元,23,5,18,高橋,2024-04-26,5320
2363,矽統,28,11,17,高橋,2024-04-26,5320
1305,華夏,17,0,17,高橋,2024-04-26,5320
5871,中租-KY,16,0,16,高橋,2024-04-26,5320
2887,台新金,16,0,16,高橋,2024-04-26,5320
2515,中工,146,131,15,高橋,2024-04-26,5320
00942B,台新美A公司債20+,15,0,15,高橋,2024-04-26,5320
5706,鳳凰,20,5,15,高橋,2024-04-26,5320
1101,台泥,14,1,13,高橋,2024-04-26,5320
2506,太設,34,21,13,高橋,2024-04-26,5320
00939,統一台灣高息動能,17,4,13,高橋,2024-04-26,5320
6244,茂迪,13,0,13,高橋,2024-04-26,5320
6207,雷科,18,6,12,高橋,2024-04-26,5320
1301,台塑,14,2,12,高橋,2024-04-26,5320
2890,永豐金,15,3,12,高橋,2024-04-26,5320
3013,晟銘電,23,12,11,高橋,2024-04-26,5320
4108,懷特,11,0,11,高橋,2024-04-26,5320
2206,三陽工業,25,15,10,高橋,2024-04-26,5320
1609,大亞,29,19,10,高橋,2024-04-26,5320
2836,高雄銀,10,0,10,高橋,2024-04-26,5320
4306,炎洲,10,0,10,高橋,2024-04-26,5320
2630,亞航,12,2,10,高橋,2024-04-26,5320
2201,裕隆,12,2,10,高橋,2024-04-26,5320
2007,燁興,10,0,10,高橋,2024-04-26,5320
3686,達能,10,0,10,高橋,2024-04-26,5320
00919,群益台灣精選高息,236,4,232,高橋,2024-04-29,5320
00680L,元大美債20正2,200,16,184,高橋,2024-04-29,5320
2610,華航,220,60,160,高橋,2024-04-29,5320
00679B,元大美債20年,114,1,113,高橋,2024-04-29,5320
2618,長榮航,177,78,99,高橋,2024-04-29,5320
2363,矽統,109,26,83,高橋,2024-04-29,5320
2323,中環,82,8,74,高橋,2024-04-29,5320
6215,和椿,77,7,70,高橋,2024-04-29,5320
2371,大同,104,45,59,高橋,2024-04-29,5320
2489,瑞軒,62,4,58,高橋,2024-04-29,5320
2009,第一銅,64,11,53,高橋,2024-04-29,5320
2101,南港,55,9,46,高橋,2024-04-29,5320
3234,光環,54,11,43,高橋,2024-04-29,5320
4306,炎洲,42,4,38,高橋,2024-04-29,5320
2867,三商壽,35,0,35,高橋,2024-04-29,5320
2505,國揚,33,0,33,高橋,2024-04-29,5320
1419,新紡,30,0,30,高橋,2024-04-29,5320
8255,朋程,29,0,29,高橋,2024-04-29,5320
6116,彩晶,30,6,24,高橋,2024-04-29,5320
1608,華榮,33,11,22,高橋,2024-04-29,5320
6591,動力-KY,24,2,22,高橋,2024-04-29,5320
6288,聯嘉,20,0,20,高橋,2024-04-29,5320
00939,統一台灣高息動能,26,6,20,高橋,2024-04-29,5320
3289,宜特,21,1,20,高橋,2024-04-29,5320
3360,尚立,20,0,20,高橋,2024-04-29,5320
8940,新天地,20,0,20,高橋,2024-04-29,5320
2359,所羅門,25,6,19,高橋,2024-04-29,5320
4909,新復興,28,9,19,高橋,2024-04-29,5320
2634,漢翔,24,6,18,高橋,2024-04-29,5320
1527,鑽全,21,3,18,高橋,2024-04-29,5320
3312,弘憶股,25,8,17,高橋,2024-04-29,5320
2516,新建,23,6,17,高橋,2024-04-29,5320
00882,中信中國高股息,20,3,17,高橋,2024-04-29,5320
6190,萬泰科,18,1,17,高橋,2024-04-29,5320
8028,昇陽半導體,27,11,16,高橋,2024-04-29,5320
4532,瑞智,25,9,16,高橋,2024-04-29,5320
4716,大立,21,5,16,高橋,2024-04-29,5320
1409,新纖,18,4,14,高橋,2024-04-29,5320
1313,聯成,16,2,14,高橋,2024-04-29,5320
1455,集盛,13,0,13,高橋,2024-04-29,5320
3706,神達,17,4,13,高橋,2024-04-29,5320
4303,信立,15,2,13,高橋,2024-04-29,5320
5512,力麒,16,4,12,高橋,2024-04-29,5320
1603,華電,20,8,12,高橋,2024-04-29,5320
3013,晟銘電,18,7,11,高橋,2024-04-29,5320
1609,大亞,76,65,11,高橋,2024-04-29,5320
1587,吉茂,24,14,10,高橋,2024-04-29,5320
1474,弘裕,10,0,10,高橋,2024-04-29,5320
2836,高雄銀,10,0,10,高橋,2024-04-29,5320
3047,訊舟,10,0,10,高橋,2024-04-29,5320
00665L,富邦�琤肭磪囓�2,650,0,650,高橋,2024-04-30,5320
2401,凌陽,204,24,180,高橋,2024-04-30,5320
1314,中石化,176,46,130,高橋,2024-04-30,5320
6120,達運,102,0,102,高橋,2024-04-30,5320
00929,復華台灣科技優息,98,13,85,高橋,2024-04-30,5320
00940,元大台灣價值高息,82,1,81,高橋,2024-04-30,5320
2880,華南金,111,35,76,高橋,2024-04-30,5320
2356,英業達,62,2,60,高橋,2024-04-30,5320
2501,國建,71,15,56,高橋,2024-04-30,5320
2913,農林,44,2,42,高橋,2024-04-30,5320
00919,群益台灣精選高息,60,22,38,高橋,2024-04-30,5320
1419,新紡,38,0,38,高橋,2024-04-30,5320
2344,華邦電,50,12,38,高橋,2024-04-30,5320
00939,統一台灣高息動能,33,2,31,高橋,2024-04-30,5320
1608,華榮,35,4,31,高橋,2024-04-30,5320
00900,富邦特選高股息30,36,6,30,高橋,2024-04-30,5320
1603,華電,28,2,26,高橋,2024-04-30,5320
00918,大華優利高填息30,23,0,23,高橋,2024-04-30,5320
2014,中鴻,22,0,22,高橋,2024-04-30,5320
2887,台新金,32,12,20,高橋,2024-04-30,5320
00882,中信中國高股息,19,0,19,高橋,2024-04-30,5320
00937B,群益ESG投等債20,38,20,18,高橋,2024-04-30,5320
2314,台揚,20,3,17,高橋,2024-04-30,5320
2537,聯上發,20,3,17,高橋,2024-04-30,5320
1605,華新,19,2,17,高橋,2024-04-30,5320
00878,國泰永續高股息,28,11,17,高橋,2024-04-30,5320
4526,東台,20,4,16,高橋,2024-04-30,5320
2481,強茂,16,0,16,高橋,2024-04-30,5320
5607,遠雄港,15,0,15,高橋,2024-04-30,5320
6190,萬泰科,60,46,14,高橋,2024-04-30,5320
6269,台郡,14,0,14,高橋,2024-04-30,5320
00676R,富邦臺灣加權反1,13,0,13,高橋,2024-04-30,5320
00881,國泰台灣5G+,12,1,11,高橋,2024-04-30,5320
6790,永豐實,11,0,11,高橋,2024-04-30,5320
1310,台苯,11,0,11,高橋,2024-04-30,5320
3168,眾福科,11,0,11,高橋,2024-04-30,5320
1108,幸福,10,0,10,高橋,2024-04-30,5320
2034,允強,10,0,10,高橋,2024-04-30,5320
2834,臺企銀,11,1,10,高橋,2024-04-30,5320
4707,磐亞,10,0,10,高橋,2024-04-30,5320
1446,宏和,10,0,10,高橋,2024-04-30,5320
2492,華新科,12,2,10,高橋,2024-04-30,5320
5434,崇越,15,5,10,高橋,2024-04-30,5320
2317,鴻海,30,21,9,高橋,2024-04-30,5320
3060,銘異,23,14,9,高橋,2024-04-30,5320
3189,景碩,9,0,9,高橋,2024-04-30,5320
3490,單井,10,1,9,高橋,2024-04-30,5320
2457,飛宏,9,0,9,高橋,2024-04-30,5320
2449,京元電子,12,3,9,高橋,2024-04-30,5320
2371,大同,60,52,8,高橋,2024-04-30,5320
00878,國泰永續高股息,138,5,133,高橋,2024-05-02,5320
3481,群創,145,17,128,高橋,2024-05-02,5320
2641,正德,104,2,102,高橋,2024-05-02,5320
8064,東捷,92,7,85,高橋,2024-05-02,5320
6190,萬泰科,72,6,66,高橋,2024-05-02,5320
00937B,群益ESG投等債20,65,0,65,高橋,2024-05-02,5320
2101,南港,63,2,61,高橋,2024-05-02,5320
2836,高雄銀,53,0,53,高橋,2024-05-02,5320
2609,陽明,69,16,53,高橋,2024-05-02,5320
5706,鳳凰,50,1,49,高橋,2024-05-02,5320
2002,中鋼,48,2,46,高橋,2024-05-02,5320
1440,南紡,48,3,45,高橋,2024-05-02,5320
2330,台積電,46,4,42,高橋,2024-05-02,5320
2543,皇昌,50,10,40,高橋,2024-05-02,5320
1419,新紡,40,0,40,高橋,2024-05-02,5320
00919,群益台灣精選高息,53,14,39,高橋,2024-05-02,5320
2867,三商壽,52,13,39,高橋,2024-05-02,5320
00929,復華台灣科技優息,38,0,38,高橋,2024-05-02,5320
00665L,富邦�琤肭磪囓�2,718,680,38,高橋,2024-05-02,5320
2324,仁寶,34,1,33,高橋,2024-05-02,5320
00933B,國泰10Y+金融債,32,0,32,高橋,2024-05-02,5320
2401,凌陽,33,3,30,高橋,2024-05-02,5320
6264,富裔,31,2,29,高橋,2024-05-02,5320
2603,長榮,52,25,27,高橋,2024-05-02,5320
2501,國建,103,77,26,高橋,2024-05-02,5320
2834,臺企銀,44,18,26,高橋,2024-05-02,5320
8028,昇陽半導體,26,1,25,高橋,2024-05-02,5320
3715,定穎投控,27,4,23,高橋,2024-05-02,5320
2303,聯電,43,23,20,高橋,2024-05-02,5320
2883B,凱基金乙特,20,0,20,高橋,2024-05-02,5320
6202,盛群,20,1,19,高橋,2024-05-02,5320
8054,安國,20,1,19,高橋,2024-05-02,5320
2887,台新金,19,1,18,高橋,2024-05-02,5320
2337,旺宏,19,2,17,高橋,2024-05-02,5320
2611,志信,23,6,17,高橋,2024-05-02,5320
5371,中光電,19,3,16,高橋,2024-05-02,5320
1618,合機,89,73,16,高橋,2024-05-02,5320
00881,國泰台灣5G+,14,0,14,高橋,2024-05-02,5320
00939,統一台灣高息動能,14,0,14,高橋,2024-05-02,5320
6177,達麗,17,4,13,高橋,2024-05-02,5320
3005,神基,14,2,12,高橋,2024-05-02,5320
2409,友達,21,9,12,高橋,2024-05-02,5320
1453,大將,13,1,12,高橋,2024-05-02,5320
4721,美琪瑪,12,0,12,高橋,2024-05-02,5320
6125,廣運,23,11,12,高橋,2024-05-02,5320
4532,瑞智,11,0,11,高橋,2024-05-02,5320
2344,華邦電,12,1,11,高橋,2024-05-02,5320
4406,新昕纖,11,0,11,高橋,2024-05-02,5320
8390,金益鼎,10,0,10,高橋,2024-05-02,5320
3030,德律,10,0,10,高橋,2024-05-02,5320
2888,新光金,700,18,682,高橋,2024-05-03,5320
6770,力積電,367,131,236,高橋,2024-05-03,5320
00929,復華台灣科技優息,203,73,130,高橋,2024-05-03,5320
00665L,富邦�琤肭磪囓�2,110,0,110,高橋,2024-05-03,5320
00937B,群益ESG投等債20,77,5,72,高橋,2024-05-03,5320
6120,達運,62,1,61,高橋,2024-05-03,5320
2641,正德,55,1,54,高橋,2024-05-03,5320
00679B,元大美債20年,53,0,53,高橋,2024-05-03,5320
5531,鄉林,64,13,51,高橋,2024-05-03,5320
2344,華邦電,49,0,49,高橋,2024-05-03,5320
00940,元大台灣價值高息,101,55,46,高橋,2024-05-03,5320
2027,大成鋼,45,0,45,高橋,2024-05-03,5320
3706,神達,46,3,43,高橋,2024-05-03,5320
3231,緯創,54,11,43,高橋,2024-05-03,5320
1101,台泥,41,2,39,高橋,2024-05-03,5320
2458,義隆,37,0,37,高橋,2024-05-03,5320
4716,大立,35,0,35,高橋,2024-05-03,5320
1608,華榮,42,7,35,高橋,2024-05-03,5320
2409,友達,42,8,34,高橋,2024-05-03,5320
00878,國泰永續高股息,33,0,33,高橋,2024-05-03,5320
00919,群益台灣精選高息,35,3,32,高橋,2024-05-03,5320
2834,臺企銀,38,6,32,高橋,2024-05-03,5320
1589,永冠-KY,31,0,31,高橋,2024-05-03,5320
4746,台耀,31,0,31,高橋,2024-05-03,5320
6264,富裔,31,1,30,高橋,2024-05-03,5320
911608,明輝-DR,30,0,30,高橋,2024-05-03,5320
1582,信錦,28,0,28,高橋,2024-05-03,5320
2913,農林,27,1,26,高橋,2024-05-03,5320
8926,台汽電,26,0,26,高橋,2024-05-03,5320
2634,漢翔,26,1,25,高橋,2024-05-03,5320
00900,富邦特選高股息30,37,12,25,高橋,2024-05-03,5320
8054,安國,28,4,24,高橋,2024-05-03,5320
3673,TPK-KY,23,0,23,高橋,2024-05-03,5320
9904,寶成,21,0,21,高橋,2024-05-03,5320
6182,合晶,21,0,21,高橋,2024-05-03,5320
1316,上曜,37,17,20,高橋,2024-05-03,5320
00655L,國泰中國A50正2,20,0,20,高橋,2024-05-03,5320
5478,智冠,20,0,20,高橋,2024-05-03,5320
2359,所羅門,21,1,20,高橋,2024-05-03,5320
1605,華新,27,7,20,高橋,2024-05-03,5320
2883,凱基金,69,50,19,高橋,2024-05-03,5320
3715,定穎投控,30,11,19,高橋,2024-05-03,5320
2392,正崴,27,9,18,高橋,2024-05-03,5320
2014,中鴻,23,6,17,高橋,2024-05-03,5320
2705,六福,21,4,17,高橋,2024-05-03,5320
1514,亞力,29,12,17,高橋,2024-05-03,5320
1504,東元,25,9,16,高橋,2024-05-03,5320
1722,台肥,16,0,16,高橋,2024-05-03,5320
2478,大毅,19,3,16,高橋,2024-05-03,5320
2449,京元電子,16,1,15,高橋,2024-05-03,5320
6770,力積電,348,78,270,高橋,2024-05-06,5320
00929,復華台灣科技優息,138,5,133,高橋,2024-05-06,5320
00664R,國泰臺灣加權反1,125,0,125,高橋,2024-05-06,5320
2618,長榮航,147,56,91,高橋,2024-05-06,5320
00878,國泰永續高股息,98,15,83,高橋,2024-05-06,5320
2014,中鴻,77,3,74,高橋,2024-05-06,5320
00940,元大台灣價值高息,72,17,55,高橋,2024-05-06,5320
2880,華南金,71,27,44,高橋,2024-05-06,5320
1605,華新,44,0,44,高橋,2024-05-06,5320
2845,遠東銀,46,4,42,高橋,2024-05-06,5320
2897,王道銀行,38,0,38,高橋,2024-05-06,5320
00752,中信中國50,34,0,34,高橋,2024-05-06,5320
2516,新建,34,0,34,高橋,2024-05-06,5320
00632R,元大台灣50反1,32,0,32,高橋,2024-05-06,5320
5521,工信,31,0,31,高橋,2024-05-06,5320
1109,信大,30,0,30,高橋,2024-05-06,5320
00945B,凱基美國非投等債,30,0,30,高橋,2024-05-06,5320
6264,富裔,29,0,29,高橋,2024-05-06,5320
4938,和碩,27,1,26,高橋,2024-05-06,5320
8277,商丞,26,0,26,高橋,2024-05-06,5320
2449,京元電子,28,3,25,高橋,2024-05-06,5320
2889,國票金,43,19,24,高橋,2024-05-06,5320
2834,臺企銀,38,16,22,高橋,2024-05-06,5320
4406,新昕纖,21,0,21,高橋,2024-05-06,5320
1419,新紡,21,0,21,高橋,2024-05-06,5320
00882,中信中國高股息,25,5,20,高橋,2024-05-06,5320
3450,聯鈞,20,1,19,高橋,2024-05-06,5320
00933B,國泰10Y+金融債,20,2,18,高橋,2024-05-06,5320
2537,聯上發,23,5,18,高橋,2024-05-06,5320
00937B,群益ESG投等債20,19,1,18,高橋,2024-05-06,5320
00919,群益台灣精選高息,24,7,17,高橋,2024-05-06,5320
00655L,國泰中國A50正2,20,4,16,高橋,2024-05-06,5320
2354,鴻準,27,11,16,高橋,2024-05-06,5320
2501,國建,44,29,15,高橋,2024-05-06,5320
1718,中纖,15,0,15,高橋,2024-05-06,5320
2101,南港,19,4,15,高橋,2024-05-06,5320
6173,信昌電,19,4,15,高橋,2024-05-06,5320
00891,中信關鍵半導體,14,0,14,高橋,2024-05-06,5320
2892,第一金,22,8,14,高橋,2024-05-06,5320
1584,精剛,20,6,14,高橋,2024-05-06,5320
4714,永捷,31,17,14,高橋,2024-05-06,5320
00939,統一台灣高息動能,17,4,13,高橋,2024-05-06,5320
2352,佳世達,13,1,12,高橋,2024-05-06,5320
2515,中工,64,52,12,高橋,2024-05-06,5320
5531,鄉林,28,16,12,高橋,2024-05-06,5320
00636,國泰中國A50,11,0,11,高橋,2024-05-06,5320
8215,明基材,11,0,11,高橋,2024-05-06,5320
2641,正德,12,1,11,高橋,2024-05-06,5320
9933,中鼎,17,7,10,高橋,2024-05-06,5320
2607,榮運,10,0,10,高橋,2024-05-06,5320
00940,元大台灣價值高息,254,12,242,高橋,2024-05-07,5320
3481,群創,171,3,168,高橋,2024-05-07,5320
00919,群益台灣精選高息,118,24,94,高橋,2024-05-07,5320
00878,國泰永續高股息,99,16,83,高橋,2024-05-07,5320
00688L,國泰20年美債正2,80,0,80,高橋,2024-05-07,5320
2845,遠東銀,69,5,64,高橋,2024-05-07,5320
2611,志信,64,1,63,高橋,2024-05-07,5320
1608,華榮,61,2,59,高橋,2024-05-07,5320
2618,長榮航,97,44,53,高橋,2024-05-07,5320
2515,中工,75,23,52,高橋,2024-05-07,5320
2208,台船,58,7,51,高橋,2024-05-07,5320
1308,亞聚,44,0,44,高橋,2024-05-07,5320
2834,臺企銀,38,1,37,高橋,2024-05-07,5320
2892,第一金,42,5,37,高橋,2024-05-07,5320
1314,中石化,63,27,36,高橋,2024-05-07,5320
6005,群益證,41,6,35,高橋,2024-05-07,5320
3234,光環,32,0,32,高橋,2024-05-07,5320
2537,聯上發,33,1,32,高橋,2024-05-07,5320
2547,日勝生,31,1,30,高橋,2024-05-07,5320
1305,華夏,30,0,30,高橋,2024-05-07,5320
2027,大成鋼,31,2,29,高橋,2024-05-07,5320
2316,楠梓電,30,2,28,高橋,2024-05-07,5320
3013,晟銘電,56,29,27,高橋,2024-05-07,5320
2317,鴻海,83,57,26,高橋,2024-05-07,5320
1419,新紡,25,0,25,高橋,2024-05-07,5320
1584,精剛,25,0,25,高橋,2024-05-07,5320
00679B,元大美債20年,25,0,25,高橋,2024-05-07,5320
3576,聯合再生,24,0,24,高橋,2024-05-07,5320
2344,華邦電,25,2,23,高橋,2024-05-07,5320
2486,一詮,58,36,22,高橋,2024-05-07,5320
4167,松瑞藥,22,0,22,高橋,2024-05-07,5320
5258,虹堡,21,0,21,高橋,2024-05-07,5320
2887,台新金,20,0,20,高橋,2024-05-07,5320
3033,威健,30,10,20,高橋,2024-05-07,5320
8096,擎亞,48,28,20,高橋,2024-05-07,5320
00929,復華台灣科技優息,31,12,19,高橋,2024-05-07,5320
2883,凱基金,20,2,18,高橋,2024-05-07,5320
00687B,國泰20年美債,38,20,18,高橋,2024-05-07,5320
8215,明基材,18,0,18,高橋,2024-05-07,5320
2543,皇昌,24,7,17,高橋,2024-05-07,5320
1611,中電,17,0,17,高橋,2024-05-07,5320
1304,台聚,17,0,17,高橋,2024-05-07,5320
4306,炎洲,17,0,17,高橋,2024-05-07,5320
9945,潤泰新,17,1,16,高橋,2024-05-07,5320
1614,三洋電,16,0,16,高橋,2024-05-07,5320
2353,宏��,26,10,16,高橋,2024-05-07,5320
1605,華新,32,17,15,高橋,2024-05-07,5320
2497,怡利電,16,1,15,高橋,2024-05-07,5320
00934,中信成長高股息,15,0,15,高橋,2024-05-07,5320
1201,味全,15,0,15,高橋,2024-05-07,5320
2618,長榮航,175,56,119,高橋,2024-05-08,5320
3481,群創,124,6,118,高橋,2024-05-08,5320
00940,元大台灣價值高息,93,7,86,高橋,2024-05-08,5320
00688L,國泰20年美債正2,90,4,86,高橋,2024-05-08,5320
2201,裕隆,83,11,72,高橋,2024-05-08,5320
1314,中石化,70,0,70,高橋,2024-05-08,5320
00919,群益台灣精選高息,53,1,52,高橋,2024-05-08,5320
5871,中租-KY,46,0,46,高橋,2024-05-08,5320
2880,華南金,40,3,37,高橋,2024-05-08,5320
4956,光鋐,35,0,35,高橋,2024-05-08,5320
2603,長榮,57,24,33,高橋,2024-05-08,5320
2338,光罩,44,12,32,高橋,2024-05-08,5320
1419,新紡,31,0,31,高橋,2024-05-08,5320
2888,新光金,40,10,30,高橋,2024-05-08,5320
1609,大亞,83,53,30,高橋,2024-05-08,5320
2374,佳能,49,20,29,高橋,2024-05-08,5320
00937B,群益ESG投等債20,27,0,27,高橋,2024-05-08,5320
1608,華榮,61,34,27,高橋,2024-05-08,5320
2204,中華,29,3,26,高橋,2024-05-08,5320
00942B,台新美A公司債20+,26,0,26,高橋,2024-05-08,5320
00933B,國泰10Y+金融債,30,4,26,高橋,2024-05-08,5320
1618,合機,92,67,25,高橋,2024-05-08,5320
00918,大華優利高填息30,26,2,24,高橋,2024-05-08,5320
2464,盟立,28,4,24,高橋,2024-05-08,5320
3036,文曄,25,2,23,高橋,2024-05-08,5320
5498,凱崴,33,10,23,高橋,2024-05-08,5320
2492,華新科,23,1,22,高橋,2024-05-08,5320
2547,日勝生,25,3,22,高橋,2024-05-08,5320
00932,兆豐永續高息等權,22,0,22,高橋,2024-05-08,5320
1722,台肥,22,0,22,高橋,2024-05-08,5320
5383,金利,21,0,21,高橋,2024-05-08,5320
2101,南港,35,15,20,高橋,2024-05-08,5320
00936,台新永續高息中小,20,0,20,高橋,2024-05-08,5320
3024,憶聲,20,0,20,高橋,2024-05-08,5320
1201,味全,19,0,19,高橋,2024-05-08,5320
9945,潤泰新,16,1,15,高橋,2024-05-08,5320
1514,亞力,28,13,15,高橋,2024-05-08,5320
8028,昇陽半導體,16,1,15,高橋,2024-05-08,5320
2606,裕民,84,70,14,高橋,2024-05-08,5320
5512,力麒,14,0,14,高橋,2024-05-08,5320
8069,元太,13,0,13,高橋,2024-05-08,5320
2855,統一證,13,0,13,高橋,2024-05-08,5320
00751B,元大AAA至A公司債,14,1,13,高橋,2024-05-08,5320
00632R,元大台灣50反1,14,1,13,高橋,2024-05-08,5320
2634,漢翔,14,2,12,高橋,2024-05-08,5320
2834,臺企銀,24,12,12,高橋,2024-05-08,5320
2906,高林,12,0,12,高橋,2024-05-08,5320
1316,上曜,11,0,11,高橋,2024-05-08,5320
5392,能率,15,4,11,高橋,2024-05-08,5320
8271,宇瞻,11,0,11,高橋,2024-05-08,5320
00946,群益科技高息成長,191,0,191,高橋,2024-05-09,5320
2344,華邦電,184,2,182,高橋,2024-05-09,5320
00937B,群益ESG投等債20,101,6,95,高橋,2024-05-09,5320
2367,燿華,109,25,84,高橋,2024-05-09,5320
2888,新光金,115,41,74,高橋,2024-05-09,5320
1809,中釉,66,0,66,高橋,2024-05-09,5320
3231,緯創,70,9,61,高橋,2024-05-09,5320
00929,復華台灣科技優息,63,6,57,高橋,2024-05-09,5320
1303,南亞,53,0,53,高橋,2024-05-09,5320
2615,萬海,89,37,52,高橋,2024-05-09,5320
00687B,國泰20年美債,52,0,52,高橋,2024-05-09,5320
00940,元大台灣價值高息,57,5,52,高橋,2024-05-09,5320
1605,華新,41,2,39,高橋,2024-05-09,5320
8112,至上,41,3,38,高橋,2024-05-09,5320
2906,高林,39,1,38,高橋,2024-05-09,5320
1314,中石化,38,2,36,高橋,2024-05-09,5320
3481,群創,56,20,36,高橋,2024-05-09,5320
8064,東捷,35,0,35,高橋,2024-05-09,5320
2409,友達,32,0,32,高橋,2024-05-09,5320
5512,力麒,31,0,31,高橋,2024-05-09,5320
4967,十銓,41,10,31,高橋,2024-05-09,5320
5880,合庫金,31,1,30,高橋,2024-05-09,5320
2892,第一金,30,0,30,高橋,2024-05-09,5320
9904,寶成,35,7,28,高橋,2024-05-09,5320
2618,長榮航,155,127,28,高橋,2024-05-09,5320
3036,文曄,28,1,27,高橋,2024-05-09,5320
00915,凱基優選高股息30,25,0,25,高橋,2024-05-09,5320
2887,台新金,26,1,25,高橋,2024-05-09,5320
2889,國票金,25,1,24,高橋,2024-05-09,5320
5521,工信,23,0,23,高橋,2024-05-09,5320
2515,中工,26,3,23,高橋,2024-05-09,5320
2363,矽統,42,20,22,高橋,2024-05-09,5320
2317,鴻海,79,58,21,高橋,2024-05-09,5320
5351,鈺創,22,1,21,高橋,2024-05-09,5320
00751B,元大AAA至A公司債,21,0,21,高橋,2024-05-09,5320
2897,王道銀行,20,0,20,高橋,2024-05-09,5320
5531,鄉林,21,2,19,高橋,2024-05-09,5320
3686,達能,28,9,19,高橋,2024-05-09,5320
3207,耀勝,24,6,18,高橋,2024-05-09,5320
1201,味全,18,0,18,高橋,2024-05-09,5320
2371,大同,51,34,17,高橋,2024-05-09,5320
2405,輔信,17,1,16,高橋,2024-05-09,5320
1905,華紙,16,0,16,高橋,2024-05-09,5320
3260,威剛,36,21,15,高橋,2024-05-09,5320
2393,億光,15,0,15,高橋,2024-05-09,5320
3437,榮創,15,0,15,高橋,2024-05-09,5320
3060,銘異,15,0,15,高橋,2024-05-09,5320
3178,公準,15,0,15,高橋,2024-05-09,5320
2323,中環,15,0,15,高橋,2024-05-09,5320
00944,野村趨勢動能高息,15,0,15,高橋,2024-05-09,5320
00929,復華台灣科技優息,247,3,244,高橋,2024-05-10,5320
00632R,元大台灣50反1,237,0,237,高橋,2024-05-10,5320
3024,憶聲,100,0,100,高橋,2024-05-10,5320
2313,華通,82,5,77,高橋,2024-05-10,5320
2371,大同,85,24,61,高橋,2024-05-10,5320
6182,合晶,62,1,61,高橋,2024-05-10,5320
2303,聯電,144,90,54,高橋,2024-05-10,5320
6592,和潤企業,51,0,51,高橋,2024-05-10,5320
2409,友達,50,2,48,高橋,2024-05-10,5320
00946,群益科技高息成長,50,10,40,高橋,2024-05-10,5320
6770,力積電,47,9,38,高橋,2024-05-10,5320
2881,富邦金,61,23,38,高橋,2024-05-10,5320
3706,神達,52,15,37,高橋,2024-05-10,5320
2601,益航,41,5,36,高橋,2024-05-10,5320
00944,野村趨勢動能高息,35,0,35,高橋,2024-05-10,5320
3481,群創,73,41,32,高橋,2024-05-10,5320
2476,鉅祥,32,3,29,高橋,2024-05-10,5320
8064,東捷,26,2,24,高橋,2024-05-10,5320
2845,遠東銀,23,0,23,高橋,2024-05-10,5320
2359,所羅門,37,16,21,高橋,2024-05-10,5320
8112,至上,46,25,21,高橋,2024-05-10,5320
3338,泰碩,20,1,19,高橋,2024-05-10,5320
2906,高林,19,0,19,高橋,2024-05-10,5320
8926,台汽電,38,20,18,高橋,2024-05-10,5320
2892,第一金,19,2,17,高橋,2024-05-10,5320
8150,南茂,17,0,17,高橋,2024-05-10,5320
2388,威盛,21,6,15,高橋,2024-05-10,5320
2421,建準,20,5,15,高橋,2024-05-10,5320
2367,燿華,69,55,14,高橋,2024-05-10,5320
2008,高興昌,18,4,14,高橋,2024-05-10,5320
2355,敬鵬,14,0,14,高橋,2024-05-10,5320
3013,晟銘電,39,26,13,高橋,2024-05-10,5320
00939,統一台灣高息動能,13,0,13,高橋,2024-05-10,5320
1609,大亞,22,10,12,高橋,2024-05-10,5320
8086,宏捷科,13,1,12,高橋,2024-05-10,5320
00937B,群益ESG投等債20,38,26,12,高橋,2024-05-10,5320
6215,和椿,16,4,12,高橋,2024-05-10,5320
1515,力山,18,6,12,高橋,2024-05-10,5320
2820,華票,12,0,12,高橋,2024-05-10,5320
2617,台航,23,11,12,高橋,2024-05-10,5320
1419,新紡,12,0,12,高橋,2024-05-10,5320
6026,福邦證,21,10,11,高橋,2024-05-10,5320
8155,博智,11,0,11,高橋,2024-05-10,5320
2338,光罩,16,5,11,高橋,2024-05-10,5320
3036,文曄,12,1,11,高橋,2024-05-10,5320
1589,永冠-KY,10,0,10,高橋,2024-05-10,5320
3672,康聯訊,13,3,10,高橋,2024-05-10,5320
9950,萬國通,10,0,10,高橋,2024-05-10,5320
1806,冠軍,10,0,10,高橋,2024-05-10,5320
3354,律勝,10,0,10,高橋,2024-05-10,5320
00929,復華台灣科技優息,228,10,218,高橋,2024-05-13,5320
00882,中信中國高股息,120,23,97,高橋,2024-05-13,5320
2883,凱基金,111,17,94,高橋,2024-05-13,5320
2618,長榮航,110,20,90,高橋,2024-05-13,5320
2371,大同,123,36,87,高橋,2024-05-13,5320
1303,南亞,86,0,86,高橋,2024-05-13,5320
00932,兆豐永續高息等權,65,0,65,高橋,2024-05-13,5320
3231,緯創,83,18,65,高橋,2024-05-13,5320
00632R,元大台灣50反1,74,15,59,高橋,2024-05-13,5320
9955,佳龍,56,3,53,高橋,2024-05-13,5320
00940,元大台灣價值高息,84,34,50,高橋,2024-05-13,5320
00878,國泰永續高股息,58,16,42,高橋,2024-05-13,5320
2356,英業達,70,32,38,高橋,2024-05-13,5320
3481,群創,54,20,34,高橋,2024-05-13,5320
2890,永豐金,52,21,31,高橋,2024-05-13,5320
2634,漢翔,34,7,27,高橋,2024-05-13,5320
00944,野村趨勢動能高息,27,0,27,高橋,2024-05-13,5320
1513,中興電,44,17,27,高橋,2024-05-13,5320
3362,先進光,27,1,26,高橋,2024-05-13,5320
2617,台航,39,13,26,高橋,2024-05-13,5320
2316,楠梓電,34,8,26,高橋,2024-05-13,5320
2241,艾姆勒,26,2,24,高橋,2024-05-13,5320
1524,耿鼎,30,6,24,高橋,2024-05-13,5320
2606,裕民,47,23,24,高橋,2024-05-13,5320
1419,新紡,24,0,24,高橋,2024-05-13,5320
1104,環泥,23,0,23,高橋,2024-05-13,5320
00715L,期街口布蘭特正2,23,0,23,高橋,2024-05-13,5320
3047,訊舟,24,1,23,高橋,2024-05-13,5320
3013,晟銘電,28,7,21,高橋,2024-05-13,5320
00919,群益台灣精選高息,26,5,21,高橋,2024-05-13,5320
2547,日勝生,20,0,20,高橋,2024-05-13,5320
8096,擎亞,22,2,20,高橋,2024-05-13,5320
5519,隆大,21,2,19,高橋,2024-05-13,5320
2851,中再保,20,1,19,高橋,2024-05-13,5320
2801,彰銀,20,2,18,高橋,2024-05-13,5320
2891,中信金,23,5,18,高橋,2024-05-13,5320
2401,凌陽,20,3,17,高橋,2024-05-13,5320
3715,定穎投控,18,2,16,高橋,2024-05-13,5320
2637,慧洋-KY,20,5,15,高橋,2024-05-13,5320
6120,達運,15,0,15,高橋,2024-05-13,5320
8215,明基材,15,0,15,高橋,2024-05-13,5320
3260,威剛,75,62,13,高橋,2024-05-13,5320
2834,臺企銀,20,7,13,高橋,2024-05-13,5320
2313,華通,15,2,13,高橋,2024-05-13,5320
8150,南茂,14,2,12,高橋,2024-05-13,5320
2002,中鋼,12,0,12,高橋,2024-05-13,5320
6271,同欣電,13,1,12,高橋,2024-05-13,5320
6257,矽格,12,0,12,高橋,2024-05-13,5320
00915,凱基優選高股息30,12,0,12,高橋,2024-05-13,5320
00937B,群益ESG投等債20,34,22,12,高橋,2024-05-13,5320
00878,國泰永續高股息,162,27,135,高橋,2024-05-14,5320
2906,高林,107,0,107,高橋,2024-05-14,5320
00665L,富邦�琤肭磪囓�2,100,0,100,高橋,2024-05-14,5320
2615,萬海,185,98,87,高橋,2024-05-14,5320
00937B,群益ESG投等債20,83,2,81,高橋,2024-05-14,5320
2834,臺企銀,79,4,75,高橋,2024-05-14,5320
2323,中環,76,4,72,高橋,2024-05-14,5320
2890,永豐金,65,1,64,高橋,2024-05-14,5320
3060,銘異,64,1,63,高橋,2024-05-14,5320
1101,台泥,60,9,51,高橋,2024-05-14,5320
2355,敬鵬,79,30,49,高橋,2024-05-14,5320
2371,大同,100,54,46,高橋,2024-05-14,5320
2610,華航,64,30,34,高橋,2024-05-14,5320
3047,訊舟,64,34,30,高橋,2024-05-14,5320
2915,潤泰全,35,6,29,高橋,2024-05-14,5320
3260,威剛,32,4,28,高橋,2024-05-14,5320
9945,潤泰新,46,18,28,高橋,2024-05-14,5320
2612,中航,25,1,24,高橋,2024-05-14,5320
3231,緯創,38,14,24,高橋,2024-05-14,5320
2889,國票金,37,14,23,高橋,2024-05-14,5320
2474,可成,20,0,20,高橋,2024-05-14,5320
6294,智基,20,0,20,高橋,2024-05-14,5320
1522,堤維西,46,27,19,高橋,2024-05-14,5320
00919,群益台灣精選高息,35,17,18,高橋,2024-05-14,5320
6207,雷科,17,0,17,高橋,2024-05-14,5320
2618,長榮航,31,14,17,高橋,2024-05-14,5320
2882,國泰金,35,19,16,高橋,2024-05-14,5320
00933B,國泰10Y+金融債,16,0,16,高橋,2024-05-14,5320
2611,志信,22,6,16,高橋,2024-05-14,5320
1402,遠東新,15,0,15,高橋,2024-05-14,5320
3481,群創,63,48,15,高橋,2024-05-14,5320
1312,國喬,44,30,14,高橋,2024-05-14,5320
3276,宇環,12,0,12,高橋,2024-05-14,5320
1504,東元,13,1,12,高橋,2024-05-14,5320
3034,聯詠,12,0,12,高橋,2024-05-14,5320
2449,京元電子,11,0,11,高橋,2024-05-14,5320
3596,智易,11,0,11,高橋,2024-05-14,5320
5515,建國,11,0,11,高橋,2024-05-14,5320
2363,矽統,62,51,11,高橋,2024-05-14,5320
1582,信錦,12,1,11,高橋,2024-05-14,5320
2885,元大金,10,0,10,高橋,2024-05-14,5320
1419,新紡,10,0,10,高橋,2024-05-14,5320
3202,樺晟,10,0,10,高橋,2024-05-14,5320
1524,耿鼎,13,3,10,高橋,2024-05-14,5320
3354,律勝,10,0,10,高橋,2024-05-14,5320
3694,海華,13,3,10,高橋,2024-05-14,5320
1589,永冠-KY,10,0,10,高橋,2024-05-14,5320
00799B,國泰A級醫療債,10,0,10,高橋,2024-05-14,5320
00676R,富邦臺灣加權反1,10,0,10,高橋,2024-05-14,5320
00664R,國泰臺灣加權反1,10,0,10,高橋,2024-05-14,5320
00919,群益台灣精選高息,732,1,731,高橋,2024-05-15,5320
00632R,元大台灣50反1,216,21,195,高橋,2024-05-15,5320
00940,元大台灣價值高息,164,27,137,高橋,2024-05-15,5320
00937B,群益ESG投等債20,122,1,121,高橋,2024-05-15,5320
00650L,復華香港正2,90,0,90,高橋,2024-05-15,5320
2208,台船,100,11,89,高橋,2024-05-15,5320
2356,英業達,170,84,86,高橋,2024-05-15,5320
2618,長榮航,116,39,77,高橋,2024-05-15,5320
2609,陽明,200,137,63,高橋,2024-05-15,5320
00706L,期元大S＆P日圓正2,55,0,55,高橋,2024-05-15,5320
00929,復華台灣科技優息,108,54,54,高橋,2024-05-15,5320
00878,國泰永續高股息,63,16,47,高橋,2024-05-15,5320
3701,大眾控,43,0,43,高橋,2024-05-15,5320
2634,漢翔,48,7,41,高橋,2024-05-15,5320
2515,中工,37,2,35,高橋,2024-05-15,5320
6770,力積電,37,2,35,高橋,2024-05-15,5320
2603,長榮,56,22,34,高橋,2024-05-15,5320
2002,中鋼,34,1,33,高橋,2024-05-15,5320
2630,亞航,38,5,33,高橋,2024-05-15,5320
2401,凌陽,32,0,32,高橋,2024-05-15,5320
1711,永光,30,0,30,高橋,2024-05-15,5320
00720B,元大投資級公司債,26,0,26,高橋,2024-05-15,5320
2371,大同,58,32,26,高橋,2024-05-15,5320
3188,鑫龍騰,25,0,25,高橋,2024-05-15,5320
00933B,國泰10Y+金融債,24,0,24,高橋,2024-05-15,5320
00688L,國泰20年美債正2,30,7,23,高橋,2024-05-15,5320
9955,佳龍,24,2,22,高橋,2024-05-15,5320
2405,輔信,35,13,22,高橋,2024-05-15,5320
2851,中再保,20,0,20,高橋,2024-05-15,5320
1815,富喬,22,2,20,高橋,2024-05-15,5320
2406,國碩,22,3,19,高橋,2024-05-15,5320
2020,美亞,20,1,19,高橋,2024-05-15,5320
2605,新興,38,21,17,高橋,2024-05-15,5320
2323,中環,20,4,16,高橋,2024-05-15,5320
3260,威剛,29,13,16,高橋,2024-05-15,5320
1419,新紡,16,0,16,高橋,2024-05-15,5320
6188,廣明,18,3,15,高橋,2024-05-15,5320
2363,矽統,46,31,15,高橋,2024-05-15,5320
1616,億泰,19,4,15,高橋,2024-05-15,5320
3037,欣興,16,1,15,高橋,2024-05-15,5320
1455,集盛,15,0,15,高橋,2024-05-15,5320
00664R,國泰臺灣加權反1,15,0,15,高橋,2024-05-15,5320
2485,兆赫,15,0,15,高橋,2024-05-15,5320
2606,裕民,26,12,14,高橋,2024-05-15,5320
1314,中石化,21,7,14,高橋,2024-05-15,5320
2486,一詮,14,0,14,高橋,2024-05-15,5320
6753,龍德造船,27,14,13,高橋,2024-05-15,5320
3033,威健,19,6,13,高橋,2024-05-15,5320
2399,映泰,15,3,12,高橋,2024-05-15,5320
00639,富邦深100,12,0,12,高橋,2024-05-15,5320
00929,復華台灣科技優息,235,64,171,高橋,2024-05-16,5320
00671R,富邦NASDAQ反1,147,0,147,高橋,2024-05-16,5320
2867,三商壽,172,37,135,高橋,2024-05-16,5320
9955,佳龍,109,6,103,高橋,2024-05-16,5320
2356,英業達,119,23,96,高橋,2024-05-16,5320
3231,緯創,85,8,77,高橋,2024-05-16,5320
2301,光寶科,79,4,75,高橋,2024-05-16,5320
2382,廣達,81,24,57,高橋,2024-05-16,5320
2208,台船,51,2,49,高橋,2024-05-16,5320
2408,南亞科,44,2,42,高橋,2024-05-16,5320
00632R,元大台灣50反1,88,46,42,高橋,2024-05-16,5320
00946,群益科技高息成長,41,6,35,高橋,2024-05-16,5320
3363,上詮,56,24,32,高橋,2024-05-16,5320
5706,鳳凰,31,4,27,高橋,2024-05-16,5320
1603,華電,27,0,27,高橋,2024-05-16,5320
2314,台揚,27,0,27,高橋,2024-05-16,5320
1419,新紡,24,0,24,高橋,2024-05-16,5320
2464,盟立,33,10,23,高橋,2024-05-16,5320
2101,南港,25,3,22,高橋,2024-05-16,5320
3701,大眾控,20,0,20,高橋,2024-05-16,5320
6215,和椿,20,1,19,高橋,2024-05-16,5320
8358,金居,50,32,18,高橋,2024-05-16,5320
8070,長華*,23,5,18,高橋,2024-05-16,5320
3030,德律,23,6,17,高橋,2024-05-16,5320
2352,佳世達,17,0,17,高橋,2024-05-16,5320
5469,瀚宇博,16,1,15,高橋,2024-05-16,5320
3305,昇貿,18,3,15,高橋,2024-05-16,5320
3260,威剛,79,64,15,高橋,2024-05-16,5320
3163,波若威,18,4,14,高橋,2024-05-16,5320
2613,中櫃,14,0,14,高橋,2024-05-16,5320
6147,頎邦,21,8,13,高橋,2024-05-16,5320
00752,中信中國50,15,2,13,高橋,2024-05-16,5320
00669R,國泰美國道瓊反1,13,0,13,高橋,2024-05-16,5320
6120,達運,26,13,13,高橋,2024-05-16,5320
2204,中華,13,0,13,高橋,2024-05-16,5320
2023,燁輝,12,0,12,高橋,2024-05-16,5320
00941,中信上游半導體,15,3,12,高橋,2024-05-16,5320
2482,連宇,13,2,11,高橋,2024-05-16,5320
2009,第一銅,24,13,11,高橋,2024-05-16,5320
6152,百一,29,18,11,高橋,2024-05-16,5320
5531,鄉林,17,6,11,高橋,2024-05-16,5320
2317,鴻海,71,61,10,高橋,2024-05-16,5320
5381,合正,10,0,10,高橋,2024-05-16,5320
1522,堤維西,13,3,10,高橋,2024-05-16,5320
5608,四維航,21,11,10,高橋,2024-05-16,5320
3707,漢磊,10,0,10,高橋,2024-05-16,5320
6419,京晨科,10,0,10,高橋,2024-05-16,5320
4754,國碳科,10,0,10,高橋,2024-05-16,5320
2006,東和鋼鐵,10,0,10,高橋,2024-05-16,5320
3322,建舜電,10,0,10,高橋,2024-05-16,5320
00929,復華台灣科技優息,436,2,434,高橋,2024-05-17,5320
2882,國泰金,226,37,189,高橋,2024-05-17,5320
00632R,元大台灣50反1,220,66,154,高橋,2024-05-17,5320
5392,能率,159,36,123,高橋,2024-05-17,5320
2489,瑞軒,101,18,83,高橋,2024-05-17,5320
2408,南亞科,85,5,80,高橋,2024-05-17,5320
3047,訊舟,133,58,75,高橋,2024-05-17,5320
00688L,國泰20年美債正2,71,1,70,高橋,2024-05-17,5320
00706L,期元大S＆P日圓正2,60,0,60,高橋,2024-05-17,5320
00940,元大台灣價值高息,143,84,59,高橋,2024-05-17,5320
2356,英業達,101,44,57,高橋,2024-05-17,5320
2867,三商壽,183,130,53,高橋,2024-05-17,5320
2349,錸德,62,10,52,高橋,2024-05-17,5320
6770,力積電,70,20,50,高橋,2024-05-17,5320
8071,能率網通,60,10,50,高橋,2024-05-17,5320
2317,鴻海,62,14,48,高橋,2024-05-17,5320
3481,群創,50,4,46,高橋,2024-05-17,5320
2606,裕民,46,0,46,高橋,2024-05-17,5320
1714,和桐,50,12,38,高橋,2024-05-17,5320
2743,山富,35,4,31,高橋,2024-05-17,5320
6182,合晶,28,0,28,高橋,2024-05-17,5320
2374,佳能,64,37,27,高橋,2024-05-17,5320
3360,尚立,26,1,25,高橋,2024-05-17,5320
2002,中鋼,32,7,25,高橋,2024-05-17,5320
00878,國泰永續高股息,115,91,24,高橋,2024-05-17,5320
5469,瀚宇博,22,0,22,高橋,2024-05-17,5320
9904,寶成,22,1,21,高橋,2024-05-17,5320
00918,大華優利高填息30,22,1,21,高橋,2024-05-17,5320
912000,晨訊科-DR,23,2,21,高橋,2024-05-17,5320
00946,群益科技高息成長,21,0,21,高橋,2024-05-17,5320
6126,信音,21,0,21,高橋,2024-05-17,5320
2409,友達,23,2,21,高橋,2024-05-17,5320
1806,冠軍,20,0,20,高橋,2024-05-17,5320
3231,緯創,27,9,18,高橋,2024-05-17,5320
1446,宏和,18,0,18,高橋,2024-05-17,5320
2365,昆盈,18,1,17,高橋,2024-05-17,5320
3264,欣銓,17,0,17,高橋,2024-05-17,5320
3673,TPK-KY,17,0,17,高橋,2024-05-17,5320
2009,第一銅,18,2,16,高橋,2024-05-17,5320
6120,達運,16,0,16,高橋,2024-05-17,5320
2834,臺企銀,19,3,16,高橋,2024-05-17,5320
6152,百一,16,0,16,高橋,2024-05-17,5320
9945,潤泰新,29,14,15,高橋,2024-05-17,5320
1402,遠東新,15,0,15,高橋,2024-05-17,5320
4716,大立,15,0,15,高橋,2024-05-17,5320
1301,台塑,15,0,15,高橋,2024-05-17,5320
8069,元太,14,0,14,高橋,2024-05-17,5320
6462,神盾,23,10,13,高橋,2024-05-17,5320
1524,耿鼎,14,1,13,高橋,2024-05-17,5320
2417,圓剛,24,11,13,高橋,2024-05-17,5320
00679B,元大美債20年,117,0,117,高橋,2024-05-20,5320
00632R,元大台灣50反1,128,18,110,高橋,2024-05-20,5320
9105,泰金寶-DR,107,10,97,高橋,2024-05-20,5320
00929,復華台灣科技優息,182,85,97,高橋,2024-05-20,5320
2867,三商壽,133,40,93,高橋,2024-05-20,5320
2883,凱基金,95,4,91,高橋,2024-05-20,5320
00665L,富邦�琤肭磪囓�2,80,1,79,高橋,2024-05-20,5320
3231,緯創,63,2,61,高橋,2024-05-20,5320
6161,捷波,63,5,58,高橋,2024-05-20,5320
00937B,群益ESG投等債20,60,2,58,高橋,2024-05-20,5320
2367,燿華,155,104,51,高橋,2024-05-20,5320
4561,健椿,54,4,50,高橋,2024-05-20,5320
2516,新建,48,0,48,高橋,2024-05-20,5320
3060,銘異,77,30,47,高橋,2024-05-20,5320
2317,鴻海,64,24,40,高橋,2024-05-20,5320
00882,中信中國高股息,50,11,39,高橋,2024-05-20,5320
3033,威健,36,1,35,高橋,2024-05-20,5320
2359,所羅門,84,49,35,高橋,2024-05-20,5320
6770,力積電,43,11,32,高橋,2024-05-20,5320
2371,大同,54,24,30,高橋,2024-05-20,5320
6116,彩晶,30,0,30,高橋,2024-05-20,5320
2890,永豐金,50,21,29,高橋,2024-05-20,5320
5009,榮剛,31,3,28,高橋,2024-05-20,5320
2834,臺企銀,42,14,28,高橋,2024-05-20,5320
9955,佳龍,32,5,27,高橋,2024-05-20,5320
8028,昇陽半導體,42,18,24,高橋,2024-05-20,5320
00918,大華優利高填息30,24,0,24,高橋,2024-05-20,5320
3701,大眾控,21,0,21,高橋,2024-05-20,5320
2204,中華,22,2,20,高橋,2024-05-20,5320
5498,凱崴,20,0,20,高橋,2024-05-20,5320
3189,景碩,20,0,20,高橋,2024-05-20,5320
1711,永光,20,0,20,高橋,2024-05-20,5320
2467,志聖,28,9,19,高橋,2024-05-20,5320
2610,華航,179,162,17,高橋,2024-05-20,5320
00932,兆豐永續高息等權,16,0,16,高橋,2024-05-20,5320
4543,萬在,19,3,16,高橋,2024-05-20,5320
9912,偉聯,16,0,16,高橋,2024-05-20,5320
2353,宏��,22,6,16,高橋,2024-05-20,5320
2520,冠德,21,6,15,高橋,2024-05-20,5320
2882,國泰金,17,2,15,高橋,2024-05-20,5320
2486,一詮,19,4,15,高橋,2024-05-20,5320
2324,仁寶,21,6,15,高橋,2024-05-20,5320
2603,長榮,40,26,14,高橋,2024-05-20,5320
1504,東元,13,0,13,高橋,2024-05-20,5320
2206,三陽工業,21,8,13,高橋,2024-05-20,5320
00680L,元大美債20正2,13,0,13,高橋,2024-05-20,5320
3055,蔚華科,13,0,13,高橋,2024-05-20,5320
1714,和桐,23,10,13,高橋,2024-05-20,5320
00687B,國泰20年美債,12,0,12,高橋,2024-05-20,5320
3363,上詮,22,10,12,高橋,2024-05-20,5320
3481,群創,114,1,113,高橋,2024-05-21,5320
2897,王道銀行,107,0,107,高橋,2024-05-21,5320
00929,復華台灣科技優息,121,15,106,高橋,2024-05-21,5320
2610,華航,160,72,88,高橋,2024-05-21,5320
00753L,中信中國50正2,77,0,77,高橋,2024-05-21,5320
8034,榮群,75,0,75,高橋,2024-05-21,5320
1303,南亞,70,0,70,高橋,2024-05-21,5320
2618,長榮航,126,60,66,高橋,2024-05-21,5320
00665L,富邦�琤肭磪囓�2,62,0,62,高橋,2024-05-21,5320
00857B,永豐20年美公債,60,0,60,高橋,2024-05-21,5320
2208,台船,60,8,52,高橋,2024-05-21,5320
2883,凱基金,47,1,46,高橋,2024-05-21,5320
3322,建舜電,45,0,45,高橋,2024-05-21,5320
00919,群益台灣精選高息,55,10,45,高橋,2024-05-21,5320
00944,野村趨勢動能高息,43,0,43,高橋,2024-05-21,5320
2367,燿華,187,144,43,高橋,2024-05-21,5320
00706L,期元大S＆P日圓正2,42,0,42,高橋,2024-05-21,5320
00878,國泰永續高股息,46,9,37,高橋,2024-05-21,5320
3033,威健,106,69,37,高橋,2024-05-21,5320
00915,凱基優選高股息30,35,0,35,高橋,2024-05-21,5320
2834,臺企銀,27,0,27,高橋,2024-05-21,5320
8064,東捷,32,7,25,高橋,2024-05-21,5320
1301,台塑,25,0,25,高橋,2024-05-21,5320
2317,鴻海,37,12,25,高橋,2024-05-21,5320
2355,敬鵬,29,5,24,高橋,2024-05-21,5320
2409,友達,24,1,23,高橋,2024-05-21,5320
2489,瑞軒,57,34,23,高橋,2024-05-21,5320
2867,三商壽,177,154,23,高橋,2024-05-21,5320
2634,漢翔,24,2,22,高橋,2024-05-21,5320
9955,佳龍,20,0,20,高橋,2024-05-21,5320
00715L,期街口布蘭特正2,20,0,20,高橋,2024-05-21,5320
6505,台塑化,20,0,20,高橋,2024-05-21,5320
2537,聯上發,20,0,20,高橋,2024-05-21,5320
911608,明輝-DR,20,0,20,高橋,2024-05-21,5320
2331,精英,21,2,19,高橋,2024-05-21,5320
00650L,復華香港正2,18,0,18,高橋,2024-05-21,5320
3605,宏致,22,5,17,高橋,2024-05-21,5320
4909,新復興,17,0,17,高橋,2024-05-21,5320
2401,凌陽,22,5,17,高橋,2024-05-21,5320
1504,東元,17,0,17,高橋,2024-05-21,5320
2204,中華,17,1,16,高橋,2024-05-21,5320
8033,雷虎,17,1,16,高橋,2024-05-21,5320
2515,中工,16,0,16,高橋,2024-05-21,5320
8933,愛地雅,15,0,15,高橋,2024-05-21,5320
1611,中電,15,0,15,高橋,2024-05-21,5320
8358,金居,40,26,14,高橋,2024-05-21,5320
2542,興富發,14,0,14,高橋,2024-05-21,5320
2392,正崴,20,6,14,高橋,2024-05-21,5320
00713,元大台灣高息低波,14,0,14,高橋,2024-05-21,5320
2890,永豐金,13,0,13,高橋,2024-05-21,5320
2618,長榮航,264,44,220,高橋,2024-05-22,5320
2610,華航,262,71,191,高橋,2024-05-22,5320
00632R,元大台灣50反1,354,237,117,高橋,2024-05-22,5320
6116,彩晶,104,7,97,高橋,2024-05-22,5320
2537,聯上發,60,5,55,高橋,2024-05-22,5320
3047,訊舟,75,23,52,高橋,2024-05-22,5320
2514,龍邦,52,0,52,高橋,2024-05-22,5320
1303,南亞,57,5,52,高橋,2024-05-22,5320
2354,鴻準,55,13,42,高橋,2024-05-22,5320
4543,萬在,69,27,42,高橋,2024-05-22,5320
2312,金寶,57,16,41,高橋,2024-05-22,5320
2002,中鋼,50,10,40,高橋,2024-05-22,5320
3537,堡達,42,3,39,高橋,2024-05-22,5320
1516,川飛,42,6,36,高橋,2024-05-22,5320
3013,晟銘電,53,20,33,高橋,2024-05-22,5320
2515,中工,32,1,31,高橋,2024-05-22,5320
2317,鴻海,45,15,30,高橋,2024-05-22,5320
5478,智冠,30,0,30,高橋,2024-05-22,5320
6207,雷科,31,2,29,高橋,2024-05-22,5320
2884,玉山金,34,7,27,高橋,2024-05-22,5320
3673,TPK-KY,27,0,27,高橋,2024-05-22,5320
00937B,群益ESG投等債20,27,0,27,高橋,2024-05-22,5320
4533,協易機,50,25,25,高橋,2024-05-22,5320
4714,永捷,26,1,25,高橋,2024-05-22,5320
2603,長榮,52,28,24,高橋,2024-05-22,5320
2314,台揚,30,7,23,高橋,2024-05-22,5320
2369,菱生,27,5,22,高橋,2024-05-22,5320
3060,銘異,42,22,20,高橋,2024-05-22,5320
2414,精技,20,0,20,高橋,2024-05-22,5320
5512,力麒,20,0,20,高橋,2024-05-22,5320
6188,廣明,59,40,19,高橋,2024-05-22,5320
00930,永豐ESG低碳高息,20,1,19,高橋,2024-05-22,5320
1612,宏泰,19,1,18,高橋,2024-05-22,5320
2331,精英,22,4,18,高橋,2024-05-22,5320
3059,華晶科,39,22,17,高橋,2024-05-22,5320
3380,明泰,17,0,17,高橋,2024-05-22,5320
2355,敬鵬,16,0,16,高橋,2024-05-22,5320
3338,泰碩,28,12,16,高橋,2024-05-22,5320
2886,兆豐金,15,0,15,高橋,2024-05-22,5320
5515,建國,15,0,15,高橋,2024-05-22,5320
00664R,國泰臺灣加權反1,15,0,15,高橋,2024-05-22,5320
9945,潤泰新,32,17,15,高橋,2024-05-22,5320
2489,瑞軒,17,2,15,高橋,2024-05-22,5320
2374,佳能,49,34,15,高橋,2024-05-22,5320
2329,華泰,18,4,14,高橋,2024-05-22,5320
2438,翔耀,14,0,14,高橋,2024-05-22,5320
2464,盟立,42,29,13,高橋,2024-05-22,5320
00676R,富邦臺灣加權反1,13,0,13,高橋,2024-05-22,5320
8110,華東,30,17,13,高橋,2024-05-22,5320
4306,炎洲,13,0,13,高橋,2024-05-22,5320
2618,長榮航,176,70,106,高橋,2024-05-23,5320
00937B,群益ESG投等債20,84,10,74,高橋,2024-05-23,5320
00936,台新永續高息中小,66,0,66,高橋,2024-05-23,5320
2324,仁寶,117,53,64,高橋,2024-05-23,5320
4532,瑞智,102,43,59,高橋,2024-05-23,5320
00632R,元大台灣50反1,70,14,56,高橋,2024-05-23,5320
00882,中信中國高股息,85,31,54,高橋,2024-05-23,5320
00940,元大台灣價值高息,57,4,53,高橋,2024-05-23,5320
6147,頎邦,53,1,52,高橋,2024-05-23,5320
2002,中鋼,66,15,51,高橋,2024-05-23,5320
2356,英業達,58,16,42,高橋,2024-05-23,5320
5531,鄉林,43,2,41,高橋,2024-05-23,5320
3481,群創,66,27,39,高橋,2024-05-23,5320
2888,新光金,48,10,38,高橋,2024-05-23,5320
00753L,中信中國50正2,36,0,36,高橋,2024-05-23,5320
2610,華航,68,35,33,高橋,2024-05-23,5320
00946,群益科技高息成長,32,0,32,高橋,2024-05-23,5320
2354,鴻準,78,48,30,高橋,2024-05-23,5320
2371,大同,83,55,28,高橋,2024-05-23,5320
2613,中櫃,32,4,28,高橋,2024-05-23,5320
2101,南港,28,0,28,高橋,2024-05-23,5320
00878,國泰永續高股息,30,3,27,高橋,2024-05-23,5320
2882,國泰金,32,7,25,高橋,2024-05-23,5320
3260,威剛,24,0,24,高橋,2024-05-23,5320
3013,晟銘電,32,8,24,高橋,2024-05-23,5320
6209,今國光,39,16,23,高橋,2024-05-23,5320
1605,華新,27,5,22,高橋,2024-05-23,5320
2834,臺企銀,25,3,22,高橋,2024-05-23,5320
2331,精英,42,20,22,高橋,2024-05-23,5320
00665L,富邦�琤肭磪囓�2,22,0,22,高橋,2024-05-23,5320
4909,新復興,23,1,22,高橋,2024-05-23,5320
2367,燿華,80,58,22,高橋,2024-05-23,5320
3362,先進光,21,0,21,高橋,2024-05-23,5320
00919,群益台灣精選高息,41,20,21,高橋,2024-05-23,5320
4766,南寶,20,0,20,高橋,2024-05-23,5320
6579,研揚,20,0,20,高橋,2024-05-23,5320
5512,力麒,20,0,20,高橋,2024-05-23,5320
5371,中光電,26,6,20,高橋,2024-05-23,5320
2363,矽統,35,17,18,高橋,2024-05-23,5320
2314,台揚,18,0,18,高橋,2024-05-23,5320
00650L,復華香港正2,18,0,18,高橋,2024-05-23,5320
5871,中租-KY,17,0,17,高橋,2024-05-23,5320
3234,光環,22,5,17,高橋,2024-05-23,5320
2009,第一銅,40,23,17,高橋,2024-05-23,5320
6770,力積電,126,109,17,高橋,2024-05-23,5320
3047,訊舟,28,12,16,高橋,2024-05-23,5320
2312,金寶,23,8,15,高橋,2024-05-23,5320
2464,盟立,79,64,15,高橋,2024-05-23,5320
6005,群益證,15,0,15,高橋,2024-05-23,5320
00715L,期街口布蘭特正2,15,0,15,高橋,2024-05-23,5320
6275,元山,171,4,167,高橋,2024-05-24,5320
00687B,國泰20年美債,115,1,114,高橋,2024-05-24,5320
00712,復華富時不動產,118,5,113,高橋,2024-05-24,5320
2834,臺企銀,106,0,106,高橋,2024-05-24,5320
2883,凱基金,130,28,102,高橋,2024-05-24,5320
6679,鈺太,90,0,90,高橋,2024-05-24,5320
2867,三商壽,104,14,90,高橋,2024-05-24,5320
2610,華航,102,14,88,高橋,2024-05-24,5320
911608,明輝-DR,67,0,67,高橋,2024-05-24,5320
2365,昆盈,131,75,56,高橋,2024-05-24,5320
2303,聯電,124,68,56,高橋,2024-05-24,5320
00929,復華台灣科技優息,92,44,48,高橋,2024-05-24,5320
1101,台泥,49,2,47,高橋,2024-05-24,5320
6147,頎邦,43,0,43,高橋,2024-05-24,5320
3033,威健,89,49,40,高橋,2024-05-24,5320
2464,盟立,47,13,34,高橋,2024-05-24,5320
2486,一詮,86,53,33,高橋,2024-05-24,5320
1802,台玻,31,0,31,高橋,2024-05-24,5320
8096,擎亞,32,2,30,高橋,2024-05-24,5320
1301,台塑,45,15,30,高橋,2024-05-24,5320
00940,元大台灣價值高息,34,5,29,高橋,2024-05-24,5320
5498,凱崴,55,27,28,高橋,2024-05-24,5320
9904,寶成,47,20,27,高橋,2024-05-24,5320
00919,群益台灣精選高息,45,19,26,高橋,2024-05-24,5320
2461,光群雷,25,0,25,高橋,2024-05-24,5320
3362,先進光,25,0,25,高橋,2024-05-24,5320
1419,新紡,24,0,24,高橋,2024-05-24,5320
2002,中鋼,32,10,22,高橋,2024-05-24,5320
4967,十銓,31,9,22,高橋,2024-05-24,5320
2323,中環,25,3,22,高橋,2024-05-24,5320
6116,彩晶,21,0,21,高橋,2024-05-24,5320
5512,力麒,20,0,20,高橋,2024-05-24,5320
2634,漢翔,24,4,20,高橋,2024-05-24,5320
3322,建舜電,20,0,20,高橋,2024-05-24,5320
2836,高雄銀,20,0,20,高橋,2024-05-24,5320
8076,伍豐,20,0,20,高橋,2024-05-24,5320
4707,磐亞,20,2,18,高橋,2024-05-24,5320
2609,陽明,54,36,18,高橋,2024-05-24,5320
2061,風青,16,0,16,高橋,2024-05-24,5320
2618,長榮航,42,26,16,高橋,2024-05-24,5320
4743,合一,15,0,15,高橋,2024-05-24,5320
2886,兆豐金,15,0,15,高橋,2024-05-24,5320
6125,廣運,32,18,14,高橋,2024-05-24,5320
2406,國碩,13,0,13,高橋,2024-05-24,5320
2892,第一金,13,0,13,高橋,2024-05-24,5320
3380,明泰,41,29,12,高橋,2024-05-24,5320
2324,仁寶,44,32,12,高橋,2024-05-24,5320
2851,中再保,12,0,12,高橋,2024-05-24,5320
2330,台積電,13,1,12,高橋,2024-05-24,5320
2007,燁興,11,0,11,高橋,2024-05-24,5320
00665L,富邦�琤肭磪囓�2,641,20,621,高橋,2024-05-27,5320
00946,群益科技高息成長,149,5,144,高橋,2024-05-27,5320
9105,泰金寶-DR,130,15,115,高橋,2024-05-27,5320
00937B,群益ESG投等債20,109,0,109,高橋,2024-05-27,5320
1815,富喬,103,12,91,高橋,2024-05-27,5320
2489,瑞軒,193,103,90,高橋,2024-05-27,5320
00712,復華富時不動產,65,1,64,高橋,2024-05-27,5320
2367,燿華,82,20,62,高橋,2024-05-27,5320
2618,長榮航,60,3,57,高橋,2024-05-27,5320
3088,艾訊,54,3,51,高橋,2024-05-27,5320
00943,兆豐電子高息等權,50,1,49,高橋,2024-05-27,5320
5498,凱崴,88,43,45,高橋,2024-05-27,5320
6166,凌華,52,10,42,高橋,2024-05-27,5320
2363,矽統,116,74,42,高橋,2024-05-27,5320
3481,群創,116,78,38,高橋,2024-05-27,5320
1708,東鹼,37,0,37,高橋,2024-05-27,5320
6161,捷波,40,7,33,高橋,2024-05-27,5320
00930,永豐ESG低碳高息,30,0,30,高橋,2024-05-27,5320
4533,協易機,51,21,30,高橋,2024-05-27,5320
00632R,元大台灣50反1,50,22,28,高橋,2024-05-27,5320
6153,嘉聯益,28,1,27,高橋,2024-05-27,5320
2440,太空梭,27,0,27,高橋,2024-05-27,5320
6505,台塑化,25,0,25,高橋,2024-05-27,5320
1301,台塑,24,0,24,高橋,2024-05-27,5320
3605,宏致,25,3,22,高橋,2024-05-27,5320
1802,台玻,21,0,21,高橋,2024-05-27,5320
3047,訊舟,50,29,21,高橋,2024-05-27,5320
1314,中石化,20,0,20,高橋,2024-05-27,5320
1909,榮成,20,0,20,高橋,2024-05-27,5320
3294,英濟,20,0,20,高橋,2024-05-27,5320
6167,久正,30,10,20,高橋,2024-05-27,5320
2002,中鋼,35,15,20,高橋,2024-05-27,5320
5443,均豪,28,9,19,高橋,2024-05-27,5320
1471,首利,20,1,19,高橋,2024-05-27,5320
2615,萬海,52,33,19,高橋,2024-05-27,5320
6147,頎邦,23,5,18,高橋,2024-05-27,5320
6292,迅德,19,1,18,高橋,2024-05-27,5320
2634,漢翔,21,3,18,高橋,2024-05-27,5320
3537,堡達,20,3,17,高橋,2024-05-27,5320
2886,兆豐金,27,11,16,高橋,2024-05-27,5320
3234,光環,19,3,16,高橋,2024-05-27,5320
1608,華榮,17,2,15,高橋,2024-05-27,5320
6209,今國光,15,1,14,高橋,2024-05-27,5320
8112,至上,20,6,14,高橋,2024-05-27,5320
2834,臺企銀,14,0,14,高橋,2024-05-27,5320
2330,台積電,14,1,13,高橋,2024-05-27,5320
2352,佳世達,21,8,13,高橋,2024-05-27,5320
00679B,元大美債20年,18,5,13,高橋,2024-05-27,5320
6125,廣運,41,28,13,高橋,2024-05-27,5320
3231,緯創,40,28,12,高橋,2024-05-27,5320
00933B,國泰10Y+金融債,427,10,417,高橋,2024-05-28,5320
2354,鴻準,216,116,100,高橋,2024-05-28,5320
2514,龍邦,82,1,81,高橋,2024-05-28,5320
00937B,群益ESG投等債20,79,0,79,高橋,2024-05-28,5320
6167,久正,73,3,70,高橋,2024-05-28,5320
00712,復華富時不動產,68,0,68,高橋,2024-05-28,5320
2401,凌陽,118,52,66,高橋,2024-05-28,5320
2353,宏��,148,82,66,高橋,2024-05-28,5320
00929,復華台灣科技優息,91,28,63,高橋,2024-05-28,5320
2609,陽明,112,51,61,高橋,2024-05-28,5320
5302,太欣,60,0,60,高橋,2024-05-28,5320
2891,中信金,64,4,60,高橋,2024-05-28,5320
2867,三商壽,80,22,58,高橋,2024-05-28,5320
2363,矽統,113,58,55,高橋,2024-05-28,5320
00940,元大台灣價值高息,72,17,55,高橋,2024-05-28,5320
3088,艾訊,57,12,45,高橋,2024-05-28,5320
00946,群益科技高息成長,44,0,44,高橋,2024-05-28,5320
3202,樺晟,44,1,43,高橋,2024-05-28,5320
00795B,中信美國公債20年,40,2,38,高橋,2024-05-28,5320
3714,富采,51,14,37,高橋,2024-05-28,5320
2324,仁寶,52,16,36,高橋,2024-05-28,5320
2601,益航,38,3,35,高橋,2024-05-28,5320
6188,廣明,61,28,33,高橋,2024-05-28,5320
1312,國喬,30,0,30,高橋,2024-05-28,5320
3024,憶聲,31,1,30,高橋,2024-05-28,5320
2301,光寶科,42,12,30,高橋,2024-05-28,5320
00919,群益台灣精選高息,55,26,29,高橋,2024-05-28,5320
2486,一詮,39,11,28,高橋,2024-05-28,5320
2603,長榮,42,16,26,高橋,2024-05-28,5320
3027,盛達,30,4,26,高橋,2024-05-28,5320
2371,大同,38,12,26,高橋,2024-05-28,5320
2009,第一銅,31,5,26,高橋,2024-05-28,5320
3594,磐儀,37,12,25,高橋,2024-05-28,5320
2374,佳能,24,0,24,高橋,2024-05-28,5320
6530,創威,24,0,24,高橋,2024-05-28,5320
2615,萬海,32,8,24,高橋,2024-05-28,5320
4906,正文,33,9,24,高橋,2024-05-28,5320
2880,華南金,23,0,23,高橋,2024-05-28,5320
2634,漢翔,26,5,21,高橋,2024-05-28,5320
2208,台船,26,5,21,高橋,2024-05-28,5320
2836,高雄銀,20,0,20,高橋,2024-05-28,5320
2313,華通,20,1,19,高橋,2024-05-28,5320
8438,昶昕,19,0,19,高橋,2024-05-28,5320
4967,十銓,23,4,19,高橋,2024-05-28,5320
8201,無敵,17,0,17,高橋,2024-05-28,5320
2885,元大金,17,1,16,高橋,2024-05-28,5320
2453,凌群,19,3,16,高橋,2024-05-28,5320
1714,和桐,30,15,15,高橋,2024-05-28,5320
00664R,國泰臺灣加權反1,15,0,15,高橋,2024-05-28,5320
3545,敦泰,24,10,14,高橋,2024-05-28,5320
00937B,群益ESG投等債20,321,1,320,高橋,2024-05-29,5320
2353,宏��,219,56,163,高橋,2024-05-29,5320
00679B,元大美債20年,144,1,143,高橋,2024-05-29,5320
5608,四維航,153,10,143,高橋,2024-05-29,5320
2867,三商壽,114,0,114,高橋,2024-05-29,5320
2303,聯電,93,10,83,高橋,2024-05-29,5320
2610,華航,80,4,76,高橋,2024-05-29,5320
00919,群益台灣精選高息,87,12,75,高橋,2024-05-29,5320
2317,鴻海,100,25,75,高橋,2024-05-29,5320
00918,大華優利高填息30,74,0,74,高橋,2024-05-29,5320
3231,緯創,75,7,68,高橋,2024-05-29,5320
00753L,中信中國50正2,67,0,67,高橋,2024-05-29,5320
2002,中鋼,55,0,55,高橋,2024-05-29,5320
2609,陽明,83,32,51,高橋,2024-05-29,5320
8438,昶昕,50,0,50,高橋,2024-05-29,5320
00878,國泰永續高股息,60,14,46,高橋,2024-05-29,5320
00940,元大台灣價值高息,46,0,46,高橋,2024-05-29,5320
00688L,國泰20年美債正2,44,0,44,高橋,2024-05-29,5320
5353,台林,43,0,43,高橋,2024-05-29,5320
2344,華邦電,52,11,41,高橋,2024-05-29,5320
00946,群益科技高息成長,41,0,41,高橋,2024-05-29,5320
3481,群創,44,4,40,高橋,2024-05-29,5320
00720B,元大投資級公司債,40,0,40,高橋,2024-05-29,5320
2884,玉山金,37,0,37,高橋,2024-05-29,5320
3035,智原,38,1,37,高橋,2024-05-29,5320
2886,兆豐金,36,0,36,高橋,2024-05-29,5320
3049,精金,37,1,36,高橋,2024-05-29,5320
00933B,國泰10Y+金融債,35,0,35,高橋,2024-05-29,5320
00680L,元大美債20正2,35,0,35,高橋,2024-05-29,5320
2887,台新金,35,0,35,高橋,2024-05-29,5320
2363,矽統,52,19,33,高橋,2024-05-29,5320
2882,國泰金,35,2,33,高橋,2024-05-29,5320
9945,潤泰新,48,16,32,高橋,2024-05-29,5320
5478,智冠,32,0,32,高橋,2024-05-29,5320
1905,華紙,31,0,31,高橋,2024-05-29,5320
1101,台泥,30,0,30,高橋,2024-05-29,5320
2365,昆盈,60,30,30,高橋,2024-05-29,5320
00929,復華台灣科技優息,44,17,27,高橋,2024-05-29,5320
2601,益航,29,2,27,高橋,2024-05-29,5320
2834,臺企銀,27,0,27,高橋,2024-05-29,5320
2489,瑞軒,284,258,26,高橋,2024-05-29,5320
00687B,國泰20年美債,34,9,25,高橋,2024-05-29,5320
2892,第一金,25,0,25,高橋,2024-05-29,5320
8940,新天地,25,0,25,高橋,2024-05-29,5320
2634,漢翔,28,4,24,高橋,2024-05-29,5320
2606,裕民,34,10,24,高橋,2024-05-29,5320
2324,仁寶,36,13,23,高橋,2024-05-29,5320
5880,合庫金,22,0,22,高橋,2024-05-29,5320
9904,寶成,22,0,22,高橋,2024-05-29,5320
2495,普安,40,18,22,高橋,2024-05-29,5320
00940,元大台灣價值高息,639,8,631,高橋,2024-05-30,5320
00929,復華台灣科技優息,198,23,175,高橋,2024-05-30,5320
1711,永光,151,0,151,高橋,2024-05-30,5320
2834,臺企銀,87,1,86,高橋,2024-05-30,5320
1303,南亞,81,0,81,高橋,2024-05-30,5320
2892,第一金,72,0,72,高橋,2024-05-30,5320
2886,兆豐金,69,0,69,高橋,2024-05-30,5320
00687B,國泰20年美債,69,4,65,高橋,2024-05-30,5320
2609,陽明,73,17,56,高橋,2024-05-30,5320
00937B,群益ESG投等債20,55,0,55,高橋,2024-05-30,5320
1815,富喬,133,79,54,高橋,2024-05-30,5320
2888,新光金,65,11,54,高橋,2024-05-30,5320
2353,宏��,66,14,52,高橋,2024-05-30,5320
00679B,元大美債20年,50,0,50,高橋,2024-05-30,5320
4533,協易機,63,19,44,高橋,2024-05-30,5320
2324,仁寶,47,5,42,高橋,2024-05-30,5320
2344,華邦電,46,6,40,高橋,2024-05-30,5320
2610,華航,52,16,36,高橋,2024-05-30,5320
00753L,中信中國50正2,36,0,36,高橋,2024-05-30,5320
3231,緯創,47,12,35,高橋,2024-05-30,5320
2405,輔信,52,17,35,高橋,2024-05-30,5320
4906,正文,47,13,34,高橋,2024-05-30,5320
3055,蔚華科,41,7,34,高橋,2024-05-30,5320
2002,中鋼,36,2,34,高橋,2024-05-30,5320
8054,安國,50,18,32,高橋,2024-05-30,5320
3202,樺晟,41,10,31,高橋,2024-05-30,5320
2331,精英,34,4,30,高橋,2024-05-30,5320
2313,華通,30,0,30,高橋,2024-05-30,5320
2897,王道銀行,30,0,30,高橋,2024-05-30,5320
00712,復華富時不動產,30,0,30,高橋,2024-05-30,5320
4157,太景*-KY,30,1,29,高橋,2024-05-30,5320
5493,三聯,31,3,28,高橋,2024-05-30,5320
2208,台船,38,10,28,高橋,2024-05-30,5320
3312,弘憶股,47,19,28,高橋,2024-05-30,5320
2354,鴻準,67,40,27,高橋,2024-05-30,5320
2369,菱生,31,4,27,高橋,2024-05-30,5320
2330,台積電,30,3,27,高橋,2024-05-30,5320
5426,振發,26,0,26,高橋,2024-05-30,5320
2363,矽統,43,18,25,高橋,2024-05-30,5320
3041,揚智,25,0,25,高橋,2024-05-30,5320
3013,晟銘電,33,8,25,高橋,2024-05-30,5320
3049,精金,30,6,24,高橋,2024-05-30,5320
2880,華南金,23,0,23,高橋,2024-05-30,5320
4420,光明,24,2,22,高橋,2024-05-30,5320
5244,弘凱,22,0,22,高橋,2024-05-30,5320
2887,台新金,22,1,21,高橋,2024-05-30,5320
6167,久正,21,0,21,高橋,2024-05-30,5320
2501,國建,24,3,21,高橋,2024-05-30,5320
2707,晶華,21,0,21,高橋,2024-05-30,5320
00795B,中信美國公債20年,21,0,21,高橋,2024-05-30,5320
00940,元大台灣價值高息,552,10,542,高橋,2024-05-31,5320
2609,陽明,491,133,358,高橋,2024-05-31,5320
2610,華航,248,16,232,高橋,2024-05-31,5320
00687B,國泰20年美債,182,0,182,高橋,2024-05-31,5320
2002,中鋼,152,0,152,高橋,2024-05-31,5320
2344,華邦電,153,1,152,高橋,2024-05-31,5320
1802,台玻,197,48,149,高橋,2024-05-31,5320
00929,復華台灣科技優息,123,7,116,高橋,2024-05-31,5320
5608,四維航,115,7,108,高橋,2024-05-31,5320
8107,大億金茂,102,1,101,高橋,2024-05-31,5320
2102,泰豐,80,4,76,高橋,2024-05-31,5320
2317,鴻海,117,43,74,高橋,2024-05-31,5320
2353,宏��,92,21,71,高橋,2024-05-31,5320
00946,群益科技高息成長,67,0,67,高橋,2024-05-31,5320
2401,凌陽,69,8,61,高橋,2024-05-31,5320
2885,元大金,59,5,54,高橋,2024-05-31,5320
00712,復華富時不動產,50,4,46,高橋,2024-05-31,5320
2405,輔信,49,3,46,高橋,2024-05-31,5320
3231,緯創,56,15,41,高橋,2024-05-31,5320
2324,仁寶,45,7,38,高橋,2024-05-31,5320
2489,瑞軒,104,66,38,高橋,2024-05-31,5320
2352,佳世達,38,2,36,高橋,2024-05-31,5320
2208,台船,37,3,34,高橋,2024-05-31,5320
2399,映泰,32,0,32,高橋,2024-05-31,5320
2611,志信,33,2,31,高橋,2024-05-31,5320
2382,廣達,36,5,31,高橋,2024-05-31,5320
6170,統振,31,2,29,高橋,2024-05-31,5320
3481,群創,37,9,28,高橋,2024-05-31,5320
00679B,元大美債20年,31,4,27,高橋,2024-05-31,5320
2834,臺企銀,31,5,26,高橋,2024-05-31,5320
00918,大華優利高填息30,26,0,26,高橋,2024-05-31,5320
2356,英業達,37,13,24,高橋,2024-05-31,5320
2328,廣宇,48,26,22,高橋,2024-05-31,5320
2301,光寶科,37,17,20,高橋,2024-05-31,5320
1102,亞泥,20,0,20,高橋,2024-05-31,5320
2409,友達,28,9,19,高橋,2024-05-31,5320
6152,百一,18,0,18,高橋,2024-05-31,5320
2367,燿華,59,41,18,高橋,2024-05-31,5320
2514,龍邦,18,1,17,高橋,2024-05-31,5320
00715L,期街口布蘭特正2,17,0,17,高橋,2024-05-31,5320
6770,力積電,16,0,16,高橋,2024-05-31,5320
3702,大聯大,17,1,16,高橋,2024-05-31,5320
2615,萬海,27,12,15,高橋,2024-05-31,5320
6290,良維,17,2,15,高橋,2024-05-31,5320
2886,兆豐金,14,0,14,高橋,2024-05-31,5320
2369,菱生,27,13,14,高橋,2024-05-31,5320
1316,上曜,15,1,14,高橋,2024-05-31,5320
2323,中環,18,5,13,高橋,2024-05-31,5320
6695,芯鼎,45,32,13,高橋,2024-05-31,5320
3372,典範,14,1,13,高橋,2024-05-31,5320
2369,菱生,157,5,152,高橋,2024-06-03,5320
00730,富邦臺灣優質高息,148,0,148,高橋,2024-06-03,5320
00919,群益台灣精選高息,152,16,136,高橋,2024-06-03,5320
3088,艾訊,138,26,112,高橋,2024-06-03,5320
2880,華南金,94,0,94,高橋,2024-06-03,5320
00929,復華台灣科技優息,96,12,84,高橋,2024-06-03,5320
2618,長榮航,92,10,82,高橋,2024-06-03,5320
2354,鴻準,109,39,70,高橋,2024-06-03,5320
2609,陽明,226,162,64,高橋,2024-06-03,5320
00918,大華優利高填息30,58,3,55,高橋,2024-06-03,5320
00712,復華富時不動產,60,7,53,高橋,2024-06-03,5320
1102,亞泥,53,1,52,高橋,2024-06-03,5320
6547,高端疫苗,50,0,50,高橋,2024-06-03,5320
2303,聯電,64,14,50,高橋,2024-06-03,5320
2367,燿華,79,32,47,高橋,2024-06-03,5320
2353,宏��,82,38,44,高橋,2024-06-03,5320
2313,華通,42,1,41,高橋,2024-06-03,5320
6170,統振,46,6,40,高橋,2024-06-03,5320
2889,國票金,40,0,40,高橋,2024-06-03,5320
00715L,期街口布蘭特正2,35,0,35,高橋,2024-06-03,5320
2489,瑞軒,43,8,35,高橋,2024-06-03,5320
00946,群益科技高息成長,35,0,35,高橋,2024-06-03,5320
1608,華榮,38,4,34,高橋,2024-06-03,5320
5498,凱崴,33,0,33,高橋,2024-06-03,5320
6698,旭暉應材,31,0,31,高橋,2024-06-03,5320
2885,元大金,32,2,30,高橋,2024-06-03,5320
2890,永豐金,30,0,30,高橋,2024-06-03,5320
2834,臺企銀,31,1,30,高橋,2024-06-03,5320
00882,中信中國高股息,40,11,29,高橋,2024-06-03,5320
4533,協易機,61,33,28,高橋,2024-06-03,5320
2610,華航,77,51,26,高橋,2024-06-03,5320
2355,敬鵬,36,12,24,高橋,2024-06-03,5320
2328,廣宇,48,24,24,高橋,2024-06-03,5320
00632R,元大台灣50反1,53,30,23,高橋,2024-06-03,5320
2344,華邦電,24,1,23,高橋,2024-06-03,5320
8064,東捷,25,2,23,高橋,2024-06-03,5320
2867,三商壽,27,5,22,高橋,2024-06-03,5320
1909,榮成,22,0,22,高橋,2024-06-03,5320
00937B,群益ESG投等債20,77,56,21,高橋,2024-06-03,5320
5880,合庫金,32,11,21,高橋,2024-06-03,5320
4154,樂威科-KY,20,0,20,高橋,2024-06-03,5320
2481,強茂,30,10,20,高橋,2024-06-03,5320
6167,久正,20,1,19,高橋,2024-06-03,5320
1303,南亞,19,0,19,高橋,2024-06-03,5320
2615,萬海,52,34,18,高橋,2024-06-03,5320
3537,堡達,21,5,16,高橋,2024-06-03,5320
2377,微星,18,3,15,高橋,2024-06-03,5320
3002,歐格,15,0,15,高橋,2024-06-03,5320
2002,中鋼,16,2,14,高橋,2024-06-03,5320
8028,昇陽半導體,16,2,14,高橋,2024-06-03,5320
2344,華邦電,278,5,273,高橋,2024-06-04,5320
2880,華南金,252,0,252,高橋,2024-06-04,5320
2888,新光金,217,45,172,高橋,2024-06-04,5320
00919,群益台灣精選高息,168,0,168,高橋,2024-06-04,5320
00918,大華優利高填息30,154,0,154,高橋,2024-06-04,5320
1305,華夏,153,0,153,高橋,2024-06-04,5320
00929,復華台灣科技優息,160,14,146,高橋,2024-06-04,5320
2317,鴻海,125,13,112,高橋,2024-06-04,5320
2312,金寶,175,64,111,高橋,2024-06-04,5320
2331,精英,155,47,108,高橋,2024-06-04,5320
1522,堤維西,113,5,108,高橋,2024-06-04,5320
00857B,永豐20年美公債,100,0,100,高橋,2024-06-04,5320
2324,仁寶,110,10,100,高橋,2024-06-04,5320
00882,中信中國高股息,125,30,95,高橋,2024-06-04,5320
00936,台新永續高息中小,94,1,93,高橋,2024-06-04,5320
00632R,元大台灣50反1,100,38,62,高橋,2024-06-04,5320
3481,群創,69,9,60,高橋,2024-06-04,5320
00878,國泰永續高股息,69,10,59,高橋,2024-06-04,5320
6125,廣運,91,34,57,高橋,2024-06-04,5320
2834,臺企銀,53,0,53,高橋,2024-06-04,5320
2303,聯電,61,9,52,高橋,2024-06-04,5320
00715L,期街口布蘭特正2,51,0,51,高橋,2024-06-04,5320
3260,威剛,53,2,51,高橋,2024-06-04,5320
2618,長榮航,52,2,50,高橋,2024-06-04,5320
2354,鴻準,69,20,49,高橋,2024-06-04,5320
3356,奇偶,53,8,45,高橋,2024-06-04,5320
2002,中鋼,53,11,42,高橋,2024-06-04,5320
00713,元大台灣高息低波,41,3,38,高橋,2024-06-04,5320
5243,乙盛-KY,37,0,37,高橋,2024-06-04,5320
1909,榮成,37,0,37,高橋,2024-06-04,5320
2353,宏��,97,63,34,高橋,2024-06-04,5320
2890,永豐金,31,0,31,高橋,2024-06-04,5320
5534,長虹,30,0,30,高橋,2024-06-04,5320
2367,燿華,58,29,29,高橋,2024-06-04,5320
8358,金居,46,17,29,高橋,2024-06-04,5320
2409,友達,33,5,28,高橋,2024-06-04,5320
2537,聯上發,70,43,27,高橋,2024-06-04,5320
8096,擎亞,31,4,27,高橋,2024-06-04,5320
2382,廣達,30,4,26,高橋,2024-06-04,5320
00642U,期元大S＆P石油,25,0,25,高橋,2024-06-04,5320
4938,和碩,26,1,25,高橋,2024-06-04,5320
4967,十銓,54,30,24,高橋,2024-06-04,5320
8070,長華*,27,3,24,高橋,2024-06-04,5320
6005,群益證,23,0,23,高橋,2024-06-04,5320
5340,建榮,26,3,23,高橋,2024-06-04,5320
6164,華興,21,0,21,高橋,2024-06-04,5320
6547,高端疫苗,21,0,21,高橋,2024-06-04,5320
3055,蔚華科,22,1,21,高橋,2024-06-04,5320
4154,樂威科-KY,20,0,20,高橋,2024-06-04,5320
2401,凌陽,22,3,19,高橋,2024-06-04,5320
00665L,富邦�琤肭磪囓�2,685,100,585,高橋,2024-06-05,5320
00936,台新永續高息中小,193,0,193,高橋,2024-06-05,5320
00929,復華台灣科技優息,103,12,91,高橋,2024-06-05,5320
6770,力積電,85,3,82,高橋,2024-06-05,5320
2303,聯電,103,23,80,高橋,2024-06-05,5320
2344,華邦電,79,1,78,高橋,2024-06-05,5320
2331,精英,71,6,65,高橋,2024-06-05,5320
2324,仁寶,57,6,51,高橋,2024-06-05,5320
1711,永光,50,0,50,高橋,2024-06-05,5320
5340,建榮,56,10,46,高橋,2024-06-05,5320
00919,群益台灣精選高息,61,23,38,高橋,2024-06-05,5320
2356,英業達,47,10,37,高橋,2024-06-05,5320
2888,新光金,40,4,36,高橋,2024-06-05,5320
2002,中鋼,30,1,29,高橋,2024-06-05,5320
2349,錸德,28,0,28,高橋,2024-06-05,5320
4534,慶騰,28,0,28,高橋,2024-06-05,5320
3481,群創,28,1,27,高橋,2024-06-05,5320
2601,益航,28,1,27,高橋,2024-06-05,5320
5498,凱崴,35,9,26,高橋,2024-06-05,5320
3231,緯創,39,14,25,高橋,2024-06-05,5320
1303,南亞,25,0,25,高橋,2024-06-05,5320
2313,華通,26,3,23,高橋,2024-06-05,5320
1445,大宇,23,0,23,高橋,2024-06-05,5320
00939,統一台灣高息動能,24,1,23,高橋,2024-06-05,5320
2367,燿華,46,24,22,高橋,2024-06-05,5320
2399,映泰,21,0,21,高橋,2024-06-05,5320
3013,晟銘電,24,3,21,高橋,2024-06-05,5320
3322,建舜電,21,0,21,高橋,2024-06-05,5320
2105,正新,31,11,20,高橋,2024-06-05,5320
2369,菱生,20,2,18,高橋,2024-06-05,5320
8112,至上,28,11,17,高橋,2024-06-05,5320
1605,華新,17,0,17,高橋,2024-06-05,5320
2867,三商壽,19,2,17,高橋,2024-06-05,5320
3060,銘異,17,0,17,高橋,2024-06-05,5320
1305,華夏,16,0,16,高橋,2024-06-05,5320
3055,蔚華科,23,7,16,高橋,2024-06-05,5320
6188,廣明,22,6,16,高橋,2024-06-05,5320
2009,第一銅,16,0,16,高橋,2024-06-05,5320
6757,台灣虎航,15,0,15,高橋,2024-06-05,5320
2633,台灣高鐵,15,0,15,高橋,2024-06-05,5320
2504,國產,16,1,15,高橋,2024-06-05,5320
3706,神達,18,3,15,高橋,2024-06-05,5320
6125,廣運,56,42,14,高橋,2024-06-05,5320
2375,凱美,15,1,14,高橋,2024-06-05,5320
3016,嘉晶,14,0,14,高橋,2024-06-05,5320
00715L,期街口布蘭特正2,14,0,14,高橋,2024-06-05,5320
00933B,國泰10Y+金融債,74,60,14,高橋,2024-06-05,5320
5381,合正,14,0,14,高橋,2024-06-05,5320
2498,宏達電,14,0,14,高橋,2024-06-05,5320
4566,時碩工業,21,7,14,高橋,2024-06-05,5320
00936,台新永續高息中小,353,10,343,高橋,2024-06-06,5320
00632R,元大台灣50反1,340,0,340,高橋,2024-06-06,5320
00671R,富邦NASDAQ反1,162,0,162,高橋,2024-06-06,5320
2208,台船,108,2,106,高橋,2024-06-06,5320
00933B,國泰10Y+金融債,92,10,82,高橋,2024-06-06,5320
2002,中鋼,68,4,64,高橋,2024-06-06,5320
00918,大華優利高填息30,62,0,62,高橋,2024-06-06,5320
00680L,元大美債20正2,110,49,61,高橋,2024-06-06,5320
4906,正文,70,9,61,高橋,2024-06-06,5320
1815,富喬,96,42,54,高橋,2024-06-06,5320
2427,三商電,66,13,53,高橋,2024-06-06,5320
6147,頎邦,52,0,52,高橋,2024-06-06,5320
3062,建漢,53,2,51,高橋,2024-06-06,5320
2353,宏��,86,39,47,高橋,2024-06-06,5320
1312,國喬,46,0,46,高橋,2024-06-06,5320
2323,中環,38,0,38,高橋,2024-06-06,5320
2401,凌陽,37,0,37,高橋,2024-06-06,5320
3231,緯創,47,13,34,高橋,2024-06-06,5320
2331,精英,45,11,34,高橋,2024-06-06,5320
00942B,台新美A公司債20+,33,0,33,高橋,2024-06-06,5320
2489,瑞軒,53,20,33,高橋,2024-06-06,5320
2442,新美齊,30,0,30,高橋,2024-06-06,5320
00712,復華富時不動產,111,81,30,高橋,2024-06-06,5320
5302,太欣,39,9,30,高橋,2024-06-06,5320
00937B,群益ESG投等債20,78,49,29,高橋,2024-06-06,5320
4562,穎漢,34,8,26,高橋,2024-06-06,5320
2328,廣宇,30,8,22,高橋,2024-06-06,5320
00941,中信上游半導體,24,2,22,高橋,2024-06-06,5320
00946,群益科技高息成長,24,3,21,高橋,2024-06-06,5320
1582,信錦,24,3,21,高橋,2024-06-06,5320
2356,英業達,24,4,20,高橋,2024-06-06,5320
2344,華邦電,21,1,20,高橋,2024-06-06,5320
1711,永光,20,0,20,高橋,2024-06-06,5320
8926,台汽電,20,1,19,高橋,2024-06-06,5320
2316,楠梓電,20,1,19,高橋,2024-06-06,5320
1313,聯成,18,0,18,高橋,2024-06-06,5320
6182,合晶,20,2,18,高橋,2024-06-06,5320
3202,樺晟,17,0,17,高橋,2024-06-06,5320
1314,中石化,18,1,17,高橋,2024-06-06,5320
2308,台達電,20,4,16,高橋,2024-06-06,5320
9945,潤泰新,17,1,16,高橋,2024-06-06,5320
2101,南港,17,1,16,高橋,2024-06-06,5320
2485,兆赫,15,0,15,高橋,2024-06-06,5320
3322,建舜電,14,0,14,高橋,2024-06-06,5320
2886,兆豐金,14,0,14,高橋,2024-06-06,5320
1402,遠東新,14,0,14,高橋,2024-06-06,5320
5009,榮剛,13,0,13,高橋,2024-06-06,5320
2464,盟立,26,13,13,高橋,2024-06-06,5320
2354,鴻準,63,51,12,高橋,2024-06-06,5320
9904,寶成,15,3,12,高橋,2024-06-06,5320
2887,台新金,217,0,217,高橋,2024-06-07,5320
2867,三商壽,143,6,137,高橋,2024-06-07,5320
00936,台新永續高息中小,141,5,136,高橋,2024-06-07,5320
00937B,群益ESG投等債20,118,15,103,高橋,2024-06-07,5320
3231,緯創,113,21,92,高橋,2024-06-07,5320
00671R,富邦NASDAQ反1,85,0,85,高橋,2024-06-07,5320
2312,金寶,99,20,79,高橋,2024-06-07,5320
2356,英業達,81,4,77,高橋,2024-06-07,5320
2888,新光金,123,66,57,高橋,2024-06-07,5320
2353,宏��,78,27,51,高橋,2024-06-07,5320
00650L,復華香港正2,50,0,50,高橋,2024-06-07,5320
00679B,元大美債20年,51,1,50,高橋,2024-06-07,5320
2002,中鋼,53,5,48,高橋,2024-06-07,5320
5302,太欣,85,44,41,高橋,2024-06-07,5320
2537,聯上發,60,21,39,高橋,2024-06-07,5320
2331,精英,46,13,33,高橋,2024-06-07,5320
2834,臺企銀,52,19,33,高橋,2024-06-07,5320
2330,台積電,35,5,30,高橋,2024-06-07,5320
00882,中信中國高股息,30,1,29,高橋,2024-06-07,5320
00753L,中信中國50正2,34,5,29,高橋,2024-06-07,5320
9105,泰金寶-DR,64,36,28,高橋,2024-06-07,5320
2489,瑞軒,31,3,28,高橋,2024-06-07,5320
4533,協易機,29,2,27,高橋,2024-06-07,5320
2354,鴻準,50,25,25,高橋,2024-06-07,5320
2634,漢翔,26,2,24,高橋,2024-06-07,5320
00929,復華台灣科技優息,106,83,23,高橋,2024-06-07,5320
00772B,中信高評級公司債,22,0,22,高橋,2024-06-07,5320
8033,雷虎,23,1,22,高橋,2024-06-07,5320
1303,南亞,21,0,21,高橋,2024-06-07,5320
8358,金居,27,6,21,高橋,2024-06-07,5320
00919,群益台灣精選高息,42,21,21,高橋,2024-06-07,5320
2324,仁寶,22,1,21,高橋,2024-06-07,5320
2316,楠梓電,21,1,20,高橋,2024-06-07,5320
2886,兆豐金,20,0,20,高橋,2024-06-07,5320
4909,新復興,28,10,18,高橋,2024-06-07,5320
4711,永純,18,0,18,高橋,2024-06-07,5320
911608,明輝-DR,33,15,18,高橋,2024-06-07,5320
2328,廣宇,22,6,16,高橋,2024-06-07,5320
2382,廣達,22,6,16,高橋,2024-06-07,5320
8028,昇陽半導體,16,1,15,高橋,2024-06-07,5320
1711,永光,15,0,15,高橋,2024-06-07,5320
2739,寒舍,16,1,15,高橋,2024-06-07,5320
3017,奇鋐,20,6,14,高橋,2024-06-07,5320
3048,益登,17,5,12,高橋,2024-06-07,5320
6155,鈞寶,12,0,12,高橋,2024-06-07,5320
2453,凌群,25,13,12,高橋,2024-06-07,5320
5531,鄉林,11,0,11,高橋,2024-06-07,5320
00895,富邦未來車,11,0,11,高橋,2024-06-07,5320
2613,中櫃,55,44,11,高橋,2024-06-07,5320
3532,台勝科,11,1,10,高橋,2024-06-07,5320
2002,中鋼,394,18,376,高橋,2024-06-11,5320
2609,陽明,388,111,277,高橋,2024-06-11,5320
3481,群創,247,41,206,高橋,2024-06-11,5320
00882,中信中國高股息,209,12,197,高橋,2024-06-11,5320
2867,三商壽,193,18,175,高橋,2024-06-11,5320
2888,新光金,201,62,139,高橋,2024-06-11,5320
00936,台新永續高息中小,139,3,136,高橋,2024-06-11,5320
00687B,國泰20年美債,131,27,104,高橋,2024-06-11,5320
2605,新興,101,3,98,高橋,2024-06-11,5320
00937B,群益ESG投等債20,139,50,89,高橋,2024-06-11,5320
00918,大華優利高填息30,86,0,86,高橋,2024-06-11,5320
00671R,富邦NASDAQ反1,78,0,78,高橋,2024-06-11,5320
00929,復華台灣科技優息,109,32,77,高橋,2024-06-11,5320
2615,萬海,120,46,74,高橋,2024-06-11,5320
6770,力積電,197,126,71,高橋,2024-06-11,5320
1815,富喬,80,11,69,高橋,2024-06-11,5320
2603,長榮,72,4,68,高橋,2024-06-11,5320
2515,中工,58,0,58,高橋,2024-06-11,5320
00940,元大台灣價值高息,93,50,43,高橋,2024-06-11,5320
3231,緯創,63,20,43,高橋,2024-06-11,5320
00688L,國泰20年美債正2,42,0,42,高橋,2024-06-11,5320
00919,群益台灣精選高息,61,20,41,高橋,2024-06-11,5320
2897,王道銀行,50,10,40,高橋,2024-06-11,5320
1313,聯成,40,0,40,高橋,2024-06-11,5320
1603,華電,44,5,39,高橋,2024-06-11,5320
2606,裕民,41,3,38,高橋,2024-06-11,5320
1514,亞力,59,24,35,高橋,2024-06-11,5320
2801,彰銀,35,0,35,高橋,2024-06-11,5320
4967,十銓,43,9,34,高橋,2024-06-11,5320
5531,鄉林,43,11,32,高橋,2024-06-11,5320
2408,南亞科,32,0,32,高橋,2024-06-11,5320
2312,金寶,49,17,32,高橋,2024-06-11,5320
00923,群益台ESG低碳50,31,0,31,高橋,2024-06-11,5320
2442,新美齊,30,0,30,高橋,2024-06-11,5320
1608,華榮,49,20,29,高橋,2024-06-11,5320
2641,正德,47,18,29,高橋,2024-06-11,5320
00679B,元大美債20年,30,2,28,高橋,2024-06-11,5320
00680L,元大美債20正2,26,0,26,高橋,2024-06-11,5320
4711,永純,25,0,25,高橋,2024-06-11,5320
6125,廣運,97,72,25,高橋,2024-06-11,5320
5534,長虹,23,0,23,高橋,2024-06-11,5320
6206,飛捷,24,1,23,高橋,2024-06-11,5320
2505,國揚,22,0,22,高橋,2024-06-11,5320
00931B,統一美債20年,22,0,22,高橋,2024-06-11,5320
6283,淳安,21,0,21,高橋,2024-06-11,5320
3213,茂訊,20,0,20,高橋,2024-06-11,5320
1522,堤維西,23,3,20,高橋,2024-06-11,5320
2887,台新金,30,10,20,高橋,2024-06-11,5320
1471,首利,25,5,20,高橋,2024-06-11,5320
1524,耿鼎,20,2,18,高橋,2024-06-11,5320
2883,凱基金,321,125,196,高橋,2024-06-12,5320
00948B,中信優息投資級債,127,0,127,高橋,2024-06-12,5320
3481,群創,112,2,110,高橋,2024-06-12,5320
00940,元大台灣價值高息,123,21,102,高橋,2024-06-12,5320
2208,台船,108,8,100,高橋,2024-06-12,5320
2408,南亞科,93,0,93,高橋,2024-06-12,5320
00918,大華優利高填息30,93,1,92,高橋,2024-06-12,5320
6770,力積電,101,37,64,高橋,2024-06-12,5320
8110,華東,52,0,52,高橋,2024-06-12,5320
00712,復華富時不動產,47,0,47,高橋,2024-06-12,5320
1570,力肯,50,7,43,高橋,2024-06-12,5320
3231,緯創,49,8,41,高橋,2024-06-12,5320
2442,新美齊,42,1,41,高橋,2024-06-12,5320
00942B,台新美A公司債20+,40,0,40,高橋,2024-06-12,5320
00919,群益台灣精選高息,45,7,38,高橋,2024-06-12,5320
00632R,元大台灣50反1,59,23,36,高橋,2024-06-12,5320
2353,宏��,40,4,36,高橋,2024-06-12,5320
1514,亞力,48,15,33,高橋,2024-06-12,5320
1101,台泥,35,2,33,高橋,2024-06-12,5320
2603,長榮,43,12,31,高橋,2024-06-12,5320
00753L,中信中國50正2,30,0,30,高橋,2024-06-12,5320
2887,台新金,29,0,29,高橋,2024-06-12,5320
2606,裕民,36,7,29,高橋,2024-06-12,5320
2344,華邦電,28,1,27,高橋,2024-06-12,5320
00687B,國泰20年美債,27,0,27,高橋,2024-06-12,5320
2377,微星,24,0,24,高橋,2024-06-12,5320
3047,訊舟,43,19,24,高橋,2024-06-12,5320
2002,中鋼,27,3,24,高橋,2024-06-12,5320
1326,台化,22,0,22,高橋,2024-06-12,5320
5243,乙盛-KY,23,1,22,高橋,2024-06-12,5320
5534,長虹,21,0,21,高橋,2024-06-12,5320
1301,台塑,20,0,20,高橋,2024-06-12,5320
1324,地球,20,0,20,高橋,2024-06-12,5320
00907,永豐優息存股,20,0,20,高橋,2024-06-12,5320
2486,一詮,21,3,18,高橋,2024-06-12,5320
00933B,國泰10Y+金融債,17,0,17,高橋,2024-06-12,5320
5498,凱崴,20,4,16,高橋,2024-06-12,5320
2355,敬鵬,15,0,15,高橋,2024-06-12,5320
00664R,國泰臺灣加權反1,15,0,15,高橋,2024-06-12,5320
2406,國碩,15,0,15,高橋,2024-06-12,5320
2449,京元電子,16,1,15,高橋,2024-06-12,5320
006208,富邦台50,15,1,14,高橋,2024-06-12,5320
00882,中信中國高股息,14,0,14,高橋,2024-06-12,5320
5608,四維航,15,1,14,高橋,2024-06-12,5320
1605,華新,14,0,14,高橋,2024-06-12,5320
3576,聯合再生,17,3,14,高橋,2024-06-12,5320
1718,中纖,15,2,13,高橋,2024-06-12,5320
6152,百一,28,15,13,高橋,2024-06-12,5320
911608,明輝-DR,13,0,13,高橋,2024-06-12,5320
2374,佳能,36,24,12,高橋,2024-06-12,5320
00946,群益科技高息成長,354,3,351,高橋,2024-06-13,5320
00940,元大台灣價值高息,218,82,136,高橋,2024-06-13,5320
2633,台灣高鐵,100,0,100,高橋,2024-06-13,5320
2888,新光金,109,16,93,高橋,2024-06-13,5320
00948B,中信優息投資級債,82,0,82,高橋,2024-06-13,5320
6190,萬泰科,82,3,79,高橋,2024-06-13,5320
2610,華航,89,15,74,高橋,2024-06-13,5320
2537,聯上發,92,22,70,高橋,2024-06-13,5320
1102,亞泥,70,2,68,高橋,2024-06-13,5320
8071,能率網通,78,11,67,高橋,2024-06-13,5320
00936,台新永續高息中小,148,82,66,高橋,2024-06-13,5320
00933B,國泰10Y+金融債,71,6,65,高橋,2024-06-13,5320
2401,凌陽,62,4,58,高橋,2024-06-13,5320
2359,所羅門,60,8,52,高橋,2024-06-13,5320
2014,中鴻,50,0,50,高橋,2024-06-13,5320
2365,昆盈,50,4,46,高橋,2024-06-13,5320
2887,台新金,44,4,40,高橋,2024-06-13,5320
3481,群創,46,15,31,高橋,2024-06-13,5320
2605,新興,32,2,30,高橋,2024-06-13,5320
00753L,中信中國50正2,30,0,30,高橋,2024-06-13,5320
4967,十銓,50,21,29,高橋,2024-06-13,5320
4906,正文,27,0,27,高橋,2024-06-13,5320
2002,中鋼,39,14,25,高橋,2024-06-13,5320
2809,京城銀,23,0,23,高橋,2024-06-13,5320
2617,台航,24,1,23,高橋,2024-06-13,5320
6152,百一,28,5,23,高橋,2024-06-13,5320
6695,芯鼎,22,0,22,高橋,2024-06-13,5320
8358,金居,23,1,22,高橋,2024-06-13,5320
2324,仁寶,25,3,22,高橋,2024-06-13,5320
4154,樂威科-KY,21,0,21,高橋,2024-06-13,5320
3024,憶聲,20,0,20,高橋,2024-06-13,5320
00664R,國泰臺灣加權反1,20,0,20,高橋,2024-06-13,5320
1815,富喬,47,28,19,高橋,2024-06-13,5320
6462,神盾,20,1,19,高橋,2024-06-13,5320
6533,晶心科,20,1,19,高橋,2024-06-13,5320
2323,中環,25,7,18,高橋,2024-06-13,5320
8064,東捷,20,2,18,高橋,2024-06-13,5320
3715,定穎投控,19,1,18,高橋,2024-06-13,5320
3707,漢磊,18,0,18,高橋,2024-06-13,5320
2618,長榮航,27,9,18,高橋,2024-06-13,5320
00676R,富邦臺灣加權反1,18,0,18,高橋,2024-06-13,5320
2374,佳能,35,18,17,高橋,2024-06-13,5320
6488,環球晶,16,0,16,高橋,2024-06-13,5320
5230,雷笛克光學,20,4,16,高橋,2024-06-13,5320
1514,亞力,50,34,16,高橋,2024-06-13,5320
2606,裕民,15,1,14,高橋,2024-06-13,5320
4533,協易機,16,2,14,高橋,2024-06-13,5320
9945,潤泰新,17,3,14,高橋,2024-06-13,5320
2504,國產,18,5,13,高橋,2024-06-13,5320
2368,金像電,13,0,13,高橋,2024-06-13,5320
911608,明輝-DR,100,0,100,高橋,2024-06-14,5320
2353,宏��,86,2,84,高橋,2024-06-14,5320
00948B,中信優息投資級債,79,0,79,高橋,2024-06-14,5320
8028,昇陽半導體,98,22,76,高橋,2024-06-14,5320
00940,元大台灣價值高息,87,24,63,高橋,2024-06-14,5320
3048,益登,125,66,59,高橋,2024-06-14,5320
1609,大亞,108,51,57,高橋,2024-06-14,5320
2367,燿華,71,23,48,高橋,2024-06-14,5320
00919,群益台灣精選高息,53,7,46,高橋,2024-06-14,5320
2888,新光金,69,24,45,高橋,2024-06-14,5320
2618,長榮航,48,5,43,高橋,2024-06-14,5320
2371,大同,161,119,42,高橋,2024-06-14,5320
00937B,群益ESG投等債20,44,10,34,高橋,2024-06-14,5320
2605,新興,32,0,32,高橋,2024-06-14,5320
00936,台新永續高息中小,30,0,30,高橋,2024-06-14,5320
3062,建漢,40,14,26,高橋,2024-06-14,5320
00680L,元大美債20正2,54,28,26,高橋,2024-06-14,5320
4154,樂威科-KY,23,0,23,高橋,2024-06-14,5320
8277,商丞,25,2,23,高橋,2024-06-14,5320
1815,富喬,39,18,21,高橋,2024-06-14,5320
2002,中鋼,23,2,21,高橋,2024-06-14,5320
1785,光洋科,37,17,20,高橋,2024-06-14,5320
6226,光鼎,20,0,20,高橋,2024-06-14,5320
2027,大成鋼,25,5,20,高橋,2024-06-14,5320
2486,一詮,35,16,19,高橋,2024-06-14,5320
5230,雷笛克光學,20,1,19,高橋,2024-06-14,5320
2408,南亞科,21,3,18,高橋,2024-06-14,5320
5371,中光電,20,2,18,高橋,2024-06-14,5320
00939,統一台灣高息動能,17,0,17,高橋,2024-06-14,5320
6005,群益證,18,1,17,高橋,2024-06-14,5320
2885,元大金,26,10,16,高橋,2024-06-14,5320
00942B,台新美A公司債20+,15,0,15,高橋,2024-06-14,5320
00664R,國泰臺灣加權反1,15,0,15,高橋,2024-06-14,5320
912000,晨訊科-DR,15,0,15,高橋,2024-06-14,5320
1570,力肯,20,6,14,高橋,2024-06-14,5320
2637,慧洋-KY,21,7,14,高橋,2024-06-14,5320
3037,欣興,14,1,13,高橋,2024-06-14,5320
2427,三商電,14,1,13,高橋,2024-06-14,5320
1536,和大,13,0,13,高橋,2024-06-14,5320
2330,台積電,17,5,12,高橋,2024-06-14,5320
2362,藍天,12,1,11,高橋,2024-06-14,5320
1605,華新,29,18,11,高橋,2024-06-14,5320
6233,旺玖,14,3,11,高橋,2024-06-14,5320
6488,環球晶,11,0,11,高橋,2024-06-14,5320
3060,銘異,16,5,11,高橋,2024-06-14,5320
1475,業旺,10,0,10,高橋,2024-06-14,5320
00637L,元大滬深300正2,10,0,10,高橋,2024-06-14,5320
00676R,富邦臺灣加權反1,10,0,10,高橋,2024-06-14,5320
2630,亞航,10,0,10,高橋,2024-06-14,5320
6834,天二科技,20,10,10,高橋,2024-06-14,5320
2892,第一金,1042,6,1036,高橋,2024-06-17,5320
2883,凱基金,220,4,216,高橋,2024-06-17,5320
00942B,台新美A公司債20+,206,0,206,高橋,2024-06-17,5320
2515,中工,164,0,164,高橋,2024-06-17,5320
2897,王道銀行,125,0,125,高橋,2024-06-17,5320
00948B,中信優息投資級債,111,0,111,高橋,2024-06-17,5320
2014,中鴻,112,2,110,高橋,2024-06-17,5320
00929,復華台灣科技優息,302,203,99,高橋,2024-06-17,5320
2887,台新金,92,0,92,高橋,2024-06-17,5320
2449,京元電子,108,36,72,高橋,2024-06-17,5320
5443,均豪,81,13,68,高橋,2024-06-17,5320
00940,元大台灣價值高息,102,41,61,高橋,2024-06-17,5320
00918,大華優利高填息30,62,12,50,高橋,2024-06-17,5320
2888,新光金,49,1,48,高橋,2024-06-17,5320
2615,萬海,107,60,47,高橋,2024-06-17,5320
2312,金寶,62,15,47,高橋,2024-06-17,5320
00878,國泰永續高股息,43,3,40,高橋,2024-06-17,5320
2609,陽明,204,166,38,高橋,2024-06-17,5320
2605,新興,37,0,37,高橋,2024-06-17,5320
2367,燿華,41,6,35,高橋,2024-06-17,5320
3231,緯創,41,14,27,高橋,2024-06-17,5320
2915,潤泰全,24,0,24,高橋,2024-06-17,5320
00919,群益台灣精選高息,53,30,23,高橋,2024-06-17,5320
4967,十銓,23,1,22,高橋,2024-06-17,5320
6147,頎邦,21,0,21,高橋,2024-06-17,5320
3013,晟銘電,31,10,21,高橋,2024-06-17,5320
00939,統一台灣高息動能,24,3,21,高橋,2024-06-17,5320
00680L,元大美債20正2,23,2,21,高橋,2024-06-17,5320
00632R,元大台灣50反1,23,2,21,高橋,2024-06-17,5320
00936,台新永續高息中小,87,66,21,高橋,2024-06-17,5320
00931B,統一美債20年,26,6,20,高橋,2024-06-17,5320
1312,國喬,20,0,20,高橋,2024-06-17,5320
2832,台產,20,0,20,高橋,2024-06-17,5320
3049,精金,20,1,19,高橋,2024-06-17,5320
1802,台玻,48,30,18,高橋,2024-06-17,5320
3260,威剛,18,1,17,高橋,2024-06-17,5320
1503,士電,27,11,16,高橋,2024-06-17,5320
1301,台塑,19,3,16,高橋,2024-06-17,5320
0056,元大高股息,21,5,16,高橋,2024-06-17,5320
4174,浩鼎,15,0,15,高橋,2024-06-17,5320
2356,英業達,20,5,15,高橋,2024-06-17,5320
8155,博智,15,0,15,高橋,2024-06-17,5320
00679B,元大美債20年,25,11,14,高橋,2024-06-17,5320
5284,jpp-KY,14,0,14,高橋,2024-06-17,5320
1513,中興電,30,17,13,高橋,2024-06-17,5320
1504,東元,22,9,13,高橋,2024-06-17,5320
2867,三商壽,13,0,13,高橋,2024-06-17,5320
4306,炎洲,13,0,13,高橋,2024-06-17,5320
5498,凱崴,14,1,13,高橋,2024-06-17,5320
9904,寶成,12,0,12,高橋,2024-06-17,5320
00929,復華台灣科技優息,258,60,198,高橋,2024-06-18,5320
2883,凱基金,200,20,180,高橋,2024-06-18,5320
00946,群益科技高息成長,177,24,153,高橋,2024-06-18,5320
3372,典範,107,1,106,高橋,2024-06-18,5320
2014,中鴻,100,0,100,高橋,2024-06-18,5320
00687B,國泰20年美債,101,8,93,高橋,2024-06-18,5320
00664R,國泰臺灣加權反1,90,0,90,高橋,2024-06-18,5320
6547,高端疫苗,72,0,72,高橋,2024-06-18,5320
2324,仁寶,73,3,70,高橋,2024-06-18,5320
3202,樺晟,90,22,68,高橋,2024-06-18,5320
1815,富喬,93,33,60,高橋,2024-06-18,5320
3481,群創,169,111,58,高橋,2024-06-18,5320
2609,陽明,118,63,55,高橋,2024-06-18,5320
00937B,群益ESG投等債20,78,28,50,高橋,2024-06-18,5320
00939,統一台灣高息動能,56,8,48,高橋,2024-06-18,5320
2834,臺企銀,160,113,47,高橋,2024-06-18,5320
00947,台新臺灣IC設計,47,0,47,高橋,2024-06-18,5320
00936,台新永續高息中小,206,163,43,高橋,2024-06-18,5320
2501,國建,41,0,41,高橋,2024-06-18,5320
2353,宏��,74,35,39,高橋,2024-06-18,5320
1504,東元,47,10,37,高橋,2024-06-18,5320
2605,新興,37,0,37,高橋,2024-06-18,5320
00942B,台新美A公司債20+,35,0,35,高橋,2024-06-18,5320
2314,台揚,38,3,35,高橋,2024-06-18,5320
2405,輔信,33,3,30,高橋,2024-06-18,5320
3231,緯創,40,11,29,高橋,2024-06-18,5320
00753L,中信中國50正2,32,4,28,高橋,2024-06-18,5320
2352,佳世達,27,0,27,高橋,2024-06-18,5320
2313,華通,33,8,25,高橋,2024-06-18,5320
2030,彰源,24,0,24,高橋,2024-06-18,5320
2867,三商壽,28,5,23,高橋,2024-06-18,5320
3005,神基,25,3,22,高橋,2024-06-18,5320
4154,樂威科-KY,21,0,21,高橋,2024-06-18,5320
1312,國喬,20,0,20,高橋,2024-06-18,5320
00673R,期元大S＆P原油反1,20,0,20,高橋,2024-06-18,5320
2371,大同,77,58,19,高橋,2024-06-18,5320
6431,光麗-KY,19,0,19,高橋,2024-06-18,5320
00713,元大台灣高息低波,19,0,19,高橋,2024-06-18,5320
1409,新纖,18,0,18,高橋,2024-06-18,5320
5230,雷笛克光學,22,4,18,高橋,2024-06-18,5320
5371,中光電,23,5,18,高橋,2024-06-18,5320
2641,正德,19,2,17,高橋,2024-06-18,5320
8926,台汽電,17,0,17,高橋,2024-06-18,5320
4142,國光生,35,18,17,高橋,2024-06-18,5320
3047,訊舟,24,8,16,高橋,2024-06-18,5320
1587,吉茂,17,2,15,高橋,2024-06-18,5320
00676R,富邦臺灣加權反1,15,0,15,高橋,2024-06-18,5320
2455,全新,15,1,14,高橋,2024-06-18,5320
00679B,元大美債20年,44,30,14,高橋,2024-06-18,5320
1608,華榮,15,1,14,高橋,2024-06-18,5320
00915,凱基優選高股息30,306,4,302,高橋,2024-06-19,5320
8105,凌巨,202,15,187,高橋,2024-06-19,5320
3062,建漢,164,10,154,高橋,2024-06-19,5320
2408,南亞科,144,3,141,高橋,2024-06-19,5320
2515,中工,136,0,136,高橋,2024-06-19,5320
00632R,元大台灣50反1,184,50,134,高橋,2024-06-19,5320
2353,宏��,134,14,120,高橋,2024-06-19,5320
00937B,群益ESG投等債20,119,25,94,高橋,2024-06-19,5320
00919,群益台灣精選高息,165,80,85,高橋,2024-06-19,5320
00936,台新永續高息中小,112,32,80,高橋,2024-06-19,5320
00664R,國泰臺灣加權反1,70,0,70,高橋,2024-06-19,5320
00712,復華富時不動產,70,0,70,高橋,2024-06-19,5320
2002,中鋼,80,12,68,高橋,2024-06-19,5320
2883,凱基金,107,40,67,高橋,2024-06-19,5320
00687B,國泰20年美債,66,2,64,高橋,2024-06-19,5320
00940,元大台灣價值高息,94,31,63,高橋,2024-06-19,5320
00676R,富邦臺灣加權反1,54,0,54,高橋,2024-06-19,5320
2883B,凱基金乙特,52,0,52,高橋,2024-06-19,5320
8473,山林水,50,2,48,高橋,2024-06-19,5320
00946,群益科技高息成長,47,1,46,高橋,2024-06-19,5320
2605,新興,40,0,40,高橋,2024-06-19,5320
3481,群創,62,27,35,高橋,2024-06-19,5320
6152,百一,40,5,35,高橋,2024-06-19,5320
8011,台通,35,2,33,高橋,2024-06-19,5320
8028,昇陽半導體,58,25,33,高橋,2024-06-19,5320
3312,弘憶股,31,1,30,高橋,2024-06-19,5320
1102,亞泥,40,14,26,高橋,2024-06-19,5320
1312,國喬,24,0,24,高橋,2024-06-19,5320
3036,文曄,25,1,24,高橋,2024-06-19,5320
2501,國建,23,0,23,高橋,2024-06-19,5320
2412,中華電,23,1,22,高橋,2024-06-19,5320
2401,凌陽,22,0,22,高橋,2024-06-19,5320
6282,康舒,29,7,22,高橋,2024-06-19,5320
2371,大同,68,47,21,高橋,2024-06-19,5320
5871,中租-KY,20,0,20,高橋,2024-06-19,5320
5443,均豪,68,48,20,高橋,2024-06-19,5320
1409,新纖,20,0,20,高橋,2024-06-19,5320
6153,嘉聯益,20,0,20,高橋,2024-06-19,5320
6248,沛波,20,0,20,高橋,2024-06-19,5320
5876,上海商銀,20,0,20,高橋,2024-06-19,5320
6190,萬泰科,36,17,19,高橋,2024-06-19,5320
00927,群益半導體收益,20,1,19,高橋,2024-06-19,5320
1617,榮星,22,4,18,高橋,2024-06-19,5320
2618,長榮航,93,75,18,高橋,2024-06-19,5320
2468,華經,18,0,18,高橋,2024-06-19,5320
8050,廣積,20,3,17,高橋,2024-06-19,5320
1514,亞力,48,32,16,高橋,2024-06-19,5320
4906,正文,19,4,15,高橋,2024-06-19,5320
2634,漢翔,16,2,14,高橋,2024-06-19,5320
1616,億泰,24,10,14,高橋,2024-06-19,5320
00937B,群益ESG投等債20,353,48,305,高橋,2024-06-20,5320
00940,元大台灣價值高息,296,44,252,高橋,2024-06-20,5320
00936,台新永續高息中小,223,0,223,高橋,2024-06-20,5320
5351,鈺創,88,1,87,高橋,2024-06-20,5320
4915,致伸,59,0,59,高橋,2024-06-20,5320
2888,新光金,64,5,59,高橋,2024-06-20,5320
2365,昆盈,85,37,48,高橋,2024-06-20,5320
00687B,國泰20年美債,65,20,45,高橋,2024-06-20,5320
8028,昇陽半導體,41,3,38,高橋,2024-06-20,5320
2409,友達,38,1,37,高橋,2024-06-20,5320
2353,宏��,59,24,35,高橋,2024-06-20,5320
00946,群益科技高息成長,35,2,33,高橋,2024-06-20,5320
2618,長榮航,46,14,32,高橋,2024-06-20,5320
2355,敬鵬,46,19,27,高橋,2024-06-20,5320
00942B,台新美A公司債20+,30,3,27,高橋,2024-06-20,5320
9105,泰金寶-DR,53,27,26,高橋,2024-06-20,5320
3437,榮創,26,0,26,高橋,2024-06-20,5320
2610,華航,28,3,25,高橋,2024-06-20,5320
00665L,富邦�琤肭磪囓�2,25,0,25,高橋,2024-06-20,5320
2314,台揚,24,3,21,高橋,2024-06-20,5320
00664R,國泰臺灣加權反1,20,0,20,高橋,2024-06-20,5320
00673R,期元大S＆P原油反1,20,0,20,高橋,2024-06-20,5320
2331,精英,20,2,18,高橋,2024-06-20,5320
3673,TPK-KY,39,22,17,高橋,2024-06-20,5320
1582,信錦,18,1,17,高橋,2024-06-20,5320
2707,晶華,16,0,16,高橋,2024-06-20,5320
2367,燿華,30,15,15,高橋,2024-06-20,5320
2426,鼎元,18,3,15,高橋,2024-06-20,5320
8039,台虹,17,2,15,高橋,2024-06-20,5320
2867,三商壽,30,16,14,高橋,2024-06-20,5320
2449,京元電子,43,29,14,高橋,2024-06-20,5320
4306,炎洲,14,0,14,高橋,2024-06-20,5320
1802,台玻,21,8,13,高橋,2024-06-20,5320
1609,大亞,22,9,13,高橋,2024-06-20,5320
3048,益登,33,20,13,高橋,2024-06-20,5320
00933B,國泰10Y+金融債,13,0,13,高橋,2024-06-20,5320
00720B,元大投資級公司債,13,0,13,高橋,2024-06-20,5320
2605,新興,13,0,13,高橋,2024-06-20,5320
8112,至上,21,9,12,高橋,2024-06-20,5320
2468,華經,12,0,12,高橋,2024-06-20,5320
2812,台中銀,12,0,12,高橋,2024-06-20,5320
2516,新建,12,0,12,高橋,2024-06-20,5320
00923,群益台ESG低碳50,13,1,12,高橋,2024-06-20,5320
2489,瑞軒,12,1,11,高橋,2024-06-20,5320
3580,友威科,19,8,11,高橋,2024-06-20,5320
5439,高技,11,0,11,高橋,2024-06-20,5320
2464,盟立,12,1,11,高橋,2024-06-20,5320
2323,中環,16,5,11,高橋,2024-06-20,5320
1563,巧新,10,0,10,高橋,2024-06-20,5320
4154,樂威科-KY,10,0,10,高橋,2024-06-20,5320
00919,群益台灣精選高息,437,83,354,高橋,2024-06-21,5320
00937B,群益ESG投等債20,348,30,318,高橋,2024-06-21,5320
00632R,元大台灣50反1,304,26,278,高橋,2024-06-21,5320
00940,元大台灣價值高息,159,17,142,高橋,2024-06-21,5320
2515,中工,103,0,103,高橋,2024-06-21,5320
3202,樺晟,100,5,95,高橋,2024-06-21,5320
00878,國泰永續高股息,92,1,91,高橋,2024-06-21,5320
2609,陽明,256,165,91,高橋,2024-06-21,5320
00929,復華台灣科技優息,86,4,82,高橋,2024-06-21,5320
2317,鴻海,113,38,75,高橋,2024-06-21,5320
00753L,中信中國50正2,70,0,70,高橋,2024-06-21,5320
2375,凱美,62,7,55,高橋,2024-06-21,5320
00936,台新永續高息中小,55,0,55,高橋,2024-06-21,5320
2002,中鋼,79,32,47,高橋,2024-06-21,5320
2314,台揚,55,7,48,高橋,2024-06-21,5320
2883,凱基金,69,22,47,高橋,2024-06-21,5320
3312,弘憶股,43,2,41,高橋,2024-06-21,5320
1301,台塑,54,17,37,高橋,2024-06-21,5320
2605,新興,42,7,35,高橋,2024-06-21,5320
1305,華夏,35,0,35,高橋,2024-06-21,5320
2352,佳世達,34,0,34,高橋,2024-06-21,5320
00882,中信中國高股息,33,0,33,高橋,2024-06-21,5320
00939,統一台灣高息動能,32,0,32,高橋,2024-06-21,5320
3583,辛耘,31,2,29,高橋,2024-06-21,5320
00948B,中信優息投資級債,29,0,29,高橋,2024-06-21,5320
4154,樂威科-KY,28,0,28,高橋,2024-06-21,5320
6176,瑞儀,27,1,26,高橋,2024-06-21,5320
1605,華新,28,2,26,高橋,2024-06-21,5320
3362,先進光,25,0,25,高橋,2024-06-21,5320
00942B,台新美A公司債20+,25,0,25,高橋,2024-06-21,5320
8112,至上,28,5,23,高橋,2024-06-21,5320
5371,中光電,22,0,22,高橋,2024-06-21,5320
2412,中華電,22,0,22,高橋,2024-06-21,5320
2331,精英,21,0,21,高橋,2024-06-21,5320
6668,中揚光,20,0,20,高橋,2024-06-21,5320
3363,上詮,26,7,19,高橋,2024-06-21,5320
00679B,元大美債20年,22,3,19,高橋,2024-06-21,5320
00933B,國泰10Y+金融債,19,0,19,高橋,2024-06-21,5320
2382,廣達,60,42,18,高橋,2024-06-21,5320
6770,力積電,23,5,18,高橋,2024-06-21,5320
2392,正崴,29,12,17,高橋,2024-06-21,5320
1514,亞力,29,12,17,高橋,2024-06-21,5320
2329,華泰,37,21,16,高橋,2024-06-21,5320
2316,楠梓電,33,17,16,高橋,2024-06-21,5320
2606,裕民,16,1,15,高橋,2024-06-21,5320
00918,大華優利高填息30,28,13,15,高橋,2024-06-21,5320
3048,益登,27,12,15,高橋,2024-06-21,5320
2027,大成鋼,15,0,15,高橋,2024-06-21,5320
00881,國泰台灣5G+,16,1,15,高橋,2024-06-21,5320
4533,協易機,14,0,14,高橋,2024-06-21,5320
00929,復華台灣科技優息,457,95,362,高橋,2024-06-24,5320
2515,中工,304,10,294,高橋,2024-06-24,5320
3481,群創,505,211,294,高橋,2024-06-24,5320
2002,中鋼,329,42,287,高橋,2024-06-24,5320
00936,台新永續高息中小,193,0,193,高橋,2024-06-24,5320
00919,群益台灣精選高息,337,165,172,高橋,2024-06-24,5320
2883,凱基金,208,56,152,高橋,2024-06-24,5320
9105,泰金寶-DR,151,27,124,高橋,2024-06-24,5320
00937B,群益ESG投等債20,113,1,112,高橋,2024-06-24,5320
2888,新光金,90,2,88,高橋,2024-06-24,5320
5328,華容,218,140,78,高橋,2024-06-24,5320
1314,中石化,91,13,78,高橋,2024-06-24,5320
2537,聯上發,68,7,61,高橋,2024-06-24,5320
00753L,中信中國50正2,42,1,41,高橋,2024-06-24,5320
3450,聯鈞,49,9,40,高橋,2024-06-24,5320
2371,大同,49,10,39,高橋,2024-06-24,5320
6770,力積電,41,2,39,高橋,2024-06-24,5320
8112,至上,40,2,38,高橋,2024-06-24,5320
3231,緯創,56,20,36,高橋,2024-06-24,5320
2330,台積電,45,9,36,高橋,2024-06-24,5320
3049,精金,36,2,34,高橋,2024-06-24,5320
2408,南亞科,44,10,34,高橋,2024-06-24,5320
4534,慶騰,32,0,32,高橋,2024-06-24,5320
1504,東元,31,0,31,高橋,2024-06-24,5320
6177,達麗,30,0,30,高橋,2024-06-24,5320
00679B,元大美債20年,30,0,30,高橋,2024-06-24,5320
1524,耿鼎,31,3,28,高橋,2024-06-24,5320
2208,台船,36,10,26,高橋,2024-06-24,5320
00881,國泰台灣5G+,35,10,25,高橋,2024-06-24,5320
2382,廣達,45,21,24,高橋,2024-06-24,5320
00939,統一台灣高息動能,26,2,24,高橋,2024-06-24,5320
4526,東台,28,4,24,高橋,2024-06-24,5320
8070,長華*,25,1,24,高橋,2024-06-24,5320
3047,訊舟,29,6,23,高橋,2024-06-24,5320
3264,欣銓,22,0,22,高橋,2024-06-24,5320
8028,昇陽半導體,36,14,22,高橋,2024-06-24,5320
6152,百一,27,5,22,高橋,2024-06-24,5320
2369,菱生,40,18,22,高橋,2024-06-24,5320
6188,廣明,22,1,21,高橋,2024-06-24,5320
2615,萬海,29,8,21,高橋,2024-06-24,5320
3576,聯合再生,25,4,21,高橋,2024-06-24,5320
2303,聯電,40,20,20,高橋,2024-06-24,5320
6533,晶心科,20,0,20,高橋,2024-06-24,5320
1582,信錦,21,1,20,高橋,2024-06-24,5320
1584,精剛,19,0,19,高橋,2024-06-24,5320
00922,國泰台灣領袖50,20,1,19,高橋,2024-06-24,5320
00878,國泰永續高股息,42,24,18,高橋,2024-06-24,5320
2353,宏��,27,9,18,高橋,2024-06-24,5320
6176,瑞儀,18,0,18,高橋,2024-06-24,5320
1409,新纖,19,1,18,高橋,2024-06-24,5320
3481,群創,364,122,242,高橋,2024-06-25,5320
6116,彩晶,211,2,209,高橋,2024-06-25,5320
00940,元大台灣價值高息,217,11,206,高橋,2024-06-25,5320
2409,友達,170,5,165,高橋,2024-06-25,5320
8110,華東,112,6,106,高橋,2024-06-25,5320
2618,長榮航,104,0,104,高橋,2024-06-25,5320
2883,凱基金,109,6,103,高橋,2024-06-25,5320
00947,台新臺灣IC設計,89,0,89,高橋,2024-06-25,5320
1785,光洋科,93,22,71,高橋,2024-06-25,5320
3231,緯創,77,9,68,高橋,2024-06-25,5320
1815,富喬,74,13,61,高橋,2024-06-25,5320
00916,國泰全球品牌50,50,0,50,高橋,2024-06-25,5320
00687B,國泰20年美債,54,8,46,高橋,2024-06-25,5320
00937B,群益ESG投等債20,48,2,46,高橋,2024-06-25,5320
00936,台新永續高息中小,43,0,43,高橋,2024-06-25,5320
8112,至上,44,2,42,高橋,2024-06-25,5320
3037,欣興,42,0,42,高橋,2024-06-25,5320
1304,台聚,40,0,40,高橋,2024-06-25,5320
1301,台塑,31,1,30,高橋,2024-06-25,5320
00918,大華優利高填息30,34,6,28,高橋,2024-06-25,5320
2352,佳世達,53,26,27,高橋,2024-06-25,5320
2002,中鋼,37,11,26,高橋,2024-06-25,5320
2027,大成鋼,25,0,25,高橋,2024-06-25,5320
0056,元大高股息,27,2,25,高橋,2024-06-25,5320
2867,三商壽,25,0,25,高橋,2024-06-25,5320
1312,國喬,24,0,24,高橋,2024-06-25,5320
2801,彰銀,23,0,23,高橋,2024-06-25,5320
2834,臺企銀,24,2,22,高橋,2024-06-25,5320
2455,全新,22,2,20,高橋,2024-06-25,5320
00946,群益科技高息成長,20,0,20,高橋,2024-06-25,5320
6526,達發,18,0,18,高橋,2024-06-25,5320
2317,鴻海,125,108,17,高橋,2024-06-25,5320
2365,昆盈,33,16,17,高橋,2024-06-25,5320
8028,昇陽半導體,33,16,17,高橋,2024-06-25,5320
2609,陽明,56,39,17,高橋,2024-06-25,5320
2367,燿華,24,8,16,高橋,2024-06-25,5320
3041,揚智,16,0,16,高橋,2024-06-25,5320
911868,同方友友-DR,16,0,16,高橋,2024-06-25,5320
6957,裕慶-KY,16,0,16,高橋,2024-06-25,5320
1307,三芳,15,0,15,高橋,2024-06-25,5320
8105,凌巨,17,2,15,高橋,2024-06-25,5320
4526,東台,24,9,15,高橋,2024-06-25,5320
3005,神基,17,2,15,高橋,2024-06-25,5320
2303,聯電,33,19,14,高橋,2024-06-25,5320
00720B,元大投資級公司債,14,0,14,高橋,2024-06-25,5320
2472,立隆電,23,9,14,高橋,2024-06-25,5320
2324,仁寶,17,3,14,高橋,2024-06-25,5320
2641,正德,18,5,13,高橋,2024-06-25,5320
2377,微星,14,1,13,高橋,2024-06-25,5320
00881,國泰台灣5G+,14,1,13,高橋,2024-06-25,5320
00632R,元大台灣50反1,253,1,252,高橋,2024-06-26,5320
2885,元大金,151,29,122,高橋,2024-06-26,5320
2303,聯電,118,13,105,高橋,2024-06-26,5320
911622,泰聚亨-DR,102,0,102,高橋,2024-06-26,5320
2317,鴻海,118,49,69,高橋,2024-06-26,5320
2002,中鋼,65,1,64,高橋,2024-06-26,5320
2409,友達,82,18,64,高橋,2024-06-26,5320
00650L,復華香港正2,60,0,60,高橋,2024-06-26,5320
3481,群創,159,102,57,高橋,2024-06-26,5320
1303,南亞,55,1,54,高橋,2024-06-26,5320
00929,復華台灣科技優息,63,14,49,高橋,2024-06-26,5320
00936,台新永續高息中小,38,1,37,高橋,2024-06-26,5320
2353,宏��,68,31,37,高橋,2024-06-26,5320
2371,大同,45,10,35,高橋,2024-06-26,5320
2374,佳能,67,34,33,高橋,2024-06-26,5320
0056,元大高股息,34,4,30,高橋,2024-06-26,5320
5243,乙盛-KY,31,2,29,高橋,2024-06-26,5320
2609,陽明,84,56,28,高橋,2024-06-26,5320
00946,群益科技高息成長,29,2,27,高橋,2024-06-26,5320
9904,寶成,25,0,25,高橋,2024-06-26,5320
6505,台塑化,24,0,24,高橋,2024-06-26,5320
00927,群益半導體收益,24,0,24,高橋,2024-06-26,5320
2204,中華,25,2,23,高橋,2024-06-26,5320
6270,倍微,23,0,23,高橋,2024-06-26,5320
2365,昆盈,32,10,22,高橋,2024-06-26,5320
2352,佳世達,24,2,22,高橋,2024-06-26,5320
3041,揚智,22,0,22,高橋,2024-06-26,5320
2867,三商壽,27,5,22,高橋,2024-06-26,5320
5009,榮剛,26,4,22,高橋,2024-06-26,5320
2883,凱基金,154,132,22,高橋,2024-06-26,5320
2888,新光金,34,13,21,高橋,2024-06-26,5320
2615,萬海,47,26,21,高橋,2024-06-26,5320
2312,金寶,22,2,20,高橋,2024-06-26,5320
00896,中信綠能及電動車,20,0,20,高橋,2024-06-26,5320
5478,智冠,23,3,20,高橋,2024-06-26,5320
4154,樂威科-KY,20,0,20,高橋,2024-06-26,5320
1718,中纖,19,0,19,高橋,2024-06-26,5320
1312,國喬,18,0,18,高橋,2024-06-26,5320
2449,京元電子,35,17,18,高橋,2024-06-26,5320
1815,富喬,23,5,18,高橋,2024-06-26,5320
00940,元大台灣價值高息,20,3,17,高橋,2024-06-26,5320
3576,聯合再生,33,16,17,高橋,2024-06-26,5320
00878,國泰永續高股息,36,21,15,高橋,2024-06-26,5320
3062,建漢,21,6,15,高橋,2024-06-26,5320
2392,正崴,24,9,15,高橋,2024-06-26,5320
912000,晨訊科-DR,25,10,15,高橋,2024-06-26,5320
1611,中電,16,1,15,高橋,2024-06-26,5320
8112,至上,15,0,15,高橋,2024-06-26,5320
6173,信昌電,16,2,14,高橋,2024-06-26,5320
4549,桓達,15,1,14,高橋,2024-06-26,5320
00929,復華台灣科技優息,199,0,199,高橋,2024-06-27,5320
2885,元大金,192,5,187,高橋,2024-06-27,5320
00937B,群益ESG投等債20,181,2,179,高橋,2024-06-27,5320
00650L,復華香港正2,106,0,106,高橋,2024-06-27,5320
1303,南亞,100,10,90,高橋,2024-06-27,5320
00936,台新永續高息中小,84,0,84,高橋,2024-06-27,5320
00940,元大台灣價值高息,98,36,62,高橋,2024-06-27,5320
00753L,中信中國50正2,60,0,60,高橋,2024-06-27,5320
4938,和碩,59,2,57,高橋,2024-06-27,5320
6546,正基,41,0,41,高橋,2024-06-27,5320
00679B,元大美債20年,39,0,39,高橋,2024-06-27,5320
3213,茂訊,40,1,39,高橋,2024-06-27,5320
00687B,國泰20年美債,50,12,38,高橋,2024-06-27,5320
00919,群益台灣精選高息,78,44,34,高橋,2024-06-27,5320
6282,康舒,35,1,34,高橋,2024-06-27,5320
00918,大華優利高填息30,34,0,34,高橋,2024-06-27,5320
1524,耿鼎,33,0,33,高橋,2024-06-27,5320
9105,泰金寶-DR,55,24,31,高橋,2024-06-27,5320
3481,群創,87,56,31,高橋,2024-06-27,5320
2427,三商電,35,5,30,高橋,2024-06-27,5320
9904,寶成,26,0,26,高橋,2024-06-27,5320
6806,森崴能源,40,14,26,高橋,2024-06-27,5320
00942B,台新美A公司債20+,26,0,26,高橋,2024-06-27,5320
6834,天二科技,25,0,25,高橋,2024-06-27,5320
2368,金像電,27,3,24,高橋,2024-06-27,5320
2352,佳世達,32,8,24,高橋,2024-06-27,5320
3047,訊舟,95,71,24,高橋,2024-06-27,5320
5371,中光電,25,2,23,高橋,2024-06-27,5320
1301,台塑,30,8,22,高橋,2024-06-27,5320
00882,中信中國高股息,22,0,22,高橋,2024-06-27,5320
1909,榮成,22,0,22,高橋,2024-06-27,5320
4154,樂威科-KY,21,0,21,高橋,2024-06-27,5320
3546,宇峻,21,0,21,高橋,2024-06-27,5320
3005,神基,21,0,21,高橋,2024-06-27,5320
3041,揚智,20,0,20,高橋,2024-06-27,5320
1423,利華,20,0,20,高橋,2024-06-27,5320
3055,蔚華科,23,4,19,高橋,2024-06-27,5320
6207,雷科,20,1,19,高橋,2024-06-27,5320
2371,大同,36,18,18,高橋,2024-06-27,5320
1709,和益,26,8,18,高橋,2024-06-27,5320
5515,建國,18,0,18,高橋,2024-06-27,5320
00688L,國泰20年美債正2,37,20,17,高橋,2024-06-27,5320
4167,松瑞藥,37,20,17,高橋,2024-06-27,5320
2367,燿華,16,0,16,高橋,2024-06-27,5320
00939,統一台灣高息動能,16,0,16,高橋,2024-06-27,5320
2382,廣達,23,8,15,高橋,2024-06-27,5320
6757,台灣虎航,15,0,15,高橋,2024-06-27,5320
3666,光耀,16,1,15,高橋,2024-06-27,5320
2606,裕民,18,3,15,高橋,2024-06-27,5320
5871,中租-KY,16,2,14,高橋,2024-06-27,5320
3202,樺晟,99,0,99,高橋,2024-06-28,5320
2406,國碩,97,24,73,高橋,2024-06-28,5320
2303,聯電,82,12,70,高橋,2024-06-28,5320
912000,晨訊科-DR,68,2,66,高橋,2024-06-28,5320
3481,群創,91,27,64,高橋,2024-06-28,5320
2610,華航,81,19,62,高橋,2024-06-28,5320
3264,欣銓,61,1,60,高橋,2024-06-28,5320
00929,復華台灣科技優息,58,0,58,高橋,2024-06-28,5320
6547,高端疫苗,60,6,54,高橋,2024-06-28,5320
00936,台新永續高息中小,50,0,50,高橋,2024-06-28,5320
6127,九豪,100,55,45,高橋,2024-06-28,5320
1584,精剛,42,0,42,高橋,2024-06-28,5320
00939,統一台灣高息動能,41,1,40,高橋,2024-06-28,5320
2301,光寶科,62,26,36,高橋,2024-06-28,5320
2352,佳世達,32,0,32,高橋,2024-06-28,5320
00753L,中信中國50正2,30,0,30,高橋,2024-06-28,5320
2340,台亞,30,2,28,高橋,2024-06-28,5320
00679B,元大美債20年,29,4,25,高橋,2024-06-28,5320
2609,陽明,70,46,24,高橋,2024-06-28,5320
8050,廣積,24,0,24,高橋,2024-06-28,5320
1504,東元,30,7,23,高橋,2024-06-28,5320
2641,正德,23,0,23,高橋,2024-06-28,5320
6446,藥華藥,25,2,23,高橋,2024-06-28,5320
5371,中光電,22,1,21,高橋,2024-06-28,5320
2888,新光金,38,17,21,高橋,2024-06-28,5320
4533,協易機,32,11,21,高橋,2024-06-28,5320
4154,樂威科-KY,20,0,20,高橋,2024-06-28,5320
8028,昇陽半導體,41,21,20,高橋,2024-06-28,5320
3041,揚智,20,0,20,高橋,2024-06-28,5320
2317,鴻海,41,22,19,高橋,2024-06-28,5320
3712,永崴投控,18,1,17,高橋,2024-06-28,5320
2405,輔信,24,7,17,高橋,2024-06-28,5320
00940,元大台灣價值高息,38,22,16,高橋,2024-06-28,5320
1721,三晃,21,5,16,高橋,2024-06-28,5320
6182,合晶,17,1,16,高橋,2024-06-28,5320
2324,仁寶,16,0,16,高橋,2024-06-28,5320
8104,錸寶,15,0,15,高橋,2024-06-28,5320
00937B,群益ESG投等債20,15,0,15,高橋,2024-06-28,5320
00687B,國泰20年美債,16,1,15,高橋,2024-06-28,5320
3059,華晶科,40,25,15,高橋,2024-06-28,5320
6197,佳必琪,15,1,14,高橋,2024-06-28,5320
0056,元大高股息,16,2,14,高橋,2024-06-28,5320
2204,中華,12,0,12,高橋,2024-06-28,5320
2337,旺宏,18,6,12,高橋,2024-06-28,5320
1781,合世,12,0,12,高橋,2024-06-28,5320
2362,藍天,13,1,12,高橋,2024-06-28,5320
2355,敬鵬,42,30,12,高橋,2024-06-28,5320
2618,長榮航,42,30,12,高橋,2024-06-28,5320
911608,明輝-DR,20,9,11,高橋,2024-06-28,5320
6477,安集,19,8,11,高橋,2024-06-28,5320
00632R,元大台灣50反1,572,10,562,高橋,2024-07-01,5320
6152,百一,244,9,235,高橋,2024-07-01,5320
00929,復華台灣科技優息,117,3,114,高橋,2024-07-01,5320
00937B,群益ESG投等債20,121,12,109,高橋,2024-07-01,5320
6234,高僑,107,2,105,高橋,2024-07-01,5320
6770,力積電,116,33,83,高橋,2024-07-01,5320
00679B,元大美債20年,66,1,65,高橋,2024-07-01,5320
6120,達運,58,0,58,高橋,2024-07-01,5320
2501,國建,51,0,51,高橋,2024-07-01,5320
2615,萬海,69,19,50,高橋,2024-07-01,5320
2313,華通,98,49,49,高橋,2024-07-01,5320
2349,錸德,89,44,45,高橋,2024-07-01,5320
2002,中鋼,40,0,40,高橋,2024-07-01,5320
00942B,台新美A公司債20+,40,0,40,高橋,2024-07-01,5320
00687B,國泰20年美債,46,7,39,高橋,2024-07-01,5320
2371,大同,60,22,38,高橋,2024-07-01,5320
2351,順德,32,0,32,高橋,2024-07-01,5320
00931B,統一美債20年,32,0,32,高橋,2024-07-01,5320
2352,佳世達,38,7,31,高橋,2024-07-01,5320
00680L,元大美債20正2,28,0,28,高橋,2024-07-01,5320
0056,元大高股息,27,0,27,高橋,2024-07-01,5320
8096,擎亞,25,0,25,高橋,2024-07-01,5320
2344,華邦電,31,7,24,高橋,2024-07-01,5320
8071,能率網通,27,3,24,高橋,2024-07-01,5320
3048,益登,30,7,23,高橋,2024-07-01,5320
2417,圓剛,49,26,23,高橋,2024-07-01,5320
4154,樂威科-KY,22,0,22,高橋,2024-07-01,5320
3266,昇陽,22,0,22,高橋,2024-07-01,5320
1802,台玻,24,2,22,高橋,2024-07-01,5320
00933B,國泰10Y+金融債,26,5,21,高橋,2024-07-01,5320
6753,龍德造船,26,6,20,高橋,2024-07-01,5320
912000,晨訊科-DR,20,0,20,高橋,2024-07-01,5320
4306,炎洲,20,0,20,高橋,2024-07-01,5320
3041,揚智,20,0,20,高橋,2024-07-01,5320
3050,鈺德,25,6,19,高橋,2024-07-01,5320
00946,群益科技高息成長,20,1,19,高橋,2024-07-01,5320
2603,長榮,27,8,19,高橋,2024-07-01,5320
2031,新光鋼,18,0,18,高橋,2024-07-01,5320
00688L,國泰20年美債正2,18,0,18,高橋,2024-07-01,5320
2609,陽明,99,82,17,高橋,2024-07-01,5320
3711,日月光投控,17,0,17,高橋,2024-07-01,5320
8926,台汽電,20,3,17,高橋,2024-07-01,5320
00885,富邦越南,17,0,17,高橋,2024-07-01,5320
00935,野村臺灣新科技50,16,0,16,高橋,2024-07-01,5320
3686,達能,19,3,16,高橋,2024-07-01,5320
4739,康普,18,2,16,高橋,2024-07-01,5320
00756B,群益投等新興公債,15,0,15,高橋,2024-07-01,5320
1718,中纖,15,0,15,高橋,2024-07-01,5320
6109,亞元,15,0,15,高橋,2024-07-01,5320
00751B,元大AAA至A公司債,15,0,15,高橋,2024-07-01,5320
00679B,元大美債20年,267,0,267,高橋,2024-07-02,5320
00929,復華台灣科技優息,399,217,182,高橋,2024-07-02,5320
2303,聯電,202,39,163,高橋,2024-07-02,5320
0056,元大高股息,123,1,122,高橋,2024-07-02,5320
00934,中信成長高股息,125,5,120,高橋,2024-07-02,5320
3059,華晶科,124,5,119,高橋,2024-07-02,5320
2349,錸德,250,166,84,高橋,2024-07-02,5320
00936,台新永續高息中小,65,0,65,高橋,2024-07-02,5320
2609,陽明,77,17,60,高橋,2024-07-02,5320
00687B,國泰20年美債,62,4,58,高橋,2024-07-02,5320
2317,鴻海,188,133,55,高橋,2024-07-02,5320
00931B,統一美債20年,54,0,54,高橋,2024-07-02,5320
2354,鴻準,51,0,51,高橋,2024-07-02,5320
2002,中鋼,62,11,51,高橋,2024-07-02,5320
2501,國建,51,1,50,高橋,2024-07-02,5320
8176,智捷,50,0,50,高橋,2024-07-02,5320
2324,仁寶,54,6,48,高橋,2024-07-02,5320
00927,群益半導體收益,47,0,47,高橋,2024-07-02,5320
00688L,國泰20年美債正2,45,0,45,高橋,2024-07-02,5320
00919,群益台灣精選高息,42,2,40,高橋,2024-07-02,5320
00937B,群益ESG投等債20,96,56,40,高橋,2024-07-02,5320
6285,啟��,40,0,40,高橋,2024-07-02,5320
1714,和桐,40,0,40,高橋,2024-07-02,5320
2605,新興,54,19,35,高橋,2024-07-02,5320
3481,群創,70,35,35,高橋,2024-07-02,5320
1785,光洋科,55,21,34,高橋,2024-07-02,5320
2834,臺企銀,31,1,30,高橋,2024-07-02,5320
8112,至上,29,0,29,高橋,2024-07-02,5320
2371,大同,34,6,28,高橋,2024-07-02,5320
6695,芯鼎,31,4,27,高橋,2024-07-02,5320
1616,億泰,26,0,26,高橋,2024-07-02,5320
00946,群益科技高息成長,25,0,25,高橋,2024-07-02,5320
1303,南亞,38,14,24,高橋,2024-07-02,5320
1815,富喬,29,6,23,高橋,2024-07-02,5320
4167,松瑞藥,28,5,23,高橋,2024-07-02,5320
00949,復華日本龍頭,23,0,23,高橋,2024-07-02,5320
3702,大聯大,21,0,21,高橋,2024-07-02,5320
3711,日月光投控,24,3,21,高橋,2024-07-02,5320
1434,福懋,20,0,20,高橋,2024-07-02,5320
3207,耀勝,20,0,20,高橋,2024-07-02,5320
2636,台驊控股,21,1,20,高橋,2024-07-02,5320
00680L,元大美債20正2,19,0,19,高橋,2024-07-02,5320
2412,中華電,24,5,19,高橋,2024-07-02,5320
3122,笙泉,18,0,18,高橋,2024-07-02,5320
8440,綠電,21,3,18,高橋,2024-07-02,5320
1326,台化,19,1,18,高橋,2024-07-02,5320
1611,中電,17,0,17,高橋,2024-07-02,5320
00942B,台新美A公司債20+,17,0,17,高橋,2024-07-02,5320
2356,英業達,24,7,17,高橋,2024-07-02,5320
2615,萬海,31,15,16,高橋,2024-07-02,5320
00934,中信成長高股息,354,32,322,高橋,2024-07-03,5320
00946,群益科技高息成長,119,10,109,高橋,2024-07-03,5320
00680L,元大美債20正2,68,0,68,高橋,2024-07-03,5320
00949,復華日本龍頭,65,3,62,高橋,2024-07-03,5320
2317,鴻海,78,16,62,高橋,2024-07-03,5320
00931B,統一美債20年,50,0,50,高橋,2024-07-03,5320
2501,國建,50,0,50,高橋,2024-07-03,5320
3673,TPK-KY,55,10,45,高橋,2024-07-03,5320
00919,群益台灣精選高息,57,15,42,高橋,2024-07-03,5320
2605,新興,46,5,41,高橋,2024-07-03,5320
3005,神基,47,6,41,高橋,2024-07-03,5320
4114,健喬,40,0,40,高橋,2024-07-03,5320
6244,茂迪,51,13,38,高橋,2024-07-03,5320
6282,康舒,46,8,38,高橋,2024-07-03,5320
6152,百一,43,6,37,高橋,2024-07-03,5320
6182,合晶,40,4,36,高橋,2024-07-03,5320
3047,訊舟,102,69,33,高橋,2024-07-03,5320
6127,九豪,51,18,33,高橋,2024-07-03,5320
2402,毅嘉,43,11,32,高橋,2024-07-03,5320
6116,彩晶,33,2,31,高橋,2024-07-03,5320
2025,千興,31,0,31,高橋,2024-07-03,5320
5347,世界,39,8,31,高橋,2024-07-03,5320
4976,佳凌,30,0,30,高橋,2024-07-03,5320
6443,元晶,59,29,30,高橋,2024-07-03,5320
6477,安集,30,3,27,高橋,2024-07-03,5320
00945B,凱基美國非投等債,27,0,27,高橋,2024-07-03,5320
2610,華航,31,5,26,高橋,2024-07-03,5320
1337,再生-KY,25,0,25,高橋,2024-07-03,5320
4167,松瑞藥,30,8,22,高橋,2024-07-03,5320
3004,豐達科,22,0,22,高橋,2024-07-03,5320
2404,漢唐,26,4,22,高橋,2024-07-03,5320
00935,野村臺灣新科技50,21,0,21,高橋,2024-07-03,5320
3481,群創,96,75,21,高橋,2024-07-03,5320
8277,商丞,20,0,20,高橋,2024-07-03,5320
3266,昇陽,20,0,20,高橋,2024-07-03,5320
3707,漢磊,21,2,19,高橋,2024-07-03,5320
3576,聯合再生,99,80,19,高橋,2024-07-03,5320
1785,光洋科,67,48,19,高橋,2024-07-03,5320
2356,英業達,25,8,17,高橋,2024-07-03,5320
2406,國碩,29,12,17,高橋,2024-07-03,5320
2374,佳能,26,9,17,高橋,2024-07-03,5320
3062,建漢,23,7,16,高橋,2024-07-03,5320
00936,台新永續高息中小,16,0,16,高橋,2024-07-03,5320
1617,榮星,16,0,16,高橋,2024-07-03,5320
2301,光寶科,20,4,16,高橋,2024-07-03,5320
2332,友訊,21,5,16,高橋,2024-07-03,5320
6005,群益證,18,2,16,高橋,2024-07-03,5320
8011,台通,16,1,15,高橋,2024-07-03,5320
2838,聯邦銀,15,0,15,高橋,2024-07-03,5320
2312,金寶,23,8,15,高橋,2024-07-03,5320
2887,台新金,223,1,222,高橋,2024-07-04,5320
00949,復華日本龍頭,175,0,175,高橋,2024-07-04,5320
3028,增你強,150,6,144,高橋,2024-07-04,5320
3202,樺晟,143,5,138,高橋,2024-07-04,5320
00632R,元大台灣50反1,127,15,112,高橋,2024-07-04,5320
2883,凱基金,228,152,76,高橋,2024-07-04,5320
2610,華航,111,43,68,高橋,2024-07-04,5320
2412,中華電,62,2,60,高橋,2024-07-04,5320
00680L,元大美債20正2,60,0,60,高橋,2024-07-04,5320
3050,鈺德,54,0,54,高橋,2024-07-04,5320
3047,訊舟,77,28,49,高橋,2024-07-04,5320
00934,中信成長高股息,47,1,46,高橋,2024-07-04,5320
00935,野村臺灣新科技50,45,0,45,高橋,2024-07-04,5320
2606,裕民,43,0,43,高橋,2024-07-04,5320
2417,圓剛,81,38,43,高橋,2024-07-04,5320
1603,華電,42,0,42,高橋,2024-07-04,5320
2402,毅嘉,44,4,40,高橋,2024-07-04,5320
1587,吉茂,41,4,37,高橋,2024-07-04,5320
5347,世界,40,5,35,高橋,2024-07-04,5320
2324,仁寶,39,4,35,高橋,2024-07-04,5320
2605,新興,33,0,33,高橋,2024-07-04,5320
2888,新光金,91,61,30,高橋,2024-07-04,5320
00725B,國泰投資級公司債,30,0,30,高橋,2024-07-04,5320
9934,成霖,30,0,30,高橋,2024-07-04,5320
4109,加捷生醫,38,8,30,高橋,2024-07-04,5320
00679B,元大美債20年,30,1,29,高橋,2024-07-04,5320
3499,環天科,29,0,29,高橋,2024-07-04,5320
3576,聯合再生,49,21,28,高橋,2024-07-04,5320
1815,富喬,34,7,27,高橋,2024-07-04,5320
8234,新漢,34,9,25,高橋,2024-07-04,5320
9105,泰金寶-DR,40,16,24,高橋,2024-07-04,5320
6147,頎邦,27,4,23,高橋,2024-07-04,5320
2515,中工,22,0,22,高橋,2024-07-04,5320
00931B,統一美債20年,22,0,22,高橋,2024-07-04,5320
00915,凱基優選高股息30,22,0,22,高橋,2024-07-04,5320
6111,大宇資,21,1,20,高橋,2024-07-04,5320
00676R,富邦臺灣加權反1,20,0,20,高橋,2024-07-04,5320
5243,乙盛-KY,21,1,20,高橋,2024-07-04,5320
00673R,期元大S＆P原油反1,20,0,20,高橋,2024-07-04,5320
2354,鴻準,61,41,20,高橋,2024-07-04,5320
2405,輔信,133,114,19,高橋,2024-07-04,5320
3450,聯鈞,35,17,18,高橋,2024-07-04,5320
4532,瑞智,18,0,18,高橋,2024-07-04,5320
3615,安可,26,9,17,高橋,2024-07-04,5320
6152,百一,17,0,17,高橋,2024-07-04,5320
2609,陽明,34,18,16,高橋,2024-07-04,5320
00664R,國泰臺灣加權反1,15,0,15,高橋,2024-07-04,5320
2457,飛宏,15,0,15,高橋,2024-07-04,5320
3652,精聯,15,0,15,高橋,2024-07-04,5320
1611,中電,15,0,15,高橋,2024-07-04,5320
1718,中纖,1007,32,975,高橋,2024-07-05,5320
2618,長榮航,395,140,255,高橋,2024-07-05,5320
6770,力積電,187,9,178,高橋,2024-07-05,5320
2615,萬海,158,12,146,高橋,2024-07-05,5320
00931B,統一美債20年,144,2,142,高橋,2024-07-05,5320
2610,華航,101,12,89,高橋,2024-07-05,5320
00637L,元大滬深300正2,73,0,73,高橋,2024-07-05,5320
00934,中信成長高股息,73,1,72,高橋,2024-07-05,5320
3048,益登,110,39,71,高橋,2024-07-05,5320
1802,台玻,103,33,70,高橋,2024-07-05,5320
3481,群創,133,66,67,高橋,2024-07-05,5320
2349,錸德,79,22,57,高橋,2024-07-05,5320
2356,英業達,180,125,55,高橋,2024-07-05,5320
2883,凱基金,61,24,37,高橋,2024-07-05,5320
2312,金寶,70,33,37,高橋,2024-07-05,5320
00929,復華台灣科技優息,78,46,32,高橋,2024-07-05,5320
2609,陽明,81,50,31,高橋,2024-07-05,5320
5484,慧友,36,5,31,高橋,2024-07-05,5320
6695,芯鼎,33,2,31,高橋,2024-07-05,5320
00753L,中信中國50正2,34,3,31,高橋,2024-07-05,5320
5392,能率,48,18,30,高橋,2024-07-05,5320
6179,亞通,36,9,27,高橋,2024-07-05,5320
2603,長榮,30,4,26,高橋,2024-07-05,5320
3005,神基,28,5,23,高橋,2024-07-05,5320
1303,南亞,23,1,22,高橋,2024-07-05,5320
2911,麗嬰房,27,5,22,高橋,2024-07-05,5320
2301,光寶科,23,2,21,高橋,2024-07-05,5320
4938,和碩,22,1,21,高橋,2024-07-05,5320
2887,台新金,21,0,21,高橋,2024-07-05,5320
5302,太欣,20,0,20,高橋,2024-07-05,5320
2352,佳世達,23,3,20,高橋,2024-07-05,5320
4154,樂威科-KY,20,0,20,高橋,2024-07-05,5320
1519,華城,20,0,20,高橋,2024-07-05,5320
2324,仁寶,22,2,20,高橋,2024-07-05,5320
3576,聯合再生,57,38,19,高橋,2024-07-05,5320
3520,華盈,20,1,19,高橋,2024-07-05,5320
6202,盛群,20,1,19,高橋,2024-07-05,5320
4958,臻鼎-KY,24,5,19,高橋,2024-07-05,5320
2317,鴻海,66,47,19,高橋,2024-07-05,5320
1513,中興電,37,18,19,高橋,2024-07-05,5320
00881,國泰台灣5G+,21,3,18,高橋,2024-07-05,5320
3013,晟銘電,21,5,16,高橋,2024-07-05,5320
1714,和桐,20,5,15,高橋,2024-07-05,5320
1711,永光,40,25,15,高橋,2024-07-05,5320
3492,長盛,14,0,14,高橋,2024-07-05,5320
3580,友威科,40,27,13,高橋,2024-07-05,5320
00679B,元大美債20年,13,0,13,高橋,2024-07-05,5320
8383,千附,13,0,13,高橋,2024-07-05,5320
3037,欣興,19,6,13,高橋,2024-07-05,5320
2838,聯邦銀,13,0,13,高橋,2024-07-05,5320
00934,中信成長高股息,382,0,382,高橋,2024-07-08,5320
8105,凌巨,207,16,191,高橋,2024-07-08,5320
1802,台玻,176,0,176,高橋,2024-07-08,5320
3481,群創,223,98,125,高橋,2024-07-08,5320
2329,華泰,132,8,124,高橋,2024-07-08,5320
2371,大同,110,13,97,高橋,2024-07-08,5320
4903,聯光通,74,0,74,高橋,2024-07-08,5320
00918,大華優利高填息30,86,16,70,高橋,2024-07-08,5320
6005,群益證,66,0,66,高橋,2024-07-08,5320
00931B,統一美債20年,60,1,59,高橋,2024-07-08,5320
1785,光洋科,119,62,57,高橋,2024-07-08,5320
1409,新纖,128,73,55,高橋,2024-07-08,5320
00735,國泰臺韓科技,50,0,50,高橋,2024-07-08,5320
1718,中纖,57,13,44,高橋,2024-07-08,5320
00946,群益科技高息成長,48,7,41,高橋,2024-07-08,5320
6126,信音,48,7,41,高橋,2024-07-08,5320
00632R,元大台灣50反1,44,4,40,高橋,2024-07-08,5320
1513,中興電,70,31,39,高橋,2024-07-08,5320
2332,友訊,36,0,36,高橋,2024-07-08,5320
2609,陽明,137,105,32,高橋,2024-07-08,5320
3045,台灣大,31,1,30,高橋,2024-07-08,5320
2352,佳世達,39,9,30,高橋,2024-07-08,5320
3005,神基,30,0,30,高橋,2024-07-08,5320
1584,精剛,30,0,30,高橋,2024-07-08,5320
6177,達麗,30,0,30,高橋,2024-07-08,5320
6117,迎廣,28,0,28,高橋,2024-07-08,5320
4526,東台,30,3,27,高橋,2024-07-08,5320
2365,昆盈,97,70,27,高橋,2024-07-08,5320
0056,元大高股息,28,1,27,高橋,2024-07-08,5320
2440,太空梭,26,0,26,高橋,2024-07-08,5320
6282,康舒,28,3,25,高橋,2024-07-08,5320
00676R,富邦臺灣加權反1,25,0,25,高橋,2024-07-08,5320
1815,富喬,35,10,25,高橋,2024-07-08,5320
00753L,中信中國50正2,32,8,24,高橋,2024-07-08,5320
2883,凱基金,58,34,24,高橋,2024-07-08,5320
2427,三商電,29,6,23,高橋,2024-07-08,5320
00944,野村趨勢動能高息,28,5,23,高橋,2024-07-08,5320
6443,元晶,37,14,23,高橋,2024-07-08,5320
8028,昇陽半導體,35,13,22,高橋,2024-07-08,5320
2353,宏��,41,19,22,高橋,2024-07-08,5320
1568,倉佑,22,0,22,高橋,2024-07-08,5320
2417,圓剛,38,17,21,高橋,2024-07-08,5320
2351,順德,24,3,21,高橋,2024-07-08,5320
00687B,國泰20年美債,21,0,21,高橋,2024-07-08,5320
9105,泰金寶-DR,41,20,21,高橋,2024-07-08,5320
4183,福永生技,20,0,20,高橋,2024-07-08,5320
1909,榮成,20,0,20,高橋,2024-07-08,5320
00664R,國泰臺灣加權反1,20,0,20,高橋,2024-07-08,5320
6111,大宇資,20,0,20,高橋,2024-07-08,5320
2612,中航,19,0,19,高橋,2024-07-08,5320
2888,新光金,374,231,143,高橋,2024-07-09,5320
2349,錸德,160,31,129,高橋,2024-07-09,5320
2610,華航,91,7,84,高橋,2024-07-09,5320
00936,台新永續高息中小,73,3,70,高橋,2024-07-09,5320
2834,臺企銀,101,35,66,高橋,2024-07-09,5320
2317,鴻海,103,40,63,高橋,2024-07-09,5320
2618,長榮航,67,6,61,高橋,2024-07-09,5320
2609,陽明,144,88,56,高橋,2024-07-09,5320
00929,復華台灣科技優息,100,45,55,高橋,2024-07-09,5320
00934,中信成長高股息,56,2,54,高橋,2024-07-09,5320
3710,連展投控,68,17,51,高橋,2024-07-09,5320
1304,台聚,50,0,50,高橋,2024-07-09,5320
9934,成霖,50,0,50,高橋,2024-07-09,5320
6120,達運,46,1,45,高橋,2024-07-09,5320
00632R,元大台灣50反1,76,33,43,高橋,2024-07-09,5320
1785,光洋科,103,61,42,高橋,2024-07-09,5320
6547,高端疫苗,45,3,42,高橋,2024-07-09,5320
3374,精材,62,21,41,高橋,2024-07-09,5320
2353,宏��,56,16,40,高橋,2024-07-09,5320
4167,松瑞藥,38,0,38,高橋,2024-07-09,5320
00881,國泰台灣5G+,43,6,37,高橋,2024-07-09,5320
3047,訊舟,98,62,36,高橋,2024-07-09,5320
4183,福永生技,30,0,30,高橋,2024-07-09,5320
2002,中鋼,27,0,27,高橋,2024-07-09,5320
4306,炎洲,26,0,26,高橋,2024-07-09,5320
2367,燿華,132,106,26,高橋,2024-07-09,5320
1584,精剛,30,5,25,高橋,2024-07-09,5320
2356,英業達,28,4,24,高橋,2024-07-09,5320
8049,晶采,24,0,24,高橋,2024-07-09,5320
1802,台玻,24,1,23,高橋,2024-07-09,5320
00946,群益科技高息成長,23,0,23,高橋,2024-07-09,5320
2313,華通,34,12,22,高橋,2024-07-09,5320
5302,太欣,26,4,22,高橋,2024-07-09,5320
2889,國票金,29,7,22,高橋,2024-07-09,5320
6153,嘉聯益,42,21,21,高橋,2024-07-09,5320
00949,復華日本龍頭,20,0,20,高橋,2024-07-09,5320
2883,凱基金,41,21,20,高橋,2024-07-09,5320
6015,宏遠證,20,0,20,高橋,2024-07-09,5320
2405,輔信,76,56,20,高橋,2024-07-09,5320
911868,同方友友-DR,19,0,19,高橋,2024-07-09,5320
3673,TPK-KY,82,63,19,高橋,2024-07-09,5320
3050,鈺德,25,7,18,高橋,2024-07-09,5320
6189,豐藝,23,5,18,高橋,2024-07-09,5320
2641,正德,17,0,17,高橋,2024-07-09,5320
00893,國泰智能電動車,20,3,17,高橋,2024-07-09,5320
3037,欣興,16,0,16,高橋,2024-07-09,5320
4960,誠美材,17,1,16,高橋,2024-07-09,5320
2412,中華電,16,1,15,高橋,2024-07-09,5320
4909,新復興,15,0,15,高橋,2024-07-09,5320
2312,金寶,290,276,14,高橋,2024-07-09,5320
00934,中信成長高股息,257,1,256,高橋,2024-07-10,5320
2885,元大金,126,1,125,高橋,2024-07-10,5320
2883,凱基金,174,86,88,高橋,2024-07-10,5320
2367,燿華,100,15,85,高橋,2024-07-10,5320
2002,中鋼,76,4,72,高橋,2024-07-10,5320
4566,時碩工業,74,5,69,高橋,2024-07-10,5320
2867,三商壽,78,10,68,高橋,2024-07-10,5320
2401,凌陽,68,3,65,高橋,2024-07-10,5320
5309,系統電,73,11,62,高橋,2024-07-10,5320
2886,兆豐金,55,1,54,高橋,2024-07-10,5320
00881,國泰台灣5G+,40,1,39,高橋,2024-07-10,5320
1303,南亞,43,5,38,高橋,2024-07-10,5320
00927,群益半導體收益,36,0,36,高橋,2024-07-10,5320
1434,福懋,36,0,36,高橋,2024-07-10,5320
6603,富強鑫,36,2,34,高橋,2024-07-10,5320
2834,臺企銀,35,2,33,高橋,2024-07-10,5320
1616,億泰,34,4,30,高橋,2024-07-10,5320
2317,鴻海,50,21,29,高橋,2024-07-10,5320
00665L,富邦�琤肭磪囓�2,35,6,29,高橋,2024-07-10,5320
00937B,群益ESG投等債20,27,0,27,高橋,2024-07-10,5320
00885,富邦越南,30,3,27,高橋,2024-07-10,5320
2615,萬海,27,4,23,高橋,2024-07-10,5320
3576,聯合再生,36,13,23,高橋,2024-07-10,5320
2606,裕民,23,0,23,高橋,2024-07-10,5320
3231,緯創,34,12,22,高橋,2024-07-10,5320
6278,台表科,20,0,20,高橋,2024-07-10,5320
5230,雷笛克光學,20,1,19,高橋,2024-07-10,5320
3047,訊舟,82,64,18,高橋,2024-07-10,5320
4526,東台,20,2,18,高橋,2024-07-10,5320
2605,新興,18,0,18,高橋,2024-07-10,5320
00882,中信中國高股息,17,0,17,高橋,2024-07-10,5320
2392,正崴,51,34,17,高橋,2024-07-10,5320
3037,欣興,17,1,16,高橋,2024-07-10,5320
3234,光環,18,2,16,高橋,2024-07-10,5320
2412,中華電,15,0,15,高橋,2024-07-10,5320
1909,榮成,15,0,15,高橋,2024-07-10,5320
00735,國泰臺韓科技,15,0,15,高橋,2024-07-10,5320
2301,光寶科,30,16,14,高橋,2024-07-10,5320
5328,華容,16,2,14,高橋,2024-07-10,5320
3114,好德,14,0,14,高橋,2024-07-10,5320
00923,群益台ESG低碳50,14,0,14,高橋,2024-07-10,5320
4904,遠傳,14,0,14,高橋,2024-07-10,5320
6116,彩晶,14,0,14,高橋,2024-07-10,5320
8105,凌巨,37,23,14,高橋,2024-07-10,5320
2323,中環,15,2,13,高橋,2024-07-10,5320
2845,遠東銀,13,0,13,高橋,2024-07-10,5320
6477,安集,13,0,13,高橋,2024-07-10,5320
1609,大亞,22,9,13,高橋,2024-07-10,5320
1301,台塑,16,3,13,高橋,2024-07-10,5320
6133,金橋,15,2,13,高橋,2024-07-10,5320
2888,新光金,311,50,261,高橋,2024-07-11,5320
00937B,群益ESG投等債20,166,2,164,高橋,2024-07-11,5320
00944,野村趨勢動能高息,161,5,156,高橋,2024-07-11,5320
3202,樺晟,153,0,153,高橋,2024-07-11,5320
5328,華容,108,13,95,高橋,2024-07-11,5320
00934,中信成長高股息,93,3,90,高橋,2024-07-11,5320
6547,高端疫苗,87,0,87,高橋,2024-07-11,5320
00632R,元大台灣50反1,114,34,80,高橋,2024-07-11,5320
5309,系統電,93,21,72,高橋,2024-07-11,5320
2353,宏��,86,21,65,高橋,2024-07-11,5320
2355,敬鵬,58,2,56,高橋,2024-07-11,5320
6757,台灣虎航,45,0,45,高橋,2024-07-11,5320
1503,士電,47,5,42,高橋,2024-07-11,5320
00679B,元大美債20年,104,63,41,高橋,2024-07-11,5320
6207,雷科,44,3,41,高橋,2024-07-11,5320
1513,中興電,63,24,39,高橋,2024-07-11,5320
2365,昆盈,84,46,38,高橋,2024-07-11,5320
2362,藍天,46,9,37,高橋,2024-07-11,5320
2464,盟立,45,9,36,高橋,2024-07-11,5320
00927,群益半導體收益,33,0,33,高橋,2024-07-11,5320
2405,輔信,41,9,32,高橋,2024-07-11,5320
9105,泰金寶-DR,105,73,32,高橋,2024-07-11,5320
6443,元晶,41,9,32,高橋,2024-07-11,5320
2367,燿華,73,44,29,高橋,2024-07-11,5320
1802,台玻,36,9,27,高橋,2024-07-11,5320
1795,美時,27,1,26,高橋,2024-07-11,5320
1785,光洋科,56,31,25,高橋,2024-07-11,5320
6125,廣運,32,7,25,高橋,2024-07-11,5320
911868,同方友友-DR,24,0,24,高橋,2024-07-11,5320
8358,金居,48,26,22,高橋,2024-07-11,5320
5443,均豪,28,6,22,高橋,2024-07-11,5320
8147,正淩,27,6,21,高橋,2024-07-11,5320
6015,宏遠證,20,0,20,高橋,2024-07-11,5320
3045,台灣大,20,0,20,高橋,2024-07-11,5320
00676R,富邦臺灣加權反1,20,0,20,高橋,2024-07-11,5320
4906,正文,34,14,20,高橋,2024-07-11,5320
6152,百一,25,7,18,高橋,2024-07-11,5320
3024,憶聲,18,0,18,高橋,2024-07-11,5320
2337,旺宏,80,62,18,高橋,2024-07-11,5320
911608,明輝-DR,17,0,17,高橋,2024-07-11,5320
4510,高鋒,19,2,17,高橋,2024-07-11,5320
2615,萬海,48,31,17,高橋,2024-07-11,5320
1514,亞力,52,35,17,高橋,2024-07-11,5320
2324,仁寶,27,11,16,高橋,2024-07-11,5320
6139,亞翔,21,5,16,高橋,2024-07-11,5320
3576,聯合再生,21,5,16,高橋,2024-07-11,5320
2834,臺企銀,22,7,15,高橋,2024-07-11,5320
6196,帆宣,15,0,15,高橋,2024-07-11,5320
2891,中信金,26,11,15,高橋,2024-07-11,5320
00905,FT臺灣Smart,16,1,15,高橋,2024-07-11,5320
00665L,富邦�琤肭磪囓�2,630,30,600,高橋,2024-07-12,5320
00937B,群益ESG投等債20,384,5,379,高橋,2024-07-12,5320
00919,群益台灣精選高息,405,38,367,高橋,2024-07-12,5320
00929,復華台灣科技優息,318,41,277,高橋,2024-07-12,5320
00934,中信成長高股息,200,0,200,高橋,2024-07-12,5320
2303,聯電,189,16,173,高橋,2024-07-12,5320
2352,佳世達,107,0,107,高橋,2024-07-12,5320
00632R,元大台灣50反1,240,147,93,高橋,2024-07-12,5320
2317,鴻海,165,78,87,高橋,2024-07-12,5320
00680L,元大美債20正2,80,2,78,高橋,2024-07-12,5320
00891,中信關鍵半導體,73,0,73,高橋,2024-07-12,5320
2867,三商壽,84,15,69,高橋,2024-07-12,5320
00688L,國泰20年美債正2,100,35,65,高橋,2024-07-12,5320
3047,訊舟,68,7,61,高橋,2024-07-12,5320
00878,國泰永續高股息,73,13,60,高橋,2024-07-12,5320
9105,泰金寶-DR,61,8,53,高橋,2024-07-12,5320
2889,國票金,62,12,50,高橋,2024-07-12,5320
00927,群益半導體收益,46,0,46,高橋,2024-07-12,5320
00881,國泰台灣5G+,59,18,41,高橋,2024-07-12,5320
4576,大銀微系統,40,0,40,高橋,2024-07-12,5320
6015,宏遠證,40,0,40,高橋,2024-07-12,5320
2330,台積電,51,11,40,高橋,2024-07-12,5320
3019,亞光,59,20,39,高橋,2024-07-12,5320
00720B,元大投資級公司債,51,12,39,高橋,2024-07-12,5320
00940,元大台灣價值高息,54,16,38,高橋,2024-07-12,5320
3712,永崴投控,39,5,34,高橋,2024-07-12,5320
3663,鑫科,40,6,34,高橋,2024-07-12,5320
3231,緯創,39,8,31,高橋,2024-07-12,5320
2834,臺企銀,53,23,30,高橋,2024-07-12,5320
3049,精金,31,2,29,高橋,2024-07-12,5320
6207,雷科,26,0,26,高橋,2024-07-12,5320
2312,金寶,354,328,26,高橋,2024-07-12,5320
2603,長榮,30,4,26,高橋,2024-07-12,5320
1444,力麗,25,0,25,高橋,2024-07-12,5320
2313,華通,30,6,24,高橋,2024-07-12,5320
2371,大同,42,18,24,高橋,2024-07-12,5320
006208,富邦台50,22,0,22,高橋,2024-07-12,5320
00922,國泰台灣領袖50,21,0,21,高橋,2024-07-12,5320
00679B,元大美債20年,38,18,20,高橋,2024-07-12,5320
1569,濱川,34,14,20,高橋,2024-07-12,5320
2102,泰豐,22,2,20,高橋,2024-07-12,5320
1529,樂事綠能,25,5,20,高橋,2024-07-12,5320
2618,長榮航,20,1,19,高橋,2024-07-12,5320
3048,益登,31,12,19,高橋,2024-07-12,5320
1536,和大,48,32,16,高橋,2024-07-12,5320
4109,加捷生醫,43,27,16,高橋,2024-07-12,5320
00918,大華優利高填息30,18,2,16,高橋,2024-07-12,5320
3034,聯詠,15,0,15,高橋,2024-07-12,5320
00735,國泰臺韓科技,15,0,15,高橋,2024-07-12,5320
3711,日月光投控,16,2,14,高橋,2024-07-12,5320
2888,新光金,387,41,346,高橋,2024-07-15,5320
2610,華航,197,0,197,高橋,2024-07-15,5320
2880,華南金,181,6,175,高橋,2024-07-15,5320
2618,長榮航,173,14,159,高橋,2024-07-15,5320
2489,瑞軒,201,47,154,高橋,2024-07-15,5320
0056,元大高股息,158,56,102,高橋,2024-07-15,5320
00740B,富邦全球投等債,75,0,75,高橋,2024-07-15,5320
2891,中信金,81,13,68,高橋,2024-07-15,5320
9945,潤泰新,71,5,66,高橋,2024-07-15,5320
3710,連展投控,68,2,66,高橋,2024-07-15,5320
00929,復華台灣科技優息,202,145,57,高橋,2024-07-15,5320
00919,群益台灣精選高息,55,0,55,高橋,2024-07-15,5320
2243,宏旭-KY,78,25,53,高橋,2024-07-15,5320
2409,友達,49,3,46,高橋,2024-07-15,5320
1608,華榮,69,27,42,高橋,2024-07-15,5320
9105,泰金寶-DR,85,47,38,高橋,2024-07-15,5320
8112,至上,37,2,35,高橋,2024-07-15,5320
00725B,國泰投資級公司債,35,0,35,高橋,2024-07-15,5320
6111,大宇資,35,1,34,高橋,2024-07-15,5320
00933B,國泰10Y+金融債,34,0,34,高橋,2024-07-15,5320
6712,長聖,37,4,33,高橋,2024-07-15,5320
6026,福邦證,31,0,31,高橋,2024-07-15,5320
00934,中信成長高股息,70,41,29,高橋,2024-07-15,5320
3260,威剛,29,0,29,高橋,2024-07-15,5320
2365,昆盈,60,32,28,高橋,2024-07-15,5320
2834,臺企銀,38,12,26,高橋,2024-07-15,5320
3312,弘憶股,29,4,25,高橋,2024-07-15,5320
6603,富強鑫,25,0,25,高橋,2024-07-15,5320
2408,南亞科,25,1,24,高橋,2024-07-15,5320
2392,正崴,28,4,24,高橋,2024-07-15,5320
00936,台新永續高息中小,24,0,24,高橋,2024-07-15,5320
2324,仁寶,25,2,23,高橋,2024-07-15,5320
00687B,國泰20年美債,29,6,23,高橋,2024-07-15,5320
2498,宏達電,27,4,23,高橋,2024-07-15,5320
6770,力積電,27,5,22,高橋,2024-07-15,5320
6708,天擎,22,0,22,高橋,2024-07-15,5320
00948B,中信優息投資級債,20,0,20,高橋,2024-07-15,5320
3062,建漢,22,2,20,高橋,2024-07-15,5320
2867,三商壽,30,10,20,高橋,2024-07-15,5320
6005,群益證,19,0,19,高橋,2024-07-15,5320
1597,直得,23,4,19,高橋,2024-07-15,5320
4904,遠傳,29,10,19,高橋,2024-07-15,5320
1314,中石化,20,1,19,高橋,2024-07-15,5320
6116,彩晶,19,1,18,高橋,2024-07-15,5320
00679B,元大美債20年,29,12,17,高橋,2024-07-15,5320
1727,中華化,19,2,17,高橋,2024-07-15,5320
00931B,統一美債20年,36,20,16,高橋,2024-07-15,5320
8028,昇陽半導體,17,1,16,高橋,2024-07-15,5320
1301,台塑,17,2,15,高橋,2024-07-15,5320
8105,凌巨,22,7,15,高橋,2024-07-15,5320
00946,群益科技高息成長,458,0,458,高橋,2024-07-16,5320
00665L,富邦�琤肭磪囓�2,300,0,300,高橋,2024-07-16,5320
00929,復華台灣科技優息,307,43,264,高橋,2024-07-16,5320
2501,國建,102,1,101,高橋,2024-07-16,5320
2367,燿華,75,0,75,高橋,2024-07-16,5320
00753L,中信中國50正2,70,0,70,高橋,2024-07-16,5320
00937B,群益ESG投等債20,72,10,62,高橋,2024-07-16,5320
00933B,國泰10Y+金融債,56,0,56,高橋,2024-07-16,5320
00919,群益台灣精選高息,60,6,54,高橋,2024-07-16,5320
00934,中信成長高股息,72,22,50,高橋,2024-07-16,5320
2915,潤泰全,57,7,50,高橋,2024-07-16,5320
2317,鴻海,59,12,47,高橋,2024-07-16,5320
1608,華榮,47,4,43,高橋,2024-07-16,5320
00650L,復華香港正2,42,0,42,高橋,2024-07-16,5320
1569,濱川,40,3,37,高橋,2024-07-16,5320
0056,元大高股息,39,2,37,高橋,2024-07-16,5320
00679B,元大美債20年,38,4,34,高橋,2024-07-16,5320
00905,FT臺灣Smart,34,2,32,高橋,2024-07-16,5320
2489,瑞軒,79,48,31,高橋,2024-07-16,5320
2633,台灣高鐵,30,0,30,高橋,2024-07-16,5320
2243,宏旭-KY,30,2,28,高橋,2024-07-16,5320
3481,群創,39,11,28,高橋,2024-07-16,5320
3710,連展投控,27,0,27,高橋,2024-07-16,5320
2354,鴻準,27,2,25,高橋,2024-07-16,5320
1109,信大,25,0,25,高橋,2024-07-16,5320
1540,喬福,36,11,25,高橋,2024-07-16,5320
2356,英業達,26,2,24,高橋,2024-07-16,5320
2891,中信金,26,2,24,高橋,2024-07-16,5320
6770,力積電,22,0,22,高橋,2024-07-16,5320
3047,訊舟,24,3,21,高橋,2024-07-16,5320
6270,倍微,22,1,21,高橋,2024-07-16,5320
2890,永豐金,22,1,21,高橋,2024-07-16,5320
5347,世界,32,11,21,高橋,2024-07-16,5320
2881,富邦金,21,0,21,高橋,2024-07-16,5320
3290,東浦,22,3,19,高橋,2024-07-16,5320
1514,亞力,26,7,19,高橋,2024-07-16,5320
9955,佳龍,18,0,18,高橋,2024-07-16,5320
2542,興富發,46,29,17,高橋,2024-07-16,5320
00882,中信中國高股息,32,15,17,高橋,2024-07-16,5320
6477,安集,24,7,17,高橋,2024-07-16,5320
2615,萬海,39,22,17,高橋,2024-07-16,5320
1304,台聚,16,0,16,高橋,2024-07-16,5320
1616,億泰,16,0,16,高橋,2024-07-16,5320
00881,國泰台灣5G+,17,1,16,高橋,2024-07-16,5320
1785,光洋科,26,10,16,高橋,2024-07-16,5320
2492,華新科,20,5,15,高橋,2024-07-16,5320
1513,中興電,30,15,15,高橋,2024-07-16,5320
1711,永光,15,0,15,高橋,2024-07-16,5320
5531,鄉林,20,5,15,高橋,2024-07-16,5320
8011,台通,47,32,15,高橋,2024-07-16,5320
00919,群益台灣精選高息,295,1,294,高橋,2024-07-17,5320
00929,復華台灣科技優息,308,34,274,高橋,2024-07-17,5320
00934,中信成長高股息,249,0,249,高橋,2024-07-17,5320
00878,國泰永續高股息,250,7,243,高橋,2024-07-17,5320
00857B,永豐20年美公債,190,0,190,高橋,2024-07-17,5320
00927,群益半導體收益,102,0,102,高橋,2024-07-17,5320
8011,台通,117,30,87,高橋,2024-07-17,5320
3231,緯創,85,18,67,高橋,2024-07-17,5320
2371,大同,124,64,60,高橋,2024-07-17,5320
2408,南亞科,56,0,56,高橋,2024-07-17,5320
2834,臺企銀,56,1,55,高橋,2024-07-17,5320
00712,復華富時不動產,101,46,55,高橋,2024-07-17,5320
5880,合庫金,51,4,47,高橋,2024-07-17,5320
0056,元大高股息,52,5,47,高橋,2024-07-17,5320
00946,群益科技高息成長,45,0,45,高橋,2024-07-17,5320
2303,聯電,55,12,43,高橋,2024-07-17,5320
00687B,國泰20年美債,53,14,39,高橋,2024-07-17,5320
4906,正文,76,37,39,高橋,2024-07-17,5320
2888,新光金,58,22,36,高橋,2024-07-17,5320
8064,東捷,42,6,36,高橋,2024-07-17,5320
2883,凱基金,51,15,36,高橋,2024-07-17,5320
2330,台積電,35,2,33,高橋,2024-07-17,5320
2881,富邦金,44,11,33,高橋,2024-07-17,5320
1513,中興電,55,24,31,高橋,2024-07-17,5320
2312,金寶,62,34,28,高橋,2024-07-17,5320
2243,宏旭-KY,29,1,28,高橋,2024-07-17,5320
2449,京元電子,40,14,26,高橋,2024-07-17,5320
00882,中信中國高股息,26,0,26,高橋,2024-07-17,5320
00680L,元大美債20正2,50,26,24,高橋,2024-07-17,5320
2401,凌陽,23,1,22,高橋,2024-07-17,5320
2845,遠東銀,23,2,21,高橋,2024-07-17,5320
3058,立德,20,0,20,高橋,2024-07-17,5320
00772B,中信高評級公司債,25,5,20,高橋,2024-07-17,5320
4109,加捷生醫,25,6,19,高橋,2024-07-17,5320
00679B,元大美債20年,26,7,19,高橋,2024-07-17,5320
3673,TPK-KY,40,22,18,高橋,2024-07-17,5320
6285,啟��,19,1,18,高橋,2024-07-17,5320
8926,台汽電,18,0,18,高橋,2024-07-17,5320
5328,華容,18,1,17,高橋,2024-07-17,5320
00936,台新永續高息中小,19,2,17,高橋,2024-07-17,5320
2382,廣達,20,4,16,高橋,2024-07-17,5320
2603,長榮,23,7,16,高橋,2024-07-17,5320
3437,榮創,29,14,15,高橋,2024-07-17,5320
1319,東陽,15,0,15,高橋,2024-07-17,5320
6244,茂迪,17,2,15,高橋,2024-07-17,5320
2537,聯上發,35,20,15,高橋,2024-07-17,5320
5876,上海商銀,14,0,14,高橋,2024-07-17,5320
00905,FT臺灣Smart,14,0,14,高橋,2024-07-17,5320
2376,技嘉,20,6,14,高橋,2024-07-17,5320
00918,大華優利高填息30,15,1,14,高橋,2024-07-17,5320
00878,國泰永續高股息,276,5,271,高橋,2024-07-18,5320
00665L,富邦�琤肭磪囓�2,260,5,255,高橋,2024-07-18,5320
00929,復華台灣科技優息,299,59,240,高橋,2024-07-18,5320
2610,華航,207,6,201,高橋,2024-07-18,5320
00940,元大台灣價值高息,258,61,197,高橋,2024-07-18,5320
00919,群益台灣精選高息,149,14,135,高橋,2024-07-18,5320
2356,英業達,135,10,125,高橋,2024-07-18,5320
00937B,群益ESG投等債20,132,8,124,高橋,2024-07-18,5320
2317,鴻海,162,73,89,高橋,2024-07-18,5320
2888,新光金,85,5,80,高橋,2024-07-18,5320
00934,中信成長高股息,71,15,56,高橋,2024-07-18,5320
00918,大華優利高填息30,51,0,51,高橋,2024-07-18,5320
00946,群益科技高息成長,53,2,51,高橋,2024-07-18,5320
2543,皇昌,55,7,48,高橋,2024-07-18,5320
2489,瑞軒,53,10,43,高橋,2024-07-18,5320
6547,高端疫苗,41,0,41,高橋,2024-07-18,5320
00706L,期元大S＆P日圓正2,40,0,40,高橋,2024-07-18,5320
2354,鴻準,52,12,40,高橋,2024-07-18,5320
3260,威剛,42,2,40,高橋,2024-07-18,5320
1569,濱川,40,2,38,高橋,2024-07-18,5320
2367,燿華,43,6,37,高橋,2024-07-18,5320
2330,台積電,48,15,33,高橋,2024-07-18,5320
2365,昆盈,101,69,32,高橋,2024-07-18,5320
1102,亞泥,36,5,31,高橋,2024-07-18,5320
00753L,中信中國50正2,31,0,31,高橋,2024-07-18,5320
00927,群益半導體收益,63,34,29,高橋,2024-07-18,5320
1810,和成,30,2,28,高橋,2024-07-18,5320
2382,廣達,36,9,27,高橋,2024-07-18,5320
1709,和益,31,5,26,高橋,2024-07-18,5320
6770,力積電,44,18,26,高橋,2024-07-18,5320
3711,日月光投控,25,0,25,高橋,2024-07-18,5320
8110,華東,25,1,24,高橋,2024-07-18,5320
2883,凱基金,32,9,23,高橋,2024-07-18,5320
2891,中信金,26,3,23,高橋,2024-07-18,5320
3049,精金,25,3,22,高橋,2024-07-18,5320
6015,宏遠證,22,0,22,高橋,2024-07-18,5320
3231,緯創,41,19,22,高橋,2024-07-18,5320
2353,宏��,28,7,21,高橋,2024-07-18,5320
3037,欣興,32,12,20,高橋,2024-07-18,5320
6695,芯鼎,20,1,19,高橋,2024-07-18,5320
2882,國泰金,33,14,19,高橋,2024-07-18,5320
2344,華邦電,21,3,18,高橋,2024-07-18,5320
1514,亞力,22,4,18,高橋,2024-07-18,5320
2520,冠德,21,3,18,高橋,2024-07-18,5320
1402,遠東新,17,0,17,高橋,2024-07-18,5320
6488,環球晶,17,0,17,高橋,2024-07-18,5320
4562,穎漢,17,1,16,高橋,2024-07-18,5320
2313,華通,17,1,16,高橋,2024-07-18,5320
3013,晟銘電,40,24,16,高橋,2024-07-18,5320
2449,京元電子,28,12,16,高橋,2024-07-18,5320
00929,復華台灣科技優息,422,29,393,高橋,2024-07-19,5320
00919,群益台灣精選高息,158,15,143,高橋,2024-07-19,5320
2501,國建,113,4,109,高橋,2024-07-19,5320
00946,群益科技高息成長,107,2,105,高橋,2024-07-19,5320
2897,王道銀行,105,0,105,高橋,2024-07-19,5320
2344,華邦電,102,2,100,高橋,2024-07-19,5320
00940,元大台灣價值高息,101,12,89,高橋,2024-07-19,5320
2330,台積電,99,15,84,高橋,2024-07-19,5320
1711,永光,102,20,82,高橋,2024-07-19,5320
2867,三商壽,73,1,72,高橋,2024-07-19,5320
00937B,群益ESG投等債20,106,44,62,高橋,2024-07-19,5320
2356,英業達,97,43,54,高橋,2024-07-19,5320
00878,國泰永續高股息,56,5,51,高橋,2024-07-19,5320
6116,彩晶,54,3,51,高橋,2024-07-19,5320
2014,中鴻,51,0,51,高橋,2024-07-19,5320
9934,成霖,50,0,50,高橋,2024-07-19,5320
00936,台新永續高息中小,59,9,50,高橋,2024-07-19,5320
6547,高端疫苗,47,0,47,高橋,2024-07-19,5320
2891,中信金,55,9,46,高橋,2024-07-19,5320
1337,再生-KY,45,0,45,高橋,2024-07-19,5320
00650L,復華香港正2,44,0,44,高橋,2024-07-19,5320
6005,群益證,43,0,43,高橋,2024-07-19,5320
1312,國喬,43,0,43,高橋,2024-07-19,5320
1304,台聚,42,0,42,高橋,2024-07-19,5320
2845,遠東銀,40,0,40,高橋,2024-07-19,5320
00665L,富邦�琤肭磪囓�2,40,0,40,高橋,2024-07-19,5320
00918,大華優利高填息30,40,0,40,高橋,2024-07-19,5320
0056,元大高股息,42,4,38,高橋,2024-07-19,5320
3231,緯創,43,5,38,高橋,2024-07-19,5320
00934,中信成長高股息,36,0,36,高橋,2024-07-19,5320
2498,宏達電,35,0,35,高橋,2024-07-19,5320
2353,宏��,35,2,33,高橋,2024-07-19,5320
1718,中纖,33,0,33,高橋,2024-07-19,5320
2419,仲琦,47,16,31,高橋,2024-07-19,5320
2882,國泰金,50,19,31,高橋,2024-07-19,5320
9945,潤泰新,61,31,30,高橋,2024-07-19,5320
2002,中鋼,30,0,30,高橋,2024-07-19,5320
3481,群創,91,63,28,高橋,2024-07-19,5320
2603,長榮,30,3,27,高橋,2024-07-19,5320
3663,鑫科,43,17,26,高橋,2024-07-19,5320
3049,精金,25,0,25,高橋,2024-07-19,5320
3706,神達,29,4,25,高橋,2024-07-19,5320
1517,利奇,24,0,24,高橋,2024-07-19,5320
2354,鴻準,26,3,23,高橋,2024-07-19,5320
6188,廣明,23,1,22,高橋,2024-07-19,5320
2915,潤泰全,22,0,22,高橋,2024-07-19,5320
2408,南亞科,21,0,21,高橋,2024-07-19,5320
00680L,元大美債20正2,21,0,21,高橋,2024-07-19,5320
2413,環科,21,0,21,高橋,2024-07-19,5320
2352,佳世達,42,22,20,高橋,2024-07-19,5320
00664R,國泰臺灣加權反1,500,0,500,高橋,2024-07-22,5320
2409,友達,430,6,424,高橋,2024-07-22,5320
00905,FT臺灣Smart,362,0,362,高橋,2024-07-22,5320
00929,復華台灣科技優息,407,71,336,高橋,2024-07-22,5320
00946,群益科技高息成長,335,15,320,高橋,2024-07-22,5320
00940,元大台灣價值高息,254,2,252,高橋,2024-07-22,5320
3481,群創,295,64,231,高橋,2024-07-22,5320
00919,群益台灣精選高息,230,74,156,高橋,2024-07-22,5320
00671R,富邦NASDAQ反1,140,0,140,高橋,2024-07-22,5320
2303,聯電,142,14,128,高橋,2024-07-22,5320
00679B,元大美債20年,178,61,117,高橋,2024-07-22,5320
2501,國建,103,2,101,高橋,2024-07-22,5320
5512,力麒,222,136,86,高橋,2024-07-22,5320
2867,三商壽,96,10,86,高橋,2024-07-22,5320
6015,宏遠證,94,10,84,高橋,2024-07-22,5320
2888,新光金,160,90,70,高橋,2024-07-22,5320
1609,大亞,74,15,59,高橋,2024-07-22,5320
0056,元大高股息,69,13,56,高橋,2024-07-22,5320
2356,英業達,67,12,55,高橋,2024-07-22,5320
00934,中信成長高股息,57,5,52,高橋,2024-07-22,5320
2413,環科,42,0,42,高橋,2024-07-22,5320
2610,華航,42,2,40,高橋,2024-07-22,5320
6120,達運,39,0,39,高橋,2024-07-22,5320
6770,力積電,37,0,37,高橋,2024-07-22,5320
2408,南亞科,36,0,36,高橋,2024-07-22,5320
2376,技嘉,38,3,35,高橋,2024-07-22,5320
9904,寶成,41,7,34,高橋,2024-07-22,5320
2489,瑞軒,40,7,33,高橋,2024-07-22,5320
1101,台泥,48,16,32,高橋,2024-07-22,5320
2353,宏��,44,12,32,高橋,2024-07-22,5320
2002,中鋼,33,2,31,高橋,2024-07-22,5320
00918,大華優利高填息30,29,0,29,高橋,2024-07-22,5320
3230,錦明,30,1,29,高橋,2024-07-22,5320
2344,華邦電,25,0,25,高橋,2024-07-22,5320
00936,台新永續高息中小,39,15,24,高橋,2024-07-22,5320
00941,中信上游半導體,24,0,24,高橋,2024-07-22,5320
2618,長榮航,87,64,23,高橋,2024-07-22,5320
2412,中華電,24,2,22,高橋,2024-07-22,5320
2419,仲琦,22,0,22,高橋,2024-07-22,5320
1314,中石化,22,0,22,高橋,2024-07-22,5320
4566,時碩工業,21,0,21,高橋,2024-07-22,5320
2498,宏達電,23,2,21,高橋,2024-07-22,5320
1569,濱川,21,0,21,高橋,2024-07-22,5320
6698,旭暉應材,21,0,21,高橋,2024-07-22,5320
3017,奇鋐,22,3,19,高橋,2024-07-22,5320
6285,啟��,36,18,18,高橋,2024-07-22,5320
911868,同方友友-DR,17,0,17,高橋,2024-07-22,5320
2367,燿華,38,21,17,高橋,2024-07-22,5320
2312,金寶,43,27,16,高橋,2024-07-22,5320
1312,國喬,16,0,16,高橋,2024-07-22,5320
00934,中信成長高股息,266,2,264,高橋,2024-07-23,5320
2801,彰銀,201,0,201,高橋,2024-07-23,5320
2204,中華,132,0,132,高橋,2024-07-23,5320
00712,復華富時不動產,123,10,113,高橋,2024-07-23,5320
00679B,元大美債20年,123,11,112,高橋,2024-07-23,5320
2323,中環,100,13,87,高橋,2024-07-23,5320
3481,群創,117,30,87,高橋,2024-07-23,5320
00937B,群益ESG投等債20,86,0,86,高橋,2024-07-23,5320
2408,南亞科,83,0,83,高橋,2024-07-23,5320
8033,雷虎,82,4,78,高橋,2024-07-23,5320
2344,華邦電,57,0,57,高橋,2024-07-23,5320
00946,群益科技高息成長,57,0,57,高橋,2024-07-23,5320
2409,友達,57,1,56,高橋,2024-07-23,5320
2867,三商壽,51,1,50,高橋,2024-07-23,5320
2002,中鋼,46,0,46,高橋,2024-07-23,5320
2406,國碩,45,1,44,高橋,2024-07-23,5320
2367,燿華,45,2,43,高橋,2024-07-23,5320
00878,國泰永續高股息,52,12,40,高橋,2024-07-23,5320
00919,群益台灣精選高息,42,3,39,高橋,2024-07-23,5320
00929,復華台灣科技優息,62,23,39,高橋,2024-07-23,5320
2834,臺企銀,40,1,39,高橋,2024-07-23,5320
2356,英業達,54,15,39,高橋,2024-07-23,5320
3663,鑫科,67,29,38,高橋,2024-07-23,5320
3028,增你強,38,0,38,高橋,2024-07-23,5320
6770,力積電,46,8,38,高橋,2024-07-23,5320
3052,夆典,35,0,35,高橋,2024-07-23,5320
00927,群益半導體收益,33,0,33,高橋,2024-07-23,5320
6443,元晶,52,20,32,高橋,2024-07-23,5320
5512,力麒,201,171,30,高橋,2024-07-23,5320
3062,建漢,32,5,27,高橋,2024-07-23,5320
6126,信音,24,0,24,高橋,2024-07-23,5320
2374,佳能,24,0,24,高橋,2024-07-23,5320
3576,聯合再生,29,5,24,高橋,2024-07-23,5320
00933B,國泰10Y+金融債,24,0,24,高橋,2024-07-23,5320
2449,京元電子,24,0,24,高橋,2024-07-23,5320
3710,連展投控,22,0,22,高橋,2024-07-23,5320
4534,慶騰,23,2,21,高橋,2024-07-23,5320
3689,湧德,37,17,20,高橋,2024-07-23,5320
2365,昆盈,53,33,20,高橋,2024-07-23,5320
2611,志信,20,0,20,高橋,2024-07-23,5320
2609,陽明,53,35,18,高橋,2024-07-23,5320
2884,玉山金,24,6,18,高橋,2024-07-23,5320
2538,基泰,17,0,17,高橋,2024-07-23,5320
2353,宏��,20,3,17,高橋,2024-07-23,5320
2419,仲琦,30,13,17,高橋,2024-07-23,5320
6147,頎邦,16,0,16,高橋,2024-07-23,5320
3057,喬鼎,15,0,15,高橋,2024-07-23,5320
2467,志聖,17,2,15,高橋,2024-07-23,5320
00665L,富邦�琤肭磪囓�2,15,0,15,高橋,2024-07-23,5320
5371,中光電,29,14,15,高橋,2024-07-23,5320
00940,元大台灣價值高息,368,8,360,高橋,2024-07-26,5320
00934,中信成長高股息,299,11,288,高橋,2024-07-26,5320
2887,台新金,209,6,203,高橋,2024-07-26,5320
00929,復華台灣科技優息,171,3,168,高橋,2024-07-26,5320
00937B,群益ESG投等債20,152,10,142,高橋,2024-07-26,5320
00680L,元大美債20正2,127,0,127,高橋,2024-07-26,5320
2002,中鋼,141,21,120,高橋,2024-07-26,5320
2845,遠東銀,117,2,115,高橋,2024-07-26,5320
2356,英業達,124,14,110,高橋,2024-07-26,5320
00919,群益台灣精選高息,118,9,109,高橋,2024-07-26,5320
2317,鴻海,112,15,97,高橋,2024-07-26,5320
00753L,中信中國50正2,86,0,86,高橋,2024-07-26,5320
0056,元大高股息,90,5,85,高橋,2024-07-26,5320
4903,聯光通,80,0,80,高橋,2024-07-26,5320
6901,鑽石投資,70,0,70,高橋,2024-07-26,5320
2323,中環,70,5,65,高橋,2024-07-26,5320
2884,玉山金,62,1,61,高橋,2024-07-26,5320
2330,台積電,66,6,60,高橋,2024-07-26,5320
00878,國泰永續高股息,61,7,54,高橋,2024-07-26,5320
2834,臺企銀,54,1,53,高橋,2024-07-26,5320
00688L,國泰20年美債正2,53,0,53,高橋,2024-07-26,5320
00650L,復華香港正2,50,0,50,高橋,2024-07-26,5320
00946,群益科技高息成長,46,1,45,高橋,2024-07-26,5320
00882,中信中國高股息,44,0,44,高橋,2024-07-26,5320
6015,宏遠證,40,0,40,高橋,2024-07-26,5320
00637L,元大滬深300正2,39,0,39,高橋,2024-07-26,5320
2353,宏��,47,10,37,高橋,2024-07-26,5320
2382,廣達,41,5,36,高橋,2024-07-26,5320
00679B,元大美債20年,56,21,35,高橋,2024-07-26,5320
2408,南亞科,38,3,35,高橋,2024-07-26,5320
00939,統一台灣高息動能,34,0,34,高橋,2024-07-26,5320
00900,富邦特選高股息30,33,0,33,高橋,2024-07-26,5320
00932,兆豐永續高息等權,32,0,32,高橋,2024-07-26,5320
2344,華邦電,31,0,31,高橋,2024-07-26,5320
00706L,期元大S＆P日圓正2,30,0,30,高橋,2024-07-26,5320
2349,錸德,35,7,28,高橋,2024-07-26,5320
00720B,元大投資級公司債,28,0,28,高橋,2024-07-26,5320
00951,台新日本半導體,26,0,26,高橋,2024-07-26,5320
3689,湧德,46,21,25,高橋,2024-07-26,5320
00881,國泰台灣5G+,25,1,24,高橋,2024-07-26,5320
00918,大華優利高填息30,24,0,24,高橋,2024-07-26,5320
6125,廣運,26,3,23,高橋,2024-07-26,5320
2412,中華電,31,8,23,高橋,2024-07-26,5320
2312,金寶,42,21,21,高橋,2024-07-26,5320
2303,聯電,46,26,20,高橋,2024-07-26,5320
00936,台新永續高息中小,22,2,20,高橋,2024-07-26,5320
3207,耀勝,20,0,20,高橋,2024-07-26,5320
2801,彰銀,20,0,20,高橋,2024-07-26,5320
3711,日月光投控,20,0,20,高橋,2024-07-26,5320
6147,頎邦,19,1,18,高橋,2024-07-26,5320
00937B,群益ESG投等債20,186,3,183,高橋,2024-07-29,5320
00929,復華台灣科技優息,190,12,178,高橋,2024-07-29,5320
2886,兆豐金,150,5,145,高橋,2024-07-29,5320
00680L,元大美債20正2,115,4,111,高橋,2024-07-29,5320
00919,群益台灣精選高息,110,2,108,高橋,2024-07-29,5320
00878,國泰永續高股息,107,1,106,高橋,2024-07-29,5320
00940,元大台灣價值高息,153,51,102,高橋,2024-07-29,5320
5309,系統電,86,2,84,高橋,2024-07-29,5320
2367,燿華,83,0,83,高橋,2024-07-29,5320
00946,群益科技高息成長,69,0,69,高橋,2024-07-29,5320
2356,英業達,70,10,60,高橋,2024-07-29,5320
1301,台塑,61,6,55,高橋,2024-07-29,5320
8404,百和興業-KY,51,0,51,高橋,2024-07-29,5320
2323,中環,50,1,49,高橋,2024-07-29,5320
00632R,元大台灣50反1,72,30,42,高橋,2024-07-29,5320
2324,仁寶,61,20,41,高橋,2024-07-29,5320
0056,元大高股息,46,7,39,高橋,2024-07-29,5320
6695,芯鼎,38,3,35,高橋,2024-07-29,5320
1312,國喬,35,0,35,高橋,2024-07-29,5320
00918,大華優利高填息30,33,0,33,高橋,2024-07-29,5320
2338,光罩,30,0,30,高橋,2024-07-29,5320
2543,皇昌,104,74,30,高橋,2024-07-29,5320
2365,昆盈,63,35,28,高橋,2024-07-29,5320
3706,神達,30,3,27,高橋,2024-07-29,5320
1815,富喬,25,0,25,高橋,2024-07-29,5320
2834,臺企銀,31,7,24,高橋,2024-07-29,5320
2801,彰銀,26,3,23,高橋,2024-07-29,5320
2371,大同,26,3,23,高橋,2024-07-29,5320
8086,宏捷科,23,0,23,高橋,2024-07-29,5320
2303,聯電,23,0,23,高橋,2024-07-29,5320
2891,中信金,25,3,22,高橋,2024-07-29,5320
3013,晟銘電,26,5,21,高橋,2024-07-29,5320
1608,華榮,30,9,21,高橋,2024-07-29,5320
2408,南亞科,21,1,20,高橋,2024-07-29,5320
00933B,國泰10Y+金融債,20,0,20,高橋,2024-07-29,5320
3325,旭品,20,0,20,高橋,2024-07-29,5320
9925,新保,20,0,20,高橋,2024-07-29,5320
2611,志信,20,0,20,高橋,2024-07-29,5320
00951,台新日本半導體,20,0,20,高橋,2024-07-29,5320
3037,欣興,23,3,20,高橋,2024-07-29,5320
3189,景碩,36,16,20,高橋,2024-07-29,5320
2376,技嘉,31,12,19,高橋,2024-07-29,5320
2851,中再保,23,4,19,高橋,2024-07-29,5320
5443,均豪,47,28,19,高橋,2024-07-29,5320
2382,廣達,23,4,19,高橋,2024-07-29,5320
8926,台汽電,21,3,18,高橋,2024-07-29,5320
00939,統一台灣高息動能,19,1,18,高橋,2024-07-29,5320
3481,群創,62,45,17,高橋,2024-07-29,5320
3663,鑫科,71,55,16,高橋,2024-07-29,5320
00934,中信成長高股息,16,0,16,高橋,2024-07-29,5320
00919,群益台灣精選高息,417,21,396,高橋,2024-07-30,5320
00671R,富邦NASDAQ反1,234,0,234,高橋,2024-07-30,5320
00929,復華台灣科技優息,246,91,155,高橋,2024-07-30,5320
00940,元大台灣價值高息,192,41,151,高橋,2024-07-30,5320
2303,聯電,136,16,120,高橋,2024-07-30,5320
00946,群益科技高息成長,108,0,108,高橋,2024-07-30,5320
00937B,群益ESG投等債20,126,21,105,高橋,2024-07-30,5320
2349,錸德,166,83,83,高橋,2024-07-30,5320
2610,華航,82,4,78,高橋,2024-07-30,5320
2344,華邦電,91,15,76,高橋,2024-07-30,5320
00878,國泰永續高股息,79,12,67,高橋,2024-07-30,5320
3024,憶聲,51,6,45,高橋,2024-07-30,5320
2353,宏��,38,2,36,高橋,2024-07-30,5320
3189,景碩,40,6,34,高橋,2024-07-30,5320
00637L,元大滬深300正2,39,5,34,高橋,2024-07-30,5320
00933B,國泰10Y+金融債,36,3,33,高橋,2024-07-30,5320
00951,台新日本半導體,32,0,32,高橋,2024-07-30,5320
00753L,中信中國50正2,35,4,31,高橋,2024-07-30,5320
3062,建漢,33,3,30,高橋,2024-07-30,5320
6770,力積電,27,0,27,高橋,2024-07-30,5320
2891,中信金,25,2,23,高橋,2024-07-30,5320
2365,昆盈,66,44,22,高橋,2024-07-30,5320
2489,瑞軒,23,2,21,高橋,2024-07-30,5320
2301,光寶科,22,2,20,高橋,2024-07-30,5320
3663,鑫科,98,78,20,高橋,2024-07-30,5320
2834,臺企銀,22,2,20,高橋,2024-07-30,5320
00688L,國泰20年美債正2,20,0,20,高橋,2024-07-30,5320
2838,聯邦銀,17,0,17,高橋,2024-07-30,5320
2801,彰銀,17,0,17,高橋,2024-07-30,5320
3481,群創,32,15,17,高橋,2024-07-30,5320
9105,泰金寶-DR,18,2,16,高橋,2024-07-30,5320
1301,台塑,19,3,16,高橋,2024-07-30,5320
2402,毅嘉,15,0,15,高橋,2024-07-30,5320
2401,凌陽,14,0,14,高橋,2024-07-30,5320
2618,長榮航,15,1,14,高橋,2024-07-30,5320
2884,玉山金,14,0,14,高橋,2024-07-30,5320
00915,凱基優選高股息30,13,0,13,高橋,2024-07-30,5320
6150,撼訊,14,1,13,高橋,2024-07-30,5320
2329,華泰,15,2,13,高橋,2024-07-30,5320
1785,光洋科,53,40,13,高橋,2024-07-30,5320
1529,樂事綠能,13,1,12,高橋,2024-07-30,5320
9925,新保,11,0,11,高橋,2024-07-30,5320
00934,中信成長高股息,21,10,11,高橋,2024-07-30,5320
2882,國泰金,19,8,11,高橋,2024-07-30,5320
4903,聯光通,11,0,11,高橋,2024-07-30,5320
00918,大華優利高填息30,27,17,10,高橋,2024-07-30,5320
3518,柏騰,10,0,10,高橋,2024-07-30,5320
4916,事欣科,10,0,10,高橋,2024-07-30,5320
00923,群益台ESG低碳50,10,0,10,高橋,2024-07-30,5320
3025,星通,10,0,10,高橋,2024-07-30,5320
00929,復華台灣科技優息,236,89,147,高橋,2024-07-31,5320
00688L,國泰20年美債正2,143,5,138,高橋,2024-07-31,5320
3481,群創,115,26,89,高橋,2024-07-31,5320
2885,元大金,90,3,87,高橋,2024-07-31,5320
00940,元大台灣價值高息,97,17,80,高橋,2024-07-31,5320
2618,長榮航,65,8,57,高橋,2024-07-31,5320
00937B,群益ESG投等債20,84,33,51,高橋,2024-07-31,5320
00946,群益科技高息成長,48,0,48,高橋,2024-07-31,5320
00878,國泰永續高股息,106,61,45,高橋,2024-07-31,5320
2365,昆盈,61,21,40,高橋,2024-07-31,5320
00772B,中信高評級公司債,40,0,40,高橋,2024-07-31,5320
3167,大量,64,26,38,高橋,2024-07-31,5320
2349,錸德,126,89,37,高橋,2024-07-31,5320
00939,統一台灣高息動能,38,4,34,高橋,2024-07-31,5320
00680L,元大美債20正2,40,14,26,高橋,2024-07-31,5320
00715L,期街口布蘭特正2,22,0,22,高橋,2024-07-31,5320
3105,穩懋,25,5,20,高橋,2024-07-31,5320
00934,中信成長高股息,20,0,20,高橋,2024-07-31,5320
00918,大華優利高填息30,21,1,20,高橋,2024-07-31,5320
1718,中纖,20,0,20,高橋,2024-07-31,5320
3062,建漢,20,2,18,高橋,2024-07-31,5320
00936,台新永續高息中小,18,0,18,高橋,2024-07-31,5320
1514,亞力,21,4,17,高橋,2024-07-31,5320
4526,東台,25,8,17,高橋,2024-07-31,5320
4720,德淵,20,3,17,高橋,2024-07-31,5320
00919,群益台灣精選高息,17,0,17,高橋,2024-07-31,5320
3312,弘憶股,16,0,16,高橋,2024-07-31,5320
2449,京元電子,19,4,15,高橋,2024-07-31,5320
2867,三商壽,15,0,15,高橋,2024-07-31,5320
2605,新興,15,0,15,高橋,2024-07-31,5320
2537,聯上發,27,12,15,高橋,2024-07-31,5320
2392,正崴,17,2,15,高橋,2024-07-31,5320
8112,至上,15,1,14,高橋,2024-07-31,5320
6126,信音,19,5,14,高橋,2024-07-31,5320
4562,穎漢,15,2,13,高橋,2024-07-31,5320
1513,中興電,14,1,13,高橋,2024-07-31,5320
3293,鈊象,12,0,12,高橋,2024-07-31,5320
6218,豪勉,12,0,12,高橋,2024-07-31,5320
2516,新建,17,5,12,高橋,2024-07-31,5320
3033,威健,12,0,12,高橋,2024-07-31,5320
1785,光洋科,19,7,12,高橋,2024-07-31,5320
3686,達能,15,3,12,高橋,2024-07-31,5320
2204,中華,13,2,11,高橋,2024-07-31,5320
2031,新光鋼,11,0,11,高橋,2024-07-31,5320
2486,一詮,11,0,11,高橋,2024-07-31,5320
5475,德宏,11,0,11,高橋,2024-07-31,5320
1605,華新,15,4,11,高橋,2024-07-31,5320
3050,鈺德,12,2,10,高橋,2024-07-31,5320
3705,永信,10,0,10,高橋,2024-07-31,5320
2344,華邦電,13,3,10,高橋,2024-07-31,5320
00706L,期元大S＆P日圓正2,650,10,640,高橋,2024-08-01,5320
00669R,國泰美國道瓊反1,189,0,189,高橋,2024-08-01,5320
00878,國泰永續高股息,186,7,179,高橋,2024-08-01,5320
00934,中信成長高股息,112,0,112,高橋,2024-08-01,5320
2885,元大金,92,1,91,高橋,2024-08-01,5320
2337,旺宏,229,161,68,高橋,2024-08-01,5320
00937B,群益ESG投等債20,86,18,68,高橋,2024-08-01,5320
00919,群益台灣精選高息,71,12,59,高橋,2024-08-01,5320
2834,臺企銀,116,59,57,高橋,2024-08-01,5320
00949,復華日本龍頭,51,1,50,高橋,2024-08-01,5320
2883,凱基金,50,3,47,高橋,2024-08-01,5320
00946,群益科技高息成長,52,6,46,高橋,2024-08-01,5320
3481,群創,54,11,43,高橋,2024-08-01,5320
00680L,元大美債20正2,48,13,35,高橋,2024-08-01,5320
00637L,元大滬深300正2,34,1,33,高橋,2024-08-01,5320
1711,永光,32,1,31,高橋,2024-08-01,5320
00887,永豐中國科技50大,30,0,30,高橋,2024-08-01,5320
4720,德淵,30,0,30,高橋,2024-08-01,5320
1785,光洋科,57,27,30,高橋,2024-08-01,5320
5443,均豪,60,31,29,高橋,2024-08-01,5320
1513,中興電,38,9,29,高橋,2024-08-01,5320
3047,訊舟,57,29,28,高橋,2024-08-01,5320
6603,富強鑫,29,1,28,高橋,2024-08-01,5320
8011,台通,40,13,27,高橋,2024-08-01,5320
2891,中信金,26,0,26,高橋,2024-08-01,5320
2867,三商壽,28,3,25,高橋,2024-08-01,5320
2610,華航,43,18,25,高橋,2024-08-01,5320
2363,矽統,34,13,21,高橋,2024-08-01,5320
00902,中信電池及儲能,20,0,20,高橋,2024-08-01,5320
1565,精華,20,0,20,高橋,2024-08-01,5320
2362,藍天,39,20,19,高橋,2024-08-01,5320
00951,台新日本半導體,19,0,19,高橋,2024-08-01,5320
00751B,元大AAA至A公司債,20,1,19,高橋,2024-08-01,5320
8028,昇陽半導體,24,6,18,高橋,2024-08-01,5320
00632R,元大台灣50反1,17,0,17,高橋,2024-08-01,5320
2393,億光,16,0,16,高橋,2024-08-01,5320
5351,鈺創,16,0,16,高橋,2024-08-01,5320
6239,力成,15,0,15,高橋,2024-08-01,5320
2324,仁寶,16,1,15,高橋,2024-08-01,5320
00936,台新永續高息中小,17,2,15,高橋,2024-08-01,5320
3663,鑫科,63,49,14,高橋,2024-08-01,5320
1568,倉佑,14,0,14,高橋,2024-08-01,5320
00772B,中信高評級公司債,14,0,14,高橋,2024-08-01,5320
5876,上海商銀,14,0,14,高橋,2024-08-01,5320
1560,中砂,16,4,12,高橋,2024-08-01,5320
2383,台光電,15,3,12,高橋,2024-08-01,5320
6187,萬潤,11,0,11,高橋,2024-08-01,5320
00940,元大台灣價值高息,27,16,11,高橋,2024-08-01,5320
2409,友達,12,1,11,高橋,2024-08-01,5320
8086,宏捷科,13,2,11,高橋,2024-08-01,5320
00878,國泰永續高股息,524,10,514,高橋,2024-08-02,5320
00929,復華台灣科技優息,486,81,405,高橋,2024-08-02,5320
2317,鴻海,245,18,227,高橋,2024-08-02,5320
00919,群益台灣精選高息,225,8,217,高橋,2024-08-02,5320
2610,華航,192,27,165,高橋,2024-08-02,5320
00940,元大台灣價值高息,196,36,160,高橋,2024-08-02,5320
2543,皇昌,129,5,124,高橋,2024-08-02,5320
00679B,元大美債20年,175,55,120,高橋,2024-08-02,5320
00946,群益科技高息成長,106,11,95,高橋,2024-08-02,5320
00753L,中信中國50正2,90,2,88,高橋,2024-08-02,5320
00712,復華富時不動產,86,0,86,高橋,2024-08-02,5320
2834,臺企銀,109,26,83,高橋,2024-08-02,5320
2330,台積電,82,11,71,高橋,2024-08-02,5320
2408,南亞科,62,0,62,高橋,2024-08-02,5320
0056,元大高股息,75,21,54,高橋,2024-08-02,5320
00949,復華日本龍頭,54,0,54,高橋,2024-08-02,5320
3037,欣興,56,4,52,高橋,2024-08-02,5320
00680L,元大美債20正2,80,29,51,高橋,2024-08-02,5320
2618,長榮航,70,21,49,高橋,2024-08-02,5320
9945,潤泰新,47,1,46,高橋,2024-08-02,5320
2845,遠東銀,43,1,42,高橋,2024-08-02,5320
2812,台中銀,42,0,42,高橋,2024-08-02,5320
2891,中信金,41,0,41,高橋,2024-08-02,5320
00881,國泰台灣5G+,40,0,40,高橋,2024-08-02,5320
1303,南亞,57,18,39,高橋,2024-08-02,5320
1711,永光,41,3,38,高橋,2024-08-02,5320
1605,華新,42,4,38,高橋,2024-08-02,5320
2885,元大金,38,2,36,高橋,2024-08-02,5320
3231,緯創,40,5,35,高橋,2024-08-02,5320
00936,台新永續高息中小,45,10,35,高橋,2024-08-02,5320
2382,廣達,35,1,34,高橋,2024-08-02,5320
00688L,國泰20年美債正2,45,12,33,高橋,2024-08-02,5320
00900,富邦特選高股息30,33,0,33,高橋,2024-08-02,5320
2303,聯電,65,32,33,高橋,2024-08-02,5320
2409,友達,51,19,32,高橋,2024-08-02,5320
00715L,期街口布蘭特正2,31,0,31,高橋,2024-08-02,5320
00932,兆豐永續高息等權,31,0,31,高橋,2024-08-02,5320
00923,群益台ESG低碳50,30,0,30,高橋,2024-08-02,5320
1718,中纖,30,0,30,高橋,2024-08-02,5320
4903,聯光通,30,0,30,高橋,2024-08-02,5320
2313,華通,30,1,29,高橋,2024-08-02,5320
1608,華榮,29,1,28,高橋,2024-08-02,5320
1314,中石化,29,1,28,高橋,2024-08-02,5320
2399,映泰,30,5,25,高橋,2024-08-02,5320
4533,協易機,52,28,24,高橋,2024-08-02,5320
00891,中信關鍵半導體,24,0,24,高橋,2024-08-02,5320
5484,慧友,23,0,23,高橋,2024-08-02,5320
4526,東台,25,3,22,高橋,2024-08-02,5320
00905,FT臺灣Smart,22,0,22,高橋,2024-08-02,5320
3189,景碩,34,12,22,高橋,2024-08-02,5320
00940,元大台灣價值高息,633,28,605,高橋,2024-08-05,5320
00929,復華台灣科技優息,613,101,512,高橋,2024-08-05,5320
2888,新光金,450,49,401,高橋,2024-08-05,5320
00688L,國泰20年美債正2,232,42,190,高橋,2024-08-05,5320
5880,合庫金,149,2,147,高橋,2024-08-05,5320
00878,國泰永續高股息,394,266,128,高橋,2024-08-05,5320
2409,友達,155,28,127,高橋,2024-08-05,5320
2618,長榮航,164,49,115,高橋,2024-08-05,5320
3481,群創,138,42,96,高橋,2024-08-05,5320
00919,群益台灣精選高息,274,200,74,高橋,2024-08-05,5320
00946,群益科技高息成長,71,0,71,高橋,2024-08-05,5320
2845,遠東銀,64,2,62,高橋,2024-08-05,5320
2834,臺企銀,110,50,60,高橋,2024-08-05,5320
1312,國喬,57,0,57,高橋,2024-08-05,5320
2610,華航,60,4,56,高橋,2024-08-05,5320
2812,台中銀,88,33,55,高橋,2024-08-05,5320
2354,鴻準,52,3,49,高橋,2024-08-05,5320
2882,國泰金,55,14,41,高橋,2024-08-05,5320
1444,力麗,41,0,41,高橋,2024-08-05,5320
1301,台塑,50,10,40,高橋,2024-08-05,5320
2312,金寶,61,21,40,高橋,2024-08-05,5320
6116,彩晶,51,11,40,高橋,2024-08-05,5320
2887,台新金,39,1,38,高橋,2024-08-05,5320
2101,南港,37,0,37,高橋,2024-08-05,5320
9904,寶成,45,8,37,高橋,2024-08-05,5320
2330,台積電,82,46,36,高橋,2024-08-05,5320
0056,元大高股息,115,80,35,高橋,2024-08-05,5320
6770,力積電,42,8,34,高橋,2024-08-05,5320
00936,台新永續高息中小,39,6,33,高橋,2024-08-05,5320
00900,富邦特選高股息30,34,1,33,高橋,2024-08-05,5320
00679B,元大美債20年,75,44,31,高橋,2024-08-05,5320
2867,三商壽,59,28,31,高橋,2024-08-05,5320
1310,台苯,30,0,30,高橋,2024-08-05,5320
00640L,富邦日本正2,29,0,29,高橋,2024-08-05,5320
3663,鑫科,52,24,28,高橋,2024-08-05,5320
2634,漢翔,38,11,27,高橋,2024-08-05,5320
2002,中鋼,36,10,26,高橋,2024-08-05,5320
6182,合晶,26,0,26,高橋,2024-08-05,5320
2365,昆盈,44,19,25,高橋,2024-08-05,5320
2338,光罩,24,0,24,高橋,2024-08-05,5320
3580,友威科,32,8,24,高橋,2024-08-05,5320
2481,強茂,26,3,23,高橋,2024-08-05,5320
2344,華邦電,30,7,23,高橋,2024-08-05,5320
4306,炎洲,24,1,23,高橋,2024-08-05,5320
2884,玉山金,29,7,22,高橋,2024-08-05,5320
3706,神達,82,60,22,高橋,2024-08-05,5320
00715L,期街口布蘭特正2,21,0,21,高橋,2024-08-05,5320
2356,英業達,40,20,20,高橋,2024-08-05,5320
2328,廣宇,22,2,20,高橋,2024-08-05,5320
2515,中工,26,6,20,高橋,2024-08-05,5320
2884,玉山金,848,29,819,高橋,2024-08-06,5320
00665L,富邦�琤肭磪囓�2,750,0,750,高橋,2024-08-06,5320
00671R,富邦NASDAQ反1,331,0,331,高橋,2024-08-06,5320
2891,中信金,209,6,203,高橋,2024-08-06,5320
00940,元大台灣價值高息,216,13,203,高橋,2024-08-06,5320
00632R,元大台灣50反1,216,25,191,高橋,2024-08-06,5320
00878,國泰永續高股息,212,23,189,高橋,2024-08-06,5320
2801,彰銀,200,20,180,高橋,2024-08-06,5320
00948B,中信優息投資級債,121,0,121,高橋,2024-08-06,5320
3027,盛達,100,0,100,高橋,2024-08-06,5320
2323,中環,103,10,93,高橋,2024-08-06,5320
00929,復華台灣科技優息,182,97,85,高橋,2024-08-06,5320
2337,旺宏,108,30,78,高橋,2024-08-06,5320
3481,群創,107,30,77,高橋,2024-08-06,5320
00918,大華優利高填息30,74,1,73,高橋,2024-08-06,5320
2618,長榮航,66,7,59,高橋,2024-08-06,5320
00715L,期街口布蘭特正2,60,7,53,高橋,2024-08-06,5320
3576,聯合再生,60,10,50,高橋,2024-08-06,5320
8176,智捷,50,0,50,高橋,2024-08-06,5320
1301,台塑,44,1,43,高橋,2024-08-06,5320
00900,富邦特選高股息30,43,1,42,高橋,2024-08-06,5320
00936,台新永續高息中小,51,10,41,高橋,2024-08-06,5320
6152,百一,41,0,41,高橋,2024-08-06,5320
2204,中華,42,3,39,高橋,2024-08-06,5320
00712,復華富時不動產,38,0,38,高橋,2024-08-06,5320
2610,華航,40,3,37,高橋,2024-08-06,5320
00881,國泰台灣5G+,46,9,37,高橋,2024-08-06,5320
2444,兆勁,37,2,35,高橋,2024-08-06,5320
1409,新纖,38,4,34,高橋,2024-08-06,5320
2409,友達,91,57,34,高橋,2024-08-06,5320
2353,宏��,54,21,33,高橋,2024-08-06,5320
2885,元大金,61,29,32,高橋,2024-08-06,5320
2515,中工,40,8,32,高橋,2024-08-06,5320
2401,凌陽,31,0,31,高橋,2024-08-06,5320
1314,中石化,36,6,30,高橋,2024-08-06,5320
00753L,中信中國50正2,30,0,30,高橋,2024-08-06,5320
3374,精材,38,10,28,高橋,2024-08-06,5320
00637L,元大滬深300正2,37,10,27,高橋,2024-08-06,5320
0056,元大高股息,47,22,25,高橋,2024-08-06,5320
1582,信錦,25,0,25,高橋,2024-08-06,5320
00725B,國泰投資級公司債,24,0,24,高橋,2024-08-06,5320
00951,台新日本半導體,23,0,23,高橋,2024-08-06,5320
3037,欣興,34,12,22,高橋,2024-08-06,5320
8054,安國,31,10,21,高橋,2024-08-06,5320
00751B,元大AAA至A公司債,21,0,21,高橋,2024-08-06,5320
2543,皇昌,31,11,20,高橋,2024-08-06,5320
3362,先進光,20,0,20,高橋,2024-08-06,5320
3189,景碩,42,23,19,高橋,2024-08-06,5320
2349,錸德,37,18,19,高橋,2024-08-06,5320
2883,凱基金,24,7,17,高橋,2024-08-06,5320
00632R,元大台灣50反1,280,84,196,高橋,2024-08-07,5320
00929,復華台灣科技優息,182,32,150,高橋,2024-08-07,5320
00715L,期街口布蘭特正2,93,0,93,高橋,2024-08-07,5320
00945B,凱基美國非投等債,90,0,90,高橋,2024-08-07,5320
2501,國建,94,6,88,高橋,2024-08-07,5320
00688L,國泰20年美債正2,117,30,87,高橋,2024-08-07,5320
2323,中環,90,4,86,高橋,2024-08-07,5320
2886,兆豐金,83,3,80,高橋,2024-08-07,5320
00878,國泰永續高股息,107,32,75,高橋,2024-08-07,5320
00931B,統一美債20年,75,0,75,高橋,2024-08-07,5320
2409,友達,88,13,75,高橋,2024-08-07,5320
2408,南亞科,67,0,67,高橋,2024-08-07,5320
2317,鴻海,158,94,64,高橋,2024-08-07,5320
00680L,元大美債20正2,103,40,63,高橋,2024-08-07,5320
3231,緯創,90,29,61,高橋,2024-08-07,5320
00946,群益科技高息成長,63,3,60,高橋,2024-08-07,5320
00637L,元大滬深300正2,60,1,59,高橋,2024-08-07,5320
2356,英業達,65,13,52,高橋,2024-08-07,5320
6213,聯茂,56,4,52,高橋,2024-08-07,5320
1597,直得,117,67,50,高橋,2024-08-07,5320
00919,群益台灣精選高息,59,15,44,高橋,2024-08-07,5320
2887,台新金,44,3,41,高橋,2024-08-07,5320
00937B,群益ESG投等債20,40,5,35,高橋,2024-08-07,5320
2609,陽明,79,47,32,高橋,2024-08-07,5320
6443,元晶,30,2,28,高橋,2024-08-07,5320
0056,元大高股息,36,8,28,高橋,2024-08-07,5320
00679B,元大美債20年,82,55,27,高橋,2024-08-07,5320
2382,廣達,48,23,25,高橋,2024-08-07,5320
2834,臺企銀,81,57,24,高橋,2024-08-07,5320
00881,國泰台灣5G+,27,4,23,高橋,2024-08-07,5320
2449,京元電子,32,10,22,高橋,2024-08-07,5320
2881,富邦金,24,4,20,高橋,2024-08-07,5320
00891,中信關鍵半導體,21,1,20,高橋,2024-08-07,5320
00915,凱基優選高股息30,20,0,20,高橋,2024-08-07,5320
3019,亞光,43,24,19,高橋,2024-08-07,5320
2324,仁寶,20,2,18,高橋,2024-08-07,5320
6116,彩晶,20,2,18,高橋,2024-08-07,5320
9105,泰金寶-DR,20,3,17,高橋,2024-08-07,5320
2884,玉山金,16,1,15,高橋,2024-08-07,5320
2883,凱基金,31,17,14,高橋,2024-08-07,5320
3034,聯詠,14,0,14,高橋,2024-08-07,5320
1540,喬福,60,47,13,高橋,2024-08-07,5320
2102,泰豐,20,7,13,高橋,2024-08-07,5320
3711,日月光投控,14,2,12,高橋,2024-08-07,5320
5498,凱崴,12,0,12,高橋,2024-08-07,5320
00932,兆豐永續高息等權,22,11,11,高橋,2024-08-07,5320
2347,聯強,11,0,11,高橋,2024-08-07,5320
00947,台新臺灣IC設計,11,0,11,高橋,2024-08-07,5320
3576,聯合再生,11,0,11,高橋,2024-08-07,5320
00940,元大台灣價值高息,65,54,11,高橋,2024-08-07,5320
00706L,期元大S＆P日圓正2,640,0,640,高橋,2024-08-08,5320
00929,復華台灣科技優息,291,26,265,高橋,2024-08-08,5320
00937B,群益ESG投等債20,140,0,140,高橋,2024-08-08,5320
2002,中鋼,114,14,100,高橋,2024-08-08,5320
00679B,元大美債20年,83,4,79,高橋,2024-08-08,5320
2615,萬海,89,14,75,高橋,2024-08-08,5320
2834,臺企銀,107,37,70,高橋,2024-08-08,5320
8043,蜜望實,93,23,70,高橋,2024-08-08,5320
2362,藍天,68,4,64,高橋,2024-08-08,5320
1718,中纖,60,2,58,高橋,2024-08-08,5320
8021,尖點,67,10,57,高橋,2024-08-08,5320
3673,TPK-KY,61,5,56,高橋,2024-08-08,5320
2317,鴻海,88,33,55,高橋,2024-08-08,5320
00881,國泰台灣5G+,52,0,52,高橋,2024-08-08,5320
2601,益航,50,1,49,高橋,2024-08-08,5320
00919,群益台灣精選高息,49,0,49,高橋,2024-08-08,5320
00878,國泰永續高股息,99,51,48,高橋,2024-08-08,5320
4919,新唐,47,1,46,高橋,2024-08-08,5320
2886,兆豐金,48,5,43,高橋,2024-08-08,5320
00951,台新日本半導體,40,0,40,高橋,2024-08-08,5320
00946,群益科技高息成長,36,0,36,高橋,2024-08-08,5320
2349,錸德,76,42,34,高橋,2024-08-08,5320
2371,大同,34,1,33,高橋,2024-08-08,5320
2537,聯上發,35,2,33,高橋,2024-08-08,5320
2891,中信金,34,2,32,高橋,2024-08-08,5320
2324,仁寶,32,0,32,高橋,2024-08-08,5320
00687B,國泰20年美債,39,8,31,高橋,2024-08-08,5320
2208,台船,30,1,29,高橋,2024-08-08,5320
00948B,中信優息投資級債,27,0,27,高橋,2024-08-08,5320
1503,士電,26,2,24,高橋,2024-08-08,5320
3312,弘憶股,24,2,22,高橋,2024-08-08,5320
00900,富邦特選高股息30,22,0,22,高橋,2024-08-08,5320
1301,台塑,25,3,22,高橋,2024-08-08,5320
2392,正崴,22,1,21,高橋,2024-08-08,5320
2892,第一金,24,4,20,高橋,2024-08-08,5320
2356,英業達,27,7,20,高橋,2024-08-08,5320
4154,樂威科-KY,20,0,20,高橋,2024-08-08,5320
9904,寶成,20,0,20,高橋,2024-08-08,5320
2382,廣達,43,24,19,高橋,2024-08-08,5320
00936,台新永續高息中小,18,0,18,高橋,2024-08-08,5320
6213,聯茂,19,1,18,高橋,2024-08-08,5320
2489,瑞軒,25,8,17,高橋,2024-08-08,5320
1312,國喬,17,0,17,高橋,2024-08-08,5320
6770,力積電,16,0,16,高橋,2024-08-08,5320
1785,光洋科,26,10,16,高橋,2024-08-08,5320
2201,裕隆,16,1,15,高橋,2024-08-08,5320
2610,華航,15,0,15,高橋,2024-08-08,5320
9105,泰金寶-DR,25,10,15,高橋,2024-08-08,5320
2338,光罩,27,13,14,高橋,2024-08-08,5320
00680L,元大美債20正2,14,0,14,高橋,2024-08-08,5320
00632R,元大台灣50反1,434,1,433,高橋,2024-08-09,5320
00929,復華台灣科技優息,240,37,203,高橋,2024-08-09,5320
00680L,元大美債20正2,169,0,169,高橋,2024-08-09,5320
00937B,群益ESG投等債20,164,16,148,高橋,2024-08-09,5320
00934,中信成長高股息,137,1,136,高橋,2024-08-09,5320
00936,台新永續高息中小,121,1,120,高橋,2024-08-09,5320
00679B,元大美債20年,89,16,73,高橋,2024-08-09,5320
2029,盛餘,60,0,60,高橋,2024-08-09,5320
1312,國喬,51,0,51,高橋,2024-08-09,5320
3481,群創,134,84,50,高橋,2024-08-09,5320
2337,旺宏,52,9,43,高橋,2024-08-09,5320
00687B,國泰20年美債,53,10,43,高橋,2024-08-09,5320
6015,宏遠證,40,0,40,高橋,2024-08-09,5320
3325,旭品,40,0,40,高橋,2024-08-09,5320
2408,南亞科,53,13,40,高橋,2024-08-09,5320
2367,燿華,63,26,37,高橋,2024-08-09,5320
1714,和桐,35,0,35,高橋,2024-08-09,5320
2353,宏��,82,51,31,高橋,2024-08-09,5320
00878,國泰永續高股息,38,12,26,高橋,2024-08-09,5320
3060,銘異,25,0,25,高橋,2024-08-09,5320
0056,元大高股息,31,7,24,高橋,2024-08-09,5320
2609,陽明,68,45,23,高橋,2024-08-09,5320
3324,雙鴻,21,0,21,高橋,2024-08-09,5320
6285,啟��,22,2,20,高橋,2024-08-09,5320
5243,乙盛-KY,20,0,20,高橋,2024-08-09,5320
6179,亞通,20,1,19,高橋,2024-08-09,5320
00923,群益台ESG低碳50,20,1,19,高橋,2024-08-09,5320
6175,立敦,20,1,19,高橋,2024-08-09,5320
9955,佳龍,23,5,18,高橋,2024-08-09,5320
00795B,中信美國公債20年,18,0,18,高橋,2024-08-09,5320
8110,華東,20,2,18,高橋,2024-08-09,5320
00951,台新日本半導體,16,0,16,高橋,2024-08-09,5320
00918,大華優利高填息30,21,5,16,高橋,2024-08-09,5320
4167,松瑞藥,16,0,16,高橋,2024-08-09,5320
8107,大億金茂,15,0,15,高橋,2024-08-09,5320
3010,華立,15,0,15,高橋,2024-08-09,5320
2405,輔信,15,1,14,高橋,2024-08-09,5320
3202,樺晟,13,0,13,高橋,2024-08-09,5320
3545,敦泰,14,2,12,高橋,2024-08-09,5320
6152,百一,12,0,12,高橋,2024-08-09,5320
3339,泰谷,13,2,11,高橋,2024-08-09,5320
3048,益登,27,16,11,高橋,2024-08-09,5320
2486,一詮,11,0,11,高橋,2024-08-09,5320
00946,群益科技高息成長,11,0,11,高橋,2024-08-09,5320
5443,均豪,44,33,11,高橋,2024-08-09,5320
2301,光寶科,14,3,11,高橋,2024-08-09,5320
3044,健鼎,13,3,10,高橋,2024-08-09,5320
2605,新興,10,0,10,高橋,2024-08-09,5320
2836,高雄銀,10,0,10,高橋,2024-08-09,5320
5706,鳳凰,10,0,10,高橋,2024-08-09,5320
00632R,元大台灣50反1,444,5,439,高橋,2024-08-12,5320
00715L,期街口布蘭特正2,280,10,270,高橋,2024-08-12,5320
00679B,元大美債20年,245,22,223,高橋,2024-08-12,5320
00929,復華台灣科技優息,161,35,126,高橋,2024-08-12,5320
00900,富邦特選高股息30,95,0,95,高橋,2024-08-12,5320
00671R,富邦NASDAQ反1,94,0,94,高橋,2024-08-12,5320
00680L,元大美債20正2,150,72,78,高橋,2024-08-12,5320
2312,金寶,103,29,74,高橋,2024-08-12,5320
3710,連展投控,61,0,61,高橋,2024-08-12,5320
00937B,群益ESG投等債20,49,0,49,高橋,2024-08-12,5320
00687B,國泰20年美債,48,0,48,高橋,2024-08-12,5320
00936,台新永續高息中小,46,0,46,高橋,2024-08-12,5320
3024,憶聲,39,0,39,高橋,2024-08-12,5320
3339,泰谷,73,37,36,高橋,2024-08-12,5320
2543,皇昌,35,1,34,高橋,2024-08-12,5320
2888,新光金,120,89,31,高橋,2024-08-12,5320
00918,大華優利高填息30,29,2,27,高橋,2024-08-12,5320
2891,中信金,31,4,27,高橋,2024-08-12,5320
3663,鑫科,58,31,27,高橋,2024-08-12,5320
8358,金居,26,0,26,高橋,2024-08-12,5320
4306,炎洲,26,0,26,高橋,2024-08-12,5320
8105,凌巨,36,13,23,高橋,2024-08-12,5320
1597,直得,32,10,22,高橋,2024-08-12,5320
00948B,中信優息投資級債,21,0,21,高橋,2024-08-12,5320
4562,穎漢,30,9,21,高橋,2024-08-12,5320
00878,國泰永續高股息,28,7,21,高橋,2024-08-12,5320
2409,友達,26,6,20,高橋,2024-08-12,5320
3522,御嵿,20,0,20,高橋,2024-08-12,5320
2349,錸德,36,16,20,高橋,2024-08-12,5320
9958,世紀鋼,36,17,19,高橋,2024-08-12,5320
00932,兆豐永續高息等權,20,1,19,高橋,2024-08-12,5320
1102,亞泥,20,2,18,高橋,2024-08-12,5320
2867,三商壽,17,0,17,高橋,2024-08-12,5320
1584,精剛,17,0,17,高橋,2024-08-12,5320
2368,金像電,21,4,17,高橋,2024-08-12,5320
00713,元大台灣高息低波,17,1,16,高橋,2024-08-12,5320
3047,訊舟,29,13,16,高橋,2024-08-12,5320
6757,台灣虎航,15,0,15,高橋,2024-08-12,5320
3260,威剛,15,0,15,高橋,2024-08-12,5320
4174,浩鼎,16,2,14,高橋,2024-08-12,5320
3535,晶彩科,19,5,14,高橋,2024-08-12,5320
4526,東台,18,5,13,高橋,2024-08-12,5320
2359,所羅門,33,21,12,高橋,2024-08-12,5320
1471,首利,18,6,12,高橋,2024-08-12,5320
3705,永信,12,0,12,高橋,2024-08-12,5320
2301,光寶科,16,4,12,高橋,2024-08-12,5320
1314,中石化,22,10,12,高橋,2024-08-12,5320
6577,勁豐,12,0,12,高橋,2024-08-12,5320
4903,聯光通,13,1,12,高橋,2024-08-12,5320
8374,羅昇,24,12,12,高橋,2024-08-12,5320
00632R,元大台灣50反1,365,53,312,高橋,2024-08-13,5320
2880,華南金,239,0,239,高橋,2024-08-13,5320
1527,鑽全,132,5,127,高橋,2024-08-13,5320
2615,萬海,170,54,116,高橋,2024-08-13,5320
3024,憶聲,104,10,94,高橋,2024-08-13,5320
00937B,群益ESG投等債20,63,0,63,高橋,2024-08-13,5320
6116,彩晶,56,0,56,高橋,2024-08-13,5320
00918,大華優利高填息30,59,15,44,高橋,2024-08-13,5320
00919,群益台灣精選高息,40,5,35,高橋,2024-08-13,5320
1301,台塑,35,2,33,高橋,2024-08-13,5320
00878,國泰永續高股息,36,3,33,高橋,2024-08-13,5320
00945B,凱基美國非投等債,30,0,30,高橋,2024-08-13,5320
00881,國泰台灣5G+,31,3,28,高橋,2024-08-13,5320
6213,聯茂,30,2,28,高橋,2024-08-13,5320
2891,中信金,27,0,27,高橋,2024-08-13,5320
2365,昆盈,106,79,27,高橋,2024-08-13,5320
1303,南亞,26,1,25,高橋,2024-08-13,5320
2609,陽明,110,86,24,高橋,2024-08-13,5320
1312,國喬,24,0,24,高橋,2024-08-13,5320
2476,鉅祥,25,1,24,高橋,2024-08-13,5320
6505,台塑化,23,1,22,高橋,2024-08-13,5320
00940,元大台灣價值高息,22,2,20,高橋,2024-08-13,5320
00664R,國泰臺灣加權反1,20,0,20,高橋,2024-08-13,5320
3062,建漢,45,25,20,高橋,2024-08-13,5320
2886,兆豐金,25,6,19,高橋,2024-08-13,5320
3013,晟銘電,39,20,19,高橋,2024-08-13,5320
2371,大同,29,10,19,高橋,2024-08-13,5320
2002,中鋼,18,0,18,高橋,2024-08-13,5320
6698,旭暉應材,18,0,18,高橋,2024-08-13,5320
2401,凌陽,17,0,17,高橋,2024-08-13,5320
1513,中興電,37,21,16,高橋,2024-08-13,5320
6770,力積電,18,3,15,高橋,2024-08-13,5320
00687B,國泰20年美債,19,4,15,高橋,2024-08-13,5320
00673R,期元大S＆P原油反1,15,0,15,高橋,2024-08-13,5320
2102,泰豐,15,0,15,高橋,2024-08-13,5320
4566,時碩工業,15,1,14,高橋,2024-08-13,5320
2383,台光電,13,0,13,高橋,2024-08-13,5320
2362,藍天,20,7,13,高橋,2024-08-13,5320
00712,復華富時不動產,15,2,13,高橋,2024-08-13,5320
00946,群益科技高息成長,13,0,13,高橋,2024-08-13,5320
1471,首利,12,0,12,高橋,2024-08-13,5320
2537,聯上發,14,2,12,高橋,2024-08-13,5320
2605,新興,13,1,12,高橋,2024-08-13,5320
5464,霖宏,12,0,12,高橋,2024-08-13,5320
3535,晶彩科,17,6,11,高橋,2024-08-13,5320
4714,永捷,11,0,11,高橋,2024-08-13,5320
2637,慧洋-KY,11,0,11,高橋,2024-08-13,5320
6695,芯鼎,15,4,11,高橋,2024-08-13,5320
2353,宏��,12,2,10,高橋,2024-08-13,5320
4540,全球傳動,15,5,10,高橋,2024-08-13,5320
00715L,期街口布蘭特正2,570,0,570,高橋,2024-08-14,5320
00671R,富邦NASDAQ反1,362,0,362,高橋,2024-08-14,5320
2885,元大金,81,0,81,高橋,2024-08-14,5320
2603,長榮,84,17,67,高橋,2024-08-14,5320
1101,台泥,57,1,56,高橋,2024-08-14,5320
8043,蜜望實,58,10,48,高橋,2024-08-14,5320
2324,仁寶,47,2,45,高橋,2024-08-14,5320
00881,國泰台灣5G+,55,10,45,高橋,2024-08-14,5320
4746,台耀,40,0,40,高橋,2024-08-14,5320
00940,元大台灣價值高息,55,17,38,高橋,2024-08-14,5320
2356,英業達,44,8,36,高橋,2024-08-14,5320
2615,萬海,55,20,35,高橋,2024-08-14,5320
3048,益登,36,1,35,高橋,2024-08-14,5320
3481,群創,51,17,34,高橋,2024-08-14,5320
00679B,元大美債20年,50,18,32,高橋,2024-08-14,5320
00687B,國泰20年美債,31,0,31,高橋,2024-08-14,5320
00688L,國泰20年美債正2,30,0,30,高橋,2024-08-14,5320
00753L,中信中國50正2,30,0,30,高橋,2024-08-14,5320
6116,彩晶,30,0,30,高橋,2024-08-14,5320
1312,國喬,28,0,28,高橋,2024-08-14,5320
6651,全宇昕,25,0,25,高橋,2024-08-14,5320
00945B,凱基美國非投等債,30,5,25,高橋,2024-08-14,5320
00936,台新永續高息中小,24,0,24,高橋,2024-08-14,5320
2404,漢唐,25,1,24,高橋,2024-08-14,5320
00637L,元大滬深300正2,23,0,23,高橋,2024-08-14,5320
2393,億光,26,3,23,高橋,2024-08-14,5320
6414,樺漢,22,0,22,高橋,2024-08-14,5320
00636,國泰中國A50,20,0,20,高橋,2024-08-14,5320
1527,鑽全,20,0,20,高橋,2024-08-14,5320
4306,炎洲,25,5,20,高橋,2024-08-14,5320
2383,台光電,20,0,20,高橋,2024-08-14,5320
8150,南茂,21,2,19,高橋,2024-08-14,5320
4562,穎漢,44,26,18,高橋,2024-08-14,5320
2476,鉅祥,20,3,17,高橋,2024-08-14,5320
00882,中信中國高股息,17,0,17,高橋,2024-08-14,5320
00900,富邦特選高股息30,77,61,16,高橋,2024-08-14,5320
3260,威剛,23,7,16,高橋,2024-08-14,5320
2365,昆盈,58,43,15,高橋,2024-08-14,5320
1608,華榮,16,1,15,高橋,2024-08-14,5320
6015,宏遠證,15,0,15,高橋,2024-08-14,5320
1536,和大,16,1,15,高橋,2024-08-14,5320
2464,盟立,26,11,15,高橋,2024-08-14,5320
00937B,群益ESG投等債20,25,11,14,高橋,2024-08-14,5320
2312,金寶,20,7,13,高橋,2024-08-14,5320
2801,彰銀,14,1,13,高橋,2024-08-14,5320
8040,九暘,13,0,13,高橋,2024-08-14,5320
2427,三商電,13,0,13,高橋,2024-08-14,5320
2101,南港,16,3,13,高橋,2024-08-14,5320
4167,松瑞藥,12,0,12,高橋,2024-08-14,5320
2516,新建,12,0,12,高橋,2024-08-14,5320
2002,中鋼,652,1,651,高橋,2024-08-15,5320
00900,富邦特選高股息30,240,0,240,高橋,2024-08-15,5320
00878,國泰永續高股息,119,8,111,高橋,2024-08-15,5320
00679B,元大美債20年,107,14,93,高橋,2024-08-15,5320
00933B,國泰10Y+金融債,81,1,80,高橋,2024-08-15,5320
2356,英業達,78,2,76,高橋,2024-08-15,5320
2867,三商壽,116,41,75,高橋,2024-08-15,5320
2801,彰銀,66,4,62,高橋,2024-08-15,5320
00687B,國泰20年美債,175,120,55,高橋,2024-08-15,5320
1301,台塑,49,0,49,高橋,2024-08-15,5320
3149,正達,45,0,45,高橋,2024-08-15,5320
2102,泰豐,35,0,35,高橋,2024-08-15,5320
2543,皇昌,35,1,34,高橋,2024-08-15,5320
2887,台新金,34,0,34,高橋,2024-08-15,5320
00680L,元大美債20正2,51,19,32,高橋,2024-08-15,5320
2303,聯電,41,10,31,高橋,2024-08-15,5320
1314,中石化,34,3,31,高橋,2024-08-15,5320
00688L,國泰20年美債正2,30,0,30,高橋,2024-08-15,5320
4562,穎漢,50,21,29,高橋,2024-08-15,5320
00881,國泰台灣5G+,33,5,28,高橋,2024-08-15,5320
2324,仁寶,36,12,24,高橋,2024-08-15,5320
3663,鑫科,35,13,22,高橋,2024-08-15,5320
4938,和碩,22,0,22,高橋,2024-08-15,5320
6207,雷科,25,3,22,高橋,2024-08-15,5320
5905,南仁湖,22,1,21,高橋,2024-08-15,5320
00929,復華台灣科技優息,76,56,20,高橋,2024-08-15,5320
1101,台泥,27,7,20,高橋,2024-08-15,5320
6160,欣技,20,0,20,高橋,2024-08-15,5320
4561,健椿,29,11,18,高橋,2024-08-15,5320
00915,凱基優選高股息30,17,0,17,高橋,2024-08-15,5320
8071,能率網通,18,1,17,高橋,2024-08-15,5320
4906,正文,17,0,17,高橋,2024-08-15,5320
0056,元大高股息,17,1,16,高橋,2024-08-15,5320
2481,強茂,15,0,15,高橋,2024-08-15,5320
2317,鴻海,61,47,14,高橋,2024-08-15,5320
3390,旭軟,25,11,14,高橋,2024-08-15,5320
1570,力肯,14,0,14,高橋,2024-08-15,5320
2892,第一金,17,4,13,高橋,2024-08-15,5320
3189,景碩,13,0,13,高橋,2024-08-15,5320
2641,正德,13,0,13,高橋,2024-08-15,5320
3231,緯創,13,1,12,高橋,2024-08-15,5320
2880,華南金,12,0,12,高橋,2024-08-15,5320
2031,新光鋼,12,0,12,高橋,2024-08-15,5320
9105,泰金寶-DR,13,1,12,高橋,2024-08-15,5320
6257,矽格,12,0,12,高橋,2024-08-15,5320
8358,金居,13,1,12,高橋,2024-08-15,5320
1785,光洋科,26,15,11,高橋,2024-08-15,5320
2329,華泰,13,2,11,高橋,2024-08-15,5320
2449,京元電子,25,14,11,高橋,2024-08-15,5320
1524,耿鼎,10,0,10,高橋,2024-08-15,5320
00632R,元大台灣50反1,469,10,459,高橋,2024-08-16,5320
00937B,群益ESG投等債20,61,0,61,高橋,2024-08-16,5320
00687B,國泰20年美債,69,8,61,高橋,2024-08-16,5320
2062,橋椿,66,12,54,高橋,2024-08-16,5320
2489,瑞軒,52,3,49,高橋,2024-08-16,5320
2401,凌陽,39,0,39,高橋,2024-08-16,5320
2845,遠東銀,39,2,37,高橋,2024-08-16,5320
00878,國泰永續高股息,65,33,32,高橋,2024-08-16,5320
8049,晶采,30,0,30,高橋,2024-08-16,5320
2317,鴻海,68,38,30,高橋,2024-08-16,5320
5905,南仁湖,40,15,25,高橋,2024-08-16,5320
2316,楠梓電,22,0,22,高橋,2024-08-16,5320
3712,永崴投控,25,5,20,高橋,2024-08-16,5320
00933B,國泰10Y+金融債,20,0,20,高橋,2024-08-16,5320
2634,漢翔,20,0,20,高橋,2024-08-16,5320
3686,達能,20,0,20,高橋,2024-08-16,5320
6598,ABC-KY,22,2,20,高橋,2024-08-16,5320
00706L,期元大S＆P日圓正2,20,0,20,高橋,2024-08-16,5320
8215,明基材,20,0,20,高橋,2024-08-16,5320
1785,光洋科,35,16,19,高橋,2024-08-16,5320
3535,晶彩科,22,4,18,高橋,2024-08-16,5320
1514,亞力,20,3,17,高橋,2024-08-16,5320
2605,新興,23,6,17,高橋,2024-08-16,5320
00931B,統一美債20年,17,0,17,高橋,2024-08-16,5320
2834,臺企銀,21,4,17,高橋,2024-08-16,5320
2365,昆盈,114,97,17,高橋,2024-08-16,5320
00936,台新永續高息中小,16,0,16,高橋,2024-08-16,5320
3149,正達,16,0,16,高橋,2024-08-16,5320
3715,定穎投控,22,7,15,高橋,2024-08-16,5320
00679B,元大美債20年,59,44,15,高橋,2024-08-16,5320
6016,康和證,15,0,15,高橋,2024-08-16,5320
6015,宏遠證,15,0,15,高橋,2024-08-16,5320
3673,TPK-KY,21,7,14,高橋,2024-08-16,5320
2609,陽明,50,37,13,高橋,2024-08-16,5320
00688L,國泰20年美債正2,14,1,13,高橋,2024-08-16,5320
8064,東捷,25,12,13,高橋,2024-08-16,5320
1714,和桐,33,20,13,高橋,2024-08-16,5320
2427,三商電,12,0,12,高橋,2024-08-16,5320
4919,新唐,20,8,12,高橋,2024-08-16,5320
2323,中環,29,17,12,高橋,2024-08-16,5320
2349,錸德,18,7,11,高橋,2024-08-16,5320
4154,樂威科-KY,10,0,10,高橋,2024-08-16,5320
1305,華夏,10,0,10,高橋,2024-08-16,5320
00664R,國泰臺灣加權反1,10,0,10,高橋,2024-08-16,5320
3002,歐格,10,0,10,高橋,2024-08-16,5320
00907,永豐優息存股,10,0,10,高橋,2024-08-16,5320
1617,榮星,10,0,10,高橋,2024-08-16,5320
2484,希華,10,0,10,高橋,2024-08-16,5320
2241,艾姆勒,10,0,10,高橋,2024-08-16,5320
3390,旭軟,10,0,10,高橋,2024-08-16,5320
00687B,國泰20年美債,224,8,216,高橋,2024-08-19,5320
00632R,元大台灣50反1,132,6,126,高橋,2024-08-19,5320
00929,復華台灣科技優息,125,14,111,高橋,2024-08-19,5320
2323,中環,109,12,97,高橋,2024-08-19,5320
00927,群益半導體收益,88,1,87,高橋,2024-08-19,5320
2002,中鋼,93,13,80,高橋,2024-08-19,5320
00937B,群益ESG投等債20,180,113,67,高橋,2024-08-19,5320
3062,建漢,50,8,42,高橋,2024-08-19,5320
00933B,國泰10Y+金融債,39,1,38,高橋,2024-08-19,5320
8028,昇陽半導體,51,14,37,高橋,2024-08-19,5320
00679B,元大美債20年,35,0,35,高橋,2024-08-19,5320
9904,寶成,34,1,33,高橋,2024-08-19,5320
3231,緯創,36,4,32,高橋,2024-08-19,5320
00713,元大台灣高息低波,32,0,32,高橋,2024-08-19,5320
911868,同方友友-DR,30,0,30,高橋,2024-08-19,5320
00680L,元大美債20正2,30,0,30,高橋,2024-08-19,5320
2324,仁寶,31,3,28,高橋,2024-08-19,5320
5905,南仁湖,48,21,27,高橋,2024-08-19,5320
2885,元大金,27,1,26,高橋,2024-08-19,5320
3047,訊舟,50,27,23,高橋,2024-08-19,5320
2886,兆豐金,23,0,23,高橋,2024-08-19,5320
6207,雷科,33,12,21,高橋,2024-08-19,5320
2030,彰源,20,0,20,高橋,2024-08-19,5320
4526,東台,38,18,20,高橋,2024-08-19,5320
2405,輔信,34,15,19,高橋,2024-08-19,5320
6188,廣明,33,15,18,高橋,2024-08-19,5320
00712,復華富時不動產,20,2,18,高橋,2024-08-19,5320
2356,英業達,19,1,18,高橋,2024-08-19,5320
00751B,元大AAA至A公司債,17,0,17,高橋,2024-08-19,5320
5371,中光電,23,6,17,高橋,2024-08-19,5320
8054,安國,19,3,16,高橋,2024-08-19,5320
2537,聯上發,20,4,16,高橋,2024-08-19,5320
00918,大華優利高填息30,16,1,15,高橋,2024-08-19,5320
8163,達方,15,0,15,高橋,2024-08-19,5320
2891,中信金,16,1,15,高橋,2024-08-19,5320
00878,國泰永續高股息,34,19,15,高橋,2024-08-19,5320
1101,台泥,14,0,14,高橋,2024-08-19,5320
8110,華東,15,1,14,高橋,2024-08-19,5320
2548,華固,14,0,14,高橋,2024-08-19,5320
00951,台新日本半導體,13,0,13,高橋,2024-08-19,5320
1597,直得,16,3,13,高橋,2024-08-19,5320
3686,達能,16,4,12,高橋,2024-08-19,5320
5309,系統電,16,4,12,高橋,2024-08-19,5320
00725B,國泰投資級公司債,12,0,12,高橋,2024-08-19,5320
2354,鴻準,12,1,11,高橋,2024-08-19,5320
1608,華榮,11,0,11,高橋,2024-08-19,5320
2062,橋椿,19,8,11,高橋,2024-08-19,5320
3581,博磊,15,4,11,高橋,2024-08-19,5320
00715L,期街口布蘭特正2,28,17,11,高橋,2024-08-19,5320
8358,金居,22,11,11,高橋,2024-08-19,5320
00715L,期街口布蘭特正2,163,11,152,高橋,2024-08-20,5320
00680L,元大美債20正2,129,15,114,高橋,2024-08-20,5320
2888,新光金,199,101,98,高橋,2024-08-20,5320
2356,英業達,83,2,81,高橋,2024-08-20,5320
00688L,國泰20年美債正2,76,0,76,高橋,2024-08-20,5320
00937B,群益ESG投等債20,82,10,72,高橋,2024-08-20,5320
1326,台化,69,1,68,高橋,2024-08-20,5320
2317,鴻海,87,31,56,高橋,2024-08-20,5320
1303,南亞,66,11,55,高橋,2024-08-20,5320
00929,復華台灣科技優息,66,21,45,高橋,2024-08-20,5320
8028,昇陽半導體,72,28,44,高橋,2024-08-20,5320
00632R,元大台灣50反1,37,2,35,高橋,2024-08-20,5320
6505,台塑化,32,0,32,高橋,2024-08-20,5320
00687B,國泰20年美債,35,3,32,高橋,2024-08-20,5320
00753L,中信中國50正2,32,0,32,高橋,2024-08-20,5320
00940,元大台灣價值高息,60,29,31,高橋,2024-08-20,5320
00679B,元大美債20年,30,1,29,高橋,2024-08-20,5320
2401,凌陽,38,10,28,高橋,2024-08-20,5320
2352,佳世達,30,2,28,高橋,2024-08-20,5320
6695,芯鼎,29,3,26,高橋,2024-08-20,5320
00933B,國泰10Y+金融債,35,11,24,高橋,2024-08-20,5320
2489,瑞軒,55,31,24,高橋,2024-08-20,5320
2520,冠德,23,2,21,高橋,2024-08-20,5320
2739,寒舍,21,0,21,高橋,2024-08-20,5320
3230,錦明,21,1,20,高橋,2024-08-20,5320
4154,樂威科-KY,20,0,20,高橋,2024-08-20,5320
00919,群益台灣精選高息,44,25,19,高橋,2024-08-20,5320
2538,基泰,19,0,19,高橋,2024-08-20,5320
6218,豪勉,21,2,19,高橋,2024-08-20,5320
2367,燿華,22,3,19,高橋,2024-08-20,5320
3189,景碩,26,7,19,高橋,2024-08-20,5320
00923,群益台ESG低碳50,17,0,17,高橋,2024-08-20,5320
2062,橋椿,22,5,17,高橋,2024-08-20,5320
2365,昆盈,72,55,17,高橋,2024-08-20,5320
3522,御嵿,31,15,16,高橋,2024-08-20,5320
2883,凱基金,20,4,16,高橋,2024-08-20,5320
1718,中纖,20,5,15,高橋,2024-08-20,5320
1301,台塑,23,8,15,高橋,2024-08-20,5320
2889,國票金,19,4,15,高橋,2024-08-20,5320
5371,中光電,19,4,15,高橋,2024-08-20,5320
5452,佶優,20,6,14,高橋,2024-08-20,5320
8071,能率網通,26,12,14,高橋,2024-08-20,5320
3030,德律,21,7,14,高橋,2024-08-20,5320
1785,光洋科,48,35,13,高橋,2024-08-20,5320
00795B,中信美國公債20年,12,0,12,高橋,2024-08-20,5320
3576,聯合再生,16,4,12,高橋,2024-08-20,5320
2323,中環,18,7,11,高橋,2024-08-20,5320
2542,興富發,15,4,11,高橋,2024-08-20,5320
00637L,元大滬深300正2,11,0,11,高橋,2024-08-20,5320
2204,中華,11,0,11,高橋,2024-08-20,5320
00632R,元大台灣50反1,465,7,458,高橋,2024-08-21,5320
3202,樺晟,210,0,210,高橋,2024-08-21,5320
00687B,國泰20年美債,142,7,135,高橋,2024-08-21,5320
2323,中環,119,4,115,高橋,2024-08-21,5320
5905,南仁湖,78,11,67,高橋,2024-08-21,5320
00753L,中信中國50正2,61,0,61,高橋,2024-08-21,5320
00953B,群益優選非投等債,55,0,55,高橋,2024-08-21,5320
4906,正文,64,14,50,高橋,2024-08-21,5320
00715L,期街口布蘭特正2,53,10,43,高橋,2024-08-21,5320
00878,國泰永續高股息,42,1,41,高橋,2024-08-21,5320
8054,安國,43,3,40,高橋,2024-08-21,5320
2344,華邦電,40,2,38,高橋,2024-08-21,5320
2543,皇昌,33,0,33,高橋,2024-08-21,5320
00919,群益台灣精選高息,74,43,31,高橋,2024-08-21,5320
1584,精剛,53,25,28,高橋,2024-08-21,5320
00936,台新永續高息中小,27,0,27,高橋,2024-08-21,5320
00882,中信中國高股息,25,0,25,高橋,2024-08-21,5320
2317,鴻海,43,18,25,高橋,2024-08-21,5320
00923,群益台ESG低碳50,32,10,22,高橋,2024-08-21,5320
5347,世界,26,4,22,高橋,2024-08-21,5320
00918,大華優利高填息30,21,0,21,高橋,2024-08-21,5320
3673,TPK-KY,21,0,21,高橋,2024-08-21,5320
00907,永豐優息存股,21,0,21,高橋,2024-08-21,5320
2365,昆盈,48,27,21,高橋,2024-08-21,5320
3033,威健,20,0,20,高橋,2024-08-21,5320
00688L,國泰20年美債正2,30,10,20,高橋,2024-08-21,5320
3189,景碩,19,1,18,高橋,2024-08-21,5320
2356,英業達,47,29,18,高橋,2024-08-21,5320
1808,潤隆,16,0,16,高橋,2024-08-21,5320
3712,永崴投控,28,12,16,高橋,2024-08-21,5320
00945B,凱基美國非投等債,15,0,15,高橋,2024-08-21,5320
6213,聯茂,19,4,15,高橋,2024-08-21,5320
3047,訊舟,172,158,14,高橋,2024-08-21,5320
3715,定穎投控,15,2,13,高橋,2024-08-21,5320
00940,元大台灣價值高息,14,1,13,高橋,2024-08-21,5320
4128,中天,14,1,13,高橋,2024-08-21,5320
3535,晶彩科,27,14,13,高橋,2024-08-21,5320
00927,群益半導體收益,13,0,13,高橋,2024-08-21,5320
3019,亞光,32,20,12,高橋,2024-08-21,5320
6207,雷科,20,8,12,高橋,2024-08-21,5320
6469,大樹,12,0,12,高橋,2024-08-21,5320
2885,元大金,12,0,12,高橋,2024-08-21,5320
0056,元大高股息,12,0,12,高橋,2024-08-21,5320
2330,台積電,13,1,12,高橋,2024-08-21,5320
3686,達能,15,3,12,高橋,2024-08-21,5320
3231,緯創,21,10,11,高橋,2024-08-21,5320
3260,威剛,11,0,11,高橋,2024-08-21,5320
1802,台玻,12,1,11,高橋,2024-08-21,5320
1805,寶徠,11,0,11,高橋,2024-08-21,5320
2739,寒舍,11,0,11,高橋,2024-08-21,5320
00664R,國泰臺灣加權反1,200,0,200,高橋,2024-08-22,5320
00632R,元大台灣50反1,239,81,158,高橋,2024-08-22,5320
2890,永豐金,122,10,112,高橋,2024-08-22,5320
2515,中工,101,14,87,高橋,2024-08-22,5320
1584,精剛,141,55,86,高橋,2024-08-22,5320
2349,錸德,150,64,86,高橋,2024-08-22,5320
2344,華邦電,83,3,80,高橋,2024-08-22,5320
2891,中信金,86,6,80,高橋,2024-08-22,5320
00929,復華台灣科技優息,84,18,66,高橋,2024-08-22,5320
00937B,群益ESG投等債20,65,0,65,高橋,2024-08-22,5320
2317,鴻海,72,8,64,高橋,2024-08-22,5320
8033,雷虎,76,21,55,高橋,2024-08-22,5320
00919,群益台灣精選高息,43,0,43,高橋,2024-08-22,5320
00712,復華富時不動產,53,11,42,高橋,2024-08-22,5320
2543,皇昌,32,0,32,高橋,2024-08-22,5320
2208,台船,33,2,31,高橋,2024-08-22,5320
3047,訊舟,41,12,29,高橋,2024-08-22,5320
1312,國喬,23,0,23,高橋,2024-08-22,5320
1808,潤隆,22,0,22,高橋,2024-08-22,5320
2610,華航,22,1,21,高橋,2024-08-22,5320
4109,加捷生醫,23,2,21,高橋,2024-08-22,5320
1527,鑽全,20,0,20,高橋,2024-08-22,5320
8054,安國,23,4,19,高橋,2024-08-22,5320
0056,元大高股息,18,0,18,高橋,2024-08-22,5320
00687B,國泰20年美債,25,7,18,高橋,2024-08-22,5320
2885,元大金,18,0,18,高橋,2024-08-22,5320
1304,台聚,20,2,18,高橋,2024-08-22,5320
2367,燿華,17,0,17,高橋,2024-08-22,5320
5443,均豪,28,12,16,高橋,2024-08-22,5320
00933B,國泰10Y+金融債,16,0,16,高橋,2024-08-22,5320
2489,瑞軒,16,0,16,高橋,2024-08-22,5320
6015,宏遠證,15,0,15,高橋,2024-08-22,5320
1785,光洋科,20,5,15,高橋,2024-08-22,5320
00715L,期街口布蘭特正2,15,0,15,高橋,2024-08-22,5320
8064,東捷,29,14,15,高橋,2024-08-22,5320
2330,台積電,16,1,15,高橋,2024-08-22,5320
00907,永豐優息存股,14,0,14,高橋,2024-08-22,5320
5519,隆大,13,0,13,高橋,2024-08-22,5320
1709,和益,15,3,12,高橋,2024-08-22,5320
3379,彬台,32,20,12,高橋,2024-08-22,5320
00940,元大台灣價值高息,21,9,12,高橋,2024-08-22,5320
2883,凱基金,12,0,12,高橋,2024-08-22,5320
3260,威剛,11,0,11,高橋,2024-08-22,5320
00882,中信中國高股息,11,0,11,高橋,2024-08-22,5320
2834,臺企銀,12,2,10,高橋,2024-08-22,5320
2354,鴻準,16,6,10,高橋,2024-08-22,5320
3059,華晶科,10,0,10,高橋,2024-08-22,5320
1305,華夏,10,0,10,高橋,2024-08-22,5320
4949,有成精密,10,0,10,高橋,2024-08-22,5320
1752,南光,10,0,10,高橋,2024-08-22,5320
00674R,期元大S＆P黃金反1,135,0,135,高橋,2024-08-23,5320
00940,元大台灣價值高息,102,0,102,高橋,2024-08-23,5320
2891,中信金,78,0,78,高橋,2024-08-23,5320
1909,榮成,70,0,70,高橋,2024-08-23,5320
1708,東鹼,65,7,58,高橋,2024-08-23,5320
1314,中石化,97,40,57,高橋,2024-08-23,5320
00687B,國泰20年美債,54,1,53,高橋,2024-08-23,5320
00918,大華優利高填息30,43,0,43,高橋,2024-08-23,5320
00929,復華台灣科技優息,73,32,41,高橋,2024-08-23,5320
8033,雷虎,42,2,40,高橋,2024-08-23,5320
2349,錸德,68,31,37,高橋,2024-08-23,5320
4167,松瑞藥,33,1,32,高橋,2024-08-23,5320
5309,系統電,35,4,31,高橋,2024-08-23,5320
2365,昆盈,52,22,30,高橋,2024-08-23,5320
4729,熒茂,29,0,29,高橋,2024-08-23,5320
00919,群益台灣精選高息,26,1,25,高橋,2024-08-23,5320
00680L,元大美債20正2,27,2,25,高橋,2024-08-23,5320
00931B,統一美債20年,24,0,24,高橋,2024-08-23,5320
6548,長科*,24,0,24,高橋,2024-08-23,5320
1721,三晃,25,3,22,高橋,2024-08-23,5320
2344,華邦電,22,1,21,高橋,2024-08-23,5320
6160,欣技,20,0,20,高橋,2024-08-23,5320
2337,旺宏,24,4,20,高橋,2024-08-23,5320
2515,中工,19,0,19,高橋,2024-08-23,5320
00927,群益半導體收益,21,2,19,高橋,2024-08-23,5320
2363,矽統,20,1,19,高橋,2024-08-23,5320
00878,國泰永續高股息,20,3,17,高橋,2024-08-23,5320
6133,金橋,34,18,16,高橋,2024-08-23,5320
1326,台化,15,0,15,高橋,2024-08-23,5320
2367,燿華,15,0,15,高橋,2024-08-23,5320
1570,力肯,16,2,14,高橋,2024-08-23,5320
2609,陽明,20,7,13,高橋,2024-08-23,5320
3019,亞光,18,5,13,高橋,2024-08-23,5320
2312,金寶,13,1,12,高橋,2024-08-23,5320
00937B,群益ESG投等債20,12,0,12,高橋,2024-08-23,5320
1808,潤隆,14,2,12,高橋,2024-08-23,5320
6770,力積電,13,1,12,高橋,2024-08-23,5320
1718,中纖,11,0,11,高橋,2024-08-23,5320
1308,亞聚,10,0,10,高橋,2024-08-23,5320
6213,聯茂,21,11,10,高橋,2024-08-23,5320
3535,晶彩科,14,4,10,高橋,2024-08-23,5320
4113,聯上,10,0,10,高橋,2024-08-23,5320
3708,上緯投控,10,0,10,高橋,2024-08-23,5320
1312,國喬,10,0,10,高橋,2024-08-23,5320
3706,神達,10,0,10,高橋,2024-08-23,5320
1532,勤美,10,0,10,高橋,2024-08-23,5320
2355,敬鵬,10,0,10,高橋,2024-08-23,5320
2382,廣達,17,8,9,高橋,2024-08-23,5320
3444,利機,9,0,9,高橋,2024-08-23,5320
2420,新巨,9,0,9,高橋,2024-08-23,5320
2888,新光金,812,303,509,高橋,2024-08-26,5320
2409,友達,269,29,240,高橋,2024-08-26,5320
2884,玉山金,184,3,181,高橋,2024-08-26,5320
3481,群創,206,93,113,高橋,2024-08-26,5320
2356,英業達,111,17,94,高橋,2024-08-26,5320
2867,三商壽,125,32,93,高橋,2024-08-26,5320
00919,群益台灣精選高息,70,6,64,高橋,2024-08-26,5320
2891,中信金,63,1,62,高橋,2024-08-26,5320
00687B,國泰20年美債,59,4,55,高橋,2024-08-26,5320
00929,復華台灣科技優息,61,9,52,高橋,2024-08-26,5320
8021,尖點,47,1,46,高橋,2024-08-26,5320
2362,藍天,46,4,42,高橋,2024-08-26,5320
3645,達邁,60,26,34,高橋,2024-08-26,5320
8028,昇陽半導體,63,31,32,高橋,2024-08-26,5320
5443,均豪,66,35,31,高橋,2024-08-26,5320
00632R,元大台灣50反1,36,10,26,高橋,2024-08-26,5320
4167,松瑞藥,21,0,21,高橋,2024-08-26,5320
2913,農林,20,0,20,高橋,2024-08-26,5320
6015,宏遠證,20,0,20,高橋,2024-08-26,5320
6514,芮特-KY,20,0,20,高橋,2024-08-26,5320
00937B,群益ESG投等債20,20,0,20,高橋,2024-08-26,5320
00751B,元大AAA至A公司債,20,1,19,高橋,2024-08-26,5320
4566,時碩工業,21,2,19,高橋,2024-08-26,5320
1609,大亞,22,4,18,高橋,2024-08-26,5320
4109,加捷生醫,18,0,18,高橋,2024-08-26,5320
3338,泰碩,17,0,17,高橋,2024-08-26,5320
8064,東捷,56,40,16,高橋,2024-08-26,5320
3663,鑫科,17,2,15,高橋,2024-08-26,5320
2845,遠東銀,30,15,15,高橋,2024-08-26,5320
2408,南亞科,16,1,15,高橋,2024-08-26,5320
6188,廣明,15,1,14,高橋,2024-08-26,5320
2331,精英,15,1,14,高橋,2024-08-26,5320
3013,晟銘電,16,2,14,高橋,2024-08-26,5320
00680L,元大美債20正2,15,1,14,高橋,2024-08-26,5320
3047,訊舟,23,9,14,高橋,2024-08-26,5320
00706L,期元大S＆P日圓正2,14,0,14,高橋,2024-08-26,5320
2323,中環,20,6,14,高橋,2024-08-26,5320
2374,佳能,19,6,13,高橋,2024-08-26,5320
5347,世界,16,3,13,高橋,2024-08-26,5320
2365,昆盈,30,17,13,高橋,2024-08-26,5320
6223,旺矽,13,0,13,高橋,2024-08-26,5320
2303,聯電,28,15,13,高橋,2024-08-26,5320
6117,迎廣,13,1,12,高橋,2024-08-26,5320
4534,慶騰,12,0,12,高橋,2024-08-26,5320
4960,誠美材,13,1,12,高橋,2024-08-26,5320
00688L,國泰20年美債正2,12,0,12,高橋,2024-08-26,5320
2367,燿華,12,0,12,高橋,2024-08-26,5320
4123,晟德,12,0,12,高橋,2024-08-26,5320
3260,威剛,41,29,12,高橋,2024-08-26,5320
1536,和大,13,2,11,高橋,2024-08-26,5320
00637L,元大滬深300正2,190,0,190,高橋,2024-08-27,5320
2399,映泰,157,29,128,高橋,2024-08-27,5320
2610,華航,106,0,106,高橋,2024-08-27,5320
2891,中信金,90,1,89,高橋,2024-08-27,5320
2884,玉山金,85,0,85,高橋,2024-08-27,5320
00687B,國泰20年美債,89,5,84,高橋,2024-08-27,5320
00918,大華優利高填息30,78,0,78,高橋,2024-08-27,5320
3576,聯合再生,81,20,61,高橋,2024-08-27,5320
3481,群創,103,47,56,高橋,2024-08-27,5320
00919,群益台灣精選高息,56,1,55,高橋,2024-08-27,5320
4906,正文,55,2,53,高橋,2024-08-27,5320
4167,松瑞藥,52,1,51,高橋,2024-08-27,5320
2609,陽明,134,84,50,高橋,2024-08-27,5320
00937B,群益ESG投等債20,40,0,40,高橋,2024-08-27,5320
00673R,期元大S＆P原油反1,30,0,30,高橋,2024-08-27,5320
00753L,中信中國50正2,30,0,30,高橋,2024-08-27,5320
00679B,元大美債20年,29,0,29,高橋,2024-08-27,5320
00929,復華台灣科技優息,48,22,26,高橋,2024-08-27,5320
0056,元大高股息,26,0,26,高橋,2024-08-27,5320
2409,友達,39,15,24,高橋,2024-08-27,5320
6477,安集,23,0,23,高橋,2024-08-27,5320
8028,昇陽半導體,52,29,23,高橋,2024-08-27,5320
2303,聯電,23,0,23,高橋,2024-08-27,5320
2603,長榮,26,5,21,高橋,2024-08-27,5320
2007,燁興,20,0,20,高橋,2024-08-27,5320
3550,聯穎,23,3,20,高橋,2024-08-27,5320
5364,力麗店,20,1,19,高橋,2024-08-27,5320
1314,中石化,19,1,18,高橋,2024-08-27,5320
3149,正達,30,13,17,高橋,2024-08-27,5320
2323,中環,17,0,17,高橋,2024-08-27,5320
2615,萬海,40,24,16,高橋,2024-08-27,5320
00948B,中信優息投資級債,15,0,15,高橋,2024-08-27,5320
2420,新巨,15,0,15,高橋,2024-08-27,5320
8438,昶昕,18,4,14,高橋,2024-08-27,5320
2834,臺企銀,14,0,14,高橋,2024-08-27,5320
6514,芮特-KY,14,0,14,高橋,2024-08-27,5320
4533,協易機,13,0,13,高橋,2024-08-27,5320
3518,柏騰,15,2,13,高橋,2024-08-27,5320
2324,仁寶,16,3,13,高橋,2024-08-27,5320
3025,星通,14,1,13,高橋,2024-08-27,5320
00772B,中信高評級公司債,12,0,12,高橋,2024-08-27,5320
2887,台新金,15,3,12,高橋,2024-08-27,5320
2062,橋椿,19,7,12,高橋,2024-08-27,5320
3593,力銘,12,0,12,高橋,2024-08-27,5320
1316,上曜,12,0,12,高橋,2024-08-27,5320
00878,國泰永續高股息,11,0,11,高橋,2024-08-27,5320
2537,聯上發,12,1,11,高橋,2024-08-27,5320
3013,晟銘電,15,4,11,高橋,2024-08-27,5320
1603,華電,11,0,11,高橋,2024-08-27,5320
4128,中天,12,1,11,高橋,2024-08-27,5320
00680L,元大美債20正2,102,10,92,高橋,2024-08-28,5320
00632R,元大台灣50反1,85,20,65,高橋,2024-08-28,5320
00929,復華台灣科技優息,91,29,62,高橋,2024-08-28,5320
2369,菱生,60,0,60,高橋,2024-08-28,5320
6016,康和證,50,0,50,高橋,2024-08-28,5320
00713,元大台灣高息低波,45,1,44,高橋,2024-08-28,5320
00687B,國泰20年美債,35,0,35,高橋,2024-08-28,5320
2409,友達,41,6,35,高橋,2024-08-28,5320
00688L,國泰20年美債正2,32,0,32,高橋,2024-08-28,5320
2312,金寶,30,0,30,高橋,2024-08-28,5320
2324,仁寶,30,2,28,高橋,2024-08-28,5320
2425,承啟,49,21,28,高橋,2024-08-28,5320
3062,建漢,41,17,24,高橋,2024-08-28,5320
3481,群創,162,138,24,高橋,2024-08-28,5320
8064,東捷,38,14,24,高橋,2024-08-28,5320
2911,麗嬰房,24,0,24,高橋,2024-08-28,5320
2867,三商壽,23,0,23,高橋,2024-08-28,5320
3522,御嵿,40,20,20,高橋,2024-08-28,5320
2852,第一保,20,0,20,高橋,2024-08-28,5320
00919,群益台灣精選高息,19,0,19,高橋,2024-08-28,5320
2103,台橡,20,1,19,高橋,2024-08-28,5320
4526,東台,83,64,19,高橋,2024-08-28,5320
00931B,統一美債20年,18,0,18,高橋,2024-08-28,5320
2618,長榮航,21,3,18,高橋,2024-08-28,5320
1527,鑽全,20,3,17,高橋,2024-08-28,5320
1301,台塑,17,0,17,高橋,2024-08-28,5320
00878,國泰永續高股息,23,8,15,高橋,2024-08-28,5320
00959B,大華投等美債15Y+,14,0,14,高橋,2024-08-28,5320
2420,新巨,14,0,14,高橋,2024-08-28,5320
2880,華南金,13,0,13,高橋,2024-08-28,5320
3048,益登,14,1,13,高橋,2024-08-28,5320
2885,元大金,13,0,13,高橋,2024-08-28,5320
4576,大銀微系統,13,0,13,高橋,2024-08-28,5320
3665,貿聯-KY,12,0,12,高橋,2024-08-28,5320
4967,十銓,12,1,11,高橋,2024-08-28,5320
2609,陽明,29,18,11,高橋,2024-08-28,5320
8358,金居,11,0,11,高橋,2024-08-28,5320
6431,光麗-KY,11,0,11,高橋,2024-08-28,5320
6530,創威,11,0,11,高橋,2024-08-28,5320
2882,國泰金,12,2,10,高橋,2024-08-28,5320
2301,光寶科,10,0,10,高橋,2024-08-28,5320
3047,訊舟,12,2,10,高橋,2024-08-28,5320
2547,日勝生,10,0,10,高橋,2024-08-28,5320
00948B,中信優息投資級債,10,0,10,高橋,2024-08-28,5320
6757,台灣虎航,10,0,10,高橋,2024-08-28,5320
3003,健和興,10,0,10,高橋,2024-08-28,5320
911868,同方友友-DR,10,0,10,高橋,2024-08-28,5320
1541,錩泰,10,0,10,高橋,2024-08-28,5320
00942B,台新美A公司債20+,10,0,10,高橋,2024-08-28,5320
00891,中信關鍵半導體,10,0,10,高橋,2024-08-28,5320
2515,中工,154,10,144,高橋,2024-08-29,5320
2891,中信金,105,2,103,高橋,2024-08-29,5320
00937B,群益ESG投等債20,98,0,98,高橋,2024-08-29,5320
00680L,元大美債20正2,68,0,68,高橋,2024-08-29,5320
3149,正達,115,60,55,高橋,2024-08-29,5320
2426,鼎元,57,12,45,高橋,2024-08-29,5320
2317,鴻海,75,30,45,高橋,2024-08-29,5320
00687B,國泰20年美債,47,5,42,高橋,2024-08-29,5320
1722,台肥,41,0,41,高橋,2024-08-29,5320
3481,群創,51,10,41,高橋,2024-08-29,5320
00918,大華優利高填息30,38,0,38,高橋,2024-08-29,5320
2449,京元電子,37,1,36,高橋,2024-08-29,5320
2027,大成鋼,36,1,35,高橋,2024-08-29,5320
00679B,元大美債20年,34,0,34,高橋,2024-08-29,5320
00919,群益台灣精選高息,52,19,33,高橋,2024-08-29,5320
2887,台新金,44,11,33,高橋,2024-08-29,5320
3550,聯穎,36,4,32,高橋,2024-08-29,5320
00720B,元大投資級公司債,31,0,31,高橋,2024-08-29,5320
00753L,中信中國50正2,30,0,30,高橋,2024-08-29,5320
6151,晉倫,29,0,29,高橋,2024-08-29,5320
00940,元大台灣價值高息,30,2,28,高橋,2024-08-29,5320
3715,定穎投控,46,18,28,高橋,2024-08-29,5320
2610,華航,26,0,26,高橋,2024-08-29,5320
00715L,期街口布蘭特正2,25,0,25,高橋,2024-08-29,5320
00936,台新永續高息中小,26,2,24,高橋,2024-08-29,5320
1540,喬福,26,2,24,高橋,2024-08-29,5320
00878,國泰永續高股息,22,0,22,高橋,2024-08-29,5320
1608,華榮,26,4,22,高橋,2024-08-29,5320
00725B,國泰投資級公司債,21,0,21,高橋,2024-08-29,5320
8033,雷虎,20,0,20,高橋,2024-08-29,5320
2314,台揚,26,7,19,高橋,2024-08-29,5320
2467,志聖,32,14,18,高橋,2024-08-29,5320
5443,均豪,81,64,17,高橋,2024-08-29,5320
2330,台積電,21,4,17,高橋,2024-08-29,5320
2885,元大金,17,0,17,高橋,2024-08-29,5320
3260,威剛,19,3,16,高橋,2024-08-29,5320
1314,中石化,23,8,15,高橋,2024-08-29,5320
00929,復華台灣科技優息,39,25,14,高橋,2024-08-29,5320
5905,南仁湖,14,0,14,高橋,2024-08-29,5320
3062,建漢,33,20,13,高橋,2024-08-29,5320
2883,凱基金,31,19,12,高橋,2024-08-29,5320
2312,金寶,30,18,12,高橋,2024-08-29,5320
2353,宏��,12,0,12,高橋,2024-08-29,5320
4714,永捷,13,1,12,高橋,2024-08-29,5320
00953B,群益優選非投等債,12,0,12,高橋,2024-08-29,5320
3033,威健,11,0,11,高橋,2024-08-29,5320
00830,國泰費城半導體,11,0,11,高橋,2024-08-29,5320
8054,安國,13,2,11,高橋,2024-08-29,5320
2890,永豐金,11,0,11,高橋,2024-08-29,5320
8996,高力,10,0,10,高橋,2024-08-29,5320
00669R,國泰美國道瓊反1,203,0,203,高橋,2024-08-30,5320
00919,群益台灣精選高息,87,13,74,高橋,2024-08-30,5320
2891,中信金,54,2,52,高橋,2024-08-30,5320
00937B,群益ESG投等債20,47,0,47,高橋,2024-08-30,5320
00959B,大華投等美債15Y+,46,0,46,高橋,2024-08-30,5320
2323,中環,45,0,45,高橋,2024-08-30,5320
2367,燿華,69,25,44,高橋,2024-08-30,5320
9945,潤泰新,54,10,44,高橋,2024-08-30,5320
8033,雷虎,42,0,42,高橋,2024-08-30,5320
1714,和桐,40,0,40,高橋,2024-08-30,5320
1217,愛之味,47,9,38,高橋,2024-08-30,5320
00882,中信中國高股息,40,7,33,高橋,2024-08-30,5320
00680L,元大美債20正2,32,0,32,高橋,2024-08-30,5320
00878,國泰永續高股息,33,1,32,高橋,2024-08-30,5320
4746,台耀,30,0,30,高橋,2024-08-30,5320
2449,京元電子,29,1,28,高橋,2024-08-30,5320
2845,遠東銀,27,0,27,高橋,2024-08-30,5320
6215,和椿,39,12,27,高橋,2024-08-30,5320
2365,昆盈,26,2,24,高橋,2024-08-30,5320
2312,金寶,35,12,23,高橋,2024-08-30,5320
4533,協易機,24,1,23,高橋,2024-08-30,5320
00688L,國泰20年美債正2,21,0,21,高橋,2024-08-30,5320
2409,友達,30,9,21,高橋,2024-08-30,5320
3714,富采,24,3,21,高橋,2024-08-30,5320
1314,中石化,39,18,21,高橋,2024-08-30,5320
2208,台船,21,0,21,高橋,2024-08-30,5320
00632R,元大台灣50反1,20,0,20,高橋,2024-08-30,5320
2438,翔耀,20,0,20,高橋,2024-08-30,5320
3303,岱稜,21,1,20,高橋,2024-08-30,5320
2356,英業達,20,1,19,高橋,2024-08-30,5320
3231,緯創,22,4,18,高橋,2024-08-30,5320
4563,百德,18,2,16,高橋,2024-08-30,5320
1455,集盛,16,0,16,高橋,2024-08-30,5320
2425,承啟,26,10,16,高橋,2024-08-30,5320
2401,凌陽,17,1,16,高橋,2024-08-30,5320
2382,廣達,29,14,15,高橋,2024-08-30,5320
3522,御嵿,15,0,15,高橋,2024-08-30,5320
6015,宏遠證,15,0,15,高橋,2024-08-30,5320
00679B,元大美債20年,15,0,15,高橋,2024-08-30,5320
6695,芯鼎,14,0,14,高橋,2024-08-30,5320
5243,乙盛-KY,13,0,13,高橋,2024-08-30,5320
4904,遠傳,13,0,13,高橋,2024-08-30,5320
8027,鈦昇,18,5,13,高橋,2024-08-30,5320
3706,神達,14,1,13,高橋,2024-08-30,5320
2408,南亞科,13,1,12,高橋,2024-08-30,5320
00687B,國泰20年美債,26,14,12,高橋,2024-08-30,5320
8076,伍豐,12,0,12,高橋,2024-08-30,5320
6156,松上,14,2,12,高橋,2024-08-30,5320
3013,晟銘電,14,2,12,高橋,2024-08-30,5320
3019,亞光,12,1,11,高橋,2024-08-30,5320
00715L,期街口布蘭特正2,699,0,699,高橋,2024-09-02,5320
2891,中信金,683,6,677,高橋,2024-09-02,5320
2515,中工,308,2,306,高橋,2024-09-02,5320
00680L,元大美債20正2,192,50,142,高橋,2024-09-02,5320
3149,正達,126,5,121,高橋,2024-09-02,5320
00919,群益台灣精選高息,113,11,102,高橋,2024-09-02,5320
2344,華邦電,106,5,101,高橋,2024-09-02,5320
2801,彰銀,100,4,96,高橋,2024-09-02,5320
2609,陽明,72,9,63,高橋,2024-09-02,5320
00940,元大台灣價值高息,115,52,63,高橋,2024-09-02,5320
00937B,群益ESG投等債20,62,0,62,高橋,2024-09-02,5320
00753L,中信中國50正2,61,0,61,高橋,2024-09-02,5320
00939,統一台灣高息動能,57,0,57,高橋,2024-09-02,5320
1303,南亞,62,7,55,高橋,2024-09-02,5320
00687B,國泰20年美債,51,0,51,高橋,2024-09-02,5320
8105,凌巨,51,3,48,高橋,2024-09-02,5320
3481,群創,67,20,47,高橋,2024-09-02,5320
2352,佳世達,63,16,47,高橋,2024-09-02,5320
8070,長華*,61,20,41,高橋,2024-09-02,5320
00918,大華優利高填息30,38,0,38,高橋,2024-09-02,5320
6505,台塑化,32,0,32,高橋,2024-09-02,5320
00688L,國泰20年美債正2,44,12,32,高橋,2024-09-02,5320
00959B,大華投等美債15Y+,31,0,31,高橋,2024-09-02,5320
3105,穩懋,34,4,30,高橋,2024-09-02,5320
2603,長榮,30,1,29,高橋,2024-09-02,5320
00878,國泰永續高股息,50,21,29,高橋,2024-09-02,5320
2887,台新金,32,4,28,高橋,2024-09-02,5320
3362,先進光,38,12,26,高橋,2024-09-02,5320
00679B,元大美債20年,26,1,25,高橋,2024-09-02,5320
1101,台泥,28,5,23,高橋,2024-09-02,5320
8440,綠電,23,1,22,高橋,2024-09-02,5320
8043,蜜望實,47,26,21,高橋,2024-09-02,5320
2852,第一保,20,0,20,高橋,2024-09-02,5320
00932,兆豐永續高息等權,20,0,20,高橋,2024-09-02,5320
6160,欣技,35,15,20,高橋,2024-09-02,5320
2349,錸德,44,25,19,高橋,2024-09-02,5320
00882,中信中國高股息,18,0,18,高橋,2024-09-02,5320
2845,遠東銀,18,0,18,高橋,2024-09-02,5320
4526,東台,49,33,16,高橋,2024-09-02,5320
2880,華南金,16,0,16,高橋,2024-09-02,5320
00946,群益科技高息成長,15,0,15,高橋,2024-09-02,5320
00936,台新永續高息中小,15,0,15,高橋,2024-09-02,5320
2408,南亞科,15,0,15,高橋,2024-09-02,5320
3689,湧德,51,36,15,高橋,2024-09-02,5320
1802,台玻,15,0,15,高橋,2024-09-02,5320
4306,炎洲,16,2,14,高橋,2024-09-02,5320
8150,南茂,14,0,14,高橋,2024-09-02,5320
2520,冠德,15,1,14,高橋,2024-09-02,5320
2376,技嘉,16,3,13,高橋,2024-09-02,5320
2615,萬海,14,1,13,高橋,2024-09-02,5320
00680L,元大美債20正2,228,0,228,高橋,2024-09-03,5320
00712,復華富時不動產,150,2,148,高橋,2024-09-03,5320
2402,毅嘉,134,0,134,高橋,2024-09-03,5320
00937B,群益ESG投等債20,126,0,126,高橋,2024-09-03,5320
00687B,國泰20年美債,75,5,70,高橋,2024-09-03,5320
00679B,元大美債20年,72,5,67,高橋,2024-09-03,5320
6770,力積電,61,0,61,高橋,2024-09-03,5320
1722,台肥,51,0,51,高橋,2024-09-03,5320
00637L,元大滬深300正2,41,0,41,高橋,2024-09-03,5320
00918,大華優利高填息30,42,1,41,高橋,2024-09-03,5320
00940,元大台灣價值高息,38,2,36,高橋,2024-09-03,5320
4109,加捷生醫,43,8,35,高橋,2024-09-03,5320
2892,第一金,34,0,34,高橋,2024-09-03,5320
6235,華孚,33,0,33,高橋,2024-09-03,5320
4960,誠美材,34,1,33,高橋,2024-09-03,5320
2367,燿華,44,11,33,高橋,2024-09-03,5320
3437,榮創,33,1,32,高橋,2024-09-03,5320
1101,台泥,52,22,30,高橋,2024-09-03,5320
00753L,中信中國50正2,30,0,30,高橋,2024-09-03,5320
1303,南亞,67,38,29,高橋,2024-09-03,5320
1465,偉全,27,0,27,高橋,2024-09-03,5320
5443,均豪,57,31,26,高橋,2024-09-03,5320
3504,揚明光,24,0,24,高橋,2024-09-03,5320
2408,南亞科,25,2,23,高橋,2024-09-03,5320
1608,華榮,21,0,21,高橋,2024-09-03,5320
3527,聚積,21,0,21,高橋,2024-09-03,5320
3227,原相,22,2,20,高橋,2024-09-03,5320
3264,欣銓,20,0,20,高橋,2024-09-03,5320
6213,聯茂,30,10,20,高橋,2024-09-03,5320
1711,永光,40,21,19,高橋,2024-09-03,5320
2486,一詮,20,1,19,高橋,2024-09-03,5320
00929,復華台灣科技優息,92,73,19,高橋,2024-09-03,5320
4714,永捷,31,12,19,高橋,2024-09-03,5320
8107,大億金茂,18,0,18,高橋,2024-09-03,5320
8150,南茂,18,0,18,高橋,2024-09-03,5320
2002,中鋼,21,4,17,高橋,2024-09-03,5320
1536,和大,19,2,17,高橋,2024-09-03,5320
00882,中信中國高股息,16,0,16,高橋,2024-09-03,5320
2062,橋椿,18,2,16,高橋,2024-09-03,5320
2891,中信金,17,1,16,高橋,2024-09-03,5320
00933B,國泰10Y+金融債,15,0,15,高橋,2024-09-03,5320
3003,健和興,20,5,15,高橋,2024-09-03,5320
2409,友達,30,15,15,高橋,2024-09-03,5320
5905,南仁湖,16,1,15,高橋,2024-09-03,5320
3294,英濟,15,1,14,高橋,2024-09-03,5320
3006,晶豪科,15,1,14,高橋,2024-09-03,5320
3037,欣興,13,0,13,高橋,2024-09-03,5320
2890,永豐金,12,0,12,高橋,2024-09-03,5320
2609,陽明,25,13,12,高橋,2024-09-03,5320
1314,中石化,24,12,12,高橋,2024-09-03,5320
6770,力積電,322,6,316,高橋,2024-09-04,5320
00940,元大台灣價值高息,225,13,212,高橋,2024-09-04,5320
00918,大華優利高填息30,211,0,211,高橋,2024-09-04,5320
00919,群益台灣精選高息,200,8,192,高橋,2024-09-04,5320
00929,復華台灣科技優息,235,88,147,高橋,2024-09-04,5320
00878,國泰永續高股息,134,27,107,高橋,2024-09-04,5320
2002,中鋼,95,1,94,高橋,2024-09-04,5320
2618,長榮航,92,10,82,高橋,2024-09-04,5320
2891,中信金,82,1,81,高橋,2024-09-04,5320
0056,元大高股息,71,1,70,高橋,2024-09-04,5320
2852,第一保,60,0,60,高橋,2024-09-04,5320
00915,凱基優選高股息30,52,0,52,高橋,2024-09-04,5320
2382,廣達,55,5,50,高橋,2024-09-04,5320
2543,皇昌,51,2,49,高橋,2024-09-04,5320
1314,中石化,49,0,49,高橋,2024-09-04,5320
2330,台積電,55,8,47,高橋,2024-09-04,5320
2392,正崴,47,2,45,高橋,2024-09-04,5320
2880,華南金,44,0,44,高橋,2024-09-04,5320
3037,欣興,41,1,40,高橋,2024-09-04,5320
00921,兆豐龍頭等權重,36,0,36,高橋,2024-09-04,5320
2885,元大金,33,0,33,高橋,2024-09-04,5320
4510,高鋒,50,17,33,高橋,2024-09-04,5320
5460,同協,32,0,32,高橋,2024-09-04,5320
2609,陽明,49,18,31,高橋,2024-09-04,5320
2303,聯電,35,4,31,高橋,2024-09-04,5320
00882,中信中國高股息,31,0,31,高橋,2024-09-04,5320
2883,凱基金,40,9,31,高橋,2024-09-04,5320
4566,時碩工業,32,2,30,高橋,2024-09-04,5320
3481,群創,40,10,30,高橋,2024-09-04,5320
00753L,中信中國50正2,30,1,29,高橋,2024-09-04,5320
2344,華邦電,29,1,28,高橋,2024-09-04,5320
2615,萬海,28,2,26,高橋,2024-09-04,5320
5880,合庫金,25,0,25,高橋,2024-09-04,5320
2867,三商壽,25,0,25,高橋,2024-09-04,5320
2241,艾姆勒,25,0,25,高橋,2024-09-04,5320
00927,群益半導體收益,25,0,25,高橋,2024-09-04,5320
6505,台塑化,23,0,23,高橋,2024-09-04,5320
00934,中信成長高股息,23,0,23,高橋,2024-09-04,5320
00713,元大台灣高息低波,23,0,23,高橋,2024-09-04,5320
2882,國泰金,26,3,23,高橋,2024-09-04,5320
1711,永光,43,21,22,高橋,2024-09-04,5320
2356,英業達,24,3,21,高橋,2024-09-04,5320
2313,華通,28,8,20,高橋,2024-09-04,5320
8150,南茂,20,0,20,高橋,2024-09-04,5320
4526,東台,20,0,20,高橋,2024-09-04,5320
1603,華電,19,0,19,高橋,2024-09-04,5320
3231,緯創,25,7,18,高橋,2024-09-04,5320
2886,兆豐金,18,0,18,高橋,2024-09-04,5320
6530,創威,23,5,18,高橋,2024-09-04,5320
00939,統一台灣高息動能,18,0,18,高橋,2024-09-04,5320
1711,永光,583,28,555,高橋,2024-09-05,5320
00919,群益台灣精選高息,179,5,174,高橋,2024-09-05,5320
5202,力新,120,30,90,高橋,2024-09-05,5320
4714,永捷,77,0,77,高橋,2024-09-05,5320
2344,華邦電,90,15,75,高橋,2024-09-05,5320
00753L,中信中國50正2,73,0,73,高橋,2024-09-05,5320
00940,元大台灣價值高息,75,6,69,高橋,2024-09-05,5320
00632R,元大台灣50反1,75,15,60,高橋,2024-09-05,5320
00929,復華台灣科技優息,65,8,57,高橋,2024-09-05,5320
2367,燿華,58,1,57,高橋,2024-09-05,5320
3481,群創,65,9,56,高橋,2024-09-05,5320
8011,台通,58,3,55,高橋,2024-09-05,5320
6770,力積電,67,12,55,高橋,2024-09-05,5320
00720B,元大投資級公司債,45,0,45,高橋,2024-09-05,5320
2365,昆盈,62,21,41,高橋,2024-09-05,5320
00878,國泰永續高股息,43,3,40,高橋,2024-09-05,5320
1303,南亞,53,17,36,高橋,2024-09-05,5320
1718,中纖,35,0,35,高橋,2024-09-05,5320
2317,鴻海,62,27,35,高橋,2024-09-05,5320
2337,旺宏,34,0,34,高橋,2024-09-05,5320
2002,中鋼,36,5,31,高橋,2024-09-05,5320
00712,復華富時不動產,33,2,31,高橋,2024-09-05,5320
0056,元大高股息,42,12,30,高橋,2024-09-05,5320
2408,南亞科,32,2,30,高橋,2024-09-05,5320
00918,大華優利高填息30,36,6,30,高橋,2024-09-05,5320
2401,凌陽,31,2,29,高橋,2024-09-05,5320
00882,中信中國高股息,30,1,29,高橋,2024-09-05,5320
00642U,期元大S＆P石油,28,0,28,高橋,2024-09-05,5320
00952,凱基台灣AI50,26,0,26,高橋,2024-09-05,5320
6505,台塑化,24,0,24,高橋,2024-09-05,5320
1326,台化,25,1,24,高橋,2024-09-05,5320
00687B,國泰20年美債,42,18,24,高橋,2024-09-05,5320
00946,群益科技高息成長,24,0,24,高橋,2024-09-05,5320
1609,大亞,22,0,22,高橋,2024-09-05,5320
2417,圓剛,22,0,22,高橋,2024-09-05,5320
2409,友達,41,19,22,高橋,2024-09-05,5320
8064,東捷,24,2,22,高橋,2024-09-05,5320
2464,盟立,57,36,21,高橋,2024-09-05,5320
3498,陽程,22,1,21,高橋,2024-09-05,5320
2377,微星,20,0,20,高橋,2024-09-05,5320
2880,華南金,20,0,20,高橋,2024-09-05,5320
1568,倉佑,21,1,20,高橋,2024-09-05,5320
8929,富堡,20,0,20,高橋,2024-09-05,5320
00713,元大台灣高息低波,19,0,19,高橋,2024-09-05,5320
00679B,元大美債20年,35,17,18,高橋,2024-09-05,5320
3231,緯創,24,7,17,高橋,2024-09-05,5320
4576,大銀微系統,21,4,17,高橋,2024-09-05,5320
1314,中石化,17,0,17,高橋,2024-09-05,5320
2313,華通,17,1,16,高橋,2024-09-05,5320
3037,欣興,16,1,15,高橋,2024-09-05,5320
00937B,群益ESG投等債20,205,3,202,高橋,2024-09-06,5320
00632R,元大台灣50反1,184,30,154,高橋,2024-09-06,5320
00687B,國泰20年美債,161,19,142,高橋,2024-09-06,5320
00715L,期街口布蘭特正2,112,0,112,高橋,2024-09-06,5320
00688L,國泰20年美債正2,120,8,112,高橋,2024-09-06,5320
00720B,元大投資級公司債,60,0,60,高橋,2024-09-06,5320
2313,華通,63,5,58,高橋,2024-09-06,5320
00918,大華優利高填息30,50,0,50,高橋,2024-09-06,5320
00919,群益台灣精選高息,47,1,46,高橋,2024-09-06,5320
1217,愛之味,34,3,31,高橋,2024-09-06,5320
4566,時碩工業,40,9,31,高橋,2024-09-06,5320
00959B,大華投等美債15Y+,30,0,30,高橋,2024-09-06,5320
2312,金寶,31,2,29,高橋,2024-09-06,5320
2367,燿華,26,0,26,高橋,2024-09-06,5320
3092,鴻碩,27,2,25,高橋,2024-09-06,5320
1605,華新,26,1,25,高橋,2024-09-06,5320
00679B,元大美債20年,43,19,24,高橋,2024-09-06,5320
2891,中信金,26,4,22,高橋,2024-09-06,5320
2317,鴻海,35,14,21,高橋,2024-09-06,5320
00933B,國泰10Y+金融債,20,0,20,高橋,2024-09-06,5320
00931B,統一美債20年,20,0,20,高橋,2024-09-06,5320
6405,悅城,33,14,19,高橋,2024-09-06,5320
3066,李洲,24,7,17,高橋,2024-09-06,5320
4533,協易機,16,1,15,高橋,2024-09-06,5320
00795B,中信美國公債20年,17,2,15,高橋,2024-09-06,5320
8064,東捷,28,13,15,高橋,2024-09-06,5320
00713,元大台灣高息低波,15,0,15,高橋,2024-09-06,5320
00948B,中信優息投資級債,15,0,15,高橋,2024-09-06,5320
0056,元大高股息,24,10,14,高橋,2024-09-06,5320
1301,台塑,15,2,13,高橋,2024-09-06,5320
2610,華航,20,7,13,高橋,2024-09-06,5320
1815,富喬,38,25,13,高橋,2024-09-06,5320
00930,永豐ESG低碳高息,12,0,12,高橋,2024-09-06,5320
3715,定穎投控,13,1,12,高橋,2024-09-06,5320
2062,橋椿,12,0,12,高橋,2024-09-06,5320
1711,永光,23,11,12,高橋,2024-09-06,5320
2609,陽明,21,9,12,高橋,2024-09-06,5320
6016,康和證,12,0,12,高橋,2024-09-06,5320
3048,益登,12,1,11,高橋,2024-09-06,5320
1617,榮星,11,0,11,高橋,2024-09-06,5320
4534,慶騰,13,2,11,高橋,2024-09-06,5320
2537,聯上發,21,10,11,高橋,2024-09-06,5320
4906,正文,11,1,10,高橋,2024-09-06,5320
2337,旺宏,16,6,10,高橋,2024-09-06,5320
2208,台船,10,0,10,高橋,2024-09-06,5320
8150,南茂,13,3,10,高橋,2024-09-06,5320
1434,福懋,10,0,10,高橋,2024-09-06,5320
3293,鈊象,10,1,9,高橋,2024-09-06,5320
2885,元大金,12,3,9,高橋,2024-09-06,5320
4510,高鋒,43,34,9,高橋,2024-09-06,5320
00919,群益台灣精選高息,240,5,235,高橋,2024-09-09,5320
00929,復華台灣科技優息,149,14,135,高橋,2024-09-09,5320
00753L,中信中國50正2,87,1,86,高橋,2024-09-09,5320
2891,中信金,83,0,83,高橋,2024-09-09,5320
00940,元大台灣價值高息,74,0,74,高橋,2024-09-09,5320
00679B,元大美債20年,84,12,72,高橋,2024-09-09,5320
00937B,群益ESG投等債20,70,0,70,高橋,2024-09-09,5320
00878,國泰永續高股息,77,7,70,高橋,2024-09-09,5320
2208,台船,54,0,54,高橋,2024-09-09,5320
00687B,國泰20年美債,59,7,52,高橋,2024-09-09,5320
2881,富邦金,52,0,52,高橋,2024-09-09,5320
00918,大華優利高填息30,50,0,50,高橋,2024-09-09,5320
2388,威盛,50,3,47,高橋,2024-09-09,5320
00720B,元大投資級公司債,45,0,45,高橋,2024-09-09,5320
00637L,元大滬深300正2,40,0,40,高橋,2024-09-09,5320
2303,聯電,42,6,36,高橋,2024-09-09,5320
2317,鴻海,49,16,33,高橋,2024-09-09,5320
00636,國泰中國A50,33,0,33,高橋,2024-09-09,5320
2497,怡利電,46,13,33,高橋,2024-09-09,5320
00959B,大華投等美債15Y+,30,0,30,高橋,2024-09-09,5320
1326,台化,27,0,27,高橋,2024-09-09,5320
2002,中鋼,26,0,26,高橋,2024-09-09,5320
0056,元大高股息,36,11,25,高橋,2024-09-09,5320
2382,廣達,36,13,23,高橋,2024-09-09,5320
4956,光鋐,92,70,22,高橋,2024-09-09,5320
3673,TPK-KY,23,1,22,高橋,2024-09-09,5320
1718,中纖,20,0,20,高橋,2024-09-09,5320
1580,新麥,20,0,20,高橋,2024-09-09,5320
00665L,富邦�琤肭磪囓�2,20,0,20,高橋,2024-09-09,5320
1217,愛之味,20,0,20,高橋,2024-09-09,5320
00633L,富邦上証正2,20,0,20,高橋,2024-09-09,5320
1808,潤隆,18,0,18,高橋,2024-09-09,5320
2353,宏��,23,6,17,高橋,2024-09-09,5320
4510,高鋒,19,2,17,高橋,2024-09-09,5320
00946,群益科技高息成長,17,0,17,高橋,2024-09-09,5320
2402,毅嘉,22,6,16,高橋,2024-09-09,5320
006208,富邦台50,16,0,16,高橋,2024-09-09,5320
2498,宏達電,15,0,15,高橋,2024-09-09,5320
00939,統一台灣高息動能,15,0,15,高橋,2024-09-09,5320
4958,臻鼎-KY,15,0,15,高橋,2024-09-09,5320
2330,台積電,17,2,15,高橋,2024-09-09,5320
8076,伍豐,20,6,14,高橋,2024-09-09,5320
1605,華新,14,0,14,高橋,2024-09-09,5320
00642U,期元大S＆P石油,13,0,13,高橋,2024-09-09,5320
4971,IET-KY,16,3,13,高橋,2024-09-09,5320
5880,合庫金,14,2,12,高橋,2024-09-09,5320
00931B,統一美債20年,12,0,12,高橋,2024-09-09,5320
2102,泰豐,12,0,12,高橋,2024-09-09,5320
2882,國泰金,13,2,11,高橋,2024-09-09,5320
3231,緯創,21,10,11,高橋,2024-09-09,5320
00688L,國泰20年美債正2,232,0,232,高橋,2024-09-10,5320
00919,群益台灣精選高息,190,17,173,高橋,2024-09-10,5320
00929,復華台灣科技優息,176,35,141,高橋,2024-09-10,5320
2208,台船,90,4,86,高橋,2024-09-10,5320
00687B,國泰20年美債,85,11,74,高橋,2024-09-10,5320
00878,國泰永續高股息,91,25,66,高橋,2024-09-10,5320
2867,三商壽,61,0,61,高橋,2024-09-10,5320
0056,元大高股息,59,2,57,高橋,2024-09-10,5320
2891,中信金,54,1,53,高橋,2024-09-10,5320
2317,鴻海,76,28,48,高橋,2024-09-10,5320
2382,廣達,52,15,37,高橋,2024-09-10,5320
2880,華南金,35,0,35,高橋,2024-09-10,5320
00918,大華優利高填息30,56,21,35,高橋,2024-09-10,5320
2367,燿華,32,1,31,高橋,2024-09-10,5320
2344,華邦電,31,2,29,高橋,2024-09-10,5320
1326,台化,37,9,28,高橋,2024-09-10,5320
6213,聯茂,30,2,28,高橋,2024-09-10,5320
4306,炎洲,24,1,23,高橋,2024-09-10,5320
3535,晶彩科,21,0,21,高橋,2024-09-10,5320
00945B,凱基美國非投等債,20,0,20,高橋,2024-09-10,5320
5452,佶優,20,0,20,高橋,2024-09-10,5320
00933B,國泰10Y+金融債,20,0,20,高橋,2024-09-10,5320
00959B,大華投等美債15Y+,20,0,20,高橋,2024-09-10,5320
2337,旺宏,31,11,20,高橋,2024-09-10,5320
2002,中鋼,32,12,20,高橋,2024-09-10,5320
3189,景碩,21,2,19,高橋,2024-09-10,5320
3037,欣興,26,7,19,高橋,2024-09-10,5320
1717,長興,18,0,18,高橋,2024-09-10,5320
1605,華新,29,11,18,高橋,2024-09-10,5320
6156,松上,18,0,18,高橋,2024-09-10,5320
4956,光鋐,23,6,17,高橋,2024-09-10,5320
5871,中租-KY,17,0,17,高橋,2024-09-10,5320
8027,鈦昇,20,3,17,高橋,2024-09-10,5320
6598,ABC-KY,39,22,17,高橋,2024-09-10,5320
3017,奇鋐,21,4,17,高橋,2024-09-10,5320
1447,力鵬,16,0,16,高橋,2024-09-10,5320
2349,錸德,18,2,16,高橋,2024-09-10,5320
00923,群益台ESG低碳50,16,0,16,高橋,2024-09-10,5320
00948B,中信優息投資級債,16,0,16,高橋,2024-09-10,5320
4958,臻鼎-KY,18,2,16,高橋,2024-09-10,5320
1609,大亞,25,10,15,高橋,2024-09-10,5320
2457,飛宏,15,0,15,高橋,2024-09-10,5320
2496,卓越,14,0,14,高橋,2024-09-10,5320
5347,世界,18,4,14,高橋,2024-09-10,5320
2312,金寶,13,0,13,高橋,2024-09-10,5320
3663,鑫科,15,2,13,高橋,2024-09-10,5320
2301,光寶科,13,1,12,高橋,2024-09-10,5320
2383,台光電,16,4,12,高橋,2024-09-10,5320
1711,永光,28,16,12,高橋,2024-09-10,5320
9945,潤泰新,13,1,12,高橋,2024-09-10,5320
00929,復華台灣科技優息,210,3,207,高橋,2024-09-11,5320
00687B,國泰20年美債,125,53,72,高橋,2024-09-11,5320
00715L,期街口布蘭特正2,80,11,69,高橋,2024-09-11,5320
00937B,群益ESG投等債20,80,15,65,高橋,2024-09-11,5320
2834,臺企銀,64,0,64,高橋,2024-09-11,5320
2353,宏��,44,2,42,高橋,2024-09-11,5320
2891,中信金,41,0,41,高橋,2024-09-11,5320
00882,中信中國高股息,40,0,40,高橋,2024-09-11,5320
00940,元大台灣價值高息,41,3,38,高橋,2024-09-11,5320
00919,群益台灣精選高息,43,6,37,高橋,2024-09-11,5320
00712,復華富時不動產,37,0,37,高橋,2024-09-11,5320
1522,堤維西,40,4,36,高橋,2024-09-11,5320
00632R,元大台灣50反1,40,7,33,高橋,2024-09-11,5320
2317,鴻海,41,8,33,高橋,2024-09-11,5320
2367,燿華,32,1,31,高橋,2024-09-11,5320
00878,國泰永續高股息,36,6,30,高橋,2024-09-11,5320
1217,愛之味,30,0,30,高橋,2024-09-11,5320
00933B,國泰10Y+金融債,30,0,30,高橋,2024-09-11,5320
2883,凱基金,27,0,27,高橋,2024-09-11,5320
00930,永豐ESG低碳高息,25,0,25,高橋,2024-09-11,5320
4168,醣聯,25,0,25,高橋,2024-09-11,5320
2881,富邦金,23,1,22,高橋,2024-09-11,5320
2543,皇昌,23,1,22,高橋,2024-09-11,5320
2002,中鋼,30,9,21,高橋,2024-09-11,5320
2402,毅嘉,25,4,21,高橋,2024-09-11,5320
00957B,兆豐US優選投等債,21,0,21,高橋,2024-09-11,5320
6125,廣運,23,2,21,高橋,2024-09-11,5320
2408,南亞科,23,2,21,高橋,2024-09-11,5320
9904,寶成,21,0,21,高橋,2024-09-11,5320
0056,元大高股息,20,0,20,高橋,2024-09-11,5320
4906,正文,24,4,20,高橋,2024-09-11,5320
2634,漢翔,20,0,20,高橋,2024-09-11,5320
9105,泰金寶-DR,27,7,20,高橋,2024-09-11,5320
00948B,中信優息投資級債,19,0,19,高橋,2024-09-11,5320
00918,大華優利高填息30,18,0,18,高橋,2024-09-11,5320
00934,中信成長高股息,17,0,17,高橋,2024-09-11,5320
3047,訊舟,19,3,16,高橋,2024-09-11,5320
4566,時碩工業,21,6,15,高橋,2024-09-11,5320
3663,鑫科,17,3,14,高橋,2024-09-11,5320
4534,慶騰,13,0,13,高橋,2024-09-11,5320
2887,台新金,18,6,12,高橋,2024-09-11,5320
2609,陽明,30,18,12,高橋,2024-09-11,5320
00642U,期元大S＆P石油,12,0,12,高橋,2024-09-11,5320
3049,精金,14,2,12,高橋,2024-09-11,5320
5905,南仁湖,11,0,11,高橋,2024-09-11,5320
6116,彩晶,11,0,11,高橋,2024-09-11,5320
4908,前鼎,11,1,10,高橋,2024-09-11,5320
2323,中環,10,0,10,高橋,2024-09-11,5320
3324,雙鴻,15,5,10,高橋,2024-09-11,5320
4576,大銀微系統,10,0,10,高橋,2024-09-11,5320
00632R,元大台灣50反1,455,5,450,高橋,2024-09-12,5320
3481,群創,113,12,101,高橋,2024-09-12,5320
2618,長榮航,74,7,67,高橋,2024-09-12,5320
00931B,統一美債20年,70,8,62,高橋,2024-09-12,5320
2891,中信金,58,0,58,高橋,2024-09-12,5320
2303,聯電,99,61,38,高橋,2024-09-12,5320
2208,台船,22,0,22,高橋,2024-09-12,5320
00919,群益台灣精選高息,26,4,22,高橋,2024-09-12,5320
3580,友威科,31,11,20,高橋,2024-09-12,5320
6514,芮特-KY,20,0,20,高橋,2024-09-12,5320
2887,台新金,39,20,19,高橋,2024-09-12,5320
00915,凱基優選高股息30,26,10,16,高橋,2024-09-12,5320
00680L,元大美債20正2,26,10,16,高橋,2024-09-12,5320
00945B,凱基美國非投等債,16,0,16,高橋,2024-09-12,5320
5460,同協,36,22,14,高橋,2024-09-12,5320
00687B,國泰20年美債,90,76,14,高橋,2024-09-12,5320
2464,盟立,17,3,14,高橋,2024-09-12,5320
8039,台虹,14,1,13,高橋,2024-09-12,5320
00712,復華富時不動產,13,0,13,高橋,2024-09-12,5320
2605,新興,12,0,12,高橋,2024-09-12,5320
3623,富晶通,13,1,12,高橋,2024-09-12,5320
8071,能率網通,14,2,12,高橋,2024-09-12,5320
00637L,元大滬深300正2,14,2,12,高橋,2024-09-12,5320
1522,堤維西,14,2,12,高橋,2024-09-12,5320
4109,加捷生醫,11,0,11,高橋,2024-09-12,5320
2497,怡利電,19,8,11,高橋,2024-09-12,5320
00959B,大華投等美債15Y+,11,0,11,高橋,2024-09-12,5320
4729,熒茂,11,0,11,高橋,2024-09-12,5320
00918,大華優利高填息30,23,12,11,高橋,2024-09-12,5320
5371,中光電,12,1,11,高橋,2024-09-12,5320
1101,台泥,23,13,10,高橋,2024-09-12,5320
00641R,富邦日本反1,10,0,10,高橋,2024-09-12,5320
00681R,元大美債20反1,10,0,10,高橋,2024-09-12,5320
4542,科嶠,10,0,10,高橋,2024-09-12,5320
4167,松瑞藥,10,0,10,高橋,2024-09-12,5320
00751B,元大AAA至A公司債,10,0,10,高橋,2024-09-12,5320
2392,正崴,13,4,9,高橋,2024-09-12,5320
3294,英濟,13,4,9,高橋,2024-09-12,5320
3019,亞光,32,23,9,高橋,2024-09-12,5320
5392,能率,9,0,9,高橋,2024-09-12,5320
6531,愛普*,11,2,9,高橋,2024-09-12,5320
3390,旭軟,8,0,8,高橋,2024-09-12,5320
00881,國泰台灣5G+,10,2,8,高橋,2024-09-12,5320
00929,復華台灣科技優息,50,42,8,高橋,2024-09-12,5320
1301,台塑,22,15,7,高橋,2024-09-12,5320
00725B,國泰投資級公司債,7,0,7,高橋,2024-09-12,5320
00946,群益科技高息成長,7,0,7,高橋,2024-09-12,5320
00940,元大台灣價值高息,16,10,6,高橋,2024-09-12,5320
2365,昆盈,15,9,6,高橋,2024-09-12,5320
1536,和大,6,0,6,高橋,2024-09-12,5320
00687B,國泰20年美債,121,7,114,高橋,2024-09-13,5320
00940,元大台灣價值高息,108,4,104,高橋,2024-09-13,5320
00937B,群益ESG投等債20,72,0,72,高橋,2024-09-13,5320
00679B,元大美債20年,75,4,71,高橋,2024-09-13,5320
00637L,元大滬深300正2,58,0,58,高橋,2024-09-13,5320
2303,聯電,50,4,46,高橋,2024-09-13,5320
00929,復華台灣科技優息,45,0,45,高橋,2024-09-13,5320
2027,大成鋼,33,1,32,高橋,2024-09-13,5320
00688L,國泰20年美債正2,30,1,29,高橋,2024-09-13,5320
8249,菱光,46,17,29,高橋,2024-09-13,5320
8040,九暘,27,0,27,高橋,2024-09-13,5320
3481,群創,27,2,25,高橋,2024-09-13,5320
3149,正達,44,19,25,高橋,2024-09-13,5320
6180,橘子,25,0,25,高橋,2024-09-13,5320
4909,新復興,38,14,24,高橋,2024-09-13,5320
8039,台虹,25,1,24,高橋,2024-09-13,5320
00878,國泰永續高股息,23,1,22,高橋,2024-09-13,5320
8011,台通,22,0,22,高橋,2024-09-13,5320
2431,聯昌,20,0,20,高橋,2024-09-13,5320
3710,連展投控,30,10,20,高橋,2024-09-13,5320
2007,燁興,20,1,19,高橋,2024-09-13,5320
1795,美時,19,0,19,高橋,2024-09-13,5320
2383,台光電,19,0,19,高橋,2024-09-13,5320
00918,大華優利高填息30,34,15,19,高橋,2024-09-13,5320
2537,聯上發,20,2,18,高橋,2024-09-13,5320
00933B,國泰10Y+金融債,16,0,16,高橋,2024-09-13,5320
6257,矽格,16,3,13,高橋,2024-09-13,5320
3013,晟銘電,15,2,13,高橋,2024-09-13,5320
6005,群益證,12,0,12,高橋,2024-09-13,5320
3645,達邁,13,1,12,高橋,2024-09-13,5320
2313,華通,42,31,11,高橋,2024-09-13,5320
6530,創威,19,8,11,高橋,2024-09-13,5320
4510,高鋒,17,6,11,高橋,2024-09-13,5320
4306,炎洲,11,0,11,高橋,2024-09-13,5320
6213,聯茂,18,7,11,高橋,2024-09-13,5320
00740B,富邦全球投等債,10,0,10,高橋,2024-09-13,5320
1540,喬福,28,18,10,高橋,2024-09-13,5320
00715L,期街口布蘭特正2,20,10,10,高橋,2024-09-13,5320
3294,英濟,12,2,10,高橋,2024-09-13,5320
5443,均豪,22,12,10,高橋,2024-09-13,5320
8043,蜜望實,15,6,9,高橋,2024-09-13,5320
5521,工信,18,9,9,高橋,2024-09-13,5320
00919,群益台灣精選高息,109,101,8,高橋,2024-09-13,5320
8070,長華*,11,3,8,高橋,2024-09-13,5320
2885,元大金,8,0,8,高橋,2024-09-13,5320
4566,時碩工業,10,3,7,高橋,2024-09-13,5320
4174,浩鼎,7,0,7,高橋,2024-09-13,5320
3360,尚立,19,12,7,高橋,2024-09-13,5320
3264,欣銓,7,0,7,高橋,2024-09-13,5320
4303,信立,7,0,7,高橋,2024-09-13,5320
00919,群益台灣精選高息,158,2,156,高橋,2024-09-16,5320
00687B,國泰20年美債,169,35,134,高橋,2024-09-16,5320
00921,兆豐龍頭等權重,125,0,125,高橋,2024-09-16,5320
00943,兆豐電子高息等權,80,0,80,高橋,2024-09-16,5320
00915,凱基優選高股息30,85,10,75,高橋,2024-09-16,5320
00937B,群益ESG投等債20,87,19,68,高橋,2024-09-16,5320
00688L,國泰20年美債正2,53,11,42,高橋,2024-09-16,5320
2349,錸德,44,10,34,高橋,2024-09-16,5320
1309,台達化,46,12,34,高橋,2024-09-16,5320
00918,大華優利高填息30,138,107,31,高橋,2024-09-16,5320
2417,圓剛,31,2,29,高橋,2024-09-16,5320
2891,中信金,29,0,29,高橋,2024-09-16,5320
3019,亞光,37,10,27,高橋,2024-09-16,5320
2885,元大金,26,0,26,高橋,2024-09-16,5320
2897,王道銀行,25,0,25,高橋,2024-09-16,5320
4974,亞泰,31,7,24,高橋,2024-09-16,5320
3062,建漢,53,30,23,高橋,2024-09-16,5320
00751B,元大AAA至A公司債,20,0,20,高橋,2024-09-16,5320
2303,聯電,20,0,20,高橋,2024-09-16,5320
4561,健椿,22,3,19,高橋,2024-09-16,5320
3312,弘憶股,22,5,17,高橋,2024-09-16,5320
3607,谷崧,22,7,15,高橋,2024-09-16,5320
2431,聯昌,16,1,15,高橋,2024-09-16,5320
00933B,國泰10Y+金融債,15,0,15,高橋,2024-09-16,5320
3047,訊舟,17,2,15,高橋,2024-09-16,5320
3213,茂訊,13,0,13,高橋,2024-09-16,5320
8150,南茂,14,1,13,高橋,2024-09-16,5320
3360,尚立,23,10,13,高橋,2024-09-16,5320
2329,華泰,18,5,13,高橋,2024-09-16,5320
3324,雙鴻,11,0,11,高橋,2024-09-16,5320
2399,映泰,16,5,11,高橋,2024-09-16,5320
00632R,元大台灣50反1,11,0,11,高橋,2024-09-16,5320
3010,華立,11,0,11,高橋,2024-09-16,5320
2615,萬海,13,3,10,高橋,2024-09-16,5320
2062,橋椿,10,0,10,高橋,2024-09-16,5320
2323,中環,12,2,10,高橋,2024-09-16,5320
00948B,中信優息投資級債,10,0,10,高橋,2024-09-16,5320
8933,愛地雅,10,0,10,高橋,2024-09-16,5320
00857B,永豐20年美公債,10,0,10,高橋,2024-09-16,5320
2911,麗嬰房,10,0,10,高橋,2024-09-16,5320
00882,中信中國高股息,10,0,10,高橋,2024-09-16,5320
1540,喬福,28,18,10,高橋,2024-09-16,5320
5230,雷笛克光學,22,12,10,高橋,2024-09-16,5320
00934,中信成長高股息,10,0,10,高橋,2024-09-16,5320
6187,萬潤,20,10,10,高橋,2024-09-16,5320
8249,菱光,13,3,10,高橋,2024-09-16,5320
2892,第一金,10,0,10,高橋,2024-09-16,5320
2449,京元電子,9,0,9,高橋,2024-09-16,5320
2022,聚亨,10,1,9,高橋,2024-09-16,5320
4927,泰鼎-KY,10,1,9,高橋,2024-09-16,5320
00919,群益台灣精選高息,226,2,224,高橋,2024-09-18,5320
2888,新光金,338,123,215,高橋,2024-09-18,5320
00688L,國泰20年美債正2,191,0,191,高橋,2024-09-18,5320
00929,復華台灣科技優息,186,47,139,高橋,2024-09-18,5320
2313,華通,138,6,132,高橋,2024-09-18,5320
00637L,元大滬深300正2,113,0,113,高橋,2024-09-18,5320
00712,復華富時不動產,102,0,102,高橋,2024-09-18,5320
2887,台新金,90,0,90,高橋,2024-09-18,5320
00679B,元大美債20年,84,20,64,高橋,2024-09-18,5320
1711,永光,81,17,64,高橋,2024-09-18,5320
00918,大華優利高填息30,55,3,52,高橋,2024-09-18,5320
2845,遠東銀,51,0,51,高橋,2024-09-18,5320
2317,鴻海,96,45,51,高橋,2024-09-18,5320
8033,雷虎,52,2,50,高橋,2024-09-18,5320
3437,榮創,50,1,49,高橋,2024-09-18,5320
2303,聯電,46,0,46,高橋,2024-09-18,5320
00878,國泰永續高股息,36,1,35,高橋,2024-09-18,5320
00687B,國泰20年美債,34,9,25,高橋,2024-09-18,5320
00915,凱基優選高股息30,38,15,23,高橋,2024-09-18,5320
2356,英業達,27,6,21,高橋,2024-09-18,5320
2109,華豐,21,0,21,高橋,2024-09-18,5320
2324,仁寶,21,0,21,高橋,2024-09-18,5320
4967,十銓,22,1,21,高橋,2024-09-18,5320
0056,元大高股息,22,1,21,高橋,2024-09-18,5320
00887,永豐中國科技50大,20,0,20,高橋,2024-09-18,5320
1785,光洋科,71,54,17,高橋,2024-09-18,5320
2401,凌陽,23,6,17,高橋,2024-09-18,5320
3294,英濟,17,2,15,高橋,2024-09-18,5320
1460,宏遠,15,0,15,高橋,2024-09-18,5320
1762,中化生,15,0,15,高橋,2024-09-18,5320
2344,華邦電,14,0,14,高橋,2024-09-18,5320
3481,群創,28,14,14,高橋,2024-09-18,5320
8085,福華,14,0,14,高橋,2024-09-18,5320
2609,陽明,30,16,14,高橋,2024-09-18,5320
6698,旭暉應材,20,7,13,高橋,2024-09-18,5320
3605,宏致,19,6,13,高橋,2024-09-18,5320
3715,定穎投控,14,1,13,高橋,2024-09-18,5320
1301,台塑,20,7,13,高橋,2024-09-18,5320
6213,聯茂,12,0,12,高橋,2024-09-18,5320
4973,廣穎,13,1,12,高橋,2024-09-18,5320
2431,聯昌,12,0,12,高橋,2024-09-18,5320
1795,美時,12,0,12,高橋,2024-09-18,5320
2070,精湛,15,4,11,高橋,2024-09-18,5320
2355,敬鵬,11,0,11,高橋,2024-09-18,5320
2542,興富發,11,0,11,高橋,2024-09-18,5320
00935,野村臺灣新科技50,12,2,10,高橋,2024-09-18,5320
4154,樂威科-KY,10,0,10,高橋,2024-09-18,5320
6405,悅城,10,0,10,高橋,2024-09-18,5320
1540,喬福,20,10,10,高橋,2024-09-18,5320
1617,榮星,10,0,10,高橋,2024-09-18,5320
3049,精金,304,10,294,高橋,2024-09-19,5320
00919,群益台灣精選高息,171,5,166,高橋,2024-09-19,5320
00958B,永豐ESG銀行債15,106,0,106,高橋,2024-09-19,5320
00929,復華台灣科技優息,79,2,77,高橋,2024-09-19,5320
00687B,國泰20年美債,82,8,74,高橋,2024-09-19,5320
00937B,群益ESG投等債20,67,9,58,高橋,2024-09-19,5320
00632R,元大台灣50反1,50,7,43,高橋,2024-09-19,5320
00637L,元大滬深300正2,41,4,37,高橋,2024-09-19,5320
3379,彬台,36,1,35,高橋,2024-09-19,5320
1309,台達化,33,1,32,高橋,2024-09-19,5320
3168,眾福科,30,0,30,高橋,2024-09-19,5320
6443,元晶,31,9,22,高橋,2024-09-19,5320
3324,雙鴻,22,2,20,高橋,2024-09-19,5320
2367,燿華,20,4,16,高橋,2024-09-19,5320
2609,陽明,25,9,16,高橋,2024-09-19,5320
2504,國產,15,0,15,高橋,2024-09-19,5320
1717,長興,19,4,15,高橋,2024-09-19,5320
2002,中鋼,14,0,14,高橋,2024-09-19,5320
3360,尚立,18,5,13,高橋,2024-09-19,5320
3047,訊舟,16,3,13,高橋,2024-09-19,5320
00878,國泰永續高股息,14,1,13,高橋,2024-09-19,5320
00948B,中信優息投資級債,12,0,12,高橋,2024-09-19,5320
1304,台聚,11,0,11,高橋,2024-09-19,5320
3376,新日興,12,1,11,高橋,2024-09-19,5320
00930,永豐ESG低碳高息,12,1,11,高橋,2024-09-19,5320
6005,群益證,10,0,10,高橋,2024-09-19,5320
6838,台新藥,10,0,10,高橋,2024-09-19,5320
2332,友訊,10,0,10,高橋,2024-09-19,5320
4154,樂威科-KY,10,0,10,高橋,2024-09-19,5320
2402,毅嘉,16,6,10,高橋,2024-09-19,5320
3131,弘塑,10,0,10,高橋,2024-09-19,5320
1301,台塑,13,4,9,高橋,2024-09-19,5320
2208,台船,9,0,9,高橋,2024-09-19,5320
2408,南亞科,10,1,9,高橋,2024-09-19,5320
00679B,元大美債20年,57,48,9,高橋,2024-09-19,5320
00939,統一台灣高息動能,10,2,8,高橋,2024-09-19,5320
4105,東洋,8,0,8,高橋,2024-09-19,5320
1326,台化,10,2,8,高橋,2024-09-19,5320
3437,榮創,10,2,8,高橋,2024-09-19,5320
2482,連宇,8,0,8,高橋,2024-09-19,5320
6830,汎銓,12,5,7,高橋,2024-09-19,5320
00720B,元大投資級公司債,7,0,7,高橋,2024-09-19,5320
6117,迎廣,9,2,7,高橋,2024-09-19,5320
1524,耿鼎,7,0,7,高橋,2024-09-19,5320
6151,晉倫,9,3,6,高橋,2024-09-19,5320
4576,大銀微系統,7,1,6,高橋,2024-09-19,5320
4763,材料-KY,9,3,6,高橋,2024-09-19,5320
2303,聯電,8,2,6,高橋,2024-09-19,5320
6492,生華科,6,0,6,高橋,2024-09-19,5320
3213,茂訊,6,0,6,高橋,2024-09-19,5320
00680L,元大美債20正2,876,7,869,高橋,2024-09-20,5320
00919,群益台灣精選高息,624,31,593,高橋,2024-09-20,5320
00637L,元大滬深300正2,122,0,122,高橋,2024-09-20,5320
2888,新光金,128,16,112,高橋,2024-09-20,5320
00937B,群益ESG投等債20,115,4,111,高橋,2024-09-20,5320
00632R,元大台灣50反1,133,60,73,高橋,2024-09-20,5320
3149,正達,106,34,72,高橋,2024-09-20,5320
1808,潤隆,53,0,53,高橋,2024-09-20,5320
2208,台船,41,0,41,高橋,2024-09-20,5320
1718,中纖,36,0,36,高橋,2024-09-20,5320
4714,永捷,46,11,35,高橋,2024-09-20,5320
4510,高鋒,39,5,34,高橋,2024-09-20,5320
6176,瑞儀,36,2,34,高橋,2024-09-20,5320
2614,東森,33,0,33,高橋,2024-09-20,5320
2038,海光,32,0,32,高橋,2024-09-20,5320
2303,聯電,31,1,30,高橋,2024-09-20,5320
2464,盟立,62,33,29,高橋,2024-09-20,5320
2867,三商壽,35,7,28,高橋,2024-09-20,5320
00940,元大台灣價值高息,64,37,27,高橋,2024-09-20,5320
4576,大銀微系統,35,9,26,高橋,2024-09-20,5320
3188,鑫龍騰,27,3,24,高橋,2024-09-20,5320
3231,緯創,39,17,22,高橋,2024-09-20,5320
00934,中信成長高股息,24,2,22,高橋,2024-09-20,5320
2243,宏旭-KY,22,1,21,高橋,2024-09-20,5320
2542,興富發,23,2,21,高橋,2024-09-20,5320
00679B,元大美債20年,36,16,20,高橋,2024-09-20,5320
5905,南仁湖,24,4,20,高橋,2024-09-20,5320
00960,野村全球航運龍頭,20,0,20,高橋,2024-09-20,5320
2353,宏��,22,2,20,高橋,2024-09-20,5320
2887,台新金,18,1,17,高橋,2024-09-20,5320
2399,映泰,51,34,17,高橋,2024-09-20,5320
00948B,中信優息投資級債,17,0,17,高橋,2024-09-20,5320
2365,昆盈,20,3,17,高橋,2024-09-20,5320
00687B,國泰20年美債,24,7,17,高橋,2024-09-20,5320
2101,南港,16,0,16,高橋,2024-09-20,5320
1785,光洋科,72,56,16,高橋,2024-09-20,5320
6152,百一,21,5,16,高橋,2024-09-20,5320
3019,亞光,26,10,16,高橋,2024-09-20,5320
2547,日勝生,15,0,15,高橋,2024-09-20,5320
2390,云辰,15,0,15,高橋,2024-09-20,5320
00915,凱基優選高股息30,20,5,15,高橋,2024-09-20,5320
6244,茂迪,15,1,14,高橋,2024-09-20,5320
3356,奇偶,14,0,14,高橋,2024-09-20,5320
4513,福裕,13,0,13,高橋,2024-09-20,5320
6177,達麗,14,1,13,高橋,2024-09-20,5320
00878,國泰永續高股息,16,3,13,高橋,2024-09-20,5320
5481,新華,12,0,12,高橋,2024-09-20,5320
5371,中光電,13,1,12,高橋,2024-09-20,5320
3339,泰谷,13,1,12,高橋,2024-09-20,5320
2597,潤弘,12,1,11,高橋,2024-09-20,5320
00680L,元大美債20正2,287,47,240,高橋,2024-09-23,5320
2515,中工,226,36,190,高橋,2024-09-23,5320
00671R,富邦NASDAQ反1,189,0,189,高橋,2024-09-23,5320
00632R,元大台灣50反1,257,70,187,高橋,2024-09-23,5320
2888,新光金,229,68,161,高橋,2024-09-23,5320
3481,群創,92,20,72,高橋,2024-09-23,5320
00687B,國泰20年美債,73,2,71,高橋,2024-09-23,5320
1711,永光,74,9,65,高橋,2024-09-23,5320
5905,南仁湖,54,0,54,高橋,2024-09-23,5320
9105,泰金寶-DR,51,0,51,高橋,2024-09-23,5320
2867,三商壽,48,0,48,高橋,2024-09-23,5320
00878,國泰永續高股息,51,3,48,高橋,2024-09-23,5320
3673,TPK-KY,43,1,42,高橋,2024-09-23,5320
1527,鑽全,40,2,38,高橋,2024-09-23,5320
1721,三晃,50,28,22,高橋,2024-09-23,5320
2402,毅嘉,23,2,21,高橋,2024-09-23,5320
00679B,元大美債20年,33,14,19,高橋,2024-09-23,5320
3324,雙鴻,21,2,19,高橋,2024-09-23,5320
00713,元大台灣高息低波,21,3,18,高橋,2024-09-23,5320
00915,凱基優選高股息30,20,3,17,高橋,2024-09-23,5320
2425,承啟,29,13,16,高橋,2024-09-23,5320
4167,松瑞藥,15,0,15,高橋,2024-09-23,5320
2241,艾姆勒,15,0,15,高橋,2024-09-23,5320
5483,中美晶,14,0,14,高橋,2024-09-23,5320
1727,中華化,27,13,14,高橋,2024-09-23,5320
3615,安可,22,8,14,高橋,2024-09-23,5320
3230,錦明,13,0,13,高橋,2024-09-23,5320
4906,正文,12,0,12,高橋,2024-09-23,5320
2329,華泰,12,0,12,高橋,2024-09-23,5320
4956,光鋐,12,0,12,高橋,2024-09-23,5320
1714,和桐,11,0,11,高橋,2024-09-23,5320
1709,和益,20,10,10,高橋,2024-09-23,5320
4168,醣聯,10,0,10,高橋,2024-09-23,5320
2498,宏達電,11,1,10,高橋,2024-09-23,5320
1217,愛之味,10,0,10,高橋,2024-09-23,5320
2301,光寶科,11,1,10,高橋,2024-09-23,5320
1308,亞聚,10,0,10,高橋,2024-09-23,5320
3455,由田,37,27,10,高橋,2024-09-23,5320
1617,榮星,10,0,10,高橋,2024-09-23,5320
3498,陽程,33,23,10,高橋,2024-09-23,5320
3508,位速,10,0,10,高橋,2024-09-23,5320
2887,台新金,21,12,9,高橋,2024-09-23,5320
3715,定穎投控,34,25,9,高橋,2024-09-23,5320
2605,新興,10,1,9,高橋,2024-09-23,5320
3025,星通,10,1,9,高橋,2024-09-23,5320
3374,精材,18,9,9,高橋,2024-09-23,5320
3580,友威科,22,13,9,高橋,2024-09-23,5320
1568,倉佑,10,1,9,高橋,2024-09-23,5320
4716,大立,12,3,9,高橋,2024-09-23,5320
2449,京元電子,8,0,8,高橋,2024-09-23,5320
00680L,元大美債20正2,396,10,386,高橋,2024-09-24,5320
2515,中工,115,7,108,高橋,2024-09-24,5320
00650L,復華香港正2,101,0,101,高橋,2024-09-24,5320
2888,新光金,67,2,65,高橋,2024-09-24,5320
3033,威健,60,2,58,高橋,2024-09-24,5320
9955,佳龍,58,2,56,高橋,2024-09-24,5320
00937B,群益ESG投等債20,55,2,53,高橋,2024-09-24,5320
2495,普安,37,3,34,高橋,2024-09-24,5320
00929,復華台灣科技優息,51,21,30,高橋,2024-09-24,5320
00712,復華富時不動產,32,2,30,高橋,2024-09-24,5320
2610,華航,34,5,29,高橋,2024-09-24,5320
3605,宏致,40,11,29,高橋,2024-09-24,5320
2349,錸德,40,12,28,高橋,2024-09-24,5320
00679B,元大美債20年,29,2,27,高橋,2024-09-24,5320
3710,連展投控,24,0,24,高橋,2024-09-24,5320
00918,大華優利高填息30,23,1,22,高橋,2024-09-24,5320
2208,台船,22,0,22,高橋,2024-09-24,5320
1314,中石化,21,0,21,高橋,2024-09-24,5320
3437,榮創,22,1,21,高橋,2024-09-24,5320
2062,橋椿,30,11,19,高橋,2024-09-24,5320
2890,永豐金,18,0,18,高橋,2024-09-24,5320
4526,東台,25,7,18,高橋,2024-09-24,5320
1307,三芳,20,2,18,高橋,2024-09-24,5320
2401,凌陽,18,0,18,高橋,2024-09-24,5320
3037,欣興,17,0,17,高橋,2024-09-24,5320
00687B,國泰20年美債,37,22,15,高橋,2024-09-24,5320
2501,國建,15,1,14,高橋,2024-09-24,5320
1584,精剛,31,17,14,高橋,2024-09-24,5320
00915,凱基優選高股息30,13,0,13,高橋,2024-09-24,5320
2611,志信,13,0,13,高橋,2024-09-24,5320
4109,加捷生醫,13,0,13,高橋,2024-09-24,5320
2367,燿華,13,0,13,高橋,2024-09-24,5320
3081,聯亞,18,6,12,高橋,2024-09-24,5320
2344,華邦電,15,3,12,高橋,2024-09-24,5320
2891,中信金,29,17,12,高橋,2024-09-24,5320
2313,華通,12,1,11,高橋,2024-09-24,5320
3019,亞光,13,2,11,高橋,2024-09-24,5320
5608,四維航,11,0,11,高橋,2024-09-24,5320
3689,湧德,41,30,11,高橋,2024-09-24,5320
6213,聯茂,14,4,10,高橋,2024-09-24,5320
2388,威盛,11,1,10,高橋,2024-09-24,5320
3374,精材,16,6,10,高橋,2024-09-24,5320
2867,三商壽,10,0,10,高橋,2024-09-24,5320
1527,鑽全,10,0,10,高橋,2024-09-24,5320
4562,穎漢,10,0,10,高橋,2024-09-24,5320
00941,中信上游半導體,10,0,10,高橋,2024-09-24,5320
4716,大立,12,2,10,高橋,2024-09-24,5320
6443,元晶,11,1,10,高橋,2024-09-24,5320
2355,敬鵬,10,0,10,高橋,2024-09-24,5320
1727,中華化,14,5,9,高橋,2024-09-24,5320
00715L,期街口布蘭特正2,739,305,434,高橋,2024-09-25,5320
00632R,元大台灣50反1,562,157,405,高橋,2024-09-25,5320
2610,華航,127,15,112,高橋,2024-09-25,5320
00960,野村全球航運龍頭,89,0,89,高橋,2024-09-25,5320
2313,華通,59,7,52,高橋,2024-09-25,5320
00857B,永豐20年美公債,51,0,51,高橋,2024-09-25,5320
00637L,元大滬深300正2,156,106,50,高橋,2024-09-25,5320
00679B,元大美債20年,46,5,41,高橋,2024-09-25,5320
3062,建漢,35,1,34,高橋,2024-09-25,5320
2867,三商壽,30,0,30,高橋,2024-09-25,5320
00712,復華富時不動產,26,0,26,高橋,2024-09-25,5320
2890,永豐金,25,1,24,高橋,2024-09-25,5320
5371,中光電,26,2,24,高橋,2024-09-25,5320
2888,新光金,33,10,23,高橋,2024-09-25,5320
6923,中台,23,1,22,高橋,2024-09-25,5320
2415,錩新,20,0,20,高橋,2024-09-25,5320
00943,兆豐電子高息等權,20,0,20,高橋,2024-09-25,5320
2477,美隆電,19,0,19,高橋,2024-09-25,5320
5905,南仁湖,19,0,19,高橋,2024-09-25,5320
2312,金寶,20,1,19,高橋,2024-09-25,5320
00948B,中信優息投資級債,19,0,19,高橋,2024-09-25,5320
3550,聯穎,36,18,18,高橋,2024-09-25,5320
2356,英業達,52,34,18,高橋,2024-09-25,5320
4168,醣聯,17,0,17,高橋,2024-09-25,5320
2641,正德,18,1,17,高橋,2024-09-25,5320
00927,群益半導體收益,20,3,17,高橋,2024-09-25,5320
3673,TPK-KY,17,0,17,高橋,2024-09-25,5320
2390,云辰,15,0,15,高橋,2024-09-25,5320
6548,長科*,20,5,15,高橋,2024-09-25,5320
2605,新興,21,7,14,高橋,2024-09-25,5320
6153,嘉聯益,14,0,14,高橋,2024-09-25,5320
3537,堡達,15,1,14,高橋,2024-09-25,5320
3689,湧德,37,24,13,高橋,2024-09-25,5320
6643,M31,13,0,13,高橋,2024-09-25,5320
1808,潤隆,12,0,12,高橋,2024-09-25,5320
2388,威盛,13,1,12,高橋,2024-09-25,5320
2495,普安,20,8,12,高橋,2024-09-25,5320
2349,錸德,15,3,12,高橋,2024-09-25,5320
0056,元大高股息,16,5,11,高橋,2024-09-25,5320
6177,達麗,11,0,11,高橋,2024-09-25,5320
6257,矽格,19,8,11,高橋,2024-09-25,5320
00725B,國泰投資級公司債,11,0,11,高橋,2024-09-25,5320
00738U,期元大道瓊白銀,13,3,10,高橋,2024-09-25,5320
00932,兆豐永續高息等權,10,0,10,高橋,2024-09-25,5320
3705,永信,10,0,10,高橋,2024-09-25,5320
1532,勤美,10,0,10,高橋,2024-09-25,5320
00634R,富邦上証反1,10,0,10,高橋,2024-09-25,5320
00887,永豐中國科技50大,10,0,10,高橋,2024-09-25,5320
4510,高鋒,43,33,10,高橋,2024-09-25,5320
2425,承啟,27,17,10,高橋,2024-09-25,5320
00665L,富邦�琤肭磪囓�2,585,0,585,高橋,2024-09-26,5320
00680L,元大美債20正2,124,0,124,高橋,2024-09-26,5320
2515,中工,100,1,99,高橋,2024-09-26,5320
9955,佳龍,101,3,98,高橋,2024-09-26,5320
00960,野村全球航運龍頭,121,41,80,高橋,2024-09-26,5320
00632R,元大台灣50反1,94,20,74,高橋,2024-09-26,5320
2609,陽明,187,114,73,高橋,2024-09-26,5320
00688L,國泰20年美債正2,63,0,63,高橋,2024-09-26,5320
2312,金寶,112,49,63,高橋,2024-09-26,5320
00712,復華富時不動產,63,5,58,高橋,2024-09-26,5320
2344,華邦電,59,4,55,高橋,2024-09-26,5320
3019,亞光,60,9,51,高橋,2024-09-26,5320
00720B,元大投資級公司債,48,0,48,高橋,2024-09-26,5320
2002,中鋼,53,14,39,高橋,2024-09-26,5320
5202,力新,41,4,37,高橋,2024-09-26,5320
2354,鴻準,33,1,32,高橋,2024-09-26,5320
6152,百一,29,5,24,高橋,2024-09-26,5320
1102,亞泥,30,6,24,高橋,2024-09-26,5320
2324,仁寶,24,0,24,高橋,2024-09-26,5320
1727,中華化,26,3,23,高橋,2024-09-26,5320
00878,國泰永續高股息,40,18,22,高橋,2024-09-26,5320
2603,長榮,35,13,22,高橋,2024-09-26,5320
6207,雷科,26,5,21,高橋,2024-09-26,5320
4952,凌通,21,2,19,高橋,2024-09-26,5320
1309,台達化,19,0,19,高橋,2024-09-26,5320
1584,精剛,18,0,18,高橋,2024-09-26,5320
3615,安可,18,1,17,高橋,2024-09-26,5320
00948B,中信優息投資級債,22,5,17,高橋,2024-09-26,5320
2362,藍天,25,10,15,高橋,2024-09-26,5320
1808,潤隆,19,4,15,高橋,2024-09-26,5320
0061,元大寶滬深,14,0,14,高橋,2024-09-26,5320
4933,友輝,13,0,13,高橋,2024-09-26,5320
00725B,國泰投資級公司債,13,0,13,高橋,2024-09-26,5320
2356,英業達,14,1,13,高橋,2024-09-26,5320
00952,凱基台灣AI50,12,0,12,高橋,2024-09-26,5320
00946,群益科技高息成長,12,0,12,高橋,2024-09-26,5320
3689,湧德,35,23,12,高橋,2024-09-26,5320
2408,南亞科,16,4,12,高橋,2024-09-26,5320
3006,晶豪科,15,4,11,高橋,2024-09-26,5320
2888,新光金,49,39,10,高橋,2024-09-26,5320
00641R,富邦日本反1,10,0,10,高橋,2024-09-26,5320
00959B,大華投等美債15Y+,10,0,10,高橋,2024-09-26,5320
2498,宏達電,10,0,10,高橋,2024-09-26,5320
6246,臺龍,13,3,10,高橋,2024-09-26,5320
4167,松瑞藥,10,0,10,高橋,2024-09-26,5320
3714,富采,17,7,10,高橋,2024-09-26,5320
3057,喬鼎,10,0,10,高橋,2024-09-26,5320
1301,台塑,14,4,10,高橋,2024-09-26,5320
2401,凌陽,21,11,10,高橋,2024-09-26,5320
1540,喬福,15,5,10,高橋,2024-09-26,5320
00937B,群益ESG投等債20,321,0,321,高橋,2024-09-27,5320
00665L,富邦�琤肭磪囓�2,310,0,310,高橋,2024-09-27,5320
00960,野村全球航運龍頭,232,55,177,高橋,2024-09-27,5320
1337,再生-KY,150,0,150,高橋,2024-09-27,5320
6530,創威,128,6,122,高橋,2024-09-27,5320
00666R,富邦�琤肭磪齯�1,115,0,115,高橋,2024-09-27,5320
00715L,期街口布蘭特正2,114,0,114,高橋,2024-09-27,5320
2495,普安,76,3,73,高橋,2024-09-27,5320
00688L,國泰20年美債正2,75,2,73,高橋,2024-09-27,5320
00679B,元大美債20年,77,11,66,高橋,2024-09-27,5320
3047,訊舟,55,3,52,高橋,2024-09-27,5320
2388,威盛,60,9,51,高橋,2024-09-27,5320
00751B,元大AAA至A公司債,50,0,50,高橋,2024-09-27,5320
00687B,國泰20年美債,49,3,46,高橋,2024-09-27,5320
6152,百一,47,5,42,高橋,2024-09-27,5320
00933B,國泰10Y+金融債,40,1,39,高橋,2024-09-27,5320
3607,谷崧,38,0,38,高橋,2024-09-27,5320
4534,慶騰,32,0,32,高橋,2024-09-27,5320
3062,建漢,33,1,32,高橋,2024-09-27,5320
6472,保瑞,31,0,31,高橋,2024-09-27,5320
2641,正德,41,10,31,高橋,2024-09-27,5320
1313,聯成,32,1,31,高橋,2024-09-27,5320
1711,永光,60,30,30,高橋,2024-09-27,5320
2601,益航,30,2,28,高橋,2024-09-27,5320
3260,威剛,29,2,27,高橋,2024-09-27,5320
2884,玉山金,36,11,25,高橋,2024-09-27,5320
00712,復華富時不動產,22,0,22,高橋,2024-09-27,5320
2886,兆豐金,21,0,21,高橋,2024-09-27,5320
00655L,國泰中國A50正2,20,0,20,高橋,2024-09-27,5320
00795B,中信美國公債20年,20,0,20,高橋,2024-09-27,5320
4142,國光生,20,0,20,高橋,2024-09-27,5320
2486,一詮,36,16,20,高橋,2024-09-27,5320
00725B,國泰投資級公司債,18,0,18,高橋,2024-09-27,5320
3363,上詮,24,7,17,高橋,2024-09-27,5320
3019,亞光,24,8,16,高橋,2024-09-27,5320
00945B,凱基美國非投等債,15,0,15,高橋,2024-09-27,5320
2881,富邦金,15,1,14,高橋,2024-09-27,5320
2062,橋椿,15,1,14,高橋,2024-09-27,5320
2313,華通,14,1,13,高橋,2024-09-27,5320
00946,群益科技高息成長,13,0,13,高橋,2024-09-27,5320
2344,華邦電,21,9,12,高橋,2024-09-27,5320
8027,鈦昇,19,7,12,高橋,2024-09-27,5320
8374,羅昇,14,2,12,高橋,2024-09-27,5320
2415,錩新,12,0,12,高橋,2024-09-27,5320
3163,波若威,20,9,11,高橋,2024-09-27,5320
3017,奇鋐,24,13,11,高橋,2024-09-27,5320
00642U,期元大S＆P石油,11,0,11,高橋,2024-09-27,5320
1584,精剛,11,0,11,高橋,2024-09-27,5320
2618,長榮航,21,10,11,高橋,2024-09-27,5320
3149,正達,26,15,11,高橋,2024-09-27,5320
00940,元大台灣價值高息,468,38,430,高橋,2024-09-30,5320
2888,新光金,410,38,372,高橋,2024-09-30,5320
2887,台新金,269,23,246,高橋,2024-09-30,5320
00680L,元大美債20正2,142,0,142,高橋,2024-09-30,5320
00929,復華台灣科技優息,133,0,133,高橋,2024-09-30,5320
00665L,富邦�琤肭磪囓�2,118,0,118,高橋,2024-09-30,5320
00655L,國泰中國A50正2,110,0,110,高橋,2024-09-30,5320
2313,華通,108,0,108,高橋,2024-09-30,5320
00751B,元大AAA至A公司債,105,0,105,高橋,2024-09-30,5320
00664R,國泰臺灣加權反1,100,0,100,高橋,2024-09-30,5320
3049,精金,82,2,80,高橋,2024-09-30,5320
2014,中鴻,97,20,77,高橋,2024-09-30,5320
00919,群益台灣精選高息,101,25,76,高橋,2024-09-30,5320
2007,燁興,69,2,67,高橋,2024-09-30,5320
2609,陽明,123,58,65,高橋,2024-09-30,5320
2610,華航,60,4,56,高橋,2024-09-30,5320
00878,國泰永續高股息,50,5,45,高橋,2024-09-30,5320
2204,中華,43,0,43,高橋,2024-09-30,5320
2303,聯電,40,1,39,高橋,2024-09-30,5320
2603,長榮,37,3,34,高橋,2024-09-30,5320
8027,鈦昇,34,2,32,高橋,2024-09-30,5320
6167,久正,30,0,30,高橋,2024-09-30,5320
1309,台達化,30,1,29,高橋,2024-09-30,5320
2030,彰源,30,2,28,高橋,2024-09-30,5320
2891,中信金,27,0,27,高橋,2024-09-30,5320
2312,金寶,27,1,26,高橋,2024-09-30,5320
00643,群益深証中小,25,0,25,高橋,2024-09-30,5320
2515,中工,25,0,25,高橋,2024-09-30,5320
4510,高鋒,35,11,24,高橋,2024-09-30,5320
2009,第一銅,24,0,24,高橋,2024-09-30,5320
2330,台積電,33,9,24,高橋,2024-09-30,5320
0056,元大高股息,22,0,22,高橋,2024-09-30,5320
00960,野村全球航運龍頭,24,2,22,高橋,2024-09-30,5320
00738U,期元大道瓊白銀,20,0,20,高橋,2024-09-30,5320
9105,泰金寶-DR,20,0,20,高橋,2024-09-30,5320
2615,萬海,72,53,19,高橋,2024-09-30,5320
00927,群益半導體收益,19,0,19,高橋,2024-09-30,5320
4906,正文,18,0,18,高橋,2024-09-30,5320
3231,緯創,19,1,18,高橋,2024-09-30,5320
00687B,國泰20年美債,20,2,18,高橋,2024-09-30,5320
00669R,國泰美國道瓊反1,18,0,18,高橋,2024-09-30,5320
3037,欣興,20,2,18,高橋,2024-09-30,5320
2317,鴻海,41,24,17,高橋,2024-09-30,5320
3339,泰谷,17,1,16,高橋,2024-09-30,5320
2368,金像電,15,0,15,高橋,2024-09-30,5320
00937B,群益ESG投等債20,15,0,15,高橋,2024-09-30,5320
6873,泓德能源,19,4,15,高橋,2024-09-30,5320
1584,精剛,17,2,15,高橋,2024-09-30,5320
2356,英業達,23,9,14,高橋,2024-09-30,5320
4552,力達-KY,19,5,14,高橋,2024-09-30,5320
1815,富喬,236,23,213,高橋,2024-10-01,5320
00666R,富邦�琤肭磪齯�1,205,0,205,高橋,2024-10-01,5320
00651R,復華香港反1,136,0,136,高橋,2024-10-01,5320
00929,復華台灣科技優息,110,1,109,高橋,2024-10-01,5320
00679B,元大美債20年,111,8,103,高橋,2024-10-01,5320
2867,三商壽,100,0,100,高橋,2024-10-01,5320
6829,千附精密,100,0,100,高橋,2024-10-01,5320
00878,國泰永續高股息,85,2,83,高橋,2024-10-01,5320
00939,統一台灣高息動能,66,0,66,高橋,2024-10-01,5320
5907,大洋-KY,68,3,65,高橋,2024-10-01,5320
0056,元大高股息,83,21,62,高橋,2024-10-01,5320
1337,再生-KY,53,0,53,高橋,2024-10-01,5320
00900,富邦特選高股息30,52,0,52,高橋,2024-10-01,5320
2605,新興,54,9,45,高橋,2024-10-01,5320
00940,元大台灣價值高息,51,7,44,高橋,2024-10-01,5320
00753L,中信中國50正2,48,6,42,高橋,2024-10-01,5320
00665L,富邦�琤肭磪囓�2,50,10,40,高橋,2024-10-01,5320
00638R,元大滬深300反1,40,0,40,高橋,2024-10-01,5320
3013,晟銘電,42,3,39,高橋,2024-10-01,5320
00650L,復華香港正2,36,0,36,高橋,2024-10-01,5320
2801,彰銀,34,0,34,高橋,2024-10-01,5320
3481,群創,46,12,34,高橋,2024-10-01,5320
2618,長榮航,35,2,33,高橋,2024-10-01,5320
8033,雷虎,30,0,30,高橋,2024-10-01,5320
2007,燁興,23,3,20,高橋,2024-10-01,5320
00922,國泰台灣領袖50,20,0,20,高橋,2024-10-01,5320
6116,彩晶,20,0,20,高橋,2024-10-01,5320
2834,臺企銀,16,0,16,高橋,2024-10-01,5320
2891,中信金,17,1,16,高橋,2024-10-01,5320
6026,福邦證,15,0,15,高橋,2024-10-01,5320
3550,聯穎,16,2,14,高橋,2024-10-01,5320
00752,中信中國50,15,1,14,高橋,2024-10-01,5320
2371,大同,14,0,14,高橋,2024-10-01,5320
00713,元大台灣高息低波,13,0,13,高橋,2024-10-01,5320
2615,萬海,42,29,13,高橋,2024-10-01,5320
2349,錸德,15,2,13,高橋,2024-10-01,5320
3037,欣興,18,6,12,高橋,2024-10-01,5320
4109,加捷生醫,11,0,11,高橋,2024-10-01,5320
2038,海光,14,3,11,高橋,2024-10-01,5320
3049,精金,11,0,11,高橋,2024-10-01,5320
1301,台塑,10,0,10,高橋,2024-10-01,5320
2611,志信,10,0,10,高橋,2024-10-01,5320
3048,益登,10,0,10,高橋,2024-10-01,5320
1909,榮成,10,0,10,高橋,2024-10-01,5320
8054,安國,11,1,10,高橋,2024-10-01,5320
6285,啟��,10,0,10,高橋,2024-10-01,5320
4154,樂威科-KY,10,0,10,高橋,2024-10-01,5320
00941,中信上游半導體,10,0,10,高橋,2024-10-01,5320
3705,永信,10,0,10,高橋,2024-10-01,5320
8249,菱光,11,1,10,高橋,2024-10-01,5320
00940,元大台灣價值高息,545,18,527,高橋,2024-10-04,5320
2618,長榮航,304,31,273,高橋,2024-10-04,5320
2610,華航,266,0,266,高橋,2024-10-04,5320
00919,群益台灣精選高息,211,0,211,高橋,2024-10-04,5320
00929,復華台灣科技優息,181,39,142,高橋,2024-10-04,5320
2609,陽明,160,21,139,高橋,2024-10-04,5320
00687B,國泰20年美債,141,2,139,高橋,2024-10-04,5320
00688L,國泰20年美債正2,134,0,134,高橋,2024-10-04,5320
4532,瑞智,100,3,97,高橋,2024-10-04,5320
0056,元大高股息,96,1,95,高橋,2024-10-04,5320
1301,台塑,94,2,92,高橋,2024-10-04,5320
00878,國泰永續高股息,82,1,81,高橋,2024-10-04,5320
00937B,群益ESG投等債20,79,4,75,高橋,2024-10-04,5320
00939,統一台灣高息動能,75,5,70,高橋,2024-10-04,5320
2603,長榮,64,2,62,高橋,2024-10-04,5320
2605,新興,65,7,58,高橋,2024-10-04,5320
2498,宏達電,118,74,44,高橋,2024-10-04,5320
4109,加捷生醫,42,0,42,高橋,2024-10-04,5320
2633,台灣高鐵,40,0,40,高橋,2024-10-04,5320
6126,信音,44,5,39,高橋,2024-10-04,5320
8033,雷虎,38,0,38,高橋,2024-10-04,5320
00918,大華優利高填息30,38,0,38,高橋,2024-10-04,5320
5014,建錩,57,21,36,高橋,2024-10-04,5320
9904,寶成,36,0,36,高橋,2024-10-04,5320
00946,群益科技高息成長,35,0,35,高橋,2024-10-04,5320
00712,復華富時不動產,35,1,34,高橋,2024-10-04,5320
0061,元大寶滬深,33,1,32,高橋,2024-10-04,5320
6116,彩晶,31,0,31,高橋,2024-10-04,5320
2615,萬海,48,18,30,高橋,2024-10-04,5320
00945B,凱基美國非投等債,30,0,30,高橋,2024-10-04,5320
00639,富邦深100,30,3,27,高橋,2024-10-04,5320
2038,海光,29,2,27,高橋,2024-10-04,5320
2353,宏��,42,15,27,高橋,2024-10-04,5320
2890,永豐金,36,10,26,高橋,2024-10-04,5320
2867,三商壽,26,0,26,高橋,2024-10-04,5320
1101,台泥,36,10,26,高橋,2024-10-04,5320
00632R,元大台灣50反1,50,25,25,高橋,2024-10-04,5320
3025,星通,49,25,24,高橋,2024-10-04,5320
00680L,元大美債20正2,38,15,23,高橋,2024-10-04,5320
6770,力積電,23,0,23,高橋,2024-10-04,5320
5351,鈺創,29,7,22,高橋,2024-10-04,5320
2383,台光電,24,3,21,高橋,2024-10-04,5320
2887,台新金,20,0,20,高橋,2024-10-04,5320
3580,友威科,19,0,19,高橋,2024-10-04,5320
8039,台虹,24,5,19,高橋,2024-10-04,5320
1582,信錦,20,1,19,高橋,2024-10-04,5320
00706L,期元大S＆P日圓正2,18,0,18,高橋,2024-10-04,5320
2401,凌陽,18,0,18,高橋,2024-10-04,5320
00679B,元大美債20年,21,3,18,高橋,2024-10-04,5320
2891,中信金,18,0,18,高橋,2024-10-04,5320
00680L,元大美債20正2,294,20,274,高橋,2024-10-07,5320
0056,元大高股息,232,8,224,高橋,2024-10-07,5320
00688L,國泰20年美債正2,149,0,149,高橋,2024-10-07,5320
00665L,富邦�琤肭磪囓�2,120,1,119,高橋,2024-10-07,5320
2515,中工,118,42,76,高橋,2024-10-07,5320
00946,群益科技高息成長,175,100,75,高橋,2024-10-07,5320
00632R,元大台灣50反1,75,3,72,高橋,2024-10-07,5320
8249,菱光,62,10,52,高橋,2024-10-07,5320
1314,中石化,86,35,51,高橋,2024-10-07,5320
1337,再生-KY,50,0,50,高橋,2024-10-07,5320
00679B,元大美債20年,65,21,44,高橋,2024-10-07,5320
6456,GIS-KY,43,0,43,高橋,2024-10-07,5320
00929,復華台灣科技優息,58,16,42,高橋,2024-10-07,5320
00637L,元大滬深300正2,81,44,37,高橋,2024-10-07,5320
2356,英業達,35,0,35,高橋,2024-10-07,5320
2317,鴻海,63,28,35,高橋,2024-10-07,5320
2929,淘帝-KY,38,4,34,高橋,2024-10-07,5320
2609,陽明,69,38,31,高橋,2024-10-07,5320
2401,凌陽,30,0,30,高橋,2024-10-07,5320
00919,群益台灣精選高息,70,46,24,高橋,2024-10-07,5320
00636,國泰中國A50,25,1,24,高橋,2024-10-07,5320
8111,立��,44,20,24,高橋,2024-10-07,5320
2353,宏��,37,15,22,高橋,2024-10-07,5320
00639,富邦深100,32,11,21,高橋,2024-10-07,5320
2303,聯電,26,5,21,高橋,2024-10-07,5320
6770,力積電,31,10,21,高橋,2024-10-07,5320
1718,中纖,30,10,20,高橋,2024-10-07,5320
00878,國泰永續高股息,31,11,20,高橋,2024-10-07,5320
1101,台泥,30,11,19,高橋,2024-10-07,5320
1702,南僑,21,3,18,高橋,2024-10-07,5320
3013,晟銘電,19,1,18,高橋,2024-10-07,5320
2498,宏達電,32,14,18,高橋,2024-10-07,5320
1326,台化,22,4,18,高橋,2024-10-07,5320
1802,台玻,20,3,17,高橋,2024-10-07,5320
3062,建漢,32,16,16,高橋,2024-10-07,5320
8104,錸寶,16,0,16,高橋,2024-10-07,5320
00706L,期元大S＆P日圓正2,15,0,15,高橋,2024-10-07,5320
6026,福邦證,15,0,15,高橋,2024-10-07,5320
5484,慧友,15,1,14,高橋,2024-10-07,5320
1584,精剛,15,1,14,高橋,2024-10-07,5320
2911,麗嬰房,17,3,14,高橋,2024-10-07,5320
2363,矽統,20,6,14,高橋,2024-10-07,5320
8996,高力,14,0,14,高橋,2024-10-07,5320
2376,技嘉,23,9,14,高橋,2024-10-07,5320
3374,精材,20,7,13,高橋,2024-10-07,5320
2887,台新金,14,1,13,高橋,2024-10-07,5320
00940,元大台灣價值高息,17,4,13,高橋,2024-10-07,5320
3481,群創,31,18,13,高橋,2024-10-07,5320
00650L,復華香港正2,33,21,12,高橋,2024-10-07,5320
2408,南亞科,13,1,12,高橋,2024-10-07,5320
00940,元大台灣價值高息,126,4,122,高橋,2024-10-08,5320
00665L,富邦�琤肭磪囓�2,127,6,121,高橋,2024-10-08,5320
3049,精金,118,0,118,高橋,2024-10-08,5320
00919,群益台灣精選高息,123,13,110,高橋,2024-10-08,5320
00929,復華台灣科技優息,136,30,106,高橋,2024-10-08,5320
00753L,中信中國50正2,124,24,100,高橋,2024-10-08,5320
2498,宏達電,75,8,67,高橋,2024-10-08,5320
00639,富邦深100,72,6,66,高橋,2024-10-08,5320
2618,長榮航,64,1,63,高橋,2024-10-08,5320
00679B,元大美債20年,66,9,57,高橋,2024-10-08,5320
1101,台泥,67,10,57,高橋,2024-10-08,5320
911868,同方友友-DR,55,0,55,高橋,2024-10-08,5320
00922,國泰台灣領袖50,47,0,47,高橋,2024-10-08,5320
00878,國泰永續高股息,45,0,45,高橋,2024-10-08,5320
3481,群創,56,13,43,高橋,2024-10-08,5320
1711,永光,43,4,39,高橋,2024-10-08,5320
3149,正達,66,28,38,高橋,2024-10-08,5320
0056,元大高股息,38,0,38,高橋,2024-10-08,5320
00937B,群益ESG投等債20,36,0,36,高橋,2024-10-08,5320
00943,兆豐電子高息等權,34,0,34,高橋,2024-10-08,5320
2353,宏��,37,4,33,高橋,2024-10-08,5320
00687B,國泰20年美債,45,13,32,高橋,2024-10-08,5320
5443,均豪,43,12,31,高橋,2024-10-08,5320
00915,凱基優選高股息30,31,0,31,高橋,2024-10-08,5320
2355,敬鵬,31,0,31,高橋,2024-10-08,5320
2371,大同,32,2,30,高橋,2024-10-08,5320
2399,映泰,74,44,30,高橋,2024-10-08,5320
8249,菱光,37,8,29,高橋,2024-10-08,5320
4109,加捷生醫,60,31,29,高橋,2024-10-08,5320
8027,鈦昇,30,1,29,高橋,2024-10-08,5320
00680L,元大美債20正2,66,38,28,高橋,2024-10-08,5320
2338,光罩,30,2,28,高橋,2024-10-08,5320
2883,凱基金,28,0,28,高橋,2024-10-08,5320
2845,遠東銀,27,0,27,高橋,2024-10-08,5320
00713,元大台灣高息低波,25,0,25,高橋,2024-10-08,5320
00887,永豐中國科技50大,79,55,24,高橋,2024-10-08,5320
2887,台新金,23,0,23,高橋,2024-10-08,5320
3037,欣興,22,0,22,高橋,2024-10-08,5320
00725B,國泰投資級公司債,22,0,22,高橋,2024-10-08,5320
2356,英業達,22,2,20,高橋,2024-10-08,5320
9105,泰金寶-DR,20,0,20,高橋,2024-10-08,5320
4534,慶騰,20,1,19,高橋,2024-10-08,5320
9904,寶成,20,1,19,高橋,2024-10-08,5320
2344,華邦電,24,6,18,高橋,2024-10-08,5320
00882,中信中國高股息,190,173,17,高橋,2024-10-08,5320
00643,群益深証中小,20,4,16,高橋,2024-10-08,5320
5880,合庫金,16,0,16,高橋,2024-10-08,5320
00720B,元大投資級公司債,15,0,15,高橋,2024-10-08,5320
4979,華星光,26,11,15,高橋,2024-10-08,5320
00673R,期元大S＆P原油反1,15,0,15,高橋,2024-10-08,5320
00637L,元大滬深300正2,314,107,207,高橋,2024-10-09,5320
00753L,中信中國50正2,172,18,154,高橋,2024-10-09,5320
00650L,復華香港正2,142,10,132,高橋,2024-10-09,5320
00882,中信中國高股息,176,63,113,高橋,2024-10-09,5320
2890,永豐金,105,0,105,高橋,2024-10-09,5320
2515,中工,110,22,88,高橋,2024-10-09,5320
00937B,群益ESG投等債20,83,0,83,高橋,2024-10-09,5320
2367,燿華,80,0,80,高橋,2024-10-09,5320
2002,中鋼,65,0,65,高橋,2024-10-09,5320
00665L,富邦�琤肭磪囓�2,142,80,62,高橋,2024-10-09,5320
3481,群創,72,10,62,高橋,2024-10-09,5320
00680L,元大美債20正2,56,0,56,高橋,2024-10-09,5320
2618,長榮航,55,0,55,高橋,2024-10-09,5320
4109,加捷生醫,60,10,50,高橋,2024-10-09,5320
3591,艾笛森,59,12,47,高橋,2024-10-09,5320
1217,愛之味,45,0,45,高橋,2024-10-09,5320
6770,力積電,44,0,44,高橋,2024-10-09,5320
1582,信錦,45,5,40,高橋,2024-10-09,5320
2867,三商壽,39,0,39,高橋,2024-10-09,5320
00940,元大台灣價值高息,42,3,39,高橋,2024-10-09,5320
00639,富邦深100,39,0,39,高橋,2024-10-09,5320
2615,萬海,45,8,37,高橋,2024-10-09,5320
1718,中纖,37,0,37,高橋,2024-10-09,5320
00713,元大台灣高息低波,36,0,36,高橋,2024-10-09,5320
00679B,元大美債20年,38,3,35,高橋,2024-10-09,5320
0056,元大高股息,38,5,33,高橋,2024-10-09,5320
6152,百一,35,5,30,高橋,2024-10-09,5320
2425,承啟,37,8,29,高橋,2024-10-09,5320
3019,亞光,31,4,27,高橋,2024-10-09,5320
00919,群益台灣精選高息,55,30,25,高橋,2024-10-09,5320
2486,一詮,37,13,24,高橋,2024-10-09,5320
2603,長榮,37,14,23,高橋,2024-10-09,5320
2388,威盛,31,8,23,高橋,2024-10-09,5320
6207,雷科,32,9,23,高橋,2024-10-09,5320
2007,燁興,23,0,23,高橋,2024-10-09,5320
1309,台達化,25,2,23,高橋,2024-10-09,5320
1815,富喬,33,11,22,高橋,2024-10-09,5320
5347,世界,31,9,22,高橋,2024-10-09,5320
2609,陽明,90,69,21,高橋,2024-10-09,5320
1605,華新,21,0,21,高橋,2024-10-09,5320
00948B,中信優息投資級債,19,0,19,高橋,2024-10-09,5320
2886,兆豐金,19,0,19,高橋,2024-10-09,5320
8112,至上,16,0,16,高橋,2024-10-09,5320
3576,聯合再生,16,0,16,高橋,2024-10-09,5320
1101,台泥,17,1,16,高橋,2024-10-09,5320
3260,威剛,17,1,16,高橋,2024-10-09,5320
4933,友輝,17,1,16,高橋,2024-10-09,5320
1909,榮成,15,0,15,高橋,2024-10-09,5320
3622,洋華,16,1,15,高橋,2024-10-09,5320
1303,南亞,20,5,15,高橋,2024-10-09,5320
00632R,元大台灣50反1,338,61,277,高橋,2024-10-11,5320
00933B,國泰10Y+金融債,152,4,148,高橋,2024-10-11,5320
00680L,元大美債20正2,147,0,147,高橋,2024-10-11,5320
00637L,元大滬深300正2,91,4,87,高橋,2024-10-11,5320
00639,富邦深100,80,5,75,高橋,2024-10-11,5320
3013,晟銘電,77,3,74,高橋,2024-10-11,5320
00688L,國泰20年美債正2,64,1,63,高橋,2024-10-11,5320
00713,元大台灣高息低波,53,1,52,高橋,2024-10-11,5320
2887,台新金,55,4,51,高橋,2024-10-11,5320
00937B,群益ESG投等債20,45,2,43,高橋,2024-10-11,5320
8033,雷虎,40,0,40,高橋,2024-10-11,5320
1721,三晃,44,6,38,高橋,2024-10-11,5320
00795B,中信美國公債20年,42,6,36,高橋,2024-10-11,5320
3049,精金,125,92,33,高橋,2024-10-11,5320
6142,友勁,31,2,29,高橋,2024-10-11,5320
2884,玉山金,30,2,28,高橋,2024-10-11,5320
1312,國喬,27,0,27,高橋,2024-10-11,5320
3705,永信,26,0,26,高橋,2024-10-11,5320
2498,宏達電,26,1,25,高橋,2024-10-11,5320
9904,寶成,25,0,25,高橋,2024-10-11,5320
2316,楠梓電,25,2,23,高橋,2024-10-11,5320
00915,凱基優選高股息30,22,0,22,高橋,2024-10-11,5320
2344,華邦電,22,0,22,高橋,2024-10-11,5320
4956,光鋐,28,8,20,高橋,2024-10-11,5320
3149,正達,116,97,19,高橋,2024-10-11,5320
00712,復華富時不動產,20,2,18,高橋,2024-10-11,5320
00753L,中信中國50正2,37,19,18,高橋,2024-10-11,5320
3481,群創,23,5,18,高橋,2024-10-11,5320
1605,華新,17,0,17,高橋,2024-10-11,5320
3591,艾笛森,44,27,17,高橋,2024-10-11,5320
4903,聯光通,39,22,17,高橋,2024-10-11,5320
6609,瀧澤科,19,3,16,高橋,2024-10-11,5320
6026,福邦證,15,0,15,高橋,2024-10-11,5320
2834,臺企銀,15,0,15,高橋,2024-10-11,5320
2356,英業達,50,35,15,高橋,2024-10-11,5320
2388,威盛,45,30,15,高橋,2024-10-11,5320
2449,京元電子,42,28,14,高橋,2024-10-11,5320
00919,群益台灣精選高息,27,13,14,高橋,2024-10-11,5320
2457,飛宏,13,0,13,高橋,2024-10-11,5320
912000,晨訊科-DR,12,0,12,高橋,2024-10-11,5320
1513,中興電,14,2,12,高橋,2024-10-11,5320
00922,國泰台灣領袖50,18,6,12,高橋,2024-10-11,5320
3663,鑫科,14,2,12,高橋,2024-10-11,5320
911608,明輝-DR,12,0,12,高橋,2024-10-11,5320
2208,台船,20,8,12,高橋,2024-10-11,5320
3209,全科,24,12,12,高橋,2024-10-11,5320
8111,立��,54,43,11,高橋,2024-10-11,5320
5347,世界,14,3,11,高橋,2024-10-11,5320
8085,福華,11,0,11,高橋,2024-10-11,5320
0056,元大高股息,15,4,11,高橋,2024-10-11,5320
00650L,復華香港正2,153,0,153,高橋,2024-10-14,5320
0056,元大高股息,134,2,132,高橋,2024-10-14,5320
00948B,中信優息投資級債,157,50,107,高橋,2024-10-14,5320
2312,金寶,70,6,64,高橋,2024-10-14,5320
00887,永豐中國科技50大,65,7,58,高橋,2024-10-14,5320
00713,元大台灣高息低波,51,1,50,高橋,2024-10-14,5320
00680L,元大美債20正2,56,19,37,高橋,2024-10-14,5320
00933B,國泰10Y+金融債,36,0,36,高橋,2024-10-14,5320
00753L,中信中國50正2,36,1,35,高橋,2024-10-14,5320
00637L,元大滬深300正2,52,21,31,高橋,2024-10-14,5320
1314,中石化,29,0,29,高橋,2024-10-14,5320
00922,國泰台灣領袖50,32,4,28,高橋,2024-10-14,5320
2002,中鋼,26,0,26,高橋,2024-10-14,5320
2615,萬海,50,24,26,高橋,2024-10-14,5320
2482,連宇,25,0,25,高橋,2024-10-14,5320
0061,元大寶滬深,28,6,22,高橋,2024-10-14,5320
00795B,中信美國公債20年,22,0,22,高橋,2024-10-14,5320
2426,鼎元,38,16,22,高橋,2024-10-14,5320
00688L,國泰20年美債正2,22,1,21,高橋,2024-10-14,5320
6712,長聖,20,0,20,高橋,2024-10-14,5320
6215,和椿,20,0,20,高橋,2024-10-14,5320
00725B,國泰投資級公司債,19,0,19,高橋,2024-10-14,5320
2547,日勝生,15,0,15,高橋,2024-10-14,5320
3260,威剛,16,1,15,高橋,2024-10-14,5320
00712,復華富時不動產,15,0,15,高橋,2024-10-14,5320
1536,和大,15,0,15,高橋,2024-10-14,5320
00639,富邦深100,25,10,15,高橋,2024-10-14,5320
4956,光鋐,47,32,15,高橋,2024-10-14,5320
1326,台化,15,1,14,高橋,2024-10-14,5320
3715,定穎投控,16,2,14,高橋,2024-10-14,5320
4569,六方科-KY,13,0,13,高橋,2024-10-14,5320
00912,中信臺灣智慧50,12,0,12,高橋,2024-10-14,5320
2633,台灣高鐵,12,0,12,高橋,2024-10-14,5320
8150,南茂,13,1,12,高橋,2024-10-14,5320
2362,藍天,12,0,12,高橋,2024-10-14,5320
2601,益航,15,4,11,高橋,2024-10-14,5320
00931B,統一美債20年,11,0,11,高橋,2024-10-14,5320
8390,金益鼎,12,1,11,高橋,2024-10-14,5320
1595,川寶,24,13,11,高橋,2024-10-14,5320
2883,凱基金,22,12,10,高橋,2024-10-14,5320
2344,華邦電,10,0,10,高橋,2024-10-14,5320
5608,四維航,10,0,10,高橋,2024-10-14,5320
2102,泰豐,10,0,10,高橋,2024-10-14,5320
1580,新麥,10,0,10,高橋,2024-10-14,5320
4906,正文,10,0,10,高橋,2024-10-14,5320
1735,日勝化,10,0,10,高橋,2024-10-14,5320
6164,華興,10,0,10,高橋,2024-10-14,5320
2301,光寶科,10,1,9,高橋,2024-10-14,5320
1540,喬福,16,7,9,高橋,2024-10-14,5320
5202,力新,14,5,9,高橋,2024-10-14,5320
00688L,國泰20年美債正2,74,0,74,高橋,2024-10-15,5320
00632R,元大台灣50反1,91,20,71,高橋,2024-10-15,5320
4956,光鋐,85,15,70,高橋,2024-10-15,5320
2208,台船,60,0,60,高橋,2024-10-15,5320
00687B,國泰20年美債,57,0,57,高橋,2024-10-15,5320
2303,聯電,60,5,55,高橋,2024-10-15,5320
2888,新光金,90,37,53,高橋,2024-10-15,5320
00679B,元大美債20年,71,20,51,高橋,2024-10-15,5320
00715L,期街口布蘭特正2,49,0,49,高橋,2024-10-15,5320
2615,萬海,46,7,39,高橋,2024-10-15,5320
00713,元大台灣高息低波,35,2,33,高橋,2024-10-15,5320
00753L,中信中國50正2,38,6,32,高橋,2024-10-15,5320
00650L,復華香港正2,31,0,31,高橋,2024-10-15,5320
00961,FT臺灣永續高息,30,0,30,高橋,2024-10-15,5320
8033,雷虎,27,0,27,高橋,2024-10-15,5320
6152,百一,26,0,26,高橋,2024-10-15,5320
2887,台新金,27,1,26,高橋,2024-10-15,5320
3710,連展投控,29,4,25,高橋,2024-10-15,5320
3025,星通,26,4,22,高橋,2024-10-15,5320
1308,亞聚,22,0,22,高橋,2024-10-15,5320
2401,凌陽,21,0,21,高橋,2024-10-15,5320
00637L,元大滬深300正2,326,305,21,高橋,2024-10-15,5320
00887,永豐中國科技50大,22,2,20,高橋,2024-10-15,5320
00933B,國泰10Y+金融債,20,2,18,高橋,2024-10-15,5320
4562,穎漢,27,10,17,高橋,2024-10-15,5320
3231,緯創,35,20,15,高橋,2024-10-15,5320
6470,宇智,15,0,15,高橋,2024-10-15,5320
00946,群益科技高息成長,15,0,15,高橋,2024-10-15,5320
1582,信錦,16,1,15,高橋,2024-10-15,5320
6257,矽格,27,12,15,高橋,2024-10-15,5320
4903,聯光通,24,10,14,高橋,2024-10-15,5320
00882,中信中國高股息,17,3,14,高橋,2024-10-15,5320
2426,鼎元,18,4,14,高橋,2024-10-15,5320
2399,映泰,42,28,14,高橋,2024-10-15,5320
00915,凱基優選高股息30,14,0,14,高橋,2024-10-15,5320
9958,世紀鋼,15,2,13,高橋,2024-10-15,5320
00665L,富邦�琤肭磪囓�2,15,2,13,高橋,2024-10-15,5320
1595,川寶,28,16,12,高橋,2024-10-15,5320
3033,威健,16,4,12,高橋,2024-10-15,5320
2069,運錩,12,0,12,高橋,2024-10-15,5320
00680L,元大美債20正2,12,0,12,高橋,2024-10-15,5320
00919,群益台灣精選高息,51,39,12,高橋,2024-10-15,5320
1618,合機,13,2,11,高橋,2024-10-15,5320
1721,三晃,10,0,10,高橋,2024-10-15,5320
3040,遠見,10,0,10,高橋,2024-10-15,5320
3005,神基,11,1,10,高橋,2024-10-15,5320
00655L,國泰中國A50正2,10,0,10,高橋,2024-10-15,5320
3413,京鼎,10,0,10,高橋,2024-10-15,5320
2611,志信,10,0,10,高橋,2024-10-15,5320
3066,李洲,12,2,10,高橋,2024-10-15,5320
00673R,期元大S＆P原油反1,250,0,250,高橋,2024-10-16,5320
2888,新光金,213,3,210,高橋,2024-10-16,5320
00887,永豐中國科技50大,135,5,130,高橋,2024-10-16,5320
0056,元大高股息,113,5,108,高橋,2024-10-16,5320
00680L,元大美債20正2,100,0,100,高橋,2024-10-16,5320
00919,群益台灣精選高息,96,3,93,高橋,2024-10-16,5320
2426,鼎元,95,16,79,高橋,2024-10-16,5320
00878,國泰永續高股息,74,1,73,高橋,2024-10-16,5320
2313,華通,77,7,70,高橋,2024-10-16,5320
3380,明泰,50,1,49,高橋,2024-10-16,5320
2883,凱基金,47,2,45,高橋,2024-10-16,5320
00753L,中信中國50正2,60,18,42,高橋,2024-10-16,5320
2543,皇昌,43,4,39,高橋,2024-10-16,5320
00915,凱基優選高股息30,37,0,37,高橋,2024-10-16,5320
00922,國泰台灣領袖50,57,22,35,高橋,2024-10-16,5320
00918,大華優利高填息30,34,0,34,高橋,2024-10-16,5320
2303,聯電,52,22,30,高橋,2024-10-16,5320
00688L,國泰20年美債正2,60,31,29,高橋,2024-10-16,5320
2344,華邦電,41,13,28,高橋,2024-10-16,5320
00715L,期街口布蘭特正2,22,0,22,高橋,2024-10-16,5320
5880,合庫金,25,4,21,高橋,2024-10-16,5320
00907,永豐優息存股,21,0,21,高橋,2024-10-16,5320
00932,兆豐永續高息等權,20,0,20,高橋,2024-10-16,5320
6142,友勁,19,0,19,高橋,2024-10-16,5320
4526,東台,38,20,18,高橋,2024-10-16,5320
6426,統新,23,5,18,高橋,2024-10-16,5320
2002,中鋼,25,7,18,高橋,2024-10-16,5320
6187,萬潤,20,3,17,高橋,2024-10-16,5320
00912,中信臺灣智慧50,17,0,17,高橋,2024-10-16,5320
1802,台玻,21,4,17,高橋,2024-10-16,5320
2425,承啟,19,3,16,高橋,2024-10-16,5320
00905,FT臺灣Smart,16,0,16,高橋,2024-10-16,5320
00713,元大台灣高息低波,14,0,14,高橋,2024-10-16,5320
00960,野村全球航運龍頭,14,0,14,高橋,2024-10-16,5320
2363,矽統,24,10,14,高橋,2024-10-16,5320
2367,燿華,15,2,13,高橋,2024-10-16,5320
3149,正達,92,79,13,高橋,2024-10-16,5320
2601,益航,19,7,12,高橋,2024-10-16,5320
8097,常珵,15,3,12,高橋,2024-10-16,5320
6180,橘子,12,0,12,高橋,2024-10-16,5320
2330,台積電,17,5,12,高橋,2024-10-16,5320
2356,英業達,38,27,11,高橋,2024-10-16,5320
3189,景碩,11,0,11,高橋,2024-10-16,5320
2070,精湛,19,8,11,高橋,2024-10-16,5320
00937B,群益ESG投等債20,19,8,11,高橋,2024-10-16,5320
2365,昆盈,23,12,11,高橋,2024-10-16,5320
1539,巨庭,10,0,10,高橋,2024-10-16,5320
00706L,期元大S＆P日圓正2,10,0,10,高橋,2024-10-16,5320
6005,群益證,10,0,10,高橋,2024-10-16,5320
8429,金麗-KY,10,0,10,高橋,2024-10-16,5320
5452,佶優,180,15,165,高橋,2024-10-17,5320
00887,永豐中國科技50大,154,0,154,高橋,2024-10-17,5320
2208,台船,151,3,148,高橋,2024-10-17,5320
2312,金寶,139,80,59,高橋,2024-10-17,5320
3437,榮創,70,11,59,高橋,2024-10-17,5320
00882,中信中國高股息,61,3,58,高橋,2024-10-17,5320
00919,群益台灣精選高息,54,1,53,高橋,2024-10-17,5320
00637L,元大滬深300正2,312,265,47,高橋,2024-10-17,5320
00929,復華台灣科技優息,77,32,45,高橋,2024-10-17,5320
1528,恩德,244,202,42,高橋,2024-10-17,5320
3591,艾笛森,39,0,39,高橋,2024-10-17,5320
2349,錸德,44,10,34,高橋,2024-10-17,5320
3062,建漢,40,8,32,高橋,2024-10-17,5320
2344,華邦電,30,2,28,高橋,2024-10-17,5320
2401,凌陽,23,0,23,高橋,2024-10-17,5320
2609,陽明,73,51,22,高橋,2024-10-17,5320
00922,國泰台灣領袖50,24,4,20,高橋,2024-10-17,5320
1409,新纖,21,2,19,高橋,2024-10-17,5320
2399,映泰,33,16,17,高橋,2024-10-17,5320
2515,中工,19,2,17,高橋,2024-10-17,5320
8111,立��,35,19,16,高橋,2024-10-17,5320
00715L,期街口布蘭特正2,15,0,15,高橋,2024-10-17,5320
00915,凱基優選高股息30,21,7,14,高橋,2024-10-17,5320
00878,國泰永續高股息,22,8,14,高橋,2024-10-17,5320
6763,綠界科技*,20,6,14,高橋,2024-10-17,5320
6207,雷科,13,0,13,高橋,2024-10-17,5320
2330,台積電,17,5,12,高橋,2024-10-17,5320
00937B,群益ESG投等債20,24,12,12,高橋,2024-10-17,5320
00941,中信上游半導體,12,0,12,高橋,2024-10-17,5320
3615,安可,26,14,12,高橋,2024-10-17,5320
3025,星通,13,1,12,高橋,2024-10-17,5320
2421,建準,24,12,12,高橋,2024-10-17,5320
2308,台達電,12,1,11,高橋,2024-10-17,5320
2062,橋椿,11,0,11,高橋,2024-10-17,5320
8150,南茂,11,0,11,高橋,2024-10-17,5320
3019,亞光,13,2,11,高橋,2024-10-17,5320
4571,鈞興-KY,10,0,10,高橋,2024-10-17,5320
4716,大立,10,0,10,高橋,2024-10-17,5320
3576,聯合再生,10,0,10,高橋,2024-10-17,5320
5488,松普,10,0,10,高橋,2024-10-17,5320
8121,越峰,10,0,10,高橋,2024-10-17,5320
6224,聚鼎,10,0,10,高橋,2024-10-17,5320
2486,一詮,20,10,10,高橋,2024-10-17,5320
2419,仲琦,10,1,9,高橋,2024-10-17,5320
6742,澤米,16,7,9,高橋,2024-10-17,5320
2449,京元電子,16,7,9,高橋,2024-10-17,5320
4977,眾達-KY,8,0,8,高橋,2024-10-17,5320
2461,光群雷,8,0,8,高橋,2024-10-17,5320
2605,新興,12,4,8,高橋,2024-10-17,5320
6134,萬旭,11,3,8,高橋,2024-10-17,5320
00632R,元大台灣50反1,210,6,204,高橋,2024-10-18,5320
2303,聯電,207,20,187,高橋,2024-10-18,5320
2344,華邦電,116,0,116,高橋,2024-10-18,5320
2867,三商壽,100,6,94,高橋,2024-10-18,5320
2515,中工,101,12,89,高橋,2024-10-18,5320
2601,益航,83,2,81,高橋,2024-10-18,5320
00687B,國泰20年美債,80,8,72,高橋,2024-10-18,5320
00937B,群益ESG投等債20,65,0,65,高橋,2024-10-18,5320
00679B,元大美債20年,62,3,59,高橋,2024-10-18,5320
00959B,大華投等美債15Y+,59,0,59,高橋,2024-10-18,5320
2399,映泰,69,20,49,高橋,2024-10-18,5320
00919,群益台灣精選高息,46,7,39,高橋,2024-10-18,5320
3714,富采,38,3,35,高橋,2024-10-18,5320
0056,元大高股息,38,3,35,高橋,2024-10-18,5320
1303,南亞,45,11,34,高橋,2024-10-18,5320
8028,昇陽半導體,55,25,30,高橋,2024-10-18,5320
00688L,國泰20年美債正2,29,0,29,高橋,2024-10-18,5320
5347,世界,29,1,28,高橋,2024-10-18,5320
2313,華通,30,3,27,高橋,2024-10-18,5320
2885,元大金,32,6,26,高橋,2024-10-18,5320
6530,創威,25,4,21,高橋,2024-10-18,5320
2353,宏��,27,6,21,高橋,2024-10-18,5320
00639,富邦深100,21,1,20,高橋,2024-10-18,5320
2208,台船,20,0,20,高橋,2024-10-18,5320
4109,加捷生醫,20,0,20,高橋,2024-10-18,5320
00948B,中信優息投資級債,25,5,20,高橋,2024-10-18,5320
00933B,國泰10Y+金融債,20,0,20,高橋,2024-10-18,5320
3011,今皓,23,4,19,高橋,2024-10-18,5320
3036,文曄,21,2,19,高橋,2024-10-18,5320
2367,燿華,29,10,19,高橋,2024-10-18,5320
3049,精金,21,4,17,高橋,2024-10-18,5320
1721,三晃,46,30,16,高橋,2024-10-18,5320
2449,京元電子,26,10,16,高橋,2024-10-18,5320
2915,潤泰全,16,1,15,高橋,2024-10-18,5320
4540,全球傳動,19,4,15,高橋,2024-10-18,5320
3167,大量,19,5,14,高橋,2024-10-18,5320
1409,新纖,14,0,14,高橋,2024-10-18,5320
4562,穎漢,52,38,14,高橋,2024-10-18,5320
2374,佳能,15,1,14,高橋,2024-10-18,5320
9105,泰金寶-DR,13,0,13,高橋,2024-10-18,5320
2402,毅嘉,63,50,13,高橋,2024-10-18,5320
00680L,元大美債20正2,18,5,13,高橋,2024-10-18,5320
3580,友威科,13,0,13,高橋,2024-10-18,5320
3354,律勝,13,0,13,高橋,2024-10-18,5320
00881,國泰台灣5G+,16,3,13,高橋,2024-10-18,5320
6116,彩晶,15,2,13,高橋,2024-10-18,5320
00915,凱基優選高股息30,13,0,13,高橋,2024-10-18,5320
6274,台燿,13,0,13,高橋,2024-10-18,5320
4979,華星光,14,2,12,高橋,2024-10-18,5320
00636,國泰中國A50,12,0,12,高橋,2024-10-18,5320
00959B,大華投等美債15Y+,120,0,120,高橋,2024-10-21,5320
00753L,中信中國50正2,115,6,109,高橋,2024-10-21,5320
00637L,元大滬深300正2,399,317,82,高橋,2024-10-21,5320
2883,凱基金,82,3,79,高橋,2024-10-21,5320
00937B,群益ESG投等債20,69,1,68,高橋,2024-10-21,5320
00636,國泰中國A50,63,0,63,高橋,2024-10-21,5320
00687B,國泰20年美債,86,26,60,高橋,2024-10-21,5320
2891,中信金,61,3,58,高橋,2024-10-21,5320
00929,復華台灣科技優息,77,22,55,高橋,2024-10-21,5320
00887,永豐中國科技50大,67,24,43,高橋,2024-10-21,5320
00679B,元大美債20年,83,43,40,高橋,2024-10-21,5320
2409,友達,38,2,36,高橋,2024-10-21,5320
00905,FT臺灣Smart,33,0,33,高橋,2024-10-21,5320
00882,中信中國高股息,36,3,33,高橋,2024-10-21,5320
00632R,元大台灣50反1,43,11,32,高橋,2024-10-21,5320
0061,元大寶滬深,34,2,32,高橋,2024-10-21,5320
4510,高鋒,49,18,31,高橋,2024-10-21,5320
2401,凌陽,32,2,30,高橋,2024-10-21,5320
4956,光鋐,29,1,28,高橋,2024-10-21,5320
00715L,期街口布蘭特正2,39,12,27,高橋,2024-10-21,5320
2887,台新金,25,0,25,高橋,2024-10-21,5320
00741B,富邦全球非投等債,20,0,20,高橋,2024-10-21,5320
3062,建漢,37,18,19,高橋,2024-10-21,5320
1711,永光,34,16,18,高橋,2024-10-21,5320
2359,所羅門,17,0,17,高橋,2024-10-21,5320
6763,綠界科技*,20,3,17,高橋,2024-10-21,5320
4967,十銓,17,1,16,高橋,2024-10-21,5320
4979,華星光,18,3,15,高橋,2024-10-21,5320
00665L,富邦�琤肭磪囓�2,15,0,15,高橋,2024-10-21,5320
2498,宏達電,13,0,13,高橋,2024-10-21,5320
3591,艾笛森,14,1,13,高橋,2024-10-21,5320
3105,穩懋,13,1,12,高橋,2024-10-21,5320
5907,大洋-KY,12,0,12,高橋,2024-10-21,5320
1802,台玻,40,28,12,高橋,2024-10-21,5320
3339,泰谷,14,2,12,高橋,2024-10-21,5320
00948B,中信優息投資級債,12,0,12,高橋,2024-10-21,5320
1312,國喬,12,0,12,高橋,2024-10-21,5320
3036,文曄,20,8,12,高橋,2024-10-21,5320
6126,信音,73,62,11,高橋,2024-10-21,5320
2881,富邦金,11,0,11,高橋,2024-10-21,5320
2547,日勝生,10,0,10,高橋,2024-10-21,5320
1605,華新,10,0,10,高橋,2024-10-21,5320
4540,全球傳動,13,3,10,高橋,2024-10-21,5320
1210,大成,10,0,10,高橋,2024-10-21,5320
3149,正達,25,15,10,高橋,2024-10-21,5320
3548,兆利,10,0,10,高橋,2024-10-21,5320
00894,中信小資高價30,10,0,10,高橋,2024-10-21,5320
2349,錸德,11,1,10,高橋,2024-10-21,5320
2421,建準,13,3,10,高橋,2024-10-21,5320
9958,世紀鋼,15,5,10,高橋,2024-10-21,5320
2888,新光金,218,11,207,高橋,2024-10-22,5320
00937B,群益ESG投等債20,181,5,176,高橋,2024-10-22,5320
00687B,國泰20年美債,151,7,144,高橋,2024-10-22,5320
00948B,中信優息投資級債,101,0,101,高橋,2024-10-22,5320
00688L,國泰20年美債正2,72,0,72,高橋,2024-10-22,5320
00679B,元大美債20年,71,3,68,高橋,2024-10-22,5320
3290,東浦,68,5,63,高橋,2024-10-22,5320
00680L,元大美債20正2,172,110,62,高橋,2024-10-22,5320
2363,矽統,114,58,56,高橋,2024-10-22,5320
2208,台船,50,0,50,高橋,2024-10-22,5320
00712,復華富時不動產,41,0,41,高橋,2024-10-22,5320
00878,國泰永續高股息,45,7,38,高橋,2024-10-22,5320
4729,熒茂,51,14,37,高橋,2024-10-22,5320
2330,台積電,40,5,35,高橋,2024-10-22,5320
00753L,中信中國50正2,36,1,35,高橋,2024-10-22,5320
6763,綠界科技*,39,9,30,高橋,2024-10-22,5320
00915,凱基優選高股息30,30,0,30,高橋,2024-10-22,5320
2344,華邦電,29,0,29,高橋,2024-10-22,5320
2401,凌陽,30,2,28,高橋,2024-10-22,5320
00905,FT臺灣Smart,29,3,26,高橋,2024-10-22,5320
00919,群益台灣精選高息,27,4,23,高橋,2024-10-22,5320
2303,聯電,27,4,23,高橋,2024-10-22,5320
00929,復華台灣科技優息,30,9,21,高橋,2024-10-22,5320
00933B,國泰10Y+金融債,21,1,20,高橋,2024-10-22,5320
4510,高鋒,26,6,20,高橋,2024-10-22,5320
8933,愛地雅,20,0,20,高橋,2024-10-22,5320
2547,日勝生,20,0,20,高橋,2024-10-22,5320
8110,華東,20,1,19,高橋,2024-10-22,5320
2809,京城銀,20,2,18,高橋,2024-10-22,5320
00636,國泰中國A50,18,0,18,高橋,2024-10-22,5320
00772B,中信高評級公司債,19,1,18,高橋,2024-10-22,5320
3535,晶彩科,21,4,17,高橋,2024-10-22,5320
2388,威盛,46,30,16,高橋,2024-10-22,5320
2615,萬海,60,44,16,高橋,2024-10-22,5320
00725B,國泰投資級公司債,15,0,15,高橋,2024-10-22,5320
4903,聯光通,19,4,15,高橋,2024-10-22,5320
3362,先進光,16,1,15,高橋,2024-10-22,5320
00907,永豐優息存股,15,0,15,高橋,2024-10-22,5320
00918,大華優利高填息30,20,7,13,高橋,2024-10-22,5320
00720B,元大投資級公司債,14,1,13,高橋,2024-10-22,5320
3550,聯穎,42,29,13,高橋,2024-10-22,5320
8043,蜜望實,23,11,12,高橋,2024-10-22,5320
00941,中信上游半導體,12,0,12,高橋,2024-10-22,5320
3189,景碩,59,47,12,高橋,2024-10-22,5320
1519,華城,14,3,11,高橋,2024-10-22,5320
3094,聯傑,11,0,11,高橋,2024-10-22,5320
00922,國泰台灣領袖50,11,0,11,高橋,2024-10-22,5320
8021,尖點,13,2,11,高橋,2024-10-22,5320
2010,春源,11,0,11,高橋,2024-10-22,5320
1101,台泥,11,1,10,高橋,2024-10-22,5320
00937B,群益ESG投等債20,151,1,150,高橋,2024-10-23,5320
00938,凱基優選30,117,0,117,高橋,2024-10-23,5320
2303,聯電,94,1,93,高橋,2024-10-23,5320
00940,元大台灣價值高息,109,26,83,高橋,2024-10-23,5320
00921,兆豐龍頭等權重,80,0,80,高橋,2024-10-23,5320
00637L,元大滬深300正2,105,36,69,高橋,2024-10-23,5320
00919,群益台灣精選高息,64,13,51,高橋,2024-10-23,5320
4938,和碩,45,0,45,高橋,2024-10-23,5320
00878,國泰永續高股息,42,0,42,高橋,2024-10-23,5320
1605,華新,40,0,40,高橋,2024-10-23,5320
00687B,國泰20年美債,39,3,36,高橋,2024-10-23,5320
2312,金寶,38,4,34,高橋,2024-10-23,5320
6770,力積電,44,11,33,高橋,2024-10-23,5320
2314,台揚,33,0,33,高橋,2024-10-23,5320
00679B,元大美債20年,38,6,32,高橋,2024-10-23,5320
3041,揚智,31,0,31,高橋,2024-10-23,5320
00929,復華台灣科技優息,56,25,31,高橋,2024-10-23,5320
2313,華通,37,9,28,高橋,2024-10-23,5320
2329,華泰,52,24,28,高橋,2024-10-23,5320
6405,悅城,59,32,27,高橋,2024-10-23,5320
2618,長榮航,37,11,26,高橋,2024-10-23,5320
0056,元大高股息,36,10,26,高橋,2024-10-23,5320
1785,光洋科,29,6,23,高橋,2024-10-23,5320
00915,凱基優選高股息30,23,0,23,高橋,2024-10-23,5320
6005,群益證,22,0,22,高橋,2024-10-23,5320
4526,東台,41,20,21,高橋,2024-10-23,5320
00639,富邦深100,24,4,20,高橋,2024-10-23,5320
00932,兆豐永續高息等權,20,0,20,高橋,2024-10-23,5320
3520,華盈,26,6,20,高橋,2024-10-23,5320
2887,台新金,19,0,19,高橋,2024-10-23,5320
5488,松普,25,6,19,高橋,2024-10-23,5320
00712,復華富時不動產,19,0,19,高橋,2024-10-23,5320
3019,亞光,20,2,18,高橋,2024-10-23,5320
00887,永豐中國科技50大,31,14,17,高橋,2024-10-23,5320
2316,楠梓電,17,0,17,高橋,2024-10-23,5320
6151,晉倫,29,12,17,高橋,2024-10-23,5320
00918,大華優利高填息30,17,0,17,高橋,2024-10-23,5320
3372,典範,17,0,17,高橋,2024-10-23,5320
2886,兆豐金,17,0,17,高橋,2024-10-23,5320
5315,光聯,18,2,16,高橋,2024-10-23,5320
2399,映泰,52,36,16,高橋,2024-10-23,5320
2888,新光金,21,6,15,高橋,2024-10-23,5320
2431,聯昌,16,1,15,高橋,2024-10-23,5320
1540,喬福,15,0,15,高橋,2024-10-23,5320
00751B,元大AAA至A公司債,14,0,14,高橋,2024-10-23,5320
00665L,富邦�琤肭磪囓�2,30,16,14,高橋,2024-10-23,5320
3615,安可,13,1,12,高橋,2024-10-23,5320
2369,菱生,67,55,12,高橋,2024-10-23,5320
2601,益航,17,5,12,高橋,2024-10-23,5320
2367,燿華,12,0,12,高橋,2024-10-23,5320
2208,台船,120,0,120,高橋,2024-10-24,5320
00753L,中信中國50正2,110,2,108,高橋,2024-10-24,5320
00878,國泰永續高股息,108,3,105,高橋,2024-10-24,5320
2405,輔信,136,49,87,高橋,2024-10-24,5320
0056,元大高股息,90,10,80,高橋,2024-10-24,5320
00637L,元大滬深300正2,358,300,58,高橋,2024-10-24,5320
00929,復華台灣科技優息,60,4,56,高橋,2024-10-24,5320
00919,群益台灣精選高息,51,0,51,高橋,2024-10-24,5320
2312,金寶,49,5,44,高橋,2024-10-24,5320
3149,正達,42,3,39,高橋,2024-10-24,5320
6213,聯茂,42,5,37,高橋,2024-10-24,5320
2317,鴻海,50,15,35,高橋,2024-10-24,5320
00961,FT臺灣永續高息,35,0,35,高橋,2024-10-24,5320
6593,台灣銘板,35,1,34,高橋,2024-10-24,5320
2388,威盛,38,5,33,高橋,2024-10-24,5320
1309,台達化,30,0,30,高橋,2024-10-24,5320
00712,復華富時不動產,30,0,30,高橋,2024-10-24,5320
6215,和椿,37,7,30,高橋,2024-10-24,5320
2498,宏達電,28,0,28,高橋,2024-10-24,5320
2303,聯電,31,3,28,高橋,2024-10-24,5320
8033,雷虎,28,0,28,高橋,2024-10-24,5320
00679B,元大美債20年,33,6,27,高橋,2024-10-24,5320
00752,中信中國50,25,0,25,高橋,2024-10-24,5320
00915,凱基優選高股息30,24,0,24,高橋,2024-10-24,5320
6426,統新,22,0,22,高橋,2024-10-24,5320
2489,瑞軒,46,24,22,高橋,2024-10-24,5320
00946,群益科技高息成長,21,0,21,高橋,2024-10-24,5320
2401,凌陽,39,18,21,高橋,2024-10-24,5320
00938,凱基優選30,21,0,21,高橋,2024-10-24,5320
00650L,復華香港正2,21,0,21,高橋,2024-10-24,5320
3051,力特,20,0,20,高橋,2024-10-24,5320
3035,智原,19,0,19,高橋,2024-10-24,5320
2834,臺企銀,19,0,19,高橋,2024-10-24,5320
2486,一詮,31,13,18,高橋,2024-10-24,5320
6770,力積電,24,7,17,高橋,2024-10-24,5320
6104,創惟,19,2,17,高橋,2024-10-24,5320
3450,聯鈞,24,7,17,高橋,2024-10-24,5320
00680L,元大美債20正2,17,0,17,高橋,2024-10-24,5320
2002,中鋼,20,3,17,高橋,2024-10-24,5320
4510,高鋒,36,19,17,高橋,2024-10-24,5320
5493,三聯,16,0,16,高橋,2024-10-24,5320
00927,群益半導體收益,16,0,16,高橋,2024-10-24,5320
1584,精剛,16,0,16,高橋,2024-10-24,5320
8028,昇陽半導體,21,5,16,高橋,2024-10-24,5320
2382,廣達,28,12,16,高橋,2024-10-24,5320
3551,世禾,22,7,15,高橋,2024-10-24,5320
9904,寶成,20,5,15,高橋,2024-10-24,5320
4174,浩鼎,22,7,15,高橋,2024-10-24,5320
1597,直得,15,1,14,高橋,2024-10-24,5320
00715L,期街口布蘭特正2,15,1,14,高橋,2024-10-24,5320
2646,星宇航空,360,70,290,高橋,2024-10-25,5320
00632R,元大台灣50反1,163,0,163,高橋,2024-10-25,5320
8043,蜜望實,110,4,106,高橋,2024-10-25,5320
2515,中工,102,7,95,高橋,2024-10-25,5320
2303,聯電,69,1,68,高橋,2024-10-25,5320
00671R,富邦NASDAQ反1,57,0,57,高橋,2024-10-25,5320
2543,皇昌,66,18,48,高橋,2024-10-25,5320
1528,恩德,86,53,33,高橋,2024-10-25,5320
1536,和大,49,18,31,高橋,2024-10-25,5320
00706L,期元大S＆P日圓正2,30,0,30,高橋,2024-10-25,5320
2208,台船,30,0,30,高橋,2024-10-25,5320
8064,東捷,42,14,28,高橋,2024-10-25,5320
4109,加捷生醫,22,0,22,高橋,2024-10-25,5320
2498,宏達電,22,0,22,高橋,2024-10-25,5320
2369,菱生,22,1,21,高橋,2024-10-25,5320
1314,中石化,20,0,20,高橋,2024-10-25,5320
6770,力積電,50,30,20,高橋,2024-10-25,5320
00688L,國泰20年美債正2,20,2,18,高橋,2024-10-25,5320
6213,聯茂,19,2,17,高橋,2024-10-25,5320
2455,全新,16,0,16,高橋,2024-10-25,5320
00959B,大華投等美債15Y+,16,0,16,高橋,2024-10-25,5320
2388,威盛,25,9,16,高橋,2024-10-25,5320
3354,律勝,18,3,15,高橋,2024-10-25,5320
2408,南亞科,15,0,15,高橋,2024-10-25,5320
3710,連展投控,14,0,14,高橋,2024-10-25,5320
4562,穎漢,15,1,14,高橋,2024-10-25,5320
6405,悅城,33,19,14,高橋,2024-10-25,5320
00713,元大台灣高息低波,14,0,14,高橋,2024-10-25,5320
2845,遠東銀,13,0,13,高橋,2024-10-25,5320
9958,世紀鋼,14,1,13,高橋,2024-10-25,5320
8249,菱光,25,12,13,高橋,2024-10-25,5320
00900,富邦特選高股息30,12,0,12,高橋,2024-10-25,5320
00679B,元大美債20年,13,1,12,高橋,2024-10-25,5320
3580,友威科,33,22,11,高橋,2024-10-25,5320
1605,華新,16,5,11,高橋,2024-10-25,5320
1101,台泥,11,0,11,高橋,2024-10-25,5320
0056,元大高股息,11,0,11,高橋,2024-10-25,5320
1785,光洋科,22,11,11,高橋,2024-10-25,5320
1721,三晃,19,9,10,高橋,2024-10-25,5320
3380,明泰,10,0,10,高橋,2024-10-25,5320
1616,億泰,10,0,10,高橋,2024-10-25,5320
6005,群益證,10,0,10,高橋,2024-10-25,5320
3605,宏致,10,0,10,高橋,2024-10-25,5320
5202,力新,13,3,10,高橋,2024-10-25,5320
6257,矽格,10,0,10,高橋,2024-10-25,5320
6125,廣運,10,0,10,高橋,2024-10-25,5320
6548,長科*,10,0,10,高橋,2024-10-25,5320
6244,茂迪,10,0,10,高橋,2024-10-25,5320
2633,台灣高鐵,10,0,10,高橋,2024-10-25,5320
6443,元晶,10,0,10,高橋,2024-10-25,5320
2646,星宇航空,247,44,203,高橋,2024-10-28,5320
00959B,大華投等美債15Y+,191,0,191,高橋,2024-10-28,5320
00680L,元大美債20正2,184,10,174,高橋,2024-10-28,5320
00937B,群益ESG投等債20,80,0,80,高橋,2024-10-28,5320
00687B,國泰20年美債,100,22,78,高橋,2024-10-28,5320
00720B,元大投資級公司債,66,0,66,高橋,2024-10-28,5320
1584,精剛,59,0,59,高橋,2024-10-28,5320
00679B,元大美債20年,65,7,58,高橋,2024-10-28,5320
2303,聯電,87,30,57,高橋,2024-10-28,5320
2208,台船,50,1,49,高橋,2024-10-28,5320
00938,凱基優選30,46,0,46,高橋,2024-10-28,5320
6770,力積電,58,15,43,高橋,2024-10-28,5320
00688L,國泰20年美債正2,42,0,42,高橋,2024-10-28,5320
4109,加捷生醫,40,0,40,高橋,2024-10-28,5320
00712,復華富時不動產,42,5,37,高橋,2024-10-28,5320
00665L,富邦�琤肭磪囓�2,36,0,36,高橋,2024-10-28,5320
00878,國泰永續高股息,51,15,36,高橋,2024-10-28,5320
00919,群益台灣精選高息,36,1,35,高橋,2024-10-28,5320
6288,聯嘉,52,18,34,高橋,2024-10-28,5320
00753L,中信中國50正2,30,1,29,高橋,2024-10-28,5320
1301,台塑,37,10,27,高橋,2024-10-28,5320
00946,群益科技高息成長,25,0,25,高橋,2024-10-28,5320
2302,麗正,25,0,25,高橋,2024-10-28,5320
3040,遠見,26,3,23,高橋,2024-10-28,5320
2312,金寶,35,13,22,高橋,2024-10-28,5320
00795B,中信美國公債20年,20,0,20,高橋,2024-10-28,5320
00725B,國泰投資級公司債,20,0,20,高橋,2024-10-28,5320
2887,台新金,20,0,20,高橋,2024-10-28,5320
1522,堤維西,20,0,20,高橋,2024-10-28,5320
2399,映泰,31,13,18,高橋,2024-10-28,5320
2349,錸德,21,3,18,高橋,2024-10-28,5320
1528,恩德,78,61,17,高橋,2024-10-28,5320
00751B,元大AAA至A公司債,17,0,17,高橋,2024-10-28,5320
3231,緯創,56,39,17,高橋,2024-10-28,5320
0056,元大高股息,23,7,16,高橋,2024-10-28,5320
5386,青雲,19,4,15,高橋,2024-10-28,5320
2477,美隆電,20,5,15,高橋,2024-10-28,5320
00715L,期街口布蘭特正2,16,1,15,高橋,2024-10-28,5320
6152,百一,14,0,14,高橋,2024-10-28,5320
00642U,期元大S＆P石油,14,0,14,高橋,2024-10-28,5320
4545,銘鈺,13,0,13,高橋,2024-10-28,5320
3049,精金,13,1,12,高橋,2024-10-28,5320
00948B,中信優息投資級債,12,0,12,高橋,2024-10-28,5320
8064,東捷,20,8,12,高橋,2024-10-28,5320
00772B,中信高評級公司債,11,0,11,高橋,2024-10-28,5320
8074,鉅橡,17,6,11,高橋,2024-10-28,5320
2883,凱基金,11,0,11,高橋,2024-10-28,5320
3710,連展投控,10,0,10,高橋,2024-10-28,5320
00918,大華優利高填息30,10,0,10,高橋,2024-10-28,5320
6426,統新,11,1,10,高橋,2024-10-28,5320
00919,群益台灣精選高息,237,31,206,高橋,2024-10-29,5320
00929,復華台灣科技優息,198,16,182,高橋,2024-10-29,5320
00940,元大台灣價值高息,142,11,131,高橋,2024-10-29,5320
00878,國泰永續高股息,109,11,98,高橋,2024-10-29,5320
2888,新光金,113,31,82,高橋,2024-10-29,5320
0056,元大高股息,81,5,76,高橋,2024-10-29,5320
2646,星宇航空,110,35,75,高橋,2024-10-29,5320
00680L,元大美債20正2,71,0,71,高橋,2024-10-29,5320
2303,聯電,81,13,68,高橋,2024-10-29,5320
00918,大華優利高填息30,64,0,64,高橋,2024-10-29,5320
5315,光聯,50,0,50,高橋,2024-10-29,5320
3481,群創,57,7,50,高橋,2024-10-29,5320
00934,中信成長高股息,46,0,46,高橋,2024-10-29,5320
00877,復華中國5G,45,0,45,高橋,2024-10-29,5320
00887,永豐中國科技50大,52,14,38,高橋,2024-10-29,5320
2413,環科,42,4,38,高橋,2024-10-29,5320
00715L,期街口布蘭特正2,37,0,37,高橋,2024-10-29,5320
00946,群益科技高息成長,34,0,34,高橋,2024-10-29,5320
6288,聯嘉,35,2,33,高橋,2024-10-29,5320
6026,福邦證,30,0,30,高橋,2024-10-29,5320
2449,京元電子,27,0,27,高橋,2024-10-29,5320
00713,元大台灣高息低波,26,0,26,高橋,2024-10-29,5320
2102,泰豐,26,0,26,高橋,2024-10-29,5320
2834,臺企銀,28,2,26,高橋,2024-10-29,5320
00922,國泰台灣領袖50,26,1,25,高橋,2024-10-29,5320
2883,凱基金,31,7,24,高橋,2024-10-29,5320
1326,台化,23,0,23,高橋,2024-10-29,5320
1608,華榮,22,0,22,高橋,2024-10-29,5320
00938,凱基優選30,22,0,22,高橋,2024-10-29,5320
4109,加捷生醫,22,0,22,高橋,2024-10-29,5320
00915,凱基優選高股息30,23,1,22,高橋,2024-10-29,5320
1584,精剛,21,0,21,高橋,2024-10-29,5320
2820,華票,21,0,21,高橋,2024-10-29,5320
2392,正崴,24,3,21,高橋,2024-10-29,5320
00959B,大華投等美債15Y+,30,10,20,高橋,2024-10-29,5320
00927,群益半導體收益,18,0,18,高橋,2024-10-29,5320
2363,矽統,22,4,18,高橋,2024-10-29,5320
00637L,元大滬深300正2,21,3,18,高橋,2024-10-29,5320
2609,陽明,56,40,16,高橋,2024-10-29,5320
00905,FT臺灣Smart,17,1,16,高橋,2024-10-29,5320
2887,台新金,16,0,16,高橋,2024-10-29,5320
3715,定穎投控,22,7,15,高橋,2024-10-29,5320
2382,廣達,23,8,15,高橋,2024-10-29,5320
2929,淘帝-KY,15,0,15,高橋,2024-10-29,5320
2353,宏��,29,14,15,高橋,2024-10-29,5320
2402,毅嘉,15,0,15,高橋,2024-10-29,5320
2330,台積電,22,7,15,高橋,2024-10-29,5320
3356,奇偶,15,1,14,高橋,2024-10-29,5320
6235,華孚,20,7,13,高橋,2024-10-29,5320
3149,正達,13,0,13,高橋,2024-10-29,5320
3062,建漢,143,12,131,高橋,2024-10-30,5320
2405,輔信,101,1,100,高橋,2024-10-30,5320
00878,國泰永續高股息,79,0,79,高橋,2024-10-30,5320
00753L,中信中國50正2,79,10,69,高橋,2024-10-30,5320
00919,群益台灣精選高息,83,17,66,高橋,2024-10-30,5320
00929,復華台灣科技優息,64,8,56,高橋,2024-10-30,5320
1605,華新,47,0,47,高橋,2024-10-30,5320
00940,元大台灣價值高息,51,5,46,高橋,2024-10-30,5320
00712,復華富時不動產,41,0,41,高橋,2024-10-30,5320
2105,正新,40,0,40,高橋,2024-10-30,5320
00882,中信中國高股息,45,5,40,高橋,2024-10-30,5320
1528,恩德,94,55,39,高橋,2024-10-30,5320
2313,華通,48,10,38,高橋,2024-10-30,5320
3209,全科,40,2,38,高橋,2024-10-30,5320
3704,合勤控,46,8,38,高橋,2024-10-30,5320
2303,聯電,70,32,38,高橋,2024-10-30,5320
00665L,富邦�琤肭磪囓�2,45,10,35,高橋,2024-10-30,5320
2498,宏達電,36,2,34,高橋,2024-10-30,5320
2399,映泰,46,13,33,高橋,2024-10-30,5320
2349,錸德,38,7,31,高橋,2024-10-30,5320
2882,國泰金,30,0,30,高橋,2024-10-30,5320
00939,統一台灣高息動能,30,0,30,高橋,2024-10-30,5320
2431,聯昌,45,16,29,高橋,2024-10-30,5320
00637L,元大滬深300正2,33,8,25,高橋,2024-10-30,5320
2317,鴻海,73,48,25,高橋,2024-10-30,5320
2102,泰豐,23,0,23,高橋,2024-10-30,5320
6257,矽格,21,0,21,高橋,2024-10-30,5320
1536,和大,21,0,21,高橋,2024-10-30,5320
4303,信立,20,0,20,高橋,2024-10-30,5320
4109,加捷生醫,20,0,20,高橋,2024-10-30,5320
2511,太子,16,0,16,高橋,2024-10-30,5320
1314,中石化,16,0,16,高橋,2024-10-30,5320
1301,台塑,18,2,16,高橋,2024-10-30,5320
2337,旺宏,17,3,14,高橋,2024-10-30,5320
2646,星宇航空,35,21,14,高橋,2024-10-30,5320
4919,新唐,45,31,14,高橋,2024-10-30,5320
3481,群創,141,128,13,高橋,2024-10-30,5320
2363,矽統,33,20,13,高橋,2024-10-30,5320
00946,群益科技高息成長,13,0,13,高橋,2024-10-30,5320
00632R,元大台灣50反1,20,7,13,高橋,2024-10-30,5320
2845,遠東銀,12,0,12,高橋,2024-10-30,5320
00934,中信成長高股息,12,0,12,高橋,2024-10-30,5320
2208,台船,12,0,12,高橋,2024-10-30,5320
2495,普安,12,0,12,高橋,2024-10-30,5320
3710,連展投控,12,0,12,高橋,2024-10-30,5320
8064,東捷,23,11,12,高橋,2024-10-30,5320
6284,佳邦,17,5,12,高橋,2024-10-30,5320
4526,東台,12,0,12,高橋,2024-10-30,5320
2887,台新金,13,1,12,高橋,2024-10-30,5320
6658,聯策,11,0,11,高橋,2024-10-30,5320
00940,元大台灣價值高息,566,11,555,高橋,2024-11-01,5320
00712,復華富時不動產,268,2,266,高橋,2024-11-01,5320
00929,復華台灣科技優息,128,15,113,高橋,2024-11-01,5320
00919,群益台灣精選高息,114,9,105,高橋,2024-11-01,5320
2303,聯電,130,26,104,高橋,2024-11-01,5320
2845,遠東銀,55,0,55,高橋,2024-11-01,5320
2105,正新,55,0,55,高橋,2024-11-01,5320
2882,國泰金,55,2,53,高橋,2024-11-01,5320
00680L,元大美債20正2,51,0,51,高橋,2024-11-01,5320
00688L,國泰20年美債正2,56,5,51,高橋,2024-11-01,5320
2317,鴻海,89,41,48,高橋,2024-11-01,5320
0056,元大高股息,50,3,47,高橋,2024-11-01,5320
3149,正達,48,1,47,高橋,2024-11-01,5320
00878,國泰永續高股息,54,8,46,高橋,2024-11-01,5320
2883,凱基金,50,7,43,高橋,2024-11-01,5320
00915,凱基優選高股息30,40,0,40,高橋,2024-11-01,5320
2329,華泰,34,1,33,高橋,2024-11-01,5320
2354,鴻準,133,102,31,高橋,2024-11-01,5320
2646,星宇航空,38,8,30,高橋,2024-11-01,5320
00953B,群益優選非投等債,30,0,30,高橋,2024-11-01,5320
3013,晟銘電,36,8,28,高橋,2024-11-01,5320
8112,至上,27,0,27,高橋,2024-11-01,5320
2337,旺宏,29,2,27,高橋,2024-11-01,5320
3062,建漢,38,14,24,高橋,2024-11-01,5320
6770,力積電,46,23,23,高橋,2024-11-01,5320
3444,利機,21,0,21,高橋,2024-11-01,5320
2820,華票,20,0,20,高橋,2024-11-01,5320
00943,兆豐電子高息等權,20,0,20,高橋,2024-11-01,5320
00938,凱基優選30,19,0,19,高橋,2024-11-01,5320
00713,元大台灣高息低波,18,0,18,高橋,2024-11-01,5320
00934,中信成長高股息,18,0,18,高橋,2024-11-01,5320
00946,群益科技高息成長,17,0,17,高橋,2024-11-01,5320
2543,皇昌,44,27,17,高橋,2024-11-01,5320
2498,宏達電,15,0,15,高橋,2024-11-01,5320
00918,大華優利高填息30,22,7,15,高橋,2024-11-01,5320
2349,錸德,26,11,15,高橋,2024-11-01,5320
00927,群益半導體收益,15,0,15,高橋,2024-11-01,5320
5880,合庫金,20,5,15,高橋,2024-11-01,5320
6505,台塑化,15,0,15,高橋,2024-11-01,5320
8111,立��,25,11,14,高橋,2024-11-01,5320
1301,台塑,17,3,14,高橋,2024-11-01,5320
6152,百一,14,0,14,高橋,2024-11-01,5320
3049,精金,15,2,13,高橋,2024-11-01,5320
1101,台泥,16,4,12,高橋,2024-11-01,5320
3324,雙鴻,16,4,12,高橋,2024-11-01,5320
2912,統一超,11,0,11,高橋,2024-11-01,5320
5871,中租-KY,10,0,10,高橋,2024-11-01,5320
2330,台積電,16,6,10,高橋,2024-11-01,5320
2402,毅嘉,10,0,10,高橋,2024-11-01,5320
3202,樺晟,10,0,10,高橋,2024-11-01,5320
00948B,中信優息投資級債,229,0,229,高橋,2024-11-04,5320
00878,國泰永續高股息,221,33,188,高橋,2024-11-04,5320
00919,群益台灣精選高息,190,12,178,高橋,2024-11-04,5320
2646,星宇航空,145,7,138,高橋,2024-11-04,5320
1528,恩德,112,29,83,高橋,2024-11-04,5320
00679B,元大美債20年,53,0,53,高橋,2024-11-04,5320
6288,聯嘉,52,0,52,高橋,2024-11-04,5320
00930,永豐ESG低碳高息,51,0,51,高橋,2024-11-04,5320
00712,復華富時不動產,52,2,50,高橋,2024-11-04,5320
2241,艾姆勒,51,2,49,高橋,2024-11-04,5320
0056,元大高股息,48,4,44,高橋,2024-11-04,5320
2609,陽明,73,30,43,高橋,2024-11-04,5320
6005,群益證,42,0,42,高橋,2024-11-04,5320
00940,元大台灣價值高息,70,31,39,高橋,2024-11-04,5320
8021,尖點,47,9,38,高橋,2024-11-04,5320
00937B,群益ESG投等債20,55,23,32,高橋,2024-11-04,5320
2615,萬海,84,53,31,高橋,2024-11-04,5320
2515,中工,28,0,28,高橋,2024-11-04,5320
00932,兆豐永續高息等權,28,0,28,高橋,2024-11-04,5320
00918,大華優利高填息30,30,5,25,高橋,2024-11-04,5320
2337,旺宏,26,2,24,高橋,2024-11-04,5320
00933B,國泰10Y+金融債,32,10,22,高橋,2024-11-04,5320
1815,富喬,31,10,21,高橋,2024-11-04,5320
00945B,凱基美國非投等債,21,0,21,高橋,2024-11-04,5320
2867,三商壽,20,0,20,高橋,2024-11-04,5320
3686,達能,20,0,20,高橋,2024-11-04,5320
6216,居易,22,2,20,高橋,2024-11-04,5320
0061,元大寶滬深,19,0,19,高橋,2024-11-04,5320
2537,聯上發,22,5,17,高橋,2024-11-04,5320
2524,京城,17,0,17,高橋,2024-11-04,5320
3149,正達,16,1,15,高橋,2024-11-04,5320
3605,宏致,15,0,15,高橋,2024-11-04,5320
4919,新唐,18,3,15,高橋,2024-11-04,5320
4109,加捷生醫,15,0,15,高橋,2024-11-04,5320
00934,中信成長高股息,15,0,15,高橋,2024-11-04,5320
3019,亞光,18,4,14,高橋,2024-11-04,5320
2409,友達,15,1,14,高橋,2024-11-04,5320
2543,皇昌,28,15,13,高橋,2024-11-04,5320
2369,菱生,14,1,13,高橋,2024-11-04,5320
00891,中信關鍵半導體,13,0,13,高橋,2024-11-04,5320
00680L,元大美債20正2,73,60,13,高橋,2024-11-04,5320
2303,聯電,50,38,12,高橋,2024-11-04,5320
00713,元大台灣高息低波,12,0,12,高橋,2024-11-04,5320
4968,立積,12,0,12,高橋,2024-11-04,5320
1216,統一,12,0,12,高橋,2024-11-04,5320
00715L,期街口布蘭特正2,12,0,12,高橋,2024-11-04,5320
00688L,國泰20年美債正2,12,0,12,高橋,2024-11-04,5320
00650L,復華香港正2,11,0,11,高橋,2024-11-04,5320
6213,聯茂,11,0,11,高橋,2024-11-04,5320
4938,和碩,10,0,10,高橋,2024-11-04,5320
2515,中工,438,2,436,高橋,2024-11-05,5320
00919,群益台灣精選高息,108,2,106,高橋,2024-11-05,5320
00943,兆豐電子高息等權,99,0,99,高橋,2024-11-05,5320
3049,精金,100,12,88,高橋,2024-11-05,5320
00887,永豐中國科技50大,77,20,57,高橋,2024-11-05,5320
4956,光鋐,78,21,57,高橋,2024-11-05,5320
2303,聯電,97,45,52,高橋,2024-11-05,5320
00878,國泰永續高股息,56,5,51,高橋,2024-11-05,5320
00632R,元大台灣50反1,70,26,44,高橋,2024-11-05,5320
2354,鴻準,129,91,38,高橋,2024-11-05,5320
00940,元大台灣價值高息,42,10,32,高橋,2024-11-05,5320
2646,星宇航空,37,7,30,高橋,2024-11-05,5320
3686,達能,30,0,30,高橋,2024-11-05,5320
6550,北極星藥業-KY,30,1,29,高橋,2024-11-05,5320
2834,臺企銀,29,0,29,高橋,2024-11-05,5320
00929,復華台灣科技優息,51,24,27,高橋,2024-11-05,5320
00915,凱基優選高股息30,22,0,22,高橋,2024-11-05,5320
1340,勝悅-KY,20,0,20,高橋,2024-11-05,5320
4303,信立,20,0,20,高橋,2024-11-05,5320
0056,元大高股息,26,7,19,高橋,2024-11-05,5320
00932,兆豐永續高息等權,16,0,16,高橋,2024-11-05,5320
3490,單井,16,1,15,高橋,2024-11-05,5320
2241,艾姆勒,15,0,15,高橋,2024-11-05,5320
2641,正德,17,3,14,高橋,2024-11-05,5320
00687B,國泰20年美債,14,0,14,高橋,2024-11-05,5320
2431,聯昌,39,25,14,高橋,2024-11-05,5320
00643,群益深証中小,16,2,14,高橋,2024-11-05,5320
6770,力積電,14,0,14,高橋,2024-11-05,5320
00930,永豐ESG低碳高息,13,0,13,高橋,2024-11-05,5320
00712,復華富時不動產,13,0,13,高橋,2024-11-05,5320
2328,廣宇,16,4,12,高橋,2024-11-05,5320
6278,台表科,18,6,12,高橋,2024-11-05,5320
00713,元大台灣高息低波,11,0,11,高橋,2024-11-05,5320
2408,南亞科,15,4,11,高橋,2024-11-05,5320
6116,彩晶,11,0,11,高橋,2024-11-05,5320
2405,輔信,11,0,11,高橋,2024-11-05,5320
00891,中信關鍵半導體,10,0,10,高橋,2024-11-05,5320
00959B,大華投等美債15Y+,10,0,10,高橋,2024-11-05,5320
00933B,國泰10Y+金融債,10,0,10,高橋,2024-11-05,5320
1595,川寶,12,2,10,高橋,2024-11-05,5320
4167,松瑞藥,10,0,10,高橋,2024-11-05,5320
3202,樺晟,10,0,10,高橋,2024-11-05,5320
6215,和椿,10,0,10,高橋,2024-11-05,5320
00918,大華優利高填息30,9,0,9,高橋,2024-11-05,5320
6005,群益證,9,0,9,高橋,2024-11-05,5320
2601,益航,10,1,9,高橋,2024-11-05,5320
2892,第一金,9,0,9,高橋,2024-11-05,5320
3149,正達,47,39,8,高橋,2024-11-05,5320
2890,永豐金,9,1,8,高橋,2024-11-05,5320
3289,宜特,9,1,8,高橋,2024-11-05,5320
00943,兆豐電子高息等權,712,0,712,高橋,2024-11-06,5320
00679B,元大美債20年,216,3,213,高橋,2024-11-06,5320
00680L,元大美債20正2,264,113,151,高橋,2024-11-06,5320
00878,國泰永續高股息,153,27,126,高橋,2024-11-06,5320
00632R,元大台灣50反1,110,0,110,高橋,2024-11-06,5320
00753L,中信中國50正2,109,6,103,高橋,2024-11-06,5320
00688L,國泰20年美債正2,97,0,97,高橋,2024-11-06,5320
00687B,國泰20年美債,106,23,83,高橋,2024-11-06,5320
2515,中工,83,0,83,高橋,2024-11-06,5320
00637L,元大滬深300正2,66,11,55,高橋,2024-11-06,5320
00646,元大S＆P500,50,0,50,高橋,2024-11-06,5320
00665L,富邦�琤肭磪囓�2,49,0,49,高橋,2024-11-06,5320
9904,寶成,48,1,47,高橋,2024-11-06,5320
2303,聯電,83,42,41,高橋,2024-11-06,5320
00915,凱基優選高股息30,39,0,39,高橋,2024-11-06,5320
6213,聯茂,38,0,38,高橋,2024-11-06,5320
00706L,期元大S＆P日圓正2,35,0,35,高橋,2024-11-06,5320
3049,精金,34,1,33,高橋,2024-11-06,5320
2887,台新金,31,0,31,高橋,2024-11-06,5320
2615,萬海,42,13,29,高橋,2024-11-06,5320
3481,群創,39,10,29,高橋,2024-11-06,5320
4306,炎洲,25,0,25,高橋,2024-11-06,5320
4956,光鋐,36,15,21,高橋,2024-11-06,5320
2409,友達,21,0,21,高橋,2024-11-06,5320
2883,凱基金,21,1,20,高橋,2024-11-06,5320
8085,福華,20,0,20,高橋,2024-11-06,5320
2890,永豐金,20,0,20,高橋,2024-11-06,5320
2884,玉山金,20,1,19,高橋,2024-11-06,5320
2609,陽明,51,32,19,高橋,2024-11-06,5320
1605,華新,18,0,18,高橋,2024-11-06,5320
0056,元大高股息,22,4,18,高橋,2024-11-06,5320
2399,映泰,24,7,17,高橋,2024-11-06,5320
1540,喬福,17,0,17,高橋,2024-11-06,5320
4743,合一,18,1,17,高橋,2024-11-06,5320
00720B,元大投資級公司債,16,0,16,高橋,2024-11-06,5320
2302,麗正,16,0,16,高橋,2024-11-06,5320
2337,旺宏,16,0,16,高橋,2024-11-06,5320
00752,中信中國50,23,8,15,高橋,2024-11-06,5320
1808,潤隆,18,3,15,高橋,2024-11-06,5320
00960,野村全球航運龍頭,15,0,15,高橋,2024-11-06,5320
5490,同亨,15,0,15,高橋,2024-11-06,5320
2739,寒舍,15,0,15,高橋,2024-11-06,5320
1721,三晃,18,4,14,高橋,2024-11-06,5320
5315,光聯,15,1,14,高橋,2024-11-06,5320
00922,國泰台灣領袖50,16,2,14,高橋,2024-11-06,5320
8027,鈦昇,17,3,14,高橋,2024-11-06,5320
00940,元大台灣價值高息,34,21,13,高橋,2024-11-06,5320
2431,聯昌,35,23,12,高橋,2024-11-06,5320
2477,美隆電,11,0,11,高橋,2024-11-06,5320
1789,神隆,11,0,11,高橋,2024-11-06,5320
00878,國泰永續高股息,268,110,158,高橋,2024-11-07,5320
00943,兆豐電子高息等權,149,3,146,高橋,2024-11-07,5320
6180,橘子,50,1,49,高橋,2024-11-07,5320
00679B,元大美債20年,46,4,42,高橋,2024-11-07,5320
2344,華邦電,47,13,34,高橋,2024-11-07,5320
1309,台達化,31,0,31,高橋,2024-11-07,5320
2353,宏��,49,18,31,高橋,2024-11-07,5320
1584,精剛,34,4,30,高橋,2024-11-07,5320
2892,第一金,29,1,28,高橋,2024-11-07,5320
2329,華泰,36,9,27,高橋,2024-11-07,5320
4534,慶騰,25,0,25,高橋,2024-11-07,5320
00858,永豐美國500大,25,0,25,高橋,2024-11-07,5320
2615,萬海,50,26,24,高橋,2024-11-07,5320
00930,永豐ESG低碳高息,24,0,24,高橋,2024-11-07,5320
2367,燿華,33,10,23,高橋,2024-11-07,5320
2399,映泰,31,10,21,高橋,2024-11-07,5320
2630,亞航,20,0,20,高橋,2024-11-07,5320
1721,三晃,31,12,19,高橋,2024-11-07,5320
2102,泰豐,17,0,17,高橋,2024-11-07,5320
6153,嘉聯益,20,3,17,高橋,2024-11-07,5320
00932,兆豐永續高息等權,16,0,16,高橋,2024-11-07,5320
00919,群益台灣精選高息,26,11,15,高橋,2024-11-07,5320
2890,永豐金,20,5,15,高橋,2024-11-07,5320
00713,元大台灣高息低波,14,0,14,高橋,2024-11-07,5320
00688L,國泰20年美債正2,21,8,13,高橋,2024-11-07,5320
1540,喬福,23,10,13,高橋,2024-11-07,5320
1314,中石化,20,7,13,高橋,2024-11-07,5320
8044,網家,13,0,13,高橋,2024-11-07,5320
2328,廣宇,18,6,12,高橋,2024-11-07,5320
3078,僑威,12,0,12,高橋,2024-11-07,5320
00931B,統一美債20年,12,0,12,高橋,2024-11-07,5320
2014,中鴻,17,6,11,高橋,2024-11-07,5320
00712,復華富時不動產,10,0,10,高橋,2024-11-07,5320
00706L,期元大S＆P日圓正2,10,0,10,高橋,2024-11-07,5320
1409,新纖,10,0,10,高橋,2024-11-07,5320
00669R,國泰美國道瓊反1,10,0,10,高橋,2024-11-07,5320
1711,永光,15,5,10,高橋,2024-11-07,5320
1568,倉佑,10,0,10,高橋,2024-11-07,5320
4562,穎漢,11,1,10,高橋,2024-11-07,5320
5014,建錩,14,4,10,高橋,2024-11-07,5320
1734,杏輝,10,0,10,高橋,2024-11-07,5320
1789,神隆,10,0,10,高橋,2024-11-07,5320
00687B,國泰20年美債,12,3,9,高橋,2024-11-07,5320
2851,中再保,10,1,9,高橋,2024-11-07,5320
3230,錦明,12,3,9,高橋,2024-11-07,5320
1539,巨庭,9,0,9,高橋,2024-11-07,5320
8996,高力,8,0,8,高橋,2024-11-07,5320
5460,同協,11,3,8,高橋,2024-11-07,5320
00680L,元大美債20正2,8,0,8,高橋,2024-11-07,5320
00639,富邦深100,10,2,8,高橋,2024-11-07,5320
00943,兆豐電子高息等權,365,2,363,高橋,2024-11-08,5320
00671R,富邦NASDAQ反1,163,0,163,高橋,2024-11-08,5320
00878,國泰永續高股息,111,17,94,高橋,2024-11-08,5320
1711,永光,72,0,72,高橋,2024-11-08,5320
2353,宏��,71,3,68,高橋,2024-11-08,5320
2646,星宇航空,72,10,62,高橋,2024-11-08,5320
00919,群益台灣精選高息,59,6,53,高橋,2024-11-08,5320
00664R,國泰臺灣加權反1,50,0,50,高橋,2024-11-08,5320
8176,智捷,50,0,50,高橋,2024-11-08,5320
2615,萬海,126,79,47,高橋,2024-11-08,5320
2867,三商壽,40,0,40,高橋,2024-11-08,5320
2618,長榮航,55,20,35,高橋,2024-11-08,5320
2388,威盛,40,6,34,高橋,2024-11-08,5320
1815,富喬,38,5,33,高橋,2024-11-08,5320
9904,寶成,30,0,30,高橋,2024-11-08,5320
0056,元大高股息,47,20,27,高橋,2024-11-08,5320
00922,國泰台灣領袖50,30,3,27,高橋,2024-11-08,5320
00930,永豐ESG低碳高息,24,0,24,高橋,2024-11-08,5320
4306,炎洲,22,0,22,高橋,2024-11-08,5320
2377,微星,21,0,21,高橋,2024-11-08,5320
2241,艾姆勒,21,0,21,高橋,2024-11-08,5320
4743,合一,21,0,21,高橋,2024-11-08,5320
1217,愛之味,20,0,20,高橋,2024-11-08,5320
00687B,國泰20年美債,24,4,20,高橋,2024-11-08,5320
2349,錸德,23,3,20,高橋,2024-11-08,5320
8085,福華,20,0,20,高橋,2024-11-08,5320
8103,瀚荃,20,0,20,高橋,2024-11-08,5320
8155,博智,20,0,20,高橋,2024-11-08,5320
2368,金像電,21,2,19,高橋,2024-11-08,5320
2363,矽統,26,9,17,高橋,2024-11-08,5320
6505,台塑化,21,5,16,高橋,2024-11-08,5320
9958,世紀鋼,29,14,15,高橋,2024-11-08,5320
3037,欣興,32,17,15,高橋,2024-11-08,5320
4174,浩鼎,18,3,15,高橋,2024-11-08,5320
2328,廣宇,29,14,15,高橋,2024-11-08,5320
6856,鑫傳,15,0,15,高橋,2024-11-08,5320
2892,第一金,25,10,15,高橋,2024-11-08,5320
2397,友通,14,0,14,高橋,2024-11-08,5320
2313,華通,20,7,13,高橋,2024-11-08,5320
3024,憶聲,13,0,13,高橋,2024-11-08,5320
2477,美隆電,14,1,13,高橋,2024-11-08,5320
8070,長華*,13,0,13,高橋,2024-11-08,5320
4109,加捷生醫,13,0,13,高橋,2024-11-08,5320
6415,矽力*-KY,13,0,13,高橋,2024-11-08,5320
2392,正崴,58,46,12,高橋,2024-11-08,5320
00946,群益科技高息成長,12,0,12,高橋,2024-11-08,5320
2406,國碩,12,0,12,高橋,2024-11-08,5320
4157,太景*-KY,12,0,12,高橋,2024-11-08,5320
2431,聯昌,14,2,12,高橋,2024-11-08,5320
5243,乙盛-KY,13,1,12,高橋,2024-11-08,5320
00878,國泰永續高股息,387,207,180,高橋,2024-11-11,5320
00753L,中信中國50正2,184,10,174,高橋,2024-11-11,5320
00943,兆豐電子高息等權,144,0,144,高橋,2024-11-11,5320
2208,台船,101,0,101,高橋,2024-11-11,5320
00958B,永豐ESG銀行債15,100,0,100,高橋,2024-11-11,5320
2646,星宇航空,93,4,89,高橋,2024-11-11,5320
2303,聯電,104,19,85,高橋,2024-11-11,5320
2834,臺企銀,73,4,69,高橋,2024-11-11,5320
00637L,元大滬深300正2,67,3,64,高橋,2024-11-11,5320
2408,南亞科,62,0,62,高橋,2024-11-11,5320
9958,世紀鋼,61,4,57,高橋,2024-11-11,5320
00915,凱基優選高股息30,52,0,52,高橋,2024-11-11,5320
4167,松瑞藥,45,0,45,高橋,2024-11-11,5320
2353,宏��,56,13,43,高橋,2024-11-11,5320
1584,精剛,43,2,41,高橋,2024-11-11,5320
0056,元大高股息,43,2,41,高橋,2024-11-11,5320
6152,百一,40,0,40,高橋,2024-11-11,5320
00927,群益半導體收益,40,0,40,高橋,2024-11-11,5320
2609,陽明,100,60,40,高橋,2024-11-11,5320
2882,國泰金,38,0,38,高橋,2024-11-11,5320
00919,群益台灣精選高息,32,1,31,高橋,2024-11-11,5320
1815,富喬,39,9,30,高橋,2024-11-11,5320
1582,信錦,29,0,29,高橋,2024-11-11,5320
2337,旺宏,27,0,27,高橋,2024-11-11,5320
1605,華新,27,0,27,高橋,2024-11-11,5320
3062,建漢,64,37,27,高橋,2024-11-11,5320
4510,高鋒,31,5,26,高橋,2024-11-11,5320
3231,緯創,61,35,26,高橋,2024-11-11,5320
00665L,富邦�琤肭磪囓�2,50,25,25,高橋,2024-11-11,5320
2392,正崴,37,13,24,高橋,2024-11-11,5320
6180,橘子,24,0,24,高橋,2024-11-11,5320
6141,柏承,22,0,22,高橋,2024-11-11,5320
2377,微星,23,1,22,高橋,2024-11-11,5320
00687B,國泰20年美債,28,7,21,高橋,2024-11-11,5320
00932,兆豐永續高息等權,21,0,21,高橋,2024-11-11,5320
1714,和桐,20,0,20,高橋,2024-11-11,5320
1309,台達化,20,0,20,高橋,2024-11-11,5320
2887,台新金,20,0,20,高橋,2024-11-11,5320
2486,一詮,24,4,20,高橋,2024-11-11,5320
2615,萬海,41,22,19,高橋,2024-11-11,5320
5464,霖宏,19,0,19,高橋,2024-11-11,5320
6191,精成科,18,1,17,高橋,2024-11-11,5320
1776,展宇,17,0,17,高橋,2024-11-11,5320
3705,永信,28,12,16,高橋,2024-11-11,5320
4562,穎漢,15,0,15,高橋,2024-11-11,5320
2312,金寶,36,21,15,高橋,2024-11-11,5320
3049,精金,20,6,14,高橋,2024-11-11,5320
00882,中信中國高股息,13,0,13,高橋,2024-11-11,5320
00934,中信成長高股息,13,0,13,高橋,2024-11-11,5320
2359,所羅門,15,3,12,高橋,2024-11-11,5320
00929,復華台灣科技優息,497,33,464,高橋,2024-11-12,5320
00878,國泰永續高股息,349,36,313,高橋,2024-11-12,5320
2208,台船,200,1,199,高橋,2024-11-12,5320
1216,統一,121,2,119,高橋,2024-11-12,5320
2356,英業達,164,67,97,高橋,2024-11-12,5320
2888,新光金,103,13,90,高橋,2024-11-12,5320
0056,元大高股息,75,0,75,高橋,2024-11-12,5320
00665L,富邦�琤肭磪囓�2,65,0,65,高橋,2024-11-12,5320
00650L,復華香港正2,61,0,61,高橋,2024-11-12,5320
2615,萬海,113,54,59,高橋,2024-11-12,5320
1303,南亞,65,10,55,高橋,2024-11-12,5320
00715L,期街口布蘭特正2,57,2,55,高橋,2024-11-12,5320
2882,國泰金,54,0,54,高橋,2024-11-12,5320
2883,凱基金,59,7,52,高橋,2024-11-12,5320
00919,群益台灣精選高息,55,5,50,高橋,2024-11-12,5320
00669R,國泰美國道瓊反1,50,0,50,高橋,2024-11-12,5320
5871,中租-KY,49,0,49,高橋,2024-11-12,5320
2845,遠東銀,42,0,42,高橋,2024-11-12,5320
2317,鴻海,67,27,40,高橋,2024-11-12,5320
00932,兆豐永續高息等權,37,0,37,高橋,2024-11-12,5320
2002,中鋼,37,2,35,高橋,2024-11-12,5320
00753L,中信中國50正2,36,1,35,高橋,2024-11-12,5320
3372,典範,34,0,34,高橋,2024-11-12,5320
4714,永捷,37,6,31,高橋,2024-11-12,5320
00713,元大台灣高息低波,31,0,31,高橋,2024-11-12,5320
9904,寶成,45,15,30,高橋,2024-11-12,5320
2812,台中銀,30,0,30,高橋,2024-11-12,5320
6288,聯嘉,102,72,30,高橋,2024-11-12,5320
2353,宏��,30,1,29,高橋,2024-11-12,5320
9105,泰金寶-DR,29,0,29,高橋,2024-11-12,5320
3231,緯創,73,46,27,高橋,2024-11-12,5320
2892,第一金,26,0,26,高橋,2024-11-12,5320
3049,精金,25,0,25,高橋,2024-11-12,5320
00633L,富邦上証正2,28,3,25,高橋,2024-11-12,5320
00943,兆豐電子高息等權,29,5,24,高橋,2024-11-12,5320
2303,聯電,104,81,23,高橋,2024-11-12,5320
2609,陽明,93,71,22,高橋,2024-11-12,5320
2887,台新金,23,1,22,高橋,2024-11-12,5320
2330,台積電,25,4,21,高橋,2024-11-12,5320
00922,國泰台灣領袖50,21,0,21,高橋,2024-11-12,5320
6770,力積電,24,3,21,高橋,2024-11-12,5320
6180,橘子,21,0,21,高橋,2024-11-12,5320
2834,臺企銀,27,7,20,高橋,2024-11-12,5320
006208,富邦台50,20,0,20,高橋,2024-11-12,5320
2607,榮運,20,0,20,高橋,2024-11-12,5320
2409,友達,29,10,19,高橋,2024-11-12,5320
8028,昇陽半導體,24,5,19,高橋,2024-11-12,5320
2349,錸德,50,32,18,高橋,2024-11-12,5320
00905,FT臺灣Smart,17,0,17,高橋,2024-11-12,5320
6283,淳安,19,2,17,高橋,2024-11-12,5320
00715L,期街口布蘭特正2,625,3,622,高橋,2024-11-13,5320
00753L,中信中國50正2,165,6,159,高橋,2024-11-13,5320
00878,國泰永續高股息,109,11,98,高橋,2024-11-13,5320
00680L,元大美債20正2,81,1,80,高橋,2024-11-13,5320
00882,中信中國高股息,67,2,65,高橋,2024-11-13,5320
9105,泰金寶-DR,69,12,57,高橋,2024-11-13,5320
2208,台船,51,0,51,高橋,2024-11-13,5320
2845,遠東銀,48,0,48,高橋,2024-11-13,5320
2834,臺企銀,44,0,44,高橋,2024-11-13,5320
2543,皇昌,49,7,42,高橋,2024-11-13,5320
2349,錸德,74,36,38,高橋,2024-11-13,5320
00650L,復華香港正2,36,0,36,高橋,2024-11-13,5320
2102,泰豐,35,0,35,高橋,2024-11-13,5320
0056,元大高股息,36,1,35,高橋,2024-11-13,5320
1301,台塑,33,0,33,高橋,2024-11-13,5320
2882,國泰金,38,5,33,高橋,2024-11-13,5320
3706,神達,147,119,28,高橋,2024-11-13,5320
2314,台揚,33,5,28,高橋,2024-11-13,5320
2883,凱基金,28,2,26,高橋,2024-11-13,5320
2431,聯昌,26,0,26,高橋,2024-11-13,5320
2317,鴻海,34,8,26,高橋,2024-11-13,5320
3013,晟銘電,38,13,25,高橋,2024-11-13,5320
2404,漢唐,27,3,24,高橋,2024-11-13,5320
00919,群益台灣精選高息,35,11,24,高橋,2024-11-13,5320
2344,華邦電,33,10,23,高橋,2024-11-13,5320
2881,富邦金,23,0,23,高橋,2024-11-13,5320
2368,金像電,26,4,22,高橋,2024-11-13,5320
2353,宏��,25,4,21,高橋,2024-11-13,5320
2888,新光金,41,20,21,高橋,2024-11-13,5320
3481,群創,35,14,21,高橋,2024-11-13,5320
00932,兆豐永續高息等權,20,0,20,高橋,2024-11-13,5320
2109,華豐,20,0,20,高橋,2024-11-13,5320
5871,中租-KY,26,6,20,高橋,2024-11-13,5320
6443,元晶,22,3,19,高橋,2024-11-13,5320
00915,凱基優選高股息30,19,0,19,高橋,2024-11-13,5320
2891,中信金,20,2,18,高橋,2024-11-13,5320
6213,聯茂,17,0,17,高橋,2024-11-13,5320
00720B,元大投資級公司債,17,0,17,高橋,2024-11-13,5320
2609,陽明,78,62,16,高橋,2024-11-13,5320
6770,力積電,26,10,16,高橋,2024-11-13,5320
4714,永捷,16,0,16,高橋,2024-11-13,5320
3189,景碩,18,4,14,高橋,2024-11-13,5320
6405,悅城,17,3,14,高橋,2024-11-13,5320
6283,淳安,14,0,14,高橋,2024-11-13,5320
00712,復華富時不動產,15,2,13,高橋,2024-11-13,5320
2486,一詮,14,1,13,高橋,2024-11-13,5320
2496,卓越,12,0,12,高橋,2024-11-13,5320
3202,樺晟,12,0,12,高橋,2024-11-13,5320
2323,中環,15,3,12,高橋,2024-11-13,5320
00687B,國泰20年美債,20,9,11,高橋,2024-11-13,5320
00878,國泰永續高股息,433,1,432,高橋,2024-11-14,5320
0056,元大高股息,100,2,98,高橋,2024-11-14,5320
00919,群益台灣精選高息,90,7,83,高橋,2024-11-14,5320
00688L,國泰20年美債正2,79,0,79,高橋,2024-11-14,5320
00940,元大台灣價值高息,85,6,79,高橋,2024-11-14,5320
00943,兆豐電子高息等權,75,0,75,高橋,2024-11-14,5320
5452,佶優,72,1,71,高橋,2024-11-14,5320
00929,復華台灣科技優息,108,47,61,高橋,2024-11-14,5320
00932,兆豐永續高息等權,59,0,59,高橋,2024-11-14,5320
2208,台船,51,0,51,高橋,2024-11-14,5320
2312,金寶,60,10,50,高橋,2024-11-14,5320
3062,建漢,54,4,50,高橋,2024-11-14,5320
2317,鴻海,59,14,45,高橋,2024-11-14,5320
2303,聯電,81,43,38,高橋,2024-11-14,5320
2605,新興,37,1,36,高橋,2024-11-14,5320
00687B,國泰20年美債,37,3,34,高橋,2024-11-14,5320
00891,中信關鍵半導體,34,0,34,高橋,2024-11-14,5320
1808,潤隆,34,1,33,高橋,2024-11-14,5320
2892,第一金,32,0,32,高橋,2024-11-14,5320
3015,全漢,38,7,31,高橋,2024-11-14,5320
2029,盛餘,30,0,30,高橋,2024-11-14,5320
2356,英業達,34,4,30,高橋,2024-11-14,5320
5488,松普,30,1,29,高橋,2024-11-14,5320
00937B,群益ESG投等債20,30,1,29,高橋,2024-11-14,5320
2477,美隆電,39,10,29,高橋,2024-11-14,5320
1301,台塑,34,7,27,高橋,2024-11-14,5320
1584,精剛,32,8,24,高橋,2024-11-14,5320
2888,新光金,23,0,23,高橋,2024-11-14,5320
4931,新盛力,53,31,22,高橋,2024-11-14,5320
4109,加捷生醫,22,0,22,高橋,2024-11-14,5320
00915,凱基優選高股息30,22,0,22,高橋,2024-11-14,5320
00680L,元大美債20正2,41,20,21,高橋,2024-11-14,5320
6658,聯策,23,2,21,高橋,2024-11-14,5320
9945,潤泰新,21,0,21,高橋,2024-11-14,5320
2349,錸德,50,30,20,高橋,2024-11-14,5320
2498,宏達電,20,0,20,高橋,2024-11-14,5320
4142,國光生,20,0,20,高橋,2024-11-14,5320
3481,群創,46,27,19,高橋,2024-11-14,5320
2609,陽明,45,26,19,高橋,2024-11-14,5320
4303,信立,20,1,19,高橋,2024-11-14,5320
2887,台新金,18,0,18,高橋,2024-11-14,5320
2883,凱基金,25,8,17,高橋,2024-11-14,5320
00713,元大台灣高息低波,17,0,17,高橋,2024-11-14,5320
00631L,元大台灣50正2,17,0,17,高橋,2024-11-14,5320
1464,得力,17,0,17,高橋,2024-11-14,5320
1314,中石化,17,0,17,高橋,2024-11-14,5320
2027,大成鋼,16,0,16,高橋,2024-11-14,5320
2884,玉山金,16,0,16,高橋,2024-11-14,5320
1802,台玻,16,0,16,高橋,2024-11-14,5320
1449,佳和,18,2,16,高橋,2024-11-14,5320
00878,國泰永續高股息,354,1,353,高橋,2024-11-15,5320
00712,復華富時不動產,201,6,195,高橋,2024-11-15,5320
6770,力積電,151,14,137,高橋,2024-11-15,5320
2317,鴻海,95,18,77,高橋,2024-11-15,5320
2382,廣達,70,10,60,高橋,2024-11-15,5320
00943,兆豐電子高息等權,55,0,55,高橋,2024-11-15,5320
00885,富邦越南,51,0,51,高橋,2024-11-15,5320
2303,聯電,58,11,47,高橋,2024-11-15,5320
00637L,元大滬深300正2,48,4,44,高橋,2024-11-15,5320
3231,緯創,59,25,34,高橋,2024-11-15,5320
00753L,中信中國50正2,40,10,30,高橋,2024-11-15,5320
2883,凱基金,42,13,29,高橋,2024-11-15,5320
9958,世紀鋼,32,4,28,高橋,2024-11-15,5320
6235,華孚,30,2,28,高橋,2024-11-15,5320
00919,群益台灣精選高息,30,2,28,高橋,2024-11-15,5320
00882,中信中國高股息,35,10,25,高橋,2024-11-15,5320
2543,皇昌,25,0,25,高橋,2024-11-15,5320
00687B,國泰20年美債,24,0,24,高橋,2024-11-15,5320
3622,洋華,24,0,24,高橋,2024-11-15,5320
00929,復華台灣科技優息,41,17,24,高橋,2024-11-15,5320
3013,晟銘電,27,3,24,高橋,2024-11-15,5320
3169,亞信,23,0,23,高橋,2024-11-15,5320
00951,台新日本半導體,22,0,22,高橋,2024-11-15,5320
6763,綠界科技*,27,8,19,高橋,2024-11-15,5320
6126,信音,22,3,19,高橋,2024-11-15,5320
2324,仁寶,18,0,18,高橋,2024-11-15,5320
00680L,元大美債20正2,17,0,17,高橋,2024-11-15,5320
9904,寶成,45,29,16,高橋,2024-11-15,5320
2069,運錩,15,0,15,高橋,2024-11-15,5320
6141,柏承,14,0,14,高橋,2024-11-15,5320
00918,大華優利高填息30,15,1,14,高橋,2024-11-15,5320
3062,建漢,36,23,13,高橋,2024-11-15,5320
00915,凱基優選高股息30,12,0,12,高橋,2024-11-15,5320
00933B,國泰10Y+金融債,12,0,12,高橋,2024-11-15,5320
4979,華星光,16,5,11,高橋,2024-11-15,5320
4168,醣聯,11,0,11,高橋,2024-11-15,5320
1449,佳和,13,2,11,高橋,2024-11-15,5320
2007,燁興,11,0,11,高橋,2024-11-15,5320
2002,中鋼,18,7,11,高橋,2024-11-15,5320
3715,定穎投控,10,0,10,高橋,2024-11-15,5320
3450,聯鈞,28,18,10,高橋,2024-11-15,5320
3037,欣興,13,3,10,高橋,2024-11-15,5320
00692,富邦公司治理,10,0,10,高橋,2024-11-15,5320
6739,竹陞科技,12,2,10,高橋,2024-11-15,5320
00944,野村趨勢動能高息,10,0,10,高橋,2024-11-15,5320
6151,晉倫,18,8,10,高橋,2024-11-15,5320
00713,元大台灣高息低波,10,0,10,高橋,2024-11-15,5320
2356,英業達,15,6,9,高橋,2024-11-15,5320
1605,華新,10,1,9,高橋,2024-11-15,5320
00639,富邦深100,14,5,9,高橋,2024-11-15,5320
00878,國泰永續高股息,221,10,211,高橋,2024-11-18,5320
2312,金寶,273,73,200,高橋,2024-11-18,5320
2515,中工,161,0,161,高橋,2024-11-18,5320
00679B,元大美債20年,130,2,128,高橋,2024-11-18,5320
2204,中華,79,0,79,高橋,2024-11-18,5320
00919,群益台灣精選高息,68,5,63,高橋,2024-11-18,5320
2354,鴻準,68,15,53,高橋,2024-11-18,5320
3625,西勝,55,3,52,高橋,2024-11-18,5320
0056,元大高股息,56,5,51,高橋,2024-11-18,5320
2208,台船,50,0,50,高橋,2024-11-18,5320
2317,鴻海,58,15,43,高橋,2024-11-18,5320
2409,友達,48,16,32,高橋,2024-11-18,5320
1446,宏和,31,0,31,高橋,2024-11-18,5320
5880,合庫金,30,0,30,高橋,2024-11-18,5320
00959B,大華投等美債15Y+,30,0,30,高橋,2024-11-18,5320
2106,建大,30,0,30,高橋,2024-11-18,5320
3231,緯創,29,5,24,高橋,2024-11-18,5320
1304,台聚,20,0,20,高橋,2024-11-18,5320
2353,宏��,20,0,20,高橋,2024-11-18,5320
1808,潤隆,20,0,20,高橋,2024-11-18,5320
00713,元大台灣高息低波,19,0,19,高橋,2024-11-18,5320
2376,技嘉,25,7,18,高橋,2024-11-18,5320
2498,宏達電,21,4,17,高橋,2024-11-18,5320
2324,仁寶,31,14,17,高橋,2024-11-18,5320
00922,國泰台灣領袖50,17,0,17,高橋,2024-11-18,5320
00715L,期街口布蘭特正2,17,0,17,高橋,2024-11-18,5320
2356,英業達,38,23,15,高橋,2024-11-18,5320
2457,飛宏,15,0,15,高橋,2024-11-18,5320
2371,大同,22,7,15,高橋,2024-11-18,5320
4167,松瑞藥,16,1,15,高橋,2024-11-18,5320
2014,中鴻,14,0,14,高橋,2024-11-18,5320
00943,兆豐電子高息等權,14,0,14,高橋,2024-11-18,5320
3374,精材,15,1,14,高橋,2024-11-18,5320
4956,光鋐,14,1,13,高橋,2024-11-18,5320
1582,信錦,13,0,13,高橋,2024-11-18,5320
6770,力積電,28,15,13,高橋,2024-11-18,5320
1519,華城,14,2,12,高橋,2024-11-18,5320
00940,元大台灣價值高息,19,7,12,高橋,2024-11-18,5320
3169,亞信,12,0,12,高橋,2024-11-18,5320
00915,凱基優選高股息30,12,0,12,高橋,2024-11-18,5320
2881,富邦金,11,0,11,高橋,2024-11-18,5320
3290,東浦,12,1,11,高橋,2024-11-18,5320
2641,正德,13,2,11,高橋,2024-11-18,5320
2421,建準,11,1,10,高橋,2024-11-18,5320
5443,均豪,10,0,10,高橋,2024-11-18,5320
9904,寶成,41,31,10,高橋,2024-11-18,5320
3050,鈺德,15,5,10,高橋,2024-11-18,5320
2313,華通,12,2,10,高橋,2024-11-18,5320
8028,昇陽半導體,26,16,10,高橋,2024-11-18,5320
8358,金居,11,1,10,高橋,2024-11-18,5320
00665L,富邦�琤肭磪囓�2,550,14,536,高橋,2024-11-19,5320
00688L,國泰20年美債正2,505,2,503,高橋,2024-11-19,5320
00937B,群益ESG投等債20,249,17,232,高橋,2024-11-19,5320
00878,國泰永續高股息,64,1,63,高橋,2024-11-19,5320
2890,永豐金,53,0,53,高橋,2024-11-19,5320
00637L,元大滬深300正2,53,1,52,高橋,2024-11-19,5320
2349,錸德,384,335,49,高橋,2024-11-19,5320
1785,光洋科,60,13,47,高橋,2024-11-19,5320
2002,中鋼,37,9,28,高橋,2024-11-19,5320
2382,廣達,34,6,28,高橋,2024-11-19,5320
2457,飛宏,30,3,27,高橋,2024-11-19,5320
2317,鴻海,38,13,25,高橋,2024-11-19,5320
00679B,元大美債20年,23,0,23,高橋,2024-11-19,5320
00930,永豐ESG低碳高息,22,0,22,高橋,2024-11-19,5320
6770,力積電,24,3,21,高橋,2024-11-19,5320
3047,訊舟,22,1,21,高橋,2024-11-19,5320
6505,台塑化,21,0,21,高橋,2024-11-19,5320
2337,旺宏,20,0,20,高橋,2024-11-19,5320
1101,台泥,31,11,20,高橋,2024-11-19,5320
00887,永豐中國科技50大,18,0,18,高橋,2024-11-19,5320
1301,台塑,23,6,17,高橋,2024-11-19,5320
00753L,中信中國50正2,30,13,17,高橋,2024-11-19,5320
00932,兆豐永續高息等權,17,1,16,高橋,2024-11-19,5320
3062,建漢,22,8,14,高橋,2024-11-19,5320
3090,日電貿,14,0,14,高橋,2024-11-19,5320
2646,星宇航空,32,19,13,高橋,2024-11-19,5320
2371,大同,14,2,12,高橋,2024-11-19,5320
2884,玉山金,12,0,12,高橋,2024-11-19,5320
2949,欣新網,10,0,10,高橋,2024-11-19,5320
5371,中光電,10,0,10,高橋,2024-11-19,5320
4109,加捷生醫,10,0,10,高橋,2024-11-19,5320
4510,高鋒,13,3,10,高橋,2024-11-19,5320
4746,台耀,11,1,10,高橋,2024-11-19,5320
00929,復華台灣科技優息,49,40,9,高橋,2024-11-19,5320
00713,元大台灣高息低波,9,0,9,高橋,2024-11-19,5320
6530,創威,19,10,9,高橋,2024-11-19,5320
0061,元大寶滬深,8,0,8,高橋,2024-11-19,5320
2330,台積電,10,2,8,高橋,2024-11-19,5320
2612,中航,7,0,7,高橋,2024-11-19,5320
2352,佳世達,10,3,7,高橋,2024-11-19,5320
6126,信音,7,0,7,高橋,2024-11-19,5320
6185,幃翔,7,0,7,高橋,2024-11-19,5320
3013,晟銘電,10,4,6,高橋,2024-11-19,5320
2313,華通,7,1,6,高橋,2024-11-19,5320
2891,中信金,8,2,6,高橋,2024-11-19,5320
3702,大聯大,6,0,6,高橋,2024-11-19,5320
00632R,元大台灣50反1,17,11,6,高橋,2024-11-19,5320
2883,凱基金,16,10,6,高橋,2024-11-19,5320
2845,遠東銀,6,0,6,高橋,2024-11-19,5320
1611,中電,7,1,6,高橋,2024-11-19,5320
2354,鴻準,208,53,155,高橋,2024-11-20,5320
3024,憶聲,150,0,150,高橋,2024-11-20,5320
5243,乙盛-KY,81,14,67,高橋,2024-11-20,5320
2208,台船,50,0,50,高橋,2024-11-20,5320
8176,智捷,51,1,50,高橋,2024-11-20,5320
2449,京元電子,44,5,39,高橋,2024-11-20,5320
2313,華通,35,2,33,高橋,2024-11-20,5320
00929,復華台灣科技優息,35,5,30,高橋,2024-11-20,5320
2356,英業達,30,9,21,高橋,2024-11-20,5320
2543,皇昌,22,2,20,高橋,2024-11-20,5320
00951,台新日本半導體,20,0,20,高橋,2024-11-20,5320
1316,上曜,16,0,16,高橋,2024-11-20,5320
2636,台驊控股,18,3,15,高橋,2024-11-20,5320
1584,精剛,15,0,15,高橋,2024-11-20,5320
00930,永豐ESG低碳高息,15,0,15,高橋,2024-11-20,5320
1528,恩德,14,0,14,高橋,2024-11-20,5320
3062,建漢,27,13,14,高橋,2024-11-20,5320
9105,泰金寶-DR,27,14,13,高橋,2024-11-20,5320
2408,南亞科,15,2,13,高橋,2024-11-20,5320
2105,正新,13,0,13,高橋,2024-11-20,5320
4746,台耀,13,0,13,高橋,2024-11-20,5320
1909,榮成,15,2,13,高橋,2024-11-20,5320
8032,光菱,15,3,12,高橋,2024-11-20,5320
2413,環科,20,8,12,高橋,2024-11-20,5320
6770,力積電,12,0,12,高橋,2024-11-20,5320
2834,臺企銀,15,3,12,高橋,2024-11-20,5320
2405,輔信,65,53,12,高橋,2024-11-20,5320
2603,長榮,35,23,12,高橋,2024-11-20,5320
2241,艾姆勒,11,0,11,高橋,2024-11-20,5320
6695,芯鼎,11,0,11,高橋,2024-11-20,5320
3498,陽程,11,0,11,高橋,2024-11-20,5320
2880,華南金,10,0,10,高橋,2024-11-20,5320
2949,欣新網,10,0,10,高橋,2024-11-20,5320
00932,兆豐永續高息等權,10,0,10,高橋,2024-11-20,5320
2402,毅嘉,10,0,10,高橋,2024-11-20,5320
1524,耿鼎,11,1,10,高橋,2024-11-20,5320
2614,東森,10,0,10,高橋,2024-11-20,5320
3447,展達,10,0,10,高橋,2024-11-20,5320
2883,凱基金,12,2,10,高橋,2024-11-20,5320
1808,潤隆,10,0,10,高橋,2024-11-20,5320
2371,大同,15,5,10,高橋,2024-11-20,5320
2382,廣達,15,6,9,高橋,2024-11-20,5320
0056,元大高股息,9,0,9,高橋,2024-11-20,5320
1471,首利,9,0,9,高橋,2024-11-20,5320
3597,映興,9,0,9,高橋,2024-11-20,5320
6120,達運,8,0,8,高橋,2024-11-20,5320
3552,同致,23,15,8,高橋,2024-11-20,5320
2367,燿華,10,2,8,高橋,2024-11-20,5320
2330,台積電,10,2,8,高橋,2024-11-20,5320
2324,仁寶,8,0,8,高橋,2024-11-20,5320
2002,中鋼,143,28,115,高橋,2024-11-21,5320
2356,英業達,158,57,101,高橋,2024-11-21,5320
2303,聯電,70,10,60,高橋,2024-11-21,5320
2208,台船,55,0,55,高橋,2024-11-21,5320
6505,台塑化,45,0,45,高橋,2024-11-21,5320
00878,國泰永續高股息,37,0,37,高橋,2024-11-21,5320
2881,富邦金,41,7,34,高橋,2024-11-21,5320
00940,元大台灣價值高息,33,1,32,高橋,2024-11-21,5320
2317,鴻海,30,0,30,高橋,2024-11-21,5320
0056,元大高股息,29,1,28,高橋,2024-11-21,5320
00909,國泰數位支付服務,35,8,27,高橋,2024-11-21,5320
8104,錸寶,42,19,23,高橋,2024-11-21,5320
2890,永豐金,23,0,23,高橋,2024-11-21,5320
3015,全漢,32,9,23,高橋,2024-11-21,5320
6180,橘子,21,0,21,高橋,2024-11-21,5320
2328,廣宇,20,0,20,高橋,2024-11-21,5320
1605,華新,23,3,20,高橋,2024-11-21,5320
2369,菱生,20,0,20,高橋,2024-11-21,5320
6770,力積電,39,20,19,高橋,2024-11-21,5320
9958,世紀鋼,22,3,19,高橋,2024-11-21,5320
2353,宏��,24,6,18,高橋,2024-11-21,5320
00960,野村全球航運龍頭,20,2,18,高橋,2024-11-21,5320
4967,十銓,18,1,17,高橋,2024-11-21,5320
2330,台積電,18,1,17,高橋,2024-11-21,5320
3622,洋華,17,1,16,高橋,2024-11-21,5320
6282,康舒,28,14,14,高橋,2024-11-21,5320
00922,國泰台灣領袖50,14,0,14,高橋,2024-11-21,5320
00937B,群益ESG投等債20,16,2,14,高橋,2024-11-21,5320
00919,群益台灣精選高息,22,10,12,高橋,2024-11-21,5320
4956,光鋐,22,10,12,高橋,2024-11-21,5320
3013,晟銘電,13,2,11,高橋,2024-11-21,5320
2401,凌陽,12,1,11,高橋,2024-11-21,5320
2492,華新科,11,0,11,高橋,2024-11-21,5320
1612,宏泰,10,0,10,高橋,2024-11-21,5320
00680L,元大美債20正2,10,0,10,高橋,2024-11-21,5320
2912,統一超,10,0,10,高橋,2024-11-21,5320
00898,國泰基因免疫革命,10,0,10,高橋,2024-11-21,5320
3019,亞光,105,96,9,高橋,2024-11-21,5320
2305,全友,10,1,9,高橋,2024-11-21,5320
2477,美隆電,10,1,9,高橋,2024-11-21,5320
3490,單井,9,0,9,高橋,2024-11-21,5320
2609,陽明,147,138,9,高橋,2024-11-21,5320
1721,三晃,10,2,8,高橋,2024-11-21,5320
3290,東浦,8,0,8,高橋,2024-11-21,5320
2613,中櫃,13,6,7,高橋,2024-11-21,5320
2324,仁寶,7,0,7,高橋,2024-11-21,5320
1449,佳和,12,5,7,高橋,2024-11-21,5320
3580,友威科,8,1,7,高橋,2024-11-21,5320
3047,訊舟,25,18,7,高橋,2024-11-21,5320
5460,同協,7,0,7,高橋,2024-11-21,5320
00671R,富邦NASDAQ反1,190,0,190,高橋,2024-11-22,5320
2646,星宇航空,114,0,114,高橋,2024-11-22,5320
00940,元大台灣價值高息,110,0,110,高橋,2024-11-22,5320
00679B,元大美債20年,106,0,106,高橋,2024-11-22,5320
2883,凱基金,100,5,95,高橋,2024-11-22,5320
3019,亞光,93,16,77,高橋,2024-11-22,5320
9105,泰金寶-DR,112,35,77,高橋,2024-11-22,5320
00930,永豐ESG低碳高息,77,0,77,高橋,2024-11-22,5320
2344,華邦電,64,2,62,高橋,2024-11-22,5320
1616,億泰,64,6,58,高橋,2024-11-22,5320
00943,兆豐電子高息等權,56,0,56,高橋,2024-11-22,5320
00882,中信中國高股息,54,2,52,高橋,2024-11-22,5320
00632R,元大台灣50反1,100,55,45,高橋,2024-11-22,5320
2010,春源,40,0,40,高橋,2024-11-22,5320
00915,凱基優選高股息30,33,0,33,高橋,2024-11-22,5320
2406,國碩,33,2,31,高橋,2024-11-22,5320
3047,訊舟,39,14,25,高橋,2024-11-22,5320
6005,群益證,25,0,25,高橋,2024-11-22,5320
8404,百和興業-KY,24,0,24,高橋,2024-11-22,5320
5309,系統電,92,69,23,高橋,2024-11-22,5320
3447,展達,20,0,20,高橋,2024-11-22,5320
00905,FT臺灣Smart,20,0,20,高橋,2024-11-22,5320
00752,中信中國50,19,0,19,高橋,2024-11-22,5320
2324,仁寶,23,5,18,高橋,2024-11-22,5320
1809,中釉,22,5,17,高橋,2024-11-22,5320
2495,普安,20,3,17,高橋,2024-11-22,5320
2204,中華,32,15,17,高橋,2024-11-22,5320
6143,振曜,18,1,17,高橋,2024-11-22,5320
3663,鑫科,18,2,16,高橋,2024-11-22,5320
2615,萬海,77,62,15,高橋,2024-11-22,5320
00918,大華優利高填息30,15,0,15,高橋,2024-11-22,5320
00669R,國泰美國道瓊反1,15,0,15,高橋,2024-11-22,5320
4729,熒茂,19,4,15,高橋,2024-11-22,5320
00878,國泰永續高股息,26,13,13,高橋,2024-11-22,5320
2486,一詮,16,3,13,高橋,2024-11-22,5320
2027,大成鋼,15,3,12,高橋,2024-11-22,5320
00900,富邦特選高股息30,22,10,12,高橋,2024-11-22,5320
1708,東鹼,12,0,12,高橋,2024-11-22,5320
00909,國泰數位支付服務,18,6,12,高橋,2024-11-22,5320
2349,錸德,28,17,11,高橋,2024-11-22,5320
3548,兆利,18,7,11,高橋,2024-11-22,5320
2409,友達,20,10,10,高橋,2024-11-22,5320
4168,醣聯,10,0,10,高橋,2024-11-22,5320
1721,三晃,13,3,10,高橋,2024-11-22,5320
3035,智原,10,0,10,高橋,2024-11-22,5320
2537,聯上發,10,0,10,高橋,2024-11-22,5320
2388,威盛,11,2,9,高橋,2024-11-22,5320
2449,京元電子,17,8,9,高橋,2024-11-22,5320
2332,友訊,14,5,9,高橋,2024-11-22,5320
2524,京城,11,2,9,高橋,2024-11-22,5320
6770,力積電,444,80,364,高橋,2024-11-25,5320
2312,金寶,238,41,197,高橋,2024-11-25,5320
00632R,元大台灣50反1,150,30,120,高橋,2024-11-25,5320
00679B,元大美債20年,110,7,103,高橋,2024-11-25,5320
2615,萬海,107,8,99,高橋,2024-11-25,5320
6288,聯嘉,101,2,99,高橋,2024-11-25,5320
2356,英業達,74,9,65,高橋,2024-11-25,5320
00669R,國泰美國道瓊反1,45,0,45,高橋,2024-11-25,5320
4729,熒茂,50,6,44,高橋,2024-11-25,5320
3706,神達,115,72,43,高橋,2024-11-25,5320
00882,中信中國高股息,49,11,38,高橋,2024-11-25,5320
2204,中華,42,4,38,高橋,2024-11-25,5320
2618,長榮航,31,1,30,高橋,2024-11-25,5320
6175,立敦,34,4,30,高橋,2024-11-25,5320
2603,長榮,32,3,29,高橋,2024-11-25,5320
1815,富喬,85,56,29,高橋,2024-11-25,5320
3712,永崴投控,43,15,28,高橋,2024-11-25,5320
9105,泰金寶-DR,64,36,28,高橋,2024-11-25,5320
9904,寶成,25,0,25,高橋,2024-11-25,5320
2354,鴻準,66,44,22,高橋,2024-11-25,5320
2303,聯電,97,77,20,高橋,2024-11-25,5320
00919,群益台灣精選高息,21,1,20,高橋,2024-11-25,5320
2477,美隆電,32,12,20,高橋,2024-11-25,5320
0056,元大高股息,20,1,19,高橋,2024-11-25,5320
8171,天宇,23,5,18,高橋,2024-11-25,5320
3227,原相,16,0,16,高橋,2024-11-25,5320
5876,上海商銀,16,0,16,高橋,2024-11-25,5320
3481,群創,35,20,15,高橋,2024-11-25,5320
00930,永豐ESG低碳高息,31,16,15,高橋,2024-11-25,5320
2367,燿華,15,1,14,高橋,2024-11-25,5320
00887,永豐中國科技50大,14,0,14,高橋,2024-11-25,5320
3622,洋華,13,0,13,高橋,2024-11-25,5320
3032,偉訓,22,10,12,高橋,2024-11-25,5320
2329,華泰,13,1,12,高橋,2024-11-25,5320
2406,國碩,20,8,12,高橋,2024-11-25,5320
00753L,中信中國50正2,11,0,11,高橋,2024-11-25,5320
5243,乙盛-KY,22,12,10,高橋,2024-11-25,5320
3022,威強電,15,5,10,高橋,2024-11-25,5320
2485,兆赫,10,0,10,高橋,2024-11-25,5320
5438,東友,10,0,10,高橋,2024-11-25,5320
00953B,群益優選非投等債,10,0,10,高橋,2024-11-25,5320
4576,大銀微系統,13,3,10,高橋,2024-11-25,5320
6282,康舒,15,5,10,高橋,2024-11-25,5320
912000,晨訊科-DR,10,0,10,高橋,2024-11-25,5320
2330,台積電,11,1,10,高橋,2024-11-25,5320
2337,旺宏,28,18,10,高橋,2024-11-25,5320
4113,聯上,10,0,10,高橋,2024-11-25,5320
6269,台郡,10,1,9,高橋,2024-11-25,5320
4927,泰鼎-KY,8,0,8,高橋,2024-11-25,5320
006208,富邦台50,9,1,8,高橋,2024-11-25,5320
2317,鴻海,124,9,115,高橋,2024-11-26,5320
00669R,國泰美國道瓊反1,70,0,70,高橋,2024-11-26,5320
3481,群創,67,15,52,高橋,2024-11-26,5320
2887,台新金,54,3,51,高橋,2024-11-26,5320
2371,大同,55,11,44,高橋,2024-11-26,5320
2010,春源,39,0,39,高橋,2024-11-26,5320
9904,寶成,40,1,39,高橋,2024-11-26,5320
2609,陽明,68,30,38,高橋,2024-11-26,5320
9105,泰金寶-DR,46,16,30,高橋,2024-11-26,5320
00940,元大台灣價值高息,30,0,30,高橋,2024-11-26,5320
2881,富邦金,30,1,29,高橋,2024-11-26,5320
2419,仲琦,29,1,28,高橋,2024-11-26,5320
00929,復華台灣科技優息,32,5,27,高橋,2024-11-26,5320
00878,國泰永續高股息,29,2,27,高橋,2024-11-26,5320
00965,元大航太防衛科技,25,0,25,高橋,2024-11-26,5320
4746,台耀,23,0,23,高橋,2024-11-26,5320
2330,台積電,23,1,22,高橋,2024-11-26,5320
6154,順發,20,0,20,高橋,2024-11-26,5320
6962,ITH-KY,22,3,19,高橋,2024-11-26,5320
2392,正崴,54,35,19,高橋,2024-11-26,5320
3149,正達,19,0,19,高橋,2024-11-26,5320
5243,乙盛-KY,23,5,18,高橋,2024-11-26,5320
1301,台塑,22,5,17,高橋,2024-11-26,5320
3230,錦明,20,3,17,高橋,2024-11-26,5320
8033,雷虎,34,17,17,高橋,2024-11-26,5320
2312,金寶,132,115,17,高橋,2024-11-26,5320
2409,友達,16,0,16,高橋,2024-11-26,5320
1528,恩德,17,2,15,高橋,2024-11-26,5320
3024,憶聲,16,1,15,高橋,2024-11-26,5320
2891,中信金,16,1,15,高橋,2024-11-26,5320
00715L,期街口布蘭特正2,14,0,14,高橋,2024-11-26,5320
1504,東元,18,5,13,高橋,2024-11-26,5320
00637L,元大滬深300正2,14,1,13,高橋,2024-11-26,5320
6133,金橋,14,1,13,高橋,2024-11-26,5320
6530,創威,23,10,13,高橋,2024-11-26,5320
2834,臺企銀,16,3,13,高橋,2024-11-26,5320
1449,佳和,22,10,12,高橋,2024-11-26,5320
2495,普安,15,3,12,高橋,2024-11-26,5320
3323,加百裕,30,18,12,高橋,2024-11-26,5320
3062,建漢,17,5,12,高橋,2024-11-26,5320
6215,和椿,12,1,11,高橋,2024-11-26,5320
00939,統一台灣高息動能,11,0,11,高橋,2024-11-26,5320
1102,亞泥,10,0,10,高橋,2024-11-26,5320
9934,成霖,10,0,10,高橋,2024-11-26,5320
2889,國票金,10,0,10,高橋,2024-11-26,5320
1711,永光,20,10,10,高橋,2024-11-26,5320
2406,國碩,10,0,10,高橋,2024-11-26,5320
4168,醣聯,10,0,10,高橋,2024-11-26,5320
2102,泰豐,10,0,10,高橋,2024-11-26,5320
3607,谷崧,10,0,10,高橋,2024-11-26,5320
00665L,富邦�琤肭磪囓�2,570,0,570,高橋,2024-11-27,5320
00715L,期街口布蘭特正2,173,0,173,高橋,2024-11-27,5320
00919,群益台灣精選高息,176,5,171,高橋,2024-11-27,5320
00878,國泰永續高股息,146,1,145,高橋,2024-11-27,5320
2317,鴻海,173,37,136,高橋,2024-11-27,5320
00929,復華台灣科技優息,142,6,136,高橋,2024-11-27,5320
3231,緯創,145,10,135,高橋,2024-11-27,5320
2303,聯電,139,13,126,高橋,2024-11-27,5320
00712,復華富時不動產,130,24,106,高橋,2024-11-27,5320
0056,元大高股息,91,6,85,高橋,2024-11-27,5320
2495,普安,75,5,70,高橋,2024-11-27,5320
2883,凱基金,75,5,70,高橋,2024-11-27,5320
2002,中鋼,65,3,62,高橋,2024-11-27,5320
2603,長榮,46,3,43,高橋,2024-11-27,5320
00918,大華優利高填息30,43,0,43,高橋,2024-11-27,5320
2609,陽明,143,103,40,高橋,2024-11-27,5320
2010,春源,40,0,40,高橋,2024-11-27,5320
1446,宏和,41,1,40,高橋,2024-11-27,5320
2834,臺企銀,43,5,38,高橋,2024-11-27,5320
6770,力積電,39,2,37,高橋,2024-11-27,5320
1808,潤隆,33,0,33,高橋,2024-11-27,5320
2392,正崴,49,16,33,高橋,2024-11-27,5320
2062,橋椿,32,0,32,高橋,2024-11-27,5320
1711,永光,41,10,31,高橋,2024-11-27,5320
6558,興能高,45,14,31,高橋,2024-11-27,5320
9945,潤泰新,31,0,31,高橋,2024-11-27,5320
6190,萬泰科,30,0,30,高橋,2024-11-27,5320
00753L,中信中國50正2,31,2,29,高橋,2024-11-27,5320
2330,台積電,32,4,28,高橋,2024-11-27,5320
3062,建漢,29,2,27,高橋,2024-11-27,5320
3338,泰碩,26,1,25,高橋,2024-11-27,5320
00915,凱基優選高股息30,25,0,25,高橋,2024-11-27,5320
2204,中華,32,8,24,高橋,2024-11-27,5320
1101,台泥,30,6,24,高橋,2024-11-27,5320
3037,欣興,23,0,23,高橋,2024-11-27,5320
2356,英業達,53,30,23,高橋,2024-11-27,5320
8111,立��,23,0,23,高橋,2024-11-27,5320
3362,先進光,22,0,22,高橋,2024-11-27,5320
2314,台揚,22,2,20,高橋,2024-11-27,5320
6180,橘子,20,0,20,高橋,2024-11-27,5320
6154,順發,20,0,20,高橋,2024-11-27,5320
4746,台耀,20,0,20,高橋,2024-11-27,5320
8110,華東,20,0,20,高橋,2024-11-27,5320
2543,皇昌,20,1,19,高橋,2024-11-27,5320
3705,永信,19,0,19,高橋,2024-11-27,5320
2881,富邦金,18,0,18,高橋,2024-11-27,5320
1303,南亞,18,0,18,高橋,2024-11-27,5320
3234,光環,18,0,18,高橋,2024-11-27,5320
2354,鴻準,44,28,16,高橋,2024-11-27,5320
1536,和大,39,23,16,高橋,2024-11-27,5320
2883,凱基金,208,12,196,高橋,2024-11-28,5320
2332,友訊,230,50,180,高橋,2024-11-28,5320
00940,元大台灣價值高息,163,10,153,高橋,2024-11-28,5320
00878,國泰永續高股息,153,3,150,高橋,2024-11-28,5320
00919,群益台灣精選高息,131,4,127,高橋,2024-11-28,5320
2312,金寶,147,23,124,高橋,2024-11-28,5320
00687B,國泰20年美債,113,11,102,高橋,2024-11-28,5320
0056,元大高股息,62,1,61,高橋,2024-11-28,5320
00929,復華台灣科技優息,171,111,60,高橋,2024-11-28,5320
2303,聯電,103,49,54,高橋,2024-11-28,5320
1303,南亞,48,0,48,高橋,2024-11-28,5320
6770,力積電,52,5,47,高橋,2024-11-28,5320
2408,南亞科,57,14,43,高橋,2024-11-28,5320
00915,凱基優選高股息30,39,0,39,高橋,2024-11-28,5320
00918,大華優利高填息30,37,2,35,高橋,2024-11-28,5320
3167,大量,44,11,33,高橋,2024-11-28,5320
4991,環宇-KY,32,0,32,高橋,2024-11-28,5320
1326,台化,31,0,31,高橋,2024-11-28,5320
4533,協易機,30,0,30,高橋,2024-11-28,5320
00753L,中信中國50正2,61,31,30,高橋,2024-11-28,5320
9105,泰金寶-DR,46,20,26,高橋,2024-11-28,5320
3622,洋華,25,2,23,高橋,2024-11-28,5320
1301,台塑,22,0,22,高橋,2024-11-28,5320
2367,燿華,22,1,21,高橋,2024-11-28,5320
1446,宏和,21,0,21,高橋,2024-11-28,5320
3037,欣興,25,4,21,高橋,2024-11-28,5320
6763,綠界科技*,20,0,20,高橋,2024-11-28,5320
1308,亞聚,20,0,20,高橋,2024-11-28,5320
2516,新建,20,0,20,高橋,2024-11-28,5320
2412,中華電,20,2,18,高橋,2024-11-28,5320
2618,長榮航,24,7,17,高橋,2024-11-28,5320
2615,萬海,43,27,16,高橋,2024-11-28,5320
2371,大同,39,23,16,高橋,2024-11-28,5320
2317,鴻海,47,31,16,高橋,2024-11-28,5320
00669R,國泰美國道瓊反1,15,0,15,高橋,2024-11-28,5320
2010,春源,15,0,15,高橋,2024-11-28,5320
6213,聯茂,15,0,15,高橋,2024-11-28,5320
2646,星宇航空,23,9,14,高橋,2024-11-28,5320
3032,偉訓,16,2,14,高橋,2024-11-28,5320
3338,泰碩,15,1,14,高橋,2024-11-28,5320
2354,鴻準,32,20,12,高橋,2024-11-28,5320
2881,富邦金,12,0,12,高橋,2024-11-28,5320
2344,華邦電,38,26,12,高橋,2024-11-28,5320
3490,單井,12,0,12,高橋,2024-11-28,5320
2431,聯昌,12,0,12,高橋,2024-11-28,5320
1711,永光,12,0,12,高橋,2024-11-28,5320
00943,兆豐電子高息等權,16,4,12,高橋,2024-11-28,5320
00939,統一台灣高息動能,12,0,12,高橋,2024-11-28,5320
2204,中華,18,6,12,高橋,2024-11-28,5320
3706,神達,145,134,11,高橋,2024-11-28,5320
9105,泰金寶-DR,180,19,161,高橋,2024-11-29,5320
6443,元晶,143,0,143,高橋,2024-11-29,5320
6770,力積電,103,6,97,高橋,2024-11-29,5320
6180,橘子,100,21,79,高橋,2024-11-29,5320
00878,國泰永續高股息,63,8,55,高橋,2024-11-29,5320
0056,元大高股息,58,4,54,高橋,2024-11-29,5320
1301,台塑,53,8,45,高橋,2024-11-29,5320
2356,英業達,53,13,40,高橋,2024-11-29,5320
00919,群益台灣精選高息,40,3,37,高橋,2024-11-29,5320
2603,長榮,44,7,37,高橋,2024-11-29,5320
2002,中鋼,42,8,34,高橋,2024-11-29,5320
2332,友訊,35,6,29,高橋,2024-11-29,5320
2609,陽明,95,69,26,高橋,2024-11-29,5320
3481,群創,30,6,24,高橋,2024-11-29,5320
5488,松普,24,0,24,高橋,2024-11-29,5320
00918,大華優利高填息30,23,0,23,高橋,2024-11-29,5320
2367,燿華,22,1,21,高橋,2024-11-29,5320
2915,潤泰全,21,0,21,高橋,2024-11-29,5320
6505,台塑化,27,6,21,高橋,2024-11-29,5320
2330,台積電,22,1,21,高橋,2024-11-29,5320
2010,春源,20,0,20,高橋,2024-11-29,5320
6530,創威,29,9,20,高橋,2024-11-29,5320
2887,台新金,25,6,19,高橋,2024-11-29,5320
2344,華邦電,27,9,18,高橋,2024-11-29,5320
2317,鴻海,34,16,18,高橋,2024-11-29,5320
2834,臺企銀,17,0,17,高橋,2024-11-29,5320
2392,正崴,44,28,16,高橋,2024-11-29,5320
1815,富喬,24,8,16,高橋,2024-11-29,5320
1605,華新,28,13,15,高橋,2024-11-29,5320
2303,聯電,33,19,14,高橋,2024-11-29,5320
2881,富邦金,15,2,13,高橋,2024-11-29,5320
00932,兆豐永續高息等權,12,0,12,高橋,2024-11-29,5320
8028,昇陽半導體,12,0,12,高橋,2024-11-29,5320
2354,鴻準,29,17,12,高橋,2024-11-29,5320
2431,聯昌,13,2,11,高橋,2024-11-29,5320
6213,聯茂,13,2,11,高橋,2024-11-29,5320
2882,國泰金,18,7,11,高橋,2024-11-29,5320
5309,系統電,20,9,11,高橋,2024-11-29,5320
6127,九豪,20,9,11,高橋,2024-11-29,5320
5880,合庫金,16,5,11,高橋,2024-11-29,5320
2412,中華電,10,0,10,高橋,2024-11-29,5320
2369,菱生,10,0,10,高橋,2024-11-29,5320
5460,同協,10,0,10,高橋,2024-11-29,5320
4155,訊映,10,0,10,高橋,2024-11-29,5320
8096,擎亞,10,0,10,高橋,2024-11-29,5320
2892,第一金,10,0,10,高橋,2024-11-29,5320
2640,大車隊,10,0,10,高橋,2024-11-29,5320
8438,昶昕,10,0,10,高橋,2024-11-29,5320
00669R,國泰美國道瓊反1,10,0,10,高橋,2024-11-29,5320
2426,鼎元,40,30,10,高橋,2024-11-29,5320
00632R,元大台灣50反1,265,20,245,高橋,2024-12-02,5320
2515,中工,100,5,95,高橋,2024-12-02,5320
9919,康那香,90,0,90,高橋,2024-12-02,5320
2887,台新金,55,3,52,高橋,2024-12-02,5320
2356,英業達,53,2,51,高橋,2024-12-02,5320
1584,精剛,50,0,50,高橋,2024-12-02,5320
2208,台船,50,0,50,高橋,2024-12-02,5320
00725B,國泰投資級公司債,50,1,49,高橋,2024-12-02,5320
6558,興能高,101,53,48,高橋,2024-12-02,5320
2408,南亞科,45,2,43,高橋,2024-12-02,5320
1301,台塑,47,4,43,高橋,2024-12-02,5320
00950B,凱基A級公司債,41,0,41,高橋,2024-12-02,5320
00946,群益科技高息成長,43,2,41,高橋,2024-12-02,5320
2354,鴻準,53,18,35,高橋,2024-12-02,5320
2204,中華,34,2,32,高橋,2024-12-02,5320
2317,鴻海,42,10,32,高橋,2024-12-02,5320
2402,毅嘉,32,1,31,高橋,2024-12-02,5320
2834,臺企銀,32,3,29,高橋,2024-12-02,5320
00752,中信中國50,29,0,29,高橋,2024-12-02,5320
3323,加百裕,65,36,29,高橋,2024-12-02,5320
2641,正德,24,0,24,高橋,2024-12-02,5320
0056,元大高股息,28,4,24,高橋,2024-12-02,5320
2392,正崴,28,6,22,高橋,2024-12-02,5320
3706,神達,74,52,22,高橋,2024-12-02,5320
4746,台耀,21,0,21,高橋,2024-12-02,5320
2344,華邦電,53,32,21,高橋,2024-12-02,5320
1721,三晃,21,0,21,高橋,2024-12-02,5320
1446,宏和,21,0,21,高橋,2024-12-02,5320
3230,錦明,32,12,20,高橋,2024-12-02,5320
9105,泰金寶-DR,24,4,20,高橋,2024-12-02,5320
2609,陽明,30,10,20,高橋,2024-12-02,5320
2337,旺宏,21,2,19,高橋,2024-12-02,5320
00918,大華優利高填息30,17,0,17,高橋,2024-12-02,5320
2495,普安,16,0,16,高橋,2024-12-02,5320
2603,長榮,22,7,15,高橋,2024-12-02,5320
2912,統一超,15,0,15,高橋,2024-12-02,5320
2897,王道銀行,20,5,15,高橋,2024-12-02,5320
3024,憶聲,16,2,14,高橋,2024-12-02,5320
6257,矽格,14,0,14,高橋,2024-12-02,5320
2324,仁寶,20,6,14,高橋,2024-12-02,5320
2498,宏達電,15,2,13,高橋,2024-12-02,5320
6757,台灣虎航,18,5,13,高橋,2024-12-02,5320
1540,喬福,12,0,12,高橋,2024-12-02,5320
4123,晟德,16,4,12,高橋,2024-12-02,5320
6121,新普,11,0,11,高橋,2024-12-02,5320
2349,錸德,14,3,11,高橋,2024-12-02,5320
2314,台揚,11,0,11,高橋,2024-12-02,5320
2615,萬海,14,4,10,高橋,2024-12-02,5320
2107,厚生,10,0,10,高橋,2024-12-02,5320
5426,振發,10,0,10,高橋,2024-12-02,5320
00919,群益台灣精選高息,347,35,312,高橋,2024-12-03,5320
00632R,元大台灣50反1,273,20,253,高橋,2024-12-03,5320
00918,大華優利高填息30,230,6,224,高橋,2024-12-03,5320
2329,華泰,66,2,64,高橋,2024-12-03,5320
1809,中釉,60,0,60,高橋,2024-12-03,5320
6558,興能高,77,19,58,高橋,2024-12-03,5320
0056,元大高股息,58,3,55,高橋,2024-12-03,5320
4303,信立,64,10,54,高橋,2024-12-03,5320
2208,台船,50,0,50,高橋,2024-12-03,5320
00953B,群益優選非投等債,50,0,50,高橋,2024-12-03,5320
00915,凱基優選高股息30,48,0,48,高橋,2024-12-03,5320
00713,元大台灣高息低波,41,0,41,高橋,2024-12-03,5320
2010,春源,32,0,32,高橋,2024-12-03,5320
2897,王道銀行,30,0,30,高橋,2024-12-03,5320
3047,訊舟,36,8,28,高橋,2024-12-03,5320
5309,系統電,41,16,25,高橋,2024-12-03,5320
4904,遠傳,23,0,23,高橋,2024-12-03,5320
6235,華孚,28,7,21,高橋,2024-12-03,5320
4931,新盛力,29,9,20,高橋,2024-12-03,5320
8028,昇陽半導體,30,10,20,高橋,2024-12-03,5320
2419,仲琦,21,1,20,高橋,2024-12-03,5320
911868,同方友友-DR,20,0,20,高橋,2024-12-03,5320
00946,群益科技高息成長,19,0,19,高橋,2024-12-03,5320
5880,合庫金,22,3,19,高橋,2024-12-03,5320
2392,正崴,20,2,18,高橋,2024-12-03,5320
3049,精金,20,3,17,高橋,2024-12-03,5320
2303,聯電,46,29,17,高橋,2024-12-03,5320
00891,中信關鍵半導體,16,0,16,高橋,2024-12-03,5320
4991,環宇-KY,23,7,16,高橋,2024-12-03,5320
2498,宏達電,16,0,16,高橋,2024-12-03,5320
2408,南亞科,15,0,15,高橋,2024-12-03,5320
00643,群益深証中小,16,2,14,高橋,2024-12-03,5320
3481,群創,20,7,13,高橋,2024-12-03,5320
2317,鴻海,31,19,12,高橋,2024-12-03,5320
6160,欣技,12,0,12,高橋,2024-12-03,5320
3189,景碩,12,0,12,高橋,2024-12-03,5320
4562,穎漢,13,1,12,高橋,2024-12-03,5320
8034,榮群,12,0,12,高橋,2024-12-03,5320
3090,日電貿,13,2,11,高橋,2024-12-03,5320
6175,立敦,11,0,11,高橋,2024-12-03,5320
6215,和椿,11,0,11,高橋,2024-12-03,5320
00916,國泰全球品牌50,11,0,11,高橋,2024-12-03,5320
1909,榮成,10,0,10,高橋,2024-12-03,5320
2103,台橡,10,0,10,高橋,2024-12-03,5320
00959B,大華投等美債15Y+,10,0,10,高橋,2024-12-03,5320
6412,群電,10,0,10,高橋,2024-12-03,5320
00715L,期街口布蘭特正2,9,0,9,高橋,2024-12-03,5320
2354,鴻準,54,46,8,高橋,2024-12-03,5320
3231,緯創,16,8,8,高橋,2024-12-03,5320
4729,熒茂,28,20,8,高橋,2024-12-03,5320
00918,大華優利高填息30,272,5,267,高橋,2024-12-04,5320
00919,群益台灣精選高息,266,8,258,高橋,2024-12-04,5320
1314,中石化,250,2,248,高橋,2024-12-04,5320
2834,臺企銀,77,13,64,高橋,2024-12-04,5320
2633,台灣高鐵,55,0,55,高橋,2024-12-04,5320
00900,富邦特選高股息30,52,4,48,高橋,2024-12-04,5320
2002,中鋼,50,2,48,高橋,2024-12-04,5320
00953B,群益優選非投等債,47,0,47,高橋,2024-12-04,5320
2353,宏��,46,0,46,高橋,2024-12-04,5320
2880,華南金,50,7,43,高橋,2024-12-04,5320
2845,遠東銀,52,13,39,高橋,2024-12-04,5320
00878,國泰永續高股息,39,5,34,高橋,2024-12-04,5320
1313,聯成,32,0,32,高橋,2024-12-04,5320
3323,加百裕,67,37,30,高橋,2024-12-04,5320
911868,同方友友-DR,30,0,30,高橋,2024-12-04,5320
2303,聯電,47,17,30,高橋,2024-12-04,5320
3706,神達,109,81,28,高橋,2024-12-04,5320
00915,凱基優選高股息30,23,0,23,高橋,2024-12-04,5320
1303,南亞,33,10,23,高橋,2024-12-04,5320
3380,明泰,23,0,23,高橋,2024-12-04,5320
00946,群益科技高息成長,20,0,20,高橋,2024-12-04,5320
6180,橘子,20,0,20,高橋,2024-12-04,5320
2313,華通,19,1,18,高橋,2024-12-04,5320
3040,遠見,18,0,18,高橋,2024-12-04,5320
3362,先進光,21,3,18,高橋,2024-12-04,5320
3624,光頡,16,0,16,高橋,2024-12-04,5320
3025,星通,24,8,16,高橋,2024-12-04,5320
2408,南亞科,17,2,15,高橋,2024-12-04,5320
2887,台新金,14,0,14,高橋,2024-12-04,5320
2641,正德,14,0,14,高橋,2024-12-04,5320
2891,中信金,16,3,13,高橋,2024-12-04,5320
2492,華新科,19,6,13,高橋,2024-12-04,5320
3032,偉訓,23,10,13,高橋,2024-12-04,5320
4938,和碩,12,0,12,高橋,2024-12-04,5320
2610,華航,67,55,12,高橋,2024-12-04,5320
1102,亞泥,12,0,12,高橋,2024-12-04,5320
6152,百一,14,2,12,高橋,2024-12-04,5320
6505,台塑化,12,0,12,高橋,2024-12-04,5320
1446,宏和,42,30,12,高橋,2024-12-04,5320
2646,星宇航空,19,8,11,高橋,2024-12-04,5320
3019,亞光,13,2,11,高橋,2024-12-04,5320
4563,百德,11,0,11,高橋,2024-12-04,5320
00924,復華S＆P500成長,11,0,11,高橋,2024-12-04,5320
6640,均華,12,1,11,高橋,2024-12-04,5320
2884,玉山金,11,0,11,高橋,2024-12-04,5320
2301,光寶科,10,0,10,高橋,2024-12-04,5320
1519,華城,13,3,10,高橋,2024-12-04,5320
4927,泰鼎-KY,10,0,10,高橋,2024-12-04,5320
1731,美吾華,10,0,10,高橋,2024-12-04,5320
4714,永捷,10,0,10,高橋,2024-12-04,5320
00919,群益台灣精選高息,466,19,447,高橋,2024-12-05,5320
00715L,期街口布蘭特正2,347,0,347,高橋,2024-12-05,5320
1314,中石化,250,1,249,高橋,2024-12-05,5320
00918,大華優利高填息30,148,1,147,高橋,2024-12-05,5320
00953B,群益優選非投等債,111,0,111,高橋,2024-12-05,5320
6288,聯嘉,100,0,100,高橋,2024-12-05,5320
2303,聯電,104,10,94,高橋,2024-12-05,5320
2834,臺企銀,109,21,88,高橋,2024-12-05,5320
1815,富喬,128,49,79,高橋,2024-12-05,5320
00753L,中信中國50正2,60,0,60,高橋,2024-12-05,5320
2882,國泰金,59,9,50,高橋,2024-12-05,5320
00712,復華富時不動產,50,0,50,高橋,2024-12-05,5320
00878,國泰永續高股息,64,30,34,高橋,2024-12-05,5320
2356,英業達,44,11,33,高橋,2024-12-05,5320
1304,台聚,32,0,32,高橋,2024-12-05,5320
2426,鼎元,31,0,31,高橋,2024-12-05,5320
1446,宏和,31,0,31,高橋,2024-12-05,5320
3047,訊舟,33,7,26,高橋,2024-12-05,5320
8171,天宇,35,10,25,高橋,2024-12-05,5320
6191,精成科,23,0,23,高橋,2024-12-05,5320
2002,中鋼,22,0,22,高橋,2024-12-05,5320
2615,萬海,26,4,22,高橋,2024-12-05,5320
00940,元大台灣價值高息,36,15,21,高橋,2024-12-05,5320
4157,太景*-KY,21,0,21,高橋,2024-12-05,5320
2375,凱美,25,5,20,高橋,2024-12-05,5320
5309,系統電,58,38,20,高橋,2024-12-05,5320
6727,亞泰金屬,20,0,20,高橋,2024-12-05,5320
00900,富邦特選高股息30,20,0,20,高橋,2024-12-05,5320
00905,FT臺灣Smart,20,0,20,高橋,2024-12-05,5320
4729,熒茂,21,3,18,高橋,2024-12-05,5320
2312,金寶,67,49,18,高橋,2024-12-05,5320
3090,日電貿,61,44,17,高橋,2024-12-05,5320
2317,鴻海,25,8,17,高橋,2024-12-05,5320
6763,綠界科技*,44,28,16,高橋,2024-12-05,5320
3024,憶聲,16,1,15,高橋,2024-12-05,5320
4303,信立,27,12,15,高橋,2024-12-05,5320
00932,兆豐永續高息等權,15,0,15,高橋,2024-12-05,5320
00939,統一台灣高息動能,20,5,15,高橋,2024-12-05,5320
2498,宏達電,15,0,15,高橋,2024-12-05,5320
4510,高鋒,33,18,15,高橋,2024-12-05,5320
2646,星宇航空,30,15,15,高橋,2024-12-05,5320
3211,順達,77,62,15,高橋,2024-12-05,5320
3323,加百裕,46,32,14,高橋,2024-12-05,5320
3715,定穎投控,14,1,13,高橋,2024-12-05,5320
2408,南亞科,12,0,12,高橋,2024-12-05,5320
6213,聯茂,16,4,12,高橋,2024-12-05,5320
4952,凌通,12,0,12,高橋,2024-12-05,5320
1605,華新,15,3,12,高橋,2024-12-05,5320
2542,興富發,11,0,11,高橋,2024-12-05,5320
1711,永光,19,8,11,高橋,2024-12-05,5320
00918,大華優利高填息30,548,1,547,高橋,2024-12-06,5320
2399,映泰,114,18,96,高橋,2024-12-06,5320
2610,華航,129,33,96,高橋,2024-12-06,5320
2337,旺宏,92,18,74,高橋,2024-12-06,5320
00909,國泰數位支付服務,52,0,52,高橋,2024-12-06,5320
4743,合一,44,2,42,高橋,2024-12-06,5320
3706,神達,100,65,35,高橋,2024-12-06,5320
00715L,期街口布蘭特正2,34,0,34,高橋,2024-12-06,5320
00953B,群益優選非投等債,30,0,30,高橋,2024-12-06,5320
6127,九豪,25,1,24,高橋,2024-12-06,5320
1721,三晃,24,1,23,高橋,2024-12-06,5320
4562,穎漢,23,0,23,高橋,2024-12-06,5320
3323,加百裕,28,6,22,高橋,2024-12-06,5320
6175,立敦,22,0,22,高橋,2024-12-06,5320
2486,一詮,25,4,21,高橋,2024-12-06,5320
6278,台表科,21,0,21,高橋,2024-12-06,5320
00962,台新AI優息動能,21,0,21,高橋,2024-12-06,5320
5309,系統電,48,27,21,高橋,2024-12-06,5320
2889,國票金,20,0,20,高橋,2024-12-06,5320
8249,菱光,26,6,20,高橋,2024-12-06,5320
5871,中租-KY,19,1,18,高橋,2024-12-06,5320
1815,富喬,52,34,18,高橋,2024-12-06,5320
2349,錸德,25,7,18,高橋,2024-12-06,5320
00941,中信上游半導體,18,0,18,高橋,2024-12-06,5320
3037,欣興,21,5,16,高橋,2024-12-06,5320
5353,台林,15,0,15,高橋,2024-12-06,5320
2367,燿華,12,0,12,高橋,2024-12-06,5320
3625,西勝,14,2,12,高橋,2024-12-06,5320
3450,聯鈞,18,6,12,高橋,2024-12-06,5320
4956,光鋐,31,19,12,高橋,2024-12-06,5320
8081,致新,12,0,12,高橋,2024-12-06,5320
3663,鑫科,11,0,11,高橋,2024-12-06,5320
00938,凱基優選30,11,0,11,高橋,2024-12-06,5320
3264,欣銓,11,0,11,高橋,2024-12-06,5320
5469,瀚宇博,11,0,11,高橋,2024-12-06,5320
1608,華榮,13,2,11,高橋,2024-12-06,5320
2354,鴻準,168,157,11,高橋,2024-12-06,5320
8937,合騏,11,1,10,高橋,2024-12-06,5320
00891,中信關鍵半導體,10,0,10,高橋,2024-12-06,5320
3035,智原,14,4,10,高橋,2024-12-06,5320
6531,愛普*,10,0,10,高橋,2024-12-06,5320
6215,和椿,10,0,10,高橋,2024-12-06,5320
2834,臺企銀,12,2,10,高橋,2024-12-06,5320
00945B,凱基美國非投等債,10,0,10,高橋,2024-12-06,5320
1304,台聚,10,0,10,高橋,2024-12-06,5320
1605,華新,17,7,10,高橋,2024-12-06,5320
00930,永豐ESG低碳高息,10,0,10,高橋,2024-12-06,5320
2102,泰豐,10,0,10,高橋,2024-12-06,5320
2241,艾姆勒,10,0,10,高橋,2024-12-06,5320
4729,熒茂,10,0,10,高橋,2024-12-06,5320
00715L,期街口布蘭特正2,341,0,341,高橋,2024-12-09,5320
1314,中石化,252,1,251,高橋,2024-12-09,5320
2353,宏��,100,15,85,高橋,2024-12-09,5320
2344,華邦電,66,4,62,高橋,2024-12-09,5320
2354,鴻準,94,36,58,高橋,2024-12-09,5320
5328,華容,60,10,50,高橋,2024-12-09,5320
3622,洋華,45,0,45,高橋,2024-12-09,5320
2002,中鋼,43,1,42,高橋,2024-12-09,5320
00943,兆豐電子高息等權,40,0,40,高橋,2024-12-09,5320
00918,大華優利高填息30,49,11,38,高橋,2024-12-09,5320
3047,訊舟,33,1,32,高橋,2024-12-09,5320
0056,元大高股息,42,11,31,高橋,2024-12-09,5320
3380,明泰,31,0,31,高橋,2024-12-09,5320
3715,定穎投控,59,28,31,高橋,2024-12-09,5320
911608,明輝-DR,30,0,30,高橋,2024-12-09,5320
6684,安格,32,2,30,高橋,2024-12-09,5320
00878,國泰永續高股息,33,4,29,高橋,2024-12-09,5320
2303,聯電,48,23,25,高橋,2024-12-09,5320
2520,冠德,24,1,23,高橋,2024-12-09,5320
2312,金寶,34,12,22,高橋,2024-12-09,5320
1584,精剛,21,0,21,高橋,2024-12-09,5320
3260,威剛,21,0,21,高橋,2024-12-09,5320
2449,京元電子,26,5,21,高橋,2024-12-09,5320
2317,鴻海,27,7,20,高橋,2024-12-09,5320
3231,緯創,45,24,21,高橋,2024-12-09,5320
3033,威健,22,2,20,高橋,2024-12-09,5320
2468,華經,20,1,19,高橋,2024-12-09,5320
9105,泰金寶-DR,19,2,17,高橋,2024-12-09,5320
1471,首利,17,0,17,高橋,2024-12-09,5320
2883,凱基金,16,0,16,高橋,2024-12-09,5320
2436,偉詮電,17,1,16,高橋,2024-12-09,5320
3481,群創,40,25,15,高橋,2024-12-09,5320
00896,中信綠能及電動車,15,0,15,高橋,2024-12-09,5320
00946,群益科技高息成長,15,0,15,高橋,2024-12-09,5320
00953B,群益優選非投等債,15,0,15,高橋,2024-12-09,5320
2062,橋椿,19,5,14,高橋,2024-12-09,5320
2356,英業達,26,13,13,高橋,2024-12-09,5320
2498,宏達電,17,4,13,高橋,2024-12-09,5320
2349,錸德,15,3,12,高橋,2024-12-09,5320
00962,台新AI優息動能,12,0,12,高橋,2024-12-09,5320
1216,統一,11,0,11,高橋,2024-12-09,5320
1319,東陽,11,0,11,高橋,2024-12-09,5320
2399,映泰,20,9,11,高橋,2024-12-09,5320
6140,訊達,11,0,11,高橋,2024-12-09,5320
2543,皇昌,10,0,10,高橋,2024-12-09,5320
00891,中信關鍵半導體,10,0,10,高橋,2024-12-09,5320
4168,醣聯,10,0,10,高橋,2024-12-09,5320
00887,永豐中國科技50大,10,0,10,高橋,2024-12-09,5320
2537,聯上發,10,0,10,高橋,2024-12-09,5320
00945B,凱基美國非投等債,10,0,10,高橋,2024-12-09,5320
00918,大華優利高填息30,322,0,322,高橋,2024-12-10,5320
00751B,元大AAA至A公司債,107,0,107,高橋,2024-12-10,5320
2317,鴻海,64,5,59,高橋,2024-12-10,5320
2883,凱基金,51,0,51,高橋,2024-12-10,5320
2356,英業達,56,12,44,高橋,2024-12-10,5320
3019,亞光,46,5,41,高橋,2024-12-10,5320
3706,神達,140,99,41,高橋,2024-12-10,5320
1446,宏和,44,6,38,高橋,2024-12-10,5320
2353,宏��,36,3,33,高橋,2024-12-10,5320
1584,精剛,30,0,30,高橋,2024-12-10,5320
00946,群益科技高息成長,30,0,30,高橋,2024-12-10,5320
9904,寶成,25,0,25,高橋,2024-12-10,5320
3231,緯創,29,4,25,高橋,2024-12-10,5320
6180,橘子,23,0,23,高橋,2024-12-10,5320
1605,華新,38,16,22,高橋,2024-12-10,5320
5353,台林,20,0,20,高橋,2024-12-10,5320
00945B,凱基美國非投等債,20,0,20,高橋,2024-12-10,5320
00900,富邦特選高股息30,19,0,19,高橋,2024-12-10,5320
00887,永豐中國科技50大,91,72,19,高橋,2024-12-10,5320
2354,鴻準,36,17,19,高橋,2024-12-10,5320
5381,合正,18,0,18,高橋,2024-12-10,5320
1449,佳和,20,3,17,高橋,2024-12-10,5320
00858,永豐美國500大,17,0,17,高橋,2024-12-10,5320
00922,國泰台灣領袖50,17,0,17,高橋,2024-12-10,5320
00915,凱基優選高股息30,16,0,16,高橋,2024-12-10,5320
2312,金寶,19,5,14,高橋,2024-12-10,5320
00713,元大台灣高息低波,14,0,14,高橋,2024-12-10,5320
00909,國泰數位支付服務,13,0,13,高橋,2024-12-10,5320
1101,台泥,13,0,13,高橋,2024-12-10,5320
0056,元大高股息,12,0,12,高橋,2024-12-10,5320
1536,和大,13,1,12,高橋,2024-12-10,5320
2615,萬海,36,24,12,高橋,2024-12-10,5320
00878,國泰永續高股息,25,13,12,高橋,2024-12-10,5320
1815,富喬,25,13,12,高橋,2024-12-10,5320
3030,德律,12,0,12,高橋,2024-12-10,5320
1303,南亞,15,3,12,高橋,2024-12-10,5320
911608,明輝-DR,15,3,12,高橋,2024-12-10,5320
2449,京元電子,16,5,11,高橋,2024-12-10,5320
2070,精湛,11,0,11,高橋,2024-12-10,5320
2401,凌陽,13,2,11,高橋,2024-12-10,5320
2002,中鋼,11,0,11,高橋,2024-12-10,5320
6962,ITH-KY,10,0,10,高橋,2024-12-10,5320
2303,聯電,25,15,10,高橋,2024-12-10,5320
00948B,中信優息投資級債,10,0,10,高橋,2024-12-10,5320
2537,聯上發,10,0,10,高橋,2024-12-10,5320
2201,裕隆,10,0,10,高橋,2024-12-10,5320
2610,華航,15,5,10,高橋,2024-12-10,5320
3346,麗清,10,0,10,高橋,2024-12-10,5320
00939,統一台灣高息動能,20,10,10,高橋,2024-12-10,5320
2102,泰豐,10,0,10,高橋,2024-12-10,5320
00918,大華優利高填息30,186,0,186,高橋,2024-12-11,5320
00900,富邦特選高股息30,144,0,144,高橋,2024-12-11,5320
00919,群益台灣精選高息,142,16,126,高橋,2024-12-11,5320
2344,華邦電,135,26,109,高橋,2024-12-11,5320
00940,元大台灣價值高息,109,3,106,高橋,2024-12-11,5320
2317,鴻海,108,14,94,高橋,2024-12-11,5320
2609,陽明,128,50,78,高橋,2024-12-11,5320
2883,凱基金,60,0,60,高橋,2024-12-11,5320
00680L,元大美債20正2,52,0,52,高橋,2024-12-11,5320
2890,永豐金,51,0,51,高橋,2024-12-11,5320
2312,金寶,57,6,51,高橋,2024-12-11,5320
5328,華容,66,16,50,高橋,2024-12-11,5320
1595,川寶,49,2,47,高橋,2024-12-11,5320
9904,寶成,44,2,42,高橋,2024-12-11,5320
2201,裕隆,38,0,38,高橋,2024-12-11,5320
3024,憶聲,36,0,36,高橋,2024-12-11,5320
3231,緯創,35,1,34,高橋,2024-12-11,5320
00753L,中信中國50正2,33,1,32,高橋,2024-12-11,5320
2303,聯電,33,2,31,高橋,2024-12-11,5320
6026,福邦證,30,0,30,高橋,2024-12-11,5320
2886,兆豐金,35,5,30,高橋,2024-12-11,5320
6470,宇智,32,3,29,高橋,2024-12-11,5320
6108,競國,30,1,29,高橋,2024-12-11,5320
1309,台達化,26,0,26,高橋,2024-12-11,5320
00679B,元大美債20年,28,2,26,高橋,2024-12-11,5320
6770,力積電,36,12,24,高橋,2024-12-11,5320
2362,藍天,25,1,24,高橋,2024-12-11,5320
2892,第一金,23,0,23,高橋,2024-12-11,5320
3379,彬台,22,2,20,高橋,2024-12-11,5320
2880,華南金,20,0,20,高橋,2024-12-11,5320
2610,華航,28,8,20,高橋,2024-12-11,5320
2543,皇昌,20,0,20,高橋,2024-12-11,5320
0056,元大高股息,28,9,19,高橋,2024-12-11,5320
00878,國泰永續高股息,19,0,19,高橋,2024-12-11,5320
00637L,元大滬深300正2,25,7,18,高橋,2024-12-11,5320
1301,台塑,19,2,17,高橋,2024-12-11,5320
2399,映泰,28,12,16,高橋,2024-12-11,5320
00713,元大台灣高息低波,15,0,15,高橋,2024-12-11,5320
00915,凱基優選高股息30,15,0,15,高橋,2024-12-11,5320
2495,普安,15,0,15,高橋,2024-12-11,5320
00665L,富邦�琤肭磪囓�2,15,0,15,高橋,2024-12-11,5320
5905,南仁湖,15,0,15,高橋,2024-12-11,5320
2027,大成鋼,15,0,15,高橋,2024-12-11,5320
1519,華城,14,0,14,高橋,2024-12-11,5320
3622,洋華,13,0,13,高橋,2024-12-11,5320
6121,新普,13,0,13,高橋,2024-12-11,5320
6877,鏵友益,17,4,13,高橋,2024-12-11,5320
2382,廣達,13,1,12,高橋,2024-12-11,5320
2371,大同,16,4,12,高橋,2024-12-11,5320
2002,中鋼,17,5,12,高橋,2024-12-11,5320
00918,大華優利高填息30,508,25,483,高橋,2024-12-12,5320
00712,復華富時不動產,222,10,212,高橋,2024-12-12,5320
9105,泰金寶-DR,162,36,126,高橋,2024-12-12,5320
00962,台新AI優息動能,105,0,105,高橋,2024-12-12,5320
2208,台船,100,0,100,高橋,2024-12-12,5320
0056,元大高股息,82,5,77,高橋,2024-12-12,5320
2615,萬海,71,3,68,高橋,2024-12-12,5320
2317,鴻海,75,16,59,高橋,2024-12-12,5320
8176,智捷,50,0,50,高橋,2024-12-12,5320
3062,建漢,56,7,49,高橋,2024-12-12,5320
00915,凱基優選高股息30,43,0,43,高橋,2024-12-12,5320
6770,力積電,61,20,41,高橋,2024-12-12,5320
00937B,群益ESG投等債20,39,0,39,高橋,2024-12-12,5320
911608,明輝-DR,31,0,31,高橋,2024-12-12,5320
2408,南亞科,43,13,30,高橋,2024-12-12,5320
2371,大同,42,12,30,高橋,2024-12-12,5320
00919,群益台灣精選高息,39,12,27,高橋,2024-12-12,5320
2367,燿華,47,21,26,高橋,2024-12-12,5320
00688L,國泰20年美債正2,25,0,25,高橋,2024-12-12,5320
2543,皇昌,26,4,22,高橋,2024-12-12,5320
1616,億泰,21,0,21,高橋,2024-12-12,5320
6141,柏承,20,0,20,高橋,2024-12-12,5320
00887,永豐中國科技50大,20,0,20,高橋,2024-12-12,5320
1528,恩德,32,13,19,高橋,2024-12-12,5320
1446,宏和,21,2,19,高橋,2024-12-12,5320
1326,台化,25,8,17,高橋,2024-12-12,5320
00720B,元大投資級公司債,16,0,16,高橋,2024-12-12,5320
2027,大成鋼,15,0,15,高橋,2024-12-12,5320
2328,廣宇,49,34,15,高橋,2024-12-12,5320
1605,華新,15,0,15,高橋,2024-12-12,5320
00757,統一FANG+,15,0,15,高橋,2024-12-12,5320
2609,陽明,127,113,14,高橋,2024-12-12,5320
2886,兆豐金,15,1,14,高橋,2024-12-12,5320
6213,聯茂,15,1,14,高橋,2024-12-12,5320
1802,台玻,16,2,14,高橋,2024-12-12,5320
00679B,元大美債20年,29,16,13,高橋,2024-12-12,5320
2337,旺宏,16,3,13,高橋,2024-12-12,5320
00632R,元大台灣50反1,18,5,13,高橋,2024-12-12,5320
6120,達運,13,0,13,高橋,2024-12-12,5320
1303,南亞,44,31,13,高橋,2024-12-12,5320
00680L,元大美債20正2,13,0,13,高橋,2024-12-12,5320
6244,茂迪,13,0,13,高橋,2024-12-12,5320
6558,興能高,21,8,13,高橋,2024-12-12,5320
00643,群益深証中小,12,0,12,高橋,2024-12-12,5320
3501,維熹,12,0,12,高橋,2024-12-12,5320
2537,聯上發,12,1,11,高橋,2024-12-12,5320
00687B,國泰20年美債,34,23,11,高橋,2024-12-12,5320
4956,光鋐,13,2,11,高橋,2024-12-12,5320
4306,炎洲,11,0,11,高橋,2024-12-12,5320
6412,群電,11,0,11,高橋,2024-12-12,5320
6770,力積電,215,0,215,高橋,2024-12-13,5320
00915,凱基優選高股息30,165,0,165,高橋,2024-12-13,5320
00919,群益台灣精選高息,148,3,145,高橋,2024-12-13,5320
00918,大華優利高填息30,119,1,118,高橋,2024-12-13,5320
5880,合庫金,92,0,92,高橋,2024-12-13,5320
00937B,群益ESG投等債20,63,0,63,高橋,2024-12-13,5320
3706,神達,134,78,56,高橋,2024-12-13,5320
2886,兆豐金,57,1,56,高橋,2024-12-13,5320
2204,中華,53,1,52,高橋,2024-12-13,5320
2887,台新金,50,0,50,高橋,2024-12-13,5320
00753L,中信中國50正2,56,10,46,高橋,2024-12-13,5320
00878,國泰永續高股息,47,2,45,高橋,2024-12-13,5320
00795B,中信美國公債20年,45,0,45,高橋,2024-12-13,5320
2354,鴻準,49,6,43,高橋,2024-12-13,5320
3673,TPK-KY,41,0,41,高橋,2024-12-13,5320
00940,元大台灣價值高息,46,6,40,高橋,2024-12-13,5320
8176,智捷,40,0,40,高橋,2024-12-13,5320
2317,鴻海,46,8,38,高橋,2024-12-13,5320
2609,陽明,148,114,34,高橋,2024-12-13,5320
3694,海華,31,1,30,高橋,2024-12-13,5320
1718,中纖,29,0,29,高橋,2024-12-13,5320
2328,廣宇,34,5,29,高橋,2024-12-13,5320
2313,華通,46,19,27,高橋,2024-12-13,5320
2367,燿華,25,0,25,高橋,2024-12-13,5320
3231,緯創,41,15,26,高橋,2024-12-13,5320
9904,寶成,25,0,25,高橋,2024-12-13,5320
1316,上曜,39,15,24,高橋,2024-12-13,5320
2610,華航,34,10,24,高橋,2024-12-13,5320
2498,宏達電,25,1,24,高橋,2024-12-13,5320
2618,長榮航,48,26,22,高橋,2024-12-13,5320
2401,凌陽,22,0,22,高橋,2024-12-13,5320
00713,元大台灣高息低波,22,1,21,高橋,2024-12-13,5320
3041,揚智,25,4,21,高橋,2024-12-13,5320
2303,聯電,85,65,20,高橋,2024-12-13,5320
2332,友訊,24,4,20,高橋,2024-12-13,5320
1717,長興,20,0,20,高橋,2024-12-13,5320
3260,威剛,21,1,20,高橋,2024-12-13,5320
3622,洋華,20,0,20,高橋,2024-12-13,5320
8215,明基材,20,0,20,高橋,2024-12-13,5320
3037,欣興,21,2,19,高橋,2024-12-13,5320
00637L,元大滬深300正2,59,40,19,高橋,2024-12-13,5320
1584,精剛,20,2,18,高橋,2024-12-13,5320
3296,勝德,20,2,18,高橋,2024-12-13,5320
00687B,國泰20年美債,18,0,18,高橋,2024-12-13,5320
00946,群益科技高息成長,17,0,17,高橋,2024-12-13,5320
2355,敬鵬,17,0,17,高橋,2024-12-13,5320
2382,廣達,16,1,15,高橋,2024-12-13,5320
1524,耿鼎,25,10,15,高橋,2024-12-13,5320
1522,堤維西,15,1,14,高橋,2024-12-13,5320
1802,台玻,14,0,14,高橋,2024-12-13,5320
00918,大華優利高填息30,230,0,230,高橋,2024-12-16,5320
00940,元大台灣價值高息,229,101,128,高橋,2024-12-16,5320
2887,台新金,115,1,114,高橋,2024-12-16,5320
2034,允強,105,0,105,高橋,2024-12-16,5320
00919,群益台灣精選高息,98,0,98,高橋,2024-12-16,5320
2883,凱基金,165,67,98,高橋,2024-12-16,5320
1802,台玻,98,0,98,高橋,2024-12-16,5320
00915,凱基優選高股息30,92,3,89,高橋,2024-12-16,5320
00969B,元大零息超長美債,70,0,70,高橋,2024-12-16,5320
0056,元大高股息,71,10,61,高橋,2024-12-16,5320
2002,中鋼,71,18,53,高橋,2024-12-16,5320
00706L,期元大S＆P日圓正2,50,0,50,高橋,2024-12-16,5320
2801,彰銀,60,13,47,高橋,2024-12-16,5320
00948B,中信優息投資級債,43,0,43,高橋,2024-12-16,5320
00687B,國泰20年美債,44,2,42,高橋,2024-12-16,5320
2317,鴻海,51,12,39,高橋,2024-12-16,5320
00637L,元大滬深300正2,37,0,37,高橋,2024-12-16,5320
2382,廣達,38,1,37,高橋,2024-12-16,5320
00679B,元大美債20年,37,3,34,高橋,2024-12-16,5320
3231,緯創,46,12,34,高橋,2024-12-16,5320
2618,長榮航,44,11,33,高橋,2024-12-16,5320
2408,南亞科,64,33,31,高橋,2024-12-16,5320
3481,群創,29,0,29,高橋,2024-12-16,5320
2367,燿華,36,8,28,高橋,2024-12-16,5320
2615,萬海,44,20,24,高橋,2024-12-16,5320
3264,欣銓,24,1,23,高橋,2024-12-16,5320
2376,技嘉,25,3,22,高橋,2024-12-16,5320
2363,矽統,27,5,22,高橋,2024-12-16,5320
6235,華孚,23,1,22,高橋,2024-12-16,5320
6108,競國,26,4,22,高橋,2024-12-16,5320
9908,大台北,20,0,20,高橋,2024-12-16,5320
911608,明輝-DR,20,0,20,高橋,2024-12-16,5320
2010,春源,20,0,20,高橋,2024-12-16,5320
2027,大成鋼,18,0,18,高橋,2024-12-16,5320
00946,群益科技高息成長,17,0,17,高橋,2024-12-16,5320
00688L,國泰20年美債正2,17,0,17,高橋,2024-12-16,5320
1718,中纖,16,0,16,高橋,2024-12-16,5320
2355,敬鵬,29,13,16,高橋,2024-12-16,5320
1303,南亞,20,4,16,高橋,2024-12-16,5320
00878,國泰永續高股息,33,17,16,高橋,2024-12-16,5320
3037,欣興,22,6,16,高橋,2024-12-16,5320
3032,偉訓,18,2,16,高橋,2024-12-16,5320
2609,陽明,174,159,15,高橋,2024-12-16,5320
3450,聯鈞,28,13,15,高橋,2024-12-16,5320
2352,佳世達,15,0,15,高橋,2024-12-16,5320
2646,星宇航空,33,19,14,高橋,2024-12-16,5320
6152,百一,14,0,14,高橋,2024-12-16,5320
3694,海華,19,5,14,高橋,2024-12-16,5320
2498,宏達電,17,4,13,高橋,2024-12-16,5320
1595,川寶,13,0,13,高橋,2024-12-16,5320
00918,大華優利高填息30,360,1,359,高橋,2024-12-17,5320
00937B,群益ESG投等債20,172,0,172,高橋,2024-12-17,5320
00680L,元大美債20正2,281,110,171,高橋,2024-12-17,5320
2374,佳能,190,57,133,高橋,2024-12-17,5320
6770,力積電,109,6,103,高橋,2024-12-17,5320
00953B,群益優選非投等債,102,0,102,高橋,2024-12-17,5320
00751B,元大AAA至A公司債,92,0,92,高橋,2024-12-17,5320
3481,群創,116,28,88,高橋,2024-12-17,5320
00948B,中信優息投資級債,80,0,80,高橋,2024-12-17,5320
00687B,國泰20年美債,79,0,79,高橋,2024-12-17,5320
2834,臺企銀,80,3,77,高橋,2024-12-17,5320
0056,元大高股息,72,5,67,高橋,2024-12-17,5320
2409,友達,65,0,65,高橋,2024-12-17,5320
2314,台揚,68,3,65,高橋,2024-12-17,5320
5880,合庫金,54,0,54,高橋,2024-12-17,5320
2317,鴻海,50,6,44,高橋,2024-12-17,5320
2610,華航,66,25,41,高橋,2024-12-17,5320
1101,台泥,36,0,36,高橋,2024-12-17,5320
00632R,元大台灣50反1,36,2,34,高橋,2024-12-17,5320
6695,芯鼎,44,12,32,高橋,2024-12-17,5320
00706L,期元大S＆P日圓正2,30,0,30,高橋,2024-12-17,5320
00951,台新日本半導體,30,0,30,高橋,2024-12-17,5320
00878,國泰永續高股息,30,2,28,高橋,2024-12-17,5320
3058,立德,26,0,26,高橋,2024-12-17,5320
6151,晉倫,25,0,25,高橋,2024-12-17,5320
1314,中石化,23,0,23,高橋,2024-12-17,5320
3706,神達,41,19,22,高橋,2024-12-17,5320
2408,南亞科,43,22,21,高橋,2024-12-17,5320
2892,第一金,21,0,21,高橋,2024-12-17,5320
00713,元大台灣高息低波,21,1,20,高橋,2024-12-17,5320
8111,立��,34,14,20,高橋,2024-12-17,5320
1301,台塑,20,1,19,高橋,2024-12-17,5320
00688L,國泰20年美債正2,18,0,18,高橋,2024-12-17,5320
2301,光寶科,17,0,17,高橋,2024-12-17,5320
9904,寶成,17,0,17,高橋,2024-12-17,5320
4503,金雨,18,2,16,高橋,2024-12-17,5320
9958,世紀鋼,15,0,15,高橋,2024-12-17,5320
00970B,新光BBB投等債20,14,0,14,高橋,2024-12-17,5320
6209,今國光,12,0,12,高橋,2024-12-17,5320
2883,凱基金,15,3,12,高橋,2024-12-17,5320
8249,菱光,59,47,12,高橋,2024-12-17,5320
2352,佳世達,11,0,11,高橋,2024-12-17,5320
2382,廣達,19,8,11,高橋,2024-12-17,5320
1718,中纖,11,0,11,高橋,2024-12-17,5320
4956,光鋐,11,0,11,高橋,2024-12-17,5320
5483,中美晶,13,2,11,高橋,2024-12-17,5320
6152,百一,11,0,11,高橋,2024-12-17,5320
2355,敬鵬,10,0,10,高橋,2024-12-17,5320
2303,聯電,57,47,10,高橋,2024-12-17,5320
4306,炎洲,10,0,10,高橋,2024-12-17,5320
00918,大華優利高填息30,129,23,106,高橋,2024-12-18,5320
3481,群創,101,0,101,高橋,2024-12-18,5320
2374,佳能,101,42,59,高橋,2024-12-18,5320
3706,神達,70,11,59,高橋,2024-12-18,5320
00919,群益台灣精選高息,84,29,55,高橋,2024-12-18,5320
00706L,期元大S＆P日圓正2,40,0,40,高橋,2024-12-18,5320
1301,台塑,33,5,28,高橋,2024-12-18,5320
6962,ITH-KY,40,12,28,高橋,2024-12-18,5320
1314,中石化,25,0,25,高橋,2024-12-18,5320
00680L,元大美債20正2,40,16,24,高橋,2024-12-18,5320
1785,光洋科,24,1,23,高橋,2024-12-18,5320
6443,元晶,28,6,22,高橋,2024-12-18,5320
00650L,復華香港正2,40,20,20,高橋,2024-12-18,5320
00969B,元大零息超長美債,20,0,20,高橋,2024-12-18,5320
3380,明泰,20,0,20,高橋,2024-12-18,5320
6244,茂迪,24,5,19,高橋,2024-12-18,5320
3231,緯創,22,3,19,高橋,2024-12-18,5320
2812,台中銀,18,0,18,高橋,2024-12-18,5320
00712,復華富時不動產,18,0,18,高橋,2024-12-18,5320
2603,長榮,16,0,16,高橋,2024-12-18,5320
4426,利勤,15,0,15,高橋,2024-12-18,5320
2356,英業達,17,2,15,高橋,2024-12-18,5320
2401,凌陽,17,2,15,高橋,2024-12-18,5320
00909,國泰數位支付服務,15,0,15,高橋,2024-12-18,5320
5328,華容,19,5,14,高橋,2024-12-18,5320
1718,中纖,14,0,14,高橋,2024-12-18,5320
00915,凱基優選高股息30,13,0,13,高橋,2024-12-18,5320
3702,大聯大,13,0,13,高橋,2024-12-18,5320
2338,光罩,16,3,13,高橋,2024-12-18,5320
2606,裕民,13,0,13,高橋,2024-12-18,5320
2344,華邦電,41,29,12,高橋,2024-12-18,5320
2618,長榮航,19,8,11,高橋,2024-12-18,5320
2886,兆豐金,13,3,10,高橋,2024-12-18,5320
2801,彰銀,11,1,10,高橋,2024-12-18,5320
2609,陽明,63,53,10,高橋,2024-12-18,5320
1536,和大,10,0,10,高橋,2024-12-18,5320
2323,中環,10,0,10,高橋,2024-12-18,5320
6141,柏承,10,0,10,高橋,2024-12-18,5320
3058,立德,10,0,10,高橋,2024-12-18,5320
3122,笙泉,10,0,10,高橋,2024-12-18,5320
1101,台泥,10,0,10,高橋,2024-12-18,5320
00887,永豐中國科技50大,10,0,10,高橋,2024-12-18,5320
5302,太欣,10,0,10,高橋,2024-12-18,5320
2809,京城銀,10,0,10,高橋,2024-12-18,5320
6140,訊達,10,0,10,高橋,2024-12-18,5320
8438,昶昕,10,0,10,高橋,2024-12-18,5320
1611,中電,10,0,10,高橋,2024-12-18,5320
5905,南仁湖,10,0,10,高橋,2024-12-18,5320
2002,中鋼,11,2,9,高橋,2024-12-18,5320
2520,冠德,11,2,9,高橋,2024-12-18,5320
00687B,國泰20年美債,290,102,188,高橋,2024-12-19,5320
00937B,群益ESG投等債20,188,0,188,高橋,2024-12-19,5320
6770,力積電,118,11,107,高橋,2024-12-19,5320
00950B,凱基A級公司債,93,0,93,高橋,2024-12-19,5320
00918,大華優利高填息30,93,3,90,高橋,2024-12-19,5320
2317,鴻海,85,4,81,高橋,2024-12-19,5320
2887,台新金,65,0,65,高橋,2024-12-19,5320
00919,群益台灣精選高息,148,84,64,高橋,2024-12-19,5320
00948B,中信優息投資級債,63,0,63,高橋,2024-12-19,5320
00878,國泰永續高股息,67,5,62,高橋,2024-12-19,5320
2890,永豐金,57,0,57,高橋,2024-12-19,5320
2812,台中銀,50,0,50,高橋,2024-12-19,5320
1528,恩德,48,1,47,高橋,2024-12-19,5320
00680L,元大美債20正2,125,85,40,高橋,2024-12-19,5320
9950,萬國通,40,0,40,高橋,2024-12-19,5320
2204,中華,41,2,39,高橋,2024-12-19,5320
2609,陽明,96,58,38,高橋,2024-12-19,5320
2834,臺企銀,40,3,37,高橋,2024-12-19,5320
9904,寶成,36,0,36,高橋,2024-12-19,5320
1309,台達化,35,0,35,高橋,2024-12-19,5320
00706L,期元大S＆P日圓正2,35,0,35,高橋,2024-12-19,5320
00753L,中信中國50正2,35,0,35,高橋,2024-12-19,5320
2886,兆豐金,33,1,32,高橋,2024-12-19,5320
4105,東洋,30,0,30,高橋,2024-12-19,5320
00969B,元大零息超長美債,30,0,30,高橋,2024-12-19,5320
0056,元大高股息,30,0,30,高橋,2024-12-19,5320
00940,元大台灣價值高息,45,17,28,高橋,2024-12-19,5320
6962,ITH-KY,33,5,28,高橋,2024-12-19,5320
00953B,群益優選非投等債,28,0,28,高橋,2024-12-19,5320
5704,老爺知,28,2,26,高橋,2024-12-19,5320
00712,復華富時不動產,24,0,24,高橋,2024-12-19,5320
4931,新盛力,58,34,24,高橋,2024-12-19,5320
1504,東元,26,2,24,高橋,2024-12-19,5320
00931B,統一美債20年,22,0,22,高橋,2024-12-19,5320
2010,春源,20,0,20,高橋,2024-12-19,5320
00688L,國泰20年美債正2,19,0,19,高橋,2024-12-19,5320
3481,群創,39,21,18,高橋,2024-12-19,5320
2881,富邦金,19,1,18,高橋,2024-12-19,5320
2353,宏��,19,2,17,高橋,2024-12-19,5320
2618,長榮航,17,0,17,高橋,2024-12-19,5320
00909,國泰數位支付服務,17,1,16,高橋,2024-12-19,5320
6209,今國光,21,5,16,高橋,2024-12-19,5320
3019,亞光,117,101,16,高橋,2024-12-19,5320
6108,競國,15,0,15,高橋,2024-12-19,5320
4956,光鋐,15,0,15,高橋,2024-12-19,5320
3017,奇鋐,18,3,15,高橋,2024-12-19,5320
5880,合庫金,14,0,14,高橋,2024-12-19,5320
3705,永信,13,0,13,高橋,2024-12-19,5320
00922,國泰台灣領袖50,13,0,13,高橋,2024-12-19,5320
2382,廣達,14,1,13,高橋,2024-12-19,5320
