Ticker,Name,buy,sell,diff,Branch,Date,Branch_Code
1605,華新,86,11,75,高橋-內壢,2023-01-03,5323
2317,鴻海,34,0,34,高橋-內壢,2023-01-03,5323
8033,雷虎,27,0,27,高橋-內壢,2023-01-03,5323
1447,力鵬,15,0,15,高橋-內壢,2023-01-03,5323
1701,中化,14,0,14,高橋-內壢,2023-01-03,5323
6547,高端疫苗,12,1,11,高橋-內壢,2023-01-03,5323
00878,國泰永續高股息,13,3,10,高橋-內壢,2023-01-03,5323
00669R,國泰美國道瓊反1,10,0,10,高橋-內壢,2023-01-03,5323
00712,復華富時不動產,10,0,10,高橋-內壢,2023-01-03,5323
3013,晟銘電,10,0,10,高橋-內壢,2023-01-03,5323
2882,國泰金,16,7,9,高橋-內壢,2023-01-03,5323
2603,長榮,12,4,8,高橋-內壢,2023-01-03,5323
2204,中華,7,0,7,高橋-內壢,2023-01-03,5323
6111,大宇資,22,15,7,高橋-內壢,2023-01-03,5323
6770,力積電,7,0,7,高橋-內壢,2023-01-03,5323
00637L,元大滬深300正2,10,4,6,高橋-內壢,2023-01-03,5323
2929,淘帝-KY,6,0,6,高橋-內壢,2023-01-03,5323
00720B,元大投資級公司債,5,0,5,高橋-內壢,2023-01-03,5323
1720,生達,15,10,5,高橋-內壢,2023-01-03,5323
2332,友訊,5,0,5,高橋-內壢,2023-01-03,5323
2884,玉山金,5,0,5,高橋-內壢,2023-01-03,5323
5426,振發,5,0,5,高橋-內壢,2023-01-03,5323
0056,元大高股息,5,1,4,高橋-內壢,2023-01-03,5323
1722,台肥,3,0,3,高橋-內壢,2023-01-03,5323
2406,國碩,3,0,3,高橋-內壢,2023-01-03,5323
2615,萬海,33,30,3,高橋-內壢,2023-01-03,5323
2618,長榮航,4,1,3,高橋-內壢,2023-01-03,5323
2885,元大金,3,0,3,高橋-內壢,2023-01-03,5323
2886,兆豐金,3,0,3,高橋-內壢,2023-01-03,5323
3374,精材,3,0,3,高橋-內壢,2023-01-03,5323
8255,朋程,3,0,3,高橋-內壢,2023-01-03,5323
2208,台船,2,0,2,高橋-內壢,2023-01-03,5323
00713,元大台灣高息低波,2,0,2,高橋-內壢,2023-01-03,5323
1342,八貫,2,0,2,高橋-內壢,2023-01-03,5323
1201,味全,2,0,2,高橋-內壢,2023-01-03,5323
1102,亞泥,2,0,2,高橋-內壢,2023-01-03,5323
1904,正隆,2,0,2,高橋-內壢,2023-01-03,5323
2312,金寶,2,0,2,高橋-內壢,2023-01-03,5323
2344,華邦電,2,0,2,高橋-內壢,2023-01-03,5323
2498,宏達電,13,11,2,高橋-內壢,2023-01-03,5323
2612,中航,2,0,2,高橋-內壢,2023-01-03,5323
3037,欣興,3,1,2,高橋-內壢,2023-01-03,5323
3479,安勤,2,0,2,高橋-內壢,2023-01-03,5323
4114,健喬,6,4,2,高橋-內壢,2023-01-03,5323
5227,立凱-KY,3,1,2,高橋-內壢,2023-01-03,5323
6191,精成科,2,0,2,高橋-內壢,2023-01-03,5323
8261,富鼎,2,0,2,高橋-內壢,2023-01-03,5323
2303,聯電,4,3,1,高橋-內壢,2023-01-03,5323
1786,科妍,1,0,1,高橋-內壢,2023-01-03,5323
1101,台泥,1,0,1,高橋-內壢,2023-01-03,5323
2618,長榮航,101,1,100,高橋-內壢,2023-01-04,5323
2014,中鴻,86,0,86,高橋-內壢,2023-01-04,5323
2609,陽明,69,5,64,高橋-內壢,2023-01-04,5323
6547,高端疫苗,64,3,61,高橋-內壢,2023-01-04,5323
2425,承啟,60,0,60,高橋-內壢,2023-01-04,5323
2204,中華,41,10,31,高橋-內壢,2023-01-04,5323
00680L,元大美債20正2,30,0,30,高橋-內壢,2023-01-04,5323
2614,東森,30,1,29,高橋-內壢,2023-01-04,5323
1605,華新,257,229,28,高橋-內壢,2023-01-04,5323
2007,燁興,31,3,28,高橋-內壢,2023-01-04,5323
00650L,復華香港正2,23,0,23,高橋-內壢,2023-01-04,5323
00673R,期元大S＆P原油反1,18,0,18,高橋-內壢,2023-01-04,5323
00893,國泰智能電動車,14,0,14,高橋-內壢,2023-01-04,5323
2610,華航,15,3,12,高橋-內壢,2023-01-04,5323
2892,第一金,11,0,11,高橋-內壢,2023-01-04,5323
2317,鴻海,13,3,10,高橋-內壢,2023-01-04,5323
2884,玉山金,9,1,8,高橋-內壢,2023-01-04,5323
6679,鈺太,7,0,7,高橋-內壢,2023-01-04,5323
2390,云辰,8,2,6,高橋-內壢,2023-01-04,5323
6438,迅得,6,0,6,高橋-內壢,2023-01-04,5323
8046,南電,8,2,6,高橋-內壢,2023-01-04,5323
1718,中纖,5,0,5,高橋-內壢,2023-01-04,5323
1447,力鵬,5,0,5,高橋-內壢,2023-01-04,5323
1444,力麗,15,10,5,高橋-內壢,2023-01-04,5323
00909,國泰數位支付服務,5,0,5,高橋-內壢,2023-01-04,5323
00679B,元大美債20年,5,0,5,高橋-內壢,2023-01-04,5323
00669R,國泰美國道瓊反1,5,0,5,高橋-內壢,2023-01-04,5323
0056,元大高股息,7,2,5,高橋-內壢,2023-01-04,5323
2498,宏達電,13,8,5,高橋-內壢,2023-01-04,5323
2637,慧洋-KY,8,3,5,高橋-內壢,2023-01-04,5323
2886,兆豐金,5,0,5,高橋-內壢,2023-01-04,5323
3037,欣興,6,1,5,高橋-內壢,2023-01-04,5323
4171,瑞基,9,4,5,高橋-內壢,2023-01-04,5323
8916,光隆,5,0,5,高橋-內壢,2023-01-04,5323
6274,台燿,5,1,4,高橋-內壢,2023-01-04,5323
9958,世紀鋼,4,0,4,高橋-內壢,2023-01-04,5323
2406,國碩,3,0,3,高橋-內壢,2023-01-04,5323
3022,威強電,3,0,3,高橋-內壢,2023-01-04,5323
3189,景碩,4,1,3,高橋-內壢,2023-01-04,5323
6486,互動,3,0,3,高橋-內壢,2023-01-04,5323
6708,天擎,3,0,3,高橋-內壢,2023-01-04,5323
8996,高力,4,1,3,高橋-內壢,2023-01-04,5323
00637L,元大滬深300正2,2,0,2,高橋-內壢,2023-01-04,5323
1201,味全,2,0,2,高橋-內壢,2023-01-04,5323
00895,富邦未來車,2,0,2,高橋-內壢,2023-01-04,5323
2313,華通,6,4,2,高橋-內壢,2023-01-04,5323
2353,宏��,2,0,2,高橋-內壢,2023-01-04,5323
2371,大同,2,0,2,高橋-內壢,2023-01-04,5323
2634,漢翔,2,0,2,高橋-內壢,2023-01-04,5323
2851,中再保,2,0,2,高橋-內壢,2023-01-04,5323
6244,茂迪,135,0,135,高橋-內壢,2023-01-05,5323
2014,中鴻,50,0,50,高橋-內壢,2023-01-05,5323
6547,高端疫苗,33,1,32,高橋-內壢,2023-01-05,5323
2007,燁興,30,0,30,高橋-內壢,2023-01-05,5323
00673R,期元大S＆P原油反1,46,18,28,高橋-內壢,2023-01-05,5323
2313,華通,22,0,22,高橋-內壢,2023-01-05,5323
8341,日友,20,0,20,高橋-內壢,2023-01-05,5323
3037,欣興,24,5,19,高橋-內壢,2023-01-05,5323
2201,裕隆,68,50,18,高橋-內壢,2023-01-05,5323
1605,華新,36,20,16,高橋-內壢,2023-01-05,5323
3046,建��,15,0,15,高橋-內壢,2023-01-05,5323
1444,力麗,15,1,14,高橋-內壢,2023-01-05,5323
2929,淘帝-KY,15,1,14,高橋-內壢,2023-01-05,5323
8996,高力,15,3,12,高橋-內壢,2023-01-05,5323
2317,鴻海,14,2,12,高橋-內壢,2023-01-05,5323
2392,正崴,10,0,10,高橋-內壢,2023-01-05,5323
2401,凌陽,10,0,10,高橋-內壢,2023-01-05,5323
6719,力智,11,1,10,高橋-內壢,2023-01-05,5323
4960,誠美材,9,0,9,高橋-內壢,2023-01-05,5323
2390,云辰,8,0,8,高橋-內壢,2023-01-05,5323
00670L,富邦NASDAQ正2,7,0,7,高橋-內壢,2023-01-05,5323
00669R,國泰美國道瓊反1,6,0,6,高橋-內壢,2023-01-05,5323
2380,虹光,6,0,6,高橋-內壢,2023-01-05,5323
00715L,期街口布蘭特正2,5,0,5,高橋-內壢,2023-01-05,5323
00882,中信中國高股息,10,5,5,高橋-內壢,2023-01-05,5323
1904,正隆,5,0,5,高橋-內壢,2023-01-05,5323
2331,精英,5,0,5,高橋-內壢,2023-01-05,5323
2402,毅嘉,5,0,5,高橋-內壢,2023-01-05,5323
2425,承啟,5,0,5,高橋-內壢,2023-01-05,5323
3272,東碩,6,1,5,高橋-內壢,2023-01-05,5323
3491,昇達科,6,1,5,高橋-內壢,2023-01-05,5323
4171,瑞基,19,14,5,高橋-內壢,2023-01-05,5323
9962,有益,5,0,5,高橋-內壢,2023-01-05,5323
1513,中興電,5,1,4,高橋-內壢,2023-01-05,5323
1342,八貫,4,0,4,高橋-內壢,2023-01-05,5323
4114,健喬,5,1,4,高橋-內壢,2023-01-05,5323
5284,jpp-KY,5,1,4,高橋-內壢,2023-01-05,5323
6118,建達,9,5,4,高橋-內壢,2023-01-05,5323
0050,元大台灣50,4,0,4,高橋-內壢,2023-01-05,5323
6533,晶心科,4,1,3,高橋-內壢,2023-01-05,5323
00728,第一金工業30,3,0,3,高橋-內壢,2023-01-05,5323
2342,茂矽,3,0,3,高橋-內壢,2023-01-05,5323
2368,金像電,3,0,3,高橋-內壢,2023-01-05,5323
2542,興富發,3,0,3,高橋-內壢,2023-01-05,5323
3479,安勤,9,6,3,高橋-內壢,2023-01-05,5323
4167,松瑞藥,3,0,3,高橋-內壢,2023-01-05,5323
00662,富邦NASDAQ,2,0,2,高橋-內壢,2023-01-05,5323
6271,同欣電,2,0,2,高橋-內壢,2023-01-05,5323
00875,國泰網路資安,2,0,2,高橋-內壢,2023-01-05,5323
00772B,中信高評級公司債,2,0,2,高橋-內壢,2023-01-05,5323
00632R,元大台灣50反1,300,0,300,高橋-內壢,2023-01-06,5323
2317,鴻海,27,1,26,高橋-內壢,2023-01-06,5323
4171,瑞基,25,2,23,高橋-內壢,2023-01-06,5323
2603,長榮,24,1,23,高橋-內壢,2023-01-06,5323
1752,南光,25,4,21,高橋-內壢,2023-01-06,5323
2392,正崴,20,0,20,高橋-內壢,2023-01-06,5323
2609,陽明,21,1,20,高橋-內壢,2023-01-06,5323
00882,中信中國高股息,19,3,16,高橋-內壢,2023-01-06,5323
2732,六角,13,0,13,高橋-內壢,2023-01-06,5323
8341,日友,12,0,12,高橋-內壢,2023-01-06,5323
00720B,元大投資級公司債,11,0,11,高橋-內壢,2023-01-06,5323
2886,兆豐金,12,1,11,高橋-內壢,2023-01-06,5323
00650L,復華香港正2,10,0,10,高橋-內壢,2023-01-06,5323
00665L,富邦�琤肭磪囓�2,10,0,10,高橋-內壢,2023-01-06,5323
6215,和椿,10,0,10,高橋-內壢,2023-01-06,5323
5880,合庫金,10,0,10,高橋-內壢,2023-01-06,5323
00642U,期元大S＆P石油,9,0,9,高橋-內壢,2023-01-06,5323
2615,萬海,33,24,9,高橋-內壢,2023-01-06,5323
4102,永日,9,0,9,高橋-內壢,2023-01-06,5323
2323,中環,8,0,8,高橋-內壢,2023-01-06,5323
2027,大成鋼,6,0,6,高橋-內壢,2023-01-06,5323
2493,揚博,6,0,6,高橋-內壢,2023-01-06,5323
2888,新光金,10,4,6,高橋-內壢,2023-01-06,5323
8016,矽創,6,0,6,高橋-內壢,2023-01-06,5323
1701,中化,5,0,5,高橋-內壢,2023-01-06,5323
4114,健喬,9,4,5,高橋-內壢,2023-01-06,5323
5608,四維航,5,0,5,高橋-內壢,2023-01-06,5323
6806,森崴能源,6,2,4,高橋-內壢,2023-01-06,5323
00830,國泰費城半導體,4,0,4,高橋-內壢,2023-01-06,5323
8033,雷虎,3,0,3,高橋-內壢,2023-01-06,5323
1781,合世,3,0,3,高橋-內壢,2023-01-06,5323
1519,華城,3,0,3,高橋-內壢,2023-01-06,5323
00655L,國泰中國A50正2,3,0,3,高橋-內壢,2023-01-06,5323
6176,瑞儀,3,0,3,高橋-內壢,2023-01-06,5323
00662,富邦NASDAQ,2,0,2,高橋-內壢,2023-01-06,5323
00646,元大S＆P500,2,0,2,高橋-內壢,2023-01-06,5323
00770,國泰北美科技,2,0,2,高橋-內壢,2023-01-06,5323
2014,中鴻,2,0,2,高橋-內壢,2023-01-06,5323
2023,燁輝,2,0,2,高橋-內壢,2023-01-06,5323
2359,所羅門,2,0,2,高橋-內壢,2023-01-06,5323
2605,新興,4,2,2,高橋-內壢,2023-01-06,5323
2884,玉山金,2,0,2,高橋-內壢,2023-01-06,5323
4167,松瑞藥,3,1,2,高橋-內壢,2023-01-06,5323
4908,前鼎,2,0,2,高橋-內壢,2023-01-06,5323
6266,泰詠,2,0,2,高橋-內壢,2023-01-06,5323
3293,鈊象,2,0,2,高橋-內壢,2023-01-06,5323
2308,台達電,1,0,1,高橋-內壢,2023-01-06,5323
3231,緯創,1,0,1,高橋-內壢,2023-01-06,5323
1736,喬山,1,0,1,高橋-內壢,2023-01-06,5323
1734,杏輝,1,0,1,高橋-內壢,2023-01-06,5323
2528,皇普,74,0,74,高橋-內壢,2023-01-09,5323
1516,川飛,30,0,30,高橋-內壢,2023-01-09,5323
2867,三商壽,30,0,30,高橋-內壢,2023-01-09,5323
3141,晶宏,28,3,25,高橋-內壢,2023-01-09,5323
6547,高端疫苗,25,1,24,高橋-內壢,2023-01-09,5323
8105,凌巨,16,0,16,高橋-內壢,2023-01-09,5323
6182,合晶,20,5,15,高橋-內壢,2023-01-09,5323
6531,愛普*,18,4,14,高橋-內壢,2023-01-09,5323
00637L,元大滬深300正2,10,0,10,高橋-內壢,2023-01-09,5323
00720B,元大投資級公司債,10,0,10,高橋-內壢,2023-01-09,5323
3013,晟銘電,23,13,10,高橋-內壢,2023-01-09,5323
3027,盛達,10,0,10,高橋-內壢,2023-01-09,5323
3374,精材,11,1,10,高橋-內壢,2023-01-09,5323
3693,營邦,10,0,10,高橋-內壢,2023-01-09,5323
3710,連展投控,10,0,10,高橋-內壢,2023-01-09,5323
1609,大亞,10,1,9,高橋-內壢,2023-01-09,5323
1227,佳格,9,0,9,高橋-內壢,2023-01-09,5323
2359,所羅門,10,1,9,高橋-內壢,2023-01-09,5323
3545,敦泰,10,1,9,高橋-內壢,2023-01-09,5323
1314,中石化,8,0,8,高橋-內壢,2023-01-09,5323
2609,陽明,6,0,6,高橋-內壢,2023-01-09,5323
00673R,期元大S＆P原油反1,6,0,6,高橋-內壢,2023-01-09,5323
2889,國票金,6,0,6,高橋-內壢,2023-01-09,5323
2929,淘帝-KY,6,0,6,高橋-內壢,2023-01-09,5323
3004,豐達科,6,0,6,高橋-內壢,2023-01-09,5323
4953,緯軟,6,0,6,高橋-內壢,2023-01-09,5323
6015,宏遠證,6,0,6,高橋-內壢,2023-01-09,5323
8358,金居,11,5,6,高橋-內壢,2023-01-09,5323
1515,力山,5,0,5,高橋-內壢,2023-01-09,5323
1789,神隆,5,0,5,高橋-內壢,2023-01-09,5323
1909,榮成,5,0,5,高橋-內壢,2023-01-09,5323
2419,仲琦,5,0,5,高橋-內壢,2023-01-09,5323
3615,安可,5,0,5,高橋-內壢,2023-01-09,5323
4171,瑞基,17,12,5,高橋-內壢,2023-01-09,5323
1513,中興電,6,2,4,高橋-內壢,2023-01-09,5323
4960,誠美材,4,0,4,高橋-內壢,2023-01-09,5323
6111,大宇資,4,0,4,高橋-內壢,2023-01-09,5323
1109,信大,3,0,3,高橋-內壢,2023-01-09,5323
2634,漢翔,3,0,3,高橋-內壢,2023-01-09,5323
3189,景碩,3,0,3,高橋-內壢,2023-01-09,5323
00902,中信電池及儲能,4,2,2,高橋-內壢,2023-01-09,5323
1752,南光,4,2,2,高橋-內壢,2023-01-09,5323
3083,網龍,2,0,2,高橋-內壢,2023-01-09,5323
3265,台星科,4,2,2,高橋-內壢,2023-01-09,5323
6129,普誠,5,3,2,高橋-內壢,2023-01-09,5323
6139,亞翔,2,0,2,高橋-內壢,2023-01-09,5323
6582,申豐,2,0,2,高橋-內壢,2023-01-09,5323
6598,ABC-KY,2,0,2,高橋-內壢,2023-01-09,5323
8050,廣積,2,0,2,高橋-內壢,2023-01-09,5323
8916,光隆,2,0,2,高橋-內壢,2023-01-09,5323
1605,華新,175,73,102,高橋-內壢,2023-01-10,5323
2014,中鴻,130,30,100,高橋-內壢,2023-01-10,5323
8040,九暘,54,0,54,高橋-內壢,2023-01-10,5323
2618,長榮航,52,1,51,高橋-內壢,2023-01-10,5323
6244,茂迪,51,0,51,高橋-內壢,2023-01-10,5323
6770,力積電,52,7,45,高橋-內壢,2023-01-10,5323
3515,華擎,22,1,21,高橋-內壢,2023-01-10,5323
3707,漢磊,18,0,18,高橋-內壢,2023-01-10,5323
00882,中信中國高股息,21,6,15,高橋-內壢,2023-01-10,5323
2201,裕隆,100,85,15,高橋-內壢,2023-01-10,5323
2883,凱基金,15,0,15,高橋-內壢,2023-01-10,5323
6152,百一,14,0,14,高橋-內壢,2023-01-10,5323
4171,瑞基,26,15,11,高橋-內壢,2023-01-10,5323
6143,振曜,11,0,11,高橋-內壢,2023-01-10,5323
5905,南仁湖,10,0,10,高橋-內壢,2023-01-10,5323
8105,凌巨,12,2,10,高橋-內壢,2023-01-10,5323
8110,華東,10,1,9,高橋-內壢,2023-01-10,5323
00893,國泰智能電動車,8,1,7,高橋-內壢,2023-01-10,5323
2017,官田鋼,7,0,7,高橋-內壢,2023-01-10,5323
2359,所羅門,7,0,7,高橋-內壢,2023-01-10,5323
3004,豐達科,7,0,7,高橋-內壢,2023-01-10,5323
3552,同致,7,0,7,高橋-內壢,2023-01-10,5323
3037,欣興,13,6,7,高橋-內壢,2023-01-10,5323
4114,健喬,13,7,6,高橋-內壢,2023-01-10,5323
9945,潤泰新,5,0,5,高橋-內壢,2023-01-10,5323
1609,大亞,6,1,5,高橋-內壢,2023-01-10,5323
1308,亞聚,5,0,5,高橋-內壢,2023-01-10,5323
2402,毅嘉,5,0,5,高橋-內壢,2023-01-10,5323
2421,建準,5,0,5,高橋-內壢,2023-01-10,5323
2528,皇普,5,0,5,高橋-內壢,2023-01-10,5323
2636,台驊控股,5,0,5,高橋-內壢,2023-01-10,5323
3710,連展投控,5,0,5,高橋-內壢,2023-01-10,5323
4128,中天,5,0,5,高橋-內壢,2023-01-10,5323
00679B,元大美債20年,4,0,4,高橋-內壢,2023-01-10,5323
3406,玉晶光,4,0,4,高橋-內壢,2023-01-10,5323
4904,遠傳,5,1,4,高橋-內壢,2023-01-10,5323
1447,力鵬,3,0,3,高橋-內壢,2023-01-10,5323
00725B,國泰投資級公司債,3,0,3,高橋-內壢,2023-01-10,5323
1781,合世,3,0,3,高橋-內壢,2023-01-10,5323
1708,東鹼,3,0,3,高橋-內壢,2023-01-10,5323
3025,星通,3,0,3,高橋-內壢,2023-01-10,5323
6129,普誠,4,1,3,高橋-內壢,2023-01-10,5323
6223,旺矽,6,3,3,高橋-內壢,2023-01-10,5323
6274,台燿,3,0,3,高橋-內壢,2023-01-10,5323
6643,M31,6,3,3,高橋-內壢,2023-01-10,5323
8928,鉅明,3,0,3,高橋-內壢,2023-01-10,5323
8996,高力,9,6,3,高橋-內壢,2023-01-10,5323
2007,燁興,2,0,2,高橋-內壢,2023-01-10,5323
00719B,元大美債1-3,2,0,2,高橋-內壢,2023-01-10,5323
2038,海光,2,0,2,高橋-內壢,2023-01-10,5323
1605,華新,45,8,37,高橋-內壢,2023-01-11,5323
2344,華邦電,37,3,34,高橋-內壢,2023-01-11,5323
8110,華東,24,0,24,高橋-內壢,2023-01-11,5323
00632R,元大台灣50反1,20,0,20,高橋-內壢,2023-01-11,5323
8341,日友,20,0,20,高橋-內壢,2023-01-11,5323
8284,三竹,15,0,15,高橋-內壢,2023-01-11,5323
4979,華星光,14,0,14,高橋-內壢,2023-01-11,5323
6770,力積電,19,5,14,高橋-內壢,2023-01-11,5323
2313,華通,18,6,12,高橋-內壢,2023-01-11,5323
2007,燁興,10,0,10,高橋-內壢,2023-01-11,5323
3615,安可,10,0,10,高橋-內壢,2023-01-11,5323
3710,連展投控,10,0,10,高橋-內壢,2023-01-11,5323
4171,瑞基,11,1,10,高橋-內壢,2023-01-11,5323
00878,國泰永續高股息,11,2,9,高橋-內壢,2023-01-11,5323
2884,玉山金,8,0,8,高橋-內壢,2023-01-11,5323
2356,英業達,8,1,7,高橋-內壢,2023-01-11,5323
2603,長榮,9,3,6,高橋-內壢,2023-01-11,5323
2888,新光金,11,5,6,高橋-內壢,2023-01-11,5323
3704,合勤控,6,0,6,高橋-內壢,2023-01-11,5323
8916,光隆,6,0,6,高橋-內壢,2023-01-11,5323
1308,亞聚,5,0,5,高橋-內壢,2023-01-11,5323
1701,中化,5,0,5,高橋-內壢,2023-01-11,5323
3532,台勝科,5,0,5,高橋-內壢,2023-01-11,5323
4743,合一,9,4,5,高橋-內壢,2023-01-11,5323
6547,高端疫苗,10,5,5,高橋-內壢,2023-01-11,5323
8933,愛地雅,9,4,5,高橋-內壢,2023-01-11,5323
6533,晶心科,5,1,4,高橋-內壢,2023-01-11,5323
00631L,元大台灣50正2,5,1,4,高橋-內壢,2023-01-11,5323
4904,遠傳,4,0,4,高橋-內壢,2023-01-11,5323
8048,德勝,4,0,4,高橋-內壢,2023-01-11,5323
2609,陽明,11,8,3,高橋-內壢,2023-01-11,5323
00900,富邦特選高股息30,3,0,3,高橋-內壢,2023-01-11,5323
1815,富喬,3,0,3,高橋-內壢,2023-01-11,5323
2834,臺企銀,3,0,3,高橋-內壢,2023-01-11,5323
3027,盛達,5,2,3,高橋-內壢,2023-01-11,5323
4113,聯上,3,0,3,高橋-內壢,2023-01-11,5323
5014,建錩,3,0,3,高橋-內壢,2023-01-11,5323
6664,群翊,3,0,3,高橋-內壢,2023-01-11,5323
6789,采鈺,3,0,3,高橋-內壢,2023-01-11,5323
8050,廣積,5,2,3,高橋-內壢,2023-01-11,5323
8093,保銳,3,0,3,高橋-內壢,2023-01-11,5323
8442,威宏-KY,3,0,3,高橋-內壢,2023-01-11,5323
00905,FT臺灣Smart,2,0,2,高橋-內壢,2023-01-11,5323
0056,元大高股息,3,1,2,高橋-內壢,2023-01-11,5323
00679B,元大美債20年,2,0,2,高橋-內壢,2023-01-11,5323
00670L,富邦NASDAQ正2,2,0,2,高橋-內壢,2023-01-11,5323
00892,富邦台灣半導體,2,0,2,高橋-內壢,2023-01-11,5323
00881,國泰台灣5G+,2,0,2,高橋-內壢,2023-01-11,5323
1522,堤維西,2,0,2,高橋-內壢,2023-01-11,5323
2317,鴻海,2,0,2,高橋-內壢,2023-01-11,5323
2014,中鴻,204,165,39,高橋-內壢,2023-01-12,5323
2528,皇普,25,0,25,高橋-內壢,2023-01-12,5323
00878,國泰永續高股息,25,2,23,高橋-內壢,2023-01-12,5323
8069,元太,25,2,23,高橋-內壢,2023-01-12,5323
6770,力積電,30,8,22,高橋-內壢,2023-01-12,5323
5706,鳳凰,20,0,20,高橋-內壢,2023-01-12,5323
2880,華南金,17,0,17,高橋-內壢,2023-01-12,5323
4167,松瑞藥,13,0,13,高橋-內壢,2023-01-12,5323
6143,振曜,13,0,13,高橋-內壢,2023-01-12,5323
2609,陽明,13,1,12,高橋-內壢,2023-01-12,5323
2610,華航,110,100,10,高橋-內壢,2023-01-12,5323
3710,連展投控,10,0,10,高橋-內壢,2023-01-12,5323
5014,建錩,13,3,10,高橋-內壢,2023-01-12,5323
9103,美德醫療-DR,10,0,10,高橋-內壢,2023-01-12,5323
2317,鴻海,10,2,8,高橋-內壢,2023-01-12,5323
6266,泰詠,8,0,8,高橋-內壢,2023-01-12,5323
6789,采鈺,12,4,8,高橋-內壢,2023-01-12,5323
2313,華通,7,0,7,高橋-內壢,2023-01-12,5323
00882,中信中國高股息,18,11,7,高橋-內壢,2023-01-12,5323
2884,玉山金,7,0,7,高橋-內壢,2023-01-12,5323
00692,富邦公司治理,6,0,6,高橋-內壢,2023-01-12,5323
2421,建準,6,0,6,高橋-內壢,2023-01-12,5323
3038,全台,6,0,6,高橋-內壢,2023-01-12,5323
3521,鴻翊,6,0,6,高橋-內壢,2023-01-12,5323
3704,合勤控,6,0,6,高橋-內壢,2023-01-12,5323
1760,寶齡富錦,5,0,5,高橋-內壢,2023-01-12,5323
1308,亞聚,5,0,5,高橋-內壢,2023-01-12,5323
2032,新鋼,5,0,5,高橋-內壢,2023-01-12,5323
2312,金寶,5,0,5,高橋-內壢,2023-01-12,5323
2324,仁寶,5,0,5,高橋-內壢,2023-01-12,5323
2617,台航,5,0,5,高橋-內壢,2023-01-12,5323
5263,智崴,6,1,5,高橋-內壢,2023-01-12,5323
5522,遠雄,5,0,5,高橋-內壢,2023-01-12,5323
8930,青鋼,5,0,5,高橋-內壢,2023-01-12,5323
2323,中環,16,12,4,高橋-內壢,2023-01-12,5323
1319,東陽,5,1,4,高橋-內壢,2023-01-12,5323
2390,云辰,4,0,4,高橋-內壢,2023-01-12,5323
4128,中天,4,0,4,高橋-內壢,2023-01-12,5323
8050,廣積,6,2,4,高橋-內壢,2023-01-12,5323
1605,華新,78,75,3,高橋-內壢,2023-01-12,5323
00891,中信關鍵半導體,5,2,3,高橋-內壢,2023-01-12,5323
2408,南亞科,3,0,3,高橋-內壢,2023-01-12,5323
2618,長榮航,8,5,3,高橋-內壢,2023-01-12,5323
3059,華晶科,3,0,3,高橋-內壢,2023-01-12,5323
4171,瑞基,5,2,3,高橋-內壢,2023-01-12,5323
4743,合一,8,5,3,高橋-內壢,2023-01-12,5323
6129,普誠,4,1,3,高橋-內壢,2023-01-12,5323
2882,國泰金,6,3,3,高橋-內壢,2023-01-12,5323
8033,雷虎,2,0,2,高橋-內壢,2023-01-12,5323
00752,中信中國50,2,0,2,高橋-內壢,2023-01-12,5323
00632R,元大台灣50反1,70,0,70,高橋-內壢,2023-01-13,5323
00878,國泰永續高股息,43,0,43,高橋-內壢,2023-01-13,5323
2009,第一銅,42,0,42,高橋-內壢,2023-01-13,5323
2603,長榮,20,2,18,高橋-內壢,2023-01-13,5323
6163,華電網,15,0,15,高橋-內壢,2023-01-13,5323
8933,愛地雅,15,2,13,高橋-內壢,2023-01-13,5323
3455,由田,12,0,12,高橋-內壢,2023-01-13,5323
2312,金寶,11,0,11,高橋-內壢,2023-01-13,5323
1313,聯成,10,0,10,高橋-內壢,2023-01-13,5323
2528,皇普,10,0,10,高橋-內壢,2023-01-13,5323
2897,王道銀行,10,0,10,高橋-內壢,2023-01-13,5323
3706,神達,10,0,10,高橋-內壢,2023-01-13,5323
6122,擎邦,10,0,10,高橋-內壢,2023-01-13,5323
6547,高端疫苗,15,6,9,高橋-內壢,2023-01-13,5323
3049,精金,8,0,8,高橋-內壢,2023-01-13,5323
3704,合勤控,7,0,7,高橋-內壢,2023-01-13,5323
4743,合一,6,0,6,高橋-內壢,2023-01-13,5323
2880,華南金,6,0,6,高橋-內壢,2023-01-13,5323
3105,穩懋,7,1,6,高橋-內壢,2023-01-13,5323
6266,泰詠,6,0,6,高橋-內壢,2023-01-13,5323
1609,大亞,5,0,5,高橋-內壢,2023-01-13,5323
00891,中信關鍵半導體,5,0,5,高橋-內壢,2023-01-13,5323
00650L,復華香港正2,5,0,5,高橋-內壢,2023-01-13,5323
1752,南光,5,0,5,高橋-內壢,2023-01-13,5323
1762,中化生,5,0,5,高橋-內壢,2023-01-13,5323
2399,映泰,5,0,5,高橋-內壢,2023-01-13,5323
2884,玉山金,5,0,5,高橋-內壢,2023-01-13,5323
4953,緯軟,5,0,5,高橋-內壢,2023-01-13,5323
5443,均豪,5,0,5,高橋-內壢,2023-01-13,5323
5475,德宏,5,0,5,高橋-內壢,2023-01-13,5323
8050,廣積,8,3,5,高橋-內壢,2023-01-13,5323
912000,晨訊科-DR,5,0,5,高橋-內壢,2023-01-13,5323
2313,華通,9,4,5,高橋-內壢,2023-01-13,5323
00631L,元大台灣50正2,4,0,4,高橋-內壢,2023-01-13,5323
1560,中砂,5,1,4,高橋-內壢,2023-01-13,5323
1522,堤維西,3,0,3,高橋-內壢,2023-01-13,5323
1477,聚陽,3,0,3,高橋-內壢,2023-01-13,5323
00655L,國泰中國A50正2,3,0,3,高橋-內壢,2023-01-13,5323
00882,中信中國高股息,3,0,3,高橋-內壢,2023-01-13,5323
00905,FT臺灣Smart,3,0,3,高橋-內壢,2023-01-13,5323
1701,中化,5,2,3,高橋-內壢,2023-01-13,5323
2324,仁寶,3,0,3,高橋-內壢,2023-01-13,5323
3149,正達,3,0,3,高橋-內壢,2023-01-13,5323
4960,誠美材,3,0,3,高橋-內壢,2023-01-13,5323
6243,迅杰,3,0,3,高橋-內壢,2023-01-13,5323
8046,南電,5,2,3,高橋-內壢,2023-01-13,5323
8261,富鼎,2,0,2,高橋-內壢,2023-01-13,5323
00900,富邦特選高股息30,2,0,2,高橋-內壢,2023-01-13,5323
1201,味全,2,0,2,高橋-內壢,2023-01-13,5323
1605,華新,34,32,2,高橋-內壢,2023-01-13,5323
3481,群創,200,4,196,高橋-內壢,2023-01-16,5323
2610,華航,109,35,74,高橋-內壢,2023-01-16,5323
00632R,元大台灣50反1,53,0,53,高橋-內壢,2023-01-16,5323
3714,富采,50,0,50,高橋-內壢,2023-01-16,5323
00882,中信中國高股息,30,10,20,高橋-內壢,2023-01-16,5323
3515,華擎,21,1,20,高橋-內壢,2023-01-16,5323
6213,聯茂,20,0,20,高橋-內壢,2023-01-16,5323
6547,高端疫苗,15,0,15,高橋-內壢,2023-01-16,5323
2390,云辰,14,0,14,高橋-內壢,2023-01-16,5323
2634,漢翔,31,17,14,高橋-內壢,2023-01-16,5323
2883,凱基金,14,0,14,高橋-內壢,2023-01-16,5323
6015,宏遠證,14,0,14,高橋-內壢,2023-01-16,5323
1736,喬山,13,0,13,高橋-內壢,2023-01-16,5323
6770,力積電,47,34,13,高橋-內壢,2023-01-16,5323
4960,誠美材,12,0,12,高橋-內壢,2023-01-16,5323
3289,宜特,11,0,11,高橋-內壢,2023-01-16,5323
2465,麗臺,10,0,10,高橋-內壢,2023-01-16,5323
2745,五福,10,0,10,高橋-內壢,2023-01-16,5323
2929,淘帝-KY,14,4,10,高橋-內壢,2023-01-16,5323
3455,由田,10,0,10,高橋-內壢,2023-01-16,5323
3710,連展投控,10,0,10,高橋-內壢,2023-01-16,5323
6743,安普新,10,0,10,高橋-內壢,2023-01-16,5323
00905,FT臺灣Smart,10,2,8,高橋-內壢,2023-01-16,5323
2317,鴻海,8,0,8,高橋-內壢,2023-01-16,5323
2882,國泰金,13,6,7,高橋-內壢,2023-01-16,5323
2897,王道銀行,7,0,7,高橋-內壢,2023-01-16,5323
3141,晶宏,25,18,7,高橋-內壢,2023-01-16,5323
1308,亞聚,6,0,6,高橋-內壢,2023-01-16,5323
3552,同致,21,15,6,高橋-內壢,2023-01-16,5323
2603,長榮,10,5,5,高橋-內壢,2023-01-16,5323
6005,群益證,5,0,5,高橋-內壢,2023-01-16,5323
2886,兆豐金,5,1,4,高橋-內壢,2023-01-16,5323
00679B,元大美債20年,4,0,4,高橋-內壢,2023-01-16,5323
00881,國泰台灣5G+,8,4,4,高橋-內壢,2023-01-16,5323
2033,佳大,4,0,4,高橋-內壢,2023-01-16,5323
6443,元晶,4,0,4,高橋-內壢,2023-01-16,5323
9105,泰金寶-DR,4,0,4,高橋-內壢,2023-01-16,5323
2102,泰豐,3,0,3,高橋-內壢,2023-01-16,5323
2338,光罩,4,1,3,高橋-內壢,2023-01-16,5323
2421,建準,3,0,3,高橋-內壢,2023-01-16,5323
2436,偉詮電,3,0,3,高橋-內壢,2023-01-16,5323
3704,合勤控,6,3,3,高橋-內壢,2023-01-16,5323
3706,神達,3,0,3,高橋-內壢,2023-01-16,5323
4129,聯合,3,0,3,高橋-內壢,2023-01-16,5323
6223,旺矽,3,0,3,高橋-內壢,2023-01-16,5323
00921,兆豐龍頭等權重,2,0,2,高橋-內壢,2023-01-16,5323
00673R,期元大S＆P原油反1,2,0,2,高橋-內壢,2023-01-16,5323
0056,元大高股息,3,1,2,高橋-內壢,2023-01-16,5323
2324,仁寶,2,0,2,高橋-內壢,2023-01-16,5323
2368,金像電,3,1,2,高橋-內壢,2023-01-16,5323
2618,長榮航,165,1,164,高橋-內壢,2023-01-17,5323
2888,新光金,136,14,122,高橋-內壢,2023-01-17,5323
00882,中信中國高股息,104,19,85,高橋-內壢,2023-01-17,5323
00905,FT臺灣Smart,61,0,61,高橋-內壢,2023-01-17,5323
2634,漢翔,56,0,56,高橋-內壢,2023-01-17,5323
2610,華航,63,10,53,高橋-內壢,2023-01-17,5323
4114,健喬,42,8,34,高橋-內壢,2023-01-17,5323
2367,燿華,25,0,25,高橋-內壢,2023-01-17,5323
6770,力積電,63,41,22,高橋-內壢,2023-01-17,5323
00632R,元大台灣50反1,21,0,21,高橋-內壢,2023-01-17,5323
00753L,中信中國50正2,20,0,20,高橋-內壢,2023-01-17,5323
00686R,群益臺灣加權反1,18,0,18,高橋-內壢,2023-01-17,5323
6213,聯茂,13,0,13,高橋-內壢,2023-01-17,5323
8033,雷虎,15,3,12,高橋-內壢,2023-01-17,5323
3710,連展投控,11,0,11,高橋-內壢,2023-01-17,5323
1513,中興電,13,3,10,高橋-內壢,2023-01-17,5323
2354,鴻準,10,0,10,高橋-內壢,2023-01-17,5323
6163,華電網,10,0,10,高橋-內壢,2023-01-17,5323
6234,高僑,10,0,10,高橋-內壢,2023-01-17,5323
8403,盛弘,10,0,10,高橋-內壢,2023-01-17,5323
00881,國泰台灣5G+,11,2,9,高橋-內壢,2023-01-17,5323
3675,德微,11,2,9,高橋-內壢,2023-01-17,5323
2317,鴻海,10,1,9,高橋-內壢,2023-01-17,5323
1718,中纖,10,2,8,高橋-內壢,2023-01-17,5323
1101,台泥,8,0,8,高橋-內壢,2023-01-17,5323
00670L,富邦NASDAQ正2,8,2,6,高橋-內壢,2023-01-17,5323
5009,榮剛,7,1,6,高橋-內壢,2023-01-17,5323
2867,三商壽,5,0,5,高橋-內壢,2023-01-17,5323
3013,晟銘電,21,16,5,高橋-內壢,2023-01-17,5323
3090,日電貿,5,0,5,高橋-內壢,2023-01-17,5323
5475,德宏,5,0,5,高橋-內壢,2023-01-17,5323
6279,胡連,5,0,5,高橋-內壢,2023-01-17,5323
9105,泰金寶-DR,5,0,5,高橋-內壢,2023-01-17,5323
2884,玉山金,5,1,4,高橋-內壢,2023-01-17,5323
1736,喬山,4,0,4,高橋-內壢,2023-01-17,5323
2358,廷鑫,4,0,4,高橋-內壢,2023-01-17,5323
3576,聯合再生,5,1,4,高橋-內壢,2023-01-17,5323
6139,亞翔,5,1,4,高橋-內壢,2023-01-17,5323
00770,國泰北美科技,4,1,3,高橋-內壢,2023-01-17,5323
1609,大亞,3,0,3,高橋-內壢,2023-01-17,5323
2616,山隆,3,0,3,高橋-內壢,2023-01-17,5323
4743,合一,3,0,3,高橋-內壢,2023-01-17,5323
5321,美而快,4,1,3,高橋-內壢,2023-01-17,5323
9945,潤泰新,3,0,3,高橋-內壢,2023-01-17,5323
1227,佳格,2,0,2,高橋-內壢,2023-01-17,5323
1216,統一,2,0,2,高橋-內壢,2023-01-17,5323
2313,華通,2,0,2,高橋-內壢,2023-01-17,5323
2542,興富發,2,0,2,高橋-內壢,2023-01-17,5323
3037,欣興,3,1,2,高橋-內壢,2023-01-17,5323
3454,晶睿,4,2,2,高橋-內壢,2023-01-17,5323
00757,統一FANG+,45,0,45,高橋-內壢,2023-01-30,5323
5351,鈺創,39,2,37,高橋-內壢,2023-01-30,5323
2317,鴻海,24,0,24,高橋-內壢,2023-01-30,5323
1560,中砂,22,4,18,高橋-內壢,2023-01-30,5323
00878,國泰永續高股息,24,8,16,高橋-內壢,2023-01-30,5323
2867,三商壽,13,0,13,高橋-內壢,2023-01-30,5323
9802,鈺齊-KY,13,0,13,高橋-內壢,2023-01-30,5323
1529,樂事綠能,12,1,11,高橋-內壢,2023-01-30,5323
00892,富邦台灣半導體,10,0,10,高橋-內壢,2023-01-30,5323
1519,華城,10,0,10,高橋-內壢,2023-01-30,5323
2328,廣宇,10,0,10,高橋-內壢,2023-01-30,5323
2368,金像電,10,0,10,高橋-內壢,2023-01-30,5323
4541,晟田,10,0,10,高橋-內壢,2023-01-30,5323
5522,遠雄,10,0,10,高橋-內壢,2023-01-30,5323
8105,凌巨,14,5,9,高橋-內壢,2023-01-30,5323
2634,漢翔,13,5,8,高橋-內壢,2023-01-30,5323
3013,晟銘電,7,0,7,高橋-內壢,2023-01-30,5323
3027,盛達,22,15,7,高橋-內壢,2023-01-30,5323
8996,高力,8,1,7,高橋-內壢,2023-01-30,5323
3189,景碩,7,1,6,高橋-內壢,2023-01-30,5323
6589,台康生技,6,0,6,高橋-內壢,2023-01-30,5323
1536,和大,5,0,5,高橋-內壢,2023-01-30,5323
4931,新盛力,5,0,5,高橋-內壢,2023-01-30,5323
8069,元太,4,0,4,高橋-內壢,2023-01-30,5323
2497,怡利電,9,5,4,高橋-內壢,2023-01-30,5323
2891,中信金,4,0,4,高橋-內壢,2023-01-30,5323
6026,福邦證,5,1,4,高橋-內壢,2023-01-30,5323
2603,長榮,5,2,3,高橋-內壢,2023-01-30,5323
6182,合晶,5,2,3,高橋-內壢,2023-01-30,5323
2609,陽明,8,5,3,高橋-內壢,2023-01-30,5323
1736,喬山,3,0,3,高橋-內壢,2023-01-30,5323
2354,鴻準,15,12,3,高橋-內壢,2023-01-30,5323
6443,元晶,3,0,3,高橋-內壢,2023-01-30,5323
8050,廣積,3,0,3,高橋-內壢,2023-01-30,5323
2903,遠百,3,0,3,高橋-內壢,2023-01-30,5323
4743,合一,2,0,2,高橋-內壢,2023-01-30,5323
00679B,元大美債20年,2,0,2,高橋-內壢,2023-01-30,5323
1210,大成,2,0,2,高橋-內壢,2023-01-30,5323
2888,新光金,2,0,2,高橋-內壢,2023-01-30,5323
2892,第一金,2,0,2,高橋-內壢,2023-01-30,5323
3005,神基,2,0,2,高橋-內壢,2023-01-30,5323
3374,精材,3,1,2,高橋-內壢,2023-01-30,5323
3552,同致,2,0,2,高橋-內壢,2023-01-30,5323
3693,營邦,2,0,2,高橋-內壢,2023-01-30,5323
4171,瑞基,4,2,2,高橋-內壢,2023-01-30,5323
6150,撼訊,13,11,2,高橋-內壢,2023-01-30,5323
6517,保勝光學,2,0,2,高橋-內壢,2023-01-30,5323
6741,91APP*-KY,3,1,2,高橋-內壢,2023-01-30,5323
8033,雷虎,2,0,2,高橋-內壢,2023-01-30,5323
9945,潤泰新,1,0,1,高橋-內壢,2023-01-30,5323
00632R,元大台灣50反1,200,0,200,高橋-內壢,2023-01-31,5323
2408,南亞科,85,0,85,高橋-內壢,2023-01-31,5323
00905,FT臺灣Smart,84,0,84,高橋-內壢,2023-01-31,5323
1560,中砂,40,0,40,高橋-內壢,2023-01-31,5323
3481,群創,37,5,32,高橋-內壢,2023-01-31,5323
00878,國泰永續高股息,26,0,26,高橋-內壢,2023-01-31,5323
2482,連宇,26,1,25,高橋-內壢,2023-01-31,5323
00882,中信中國高股息,42,20,22,高橋-內壢,2023-01-31,5323
5014,建錩,20,0,20,高橋-內壢,2023-01-31,5323
2888,新光金,23,3,20,高橋-內壢,2023-01-31,5323
1611,中電,14,0,14,高橋-內壢,2023-01-31,5323
2891,中信金,12,0,12,高橋-內壢,2023-01-31,5323
4979,華星光,16,4,12,高橋-內壢,2023-01-31,5323
2880,華南金,11,0,11,高橋-內壢,2023-01-31,5323
5880,合庫金,11,0,11,高橋-內壢,2023-01-31,5323
00885,富邦越南,10,0,10,高橋-內壢,2023-01-31,5323
00637L,元大滬深300正2,10,0,10,高橋-內壢,2023-01-31,5323
1734,杏輝,10,0,10,高橋-內壢,2023-01-31,5323
4743,合一,10,0,10,高橋-內壢,2023-01-31,5323
2104,國際中橡,9,0,9,高橋-內壢,2023-01-31,5323
2317,鴻海,36,27,9,高橋-內壢,2023-01-31,5323
1477,聚陽,8,0,8,高橋-內壢,2023-01-31,5323
2892,第一金,8,0,8,高橋-內壢,2023-01-31,5323
4128,中天,10,2,8,高橋-內壢,2023-01-31,5323
2358,廷鑫,8,1,7,高橋-內壢,2023-01-31,5323
2883,凱基金,10,3,7,高橋-內壢,2023-01-31,5323
2885,元大金,7,0,7,高橋-內壢,2023-01-31,5323
8150,南茂,10,3,7,高橋-內壢,2023-01-31,5323
2324,仁寶,6,0,6,高橋-內壢,2023-01-31,5323
4142,國光生,6,0,6,高橋-內壢,2023-01-31,5323
4716,大立,6,0,6,高橋-內壢,2023-01-31,5323
6235,華孚,7,1,6,高橋-內壢,2023-01-31,5323
8033,雷虎,5,0,5,高橋-內壢,2023-01-31,5323
2412,中華電,5,0,5,高橋-內壢,2023-01-31,5323
2364,倫飛,5,0,5,高橋-內壢,2023-01-31,5323
2368,金像電,7,2,5,高橋-內壢,2023-01-31,5323
6190,萬泰科,5,0,5,高橋-內壢,2023-01-31,5323
6550,北極星藥業-KY,18,13,5,高橋-內壢,2023-01-31,5323
6603,富強鑫,5,0,5,高橋-內壢,2023-01-31,5323
8222,寶一,6,1,5,高橋-內壢,2023-01-31,5323
00631L,元大台灣50正2,4,0,4,高橋-內壢,2023-01-31,5323
2615,萬海,16,12,4,高橋-內壢,2023-01-31,5323
3711,日月光投控,4,0,4,高橋-內壢,2023-01-31,5323
5347,世界,16,12,4,高橋-內壢,2023-01-31,5323
6679,鈺太,6,2,4,高橋-內壢,2023-01-31,5323
8933,愛地雅,6,2,4,高橋-內壢,2023-01-31,5323
2330,台積電,5,1,4,高橋-內壢,2023-01-31,5323
1514,亞力,3,0,3,高橋-內壢,2023-01-31,5323
2338,光罩,3,0,3,高橋-內壢,2023-01-31,5323
2436,偉詮電,3,0,3,高橋-內壢,2023-01-31,5323
2014,中鴻,121,9,112,高橋-內壢,2023-02-01,5323
1810,和成,89,6,83,高橋-內壢,2023-02-01,5323
00680L,元大美債20正2,50,0,50,高橋-內壢,2023-02-01,5323
6202,盛群,37,1,36,高橋-內壢,2023-02-01,5323
2884,玉山金,20,0,20,高橋-內壢,2023-02-01,5323
2108,南帝,20,5,15,高橋-內壢,2023-02-01,5323
2204,中華,20,5,15,高橋-內壢,2023-02-01,5323
2374,佳能,13,0,13,高橋-內壢,2023-02-01,5323
8996,高力,18,5,13,高橋-內壢,2023-02-01,5323
4716,大立,12,0,12,高橋-內壢,2023-02-01,5323
1909,榮成,12,1,11,高橋-內壢,2023-02-01,5323
1444,力麗,10,0,10,高橋-內壢,2023-02-01,5323
00632R,元大台灣50反1,10,0,10,高橋-內壢,2023-02-01,5323
2743,山富,10,0,10,高橋-內壢,2023-02-01,5323
4541,晟田,10,0,10,高橋-內壢,2023-02-01,5323
00878,國泰永續高股息,9,0,9,高橋-內壢,2023-02-01,5323
2891,中信金,9,0,9,高橋-內壢,2023-02-01,5323
2929,淘帝-KY,21,12,9,高橋-內壢,2023-02-01,5323
00892,富邦台灣半導體,8,0,8,高橋-內壢,2023-02-01,5323
00891,中信關鍵半導體,8,0,8,高橋-內壢,2023-02-01,5323
2601,益航,8,0,8,高橋-內壢,2023-02-01,5323
2637,慧洋-KY,16,8,8,高橋-內壢,2023-02-01,5323
3128,昇銳,8,0,8,高橋-內壢,2023-02-01,5323
6284,佳邦,8,0,8,高橋-內壢,2023-02-01,5323
6547,高端疫苗,8,1,7,高橋-內壢,2023-02-01,5323
00893,國泰智能電動車,30,23,7,高橋-內壢,2023-02-01,5323
3049,精金,9,2,7,高橋-內壢,2023-02-01,5323
3406,玉晶光,7,0,7,高橋-內壢,2023-02-01,5323
5706,鳳凰,6,0,6,高橋-內壢,2023-02-01,5323
00830,國泰費城半導體,5,0,5,高橋-內壢,2023-02-01,5323
00905,FT臺灣Smart,10,5,5,高橋-內壢,2023-02-01,5323
2002,中鋼,5,0,5,高橋-內壢,2023-02-01,5323
2028,威致,5,0,5,高橋-內壢,2023-02-01,5323
2109,華豐,5,0,5,高橋-內壢,2023-02-01,5323
3016,嘉晶,5,0,5,高橋-內壢,2023-02-01,5323
3441,聯一光,5,0,5,高橋-內壢,2023-02-01,5323
4979,華星光,11,6,5,高橋-內壢,2023-02-01,5323
5263,智崴,5,0,5,高橋-內壢,2023-02-01,5323
5340,建榮,5,0,5,高橋-內壢,2023-02-01,5323
2834,臺企銀,4,0,4,高橋-內壢,2023-02-01,5323
1417,嘉裕,4,0,4,高橋-內壢,2023-02-01,5323
1467,南緯,4,0,4,高橋-內壢,2023-02-01,5323
1519,華城,5,1,4,高橋-內壢,2023-02-01,5323
00882,中信中國高股息,8,4,4,高橋-內壢,2023-02-01,5323
00888,永豐台灣ESG,4,0,4,高橋-內壢,2023-02-01,5323
2030,彰源,4,0,4,高橋-內壢,2023-02-01,5323
2412,中華電,4,0,4,高橋-內壢,2023-02-01,5323
2465,麗臺,4,0,4,高橋-內壢,2023-02-01,5323
3354,律勝,4,0,4,高橋-內壢,2023-02-01,5323
4904,遠傳,4,0,4,高橋-內壢,2023-02-01,5323
2014,中鴻,251,0,251,高橋-內壢,2023-02-02,5323
2618,長榮航,139,0,139,高橋-內壢,2023-02-02,5323
1524,耿鼎,105,2,103,高橋-內壢,2023-02-02,5323
1605,華新,257,159,98,高橋-內壢,2023-02-02,5323
1314,中石化,60,0,60,高橋-內壢,2023-02-02,5323
2002,中鋼,36,0,36,高橋-內壢,2023-02-02,5323
1909,榮成,33,0,33,高橋-內壢,2023-02-02,5323
3047,訊舟,32,0,32,高橋-內壢,2023-02-02,5323
00882,中信中國高股息,41,11,30,高橋-內壢,2023-02-02,5323
00632R,元大台灣50反1,33,5,28,高橋-內壢,2023-02-02,5323
2201,裕隆,44,18,26,高橋-內壢,2023-02-02,5323
00900,富邦特選高股息30,36,11,25,高橋-內壢,2023-02-02,5323
1312,國喬,23,0,23,高橋-內壢,2023-02-02,5323
2615,萬海,27,6,21,高橋-內壢,2023-02-02,5323
00893,國泰智能電動車,21,1,20,高橋-內壢,2023-02-02,5323
2906,高林,20,0,20,高橋-內壢,2023-02-02,5323
3162,精確,20,0,20,高橋-內壢,2023-02-02,5323
00637L,元大滬深300正2,19,0,19,高橋-內壢,2023-02-02,5323
2603,長榮,24,6,18,高橋-內壢,2023-02-02,5323
2834,臺企銀,15,0,15,高橋-內壢,2023-02-02,5323
2881,富邦金,12,0,12,高橋-內壢,2023-02-02,5323
2891,中信金,12,0,12,高橋-內壢,2023-02-02,5323
2883,凱基金,11,0,11,高橋-內壢,2023-02-02,5323
00670L,富邦NASDAQ正2,10,0,10,高橋-內壢,2023-02-02,5323
1718,中纖,10,0,10,高橋-內壢,2023-02-02,5323
2032,新鋼,10,0,10,高橋-內壢,2023-02-02,5323
2515,中工,10,0,10,高橋-內壢,2023-02-02,5323
2636,台驊控股,10,0,10,高橋-內壢,2023-02-02,5323
8033,雷虎,10,0,10,高橋-內壢,2023-02-02,5323
2030,彰源,9,0,9,高橋-內壢,2023-02-02,5323
8050,廣積,10,1,9,高橋-內壢,2023-02-02,5323
2007,燁興,12,5,7,高橋-內壢,2023-02-02,5323
1513,中興電,6,0,6,高橋-內壢,2023-02-02,5323
2317,鴻海,7,1,6,高橋-內壢,2023-02-02,5323
2421,建準,6,0,6,高橋-內壢,2023-02-02,5323
00885,富邦越南,5,0,5,高橋-內壢,2023-02-02,5323
1536,和大,5,0,5,高橋-內壢,2023-02-02,5323
2419,仲琦,10,5,5,高橋-內壢,2023-02-02,5323
2468,華經,5,0,5,高橋-內壢,2023-02-02,5323
2538,基泰,5,0,5,高橋-內壢,2023-02-02,5323
3419,譁裕,5,0,5,高橋-內壢,2023-02-02,5323
5469,瀚宇博,5,0,5,高橋-內壢,2023-02-02,5323
6104,創惟,5,0,5,高橋-內壢,2023-02-02,5323
6152,百一,5,0,5,高橋-內壢,2023-02-02,5323
8478,東哥遊艇,5,0,5,高橋-內壢,2023-02-02,5323
9962,有益,5,0,5,高橋-內壢,2023-02-02,5323
3624,光頡,15,11,4,高橋-內壢,2023-02-02,5323
1467,南緯,4,0,4,高橋-內壢,2023-02-02,5323
2610,華航,15,11,4,高橋-內壢,2023-02-02,5323
2885,元大金,4,0,4,高橋-內壢,2023-02-02,5323
2618,長榮航,108,4,104,高橋-內壢,2023-02-03,5323
2014,中鴻,107,7,100,高橋-內壢,2023-02-03,5323
2408,南亞科,50,0,50,高橋-內壢,2023-02-03,5323
6770,力積電,101,52,49,高橋-內壢,2023-02-03,5323
5351,鈺創,53,6,47,高橋-內壢,2023-02-03,5323
2888,新光金,35,0,35,高橋-內壢,2023-02-03,5323
2369,菱生,30,0,30,高橋-內壢,2023-02-03,5323
6282,康舒,52,27,25,高橋-內壢,2023-02-03,5323
00757,統一FANG+,22,0,22,高橋-內壢,2023-02-03,5323
2388,威盛,28,6,22,高橋-內壢,2023-02-03,5323
5608,四維航,22,0,22,高橋-內壢,2023-02-03,5323
00882,中信中國高股息,21,0,21,高橋-內壢,2023-02-03,5323
2498,宏達電,38,17,21,高橋-內壢,2023-02-03,5323
00878,國泰永續高股息,20,0,20,高橋-內壢,2023-02-03,5323
2204,中華,20,0,20,高橋-內壢,2023-02-03,5323
2495,普安,20,0,20,高橋-內壢,2023-02-03,5323
2610,華航,18,1,17,高橋-內壢,2023-02-03,5323
0056,元大高股息,17,1,16,高橋-內壢,2023-02-03,5323
2481,強茂,20,4,16,高橋-內壢,2023-02-03,5323
6245,立端,17,1,16,高橋-內壢,2023-02-03,5323
1701,中化,15,0,15,高橋-內壢,2023-02-03,5323
1305,華夏,15,0,15,高橋-內壢,2023-02-03,5323
2891,中信金,13,0,13,高橋-內壢,2023-02-03,5323
4707,磐亞,13,0,13,高橋-內壢,2023-02-03,5323
2484,希華,13,1,12,高橋-內壢,2023-02-03,5323
3162,精確,12,0,12,高橋-內壢,2023-02-03,5323
4128,中天,12,1,11,高橋-內壢,2023-02-03,5323
2323,中環,12,2,10,高橋-內壢,2023-02-03,5323
5426,振發,10,0,10,高橋-內壢,2023-02-03,5323
6234,高僑,10,0,10,高橋-內壢,2023-02-03,5323
8040,九暘,10,0,10,高橋-內壢,2023-02-03,5323
2317,鴻海,12,3,9,高橋-內壢,2023-02-03,5323
6443,元晶,11,2,9,高橋-內壢,2023-02-03,5323
2603,長榮,13,4,9,高橋-內壢,2023-02-03,5323
00885,富邦越南,8,0,8,高橋-內壢,2023-02-03,5323
3481,群創,13,5,8,高橋-內壢,2023-02-03,5323
00637L,元大滬深300正2,7,0,7,高橋-內壢,2023-02-03,5323
3049,精金,7,0,7,高橋-內壢,2023-02-03,5323
2201,裕隆,27,21,6,高橋-內壢,2023-02-03,5323
3105,穩懋,8,2,6,高橋-內壢,2023-02-03,5323
00715L,期街口布蘭特正2,5,0,5,高橋-內壢,2023-02-03,5323
2376,技嘉,5,0,5,高橋-內壢,2023-02-03,5323
2492,華新科,5,0,5,高橋-內壢,2023-02-03,5323
4171,瑞基,10,5,5,高橋-內壢,2023-02-03,5323
4979,華星光,6,1,5,高橋-內壢,2023-02-03,5323
5371,中光電,5,0,5,高橋-內壢,2023-02-03,5323
1467,南緯,4,0,4,高橋-內壢,2023-02-03,5323
1447,力鵬,4,0,4,高橋-內壢,2023-02-03,5323
00632R,元大台灣50反1,10,6,4,高橋-內壢,2023-02-03,5323
4114,健喬,4,0,4,高橋-內壢,2023-02-03,5323
2929,淘帝-KY,44,4,40,高橋-內壢,2023-02-06,5323
3027,盛達,30,0,30,高橋-內壢,2023-02-06,5323
2603,長榮,28,4,24,高橋-內壢,2023-02-06,5323
2323,中環,22,2,20,高橋-內壢,2023-02-06,5323
2486,一詮,39,19,20,高橋-內壢,2023-02-06,5323
2888,新光金,20,0,20,高橋-內壢,2023-02-06,5323
6202,盛群,20,2,18,高橋-內壢,2023-02-06,5323
1605,華新,28,13,15,高橋-內壢,2023-02-06,5323
2455,全新,15,0,15,高橋-內壢,2023-02-06,5323
3162,精確,15,0,15,高橋-內壢,2023-02-06,5323
2892,第一金,12,0,12,高橋-內壢,2023-02-06,5323
00715L,期街口布蘭特正2,10,0,10,高橋-內壢,2023-02-06,5323
2108,南帝,10,0,10,高橋-內壢,2023-02-06,5323
2368,金像電,10,0,10,高橋-內壢,2023-02-06,5323
2881,富邦金,10,0,10,高橋-內壢,2023-02-06,5323
2303,聯電,14,5,9,高橋-內壢,2023-02-06,5323
00712,復華富時不動產,10,2,8,高橋-內壢,2023-02-06,5323
00642U,期元大S＆P石油,8,0,8,高橋-內壢,2023-02-06,5323
8155,博智,8,0,8,高橋-內壢,2023-02-06,5323
2492,華新科,7,0,7,高橋-內壢,2023-02-06,5323
2201,裕隆,69,63,6,高橋-內壢,2023-02-06,5323
2891,中信金,6,0,6,高橋-內壢,2023-02-06,5323
3624,光頡,9,3,6,高橋-內壢,2023-02-06,5323
4716,大立,6,0,6,高橋-內壢,2023-02-06,5323
6243,迅杰,6,0,6,高橋-內壢,2023-02-06,5323
2609,陽明,11,6,5,高橋-內壢,2023-02-06,5323
1101,台泥,7,2,5,高橋-內壢,2023-02-06,5323
00891,中信關鍵半導體,5,0,5,高橋-內壢,2023-02-06,5323
2364,倫飛,6,1,5,高橋-內壢,2023-02-06,5323
2834,臺企銀,5,0,5,高橋-內壢,2023-02-06,5323
3450,聯鈞,5,0,5,高橋-內壢,2023-02-06,5323
4128,中天,9,4,5,高橋-內壢,2023-02-06,5323
4911,德英,5,0,5,高橋-內壢,2023-02-06,5323
6163,華電網,5,0,5,高橋-內壢,2023-02-06,5323
6245,立端,13,8,5,高橋-內壢,2023-02-06,5323
9105,泰金寶-DR,5,0,5,高橋-內壢,2023-02-06,5323
9945,潤泰新,5,0,5,高橋-內壢,2023-02-06,5323
8046,南電,5,1,4,高橋-內壢,2023-02-06,5323
1609,大亞,5,1,4,高橋-內壢,2023-02-06,5323
00882,中信中國高股息,12,8,4,高橋-內壢,2023-02-06,5323
3049,精金,4,0,4,高橋-內壢,2023-02-06,5323
8215,明基材,5,1,4,高橋-內壢,2023-02-06,5323
0056,元大高股息,4,0,4,高橋-內壢,2023-02-06,5323
3037,欣興,10,7,3,高橋-內壢,2023-02-06,5323
00637L,元大滬深300正2,3,0,3,高橋-內壢,2023-02-06,5323
00751B,元大AAA至A公司債,3,0,3,高橋-內壢,2023-02-06,5323
00885,富邦越南,3,0,3,高橋-內壢,2023-02-06,5323
1443,立益物流,3,0,3,高橋-內壢,2023-02-06,5323
2408,南亞科,53,50,3,高橋-內壢,2023-02-06,5323
3388,崇越電,3,0,3,高橋-內壢,2023-02-06,5323
2618,長榮航,154,2,152,高橋-內壢,2023-02-07,5323
00753L,中信中國50正2,40,0,40,高橋-內壢,2023-02-07,5323
1314,中石化,36,0,36,高橋-內壢,2023-02-07,5323
00900,富邦特選高股息30,34,0,34,高橋-內壢,2023-02-07,5323
4128,中天,33,5,28,高橋-內壢,2023-02-07,5323
3019,亞光,25,0,25,高橋-內壢,2023-02-07,5323
2605,新興,20,1,19,高橋-內壢,2023-02-07,5323
2201,裕隆,18,2,16,高橋-內壢,2023-02-07,5323
2883,凱基金,16,0,16,高橋-內壢,2023-02-07,5323
3162,精確,15,0,15,高橋-內壢,2023-02-07,5323
4911,德英,15,0,15,高橋-內壢,2023-02-07,5323
00878,國泰永續高股息,14,0,14,高橋-內壢,2023-02-07,5323
2888,新光金,14,0,14,高橋-內壢,2023-02-07,5323
1605,華新,68,54,14,高橋-內壢,2023-02-07,5323
2887,台新金,13,0,13,高橋-內壢,2023-02-07,5323
2358,廷鑫,12,0,12,高橋-內壢,2023-02-07,5323
1909,榮成,11,0,11,高橋-內壢,2023-02-07,5323
2421,建準,14,3,11,高橋-內壢,2023-02-07,5323
2515,中工,10,0,10,高橋-內壢,2023-02-07,5323
3093,港建*,10,0,10,高橋-內壢,2023-02-07,5323
9105,泰金寶-DR,10,0,10,高橋-內壢,2023-02-07,5323
3037,欣興,9,0,9,高橋-內壢,2023-02-07,5323
6411,晶焱,15,6,9,高橋-內壢,2023-02-07,5323
2834,臺企銀,10,2,8,高橋-內壢,2023-02-07,5323
6282,康舒,14,6,8,高橋-內壢,2023-02-07,5323
6517,保勝光學,8,0,8,高橋-內壢,2023-02-07,5323
00891,中信關鍵半導體,7,0,7,高橋-內壢,2023-02-07,5323
00830,國泰費城半導體,6,0,6,高橋-內壢,2023-02-07,5323
2368,金像電,8,2,6,高橋-內壢,2023-02-07,5323
4162,智擎,7,1,6,高橋-內壢,2023-02-07,5323
4726,永昕,6,0,6,高橋-內壢,2023-02-07,5323
4746,台耀,12,6,6,高橋-內壢,2023-02-07,5323
4960,誠美材,9,3,6,高橋-內壢,2023-02-07,5323
2609,陽明,5,0,5,高橋-內壢,2023-02-07,5323
00892,富邦台灣半導體,5,0,5,高橋-內壢,2023-02-07,5323
00637L,元大滬深300正2,5,0,5,高橋-內壢,2023-02-07,5323
2313,華通,8,3,5,高橋-內壢,2023-02-07,5323
2884,玉山金,5,0,5,高橋-內壢,2023-02-07,5323
2929,淘帝-KY,5,0,5,高橋-內壢,2023-02-07,5323
3059,華晶科,8,3,5,高橋-內壢,2023-02-07,5323
6446,藥華藥,5,0,5,高橋-內壢,2023-02-07,5323
2603,長榮,7,3,4,高橋-內壢,2023-02-07,5323
00712,復華富時不動產,4,0,4,高橋-內壢,2023-02-07,5323
6111,大宇資,7,3,4,高橋-內壢,2023-02-07,5323
6547,高端疫苗,7,3,4,高橋-內壢,2023-02-07,5323
2105,正新,3,0,3,高橋-內壢,2023-02-07,5323
2031,新光鋼,3,0,3,高橋-內壢,2023-02-07,5323
00780B,國泰A級金融債,3,0,3,高橋-內壢,2023-02-07,5323
3105,穩懋,4,1,3,高橋-內壢,2023-02-07,5323
3532,台勝科,3,0,3,高橋-內壢,2023-02-07,5323
2014,中鴻,225,75,150,高橋-內壢,2023-02-08,5323
6770,力積電,99,11,88,高橋-內壢,2023-02-08,5323
00878,國泰永續高股息,72,0,72,高橋-內壢,2023-02-08,5323
00753L,中信中國50正2,66,1,65,高橋-內壢,2023-02-08,5323
00895,富邦未來車,50,0,50,高橋-內壢,2023-02-08,5323
4114,健喬,55,8,47,高橋-內壢,2023-02-08,5323
00632R,元大台灣50反1,30,0,30,高橋-內壢,2023-02-08,5323
2888,新光金,30,0,30,高橋-內壢,2023-02-08,5323
2317,鴻海,26,3,23,高橋-內壢,2023-02-08,5323
3576,聯合再生,22,0,22,高橋-內壢,2023-02-08,5323
2493,揚博,20,0,20,高橋-內壢,2023-02-08,5323
00903,富邦元宇宙,20,1,19,高橋-內壢,2023-02-08,5323
2883,凱基金,24,5,19,高橋-內壢,2023-02-08,5323
00893,國泰智能電動車,50,33,17,高橋-內壢,2023-02-08,5323
2889,國票金,16,0,16,高橋-內壢,2023-02-08,5323
8478,東哥遊艇,15,0,15,高橋-內壢,2023-02-08,5323
2409,友達,34,20,14,高橋-內壢,2023-02-08,5323
1760,寶齡富錦,15,2,13,高橋-內壢,2023-02-08,5323
2603,長榮,13,0,13,高橋-內壢,2023-02-08,5323
2641,正德,12,0,12,高橋-內壢,2023-02-08,5323
8215,明基材,12,0,12,高橋-內壢,2023-02-08,5323
2492,華新科,11,0,11,高橋-內壢,2023-02-08,5323
4979,華星光,17,6,11,高橋-內壢,2023-02-08,5323
8046,南電,11,0,11,高橋-內壢,2023-02-08,5323
2009,第一銅,13,3,10,高橋-內壢,2023-02-08,5323
2891,中信金,10,0,10,高橋-內壢,2023-02-08,5323
3499,環天科,10,0,10,高橋-內壢,2023-02-08,5323
00882,中信中國高股息,18,9,9,高橋-內壢,2023-02-08,5323
2498,宏達電,21,12,9,高橋-內壢,2023-02-08,5323
2834,臺企銀,16,7,9,高橋-內壢,2023-02-08,5323
3710,連展投控,10,1,9,高橋-內壢,2023-02-08,5323
3022,威強電,9,1,8,高橋-內壢,2023-02-08,5323
5388,中磊,8,0,8,高橋-內壢,2023-02-08,5323
2415,錩新,7,0,7,高橋-內壢,2023-02-08,5323
2892,第一金,7,0,7,高橋-內壢,2023-02-08,5323
3419,譁裕,8,1,7,高橋-內壢,2023-02-08,5323
4931,新盛力,8,1,7,高橋-內壢,2023-02-08,5323
6116,彩晶,10,3,7,高橋-內壢,2023-02-08,5323
1711,永光,6,0,6,高橋-內壢,2023-02-08,5323
00720B,元大投資級公司債,6,0,6,高橋-內壢,2023-02-08,5323
2201,裕隆,6,0,6,高橋-內壢,2023-02-08,5323
3580,友威科,6,0,6,高橋-內壢,2023-02-08,5323
6104,創惟,13,7,6,高橋-內壢,2023-02-08,5323
00637L,元大滬深300正2,5,0,5,高橋-內壢,2023-02-08,5323
00713,元大台灣高息低波,5,0,5,高橋-內壢,2023-02-08,5323
2007,燁興,5,0,5,高橋-內壢,2023-02-08,5323
2609,陽明,7,2,5,高橋-內壢,2023-02-08,5323
2882,國泰金,5,0,5,高橋-內壢,2023-02-08,5323
4961,天鈺,5,0,5,高橋-內壢,2023-02-08,5323
5488,松普,5,0,5,高橋-內壢,2023-02-08,5323
2014,中鴻,100,46,54,高橋-內壢,2023-02-09,5323
00878,國泰永續高股息,43,0,43,高橋-內壢,2023-02-09,5323
1524,耿鼎,39,1,38,高橋-內壢,2023-02-09,5323
3481,群創,33,2,31,高橋-內壢,2023-02-09,5323
4915,致伸,30,0,30,高橋-內壢,2023-02-09,5323
00753L,中信中國50正2,20,0,20,高橋-內壢,2023-02-09,5323
2201,裕隆,28,11,17,高橋-內壢,2023-02-09,5323
3019,亞光,15,0,15,高橋-內壢,2023-02-09,5323
3490,單井,15,0,15,高橋-內壢,2023-02-09,5323
6517,保勝光學,15,0,15,高橋-內壢,2023-02-09,5323
1736,喬山,14,0,14,高橋-內壢,2023-02-09,5323
5488,松普,14,0,14,高橋-內壢,2023-02-09,5323
2607,榮運,16,3,13,高橋-內壢,2023-02-09,5323
5302,太欣,11,0,11,高橋-內壢,2023-02-09,5323
1409,新纖,10,0,10,高橋-內壢,2023-02-09,5323
00772B,中信高評級公司債,10,0,10,高橋-內壢,2023-02-09,5323
00905,FT臺灣Smart,10,0,10,高橋-內壢,2023-02-09,5323
2376,技嘉,40,30,10,高橋-內壢,2023-02-09,5323
2405,輔信,10,0,10,高橋-內壢,2023-02-09,5323
2453,凌群,10,0,10,高橋-內壢,2023-02-09,5323
2455,全新,10,0,10,高橋-內壢,2023-02-09,5323
2537,聯上發,10,0,10,高橋-內壢,2023-02-09,5323
6143,振曜,10,0,10,高橋-內壢,2023-02-09,5323
6235,華孚,198,188,10,高橋-內壢,2023-02-09,5323
9105,泰金寶-DR,10,0,10,高橋-內壢,2023-02-09,5323
2009,第一銅,9,0,9,高橋-內壢,2023-02-09,5323
2492,華新科,23,14,9,高橋-內壢,2023-02-09,5323
2603,長榮,9,0,9,高橋-內壢,2023-02-09,5323
2888,新光金,9,0,9,高橋-內壢,2023-02-09,5323
1313,聯成,8,0,8,高橋-內壢,2023-02-09,5323
2359,所羅門,10,2,8,高橋-內壢,2023-02-09,5323
2408,南亞科,10,2,8,高橋-內壢,2023-02-09,5323
2497,怡利電,8,0,8,高橋-內壢,2023-02-09,5323
00720B,元大投資級公司債,7,0,7,高橋-內壢,2023-02-09,5323
1609,大亞,21,14,7,高橋-內壢,2023-02-09,5323
00882,中信中國高股息,18,12,6,高橋-內壢,2023-02-09,5323
1101,台泥,6,0,6,高橋-內壢,2023-02-09,5323
1605,華新,10,4,6,高橋-內壢,2023-02-09,5323
2049,上銀,6,0,6,高橋-內壢,2023-02-09,5323
2105,正新,6,0,6,高橋-內壢,2023-02-09,5323
5236,凌陽創新,6,0,6,高橋-內壢,2023-02-09,5323
1305,華夏,5,0,5,高橋-內壢,2023-02-09,5323
00897,富邦基因免疫生技,5,0,5,高橋-內壢,2023-02-09,5323
00679B,元大美債20年,5,0,5,高橋-內壢,2023-02-09,5323
2393,億光,5,0,5,高橋-內壢,2023-02-09,5323
2528,皇普,5,0,5,高橋-內壢,2023-02-09,5323
3580,友威科,5,0,5,高橋-內壢,2023-02-09,5323
3708,上緯投控,5,0,5,高橋-內壢,2023-02-09,5323
4911,德英,5,0,5,高橋-內壢,2023-02-09,5323
4931,新盛力,5,0,5,高橋-內壢,2023-02-09,5323
00753L,中信中國50正2,120,0,120,高橋-內壢,2023-02-10,5323
2888,新光金,114,0,114,高橋-內壢,2023-02-10,5323
2618,長榮航,113,3,110,高橋-內壢,2023-02-10,5323
6244,茂迪,100,0,100,高橋-內壢,2023-02-10,5323
1802,台玻,99,0,99,高橋-內壢,2023-02-10,5323
1513,中興電,129,68,61,高橋-內壢,2023-02-10,5323
3710,連展投控,60,3,57,高橋-內壢,2023-02-10,5323
1437,勤益控,50,0,50,高橋-內壢,2023-02-10,5323
3714,富采,50,0,50,高橋-內壢,2023-02-10,5323
2884,玉山金,41,0,41,高橋-內壢,2023-02-10,5323
2453,凌群,39,4,35,高橋-內壢,2023-02-10,5323
1342,八貫,28,2,26,高橋-內壢,2023-02-10,5323
3374,精材,29,4,25,高橋-內壢,2023-02-10,5323
8933,愛地雅,23,0,23,高橋-內壢,2023-02-10,5323
2409,友達,223,200,23,高橋-內壢,2023-02-10,5323
3624,光頡,51,30,21,高橋-內壢,2023-02-10,5323
00903,富邦元宇宙,20,0,20,高橋-內壢,2023-02-10,5323
1701,中化,22,2,20,高橋-內壢,2023-02-10,5323
5258,虹堡,18,2,16,高橋-內壢,2023-02-10,5323
4979,華星光,18,4,14,高橋-內壢,2023-02-10,5323
5488,松普,14,0,14,高橋-內壢,2023-02-10,5323
6116,彩晶,21,7,14,高橋-內壢,2023-02-10,5323
6235,華孚,171,157,14,高橋-內壢,2023-02-10,5323
00882,中信中國高股息,15,3,12,高橋-內壢,2023-02-10,5323
2344,華邦電,12,0,12,高橋-內壢,2023-02-10,5323
2881,富邦金,12,0,12,高橋-內壢,2023-02-10,5323
3049,精金,12,0,12,高橋-內壢,2023-02-10,5323
3209,全科,12,0,12,高橋-內壢,2023-02-10,5323
9103,美德醫療-DR,12,0,12,高橋-內壢,2023-02-10,5323
5425,台半,13,2,11,高橋-內壢,2023-02-10,5323
2880,華南金,11,0,11,高橋-內壢,2023-02-10,5323
6269,台郡,11,0,11,高橋-內壢,2023-02-10,5323
2610,華航,10,0,10,高橋-內壢,2023-02-10,5323
00905,FT臺灣Smart,10,0,10,高橋-內壢,2023-02-10,5323
00772B,中信高評級公司債,10,0,10,高橋-內壢,2023-02-10,5323
00637L,元大滬深300正2,10,0,10,高橋-內壢,2023-02-10,5323
1722,台肥,10,0,10,高橋-內壢,2023-02-10,5323
2364,倫飛,10,0,10,高橋-內壢,2023-02-10,5323
2515,中工,10,0,10,高橋-內壢,2023-02-10,5323
3105,穩懋,12,2,10,高橋-內壢,2023-02-10,5323
5388,中磊,10,0,10,高橋-內壢,2023-02-10,5323
2108,南帝,9,0,9,高橋-內壢,2023-02-10,5323
2337,旺宏,9,0,9,高橋-內壢,2023-02-10,5323
2338,光罩,10,1,9,高橋-內壢,2023-02-10,5323
00720B,元大投資級公司債,8,0,8,高橋-內壢,2023-02-10,5323
3576,聯合再生,8,0,8,高橋-內壢,2023-02-10,5323
5302,太欣,8,0,8,高橋-內壢,2023-02-10,5323
1605,華新,63,56,7,高橋-內壢,2023-02-10,5323
2049,上銀,8,1,7,高橋-內壢,2023-02-10,5323
3162,精確,7,0,7,高橋-內壢,2023-02-10,5323
00878,國泰永續高股息,121,7,114,高橋-內壢,2023-02-13,5323
2409,友達,215,125,90,高橋-內壢,2023-02-13,5323
1701,中化,80,13,67,高橋-內壢,2023-02-13,5323
2023,燁輝,29,0,29,高橋-內壢,2023-02-13,5323
3498,陽程,23,0,23,高橋-內壢,2023-02-13,5323
4919,新唐,23,0,23,高橋-內壢,2023-02-13,5323
00753L,中信中國50正2,21,0,21,高橋-內壢,2023-02-13,5323
00772B,中信高評級公司債,20,0,20,高橋-內壢,2023-02-13,5323
3710,連展投控,20,0,20,高橋-內壢,2023-02-13,5323
6411,晶焱,34,14,20,高橋-內壢,2023-02-13,5323
2609,陽明,27,9,18,高橋-內壢,2023-02-13,5323
2498,宏達電,16,1,15,高橋-內壢,2023-02-13,5323
2610,華航,16,4,12,高橋-內壢,2023-02-13,5323
3481,群創,12,0,12,高橋-內壢,2023-02-13,5323
00720B,元大投資級公司債,11,0,11,高橋-內壢,2023-02-13,5323
2634,漢翔,13,2,11,高橋-內壢,2023-02-13,5323
2889,國票金,11,0,11,高橋-內壢,2023-02-13,5323
4721,美琪瑪,10,0,10,高橋-內壢,2023-02-13,5323
00903,富邦元宇宙,10,0,10,高橋-內壢,2023-02-13,5323
2425,承啟,10,0,10,高橋-內壢,2023-02-13,5323
3013,晟銘電,11,1,10,高橋-內壢,2023-02-13,5323
3624,光頡,13,3,10,高橋-內壢,2023-02-13,5323
5426,振發,10,0,10,高橋-內壢,2023-02-13,5323
2009,第一銅,10,1,9,高橋-內壢,2023-02-13,5323
2884,玉山金,15,6,9,高橋-內壢,2023-02-13,5323
8155,博智,14,5,9,高橋-內壢,2023-02-13,5323
8478,東哥遊艇,9,0,9,高橋-內壢,2023-02-13,5323
00679B,元大美債20年,8,0,8,高橋-內壢,2023-02-13,5323
2313,華通,9,1,8,高橋-內壢,2023-02-13,5323
6269,台郡,8,0,8,高橋-內壢,2023-02-13,5323
00751B,元大AAA至A公司債,7,0,7,高橋-內壢,2023-02-13,5323
4931,新盛力,22,15,7,高橋-內壢,2023-02-13,5323
6111,大宇資,7,0,7,高橋-內壢,2023-02-13,5323
00881,國泰台灣5G+,6,0,6,高橋-內壢,2023-02-13,5323
00900,富邦特選高股息30,6,0,6,高橋-內壢,2023-02-13,5323
3356,奇偶,6,0,6,高橋-內壢,2023-02-13,5323
3499,環天科,6,0,6,高橋-內壢,2023-02-13,5323
4533,協易機,6,0,6,高橋-內壢,2023-02-13,5323
1605,華新,6,1,5,高橋-內壢,2023-02-13,5323
2338,光罩,6,1,5,高橋-內壢,2023-02-13,5323
3231,緯創,5,0,5,高橋-內壢,2023-02-13,5323
5425,台半,5,0,5,高橋-內壢,2023-02-13,5323
5439,高技,5,0,5,高橋-內壢,2023-02-13,5323
6118,建達,5,0,5,高橋-內壢,2023-02-13,5323
6139,亞翔,5,0,5,高橋-內壢,2023-02-13,5323
1904,正隆,5,1,4,高橋-內壢,2023-02-13,5323
2753,八方雲集,5,1,4,高橋-內壢,2023-02-13,5323
1515,力山,4,0,4,高橋-內壢,2023-02-13,5323
2408,南亞科,34,30,4,高橋-內壢,2023-02-13,5323
3006,晶豪科,4,0,4,高橋-內壢,2023-02-13,5323
2609,陽明,38,11,27,高橋-內壢,2023-02-14,5323
2884,玉山金,23,0,23,高橋-內壢,2023-02-14,5323
3498,陽程,22,0,22,高橋-內壢,2023-02-14,5323
3013,晟銘電,21,0,21,高橋-內壢,2023-02-14,5323
00753L,中信中國50正2,20,0,20,高橋-內壢,2023-02-14,5323
00637L,元大滬深300正2,20,0,20,高橋-內壢,2023-02-14,5323
5351,鈺創,21,5,16,高橋-內壢,2023-02-14,5323
2888,新光金,17,5,12,高橋-內壢,2023-02-14,5323
00632R,元大台灣50反1,20,9,11,高橋-內壢,2023-02-14,5323
2388,威盛,17,6,11,高橋-內壢,2023-02-14,5323
2102,泰豐,10,0,10,高橋-內壢,2023-02-14,5323
2405,輔信,20,10,10,高橋-內壢,2023-02-14,5323
5426,振發,10,0,10,高橋-內壢,2023-02-14,5323
6223,旺矽,15,5,10,高橋-內壢,2023-02-14,5323
6235,華孚,172,162,10,高橋-內壢,2023-02-14,5323
6649,台生材,10,0,10,高橋-內壢,2023-02-14,5323
3037,欣興,12,3,9,高橋-內壢,2023-02-14,5323
00878,國泰永續高股息,20,11,9,高橋-內壢,2023-02-14,5323
1605,華新,44,36,8,高橋-內壢,2023-02-14,5323
2014,中鴻,36,28,8,高橋-內壢,2023-02-14,5323
2323,中環,8,0,8,高橋-內壢,2023-02-14,5323
6175,立敦,8,0,8,高橋-內壢,2023-02-14,5323
8183,精星,8,0,8,高橋-內壢,2023-02-14,5323
8033,雷虎,7,0,7,高橋-內壢,2023-02-14,5323
4919,新唐,21,14,7,高橋-內壢,2023-02-14,5323
8222,寶一,15,8,7,高橋-內壢,2023-02-14,5323
00830,國泰費城半導體,6,0,6,高橋-內壢,2023-02-14,5323
3029,零壹,6,0,6,高橋-內壢,2023-02-14,5323
3035,智原,8,2,6,高橋-內壢,2023-02-14,5323
3661,世芯-KY,7,1,6,高橋-內壢,2023-02-14,5323
6282,康舒,8,2,6,高橋-內壢,2023-02-14,5323
8105,凌巨,10,4,6,高橋-內壢,2023-02-14,5323
2201,裕隆,5,0,5,高橋-內壢,2023-02-14,5323
00892,富邦台灣半導體,5,0,5,高橋-內壢,2023-02-14,5323
00891,中信關鍵半導體,5,0,5,高橋-內壢,2023-02-14,5323
1519,華城,5,0,5,高橋-內壢,2023-02-14,5323
1711,永光,5,0,5,高橋-內壢,2023-02-14,5323
3591,艾笛森,5,0,5,高橋-內壢,2023-02-14,5323
4106,雃博,5,0,5,高橋-內壢,2023-02-14,5323
6133,金橋,7,2,5,高橋-內壢,2023-02-14,5323
2615,萬海,4,0,4,高橋-內壢,2023-02-14,5323
3141,晶宏,4,0,4,高橋-內壢,2023-02-14,5323
5905,南仁湖,4,0,4,高橋-內壢,2023-02-14,5323
2236,百達-KY,6,3,3,高橋-內壢,2023-02-14,5323
2607,榮運,3,0,3,高橋-內壢,2023-02-14,5323
3189,景碩,6,3,3,高橋-內壢,2023-02-14,5323
3218,大學光,3,0,3,高橋-內壢,2023-02-14,5323
3231,緯創,4,1,3,高橋-內壢,2023-02-14,5323
3508,位速,3,0,3,高橋-內壢,2023-02-14,5323
3576,聯合再生,3,0,3,高橋-內壢,2023-02-14,5323
00632R,元大台灣50反1,165,0,165,高橋-內壢,2023-02-15,5323
2618,長榮航,129,1,128,高橋-內壢,2023-02-15,5323
2344,華邦電,100,0,100,高橋-內壢,2023-02-15,5323
1513,中興電,115,18,97,高橋-內壢,2023-02-15,5323
3481,群創,197,119,78,高橋-內壢,2023-02-15,5323
00878,國泰永續高股息,80,5,75,高橋-內壢,2023-02-15,5323
2486,一詮,121,66,55,高橋-內壢,2023-02-15,5323
2014,中鴻,51,0,51,高橋-內壢,2023-02-15,5323
4739,康普,37,2,35,高橋-內壢,2023-02-15,5323
3693,營邦,32,10,22,高橋-內壢,2023-02-15,5323
00891,中信關鍵半導體,23,2,21,高橋-內壢,2023-02-15,5323
2399,映泰,20,0,20,高橋-內壢,2023-02-15,5323
00679B,元大美債20年,18,0,18,高橋-內壢,2023-02-15,5323
2330,台積電,25,8,17,高橋-內壢,2023-02-15,5323
3498,陽程,17,2,15,高橋-內壢,2023-02-15,5323
00780B,國泰A級金融債,12,0,12,高橋-內壢,2023-02-15,5323
2484,希華,12,0,12,高橋-內壢,2023-02-15,5323
00882,中信中國高股息,11,0,11,高橋-內壢,2023-02-15,5323
3221,台嘉碩,11,0,11,高橋-內壢,2023-02-15,5323
8478,東哥遊艇,12,1,11,高橋-內壢,2023-02-15,5323
00905,FT臺灣Smart,10,0,10,高橋-內壢,2023-02-15,5323
2493,揚博,10,0,10,高橋-內壢,2023-02-15,5323
2834,臺企銀,10,0,10,高橋-內壢,2023-02-15,5323
2884,玉山金,10,0,10,高橋-內壢,2023-02-15,5323
5309,系統電,12,2,10,高橋-內壢,2023-02-15,5323
8097,常珵,10,0,10,高橋-內壢,2023-02-15,5323
00772B,中信高評級公司債,9,0,9,高橋-內壢,2023-02-15,5323
2388,威盛,16,7,9,高橋-內壢,2023-02-15,5323
3710,連展投控,10,1,9,高橋-內壢,2023-02-15,5323
4979,華星光,10,1,9,高橋-內壢,2023-02-15,5323
6143,振曜,11,2,9,高橋-內壢,2023-02-15,5323
6517,保勝光學,10,1,9,高橋-內壢,2023-02-15,5323
4743,合一,9,1,8,高橋-內壢,2023-02-15,5323
00900,富邦特選高股息30,8,0,8,高橋-內壢,2023-02-15,5323
0056,元大高股息,8,0,8,高橋-內壢,2023-02-15,5323
2206,三陽工業,8,0,8,高橋-內壢,2023-02-15,5323
2498,宏達電,11,3,8,高橋-內壢,2023-02-15,5323
4919,新唐,17,10,7,高橋-內壢,2023-02-15,5323
8222,寶一,9,2,7,高橋-內壢,2023-02-15,5323
0050,元大台灣50,6,0,6,高橋-內壢,2023-02-15,5323
1447,力鵬,6,0,6,高橋-內壢,2023-02-15,5323
2027,大成鋼,6,0,6,高橋-內壢,2023-02-15,5323
2324,仁寶,6,0,6,高橋-內壢,2023-02-15,5323
2412,中華電,6,0,6,高橋-內壢,2023-02-15,5323
3013,晟銘電,6,0,6,高橋-內壢,2023-02-15,5323
3624,光頡,11,5,6,高橋-內壢,2023-02-15,5323
5425,台半,8,2,6,高橋-內壢,2023-02-15,5323
2438,翔耀,5,0,5,高橋-內壢,2023-02-15,5323
2867,三商壽,5,0,5,高橋-內壢,2023-02-15,5323
4746,台耀,5,0,5,高橋-內壢,2023-02-15,5323
2409,友達,85,21,64,高橋-內壢,2023-02-16,5323
00632R,元大台灣50反1,45,0,45,高橋-內壢,2023-02-16,5323
1513,中興電,86,52,34,高橋-內壢,2023-02-16,5323
9105,泰金寶-DR,29,0,29,高橋-內壢,2023-02-16,5323
8261,富鼎,31,4,27,高橋-內壢,2023-02-16,5323
00878,國泰永續高股息,40,15,25,高橋-內壢,2023-02-16,5323
00772B,中信高評級公司債,24,0,24,高橋-內壢,2023-02-16,5323
2884,玉山金,20,0,20,高橋-內壢,2023-02-16,5323
6182,合晶,12,0,12,高橋-內壢,2023-02-16,5323
8097,常珵,11,0,11,高橋-內壢,2023-02-16,5323
00720B,元大投資級公司債,10,0,10,高橋-內壢,2023-02-16,5323
3224,三顧,10,0,10,高橋-內壢,2023-02-16,5323
3710,連展投控,10,0,10,高橋-內壢,2023-02-16,5323
6547,高端疫苗,12,2,10,高橋-內壢,2023-02-16,5323
8936,國統,14,4,10,高橋-內壢,2023-02-16,5323
2367,燿華,10,0,10,高橋-內壢,2023-02-16,5323
3047,訊舟,9,0,9,高橋-內壢,2023-02-16,5323
4967,十銓,9,0,9,高橋-內壢,2023-02-16,5323
00679B,元大美債20年,8,0,8,高橋-內壢,2023-02-16,5323
1503,士電,11,3,8,高橋-內壢,2023-02-16,5323
2891,中信金,8,0,8,高橋-內壢,2023-02-16,5323
5706,鳳凰,12,4,8,高橋-內壢,2023-02-16,5323
1609,大亞,18,11,7,高橋-內壢,2023-02-16,5323
2323,中環,7,0,7,高橋-內壢,2023-02-16,5323
1101,台泥,8,2,6,高橋-內壢,2023-02-16,5323
2498,宏達電,11,5,6,高橋-內壢,2023-02-16,5323
3264,欣銓,6,0,6,高橋-內壢,2023-02-16,5323
4743,合一,7,1,6,高橋-內壢,2023-02-16,5323
00900,富邦特選高股息30,5,0,5,高橋-內壢,2023-02-16,5323
2328,廣宇,5,0,5,高橋-內壢,2023-02-16,5323
2504,國產,5,0,5,高橋-內壢,2023-02-16,5323
2609,陽明,6,1,5,高橋-內壢,2023-02-16,5323
2888,新光金,7,2,5,高橋-內壢,2023-02-16,5323
3036,文曄,5,0,5,高橋-內壢,2023-02-16,5323
3622,洋華,5,0,5,高橋-內壢,2023-02-16,5323
3706,神達,5,0,5,高橋-內壢,2023-02-16,5323
6005,群益證,6,1,5,高橋-內壢,2023-02-16,5323
6139,亞翔,5,0,5,高橋-內壢,2023-02-16,5323
6789,采鈺,5,0,5,高橋-內壢,2023-02-16,5323
8163,達方,5,0,5,高橋-內壢,2023-02-16,5323
3576,聯合再生,5,0,5,高橋-內壢,2023-02-16,5323
1216,統一,4,0,4,高橋-內壢,2023-02-16,5323
1432,大魯閣,4,0,4,高橋-內壢,2023-02-16,5323
1802,台玻,4,0,4,高橋-內壢,2023-02-16,5323
2484,希華,5,1,4,高橋-內壢,2023-02-16,5323
2603,長榮,5,1,4,高橋-內壢,2023-02-16,5323
6269,台郡,4,0,4,高橋-內壢,2023-02-16,5323
6609,瀧澤科,4,0,4,高橋-內壢,2023-02-16,5323
1519,華城,3,0,3,高橋-內壢,2023-02-16,5323
1268,漢來美食,3,0,3,高橋-內壢,2023-02-16,5323
2618,長榮航,413,28,385,高橋-內壢,2023-02-17,5323
2610,華航,381,66,315,高橋-內壢,2023-02-17,5323
1605,華新,221,95,126,高橋-內壢,2023-02-17,5323
4744,皇將,100,0,100,高橋-內壢,2023-02-17,5323
00632R,元大台灣50反1,100,2,98,高橋-內壢,2023-02-17,5323
2929,淘帝-KY,61,2,59,高橋-內壢,2023-02-17,5323
2007,燁興,66,15,51,高橋-內壢,2023-02-17,5323
00878,國泰永續高股息,39,6,33,高橋-內壢,2023-02-17,5323
2888,新光金,30,0,30,高橋-內壢,2023-02-17,5323
00905,FT臺灣Smart,22,0,22,高橋-內壢,2023-02-17,5323
00893,國泰智能電動車,21,0,21,高橋-內壢,2023-02-17,5323
00751B,元大AAA至A公司債,21,0,21,高橋-內壢,2023-02-17,5323
2884,玉山金,23,2,21,高橋-內壢,2023-02-17,5323
5457,宣德,20,0,20,高橋-內壢,2023-02-17,5323
3128,昇銳,16,0,16,高橋-內壢,2023-02-17,5323
4919,新唐,16,0,16,高橋-內壢,2023-02-17,5323
9105,泰金寶-DR,16,0,16,高橋-內壢,2023-02-17,5323
2303,聯電,15,0,15,高橋-內壢,2023-02-17,5323
2492,華新科,25,10,15,高橋-內壢,2023-02-17,5323
3545,敦泰,26,12,14,高橋-內壢,2023-02-17,5323
00637L,元大滬深300正2,12,0,12,高橋-內壢,2023-02-17,5323
2206,三陽工業,14,2,12,高橋-內壢,2023-02-17,5323
3622,洋華,12,0,12,高橋-內壢,2023-02-17,5323
6443,元晶,22,11,11,高橋-內壢,2023-02-17,5323
3058,立德,10,0,10,高橋-內壢,2023-02-17,5323
3704,合勤控,10,0,10,高橋-內壢,2023-02-17,5323
4979,華星光,10,0,10,高橋-內壢,2023-02-17,5323
6120,達運,11,1,10,高橋-內壢,2023-02-17,5323
00882,中信中國高股息,11,2,9,高橋-內壢,2023-02-17,5323
3454,晶睿,10,1,9,高橋-內壢,2023-02-17,5323
4961,天鈺,15,6,9,高橋-內壢,2023-02-17,5323
2201,裕隆,35,26,9,高橋-內壢,2023-02-17,5323
2329,華泰,10,2,8,高橋-內壢,2023-02-17,5323
00895,富邦未來車,7,0,7,高橋-內壢,2023-02-17,5323
00900,富邦特選高股息30,6,0,6,高橋-內壢,2023-02-17,5323
00679B,元大美債20年,6,0,6,高橋-內壢,2023-02-17,5323
2607,榮運,6,0,6,高橋-內壢,2023-02-17,5323
3189,景碩,7,1,6,高橋-內壢,2023-02-17,5323
5222,全訊,6,0,6,高橋-內壢,2023-02-17,5323
2330,台積電,11,5,6,高橋-內壢,2023-02-17,5323
8478,東哥遊艇,12,7,5,高橋-內壢,2023-02-17,5323
1524,耿鼎,5,0,5,高橋-內壢,2023-02-17,5323
00891,中信關鍵半導體,5,0,5,高橋-內壢,2023-02-17,5323
00772B,中信高評級公司債,5,0,5,高橋-內壢,2023-02-17,5323
2027,大成鋼,5,0,5,高橋-內壢,2023-02-17,5323
2889,國票金,5,0,5,高橋-內壢,2023-02-17,5323
5469,瀚宇博,5,0,5,高橋-內壢,2023-02-17,5323
6589,台康生技,5,0,5,高橋-內壢,2023-02-17,5323
00753L,中信中國50正2,4,0,4,高橋-內壢,2023-02-17,5323
2609,陽明,5,1,4,高橋-內壢,2023-02-17,5323
2344,華邦電,650,54,596,高橋-內壢,2023-02-20,5323
6770,力積電,73,0,73,高橋-內壢,2023-02-20,5323
2884,玉山金,86,15,71,高橋-內壢,2023-02-20,5323
3710,連展投控,50,0,50,高橋-內壢,2023-02-20,5323
6741,91APP*-KY,41,0,41,高橋-內壢,2023-02-20,5323
2328,廣宇,41,1,40,高橋-內壢,2023-02-20,5323
6235,華孚,102,67,35,高橋-內壢,2023-02-20,5323
1219,福壽,33,2,31,高橋-內壢,2023-02-20,5323
1513,中興電,42,14,28,高橋-內壢,2023-02-20,5323
6517,保勝光學,28,0,28,高橋-內壢,2023-02-20,5323
8105,凌巨,20,0,20,高橋-內壢,2023-02-20,5323
5351,鈺創,18,0,18,高橋-內壢,2023-02-20,5323
2731,雄獅,33,17,16,高橋-內壢,2023-02-20,5323
8155,博智,16,0,16,高橋-內壢,2023-02-20,5323
1432,大魯閣,15,0,15,高橋-內壢,2023-02-20,5323
4526,東台,15,0,15,高橋-內壢,2023-02-20,5323
1504,東元,20,6,14,高橋-內壢,2023-02-20,5323
00712,復華富時不動產,14,0,14,高橋-內壢,2023-02-20,5323
2206,三陽工業,13,0,13,高橋-內壢,2023-02-20,5323
00830,國泰費城半導體,12,0,12,高橋-內壢,2023-02-20,5323
00753L,中信中國50正2,11,0,11,高橋-內壢,2023-02-20,5323
2867,三商壽,11,0,11,高橋-內壢,2023-02-20,5323
3675,德微,13,2,11,高橋-內壢,2023-02-20,5323
1201,味全,10,0,10,高橋-內壢,2023-02-20,5323
1760,寶齡富錦,10,0,10,高橋-內壢,2023-02-20,5323
3624,光頡,10,0,10,高橋-內壢,2023-02-20,5323
6206,飛捷,9,0,9,高橋-內壢,2023-02-20,5323
8227,巨有科技,12,3,9,高橋-內壢,2023-02-20,5323
2882,國泰金,12,4,8,高橋-內壢,2023-02-20,5323
6139,亞翔,12,4,8,高橋-內壢,2023-02-20,5323
00772B,中信高評級公司債,7,0,7,高橋-內壢,2023-02-20,5323
00878,國泰永續高股息,20,13,7,高橋-內壢,2023-02-20,5323
2349,錸德,10,3,7,高橋-內壢,2023-02-20,5323
3715,定穎投控,7,0,7,高橋-內壢,2023-02-20,5323
5340,建榮,7,0,7,高橋-內壢,2023-02-20,5323
8358,金居,8,1,7,高橋-內壢,2023-02-20,5323
2027,大成鋼,6,0,6,高橋-內壢,2023-02-20,5323
2317,鴻海,6,0,6,高橋-內壢,2023-02-20,5323
2888,新光金,10,4,6,高橋-內壢,2023-02-20,5323
4919,新唐,18,12,6,高橋-內壢,2023-02-20,5323
8436,大江,9,3,6,高橋-內壢,2023-02-20,5323
1103,嘉泥,5,0,5,高橋-內壢,2023-02-20,5323
00902,中信電池及儲能,5,0,5,高橋-內壢,2023-02-20,5323
1752,南光,5,0,5,高橋-內壢,2023-02-20,5323
2247,汎德永業,5,0,5,高橋-內壢,2023-02-20,5323
2329,華泰,5,0,5,高橋-內壢,2023-02-20,5323
2438,翔耀,5,0,5,高橋-內壢,2023-02-20,5323
2484,希華,5,0,5,高橋-內壢,2023-02-20,5323
2906,高林,6,1,5,高橋-內壢,2023-02-20,5323
4911,德英,5,0,5,高橋-內壢,2023-02-20,5323
2618,長榮航,321,14,307,高橋-內壢,2023-02-21,5323
2610,華航,341,69,272,高橋-內壢,2023-02-21,5323
6244,茂迪,100,0,100,高橋-內壢,2023-02-21,5323
6288,聯嘉,41,1,40,高橋-內壢,2023-02-21,5323
3710,連展投控,32,0,32,高橋-內壢,2023-02-21,5323
5258,虹堡,35,5,30,高橋-內壢,2023-02-21,5323
1522,堤維西,30,6,24,高橋-內壢,2023-02-21,5323
1417,嘉裕,22,0,22,高橋-內壢,2023-02-21,5323
00753L,中信中國50正2,21,0,21,高橋-內壢,2023-02-21,5323
1101,台泥,21,0,21,高橋-內壢,2023-02-21,5323
00907,永豐優息存股,20,0,20,高橋-內壢,2023-02-21,5323
6605,帝寶,20,0,20,高橋-內壢,2023-02-21,5323
00893,國泰智能電動車,18,0,18,高橋-內壢,2023-02-21,5323
4961,天鈺,19,2,17,高橋-內壢,2023-02-21,5323
1314,中石化,15,0,15,高橋-內壢,2023-02-21,5323
4968,立積,20,6,14,高橋-內壢,2023-02-21,5323
1524,耿鼎,16,2,14,高橋-內壢,2023-02-21,5323
2883,凱基金,13,0,13,高橋-內壢,2023-02-21,5323
1609,大亞,13,2,11,高橋-內壢,2023-02-21,5323
1409,新纖,11,0,11,高橋-內壢,2023-02-21,5323
2498,宏達電,18,7,11,高橋-內壢,2023-02-21,5323
2493,揚博,10,0,10,高橋-內壢,2023-02-21,5323
5014,建錩,10,0,10,高橋-內壢,2023-02-21,5323
5272,笙科,10,0,10,高橋-內壢,2023-02-21,5323
5701,劍湖山,10,0,10,高橋-內壢,2023-02-21,5323
6118,建達,10,0,10,高橋-內壢,2023-02-21,5323
4979,華星光,14,5,9,高橋-內壢,2023-02-21,5323
2812,台中銀,8,0,8,高橋-內壢,2023-02-21,5323
3624,光頡,9,1,8,高橋-內壢,2023-02-21,5323
00642U,期元大S＆P石油,7,0,7,高橋-內壢,2023-02-21,5323
0056,元大高股息,9,2,7,高橋-內壢,2023-02-21,5323
3078,僑威,7,0,7,高橋-內壢,2023-02-21,5323
3141,晶宏,17,10,7,高橋-內壢,2023-02-21,5323
8936,國統,9,2,7,高橋-內壢,2023-02-21,5323
2867,三商壽,14,8,6,高橋-內壢,2023-02-21,5323
2615,萬海,20,14,6,高橋-內壢,2023-02-21,5323
2206,三陽工業,7,1,6,高橋-內壢,2023-02-21,5323
3006,晶豪科,10,4,6,高橋-內壢,2023-02-21,5323
3444,利機,6,0,6,高橋-內壢,2023-02-21,5323
6788,華景電,6,0,6,高橋-內壢,2023-02-21,5323
00751B,元大AAA至A公司債,5,0,5,高橋-內壢,2023-02-21,5323
2358,廷鑫,5,0,5,高橋-內壢,2023-02-21,5323
2641,正德,5,0,5,高橋-內壢,2023-02-21,5323
2723,美食-KY,5,0,5,高橋-內壢,2023-02-21,5323
3011,今皓,5,0,5,高橋-內壢,2023-02-21,5323
3532,台勝科,7,2,5,高橋-內壢,2023-02-21,5323
3594,磐儀,5,0,5,高橋-內壢,2023-02-21,5323
4977,眾達-KY,5,0,5,高橋-內壢,2023-02-21,5323
6142,友勁,5,0,5,高橋-內壢,2023-02-21,5323
6191,精成科,5,0,5,高橋-內壢,2023-02-21,5323
2637,慧洋-KY,215,4,211,高橋-內壢,2023-02-22,5323
6116,彩晶,362,151,211,高橋-內壢,2023-02-22,5323
00878,國泰永續高股息,87,20,67,高橋-內壢,2023-02-22,5323
00632R,元大台灣50反1,60,0,60,高橋-內壢,2023-02-22,5323
00671R,富邦NASDAQ反1,50,0,50,高橋-內壢,2023-02-22,5323
3419,譁裕,50,5,45,高橋-內壢,2023-02-22,5323
5512,力麒,37,1,36,高橋-內壢,2023-02-22,5323
2303,聯電,60,26,34,高橋-內壢,2023-02-22,5323
3035,智原,33,2,31,高橋-內壢,2023-02-22,5323
3710,連展投控,30,0,30,高橋-內壢,2023-02-22,5323
4968,立積,26,1,25,高橋-內壢,2023-02-22,5323
3289,宜特,24,0,24,高橋-內壢,2023-02-22,5323
00891,中信關鍵半導體,22,0,22,高橋-內壢,2023-02-22,5323
8261,富鼎,21,0,21,高橋-內壢,2023-02-22,5323
8478,東哥遊艇,35,14,21,高橋-內壢,2023-02-22,5323
6167,久正,20,0,20,高橋-內壢,2023-02-22,5323
5608,四維航,18,0,18,高橋-內壢,2023-02-22,5323
6282,康舒,18,1,17,高橋-內壢,2023-02-22,5323
00712,復華富時不動產,15,0,15,高橋-內壢,2023-02-22,5323
00753L,中信中國50正2,15,0,15,高橋-內壢,2023-02-22,5323
4919,新唐,16,1,15,高橋-內壢,2023-02-22,5323
00900,富邦特選高股息30,13,0,13,高橋-內壢,2023-02-22,5323
2108,南帝,15,2,13,高橋-內壢,2023-02-22,5323
1101,台泥,13,1,12,高橋-內壢,2023-02-22,5323
4961,天鈺,13,2,11,高橋-內壢,2023-02-22,5323
00720B,元大投資級公司債,10,0,10,高橋-內壢,2023-02-22,5323
2002,中鋼,10,0,10,高橋-內壢,2023-02-22,5323
3029,零壹,11,1,10,高橋-內壢,2023-02-22,5323
6143,振曜,10,0,10,高橋-內壢,2023-02-22,5323
8069,元太,10,0,10,高橋-內壢,2023-02-22,5323
1609,大亞,9,0,9,高橋-內壢,2023-02-22,5323
2356,英業達,10,1,9,高橋-內壢,2023-02-22,5323
4979,華星光,10,1,9,高橋-內壢,2023-02-22,5323
5880,合庫金,12,3,9,高橋-內壢,2023-02-22,5323
6269,台郡,9,0,9,高橋-內壢,2023-02-22,5323
2603,長榮,8,0,8,高橋-內壢,2023-02-22,5323
1447,力鵬,8,0,8,高橋-內壢,2023-02-22,5323
1519,華城,194,186,8,高橋-內壢,2023-02-22,5323
2892,第一金,8,0,8,高橋-內壢,2023-02-22,5323
4977,眾達-KY,10,2,8,高橋-內壢,2023-02-22,5323
6175,立敦,9,1,8,高橋-內壢,2023-02-22,5323
2201,裕隆,7,0,7,高橋-內壢,2023-02-22,5323
2313,華通,9,2,7,高橋-內壢,2023-02-22,5323
2314,台揚,11,4,7,高橋-內壢,2023-02-22,5323
4746,台耀,7,0,7,高橋-內壢,2023-02-22,5323
00751B,元大AAA至A公司債,11,5,6,高橋-內壢,2023-02-22,5323
00830,國泰費城半導體,6,0,6,高橋-內壢,2023-02-22,5323
2498,宏達電,8,2,6,高橋-內壢,2023-02-22,5323
2506,太設,6,0,6,高橋-內壢,2023-02-22,5323
2606,裕民,6,0,6,高橋-內壢,2023-02-22,5323
1514,亞力,243,128,115,高橋-內壢,2023-02-23,5323
3481,群創,254,160,94,高橋-內壢,2023-02-23,5323
2409,友達,93,0,93,高橋-內壢,2023-02-23,5323
2929,淘帝-KY,86,0,86,高橋-內壢,2023-02-23,5323
1310,台苯,56,0,56,高橋-內壢,2023-02-23,5323
00720B,元大投資級公司債,38,0,38,高橋-內壢,2023-02-23,5323
2705,六福,30,1,29,高橋-內壢,2023-02-23,5323
8111,立��,28,0,28,高橋-內壢,2023-02-23,5323
5608,四維航,33,9,24,高橋-內壢,2023-02-23,5323
2883,凱基金,22,1,21,高橋-內壢,2023-02-23,5323
6138,茂達,21,0,21,高橋-內壢,2023-02-23,5323
00753L,中信中國50正2,20,0,20,高橋-內壢,2023-02-23,5323
2834,臺企銀,23,3,20,高橋-內壢,2023-02-23,5323
5210,寶碩,20,1,19,高橋-內壢,2023-02-23,5323
2002,中鋼,16,1,15,高橋-內壢,2023-02-23,5323
5475,德宏,15,0,15,高橋-內壢,2023-02-23,5323
00637L,元大滬深300正2,14,0,14,高橋-內壢,2023-02-23,5323
00725B,國泰投資級公司債,13,0,13,高橋-內壢,2023-02-23,5323
00885,富邦越南,12,0,12,高橋-內壢,2023-02-23,5323
2303,聯電,11,0,11,高橋-內壢,2023-02-23,5323
1314,中石化,10,0,10,高橋-內壢,2023-02-23,5323
00632R,元大台灣50反1,10,0,10,高橋-內壢,2023-02-23,5323
1611,中電,10,0,10,高橋-內壢,2023-02-23,5323
1709,和益,10,0,10,高橋-內壢,2023-02-23,5323
2358,廷鑫,10,0,10,高橋-內壢,2023-02-23,5323
2615,萬海,34,24,10,高橋-內壢,2023-02-23,5323
3052,夆典,10,0,10,高橋-內壢,2023-02-23,5323
2637,慧洋-KY,13,3,10,高橋-內壢,2023-02-23,5323
00712,復華富時不動產,12,3,9,高橋-內壢,2023-02-23,5323
00772B,中信高評級公司債,9,0,9,高橋-內壢,2023-02-23,5323
2618,長榮航,9,0,9,高橋-內壢,2023-02-23,5323
00882,中信中國高股息,8,0,8,高橋-內壢,2023-02-23,5323
2313,華通,11,3,8,高橋-內壢,2023-02-23,5323
00830,國泰費城半導體,7,0,7,高橋-內壢,2023-02-23,5323
2312,金寶,7,0,7,高橋-內壢,2023-02-23,5323
2323,中環,7,0,7,高橋-內壢,2023-02-23,5323
2369,菱生,10,3,7,高橋-內壢,2023-02-23,5323
2610,華航,27,20,7,高橋-內壢,2023-02-23,5323
6133,金橋,7,0,7,高橋-內壢,2023-02-23,5323
1513,中興電,22,16,6,高橋-內壢,2023-02-23,5323
1522,堤維西,6,0,6,高橋-內壢,2023-02-23,5323
2221,大甲,6,0,6,高橋-內壢,2023-02-23,5323
2022,聚亨,5,0,5,高橋-內壢,2023-02-23,5323
2702,華園,6,1,5,高橋-內壢,2023-02-23,5323
2903,遠百,5,0,5,高橋-內壢,2023-02-23,5323
5302,太欣,5,0,5,高橋-內壢,2023-02-23,5323
8072,陞泰,5,0,5,高橋-內壢,2023-02-23,5323
00662,富邦NASDAQ,6,2,4,高橋-內壢,2023-02-23,5323
3454,晶睿,6,2,4,高橋-內壢,2023-02-23,5323
6843,進典,4,0,4,高橋-內壢,2023-02-23,5323
2014,中鴻,560,10,550,高橋-內壢,2023-02-24,5323
2344,華邦電,208,12,196,高橋-內壢,2023-02-24,5323
8111,立��,78,0,78,高橋-內壢,2023-02-24,5323
2363,矽統,60,0,60,高橋-內壢,2023-02-24,5323
3710,連展投控,53,3,50,高橋-內壢,2023-02-24,5323
5351,鈺創,44,0,44,高橋-內壢,2023-02-24,5323
1514,亞力,41,0,41,高橋-內壢,2023-02-24,5323
2498,宏達電,86,45,41,高橋-內壢,2023-02-24,5323
00900,富邦特選高股息30,40,0,40,高橋-內壢,2023-02-24,5323
2317,鴻海,40,0,40,高橋-內壢,2023-02-24,5323
2618,長榮航,39,8,31,高橋-內壢,2023-02-24,5323
2376,技嘉,30,0,30,高橋-內壢,2023-02-24,5323
2603,長榮,30,2,28,高橋-內壢,2023-02-24,5323
00753L,中信中國50正2,32,5,27,高橋-內壢,2023-02-24,5323
2388,威盛,44,17,27,高橋-內壢,2023-02-24,5323
4979,華星光,27,2,25,高橋-內壢,2023-02-24,5323
00878,國泰永續高股息,24,1,23,高橋-內壢,2023-02-24,5323
2002,中鋼,24,2,22,高橋-內壢,2023-02-24,5323
2610,華航,31,9,22,高橋-內壢,2023-02-24,5323
2425,承啟,21,0,21,高橋-內壢,2023-02-24,5323
5512,力麒,36,15,21,高橋-內壢,2023-02-24,5323
6143,振曜,20,0,20,高橋-內壢,2023-02-24,5323
2615,萬海,64,47,17,高橋-內壢,2023-02-24,5323
2022,聚亨,16,0,16,高橋-內壢,2023-02-24,5323
00688L,國泰20年美債正2,15,0,15,高橋-內壢,2023-02-24,5323
2204,中華,30,15,15,高橋-內壢,2023-02-24,5323
1718,中纖,13,0,13,高橋-內壢,2023-02-24,5323
2359,所羅門,12,0,12,高橋-內壢,2023-02-24,5323
2892,第一金,12,0,12,高橋-內壢,2023-02-24,5323
4510,高鋒,12,0,12,高橋-內壢,2023-02-24,5323
8478,東哥遊艇,30,18,12,高橋-內壢,2023-02-24,5323
5258,虹堡,21,10,11,高橋-內壢,2023-02-24,5323
3037,欣興,17,7,10,高橋-內壢,2023-02-24,5323
1409,新纖,10,0,10,高橋-內壢,2023-02-24,5323
2408,南亞科,10,0,10,高橋-內壢,2023-02-24,5323
2891,中信金,10,0,10,高橋-內壢,2023-02-24,5323
5302,太欣,10,0,10,高橋-內壢,2023-02-24,5323
6243,迅杰,10,0,10,高橋-內壢,2023-02-24,5323
8050,廣積,10,0,10,高橋-內壢,2023-02-24,5323
00892,富邦台灣半導體,9,0,9,高橋-內壢,2023-02-24,5323
1513,中興電,36,27,9,高橋-內壢,2023-02-24,5323
2303,聯電,9,0,9,高橋-內壢,2023-02-24,5323
2606,裕民,12,3,9,高橋-內壢,2023-02-24,5323
2641,正德,16,7,9,高橋-內壢,2023-02-24,5323
6282,康舒,16,7,9,高橋-內壢,2023-02-24,5323
3014,聯陽,8,0,8,高橋-內壢,2023-02-24,5323
2449,京元電子,7,0,7,高橋-內壢,2023-02-24,5323
6288,聯嘉,10,3,7,高橋-內壢,2023-02-24,5323
3078,僑威,6,0,6,高橋-內壢,2023-02-24,5323
1609,大亞,9,3,6,高橋-內壢,2023-02-24,5323
2014,中鴻,104,0,104,高橋-內壢,2023-03-01,5323
2641,正德,80,4,76,高橋-內壢,2023-03-01,5323
3714,富采,50,0,50,高橋-內壢,2023-03-01,5323
2002,中鋼,46,0,46,高橋-內壢,2023-03-01,5323
1605,華新,52,7,45,高橋-內壢,2023-03-01,5323
2618,長榮航,37,11,26,高橋-內壢,2023-03-01,5323
3354,律勝,25,0,25,高橋-內壢,2023-03-01,5323
00878,國泰永續高股息,22,0,22,高橋-內壢,2023-03-01,5323
1219,福壽,24,2,22,高橋-內壢,2023-03-01,5323
1402,遠東新,21,0,21,高橋-內壢,2023-03-01,5323
1447,力鵬,18,0,18,高橋-內壢,2023-03-01,5323
1514,亞力,15,0,15,高橋-內壢,2023-03-01,5323
3481,群創,20,5,15,高橋-內壢,2023-03-01,5323
6770,力積電,15,0,15,高橋-內壢,2023-03-01,5323
1210,大成,15,1,14,高橋-內壢,2023-03-01,5323
2344,華邦電,14,0,14,高橋-內壢,2023-03-01,5323
9945,潤泰新,14,0,14,高橋-內壢,2023-03-01,5323
2610,華航,26,13,13,高橋-內壢,2023-03-01,5323
1802,台玻,11,0,11,高橋-內壢,2023-03-01,5323
2882,國泰金,11,0,11,高橋-內壢,2023-03-01,5323
6235,華孚,11,0,11,高橋-內壢,2023-03-01,5323
1101,台泥,35,25,10,高橋-內壢,2023-03-01,5323
00642U,期元大S＆P石油,10,0,10,高橋-內壢,2023-03-01,5323
2062,橋椿,10,0,10,高橋-內壢,2023-03-01,5323
2881,富邦金,10,0,10,高橋-內壢,2023-03-01,5323
3532,台勝科,10,0,10,高橋-內壢,2023-03-01,5323
3710,連展投控,10,0,10,高橋-內壢,2023-03-01,5323
5302,太欣,10,0,10,高橋-內壢,2023-03-01,5323
5706,鳳凰,10,0,10,高橋-內壢,2023-03-01,5323
5905,南仁湖,10,0,10,高橋-內壢,2023-03-01,5323
6248,沛波,10,0,10,高橋-內壢,2023-03-01,5323
6266,泰詠,10,0,10,高橋-內壢,2023-03-01,5323
5465,富驊,13,4,9,高橋-內壢,2023-03-01,5323
00902,中信電池及儲能,9,0,9,高橋-內壢,2023-03-01,5323
2408,南亞科,9,0,9,高橋-內壢,2023-03-01,5323
2606,裕民,9,0,9,高橋-內壢,2023-03-01,5323
4763,材料-KY,10,1,9,高橋-內壢,2023-03-01,5323
00885,富邦越南,8,0,8,高橋-內壢,2023-03-01,5323
3059,華晶科,10,2,8,高橋-內壢,2023-03-01,5323
4927,泰鼎-KY,8,0,8,高橋-內壢,2023-03-01,5323
8046,南電,9,1,8,高橋-內壢,2023-03-01,5323
8933,愛地雅,8,0,8,高橋-內壢,2023-03-01,5323
2609,陽明,9,1,8,高橋-內壢,2023-03-01,5323
00720B,元大投資級公司債,7,0,7,高橋-內壢,2023-03-01,5323
00712,復華富時不動產,7,0,7,高橋-內壢,2023-03-01,5323
2201,裕隆,13,6,7,高橋-內壢,2023-03-01,5323
5512,力麒,7,0,7,高橋-內壢,2023-03-01,5323
2834,臺企銀,51,45,6,高橋-內壢,2023-03-01,5323
4111,濟生,6,0,6,高橋-內壢,2023-03-01,5323
4961,天鈺,16,10,6,高橋-內壢,2023-03-01,5323
2409,友達,169,101,68,高橋-內壢,2023-03-02,5323
2486,一詮,50,0,50,高橋-內壢,2023-03-02,5323
3714,富采,53,3,50,高橋-內壢,2023-03-02,5323
1605,華新,72,29,43,高橋-內壢,2023-03-02,5323
00885,富邦越南,39,0,39,高橋-內壢,2023-03-02,5323
00712,復華富時不動產,29,0,29,高橋-內壢,2023-03-02,5323
2363,矽統,27,0,27,高橋-內壢,2023-03-02,5323
2888,新光金,26,0,26,高橋-內壢,2023-03-02,5323
3588,通嘉,26,0,26,高橋-內壢,2023-03-02,5323
2610,華航,23,0,23,高橋-內壢,2023-03-02,5323
3515,華擎,21,0,21,高橋-內壢,2023-03-02,5323
2007,燁興,20,0,20,高橋-內壢,2023-03-02,5323
2884,玉山金,17,0,17,高橋-內壢,2023-03-02,5323
1447,力鵬,17,0,17,高橋-內壢,2023-03-02,5323
00878,國泰永續高股息,54,37,17,高橋-內壢,2023-03-02,5323
2812,台中銀,16,0,16,高橋-內壢,2023-03-02,5323
3231,緯創,17,1,16,高橋-內壢,2023-03-02,5323
6796,晉弘,16,0,16,高橋-內壢,2023-03-02,5323
1210,大成,13,0,13,高橋-內壢,2023-03-02,5323
5546,永固-KY,12,0,12,高橋-內壢,2023-03-02,5323
3037,欣興,16,4,12,高橋-內壢,2023-03-02,5323
2002,中鋼,13,2,11,高橋-內壢,2023-03-02,5323
2340,台亞,11,0,11,高橋-內壢,2023-03-02,5323
1802,台玻,10,0,10,高橋-內壢,2023-03-02,5323
2402,毅嘉,10,0,10,高橋-內壢,2023-03-02,5323
2415,錩新,10,0,10,高橋-內壢,2023-03-02,5323
2867,三商壽,10,0,10,高橋-內壢,2023-03-02,5323
2883,凱基金,10,0,10,高橋-內壢,2023-03-02,5323
3710,連展投控,10,0,10,高橋-內壢,2023-03-02,5323
4128,中天,11,1,10,高橋-內壢,2023-03-02,5323
6111,大宇資,10,0,10,高橋-內壢,2023-03-02,5323
6116,彩晶,10,0,10,高橋-內壢,2023-03-02,5323
8111,立��,10,0,10,高橋-內壢,2023-03-02,5323
3058,立德,10,1,9,高橋-內壢,2023-03-02,5323
3704,合勤控,10,1,9,高橋-內壢,2023-03-02,5323
2892,第一金,8,0,8,高橋-內壢,2023-03-02,5323
3594,磐儀,8,0,8,高橋-內壢,2023-03-02,5323
6578,達邦蛋白,8,0,8,高橋-內壢,2023-03-02,5323
2102,泰豐,10,3,7,高橋-內壢,2023-03-02,5323
3545,敦泰,13,6,7,高橋-內壢,2023-03-02,5323
5475,德宏,7,0,7,高橋-內壢,2023-03-02,5323
5706,鳳凰,11,4,7,高橋-內壢,2023-03-02,5323
00751B,元大AAA至A公司債,6,0,6,高橋-內壢,2023-03-02,5323
00772B,中信高評級公司債,6,0,6,高橋-內壢,2023-03-02,5323
2303,聯電,11,5,6,高橋-內壢,2023-03-02,5323
6279,胡連,6,0,6,高橋-內壢,2023-03-02,5323
00830,國泰費城半導體,5,0,5,高橋-內壢,2023-03-02,5323
00725B,國泰投資級公司債,5,0,5,高橋-內壢,2023-03-02,5323
1444,力麗,5,0,5,高橋-內壢,2023-03-02,5323
00895,富邦未來車,5,0,5,高橋-內壢,2023-03-02,5323
2618,長榮航,100,0,100,高橋-內壢,2023-03-03,5323
2014,中鴻,55,1,54,高橋-內壢,2023-03-03,5323
2201,裕隆,107,58,49,高橋-內壢,2023-03-03,5323
2845,遠東銀,40,0,40,高橋-內壢,2023-03-03,5323
00891,中信關鍵半導體,32,1,31,高橋-內壢,2023-03-03,5323
2342,茂矽,29,0,29,高橋-內壢,2023-03-03,5323
5536,聖暉*,20,0,20,高橋-內壢,2023-03-03,5323
8936,國統,20,0,20,高橋-內壢,2023-03-03,5323
00830,國泰費城半導體,16,0,16,高橋-內壢,2023-03-03,5323
6799,來頡,15,0,15,高橋-內壢,2023-03-03,5323
8478,東哥遊艇,15,0,15,高橋-內壢,2023-03-03,5323
1513,中興電,16,2,14,高橋-內壢,2023-03-03,5323
00712,復華富時不動產,14,0,14,高橋-內壢,2023-03-03,5323
00720B,元大投資級公司債,14,0,14,高橋-內壢,2023-03-03,5323
6576,逸達,16,2,14,高橋-內壢,2023-03-03,5323
4915,致伸,14,2,12,高橋-內壢,2023-03-03,5323
2609,陽明,25,14,11,高橋-內壢,2023-03-03,5323
4961,天鈺,12,1,11,高橋-內壢,2023-03-03,5323
00632R,元大台灣50反1,10,0,10,高橋-內壢,2023-03-03,5323
2329,華泰,10,0,10,高橋-內壢,2023-03-03,5323
2489,瑞軒,10,0,10,高橋-內壢,2023-03-03,5323
2538,基泰,10,0,10,高橋-內壢,2023-03-03,5323
2820,華票,10,0,10,高橋-內壢,2023-03-03,5323
3576,聯合再生,10,0,10,高橋-內壢,2023-03-03,5323
5009,榮剛,10,0,10,高橋-內壢,2023-03-03,5323
8155,博智,10,0,10,高橋-內壢,2023-03-03,5323
8227,巨有科技,11,1,10,高橋-內壢,2023-03-03,5323
2498,宏達電,14,5,9,高橋-內壢,2023-03-03,5323
5263,智崴,9,0,9,高橋-內壢,2023-03-03,5323
1447,力鵬,8,0,8,高橋-內壢,2023-03-03,5323
2376,技嘉,10,2,8,高橋-內壢,2023-03-03,5323
6446,藥華藥,8,0,8,高橋-內壢,2023-03-03,5323
6282,康舒,9,2,7,高橋-內壢,2023-03-03,5323
2313,華通,7,1,6,高橋-內壢,2023-03-03,5323
3016,嘉晶,9,3,6,高橋-內壢,2023-03-03,5323
3624,光頡,6,0,6,高橋-內壢,2023-03-03,5323
3707,漢磊,9,3,6,高橋-內壢,2023-03-03,5323
4566,時碩工業,6,0,6,高橋-內壢,2023-03-03,5323
6104,創惟,11,5,6,高橋-內壢,2023-03-03,5323
6142,友勁,6,0,6,高橋-內壢,2023-03-03,5323
00878,國泰永續高股息,6,1,5,高橋-內壢,2023-03-03,5323
1516,川飛,5,0,5,高橋-內壢,2023-03-03,5323
1210,大成,18,13,5,高橋-內壢,2023-03-03,5323
1762,中化生,5,0,5,高橋-內壢,2023-03-03,5323
2007,燁興,5,0,5,高橋-內壢,2023-03-03,5323
2323,中環,10,5,5,高橋-內壢,2023-03-03,5323
2455,全新,8,3,5,高橋-內壢,2023-03-03,5323
3036,文曄,5,0,5,高橋-內壢,2023-03-03,5323
4906,正文,5,0,5,高橋-內壢,2023-03-03,5323
5464,霖宏,5,0,5,高橋-內壢,2023-03-03,5323
8070,長華*,41,5,36,高橋-內壢,2023-03-06,5323
2337,旺宏,31,0,31,高橋-內壢,2023-03-06,5323
1312,國喬,30,0,30,高橋-內壢,2023-03-06,5323
00712,復華富時不動產,30,0,30,高橋-內壢,2023-03-06,5323
00687B,國泰20年美債,20,0,20,高橋-內壢,2023-03-06,5323
2605,新興,20,0,20,高橋-內壢,2023-03-06,5323
2801,彰銀,20,0,20,高橋-內壢,2023-03-06,5323
4533,協易機,20,0,20,高橋-內壢,2023-03-06,5323
00900,富邦特選高股息30,20,2,18,高橋-內壢,2023-03-06,5323
8163,達方,18,0,18,高橋-內壢,2023-03-06,5323
2610,華航,17,0,17,高橋-內壢,2023-03-06,5323
8033,雷虎,21,5,16,高橋-內壢,2023-03-06,5323
2888,新光金,24,10,14,高橋-內壢,2023-03-06,5323
4931,新盛力,13,0,13,高橋-內壢,2023-03-06,5323
6282,康舒,15,2,13,高橋-內壢,2023-03-06,5323
1210,大成,26,13,13,高橋-內壢,2023-03-06,5323
00679B,元大美債20年,12,0,12,高橋-內壢,2023-03-06,5323
3706,神達,12,0,12,高橋-內壢,2023-03-06,5323
4128,中天,16,4,12,高橋-內壢,2023-03-06,5323
8105,凌巨,12,0,12,高橋-內壢,2023-03-06,5323
8046,南電,12,0,12,高橋-內壢,2023-03-06,5323
0056,元大高股息,12,1,11,高橋-內壢,2023-03-06,5323
2618,長榮航,13,2,11,高橋-內壢,2023-03-06,5323
2637,慧洋-KY,11,0,11,高橋-內壢,2023-03-06,5323
8358,金居,15,4,11,高橋-內壢,2023-03-06,5323
3058,立德,10,0,10,高橋-內壢,2023-03-06,5323
1314,中石化,10,0,10,高橋-內壢,2023-03-06,5323
00637L,元大滬深300正2,10,0,10,高橋-內壢,2023-03-06,5323
00633L,富邦上証正2,10,0,10,高橋-內壢,2023-03-06,5323
2845,遠東銀,10,0,10,高橋-內壢,2023-03-06,5323
2867,三商壽,10,0,10,高橋-內壢,2023-03-06,5323
4160,訊聯基因,10,0,10,高橋-內壢,2023-03-06,5323
5210,寶碩,10,0,10,高橋-內壢,2023-03-06,5323
2489,瑞軒,20,10,10,高橋-內壢,2023-03-06,5323
2208,台船,11,2,9,高橋-內壢,2023-03-06,5323
1701,中化,9,0,9,高橋-內壢,2023-03-06,5323
3026,禾伸堂,10,1,9,高橋-內壢,2023-03-06,5323
8277,商丞,9,0,9,高橋-內壢,2023-03-06,5323
3006,晶豪科,8,0,8,高橋-內壢,2023-03-06,5323
4979,華星光,11,3,8,高橋-內壢,2023-03-06,5323
5465,富驊,8,0,8,高橋-內壢,2023-03-06,5323
2609,陽明,12,5,7,高橋-內壢,2023-03-06,5323
00673R,期元大S＆P原油反1,6,0,6,高橋-內壢,2023-03-06,5323
1539,巨庭,6,0,6,高橋-內壢,2023-03-06,5323
5608,四維航,15,9,6,高橋-內壢,2023-03-06,5323
6288,聯嘉,11,5,6,高橋-內壢,2023-03-06,5323
2305,全友,5,0,5,高橋-內壢,2023-03-06,5323
2884,玉山金,5,0,5,高橋-內壢,2023-03-06,5323
3033,威健,5,0,5,高橋-內壢,2023-03-06,5323
3066,李洲,5,0,5,高橋-內壢,2023-03-06,5323
1718,中纖,100,2,98,高橋-內壢,2023-03-07,5323
3481,群創,171,122,49,高橋-內壢,2023-03-07,5323
00673R,期元大S＆P原油反1,39,0,39,高橋-內壢,2023-03-07,5323
4707,磐亞,32,0,32,高橋-內壢,2023-03-07,5323
4541,晟田,31,0,31,高橋-內壢,2023-03-07,5323
00676R,富邦臺灣加權反1,30,0,30,高橋-內壢,2023-03-07,5323
2337,旺宏,27,0,27,高橋-內壢,2023-03-07,5323
3013,晟銘電,28,2,26,高橋-內壢,2023-03-07,5323
3682,亞太電,24,0,24,高橋-內壢,2023-03-07,5323
3594,磐儀,23,0,23,高橋-內壢,2023-03-07,5323
2888,新光金,22,0,22,高橋-內壢,2023-03-07,5323
2892,第一金,20,0,20,高橋-內壢,2023-03-07,5323
00900,富邦特選高股息30,20,1,19,高橋-內壢,2023-03-07,5323
6231,系微,27,9,18,高橋-內壢,2023-03-07,5323
6282,康舒,30,12,18,高橋-內壢,2023-03-07,5323
2610,華航,18,3,15,高橋-內壢,2023-03-07,5323
6104,創惟,14,0,14,高橋-內壢,2023-03-07,5323
6143,振曜,14,0,14,高橋-內壢,2023-03-07,5323
2478,大毅,13,0,13,高橋-內壢,2023-03-07,5323
1907,永豐餘,12,0,12,高橋-內壢,2023-03-07,5323
2409,友達,14,2,12,高橋-內壢,2023-03-07,5323
3029,零壹,12,0,12,高橋-內壢,2023-03-07,5323
3058,立德,15,3,12,高橋-內壢,2023-03-07,5323
5512,力麒,14,2,12,高橋-內壢,2023-03-07,5323
00679B,元大美債20年,11,0,11,高橋-內壢,2023-03-07,5323
3673,TPK-KY,12,1,11,高橋-內壢,2023-03-07,5323
6548,長科*,12,1,11,高橋-內壢,2023-03-07,5323
00919,群益台灣精選高息,10,0,10,高橋-內壢,2023-03-07,5323
1434,福懋,10,0,10,高橋-內壢,2023-03-07,5323
1714,和桐,10,0,10,高橋-內壢,2023-03-07,5323
2402,毅嘉,10,0,10,高橋-內壢,2023-03-07,5323
3038,全台,10,0,10,高橋-內壢,2023-03-07,5323
3093,港建*,48,38,10,高橋-內壢,2023-03-07,5323
5222,全訊,10,0,10,高橋-內壢,2023-03-07,5323
00753L,中信中國50正2,10,1,9,高橋-內壢,2023-03-07,5323
3362,先進光,26,18,8,高橋-內壢,2023-03-07,5323
3552,同致,15,7,8,高橋-內壢,2023-03-07,5323
4961,天鈺,9,1,8,高橋-內壢,2023-03-07,5323
8222,寶一,12,4,8,高橋-內壢,2023-03-07,5323
1417,嘉裕,10,3,7,高橋-內壢,2023-03-07,5323
6235,華孚,14,7,7,高橋-內壢,2023-03-07,5323
6570,維田,7,0,7,高橋-內壢,2023-03-07,5323
0056,元大高股息,15,9,6,高橋-內壢,2023-03-07,5323
2618,長榮航,7,1,6,高橋-內壢,2023-03-07,5323
2891,中信金,6,0,6,高橋-內壢,2023-03-07,5323
1342,八貫,10,5,5,高橋-內壢,2023-03-07,5323
2009,第一銅,5,0,5,高橋-內壢,2023-03-07,5323
2489,瑞軒,5,0,5,高橋-內壢,2023-03-07,5323
2630,亞航,5,0,5,高橋-內壢,2023-03-07,5323
2845,遠東銀,5,0,5,高橋-內壢,2023-03-07,5323
1524,耿鼎,103,1,102,高橋-內壢,2023-03-08,5323
3093,港建*,132,31,101,高橋-內壢,2023-03-08,5323
2344,華邦電,68,5,63,高橋-內壢,2023-03-08,5323
00882,中信中國高股息,48,0,48,高橋-內壢,2023-03-08,5323
00675L,富邦臺灣加權正2,40,0,40,高橋-內壢,2023-03-08,5323
2419,仲琦,39,1,38,高橋-內壢,2023-03-08,5323
6770,力積電,43,7,36,高橋-內壢,2023-03-08,5323
6282,康舒,43,10,33,高橋-內壢,2023-03-08,5323
1504,東元,47,15,32,高橋-內壢,2023-03-08,5323
2881,富邦金,31,0,31,高橋-內壢,2023-03-08,5323
00878,國泰永續高股息,74,49,25,高橋-內壢,2023-03-08,5323
1605,華新,22,5,17,高橋-內壢,2023-03-08,5323
00923,群益台ESG低碳50,14,0,14,高橋-內壢,2023-03-08,5323
6257,矽格,15,1,14,高橋-內壢,2023-03-08,5323
2498,宏達電,16,3,13,高橋-內壢,2023-03-08,5323
2812,台中銀,13,0,13,高橋-內壢,2023-03-08,5323
00712,復華富時不動產,11,0,11,高橋-內壢,2023-03-08,5323
2610,華航,15,4,11,高橋-內壢,2023-03-08,5323
00632R,元大台灣50反1,10,0,10,高橋-內壢,2023-03-08,5323
00753L,中信中國50正2,10,0,10,高橋-內壢,2023-03-08,5323
1909,榮成,10,0,10,高橋-內壢,2023-03-08,5323
2702,華園,10,0,10,高橋-內壢,2023-03-08,5323
3265,台星科,10,0,10,高橋-內壢,2023-03-08,5323
5302,太欣,10,0,10,高橋-內壢,2023-03-08,5323
6235,華孚,24,14,10,高橋-內壢,2023-03-08,5323
2637,慧洋-KY,11,2,9,高橋-內壢,2023-03-08,5323
5328,華容,9,0,9,高橋-內壢,2023-03-08,5323
6205,詮欣,10,1,9,高橋-內壢,2023-03-08,5323
8033,雷虎,11,2,9,高橋-內壢,2023-03-08,5323
1101,台泥,8,0,8,高橋-內壢,2023-03-08,5323
8210,勤誠,8,0,8,高橋-內壢,2023-03-08,5323
1609,大亞,10,2,8,高橋-內壢,2023-03-08,5323
1708,東鹼,10,3,7,高橋-內壢,2023-03-08,5323
1519,華城,8,2,6,高橋-內壢,2023-03-08,5323
1584,精剛,6,0,6,高橋-內壢,2023-03-08,5323
1783,和康生,8,2,6,高橋-內壢,2023-03-08,5323
2375,凱美,10,4,6,高橋-內壢,2023-03-08,5323
3019,亞光,6,0,6,高橋-內壢,2023-03-08,5323
5222,全訊,6,0,6,高橋-內壢,2023-03-08,5323
2891,中信金,7,1,6,高橋-內壢,2023-03-08,5323
3406,玉晶光,5,0,5,高橋-內壢,2023-03-08,5323
2603,長榮,44,39,5,高橋-內壢,2023-03-08,5323
1451,年興,5,0,5,高橋-內壢,2023-03-08,5323
1565,精華,5,0,5,高橋-內壢,2023-03-08,5323
1608,華榮,5,0,5,高橋-內壢,2023-03-08,5323
2104,國際中橡,5,0,5,高橋-內壢,2023-03-08,5323
2201,裕隆,5,0,5,高橋-內壢,2023-03-08,5323
2358,廷鑫,5,0,5,高橋-內壢,2023-03-08,5323
2634,漢翔,37,32,5,高橋-內壢,2023-03-08,5323
2845,遠東銀,5,0,5,高橋-內壢,2023-03-08,5323
2344,華邦電,252,51,201,高橋-內壢,2023-03-09,5323
6443,元晶,100,0,100,高橋-內壢,2023-03-09,5323
6244,茂迪,50,3,47,高橋-內壢,2023-03-09,5323
2489,瑞軒,45,0,45,高橋-內壢,2023-03-09,5323
6278,台表科,40,0,40,高橋-內壢,2023-03-09,5323
2881,富邦金,31,0,31,高橋-內壢,2023-03-09,5323
00897,富邦基因免疫生技,30,0,30,高橋-內壢,2023-03-09,5323
1605,華新,33,3,30,高橋-內壢,2023-03-09,5323
2891,中信金,28,0,28,高橋-內壢,2023-03-09,5323
3481,群創,42,16,26,高橋-內壢,2023-03-09,5323
2884,玉山金,25,0,25,高橋-內壢,2023-03-09,5323
4163,鐿鈦,25,0,25,高橋-內壢,2023-03-09,5323
3005,神基,20,0,20,高橋-內壢,2023-03-09,5323
6143,振曜,22,2,20,高橋-內壢,2023-03-09,5323
6167,久正,20,0,20,高橋-內壢,2023-03-09,5323
6266,泰詠,20,0,20,高橋-內壢,2023-03-09,5323
6290,良維,19,1,18,高橋-內壢,2023-03-09,5323
3059,華晶科,17,0,17,高橋-內壢,2023-03-09,5323
6233,旺玖,20,3,17,高橋-內壢,2023-03-09,5323
3682,亞太電,16,0,16,高橋-內壢,2023-03-09,5323
4746,台耀,16,0,16,高橋-內壢,2023-03-09,5323
2419,仲琦,20,5,15,高橋-內壢,2023-03-09,5323
1460,宏遠,14,0,14,高橋-內壢,2023-03-09,5323
6116,彩晶,15,1,14,高橋-內壢,2023-03-09,5323
1504,東元,16,3,13,高橋-內壢,2023-03-09,5323
2368,金像電,17,4,13,高橋-內壢,2023-03-09,5323
3006,晶豪科,12,1,11,高橋-內壢,2023-03-09,5323
6547,高端疫苗,20,9,11,高橋-內壢,2023-03-09,5323
1101,台泥,11,0,11,高橋-內壢,2023-03-09,5323
00715L,期街口布蘭特正2,10,0,10,高橋-內壢,2023-03-09,5323
2390,云辰,10,0,10,高橋-內壢,2023-03-09,5323
2883,凱基金,10,0,10,高橋-內壢,2023-03-09,5323
3026,禾伸堂,10,0,10,高橋-內壢,2023-03-09,5323
5302,太欣,10,0,10,高橋-內壢,2023-03-09,5323
6205,詮欣,10,0,10,高橋-內壢,2023-03-09,5323
6269,台郡,10,0,10,高橋-內壢,2023-03-09,5323
7402,邑錡,10,0,10,高橋-內壢,2023-03-09,5323
6129,普誠,18,8,10,高橋-內壢,2023-03-09,5323
3532,台勝科,17,8,9,高橋-內壢,2023-03-09,5323
00882,中信中國高股息,9,0,9,高橋-內壢,2023-03-09,5323
00720B,元大投資級公司債,11,2,9,高橋-內壢,2023-03-09,5323
2201,裕隆,9,0,9,高橋-內壢,2023-03-09,5323
8936,國統,10,1,9,高橋-內壢,2023-03-09,5323
2890,永豐金,9,0,9,高橋-內壢,2023-03-09,5323
3013,晟銘電,7,0,7,高橋-內壢,2023-03-09,5323
1519,華城,13,6,7,高橋-內壢,2023-03-09,5323
2323,中環,7,0,7,高橋-內壢,2023-03-09,5323
2482,連宇,9,2,7,高橋-內壢,2023-03-09,5323
5009,榮剛,9,2,7,高橋-內壢,2023-03-09,5323
6206,飛捷,7,0,7,高橋-內壢,2023-03-09,5323
2610,華航,697,302,395,高橋-內壢,2023-03-10,5323
2618,長榮航,169,0,169,高橋-內壢,2023-03-10,5323
00882,中信中國高股息,106,0,106,高橋-內壢,2023-03-10,5323
00878,國泰永續高股息,122,20,102,高橋-內壢,2023-03-10,5323
6443,元晶,102,0,102,高橋-內壢,2023-03-10,5323
5302,太欣,82,0,82,高橋-內壢,2023-03-10,5323
2609,陽明,153,77,76,高橋-內壢,2023-03-10,5323
2344,華邦電,73,0,73,高橋-內壢,2023-03-10,5323
2891,中信金,45,2,43,高橋-內壢,2023-03-10,5323
00753L,中信中國50正2,40,0,40,高橋-內壢,2023-03-10,5323
2883,凱基金,35,0,35,高橋-內壢,2023-03-10,5323
3013,晟銘電,35,1,34,高橋-內壢,2023-03-10,5323
2812,台中銀,33,0,33,高橋-內壢,2023-03-10,5323
2882,國泰金,27,0,27,高橋-內壢,2023-03-10,5323
00715L,期街口布蘭特正2,32,10,22,高橋-內壢,2023-03-10,5323
8155,博智,23,1,22,高橋-內壢,2023-03-10,5323
2371,大同,21,0,21,高橋-內壢,2023-03-10,5323
2884,玉山金,21,0,21,高橋-內壢,2023-03-10,5323
1504,東元,22,2,20,高橋-內壢,2023-03-10,5323
1802,台玻,20,0,20,高橋-內壢,2023-03-10,5323
3583,辛耘,20,0,20,高橋-內壢,2023-03-10,5323
6243,迅杰,20,0,20,高橋-內壢,2023-03-10,5323
1605,華新,26,9,17,高橋-內壢,2023-03-10,5323
00713,元大台灣高息低波,16,1,15,高橋-內壢,2023-03-10,5323
1101,台泥,15,0,15,高橋-內壢,2023-03-10,5323
00891,中信關鍵半導體,15,0,15,高橋-內壢,2023-03-10,5323
00888,永豐台灣ESG,15,0,15,高橋-內壢,2023-03-10,5323
2641,正德,19,4,15,高橋-內壢,2023-03-10,5323
6517,保勝光學,18,3,15,高橋-內壢,2023-03-10,5323
6770,力積電,71,57,14,高橋-內壢,2023-03-10,5323
2449,京元電子,26,12,14,高橋-內壢,2023-03-10,5323
6756,威鋒電子,14,0,14,高橋-內壢,2023-03-10,5323
8093,保銳,14,0,14,高橋-內壢,2023-03-10,5323
3481,群創,22,8,14,高橋-內壢,2023-03-10,5323
2881,富邦金,14,0,14,高橋-內壢,2023-03-10,5323
2497,怡利電,13,0,13,高橋-內壢,2023-03-10,5323
00712,復華富時不動產,12,0,12,高橋-內壢,2023-03-10,5323
2892,第一金,13,1,12,高橋-內壢,2023-03-10,5323
2201,裕隆,13,2,11,高橋-內壢,2023-03-10,5323
2885,元大金,11,0,11,高橋-內壢,2023-03-10,5323
4979,華星光,11,0,11,高橋-內壢,2023-03-10,5323
2014,中鴻,10,0,10,高橋-內壢,2023-03-10,5323
2022,聚亨,10,0,10,高橋-內壢,2023-03-10,5323
2323,中環,24,14,10,高橋-內壢,2023-03-10,5323
2425,承啟,10,0,10,高橋-內壢,2023-03-10,5323
3051,力特,10,0,10,高橋-內壢,2023-03-10,5323
3494,誠研,10,0,10,高橋-內壢,2023-03-10,5323
3652,精聯,10,0,10,高橋-內壢,2023-03-10,5323
8936,國統,10,0,10,高橋-內壢,2023-03-10,5323
0056,元大高股息,12,3,9,高橋-內壢,2023-03-10,5323
00878,國泰永續高股息,199,8,191,高橋-內壢,2023-03-13,5323
2014,中鴻,100,0,100,高橋-內壢,2023-03-13,5323
6443,元晶,55,2,53,高橋-內壢,2023-03-13,5323
00712,復華富時不動產,51,0,51,高橋-內壢,2023-03-13,5323
00900,富邦特選高股息30,50,0,50,高橋-內壢,2023-03-13,5323
00882,中信中國高股息,73,35,38,高橋-內壢,2023-03-13,5323
00665L,富邦�琤肭磪囓�2,30,0,30,高橋-內壢,2023-03-13,5323
2884,玉山金,29,4,25,高橋-內壢,2023-03-13,5323
2618,長榮航,23,0,23,高橋-內壢,2023-03-13,5323
2867,三商壽,26,3,23,高橋-內壢,2023-03-13,5323
1447,力鵬,20,0,20,高橋-內壢,2023-03-13,5323
2883,凱基金,20,0,20,高橋-內壢,2023-03-13,5323
2413,環科,24,5,19,高橋-內壢,2023-03-13,5323
00713,元大台灣高息低波,18,0,18,高橋-內壢,2023-03-13,5323
2017,官田鋼,23,5,18,高橋-內壢,2023-03-13,5323
2888,新光金,25,9,16,高橋-內壢,2023-03-13,5323
5383,金利,16,0,16,高橋-內壢,2023-03-13,5323
00891,中信關鍵半導體,15,0,15,高橋-內壢,2023-03-13,5323
5302,太欣,15,0,15,高橋-內壢,2023-03-13,5323
00892,富邦台灣半導體,13,0,13,高橋-內壢,2023-03-13,5323
2801,彰銀,13,0,13,高橋-內壢,2023-03-13,5323
00902,中信電池及儲能,13,1,12,高橋-內壢,2023-03-13,5323
2482,連宇,22,10,12,高橋-內壢,2023-03-13,5323
2882,國泰金,12,0,12,高橋-內壢,2023-03-13,5323
4916,事欣科,14,2,12,高橋-內壢,2023-03-13,5323
6243,迅杰,12,0,12,高橋-內壢,2023-03-13,5323
2609,陽明,52,41,11,高橋-內壢,2023-03-13,5323
2457,飛宏,21,10,11,高橋-內壢,2023-03-13,5323
2489,瑞軒,11,0,11,高橋-內壢,2023-03-13,5323
2845,遠東銀,11,0,11,高橋-內壢,2023-03-13,5323
2007,燁興,10,0,10,高橋-內壢,2023-03-13,5323
2405,輔信,10,0,10,高橋-內壢,2023-03-13,5323
2427,三商電,11,1,10,高橋-內壢,2023-03-13,5323
3093,港建*,133,123,10,高橋-內壢,2023-03-13,5323
3162,精確,10,0,10,高橋-內壢,2023-03-13,5323
3552,同致,10,0,10,高橋-內壢,2023-03-13,5323
3710,連展投控,10,0,10,高橋-內壢,2023-03-13,5323
6841,長佳智能,10,0,10,高橋-內壢,2023-03-13,5323
2497,怡利電,9,0,9,高橋-內壢,2023-03-13,5323
6122,擎邦,10,1,9,高橋-內壢,2023-03-13,5323
6235,華孚,22,13,9,高橋-內壢,2023-03-13,5323
3481,群創,64,56,8,高橋-內壢,2023-03-13,5323
3035,智原,9,1,8,高橋-內壢,2023-03-13,5323
6442,光聖,8,0,8,高橋-內壢,2023-03-13,5323
00642U,期元大S＆P石油,7,0,7,高橋-內壢,2023-03-13,5323
2637,慧洋-KY,10,4,6,高橋-內壢,2023-03-13,5323
3051,力特,6,0,6,高橋-內壢,2023-03-13,5323
3163,波若威,6,0,6,高橋-內壢,2023-03-13,5323
1529,樂事綠能,5,0,5,高橋-內壢,2023-03-13,5323
00761B,國泰A級公司債,5,0,5,高橋-內壢,2023-03-13,5323
2867,三商壽,83,6,77,高橋-內壢,2023-03-14,5323
2618,長榮航,59,0,59,高橋-內壢,2023-03-14,5323
00878,國泰永續高股息,90,35,55,高橋-內壢,2023-03-14,5323
2610,華航,153,101,52,高橋-內壢,2023-03-14,5323
00882,中信中國高股息,52,0,52,高橋-內壢,2023-03-14,5323
00680L,元大美債20正2,50,0,50,高橋-內壢,2023-03-14,5323
3093,港建*,218,172,46,高橋-內壢,2023-03-14,5323
2303,聯電,54,17,37,高橋-內壢,2023-03-14,5323
2891,中信金,29,0,29,高橋-內壢,2023-03-14,5323
3481,群創,30,6,24,高橋-內壢,2023-03-14,5323
2609,陽明,40,18,22,高橋-內壢,2023-03-14,5323
2888,新光金,22,0,22,高橋-內壢,2023-03-14,5323
00715L,期街口布蘭特正2,19,0,19,高橋-內壢,2023-03-14,5323
6269,台郡,21,2,19,高橋-內壢,2023-03-14,5323
2409,友達,19,3,16,高橋-內壢,2023-03-14,5323
8478,東哥遊艇,16,0,16,高橋-內壢,2023-03-14,5323
2317,鴻海,15,0,15,高橋-內壢,2023-03-14,5323
4155,訊映,20,5,15,高橋-內壢,2023-03-14,5323
5608,四維航,15,0,15,高橋-內壢,2023-03-14,5323
6770,力積電,16,1,15,高橋-內壢,2023-03-14,5323
8046,南電,16,1,15,高橋-內壢,2023-03-14,5323
2883,凱基金,24,10,14,高橋-內壢,2023-03-14,5323
3576,聯合再生,15,1,14,高橋-內壢,2023-03-14,5323
00893,國泰智能電動車,12,0,12,高橋-內壢,2023-03-14,5323
2892,第一金,12,0,12,高橋-內壢,2023-03-14,5323
2889,國票金,11,0,11,高橋-內壢,2023-03-14,5323
3013,晟銘電,10,0,10,高橋-內壢,2023-03-14,5323
00753L,中信中國50正2,20,10,10,高橋-內壢,2023-03-14,5323
2489,瑞軒,10,0,10,高橋-內壢,2023-03-14,5323
3710,連展投控,10,0,10,高橋-內壢,2023-03-14,5323
9958,世紀鋼,10,0,10,高橋-內壢,2023-03-14,5323
1229,聯華,10,0,10,高橋-內壢,2023-03-14,5323
2834,臺企銀,9,0,9,高橋-內壢,2023-03-14,5323
00885,富邦越南,10,2,8,高橋-內壢,2023-03-14,5323
5880,合庫金,8,0,8,高橋-內壢,2023-03-14,5323
2881,富邦金,8,0,8,高橋-內壢,2023-03-14,5323
1101,台泥,7,0,7,高橋-內壢,2023-03-14,5323
3666,光耀,9,2,7,高橋-內壢,2023-03-14,5323
00712,復華富時不動產,10,4,6,高橋-內壢,2023-03-14,5323
1522,堤維西,6,0,6,高橋-內壢,2023-03-14,5323
2880,華南金,6,0,6,高橋-內壢,2023-03-14,5323
2882,國泰金,7,1,6,高橋-內壢,2023-03-14,5323
2885,元大金,6,0,6,高橋-內壢,2023-03-14,5323
3122,笙泉,6,0,6,高橋-內壢,2023-03-14,5323
3702,大聯大,6,0,6,高橋-內壢,2023-03-14,5323
5512,力麒,8,2,6,高橋-內壢,2023-03-14,5323
6143,振曜,6,0,6,高橋-內壢,2023-03-14,5323
8072,陞泰,6,0,6,高橋-內壢,2023-03-14,5323
6142,友勁,5,0,5,高橋-內壢,2023-03-14,5323
00713,元大台灣高息低波,5,0,5,高橋-內壢,2023-03-14,5323
00878,國泰永續高股息,78,3,75,高橋-內壢,2023-03-15,5323
2889,國票金,62,0,62,高橋-內壢,2023-03-15,5323
2812,台中銀,39,0,39,高橋-內壢,2023-03-15,5323
2609,陽明,112,75,37,高橋-內壢,2023-03-15,5323
2888,新光金,42,10,32,高橋-內壢,2023-03-15,5323
2603,長榮,69,43,26,高橋-內壢,2023-03-15,5323
2610,華航,28,3,25,高橋-內壢,2023-03-15,5323
2867,三商壽,23,0,23,高橋-內壢,2023-03-15,5323
1447,力鵬,22,0,22,高橋-內壢,2023-03-15,5323
2883,凱基金,20,0,20,高橋-內壢,2023-03-15,5323
6243,迅杰,21,1,20,高橋-內壢,2023-03-15,5323
2891,中信金,19,0,19,高橋-內壢,2023-03-15,5323
8112,至上,19,0,19,高橋-內壢,2023-03-15,5323
00712,復華富時不動產,18,0,18,高橋-內壢,2023-03-15,5323
2618,長榮航,22,4,18,高橋-內壢,2023-03-15,5323
3035,智原,16,2,14,高橋-內壢,2023-03-15,5323
2342,茂矽,13,0,13,高橋-內壢,2023-03-15,5323
6116,彩晶,14,1,13,高橋-內壢,2023-03-15,5323
1504,東元,14,2,12,高橋-內壢,2023-03-15,5323
2614,東森,11,0,11,高橋-內壢,2023-03-15,5323
2845,遠東銀,11,0,11,高橋-內壢,2023-03-15,5323
4128,中天,11,0,11,高橋-內壢,2023-03-15,5323
2108,南帝,10,0,10,高橋-內壢,2023-03-15,5323
2542,興富發,10,0,10,高橋-內壢,2023-03-15,5323
2409,友達,11,2,9,高橋-內壢,2023-03-15,5323
5608,四維航,9,0,9,高橋-內壢,2023-03-15,5323
6547,高端疫苗,10,2,8,高橋-內壢,2023-03-15,5323
1301,台塑,7,0,7,高橋-內壢,2023-03-15,5323
2645,長榮航太,8,1,7,高橋-內壢,2023-03-15,5323
3162,精確,8,1,7,高橋-內壢,2023-03-15,5323
4743,合一,8,1,7,高橋-內壢,2023-03-15,5323
00902,中信電池及儲能,6,0,6,高橋-內壢,2023-03-15,5323
00713,元大台灣高息低波,6,0,6,高橋-內壢,2023-03-15,5323
2002,中鋼,6,0,6,高橋-內壢,2023-03-15,5323
3712,永崴投控,7,1,6,高橋-內壢,2023-03-15,5323
00720B,元大投資級公司債,5,0,5,高橋-內壢,2023-03-15,5323
00891,中信關鍵半導體,5,0,5,高橋-內壢,2023-03-15,5323
1733,五鼎,5,0,5,高橋-內壢,2023-03-15,5323
2313,華通,7,2,5,高橋-內壢,2023-03-15,5323
2344,華邦電,7,2,5,高橋-內壢,2023-03-15,5323
2352,佳世達,5,0,5,高橋-內壢,2023-03-15,5323
2498,宏達電,28,23,5,高橋-內壢,2023-03-15,5323
3666,光耀,5,0,5,高橋-內壢,2023-03-15,5323
3701,大眾控,5,0,5,高橋-內壢,2023-03-15,5323
6446,藥華藥,15,10,5,高橋-內壢,2023-03-15,5323
00892,富邦台灣半導體,4,0,4,高橋-內壢,2023-03-15,5323
00701,國泰股利精選30,4,0,4,高橋-內壢,2023-03-15,5323
1108,幸福,4,0,4,高橋-內壢,2023-03-15,5323
1712,興農,5,1,4,高橋-內壢,2023-03-15,5323
2915,潤泰全,4,0,4,高橋-內壢,2023-03-15,5323
6443,元晶,252,2,250,高橋-內壢,2023-03-16,5323
2834,臺企銀,130,9,121,高橋-內壢,2023-03-16,5323
2891,中信金,119,0,119,高橋-內壢,2023-03-16,5323
2402,毅嘉,102,0,102,高橋-內壢,2023-03-16,5323
2014,中鴻,83,0,83,高橋-內壢,2023-03-16,5323
00878,國泰永續高股息,82,4,78,高橋-內壢,2023-03-16,5323
2884,玉山金,39,0,39,高橋-內壢,2023-03-16,5323
8261,富鼎,34,0,34,高橋-內壢,2023-03-16,5323
00713,元大台灣高息低波,31,0,31,高橋-內壢,2023-03-16,5323
2883,凱基金,25,0,25,高橋-內壢,2023-03-16,5323
3710,連展投控,25,0,25,高橋-內壢,2023-03-16,5323
00715L,期街口布蘭特正2,24,0,24,高橋-內壢,2023-03-16,5323
6278,台表科,22,1,21,高橋-內壢,2023-03-16,5323
2482,連宇,20,1,19,高橋-內壢,2023-03-16,5323
2618,長榮航,21,2,19,高橋-內壢,2023-03-16,5323
2368,金像電,18,0,18,高橋-內壢,2023-03-16,5323
1513,中興電,22,5,17,高橋-內壢,2023-03-16,5323
2323,中環,17,0,17,高橋-內壢,2023-03-16,5323
2882,國泰金,17,0,17,高橋-內壢,2023-03-16,5323
2885,元大金,17,1,16,高橋-內壢,2023-03-16,5323
5425,台半,18,2,16,高橋-內壢,2023-03-16,5323
2610,華航,14,0,14,高橋-內壢,2023-03-16,5323
00642U,期元大S＆P石油,13,0,13,高橋-內壢,2023-03-16,5323
6248,沛波,13,0,13,高橋-內壢,2023-03-16,5323
2603,長榮,26,13,13,高橋-內壢,2023-03-16,5323
8249,菱光,12,0,12,高橋-內壢,2023-03-16,5323
2881,富邦金,11,0,11,高橋-內壢,2023-03-16,5323
2313,華通,11,0,11,高橋-內壢,2023-03-16,5323
3481,群創,11,0,11,高橋-內壢,2023-03-16,5323
00898,國泰基因免疫革命,10,0,10,高橋-內壢,2023-03-16,5323
2007,燁興,10,0,10,高橋-內壢,2023-03-16,5323
2537,聯上發,10,0,10,高橋-內壢,2023-03-16,5323
2852,第一保,10,0,10,高橋-內壢,2023-03-16,5323
3056,富華新,11,1,10,高橋-內壢,2023-03-16,5323
3217,優群,13,3,10,高橋-內壢,2023-03-16,5323
5302,太欣,10,0,10,高橋-內壢,2023-03-16,5323
2342,茂矽,10,0,10,高橋-內壢,2023-03-16,5323
2327,國巨,10,1,9,高橋-內壢,2023-03-16,5323
1605,華新,9,0,9,高橋-內壢,2023-03-16,5323
3058,立德,8,0,8,高橋-內壢,2023-03-16,5323
0056,元大高股息,8,0,8,高橋-內壢,2023-03-16,5323
2302,麗正,9,1,8,高橋-內壢,2023-03-16,5323
3406,玉晶光,8,0,8,高橋-內壢,2023-03-16,5323
4979,華星光,13,5,8,高橋-內壢,2023-03-16,5323
6789,采鈺,8,0,8,高橋-內壢,2023-03-16,5323
5880,合庫金,7,0,7,高橋-內壢,2023-03-16,5323
2312,金寶,7,0,7,高橋-內壢,2023-03-16,5323
3264,欣銓,7,0,7,高橋-內壢,2023-03-16,5323
3432,台端,7,0,7,高橋-內壢,2023-03-16,5323
2867,三商壽,6,0,6,高橋-內壢,2023-03-16,5323
3532,台勝科,55,3,52,高橋-內壢,2023-03-17,5323
2834,臺企銀,33,1,32,高橋-內壢,2023-03-17,5323
3481,群創,45,15,30,高橋-內壢,2023-03-17,5323
00715L,期街口布蘭特正2,30,1,29,高橋-內壢,2023-03-17,5323
00632R,元大台灣50反1,30,2,28,高橋-內壢,2023-03-17,5323
00878,國泰永續高股息,23,0,23,高橋-內壢,2023-03-17,5323
5706,鳳凰,22,0,22,高橋-內壢,2023-03-17,5323
2891,中信金,21,0,21,高橋-內壢,2023-03-17,5323
1909,榮成,20,0,20,高橋-內壢,2023-03-17,5323
00753L,中信中國50正2,18,0,18,高橋-內壢,2023-03-17,5323
1108,幸福,12,0,12,高橋-內壢,2023-03-17,5323
6235,華孚,22,11,11,高橋-內壢,2023-03-17,5323
2399,映泰,10,0,10,高橋-內壢,2023-03-17,5323
2457,飛宏,18,8,10,高橋-內壢,2023-03-17,5323
2610,華航,17,7,10,高橋-內壢,2023-03-17,5323
2630,亞航,14,4,10,高橋-內壢,2023-03-17,5323
4128,中天,10,0,10,高橋-內壢,2023-03-17,5323
2492,華新科,13,4,9,高橋-內壢,2023-03-17,5323
1101,台泥,8,0,8,高橋-內壢,2023-03-17,5323
2354,鴻準,10,2,8,高橋-內壢,2023-03-17,5323
2402,毅嘉,10,2,8,高橋-內壢,2023-03-17,5323
2867,三商壽,8,0,8,高橋-內壢,2023-03-17,5323
00902,中信電池及儲能,7,0,7,高橋-內壢,2023-03-17,5323
00712,復華富時不動產,7,0,7,高橋-內壢,2023-03-17,5323
1611,中電,17,10,7,高橋-內壢,2023-03-17,5323
2888,新光金,12,5,7,高橋-內壢,2023-03-17,5323
2609,陽明,106,100,6,高橋-內壢,2023-03-17,5323
2603,長榮,7,1,6,高橋-內壢,2023-03-17,5323
1609,大亞,9,3,6,高橋-內壢,2023-03-17,5323
00713,元大台灣高息低波,6,0,6,高橋-內壢,2023-03-17,5323
2415,錩新,6,0,6,高橋-內壢,2023-03-17,5323
3013,晟銘電,16,10,6,高橋-內壢,2023-03-17,5323
3141,晶宏,7,1,6,高橋-內壢,2023-03-17,5323
4743,合一,13,7,6,高橋-內壢,2023-03-17,5323
2108,南帝,5,0,5,高橋-內壢,2023-03-17,5323
2330,台積電,6,1,5,高橋-內壢,2023-03-17,5323
2427,三商電,5,0,5,高橋-內壢,2023-03-17,5323
2537,聯上發,5,0,5,高橋-內壢,2023-03-17,5323
2618,長榮航,5,0,5,高橋-內壢,2023-03-17,5323
3056,富華新,8,3,5,高橋-內壢,2023-03-17,5323
3710,連展投控,5,0,5,高橋-內壢,2023-03-17,5323
8930,青鋼,5,0,5,高橋-內壢,2023-03-17,5323
2611,志信,4,0,4,高橋-內壢,2023-03-17,5323
2615,萬海,12,8,4,高橋-內壢,2023-03-17,5323
2882,國泰金,4,0,4,高橋-內壢,2023-03-17,5323
4119,旭富,4,0,4,高橋-內壢,2023-03-17,5323
6122,擎邦,5,1,4,高橋-內壢,2023-03-17,5323
3035,智原,8,4,4,高橋-內壢,2023-03-17,5323
2368,金像電,5,1,4,高橋-內壢,2023-03-17,5323
00642U,期元大S＆P石油,3,0,3,高橋-內壢,2023-03-17,5323
00878,國泰永續高股息,79,5,74,高橋-內壢,2023-03-20,5323
00753L,中信中國50正2,72,0,72,高橋-內壢,2023-03-20,5323
1909,榮成,30,0,30,高橋-內壢,2023-03-20,5323
3576,聯合再生,58,28,30,高橋-內壢,2023-03-20,5323
00882,中信中國高股息,23,0,23,高橋-內壢,2023-03-20,5323
3532,台勝科,22,0,22,高橋-內壢,2023-03-20,5323
2303,聯電,32,12,20,高橋-內壢,2023-03-20,5323
2399,映泰,20,0,20,高橋-內壢,2023-03-20,5323
3093,港建*,40,20,20,高橋-內壢,2023-03-20,5323
00712,復華富時不動產,18,0,18,高橋-內壢,2023-03-20,5323
3006,晶豪科,20,2,18,高橋-內壢,2023-03-20,5323
8222,寶一,20,2,18,高橋-內壢,2023-03-20,5323
2882,國泰金,17,1,16,高橋-內壢,2023-03-20,5323
3515,華擎,16,0,16,高橋-內壢,2023-03-20,5323
8261,富鼎,16,0,16,高橋-內壢,2023-03-20,5323
00632R,元大台灣50反1,15,0,15,高橋-內壢,2023-03-20,5323
00898,國泰基因免疫革命,14,0,14,高橋-內壢,2023-03-20,5323
3707,漢磊,14,0,14,高橋-內壢,2023-03-20,5323
2347,聯強,13,0,13,高橋-內壢,2023-03-20,5323
00752,中信中國50,11,0,11,高橋-內壢,2023-03-20,5323
5607,遠雄港,12,1,11,高橋-內壢,2023-03-20,5323
00891,中信關鍵半導體,10,0,10,高橋-內壢,2023-03-20,5323
2034,允強,10,0,10,高橋-內壢,2023-03-20,5323
2108,南帝,10,0,10,高橋-內壢,2023-03-20,5323
3317,尼克森,10,0,10,高橋-內壢,2023-03-20,5323
1605,華新,9,0,9,高橋-內壢,2023-03-20,5323
2812,台中銀,9,0,9,高橋-內壢,2023-03-20,5323
3037,欣興,11,2,9,高橋-內壢,2023-03-20,5323
4915,致伸,9,0,9,高橋-內壢,2023-03-20,5323
2402,毅嘉,8,0,8,高橋-內壢,2023-03-20,5323
2881,富邦金,8,0,8,高橋-內壢,2023-03-20,5323
00715L,期街口布蘭特正2,12,5,7,高橋-內壢,2023-03-20,5323
9945,潤泰新,13,7,6,高橋-內壢,2023-03-20,5323
2359,所羅門,6,0,6,高橋-內壢,2023-03-20,5323
6752,叡揚,6,0,6,高橋-內壢,2023-03-20,5323
00923,群益台ESG低碳50,5,0,5,高橋-內壢,2023-03-20,5323
00902,中信電池及儲能,5,0,5,高橋-內壢,2023-03-20,5323
00637L,元大滬深300正2,5,0,5,高橋-內壢,2023-03-20,5323
2317,鴻海,8,3,5,高橋-內壢,2023-03-20,5323
2634,漢翔,6,1,5,高橋-內壢,2023-03-20,5323
3027,盛達,6,1,5,高橋-內壢,2023-03-20,5323
3290,東浦,5,0,5,高橋-內壢,2023-03-20,5323
00713,元大台灣高息低波,4,0,4,高橋-內壢,2023-03-20,5323
3013,晟銘電,4,0,4,高橋-內壢,2023-03-20,5323
2014,中鴻,4,0,4,高橋-內壢,2023-03-20,5323
1301,台塑,4,0,4,高橋-內壢,2023-03-20,5323
00885,富邦越南,4,0,4,高橋-內壢,2023-03-20,5323
00900,富邦特選高股息30,4,0,4,高橋-內壢,2023-03-20,5323
2465,麗臺,4,0,4,高橋-內壢,2023-03-20,5323
3272,東碩,4,0,4,高橋-內壢,2023-03-20,5323
6443,元晶,419,9,410,高橋-內壢,2023-03-21,5323
3432,台端,29,0,29,高橋-內壢,2023-03-21,5323
2834,臺企銀,29,2,27,高橋-內壢,2023-03-21,5323
2883,凱基金,25,0,25,高橋-內壢,2023-03-21,5323
6547,高端疫苗,24,1,23,高橋-內壢,2023-03-21,5323
2303,聯電,46,25,21,高橋-內壢,2023-03-21,5323
1802,台玻,20,0,20,高橋-內壢,2023-03-21,5323
2888,新光金,30,10,20,高橋-內壢,2023-03-21,5323
3532,台勝科,21,1,20,高橋-內壢,2023-03-21,5323
6788,華景電,20,0,20,高橋-內壢,2023-03-21,5323
8103,瀚荃,22,2,20,高橋-內壢,2023-03-21,5323
2609,陽明,38,20,18,高橋-內壢,2023-03-21,5323
2409,友達,18,1,17,高橋-內壢,2023-03-21,5323
6163,華電網,17,1,16,高橋-內壢,2023-03-21,5323
00632R,元大台灣50反1,15,0,15,高橋-內壢,2023-03-21,5323
2399,映泰,16,1,15,高橋-內壢,2023-03-21,5323
2756,聯發國際,14,0,14,高橋-內壢,2023-03-21,5323
3594,磐儀,14,1,13,高橋-內壢,2023-03-21,5323
4147,中裕,13,0,13,高橋-內壢,2023-03-21,5323
2388,威盛,24,12,12,高橋-內壢,2023-03-21,5323
3037,欣興,16,4,12,高橋-內壢,2023-03-21,5323
2603,長榮,28,16,12,高橋-內壢,2023-03-21,5323
2471,資通,11,0,11,高橋-內壢,2023-03-21,5323
1605,華新,17,7,10,高橋-內壢,2023-03-21,5323
2408,南亞科,10,0,10,高橋-內壢,2023-03-21,5323
2457,飛宏,28,19,9,高橋-內壢,2023-03-21,5323
2634,漢翔,15,6,9,高橋-內壢,2023-03-21,5323
3687,歐買尬,8,0,8,高橋-內壢,2023-03-21,5323
3707,漢磊,7,0,7,高橋-內壢,2023-03-21,5323
8016,矽創,8,1,7,高橋-內壢,2023-03-21,5323
00679B,元大美債20年,6,0,6,高橋-內壢,2023-03-21,5323
00902,中信電池及儲能,6,0,6,高橋-內壢,2023-03-21,5323
2618,長榮航,6,0,6,高橋-內壢,2023-03-21,5323
3013,晟銘電,9,3,6,高橋-內壢,2023-03-21,5323
5015,華祺,7,1,6,高橋-內壢,2023-03-21,5323
8111,立��,6,0,6,高橋-內壢,2023-03-21,5323
9905,大華,6,0,6,高橋-內壢,2023-03-21,5323
2610,華航,5,0,5,高橋-內壢,2023-03-21,5323
1531,高林股,5,0,5,高橋-內壢,2023-03-21,5323
1584,精剛,8,3,5,高橋-內壢,2023-03-21,5323
1609,大亞,5,0,5,高橋-內壢,2023-03-21,5323
00720B,元大投資級公司債,5,0,5,高橋-內壢,2023-03-21,5323
00715L,期街口布蘭特正2,5,0,5,高橋-內壢,2023-03-21,5323
00885,富邦越南,15,10,5,高橋-內壢,2023-03-21,5323
2881,富邦金,5,0,5,高橋-內壢,2023-03-21,5323
2890,永豐金,5,0,5,高橋-內壢,2023-03-21,5323
3419,譁裕,5,0,5,高橋-內壢,2023-03-21,5323
3675,德微,6,1,5,高橋-內壢,2023-03-21,5323
4746,台耀,7,2,5,高橋-內壢,2023-03-21,5323
4915,致伸,6,1,5,高橋-內壢,2023-03-21,5323
3710,連展投控,70,5,65,高橋-內壢,2023-03-22,5323
00642U,期元大S＆P石油,45,0,45,高橋-內壢,2023-03-22,5323
00632R,元大台灣50反1,45,0,45,高橋-內壢,2023-03-22,5323
6109,亞元,38,0,38,高橋-內壢,2023-03-22,5323
2401,凌陽,30,0,30,高橋-內壢,2023-03-22,5323
2883,凱基金,24,0,24,高橋-內壢,2023-03-22,5323
2399,映泰,23,0,23,高橋-內壢,2023-03-22,5323
00878,國泰永續高股息,21,0,21,高橋-內壢,2023-03-22,5323
2328,廣宇,21,0,21,高橋-內壢,2023-03-22,5323
1718,中纖,20,0,20,高橋-內壢,2023-03-22,5323
2406,國碩,20,0,20,高橋-內壢,2023-03-22,5323
3374,精材,20,0,20,高橋-內壢,2023-03-22,5323
2313,華通,20,1,19,高橋-內壢,2023-03-22,5323
5258,虹堡,18,0,18,高橋-內壢,2023-03-22,5323
5321,美而快,18,1,17,高橋-內壢,2023-03-22,5323
8069,元太,18,2,16,高橋-內壢,2023-03-22,5323
2353,宏��,16,1,15,高橋-內壢,2023-03-22,5323
3432,台端,27,12,15,高橋-內壢,2023-03-22,5323
3141,晶宏,19,5,14,高橋-內壢,2023-03-22,5323
2002,中鋼,13,0,13,高橋-內壢,2023-03-22,5323
3049,精金,15,2,13,高橋-內壢,2023-03-22,5323
6202,盛群,13,0,13,高橋-內壢,2023-03-22,5323
6531,愛普*,12,0,12,高橋-內壢,2023-03-22,5323
1609,大亞,11,0,11,高橋-內壢,2023-03-22,5323
2413,環科,31,20,11,高橋-內壢,2023-03-22,5323
5371,中光電,12,1,11,高橋-內壢,2023-03-22,5323
1513,中興電,11,1,10,高橋-內壢,2023-03-22,5323
2388,威盛,21,11,10,高橋-內壢,2023-03-22,5323
1504,東元,31,21,10,高橋-內壢,2023-03-22,5323
2636,台驊控股,10,0,10,高橋-內壢,2023-03-22,5323
2867,三商壽,10,0,10,高橋-內壢,2023-03-22,5323
2929,淘帝-KY,10,0,10,高橋-內壢,2023-03-22,5323
2880,華南金,10,0,10,高橋-內壢,2023-03-22,5323
2603,長榮,17,8,9,高橋-內壢,2023-03-22,5323
2882,國泰金,9,0,9,高橋-內壢,2023-03-22,5323
1316,上曜,8,0,8,高橋-內壢,2023-03-22,5323
2204,中華,9,1,8,高橋-內壢,2023-03-22,5323
2233,宇隆,8,0,8,高橋-內壢,2023-03-22,5323
4155,訊映,8,0,8,高橋-內壢,2023-03-22,5323
6142,友勁,7,0,7,高橋-內壢,2023-03-22,5323
6443,元晶,7,0,7,高橋-內壢,2023-03-22,5323
8112,至上,7,0,7,高橋-內壢,2023-03-22,5323
2409,友達,7,1,6,高橋-內壢,2023-03-22,5323
2539,櫻花建,6,0,6,高橋-內壢,2023-03-22,5323
3162,精確,9,3,6,高橋-內壢,2023-03-22,5323
5009,榮剛,10,4,6,高橋-內壢,2023-03-22,5323
6282,康舒,10,4,6,高橋-內壢,2023-03-22,5323
9945,潤泰新,6,0,6,高橋-內壢,2023-03-22,5323
00679B,元大美債20年,5,0,5,高橋-內壢,2023-03-22,5323
1560,中砂,5,0,5,高橋-內壢,2023-03-22,5323
00632R,元大台灣50反1,42,0,42,高橋-內壢,2023-03-23,5323
2402,毅嘉,66,24,42,高橋-內壢,2023-03-23,5323
2836,高雄銀,32,0,32,高橋-內壢,2023-03-23,5323
3441,聯一光,33,3,30,高橋-內壢,2023-03-23,5323
3093,港建*,25,0,25,高橋-內壢,2023-03-23,5323
6226,光鼎,22,0,22,高橋-內壢,2023-03-23,5323
8069,元太,22,1,21,高橋-內壢,2023-03-23,5323
1319,東陽,20,0,20,高橋-內壢,2023-03-23,5323
6129,普誠,20,0,20,高橋-內壢,2023-03-23,5323
00882,中信中國高股息,20,2,18,高橋-內壢,2023-03-23,5323
6416,瑞祺電通,20,2,18,高橋-內壢,2023-03-23,5323
2329,華泰,16,0,16,高橋-內壢,2023-03-23,5323
4743,合一,19,4,15,高橋-內壢,2023-03-23,5323
3481,群創,135,120,15,高橋-內壢,2023-03-23,5323
1513,中興電,14,0,14,高橋-內壢,2023-03-23,5323
2603,長榮,13,1,12,高橋-內壢,2023-03-23,5323
1504,東元,27,15,12,高橋-內壢,2023-03-23,5323
3141,晶宏,10,0,10,高橋-內壢,2023-03-23,5323
6505,台塑化,10,0,10,高橋-內壢,2023-03-23,5323
6863,永道-KY,10,0,10,高橋-內壢,2023-03-23,5323
8016,矽創,10,0,10,高橋-內壢,2023-03-23,5323
00712,復華富時不動產,9,1,8,高橋-內壢,2023-03-23,5323
3005,神基,8,0,8,高橋-內壢,2023-03-23,5323
2609,陽明,15,8,7,高橋-內壢,2023-03-23,5323
2637,慧洋-KY,10,3,7,高橋-內壢,2023-03-23,5323
2606,裕民,9,2,7,高橋-內壢,2023-03-23,5323
00888,永豐台灣ESG,6,0,6,高橋-內壢,2023-03-23,5323
2601,益航,6,0,6,高橋-內壢,2023-03-23,5323
2731,雄獅,6,0,6,高橋-內壢,2023-03-23,5323
3217,優群,11,5,6,高橋-內壢,2023-03-23,5323
00878,國泰永續高股息,20,15,5,高橋-內壢,2023-03-23,5323
00905,FT臺灣Smart,5,0,5,高橋-內壢,2023-03-23,5323
1560,中砂,5,0,5,高橋-內壢,2023-03-23,5323
2413,環科,5,0,5,高橋-內壢,2023-03-23,5323
3094,聯傑,7,2,5,高橋-內壢,2023-03-23,5323
5225,東科-KY,5,0,5,高橋-內壢,2023-03-23,5323
6138,茂達,5,0,5,高橋-內壢,2023-03-23,5323
6874,倍力,6,1,5,高橋-內壢,2023-03-23,5323
8097,常珵,5,0,5,高橋-內壢,2023-03-23,5323
1519,華城,4,0,4,高橋-內壢,2023-03-23,5323
1101,台泥,4,0,4,高橋-內壢,2023-03-23,5323
2457,飛宏,7,3,4,高橋-內壢,2023-03-23,5323
2641,正德,8,4,4,高橋-內壢,2023-03-23,5323
3707,漢磊,6,2,4,高橋-內壢,2023-03-23,5323
4155,訊映,4,0,4,高橋-內壢,2023-03-23,5323
6290,良維,5,1,4,高橋-內壢,2023-03-23,5323
8112A,至上甲特,4,0,4,高橋-內壢,2023-03-23,5323
8150,南茂,4,0,4,高橋-內壢,2023-03-23,5323
8996,高力,4,0,4,高橋-內壢,2023-03-23,5323
1108,幸福,3,0,3,高橋-內壢,2023-03-23,5323
2014,中鴻,131,0,131,高橋-內壢,2023-03-24,5323
2834,臺企銀,62,0,62,高橋-內壢,2023-03-24,5323
6220,岳豐,35,5,30,高橋-內壢,2023-03-24,5323
2883,凱基金,28,0,28,高橋-內壢,2023-03-24,5323
3532,台勝科,20,1,19,高橋-內壢,2023-03-24,5323
3576,聯合再生,19,1,18,高橋-內壢,2023-03-24,5323
1605,華新,28,11,17,高橋-內壢,2023-03-24,5323
2618,長榮航,17,0,17,高橋-內壢,2023-03-24,5323
8155,博智,56,41,15,高橋-內壢,2023-03-24,5323
6104,創惟,21,7,14,高橋-內壢,2023-03-24,5323
3141,晶宏,15,3,12,高橋-內壢,2023-03-24,5323
6279,胡連,12,0,12,高橋-內壢,2023-03-24,5323
2243,宏旭-KY,10,0,10,高橋-內壢,2023-03-24,5323
3022,威強電,10,0,10,高橋-內壢,2023-03-24,5323
4543,萬在,10,0,10,高橋-內壢,2023-03-24,5323
6226,光鼎,10,0,10,高橋-內壢,2023-03-24,5323
6278,台表科,10,0,10,高橋-內壢,2023-03-24,5323
8234,新漢,10,0,10,高橋-內壢,2023-03-24,5323
2888,新光金,10,0,10,高橋-內壢,2023-03-24,5323
2332,友訊,9,0,9,高橋-內壢,2023-03-24,5323
2371,大同,11,3,8,高橋-內壢,2023-03-24,5323
3687,歐買尬,7,0,7,高橋-內壢,2023-03-24,5323
4915,致伸,6,0,6,高橋-內壢,2023-03-24,5323
6122,擎邦,6,0,6,高橋-內壢,2023-03-24,5323
00882,中信中國高股息,5,0,5,高橋-內壢,2023-03-24,5323
2023,燁輝,5,0,5,高橋-內壢,2023-03-24,5323
2331,精英,5,0,5,高橋-內壢,2023-03-24,5323
2732,六角,5,0,5,高橋-內壢,2023-03-24,5323
2809,京城銀,5,0,5,高橋-內壢,2023-03-24,5323
3374,精材,5,0,5,高橋-內壢,2023-03-24,5323
3710,連展投控,5,0,5,高橋-內壢,2023-03-24,5323
5014,建錩,5,0,5,高橋-內壢,2023-03-24,5323
6116,彩晶,10,5,5,高橋-內壢,2023-03-24,5323
6244,茂迪,6,1,5,高橋-內壢,2023-03-24,5323
6446,藥華藥,5,0,5,高橋-內壢,2023-03-24,5323
8289,泰藝,5,0,5,高橋-內壢,2023-03-24,5323
2303,聯電,5,0,5,高橋-內壢,2023-03-24,5323
00679B,元大美債20年,4,0,4,高橋-內壢,2023-03-24,5323
1443,立益物流,4,0,4,高橋-內壢,2023-03-24,5323
2891,中信金,7,3,4,高橋-內壢,2023-03-24,5323
8112A,至上甲特,4,0,4,高橋-內壢,2023-03-24,5323
3661,世芯-KY,4,1,3,高橋-內壢,2023-03-24,5323
00898,國泰基因免疫革命,3,0,3,高橋-內壢,2023-03-24,5323
2034,允強,3,0,3,高橋-內壢,2023-03-24,5323
2108,南帝,3,0,3,高橋-內壢,2023-03-24,5323
2413,環科,3,0,3,高橋-內壢,2023-03-24,5323
2427,三商電,3,0,3,高橋-內壢,2023-03-24,5323
2601,益航,3,0,3,高橋-內壢,2023-03-24,5323
3029,零壹,5,2,3,高橋-內壢,2023-03-24,5323
3707,漢磊,4,1,3,高橋-內壢,2023-03-24,5323
1504,東元,452,52,400,高橋-內壢,2023-03-27,5323
00882,中信中國高股息,87,9,78,高橋-內壢,2023-03-27,5323
6220,岳豐,59,0,59,高橋-內壢,2023-03-27,5323
6244,茂迪,35,2,33,高橋-內壢,2023-03-27,5323
2402,毅嘉,32,2,30,高橋-內壢,2023-03-27,5323
1718,中纖,18,0,18,高橋-內壢,2023-03-27,5323
1605,華新,20,3,17,高橋-內壢,2023-03-27,5323
2634,漢翔,19,6,13,高橋-內壢,2023-03-27,5323
8222,寶一,13,1,12,高橋-內壢,2023-03-27,5323
2867,三商壽,11,0,11,高橋-內壢,2023-03-27,5323
1409,新纖,10,0,10,高橋-內壢,2023-03-27,5323
2745,五福,10,0,10,高橋-內壢,2023-03-27,5323
3481,群創,10,0,10,高橋-內壢,2023-03-27,5323
6226,光鼎,8,0,8,高橋-內壢,2023-03-27,5323
6606,建德工業,8,0,8,高橋-內壢,2023-03-27,5323
2303,聯電,12,5,7,高橋-內壢,2023-03-27,5323
2002,中鋼,6,0,6,高橋-內壢,2023-03-27,5323
2014,中鴻,6,0,6,高橋-內壢,2023-03-27,5323
2340,台亞,8,2,6,高橋-內壢,2023-03-27,5323
5512,力麒,6,0,6,高橋-內壢,2023-03-27,5323
6279,胡連,6,0,6,高橋-內壢,2023-03-27,5323
3714,富采,6,1,5,高橋-內壢,2023-03-27,5323
00679B,元大美債20年,5,0,5,高橋-內壢,2023-03-27,5323
2102,泰豐,5,0,5,高橋-內壢,2023-03-27,5323
2314,台揚,5,0,5,高橋-內壢,2023-03-27,5323
2344,華邦電,8,3,5,高橋-內壢,2023-03-27,5323
3652,精聯,5,0,5,高橋-內壢,2023-03-27,5323
8171,天宇,5,0,5,高橋-內壢,2023-03-27,5323
8289,泰藝,5,0,5,高橋-內壢,2023-03-27,5323
00878,國泰永續高股息,21,16,5,高橋-內壢,2023-03-27,5323
1519,華城,4,0,4,高橋-內壢,2023-03-27,5323
00902,中信電池及儲能,15,11,4,高橋-內壢,2023-03-27,5323
2388,威盛,29,25,4,高橋-內壢,2023-03-27,5323
2834,臺企銀,5,1,4,高橋-內壢,2023-03-27,5323
3035,智原,6,2,4,高橋-內壢,2023-03-27,5323
5608,四維航,4,0,4,高橋-內壢,2023-03-27,5323
6485,點序,6,2,4,高橋-內壢,2023-03-27,5323
6651,全宇昕,4,0,4,高橋-內壢,2023-03-27,5323
2883,凱基金,7,4,3,高橋-內壢,2023-03-27,5323
00720B,元大投資級公司債,3,0,3,高橋-內壢,2023-03-27,5323
2204,中華,3,0,3,高橋-內壢,2023-03-27,5323
3022,威強電,3,0,3,高橋-內壢,2023-03-27,5323
3434,哲固,3,0,3,高橋-內壢,2023-03-27,5323
3483,力致,4,1,3,高橋-內壢,2023-03-27,5323
3605,宏致,3,0,3,高橋-內壢,2023-03-27,5323
3617,碩天,3,0,3,高橋-內壢,2023-03-27,5323
4919,新唐,3,0,3,高橋-內壢,2023-03-27,5323
5009,榮剛,3,0,3,高橋-內壢,2023-03-27,5323
5222,全訊,3,0,3,高橋-內壢,2023-03-27,5323
6288,聯嘉,4,1,3,高橋-內壢,2023-03-27,5323
00715L,期街口布蘭特正2,38,5,33,高橋-內壢,2023-03-28,5323
2317,鴻海,31,1,30,高橋-內壢,2023-03-28,5323
00878,國泰永續高股息,28,4,24,高橋-內壢,2023-03-28,5323
3231,緯創,24,1,23,高橋-內壢,2023-03-28,5323
4171,瑞基,24,1,23,高橋-內壢,2023-03-28,5323
6168,宏齊,23,3,20,高橋-內壢,2023-03-28,5323
1605,華新,36,17,19,高橋-內壢,2023-03-28,5323
00882,中信中國高股息,20,2,18,高橋-內壢,2023-03-28,5323
00712,復華富時不動產,17,0,17,高橋-內壢,2023-03-28,5323
00679B,元大美債20年,16,0,16,高橋-內壢,2023-03-28,5323
6220,岳豐,15,0,15,高橋-內壢,2023-03-28,5323
3005,神基,21,8,13,高橋-內壢,2023-03-28,5323
2887,台新金,12,0,12,高橋-內壢,2023-03-28,5323
3432,台端,12,0,12,高橋-內壢,2023-03-28,5323
6116,彩晶,13,1,12,高橋-內壢,2023-03-28,5323
8016,矽創,14,2,12,高橋-內壢,2023-03-28,5323
2344,華邦電,12,1,11,高橋-內壢,2023-03-28,5323
3037,欣興,14,3,11,高橋-內壢,2023-03-28,5323
2492,華新科,10,0,10,高橋-內壢,2023-03-28,5323
5211,蒙恬,11,1,10,高橋-內壢,2023-03-28,5323
2867,三商壽,10,0,10,高橋-內壢,2023-03-28,5323
3511,矽瑪,10,0,10,高橋-內壢,2023-03-28,5323
5465,富驊,10,0,10,高橋-內壢,2023-03-28,5323
2618,長榮航,12,3,9,高橋-內壢,2023-03-28,5323
2743,山富,10,1,9,高橋-內壢,2023-03-28,5323
2610,華航,13,5,8,高橋-內壢,2023-03-28,5323
3205,佰研,9,1,8,高橋-內壢,2023-03-28,5323
4979,華星光,13,5,8,高橋-內壢,2023-03-28,5323
5222,全訊,8,0,8,高橋-內壢,2023-03-28,5323
6182,合晶,8,0,8,高橋-內壢,2023-03-28,5323
1760,寶齡富錦,8,1,7,高橋-內壢,2023-03-28,5323
2009,第一銅,7,0,7,高橋-內壢,2023-03-28,5323
2302,麗正,7,0,7,高橋-內壢,2023-03-28,5323
2641,正德,9,2,7,高橋-內壢,2023-03-28,5323
1504,東元,17,11,6,高橋-內壢,2023-03-28,5323
00687B,國泰20年美債,6,0,6,高橋-內壢,2023-03-28,5323
2413,環科,6,0,6,高橋-內壢,2023-03-28,5323
2539,櫻花建,6,0,6,高橋-內壢,2023-03-28,5323
3715,定穎投控,8,2,6,高橋-內壢,2023-03-28,5323
6142,友勁,6,0,6,高橋-內壢,2023-03-28,5323
8255,朋程,10,4,6,高橋-內壢,2023-03-28,5323
0056,元大高股息,6,0,6,高橋-內壢,2023-03-28,5323
6129,普誠,7,2,5,高橋-內壢,2023-03-28,5323
00772B,中信高評級公司債,6,1,5,高橋-內壢,2023-03-28,5323
1781,合世,5,0,5,高橋-內壢,2023-03-28,5323
2303,聯電,5,0,5,高橋-內壢,2023-03-28,5323
2331,精英,5,0,5,高橋-內壢,2023-03-28,5323
2892,第一金,5,0,5,高橋-內壢,2023-03-28,5323
3434,哲固,5,0,5,高橋-內壢,2023-03-28,5323
4114,健喬,5,0,5,高橋-內壢,2023-03-28,5323
1504,東元,291,51,240,高橋-內壢,2023-03-29,5323
5516,雙喜,106,2,104,高橋-內壢,2023-03-29,5323
2486,一詮,51,1,50,高橋-內壢,2023-03-29,5323
6220,岳豐,42,0,42,高橋-內壢,2023-03-29,5323
00665L,富邦�琤肭磪囓�2,35,0,35,高橋-內壢,2023-03-29,5323
2867,三商壽,30,3,27,高橋-內壢,2023-03-29,5323
2812,台中銀,25,0,25,高橋-內壢,2023-03-29,5323
2342,茂矽,25,3,22,高橋-內壢,2023-03-29,5323
2317,鴻海,20,0,20,高橋-內壢,2023-03-29,5323
5243,乙盛-KY,20,0,20,高橋-內壢,2023-03-29,5323
00830,國泰費城半導體,17,0,17,高橋-內壢,2023-03-29,5323
2331,精英,17,0,17,高橋-內壢,2023-03-29,5323
00891,中信關鍵半導體,16,0,16,高橋-內壢,2023-03-29,5323
00712,復華富時不動產,16,0,16,高橋-內壢,2023-03-29,5323
00679B,元大美債20年,16,0,16,高橋-內壢,2023-03-29,5323
00922,國泰台灣領袖50,16,0,16,高橋-內壢,2023-03-29,5323
2603,長榮,18,2,16,高橋-內壢,2023-03-29,5323
00892,富邦台灣半導體,15,0,15,高橋-內壢,2023-03-29,5323
2449,京元電子,15,0,15,高橋-內壢,2023-03-29,5323
3576,聯合再生,16,1,15,高橋-內壢,2023-03-29,5323
5302,太欣,15,0,15,高橋-內壢,2023-03-29,5323
00752,中信中國50,12,0,12,高橋-內壢,2023-03-29,5323
2303,聯電,24,12,12,高橋-內壢,2023-03-29,5323
2313,華通,15,3,12,高橋-內壢,2023-03-29,5323
5425,台半,13,1,12,高橋-內壢,2023-03-29,5323
6753,龍德造船,12,0,12,高橋-內壢,2023-03-29,5323
2609,陽明,12,1,11,高橋-內壢,2023-03-29,5323
2641,正德,11,0,11,高橋-內壢,2023-03-29,5323
4915,致伸,11,0,11,高橋-內壢,2023-03-29,5323
2014,中鴻,10,0,10,高橋-內壢,2023-03-29,5323
6125,廣運,10,0,10,高橋-內壢,2023-03-29,5323
8050,廣積,10,0,10,高橋-內壢,2023-03-29,5323
1605,華新,9,0,9,高橋-內壢,2023-03-29,5323
3035,智原,11,3,8,高橋-內壢,2023-03-29,5323
3416,融程電,8,0,8,高橋-內壢,2023-03-29,5323
3714,富采,8,0,8,高橋-內壢,2023-03-29,5323
6138,茂達,50,42,8,高橋-內壢,2023-03-29,5323
00772B,中信高評級公司債,7,0,7,高橋-內壢,2023-03-29,5323
4919,新唐,7,0,7,高橋-內壢,2023-03-29,5323
6770,力積電,8,1,7,高橋-內壢,2023-03-29,5323
8155,博智,7,0,7,高橋-內壢,2023-03-29,5323
5258,虹堡,6,0,6,高橋-內壢,2023-03-29,5323
00882,中信中國高股息,16,10,6,高橋-內壢,2023-03-29,5323
2367,燿華,6,0,6,高橋-內壢,2023-03-29,5323
2457,飛宏,10,4,6,高橋-內壢,2023-03-29,5323
5222,全訊,6,0,6,高橋-內壢,2023-03-29,5323
2892,第一金,7,2,5,高橋-內壢,2023-03-29,5323
1608,華榮,5,0,5,高橋-內壢,2023-03-29,5323
1781,合世,5,0,5,高橋-內壢,2023-03-29,5323
3047,訊舟,5,0,5,高橋-內壢,2023-03-29,5323
2867,三商壽,343,20,323,高橋-內壢,2023-03-30,5323
6244,茂迪,201,9,192,高橋-內壢,2023-03-30,5323
2610,華航,126,5,121,高橋-內壢,2023-03-30,5323
6770,力積電,31,0,31,高橋-內壢,2023-03-30,5323
00882,中信中國高股息,20,0,20,高橋-內壢,2023-03-30,5323
00908,富邦入息REITs+,20,0,20,高橋-內壢,2023-03-30,5323
6104,創惟,20,0,20,高橋-內壢,2023-03-30,5323
1605,華新,19,0,19,高橋-內壢,2023-03-30,5323
1504,東元,24,7,17,高橋-內壢,2023-03-30,5323
00712,復華富時不動產,14,0,14,高橋-內壢,2023-03-30,5323
00878,國泰永續高股息,31,19,12,高橋-內壢,2023-03-30,5323
2891,中信金,11,0,11,高橋-內壢,2023-03-30,5323
2243,宏旭-KY,10,0,10,高橋-內壢,2023-03-30,5323
2820,華票,10,0,10,高橋-內壢,2023-03-30,5323
2890,永豐金,10,0,10,高橋-內壢,2023-03-30,5323
3081,聯亞,10,0,10,高橋-內壢,2023-03-30,5323
2637,慧洋-KY,7,0,7,高橋-內壢,2023-03-30,5323
4128,中天,7,0,7,高橋-內壢,2023-03-30,5323
6143,振曜,14,7,7,高橋-內壢,2023-03-30,5323
6168,宏齊,7,0,7,高橋-內壢,2023-03-30,5323
00679B,元大美債20年,6,0,6,高橋-內壢,2023-03-30,5323
2014,中鴻,6,0,6,高橋-內壢,2023-03-30,5323
3588,通嘉,6,0,6,高橋-內壢,2023-03-30,5323
2393,億光,5,0,5,高橋-內壢,2023-03-30,5323
00751B,元大AAA至A公司債,5,0,5,高橋-內壢,2023-03-30,5323
2419,仲琦,5,0,5,高橋-內壢,2023-03-30,5323
2495,普安,5,0,5,高橋-內壢,2023-03-30,5323
2882,國泰金,5,0,5,高橋-內壢,2023-03-30,5323
2886,兆豐金,5,0,5,高橋-內壢,2023-03-30,5323
3035,智原,7,2,5,高橋-內壢,2023-03-30,5323
3652,精聯,6,1,5,高橋-內壢,2023-03-30,5323
3706,神達,5,0,5,高橋-內壢,2023-03-30,5323
5907,大洋-KY,5,0,5,高橋-內壢,2023-03-30,5323
8016,矽創,7,2,5,高橋-內壢,2023-03-30,5323
1609,大亞,5,1,4,高橋-內壢,2023-03-30,5323
2329,華泰,4,0,4,高橋-內壢,2023-03-30,5323
3338,泰碩,4,0,4,高橋-內壢,2023-03-30,5323
3406,玉晶光,7,3,4,高橋-內壢,2023-03-30,5323
5243,乙盛-KY,4,0,4,高橋-內壢,2023-03-30,5323
6133,金橋,4,0,4,高橋-內壢,2023-03-30,5323
6129,普誠,3,0,3,高橋-內壢,2023-03-30,5323
1529,樂事綠能,3,0,3,高橋-內壢,2023-03-30,5323
1528,恩德,3,0,3,高橋-內壢,2023-03-30,5323
0050,元大台灣50,3,0,3,高橋-內壢,2023-03-30,5323
2201,裕隆,3,0,3,高橋-內壢,2023-03-30,5323
2612,中航,3,0,3,高橋-內壢,2023-03-30,5323
2881,富邦金,3,0,3,高橋-內壢,2023-03-30,5323
2889,國票金,6,3,3,高橋-內壢,2023-03-30,5323
3128,昇銳,3,0,3,高橋-內壢,2023-03-30,5323
3141,晶宏,3,0,3,高橋-內壢,2023-03-30,5323
2637,慧洋-KY,100,0,100,高橋-內壢,2023-03-31,5323
6245,立端,47,1,46,高橋-內壢,2023-03-31,5323
2337,旺宏,153,121,32,高橋-內壢,2023-03-31,5323
1219,福壽,50,30,20,高橋-內壢,2023-03-31,5323
9919,康那香,20,0,20,高橋-內壢,2023-03-31,5323
00905,FT臺灣Smart,24,6,18,高橋-內壢,2023-03-31,5323
5351,鈺創,20,2,18,高橋-內壢,2023-03-31,5323
8289,泰藝,18,0,18,高橋-內壢,2023-03-31,5323
2027,大成鋼,16,2,14,高橋-內壢,2023-03-31,5323
2313,華通,17,4,13,高橋-內壢,2023-03-31,5323
1513,中興電,13,1,12,高橋-內壢,2023-03-31,5323
6243,迅杰,12,0,12,高橋-內壢,2023-03-31,5323
1609,大亞,11,1,10,高橋-內壢,2023-03-31,5323
2641,正德,10,0,10,高橋-內壢,2023-03-31,5323
6143,振曜,10,0,10,高橋-內壢,2023-03-31,5323
8050,廣積,10,0,10,高橋-內壢,2023-03-31,5323
3071,協禧,8,0,8,高橋-內壢,2023-03-31,5323
4979,華星光,8,0,8,高橋-內壢,2023-03-31,5323
6753,龍德造船,8,0,8,高橋-內壢,2023-03-31,5323
00662,富邦NASDAQ,7,0,7,高橋-內壢,2023-03-31,5323
3105,穩懋,9,2,7,高橋-內壢,2023-03-31,5323
2324,仁寶,9,3,6,高橋-內壢,2023-03-31,5323
3630,新鉅科,6,0,6,高橋-內壢,2023-03-31,5323
00892,富邦台灣半導體,5,0,5,高橋-內壢,2023-03-31,5323
6223,旺矽,6,1,5,高橋-內壢,2023-03-31,5323
8933,愛地雅,5,0,5,高橋-內壢,2023-03-31,5323
1560,中砂,4,0,4,高橋-內壢,2023-03-31,5323
2812,台中銀,5,1,4,高橋-內壢,2023-03-31,5323
3481,群創,5,1,4,高橋-內壢,2023-03-31,5323
4114,健喬,5,1,4,高橋-內壢,2023-03-31,5323
4128,中天,4,0,4,高橋-內壢,2023-03-31,5323
6104,創惟,4,0,4,高橋-內壢,2023-03-31,5323
6446,藥華藥,4,0,4,高橋-內壢,2023-03-31,5323
6770,力積電,4,0,4,高橋-內壢,2023-03-31,5323
6829,千附精密,4,0,4,高橋-內壢,2023-03-31,5323
9945,潤泰新,4,0,4,高橋-內壢,2023-03-31,5323
2603,長榮,14,11,3,高橋-內壢,2023-03-31,5323
1605,華新,13,10,3,高橋-內壢,2023-03-31,5323
1584,精剛,6,3,3,高橋-內壢,2023-03-31,5323
00712,復華富時不動產,3,0,3,高橋-內壢,2023-03-31,5323
2610,華航,7,4,3,高橋-內壢,2023-03-31,5323
2756,聯發國際,3,0,3,高橋-內壢,2023-03-31,5323
3038,全台,3,0,3,高橋-內壢,2023-03-31,5323
4207,環泰,3,0,3,高橋-內壢,2023-03-31,5323
9103,美德醫療-DR,3,0,3,高橋-內壢,2023-03-31,5323
2615,萬海,12,10,2,高橋-內壢,2023-03-31,5323
00830,國泰費城半導體,5,3,2,高橋-內壢,2023-03-31,5323
2006,東和鋼鐵,2,0,2,高橋-內壢,2023-03-31,5323
2065,世豐,2,0,2,高橋-內壢,2023-03-31,5323
2371,大同,3,1,2,高橋-內壢,2023-03-31,5323
2208,台船,53,4,49,高橋-內壢,2023-04-06,5323
00882,中信中國高股息,29,2,27,高橋-內壢,2023-04-06,5323
2867,三商壽,27,0,27,高橋-內壢,2023-04-06,5323
00881,國泰台灣5G+,20,0,20,高橋-內壢,2023-04-06,5323
9919,康那香,19,0,19,高橋-內壢,2023-04-06,5323
2352,佳世達,20,2,18,高橋-內壢,2023-04-06,5323
2601,益航,18,0,18,高橋-內壢,2023-04-06,5323
2618,長榮航,18,0,18,高橋-內壢,2023-04-06,5323
2027,大成鋼,19,3,16,高橋-內壢,2023-04-06,5323
3231,緯創,19,3,16,高橋-內壢,2023-04-06,5323
8046,南電,16,1,15,高橋-內壢,2023-04-06,5323
2606,裕民,13,0,13,高橋-內壢,2023-04-06,5323
6143,振曜,13,0,13,高橋-內壢,2023-04-06,5323
2891,中信金,13,0,13,高橋-內壢,2023-04-06,5323
1718,中纖,11,0,11,高橋-內壢,2023-04-06,5323
3711,日月光投控,11,0,11,高橋-內壢,2023-04-06,5323
4147,中裕,11,0,11,高橋-內壢,2023-04-06,5323
8150,南茂,11,0,11,高橋-內壢,2023-04-06,5323
00753L,中信中國50正2,10,0,10,高橋-內壢,2023-04-06,5323
2883,凱基金,10,0,10,高橋-內壢,2023-04-06,5323
6245,立端,22,12,10,高橋-內壢,2023-04-06,5323
6248,沛波,10,0,10,高橋-內壢,2023-04-06,5323
00893,國泰智能電動車,8,0,8,高橋-內壢,2023-04-06,5323
2892,第一金,10,2,8,高橋-內壢,2023-04-06,5323
3093,港建*,7,0,7,高橋-內壢,2023-04-06,5323
8222,寶一,8,1,7,高橋-內壢,2023-04-06,5323
00830,國泰費城半導體,6,0,6,高橋-內壢,2023-04-06,5323
2233,宇隆,6,0,6,高橋-內壢,2023-04-06,5323
2332,友訊,6,0,6,高橋-內壢,2023-04-06,5323
8069,元太,6,0,6,高橋-內壢,2023-04-06,5323
2609,陽明,6,1,5,高橋-內壢,2023-04-06,5323
00679B,元大美債20年,10,5,5,高橋-內壢,2023-04-06,5323
00712,復華富時不動產,5,0,5,高橋-內壢,2023-04-06,5323
1301,台塑,5,0,5,高橋-內壢,2023-04-06,5323
1762,中化生,5,0,5,高橋-內壢,2023-04-06,5323
8155,博智,5,0,5,高橋-內壢,2023-04-06,5323
2344,華邦電,8,4,4,高橋-內壢,2023-04-06,5323
2385,群光,5,1,4,高橋-內壢,2023-04-06,5323
3312,弘憶股,5,1,4,高橋-內壢,2023-04-06,5323
3675,德微,6,2,4,高橋-內壢,2023-04-06,5323
4128,中天,5,1,4,高橋-內壢,2023-04-06,5323
5309,系統電,8,4,4,高橋-內壢,2023-04-06,5323
6194,育富,4,0,4,高橋-內壢,2023-04-06,5323
6548,長科*,4,0,4,高橋-內壢,2023-04-06,5323
8016,矽創,5,1,4,高橋-內壢,2023-04-06,5323
1560,中砂,3,0,3,高橋-內壢,2023-04-06,5323
1584,精剛,9,6,3,高橋-內壢,2023-04-06,5323
1218,泰山,3,0,3,高橋-內壢,2023-04-06,5323
00902,中信電池及儲能,3,0,3,高橋-內壢,2023-04-06,5323
1752,南光,3,0,3,高橋-內壢,2023-04-06,5323
5309,系統電,66,0,66,高橋-內壢,2023-04-07,5323
5452,佶優,70,20,50,高橋-內壢,2023-04-07,5323
1609,大亞,51,3,48,高橋-內壢,2023-04-07,5323
3231,緯創,33,1,32,高橋-內壢,2023-04-07,5323
3380,明泰,30,0,30,高橋-內壢,2023-04-07,5323
1504,東元,129,100,29,高橋-內壢,2023-04-07,5323
2344,華邦電,35,6,29,高橋-內壢,2023-04-07,5323
00772B,中信高評級公司債,26,0,26,高橋-內壢,2023-04-07,5323
1301,台塑,24,0,24,高橋-內壢,2023-04-07,5323
2867,三商壽,46,25,21,高橋-內壢,2023-04-07,5323
00830,國泰費城半導體,20,0,20,高橋-內壢,2023-04-07,5323
8105,凌巨,20,0,20,高橋-內壢,2023-04-07,5323
6185,幃翔,20,1,19,高橋-內壢,2023-04-07,5323
00712,復華富時不動產,17,0,17,高橋-內壢,2023-04-07,5323
4979,華星光,12,0,12,高橋-內壢,2023-04-07,5323
8150,南茂,12,0,12,高橋-內壢,2023-04-07,5323
8255,朋程,12,0,12,高橋-內壢,2023-04-07,5323
00922,國泰台灣領袖50,10,0,10,高橋-內壢,2023-04-07,5323
6148,驊宏資,10,0,10,高橋-內壢,2023-04-07,5323
8183,精星,10,0,10,高橋-內壢,2023-04-07,5323
5425,台半,10,1,9,高橋-內壢,2023-04-07,5323
00905,FT臺灣Smart,8,0,8,高橋-內壢,2023-04-07,5323
3406,玉晶光,9,1,8,高橋-內壢,2023-04-07,5323
0056,元大高股息,6,0,6,高橋-內壢,2023-04-07,5323
1513,中興電,11,5,6,高橋-內壢,2023-04-07,5323
1101,台泥,5,0,5,高橋-內壢,2023-04-07,5323
1708,東鹼,5,0,5,高橋-內壢,2023-04-07,5323
2313,華通,5,0,5,高橋-內壢,2023-04-07,5323
2471,資通,6,1,5,高橋-內壢,2023-04-07,5323
4114,健喬,5,0,5,高橋-內壢,2023-04-07,5323
6182,合晶,5,0,5,高橋-內壢,2023-04-07,5323
2891,中信金,4,0,4,高橋-內壢,2023-04-07,5323
2302,麗正,4,0,4,高橋-內壢,2023-04-07,5323
2883,凱基金,5,1,4,高橋-內壢,2023-04-07,5323
4961,天鈺,7,3,4,高橋-內壢,2023-04-07,5323
6220,岳豐,4,0,4,高橋-內壢,2023-04-07,5323
3035,智原,5,1,4,高橋-內壢,2023-04-07,5323
2358,廷鑫,3,0,3,高橋-內壢,2023-04-07,5323
1210,大成,3,0,3,高橋-內壢,2023-04-07,5323
1108,幸福,3,0,3,高橋-內壢,2023-04-07,5323
2022,聚亨,3,0,3,高橋-內壢,2023-04-07,5323
2385,群光,3,0,3,高橋-內壢,2023-04-07,5323
2428,興勤,3,0,3,高橋-內壢,2023-04-07,5323
2454,聯發科,3,0,3,高橋-內壢,2023-04-07,5323
2605,新興,3,0,3,高橋-內壢,2023-04-07,5323
2731,雄獅,10,7,3,高橋-內壢,2023-04-07,5323
3289,宜特,3,0,3,高橋-內壢,2023-04-07,5323
4911,德英,3,0,3,高橋-內壢,2023-04-07,5323
6547,高端疫苗,7,4,3,高橋-內壢,2023-04-07,5323
8440,綠電,3,0,3,高橋-內壢,2023-04-07,5323
2610,華航,101,2,99,高橋-內壢,2023-04-10,5323
4744,皇將,60,0,60,高橋-內壢,2023-04-10,5323
3025,星通,40,10,30,高橋-內壢,2023-04-10,5323
3290,東浦,30,0,30,高橋-內壢,2023-04-10,5323
3715,定穎投控,30,0,30,高橋-內壢,2023-04-10,5323
2342,茂矽,27,1,26,高橋-內壢,2023-04-10,5323
4142,國光生,25,1,24,高橋-內壢,2023-04-10,5323
3481,群創,25,2,23,高橋-內壢,2023-04-10,5323
00751B,元大AAA至A公司債,20,0,20,高橋-內壢,2023-04-10,5323
1514,亞力,25,6,19,高橋-內壢,2023-04-10,5323
00632R,元大台灣50反1,15,0,15,高橋-內壢,2023-04-10,5323
6290,良維,15,0,15,高橋-內壢,2023-04-10,5323
6269,台郡,14,0,14,高橋-內壢,2023-04-10,5323
00679B,元大美債20年,13,0,13,高橋-內壢,2023-04-10,5323
2027,大成鋼,13,0,13,高橋-內壢,2023-04-10,5323
2603,長榮,13,0,13,高橋-內壢,2023-04-10,5323
2314,台揚,12,0,12,高橋-內壢,2023-04-10,5323
3189,景碩,12,0,12,高橋-內壢,2023-04-10,5323
6143,振曜,14,2,12,高橋-內壢,2023-04-10,5323
00878,國泰永續高股息,11,0,11,高橋-內壢,2023-04-10,5323
3062,建漢,11,0,11,高橋-內壢,2023-04-10,5323
3232,昱捷,11,0,11,高橋-內壢,2023-04-10,5323
5905,南仁湖,11,0,11,高橋-內壢,2023-04-10,5323
8088,品安,11,0,11,高橋-內壢,2023-04-10,5323
00712,復華富時不動產,19,9,10,高橋-內壢,2023-04-10,5323
3576,聯合再生,10,0,10,高橋-內壢,2023-04-10,5323
5302,太欣,10,0,10,高橋-內壢,2023-04-10,5323
6138,茂達,15,6,9,高橋-內壢,2023-04-10,5323
2330,台積電,9,0,9,高橋-內壢,2023-04-10,5323
2634,漢翔,13,5,8,高橋-內壢,2023-04-10,5323
1609,大亞,8,0,8,高橋-內壢,2023-04-10,5323
2645,長榮航太,8,0,8,高橋-內壢,2023-04-10,5323
3711,日月光投控,8,0,8,高橋-內壢,2023-04-10,5323
6446,藥華藥,8,0,8,高橋-內壢,2023-04-10,5323
1605,華新,9,2,7,高橋-內壢,2023-04-10,5323
6770,力積電,7,0,7,高橋-內壢,2023-04-10,5323
1101,台泥,6,0,6,高橋-內壢,2023-04-10,5323
3013,晟銘電,5,0,5,高橋-內壢,2023-04-10,5323
1710,東聯,5,0,5,高橋-內壢,2023-04-10,5323
00902,中信電池及儲能,5,0,5,高橋-內壢,2023-04-10,5323
2208,台船,8,3,5,高橋-內壢,2023-04-10,5323
2528,皇普,55,50,5,高橋-內壢,2023-04-10,5323
3004,豐達科,5,0,5,高橋-內壢,2023-04-10,5323
3479,安勤,8,3,5,高橋-內壢,2023-04-10,5323
3588,通嘉,5,0,5,高橋-內壢,2023-04-10,5323
6142,友勁,5,0,5,高橋-內壢,2023-04-10,5323
6220,岳豐,5,0,5,高橋-內壢,2023-04-10,5323
8103,瀚荃,5,0,5,高橋-內壢,2023-04-10,5323
8155,博智,5,0,5,高橋-內壢,2023-04-10,5323
0056,元大高股息,4,0,4,高橋-內壢,2023-04-10,5323
1504,東元,513,96,417,高橋-內壢,2023-04-11,5323
00712,復華富時不動產,37,0,37,高橋-內壢,2023-04-11,5323
00687B,國泰20年美債,16,0,16,高橋-內壢,2023-04-11,5323
3189,景碩,17,2,15,高橋-內壢,2023-04-11,5323
2208,台船,14,0,14,高橋-內壢,2023-04-11,5323
00632R,元大台灣50反1,11,0,11,高橋-內壢,2023-04-11,5323
3232,昱捷,11,0,11,高橋-內壢,2023-04-11,5323
00679B,元大美債20年,12,2,10,高橋-內壢,2023-04-11,5323
2495,普安,10,0,10,高橋-內壢,2023-04-11,5323
2371,大同,11,1,10,高橋-內壢,2023-04-11,5323
3062,建漢,10,0,10,高橋-內壢,2023-04-11,5323
3576,聯合再生,10,0,10,高橋-內壢,2023-04-11,5323
8071,能率網通,10,0,10,高橋-內壢,2023-04-11,5323
2457,飛宏,15,7,8,高橋-內壢,2023-04-11,5323
2645,長榮航太,8,0,8,高橋-內壢,2023-04-11,5323
2883,凱基金,11,3,8,高橋-內壢,2023-04-11,5323
1569,濱川,7,0,7,高橋-內壢,2023-04-11,5323
1605,華新,8,1,7,高橋-內壢,2023-04-11,5323
00753L,中信中國50正2,7,0,7,高橋-內壢,2023-04-11,5323
00902,中信電池及儲能,10,3,7,高橋-內壢,2023-04-11,5323
2342,茂矽,7,0,7,高橋-內壢,2023-04-11,5323
2634,漢翔,7,0,7,高橋-內壢,2023-04-11,5323
4979,華星光,7,0,7,高橋-內壢,2023-04-11,5323
6143,振曜,8,1,7,高橋-內壢,2023-04-11,5323
6698,旭暉應材,8,1,7,高橋-內壢,2023-04-11,5323
2408,南亞科,22,15,7,高橋-內壢,2023-04-11,5323
2498,宏達電,12,6,6,高橋-內壢,2023-04-11,5323
6209,今國光,7,1,6,高橋-內壢,2023-04-11,5323
6233,旺玖,6,0,6,高橋-內壢,2023-04-11,5323
6791,虎門科技,7,1,6,高橋-內壢,2023-04-11,5323
2891,中信金,5,0,5,高橋-內壢,2023-04-11,5323
2303,聯電,6,1,5,高橋-內壢,2023-04-11,5323
1108,幸福,8,3,5,高橋-內壢,2023-04-11,5323
00772B,中信高評級公司債,5,0,5,高橋-內壢,2023-04-11,5323
2206,三陽工業,5,0,5,高橋-內壢,2023-04-11,5323
2337,旺宏,10,5,5,高橋-內壢,2023-04-11,5323
2892,第一金,5,0,5,高橋-內壢,2023-04-11,5323
3231,緯創,14,9,5,高橋-內壢,2023-04-11,5323
3312,弘憶股,5,0,5,高橋-內壢,2023-04-11,5323
4128,中天,5,0,5,高橋-內壢,2023-04-11,5323
4746,台耀,9,4,5,高橋-內壢,2023-04-11,5323
5014,建錩,5,0,5,高橋-內壢,2023-04-11,5323
6104,創惟,6,1,5,高橋-內壢,2023-04-11,5323
6163,華電網,6,1,5,高橋-內壢,2023-04-11,5323
6269,台郡,5,0,5,高橋-內壢,2023-04-11,5323
6570,維田,5,0,5,高橋-內壢,2023-04-11,5323
2314,台揚,4,0,4,高橋-內壢,2023-04-11,5323
3035,智原,5,1,4,高橋-內壢,2023-04-11,5323
3047,訊舟,4,0,4,高橋-內壢,2023-04-11,5323
3703,欣陸,4,0,4,高橋-內壢,2023-04-11,5323
00673R,期元大S＆P原油反1,72,0,72,高橋-內壢,2023-04-12,5323
8110,華東,70,0,70,高橋-內壢,2023-04-12,5323
2367,燿華,50,0,50,高橋-內壢,2023-04-12,5323
2634,漢翔,111,69,42,高橋-內壢,2023-04-12,5323
6217,中探針,43,2,41,高橋-內壢,2023-04-12,5323
00632R,元大台灣50反1,40,0,40,高橋-內壢,2023-04-12,5323
2368,金像電,38,5,33,高橋-內壢,2023-04-12,5323
00712,復華富時不動產,36,4,32,高橋-內壢,2023-04-12,5323
2208,台船,40,9,31,高橋-內壢,2023-04-12,5323
4155,訊映,31,0,31,高橋-內壢,2023-04-12,5323
5425,台半,32,2,30,高橋-內壢,2023-04-12,5323
1609,大亞,31,9,22,高橋-內壢,2023-04-12,5323
2317,鴻海,21,0,21,高橋-內壢,2023-04-12,5323
2867,三商壽,21,3,18,高橋-內壢,2023-04-12,5323
2329,華泰,32,15,17,高橋-內壢,2023-04-12,5323
6190,萬泰科,16,0,16,高橋-內壢,2023-04-12,5323
1513,中興電,18,4,14,高橋-內壢,2023-04-12,5323
3037,欣興,14,2,12,高橋-內壢,2023-04-12,5323
2542,興富發,12,0,12,高橋-內壢,2023-04-12,5323
6122,擎邦,13,2,11,高橋-內壢,2023-04-12,5323
6245,立端,11,0,11,高橋-內壢,2023-04-12,5323
3588,通嘉,10,0,10,高橋-內壢,2023-04-12,5323
4960,誠美材,10,0,10,高橋-內壢,2023-04-12,5323
5469,瀚宇博,10,0,10,高橋-內壢,2023-04-12,5323
8021,尖點,10,0,10,高橋-內壢,2023-04-12,5323
8933,愛地雅,15,5,10,高橋-內壢,2023-04-12,5323
1611,中電,10,1,9,高橋-內壢,2023-04-12,5323
2498,宏達電,10,1,9,高橋-內壢,2023-04-12,5323
4979,華星光,11,2,9,高橋-內壢,2023-04-12,5323
1570,力肯,8,0,8,高橋-內壢,2023-04-12,5323
00922,國泰台灣領袖50,7,0,7,高橋-內壢,2023-04-12,5323
2313,華通,7,0,7,高橋-內壢,2023-04-12,5323
4572,駐龍,7,0,7,高橋-內壢,2023-04-12,5323
2009,第一銅,6,0,6,高橋-內壢,2023-04-12,5323
4916,事欣科,6,0,6,高橋-內壢,2023-04-12,5323
6231,系微,6,0,6,高橋-內壢,2023-04-12,5323
1712,興農,5,0,5,高橋-內壢,2023-04-12,5323
1752,南光,6,1,5,高橋-內壢,2023-04-12,5323
2201,裕隆,5,0,5,高橋-內壢,2023-04-12,5323
2495,普安,5,0,5,高橋-內壢,2023-04-12,5323
3264,欣銓,5,0,5,高橋-內壢,2023-04-12,5323
4128,中天,5,0,5,高橋-內壢,2023-04-12,5323
4977,眾達-KY,5,0,5,高橋-內壢,2023-04-12,5323
5443,均豪,5,0,5,高橋-內壢,2023-04-12,5323
6152,百一,5,0,5,高橋-內壢,2023-04-12,5323
6269,台郡,5,0,5,高橋-內壢,2023-04-12,5323
1527,鑽全,4,0,4,高橋-內壢,2023-04-12,5323
00713,元大台灣高息低波,5,1,4,高橋-內壢,2023-04-12,5323
2380,虹光,4,0,4,高橋-內壢,2023-04-12,5323
2478,大毅,5,1,4,高橋-內壢,2023-04-12,5323
1504,東元,402,125,277,高橋-內壢,2023-04-13,5323
6443,元晶,207,10,197,高橋-內壢,2023-04-13,5323
6244,茂迪,151,1,150,高橋-內壢,2023-04-13,5323
5009,榮剛,122,57,65,高橋-內壢,2023-04-13,5323
00673R,期元大S＆P原油反1,42,0,42,高橋-內壢,2023-04-13,5323
2515,中工,73,32,41,高橋-內壢,2023-04-13,5323
3710,連展投控,40,0,40,高橋-內壢,2023-04-13,5323
6129,普誠,36,0,36,高橋-內壢,2023-04-13,5323
2634,漢翔,179,146,33,高橋-內壢,2023-04-13,5323
00712,復華富時不動產,31,0,31,高橋-內壢,2023-04-13,5323
8028,昇陽半導體,28,0,28,高橋-內壢,2023-04-13,5323
4919,新唐,25,0,25,高橋-內壢,2023-04-13,5323
2344,華邦電,25,2,23,高橋-內壢,2023-04-13,5323
1609,大亞,22,1,21,高橋-內壢,2023-04-13,5323
5309,系統電,18,1,17,高橋-內壢,2023-04-13,5323
6163,華電網,18,1,17,高橋-內壢,2023-04-13,5323
2392,正崴,16,0,16,高橋-內壢,2023-04-13,5323
2359,所羅門,16,2,14,高橋-內壢,2023-04-13,5323
3711,日月光投控,15,1,14,高橋-內壢,2023-04-13,5323
1519,華城,15,2,13,高橋-內壢,2023-04-13,5323
1503,士電,22,9,13,高橋-內壢,2023-04-13,5323
6143,振曜,13,0,13,高橋-內壢,2023-04-13,5323
6282,康舒,13,0,13,高橋-內壢,2023-04-13,5323
00637L,元大滬深300正2,12,0,12,高橋-內壢,2023-04-13,5323
1529,樂事綠能,18,6,12,高橋-內壢,2023-04-13,5323
00891,中信關鍵半導體,16,5,11,高橋-內壢,2023-04-13,5323
00753L,中信中國50正2,11,0,11,高橋-內壢,2023-04-13,5323
2615,萬海,17,7,10,高橋-內壢,2023-04-13,5323
2457,飛宏,17,7,10,高橋-內壢,2023-04-13,5323
4128,中天,12,2,10,高橋-內壢,2023-04-13,5323
00878,國泰永續高股息,10,1,9,高橋-內壢,2023-04-13,5323
1605,華新,9,0,9,高橋-內壢,2023-04-13,5323
4743,合一,11,2,9,高橋-內壢,2023-04-13,5323
5465,富驊,8,0,8,高橋-內壢,2023-04-13,5323
3027,盛達,9,2,7,高橋-內壢,2023-04-13,5323
5302,太欣,7,0,7,高橋-內壢,2023-04-13,5323
6217,中探針,8,1,7,高橋-內壢,2023-04-13,5323
1447,力鵬,6,0,6,高橋-內壢,2023-04-13,5323
00893,國泰智能電動車,6,0,6,高橋-內壢,2023-04-13,5323
2453,凌群,6,0,6,高橋-內壢,2023-04-13,5323
2883,凱基金,6,0,6,高橋-內壢,2023-04-13,5323
6209,今國光,7,1,6,高橋-內壢,2023-04-13,5323
8038,長園科,6,0,6,高橋-內壢,2023-04-13,5323
8215,明基材,8,2,6,高橋-內壢,2023-04-13,5323
00687B,國泰20年美債,5,0,5,高橋-內壢,2023-04-13,5323
00830,國泰費城半導體,5,0,5,高橋-內壢,2023-04-13,5323
00922,國泰台灣領袖50,5,0,5,高橋-內壢,2023-04-13,5323
1108,幸福,10,5,5,高橋-內壢,2023-04-13,5323
1524,耿鼎,5,0,5,高橋-內壢,2023-04-13,5323
2313,華通,5,0,5,高橋-內壢,2023-04-13,5323
2208,台船,313,22,291,高橋-內壢,2023-04-14,5323
6244,茂迪,209,0,209,高橋-內壢,2023-04-14,5323
00712,復華富時不動產,129,0,129,高橋-內壢,2023-04-14,5323
2105,正新,80,0,80,高橋-內壢,2023-04-14,5323
3710,連展投控,60,0,60,高橋-內壢,2023-04-14,5323
2883,凱基金,53,1,52,高橋-內壢,2023-04-14,5323
00632R,元大台灣50反1,50,0,50,高橋-內壢,2023-04-14,5323
6443,元晶,50,1,49,高橋-內壢,2023-04-14,5323
00753L,中信中國50正2,25,0,25,高橋-內壢,2023-04-14,5323
00878,國泰永續高股息,27,5,22,高橋-內壢,2023-04-14,5323
6127,九豪,20,0,20,高橋-內壢,2023-04-14,5323
3049,精金,20,1,19,高橋-內壢,2023-04-14,5323
5607,遠雄港,19,0,19,高橋-內壢,2023-04-14,5323
2329,華泰,19,1,18,高橋-內壢,2023-04-14,5323
2887,台新金,17,1,16,高橋-內壢,2023-04-14,5323
5465,富驊,12,0,12,高橋-內壢,2023-04-14,5323
6547,高端疫苗,18,6,12,高橋-內壢,2023-04-14,5323
00902,中信電池及儲能,15,4,11,高橋-內壢,2023-04-14,5323
2478,大毅,12,1,11,高橋-內壢,2023-04-14,5323
3003,健和興,11,0,11,高橋-內壢,2023-04-14,5323
00882,中信中國高股息,10,0,10,高橋-內壢,2023-04-14,5323
1701,中化,10,0,10,高橋-內壢,2023-04-14,5323
3479,安勤,10,0,10,高橋-內壢,2023-04-14,5323
5388,中磊,10,0,10,高橋-內壢,2023-04-14,5323
6143,振曜,10,0,10,高橋-內壢,2023-04-14,5323
6152,百一,10,0,10,高橋-內壢,2023-04-14,5323
6185,幃翔,10,0,10,高橋-內壢,2023-04-14,5323
8021,尖點,10,0,10,高橋-內壢,2023-04-14,5323
8936,國統,10,0,10,高橋-內壢,2023-04-14,5323
3380,明泰,10,2,8,高橋-內壢,2023-04-14,5323
2303,聯電,13,5,8,高橋-內壢,2023-04-14,5323
3217,優群,7,0,7,高橋-內壢,2023-04-14,5323
00679B,元大美債20年,6,0,6,高橋-內壢,2023-04-14,5323
2834,臺企銀,7,1,6,高橋-內壢,2023-04-14,5323
6223,旺矽,6,0,6,高橋-內壢,2023-04-14,5323
2603,長榮,14,8,6,高橋-內壢,2023-04-14,5323
00687B,國泰20年美債,5,0,5,高橋-內壢,2023-04-14,5323
00891,中信關鍵半導體,5,0,5,高橋-內壢,2023-04-14,5323
00830,國泰費城半導體,5,0,5,高橋-內壢,2023-04-14,5323
1584,精剛,8,3,5,高橋-內壢,2023-04-14,5323
1781,合世,5,0,5,高橋-內壢,2023-04-14,5323
2382,廣達,6,1,5,高橋-內壢,2023-04-14,5323
3232,昱捷,5,0,5,高橋-內壢,2023-04-14,5323
3419,譁裕,5,0,5,高橋-內壢,2023-04-14,5323
3545,敦泰,8,3,5,高橋-內壢,2023-04-14,5323
3576,聯合再生,5,0,5,高橋-內壢,2023-04-14,5323
4979,華星光,8,3,5,高橋-內壢,2023-04-14,5323
6269,台郡,5,0,5,高橋-內壢,2023-04-14,5323
6568,宏觀,5,0,5,高橋-內壢,2023-04-14,5323
7402,邑錡,6,1,5,高橋-內壢,2023-04-14,5323
2618,長榮航,118,14,104,高橋-內壢,2023-04-17,5323
00712,復華富時不動產,71,4,67,高橋-內壢,2023-04-17,5323
1605,華新,54,2,52,高橋-內壢,2023-04-17,5323
5258,虹堡,35,2,33,高橋-內壢,2023-04-17,5323
00900,富邦特選高股息30,30,0,30,高橋-內壢,2023-04-17,5323
2634,漢翔,63,37,26,高橋-內壢,2023-04-17,5323
00882,中信中國高股息,24,2,22,高橋-內壢,2023-04-17,5323
2449,京元電子,24,3,21,高橋-內壢,2023-04-17,5323
2413,環科,20,0,20,高橋-內壢,2023-04-17,5323
5607,遠雄港,21,1,20,高橋-內壢,2023-04-17,5323
6223,旺矽,20,0,20,高橋-內壢,2023-04-17,5323
2610,華航,22,4,18,高橋-內壢,2023-04-17,5323
6167,久正,20,2,18,高橋-內壢,2023-04-17,5323
8996,高力,17,0,17,高橋-內壢,2023-04-17,5323
2312,金寶,124,108,16,高橋-內壢,2023-04-17,5323
3481,群創,116,100,16,高橋-內壢,2023-04-17,5323
6116,彩晶,17,1,16,高橋-內壢,2023-04-17,5323
6142,友勁,17,1,16,高橋-內壢,2023-04-17,5323
1437,勤益控,15,0,15,高橋-內壢,2023-04-17,5323
8261,富鼎,15,1,14,高橋-內壢,2023-04-17,5323
8940,新天地,14,0,14,高橋-內壢,2023-04-17,5323
0056,元大高股息,12,0,12,高橋-內壢,2023-04-17,5323
6190,萬泰科,12,0,12,高橋-內壢,2023-04-17,5323
6547,高端疫苗,36,25,11,高橋-內壢,2023-04-17,5323
00888,永豐台灣ESG,10,0,10,高橋-內壢,2023-04-17,5323
2482,連宇,10,0,10,高橋-內壢,2023-04-17,5323
3234,光環,10,0,10,高橋-內壢,2023-04-17,5323
3710,連展投控,10,0,10,高橋-內壢,2023-04-17,5323
4102,永日,10,0,10,高橋-內壢,2023-04-17,5323
4906,正文,10,0,10,高橋-內壢,2023-04-17,5323
6806,森崴能源,10,0,10,高橋-內壢,2023-04-17,5323
8088,品安,11,1,10,高橋-內壢,2023-04-17,5323
8104,錸寶,10,0,10,高橋-內壢,2023-04-17,5323
3680,家登,9,0,9,高橋-內壢,2023-04-17,5323
5425,台半,12,3,9,高橋-內壢,2023-04-17,5323
6242,立康,9,0,9,高橋-內壢,2023-04-17,5323
2542,興富發,8,0,8,高橋-內壢,2023-04-17,5323
3231,緯創,13,5,8,高橋-內壢,2023-04-17,5323
2812,台中銀,8,0,8,高橋-內壢,2023-04-17,5323
00679B,元大美債20年,7,0,7,高橋-內壢,2023-04-17,5323
1905,華紙,7,0,7,高橋-內壢,2023-04-17,5323
6217,中探針,7,0,7,高橋-內壢,2023-04-17,5323
6753,龍德造船,10,3,7,高橋-內壢,2023-04-17,5323
2454,聯發科,6,0,6,高橋-內壢,2023-04-17,5323
00922,國泰台灣領袖50,6,0,6,高橋-內壢,2023-04-17,5323
1809,中釉,6,0,6,高橋-內壢,2023-04-17,5323
3712,永崴投控,11,5,6,高橋-內壢,2023-04-17,5323
2731,雄獅,8,2,6,高橋-內壢,2023-04-17,5323
00891,中信關鍵半導體,5,0,5,高橋-內壢,2023-04-17,5323
00923,群益台ESG低碳50,5,0,5,高橋-內壢,2023-04-17,5323
2634,漢翔,632,21,611,高橋-內壢,2023-04-18,5323
00712,復華富時不動產,166,14,152,高橋-內壢,2023-04-18,5323
1447,力鵬,100,0,100,高橋-內壢,2023-04-18,5323
6443,元晶,461,395,66,高橋-內壢,2023-04-18,5323
6209,今國光,61,11,50,高橋-內壢,2023-04-18,5323
1584,精剛,165,130,35,高橋-內壢,2023-04-18,5323
8033,雷虎,37,3,34,高橋-內壢,2023-04-18,5323
6142,友勁,31,0,31,高橋-內壢,2023-04-18,5323
3481,群創,46,15,31,高橋-內壢,2023-04-18,5323
6152,百一,30,0,30,高橋-內壢,2023-04-18,5323
1513,中興電,35,6,29,高橋-內壢,2023-04-18,5323
00720B,元大投資級公司債,27,0,27,高橋-內壢,2023-04-18,5323
0056,元大高股息,26,0,26,高橋-內壢,2023-04-18,5323
2890,永豐金,25,0,25,高橋-內壢,2023-04-18,5323
6120,達運,32,10,22,高橋-內壢,2023-04-18,5323
2610,華航,20,0,20,高橋-內壢,2023-04-18,5323
3710,連展投控,20,0,20,高橋-內壢,2023-04-18,5323
6122,擎邦,20,0,20,高橋-內壢,2023-04-18,5323
8110,華東,20,0,20,高橋-內壢,2023-04-18,5323
1605,華新,37,18,19,高橋-內壢,2023-04-18,5323
2645,長榮航太,20,1,19,高橋-內壢,2023-04-18,5323
3025,星通,22,3,19,高橋-內壢,2023-04-18,5323
1471,首利,21,4,17,高橋-內壢,2023-04-18,5323
3056,富華新,21,4,17,高橋-內壢,2023-04-18,5323
1809,中釉,21,5,16,高橋-內壢,2023-04-18,5323
1319,東陽,16,1,15,高橋-內壢,2023-04-18,5323
5465,富驊,20,5,15,高橋-內壢,2023-04-18,5323
1529,樂事綠能,21,7,14,高橋-內壢,2023-04-18,5323
5258,虹堡,16,2,14,高橋-內壢,2023-04-18,5323
1609,大亞,15,1,14,高橋-內壢,2023-04-18,5323
00751B,元大AAA至A公司債,13,0,13,高橋-內壢,2023-04-18,5323
00679B,元大美債20年,15,3,12,高橋-內壢,2023-04-18,5323
00673R,期元大S＆P原油反1,12,0,12,高橋-內壢,2023-04-18,5323
2338,光罩,14,2,12,高橋-內壢,2023-04-18,5323
2449,京元電子,15,3,12,高橋-內壢,2023-04-18,5323
3032,偉訓,12,0,12,高橋-內壢,2023-04-18,5323
00753L,中信中國50正2,11,0,11,高橋-內壢,2023-04-18,5323
2891,中信金,11,0,11,高橋-內壢,2023-04-18,5323
9933,中鼎,11,0,11,高橋-內壢,2023-04-18,5323
00878,國泰永續高股息,12,2,10,高橋-內壢,2023-04-18,5323
8111,立��,10,0,10,高橋-內壢,2023-04-18,5323
8477,創業家,10,0,10,高橋-內壢,2023-04-18,5323
9934,成霖,10,0,10,高橋-內壢,2023-04-18,5323
4108,懷特,9,0,9,高橋-內壢,2023-04-18,5323
2330,台積電,8,0,8,高橋-內壢,2023-04-18,5323
2539,櫻花建,8,0,8,高橋-內壢,2023-04-18,5323
3058,立德,15,7,8,高橋-內壢,2023-04-18,5323
6558,興能高,8,0,8,高橋-內壢,2023-04-18,5323
6266,泰詠,7,0,7,高橋-內壢,2023-04-18,5323
6477,安集,18,11,7,高橋-內壢,2023-04-18,5323
00676R,富邦臺灣加權反1,200,0,200,高橋-內壢,2023-04-19,5323
2610,華航,209,11,198,高橋-內壢,2023-04-19,5323
2014,中鴻,152,0,152,高橋-內壢,2023-04-19,5323
2888,新光金,100,0,100,高橋-內壢,2023-04-19,5323
1810,和成,84,2,82,高橋-內壢,2023-04-19,5323
8111,立��,41,0,41,高橋-內壢,2023-04-19,5323
6142,友勁,40,0,40,高橋-內壢,2023-04-19,5323
2342,茂矽,40,4,36,高橋-內壢,2023-04-19,5323
1718,中纖,50,15,35,高橋-內壢,2023-04-19,5323
00885,富邦越南,26,0,26,高橋-內壢,2023-04-19,5323
2634,漢翔,260,235,25,高橋-內壢,2023-04-19,5323
3149,正達,25,0,25,高橋-內壢,2023-04-19,5323
6770,力積電,71,49,22,高橋-內壢,2023-04-19,5323
00888,永豐台灣ESG,22,0,22,高橋-內壢,2023-04-19,5323
00878,國泰永續高股息,21,0,21,高橋-內壢,2023-04-19,5323
3049,精金,28,8,20,高橋-內壢,2023-04-19,5323
3325,旭品,20,0,20,高橋-內壢,2023-04-19,5323
5488,松普,20,0,20,高橋-內壢,2023-04-19,5323
8261,富鼎,20,1,19,高橋-內壢,2023-04-19,5323
2312,金寶,23,5,18,高橋-內壢,2023-04-19,5323
00900,富邦特選高股息30,16,0,16,高橋-內壢,2023-04-19,5323
2723,美食-KY,22,6,16,高橋-內壢,2023-04-19,5323
2332,友訊,15,0,15,高橋-內壢,2023-04-19,5323
2495,普安,15,0,15,高橋-內壢,2023-04-19,5323
6547,高端疫苗,17,3,14,高橋-內壢,2023-04-19,5323
2812,台中銀,14,0,14,高橋-內壢,2023-04-19,5323
3673,TPK-KY,18,4,14,高橋-內壢,2023-04-19,5323
4979,華星光,18,4,14,高橋-內壢,2023-04-19,5323
6163,華電網,16,2,14,高橋-內壢,2023-04-19,5323
6217,中探針,15,1,14,高橋-內壢,2023-04-19,5323
1529,樂事綠能,24,11,13,高橋-內壢,2023-04-19,5323
8046,南電,11,0,11,高橋-內壢,2023-04-19,5323
5512,力麒,25,14,11,高橋-內壢,2023-04-19,5323
8121,越峰,11,0,11,高橋-內壢,2023-04-19,5323
4967,十銓,13,2,11,高橋-內壢,2023-04-19,5323
00891,中信關鍵半導體,10,0,10,高橋-內壢,2023-04-19,5323
00637L,元大滬深300正2,10,0,10,高橋-內壢,2023-04-19,5323
3211,順達,10,0,10,高橋-內壢,2023-04-19,5323
3356,奇偶,10,0,10,高橋-內壢,2023-04-19,5323
4931,新盛力,11,1,10,高橋-內壢,2023-04-19,5323
5425,台半,10,0,10,高橋-內壢,2023-04-19,5323
6143,振曜,10,0,10,高橋-內壢,2023-04-19,5323
00712,復華富時不動產,9,0,9,高橋-內壢,2023-04-19,5323
2845,遠東銀,9,0,9,高橋-內壢,2023-04-19,5323
4743,合一,9,0,9,高橋-內壢,2023-04-19,5323
2206,三陽工業,32,24,8,高橋-內壢,2023-04-19,5323
2313,華通,8,0,8,高橋-內壢,2023-04-19,5323
3189,景碩,8,0,8,高橋-內壢,2023-04-19,5323
6116,彩晶,12,4,8,高橋-內壢,2023-04-19,5323
6412,群電,8,0,8,高橋-內壢,2023-04-19,5323
2888,新光金,173,15,158,高橋-內壢,2023-04-20,5323
6443,元晶,116,1,115,高橋-內壢,2023-04-20,5323
1314,中石化,92,7,85,高橋-內壢,2023-04-20,5323
6288,聯嘉,63,1,62,高橋-內壢,2023-04-20,5323
00712,復華富時不動產,64,13,51,高橋-內壢,2023-04-20,5323
6244,茂迪,70,21,49,高橋-內壢,2023-04-20,5323
2208,台船,48,0,48,高橋-內壢,2023-04-20,5323
2845,遠東銀,42,0,42,高橋-內壢,2023-04-20,5323
1809,中釉,35,0,35,高橋-內壢,2023-04-20,5323
00679B,元大美債20年,32,1,31,高橋-內壢,2023-04-20,5323
00888,永豐台灣ESG,30,0,30,高橋-內壢,2023-04-20,5323
3710,連展投控,30,0,30,高橋-內壢,2023-04-20,5323
8111,立��,24,0,24,高橋-內壢,2023-04-20,5323
8436,大江,21,0,21,高橋-內壢,2023-04-20,5323
2812,台中銀,20,0,20,高橋-內壢,2023-04-20,5323
2890,永豐金,20,0,20,高橋-內壢,2023-04-20,5323
00772B,中信高評級公司債,18,0,18,高橋-內壢,2023-04-20,5323
1760,寶齡富錦,20,2,18,高橋-內壢,2023-04-20,5323
2324,仁寶,21,3,18,高橋-內壢,2023-04-20,5323
2645,長榮航太,15,1,14,高橋-內壢,2023-04-20,5323
1609,大亞,13,0,13,高橋-內壢,2023-04-20,5323
3025,星通,13,0,13,高橋-內壢,2023-04-20,5323
3078,僑威,18,6,12,高橋-內壢,2023-04-20,5323
3265,台星科,12,0,12,高橋-內壢,2023-04-20,5323
00878,國泰永續高股息,21,10,11,高橋-內壢,2023-04-20,5323
2409,友達,11,0,11,高橋-內壢,2023-04-20,5323
2610,華航,16,5,11,高橋-內壢,2023-04-20,5323
3032,偉訓,11,0,11,高橋-內壢,2023-04-20,5323
4164,承業醫,11,0,11,高橋-內壢,2023-04-20,5323
6129,普誠,11,0,11,高橋-內壢,2023-04-20,5323
2609,陽明,16,6,10,高橋-內壢,2023-04-20,5323
2891,中信金,10,0,10,高橋-內壢,2023-04-20,5323
00720B,元大投資級公司債,10,0,10,高橋-內壢,2023-04-20,5323
1718,中纖,10,0,10,高橋-內壢,2023-04-20,5323
2405,輔信,10,0,10,高橋-內壢,2023-04-20,5323
2913,農林,11,1,10,高橋-內壢,2023-04-20,5323
2915,潤泰全,10,0,10,高橋-內壢,2023-04-20,5323
3211,順達,10,0,10,高橋-內壢,2023-04-20,5323
4160,訊聯基因,10,0,10,高橋-內壢,2023-04-20,5323
8050,廣積,10,0,10,高橋-內壢,2023-04-20,5323
8110,華東,10,0,10,高橋-內壢,2023-04-20,5323
2457,飛宏,15,6,9,高橋-內壢,2023-04-20,5323
3652,精聯,9,0,9,高橋-內壢,2023-04-20,5323
4129,聯合,9,0,9,高橋-內壢,2023-04-20,5323
2471,資通,11,3,8,高橋-內壢,2023-04-20,5323
2880,華南金,10,2,8,高橋-內壢,2023-04-20,5323
3051,力特,8,0,8,高橋-內壢,2023-04-20,5323
1584,精剛,7,0,7,高橋-內壢,2023-04-20,5323
2732,六角,7,0,7,高橋-內壢,2023-04-20,5323
3037,欣興,11,4,7,高橋-內壢,2023-04-20,5323
00632R,元大台灣50反1,220,25,195,高橋-內壢,2023-04-21,5323
5302,太欣,76,0,76,高橋-內壢,2023-04-21,5323
00712,復華富時不動產,69,3,66,高橋-內壢,2023-04-21,5323
6244,茂迪,82,16,66,高橋-內壢,2023-04-21,5323
2634,漢翔,246,185,61,高橋-內壢,2023-04-21,5323
3682,亞太電,57,0,57,高橋-內壢,2023-04-21,5323
6443,元晶,53,6,47,高橋-內壢,2023-04-21,5323
6163,華電網,74,30,44,高橋-內壢,2023-04-21,5323
1710,東聯,40,0,40,高橋-內壢,2023-04-21,5323
1611,中電,51,12,39,高橋-內壢,2023-04-21,5323
4147,中裕,36,3,33,高橋-內壢,2023-04-21,5323
4979,華星光,32,0,32,高橋-內壢,2023-04-21,5323
0056,元大高股息,31,1,30,高橋-內壢,2023-04-21,5323
3710,連展投控,30,0,30,高橋-內壢,2023-04-21,5323
1609,大亞,27,0,27,高橋-內壢,2023-04-21,5323
2603,長榮,31,8,23,高橋-內壢,2023-04-21,5323
8436,大江,22,0,22,高橋-內壢,2023-04-21,5323
1314,中石化,20,0,20,高橋-內壢,2023-04-21,5323
2812,台中銀,20,0,20,高橋-內壢,2023-04-21,5323
2705,六福,19,0,19,高橋-內壢,2023-04-21,5323
3058,立德,20,3,17,高橋-內壢,2023-04-21,5323
2609,陽明,35,20,15,高橋-內壢,2023-04-21,5323
00885,富邦越南,15,0,15,高橋-內壢,2023-04-21,5323
3025,星通,15,0,15,高橋-內壢,2023-04-21,5323
2332,友訊,14,0,14,高橋-內壢,2023-04-21,5323
3680,家登,18,4,14,高橋-內壢,2023-04-21,5323
5425,台半,12,0,12,高橋-內壢,2023-04-21,5323
00902,中信電池及儲能,12,0,12,高橋-內壢,2023-04-21,5323
00720B,元大投資級公司債,12,0,12,高橋-內壢,2023-04-21,5323
2002,中鋼,12,0,12,高橋-內壢,2023-04-21,5323
2208,台船,14,2,12,高橋-內壢,2023-04-21,5323
4906,正文,12,0,12,高橋-內壢,2023-04-21,5323
2614,東森,11,0,11,高橋-內壢,2023-04-21,5323
00680L,元大美債20正2,10,0,10,高橋-內壢,2023-04-21,5323
00719B,元大美債1-3,10,0,10,高橋-內壢,2023-04-21,5323
2405,輔信,10,0,10,高橋-內壢,2023-04-21,5323
1781,合世,9,0,9,高橋-內壢,2023-04-21,5323
3024,憶聲,9,0,9,高橋-內壢,2023-04-21,5323
6209,今國光,10,1,9,高橋-內壢,2023-04-21,5323
1905,華紙,15,7,8,高橋-內壢,2023-04-21,5323
2014,中鴻,8,0,8,高橋-內壢,2023-04-21,5323
5452,佶優,8,0,8,高橋-內壢,2023-04-21,5323
00900,富邦特選高股息30,7,0,7,高橋-內壢,2023-04-21,5323
1752,南光,7,0,7,高橋-內壢,2023-04-21,5323
2610,華航,11,4,7,高橋-內壢,2023-04-21,5323
6531,愛普*,7,0,7,高橋-內壢,2023-04-21,5323
2495,普安,7,1,6,高橋-內壢,2023-04-21,5323
6138,茂達,6,0,6,高橋-內壢,2023-04-21,5323
1503,士電,10,4,6,高橋-內壢,2023-04-21,5323
4171,瑞基,6,0,6,高橋-內壢,2023-04-21,5323
6443,元晶,52,0,52,高橋-內壢,2023-04-24,5323
6244,茂迪,57,6,51,高橋-內壢,2023-04-24,5323
6770,力積電,46,0,46,高橋-內壢,2023-04-24,5323
00900,富邦特選高股息30,30,0,30,高橋-內壢,2023-04-24,5323
1514,亞力,24,0,24,高橋-內壢,2023-04-24,5323
3041,揚智,21,0,21,高橋-內壢,2023-04-24,5323
00753L,中信中國50正2,20,0,20,高橋-內壢,2023-04-24,5323
00715L,期街口布蘭特正2,20,0,20,高橋-內壢,2023-04-24,5323
3715,定穎投控,20,0,20,高橋-內壢,2023-04-24,5323
5302,太欣,20,0,20,高橋-內壢,2023-04-24,5323
3035,智原,18,1,17,高橋-內壢,2023-04-24,5323
4979,華星光,20,4,16,高橋-內壢,2023-04-24,5323
6753,龍德造船,15,0,15,高橋-內壢,2023-04-24,5323
00712,復華富時不動產,12,0,12,高橋-內壢,2023-04-24,5323
2495,普安,12,0,12,高橋-內壢,2023-04-24,5323
3498,陽程,12,0,12,高橋-內壢,2023-04-24,5323
00885,富邦越南,11,0,11,高橋-內壢,2023-04-24,5323
2313,華通,14,3,11,高橋-內壢,2023-04-24,5323
2614,東森,11,0,11,高橋-內壢,2023-04-24,5323
6116,彩晶,11,0,11,高橋-內壢,2023-04-24,5323
00673R,期元大S＆P原油反1,10,0,10,高橋-內壢,2023-04-24,5323
2364,倫飛,10,0,10,高橋-內壢,2023-04-24,5323
8403,盛弘,10,0,10,高橋-內壢,2023-04-24,5323
9904,寶成,10,0,10,高橋-內壢,2023-04-24,5323
2634,漢翔,75,66,9,高橋-內壢,2023-04-24,5323
1409,新纖,8,0,8,高橋-內壢,2023-04-24,5323
2206,三陽工業,45,37,8,高橋-內壢,2023-04-24,5323
4128,中天,8,0,8,高橋-內壢,2023-04-24,5323
3711,日月光投控,7,0,7,高橋-內壢,2023-04-24,5323
3264,欣銓,7,0,7,高橋-內壢,2023-04-24,5323
1101,台泥,16,9,7,高橋-內壢,2023-04-24,5323
2603,長榮,7,1,6,高橋-內壢,2023-04-24,5323
6163,華電網,10,4,6,高橋-內壢,2023-04-24,5323
2609,陽明,8,2,6,高橋-內壢,2023-04-24,5323
6217,中探針,6,0,6,高橋-內壢,2023-04-24,5323
2303,聯電,16,10,6,高橋-內壢,2023-04-24,5323
1609,大亞,6,1,5,高橋-內壢,2023-04-24,5323
1529,樂事綠能,5,0,5,高橋-內壢,2023-04-24,5323
1721,三晃,5,0,5,高橋-內壢,2023-04-24,5323
1513,中興電,18,13,5,高橋-內壢,2023-04-24,5323
2812,台中銀,5,0,5,高橋-內壢,2023-04-24,5323
2882,國泰金,5,0,5,高橋-內壢,2023-04-24,5323
3710,連展投控,5,0,5,高橋-內壢,2023-04-24,5323
6712,長聖,5,0,5,高橋-內壢,2023-04-24,5323
9907,統一實,5,0,5,高橋-內壢,2023-04-24,5323
00882,中信中國高股息,4,0,4,高橋-內壢,2023-04-24,5323
00878,國泰永續高股息,11,7,4,高橋-內壢,2023-04-24,5323
1907,永豐餘,17,13,4,高橋-內壢,2023-04-24,5323
3006,晶豪科,4,0,4,高橋-內壢,2023-04-24,5323
4130,健亞,4,0,4,高橋-內壢,2023-04-24,5323
2634,漢翔,431,329,102,高橋-內壢,2023-04-25,5323
3041,揚智,86,0,86,高橋-內壢,2023-04-25,5323
00878,國泰永續高股息,70,0,70,高橋-內壢,2023-04-25,5323
2489,瑞軒,50,0,50,高橋-內壢,2023-04-25,5323
2401,凌陽,58,20,38,高橋-內壢,2023-04-25,5323
6269,台郡,36,0,36,高橋-內壢,2023-04-25,5323
2344,華邦電,35,0,35,高橋-內壢,2023-04-25,5323
3071,協禧,34,6,28,高橋-內壢,2023-04-25,5323
3231,緯創,28,0,28,高橋-內壢,2023-04-25,5323
00753L,中信中國50正2,25,0,25,高橋-內壢,2023-04-25,5323
3189,景碩,25,0,25,高橋-內壢,2023-04-25,5323
3710,連展投控,25,0,25,高橋-內壢,2023-04-25,5323
2457,飛宏,23,0,23,高橋-內壢,2023-04-25,5323
5302,太欣,25,3,22,高橋-內壢,2023-04-25,5323
0056,元大高股息,28,7,21,高橋-內壢,2023-04-25,5323
3048,益登,21,0,21,高橋-內壢,2023-04-25,5323
00900,富邦特選高股息30,20,0,20,高橋-內壢,2023-04-25,5323
2614,東森,20,0,20,高橋-內壢,2023-04-25,5323
00713,元大台灣高息低波,19,0,19,高橋-內壢,2023-04-25,5323
2303,聯電,22,3,19,高橋-內壢,2023-04-25,5323
6282,康舒,263,245,18,高橋-內壢,2023-04-25,5323
1905,華紙,25,8,17,高橋-內壢,2023-04-25,5323
4566,時碩工業,30,13,17,高橋-內壢,2023-04-25,5323
2610,華航,17,1,16,高橋-內壢,2023-04-25,5323
1229,聯華,15,0,15,高橋-內壢,2023-04-25,5323
1503,士電,15,0,15,高橋-內壢,2023-04-25,5323
3163,波若威,15,0,15,高橋-內壢,2023-04-25,5323
3004,豐達科,35,21,14,高橋-內壢,2023-04-25,5323
4979,華星光,23,9,14,高橋-內壢,2023-04-25,5323
1513,中興電,14,1,13,高橋-內壢,2023-04-25,5323
00923,群益台ESG低碳50,13,0,13,高橋-內壢,2023-04-25,5323
6163,華電網,12,0,12,高橋-內壢,2023-04-25,5323
8436,大江,12,0,12,高橋-內壢,2023-04-25,5323
00679B,元大美債20年,12,1,11,高橋-內壢,2023-04-25,5323
00902,中信電池及儲能,11,0,11,高橋-內壢,2023-04-25,5323
1101,台泥,34,23,11,高橋-內壢,2023-04-25,5323
1609,大亞,13,2,11,高橋-內壢,2023-04-25,5323
1314,中石化,10,0,10,高橋-內壢,2023-04-25,5323
1471,首利,11,1,10,高橋-內壢,2023-04-25,5323
3149,正達,10,0,10,高橋-內壢,2023-04-25,5323
3481,群創,9,0,9,高橋-內壢,2023-04-25,5323
2002,中鋼,8,0,8,高橋-內壢,2023-04-25,5323
6547,高端疫苗,10,2,8,高橋-內壢,2023-04-25,5323
6770,力積電,11,3,8,高橋-內壢,2023-04-25,5323
00905,FT臺灣Smart,7,0,7,高橋-內壢,2023-04-25,5323
2449,京元電子,7,0,7,高橋-內壢,2023-04-25,5323
2611,志信,7,0,7,高橋-內壢,2023-04-25,5323
3058,立德,7,0,7,高橋-內壢,2023-04-25,5323
3686,達能,7,0,7,高橋-內壢,2023-04-25,5323
5347,世界,7,0,7,高橋-內壢,2023-04-25,5323
2610,華航,309,2,307,高橋-內壢,2023-04-26,5323
2609,陽明,65,7,58,高橋-內壢,2023-04-26,5323
5302,太欣,51,0,51,高橋-內壢,2023-04-26,5323
2812,台中銀,41,5,36,高橋-內壢,2023-04-26,5323
3710,連展投控,30,0,30,高橋-內壢,2023-04-26,5323
2401,凌陽,29,0,29,高橋-內壢,2023-04-26,5323
2489,瑞軒,30,3,27,高橋-內壢,2023-04-26,5323
00673R,期元大S＆P原油反1,24,0,24,高橋-內壢,2023-04-26,5323
00900,富邦特選高股息30,22,0,22,高橋-內壢,2023-04-26,5323
5410,國眾,20,0,20,高橋-內壢,2023-04-26,5323
00712,復華富時不動產,19,1,18,高橋-內壢,2023-04-26,5323
2913,農林,17,0,17,高橋-內壢,2023-04-26,5323
3149,正達,16,0,16,高橋-內壢,2023-04-26,5323
5905,南仁湖,16,0,16,高橋-內壢,2023-04-26,5323
00830,國泰費城半導體,13,0,13,高橋-內壢,2023-04-26,5323
1314,中石化,12,0,12,高橋-內壢,2023-04-26,5323
6477,安集,12,0,12,高橋-內壢,2023-04-26,5323
2471,資通,12,1,11,高橋-內壢,2023-04-26,5323
2454,聯發科,11,0,11,高橋-內壢,2023-04-26,5323
2634,漢翔,26,15,11,高橋-內壢,2023-04-26,5323
00923,群益台ESG低碳50,10,0,10,高橋-內壢,2023-04-26,5323
3682,亞太電,10,0,10,高橋-內壢,2023-04-26,5323
6122,擎邦,11,1,10,高橋-內壢,2023-04-26,5323
6753,龍德造船,10,0,10,高橋-內壢,2023-04-26,5323
3545,敦泰,9,0,9,高橋-內壢,2023-04-26,5323
2002,中鋼,13,5,8,高橋-內壢,2023-04-26,5323
2379,瑞昱,8,0,8,高橋-內壢,2023-04-26,5323
2882,國泰金,9,1,8,高橋-內壢,2023-04-26,5323
4129,聯合,8,0,8,高橋-內壢,2023-04-26,5323
4934,太極,8,0,8,高橋-內壢,2023-04-26,5323
4979,華星光,12,4,8,高橋-內壢,2023-04-26,5323
6163,華電網,10,2,8,高橋-內壢,2023-04-26,5323
2484,希華,6,0,6,高橋-內壢,2023-04-26,5323
4160,訊聯基因,6,0,6,高橋-內壢,2023-04-26,5323
8403,盛弘,6,0,6,高橋-內壢,2023-04-26,5323
2603,長榮,10,4,6,高橋-內壢,2023-04-26,5323
3711,日月光投控,5,0,5,高橋-內壢,2023-04-26,5323
2317,鴻海,6,1,5,高橋-內壢,2023-04-26,5323
3058,立德,10,5,5,高橋-內壢,2023-04-26,5323
5371,中光電,6,1,5,高橋-內壢,2023-04-26,5323
6257,矽格,5,0,5,高橋-內壢,2023-04-26,5323
0050,元大台灣50,4,0,4,高橋-內壢,2023-04-26,5323
2883,凱基金,5,1,4,高橋-內壢,2023-04-26,5323
00885,富邦越南,4,0,4,高橋-內壢,2023-04-26,5323
3027,盛達,4,0,4,高橋-內壢,2023-04-26,5323
3047,訊舟,5,1,4,高橋-內壢,2023-04-26,5323
4128,中天,5,1,4,高橋-內壢,2023-04-26,5323
8227,巨有科技,5,1,4,高橋-內壢,2023-04-26,5323
2330,台積電,6,2,4,高橋-內壢,2023-04-26,5323
2368,金像電,3,0,3,高橋-內壢,2023-04-26,5323
6244,茂迪,256,0,256,高橋-內壢,2023-04-27,5323
2014,中鴻,60,0,60,高橋-內壢,2023-04-27,5323
00715L,期街口布蘭特正2,50,0,50,高橋-內壢,2023-04-27,5323
5905,南仁湖,35,0,35,高橋-內壢,2023-04-27,5323
5302,太欣,30,0,30,高橋-內壢,2023-04-27,5323
2002,中鋼,25,0,25,高橋-內壢,2023-04-27,5323
3481,群創,26,2,24,高橋-內壢,2023-04-27,5323
2913,農林,23,3,20,高橋-內壢,2023-04-27,5323
2888,新光金,20,1,19,高橋-內壢,2023-04-27,5323
3149,正達,17,0,17,高橋-內壢,2023-04-27,5323
2609,陽明,21,6,15,高橋-內壢,2023-04-27,5323
4967,十銓,14,0,14,高橋-內壢,2023-04-27,5323
6257,矽格,13,0,13,高橋-內壢,2023-04-27,5323
1101,台泥,13,1,12,高橋-內壢,2023-04-27,5323
00720B,元大投資級公司債,11,0,11,高橋-內壢,2023-04-27,5323
2883,凱基金,12,1,11,高橋-內壢,2023-04-27,5323
6446,藥華藥,11,0,11,高橋-內壢,2023-04-27,5323
1711,永光,22,12,10,高橋-內壢,2023-04-27,5323
1314,中石化,10,0,10,高橋-內壢,2023-04-27,5323
1905,華紙,18,8,10,高橋-內壢,2023-04-27,5323
2603,長榮,10,0,10,高橋-內壢,2023-04-27,5323
2882,國泰金,10,0,10,高橋-內壢,2023-04-27,5323
3704,合勤控,10,0,10,高橋-內壢,2023-04-27,5323
3710,連展投控,10,0,10,高橋-內壢,2023-04-27,5323
8403,盛弘,10,0,10,高橋-內壢,2023-04-27,5323
00712,復華富時不動產,9,0,9,高橋-內壢,2023-04-27,5323
6770,力積電,37,30,7,高橋-內壢,2023-04-27,5323
1710,東聯,12,6,6,高橋-內壢,2023-04-27,5323
4128,中天,6,0,6,高橋-內壢,2023-04-27,5323
6142,友勁,6,0,6,高橋-內壢,2023-04-27,5323
6829,千附精密,6,0,6,高橋-內壢,2023-04-27,5323
8936,國統,6,0,6,高橋-內壢,2023-04-27,5323
1760,寶齡富錦,5,0,5,高橋-內壢,2023-04-27,5323
1529,樂事綠能,5,0,5,高橋-內壢,2023-04-27,5323
2104,國際中橡,5,0,5,高橋-內壢,2023-04-27,5323
2409,友達,5,0,5,高橋-內壢,2023-04-27,5323
4960,誠美材,5,0,5,高橋-內壢,2023-04-27,5323
6116,彩晶,5,0,5,高橋-內壢,2023-04-27,5323
6176,瑞儀,5,0,5,高橋-內壢,2023-04-27,5323
1471,首利,5,1,4,高橋-內壢,2023-04-27,5323
6129,普誠,4,0,4,高橋-內壢,2023-04-27,5323
0050,元大台灣50,3,0,3,高橋-內壢,2023-04-27,5323
1783,和康生,3,0,3,高橋-內壢,2023-04-27,5323
1752,南光,5,2,3,高橋-內壢,2023-04-27,5323
1721,三晃,10,7,3,高橋-內壢,2023-04-27,5323
00851,台新全球AI,3,0,3,高橋-內壢,2023-04-27,5323
1810,和成,3,0,3,高橋-內壢,2023-04-27,5323
3406,玉晶光,5,2,3,高橋-內壢,2023-04-27,5323
3437,榮創,3,0,3,高橋-內壢,2023-04-27,5323
4102,永日,3,0,3,高橋-內壢,2023-04-27,5323
2610,華航,277,1,276,高橋-內壢,2023-04-28,5323
1310,台苯,52,1,51,高橋-內壢,2023-04-28,5323
1731,美吾華,31,0,31,高橋-內壢,2023-04-28,5323
5309,系統電,31,0,31,高橋-內壢,2023-04-28,5323
2606,裕民,28,0,28,高橋-內壢,2023-04-28,5323
2409,友達,24,0,24,高橋-內壢,2023-04-28,5323
6282,康舒,50,27,23,高橋-內壢,2023-04-28,5323
3481,群創,21,0,21,高橋-內壢,2023-04-28,5323
00753L,中信中國50正2,20,0,20,高橋-內壢,2023-04-28,5323
2453,凌群,25,5,20,高橋-內壢,2023-04-28,5323
6142,友勁,20,0,20,高橋-內壢,2023-04-28,5323
3715,定穎投控,22,4,18,高橋-內壢,2023-04-28,5323
4961,天鈺,17,1,16,高橋-內壢,2023-04-28,5323
2489,瑞軒,15,0,15,高橋-內壢,2023-04-28,5323
2603,長榮,18,3,15,高橋-內壢,2023-04-28,5323
2880,華南金,14,0,14,高橋-內壢,2023-04-28,5323
3231,緯創,17,3,14,高橋-內壢,2023-04-28,5323
2645,長榮航太,10,0,10,高橋-內壢,2023-04-28,5323
3704,合勤控,10,0,10,高橋-內壢,2023-04-28,5323
2498,宏達電,10,1,9,高橋-內壢,2023-04-28,5323
6244,茂迪,9,0,9,高橋-內壢,2023-04-28,5323
6266,泰詠,9,0,9,高橋-內壢,2023-04-28,5323
3189,景碩,18,10,8,高橋-內壢,2023-04-28,5323
8222,寶一,9,1,8,高橋-內壢,2023-04-28,5323
1712,興農,7,0,7,高橋-內壢,2023-04-28,5323
6269,台郡,7,0,7,高橋-內壢,2023-04-28,5323
8088,品安,7,0,7,高橋-內壢,2023-04-28,5323
1727,中華化,12,6,6,高橋-內壢,2023-04-28,5323
1905,華紙,22,16,6,高橋-內壢,2023-04-28,5323
2617,台航,6,0,6,高橋-內壢,2023-04-28,5323
2882,國泰金,6,0,6,高橋-內壢,2023-04-28,5323
4915,致伸,6,0,6,高橋-內壢,2023-04-28,5323
5425,台半,10,4,6,高橋-內壢,2023-04-28,5323
6829,千附精密,7,1,6,高橋-內壢,2023-04-28,5323
1710,東聯,5,0,5,高橋-內壢,2023-04-28,5323
2049,上銀,5,0,5,高橋-內壢,2023-04-28,5323
2419,仲琦,5,0,5,高橋-內壢,2023-04-28,5323
3006,晶豪科,9,4,5,高橋-內壢,2023-04-28,5323
3071,協禧,11,6,5,高橋-內壢,2023-04-28,5323
3105,穩懋,12,7,5,高橋-內壢,2023-04-28,5323
3289,宜特,6,1,5,高橋-內壢,2023-04-28,5323
3312,弘憶股,5,0,5,高橋-內壢,2023-04-28,5323
5388,中磊,5,0,5,高橋-內壢,2023-04-28,5323
5439,高技,5,0,5,高橋-內壢,2023-04-28,5323
6163,華電網,7,2,5,高橋-內壢,2023-04-28,5323
8438,昶昕,5,0,5,高橋-內壢,2023-04-28,5323
00891,中信關鍵半導體,4,0,4,高橋-內壢,2023-04-28,5323
1907,永豐餘,4,0,4,高橋-內壢,2023-04-28,5323
2030,彰源,4,0,4,高橋-內壢,2023-04-28,5323
2888,新光金,14,10,4,高橋-內壢,2023-04-28,5323
2888,新光金,103,0,103,高橋-內壢,2023-05-02,5323
1417,嘉裕,27,0,27,高橋-內壢,2023-05-02,5323
9919,康那香,26,0,26,高橋-內壢,2023-05-02,5323
1528,恩德,23,0,23,高橋-內壢,2023-05-02,5323
2609,陽明,39,17,22,高橋-內壢,2023-05-02,5323
8093,保銳,20,0,20,高橋-內壢,2023-05-02,5323
2344,華邦電,18,1,17,高橋-內壢,2023-05-02,5323
8478,東哥遊艇,15,0,15,高橋-內壢,2023-05-02,5323
2482,連宇,15,1,14,高橋-內壢,2023-05-02,5323
4934,太極,16,3,13,高橋-內壢,2023-05-02,5323
5284,jpp-KY,12,1,11,高橋-內壢,2023-05-02,5323
2347,聯強,10,0,10,高橋-內壢,2023-05-02,5323
2409,友達,15,5,10,高橋-內壢,2023-05-02,5323
2421,建準,10,0,10,高橋-內壢,2023-05-02,5323
2495,普安,10,0,10,高橋-內壢,2023-05-02,5323
1701,中化,9,0,9,高橋-內壢,2023-05-02,5323
1513,中興電,22,13,9,高橋-內壢,2023-05-02,5323
2108,南帝,10,2,8,高橋-內壢,2023-05-02,5323
2303,聯電,14,6,8,高橋-內壢,2023-05-02,5323
5009,榮剛,10,2,8,高橋-內壢,2023-05-02,5323
6538,倉和,13,5,8,高橋-內壢,2023-05-02,5323
2884,玉山金,8,0,8,高橋-內壢,2023-05-02,5323
00679B,元大美債20年,7,0,7,高橋-內壢,2023-05-02,5323
1815,富喬,7,0,7,高橋-內壢,2023-05-02,5323
3465,進泰電子,7,0,7,高橋-內壢,2023-05-02,5323
8121,越峰,13,6,7,高橋-內壢,2023-05-02,5323
00712,復華富時不動產,6,0,6,高橋-內壢,2023-05-02,5323
1721,三晃,6,0,6,高橋-內壢,2023-05-02,5323
4128,中天,7,1,6,高橋-內壢,2023-05-02,5323
6753,龍德造船,6,0,6,高橋-內壢,2023-05-02,5323
8222,寶一,12,6,6,高橋-內壢,2023-05-02,5323
00632R,元大台灣50反1,15,10,5,高橋-內壢,2023-05-02,5323
2030,彰源,5,0,5,高橋-內壢,2023-05-02,5323
2331,精英,5,0,5,高橋-內壢,2023-05-02,5323
2390,云辰,6,1,5,高橋-內壢,2023-05-02,5323
2413,環科,5,0,5,高橋-內壢,2023-05-02,5323
6234,高僑,5,0,5,高橋-內壢,2023-05-02,5323
6806,森崴能源,9,4,5,高橋-內壢,2023-05-02,5323
8155,博智,5,0,5,高橋-內壢,2023-05-02,5323
3071,協禧,6,1,5,高橋-內壢,2023-05-02,5323
00687B,國泰20年美債,4,0,4,高橋-內壢,2023-05-02,5323
00882,中信中國高股息,18,14,4,高橋-內壢,2023-05-02,5323
1905,華紙,13,9,4,高橋-內壢,2023-05-02,5323
2601,益航,4,0,4,高橋-內壢,2023-05-02,5323
3707,漢磊,4,0,4,高橋-內壢,2023-05-02,5323
6269,台郡,6,2,4,高橋-內壢,2023-05-02,5323
6741,91APP*-KY,4,0,4,高橋-內壢,2023-05-02,5323
8112,至上,4,0,4,高橋-內壢,2023-05-02,5323
9945,潤泰新,4,0,4,高橋-內壢,2023-05-02,5323
5452,佶優,3,0,3,高橋-內壢,2023-05-02,5323
00712,復華富時不動產,113,0,113,高橋-內壢,2023-05-03,5323
3481,群創,59,0,59,高橋-內壢,2023-05-03,5323
2610,華航,58,2,56,高橋-內壢,2023-05-03,5323
6443,元晶,54,2,52,高橋-內壢,2023-05-03,5323
00679B,元大美債20年,52,1,51,高橋-內壢,2023-05-03,5323
2504,國產,38,3,35,高橋-內壢,2023-05-03,5323
00753L,中信中國50正2,27,0,27,高橋-內壢,2023-05-03,5323
5465,富驊,27,0,27,高橋-內壢,2023-05-03,5323
1907,永豐餘,25,0,25,高橋-內壢,2023-05-03,5323
3419,譁裕,28,4,24,高橋-內壢,2023-05-03,5323
2603,長榮,32,9,23,高橋-內壢,2023-05-03,5323
2609,陽明,38,15,23,高橋-內壢,2023-05-03,5323
5009,榮剛,25,3,22,高橋-內壢,2023-05-03,5323
5284,jpp-KY,22,0,22,高橋-內壢,2023-05-03,5323
1734,杏輝,20,0,20,高橋-內壢,2023-05-03,5323
3032,偉訓,17,0,17,高橋-內壢,2023-05-03,5323
1519,華城,22,7,15,高橋-內壢,2023-05-03,5323
1101,台泥,20,9,11,高橋-內壢,2023-05-03,5323
1795,美時,12,1,11,高橋-內壢,2023-05-03,5323
2314,台揚,10,0,10,高橋-內壢,2023-05-03,5323
6179,亞通,10,0,10,高橋-內壢,2023-05-03,5323
6689,伊雲谷,10,0,10,高橋-內壢,2023-05-03,5323
00878,國泰永續高股息,9,0,9,高橋-內壢,2023-05-03,5323
00631L,元大台灣50正2,9,0,9,高橋-內壢,2023-05-03,5323
3006,晶豪科,9,1,8,高橋-內壢,2023-05-03,5323
8093,保銳,8,0,8,高橋-內壢,2023-05-03,5323
2453,凌群,7,0,7,高橋-內壢,2023-05-03,5323
3231,緯創,13,6,7,高橋-內壢,2023-05-03,5323
2027,大成鋼,10,3,7,高橋-內壢,2023-05-03,5323
3704,合勤控,7,0,7,高橋-內壢,2023-05-03,5323
4968,立積,8,1,7,高橋-內壢,2023-05-03,5323
8390,金益鼎,12,5,7,高橋-內壢,2023-05-03,5323
00882,中信中國高股息,6,0,6,高橋-內壢,2023-05-03,5323
00715L,期街口布蘭特正2,6,0,6,高橋-內壢,2023-05-03,5323
2049,上銀,6,0,6,高橋-內壢,2023-05-03,5323
3025,星通,6,0,6,高橋-內壢,2023-05-03,5323
5371,中光電,6,0,6,高橋-內壢,2023-05-03,5323
6125,廣運,6,0,6,高橋-內壢,2023-05-03,5323
8222,寶一,13,7,6,高橋-內壢,2023-05-03,5323
2368,金像電,5,0,5,高橋-內壢,2023-05-03,5323
1451,年興,5,0,5,高橋-內壢,2023-05-03,5323
0056,元大高股息,5,0,5,高橋-內壢,2023-05-03,5323
2104,國際中橡,5,0,5,高橋-內壢,2023-05-03,5323
2313,華通,5,0,5,高橋-內壢,2023-05-03,5323
2886,兆豐金,5,0,5,高橋-內壢,2023-05-03,5323
3004,豐達科,5,0,5,高橋-內壢,2023-05-03,5323
4102,永日,5,0,5,高橋-內壢,2023-05-03,5323
4121,優盛,6,1,5,高橋-內壢,2023-05-03,5323
4909,新復興,5,0,5,高橋-內壢,2023-05-03,5323
2393,億光,5,0,5,高橋-內壢,2023-05-03,5323
6244,茂迪,150,0,150,高橋-內壢,2023-05-04,5323
00642U,期元大S＆P石油,102,0,102,高橋-內壢,2023-05-04,5323
1734,杏輝,82,0,82,高橋-內壢,2023-05-04,5323
2888,新光金,52,0,52,高橋-內壢,2023-05-04,5323
1219,福壽,50,0,50,高橋-內壢,2023-05-04,5323
3093,港建*,33,0,33,高橋-內壢,2023-05-04,5323
2634,漢翔,64,32,32,高橋-內壢,2023-05-04,5323
00679B,元大美債20年,35,4,31,高橋-內壢,2023-05-04,5323
2845,遠東銀,30,0,30,高橋-內壢,2023-05-04,5323
00753L,中信中國50正2,26,0,26,高橋-內壢,2023-05-04,5323
4744,皇將,75,49,26,高橋-內壢,2023-05-04,5323
8478,東哥遊艇,20,0,20,高橋-內壢,2023-05-04,5323
4916,事欣科,20,0,20,高橋-內壢,2023-05-04,5323
3029,零壹,19,0,19,高橋-內壢,2023-05-04,5323
00878,國泰永續高股息,24,8,16,高橋-內壢,2023-05-04,5323
6179,亞通,15,0,15,高橋-內壢,2023-05-04,5323
5284,jpp-KY,14,1,13,高橋-內壢,2023-05-04,5323
6446,藥華藥,13,0,13,高橋-內壢,2023-05-04,5323
8033,雷虎,11,0,11,高橋-內壢,2023-05-04,5323
2022,聚亨,10,0,10,高橋-內壢,2023-05-04,5323
3380,明泰,10,0,10,高橋-內壢,2023-05-04,5323
3710,連展投控,10,0,10,高橋-內壢,2023-05-04,5323
3712,永崴投控,15,6,9,高橋-內壢,2023-05-04,5323
6770,力積電,12,3,9,高橋-內壢,2023-05-04,5323
00715L,期街口布蘭特正2,8,0,8,高橋-內壢,2023-05-04,5323
3545,敦泰,8,0,8,高橋-內壢,2023-05-04,5323
2409,友達,9,2,7,高橋-內壢,2023-05-04,5323
1609,大亞,41,34,7,高橋-內壢,2023-05-04,5323
2457,飛宏,17,10,7,高橋-內壢,2023-05-04,5323
3078,僑威,6,0,6,高橋-內壢,2023-05-04,5323
2313,華通,6,0,6,高橋-內壢,2023-05-04,5323
4114,健喬,10,4,6,高橋-內壢,2023-05-04,5323
8222,寶一,8,2,6,高橋-內壢,2023-05-04,5323
1605,華新,5,0,5,高橋-內壢,2023-05-04,5323
1587,吉茂,5,0,5,高橋-內壢,2023-05-04,5323
1101,台泥,5,0,5,高橋-內壢,2023-05-04,5323
00712,復華富時不動產,6,1,5,高橋-內壢,2023-05-04,5323
1905,華紙,19,14,5,高橋-內壢,2023-05-04,5323
3004,豐達科,5,0,5,高橋-內壢,2023-05-04,5323
3419,譁裕,11,6,5,高橋-內壢,2023-05-04,5323
4915,致伸,6,1,5,高橋-內壢,2023-05-04,5323
5272,笙科,5,0,5,高橋-內壢,2023-05-04,5323
5489,彩富,5,0,5,高橋-內壢,2023-05-04,5323
6443,元晶,8,3,5,高橋-內壢,2023-05-04,5323
8021,尖點,5,0,5,高橋-內壢,2023-05-04,5323
8050,廣積,5,0,5,高橋-內壢,2023-05-04,5323
2489,瑞軒,20,16,4,高橋-內壢,2023-05-04,5323
00772B,中信高評級公司債,4,0,4,高橋-內壢,2023-05-04,5323
2498,宏達電,4,0,4,高橋-內壢,2023-05-04,5323
6266,泰詠,5,1,4,高橋-內壢,2023-05-04,5323
6244,茂迪,205,102,103,高橋-內壢,2023-05-05,5323
4114,健喬,72,0,72,高橋-內壢,2023-05-05,5323
00642U,期元大S＆P石油,55,0,55,高橋-內壢,2023-05-05,5323
2867,三商壽,50,0,50,高橋-內壢,2023-05-05,5323
00878,國泰永續高股息,45,0,45,高橋-內壢,2023-05-05,5323
5009,榮剛,44,0,44,高橋-內壢,2023-05-05,5323
1504,東元,154,117,37,高橋-內壢,2023-05-05,5323
3049,精金,30,0,30,高橋-內壢,2023-05-05,5323
2515,中工,30,4,26,高橋-內壢,2023-05-05,5323
1609,大亞,71,48,23,高橋-內壢,2023-05-05,5323
2889,國票金,20,0,20,高橋-內壢,2023-05-05,5323
00712,復華富時不動產,22,5,17,高橋-內壢,2023-05-05,5323
00720B,元大投資級公司債,17,0,17,高橋-內壢,2023-05-05,5323
00751B,元大AAA至A公司債,15,0,15,高橋-內壢,2023-05-05,5323
3027,盛達,15,0,15,高橋-內壢,2023-05-05,5323
8093,保銳,15,0,15,高橋-內壢,2023-05-05,5323
00679B,元大美債20年,14,0,14,高橋-內壢,2023-05-05,5323
4129,聯合,12,0,12,高橋-內壢,2023-05-05,5323
3499,環天科,10,0,10,高橋-內壢,2023-05-05,5323
00885,富邦越南,10,0,10,高橋-內壢,2023-05-05,5323
1513,中興電,10,0,10,高橋-內壢,2023-05-05,5323
2104,國際中橡,10,0,10,高橋-內壢,2023-05-05,5323
4915,致伸,10,0,10,高橋-內壢,2023-05-05,5323
5263,智崴,10,0,10,高橋-內壢,2023-05-05,5323
6218,豪勉,10,0,10,高橋-內壢,2023-05-05,5323
3078,僑威,8,0,8,高橋-內壢,2023-05-05,5323
1905,華紙,15,7,8,高橋-內壢,2023-05-05,5323
2457,飛宏,19,11,8,高橋-內壢,2023-05-05,5323
2303,聯電,7,0,7,高橋-內壢,2023-05-05,5323
3687,歐買尬,8,1,7,高橋-內壢,2023-05-05,5323
6869,雲豹能源,7,0,7,高橋-內壢,2023-05-05,5323
3705,永信,6,0,6,高橋-內壢,2023-05-05,5323
6282,康舒,9,3,6,高橋-內壢,2023-05-05,5323
8215,明基材,6,0,6,高橋-內壢,2023-05-05,5323
6129,普誠,5,0,5,高橋-內壢,2023-05-05,5323
2353,宏��,5,0,5,高橋-內壢,2023-05-05,5323
2891,中信金,5,0,5,高橋-內壢,2023-05-05,5323
3712,永崴投控,5,0,5,高橋-內壢,2023-05-05,5323
4119,旭富,5,0,5,高橋-內壢,2023-05-05,5323
6167,久正,5,0,5,高橋-內壢,2023-05-05,5323
6179,亞通,5,0,5,高橋-內壢,2023-05-05,5323
6180,橘子,5,0,5,高橋-內壢,2023-05-05,5323
6241,易通展,5,0,5,高橋-內壢,2023-05-05,5323
6472,保瑞,5,0,5,高橋-內壢,2023-05-05,5323
1529,樂事綠能,15,11,4,高橋-內壢,2023-05-05,5323
00830,國泰費城半導體,4,0,4,高橋-內壢,2023-05-05,5323
1460,宏遠,4,0,4,高橋-內壢,2023-05-05,5323
1752,南光,7,3,4,高橋-內壢,2023-05-05,5323
2481,強茂,4,0,4,高橋-內壢,2023-05-05,5323
2611,志信,4,0,4,高橋-內壢,2023-05-05,5323
00878,國泰永續高股息,94,27,67,高橋-內壢,2023-05-08,5323
2883,凱基金,87,51,36,高橋-內壢,2023-05-08,5323
1605,華新,32,0,32,高橋-內壢,2023-05-08,5323
2401,凌陽,30,0,30,高橋-內壢,2023-05-08,5323
3049,精金,45,15,30,高橋-內壢,2023-05-08,5323
3710,連展投控,30,0,30,高橋-內壢,2023-05-08,5323
2812,台中銀,28,0,28,高橋-內壢,2023-05-08,5323
6770,力積電,24,0,24,高橋-內壢,2023-05-08,5323
6218,豪勉,20,0,20,高橋-內壢,2023-05-08,5323
1218,泰山,21,2,19,高橋-內壢,2023-05-08,5323
5263,智崴,19,0,19,高橋-內壢,2023-05-08,5323
2603,長榮,17,1,16,高橋-內壢,2023-05-08,5323
00857B,永豐20年美公債,16,0,16,高橋-內壢,2023-05-08,5323
3324,雙鴻,18,2,16,高橋-內壢,2023-05-08,5323
2889,國票金,16,1,15,高橋-內壢,2023-05-08,5323
2489,瑞軒,40,26,14,高橋-內壢,2023-05-08,5323
2634,漢翔,14,0,14,高橋-內壢,2023-05-08,5323
2455,全新,14,1,13,高橋-內壢,2023-05-08,5323
3005,神基,12,0,12,高橋-內壢,2023-05-08,5323
3576,聯合再生,11,0,11,高橋-內壢,2023-05-08,5323
00715L,期街口布蘭特正2,10,0,10,高橋-內壢,2023-05-08,5323
00881,國泰台灣5G+,10,0,10,高橋-內壢,2023-05-08,5323
2312,金寶,10,0,10,高橋-內壢,2023-05-08,5323
2344,華邦電,18,8,10,高橋-內壢,2023-05-08,5323
3406,玉晶光,10,0,10,高橋-內壢,2023-05-08,5323
3680,家登,10,0,10,高橋-內壢,2023-05-08,5323
2539,櫻花建,9,0,9,高橋-內壢,2023-05-08,5323
2851,中再保,10,1,9,高橋-內壢,2023-05-08,5323
1101,台泥,9,1,8,高橋-內壢,2023-05-08,5323
00751B,元大AAA至A公司債,8,0,8,高橋-內壢,2023-05-08,5323
9103,美德醫療-DR,8,0,8,高橋-內壢,2023-05-08,5323
8093,保銳,20,13,7,高橋-內壢,2023-05-08,5323
2303,聯電,7,1,6,高橋-內壢,2023-05-08,5323
00642U,期元大S＆P石油,6,0,6,高橋-內壢,2023-05-08,5323
2609,陽明,14,8,6,高橋-內壢,2023-05-08,5323
3363,上詮,6,0,6,高橋-內壢,2023-05-08,5323
4171,瑞基,6,0,6,高橋-內壢,2023-05-08,5323
00720B,元大投資級公司債,5,0,5,高橋-內壢,2023-05-08,5323
00753L,中信中國50正2,5,0,5,高橋-內壢,2023-05-08,5323
00795B,中信美國公債20年,5,0,5,高橋-內壢,2023-05-08,5323
00892,富邦台灣半導體,5,0,5,高橋-內壢,2023-05-08,5323
1584,精剛,5,0,5,高橋-內壢,2023-05-08,5323
2009,第一銅,5,0,5,高橋-內壢,2023-05-08,5323
2449,京元電子,5,0,5,高橋-內壢,2023-05-08,5323
3035,智原,9,4,5,高橋-內壢,2023-05-08,5323
3038,全台,5,0,5,高橋-內壢,2023-05-08,5323
3264,欣銓,5,0,5,高橋-內壢,2023-05-08,5323
3703,欣陸,5,0,5,高橋-內壢,2023-05-08,5323
5258,虹堡,5,0,5,高橋-內壢,2023-05-08,5323
6142,友勁,5,0,5,高橋-內壢,2023-05-08,5323
2867,三商壽,155,0,155,高橋-內壢,2023-05-09,5323
6244,茂迪,164,36,128,高橋-內壢,2023-05-09,5323
00687B,國泰20年美債,71,0,71,高橋-內壢,2023-05-09,5323
2812,台中銀,47,0,47,高橋-內壢,2023-05-09,5323
3049,精金,40,0,40,高橋-內壢,2023-05-09,5323
1513,中興電,41,2,39,高橋-內壢,2023-05-09,5323
00720B,元大投資級公司債,34,0,34,高橋-內壢,2023-05-09,5323
00753L,中信中國50正2,31,0,31,高橋-內壢,2023-05-09,5323
8093,保銳,29,0,29,高橋-內壢,2023-05-09,5323
2401,凌陽,20,0,20,高橋-內壢,2023-05-09,5323
2889,國票金,20,0,20,高橋-內壢,2023-05-09,5323
3576,聯合再生,20,0,20,高橋-內壢,2023-05-09,5323
3710,連展投控,20,0,20,高橋-內壢,2023-05-09,5323
2634,漢翔,21,3,18,高橋-內壢,2023-05-09,5323
5302,太欣,18,0,18,高橋-內壢,2023-05-09,5323
00878,國泰永續高股息,17,0,17,高橋-內壢,2023-05-09,5323
1609,大亞,16,0,16,高橋-內壢,2023-05-09,5323
2913,農林,16,0,16,高橋-內壢,2023-05-09,5323
00751B,元大AAA至A公司債,15,0,15,高橋-內壢,2023-05-09,5323
2344,華邦電,15,0,15,高橋-內壢,2023-05-09,5323
6770,力積電,28,13,15,高橋-內壢,2023-05-09,5323
5439,高技,15,1,14,高橋-內壢,2023-05-09,5323
2609,陽明,21,10,11,高橋-內壢,2023-05-09,5323
3704,合勤控,10,0,10,高橋-內壢,2023-05-09,5323
6443,元晶,14,4,10,高橋-內壢,2023-05-09,5323
1904,正隆,10,0,10,高橋-內壢,2023-05-09,5323
1584,精剛,22,13,9,高橋-內壢,2023-05-09,5323
3058,立德,9,0,9,高橋-內壢,2023-05-09,5323
3715,定穎投控,10,1,9,高橋-內壢,2023-05-09,5323
4979,華星光,21,12,9,高橋-內壢,2023-05-09,5323
00772B,中信高評級公司債,9,1,8,高橋-內壢,2023-05-09,5323
2206,三陽工業,12,4,8,高橋-內壢,2023-05-09,5323
2478,大毅,8,0,8,高橋-內壢,2023-05-09,5323
8478,東哥遊艇,10,2,8,高橋-內壢,2023-05-09,5323
1504,東元,229,222,7,高橋-內壢,2023-05-09,5323
3071,協禧,8,1,7,高橋-內壢,2023-05-09,5323
00882,中信中國高股息,16,9,7,高橋-內壢,2023-05-09,5323
1605,華新,15,9,6,高橋-內壢,2023-05-09,5323
2801,彰銀,6,0,6,高橋-內壢,2023-05-09,5323
4128,中天,6,0,6,高橋-內壢,2023-05-09,5323
5465,富驊,6,0,6,高橋-內壢,2023-05-09,5323
1612,宏泰,5,0,5,高橋-內壢,2023-05-09,5323
1218,泰山,6,1,5,高橋-內壢,2023-05-09,5323
2393,億光,5,0,5,高橋-內壢,2023-05-09,5323
2601,益航,5,0,5,高橋-內壢,2023-05-09,5323
3013,晟銘電,5,0,5,高橋-內壢,2023-05-09,5323
3501,維熹,5,0,5,高橋-內壢,2023-05-09,5323
3630,新鉅科,5,0,5,高橋-內壢,2023-05-09,5323
4129,聯合,5,0,5,高橋-內壢,2023-05-09,5323
5289,宜鼎,5,0,5,高橋-內壢,2023-05-09,5323
00665L,富邦�琤肭磪囓�2,100,0,100,高橋-內壢,2023-05-10,5323
2618,長榮航,462,376,86,高橋-內壢,2023-05-10,5323
4121,優盛,44,1,43,高橋-內壢,2023-05-10,5323
5302,太欣,41,0,41,高橋-內壢,2023-05-10,5323
2897,王道銀行,40,0,40,高橋-內壢,2023-05-10,5323
4979,華星光,36,4,32,高橋-內壢,2023-05-10,5323
6770,力積電,31,0,31,高橋-內壢,2023-05-10,5323
2489,瑞軒,32,4,28,高橋-內壢,2023-05-10,5323
1609,大亞,31,4,27,高橋-內壢,2023-05-10,5323
00687B,國泰20年美債,18,0,18,高橋-內壢,2023-05-10,5323
2303,聯電,19,1,18,高橋-內壢,2023-05-10,5323
1519,華城,15,0,15,高橋-內壢,2023-05-10,5323
6245,立端,14,1,13,高橋-內壢,2023-05-10,5323
3058,立德,13,1,12,高橋-內壢,2023-05-10,5323
00753L,中信中國50正2,11,0,11,高橋-內壢,2023-05-10,5323
8403,盛弘,20,9,11,高橋-內壢,2023-05-10,5323
2105,正新,10,0,10,高橋-內壢,2023-05-10,5323
2317,鴻海,10,0,10,高橋-內壢,2023-05-10,5323
6179,亞通,10,0,10,高橋-內壢,2023-05-10,5323
3231,緯創,10,1,9,高橋-內壢,2023-05-10,5323
00715L,期街口布蘭特正2,9,0,9,高橋-內壢,2023-05-10,5323
2606,裕民,10,1,9,高橋-內壢,2023-05-10,5323
3013,晟銘電,10,2,8,高橋-內壢,2023-05-10,5323
2368,金像電,10,2,8,高橋-內壢,2023-05-10,5323
3025,星通,8,0,8,高橋-內壢,2023-05-10,5323
6185,幃翔,11,3,8,高橋-內壢,2023-05-10,5323
6547,高端疫苗,9,1,8,高橋-內壢,2023-05-10,5323
2330,台積電,7,0,7,高橋-內壢,2023-05-10,5323
5410,國眾,7,0,7,高橋-內壢,2023-05-10,5323
00712,復華富時不動產,7,0,7,高橋-內壢,2023-05-10,5323
2385,群光,5,0,5,高橋-內壢,2023-05-10,5323
2387,精元,5,0,5,高橋-內壢,2023-05-10,5323
2419,仲琦,5,0,5,高橋-內壢,2023-05-10,5323
2431,聯昌,5,0,5,高橋-內壢,2023-05-10,5323
2515,中工,5,0,5,高橋-內壢,2023-05-10,5323
3617,碩天,5,0,5,高橋-內壢,2023-05-10,5323
5301,寶得利,5,0,5,高橋-內壢,2023-05-10,5323
6416,瑞祺電通,5,0,5,高橋-內壢,2023-05-10,5323
8436,大江,5,0,5,高橋-內壢,2023-05-10,5323
911868,同方友友-DR,5,0,5,高橋-內壢,2023-05-10,5323
00830,國泰費城半導體,4,0,4,高橋-內壢,2023-05-10,5323
2449,京元電子,4,0,4,高橋-內壢,2023-05-10,5323
3481,群創,4,0,4,高橋-內壢,2023-05-10,5323
4130,健亞,6,2,4,高橋-內壢,2023-05-10,5323
5475,德宏,4,0,4,高橋-內壢,2023-05-10,5323
6112,邁達特,4,0,4,高橋-內壢,2023-05-10,5323
6244,茂迪,4,0,4,高橋-內壢,2023-05-10,5323
8016,矽創,5,1,4,高橋-內壢,2023-05-10,5323
0056,元大高股息,3,0,3,高橋-內壢,2023-05-10,5323
00882,中信中國高股息,38,35,3,高橋-內壢,2023-05-10,5323
2888,新光金,155,0,155,高橋-內壢,2023-05-11,5323
2610,華航,78,7,71,高橋-內壢,2023-05-11,5323
5309,系統電,57,0,57,高橋-內壢,2023-05-11,5323
2615,萬海,96,40,56,高橋-內壢,2023-05-11,5323
5302,太欣,44,0,44,高橋-內壢,2023-05-11,5323
4744,皇將,56,20,36,高橋-內壢,2023-05-11,5323
2409,友達,34,0,34,高橋-內壢,2023-05-11,5323
00885,富邦越南,31,0,31,高橋-內壢,2023-05-11,5323
1609,大亞,34,5,29,高橋-內壢,2023-05-11,5323
6615,慧智,27,0,27,高橋-內壢,2023-05-11,5323
00878,國泰永續高股息,27,1,26,高橋-內壢,2023-05-11,5323
2022,聚亨,32,6,26,高橋-內壢,2023-05-11,5323
00715L,期街口布蘭特正2,25,0,25,高橋-內壢,2023-05-11,5323
2889,國票金,25,0,25,高橋-內壢,2023-05-11,5323
6156,松上,25,0,25,高橋-內壢,2023-05-11,5323
2812,台中銀,28,5,23,高橋-內壢,2023-05-11,5323
1447,力鵬,22,0,22,高橋-內壢,2023-05-11,5323
1584,精剛,20,0,20,高橋-內壢,2023-05-11,5323
2344,華邦電,20,0,20,高橋-內壢,2023-05-11,5323
3710,連展投控,20,0,20,高橋-內壢,2023-05-11,5323
2489,瑞軒,23,5,18,高橋-內壢,2023-05-11,5323
1605,華新,16,0,16,高橋-內壢,2023-05-11,5323
2618,長榮航,24,9,15,高橋-內壢,2023-05-11,5323
3481,群創,12,0,12,高橋-內壢,2023-05-11,5323
2027,大成鋼,11,0,11,高橋-內壢,2023-05-11,5323
4919,新唐,11,0,11,高橋-內壢,2023-05-11,5323
9907,統一實,11,0,11,高橋-內壢,2023-05-11,5323
2492,華新科,11,1,10,高橋-內壢,2023-05-11,5323
00902,中信電池及儲能,10,0,10,高橋-內壢,2023-05-11,5323
00780B,國泰A級金融債,10,0,10,高橋-內壢,2023-05-11,5323
2401,凌陽,10,0,10,高橋-內壢,2023-05-11,5323
2601,益航,10,0,10,高橋-內壢,2023-05-11,5323
2884,玉山金,10,0,10,高橋-內壢,2023-05-11,5323
6276,安鈦克,10,0,10,高橋-內壢,2023-05-11,5323
8277,商丞,10,0,10,高橋-內壢,2023-05-11,5323
00712,復華富時不動產,12,3,9,高橋-內壢,2023-05-11,5323
2034,允強,9,0,9,高橋-內壢,2023-05-11,5323
8421,旭源,9,0,9,高橋-內壢,2023-05-11,5323
1752,南光,8,0,8,高橋-內壢,2023-05-11,5323
2367,燿華,8,0,8,高橋-內壢,2023-05-11,5323
2388,威盛,8,0,8,高橋-內壢,2023-05-11,5323
3038,全台,8,0,8,高橋-內壢,2023-05-11,5323
4503,金雨,9,1,8,高橋-內壢,2023-05-11,5323
4906,正文,8,0,8,高橋-內壢,2023-05-11,5323
4979,華星光,12,4,8,高橋-內壢,2023-05-11,5323
3078,僑威,7,0,7,高橋-內壢,2023-05-11,5323
6443,元晶,7,0,7,高橋-內壢,2023-05-11,5323
6770,力積電,17,10,7,高橋-內壢,2023-05-11,5323
1108,幸福,6,0,6,高橋-內壢,2023-05-11,5323
2634,漢翔,35,29,6,高橋-內壢,2023-05-11,5323
2489,瑞軒,101,1,100,高橋-內壢,2023-05-12,5323
2888,新光金,75,0,75,高橋-內壢,2023-05-12,5323
2615,萬海,62,10,52,高橋-內壢,2023-05-12,5323
00665L,富邦�琤肭磪囓�2,50,0,50,高橋-內壢,2023-05-12,5323
2014,中鴻,50,0,50,高橋-內壢,2023-05-12,5323
00882,中信中國高股息,29,0,29,高橋-內壢,2023-05-12,5323
00679B,元大美債20年,35,10,25,高橋-內壢,2023-05-12,5323
2812,台中銀,20,0,20,高橋-內壢,2023-05-12,5323
2891,中信金,22,2,20,高橋-內壢,2023-05-12,5323
2618,長榮航,20,1,19,高橋-內壢,2023-05-12,5323
1514,亞力,23,6,17,高橋-內壢,2023-05-12,5323
6443,元晶,15,2,13,高橋-內壢,2023-05-12,5323
2610,華航,12,0,12,高橋-內壢,2023-05-12,5323
2603,長榮,11,0,11,高橋-內壢,2023-05-12,5323
3576,聯合再生,11,0,11,高橋-內壢,2023-05-12,5323
3702,大聯大,11,0,11,高橋-內壢,2023-05-12,5323
6285,啟��,11,0,11,高橋-內壢,2023-05-12,5323
1101,台泥,10,0,10,高橋-內壢,2023-05-12,5323
00662,富邦NASDAQ,10,0,10,高橋-內壢,2023-05-12,5323
00720B,元大投資級公司債,10,0,10,高橋-內壢,2023-05-12,5323
00715L,期街口布蘭特正2,12,2,10,高橋-內壢,2023-05-12,5323
1504,東元,12,2,10,高橋-內壢,2023-05-12,5323
1434,福懋,10,0,10,高橋-內壢,2023-05-12,5323
2312,金寶,10,0,10,高橋-內壢,2023-05-12,5323
2409,友達,10,0,10,高橋-內壢,2023-05-12,5323
3011,今皓,10,0,10,高橋-內壢,2023-05-12,5323
5245,智晶,10,0,10,高橋-內壢,2023-05-12,5323
6142,友勁,10,0,10,高橋-內壢,2023-05-12,5323
9105,泰金寶-DR,10,0,10,高橋-內壢,2023-05-12,5323
2515,中工,10,1,9,高橋-內壢,2023-05-12,5323
3481,群創,13,4,9,高橋-內壢,2023-05-12,5323
8033,雷虎,9,1,8,高橋-內壢,2023-05-12,5323
2890,永豐金,8,0,8,高橋-內壢,2023-05-12,5323
6241,易通展,8,0,8,高橋-內壢,2023-05-12,5323
1529,樂事綠能,9,2,7,高橋-內壢,2023-05-12,5323
00902,中信電池及儲能,10,3,7,高橋-內壢,2023-05-12,5323
00895,富邦未來車,5,0,5,高橋-內壢,2023-05-12,5323
2354,鴻準,5,0,5,高橋-內壢,2023-05-12,5323
3028,增你強,5,0,5,高橋-內壢,2023-05-12,5323
4979,華星光,8,3,5,高橋-內壢,2023-05-12,5323
2317,鴻海,15,11,4,高橋-內壢,2023-05-12,5323
9945,潤泰新,4,0,4,高橋-內壢,2023-05-12,5323
1605,華新,8,4,4,高橋-內壢,2023-05-12,5323
2303,聯電,10,6,4,高橋-內壢,2023-05-12,5323
2471,資通,4,0,4,高橋-內壢,2023-05-12,5323
2606,裕民,4,0,4,高橋-內壢,2023-05-12,5323
3592,瑞鼎,4,0,4,高橋-內壢,2023-05-12,5323
4967,十銓,4,0,4,高橋-內壢,2023-05-12,5323
5608,四維航,4,0,4,高橋-內壢,2023-05-12,5323
6269,台郡,4,0,4,高橋-內壢,2023-05-12,5323
2867,三商壽,100,0,100,高橋-內壢,2023-05-15,5323
6116,彩晶,50,0,50,高橋-內壢,2023-05-15,5323
00878,國泰永續高股息,42,0,42,高橋-內壢,2023-05-15,5323
8176,智捷,38,0,38,高橋-內壢,2023-05-15,5323
00752,中信中國50,36,0,36,高橋-內壢,2023-05-15,5323
2303,聯電,27,0,27,高橋-內壢,2023-05-15,5323
00720B,元大投資級公司債,25,0,25,高橋-內壢,2023-05-15,5323
00679B,元大美債20年,26,3,23,高橋-內壢,2023-05-15,5323
2382,廣達,22,1,21,高橋-內壢,2023-05-15,5323
2401,凌陽,20,0,20,高橋-內壢,2023-05-15,5323
3376,新日興,20,0,20,高橋-內壢,2023-05-15,5323
00642U,期元大S＆P石油,15,0,15,高橋-內壢,2023-05-15,5323
3231,緯創,15,2,13,高橋-內壢,2023-05-15,5323
2603,長榮,13,2,11,高橋-內壢,2023-05-15,5323
3014,聯陽,12,1,11,高橋-內壢,2023-05-15,5323
4744,皇將,11,0,11,高橋-內壢,2023-05-15,5323
2317,鴻海,10,0,10,高橋-內壢,2023-05-15,5323
6163,華電網,10,0,10,高橋-內壢,2023-05-15,5323
00882,中信中國高股息,16,6,10,高橋-內壢,2023-05-15,5323
00923,群益台ESG低碳50,10,0,10,高橋-內壢,2023-05-15,5323
1473,台南,10,0,10,高橋-內壢,2023-05-15,5323
1909,榮成,10,0,10,高橋-內壢,2023-05-15,5323
2888,新光金,10,0,10,高橋-內壢,2023-05-15,5323
4155,訊映,10,0,10,高橋-內壢,2023-05-15,5323
6188,廣明,10,0,10,高橋-內壢,2023-05-15,5323
8478,東哥遊艇,15,5,10,高橋-內壢,2023-05-15,5323
6733,博晟生醫,10,1,9,高橋-內壢,2023-05-15,5323
2371,大同,27,19,8,高橋-內壢,2023-05-15,5323
6112,邁達特,8,0,8,高橋-內壢,2023-05-15,5323
3025,星通,7,0,7,高橋-內壢,2023-05-15,5323
2314,台揚,6,0,6,高橋-內壢,2023-05-15,5323
2615,萬海,66,60,6,高橋-內壢,2023-05-15,5323
3591,艾笛森,6,0,6,高橋-內壢,2023-05-15,5323
4123,晟德,7,1,6,高橋-內壢,2023-05-15,5323
5434,崇越,6,0,6,高橋-內壢,2023-05-15,5323
00687B,國泰20年美債,5,0,5,高橋-內壢,2023-05-15,5323
00715L,期街口布蘭特正2,5,0,5,高橋-內壢,2023-05-15,5323
00751B,元大AAA至A公司債,5,0,5,高橋-內壢,2023-05-15,5323
1605,華新,9,4,5,高橋-內壢,2023-05-15,5323
1905,華紙,8,3,5,高橋-內壢,2023-05-15,5323
3047,訊舟,5,0,5,高橋-內壢,2023-05-15,5323
6142,友勁,5,0,5,高橋-內壢,2023-05-15,5323
1587,吉茂,4,0,4,高橋-內壢,2023-05-15,5323
5284,jpp-KY,14,10,4,高橋-內壢,2023-05-15,5323
6244,茂迪,6,2,4,高橋-內壢,2023-05-15,5323
6589,台康生技,4,0,4,高橋-內壢,2023-05-15,5323
8112,至上,5,1,4,高橋-內壢,2023-05-15,5323
1513,中興電,5,2,3,高橋-內壢,2023-05-15,5323
00772B,中信高評級公司債,3,0,3,高橋-內壢,2023-05-15,5323
1314,中石化,8,5,3,高橋-內壢,2023-05-15,5323
00753L,中信中國50正2,84,5,79,高橋-內壢,2023-05-16,5323
00679B,元大美債20年,26,0,26,高橋-內壢,2023-05-16,5323
2609,陽明,33,9,24,高橋-內壢,2023-05-16,5323
2897A,王道銀甲特,24,0,24,高橋-內壢,2023-05-16,5323
00720B,元大投資級公司債,21,0,21,高橋-內壢,2023-05-16,5323
2022,聚亨,20,0,20,高橋-內壢,2023-05-16,5323
1709,和益,17,0,17,高橋-內壢,2023-05-16,5323
00712,復華富時不動產,16,0,16,高橋-內壢,2023-05-16,5323
1608,華榮,18,2,16,高橋-內壢,2023-05-16,5323
3324,雙鴻,16,0,16,高橋-內壢,2023-05-16,5323
00900,富邦特選高股息30,15,0,15,高橋-內壢,2023-05-16,5323
2337,旺宏,13,0,13,高橋-內壢,2023-05-16,5323
2634,漢翔,14,1,13,高橋-內壢,2023-05-16,5323
2317,鴻海,13,1,12,高橋-內壢,2023-05-16,5323
6122,擎邦,18,7,11,高橋-內壢,2023-05-16,5323
2734,易飛網,14,3,11,高橋-內壢,2023-05-16,5323
4919,新唐,10,0,10,高橋-內壢,2023-05-16,5323
00888,永豐台灣ESG,10,0,10,高橋-內壢,2023-05-16,5323
2401,凌陽,10,0,10,高橋-內壢,2023-05-16,5323
2855,統一證,10,0,10,高橋-內壢,2023-05-16,5323
4155,訊映,10,0,10,高橋-內壢,2023-05-16,5323
8091,翔名,10,0,10,高橋-內壢,2023-05-16,5323
6235,華孚,13,4,9,高橋-內壢,2023-05-16,5323
8112,至上,10,1,9,高橋-內壢,2023-05-16,5323
3710,連展投控,8,0,8,高橋-內壢,2023-05-16,5323
8093,保銳,8,0,8,高橋-內壢,2023-05-16,5323
2603,長榮,7,0,7,高橋-內壢,2023-05-16,5323
6218,豪勉,7,0,7,高橋-內壢,2023-05-16,5323
00715L,期街口布蘭特正2,7,0,7,高橋-內壢,2023-05-16,5323
2610,華航,8,1,7,高橋-內壢,2023-05-16,5323
1752,南光,6,0,6,高橋-內壢,2023-05-16,5323
5258,虹堡,7,1,6,高橋-內壢,2023-05-16,5323
00751B,元大AAA至A公司債,5,0,5,高橋-內壢,2023-05-16,5323
5410,國眾,5,0,5,高橋-內壢,2023-05-16,5323
6196,帆宣,5,0,5,高橋-內壢,2023-05-16,5323
6531,愛普*,5,0,5,高橋-內壢,2023-05-16,5323
2929,淘帝-KY,4,0,4,高橋-內壢,2023-05-16,5323
9928,中視,4,0,4,高橋-內壢,2023-05-16,5323
1519,華城,5,2,3,高橋-內壢,2023-05-16,5323
00687B,國泰20年美債,3,0,3,高橋-內壢,2023-05-16,5323
5285,界霖,4,1,3,高橋-內壢,2023-05-16,5323
6180,橘子,3,0,3,高橋-內壢,2023-05-16,5323
6568,宏觀,3,0,3,高橋-內壢,2023-05-16,5323
6733,博晟生醫,3,0,3,高橋-內壢,2023-05-16,5323
9907,統一實,3,0,3,高橋-內壢,2023-05-16,5323
8358,金居,2,0,2,高橋-內壢,2023-05-16,5323
1101,台泥,5,3,2,高橋-內壢,2023-05-16,5323
1447,力鵬,2,0,2,高橋-內壢,2023-05-16,5323
1444,力麗,2,0,2,高橋-內壢,2023-05-16,5323
1402,遠東新,2,0,2,高橋-內壢,2023-05-16,5323
1608,華榮,501,0,501,高橋-內壢,2023-05-17,5323
6244,茂迪,108,0,108,高橋-內壢,2023-05-17,5323
2610,華航,50,4,46,高橋-內壢,2023-05-17,5323
00632R,元大台灣50反1,45,0,45,高橋-內壢,2023-05-17,5323
2402,毅嘉,37,0,37,高橋-內壢,2023-05-17,5323
5465,富驊,20,0,20,高橋-內壢,2023-05-17,5323
8261,富鼎,20,0,20,高橋-內壢,2023-05-17,5323
00712,復華富時不動產,19,0,19,高橋-內壢,2023-05-17,5323
5531,鄉林,19,2,17,高橋-內壢,2023-05-17,5323
6206,飛捷,15,0,15,高橋-內壢,2023-05-17,5323
1513,中興電,16,2,14,高橋-內壢,2023-05-17,5323
3289,宜特,12,0,12,高橋-內壢,2023-05-17,5323
2105,正新,11,0,11,高橋-內壢,2023-05-17,5323
2317,鴻海,14,3,11,高橋-內壢,2023-05-17,5323
2453,凌群,11,0,11,高橋-內壢,2023-05-17,5323
2471,資通,11,0,11,高橋-內壢,2023-05-17,5323
2498,宏達電,12,1,11,高橋-內壢,2023-05-17,5323
3715,定穎投控,12,1,11,高橋-內壢,2023-05-17,5323
00690,兆豐藍籌30,10,0,10,高橋-內壢,2023-05-17,5323
2515,中工,10,0,10,高橋-內壢,2023-05-17,5323
3217,優群,10,0,10,高橋-內壢,2023-05-17,5323
3624,光頡,10,0,10,高橋-內壢,2023-05-17,5323
4155,訊映,10,0,10,高橋-內壢,2023-05-17,5323
8016,矽創,10,0,10,高橋-內壢,2023-05-17,5323
2891,中信金,10,1,9,高橋-內壢,2023-05-17,5323
2457,飛宏,20,12,8,高橋-內壢,2023-05-17,5323
6625,必應,10,2,8,高橋-內壢,2023-05-17,5323
00882,中信中國高股息,7,0,7,高橋-內壢,2023-05-17,5323
6284,佳邦,7,0,7,高橋-內壢,2023-05-17,5323
8446,華研,7,0,7,高橋-內壢,2023-05-17,5323
00720B,元大投資級公司債,6,0,6,高橋-內壢,2023-05-17,5323
0056,元大高股息,6,1,5,高橋-內壢,2023-05-17,5323
1714,和桐,5,0,5,高橋-內壢,2023-05-17,5323
2313,華通,5,0,5,高橋-內壢,2023-05-17,5323
2442,新美齊,5,0,5,高橋-內壢,2023-05-17,5323
2495,普安,5,0,5,高橋-內壢,2023-05-17,5323
4148,全宇生技-KY,5,0,5,高橋-內壢,2023-05-17,5323
6176,瑞儀,5,0,5,高橋-內壢,2023-05-17,5323
6770,力積電,6,1,5,高橋-內壢,2023-05-17,5323
00670L,富邦NASDAQ正2,4,0,4,高橋-內壢,2023-05-17,5323
00900,富邦特選高股息30,4,0,4,高橋-內壢,2023-05-17,5323
2337,旺宏,4,0,4,高橋-內壢,2023-05-17,5323
4977,眾達-KY,4,0,4,高橋-內壢,2023-05-17,5323
6547,高端疫苗,6,2,4,高橋-內壢,2023-05-17,5323
2731,雄獅,4,1,3,高橋-內壢,2023-05-17,5323
2603,長榮,3,0,3,高橋-內壢,2023-05-17,5323
2601,益航,3,0,3,高橋-內壢,2023-05-17,5323
2609,陽明,6,3,3,高橋-內壢,2023-05-17,5323
3308,聯德,3,0,3,高橋-內壢,2023-05-17,5323
3693,營邦,5,2,3,高橋-內壢,2023-05-17,5323
00676R,富邦臺灣加權反1,350,0,350,高橋-內壢,2023-05-18,5323
2014,中鴻,102,10,92,高橋-內壢,2023-05-18,5323
00632R,元大台灣50反1,57,0,57,高橋-內壢,2023-05-18,5323
6244,茂迪,120,65,55,高橋-內壢,2023-05-18,5323
3141,晶宏,35,0,35,高橋-內壢,2023-05-18,5323
2515,中工,20,0,20,高橋-內壢,2023-05-18,5323
3362,先進光,21,3,18,高橋-內壢,2023-05-18,5323
00720B,元大投資級公司債,17,0,17,高橋-內壢,2023-05-18,5323
00712,復華富時不動產,18,1,17,高橋-內壢,2023-05-18,5323
2603,長榮,18,3,15,高橋-內壢,2023-05-18,5323
3217,優群,24,10,14,高橋-內壢,2023-05-18,5323
3576,聯合再生,20,8,12,高橋-內壢,2023-05-18,5323
4979,華星光,12,0,12,高橋-內壢,2023-05-18,5323
1608,華榮,10,0,10,高橋-內壢,2023-05-18,5323
6116,彩晶,10,0,10,高橋-內壢,2023-05-18,5323
8033,雷虎,10,0,10,高橋-內壢,2023-05-18,5323
8446,華研,11,1,10,高橋-內壢,2023-05-18,5323
9928,中視,10,0,10,高橋-內壢,2023-05-18,5323
1617,榮星,11,2,9,高橋-內壢,2023-05-18,5323
8478,東哥遊艇,9,0,9,高橋-內壢,2023-05-18,5323
1584,精剛,15,7,8,高橋-內壢,2023-05-18,5323
4961,天鈺,8,0,8,高橋-內壢,2023-05-18,5323
6770,力積電,18,11,7,高橋-內壢,2023-05-18,5323
3056,富華新,6,0,6,高橋-內壢,2023-05-18,5323
00690,兆豐藍籌30,6,0,6,高橋-內壢,2023-05-18,5323
3037,欣興,10,4,6,高橋-內壢,2023-05-18,5323
3232,昱捷,6,0,6,高橋-內壢,2023-05-18,5323
6547,高端疫苗,6,0,6,高橋-內壢,2023-05-18,5323
8050,廣積,6,0,6,高橋-內壢,2023-05-18,5323
1310,台苯,5,0,5,高橋-內壢,2023-05-18,5323
00885,富邦越南,5,0,5,高橋-內壢,2023-05-18,5323
1569,濱川,5,0,5,高橋-內壢,2023-05-18,5323
6122,擎邦,6,1,5,高橋-內壢,2023-05-18,5323
6152,百一,5,0,5,高橋-內壢,2023-05-18,5323
6191,精成科,7,2,5,高橋-內壢,2023-05-18,5323
6209,今國光,5,0,5,高橋-內壢,2023-05-18,5323
6266,泰詠,5,0,5,高橋-內壢,2023-05-18,5323
00687B,國泰20年美債,4,0,4,高橋-內壢,2023-05-18,5323
00751B,元大AAA至A公司債,4,0,4,高橋-內壢,2023-05-18,5323
1616,億泰,4,0,4,高橋-內壢,2023-05-18,5323
1708,東鹼,4,0,4,高橋-內壢,2023-05-18,5323
2409,友達,4,0,4,高橋-內壢,2023-05-18,5323
2809,京城銀,4,0,4,高橋-內壢,2023-05-18,5323
2881,富邦金,20,16,4,高橋-內壢,2023-05-18,5323
2913,農林,4,0,4,高橋-內壢,2023-05-18,5323
3711,日月光投控,12,8,4,高橋-內壢,2023-05-18,5323
00876,元大全球5G,3,0,3,高橋-內壢,2023-05-18,5323
2332,友訊,3,0,3,高橋-內壢,2023-05-18,5323
3036,文曄,3,0,3,高橋-內壢,2023-05-18,5323
3308,聯德,3,0,3,高橋-內壢,2023-05-18,5323
00676R,富邦臺灣加權反1,200,0,200,高橋-內壢,2023-05-19,5323
2634,漢翔,54,3,51,高橋-內壢,2023-05-19,5323
1905,華紙,58,8,50,高橋-內壢,2023-05-19,5323
00665L,富邦�琤肭磪囓�2,35,0,35,高橋-內壢,2023-05-19,5323
3707,漢磊,30,0,30,高橋-內壢,2023-05-19,5323
00679B,元大美債20年,33,4,29,高橋-內壢,2023-05-19,5323
2402,毅嘉,29,3,26,高橋-內壢,2023-05-19,5323
00687B,國泰20年美債,23,0,23,高橋-內壢,2023-05-19,5323
5009,榮剛,25,2,23,高橋-內壢,2023-05-19,5323
3363,上詮,19,3,16,高橋-內壢,2023-05-19,5323
00712,復華富時不動產,16,1,15,高橋-內壢,2023-05-19,5323
00690,兆豐藍籌30,15,0,15,高橋-內壢,2023-05-19,5323
00753L,中信中國50正2,14,0,14,高橋-內壢,2023-05-19,5323
1584,精剛,20,6,14,高橋-內壢,2023-05-19,5323
00720B,元大投資級公司債,13,0,13,高橋-內壢,2023-05-19,5323
1514,亞力,22,9,13,高橋-內壢,2023-05-19,5323
2457,飛宏,13,0,13,高橋-內壢,2023-05-19,5323
3710,連展投控,12,0,12,高橋-內壢,2023-05-19,5323
6243,迅杰,12,0,12,高橋-內壢,2023-05-19,5323
1101,台泥,11,0,11,高橋-內壢,2023-05-19,5323
00632R,元大台灣50反1,11,0,11,高橋-內壢,2023-05-19,5323
1909,榮成,11,0,11,高橋-內壢,2023-05-19,5323
5258,虹堡,13,2,11,高橋-內壢,2023-05-19,5323
6244,茂迪,126,115,11,高橋-內壢,2023-05-19,5323
6509,聚和,11,0,11,高橋-內壢,2023-05-19,5323
00637L,元大滬深300正2,10,0,10,高橋-內壢,2023-05-19,5323
1605,華新,11,1,10,高橋-內壢,2023-05-19,5323
2342,茂矽,10,0,10,高橋-內壢,2023-05-19,5323
2356,英業達,11,1,10,高橋-內壢,2023-05-19,5323
4744,皇將,10,0,10,高橋-內壢,2023-05-19,5323
4906,正文,10,0,10,高橋-內壢,2023-05-19,5323
6285,啟��,9,0,9,高橋-內壢,2023-05-19,5323
6532,瑞耘,9,0,9,高橋-內壢,2023-05-19,5323
1504,東元,22,14,8,高橋-內壢,2023-05-19,5323
1513,中興電,39,31,8,高橋-內壢,2023-05-19,5323
00882,中信中國高股息,12,5,7,高橋-內壢,2023-05-19,5323
1711,永光,8,1,7,高橋-內壢,2023-05-19,5323
6531,愛普*,7,0,7,高橋-內壢,2023-05-19,5323
1708,東鹼,7,1,6,高橋-內壢,2023-05-19,5323
2881,富邦金,8,2,6,高橋-內壢,2023-05-19,5323
6547,高端疫苗,9,3,6,高橋-內壢,2023-05-19,5323
3029,零壹,8,3,5,高橋-內壢,2023-05-19,5323
1529,樂事綠能,7,2,5,高橋-內壢,2023-05-19,5323
2468,華經,7,2,5,高橋-內壢,2023-05-19,5323
2515,中工,5,0,5,高橋-內壢,2023-05-19,5323
2615,萬海,5,0,5,高橋-內壢,2023-05-19,5323
2734,易飛網,6,1,5,高橋-內壢,2023-05-19,5323
3037,欣興,6,1,5,高橋-內壢,2023-05-19,5323
3071,協禧,5,0,5,高橋-內壢,2023-05-19,5323
3260,威剛,5,0,5,高橋-內壢,2023-05-19,5323
6244,茂迪,113,21,92,高橋-內壢,2023-05-22,5323
2303,聯電,65,4,61,高橋-內壢,2023-05-22,5323
2634,漢翔,57,8,49,高橋-內壢,2023-05-22,5323
3706,神達,43,5,38,高橋-內壢,2023-05-22,5323
4173,久裕,38,0,38,高橋-內壢,2023-05-22,5323
1314,中石化,36,0,36,高橋-內壢,2023-05-22,5323
3605,宏致,35,0,35,高橋-內壢,2023-05-22,5323
00679B,元大美債20年,28,1,27,高橋-內壢,2023-05-22,5323
6245,立端,25,1,24,高橋-內壢,2023-05-22,5323
6243,迅杰,25,2,23,高橋-內壢,2023-05-22,5323
1504,東元,22,4,18,高橋-內壢,2023-05-22,5323
00795B,中信美國公債20年,14,0,14,高橋-內壢,2023-05-22,5323
00751B,元大AAA至A公司債,12,0,12,高橋-內壢,2023-05-22,5323
2442,新美齊,13,1,12,高橋-內壢,2023-05-22,5323
00853B,統一美債10年Aa-,11,0,11,高橋-內壢,2023-05-22,5323
00687B,國泰20年美債,11,0,11,高橋-內壢,2023-05-22,5323
2455,全新,11,0,11,高橋-內壢,2023-05-22,5323
1809,中釉,10,0,10,高橋-內壢,2023-05-22,5323
2022,聚亨,10,0,10,高橋-內壢,2023-05-22,5323
2439,美律,12,2,10,高橋-內壢,2023-05-22,5323
2736,富野,10,0,10,高橋-內壢,2023-05-22,5323
4744,皇將,10,0,10,高橋-內壢,2023-05-22,5323
6770,力積電,12,2,10,高橋-內壢,2023-05-22,5323
00720B,元大投資級公司債,9,0,9,高橋-內壢,2023-05-22,5323
00882,中信中國高股息,10,2,8,高橋-內壢,2023-05-22,5323
2498,宏達電,12,4,8,高橋-內壢,2023-05-22,5323
3228,金麗科,8,0,8,高橋-內壢,2023-05-22,5323
1605,華新,8,1,7,高橋-內壢,2023-05-22,5323
00690,兆豐藍籌30,6,0,6,高橋-內壢,2023-05-22,5323
8112,至上,6,0,6,高橋-內壢,2023-05-22,5323
8926,台汽電,6,0,6,高橋-內壢,2023-05-22,5323
4746,台耀,6,0,6,高橋-內壢,2023-05-22,5323
00878,國泰永續高股息,7,2,5,高橋-內壢,2023-05-22,5323
2701,萬企,5,0,5,高橋-內壢,2023-05-22,5323
2734,易飛網,10,5,5,高橋-內壢,2023-05-22,5323
3006,晶豪科,5,0,5,高橋-內壢,2023-05-22,5323
3209,全科,5,0,5,高橋-內壢,2023-05-22,5323
6753,龍德造船,5,0,5,高橋-內壢,2023-05-22,5323
8131,福懋科,5,0,5,高橋-內壢,2023-05-22,5323
00713,元大台灣高息低波,4,0,4,高橋-內壢,2023-05-22,5323
2731,雄獅,5,1,4,高橋-內壢,2023-05-22,5323
6191,精成科,4,0,4,高橋-內壢,2023-05-22,5323
6517,保勝光學,4,0,4,高橋-內壢,2023-05-22,5323
2382,廣達,6,2,4,高橋-內壢,2023-05-22,5323
3035,智原,3,0,3,高橋-內壢,2023-05-22,5323
00670L,富邦NASDAQ正2,3,0,3,高橋-內壢,2023-05-22,5323
2337,旺宏,3,0,3,高橋-內壢,2023-05-22,5323
2885,元大金,3,0,3,高橋-內壢,2023-05-22,5323
3576,聯合再生,3,0,3,高橋-內壢,2023-05-22,5323
3592,瑞鼎,3,0,3,高橋-內壢,2023-05-22,5323
2618,長榮航,523,165,358,高橋-內壢,2023-05-23,5323
1504,東元,67,2,65,高橋-內壢,2023-05-23,5323
2342,茂矽,60,0,60,高橋-內壢,2023-05-23,5323
6547,高端疫苗,43,4,39,高橋-內壢,2023-05-23,5323
00882,中信中國高股息,32,0,32,高橋-內壢,2023-05-23,5323
00712,復華富時不動產,32,0,32,高橋-內壢,2023-05-23,5323
00690,兆豐藍籌30,31,0,31,高橋-內壢,2023-05-23,5323
00632R,元大台灣50反1,30,0,30,高橋-內壢,2023-05-23,5323
00679B,元大美債20年,21,0,21,高橋-內壢,2023-05-23,5323
2834,臺企銀,30,10,20,高橋-內壢,2023-05-23,5323
3706,神達,20,0,20,高橋-內壢,2023-05-23,5323
1513,中興電,30,13,17,高橋-內壢,2023-05-23,5323
8097,常珵,18,1,17,高橋-內壢,2023-05-23,5323
3217,優群,17,1,16,高橋-內壢,2023-05-23,5323
3481,群創,18,5,13,高橋-內壢,2023-05-23,5323
2303,聯電,13,0,13,高橋-內壢,2023-05-23,5323
5905,南仁湖,13,0,13,高橋-內壢,2023-05-23,5323
4532,瑞智,12,0,12,高橋-內壢,2023-05-23,5323
2105,正新,11,0,11,高橋-內壢,2023-05-23,5323
2313,華通,11,0,11,高橋-內壢,2023-05-23,5323
2442,新美齊,11,0,11,高橋-內壢,2023-05-23,5323
8478,東哥遊艇,11,0,11,高橋-內壢,2023-05-23,5323
00637L,元大滬深300正2,10,0,10,高橋-內壢,2023-05-23,5323
6160,欣技,9,0,9,高橋-內壢,2023-05-23,5323
1528,恩德,8,0,8,高橋-內壢,2023-05-23,5323
6697,東捷資訊,8,0,8,高橋-內壢,2023-05-23,5323
8028,昇陽半導體,8,0,8,高橋-內壢,2023-05-23,5323
8222,寶一,9,1,8,高橋-內壢,2023-05-23,5323
4130,健亞,7,0,7,高橋-內壢,2023-05-23,5323
6789,采鈺,7,0,7,高橋-內壢,2023-05-23,5323
2108,南帝,6,0,6,高橋-內壢,2023-05-23,5323
2634,漢翔,6,0,6,高橋-內壢,2023-05-23,5323
1471,首利,5,0,5,高橋-內壢,2023-05-23,5323
1460,宏遠,5,0,5,高橋-內壢,2023-05-23,5323
1524,耿鼎,5,0,5,高橋-內壢,2023-05-23,5323
00853B,統一美債10年Aa-,5,0,5,高橋-內壢,2023-05-23,5323
00720B,元大投資級公司債,5,0,5,高橋-內壢,2023-05-23,5323
1612,宏泰,5,0,5,高橋-內壢,2023-05-23,5323
1809,中釉,5,0,5,高橋-內壢,2023-05-23,5323
2022,聚亨,5,0,5,高橋-內壢,2023-05-23,5323
2497,怡利電,5,0,5,高橋-內壢,2023-05-23,5323
2739,寒舍,5,0,5,高橋-內壢,2023-05-23,5323
3025,星通,7,2,5,高橋-內壢,2023-05-23,5323
4916,事欣科,6,1,5,高橋-內壢,2023-05-23,5323
6244,茂迪,5,0,5,高橋-內壢,2023-05-23,5323
2603,長榮,11,7,4,高橋-內壢,2023-05-23,5323
00670L,富邦NASDAQ正2,4,0,4,高橋-內壢,2023-05-23,5323
1605,華新,12,8,4,高橋-內壢,2023-05-23,5323
1616,億泰,4,0,4,高橋-內壢,2023-05-23,5323
2380,虹光,4,0,4,高橋-內壢,2023-05-23,5323
2516,新建,100,0,100,高橋-內壢,2023-05-24,5323
2888,新光金,148,83,65,高橋-內壢,2023-05-24,5323
5512,力麒,52,1,51,高橋-內壢,2023-05-24,5323
00712,復華富時不動產,42,0,42,高橋-內壢,2023-05-24,5323
3363,上詮,33,0,33,高橋-內壢,2023-05-24,5323
00882,中信中國高股息,33,4,29,高橋-內壢,2023-05-24,5323
3078,僑威,28,0,28,高橋-內壢,2023-05-24,5323
5905,南仁湖,35,7,28,高橋-內壢,2023-05-24,5323
00687B,國泰20年美債,26,0,26,高橋-內壢,2023-05-24,5323
00928,中信上櫃ESG30,22,0,22,高橋-內壢,2023-05-24,5323
2328,廣宇,22,1,21,高橋-內壢,2023-05-24,5323
00642U,期元大S＆P石油,20,0,20,高橋-內壢,2023-05-24,5323
6122,擎邦,22,2,20,高橋-內壢,2023-05-24,5323
4919,新唐,20,1,19,高橋-內壢,2023-05-24,5323
1513,中興電,21,5,16,高橋-內壢,2023-05-24,5323
2482,連宇,16,0,16,高橋-內壢,2023-05-24,5323
00665L,富邦�琤肭磪囓�2,15,0,15,高橋-內壢,2023-05-24,5323
00720B,元大投資級公司債,15,0,15,高橋-內壢,2023-05-24,5323
5531,鄉林,15,2,13,高橋-內壢,2023-05-24,5323
00772B,中信高評級公司債,11,0,11,高橋-內壢,2023-05-24,5323
00753L,中信中國50正2,13,2,11,高橋-內壢,2023-05-24,5323
00637L,元大滬深300正2,10,0,10,高橋-內壢,2023-05-24,5323
1608,華榮,11,1,10,高橋-內壢,2023-05-24,5323
1503,士電,11,2,9,高橋-內壢,2023-05-24,5323
1905,華紙,22,13,9,高橋-內壢,2023-05-24,5323
2371,大同,9,1,8,高橋-內壢,2023-05-24,5323
4130,健亞,12,4,8,高橋-內壢,2023-05-24,5323
2427,三商電,10,3,7,高橋-內壢,2023-05-24,5323
8478,東哥遊艇,6,0,6,高橋-內壢,2023-05-24,5323
3027,盛達,6,0,6,高橋-內壢,2023-05-24,5323
1471,首利,5,0,5,高橋-內壢,2023-05-24,5323
1313,聯成,5,0,5,高橋-內壢,2023-05-24,5323
1514,亞力,5,0,5,高橋-內壢,2023-05-24,5323
1101,台泥,5,0,5,高橋-內壢,2023-05-24,5323
1802,台玻,5,0,5,高橋-內壢,2023-05-24,5323
2014,中鴻,5,0,5,高橋-內壢,2023-05-24,5323
2515,中工,5,0,5,高橋-內壢,2023-05-24,5323
2836,高雄銀,5,0,5,高橋-內壢,2023-05-24,5323
2890,永豐金,5,0,5,高橋-內壢,2023-05-24,5323
3296,勝德,5,0,5,高橋-內壢,2023-05-24,5323
3498,陽程,5,0,5,高橋-內壢,2023-05-24,5323
3704,合勤控,6,1,5,高橋-內壢,2023-05-24,5323
6191,精成科,5,0,5,高橋-內壢,2023-05-24,5323
6244,茂迪,15,10,5,高橋-內壢,2023-05-24,5323
8054,安國,5,0,5,高橋-內壢,2023-05-24,5323
8076,伍豐,6,1,5,高橋-內壢,2023-05-24,5323
8091,翔名,5,0,5,高橋-內壢,2023-05-24,5323
2317,鴻海,5,0,5,高橋-內壢,2023-05-24,5323
00631L,元大台灣50正2,4,0,4,高橋-內壢,2023-05-24,5323
1708,東鹼,4,0,4,高橋-內壢,2023-05-24,5323
00882,中信中國高股息,106,0,106,高橋-內壢,2023-05-25,5323
2634,漢翔,104,0,104,高橋-內壢,2023-05-25,5323
00632R,元大台灣50反1,40,0,40,高橋-內壢,2023-05-25,5323
00878,國泰永續高股息,45,12,33,高橋-內壢,2023-05-25,5323
2867,三商壽,30,0,30,高橋-內壢,2023-05-25,5323
4121,優盛,30,0,30,高橋-內壢,2023-05-25,5323
00712,復華富時不動產,35,8,27,高橋-內壢,2023-05-25,5323
2888,新光金,28,3,25,高橋-內壢,2023-05-25,5323
00751B,元大AAA至A公司債,24,0,24,高橋-內壢,2023-05-25,5323
3363,上詮,31,10,21,高橋-內壢,2023-05-25,5323
3013,晟銘電,21,1,20,高橋-內壢,2023-05-25,5323
2303,聯電,20,1,19,高橋-內壢,2023-05-25,5323
2421,建準,20,1,19,高橋-內壢,2023-05-25,5323
2885,元大金,16,0,16,高橋-內壢,2023-05-25,5323
00665L,富邦�琤肭磪囓�2,15,0,15,高橋-內壢,2023-05-25,5323
4744,皇將,15,0,15,高橋-內壢,2023-05-25,5323
2603,長榮,13,0,13,高橋-內壢,2023-05-25,5323
1584,精剛,16,3,13,高橋-內壢,2023-05-25,5323
6531,愛普*,17,5,12,高橋-內壢,2023-05-25,5323
6244,茂迪,11,0,11,高橋-內壢,2023-05-25,5323
00725B,國泰投資級公司債,10,0,10,高橋-內壢,2023-05-25,5323
2371,大同,13,3,10,高橋-內壢,2023-05-25,5323
2402,毅嘉,10,0,10,高橋-內壢,2023-05-25,5323
2887,台新金,10,0,10,高橋-內壢,2023-05-25,5323
4543,萬在,10,0,10,高橋-內壢,2023-05-25,5323
5880,合庫金,10,0,10,高橋-內壢,2023-05-25,5323
6122,擎邦,10,0,10,高橋-內壢,2023-05-25,5323
8436,大江,10,0,10,高橋-內壢,2023-05-25,5323
3078,僑威,10,1,9,高橋-內壢,2023-05-25,5323
1609,大亞,24,16,8,高橋-內壢,2023-05-25,5323
1717,長興,8,0,8,高橋-內壢,2023-05-25,5323
3504,揚明光,8,0,8,高橋-內壢,2023-05-25,5323
00720B,元大投資級公司債,7,0,7,高橋-內壢,2023-05-25,5323
00687B,國泰20年美債,6,0,6,高橋-內壢,2023-05-25,5323
1605,華新,16,10,6,高橋-內壢,2023-05-25,5323
2331,精英,6,0,6,高橋-內壢,2023-05-25,5323
2637,慧洋-KY,8,2,6,高橋-內壢,2023-05-25,5323
3027,盛達,6,0,6,高橋-內壢,2023-05-25,5323
6179,亞通,6,0,6,高橋-內壢,2023-05-25,5323
6547,高端疫苗,9,3,6,高橋-內壢,2023-05-25,5323
8222,寶一,8,2,6,高橋-內壢,2023-05-25,5323
00795B,中信美國公債20年,5,0,5,高橋-內壢,2023-05-25,5323
2489,瑞軒,5,0,5,高橋-內壢,2023-05-25,5323
2882,國泰金,7,2,5,高橋-內壢,2023-05-25,5323
2892,第一金,5,0,5,高橋-內壢,2023-05-25,5323
3041,揚智,5,0,5,高橋-內壢,2023-05-25,5323
3481,群創,5,0,5,高橋-內壢,2023-05-25,5323
3535,晶彩科,5,0,5,高橋-內壢,2023-05-25,5323
4961,天鈺,5,0,5,高橋-內壢,2023-05-25,5323
5464,霖宏,9,4,5,高橋-內壢,2023-05-25,5323
2610,華航,406,13,393,高橋-內壢,2023-05-26,5323
2634,漢翔,103,5,98,高橋-內壢,2023-05-26,5323
00632R,元大台灣50反1,51,0,51,高橋-內壢,2023-05-26,5323
2888,新光金,53,2,51,高橋-內壢,2023-05-26,5323
00882,中信中國高股息,46,0,46,高橋-內壢,2023-05-26,5323
3481,群創,37,12,25,高橋-內壢,2023-05-26,5323
2356,英業達,36,11,25,高橋-內壢,2023-05-26,5323
00712,復華富時不動產,38,15,23,高橋-內壢,2023-05-26,5323
2342,茂矽,22,0,22,高橋-內壢,2023-05-26,5323
2323,中環,26,8,18,高橋-內壢,2023-05-26,5323
2897A,王道銀甲特,18,0,18,高橋-內壢,2023-05-26,5323
2883,凱基金,17,0,17,高橋-內壢,2023-05-26,5323
00878,國泰永續高股息,22,6,16,高橋-內壢,2023-05-26,5323
3033,威健,16,0,16,高橋-內壢,2023-05-26,5323
3050,鈺德,16,0,16,高橋-內壢,2023-05-26,5323
00687B,國泰20年美債,15,0,15,高橋-內壢,2023-05-26,5323
6190,萬泰科,16,1,15,高橋-內壢,2023-05-26,5323
8076,伍豐,15,0,15,高橋-內壢,2023-05-26,5323
1314,中石化,13,0,13,高橋-內壢,2023-05-26,5323
1608,華榮,23,10,13,高橋-內壢,2023-05-26,5323
3504,揚明光,13,0,13,高橋-內壢,2023-05-26,5323
8436,大江,13,0,13,高橋-內壢,2023-05-26,5323
00751B,元大AAA至A公司債,12,0,12,高橋-內壢,2023-05-26,5323
1783,和康生,13,1,12,高橋-內壢,2023-05-26,5323
00902,中信電池及儲能,11,0,11,高橋-內壢,2023-05-26,5323
2108,南帝,11,0,11,高橋-內壢,2023-05-26,5323
1524,耿鼎,10,0,10,高橋-內壢,2023-05-26,5323
1201,味全,10,0,10,高橋-內壢,2023-05-26,5323
1569,濱川,10,0,10,高橋-內壢,2023-05-26,5323
1611,中電,10,0,10,高橋-內壢,2023-05-26,5323
3357,臺慶科,10,0,10,高橋-內壢,2023-05-26,5323
3576,聯合再生,10,0,10,高橋-內壢,2023-05-26,5323
4532,瑞智,10,0,10,高橋-內壢,2023-05-26,5323
2617,台航,9,0,9,高橋-內壢,2023-05-26,5323
2637,慧洋-KY,9,0,9,高橋-內壢,2023-05-26,5323
2736,富野,12,3,9,高橋-內壢,2023-05-26,5323
6112,邁達特,9,0,9,高橋-內壢,2023-05-26,5323
6706,惠特,9,0,9,高橋-內壢,2023-05-26,5323
2630,亞航,8,0,8,高橋-內壢,2023-05-26,5323
6142,友勁,8,0,8,高橋-內壢,2023-05-26,5323
8926,台汽電,8,0,8,高橋-內壢,2023-05-26,5323
8940,新天地,10,2,8,高橋-內壢,2023-05-26,5323
3044,健鼎,7,0,7,高橋-內壢,2023-05-26,5323
1460,宏遠,12,5,7,高橋-內壢,2023-05-26,5323
2317,鴻海,7,0,7,高橋-內壢,2023-05-26,5323
3707,漢磊,7,0,7,高橋-內壢,2023-05-26,5323
6155,鈞寶,7,0,7,高橋-內壢,2023-05-26,5323
1101,台泥,6,0,6,高橋-內壢,2023-05-26,5323
1409,新纖,6,0,6,高橋-內壢,2023-05-26,5323
2009,第一銅,6,0,6,高橋-內壢,2023-05-26,5323
00676R,富邦臺灣加權反1,230,0,230,高橋-內壢,2023-05-29,5323
00904,新光臺灣半導體30,190,0,190,高橋-內壢,2023-05-29,5323
00900,富邦特選高股息30,110,45,65,高橋-內壢,2023-05-29,5323
1608,華榮,79,31,48,高橋-內壢,2023-05-29,5323
1314,中石化,41,0,41,高橋-內壢,2023-05-29,5323
2618,長榮航,176,137,39,高橋-內壢,2023-05-29,5323
1218,泰山,40,3,37,高橋-內壢,2023-05-29,5323
00679B,元大美債20年,27,2,25,高橋-內壢,2023-05-29,5323
5465,富驊,30,7,23,高橋-內壢,2023-05-29,5323
00715L,期街口布蘭特正2,23,1,22,高橋-內壢,2023-05-29,5323
6689,伊雲谷,21,0,21,高橋-內壢,2023-05-29,5323
1609,大亞,22,3,19,高橋-內壢,2023-05-29,5323
0056,元大高股息,23,5,18,高橋-內壢,2023-05-29,5323
2883,凱基金,16,2,14,高橋-內壢,2023-05-29,5323
1101,台泥,14,1,13,高橋-內壢,2023-05-29,5323
00752,中信中國50,12,0,12,高橋-內壢,2023-05-29,5323
3711,日月光投控,11,0,11,高橋-內壢,2023-05-29,5323
00923,群益台ESG低碳50,10,0,10,高橋-內壢,2023-05-29,5323
00632R,元大台灣50反1,10,0,10,高橋-內壢,2023-05-29,5323
2353,宏��,10,0,10,高橋-內壢,2023-05-29,5323
2834,臺企銀,10,0,10,高橋-內壢,2023-05-29,5323
5443,均豪,10,0,10,高橋-內壢,2023-05-29,5323
1229,聯華,10,0,10,高橋-內壢,2023-05-29,5323
2495,普安,10,0,10,高橋-內壢,2023-05-29,5323
2382,廣達,10,2,8,高橋-內壢,2023-05-29,5323
00712,復華富時不動產,10,3,7,高橋-內壢,2023-05-29,5323
2449,京元電子,11,4,7,高橋-內壢,2023-05-29,5323
3189,景碩,8,1,7,高橋-內壢,2023-05-29,5323
4744,皇將,10,3,7,高橋-內壢,2023-05-29,5323
2615,萬海,16,9,7,高橋-內壢,2023-05-29,5323
1709,和益,6,0,6,高橋-內壢,2023-05-29,5323
2324,仁寶,11,6,5,高橋-內壢,2023-05-29,5323
2371,大同,9,4,5,高橋-內壢,2023-05-29,5323
2489,瑞軒,6,1,5,高橋-內壢,2023-05-29,5323
2530,華建,5,0,5,高橋-內壢,2023-05-29,5323
3498,陽程,5,0,5,高橋-內壢,2023-05-29,5323
6142,友勁,5,0,5,高橋-內壢,2023-05-29,5323
6150,撼訊,5,0,5,高橋-內壢,2023-05-29,5323
6191,精成科,5,0,5,高橋-內壢,2023-05-29,5323
1301,台塑,4,0,4,高橋-內壢,2023-05-29,5323
2891,中信金,5,1,4,高橋-內壢,2023-05-29,5323
3037,欣興,5,1,4,高橋-內壢,2023-05-29,5323
3576,聯合再生,4,0,4,高橋-內壢,2023-05-29,5323
6217,中探針,4,0,4,高橋-內壢,2023-05-29,5323
8996,高力,6,2,4,高橋-內壢,2023-05-29,5323
9945,潤泰新,4,0,4,高橋-內壢,2023-05-29,5323
00753L,中信中國50正2,3,0,3,高橋-內壢,2023-05-29,5323
2491,吉祥全,3,0,3,高橋-內壢,2023-05-29,5323
2731,雄獅,5,2,3,高橋-內壢,2023-05-29,5323
2736,富野,3,0,3,高橋-內壢,2023-05-29,5323
2618,長榮航,225,86,139,高橋-內壢,2023-05-30,5323
2356,英業達,81,20,61,高橋-內壢,2023-05-30,5323
6443,元晶,60,0,60,高橋-內壢,2023-05-30,5323
6244,茂迪,59,0,59,高橋-內壢,2023-05-30,5323
6770,力積電,47,0,47,高橋-內壢,2023-05-30,5323
3481,群創,72,28,44,高橋-內壢,2023-05-30,5323
2605,新興,37,4,33,高橋-內壢,2023-05-30,5323
3576,聯合再生,25,0,25,高橋-內壢,2023-05-30,5323
00882,中信中國高股息,23,0,23,高橋-內壢,2023-05-30,5323
00878,國泰永續高股息,27,4,23,高橋-內壢,2023-05-30,5323
3515,華擎,25,5,20,高橋-內壢,2023-05-30,5323
8076,伍豐,22,2,20,高橋-內壢,2023-05-30,5323
1909,榮成,14,0,14,高橋-內壢,2023-05-30,5323
8072,陞泰,14,0,14,高橋-內壢,2023-05-30,5323
2371,大同,22,10,12,高橋-內壢,2023-05-30,5323
2382,廣達,14,3,11,高橋-內壢,2023-05-30,5323
1605,華新,11,0,11,高橋-內壢,2023-05-30,5323
1219,福壽,11,0,11,高橋-內壢,2023-05-30,5323
2331,精英,15,4,11,高橋-內壢,2023-05-30,5323
2425,承啟,11,0,11,高橋-內壢,2023-05-30,5323
3308,聯德,11,0,11,高橋-內壢,2023-05-30,5323
8436,大江,11,0,11,高橋-內壢,2023-05-30,5323
00751B,元大AAA至A公司債,10,0,10,高橋-內壢,2023-05-30,5323
00632R,元大台灣50反1,10,0,10,高橋-內壢,2023-05-30,5323
00753L,中信中國50正2,10,0,10,高橋-內壢,2023-05-30,5323
7402,邑錡,10,0,10,高橋-內壢,2023-05-30,5323
1409,新纖,9,0,9,高橋-內壢,2023-05-30,5323
2609,陽明,9,0,9,高橋-內壢,2023-05-30,5323
6789,采鈺,9,0,9,高橋-內壢,2023-05-30,5323
6163,華電網,8,0,8,高橋-內壢,2023-05-30,5323
5465,富驊,13,5,8,高橋-內壢,2023-05-30,5323
8033,雷虎,15,7,8,高橋-內壢,2023-05-30,5323
1709,和益,7,0,7,高橋-內壢,2023-05-30,5323
3025,星通,19,12,7,高橋-內壢,2023-05-30,5323
4979,華星光,12,5,7,高橋-內壢,2023-05-30,5323
5475,德宏,7,0,7,高橋-內壢,2023-05-30,5323
1608,華榮,13,7,6,高橋-內壢,2023-05-30,5323
00752,中信中國50,6,0,6,高橋-內壢,2023-05-30,5323
00712,復華富時不動產,6,0,6,高橋-內壢,2023-05-30,5323
3594,磐儀,6,0,6,高橋-內壢,2023-05-30,5323
3645,達邁,13,7,6,高橋-內壢,2023-05-30,5323
8940,新天地,6,0,6,高橋-內壢,2023-05-30,5323
3029,零壹,5,0,5,高橋-內壢,2023-05-30,5323
1314,中石化,5,0,5,高橋-內壢,2023-05-30,5323
00679B,元大美債20年,5,0,5,高橋-內壢,2023-05-30,5323
1443,立益物流,5,0,5,高橋-內壢,2023-05-30,5323
2022,聚亨,5,0,5,高橋-內壢,2023-05-30,5323
2399,映泰,6,1,5,高橋-內壢,2023-05-30,5323
2634,漢翔,107,102,5,高橋-內壢,2023-05-30,5323
2723,美食-KY,5,0,5,高橋-內壢,2023-05-30,5323
6244,茂迪,205,0,205,高橋-內壢,2023-05-31,5323
6443,元晶,102,0,102,高橋-內壢,2023-05-31,5323
8261,富鼎,21,0,21,高橋-內壢,2023-05-31,5323
00882,中信中國高股息,20,0,20,高橋-內壢,2023-05-31,5323
2482,連宇,22,2,20,高橋-內壢,2023-05-31,5323
2867,三商壽,20,0,20,高橋-內壢,2023-05-31,5323
3217,優群,20,0,20,高橋-內壢,2023-05-31,5323
6438,迅得,20,0,20,高橋-內壢,2023-05-31,5323
2611,志信,18,0,18,高橋-內壢,2023-05-31,5323
2603,長榮,26,9,17,高橋-內壢,2023-05-31,5323
3231,緯創,20,7,13,高橋-內壢,2023-05-31,5323
5328,華容,12,0,12,高橋-內壢,2023-05-31,5323
1608,華榮,13,2,11,高橋-內壢,2023-05-31,5323
2027,大成鋼,10,0,10,高橋-內壢,2023-05-31,5323
2382,廣達,17,7,10,高橋-內壢,2023-05-31,5323
2618,長榮航,17,7,10,高橋-內壢,2023-05-31,5323
2834,臺企銀,10,0,10,高橋-內壢,2023-05-31,5323
6442,光聖,10,0,10,高橋-內壢,2023-05-31,5323
8271,宇瞻,10,0,10,高橋-內壢,2023-05-31,5323
00673R,期元大S＆P原油反1,8,0,8,高橋-內壢,2023-05-31,5323
00752,中信中國50,7,0,7,高橋-內壢,2023-05-31,5323
00878,國泰永續高股息,8,1,7,高橋-內壢,2023-05-31,5323
2369,菱生,7,0,7,高橋-內壢,2023-05-31,5323
2489,瑞軒,10,3,7,高橋-內壢,2023-05-31,5323
3033,威健,7,0,7,高橋-內壢,2023-05-31,5323
4906,正文,7,0,7,高橋-內壢,2023-05-31,5323
9904,寶成,6,0,6,高橋-內壢,2023-05-31,5323
2332,友訊,6,1,5,高橋-內壢,2023-05-31,5323
1101,台泥,6,1,5,高橋-內壢,2023-05-31,5323
00715L,期街口布蘭特正2,5,0,5,高橋-內壢,2023-05-31,5323
2609,陽明,6,1,5,高橋-內壢,2023-05-31,5323
3011,今皓,5,0,5,高橋-內壢,2023-05-31,5323
5351,鈺創,8,3,5,高橋-內壢,2023-05-31,5323
6133,金橋,5,0,5,高橋-內壢,2023-05-31,5323
6182,合晶,5,0,5,高橋-內壢,2023-05-31,5323
6505,台塑化,5,0,5,高橋-內壢,2023-05-31,5323
6669,緯穎,4,0,4,高橋-內壢,2023-05-31,5323
1519,華城,7,3,4,高橋-內壢,2023-05-31,5323
1514,亞力,6,2,4,高橋-內壢,2023-05-31,5323
00687B,國泰20年美債,5,1,4,高橋-內壢,2023-05-31,5323
00631L,元大台灣50正2,4,0,4,高橋-內壢,2023-05-31,5323
2349,錸德,5,1,4,高橋-內壢,2023-05-31,5323
2601,益航,4,0,4,高橋-內壢,2023-05-31,5323
2705,六福,6,2,4,高橋-內壢,2023-05-31,5323
2883,凱基金,4,0,4,高橋-內壢,2023-05-31,5323
3094,聯傑,4,0,4,高橋-內壢,2023-05-31,5323
3704,合勤控,5,1,4,高橋-內壢,2023-05-31,5323
00642U,期元大S＆P石油,3,0,3,高橋-內壢,2023-05-31,5323
1451,年興,3,0,3,高橋-內壢,2023-05-31,5323
2312,金寶,3,0,3,高橋-內壢,2023-05-31,5323
2323,中環,77,17,60,高橋-內壢,2023-06-01,5323
00712,復華富時不動產,40,0,40,高橋-內壢,2023-06-01,5323
6485,點序,49,16,33,高橋-內壢,2023-06-01,5323
2332,友訊,27,0,27,高橋-內壢,2023-06-01,5323
6282,康舒,26,1,25,高橋-內壢,2023-06-01,5323
3290,東浦,22,0,22,高橋-內壢,2023-06-01,5323
2516,新建,20,0,20,高橋-內壢,2023-06-01,5323
8088,品安,20,0,20,高橋-內壢,2023-06-01,5323
2421,建準,16,0,16,高橋-內壢,2023-06-01,5323
3059,華晶科,16,1,15,高橋-內壢,2023-06-01,5323
3532,台勝科,15,0,15,高橋-內壢,2023-06-01,5323
3706,神達,18,4,14,高橋-內壢,2023-06-01,5323
2303,聯電,14,0,14,高橋-內壢,2023-06-01,5323
00753L,中信中國50正2,13,0,13,高橋-內壢,2023-06-01,5323
2515,中工,17,4,13,高橋-內壢,2023-06-01,5323
4564,元翎,13,1,12,高橋-內壢,2023-06-01,5323
6625,必應,11,0,11,高橋-內壢,2023-06-01,5323
1101,台泥,14,4,10,高橋-內壢,2023-06-01,5323
00665L,富邦�琤肭磪囓�2,10,0,10,高橋-內壢,2023-06-01,5323
3413,京鼎,10,0,10,高橋-內壢,2023-06-01,5323
1524,耿鼎,9,0,9,高橋-內壢,2023-06-01,5323
6770,力積電,10,1,9,高橋-內壢,2023-06-01,5323
2603,長榮,19,10,9,高橋-內壢,2023-06-01,5323
1605,華新,12,4,8,高橋-內壢,2023-06-01,5323
2609,陽明,26,18,8,高橋-內壢,2023-06-01,5323
2845,遠東銀,10,3,7,高橋-內壢,2023-06-01,5323
8076,伍豐,7,0,7,高橋-內壢,2023-06-01,5323
00885,富邦越南,6,0,6,高橋-內壢,2023-06-01,5323
1609,大亞,7,1,6,高橋-內壢,2023-06-01,5323
1760,寶齡富錦,6,0,6,高橋-內壢,2023-06-01,5323
2002,中鋼,6,0,6,高橋-內壢,2023-06-01,5323
2356,英業達,8,2,6,高橋-內壢,2023-06-01,5323
2601,益航,6,0,6,高橋-內壢,2023-06-01,5323
3037,欣興,8,2,6,高橋-內壢,2023-06-01,5323
3260,威剛,8,2,6,高橋-內壢,2023-06-01,5323
3704,合勤控,7,1,6,高橋-內壢,2023-06-01,5323
5347,世界,6,0,6,高橋-內壢,2023-06-01,5323
6024,群益期,6,0,6,高橋-內壢,2023-06-01,5323
6142,友勁,6,0,6,高橋-內壢,2023-06-01,5323
6161,捷波,6,0,6,高橋-內壢,2023-06-01,5323
00882,中信中國高股息,7,2,5,高橋-內壢,2023-06-01,5323
00830,國泰費城半導體,5,0,5,高橋-內壢,2023-06-01,5323
1906,寶隆,5,0,5,高橋-內壢,2023-06-01,5323
2887,台新金,5,0,5,高橋-內壢,2023-06-01,5323
3617,碩天,5,0,5,高橋-內壢,2023-06-01,5323
5425,台半,6,1,5,高橋-內壢,2023-06-01,5323
6150,撼訊,5,0,5,高橋-內壢,2023-06-01,5323
6284,佳邦,5,0,5,高橋-內壢,2023-06-01,5323
8213,志超,5,0,5,高橋-內壢,2023-06-01,5323
2495,普安,5,1,4,高橋-內壢,2023-06-01,5323
2610,華航,322,49,273,高橋-內壢,2023-06-02,5323
00632R,元大台灣50反1,65,0,65,高橋-內壢,2023-06-02,5323
3305,昇貿,64,0,64,高橋-內壢,2023-06-02,5323
00712,復華富時不動產,73,20,53,高橋-內壢,2023-06-02,5323
6829,千附精密,27,0,27,高橋-內壢,2023-06-02,5323
2867,三商壽,25,0,25,高橋-內壢,2023-06-02,5323
3141,晶宏,25,0,25,高橋-內壢,2023-06-02,5323
2605,新興,21,0,21,高橋-內壢,2023-06-02,5323
00751B,元大AAA至A公司債,20,0,20,高橋-內壢,2023-06-02,5323
2444,兆勁,20,0,20,高橋-內壢,2023-06-02,5323
1806,冠軍,20,1,19,高橋-內壢,2023-06-02,5323
2457,飛宏,28,10,18,高橋-內壢,2023-06-02,5323
2356,英業達,34,17,17,高橋-內壢,2023-06-02,5323
1727,中華化,16,0,16,高橋-內壢,2023-06-02,5323
2353,宏��,29,14,15,高橋-內壢,2023-06-02,5323
1905,華紙,25,12,13,高橋-內壢,2023-06-02,5323
4543,萬在,11,0,11,高橋-內壢,2023-06-02,5323
6244,茂迪,11,0,11,高橋-內壢,2023-06-02,5323
8155,博智,13,2,11,高橋-內壢,2023-06-02,5323
9919,康那香,11,0,11,高橋-內壢,2023-06-02,5323
2618,長榮航,236,225,11,高橋-內壢,2023-06-02,5323
2409,友達,10,0,10,高橋-內壢,2023-06-02,5323
2489,瑞軒,50,40,10,高橋-內壢,2023-06-02,5323
2889,國票金,10,0,10,高橋-內壢,2023-06-02,5323
4440,宜新實業,10,0,10,高橋-內壢,2023-06-02,5323
6190,萬泰科,10,0,10,高橋-內壢,2023-06-02,5323
2303,聯電,24,15,9,高橋-內壢,2023-06-02,5323
2421,建準,17,8,9,高橋-內壢,2023-06-02,5323
5425,台半,11,2,9,高橋-內壢,2023-06-02,5323
00882,中信中國高股息,18,10,8,高橋-內壢,2023-06-02,5323
00919,群益台灣精選高息,8,0,8,高橋-內壢,2023-06-02,5323
4128,中天,10,3,7,高橋-內壢,2023-06-02,5323
6125,廣運,11,4,7,高橋-內壢,2023-06-02,5323
1587,吉茂,6,0,6,高橋-內壢,2023-06-02,5323
3217,優群,6,0,6,高橋-內壢,2023-06-02,5323
4564,元翎,6,0,6,高橋-內壢,2023-06-02,5323
4938,和碩,12,6,6,高橋-內壢,2023-06-02,5323
6168,宏齊,6,0,6,高橋-內壢,2023-06-02,5323
6282,康舒,26,20,6,高橋-內壢,2023-06-02,5323
1432,大魯閣,5,0,5,高橋-內壢,2023-06-02,5323
2371,大同,7,2,5,高橋-內壢,2023-06-02,5323
2484,希華,5,0,5,高橋-內壢,2023-06-02,5323
2748,雲品,5,0,5,高橋-內壢,2023-06-02,5323
2929,淘帝-KY,5,0,5,高橋-內壢,2023-06-02,5323
3047,訊舟,5,0,5,高橋-內壢,2023-06-02,5323
3419,譁裕,5,0,5,高橋-內壢,2023-06-02,5323
4401,東隆興,5,0,5,高橋-內壢,2023-06-02,5323
5243,乙盛-KY,5,0,5,高橋-內壢,2023-06-02,5323
9962,有益,5,0,5,高橋-內壢,2023-06-02,5323
00830,國泰費城半導體,5,1,4,高橋-內壢,2023-06-02,5323
2618,長榮航,226,19,207,高橋-內壢,2023-06-05,5323
2324,仁寶,103,0,103,高橋-內壢,2023-06-05,5323
00882,中信中國高股息,100,6,94,高橋-內壢,2023-06-05,5323
2489,瑞軒,43,0,43,高橋-內壢,2023-06-05,5323
2353,宏��,33,6,27,高橋-內壢,2023-06-05,5323
6205,詮欣,28,1,27,高橋-內壢,2023-06-05,5323
2323,中環,38,13,25,高橋-內壢,2023-06-05,5323
00715L,期街口布蘭特正2,23,0,23,高橋-內壢,2023-06-05,5323
6161,捷波,23,0,23,高橋-內壢,2023-06-05,5323
3706,神達,25,4,21,高橋-內壢,2023-06-05,5323
5465,富驊,21,0,21,高橋-內壢,2023-06-05,5323
1316,上曜,20,0,20,高橋-內壢,2023-06-05,5323
2451,創見,20,0,20,高橋-內壢,2023-06-05,5323
2609,陽明,21,1,20,高橋-內壢,2023-06-05,5323
2867,三商壽,20,0,20,高橋-內壢,2023-06-05,5323
3576,聯合再生,19,0,19,高橋-內壢,2023-06-05,5323
4566,時碩工業,19,0,19,高橋-內壢,2023-06-05,5323
2845,遠東銀,20,3,17,高橋-內壢,2023-06-05,5323
6282,康舒,27,10,17,高橋-內壢,2023-06-05,5323
2331,精英,18,2,16,高橋-內壢,2023-06-05,5323
2891,中信金,16,1,15,高橋-內壢,2023-06-05,5323
6150,撼訊,14,0,14,高橋-內壢,2023-06-05,5323
2374,佳能,12,0,12,高橋-內壢,2023-06-05,5323
2610,華航,27,15,12,高橋-內壢,2023-06-05,5323
2332,友訊,14,3,11,高橋-內壢,2023-06-05,5323
00919,群益台灣精選高息,11,0,11,高橋-內壢,2023-06-05,5323
2313,華通,11,0,11,高橋-內壢,2023-06-05,5323
2344,華邦電,38,27,11,高橋-內壢,2023-06-05,5323
2889,國票金,11,0,11,高橋-內壢,2023-06-05,5323
00632R,元大台灣50反1,10,0,10,高橋-內壢,2023-06-05,5323
00751B,元大AAA至A公司債,10,0,10,高橋-內壢,2023-06-05,5323
1806,冠軍,12,2,10,高橋-內壢,2023-06-05,5323
2303,聯電,10,0,10,高橋-內壢,2023-06-05,5323
3540,曜越,11,1,10,高橋-內壢,2023-06-05,5323
4440,宜新實業,10,0,10,高橋-內壢,2023-06-05,5323
4906,正文,14,4,10,高橋-內壢,2023-06-05,5323
1718,中纖,9,0,9,高橋-內壢,2023-06-05,5323
2312,金寶,10,1,9,高橋-內壢,2023-06-05,5323
2603,長榮,11,2,9,高橋-內壢,2023-06-05,5323
1514,亞力,14,6,8,高橋-內壢,2023-06-05,5323
00795B,中信美國公債20年,8,0,8,高橋-內壢,2023-06-05,5323
1608,華榮,11,3,8,高橋-內壢,2023-06-05,5323
2449,京元電子,11,3,8,高橋-內壢,2023-06-05,5323
0056,元大高股息,7,1,6,高橋-內壢,2023-06-05,5323
1529,樂事綠能,14,8,6,高橋-內壢,2023-06-05,5323
1760,寶齡富錦,6,0,6,高橋-內壢,2023-06-05,5323
6869,雲豹能源,6,0,6,高橋-內壢,2023-06-05,5323
8446,華研,7,1,6,高橋-內壢,2023-06-05,5323
2409,友達,30,25,5,高橋-內壢,2023-06-05,5323
00713,元大台灣高息低波,5,0,5,高橋-內壢,2023-06-05,5323
2887,台新金,105,0,105,高橋-內壢,2023-06-06,5323
2888,新光金,74,5,69,高橋-內壢,2023-06-06,5323
6443,元晶,58,0,58,高橋-內壢,2023-06-06,5323
3025,星通,66,10,56,高橋-內壢,2023-06-06,5323
6244,茂迪,56,0,56,高橋-內壢,2023-06-06,5323
8105,凌巨,46,0,46,高橋-內壢,2023-06-06,5323
2402,毅嘉,43,3,40,高橋-內壢,2023-06-06,5323
8028,昇陽半導體,38,1,37,高橋-內壢,2023-06-06,5323
2323,中環,46,12,34,高橋-內壢,2023-06-06,5323
2489,瑞軒,54,22,32,高橋-內壢,2023-06-06,5323
00919,群益台灣精選高息,33,1,32,高橋-內壢,2023-06-06,5323
4916,事欣科,31,0,31,高橋-內壢,2023-06-06,5323
00751B,元大AAA至A公司債,30,0,30,高橋-內壢,2023-06-06,5323
1609,大亞,51,21,30,高橋-內壢,2023-06-06,5323
2406,國碩,27,0,27,高橋-內壢,2023-06-06,5323
3406,玉晶光,21,0,21,高橋-內壢,2023-06-06,5323
00632R,元大台灣50反1,20,0,20,高橋-內壢,2023-06-06,5323
2303,聯電,24,4,20,高橋-內壢,2023-06-06,5323
2618,長榮航,34,18,16,高橋-內壢,2023-06-06,5323
6282,康舒,27,11,16,高橋-內壢,2023-06-06,5323
00927,群益半導體收益,15,0,15,高橋-內壢,2023-06-06,5323
1605,華新,20,6,14,高橋-內壢,2023-06-06,5323
2371,大同,13,1,12,高橋-內壢,2023-06-06,5323
3047,訊舟,12,0,12,高橋-內壢,2023-06-06,5323
4533,協易機,15,3,12,高橋-內壢,2023-06-06,5323
1513,中興電,13,2,11,高橋-內壢,2023-06-06,5323
2882,國泰金,11,0,11,高橋-內壢,2023-06-06,5323
5465,富驊,11,0,11,高橋-內壢,2023-06-06,5323
2457,飛宏,13,3,10,高橋-內壢,2023-06-06,5323
2718,全心投控,10,0,10,高橋-內壢,2023-06-06,5323
5864,致和證,10,0,10,高橋-內壢,2023-06-06,5323
6142,友勁,10,0,10,高橋-內壢,2023-06-06,5323
3217,優群,20,11,9,高橋-內壢,2023-06-06,5323
4564,元翎,9,0,9,高橋-內壢,2023-06-06,5323
1104,環泥,8,0,8,高橋-內壢,2023-06-06,5323
00679B,元大美債20年,8,0,8,高橋-內壢,2023-06-06,5323
5511,德昌,8,0,8,高橋-內壢,2023-06-06,5323
6127,九豪,8,0,8,高橋-內壢,2023-06-06,5323
00713,元大台灣高息低波,7,0,7,高橋-內壢,2023-06-06,5323
1905,華紙,12,5,7,高橋-內壢,2023-06-06,5323
2317,鴻海,7,0,7,高橋-內壢,2023-06-06,5323
2610,華航,12,5,7,高橋-內壢,2023-06-06,5323
3260,威剛,7,0,7,高橋-內壢,2023-06-06,5323
3518,柏騰,7,0,7,高橋-內壢,2023-06-06,5323
6188,廣明,7,0,7,高橋-內壢,2023-06-06,5323
1229,聯華,6,0,6,高橋-內壢,2023-06-06,5323
00795B,中信美國公債20年,6,0,6,高橋-內壢,2023-06-06,5323
1514,亞力,12,6,6,高橋-內壢,2023-06-06,5323
2014,中鴻,6,0,6,高橋-內壢,2023-06-06,5323
2736,富野,6,0,6,高橋-內壢,2023-06-06,5323
2888,新光金,138,26,112,高橋-內壢,2023-06-07,5323
1608,華榮,109,8,101,高橋-內壢,2023-06-07,5323
00885,富邦越南,101,3,98,高橋-內壢,2023-06-07,5323
2489,瑞軒,62,0,62,高橋-內壢,2023-06-07,5323
6244,茂迪,93,33,60,高橋-內壢,2023-06-07,5323
00882,中信中國高股息,56,6,50,高橋-內壢,2023-06-07,5323
2353,宏��,38,1,37,高橋-內壢,2023-06-07,5323
1815,富喬,20,0,20,高橋-內壢,2023-06-07,5323
2615,萬海,22,5,17,高橋-內壢,2023-06-07,5323
1618,合機,17,0,17,高橋-內壢,2023-06-07,5323
3037,欣興,16,0,16,高橋-內壢,2023-06-07,5323
3518,柏騰,13,0,13,高橋-內壢,2023-06-07,5323
4533,協易機,13,0,13,高橋-內壢,2023-06-07,5323
2705,六福,12,0,12,高橋-內壢,2023-06-07,5323
4164,承業醫,14,2,12,高橋-內壢,2023-06-07,5323
2382,廣達,15,4,11,高橋-內壢,2023-06-07,5323
6218,豪勉,10,0,10,高橋-內壢,2023-06-07,5323
2399,映泰,10,0,10,高橋-內壢,2023-06-07,5323
3349,寶德,10,0,10,高橋-內壢,2023-06-07,5323
6122,擎邦,10,0,10,高橋-內壢,2023-06-07,5323
2332,友訊,9,0,9,高橋-內壢,2023-06-07,5323
1513,中興電,20,12,8,高橋-內壢,2023-06-07,5323
00919,群益台灣精選高息,8,0,8,高橋-內壢,2023-06-07,5323
2337,旺宏,8,0,8,高橋-內壢,2023-06-07,5323
2356,英業達,9,1,8,高橋-內壢,2023-06-07,5323
2883,凱基金,8,0,8,高橋-內壢,2023-06-07,5323
3044,健鼎,9,1,8,高橋-內壢,2023-06-07,5323
3071,協禧,10,2,8,高橋-內壢,2023-06-07,5323
3362,先進光,8,0,8,高橋-內壢,2023-06-07,5323
4123,晟德,8,0,8,高橋-內壢,2023-06-07,5323
4564,元翎,10,2,8,高橋-內壢,2023-06-07,5323
6531,愛普*,11,3,8,高橋-內壢,2023-06-07,5323
2323,中環,27,20,7,高橋-內壢,2023-06-07,5323
2610,華航,19,12,7,高橋-內壢,2023-06-07,5323
00753L,中信中國50正2,7,0,7,高橋-內壢,2023-06-07,5323
6191,精成科,11,4,7,高橋-內壢,2023-06-07,5323
2618,長榮航,78,71,7,高橋-內壢,2023-06-07,5323
3078,僑威,10,4,6,高橋-內壢,2023-06-07,5323
3231,緯創,23,17,6,高橋-內壢,2023-06-07,5323
2402,毅嘉,30,25,5,高橋-內壢,2023-06-07,5323
00922,國泰台灣領袖50,5,0,5,高橋-內壢,2023-06-07,5323
00655L,國泰中國A50正2,5,0,5,高橋-內壢,2023-06-07,5323
1710,東聯,5,0,5,高橋-內壢,2023-06-07,5323
2313,華通,10,5,5,高橋-內壢,2023-06-07,5323
2613,中櫃,5,0,5,高橋-內壢,2023-06-07,5323
2881,富邦金,5,0,5,高橋-內壢,2023-06-07,5323
3005,神基,5,0,5,高橋-內壢,2023-06-07,5323
3481,群創,15,10,5,高橋-內壢,2023-06-07,5323
6547,高端疫苗,5,0,5,高橋-內壢,2023-06-07,5323
6863,永道-KY,5,0,5,高橋-內壢,2023-06-07,5323
2344,華邦電,55,1,54,高橋-內壢,2023-06-08,5323
2489,瑞軒,60,10,50,高橋-內壢,2023-06-08,5323
00878,國泰永續高股息,49,0,49,高橋-內壢,2023-06-08,5323
3058,立德,51,3,48,高橋-內壢,2023-06-08,5323
00919,群益台灣精選高息,35,5,30,高橋-內壢,2023-06-08,5323
2882,國泰金,31,4,27,高橋-內壢,2023-06-08,5323
3535,晶彩科,27,0,27,高橋-內壢,2023-06-08,5323
00795B,中信美國公債20年,23,0,23,高橋-內壢,2023-06-08,5323
6127,九豪,18,0,18,高橋-內壢,2023-06-08,5323
6770,力積電,17,0,17,高橋-內壢,2023-06-08,5323
2492,華新科,15,0,15,高橋-內壢,2023-06-08,5323
2337,旺宏,14,0,14,高橋-內壢,2023-06-08,5323
6116,彩晶,14,0,14,高橋-內壢,2023-06-08,5323
00679B,元大美債20年,13,0,13,高橋-內壢,2023-06-08,5323
00927,群益半導體收益,13,0,13,高橋-內壢,2023-06-08,5323
6282,康舒,17,4,13,高橋-內壢,2023-06-08,5323
00751B,元大AAA至A公司債,12,0,12,高橋-內壢,2023-06-08,5323
2399,映泰,11,0,11,高橋-內壢,2023-06-08,5323
5706,鳳凰,24,13,11,高橋-內壢,2023-06-08,5323
00713,元大台灣高息低波,12,2,10,高橋-內壢,2023-06-08,5323
2347,聯強,10,0,10,高橋-內壢,2023-06-08,5323
2402,毅嘉,10,0,10,高橋-內壢,2023-06-08,5323
2408,南亞科,10,0,10,高橋-內壢,2023-06-08,5323
2883,凱基金,10,0,10,高橋-內壢,2023-06-08,5323
4533,協易機,10,0,10,高橋-內壢,2023-06-08,5323
5434,崇越,10,0,10,高橋-內壢,2023-06-08,5323
2342,茂矽,10,0,10,高橋-內壢,2023-06-08,5323
2457,飛宏,10,1,9,高橋-內壢,2023-06-08,5323
2609,陽明,34,26,8,高橋-內壢,2023-06-08,5323
2108,南帝,8,0,8,高橋-內壢,2023-06-08,5323
2409,友達,8,0,8,高橋-內壢,2023-06-08,5323
3035,智原,9,1,8,高橋-內壢,2023-06-08,5323
1618,合機,7,0,7,高橋-內壢,2023-06-08,5323
00720B,元大投資級公司債,7,0,7,高橋-內壢,2023-06-08,5323
2332,友訊,7,0,7,高橋-內壢,2023-06-08,5323
2427,三商電,7,0,7,高橋-內壢,2023-06-08,5323
3630,新鉅科,8,1,7,高橋-內壢,2023-06-08,5323
6290,良維,7,0,7,高橋-內壢,2023-06-08,5323
2317,鴻海,6,0,6,高橋-內壢,2023-06-08,5323
2324,仁寶,7,1,6,高橋-內壢,2023-06-08,5323
5309,系統電,6,0,6,高橋-內壢,2023-06-08,5323
3006,晶豪科,5,0,5,高橋-內壢,2023-06-08,5323
1504,東元,7,2,5,高橋-內壢,2023-06-08,5323
00687B,國泰20年美債,5,0,5,高橋-內壢,2023-06-08,5323
3011,今皓,5,0,5,高橋-內壢,2023-06-08,5323
3024,憶聲,5,0,5,高橋-內壢,2023-06-08,5323
3037,欣興,11,6,5,高橋-內壢,2023-06-08,5323
3231,緯創,16,11,5,高橋-內壢,2023-06-08,5323
4123,晟德,5,0,5,高橋-內壢,2023-06-08,5323
4155,訊映,5,0,5,高橋-內壢,2023-06-08,5323
5302,太欣,134,0,134,高橋-內壢,2023-06-09,5323
2618,長榮航,108,15,93,高橋-內壢,2023-06-09,5323
00929,復華台灣科技優息,75,0,75,高橋-內壢,2023-06-09,5323
00919,群益台灣精選高息,73,0,73,高橋-內壢,2023-06-09,5323
2888,新光金,62,3,59,高橋-內壢,2023-06-09,5323
4916,事欣科,29,0,29,高橋-內壢,2023-06-09,5323
3058,立德,29,1,28,高橋-內壢,2023-06-09,5323
1608,華榮,23,0,23,高橋-內壢,2023-06-09,5323
2399,映泰,21,0,21,高橋-內壢,2023-06-09,5323
3481,群創,20,1,19,高橋-內壢,2023-06-09,5323
00679B,元大美債20年,22,4,18,高橋-內壢,2023-06-09,5323
3105,穩懋,19,1,18,高橋-內壢,2023-06-09,5323
2610,華航,15,1,14,高橋-內壢,2023-06-09,5323
1905,華紙,14,0,14,高橋-內壢,2023-06-09,5323
00878,國泰永續高股息,30,18,12,高橋-內壢,2023-06-09,5323
2402,毅嘉,12,0,12,高橋-內壢,2023-06-09,5323
1504,東元,11,0,11,高橋-內壢,2023-06-09,5323
2867,三商壽,11,0,11,高橋-內壢,2023-06-09,5323
4155,訊映,11,0,11,高橋-內壢,2023-06-09,5323
1616,億泰,10,0,10,高橋-內壢,2023-06-09,5323
3054,立萬利,10,0,10,高橋-內壢,2023-06-09,5323
3707,漢磊,10,0,10,高橋-內壢,2023-06-09,5323
4919,新唐,11,1,10,高橋-內壢,2023-06-09,5323
5469,瀚宇博,10,0,10,高橋-內壢,2023-06-09,5323
6274,台燿,10,0,10,高橋-內壢,2023-06-09,5323
8087,麗升能源,10,0,10,高橋-內壢,2023-06-09,5323
00713,元大台灣高息低波,10,1,9,高橋-內壢,2023-06-09,5323
2705,六福,9,0,9,高橋-內壢,2023-06-09,5323
6223,旺矽,14,5,9,高橋-內壢,2023-06-09,5323
1524,耿鼎,9,1,8,高橋-內壢,2023-06-09,5323
2882,國泰金,8,0,8,高橋-內壢,2023-06-09,5323
00881,國泰台灣5G+,10,3,7,高橋-內壢,2023-06-09,5323
2034,允強,7,0,7,高橋-內壢,2023-06-09,5323
3025,星通,9,2,7,高橋-內壢,2023-06-09,5323
8046,南電,7,0,7,高橋-內壢,2023-06-09,5323
00687B,國泰20年美債,6,0,6,高橋-內壢,2023-06-09,5323
1513,中興電,8,2,6,高橋-內壢,2023-06-09,5323
2482,連宇,8,2,6,高橋-內壢,2023-06-09,5323
2498,宏達電,6,0,6,高橋-內壢,2023-06-09,5323
5309,系統電,11,5,6,高橋-內壢,2023-06-09,5323
6770,力積電,6,0,6,高橋-內壢,2023-06-09,5323
1605,華新,12,7,5,高橋-內壢,2023-06-09,5323
1217,愛之味,5,0,5,高橋-內壢,2023-06-09,5323
1709,和益,5,0,5,高橋-內壢,2023-06-09,5323
1711,永光,5,0,5,高橋-內壢,2023-06-09,5323
2331,精英,5,0,5,高橋-內壢,2023-06-09,5323
2337,旺宏,5,0,5,高橋-內壢,2023-06-09,5323
2427,三商電,5,0,5,高橋-內壢,2023-06-09,5323
2489,瑞軒,5,0,5,高橋-內壢,2023-06-09,5323
5009,榮剛,5,0,5,高橋-內壢,2023-06-09,5323
00929,復華台灣科技優息,93,17,76,高橋-內壢,2023-06-12,5323
00919,群益台灣精選高息,38,0,38,高橋-內壢,2023-06-12,5323
00924,復華S＆P500成長,30,0,30,高橋-內壢,2023-06-12,5323
2618,長榮航,34,4,30,高橋-內壢,2023-06-12,5323
4916,事欣科,33,3,30,高橋-內壢,2023-06-12,5323
5302,太欣,29,0,29,高橋-內壢,2023-06-12,5323
3576,聯合再生,25,0,25,高橋-內壢,2023-06-12,5323
3058,立德,23,1,22,高橋-內壢,2023-06-12,5323
3231,緯創,29,9,20,高橋-內壢,2023-06-12,5323
2489,瑞軒,20,0,20,高橋-內壢,2023-06-12,5323
3025,星通,20,0,20,高橋-內壢,2023-06-12,5323
5410,國眾,20,0,20,高橋-內壢,2023-06-12,5323
8926,台汽電,19,1,18,高橋-內壢,2023-06-12,5323
2610,華航,17,1,16,高橋-內壢,2023-06-12,5323
4968,立積,15,0,15,高橋-內壢,2023-06-12,5323
2356,英業達,15,1,14,高橋-內壢,2023-06-12,5323
2884,玉山金,15,2,13,高橋-內壢,2023-06-12,5323
1608,華榮,12,0,12,高橋-內壢,2023-06-12,5323
00713,元大台灣高息低波,11,0,11,高橋-內壢,2023-06-12,5323
2451,創見,11,0,11,高橋-內壢,2023-06-12,5323
6244,茂迪,14,3,11,高橋-內壢,2023-06-12,5323
1909,榮成,10,0,10,高橋-內壢,2023-06-12,5323
2516,新建,10,0,10,高橋-內壢,2023-06-12,5323
4155,訊映,10,0,10,高橋-內壢,2023-06-12,5323
4157,太景*-KY,10,0,10,高橋-內壢,2023-06-12,5323
4532,瑞智,10,0,10,高橋-內壢,2023-06-12,5323
4906,正文,10,0,10,高橋-內壢,2023-06-12,5323
6470,宇智,10,0,10,高橋-內壢,2023-06-12,5323
8110,華東,10,0,10,高橋-內壢,2023-06-12,5323
8277,商丞,10,0,10,高橋-內壢,2023-06-12,5323
4961,天鈺,10,1,9,高橋-內壢,2023-06-12,5323
2439,美律,10,2,8,高橋-內壢,2023-06-12,5323
1609,大亞,8,1,7,高橋-內壢,2023-06-12,5323
2495,普安,7,0,7,高橋-內壢,2023-06-12,5323
4171,瑞基,7,0,7,高橋-內壢,2023-06-12,5323
6122,擎邦,9,2,7,高橋-內壢,2023-06-12,5323
1504,東元,8,2,6,高橋-內壢,2023-06-12,5323
00882,中信中國高股息,6,0,6,高橋-內壢,2023-06-12,5323
2890,永豐金,6,0,6,高橋-內壢,2023-06-12,5323
6125,廣運,5,0,5,高橋-內壢,2023-06-12,5323
8358,金居,5,0,5,高橋-內壢,2023-06-12,5323
00902,中信電池及儲能,5,0,5,高橋-內壢,2023-06-12,5323
1605,華新,5,0,5,高橋-內壢,2023-06-12,5323
1710,東聯,5,0,5,高橋-內壢,2023-06-12,5323
1760,寶齡富錦,5,0,5,高橋-內壢,2023-06-12,5323
2882,國泰金,5,0,5,高橋-內壢,2023-06-12,5323
3071,協禧,5,0,5,高橋-內壢,2023-06-12,5323
3122,笙泉,5,0,5,高橋-內壢,2023-06-12,5323
4915,致伸,5,0,5,高橋-內壢,2023-06-12,5323
6139,亞翔,5,0,5,高橋-內壢,2023-06-12,5323
4123,晟德,87,0,87,高橋-內壢,2023-06-13,5323
00642U,期元大S＆P石油,62,0,62,高橋-內壢,2023-06-13,5323
00919,群益台灣精選高息,72,15,57,高橋-內壢,2023-06-13,5323
1609,大亞,51,2,49,高橋-內壢,2023-06-13,5323
00753L,中信中國50正2,40,0,40,高橋-內壢,2023-06-13,5323
00929,復華台灣科技優息,42,2,40,高橋-內壢,2023-06-13,5323
2356,英業達,73,35,38,高橋-內壢,2023-06-13,5323
00882,中信中國高股息,31,0,31,高橋-內壢,2023-06-13,5323
3013,晟銘電,30,1,29,高橋-內壢,2023-06-13,5323
3413,京鼎,22,0,22,高橋-內壢,2023-06-13,5323
1909,榮成,21,0,21,高橋-內壢,2023-06-13,5323
2516,新建,20,0,20,高橋-內壢,2023-06-13,5323
4934,太極,20,0,20,高橋-內壢,2023-06-13,5323
5353,台林,20,0,20,高橋-內壢,2023-06-13,5323
4747,強生,15,0,15,高橋-內壢,2023-06-13,5323
6196,帆宣,22,8,14,高橋-內壢,2023-06-13,5323
00892,富邦台灣半導體,14,0,14,高橋-內壢,2023-06-13,5323
1608,華榮,15,1,14,高橋-內壢,2023-06-13,5323
2705,六福,15,2,13,高橋-內壢,2023-06-13,5323
3231,緯創,24,11,13,高橋-內壢,2023-06-13,5323
6143,振曜,11,0,11,高橋-內壢,2023-06-13,5323
1319,東陽,10,0,10,高橋-內壢,2023-06-13,5323
4960,誠美材,10,0,10,高橋-內壢,2023-06-13,5323
4961,天鈺,11,1,10,高橋-內壢,2023-06-13,5323
8016,矽創,11,1,10,高橋-內壢,2023-06-13,5323
5706,鳳凰,13,4,9,高橋-內壢,2023-06-13,5323
6218,豪勉,13,4,9,高橋-內壢,2023-06-13,5323
6288,聯嘉,9,0,9,高橋-內壢,2023-06-13,5323
8234,新漢,9,0,9,高橋-內壢,2023-06-13,5323
2439,美律,17,9,8,高橋-內壢,2023-06-13,5323
1504,東元,8,1,7,高橋-內壢,2023-06-13,5323
2610,華航,25,18,7,高橋-內壢,2023-06-13,5323
5465,富驊,18,11,7,高橋-內壢,2023-06-13,5323
6215,和椿,7,0,7,高橋-內壢,2023-06-13,5323
2614,東森,6,0,6,高橋-內壢,2023-06-13,5323
4543,萬在,8,2,6,高橋-內壢,2023-06-13,5323
5410,國眾,6,0,6,高橋-內壢,2023-06-13,5323
6133,金橋,6,0,6,高橋-內壢,2023-06-13,5323
8064,東捷,6,0,6,高橋-內壢,2023-06-13,5323
2457,飛宏,13,7,6,高橋-內壢,2023-06-13,5323
00715L,期街口布蘭特正2,25,20,5,高橋-內壢,2023-06-13,5323
1314,中石化,5,0,5,高橋-內壢,2023-06-13,5323
1605,華新,5,0,5,高橋-內壢,2023-06-13,5323
2206,三陽工業,8,3,5,高橋-內壢,2023-06-13,5323
2913,農林,5,0,5,高橋-內壢,2023-06-13,5323
3499,環天科,5,0,5,高橋-內壢,2023-06-13,5323
3576,聯合再生,15,10,5,高橋-內壢,2023-06-13,5323
3652,精聯,5,0,5,高橋-內壢,2023-06-13,5323
5475,德宏,5,0,5,高橋-內壢,2023-06-13,5323
6139,亞翔,5,0,5,高橋-內壢,2023-06-13,5323
00919,群益台灣精選高息,64,0,64,高橋-內壢,2023-06-14,5323
1742,台蠟,54,0,54,高橋-內壢,2023-06-14,5323
2356,英業達,67,25,42,高橋-內壢,2023-06-14,5323
2324,仁寶,40,0,40,高橋-內壢,2023-06-14,5323
00712,復華富時不動產,69,31,38,高橋-內壢,2023-06-14,5323
2705,六福,36,0,36,高橋-內壢,2023-06-14,5323
3535,晶彩科,30,0,30,高橋-內壢,2023-06-14,5323
3714,富采,30,0,30,高橋-內壢,2023-06-14,5323
00679B,元大美債20年,22,0,22,高橋-內壢,2023-06-14,5323
6218,豪勉,22,1,21,高橋-內壢,2023-06-14,5323
4533,協易機,22,2,20,高橋-內壢,2023-06-14,5323
5276,達輝-KY,20,0,20,高橋-內壢,2023-06-14,5323
2615,萬海,34,15,19,高橋-內壢,2023-06-14,5323
00687B,國泰20年美債,19,0,19,高橋-內壢,2023-06-14,5323
1314,中石化,17,0,17,高橋-內壢,2023-06-14,5323
8087,麗升能源,15,0,15,高橋-內壢,2023-06-14,5323
8261,富鼎,15,0,15,高橋-內壢,2023-06-14,5323
5443,均豪,18,5,13,高橋-內壢,2023-06-14,5323
6206,飛捷,13,0,13,高橋-內壢,2023-06-14,5323
2363,矽統,16,4,12,高橋-內壢,2023-06-14,5323
3252,海灣,12,0,12,高橋-內壢,2023-06-14,5323
6196,帆宣,13,1,12,高橋-內壢,2023-06-14,5323
3046,建��,11,0,11,高橋-內壢,2023-06-14,5323
1339,昭輝,10,0,10,高橋-內壢,2023-06-14,5323
1319,東陽,11,1,10,高橋-內壢,2023-06-14,5323
1802,台玻,10,0,10,高橋-內壢,2023-06-14,5323
2102,泰豐,10,0,10,高橋-內壢,2023-06-14,5323
2855,統一證,10,0,10,高橋-內壢,2023-06-14,5323
3006,晶豪科,11,1,10,高橋-內壢,2023-06-14,5323
3029,零壹,10,0,10,高橋-內壢,2023-06-14,5323
3617,碩天,10,0,10,高橋-內壢,2023-06-14,5323
5340,建榮,10,0,10,高橋-內壢,2023-06-14,5323
5521,工信,10,0,10,高橋-內壢,2023-06-14,5323
8277,商丞,10,0,10,高橋-內壢,2023-06-14,5323
2885,元大金,10,0,10,高橋-內壢,2023-06-14,5323
00751B,元大AAA至A公司債,9,0,9,高橋-內壢,2023-06-14,5323
1609,大亞,14,5,9,高橋-內壢,2023-06-14,5323
2323,中環,20,11,9,高橋-內壢,2023-06-14,5323
3576,聯合再生,9,0,9,高橋-內壢,2023-06-14,5323
2387,精元,10,2,8,高橋-內壢,2023-06-14,5323
2427,三商電,8,0,8,高橋-內壢,2023-06-14,5323
2888,新光金,21,13,8,高橋-內壢,2023-06-14,5323
2201,裕隆,7,0,7,高橋-內壢,2023-06-14,5323
2247,汎德永業,8,1,7,高橋-內壢,2023-06-14,5323
2388,威盛,7,0,7,高橋-內壢,2023-06-14,5323
2498,宏達電,7,0,7,高橋-內壢,2023-06-14,5323
3499,環天科,8,1,7,高橋-內壢,2023-06-14,5323
6122,擎邦,9,2,7,高橋-內壢,2023-06-14,5323
5706,鳳凰,13,6,7,高橋-內壢,2023-06-14,5323
4543,萬在,6,0,6,高橋-內壢,2023-06-14,5323
2324,仁寶,96,1,95,高橋-內壢,2023-06-15,5323
00919,群益台灣精選高息,83,0,83,高橋-內壢,2023-06-15,5323
2888,新光金,67,4,63,高橋-內壢,2023-06-15,5323
1609,大亞,47,5,42,高橋-內壢,2023-06-15,5323
00900,富邦特選高股息30,41,1,40,高橋-內壢,2023-06-15,5323
2331,精英,34,0,34,高橋-內壢,2023-06-15,5323
5348,正能量智能,30,0,30,高橋-內壢,2023-06-15,5323
2427,三商電,31,8,23,高橋-內壢,2023-06-15,5323
00928,中信上櫃ESG30,20,0,20,高橋-內壢,2023-06-15,5323
00857B,永豐20年美公債,20,0,20,高橋-內壢,2023-06-15,5323
2442,新美齊,16,0,16,高橋-內壢,2023-06-15,5323
3706,神達,29,13,16,高橋-內壢,2023-06-15,5323
00665L,富邦�琤肭磪囓�2,15,0,15,高橋-內壢,2023-06-15,5323
6806,森崴能源,15,0,15,高橋-內壢,2023-06-15,5323
8087,麗升能源,15,0,15,高橋-內壢,2023-06-15,5323
00753L,中信中國50正2,14,1,13,高橋-內壢,2023-06-15,5323
6235,華孚,16,3,13,高橋-內壢,2023-06-15,5323
4564,元翎,13,1,12,高橋-內壢,2023-06-15,5323
1781,合世,11,0,11,高橋-內壢,2023-06-15,5323
2891,中信金,11,0,11,高橋-內壢,2023-06-15,5323
00679B,元大美債20年,10,0,10,高橋-內壢,2023-06-15,5323
1444,力麗,10,0,10,高橋-內壢,2023-06-15,5323
1815,富喬,10,0,10,高橋-內壢,2023-06-15,5323
1906,寶隆,10,0,10,高橋-內壢,2023-06-15,5323
2363,矽統,10,0,10,高橋-內壢,2023-06-15,5323
2388,威盛,10,0,10,高橋-內壢,2023-06-15,5323
3033,威健,12,2,10,高橋-內壢,2023-06-15,5323
3058,立德,10,0,10,高橋-內壢,2023-06-15,5323
4915,致伸,10,0,10,高橋-內壢,2023-06-15,5323
8046,南電,11,1,10,高橋-內壢,2023-06-15,5323
2471,資通,10,1,9,高橋-內壢,2023-06-15,5323
1909,榮成,9,0,9,高橋-內壢,2023-06-15,5323
6456,GIS-KY,10,1,9,高橋-內壢,2023-06-15,5323
1519,華城,9,1,8,高橋-內壢,2023-06-15,5323
3071,協禧,18,10,8,高橋-內壢,2023-06-15,5323
5291,邑昇,8,0,8,高橋-內壢,2023-06-15,5323
1503,士電,18,11,7,高橋-內壢,2023-06-15,5323
00713,元大台灣高息低波,7,0,7,高橋-內壢,2023-06-15,5323
1612,宏泰,6,0,6,高橋-內壢,2023-06-15,5323
2108,南帝,6,0,6,高橋-內壢,2023-06-15,5323
2482,連宇,17,11,6,高橋-內壢,2023-06-15,5323
6669,緯穎,6,0,6,高橋-內壢,2023-06-15,5323
00830,國泰費城半導體,7,2,5,高橋-內壢,2023-06-15,5323
00795B,中信美國公債20年,5,0,5,高橋-內壢,2023-06-15,5323
00770,國泰北美科技,5,0,5,高橋-內壢,2023-06-15,5323
1587,吉茂,5,0,5,高橋-內壢,2023-06-15,5323
2104,國際中橡,5,0,5,高橋-內壢,2023-06-15,5323
2454,聯發科,6,1,5,高橋-內壢,2023-06-15,5323
2457,飛宏,7,2,5,高橋-內壢,2023-06-15,5323
2889,國票金,5,0,5,高橋-內壢,2023-06-15,5323
2618,長榮航,180,61,119,高橋-內壢,2023-06-16,5323
00753L,中信中國50正2,68,3,65,高橋-內壢,2023-06-16,5323
00878,國泰永續高股息,106,41,65,高橋-內壢,2023-06-16,5323
3038,全台,62,0,62,高橋-內壢,2023-06-16,5323
2610,華航,205,153,52,高橋-內壢,2023-06-16,5323
6152,百一,50,0,50,高橋-內壢,2023-06-16,5323
1609,大亞,57,10,47,高橋-內壢,2023-06-16,5323
2834,臺企銀,46,0,46,高橋-內壢,2023-06-16,5323
4533,協易機,39,2,37,高橋-內壢,2023-06-16,5323
2371,大同,92,55,37,高橋-內壢,2023-06-16,5323
2888,新光金,43,6,37,高橋-內壢,2023-06-16,5323
2444,兆勁,33,0,33,高橋-內壢,2023-06-16,5323
8049,晶采,30,0,30,高橋-內壢,2023-06-16,5323
2405,輔信,50,21,29,高橋-內壢,2023-06-16,5323
2356,英業達,33,7,26,高橋-內壢,2023-06-16,5323
1605,華新,45,21,24,高橋-內壢,2023-06-16,5323
4916,事欣科,24,1,23,高橋-內壢,2023-06-16,5323
2884,玉山金,20,0,20,高橋-內壢,2023-06-16,5323
3413,京鼎,19,0,19,高橋-內壢,2023-06-16,5323
00712,復華富時不動產,18,0,18,高橋-內壢,2023-06-16,5323
6276,安鈦克,17,0,17,高橋-內壢,2023-06-16,5323
3707,漢磊,16,0,16,高橋-內壢,2023-06-16,5323
6282,康舒,28,12,16,高橋-內壢,2023-06-16,5323
2323,中環,67,51,16,高橋-內壢,2023-06-16,5323
1314,中石化,45,30,15,高橋-內壢,2023-06-16,5323
5258,虹堡,21,7,14,高橋-內壢,2023-06-16,5323
2705,六福,12,0,12,高橋-內壢,2023-06-16,5323
2301,光寶科,11,0,11,高橋-內壢,2023-06-16,5323
00929,復華台灣科技優息,13,2,11,高橋-內壢,2023-06-16,5323
8440,綠電,11,0,11,高橋-內壢,2023-06-16,5323
2363,矽統,10,0,10,高橋-內壢,2023-06-16,5323
2367,燿華,10,0,10,高橋-內壢,2023-06-16,5323
3419,譁裕,10,0,10,高橋-內壢,2023-06-16,5323
5425,台半,10,0,10,高橋-內壢,2023-06-16,5323
1783,和康生,9,0,9,高橋-內壢,2023-06-16,5323
2049,上銀,9,0,9,高橋-內壢,2023-06-16,5323
2489,瑞軒,9,0,9,高橋-內壢,2023-06-16,5323
2105,正新,9,0,9,高橋-內壢,2023-06-16,5323
00882,中信中國高股息,10,2,8,高橋-內壢,2023-06-16,5323
1519,華城,16,8,8,高橋-內壢,2023-06-16,5323
2883,凱基金,8,0,8,高橋-內壢,2023-06-16,5323
5475,德宏,8,0,8,高橋-內壢,2023-06-16,5323
6547,高端疫苗,11,3,8,高橋-內壢,2023-06-16,5323
1504,東元,28,21,7,高橋-內壢,2023-06-16,5323
2303,聯電,9,2,7,高橋-內壢,2023-06-16,5323
8021,尖點,7,0,7,高橋-內壢,2023-06-16,5323
00919,群益台灣精選高息,35,29,6,高橋-內壢,2023-06-16,5323
2201,裕隆,9,3,6,高橋-內壢,2023-06-16,5323
3163,波若威,6,0,6,高橋-內壢,2023-06-16,5323
1301,台塑,5,0,5,高橋-內壢,2023-06-16,5323
2610,華航,292,125,167,高橋-內壢,2023-06-19,5323
3481,群創,248,140,108,高橋-內壢,2023-06-19,5323
1783,和康生,63,0,63,高橋-內壢,2023-06-19,5323
1310,台苯,50,0,50,高橋-內壢,2023-06-19,5323
6770,力積電,50,1,49,高橋-內壢,2023-06-19,5323
2312,金寶,46,8,38,高橋-內壢,2023-06-19,5323
6152,百一,34,0,34,高橋-內壢,2023-06-19,5323
5263,智崴,32,0,32,高橋-內壢,2023-06-19,5323
2104,國際中橡,31,0,31,高橋-內壢,2023-06-19,5323
1514,亞力,48,21,27,高橋-內壢,2023-06-19,5323
2402,毅嘉,24,0,24,高橋-內壢,2023-06-19,5323
2406,國碩,23,0,23,高橋-內壢,2023-06-19,5323
2356,英業達,26,4,22,高橋-內壢,2023-06-19,5323
2332,友訊,23,1,22,高橋-內壢,2023-06-19,5323
6282,康舒,22,0,22,高橋-內壢,2023-06-19,5323
3231,緯創,25,6,19,高橋-內壢,2023-06-19,5323
00919,群益台灣精選高息,20,1,19,高橋-內壢,2023-06-19,5323
1905,華紙,21,3,18,高橋-內壢,2023-06-19,5323
00878,國泰永續高股息,27,12,15,高橋-內壢,2023-06-19,5323
2489,瑞軒,15,0,15,高橋-內壢,2023-06-19,5323
3058,立德,15,0,15,高橋-內壢,2023-06-19,5323
4564,元翎,15,0,15,高橋-內壢,2023-06-19,5323
2353,宏��,16,2,14,高橋-內壢,2023-06-19,5323
6116,彩晶,19,5,14,高橋-內壢,2023-06-19,5323
1609,大亞,20,7,13,高橋-內壢,2023-06-19,5323
3605,宏致,13,0,13,高橋-內壢,2023-06-19,5323
2324,仁寶,65,53,12,高橋-內壢,2023-06-19,5323
2371,大同,18,6,12,高橋-內壢,2023-06-19,5323
3706,神達,64,52,12,高橋-內壢,2023-06-19,5323
00921,兆豐龍頭等權重,11,0,11,高橋-內壢,2023-06-19,5323
3715,定穎投控,13,2,11,高橋-內壢,2023-06-19,5323
1217,愛之味,10,0,10,高橋-內壢,2023-06-19,5323
00637L,元大滬深300正2,10,0,10,高橋-內壢,2023-06-19,5323
1710,東聯,10,0,10,高橋-內壢,2023-06-19,5323
1802,台玻,113,103,10,高橋-內壢,2023-06-19,5323
2885,元大金,10,0,10,高橋-內壢,2023-06-19,5323
00888,永豐台灣ESG,15,6,9,高橋-內壢,2023-06-19,5323
1528,恩德,10,1,9,高橋-內壢,2023-06-19,5323
3006,晶豪科,10,1,9,高橋-內壢,2023-06-19,5323
8087,麗升能源,14,5,9,高橋-內壢,2023-06-19,5323
2352,佳世達,8,0,8,高橋-內壢,2023-06-19,5323
1742,台蠟,10,2,8,高橋-內壢,2023-06-19,5323
3413,京鼎,8,0,8,高橋-內壢,2023-06-19,5323
6517,保勝光學,10,2,8,高橋-內壢,2023-06-19,5323
2301,光寶科,9,2,7,高橋-內壢,2023-06-19,5323
0056,元大高股息,13,6,7,高橋-內壢,2023-06-19,5323
2323,中環,47,40,7,高橋-內壢,2023-06-19,5323
2421,建準,11,4,7,高橋-內壢,2023-06-19,5323
4123,晟德,7,0,7,高橋-內壢,2023-06-19,5323
4916,事欣科,31,24,7,高橋-內壢,2023-06-19,5323
3481,群創,308,46,262,高橋-內壢,2023-06-20,5323
2323,中環,117,21,96,高橋-內壢,2023-06-20,5323
2618,長榮航,96,48,48,高橋-內壢,2023-06-20,5323
3706,神達,54,6,48,高橋-內壢,2023-06-20,5323
2812,台中銀,44,0,44,高橋-內壢,2023-06-20,5323
00921,兆豐龍頭等權重,34,0,34,高橋-內壢,2023-06-20,5323
6152,百一,32,0,32,高橋-內壢,2023-06-20,5323
3025,星通,30,0,30,高橋-內壢,2023-06-20,5323
6120,達運,60,30,30,高橋-內壢,2023-06-20,5323
2888,新光金,30,3,27,高橋-內壢,2023-06-20,5323
2409,友達,28,4,24,高橋-內壢,2023-06-20,5323
2355,敬鵬,20,0,20,高橋-內壢,2023-06-20,5323
3363,上詮,20,0,20,高橋-內壢,2023-06-20,5323
3419,譁裕,20,0,20,高橋-內壢,2023-06-20,5323
00712,復華富時不動產,29,10,19,高橋-內壢,2023-06-20,5323
5465,富驊,18,0,18,高橋-內壢,2023-06-20,5323
6194,育富,18,0,18,高橋-內壢,2023-06-20,5323
00720B,元大投資級公司債,17,0,17,高橋-內壢,2023-06-20,5323
00679B,元大美債20年,17,1,16,高橋-內壢,2023-06-20,5323
2845,遠東銀,20,4,16,高橋-內壢,2023-06-20,5323
6456,GIS-KY,15,0,15,高橋-內壢,2023-06-20,5323
00882,中信中國高股息,13,0,13,高橋-內壢,2023-06-20,5323
2331,精英,30,17,13,高橋-內壢,2023-06-20,5323
2401,凌陽,12,0,12,高橋-內壢,2023-06-20,5323
2427,三商電,11,0,11,高橋-內壢,2023-06-20,5323
4968,立積,11,0,11,高橋-內壢,2023-06-20,5323
6806,森崴能源,11,0,11,高橋-內壢,2023-06-20,5323
1314,中石化,10,0,10,高橋-內壢,2023-06-20,5323
2889,國票金,10,0,10,高橋-內壢,2023-06-20,5323
3071,協禧,10,0,10,高橋-內壢,2023-06-20,5323
3211,順達,10,0,10,高橋-內壢,2023-06-20,5323
6104,創惟,11,1,10,高橋-內壢,2023-06-20,5323
00919,群益台灣精選高息,14,5,9,高橋-內壢,2023-06-20,5323
00929,復華台灣科技優息,9,0,9,高橋-內壢,2023-06-20,5323
2312,金寶,10,1,9,高橋-內壢,2023-06-20,5323
1605,華新,17,9,8,高橋-內壢,2023-06-20,5323
2405,輔信,12,4,8,高橋-內壢,2023-06-20,5323
2608,嘉里大榮,8,0,8,高橋-內壢,2023-06-20,5323
3056,富華新,8,0,8,高橋-內壢,2023-06-20,5323
3564,其陽,10,2,8,高橋-內壢,2023-06-20,5323
4951,精拓科,8,0,8,高橋-內壢,2023-06-20,5323
3325,旭品,9,2,7,高橋-內壢,2023-06-20,5323
3413,京鼎,7,0,7,高橋-內壢,2023-06-20,5323
2317,鴻海,11,4,7,高橋-內壢,2023-06-20,5323
2402,毅嘉,7,0,7,高橋-內壢,2023-06-20,5323
2356,英業達,11,5,6,高橋-內壢,2023-06-20,5323
1513,中興電,22,16,6,高橋-內壢,2023-06-20,5323
1611,中電,10,4,6,高橋-內壢,2023-06-20,5323
2204,中華,21,15,6,高橋-內壢,2023-06-20,5323
2340,台亞,6,0,6,高橋-內壢,2023-06-20,5323
6244,茂迪,201,102,99,高橋-內壢,2023-06-21,5323
5302,太欣,59,0,59,高橋-內壢,2023-06-21,5323
2609,陽明,60,5,55,高橋-內壢,2023-06-21,5323
6120,達運,48,2,46,高橋-內壢,2023-06-21,5323
2889,國票金,42,0,42,高橋-內壢,2023-06-21,5323
4934,太極,33,0,33,高橋-內壢,2023-06-21,5323
4106,雃博,30,0,30,高橋-內壢,2023-06-21,5323
2634,漢翔,135,106,29,高橋-內壢,2023-06-21,5323
1314,中石化,22,0,22,高橋-內壢,2023-06-21,5323
00752,中信中國50,20,0,20,高橋-內壢,2023-06-21,5323
1783,和康生,20,0,20,高橋-內壢,2023-06-21,5323
6125,廣運,22,2,20,高橋-內壢,2023-06-21,5323
00679B,元大美債20年,19,2,17,高橋-內壢,2023-06-21,5323
3481,群創,116,99,17,高橋-內壢,2023-06-21,5323
00882,中信中國高股息,15,0,15,高橋-內壢,2023-06-21,5323
6152,百一,15,0,15,高橋-內壢,2023-06-21,5323
2371,大同,24,10,14,高橋-內壢,2023-06-21,5323
1609,大亞,13,1,12,高橋-內壢,2023-06-21,5323
2323,中環,129,117,12,高橋-內壢,2023-06-21,5323
00919,群益台灣精選高息,11,0,11,高橋-內壢,2023-06-21,5323
1444,力麗,10,0,10,高橋-內壢,2023-06-21,5323
1608,華榮,10,0,10,高橋-內壢,2023-06-21,5323
2608,嘉里大榮,10,0,10,高橋-內壢,2023-06-21,5323
4108,懷特,10,0,10,高橋-內壢,2023-06-21,5323
4121,優盛,10,0,10,高橋-內壢,2023-06-21,5323
6185,幃翔,10,0,10,高橋-內壢,2023-06-21,5323
6233,旺玖,10,0,10,高橋-內壢,2023-06-21,5323
6245,立端,11,1,10,高橋-內壢,2023-06-21,5323
6806,森崴能源,10,0,10,高橋-內壢,2023-06-21,5323
2705,六福,25,16,9,高橋-內壢,2023-06-21,5323
2706,第一店,10,1,9,高橋-內壢,2023-06-21,5323
2801,彰銀,10,1,9,高橋-內壢,2023-06-21,5323
4904,遠傳,8,0,8,高橋-內壢,2023-06-21,5323
2201,裕隆,8,0,8,高橋-內壢,2023-06-21,5323
4916,事欣科,16,8,8,高橋-內壢,2023-06-21,5323
2317,鴻海,7,1,6,高橋-內壢,2023-06-21,5323
2340,台亞,7,1,6,高橋-內壢,2023-06-21,5323
2748,雲品,9,3,6,高橋-內壢,2023-06-21,5323
1565,精華,5,0,5,高橋-內壢,2023-06-21,5323
00712,復華富時不動產,26,21,5,高橋-內壢,2023-06-21,5323
00632R,元大台灣50反1,5,0,5,高橋-內壢,2023-06-21,5323
1605,華新,7,2,5,高橋-內壢,2023-06-21,5323
2601,益航,5,0,5,高橋-內壢,2023-06-21,5323
3413,京鼎,7,2,5,高橋-內壢,2023-06-21,5323
4123,晟德,5,0,5,高橋-內壢,2023-06-21,5323
5706,鳳凰,8,3,5,高橋-內壢,2023-06-21,5323
6116,彩晶,34,29,5,高橋-內壢,2023-06-21,5323
8105,凌巨,5,0,5,高橋-內壢,2023-06-21,5323
2603,長榮,15,10,5,高橋-內壢,2023-06-21,5323
3056,富華新,4,0,4,高橋-內壢,2023-06-21,5323
1802,台玻,243,122,121,高橋-內壢,2023-06-26,5323
6443,元晶,100,0,100,高橋-內壢,2023-06-26,5323
00632R,元大台灣50反1,100,10,90,高橋-內壢,2023-06-26,5323
2888,新光金,110,20,90,高橋-內壢,2023-06-26,5323
2489,瑞軒,80,0,80,高橋-內壢,2023-06-26,5323
2867,三商壽,82,2,80,高橋-內壢,2023-06-26,5323
3481,群創,67,3,64,高橋-內壢,2023-06-26,5323
3049,精金,102,39,63,高橋-內壢,2023-06-26,5323
2303,聯電,66,4,62,高橋-內壢,2023-06-26,5323
2845,遠東銀,50,5,45,高橋-內壢,2023-06-26,5323
00673R,期元大S＆P原油反1,42,0,42,高橋-內壢,2023-06-26,5323
3706,神達,53,23,30,高橋-內壢,2023-06-26,5323
1907,永豐餘,32,2,30,高橋-內壢,2023-06-26,5323
00882,中信中國高股息,29,0,29,高橋-內壢,2023-06-26,5323
6282,康舒,30,1,29,高橋-內壢,2023-06-26,5323
00712,復華富時不動產,24,0,24,高橋-內壢,2023-06-26,5323
1314,中石化,20,0,20,高橋-內壢,2023-06-26,5323
2838A,聯邦銀甲特,20,0,20,高橋-內壢,2023-06-26,5323
4934,太極,20,0,20,高橋-內壢,2023-06-26,5323
2349,錸德,19,0,19,高橋-內壢,2023-06-26,5323
0056,元大高股息,24,6,18,高橋-內壢,2023-06-26,5323
8213,志超,17,0,17,高橋-內壢,2023-06-26,5323
2324,仁寶,19,3,16,高橋-內壢,2023-06-26,5323
2344,華邦電,15,0,15,高橋-內壢,2023-06-26,5323
2399,映泰,15,0,15,高橋-內壢,2023-06-26,5323
2409,友達,22,7,15,高橋-內壢,2023-06-26,5323
2368,金像電,16,2,14,高橋-內壢,2023-06-26,5323
6125,廣運,19,5,14,高橋-內壢,2023-06-26,5323
6156,松上,13,0,13,高橋-內壢,2023-06-26,5323
00830,國泰費城半導體,12,0,12,高橋-內壢,2023-06-26,5323
2609,陽明,19,7,12,高橋-內壢,2023-06-26,5323
6806,森崴能源,11,0,11,高橋-內壢,2023-06-26,5323
00919,群益台灣精選高息,13,3,10,高橋-內壢,2023-06-26,5323
00725B,國泰投資級公司債,10,0,10,高橋-內壢,2023-06-26,5323
00795B,中信美國公債20年,10,0,10,高橋-內壢,2023-06-26,5323
1219,福壽,10,0,10,高橋-內壢,2023-06-26,5323
2014,中鴻,10,0,10,高橋-內壢,2023-06-26,5323
3041,揚智,10,0,10,高橋-內壢,2023-06-26,5323
5301,寶得利,10,0,10,高橋-內壢,2023-06-26,5323
5475,德宏,10,0,10,高橋-內壢,2023-06-26,5323
7402,邑錡,13,3,10,高橋-內壢,2023-06-26,5323
6188,廣明,9,0,9,高橋-內壢,2023-06-26,5323
2453,凌群,8,0,8,高橋-內壢,2023-06-26,5323
2402,毅嘉,10,2,8,高橋-內壢,2023-06-26,5323
6143,振曜,8,0,8,高橋-內壢,2023-06-26,5323
2017,官田鋼,7,0,7,高橋-內壢,2023-06-26,5323
2382,廣達,7,0,7,高橋-內壢,2023-06-26,5323
1337,再生-KY,6,0,6,高橋-內壢,2023-06-26,5323
2427,三商電,22,16,6,高橋-內壢,2023-06-26,5323
3004,豐達科,6,0,6,高橋-內壢,2023-06-26,5323
2618,長榮航,303,31,272,高橋-內壢,2023-06-27,5323
1304,台聚,120,0,120,高橋-內壢,2023-06-27,5323
2323,中環,76,11,65,高橋-內壢,2023-06-27,5323
00632R,元大台灣50反1,90,25,65,高橋-內壢,2023-06-27,5323
2356,英業達,55,2,53,高橋-內壢,2023-06-27,5323
1605,華新,38,7,31,高橋-內壢,2023-06-27,5323
00882,中信中國高股息,30,2,28,高橋-內壢,2023-06-27,5323
3038,全台,43,15,28,高橋-內壢,2023-06-27,5323
1711,永光,32,5,27,高橋-內壢,2023-06-27,5323
3432,台端,25,0,25,高橋-內壢,2023-06-27,5323
2303,聯電,27,4,23,高橋-內壢,2023-06-27,5323
3706,神達,26,5,21,高橋-內壢,2023-06-27,5323
00675L,富邦臺灣加權正2,20,0,20,高橋-內壢,2023-06-27,5323
1314,中石化,20,0,20,高橋-內壢,2023-06-27,5323
3481,群創,39,20,19,高橋-內壢,2023-06-27,5323
2388,威盛,22,3,19,高橋-內壢,2023-06-27,5323
2349,錸德,19,1,18,高橋-內壢,2023-06-27,5323
2368,金像電,18,1,17,高橋-內壢,2023-06-27,5323
2736,富野,17,0,17,高橋-內壢,2023-06-27,5323
2344,華邦電,16,0,16,高橋-內壢,2023-06-27,5323
2427,三商電,36,20,16,高橋-內壢,2023-06-27,5323
6116,彩晶,16,0,16,高橋-內壢,2023-06-27,5323
6124,業強,16,0,16,高橋-內壢,2023-06-27,5323
2610,華航,71,57,14,高橋-內壢,2023-06-27,5323
6217,中探針,14,0,14,高橋-內壢,2023-06-27,5323
6456,GIS-KY,14,0,14,高橋-內壢,2023-06-27,5323
1471,首利,13,0,13,高橋-內壢,2023-06-27,5323
4106,雃博,11,0,11,高橋-內壢,2023-06-27,5323
6180,橘子,13,2,11,高橋-內壢,2023-06-27,5323
2352,佳世達,10,0,10,高橋-內壢,2023-06-27,5323
2022,聚亨,10,0,10,高橋-內壢,2023-06-27,5323
3041,揚智,10,0,10,高橋-內壢,2023-06-27,5323
4155,訊映,10,0,10,高橋-內壢,2023-06-27,5323
6190,萬泰科,10,0,10,高橋-內壢,2023-06-27,5323
1514,亞力,11,2,9,高橋-內壢,2023-06-27,5323
2453,凌群,9,0,9,高橋-內壢,2023-06-27,5323
3032,偉訓,11,2,9,高橋-內壢,2023-06-27,5323
6120,達運,10,1,9,高橋-內壢,2023-06-27,5323
6188,廣明,16,7,9,高橋-內壢,2023-06-27,5323
2601,益航,8,0,8,高橋-內壢,2023-06-27,5323
2609,陽明,9,1,8,高橋-內壢,2023-06-27,5323
3202,樺晟,8,0,8,高橋-內壢,2023-06-27,5323
8403,盛弘,8,0,8,高橋-內壢,2023-06-27,5323
2408,南亞科,7,0,7,高橋-內壢,2023-06-27,5323
5469,瀚宇博,7,0,7,高橋-內壢,2023-06-27,5323
6282,康舒,17,10,7,高橋-內壢,2023-06-27,5323
6669,緯穎,7,0,7,高橋-內壢,2023-06-27,5323
1524,耿鼎,6,0,6,高橋-內壢,2023-06-27,5323
2108,南帝,6,0,6,高橋-內壢,2023-06-27,5323
2637,慧洋-KY,6,0,6,高橋-內壢,2023-06-27,5323
1301,台塑,45,0,45,高橋-內壢,2023-06-28,5323
1314,中石化,37,0,37,高橋-內壢,2023-06-28,5323
1605,華新,39,5,34,高橋-內壢,2023-06-28,5323
6120,達運,29,1,28,高橋-內壢,2023-06-28,5323
00891,中信關鍵半導體,27,1,26,高橋-內壢,2023-06-28,5323
5469,瀚宇博,32,10,22,高橋-內壢,2023-06-28,5323
6770,力積電,35,13,22,高橋-內壢,2023-06-28,5323
00720B,元大投資級公司債,21,0,21,高橋-內壢,2023-06-28,5323
1609,大亞,18,0,18,高橋-內壢,2023-06-28,5323
2367,燿華,18,0,18,高橋-內壢,2023-06-28,5323
6432,今展科,17,0,17,高橋-內壢,2023-06-28,5323
2356,英業達,21,4,17,高橋-內壢,2023-06-28,5323
2888,新光金,15,0,15,高橋-內壢,2023-06-28,5323
3010,華立,15,0,15,高橋-內壢,2023-06-28,5323
2609,陽明,17,3,14,高橋-內壢,2023-06-28,5323
1444,力麗,15,2,13,高橋-內壢,2023-06-28,5323
00919,群益台灣精選高息,13,0,13,高橋-內壢,2023-06-28,5323
3532,台勝科,12,0,12,高橋-內壢,2023-06-28,5323
3231,緯創,24,14,10,高橋-內壢,2023-06-28,5323
1608,華榮,10,0,10,高橋-內壢,2023-06-28,5323
2303,聯電,10,1,9,高橋-內壢,2023-06-28,5323
4157,太景*-KY,11,2,9,高橋-內壢,2023-06-28,5323
6547,高端疫苗,11,2,9,高橋-內壢,2023-06-28,5323
1101,台泥,8,0,8,高橋-內壢,2023-06-28,5323
01003T,兆豐新光R1,8,0,8,高橋-內壢,2023-06-28,5323
2331,精英,10,2,8,高橋-內壢,2023-06-28,5323
2601,益航,8,0,8,高橋-內壢,2023-06-28,5323
6111,大宇資,8,0,8,高橋-內壢,2023-06-28,5323
00642U,期元大S＆P石油,7,0,7,高橋-內壢,2023-06-28,5323
2323,中環,11,4,7,高橋-內壢,2023-06-28,5323
5434,崇越,7,0,7,高橋-內壢,2023-06-28,5323
00878,國泰永續高股息,13,7,6,高橋-內壢,2023-06-28,5323
00679B,元大美債20年,6,0,6,高橋-內壢,2023-06-28,5323
2444,兆勁,6,0,6,高橋-內壢,2023-06-28,5323
2471,資通,6,0,6,高橋-內壢,2023-06-28,5323
3011,今皓,6,0,6,高橋-內壢,2023-06-28,5323
3058,立德,6,0,6,高橋-內壢,2023-06-28,5323
4106,雃博,6,0,6,高橋-內壢,2023-06-28,5323
4906,正文,6,0,6,高橋-內壢,2023-06-28,5323
1528,恩德,5,0,5,高橋-內壢,2023-06-28,5323
00900,富邦特選高股息30,6,1,5,高橋-內壢,2023-06-28,5323
1451,年興,5,0,5,高橋-內壢,2023-06-28,5323
1717,長興,5,0,5,高橋-內壢,2023-06-28,5323
2409,友達,6,1,5,高橋-內壢,2023-06-28,5323
3078,僑威,6,1,5,高橋-內壢,2023-06-28,5323
6116,彩晶,5,0,5,高橋-內壢,2023-06-28,5323
6153,嘉聯益,6,1,5,高橋-內壢,2023-06-28,5323
6869,雲豹能源,5,0,5,高橋-內壢,2023-06-28,5323
1714,和桐,4,0,4,高橋-內壢,2023-06-28,5323
2201,裕隆,4,0,4,高橋-內壢,2023-06-28,5323
2609,陽明,233,5,228,高橋-內壢,2023-06-29,5323
2618,長榮航,271,44,227,高橋-內壢,2023-06-29,5323
00632R,元大台灣50反1,190,0,190,高橋-內壢,2023-06-29,5323
3682,亞太電,63,0,63,高橋-內壢,2023-06-29,5323
2371,大同,36,3,33,高橋-內壢,2023-06-29,5323
2888,新光金,33,0,33,高橋-內壢,2023-06-29,5323
2889,國票金,32,0,32,高橋-內壢,2023-06-29,5323
1444,力麗,27,0,27,高橋-內壢,2023-06-29,5323
5465,富驊,26,2,24,高橋-內壢,2023-06-29,5323
2610,華航,28,6,22,高橋-內壢,2023-06-29,5323
00673R,期元大S＆P原油反1,21,0,21,高橋-內壢,2023-06-29,5323
3005,神基,21,0,21,高橋-內壢,2023-06-29,5323
00919,群益台灣精選高息,18,0,18,高橋-內壢,2023-06-29,5323
0056,元大高股息,20,2,18,高橋-內壢,2023-06-29,5323
2427,三商電,18,0,18,高橋-內壢,2023-06-29,5323
6547,高端疫苗,20,4,16,高橋-內壢,2023-06-29,5323
1605,華新,16,1,15,高橋-內壢,2023-06-29,5323
2734,易飛網,14,0,14,高橋-內壢,2023-06-29,5323
1609,大亞,24,12,12,高橋-內壢,2023-06-29,5323
4526,東台,12,0,12,高橋-內壢,2023-06-29,5323
6190,萬泰科,12,0,12,高橋-內壢,2023-06-29,5323
3231,緯創,41,29,12,高橋-內壢,2023-06-29,5323
3706,神達,18,7,11,高橋-內壢,2023-06-29,5323
4967,十銓,11,0,11,高橋-內壢,2023-06-29,5323
1313,聯成,10,0,10,高橋-內壢,2023-06-29,5323
2601,益航,10,0,10,高橋-內壢,2023-06-29,5323
6589,台康生技,11,1,10,高橋-內壢,2023-06-29,5323
3105,穩懋,10,1,9,高橋-內壢,2023-06-29,5323
2412,中華電,7,0,7,高橋-內壢,2023-06-29,5323
1301,台塑,7,0,7,高橋-內壢,2023-06-29,5323
1802,台玻,7,0,7,高橋-內壢,2023-06-29,5323
8358,金居,6,0,6,高橋-內壢,2023-06-29,5323
1409,新纖,6,0,6,高橋-內壢,2023-06-29,5323
2634,漢翔,7,1,6,高橋-內壢,2023-06-29,5323
2884,玉山金,6,0,6,高橋-內壢,2023-06-29,5323
5301,寶得利,6,0,6,高橋-內壢,2023-06-29,5323
5475,德宏,6,0,6,高橋-內壢,2023-06-29,5323
2515,中工,5,0,5,高橋-內壢,2023-06-29,5323
2615,萬海,4,0,4,高橋-內壢,2023-06-29,5323
00878,國泰永續高股息,6,2,4,高橋-內壢,2023-06-29,5323
2313,華通,5,1,4,高橋-內壢,2023-06-29,5323
2457,飛宏,4,0,4,高橋-內壢,2023-06-29,5323
3011,今皓,7,3,4,高橋-內壢,2023-06-29,5323
4979,華星光,7,3,4,高橋-內壢,2023-06-29,5323
5347,世界,4,0,4,高橋-內壢,2023-06-29,5323
6274,台燿,5,1,4,高橋-內壢,2023-06-29,5323
6282,康舒,5,1,4,高橋-內壢,2023-06-29,5323
00922,國泰台灣領袖50,3,0,3,高橋-內壢,2023-06-29,5323
2201,裕隆,5,2,3,高橋-內壢,2023-06-29,5323
2425,承啟,3,0,3,高橋-內壢,2023-06-29,5323
2618,長榮航,257,9,248,高橋-內壢,2023-06-30,5323
6153,嘉聯益,202,0,202,高橋-內壢,2023-06-30,5323
2014,中鴻,100,0,100,高橋-內壢,2023-06-30,5323
2913,農林,100,0,100,高橋-內壢,2023-06-30,5323
2610,華航,75,0,75,高橋-內壢,2023-06-30,5323
2880,華南金,66,0,66,高橋-內壢,2023-06-30,5323
6152,百一,53,0,53,高橋-內壢,2023-06-30,5323
2888,新光金,42,0,42,高橋-內壢,2023-06-30,5323
00921,兆豐龍頭等權重,31,0,31,高橋-內壢,2023-06-30,5323
2408,南亞科,25,0,25,高橋-內壢,2023-06-30,5323
2338,光罩,25,1,24,高橋-內壢,2023-06-30,5323
3704,合勤控,31,8,23,高橋-內壢,2023-06-30,5323
2344,華邦電,33,10,23,高橋-內壢,2023-06-30,5323
2883,凱基金,22,0,22,高橋-內壢,2023-06-30,5323
00888,永豐台灣ESG,21,0,21,高橋-內壢,2023-06-30,5323
3078,僑威,23,5,18,高橋-內壢,2023-06-30,5323
1513,中興電,28,11,17,高橋-內壢,2023-06-30,5323
3013,晟銘電,16,0,16,高橋-內壢,2023-06-30,5323
8034,榮群,15,0,15,高橋-內壢,2023-06-30,5323
6589,台康生技,13,0,13,高橋-內壢,2023-06-30,5323
2379,瑞昱,12,0,12,高橋-內壢,2023-06-30,5323
2897,王道銀行,12,0,12,高橋-內壢,2023-06-30,5323
3105,穩懋,11,0,11,高橋-內壢,2023-06-30,5323
3346,麗清,11,0,11,高橋-內壢,2023-06-30,5323
6237,驊訊,11,0,11,高橋-內壢,2023-06-30,5323
00642U,期元大S＆P石油,10,0,10,高橋-內壢,2023-06-30,5323
00673R,期元大S＆P原油反1,10,0,10,高橋-內壢,2023-06-30,5323
2427,三商電,10,0,10,高橋-內壢,2023-06-30,5323
1528,恩德,9,0,9,高橋-內壢,2023-06-30,5323
00919,群益台灣精選高息,11,2,9,高橋-內壢,2023-06-30,5323
2444,兆勁,9,0,9,高橋-內壢,2023-06-30,5323
3450,聯鈞,11,2,9,高橋-內壢,2023-06-30,5323
4155,訊映,9,0,9,高橋-內壢,2023-06-30,5323
00679B,元大美債20年,8,0,8,高橋-內壢,2023-06-30,5323
1444,力麗,8,1,7,高橋-內壢,2023-06-30,5323
1605,華新,12,5,7,高橋-內壢,2023-06-30,5323
4977,眾達-KY,7,0,7,高橋-內壢,2023-06-30,5323
6116,彩晶,7,0,7,高橋-內壢,2023-06-30,5323
3706,神達,10,3,7,高橋-內壢,2023-06-30,5323
3481,群創,6,0,6,高橋-內壢,2023-06-30,5323
3711,日月光投控,6,0,6,高橋-內壢,2023-06-30,5323
00720B,元大投資級公司債,6,0,6,高橋-內壢,2023-06-30,5323
2324,仁寶,8,2,6,高橋-內壢,2023-06-30,5323
2425,承啟,6,0,6,高橋-內壢,2023-06-30,5323
2457,飛宏,9,3,6,高橋-內壢,2023-06-30,5323
3034,聯詠,6,0,6,高橋-內壢,2023-06-30,5323
4157,太景*-KY,12,6,6,高橋-內壢,2023-06-30,5323
6770,力積電,6,0,6,高橋-內壢,2023-06-30,5323
1301,台塑,5,0,5,高橋-內壢,2023-06-30,5323
1504,東元,7,2,5,高橋-內壢,2023-06-30,5323
00882,中信中國高股息,70,2,68,高橋-內壢,2023-07-03,5323
2358,廷鑫,56,0,56,高橋-內壢,2023-07-03,5323
2331,精英,57,2,55,高橋-內壢,2023-07-03,5323
2615,萬海,57,10,47,高橋-內壢,2023-07-03,5323
00753L,中信中國50正2,35,0,35,高橋-內壢,2023-07-03,5323
2344,華邦電,37,2,35,高橋-內壢,2023-07-03,5323
0056,元大高股息,43,9,34,高橋-內壢,2023-07-03,5323
1605,華新,43,14,29,高橋-內壢,2023-07-03,5323
1460,宏遠,31,4,27,高橋-內壢,2023-07-03,5323
2603,長榮,32,12,20,高橋-內壢,2023-07-03,5323
1603,華電,20,0,20,高橋-內壢,2023-07-03,5323
2303,聯電,24,5,19,高橋-內壢,2023-07-03,5323
6589,台康生技,20,1,19,高橋-內壢,2023-07-03,5323
4157,太景*-KY,22,6,16,高橋-內壢,2023-07-03,5323
2538,基泰,14,0,14,高橋-內壢,2023-07-03,5323
2356,英業達,26,13,13,高橋-內壢,2023-07-03,5323
2883,凱基金,13,0,13,高橋-內壢,2023-07-03,5323
1904,正隆,14,1,13,高橋-內壢,2023-07-03,5323
1514,亞力,14,1,13,高橋-內壢,2023-07-03,5323
1528,恩德,12,0,12,高橋-內壢,2023-07-03,5323
3217,優群,13,1,12,高橋-內壢,2023-07-03,5323
2413,環科,11,1,10,高橋-內壢,2023-07-03,5323
2489,瑞軒,10,0,10,高橋-內壢,2023-07-03,5323
6180,橘子,10,0,10,高橋-內壢,2023-07-03,5323
2409,友達,11,2,9,高橋-內壢,2023-07-03,5323
6547,高端疫苗,12,3,9,高橋-內壢,2023-07-03,5323
2845,遠東銀,8,0,8,高橋-內壢,2023-07-03,5323
2888,新光金,10,2,8,高橋-內壢,2023-07-03,5323
4916,事欣科,9,1,8,高橋-內壢,2023-07-03,5323
6116,彩晶,10,2,8,高橋-內壢,2023-07-03,5323
1905,華紙,21,13,8,高橋-內壢,2023-07-03,5323
4968,立積,7,0,7,高橋-內壢,2023-07-03,5323
2449,京元電子,6,0,6,高橋-內壢,2023-07-03,5323
3518,柏騰,6,0,6,高橋-內壢,2023-07-03,5323
4538,大詠城,6,0,6,高橋-內壢,2023-07-03,5323
6208,日揚,6,0,6,高橋-內壢,2023-07-03,5323
1301,台塑,5,0,5,高橋-內壢,2023-07-03,5323
1786,科妍,5,0,5,高橋-內壢,2023-07-03,5323
2008,高興昌,5,0,5,高橋-內壢,2023-07-03,5323
2328,廣宇,5,0,5,高橋-內壢,2023-07-03,5323
2611,志信,5,0,5,高橋-內壢,2023-07-03,5323
2723,美食-KY,5,0,5,高橋-內壢,2023-07-03,5323
2929,淘帝-KY,5,0,5,高橋-內壢,2023-07-03,5323
3346,麗清,5,0,5,高橋-內壢,2023-07-03,5323
4564,元翎,5,0,5,高橋-內壢,2023-07-03,5323
6188,廣明,6,1,5,高橋-內壢,2023-07-03,5323
4123,晟德,4,0,4,高橋-內壢,2023-07-03,5323
2609,陽明,182,178,4,高橋-內壢,2023-07-03,5323
2405,輔信,5,1,4,高橋-內壢,2023-07-03,5323
6182,合晶,4,0,4,高橋-內壢,2023-07-03,5323
2888,新光金,146,0,146,高橋-內壢,2023-07-04,5323
2317,鴻海,48,5,43,高橋-內壢,2023-07-04,5323
1905,華紙,60,25,35,高橋-內壢,2023-07-04,5323
2609,陽明,89,54,35,高橋-內壢,2023-07-04,5323
3041,揚智,31,0,31,高橋-內壢,2023-07-04,5323
2449,京元電子,34,5,29,高橋-內壢,2023-07-04,5323
0056,元大高股息,51,22,29,高橋-內壢,2023-07-04,5323
2603,長榮,68,41,27,高橋-內壢,2023-07-04,5323
3231,緯創,44,20,24,高橋-內壢,2023-07-04,5323
2358,廷鑫,23,0,23,高橋-內壢,2023-07-04,5323
3090,日電貿,23,0,23,高橋-內壢,2023-07-04,5323
2022,聚亨,20,0,20,高橋-內壢,2023-07-04,5323
4566,時碩工業,20,0,20,高橋-內壢,2023-07-04,5323
1460,宏遠,22,3,19,高橋-內壢,2023-07-04,5323
1795,美時,15,0,15,高橋-內壢,2023-07-04,5323
3711,日月光投控,14,0,14,高橋-內壢,2023-07-04,5323
6125,廣運,13,0,13,高橋-內壢,2023-07-04,5323
1605,華新,16,4,12,高橋-內壢,2023-07-04,5323
3217,優群,16,4,12,高橋-內壢,2023-07-04,5323
3535,晶彩科,12,0,12,高橋-內壢,2023-07-04,5323
2606,裕民,21,10,11,高橋-內壢,2023-07-04,5323
3025,星通,16,5,11,高橋-內壢,2023-07-04,5323
00902,中信電池及儲能,10,0,10,高橋-內壢,2023-07-04,5323
2301,光寶科,16,6,10,高橋-內壢,2023-07-04,5323
2610,華航,31,21,10,高橋-內壢,2023-07-04,5323
2855,統一證,10,0,10,高橋-內壢,2023-07-04,5323
2890,永豐金,10,0,10,高橋-內壢,2023-07-04,5323
3005,神基,10,0,10,高橋-內壢,2023-07-04,5323
5243,乙盛-KY,10,0,10,高橋-內壢,2023-07-04,5323
6207,雷科,10,0,10,高橋-內壢,2023-07-04,5323
6697,東捷資訊,10,0,10,高橋-內壢,2023-07-04,5323
7402,邑錡,17,7,10,高橋-內壢,2023-07-04,5323
2303,聯電,9,0,9,高橋-內壢,2023-07-04,5323
2353,宏��,10,1,9,高橋-內壢,2023-07-04,5323
3013,晟銘電,14,5,9,高橋-內壢,2023-07-04,5323
5344,立衛,9,0,9,高橋-內壢,2023-07-04,5323
8112,至上,10,1,9,高橋-內壢,2023-07-04,5323
2380,虹光,8,0,8,高橋-內壢,2023-07-04,5323
2748,雲品,8,0,8,高橋-內壢,2023-07-04,5323
4904,遠傳,8,0,8,高橋-內壢,2023-07-04,5323
4906,正文,26,18,8,高橋-內壢,2023-07-04,5323
5301,寶得利,8,0,8,高橋-內壢,2023-07-04,5323
3481,群創,12,4,8,高橋-內壢,2023-07-04,5323
2734,易飛網,7,0,7,高橋-內壢,2023-07-04,5323
4583,台灣精銳,7,0,7,高橋-內壢,2023-07-04,5323
6112,邁達特,7,0,7,高橋-內壢,2023-07-04,5323
1301,台塑,7,0,7,高橋-內壢,2023-07-04,5323
2883,凱基金,16,9,7,高橋-內壢,2023-07-04,5323
5465,富驊,7,0,7,高橋-內壢,2023-07-04,5323
6282,康舒,25,18,7,高橋-內壢,2023-07-04,5323
00632R,元大台灣50反1,190,15,175,高橋-內壢,2023-07-05,5323
1304,台聚,65,1,64,高橋-內壢,2023-07-05,5323
1314,中石化,58,0,58,高橋-內壢,2023-07-05,5323
2356,英業達,67,15,52,高橋-內壢,2023-07-05,5323
2358,廷鑫,50,0,50,高橋-內壢,2023-07-05,5323
2610,華航,60,10,50,高橋-內壢,2023-07-05,5323
2801,彰銀,40,0,40,高橋-內壢,2023-07-05,5323
1605,華新,33,2,31,高橋-內壢,2023-07-05,5323
2317,鴻海,31,6,25,高橋-內壢,2023-07-05,5323
3231,緯創,46,21,25,高橋-內壢,2023-07-05,5323
2427,三商電,24,0,24,高橋-內壢,2023-07-05,5323
4904,遠傳,23,0,23,高橋-內壢,2023-07-05,5323
4934,太極,35,12,23,高橋-內壢,2023-07-05,5323
2363,矽統,23,1,22,高橋-內壢,2023-07-05,5323
2867,三商壽,21,0,21,高橋-內壢,2023-07-05,5323
2892,第一金,20,0,20,高橋-內壢,2023-07-05,5323
6218,豪勉,20,0,20,高橋-內壢,2023-07-05,5323
9919,康那香,20,0,20,高橋-內壢,2023-07-05,5323
9802,鈺齊-KY,21,3,18,高橋-內壢,2023-07-05,5323
00878,國泰永續高股息,20,4,16,高橋-內壢,2023-07-05,5323
2002,中鋼,17,1,16,高橋-內壢,2023-07-05,5323
6282,康舒,26,10,16,高橋-內壢,2023-07-05,5323
3706,神達,19,4,15,高橋-內壢,2023-07-05,5323
2889,國票金,15,0,15,高橋-內壢,2023-07-05,5323
6005,群益證,15,0,15,高橋-內壢,2023-07-05,5323
4155,訊映,13,0,13,高橋-內壢,2023-07-05,5323
2603,長榮,17,4,13,高橋-內壢,2023-07-05,5323
2615,萬海,11,1,10,高橋-內壢,2023-07-05,5323
1517,利奇,10,0,10,高橋-內壢,2023-07-05,5323
00919,群益台灣精選高息,16,6,10,高橋-內壢,2023-07-05,5323
00673R,期元大S＆P原油反1,10,0,10,高橋-內壢,2023-07-05,5323
00637L,元大滬深300正2,10,0,10,高橋-內壢,2023-07-05,5323
2340,台亞,11,1,10,高橋-內壢,2023-07-05,5323
2369,菱生,15,5,10,高橋-內壢,2023-07-05,5323
3615,安可,10,0,10,高橋-內壢,2023-07-05,5323
4532,瑞智,40,30,10,高橋-內壢,2023-07-05,5323
5014,建錩,10,0,10,高橋-內壢,2023-07-05,5323
5344,立衛,10,0,10,高橋-內壢,2023-07-05,5323
8088,品安,10,0,10,高橋-內壢,2023-07-05,5323
2104,國際中橡,10,1,9,高橋-內壢,2023-07-05,5323
2312,金寶,14,5,9,高橋-內壢,2023-07-05,5323
3715,定穎投控,15,6,9,高橋-內壢,2023-07-05,5323
3481,群創,31,22,9,高橋-內壢,2023-07-05,5323
0056,元大高股息,12,3,9,高橋-內壢,2023-07-05,5323
00929,復華台灣科技優息,10,2,8,高橋-內壢,2023-07-05,5323
00927,群益半導體收益,8,0,8,高橋-內壢,2023-07-05,5323
2301,光寶科,8,0,8,高橋-內壢,2023-07-05,5323
2303,聯電,8,0,8,高橋-內壢,2023-07-05,5323
2883,凱基金,13,5,8,高橋-內壢,2023-07-05,5323
3025,星通,8,0,8,高橋-內壢,2023-07-05,5323
6443,元晶,284,1,283,高橋-內壢,2023-07-06,5323
3481,群創,222,19,203,高橋-內壢,2023-07-06,5323
00929,復華台灣科技優息,67,0,67,高橋-內壢,2023-07-06,5323
2888,新光金,63,0,63,高橋-內壢,2023-07-06,5323
5302,太欣,56,0,56,高橋-內壢,2023-07-06,5323
2618,長榮航,231,187,44,高橋-內壢,2023-07-06,5323
6282,康舒,52,11,41,高橋-內壢,2023-07-06,5323
2323,中環,46,7,39,高橋-內壢,2023-07-06,5323
2891,中信金,38,0,38,高橋-內壢,2023-07-06,5323
1909,榮成,35,0,35,高橋-內壢,2023-07-06,5323
2359,所羅門,35,1,34,高橋-內壢,2023-07-06,5323
2834,臺企銀,32,0,32,高橋-內壢,2023-07-06,5323
2867,三商壽,30,0,30,高橋-內壢,2023-07-06,5323
6770,力積電,79,49,30,高橋-內壢,2023-07-06,5323
00919,群益台灣精選高息,28,0,28,高橋-內壢,2023-07-06,5323
2329,華泰,28,0,28,高橋-內壢,2023-07-06,5323
8215,明基材,29,1,28,高橋-內壢,2023-07-06,5323
00878,國泰永續高股息,26,1,25,高橋-內壢,2023-07-06,5323
2317,鴻海,30,8,22,高橋-內壢,2023-07-06,5323
1312,國喬,22,0,22,高橋-內壢,2023-07-06,5323
2340,台亞,33,11,22,高橋-內壢,2023-07-06,5323
00888,永豐台灣ESG,21,0,21,高橋-內壢,2023-07-06,5323
0056,元大高股息,20,0,20,高橋-內壢,2023-07-06,5323
00882,中信中國高股息,23,3,20,高橋-內壢,2023-07-06,5323
6136,富爾特,20,0,20,高橋-內壢,2023-07-06,5323
2002,中鋼,18,0,18,高橋-內壢,2023-07-06,5323
3037,欣興,18,0,18,高橋-內壢,2023-07-06,5323
6290,良維,22,4,18,高橋-內壢,2023-07-06,5323
3231,緯創,20,4,16,高橋-內壢,2023-07-06,5323
1611,中電,17,2,15,高橋-內壢,2023-07-06,5323
2885,元大金,15,0,15,高橋-內壢,2023-07-06,5323
4566,時碩工業,17,2,15,高橋-內壢,2023-07-06,5323
8926,台汽電,17,2,15,高橋-內壢,2023-07-06,5323
1905,華紙,12,0,12,高橋-內壢,2023-07-06,5323
2889,國票金,12,0,12,高橋-內壢,2023-07-06,5323
3362,先進光,14,2,12,高橋-內壢,2023-07-06,5323
6111,大宇資,16,4,12,高橋-內壢,2023-07-06,5323
1584,精剛,12,1,11,高橋-內壢,2023-07-06,5323
8936,國統,21,10,11,高橋-內壢,2023-07-06,5323
1101,台泥,12,2,10,高橋-內壢,2023-07-06,5323
00637L,元大滬深300正2,10,0,10,高橋-內壢,2023-07-06,5323
00673R,期元大S＆P原油反1,10,0,10,高橋-內壢,2023-07-06,5323
1517,利奇,10,0,10,高橋-內壢,2023-07-06,5323
2371,大同,22,12,10,高橋-內壢,2023-07-06,5323
2601,益航,12,2,10,高橋-內壢,2023-07-06,5323
5388,中磊,11,1,10,高橋-內壢,2023-07-06,5323
6174,安��,10,0,10,高橋-內壢,2023-07-06,5323
8034,榮群,10,0,10,高橋-內壢,2023-07-06,5323
2356,英業達,26,16,10,高橋-內壢,2023-07-06,5323
1513,中興電,10,1,9,高橋-內壢,2023-07-06,5323
2897,王道銀行,201,0,201,高橋-內壢,2023-07-07,5323
6244,茂迪,120,1,119,高橋-內壢,2023-07-07,5323
1314,中石化,54,0,54,高橋-內壢,2023-07-07,5323
2358,廷鑫,44,0,44,高橋-內壢,2023-07-07,5323
2344,華邦電,28,0,28,高橋-內壢,2023-07-07,5323
00929,復華台灣科技優息,30,2,28,高橋-內壢,2023-07-07,5323
2356,英業達,55,29,26,高橋-內壢,2023-07-07,5323
2601,益航,28,2,26,高橋-內壢,2023-07-07,5323
00720B,元大投資級公司債,25,0,25,高橋-內壢,2023-07-07,5323
2332,友訊,20,0,20,高橋-內壢,2023-07-07,5323
1312,國喬,20,0,20,高橋-內壢,2023-07-07,5323
00712,復華富時不動產,20,0,20,高橋-內壢,2023-07-07,5323
2029,盛餘,20,0,20,高橋-內壢,2023-07-07,5323
4123,晟德,19,0,19,高橋-內壢,2023-07-07,5323
6117,迎廣,20,3,17,高橋-內壢,2023-07-07,5323
8926,台汽電,17,0,17,高橋-內壢,2023-07-07,5323
2603,長榮,23,8,15,高橋-內壢,2023-07-07,5323
3015,全漢,15,0,15,高橋-內壢,2023-07-07,5323
6188,廣明,19,5,14,高橋-內壢,2023-07-07,5323
00830,國泰費城半導體,13,0,13,高橋-內壢,2023-07-07,5323
2301,光寶科,15,2,13,高橋-內壢,2023-07-07,5323
00882,中信中國高股息,12,0,12,高橋-內壢,2023-07-07,5323
00888,永豐台灣ESG,11,0,11,高橋-內壢,2023-07-07,5323
2427,三商電,15,4,11,高橋-內壢,2023-07-07,5323
3217,優群,25,14,11,高橋-內壢,2023-07-07,5323
4104,佳醫,11,0,11,高橋-內壢,2023-07-07,5323
2609,陽明,33,23,10,高橋-內壢,2023-07-07,5323
1513,中興電,11,1,10,高橋-內壢,2023-07-07,5323
00673R,期元大S＆P原油反1,10,0,10,高橋-內壢,2023-07-07,5323
2002,中鋼,11,1,10,高橋-內壢,2023-07-07,5323
2104,國際中橡,10,0,10,高橋-內壢,2023-07-07,5323
2340,台亞,10,0,10,高橋-內壢,2023-07-07,5323
2889,國票金,10,0,10,高橋-內壢,2023-07-07,5323
3380,明泰,12,2,10,高橋-內壢,2023-07-07,5323
3607,谷崧,10,0,10,高橋-內壢,2023-07-07,5323
3689,湧德,10,0,10,高橋-內壢,2023-07-07,5323
6163,華電網,10,0,10,高橋-內壢,2023-07-07,5323
2882,國泰金,9,0,9,高橋-內壢,2023-07-07,5323
5014,建錩,9,0,9,高橋-內壢,2023-07-07,5323
5302,太欣,9,0,9,高橋-內壢,2023-07-07,5323
1101,台泥,8,0,8,高橋-內壢,2023-07-07,5323
1611,中電,9,1,8,高橋-內壢,2023-07-07,5323
2329,華泰,8,0,8,高橋-內壢,2023-07-07,5323
3305,昇貿,10,2,8,高橋-內壢,2023-07-07,5323
8046,南電,7,0,7,高橋-內壢,2023-07-07,5323
00919,群益台灣精選高息,10,3,7,高橋-內壢,2023-07-07,5323
1460,宏遠,7,0,7,高橋-內壢,2023-07-07,5323
2353,宏��,8,1,7,高橋-內壢,2023-07-07,5323
1301,台塑,16,10,6,高橋-內壢,2023-07-07,5323
2313,華通,12,6,6,高橋-內壢,2023-07-07,5323
2489,瑞軒,120,0,120,高橋-內壢,2023-07-10,5323
2834,臺企銀,56,9,47,高橋-內壢,2023-07-10,5323
00795B,中信美國公債20年,41,0,41,高橋-內壢,2023-07-10,5323
4960,誠美材,40,0,40,高橋-內壢,2023-07-10,5323
00679B,元大美債20年,33,0,33,高橋-內壢,2023-07-10,5323
00929,復華台灣科技優息,32,0,32,高橋-內壢,2023-07-10,5323
4532,瑞智,69,39,30,高橋-內壢,2023-07-10,5323
3432,台端,28,0,28,高橋-內壢,2023-07-10,5323
6288,聯嘉,30,3,27,高橋-內壢,2023-07-10,5323
8121,越峰,25,0,25,高橋-內壢,2023-07-10,5323
2618,長榮航,32,9,23,高橋-內壢,2023-07-10,5323
2609,陽明,37,16,21,高橋-內壢,2023-07-10,5323
1101,台泥,21,0,21,高橋-內壢,2023-07-10,5323
00882,中信中國高股息,22,2,20,高橋-內壢,2023-07-10,5323
2029,盛餘,20,0,20,高橋-內壢,2023-07-10,5323
00919,群益台灣精選高息,19,0,19,高橋-內壢,2023-07-10,5323
2104,國際中橡,20,2,18,高橋-內壢,2023-07-10,5323
6207,雷科,17,0,17,高橋-內壢,2023-07-10,5323
2610,華航,19,3,16,高橋-內壢,2023-07-10,5323
2883,凱基金,15,0,15,高橋-內壢,2023-07-10,5323
4128,中天,14,0,14,高橋-內壢,2023-07-10,5323
2601,益航,12,0,12,高橋-內壢,2023-07-10,5323
3406,玉晶光,13,1,12,高橋-內壢,2023-07-10,5323
3711,日月光投控,12,0,12,高橋-內壢,2023-07-10,5323
00673R,期元大S＆P原油反1,11,0,11,高橋-內壢,2023-07-10,5323
1609,大亞,32,21,11,高橋-內壢,2023-07-10,5323
1528,恩德,10,0,10,高橋-內壢,2023-07-10,5323
2349,錸德,10,0,10,高橋-內壢,2023-07-10,5323
3035,智原,10,0,10,高橋-內壢,2023-07-10,5323
6190,萬泰科,10,0,10,高橋-內壢,2023-07-10,5323
8092,建暐,10,0,10,高橋-內壢,2023-07-10,5323
8404,百和興業-KY,10,0,10,高橋-內壢,2023-07-10,5323
1513,中興電,10,1,9,高橋-內壢,2023-07-10,5323
2882,國泰金,10,1,9,高橋-內壢,2023-07-10,5323
2317,鴻海,8,0,8,高橋-內壢,2023-07-10,5323
00888,永豐台灣ESG,8,0,8,高橋-內壢,2023-07-10,5323
2356,英業達,19,11,8,高橋-內壢,2023-07-10,5323
2401,凌陽,10,2,8,高橋-內壢,2023-07-10,5323
4743,合一,8,0,8,高橋-內壢,2023-07-10,5323
6138,茂達,7,0,7,高橋-內壢,2023-07-10,5323
00712,復華富時不動產,7,0,7,高橋-內壢,2023-07-10,5323
2371,大同,26,19,7,高橋-內壢,2023-07-10,5323
5347,世界,7,0,7,高橋-內壢,2023-07-10,5323
2812,台中銀,8,1,7,高橋-內壢,2023-07-10,5323
2884,玉山金,6,0,6,高橋-內壢,2023-07-10,5323
00687B,國泰20年美債,6,0,6,高橋-內壢,2023-07-10,5323
2358,廷鑫,7,1,6,高橋-內壢,2023-07-10,5323
3037,欣興,6,0,6,高橋-內壢,2023-07-10,5323
3706,神達,8,2,6,高橋-內壢,2023-07-10,5323
6282,康舒,9,3,6,高橋-內壢,2023-07-10,5323
00632R,元大台灣50反1,78,0,78,高橋-內壢,2023-07-11,5323
2883,凱基金,65,5,60,高橋-內壢,2023-07-11,5323
3038,全台,30,1,29,高橋-內壢,2023-07-11,5323
6142,友勁,27,0,27,高橋-內壢,2023-07-11,5323
6248,沛波,27,0,27,高橋-內壢,2023-07-11,5323
3363,上詮,26,2,24,高橋-內壢,2023-07-11,5323
2493,揚博,23,0,23,高橋-內壢,2023-07-11,5323
2618,長榮航,35,16,19,高橋-內壢,2023-07-11,5323
5864,致和證,18,0,18,高橋-內壢,2023-07-11,5323
2745,五福,18,1,17,高橋-內壢,2023-07-11,5323
3025,星通,49,32,17,高橋-內壢,2023-07-11,5323
6116,彩晶,22,5,17,高橋-內壢,2023-07-11,5323
1301,台塑,13,0,13,高橋-內壢,2023-07-11,5323
4934,太極,20,7,13,高橋-內壢,2023-07-11,5323
3037,欣興,13,1,12,高橋-內壢,2023-07-11,5323
3703,欣陸,12,0,12,高橋-內壢,2023-07-11,5323
1101,台泥,11,0,11,高橋-內壢,2023-07-11,5323
2323,中環,142,131,11,高橋-內壢,2023-07-11,5323
00650L,復華香港正2,10,0,10,高橋-內壢,2023-07-11,5323
1710,東聯,10,0,10,高橋-內壢,2023-07-11,5323
1783,和康生,10,0,10,高橋-內壢,2023-07-11,5323
3234,光環,10,0,10,高橋-內壢,2023-07-11,5323
4510,高鋒,12,2,10,高橋-內壢,2023-07-11,5323
5315,光聯,10,0,10,高橋-內壢,2023-07-11,5323
6531,愛普*,11,1,10,高橋-內壢,2023-07-11,5323
8021,尖點,10,0,10,高橋-內壢,2023-07-11,5323
2317,鴻海,12,2,10,高橋-內壢,2023-07-11,5323
2603,長榮,20,10,10,高橋-內壢,2023-07-11,5323
2929,淘帝-KY,9,0,9,高橋-內壢,2023-07-11,5323
5465,富驊,10,1,9,高橋-內壢,2023-07-11,5323
6244,茂迪,10,1,9,高橋-內壢,2023-07-11,5323
00892,富邦台灣半導體,8,0,8,高橋-內壢,2023-07-11,5323
6282,康舒,13,5,8,高橋-內壢,2023-07-11,5323
00891,中信關鍵半導體,7,0,7,高橋-內壢,2023-07-11,5323
1611,中電,7,0,7,高橋-內壢,2023-07-11,5323
2615,萬海,8,1,7,高橋-內壢,2023-07-11,5323
1540,喬福,8,2,6,高橋-內壢,2023-07-11,5323
2331,精英,6,0,6,高橋-內壢,2023-07-11,5323
2607,榮運,6,0,6,高橋-內壢,2023-07-11,5323
3013,晟銘電,10,4,6,高橋-內壢,2023-07-11,5323
4967,十銓,6,0,6,高橋-內壢,2023-07-11,5323
6203,海韻電,6,0,6,高橋-內壢,2023-07-11,5323
9958,世紀鋼,6,0,6,高橋-內壢,2023-07-11,5323
3046,建��,5,0,5,高橋-內壢,2023-07-11,5323
1471,首利,5,0,5,高橋-內壢,2023-07-11,5323
1608,華榮,5,0,5,高橋-內壢,2023-07-11,5323
4123,晟德,5,0,5,高橋-內壢,2023-07-11,5323
4164,承業醫,5,0,5,高橋-內壢,2023-07-11,5323
5706,鳳凰,6,1,5,高橋-內壢,2023-07-11,5323
6223,旺矽,7,2,5,高橋-內壢,2023-07-11,5323
6288,聯嘉,94,10,84,高橋-內壢,2023-07-12,5323
5425,台半,72,0,72,高橋-內壢,2023-07-12,5323
2883,凱基金,65,5,60,高橋-內壢,2023-07-12,5323
2399,映泰,59,1,58,高橋-內壢,2023-07-12,5323
2358,廷鑫,54,2,52,高橋-內壢,2023-07-12,5323
2374,佳能,50,0,50,高橋-內壢,2023-07-12,5323
2867,三商壽,54,10,44,高橋-內壢,2023-07-12,5323
3032,偉訓,40,0,40,高橋-內壢,2023-07-12,5323
2303,聯電,37,0,37,高橋-內壢,2023-07-12,5323
2834,臺企銀,29,0,29,高橋-內壢,2023-07-12,5323
2356,英業達,81,53,28,高橋-內壢,2023-07-12,5323
5905,南仁湖,25,1,24,高橋-內壢,2023-07-12,5323
2601,益航,20,0,20,高橋-內壢,2023-07-12,5323
00905,FT臺灣Smart,17,0,17,高橋-內壢,2023-07-12,5323
00929,復華台灣科技優息,17,1,16,高橋-內壢,2023-07-12,5323
2634,漢翔,18,2,16,高橋-內壢,2023-07-12,5323
1513,中興電,51,35,16,高橋-內壢,2023-07-12,5323
3576,聯合再生,15,0,15,高橋-內壢,2023-07-12,5323
2609,陽明,28,14,14,高橋-內壢,2023-07-12,5323
3038,全台,14,0,14,高橋-內壢,2023-07-12,5323
2489,瑞軒,13,0,13,高橋-內壢,2023-07-12,5323
3362,先進光,13,0,13,高橋-內壢,2023-07-12,5323
5864,致和證,13,0,13,高橋-內壢,2023-07-12,5323
6188,廣明,26,13,13,高橋-內壢,2023-07-12,5323
1720,生達,12,0,12,高橋-內壢,2023-07-12,5323
2481,強茂,12,0,12,高橋-內壢,2023-07-12,5323
3058,立德,12,0,12,高橋-內壢,2023-07-12,5323
00673R,期元大S＆P原油反1,11,0,11,高橋-內壢,2023-07-12,5323
2897,王道銀行,11,0,11,高橋-內壢,2023-07-12,5323
3704,合勤控,11,0,11,高橋-內壢,2023-07-12,5323
1218,泰山,10,0,10,高橋-內壢,2023-07-12,5323
1312,國喬,10,0,10,高橋-內壢,2023-07-12,5323
1909,榮成,10,0,10,高橋-內壢,2023-07-12,5323
2002,中鋼,11,1,10,高橋-內壢,2023-07-12,5323
3419,譁裕,10,0,10,高橋-內壢,2023-07-12,5323
3645,達邁,10,0,10,高橋-內壢,2023-07-12,5323
5284,jpp-KY,11,1,10,高橋-內壢,2023-07-12,5323
6138,茂達,10,0,10,高橋-內壢,2023-07-12,5323
8046,南電,12,2,10,高橋-內壢,2023-07-12,5323
8936,國統,10,0,10,高橋-內壢,2023-07-12,5323
3481,群創,9,0,9,高橋-內壢,2023-07-12,5323
3189,景碩,9,0,9,高橋-內壢,2023-07-12,5323
5371,中光電,10,1,9,高橋-內壢,2023-07-12,5323
1409,新纖,8,0,8,高橋-內壢,2023-07-12,5323
1618,合機,13,5,8,高橋-內壢,2023-07-12,5323
2421,建準,11,3,8,高橋-內壢,2023-07-12,5323
2605,新興,8,0,8,高橋-內壢,2023-07-12,5323
2734,易飛網,13,5,8,高橋-內壢,2023-07-12,5323
6218,豪勉,9,2,7,高橋-內壢,2023-07-12,5323
6789,采鈺,7,0,7,高橋-內壢,2023-07-12,5323
2618,長榮航,307,53,254,高橋-內壢,2023-07-13,5323
2610,華航,265,48,217,高橋-內壢,2023-07-13,5323
5905,南仁湖,70,0,70,高橋-內壢,2023-07-13,5323
2489,瑞軒,64,0,64,高橋-內壢,2023-07-13,5323
1314,中石化,52,0,52,高橋-內壢,2023-07-13,5323
6770,力積電,46,0,46,高橋-內壢,2023-07-13,5323
2356,英業達,80,36,44,高橋-內壢,2023-07-13,5323
2358,廷鑫,37,0,37,高橋-內壢,2023-07-13,5323
2481,強茂,37,3,34,高橋-內壢,2023-07-13,5323
00753L,中信中國50正2,29,1,28,高橋-內壢,2023-07-13,5323
00712,復華富時不動產,29,1,28,高橋-內壢,2023-07-13,5323
2323,中環,80,57,23,高橋-內壢,2023-07-13,5323
2603,長榮,33,11,22,高橋-內壢,2023-07-13,5323
2303,聯電,23,1,22,高橋-內壢,2023-07-13,5323
5607,遠雄港,23,1,22,高橋-內壢,2023-07-13,5323
2883,凱基金,23,2,21,高橋-內壢,2023-07-13,5323
1219,福壽,20,0,20,高橋-內壢,2023-07-13,5323
1471,首利,23,6,17,高橋-內壢,2023-07-13,5323
3231,緯創,45,28,17,高橋-內壢,2023-07-13,5323
2331,精英,16,0,16,高橋-內壢,2023-07-13,5323
2399,映泰,17,1,16,高橋-內壢,2023-07-13,5323
3704,合勤控,21,7,14,高橋-內壢,2023-07-13,5323
2882,國泰金,22,8,14,高橋-內壢,2023-07-13,5323
1605,華新,13,0,13,高橋-內壢,2023-07-13,5323
8155,博智,16,4,12,高橋-內壢,2023-07-13,5323
6142,友勁,12,0,12,高橋-內壢,2023-07-13,5323
6186,新潤,12,0,12,高橋-內壢,2023-07-13,5323
00930,永豐ESG低碳高息,11,0,11,高橋-內壢,2023-07-13,5323
00632R,元大台灣50反1,21,10,11,高橋-內壢,2023-07-13,5323
00687B,國泰20年美債,11,0,11,高橋-內壢,2023-07-13,5323
1718,中纖,11,0,11,高橋-內壢,2023-07-13,5323
2313,華通,17,7,10,高橋-內壢,2023-07-13,5323
2349,錸德,10,0,10,高橋-內壢,2023-07-13,5323
2634,漢翔,12,2,10,高橋-內壢,2023-07-13,5323
3032,偉訓,42,32,10,高橋-內壢,2023-07-13,5323
3071,協禧,12,2,10,高橋-內壢,2023-07-13,5323
3149,正達,10,0,10,高橋-內壢,2023-07-13,5323
8050,廣積,21,11,10,高橋-內壢,2023-07-13,5323
2645,長榮航太,10,1,9,高橋-內壢,2023-07-13,5323
00878,國泰永續高股息,37,28,9,高橋-內壢,2023-07-13,5323
2453,凌群,8,0,8,高橋-內壢,2023-07-13,5323
00830,國泰費城半導體,8,0,8,高橋-內壢,2023-07-13,5323
00892,富邦台灣半導體,8,0,8,高橋-內壢,2023-07-13,5323
6443,元晶,8,0,8,高橋-內壢,2023-07-13,5323
8070,長華*,9,1,8,高橋-內壢,2023-07-13,5323
00679B,元大美債20年,7,0,7,高橋-內壢,2023-07-13,5323
2605,新興,7,0,7,高橋-內壢,2023-07-13,5323
8210,勤誠,8,1,7,高橋-內壢,2023-07-13,5323
00929,復華台灣科技優息,7,1,6,高橋-內壢,2023-07-13,5323
1517,利奇,6,0,6,高橋-內壢,2023-07-13,5323
2610,華航,211,54,157,高橋-內壢,2023-07-14,5323
2618,長榮航,163,43,120,高橋-內壢,2023-07-14,5323
2617,台航,51,5,46,高橋-內壢,2023-07-14,5323
1609,大亞,36,6,30,高橋-內壢,2023-07-14,5323
2337,旺宏,30,0,30,高橋-內壢,2023-07-14,5323
2356,英業達,61,33,28,高橋-內壢,2023-07-14,5323
00929,復華台灣科技優息,22,0,22,高橋-內壢,2023-07-14,5323
2834,臺企銀,18,0,18,高橋-內壢,2023-07-14,5323
1504,東元,17,1,16,高橋-內壢,2023-07-14,5323
3704,合勤控,18,2,16,高橋-內壢,2023-07-14,5323
00632R,元大台灣50反1,15,0,15,高橋-內壢,2023-07-14,5323
2605,新興,14,0,14,高橋-內壢,2023-07-14,5323
2105,正新,13,0,13,高橋-內壢,2023-07-14,5323
3432,台端,13,0,13,高橋-內壢,2023-07-14,5323
1402,遠東新,11,0,11,高橋-內壢,2023-07-14,5323
2489,瑞軒,11,0,11,高橋-內壢,2023-07-14,5323
3058,立德,11,0,11,高橋-內壢,2023-07-14,5323
3209,全科,12,1,11,高橋-內壢,2023-07-14,5323
6180,橘子,11,0,11,高橋-內壢,2023-07-14,5323
6589,台康生技,11,0,11,高橋-內壢,2023-07-14,5323
00907,永豐優息存股,10,0,10,高橋-內壢,2023-07-14,5323
00637L,元大滬深300正2,10,0,10,高橋-內壢,2023-07-14,5323
1905,華紙,10,0,10,高橋-內壢,2023-07-14,5323
5371,中光電,10,0,10,高橋-內壢,2023-07-14,5323
6288,聯嘉,10,0,10,高橋-內壢,2023-07-14,5323
8112,至上,20,10,10,高橋-內壢,2023-07-14,5323
1229,聯華,10,0,10,高橋-內壢,2023-07-14,5323
5315,光聯,9,0,9,高橋-內壢,2023-07-14,5323
2301,光寶科,10,2,8,高橋-內壢,2023-07-14,5323
2371,大同,16,8,8,高橋-內壢,2023-07-14,5323
3176,基亞,8,0,8,高橋-內壢,2023-07-14,5323
6282,康舒,9,1,8,高橋-內壢,2023-07-14,5323
2883,凱基金,7,0,7,高橋-內壢,2023-07-14,5323
2603,長榮,24,17,7,高橋-內壢,2023-07-14,5323
2515,中工,7,0,7,高橋-內壢,2023-07-14,5323
2645,長榮航太,8,1,7,高橋-內壢,2023-07-14,5323
3624,光頡,13,6,7,高橋-內壢,2023-07-14,5323
6506,雙邦,7,0,7,高橋-內壢,2023-07-14,5323
1565,精華,6,0,6,高橋-內壢,2023-07-14,5323
2495,普安,6,0,6,高橋-內壢,2023-07-14,5323
3406,玉晶光,6,0,6,高橋-內壢,2023-07-14,5323
5607,遠雄港,14,8,6,高橋-內壢,2023-07-14,5323
8358,金居,8,2,6,高橋-內壢,2023-07-14,5323
2705,六福,6,0,6,高橋-內壢,2023-07-14,5323
1471,首利,5,0,5,高橋-內壢,2023-07-14,5323
1447,力鵬,5,0,5,高橋-內壢,2023-07-14,5323
1444,力麗,5,0,5,高橋-內壢,2023-07-14,5323
00645,富邦日本,5,0,5,高橋-內壢,2023-07-14,5323
00930,永豐ESG低碳高息,5,0,5,高橋-內壢,2023-07-14,5323
1529,樂事綠能,6,1,5,高橋-內壢,2023-07-14,5323
00929,復華台灣科技優息,296,0,296,高橋-內壢,2023-07-17,5323
00878,國泰永續高股息,140,22,118,高橋-內壢,2023-07-17,5323
2349,錸德,65,10,55,高橋-內壢,2023-07-17,5323
2634,漢翔,103,59,44,高橋-內壢,2023-07-17,5323
00919,群益台灣精選高息,41,1,40,高橋-內壢,2023-07-17,5323
2883,凱基金,35,0,35,高橋-內壢,2023-07-17,5323
2618,長榮航,80,48,32,高橋-內壢,2023-07-17,5323
1522,堤維西,30,0,30,高橋-內壢,2023-07-17,5323
00882,中信中國高股息,33,5,28,高橋-內壢,2023-07-17,5323
1605,華新,36,10,26,高橋-內壢,2023-07-17,5323
3518,柏騰,31,8,23,高橋-內壢,2023-07-17,5323
2353,宏��,28,7,21,高橋-內壢,2023-07-17,5323
00901,永豐智能車供應鏈,20,0,20,高橋-內壢,2023-07-17,5323
00696B,富邦美債20年,20,0,20,高橋-內壢,2023-07-17,5323
1731,美吾華,20,0,20,高橋-內壢,2023-07-17,5323
2356,英業達,33,13,20,高橋-內壢,2023-07-17,5323
5905,南仁湖,20,0,20,高橋-內壢,2023-07-17,5323
3037,欣興,24,5,19,高橋-內壢,2023-07-17,5323
6153,嘉聯益,19,1,18,高橋-內壢,2023-07-17,5323
00722B,群益投資級電信債,17,0,17,高橋-內壢,2023-07-17,5323
3038,全台,30,13,17,高橋-內壢,2023-07-17,5323
2312,金寶,40,25,15,高橋-內壢,2023-07-17,5323
5607,遠雄港,15,0,15,高橋-內壢,2023-07-17,5323
00687B,國泰20年美債,15,0,15,高橋-內壢,2023-07-17,5323
2402,毅嘉,14,0,14,高橋-內壢,2023-07-17,5323
2427,三商電,14,1,13,高橋-內壢,2023-07-17,5323
1802,台玻,15,3,12,高橋-內壢,2023-07-17,5323
4414,如興,12,0,12,高橋-內壢,2023-07-17,5323
1101,台泥,12,1,11,高橋-內壢,2023-07-17,5323
1514,亞力,23,13,10,高橋-內壢,2023-07-17,5323
1312,國喬,10,0,10,高橋-內壢,2023-07-17,5323
1608,華榮,10,0,10,高橋-內壢,2023-07-17,5323
2324,仁寶,26,16,10,高橋-內壢,2023-07-17,5323
3049,精金,10,0,10,高橋-內壢,2023-07-17,5323
6127,九豪,10,0,10,高橋-內壢,2023-07-17,5323
1618,合機,10,1,9,高橋-內壢,2023-07-17,5323
1711,永光,8,0,8,高橋-內壢,2023-07-17,5323
3025,星通,14,6,8,高橋-內壢,2023-07-17,5323
4128,中天,9,1,8,高橋-內壢,2023-07-17,5323
6126,信音,9,1,8,高橋-內壢,2023-07-17,5323
1102,亞泥,7,0,7,高橋-內壢,2023-07-17,5323
3005,神基,15,8,7,高橋-內壢,2023-07-17,5323
4532,瑞智,8,1,7,高橋-內壢,2023-07-17,5323
4743,合一,8,1,7,高橋-內壢,2023-07-17,5323
6163,華電網,10,3,7,高橋-內壢,2023-07-17,5323
8155,博智,7,0,7,高橋-內壢,2023-07-17,5323
00930,永豐ESG低碳高息,6,0,6,高橋-內壢,2023-07-17,5323
00900,富邦特選高股息30,6,0,6,高橋-內壢,2023-07-17,5323
1402,遠東新,6,0,6,高橋-內壢,2023-07-17,5323
6288,聯嘉,11,5,6,高橋-內壢,2023-07-17,5323
00929,復華台灣科技優息,294,50,244,高橋-內壢,2023-07-18,5323
2324,仁寶,121,20,101,高橋-內壢,2023-07-18,5323
2358,廷鑫,87,2,85,高橋-內壢,2023-07-18,5323
8936,國統,74,0,74,高橋-內壢,2023-07-18,5323
2323,中環,100,30,70,高橋-內壢,2023-07-18,5323
3362,先進光,38,2,36,高橋-內壢,2023-07-18,5323
2610,華航,52,19,33,高橋-內壢,2023-07-18,5323
4755,三福化,32,0,32,高橋-內壢,2023-07-18,5323
4938,和碩,46,15,31,高橋-內壢,2023-07-18,5323
6282,康舒,52,22,30,高橋-內壢,2023-07-18,5323
2353,宏��,53,24,29,高橋-內壢,2023-07-18,5323
00893,國泰智能電動車,30,3,27,高橋-內壢,2023-07-18,5323
2312,金寶,49,22,27,高橋-內壢,2023-07-18,5323
3706,神達,68,43,25,高橋-內壢,2023-07-18,5323
00878,國泰永續高股息,39,16,23,高橋-內壢,2023-07-18,5323
2890,永豐金,23,0,23,高橋-內壢,2023-07-18,5323
6770,力積電,22,2,20,高橋-內壢,2023-07-18,5323
2515,中工,20,1,19,高橋-內壢,2023-07-18,5323
2303,聯電,18,0,18,高橋-內壢,2023-07-18,5323
3234,光環,18,1,17,高橋-內壢,2023-07-18,5323
6188,廣明,30,15,15,高橋-內壢,2023-07-18,5323
2329,華泰,31,17,14,高橋-內壢,2023-07-18,5323
1784,訊聯,13,0,13,高橋-內壢,2023-07-18,5323
2884,玉山金,21,8,13,高橋-內壢,2023-07-18,5323
1471,首利,12,0,12,高橋-內壢,2023-07-18,5323
1504,東元,15,3,12,高橋-內壢,2023-07-18,5323
2449,京元電子,42,30,12,高橋-內壢,2023-07-18,5323
00752,中信中國50,10,0,10,高橋-內壢,2023-07-18,5323
1515,力山,10,0,10,高橋-內壢,2023-07-18,5323
1605,華新,15,5,10,高橋-內壢,2023-07-18,5323
1707,葡萄王,10,0,10,高橋-內壢,2023-07-18,5323
2505,國揚,10,0,10,高橋-內壢,2023-07-18,5323
2606,裕民,10,0,10,高橋-內壢,2023-07-18,5323
2608,嘉里大榮,10,0,10,高橋-內壢,2023-07-18,5323
3011,今皓,10,0,10,高橋-內壢,2023-07-18,5323
3049,精金,10,0,10,高橋-內壢,2023-07-18,5323
4106,雃博,10,0,10,高橋-內壢,2023-07-18,5323
6127,九豪,10,0,10,高橋-內壢,2023-07-18,5323
6163,華電網,10,0,10,高橋-內壢,2023-07-18,5323
3078,僑威,18,8,10,高橋-內壢,2023-07-18,5323
2104,國際中橡,9,0,9,高橋-內壢,2023-07-18,5323
3711,日月光投控,10,1,9,高橋-內壢,2023-07-18,5323
1536,和大,8,0,8,高橋-內壢,2023-07-18,5323
2374,佳能,8,0,8,高橋-內壢,2023-07-18,5323
3189,景碩,13,5,8,高橋-內壢,2023-07-18,5323
3236,千如,8,0,8,高橋-內壢,2023-07-18,5323
2340,台亞,30,23,7,高橋-內壢,2023-07-18,5323
4129,聯合,7,0,7,高橋-內壢,2023-07-18,5323
4533,協易機,8,1,7,高橋-內壢,2023-07-18,5323
5469,瀚宇博,7,0,7,高橋-內壢,2023-07-18,5323
2358,廷鑫,96,0,96,高橋-內壢,2023-07-19,5323
00900,富邦特選高股息30,67,0,67,高橋-內壢,2023-07-19,5323
2890,永豐金,66,0,66,高橋-內壢,2023-07-19,5323
2324,仁寶,78,16,62,高橋-內壢,2023-07-19,5323
00929,復華台灣科技優息,60,13,47,高橋-內壢,2023-07-19,5323
6274,台燿,34,2,32,高橋-內壢,2023-07-19,5323
2801,彰銀,33,4,29,高橋-內壢,2023-07-19,5323
4566,時碩工業,30,2,28,高橋-內壢,2023-07-19,5323
2489,瑞軒,26,0,26,高橋-內壢,2023-07-19,5323
2618,長榮航,65,40,25,高橋-內壢,2023-07-19,5323
2303,聯電,32,7,25,高橋-內壢,2023-07-19,5323
2329,華泰,33,9,24,高橋-內壢,2023-07-19,5323
2610,華航,58,35,23,高橋-內壢,2023-07-19,5323
6218,豪勉,23,0,23,高橋-內壢,2023-07-19,5323
00713,元大台灣高息低波,21,1,20,高橋-內壢,2023-07-19,5323
2312,金寶,25,5,20,高橋-內壢,2023-07-19,5323
2393,億光,20,0,20,高橋-內壢,2023-07-19,5323
6770,力積電,28,8,20,高橋-內壢,2023-07-19,5323
5905,南仁湖,16,0,16,高橋-內壢,2023-07-19,5323
5443,均豪,14,0,14,高橋-內壢,2023-07-19,5323
6282,康舒,15,1,14,高橋-內壢,2023-07-19,5323
2323,中環,12,0,12,高橋-內壢,2023-07-19,5323
3038,全台,12,0,12,高橋-內壢,2023-07-19,5323
5465,富驊,13,1,12,高橋-內壢,2023-07-19,5323
00882,中信中國高股息,11,0,11,高橋-內壢,2023-07-19,5323
2409,友達,14,3,11,高橋-內壢,2023-07-19,5323
3071,協禧,15,4,11,高橋-內壢,2023-07-19,5323
5880,合庫金,11,0,11,高橋-內壢,2023-07-19,5323
00752,中信中國50,10,0,10,高橋-內壢,2023-07-19,5323
1312,國喬,10,0,10,高橋-內壢,2023-07-19,5323
1710,東聯,10,0,10,高橋-內壢,2023-07-19,5323
4938,和碩,13,3,10,高橋-內壢,2023-07-19,5323
6188,廣明,24,15,9,高橋-內壢,2023-07-19,5323
6547,高端疫苗,11,3,8,高橋-內壢,2023-07-19,5323
1402,遠東新,8,0,8,高橋-內壢,2023-07-19,5323
3041,揚智,8,0,8,高橋-內壢,2023-07-19,5323
1513,中興電,7,0,7,高橋-內壢,2023-07-19,5323
3149,正達,7,0,7,高橋-內壢,2023-07-19,5323
6435,大中,7,0,7,高橋-內壢,2023-07-19,5323
6505,台塑化,7,0,7,高橋-內壢,2023-07-19,5323
2368,金像電,8,2,6,高橋-內壢,2023-07-19,5323
1309,台達化,6,0,6,高橋-內壢,2023-07-19,5323
00679B,元大美債20年,7,1,6,高橋-內壢,2023-07-19,5323
1609,大亞,10,4,6,高橋-內壢,2023-07-19,5323
1618,合機,6,0,6,高橋-內壢,2023-07-19,5323
2313,華通,11,5,6,高橋-內壢,2023-07-19,5323
3105,穩懋,10,4,6,高橋-內壢,2023-07-19,5323
3703,欣陸,6,0,6,高橋-內壢,2023-07-19,5323
2201,裕隆,5,0,5,高橋-內壢,2023-07-19,5323
00885,富邦越南,5,0,5,高橋-內壢,2023-07-19,5323
00929,復華台灣科技優息,110,0,110,高橋-內壢,2023-07-20,5323
1802,台玻,101,1,100,高橋-內壢,2023-07-20,5323
2303,聯電,57,0,57,高橋-內壢,2023-07-20,5323
3032,偉訓,51,1,50,高橋-內壢,2023-07-20,5323
6547,高端疫苗,25,1,24,高橋-內壢,2023-07-20,5323
3289,宜特,26,3,23,高橋-內壢,2023-07-20,5323
2427,三商電,22,0,22,高橋-內壢,2023-07-20,5323
1736,喬山,20,1,19,高橋-內壢,2023-07-20,5323
6770,力積電,39,20,19,高橋-內壢,2023-07-20,5323
5302,太欣,17,0,17,高橋-內壢,2023-07-20,5323
3037,欣興,24,8,16,高橋-內壢,2023-07-20,5323
3264,欣銓,16,0,16,高橋-內壢,2023-07-20,5323
6217,中探針,19,3,16,高橋-內壢,2023-07-20,5323
8087,麗升能源,15,0,15,高橋-內壢,2023-07-20,5323
2352,佳世達,17,4,13,高橋-內壢,2023-07-20,5323
1529,樂事綠能,16,5,11,高橋-內壢,2023-07-20,5323
1102,亞泥,11,0,11,高橋-內壢,2023-07-20,5323
2358,廷鑫,11,0,11,高橋-內壢,2023-07-20,5323
6116,彩晶,11,0,11,高橋-內壢,2023-07-20,5323
2890,永豐金,10,0,10,高橋-內壢,2023-07-20,5323
2903,遠百,10,0,10,高橋-內壢,2023-07-20,5323
4123,晟德,58,49,9,高橋-內壢,2023-07-20,5323
6150,撼訊,12,3,9,高橋-內壢,2023-07-20,5323
00722B,群益投資級電信債,8,0,8,高橋-內壢,2023-07-20,5323
3481,群創,9,1,8,高橋-內壢,2023-07-20,5323
4953,緯軟,7,0,7,高橋-內壢,2023-07-20,5323
6531,愛普*,7,0,7,高橋-內壢,2023-07-20,5323
00712,復華富時不動產,16,10,6,高橋-內壢,2023-07-20,5323
2882,國泰金,6,0,6,高橋-內壢,2023-07-20,5323
3013,晟銘電,7,1,6,高橋-內壢,2023-07-20,5323
3504,揚明光,6,0,6,高橋-內壢,2023-07-20,5323
3666,光耀,7,1,6,高橋-內壢,2023-07-20,5323
00688L,國泰20年美債正2,5,0,5,高橋-內壢,2023-07-20,5323
00713,元大台灣高息低波,10,5,5,高橋-內壢,2023-07-20,5323
3071,協禧,5,0,5,高橋-內壢,2023-07-20,5323
5465,富驊,5,0,5,高橋-內壢,2023-07-20,5323
2330,台積電,5,1,4,高橋-內壢,2023-07-20,5323
2014,中鴻,4,0,4,高橋-內壢,2023-07-20,5323
2206,三陽工業,8,4,4,高橋-內壢,2023-07-20,5323
2367,燿華,5,1,4,高橋-內壢,2023-07-20,5323
2368,金像電,7,3,4,高橋-內壢,2023-07-20,5323
2515,中工,10,6,4,高橋-內壢,2023-07-20,5323
2881,富邦金,4,0,4,高橋-內壢,2023-07-20,5323
2883,凱基金,5,1,4,高橋-內壢,2023-07-20,5323
3406,玉晶光,4,0,4,高橋-內壢,2023-07-20,5323
8086,宏捷科,6,2,4,高橋-內壢,2023-07-20,5323
2888,新光金,8,4,4,高橋-內壢,2023-07-20,5323
5483,中美晶,4,0,4,高橋-內壢,2023-07-20,5323
2316,楠梓電,5,2,3,高橋-內壢,2023-07-20,5323
1447,力鵬,3,0,3,高橋-內壢,2023-07-20,5323
3481,群創,303,17,286,高橋-內壢,2023-07-21,5323
2603,長榮,123,1,122,高橋-內壢,2023-07-21,5323
2358,廷鑫,70,0,70,高橋-內壢,2023-07-21,5323
1102,亞泥,32,0,32,高橋-內壢,2023-07-21,5323
2303,聯電,26,2,24,高橋-內壢,2023-07-21,5323
2324,仁寶,25,2,23,高橋-內壢,2023-07-21,5323
2890,永豐金,22,0,22,高橋-內壢,2023-07-21,5323
1513,中興電,40,21,19,高橋-內壢,2023-07-21,5323
3051,力特,17,0,17,高橋-內壢,2023-07-21,5323
2610,華航,26,10,16,高橋-內壢,2023-07-21,5323
3289,宜特,16,2,14,高橋-內壢,2023-07-21,5323
5302,太欣,14,0,14,高橋-內壢,2023-07-21,5323
2609,陽明,15,2,13,高橋-內壢,2023-07-21,5323
2887,台新金,13,0,13,高橋-內壢,2023-07-21,5323
3305,昇貿,13,0,13,高橋-內壢,2023-07-21,5323
5706,鳳凰,15,2,13,高橋-內壢,2023-07-21,5323
2382,廣達,28,16,12,高橋-內壢,2023-07-21,5323
2330,台積電,13,2,11,高橋-內壢,2023-07-21,5323
6237,驊訊,11,0,11,高橋-內壢,2023-07-21,5323
00830,國泰費城半導體,10,0,10,高橋-內壢,2023-07-21,5323
00919,群益台灣精選高息,10,0,10,高橋-內壢,2023-07-21,5323
1503,士電,11,1,10,高橋-內壢,2023-07-21,5323
1909,榮成,10,0,10,高橋-內壢,2023-07-21,5323
2458,義隆,10,0,10,高橋-內壢,2023-07-21,5323
5284,jpp-KY,10,0,10,高橋-內壢,2023-07-21,5323
2353,宏��,25,16,9,高橋-內壢,2023-07-21,5323
8087,麗升能源,9,0,9,高橋-內壢,2023-07-21,5323
3037,欣興,16,8,8,高橋-內壢,2023-07-21,5323
1101,台泥,9,1,8,高橋-內壢,2023-07-21,5323
3058,立德,8,0,8,高橋-內壢,2023-07-21,5323
5475,德宏,8,0,8,高橋-內壢,2023-07-21,5323
6207,雷科,10,2,8,高橋-內壢,2023-07-21,5323
2323,中環,8,1,7,高橋-內壢,2023-07-21,5323
4160,訊聯基因,7,0,7,高橋-內壢,2023-07-21,5323
6112,邁達特,11,4,7,高橋-內壢,2023-07-21,5323
2454,聯發科,6,0,6,高橋-內壢,2023-07-21,5323
2929,淘帝-KY,11,5,6,高橋-內壢,2023-07-21,5323
3013,晟銘電,22,16,6,高橋-內壢,2023-07-21,5323
5347,世界,6,0,6,高橋-內壢,2023-07-21,5323
5483,中美晶,6,0,6,高橋-內壢,2023-07-21,5323
6120,達運,6,0,6,高橋-內壢,2023-07-21,5323
6282,康舒,6,0,6,高橋-內壢,2023-07-21,5323
2867,三商壽,5,0,5,高橋-內壢,2023-07-21,5323
6806,森崴能源,11,6,5,高橋-內壢,2023-07-21,5323
2344,華邦電,16,11,5,高橋-內壢,2023-07-21,5323
2317,鴻海,6,1,5,高橋-內壢,2023-07-21,5323
2491,吉祥全,5,0,5,高橋-內壢,2023-07-21,5323
3323,加百裕,5,0,5,高橋-內壢,2023-07-21,5323
5425,台半,5,0,5,高橋-內壢,2023-07-21,5323
6451,訊芯-KY,5,0,5,高橋-內壢,2023-07-21,5323
1314,中石化,50,0,50,高橋-內壢,2023-07-24,5323
2358,廷鑫,46,0,46,高橋-內壢,2023-07-24,5323
4155,訊映,38,0,38,高橋-內壢,2023-07-24,5323
1609,大亞,65,36,29,高橋-內壢,2023-07-24,5323
2618,長榮航,26,1,25,高橋-內壢,2023-07-24,5323
6182,合晶,25,0,25,高橋-內壢,2023-07-24,5323
3221,台嘉碩,26,2,24,高橋-內壢,2023-07-24,5323
3481,群創,21,1,20,高橋-內壢,2023-07-24,5323
2453,凌群,20,0,20,高橋-內壢,2023-07-24,5323
1312,國喬,20,0,20,高橋-內壢,2023-07-24,5323
2890,永豐金,20,0,20,高橋-內壢,2023-07-24,5323
3357,臺慶科,20,0,20,高橋-內壢,2023-07-24,5323
1101,台泥,21,2,19,高橋-內壢,2023-07-24,5323
2601,益航,20,2,18,高橋-內壢,2023-07-24,5323
4533,協易機,18,1,17,高橋-內壢,2023-07-24,5323
4766,南寶,17,0,17,高橋-內壢,2023-07-24,5323
5302,太欣,17,0,17,高橋-內壢,2023-07-24,5323
6282,康舒,19,2,17,高橋-內壢,2023-07-24,5323
3013,晟銘電,35,20,15,高橋-內壢,2023-07-24,5323
1102,亞泥,14,0,14,高橋-內壢,2023-07-24,5323
00679B,元大美債20年,14,1,13,高橋-內壢,2023-07-24,5323
2352,佳世達,12,0,12,高橋-內壢,2023-07-24,5323
6188,廣明,19,7,12,高橋-內壢,2023-07-24,5323
2357,華碩,12,1,11,高橋-內壢,2023-07-24,5323
2734,易飛網,13,2,11,高橋-內壢,2023-07-24,5323
1529,樂事綠能,11,0,11,高橋-內壢,2023-07-24,5323
2889,國票金,11,0,11,高橋-內壢,2023-07-24,5323
3038,全台,11,0,11,高橋-內壢,2023-07-24,5323
2317,鴻海,11,1,10,高橋-內壢,2023-07-24,5323
1201,味全,10,0,10,高橋-內壢,2023-07-24,5323
1714,和桐,10,0,10,高橋-內壢,2023-07-24,5323
2027,大成鋼,10,0,10,高橋-內壢,2023-07-24,5323
2349,錸德,10,0,10,高橋-內壢,2023-07-24,5323
4543,萬在,9,0,9,高橋-內壢,2023-07-24,5323
2421,建準,17,9,8,高橋-內壢,2023-07-24,5323
2608,嘉里大榮,8,0,8,高橋-內壢,2023-07-24,5323
2888,新光金,10,2,8,高橋-內壢,2023-07-24,5323
4915,致伸,8,0,8,高橋-內壢,2023-07-24,5323
6122,擎邦,8,0,8,高橋-內壢,2023-07-24,5323
5425,台半,7,0,7,高橋-內壢,2023-07-24,5323
00892,富邦台灣半導體,7,0,7,高橋-內壢,2023-07-24,5323
2461,光群雷,9,2,7,高橋-內壢,2023-07-24,5323
3338,泰碩,61,54,7,高橋-內壢,2023-07-24,5323
2330,台積電,6,0,6,高橋-內壢,2023-07-24,5323
00882,中信中國高股息,6,0,6,高橋-內壢,2023-07-24,5323
2328,廣宇,8,2,6,高橋-內壢,2023-07-24,5323
2439,美律,6,0,6,高橋-內壢,2023-07-24,5323
2520,冠德,6,0,6,高橋-內壢,2023-07-24,5323
5465,富驊,6,0,6,高橋-內壢,2023-07-24,5323
6213,聯茂,6,0,6,高橋-內壢,2023-07-24,5323
2603,長榮,53,11,42,高橋-內壢,2023-07-25,5323
5452,佶優,42,0,42,高橋-內壢,2023-07-25,5323
3231,緯創,51,10,41,高橋-內壢,2023-07-25,5323
00795B,中信美國公債20年,33,0,33,高橋-內壢,2023-07-25,5323
00929,復華台灣科技優息,28,1,27,高橋-內壢,2023-07-25,5323
1102,亞泥,26,0,26,高橋-內壢,2023-07-25,5323
00673R,期元大S＆P原油反1,21,0,21,高橋-內壢,2023-07-25,5323
2358,廷鑫,21,0,21,高橋-內壢,2023-07-25,5323
2406,國碩,20,0,20,高橋-內壢,2023-07-25,5323
2436,偉詮電,20,0,20,高橋-內壢,2023-07-25,5323
2601,益航,20,0,20,高橋-內壢,2023-07-25,5323
2382,廣達,36,16,20,高橋-內壢,2023-07-25,5323
2887,台新金,15,0,15,高橋-內壢,2023-07-25,5323
5302,太欣,14,0,14,高橋-內壢,2023-07-25,5323
5347,世界,12,0,12,高橋-內壢,2023-07-25,5323
5392,能率,12,0,12,高橋-內壢,2023-07-25,5323
2301,光寶科,20,10,10,高橋-內壢,2023-07-25,5323
00632R,元大台灣50反1,10,0,10,高橋-內壢,2023-07-25,5323
2363,矽統,10,0,10,高橋-內壢,2023-07-25,5323
2610,華航,19,9,10,高橋-內壢,2023-07-25,5323
8234,新漢,10,0,10,高橋-內壢,2023-07-25,5323
2881,富邦金,9,0,9,高橋-內壢,2023-07-25,5323
3149,正達,9,0,9,高橋-內壢,2023-07-25,5323
6243,迅杰,9,0,9,高橋-內壢,2023-07-25,5323
1905,華紙,13,5,8,高橋-內壢,2023-07-25,5323
2371,大同,8,0,8,高橋-內壢,2023-07-25,5323
2408,南亞科,10,2,8,高橋-內壢,2023-07-25,5323
2520,冠德,8,0,8,高橋-內壢,2023-07-25,5323
3038,全台,8,0,8,高橋-內壢,2023-07-25,5323
5905,南仁湖,10,2,8,高橋-內壢,2023-07-25,5323
8358,金居,21,13,8,高橋-內壢,2023-07-25,5323
2368,金像電,13,6,7,高橋-內壢,2023-07-25,5323
1909,榮成,7,0,7,高橋-內壢,2023-07-25,5323
3037,欣興,24,17,7,高橋-內壢,2023-07-25,5323
3702,大聯大,8,1,7,高橋-內壢,2023-07-25,5323
8150,南茂,7,0,7,高橋-內壢,2023-07-25,5323
2312,金寶,7,1,6,高橋-內壢,2023-07-25,5323
6188,廣明,16,10,6,高橋-內壢,2023-07-25,5323
00878,國泰永續高股息,24,19,5,高橋-內壢,2023-07-25,5323
1714,和桐,5,0,5,高橋-內壢,2023-07-25,5323
2002,中鋼,12,7,5,高橋-內壢,2023-07-25,5323
2313,華通,5,0,5,高橋-內壢,2023-07-25,5323
2340,台亞,7,2,5,高橋-內壢,2023-07-25,5323
2489,瑞軒,5,0,5,高橋-內壢,2023-07-25,5323
2515,中工,5,0,5,高橋-內壢,2023-07-25,5323
2883,凱基金,5,0,5,高橋-內壢,2023-07-25,5323
3357,臺慶科,5,0,5,高橋-內壢,2023-07-25,5323
5880,合庫金,5,0,5,高橋-內壢,2023-07-25,5323
2454,聯發科,4,0,4,高橋-內壢,2023-07-25,5323
2201,裕隆,7,3,4,高橋-內壢,2023-07-25,5323
2359,所羅門,308,2,306,高橋-內壢,2023-07-26,5323
2890,永豐金,90,0,90,高橋-內壢,2023-07-26,5323
2610,華航,116,65,51,高橋-內壢,2023-07-26,5323
2349,錸德,38,0,38,高橋-內壢,2023-07-26,5323
00929,復華台灣科技優息,36,0,36,高橋-內壢,2023-07-26,5323
1471,首利,32,0,32,高橋-內壢,2023-07-26,5323
1618,合機,39,9,30,高橋-內壢,2023-07-26,5323
5302,太欣,30,0,30,高橋-內壢,2023-07-26,5323
00753L,中信中國50正2,30,1,29,高橋-內壢,2023-07-26,5323
00882,中信中國高股息,22,2,20,高橋-內壢,2023-07-26,5323
2812,台中銀,20,0,20,高橋-內壢,2023-07-26,5323
2340,台亞,21,3,18,高橋-內壢,2023-07-26,5323
6182,合晶,18,0,18,高橋-內壢,2023-07-26,5323
00675L,富邦臺灣加權正2,17,0,17,高橋-內壢,2023-07-26,5323
4533,協易機,34,17,17,高橋-內壢,2023-07-26,5323
2603,長榮,41,25,16,高橋-內壢,2023-07-26,5323
4532,瑞智,18,2,16,高橋-內壢,2023-07-26,5323
00679B,元大美債20年,16,0,16,高橋-內壢,2023-07-26,5323
4564,元翎,15,0,15,高橋-內壢,2023-07-26,5323
1905,華紙,14,1,13,高橋-內壢,2023-07-26,5323
2401,凌陽,24,11,13,高橋-內壢,2023-07-26,5323
6275,元山,15,3,12,高橋-內壢,2023-07-26,5323
1102,亞泥,15,3,12,高橋-內壢,2023-07-26,5323
00795B,中信美國公債20年,12,0,12,高橋-內壢,2023-07-26,5323
6188,廣明,23,11,12,高橋-內壢,2023-07-26,5323
1609,大亞,12,1,11,高橋-內壢,2023-07-26,5323
3540,曜越,11,0,11,高橋-內壢,2023-07-26,5323
5426,振發,11,0,11,高橋-內壢,2023-07-26,5323
6282,康舒,12,1,11,高橋-內壢,2023-07-26,5323
1720,生達,10,0,10,高橋-內壢,2023-07-26,5323
2365,昆盈,10,0,10,高橋-內壢,2023-07-26,5323
3312,弘憶股,10,0,10,高橋-內壢,2023-07-26,5323
5410,國眾,10,0,10,高橋-內壢,2023-07-26,5323
6217,中探針,12,2,10,高橋-內壢,2023-07-26,5323
6218,豪勉,10,0,10,高橋-內壢,2023-07-26,5323
6248,沛波,10,0,10,高橋-內壢,2023-07-26,5323
8150,南茂,10,0,10,高橋-內壢,2023-07-26,5323
2303,聯電,10,1,9,高橋-內壢,2023-07-26,5323
2344,華邦電,31,22,9,高橋-內壢,2023-07-26,5323
2425,承啟,12,3,9,高橋-內壢,2023-07-26,5323
2867,三商壽,9,0,9,高橋-內壢,2023-07-26,5323
6770,力積電,9,0,9,高橋-內壢,2023-07-26,5323
1514,亞力,9,1,8,高橋-內壢,2023-07-26,5323
1612,宏泰,9,1,8,高橋-內壢,2023-07-26,5323
6112,邁達特,20,12,8,高橋-內壢,2023-07-26,5323
2618,長榮航,150,143,7,高橋-內壢,2023-07-26,5323
3013,晟銘電,12,5,7,高橋-內壢,2023-07-26,5323
4726,永昕,11,4,7,高橋-內壢,2023-07-26,5323
3702,大聯大,6,0,6,高橋-內壢,2023-07-26,5323
00631L,元大台灣50正2,6,0,6,高橋-內壢,2023-07-26,5323
2359,所羅門,260,0,260,高橋-內壢,2023-07-27,5323
2890,永豐金,167,1,166,高橋-內壢,2023-07-27,5323
6188,廣明,47,3,44,高橋-內壢,2023-07-27,5323
6196,帆宣,40,12,28,高橋-內壢,2023-07-27,5323
00679B,元大美債20年,25,0,25,高橋-內壢,2023-07-27,5323
00878,國泰永續高股息,39,16,23,高橋-內壢,2023-07-27,5323
1609,大亞,28,6,22,高橋-內壢,2023-07-27,5323
3071,協禧,29,7,22,高橋-內壢,2023-07-27,5323
2303,聯電,25,6,19,高橋-內壢,2023-07-27,5323
5302,太欣,19,0,19,高橋-內壢,2023-07-27,5323
2002,中鋼,16,0,16,高橋-內壢,2023-07-27,5323
8926,台汽電,16,3,13,高橋-內壢,2023-07-27,5323
00712,復華富時不動產,21,9,12,高橋-內壢,2023-07-27,5323
2913,農林,14,2,12,高橋-內壢,2023-07-27,5323
1618,合機,18,7,11,高橋-內壢,2023-07-27,5323
2884,玉山金,11,0,11,高橋-內壢,2023-07-27,5323
3231,緯創,17,7,10,高橋-內壢,2023-07-27,5323
1312,國喬,10,0,10,高橋-內壢,2023-07-27,5323
2340,台亞,10,0,10,高橋-內壢,2023-07-27,5323
2897,王道銀行,10,0,10,高橋-內壢,2023-07-27,5323
6285,啟��,10,0,10,高橋-內壢,2023-07-27,5323
8234,新漢,13,3,10,高橋-內壢,2023-07-27,5323
9907,統一實,10,0,10,高橋-內壢,2023-07-27,5323
6275,元山,11,2,9,高橋-內壢,2023-07-27,5323
8048,德勝,10,1,9,高橋-內壢,2023-07-27,5323
2301,光寶科,13,5,8,高橋-內壢,2023-07-27,5323
6257,矽格,8,0,8,高橋-內壢,2023-07-27,5323
6116,彩晶,11,3,8,高橋-內壢,2023-07-27,5323
1904,正隆,12,5,7,高橋-內壢,2023-07-27,5323
3306,鼎天,8,1,7,高橋-內壢,2023-07-27,5323
1504,東元,10,4,6,高橋-內壢,2023-07-27,5323
0056,元大高股息,11,5,6,高橋-內壢,2023-07-27,5323
2354,鴻準,6,0,6,高橋-內壢,2023-07-27,5323
2382,廣達,15,9,6,高橋-內壢,2023-07-27,5323
2892,第一金,6,0,6,高橋-內壢,2023-07-27,5323
4533,協易機,15,9,6,高橋-內壢,2023-07-27,5323
1515,力山,5,0,5,高橋-內壢,2023-07-27,5323
1540,喬福,5,0,5,高橋-內壢,2023-07-27,5323
2405,輔信,6,1,5,高橋-內壢,2023-07-27,5323
4768,晶呈科技,8,3,5,高橋-內壢,2023-07-27,5323
8076,伍豐,5,0,5,高橋-內壢,2023-07-27,5323
3209,全科,4,0,4,高橋-內壢,2023-07-27,5323
00892,富邦台灣半導體,4,0,4,高橋-內壢,2023-07-27,5323
2313,華通,4,0,4,高橋-內壢,2023-07-27,5323
3260,威剛,4,0,4,高橋-內壢,2023-07-27,5323
4938,和碩,4,0,4,高橋-內壢,2023-07-27,5323
6210,慶生,5,1,4,高橋-內壢,2023-07-27,5323
6733,博晟生醫,4,0,4,高橋-內壢,2023-07-27,5323
6770,力積電,12,8,4,高橋-內壢,2023-07-27,5323
2356,英業達,9,6,3,高橋-內壢,2023-07-27,5323
2610,華航,243,1,242,高橋-內壢,2023-07-28,5323
2359,所羅門,101,0,101,高橋-內壢,2023-07-28,5323
2890,永豐金,68,1,67,高橋-內壢,2023-07-28,5323
00795B,中信美國公債20年,56,0,56,高橋-內壢,2023-07-28,5323
2801,彰銀,50,0,50,高橋-內壢,2023-07-28,5323
1905,華紙,58,22,36,高橋-內壢,2023-07-28,5323
00679B,元大美債20年,34,0,34,高橋-內壢,2023-07-28,5323
2427,三商電,32,0,32,高橋-內壢,2023-07-28,5323
2618,長榮航,39,11,28,高橋-內壢,2023-07-28,5323
6770,力積電,38,13,25,高橋-內壢,2023-07-28,5323
00680L,元大美債20正2,20,0,20,高橋-內壢,2023-07-28,5323
2369,菱生,24,4,20,高橋-內壢,2023-07-28,5323
3037,欣興,22,3,19,高橋-內壢,2023-07-28,5323
3289,宜特,57,38,19,高橋-內壢,2023-07-28,5323
6117,迎廣,30,11,19,高橋-內壢,2023-07-28,5323
1444,力麗,18,0,18,高橋-內壢,2023-07-28,5323
3432,台端,18,0,18,高橋-內壢,2023-07-28,5323
3231,緯創,38,21,17,高橋-內壢,2023-07-28,5323
2323,中環,16,0,16,高橋-內壢,2023-07-28,5323
2329,華泰,41,25,16,高橋-內壢,2023-07-28,5323
5452,佶優,16,0,16,高橋-內壢,2023-07-28,5323
2892,第一金,16,0,16,高橋-內壢,2023-07-28,5323
1609,大亞,15,0,15,高橋-內壢,2023-07-28,5323
6284,佳邦,13,0,13,高橋-內壢,2023-07-28,5323
2457,飛宏,12,0,12,高橋-內壢,2023-07-28,5323
5706,鳳凰,14,2,12,高橋-內壢,2023-07-28,5323
00632R,元大台灣50反1,10,0,10,高橋-內壢,2023-07-28,5323
00753L,中信中國50正2,10,0,10,高橋-內壢,2023-07-28,5323
2344,華邦電,13,3,10,高橋-內壢,2023-07-28,5323
2731,雄獅,12,2,10,高橋-內壢,2023-07-28,5323
2834,臺企銀,10,0,10,高橋-內壢,2023-07-28,5323
2836,高雄銀,10,0,10,高橋-內壢,2023-07-28,5323
3712,永崴投控,10,0,10,高橋-內壢,2023-07-28,5323
4744,皇將,10,0,10,高橋-內壢,2023-07-28,5323
8936,國統,10,0,10,高橋-內壢,2023-07-28,5323
1907,永豐餘,12,2,10,高橋-內壢,2023-07-28,5323
2002,中鋼,9,0,9,高橋-內壢,2023-07-28,5323
3363,上詮,9,0,9,高橋-內壢,2023-07-28,5323
00712,復華富時不動產,8,0,8,高橋-內壢,2023-07-28,5323
6126,信音,10,2,8,高橋-內壢,2023-07-28,5323
6207,雷科,8,0,8,高橋-內壢,2023-07-28,5323
1504,東元,13,6,7,高橋-內壢,2023-07-28,5323
1785,光洋科,7,0,7,高橋-內壢,2023-07-28,5323
1904,正隆,8,1,7,高橋-內壢,2023-07-28,5323
2353,宏��,15,8,7,高橋-內壢,2023-07-28,5323
3013,晟銘電,7,1,6,高橋-內壢,2023-07-28,5323
4175,杏一,6,0,6,高橋-內壢,2023-07-28,5323
1301,台塑,5,0,5,高橋-內壢,2023-07-28,5323
2495,普安,5,0,5,高橋-內壢,2023-07-28,5323
1582,信錦,5,0,5,高橋-內壢,2023-07-28,5323
00878,國泰永續高股息,363,39,324,高橋-內壢,2023-07-31,5323
00632R,元大台灣50反1,190,0,190,高橋-內壢,2023-07-31,5323
2890,永豐金,165,0,165,高橋-內壢,2023-07-31,5323
2634,漢翔,163,5,158,高橋-內壢,2023-07-31,5323
00720B,元大投資級公司債,123,0,123,高橋-內壢,2023-07-31,5323
2618,長榮航,111,26,85,高橋-內壢,2023-07-31,5323
0056,元大高股息,71,15,56,高橋-內壢,2023-07-31,5323
00679B,元大美債20年,51,0,51,高橋-內壢,2023-07-31,5323
8087,麗升能源,51,0,51,高橋-內壢,2023-07-31,5323
3481,群創,51,3,48,高橋-內壢,2023-07-31,5323
2801,彰銀,41,0,41,高橋-內壢,2023-07-31,5323
2610,華航,38,0,38,高橋-內壢,2023-07-31,5323
2603,長榮,40,8,32,高橋-內壢,2023-07-31,5323
3689,湧德,31,0,31,高橋-內壢,2023-07-31,5323
2834,臺企銀,30,0,30,高橋-內壢,2023-07-31,5323
5452,佶優,28,1,27,高橋-內壢,2023-07-31,5323
2301,光寶科,32,10,22,高橋-內壢,2023-07-31,5323
00665L,富邦�琤肭磪囓�2,20,0,20,高橋-內壢,2023-07-31,5323
00687B,國泰20年美債,20,0,20,高橋-內壢,2023-07-31,5323
00761B,國泰A級公司債,20,0,20,高橋-內壢,2023-07-31,5323
00919,群益台灣精選高息,19,0,19,高橋-內壢,2023-07-31,5323
3011,今皓,20,1,19,高橋-內壢,2023-07-31,5323
2609,陽明,24,6,18,高橋-內壢,2023-07-31,5323
2002,中鋼,18,2,16,高橋-內壢,2023-07-31,5323
2427,三商電,25,10,15,高橋-內壢,2023-07-31,5323
6116,彩晶,20,5,15,高橋-內壢,2023-07-31,5323
6182,合晶,14,0,14,高橋-內壢,2023-07-31,5323
1815,富喬,20,7,13,高橋-內壢,2023-07-31,5323
2382,廣達,33,21,12,高橋-內壢,2023-07-31,5323
2303,聯電,15,3,12,高橋-內壢,2023-07-31,5323
2745,五福,12,0,12,高橋-內壢,2023-07-31,5323
3264,欣銓,16,4,12,高橋-內壢,2023-07-31,5323
3325,旭品,16,4,12,高橋-內壢,2023-07-31,5323
3704,合勤控,11,0,11,高橋-內壢,2023-07-31,5323
5475,德宏,16,5,11,高橋-內壢,2023-07-31,5323
2316,楠梓電,10,0,10,高橋-內壢,2023-07-31,5323
2328,廣宇,10,0,10,高橋-內壢,2023-07-31,5323
2492,華新科,11,1,10,高橋-內壢,2023-07-31,5323
3209,全科,11,1,10,高橋-內壢,2023-07-31,5323
5465,富驊,11,1,10,高橋-內壢,2023-07-31,5323
6142,友勁,10,0,10,高橋-內壢,2023-07-31,5323
6173,信昌電,10,0,10,高橋-內壢,2023-07-31,5323
6276,安鈦克,10,0,10,高橋-內壢,2023-07-31,5323
6285,啟��,10,0,10,高橋-內壢,2023-07-31,5323
6733,博晟生醫,10,0,10,高橋-內壢,2023-07-31,5323
3037,欣興,11,2,9,高橋-內壢,2023-07-31,5323
5425,台半,9,0,9,高橋-內壢,2023-07-31,5323
2351,順德,10,1,9,高橋-內壢,2023-07-31,5323
2734,易飛網,9,0,9,高橋-內壢,2023-07-31,5323
6274,台燿,13,4,9,高橋-內壢,2023-07-31,5323
2363,矽統,120,60,60,高橋-內壢,2023-08-01,5323
1802,台玻,132,75,57,高橋-內壢,2023-08-01,5323
2201,裕隆,41,0,41,高橋-內壢,2023-08-01,5323
00712,復華富時不動產,31,0,31,高橋-內壢,2023-08-01,5323
2890,永豐金,35,5,30,高橋-內壢,2023-08-01,5323
1312,國喬,25,0,25,高橋-內壢,2023-08-01,5323
1609,大亞,23,0,23,高橋-內壢,2023-08-01,5323
00929,復華台灣科技優息,21,0,21,高橋-內壢,2023-08-01,5323
00752,中信中國50,20,0,20,高橋-內壢,2023-08-01,5323
00882,中信中國高股息,21,2,19,高橋-內壢,2023-08-01,5323
6274,台燿,22,6,16,高橋-內壢,2023-08-01,5323
00878,國泰永續高股息,48,32,16,高橋-內壢,2023-08-01,5323
00799B,國泰A級醫療債,15,0,15,高橋-內壢,2023-08-01,5323
2368,金像電,24,10,14,高橋-內壢,2023-08-01,5323
1905,華紙,15,1,14,高橋-內壢,2023-08-01,5323
00679B,元大美債20年,14,0,14,高橋-內壢,2023-08-01,5323
00919,群益台灣精選高息,12,0,12,高橋-內壢,2023-08-01,5323
3264,欣銓,12,0,12,高橋-內壢,2023-08-01,5323
3706,神達,15,3,12,高橋-內壢,2023-08-01,5323
00687B,國泰20年美債,11,0,11,高橋-內壢,2023-08-01,5323
00696B,富邦美債20年,11,0,11,高橋-內壢,2023-08-01,5323
2743,山富,11,0,11,高橋-內壢,2023-08-01,5323
5388,中磊,12,1,11,高橋-內壢,2023-08-01,5323
1513,中興電,11,1,10,高橋-內壢,2023-08-01,5323
00772B,中信高評級公司債,11,1,10,高橋-內壢,2023-08-01,5323
00720B,元大投資級公司債,10,0,10,高橋-內壢,2023-08-01,5323
2323,中環,11,1,10,高橋-內壢,2023-08-01,5323
2349,錸德,10,0,10,高橋-內壢,2023-08-01,5323
2408,南亞科,13,3,10,高橋-內壢,2023-08-01,5323
5475,德宏,10,0,10,高橋-內壢,2023-08-01,5323
3105,穩懋,12,3,9,高橋-內壢,2023-08-01,5323
2313,華通,9,0,9,高橋-內壢,2023-08-01,5323
6207,雷科,11,2,9,高橋-內壢,2023-08-01,5323
3071,協禧,10,2,8,高橋-內壢,2023-08-01,5323
4440,宜新實業,8,0,8,高橋-內壢,2023-08-01,5323
6187,萬潤,11,3,8,高橋-內壢,2023-08-01,5323
7402,邑錡,8,0,8,高橋-內壢,2023-08-01,5323
6285,啟��,14,6,8,高橋-內壢,2023-08-01,5323
3540,曜越,7,0,7,高橋-內壢,2023-08-01,5323
3583,辛耘,7,0,7,高橋-內壢,2023-08-01,5323
2352,佳世達,8,2,6,高橋-內壢,2023-08-01,5323
1810,和成,12,6,6,高橋-內壢,2023-08-01,5323
2603,長榮,7,1,6,高橋-內壢,2023-08-01,5323
2618,長榮航,67,61,6,高橋-內壢,2023-08-01,5323
3704,合勤控,6,0,6,高橋-內壢,2023-08-01,5323
6190,萬泰科,7,1,6,高橋-內壢,2023-08-01,5323
6148,驊宏資,6,1,5,高橋-內壢,2023-08-01,5323
00900,富邦特選高股息30,5,0,5,高橋-內壢,2023-08-01,5323
1809,中釉,10,5,5,高橋-內壢,2023-08-01,5323
2329,華泰,9,4,5,高橋-內壢,2023-08-01,5323
00878,國泰永續高股息,251,88,163,高橋-內壢,2023-08-02,5323
2618,長榮航,175,54,121,高橋-內壢,2023-08-02,5323
1314,中石化,95,0,95,高橋-內壢,2023-08-02,5323
00923,群益台ESG低碳50,77,0,77,高橋-內壢,2023-08-02,5323
00929,復華台灣科技優息,65,1,64,高橋-內壢,2023-08-02,5323
00900,富邦特選高股息30,54,0,54,高橋-內壢,2023-08-02,5323
2801,彰銀,48,0,48,高橋-內壢,2023-08-02,5323
2305,全友,45,0,45,高橋-內壢,2023-08-02,5323
2363,矽統,44,0,44,高橋-內壢,2023-08-02,5323
3481,群創,55,17,38,高橋-內壢,2023-08-02,5323
6282,康舒,45,11,34,高橋-內壢,2023-08-02,5323
3706,神達,31,1,30,高橋-內壢,2023-08-02,5323
2402,毅嘉,32,8,24,高橋-內壢,2023-08-02,5323
2890,永豐金,21,0,21,高橋-內壢,2023-08-02,5323
2891,中信金,21,0,21,高橋-內壢,2023-08-02,5323
6139,亞翔,21,0,21,高橋-內壢,2023-08-02,5323
1312,國喬,20,0,20,高橋-內壢,2023-08-02,5323
1444,力麗,20,0,20,高橋-內壢,2023-08-02,5323
1605,華新,49,31,18,高橋-內壢,2023-08-02,5323
00665L,富邦�琤肭磪囓�2,38,20,18,高橋-內壢,2023-08-02,5323
2883,凱基金,18,0,18,高橋-內壢,2023-08-02,5323
2887,台新金,18,0,18,高橋-內壢,2023-08-02,5323
3037,欣興,19,2,17,高橋-內壢,2023-08-02,5323
2356,英業達,22,5,17,高橋-內壢,2023-08-02,5323
1504,東元,23,6,17,高橋-內壢,2023-08-02,5323
3711,日月光投控,17,0,17,高橋-內壢,2023-08-02,5323
2834,臺企銀,16,0,16,高橋-內壢,2023-08-02,5323
2344,華邦電,15,0,15,高橋-內壢,2023-08-02,5323
3532,台勝科,15,0,15,高橋-內壢,2023-08-02,5323
6547,高端疫苗,17,2,15,高橋-內壢,2023-08-02,5323
2301,光寶科,31,17,14,高橋-內壢,2023-08-02,5323
00881,國泰台灣5G+,20,6,14,高橋-內壢,2023-08-02,5323
4746,台耀,27,15,12,高橋-內壢,2023-08-02,5323
2368,金像電,15,4,11,高橋-內壢,2023-08-02,5323
00679B,元大美債20年,11,0,11,高橋-內壢,2023-08-02,5323
1326,台化,11,0,11,高橋-內壢,2023-08-02,5323
1471,首利,12,1,11,高橋-內壢,2023-08-02,5323
1514,亞力,11,0,11,高橋-內壢,2023-08-02,5323
2328,廣宇,11,0,11,高橋-內壢,2023-08-02,5323
8087,麗升能源,11,0,11,高橋-內壢,2023-08-02,5323
00673R,期元大S＆P原油反1,10,0,10,高橋-內壢,2023-08-02,5323
2002,中鋼,15,5,10,高橋-內壢,2023-08-02,5323
2103,台橡,10,0,10,高橋-內壢,2023-08-02,5323
5465,富驊,10,0,10,高橋-內壢,2023-08-02,5323
8936,國統,30,20,10,高橋-內壢,2023-08-02,5323
3583,辛耘,11,2,9,高橋-內壢,2023-08-02,5323
6125,廣運,12,3,9,高橋-內壢,2023-08-02,5323
2313,華通,9,0,9,高橋-內壢,2023-08-02,5323
00687B,國泰20年美債,8,0,8,高橋-內壢,2023-08-02,5323
2603,長榮,33,25,8,高橋-內壢,2023-08-02,5323
2409,友達,100,5,95,高橋-內壢,2023-08-04,5323
00679B,元大美債20年,77,0,77,高橋-內壢,2023-08-04,5323
00900,富邦特選高股息30,76,0,76,高橋-內壢,2023-08-04,5323
2891,中信金,53,0,53,高橋-內壢,2023-08-04,5323
2344,華邦電,89,52,37,高橋-內壢,2023-08-04,5323
00929,復華台灣科技優息,30,0,30,高橋-內壢,2023-08-04,5323
00687B,國泰20年美債,26,0,26,高橋-內壢,2023-08-04,5323
00923,群益台ESG低碳50,25,0,25,高橋-內壢,2023-08-04,5323
1605,華新,85,60,25,高橋-內壢,2023-08-04,5323
2618,長榮航,27,3,24,高橋-內壢,2023-08-04,5323
00720B,元大投資級公司債,26,3,23,高橋-內壢,2023-08-04,5323
00878,國泰永續高股息,66,44,22,高橋-內壢,2023-08-04,5323
1609,大亞,26,4,22,高橋-內壢,2023-08-04,5323
00712,復華富時不動產,26,5,21,高橋-內壢,2023-08-04,5323
1234,黑松,20,0,20,高橋-內壢,2023-08-04,5323
00637L,元大滬深300正2,20,0,20,高橋-內壢,2023-08-04,5323
5371,中光電,20,2,18,高橋-內壢,2023-08-04,5323
4915,致伸,18,1,17,高橋-內壢,2023-08-04,5323
5452,佶優,17,1,16,高橋-內壢,2023-08-04,5323
4904,遠傳,15,0,15,高橋-內壢,2023-08-04,5323
00830,國泰費城半導體,15,1,14,高橋-內壢,2023-08-04,5323
2913,農林,29,17,12,高橋-內壢,2023-08-04,5323
00891,中信關鍵半導體,12,0,12,高橋-內壢,2023-08-04,5323
4746,台耀,16,4,12,高橋-內壢,2023-08-04,5323
00680L,元大美債20正2,11,0,11,高橋-內壢,2023-08-04,5323
4543,萬在,11,0,11,高橋-內壢,2023-08-04,5323
2356,英業達,223,213,10,高橋-內壢,2023-08-04,5323
1727,中華化,10,0,10,高橋-內壢,2023-08-04,5323
00639,富邦深100,10,0,10,高橋-內壢,2023-08-04,5323
1504,東元,12,2,10,高橋-內壢,2023-08-04,5323
1536,和大,10,0,10,高橋-內壢,2023-08-04,5323
1611,中電,10,0,10,高橋-內壢,2023-08-04,5323
2303,聯電,17,7,10,高橋-內壢,2023-08-04,5323
2453,凌群,10,0,10,高橋-內壢,2023-08-04,5323
2890,永豐金,10,0,10,高橋-內壢,2023-08-04,5323
4128,中天,10,0,10,高橋-內壢,2023-08-04,5323
6188,廣明,10,0,10,高橋-內壢,2023-08-04,5323
8215,明基材,10,0,10,高橋-內壢,2023-08-04,5323
00892,富邦台灣半導體,14,5,9,高橋-內壢,2023-08-04,5323
2009,第一銅,9,0,9,高橋-內壢,2023-08-04,5323
3607,谷崧,9,0,9,高橋-內壢,2023-08-04,5323
5880,合庫金,9,0,9,高橋-內壢,2023-08-04,5323
2603,長榮,18,9,9,高橋-內壢,2023-08-04,5323
2206,三陽工業,8,0,8,高橋-內壢,2023-08-04,5323
2317,鴻海,14,6,8,高橋-內壢,2023-08-04,5323
1904,正隆,7,0,7,高橋-內壢,2023-08-04,5323
2388,威盛,9,2,7,高橋-內壢,2023-08-04,5323
3689,湧德,7,0,7,高橋-內壢,2023-08-04,5323
6187,萬潤,8,1,7,高橋-內壢,2023-08-04,5323
2352,佳世達,7,1,6,高橋-內壢,2023-08-04,5323
2618,長榮航,144,11,133,高橋-內壢,2023-08-07,5323
00900,富邦特選高股息30,107,0,107,高橋-內壢,2023-08-07,5323
4904,遠傳,87,0,87,高橋-內壢,2023-08-07,5323
00878,國泰永續高股息,118,71,47,高橋-內壢,2023-08-07,5323
00720B,元大投資級公司債,30,0,30,高橋-內壢,2023-08-07,5323
1234,黑松,30,0,30,高橋-內壢,2023-08-07,5323
00931B,統一美債20年,30,0,30,高橋-內壢,2023-08-07,5323
2342,茂矽,30,0,30,高橋-內壢,2023-08-07,5323
2441,超豐,30,0,30,高橋-內壢,2023-08-07,5323
6203,海韻電,40,10,30,高橋-內壢,2023-08-07,5323
2610,華航,35,6,29,高橋-內壢,2023-08-07,5323
2402,毅嘉,27,4,23,高橋-內壢,2023-08-07,5323
2867,三商壽,20,0,20,高橋-內壢,2023-08-07,5323
00929,復華台灣科技優息,21,3,18,高橋-內壢,2023-08-07,5323
2301,光寶科,28,13,15,高橋-內壢,2023-08-07,5323
3374,精材,15,0,15,高橋-內壢,2023-08-07,5323
6188,廣明,15,1,14,高橋-內壢,2023-08-07,5323
2344,華邦電,15,2,13,高橋-內壢,2023-08-07,5323
2371,大同,10,0,10,高橋-內壢,2023-08-07,5323
00680L,元大美債20正2,10,0,10,高橋-內壢,2023-08-07,5323
00632R,元大台灣50反1,10,0,10,高橋-內壢,2023-08-07,5323
00882,中信中國高股息,10,0,10,高橋-內壢,2023-08-07,5323
2495,普安,10,0,10,高橋-內壢,2023-08-07,5323
3576,聯合再生,10,0,10,高橋-內壢,2023-08-07,5323
6164,華興,10,0,10,高橋-內壢,2023-08-07,5323
00687B,國泰20年美債,11,1,10,高橋-內壢,2023-08-07,5323
6125,廣運,12,4,8,高橋-內壢,2023-08-07,5323
2009,第一銅,12,4,8,高橋-內壢,2023-08-07,5323
00923,群益台ESG低碳50,7,0,7,高橋-內壢,2023-08-07,5323
1504,東元,10,3,7,高橋-內壢,2023-08-07,5323
1714,和桐,7,0,7,高橋-內壢,2023-08-07,5323
5871,中租-KY,6,0,6,高橋-內壢,2023-08-07,5323
1326,台化,6,0,6,高橋-內壢,2023-08-07,5323
2929,淘帝-KY,6,0,6,高橋-內壢,2023-08-07,5323
5009,榮剛,7,1,6,高橋-內壢,2023-08-07,5323
6443,元晶,6,0,6,高橋-內壢,2023-08-07,5323
8176,智捷,6,0,6,高橋-內壢,2023-08-07,5323
8390,金益鼎,7,1,6,高橋-內壢,2023-08-07,5323
1313,聯成,5,0,5,高橋-內壢,2023-08-07,5323
1432,大魯閣,5,0,5,高橋-內壢,2023-08-07,5323
2453,凌群,5,0,5,高橋-內壢,2023-08-07,5323
3046,建��,5,0,5,高橋-內壢,2023-08-07,5323
3213,茂訊,5,0,5,高橋-內壢,2023-08-07,5323
4155,訊映,5,0,5,高橋-內壢,2023-08-07,5323
5608,四維航,6,1,5,高橋-內壢,2023-08-07,5323
1471,首利,4,0,4,高橋-內壢,2023-08-07,5323
1314,中石化,4,0,4,高橋-內壢,2023-08-07,5323
006208,富邦台50,4,0,4,高橋-內壢,2023-08-07,5323
2337,旺宏,4,0,4,高橋-內壢,2023-08-07,5323
3498,陽程,4,0,4,高橋-內壢,2023-08-07,5323
2014,中鴻,251,0,251,高橋-內壢,2023-08-08,5323
1802,台玻,158,69,89,高橋-內壢,2023-08-08,5323
00900,富邦特選高股息30,73,0,73,高橋-內壢,2023-08-08,5323
00929,復華台灣科技優息,43,0,43,高橋-內壢,2023-08-08,5323
2890,永豐金,41,0,41,高橋-內壢,2023-08-08,5323
3231,緯創,78,38,40,高橋-內壢,2023-08-08,5323
2834,臺企銀,37,0,37,高橋-內壢,2023-08-08,5323
00923,群益台ESG低碳50,33,0,33,高橋-內壢,2023-08-08,5323
2303,聯電,60,32,28,高橋-內壢,2023-08-08,5323
00878,國泰永續高股息,38,11,27,高橋-內壢,2023-08-08,5323
00888,永豐台灣ESG,23,0,23,高橋-內壢,2023-08-08,5323
00712,復華富時不動產,23,1,22,高橋-內壢,2023-08-08,5323
00931B,統一美債20年,20,0,20,高橋-內壢,2023-08-08,5323
2438,翔耀,20,0,20,高橋-內壢,2023-08-08,5323
2382,廣達,49,30,19,高橋-內壢,2023-08-08,5323
2634,漢翔,123,104,19,高橋-內壢,2023-08-08,5323
2356,英業達,121,104,17,高橋-內壢,2023-08-08,5323
2367,燿華,16,0,16,高橋-內壢,2023-08-08,5323
00892,富邦台灣半導體,15,0,15,高橋-內壢,2023-08-08,5323
2891,中信金,15,0,15,高橋-內壢,2023-08-08,5323
2883,凱基金,14,0,14,高橋-內壢,2023-08-08,5323
8926,台汽電,14,0,14,高橋-內壢,2023-08-08,5323
1605,華新,18,5,13,高橋-內壢,2023-08-08,5323
2301,光寶科,24,12,12,高橋-內壢,2023-08-08,5323
3413,京鼎,12,0,12,高橋-內壢,2023-08-08,5323
6182,合晶,12,0,12,高橋-內壢,2023-08-08,5323
3308,聯德,11,0,11,高橋-內壢,2023-08-08,5323
4915,致伸,12,1,11,高橋-內壢,2023-08-08,5323
5483,中美晶,12,1,11,高橋-內壢,2023-08-08,5323
00687B,國泰20年美債,11,1,10,高橋-內壢,2023-08-08,5323
00665L,富邦�琤肭磪囓�2,10,0,10,高橋-內壢,2023-08-08,5323
1806,冠軍,11,1,10,高橋-內壢,2023-08-08,5323
2453,凌群,10,0,10,高橋-內壢,2023-08-08,5323
2855,統一證,10,0,10,高橋-內壢,2023-08-08,5323
2897,王道銀行,10,0,10,高橋-內壢,2023-08-08,5323
5706,鳳凰,11,1,10,高橋-內壢,2023-08-08,5323
8110,華東,10,0,10,高橋-內壢,2023-08-08,5323
2371,大同,14,5,9,高橋-內壢,2023-08-08,5323
0056,元大高股息,15,6,9,高橋-內壢,2023-08-08,5323
3481,群創,15,6,9,高橋-內壢,2023-08-08,5323
2352,佳世達,8,0,8,高橋-內壢,2023-08-08,5323
2388,威盛,8,0,8,高橋-內壢,2023-08-08,5323
8050,廣積,9,1,8,高橋-內壢,2023-08-08,5323
1504,東元,10,3,7,高橋-內壢,2023-08-08,5323
00631L,元大台灣50正2,7,0,7,高橋-內壢,2023-08-08,5323
2408,南亞科,7,0,7,高橋-內壢,2023-08-08,5323
3363,上詮,11,4,7,高橋-內壢,2023-08-08,5323
6139,亞翔,9,2,7,高橋-內壢,2023-08-08,5323
8021,尖點,7,0,7,高橋-內壢,2023-08-08,5323
2743,山富,7,1,6,高橋-內壢,2023-08-08,5323
00923,群益台ESG低碳50,100,0,100,高橋-內壢,2023-08-09,5323
00720B,元大投資級公司債,40,0,40,高橋-內壢,2023-08-09,5323
2610,華航,110,75,35,高橋-內壢,2023-08-09,5323
6276,安鈦克,35,0,35,高橋-內壢,2023-08-09,5323
3308,聯德,20,0,20,高橋-內壢,2023-08-09,5323
3312,弘憶股,20,0,20,高橋-內壢,2023-08-09,5323
6770,力積電,20,2,18,高橋-內壢,2023-08-09,5323
00929,復華台灣科技優息,16,0,16,高橋-內壢,2023-08-09,5323
00878,國泰永續高股息,17,2,15,高橋-內壢,2023-08-09,5323
4533,協易機,15,0,15,高橋-內壢,2023-08-09,5323
2603,長榮,14,0,14,高橋-內壢,2023-08-09,5323
2323,中環,10,0,10,高橋-內壢,2023-08-09,5323
00680L,元大美債20正2,10,0,10,高橋-內壢,2023-08-09,5323
00900,富邦特選高股息30,14,4,10,高橋-內壢,2023-08-09,5323
2438,翔耀,10,0,10,高橋-內壢,2023-08-09,5323
2890,永豐金,10,0,10,高橋-內壢,2023-08-09,5323
4961,天鈺,10,0,10,高橋-內壢,2023-08-09,5323
8021,尖點,10,0,10,高橋-內壢,2023-08-09,5323
2634,漢翔,10,1,9,高橋-內壢,2023-08-09,5323
00830,國泰費城半導體,7,0,7,高橋-內壢,2023-08-09,5323
1727,中華化,5,0,5,高橋-內壢,2023-08-09,5323
2002,中鋼,5,0,5,高橋-內壢,2023-08-09,5323
1402,遠東新,5,0,5,高橋-內壢,2023-08-09,5323
1217,愛之味,5,0,5,高橋-內壢,2023-08-09,5323
2608,嘉里大榮,5,0,5,高橋-內壢,2023-08-09,5323
3374,精材,5,0,5,高橋-內壢,2023-08-09,5323
1210,大成,4,0,4,高橋-內壢,2023-08-09,5323
3038,全台,5,1,4,高橋-內壢,2023-08-09,5323
6125,廣運,4,0,4,高橋-內壢,2023-08-09,5323
00919,群益台灣精選高息,3,0,3,高橋-內壢,2023-08-09,5323
1815,富喬,3,0,3,高橋-內壢,2023-08-09,5323
1608,華榮,3,0,3,高橋-內壢,2023-08-09,5323
1605,華新,5,2,3,高橋-內壢,2023-08-09,5323
6120,達運,3,0,3,高橋-內壢,2023-08-09,5323
6129,普誠,3,0,3,高橋-內壢,2023-08-09,5323
8070,長華*,3,0,3,高橋-內壢,2023-08-09,5323
1522,堤維西,2,0,2,高橋-內壢,2023-08-09,5323
1476,儒鴻,2,0,2,高橋-內壢,2023-08-09,5323
2059,川湖,2,0,2,高橋-內壢,2023-08-09,5323
2303,聯電,2,0,2,高橋-內壢,2023-08-09,5323
1319,東陽,2,0,2,高橋-內壢,2023-08-09,5323
2353,宏��,2,0,2,高橋-內壢,2023-08-09,5323
2453,凌群,2,0,2,高橋-內壢,2023-08-09,5323
2548,華固,2,0,2,高橋-內壢,2023-08-09,5323
3027,盛達,2,0,2,高橋-內壢,2023-08-09,5323
3034,聯詠,2,0,2,高橋-內壢,2023-08-09,5323
3363,上詮,2,0,2,高橋-內壢,2023-08-09,5323
3706,神達,4,2,2,高橋-內壢,2023-08-09,5323
4162,智擎,3,1,2,高橋-內壢,2023-08-09,5323
4906,正文,2,0,2,高橋-內壢,2023-08-09,5323
00929,復華台灣科技優息,81,0,81,高橋-內壢,2023-08-10,5323
2610,華航,98,22,76,高橋-內壢,2023-08-10,5323
00900,富邦特選高股息30,64,10,54,高橋-內壢,2023-08-10,5323
3481,群創,62,10,52,高橋-內壢,2023-08-10,5323
00719B,元大美債1-3,50,0,50,高橋-內壢,2023-08-10,5323
00878,國泰永續高股息,50,4,46,高橋-內壢,2023-08-10,5323
00923,群益台ESG低碳50,35,0,35,高橋-內壢,2023-08-10,5323
3231,緯創,59,30,29,高橋-內壢,2023-08-10,5323
6282,康舒,25,0,25,高橋-內壢,2023-08-10,5323
0056,元大高股息,35,11,24,高橋-內壢,2023-08-10,5323
00712,復華富時不動產,21,0,21,高橋-內壢,2023-08-10,5323
2376,技嘉,21,0,21,高橋-內壢,2023-08-10,5323
00892,富邦台灣半導體,17,0,17,高橋-內壢,2023-08-10,5323
2002,中鋼,17,0,17,高橋-內壢,2023-08-10,5323
2883,凱基金,24,7,17,高橋-內壢,2023-08-10,5323
3498,陽程,16,0,16,高橋-內壢,2023-08-10,5323
5465,富驊,16,1,15,高橋-內壢,2023-08-10,5323
5469,瀚宇博,15,0,15,高橋-內壢,2023-08-10,5323
2353,宏��,33,21,12,高橋-內壢,2023-08-10,5323
3706,神達,18,6,12,高橋-內壢,2023-08-10,5323
5443,均豪,12,0,12,高橋-內壢,2023-08-10,5323
6116,彩晶,23,12,11,高橋-內壢,2023-08-10,5323
2312,金寶,11,0,11,高橋-內壢,2023-08-10,5323
2913,農林,10,0,10,高橋-內壢,2023-08-10,5323
00830,國泰費城半導體,10,0,10,高橋-內壢,2023-08-10,5323
00795B,中信美國公債20年,10,0,10,高橋-內壢,2023-08-10,5323
2415,錩新,10,0,10,高橋-內壢,2023-08-10,5323
2408,南亞科,9,0,9,高橋-內壢,2023-08-10,5323
2474,可成,9,0,9,高橋-內壢,2023-08-10,5323
3038,全台,9,0,9,高橋-內壢,2023-08-10,5323
4746,台耀,13,4,9,高橋-內壢,2023-08-10,5323
1504,東元,9,1,8,高橋-內壢,2023-08-10,5323
00931B,統一美債20年,8,0,8,高橋-內壢,2023-08-10,5323
00919,群益台灣精選高息,8,0,8,高橋-內壢,2023-08-10,5323
2303,聯電,8,0,8,高橋-內壢,2023-08-10,5323
2601,益航,8,0,8,高橋-內壢,2023-08-10,5323
2356,英業達,17,9,8,高橋-內壢,2023-08-10,5323
8926,台汽電,8,1,7,高橋-內壢,2023-08-10,5323
00881,國泰台灣5G+,7,0,7,高橋-內壢,2023-08-10,5323
2344,華邦電,7,0,7,高橋-內壢,2023-08-10,5323
2367,燿華,7,0,7,高橋-內壢,2023-08-10,5323
1802,台玻,9,3,6,高橋-內壢,2023-08-10,5323
8255,朋程,6,0,6,高橋-內壢,2023-08-10,5323
3078,僑威,5,0,5,高橋-內壢,2023-08-10,5323
9945,潤泰新,5,0,5,高橋-內壢,2023-08-10,5323
4763,材料-KY,6,1,5,高橋-內壢,2023-08-10,5323
1471,首利,5,0,5,高橋-內壢,2023-08-10,5323
1217,愛之味,5,0,5,高橋-內壢,2023-08-10,5323
1102,亞泥,5,0,5,高橋-內壢,2023-08-10,5323
00905,FT臺灣Smart,5,0,5,高橋-內壢,2023-08-10,5323
00929,復華台灣科技優息,66,0,66,高橋-內壢,2023-08-11,5323
00900,富邦特選高股息30,65,0,65,高橋-內壢,2023-08-11,5323
00795B,中信美國公債20年,63,0,63,高橋-內壢,2023-08-11,5323
4155,訊映,40,0,40,高橋-內壢,2023-08-11,5323
00751B,元大AAA至A公司債,32,0,32,高橋-內壢,2023-08-11,5323
1609,大亞,34,2,32,高橋-內壢,2023-08-11,5323
00830,國泰費城半導體,23,0,23,高橋-內壢,2023-08-11,5323
2888,新光金,22,0,22,高橋-內壢,2023-08-11,5323
2618,長榮航,310,290,20,高橋-內壢,2023-08-11,5323
6116,彩晶,18,0,18,高橋-內壢,2023-08-11,5323
2801,彰銀,18,0,18,高橋-內壢,2023-08-11,5323
3481,群創,18,1,17,高橋-內壢,2023-08-11,5323
2883,凱基金,20,5,15,高橋-內壢,2023-08-11,5323
3710,連展投控,15,0,15,高橋-內壢,2023-08-11,5323
2409,友達,18,4,14,高橋-內壢,2023-08-11,5323
1605,華新,21,8,13,高橋-內壢,2023-08-11,5323
2609,陽明,14,1,13,高橋-內壢,2023-08-11,5323
2342,茂矽,12,0,12,高橋-內壢,2023-08-11,5323
00923,群益台ESG低碳50,11,0,11,高橋-內壢,2023-08-11,5323
1319,東陽,10,0,10,高橋-內壢,2023-08-11,5323
00931B,統一美債20年,10,0,10,高橋-內壢,2023-08-11,5323
2313,華通,10,0,10,高橋-內壢,2023-08-11,5323
2356,英業達,30,20,10,高橋-內壢,2023-08-11,5323
2440,太空梭,11,1,10,高橋-內壢,2023-08-11,5323
2880,華南金,10,0,10,高橋-內壢,2023-08-11,5323
2892,第一金,10,0,10,高橋-內壢,2023-08-11,5323
3037,欣興,12,2,10,高橋-內壢,2023-08-11,5323
5443,均豪,10,0,10,高橋-內壢,2023-08-11,5323
8076,伍豐,10,0,10,高橋-內壢,2023-08-11,5323
2301,光寶科,15,6,9,高橋-內壢,2023-08-11,5323
00882,中信中國高股息,9,0,9,高橋-內壢,2023-08-11,5323
3581,博磊,11,2,9,高橋-內壢,2023-08-11,5323
00712,復華富時不動產,10,3,7,高橋-內壢,2023-08-11,5323
6547,高端疫苗,13,6,7,高橋-內壢,2023-08-11,5323
2882,國泰金,7,0,7,高橋-內壢,2023-08-11,5323
00687B,國泰20年美債,6,0,6,高橋-內壢,2023-08-11,5323
00772B,中信高評級公司債,6,0,6,高橋-內壢,2023-08-11,5323
2211,長榮鋼,6,0,6,高橋-內壢,2023-08-11,5323
3689,湧德,6,0,6,高橋-內壢,2023-08-11,5323
6188,廣明,17,11,6,高橋-內壢,2023-08-11,5323
6651,全宇昕,6,0,6,高橋-內壢,2023-08-11,5323
2002,中鋼,6,0,6,高橋-內壢,2023-08-11,5323
2317,鴻海,5,0,5,高橋-內壢,2023-08-11,5323
1905,華紙,5,0,5,高橋-內壢,2023-08-11,5323
2891,中信金,6,1,5,高橋-內壢,2023-08-11,5323
3056,富華新,5,0,5,高橋-內壢,2023-08-11,5323
3483,力致,5,0,5,高橋-內壢,2023-08-11,5323
3558,神準,5,0,5,高橋-內壢,2023-08-11,5323
3707,漢磊,6,1,5,高橋-內壢,2023-08-11,5323
4532,瑞智,5,0,5,高橋-內壢,2023-08-11,5323
2618,長榮航,460,70,390,高橋-內壢,2023-08-14,5323
2610,華航,186,3,183,高橋-內壢,2023-08-14,5323
00929,復華台灣科技優息,87,0,87,高橋-內壢,2023-08-14,5323
2891,中信金,75,0,75,高橋-內壢,2023-08-14,5323
00900,富邦特選高股息30,68,0,68,高橋-內壢,2023-08-14,5323
3231,緯創,87,37,50,高橋-內壢,2023-08-14,5323
2420,新巨,50,0,50,高橋-內壢,2023-08-14,5323
2890,永豐金,39,0,39,高橋-內壢,2023-08-14,5323
00923,群益台ESG低碳50,38,0,38,高橋-內壢,2023-08-14,5323
2888,新光金,41,4,37,高橋-內壢,2023-08-14,5323
2883,凱基金,54,20,34,高橋-內壢,2023-08-14,5323
4154,樂威科-KY,20,0,20,高橋-內壢,2023-08-14,5323
2303,聯電,17,1,16,高橋-內壢,2023-08-14,5323
6188,廣明,17,1,16,高橋-內壢,2023-08-14,5323
00632R,元大台灣50反1,160,145,15,高橋-內壢,2023-08-14,5323
3362,先進光,22,7,15,高橋-內壢,2023-08-14,5323
4155,訊映,15,0,15,高橋-內壢,2023-08-14,5323
6116,彩晶,15,0,15,高橋-內壢,2023-08-14,5323
2206,三陽工業,35,20,15,高橋-內壢,2023-08-14,5323
8415,大國鋼,14,0,14,高橋-內壢,2023-08-14,5323
2882,國泰金,13,0,13,高橋-內壢,2023-08-14,5323
1605,華新,12,0,12,高橋-內壢,2023-08-14,5323
2313,華通,12,0,12,高橋-內壢,2023-08-14,5323
2881,富邦金,12,0,12,高橋-內壢,2023-08-14,5323
6547,高端疫苗,12,0,12,高橋-內壢,2023-08-14,5323
2344,華邦電,11,0,11,高橋-內壢,2023-08-14,5323
00931B,統一美債20年,11,0,11,高橋-內壢,2023-08-14,5323
3715,定穎投控,11,0,11,高橋-內壢,2023-08-14,5323
00830,國泰費城半導體,10,0,10,高橋-內壢,2023-08-14,5323
0056,元大高股息,13,3,10,高橋-內壢,2023-08-14,5323
00882,中信中國高股息,10,0,10,高橋-內壢,2023-08-14,5323
2201,裕隆,10,0,10,高橋-內壢,2023-08-14,5323
2380,虹光,10,0,10,高橋-內壢,2023-08-14,5323
2884,玉山金,11,1,10,高橋-內壢,2023-08-14,5323
3498,陽程,10,0,10,高橋-內壢,2023-08-14,5323
4142,國光生,10,0,10,高橋-內壢,2023-08-14,5323
5706,鳳凰,10,0,10,高橋-內壢,2023-08-14,5323
6170,統振,10,0,10,高橋-內壢,2023-08-14,5323
6244,茂迪,10,0,10,高橋-內壢,2023-08-14,5323
6770,力積電,25,15,10,高橋-內壢,2023-08-14,5323
2356,英業達,34,25,9,高橋-內壢,2023-08-14,5323
1513,中興電,10,1,9,高橋-內壢,2023-08-14,5323
00919,群益台灣精選高息,9,0,9,高橋-內壢,2023-08-14,5323
2002,中鋼,9,0,9,高橋-內壢,2023-08-14,5323
2031,新光鋼,9,0,9,高橋-內壢,2023-08-14,5323
2329,華泰,11,2,9,高橋-內壢,2023-08-14,5323
2408,南亞科,9,0,9,高橋-內壢,2023-08-14,5323
3481,群創,39,30,9,高橋-內壢,2023-08-14,5323
9945,潤泰新,9,0,9,高橋-內壢,2023-08-14,5323
6285,啟��,18,10,8,高橋-內壢,2023-08-14,5323
00929,復華台灣科技優息,210,4,206,高橋-內壢,2023-08-15,5323
00878,國泰永續高股息,120,28,92,高橋-內壢,2023-08-15,5323
2618,長榮航,131,43,88,高橋-內壢,2023-08-15,5323
00923,群益台ESG低碳50,81,0,81,高橋-內壢,2023-08-15,5323
00931B,統一美債20年,72,0,72,高橋-內壢,2023-08-15,5323
2891,中信金,47,0,47,高橋-內壢,2023-08-15,5323
00900,富邦特選高股息30,35,0,35,高橋-內壢,2023-08-15,5323
2888,新光金,32,0,32,高橋-內壢,2023-08-15,5323
2317,鴻海,28,1,27,高橋-內壢,2023-08-15,5323
00712,復華富時不動產,25,0,25,高橋-內壢,2023-08-15,5323
3481,群創,19,0,19,高橋-內壢,2023-08-15,5323
00892,富邦台灣半導體,17,0,17,高橋-內壢,2023-08-15,5323
2303,聯電,15,0,15,高橋-內壢,2023-08-15,5323
00850,元大臺灣ESG永續,13,0,13,高橋-內壢,2023-08-15,5323
2609,陽明,25,13,12,高橋-內壢,2023-08-15,5323
3037,欣興,16,5,11,高橋-內壢,2023-08-15,5323
00907,永豐優息存股,11,0,11,高橋-內壢,2023-08-15,5323
2886,兆豐金,11,0,11,高橋-內壢,2023-08-15,5323
2206,三陽工業,13,3,10,高橋-內壢,2023-08-15,5323
00885,富邦越南,10,0,10,高橋-內壢,2023-08-15,5323
2601,益航,12,2,10,高橋-內壢,2023-08-15,5323
6120,達運,10,0,10,高橋-內壢,2023-08-15,5323
6203,海韻電,20,10,10,高橋-內壢,2023-08-15,5323
8088,品安,10,0,10,高橋-內壢,2023-08-15,5323
9939,宏全,10,0,10,高橋-內壢,2023-08-15,5323
2745,五福,9,0,9,高橋-內壢,2023-08-15,5323
2883,凱基金,9,0,9,高橋-內壢,2023-08-15,5323
1409,新纖,7,0,7,高橋-內壢,2023-08-15,5323
1802,台玻,9,2,7,高橋-內壢,2023-08-15,5323
8112,至上,7,0,7,高橋-內壢,2023-08-15,5323
00664R,國泰臺灣加權反1,6,0,6,高橋-內壢,2023-08-15,5323
00795B,中信美國公債20年,6,0,6,高橋-內壢,2023-08-15,5323
2002,中鋼,6,0,6,高橋-內壢,2023-08-15,5323
2014,中鴻,8,2,6,高橋-內壢,2023-08-15,5323
3013,晟銘電,6,0,6,高橋-內壢,2023-08-15,5323
3071,協禧,6,0,6,高橋-內壢,2023-08-15,5323
5608,四維航,8,2,6,高橋-內壢,2023-08-15,5323
2316,楠梓電,5,0,5,高橋-內壢,2023-08-15,5323
3209,全科,5,0,5,高橋-內壢,2023-08-15,5323
3213,茂訊,5,0,5,高橋-內壢,2023-08-15,5323
3702,大聯大,5,0,5,高橋-內壢,2023-08-15,5323
8046,南電,6,1,5,高橋-內壢,2023-08-15,5323
2027,大成鋼,6,2,4,高橋-內壢,2023-08-15,5323
8478,東哥遊艇,8,4,4,高橋-內壢,2023-08-15,5323
2845,遠東銀,4,0,4,高橋-內壢,2023-08-15,5323
2887,台新金,4,0,4,高橋-內壢,2023-08-15,5323
3105,穩懋,5,1,4,高橋-內壢,2023-08-15,5323
5434,崇越,4,0,4,高橋-內壢,2023-08-15,5323
6204,艾華,4,0,4,高橋-內壢,2023-08-15,5323
2363,矽統,68,64,4,高橋-內壢,2023-08-15,5323
2883,凱基金,109,3,106,高橋-內壢,2023-08-16,5323
2303,聯電,92,47,45,高橋-內壢,2023-08-16,5323
2891,中信金,41,0,41,高橋-內壢,2023-08-16,5323
00772B,中信高評級公司債,38,0,38,高橋-內壢,2023-08-16,5323
00923,群益台ESG低碳50,37,0,37,高橋-內壢,2023-08-16,5323
2610,華航,47,10,37,高橋-內壢,2023-08-16,5323
00929,復華台灣科技優息,74,43,31,高橋-內壢,2023-08-16,5323
3481,群創,35,8,27,高橋-內壢,2023-08-16,5323
9945,潤泰新,25,0,25,高橋-內壢,2023-08-16,5323
00900,富邦特選高股息30,24,0,24,高橋-內壢,2023-08-16,5323
2618,長榮航,104,81,23,高橋-內壢,2023-08-16,5323
2014,中鴻,21,0,21,高橋-內壢,2023-08-16,5323
2323,中環,21,0,21,高橋-內壢,2023-08-16,5323
2890,永豐金,21,0,21,高橋-內壢,2023-08-16,5323
3576,聯合再生,20,0,20,高橋-內壢,2023-08-16,5323
2458,義隆,20,1,19,高橋-內壢,2023-08-16,5323
2884,玉山金,19,0,19,高橋-內壢,2023-08-16,5323
1802,台玻,17,2,15,高橋-內壢,2023-08-16,5323
2002,中鋼,13,0,13,高橋-內壢,2023-08-16,5323
9919,康那香,11,0,11,高橋-內壢,2023-08-16,5323
00892,富邦台灣半導體,10,0,10,高橋-內壢,2023-08-16,5323
1434,福懋,10,0,10,高橋-內壢,2023-08-16,5323
4909,新復興,10,0,10,高橋-內壢,2023-08-16,5323
2745,五福,9,0,9,高橋-內壢,2023-08-16,5323
3498,陽程,9,0,9,高橋-內壢,2023-08-16,5323
1227,佳格,8,0,8,高橋-內壢,2023-08-16,5323
00882,中信中國高股息,8,0,8,高橋-內壢,2023-08-16,5323
2382,廣達,32,25,7,高橋-內壢,2023-08-16,5323
2027,大成鋼,10,3,7,高橋-內壢,2023-08-16,5323
1409,新纖,7,0,7,高橋-內壢,2023-08-16,5323
1101,台泥,21,14,7,高橋-內壢,2023-08-16,5323
00720B,元大投資級公司債,7,0,7,高橋-內壢,2023-08-16,5323
00881,國泰台灣5G+,7,0,7,高橋-內壢,2023-08-16,5323
2201,裕隆,7,0,7,高橋-內壢,2023-08-16,5323
5608,四維航,8,1,7,高橋-內壢,2023-08-16,5323
2603,長榮,10,3,7,高橋-內壢,2023-08-16,5323
2881,富邦金,7,0,7,高橋-內壢,2023-08-16,5323
00902,中信電池及儲能,6,0,6,高橋-內壢,2023-08-16,5323
00927,群益半導體收益,7,1,6,高橋-內壢,2023-08-16,5323
1605,華新,7,1,6,高橋-內壢,2023-08-16,5323
2379,瑞昱,6,0,6,高橋-內壢,2023-08-16,5323
2882,國泰金,7,1,6,高橋-內壢,2023-08-16,5323
3587,閎康,6,0,6,高橋-內壢,2023-08-16,5323
5434,崇越,6,0,6,高橋-內壢,2023-08-16,5323
1301,台塑,6,1,5,高橋-內壢,2023-08-16,5323
00928,中信上櫃ESG30,5,0,5,高橋-內壢,2023-08-16,5323
00888,永豐台灣ESG,5,0,5,高橋-內壢,2023-08-16,5323
1609,大亞,5,0,5,高橋-內壢,2023-08-16,5323
1905,華紙,5,0,5,高橋-內壢,2023-08-16,5323
2317,鴻海,7,2,5,高橋-內壢,2023-08-16,5323
6770,力積電,103,2,101,高橋-內壢,2023-08-17,5323
2618,長榮航,49,15,34,高橋-內壢,2023-08-17,5323
00719B,元大美債1-3,30,0,30,高橋-內壢,2023-08-17,5323
1101,台泥,26,3,23,高橋-內壢,2023-08-17,5323
2329,華泰,38,16,22,高橋-內壢,2023-08-17,5323
2014,中鴻,21,0,21,高橋-內壢,2023-08-17,5323
00892,富邦台灣半導體,20,0,20,高橋-內壢,2023-08-17,5323
3231,緯創,61,43,18,高橋-內壢,2023-08-17,5323
2401,凌陽,22,5,17,高橋-內壢,2023-08-17,5323
2324,仁寶,54,38,16,高橋-內壢,2023-08-17,5323
1802,台玻,18,5,13,高橋-內壢,2023-08-17,5323
00929,復華台灣科技優息,64,52,12,高橋-內壢,2023-08-17,5323
2002,中鋼,12,0,12,高橋-內壢,2023-08-17,5323
2609,陽明,23,11,12,高橋-內壢,2023-08-17,5323
2883,凱基金,17,5,12,高橋-內壢,2023-08-17,5323
2891,中信金,13,1,12,高橋-內壢,2023-08-17,5323
1326,台化,11,0,11,高橋-內壢,2023-08-17,5323
00931B,統一美債20年,11,0,11,高橋-內壢,2023-08-17,5323
2312,金寶,11,0,11,高橋-內壢,2023-08-17,5323
3044,健鼎,13,2,11,高橋-內壢,2023-08-17,5323
1709,和益,10,0,10,高橋-內壢,2023-08-17,5323
1301,台塑,10,0,10,高橋-內壢,2023-08-17,5323
00878,國泰永續高股息,18,8,10,高橋-內壢,2023-08-17,5323
1569,濱川,10,0,10,高橋-內壢,2023-08-17,5323
2889,國票金,10,0,10,高橋-內壢,2023-08-17,5323
3576,聯合再生,15,5,10,高橋-內壢,2023-08-17,5323
9945,潤泰新,10,0,10,高橋-內壢,2023-08-17,5323
00751B,元大AAA至A公司債,9,0,9,高橋-內壢,2023-08-17,5323
00795B,中信美國公債20年,9,0,9,高橋-內壢,2023-08-17,5323
3234,光環,9,0,9,高橋-內壢,2023-08-17,5323
4974,亞泰,9,0,9,高橋-內壢,2023-08-17,5323
2421,建準,17,9,8,高橋-內壢,2023-08-17,5323
2913,農林,8,0,8,高橋-內壢,2023-08-17,5323
8996,高力,8,1,7,高橋-內壢,2023-08-17,5323
00830,國泰費城半導體,7,0,7,高橋-內壢,2023-08-17,5323
00679B,元大美債20年,7,0,7,高橋-內壢,2023-08-17,5323
8478,東哥遊艇,7,0,7,高橋-內壢,2023-08-17,5323
2880,華南金,7,0,7,高橋-內壢,2023-08-17,5323
0050,元大台灣50,6,0,6,高橋-內壢,2023-08-17,5323
00665L,富邦�琤肭磪囓�2,6,0,6,高橋-內壢,2023-08-17,5323
00631L,元大台灣50正2,6,0,6,高橋-內壢,2023-08-17,5323
1795,美時,6,0,6,高橋-內壢,2023-08-17,5323
2388,威盛,12,6,6,高橋-內壢,2023-08-17,5323
3013,晟銘電,8,2,6,高橋-內壢,2023-08-17,5323
3406,玉晶光,6,0,6,高橋-內壢,2023-08-17,5323
5340,建榮,16,10,6,高橋-內壢,2023-08-17,5323
8050,廣積,27,21,6,高橋-內壢,2023-08-17,5323
3056,富華新,5,0,5,高橋-內壢,2023-08-17,5323
3105,穩懋,8,3,5,高橋-內壢,2023-08-17,5323
00761B,國泰A級公司債,5,0,5,高橋-內壢,2023-08-17,5323
00929,復華台灣科技優息,127,1,126,高橋-內壢,2023-08-18,5323
2618,長榮航,253,127,126,高橋-內壢,2023-08-18,5323
3231,緯創,119,18,101,高橋-內壢,2023-08-18,5323
00878,國泰永續高股息,64,14,50,高橋-內壢,2023-08-18,5323
2883,凱基金,50,0,50,高橋-內壢,2023-08-18,5323
2610,華航,145,103,42,高橋-內壢,2023-08-18,5323
3005,神基,37,1,36,高橋-內壢,2023-08-18,5323
00725B,國泰投資級公司債,35,0,35,高橋-內壢,2023-08-18,5323
2312,金寶,32,0,32,高橋-內壢,2023-08-18,5323
2356,英業達,52,21,31,高橋-內壢,2023-08-18,5323
00641R,富邦日本反1,30,0,30,高橋-內壢,2023-08-18,5323
00651R,復華香港反1,30,0,30,高橋-內壢,2023-08-18,5323
2611,志信,30,0,30,高橋-內壢,2023-08-18,5323
2363,矽統,41,13,28,高橋-內壢,2023-08-18,5323
1504,東元,23,1,22,高橋-內壢,2023-08-18,5323
00712,復華富時不動產,20,0,20,高橋-內壢,2023-08-18,5323
2329,華泰,31,13,18,高橋-內壢,2023-08-18,5323
4533,協易機,21,5,16,高橋-內壢,2023-08-18,5323
1312,國喬,15,0,15,高橋-內壢,2023-08-18,5323
00892,富邦台灣半導體,15,0,15,高橋-內壢,2023-08-18,5323
00679B,元大美債20年,12,0,12,高橋-內壢,2023-08-18,5323
1319,東陽,13,1,12,高橋-內壢,2023-08-18,5323
2314,台揚,13,1,12,高橋-內壢,2023-08-18,5323
6274,台燿,19,7,12,高橋-內壢,2023-08-18,5323
2495,普安,11,0,11,高橋-內壢,2023-08-18,5323
5465,富驊,10,0,10,高橋-內壢,2023-08-18,5323
00919,群益台灣精選高息,11,1,10,高橋-內壢,2023-08-18,5323
1905,華紙,10,0,10,高橋-內壢,2023-08-18,5323
3042,晶技,11,1,10,高橋-內壢,2023-08-18,5323
3498,陽程,10,0,10,高橋-內壢,2023-08-18,5323
3567,逸昌,10,0,10,高橋-內壢,2023-08-18,5323
6125,廣運,11,1,10,高橋-內壢,2023-08-18,5323
6129,普誠,10,0,10,高橋-內壢,2023-08-18,5323
3056,富華新,12,2,10,高橋-內壢,2023-08-18,5323
0056,元大高股息,12,3,9,高橋-內壢,2023-08-18,5323
2344,華邦電,11,2,9,高橋-內壢,2023-08-18,5323
3704,合勤控,10,2,8,高橋-內壢,2023-08-18,5323
00900,富邦特選高股息30,11,3,8,高橋-內壢,2023-08-18,5323
2606,裕民,10,2,8,高橋-內壢,2023-08-18,5323
3206,志豐,8,0,8,高橋-內壢,2023-08-18,5323
1471,首利,13,6,7,高橋-內壢,2023-08-18,5323
4207,環泰,7,0,7,高橋-內壢,2023-08-18,5323
6180,橘子,10,3,7,高橋-內壢,2023-08-18,5323
00772B,中信高評級公司債,6,0,6,高橋-內壢,2023-08-18,5323
2882,國泰金,6,0,6,高橋-內壢,2023-08-18,5323
3504,揚明光,6,0,6,高橋-內壢,2023-08-18,5323
3689,湧德,11,5,6,高橋-內壢,2023-08-18,5323
4967,十銓,6,0,6,高橋-內壢,2023-08-18,5323
6120,達運,6,0,6,高橋-內壢,2023-08-18,5323
2308,台達電,5,0,5,高橋-內壢,2023-08-18,5323
1605,華新,30,0,30,高橋-內壢,2023-08-21,5323
1802,台玻,31,2,29,高橋-內壢,2023-08-21,5323
00712,復華富時不動產,27,0,27,高橋-內壢,2023-08-21,5323
3231,緯創,43,17,26,高橋-內壢,2023-08-21,5323
2363,矽統,102,79,23,高橋-內壢,2023-08-21,5323
00929,復華台灣科技優息,23,1,22,高橋-內壢,2023-08-21,5323
3032,偉訓,21,1,20,高橋-內壢,2023-08-21,5323
3706,神達,15,0,15,高橋-內壢,2023-08-21,5323
2610,華航,20,6,14,高橋-內壢,2023-08-21,5323
2618,長榮航,100,86,14,高橋-內壢,2023-08-21,5323
2834,臺企銀,17,3,14,高橋-內壢,2023-08-21,5323
6547,高端疫苗,14,0,14,高橋-內壢,2023-08-21,5323
6449,鈺邦,12,0,12,高橋-內壢,2023-08-21,5323
00882,中信中國高股息,11,0,11,高橋-內壢,2023-08-21,5323
00923,群益台ESG低碳50,11,0,11,高橋-內壢,2023-08-21,5323
2402,毅嘉,13,2,11,高橋-內壢,2023-08-21,5323
3051,力特,11,0,11,高橋-內壢,2023-08-21,5323
00931B,統一美債20年,10,0,10,高橋-內壢,2023-08-21,5323
2440,太空梭,10,0,10,高橋-內壢,2023-08-21,5323
2634,漢翔,11,1,10,高橋-內壢,2023-08-21,5323
3362,先進光,11,1,10,高橋-內壢,2023-08-21,5323
6469,大樹,10,0,10,高橋-內壢,2023-08-21,5323
2301,光寶科,14,5,9,高橋-內壢,2023-08-21,5323
3042,晶技,8,0,8,高橋-內壢,2023-08-21,5323
3498,陽程,8,0,8,高橋-內壢,2023-08-21,5323
2344,華邦電,7,0,7,高橋-內壢,2023-08-21,5323
1471,首利,6,0,6,高橋-內壢,2023-08-21,5323
00679B,元大美債20年,7,1,6,高橋-內壢,2023-08-21,5323
2605,新興,6,0,6,高橋-內壢,2023-08-21,5323
4915,致伸,6,0,6,高橋-內壢,2023-08-21,5323
6204,艾華,6,0,6,高橋-內壢,2023-08-21,5323
0056,元大高股息,6,0,6,高橋-內壢,2023-08-21,5323
2368,金像電,12,7,5,高橋-內壢,2023-08-21,5323
1513,中興電,5,0,5,高橋-內壢,2023-08-21,5323
1217,愛之味,5,0,5,高橋-內壢,2023-08-21,5323
00719B,元大美債1-3,5,0,5,高橋-內壢,2023-08-21,5323
1905,華紙,5,0,5,高橋-內壢,2023-08-21,5323
2888,新光金,5,0,5,高橋-內壢,2023-08-21,5323
3689,湧德,13,8,5,高橋-內壢,2023-08-21,5323
5443,均豪,5,0,5,高橋-內壢,2023-08-21,5323
6274,台燿,17,12,5,高橋-內壢,2023-08-21,5323
6669,緯穎,5,0,5,高橋-內壢,2023-08-21,5323
2324,仁寶,7,3,4,高橋-內壢,2023-08-21,5323
00753L,中信中國50正2,4,0,4,高橋-內壢,2023-08-21,5323
2457,飛宏,4,0,4,高橋-內壢,2023-08-21,5323
2637,慧洋-KY,4,0,4,高橋-內壢,2023-08-21,5323
4207,環泰,4,0,4,高橋-內壢,2023-08-21,5323
5434,崇越,4,0,4,高橋-內壢,2023-08-21,5323
1101,台泥,4,1,3,高橋-內壢,2023-08-21,5323
00919,群益台灣精選高息,4,1,3,高橋-內壢,2023-08-21,5323
00632R,元大台灣50反1,160,0,160,高橋-內壢,2023-08-22,5323
8076,伍豐,70,0,70,高橋-內壢,2023-08-22,5323
2002,中鋼,67,0,67,高橋-內壢,2023-08-22,5323
2363,矽統,105,48,57,高橋-內壢,2023-08-22,5323
00929,復華台灣科技優息,37,0,37,高橋-內壢,2023-08-22,5323
2356,英業達,55,24,31,高橋-內壢,2023-08-22,5323
2891,中信金,28,0,28,高橋-內壢,2023-08-22,5323
2883,凱基金,25,0,25,高橋-內壢,2023-08-22,5323
00719B,元大美債1-3,22,0,22,高橋-內壢,2023-08-22,5323
4707,磐亞,20,0,20,高橋-內壢,2023-08-22,5323
1504,東元,21,3,18,高橋-內壢,2023-08-22,5323
00679B,元大美債20年,18,0,18,高橋-內壢,2023-08-22,5323
2382,廣達,26,11,15,高橋-內壢,2023-08-22,5323
2401,凌陽,15,0,15,高橋-內壢,2023-08-22,5323
2324,仁寶,14,2,12,高橋-內壢,2023-08-22,5323
6248,沛波,12,0,12,高橋-內壢,2023-08-22,5323
2344,華邦電,11,0,11,高橋-內壢,2023-08-22,5323
1709,和益,10,0,10,高橋-內壢,2023-08-22,5323
00752,中信中國50,10,0,10,高橋-內壢,2023-08-22,5323
2206,三陽工業,10,0,10,高橋-內壢,2023-08-22,5323
2421,建準,21,11,10,高橋-內壢,2023-08-22,5323
5443,均豪,10,1,9,高橋-內壢,2023-08-22,5323
3038,全台,8,0,8,高橋-內壢,2023-08-22,5323
3308,聯德,21,13,8,高橋-內壢,2023-08-22,5323
00882,中信中國高股息,7,0,7,高橋-內壢,2023-08-22,5323
2542,興富發,6,0,6,高橋-內壢,2023-08-22,5323
2645,長榮航太,6,0,6,高橋-內壢,2023-08-22,5323
3004,豐達科,6,0,6,高橋-內壢,2023-08-22,5323
5706,鳳凰,6,0,6,高橋-內壢,2023-08-22,5323
6443,元晶,6,0,6,高橋-內壢,2023-08-22,5323
8210,勤誠,12,6,6,高橋-內壢,2023-08-22,5323
3706,神達,10,4,6,高橋-內壢,2023-08-22,5323
1312,國喬,5,0,5,高橋-內壢,2023-08-22,5323
1444,力麗,5,0,5,高橋-內壢,2023-08-22,5323
1432,大魯閣,5,0,5,高橋-內壢,2023-08-22,5323
00923,群益台ESG低碳50,5,0,5,高橋-內壢,2023-08-22,5323
2537,聯上發,10,5,5,高橋-內壢,2023-08-22,5323
2913,農林,5,0,5,高橋-內壢,2023-08-22,5323
3257,虹冠電,5,0,5,高橋-內壢,2023-08-22,5323
6163,華電網,5,0,5,高橋-內壢,2023-08-22,5323
6244,茂迪,5,0,5,高橋-內壢,2023-08-22,5323
6770,力積電,8,3,5,高橋-內壢,2023-08-22,5323
00675L,富邦臺灣加權正2,4,0,4,高橋-內壢,2023-08-22,5323
2371,大同,4,0,4,高橋-內壢,2023-08-22,5323
2812,台中銀,4,0,4,高橋-內壢,2023-08-22,5323
2882,國泰金,4,0,4,高橋-內壢,2023-08-22,5323
3483,力致,6,2,4,高橋-內壢,2023-08-22,5323
3498,陽程,4,0,4,高橋-內壢,2023-08-22,5323
5258,虹堡,6,2,4,高橋-內壢,2023-08-22,5323
2332,友訊,9,5,4,高橋-內壢,2023-08-22,5323
2618,長榮航,273,118,155,高橋-內壢,2023-08-23,5323
6770,力積電,54,6,48,高橋-內壢,2023-08-23,5323
2002,中鋼,40,0,40,高橋-內壢,2023-08-23,5323
00632R,元大台灣50反1,30,0,30,高橋-內壢,2023-08-23,5323
3483,力致,23,2,21,高橋-內壢,2023-08-23,5323
4543,萬在,20,0,20,高橋-內壢,2023-08-23,5323
00712,復華富時不動產,24,5,19,高橋-內壢,2023-08-23,5323
2303,聯電,19,1,18,高橋-內壢,2023-08-23,5323
1471,首利,17,0,17,高橋-內壢,2023-08-23,5323
6275,元山,15,1,14,高橋-內壢,2023-08-23,5323
3105,穩懋,14,1,13,高橋-內壢,2023-08-23,5323
2382,廣達,20,7,13,高橋-內壢,2023-08-23,5323
2367,燿華,20,8,12,高橋-內壢,2023-08-23,5323
6547,高端疫苗,12,0,12,高橋-內壢,2023-08-23,5323
3689,湧德,16,5,11,高橋-內壢,2023-08-23,5323
2359,所羅門,10,0,10,高橋-內壢,2023-08-23,5323
3013,晟銘電,23,13,10,高橋-內壢,2023-08-23,5323
3163,波若威,11,1,10,高橋-內壢,2023-08-23,5323
3675,德微,10,0,10,高橋-內壢,2023-08-23,5323
00923,群益台ESG低碳50,8,0,8,高橋-內壢,2023-08-23,5323
2630,亞航,13,5,8,高橋-內壢,2023-08-23,5323
5475,德宏,8,0,8,高橋-內壢,2023-08-23,5323
9919,康那香,8,0,8,高橋-內壢,2023-08-23,5323
2610,華航,9,1,8,高橋-內壢,2023-08-23,5323
2323,中環,7,0,7,高橋-內壢,2023-08-23,5323
3706,神達,12,5,7,高橋-內壢,2023-08-23,5323
6188,廣明,10,3,7,高橋-內壢,2023-08-23,5323
6282,康舒,13,6,7,高橋-內壢,2023-08-23,5323
1612,宏泰,6,0,6,高橋-內壢,2023-08-23,5323
1503,士電,7,1,6,高橋-內壢,2023-08-23,5323
00893,國泰智能電動車,6,0,6,高橋-內壢,2023-08-23,5323
2301,光寶科,12,6,6,高橋-內壢,2023-08-23,5323
2609,陽明,7,1,6,高橋-內壢,2023-08-23,5323
6167,久正,6,0,6,高橋-內壢,2023-08-23,5323
00931B,統一美債20年,5,0,5,高橋-內壢,2023-08-23,5323
00895,富邦未來車,5,0,5,高橋-內壢,2023-08-23,5323
1301,台塑,5,0,5,高橋-內壢,2023-08-23,5323
2302,麗正,5,0,5,高橋-內壢,2023-08-23,5323
2312,金寶,10,5,5,高橋-內壢,2023-08-23,5323
2408,南亞科,5,0,5,高橋-內壢,2023-08-23,5323
2421,建準,7,2,5,高橋-內壢,2023-08-23,5323
2491,吉祥全,5,0,5,高橋-內壢,2023-08-23,5323
2603,長榮,5,0,5,高橋-內壢,2023-08-23,5323
6531,愛普*,6,1,5,高橋-內壢,2023-08-23,5323
1303,南亞,4,0,4,高橋-內壢,2023-08-23,5323
2009,第一銅,4,0,4,高橋-內壢,2023-08-23,5323
2352,佳世達,5,1,4,高橋-內壢,2023-08-23,5323
2615,萬海,4,0,4,高橋-內壢,2023-08-23,5323
3032,偉訓,4,0,4,高橋-內壢,2023-08-23,5323
3515,華擎,4,0,4,高橋-內壢,2023-08-23,5323
2363,矽統,82,27,55,高橋-內壢,2023-08-24,5323
2324,仁寶,34,9,25,高橋-內壢,2023-08-24,5323
2399,映泰,27,4,23,高橋-內壢,2023-08-24,5323
00882,中信中國高股息,23,2,21,高橋-內壢,2023-08-24,5323
2409,友達,21,0,21,高橋-內壢,2023-08-24,5323
2883,凱基金,20,0,20,高橋-內壢,2023-08-24,5323
3051,力特,21,1,20,高橋-內壢,2023-08-24,5323
3149,正達,20,0,20,高橋-內壢,2023-08-24,5323
00753L,中信中國50正2,19,0,19,高橋-內壢,2023-08-24,5323
00929,復華台灣科技優息,18,1,17,高橋-內壢,2023-08-24,5323
2618,長榮航,25,8,17,高橋-內壢,2023-08-24,5323
3289,宜特,37,21,16,高橋-內壢,2023-08-24,5323
3013,晟銘電,19,4,15,高橋-內壢,2023-08-24,5323
2355,敬鵬,15,1,14,高橋-內壢,2023-08-24,5323
3706,神達,37,23,14,高橋-內壢,2023-08-24,5323
2201,裕隆,15,2,13,高橋-內壢,2023-08-24,5323
2630,亞航,23,10,13,高橋-內壢,2023-08-24,5323
3617,碩天,12,0,12,高橋-內壢,2023-08-24,5323
2328,廣宇,12,0,12,高橋-內壢,2023-08-24,5323
3231,緯創,72,61,11,高橋-內壢,2023-08-24,5323
2359,所羅門,10,0,10,高橋-內壢,2023-08-24,5323
3071,協禧,14,4,10,高橋-內壢,2023-08-24,5323
8171,天宇,10,0,10,高橋-內壢,2023-08-24,5323
00919,群益台灣精選高息,12,3,9,高橋-內壢,2023-08-24,5323
3163,波若威,10,1,9,高橋-內壢,2023-08-24,5323
3704,合勤控,9,0,9,高橋-內壢,2023-08-24,5323
2609,陽明,10,2,8,高橋-內壢,2023-08-24,5323
1584,精剛,10,2,8,高橋-內壢,2023-08-24,5323
2419,仲琦,8,0,8,高橋-內壢,2023-08-24,5323
1709,和益,7,0,7,高橋-內壢,2023-08-24,5323
3702,大聯大,7,0,7,高橋-內壢,2023-08-24,5323
2637,慧洋-KY,6,0,6,高橋-內壢,2023-08-24,5323
1402,遠東新,6,0,6,高橋-內壢,2023-08-24,5323
2880,華南金,6,0,6,高橋-內壢,2023-08-24,5323
6116,彩晶,7,1,6,高橋-內壢,2023-08-24,5323
8927,北基,6,0,6,高橋-內壢,2023-08-24,5323
1907,永豐餘,5,0,5,高橋-內壢,2023-08-24,5323
2002,中鋼,8,3,5,高橋-內壢,2023-08-24,5323
2340,台亞,7,2,5,高橋-內壢,2023-08-24,5323
2601,益航,5,0,5,高橋-內壢,2023-08-24,5323
3257,虹冠電,5,0,5,高橋-內壢,2023-08-24,5323
6015,宏遠證,5,0,5,高橋-內壢,2023-08-24,5323
8027,鈦昇,6,1,5,高橋-內壢,2023-08-24,5323
2884,玉山金,8,4,4,高橋-內壢,2023-08-24,5323
1301,台塑,6,2,4,高橋-內壢,2023-08-24,5323
0056,元大高股息,31,27,4,高橋-內壢,2023-08-24,5323
2344,華邦電,4,0,4,高橋-內壢,2023-08-24,5323
2641,正德,5,1,4,高橋-內壢,2023-08-24,5323
3035,智原,13,9,4,高橋-內壢,2023-08-24,5323
3056,富華新,4,0,4,高橋-內壢,2023-08-24,5323
3231,緯創,186,15,171,高橋-內壢,2023-08-25,5323
2634,漢翔,131,5,126,高橋-內壢,2023-08-25,5323
00878,國泰永續高股息,82,0,82,高橋-內壢,2023-08-25,5323
00919,群益台灣精選高息,61,0,61,高橋-內壢,2023-08-25,5323
00929,復華台灣科技優息,38,1,37,高橋-內壢,2023-08-25,5323
2891,中信金,32,0,32,高橋-內壢,2023-08-25,5323
2409,友達,32,3,29,高橋-內壢,2023-08-25,5323
2363,矽統,99,71,28,高橋-內壢,2023-08-25,5323
2705,六福,26,0,26,高橋-內壢,2023-08-25,5323
2485,兆赫,26,4,22,高橋-內壢,2023-08-25,5323
6547,高端疫苗,21,1,20,高橋-內壢,2023-08-25,5323
8093,保銳,19,0,19,高橋-內壢,2023-08-25,5323
0056,元大高股息,18,0,18,高橋-內壢,2023-08-25,5323
2324,仁寶,19,3,16,高橋-內壢,2023-08-25,5323
2382,廣達,25,9,16,高橋-內壢,2023-08-25,5323
2618,長榮航,71,56,15,高橋-內壢,2023-08-25,5323
2356,英業達,34,19,15,高橋-內壢,2023-08-25,5323
3037,欣興,16,1,15,高橋-內壢,2023-08-25,5323
2886,兆豐金,15,0,15,高橋-內壢,2023-08-25,5323
00852L,國泰美國道瓊正2,14,0,14,高橋-內壢,2023-08-25,5323
2002,中鋼,18,4,14,高橋-內壢,2023-08-25,5323
2402,毅嘉,15,1,14,高橋-內壢,2023-08-25,5323
00712,復華富時不動產,12,0,12,高橋-內壢,2023-08-25,5323
8222,寶一,15,3,12,高橋-內壢,2023-08-25,5323
1101,台泥,12,0,12,高橋-內壢,2023-08-25,5323
2301,光寶科,15,3,12,高橋-內壢,2023-08-25,5323
1301,台塑,11,0,11,高橋-內壢,2023-08-25,5323
2329,華泰,11,1,10,高橋-內壢,2023-08-25,5323
1303,南亞,10,0,10,高橋-內壢,2023-08-25,5323
2516,新建,10,0,10,高橋-內壢,2023-08-25,5323
00900,富邦特選高股息30,9,0,9,高橋-內壢,2023-08-25,5323
3704,合勤控,10,1,9,高橋-內壢,2023-08-25,5323
8478,東哥遊艇,9,0,9,高橋-內壢,2023-08-25,5323
00881,國泰台灣5G+,8,0,8,高橋-內壢,2023-08-25,5323
00893,國泰智能電動車,8,0,8,高橋-內壢,2023-08-25,5323
2352,佳世達,8,0,8,高橋-內壢,2023-08-25,5323
2353,宏��,22,15,7,高橋-內壢,2023-08-25,5323
2880,華南金,7,0,7,高橋-內壢,2023-08-25,5323
1402,遠東新,6,0,6,高橋-內壢,2023-08-25,5323
00923,群益台ESG低碳50,8,2,6,高橋-內壢,2023-08-25,5323
3706,神達,10,4,6,高橋-內壢,2023-08-25,5323
5284,jpp-KY,7,1,6,高橋-內壢,2023-08-25,5323
6168,宏齊,13,7,6,高橋-內壢,2023-08-25,5323
00830,國泰費城半導體,6,0,6,高橋-內壢,2023-08-25,5323
2317,鴻海,5,0,5,高橋-內壢,2023-08-25,5323
00902,中信電池及儲能,5,0,5,高橋-內壢,2023-08-25,5323
00675L,富邦臺灣加權正2,5,0,5,高橋-內壢,2023-08-25,5323
3265,台星科,5,0,5,高橋-內壢,2023-08-25,5323
3583,辛耘,5,0,5,高橋-內壢,2023-08-25,5323
6207,雷科,5,0,5,高橋-內壢,2023-08-25,5323
00712,復華富時不動產,201,3,198,高橋-內壢,2023-08-28,5323
6770,力積電,65,9,56,高橋-內壢,2023-08-28,5323
2618,長榮航,55,1,54,高橋-內壢,2023-08-28,5323
00929,復華台灣科技優息,57,5,52,高橋-內壢,2023-08-28,5323
4906,正文,47,14,33,高橋-內壢,2023-08-28,5323
00878,國泰永續高股息,46,13,33,高橋-內壢,2023-08-28,5323
2610,華航,32,1,31,高橋-內壢,2023-08-28,5323
2734,易飛網,15,0,15,高橋-內壢,2023-08-28,5323
2363,矽統,30,19,11,高橋-內壢,2023-08-28,5323
2323,中環,19,8,11,高橋-內壢,2023-08-28,5323
2324,仁寶,20,9,11,高橋-內壢,2023-08-28,5323
2838,聯邦銀,11,0,11,高橋-內壢,2023-08-28,5323
00680L,元大美債20正2,10,0,10,高橋-內壢,2023-08-28,5323
2352,佳世達,11,1,10,高橋-內壢,2023-08-28,5323
2367,燿華,10,0,10,高橋-內壢,2023-08-28,5323
2388,威盛,12,2,10,高橋-內壢,2023-08-28,5323
2913,農林,10,0,10,高橋-內壢,2023-08-28,5323
5443,均豪,10,0,10,高橋-內壢,2023-08-28,5323
6139,亞翔,10,0,10,高橋-內壢,2023-08-28,5323
2614,東森,9,0,9,高橋-內壢,2023-08-28,5323
5381,合正,11,2,9,高橋-內壢,2023-08-28,5323
00931B,統一美債20年,10,2,8,高橋-內壢,2023-08-28,5323
00639,富邦深100,8,0,8,高橋-內壢,2023-08-28,5323
2329,華泰,12,5,7,高橋-內壢,2023-08-28,5323
2485,兆赫,8,2,6,高橋-內壢,2023-08-28,5323
00892,富邦台灣半導體,6,0,6,高橋-內壢,2023-08-28,5323
3037,欣興,7,1,6,高橋-內壢,2023-08-28,5323
3498,陽程,6,0,6,高橋-內壢,2023-08-28,5323
3711,日月光投控,11,5,6,高橋-內壢,2023-08-28,5323
6284,佳邦,6,0,6,高橋-內壢,2023-08-28,5323
00753L,中信中國50正2,5,0,5,高橋-內壢,2023-08-28,5323
00637L,元大滬深300正2,5,0,5,高橋-內壢,2023-08-28,5323
2353,宏��,6,1,5,高橋-內壢,2023-08-28,5323
2369,菱生,5,0,5,高橋-內壢,2023-08-28,5323
2634,漢翔,13,8,5,高橋-內壢,2023-08-28,5323
3380,明泰,5,0,5,高橋-內壢,2023-08-28,5323
6125,廣運,8,3,5,高橋-內壢,2023-08-28,5323
6547,高端疫苗,5,0,5,高橋-內壢,2023-08-28,5323
8478,東哥遊艇,5,0,5,高橋-內壢,2023-08-28,5323
6188,廣明,5,0,5,高橋-內壢,2023-08-28,5323
2009,第一銅,4,0,4,高橋-內壢,2023-08-28,5323
1584,精剛,4,0,4,高橋-內壢,2023-08-28,5323
0056,元大高股息,5,1,4,高橋-內壢,2023-08-28,5323
00830,國泰費城半導體,4,0,4,高橋-內壢,2023-08-28,5323
3094,聯傑,4,0,4,高橋-內壢,2023-08-28,5323
3308,聯德,16,12,4,高橋-內壢,2023-08-28,5323
5483,中美晶,4,0,4,高橋-內壢,2023-08-28,5323
6116,彩晶,4,0,4,高橋-內壢,2023-08-28,5323
6248,沛波,4,0,4,高橋-內壢,2023-08-28,5323
2301,光寶科,6,3,3,高橋-內壢,2023-08-28,5323
2634,漢翔,124,5,119,高橋-內壢,2023-08-29,5323
2303,聯電,56,23,33,高橋-內壢,2023-08-29,5323
1905,華紙,28,0,28,高橋-內壢,2023-08-29,5323
00878,國泰永續高股息,52,29,23,高橋-內壢,2023-08-29,5323
2317,鴻海,24,8,16,高橋-內壢,2023-08-29,5323
00892,富邦台灣半導體,16,0,16,高橋-內壢,2023-08-29,5323
2002,中鋼,19,4,15,高橋-內壢,2023-08-29,5323
5425,台半,15,0,15,高橋-內壢,2023-08-29,5323
3289,宜特,15,1,14,高橋-內壢,2023-08-29,5323
00753L,中信中國50正2,12,0,12,高橋-內壢,2023-08-29,5323
5452,佶優,12,0,12,高橋-內壢,2023-08-29,5323
00919,群益台灣精選高息,11,0,11,高橋-內壢,2023-08-29,5323
2614,東森,12,1,11,高橋-內壢,2023-08-29,5323
1312,國喬,10,0,10,高橋-內壢,2023-08-29,5323
00637L,元大滬深300正2,10,0,10,高橋-內壢,2023-08-29,5323
2427,三商電,10,0,10,高橋-內壢,2023-08-29,5323
6625,必應,11,1,10,高橋-內壢,2023-08-29,5323
0056,元大高股息,11,2,9,高橋-內壢,2023-08-29,5323
2323,中環,10,1,9,高橋-內壢,2023-08-29,5323
2363,矽統,65,56,9,高橋-內壢,2023-08-29,5323
2355,敬鵬,7,0,7,高橋-內壢,2023-08-29,5323
2356,英業達,12,5,7,高橋-內壢,2023-08-29,5323
8222,寶一,9,2,7,高橋-內壢,2023-08-29,5323
1471,首利,13,7,6,高橋-內壢,2023-08-29,5323
8046,南電,6,0,6,高橋-內壢,2023-08-29,5323
8927,北基,6,0,6,高橋-內壢,2023-08-29,5323
00679B,元大美債20年,5,0,5,高橋-內壢,2023-08-29,5323
6248,沛波,5,0,5,高橋-內壢,2023-08-29,5323
8931,大汽電,5,0,5,高橋-內壢,2023-08-29,5323
2329,華泰,6,2,4,高橋-內壢,2023-08-29,5323
2892,第一金,4,0,4,高橋-內壢,2023-08-29,5323
3017,奇鋐,4,0,4,高橋-內壢,2023-08-29,5323
5328,華容,4,0,4,高橋-內壢,2023-08-29,5323
2610,華航,3,0,3,高橋-內壢,2023-08-29,5323
3105,穩懋,5,2,3,高橋-內壢,2023-08-29,5323
00929,復華台灣科技優息,12,9,3,高橋-內壢,2023-08-29,5323
2331,精英,23,20,3,高橋-內壢,2023-08-29,5323
2601,益航,6,3,3,高橋-內壢,2023-08-29,5323
2880,華南金,3,0,3,高橋-內壢,2023-08-29,5323
3004,豐達科,3,0,3,高橋-內壢,2023-08-29,5323
5340,建榮,3,0,3,高橋-內壢,2023-08-29,5323
5871,中租-KY,3,0,3,高橋-內壢,2023-08-29,5323
6188,廣明,4,1,3,高橋-內壢,2023-08-29,5323
1447,力鵬,2,0,2,高橋-內壢,2023-08-29,5323
1810,和成,7,5,2,高橋-內壢,2023-08-29,5323
1529,樂事綠能,2,0,2,高橋-內壢,2023-08-29,5323
2314,台揚,2,0,2,高橋-內壢,2023-08-29,5323
2382,廣達,7,5,2,高橋-內壢,2023-08-29,5323
2419,仲琦,2,0,2,高橋-內壢,2023-08-29,5323
2618,長榮航,9,7,2,高橋-內壢,2023-08-29,5323
1312,國喬,45,0,45,高橋-內壢,2023-08-30,5323
6443,元晶,38,0,38,高橋-內壢,2023-08-30,5323
00929,復華台灣科技優息,38,2,36,高橋-內壢,2023-08-30,5323
2630,亞航,38,4,34,高橋-內壢,2023-08-30,5323
2618,長榮航,56,34,22,高橋-內壢,2023-08-30,5323
2331,精英,41,19,22,高橋-內壢,2023-08-30,5323
00931B,統一美債20年,21,0,21,高橋-內壢,2023-08-30,5323
3051,力特,37,16,21,高橋-內壢,2023-08-30,5323
1314,中石化,20,0,20,高橋-內壢,2023-08-30,5323
3231,緯創,45,31,14,高橋-內壢,2023-08-30,5323
00878,國泰永續高股息,12,1,11,高橋-內壢,2023-08-30,5323
00632R,元大台灣50反1,10,0,10,高橋-內壢,2023-08-30,5323
00919,群益台灣精選高息,11,1,10,高橋-內壢,2023-08-30,5323
2206,三陽工業,14,4,10,高橋-內壢,2023-08-30,5323
2427,三商電,10,0,10,高橋-內壢,2023-08-30,5323
3010,華立,10,0,10,高橋-內壢,2023-08-30,5323
2301,光寶科,13,4,9,高橋-內壢,2023-08-30,5323
2356,英業達,21,12,9,高橋-內壢,2023-08-30,5323
2614,東森,9,0,9,高橋-內壢,2023-08-30,5323
5328,華容,9,0,9,高橋-內壢,2023-08-30,5323
8429,金麗-KY,9,0,9,高橋-內壢,2023-08-30,5323
5009,榮剛,8,0,8,高橋-內壢,2023-08-30,5323
6116,彩晶,8,0,8,高橋-內壢,2023-08-30,5323
6194,育富,12,4,8,高橋-內壢,2023-08-30,5323
2344,華邦電,7,0,7,高橋-內壢,2023-08-30,5323
6282,康舒,7,0,7,高橋-內壢,2023-08-30,5323
8421,旭源,7,0,7,高橋-內壢,2023-08-30,5323
2367,燿華,17,11,6,高橋-內壢,2023-08-30,5323
2421,建準,8,2,6,高橋-內壢,2023-08-30,5323
3325,旭品,8,2,6,高橋-內壢,2023-08-30,5323
3498,陽程,6,0,6,高橋-內壢,2023-08-30,5323
4207,環泰,6,0,6,高橋-內壢,2023-08-30,5323
2324,仁寶,12,7,5,高橋-內壢,2023-08-30,5323
3481,群創,8,3,5,高橋-內壢,2023-08-30,5323
2014,中鴻,7,2,5,高橋-內壢,2023-08-30,5323
1504,東元,6,1,5,高橋-內壢,2023-08-30,5323
8936,國統,5,0,5,高橋-內壢,2023-08-30,5323
2233,宇隆,4,0,4,高橋-內壢,2023-08-30,5323
6170,統振,8,4,4,高橋-內壢,2023-08-30,5323
1612,宏泰,3,0,3,高橋-內壢,2023-08-30,5323
2371,大同,4,1,3,高橋-內壢,2023-08-30,5323
2402,毅嘉,3,0,3,高橋-內壢,2023-08-30,5323
3308,聯德,3,0,3,高橋-內壢,2023-08-30,5323
3706,神達,5,2,3,高橋-內壢,2023-08-30,5323
4976,佳凌,3,0,3,高橋-內壢,2023-08-30,5323
5483,中美晶,3,0,3,高橋-內壢,2023-08-30,5323
6284,佳邦,3,0,3,高橋-內壢,2023-08-30,5323
6285,啟��,3,0,3,高橋-內壢,2023-08-30,5323
2610,華航,7,5,2,高橋-內壢,2023-08-30,5323
1605,華新,3,1,2,高橋-內壢,2023-08-30,5323
6547,高端疫苗,79,4,75,高橋-內壢,2023-08-31,5323
1802,台玻,135,67,68,高橋-內壢,2023-08-31,5323
00712,復華富時不動產,60,0,60,高橋-內壢,2023-08-31,5323
1101,台泥,59,0,59,高橋-內壢,2023-08-31,5323
00929,復華台灣科技優息,52,8,44,高橋-內壢,2023-08-31,5323
2303,聯電,42,2,40,高橋-內壢,2023-08-31,5323
00795B,中信美國公債20年,35,0,35,高橋-內壢,2023-08-31,5323
00764B,群益25年美債,33,0,33,高橋-內壢,2023-08-31,5323
2886,兆豐金,22,0,22,高橋-內壢,2023-08-31,5323
3481,群創,22,0,22,高橋-內壢,2023-08-31,5323
2610,華航,26,5,21,高橋-內壢,2023-08-31,5323
1312,國喬,20,0,20,高橋-內壢,2023-08-31,5323
2630,亞航,20,0,20,高橋-內壢,2023-08-31,5323
2884,玉山金,16,1,15,高橋-內壢,2023-08-31,5323
2337,旺宏,15,1,14,高橋-內壢,2023-08-31,5323
00931B,統一美債20年,11,0,11,高橋-內壢,2023-08-31,5323
00882,中信中國高股息,11,0,11,高橋-內壢,2023-08-31,5323
2331,精英,24,13,11,高橋-內壢,2023-08-31,5323
6139,亞翔,11,0,11,高橋-內壢,2023-08-31,5323
00680L,元大美債20正2,10,0,10,高橋-內壢,2023-08-31,5323
3289,宜特,11,1,10,高橋-內壢,2023-08-31,5323
4532,瑞智,10,0,10,高橋-內壢,2023-08-31,5323
2376,技嘉,13,4,9,高橋-內壢,2023-08-31,5323
0056,元大高股息,11,2,9,高橋-內壢,2023-08-31,5323
1471,首利,10,1,9,高橋-內壢,2023-08-31,5323
1402,遠東新,9,0,9,高橋-內壢,2023-08-31,5323
5284,jpp-KY,9,0,9,高橋-內壢,2023-08-31,5323
2002,中鋼,9,0,9,高橋-內壢,2023-08-31,5323
1605,華新,15,7,8,高橋-內壢,2023-08-31,5323
2382,廣達,14,6,8,高橋-內壢,2023-08-31,5323
2880,華南金,8,0,8,高橋-內壢,2023-08-31,5323
00878,國泰永續高股息,15,8,7,高橋-內壢,2023-08-31,5323
2022,聚亨,7,0,7,高橋-內壢,2023-08-31,5323
2323,中環,8,1,7,高橋-內壢,2023-08-31,5323
1522,堤維西,6,0,6,高橋-內壢,2023-08-31,5323
2618,長榮航,26,20,6,高橋-內壢,2023-08-31,5323
5258,虹堡,7,1,6,高橋-內壢,2023-08-31,5323
2440,太空梭,6,1,5,高橋-內壢,2023-08-31,5323
2890,永豐金,5,0,5,高橋-內壢,2023-08-31,5323
3504,揚明光,5,0,5,高橋-內壢,2023-08-31,5323
4128,中天,5,0,5,高橋-內壢,2023-08-31,5323
8215,明基材,5,0,5,高橋-內壢,2023-08-31,5323
2330,台積電,4,0,4,高橋-內壢,2023-08-31,5323
1608,華榮,5,1,4,高橋-內壢,2023-08-31,5323
1301,台塑,4,0,4,高橋-內壢,2023-08-31,5323
2352,佳世達,4,0,4,高橋-內壢,2023-08-31,5323
2882,國泰金,4,0,4,高橋-內壢,2023-08-31,5323
4563,百德,7,3,4,高橋-內壢,2023-08-31,5323
4961,天鈺,4,0,4,高橋-內壢,2023-08-31,5323
4967,十銓,4,0,4,高橋-內壢,2023-08-31,5323
00929,復華台灣科技優息,281,2,279,高橋-內壢,2023-09-01,5323
00712,復華富時不動產,152,2,150,高橋-內壢,2023-09-01,5323
00919,群益台灣精選高息,72,0,72,高橋-內壢,2023-09-01,5323
00932,兆豐永續高息等權,60,0,60,高橋-內壢,2023-09-01,5323
2363,矽統,75,27,48,高橋-內壢,2023-09-01,5323
2880,華南金,40,0,40,高橋-內壢,2023-09-01,5323
2356,英業達,44,7,37,高橋-內壢,2023-09-01,5323
1312,國喬,30,0,30,高橋-內壢,2023-09-01,5323
2359,所羅門,30,0,30,高橋-內壢,2023-09-01,5323
2485,兆赫,48,18,30,高橋-內壢,2023-09-01,5323
2816,旺旺保,25,0,25,高橋-內壢,2023-09-01,5323
3231,緯創,64,39,25,高橋-內壢,2023-09-01,5323
2329,華泰,28,5,23,高橋-內壢,2023-09-01,5323
00885,富邦越南,22,0,22,高橋-內壢,2023-09-01,5323
2892,第一金,22,0,22,高橋-內壢,2023-09-01,5323
2867,三商壽,20,0,20,高橋-內壢,2023-09-01,5323
4167,松瑞藥,20,0,20,高橋-內壢,2023-09-01,5323
6547,高端疫苗,25,6,19,高橋-內壢,2023-09-01,5323
1314,中石化,20,1,19,高橋-內壢,2023-09-01,5323
00878,國泰永續高股息,18,1,17,高橋-內壢,2023-09-01,5323
2368,金像電,25,10,15,高橋-內壢,2023-09-01,5323
3673,TPK-KY,15,0,15,高橋-內壢,2023-09-01,5323
6139,亞翔,15,0,15,高橋-內壢,2023-09-01,5323
0056,元大高股息,16,3,13,高橋-內壢,2023-09-01,5323
8033,雷虎,13,0,13,高橋-內壢,2023-09-01,5323
2630,亞航,12,1,11,高橋-內壢,2023-09-01,5323
2376,技嘉,14,4,10,高橋-內壢,2023-09-01,5323
00673R,期元大S＆P原油反1,10,0,10,高橋-內壢,2023-09-01,5323
2886,兆豐金,10,0,10,高橋-內壢,2023-09-01,5323
4543,萬在,10,0,10,高橋-內壢,2023-09-01,5323
8110,華東,10,0,10,高橋-內壢,2023-09-01,5323
3078,僑威,11,2,9,高橋-內壢,2023-09-01,5323
2421,建準,12,3,9,高橋-內壢,2023-09-01,5323
2402,毅嘉,35,27,8,高橋-內壢,2023-09-01,5323
2409,友達,8,0,8,高橋-內壢,2023-09-01,5323
00921,兆豐龍頭等權重,7,0,7,高橋-內壢,2023-09-01,5323
1101,台泥,7,0,7,高橋-內壢,2023-09-01,5323
1605,華新,10,3,7,高橋-內壢,2023-09-01,5323
2528,皇普,7,0,7,高橋-內壢,2023-09-01,5323
2915,潤泰全,7,0,7,高橋-內壢,2023-09-01,5323
3055,蔚華科,7,0,7,高橋-內壢,2023-09-01,5323
3308,聯德,13,6,7,高橋-內壢,2023-09-01,5323
3432,台端,7,0,7,高橋-內壢,2023-09-01,5323
5340,建榮,7,0,7,高橋-內壢,2023-09-01,5323
1522,堤維西,6,0,6,高橋-內壢,2023-09-01,5323
00633L,富邦上証正2,6,0,6,高橋-內壢,2023-09-01,5323
2891,中信金,6,0,6,高橋-內壢,2023-09-01,5323
6284,佳邦,8,2,6,高橋-內壢,2023-09-01,5323
3013,晟銘電,12,7,5,高橋-內壢,2023-09-01,5323
1217,愛之味,5,0,5,高橋-內壢,2023-09-01,5323
00929,復華台灣科技優息,298,3,295,高橋-內壢,2023-09-04,5323
00878,國泰永續高股息,90,3,87,高橋-內壢,2023-09-04,5323
1802,台玻,73,6,67,高橋-內壢,2023-09-04,5323
2363,矽統,110,43,67,高橋-內壢,2023-09-04,5323
2409,友達,56,2,54,高橋-內壢,2023-09-04,5323
00753L,中信中國50正2,35,2,33,高橋-內壢,2023-09-04,5323
2375,凱美,21,0,21,高橋-內壢,2023-09-04,5323
2618,長榮航,57,36,21,高橋-內壢,2023-09-04,5323
3257,虹冠電,17,0,17,高橋-內壢,2023-09-04,5323
4306,炎洲,16,0,16,高橋-內壢,2023-09-04,5323
8110,華東,15,0,15,高橋-內壢,2023-09-04,5323
3231,緯創,36,22,14,高橋-內壢,2023-09-04,5323
00919,群益台灣精選高息,34,23,11,高橋-內壢,2023-09-04,5323
00931B,統一美債20年,11,0,11,高橋-內壢,2023-09-04,5323
2324,仁寶,11,0,11,高橋-內壢,2023-09-04,5323
4906,正文,13,2,11,高橋-內壢,2023-09-04,5323
00713,元大台灣高息低波,10,0,10,高橋-內壢,2023-09-04,5323
1101,台泥,10,0,10,高橋-內壢,2023-09-04,5323
00795B,中信美國公債20年,10,0,10,高橋-內壢,2023-09-04,5323
00650L,復華香港正2,10,0,10,高橋-內壢,2023-09-04,5323
2845,遠東銀,10,0,10,高橋-內壢,2023-09-04,5323
3041,揚智,10,0,10,高橋-內壢,2023-09-04,5323
3305,昇貿,10,0,10,高橋-內壢,2023-09-04,5323
8088,品安,10,0,10,高橋-內壢,2023-09-04,5323
9103,美德醫療-DR,10,0,10,高橋-內壢,2023-09-04,5323
00720B,元大投資級公司債,9,0,9,高橋-內壢,2023-09-04,5323
4763,材料-KY,11,2,9,高橋-內壢,2023-09-04,5323
6282,康舒,10,1,9,高橋-內壢,2023-09-04,5323
2337,旺宏,8,0,8,高橋-內壢,2023-09-04,5323
2369,菱生,8,0,8,高橋-內壢,2023-09-04,5323
2460,建通,8,0,8,高橋-內壢,2023-09-04,5323
4129,聯合,8,0,8,高橋-內壢,2023-09-04,5323
2208,台船,7,0,7,高橋-內壢,2023-09-04,5323
2323,中環,7,0,7,高橋-內壢,2023-09-04,5323
2331,精英,7,0,7,高橋-內壢,2023-09-04,5323
3078,僑威,7,1,6,高橋-內壢,2023-09-04,5323
2645,長榮航太,6,0,6,高橋-內壢,2023-09-04,5323
3715,定穎投控,10,4,6,高橋-內壢,2023-09-04,5323
1227,佳格,5,0,5,高橋-內壢,2023-09-04,5323
00915,凱基優選高股息30,5,0,5,高橋-內壢,2023-09-04,5323
00830,國泰費城半導體,16,11,5,高橋-內壢,2023-09-04,5323
00633L,富邦上証正2,5,0,5,高橋-內壢,2023-09-04,5323
00632R,元大台灣50反1,10,5,5,高橋-內壢,2023-09-04,5323
3037,欣興,6,1,5,高橋-內壢,2023-09-04,5323
3303,岱稜,5,0,5,高橋-內壢,2023-09-04,5323
3323,加百裕,5,0,5,高橋-內壢,2023-09-04,5323
3624,光頡,5,0,5,高橋-內壢,2023-09-04,5323
6547,高端疫苗,7,2,5,高橋-內壢,2023-09-04,5323
8121,越峰,5,0,5,高橋-內壢,2023-09-04,5323
0056,元大高股息,7,3,4,高橋-內壢,2023-09-04,5323
00632R,元大台灣50反1,165,0,165,高橋-內壢,2023-09-05,5323
00929,復華台灣科技優息,242,135,107,高橋-內壢,2023-09-05,5323
00919,群益台灣精選高息,49,5,44,高橋-內壢,2023-09-05,5323
2610,華航,48,5,43,高橋-內壢,2023-09-05,5323
2618,長榮航,51,9,42,高橋-內壢,2023-09-05,5323
2884,玉山金,42,0,42,高橋-內壢,2023-09-05,5323
1434,福懋,40,0,40,高橋-內壢,2023-09-05,5323
6158,禾昌,41,3,38,高橋-內壢,2023-09-05,5323
2881,富邦金,28,0,28,高橋-內壢,2023-09-05,5323
5351,鈺創,28,1,27,高橋-內壢,2023-09-05,5323
2390,云辰,23,0,23,高橋-內壢,2023-09-05,5323
2885,元大金,20,0,20,高橋-內壢,2023-09-05,5323
2353,宏��,21,4,17,高橋-內壢,2023-09-05,5323
6125,廣運,17,2,15,高橋-內壢,2023-09-05,5323
00878,國泰永續高股息,16,2,14,高橋-內壢,2023-09-05,5323
00751B,元大AAA至A公司債,12,0,12,高橋-內壢,2023-09-05,5323
00900,富邦特選高股息30,12,1,11,高橋-內壢,2023-09-05,5323
1101,台泥,11,0,11,高橋-內壢,2023-09-05,5323
2645,長榮航太,15,4,11,高橋-內壢,2023-09-05,5323
1517,利奇,10,0,10,高橋-內壢,2023-09-05,5323
5469,瀚宇博,10,0,10,高橋-內壢,2023-09-05,5323
8033,雷虎,10,0,10,高橋-內壢,2023-09-05,5323
2002,中鋼,10,0,10,高橋-內壢,2023-09-05,5323
2436,偉詮電,12,4,8,高橋-內壢,2023-09-05,5323
2323,中環,8,0,8,高橋-內壢,2023-09-05,5323
3231,緯創,13,6,7,高橋-內壢,2023-09-05,5323
00915,凱基優選高股息30,17,10,7,高橋-內壢,2023-09-05,5323
6288,聯嘉,10,3,7,高橋-內壢,2023-09-05,5323
1339,昭輝,6,0,6,高橋-內壢,2023-09-05,5323
2486,一詮,6,0,6,高橋-內壢,2023-09-05,5323
3704,合勤控,8,2,6,高橋-內壢,2023-09-05,5323
8358,金居,17,11,6,高橋-內壢,2023-09-05,5323
2301,光寶科,9,4,5,高橋-內壢,2023-09-05,5323
2208,台船,5,0,5,高橋-內壢,2023-09-05,5323
2611,志信,5,0,5,高橋-內壢,2023-09-05,5323
3055,蔚華科,5,0,5,高橋-內壢,2023-09-05,5323
6509,聚和,5,0,5,高橋-內壢,2023-09-05,5323
8927,北基,5,0,5,高橋-內壢,2023-09-05,5323
2376,技嘉,5,1,4,高橋-內壢,2023-09-05,5323
00882,中信中國高股息,4,0,4,高橋-內壢,2023-09-05,5323
00712,復華富時不動產,4,0,4,高橋-內壢,2023-09-05,5323
2324,仁寶,7,3,4,高橋-內壢,2023-09-05,5323
2809,京城銀,4,0,4,高橋-內壢,2023-09-05,5323
5381,合正,4,0,4,高橋-內壢,2023-09-05,5323
6770,力積電,4,0,4,高橋-內壢,2023-09-05,5323
9958,世紀鋼,4,0,4,高橋-內壢,2023-09-05,5323
00932,兆豐永續高息等權,3,0,3,高橋-內壢,2023-09-05,5323
00679B,元大美債20年,3,0,3,高橋-內壢,2023-09-05,5323
1409,新纖,3,0,3,高橋-內壢,2023-09-05,5323
1504,東元,3,0,3,高橋-內壢,2023-09-05,5323
00929,復華台灣科技優息,251,14,237,高橋-內壢,2023-09-06,5323
1718,中纖,120,0,120,高橋-內壢,2023-09-06,5323
1802,台玻,119,11,108,高橋-內壢,2023-09-06,5323
1227,佳格,50,0,50,高橋-內壢,2023-09-06,5323
00919,群益台灣精選高息,63,20,43,高橋-內壢,2023-09-06,5323
3481,群創,62,20,42,高橋-內壢,2023-09-06,5323
2363,矽統,55,19,36,高橋-內壢,2023-09-06,5323
2409,友達,35,0,35,高橋-內壢,2023-09-06,5323
2618,長榮航,49,14,35,高橋-內壢,2023-09-06,5323
2356,英業達,53,30,23,高橋-內壢,2023-09-06,5323
1101,台泥,26,5,21,高橋-內壢,2023-09-06,5323
2617,台航,20,0,20,高橋-內壢,2023-09-06,5323
2002,中鋼,19,1,18,高橋-內壢,2023-09-06,5323
2882,國泰金,16,0,16,高橋-內壢,2023-09-06,5323
2630,亞航,15,0,15,高橋-內壢,2023-09-06,5323
2421,建準,17,3,14,高橋-內壢,2023-09-06,5323
2609,陽明,18,4,14,高橋-內壢,2023-09-06,5323
2886,兆豐金,14,0,14,高橋-內壢,2023-09-06,5323
2891,中信金,13,0,13,高橋-內壢,2023-09-06,5323
5381,合正,13,1,12,高橋-內壢,2023-09-06,5323
4909,新復興,11,0,11,高橋-內壢,2023-09-06,5323
00932,兆豐永續高息等權,10,0,10,高橋-內壢,2023-09-06,5323
2481,強茂,10,0,10,高橋-內壢,2023-09-06,5323
6548,長科*,10,0,10,高橋-內壢,2023-09-06,5323
6657,華安,10,0,10,高橋-內壢,2023-09-06,5323
00882,中信中國高股息,9,0,9,高橋-內壢,2023-09-06,5323
2027,大成鋼,10,1,9,高橋-內壢,2023-09-06,5323
2390,云辰,10,1,9,高橋-內壢,2023-09-06,5323
2605,新興,11,2,9,高橋-內壢,2023-09-06,5323
3005,神基,9,0,9,高橋-內壢,2023-09-06,5323
5880,合庫金,9,0,9,高橋-內壢,2023-09-06,5323
00720B,元大投資級公司債,8,0,8,高橋-內壢,2023-09-06,5323
1201,味全,7,0,7,高橋-內壢,2023-09-06,5323
6188,廣明,7,0,7,高橋-內壢,2023-09-06,5323
2884,玉山金,6,0,6,高橋-內壢,2023-09-06,5323
1471,首利,7,1,6,高橋-內壢,2023-09-06,5323
2402,毅嘉,6,0,6,高橋-內壢,2023-09-06,5323
2419,仲琦,8,2,6,高橋-內壢,2023-09-06,5323
2801,彰銀,6,0,6,高橋-內壢,2023-09-06,5323
6547,高端疫苗,7,1,6,高橋-內壢,2023-09-06,5323
6274,台燿,8,3,5,高橋-內壢,2023-09-06,5323
1103,嘉泥,5,0,5,高橋-內壢,2023-09-06,5323
00679B,元大美債20年,5,0,5,高橋-內壢,2023-09-06,5323
00640L,富邦日本正2,5,0,5,高橋-內壢,2023-09-06,5323
00751B,元大AAA至A公司債,5,0,5,高橋-內壢,2023-09-06,5323
2062,橋椿,5,0,5,高橋-內壢,2023-09-06,5323
2352,佳世達,5,0,5,高橋-內壢,2023-09-06,5323
3689,湧德,5,0,5,高橋-內壢,2023-09-06,5323
4933,友輝,6,1,5,高橋-內壢,2023-09-06,5323
9945,潤泰新,5,0,5,高橋-內壢,2023-09-06,5323
00929,復華台灣科技優息,158,6,152,高橋-內壢,2023-09-07,5323
2618,長榮航,58,11,47,高橋-內壢,2023-09-07,5323
00919,群益台灣精選高息,58,12,46,高橋-內壢,2023-09-07,5323
4909,新復興,55,10,45,高橋-內壢,2023-09-07,5323
00918,大華優利高填息30,42,2,40,高橋-內壢,2023-09-07,5323
6770,力積電,34,4,30,高橋-內壢,2023-09-07,5323
3481,群創,33,7,26,高橋-內壢,2023-09-07,5323
2022,聚亨,30,5,25,高橋-內壢,2023-09-07,5323
1718,中纖,22,0,22,高橋-內壢,2023-09-07,5323
2405,輔信,21,0,21,高橋-內壢,2023-09-07,5323
3686,達能,20,0,20,高橋-內壢,2023-09-07,5323
2486,一詮,39,20,19,高橋-內壢,2023-09-07,5323
2313,華通,24,6,18,高橋-內壢,2023-09-07,5323
2610,華航,18,0,18,高橋-內壢,2023-09-07,5323
5302,太欣,17,0,17,高橋-內壢,2023-09-07,5323
2303,聯電,15,1,14,高橋-內壢,2023-09-07,5323
8112,至上,24,10,14,高橋-內壢,2023-09-07,5323
00930,永豐ESG低碳高息,13,0,13,高橋-內壢,2023-09-07,5323
6116,彩晶,13,0,13,高橋-內壢,2023-09-07,5323
8927,北基,13,0,13,高橋-內壢,2023-09-07,5323
00932,兆豐永續高息等權,12,0,12,高橋-內壢,2023-09-07,5323
2409,友達,12,0,12,高橋-內壢,2023-09-07,5323
2601,益航,12,0,12,高橋-內壢,2023-09-07,5323
4906,正文,12,0,12,高橋-內壢,2023-09-07,5323
6182,合晶,11,0,11,高橋-內壢,2023-09-07,5323
2316,楠梓電,11,0,11,高橋-內壢,2023-09-07,5323
3338,泰碩,14,3,11,高橋-內壢,2023-09-07,5323
2706,第一店,10,0,10,高橋-內壢,2023-09-07,5323
6156,松上,10,0,10,高橋-內壢,2023-09-07,5323
6244,茂迪,10,0,10,高橋-內壢,2023-09-07,5323
8234,新漢,10,0,10,高橋-內壢,2023-09-07,5323
3032,偉訓,10,1,9,高橋-內壢,2023-09-07,5323
2390,云辰,10,2,8,高橋-內壢,2023-09-07,5323
2880,華南金,8,0,8,高橋-內壢,2023-09-07,5323
3704,合勤控,32,24,8,高橋-內壢,2023-09-07,5323
6188,廣明,10,2,8,高橋-內壢,2023-09-07,5323
00878,國泰永續高股息,10,3,7,高橋-內壢,2023-09-07,5323
00900,富邦特選高股息30,25,18,7,高橋-內壢,2023-09-07,5323
00852L,國泰美國道瓊正2,7,0,7,高橋-內壢,2023-09-07,5323
2485,兆赫,18,11,7,高橋-內壢,2023-09-07,5323
2884,玉山金,7,0,7,高橋-內壢,2023-09-07,5323
6143,振曜,8,1,7,高橋-內壢,2023-09-07,5323
00751B,元大AAA至A公司債,6,0,6,高橋-內壢,2023-09-07,5323
00720B,元大投資級公司債,6,0,6,高橋-內壢,2023-09-07,5323
2027,大成鋼,6,0,6,高橋-內壢,2023-09-07,5323
2312,金寶,6,0,6,高橋-內壢,2023-09-07,5323
2323,中環,7,1,6,高橋-內壢,2023-09-07,5323
2355,敬鵬,6,0,6,高橋-內壢,2023-09-07,5323
00679B,元大美債20年,5,0,5,高橋-內壢,2023-09-07,5323
00712,復華富時不動產,16,11,5,高橋-內壢,2023-09-07,5323
2618,長榮航,138,19,119,高橋-內壢,2023-09-08,5323
00712,復華富時不動產,106,1,105,高橋-內壢,2023-09-08,5323
5302,太欣,74,0,74,高橋-內壢,2023-09-08,5323
2489,瑞軒,44,0,44,高橋-內壢,2023-09-08,5323
00919,群益台灣精選高息,40,0,40,高橋-內壢,2023-09-08,5323
1612,宏泰,38,2,36,高橋-內壢,2023-09-08,5323
00885,富邦越南,30,0,30,高橋-內壢,2023-09-08,5323
6120,達運,29,0,29,高橋-內壢,2023-09-08,5323
00878,國泰永續高股息,28,4,24,高橋-內壢,2023-09-08,5323
2323,中環,21,1,20,高橋-內壢,2023-09-08,5323
2405,輔信,20,0,20,高橋-內壢,2023-09-08,5323
3481,群創,36,18,18,高橋-內壢,2023-09-08,5323
00931B,統一美債20年,19,1,18,高橋-內壢,2023-09-08,5323
2458,義隆,18,1,17,高橋-內壢,2023-09-08,5323
2609,陽明,21,4,17,高橋-內壢,2023-09-08,5323
00918,大華優利高填息30,17,1,16,高橋-內壢,2023-09-08,5323
4909,新復興,15,0,15,高橋-內壢,2023-09-08,5323
2382,廣達,15,1,14,高橋-內壢,2023-09-08,5323
00881,國泰台灣5G+,13,0,13,高橋-內壢,2023-09-08,5323
00637L,元大滬深300正2,11,0,11,高橋-內壢,2023-09-08,5323
9907,統一實,10,0,10,高橋-內壢,2023-09-08,5323
2316,楠梓電,10,1,9,高橋-內壢,2023-09-08,5323
2330,台積電,8,0,8,高橋-內壢,2023-09-08,5323
4207,環泰,8,0,8,高橋-內壢,2023-09-08,5323
00923,群益台ESG低碳50,7,0,7,高橋-內壢,2023-09-08,5323
2409,友達,7,0,7,高橋-內壢,2023-09-08,5323
4763,材料-KY,7,1,6,高橋-內壢,2023-09-08,5323
0056,元大高股息,7,1,6,高橋-內壢,2023-09-08,5323
6235,華孚,6,0,6,高橋-內壢,2023-09-08,5323
8033,雷虎,7,1,6,高橋-內壢,2023-09-08,5323
2204,中華,5,0,5,高橋-內壢,2023-09-08,5323
3617,碩天,5,0,5,高橋-內壢,2023-09-08,5323
2610,華航,10,5,5,高橋-內壢,2023-09-08,5323
00882,中信中國高股息,5,0,5,高橋-內壢,2023-09-08,5323
00830,國泰費城半導體,5,0,5,高橋-內壢,2023-09-08,5323
3406,玉晶光,5,0,5,高橋-內壢,2023-09-08,5323
6116,彩晶,5,1,4,高橋-內壢,2023-09-08,5323
3231,緯創,22,18,4,高橋-內壢,2023-09-08,5323
2356,英業達,18,14,4,高橋-內壢,2023-09-08,5323
00915,凱基優選高股息30,5,1,4,高橋-內壢,2023-09-08,5323
2303,聯電,4,0,4,高橋-內壢,2023-09-08,5323
2313,華通,10,6,4,高橋-內壢,2023-09-08,5323
2542,興富發,4,0,4,高橋-內壢,2023-09-08,5323
3006,晶豪科,4,0,4,高橋-內壢,2023-09-08,5323
3325,旭品,4,0,4,高橋-內壢,2023-09-08,5323
3715,定穎投控,8,4,4,高橋-內壢,2023-09-08,5323
4916,事欣科,4,0,4,高橋-內壢,2023-09-08,5323
2376,技嘉,6,3,3,高橋-內壢,2023-09-08,5323
1409,新纖,3,0,3,高橋-內壢,2023-09-08,5323
1618,合機,8,5,3,高橋-內壢,2023-09-08,5323
00919,群益台灣精選高息,92,0,92,高橋-內壢,2023-09-11,5323
00878,國泰永續高股息,96,38,58,高橋-內壢,2023-09-11,5323
00929,復華台灣科技優息,51,4,47,高橋-內壢,2023-09-11,5323
3231,緯創,62,19,43,高橋-內壢,2023-09-11,5323
00907,永豐優息存股,35,1,34,高橋-內壢,2023-09-11,5323
2363,矽統,46,20,26,高橋-內壢,2023-09-11,5323
6770,力積電,54,28,26,高橋-內壢,2023-09-11,5323
5009,榮剛,20,0,20,高橋-內壢,2023-09-11,5323
00931B,統一美債20年,19,0,19,高橋-內壢,2023-09-11,5323
0056,元大高股息,19,1,18,高橋-內壢,2023-09-11,5323
1305,華夏,18,1,17,高橋-內壢,2023-09-11,5323
2537,聯上發,17,0,17,高橋-內壢,2023-09-11,5323
1802,台玻,22,6,16,高橋-內壢,2023-09-11,5323
00918,大華優利高填息30,17,1,16,高橋-內壢,2023-09-11,5323
2376,技嘉,19,4,15,高橋-內壢,2023-09-11,5323
2317,鴻海,13,0,13,高橋-內壢,2023-09-11,5323
2022,聚亨,20,7,13,高橋-內壢,2023-09-11,5323
4953,緯軟,13,0,13,高橋-內壢,2023-09-11,5323
2838,聯邦銀,12,0,12,高橋-內壢,2023-09-11,5323
2356,英業達,34,22,12,高橋-內壢,2023-09-11,5323
1517,利奇,12,0,12,高橋-內壢,2023-09-11,5323
2393,億光,12,0,12,高橋-內壢,2023-09-11,5323
1618,合機,12,1,11,高橋-內壢,2023-09-11,5323
00900,富邦特選高股息30,11,0,11,高橋-內壢,2023-09-11,5323
2312,金寶,12,1,11,高橋-內壢,2023-09-11,5323
5321,美而快,11,0,11,高橋-內壢,2023-09-11,5323
2002,中鋼,19,9,10,高橋-內壢,2023-09-11,5323
1102,亞泥,10,0,10,高橋-內壢,2023-09-11,5323
00753L,中信中國50正2,10,0,10,高橋-內壢,2023-09-11,5323
2645,長榮航太,11,1,10,高橋-內壢,2023-09-11,5323
2834,臺企銀,10,0,10,高橋-內壢,2023-09-11,5323
4919,新唐,10,0,10,高橋-內壢,2023-09-11,5323
4973,廣穎,10,0,10,高橋-內壢,2023-09-11,5323
6139,亞翔,10,0,10,高橋-內壢,2023-09-11,5323
3078,僑威,11,2,9,高橋-內壢,2023-09-11,5323
2206,三陽工業,8,0,8,高橋-內壢,2023-09-11,5323
2324,仁寶,13,5,8,高橋-內壢,2023-09-11,5323
2352,佳世達,16,8,8,高橋-內壢,2023-09-11,5323
2404,漢唐,8,0,8,高橋-內壢,2023-09-11,5323
3498,陽程,8,0,8,高橋-內壢,2023-09-11,5323
3694,海華,10,2,8,高橋-內壢,2023-09-11,5323
4934,太極,8,0,8,高橋-內壢,2023-09-11,5323
6204,艾華,8,0,8,高橋-內壢,2023-09-11,5323
1540,喬福,7,0,7,高橋-內壢,2023-09-11,5323
2388,威盛,9,2,7,高橋-內壢,2023-09-11,5323
2436,偉詮電,8,1,7,高橋-內壢,2023-09-11,5323
2610,華航,14,7,7,高橋-內壢,2023-09-11,5323
3704,合勤控,8,1,7,高橋-內壢,2023-09-11,5323
4572,駐龍,7,0,7,高橋-內壢,2023-09-11,5323
1809,中釉,6,0,6,高橋-內壢,2023-09-11,5323
00929,復華台灣科技優息,148,1,147,高橋-內壢,2023-09-12,5323
2313,華通,61,33,28,高橋-內壢,2023-09-12,5323
2363,矽統,47,19,28,高橋-內壢,2023-09-12,5323
2356,英業達,30,3,27,高橋-內壢,2023-09-12,5323
00878,國泰永續高股息,24,0,24,高橋-內壢,2023-09-12,5323
6139,亞翔,21,1,20,高橋-內壢,2023-09-12,5323
6125,廣運,21,3,18,高橋-內壢,2023-09-12,5323
1503,士電,18,1,17,高橋-內壢,2023-09-12,5323
3260,威剛,21,4,17,高橋-內壢,2023-09-12,5323
00919,群益台灣精選高息,17,1,16,高橋-內壢,2023-09-12,5323
2405,輔信,16,0,16,高橋-內壢,2023-09-12,5323
00915,凱基優選高股息30,15,1,14,高橋-內壢,2023-09-12,5323
2367,燿華,14,0,14,高橋-內壢,2023-09-12,5323
3264,欣銓,15,2,13,高橋-內壢,2023-09-12,5323
3715,定穎投控,13,0,13,高橋-內壢,2023-09-12,5323
00900,富邦特選高股息30,14,2,12,高橋-內壢,2023-09-12,5323
2369,菱生,12,0,12,高橋-內壢,2023-09-12,5323
6117,迎廣,13,1,12,高橋-內壢,2023-09-12,5323
5347,世界,11,0,11,高橋-內壢,2023-09-12,5323
1524,耿鼎,32,22,10,高橋-內壢,2023-09-12,5323
1312,國喬,10,0,10,高橋-內壢,2023-09-12,5323
2022,聚亨,10,0,10,高橋-內壢,2023-09-12,5323
2388,威盛,14,4,10,高橋-內壢,2023-09-12,5323
2645,長榮航太,10,0,10,高橋-內壢,2023-09-12,5323
3014,聯陽,10,0,10,高橋-內壢,2023-09-12,5323
3689,湧德,10,0,10,高橋-內壢,2023-09-12,5323
3481,群創,9,0,9,高橋-內壢,2023-09-12,5323
1305,華夏,8,0,8,高橋-內壢,2023-09-12,5323
0056,元大高股息,12,5,7,高橋-內壢,2023-09-12,5323
1517,利奇,7,0,7,高橋-內壢,2023-09-12,5323
2734,易飛網,7,0,7,高橋-內壢,2023-09-12,5323
3545,敦泰,7,0,7,高橋-內壢,2023-09-12,5323
5258,虹堡,7,0,7,高橋-內壢,2023-09-12,5323
6120,達運,12,5,7,高橋-內壢,2023-09-12,5323
6248,沛波,7,0,7,高橋-內壢,2023-09-12,5323
2603,長榮,10,4,6,高橋-內壢,2023-09-12,5323
2610,華航,6,0,6,高橋-內壢,2023-09-12,5323
1618,合機,10,5,5,高橋-內壢,2023-09-12,5323
1471,首利,6,1,5,高橋-內壢,2023-09-12,5323
2331,精英,5,0,5,高橋-內壢,2023-09-12,5323
3005,神基,5,0,5,高橋-內壢,2023-09-12,5323
3071,協禧,5,0,5,高橋-內壢,2023-09-12,5323
3498,陽程,5,0,5,高橋-內壢,2023-09-12,5323
4743,合一,5,0,5,高橋-內壢,2023-09-12,5323
5309,系統電,5,0,5,高橋-內壢,2023-09-12,5323
5381,合正,8,3,5,高橋-內壢,2023-09-12,5323
8930,青鋼,5,0,5,高橋-內壢,2023-09-12,5323
3078,僑威,5,0,5,高橋-內壢,2023-09-12,5323
1324,地球,6,2,4,高橋-內壢,2023-09-12,5323
2460,建通,4,0,4,高橋-內壢,2023-09-12,5323
00919,群益台灣精選高息,76,8,68,高橋-內壢,2023-09-13,5323
00929,復華台灣科技優息,64,10,54,高橋-內壢,2023-09-13,5323
6770,力積電,46,0,46,高橋-內壢,2023-09-13,5323
2409,友達,31,0,31,高橋-內壢,2023-09-13,5323
2374,佳能,26,0,26,高橋-內壢,2023-09-13,5323
1101,台泥,20,3,17,高橋-內壢,2023-09-13,5323
3481,群創,17,1,16,高橋-內壢,2023-09-13,5323
6547,高端疫苗,19,4,15,高橋-內壢,2023-09-13,5323
00751B,元大AAA至A公司債,10,0,10,高橋-內壢,2023-09-13,5323
00902,中信電池及儲能,10,0,10,高橋-內壢,2023-09-13,5323
1313,聯成,10,0,10,高橋-內壢,2023-09-13,5323
2358,廷鑫,10,0,10,高橋-內壢,2023-09-13,5323
2419,仲琦,10,0,10,高橋-內壢,2023-09-13,5323
3055,蔚華科,10,0,10,高橋-內壢,2023-09-13,5323
3346,麗清,10,0,10,高橋-內壢,2023-09-13,5323
4919,新唐,10,0,10,高橋-內壢,2023-09-13,5323
00931B,統一美債20年,9,0,9,高橋-內壢,2023-09-13,5323
2645,長榮航太,9,0,9,高橋-內壢,2023-09-13,5323
3037,欣興,10,1,9,高橋-內壢,2023-09-13,5323
6152,百一,9,0,9,高橋-內壢,2023-09-13,5323
00878,國泰永續高股息,9,1,8,高橋-內壢,2023-09-13,5323
00900,富邦特選高股息30,8,0,8,高橋-內壢,2023-09-13,5323
1515,力山,8,1,7,高橋-內壢,2023-09-13,5323
3264,欣銓,7,0,7,高橋-內壢,2023-09-13,5323
5452,佶優,7,0,7,高橋-內壢,2023-09-13,5323
2313,華通,12,6,6,高橋-內壢,2023-09-13,5323
3706,神達,6,0,6,高橋-內壢,2023-09-13,5323
00720B,元大投資級公司債,5,0,5,高橋-內壢,2023-09-13,5323
1722,台肥,5,0,5,高橋-內壢,2023-09-13,5323
2388,威盛,8,3,5,高橋-內壢,2023-09-13,5323
2399,映泰,5,0,5,高橋-內壢,2023-09-13,5323
2476,鉅祥,5,0,5,高橋-內壢,2023-09-13,5323
2888,新光金,5,0,5,高橋-內壢,2023-09-13,5323
3380,明泰,6,1,5,高橋-內壢,2023-09-13,5323
3588,通嘉,5,0,5,高橋-內壢,2023-09-13,5323
3704,合勤控,7,2,5,高橋-內壢,2023-09-13,5323
4120,友華,5,0,5,高橋-內壢,2023-09-13,5323
4128,中天,5,0,5,高橋-內壢,2023-09-13,5323
6605,帝寶,5,0,5,高橋-內壢,2023-09-13,5323
8261,富鼎,5,0,5,高橋-內壢,2023-09-13,5323
2317,鴻海,4,0,4,高橋-內壢,2023-09-13,5323
2329,華泰,4,0,4,高橋-內壢,2023-09-13,5323
5381,合正,4,0,4,高橋-內壢,2023-09-13,5323
00915,凱基優選高股息30,10,6,4,高橋-內壢,2023-09-13,5323
0056,元大高股息,4,0,4,高橋-內壢,2023-09-13,5323
2002,中鋼,4,0,4,高橋-內壢,2023-09-13,5323
2356,英業達,7,3,4,高橋-內壢,2023-09-13,5323
2427,三商電,4,0,4,高橋-內壢,2023-09-13,5323
00679B,元大美債20年,3,0,3,高橋-內壢,2023-09-13,5323
1809,中釉,5,2,3,高橋-內壢,2023-09-13,5323
00929,復華台灣科技優息,172,9,163,高橋-內壢,2023-09-14,5323
00919,群益台灣精選高息,95,10,85,高橋-內壢,2023-09-14,5323
2371,大同,14,0,14,高橋-內壢,2023-09-14,5323
2332,友訊,13,0,13,高橋-內壢,2023-09-14,5323
00915,凱基優選高股息30,17,5,12,高橋-內壢,2023-09-14,5323
00885,富邦越南,12,0,12,高橋-內壢,2023-09-14,5323
2834,臺企銀,10,0,10,高橋-內壢,2023-09-14,5323
8050,廣積,10,0,10,高橋-內壢,2023-09-14,5323
2493,揚博,10,1,9,高橋-內壢,2023-09-14,5323
6248,沛波,12,3,9,高橋-內壢,2023-09-14,5323
00882,中信中國高股息,9,1,8,高橋-內壢,2023-09-14,5323
3062,建漢,9,1,8,高橋-內壢,2023-09-14,5323
3380,明泰,11,3,8,高橋-內壢,2023-09-14,5323
8183,精星,8,0,8,高橋-內壢,2023-09-14,5323
1471,首利,8,1,7,高橋-內壢,2023-09-14,5323
2402,毅嘉,7,0,7,高橋-內壢,2023-09-14,5323
2615,萬海,7,0,7,高橋-內壢,2023-09-14,5323
3715,定穎投控,8,1,7,高橋-內壢,2023-09-14,5323
2882,國泰金,10,4,6,高橋-內壢,2023-09-14,5323
3209,全科,6,0,6,高橋-內壢,2023-09-14,5323
8088,品安,6,0,6,高橋-內壢,2023-09-14,5323
1217,愛之味,5,0,5,高橋-內壢,2023-09-14,5323
1104,環泥,5,0,5,高橋-內壢,2023-09-14,5323
1319,東陽,9,4,5,高橋-內壢,2023-09-14,5323
2380,虹光,5,0,5,高橋-內壢,2023-09-14,5323
2393,億光,5,0,5,高橋-內壢,2023-09-14,5323
2618,長榮航,20,15,5,高橋-內壢,2023-09-14,5323
3615,安可,5,0,5,高橋-內壢,2023-09-14,5323
6126,信音,5,0,5,高橋-內壢,2023-09-14,5323
3481,群創,12,7,5,高橋-內壢,2023-09-14,5323
00891,中信關鍵半導體,14,10,4,高橋-內壢,2023-09-14,5323
00921,兆豐龍頭等權重,4,0,4,高橋-內壢,2023-09-14,5323
00928,中信上櫃ESG30,4,0,4,高橋-內壢,2023-09-14,5323
2324,仁寶,7,3,4,高橋-內壢,2023-09-14,5323
2630,亞航,4,0,4,高橋-內壢,2023-09-14,5323
5210,寶碩,4,0,4,高橋-內壢,2023-09-14,5323
6589,台康生技,4,0,4,高橋-內壢,2023-09-14,5323
1301,台塑,3,0,3,高橋-內壢,2023-09-14,5323
00738U,期元大道瓊白銀,3,0,3,高橋-內壢,2023-09-14,5323
1701,中化,3,0,3,高橋-內壢,2023-09-14,5323
1727,中華化,3,0,3,高橋-內壢,2023-09-14,5323
2353,宏��,3,0,3,高橋-內壢,2023-09-14,5323
3006,晶豪科,3,0,3,高橋-內壢,2023-09-14,5323
3583,辛耘,3,0,3,高橋-內壢,2023-09-14,5323
3622,洋華,5,2,3,高橋-內壢,2023-09-14,5323
4561,健椿,3,0,3,高橋-內壢,2023-09-14,5323
5227,立凱-KY,3,0,3,高橋-內壢,2023-09-14,5323
5439,高技,3,0,3,高橋-內壢,2023-09-14,5323
8926,台汽電,3,0,3,高橋-內壢,2023-09-14,5323
9103,美德醫療-DR,3,0,3,高橋-內壢,2023-09-14,5323
00929,復華台灣科技優息,145,6,139,高橋-內壢,2023-09-15,5323
00632R,元大台灣50反1,130,0,130,高橋-內壢,2023-09-15,5323
00712,復華富時不動產,100,0,100,高橋-內壢,2023-09-15,5323
00919,群益台灣精選高息,85,25,60,高橋-內壢,2023-09-15,5323
3058,立德,51,1,50,高橋-內壢,2023-09-15,5323
00918,大華優利高填息30,42,1,41,高橋-內壢,2023-09-15,5323
2486,一詮,35,10,25,高橋-內壢,2023-09-15,5323
2637,慧洋-KY,21,3,18,高橋-內壢,2023-09-15,5323
2618,長榮航,18,0,18,高橋-內壢,2023-09-15,5323
00932,兆豐永續高息等權,17,0,17,高橋-內壢,2023-09-15,5323
2891,中信金,17,0,17,高橋-內壢,2023-09-15,5323
3049,精金,16,0,16,高橋-內壢,2023-09-15,5323
2317,鴻海,16,2,14,高橋-內壢,2023-09-15,5323
3041,揚智,13,0,13,高橋-內壢,2023-09-15,5323
6248,沛波,13,0,13,高橋-內壢,2023-09-15,5323
3209,全科,12,0,12,高橋-內壢,2023-09-15,5323
3481,群創,12,0,12,高橋-內壢,2023-09-15,5323
3308,聯德,13,1,12,高橋-內壢,2023-09-15,5323
00902,中信電池及儲能,10,0,10,高橋-內壢,2023-09-15,5323
1201,味全,10,0,10,高橋-內壢,2023-09-15,5323
1409,新纖,10,0,10,高橋-內壢,2023-09-15,5323
1618,合機,10,0,10,高橋-內壢,2023-09-15,5323
2615,萬海,20,10,10,高橋-內壢,2023-09-15,5323
3685,元創精密,10,0,10,高橋-內壢,2023-09-15,5323
1312,國喬,9,0,9,高橋-內壢,2023-09-15,5323
00830,國泰費城半導體,9,0,9,高橋-內壢,2023-09-15,5323
1802,台玻,14,5,9,高橋-內壢,2023-09-15,5323
2329,華泰,10,1,9,高橋-內壢,2023-09-15,5323
4906,正文,9,0,9,高橋-內壢,2023-09-15,5323
2610,華航,10,2,8,高橋-內壢,2023-09-15,5323
2888,新光金,10,2,8,高橋-內壢,2023-09-15,5323
4743,合一,10,2,8,高橋-內壢,2023-09-15,5323
5258,虹堡,8,0,8,高橋-內壢,2023-09-15,5323
3044,健鼎,7,0,7,高橋-內壢,2023-09-15,5323
6531,愛普*,9,2,7,高橋-內壢,2023-09-15,5323
00669R,國泰美國道瓊反1,6,0,6,高橋-內壢,2023-09-15,5323
00930,永豐ESG低碳高息,7,1,6,高橋-內壢,2023-09-15,5323
00893,國泰智能電動車,6,0,6,高橋-內壢,2023-09-15,5323
2427,三商電,6,0,6,高橋-內壢,2023-09-15,5323
2464,盟立,7,1,6,高橋-內壢,2023-09-15,5323
2734,易飛網,6,0,6,高橋-內壢,2023-09-15,5323
2836,高雄銀,6,0,6,高橋-內壢,2023-09-15,5323
3035,智原,9,3,6,高橋-內壢,2023-09-15,5323
3038,全台,6,0,6,高橋-內壢,2023-09-15,5323
3592,瑞鼎,6,0,6,高橋-內壢,2023-09-15,5323
5243,乙盛-KY,6,0,6,高橋-內壢,2023-09-15,5323
2357,華碩,5,0,5,高橋-內壢,2023-09-15,5323
00892,富邦台灣半導體,5,0,5,高橋-內壢,2023-09-15,5323
00885,富邦越南,5,0,5,高橋-內壢,2023-09-15,5323
2614,東森,5,0,5,高橋-內壢,2023-09-15,5323
00712,復華富時不動產,325,8,317,高橋-內壢,2023-09-18,5323
00929,復華台灣科技優息,199,7,192,高橋-內壢,2023-09-18,5323
2363,矽統,147,13,134,高橋-內壢,2023-09-18,5323
00919,群益台灣精選高息,120,0,120,高橋-內壢,2023-09-18,5323
00679B,元大美債20年,37,0,37,高橋-內壢,2023-09-18,5323
3231,緯創,41,5,36,高橋-內壢,2023-09-18,5323
6152,百一,27,0,27,高橋-內壢,2023-09-18,5323
2356,英業達,34,8,26,高橋-內壢,2023-09-18,5323
00918,大華優利高填息30,20,0,20,高橋-內壢,2023-09-18,5323
00878,國泰永續高股息,23,3,20,高橋-內壢,2023-09-18,5323
5309,系統電,20,0,20,高橋-內壢,2023-09-18,5323
6485,點序,21,2,19,高橋-內壢,2023-09-18,5323
00885,富邦越南,22,5,17,高橋-內壢,2023-09-18,5323
2618,長榮航,16,0,16,高橋-內壢,2023-09-18,5323
5607,遠雄港,15,0,15,高橋-內壢,2023-09-18,5323
2365,昆盈,13,0,13,高橋-內壢,2023-09-18,5323
2344,華邦電,16,4,12,高橋-內壢,2023-09-18,5323
2367,燿華,14,3,11,高橋-內壢,2023-09-18,5323
3711,日月光投控,11,0,11,高橋-內壢,2023-09-18,5323
2382,廣達,12,2,10,高橋-內壢,2023-09-18,5323
2301,光寶科,9,0,9,高橋-內壢,2023-09-18,5323
2317,鴻海,9,0,9,高橋-內壢,2023-09-18,5323
3038,全台,9,0,9,高橋-內壢,2023-09-18,5323
2330,台積電,8,0,8,高橋-內壢,2023-09-18,5323
2615,萬海,20,12,8,高橋-內壢,2023-09-18,5323
00882,中信中國高股息,11,4,7,高橋-內壢,2023-09-18,5323
2352,佳世達,9,2,7,高橋-內壢,2023-09-18,5323
3303,岱稜,7,0,7,高橋-內壢,2023-09-18,5323
8930,青鋼,7,0,7,高橋-內壢,2023-09-18,5323
00915,凱基優選高股息30,6,0,6,高橋-內壢,2023-09-18,5323
2880,華南金,6,0,6,高橋-內壢,2023-09-18,5323
3017,奇鋐,7,1,6,高橋-內壢,2023-09-18,5323
3122,笙泉,6,0,6,高橋-內壢,2023-09-18,5323
1722,台肥,5,0,5,高橋-內壢,2023-09-18,5323
00888,永豐台灣ESG,5,0,5,高橋-內壢,2023-09-18,5323
00923,群益台ESG低碳50,5,0,5,高橋-內壢,2023-09-18,5323
2883,凱基金,5,0,5,高橋-內壢,2023-09-18,5323
3005,神基,5,0,5,高橋-內壢,2023-09-18,5323
3037,欣興,5,0,5,高橋-內壢,2023-09-18,5323
3617,碩天,7,2,5,高橋-內壢,2023-09-18,5323
4128,中天,5,0,5,高橋-內壢,2023-09-18,5323
6282,康舒,7,2,5,高橋-內壢,2023-09-18,5323
1101,台泥,4,0,4,高橋-內壢,2023-09-18,5323
00795B,中信美國公債20年,4,0,4,高橋-內壢,2023-09-18,5323
00772B,中信高評級公司債,4,0,4,高橋-內壢,2023-09-18,5323
3105,穩懋,4,0,4,高橋-內壢,2023-09-18,5323
3264,欣銓,4,0,4,高橋-內壢,2023-09-18,5323
6194,育富,4,0,4,高橋-內壢,2023-09-18,5323
8046,南電,4,0,4,高橋-內壢,2023-09-18,5323
2634,漢翔,8,5,3,高橋-內壢,2023-09-18,5323
2618,長榮航,83,4,79,高橋-內壢,2023-09-19,5323
00929,復華台灣科技優息,56,8,48,高橋-內壢,2023-09-19,5323
1524,耿鼎,34,1,33,高橋-內壢,2023-09-19,5323
00900,富邦特選高股息30,28,0,28,高橋-內壢,2023-09-19,5323
8034,榮群,31,5,26,高橋-內壢,2023-09-19,5323
1434,福懋,20,0,20,高橋-內壢,2023-09-19,5323
3049,精金,19,0,19,高橋-內壢,2023-09-19,5323
2367,燿華,29,12,17,高橋-內壢,2023-09-19,5323
2303,聯電,16,0,16,高橋-內壢,2023-09-19,5323
5210,寶碩,15,0,15,高橋-內壢,2023-09-19,5323
5880,合庫金,15,0,15,高橋-內壢,2023-09-19,5323
00830,國泰費城半導體,14,0,14,高橋-內壢,2023-09-19,5323
6152,百一,14,0,14,高橋-內壢,2023-09-19,5323
1815,富喬,13,1,12,高橋-內壢,2023-09-19,5323
6244,茂迪,12,0,12,高橋-內壢,2023-09-19,5323
3081,聯亞,10,0,10,高橋-內壢,2023-09-19,5323
00902,中信電池及儲能,10,0,10,高橋-內壢,2023-09-19,5323
00772B,中信高評級公司債,10,0,10,高橋-內壢,2023-09-19,5323
2606,裕民,11,1,10,高橋-內壢,2023-09-19,5323
3058,立德,10,0,10,高橋-內壢,2023-09-19,5323
3406,玉晶光,10,0,10,高橋-內壢,2023-09-19,5323
4958,臻鼎-KY,10,0,10,高橋-內壢,2023-09-19,5323
00921,兆豐龍頭等權重,9,0,9,高橋-內壢,2023-09-19,5323
2603,長榮,23,15,8,高橋-內壢,2023-09-19,5323
2331,精英,7,0,7,高橋-內壢,2023-09-19,5323
2634,漢翔,7,0,7,高橋-內壢,2023-09-19,5323
00892,富邦台灣半導體,7,0,7,高橋-內壢,2023-09-19,5323
00712,復華富時不動產,7,0,7,高橋-內壢,2023-09-19,5323
6104,創惟,7,0,7,高橋-內壢,2023-09-19,5323
1522,堤維西,8,2,6,高橋-內壢,2023-09-19,5323
2328,廣宇,7,1,6,高橋-內壢,2023-09-19,5323
2457,飛宏,6,0,6,高橋-內壢,2023-09-19,5323
2481,強茂,6,0,6,高橋-內壢,2023-09-19,5323
3481,群創,6,1,5,高橋-內壢,2023-09-19,5323
00852L,國泰美國道瓊正2,5,0,5,高橋-內壢,2023-09-19,5323
1609,大亞,5,0,5,高橋-內壢,2023-09-19,5323
2002,中鋼,5,0,5,高橋-內壢,2023-09-19,5323
2030,彰源,5,0,5,高橋-內壢,2023-09-19,5323
2388,威盛,8,3,5,高橋-內壢,2023-09-19,5323
2392,正崴,5,0,5,高橋-內壢,2023-09-19,5323
2436,偉詮電,7,2,5,高橋-內壢,2023-09-19,5323
2610,華航,7,2,5,高橋-內壢,2023-09-19,5323
4979,華星光,7,2,5,高橋-內壢,2023-09-19,5323
5258,虹堡,5,0,5,高橋-內壢,2023-09-19,5323
6547,高端疫苗,5,0,5,高橋-內壢,2023-09-19,5323
8088,品安,5,0,5,高橋-內壢,2023-09-19,5323
8222,寶一,5,0,5,高橋-內壢,2023-09-19,5323
1471,首利,4,0,4,高橋-內壢,2023-09-19,5323
3163,波若威,4,0,4,高橋-內壢,2023-09-19,5323
2402,毅嘉,5,1,4,高橋-內壢,2023-09-19,5323
2883,凱基金,133,0,133,高橋-內壢,2023-09-20,5323
2367,燿華,67,5,62,高橋-內壢,2023-09-20,5323
00892,富邦台灣半導體,63,2,61,高橋-內壢,2023-09-20,5323
2006,東和鋼鐵,53,0,53,高橋-內壢,2023-09-20,5323
00679B,元大美債20年,51,0,51,高橋-內壢,2023-09-20,5323
00929,復華台灣科技優息,91,61,30,高橋-內壢,2023-09-20,5323
00852L,國泰美國道瓊正2,30,0,30,高橋-內壢,2023-09-20,5323
2208,台船,27,0,27,高橋-內壢,2023-09-20,5323
3706,神達,35,11,24,高橋-內壢,2023-09-20,5323
2618,長榮航,25,3,22,高橋-內壢,2023-09-20,5323
3122,笙泉,31,14,17,高橋-內壢,2023-09-20,5323
3042,晶技,16,0,16,高橋-內壢,2023-09-20,5323
6418,詠昇,16,0,16,高橋-內壢,2023-09-20,5323
00878,國泰永續高股息,19,5,14,高橋-內壢,2023-09-20,5323
6152,百一,14,0,14,高橋-內壢,2023-09-20,5323
1605,華新,15,2,13,高橋-內壢,2023-09-20,5323
3265,台星科,23,10,13,高橋-內壢,2023-09-20,5323
00932,兆豐永續高息等權,12,0,12,高橋-內壢,2023-09-20,5323
1524,耿鼎,10,0,10,高橋-內壢,2023-09-20,5323
00881,國泰台灣5G+,10,0,10,高橋-內壢,2023-09-20,5323
1815,富喬,10,0,10,高橋-內壢,2023-09-20,5323
2201,裕隆,12,2,10,高橋-內壢,2023-09-20,5323
2392,正崴,10,0,10,高橋-內壢,2023-09-20,5323
2493,揚博,10,0,10,高橋-內壢,2023-09-20,5323
2608,嘉里大榮,10,0,10,高橋-內壢,2023-09-20,5323
3515,華擎,10,0,10,高橋-內壢,2023-09-20,5323
4909,新復興,10,0,10,高橋-內壢,2023-09-20,5323
6288,聯嘉,10,0,10,高橋-內壢,2023-09-20,5323
2330,台積電,9,0,9,高橋-內壢,2023-09-20,5323
00888,永豐台灣ESG,8,0,8,高橋-內壢,2023-09-20,5323
6147,頎邦,8,0,8,高橋-內壢,2023-09-20,5323
6257,矽格,8,0,8,高橋-內壢,2023-09-20,5323
2352,佳世達,7,0,7,高橋-內壢,2023-09-20,5323
2356,英業達,14,7,7,高橋-內壢,2023-09-20,5323
2421,建準,10,3,7,高橋-內壢,2023-09-20,5323
2436,偉詮電,9,2,7,高橋-內壢,2023-09-20,5323
00919,群益台灣精選高息,69,62,7,高橋-內壢,2023-09-20,5323
3011,今皓,7,0,7,高橋-內壢,2023-09-20,5323
00893,國泰智能電動車,8,2,6,高橋-內壢,2023-09-20,5323
00923,群益台ESG低碳50,6,0,6,高橋-內壢,2023-09-20,5323
1101,台泥,6,0,6,高橋-內壢,2023-09-20,5323
3264,欣銓,6,0,6,高橋-內壢,2023-09-20,5323
6223,旺矽,6,0,6,高橋-內壢,2023-09-20,5323
2603,長榮,29,23,6,高橋-內壢,2023-09-20,5323
1503,士電,5,0,5,高橋-內壢,2023-09-20,5323
1104,環泥,5,0,5,高橋-內壢,2023-09-20,5323
2332,友訊,5,0,5,高橋-內壢,2023-09-20,5323
2425,承啟,8,3,5,高橋-內壢,2023-09-20,5323
2884,玉山金,5,0,5,高橋-內壢,2023-09-20,5323
3037,欣興,5,0,5,高橋-內壢,2023-09-20,5323
2014,中鴻,203,0,203,高橋-內壢,2023-09-21,5323
1314,中石化,141,0,141,高橋-內壢,2023-09-21,5323
3049,精金,80,0,80,高橋-內壢,2023-09-21,5323
00919,群益台灣精選高息,73,5,68,高橋-內壢,2023-09-21,5323
00679B,元大美債20年,54,0,54,高橋-內壢,2023-09-21,5323
00878,國泰永續高股息,57,14,43,高橋-內壢,2023-09-21,5323
1718,中纖,40,0,40,高橋-內壢,2023-09-21,5323
00722B,群益投資級電信債,36,0,36,高橋-內壢,2023-09-21,5323
00892,富邦台灣半導體,54,18,36,高橋-內壢,2023-09-21,5323
2610,華航,30,1,29,高橋-內壢,2023-09-21,5323
2608,嘉里大榮,26,0,26,高橋-內壢,2023-09-21,5323
2618,長榮航,26,1,25,高橋-內壢,2023-09-21,5323
2891,中信金,26,2,24,高橋-內壢,2023-09-21,5323
3481,群創,23,0,23,高橋-內壢,2023-09-21,5323
2377,微星,21,1,20,高橋-內壢,2023-09-21,5323
2845,遠東銀,20,0,20,高橋-內壢,2023-09-21,5323
6152,百一,20,0,20,高橋-內壢,2023-09-21,5323
2002,中鋼,18,0,18,高橋-內壢,2023-09-21,5323
2368,金像電,18,0,18,高橋-內壢,2023-09-21,5323
6116,彩晶,16,0,16,高橋-內壢,2023-09-21,5323
8028,昇陽半導體,15,0,15,高橋-內壢,2023-09-21,5323
5880,合庫金,15,0,15,高橋-內壢,2023-09-21,5323
00881,國泰台灣5G+,13,0,13,高橋-內壢,2023-09-21,5323
2303,聯電,14,1,13,高橋-內壢,2023-09-21,5323
2883,凱基金,13,0,13,高橋-內壢,2023-09-21,5323
2330,台積電,12,0,12,高橋-內壢,2023-09-21,5323
0056,元大高股息,12,0,12,高橋-內壢,2023-09-21,5323
00931B,統一美債20年,11,0,11,高橋-內壢,2023-09-21,5323
00852L,國泰美國道瓊正2,11,0,11,高橋-內壢,2023-09-21,5323
00923,群益台ESG低碳50,14,3,11,高橋-內壢,2023-09-21,5323
2356,英業達,14,3,11,高橋-內壢,2023-09-21,5323
2884,玉山金,11,0,11,高橋-內壢,2023-09-21,5323
00922,國泰台灣領袖50,10,0,10,高橋-內壢,2023-09-21,5323
1219,福壽,10,0,10,高橋-內壢,2023-09-21,5323
1312,國喬,10,0,10,高橋-內壢,2023-09-21,5323
2380,虹光,10,0,10,高橋-內壢,2023-09-21,5323
2439,美律,10,0,10,高橋-內壢,2023-09-21,5323
3081,聯亞,15,5,10,高橋-內壢,2023-09-21,5323
6139,亞翔,10,0,10,高橋-內壢,2023-09-21,5323
3035,智原,9,0,9,高橋-內壢,2023-09-21,5323
4906,正文,9,0,9,高橋-內壢,2023-09-21,5323
6901,鑽石投資,10,1,9,高橋-內壢,2023-09-21,5323
1319,東陽,8,0,8,高橋-內壢,2023-09-21,5323
2388,威盛,11,3,8,高橋-內壢,2023-09-21,5323
00932,兆豐永續高息等權,7,0,7,高橋-內壢,2023-09-21,5323
2371,大同,7,0,7,高橋-內壢,2023-09-21,5323
6770,力積電,7,0,7,高橋-內壢,2023-09-21,5323
3037,欣興,7,0,7,高橋-內壢,2023-09-21,5323
3231,緯創,18,12,6,高橋-內壢,2023-09-21,5323
1503,士電,10,4,6,高橋-內壢,2023-09-21,5323
00931B,統一美債20年,115,0,115,高橋-內壢,2023-09-22,5323
2884,玉山金,83,0,83,高橋-內壢,2023-09-22,5323
00795B,中信美國公債20年,70,0,70,高橋-內壢,2023-09-22,5323
1312,國喬,50,0,50,高橋-內壢,2023-09-22,5323
2014,中鴻,50,0,50,高橋-內壢,2023-09-22,5323
00720B,元大投資級公司債,37,0,37,高橋-內壢,2023-09-22,5323
2313,華通,30,2,28,高橋-內壢,2023-09-22,5323
00919,群益台灣精選高息,25,0,25,高橋-內壢,2023-09-22,5323
2542,興富發,22,0,22,高橋-內壢,2023-09-22,5323
2630,亞航,24,3,21,高橋-內壢,2023-09-22,5323
00712,復華富時不動產,20,0,20,高橋-內壢,2023-09-22,5323
2303,聯電,20,0,20,高橋-內壢,2023-09-22,5323
2885,元大金,20,0,20,高橋-內壢,2023-09-22,5323
2367,燿華,19,1,18,高橋-內壢,2023-09-22,5323
3231,緯創,24,6,18,高橋-內壢,2023-09-22,5323
00679B,元大美債20年,16,0,16,高橋-內壢,2023-09-22,5323
1714,和桐,29,13,16,高橋-內壢,2023-09-22,5323
2883,凱基金,13,0,13,高橋-內壢,2023-09-22,5323
3036,文曄,15,3,12,高橋-內壢,2023-09-22,5323
3711,日月光投控,11,0,11,高橋-內壢,2023-09-22,5323
1815,富喬,11,0,11,高橋-內壢,2023-09-22,5323
1455,集盛,10,0,10,高橋-內壢,2023-09-22,5323
0056,元大高股息,10,0,10,高橋-內壢,2023-09-22,5323
2734,易飛網,10,0,10,高橋-內壢,2023-09-22,5323
6582,申豐,10,0,10,高橋-內壢,2023-09-22,5323
6589,台康生技,10,0,10,高橋-內壢,2023-09-22,5323
00885,富邦越南,8,0,8,高橋-內壢,2023-09-22,5323
2002,中鋼,8,0,8,高橋-內壢,2023-09-22,5323
2344,華邦電,8,0,8,高橋-內壢,2023-09-22,5323
1101,台泥,7,0,7,高橋-內壢,2023-09-22,5323
2637,慧洋-KY,6,0,6,高橋-內壢,2023-09-22,5323
1409,新纖,6,0,6,高橋-內壢,2023-09-22,5323
1584,精剛,19,13,6,高橋-內壢,2023-09-22,5323
2317,鴻海,6,0,6,高橋-內壢,2023-09-22,5323
2329,華泰,9,3,6,高橋-內壢,2023-09-22,5323
2913,農林,6,0,6,高橋-內壢,2023-09-22,5323
5347,世界,11,5,6,高橋-內壢,2023-09-22,5323
6223,旺矽,6,0,6,高橋-內壢,2023-09-22,5323
0050,元大台灣50,5,0,5,高橋-內壢,2023-09-22,5323
00772B,中信高評級公司債,5,0,5,高橋-內壢,2023-09-22,5323
00751B,元大AAA至A公司債,5,0,5,高橋-內壢,2023-09-22,5323
1802,台玻,7,2,5,高橋-內壢,2023-09-22,5323
2027,大成鋼,5,0,5,高橋-內壢,2023-09-22,5323
2401,凌陽,5,0,5,高橋-內壢,2023-09-22,5323
2606,裕民,7,2,5,高橋-內壢,2023-09-22,5323
2614,東森,5,0,5,高橋-內壢,2023-09-22,5323
2890,永豐金,5,0,5,高橋-內壢,2023-09-22,5323
6285,啟��,6,1,5,高橋-內壢,2023-09-22,5323
2301,光寶科,8,4,4,高橋-內壢,2023-09-22,5323
00830,國泰費城半導體,5,1,4,高橋-內壢,2023-09-22,5323
00632R,元大台灣50反1,160,0,160,高橋-內壢,2023-09-25,5323
2610,華航,135,1,134,高橋-內壢,2023-09-25,5323
2884,玉山金,50,0,50,高橋-內壢,2023-09-25,5323
00753L,中信中國50正2,20,0,20,高橋-內壢,2023-09-25,5323
00720B,元大投資級公司債,20,0,20,高橋-內壢,2023-09-25,5323
2367,燿華,22,3,19,高橋-內壢,2023-09-25,5323
3037,欣興,19,1,18,高橋-內壢,2023-09-25,5323
0056,元大高股息,16,0,16,高橋-內壢,2023-09-25,5323
2317,鴻海,15,1,14,高橋-內壢,2023-09-25,5323
00893,國泰智能電動車,13,0,13,高橋-內壢,2023-09-25,5323
00929,復華台灣科技優息,23,11,12,高橋-內壢,2023-09-25,5323
1101,台泥,14,2,12,高橋-內壢,2023-09-25,5323
00830,國泰費城半導體,12,0,12,高橋-內壢,2023-09-25,5323
00772B,中信高評級公司債,11,0,11,高橋-內壢,2023-09-25,5323
2880,華南金,11,0,11,高橋-內壢,2023-09-25,5323
3303,岱稜,11,0,11,高橋-內壢,2023-09-25,5323
6605,帝寶,11,0,11,高橋-內壢,2023-09-25,5323
1312,國喬,10,0,10,高橋-內壢,2023-09-25,5323
00922,國泰台灣領袖50,10,0,10,高橋-內壢,2023-09-25,5323
8028,昇陽半導體,10,0,10,高橋-內壢,2023-09-25,5323
1409,新纖,21,12,9,高橋-內壢,2023-09-25,5323
2356,英業達,13,6,7,高橋-內壢,2023-09-25,5323
2891,中信金,10,3,7,高橋-內壢,2023-09-25,5323
8210,勤誠,9,2,7,高橋-內壢,2023-09-25,5323
00882,中信中國高股息,6,0,6,高橋-內壢,2023-09-25,5323
3706,神達,9,3,6,高橋-內壢,2023-09-25,5323
6485,點序,7,1,6,高橋-內壢,2023-09-25,5323
6530,創威,6,0,6,高橋-內壢,2023-09-25,5323
2313,華通,5,0,5,高橋-內壢,2023-09-25,5323
00679B,元大美債20年,5,0,5,高橋-內壢,2023-09-25,5323
1471,首利,6,1,5,高橋-內壢,2023-09-25,5323
00902,中信電池及儲能,5,0,5,高橋-內壢,2023-09-25,5323
2405,輔信,5,0,5,高橋-內壢,2023-09-25,5323
2867,三商壽,5,0,5,高橋-內壢,2023-09-25,5323
3025,星通,7,2,5,高橋-內壢,2023-09-25,5323
3043,科風,5,0,5,高橋-內壢,2023-09-25,5323
3071,協禧,5,0,5,高橋-內壢,2023-09-25,5323
4155,訊映,5,0,5,高橋-內壢,2023-09-25,5323
4743,合一,5,0,5,高橋-內壢,2023-09-25,5323
2002,中鋼,5,1,4,高橋-內壢,2023-09-25,5323
2637,慧洋-KY,4,0,4,高橋-內壢,2023-09-25,5323
00852L,國泰美國道瓊正2,4,0,4,高橋-內壢,2023-09-25,5323
00892,富邦台灣半導體,4,0,4,高橋-內壢,2023-09-25,5323
2354,鴻準,4,0,4,高橋-內壢,2023-09-25,5323
2358,廷鑫,4,0,4,高橋-內壢,2023-09-25,5323
2371,大同,4,0,4,高橋-內壢,2023-09-25,5323
2816,旺旺保,4,0,4,高橋-內壢,2023-09-25,5323
3006,晶豪科,4,0,4,高橋-內壢,2023-09-25,5323
3163,波若威,6,2,4,高橋-內壢,2023-09-25,5323
3322,建舜電,4,0,4,高橋-內壢,2023-09-25,5323
2014,中鴻,103,0,103,高橋-內壢,2023-09-26,5323
00929,復華台灣科技優息,91,16,75,高橋-內壢,2023-09-26,5323
2884,玉山金,70,0,70,高橋-內壢,2023-09-26,5323
8240,華宏,50,0,50,高橋-內壢,2023-09-26,5323
1524,耿鼎,31,4,27,高橋-內壢,2023-09-26,5323
1815,富喬,27,0,27,高橋-內壢,2023-09-26,5323
3481,群創,34,8,26,高橋-內壢,2023-09-26,5323
2356,英業達,26,2,24,高橋-內壢,2023-09-26,5323
1609,大亞,34,10,24,高橋-內壢,2023-09-26,5323
6116,彩晶,25,2,23,高橋-內壢,2023-09-26,5323
00679B,元大美債20年,22,0,22,高橋-內壢,2023-09-26,5323
2801,彰銀,20,0,20,高橋-內壢,2023-09-26,5323
2317,鴻海,20,0,20,高橋-內壢,2023-09-26,5323
3078,僑威,20,1,19,高橋-內壢,2023-09-26,5323
1618,合機,18,0,18,高橋-內壢,2023-09-26,5323
00931B,統一美債20年,17,0,17,高橋-內壢,2023-09-26,5323
00922,國泰台灣領袖50,17,0,17,高橋-內壢,2023-09-26,5323
00919,群益台灣精選高息,20,3,17,高橋-內壢,2023-09-26,5323
2618,長榮航,19,5,14,高橋-內壢,2023-09-26,5323
3231,緯創,21,7,14,高橋-內壢,2023-09-26,5323
2303,聯電,15,1,14,高橋-內壢,2023-09-26,5323
4533,協易機,15,1,14,高橋-內壢,2023-09-26,5323
6770,力積電,14,0,14,高橋-內壢,2023-09-26,5323
00772B,中信高評級公司債,14,1,13,高橋-內壢,2023-09-26,5323
2002,中鋼,18,5,13,高橋-內壢,2023-09-26,5323
00878,國泰永續高股息,16,4,12,高橋-內壢,2023-09-26,5323
00712,復華富時不動產,12,0,12,高橋-內壢,2023-09-26,5323
00751B,元大AAA至A公司債,12,0,12,高橋-內壢,2023-09-26,5323
2402,毅嘉,12,0,12,高橋-內壢,2023-09-26,5323
3715,定穎投控,17,5,12,高橋-內壢,2023-09-26,5323
1227,佳格,10,0,10,高橋-內壢,2023-09-26,5323
00907,永豐優息存股,10,0,10,高橋-內壢,2023-09-26,5323
00722B,群益投資級電信債,10,0,10,高橋-內壢,2023-09-26,5323
2352,佳世達,10,0,10,高橋-內壢,2023-09-26,5323
4128,中天,12,2,10,高橋-內壢,2023-09-26,5323
8028,昇陽半導體,10,0,10,高橋-內壢,2023-09-26,5323
3303,岱稜,9,0,9,高橋-內壢,2023-09-26,5323
2330,台積電,9,0,9,高橋-內壢,2023-09-26,5323
5880,合庫金,9,1,8,高橋-內壢,2023-09-26,5323
2881,富邦金,8,0,8,高橋-內壢,2023-09-26,5323
2538,基泰,10,2,8,高橋-內壢,2023-09-26,5323
6901,鑽石投資,8,0,8,高橋-內壢,2023-09-26,5323
1605,華新,7,0,7,高橋-內壢,2023-09-26,5323
2363,矽統,21,14,7,高橋-內壢,2023-09-26,5323
3711,日月光投控,8,1,7,高橋-內壢,2023-09-26,5323
0050,元大台灣50,7,0,7,高橋-內壢,2023-09-26,5323
1101,台泥,7,0,7,高橋-內壢,2023-09-26,5323
2888,新光金,12,5,7,高橋-內壢,2023-09-26,5323
1522,堤維西,7,1,6,高橋-內壢,2023-09-26,5323
2421,建準,17,11,6,高橋-內壢,2023-09-26,5323
2884,玉山金,81,0,81,高橋-內壢,2023-09-27,5323
00929,復華台灣科技優息,97,62,35,高橋-內壢,2023-09-27,5323
3049,精金,30,0,30,高橋-內壢,2023-09-27,5323
6456,GIS-KY,20,0,20,高橋-內壢,2023-09-27,5323
3308,聯德,20,0,20,高橋-內壢,2023-09-27,5323
2317,鴻海,17,0,17,高橋-內壢,2023-09-27,5323
2303,聯電,15,0,15,高橋-內壢,2023-09-27,5323
2014,中鴻,15,0,15,高橋-內壢,2023-09-27,5323
2612,中航,16,1,15,高橋-內壢,2023-09-27,5323
1319,東陽,14,0,14,高橋-內壢,2023-09-27,5323
3260,威剛,11,0,11,高橋-內壢,2023-09-27,5323
1312,國喬,10,0,10,高橋-內壢,2023-09-27,5323
00922,國泰台灣領袖50,10,0,10,高橋-內壢,2023-09-27,5323
2002,中鋼,13,3,10,高橋-內壢,2023-09-27,5323
2332,友訊,10,0,10,高橋-內壢,2023-09-27,5323
2392,正崴,10,0,10,高橋-內壢,2023-09-27,5323
2897,王道銀行,10,0,10,高橋-內壢,2023-09-27,5323
6117,迎廣,10,0,10,高橋-內壢,2023-09-27,5323
6188,廣明,10,0,10,高橋-內壢,2023-09-27,5323
8028,昇陽半導體,10,0,10,高橋-內壢,2023-09-27,5323
3056,富華新,10,0,10,高橋-內壢,2023-09-27,5323
00712,復華富時不動產,9,0,9,高橋-內壢,2023-09-27,5323
2891,中信金,9,0,9,高橋-內壢,2023-09-27,5323
00679B,元大美債20年,8,0,8,高橋-內壢,2023-09-27,5323
5302,太欣,8,0,8,高橋-內壢,2023-09-27,5323
4155,訊映,7,0,7,高橋-內壢,2023-09-27,5323
5469,瀚宇博,7,0,7,高橋-內壢,2023-09-27,5323
3037,欣興,6,0,6,高橋-內壢,2023-09-27,5323
2301,光寶科,7,1,6,高橋-內壢,2023-09-27,5323
3149,正達,6,0,6,高橋-內壢,2023-09-27,5323
6191,精成科,6,0,6,高橋-內壢,2023-09-27,5323
6547,高端疫苗,10,4,6,高橋-內壢,2023-09-27,5323
00923,群益台ESG低碳50,5,0,5,高橋-內壢,2023-09-27,5323
00931B,統一美債20年,5,0,5,高橋-內壢,2023-09-27,5323
00830,國泰費城半導體,5,0,5,高橋-內壢,2023-09-27,5323
1618,合機,7,2,5,高橋-內壢,2023-09-27,5323
2453,凌群,5,0,5,高橋-內壢,2023-09-27,5323
2816,旺旺保,5,0,5,高橋-內壢,2023-09-27,5323
4542,科嶠,5,0,5,高橋-內壢,2023-09-27,5323
5880,合庫金,5,0,5,高橋-內壢,2023-09-27,5323
6116,彩晶,5,0,5,高橋-內壢,2023-09-27,5323
1447,力鵬,4,0,4,高橋-內壢,2023-09-27,5323
00882,中信中國高股息,4,0,4,高橋-內壢,2023-09-27,5323
00852L,國泰美國道瓊正2,4,0,4,高橋-內壢,2023-09-27,5323
1301,台塑,4,0,4,高橋-內壢,2023-09-27,5323
2516,新建,5,1,4,高橋-內壢,2023-09-27,5323
2542,興富發,4,0,4,高橋-內壢,2023-09-27,5323
3231,緯創,30,26,4,高橋-內壢,2023-09-27,5323
1303,南亞,3,0,3,高橋-內壢,2023-09-27,5323
00919,群益台灣精選高息,6,3,3,高橋-內壢,2023-09-27,5323
00712,復華富時不動產,115,0,115,高橋-內壢,2023-09-28,5323
2884,玉山金,62,0,62,高橋-內壢,2023-09-28,5323
2838,聯邦銀,60,0,60,高橋-內壢,2023-09-28,5323
00929,復華台灣科技優息,89,43,46,高橋-內壢,2023-09-28,5323
2801,彰銀,44,0,44,高橋-內壢,2023-09-28,5323
2002,中鋼,34,0,34,高橋-內壢,2023-09-28,5323
00753L,中信中國50正2,30,0,30,高橋-內壢,2023-09-28,5323
00720B,元大投資級公司債,27,0,27,高橋-內壢,2023-09-28,5323
1524,耿鼎,23,1,22,高橋-內壢,2023-09-28,5323
00927,群益半導體收益,20,0,20,高橋-內壢,2023-09-28,5323
2618,長榮航,19,0,19,高橋-內壢,2023-09-28,5323
6285,啟��,18,0,18,高橋-內壢,2023-09-28,5323
6117,迎廣,29,11,18,高橋-內壢,2023-09-28,5323
2014,中鴻,15,0,15,高橋-內壢,2023-09-28,5323
3044,健鼎,16,1,15,高橋-內壢,2023-09-28,5323
2610,華航,23,10,13,高橋-內壢,2023-09-28,5323
2324,仁寶,11,0,11,高橋-內壢,2023-09-28,5323
2344,華邦電,11,1,10,高橋-內壢,2023-09-28,5323
1312,國喬,10,0,10,高橋-內壢,2023-09-28,5323
1504,東元,10,0,10,高橋-內壢,2023-09-28,5323
2369,菱生,9,0,9,高橋-內壢,2023-09-28,5323
00852L,國泰美國道瓊正2,8,0,8,高橋-內壢,2023-09-28,5323
2408,南亞科,18,10,8,高橋-內壢,2023-09-28,5323
3014,聯陽,8,0,8,高橋-內壢,2023-09-28,5323
4906,正文,8,0,8,高橋-內壢,2023-09-28,5323
2606,裕民,7,0,7,高橋-內壢,2023-09-28,5323
2317,鴻海,7,0,7,高橋-內壢,2023-09-28,5323
00892,富邦台灣半導體,6,0,6,高橋-內壢,2023-09-28,5323
2376,技嘉,8,2,6,高橋-內壢,2023-09-28,5323
2887,台新金,6,0,6,高橋-內壢,2023-09-28,5323
3583,辛耘,6,0,6,高橋-內壢,2023-09-28,5323
5880,合庫金,6,0,6,高橋-內壢,2023-09-28,5323
1449,佳和,5,0,5,高橋-內壢,2023-09-28,5323
2233,宇隆,5,0,5,高橋-內壢,2023-09-28,5323
2303,聯電,7,2,5,高橋-內壢,2023-09-28,5323
2454,聯發科,5,0,5,高橋-內壢,2023-09-28,5323
2493,揚博,5,0,5,高橋-內壢,2023-09-28,5323
3163,波若威,6,1,5,高橋-內壢,2023-09-28,5323
6125,廣運,5,0,5,高橋-內壢,2023-09-28,5323
6188,廣明,15,10,5,高橋-內壢,2023-09-28,5323
6547,高端疫苗,5,0,5,高橋-內壢,2023-09-28,5323
8050,廣積,5,0,5,高橋-內壢,2023-09-28,5323
8240,華宏,5,0,5,高橋-內壢,2023-09-28,5323
6116,彩晶,4,0,4,高橋-內壢,2023-09-28,5323
1326,台化,4,0,4,高橋-內壢,2023-09-28,5323
2402,毅嘉,8,4,4,高橋-內壢,2023-09-28,5323
3715,定穎投控,8,4,4,高橋-內壢,2023-09-28,5323
1521,大億,3,0,3,高橋-內壢,2023-09-28,5323
1301,台塑,3,0,3,高橋-內壢,2023-09-28,5323
2409,友達,5,2,3,高橋-內壢,2023-09-28,5323
00753L,中信中國50正2,50,0,50,高橋-內壢,2023-10-02,5323
2363,矽統,94,48,46,高橋-內壢,2023-10-02,5323
00852L,國泰美國道瓊正2,43,0,43,高橋-內壢,2023-10-02,5323
2888,新光金,35,0,35,高橋-內壢,2023-10-02,5323
2002,中鋼,31,0,31,高橋-內壢,2023-10-02,5323
2603,長榮,32,9,23,高橋-內壢,2023-10-02,5323
00919,群益台灣精選高息,51,30,21,高橋-內壢,2023-10-02,5323
1312,國喬,20,0,20,高橋-內壢,2023-10-02,5323
2618,長榮航,41,21,20,高橋-內壢,2023-10-02,5323
2380,虹光,17,0,17,高橋-內壢,2023-10-02,5323
00878,國泰永續高股息,33,18,15,高橋-內壢,2023-10-02,5323
5328,華容,16,1,15,高橋-內壢,2023-10-02,5323
3289,宜特,15,1,14,高橋-內壢,2023-10-02,5323
8255,朋程,13,0,13,高橋-內壢,2023-10-02,5323
00922,國泰台灣領袖50,12,0,12,高橋-內壢,2023-10-02,5323
2610,華航,13,1,12,高橋-內壢,2023-10-02,5323
1618,合機,11,0,11,高橋-內壢,2023-10-02,5323
00931B,統一美債20年,14,4,10,高橋-內壢,2023-10-02,5323
1605,華新,10,0,10,高橋-內壢,2023-10-02,5323
2402,毅嘉,20,10,10,高橋-內壢,2023-10-02,5323
3532,台勝科,10,0,10,高橋-內壢,2023-10-02,5323
6414,樺漢,10,0,10,高橋-內壢,2023-10-02,5323
8050,廣積,11,2,9,高橋-內壢,2023-10-02,5323
00720B,元大投資級公司債,8,0,8,高橋-內壢,2023-10-02,5323
9928,中視,8,0,8,高橋-內壢,2023-10-02,5323
2409,友達,10,3,7,高橋-內壢,2023-10-02,5323
2382,廣達,23,17,6,高橋-內壢,2023-10-02,5323
2324,仁寶,7,1,6,高橋-內壢,2023-10-02,5323
2367,燿華,31,25,6,高橋-內壢,2023-10-02,5323
2734,易飛網,6,0,6,高橋-內壢,2023-10-02,5323
3413,京鼎,6,0,6,高橋-內壢,2023-10-02,5323
8936,國統,6,0,6,高橋-內壢,2023-10-02,5323
2317,鴻海,12,7,5,高橋-內壢,2023-10-02,5323
2637,慧洋-KY,5,0,5,高橋-內壢,2023-10-02,5323
00722B,群益投資級電信債,5,0,5,高橋-內壢,2023-10-02,5323
00679B,元大美債20年,5,0,5,高橋-內壢,2023-10-02,5323
2027,大成鋼,5,0,5,高橋-內壢,2023-10-02,5323
2883,凱基金,5,0,5,高橋-內壢,2023-10-02,5323
3004,豐達科,5,0,5,高橋-內壢,2023-10-02,5323
3481,群創,15,10,5,高橋-內壢,2023-10-02,5323
6285,啟��,5,0,5,高橋-內壢,2023-10-02,5323
8240,華宏,5,0,5,高橋-內壢,2023-10-02,5323
6116,彩晶,6,1,5,高橋-內壢,2023-10-02,5323
1809,中釉,4,0,4,高橋-內壢,2023-10-02,5323
2344,華邦電,8,4,4,高橋-內壢,2023-10-02,5323
2436,偉詮電,4,0,4,高橋-內壢,2023-10-02,5323
1301,台塑,3,0,3,高橋-內壢,2023-10-02,5323
1319,東陽,7,4,3,高橋-內壢,2023-10-02,5323
00921,兆豐龍頭等權重,3,0,3,高橋-內壢,2023-10-02,5323
2340,台亞,3,0,3,高橋-內壢,2023-10-02,5323
00929,復華台灣科技優息,76,3,73,高橋-內壢,2023-10-03,5323
00712,復華富時不動產,67,0,67,高橋-內壢,2023-10-03,5323
00922,國泰台灣領袖50,61,0,61,高橋-內壢,2023-10-03,5323
3231,緯創,50,8,42,高橋-內壢,2023-10-03,5323
6117,迎廣,52,11,41,高橋-內壢,2023-10-03,5323
3481,群創,50,11,39,高橋-內壢,2023-10-03,5323
00722B,群益投資級電信債,32,0,32,高橋-內壢,2023-10-03,5323
00878,國泰永續高股息,33,5,28,高橋-內壢,2023-10-03,5323
8028,昇陽半導體,28,0,28,高橋-內壢,2023-10-03,5323
2883,凱基金,24,1,23,高橋-內壢,2023-10-03,5323
2888,新光金,21,0,21,高橋-內壢,2023-10-03,5323
00725B,國泰投資級公司債,20,0,20,高橋-內壢,2023-10-03,5323
00919,群益台灣精選高息,20,3,17,高橋-內壢,2023-10-03,5323
2402,毅嘉,16,0,16,高橋-內壢,2023-10-03,5323
0056,元大高股息,16,0,16,高橋-內壢,2023-10-03,5323
2002,中鋼,15,0,15,高橋-內壢,2023-10-03,5323
2734,易飛網,15,0,15,高橋-內壢,2023-10-03,5323
2356,英業達,17,2,15,高橋-內壢,2023-10-03,5323
2388,威盛,18,5,13,高橋-內壢,2023-10-03,5323
5328,華容,13,0,13,高橋-內壢,2023-10-03,5323
6547,高端疫苗,17,4,13,高橋-內壢,2023-10-03,5323
2303,聯電,14,2,12,高橋-內壢,2023-10-03,5323
00882,中信中國高股息,12,0,12,高橋-內壢,2023-10-03,5323
2885,元大金,11,1,10,高橋-內壢,2023-10-03,5323
2313,華通,12,2,10,高橋-內壢,2023-10-03,5323
2884,玉山金,10,0,10,高橋-內壢,2023-10-03,5323
00852L,國泰美國道瓊正2,9,0,9,高橋-內壢,2023-10-03,5323
6605,帝寶,10,1,9,高橋-內壢,2023-10-03,5323
1815,富喬,8,0,8,高橋-內壢,2023-10-03,5323
2353,宏��,10,2,8,高橋-內壢,2023-10-03,5323
2409,友達,12,4,8,高橋-內壢,2023-10-03,5323
2314,台揚,7,0,7,高橋-內壢,2023-10-03,5323
3325,旭品,11,4,7,高橋-內壢,2023-10-03,5323
00679B,元大美債20年,9,2,7,高橋-內壢,2023-10-03,5323
00631L,元大台灣50正2,6,0,6,高橋-內壢,2023-10-03,5323
2371,大同,6,0,6,高橋-內壢,2023-10-03,5323
2376,技嘉,6,0,6,高橋-內壢,2023-10-03,5323
6235,華孚,8,2,6,高橋-內壢,2023-10-03,5323
2603,長榮,14,9,5,高橋-內壢,2023-10-03,5323
00931B,統一美債20年,5,0,5,高橋-內壢,2023-10-03,5323
2882,國泰金,5,0,5,高橋-內壢,2023-10-03,5323
2915,潤泰全,5,0,5,高橋-內壢,2023-10-03,5323
3483,力致,5,0,5,高橋-內壢,2023-10-03,5323
6005,群益證,5,0,5,高橋-內壢,2023-10-03,5323
8050,廣積,5,0,5,高橋-內壢,2023-10-03,5323
00720B,元大投資級公司債,4,0,4,高橋-內壢,2023-10-03,5323
2352,佳世達,4,0,4,高橋-內壢,2023-10-03,5323
2601,益航,4,0,4,高橋-內壢,2023-10-03,5323
2615,萬海,4,0,4,高橋-內壢,2023-10-03,5323
2891,中信金,4,0,4,高橋-內壢,2023-10-03,5323
00712,復華富時不動產,85,0,85,高橋-內壢,2023-10-04,5323
2883,凱基金,68,0,68,高橋-內壢,2023-10-04,5323
00929,復華台灣科技優息,58,1,57,高橋-內壢,2023-10-04,5323
2891,中信金,56,0,56,高橋-內壢,2023-10-04,5323
3231,緯創,42,4,38,高橋-內壢,2023-10-04,5323
2303,聯電,32,8,24,高橋-內壢,2023-10-04,5323
1227,佳格,20,0,20,高橋-內壢,2023-10-04,5323
00878,國泰永續高股息,24,5,19,高橋-內壢,2023-10-04,5323
00922,國泰台灣領袖50,29,10,19,高橋-內壢,2023-10-04,5323
00931B,統一美債20年,16,0,16,高橋-內壢,2023-10-04,5323
9945,潤泰新,16,0,16,高橋-內壢,2023-10-04,5323
2352,佳世達,15,0,15,高橋-內壢,2023-10-04,5323
2367,燿華,16,1,15,高橋-內壢,2023-10-04,5323
6116,彩晶,15,0,15,高橋-內壢,2023-10-04,5323
2002,中鋼,15,1,14,高橋-內壢,2023-10-04,5323
2427,三商電,14,0,14,高橋-內壢,2023-10-04,5323
00679B,元大美債20年,15,1,14,高橋-內壢,2023-10-04,5323
3049,精金,13,0,13,高橋-內壢,2023-10-04,5323
3481,群創,16,3,13,高橋-內壢,2023-10-04,5323
2317,鴻海,13,1,12,高橋-內壢,2023-10-04,5323
0056,元大高股息,15,3,12,高橋-內壢,2023-10-04,5323
2201,裕隆,16,4,12,高橋-內壢,2023-10-04,5323
00919,群益台灣精選高息,13,1,12,高橋-內壢,2023-10-04,5323
2884,玉山金,12,0,12,高橋-內壢,2023-10-04,5323
5328,華容,12,0,12,高橋-內壢,2023-10-04,5323
8028,昇陽半導體,12,1,11,高橋-內壢,2023-10-04,5323
00720B,元大投資級公司債,11,0,11,高橋-內壢,2023-10-04,5323
3491,昇達科,11,0,11,高橋-內壢,2023-10-04,5323
6505,台塑化,11,0,11,高橋-內壢,2023-10-04,5323
00881,國泰台灣5G+,10,0,10,高橋-內壢,2023-10-04,5323
1815,富喬,10,0,10,高橋-內壢,2023-10-04,5323
2356,英業達,12,2,10,高橋-內壢,2023-10-04,5323
2606,裕民,10,0,10,高橋-內壢,2023-10-04,5323
5351,鈺創,10,0,10,高橋-內壢,2023-10-04,5323
6147,頎邦,10,0,10,高橋-內壢,2023-10-04,5323
00687B,國泰20年美債,10,1,9,高橋-內壢,2023-10-04,5323
1402,遠東新,9,0,9,高橋-內壢,2023-10-04,5323
2421,建準,9,1,8,高橋-內壢,2023-10-04,5323
2886,兆豐金,8,0,8,高橋-內壢,2023-10-04,5323
2890,永豐金,8,0,8,高橋-內壢,2023-10-04,5323
8069,元太,8,0,8,高橋-內壢,2023-10-04,5323
1216,統一,8,0,8,高橋-內壢,2023-10-04,5323
1101,台泥,7,0,7,高橋-內壢,2023-10-04,5323
1312,國喬,7,0,7,高橋-內壢,2023-10-04,5323
00722B,群益投資級電信債,7,0,7,高橋-內壢,2023-10-04,5323
2880,華南金,7,0,7,高橋-內壢,2023-10-04,5323
2885,元大金,7,0,7,高橋-內壢,2023-10-04,5323
2888,新光金,13,6,7,高橋-內壢,2023-10-04,5323
3105,穩懋,7,0,7,高橋-內壢,2023-10-04,5323
8478,東哥遊艇,10,3,7,高橋-內壢,2023-10-04,5323
00712,復華富時不動產,141,0,141,高橋-內壢,2023-10-05,5323
2002,中鋼,75,1,74,高橋-內壢,2023-10-05,5323
2610,華航,94,60,34,高橋-內壢,2023-10-05,5323
1815,富喬,27,1,26,高橋-內壢,2023-10-05,5323
00931B,統一美債20年,18,0,18,高橋-內壢,2023-10-05,5323
3122,笙泉,24,7,17,高橋-內壢,2023-10-05,5323
00882,中信中國高股息,19,2,17,高橋-內壢,2023-10-05,5323
00720B,元大投資級公司債,15,0,15,高橋-內壢,2023-10-05,5323
2883,凱基金,13,0,13,高橋-內壢,2023-10-05,5323
6235,華孚,14,1,13,高橋-內壢,2023-10-05,5323
2427,三商電,11,0,11,高橋-內壢,2023-10-05,5323
00679B,元大美債20年,11,0,11,高橋-內壢,2023-10-05,5323
00637L,元大滬深300正2,10,0,10,高橋-內壢,2023-10-05,5323
00795B,中信美國公債20年,10,0,10,高橋-內壢,2023-10-05,5323
00751B,元大AAA至A公司債,10,0,10,高橋-內壢,2023-10-05,5323
00905,FT臺灣Smart,10,0,10,高橋-內壢,2023-10-05,5323
2731,雄獅,10,0,10,高橋-內壢,2023-10-05,5323
2891,中信金,10,0,10,高橋-內壢,2023-10-05,5323
6120,達運,10,0,10,高橋-內壢,2023-10-05,5323
6418,詠昇,10,0,10,高橋-內壢,2023-10-05,5323
8401,白紗科,10,0,10,高橋-內壢,2023-10-05,5323
1101,台泥,9,0,9,高橋-內壢,2023-10-05,5323
3481,群創,11,2,9,高橋-內壢,2023-10-05,5323
2634,漢翔,11,2,9,高橋-內壢,2023-10-05,5323
5328,華容,9,0,9,高橋-內壢,2023-10-05,5323
6279,胡連,10,1,9,高橋-內壢,2023-10-05,5323
3363,上詮,13,5,8,高橋-內壢,2023-10-05,5323
3006,晶豪科,7,0,7,高橋-內壢,2023-10-05,5323
2313,華通,20,13,7,高橋-內壢,2023-10-05,5323
2344,華邦電,16,9,7,高橋-內壢,2023-10-05,5323
2417,圓剛,12,5,7,高橋-內壢,2023-10-05,5323
3413,京鼎,7,0,7,高橋-內壢,2023-10-05,5323
4743,合一,7,0,7,高橋-內壢,2023-10-05,5323
2301,光寶科,6,0,6,高橋-內壢,2023-10-05,5323
00922,國泰台灣領袖50,6,0,6,高橋-內壢,2023-10-05,5323
2359,所羅門,6,0,6,高橋-內壢,2023-10-05,5323
5291,邑昇,6,0,6,高橋-內壢,2023-10-05,5323
2014,中鴻,5,0,5,高橋-內壢,2023-10-05,5323
2380,虹光,5,0,5,高橋-內壢,2023-10-05,5323
2538,基泰,5,0,5,高橋-內壢,2023-10-05,5323
2881,富邦金,10,5,5,高橋-內壢,2023-10-05,5323
3032,偉訓,5,0,5,高橋-內壢,2023-10-05,5323
4128,中天,5,0,5,高橋-內壢,2023-10-05,5323
5880,合庫金,5,0,5,高橋-內壢,2023-10-05,5323
6451,訊芯-KY,6,1,5,高橋-內壢,2023-10-05,5323
6531,愛普*,5,0,5,高橋-內壢,2023-10-05,5323
2241,艾姆勒,4,0,4,高橋-內壢,2023-10-05,5323
2358,廷鑫,4,0,4,高橋-內壢,2023-10-05,5323
2419,仲琦,4,0,4,高橋-內壢,2023-10-05,5323
3078,僑威,7,3,4,高橋-內壢,2023-10-05,5323
00632R,元大台灣50反1,160,0,160,高橋-內壢,2023-10-06,5323
00712,復華富時不動產,104,0,104,高橋-內壢,2023-10-06,5323
2618,長榮航,86,0,86,高橋-內壢,2023-10-06,5323
00929,復華台灣科技優息,70,1,69,高橋-內壢,2023-10-06,5323
9105,泰金寶-DR,65,0,65,高橋-內壢,2023-10-06,5323
1815,富喬,34,0,34,高橋-內壢,2023-10-06,5323
2206,三陽工業,32,0,32,高橋-內壢,2023-10-06,5323
3231,緯創,45,15,30,高橋-內壢,2023-10-06,5323
00795B,中信美國公債20年,26,0,26,高橋-內壢,2023-10-06,5323
2603,長榮,31,5,26,高橋-內壢,2023-10-06,5323
00922,國泰台灣領袖50,24,0,24,高橋-內壢,2023-10-06,5323
6204,艾華,22,1,21,高橋-內壢,2023-10-06,5323
2313,華通,24,8,16,高橋-內壢,2023-10-06,5323
2388,威盛,17,1,16,高橋-內壢,2023-10-06,5323
2468,華經,19,5,14,高橋-內壢,2023-10-06,5323
3481,群創,15,2,13,高橋-內壢,2023-10-06,5323
00931B,統一美債20年,12,0,12,高橋-內壢,2023-10-06,5323
00753L,中信中國50正2,11,0,11,高橋-內壢,2023-10-06,5323
6770,力積電,11,0,11,高橋-內壢,2023-10-06,5323
00919,群益台灣精選高息,10,0,10,高橋-內壢,2023-10-06,5323
2885,元大金,10,0,10,高橋-內壢,2023-10-06,5323
00852L,國泰美國道瓊正2,9,0,9,高橋-內壢,2023-10-06,5323
2356,英業達,13,4,9,高橋-內壢,2023-10-06,5323
0056,元大高股息,11,3,8,高橋-內壢,2023-10-06,5323
1718,中纖,8,0,8,高橋-內壢,2023-10-06,5323
00888,永豐台灣ESG,7,0,7,高橋-內壢,2023-10-06,5323
2002,中鋼,8,1,7,高橋-內壢,2023-10-06,5323
2458,義隆,6,0,6,高橋-內壢,2023-10-06,5323
3033,威健,6,0,6,高橋-內壢,2023-10-06,5323
5328,華容,6,0,6,高橋-內壢,2023-10-06,5323
00725B,國泰投資級公司債,5,0,5,高橋-內壢,2023-10-06,5323
2328,廣宇,5,0,5,高橋-內壢,2023-10-06,5323
2419,仲琦,5,0,5,高橋-內壢,2023-10-06,5323
3363,上詮,6,1,5,高橋-內壢,2023-10-06,5323
3406,玉晶光,5,0,5,高橋-內壢,2023-10-06,5323
3630,新鉅科,6,1,5,高橋-內壢,2023-10-06,5323
6182,合晶,5,0,5,高橋-內壢,2023-10-06,5323
8926,台汽電,5,0,5,高橋-內壢,2023-10-06,5323
00679B,元大美債20年,4,0,4,高橋-內壢,2023-10-06,5323
2543,皇昌,4,0,4,高橋-內壢,2023-10-06,5323
6125,廣運,4,0,4,高橋-內壢,2023-10-06,5323
8076,伍豐,4,0,4,高橋-內壢,2023-10-06,5323
3037,欣興,3,0,3,高橋-內壢,2023-10-06,5323
6274,台燿,5,2,3,高橋-內壢,2023-10-06,5323
2015,豐興,3,0,3,高橋-內壢,2023-10-06,5323
2371,大同,4,1,3,高橋-內壢,2023-10-06,5323
2409,友達,3,0,3,高橋-內壢,2023-10-06,5323
2867,三商壽,3,0,3,高橋-內壢,2023-10-06,5323
3122,笙泉,5,2,3,高橋-內壢,2023-10-06,5323
3325,旭品,4,1,3,高橋-內壢,2023-10-06,5323
3049,精金,121,0,121,高橋-內壢,2023-10-11,5323
2206,三陽工業,56,0,56,高橋-內壢,2023-10-11,5323
6244,茂迪,60,5,55,高橋-內壢,2023-10-11,5323
3231,緯創,60,29,31,高橋-內壢,2023-10-11,5323
00919,群益台灣精選高息,24,0,24,高橋-內壢,2023-10-11,5323
2610,華航,39,16,23,高橋-內壢,2023-10-11,5323
8183,精星,22,0,22,高橋-內壢,2023-10-11,5323
1815,富喬,21,0,21,高橋-內壢,2023-10-11,5323
8930,青鋼,21,0,21,高橋-內壢,2023-10-11,5323
1618,合機,19,0,19,高橋-內壢,2023-10-11,5323
9105,泰金寶-DR,19,0,19,高橋-內壢,2023-10-11,5323
2356,英業達,51,33,18,高橋-內壢,2023-10-11,5323
6189,豐藝,20,3,17,高橋-內壢,2023-10-11,5323
00882,中信中國高股息,24,8,16,高橋-內壢,2023-10-11,5323
5475,德宏,15,0,15,高橋-內壢,2023-10-11,5323
00931B,統一美債20年,16,2,14,高橋-內壢,2023-10-11,5323
2332,友訊,13,0,13,高橋-內壢,2023-10-11,5323
2618,長榮航,30,19,11,高橋-內壢,2023-10-11,5323
6216,居易,11,0,11,高橋-內壢,2023-10-11,5323
00922,國泰台灣領袖50,21,11,10,高橋-內壢,2023-10-11,5323
00722B,群益投資級電信債,10,0,10,高橋-內壢,2023-10-11,5323
2241,艾姆勒,10,0,10,高橋-內壢,2023-10-11,5323
2458,義隆,10,0,10,高橋-內壢,2023-10-11,5323
2515,中工,10,0,10,高橋-內壢,2023-10-11,5323
2606,裕民,10,0,10,高橋-內壢,2023-10-11,5323
2603,長榮,45,35,10,高橋-內壢,2023-10-11,5323
1471,首利,9,0,9,高橋-內壢,2023-10-11,5323
1307,三芳,9,0,9,高橋-內壢,2023-10-11,5323
3706,神達,10,1,9,高橋-內壢,2023-10-11,5323
4934,太極,9,0,9,高橋-內壢,2023-10-11,5323
2609,陽明,8,0,8,高橋-內壢,2023-10-11,5323
0056,元大高股息,11,3,8,高橋-內壢,2023-10-11,5323
5328,華容,8,0,8,高橋-內壢,2023-10-11,5323
3276,宇環,10,2,8,高橋-內壢,2023-10-11,5323
3715,定穎投控,15,7,8,高橋-內壢,2023-10-11,5323
4906,正文,8,0,8,高橋-內壢,2023-10-11,5323
4961,天鈺,8,0,8,高橋-內壢,2023-10-11,5323
8222,寶一,10,2,8,高橋-內壢,2023-10-11,5323
00923,群益台ESG低碳50,10,3,7,高橋-內壢,2023-10-11,5323
00878,國泰永續高股息,8,1,7,高橋-內壢,2023-10-11,5323
1906,寶隆,7,0,7,高橋-內壢,2023-10-11,5323
3006,晶豪科,7,0,7,高橋-內壢,2023-10-11,5323
6120,達運,7,0,7,高橋-內壢,2023-10-11,5323
6150,撼訊,8,1,7,高橋-內壢,2023-10-11,5323
6418,詠昇,7,0,7,高橋-內壢,2023-10-11,5323
00852L,國泰美國道瓊正2,6,0,6,高橋-內壢,2023-10-11,5323
3338,泰碩,6,0,6,高橋-內壢,2023-10-11,5323
2314,台揚,5,0,5,高橋-內壢,2023-10-11,5323
2338,光罩,6,1,5,高橋-內壢,2023-10-11,5323
2472,立隆電,5,0,5,高橋-內壢,2023-10-11,5323
00632R,元大台灣50反1,81,0,81,高橋-內壢,2023-10-12,5323
00885,富邦越南,50,3,47,高橋-內壢,2023-10-12,5323
1783,和康生,25,0,25,高橋-內壢,2023-10-12,5323
00905,FT臺灣Smart,23,0,23,高橋-內壢,2023-10-12,5323
2610,華航,27,6,21,高橋-內壢,2023-10-12,5323
00852L,國泰美國道瓊正2,20,0,20,高橋-內壢,2023-10-12,5323
1301,台塑,20,3,17,高橋-內壢,2023-10-12,5323
3363,上詮,25,8,17,高橋-內壢,2023-10-12,5323
3032,偉訓,16,0,16,高橋-內壢,2023-10-12,5323
00919,群益台灣精選高息,12,0,12,高橋-內壢,2023-10-12,5323
00931B,統一美債20年,20,10,10,高橋-內壢,2023-10-12,5323
1906,寶隆,10,0,10,高橋-內壢,2023-10-12,5323
2615,萬海,10,0,10,高橋-內壢,2023-10-12,5323
3689,湧德,10,0,10,高橋-內壢,2023-10-12,5323
2354,鴻準,10,1,9,高橋-內壢,2023-10-12,5323
4533,協易機,10,1,9,高橋-內壢,2023-10-12,5323
1815,富喬,15,7,8,高橋-內壢,2023-10-12,5323
2356,英業達,18,11,7,高橋-內壢,2023-10-12,5323
3617,碩天,7,0,7,高橋-內壢,2023-10-12,5323
6235,華孚,9,2,7,高橋-內壢,2023-10-12,5323
2105,正新,6,0,6,高橋-內壢,2023-10-12,5323
1519,華城,8,3,5,高橋-內壢,2023-10-12,5323
8033,雷虎,5,0,5,高橋-內壢,2023-10-12,5323
2492,華新科,5,0,5,高橋-內壢,2023-10-12,5323
3014,聯陽,5,0,5,高橋-內壢,2023-10-12,5323
4906,正文,5,0,5,高橋-內壢,2023-10-12,5323
5234,達興材料,5,0,5,高橋-內壢,2023-10-12,5323
5347,世界,5,0,5,高橋-內壢,2023-10-12,5323
5443,均豪,5,0,5,高橋-內壢,2023-10-12,5323
00679B,元大美債20年,5,1,4,高橋-內壢,2023-10-12,5323
1514,亞力,4,0,4,高橋-內壢,2023-10-12,5323
2329,華泰,4,0,4,高橋-內壢,2023-10-12,5323
2351,順德,4,0,4,高橋-內壢,2023-10-12,5323
3715,定穎投控,13,9,4,高橋-內壢,2023-10-12,5323
6248,沛波,4,0,4,高橋-內壢,2023-10-12,5323
2352,佳世達,3,0,3,高橋-內壢,2023-10-12,5323
1522,堤維西,5,2,3,高橋-內壢,2023-10-12,5323
1471,首利,3,0,3,高橋-內壢,2023-10-12,5323
1795,美時,3,0,3,高橋-內壢,2023-10-12,5323
2881,富邦金,3,0,3,高橋-內壢,2023-10-12,5323
2883B,凱基金乙特,3,0,3,高橋-內壢,2023-10-12,5323
3149,正達,3,0,3,高橋-內壢,2023-10-12,5323
3236,千如,3,0,3,高橋-內壢,2023-10-12,5323
3325,旭品,3,0,3,高橋-內壢,2023-10-12,5323
4142,國光生,3,0,3,高橋-內壢,2023-10-12,5323
5426,振發,3,0,3,高橋-內壢,2023-10-12,5323
6218,豪勉,3,0,3,高橋-內壢,2023-10-12,5323
6651,全宇昕,3,0,3,高橋-內壢,2023-10-12,5323
8050,廣積,3,0,3,高橋-內壢,2023-10-12,5323
5381,合正,2,0,2,高橋-內壢,2023-10-12,5323
2834,臺企銀,167,0,167,高橋-內壢,2023-10-13,5323
2618,長榮航,161,4,157,高橋-內壢,2023-10-13,5323
00632R,元大台灣50反1,93,0,93,高橋-內壢,2023-10-13,5323
00878,國泰永續高股息,38,0,38,高橋-內壢,2023-10-13,5323
3231,緯創,41,6,35,高橋-內壢,2023-10-13,5323
00905,FT臺灣Smart,30,0,30,高橋-內壢,2023-10-13,5323
0056,元大高股息,27,0,27,高橋-內壢,2023-10-13,5323
3060,銘異,19,0,19,高橋-內壢,2023-10-13,5323
00882,中信中國高股息,17,0,17,高橋-內壢,2023-10-13,5323
00919,群益台灣精選高息,17,0,17,高橋-內壢,2023-10-13,5323
5347,世界,22,5,17,高橋-內壢,2023-10-13,5323
00922,國泰台灣領袖50,17,1,16,高橋-內壢,2023-10-13,5323
6282,康舒,20,4,16,高橋-內壢,2023-10-13,5323
2301,光寶科,16,1,15,高橋-內壢,2023-10-13,5323
3037,欣興,12,0,12,高橋-內壢,2023-10-13,5323
00852L,國泰美國道瓊正2,11,0,11,高橋-內壢,2023-10-13,5323
00915,凱基優選高股息30,11,0,11,高橋-內壢,2023-10-13,5323
6547,高端疫苗,11,0,11,高橋-內壢,2023-10-13,5323
2365,昆盈,10,0,10,高橋-內壢,2023-10-13,5323
3149,正達,10,0,10,高橋-內壢,2023-10-13,5323
5328,華容,9,0,9,高橋-內壢,2023-10-13,5323
00929,復華台灣科技優息,10,2,8,高橋-內壢,2023-10-13,5323
2344,華邦電,8,0,8,高橋-內壢,2023-10-13,5323
2609,陽明,11,3,8,高橋-內壢,2023-10-13,5323
6538,倉和,9,1,8,高橋-內壢,2023-10-13,5323
00918,大華優利高填息30,7,0,7,高橋-內壢,2023-10-13,5323
3374,精材,11,4,7,高橋-內壢,2023-10-13,5323
00687B,國泰20年美債,6,0,6,高橋-內壢,2023-10-13,5323
2881,富邦金,6,0,6,高橋-內壢,2023-10-13,5323
00679B,元大美債20年,6,0,6,高橋-內壢,2023-10-13,5323
2313,華通,6,0,6,高橋-內壢,2023-10-13,5323
2392,正崴,6,0,6,高橋-內壢,2023-10-13,5323
2472,立隆電,6,0,6,高橋-內壢,2023-10-13,5323
6223,旺矽,7,1,6,高橋-內壢,2023-10-13,5323
8261,富鼎,6,0,6,高橋-內壢,2023-10-13,5323
8478,東哥遊艇,8,2,6,高橋-內壢,2023-10-13,5323
00931B,統一美債20年,5,0,5,高橋-內壢,2023-10-13,5323
00751B,元大AAA至A公司債,5,0,5,高橋-內壢,2023-10-13,5323
00927,群益半導體收益,5,0,5,高橋-內壢,2023-10-13,5323
1612,宏泰,5,0,5,高橋-內壢,2023-10-13,5323
2329,華泰,5,0,5,高橋-內壢,2023-10-13,5323
2353,宏��,5,0,5,高橋-內壢,2023-10-13,5323
2390,云辰,6,1,5,高橋-內壢,2023-10-13,5323
2543,皇昌,5,0,5,高橋-內壢,2023-10-13,5323
2816,旺旺保,5,0,5,高橋-內壢,2023-10-13,5323
2886,兆豐金,5,0,5,高橋-內壢,2023-10-13,5323
6150,撼訊,5,0,5,高橋-內壢,2023-10-13,5323
6284,佳邦,9,4,5,高橋-內壢,2023-10-13,5323
2363,矽統,178,174,4,高橋-內壢,2023-10-13,5323
3617,碩天,4,0,4,高橋-內壢,2023-10-13,5323
2618,長榮航,156,10,146,高橋-內壢,2023-10-16,5323
00929,復華台灣科技優息,92,0,92,高橋-內壢,2023-10-16,5323
00922,國泰台灣領袖50,72,0,72,高橋-內壢,2023-10-16,5323
3049,精金,57,0,57,高橋-內壢,2023-10-16,5323
1909,榮成,56,0,56,高橋-內壢,2023-10-16,5323
00712,復華富時不動產,51,0,51,高橋-內壢,2023-10-16,5323
5302,太欣,48,0,48,高橋-內壢,2023-10-16,5323
1618,合機,48,2,46,高橋-內壢,2023-10-16,5323
6152,百一,40,0,40,高橋-內壢,2023-10-16,5323
2363,矽統,62,30,32,高橋-內壢,2023-10-16,5323
00878,國泰永續高股息,30,2,28,高橋-內壢,2023-10-16,5323
2344,華邦電,25,0,25,高橋-內壢,2023-10-16,5323
9955,佳龍,26,3,23,高橋-內壢,2023-10-16,5323
0056,元大高股息,21,1,20,高橋-內壢,2023-10-16,5323
2610,華航,29,11,18,高橋-內壢,2023-10-16,5323
5490,同亨,16,0,16,高橋-內壢,2023-10-16,5323
2834,臺企銀,15,0,15,高橋-內壢,2023-10-16,5323
3231,緯創,23,8,15,高橋-內壢,2023-10-16,5323
2601,益航,15,2,13,高橋-內壢,2023-10-16,5323
3481,群創,12,0,12,高橋-內壢,2023-10-16,5323
4167,松瑞藥,12,0,12,高橋-內壢,2023-10-16,5323
4743,合一,12,0,12,高橋-內壢,2023-10-16,5323
6285,啟��,12,0,12,高橋-內壢,2023-10-16,5323
1312,國喬,11,0,11,高橋-內壢,2023-10-16,5323
00852L,國泰美國道瓊正2,11,0,11,高橋-內壢,2023-10-16,5323
2421,建準,11,0,11,高橋-內壢,2023-10-16,5323
00713,元大台灣高息低波,11,0,11,高橋-內壢,2023-10-16,5323
2206,三陽工業,11,0,11,高橋-內壢,2023-10-16,5323
2020,美亞,10,0,10,高橋-內壢,2023-10-16,5323
2354,鴻準,10,0,10,高橋-內壢,2023-10-16,5323
2606,裕民,10,0,10,高橋-內壢,2023-10-16,5323
2630,亞航,10,0,10,高橋-內壢,2023-10-16,5323
3706,神達,13,3,10,高橋-內壢,2023-10-16,5323
5425,台半,10,0,10,高橋-內壢,2023-10-16,5323
2885,元大金,10,0,10,高橋-內壢,2023-10-16,5323
2515,中工,53,44,9,高橋-內壢,2023-10-16,5323
2891,中信金,10,1,9,高橋-內壢,2023-10-16,5323
6770,力積電,20,11,9,高橋-內壢,2023-10-16,5323
00919,群益台灣精選高息,8,0,8,高橋-內壢,2023-10-16,5323
4128,中天,15,7,8,高橋-內壢,2023-10-16,5323
8996,高力,7,0,7,高橋-內壢,2023-10-16,5323
2371,大同,11,4,7,高橋-內壢,2023-10-16,5323
1319,東陽,7,0,7,高橋-內壢,2023-10-16,5323
00902,中信電池及儲能,7,0,7,高橋-內壢,2023-10-16,5323
6158,禾昌,12,5,7,高橋-內壢,2023-10-16,5323
00888,永豐台灣ESG,8,2,6,高橋-內壢,2023-10-16,5323
1471,首利,11,5,6,高橋-內壢,2023-10-16,5323
4977,眾達-KY,6,0,6,高橋-內壢,2023-10-16,5323
6901,鑽石投資,7,1,6,高橋-內壢,2023-10-16,5323
5381,合正,8,3,5,高橋-內壢,2023-10-16,5323
1909,榮成,50,0,50,高橋-內壢,2023-10-17,5323
00878,國泰永續高股息,48,0,48,高橋-內壢,2023-10-17,5323
0056,元大高股息,35,0,35,高橋-內壢,2023-10-17,5323
3231,緯創,62,30,32,高橋-內壢,2023-10-17,5323
5490,同亨,30,0,30,高橋-內壢,2023-10-17,5323
00679B,元大美債20年,19,0,19,高橋-內壢,2023-10-17,5323
2610,華航,25,10,15,高橋-內壢,2023-10-17,5323
2834,臺企銀,14,0,14,高橋-內壢,2023-10-17,5323
2301,光寶科,14,1,13,高橋-內壢,2023-10-17,5323
3032,偉訓,12,0,12,高橋-內壢,2023-10-17,5323
1905,華紙,11,0,11,高橋-內壢,2023-10-17,5323
2201,裕隆,17,6,11,高橋-內壢,2023-10-17,5323
00680L,元大美債20正2,10,0,10,高橋-內壢,2023-10-17,5323
00720B,元大投資級公司債,10,0,10,高橋-內壢,2023-10-17,5323
1314,中石化,17,7,10,高橋-內壢,2023-10-17,5323
1815,富喬,10,0,10,高橋-內壢,2023-10-17,5323
2102,泰豐,10,0,10,高橋-內壢,2023-10-17,5323
2880,華南金,10,0,10,高橋-內壢,2023-10-17,5323
2885,元大金,10,0,10,高橋-內壢,2023-10-17,5323
3055,蔚華科,10,0,10,高橋-內壢,2023-10-17,5323
3481,群創,10,0,10,高橋-內壢,2023-10-17,5323
4543,萬在,10,0,10,高橋-內壢,2023-10-17,5323
00919,群益台灣精選高息,12,3,9,高橋-內壢,2023-10-17,5323
2425,承啟,10,1,9,高橋-內壢,2023-10-17,5323
3049,精金,9,0,9,高橋-內壢,2023-10-17,5323
3491,昇達科,9,0,9,高橋-內壢,2023-10-17,5323
9955,佳龍,9,0,9,高橋-內壢,2023-10-17,5323
2356,英業達,8,1,7,高橋-內壢,2023-10-17,5323
00722B,群益投資級電信債,7,0,7,高橋-內壢,2023-10-17,5323
2409,友達,7,0,7,高橋-內壢,2023-10-17,5323
2645,長榮航太,7,0,7,高橋-內壢,2023-10-17,5323
1301,台塑,6,0,6,高橋-內壢,2023-10-17,5323
8996,高力,7,1,6,高橋-內壢,2023-10-17,5323
00922,國泰台灣領袖50,6,0,6,高橋-內壢,2023-10-17,5323
2601,益航,6,0,6,高橋-內壢,2023-10-17,5323
3094,聯傑,7,1,6,高橋-內壢,2023-10-17,5323
4161,聿新科,6,0,6,高橋-內壢,2023-10-17,5323
6182,合晶,6,0,6,高橋-內壢,2023-10-17,5323
2634,漢翔,6,1,5,高橋-內壢,2023-10-17,5323
00772B,中信高評級公司債,6,1,5,高橋-內壢,2023-10-17,5323
2002,中鋼,5,0,5,高橋-內壢,2023-10-17,5323
2352,佳世達,7,2,5,高橋-內壢,2023-10-17,5323
2630,亞航,5,0,5,高橋-內壢,2023-10-17,5323
2641,正德,5,0,5,高橋-內壢,2023-10-17,5323
3227,原相,5,0,5,高橋-內壢,2023-10-17,5323
3234,光環,5,0,5,高橋-內壢,2023-10-17,5323
4162,智擎,5,0,5,高橋-內壢,2023-10-17,5323
5521,工信,12,7,5,高橋-內壢,2023-10-17,5323
6282,康舒,6,1,5,高橋-內壢,2023-10-17,5323
6605,帝寶,5,0,5,高橋-內壢,2023-10-17,5323
00929,復華台灣科技優息,218,9,209,高橋-內壢,2023-10-18,5323
00687B,國泰20年美債,106,0,106,高橋-內壢,2023-10-18,5323
0056,元大高股息,83,4,79,高橋-內壢,2023-10-18,5323
00878,國泰永續高股息,78,5,73,高橋-內壢,2023-10-18,5323
2401,凌陽,54,0,54,高橋-內壢,2023-10-18,5323
2388,威盛,43,3,40,高橋-內壢,2023-10-18,5323
00922,國泰台灣領袖50,39,0,39,高橋-內壢,2023-10-18,5323
00720B,元大投資級公司債,39,0,39,高橋-內壢,2023-10-18,5323
1815,富喬,38,0,38,高橋-內壢,2023-10-18,5323
2382,廣達,37,0,37,高橋-內壢,2023-10-18,5323
3049,精金,33,0,33,高橋-內壢,2023-10-18,5323
2369,菱生,32,1,31,高橋-內壢,2023-10-18,5323
00795B,中信美國公債20年,29,0,29,高橋-內壢,2023-10-18,5323
2201,裕隆,32,4,28,高橋-內壢,2023-10-18,5323
6152,百一,28,0,28,高橋-內壢,2023-10-18,5323
1524,耿鼎,21,0,21,高橋-內壢,2023-10-18,5323
2891,中信金,20,0,20,高橋-內壢,2023-10-18,5323
8111,立��,20,0,20,高橋-內壢,2023-10-18,5323
8401,白紗科,20,0,20,高橋-內壢,2023-10-18,5323
2449,京元電子,19,0,19,高橋-內壢,2023-10-18,5323
1101,台泥,18,0,18,高橋-內壢,2023-10-18,5323
6770,力積電,18,0,18,高橋-內壢,2023-10-18,5323
2608,嘉里大榮,17,0,17,高橋-內壢,2023-10-18,5323
8996,高力,17,0,17,高橋-內壢,2023-10-18,5323
00679B,元大美債20年,15,0,15,高橋-內壢,2023-10-18,5323
2313,華通,15,0,15,高橋-內壢,2023-10-18,5323
2363,矽統,19,5,14,高橋-內壢,2023-10-18,5323
00919,群益台灣精選高息,14,2,12,高橋-內壢,2023-10-18,5323
1802,台玻,13,1,12,高橋-內壢,2023-10-18,5323
1314,中石化,32,21,11,高橋-內壢,2023-10-18,5323
5490,同亨,11,0,11,高橋-內壢,2023-10-18,5323
8088,品安,11,0,11,高橋-內壢,2023-10-18,5323
9105,泰金寶-DR,11,0,11,高橋-內壢,2023-10-18,5323
1309,台達化,11,0,11,高橋-內壢,2023-10-18,5323
5351,鈺創,10,0,10,高橋-內壢,2023-10-18,5323
00881,國泰台灣5G+,10,0,10,高橋-內壢,2023-10-18,5323
2332,友訊,10,0,10,高橋-內壢,2023-10-18,5323
2354,鴻準,10,0,10,高橋-內壢,2023-10-18,5323
2888,新光金,10,0,10,高橋-內壢,2023-10-18,5323
6443,元晶,10,0,10,高橋-內壢,2023-10-18,5323
2301,光寶科,9,0,9,高橋-內壢,2023-10-18,5323
2344,華邦電,11,2,9,高橋-內壢,2023-10-18,5323
3701,大眾控,10,1,9,高橋-內壢,2023-10-18,5323
2002,中鋼,8,0,8,高橋-內壢,2023-10-18,5323
3013,晟銘電,8,0,8,高橋-內壢,2023-10-18,5323
4934,太極,8,0,8,高橋-內壢,2023-10-18,5323
00888,永豐台灣ESG,7,0,7,高橋-內壢,2023-10-18,5323
2601,益航,7,0,7,高橋-內壢,2023-10-18,5323
3017,奇鋐,7,0,7,高橋-內壢,2023-10-18,5323
3481,群創,8,1,7,高橋-內壢,2023-10-18,5323
6244,茂迪,205,2,203,高橋-內壢,2023-10-19,5323
2834,臺企銀,148,0,148,高橋-內壢,2023-10-19,5323
00922,國泰台灣領袖50,114,0,114,高橋-內壢,2023-10-19,5323
2812,台中銀,99,0,99,高橋-內壢,2023-10-19,5323
0056,元大高股息,76,4,72,高橋-內壢,2023-10-19,5323
00679B,元大美債20年,57,0,57,高橋-內壢,2023-10-19,5323
00852L,國泰美國道瓊正2,45,0,45,高橋-內壢,2023-10-19,5323
00933B,國泰10Y+金融債,44,0,44,高橋-內壢,2023-10-19,5323
2845,遠東銀,40,0,40,高橋-內壢,2023-10-19,5323
3049,精金,40,0,40,高橋-內壢,2023-10-19,5323
2369,菱生,30,1,29,高橋-內壢,2023-10-19,5323
00712,復華富時不動產,25,1,24,高橋-內壢,2023-10-19,5323
2886,兆豐金,21,0,21,高橋-內壢,2023-10-19,5323
00720B,元大投資級公司債,18,0,18,高橋-內壢,2023-10-19,5323
00929,復華台灣科技優息,21,4,17,高橋-內壢,2023-10-19,5323
1101,台泥,18,1,17,高橋-內壢,2023-10-19,5323
2610,華航,17,0,17,高橋-內壢,2023-10-19,5323
00795B,中信美國公債20年,15,0,15,高橋-內壢,2023-10-19,5323
00893,國泰智能電動車,13,0,13,高橋-內壢,2023-10-19,5323
00878,國泰永續高股息,54,41,13,高橋-內壢,2023-10-19,5323
2883,凱基金,12,0,12,高橋-內壢,2023-10-19,5323
2885,元大金,12,0,12,高橋-內壢,2023-10-19,5323
4128,中天,16,4,12,高橋-內壢,2023-10-19,5323
2354,鴻準,11,0,11,高橋-內壢,2023-10-19,5323
2392,正崴,11,0,11,高橋-內壢,2023-10-19,5323
2891,中信金,11,0,11,高橋-內壢,2023-10-19,5323
1227,佳格,10,0,10,高橋-內壢,2023-10-19,5323
00680L,元大美債20正2,10,0,10,高橋-內壢,2023-10-19,5323
00891,中信關鍵半導體,10,0,10,高橋-內壢,2023-10-19,5323
2608,嘉里大榮,10,0,10,高橋-內壢,2023-10-19,5323
2002,中鋼,9,1,8,高橋-內壢,2023-10-19,5323
9103,美德醫療-DR,8,0,8,高橋-內壢,2023-10-19,5323
3231,緯創,23,15,8,高橋-內壢,2023-10-19,5323
6282,康舒,7,0,7,高橋-內壢,2023-10-19,5323
3592,瑞鼎,7,0,7,高橋-內壢,2023-10-19,5323
3481,群創,6,0,6,高橋-內壢,2023-10-19,5323
5880,合庫金,6,0,6,高橋-內壢,2023-10-19,5323
5381,合正,6,0,6,高橋-內壢,2023-10-19,5323
2014,中鴻,6,0,6,高橋-內壢,2023-10-19,5323
3041,揚智,20,14,6,高橋-內壢,2023-10-19,5323
3491,昇達科,6,0,6,高橋-內壢,2023-10-19,5323
4743,合一,6,0,6,高橋-內壢,2023-10-19,5323
9945,潤泰新,5,0,5,高橋-內壢,2023-10-19,5323
00915,凱基優選高股息30,6,1,5,高橋-內壢,2023-10-19,5323
00882,中信中國高股息,5,0,5,高橋-內壢,2023-10-19,5323
2108,南帝,5,0,5,高橋-內壢,2023-10-19,5323
2356,英業達,15,10,5,高橋-內壢,2023-10-19,5323
2402,毅嘉,5,0,5,高橋-內壢,2023-10-19,5323
2601,益航,5,0,5,高橋-內壢,2023-10-19,5323
3071,協禧,5,0,5,高橋-內壢,2023-10-19,5323
00712,復華富時不動產,148,0,148,高橋-內壢,2023-10-20,5323
00929,復華台灣科技優息,51,1,50,高橋-內壢,2023-10-20,5323
6244,茂迪,50,1,49,高橋-內壢,2023-10-20,5323
00878,國泰永續高股息,44,12,32,高橋-內壢,2023-10-20,5323
3049,精金,30,0,30,高橋-內壢,2023-10-20,5323
2888,新光金,27,0,27,高橋-內壢,2023-10-20,5323
9955,佳龍,32,6,26,高橋-內壢,2023-10-20,5323
2002,中鋼,23,0,23,高橋-內壢,2023-10-20,5323
00881,國泰台灣5G+,20,0,20,高橋-內壢,2023-10-20,5323
2380,虹光,19,0,19,高橋-內壢,2023-10-20,5323
2363,矽統,25,7,18,高橋-內壢,2023-10-20,5323
2354,鴻準,18,0,18,高橋-內壢,2023-10-20,5323
2885,元大金,18,0,18,高橋-內壢,2023-10-20,5323
00687B,國泰20年美債,17,0,17,高橋-內壢,2023-10-20,5323
1312,國喬,17,0,17,高橋-內壢,2023-10-20,5323
2610,華航,18,2,16,高橋-內壢,2023-10-20,5323
8401,白紗科,16,0,16,高橋-內壢,2023-10-20,5323
2883,凱基金,14,1,13,高橋-內壢,2023-10-20,5323
1101,台泥,12,0,12,高橋-內壢,2023-10-20,5323
1522,堤維西,11,0,11,高橋-內壢,2023-10-20,5323
2891,中信金,11,0,11,高橋-內壢,2023-10-20,5323
3051,力特,12,1,11,高橋-內壢,2023-10-20,5323
1339,昭輝,10,0,10,高橋-內壢,2023-10-20,5323
2332,友訊,10,0,10,高橋-內壢,2023-10-20,5323
4919,新唐,12,2,10,高橋-內壢,2023-10-20,5323
5512,力麒,10,0,10,高橋-內壢,2023-10-20,5323
6187,萬潤,12,2,10,高橋-內壢,2023-10-20,5323
6770,力積電,10,0,10,高橋-內壢,2023-10-20,5323
1524,耿鼎,10,1,9,高橋-內壢,2023-10-20,5323
2882,國泰金,10,1,9,高橋-內壢,2023-10-20,5323
2344,華邦電,8,0,8,高橋-內壢,2023-10-20,5323
2887,台新金,8,0,8,高橋-內壢,2023-10-20,5323
1324,地球,7,0,7,高橋-內壢,2023-10-20,5323
6243,迅杰,21,14,7,高橋-內壢,2023-10-20,5323
6284,佳邦,7,0,7,高橋-內壢,2023-10-20,5323
6530,創威,7,0,7,高橋-內壢,2023-10-20,5323
00902,中信電池及儲能,6,0,6,高橋-內壢,2023-10-20,5323
0056,元大高股息,26,20,6,高橋-內壢,2023-10-20,5323
2324,仁寶,6,0,6,高橋-內壢,2023-10-20,5323
2392,正崴,6,0,6,高橋-內壢,2023-10-20,5323
2412,中華電,6,0,6,高橋-內壢,2023-10-20,5323
3706,神達,7,1,6,高橋-內壢,2023-10-20,5323
6168,宏齊,9,3,6,高橋-內壢,2023-10-20,5323
5871,中租-KY,5,0,5,高橋-內壢,2023-10-20,5323
00722B,群益投資級電信債,5,0,5,高橋-內壢,2023-10-20,5323
1802,台玻,6,1,5,高橋-內壢,2023-10-20,5323
2367,燿華,5,0,5,高橋-內壢,2023-10-20,5323
2611,志信,5,0,5,高橋-內壢,2023-10-20,5323
2889,國票金,5,0,5,高橋-內壢,2023-10-20,5323
3062,建漢,5,0,5,高橋-內壢,2023-10-20,5323
00712,復華富時不動產,67,0,67,高橋-內壢,2023-10-23,5323
00679B,元大美債20年,53,0,53,高橋-內壢,2023-10-23,5323
2002,中鋼,35,0,35,高橋-內壢,2023-10-23,5323
0056,元大高股息,33,0,33,高橋-內壢,2023-10-23,5323
3481,群創,61,30,31,高橋-內壢,2023-10-23,5323
2317,鴻海,36,7,29,高橋-內壢,2023-10-23,5323
00929,復華台灣科技優息,45,17,28,高橋-內壢,2023-10-23,5323
00919,群益台灣精選高息,22,0,22,高橋-內壢,2023-10-23,5323
00751B,元大AAA至A公司債,20,0,20,高橋-內壢,2023-10-23,5323
1909,榮成,20,0,20,高橋-內壢,2023-10-23,5323
2402,毅嘉,12,1,11,高橋-內壢,2023-10-23,5323
6187,萬潤,12,1,11,高橋-內壢,2023-10-23,5323
1219,福壽,10,0,10,高橋-內壢,2023-10-23,5323
1609,大亞,10,0,10,高橋-內壢,2023-10-23,5323
2365,昆盈,11,1,10,高橋-內壢,2023-10-23,5323
5490,同亨,10,0,10,高橋-內壢,2023-10-23,5323
00933B,國泰10Y+金融債,9,0,9,高橋-內壢,2023-10-23,5323
3041,揚智,14,5,9,高橋-內壢,2023-10-23,5323
3583,辛耘,9,0,9,高橋-內壢,2023-10-23,5323
2886,兆豐金,9,0,9,高橋-內壢,2023-10-23,5323
6282,康舒,8,0,8,高橋-內壢,2023-10-23,5323
2356,英業達,7,0,7,高橋-內壢,2023-10-23,5323
00852L,國泰美國道瓊正2,7,0,7,高橋-內壢,2023-10-23,5323
2882,國泰金,9,2,7,高橋-內壢,2023-10-23,5323
00720B,元大投資級公司債,6,0,6,高橋-內壢,2023-10-23,5323
2409,友達,7,1,6,高橋-內壢,2023-10-23,5323
6235,華孚,17,11,6,高橋-內壢,2023-10-23,5323
2408,南亞科,5,0,5,高橋-內壢,2023-10-23,5323
2610,華航,13,8,5,高橋-內壢,2023-10-23,5323
2634,漢翔,5,0,5,高橋-內壢,2023-10-23,5323
2834,臺企銀,5,0,5,高橋-內壢,2023-10-23,5323
2883,凱基金,5,0,5,高橋-內壢,2023-10-23,5323
2885,元大金,5,0,5,高橋-內壢,2023-10-23,5323
3287,廣寰科,5,0,5,高橋-內壢,2023-10-23,5323
3413,京鼎,5,0,5,高橋-內壢,2023-10-23,5323
3498,陽程,5,0,5,高橋-內壢,2023-10-23,5323
3715,定穎投控,8,3,5,高橋-內壢,2023-10-23,5323
4958,臻鼎-KY,4,0,4,高橋-內壢,2023-10-23,5323
00930,永豐ESG低碳高息,4,0,4,高橋-內壢,2023-10-23,5323
2201,裕隆,6,2,4,高橋-內壢,2023-10-23,5323
3704,合勤控,4,0,4,高橋-內壢,2023-10-23,5323
6274,台燿,4,0,4,高橋-內壢,2023-10-23,5323
6443,元晶,5,1,4,高橋-內壢,2023-10-23,5323
6770,力積電,4,0,4,高橋-內壢,2023-10-23,5323
00687B,國泰20年美債,3,0,3,高橋-內壢,2023-10-23,5323
1216,統一,3,0,3,高橋-內壢,2023-10-23,5323
00922,國泰台灣領袖50,3,0,3,高橋-內壢,2023-10-23,5323
1301,台塑,3,0,3,高橋-內壢,2023-10-23,5323
1101,台泥,3,0,3,高橋-內壢,2023-10-23,5323
00772B,中信高評級公司債,3,0,3,高橋-內壢,2023-10-23,5323
00632R,元大台灣50反1,160,6,154,高橋-內壢,2023-10-24,5323
2883,凱基金,108,0,108,高橋-內壢,2023-10-24,5323
2103,台橡,100,5,95,高橋-內壢,2023-10-24,5323
00712,復華富時不動產,70,5,65,高橋-內壢,2023-10-24,5323
00929,復華台灣科技優息,64,1,63,高橋-內壢,2023-10-24,5323
2317,鴻海,67,5,62,高橋-內壢,2023-10-24,5323
1304,台聚,33,0,33,高橋-內壢,2023-10-24,5323
2367,燿華,35,12,23,高橋-內壢,2023-10-24,5323
2834,臺企銀,23,0,23,高橋-內壢,2023-10-24,5323
00720B,元大投資級公司債,18,1,17,高橋-內壢,2023-10-24,5323
2002,中鋼,16,0,16,高橋-內壢,2023-10-24,5323
2408,南亞科,16,1,15,高橋-內壢,2023-10-24,5323
3041,揚智,70,57,13,高橋-內壢,2023-10-24,5323
4977,眾達-KY,13,0,13,高橋-內壢,2023-10-24,5323
3169,亞信,12,0,12,高橋-內壢,2023-10-24,5323
1503,士電,15,5,10,高橋-內壢,2023-10-24,5323
00902,中信電池及儲能,10,0,10,高橋-內壢,2023-10-24,5323
00881,國泰台灣5G+,10,0,10,高橋-內壢,2023-10-24,5323
00675L,富邦臺灣加權正2,10,0,10,高橋-內壢,2023-10-24,5323
3265,台星科,11,1,10,高橋-內壢,2023-10-24,5323
3515,華擎,10,0,10,高橋-內壢,2023-10-24,5323
6120,達運,10,0,10,高橋-內壢,2023-10-24,5323
1101,台泥,9,0,9,高橋-內壢,2023-10-24,5323
00922,國泰台灣領袖50,9,0,9,高橋-內壢,2023-10-24,5323
6284,佳邦,9,0,9,高橋-內壢,2023-10-24,5323
00852L,國泰美國道瓊正2,8,0,8,高橋-內壢,2023-10-24,5323
3413,京鼎,8,0,8,高橋-內壢,2023-10-24,5323
2888,新光金,10,3,7,高橋-內壢,2023-10-24,5323
6244,茂迪,112,105,7,高橋-內壢,2023-10-24,5323
00878,國泰永續高股息,7,0,7,高橋-內壢,2023-10-24,5323
1301,台塑,10,4,6,高橋-內壢,2023-10-24,5323
2303,聯電,43,37,6,高橋-內壢,2023-10-24,5323
3308,聯德,7,1,6,高橋-內壢,2023-10-24,5323
5880,合庫金,5,0,5,高橋-內壢,2023-10-24,5323
3481,群創,5,0,5,高橋-內壢,2023-10-24,5323
1565,精華,5,0,5,高橋-內壢,2023-10-24,5323
1525,江申,5,0,5,高橋-內壢,2023-10-24,5323
00921,兆豐龍頭等權重,5,0,5,高橋-內壢,2023-10-24,5323
2228,劍麟,5,0,5,高橋-內壢,2023-10-24,5323
2816,旺旺保,5,0,5,高橋-內壢,2023-10-24,5323
3122,笙泉,6,1,5,高橋-內壢,2023-10-24,5323
3685,元創精密,5,0,5,高橋-內壢,2023-10-24,5323
6643,M31,5,0,5,高橋-內壢,2023-10-24,5323
8054,安國,5,0,5,高橋-內壢,2023-10-24,5323
8155,博智,5,0,5,高橋-內壢,2023-10-24,5323
2801,彰銀,5,0,5,高橋-內壢,2023-10-24,5323
2882,國泰金,6,1,5,高橋-內壢,2023-10-24,5323
1303,南亞,4,0,4,高橋-內壢,2023-10-24,5323
1522,堤維西,4,0,4,高橋-內壢,2023-10-24,5323
00930,永豐ESG低碳高息,4,0,4,高橋-內壢,2023-10-24,5323
6244,茂迪,166,5,161,高橋-內壢,2023-10-25,5323
00687B,國泰20年美債,60,1,59,高橋-內壢,2023-10-25,5323
2891,中信金,50,3,47,高橋-內壢,2023-10-25,5323
2883,凱基金,32,0,32,高橋-內壢,2023-10-25,5323
1517,利奇,29,0,29,高橋-內壢,2023-10-25,5323
3432,台端,27,0,27,高橋-內壢,2023-10-25,5323
1524,耿鼎,41,17,24,高橋-內壢,2023-10-25,5323
9105,泰金寶-DR,26,4,22,高橋-內壢,2023-10-25,5323
2014,中鴻,21,0,21,高橋-內壢,2023-10-25,5323
00712,復華富時不動產,19,0,19,高橋-內壢,2023-10-25,5323
2382,廣達,31,14,17,高橋-內壢,2023-10-25,5323
00922,國泰台灣領袖50,16,0,16,高橋-內壢,2023-10-25,5323
1905,華紙,15,1,14,高橋-內壢,2023-10-25,5323
2401,凌陽,15,2,13,高橋-內壢,2023-10-25,5323
6274,台燿,12,0,12,高橋-內壢,2023-10-25,5323
2492,華新科,11,0,11,高橋-內壢,2023-10-25,5323
2838,聯邦銀,11,0,11,高橋-內壢,2023-10-25,5323
00688L,國泰20年美債正2,10,0,10,高橋-內壢,2023-10-25,5323
2301,光寶科,11,1,10,高橋-內壢,2023-10-25,5323
2885,元大金,10,0,10,高橋-內壢,2023-10-25,5323
3032,偉訓,13,3,10,高橋-內壢,2023-10-25,5323
4915,致伸,10,0,10,高橋-內壢,2023-10-25,5323
6282,康舒,10,0,10,高橋-內壢,2023-10-25,5323
6418,詠昇,10,0,10,高橋-內壢,2023-10-25,5323
2367,燿華,9,0,9,高橋-內壢,2023-10-25,5323
2610,華航,9,0,9,高橋-內壢,2023-10-25,5323
6117,迎廣,10,1,9,高橋-內壢,2023-10-25,5323
8155,博智,8,0,8,高橋-內壢,2023-10-25,5323
2337,旺宏,7,0,7,高橋-內壢,2023-10-25,5323
00878,國泰永續高股息,8,1,7,高橋-內壢,2023-10-25,5323
1402,遠東新,7,0,7,高橋-內壢,2023-10-25,5323
2609,陽明,6,0,6,高橋-內壢,2023-10-25,5323
6187,萬潤,6,0,6,高橋-內壢,2023-10-25,5323
2305,全友,5,0,5,高橋-內壢,2023-10-25,5323
2405,輔信,11,6,5,高橋-內壢,2023-10-25,5323
2618,長榮航,5,0,5,高橋-內壢,2023-10-25,5323
3576,聯合再生,5,0,5,高橋-內壢,2023-10-25,5323
3587,閎康,5,0,5,高橋-內壢,2023-10-25,5323
4128,中天,6,1,5,高橋-內壢,2023-10-25,5323
4743,合一,5,0,5,高橋-內壢,2023-10-25,5323
8996,高力,5,0,5,高橋-內壢,2023-10-25,5323
2020,美亞,4,0,4,高橋-內壢,2023-10-25,5323
2363,矽統,10,6,4,高橋-內壢,2023-10-25,5323
2612,中航,4,0,4,高橋-內壢,2023-10-25,5323
3189,景碩,4,0,4,高橋-內壢,2023-10-25,5323
4979,華星光,4,0,4,高橋-內壢,2023-10-25,5323
5258,虹堡,7,3,4,高橋-內壢,2023-10-25,5323
6290,良維,5,1,4,高橋-內壢,2023-10-25,5323
2834,臺企銀,8,5,3,高橋-內壢,2023-10-25,5323
1618,合機,5,2,3,高橋-內壢,2023-10-25,5323
00892,富邦台灣半導體,88,0,88,高橋-內壢,2023-10-26,5323
00888,永豐台灣ESG,68,0,68,高橋-內壢,2023-10-26,5323
00929,復華台灣科技優息,77,14,63,高橋-內壢,2023-10-26,5323
00878,國泰永續高股息,80,18,62,高橋-內壢,2023-10-26,5323
00687B,國泰20年美債,62,0,62,高橋-內壢,2023-10-26,5323
2834,臺企銀,44,0,44,高橋-內壢,2023-10-26,5323
2303,聯電,40,3,37,高橋-內壢,2023-10-26,5323
0056,元大高股息,44,8,36,高橋-內壢,2023-10-26,5323
2883,凱基金,33,0,33,高橋-內壢,2023-10-26,5323
2344,華邦電,31,0,31,高橋-內壢,2023-10-26,5323
2891,中信金,30,0,30,高橋-內壢,2023-10-26,5323
00918,大華優利高填息30,21,0,21,高橋-內壢,2023-10-26,5323
00751B,元大AAA至A公司債,20,0,20,高橋-內壢,2023-10-26,5323
2332,友訊,20,0,20,高橋-內壢,2023-10-26,5323
3374,精材,20,0,20,高橋-內壢,2023-10-26,5323
2816,旺旺保,19,0,19,高橋-內壢,2023-10-26,5323
0050,元大台灣50,19,0,19,高橋-內壢,2023-10-26,5323
6684,安格,18,1,17,高橋-內壢,2023-10-26,5323
00830,國泰費城半導體,13,0,13,高橋-內壢,2023-10-26,5323
00930,永豐ESG低碳高息,13,0,13,高橋-內壢,2023-10-26,5323
2888,新光金,13,0,13,高橋-內壢,2023-10-26,5323
5880,合庫金,12,0,12,高橋-內壢,2023-10-26,5323
2401,凌陽,14,3,11,高橋-內壢,2023-10-26,5323
00933B,國泰10Y+金融債,10,0,10,高橋-內壢,2023-10-26,5323
1312,國喬,10,0,10,高橋-內壢,2023-10-26,5323
1517,利奇,10,0,10,高橋-內壢,2023-10-26,5323
2002,中鋼,10,0,10,高橋-內壢,2023-10-26,5323
2354,鴻準,10,0,10,高橋-內壢,2023-10-26,5323
2363,矽統,11,1,10,高橋-內壢,2023-10-26,5323
2608,嘉里大榮,10,0,10,高橋-內壢,2023-10-26,5323
00919,群益台灣精選高息,15,6,9,高橋-內壢,2023-10-26,5323
2201,裕隆,9,0,9,高橋-內壢,2023-10-26,5323
2330,台積電,13,4,9,高橋-內壢,2023-10-26,5323
2337,旺宏,8,0,8,高橋-內壢,2023-10-26,5323
2382,廣達,11,3,8,高橋-內壢,2023-10-26,5323
00852L,國泰美國道瓊正2,8,0,8,高橋-內壢,2023-10-26,5323
6274,台燿,7,0,7,高橋-內壢,2023-10-26,5323
00720B,元大投資級公司債,6,0,6,高橋-內壢,2023-10-26,5323
1301,台塑,6,0,6,高橋-內壢,2023-10-26,5323
1721,三晃,6,0,6,高橋-內壢,2023-10-26,5323
2408,南亞科,6,0,6,高橋-內壢,2023-10-26,5323
2601,益航,6,0,6,高橋-內壢,2023-10-26,5323
3481,群創,7,1,6,高橋-內壢,2023-10-26,5323
1409,新纖,5,0,5,高橋-內壢,2023-10-26,5323
00931B,統一美債20年,5,0,5,高橋-內壢,2023-10-26,5323
00881,國泰台灣5G+,5,0,5,高橋-內壢,2023-10-26,5323
00927,群益半導體收益,5,0,5,高橋-內壢,2023-10-26,5323
00923,群益台ESG低碳50,5,0,5,高橋-內壢,2023-10-26,5323
00922,國泰台灣領袖50,6,1,5,高橋-內壢,2023-10-26,5323
1522,堤維西,5,0,5,高橋-內壢,2023-10-26,5323
2834,臺企銀,142,2,140,高橋-內壢,2023-10-27,5323
00929,復華台灣科技優息,76,0,76,高橋-內壢,2023-10-27,5323
3049,精金,39,0,39,高橋-內壢,2023-10-27,5323
0056,元大高股息,48,13,35,高橋-內壢,2023-10-27,5323
2409,友達,21,0,21,高橋-內壢,2023-10-27,5323
3059,華晶科,20,0,20,高橋-內壢,2023-10-27,5323
0050,元大台灣50,21,1,20,高橋-內壢,2023-10-27,5323
00712,復華富時不動產,22,3,19,高橋-內壢,2023-10-27,5323
6138,茂達,17,0,17,高橋-內壢,2023-10-27,5323
2303,聯電,28,13,15,高橋-內壢,2023-10-27,5323
2883,凱基金,15,0,15,高橋-內壢,2023-10-27,5323
2408,南亞科,14,0,14,高橋-內壢,2023-10-27,5323
00922,國泰台灣領袖50,13,1,12,高橋-內壢,2023-10-27,5323
1301,台塑,12,0,12,高橋-內壢,2023-10-27,5323
2363,矽統,15,3,12,高橋-內壢,2023-10-27,5323
8261,富鼎,11,0,11,高橋-內壢,2023-10-27,5323
3231,緯創,40,29,11,高橋-內壢,2023-10-27,5323
1524,耿鼎,14,3,11,高橋-內壢,2023-10-27,5323
00830,國泰費城半導體,10,0,10,高橋-內壢,2023-10-27,5323
2022,聚亨,10,0,10,高橋-內壢,2023-10-27,5323
2102,泰豐,10,0,10,高橋-內壢,2023-10-27,5323
2347,聯強,10,0,10,高橋-內壢,2023-10-27,5323
2614,東森,10,0,10,高橋-內壢,2023-10-27,5323
2641,正德,10,0,10,高橋-內壢,2023-10-27,5323
2885,元大金,10,0,10,高橋-內壢,2023-10-27,5323
3363,上詮,12,2,10,高橋-內壢,2023-10-27,5323
4128,中天,10,0,10,高橋-內壢,2023-10-27,5323
5531,鄉林,11,1,10,高橋-內壢,2023-10-27,5323
6446,藥華藥,12,2,10,高橋-內壢,2023-10-27,5323
2743,山富,11,2,9,高橋-內壢,2023-10-27,5323
6770,力積電,9,0,9,高橋-內壢,2023-10-27,5323
2308,台達電,8,0,8,高橋-內壢,2023-10-27,5323
2002,中鋼,8,0,8,高橋-內壢,2023-10-27,5323
2201,裕隆,8,0,8,高橋-內壢,2023-10-27,5323
6418,詠昇,11,3,8,高橋-內壢,2023-10-27,5323
6901,鑽石投資,9,1,8,高橋-內壢,2023-10-27,5323
1471,首利,7,0,7,高橋-內壢,2023-10-27,5323
2401,凌陽,7,0,7,高橋-內壢,2023-10-27,5323
2402,毅嘉,6,0,6,高橋-內壢,2023-10-27,5323
2630,亞航,7,1,6,高橋-內壢,2023-10-27,5323
3055,蔚華科,6,0,6,高橋-內壢,2023-10-27,5323
4743,合一,5,0,5,高橋-內壢,2023-10-27,5323
00923,群益台ESG低碳50,5,0,5,高橋-內壢,2023-10-27,5323
1909,榮成,5,0,5,高橋-內壢,2023-10-27,5323
2317,鴻海,11,6,5,高橋-內壢,2023-10-27,5323
4908,前鼎,9,5,4,高橋-內壢,2023-10-27,5323
2329,華泰,8,4,4,高橋-內壢,2023-10-27,5323
3498,陽程,4,0,4,高橋-內壢,2023-10-27,5323
3675,德微,4,0,4,高橋-內壢,2023-10-27,5323
8936,國統,4,0,4,高橋-內壢,2023-10-27,5323
2618,長榮航,103,10,93,高橋-內壢,2023-10-30,5323
3049,精金,71,0,71,高橋-內壢,2023-10-30,5323
6117,迎廣,44,2,42,高橋-內壢,2023-10-30,5323
2515,中工,40,0,40,高橋-內壢,2023-10-30,5323
2610,華航,32,0,32,高橋-內壢,2023-10-30,5323
00929,復華台灣科技優息,55,24,31,高橋-內壢,2023-10-30,5323
5490,同亨,30,0,30,高橋-內壢,2023-10-30,5323
0056,元大高股息,31,3,28,高橋-內壢,2023-10-30,5323
00878,國泰永續高股息,21,0,21,高橋-內壢,2023-10-30,5323
3715,定穎投控,23,2,21,高橋-內壢,2023-10-30,5323
00712,復華富時不動產,21,1,20,高橋-內壢,2023-10-30,5323
2303,聯電,17,0,17,高橋-內壢,2023-10-30,5323
5347,世界,16,0,16,高橋-內壢,2023-10-30,5323
2885,元大金,14,0,14,高橋-內壢,2023-10-30,5323
1785,光洋科,15,2,13,高橋-內壢,2023-10-30,5323
2002,中鋼,12,0,12,高橋-內壢,2023-10-30,5323
2353,宏��,11,0,11,高橋-內壢,2023-10-30,5323
6216,居易,12,1,11,高橋-內壢,2023-10-30,5323
1217,愛之味,10,0,10,高橋-內壢,2023-10-30,5323
00893,國泰智能電動車,10,0,10,高橋-內壢,2023-10-30,5323
3617,碩天,10,0,10,高橋-內壢,2023-10-30,5323
2317,鴻海,42,32,10,高橋-內壢,2023-10-30,5323
00830,國泰費城半導體,8,0,8,高橋-內壢,2023-10-30,5323
2301,光寶科,8,0,8,高橋-內壢,2023-10-30,5323
2330,台積電,6,0,6,高橋-內壢,2023-10-30,5323
2834,臺企銀,6,0,6,高橋-內壢,2023-10-30,5323
2884,玉山金,6,0,6,高橋-內壢,2023-10-30,5323
3481,群創,7,1,6,高橋-內壢,2023-10-30,5323
4763,材料-KY,6,0,6,高橋-內壢,2023-10-30,5323
5321,美而快,7,1,6,高橋-內壢,2023-10-30,5323
1717,長興,5,0,5,高橋-內壢,2023-10-30,5323
1517,利奇,5,0,5,高橋-內壢,2023-10-30,5323
1608,華榮,5,0,5,高橋-內壢,2023-10-30,5323
00885,富邦越南,5,0,5,高橋-內壢,2023-10-30,5323
2401,凌陽,5,0,5,高橋-內壢,2023-10-30,5323
2440,太空梭,5,0,5,高橋-內壢,2023-10-30,5323
2485,兆赫,7,2,5,高橋-內壢,2023-10-30,5323
2880,華南金,5,0,5,高橋-內壢,2023-10-30,5323
3037,欣興,5,0,5,高橋-內壢,2023-10-30,5323
4114,健喬,5,0,5,高橋-內壢,2023-10-30,5323
4542,科嶠,5,0,5,高橋-內壢,2023-10-30,5323
6116,彩晶,5,0,5,高橋-內壢,2023-10-30,5323
6126,信音,5,0,5,高橋-內壢,2023-10-30,5323
9105,泰金寶-DR,8,3,5,高橋-內壢,2023-10-30,5323
1101,台泥,4,0,4,高橋-內壢,2023-10-30,5323
2645,長榮航太,4,0,4,高橋-內壢,2023-10-30,5323
2888,新光金,4,0,4,高橋-內壢,2023-10-30,5323
4743,合一,4,0,4,高橋-內壢,2023-10-30,5323
2887,台新金,4,0,4,高橋-內壢,2023-10-30,5323
2337,旺宏,3,0,3,高橋-內壢,2023-10-30,5323
3049,精金,93,0,93,高橋-內壢,2023-10-31,5323
3576,聯合再生,79,15,64,高橋-內壢,2023-10-31,5323
6443,元晶,40,0,40,高橋-內壢,2023-10-31,5323
0056,元大高股息,39,3,36,高橋-內壢,2023-10-31,5323
3231,緯創,28,4,24,高橋-內壢,2023-10-31,5323
2340,台亞,30,6,24,高橋-內壢,2023-10-31,5323
00878,國泰永續高股息,36,12,24,高橋-內壢,2023-10-31,5323
2367,燿華,27,7,20,高橋-內壢,2023-10-31,5323
00918,大華優利高填息30,17,0,17,高橋-內壢,2023-10-31,5323
1504,東元,16,0,16,高橋-內壢,2023-10-31,5323
00919,群益台灣精選高息,18,2,16,高橋-內壢,2023-10-31,5323
00712,復華富時不動產,14,0,14,高橋-內壢,2023-10-31,5323
2344,華邦電,15,2,13,高橋-內壢,2023-10-31,5323
2408,南亞科,12,0,12,高橋-內壢,2023-10-31,5323
2301,光寶科,33,22,11,高橋-內壢,2023-10-31,5323
1312,國喬,10,0,10,高橋-內壢,2023-10-31,5323
2022,聚亨,10,0,10,高橋-內壢,2023-10-31,5323
3078,僑威,10,0,10,高橋-內壢,2023-10-31,5323
9955,佳龍,37,27,10,高橋-內壢,2023-10-31,5323
6116,彩晶,10,1,9,高橋-內壢,2023-10-31,5323
2303,聯電,9,1,8,高橋-內壢,2023-10-31,5323
2816,旺旺保,8,0,8,高橋-內壢,2023-10-31,5323
6156,松上,8,0,8,高橋-內壢,2023-10-31,5323
00830,國泰費城半導體,8,0,8,高橋-內壢,2023-10-31,5323
3037,欣興,7,0,7,高橋-內壢,2023-10-31,5323
00915,凱基優選高股息30,7,0,7,高橋-內壢,2023-10-31,5323
00933B,國泰10Y+金融債,7,0,7,高橋-內壢,2023-10-31,5323
3567,逸昌,7,0,7,高橋-內壢,2023-10-31,5323
3094,聯傑,7,0,7,高橋-內壢,2023-10-31,5323
2356,英業達,23,17,6,高橋-內壢,2023-10-31,5323
4908,前鼎,7,1,6,高橋-內壢,2023-10-31,5323
2608,嘉里大榮,6,0,6,高橋-內壢,2023-10-31,5323
3265,台星科,6,0,6,高橋-內壢,2023-10-31,5323
3704,合勤控,11,5,6,高橋-內壢,2023-10-31,5323
3715,定穎投控,10,4,6,高橋-內壢,2023-10-31,5323
6111,大宇資,6,0,6,高橋-內壢,2023-10-31,5323
6125,廣運,6,0,6,高橋-內壢,2023-10-31,5323
6438,迅得,6,0,6,高橋-內壢,2023-10-31,5323
2330,台積電,5,0,5,高橋-內壢,2023-10-31,5323
1618,合機,5,0,5,高橋-內壢,2023-10-31,5323
2102,泰豐,5,0,5,高橋-內壢,2023-10-31,5323
2401,凌陽,5,0,5,高橋-內壢,2023-10-31,5323
2618,長榮航,45,40,5,高橋-內壢,2023-10-31,5323
2834,臺企銀,5,0,5,高橋-內壢,2023-10-31,5323
3041,揚智,5,0,5,高橋-內壢,2023-10-31,5323
4542,科嶠,5,0,5,高橋-內壢,2023-10-31,5323
4968,立積,5,0,5,高橋-內壢,2023-10-31,5323
5234,達興材料,5,0,5,高橋-內壢,2023-10-31,5323
6206,飛捷,5,0,5,高橋-內壢,2023-10-31,5323
2382,廣達,9,5,4,高橋-內壢,2023-10-31,5323
00878,國泰永續高股息,48,4,44,高橋-內壢,2023-11-01,5323
00934,中信成長高股息,31,0,31,高橋-內壢,2023-11-01,5323
2317,鴻海,29,2,27,高橋-內壢,2023-11-01,5323
6443,元晶,20,0,20,高橋-內壢,2023-11-01,5323
00935,野村臺灣新科技50,13,0,13,高橋-內壢,2023-11-01,5323
2834,臺企銀,13,0,13,高橋-內壢,2023-11-01,5323
2493,揚博,12,0,12,高橋-內壢,2023-11-01,5323
2542,興富發,12,0,12,高橋-內壢,2023-11-01,5323
2332,友訊,10,0,10,高橋-內壢,2023-11-01,5323
4915,致伸,10,0,10,高橋-內壢,2023-11-01,5323
2449,京元電子,16,7,9,高橋-內壢,2023-11-01,5323
1517,利奇,8,0,8,高橋-內壢,2023-11-01,5323
2607,榮運,8,0,8,高橋-內壢,2023-11-01,5323
3049,精金,8,0,8,高橋-內壢,2023-11-01,5323
6284,佳邦,12,4,8,高橋-內壢,2023-11-01,5323
00922,國泰台灣領袖50,7,0,7,高橋-內壢,2023-11-01,5323
2356,英業達,7,0,7,高橋-內壢,2023-11-01,5323
2362,藍天,7,0,7,高橋-內壢,2023-11-01,5323
8110,華東,7,0,7,高橋-內壢,2023-11-01,5323
2401,凌陽,6,0,6,高橋-內壢,2023-11-01,5323
3498,陽程,6,0,6,高橋-內壢,2023-11-01,5323
3592,瑞鼎,6,0,6,高橋-內壢,2023-11-01,5323
00885,富邦越南,5,0,5,高橋-內壢,2023-11-01,5323
00830,國泰費城半導體,5,0,5,高橋-內壢,2023-11-01,5323
00679B,元大美債20年,5,0,5,高橋-內壢,2023-11-01,5323
1312,國喬,5,0,5,高橋-內壢,2023-11-01,5323
1815,富喬,5,0,5,高橋-內壢,2023-11-01,5323
2363,矽統,6,1,5,高橋-內壢,2023-11-01,5323
3035,智原,6,1,5,高橋-內壢,2023-11-01,5323
3078,僑威,6,1,5,高橋-內壢,2023-11-01,5323
5475,德宏,5,0,5,高橋-內壢,2023-11-01,5323
6224,聚鼎,5,0,5,高橋-內壢,2023-11-01,5323
2313,華通,5,0,5,高橋-內壢,2023-11-01,5323
2369,菱生,4,0,4,高橋-內壢,2023-11-01,5323
2409,友達,4,0,4,高橋-內壢,2023-11-01,5323
2486,一詮,4,0,4,高橋-內壢,2023-11-01,5323
3013,晟銘電,7,3,4,高橋-內壢,2023-11-01,5323
3576,聯合再生,4,0,4,高橋-內壢,2023-11-01,5323
5469,瀚宇博,4,0,4,高橋-內壢,2023-11-01,5323
6770,力積電,6,2,4,高橋-內壢,2023-11-01,5323
9955,佳龍,14,10,4,高橋-內壢,2023-11-01,5323
1504,東元,3,0,3,高橋-內壢,2023-11-01,5323
1471,首利,3,0,3,高橋-內壢,2023-11-01,5323
1708,東鹼,3,0,3,高橋-內壢,2023-11-01,5323
2330,台積電,5,2,3,高橋-內壢,2023-11-01,5323
3704,合勤控,5,2,3,高橋-內壢,2023-11-01,5323
4123,晟德,3,0,3,高橋-內壢,2023-11-01,5323
5215,科嘉-KY,5,2,3,高橋-內壢,2023-11-01,5323
6129,普誠,3,0,3,高橋-內壢,2023-11-01,5323
6223,旺矽,3,0,3,高橋-內壢,2023-11-01,5323
2323,中環,69,0,69,高橋-內壢,2023-11-02,5323
5347,世界,36,3,33,高橋-內壢,2023-11-02,5323
2883,凱基金,39,7,32,高橋-內壢,2023-11-02,5323
2492,華新科,24,1,23,高橋-內壢,2023-11-02,5323
00935,野村臺灣新科技50,22,0,22,高橋-內壢,2023-11-02,5323
3702,大聯大,20,0,20,高橋-內壢,2023-11-02,5323
2379,瑞昱,16,0,16,高橋-內壢,2023-11-02,5323
00850,元大臺灣ESG永續,13,0,13,高橋-內壢,2023-11-02,5323
3715,定穎投控,22,9,13,高橋-內壢,2023-11-02,5323
00900,富邦特選高股息30,14,2,12,高橋-內壢,2023-11-02,5323
3558,神準,11,0,11,高橋-內壢,2023-11-02,5323
4919,新唐,21,10,11,高橋-內壢,2023-11-02,5323
5521,工信,11,1,10,高橋-內壢,2023-11-02,5323
00882,中信中國高股息,10,0,10,高橋-內壢,2023-11-02,5323
2364,倫飛,12,2,10,高橋-內壢,2023-11-02,5323
3260,威剛,10,0,10,高橋-內壢,2023-11-02,5323
00934,中信成長高股息,8,0,8,高橋-內壢,2023-11-02,5323
3019,亞光,8,0,8,高橋-內壢,2023-11-02,5323
3105,穩懋,13,5,8,高橋-內壢,2023-11-02,5323
00919,群益台灣精選高息,14,7,7,高橋-內壢,2023-11-02,5323
00712,復華富時不動產,33,26,7,高橋-內壢,2023-11-02,5323
2301,光寶科,11,4,7,高橋-內壢,2023-11-02,5323
2485,兆赫,8,1,7,高橋-內壢,2023-11-02,5323
2363,矽統,36,29,7,高橋-內壢,2023-11-02,5323
1605,華新,6,0,6,高橋-內壢,2023-11-02,5323
3322,建舜電,7,1,6,高橋-內壢,2023-11-02,5323
6244,茂迪,6,0,6,高橋-內壢,2023-11-02,5323
00885,富邦越南,9,4,5,高橋-內壢,2023-11-02,5323
1808,潤隆,5,0,5,高橋-內壢,2023-11-02,5323
2062,橋椿,5,0,5,高橋-內壢,2023-11-02,5323
2464,盟立,5,0,5,高橋-內壢,2023-11-02,5323
6125,廣運,6,1,5,高橋-內壢,2023-11-02,5323
2031,新光鋼,5,1,4,高橋-內壢,2023-11-02,5323
2308,台達電,4,0,4,高橋-內壢,2023-11-02,5323
2368,金像電,4,0,4,高橋-內壢,2023-11-02,5323
2449,京元電子,6,2,4,高橋-內壢,2023-11-02,5323
2465,麗臺,4,0,4,高橋-內壢,2023-11-02,5323
3041,揚智,10,6,4,高橋-內壢,2023-11-02,5323
5425,台半,5,1,4,高橋-內壢,2023-11-02,5323
6284,佳邦,4,0,4,高橋-內壢,2023-11-02,5323
6414,樺漢,4,0,4,高橋-內壢,2023-11-02,5323
2324,仁寶,5,1,4,高橋-內壢,2023-11-02,5323
1336,台翰,3,0,3,高橋-內壢,2023-11-02,5323
00852L,國泰美國道瓊正2,3,0,3,高橋-內壢,2023-11-02,5323
00892,富邦台灣半導體,3,0,3,高橋-內壢,2023-11-02,5323
2034,允強,3,0,3,高橋-內壢,2023-11-02,5323
3581,博磊,3,0,3,高橋-內壢,2023-11-02,5323
2358,廷鑫,3,1,2,高橋-內壢,2023-11-02,5323
2491,吉祥全,2,0,2,高橋-內壢,2023-11-02,5323
2801,彰銀,2,0,2,高橋-內壢,2023-11-02,5323
3231,緯創,44,5,39,高橋-內壢,2023-11-03,5323
2363,矽統,115,78,37,高橋-內壢,2023-11-03,5323
3038,全台,30,0,30,高橋-內壢,2023-11-03,5323
2886,兆豐金,30,1,29,高橋-內壢,2023-11-03,5323
3521,鴻翊,24,0,24,高橋-內壢,2023-11-03,5323
3515,華擎,18,0,18,高橋-內壢,2023-11-03,5323
3481,群創,20,6,14,高橋-內壢,2023-11-03,5323
3323,加百裕,12,0,12,高橋-內壢,2023-11-03,5323
00934,中信成長高股息,17,6,11,高橋-內壢,2023-11-03,5323
00918,大華優利高填息30,11,1,10,高橋-內壢,2023-11-03,5323
1102,亞泥,10,0,10,高橋-內壢,2023-11-03,5323
00688L,國泰20年美債正2,10,0,10,高橋-內壢,2023-11-03,5323
2401,凌陽,10,0,10,高橋-內壢,2023-11-03,5323
2493,揚博,10,0,10,高橋-內壢,2023-11-03,5323
4167,松瑞藥,10,0,10,高橋-內壢,2023-11-03,5323
8150,南茂,9,0,9,高橋-內壢,2023-11-03,5323
4961,天鈺,8,1,7,高橋-內壢,2023-11-03,5323
2329,華泰,13,6,7,高橋-內壢,2023-11-03,5323
6274,台燿,6,0,6,高橋-內壢,2023-11-03,5323
2464,盟立,6,0,6,高橋-內壢,2023-11-03,5323
3094,聯傑,6,0,6,高橋-內壢,2023-11-03,5323
3583,辛耘,6,0,6,高橋-內壢,2023-11-03,5323
2458,義隆,6,0,6,高橋-內壢,2023-11-03,5323
00632R,元大台灣50反1,5,0,5,高橋-內壢,2023-11-03,5323
2108,南帝,5,0,5,高橋-內壢,2023-11-03,5323
3689,湧德,5,0,5,高橋-內壢,2023-11-03,5323
4960,誠美材,5,0,5,高橋-內壢,2023-11-03,5323
4968,立積,5,0,5,高橋-內壢,2023-11-03,5323
5009,榮剛,5,0,5,高橋-內壢,2023-11-03,5323
8358,金居,5,0,5,高橋-內壢,2023-11-03,5323
3105,穩懋,7,2,5,高橋-內壢,2023-11-03,5323
3006,晶豪科,5,1,4,高橋-內壢,2023-11-03,5323
00679B,元大美債20年,4,0,4,高橋-內壢,2023-11-03,5323
2313,華通,30,26,4,高橋-內壢,2023-11-03,5323
3682,亞太電,4,0,4,高橋-內壢,2023-11-03,5323
6138,茂達,4,0,4,高橋-內壢,2023-11-03,5323
6752,叡揚,6,2,4,高橋-內壢,2023-11-03,5323
1717,長興,3,0,3,高橋-內壢,2023-11-03,5323
00720B,元大投資級公司債,4,1,3,高橋-內壢,2023-11-03,5323
1409,新纖,3,0,3,高橋-內壢,2023-11-03,5323
2031,新光鋼,3,0,3,高橋-內壢,2023-11-03,5323
2376,技嘉,5,2,3,高橋-內壢,2023-11-03,5323
2382,廣達,5,2,3,高橋-內壢,2023-11-03,5323
2476,鉅祥,3,0,3,高橋-內壢,2023-11-03,5323
4743,合一,3,0,3,高橋-內壢,2023-11-03,5323
00935,野村臺灣新科技50,2,0,2,高橋-內壢,2023-11-03,5323
1301,台塑,2,0,2,高橋-內壢,2023-11-03,5323
1471,首利,4,2,2,高橋-內壢,2023-11-03,5323
1905,華紙,2,0,2,高橋-內壢,2023-11-03,5323
2324,仁寶,2,0,2,高橋-內壢,2023-11-03,5323
00669R,國泰美國道瓊反1,300,0,300,高橋-內壢,2023-11-06,5323
2618,長榮航,156,2,154,高橋-內壢,2023-11-06,5323
3521,鴻翊,66,0,66,高橋-內壢,2023-11-06,5323
00753L,中信中國50正2,40,1,39,高橋-內壢,2023-11-06,5323
00885,富邦越南,30,0,30,高橋-內壢,2023-11-06,5323
2886,兆豐金,30,5,25,高橋-內壢,2023-11-06,5323
3231,緯創,30,7,23,高橋-內壢,2023-11-06,5323
00632R,元大台灣50反1,22,0,22,高橋-內壢,2023-11-06,5323
2436,偉詮電,20,0,20,高橋-內壢,2023-11-06,5323
3038,全台,20,0,20,高橋-內壢,2023-11-06,5323
00712,復華富時不動產,23,8,15,高橋-內壢,2023-11-06,5323
2108,南帝,15,0,15,高橋-內壢,2023-11-06,5323
00919,群益台灣精選高息,14,0,14,高橋-內壢,2023-11-06,5323
00934,中信成長高股息,20,6,14,高橋-內壢,2023-11-06,5323
5426,振發,15,1,14,高橋-內壢,2023-11-06,5323
2834,臺企銀,15,1,14,高橋-內壢,2023-11-06,5323
3105,穩懋,14,3,11,高橋-內壢,2023-11-06,5323
00935,野村臺灣新科技50,10,0,10,高橋-內壢,2023-11-06,5323
2313,華通,11,1,10,高橋-內壢,2023-11-06,5323
3437,榮創,10,0,10,高橋-內壢,2023-11-06,5323
2406,國碩,10,1,9,高橋-內壢,2023-11-06,5323
1907,永豐餘,10,2,8,高橋-內壢,2023-11-06,5323
2388,威盛,30,22,8,高橋-內壢,2023-11-06,5323
6414,樺漢,8,0,8,高橋-內壢,2023-11-06,5323
2308,台達電,8,0,8,高橋-內壢,2023-11-06,5323
2616,山隆,7,0,7,高橋-內壢,2023-11-06,5323
3481,群創,7,2,5,高橋-內壢,2023-11-06,5323
3323,加百裕,5,0,5,高橋-內壢,2023-11-06,5323
3374,精材,13,8,5,高橋-內壢,2023-11-06,5323
5483,中美晶,5,0,5,高橋-內壢,2023-11-06,5323
6116,彩晶,5,0,5,高橋-內壢,2023-11-06,5323
6150,撼訊,5,0,5,高橋-內壢,2023-11-06,5323
8112,至上,5,0,5,高橋-內壢,2023-11-06,5323
2376,技嘉,5,0,5,高橋-內壢,2023-11-06,5323
00902,中信電池及儲能,10,6,4,高橋-內壢,2023-11-06,5323
00882,中信中國高股息,4,0,4,高橋-內壢,2023-11-06,5323
00720B,元大投資級公司債,4,0,4,高橋-內壢,2023-11-06,5323
2408,南亞科,11,7,4,高橋-內壢,2023-11-06,5323
4961,天鈺,4,0,4,高橋-內壢,2023-11-06,5323
6582,申豐,4,0,4,高橋-內壢,2023-11-06,5323
6585,鼎基,4,0,4,高橋-內壢,2023-11-06,5323
1101,台泥,3,0,3,高橋-內壢,2023-11-06,5323
1447,力鵬,3,0,3,高橋-內壢,2023-11-06,5323
00687B,國泰20年美債,3,0,3,高橋-內壢,2023-11-06,5323
2891,中信金,3,0,3,高橋-內壢,2023-11-06,5323
3033,威健,3,0,3,高橋-內壢,2023-11-06,5323
3306,鼎天,3,0,3,高橋-內壢,2023-11-06,5323
3581,博磊,3,0,3,高橋-內壢,2023-11-06,5323
3702,大聯大,5,2,3,高橋-內壢,2023-11-06,5323
6223,旺矽,7,4,3,高橋-內壢,2023-11-06,5323
00632R,元大台灣50反1,80,0,80,高橋-內壢,2023-11-07,5323
2634,漢翔,22,0,22,高橋-內壢,2023-11-07,5323
00934,中信成長高股息,22,2,20,高橋-內壢,2023-11-07,5323
2888,新光金,20,0,20,高橋-內壢,2023-11-07,5323
2886,兆豐金,20,2,18,高橋-內壢,2023-11-07,5323
2809,京城銀,17,0,17,高橋-內壢,2023-11-07,5323
3105,穩懋,21,4,17,高橋-內壢,2023-11-07,5323
2002,中鋼,17,1,16,高橋-內壢,2023-11-07,5323
3209,全科,14,0,14,高橋-內壢,2023-11-07,5323
2834,臺企銀,12,0,12,高橋-內壢,2023-11-07,5323
8110,華東,11,0,11,高橋-內壢,2023-11-07,5323
3006,晶豪科,11,1,10,高橋-內壢,2023-11-07,5323
00669R,國泰美國道瓊反1,10,0,10,高橋-內壢,2023-11-07,5323
00725B,國泰投資級公司債,10,0,10,高橋-內壢,2023-11-07,5323
00722B,群益投資級電信債,10,0,10,高橋-內壢,2023-11-07,5323
2891,中信金,10,0,10,高橋-內壢,2023-11-07,5323
3704,合勤控,11,1,10,高橋-內壢,2023-11-07,5323
6143,振曜,10,0,10,高橋-內壢,2023-11-07,5323
6185,幃翔,10,0,10,高橋-內壢,2023-11-07,5323
1519,華城,9,0,9,高橋-內壢,2023-11-07,5323
4128,中天,11,3,8,高橋-內壢,2023-11-07,5323
6535,順藥,8,0,8,高橋-內壢,2023-11-07,5323
2359,所羅門,9,2,7,高橋-內壢,2023-11-07,5323
6526,達發,7,0,7,高橋-內壢,2023-11-07,5323
1618,合機,11,5,6,高橋-內壢,2023-11-07,5323
00882,中信中國高股息,6,0,6,高橋-內壢,2023-11-07,5323
3122,笙泉,9,3,6,高橋-內壢,2023-11-07,5323
4906,正文,6,0,6,高橋-內壢,2023-11-07,5323
5438,東友,6,0,6,高橋-內壢,2023-11-07,5323
2317,鴻海,7,2,5,高橋-內壢,2023-11-07,5323
2388,威盛,15,10,5,高橋-內壢,2023-11-07,5323
2636,台驊控股,5,0,5,高橋-內壢,2023-11-07,5323
2641,正德,5,0,5,高橋-內壢,2023-11-07,5323
3380,明泰,5,0,5,高橋-內壢,2023-11-07,5323
3567,逸昌,5,0,5,高橋-內壢,2023-11-07,5323
8183,精星,5,0,5,高橋-內壢,2023-11-07,5323
9955,佳龍,5,0,5,高橋-內壢,2023-11-07,5323
6770,力積電,6,2,4,高橋-內壢,2023-11-07,5323
00919,群益台灣精選高息,4,0,4,高橋-內壢,2023-11-07,5323
2324,仁寶,4,0,4,高橋-內壢,2023-11-07,5323
2357,華碩,4,0,4,高橋-內壢,2023-11-07,5323
2498,宏達電,4,0,4,高橋-內壢,2023-11-07,5323
3035,智原,4,0,4,高橋-內壢,2023-11-07,5323
4168,醣聯,4,0,4,高橋-內壢,2023-11-07,5323
8176,智捷,6,2,4,高橋-內壢,2023-11-07,5323
2363,矽統,73,70,3,高橋-內壢,2023-11-07,5323
6116,彩晶,3,0,3,高橋-內壢,2023-11-07,5323
6213,聯茂,6,3,3,高橋-內壢,2023-11-07,5323
6585,鼎基,3,0,3,高橋-內壢,2023-11-07,5323
8069,元太,3,0,3,高橋-內壢,2023-11-07,5323
00936,台新永續高息中小,124,1,123,高橋-內壢,2023-11-08,5323
3521,鴻翊,53,0,53,高橋-內壢,2023-11-08,5323
2618,長榮航,59,14,45,高橋-內壢,2023-11-08,5323
2886,兆豐金,30,0,30,高橋-內壢,2023-11-08,5323
8070,長華*,30,0,30,高橋-內壢,2023-11-08,5323
6432,今展科,24,0,24,高橋-內壢,2023-11-08,5323
2515,中工,20,0,20,高橋-內壢,2023-11-08,5323
2301,光寶科,28,12,16,高橋-內壢,2023-11-08,5323
00933B,國泰10Y+金融債,15,0,15,高橋-內壢,2023-11-08,5323
2610,華航,17,4,13,高橋-內壢,2023-11-08,5323
3037,欣興,13,0,13,高橋-內壢,2023-11-08,5323
4128,中天,21,8,13,高橋-內壢,2023-11-08,5323
00934,中信成長高股息,12,1,11,高橋-內壢,2023-11-08,5323
00669R,國泰美國道瓊反1,10,0,10,高橋-內壢,2023-11-08,5323
2889,國票金,10,0,10,高橋-內壢,2023-11-08,5323
3176,基亞,10,0,10,高橋-內壢,2023-11-08,5323
00882,中信中國高股息,10,0,10,高橋-內壢,2023-11-08,5323
6189,豐藝,10,1,9,高橋-內壢,2023-11-08,5323
3078,僑威,12,4,8,高橋-內壢,2023-11-08,5323
3323,加百裕,8,0,8,高橋-內壢,2023-11-08,5323
1402,遠東新,7,0,7,高橋-內壢,2023-11-08,5323
2002,中鋼,7,0,7,高橋-內壢,2023-11-08,5323
2367,燿華,6,0,6,高橋-內壢,2023-11-08,5323
2485,兆赫,6,0,6,高橋-內壢,2023-11-08,5323
2488,漢平,8,2,6,高橋-內壢,2023-11-08,5323
4743,合一,8,2,6,高橋-內壢,2023-11-08,5323
4973,廣穎,6,0,6,高橋-內壢,2023-11-08,5323
6122,擎邦,12,6,6,高橋-內壢,2023-11-08,5323
6901,鑽石投資,14,8,6,高橋-內壢,2023-11-08,5323
2108,南帝,5,0,5,高橋-內壢,2023-11-08,5323
2734,易飛網,5,0,5,高橋-內壢,2023-11-08,5323
2816,旺旺保,5,0,5,高橋-內壢,2023-11-08,5323
4968,立積,6,1,5,高橋-內壢,2023-11-08,5323
6243,迅杰,7,2,5,高橋-內壢,2023-11-08,5323
6531,愛普*,6,1,5,高橋-內壢,2023-11-08,5323
6770,力積電,5,0,5,高橋-內壢,2023-11-08,5323
00931B,統一美債20年,5,1,4,高橋-內壢,2023-11-08,5323
2417,圓剛,5,1,4,高橋-內壢,2023-11-08,5323
2472,立隆電,4,0,4,高橋-內壢,2023-11-08,5323
3296,勝德,4,0,4,高橋-內壢,2023-11-08,5323
6547,高端疫苗,5,1,4,高橋-內壢,2023-11-08,5323
8110,華東,4,0,4,高橋-內壢,2023-11-08,5323
8155,博智,4,0,4,高橋-內壢,2023-11-08,5323
8478,東哥遊艇,4,0,4,高橋-內壢,2023-11-08,5323
00733,富邦臺灣中小,3,0,3,高橋-內壢,2023-11-08,5323
1471,首利,8,5,3,高橋-內壢,2023-11-08,5323
1605,華新,3,0,3,高橋-內壢,2023-11-08,5323
1815,富喬,5,2,3,高橋-內壢,2023-11-08,5323
2303,聯電,8,5,3,高橋-內壢,2023-11-08,5323
2405,輔信,3,0,3,高橋-內壢,2023-11-08,5323
2610,華航,201,40,161,高橋-內壢,2023-11-09,5323
2609,陽明,151,1,150,高橋-內壢,2023-11-09,5323
6244,茂迪,103,0,103,高橋-內壢,2023-11-09,5323
2363,矽統,85,16,69,高橋-內壢,2023-11-09,5323
2897,王道銀行,55,0,55,高橋-內壢,2023-11-09,5323
00878,國泰永續高股息,33,3,30,高橋-內壢,2023-11-09,5323
5328,華容,30,0,30,高橋-內壢,2023-11-09,5323
5607,遠雄港,30,0,30,高橋-內壢,2023-11-09,5323
00936,台新永續高息中小,36,10,26,高橋-內壢,2023-11-09,5323
0056,元大高股息,27,3,24,高橋-內壢,2023-11-09,5323
2801,彰銀,20,0,20,高橋-內壢,2023-11-09,5323
00929,復華台灣科技優息,24,5,19,高橋-內壢,2023-11-09,5323
3231,緯創,54,36,18,高橋-內壢,2023-11-09,5323
2305,全友,18,1,17,高橋-內壢,2023-11-09,5323
00679B,元大美債20年,14,1,13,高橋-內壢,2023-11-09,5323
00720B,元大投資級公司債,13,0,13,高橋-內壢,2023-11-09,5323
2390,云辰,12,0,12,高橋-內壢,2023-11-09,5323
3122,笙泉,15,3,12,高橋-內壢,2023-11-09,5323
4306,炎洲,12,0,12,高橋-內壢,2023-11-09,5323
3041,揚智,11,0,11,高橋-內壢,2023-11-09,5323
3689,湧德,11,0,11,高橋-內壢,2023-11-09,5323
8086,宏捷科,12,1,11,高橋-內壢,2023-11-09,5323
2338,光罩,19,8,11,高橋-內壢,2023-11-09,5323
00933B,國泰10Y+金融債,10,0,10,高橋-內壢,2023-11-09,5323
00632R,元大台灣50反1,10,0,10,高橋-內壢,2023-11-09,5323
2002,中鋼,10,0,10,高橋-內壢,2023-11-09,5323
2356,英業達,15,5,10,高橋-內壢,2023-11-09,5323
2634,漢翔,10,0,10,高橋-內壢,2023-11-09,5323
5347,世界,12,2,10,高橋-內壢,2023-11-09,5323
8431,匯鑽科,10,0,10,高橋-內壢,2023-11-09,5323
00900,富邦特選高股息30,9,0,9,高橋-內壢,2023-11-09,5323
1304,台聚,9,0,9,高橋-內壢,2023-11-09,5323
5438,東友,9,0,9,高橋-內壢,2023-11-09,5323
6213,聯茂,10,1,9,高橋-內壢,2023-11-09,5323
1609,大亞,8,0,8,高橋-內壢,2023-11-09,5323
1815,富喬,10,3,7,高橋-內壢,2023-11-09,5323
2885,元大金,10,3,7,高橋-內壢,2023-11-09,5323
3013,晟銘電,10,3,7,高橋-內壢,2023-11-09,5323
6901,鑽石投資,16,9,7,高橋-內壢,2023-11-09,5323
8936,國統,7,0,7,高橋-內壢,2023-11-09,5323
1519,華城,7,1,6,高橋-內壢,2023-11-09,5323
6116,彩晶,6,0,6,高橋-內壢,2023-11-09,5323
2301,光寶科,5,0,5,高橋-內壢,2023-11-09,5323
1802,台玻,7,2,5,高橋-內壢,2023-11-09,5323
2314,台揚,5,0,5,高橋-內壢,2023-11-09,5323
2376,技嘉,9,4,5,高橋-內壢,2023-11-09,5323
2607,榮運,8,3,5,高橋-內壢,2023-11-09,5323
3704,合勤控,5,0,5,高橋-內壢,2023-11-09,5323
4128,中天,8,3,5,高橋-內壢,2023-11-09,5323
4552,力達-KY,5,0,5,高橋-內壢,2023-11-09,5323
2609,陽明,223,0,223,高橋-內壢,2023-11-10,5323
00632R,元大台灣50反1,210,0,210,高橋-內壢,2023-11-10,5323
00878,國泰永續高股息,73,10,63,高橋-內壢,2023-11-10,5323
00680L,元大美債20正2,50,0,50,高橋-內壢,2023-11-10,5323
00929,復華台灣科技優息,31,1,30,高橋-內壢,2023-11-10,5323
8049,晶采,30,0,30,高橋-內壢,2023-11-10,5323
00936,台新永續高息中小,26,1,25,高橋-內壢,2023-11-10,5323
3231,緯創,51,28,23,高橋-內壢,2023-11-10,5323
2883,凱基金,21,0,21,高橋-內壢,2023-11-10,5323
6156,松上,20,0,20,高橋-內壢,2023-11-10,5323
2834,臺企銀,18,0,18,高橋-內壢,2023-11-10,5323
2603,長榮,30,14,16,高橋-內壢,2023-11-10,5323
2634,漢翔,14,1,13,高橋-內壢,2023-11-10,5323
2363,矽統,83,71,12,高橋-內壢,2023-11-10,5323
6117,迎廣,12,0,12,高橋-內壢,2023-11-10,5323
1513,中興電,12,1,11,高橋-內壢,2023-11-10,5323
00922,國泰台灣領袖50,10,0,10,高橋-內壢,2023-11-10,5323
8111,立��,10,0,10,高橋-內壢,2023-11-10,5323
4743,合一,27,18,9,高橋-內壢,2023-11-10,5323
00850,元大臺灣ESG永續,9,0,9,高橋-內壢,2023-11-10,5323
4167,松瑞藥,9,0,9,高橋-內壢,2023-11-10,5323
2201,裕隆,9,1,8,高橋-內壢,2023-11-10,5323
2610,華航,18,10,8,高橋-內壢,2023-11-10,5323
4542,科嶠,8,0,8,高橋-內壢,2023-11-10,5323
1815,富喬,42,35,7,高橋-內壢,2023-11-10,5323
00679B,元大美債20年,7,0,7,高橋-內壢,2023-11-10,5323
2344,華邦電,7,0,7,高橋-內壢,2023-11-10,5323
3221,台嘉碩,6,0,6,高橋-內壢,2023-11-10,5323
5328,華容,6,0,6,高橋-內壢,2023-11-10,5323
00882,中信中國高股息,6,0,6,高橋-內壢,2023-11-10,5323
00919,群益台灣精選高息,5,0,5,高橋-內壢,2023-11-10,5323
00918,大華優利高填息30,5,0,5,高橋-內壢,2023-11-10,5323
2382,廣達,6,1,5,高橋-內壢,2023-11-10,5323
2408,南亞科,5,0,5,高橋-內壢,2023-11-10,5323
3006,晶豪科,5,0,5,高橋-內壢,2023-11-10,5323
3041,揚智,6,1,5,高橋-內壢,2023-11-10,5323
3567,逸昌,5,0,5,高橋-內壢,2023-11-10,5323
4552,力達-KY,5,0,5,高橋-內壢,2023-11-10,5323
4919,新唐,5,0,5,高橋-內壢,2023-11-10,5323
8110,華東,5,0,5,高橋-內壢,2023-11-10,5323
6770,力積電,5,0,5,高橋-內壢,2023-11-10,5323
2108,南帝,4,0,4,高橋-內壢,2023-11-10,5323
2353,宏��,4,0,4,高橋-內壢,2023-11-10,5323
2356,英業達,17,13,4,高橋-內壢,2023-11-10,5323
2409,友達,4,0,4,高橋-內壢,2023-11-10,5323
2929,淘帝-KY,8,4,4,高橋-內壢,2023-11-10,5323
3483,力致,4,0,4,高橋-內壢,2023-11-10,5323
8926,台汽電,4,0,4,高橋-內壢,2023-11-10,5323
2352,佳世達,3,0,3,高橋-內壢,2023-11-10,5323
1504,東元,3,0,3,高橋-內壢,2023-11-10,5323
2618,長榮航,434,12,422,高橋-內壢,2023-11-13,5323
1909,榮成,45,0,45,高橋-內壢,2023-11-13,5323
6443,元晶,30,0,30,高橋-內壢,2023-11-13,5323
2382,廣達,27,3,24,高橋-內壢,2023-11-13,5323
00669R,國泰美國道瓊反1,20,0,20,高橋-內壢,2023-11-13,5323
4128,中天,23,3,20,高橋-內壢,2023-11-13,5323
1808,潤隆,19,0,19,高橋-內壢,2023-11-13,5323
2603,長榮,20,1,19,高橋-內壢,2023-11-13,5323
3078,僑威,19,2,17,高橋-內壢,2023-11-13,5323
2610,華航,22,5,17,高橋-內壢,2023-11-13,5323
6770,力積電,17,0,17,高橋-內壢,2023-11-13,5323
00915,凱基優選高股息30,14,0,14,高橋-內壢,2023-11-13,5323
2002,中鋼,12,0,12,高橋-內壢,2023-11-13,5323
6139,亞翔,12,0,12,高橋-內壢,2023-11-13,5323
2352,佳世達,50,39,11,高橋-內壢,2023-11-13,5323
1568,倉佑,12,1,11,高橋-內壢,2023-11-13,5323
3374,精材,12,1,11,高橋-內壢,2023-11-13,5323
00680L,元大美債20正2,10,0,10,高橋-內壢,2023-11-13,5323
00923,群益台ESG低碳50,10,1,9,高橋-內壢,2023-11-13,5323
00882,中信中國高股息,9,0,9,高橋-內壢,2023-11-13,5323
2401,凌陽,9,1,8,高橋-內壢,2023-11-13,5323
1402,遠東新,7,0,7,高橋-內壢,2023-11-13,5323
00922,國泰台灣領袖50,10,3,7,高橋-內壢,2023-11-13,5323
00881,國泰台灣5G+,20,13,7,高橋-內壢,2023-11-13,5323
00878,國泰永續高股息,15,9,6,高橋-內壢,2023-11-13,5323
3055,蔚華科,6,0,6,高橋-內壢,2023-11-13,5323
3583,辛耘,8,2,6,高橋-內壢,2023-11-13,5323
6284,佳邦,6,0,6,高橋-內壢,2023-11-13,5323
6901,鑽石投資,10,4,6,高橋-內壢,2023-11-13,5323
1101,台泥,5,0,5,高橋-內壢,2023-11-13,5323
1201,味全,5,0,5,高橋-內壢,2023-11-13,5323
006208,富邦台50,5,0,5,高橋-內壢,2023-11-13,5323
00720B,元大投資級公司債,5,0,5,高橋-內壢,2023-11-13,5323
1301,台塑,5,0,5,高橋-內壢,2023-11-13,5323
1598,岱宇,5,0,5,高橋-內壢,2023-11-13,5323
1608,華榮,5,0,5,高橋-內壢,2023-11-13,5323
1609,大亞,5,0,5,高橋-內壢,2023-11-13,5323
2543,皇昌,5,0,5,高橋-內壢,2023-11-13,5323
2883,凱基金,5,0,5,高橋-內壢,2023-11-13,5323
4114,健喬,5,0,5,高橋-內壢,2023-11-13,5323
4167,松瑞藥,5,0,5,高橋-內壢,2023-11-13,5323
5483,中美晶,17,12,5,高橋-內壢,2023-11-13,5323
6150,撼訊,5,0,5,高橋-內壢,2023-11-13,5323
6505,台塑化,5,0,5,高橋-內壢,2023-11-13,5323
6658,聯策,5,0,5,高橋-內壢,2023-11-13,5323
3693,營邦,5,0,5,高橋-內壢,2023-11-13,5323
4533,協易機,6,1,5,高橋-內壢,2023-11-13,5323
1455,集盛,7,3,4,高橋-內壢,2023-11-13,5323
2353,宏��,4,0,4,高橋-內壢,2023-11-13,5323
3498,陽程,4,0,4,高橋-內壢,2023-11-13,5323
2618,長榮航,104,0,104,高橋-內壢,2023-11-14,5323
00632R,元大台灣50反1,62,0,62,高橋-內壢,2023-11-14,5323
00878,國泰永續高股息,115,76,39,高橋-內壢,2023-11-14,5323
00669R,國泰美國道瓊反1,25,0,25,高橋-內壢,2023-11-14,5323
8076,伍豐,26,1,25,高橋-內壢,2023-11-14,5323
2886,兆豐金,23,0,23,高橋-內壢,2023-11-14,5323
3231,緯創,34,12,22,高橋-內壢,2023-11-14,5323
00900,富邦特選高股息30,21,0,21,高橋-內壢,2023-11-14,5323
2417,圓剛,28,7,21,高橋-內壢,2023-11-14,5323
2816,旺旺保,21,0,21,高橋-內壢,2023-11-14,5323
3049,精金,20,0,20,高橋-內壢,2023-11-14,5323
2313,華通,21,8,13,高橋-內壢,2023-11-14,5323
2402,毅嘉,22,10,12,高橋-內壢,2023-11-14,5323
5438,東友,11,0,11,高橋-內壢,2023-11-14,5323
2354,鴻準,10,0,10,高橋-內壢,2023-11-14,5323
2888,新光金,10,0,10,高橋-內壢,2023-11-14,5323
1301,台塑,10,0,10,高橋-內壢,2023-11-14,5323
1734,杏輝,9,0,9,高橋-內壢,2023-11-14,5323
1909,榮成,10,1,9,高橋-內壢,2023-11-14,5323
5490,同亨,9,0,9,高橋-內壢,2023-11-14,5323
2492,華新科,10,2,8,高橋-內壢,2023-11-14,5323
1101,台泥,7,0,7,高橋-內壢,2023-11-14,5323
00921,兆豐龍頭等權重,7,0,7,高橋-內壢,2023-11-14,5323
2303,聯電,7,0,7,高橋-內壢,2023-11-14,5323
6770,力積電,15,8,7,高橋-內壢,2023-11-14,5323
2609,陽明,8,2,6,高橋-內壢,2023-11-14,5323
00850,元大臺灣ESG永續,6,0,6,高橋-內壢,2023-11-14,5323
2606,裕民,6,0,6,高橋-內壢,2023-11-14,5323
3006,晶豪科,10,4,6,高橋-內壢,2023-11-14,5323
3498,陽程,6,0,6,高橋-內壢,2023-11-14,5323
6156,松上,6,0,6,高橋-內壢,2023-11-14,5323
6530,創威,6,0,6,高橋-內壢,2023-11-14,5323
6550,北極星藥業-KY,6,0,6,高橋-內壢,2023-11-14,5323
1524,耿鼎,5,0,5,高橋-內壢,2023-11-14,5323
1443,立益物流,5,0,5,高橋-內壢,2023-11-14,5323
2102,泰豐,5,0,5,高橋-內壢,2023-11-14,5323
2356,英業達,17,12,5,高橋-內壢,2023-11-14,5323
2369,菱生,11,6,5,高橋-內壢,2023-11-14,5323
2538,基泰,5,0,5,高橋-內壢,2023-11-14,5323
3306,鼎天,7,2,5,高橋-內壢,2023-11-14,5323
3704,合勤控,7,2,5,高橋-內壢,2023-11-14,5323
6116,彩晶,5,0,5,高橋-內壢,2023-11-14,5323
6505,台塑化,5,0,5,高橋-內壢,2023-11-14,5323
00692,富邦公司治理,4,0,4,高橋-內壢,2023-11-14,5323
1605,華新,4,0,4,高橋-內壢,2023-11-14,5323
2002,中鋼,5,1,4,高橋-內壢,2023-11-14,5323
3088,艾訊,4,0,4,高橋-內壢,2023-11-14,5323
3406,玉晶光,4,0,4,高橋-內壢,2023-11-14,5323
3481,群創,4,0,4,高橋-內壢,2023-11-14,5323
5009,榮剛,4,0,4,高橋-內壢,2023-11-14,5323
00669R,國泰美國道瓊反1,40,0,40,高橋-內壢,2023-11-15,5323
00632R,元大台灣50反1,40,0,40,高橋-內壢,2023-11-15,5323
00931B,統一美債20年,35,1,34,高橋-內壢,2023-11-15,5323
2390,云辰,30,0,30,高橋-內壢,2023-11-15,5323
2885,元大金,30,0,30,高橋-內壢,2023-11-15,5323
3027,盛達,25,0,25,高橋-內壢,2023-11-15,5323
2313,華通,22,0,22,高橋-內壢,2023-11-15,5323
3521,鴻翊,20,0,20,高橋-內壢,2023-11-15,5323
2344,華邦電,77,62,15,高橋-內壢,2023-11-15,5323
3044,健鼎,15,0,15,高橋-內壢,2023-11-15,5323
6143,振曜,15,0,15,高橋-內壢,2023-11-15,5323
3078,僑威,14,0,14,高橋-內壢,2023-11-15,5323
00679B,元大美債20年,18,4,14,高橋-內壢,2023-11-15,5323
3706,神達,14,0,14,高橋-內壢,2023-11-15,5323
2449,京元電子,14,0,14,高橋-內壢,2023-11-15,5323
1815,富喬,13,0,13,高橋-內壢,2023-11-15,5323
2610,華航,19,6,13,高橋-內壢,2023-11-15,5323
00751B,元大AAA至A公司債,10,0,10,高橋-內壢,2023-11-15,5323
2608,嘉里大榮,10,0,10,高橋-內壢,2023-11-15,5323
3374,精材,10,0,10,高橋-內壢,2023-11-15,5323
6112,邁達特,10,0,10,高橋-內壢,2023-11-15,5323
6133,金橋,10,0,10,高橋-內壢,2023-11-15,5323
3032,偉訓,10,1,9,高橋-內壢,2023-11-15,5323
00930,永豐ESG低碳高息,8,0,8,高橋-內壢,2023-11-15,5323
2402,毅嘉,31,23,8,高橋-內壢,2023-11-15,5323
2886,兆豐金,10,2,8,高橋-內壢,2023-11-15,5323
4128,中天,9,1,8,高橋-內壢,2023-11-15,5323
1734,杏輝,7,0,7,高橋-內壢,2023-11-15,5323
00929,復華台灣科技優息,14,8,6,高橋-內壢,2023-11-15,5323
1605,華新,26,20,6,高橋-內壢,2023-11-15,5323
2413,環科,6,0,6,高橋-內壢,2023-11-15,5323
6120,達運,6,0,6,高橋-內壢,2023-11-15,5323
8034,榮群,6,0,6,高橋-內壢,2023-11-15,5323
2353,宏��,5,0,5,高橋-內壢,2023-11-15,5323
00722B,群益投資級電信債,5,0,5,高橋-內壢,2023-11-15,5323
00720B,元大投資級公司債,5,0,5,高橋-內壢,2023-11-15,5323
00687B,國泰20年美債,5,0,5,高橋-內壢,2023-11-15,5323
2492,華新科,7,2,5,高橋-內壢,2023-11-15,5323
3483,力致,5,0,5,高橋-內壢,2023-11-15,5323
6156,松上,5,0,5,高橋-內壢,2023-11-15,5323
2382,廣達,7,3,4,高橋-內壢,2023-11-15,5323
00919,群益台灣精選高息,4,0,4,高橋-內壢,2023-11-15,5323
3122,笙泉,4,0,4,高橋-內壢,2023-11-15,5323
4967,十銓,7,3,4,高橋-內壢,2023-11-15,5323
00935,野村臺灣新科技50,3,0,3,高橋-內壢,2023-11-15,5323
1471,首利,3,0,3,高橋-內壢,2023-11-15,5323
2369,菱生,8,5,3,高橋-內壢,2023-11-15,5323
2454,聯發科,3,0,3,高橋-內壢,2023-11-15,5323
3062,建漢,3,0,3,高橋-內壢,2023-11-15,5323
3202,樺晟,3,0,3,高橋-內壢,2023-11-15,5323
6443,元晶,102,0,102,高橋-內壢,2023-11-16,5323
00632R,元大台灣50反1,63,0,63,高橋-內壢,2023-11-16,5323
00669R,國泰美國道瓊反1,60,0,60,高橋-內壢,2023-11-16,5323
2889,國票金,32,0,32,高橋-內壢,2023-11-16,5323
2885,元大金,31,0,31,高橋-內壢,2023-11-16,5323
00929,復華台灣科技優息,29,3,26,高橋-內壢,2023-11-16,5323
2886,兆豐金,30,4,26,高橋-內壢,2023-11-16,5323
2816,旺旺保,22,0,22,高橋-內壢,2023-11-16,5323
6290,良維,30,10,20,高橋-內壢,2023-11-16,5323
2417,圓剛,20,1,19,高橋-內壢,2023-11-16,5323
00878,國泰永續高股息,33,16,17,高橋-內壢,2023-11-16,5323
8277,商丞,14,0,14,高橋-內壢,2023-11-16,5323
00934,中信成長高股息,10,0,10,高橋-內壢,2023-11-16,5323
00688L,國泰20年美債正2,10,0,10,高橋-內壢,2023-11-16,5323
4906,正文,10,0,10,高橋-內壢,2023-11-16,5323
6156,松上,10,0,10,高橋-內壢,2023-11-16,5323
6547,高端疫苗,9,0,9,高橋-內壢,2023-11-16,5323
0056,元大高股息,10,1,9,高橋-內壢,2023-11-16,5323
8076,伍豐,8,0,8,高橋-內壢,2023-11-16,5323
6695,芯鼎,7,0,7,高橋-內壢,2023-11-16,5323
00935,野村臺灣新科技50,8,1,7,高橋-內壢,2023-11-16,5323
00918,大華優利高填息30,7,0,7,高橋-內壢,2023-11-16,5323
3372,典範,10,3,7,高橋-內壢,2023-11-16,5323
2352,佳世達,6,0,6,高橋-內壢,2023-11-16,5323
1815,富喬,18,12,6,高橋-內壢,2023-11-16,5323
2337,旺宏,6,0,6,高橋-內壢,2023-11-16,5323
4968,立積,6,0,6,高橋-內壢,2023-11-16,5323
2329,華泰,20,15,5,高橋-內壢,2023-11-16,5323
00772B,中信高評級公司債,5,0,5,高橋-內壢,2023-11-16,5323
2436,偉詮電,5,0,5,高橋-內壢,2023-11-16,5323
3252,海灣,5,0,5,高橋-內壢,2023-11-16,5323
3708,上緯投控,5,0,5,高橋-內壢,2023-11-16,5323
4967,十銓,5,0,5,高橋-內壢,2023-11-16,5323
6143,振曜,5,0,5,高橋-內壢,2023-11-16,5323
6414,樺漢,5,0,5,高橋-內壢,2023-11-16,5323
9934,成霖,5,0,5,高橋-內壢,2023-11-16,5323
2812,台中銀,5,0,5,高橋-內壢,2023-11-16,5323
2603,長榮,7,3,4,高橋-內壢,2023-11-16,5323
1101,台泥,4,0,4,高橋-內壢,2023-11-16,5323
00931B,統一美債20年,4,0,4,高橋-內壢,2023-11-16,5323
00915,凱基優選高股息30,4,0,4,高橋-內壢,2023-11-16,5323
2888,新光金,10,6,4,高橋-內壢,2023-11-16,5323
4945,陞達科技,4,0,4,高橋-內壢,2023-11-16,5323
6120,達運,4,0,4,高橋-內壢,2023-11-16,5323
3231,緯創,29,26,3,高橋-內壢,2023-11-16,5323
1449,佳和,5,2,3,高橋-內壢,2023-11-16,5323
1504,東元,7,4,3,高橋-內壢,2023-11-16,5323
00687B,國泰20年美債,3,0,3,高橋-內壢,2023-11-16,5323
00679B,元大美債20年,3,0,3,高橋-內壢,2023-11-16,5323
00712,復華富時不動產,3,0,3,高橋-內壢,2023-11-16,5323
2610,華航,170,21,149,高橋-內壢,2023-11-17,5323
2618,長榮航,159,51,108,高橋-內壢,2023-11-17,5323
00929,復華台灣科技優息,110,9,101,高橋-內壢,2023-11-17,5323
2417,圓剛,44,0,44,高橋-內壢,2023-11-17,5323
2816,旺旺保,40,1,39,高橋-內壢,2023-11-17,5323
3041,揚智,65,28,37,高橋-內壢,2023-11-17,5323
2886,兆豐金,30,0,30,高橋-內壢,2023-11-17,5323
00669R,國泰美國道瓊反1,20,0,20,高橋-內壢,2023-11-17,5323
00632R,元大台灣50反1,20,0,20,高橋-內壢,2023-11-17,5323
00882,中信中國高股息,17,0,17,高橋-內壢,2023-11-17,5323
5531,鄉林,18,2,16,高橋-內壢,2023-11-17,5323
00918,大華優利高填息30,21,7,14,高橋-內壢,2023-11-17,5323
2743,山富,18,4,14,高橋-內壢,2023-11-17,5323
0056,元大高股息,16,2,14,高橋-內壢,2023-11-17,5323
00935,野村臺灣新科技50,20,7,13,高橋-內壢,2023-11-17,5323
5490,同亨,13,0,13,高橋-內壢,2023-11-17,5323
8163,達方,20,7,13,高橋-內壢,2023-11-17,5323
1301,台塑,12,2,10,高橋-內壢,2023-11-17,5323
00696B,富邦美債20年,10,0,10,高橋-內壢,2023-11-17,5323
5347,世界,10,0,10,高橋-內壢,2023-11-17,5323
6158,禾昌,10,0,10,高橋-內壢,2023-11-17,5323
6443,元晶,10,0,10,高橋-內壢,2023-11-17,5323
8048,德勝,10,0,10,高橋-內壢,2023-11-17,5323
00915,凱基優選高股息30,9,0,9,高橋-內壢,2023-11-17,5323
2312,金寶,8,0,8,高橋-內壢,2023-11-17,5323
2736,富野,10,2,8,高橋-內壢,2023-11-17,5323
3231,緯創,14,6,8,高橋-內壢,2023-11-17,5323
3689,湧德,8,0,8,高橋-內壢,2023-11-17,5323
6282,康舒,11,3,8,高橋-內壢,2023-11-17,5323
6799,來頡,10,2,8,高橋-內壢,2023-11-17,5323
00679B,元大美債20年,7,0,7,高橋-內壢,2023-11-17,5323
2353,宏��,7,0,7,高橋-內壢,2023-11-17,5323
1815,富喬,9,3,6,高橋-內壢,2023-11-17,5323
2376,技嘉,6,0,6,高橋-內壢,2023-11-17,5323
00934,中信成長高股息,7,1,6,高橋-內壢,2023-11-17,5323
00878,國泰永續高股息,10,4,6,高橋-內壢,2023-11-17,5323
2356,英業達,18,12,6,高橋-內壢,2023-11-17,5323
6156,松上,6,0,6,高橋-內壢,2023-11-17,5323
6257,矽格,6,0,6,高橋-內壢,2023-11-17,5323
00712,復華富時不動產,14,9,5,高橋-內壢,2023-11-17,5323
3025,星通,6,1,5,高橋-內壢,2023-11-17,5323
5457,宣德,5,0,5,高橋-內壢,2023-11-17,5323
5608,四維航,5,0,5,高橋-內壢,2023-11-17,5323
6269,台郡,5,0,5,高橋-內壢,2023-11-17,5323
6584,南俊國際,5,0,5,高橋-內壢,2023-11-17,5323
6589,台康生技,11,6,5,高橋-內壢,2023-11-17,5323
8110,華東,5,0,5,高橋-內壢,2023-11-17,5323
2603,長榮,4,0,4,高橋-內壢,2023-11-17,5323
1609,大亞,5,1,4,高橋-內壢,2023-11-17,5323
2609,陽明,12,8,4,高橋-內壢,2023-11-17,5323
5531,鄉林,45,2,43,高橋-內壢,2023-11-20,5323
8044,網家,32,0,32,高橋-內壢,2023-11-20,5323
2888,新光金,31,0,31,高橋-內壢,2023-11-20,5323
2610,華航,29,1,28,高橋-內壢,2023-11-20,5323
3521,鴻翊,24,0,24,高橋-內壢,2023-11-20,5323
00934,中信成長高股息,22,0,22,高橋-內壢,2023-11-20,5323
2501,國建,20,0,20,高橋-內壢,2023-11-20,5323
2834,臺企銀,20,0,20,高橋-內壢,2023-11-20,5323
5351,鈺創,21,4,17,高橋-內壢,2023-11-20,5323
1307,三芳,16,0,16,高橋-內壢,2023-11-20,5323
2201,裕隆,15,0,15,高橋-內壢,2023-11-20,5323
00885,富邦越南,15,1,14,高橋-內壢,2023-11-20,5323
2743,山富,14,2,12,高橋-內壢,2023-11-20,5323
3006,晶豪科,13,1,12,高橋-內壢,2023-11-20,5323
2492,華新科,11,0,11,高橋-內壢,2023-11-20,5323
3545,敦泰,14,3,11,高橋-內壢,2023-11-20,5323
3481,群創,12,2,10,高橋-內壢,2023-11-20,5323
00935,野村臺灣新科技50,10,0,10,高橋-內壢,2023-11-20,5323
00933B,國泰10Y+金融債,10,0,10,高橋-內壢,2023-11-20,5323
00669R,國泰美國道瓊反1,10,0,10,高橋-內壢,2023-11-20,5323
3252,海灣,10,0,10,高橋-內壢,2023-11-20,5323
6120,達運,10,0,10,高橋-內壢,2023-11-20,5323
6442,光聖,10,0,10,高橋-內壢,2023-11-20,5323
8050,廣積,10,0,10,高橋-內壢,2023-11-20,5323
2356,英業達,20,11,9,高橋-內壢,2023-11-20,5323
2382,廣達,11,2,9,高橋-內壢,2023-11-20,5323
2462,良得電,11,2,9,高橋-內壢,2023-11-20,5323
6257,矽格,9,0,9,高橋-內壢,2023-11-20,5323
2748,雲品,11,3,8,高橋-內壢,2023-11-20,5323
00725B,國泰投資級公司債,7,0,7,高橋-內壢,2023-11-20,5323
2618,長榮航,14,7,7,高橋-內壢,2023-11-20,5323
3576,聯合再生,18,11,7,高橋-內壢,2023-11-20,5323
6188,廣明,7,0,7,高橋-內壢,2023-11-20,5323
8048,德勝,7,0,7,高橋-內壢,2023-11-20,5323
2603,長榮,6,0,6,高橋-內壢,2023-11-20,5323
6469,大樹,6,0,6,高橋-內壢,2023-11-20,5323
3707,漢磊,6,0,6,高橋-內壢,2023-11-20,5323
6589,台康生技,6,0,6,高橋-內壢,2023-11-20,5323
6770,力積電,6,0,6,高橋-內壢,2023-11-20,5323
8033,雷虎,6,0,6,高橋-內壢,2023-11-20,5323
1402,遠東新,5,0,5,高橋-內壢,2023-11-20,5323
2314,台揚,10,5,5,高橋-內壢,2023-11-20,5323
2402,毅嘉,11,6,5,高橋-內壢,2023-11-20,5323
2409,友達,5,0,5,高橋-內壢,2023-11-20,5323
3047,訊舟,5,0,5,高橋-內壢,2023-11-20,5323
3276,宇環,5,0,5,高橋-內壢,2023-11-20,5323
3583,辛耘,5,0,5,高橋-內壢,2023-11-20,5323
3645,達邁,5,0,5,高橋-內壢,2023-11-20,5323
6117,迎廣,5,0,5,高橋-內壢,2023-11-20,5323
8089,康全電訊,5,0,5,高橋-內壢,2023-11-20,5323
00688L,國泰20年美債正2,75,0,75,高橋-內壢,2023-11-21,5323
00919,群益台灣精選高息,86,25,61,高橋-內壢,2023-11-21,5323
2888,新光金,40,1,39,高橋-內壢,2023-11-21,5323
6125,廣運,34,4,30,高橋-內壢,2023-11-21,5323
2834,臺企銀,26,0,26,高橋-內壢,2023-11-21,5323
6237,驊訊,28,2,26,高橋-內壢,2023-11-21,5323
1569,濱川,25,0,25,高橋-內壢,2023-11-21,5323
2886,兆豐金,30,8,22,高橋-內壢,2023-11-21,5323
3041,揚智,41,19,22,高橋-內壢,2023-11-21,5323
6104,創惟,24,3,21,高橋-內壢,2023-11-21,5323
8076,伍豐,17,0,17,高橋-內壢,2023-11-21,5323
3044,健鼎,15,0,15,高橋-內壢,2023-11-21,5323
8028,昇陽半導體,15,0,15,高橋-內壢,2023-11-21,5323
8936,國統,15,2,13,高橋-內壢,2023-11-21,5323
5347,世界,16,4,12,高橋-內壢,2023-11-21,5323
00882,中信中國高股息,12,1,11,高橋-內壢,2023-11-21,5323
8040,九暘,11,0,11,高橋-內壢,2023-11-21,5323
6282,康舒,13,2,11,高橋-內壢,2023-11-21,5323
00669R,國泰美國道瓊反1,10,0,10,高橋-內壢,2023-11-21,5323
00933B,國泰10Y+金融債,10,0,10,高橋-內壢,2023-11-21,5323
2436,偉詮電,33,24,9,高橋-內壢,2023-11-21,5323
2401,凌陽,19,11,8,高橋-內壢,2023-11-21,5323
3701,大眾控,9,1,8,高橋-內壢,2023-11-21,5323
6139,亞翔,10,2,8,高橋-內壢,2023-11-21,5323
2352,佳世達,8,1,7,高橋-內壢,2023-11-21,5323
00929,復華台灣科技優息,51,44,7,高橋-內壢,2023-11-21,5323
2314,台揚,7,0,7,高橋-內壢,2023-11-21,5323
2421,建準,10,3,7,高橋-內壢,2023-11-21,5323
2449,京元電子,7,0,7,高橋-內壢,2023-11-21,5323
2618,長榮航,132,125,7,高橋-內壢,2023-11-21,5323
3715,定穎投控,17,10,7,高橋-內壢,2023-11-21,5323
5490,同亨,7,0,7,高橋-內壢,2023-11-21,5323
8034,榮群,10,3,7,高橋-內壢,2023-11-21,5323
00795B,中信美國公債20年,6,0,6,高橋-內壢,2023-11-21,5323
5244,弘凱,6,0,6,高橋-內壢,2023-11-21,5323
6606,建德工業,6,0,6,高橋-內壢,2023-11-21,5323
3268,海德威,6,1,5,高橋-內壢,2023-11-21,5323
6806,森崴能源,5,0,5,高橋-內壢,2023-11-21,5323
00722B,群益投資級電信債,5,0,5,高橋-內壢,2023-11-21,5323
1446,宏和,5,0,5,高橋-內壢,2023-11-21,5323
1524,耿鼎,7,2,5,高橋-內壢,2023-11-21,5323
1529,樂事綠能,5,0,5,高橋-內壢,2023-11-21,5323
2243,宏旭-KY,5,0,5,高橋-內壢,2023-11-21,5323
2303,聯電,12,7,5,高橋-內壢,2023-11-21,5323
2367,燿華,17,12,5,高橋-內壢,2023-11-21,5323
2910,統領,5,0,5,高橋-內壢,2023-11-21,5323
3252,海灣,5,0,5,高橋-內壢,2023-11-21,5323
5905,南仁湖,5,0,5,高橋-內壢,2023-11-21,5323
9928,中視,5,0,5,高橋-內壢,2023-11-21,5323
2258,鴻華先進-創,4,0,4,高橋-內壢,2023-11-21,5323
2618,長榮航,198,38,160,高橋-內壢,2023-11-22,5323
3437,榮創,66,3,63,高橋-內壢,2023-11-22,5323
2888,新光金,60,0,60,高橋-內壢,2023-11-22,5323
2891,中信金,60,7,53,高橋-內壢,2023-11-22,5323
2610,華航,54,7,47,高橋-內壢,2023-11-22,5323
00680L,元大美債20正2,45,0,45,高橋-內壢,2023-11-22,5323
3231,緯創,50,10,40,高橋-內壢,2023-11-22,5323
2356,英業達,47,7,40,高橋-內壢,2023-11-22,5323
2601,益航,36,0,36,高橋-內壢,2023-11-22,5323
8076,伍豐,34,0,34,高橋-內壢,2023-11-22,5323
5490,同亨,27,0,27,高橋-內壢,2023-11-22,5323
00918,大華優利高填息30,23,0,23,高橋-內壢,2023-11-22,5323
5392,能率,23,0,23,高橋-內壢,2023-11-22,5323
3257,虹冠電,21,2,19,高橋-內壢,2023-11-22,5323
0056,元大高股息,18,0,18,高橋-內壢,2023-11-22,5323
2201,裕隆,17,0,17,高橋-內壢,2023-11-22,5323
2834,臺企銀,17,0,17,高橋-內壢,2023-11-22,5323
2382,廣達,22,7,15,高橋-內壢,2023-11-22,5323
00919,群益台灣精選高息,13,0,13,高橋-內壢,2023-11-22,5323
2449,京元電子,11,0,11,高橋-內壢,2023-11-22,5323
3047,訊舟,11,0,11,高橋-內壢,2023-11-22,5323
00933B,國泰10Y+金融債,10,0,10,高橋-內壢,2023-11-22,5323
00902,中信電池及儲能,10,0,10,高橋-內壢,2023-11-22,5323
2102,泰豐,10,0,10,高橋-內壢,2023-11-22,5323
3032,偉訓,10,0,10,高橋-內壢,2023-11-22,5323
3323,加百裕,10,0,10,高橋-內壢,2023-11-22,5323
6223,旺矽,11,1,10,高橋-內壢,2023-11-22,5323
00878,國泰永續高股息,10,0,10,高橋-內壢,2023-11-22,5323
2002,中鋼,9,0,9,高橋-內壢,2023-11-22,5323
1909,榮成,8,0,8,高橋-內壢,2023-11-22,5323
3481,群創,8,0,8,高橋-內壢,2023-11-22,5323
3706,神達,16,8,8,高橋-內壢,2023-11-22,5323
2014,中鴻,160,153,7,高橋-內壢,2023-11-22,5323
2352,佳世達,7,0,7,高橋-內壢,2023-11-22,5323
5258,虹堡,9,2,7,高橋-內壢,2023-11-22,5323
6418,詠昇,20,13,7,高橋-內壢,2023-11-22,5323
8011,台通,12,5,7,高橋-內壢,2023-11-22,5323
6125,廣運,6,0,6,高橋-內壢,2023-11-22,5323
8033,雷虎,6,0,6,高橋-內壢,2023-11-22,5323
2301,光寶科,15,10,5,高橋-內壢,2023-11-22,5323
2330,台積電,6,1,5,高橋-內壢,2023-11-22,5323
00915,凱基優選高股息30,5,0,5,高橋-內壢,2023-11-22,5323
2492,華新科,10,5,5,高橋-內壢,2023-11-22,5323
2501,國建,5,0,5,高橋-內壢,2023-11-22,5323
2543,皇昌,6,1,5,高橋-內壢,2023-11-22,5323
2722,夏都,5,0,5,高橋-內壢,2023-11-22,5323
3088,艾訊,5,0,5,高橋-內壢,2023-11-22,5323
3515,華擎,7,2,5,高橋-內壢,2023-11-22,5323
5425,台半,5,0,5,高橋-內壢,2023-11-22,5323
5706,鳳凰,6,1,5,高橋-內壢,2023-11-22,5323
00929,復華台灣科技優息,108,2,106,高橋-內壢,2023-11-23,5323
00632R,元大台灣50反1,100,0,100,高橋-內壢,2023-11-23,5323
00919,群益台灣精選高息,60,0,60,高橋-內壢,2023-11-23,5323
2891,中信金,40,0,40,高橋-內壢,2023-11-23,5323
00934,中信成長高股息,31,0,31,高橋-內壢,2023-11-23,5323
2886,兆豐金,30,0,30,高橋-內壢,2023-11-23,5323
2303,聯電,31,2,29,高橋-內壢,2023-11-23,5323
3231,緯創,43,15,28,高橋-內壢,2023-11-23,5323
6282,康舒,37,11,26,高橋-內壢,2023-11-23,5323
1301,台塑,23,0,23,高橋-內壢,2023-11-23,5323
6233,旺玖,23,0,23,高橋-內壢,2023-11-23,5323
3521,鴻翊,21,0,21,高橋-內壢,2023-11-23,5323
2405,輔信,21,1,20,高橋-內壢,2023-11-23,5323
2329,華泰,18,1,17,高橋-內壢,2023-11-23,5323
5521,工信,30,14,16,高橋-內壢,2023-11-23,5323
3450,聯鈞,17,1,16,高橋-內壢,2023-11-23,5323
6117,迎廣,27,11,16,高橋-內壢,2023-11-23,5323
2317,鴻海,15,0,15,高橋-內壢,2023-11-23,5323
3044,健鼎,15,0,15,高橋-內壢,2023-11-23,5323
3701,大眾控,16,1,15,高橋-內壢,2023-11-23,5323
3031,佰鴻,14,0,14,高橋-內壢,2023-11-23,5323
6139,亞翔,14,0,14,高橋-內壢,2023-11-23,5323
2458,義隆,12,0,12,高橋-內壢,2023-11-23,5323
2449,京元電子,11,0,11,高橋-內壢,2023-11-23,5323
3169,亞信,11,0,11,高橋-內壢,2023-11-23,5323
6456,GIS-KY,11,0,11,高橋-內壢,2023-11-23,5323
1451,年興,10,0,10,高橋-內壢,2023-11-23,5323
00687B,國泰20年美債,10,0,10,高橋-內壢,2023-11-23,5323
00679B,元大美債20年,10,0,10,高橋-內壢,2023-11-23,5323
00915,凱基優選高股息30,10,0,10,高橋-內壢,2023-11-23,5323
1802,台玻,13,3,10,高橋-內壢,2023-11-23,5323
2498,宏達電,11,1,10,高橋-內壢,2023-11-23,5323
2913,農林,10,0,10,高橋-內壢,2023-11-23,5323
3305,昇貿,10,0,10,高橋-內壢,2023-11-23,5323
6143,振曜,10,0,10,高橋-內壢,2023-11-23,5323
00713,元大台灣高息低波,10,0,10,高橋-內壢,2023-11-23,5323
00932,兆豐永續高息等權,10,2,8,高橋-內壢,2023-11-23,5323
2328,廣宇,8,0,8,高橋-內壢,2023-11-23,5323
2601,益航,8,0,8,高橋-內壢,2023-11-23,5323
3057,喬鼎,8,0,8,高橋-內壢,2023-11-23,5323
8034,榮群,8,0,8,高橋-內壢,2023-11-23,5323
2516,新建,20,13,7,高橋-內壢,2023-11-23,5323
4961,天鈺,7,0,7,高橋-內壢,2023-11-23,5323
6442,光聖,7,0,7,高橋-內壢,2023-11-23,5323
6684,安格,8,1,7,高橋-內壢,2023-11-23,5323
8033,雷虎,10,3,7,高橋-內壢,2023-11-23,5323
2399,映泰,6,0,6,高橋-內壢,2023-11-23,5323
2834,臺企銀,18,12,6,高橋-內壢,2023-11-23,5323
3707,漢磊,6,0,6,高橋-內壢,2023-11-23,5323
4973,廣穎,6,0,6,高橋-內壢,2023-11-23,5323
2618,長榮航,232,19,213,高橋-內壢,2023-11-24,5323
2610,華航,203,5,198,高橋-內壢,2023-11-24,5323
5531,鄉林,35,2,33,高橋-內壢,2023-11-24,5323
2102,泰豐,30,0,30,高橋-內壢,2023-11-24,5323
1314,中石化,30,1,29,高橋-內壢,2023-11-24,5323
2888,新光金,32,5,27,高橋-內壢,2023-11-24,5323
2344,華邦電,23,1,22,高橋-內壢,2023-11-24,5323
1815,富喬,22,1,21,高橋-內壢,2023-11-24,5323
2405,輔信,22,2,20,高橋-內壢,2023-11-24,5323
3576,聯合再生,40,20,20,高橋-內壢,2023-11-24,5323
2353,宏��,20,1,19,高橋-內壢,2023-11-24,5323
2363,矽統,83,64,19,高橋-內壢,2023-11-24,5323
8044,網家,17,0,17,高橋-內壢,2023-11-24,5323
2382,廣達,16,0,16,高橋-內壢,2023-11-24,5323
2356,英業達,22,6,16,高橋-內壢,2023-11-24,5323
3047,訊舟,14,0,14,高橋-內壢,2023-11-24,5323
1605,華新,13,1,12,高橋-內壢,2023-11-24,5323
3006,晶豪科,12,0,12,高橋-內壢,2023-11-24,5323
2816,旺旺保,11,0,11,高橋-內壢,2023-11-24,5323
00935,野村臺灣新科技50,10,0,10,高橋-內壢,2023-11-24,5323
00923,群益台ESG低碳50,10,0,10,高橋-內壢,2023-11-24,5323
00687B,國泰20年美債,11,1,10,高橋-內壢,2023-11-24,5323
3521,鴻翊,10,0,10,高橋-內壢,2023-11-24,5323
8931,大汽電,10,0,10,高橋-內壢,2023-11-24,5323
2748,雲品,15,6,9,高橋-內壢,2023-11-24,5323
2883,凱基金,14,5,9,高橋-內壢,2023-11-24,5323
5351,鈺創,62,53,9,高橋-內壢,2023-11-24,5323
6116,彩晶,9,0,9,高橋-內壢,2023-11-24,5323
00720B,元大投資級公司債,7,0,7,高橋-內壢,2023-11-24,5323
5706,鳳凰,8,1,7,高橋-內壢,2023-11-24,5323
2449,京元電子,6,0,6,高橋-內壢,2023-11-24,5323
00931B,統一美債20年,8,2,6,高橋-內壢,2023-11-24,5323
1471,首利,8,2,6,高橋-內壢,2023-11-24,5323
2436,偉詮電,11,5,6,高橋-內壢,2023-11-24,5323
3701,大眾控,7,1,6,高橋-內壢,2023-11-24,5323
6139,亞翔,6,0,6,高橋-內壢,2023-11-24,5323
6164,華興,6,0,6,高橋-內壢,2023-11-24,5323
3105,穩懋,9,3,6,高橋-內壢,2023-11-24,5323
3706,神達,8,3,5,高橋-內壢,2023-11-24,5323
6235,華孚,6,1,5,高橋-內壢,2023-11-24,5323
2329,華泰,8,3,5,高橋-內壢,2023-11-24,5323
00722B,群益投資級電信債,5,0,5,高橋-內壢,2023-11-24,5323
1529,樂事綠能,6,1,5,高橋-內壢,2023-11-24,5323
1809,中釉,5,0,5,高橋-內壢,2023-11-24,5323
2002,中鋼,5,0,5,高橋-內壢,2023-11-24,5323
2317,鴻海,5,0,5,高橋-內壢,2023-11-24,5323
3055,蔚華科,5,0,5,高橋-內壢,2023-11-24,5323
3515,華擎,5,0,5,高橋-內壢,2023-11-24,5323
5244,弘凱,5,0,5,高橋-內壢,2023-11-24,5323
1718,中纖,4,0,4,高橋-內壢,2023-11-24,5323
00632R,元大台灣50反1,175,10,165,高橋-內壢,2023-11-27,5323
2374,佳能,80,0,80,高橋-內壢,2023-11-27,5323
2618,長榮航,69,1,68,高橋-內壢,2023-11-27,5323
8076,伍豐,63,0,63,高橋-內壢,2023-11-27,5323
6443,元晶,50,2,48,高橋-內壢,2023-11-27,5323
2358,廷鑫,34,0,34,高橋-內壢,2023-11-27,5323
00918,大華優利高填息30,33,0,33,高橋-內壢,2023-11-27,5323
00929,復華台灣科技優息,32,0,32,高橋-內壢,2023-11-27,5323
2102,泰豐,30,0,30,高橋-內壢,2023-11-27,5323
2344,華邦電,38,10,28,高橋-內壢,2023-11-27,5323
2888,新光金,28,0,28,高橋-內壢,2023-11-27,5323
2834,臺企銀,27,0,27,高橋-內壢,2023-11-27,5323
6432,今展科,24,0,24,高橋-內壢,2023-11-27,5323
00878,國泰永續高股息,24,0,24,高橋-內壢,2023-11-27,5323
6127,九豪,22,0,22,高橋-內壢,2023-11-27,5323
6116,彩晶,20,0,20,高橋-內壢,2023-11-27,5323
2886,兆豐金,20,2,18,高橋-內壢,2023-11-27,5323
2317,鴻海,16,0,16,高橋-內壢,2023-11-27,5323
3231,緯創,43,29,14,高橋-內壢,2023-11-27,5323
6789,采鈺,13,0,13,高橋-內壢,2023-11-27,5323
1718,中纖,13,0,13,高橋-內壢,2023-11-27,5323
00923,群益台ESG低碳50,12,0,12,高橋-內壢,2023-11-27,5323
2867,三商壽,12,0,12,高橋-內壢,2023-11-27,5323
3521,鴻翊,11,0,11,高橋-內壢,2023-11-27,5323
3006,晶豪科,13,3,10,高橋-內壢,2023-11-27,5323
00669R,國泰美國道瓊反1,10,0,10,高橋-內壢,2023-11-27,5323
00690,兆豐藍籌30,10,0,10,高橋-內壢,2023-11-27,5323
2355,敬鵬,10,0,10,高橋-內壢,2023-11-27,5323
2515,中工,10,0,10,高橋-內壢,2023-11-27,5323
6173,信昌電,10,0,10,高橋-內壢,2023-11-27,5323
2313,華通,24,15,9,高橋-內壢,2023-11-27,5323
2337,旺宏,10,1,9,高橋-內壢,2023-11-27,5323
3374,精材,10,1,9,高橋-內壢,2023-11-27,5323
6117,迎廣,14,5,9,高橋-內壢,2023-11-27,5323
2449,京元電子,8,0,8,高橋-內壢,2023-11-27,5323
5706,鳳凰,8,0,8,高橋-內壢,2023-11-27,5323
4121,優盛,7,0,7,高橋-內壢,2023-11-27,5323
6104,創惟,12,5,7,高橋-內壢,2023-11-27,5323
00720B,元大投資級公司債,6,0,6,高橋-內壢,2023-11-27,5323
2201,裕隆,8,2,6,高橋-內壢,2023-11-27,5323
2501,國建,6,0,6,高橋-內壢,2023-11-27,5323
2883,凱基金,6,0,6,高橋-內壢,2023-11-27,5323
3017,奇鋐,7,1,6,高橋-內壢,2023-11-27,5323
3055,蔚華科,6,0,6,高橋-內壢,2023-11-27,5323
3701,大眾控,6,0,6,高橋-內壢,2023-11-27,5323
4529,淳紳,6,0,6,高橋-內壢,2023-11-27,5323
4968,立積,6,0,6,高橋-內壢,2023-11-27,5323
6129,普誠,6,0,6,高橋-內壢,2023-11-27,5323
6164,華興,6,0,6,高橋-內壢,2023-11-27,5323
0056,元大高股息,6,1,5,高橋-內壢,2023-11-27,5323
00632R,元大台灣50反1,144,0,144,高橋-內壢,2023-11-28,5323
6443,元晶,35,0,35,高橋-內壢,2023-11-28,5323
2002,中鋼,31,2,29,高橋-內壢,2023-11-28,5323
2353,宏��,26,0,26,高橋-內壢,2023-11-28,5323
6432,今展科,20,0,20,高橋-內壢,2023-11-28,5323
2358,廷鑫,19,0,19,高橋-內壢,2023-11-28,5323
8163,達方,20,1,19,高橋-內壢,2023-11-28,5323
2641,正德,22,5,17,高橋-內壢,2023-11-28,5323
2888,新光金,17,1,16,高橋-內壢,2023-11-28,5323
3689,湧德,16,1,15,高橋-內壢,2023-11-28,5323
5351,鈺創,93,78,15,高橋-內壢,2023-11-28,5323
1701,中化,12,0,12,高橋-內壢,2023-11-28,5323
00669R,國泰美國道瓊反1,10,0,10,高橋-內壢,2023-11-28,5323
00753L,中信中國50正2,10,0,10,高橋-內壢,2023-11-28,5323
2102,泰豐,10,0,10,高橋-內壢,2023-11-28,5323
3707,漢磊,10,0,10,高橋-內壢,2023-11-28,5323
8111,立��,10,0,10,高橋-內壢,2023-11-28,5323
3231,緯創,14,5,9,高橋-內壢,2023-11-28,5323
1307,三芳,9,0,9,高橋-內壢,2023-11-28,5323
00919,群益台灣精選高息,12,3,9,高橋-內壢,2023-11-28,5323
4133,亞諾法,8,0,8,高橋-內壢,2023-11-28,5323
4961,天鈺,9,1,8,高橋-內壢,2023-11-28,5323
00733,富邦臺灣中小,8,1,7,高橋-內壢,2023-11-28,5323
5347,世界,18,11,7,高橋-內壢,2023-11-28,5323
6139,亞翔,9,2,7,高橋-內壢,2023-11-28,5323
00885,富邦越南,6,0,6,高橋-內壢,2023-11-28,5323
1762,中化生,6,0,6,高橋-內壢,2023-11-28,5323
2383,台光電,8,2,6,高橋-內壢,2023-11-28,5323
3041,揚智,10,4,6,高橋-內壢,2023-11-28,5323
3694,海華,6,0,6,高橋-內壢,2023-11-28,5323
6143,振曜,6,0,6,高橋-內壢,2023-11-28,5323
8086,宏捷科,7,1,6,高橋-內壢,2023-11-28,5323
00933B,國泰10Y+金融債,5,0,5,高橋-內壢,2023-11-28,5323
2606,裕民,7,2,5,高橋-內壢,2023-11-28,5323
2630,亞航,5,0,5,高橋-內壢,2023-11-28,5323
2882,國泰金,5,0,5,高橋-內壢,2023-11-28,5323
3346,麗清,5,0,5,高橋-內壢,2023-11-28,5323
5258,虹堡,5,0,5,高橋-內壢,2023-11-28,5323
8033,雷虎,5,0,5,高橋-內壢,2023-11-28,5323
9928,中視,6,1,5,高橋-內壢,2023-11-28,5323
2436,偉詮電,8,3,5,高橋-內壢,2023-11-28,5323
2371,大同,5,0,5,高橋-內壢,2023-11-28,5323
3169,亞信,5,1,4,高橋-內壢,2023-11-28,5323
3374,精材,5,1,4,高橋-內壢,2023-11-28,5323
8261,富鼎,4,0,4,高橋-內壢,2023-11-28,5323
1325,恆大,3,0,3,高橋-內壢,2023-11-28,5323
0056,元大高股息,3,0,3,高橋-內壢,2023-11-28,5323
00878,國泰永續高股息,5,2,3,高橋-內壢,2023-11-28,5323
1718,中纖,3,0,3,高橋-內壢,2023-11-28,5323
2605,新興,6,3,3,高橋-內壢,2023-11-28,5323
2618,長榮航,241,2,239,高橋-內壢,2023-11-29,5323
2014,中鴻,203,1,202,高橋-內壢,2023-11-29,5323
00680L,元大美債20正2,78,0,78,高橋-內壢,2023-11-29,5323
00632R,元大台灣50反1,60,20,40,高橋-內壢,2023-11-29,5323
00882,中信中國高股息,39,0,39,高橋-內壢,2023-11-29,5323
4114,健喬,31,4,27,高橋-內壢,2023-11-29,5323
2603,長榮,22,0,22,高橋-內壢,2023-11-29,5323
00933B,國泰10Y+金融債,18,0,18,高橋-內壢,2023-11-29,5323
2630,亞航,18,0,18,高橋-內壢,2023-11-29,5323
00669R,國泰美國道瓊反1,15,0,15,高橋-內壢,2023-11-29,5323
00923,群益台ESG低碳50,14,0,14,高橋-內壢,2023-11-29,5323
00679B,元大美債20年,13,0,13,高橋-內壢,2023-11-29,5323
1718,中纖,12,0,12,高橋-內壢,2023-11-29,5323
2886,兆豐金,12,0,12,高橋-內壢,2023-11-29,5323
1319,東陽,13,2,11,高橋-內壢,2023-11-29,5323
3006,晶豪科,11,0,11,高橋-內壢,2023-11-29,5323
3013,晟銘電,11,0,11,高橋-內壢,2023-11-29,5323
3521,鴻翊,11,0,11,高橋-內壢,2023-11-29,5323
1409,新纖,10,0,10,高橋-內壢,2023-11-29,5323
2427,三商電,10,0,10,高橋-內壢,2023-11-29,5323
3149,正達,11,1,10,高橋-內壢,2023-11-29,5323
3360,尚立,10,0,10,高橋-內壢,2023-11-29,5323
5381,合正,12,2,10,高橋-內壢,2023-11-29,5323
2610,華航,10,1,9,高橋-內壢,2023-11-29,5323
1307,三芳,9,0,9,高橋-內壢,2023-11-29,5323
1513,中興電,11,2,9,高橋-內壢,2023-11-29,5323
5351,鈺創,12,3,9,高橋-內壢,2023-11-29,5323
00712,復華富時不動產,8,0,8,高橋-內壢,2023-11-29,5323
3518,柏騰,8,0,8,高橋-內壢,2023-11-29,5323
2002,中鋼,7,0,7,高橋-內壢,2023-11-29,5323
3380,明泰,10,3,7,高橋-內壢,2023-11-29,5323
3515,華擎,14,7,7,高橋-內壢,2023-11-29,5323
00919,群益台灣精選高息,15,9,6,高橋-內壢,2023-11-29,5323
6143,振曜,6,0,6,高橋-內壢,2023-11-29,5323
00673R,期元大S＆P原油反1,5,0,5,高橋-內壢,2023-11-29,5323
1568,倉佑,5,0,5,高橋-內壢,2023-11-29,5323
1815,富喬,5,0,5,高橋-內壢,2023-11-29,5323
2313,華通,30,25,5,高橋-內壢,2023-11-29,5323
2748,雲品,7,2,5,高橋-內壢,2023-11-29,5323
6288,聯嘉,5,0,5,高橋-內壢,2023-11-29,5323
00720B,元大投資級公司債,4,0,4,高橋-內壢,2023-11-29,5323
00830,國泰費城半導體,4,0,4,高橋-內壢,2023-11-29,5323
2317,鴻海,6,2,4,高橋-內壢,2023-11-29,5323
2328,廣宇,4,0,4,高橋-內壢,2023-11-29,5323
2356,英業達,4,0,4,高橋-內壢,2023-11-29,5323
2882,國泰金,5,1,4,高橋-內壢,2023-11-29,5323
3624,光頡,5,1,4,高橋-內壢,2023-11-29,5323
4743,合一,4,0,4,高橋-內壢,2023-11-29,5323
6125,廣運,4,0,4,高橋-內壢,2023-11-29,5323
6235,華孚,4,0,4,高橋-內壢,2023-11-29,5323
2618,長榮航,106,3,103,高橋-內壢,2023-11-30,5323
2014,中鴻,100,20,80,高橋-內壢,2023-11-30,5323
00882,中信中國高股息,30,0,30,高橋-內壢,2023-11-30,5323
1312,國喬,27,0,27,高橋-內壢,2023-11-30,5323
3047,訊舟,25,0,25,高橋-內壢,2023-11-30,5323
1307,三芳,20,0,20,高橋-內壢,2023-11-30,5323
2408,南亞科,20,1,19,高橋-內壢,2023-11-30,5323
6271,同欣電,21,3,18,高橋-內壢,2023-11-30,5323
00919,群益台灣精選高息,16,0,16,高橋-內壢,2023-11-30,5323
2883,凱基金,20,4,16,高橋-內壢,2023-11-30,5323
00933B,國泰10Y+金融債,15,0,15,高橋-內壢,2023-11-30,5323
00830,國泰費城半導體,13,0,13,高橋-內壢,2023-11-30,5323
00642U,期元大S＆P石油,13,0,13,高橋-內壢,2023-11-30,5323
3037,欣興,13,0,13,高橋-內壢,2023-11-30,5323
00751B,元大AAA至A公司債,12,0,12,高橋-內壢,2023-11-30,5323
00720B,元大投資級公司債,12,0,12,高橋-內壢,2023-11-30,5323
2492,華新科,12,0,12,高橋-內壢,2023-11-30,5323
3432,台端,12,0,12,高橋-內壢,2023-11-30,5323
00719B,元大美債1-3,11,0,11,高橋-內壢,2023-11-30,5323
00885,富邦越南,10,0,10,高橋-內壢,2023-11-30,5323
1319,東陽,10,0,10,高橋-內壢,2023-11-30,5323
2201,裕隆,10,0,10,高橋-內壢,2023-11-30,5323
2359,所羅門,11,1,10,高橋-內壢,2023-11-30,5323
2489,瑞軒,10,0,10,高橋-內壢,2023-11-30,5323
2515,中工,10,0,10,高橋-內壢,2023-11-30,5323
2610,華航,10,0,10,高橋-內壢,2023-11-30,5323
2614,東森,10,0,10,高橋-內壢,2023-11-30,5323
2615,萬海,10,0,10,高橋-內壢,2023-11-30,5323
6509,聚和,10,0,10,高橋-內壢,2023-11-30,5323
3231,緯創,23,13,10,高橋-內壢,2023-11-30,5323
2458,義隆,10,1,9,高橋-內壢,2023-11-30,5323
6125,廣運,11,2,9,高橋-內壢,2023-11-30,5323
1443,立益物流,7,0,7,高橋-內壢,2023-11-30,5323
5351,鈺創,14,7,7,高橋-內壢,2023-11-30,5323
6770,力積電,13,6,7,高橋-內壢,2023-11-30,5323
2409,友達,6,0,6,高橋-內壢,2023-11-30,5323
3149,正達,6,0,6,高橋-內壢,2023-11-30,5323
3694,海華,12,6,6,高橋-內壢,2023-11-30,5323
6139,亞翔,6,0,6,高橋-內壢,2023-11-30,5323
9919,康那香,16,10,6,高橋-內壢,2023-11-30,5323
2303,聯電,5,0,5,高橋-內壢,2023-11-30,5323
00878,國泰永續高股息,6,1,5,高橋-內壢,2023-11-30,5323
00669R,國泰美國道瓊反1,5,0,5,高橋-內壢,2023-11-30,5323
00900,富邦特選高股息30,7,2,5,高橋-內壢,2023-11-30,5323
2332,友訊,11,6,5,高橋-內壢,2023-11-30,5323
2401,凌陽,8,3,5,高橋-內壢,2023-11-30,5323
2816,旺旺保,5,0,5,高橋-內壢,2023-11-30,5323
3032,偉訓,5,0,5,高橋-內壢,2023-11-30,5323
3276,宇環,5,0,5,高橋-內壢,2023-11-30,5323
4155,訊映,5,0,5,高橋-內壢,2023-11-30,5323
00919,群益台灣精選高息,151,1,150,高橋-內壢,2023-12-01,5323
2014,中鴻,100,0,100,高橋-內壢,2023-12-01,5323
00929,復華台灣科技優息,96,0,96,高橋-內壢,2023-12-01,5323
00669R,國泰美國道瓊反1,91,0,91,高橋-內壢,2023-12-01,5323
2888,新光金,61,0,61,高橋-內壢,2023-12-01,5323
00934,中信成長高股息,50,0,50,高橋-內壢,2023-12-01,5323
00680L,元大美債20正2,42,0,42,高橋-內壢,2023-12-01,5323
00687B,國泰20年美債,40,0,40,高橋-內壢,2023-12-01,5323
2891,中信金,30,0,30,高橋-內壢,2023-12-01,5323
3027,盛達,30,0,30,高橋-內壢,2023-12-01,5323
6282,康舒,23,0,23,高橋-內壢,2023-12-01,5323
00642U,期元大S＆P石油,22,0,22,高橋-內壢,2023-12-01,5323
00713,元大台灣高息低波,21,0,21,高橋-內壢,2023-12-01,5323
00719B,元大美債1-3,20,0,20,高橋-內壢,2023-12-01,5323
2317,鴻海,20,1,19,高橋-內壢,2023-12-01,5323
00679B,元大美債20年,16,0,16,高橋-內壢,2023-12-01,5323
6125,廣運,20,4,16,高橋-內壢,2023-12-01,5323
2883,凱基金,20,5,15,高橋-內壢,2023-12-01,5323
2609,陽明,21,7,14,高橋-內壢,2023-12-01,5323
00900,富邦特選高股息30,13,0,13,高橋-內壢,2023-12-01,5323
00878,國泰永續高股息,13,0,13,高橋-內壢,2023-12-01,5323
1307,三芳,13,0,13,高橋-內壢,2023-12-01,5323
3706,神達,23,10,13,高橋-內壢,2023-12-01,5323
3374,精材,22,11,11,高橋-內壢,2023-12-01,5323
5258,虹堡,14,3,11,高橋-內壢,2023-12-01,5323
6271,同欣電,11,0,11,高橋-內壢,2023-12-01,5323
3231,緯創,32,22,10,高橋-內壢,2023-12-01,5323
2313,華通,28,18,10,高橋-內壢,2023-12-01,5323
2374,佳能,10,0,10,高橋-內壢,2023-12-01,5323
2886,兆豐金,10,0,10,高橋-內壢,2023-12-01,5323
5388,中磊,10,0,10,高橋-內壢,2023-12-01,5323
6101,寬魚國際,10,0,10,高橋-內壢,2023-12-01,5323
6116,彩晶,10,0,10,高橋-內壢,2023-12-01,5323
8163,達方,10,0,10,高橋-內壢,2023-12-01,5323
1101,台泥,9,0,9,高橋-內壢,2023-12-01,5323
2324,仁寶,9,0,9,高橋-內壢,2023-12-01,5323
00882,中信中國高股息,10,2,8,高橋-內壢,2023-12-01,5323
1718,中纖,8,0,8,高橋-內壢,2023-12-01,5323
6233,旺玖,16,8,8,高橋-內壢,2023-12-01,5323
8222,寶一,8,0,8,高橋-內壢,2023-12-01,5323
2482,連宇,7,0,7,高橋-內壢,2023-12-01,5323
3036,文曄,8,1,7,高橋-內壢,2023-12-01,5323
6139,亞翔,8,1,7,高橋-內壢,2023-12-01,5323
6770,力積電,35,28,7,高橋-內壢,2023-12-01,5323
8096,擎亞,7,0,7,高橋-內壢,2023-12-01,5323
2884,玉山金,6,0,6,高橋-內壢,2023-12-01,5323
00893,國泰智能電動車,6,0,6,高橋-內壢,2023-12-01,5323
2465,麗臺,6,0,6,高橋-內壢,2023-12-01,5323
4123,晟德,7,1,6,高橋-內壢,2023-12-01,5323
2812,台中銀,6,0,6,高橋-內壢,2023-12-01,5323
2208,台船,101,4,97,高橋-內壢,2023-12-04,5323
00882,中信中國高股息,48,0,48,高橋-內壢,2023-12-04,5323
2206,三陽工業,38,0,38,高橋-內壢,2023-12-04,5323
00933B,國泰10Y+金融債,29,0,29,高橋-內壢,2023-12-04,5323
3264,欣銓,29,3,26,高橋-內壢,2023-12-04,5323
9919,康那香,45,19,26,高橋-內壢,2023-12-04,5323
00922,國泰台灣領袖50,24,0,24,高橋-內壢,2023-12-04,5323
5328,華容,25,2,23,高橋-內壢,2023-12-04,5323
00929,復華台灣科技優息,32,11,21,高橋-內壢,2023-12-04,5323
2340,台亞,20,0,20,高橋-內壢,2023-12-04,5323
6257,矽格,20,0,20,高橋-內壢,2023-12-04,5323
3094,聯傑,19,0,19,高橋-內壢,2023-12-04,5323
5426,振發,20,2,18,高橋-內壢,2023-12-04,5323
1504,東元,20,2,18,高橋-內壢,2023-12-04,5323
00935,野村臺灣新科技50,17,0,17,高橋-內壢,2023-12-04,5323
1524,耿鼎,17,0,17,高橋-內壢,2023-12-04,5323
00712,復華富時不動產,20,5,15,高橋-內壢,2023-12-04,5323
3715,定穎投控,15,1,14,高橋-內壢,2023-12-04,5323
5425,台半,14,0,14,高橋-內壢,2023-12-04,5323
00919,群益台灣精選高息,25,11,14,高橋-內壢,2023-12-04,5323
2376,技嘉,13,0,13,高橋-內壢,2023-12-04,5323
1307,三芳,13,0,13,高橋-內壢,2023-12-04,5323
00905,FT臺灣Smart,13,0,13,高橋-內壢,2023-12-04,5323
2888,新光金,13,0,13,高橋-內壢,2023-12-04,5323
3231,緯創,29,16,13,高橋-內壢,2023-12-04,5323
2352,佳世達,11,0,11,高橋-內壢,2023-12-04,5323
00751B,元大AAA至A公司債,11,0,11,高橋-內壢,2023-12-04,5323
2002,中鋼,12,1,11,高橋-內壢,2023-12-04,5323
2516,新建,13,2,11,高橋-內壢,2023-12-04,5323
3013,晟銘電,34,23,11,高橋-內壢,2023-12-04,5323
3706,神達,12,1,11,高橋-內壢,2023-12-04,5323
00936,台新永續高息中小,10,0,10,高橋-內壢,2023-12-04,5323
1339,昭輝,10,0,10,高橋-內壢,2023-12-04,5323
1608,華榮,10,0,10,高橋-內壢,2023-12-04,5323
2359,所羅門,10,0,10,高橋-內壢,2023-12-04,5323
2515,中工,10,0,10,高橋-內壢,2023-12-04,5323
2883,凱基金,15,5,10,高橋-內壢,2023-12-04,5323
8111,立��,10,0,10,高橋-內壢,2023-12-04,5323
1434,福懋,10,1,9,高橋-內壢,2023-12-04,5323
2363,矽統,13,5,8,高橋-內壢,2023-12-04,5323
1101,台泥,7,0,7,高橋-內壢,2023-12-04,5323
1616,億泰,7,0,7,高橋-內壢,2023-12-04,5323
2611,志信,10,3,7,高橋-內壢,2023-12-04,5323
3207,耀勝,7,0,7,高橋-內壢,2023-12-04,5323
5443,均豪,7,0,7,高橋-內壢,2023-12-04,5323
6282,康舒,7,1,6,高橋-內壢,2023-12-04,5323
2421,建準,8,2,6,高橋-內壢,2023-12-04,5323
3260,威剛,12,6,6,高橋-內壢,2023-12-04,5323
6547,高端疫苗,8,2,6,高橋-內壢,2023-12-04,5323
4306,炎洲,8,2,6,高橋-內壢,2023-12-04,5323
00937B,群益ESG投等債20,301,40,261,高橋-內壢,2023-12-05,5323
2618,長榮航,215,2,213,高橋-內壢,2023-12-05,5323
1314,中石化,80,0,80,高橋-內壢,2023-12-05,5323
00918,大華優利高填息30,64,0,64,高橋-內壢,2023-12-05,5323
00929,復華台灣科技優息,63,3,60,高橋-內壢,2023-12-05,5323
00934,中信成長高股息,50,0,50,高橋-內壢,2023-12-05,5323
3481,群創,50,2,48,高橋-內壢,2023-12-05,5323
00919,群益台灣精選高息,45,3,42,高橋-內壢,2023-12-05,5323
00632R,元大台灣50反1,40,0,40,高橋-內壢,2023-12-05,5323
3231,緯創,53,19,34,高橋-內壢,2023-12-05,5323
00882,中信中國高股息,33,3,30,高橋-內壢,2023-12-05,5323
2610,華航,31,1,30,高橋-內壢,2023-12-05,5323
00878,國泰永續高股息,27,0,27,高橋-內壢,2023-12-05,5323
2303,聯電,25,1,24,高橋-內壢,2023-12-05,5323
00687B,國泰20年美債,22,0,22,高橋-內壢,2023-12-05,5323
2891,中信金,22,0,22,高橋-內壢,2023-12-05,5323
3037,欣興,21,0,21,高橋-內壢,2023-12-05,5323
3094,聯傑,20,0,20,高橋-內壢,2023-12-05,5323
5347,世界,20,0,20,高橋-內壢,2023-12-05,5323
2376,技嘉,20,1,19,高橋-內壢,2023-12-05,5323
5425,台半,16,0,16,高橋-內壢,2023-12-05,5323
1307,三芳,15,0,15,高橋-內壢,2023-12-05,5323
1909,榮成,15,0,15,高橋-內壢,2023-12-05,5323
3050,鈺德,15,0,15,高橋-內壢,2023-12-05,5323
2344,華邦電,14,0,14,高橋-內壢,2023-12-05,5323
2337,旺宏,13,0,13,高橋-內壢,2023-12-05,5323
00669R,國泰美國道瓊反1,11,0,11,高橋-內壢,2023-12-05,5323
00932,兆豐永續高息等權,11,0,11,高橋-內壢,2023-12-05,5323
2615,萬海,12,1,11,高橋-內壢,2023-12-05,5323
4167,松瑞藥,13,2,11,高橋-內壢,2023-12-05,5323
6194,育富,11,0,11,高橋-內壢,2023-12-05,5323
2489,瑞軒,11,0,11,高橋-內壢,2023-12-05,5323
3013,晟銘電,17,6,11,高橋-內壢,2023-12-05,5323
1218,泰山,10,0,10,高橋-內壢,2023-12-05,5323
00753L,中信中國50正2,10,0,10,高橋-內壢,2023-12-05,5323
00931B,統一美債20年,10,0,10,高橋-內壢,2023-12-05,5323
1605,華新,20,10,10,高橋-內壢,2023-12-05,5323
2611,志信,23,13,10,高橋-內壢,2023-12-05,5323
3372,典範,10,0,10,高橋-內壢,2023-12-05,5323
6271,同欣電,15,5,10,高橋-內壢,2023-12-05,5323
2641,正德,27,17,10,高橋-內壢,2023-12-05,5323
1582,信錦,15,6,9,高橋-內壢,2023-12-05,5323
1752,南光,10,1,9,高橋-內壢,2023-12-05,5323
2838,聯邦銀,9,0,9,高橋-內壢,2023-12-05,5323
0056,元大高股息,8,1,7,高橋-內壢,2023-12-05,5323
1504,東元,7,0,7,高橋-內壢,2023-12-05,5323
1733,五鼎,7,0,7,高橋-內壢,2023-12-05,5323
2369,菱生,8,1,7,高橋-內壢,2023-12-05,5323
00935,野村臺灣新科技50,6,0,6,高橋-內壢,2023-12-05,5323
1616,億泰,6,0,6,高橋-內壢,2023-12-05,5323
00937B,群益ESG投等債20,423,20,403,高橋-內壢,2023-12-06,5323
2358,廷鑫,139,0,139,高橋-內壢,2023-12-06,5323
00687B,國泰20年美債,111,0,111,高橋-內壢,2023-12-06,5323
2349,錸德,61,2,59,高橋-內壢,2023-12-06,5323
5608,四維航,60,12,48,高橋-內壢,2023-12-06,5323
2605,新興,60,16,44,高橋-內壢,2023-12-06,5323
2641,正德,51,7,44,高橋-內壢,2023-12-06,5323
2313,華通,42,2,40,高橋-內壢,2023-12-06,5323
00919,群益台灣精選高息,37,1,36,高橋-內壢,2023-12-06,5323
4167,松瑞藥,37,2,35,高橋-內壢,2023-12-06,5323
00929,復華台灣科技優息,43,10,33,高橋-內壢,2023-12-06,5323
6101,寬魚國際,30,0,30,高橋-內壢,2023-12-06,5323
1460,宏遠,25,0,25,高橋-內壢,2023-12-06,5323
2888,新光金,25,0,25,高橋-內壢,2023-12-06,5323
6770,力積電,27,2,25,高橋-內壢,2023-12-06,5323
00918,大華優利高填息30,40,17,23,高橋-內壢,2023-12-06,5323
2516,新建,22,0,22,高橋-內壢,2023-12-06,5323
2425,承啟,23,2,21,高橋-內壢,2023-12-06,5323
5328,華容,21,0,21,高橋-內壢,2023-12-06,5323
1504,東元,25,5,20,高橋-內壢,2023-12-06,5323
2887,台新金,20,0,20,高橋-內壢,2023-12-06,5323
1605,華新,19,0,19,高橋-內壢,2023-12-06,5323
2371,大同,15,0,15,高橋-內壢,2023-12-06,5323
2611,志信,33,19,14,高橋-內壢,2023-12-06,5323
3481,群創,19,5,14,高橋-內壢,2023-12-06,5323
3094,聯傑,13,0,13,高橋-內壢,2023-12-06,5323
3390,旭軟,12,0,12,高橋-內壢,2023-12-06,5323
6116,彩晶,12,0,12,高橋-內壢,2023-12-06,5323
4739,康普,12,1,11,高橋-內壢,2023-12-06,5323
6547,高端疫苗,13,2,11,高橋-內壢,2023-12-06,5323
3715,定穎投控,15,4,11,高橋-內壢,2023-12-06,5323
1325,恆大,10,0,10,高橋-內壢,2023-12-06,5323
00921,兆豐龍頭等權重,10,0,10,高橋-內壢,2023-12-06,5323
2351,順德,10,0,10,高橋-內壢,2023-12-06,5323
2610,華航,15,5,10,高橋-內壢,2023-12-06,5323
3050,鈺德,10,0,10,高橋-內壢,2023-12-06,5323
3645,達邁,10,0,10,高橋-內壢,2023-12-06,5323
4956,光鋐,10,0,10,高橋-內壢,2023-12-06,5323
2458,義隆,10,0,10,高橋-內壢,2023-12-06,5323
3078,僑威,10,1,9,高橋-內壢,2023-12-06,5323
2303,聯電,9,0,9,高橋-內壢,2023-12-06,5323
2344,華邦電,9,0,9,高橋-內壢,2023-12-06,5323
8931,大汽電,9,0,9,高橋-內壢,2023-12-06,5323
00679B,元大美債20年,10,2,8,高橋-內壢,2023-12-06,5323
1471,首利,10,2,8,高橋-內壢,2023-12-06,5323
8039,台虹,8,0,8,高橋-內壢,2023-12-06,5323
00720B,元大投資級公司債,7,0,7,高橋-內壢,2023-12-06,5323
3006,晶豪科,10,3,7,高橋-內壢,2023-12-06,5323
6120,達運,7,0,7,高橋-內壢,2023-12-06,5323
2606,裕民,11,5,6,高橋-內壢,2023-12-06,5323
2358,廷鑫,203,0,203,高橋-內壢,2023-12-07,5323
00687B,國泰20年美債,130,1,129,高橋-內壢,2023-12-07,5323
00919,群益台灣精選高息,82,0,82,高橋-內壢,2023-12-07,5323
3481,群創,52,0,52,高橋-內壢,2023-12-07,5323
00937B,群益ESG投等債20,106,60,46,高橋-內壢,2023-12-07,5323
2337,旺宏,41,0,41,高橋-內壢,2023-12-07,5323
2329,華泰,45,9,36,高橋-內壢,2023-12-07,5323
00712,復華富時不動產,32,1,31,高橋-內壢,2023-12-07,5323
1616,億泰,25,0,25,高橋-內壢,2023-12-07,5323
2353,宏��,30,6,24,高橋-內壢,2023-12-07,5323
1618,合機,33,10,23,高橋-內壢,2023-12-07,5323
00929,復華台灣科技優息,43,20,23,高橋-內壢,2023-12-07,5323
3037,欣興,21,0,21,高橋-內壢,2023-12-07,5323
00665L,富邦�琤肭磪囓�2,20,0,20,高橋-內壢,2023-12-07,5323
2367,燿華,21,1,20,高橋-內壢,2023-12-07,5323
2867,三商壽,20,0,20,高橋-內壢,2023-12-07,5323
3041,揚智,36,17,19,高橋-內壢,2023-12-07,5323
2356,英業達,44,26,18,高橋-內壢,2023-12-07,5323
2303,聯電,16,0,16,高橋-內壢,2023-12-07,5323
00679B,元大美債20年,22,6,16,高橋-內壢,2023-12-07,5323
2427,三商電,16,0,16,高橋-內壢,2023-12-07,5323
8044,網家,16,0,16,高橋-內壢,2023-12-07,5323
00753L,中信中國50正2,15,0,15,高橋-內壢,2023-12-07,5323
2886,兆豐金,15,0,15,高橋-內壢,2023-12-07,5323
00933B,國泰10Y+金融債,14,0,14,高橋-內壢,2023-12-07,5323
2354,鴻準,14,0,14,高橋-內壢,2023-12-07,5323
2610,華航,120,106,14,高橋-內壢,2023-12-07,5323
00922,國泰台灣領袖50,13,0,13,高橋-內壢,2023-12-07,5323
00882,中信中國高股息,16,3,13,高橋-內壢,2023-12-07,5323
2313,華通,36,23,13,高橋-內壢,2023-12-07,5323
3264,欣銓,13,0,13,高橋-內壢,2023-12-07,5323
00878,國泰永續高股息,12,0,12,高橋-內壢,2023-12-07,5323
00931B,統一美債20年,13,1,12,高橋-內壢,2023-12-07,5323
6684,安格,13,1,12,高橋-內壢,2023-12-07,5323
4939,亞電,12,1,11,高橋-內壢,2023-12-07,5323
5426,振發,12,1,11,高橋-內壢,2023-12-07,5323
8110,華東,11,0,11,高橋-內壢,2023-12-07,5323
00722B,群益投資級電信債,10,0,10,高橋-內壢,2023-12-07,5323
1515,力山,10,0,10,高橋-內壢,2023-12-07,5323
1608,華榮,10,0,10,高橋-內壢,2023-12-07,5323
2363,矽統,44,34,10,高橋-內壢,2023-12-07,5323
2515,中工,10,0,10,高橋-內壢,2023-12-07,5323
2615,萬海,10,0,10,高橋-內壢,2023-12-07,5323
3515,華擎,10,0,10,高橋-內壢,2023-12-07,5323
3689,湧德,10,0,10,高橋-內壢,2023-12-07,5323
4129,聯合,10,0,10,高橋-內壢,2023-12-07,5323
6101,寬魚國際,10,0,10,高橋-內壢,2023-12-07,5323
6129,普誠,10,0,10,高橋-內壢,2023-12-07,5323
6152,百一,10,0,10,高橋-內壢,2023-12-07,5323
6625,必應,10,0,10,高橋-內壢,2023-12-07,5323
2014,中鴻,375,0,375,高橋-內壢,2023-12-08,5323
2618,長榮航,268,130,138,高橋-內壢,2023-12-08,5323
2358,廷鑫,103,0,103,高橋-內壢,2023-12-08,5323
00919,群益台灣精選高息,85,13,72,高橋-內壢,2023-12-08,5323
00632R,元大台灣50反1,55,0,55,高橋-內壢,2023-12-08,5323
00687B,國泰20年美債,63,10,53,高橋-內壢,2023-12-08,5323
00706L,期元大S＆P日圓正2,48,0,48,高橋-內壢,2023-12-08,5323
5608,四維航,50,3,47,高橋-內壢,2023-12-08,5323
3231,緯創,45,5,40,高橋-內壢,2023-12-08,5323
3041,揚智,52,16,36,高橋-內壢,2023-12-08,5323
00882,中信中國高股息,36,0,36,高橋-內壢,2023-12-08,5323
2888,新光金,33,2,31,高橋-內壢,2023-12-08,5323
4167,松瑞藥,26,0,26,高橋-內壢,2023-12-08,5323
8044,網家,24,0,24,高橋-內壢,2023-12-08,5323
2605,新興,29,7,22,高橋-內壢,2023-12-08,5323
2337,旺宏,32,10,22,高橋-內壢,2023-12-08,5323
2331,精英,20,0,20,高橋-內壢,2023-12-08,5323
0056,元大高股息,27,7,20,高橋-內壢,2023-12-08,5323
00878,國泰永續高股息,16,0,16,高橋-內壢,2023-12-08,5323
1718,中纖,16,0,16,高橋-內壢,2023-12-08,5323
2312,金寶,16,0,16,高橋-內壢,2023-12-08,5323
1529,樂事綠能,18,3,15,高橋-內壢,2023-12-08,5323
6443,元晶,15,0,15,高橋-內壢,2023-12-08,5323
00937B,群益ESG投等債20,16,4,12,高橋-內壢,2023-12-08,5323
00897,富邦基因免疫生技,11,0,11,高橋-內壢,2023-12-08,5323
00929,復華台灣科技優息,12,1,11,高橋-內壢,2023-12-08,5323
3058,立德,11,0,11,高橋-內壢,2023-12-08,5323
00752,中信中國50,10,0,10,高橋-內壢,2023-12-08,5323
1522,堤維西,14,4,10,高橋-內壢,2023-12-08,5323
8086,宏捷科,10,0,10,高橋-內壢,2023-12-08,5323
9105,泰金寶-DR,10,0,10,高橋-內壢,2023-12-08,5323
2323,中環,10,1,9,高橋-內壢,2023-12-08,5323
2367,燿華,10,1,9,高橋-內壢,2023-12-08,5323
2419,仲琦,10,1,9,高橋-內壢,2023-12-08,5323
4906,正文,11,2,9,高橋-內壢,2023-12-08,5323
5905,南仁湖,9,0,9,高橋-內壢,2023-12-08,5323
6284,佳邦,9,0,9,高橋-內壢,2023-12-08,5323
6577,勁豐,9,0,9,高橋-內壢,2023-12-08,5323
00931B,統一美債20年,7,0,7,高橋-內壢,2023-12-08,5323
2889,國票金,7,0,7,高橋-內壢,2023-12-08,5323
3042,晶技,7,0,7,高橋-內壢,2023-12-08,5323
9919,康那香,7,0,7,高橋-內壢,2023-12-08,5323
00933B,國泰10Y+金融債,6,0,6,高橋-內壢,2023-12-08,5323
1609,大亞,8,2,6,高橋-內壢,2023-12-08,5323
1752,南光,11,5,6,高橋-內壢,2023-12-08,5323
1815,富喬,7,1,6,高橋-內壢,2023-12-08,5323
3094,聯傑,6,0,6,高橋-內壢,2023-12-08,5323
5309,系統電,7,1,6,高橋-內壢,2023-12-08,5323
6290,良維,6,0,6,高橋-內壢,2023-12-08,5323
1301,台塑,5,0,5,高橋-內壢,2023-12-08,5323
2618,長榮航,252,0,252,高橋-內壢,2023-12-11,5323
8076,伍豐,94,0,94,高橋-內壢,2023-12-11,5323
00919,群益台灣精選高息,94,14,80,高橋-內壢,2023-12-11,5323
00937B,群益ESG投等債20,48,0,48,高橋-內壢,2023-12-11,5323
1524,耿鼎,56,8,48,高橋-內壢,2023-12-11,5323
00882,中信中國高股息,32,0,32,高橋-內壢,2023-12-11,5323
00929,復華台灣科技優息,20,0,20,高橋-內壢,2023-12-11,5323
00680L,元大美債20正2,20,0,20,高橋-內壢,2023-12-11,5323
2388,威盛,21,1,20,高橋-內壢,2023-12-11,5323
5328,華容,20,0,20,高橋-內壢,2023-12-11,5323
4306,炎洲,28,9,19,高橋-內壢,2023-12-11,5323
2324,仁寶,26,8,18,高橋-內壢,2023-12-11,5323
2543,皇昌,18,0,18,高橋-內壢,2023-12-11,5323
4532,瑞智,20,2,18,高橋-內壢,2023-12-11,5323
1608,華榮,16,0,16,高橋-內壢,2023-12-11,5323
1618,合機,22,6,16,高橋-內壢,2023-12-11,5323
0056,元大高股息,15,0,15,高橋-內壢,2023-12-11,5323
2007,燁興,15,0,15,高橋-內壢,2023-12-11,5323
4973,廣穎,15,1,14,高橋-內壢,2023-12-11,5323
1522,堤維西,13,0,13,高橋-內壢,2023-12-11,5323
2402,毅嘉,13,0,13,高橋-內壢,2023-12-11,5323
8093,保銳,18,5,13,高橋-內壢,2023-12-11,5323
3374,精材,14,2,12,高橋-內壢,2023-12-11,5323
6122,擎邦,11,0,11,高橋-內壢,2023-12-11,5323
1312,國喬,10,0,10,高橋-內壢,2023-12-11,5323
00632R,元大台灣50反1,10,0,10,高橋-內壢,2023-12-11,5323
2002,中鋼,10,0,10,高橋-內壢,2023-12-11,5323
6120,達運,10,0,10,高橋-內壢,2023-12-11,5323
3013,晟銘電,15,6,9,高橋-內壢,2023-12-11,5323
3231,緯創,34,25,9,高橋-內壢,2023-12-11,5323
6916,華凌,10,1,9,高橋-內壢,2023-12-11,5323
2888,新光金,37,29,8,高橋-內壢,2023-12-11,5323
3094,聯傑,8,0,8,高橋-內壢,2023-12-11,5323
4906,正文,10,2,8,高橋-內壢,2023-12-11,5323
00830,國泰費城半導體,7,0,7,高橋-內壢,2023-12-11,5323
2889,國票金,7,0,7,高橋-內壢,2023-12-11,5323
6265,方土昶,8,1,7,高橋-內壢,2023-12-11,5323
2465,麗臺,6,0,6,高橋-內壢,2023-12-11,5323
2482,連宇,6,0,6,高橋-內壢,2023-12-11,5323
3105,穩懋,6,0,6,高橋-內壢,2023-12-11,5323
4979,華星光,8,2,6,高橋-內壢,2023-12-11,5323
6147,頎邦,6,0,6,高橋-內壢,2023-12-11,5323
8033,雷虎,6,0,6,高橋-內壢,2023-12-11,5323
9945,潤泰新,5,0,5,高橋-內壢,2023-12-11,5323
00687B,國泰20年美債,5,0,5,高橋-內壢,2023-12-11,5323
1515,力山,15,10,5,高橋-內壢,2023-12-11,5323
2891,中信金,10,5,5,高橋-內壢,2023-12-11,5323
5340,建榮,5,0,5,高橋-內壢,2023-12-11,5323
8227,巨有科技,5,0,5,高橋-內壢,2023-12-11,5323
00679B,元大美債20年,4,0,4,高橋-內壢,2023-12-11,5323
2610,華航,210,7,203,高橋-內壢,2023-12-12,5323
00936,台新永續高息中小,131,1,130,高橋-內壢,2023-12-12,5323
2618,長榮航,116,0,116,高橋-內壢,2023-12-12,5323
00937B,群益ESG投等債20,114,2,112,高橋-內壢,2023-12-12,5323
00919,群益台灣精選高息,77,4,73,高橋-內壢,2023-12-12,5323
2603,長榮,47,9,38,高橋-內壢,2023-12-12,5323
00931B,統一美債20年,34,0,34,高橋-內壢,2023-12-12,5323
2002,中鋼,30,0,30,高橋-內壢,2023-12-12,5323
2605,新興,39,11,28,高橋-內壢,2023-12-12,5323
00918,大華優利高填息30,24,0,24,高橋-內壢,2023-12-12,5323
2883,凱基金,24,0,24,高橋-內壢,2023-12-12,5323
6116,彩晶,23,0,23,高橋-內壢,2023-12-12,5323
1218,泰山,20,0,20,高橋-內壢,2023-12-12,5323
2634,漢翔,22,2,20,高橋-內壢,2023-12-12,5323
3363,上詮,20,0,20,高橋-內壢,2023-12-12,5323
5328,華容,20,0,20,高橋-內壢,2023-12-12,5323
00929,復華台灣科技優息,27,8,19,高橋-內壢,2023-12-12,5323
2206,三陽工業,16,0,16,高橋-內壢,2023-12-12,5323
4909,新復興,16,0,16,高橋-內壢,2023-12-12,5323
2007,燁興,15,0,15,高橋-內壢,2023-12-12,5323
2353,宏��,20,5,15,高橋-內壢,2023-12-12,5323
3078,僑威,14,1,13,高橋-內壢,2023-12-12,5323
00680L,元大美債20正2,12,0,12,高橋-內壢,2023-12-12,5323
2889,國票金,12,0,12,高橋-內壢,2023-12-12,5323
3231,緯創,12,2,10,高橋-內壢,2023-12-12,5323
2354,鴻準,10,0,10,高橋-內壢,2023-12-12,5323
2816,旺旺保,10,0,10,高橋-內壢,2023-12-12,5323
3006,晶豪科,10,0,10,高橋-內壢,2023-12-12,5323
3287,廣寰科,11,1,10,高橋-內壢,2023-12-12,5323
3527,聚積,10,0,10,高橋-內壢,2023-12-12,5323
2329,華泰,12,4,8,高橋-內壢,2023-12-12,5323
2363,矽統,45,37,8,高橋-內壢,2023-12-12,5323
2516,新建,28,21,7,高橋-內壢,2023-12-12,5323
1524,耿鼎,21,14,7,高橋-內壢,2023-12-12,5323
5521,工信,14,7,7,高橋-內壢,2023-12-12,5323
1609,大亞,14,7,7,高橋-內壢,2023-12-12,5323
2108,南帝,6,0,6,高橋-內壢,2023-12-12,5323
3047,訊舟,6,0,6,高橋-內壢,2023-12-12,5323
6120,達運,6,0,6,高橋-內壢,2023-12-12,5323
6243,迅杰,11,5,6,高橋-內壢,2023-12-12,5323
2308,台達電,5,0,5,高橋-內壢,2023-12-12,5323
1434,福懋,5,0,5,高橋-內壢,2023-12-12,5323
00933B,國泰10Y+金融債,5,0,5,高橋-內壢,2023-12-12,5323
00720B,元大投資級公司債,5,0,5,高橋-內壢,2023-12-12,5323
00688L,國泰20年美債正2,5,0,5,高橋-內壢,2023-12-12,5323
1611,中電,5,0,5,高橋-內壢,2023-12-12,5323
2228,劍麟,5,0,5,高橋-內壢,2023-12-12,5323
2355,敬鵬,5,0,5,高橋-內壢,2023-12-12,5323
2409,友達,5,0,5,高橋-內壢,2023-12-12,5323
2417,圓剛,5,0,5,高橋-內壢,2023-12-12,5323
2867,三商壽,167,10,157,高橋-內壢,2023-12-13,5323
00918,大華優利高填息30,55,0,55,高橋-內壢,2023-12-13,5323
00936,台新永續高息中小,47,1,46,高橋-內壢,2023-12-13,5323
00919,群益台灣精選高息,35,11,24,高橋-內壢,2023-12-13,5323
00933B,國泰10Y+金融債,24,0,24,高橋-內壢,2023-12-13,5323
00929,復華台灣科技優息,24,2,22,高橋-內壢,2023-12-13,5323
2201,裕隆,19,0,19,高橋-內壢,2023-12-13,5323
2610,華航,18,1,17,高橋-內壢,2023-12-13,5323
1737,臺鹽,17,0,17,高橋-內壢,2023-12-13,5323
2615,萬海,16,0,16,高橋-內壢,2023-12-13,5323
6182,合晶,16,0,16,高橋-內壢,2023-12-13,5323
00921,兆豐龍頭等權重,15,0,15,高橋-內壢,2023-12-13,5323
1618,合機,15,0,15,高橋-內壢,2023-12-13,5323
2002,中鋼,15,0,15,高橋-內壢,2023-12-13,5323
2376,技嘉,14,1,13,高橋-內壢,2023-12-13,5323
2883,凱基金,13,0,13,高橋-內壢,2023-12-13,5323
1524,耿鼎,14,2,12,高橋-內壢,2023-12-13,5323
1605,華新,12,1,11,高橋-內壢,2023-12-13,5323
1522,堤維西,11,1,10,高橋-內壢,2023-12-13,5323
2402,毅嘉,10,0,10,高橋-內壢,2023-12-13,5323
3380,明泰,10,0,10,高橋-內壢,2023-12-13,5323
4532,瑞智,10,0,10,高橋-內壢,2023-12-13,5323
6197,佳必琪,10,0,10,高橋-內壢,2023-12-13,5323
3481,群創,9,0,9,高橋-內壢,2023-12-13,5323
3706,神達,19,10,9,高橋-內壢,2023-12-13,5323
3078,僑威,8,0,8,高橋-內壢,2023-12-13,5323
6547,高端疫苗,8,0,8,高橋-內壢,2023-12-13,5323
2358,廷鑫,7,0,7,高橋-內壢,2023-12-13,5323
3527,聚積,7,0,7,高橋-內壢,2023-12-13,5323
5011,久陽,7,0,7,高橋-內壢,2023-12-13,5323
2387,精元,10,4,6,高橋-內壢,2023-12-13,5323
3013,晟銘電,6,0,6,高橋-內壢,2023-12-13,5323
4128,中天,10,4,6,高橋-內壢,2023-12-13,5323
00882,中信中國高股息,8,2,6,高橋-內壢,2023-12-13,5323
2465,麗臺,7,2,5,高橋-內壢,2023-12-13,5323
00937B,群益ESG投等債20,6,1,5,高橋-內壢,2023-12-13,5323
2025,千興,5,0,5,高橋-內壢,2023-12-13,5323
2371,大同,8,3,5,高橋-內壢,2023-12-13,5323
2617,台航,5,0,5,高橋-內壢,2023-12-13,5323
2618,長榮航,5,0,5,高橋-內壢,2023-12-13,5323
3059,華晶科,5,0,5,高橋-內壢,2023-12-13,5323
3374,精材,5,0,5,高橋-內壢,2023-12-13,5323
3622,洋華,9,4,5,高橋-內壢,2023-12-13,5323
4721,美琪瑪,5,0,5,高橋-內壢,2023-12-13,5323
6143,振曜,5,0,5,高橋-內壢,2023-12-13,5323
6593,台灣銘板,5,0,5,高橋-內壢,2023-12-13,5323
6282,康舒,4,0,4,高橋-內壢,2023-12-13,5323
00642U,期元大S＆P石油,4,0,4,高橋-內壢,2023-12-13,5323
3276,宇環,4,0,4,高橋-內壢,2023-12-13,5323
6901,鑽石投資,5,1,4,高橋-內壢,2023-12-13,5323
00900,富邦特選高股息30,120,4,116,高橋-內壢,2023-12-14,5323
00933B,國泰10Y+金融債,78,0,78,高橋-內壢,2023-12-14,5323
00688L,國泰20年美債正2,68,0,68,高橋-內壢,2023-12-14,5323
00929,復華台灣科技優息,73,18,55,高橋-內壢,2023-12-14,5323
00915,凱基優選高股息30,51,0,51,高橋-內壢,2023-12-14,5323
00712,復華富時不動產,65,20,45,高橋-內壢,2023-12-14,5323
00888,永豐台灣ESG,45,0,45,高橋-內壢,2023-12-14,5323
2324,仁寶,48,7,41,高橋-內壢,2023-12-14,5323
00919,群益台灣精選高息,64,25,39,高橋-內壢,2023-12-14,5323
1524,耿鼎,36,2,34,高橋-內壢,2023-12-14,5323
2641,正德,39,5,34,高橋-內壢,2023-12-14,5323
3390,旭軟,47,14,33,高橋-內壢,2023-12-14,5323
00936,台新永續高息中小,33,1,32,高橋-內壢,2023-12-14,5323
00878,國泰永續高股息,34,2,32,高橋-內壢,2023-12-14,5323
00687B,國泰20年美債,24,0,24,高橋-內壢,2023-12-14,5323
00642U,期元大S＆P石油,21,0,21,高橋-內壢,2023-12-14,5323
5905,南仁湖,20,0,20,高橋-內壢,2023-12-14,5323
8110,華東,23,5,18,高橋-內壢,2023-12-14,5323
8150,南茂,20,4,16,高橋-內壢,2023-12-14,5323
5426,振發,16,0,16,高橋-內壢,2023-12-14,5323
6108,競國,16,0,16,高橋-內壢,2023-12-14,5323
2365,昆盈,44,29,15,高橋-內壢,2023-12-14,5323
3481,群創,15,0,15,高橋-內壢,2023-12-14,5323
1734,杏輝,12,0,12,高橋-內壢,2023-12-14,5323
2002,中鋼,12,0,12,高橋-內壢,2023-12-14,5323
1522,堤維西,12,1,11,高橋-內壢,2023-12-14,5323
2425,承啟,31,20,11,高橋-內壢,2023-12-14,5323
5324,士開,11,0,11,高橋-內壢,2023-12-14,5323
00907,永豐優息存股,10,0,10,高橋-內壢,2023-12-14,5323
3715,定穎投控,13,3,10,高橋-內壢,2023-12-14,5323
00931B,統一美債20年,10,1,9,高橋-內壢,2023-12-14,5323
3231,緯創,15,6,9,高橋-內壢,2023-12-14,5323
1514,亞力,23,15,8,高橋-內壢,2023-12-14,5323
2603,長榮,8,0,8,高橋-內壢,2023-12-14,5323
2615,萬海,8,0,8,高橋-內壢,2023-12-14,5323
5608,四維航,10,2,8,高橋-內壢,2023-12-14,5323
00697B,元大美債7-10,6,0,6,高橋-內壢,2023-12-14,5323
00751B,元大AAA至A公司債,6,0,6,高橋-內壢,2023-12-14,5323
00882,中信中國高股息,6,0,6,高橋-內壢,2023-12-14,5323
2516,新建,17,11,6,高橋-內壢,2023-12-14,5323
2816,旺旺保,6,0,6,高橋-內壢,2023-12-14,5323
3041,揚智,35,29,6,高橋-內壢,2023-12-14,5323
3706,神達,8,2,6,高橋-內壢,2023-12-14,5323
4967,十銓,11,5,6,高橋-內壢,2023-12-14,5323
8011,台通,11,5,6,高橋-內壢,2023-12-14,5323
9921,巨大,6,0,6,高橋-內壢,2023-12-14,5323
1609,大亞,5,0,5,高橋-內壢,2023-12-14,5323
1616,億泰,5,0,5,高橋-內壢,2023-12-14,5323
2358,廷鑫,5,0,5,高橋-內壢,2023-12-14,5323
2601,益航,5,0,5,高橋-內壢,2023-12-14,5323
00937B,群益ESG投等債20,216,1,215,高橋-內壢,2023-12-15,5323
00929,復華台灣科技優息,160,36,124,高橋-內壢,2023-12-15,5323
2356,英業達,132,80,52,高橋-內壢,2023-12-15,5323
00687B,國泰20年美債,39,0,39,高橋-內壢,2023-12-15,5323
00919,群益台灣精選高息,116,79,37,高橋-內壢,2023-12-15,5323
2363,矽統,128,99,29,高橋-內壢,2023-12-15,5323
00857B,永豐20年美公債,24,0,24,高橋-內壢,2023-12-15,5323
3624,光頡,24,0,24,高橋-內壢,2023-12-15,5323
2369,菱生,23,0,23,高橋-內壢,2023-12-15,5323
5009,榮剛,22,0,22,高橋-內壢,2023-12-15,5323
3481,群創,20,0,20,高橋-內壢,2023-12-15,5323
00915,凱基優選高股息30,18,0,18,高橋-內壢,2023-12-15,5323
2883,凱基金,51,35,16,高橋-內壢,2023-12-15,5323
6143,振曜,16,0,16,高橋-內壢,2023-12-15,5323
2316,楠梓電,15,0,15,高橋-內壢,2023-12-15,5323
2516,新建,15,0,15,高橋-內壢,2023-12-15,5323
5328,華容,16,1,15,高橋-內壢,2023-12-15,5323
5324,士開,15,1,14,高橋-內壢,2023-12-15,5323
2007,燁興,15,1,14,高橋-內壢,2023-12-15,5323
00706L,期元大S＆P日圓正2,37,24,13,高橋-內壢,2023-12-15,5323
00632R,元大台灣50反1,23,10,13,高橋-內壢,2023-12-15,5323
2354,鴻準,13,0,13,高橋-內壢,2023-12-15,5323
6257,矽格,16,3,13,高橋-內壢,2023-12-15,5323
2887,台新金,12,0,12,高橋-內壢,2023-12-15,5323
1609,大亞,10,0,10,高橋-內壢,2023-12-15,5323
2314,台揚,10,0,10,高橋-內壢,2023-12-15,5323
2641,正德,10,0,10,高橋-內壢,2023-12-15,5323
3055,蔚華科,10,0,10,高橋-內壢,2023-12-15,5323
6275,元山,10,0,10,高橋-內壢,2023-12-15,5323
2313,華通,12,3,9,高橋-內壢,2023-12-15,5323
3231,緯創,17,8,9,高橋-內壢,2023-12-15,5323
3374,精材,10,1,9,高橋-內壢,2023-12-15,5323
00918,大華優利高填息30,18,10,8,高橋-內壢,2023-12-15,5323
2388,威盛,11,3,8,高橋-內壢,2023-12-15,5323
1734,杏輝,7,0,7,高橋-內壢,2023-12-15,5323
6290,良維,8,1,7,高橋-內壢,2023-12-15,5323
3037,欣興,10,3,7,高橋-內壢,2023-12-15,5323
2515,中工,6,0,6,高橋-內壢,2023-12-15,5323
4906,正文,6,0,6,高橋-內壢,2023-12-15,5323
2449,京元電子,5,0,5,高橋-內壢,2023-12-15,5323
00795B,中信美國公債20年,6,1,5,高橋-內壢,2023-12-15,5323
0056,元大高股息,13,8,5,高橋-內壢,2023-12-15,5323
1584,精剛,12,7,5,高橋-內壢,2023-12-15,5323
1809,中釉,5,0,5,高橋-內壢,2023-12-15,5323
2903,遠百,5,0,5,高橋-內壢,2023-12-15,5323
3213,茂訊,5,0,5,高橋-內壢,2023-12-15,5323
3694,海華,5,0,5,高橋-內壢,2023-12-15,5323
4938,和碩,5,0,5,高橋-內壢,2023-12-15,5323
5314,世紀,8,3,5,高橋-內壢,2023-12-15,5323
6139,亞翔,4,0,4,高橋-內壢,2023-12-15,5323
2002,中鋼,211,40,171,高橋-內壢,2023-12-18,5323
2014,中鴻,130,16,114,高橋-內壢,2023-12-18,5323
00669R,國泰美國道瓊反1,92,0,92,高橋-內壢,2023-12-18,5323
2618,長榮航,95,6,89,高橋-內壢,2023-12-18,5323
2610,華航,80,10,70,高橋-內壢,2023-12-18,5323
00919,群益台灣精選高息,74,16,58,高橋-內壢,2023-12-18,5323
00929,復華台灣科技優息,83,38,45,高橋-內壢,2023-12-18,5323
2356,英業達,52,13,39,高橋-內壢,2023-12-18,5323
00931B,統一美債20年,36,3,33,高橋-內壢,2023-12-18,5323
6191,精成科,27,0,27,高橋-內壢,2023-12-18,5323
2352,佳世達,26,0,26,高橋-內壢,2023-12-18,5323
1618,合機,20,0,20,高橋-內壢,2023-12-18,5323
2022,聚亨,23,6,17,高橋-內壢,2023-12-18,5323
2314,台揚,17,0,17,高橋-內壢,2023-12-18,5323
3357,臺慶科,15,0,15,高橋-內壢,2023-12-18,5323
5425,台半,14,0,14,高橋-內壢,2023-12-18,5323
3481,群創,12,0,12,高橋-內壢,2023-12-18,5323
2516,新建,11,0,11,高橋-內壢,2023-12-18,5323
6127,九豪,11,0,11,高橋-內壢,2023-12-18,5323
00687B,國泰20年美債,12,1,11,高橋-內壢,2023-12-18,5323
1227,佳格,10,0,10,高橋-內壢,2023-12-18,5323
1304,台聚,10,0,10,高橋-內壢,2023-12-18,5323
00881,國泰台灣5G+,10,0,10,高橋-內壢,2023-12-18,5323
1905,華紙,10,0,10,高橋-內壢,2023-12-18,5323
2010,春源,10,0,10,高橋-內壢,2023-12-18,5323
2258,鴻華先進-創,10,0,10,高橋-內壢,2023-12-18,5323
2369,菱生,10,0,10,高橋-內壢,2023-12-18,5323
5452,佶優,10,0,10,高橋-內壢,2023-12-18,5323
6770,力積電,10,0,10,高橋-內壢,2023-12-18,5323
3105,穩懋,10,0,10,高橋-內壢,2023-12-18,5323
1609,大亞,8,0,8,高橋-內壢,2023-12-18,5323
3041,揚智,8,0,8,高橋-內壢,2023-12-18,5323
3189,景碩,8,0,8,高橋-內壢,2023-12-18,5323
4977,眾達-KY,8,0,8,高橋-內壢,2023-12-18,5323
2201,裕隆,7,0,7,高橋-內壢,2023-12-18,5323
2603,長榮,23,16,7,高橋-內壢,2023-12-18,5323
6182,合晶,7,0,7,高橋-內壢,2023-12-18,5323
00885,富邦越南,6,0,6,高橋-內壢,2023-12-18,5323
00882,中信中國高股息,6,0,6,高橋-內壢,2023-12-18,5323
2611,志信,6,0,6,高橋-內壢,2023-12-18,5323
3005,神基,6,0,6,高橋-內壢,2023-12-18,5323
3037,欣興,6,0,6,高橋-內壢,2023-12-18,5323
6290,良維,7,1,6,高橋-內壢,2023-12-18,5323
0056,元大高股息,12,7,5,高橋-內壢,2023-12-18,5323
00936,台新永續高息中小,5,0,5,高橋-內壢,2023-12-18,5323
00715L,期街口布蘭特正2,5,0,5,高橋-內壢,2023-12-18,5323
00706L,期元大S＆P日圓正2,5,0,5,高橋-內壢,2023-12-18,5323
1314,中石化,5,0,5,高橋-內壢,2023-12-18,5323
1514,亞力,6,1,5,高橋-內壢,2023-12-18,5323
2034,允強,5,0,5,高橋-內壢,2023-12-18,5323
6443,元晶,165,0,165,高橋-內壢,2023-12-19,5323
00687B,國泰20年美債,118,20,98,高橋-內壢,2023-12-19,5323
2618,長榮航,95,3,92,高橋-內壢,2023-12-19,5323
0056,元大高股息,48,0,48,高橋-內壢,2023-12-19,5323
5351,鈺創,49,2,47,高橋-內壢,2023-12-19,5323
00919,群益台灣精選高息,126,82,44,高橋-內壢,2023-12-19,5323
2356,英業達,57,16,41,高橋-內壢,2023-12-19,5323
2610,華航,42,2,40,高橋-內壢,2023-12-19,5323
3481,群創,40,0,40,高橋-內壢,2023-12-19,5323
00934,中信成長高股息,35,0,35,高橋-內壢,2023-12-19,5323
00720B,元大投資級公司債,33,0,33,高橋-內壢,2023-12-19,5323
2352,佳世達,26,0,26,高橋-內壢,2023-12-19,5323
00931B,統一美債20年,32,10,22,高橋-內壢,2023-12-19,5323
2888,新光金,22,0,22,高橋-內壢,2023-12-19,5323
5905,南仁湖,22,0,22,高橋-內壢,2023-12-19,5323
2845,遠東銀,21,0,21,高橋-內壢,2023-12-19,5323
00751B,元大AAA至A公司債,23,3,20,高橋-內壢,2023-12-19,5323
6191,精成科,18,0,18,高橋-內壢,2023-12-19,5323
00933B,國泰10Y+金融債,16,0,16,高橋-內壢,2023-12-19,5323
2369,菱生,16,0,16,高橋-內壢,2023-12-19,5323
2891,中信金,20,4,16,高橋-內壢,2023-12-19,5323
00929,復華台灣科技優息,143,128,15,高橋-內壢,2023-12-19,5323
3006,晶豪科,15,0,15,高橋-內壢,2023-12-19,5323
2201,裕隆,15,1,14,高橋-內壢,2023-12-19,5323
00688L,國泰20年美債正2,13,0,13,高橋-內壢,2023-12-19,5323
2313,華通,14,1,13,高橋-內壢,2023-12-19,5323
2324,仁寶,17,4,13,高橋-內壢,2023-12-19,5323
00936,台新永續高息中小,22,10,12,高橋-內壢,2023-12-19,5323
2303,聯電,12,0,12,高橋-內壢,2023-12-19,5323
2344,華邦電,13,2,11,高橋-內壢,2023-12-19,5323
1319,東陽,10,0,10,高橋-內壢,2023-12-19,5323
1227,佳格,10,0,10,高橋-內壢,2023-12-19,5323
00932,兆豐永續高息等權,10,0,10,高橋-內壢,2023-12-19,5323
9945,潤泰新,10,0,10,高橋-內壢,2023-12-19,5323
00882,中信中國高股息,9,0,9,高橋-內壢,2023-12-19,5323
00675L,富邦臺灣加權正2,9,0,9,高橋-內壢,2023-12-19,5323
2002,中鋼,9,0,9,高橋-內壢,2023-12-19,5323
2351,順德,9,0,9,高橋-內壢,2023-12-19,5323
2387,精元,9,0,9,高橋-內壢,2023-12-19,5323
00930,永豐ESG低碳高息,8,1,7,高橋-內壢,2023-12-19,5323
2363,矽統,12,5,7,高橋-內壢,2023-12-19,5323
4128,中天,7,0,7,高橋-內壢,2023-12-19,5323
5465,富驊,7,0,7,高橋-內壢,2023-12-19,5323
2449,京元電子,6,0,6,高橋-內壢,2023-12-19,5323
2329,華泰,8,2,6,高橋-內壢,2023-12-19,5323
1102,亞泥,6,0,6,高橋-內壢,2023-12-19,5323
3264,欣銓,6,0,6,高橋-內壢,2023-12-19,5323
8112,至上,9,3,6,高橋-內壢,2023-12-19,5323
00918,大華優利高填息30,5,0,5,高橋-內壢,2023-12-19,5323
00915,凱基優選高股息30,5,0,5,高橋-內壢,2023-12-19,5323
2014,中鴻,256,12,244,高橋-內壢,2023-12-20,5323
00931B,統一美債20年,60,0,60,高橋-內壢,2023-12-20,5323
00706L,期元大S＆P日圓正2,50,0,50,高橋-內壢,2023-12-20,5323
1815,富喬,52,13,39,高橋-內壢,2023-12-20,5323
00919,群益台灣精選高息,40,3,37,高橋-內壢,2023-12-20,5323
00929,復華台灣科技優息,38,5,33,高橋-內壢,2023-12-20,5323
2337,旺宏,26,0,26,高橋-內壢,2023-12-20,5323
2883,凱基金,21,0,21,高橋-內壢,2023-12-20,5323
2891,中信金,21,0,21,高橋-內壢,2023-12-20,5323
00687B,國泰20年美債,19,0,19,高橋-內壢,2023-12-20,5323
00935,野村臺灣新科技50,19,0,19,高橋-內壢,2023-12-20,5323
3006,晶豪科,27,10,17,高橋-內壢,2023-12-20,5323
00937B,群益ESG投等債20,46,31,15,高橋-內壢,2023-12-20,5323
1616,億泰,15,1,14,高橋-內壢,2023-12-20,5323
2892,第一金,12,0,12,高橋-內壢,2023-12-20,5323
5521,工信,13,1,12,高橋-內壢,2023-12-20,5323
2331,精英,12,1,11,高橋-內壢,2023-12-20,5323
2365,昆盈,21,10,11,高橋-內壢,2023-12-20,5323
8112,至上,11,0,11,高橋-內壢,2023-12-20,5323
00927,群益半導體收益,10,0,10,高橋-內壢,2023-12-20,5323
5469,瀚宇博,10,0,10,高橋-內壢,2023-12-20,5323
6233,旺玖,12,2,10,高橋-內壢,2023-12-20,5323
8069,元太,10,0,10,高橋-內壢,2023-12-20,5323
2888,新光金,9,0,9,高橋-內壢,2023-12-20,5323
9905,大華,9,0,9,高橋-內壢,2023-12-20,5323
9919,康那香,15,7,8,高橋-內壢,2023-12-20,5323
2886,兆豐金,7,0,7,高橋-內壢,2023-12-20,5323
00679B,元大美債20年,6,0,6,高橋-內壢,2023-12-20,5323
2516,新建,7,1,6,高橋-內壢,2023-12-20,5323
3055,蔚華科,6,0,6,高橋-內壢,2023-12-20,5323
6290,良維,6,0,6,高橋-內壢,2023-12-20,5323
1513,中興電,5,0,5,高橋-內壢,2023-12-20,5323
00669R,國泰美國道瓊反1,5,0,5,高橋-內壢,2023-12-20,5323
1609,大亞,5,0,5,高橋-內壢,2023-12-20,5323
2302,麗正,5,0,5,高橋-內壢,2023-12-20,5323
2344,華邦電,7,2,5,高橋-內壢,2023-12-20,5323
2464,盟立,5,0,5,高橋-內壢,2023-12-20,5323
2851,中再保,5,0,5,高橋-內壢,2023-12-20,5323
8930,青鋼,5,0,5,高橋-內壢,2023-12-20,5323
912000,晨訊科-DR,5,0,5,高橋-內壢,2023-12-20,5323
9904,寶成,5,0,5,高橋-內壢,2023-12-20,5323
00688L,國泰20年美債正2,4,0,4,高橋-內壢,2023-12-20,5323
2388,威盛,4,0,4,高橋-內壢,2023-12-20,5323
2739,寒舍,4,0,4,高橋-內壢,2023-12-20,5323
2834,臺企銀,4,0,4,高橋-內壢,2023-12-20,5323
3264,欣銓,4,0,4,高橋-內壢,2023-12-20,5323
3704,合勤控,4,0,4,高橋-內壢,2023-12-20,5323
4915,致伸,4,0,4,高橋-內壢,2023-12-20,5323
5483,中美晶,5,1,4,高橋-內壢,2023-12-20,5323
6125,廣運,4,0,4,高橋-內壢,2023-12-20,5323
00931B,統一美債20年,111,0,111,高橋-內壢,2023-12-21,5323
6443,元晶,100,0,100,高橋-內壢,2023-12-21,5323
00937B,群益ESG投等債20,124,26,98,高橋-內壢,2023-12-21,5323
2014,中鴻,106,8,98,高橋-內壢,2023-12-21,5323
00919,群益台灣精選高息,79,2,77,高橋-內壢,2023-12-21,5323
2618,長榮航,87,33,54,高橋-內壢,2023-12-21,5323
6244,茂迪,50,0,50,高橋-內壢,2023-12-21,5323
00929,復華台灣科技優息,46,6,40,高橋-內壢,2023-12-21,5323
9919,康那香,45,6,39,高橋-內壢,2023-12-21,5323
2324,仁寶,48,17,31,高橋-內壢,2023-12-21,5323
2337,旺宏,30,0,30,高橋-內壢,2023-12-21,5323
0056,元大高股息,27,0,27,高橋-內壢,2023-12-21,5323
1466,聚隆,22,0,22,高橋-內壢,2023-12-21,5323
2615,萬海,54,32,22,高橋-內壢,2023-12-21,5323
2201,裕隆,21,0,21,高橋-內壢,2023-12-21,5323
00933B,國泰10Y+金融債,16,0,16,高橋-內壢,2023-12-21,5323
2605,新興,17,2,15,高橋-內壢,2023-12-21,5323
2801,彰銀,14,0,14,高橋-內壢,2023-12-21,5323
00687B,國泰20年美債,12,0,12,高橋-內壢,2023-12-21,5323
2323,中環,13,2,11,高橋-內壢,2023-12-21,5323
3652,精聯,10,0,10,高橋-內壢,2023-12-21,5323
8105,凌巨,10,0,10,高橋-內壢,2023-12-21,5323
2891,中信金,23,13,10,高橋-內壢,2023-12-21,5323
3035,智原,10,1,9,高橋-內壢,2023-12-21,5323
4743,合一,11,2,9,高橋-內壢,2023-12-21,5323
6770,力積電,10,1,9,高橋-內壢,2023-12-21,5323
00922,國泰台灣領袖50,7,0,7,高橋-內壢,2023-12-21,5323
1905,華紙,7,0,7,高橋-內壢,2023-12-21,5323
2312,金寶,7,0,7,高橋-內壢,2023-12-21,5323
2331,精英,9,2,7,高橋-內壢,2023-12-21,5323
3706,神達,12,5,7,高橋-內壢,2023-12-21,5323
1504,東元,6,0,6,高橋-內壢,2023-12-21,5323
2353,宏��,13,7,6,高橋-內壢,2023-12-21,5323
2388,威盛,7,1,6,高橋-內壢,2023-12-21,5323
2886,兆豐金,6,0,6,高橋-內壢,2023-12-21,5323
3264,欣銓,6,0,6,高橋-內壢,2023-12-21,5323
8085,福華,6,0,6,高橋-內壢,2023-12-21,5323
2542,興富發,5,0,5,高橋-內壢,2023-12-21,5323
00900,富邦特選高股息30,5,0,5,高橋-內壢,2023-12-21,5323
00936,台新永續高息中小,5,0,5,高橋-內壢,2023-12-21,5323
00935,野村臺灣新科技50,5,0,5,高橋-內壢,2023-12-21,5323
00712,復華富時不動產,7,2,5,高橋-內壢,2023-12-21,5323
00632R,元大台灣50反1,5,0,5,高橋-內壢,2023-12-21,5323
1609,大亞,5,0,5,高橋-內壢,2023-12-21,5323
2314,台揚,6,1,5,高橋-內壢,2023-12-21,5323
2610,華航,7,2,5,高橋-內壢,2023-12-21,5323
3050,鈺德,5,0,5,高橋-內壢,2023-12-21,5323
3147,大綜,5,0,5,高橋-內壢,2023-12-21,5323
4128,中天,5,0,5,高橋-內壢,2023-12-21,5323
6139,亞翔,5,0,5,高橋-內壢,2023-12-21,5323
2344,華邦電,160,45,115,高橋-內壢,2023-12-22,5323
00937B,群益ESG投等債20,92,0,92,高橋-內壢,2023-12-22,5323
6443,元晶,72,0,72,高橋-內壢,2023-12-22,5323
00687B,國泰20年美債,33,3,30,高橋-內壢,2023-12-22,5323
2356,英業達,65,37,28,高橋-內壢,2023-12-22,5323
00919,群益台灣精選高息,26,0,26,高橋-內壢,2023-12-22,5323
2337,旺宏,35,14,21,高橋-內壢,2023-12-22,5323
2201,裕隆,23,3,20,高橋-內壢,2023-12-22,5323
2014,中鴻,17,0,17,高橋-內壢,2023-12-22,5323
9105,泰金寶-DR,23,6,17,高橋-內壢,2023-12-22,5323
00734B,台新JPM新興債,15,0,15,高橋-內壢,2023-12-22,5323
00772B,中信高評級公司債,13,0,13,高橋-內壢,2023-12-22,5323
00720B,元大投資級公司債,12,0,12,高橋-內壢,2023-12-22,5323
2515,中工,12,0,12,高橋-內壢,2023-12-22,5323
3260,威剛,15,4,11,高橋-內壢,2023-12-22,5323
5439,高技,11,0,11,高橋-內壢,2023-12-22,5323
1522,堤維西,10,0,10,高橋-內壢,2023-12-22,5323
2349,錸德,10,0,10,高橋-內壢,2023-12-22,5323
3357,臺慶科,10,0,10,高橋-內壢,2023-12-22,5323
8201,無敵,10,0,10,高橋-內壢,2023-12-22,5323
6143,振曜,10,0,10,高橋-內壢,2023-12-22,5323
1326,台化,10,0,10,高橋-內壢,2023-12-22,5323
6139,亞翔,13,4,9,高橋-內壢,2023-12-22,5323
3013,晟銘電,11,3,8,高橋-內壢,2023-12-22,5323
4306,炎洲,8,0,8,高橋-內壢,2023-12-22,5323
2609,陽明,209,202,7,高橋-內壢,2023-12-22,5323
00933B,國泰10Y+金融債,7,0,7,高橋-內壢,2023-12-22,5323
00679B,元大美債20年,7,0,7,高橋-內壢,2023-12-22,5323
00882,中信中國高股息,13,6,7,高橋-內壢,2023-12-22,5323
1524,耿鼎,7,0,7,高橋-內壢,2023-12-22,5323
2312,金寶,7,0,7,高橋-內壢,2023-12-22,5323
9945,潤泰新,7,0,7,高橋-內壢,2023-12-22,5323
00795B,中信美國公債20年,6,0,6,高橋-內壢,2023-12-22,5323
00900,富邦特選高股息30,6,0,6,高橋-內壢,2023-12-22,5323
2313,華通,13,7,6,高橋-內壢,2023-12-22,5323
5498,凱崴,9,3,6,高橋-內壢,2023-12-22,5323
3231,緯創,7,2,5,高橋-內壢,2023-12-22,5323
00885,富邦越南,5,0,5,高橋-內壢,2023-12-22,5323
00929,復華台灣科技優息,18,13,5,高橋-內壢,2023-12-22,5323
1216,統一,5,0,5,高橋-內壢,2023-12-22,5323
1732,毛寶,5,0,5,高橋-內壢,2023-12-22,5323
2464,盟立,5,0,5,高橋-內壢,2023-12-22,5323
2891,中信金,5,0,5,高橋-內壢,2023-12-22,5323
3437,榮創,5,0,5,高橋-內壢,2023-12-22,5323
5009,榮剛,5,0,5,高橋-內壢,2023-12-22,5323
5289,宜鼎,10,5,5,高橋-內壢,2023-12-22,5323
8034,榮群,6,1,5,高橋-內壢,2023-12-22,5323
3390,旭軟,4,0,4,高橋-內壢,2023-12-22,5323
2354,鴻準,4,0,4,高橋-內壢,2023-12-22,5323
2387,精元,4,0,4,高橋-內壢,2023-12-22,5323
2618,長榮航,420,20,400,高橋-內壢,2023-12-25,5323
2610,華航,168,10,158,高橋-內壢,2023-12-25,5323
00931B,統一美債20年,82,0,82,高橋-內壢,2023-12-25,5323
2609,陽明,155,73,82,高橋-內壢,2023-12-25,5323
2344,華邦電,73,3,70,高橋-內壢,2023-12-25,5323
00937B,群益ESG投等債20,94,30,64,高橋-內壢,2023-12-25,5323
00919,群益台灣精選高息,61,0,61,高橋-內壢,2023-12-25,5323
3607,谷崧,55,0,55,高橋-內壢,2023-12-25,5323
00936,台新永續高息中小,39,0,39,高橋-內壢,2023-12-25,5323
6139,亞翔,33,7,26,高橋-內壢,2023-12-25,5323
2516,新建,19,0,19,高橋-內壢,2023-12-25,5323
6191,精成科,20,1,19,高橋-內壢,2023-12-25,5323
2888,新光金,17,0,17,高橋-內壢,2023-12-25,5323
1618,合機,15,0,15,高橋-內壢,2023-12-25,5323
6156,松上,13,0,13,高橋-內壢,2023-12-25,5323
2482,連宇,13,1,12,高橋-內壢,2023-12-25,5323
2601,益航,13,1,12,高橋-內壢,2023-12-25,5323
1514,亞力,13,2,11,高橋-內壢,2023-12-25,5323
00900,富邦特選高股息30,11,0,11,高橋-內壢,2023-12-25,5323
5905,南仁湖,11,0,11,高橋-內壢,2023-12-25,5323
2316,楠梓電,10,0,10,高橋-內壢,2023-12-25,5323
4133,亞諾法,10,0,10,高橋-內壢,2023-12-25,5323
6138,茂達,10,0,10,高橋-內壢,2023-12-25,5323
8096,擎亞,20,10,10,高橋-內壢,2023-12-25,5323
8150,南茂,10,0,10,高橋-內壢,2023-12-25,5323
9105,泰金寶-DR,10,0,10,高橋-內壢,2023-12-25,5323
2421,建準,11,2,9,高橋-內壢,2023-12-25,5323
2007,燁興,10,2,8,高橋-內壢,2023-12-25,5323
4906,正文,8,0,8,高橋-內壢,2023-12-25,5323
6770,力積電,8,0,8,高橋-內壢,2023-12-25,5323
00929,復華台灣科技優息,16,9,7,高橋-內壢,2023-12-25,5323
2543,皇昌,7,0,7,高橋-內壢,2023-12-25,5323
3264,欣銓,7,0,7,高橋-內壢,2023-12-25,5323
3704,合勤控,7,0,7,高橋-內壢,2023-12-25,5323
6117,迎廣,20,13,7,高橋-內壢,2023-12-25,5323
1305,華夏,6,0,6,高橋-內壢,2023-12-25,5323
00878,國泰永續高股息,20,14,6,高橋-內壢,2023-12-25,5323
00642U,期元大S＆P石油,6,0,6,高橋-內壢,2023-12-25,5323
2337,旺宏,6,0,6,高橋-內壢,2023-12-25,5323
2834,臺企銀,5,0,5,高橋-內壢,2023-12-25,5323
3437,榮創,5,0,5,高橋-內壢,2023-12-25,5323
4552,力達-KY,5,0,5,高橋-內壢,2023-12-25,5323
5388,中磊,5,0,5,高橋-內壢,2023-12-25,5323
2637,慧洋-KY,4,0,4,高橋-內壢,2023-12-25,5323
2615,萬海,26,22,4,高橋-內壢,2023-12-25,5323
00687B,國泰20年美債,4,0,4,高橋-內壢,2023-12-25,5323
1603,華電,4,0,4,高橋-內壢,2023-12-25,5323
1815,富喬,4,0,4,高橋-內壢,2023-12-25,5323
2034,允強,4,0,4,高橋-內壢,2023-12-25,5323
2201,裕隆,11,7,4,高橋-內壢,2023-12-25,5323
00931B,統一美債20年,82,0,82,高橋-內壢,2023-12-26,5323
2610,華航,70,6,64,高橋-內壢,2023-12-26,5323
00937B,群益ESG投等債20,34,2,32,高橋-內壢,2023-12-26,5323
9105,泰金寶-DR,25,0,25,高橋-內壢,2023-12-26,5323
00632R,元大台灣50反1,20,0,20,高橋-內壢,2023-12-26,5323
2387,精元,20,0,20,高橋-內壢,2023-12-26,5323
2405,輔信,31,12,19,高橋-內壢,2023-12-26,5323
00929,復華台灣科技優息,19,2,17,高橋-內壢,2023-12-26,5323
00918,大華優利高填息30,16,3,13,高橋-內壢,2023-12-26,5323
4707,磐亞,12,0,12,高橋-內壢,2023-12-26,5323
3078,僑威,13,1,12,高橋-內壢,2023-12-26,5323
2377,微星,13,2,11,高橋-內壢,2023-12-26,5323
2451,創見,10,0,10,高橋-內壢,2023-12-26,5323
2889,國票金,10,0,10,高橋-內壢,2023-12-26,5323
3019,亞光,10,0,10,高橋-內壢,2023-12-26,5323
3169,亞信,10,0,10,高橋-內壢,2023-12-26,5323
2603,長榮,10,0,10,高橋-內壢,2023-12-26,5323
2027,大成鋼,10,1,9,高橋-內壢,2023-12-26,5323
5905,南仁湖,9,0,9,高橋-內壢,2023-12-26,5323
00933B,國泰10Y+金融債,8,0,8,高橋-內壢,2023-12-26,5323
5009,榮剛,20,12,8,高橋-內壢,2023-12-26,5323
2618,長榮航,7,0,7,高橋-內壢,2023-12-26,5323
3041,揚智,17,10,7,高橋-內壢,2023-12-26,5323
3704,合勤控,8,1,7,高橋-內壢,2023-12-26,5323
6182,合晶,7,0,7,高橋-內壢,2023-12-26,5323
2002,中鋼,6,0,6,高橋-內壢,2023-12-26,5323
00882,中信中國高股息,6,0,6,高橋-內壢,2023-12-26,5323
2328,廣宇,5,0,5,高橋-內壢,2023-12-26,5323
2342,茂矽,5,0,5,高橋-內壢,2023-12-26,5323
2605,新興,5,0,5,高橋-內壢,2023-12-26,5323
3607,谷崧,10,5,5,高橋-內壢,2023-12-26,5323
4726,永昕,5,0,5,高橋-內壢,2023-12-26,5323
4743,合一,5,0,5,高橋-內壢,2023-12-26,5323
5425,台半,5,0,5,高橋-內壢,2023-12-26,5323
5483,中美晶,5,0,5,高橋-內壢,2023-12-26,5323
9945,潤泰新,5,0,5,高橋-內壢,2023-12-26,5323
2356,英業達,13,9,4,高橋-內壢,2023-12-26,5323
1504,東元,7,3,4,高橋-內壢,2023-12-26,5323
1503,士電,5,1,4,高橋-內壢,2023-12-26,5323
2365,昆盈,5,1,4,高橋-內壢,2023-12-26,5323
2421,建準,5,1,4,高橋-內壢,2023-12-26,5323
2515,中工,4,0,4,高橋-內壢,2023-12-26,5323
6285,啟��,5,1,4,高橋-內壢,2023-12-26,5323
8936,國統,4,0,4,高橋-內壢,2023-12-26,5323
1582,信錦,3,0,3,高橋-內壢,2023-12-26,5323
00687B,國泰20年美債,3,0,3,高橋-內壢,2023-12-26,5323
00679B,元大美債20年,3,0,3,高橋-內壢,2023-12-26,5323
00891,中信關鍵半導體,3,0,3,高橋-內壢,2023-12-26,5323
2338,光罩,3,0,3,高橋-內壢,2023-12-26,5323
2352,佳世達,6,3,3,高橋-內壢,2023-12-26,5323
2618,長榮航,183,0,183,高橋-內壢,2023-12-27,5323
00937B,群益ESG投等債20,122,0,122,高橋-內壢,2023-12-27,5323
9105,泰金寶-DR,91,6,85,高橋-內壢,2023-12-27,5323
2353,宏��,113,35,78,高橋-內壢,2023-12-27,5323
2014,中鴻,47,2,45,高橋-內壢,2023-12-27,5323
6129,普誠,45,11,34,高橋-內壢,2023-12-27,5323
3481,群創,34,10,24,高橋-內壢,2023-12-27,5323
1312,國喬,21,0,21,高橋-內壢,2023-12-27,5323
00929,復華台灣科技優息,63,43,20,高橋-內壢,2023-12-27,5323
2405,輔信,25,5,20,高橋-內壢,2023-12-27,5323
5381,合正,32,14,18,高橋-內壢,2023-12-27,5323
2468,華經,15,0,15,高橋-內壢,2023-12-27,5323
2329,華泰,16,2,14,高橋-內壢,2023-12-27,5323
1504,東元,15,2,13,高橋-內壢,2023-12-27,5323
5009,榮剛,13,0,13,高橋-內壢,2023-12-27,5323
6288,聯嘉,12,0,12,高橋-內壢,2023-12-27,5323
00680L,元大美債20正2,11,0,11,高橋-內壢,2023-12-27,5323
2365,昆盈,11,1,10,高橋-內壢,2023-12-27,5323
00637L,元大滬深300正2,10,0,10,高橋-內壢,2023-12-27,5323
00934,中信成長高股息,10,0,10,高橋-內壢,2023-12-27,5323
3530,晶相光,10,0,10,高橋-內壢,2023-12-27,5323
2409,友達,42,32,10,高橋-內壢,2023-12-27,5323
6182,合晶,9,0,9,高橋-內壢,2023-12-27,5323
2362,藍天,9,0,9,高橋-內壢,2023-12-27,5323
00918,大華優利高填息30,8,0,8,高橋-內壢,2023-12-27,5323
2201,裕隆,10,2,8,高橋-內壢,2023-12-27,5323
2489,瑞軒,10,2,8,高橋-內壢,2023-12-27,5323
00882,中信中國高股息,7,0,7,高橋-內壢,2023-12-27,5323
2258,鴻華先進-創,7,0,7,高橋-內壢,2023-12-27,5323
2367,燿華,7,0,7,高橋-內壢,2023-12-27,5323
00933B,國泰10Y+金融債,8,2,6,高橋-內壢,2023-12-27,5323
00919,群益台灣精選高息,7,1,6,高橋-內壢,2023-12-27,5323
8033,雷虎,6,0,6,高橋-內壢,2023-12-27,5323
1737,臺鹽,5,0,5,高橋-內壢,2023-12-27,5323
2392,正崴,5,0,5,高橋-內壢,2023-12-27,5323
2634,漢翔,5,0,5,高橋-內壢,2023-12-27,5323
2880,華南金,5,0,5,高橋-內壢,2023-12-27,5323
2889,國票金,5,0,5,高橋-內壢,2023-12-27,5323
2890,永豐金,5,0,5,高橋-內壢,2023-12-27,5323
4906,正文,5,0,5,高橋-內壢,2023-12-27,5323
5426,振發,5,0,5,高橋-內壢,2023-12-27,5323
6593,台灣銘板,5,0,5,高橋-內壢,2023-12-27,5323
6683,雍智科技,6,1,5,高橋-內壢,2023-12-27,5323
2421,建準,12,8,4,高橋-內壢,2023-12-27,5323
00795B,中信美國公債20年,4,0,4,高橋-內壢,2023-12-27,5323
00772B,中信高評級公司債,4,0,4,高橋-內壢,2023-12-27,5323
2023,燁輝,4,0,4,高橋-內壢,2023-12-27,5323
2331,精英,5,1,4,高橋-內壢,2023-12-27,5323
3011,今皓,4,0,4,高橋-內壢,2023-12-27,5323
3540,曜越,4,0,4,高橋-內壢,2023-12-27,5323
00680L,元大美債20正2,150,0,150,高橋-內壢,2023-12-28,5323
2337,旺宏,107,8,99,高橋-內壢,2023-12-28,5323
00937B,群益ESG投等債20,96,0,96,高橋-內壢,2023-12-28,5323
3024,憶聲,50,4,46,高橋-內壢,2023-12-28,5323
00753L,中信中國50正2,40,0,40,高橋-內壢,2023-12-28,5323
6129,普誠,38,0,38,高橋-內壢,2023-12-28,5323
00637L,元大滬深300正2,35,0,35,高橋-內壢,2023-12-28,5323
3706,神達,74,41,33,高橋-內壢,2023-12-28,5323
2618,長榮航,46,14,32,高橋-內壢,2023-12-28,5323
9919,康那香,30,0,30,高橋-內壢,2023-12-28,5323
2890,永豐金,30,0,30,高橋-內壢,2023-12-28,5323
2609,陽明,38,13,25,高橋-內壢,2023-12-28,5323
2356,英業達,38,20,18,高橋-內壢,2023-12-28,5323
1514,亞力,38,22,16,高橋-內壢,2023-12-28,5323
00929,復華台灣科技優息,16,1,15,高橋-內壢,2023-12-28,5323
2014,中鴻,16,2,14,高橋-內壢,2023-12-28,5323
2353,宏��,53,40,13,高橋-內壢,2023-12-28,5323
00919,群益台灣精選高息,22,10,12,高橋-內壢,2023-12-28,5323
0056,元大高股息,12,1,11,高橋-內壢,2023-12-28,5323
2349,錸德,11,0,11,高橋-內壢,2023-12-28,5323
3346,麗清,10,0,10,高橋-內壢,2023-12-28,5323
1312,國喬,10,0,10,高橋-內壢,2023-12-28,5323
00679B,元大美債20年,10,0,10,高橋-內壢,2023-12-28,5323
2027,大成鋼,10,0,10,高橋-內壢,2023-12-28,5323
2352,佳世達,10,0,10,高橋-內壢,2023-12-28,5323
2367,燿華,10,0,10,高橋-內壢,2023-12-28,5323
6116,彩晶,10,0,10,高橋-內壢,2023-12-28,5323
6505,台塑化,10,0,10,高橋-內壢,2023-12-28,5323
00712,復華富時不動產,9,0,9,高橋-內壢,2023-12-28,5323
6223,旺矽,10,1,9,高橋-內壢,2023-12-28,5323
2816,旺旺保,8,0,8,高橋-內壢,2023-12-28,5323
2436,偉詮電,7,0,7,高橋-內壢,2023-12-28,5323
8096,擎亞,12,5,7,高橋-內壢,2023-12-28,5323
3380,明泰,6,0,6,高橋-內壢,2023-12-28,5323
6168,宏齊,6,0,6,高橋-內壢,2023-12-28,5323
00918,大華優利高填息30,5,0,5,高橋-內壢,2023-12-28,5323
00933B,國泰10Y+金融債,5,0,5,高橋-內壢,2023-12-28,5323
2316,楠梓電,5,0,5,高橋-內壢,2023-12-28,5323
2331,精英,5,0,5,高橋-內壢,2023-12-28,5323
2362,藍天,5,0,5,高橋-內壢,2023-12-28,5323
3305,昇貿,5,0,5,高橋-內壢,2023-12-28,5323
3532,台勝科,10,5,5,高橋-內壢,2023-12-28,5323
4133,亞諾法,5,0,5,高橋-內壢,2023-12-28,5323
4972,湯石照明,5,0,5,高橋-內壢,2023-12-28,5323
4979,華星光,5,0,5,高橋-內壢,2023-12-28,5323
6605,帝寶,5,0,5,高橋-內壢,2023-12-28,5323
8112,至上,5,0,5,高橋-內壢,2023-12-28,5323
8383,千附,5,0,5,高橋-內壢,2023-12-28,5323
1513,中興電,24,20,4,高橋-內壢,2023-12-28,5323
00931B,統一美債20年,14,10,4,高橋-內壢,2023-12-28,5323
00937B,群益ESG投等債20,207,27,180,高橋-內壢,2023-12-29,5323
00680L,元大美債20正2,150,0,150,高橋-內壢,2023-12-29,5323
2014,中鴻,105,0,105,高橋-內壢,2023-12-29,5323
2405,輔信,64,5,59,高橋-內壢,2023-12-29,5323
6139,亞翔,52,3,49,高橋-內壢,2023-12-29,5323
00929,復華台灣科技優息,46,2,44,高橋-內壢,2023-12-29,5323
00922,國泰台灣領袖50,41,0,41,高橋-內壢,2023-12-29,5323
00919,群益台灣精選高息,40,0,40,高橋-內壢,2023-12-29,5323
00936,台新永續高息中小,30,0,30,高橋-內壢,2023-12-29,5323
00753L,中信中國50正2,25,0,25,高橋-內壢,2023-12-29,5323
2337,旺宏,52,30,22,高橋-內壢,2023-12-29,5323
3260,威剛,25,4,21,高橋-內壢,2023-12-29,5323
00891,中信關鍵半導體,20,0,20,高橋-內壢,2023-12-29,5323
00927,群益半導體收益,20,0,20,高橋-內壢,2023-12-29,5323
5328,華容,20,0,20,高橋-內壢,2023-12-29,5323
4133,亞諾法,18,0,18,高橋-內壢,2023-12-29,5323
2356,英業達,34,17,17,高橋-內壢,2023-12-29,5323
00933B,國泰10Y+金融債,16,0,16,高橋-內壢,2023-12-29,5323
2883,凱基金,15,0,15,高橋-內壢,2023-12-29,5323
2888,新光金,15,0,15,高橋-內壢,2023-12-29,5323
2889,國票金,20,5,15,高橋-內壢,2023-12-29,5323
2363,矽統,14,0,14,高橋-內壢,2023-12-29,5323
3338,泰碩,16,3,13,高橋-內壢,2023-12-29,5323
2486,一詮,14,1,13,高橋-內壢,2023-12-29,5323
00642U,期元大S＆P石油,11,0,11,高橋-內壢,2023-12-29,5323
1504,東元,10,0,10,高橋-內壢,2023-12-29,5323
2891,中信金,10,0,10,高橋-內壢,2023-12-29,5323
2892,第一金,10,0,10,高橋-內壢,2023-12-29,5323
5457,宣德,10,0,10,高橋-內壢,2023-12-29,5323
6116,彩晶,20,10,10,高橋-內壢,2023-12-29,5323
6593,台灣銘板,10,0,10,高橋-內壢,2023-12-29,5323
1514,亞力,8,0,8,高橋-內壢,2023-12-29,5323
0056,元大高股息,8,0,8,高橋-內壢,2023-12-29,5323
5426,振發,9,1,8,高橋-內壢,2023-12-29,5323
2208,台船,7,1,6,高橋-內壢,2023-12-29,5323
3041,揚智,6,0,6,高橋-內壢,2023-12-29,5323
1524,耿鼎,5,0,5,高橋-內壢,2023-12-29,5323
1608,華榮,5,0,5,高橋-內壢,2023-12-29,5323
1609,大亞,5,0,5,高橋-內壢,2023-12-29,5323
2430,燦坤,5,0,5,高橋-內壢,2023-12-29,5323
2450,神腦,5,0,5,高橋-內壢,2023-12-29,5323
2472,立隆電,5,0,5,高橋-內壢,2023-12-29,5323
5347,世界,14,9,5,高橋-內壢,2023-12-29,5323
5452,佶優,5,0,5,高橋-內壢,2023-12-29,5323
6154,順發,5,0,5,高橋-內壢,2023-12-29,5323
6173,信昌電,5,0,5,高橋-內壢,2023-12-29,5323
6419,京晨科,5,0,5,高橋-內壢,2023-12-29,5323
1522,堤維西,5,1,4,高橋-內壢,2023-12-29,5323
00712,復華富時不動產,5,1,4,高橋-內壢,2023-12-29,5323
00878,國泰永續高股息,16,12,4,高橋-內壢,2023-12-29,5323
00937B,群益ESG投等債20,145,5,140,高橋-內壢,2024-01-02,5323
00891,中信關鍵半導體,100,0,100,高橋-內壢,2024-01-02,5323
00687B,國泰20年美債,65,0,65,高橋-內壢,2024-01-02,5323
00679B,元大美債20年,34,0,34,高橋-內壢,2024-01-02,5323
00878,國泰永續高股息,34,1,33,高橋-內壢,2024-01-02,5323
1737,臺鹽,30,1,29,高橋-內壢,2024-01-02,5323
6139,亞翔,30,1,29,高橋-內壢,2024-01-02,5323
00712,復華富時不動產,26,1,25,高橋-內壢,2024-01-02,5323
3231,緯創,33,8,25,高橋-內壢,2024-01-02,5323
2486,一詮,31,7,24,高橋-內壢,2024-01-02,5323
2352,佳世達,23,0,23,高橋-內壢,2024-01-02,5323
00919,群益台灣精選高息,37,15,22,高橋-內壢,2024-01-02,5323
2313,華通,26,4,22,高橋-內壢,2024-01-02,5323
2890,永豐金,21,0,21,高橋-內壢,2024-01-02,5323
1312,國喬,20,0,20,高橋-內壢,2024-01-02,5323
2382,廣達,20,0,20,高橋-內壢,2024-01-02,5323
00931B,統一美債20年,24,5,19,高橋-內壢,2024-01-02,5323
1609,大亞,20,1,19,高橋-內壢,2024-01-02,5323
0056,元大高股息,20,2,18,高橋-內壢,2024-01-02,5323
2353,宏��,45,27,18,高橋-內壢,2024-01-02,5323
2356,英業達,19,2,17,高橋-內壢,2024-01-02,5323
2402,毅嘉,18,1,17,高橋-內壢,2024-01-02,5323
00935,野村臺灣新科技50,15,0,15,高橋-內壢,2024-01-02,5323
6125,廣運,15,0,15,高橋-內壢,2024-01-02,5323
8936,國統,12,0,12,高橋-內壢,2024-01-02,5323
6668,中揚光,11,0,11,高橋-內壢,2024-01-02,5323
2376,技嘉,12,2,10,高橋-內壢,2024-01-02,5323
00882,中信中國高股息,10,0,10,高橋-內壢,2024-01-02,5323
1616,億泰,10,0,10,高橋-內壢,2024-01-02,5323
2332,友訊,11,1,10,高橋-內壢,2024-01-02,5323
6770,力積電,7,0,7,高橋-內壢,2024-01-02,5323
2324,仁寶,17,10,7,高橋-內壢,2024-01-02,5323
2344,華邦電,11,5,6,高橋-內壢,2024-01-02,5323
3706,神達,11,5,6,高橋-內壢,2024-01-02,5323
2615,萬海,9,3,6,高橋-內壢,2024-01-02,5323
2888,新光金,8,2,6,高橋-內壢,2024-01-02,5323
3041,揚智,6,0,6,高橋-內壢,2024-01-02,5323
00922,國泰台灣領袖50,5,0,5,高橋-內壢,2024-01-02,5323
00927,群益半導體收益,5,0,5,高橋-內壢,2024-01-02,5323
2002,中鋼,5,0,5,高橋-內壢,2024-01-02,5323
2611,志信,5,0,5,高橋-內壢,2024-01-02,5323
2727,王品,5,0,5,高橋-內壢,2024-01-02,5323
3380,明泰,5,0,5,高橋-內壢,2024-01-02,5323
3504,揚明光,10,5,5,高橋-內壢,2024-01-02,5323
3694,海華,5,0,5,高橋-內壢,2024-01-02,5323
5347,世界,5,0,5,高橋-內壢,2024-01-02,5323
5351,鈺創,5,0,5,高橋-內壢,2024-01-02,5323
6206,飛捷,5,0,5,高橋-內壢,2024-01-02,5323
6419,京晨科,5,0,5,高橋-內壢,2024-01-02,5323
8261,富鼎,5,0,5,高橋-內壢,2024-01-02,5323
2618,長榮航,340,31,309,高橋-內壢,2024-01-03,5323
00929,復華台灣科技優息,272,0,272,高橋-內壢,2024-01-03,5323
2610,華航,148,0,148,高橋-內壢,2024-01-03,5323
00937B,群益ESG投等債20,95,0,95,高橋-內壢,2024-01-03,5323
00891,中信關鍵半導體,51,0,51,高橋-內壢,2024-01-03,5323
00919,群益台灣精選高息,51,1,50,高橋-內壢,2024-01-03,5323
00650L,復華香港正2,50,0,50,高橋-內壢,2024-01-03,5323
2641,正德,50,0,50,高橋-內壢,2024-01-03,5323
3481,群創,51,1,50,高橋-內壢,2024-01-03,5323
00878,國泰永續高股息,41,4,37,高橋-內壢,2024-01-03,5323
2609,陽明,74,38,36,高橋-內壢,2024-01-03,5323
0056,元大高股息,37,3,34,高橋-內壢,2024-01-03,5323
00931B,統一美債20年,33,0,33,高橋-內壢,2024-01-03,5323
2324,仁寶,54,22,32,高橋-內壢,2024-01-03,5323
5328,華容,25,0,25,高橋-內壢,2024-01-03,5323
2303,聯電,27,6,21,高橋-內壢,2024-01-03,5323
3231,緯創,21,1,20,高橋-內壢,2024-01-03,5323
8110,華東,20,0,20,高橋-內壢,2024-01-03,5323
2331,精英,42,25,17,高橋-內壢,2024-01-03,5323
4167,松瑞藥,22,6,16,高橋-內壢,2024-01-03,5323
3221,台嘉碩,16,1,15,高橋-內壢,2024-01-03,5323
6770,力積電,15,0,15,高橋-內壢,2024-01-03,5323
00687B,國泰20年美債,14,0,14,高橋-內壢,2024-01-03,5323
00712,復華富時不動產,14,0,14,高橋-內壢,2024-01-03,5323
2845,遠東銀,14,0,14,高橋-內壢,2024-01-03,5323
2330,台積電,15,1,14,高橋-內壢,2024-01-03,5323
00934,中信成長高股息,15,2,13,高橋-內壢,2024-01-03,5323
8926,台汽電,13,0,13,高橋-內壢,2024-01-03,5323
2344,華邦電,15,3,12,高橋-內壢,2024-01-03,5323
3037,欣興,12,0,12,高橋-內壢,2024-01-03,5323
5469,瀚宇博,12,0,12,高橋-內壢,2024-01-03,5323
00932,兆豐永續高息等權,11,0,11,高橋-內壢,2024-01-03,5323
6625,必應,11,0,11,高橋-內壢,2024-01-03,5323
00935,野村臺灣新科技50,10,0,10,高橋-內壢,2024-01-03,5323
00850,元大臺灣ESG永續,10,0,10,高橋-內壢,2024-01-03,5323
1434,福懋,10,0,10,高橋-內壢,2024-01-03,5323
4162,智擎,10,0,10,高橋-內壢,2024-01-03,5323
6116,彩晶,15,5,10,高橋-內壢,2024-01-03,5323
6154,順發,10,0,10,高橋-內壢,2024-01-03,5323
6419,京晨科,10,0,10,高橋-內壢,2024-01-03,5323
8088,品安,10,0,10,高橋-內壢,2024-01-03,5323
2421,建準,9,0,9,高橋-內壢,2024-01-03,5323
2455,全新,9,0,9,高橋-內壢,2024-01-03,5323
00772B,中信高評級公司債,8,0,8,高橋-內壢,2024-01-03,5323
3504,揚明光,8,0,8,高橋-內壢,2024-01-03,5323
5521,工信,10,2,8,高橋-內壢,2024-01-03,5323
5426,振發,7,0,7,高橋-內壢,2024-01-03,5323
00770,國泰北美科技,7,0,7,高橋-內壢,2024-01-03,5323
00675L,富邦臺灣加權正2,7,0,7,高橋-內壢,2024-01-03,5323
1319,東陽,7,0,7,高橋-內壢,2024-01-03,5323
00929,復華台灣科技優息,101,4,97,高橋-內壢,2024-01-04,5323
00937B,群益ESG投等債20,51,0,51,高橋-內壢,2024-01-04,5323
00927,群益半導體收益,47,0,47,高橋-內壢,2024-01-04,5323
2331,精英,35,4,31,高橋-內壢,2024-01-04,5323
00712,復華富時不動產,28,0,28,高橋-內壢,2024-01-04,5323
2816,旺旺保,24,1,23,高橋-內壢,2024-01-04,5323
2313,華通,23,2,21,高橋-內壢,2024-01-04,5323
2367,燿華,21,0,21,高橋-內壢,2024-01-04,5323
2002,中鋼,21,2,19,高橋-內壢,2024-01-04,5323
2637,慧洋-KY,18,2,16,高橋-內壢,2024-01-04,5323
2888,新光金,22,7,15,高橋-內壢,2024-01-04,5323
4915,致伸,13,0,13,高橋-內壢,2024-01-04,5323
8088,品安,13,0,13,高橋-內壢,2024-01-04,5323
2605,新興,14,3,11,高橋-內壢,2024-01-04,5323
5222,全訊,11,0,11,高橋-內壢,2024-01-04,5323
6138,茂達,11,0,11,高橋-內壢,2024-01-04,5323
2612,中航,10,0,10,高橋-內壢,2024-01-04,5323
8086,宏捷科,16,6,10,高橋-內壢,2024-01-04,5323
2365,昆盈,10,1,9,高橋-內壢,2024-01-04,5323
2369,菱生,9,0,9,高橋-內壢,2024-01-04,5323
2486,一詮,19,10,9,高橋-內壢,2024-01-04,5323
2607,榮運,15,6,9,高橋-內壢,2024-01-04,5323
2303,聯電,8,0,8,高橋-內壢,2024-01-04,5323
1466,聚隆,10,3,7,高橋-內壢,2024-01-04,5323
00893,國泰智能電動車,7,0,7,高橋-內壢,2024-01-04,5323
3234,光環,7,0,7,高橋-內壢,2024-01-04,5323
8046,南電,7,0,7,高橋-內壢,2024-01-04,5323
00772B,中信高評級公司債,7,1,6,高橋-內壢,2024-01-04,5323
1605,華新,6,0,6,高橋-內壢,2024-01-04,5323
2915,潤泰全,6,0,6,高橋-內壢,2024-01-04,5323
2324,仁寶,14,8,6,高橋-內壢,2024-01-04,5323
00915,凱基優選高股息30,15,10,5,高橋-內壢,2024-01-04,5323
00931B,統一美債20年,5,0,5,高橋-內壢,2024-01-04,5323
00720B,元大投資級公司債,5,0,5,高橋-內壢,2024-01-04,5323
2390,云辰,5,0,5,高橋-內壢,2024-01-04,5323
3033,威健,6,1,5,高橋-內壢,2024-01-04,5323
3046,建��,5,0,5,高橋-內壢,2024-01-04,5323
3373,熱映,5,0,5,高橋-內壢,2024-01-04,5323
5328,華容,5,0,5,高橋-內壢,2024-01-04,5323
6108,競國,5,0,5,高橋-內壢,2024-01-04,5323
8039,台虹,5,0,5,高橋-內壢,2024-01-04,5323
00687B,國泰20年美債,4,0,4,高橋-內壢,2024-01-04,5323
00725B,國泰投資級公司債,5,1,4,高橋-內壢,2024-01-04,5323
00882,中信中國高股息,4,0,4,高橋-內壢,2024-01-04,5323
00850,元大臺灣ESG永續,4,0,4,高橋-內壢,2024-01-04,5323
00935,野村臺灣新科技50,4,0,4,高橋-內壢,2024-01-04,5323
1514,亞力,9,5,4,高橋-內壢,2024-01-04,5323
2362,藍天,4,0,4,高橋-內壢,2024-01-04,5323
2617,台航,4,0,4,高橋-內壢,2024-01-04,5323
2636,台驊控股,7,3,4,高橋-內壢,2024-01-04,5323
1314,中石化,100,0,100,高橋-內壢,2024-01-05,5323
2323,中環,95,2,93,高橋-內壢,2024-01-05,5323
00937B,群益ESG投等債20,96,5,91,高橋-內壢,2024-01-05,5323
00687B,國泰20年美債,82,0,82,高橋-內壢,2024-01-05,5323
2618,長榮航,106,32,74,高橋-內壢,2024-01-05,5323
5328,華容,53,0,53,高橋-內壢,2024-01-05,5323
00675L,富邦臺灣加權正2,34,0,34,高橋-內壢,2024-01-05,5323
2605,新興,33,2,31,高橋-內壢,2024-01-05,5323
2610,華航,33,4,29,高橋-內壢,2024-01-05,5323
00927,群益半導體收益,23,0,23,高橋-內壢,2024-01-05,5323
8096,擎亞,21,0,21,高橋-內壢,2024-01-05,5323
00882,中信中國高股息,20,0,20,高橋-內壢,2024-01-05,5323
2609,陽明,84,66,18,高橋-內壢,2024-01-05,5323
2368,金像電,18,0,18,高橋-內壢,2024-01-05,5323
2365,昆盈,20,3,17,高橋-內壢,2024-01-05,5323
5608,四維航,14,0,14,高橋-內壢,2024-01-05,5323
3044,健鼎,13,0,13,高橋-內壢,2024-01-05,5323
4167,松瑞藥,20,7,13,高橋-內壢,2024-01-05,5323
00919,群益台灣精選高息,47,35,12,高橋-內壢,2024-01-05,5323
2353,宏��,17,5,12,高橋-內壢,2024-01-05,5323
2486,一詮,11,0,11,高橋-內壢,2024-01-05,5323
00679B,元大美債20年,11,0,11,高橋-內壢,2024-01-05,5323
00830,國泰費城半導體,10,0,10,高橋-內壢,2024-01-05,5323
2425,承啟,10,0,10,高橋-內壢,2024-01-05,5323
6161,捷波,10,0,10,高橋-內壢,2024-01-05,5323
00680L,元大美債20正2,12,3,9,高橋-內壢,2024-01-05,5323
00712,復華富時不動產,38,30,8,高橋-內壢,2024-01-05,5323
1504,東元,8,0,8,高橋-內壢,2024-01-05,5323
4543,萬在,7,0,7,高橋-內壢,2024-01-05,5323
6117,迎廣,7,0,7,高橋-內壢,2024-01-05,5323
2603,長榮,10,4,6,高橋-內壢,2024-01-05,5323
1325,恆大,7,1,6,高橋-內壢,2024-01-05,5323
3037,欣興,7,1,6,高橋-內壢,2024-01-05,5323
4908,前鼎,6,0,6,高橋-內壢,2024-01-05,5323
4915,致伸,6,0,6,高橋-內壢,2024-01-05,5323
00881,國泰台灣5G+,5,0,5,高橋-內壢,2024-01-05,5323
00878,國泰永續高股息,5,0,5,高橋-內壢,2024-01-05,5323
2352,佳世達,21,16,5,高橋-內壢,2024-01-05,5323
2421,建準,5,0,5,高橋-內壢,2024-01-05,5323
2516,新建,5,0,5,高橋-內壢,2024-01-05,5323
2611,志信,5,0,5,高橋-內壢,2024-01-05,5323
2915,潤泰全,5,0,5,高橋-內壢,2024-01-05,5323
3346,麗清,5,0,5,高橋-內壢,2024-01-05,5323
5222,全訊,5,0,5,高橋-內壢,2024-01-05,5323
6547,高端疫苗,5,0,5,高橋-內壢,2024-01-05,5323
00930,永豐ESG低碳高息,4,0,4,高橋-內壢,2024-01-05,5323
2515,中工,5,1,4,高橋-內壢,2024-01-05,5323
3706,神達,4,0,4,高橋-內壢,2024-01-05,5323
5465,富驊,4,0,4,高橋-內壢,2024-01-05,5323
9103,美德醫療-DR,4,0,4,高橋-內壢,2024-01-05,5323
00929,復華台灣科技優息,147,1,146,高橋-內壢,2024-01-08,5323
00706L,期元大S＆P日圓正2,60,0,60,高橋-內壢,2024-01-08,5323
2618,長榮航,58,2,56,高橋-內壢,2024-01-08,5323
2324,仁寶,65,14,51,高橋-內壢,2024-01-08,5323
2634,漢翔,56,5,51,高橋-內壢,2024-01-08,5323
00830,國泰費城半導體,34,0,34,高橋-內壢,2024-01-08,5323
00662,富邦NASDAQ,21,0,21,高橋-內壢,2024-01-08,5323
00882,中信中國高股息,21,0,21,高橋-內壢,2024-01-08,5323
6770,力積電,22,1,21,高橋-內壢,2024-01-08,5323
00919,群益台灣精選高息,22,2,20,高橋-內壢,2024-01-08,5323
00864B,中信美國公債0-1,20,0,20,高橋-內壢,2024-01-08,5323
2890,永豐金,28,9,19,高橋-內壢,2024-01-08,5323
2605,新興,30,13,17,高橋-內壢,2024-01-08,5323
00931B,統一美債20年,16,0,16,高橋-內壢,2024-01-08,5323
00770,國泰北美科技,15,0,15,高橋-內壢,2024-01-08,5323
00680L,元大美債20正2,13,0,13,高橋-內壢,2024-01-08,5323
00665L,富邦�琤肭磪囓�2,13,0,13,高橋-內壢,2024-01-08,5323
00933B,國泰10Y+金融債,23,10,13,高橋-內壢,2024-01-08,5323
3078,僑威,12,0,12,高橋-內壢,2024-01-08,5323
00921,兆豐龍頭等權重,10,0,10,高橋-內壢,2024-01-08,5323
00632R,元大台灣50反1,10,0,10,高橋-內壢,2024-01-08,5323
2329,華泰,11,1,10,高橋-內壢,2024-01-08,5323
2369,菱生,10,0,10,高橋-內壢,2024-01-08,5323
2408,南亞科,11,1,10,高橋-內壢,2024-01-08,5323
2439,美律,10,0,10,高橋-內壢,2024-01-08,5323
3005,神基,10,0,10,高橋-內壢,2024-01-08,5323
4909,新復興,10,0,10,高橋-內壢,2024-01-08,5323
4960,誠美材,10,0,10,高橋-內壢,2024-01-08,5323
5371,中光電,10,0,10,高橋-內壢,2024-01-08,5323
2002,中鋼,9,0,9,高橋-內壢,2024-01-08,5323
3217,優群,9,0,9,高橋-內壢,2024-01-08,5323
00687B,國泰20年美債,8,0,8,高橋-內壢,2024-01-08,5323
3004,豐達科,8,0,8,高橋-內壢,2024-01-08,5323
00937B,群益ESG投等債20,22,15,7,高橋-內壢,2024-01-08,5323
00795B,中信美國公債20年,6,0,6,高橋-內壢,2024-01-08,5323
2915,潤泰全,6,0,6,高橋-內壢,2024-01-08,5323
00679B,元大美債20年,6,0,6,高橋-內壢,2024-01-08,5323
5284,jpp-KY,8,2,6,高橋-內壢,2024-01-08,5323
6547,高端疫苗,6,0,6,高橋-內壢,2024-01-08,5323
4119,旭富,6,0,6,高橋-內壢,2024-01-08,5323
1618,合機,5,0,5,高橋-內壢,2024-01-08,5323
1432,大魯閣,5,0,5,高橋-內壢,2024-01-08,5323
00646,元大S＆P500,5,0,5,高橋-內壢,2024-01-08,5323
00637L,元大滬深300正2,5,0,5,高橋-內壢,2024-01-08,5323
1608,華榮,5,0,5,高橋-內壢,2024-01-08,5323
2352,佳世達,15,10,5,高橋-內壢,2024-01-08,5323
2388,威盛,10,5,5,高橋-內壢,2024-01-08,5323
2883,凱基金,5,0,5,高橋-內壢,2024-01-08,5323
3689,湧德,5,0,5,高橋-內壢,2024-01-08,5323
4128,中天,5,0,5,高橋-內壢,2024-01-08,5323
2014,中鴻,179,0,179,高橋-內壢,2024-01-09,5323
00919,群益台灣精選高息,90,2,88,高橋-內壢,2024-01-09,5323
2609,陽明,78,17,61,高橋-內壢,2024-01-09,5323
00680L,元大美債20正2,52,0,52,高橋-內壢,2024-01-09,5323
6770,力積電,41,0,41,高橋-內壢,2024-01-09,5323
5309,系統電,35,0,35,高橋-內壢,2024-01-09,5323
2324,仁寶,41,9,32,高橋-內壢,2024-01-09,5323
2816,旺旺保,29,0,29,高橋-內壢,2024-01-09,5323
2610,華航,27,0,27,高橋-內壢,2024-01-09,5323
2387,精元,22,0,22,高橋-內壢,2024-01-09,5323
5452,佶優,21,0,21,高橋-內壢,2024-01-09,5323
6443,元晶,17,1,16,高橋-內壢,2024-01-09,5323
6116,彩晶,16,1,15,高橋-內壢,2024-01-09,5323
00937B,群益ESG投等債20,20,6,14,高橋-內壢,2024-01-09,5323
0056,元大高股息,14,0,14,高橋-內壢,2024-01-09,5323
2002,中鋼,13,0,13,高橋-內壢,2024-01-09,5323
2353,宏��,15,3,12,高橋-內壢,2024-01-09,5323
4533,協易機,13,1,12,高橋-內壢,2024-01-09,5323
00882,中信中國高股息,14,3,11,高橋-內壢,2024-01-09,5323
2317,鴻海,13,3,10,高橋-內壢,2024-01-09,5323
00751B,元大AAA至A公司債,10,0,10,高橋-內壢,2024-01-09,5323
00915,凱基優選高股息30,10,0,10,高橋-內壢,2024-01-09,5323
00921,兆豐龍頭等權重,10,0,10,高橋-內壢,2024-01-09,5323
2365,昆盈,10,0,10,高橋-內壢,2024-01-09,5323
2441,超豐,10,0,10,高橋-內壢,2024-01-09,5323
2608,嘉里大榮,10,0,10,高橋-內壢,2024-01-09,5323
6244,茂迪,10,0,10,高橋-內壢,2024-01-09,5323
00930,永豐ESG低碳高息,9,0,9,高橋-內壢,2024-01-09,5323
2883,凱基金,9,0,9,高橋-內壢,2024-01-09,5323
4128,中天,10,1,9,高橋-內壢,2024-01-09,5323
2356,英業達,44,36,8,高橋-內壢,2024-01-09,5323
1517,利奇,8,0,8,高橋-內壢,2024-01-09,5323
1605,華新,8,0,8,高橋-內壢,2024-01-09,5323
1736,喬山,8,0,8,高橋-內壢,2024-01-09,5323
2313,華通,10,2,8,高橋-內壢,2024-01-09,5323
2601,益航,7,0,7,高橋-內壢,2024-01-09,5323
3004,豐達科,7,0,7,高橋-內壢,2024-01-09,5323
5392,能率,7,0,7,高橋-內壢,2024-01-09,5323
8096,擎亞,10,3,7,高橋-內壢,2024-01-09,5323
3481,群創,31,25,6,高橋-內壢,2024-01-09,5323
1326,台化,6,0,6,高橋-內壢,2024-01-09,5323
00927,群益半導體收益,6,0,6,高橋-內壢,2024-01-09,5323
1718,中纖,6,0,6,高橋-內壢,2024-01-09,5323
2108,南帝,6,0,6,高橋-內壢,2024-01-09,5323
2368,金像電,7,1,6,高橋-內壢,2024-01-09,5323
5284,jpp-KY,6,0,6,高橋-內壢,2024-01-09,5323
6290,良維,6,0,6,高橋-內壢,2024-01-09,5323
8093,保銳,6,0,6,高橋-內壢,2024-01-09,5323
8383,千附,6,0,6,高橋-內壢,2024-01-09,5323
00923,群益台ESG低碳50,5,0,5,高橋-內壢,2024-01-09,5323
00929,復華台灣科技優息,147,3,144,高橋-內壢,2024-01-10,5323
00632R,元大台灣50反1,80,20,60,高橋-內壢,2024-01-10,5323
2610,華航,55,2,53,高橋-內壢,2024-01-10,5323
0056,元大高股息,50,1,49,高橋-內壢,2024-01-10,5323
5328,華容,35,0,35,高橋-內壢,2024-01-10,5323
00919,群益台灣精選高息,36,8,28,高橋-內壢,2024-01-10,5323
2353,宏��,27,1,26,高橋-內壢,2024-01-10,5323
3481,群創,27,2,25,高橋-內壢,2024-01-10,5323
6547,高端疫苗,23,0,23,高橋-內壢,2024-01-10,5323
2356,英業達,29,7,22,高橋-內壢,2024-01-10,5323
1517,利奇,22,0,22,高橋-內壢,2024-01-10,5323
6770,力積電,25,4,21,高橋-內壢,2024-01-10,5323
2516,新建,20,0,20,高橋-內壢,2024-01-10,5323
6116,彩晶,19,1,18,高橋-內壢,2024-01-10,5323
00639,富邦深100,15,0,15,高橋-內壢,2024-01-10,5323
2816,旺旺保,15,0,15,高橋-內壢,2024-01-10,5323
2608,嘉里大榮,14,0,14,高橋-內壢,2024-01-10,5323
00882,中信中國高股息,13,0,13,高橋-內壢,2024-01-10,5323
2609,陽明,55,42,13,高橋-內壢,2024-01-10,5323
00673R,期元大S＆P原油反1,11,0,11,高橋-內壢,2024-01-10,5323
4167,松瑞藥,11,0,11,高橋-內壢,2024-01-10,5323
9919,康那香,11,0,11,高橋-內壢,2024-01-10,5323
1312,國喬,10,0,10,高橋-內壢,2024-01-10,5323
00921,兆豐龍頭等權重,10,0,10,高橋-內壢,2024-01-10,5323
2002,中鋼,10,0,10,高橋-內壢,2024-01-10,5323
2331,精英,10,0,10,高橋-內壢,2024-01-10,5323
2601,益航,10,0,10,高橋-內壢,2024-01-10,5323
6855,數泓科,10,0,10,高橋-內壢,2024-01-10,5323
2618,長榮航,130,121,9,高橋-內壢,2024-01-10,5323
2883,凱基金,9,0,9,高橋-內壢,2024-01-10,5323
8926,台汽電,9,0,9,高橋-內壢,2024-01-10,5323
2312,金寶,9,1,8,高橋-內壢,2024-01-10,5323
6139,亞翔,8,0,8,高橋-內壢,2024-01-10,5323
3581,博磊,7,0,7,高橋-內壢,2024-01-10,5323
9105,泰金寶-DR,19,12,7,高橋-內壢,2024-01-10,5323
00878,國泰永續高股息,16,10,6,高橋-內壢,2024-01-10,5323
00904,新光臺灣半導體30,6,0,6,高橋-內壢,2024-01-10,5323
2108,南帝,6,0,6,高橋-內壢,2024-01-10,5323
4956,光鋐,8,2,6,高橋-內壢,2024-01-10,5323
4967,十銓,6,0,6,高橋-內壢,2024-01-10,5323
4909,新復興,18,13,5,高橋-內壢,2024-01-10,5323
1101,台泥,5,0,5,高橋-內壢,2024-01-10,5323
00937B,群益ESG投等債20,6,1,5,高橋-內壢,2024-01-10,5323
2014,中鴻,6,1,5,高橋-內壢,2024-01-10,5323
2354,鴻準,5,0,5,高橋-內壢,2024-01-10,5323
2383,台光電,5,0,5,高橋-內壢,2024-01-10,5323
2460,建通,5,0,5,高橋-內壢,2024-01-10,5323
2884,玉山金,5,0,5,高橋-內壢,2024-01-10,5323
2891,中信金,5,0,5,高橋-內壢,2024-01-10,5323
2892,第一金,5,0,5,高橋-內壢,2024-01-10,5323
1605,華新,52,0,52,高橋-內壢,2024-01-11,5323
00929,復華台灣科技優息,53,4,49,高橋-內壢,2024-01-11,5323
00927,群益半導體收益,32,0,32,高橋-內壢,2024-01-11,5323
2882,國泰金,33,1,32,高橋-內壢,2024-01-11,5323
2610,華航,31,3,28,高橋-內壢,2024-01-11,5323
2836,高雄銀,27,0,27,高橋-內壢,2024-01-11,5323
3481,群創,34,9,25,高橋-內壢,2024-01-11,5323
2363,矽統,24,0,24,高橋-內壢,2024-01-11,5323
00632R,元大台灣50反1,20,0,20,高橋-內壢,2024-01-11,5323
00937B,群益ESG投等債20,16,0,16,高橋-內壢,2024-01-11,5323
2379,瑞昱,16,0,16,高橋-內壢,2024-01-11,5323
6164,華興,15,0,15,高橋-內壢,2024-01-11,5323
00715L,期街口布蘭特正2,15,0,15,高橋-內壢,2024-01-11,5323
0056,元大高股息,16,1,15,高橋-內壢,2024-01-11,5323
2409,友達,17,2,15,高橋-內壢,2024-01-11,5323
8034,榮群,19,4,15,高橋-內壢,2024-01-11,5323
00933B,國泰10Y+金融債,13,0,13,高橋-內壢,2024-01-11,5323
00650L,復華香港正2,10,0,10,高橋-內壢,2024-01-11,5323
1528,恩德,10,0,10,高橋-內壢,2024-01-11,5323
4167,松瑞藥,10,0,10,高橋-內壢,2024-01-11,5323
6855,數泓科,10,0,10,高橋-內壢,2024-01-11,5323
6163,華電網,10,1,9,高橋-內壢,2024-01-11,5323
6239,力成,9,0,9,高橋-內壢,2024-01-11,5323
00919,群益台灣精選高息,8,0,8,高橋-內壢,2024-01-11,5323
2408,南亞科,8,0,8,高橋-內壢,2024-01-11,5323
3374,精材,8,0,8,高橋-內壢,2024-01-11,5323
2301,光寶科,8,1,7,高橋-內壢,2024-01-11,5323
5009,榮剛,7,0,7,高橋-內壢,2024-01-11,5323
00770,國泰北美科技,6,0,6,高橋-內壢,2024-01-11,5323
2388,威盛,7,1,6,高橋-內壢,2024-01-11,5323
3041,揚智,7,1,6,高橋-內壢,2024-01-11,5323
6116,彩晶,8,2,6,高橋-內壢,2024-01-11,5323
6234,高僑,6,0,6,高橋-內壢,2024-01-11,5323
1524,耿鼎,5,0,5,高橋-內壢,2024-01-11,5323
1303,南亞,5,0,5,高橋-內壢,2024-01-11,5323
2892,第一金,5,0,5,高橋-內壢,2024-01-11,5323
3276,宇環,5,0,5,高橋-內壢,2024-01-11,5323
3287,廣寰科,8,3,5,高橋-內壢,2024-01-11,5323
4906,正文,5,0,5,高橋-內壢,2024-01-11,5323
4956,光鋐,7,2,5,高橋-內壢,2024-01-11,5323
6582,申豐,5,0,5,高橋-內壢,2024-01-11,5323
8111,立��,7,2,5,高橋-內壢,2024-01-11,5323
2329,華泰,12,7,5,高橋-內壢,2024-01-11,5323
8033,雷虎,4,0,4,高橋-內壢,2024-01-11,5323
1216,統一,4,0,4,高橋-內壢,2024-01-11,5323
00687B,國泰20年美債,4,0,4,高橋-內壢,2024-01-11,5323
1795,美時,4,0,4,高橋-內壢,2024-01-11,5323
2313,華通,4,0,4,高橋-內壢,2024-01-11,5323
2369,菱生,4,0,4,高橋-內壢,2024-01-11,5323
2371,大同,4,0,4,高橋-內壢,2024-01-11,5323
00929,復華台灣科技優息,69,0,69,高橋-內壢,2024-01-12,5323
6770,力積電,38,10,28,高橋-內壢,2024-01-12,5323
2353,宏��,32,10,22,高橋-內壢,2024-01-12,5323
00937B,群益ESG投等債20,21,0,21,高橋-內壢,2024-01-12,5323
00919,群益台灣精選高息,20,0,20,高橋-內壢,2024-01-12,5323
4967,十銓,20,0,20,高橋-內壢,2024-01-12,5323
6117,迎廣,20,0,20,高橋-內壢,2024-01-12,5323
6855,數泓科,19,0,19,高橋-內壢,2024-01-12,5323
00933B,國泰10Y+金融債,18,1,17,高橋-內壢,2024-01-12,5323
6695,芯鼎,22,6,16,高橋-內壢,2024-01-12,5323
00673R,期元大S＆P原油反1,15,0,15,高橋-內壢,2024-01-12,5323
2208,台船,16,1,15,高橋-內壢,2024-01-12,5323
2836,高雄銀,15,0,15,高橋-內壢,2024-01-12,5323
6271,同欣電,15,0,15,高橋-內壢,2024-01-12,5323
2890,永豐金,12,0,12,高橋-內壢,2024-01-12,5323
6547,高端疫苗,15,4,11,高橋-內壢,2024-01-12,5323
00927,群益半導體收益,11,0,11,高橋-內壢,2024-01-12,5323
2891,中信金,11,0,11,高橋-內壢,2024-01-12,5323
00930,永豐ESG低碳高息,10,0,10,高橋-內壢,2024-01-12,5323
00665L,富邦�琤肭磪囓�2,10,0,10,高橋-內壢,2024-01-12,5323
2337,旺宏,10,0,10,高橋-內壢,2024-01-12,5323
2606,裕民,12,2,10,高橋-內壢,2024-01-12,5323
5371,中光電,10,0,10,高橋-內壢,2024-01-12,5323
2486,一詮,31,22,9,高橋-內壢,2024-01-12,5323
4979,華星光,10,1,9,高橋-內壢,2024-01-12,5323
2449,京元電子,9,0,9,高橋-內壢,2024-01-12,5323
2303,聯電,11,3,8,高橋-內壢,2024-01-12,5323
2371,大同,8,0,8,高橋-內壢,2024-01-12,5323
3044,健鼎,9,1,8,高橋-內壢,2024-01-12,5323
8096,擎亞,15,7,8,高橋-內壢,2024-01-12,5323
2409,友達,8,0,8,高橋-內壢,2024-01-12,5323
2329,華泰,10,3,7,高橋-內壢,2024-01-12,5323
2352,佳世達,7,0,7,高橋-內壢,2024-01-12,5323
2489,瑞軒,8,1,7,高橋-內壢,2024-01-12,5323
6156,松上,7,0,7,高橋-內壢,2024-01-12,5323
8150,南茂,7,0,7,高橋-內壢,2024-01-12,5323
2634,漢翔,9,3,6,高橋-內壢,2024-01-12,5323
1524,耿鼎,5,0,5,高橋-內壢,2024-01-12,5323
00751B,元大AAA至A公司債,5,0,5,高橋-內壢,2024-01-12,5323
00882,中信中國高股息,7,2,5,高橋-內壢,2024-01-12,5323
00878,國泰永續高股息,5,0,5,高橋-內壢,2024-01-12,5323
00896,中信綠能及電動車,5,0,5,高橋-內壢,2024-01-12,5323
00921,兆豐龍頭等權重,5,0,5,高橋-內壢,2024-01-12,5323
2892,第一金,5,0,5,高橋-內壢,2024-01-12,5323
3147,大綜,5,0,5,高橋-內壢,2024-01-12,5323
4908,前鼎,4,0,4,高橋-內壢,2024-01-12,5323
4743,合一,7,3,4,高橋-內壢,2024-01-12,5323
5608,四維航,4,0,4,高橋-內壢,2024-01-12,5323
6140,訊達,4,0,4,高橋-內壢,2024-01-12,5323
6937,天虹,5,1,4,高橋-內壢,2024-01-12,5323
2618,長榮航,336,2,334,高橋-內壢,2024-01-15,5323
2610,華航,134,10,124,高橋-內壢,2024-01-15,5323
4529,淳紳,112,0,112,高橋-內壢,2024-01-15,5323
2367,燿華,100,0,100,高橋-內壢,2024-01-15,5323
00632R,元大台灣50反1,80,0,80,高橋-內壢,2024-01-15,5323
2337,旺宏,100,21,79,高橋-內壢,2024-01-15,5323
00929,復華台灣科技優息,72,17,55,高橋-內壢,2024-01-15,5323
00680L,元大美債20正2,50,0,50,高橋-內壢,2024-01-15,5323
2888,新光金,50,3,47,高橋-內壢,2024-01-15,5323
00665L,富邦�琤肭磪囓�2,38,0,38,高橋-內壢,2024-01-15,5323
00891,中信關鍵半導體,31,0,31,高橋-內壢,2024-01-15,5323
0056,元大高股息,31,1,30,高橋-內壢,2024-01-15,5323
2356,英業達,38,9,29,高橋-內壢,2024-01-15,5323
00751B,元大AAA至A公司債,20,0,20,高橋-內壢,2024-01-15,5323
00720B,元大投資級公司債,20,0,20,高橋-內壢,2024-01-15,5323
3576,聯合再生,30,11,19,高橋-內壢,2024-01-15,5323
8046,南電,21,3,18,高橋-內壢,2024-01-15,5323
2317,鴻海,17,0,17,高橋-內壢,2024-01-15,5323
2406,國碩,17,0,17,高橋-內壢,2024-01-15,5323
2883,凱基金,16,1,15,高橋-內壢,2024-01-15,5323
00937B,群益ESG投等債20,12,0,12,高橋-內壢,2024-01-15,5323
2353,宏��,18,6,12,高橋-內壢,2024-01-15,5323
2605,新興,11,0,11,高橋-內壢,2024-01-15,5323
00878,國泰永續高股息,11,0,11,高橋-內壢,2024-01-15,5323
6164,華興,10,0,10,高橋-內壢,2024-01-15,5323
00715L,期街口布蘭特正2,10,0,10,高橋-內壢,2024-01-15,5323
2201,裕隆,10,0,10,高橋-內壢,2024-01-15,5323
6189,豐藝,10,0,10,高橋-內壢,2024-01-15,5323
6257,矽格,10,0,10,高橋-內壢,2024-01-15,5323
00927,群益半導體收益,10,1,9,高橋-內壢,2024-01-15,5323
2427,三商電,7,0,7,高橋-內壢,2024-01-15,5323
2603,長榮,10,3,7,高橋-內壢,2024-01-15,5323
00898,國泰基因免疫革命,6,0,6,高橋-內壢,2024-01-15,5323
1101,台泥,6,0,6,高橋-內壢,2024-01-15,5323
2887,台新金,6,0,6,高橋-內壢,2024-01-15,5323
5706,鳳凰,6,0,6,高橋-內壢,2024-01-15,5323
9919,康那香,6,0,6,高橋-內壢,2024-01-15,5323
1219,福壽,5,0,5,高橋-內壢,2024-01-15,5323
2023,燁輝,5,0,5,高橋-內壢,2024-01-15,5323
2329,華泰,9,4,5,高橋-內壢,2024-01-15,5323
2387,精元,10,5,5,高橋-內壢,2024-01-15,5323
3141,晶宏,5,0,5,高橋-內壢,2024-01-15,5323
3498,陽程,5,0,5,高橋-內壢,2024-01-15,5323
2324,仁寶,8,3,5,高橋-內壢,2024-01-15,5323
3481,群創,7,3,4,高橋-內壢,2024-01-15,5323
6415,矽力*-KY,4,0,4,高橋-內壢,2024-01-15,5323
00881,國泰台灣5G+,4,0,4,高橋-內壢,2024-01-15,5323
2208,台船,19,15,4,高橋-內壢,2024-01-15,5323
2421,建準,4,0,4,高橋-內壢,2024-01-15,5323
2515,中工,4,0,4,高橋-內壢,2024-01-15,5323
6443,元晶,103,0,103,高橋-內壢,2024-01-16,5323
2888,新光金,90,0,90,高橋-內壢,2024-01-16,5323
0056,元大高股息,89,2,87,高橋-內壢,2024-01-16,5323
00881,國泰台灣5G+,85,0,85,高橋-內壢,2024-01-16,5323
00929,復華台灣科技優息,68,2,66,高橋-內壢,2024-01-16,5323
2486,一詮,56,0,56,高橋-內壢,2024-01-16,5323
2344,華邦電,54,0,54,高橋-內壢,2024-01-16,5323
2609,陽明,62,22,40,高橋-內壢,2024-01-16,5323
2883,凱基金,39,2,37,高橋-內壢,2024-01-16,5323
2516,新建,35,0,35,高橋-內壢,2024-01-16,5323
2890,永豐金,25,0,25,高橋-內壢,2024-01-16,5323
2882,國泰金,24,0,24,高橋-內壢,2024-01-16,5323
2610,華航,30,7,23,高橋-內壢,2024-01-16,5323
00864B,中信美國公債0-1,20,0,20,高橋-內壢,2024-01-16,5323
3576,聯合再生,20,0,20,高橋-內壢,2024-01-16,5323
8096,擎亞,45,25,20,高橋-內壢,2024-01-16,5323
00882,中信中國高股息,20,2,18,高橋-內壢,2024-01-16,5323
00900,富邦特選高股息30,17,0,17,高橋-內壢,2024-01-16,5323
00927,群益半導體收益,17,0,17,高橋-內壢,2024-01-16,5323
2324,仁寶,18,2,16,高橋-內壢,2024-01-16,5323
2801,彰銀,15,0,15,高橋-內壢,2024-01-16,5323
5347,世界,19,4,15,高橋-內壢,2024-01-16,5323
8066,來思達,15,0,15,高橋-內壢,2024-01-16,5323
8440,綠電,31,16,15,高橋-內壢,2024-01-16,5323
1326,台化,14,0,14,高橋-內壢,2024-01-16,5323
4160,訊聯基因,14,0,14,高橋-內壢,2024-01-16,5323
3231,緯創,15,2,13,高橋-內壢,2024-01-16,5323
2603,長榮,13,1,12,高橋-內壢,2024-01-16,5323
6695,芯鼎,20,8,12,高橋-內壢,2024-01-16,5323
1102,亞泥,12,0,12,高橋-內壢,2024-01-16,5323
1605,華新,12,0,12,高橋-內壢,2024-01-16,5323
2892,第一金,12,0,12,高橋-內壢,2024-01-16,5323
6770,力積電,12,0,12,高橋-內壢,2024-01-16,5323
00937B,群益ESG投等債20,11,0,11,高橋-內壢,2024-01-16,5323
2002,中鋼,11,0,11,高橋-內壢,2024-01-16,5323
2312,金寶,11,0,11,高橋-內壢,2024-01-16,5323
3147,大綜,11,0,11,高橋-內壢,2024-01-16,5323
6140,訊達,11,0,11,高橋-內壢,2024-01-16,5323
00720B,元大投資級公司債,10,0,10,高橋-內壢,2024-01-16,5323
2406,國碩,10,0,10,高橋-內壢,2024-01-16,5323
2439,美律,10,0,10,高橋-內壢,2024-01-16,5323
2329,華泰,28,18,10,高橋-內壢,2024-01-16,5323
2887,台新金,9,0,9,高橋-內壢,2024-01-16,5323
2303,聯電,9,0,9,高橋-內壢,2024-01-16,5323
1524,耿鼎,8,0,8,高橋-內壢,2024-01-16,5323
2317,鴻海,7,0,7,高橋-內壢,2024-01-16,5323
3227,原相,7,0,7,高橋-內壢,2024-01-16,5323
5488,松普,7,0,7,高橋-內壢,2024-01-16,5323
00878,國泰永續高股息,25,19,6,高橋-內壢,2024-01-16,5323
2208,台船,6,0,6,高橋-內壢,2024-01-16,5323
00929,復華台灣科技優息,160,5,155,高橋-內壢,2024-01-17,5323
2618,長榮航,104,1,103,高橋-內壢,2024-01-17,5323
00687B,國泰20年美債,101,0,101,高橋-內壢,2024-01-17,5323
00919,群益台灣精選高息,101,1,100,高橋-內壢,2024-01-17,5323
2303,聯電,67,2,65,高橋-內壢,2024-01-17,5323
0056,元大高股息,49,0,49,高橋-內壢,2024-01-17,5323
6770,力積電,49,0,49,高橋-內壢,2024-01-17,5323
00656R,國泰中國A50反1,45,0,45,高橋-內壢,2024-01-17,5323
00882,中信中國高股息,42,0,42,高橋-內壢,2024-01-17,5323
2888,新光金,39,0,39,高橋-內壢,2024-01-17,5323
1513,中興電,37,2,35,高橋-內壢,2024-01-17,5323
00665L,富邦�琤肭磪囓�2,32,0,32,高橋-內壢,2024-01-17,5323
00753L,中信中國50正2,31,0,31,高橋-內壢,2024-01-17,5323
4529,淳紳,25,0,25,高橋-內壢,2024-01-17,5323
6117,迎廣,28,4,24,高橋-內壢,2024-01-17,5323
2356,英業達,24,6,18,高橋-內壢,2024-01-17,5323
00878,國泰永續高股息,18,0,18,高橋-內壢,2024-01-17,5323
1605,華新,18,0,18,高橋-內壢,2024-01-17,5323
6116,彩晶,28,10,18,高橋-內壢,2024-01-17,5323
00900,富邦特選高股息30,17,0,17,高橋-內壢,2024-01-17,5323
8926,台汽電,17,0,17,高橋-內壢,2024-01-17,5323
2344,華邦電,16,1,15,高橋-內壢,2024-01-17,5323
2002,中鋼,15,0,15,高橋-內壢,2024-01-17,5323
2891,中信金,35,20,15,高橋-內壢,2024-01-17,5323
6243,迅杰,19,4,15,高橋-內壢,2024-01-17,5323
2886,兆豐金,15,0,15,高橋-內壢,2024-01-17,5323
1301,台塑,15,1,14,高橋-內壢,2024-01-17,5323
6125,廣運,16,2,14,高橋-內壢,2024-01-17,5323
1314,中石化,13,0,13,高橋-內壢,2024-01-17,5323
2108,南帝,12,0,12,高橋-內壢,2024-01-17,5323
2353,宏��,24,12,12,高橋-內壢,2024-01-17,5323
2486,一詮,49,37,12,高橋-內壢,2024-01-17,5323
2883,凱基金,12,0,12,高橋-內壢,2024-01-17,5323
2892,第一金,11,0,11,高橋-內壢,2024-01-17,5323
5328,華容,46,35,11,高橋-內壢,2024-01-17,5323
00922,國泰台灣領袖50,10,0,10,高橋-內壢,2024-01-17,5323
1718,中纖,10,0,10,高橋-內壢,2024-01-17,5323
3071,協禧,10,0,10,高橋-內壢,2024-01-17,5323
6443,元晶,10,0,10,高橋-內壢,2024-01-17,5323
2317,鴻海,9,0,9,高橋-內壢,2024-01-17,5323
2406,國碩,10,1,9,高橋-內壢,2024-01-17,5323
2882,國泰金,9,0,9,高橋-內壢,2024-01-17,5323
6269,台郡,9,0,9,高橋-內壢,2024-01-17,5323
1101,台泥,14,5,9,高橋-內壢,2024-01-17,5323
8021,尖點,9,1,8,高橋-內壢,2024-01-17,5323
00937B,群益ESG投等債20,8,0,8,高橋-內壢,2024-01-17,5323
00720B,元大投資級公司債,7,0,7,高橋-內壢,2024-01-17,5323
00892,富邦台灣半導體,7,0,7,高橋-內壢,2024-01-17,5323
00891,中信關鍵半導體,7,0,7,高橋-內壢,2024-01-17,5323
1216,統一,7,0,7,高橋-內壢,2024-01-17,5323
2887,台新金,202,0,202,高橋-內壢,2024-01-18,5323
00688L,國泰20年美債正2,72,0,72,高橋-內壢,2024-01-18,5323
00882,中信中國高股息,44,2,42,高橋-內壢,2024-01-18,5323
00929,復華台灣科技優息,56,20,36,高橋-內壢,2024-01-18,5323
00665L,富邦�琤肭磪囓�2,35,0,35,高橋-內壢,2024-01-18,5323
2888,新光金,31,0,31,高橋-內壢,2024-01-18,5323
00706L,期元大S＆P日圓正2,30,0,30,高橋-內壢,2024-01-18,5323
0056,元大高股息,38,9,29,高橋-內壢,2024-01-18,5323
2303,聯電,27,1,26,高橋-內壢,2024-01-18,5323
2883,凱基金,25,0,25,高橋-內壢,2024-01-18,5323
1218,泰山,20,0,20,高橋-內壢,2024-01-18,5323
1102,亞泥,20,0,20,高橋-內壢,2024-01-18,5323
2867,三商壽,20,0,20,高橋-內壢,2024-01-18,5323
2002,中鋼,19,0,19,高橋-內壢,2024-01-18,5323
2324,仁寶,36,18,18,高橋-內壢,2024-01-18,5323
5465,富驊,18,0,18,高橋-內壢,2024-01-18,5323
00675L,富邦臺灣加權正2,16,0,16,高橋-內壢,2024-01-18,5323
00878,國泰永續高股息,16,1,15,高橋-內壢,2024-01-18,5323
8034,榮群,15,1,14,高橋-內壢,2024-01-18,5323
1101,台泥,12,0,12,高橋-內壢,2024-01-18,5323
00904,新光臺灣半導體30,12,0,12,高橋-內壢,2024-01-18,5323
4909,新復興,12,0,12,高橋-內壢,2024-01-18,5323
00720B,元大投資級公司債,11,0,11,高橋-內壢,2024-01-18,5323
2363,矽統,27,16,11,高橋-內壢,2024-01-18,5323
2401,凌陽,11,0,11,高橋-內壢,2024-01-18,5323
2368,金像電,11,1,10,高橋-內壢,2024-01-18,5323
00931B,統一美債20年,10,0,10,高橋-內壢,2024-01-18,5323
00679B,元大美債20年,12,2,10,高橋-內壢,2024-01-18,5323
2331,精英,10,0,10,高橋-內壢,2024-01-18,5323
3357,臺慶科,10,0,10,高橋-內壢,2024-01-18,5323
8111,立��,10,0,10,高橋-內壢,2024-01-18,5323
2886,兆豐金,9,0,9,高橋-內壢,2024-01-18,5323
6120,達運,11,2,9,高橋-內壢,2024-01-18,5323
00712,復華富時不動產,8,0,8,高橋-內壢,2024-01-18,5323
2485,兆赫,8,0,8,高橋-內壢,2024-01-18,5323
9904,寶成,8,0,8,高橋-內壢,2024-01-18,5323
1528,恩德,10,3,7,高橋-內壢,2024-01-18,5323
2356,英業達,9,3,6,高橋-內壢,2024-01-18,5323
2329,華泰,13,8,5,高橋-內壢,2024-01-18,5323
00673R,期元大S＆P原油反1,5,0,5,高橋-內壢,2024-01-18,5323
00881,國泰台灣5G+,5,0,5,高橋-內壢,2024-01-18,5323
2314,台揚,5,0,5,高橋-內壢,2024-01-18,5323
2317,鴻海,5,0,5,高橋-內壢,2024-01-18,5323
2352,佳世達,5,0,5,高橋-內壢,2024-01-18,5323
2498,宏達電,7,2,5,高橋-內壢,2024-01-18,5323
2607,榮運,5,0,5,高橋-內壢,2024-01-18,5323
6269,台郡,5,0,5,高橋-內壢,2024-01-18,5323
6504,南六,5,0,5,高橋-內壢,2024-01-18,5323
8105,凌巨,5,0,5,高橋-內壢,2024-01-18,5323
8936,國統,5,0,5,高橋-內壢,2024-01-18,5323
2618,長榮航,416,8,408,高橋-內壢,2024-01-19,5323
00632R,元大台灣50反1,81,0,81,高橋-內壢,2024-01-19,5323
00665L,富邦�琤肭磪囓�2,75,0,75,高橋-內壢,2024-01-19,5323
00882,中信中國高股息,67,0,67,高橋-內壢,2024-01-19,5323
00687B,國泰20年美債,52,2,50,高橋-內壢,2024-01-19,5323
00937B,群益ESG投等債20,49,0,49,高橋-內壢,2024-01-19,5323
2888,新光金,47,11,36,高橋-內壢,2024-01-19,5323
00712,復華富時不動產,24,0,24,高橋-內壢,2024-01-19,5323
2486,一詮,22,1,21,高橋-內壢,2024-01-19,5323
2344,華邦電,20,1,19,高橋-內壢,2024-01-19,5323
2409,友達,23,4,19,高橋-內壢,2024-01-19,5323
2353,宏��,31,14,17,高橋-內壢,2024-01-19,5323
00929,復華台灣科技優息,22,6,16,高橋-內壢,2024-01-19,5323
2883,凱基金,16,0,16,高橋-內壢,2024-01-19,5323
00679B,元大美債20年,15,0,15,高橋-內壢,2024-01-19,5323
00673R,期元大S＆P原油反1,14,0,14,高橋-內壢,2024-01-19,5323
2002,中鋼,14,1,13,高橋-內壢,2024-01-19,5323
2610,華航,11,0,11,高橋-內壢,2024-01-19,5323
3032,偉訓,11,0,11,高橋-內壢,2024-01-19,5323
8034,榮群,18,7,11,高橋-內壢,2024-01-19,5323
8096,擎亞,22,11,11,高橋-內壢,2024-01-19,5323
00857B,永豐20年美公債,10,0,10,高橋-內壢,2024-01-19,5323
00919,群益台灣精選高息,14,4,10,高橋-內壢,2024-01-19,5323
2023,燁輝,10,0,10,高橋-內壢,2024-01-19,5323
2337,旺宏,10,0,10,高橋-內壢,2024-01-19,5323
2516,新建,10,0,10,高橋-內壢,2024-01-19,5323
2915,潤泰全,10,0,10,高橋-內壢,2024-01-19,5323
3576,聯合再生,10,0,10,高橋-內壢,2024-01-19,5323
3607,谷崧,10,0,10,高橋-內壢,2024-01-19,5323
00680L,元大美債20正2,16,7,9,高橋-內壢,2024-01-19,5323
6770,力積電,8,0,8,高橋-內壢,2024-01-19,5323
6026,福邦證,7,0,7,高橋-內壢,2024-01-19,5323
00900,富邦特選高股息30,6,0,6,高橋-內壢,2024-01-19,5323
2208,台船,6,0,6,高橋-內壢,2024-01-19,5323
0056,元大高股息,17,12,5,高橋-內壢,2024-01-19,5323
1732,毛寶,5,0,5,高橋-內壢,2024-01-19,5323
2377,微星,6,1,5,高橋-內壢,2024-01-19,5323
2492,華新科,6,1,5,高橋-內壢,2024-01-19,5323
2637,慧洋-KY,7,2,5,高橋-內壢,2024-01-19,5323
2834,臺企銀,5,0,5,高橋-內壢,2024-01-19,5323
4956,光鋐,7,2,5,高橋-內壢,2024-01-19,5323
6462,神盾,5,0,5,高橋-內壢,2024-01-19,5323
9950,萬國通,5,0,5,高橋-內壢,2024-01-19,5323
5351,鈺創,5,0,5,高橋-內壢,2024-01-19,5323
1608,華榮,4,0,4,高橋-內壢,2024-01-19,5323
2606,裕民,4,0,4,高橋-內壢,2024-01-19,5323
3374,精材,5,1,4,高橋-內壢,2024-01-19,5323
3530,晶相光,7,3,4,高橋-內壢,2024-01-19,5323
3587,閎康,4,0,4,高橋-內壢,2024-01-19,5323
6789,采鈺,4,0,4,高橋-內壢,2024-01-19,5323
2618,長榮航,119,4,115,高橋-內壢,2024-01-22,5323
2103,台橡,100,0,100,高橋-內壢,2024-01-22,5323
00639,富邦深100,60,0,60,高橋-內壢,2024-01-22,5323
2002,中鋼,54,1,53,高橋-內壢,2024-01-22,5323
2887,台新金,37,0,37,高橋-內壢,2024-01-22,5323
00687B,國泰20年美債,32,0,32,高橋-內壢,2024-01-22,5323
2883,凱基金,30,0,30,高橋-內壢,2024-01-22,5323
00637L,元大滬深300正2,30,0,30,高橋-內壢,2024-01-22,5323
2382,廣達,58,30,28,高橋-內壢,2024-01-22,5323
00933B,國泰10Y+金融債,27,0,27,高橋-內壢,2024-01-22,5323
00878,國泰永續高股息,39,13,26,高橋-內壢,2024-01-22,5323
00712,復華富時不動產,20,1,19,高橋-內壢,2024-01-22,5323
00937B,群益ESG投等債20,17,0,17,高橋-內壢,2024-01-22,5323
2486,一詮,15,1,14,高橋-內壢,2024-01-22,5323
6139,亞翔,14,1,13,高橋-內壢,2024-01-22,5323
00919,群益台灣精選高息,18,5,13,高橋-內壢,2024-01-22,5323
4743,合一,14,1,13,高橋-內壢,2024-01-22,5323
00719B,元大美債1-3,10,0,10,高橋-內壢,2024-01-22,5323
3202,樺晟,10,0,10,高橋-內壢,2024-01-22,5323
4128,中天,13,3,10,高橋-內壢,2024-01-22,5323
6120,達運,11,2,9,高橋-內壢,2024-01-22,5323
6789,采鈺,9,0,9,高橋-內壢,2024-01-22,5323
2301,光寶科,13,5,8,高橋-內壢,2024-01-22,5323
3066,李洲,9,1,8,高橋-內壢,2024-01-22,5323
3615,安可,11,3,8,高橋-內壢,2024-01-22,5323
00922,國泰台灣領袖50,10,3,7,高橋-內壢,2024-01-22,5323
00720B,元大投資級公司債,7,0,7,高橋-內壢,2024-01-22,5323
1471,首利,7,0,7,高橋-內壢,2024-01-22,5323
3030,德律,7,0,7,高橋-內壢,2024-01-22,5323
6138,茂達,7,0,7,高橋-內壢,2024-01-22,5323
9904,寶成,7,0,7,高橋-內壢,2024-01-22,5323
2317,鴻海,6,0,6,高橋-內壢,2024-01-22,5323
2609,陽明,25,19,6,高橋-內壢,2024-01-22,5323
3147,大綜,6,0,6,高橋-內壢,2024-01-22,5323
5488,松普,8,2,6,高橋-內壢,2024-01-22,5323
6117,迎廣,6,0,6,高橋-內壢,2024-01-22,5323
1413,宏洲,5,0,5,高橋-內壢,2024-01-22,5323
2915,潤泰全,5,0,5,高橋-內壢,2024-01-22,5323
1219,福壽,5,0,5,高橋-內壢,2024-01-22,5323
1734,杏輝,5,0,5,高橋-內壢,2024-01-22,5323
6113,亞矽,6,1,5,高橋-內壢,2024-01-22,5323
9919,康那香,5,0,5,高橋-內壢,2024-01-22,5323
00715L,期街口布蘭特正2,4,0,4,高橋-內壢,2024-01-22,5323
2313,華通,6,2,4,高橋-內壢,2024-01-22,5323
4967,十銓,5,1,4,高橋-內壢,2024-01-22,5323
5426,振發,9,5,4,高橋-內壢,2024-01-22,5323
8049,晶采,4,0,4,高橋-內壢,2024-01-22,5323
9105,泰金寶-DR,4,0,4,高橋-內壢,2024-01-22,5323
1101,台泥,3,0,3,高橋-內壢,2024-01-22,5323
4763,材料-KY,3,0,3,高橋-內壢,2024-01-22,5323
00929,復華台灣科技優息,47,1,46,高橋-內壢,2024-01-23,5323
6117,迎廣,29,0,29,高橋-內壢,2024-01-23,5323
2486,一詮,32,7,25,高橋-內壢,2024-01-23,5323
3576,聯合再生,23,0,23,高橋-內壢,2024-01-23,5323
2609,陽明,31,9,22,高橋-內壢,2024-01-23,5323
00936,台新永續高息中小,20,0,20,高橋-內壢,2024-01-23,5323
2344,華邦電,68,57,11,高橋-內壢,2024-01-23,5323
3432,台端,11,0,11,高橋-內壢,2024-01-23,5323
00933B,國泰10Y+金融債,10,0,10,高橋-內壢,2024-01-23,5323
2332,友訊,10,0,10,高橋-內壢,2024-01-23,5323
3615,安可,11,1,10,高橋-內壢,2024-01-23,5323
6799,來頡,11,2,9,高橋-內壢,2024-01-23,5323
2324,仁寶,12,4,8,高橋-內壢,2024-01-23,5323
8054,安國,13,5,8,高橋-內壢,2024-01-23,5323
6855,數泓科,7,0,7,高橋-內壢,2024-01-23,5323
3289,宜特,6,0,6,高橋-內壢,2024-01-23,5323
1402,遠東新,5,0,5,高橋-內壢,2024-01-23,5323
00882,中信中國高股息,5,0,5,高橋-內壢,2024-01-23,5323
00673R,期元大S＆P原油反1,5,0,5,高橋-內壢,2024-01-23,5323
00922,國泰台灣領袖50,5,0,5,高橋-內壢,2024-01-23,5323
2313,華通,23,18,5,高橋-內壢,2024-01-23,5323
2498,宏達電,6,1,5,高橋-內壢,2024-01-23,5323
2511,太子,5,0,5,高橋-內壢,2024-01-23,5323
2516,新建,5,0,5,高橋-內壢,2024-01-23,5323
4967,十銓,5,0,5,高橋-內壢,2024-01-23,5323
4968,立積,5,0,5,高橋-內壢,2024-01-23,5323
2915,潤泰全,5,1,4,高橋-內壢,2024-01-23,5323
1305,華夏,4,0,4,高橋-內壢,2024-01-23,5323
00907,永豐優息存股,4,0,4,高橋-內壢,2024-01-23,5323
00687B,國泰20年美債,4,0,4,高橋-內壢,2024-01-23,5323
1471,首利,4,0,4,高橋-內壢,2024-01-23,5323
2027,大成鋼,4,0,4,高橋-內壢,2024-01-23,5323
6274,台燿,5,1,4,高橋-內壢,2024-01-23,5323
8096,擎亞,4,0,4,高橋-內壢,2024-01-23,5323
8201,無敵,4,0,4,高橋-內壢,2024-01-23,5323
1513,中興電,4,1,3,高橋-內壢,2024-01-23,5323
1528,恩德,3,0,3,高橋-內壢,2024-01-23,5323
00720B,元大投資級公司債,3,0,3,高橋-內壢,2024-01-23,5323
00632R,元大台灣50反1,3,0,3,高橋-內壢,2024-01-23,5323
2603,長榮,3,0,3,高橋-內壢,2024-01-23,5323
2606,裕民,3,0,3,高橋-內壢,2024-01-23,5323
3050,鈺德,3,0,3,高橋-內壢,2024-01-23,5323
3354,律勝,4,1,3,高橋-內壢,2024-01-23,5323
3498,陽程,3,0,3,高橋-內壢,2024-01-23,5323
4128,中天,3,0,3,高橋-內壢,2024-01-23,5323
5880,合庫金,3,0,3,高橋-內壢,2024-01-23,5323
6789,采鈺,3,0,3,高橋-內壢,2024-01-23,5323
3078,僑威,2,0,2,高橋-內壢,2024-01-23,5323
2454,聯發科,3,1,2,高橋-內壢,2024-01-23,5323
00902,中信電池及儲能,2,0,2,高橋-內壢,2024-01-23,5323
00937B,群益ESG投等債20,142,0,142,高橋-內壢,2024-01-24,5323
2337,旺宏,80,0,80,高橋-內壢,2024-01-24,5323
2897,王道銀行,55,0,55,高橋-內壢,2024-01-24,5323
00929,復華台灣科技優息,54,2,52,高橋-內壢,2024-01-24,5323
2344,華邦電,100,50,50,高橋-內壢,2024-01-24,5323
00882,中信中國高股息,52,4,48,高橋-內壢,2024-01-24,5323
00679B,元大美債20年,39,0,39,高橋-內壢,2024-01-24,5323
2356,英業達,46,22,24,高橋-內壢,2024-01-24,5323
2421,建準,27,6,21,高橋-內壢,2024-01-24,5323
2324,仁寶,18,0,18,高橋-內壢,2024-01-24,5323
3231,緯創,33,16,17,高橋-內壢,2024-01-24,5323
1514,亞力,11,0,11,高橋-內壢,2024-01-24,5323
6593,台灣銘板,11,0,11,高橋-內壢,2024-01-24,5323
6799,來頡,13,2,11,高橋-內壢,2024-01-24,5323
00650L,復華香港正2,10,0,10,高橋-內壢,2024-01-24,5323
00720B,元大投資級公司債,10,0,10,高橋-內壢,2024-01-24,5323
2312,金寶,10,0,10,高橋-內壢,2024-01-24,5323
3704,合勤控,10,0,10,高橋-內壢,2024-01-24,5323
2409,友達,18,9,9,高橋-內壢,2024-01-24,5323
00687B,國泰20年美債,9,0,9,高橋-內壢,2024-01-24,5323
2331,精英,8,0,8,高橋-內壢,2024-01-24,5323
2363,矽統,8,0,8,高橋-內壢,2024-01-24,5323
9105,泰金寶-DR,16,8,8,高橋-內壢,2024-01-24,5323
2329,華泰,10,3,7,高橋-內壢,2024-01-24,5323
00931B,統一美債20年,7,0,7,高橋-內壢,2024-01-24,5323
2382,廣達,8,1,7,高橋-內壢,2024-01-24,5323
4128,中天,7,0,7,高橋-內壢,2024-01-24,5323
6116,彩晶,21,14,7,高橋-內壢,2024-01-24,5323
8034,榮群,6,0,6,高橋-內壢,2024-01-24,5323
2611,志信,6,0,6,高橋-內壢,2024-01-24,5323
2736,富野,6,0,6,高橋-內壢,2024-01-24,5323
3037,欣興,6,0,6,高橋-內壢,2024-01-24,5323
3260,威剛,8,2,6,高橋-內壢,2024-01-24,5323
4979,華星光,6,0,6,高橋-內壢,2024-01-24,5323
5521,工信,6,0,6,高橋-內壢,2024-01-24,5323
3059,華晶科,5,0,5,高橋-內壢,2024-01-24,5323
2617,台航,5,0,5,高橋-內壢,2024-01-24,5323
4961,天鈺,6,1,5,高橋-內壢,2024-01-24,5323
6233,旺玖,6,1,5,高橋-內壢,2024-01-24,5323
8046,南電,5,0,5,高橋-內壢,2024-01-24,5323
8454,富邦媒,5,0,5,高橋-內壢,2024-01-24,5323
9941,裕融,5,0,5,高橋-內壢,2024-01-24,5323
4938,和碩,9,4,5,高橋-內壢,2024-01-24,5323
6223,旺矽,5,1,4,高橋-內壢,2024-01-24,5323
00680L,元大美債20正2,4,0,4,高橋-內壢,2024-01-24,5323
00770,國泰北美科技,4,0,4,高橋-內壢,2024-01-24,5323
2332,友訊,7,3,4,高橋-內壢,2024-01-24,5323
2425,承啟,4,0,4,高橋-內壢,2024-01-24,5323
4551,智伸科,4,0,4,高橋-內壢,2024-01-24,5323
4743,合一,4,0,4,高橋-內壢,2024-01-24,5323
00712,復華富時不動產,201,46,155,高橋-內壢,2024-01-25,5323
00687B,國泰20年美債,121,0,121,高橋-內壢,2024-01-25,5323
00632R,元大台灣50反1,81,0,81,高橋-內壢,2024-01-25,5323
00937B,群益ESG投等債20,56,2,54,高橋-內壢,2024-01-25,5323
00637L,元大滬深300正2,44,1,43,高橋-內壢,2024-01-25,5323
00931B,統一美債20年,35,0,35,高橋-內壢,2024-01-25,5323
00650L,復華香港正2,30,0,30,高橋-內壢,2024-01-25,5323
00753L,中信中國50正2,30,0,30,高橋-內壢,2024-01-25,5323
6593,台灣銘板,27,0,27,高橋-內壢,2024-01-25,5323
3231,緯創,49,23,26,高橋-內壢,2024-01-25,5323
2344,華邦電,20,0,20,高橋-內壢,2024-01-25,5323
2801,彰銀,20,0,20,高橋-內壢,2024-01-25,5323
00933B,國泰10Y+金融債,19,0,19,高橋-內壢,2024-01-25,5323
00679B,元大美債20年,18,0,18,高橋-內壢,2024-01-25,5323
8936,國統,16,0,16,高橋-內壢,2024-01-25,5323
6113,亞矽,15,1,14,高橋-內壢,2024-01-25,5323
00680L,元大美債20正2,11,0,11,高橋-內壢,2024-01-25,5323
2618,長榮航,16,5,11,高橋-內壢,2024-01-25,5323
6117,迎廣,13,2,11,高橋-內壢,2024-01-25,5323
2486,一詮,11,1,10,高橋-內壢,2024-01-25,5323
2609,陽明,16,6,10,高橋-內壢,2024-01-25,5323
3311,閎暉,10,0,10,高橋-內壢,2024-01-25,5323
6695,芯鼎,10,0,10,高橋-內壢,2024-01-25,5323
8201,無敵,10,0,10,高橋-內壢,2024-01-25,5323
2421,建準,11,2,9,高橋-內壢,2024-01-25,5323
2515,中工,10,1,9,高橋-內壢,2024-01-25,5323
6116,彩晶,13,4,9,高橋-內壢,2024-01-25,5323
1514,亞力,10,4,6,高橋-內壢,2024-01-25,5323
2331,精英,6,0,6,高橋-內壢,2024-01-25,5323
3276,宇環,7,1,6,高橋-內壢,2024-01-25,5323
8046,南電,8,2,6,高橋-內壢,2024-01-25,5323
3105,穩懋,6,0,6,高橋-內壢,2024-01-25,5323
1219,福壽,5,0,5,高橋-內壢,2024-01-25,5323
00857B,永豐20年美公債,5,0,5,高橋-內壢,2024-01-25,5323
2834,臺企銀,6,1,5,高橋-內壢,2024-01-25,5323
3289,宜特,5,0,5,高橋-內壢,2024-01-25,5323
4543,萬在,5,0,5,高橋-內壢,2024-01-25,5323
6139,亞翔,5,0,5,高橋-內壢,2024-01-25,5323
6231,系微,5,0,5,高橋-內壢,2024-01-25,5323
8105,凌巨,5,0,5,高橋-內壢,2024-01-25,5323
2887,台新金,4,0,4,高橋-內壢,2024-01-25,5323
0056,元大高股息,6,2,4,高橋-內壢,2024-01-25,5323
2345,智邦,4,0,4,高橋-內壢,2024-01-25,5323
2369,菱生,14,10,4,高橋-內壢,2024-01-25,5323
3363,上詮,4,0,4,高橋-內壢,2024-01-25,5323
5291,邑昇,4,0,4,高橋-內壢,2024-01-25,5323
5469,瀚宇博,4,0,4,高橋-內壢,2024-01-25,5323
6223,旺矽,10,6,4,高橋-內壢,2024-01-25,5323
8210,勤誠,5,1,4,高橋-內壢,2024-01-25,5323
4938,和碩,5,2,3,高橋-內壢,2024-01-25,5323
00929,復華台灣科技優息,57,0,57,高橋-內壢,2024-01-26,5323
00882,中信中國高股息,52,0,52,高橋-內壢,2024-01-26,5323
2488,漢平,50,0,50,高橋-內壢,2024-01-26,5323
1314,中石化,35,0,35,高橋-內壢,2024-01-26,5323
2324,仁寶,35,1,34,高橋-內壢,2024-01-26,5323
00878,國泰永續高股息,34,5,29,高橋-內壢,2024-01-26,5323
3360,尚立,36,7,29,高橋-內壢,2024-01-26,5323
00919,群益台灣精選高息,29,4,25,高橋-內壢,2024-01-26,5323
2353,宏��,28,3,25,高橋-內壢,2024-01-26,5323
2618,長榮航,23,6,17,高橋-內壢,2024-01-26,5323
3535,晶彩科,21,4,17,高橋-內壢,2024-01-26,5323
3231,緯創,50,33,17,高橋-內壢,2024-01-26,5323
00673R,期元大S＆P原油反1,15,0,15,高橋-內壢,2024-01-26,5323
2369,菱生,16,1,15,高橋-內壢,2024-01-26,5323
3490,單井,15,0,15,高橋-內壢,2024-01-26,5323
2421,建準,24,9,15,高橋-內壢,2024-01-26,5323
6138,茂達,13,1,12,高橋-內壢,2024-01-26,5323
2356,英業達,20,9,11,高橋-內壢,2024-01-26,5323
2303,聯電,49,39,10,高橋-內壢,2024-01-26,5323
00937B,群益ESG投等債20,10,0,10,高橋-內壢,2024-01-26,5323
00927,群益半導體收益,10,0,10,高橋-內壢,2024-01-26,5323
00752,中信中國50,10,0,10,高橋-內壢,2024-01-26,5323
2313,華通,10,0,10,高橋-內壢,2024-01-26,5323
2801,彰銀,10,0,10,高橋-內壢,2024-01-26,5323
5340,建榮,10,0,10,高橋-內壢,2024-01-26,5323
2344,華邦電,10,1,9,高橋-內壢,2024-01-26,5323
00665L,富邦�琤肭磪囓�2,9,1,8,高橋-內壢,2024-01-26,5323
6274,台燿,6,0,6,高橋-內壢,2024-01-26,5323
00918,大華優利高填息30,6,0,6,高橋-內壢,2024-01-26,5323
3689,湧德,6,0,6,高橋-內壢,2024-01-26,5323
5234,達興材料,8,2,6,高橋-內壢,2024-01-26,5323
5426,振發,10,4,6,高橋-內壢,2024-01-26,5323
6117,迎廣,6,0,6,高橋-內壢,2024-01-26,5323
6263,普萊德,6,0,6,高橋-內壢,2024-01-26,5323
2329,華泰,8,2,6,高橋-內壢,2024-01-26,5323
2376,技嘉,5,0,5,高橋-內壢,2024-01-26,5323
00830,國泰費城半導體,5,0,5,高橋-內壢,2024-01-26,5323
1815,富喬,5,0,5,高橋-內壢,2024-01-26,5323
2377,微星,5,0,5,高橋-內壢,2024-01-26,5323
2498,宏達電,5,0,5,高橋-內壢,2024-01-26,5323
3037,欣興,6,1,5,高橋-內壢,2024-01-26,5323
3058,立德,5,0,5,高橋-內壢,2024-01-26,5323
6282,康舒,5,0,5,高橋-內壢,2024-01-26,5323
6770,力積電,5,0,5,高橋-內壢,2024-01-26,5323
00679B,元大美債20年,4,0,4,高橋-內壢,2024-01-26,5323
00770,國泰北美科技,4,0,4,高橋-內壢,2024-01-26,5323
2362,藍天,6,2,4,高橋-內壢,2024-01-26,5323
2412,中華電,4,0,4,高橋-內壢,2024-01-26,5323
2486,一詮,12,8,4,高橋-內壢,2024-01-26,5323
2637,慧洋-KY,4,0,4,高橋-內壢,2024-01-26,5323
00937B,群益ESG投等債20,44,1,43,高橋-內壢,2024-01-29,5323
00687B,國泰20年美債,33,3,30,高橋-內壢,2024-01-29,5323
00929,復華台灣科技優息,36,7,29,高橋-內壢,2024-01-29,5323
00877,復華中國5G,20,0,20,高橋-內壢,2024-01-29,5323
3357,臺慶科,20,0,20,高橋-內壢,2024-01-29,5323
6116,彩晶,20,0,20,高橋-內壢,2024-01-29,5323
2884,玉山金,20,0,20,高橋-內壢,2024-01-29,5323
00679B,元大美債20年,20,1,19,高橋-內壢,2024-01-29,5323
2344,華邦電,25,6,19,高橋-內壢,2024-01-29,5323
00882,中信中國高股息,17,0,17,高橋-內壢,2024-01-29,5323
6263,普萊德,17,1,16,高橋-內壢,2024-01-29,5323
00857B,永豐20年美公債,15,0,15,高橋-內壢,2024-01-29,5323
2801,彰銀,15,0,15,高橋-內壢,2024-01-29,5323
00933B,國泰10Y+金融債,12,0,12,高橋-內壢,2024-01-29,5323
2610,華航,12,0,12,高橋-內壢,2024-01-29,5323
6229,研通,14,3,11,高橋-內壢,2024-01-29,5323
2301,光寶科,10,0,10,高橋-內壢,2024-01-29,5323
4906,正文,10,0,10,高橋-內壢,2024-01-29,5323
4967,十銓,11,1,10,高橋-內壢,2024-01-29,5323
2888,新光金,9,0,9,高橋-內壢,2024-01-29,5323
6139,亞翔,9,0,9,高橋-內壢,2024-01-29,5323
3504,揚明光,8,0,8,高橋-內壢,2024-01-29,5323
6188,廣明,8,0,8,高橋-內壢,2024-01-29,5323
6770,力積電,9,2,7,高橋-內壢,2024-01-29,5323
2329,華泰,6,0,6,高橋-內壢,2024-01-29,5323
2356,英業達,17,11,6,高橋-內壢,2024-01-29,5323
2486,一詮,6,0,6,高橋-內壢,2024-01-29,5323
3374,精材,6,0,6,高橋-內壢,2024-01-29,5323
8093,保銳,6,0,6,高橋-內壢,2024-01-29,5323
3325,旭品,5,0,5,高橋-內壢,2024-01-29,5323
3338,泰碩,5,0,5,高橋-內壢,2024-01-29,5323
3605,宏致,6,1,5,高橋-內壢,2024-01-29,5323
4155,訊映,5,0,5,高橋-內壢,2024-01-29,5323
4721,美琪瑪,5,0,5,高橋-內壢,2024-01-29,5323
8064,東捷,5,0,5,高橋-內壢,2024-01-29,5323
2412,中華電,5,0,5,高橋-內壢,2024-01-29,5323
00927,群益半導體收益,4,0,4,高橋-內壢,2024-01-29,5323
5426,振發,12,8,4,高橋-內壢,2024-01-29,5323
6111,大宇資,5,1,4,高橋-內壢,2024-01-29,5323
6223,旺矽,4,0,4,高橋-內壢,2024-01-29,5323
6462,神盾,7,3,4,高橋-內壢,2024-01-29,5323
8215,明基材,5,1,4,高橋-內壢,2024-01-29,5323
3036,文曄,5,2,3,高橋-內壢,2024-01-29,5323
2337,旺宏,3,0,3,高橋-內壢,2024-01-29,5323
2504,國產,3,0,3,高橋-內壢,2024-01-29,5323
2633,台灣高鐵,3,0,3,高橋-內壢,2024-01-29,5323
3490,單井,3,0,3,高橋-內壢,2024-01-29,5323
3714,富采,3,0,3,高橋-內壢,2024-01-29,5323
6113,亞矽,8,5,3,高橋-內壢,2024-01-29,5323
9105,泰金寶-DR,3,0,3,高橋-內壢,2024-01-29,5323
2618,長榮航,75,5,70,高橋-內壢,2024-01-30,5323
2344,華邦電,33,2,31,高橋-內壢,2024-01-30,5323
00752,中信中國50,26,0,26,高橋-內壢,2024-01-30,5323
3694,海華,27,5,22,高橋-內壢,2024-01-30,5323
2887,台新金,22,0,22,高橋-內壢,2024-01-30,5323
2421,建準,30,10,20,高橋-內壢,2024-01-30,5323
2634,漢翔,15,0,15,高橋-內壢,2024-01-30,5323
6117,迎廣,14,0,14,高橋-內壢,2024-01-30,5323
00919,群益台灣精選高息,17,4,13,高橋-內壢,2024-01-30,5323
2356,英業達,25,12,13,高橋-內壢,2024-01-30,5323
2603,長榮,12,0,12,高橋-內壢,2024-01-30,5323
2812,台中銀,12,0,12,高橋-內壢,2024-01-30,5323
8011,台通,12,0,12,高橋-內壢,2024-01-30,5323
00687B,國泰20年美債,13,2,11,高橋-內壢,2024-01-30,5323
00900,富邦特選高股息30,11,0,11,高橋-內壢,2024-01-30,5323
3434,哲固,11,0,11,高橋-內壢,2024-01-30,5323
3622,洋華,15,4,11,高橋-內壢,2024-01-30,5323
2492,華新科,11,0,11,高橋-內壢,2024-01-30,5323
00877,復華中國5G,10,0,10,高橋-內壢,2024-01-30,5323
4967,十銓,11,1,10,高橋-內壢,2024-01-30,5323
6142,友勁,10,0,10,高橋-內壢,2024-01-30,5323
6270,倍微,10,0,10,高橋-內壢,2024-01-30,5323
6770,力積電,10,0,10,高橋-內壢,2024-01-30,5323
5347,世界,9,0,9,高橋-內壢,2024-01-30,5323
8064,東捷,14,5,9,高橋-內壢,2024-01-30,5323
3071,協禧,8,0,8,高橋-內壢,2024-01-30,5323
3037,欣興,7,0,7,高橋-內壢,2024-01-30,5323
8093,保銳,7,0,7,高橋-內壢,2024-01-30,5323
00937B,群益ESG投等債20,6,0,6,高橋-內壢,2024-01-30,5323
00632R,元大台灣50反1,5,0,5,高橋-內壢,2024-01-30,5323
00933B,國泰10Y+金融債,5,0,5,高橋-內壢,2024-01-30,5323
2314,台揚,5,0,5,高橋-內壢,2024-01-30,5323
2363,矽統,5,0,5,高橋-內壢,2024-01-30,5323
2486,一詮,11,6,5,高橋-內壢,2024-01-30,5323
2610,華航,5,0,5,高橋-內壢,2024-01-30,5323
2888,新光金,5,0,5,高橋-內壢,2024-01-30,5323
4543,萬在,5,0,5,高橋-內壢,2024-01-30,5323
8150,南茂,5,0,5,高橋-內壢,2024-01-30,5323
8210,勤誠,5,0,5,高橋-內壢,2024-01-30,5323
2454,聯發科,5,0,5,高橋-內壢,2024-01-30,5323
2308,台達電,5,0,5,高橋-內壢,2024-01-30,5323
1101,台泥,5,0,5,高橋-內壢,2024-01-30,5323
1608,華榮,4,0,4,高橋-內壢,2024-01-30,5323
00935,野村臺灣新科技50,4,0,4,高橋-內壢,2024-01-30,5323
00921,兆豐龍頭等權重,4,0,4,高橋-內壢,2024-01-30,5323
00637L,元大滬深300正2,4,0,4,高橋-內壢,2024-01-30,5323
1815,富喬,4,0,4,高橋-內壢,2024-01-30,5323
2352,佳世達,6,2,4,高橋-內壢,2024-01-30,5323
4161,聿新科,4,0,4,高橋-內壢,2024-01-30,5323
6198,瑞築,4,0,4,高橋-內壢,2024-01-30,5323
00688L,國泰20年美債正2,128,0,128,高橋-內壢,2024-01-31,5323
2344,華邦電,110,1,109,高橋-內壢,2024-01-31,5323
00687B,國泰20年美債,84,6,78,高橋-內壢,2024-01-31,5323
3231,緯創,59,4,55,高橋-內壢,2024-01-31,5323
2303,聯電,34,0,34,高橋-內壢,2024-01-31,5323
00752,中信中國50,33,0,33,高橋-內壢,2024-01-31,5323
2488,漢平,33,0,33,高橋-內壢,2024-01-31,5323
00753L,中信中國50正2,32,0,32,高橋-內壢,2024-01-31,5323
8059,凱碩,31,1,30,高橋-內壢,2024-01-31,5323
00929,復華台灣科技優息,28,5,23,高橋-內壢,2024-01-31,5323
2382,廣達,21,1,20,高橋-內壢,2024-01-31,5323
6113,亞矽,21,2,19,高橋-內壢,2024-01-31,5323
9919,康那香,20,2,18,高橋-內壢,2024-01-31,5323
2888,新光金,15,0,15,高橋-內壢,2024-01-31,5323
2356,英業達,15,1,14,高橋-內壢,2024-01-31,5323
2609,陽明,39,26,13,高橋-內壢,2024-01-31,5323
00830,國泰費城半導體,10,0,10,高橋-內壢,2024-01-31,5323
3362,先進光,11,1,10,高橋-內壢,2024-01-31,5323
00650L,復華香港正2,10,0,10,高橋-內壢,2024-01-31,5323
00935,野村臺灣新科技50,10,0,10,高橋-內壢,2024-01-31,5323
2915,潤泰全,10,0,10,高橋-內壢,2024-01-31,5323
1101,台泥,9,0,9,高橋-內壢,2024-01-31,5323
2313,華通,10,1,9,高橋-內壢,2024-01-31,5323
6770,力積電,9,0,9,高橋-內壢,2024-01-31,5323
2308,台達電,8,0,8,高橋-內壢,2024-01-31,5323
2440,太空梭,10,2,8,高橋-內壢,2024-01-31,5323
2634,漢翔,8,0,8,高橋-內壢,2024-01-31,5323
2897,王道銀行,8,0,8,高橋-內壢,2024-01-31,5323
6116,彩晶,8,0,8,高橋-內壢,2024-01-31,5323
2330,台積電,9,2,7,高橋-內壢,2024-01-31,5323
00679B,元大美債20年,6,1,5,高橋-內壢,2024-01-31,5323
2332,友訊,5,0,5,高橋-內壢,2024-01-31,5323
2369,菱生,17,12,5,高橋-內壢,2024-01-31,5323
3037,欣興,5,0,5,高橋-內壢,2024-01-31,5323
3105,穩懋,6,1,5,高橋-內壢,2024-01-31,5323
3615,安可,6,1,5,高橋-內壢,2024-01-31,5323
4128,中天,5,0,5,高橋-內壢,2024-01-31,5323
6509,聚和,5,0,5,高橋-內壢,2024-01-31,5323
00881,國泰台灣5G+,4,0,4,高橋-內壢,2024-01-31,5323
2421,建準,8,4,4,高橋-內壢,2024-01-31,5323
2603,長榮,4,0,4,高橋-內壢,2024-01-31,5323
2610,華航,4,0,4,高橋-內壢,2024-01-31,5323
3232,昱捷,4,0,4,高橋-內壢,2024-01-31,5323
4739,康普,4,0,4,高橋-內壢,2024-01-31,5323
6138,茂達,4,0,4,高橋-內壢,2024-01-31,5323
6246,臺龍,4,0,4,高橋-內壢,2024-01-31,5323
3706,神達,5,1,4,高橋-內壢,2024-01-31,5323
4938,和碩,3,0,3,高橋-內壢,2024-01-31,5323
00770,國泰北美科技,3,0,3,高橋-內壢,2024-01-31,5323
00878,國泰永續高股息,3,0,3,高橋-內壢,2024-01-31,5323
00929,復華台灣科技優息,63,0,63,高橋-內壢,2024-02-01,5323
00687B,國泰20年美債,46,0,46,高橋-內壢,2024-02-01,5323
00937B,群益ESG投等債20,36,3,33,高橋-內壢,2024-02-01,5323
2108,南帝,24,0,24,高橋-內壢,2024-02-01,5323
3163,波若威,20,0,20,高橋-內壢,2024-02-01,5323
00712,復華富時不動產,23,4,19,高橋-內壢,2024-02-01,5323
2363,矽統,19,0,19,高橋-內壢,2024-02-01,5323
2303,聯電,20,2,18,高橋-內壢,2024-02-01,5323
2486,一詮,16,1,15,高橋-內壢,2024-02-01,5323
6237,驊訊,18,3,15,高橋-內壢,2024-02-01,5323
8070,長華*,15,0,15,高橋-內壢,2024-02-01,5323
00830,國泰費城半導體,14,0,14,高橋-內壢,2024-02-01,5323
2369,菱生,14,0,14,高橋-內壢,2024-02-01,5323
3264,欣銓,12,0,12,高橋-內壢,2024-02-01,5323
6116,彩晶,22,10,12,高橋-內壢,2024-02-01,5323
1325,恆大,12,2,10,高橋-內壢,2024-02-01,5323
1732,毛寶,10,0,10,高橋-內壢,2024-02-01,5323
6231,系微,9,0,9,高橋-內壢,2024-02-01,5323
2382,廣達,8,0,8,高橋-內壢,2024-02-01,5323
6156,松上,8,0,8,高橋-內壢,2024-02-01,5323
6270,倍微,8,0,8,高橋-內壢,2024-02-01,5323
00916,國泰全球品牌50,7,0,7,高橋-內壢,2024-02-01,5323
3033,威健,8,1,7,高橋-內壢,2024-02-01,5323
3630,新鉅科,6,0,6,高橋-內壢,2024-02-01,5323
4908,前鼎,11,5,6,高橋-內壢,2024-02-01,5323
00877,復華中國5G,5,0,5,高橋-內壢,2024-02-01,5323
2634,漢翔,5,0,5,高橋-內壢,2024-02-01,5323
6120,達運,6,1,5,高橋-內壢,2024-02-01,5323
6855,數泓科,5,0,5,高橋-內壢,2024-02-01,5323
2890,永豐金,5,0,5,高橋-內壢,2024-02-01,5323
2409,友達,15,10,5,高橋-內壢,2024-02-01,5323
00882,中信中國高股息,6,2,4,高橋-內壢,2024-02-01,5323
2387,精元,4,0,4,高橋-內壢,2024-02-01,5323
2489,瑞軒,4,0,4,高橋-內壢,2024-02-01,5323
3374,精材,4,0,4,高橋-內壢,2024-02-01,5323
3504,揚明光,4,0,4,高橋-內壢,2024-02-01,5323
3535,晶彩科,11,7,4,高橋-內壢,2024-02-01,5323
4529,淳紳,4,0,4,高橋-內壢,2024-02-01,5323
6152,百一,4,0,4,高橋-內壢,2024-02-01,5323
2454,聯發科,5,2,3,高橋-內壢,2024-02-01,5323
5351,鈺創,3,0,3,高橋-內壢,2024-02-01,5323
1618,合機,3,0,3,高橋-內壢,2024-02-01,5323
1605,華新,3,0,3,高橋-內壢,2024-02-01,5323
00680L,元大美債20正2,12,9,3,高橋-內壢,2024-02-01,5323
1905,華紙,3,0,3,高橋-內壢,2024-02-01,5323
2340,台亞,3,0,3,高橋-內壢,2024-02-01,5323
2365,昆盈,4,1,3,高橋-內壢,2024-02-01,5323
3048,益登,3,0,3,高橋-內壢,2024-02-01,5323
3362,先進光,5,2,3,高橋-內壢,2024-02-01,5323
3545,敦泰,3,0,3,高橋-內壢,2024-02-01,5323
2618,長榮航,112,7,105,高橋-內壢,2024-02-02,5323
00669R,國泰美國道瓊反1,95,0,95,高橋-內壢,2024-02-02,5323
00937B,群益ESG投等債20,54,0,54,高橋-內壢,2024-02-02,5323
00712,復華富時不動產,52,0,52,高橋-內壢,2024-02-02,5323
2002,中鋼,51,0,51,高橋-內壢,2024-02-02,5323
3047,訊舟,40,0,40,高橋-內壢,2024-02-02,5323
00929,復華台灣科技優息,32,0,32,高橋-內壢,2024-02-02,5323
2303,聯電,33,1,32,高橋-內壢,2024-02-02,5323
6117,迎廣,28,0,28,高橋-內壢,2024-02-02,5323
2888,新光金,35,10,25,高橋-內壢,2024-02-02,5323
00830,國泰費城半導體,24,0,24,高橋-內壢,2024-02-02,5323
6770,力積電,39,17,22,高橋-內壢,2024-02-02,5323
1314,中石化,20,0,20,高橋-內壢,2024-02-02,5323
00632R,元大台灣50反1,20,0,20,高橋-內壢,2024-02-02,5323
4906,正文,20,0,20,高橋-內壢,2024-02-02,5323
00882,中信中國高股息,19,0,19,高橋-內壢,2024-02-02,5323
1514,亞力,19,0,19,高橋-內壢,2024-02-02,5323
6113,亞矽,20,2,18,高橋-內壢,2024-02-02,5323
2488,漢平,17,0,17,高橋-內壢,2024-02-02,5323
6139,亞翔,14,0,14,高橋-內壢,2024-02-02,5323
2409,友達,13,0,13,高橋-內壢,2024-02-02,5323
3481,群創,24,12,12,高橋-內壢,2024-02-02,5323
2408,南亞科,11,0,11,高橋-內壢,2024-02-02,5323
5009,榮剛,11,0,11,高橋-內壢,2024-02-02,5323
2634,漢翔,10,0,10,高橋-內壢,2024-02-02,5323
00650L,復華香港正2,10,0,10,高橋-內壢,2024-02-02,5323
00877,復華中國5G,10,0,10,高橋-內壢,2024-02-02,5323
1528,恩德,11,1,10,高橋-內壢,2024-02-02,5323
2206,三陽工業,10,0,10,高橋-內壢,2024-02-02,5323
2891,中信金,10,0,10,高橋-內壢,2024-02-02,5323
6257,矽格,10,0,10,高橋-內壢,2024-02-02,5323
6425,易發,11,1,10,高橋-內壢,2024-02-02,5323
1609,大亞,9,0,9,高橋-內壢,2024-02-02,5323
00933B,國泰10Y+金融債,8,0,8,高橋-內壢,2024-02-02,5323
2883,凱基金,8,0,8,高橋-內壢,2024-02-02,5323
3543,州巧,8,0,8,高橋-內壢,2024-02-02,5323
2313,華通,13,6,7,高橋-內壢,2024-02-02,5323
00931B,統一美債20年,10,3,7,高橋-內壢,2024-02-02,5323
2344,華邦電,7,0,7,高橋-內壢,2024-02-02,5323
3715,定穎投控,8,1,7,高橋-內壢,2024-02-02,5323
6237,驊訊,12,5,7,高橋-內壢,2024-02-02,5323
8210,勤誠,7,0,7,高橋-內壢,2024-02-02,5323
3260,威剛,6,0,6,高橋-內壢,2024-02-02,5323
3490,單井,6,0,6,高橋-內壢,2024-02-02,5323
3615,安可,6,0,6,高橋-內壢,2024-02-02,5323
8111,立��,6,0,6,高橋-內壢,2024-02-02,5323
2317,鴻海,5,0,5,高橋-內壢,2024-02-02,5323
00916,國泰全球品牌50,5,0,5,高橋-內壢,2024-02-02,5323
2402,毅嘉,5,0,5,高橋-內壢,2024-02-02,5323
3535,晶彩科,8,3,5,高橋-內壢,2024-02-02,5323
00929,復華台灣科技優息,124,1,123,高橋-內壢,2024-02-05,5323
4714,永捷,100,5,95,高橋-內壢,2024-02-05,5323
2337,旺宏,83,1,82,高橋-內壢,2024-02-05,5323
00688L,國泰20年美債正2,72,0,72,高橋-內壢,2024-02-05,5323
6547,高端疫苗,49,0,49,高橋-內壢,2024-02-05,5323
6698,旭暉應材,41,0,41,高橋-內壢,2024-02-05,5323
3047,訊舟,30,0,30,高橋-內壢,2024-02-05,5323
2303,聯電,27,1,26,高橋-內壢,2024-02-05,5323
2880,華南金,25,0,25,高橋-內壢,2024-02-05,5323
8064,東捷,22,0,22,高橋-內壢,2024-02-05,5323
2486,一詮,20,0,20,高橋-內壢,2024-02-05,5323
2329,華泰,17,0,17,高橋-內壢,2024-02-05,5323
00933B,國泰10Y+金融債,16,0,16,高橋-內壢,2024-02-05,5323
00687B,國泰20年美債,44,30,14,高橋-內壢,2024-02-05,5323
00882,中信中國高股息,13,0,13,高橋-內壢,2024-02-05,5323
2356,英業達,37,24,13,高橋-內壢,2024-02-05,5323
00937B,群益ESG投等債20,12,0,12,高橋-內壢,2024-02-05,5323
6593,台灣銘板,12,0,12,高橋-內壢,2024-02-05,5323
8201,無敵,10,0,10,高橋-內壢,2024-02-05,5323
8222,寶一,10,1,9,高橋-內壢,2024-02-05,5323
00934,中信成長高股息,8,0,8,高橋-內壢,2024-02-05,5323
00712,復華富時不動產,12,4,8,高橋-內壢,2024-02-05,5323
2889,國票金,10,2,8,高橋-內壢,2024-02-05,5323
4976,佳凌,8,0,8,高橋-內壢,2024-02-05,5323
6152,百一,8,0,8,高橋-內壢,2024-02-05,5323
00680L,元大美債20正2,22,15,7,高橋-內壢,2024-02-05,5323
2358,廷鑫,7,0,7,高橋-內壢,2024-02-05,5323
2408,南亞科,8,1,7,高橋-內壢,2024-02-05,5323
3498,陽程,7,0,7,高橋-內壢,2024-02-05,5323
3504,揚明光,7,0,7,高橋-內壢,2024-02-05,5323
00830,國泰費城半導體,6,0,6,高橋-內壢,2024-02-05,5323
1802,台玻,7,1,6,高橋-內壢,2024-02-05,5323
2363,矽統,7,1,6,高橋-內壢,2024-02-05,5323
2401,凌陽,6,0,6,高橋-內壢,2024-02-05,5323
2641,正德,6,0,6,高橋-內壢,2024-02-05,5323
3264,欣銓,6,0,6,高橋-內壢,2024-02-05,5323
8054,安國,6,0,6,高橋-內壢,2024-02-05,5323
6684,安格,10,4,6,高橋-內壢,2024-02-05,5323
00935,野村臺灣新科技50,5,0,5,高橋-內壢,2024-02-05,5323
00679B,元大美債20年,5,0,5,高橋-內壢,2024-02-05,5323
00877,復華中國5G,5,0,5,高橋-內壢,2024-02-05,5323
1582,信錦,5,0,5,高橋-內壢,2024-02-05,5323
1618,合機,6,1,5,高橋-內壢,2024-02-05,5323
2002,中鋼,5,0,5,高橋-內壢,2024-02-05,5323
2340,台亞,5,0,5,高橋-內壢,2024-02-05,5323
2884,玉山金,5,0,5,高橋-內壢,2024-02-05,5323
2891,中信金,5,0,5,高橋-內壢,2024-02-05,5323
3037,欣興,5,0,5,高橋-內壢,2024-02-05,5323
3169,亞信,5,0,5,高橋-內壢,2024-02-05,5323
3567,逸昌,5,0,5,高橋-內壢,2024-02-05,5323
2618,長榮航,242,2,240,高橋-內壢,2024-02-15,5323
00882,中信中國高股息,105,6,99,高橋-內壢,2024-02-15,5323
00937B,群益ESG投等債20,92,0,92,高橋-內壢,2024-02-15,5323
00753L,中信中國50正2,50,0,50,高橋-內壢,2024-02-15,5323
00751B,元大AAA至A公司債,42,0,42,高橋-內壢,2024-02-15,5323
00712,復華富時不動產,41,0,41,高橋-內壢,2024-02-15,5323
2611,志信,40,0,40,高橋-內壢,2024-02-15,5323
00687B,國泰20年美債,38,0,38,高橋-內壢,2024-02-15,5323
2313,華通,36,3,33,高橋-內壢,2024-02-15,5323
2890,永豐金,30,0,30,高橋-內壢,2024-02-15,5323
3481,群創,38,10,28,高橋-內壢,2024-02-15,5323
4714,永捷,26,0,26,高橋-內壢,2024-02-15,5323
4306,炎洲,25,0,25,高橋-內壢,2024-02-15,5323
00720B,元大投資級公司債,24,0,24,高橋-內壢,2024-02-15,5323
1528,恩德,25,1,24,高橋-內壢,2024-02-15,5323
2888,新光金,24,0,24,高橋-內壢,2024-02-15,5323
2882,國泰金,25,2,23,高橋-內壢,2024-02-15,5323
2344,華邦電,23,1,22,高橋-內壢,2024-02-15,5323
00673R,期元大S＆P原油反1,22,0,22,高橋-內壢,2024-02-15,5323
00679B,元大美債20年,21,0,21,高橋-內壢,2024-02-15,5323
1909,榮成,20,0,20,高橋-內壢,2024-02-15,5323
3011,今皓,20,0,20,高橋-內壢,2024-02-15,5323
5512,力麒,22,2,20,高橋-內壢,2024-02-15,5323
2363,矽統,25,7,18,高橋-內壢,2024-02-15,5323
00929,復華台灣科技優息,32,16,16,高橋-內壢,2024-02-15,5323
00933B,國泰10Y+金融債,18,2,16,高橋-內壢,2024-02-15,5323
00680L,元大美債20正2,13,0,13,高橋-內壢,2024-02-15,5323
00632R,元大台灣50反1,12,0,12,高橋-內壢,2024-02-15,5323
2408,南亞科,11,0,11,高橋-內壢,2024-02-15,5323
4142,國光生,11,0,11,高橋-內壢,2024-02-15,5323
3231,緯創,50,39,11,高橋-內壢,2024-02-15,5323
00919,群益台灣精選高息,17,7,10,高橋-內壢,2024-02-15,5323
00633L,富邦上証正2,10,0,10,高橋-內壢,2024-02-15,5323
3047,訊舟,10,0,10,高橋-內壢,2024-02-15,5323
2382,廣達,15,5,10,高橋-內壢,2024-02-15,5323
2353,宏��,11,2,9,高橋-內壢,2024-02-15,5323
8034,榮群,8,0,8,高橋-內壢,2024-02-15,5323
3541,西柏,7,0,7,高橋-內壢,2024-02-15,5323
2301,光寶科,7,1,6,高橋-內壢,2024-02-15,5323
6234,高僑,6,0,6,高橋-內壢,2024-02-15,5323
8059,凱碩,6,0,6,高橋-內壢,2024-02-15,5323
1101,台泥,5,0,5,高橋-內壢,2024-02-15,5323
00931B,統一美債20年,5,0,5,高橋-內壢,2024-02-15,5323
00877,復華中國5G,5,0,5,高橋-內壢,2024-02-15,5323
00706L,期元大S＆P日圓正2,5,0,5,高橋-內壢,2024-02-15,5323
1514,亞力,10,5,5,高橋-內壢,2024-02-15,5323
2027,大成鋼,5,0,5,高橋-內壢,2024-02-15,5323
6152,百一,5,0,5,高橋-內壢,2024-02-15,5323
8210,勤誠,5,0,5,高橋-內壢,2024-02-15,5323
2603,長榮,9,5,4,高橋-內壢,2024-02-15,5323
2888,新光金,182,1,181,高橋-內壢,2024-02-16,5323
2329,華泰,98,15,83,高橋-內壢,2024-02-16,5323
00937B,群益ESG投等債20,73,0,73,高橋-內壢,2024-02-16,5323
3481,群創,76,22,54,高橋-內壢,2024-02-16,5323
00687B,國泰20年美債,50,8,42,高橋-內壢,2024-02-16,5323
3231,緯創,59,24,35,高橋-內壢,2024-02-16,5323
2486,一詮,36,1,35,高橋-內壢,2024-02-16,5323
3615,安可,34,0,34,高橋-內壢,2024-02-16,5323
00795B,中信美國公債20年,25,0,25,高橋-內壢,2024-02-16,5323
00643,群益深証中小,23,0,23,高橋-內壢,2024-02-16,5323
00929,復華台灣科技優息,49,27,22,高橋-內壢,2024-02-16,5323
2365,昆盈,45,23,22,高橋-內壢,2024-02-16,5323
00933B,國泰10Y+金融債,17,0,17,高橋-內壢,2024-02-16,5323
1504,東元,20,3,17,高橋-內壢,2024-02-16,5323
6218,豪勉,19,3,16,高橋-內壢,2024-02-16,5323
1449,佳和,15,0,15,高橋-內壢,2024-02-16,5323
5880,合庫金,15,0,15,高橋-內壢,2024-02-16,5323
1815,富喬,15,2,13,高橋-內壢,2024-02-16,5323
6125,廣運,21,8,13,高橋-內壢,2024-02-16,5323
00857B,永豐20年美公債,12,0,12,高橋-內壢,2024-02-16,5323
4743,合一,12,0,12,高橋-內壢,2024-02-16,5323
8028,昇陽半導體,11,0,11,高橋-內壢,2024-02-16,5323
00878,國泰永續高股息,16,5,11,高橋-內壢,2024-02-16,5323
6139,亞翔,10,0,10,高橋-內壢,2024-02-16,5323
2331,精英,10,0,10,高橋-內壢,2024-02-16,5323
3002,歐格,10,0,10,高橋-內壢,2024-02-16,5323
4128,中天,10,0,10,高橋-內壢,2024-02-16,5323
6122,擎邦,10,0,10,高橋-內壢,2024-02-16,5323
2376,技嘉,16,6,10,高橋-內壢,2024-02-16,5323
00900,富邦特選高股息30,9,0,9,高橋-內壢,2024-02-16,5323
00680L,元大美債20正2,9,0,9,高橋-內壢,2024-02-16,5323
00673R,期元大S＆P原油反1,9,0,9,高橋-內壢,2024-02-16,5323
00712,復華富時不動產,10,2,8,高橋-內壢,2024-02-16,5323
1736,喬山,8,0,8,高橋-內壢,2024-02-16,5323
3013,晟銘電,8,1,7,高橋-內壢,2024-02-16,5323
4909,新復興,9,2,7,高橋-內壢,2024-02-16,5323
2368,金像電,9,2,7,高橋-內壢,2024-02-16,5323
2634,漢翔,6,0,6,高橋-內壢,2024-02-16,5323
00931B,統一美債20年,6,0,6,高橋-內壢,2024-02-16,5323
00902,中信電池及儲能,6,0,6,高橋-內壢,2024-02-16,5323
3372,典範,9,3,6,高橋-內壢,2024-02-16,5323
3689,湧德,6,0,6,高橋-內壢,2024-02-16,5323
4552,力達-KY,6,0,6,高橋-內壢,2024-02-16,5323
5009,榮剛,9,3,6,高橋-內壢,2024-02-16,5323
6206,飛捷,6,0,6,高橋-內壢,2024-02-16,5323
2382,廣達,23,18,5,高橋-內壢,2024-02-16,5323
2367,燿華,5,0,5,高橋-內壢,2024-02-16,5323
2371,大同,5,0,5,高橋-內壢,2024-02-16,5323
3071,協禧,5,0,5,高橋-內壢,2024-02-16,5323
3105,穩懋,5,0,5,高橋-內壢,2024-02-16,5323
00937B,群益ESG投等債20,195,0,195,高橋-內壢,2024-02-19,5323
00933B,國泰10Y+金融債,125,0,125,高橋-內壢,2024-02-19,5323
00679B,元大美債20年,65,0,65,高橋-內壢,2024-02-19,5323
5328,華容,55,0,55,高橋-內壢,2024-02-19,5323
2611,志信,50,0,50,高橋-內壢,2024-02-19,5323
8096,擎亞,52,5,47,高橋-內壢,2024-02-19,5323
2431,聯昌,40,2,38,高橋-內壢,2024-02-19,5323
2836,高雄銀,37,0,37,高橋-內壢,2024-02-19,5323
00878,國泰永續高股息,33,0,33,高橋-內壢,2024-02-19,5323
3231,緯創,51,22,29,高橋-內壢,2024-02-19,5323
2355,敬鵬,28,2,26,高橋-內壢,2024-02-19,5323
1409,新纖,25,0,25,高橋-內壢,2024-02-19,5323
2369,菱生,37,12,25,高橋-內壢,2024-02-19,5323
2406,國碩,23,0,23,高橋-內壢,2024-02-19,5323
00665L,富邦�琤肭磪囓�2,19,0,19,高橋-內壢,2024-02-19,5323
2882,國泰金,21,2,19,高橋-內壢,2024-02-19,5323
00687B,國泰20年美債,18,0,18,高橋-內壢,2024-02-19,5323
4960,誠美材,19,1,18,高橋-內壢,2024-02-19,5323
00915,凱基優選高股息30,20,3,17,高橋-內壢,2024-02-19,5323
3374,精材,17,0,17,高橋-內壢,2024-02-19,5323
00680L,元大美債20正2,22,6,16,高橋-內壢,2024-02-19,5323
5512,力麒,19,3,16,高橋-內壢,2024-02-19,5323
8011,台通,16,0,16,高橋-內壢,2024-02-19,5323
2883,凱基金,18,3,15,高橋-內壢,2024-02-19,5323
2330,台積電,16,2,14,高橋-內壢,2024-02-19,5323
00919,群益台灣精選高息,20,6,14,高橋-內壢,2024-02-19,5323
2365,昆盈,30,16,14,高橋-內壢,2024-02-19,5323
3025,星通,15,1,14,高橋-內壢,2024-02-19,5323
6531,愛普*,14,0,14,高橋-內壢,2024-02-19,5323
00830,國泰費城半導體,13,0,13,高橋-內壢,2024-02-19,5323
2356,英業達,15,2,13,高橋-內壢,2024-02-19,5323
2353,宏��,17,5,12,高橋-內壢,2024-02-19,5323
2376,技嘉,19,7,12,高橋-內壢,2024-02-19,5323
3041,揚智,15,3,12,高橋-內壢,2024-02-19,5323
6270,倍微,12,0,12,高橋-內壢,2024-02-19,5323
00712,復華富時不動產,13,2,11,高橋-內壢,2024-02-19,5323
3715,定穎投控,11,0,11,高橋-內壢,2024-02-19,5323
00936,台新永續高息中小,12,2,10,高橋-內壢,2024-02-19,5323
2392,正崴,10,0,10,高橋-內壢,2024-02-19,5323
3189,景碩,11,1,10,高橋-內壢,2024-02-19,5323
3706,神達,10,0,10,高橋-內壢,2024-02-19,5323
4714,永捷,10,0,10,高橋-內壢,2024-02-19,5323
8028,昇陽半導體,12,2,10,高橋-內壢,2024-02-19,5323
8111,立��,10,0,10,高橋-內壢,2024-02-19,5323
00795B,中信美國公債20年,8,0,8,高橋-內壢,2024-02-19,5323
2610,華航,10,2,8,高橋-內壢,2024-02-19,5323
3056,富華新,10,2,8,高橋-內壢,2024-02-19,5323
8088,品安,10,2,8,高橋-內壢,2024-02-19,5323
3035,智原,7,0,7,高橋-內壢,2024-02-19,5323
00927,群益半導體收益,10,3,7,高橋-內壢,2024-02-19,5323
8110,華東,182,4,178,高橋-內壢,2024-02-20,5323
3481,群創,79,2,77,高橋-內壢,2024-02-20,5323
2382,廣達,51,5,46,高橋-內壢,2024-02-20,5323
1605,華新,46,6,40,高橋-內壢,2024-02-20,5323
00937B,群益ESG投等債20,36,1,35,高橋-內壢,2024-02-20,5323
00687B,國泰20年美債,33,0,33,高橋-內壢,2024-02-20,5323
00933B,國泰10Y+金融債,22,0,22,高橋-內壢,2024-02-20,5323
2888,新光金,21,1,20,高橋-內壢,2024-02-20,5323
8234,新漢,20,0,20,高橋-內壢,2024-02-20,5323
2489,瑞軒,23,4,19,高橋-內壢,2024-02-20,5323
2609,陽明,26,7,19,高橋-內壢,2024-02-20,5323
3231,緯創,27,8,19,高橋-內壢,2024-02-20,5323
2610,華航,21,6,15,高橋-內壢,2024-02-20,5323
3006,晶豪科,15,0,15,高橋-內壢,2024-02-20,5323
3432,台端,15,0,15,高橋-內壢,2024-02-20,5323
5009,榮剛,15,1,14,高橋-內壢,2024-02-20,5323
00679B,元大美債20年,14,2,12,高橋-內壢,2024-02-20,5323
9105,泰金寶-DR,26,14,12,高橋-內壢,2024-02-20,5323
00632R,元大台灣50反1,10,0,10,高橋-內壢,2024-02-20,5323
1806,冠軍,13,3,10,高橋-內壢,2024-02-20,5323
2025,千興,10,0,10,高橋-內壢,2024-02-20,5323
2323,中環,10,0,10,高橋-內壢,2024-02-20,5323
2369,菱生,15,5,10,高橋-內壢,2024-02-20,5323
2376,技嘉,15,5,10,高橋-內壢,2024-02-20,5323
2882,國泰金,10,0,10,高橋-內壢,2024-02-20,5323
5381,合正,10,0,10,高橋-內壢,2024-02-20,5323
8028,昇陽半導體,10,0,10,高橋-內壢,2024-02-20,5323
3025,星通,14,4,10,高橋-內壢,2024-02-20,5323
6274,台燿,9,0,9,高橋-內壢,2024-02-20,5323
4529,淳紳,14,5,9,高橋-內壢,2024-02-20,5323
8040,九暘,9,0,9,高橋-內壢,2024-02-20,5323
00929,復華台灣科技優息,52,44,8,高橋-內壢,2024-02-20,5323
00882,中信中國高股息,10,2,8,高橋-內壢,2024-02-20,5323
2374,佳能,10,2,8,高橋-內壢,2024-02-20,5323
2399,映泰,8,0,8,高橋-內壢,2024-02-20,5323
3712,永崴投控,9,1,8,高橋-內壢,2024-02-20,5323
2390,云辰,7,0,7,高橋-內壢,2024-02-20,5323
6239,力成,6,0,6,高橋-內壢,2024-02-20,5323
3035,智原,8,2,6,高橋-內壢,2024-02-20,5323
2201,裕隆,6,0,6,高橋-內壢,2024-02-20,5323
2353,宏��,11,5,6,高橋-內壢,2024-02-20,5323
2457,飛宏,6,0,6,高橋-內壢,2024-02-20,5323
2887,台新金,6,0,6,高橋-內壢,2024-02-20,5323
8477,創業家,6,0,6,高橋-內壢,2024-02-20,5323
1101,台泥,6,0,6,高橋-內壢,2024-02-20,5323
1618,合機,5,0,5,高橋-內壢,2024-02-20,5323
4909,新復興,5,0,5,高橋-內壢,2024-02-20,5323
2486,一詮,6,1,5,高橋-內壢,2024-02-20,5323
00795B,中信美國公債20年,5,0,5,高橋-內壢,2024-02-20,5323
00877,復華中國5G,5,0,5,高橋-內壢,2024-02-20,5323
00753L,中信中國50正2,160,6,154,高橋-內壢,2024-02-21,5323
00929,復華台灣科技優息,143,33,110,高橋-內壢,2024-02-21,5323
2401,凌陽,51,5,46,高橋-內壢,2024-02-21,5323
00878,國泰永續高股息,44,0,44,高橋-內壢,2024-02-21,5323
2303,聯電,39,0,39,高橋-內壢,2024-02-21,5323
00712,復華富時不動產,47,11,36,高橋-內壢,2024-02-21,5323
00885,富邦越南,35,4,31,高橋-內壢,2024-02-21,5323
2609,陽明,63,36,27,高橋-內壢,2024-02-21,5323
6668,中揚光,26,0,26,高橋-內壢,2024-02-21,5323
6233,旺玖,27,3,24,高橋-內壢,2024-02-21,5323
00688L,國泰20年美債正2,20,0,20,高橋-內壢,2024-02-21,5323
00892,富邦台灣半導體,20,0,20,高橋-內壢,2024-02-21,5323
00931B,統一美債20年,20,0,20,高橋-內壢,2024-02-21,5323
2515,中工,25,5,20,高橋-內壢,2024-02-21,5323
8093,保銳,22,2,20,高橋-內壢,2024-02-21,5323
6122,擎邦,30,11,19,高橋-內壢,2024-02-21,5323
00933B,國泰10Y+金融債,18,0,18,高橋-內壢,2024-02-21,5323
00891,中信關鍵半導體,21,3,18,高橋-內壢,2024-02-21,5323
3231,緯創,49,32,17,高橋-內壢,2024-02-21,5323
00900,富邦特選高股息30,15,0,15,高橋-內壢,2024-02-21,5323
2337,旺宏,15,0,15,高橋-內壢,2024-02-21,5323
00795B,中信美國公債20年,14,0,14,高橋-內壢,2024-02-21,5323
3221,台嘉碩,15,1,14,高橋-內壢,2024-02-21,5323
4961,天鈺,14,0,14,高橋-內壢,2024-02-21,5323
00937B,群益ESG投等債20,13,0,13,高橋-內壢,2024-02-21,5323
6593,台灣銘板,13,0,13,高橋-內壢,2024-02-21,5323
2455,全新,12,0,12,高橋-內壢,2024-02-21,5323
2476,鉅祥,12,0,12,高橋-內壢,2024-02-21,5323
00639,富邦深100,10,0,10,高橋-內壢,2024-02-21,5323
2387,精元,10,0,10,高橋-內壢,2024-02-21,5323
3576,聯合再生,10,0,10,高橋-內壢,2024-02-21,5323
6210,慶生,10,0,10,高橋-內壢,2024-02-21,5323
00936,台新永續高息中小,10,1,9,高橋-內壢,2024-02-21,5323
2014,中鴻,10,1,9,高橋-內壢,2024-02-21,5323
2611,志信,10,1,9,高橋-內壢,2024-02-21,5323
3372,典範,12,3,9,高橋-內壢,2024-02-21,5323
6164,華興,10,1,9,高橋-內壢,2024-02-21,5323
3234,光環,10,2,8,高橋-內壢,2024-02-21,5323
3702,大聯大,8,0,8,高橋-內壢,2024-02-21,5323
6770,力積電,8,0,8,高橋-內壢,2024-02-21,5323
00919,群益台灣精選高息,74,67,7,高橋-內壢,2024-02-21,5323
2884,玉山金,7,0,7,高橋-內壢,2024-02-21,5323
5443,均豪,21,14,7,高橋-內壢,2024-02-21,5323
00715L,期街口布蘭特正2,6,0,6,高橋-內壢,2024-02-21,5323
2352,佳世達,6,0,6,高橋-內壢,2024-02-21,5323
2882,國泰金,6,0,6,高橋-內壢,2024-02-21,5323
4979,華星光,7,1,6,高橋-內壢,2024-02-21,5323
8110,華東,6,0,6,高橋-內壢,2024-02-21,5323
8926,台汽電,6,0,6,高橋-內壢,2024-02-21,5323
9912,偉聯,6,0,6,高橋-內壢,2024-02-21,5323
00933B,國泰10Y+金融債,155,2,153,高橋-內壢,2024-02-22,5323
3231,緯創,98,24,74,高橋-內壢,2024-02-22,5323
2616,山隆,52,2,50,高橋-內壢,2024-02-22,5323
2329,華泰,161,120,41,高橋-內壢,2024-02-22,5323
2211,長榮鋼,40,0,40,高橋-內壢,2024-02-22,5323
2356,英業達,45,6,39,高橋-內壢,2024-02-22,5323
00937B,群益ESG投等債20,35,2,33,高橋-內壢,2024-02-22,5323
00712,復華富時不動產,33,0,33,高橋-內壢,2024-02-22,5323
1524,耿鼎,26,6,20,高橋-內壢,2024-02-22,5323
00882,中信中國高股息,26,8,18,高橋-內壢,2024-02-22,5323
2371,大同,30,12,18,高橋-內壢,2024-02-22,5323
5381,合正,29,11,18,高橋-內壢,2024-02-22,5323
4915,致伸,18,1,17,高橋-內壢,2024-02-22,5323
5443,均豪,20,3,17,高橋-內壢,2024-02-22,5323
8105,凌巨,18,2,16,高橋-內壢,2024-02-22,5323
00680L,元大美債20正2,14,0,14,高橋-內壢,2024-02-22,5323
3481,群創,12,0,12,高橋-內壢,2024-02-22,5323
00687B,國泰20年美債,11,0,11,高橋-內壢,2024-02-22,5323
2617,台航,18,7,11,高橋-內壢,2024-02-22,5323
3047,訊舟,11,0,11,高橋-內壢,2024-02-22,5323
1513,中興電,17,6,11,高橋-內壢,2024-02-22,5323
2331,精英,10,0,10,高橋-內壢,2024-02-22,5323
1809,中釉,10,0,10,高橋-內壢,2024-02-22,5323
2312,金寶,10,0,10,高橋-內壢,2024-02-22,5323
2337,旺宏,10,0,10,高橋-內壢,2024-02-22,5323
2363,矽統,10,0,10,高橋-內壢,2024-02-22,5323
3380,明泰,10,0,10,高橋-內壢,2024-02-22,5323
5284,jpp-KY,10,0,10,高橋-內壢,2024-02-22,5323
5512,力麒,10,0,10,高橋-內壢,2024-02-22,5323
6108,競國,10,0,10,高橋-內壢,2024-02-22,5323
6164,華興,10,0,10,高橋-內壢,2024-02-22,5323
1514,亞力,21,12,9,高橋-內壢,2024-02-22,5323
2353,宏��,16,7,9,高橋-內壢,2024-02-22,5323
3712,永崴投控,8,0,8,高橋-內壢,2024-02-22,5323
00795B,中信美國公債20年,8,0,8,高橋-內壢,2024-02-22,5323
2884,玉山金,8,0,8,高橋-內壢,2024-02-22,5323
3035,智原,10,2,8,高橋-內壢,2024-02-22,5323
9105,泰金寶-DR,11,3,8,高橋-內壢,2024-02-22,5323
5498,凱崴,8,0,8,高橋-內壢,2024-02-22,5323
3044,健鼎,9,1,8,高橋-內壢,2024-02-22,5323
2369,菱生,15,8,7,高橋-內壢,2024-02-22,5323
00679B,元大美債20年,7,0,7,高橋-內壢,2024-02-22,5323
2609,陽明,26,19,7,高橋-內壢,2024-02-22,5323
6531,愛普*,10,3,7,高橋-內壢,2024-02-22,5323
4961,天鈺,9,2,7,高橋-內壢,2024-02-22,5323
2303,聯電,6,0,6,高橋-內壢,2024-02-22,5323
00688L,國泰20年美債正2,36,30,6,高橋-內壢,2024-02-22,5323
00720B,元大投資級公司債,6,0,6,高橋-內壢,2024-02-22,5323
00931B,統一美債20年,6,0,6,高橋-內壢,2024-02-22,5323
00878,國泰永續高股息,24,18,6,高橋-內壢,2024-02-22,5323
00933B,國泰10Y+金融債,147,1,146,高橋-內壢,2024-02-23,5323
00919,群益台灣精選高息,140,28,112,高橋-內壢,2024-02-23,5323
00937B,群益ESG投等債20,82,13,69,高橋-內壢,2024-02-23,5323
2883,凱基金,50,1,49,高橋-內壢,2024-02-23,5323
2353,宏��,47,0,47,高橋-內壢,2024-02-23,5323
2303,聯電,47,4,43,高橋-內壢,2024-02-23,5323
6257,矽格,40,2,38,高橋-內壢,2024-02-23,5323
00687B,國泰20年美債,34,0,34,高橋-內壢,2024-02-23,5323
3231,緯創,61,32,29,高橋-內壢,2024-02-23,5323
00878,國泰永續高股息,27,1,26,高橋-內壢,2024-02-23,5323
2888,新光金,26,0,26,高橋-內壢,2024-02-23,5323
3481,群創,36,11,25,高橋-內壢,2024-02-23,5323
2489,瑞軒,23,1,22,高橋-內壢,2024-02-23,5323
2313,華通,33,11,22,高橋-內壢,2024-02-23,5323
00712,復華富時不動產,23,2,21,高橋-內壢,2024-02-23,5323
3265,台星科,21,0,21,高橋-內壢,2024-02-23,5323
3607,谷崧,22,1,21,高橋-內壢,2024-02-23,5323
00650L,復華香港正2,20,0,20,高橋-內壢,2024-02-23,5323
00679B,元大美債20年,20,0,20,高橋-內壢,2024-02-23,5323
6153,嘉聯益,20,0,20,高橋-內壢,2024-02-23,5323
2887,台新金,16,0,16,高橋-內壢,2024-02-23,5323
00929,復華台灣科技優息,46,31,15,高橋-內壢,2024-02-23,5323
00935,野村臺灣新科技50,15,0,15,高橋-內壢,2024-02-23,5323
3041,揚智,18,3,15,高橋-內壢,2024-02-23,5323
6285,啟��,13,0,13,高橋-內壢,2024-02-23,5323
2382,廣達,17,4,13,高橋-內壢,2024-02-23,5323
6168,宏齊,24,11,13,高橋-內壢,2024-02-23,5323
2820,華票,12,0,12,高橋-內壢,2024-02-23,5323
2441,超豐,11,0,11,高橋-內壢,2024-02-23,5323
6138,茂達,11,0,11,高橋-內壢,2024-02-23,5323
6164,華興,11,0,11,高橋-內壢,2024-02-23,5323
6770,力積電,12,1,11,高橋-內壢,2024-02-23,5323
2486,一詮,10,0,10,高橋-內壢,2024-02-23,5323
2376,技嘉,17,7,10,高橋-內壢,2024-02-23,5323
00753L,中信中國50正2,14,4,10,高橋-內壢,2024-02-23,5323
1503,士電,13,3,10,高橋-內壢,2024-02-23,5323
2014,中鴻,10,0,10,高橋-內壢,2024-02-23,5323
2317,鴻海,10,0,10,高橋-內壢,2024-02-23,5323
2515,中工,10,0,10,高橋-內壢,2024-02-23,5323
2634,漢翔,10,0,10,高橋-內壢,2024-02-23,5323
5512,力麒,10,0,10,高橋-內壢,2024-02-23,5323
8093,保銳,10,0,10,高橋-內壢,2024-02-23,5323
1785,光洋科,9,0,9,高橋-內壢,2024-02-23,5323
2884,玉山金,9,0,9,高橋-內壢,2024-02-23,5323
4994,傳奇,9,0,9,高橋-內壢,2024-02-23,5323
1303,南亞,8,0,8,高橋-內壢,2024-02-23,5323
00885,富邦越南,10,2,8,高橋-內壢,2024-02-23,5323
2465,麗臺,8,0,8,高橋-內壢,2024-02-23,5323
8064,東捷,13,5,8,高橋-內壢,2024-02-23,5323
9103,美德醫療-DR,8,1,7,高橋-內壢,2024-02-23,5323
00878,國泰永續高股息,118,12,106,高橋-內壢,2024-02-26,5323
2329,華泰,66,6,60,高橋-內壢,2024-02-26,5323
00933B,國泰10Y+金融債,58,0,58,高橋-內壢,2024-02-26,5323
1504,東元,42,7,35,高橋-內壢,2024-02-26,5323
00882,中信中國高股息,29,2,27,高橋-內壢,2024-02-26,5323
00919,群益台灣精選高息,38,14,24,高橋-內壢,2024-02-26,5323
6530,創威,25,3,22,高橋-內壢,2024-02-26,5323
2313,華通,35,19,16,高橋-內壢,2024-02-26,5323
2356,英業達,28,12,16,高橋-內壢,2024-02-26,5323
00679B,元大美債20年,17,1,16,高橋-內壢,2024-02-26,5323
3481,群創,15,1,14,高橋-內壢,2024-02-26,5323
2303,聯電,16,2,14,高橋-內壢,2024-02-26,5323
00712,復華富時不動產,14,0,14,高橋-內壢,2024-02-26,5323
1717,長興,14,0,14,高橋-內壢,2024-02-26,5323
2337,旺宏,13,0,13,高橋-內壢,2024-02-26,5323
3055,蔚華科,13,0,13,高橋-內壢,2024-02-26,5323
3374,精材,12,0,12,高橋-內壢,2024-02-26,5323
1809,中釉,15,3,12,高橋-內壢,2024-02-26,5323
1536,和大,11,0,11,高橋-內壢,2024-02-26,5323
6770,力積電,11,0,11,高橋-內壢,2024-02-26,5323
00632R,元大台灣50反1,10,0,10,高橋-內壢,2024-02-26,5323
3035,智原,10,0,10,高橋-內壢,2024-02-26,5323
3052,夆典,10,0,10,高橋-內壢,2024-02-26,5323
3583,辛耘,11,1,10,高橋-內壢,2024-02-26,5323
00795B,中信美國公債20年,9,0,9,高橋-內壢,2024-02-26,5323
3025,星通,12,3,9,高橋-內壢,2024-02-26,5323
8040,九暘,9,0,9,高橋-內壢,2024-02-26,5323
00857B,永豐20年美公債,8,0,8,高橋-內壢,2024-02-26,5323
2883,凱基金,8,0,8,高橋-內壢,2024-02-26,5323
3504,揚明光,8,0,8,高橋-內壢,2024-02-26,5323
3689,湧德,10,2,8,高橋-內壢,2024-02-26,5323
00720B,元大投資級公司債,7,0,7,高橋-內壢,2024-02-26,5323
00753L,中信中國50正2,7,0,7,高橋-內壢,2024-02-26,5323
00687B,國泰20年美債,7,0,7,高橋-內壢,2024-02-26,5323
2405,輔信,16,9,7,高橋-內壢,2024-02-26,5323
5381,合正,8,1,7,高橋-內壢,2024-02-26,5323
2892,第一金,7,0,7,高橋-內壢,2024-02-26,5323
00665L,富邦�琤肭磪囓�2,7,1,6,高橋-內壢,2024-02-26,5323
1529,樂事綠能,8,2,6,高橋-內壢,2024-02-26,5323
2606,裕民,10,4,6,高橋-內壢,2024-02-26,5323
3038,全台,7,1,6,高橋-內壢,2024-02-26,5323
3706,神達,6,0,6,高橋-內壢,2024-02-26,5323
8112,至上,6,0,6,高橋-內壢,2024-02-26,5323
0056,元大高股息,10,4,6,高橋-內壢,2024-02-26,5323
2449,京元電子,5,0,5,高橋-內壢,2024-02-26,5323
1303,南亞,5,0,5,高橋-內壢,2024-02-26,5323
1611,中電,5,0,5,高橋-內壢,2024-02-26,5323
1752,南光,5,0,5,高橋-內壢,2024-02-26,5323
1905,華紙,5,0,5,高橋-內壢,2024-02-26,5323
2302,麗正,5,0,5,高橋-內壢,2024-02-26,5323
00937B,群益ESG投等債20,214,10,204,高橋-內壢,2024-02-27,5323
00929,復華台灣科技優息,129,19,110,高橋-內壢,2024-02-27,5323
00878,國泰永續高股息,88,17,71,高橋-內壢,2024-02-27,5323
1605,華新,63,0,63,高橋-內壢,2024-02-27,5323
2609,陽明,55,2,53,高橋-內壢,2024-02-27,5323
00712,復華富時不動產,49,0,49,高橋-內壢,2024-02-27,5323
3231,緯創,89,41,48,高橋-內壢,2024-02-27,5323
00882,中信中國高股息,65,25,40,高橋-內壢,2024-02-27,5323
00931B,統一美債20年,30,0,30,高橋-內壢,2024-02-27,5323
1514,亞力,53,23,30,高橋-內壢,2024-02-27,5323
00679B,元大美債20年,26,0,26,高橋-內壢,2024-02-27,5323
6770,力積電,26,0,26,高橋-內壢,2024-02-27,5323
2382,廣達,21,0,21,高橋-內壢,2024-02-27,5323
00662,富邦NASDAQ,20,0,20,高橋-內壢,2024-02-27,5323
2601,益航,20,0,20,高橋-內壢,2024-02-27,5323
9105,泰金寶-DR,20,0,20,高橋-內壢,2024-02-27,5323
00934,中信成長高股息,21,4,17,高橋-內壢,2024-02-27,5323
1711,永光,16,1,15,高橋-內壢,2024-02-27,5323
2014,中鴻,17,2,15,高橋-內壢,2024-02-27,5323
3313,斐成,15,0,15,高橋-內壢,2024-02-27,5323
3450,聯鈞,16,1,15,高橋-內壢,2024-02-27,5323
00918,大華優利高填息30,15,1,14,高橋-內壢,2024-02-27,5323
3481,群創,16,2,14,高橋-內壢,2024-02-27,5323
6167,久正,14,0,14,高橋-內壢,2024-02-27,5323
2353,宏��,15,2,13,高橋-內壢,2024-02-27,5323
2002,中鋼,13,0,13,高橋-內壢,2024-02-27,5323
3041,揚智,20,7,13,高橋-內壢,2024-02-27,5323
1717,長興,12,0,12,高橋-內壢,2024-02-27,5323
4967,十銓,18,6,12,高橋-內壢,2024-02-27,5323
8103,瀚荃,12,0,12,高橋-內壢,2024-02-27,5323
2486,一詮,14,3,11,高橋-內壢,2024-02-27,5323
3037,欣興,12,1,11,高橋-內壢,2024-02-27,5323
3006,晶豪科,11,0,11,高橋-內壢,2024-02-27,5323
00850,元大臺灣ESG永續,10,0,10,高橋-內壢,2024-02-27,5323
3105,穩懋,10,0,10,高橋-內壢,2024-02-27,5323
00632R,元大台灣50反1,10,0,10,高橋-內壢,2024-02-27,5323
00687B,國泰20年美債,10,0,10,高橋-內壢,2024-02-27,5323
2356,英業達,17,7,10,高橋-內壢,2024-02-27,5323
2489,瑞軒,10,0,10,高橋-內壢,2024-02-27,5323
3390,旭軟,11,1,10,高橋-內壢,2024-02-27,5323
6292,迅德,10,0,10,高橋-內壢,2024-02-27,5323
8088,品安,10,0,10,高橋-內壢,2024-02-27,5323
00795B,中信美國公債20年,9,0,9,高橋-內壢,2024-02-27,5323
1513,中興電,19,10,9,高橋-內壢,2024-02-27,5323
3706,神達,10,1,9,高橋-內壢,2024-02-27,5323
2812,台中銀,9,1,8,高橋-內壢,2024-02-27,5323
00922,國泰台灣領袖50,11,4,7,高橋-內壢,2024-02-27,5323
00720B,元大投資級公司債,7,0,7,高橋-內壢,2024-02-27,5323
2888,新光金,7,0,7,高橋-內壢,2024-02-27,5323
6147,頎邦,7,0,7,高橋-內壢,2024-02-27,5323
00753L,中信中國50正2,74,14,60,高橋-內壢,2024-02-29,5323
00937B,群益ESG投等債20,145,102,43,高橋-內壢,2024-02-29,5323
00929,復華台灣科技優息,64,28,36,高橋-內壢,2024-02-29,5323
3481,群創,31,5,26,高橋-內壢,2024-02-29,5323
2889,國票金,24,0,24,高橋-內壢,2024-02-29,5323
00637L,元大滬深300正2,25,2,23,高橋-內壢,2024-02-29,5323
1521,大億,23,0,23,高橋-內壢,2024-02-29,5323
9105,泰金寶-DR,22,1,21,高橋-內壢,2024-02-29,5323
00679B,元大美債20年,20,0,20,高橋-內壢,2024-02-29,5323
1522,堤維西,22,2,20,高橋-內壢,2024-02-29,5323
1809,中釉,20,0,20,高橋-內壢,2024-02-29,5323
2498,宏達電,20,0,20,高橋-內壢,2024-02-29,5323
5351,鈺創,21,1,20,高橋-內壢,2024-02-29,5323
6167,久正,20,0,20,高橋-內壢,2024-02-29,5323
3029,零壹,20,2,18,高橋-內壢,2024-02-29,5323
6770,力積電,68,50,18,高橋-內壢,2024-02-29,5323
3390,旭軟,16,2,14,高橋-內壢,2024-02-29,5323
6469,大樹,14,1,13,高橋-內壢,2024-02-29,5323
0061,元大寶滬深,12,0,12,高橋-內壢,2024-02-29,5323
8383,千附,11,0,11,高橋-內壢,2024-02-29,5323
2337,旺宏,11,0,11,高橋-內壢,2024-02-29,5323
4128,中天,11,0,11,高橋-內壢,2024-02-29,5323
00878,國泰永續高股息,11,1,10,高橋-內壢,2024-02-29,5323
2324,仁寶,10,0,10,高橋-內壢,2024-02-29,5323
2489,瑞軒,10,0,10,高橋-內壢,2024-02-29,5323
3363,上詮,10,0,10,高橋-內壢,2024-02-29,5323
8028,昇陽半導體,10,0,10,高橋-內壢,2024-02-29,5323
9945,潤泰新,9,0,9,高橋-內壢,2024-02-29,5323
00857B,永豐20年美公債,9,0,9,高橋-內壢,2024-02-29,5323
2492,華新科,11,2,9,高橋-內壢,2024-02-29,5323
6139,亞翔,10,1,9,高橋-內壢,2024-02-29,5323
2340,台亞,8,0,8,高橋-內壢,2024-02-29,5323
2353,宏��,9,1,8,高橋-內壢,2024-02-29,5323
2834,臺企銀,10,2,8,高橋-內壢,2024-02-29,5323
8096,擎亞,9,1,8,高橋-內壢,2024-02-29,5323
8996,高力,12,4,8,高橋-內壢,2024-02-29,5323
1617,榮星,8,1,7,高橋-內壢,2024-02-29,5323
2359,所羅門,7,0,7,高橋-內壢,2024-02-29,5323
3231,緯創,14,7,7,高橋-內壢,2024-02-29,5323
3689,湧德,43,36,7,高橋-內壢,2024-02-29,5323
1909,榮成,6,0,6,高橋-內壢,2024-02-29,5323
3163,波若威,8,2,6,高橋-內壢,2024-02-29,5323
1313,聯成,5,0,5,高橋-內壢,2024-02-29,5323
00712,復華富時不動產,5,0,5,高橋-內壢,2024-02-29,5323
00706L,期元大S＆P日圓正2,5,0,5,高橋-內壢,2024-02-29,5323
00690,兆豐藍籌30,5,0,5,高橋-內壢,2024-02-29,5323
1560,中砂,5,0,5,高橋-內壢,2024-02-29,5323
2101,南港,5,0,5,高橋-內壢,2024-02-29,5323
2313,華通,7,2,5,高橋-內壢,2024-02-29,5323
2419,仲琦,5,0,5,高橋-內壢,2024-02-29,5323
00919,群益台灣精選高息,116,4,112,高橋-內壢,2024-03-01,5323
00918,大華優利高填息30,104,6,98,高橋-內壢,2024-03-01,5323
00712,復華富時不動產,100,9,91,高橋-內壢,2024-03-01,5323
00929,復華台灣科技優息,48,8,40,高橋-內壢,2024-03-01,5323
2609,陽明,33,0,33,高橋-內壢,2024-03-01,5323
3708,上緯投控,35,3,32,高橋-內壢,2024-03-01,5323
00885,富邦越南,25,0,25,高橋-內壢,2024-03-01,5323
00680L,元大美債20正2,25,0,25,高橋-內壢,2024-03-01,5323
6275,元山,25,3,22,高橋-內壢,2024-03-01,5323
1727,中華化,21,0,21,高橋-內壢,2024-03-01,5323
2329,華泰,22,4,18,高橋-內壢,2024-03-01,5323
00665L,富邦�琤肭磪囓�2,21,4,17,高橋-內壢,2024-03-01,5323
1514,亞力,33,17,16,高橋-內壢,2024-03-01,5323
2303,聯電,16,0,16,高橋-內壢,2024-03-01,5323
2002,中鋼,15,0,15,高橋-內壢,2024-03-01,5323
2409,友達,15,0,15,高橋-內壢,2024-03-01,5323
6179,亞通,15,0,15,高橋-內壢,2024-03-01,5323
8072,陞泰,15,0,15,高橋-內壢,2024-03-01,5323
6164,華興,14,0,14,高橋-內壢,2024-03-01,5323
8064,東捷,20,6,14,高橋-內壢,2024-03-01,5323
2313,華通,26,13,13,高橋-內壢,2024-03-01,5323
5880,合庫金,12,0,12,高橋-內壢,2024-03-01,5323
9105,泰金寶-DR,16,4,12,高橋-內壢,2024-03-01,5323
3163,波若威,12,1,11,高橋-內壢,2024-03-01,5323
1717,長興,10,0,10,高橋-內壢,2024-03-01,5323
2432,倚天酷��-創,10,0,10,高橋-內壢,2024-03-01,5323
2812,台中銀,10,0,10,高橋-內壢,2024-03-01,5323
3541,西柏,10,0,10,高橋-內壢,2024-03-01,5323
4167,松瑞藥,10,0,10,高橋-內壢,2024-03-01,5323
5498,凱崴,10,0,10,高橋-內壢,2024-03-01,5323
5512,力麒,10,0,10,高橋-內壢,2024-03-01,5323
3071,協禧,13,4,9,高橋-內壢,2024-03-01,5323
6443,元晶,7,0,7,高橋-內壢,2024-03-01,5323
2390,云辰,7,0,7,高橋-內壢,2024-03-01,5323
5347,世界,11,4,7,高橋-內壢,2024-03-01,5323
1712,興農,6,0,6,高橋-內壢,2024-03-01,5323
2014,中鴻,6,0,6,高橋-內壢,2024-03-01,5323
00922,國泰台灣領袖50,6,1,5,高橋-內壢,2024-03-01,5323
1616,億泰,5,0,5,高橋-內壢,2024-03-01,5323
2027,大成鋼,5,0,5,高橋-內壢,2024-03-01,5323
2369,菱生,18,13,5,高橋-內壢,2024-03-01,5323
2460,建通,5,0,5,高橋-內壢,2024-03-01,5323
2883,凱基金,10,5,5,高橋-內壢,2024-03-01,5323
2886,兆豐金,5,0,5,高橋-內壢,2024-03-01,5323
8926,台汽電,5,0,5,高橋-內壢,2024-03-01,5323
3374,精材,4,0,4,高橋-內壢,2024-03-01,5323
3036,文曄,7,3,4,高橋-內壢,2024-03-01,5323
2603,長榮,8,4,4,高橋-內壢,2024-03-01,5323
4303,信立,4,0,4,高橋-內壢,2024-03-01,5323
00927,群益半導體收益,4,0,4,高橋-內壢,2024-03-01,5323
00918,大華優利高填息30,181,5,176,高橋-內壢,2024-03-04,5323
2618,長榮航,70,7,63,高橋-內壢,2024-03-04,5323
00632R,元大台灣50反1,42,0,42,高橋-內壢,2024-03-04,5323
00933B,國泰10Y+金融債,38,4,34,高橋-內壢,2024-03-04,5323
00919,群益台灣精選高息,38,12,26,高橋-內壢,2024-03-04,5323
2888,新光金,23,0,23,高橋-內壢,2024-03-04,5323
6770,力積電,29,6,23,高橋-內壢,2024-03-04,5323
00937B,群益ESG投等債20,23,1,22,高橋-內壢,2024-03-04,5323
00915,凱基優選高股息30,21,0,21,高橋-內壢,2024-03-04,5323
00680L,元大美債20正2,20,0,20,高橋-內壢,2024-03-04,5323
6139,亞翔,20,1,19,高橋-內壢,2024-03-04,5323
3264,欣銓,33,14,19,高橋-內壢,2024-03-04,5323
1314,中石化,19,1,18,高橋-內壢,2024-03-04,5323
1514,亞力,46,29,17,高橋-內壢,2024-03-04,5323
3434,哲固,13,0,13,高橋-內壢,2024-03-04,5323
6150,撼訊,13,0,13,高橋-內壢,2024-03-04,5323
2329,華泰,23,11,12,高橋-內壢,2024-03-04,5323
3005,神基,14,2,12,高橋-內壢,2024-03-04,5323
3541,西柏,12,0,12,高橋-內壢,2024-03-04,5323
2356,英業達,27,15,12,高橋-內壢,2024-03-04,5323
2382,廣達,16,4,12,高橋-內壢,2024-03-04,5323
1609,大亞,12,0,12,高橋-內壢,2024-03-04,5323
2543,皇昌,11,0,11,高橋-內壢,2024-03-04,5323
3390,旭軟,11,0,11,高橋-內壢,2024-03-04,5323
4968,立積,15,4,11,高橋-內壢,2024-03-04,5323
00923,群益台ESG低碳50,10,0,10,高橋-內壢,2024-03-04,5323
1909,榮成,10,0,10,高橋-內壢,2024-03-04,5323
2387,精元,10,0,10,高橋-內壢,2024-03-04,5323
2421,建準,13,3,10,高橋-內壢,2024-03-04,5323
2616,山隆,10,0,10,高橋-內壢,2024-03-04,5323
3710,連展投控,10,0,10,高橋-內壢,2024-03-04,5323
6120,達運,10,0,10,高橋-內壢,2024-03-04,5323
8028,昇陽半導體,10,0,10,高橋-內壢,2024-03-04,5323
00936,台新永續高息中小,9,0,9,高橋-內壢,2024-03-04,5323
2014,中鴻,9,0,9,高橋-內壢,2024-03-04,5323
3231,緯創,31,22,9,高橋-內壢,2024-03-04,5323
6443,元晶,9,0,9,高橋-內壢,2024-03-04,5323
00934,中信成長高股息,8,0,8,高橋-內壢,2024-03-04,5323
3062,建漢,9,1,8,高橋-內壢,2024-03-04,5323
4109,加捷生醫,8,0,8,高橋-內壢,2024-03-04,5323
6244,茂迪,8,0,8,高橋-內壢,2024-03-04,5323
00673R,期元大S＆P原油反1,7,0,7,高橋-內壢,2024-03-04,5323
2363,矽統,7,0,7,高橋-內壢,2024-03-04,5323
2548,華固,7,0,7,高橋-內壢,2024-03-04,5323
2606,裕民,10,3,7,高橋-內壢,2024-03-04,5323
2849,安泰銀,7,0,7,高橋-內壢,2024-03-04,5323
3372,典範,12,5,7,高橋-內壢,2024-03-04,5323
3645,達邁,7,0,7,高橋-內壢,2024-03-04,5323
6196,帆宣,7,0,7,高橋-內壢,2024-03-04,5323
2383,台光電,8,2,6,高橋-內壢,2024-03-04,5323
00919,群益台灣精選高息,129,10,119,高橋-內壢,2024-03-05,5323
00632R,元大台灣50反1,104,0,104,高橋-內壢,2024-03-05,5323
1409,新纖,99,30,69,高橋-內壢,2024-03-05,5323
00915,凱基優選高股息30,60,0,60,高橋-內壢,2024-03-05,5323
00712,復華富時不動產,49,0,49,高橋-內壢,2024-03-05,5323
2605,新興,35,0,35,高橋-內壢,2024-03-05,5323
2883,凱基金,34,2,32,高橋-內壢,2024-03-05,5323
00937B,群益ESG投等債20,50,19,31,高橋-內壢,2024-03-05,5323
3372,典範,50,22,28,高橋-內壢,2024-03-05,5323
8072,陞泰,28,0,28,高橋-內壢,2024-03-05,5323
2303,聯電,23,1,22,高橋-內壢,2024-03-05,5323
6126,信音,24,2,22,高橋-內壢,2024-03-05,5323
1514,亞力,31,10,21,高橋-內壢,2024-03-05,5323
00753L,中信中國50正2,26,6,20,高橋-內壢,2024-03-05,5323
2206,三陽工業,22,2,20,高橋-內壢,2024-03-05,5323
3305,昇貿,20,0,20,高橋-內壢,2024-03-05,5323
3434,哲固,21,1,20,高橋-內壢,2024-03-05,5323
4109,加捷生醫,20,0,20,高橋-內壢,2024-03-05,5323
3374,精材,19,0,19,高橋-內壢,2024-03-05,5323
4973,廣穎,20,1,19,高橋-內壢,2024-03-05,5323
1522,堤維西,18,0,18,高橋-內壢,2024-03-05,5323
2616,山隆,17,0,17,高橋-內壢,2024-03-05,5323
4543,萬在,17,0,17,高橋-內壢,2024-03-05,5323
2002,中鋼,17,1,16,高橋-內壢,2024-03-05,5323
6443,元晶,16,0,16,高橋-內壢,2024-03-05,5323
2369,菱生,20,5,15,高橋-內壢,2024-03-05,5323
2486,一詮,26,11,15,高橋-內壢,2024-03-05,5323
2888,新光金,18,3,15,高橋-內壢,2024-03-05,5323
2337,旺宏,13,0,13,高橋-內壢,2024-03-05,5323
5439,高技,12,0,12,高橋-內壢,2024-03-05,5323
3481,群創,14,2,12,高橋-內壢,2024-03-05,5323
2313,華通,13,2,11,高橋-內壢,2024-03-05,5323
00687B,國泰20年美債,11,0,11,高橋-內壢,2024-03-05,5323
5386,青雲,11,0,11,高橋-內壢,2024-03-05,5323
00907,永豐優息存股,10,0,10,高橋-內壢,2024-03-05,5323
00900,富邦特選高股息30,11,1,10,高橋-內壢,2024-03-05,5323
1718,中纖,10,0,10,高橋-內壢,2024-03-05,5323
2104,國際中橡,10,0,10,高橋-內壢,2024-03-05,5323
2371,大同,10,0,10,高橋-內壢,2024-03-05,5323
2809,京城銀,10,0,10,高橋-內壢,2024-03-05,5323
3710,連展投控,10,0,10,高橋-內壢,2024-03-05,5323
5347,世界,10,0,10,高橋-內壢,2024-03-05,5323
8213,志超,10,0,10,高橋-內壢,2024-03-05,5323
6109,亞元,9,0,9,高橋-內壢,2024-03-05,5323
1303,南亞,9,0,9,高橋-內壢,2024-03-05,5323
00885,富邦越南,8,0,8,高橋-內壢,2024-03-05,5323
3541,西柏,8,0,8,高橋-內壢,2024-03-05,5323
1307,三芳,7,0,7,高橋-內壢,2024-03-05,5323
1101,台泥,7,0,7,高橋-內壢,2024-03-05,5323
00882,中信中國高股息,9,2,7,高橋-內壢,2024-03-05,5323
00918,大華優利高填息30,122,9,113,高橋-內壢,2024-03-06,5323
1314,中石化,110,0,110,高橋-內壢,2024-03-06,5323
00919,群益台灣精選高息,81,5,76,高橋-內壢,2024-03-06,5323
3481,群創,61,1,60,高橋-內壢,2024-03-06,5323
2897,王道銀行,40,0,40,高橋-內壢,2024-03-06,5323
1312,國喬,40,2,38,高橋-內壢,2024-03-06,5323
2329,華泰,41,6,35,高橋-內壢,2024-03-06,5323
8110,華東,36,5,31,高橋-內壢,2024-03-06,5323
3231,緯創,32,6,26,高橋-內壢,2024-03-06,5323
4543,萬在,27,5,22,高橋-內壢,2024-03-06,5323
2313,華通,38,17,21,高橋-內壢,2024-03-06,5323
2845,遠東銀,33,13,20,高橋-內壢,2024-03-06,5323
00687B,國泰20年美債,23,5,18,高橋-內壢,2024-03-06,5323
2027,大成鋼,17,0,17,高橋-內壢,2024-03-06,5323
2324,仁寶,22,6,16,高橋-內壢,2024-03-06,5323
6770,力積電,16,0,16,高橋-內壢,2024-03-06,5323
4160,訊聯基因,15,0,15,高橋-內壢,2024-03-06,5323
2002,中鋼,15,1,14,高橋-內壢,2024-03-06,5323
2408,南亞科,14,0,14,高橋-內壢,2024-03-06,5323
00712,復華富時不動產,13,0,13,高橋-內壢,2024-03-06,5323
6163,華電網,18,5,13,高橋-內壢,2024-03-06,5323
2337,旺宏,12,0,12,高橋-內壢,2024-03-06,5323
1609,大亞,35,24,11,高橋-內壢,2024-03-06,5323
2352,佳世達,11,0,11,高橋-內壢,2024-03-06,5323
2618,長榮航,40,29,11,高橋-內壢,2024-03-06,5323
00922,國泰台灣領袖50,10,0,10,高橋-內壢,2024-03-06,5323
00632R,元大台灣50反1,10,0,10,高橋-內壢,2024-03-06,5323
2104,國際中橡,10,0,10,高橋-內壢,2024-03-06,5323
2641,正德,10,0,10,高橋-內壢,2024-03-06,5323
4561,健椿,10,0,10,高橋-內壢,2024-03-06,5323
4956,光鋐,10,0,10,高橋-內壢,2024-03-06,5323
5608,四維航,10,0,10,高橋-內壢,2024-03-06,5323
6235,華孚,11,1,10,高橋-內壢,2024-03-06,5323
8054,安國,12,2,10,高橋-內壢,2024-03-06,5323
8096,擎亞,9,0,9,高橋-內壢,2024-03-06,5323
4533,協易機,15,6,9,高橋-內壢,2024-03-06,5323
2353,宏��,14,5,9,高橋-內壢,2024-03-06,5323
2891,中信金,10,2,8,高橋-內壢,2024-03-06,5323
00937B,群益ESG投等債20,14,6,8,高橋-內壢,2024-03-06,5323
1409,新纖,8,0,8,高橋-內壢,2024-03-06,5323
4967,十銓,8,0,8,高橋-內壢,2024-03-06,5323
2344,華邦電,11,4,7,高橋-內壢,2024-03-06,5323
4977,眾達-KY,7,0,7,高橋-內壢,2024-03-06,5323
5521,工信,7,0,7,高橋-內壢,2024-03-06,5323
1708,東鹼,6,0,6,高橋-內壢,2024-03-06,5323
2312,金寶,6,0,6,高橋-內壢,2024-03-06,5323
2605,新興,6,0,6,高橋-內壢,2024-03-06,5323
6168,宏齊,6,0,6,高橋-內壢,2024-03-06,5323
6194,育富,6,0,6,高橋-內壢,2024-03-06,5323
6274,台燿,6,1,5,高橋-內壢,2024-03-06,5323
1605,華新,52,0,52,高橋-內壢,2024-03-07,5323
2313,華通,81,30,51,高橋-內壢,2024-03-07,5323
2855,統一證,38,2,36,高橋-內壢,2024-03-07,5323
00688L,國泰20年美債正2,30,0,30,高橋-內壢,2024-03-07,5323
2301,光寶科,27,0,27,高橋-內壢,2024-03-07,5323
8028,昇陽半導體,26,0,26,高橋-內壢,2024-03-07,5323
1522,堤維西,24,0,24,高橋-內壢,2024-03-07,5323
00933B,國泰10Y+金融債,25,1,24,高橋-內壢,2024-03-07,5323
1316,上曜,26,2,24,高橋-內壢,2024-03-07,5323
00712,復華富時不動產,51,29,22,高橋-內壢,2024-03-07,5323
00632R,元大台灣50反1,22,0,22,高橋-內壢,2024-03-07,5323
2888,新光金,22,0,22,高橋-內壢,2024-03-07,5323
6275,元山,32,10,22,高橋-內壢,2024-03-07,5323
00929,復華台灣科技優息,57,36,21,高橋-內壢,2024-03-07,5323
00687B,國泰20年美債,18,0,18,高橋-內壢,2024-03-07,5323
2312,金寶,18,0,18,高橋-內壢,2024-03-07,5323
3231,緯創,24,7,17,高橋-內壢,2024-03-07,5323
6770,力積電,19,2,17,高橋-內壢,2024-03-07,5323
3325,旭品,22,7,15,高橋-內壢,2024-03-07,5323
1513,中興電,16,1,15,高橋-內壢,2024-03-07,5323
1618,合機,16,1,15,高橋-內壢,2024-03-07,5323
2368,金像電,17,3,14,高橋-內壢,2024-03-07,5323
3481,群創,21,7,14,高橋-內壢,2024-03-07,5323
1301,台塑,14,0,14,高橋-內壢,2024-03-07,5323
1471,首利,13,0,13,高橋-內壢,2024-03-07,5323
2457,飛宏,13,0,13,高橋-內壢,2024-03-07,5323
2486,一詮,26,14,12,高橋-內壢,2024-03-07,5323
00904,新光臺灣半導體30,11,0,11,高橋-內壢,2024-03-07,5323
00753L,中信中國50正2,59,48,11,高橋-內壢,2024-03-07,5323
1609,大亞,11,0,11,高橋-內壢,2024-03-07,5323
2515,中工,11,0,11,高橋-內壢,2024-03-07,5323
6593,台灣銘板,12,1,11,高橋-內壢,2024-03-07,5323
1319,東陽,10,0,10,高橋-內壢,2024-03-07,5323
1444,力麗,10,0,10,高橋-內壢,2024-03-07,5323
2331,精英,12,2,10,高橋-內壢,2024-03-07,5323
2369,菱生,11,1,10,高橋-內壢,2024-03-07,5323
2880,華南金,10,0,10,高橋-內壢,2024-03-07,5323
3294,英濟,11,2,9,高橋-內壢,2024-03-07,5323
00919,群益台灣精選高息,73,64,9,高橋-內壢,2024-03-07,5323
2516,新建,10,1,9,高橋-內壢,2024-03-07,5323
3346,麗清,9,0,9,高橋-內壢,2024-03-07,5323
5452,佶優,10,1,9,高橋-內壢,2024-03-07,5323
6125,廣運,24,15,9,高橋-內壢,2024-03-07,5323
00662,富邦NASDAQ,8,0,8,高橋-內壢,2024-03-07,5323
6443,元晶,7,0,7,高橋-內壢,2024-03-07,5323
2421,建準,28,21,7,高橋-內壢,2024-03-07,5323
2605,新興,7,0,7,高橋-內壢,2024-03-07,5323
3541,西柏,7,0,7,高橋-內壢,2024-03-07,5323
6449,鈺邦,7,0,7,高橋-內壢,2024-03-07,5323
8936,國統,7,0,7,高橋-內壢,2024-03-07,5323
6244,茂迪,206,0,206,高橋-內壢,2024-03-08,5323
00919,群益台灣精選高息,168,47,121,高橋-內壢,2024-03-08,5323
00915,凱基優選高股息30,119,5,114,高橋-內壢,2024-03-08,5323
00929,復華台灣科技優息,121,32,89,高橋-內壢,2024-03-08,5323
3357,臺慶科,60,0,60,高橋-內壢,2024-03-08,5323
3390,旭軟,35,0,35,高橋-內壢,2024-03-08,5323
00885,富邦越南,30,0,30,高橋-內壢,2024-03-08,5323
6949,沛爾生醫-創,29,0,29,高橋-內壢,2024-03-08,5323
00720B,元大投資級公司債,28,0,28,高橋-內壢,2024-03-08,5323
2408,南亞科,28,0,28,高橋-內壢,2024-03-08,5323
1802,台玻,26,1,25,高橋-內壢,2024-03-08,5323
2363,矽統,25,0,25,高橋-內壢,2024-03-08,5323
3481,群創,36,12,24,高橋-內壢,2024-03-08,5323
00922,國泰台灣領袖50,26,2,24,高橋-內壢,2024-03-08,5323
5498,凱崴,27,4,23,高橋-內壢,2024-03-08,5323
1522,堤維西,22,0,22,高橋-內壢,2024-03-08,5323
6151,晉倫,22,0,22,高橋-內壢,2024-03-08,5323
3265,台星科,23,2,21,高橋-內壢,2024-03-08,5323
8936,國統,24,4,20,高橋-內壢,2024-03-08,5323
2888,新光金,32,15,17,高橋-內壢,2024-03-08,5323
1303,南亞,15,0,15,高橋-內壢,2024-03-08,5323
2109,華豐,16,3,13,高橋-內壢,2024-03-08,5323
2206,三陽工業,13,0,13,高橋-內壢,2024-03-08,5323
3038,全台,13,0,13,高橋-內壢,2024-03-08,5323
4532,瑞智,15,2,13,高橋-內壢,2024-03-08,5323
6147,頎邦,13,0,13,高橋-內壢,2024-03-08,5323
00882,中信中國高股息,32,20,12,高橋-內壢,2024-03-08,5323
2344,華邦電,12,0,12,高橋-內壢,2024-03-08,5323
3338,泰碩,13,1,12,高橋-內壢,2024-03-08,5323
00934,中信成長高股息,12,1,11,高橋-內壢,2024-03-08,5323
1227,佳格,11,0,11,高橋-內壢,2024-03-08,5323
9105,泰金寶-DR,11,0,11,高橋-內壢,2024-03-08,5323
1618,合機,10,0,10,高橋-內壢,2024-03-08,5323
00712,復華富時不動產,13,3,10,高橋-內壢,2024-03-08,5323
00904,新光臺灣半導體30,10,0,10,高橋-內壢,2024-03-08,5323
2313,華通,52,42,10,高橋-內壢,2024-03-08,5323
2489,瑞軒,10,0,10,高橋-內壢,2024-03-08,5323
3541,西柏,10,0,10,高橋-內壢,2024-03-08,5323
3710,連展投控,10,0,10,高橋-內壢,2024-03-08,5323
5469,瀚宇博,10,0,10,高橋-內壢,2024-03-08,5323
2388,威盛,9,0,9,高橋-內壢,2024-03-08,5323
00921,兆豐龍頭等權重,9,0,9,高橋-內壢,2024-03-08,5323
3374,精材,11,2,9,高橋-內壢,2024-03-08,5323
4743,合一,22,13,9,高橋-內壢,2024-03-08,5323
6125,廣運,30,21,9,高橋-內壢,2024-03-08,5323
3576,聯合再生,10,2,8,高橋-內壢,2024-03-08,5323
1301,台塑,10,2,8,高橋-內壢,2024-03-08,5323
2317,鴻海,13,5,8,高橋-內壢,2024-03-08,5323
1513,中興電,25,17,8,高橋-內壢,2024-03-08,5323
3711,日月光投控,8,0,8,高橋-內壢,2024-03-08,5323
00882,中信中國高股息,105,5,100,高橋-內壢,2024-03-11,5323
00918,大華優利高填息30,107,8,99,高橋-內壢,2024-03-11,5323
00919,群益台灣精選高息,137,62,75,高橋-內壢,2024-03-11,5323
2002,中鋼,63,5,58,高橋-內壢,2024-03-11,5323
3707,漢磊,46,2,44,高橋-內壢,2024-03-11,5323
00673R,期元大S＆P原油反1,51,8,43,高橋-內壢,2024-03-11,5323
2888,新光金,40,9,31,高橋-內壢,2024-03-11,5323
2883,凱基金,36,7,29,高橋-內壢,2024-03-11,5323
2367,燿華,40,13,27,高橋-內壢,2024-03-11,5323
00937B,群益ESG投等債20,31,7,24,高橋-內壢,2024-03-11,5323
6016,康和證,24,0,24,高橋-內壢,2024-03-11,5323
2441,超豐,20,0,20,高橋-內壢,2024-03-11,5323
2610,華航,21,2,19,高橋-內壢,2024-03-11,5323
2882,國泰金,26,7,19,高橋-內壢,2024-03-11,5323
00891,中信關鍵半導體,17,0,17,高橋-內壢,2024-03-11,5323
00751B,元大AAA至A公司債,15,0,15,高橋-內壢,2024-03-11,5323
00927,群益半導體收益,16,1,15,高橋-內壢,2024-03-11,5323
2890,永豐金,15,0,15,高橋-內壢,2024-03-11,5323
00929,復華台灣科技優息,39,25,14,高橋-內壢,2024-03-11,5323
6125,廣運,16,2,14,高橋-內壢,2024-03-11,5323
1101,台泥,13,0,13,高橋-內壢,2024-03-11,5323
6138,茂達,15,2,13,高橋-內壢,2024-03-11,5323
8093,保銳,12,0,12,高橋-內壢,2024-03-11,5323
2303,聯電,81,69,12,高橋-內壢,2024-03-11,5323
6182,合晶,14,3,11,高橋-內壢,2024-03-11,5323
5483,中美晶,22,12,10,高橋-內壢,2024-03-11,5323
00632R,元大台灣50反1,10,0,10,高橋-內壢,2024-03-11,5323
00904,新光臺灣半導體30,10,0,10,高橋-內壢,2024-03-11,5323
2358,廷鑫,14,4,10,高橋-內壢,2024-03-11,5323
2390,云辰,10,0,10,高橋-內壢,2024-03-11,5323
6126,信音,10,0,10,高橋-內壢,2024-03-11,5323
6257,矽格,11,1,10,高橋-內壢,2024-03-11,5323
2834,臺企銀,14,4,10,高橋-內壢,2024-03-11,5323
2353,宏��,9,0,9,高橋-內壢,2024-03-11,5323
6695,芯鼎,9,0,9,高橋-內壢,2024-03-11,5323
4743,合一,10,1,9,高橋-內壢,2024-03-11,5323
3372,典範,8,0,8,高橋-內壢,2024-03-11,5323
2337,旺宏,8,0,8,高橋-內壢,2024-03-11,5323
2884,玉山金,9,1,8,高橋-內壢,2024-03-11,5323
3005,神基,9,1,8,高橋-內壢,2024-03-11,5323
00915,凱基優選高股息30,17,10,7,高橋-內壢,2024-03-11,5323
3128,昇銳,10,3,7,高橋-內壢,2024-03-11,5323
3689,湧德,9,2,7,高橋-內壢,2024-03-11,5323
6462,神盾,8,1,7,高橋-內壢,2024-03-11,5323
2368,金像電,8,2,6,高橋-內壢,2024-03-11,5323
6143,振曜,6,0,6,高橋-內壢,2024-03-11,5323
6235,華孚,7,1,6,高橋-內壢,2024-03-11,5323
2330,台積電,12,6,6,高橋-內壢,2024-03-11,5323
1303,南亞,5,0,5,高橋-內壢,2024-03-11,5323
00706L,期元大S＆P日圓正2,10,5,5,高橋-內壢,2024-03-11,5323
00937B,群益ESG投等債20,133,1,132,高橋-內壢,2024-03-12,5323
2609,陽明,100,6,94,高橋-內壢,2024-03-12,5323
00687B,國泰20年美債,93,2,91,高橋-內壢,2024-03-12,5323
4714,永捷,60,0,60,高橋-內壢,2024-03-12,5323
6244,茂迪,54,0,54,高橋-內壢,2024-03-12,5323
1514,亞力,48,19,29,高橋-內壢,2024-03-12,5323
00929,復華台灣科技優息,25,2,23,高橋-內壢,2024-03-12,5323
00632R,元大台灣50反1,20,0,20,高橋-內壢,2024-03-12,5323
2887,台新金,20,0,20,高橋-內壢,2024-03-12,5323
4906,正文,20,0,20,高橋-內壢,2024-03-12,5323
2329,華泰,17,2,15,高橋-內壢,2024-03-12,5323
5439,高技,18,5,13,高橋-內壢,2024-03-12,5323
6770,力積電,14,1,13,高橋-內壢,2024-03-12,5323
2406,國碩,12,0,12,高橋-內壢,2024-03-12,5323
00795B,中信美國公債20年,11,0,11,高橋-內壢,2024-03-12,5323
3305,昇貿,11,0,11,高橋-內壢,2024-03-12,5323
00927,群益半導體收益,10,0,10,高橋-內壢,2024-03-12,5323
3576,聯合再生,10,0,10,高橋-內壢,2024-03-12,5323
6005,群益證,10,0,10,高橋-內壢,2024-03-12,5323
9105,泰金寶-DR,10,0,10,高橋-內壢,2024-03-12,5323
2368,金像電,11,2,9,高橋-內壢,2024-03-12,5323
3689,湧德,13,4,9,高橋-內壢,2024-03-12,5323
00673R,期元大S＆P原油反1,8,0,8,高橋-內壢,2024-03-12,5323
1718,中纖,10,2,8,高橋-內壢,2024-03-12,5323
3231,緯創,16,9,7,高橋-內壢,2024-03-12,5323
1815,富喬,7,0,7,高橋-內壢,2024-03-12,5323
2408,南亞科,7,0,7,高橋-內壢,2024-03-12,5323
00930,永豐ESG低碳高息,6,0,6,高橋-內壢,2024-03-12,5323
1342,八貫,6,0,6,高橋-內壢,2024-03-12,5323
2324,仁寶,8,2,6,高橋-內壢,2024-03-12,5323
2337,旺宏,9,3,6,高橋-內壢,2024-03-12,5323
3588,通嘉,8,2,6,高橋-內壢,2024-03-12,5323
3481,群創,12,6,6,高橋-內壢,2024-03-12,5323
2542,興富發,5,0,5,高橋-內壢,2024-03-12,5323
2383,台光電,7,2,5,高橋-內壢,2024-03-12,5323
2376,技嘉,10,5,5,高橋-內壢,2024-03-12,5323
2345,智邦,6,1,5,高橋-內壢,2024-03-12,5323
2359,所羅門,6,1,5,高橋-內壢,2024-03-12,5323
2468,華經,5,0,5,高橋-內壢,2024-03-12,5323
2882,國泰金,10,5,5,高橋-內壢,2024-03-12,5323
2884,玉山金,5,0,5,高橋-內壢,2024-03-12,5323
4167,松瑞藥,5,0,5,高橋-內壢,2024-03-12,5323
4967,十銓,5,0,5,高橋-內壢,2024-03-12,5323
8271,宇瞻,5,0,5,高橋-內壢,2024-03-12,5323
8996,高力,9,4,5,高橋-內壢,2024-03-12,5323
00931B,統一美債20年,4,0,4,高橋-內壢,2024-03-12,5323
00751B,元大AAA至A公司債,4,0,4,高橋-內壢,2024-03-12,5323
1316,上曜,4,0,4,高橋-內壢,2024-03-12,5323
2233,宇隆,4,0,4,高橋-內壢,2024-03-12,5323
2352,佳世達,4,0,4,高橋-內壢,2024-03-12,5323
00919,群益台灣精選高息,193,59,134,高橋-內壢,2024-03-13,5323
2834,臺企銀,109,8,101,高橋-內壢,2024-03-13,5323
6443,元晶,100,0,100,高橋-內壢,2024-03-13,5323
6558,興能高,100,0,100,高橋-內壢,2024-03-13,5323
3231,緯創,120,35,85,高橋-內壢,2024-03-13,5323
00687B,國泰20年美債,63,1,62,高橋-內壢,2024-03-13,5323
00918,大華優利高填息30,60,4,56,高橋-內壢,2024-03-13,5323
2323,中環,50,0,50,高橋-內壢,2024-03-13,5323
00712,復華富時不動產,37,0,37,高橋-內壢,2024-03-13,5323
00937B,群益ESG投等債20,35,5,30,高橋-內壢,2024-03-13,5323
4707,磐亞,30,2,28,高橋-內壢,2024-03-13,5323
2376,技嘉,29,6,23,高橋-內壢,2024-03-13,5323
1101,台泥,33,10,23,高橋-內壢,2024-03-13,5323
3374,精材,22,0,22,高橋-內壢,2024-03-13,5323
2812,台中銀,21,0,21,高橋-內壢,2024-03-13,5323
00915,凱基優選高股息30,23,3,20,高橋-內壢,2024-03-13,5323
1447,力鵬,20,0,20,高橋-內壢,2024-03-13,5323
2903,遠百,20,0,20,高橋-內壢,2024-03-13,5323
6016,康和證,19,0,19,高橋-內壢,2024-03-13,5323
1513,中興電,28,11,17,高橋-內壢,2024-03-13,5323
1314,中石化,16,0,16,高橋-內壢,2024-03-13,5323
3605,宏致,16,0,16,高橋-內壢,2024-03-13,5323
6139,亞翔,17,1,16,高橋-內壢,2024-03-13,5323
2383,台光電,15,0,15,高橋-內壢,2024-03-13,5323
5498,凱崴,15,0,15,高橋-內壢,2024-03-13,5323
00753L,中信中國50正2,16,2,14,高橋-內壢,2024-03-13,5323
3071,協禧,14,0,14,高橋-內壢,2024-03-13,5323
8040,九暘,22,8,14,高橋-內壢,2024-03-13,5323
1815,富喬,15,2,13,高橋-內壢,2024-03-13,5323
1514,亞力,54,41,13,高橋-內壢,2024-03-13,5323
00857B,永豐20年美公債,12,0,12,高橋-內壢,2024-03-13,5323
3013,晟銘電,12,0,12,高橋-內壢,2024-03-13,5323
6425,易發,12,0,12,高橋-內壢,2024-03-13,5323
8110,華東,12,0,12,高橋-內壢,2024-03-13,5323
1802,台玻,12,1,11,高橋-內壢,2024-03-13,5323
5347,世界,28,17,11,高橋-內壢,2024-03-13,5323
1301,台塑,13,3,10,高橋-內壢,2024-03-13,5323
2365,昆盈,11,1,10,高橋-內壢,2024-03-13,5323
0056,元大高股息,12,2,10,高橋-內壢,2024-03-13,5323
00632R,元大台灣50反1,10,0,10,高橋-內壢,2024-03-13,5323
00751B,元大AAA至A公司債,10,0,10,高橋-內壢,2024-03-13,5323
1708,東鹼,10,0,10,高橋-內壢,2024-03-13,5323
2014,中鴻,10,0,10,高橋-內壢,2024-03-13,5323
4167,松瑞藥,10,0,10,高橋-內壢,2024-03-13,5323
9105,泰金寶-DR,20,10,10,高橋-內壢,2024-03-13,5323
4588,玖鼎電力,10,0,10,高橋-內壢,2024-03-13,5323
3029,零壹,10,0,10,高橋-內壢,2024-03-13,5323
2371,大同,24,15,9,高橋-內壢,2024-03-13,5323
3038,全台,9,0,9,高橋-內壢,2024-03-13,5323
9103,美德醫療-DR,13,4,9,高橋-內壢,2024-03-13,5323
2618,長榮航,257,4,253,高橋-內壢,2024-03-14,5323
2834,臺企銀,218,46,172,高橋-內壢,2024-03-14,5323
00919,群益台灣精選高息,217,60,157,高橋-內壢,2024-03-14,5323
6016,康和證,140,0,140,高橋-內壢,2024-03-14,5323
00929,復華台灣科技優息,168,67,101,高橋-內壢,2024-03-14,5323
00680L,元大美債20正2,100,0,100,高橋-內壢,2024-03-14,5323
2883,凱基金,152,56,96,高橋-內壢,2024-03-14,5323
00918,大華優利高填息30,93,7,86,高橋-內壢,2024-03-14,5323
00632R,元大台灣50反1,44,0,44,高橋-內壢,2024-03-14,5323
3231,緯創,49,6,43,高橋-內壢,2024-03-14,5323
00915,凱基優選高股息30,44,3,41,高橋-內壢,2024-03-14,5323
00937B,群益ESG投等債20,36,5,31,高橋-內壢,2024-03-14,5323
1514,亞力,40,10,30,高橋-內壢,2024-03-14,5323
00934,中信成長高股息,30,3,27,高橋-內壢,2024-03-14,5323
2890,永豐金,25,0,25,高橋-內壢,2024-03-14,5323
6139,亞翔,25,1,24,高橋-內壢,2024-03-14,5323
5483,中美晶,33,11,22,高橋-內壢,2024-03-14,5323
00687B,國泰20年美債,21,0,21,高橋-內壢,2024-03-14,5323
2353,宏��,21,1,20,高橋-內壢,2024-03-14,5323
2363,矽統,19,0,19,高橋-內壢,2024-03-14,5323
1718,中纖,18,0,18,高橋-內壢,2024-03-14,5323
8105,凌巨,20,2,18,高橋-內壢,2024-03-14,5323
2885,元大金,18,0,18,高橋-內壢,2024-03-14,5323
2329,華泰,21,6,15,高橋-內壢,2024-03-14,5323
1316,上曜,15,0,15,高橋-內壢,2024-03-14,5323
2888,新光金,13,1,12,高橋-內壢,2024-03-14,5323
2356,英業達,22,11,11,高橋-內壢,2024-03-14,5323
00932,兆豐永續高息等權,10,0,10,高橋-內壢,2024-03-14,5323
2025,千興,10,0,10,高橋-內壢,2024-03-14,5323
2337,旺宏,10,0,10,高橋-內壢,2024-03-14,5323
2607,榮運,10,0,10,高橋-內壢,2024-03-14,5323
2354,鴻準,18,9,9,高橋-內壢,2024-03-14,5323
2515,中工,10,1,9,高橋-內壢,2024-03-14,5323
6217,中探針,13,4,9,高橋-內壢,2024-03-14,5323
2303,聯電,15,7,8,高橋-內壢,2024-03-14,5323
00878,國泰永續高股息,16,8,8,高橋-內壢,2024-03-14,5323
2108,南帝,8,0,8,高橋-內壢,2024-03-14,5323
3706,神達,10,2,8,高橋-內壢,2024-03-14,5323
6015,宏遠證,8,0,8,高橋-內壢,2024-03-14,5323
6127,九豪,8,0,8,高橋-內壢,2024-03-14,5323
2884,玉山金,8,0,8,高橋-內壢,2024-03-14,5323
6143,振曜,7,0,7,高橋-內壢,2024-03-14,5323
2603,長榮,29,22,7,高橋-內壢,2024-03-14,5323
1513,中興電,16,10,6,高橋-內壢,2024-03-14,5323
0056,元大高股息,8,2,6,高橋-內壢,2024-03-14,5323
1905,華紙,6,0,6,高橋-內壢,2024-03-14,5323
6695,芯鼎,6,0,6,高橋-內壢,2024-03-14,5323
2376,技嘉,7,1,6,高橋-內壢,2024-03-14,5323
5871,中租-KY,5,0,5,高橋-內壢,2024-03-14,5323
00795B,中信美國公債20年,5,0,5,高橋-內壢,2024-03-14,5323
00919,群益台灣精選高息,233,17,216,高橋-內壢,2024-03-15,5323
00632R,元大台灣50反1,160,0,160,高橋-內壢,2024-03-15,5323
00941,中信上游半導體,122,0,122,高橋-內壢,2024-03-15,5323
2834,臺企銀,90,3,87,高橋-內壢,2024-03-15,5323
00918,大華優利高填息30,74,1,73,高橋-內壢,2024-03-15,5323
2618,長榮航,60,3,57,高橋-內壢,2024-03-15,5323
6016,康和證,40,0,40,高橋-內壢,2024-03-15,5323
2002,中鋼,39,0,39,高橋-內壢,2024-03-15,5323
8064,東捷,37,0,37,高橋-內壢,2024-03-15,5323
00687B,國泰20年美債,24,0,24,高橋-內壢,2024-03-15,5323
00712,復華富時不動產,23,0,23,高橋-內壢,2024-03-15,5323
2108,南帝,23,0,23,高橋-內壢,2024-03-15,5323
00688L,國泰20年美債正2,22,0,22,高橋-內壢,2024-03-15,5323
4967,十銓,21,0,21,高橋-內壢,2024-03-15,5323
2367,燿華,22,2,20,高橋-內壢,2024-03-15,5323
2887,台新金,20,0,20,高橋-內壢,2024-03-15,5323
6190,萬泰科,21,2,19,高橋-內壢,2024-03-15,5323
2888,新光金,15,0,15,高橋-內壢,2024-03-15,5323
4714,永捷,39,24,15,高橋-內壢,2024-03-15,5323
6770,力積電,14,1,13,高橋-內壢,2024-03-15,5323
00931B,統一美債20年,12,0,12,高橋-內壢,2024-03-15,5323
00753L,中信中國50正2,12,0,12,高橋-內壢,2024-03-15,5323
2885,元大金,12,0,12,高橋-內壢,2024-03-15,5323
6284,佳邦,12,0,12,高橋-內壢,2024-03-15,5323
2330,台積電,16,4,12,高橋-內壢,2024-03-15,5323
9950,萬國通,11,0,11,高橋-內壢,2024-03-15,5323
00893,國泰智能電動車,10,0,10,高橋-內壢,2024-03-15,5323
00830,國泰費城半導體,10,0,10,高橋-內壢,2024-03-15,5323
2025,千興,10,0,10,高橋-內壢,2024-03-15,5323
2609,陽明,11,1,10,高橋-內壢,2024-03-15,5323
4906,正文,10,0,10,高橋-內壢,2024-03-15,5323
6198,瑞築,10,0,10,高橋-內壢,2024-03-15,5323
1210,大成,9,0,9,高橋-內壢,2024-03-15,5323
00650L,復華香港正2,9,0,9,高橋-內壢,2024-03-15,5323
2313,華通,11,2,9,高橋-內壢,2024-03-15,5323
3413,京鼎,10,1,9,高橋-內壢,2024-03-15,5323
00922,國泰台灣領袖50,8,0,8,高橋-內壢,2024-03-15,5323
5531,鄉林,8,0,8,高橋-內壢,2024-03-15,5323
1303,南亞,7,0,7,高橋-內壢,2024-03-15,5323
2356,英業達,17,10,7,高橋-內壢,2024-03-15,5323
00937B,群益ESG投等債20,32,25,7,高橋-內壢,2024-03-15,5323
1513,中興電,25,18,7,高橋-內壢,2024-03-15,5323
1718,中纖,7,0,7,高橋-內壢,2024-03-15,5323
4743,合一,7,0,7,高橋-內壢,2024-03-15,5323
6462,神盾,10,3,7,高橋-內壢,2024-03-15,5323
3005,神基,8,1,7,高橋-內壢,2024-03-15,5323
00637L,元大滬深300正2,6,0,6,高橋-內壢,2024-03-15,5323
2369,菱生,7,1,6,高橋-內壢,2024-03-15,5323
6217,中探針,6,0,6,高橋-內壢,2024-03-15,5323
6449,鈺邦,6,0,6,高橋-內壢,2024-03-15,5323
00919,群益台灣精選高息,158,10,148,高橋-內壢,2024-03-18,5323
00937B,群益ESG投等債20,121,12,109,高橋-內壢,2024-03-18,5323
00918,大華優利高填息30,93,15,78,高橋-內壢,2024-03-18,5323
00751B,元大AAA至A公司債,51,0,51,高橋-內壢,2024-03-18,5323
2014,中鴻,50,0,50,高橋-內壢,2024-03-18,5323
00941,中信上游半導體,42,3,39,高橋-內壢,2024-03-18,5323
00720B,元大投資級公司債,38,0,38,高橋-內壢,2024-03-18,5323
9105,泰金寶-DR,33,0,33,高橋-內壢,2024-03-18,5323
2353,宏��,25,0,25,高橋-內壢,2024-03-18,5323
2352,佳世達,23,0,23,高橋-內壢,2024-03-18,5323
5608,四維航,20,0,20,高橋-內壢,2024-03-18,5323
2206,三陽工業,20,1,19,高橋-內壢,2024-03-18,5323
2486,一詮,27,8,19,高橋-內壢,2024-03-18,5323
2834,臺企銀,24,5,19,高橋-內壢,2024-03-18,5323
6128,上福,20,2,18,高橋-內壢,2024-03-18,5323
2303,聯電,17,0,17,高橋-內壢,2024-03-18,5323
00933B,國泰10Y+金融債,17,1,16,高橋-內壢,2024-03-18,5323
00857B,永豐20年美公債,15,0,15,高橋-內壢,2024-03-18,5323
2313,華通,21,6,15,高橋-內壢,2024-03-18,5323
2002,中鋼,14,0,14,高橋-內壢,2024-03-18,5323
0056,元大高股息,16,3,13,高橋-內壢,2024-03-18,5323
4967,十銓,12,0,12,高橋-內壢,2024-03-18,5323
00665L,富邦�琤肭磪囓�2,11,0,11,高橋-內壢,2024-03-18,5323
1603,華電,11,0,11,高橋-內壢,2024-03-18,5323
6179,亞通,11,0,11,高橋-內壢,2024-03-18,5323
00895,富邦未來車,10,0,10,高橋-內壢,2024-03-18,5323
00893,國泰智能電動車,10,0,10,高橋-內壢,2024-03-18,5323
00830,國泰費城半導體,10,0,10,高橋-內壢,2024-03-18,5323
6201,亞弘電,10,0,10,高橋-內壢,2024-03-18,5323
00712,復華富時不動產,20,11,9,高橋-內壢,2024-03-18,5323
2609,陽明,10,2,8,高橋-內壢,2024-03-18,5323
00795B,中信美國公債20年,7,0,7,高橋-內壢,2024-03-18,5323
00915,凱基優選高股息30,13,6,7,高橋-內壢,2024-03-18,5323
00687B,國泰20年美債,10,3,7,高橋-內壢,2024-03-18,5323
2618,長榮航,7,0,7,高橋-內壢,2024-03-18,5323
2889,國票金,7,0,7,高橋-內壢,2024-03-18,5323
9945,潤泰新,7,0,7,高橋-內壢,2024-03-18,5323
1616,億泰,6,0,6,高橋-內壢,2024-03-18,5323
2637,慧洋-KY,6,0,6,高橋-內壢,2024-03-18,5323
8261,富鼎,6,0,6,高橋-內壢,2024-03-18,5323
2449,京元電子,11,6,5,高橋-內壢,2024-03-18,5323
6547,高端疫苗,5,0,5,高橋-內壢,2024-03-18,5323
00632R,元大台灣50反1,5,0,5,高橋-內壢,2024-03-18,5323
00680L,元大美債20正2,5,0,5,高橋-內壢,2024-03-18,5323
1569,濱川,5,0,5,高橋-內壢,2024-03-18,5323
1727,中華化,5,0,5,高橋-內壢,2024-03-18,5323
2537,聯上發,5,0,5,高橋-內壢,2024-03-18,5323
2801,彰銀,5,0,5,高橋-內壢,2024-03-18,5323
3169,亞信,5,0,5,高橋-內壢,2024-03-18,5323
3294,英濟,10,5,5,高橋-內壢,2024-03-18,5323
00907,永豐優息存股,100,0,100,高橋-內壢,2024-03-19,5323
00687B,國泰20年美債,103,4,99,高橋-內壢,2024-03-19,5323
00937B,群益ESG投等債20,75,0,75,高橋-內壢,2024-03-19,5323
00941,中信上游半導體,33,1,32,高橋-內壢,2024-03-19,5323
2887,台新金,21,0,21,高橋-內壢,2024-03-19,5323
1402,遠東新,19,0,19,高橋-內壢,2024-03-19,5323
00857B,永豐20年美公債,19,0,19,高橋-內壢,2024-03-19,5323
00712,復華富時不動產,27,11,16,高橋-內壢,2024-03-19,5323
4938,和碩,33,17,16,高橋-內壢,2024-03-19,5323
2002,中鋼,19,5,14,高橋-內壢,2024-03-19,5323
2353,宏��,22,8,14,高橋-內壢,2024-03-19,5323
2834,臺企銀,16,2,14,高橋-內壢,2024-03-19,5323
1101,台泥,13,0,13,高橋-內壢,2024-03-19,5323
00930,永豐ESG低碳高息,13,0,13,高橋-內壢,2024-03-19,5323
1524,耿鼎,18,5,13,高橋-內壢,2024-03-19,5323
00753L,中信中國50正2,18,6,12,高橋-內壢,2024-03-19,5323
9105,泰金寶-DR,26,14,12,高橋-內壢,2024-03-19,5323
2812,台中銀,12,1,11,高橋-內壢,2024-03-19,5323
3481,群創,15,5,10,高橋-內壢,2024-03-19,5323
1301,台塑,10,0,10,高橋-內壢,2024-03-19,5323
1503,士電,16,6,10,高橋-內壢,2024-03-19,5323
1314,中石化,10,0,10,高橋-內壢,2024-03-19,5323
00637L,元大滬深300正2,10,0,10,高橋-內壢,2024-03-19,5323
00680L,元大美債20正2,10,0,10,高橋-內壢,2024-03-19,5323
1447,力鵬,10,0,10,高橋-內壢,2024-03-19,5323
1457,宜進,10,0,10,高橋-內壢,2024-03-19,5323
1734,杏輝,10,0,10,高橋-內壢,2024-03-19,5323
2401,凌陽,10,0,10,高橋-內壢,2024-03-19,5323
6128,上福,10,0,10,高橋-內壢,2024-03-19,5323
2611,志信,10,1,9,高橋-內壢,2024-03-19,5323
2211,長榮鋼,9,0,9,高橋-內壢,2024-03-19,5323
2363,矽統,9,0,9,高橋-內壢,2024-03-19,5323
00830,國泰費城半導體,8,0,8,高橋-內壢,2024-03-19,5323
2382,廣達,20,13,7,高橋-內壢,2024-03-19,5323
3450,聯鈞,7,0,7,高橋-內壢,2024-03-19,5323
9945,潤泰新,6,0,6,高橋-內壢,2024-03-19,5323
00923,群益台ESG低碳50,6,0,6,高橋-內壢,2024-03-19,5323
1605,華新,6,0,6,高橋-內壢,2024-03-19,5323
2009,第一銅,6,0,6,高橋-內壢,2024-03-19,5323
2316,楠梓電,6,0,6,高橋-內壢,2024-03-19,5323
2348,海悅,6,0,6,高橋-內壢,2024-03-19,5323
9103,美德醫療-DR,8,2,6,高橋-內壢,2024-03-19,5323
2603,長榮,13,8,5,高橋-內壢,2024-03-19,5323
00673R,期元大S＆P原油反1,5,0,5,高橋-內壢,2024-03-19,5323
1609,大亞,7,2,5,高橋-內壢,2024-03-19,5323
2377,微星,6,1,5,高橋-內壢,2024-03-19,5323
2402,毅嘉,5,0,5,高橋-內壢,2024-03-19,5323
2801,彰銀,5,0,5,高橋-內壢,2024-03-19,5323
2883,凱基金,10,5,5,高橋-內壢,2024-03-19,5323
3035,智原,6,1,5,高橋-內壢,2024-03-19,5323
00939,統一台灣高息動能,844,1,843,高橋-內壢,2024-03-20,5323
00919,群益台灣精選高息,189,100,89,高橋-內壢,2024-03-20,5323
00680L,元大美債20正2,49,0,49,高橋-內壢,2024-03-20,5323
2618,長榮航,37,0,37,高橋-內壢,2024-03-20,5323
4938,和碩,62,30,32,高橋-內壢,2024-03-20,5323
00918,大華優利高填息30,85,54,31,高橋-內壢,2024-03-20,5323
2356,英業達,35,4,31,高橋-內壢,2024-03-20,5323
00632R,元大台灣50反1,35,5,30,高橋-內壢,2024-03-20,5323
2313,華通,36,8,28,高橋-內壢,2024-03-20,5323
2382,廣達,29,3,26,高橋-內壢,2024-03-20,5323
00929,復華台灣科技優息,37,12,25,高橋-內壢,2024-03-20,5323
00830,國泰費城半導體,24,0,24,高橋-內壢,2024-03-20,5323
00937B,群益ESG投等債20,23,0,23,高橋-內壢,2024-03-20,5323
2903,遠百,23,0,23,高橋-內壢,2024-03-20,5323
2611,志信,30,10,20,高橋-內壢,2024-03-20,5323
00931B,統一美債20年,20,1,19,高橋-內壢,2024-03-20,5323
3481,群創,22,5,17,高橋-內壢,2024-03-20,5323
2344,華邦電,16,0,16,高橋-內壢,2024-03-20,5323
2376,技嘉,17,2,15,高橋-內壢,2024-03-20,5323
2323,中環,16,1,15,高橋-內壢,2024-03-20,5323
2337,旺宏,15,0,15,高橋-內壢,2024-03-20,5323
8234,新漢,14,0,14,高橋-內壢,2024-03-20,5323
00930,永豐ESG低碳高息,13,0,13,高橋-內壢,2024-03-20,5323
00941,中信上游半導體,16,3,13,高橋-內壢,2024-03-20,5323
1227,佳格,12,0,12,高橋-內壢,2024-03-20,5323
00857B,永豐20年美公債,12,0,12,高橋-內壢,2024-03-20,5323
2104,國際中橡,12,0,12,高橋-內壢,2024-03-20,5323
2371,大同,13,1,12,高橋-內壢,2024-03-20,5323
2834,臺企銀,13,1,12,高橋-內壢,2024-03-20,5323
3264,欣銓,13,1,12,高橋-內壢,2024-03-20,5323
1447,力鵬,12,2,10,高橋-內壢,2024-03-20,5323
1618,合機,11,1,10,高橋-內壢,2024-03-20,5323
00687B,國泰20年美債,10,1,9,高橋-內壢,2024-03-20,5323
2359,所羅門,10,1,9,高橋-內壢,2024-03-20,5323
2449,京元電子,19,10,9,高橋-內壢,2024-03-20,5323
6139,亞翔,12,3,9,高橋-內壢,2024-03-20,5323
1504,東元,20,12,8,高橋-內壢,2024-03-20,5323
2002,中鋼,13,5,8,高橋-內壢,2024-03-20,5323
4714,永捷,11,3,8,高橋-內壢,2024-03-20,5323
4961,天鈺,8,0,8,高橋-內壢,2024-03-20,5323
5347,世界,13,6,7,高橋-內壢,2024-03-20,5323
1815,富喬,9,2,7,高橋-內壢,2024-03-20,5323
00673R,期元大S＆P原油反1,6,0,6,高橋-內壢,2024-03-20,5323
1513,中興電,13,7,6,高橋-內壢,2024-03-20,5323
1727,中華化,6,0,6,高橋-內壢,2024-03-20,5323
2241,艾姆勒,6,0,6,高橋-內壢,2024-03-20,5323
2888,新光金,9,3,6,高橋-內壢,2024-03-20,5323
5371,中光電,6,0,6,高橋-內壢,2024-03-20,5323
6274,台燿,6,0,6,高橋-內壢,2024-03-20,5323
6462,神盾,7,1,6,高橋-內壢,2024-03-20,5323
00939,統一台灣高息動能,223,22,201,高橋-內壢,2024-03-21,5323
00632R,元大台灣50反1,133,0,133,高橋-內壢,2024-03-21,5323
00857B,永豐20年美公債,62,0,62,高橋-內壢,2024-03-21,5323
00931B,統一美債20年,61,0,61,高橋-內壢,2024-03-21,5323
2641,正德,50,10,40,高橋-內壢,2024-03-21,5323
00937B,群益ESG投等債20,40,6,34,高橋-內壢,2024-03-21,5323
2313,華通,43,12,31,高橋-內壢,2024-03-21,5323
3322,建舜電,31,4,27,高橋-內壢,2024-03-21,5323
00720B,元大投資級公司債,26,0,26,高橋-內壢,2024-03-21,5323
2405,輔信,34,9,25,高橋-內壢,2024-03-21,5323
2354,鴻準,29,7,22,高橋-內壢,2024-03-21,5323
2353,宏��,37,20,17,高橋-內壢,2024-03-21,5323
2618,長榮航,17,0,17,高橋-內壢,2024-03-21,5323
3019,亞光,16,0,16,高橋-內壢,2024-03-21,5323
00919,群益台灣精選高息,94,80,14,高橋-內壢,2024-03-21,5323
00915,凱基優選高股息30,18,6,12,高橋-內壢,2024-03-21,5323
00687B,國泰20年美債,12,0,12,高橋-內壢,2024-03-21,5323
2426,鼎元,10,0,10,高橋-內壢,2024-03-21,5323
3041,揚智,10,0,10,高橋-內壢,2024-03-21,5323
3702,大聯大,10,0,10,高橋-內壢,2024-03-21,5323
4420,光明,10,0,10,高橋-內壢,2024-03-21,5323
4958,臻鼎-KY,10,0,10,高橋-內壢,2024-03-21,5323
5291,邑昇,10,0,10,高橋-內壢,2024-03-21,5323
5607,遠雄港,10,0,10,高橋-內壢,2024-03-21,5323
6668,中揚光,11,1,10,高橋-內壢,2024-03-21,5323
8021,尖點,10,0,10,高橋-內壢,2024-03-21,5323
3645,達邁,9,0,9,高橋-內壢,2024-03-21,5323
4906,正文,9,0,9,高橋-內壢,2024-03-21,5323
3005,神基,24,16,8,高橋-內壢,2024-03-21,5323
2329,華泰,8,0,8,高橋-內壢,2024-03-21,5323
2851,中再保,8,0,8,高橋-內壢,2024-03-21,5323
4930,燦星網,8,0,8,高橋-內壢,2024-03-21,5323
2376,技嘉,8,1,7,高橋-內壢,2024-03-21,5323
1612,宏泰,7,0,7,高橋-內壢,2024-03-21,5323
4743,合一,6,0,6,高橋-內壢,2024-03-21,5323
4979,華星光,7,1,6,高橋-內壢,2024-03-21,5323
6223,旺矽,6,0,6,高橋-內壢,2024-03-21,5323
1504,東元,20,14,6,高橋-內壢,2024-03-21,5323
00795B,中信美國公債20年,5,0,5,高橋-內壢,2024-03-21,5323
00679B,元大美債20年,5,0,5,高橋-內壢,2024-03-21,5323
1582,信錦,5,0,5,高橋-內壢,2024-03-21,5323
3163,波若威,6,1,5,高橋-內壢,2024-03-21,5323
3202,樺晟,5,0,5,高橋-內壢,2024-03-21,5323
6285,啟��,5,0,5,高橋-內壢,2024-03-21,5323
6577,勁豐,6,1,5,高橋-內壢,2024-03-21,5323
9907,統一實,5,0,5,高橋-內壢,2024-03-21,5323
3105,穩懋,5,0,5,高橋-內壢,2024-03-21,5323
6188,廣明,24,19,5,高橋-內壢,2024-03-21,5323
8478,東哥遊艇,4,0,4,高橋-內壢,2024-03-21,5323
2603,長榮,5,1,4,高橋-內壢,2024-03-21,5323
00939,統一台灣高息動能,183,15,168,高橋-內壢,2024-03-22,5323
00937B,群益ESG投等債20,87,0,87,高橋-內壢,2024-03-22,5323
2832,台產,85,0,85,高橋-內壢,2024-03-22,5323
00919,群益台灣精選高息,145,74,71,高橋-內壢,2024-03-22,5323
2211,長榮鋼,65,0,65,高橋-內壢,2024-03-22,5323
00931B,統一美債20年,60,0,60,高橋-內壢,2024-03-22,5323
00687B,國泰20年美債,49,0,49,高橋-內壢,2024-03-22,5323
00941,中信上游半導體,39,2,37,高橋-內壢,2024-03-22,5323
1605,華新,39,4,35,高橋-內壢,2024-03-22,5323
2323,中環,33,2,31,高橋-內壢,2024-03-22,5323
3706,神達,42,18,24,高橋-內壢,2024-03-22,5323
00753L,中信中國50正2,22,0,22,高橋-內壢,2024-03-22,5323
00907,永豐優息存股,20,0,20,高橋-內壢,2024-03-22,5323
6257,矽格,20,0,20,高橋-內壢,2024-03-22,5323
2352,佳世達,19,5,14,高橋-內壢,2024-03-22,5323
1503,士電,16,3,13,高橋-內壢,2024-03-22,5323
4967,十銓,14,1,13,高橋-內壢,2024-03-22,5323
2887,台新金,12,0,12,高橋-內壢,2024-03-22,5323
00915,凱基優選高股息30,11,0,11,高橋-內壢,2024-03-22,5323
6753,龍德造船,16,5,11,高橋-內壢,2024-03-22,5323
1809,中釉,10,0,10,高橋-內壢,2024-03-22,5323
2331,精英,10,0,10,高橋-內壢,2024-03-22,5323
3231,緯創,32,22,10,高橋-內壢,2024-03-22,5323
4958,臻鼎-KY,10,0,10,高橋-內壢,2024-03-22,5323
5608,四維航,10,0,10,高橋-內壢,2024-03-22,5323
5864,致和證,10,0,10,高橋-內壢,2024-03-22,5323
2836,高雄銀,9,0,9,高橋-內壢,2024-03-22,5323
00878,國泰永續高股息,11,3,8,高橋-內壢,2024-03-22,5323
00857B,永豐20年美公債,8,0,8,高橋-內壢,2024-03-22,5323
00679B,元大美債20年,8,0,8,高橋-內壢,2024-03-22,5323
1589,永冠-KY,10,2,8,高橋-內壢,2024-03-22,5323
1608,華榮,10,2,8,高橋-內壢,2024-03-22,5323
6117,迎廣,11,3,8,高橋-內壢,2024-03-22,5323
3005,神基,12,4,8,高橋-內壢,2024-03-22,5323
2406,國碩,10,3,7,高橋-內壢,2024-03-22,5323
2486,一詮,14,7,7,高橋-內壢,2024-03-22,5323
2609,陽明,10,3,7,高橋-內壢,2024-03-22,5323
3264,欣銓,7,0,7,高橋-內壢,2024-03-22,5323
3548,兆利,9,2,7,高橋-內壢,2024-03-22,5323
4109,加捷生醫,7,0,7,高橋-內壢,2024-03-22,5323
4743,合一,8,1,7,高橋-內壢,2024-03-22,5323
5469,瀚宇博,27,20,7,高橋-內壢,2024-03-22,5323
6443,元晶,13,6,7,高橋-內壢,2024-03-22,5323
8011,台通,7,0,7,高橋-內壢,2024-03-22,5323
0056,元大高股息,9,3,6,高橋-內壢,2024-03-22,5323
2371,大同,8,2,6,高橋-內壢,2024-03-22,5323
2634,漢翔,6,0,6,高橋-內壢,2024-03-22,5323
2404,漢唐,5,0,5,高橋-內壢,2024-03-22,5323
00929,復華台灣科技優息,79,74,5,高橋-內壢,2024-03-22,5323
00927,群益半導體收益,5,0,5,高橋-內壢,2024-03-22,5323
00933B,國泰10Y+金融債,101,0,101,高橋-內壢,2024-03-25,5323
6244,茂迪,100,2,98,高橋-內壢,2024-03-25,5323
2356,英業達,66,10,56,高橋-內壢,2024-03-25,5323
00937B,群益ESG投等債20,96,43,53,高橋-內壢,2024-03-25,5323
00878,國泰永續高股息,64,12,52,高橋-內壢,2024-03-25,5323
00919,群益台灣精選高息,66,21,45,高橋-內壢,2024-03-25,5323
4533,協易機,43,0,43,高橋-內壢,2024-03-25,5323
00687B,國泰20年美債,48,14,34,高橋-內壢,2024-03-25,5323
3357,臺慶科,30,0,30,高橋-內壢,2024-03-25,5323
2009,第一銅,23,1,22,高橋-內壢,2024-03-25,5323
2382,廣達,23,1,22,高橋-內壢,2024-03-25,5323
3704,合勤控,22,0,22,高橋-內壢,2024-03-25,5323
1529,樂事綠能,20,0,20,高橋-內壢,2024-03-25,5323
3545,敦泰,20,0,20,高橋-內壢,2024-03-25,5323
6770,力積電,20,1,19,高橋-內壢,2024-03-25,5323
2449,京元電子,17,0,17,高橋-內壢,2024-03-25,5323
4714,永捷,22,7,15,高橋-內壢,2024-03-25,5323
00665L,富邦�琤肭磪囓�2,15,0,15,高橋-內壢,2024-03-25,5323
00941,中信上游半導體,31,16,15,高橋-內壢,2024-03-25,5323
2367,燿華,43,29,14,高橋-內壢,2024-03-25,5323
3483,力致,13,0,13,高橋-內壢,2024-03-25,5323
00931B,統一美債20年,13,0,13,高橋-內壢,2024-03-25,5323
2353,宏��,27,14,13,高橋-內壢,2024-03-25,5323
2836,高雄銀,12,0,12,高橋-內壢,2024-03-25,5323
3705,永信,12,0,12,高橋-內壢,2024-03-25,5323
3706,神達,24,12,12,高橋-內壢,2024-03-25,5323
5328,華容,11,0,11,高橋-內壢,2024-03-25,5323
1457,宜進,10,0,10,高橋-內壢,2024-03-25,5323
00939,統一台灣高息動能,74,64,10,高橋-內壢,2024-03-25,5323
2109,華豐,10,0,10,高橋-內壢,2024-03-25,5323
2324,仁寶,14,4,10,高橋-內壢,2024-03-25,5323
5608,四維航,10,0,10,高橋-內壢,2024-03-25,5323
3163,波若威,17,8,9,高橋-內壢,2024-03-25,5323
00929,復華台灣科技優息,63,55,8,高橋-內壢,2024-03-25,5323
5291,邑昇,8,0,8,高橋-內壢,2024-03-25,5323
6179,亞通,8,0,8,高橋-內壢,2024-03-25,5323
4908,前鼎,7,0,7,高橋-內壢,2024-03-25,5323
8046,南電,7,1,6,高橋-內壢,2024-03-25,5323
2383,台光電,6,0,6,高橋-內壢,2024-03-25,5323
2206,三陽工業,10,4,6,高橋-內壢,2024-03-25,5323
2337,旺宏,7,1,6,高橋-內壢,2024-03-25,5323
2357,華碩,6,0,6,高橋-內壢,2024-03-25,5323
3059,華晶科,14,8,6,高橋-內壢,2024-03-25,5323
3264,欣銓,6,0,6,高橋-內壢,2024-03-25,5323
4164,承業醫,6,0,6,高橋-內壢,2024-03-25,5323
5880,合庫金,6,0,6,高橋-內壢,2024-03-25,5323
6443,元晶,13,7,6,高橋-內壢,2024-03-25,5323
9927,泰銘,6,0,6,高橋-內壢,2024-03-25,5323
2884,玉山金,7,1,6,高橋-內壢,2024-03-25,5323
6806,森崴能源,5,0,5,高橋-內壢,2024-03-25,5323
00939,統一台灣高息動能,203,41,162,高橋-內壢,2024-03-26,5323
1101,台泥,73,4,69,高橋-內壢,2024-03-26,5323
00882,中信中國高股息,60,0,60,高橋-內壢,2024-03-26,5323
2337,旺宏,53,5,48,高橋-內壢,2024-03-26,5323
2356,英業達,73,28,45,高橋-內壢,2024-03-26,5323
1301,台塑,43,3,40,高橋-內壢,2024-03-26,5323
00919,群益台灣精選高息,78,38,40,高橋-內壢,2024-03-26,5323
3706,神達,51,12,39,高橋-內壢,2024-03-26,5323
3231,緯創,38,6,32,高橋-內壢,2024-03-26,5323
2303,聯電,31,1,30,高橋-內壢,2024-03-26,5323
2371,大同,51,25,26,高橋-內壢,2024-03-26,5323
6126,信音,22,0,22,高橋-內壢,2024-03-26,5323
2313,華通,27,6,21,高橋-內壢,2024-03-26,5323
2486,一詮,22,2,20,高橋-內壢,2024-03-26,5323
1718,中纖,20,0,20,高橋-內壢,2024-03-26,5323
2353,宏��,20,2,18,高橋-內壢,2024-03-26,5323
2369,菱生,20,2,18,高橋-內壢,2024-03-26,5323
3041,揚智,20,2,18,高橋-內壢,2024-03-26,5323
3481,群創,18,0,18,高橋-內壢,2024-03-26,5323
8011,台通,18,0,18,高橋-內壢,2024-03-26,5323
2618,長榮航,91,75,16,高橋-內壢,2024-03-26,5323
3390,旭軟,15,0,15,高橋-內壢,2024-03-26,5323
00929,復華台灣科技優息,69,55,14,高橋-內壢,2024-03-26,5323
00937B,群益ESG投等債20,40,27,13,高橋-內壢,2024-03-26,5323
2367,燿華,26,13,13,高橋-內壢,2024-03-26,5323
3163,波若威,14,1,13,高橋-內壢,2024-03-26,5323
1609,大亞,32,19,13,高橋-內壢,2024-03-26,5323
3042,晶技,12,0,12,高橋-內壢,2024-03-26,5323
00918,大華優利高填息30,16,5,11,高橋-內壢,2024-03-26,5323
2344,華邦電,13,2,11,高橋-內壢,2024-03-26,5323
4979,華星光,14,3,11,高橋-內壢,2024-03-26,5323
5498,凱崴,11,0,11,高橋-內壢,2024-03-26,5323
3006,晶豪科,10,0,10,高橋-內壢,2024-03-26,5323
2302,麗正,10,0,10,高橋-內壢,2024-03-26,5323
2354,鴻準,10,0,10,高橋-內壢,2024-03-26,5323
2609,陽明,11,1,10,高橋-內壢,2024-03-26,5323
2888,新光金,20,10,10,高橋-內壢,2024-03-26,5323
3325,旭品,10,0,10,高橋-內壢,2024-03-26,5323
5607,遠雄港,10,0,10,高橋-內壢,2024-03-26,5323
6015,宏遠證,10,0,10,高橋-內壢,2024-03-26,5323
00679B,元大美債20年,9,0,9,高橋-內壢,2024-03-26,5323
6026,福邦證,9,0,9,高橋-內壢,2024-03-26,5323
6125,廣運,10,1,9,高橋-內壢,2024-03-26,5323
1504,東元,24,16,8,高橋-內壢,2024-03-26,5323
2312,金寶,8,0,8,高橋-內壢,2024-03-26,5323
2402,毅嘉,7,0,7,高橋-內壢,2024-03-26,5323
3036,文曄,7,0,7,高橋-內壢,2024-03-26,5323
3645,達邁,7,0,7,高橋-內壢,2024-03-26,5323
8112,至上,7,0,7,高橋-內壢,2024-03-26,5323
1514,亞力,51,45,6,高橋-內壢,2024-03-26,5323
00929,復華台灣科技優息,69,13,56,高橋-內壢,2024-03-27,5323
00882,中信中國高股息,50,0,50,高橋-內壢,2024-03-27,5323
2371,大同,47,14,33,高橋-內壢,2024-03-27,5323
5515,建國,35,2,33,高橋-內壢,2024-03-27,5323
2331,精英,20,0,20,高橋-內壢,2024-03-27,5323
2301,光寶科,18,2,16,高橋-內壢,2024-03-27,5323
2486,一詮,28,13,15,高橋-內壢,2024-03-27,5323
2356,英業達,51,36,15,高橋-內壢,2024-03-27,5323
2367,燿華,17,2,15,高橋-內壢,2024-03-27,5323
00939,統一台灣高息動能,39,25,14,高橋-內壢,2024-03-27,5323
00937B,群益ESG投等債20,24,10,14,高橋-內壢,2024-03-27,5323
6770,力積電,15,1,14,高橋-內壢,2024-03-27,5323
2303,聯電,12,0,12,高橋-內壢,2024-03-27,5323
2884,玉山金,11,0,11,高橋-內壢,2024-03-27,5323
3228,金麗科,10,0,10,高橋-內壢,2024-03-27,5323
1471,首利,10,0,10,高橋-內壢,2024-03-27,5323
1589,永冠-KY,10,0,10,高橋-內壢,2024-03-27,5323
1720,生達,10,0,10,高橋-內壢,2024-03-27,5323
2606,裕民,10,0,10,高橋-內壢,2024-03-27,5323
5291,邑昇,10,0,10,高橋-內壢,2024-03-27,5323
5608,四維航,10,0,10,高橋-內壢,2024-03-27,5323
6120,達運,10,0,10,高橋-內壢,2024-03-27,5323
8050,廣積,11,1,10,高橋-內壢,2024-03-27,5323
2542,興富發,11,1,10,高橋-內壢,2024-03-27,5323
00941,中信上游半導體,9,0,9,高橋-內壢,2024-03-27,5323
3019,亞光,9,0,9,高橋-內壢,2024-03-27,5323
8105,凌巨,9,0,9,高橋-內壢,2024-03-27,5323
1611,中電,9,1,8,高橋-內壢,2024-03-27,5323
2353,宏��,9,1,8,高橋-內壢,2024-03-27,5323
4766,南寶,8,0,8,高橋-內壢,2024-03-27,5323
3231,緯創,11,4,7,高橋-內壢,2024-03-27,5323
1513,中興電,22,16,6,高橋-內壢,2024-03-27,5323
00753L,中信中國50正2,11,5,6,高橋-內壢,2024-03-27,5323
00712,復華富時不動產,6,0,6,高橋-內壢,2024-03-27,5323
1609,大亞,12,6,6,高橋-內壢,2024-03-27,5323
2354,鴻準,33,27,6,高橋-內壢,2024-03-27,5323
2369,菱生,8,2,6,高橋-內壢,2024-03-27,5323
6657,華安,6,0,6,高橋-內壢,2024-03-27,5323
1312,國喬,5,0,5,高橋-內壢,2024-03-27,5323
00680L,元大美債20正2,5,0,5,高橋-內壢,2024-03-27,5323
1521,大億,5,0,5,高橋-內壢,2024-03-27,5323
1605,華新,5,0,5,高橋-內壢,2024-03-27,5323
3169,亞信,5,0,5,高橋-內壢,2024-03-27,5323
3712,永崴投控,5,0,5,高橋-內壢,2024-03-27,5323
4908,前鼎,5,0,5,高橋-內壢,2024-03-27,5323
6443,元晶,7,2,5,高橋-內壢,2024-03-27,5323
8410,森田,5,0,5,高橋-內壢,2024-03-27,5323
2603,長榮,8,3,5,高橋-內壢,2024-03-27,5323
1608,華榮,7,3,4,高橋-內壢,2024-03-27,5323
1808,潤隆,4,0,4,高橋-內壢,2024-03-27,5323
00882,中信中國高股息,128,2,126,高橋-內壢,2024-03-28,5323
2888,新光金,66,0,66,高橋-內壢,2024-03-28,5323
3706,神達,62,2,60,高橋-內壢,2024-03-28,5323
2883,凱基金,61,10,51,高橋-內壢,2024-03-28,5323
00715L,期街口布蘭特正2,51,1,50,高橋-內壢,2024-03-28,5323
00939,統一台灣高息動能,67,18,49,高橋-內壢,2024-03-28,5323
2406,國碩,41,0,41,高橋-內壢,2024-03-28,5323
00919,群益台灣精選高息,71,39,32,高橋-內壢,2024-03-28,5323
5608,四維航,25,0,25,高橋-內壢,2024-03-28,5323
00687B,國泰20年美債,21,1,20,高橋-內壢,2024-03-28,5323
2208,台船,20,0,20,高橋-內壢,2024-03-28,5323
1316,上曜,16,0,16,高橋-內壢,2024-03-28,5323
1101,台泥,15,0,15,高橋-內壢,2024-03-28,5323
1603,華電,28,13,15,高橋-內壢,2024-03-28,5323
2801,彰銀,15,0,15,高橋-內壢,2024-03-28,5323
5291,邑昇,15,0,15,高橋-內壢,2024-03-28,5323
3005,神基,23,9,14,高橋-內壢,2024-03-28,5323
2329,華泰,15,1,14,高橋-內壢,2024-03-28,5323
2609,陽明,12,0,12,高橋-內壢,2024-03-28,5323
2301,光寶科,17,6,11,高橋-內壢,2024-03-28,5323
1605,華新,11,0,11,高橋-內壢,2024-03-28,5323
1609,大亞,15,4,11,高橋-內壢,2024-03-28,5323
3062,建漢,24,13,11,高橋-內壢,2024-03-28,5323
1416,廣豐,10,0,10,高橋-內壢,2024-03-28,5323
2332,友訊,10,0,10,高橋-內壢,2024-03-28,5323
8050,廣積,10,0,10,高橋-內壢,2024-03-28,5323
3017,奇鋐,11,2,9,高橋-內壢,2024-03-28,5323
1524,耿鼎,15,6,9,高橋-內壢,2024-03-28,5323
1584,精剛,9,0,9,高橋-內壢,2024-03-28,5323
3481,群創,16,7,9,高橋-內壢,2024-03-28,5323
8086,宏捷科,9,0,9,高橋-內壢,2024-03-28,5323
1616,億泰,9,1,8,高橋-內壢,2024-03-28,5323
3231,緯創,15,8,7,高橋-內壢,2024-03-28,5323
2353,宏��,11,4,7,高橋-內壢,2024-03-28,5323
4714,永捷,15,8,7,高橋-內壢,2024-03-28,5323
00927,群益半導體收益,6,0,6,高橋-內壢,2024-03-28,5323
00909,國泰數位支付服務,6,0,6,高橋-內壢,2024-03-28,5323
1618,合機,6,0,6,高橋-內壢,2024-03-28,5323
3689,湧德,6,0,6,高橋-內壢,2024-03-28,5323
00864B,中信美國公債0-1,5,0,5,高橋-內壢,2024-03-28,5323
00665L,富邦�琤肭磪囓�2,5,0,5,高橋-內壢,2024-03-28,5323
1612,宏泰,8,3,5,高橋-內壢,2024-03-28,5323
2464,盟立,6,1,5,高橋-內壢,2024-03-28,5323
2534,宏盛,5,0,5,高橋-內壢,2024-03-28,5323
2884,玉山金,5,0,5,高橋-內壢,2024-03-28,5323
6443,元晶,11,6,5,高橋-內壢,2024-03-28,5323
8064,東捷,5,0,5,高橋-內壢,2024-03-28,5323
2603,長榮,7,3,4,高橋-內壢,2024-03-28,5323
1539,巨庭,4,0,4,高橋-內壢,2024-03-28,5323
2002,中鋼,4,0,4,高橋-內壢,2024-03-28,5323
6244,茂迪,300,0,300,高橋-內壢,2024-03-29,5323
1513,中興電,201,6,195,高橋-內壢,2024-03-29,5323
5512,力麒,65,1,64,高橋-內壢,2024-03-29,5323
00929,復華台灣科技優息,63,2,61,高橋-內壢,2024-03-29,5323
00939,統一台灣高息動能,62,2,60,高橋-內壢,2024-03-29,5323
2303,聯電,56,17,39,高橋-內壢,2024-03-29,5323
00919,群益台灣精選高息,51,20,31,高橋-內壢,2024-03-29,5323
1609,大亞,32,4,28,高橋-內壢,2024-03-29,5323
00941,中信上游半導體,24,1,23,高橋-內壢,2024-03-29,5323
2324,仁寶,22,0,22,高橋-內壢,2024-03-29,5323
1101,台泥,20,1,19,高橋-內壢,2024-03-29,5323
2371,大同,18,2,16,高橋-內壢,2024-03-29,5323
2317,鴻海,36,21,15,高橋-內壢,2024-03-29,5323
5291,邑昇,15,0,15,高橋-內壢,2024-03-29,5323
2109,華豐,14,0,14,高橋-內壢,2024-03-29,5323
2353,宏��,25,12,13,高橋-內壢,2024-03-29,5323
6257,矽格,14,1,13,高橋-內壢,2024-03-29,5323
1301,台塑,11,0,11,高橋-內壢,2024-03-29,5323
1618,合機,13,2,11,高橋-內壢,2024-03-29,5323
1416,廣豐,10,0,10,高橋-內壢,2024-03-29,5323
00687B,國泰20年美債,10,0,10,高橋-內壢,2024-03-29,5323
00882,中信中國高股息,10,0,10,高橋-內壢,2024-03-29,5323
2204,中華,10,0,10,高橋-內壢,2024-03-29,5323
2344,華邦電,10,0,10,高橋-內壢,2024-03-29,5323
2358,廷鑫,10,0,10,高橋-內壢,2024-03-29,5323
4994,傳奇,10,0,10,高橋-內壢,2024-03-29,5323
6196,帆宣,11,1,10,高橋-內壢,2024-03-29,5323
8105,凌巨,10,0,10,高橋-內壢,2024-03-29,5323
2867,三商壽,8,0,8,高橋-內壢,2024-03-29,5323
3645,達邁,8,0,8,高橋-內壢,2024-03-29,5323
3705,永信,8,0,8,高橋-內壢,2024-03-29,5323
4532,瑞智,10,2,8,高橋-內壢,2024-03-29,5323
6770,力積電,7,0,7,高橋-內壢,2024-03-29,5323
00753L,中信中國50正2,6,0,6,高橋-內壢,2024-03-29,5323
00878,國泰永續高股息,6,0,6,高橋-內壢,2024-03-29,5323
2359,所羅門,6,0,6,高橋-內壢,2024-03-29,5323
2417,圓剛,7,1,6,高橋-內壢,2024-03-29,5323
3376,新日興,6,0,6,高橋-內壢,2024-03-29,5323
3706,神達,10,4,6,高橋-內壢,2024-03-29,5323
6207,雷科,6,0,6,高橋-內壢,2024-03-29,5323
6753,龍德造船,6,0,6,高橋-內壢,2024-03-29,5323
4967,十銓,5,0,5,高橋-內壢,2024-03-29,5323
2301,光寶科,21,16,5,高橋-內壢,2024-03-29,5323
00635U,期元大S＆P黃金,5,0,5,高橋-內壢,2024-03-29,5323
00632R,元大台灣50反1,5,0,5,高橋-內壢,2024-03-29,5323
1604,聲寶,5,0,5,高橋-內壢,2024-03-29,5323
2323,中環,5,0,5,高橋-內壢,2024-03-29,5323
2328,廣宇,6,1,5,高橋-內壢,2024-03-29,5323
2406,國碩,5,0,5,高橋-內壢,2024-03-29,5323
2465,麗臺,5,0,5,高橋-內壢,2024-03-29,5323
00940,元大台灣價值高息,670,26,644,高橋-內壢,2024-04-01,5323
2603,長榮,116,10,106,高橋-內壢,2024-04-01,5323
00939,統一台灣高息動能,87,5,82,高橋-內壢,2024-04-01,5323
00919,群益台灣精選高息,88,10,78,高橋-內壢,2024-04-01,5323
2356,英業達,51,5,46,高橋-內壢,2024-04-01,5323
2883,凱基金,30,0,30,高橋-內壢,2024-04-01,5323
8215,明基材,30,0,30,高橋-內壢,2024-04-01,5323
3231,緯創,29,0,29,高橋-內壢,2024-04-01,5323
5291,邑昇,24,0,24,高橋-內壢,2024-04-01,5323
2834,臺企銀,24,0,24,高橋-內壢,2024-04-01,5323
4938,和碩,22,0,22,高橋-內壢,2024-04-01,5323
2303,聯電,21,1,20,高橋-內壢,2024-04-01,5323
2891,中信金,20,0,20,高橋-內壢,2024-04-01,5323
3711,日月光投控,16,0,16,高橋-內壢,2024-04-01,5323
2313,華通,21,8,13,高橋-內壢,2024-04-01,5323
00915,凱基優選高股息30,12,0,12,高橋-內壢,2024-04-01,5323
1609,大亞,13,1,12,高橋-內壢,2024-04-01,5323
5469,瀚宇博,11,0,11,高橋-內壢,2024-04-01,5323
1909,榮成,10,0,10,高橋-內壢,2024-04-01,5323
2337,旺宏,11,1,10,高橋-內壢,2024-04-01,5323
8096,擎亞,10,0,10,高橋-內壢,2024-04-01,5323
1587,吉茂,13,4,9,高橋-內壢,2024-04-01,5323
3705,永信,8,0,8,高橋-內壢,2024-04-01,5323
8011,台通,9,1,8,高橋-內壢,2024-04-01,5323
00878,國泰永續高股息,27,20,7,高橋-內壢,2024-04-01,5323
3576,聯合再生,10,3,7,高橋-內壢,2024-04-01,5323
8086,宏捷科,7,1,6,高橋-內壢,2024-04-01,5323
2417,圓剛,8,2,6,高橋-內壢,2024-04-01,5323
5351,鈺創,17,11,6,高橋-內壢,2024-04-01,5323
3006,晶豪科,5,0,5,高橋-內壢,2024-04-01,5323
3044,健鼎,5,0,5,高橋-內壢,2024-04-01,5323
00941,中信上游半導體,6,1,5,高橋-內壢,2024-04-01,5323
1504,東元,14,9,5,高橋-內壢,2024-04-01,5323
00680L,元大美債20正2,5,0,5,高橋-內壢,2024-04-01,5323
00857B,永豐20年美公債,5,0,5,高橋-內壢,2024-04-01,5323
00937B,群益ESG投等債20,25,20,5,高橋-內壢,2024-04-01,5323
2365,昆盈,10,5,5,高橋-內壢,2024-04-01,5323
2492,華新科,9,4,5,高橋-內壢,2024-04-01,5323
2605,新興,5,0,5,高橋-內壢,2024-04-01,5323
2617,台航,5,0,5,高橋-內壢,2024-04-01,5323
3041,揚智,5,0,5,高橋-內壢,2024-04-01,5323
3376,新日興,8,3,5,高橋-內壢,2024-04-01,5323
4967,十銓,5,0,5,高橋-內壢,2024-04-01,5323
2328,廣宇,4,0,4,高橋-內壢,2024-04-01,5323
00927,群益半導體收益,4,0,4,高橋-內壢,2024-04-01,5323
00923,群益台ESG低碳50,4,0,4,高橋-內壢,2024-04-01,5323
00936,台新永續高息中小,4,0,4,高橋-內壢,2024-04-01,5323
1503,士電,4,0,4,高橋-內壢,2024-04-01,5323
2352,佳世達,4,0,4,高橋-內壢,2024-04-01,5323
3016,嘉晶,5,1,4,高橋-內壢,2024-04-01,5323
00940,元大台灣價值高息,345,77,268,高橋-內壢,2024-04-02,5323
2603,長榮,213,12,201,高橋-內壢,2024-04-02,5323
2618,長榮航,206,12,194,高橋-內壢,2024-04-02,5323
00929,復華台灣科技優息,182,20,162,高橋-內壢,2024-04-02,5323
00937B,群益ESG投等債20,130,2,128,高橋-內壢,2024-04-02,5323
2371,大同,77,10,67,高橋-內壢,2024-04-02,5323
5258,虹堡,47,1,46,高橋-內壢,2024-04-02,5323
00680L,元大美債20正2,39,0,39,高橋-內壢,2024-04-02,5323
00720B,元大投資級公司債,36,0,36,高橋-內壢,2024-04-02,5323
2801,彰銀,44,8,36,高橋-內壢,2024-04-02,5323
5291,邑昇,27,0,27,高橋-內壢,2024-04-02,5323
6770,力積電,22,0,22,高橋-內壢,2024-04-02,5323
6651,全宇昕,21,0,21,高橋-內壢,2024-04-02,5323
1305,華夏,20,0,20,高橋-內壢,2024-04-02,5323
2406,國碩,20,0,20,高橋-內壢,2024-04-02,5323
00687B,國泰20年美債,27,8,19,高橋-內壢,2024-04-02,5323
2609,陽明,20,2,18,高橋-內壢,2024-04-02,5323
2610,華航,17,0,17,高橋-內壢,2024-04-02,5323
00941,中信上游半導體,16,1,15,高橋-內壢,2024-04-02,5323
6143,振曜,15,0,15,高橋-內壢,2024-04-02,5323
00795B,中信美國公債20年,14,0,14,高橋-內壢,2024-04-02,5323
00733,富邦臺灣中小,14,0,14,高橋-內壢,2024-04-02,5323
00939,統一台灣高息動能,23,9,14,高橋-內壢,2024-04-02,5323
8046,南電,12,0,12,高橋-內壢,2024-04-02,5323
2367,燿華,12,1,11,高橋-內壢,2024-04-02,5323
3617,碩天,12,1,11,高橋-內壢,2024-04-02,5323
2368,金像電,14,4,10,高橋-內壢,2024-04-02,5323
1304,台聚,10,0,10,高橋-內壢,2024-04-02,5323
00637L,元大滬深300正2,10,0,10,高橋-內壢,2024-04-02,5323
2369,菱生,10,0,10,高橋-內壢,2024-04-02,5323
2465,麗臺,10,0,10,高橋-內壢,2024-04-02,5323
2889,國票金,10,0,10,高橋-內壢,2024-04-02,5323
3176,基亞,10,0,10,高橋-內壢,2024-04-02,5323
4956,光鋐,10,0,10,高橋-內壢,2024-04-02,5323
6120,達運,10,0,10,高橋-內壢,2024-04-02,5323
4938,和碩,13,3,10,高橋-內壢,2024-04-02,5323
2356,英業達,19,10,9,高橋-內壢,2024-04-02,5323
2303,聯電,11,2,9,高橋-內壢,2024-04-02,5323
1717,長興,25,17,8,高橋-內壢,2024-04-02,5323
1609,大亞,11,4,7,高橋-內壢,2024-04-02,5323
00679B,元大美債20年,7,0,7,高橋-內壢,2024-04-02,5323
3062,建漢,7,0,7,高橋-內壢,2024-04-02,5323
6505,台塑化,7,0,7,高橋-內壢,2024-04-02,5323
8358,金居,9,2,7,高橋-內壢,2024-04-02,5323
8215,明基材,6,0,6,高橋-內壢,2024-04-02,5323
00632R,元大台灣50反1,5,0,5,高橋-內壢,2024-04-02,5323
2301,光寶科,8,3,5,高橋-內壢,2024-04-02,5323
2312,金寶,5,0,5,高橋-內壢,2024-04-02,5323
3004,豐達科,7,2,5,高橋-內壢,2024-04-02,5323
3712,永崴投控,5,0,5,高橋-內壢,2024-04-02,5323
00940,元大台灣價值高息,309,0,309,高橋-內壢,2024-04-03,5323
00929,復華台灣科技優息,102,11,91,高橋-內壢,2024-04-03,5323
2515,中工,78,6,72,高橋-內壢,2024-04-03,5323
2337,旺宏,63,0,63,高橋-內壢,2024-04-03,5323
00941,中信上游半導體,51,1,50,高橋-內壢,2024-04-03,5323
3481,群創,54,10,44,高橋-內壢,2024-04-03,5323
2317,鴻海,46,13,33,高橋-內壢,2024-04-03,5323
2486,一詮,36,6,30,高橋-內壢,2024-04-03,5323
4526,東台,30,0,30,高橋-內壢,2024-04-03,5323
6651,全宇昕,29,0,29,高橋-內壢,2024-04-03,5323
00937B,群益ESG投等債20,26,0,26,高橋-內壢,2024-04-03,5323
2382,廣達,22,1,21,高橋-內壢,2024-04-03,5323
1229,聯華,20,0,20,高橋-內壢,2024-04-03,5323
2618,長榮航,21,1,20,高橋-內壢,2024-04-03,5323
00712,復華富時不動產,18,0,18,高橋-內壢,2024-04-03,5323
6695,芯鼎,25,8,17,高橋-內壢,2024-04-03,5323
00687B,國泰20年美債,15,0,15,高橋-內壢,2024-04-03,5323
4958,臻鼎-KY,15,0,15,高橋-內壢,2024-04-03,5323
6188,廣明,16,1,15,高橋-內壢,2024-04-03,5323
2409,友達,14,0,14,高橋-內壢,2024-04-03,5323
2609,陽明,13,0,13,高橋-內壢,2024-04-03,5323
1609,大亞,15,2,13,高橋-內壢,2024-04-03,5323
3004,豐達科,13,0,13,高橋-內壢,2024-04-03,5323
00680L,元大美債20正2,11,0,11,高橋-內壢,2024-04-03,5323
2303,聯電,13,2,11,高橋-內壢,2024-04-03,5323
2355,敬鵬,11,0,11,高橋-內壢,2024-04-03,5323
00650L,復華香港正2,10,0,10,高橋-內壢,2024-04-03,5323
00878,國泰永續高股息,10,0,10,高橋-內壢,2024-04-03,5323
2032,新鋼,10,0,10,高橋-內壢,2024-04-03,5323
2887,台新金,10,0,10,高橋-內壢,2024-04-03,5323
3128,昇銳,10,0,10,高橋-內壢,2024-04-03,5323
00927,群益半導體收益,8,0,8,高橋-內壢,2024-04-03,5323
00753L,中信中國50正2,9,1,8,高橋-內壢,2024-04-03,5323
2537,聯上發,10,2,8,高橋-內壢,2024-04-03,5323
2603,長榮,8,0,8,高橋-內壢,2024-04-03,5323
00632R,元大台灣50反1,7,0,7,高橋-內壢,2024-04-03,5323
1618,合機,7,0,7,高橋-內壢,2024-04-03,5323
2880,華南金,7,0,7,高橋-內壢,2024-04-03,5323
4908,前鼎,7,0,7,高橋-內壢,2024-04-03,5323
5443,均豪,10,4,6,高橋-內壢,2024-04-03,5323
7402,邑錡,6,0,6,高橋-內壢,2024-04-03,5323
6770,力積電,6,0,6,高橋-內壢,2024-04-03,5323
00939,統一台灣高息動能,17,11,6,高橋-內壢,2024-04-03,5323
6288,聯嘉,8,2,6,高橋-內壢,2024-04-03,5323
8011,台通,6,0,6,高橋-內壢,2024-04-03,5323
8112,至上,6,0,6,高橋-內壢,2024-04-03,5323
2301,光寶科,6,1,5,高橋-內壢,2024-04-03,5323
8092,建暐,5,0,5,高橋-內壢,2024-04-03,5323
00923,群益台ESG低碳50,5,0,5,高橋-內壢,2024-04-03,5323
00679B,元大美債20年,5,0,5,高橋-內壢,2024-04-03,5323
00940,元大台灣價值高息,165,3,162,高橋-內壢,2024-04-08,5323
00929,復華台灣科技優息,94,20,74,高橋-內壢,2024-04-08,5323
00919,群益台灣精選高息,54,2,52,高橋-內壢,2024-04-08,5323
6120,達運,57,11,46,高橋-內壢,2024-04-08,5323
00687B,國泰20年美債,145,100,45,高橋-內壢,2024-04-08,5323
2515,中工,34,5,29,高橋-內壢,2024-04-08,5323
00937B,群益ESG投等債20,28,0,28,高橋-內壢,2024-04-08,5323
3450,聯鈞,22,0,22,高橋-內壢,2024-04-08,5323
2317,鴻海,41,19,22,高橋-內壢,2024-04-08,5323
2374,佳能,23,3,20,高橋-內壢,2024-04-08,5323
2354,鴻準,20,3,17,高橋-內壢,2024-04-08,5323
00679B,元大美債20年,16,0,16,高橋-內壢,2024-04-08,5323
2324,仁寶,15,0,15,高橋-內壢,2024-04-08,5323
00733,富邦臺灣中小,15,1,14,高橋-內壢,2024-04-08,5323
00941,中信上游半導體,14,0,14,高橋-內壢,2024-04-08,5323
2337,旺宏,14,2,12,高橋-內壢,2024-04-08,5323
2427,三商電,12,0,12,高橋-內壢,2024-04-08,5323
00632R,元大台灣50反1,12,1,11,高橋-內壢,2024-04-08,5323
00680L,元大美債20正2,11,0,11,高橋-內壢,2024-04-08,5323
2535,達欣工,11,0,11,高橋-內壢,2024-04-08,5323
3014,聯陽,11,0,11,高橋-內壢,2024-04-08,5323
2352,佳世達,10,0,10,高橋-內壢,2024-04-08,5323
2367,燿華,10,0,10,高橋-內壢,2024-04-08,5323
6153,嘉聯益,10,0,10,高橋-內壢,2024-04-08,5323
2356,英業達,16,8,8,高橋-內壢,2024-04-08,5323
1789,神隆,8,0,8,高橋-內壢,2024-04-08,5323
2301,光寶科,9,1,8,高橋-內壢,2024-04-08,5323
4746,台耀,8,0,8,高橋-內壢,2024-04-08,5323
1503,士電,8,1,7,高橋-內壢,2024-04-08,5323
00927,群益半導體收益,7,0,7,高橋-內壢,2024-04-08,5323
2504,國產,7,0,7,高橋-內壢,2024-04-08,5323
3576,聯合再生,7,0,7,高橋-內壢,2024-04-08,5323
5434,崇越,7,0,7,高橋-內壢,2024-04-08,5323
6770,力積電,13,6,7,高橋-內壢,2024-04-08,5323
8046,南電,7,0,7,高橋-內壢,2024-04-08,5323
2603,長榮,7,0,7,高橋-內壢,2024-04-08,5323
00712,復華富時不動產,6,0,6,高橋-內壢,2024-04-08,5323
00720B,元大投資級公司債,6,0,6,高橋-內壢,2024-04-08,5323
00939,統一台灣高息動能,7,1,6,高橋-內壢,2024-04-08,5323
3481,群創,18,12,6,高橋-內壢,2024-04-08,5323
8215,明基材,6,0,6,高橋-內壢,2024-04-08,5323
4958,臻鼎-KY,6,0,6,高橋-內壢,2024-04-08,5323
00931B,統一美債20年,5,0,5,高橋-內壢,2024-04-08,5323
1802,台玻,7,2,5,高橋-內壢,2024-04-08,5323
2038,海光,5,0,5,高橋-內壢,2024-04-08,5323
2365,昆盈,10,5,5,高橋-內壢,2024-04-08,5323
2617,台航,5,0,5,高橋-內壢,2024-04-08,5323
3013,晟銘電,6,1,5,高橋-內壢,2024-04-08,5323
3056,富華新,5,0,5,高橋-內壢,2024-04-08,5323
3078,僑威,5,0,5,高橋-內壢,2024-04-08,5323
00929,復華台灣科技優息,98,7,91,高橋-內壢,2024-04-09,5323
00937B,群益ESG投等債20,65,0,65,高橋-內壢,2024-04-09,5323
3231,緯創,94,43,51,高橋-內壢,2024-04-09,5323
2367,燿華,37,3,34,高橋-內壢,2024-04-09,5323
2009,第一銅,34,4,30,高橋-內壢,2024-04-09,5323
3450,聯鈞,27,1,26,高橋-內壢,2024-04-09,5323
2371,大同,31,11,20,高橋-內壢,2024-04-09,5323
1587,吉茂,23,4,19,高橋-內壢,2024-04-09,5323
2402,毅嘉,19,0,19,高橋-內壢,2024-04-09,5323
5512,力麒,21,2,19,高橋-內壢,2024-04-09,5323
8033,雷虎,20,4,16,高橋-內壢,2024-04-09,5323
1618,合機,19,3,16,高橋-內壢,2024-04-09,5323
6271,同欣電,16,0,16,高橋-內壢,2024-04-09,5323
6189,豐藝,15,0,15,高橋-內壢,2024-04-09,5323
2023,燁輝,15,1,14,高橋-內壢,2024-04-09,5323
00939,統一台灣高息動能,13,0,13,高橋-內壢,2024-04-09,5323
1313,聯成,12,0,12,高橋-內壢,2024-04-09,5323
2323,中環,12,0,12,高橋-內壢,2024-04-09,5323
1101,台泥,11,0,11,高橋-內壢,2024-04-09,5323
6257,矽格,12,1,11,高橋-內壢,2024-04-09,5323
6505,台塑化,11,0,11,高橋-內壢,2024-04-09,5323
00941,中信上游半導體,12,2,10,高橋-內壢,2024-04-09,5323
00673R,期元大S＆P原油反1,20,10,10,高橋-內壢,2024-04-09,5323
2382,廣達,29,19,10,高橋-內壢,2024-04-09,5323
2537,聯上發,15,5,10,高橋-內壢,2024-04-09,5323
3052,夆典,10,0,10,高橋-內壢,2024-04-09,5323
4967,十銓,10,0,10,高橋-內壢,2024-04-09,5323
3013,晟銘電,14,4,10,高橋-內壢,2024-04-09,5323
2007,燁興,31,22,9,高橋-內壢,2024-04-09,5323
5443,均豪,19,11,8,高橋-內壢,2024-04-09,5323
2486,一詮,16,8,8,高橋-內壢,2024-04-09,5323
4543,萬在,13,5,8,高橋-內壢,2024-04-09,5323
8064,東捷,7,0,7,高橋-內壢,2024-04-09,5323
00665L,富邦�琤肭磪囓�2,6,0,6,高橋-內壢,2024-04-09,5323
1603,華電,24,18,6,高橋-內壢,2024-04-09,5323
2606,裕民,6,0,6,高橋-內壢,2024-04-09,5323
3078,僑威,6,0,6,高橋-內壢,2024-04-09,5323
3576,聯合再生,6,0,6,高橋-內壢,2024-04-09,5323
6005,群益證,10,4,6,高橋-內壢,2024-04-09,5323
00878,國泰永續高股息,6,0,6,高橋-內壢,2024-04-09,5323
2313,華通,10,5,5,高橋-內壢,2024-04-09,5323
2534,宏盛,5,0,5,高橋-內壢,2024-04-09,5323
3360,尚立,5,0,5,高橋-內壢,2024-04-09,5323
3673,TPK-KY,5,0,5,高橋-內壢,2024-04-09,5323
6126,信音,5,0,5,高橋-內壢,2024-04-09,5323
8227,巨有科技,5,0,5,高橋-內壢,2024-04-09,5323
9955,佳龍,7,2,5,高橋-內壢,2024-04-09,5323
3540,曜越,5,0,5,高橋-內壢,2024-04-09,5323
6120,達運,4,0,4,高橋-內壢,2024-04-09,5323
2368,金像電,7,3,4,高橋-內壢,2024-04-09,5323
2014,中鴻,366,8,358,高橋-內壢,2024-04-10,5323
6016,康和證,88,0,88,高橋-內壢,2024-04-10,5323
00673R,期元大S＆P原油反1,59,0,59,高橋-內壢,2024-04-10,5323
2888,新光金,111,57,54,高橋-內壢,2024-04-10,5323
00650L,復華香港正2,40,0,40,高橋-內壢,2024-04-10,5323
00939,統一台灣高息動能,37,5,32,高橋-內壢,2024-04-10,5323
00936,台新永續高息中小,30,0,30,高橋-內壢,2024-04-10,5323
1608,華榮,39,10,29,高橋-內壢,2024-04-10,5323
3481,群創,32,7,25,高橋-內壢,2024-04-10,5323
00927,群益半導體收益,32,10,22,高橋-內壢,2024-04-10,5323
8033,雷虎,22,2,20,高橋-內壢,2024-04-10,5323
1314,中石化,20,0,20,高橋-內壢,2024-04-10,5323
2427,三商電,21,1,20,高橋-內壢,2024-04-10,5323
2834,臺企銀,20,0,20,高橋-內壢,2024-04-10,5323
6505,台塑化,20,0,20,高橋-內壢,2024-04-10,5323
2890,永豐金,20,1,19,高橋-內壢,2024-04-10,5323
5328,華容,17,0,17,高橋-內壢,2024-04-10,5323
2374,佳能,16,0,16,高橋-內壢,2024-04-10,5323
2369,菱生,15,0,15,高橋-內壢,2024-04-10,5323
00940,元大台灣價值高息,29,16,13,高橋-內壢,2024-04-10,5323
6196,帆宣,15,2,13,高橋-內壢,2024-04-10,5323
00937B,群益ESG投等債20,14,2,12,高橋-內壢,2024-04-10,5323
2367,燿華,22,10,12,高橋-內壢,2024-04-10,5323
2376,技嘉,12,0,12,高橋-內壢,2024-04-10,5323
2368,金像電,11,0,11,高橋-內壢,2024-04-10,5323
6753,龍德造船,10,0,10,高橋-內壢,2024-04-10,5323
2417,圓剛,10,0,10,高橋-內壢,2024-04-10,5323
2801,彰銀,10,0,10,高橋-內壢,2024-04-10,5323
3305,昇貿,10,0,10,高橋-內壢,2024-04-10,5323
3715,定穎投控,10,0,10,高橋-內壢,2024-04-10,5323
4128,中天,10,0,10,高橋-內壢,2024-04-10,5323
4526,東台,10,0,10,高橋-內壢,2024-04-10,5323
8926,台汽電,11,1,10,高橋-內壢,2024-04-10,5323
2511,太子,10,1,9,高橋-內壢,2024-04-10,5323
3004,豐達科,9,0,9,高橋-內壢,2024-04-10,5323
2303,聯電,37,28,9,高橋-內壢,2024-04-10,5323
00915,凱基優選高股息30,9,1,8,高橋-內壢,2024-04-10,5323
1905,華紙,11,3,8,高橋-內壢,2024-04-10,5323
3005,神基,7,0,7,高橋-內壢,2024-04-10,5323
5434,崇越,7,0,7,高橋-內壢,2024-04-10,5323
6215,和椿,11,4,7,高橋-內壢,2024-04-10,5323
6695,芯鼎,7,0,7,高橋-內壢,2024-04-10,5323
8111,立��,7,0,7,高橋-內壢,2024-04-10,5323
8936,國統,7,0,7,高橋-內壢,2024-04-10,5323
8358,金居,7,0,7,高橋-內壢,2024-04-10,5323
00882,中信中國高股息,6,0,6,高橋-內壢,2024-04-10,5323
2618,長榮航,6,0,6,高橋-內壢,2024-04-10,5323
3504,揚明光,6,0,6,高橋-內壢,2024-04-10,5323
5222,全訊,6,0,6,高橋-內壢,2024-04-10,5323
2486,一詮,9,3,6,高橋-內壢,2024-04-10,5323
1314,中石化,300,0,300,高橋-內壢,2024-04-11,5323
00712,復華富時不動產,114,1,113,高橋-內壢,2024-04-11,5323
00937B,群益ESG投等債20,86,3,83,高橋-內壢,2024-04-11,5323
00929,復華台灣科技優息,86,4,82,高橋-內壢,2024-04-11,5323
3481,群創,78,6,72,高橋-內壢,2024-04-11,5323
2882,國泰金,73,5,68,高橋-內壢,2024-04-11,5323
2014,中鴻,102,58,44,高橋-內壢,2024-04-11,5323
00936,台新永續高息中小,38,0,38,高橋-內壢,2024-04-11,5323
0056,元大高股息,40,6,34,高橋-內壢,2024-04-11,5323
00687B,國泰20年美債,32,4,28,高橋-內壢,2024-04-11,5323
00679B,元大美債20年,28,0,28,高橋-內壢,2024-04-11,5323
1504,東元,31,4,27,高橋-內壢,2024-04-11,5323
00772B,中信高評級公司債,24,0,24,高橋-內壢,2024-04-11,5323
2332,友訊,23,0,23,高橋-內壢,2024-04-11,5323
6753,龍德造船,22,0,22,高橋-內壢,2024-04-11,5323
00715L,期街口布蘭特正2,22,0,22,高橋-內壢,2024-04-11,5323
2303,聯電,27,5,22,高橋-內壢,2024-04-11,5323
2884,玉山金,20,0,20,高橋-內壢,2024-04-11,5323
3231,緯創,32,12,20,高橋-內壢,2024-04-11,5323
00927,群益半導體收益,20,0,20,高橋-內壢,2024-04-11,5323
00939,統一台灣高息動能,20,0,20,高橋-內壢,2024-04-11,5323
3390,旭軟,20,0,20,高橋-內壢,2024-04-11,5323
1503,士電,23,4,19,高橋-內壢,2024-04-11,5323
00933B,國泰10Y+金融債,18,0,18,高橋-內壢,2024-04-11,5323
00940,元大台灣價值高息,18,0,18,高橋-內壢,2024-04-11,5323
2009,第一銅,22,4,18,高橋-內壢,2024-04-11,5323
00878,國泰永續高股息,16,0,16,高橋-內壢,2024-04-11,5323
1795,美時,16,0,16,高橋-內壢,2024-04-11,5323
2634,漢翔,15,0,15,高橋-內壢,2024-04-11,5323
9958,世紀鋼,15,0,15,高橋-內壢,2024-04-11,5323
1471,首利,15,0,15,高橋-內壢,2024-04-11,5323
8201,無敵,15,0,15,高橋-內壢,2024-04-11,5323
3706,神達,54,40,14,高橋-內壢,2024-04-11,5323
00665L,富邦�琤肭磪囓�2,12,0,12,高橋-內壢,2024-04-11,5323
00720B,元大投資級公司債,12,0,12,高橋-內壢,2024-04-11,5323
6443,元晶,12,0,12,高橋-內壢,2024-04-11,5323
00680L,元大美債20正2,11,0,11,高橋-內壢,2024-04-11,5323
1514,亞力,40,29,11,高橋-內壢,2024-04-11,5323
2337,旺宏,11,0,11,高橋-內壢,2024-04-11,5323
2382,廣達,18,8,10,高橋-內壢,2024-04-11,5323
2007,燁興,13,3,10,高橋-內壢,2024-04-11,5323
2312,金寶,10,0,10,高橋-內壢,2024-04-11,5323
2887,台新金,10,0,10,高橋-內壢,2024-04-11,5323
4128,中天,10,0,10,高橋-內壢,2024-04-11,5323
8087,麗升能源,10,0,10,高橋-內壢,2024-04-11,5323
9962,有益,10,0,10,高橋-內壢,2024-04-11,5323
4167,松瑞藥,10,0,10,高橋-內壢,2024-04-11,5323
00919,群益台灣精選高息,26,17,9,高橋-內壢,2024-04-11,5323
3413,京鼎,9,0,9,高橋-內壢,2024-04-11,5323
3576,聯合再生,9,0,9,高橋-內壢,2024-04-11,5323
00940,元大台灣價值高息,247,37,210,高橋-內壢,2024-04-12,5323
00929,復華台灣科技優息,149,2,147,高橋-內壢,2024-04-12,5323
2014,中鴻,107,0,107,高橋-內壢,2024-04-12,5323
1314,中石化,100,0,100,高橋-內壢,2024-04-12,5323
00937B,群益ESG投等債20,97,5,92,高橋-內壢,2024-04-12,5323
2630,亞航,59,0,59,高橋-內壢,2024-04-12,5323
00918,大華優利高填息30,53,1,52,高橋-內壢,2024-04-12,5323
2353,宏��,41,9,32,高橋-內壢,2024-04-12,5323
2886,兆豐金,31,0,31,高橋-內壢,2024-04-12,5323
3481,群創,30,0,30,高橋-內壢,2024-04-12,5323
00919,群益台灣精選高息,55,27,28,高橋-內壢,2024-04-12,5323
00687B,國泰20年美債,28,0,28,高橋-內壢,2024-04-12,5323
2356,英業達,39,11,28,高橋-內壢,2024-04-12,5323
6770,力積電,26,0,26,高橋-內壢,2024-04-12,5323
00679B,元大美債20年,23,0,23,高橋-內壢,2024-04-12,5323
2890,永豐金,20,0,20,高橋-內壢,2024-04-12,5323
2382,廣達,25,7,18,高橋-內壢,2024-04-12,5323
00753L,中信中國50正2,24,6,18,高橋-內壢,2024-04-12,5323
2009,第一銅,20,4,16,高橋-內壢,2024-04-12,5323
00923,群益台ESG低碳50,16,0,16,高橋-內壢,2024-04-12,5323
8936,國統,20,4,16,高橋-內壢,2024-04-12,5323
00941,中信上游半導體,15,0,15,高橋-內壢,2024-04-12,5323
00720B,元大投資級公司債,14,0,14,高橋-內壢,2024-04-12,5323
1589,永冠-KY,13,0,13,高橋-內壢,2024-04-12,5323
0056,元大高股息,12,0,12,高橋-內壢,2024-04-12,5323
00915,凱基優選高股息30,20,9,11,高橋-內壢,2024-04-12,5323
00881,國泰台灣5G+,11,0,11,高橋-內壢,2024-04-12,5323
1616,億泰,11,0,11,高橋-內壢,2024-04-12,5323
3305,昇貿,11,0,11,高橋-內壢,2024-04-12,5323
3576,聯合再生,11,0,11,高橋-內壢,2024-04-12,5323
4183,福永生技,11,0,11,高橋-內壢,2024-04-12,5323
2363,矽統,45,35,10,高橋-內壢,2024-04-12,5323
00680L,元大美債20正2,10,0,10,高橋-內壢,2024-04-12,5323
00733,富邦臺灣中小,10,0,10,高橋-內壢,2024-04-12,5323
2393,億光,10,0,10,高橋-內壢,2024-04-12,5323
2406,國碩,14,4,10,高橋-內壢,2024-04-12,5323
2820,華票,10,0,10,高橋-內壢,2024-04-12,5323
3059,華晶科,11,1,10,高橋-內壢,2024-04-12,5323
4513,福裕,10,0,10,高橋-內壢,2024-04-12,5323
5351,鈺創,10,0,10,高橋-內壢,2024-04-12,5323
1603,華電,11,2,9,高橋-內壢,2024-04-12,5323
1617,榮星,12,3,9,高橋-內壢,2024-04-12,5323
4306,炎洲,9,0,9,高橋-內壢,2024-04-12,5323
4908,前鼎,10,1,9,高橋-內壢,2024-04-12,5323
2352,佳世達,8,0,8,高橋-內壢,2024-04-12,5323
2409,友達,8,0,8,高橋-內壢,2024-04-12,5323
3005,神基,10,2,8,高橋-內壢,2024-04-12,5323
3231,緯創,12,4,8,高橋-內壢,2024-04-12,5323
00933B,國泰10Y+金融債,7,0,7,高橋-內壢,2024-04-12,5323
00795B,中信美國公債20年,7,0,7,高橋-內壢,2024-04-12,5323
2867,三商壽,513,4,509,高橋-內壢,2024-04-15,5323
00929,復華台灣科技優息,307,120,187,高橋-內壢,2024-04-15,5323
00878,國泰永續高股息,145,0,145,高橋-內壢,2024-04-15,5323
2367,燿華,78,4,74,高橋-內壢,2024-04-15,5323
2374,佳能,56,2,54,高橋-內壢,2024-04-15,5323
2014,中鴻,56,4,52,高橋-內壢,2024-04-15,5323
2303,聯電,53,3,50,高橋-內壢,2024-04-15,5323
00937B,群益ESG投等債20,50,0,50,高橋-內壢,2024-04-15,5323
00940,元大台灣價值高息,49,3,46,高橋-內壢,2024-04-15,5323
00909,國泰數位支付服務,46,0,46,高橋-內壢,2024-04-15,5323
00919,群益台灣精選高息,43,1,42,高橋-內壢,2024-04-15,5323
00936,台新永續高息中小,40,0,40,高橋-內壢,2024-04-15,5323
2509,全坤建,40,0,40,高橋-內壢,2024-04-15,5323
2356,英業達,32,1,31,高橋-內壢,2024-04-15,5323
00772B,中信高評級公司債,31,0,31,高橋-內壢,2024-04-15,5323
2611,志信,30,0,30,高橋-內壢,2024-04-15,5323
3686,達能,30,0,30,高橋-內壢,2024-04-15,5323
0056,元大高股息,29,0,29,高橋-內壢,2024-04-15,5323
2371,大同,59,32,27,高橋-內壢,2024-04-15,5323
2888,新光金,30,3,27,高橋-內壢,2024-04-15,5323
00927,群益半導體收益,25,0,25,高橋-內壢,2024-04-15,5323
00882,中信中國高股息,26,2,24,高橋-內壢,2024-04-15,5323
6147,頎邦,25,1,24,高橋-內壢,2024-04-15,5323
6016,康和證,17,0,17,高橋-內壢,2024-04-15,5323
00665L,富邦�琤肭磪囓�2,16,0,16,高橋-內壢,2024-04-15,5323
2605,新興,16,1,15,高橋-內壢,2024-04-15,5323
00939,統一台灣高息動能,15,2,13,高橋-內壢,2024-04-15,5323
00679B,元大美債20年,13,0,13,高橋-內壢,2024-04-15,5323
3481,群創,13,0,13,高橋-內壢,2024-04-15,5323
4533,協易機,24,12,12,高橋-內壢,2024-04-15,5323
9919,康那香,12,0,12,高橋-內壢,2024-04-15,5323
2382,廣達,17,6,11,高橋-內壢,2024-04-15,5323
00738U,期元大道瓊白銀,11,0,11,高橋-內壢,2024-04-15,5323
3548,兆利,11,0,11,高橋-內壢,2024-04-15,5323
5291,邑昇,11,0,11,高橋-內壢,2024-04-15,5323
6770,力積電,15,4,11,高橋-內壢,2024-04-15,5323
4967,十銓,11,0,11,高橋-內壢,2024-04-15,5323
3305,昇貿,20,10,10,高橋-內壢,2024-04-15,5323
2009,第一銅,35,25,10,高橋-內壢,2024-04-15,5323
1513,中興電,25,15,10,高橋-內壢,2024-04-15,5323
00733,富邦臺灣中小,10,0,10,高橋-內壢,2024-04-15,5323
00725B,國泰投資級公司債,10,0,10,高橋-內壢,2024-04-15,5323
1447,力鵬,10,0,10,高橋-內壢,2024-04-15,5323
1795,美時,10,0,10,高橋-內壢,2024-04-15,5323
3322,建舜電,11,1,10,高橋-內壢,2024-04-15,5323
1457,宜進,10,1,9,高橋-內壢,2024-04-15,5323
2515,中工,11,2,9,高橋-內壢,2024-04-15,5323
1609,大亞,27,18,9,高橋-內壢,2024-04-15,5323
1785,光洋科,13,5,8,高橋-內壢,2024-04-15,5323
3037,欣興,11,3,8,高橋-內壢,2024-04-15,5323
00937B,群益ESG投等債20,417,0,417,高橋-內壢,2024-04-16,5323
00940,元大台灣價值高息,383,24,359,高橋-內壢,2024-04-16,5323
00929,復華台灣科技優息,504,172,332,高橋-內壢,2024-04-16,5323
2618,長榮航,316,54,262,高橋-內壢,2024-04-16,5323
2610,華航,204,13,191,高橋-內壢,2024-04-16,5323
00878,國泰永續高股息,198,10,188,高橋-內壢,2024-04-16,5323
00919,群益台灣精選高息,209,54,155,高橋-內壢,2024-04-16,5323
6244,茂迪,150,0,150,高橋-內壢,2024-04-16,5323
1513,中興電,174,40,134,高橋-內壢,2024-04-16,5323
2634,漢翔,109,2,107,高橋-內壢,2024-04-16,5323
2611,志信,68,0,68,高橋-內壢,2024-04-16,5323
3231,緯創,79,17,62,高橋-內壢,2024-04-16,5323
00918,大華優利高填息30,57,7,50,高橋-內壢,2024-04-16,5323
00939,統一台灣高息動能,60,14,46,高橋-內壢,2024-04-16,5323
3481,群創,48,5,43,高橋-內壢,2024-04-16,5323
00922,國泰台灣領袖50,42,0,42,高橋-內壢,2024-04-16,5323
2883,凱基金,43,6,37,高橋-內壢,2024-04-16,5323
00733,富邦臺灣中小,31,0,31,高橋-內壢,2024-04-16,5323
2303,聯電,57,28,29,高橋-內壢,2024-04-16,5323
6770,力積電,28,0,28,高橋-內壢,2024-04-16,5323
00915,凱基優選高股息30,28,1,27,高橋-內壢,2024-04-16,5323
1609,大亞,50,23,27,高橋-內壢,2024-04-16,5323
1605,華新,25,1,24,高橋-內壢,2024-04-16,5323
4532,瑞智,23,1,22,高橋-內壢,2024-04-16,5323
4543,萬在,22,0,22,高橋-內壢,2024-04-16,5323
00941,中信上游半導體,20,0,20,高橋-內壢,2024-04-16,5323
00864B,中信美國公債0-1,20,0,20,高橋-內壢,2024-04-16,5323
1457,宜進,20,0,20,高橋-內壢,2024-04-16,5323
2020,美亞,20,0,20,高橋-內壢,2024-04-16,5323
2344,華邦電,20,0,20,高橋-內壢,2024-04-16,5323
2369,菱生,26,6,20,高橋-內壢,2024-04-16,5323
2002,中鋼,21,2,19,高橋-內壢,2024-04-16,5323
6016,康和證,18,0,18,高橋-內壢,2024-04-16,5323
3060,銘異,17,0,17,高橋-內壢,2024-04-16,5323
0056,元大高股息,55,38,17,高橋-內壢,2024-04-16,5323
2353,宏��,17,1,16,高橋-內壢,2024-04-16,5323
1907,永豐餘,16,0,16,高橋-內壢,2024-04-16,5323
2882,國泰金,16,0,16,高橋-內壢,2024-04-16,5323
5512,力麒,20,5,15,高橋-內壢,2024-04-16,5323
2330,台積電,14,0,14,高橋-內壢,2024-04-16,5323
3052,夆典,14,0,14,高橋-內壢,2024-04-16,5323
4916,事欣科,14,0,14,高橋-內壢,2024-04-16,5323
00882,中信中國高股息,13,0,13,高橋-內壢,2024-04-16,5323
1795,美時,13,0,13,高橋-內壢,2024-04-16,5323
2609,陽明,13,0,13,高橋-內壢,2024-04-16,5323
2834,臺企銀,13,0,13,高橋-內壢,2024-04-16,5323
6152,百一,13,0,13,高橋-內壢,2024-04-16,5323
00725B,國泰投資級公司債,12,0,12,高橋-內壢,2024-04-16,5323
1301,台塑,12,0,12,高橋-內壢,2024-04-16,5323
1802,台玻,12,1,11,高橋-內壢,2024-04-16,5323
00937B,群益ESG投等債20,147,0,147,高橋-內壢,2024-04-17,5323
6125,廣運,112,15,97,高橋-內壢,2024-04-17,5323
2888,新光金,54,0,54,高橋-內壢,2024-04-17,5323
0056,元大高股息,52,0,52,高橋-內壢,2024-04-17,5323
00929,復華台灣科技優息,71,19,52,高橋-內壢,2024-04-17,5323
2618,長榮航,49,12,37,高橋-內壢,2024-04-17,5323
4912,聯德控股-KY,33,0,33,高橋-內壢,2024-04-17,5323
2007,燁興,36,10,26,高橋-內壢,2024-04-17,5323
00665L,富邦�琤肭磪囓�2,25,0,25,高橋-內壢,2024-04-17,5323
00919,群益台灣精選高息,48,23,25,高橋-內壢,2024-04-17,5323
2303,聯電,23,0,23,高橋-內壢,2024-04-17,5323
1605,華新,59,37,22,高橋-內壢,2024-04-17,5323
00712,復華富時不動產,22,0,22,高橋-內壢,2024-04-17,5323
00927,群益半導體收益,20,0,20,高橋-內壢,2024-04-17,5323
2820,華票,20,0,20,高橋-內壢,2024-04-17,5323
3481,群創,25,5,20,高橋-內壢,2024-04-17,5323
2356,英業達,21,2,19,高橋-內壢,2024-04-17,5323
00857B,永豐20年美公債,18,0,18,高橋-內壢,2024-04-17,5323
2353,宏��,21,4,17,高橋-內壢,2024-04-17,5323
2354,鴻準,17,1,16,高橋-內壢,2024-04-17,5323
00931B,統一美債20年,15,0,15,高橋-內壢,2024-04-17,5323
00679B,元大美債20年,15,0,15,高橋-內壢,2024-04-17,5323
2101,南港,16,1,15,高橋-內壢,2024-04-17,5323
3231,緯創,40,26,14,高橋-內壢,2024-04-17,5323
00720B,元大投資級公司債,12,0,12,高橋-內壢,2024-04-17,5323
2313,華通,15,3,12,高橋-內壢,2024-04-17,5323
2886,兆豐金,11,0,11,高橋-內壢,2024-04-17,5323
3027,盛達,14,3,11,高橋-內壢,2024-04-17,5323
2002,中鋼,13,3,10,高橋-內壢,2024-04-17,5323
2344,華邦電,11,1,10,高橋-內壢,2024-04-17,5323
3052,夆典,10,0,10,高橋-內壢,2024-04-17,5323
5880,合庫金,10,0,10,高橋-內壢,2024-04-17,5323
00878,國泰永續高股息,14,5,9,高橋-內壢,2024-04-17,5323
00918,大華優利高填息30,14,5,9,高橋-內壢,2024-04-17,5323
00753L,中信中國50正2,21,12,9,高橋-內壢,2024-04-17,5323
8096,擎亞,13,4,9,高橋-內壢,2024-04-17,5323
2382,廣達,14,6,8,高橋-內壢,2024-04-17,5323
00795B,中信美國公債20年,7,0,7,高橋-內壢,2024-04-17,5323
6016,康和證,7,0,7,高橋-內壢,2024-04-17,5323
2881,富邦金,6,0,6,高橋-內壢,2024-04-17,5323
6120,達運,7,1,6,高橋-內壢,2024-04-17,5323
1514,亞力,9,3,6,高橋-內壢,2024-04-17,5323
1303,南亞,6,0,6,高橋-內壢,2024-04-17,5323
1810,和成,9,3,6,高橋-內壢,2024-04-17,5323
2402,毅嘉,6,0,6,高橋-內壢,2024-04-17,5323
2610,華航,11,5,6,高橋-內壢,2024-04-17,5323
2801,彰銀,6,0,6,高橋-內壢,2024-04-17,5323
2812,台中銀,6,0,6,高橋-內壢,2024-04-17,5323
4967,十銓,7,1,6,高橋-內壢,2024-04-17,5323
5314,世紀,6,0,6,高橋-內壢,2024-04-17,5323
1605,華新,94,24,70,高橋-內壢,2024-04-18,5323
2888,新光金,70,5,65,高橋-內壢,2024-04-18,5323
2515,中工,54,9,45,高橋-內壢,2024-04-18,5323
1504,東元,47,4,43,高橋-內壢,2024-04-18,5323
00712,復華富時不動產,36,0,36,高橋-內壢,2024-04-18,5323
00931B,統一美債20年,32,0,32,高橋-內壢,2024-04-18,5323
00753L,中信中國50正2,50,18,32,高橋-內壢,2024-04-18,5323
2371,大同,65,35,30,高橋-內壢,2024-04-18,5323
00637L,元大滬深300正2,25,0,25,高橋-內壢,2024-04-18,5323
5465,富驊,25,0,25,高橋-內壢,2024-04-18,5323
00940,元大台灣價值高息,24,1,23,高橋-內壢,2024-04-18,5323
2374,佳能,27,4,23,高橋-內壢,2024-04-18,5323
3481,群創,43,20,23,高橋-內壢,2024-04-18,5323
6163,華電網,20,0,20,高橋-內壢,2024-04-18,5323
6282,康舒,19,0,19,高橋-內壢,2024-04-18,5323
6016,康和證,16,0,16,高橋-內壢,2024-04-18,5323
00929,復華台灣科技優息,16,1,15,高橋-內壢,2024-04-18,5323
2354,鴻準,15,0,15,高橋-內壢,2024-04-18,5323
00687B,國泰20年美債,14,0,14,高橋-內壢,2024-04-18,5323
1609,大亞,23,9,14,高橋-內壢,2024-04-18,5323
2027,大成鋼,14,1,13,高橋-內壢,2024-04-18,5323
1513,中興電,22,10,12,高橋-內壢,2024-04-18,5323
2007,燁興,24,13,11,高橋-內壢,2024-04-18,5323
2303,聯電,11,0,11,高橋-內壢,2024-04-18,5323
00934,中信成長高股息,10,0,10,高橋-內壢,2024-04-18,5323
00632R,元大台灣50反1,10,0,10,高橋-內壢,2024-04-18,5323
1529,樂事綠能,16,6,10,高橋-內壢,2024-04-18,5323
1615,大山,10,0,10,高橋-內壢,2024-04-18,5323
2337,旺宏,10,0,10,高橋-內壢,2024-04-18,5323
6229,研通,10,0,10,高橋-內壢,2024-04-18,5323
6753,龍德造船,10,0,10,高橋-內壢,2024-04-18,5323
8150,南茂,10,0,10,高橋-內壢,2024-04-18,5323
1325,恆大,9,0,9,高橋-內壢,2024-04-18,5323
2062,橋椿,10,1,9,高橋-內壢,2024-04-18,5323
3645,達邁,9,0,9,高橋-內壢,2024-04-18,5323
3711,日月光投控,9,0,9,高橋-內壢,2024-04-18,5323
00937B,群益ESG投等債20,24,15,9,高橋-內壢,2024-04-18,5323
3703,欣陸,10,2,8,高橋-內壢,2024-04-18,5323
2317,鴻海,17,10,7,高橋-內壢,2024-04-18,5323
2504,國產,7,0,7,高橋-內壢,2024-04-18,5323
3413,京鼎,7,0,7,高橋-內壢,2024-04-18,5323
00830,國泰費城半導體,9,3,6,高橋-內壢,2024-04-18,5323
2367,燿華,13,7,6,高橋-內壢,2024-04-18,5323
2520,冠德,7,1,6,高橋-內壢,2024-04-18,5323
4142,國光生,7,1,6,高橋-內壢,2024-04-18,5323
8033,雷虎,7,1,6,高橋-內壢,2024-04-18,5323
0056,元大高股息,8,3,5,高橋-內壢,2024-04-18,5323
00918,大華優利高填息30,5,0,5,高橋-內壢,2024-04-18,5323
1611,中電,11,6,5,高橋-內壢,2024-04-18,5323
2069,運錩,5,0,5,高橋-內壢,2024-04-18,5323
00929,復華台灣科技優息,566,232,334,高橋-內壢,2024-04-19,5323
3481,群創,138,14,124,高橋-內壢,2024-04-19,5323
2887,台新金,114,5,109,高橋-內壢,2024-04-19,5323
0056,元大高股息,65,7,58,高橋-內壢,2024-04-19,5323
2303,聯電,63,7,56,高橋-內壢,2024-04-19,5323
1467,南緯,50,0,50,高橋-內壢,2024-04-19,5323
00919,群益台灣精選高息,112,63,49,高橋-內壢,2024-04-19,5323
1609,大亞,94,58,36,高橋-內壢,2024-04-19,5323
2371,大同,91,57,34,高橋-內壢,2024-04-19,5323
2367,燿華,37,5,32,高橋-內壢,2024-04-19,5323
8936,國統,56,25,31,高橋-內壢,2024-04-19,5323
2330,台積電,39,8,31,高橋-內壢,2024-04-19,5323
2062,橋椿,30,0,30,高橋-內壢,2024-04-19,5323
4543,萬在,30,0,30,高橋-內壢,2024-04-19,5323
00939,統一台灣高息動能,54,25,29,高橋-內壢,2024-04-19,5323
1612,宏泰,32,3,29,高橋-內壢,2024-04-19,5323
2354,鴻準,28,0,28,高橋-內壢,2024-04-19,5323
2891,中信金,30,2,28,高橋-內壢,2024-04-19,5323
00937B,群益ESG投等債20,29,2,27,高橋-內壢,2024-04-19,5323
2834,臺企銀,27,0,27,高橋-內壢,2024-04-19,5323
2317,鴻海,46,20,26,高橋-內壢,2024-04-19,5323
4532,瑞智,36,10,26,高橋-內壢,2024-04-19,5323
5381,合正,25,0,25,高橋-內壢,2024-04-19,5323
5521,工信,26,1,25,高橋-內壢,2024-04-19,5323
2883,凱基金,28,4,24,高橋-內壢,2024-04-19,5323
2884,玉山金,21,0,21,高橋-內壢,2024-04-19,5323
00918,大華優利高填息30,29,8,21,高橋-內壢,2024-04-19,5323
00688L,國泰20年美債正2,20,0,20,高橋-內壢,2024-04-19,5323
1533,車王電,20,0,20,高橋-內壢,2024-04-19,5323
5291,邑昇,20,0,20,高橋-內壢,2024-04-19,5323
6558,興能高,20,0,20,高橋-內壢,2024-04-19,5323
5426,振發,18,1,17,高橋-內壢,2024-04-19,5323
6770,力積電,25,8,17,高橋-內壢,2024-04-19,5323
3231,緯創,45,29,16,高橋-內壢,2024-04-19,5323
2610,華航,17,1,16,高橋-內壢,2024-04-19,5323
1608,華榮,60,46,14,高橋-內壢,2024-04-19,5323
5533,皇鼎,14,0,14,高橋-內壢,2024-04-19,5323
00940,元大台灣價值高息,196,182,14,高橋-內壢,2024-04-19,5323
2020,美亞,12,0,12,高橋-內壢,2024-04-19,5323
2365,昆盈,12,0,12,高橋-內壢,2024-04-19,5323
2374,佳能,20,8,12,高橋-內壢,2024-04-19,5323
2409,友達,12,0,12,高橋-內壢,2024-04-19,5323
3228,金麗科,11,0,11,高橋-內壢,2024-04-19,5323
2038,海光,11,0,11,高橋-內壢,2024-04-19,5323
3013,晟銘電,14,3,11,高橋-內壢,2024-04-19,5323
2886,兆豐金,11,0,11,高橋-內壢,2024-04-19,5323
4714,永捷,12,1,11,高橋-內壢,2024-04-19,5323
6016,康和證,11,0,11,高橋-內壢,2024-04-19,5323
6217,中探針,11,0,11,高橋-內壢,2024-04-19,5323
6284,佳邦,11,0,11,高橋-內壢,2024-04-19,5323
5512,力麒,505,11,494,高橋-內壢,2024-04-22,5323
2014,中鴻,402,0,402,高橋-內壢,2024-04-22,5323
00929,復華台灣科技優息,475,83,392,高橋-內壢,2024-04-22,5323
6244,茂迪,140,0,140,高橋-內壢,2024-04-22,5323
6443,元晶,106,0,106,高橋-內壢,2024-04-22,5323
00937B,群益ESG投等債20,98,1,97,高橋-內壢,2024-04-22,5323
00632R,元大台灣50反1,80,0,80,高橋-內壢,2024-04-22,5323
00919,群益台灣精選高息,79,8,71,高橋-內壢,2024-04-22,5323
2371,大同,72,35,37,高橋-內壢,2024-04-22,5323
3703,欣陸,51,19,32,高橋-內壢,2024-04-22,5323
1513,中興電,33,2,31,高橋-內壢,2024-04-22,5323
2867,三商壽,30,0,30,高橋-內壢,2024-04-22,5323
00940,元大台灣價值高息,85,57,28,高橋-內壢,2024-04-22,5323
00878,國泰永續高股息,28,1,27,高橋-內壢,2024-04-22,5323
2515,中工,36,10,26,高橋-內壢,2024-04-22,5323
2609,陽明,210,184,26,高橋-內壢,2024-04-22,5323
00665L,富邦�琤肭磪囓�2,25,1,24,高橋-內壢,2024-04-22,5323
5230,雷笛克光學,25,2,23,高橋-內壢,2024-04-22,5323
1609,大亞,47,25,22,高橋-內壢,2024-04-22,5323
5515,建國,20,2,18,高橋-內壢,2024-04-22,5323
2634,漢翔,23,7,16,高橋-內壢,2024-04-22,5323
3058,立德,15,0,15,高橋-內壢,2024-04-22,5323
00687B,國泰20年美債,13,0,13,高橋-內壢,2024-04-22,5323
2027,大成鋼,15,2,13,高橋-內壢,2024-04-22,5323
2354,鴻準,15,2,13,高橋-內壢,2024-04-22,5323
3038,全台,12,0,12,高橋-內壢,2024-04-22,5323
6120,達運,12,0,12,高橋-內壢,2024-04-22,5323
2509,全坤建,11,0,11,高橋-內壢,2024-04-22,5323
3027,盛達,11,0,11,高橋-內壢,2024-04-22,5323
3689,湧德,11,0,11,高橋-內壢,2024-04-22,5323
00680L,元大美債20正2,10,0,10,高橋-內壢,2024-04-22,5323
1532,勤美,12,2,10,高橋-內壢,2024-04-22,5323
2367,燿華,12,2,10,高橋-內壢,2024-04-22,5323
2427,三商電,15,5,10,高橋-內壢,2024-04-22,5323
2516,新建,10,0,10,高橋-內壢,2024-04-22,5323
6185,幃翔,10,0,10,高橋-內壢,2024-04-22,5323
5347,世界,9,0,9,高橋-內壢,2024-04-22,5323
00795B,中信美國公債20年,9,0,9,高橋-內壢,2024-04-22,5323
2374,佳能,17,8,9,高橋-內壢,2024-04-22,5323
3231,緯創,13,4,9,高橋-內壢,2024-04-22,5323
2329,華泰,15,6,9,高橋-內壢,2024-04-22,5323
00939,統一台灣高息動能,23,15,8,高橋-內壢,2024-04-22,5323
1301,台塑,9,1,8,高橋-內壢,2024-04-22,5323
2369,菱生,8,0,8,高橋-內壢,2024-04-22,5323
2886,兆豐金,10,2,8,高橋-內壢,2024-04-22,5323
4306,炎洲,8,0,8,高橋-內壢,2024-04-22,5323
2356,英業達,19,12,7,高橋-內壢,2024-04-22,5323
2313,華通,7,0,7,高橋-內壢,2024-04-22,5323
2547,日勝生,10,3,7,高橋-內壢,2024-04-22,5323
2605,新興,10,3,7,高橋-內壢,2024-04-22,5323
00929,復華台灣科技優息,143,3,140,高橋-內壢,2024-04-23,5323
2014,中鴻,100,0,100,高橋-內壢,2024-04-23,5323
00632R,元大台灣50反1,80,0,80,高橋-內壢,2024-04-23,5323
00937B,群益ESG投等債20,51,0,51,高橋-內壢,2024-04-23,5323
00933B,國泰10Y+金融債,50,0,50,高橋-內壢,2024-04-23,5323
4414,如興,50,0,50,高橋-內壢,2024-04-23,5323
3038,全台,40,0,40,高橋-內壢,2024-04-23,5323
00919,群益台灣精選高息,49,17,32,高橋-內壢,2024-04-23,5323
2836,高雄銀,30,0,30,高橋-內壢,2024-04-23,5323
4526,東台,24,0,24,高橋-內壢,2024-04-23,5323
00940,元大台灣價值高息,23,2,21,高橋-內壢,2024-04-23,5323
5512,力麒,50,29,21,高橋-內壢,2024-04-23,5323
00665L,富邦�琤肭磪囓�2,23,3,20,高橋-內壢,2024-04-23,5323
4167,松瑞藥,20,0,20,高橋-內壢,2024-04-23,5323
6120,達運,20,0,20,高橋-內壢,2024-04-23,5323
2610,華航,29,10,19,高橋-內壢,2024-04-23,5323
2547,日勝生,21,3,18,高橋-內壢,2024-04-23,5323
00939,統一台灣高息動能,17,0,17,高橋-內壢,2024-04-23,5323
3607,谷崧,15,0,15,高橋-內壢,2024-04-23,5323
3024,憶聲,14,1,13,高橋-內壢,2024-04-23,5323
2515,中工,39,27,12,高橋-內壢,2024-04-23,5323
5230,雷笛克光學,11,0,11,高橋-內壢,2024-04-23,5323
5351,鈺創,11,0,11,高橋-內壢,2024-04-23,5323
3231,緯創,28,17,11,高橋-內壢,2024-04-23,5323
00878,國泰永續高股息,10,0,10,高橋-內壢,2024-04-23,5323
2344,華邦電,10,0,10,高橋-內壢,2024-04-23,5323
2427,三商電,10,0,10,高橋-內壢,2024-04-23,5323
3059,華晶科,10,0,10,高橋-內壢,2024-04-23,5323
1101,台泥,10,1,9,高橋-內壢,2024-04-23,5323
2303,聯電,13,5,8,高橋-內壢,2024-04-23,5323
00882,中信中國高股息,8,0,8,高橋-內壢,2024-04-23,5323
2731,雄獅,8,0,8,高橋-內壢,2024-04-23,5323
5291,邑昇,8,0,8,高橋-內壢,2024-04-23,5323
1316,上曜,10,3,7,高橋-內壢,2024-04-23,5323
2883,凱基金,10,3,7,高橋-內壢,2024-04-23,5323
4743,合一,7,0,7,高橋-內壢,2024-04-23,5323
5381,合正,17,10,7,高橋-內壢,2024-04-23,5323
2465,麗臺,9,3,6,高橋-內壢,2024-04-23,5323
2489,瑞軒,8,2,6,高橋-內壢,2024-04-23,5323
3289,宜特,6,0,6,高橋-內壢,2024-04-23,5323
5521,工信,6,0,6,高橋-內壢,2024-04-23,5323
2317,鴻海,12,6,6,高橋-內壢,2024-04-23,5323
2603,長榮,28,23,5,高橋-內壢,2024-04-23,5323
1732,毛寶,5,0,5,高橋-內壢,2024-04-23,5323
2062,橋椿,5,0,5,高橋-內壢,2024-04-23,5323
2363,矽統,6,1,5,高橋-內壢,2024-04-23,5323
2369,菱生,5,0,5,高橋-內壢,2024-04-23,5323
3380,明泰,5,0,5,高橋-內壢,2024-04-23,5323
5531,鄉林,5,0,5,高橋-內壢,2024-04-23,5323
6244,茂迪,5,0,5,高橋-內壢,2024-04-23,5323
2515,中工,78,13,65,高橋-內壢,2024-04-24,5323
00940,元大台灣價值高息,56,15,41,高橋-內壢,2024-04-24,5323
00941,中信上游半導體,34,0,34,高橋-內壢,2024-04-24,5323
00632R,元大台灣50反1,32,0,32,高橋-內壢,2024-04-24,5323
1513,中興電,45,14,31,高橋-內壢,2024-04-24,5323
5512,力麒,31,2,29,高橋-內壢,2024-04-24,5323
2211,長榮鋼,25,0,25,高橋-內壢,2024-04-24,5323
2506,太設,22,1,21,高橋-內壢,2024-04-24,5323
1603,華電,20,1,19,高橋-內壢,2024-04-24,5323
00637L,元大滬深300正2,18,0,18,高橋-內壢,2024-04-24,5323
6547,高端疫苗,17,0,17,高橋-內壢,2024-04-24,5323
2834,臺企銀,20,4,16,高橋-內壢,2024-04-24,5323
00937B,群益ESG投等債20,15,0,15,高橋-內壢,2024-04-24,5323
2812,台中銀,12,0,12,高橋-內壢,2024-04-24,5323
5531,鄉林,12,0,12,高橋-內壢,2024-04-24,5323
1737,臺鹽,11,0,11,高橋-內壢,2024-04-24,5323
1616,億泰,16,6,10,高橋-內壢,2024-04-24,5323
2615,萬海,10,0,10,高橋-內壢,2024-04-24,5323
2891,中信金,10,0,10,高橋-內壢,2024-04-24,5323
5488,松普,10,0,10,高橋-內壢,2024-04-24,5323
6026,福邦證,10,0,10,高橋-內壢,2024-04-24,5323
2886,兆豐金,19,10,9,高橋-內壢,2024-04-24,5323
3481,群創,11,2,9,高橋-內壢,2024-04-24,5323
3312,弘憶股,13,5,8,高橋-內壢,2024-04-24,5323
1605,華新,57,49,8,高橋-內壢,2024-04-24,5323
2409,友達,10,4,6,高橋-內壢,2024-04-24,5323
2547,日勝生,16,10,6,高橋-內壢,2024-04-24,5323
2605,新興,8,2,6,高橋-內壢,2024-04-24,5323
4533,協易機,7,1,6,高橋-內壢,2024-04-24,5323
4915,致伸,6,0,6,高橋-內壢,2024-04-24,5323
5515,建國,6,0,6,高橋-內壢,2024-04-24,5323
3036,文曄,7,2,5,高橋-內壢,2024-04-24,5323
2427,三商電,5,0,5,高橋-內壢,2024-04-24,5323
2489,瑞軒,5,0,5,高橋-內壢,2024-04-24,5323
2501,國建,6,1,5,高橋-內壢,2024-04-24,5323
3231,緯創,60,55,5,高橋-內壢,2024-04-24,5323
3374,精材,5,0,5,高橋-內壢,2024-04-24,5323
3450,聯鈞,5,0,5,高橋-內壢,2024-04-24,5323
3715,定穎投控,5,0,5,高橋-內壢,2024-04-24,5323
4766,南寶,5,0,5,高橋-內壢,2024-04-24,5323
4909,新復興,5,0,5,高橋-內壢,2024-04-24,5323
5291,邑昇,5,0,5,高橋-內壢,2024-04-24,5323
2038,海光,10,6,4,高橋-內壢,2024-04-24,5323
2867,三商壽,5,1,4,高橋-內壢,2024-04-24,5323
3532,台勝科,6,2,4,高橋-內壢,2024-04-24,5323
3535,晶彩科,5,1,4,高橋-內壢,2024-04-24,5323
4526,東台,5,1,4,高橋-內壢,2024-04-24,5323
6239,力成,4,0,4,高橋-內壢,2024-04-24,5323
2504,國產,5,1,4,高橋-內壢,2024-04-24,5323
1612,宏泰,3,0,3,高橋-內壢,2024-04-24,5323
2887,台新金,118,0,118,高橋-內壢,2024-04-25,5323
6125,廣運,102,8,94,高橋-內壢,2024-04-25,5323
00929,復華台灣科技優息,70,2,68,高橋-內壢,2024-04-25,5323
0056,元大高股息,40,0,40,高橋-內壢,2024-04-25,5323
2317,鴻海,37,1,36,高橋-內壢,2024-04-25,5323
00941,中信上游半導體,30,0,30,高橋-內壢,2024-04-25,5323
5392,能率,30,0,30,高橋-內壢,2024-04-25,5323
00919,群益台灣精選高息,28,2,26,高橋-內壢,2024-04-25,5323
2382,廣達,52,30,22,高橋-內壢,2024-04-25,5323
00878,國泰永續高股息,20,0,20,高橋-內壢,2024-04-25,5323
4532,瑞智,25,7,18,高橋-內壢,2024-04-25,5323
00937B,群益ESG投等債20,17,0,17,高橋-內壢,2024-04-25,5323
2486,一詮,23,7,16,高橋-內壢,2024-04-25,5323
2547,日勝生,22,7,15,高橋-內壢,2024-04-25,5323
3231,緯創,17,2,15,高橋-內壢,2024-04-25,5323
6449,鈺邦,16,1,15,高橋-內壢,2024-04-25,5323
8150,南茂,15,0,15,高橋-內壢,2024-04-25,5323
2303,聯電,19,5,14,高橋-內壢,2024-04-25,5323
3686,達能,14,0,14,高橋-內壢,2024-04-25,5323
3481,群創,32,19,13,高橋-內壢,2024-04-25,5323
4908,前鼎,17,4,13,高橋-內壢,2024-04-25,5323
4979,華星光,15,2,13,高橋-內壢,2024-04-25,5323
5512,力麒,13,0,13,高橋-內壢,2024-04-25,5323
6139,亞翔,11,0,11,高橋-內壢,2024-04-25,5323
3035,智原,13,2,11,高橋-內壢,2024-04-25,5323
1605,華新,11,0,11,高橋-內壢,2024-04-25,5323
2610,華航,25,14,11,高橋-內壢,2024-04-25,5323
5251,天鉞電,12,1,11,高橋-內壢,2024-04-25,5323
8234,新漢,11,0,11,高橋-內壢,2024-04-25,5323
00680L,元大美債20正2,10,0,10,高橋-內壢,2024-04-25,5323
2609,陽明,12,2,10,高橋-內壢,2024-04-25,5323
1618,合機,9,0,9,高橋-內壢,2024-04-25,5323
2506,太設,9,0,9,高橋-內壢,2024-04-25,5323
2548,華固,9,0,9,高橋-內壢,2024-04-25,5323
00679B,元大美債20年,8,0,8,高橋-內壢,2024-04-25,5323
6552,易華電,8,0,8,高橋-內壢,2024-04-25,5323
2330,台積電,8,1,7,高橋-內壢,2024-04-25,5323
8046,南電,8,1,7,高橋-內壢,2024-04-25,5323
00687B,國泰20年美債,7,0,7,高橋-內壢,2024-04-25,5323
4303,信立,9,2,7,高橋-內壢,2024-04-25,5323
6244,茂迪,7,0,7,高橋-內壢,2024-04-25,5323
2881,富邦金,6,0,6,高橋-內壢,2024-04-25,5323
6770,力積電,9,3,6,高橋-內壢,2024-04-25,5323
1513,中興電,36,30,6,高橋-內壢,2024-04-25,5323
2362,藍天,6,0,6,高橋-內壢,2024-04-25,5323
3027,盛達,6,0,6,高橋-內壢,2024-04-25,5323
2342,茂矽,6,0,6,高橋-內壢,2024-04-25,5323
00939,統一台灣高息動能,5,0,5,高橋-內壢,2024-04-25,5323
1611,中電,5,0,5,高橋-內壢,2024-04-25,5323
2412,中華電,6,1,5,高橋-內壢,2024-04-25,5323
00940,元大台灣價值高息,53,2,51,高橋-內壢,2024-04-26,5323
00937B,群益ESG投等債20,36,0,36,高橋-內壢,2024-04-26,5323
00632R,元大台灣50反1,34,0,34,高橋-內壢,2024-04-26,5323
00637L,元大滬深300正2,30,0,30,高橋-內壢,2024-04-26,5323
3058,立德,30,0,30,高橋-內壢,2024-04-26,5323
2359,所羅門,28,5,23,高橋-內壢,2024-04-26,5323
5381,合正,32,9,23,高橋-內壢,2024-04-26,5323
1513,中興電,19,1,18,高橋-內壢,2024-04-26,5323
00751B,元大AAA至A公司債,17,0,17,高橋-內壢,2024-04-26,5323
1609,大亞,35,19,16,高橋-內壢,2024-04-26,5323
2317,鴻海,29,14,15,高橋-內壢,2024-04-26,5323
2371,大同,25,10,15,高橋-內壢,2024-04-26,5323
00712,復華富時不動產,14,0,14,高橋-內壢,2024-04-26,5323
2382,廣達,24,10,14,高橋-內壢,2024-04-26,5323
2486,一詮,40,27,13,高橋-內壢,2024-04-26,5323
5434,崇越,13,0,13,高橋-內壢,2024-04-26,5323
00772B,中信高評級公司債,12,0,12,高橋-內壢,2024-04-26,5323
6117,迎廣,13,1,12,高橋-內壢,2024-04-26,5323
2313,華通,12,1,11,高橋-內壢,2024-04-26,5323
1409,新纖,10,0,10,高橋-內壢,2024-04-26,5323
3016,嘉晶,10,0,10,高橋-內壢,2024-04-26,5323
5392,能率,10,0,10,高橋-內壢,2024-04-26,5323
9919,康那香,10,0,10,高橋-內壢,2024-04-26,5323
1522,堤維西,8,0,8,高橋-內壢,2024-04-26,5323
2002,中鋼,12,4,8,高橋-內壢,2024-04-26,5323
2007,燁興,8,0,8,高橋-內壢,2024-04-26,5323
5871,中租-KY,7,0,7,高橋-內壢,2024-04-26,5323
00679B,元大美債20年,7,0,7,高橋-內壢,2024-04-26,5323
5512,力麒,16,9,7,高橋-內壢,2024-04-26,5323
3231,緯創,15,9,6,高橋-內壢,2024-04-26,5323
1618,合機,13,7,6,高橋-內壢,2024-04-26,5323
2316,楠梓電,7,1,6,高橋-內壢,2024-04-26,5323
2405,輔信,8,2,6,高橋-內壢,2024-04-26,5323
2504,國產,8,2,6,高橋-內壢,2024-04-26,5323
5443,均豪,8,2,6,高橋-內壢,2024-04-26,5323
5009,榮剛,5,0,5,高橋-內壢,2024-04-26,5323
00720B,元大投資級公司債,5,0,5,高橋-內壢,2024-04-26,5323
00680L,元大美債20正2,5,0,5,高橋-內壢,2024-04-26,5323
00915,凱基優選高股息30,7,2,5,高橋-內壢,2024-04-26,5323
2109,華豐,5,0,5,高橋-內壢,2024-04-26,5323
2337,旺宏,5,0,5,高橋-內壢,2024-04-26,5323
2488,漢平,5,0,5,高橋-內壢,2024-04-26,5323
2489,瑞軒,5,0,5,高橋-內壢,2024-04-26,5323
2801,彰銀,5,0,5,高橋-內壢,2024-04-26,5323
2883,凱基金,5,0,5,高橋-內壢,2024-04-26,5323
3013,晟銘電,21,16,5,高橋-內壢,2024-04-26,5323
3037,欣興,7,2,5,高橋-內壢,2024-04-26,5323
3702,大聯大,5,0,5,高橋-內壢,2024-04-26,5323
5452,佶優,5,0,5,高橋-內壢,2024-04-26,5323
6244,茂迪,5,0,5,高橋-內壢,2024-04-26,5323
2605,新興,159,11,148,高橋-內壢,2024-04-29,5323
2609,陽明,122,34,88,高橋-內壢,2024-04-29,5323
5392,能率,80,2,78,高橋-內壢,2024-04-29,5323
2515,中工,137,69,68,高橋-內壢,2024-04-29,5323
2610,華航,95,36,59,高橋-內壢,2024-04-29,5323
2323,中環,106,50,56,高橋-內壢,2024-04-29,5323
2506,太設,56,1,55,高橋-內壢,2024-04-29,5323
00665L,富邦�琤肭磪囓�2,53,6,47,高橋-內壢,2024-04-29,5323
2618,長榮航,58,19,39,高橋-內壢,2024-04-29,5323
00937B,群益ESG投等債20,31,0,31,高橋-內壢,2024-04-29,5323
00650L,復華香港正2,30,3,27,高橋-內壢,2024-04-29,5323
2641,正德,26,0,26,高橋-內壢,2024-04-29,5323
2363,矽統,35,10,25,高橋-內壢,2024-04-29,5323
00753L,中信中國50正2,32,8,24,高橋-內壢,2024-04-29,5323
2038,海光,20,0,20,高橋-內壢,2024-04-29,5323
00632R,元大台灣50反1,16,0,16,高橋-內壢,2024-04-29,5323
2382,廣達,27,13,14,高橋-內壢,2024-04-29,5323
1618,合機,14,1,13,高橋-內壢,2024-04-29,5323
8054,安國,15,2,13,高橋-內壢,2024-04-29,5323
3264,欣銓,15,3,12,高橋-內壢,2024-04-29,5323
2731,雄獅,13,2,11,高橋-內壢,2024-04-29,5323
5706,鳳凰,16,5,11,高橋-內壢,2024-04-29,5323
00941,中信上游半導體,10,0,10,高橋-內壢,2024-04-29,5323
1504,東元,10,0,10,高橋-內壢,2024-04-29,5323
3028,增你強,10,0,10,高橋-內壢,2024-04-29,5323
4127,天良,11,1,10,高橋-內壢,2024-04-29,5323
5521,工信,10,0,10,高橋-內壢,2024-04-29,5323
6217,中探針,10,0,10,高橋-內壢,2024-04-29,5323
6530,創威,10,0,10,高橋-內壢,2024-04-29,5323
2412,中華電,10,1,9,高橋-內壢,2024-04-29,5323
2607,榮運,10,1,9,高橋-內壢,2024-04-29,5323
1609,大亞,24,16,8,高橋-內壢,2024-04-29,5323
2405,輔信,11,3,8,高橋-內壢,2024-04-29,5323
2867,三商壽,18,10,8,高橋-內壢,2024-04-29,5323
1440,南紡,11,4,7,高橋-內壢,2024-04-29,5323
2367,燿華,7,0,7,高橋-內壢,2024-04-29,5323
3312,弘憶股,16,9,7,高橋-內壢,2024-04-29,5323
2449,京元電子,8,2,6,高橋-內壢,2024-04-29,5323
3305,昇貿,6,0,6,高橋-內壢,2024-04-29,5323
3622,洋華,8,2,6,高橋-內壢,2024-04-29,5323
4743,合一,8,2,6,高橋-內壢,2024-04-29,5323
4909,新復興,8,2,6,高橋-內壢,2024-04-29,5323
6190,萬泰科,6,0,6,高橋-內壢,2024-04-29,5323
6230,尼得科超眾,6,1,5,高橋-內壢,2024-04-29,5323
00877,復華中國5G,5,0,5,高橋-內壢,2024-04-29,5323
2101,南港,6,1,5,高橋-內壢,2024-04-29,5323
2359,所羅門,13,8,5,高橋-內壢,2024-04-29,5323
2482,連宇,5,0,5,高橋-內壢,2024-04-29,5323
3027,盛達,5,0,5,高橋-內壢,2024-04-29,5323
4532,瑞智,5,0,5,高橋-內壢,2024-04-29,5323
2515,中工,146,0,146,高橋-內壢,2024-04-30,5323
2328,廣宇,58,1,57,高橋-內壢,2024-04-30,5323
2002,中鋼,57,5,52,高橋-內壢,2024-04-30,5323
2501,國建,58,7,51,高橋-內壢,2024-04-30,5323
00937B,群益ESG投等債20,43,0,43,高橋-內壢,2024-04-30,5323
2014,中鴻,41,0,41,高橋-內壢,2024-04-30,5323
00632R,元大台灣50反1,30,0,30,高橋-內壢,2024-04-30,5323
00929,復華台灣科技優息,46,20,26,高橋-內壢,2024-04-30,5323
00919,群益台灣精選高息,25,0,25,高橋-內壢,2024-04-30,5323
2367,燿華,27,2,25,高橋-內壢,2024-04-30,5323
8088,品安,25,0,25,高橋-內壢,2024-04-30,5323
2442,新美齊,27,5,22,高橋-內壢,2024-04-30,5323
2618,長榮航,50,29,21,高橋-內壢,2024-04-30,5323
8071,能率網通,20,0,20,高橋-內壢,2024-04-30,5323
6190,萬泰科,33,14,19,高橋-內壢,2024-04-30,5323
3163,波若威,18,1,17,高橋-內壢,2024-04-30,5323
2352,佳世達,15,0,15,高橋-內壢,2024-04-30,5323
5392,能率,12,0,12,高橋-內壢,2024-04-30,5323
6770,力積電,12,0,12,高橋-內壢,2024-04-30,5323
1316,上曜,13,1,12,高橋-內壢,2024-04-30,5323
00753L,中信中國50正2,21,10,11,高橋-內壢,2024-04-30,5323
1304,台聚,11,0,11,高橋-內壢,2024-04-30,5323
2913,農林,21,10,11,高橋-內壢,2024-04-30,5323
6875,國邑*,11,0,11,高橋-內壢,2024-04-30,5323
3706,神達,10,0,10,高橋-內壢,2024-04-30,5323
00931B,統一美債20年,10,0,10,高橋-內壢,2024-04-30,5323
2002A,中鋼特,10,0,10,高橋-內壢,2024-04-30,5323
3260,威剛,10,0,10,高橋-內壢,2024-04-30,5323
5457,宣德,10,0,10,高橋-內壢,2024-04-30,5323
6185,幃翔,10,0,10,高橋-內壢,2024-04-30,5323
6217,中探針,10,0,10,高橋-內壢,2024-04-30,5323
6257,矽格,10,0,10,高橋-內壢,2024-04-30,5323
2887,台新金,10,1,9,高橋-內壢,2024-04-30,5323
2007,燁興,18,9,9,高橋-內壢,2024-04-30,5323
2374,佳能,15,6,9,高橋-內壢,2024-04-30,5323
2317,鴻海,11,3,8,高橋-內壢,2024-04-30,5323
2363,矽統,30,22,8,高橋-內壢,2024-04-30,5323
2891,中信金,16,8,8,高橋-內壢,2024-04-30,5323
1314,中石化,49,42,7,高橋-內壢,2024-04-30,5323
1101,台泥,7,0,7,高橋-內壢,2024-04-30,5323
1907,永豐餘,10,3,7,高橋-內壢,2024-04-30,5323
3033,威健,10,3,7,高橋-內壢,2024-04-30,5323
6120,達運,9,2,7,高橋-內壢,2024-04-30,5323
3231,緯創,6,0,6,高橋-內壢,2024-04-30,5323
00939,統一台灣高息動能,8,2,6,高橋-內壢,2024-04-30,5323
2611,志信,12,6,6,高橋-內壢,2024-04-30,5323
2801,彰銀,6,0,6,高橋-內壢,2024-04-30,5323
5243,乙盛-KY,6,0,6,高橋-內壢,2024-04-30,5323
00899,FT潔淨能源,5,0,5,高橋-內壢,2024-04-30,5323
00669R,國泰美國道瓊反1,5,0,5,高橋-內壢,2024-04-30,5323
3481,群創,88,1,87,高橋-內壢,2024-05-02,5323
00665L,富邦�琤肭磪囓�2,89,3,86,高橋-內壢,2024-05-02,5323
00878,國泰永續高股息,54,0,54,高橋-內壢,2024-05-02,5323
00919,群益台灣精選高息,46,3,43,高橋-內壢,2024-05-02,5323
2337,旺宏,41,0,41,高橋-內壢,2024-05-02,5323
00637L,元大滬深300正2,40,0,40,高橋-內壢,2024-05-02,5323
2609,陽明,49,18,31,高橋-內壢,2024-05-02,5323
00929,復華台灣科技優息,50,21,29,高橋-內壢,2024-05-02,5323
00937B,群益ESG投等債20,28,0,28,高橋-內壢,2024-05-02,5323
8064,東捷,32,7,25,高橋-內壢,2024-05-02,5323
2515,中工,42,22,20,高橋-內壢,2024-05-02,5323
2352,佳世達,17,0,17,高橋-內壢,2024-05-02,5323
2356,英業達,14,0,14,高橋-內壢,2024-05-02,5323
6244,茂迪,14,0,14,高橋-內壢,2024-05-02,5323
2887,台新金,14,0,14,高橋-內壢,2024-05-02,5323
00941,中信上游半導體,12,0,12,高橋-內壢,2024-05-02,5323
1609,大亞,12,1,11,高橋-內壢,2024-05-02,5323
3363,上詮,14,3,11,高橋-內壢,2024-05-02,5323
3357,臺慶科,11,0,11,高橋-內壢,2024-05-02,5323
00632R,元大台灣50反1,10,0,10,高橋-內壢,2024-05-02,5323
00673R,期元大S＆P原油反1,10,0,10,高橋-內壢,2024-05-02,5323
00888,永豐台灣ESG,10,0,10,高橋-內壢,2024-05-02,5323
6116,彩晶,10,0,10,高橋-內壢,2024-05-02,5323
2383,台光電,10,0,10,高橋-內壢,2024-05-02,5323
00940,元大台灣價值高息,10,0,10,高橋-內壢,2024-05-02,5323
2497,怡利電,10,1,9,高橋-內壢,2024-05-02,5323
2330,台積電,11,2,9,高橋-內壢,2024-05-02,5323
2359,所羅門,8,0,8,高橋-內壢,2024-05-02,5323
2354,鴻準,8,0,8,高橋-內壢,2024-05-02,5323
2891,中信金,8,0,8,高橋-內壢,2024-05-02,5323
00679B,元大美債20年,13,6,7,高橋-內壢,2024-05-02,5323
0056,元大高股息,7,0,7,高橋-內壢,2024-05-02,5323
2313,華通,7,0,7,高橋-內壢,2024-05-02,5323
4743,合一,7,0,7,高橋-內壢,2024-05-02,5323
6117,迎廣,7,0,7,高橋-內壢,2024-05-02,5323
6770,力積電,7,0,7,高橋-內壢,2024-05-02,5323
1513,中興電,6,0,6,高橋-內壢,2024-05-02,5323
2353,宏��,6,0,6,高橋-內壢,2024-05-02,5323
2611,志信,9,3,6,高橋-內壢,2024-05-02,5323
2867,三商壽,10,4,6,高橋-內壢,2024-05-02,5323
3413,京鼎,6,0,6,高橋-內壢,2024-05-02,5323
8046,南電,5,0,5,高橋-內壢,2024-05-02,5323
1303,南亞,5,0,5,高橋-內壢,2024-05-02,5323
2363,矽統,11,6,5,高橋-內壢,2024-05-02,5323
2442,新美齊,5,0,5,高橋-內壢,2024-05-02,5323
2486,一詮,12,7,5,高橋-內壢,2024-05-02,5323
2511,太子,7,2,5,高橋-內壢,2024-05-02,5323
2641,正德,5,0,5,高橋-內壢,2024-05-02,5323
2888,新光金,5,0,5,高橋-內壢,2024-05-02,5323
3021,鴻名,5,0,5,高橋-內壢,2024-05-02,5323
00937B,群益ESG投等債20,83,0,83,高橋-內壢,2024-05-03,5323
6770,力積電,112,29,83,高橋-內壢,2024-05-03,5323
2515,中工,71,21,50,高橋-內壢,2024-05-03,5323
8054,安國,48,0,48,高橋-內壢,2024-05-03,5323
00936,台新永續高息中小,39,0,39,高橋-內壢,2024-05-03,5323
00878,國泰永續高股息,30,0,30,高橋-內壢,2024-05-03,5323
6120,達運,38,8,30,高橋-內壢,2024-05-03,5323
00919,群益台灣精選高息,41,12,29,高橋-內壢,2024-05-03,5323
3231,緯創,26,1,25,高橋-內壢,2024-05-03,5323
00857B,永豐20年美公債,24,0,24,高橋-內壢,2024-05-03,5323
2867,三商壽,24,0,24,高橋-內壢,2024-05-03,5323
3512,皇龍,22,0,22,高橋-內壢,2024-05-03,5323
2382,廣達,20,0,20,高橋-內壢,2024-05-03,5323
9105,泰金寶-DR,20,0,20,高橋-內壢,2024-05-03,5323
2883,凱基金,27,8,19,高橋-內壢,2024-05-03,5323
2609,陽明,48,31,17,高橋-內壢,2024-05-03,5323
00929,復華台灣科技優息,49,32,17,高橋-內壢,2024-05-03,5323
00891,中信關鍵半導體,16,0,16,高橋-內壢,2024-05-03,5323
1440,南紡,15,0,15,高橋-內壢,2024-05-03,5323
4714,永捷,28,14,14,高橋-內壢,2024-05-03,5323
5328,華容,13,0,13,高橋-內壢,2024-05-03,5323
1608,華榮,12,1,11,高橋-內壢,2024-05-03,5323
2323,中環,13,2,11,高橋-內壢,2024-05-03,5323
2801,彰銀,12,1,11,高橋-內壢,2024-05-03,5323
2836,高雄銀,11,0,11,高橋-內壢,2024-05-03,5323
2603,長榮,10,0,10,高橋-內壢,2024-05-03,5323
1301,台塑,10,0,10,高橋-內壢,2024-05-03,5323
5512,力麒,19,9,10,高橋-內壢,2024-05-03,5323
2371,大同,12,3,9,高橋-內壢,2024-05-03,5323
2329,華泰,10,1,9,高橋-內壢,2024-05-03,5323
4533,協易機,10,1,9,高橋-內壢,2024-05-03,5323
1460,宏遠,9,1,8,高橋-內壢,2024-05-03,5323
1605,華新,14,6,8,高橋-內壢,2024-05-03,5323
1618,合機,9,1,8,高橋-內壢,2024-05-03,5323
2349,錸德,8,0,8,高橋-內壢,2024-05-03,5323
2367,燿華,13,5,8,高橋-內壢,2024-05-03,5323
2405,輔信,10,2,8,高橋-內壢,2024-05-03,5323
2449,京元電子,8,0,8,高橋-內壢,2024-05-03,5323
3227,原相,8,0,8,高橋-內壢,2024-05-03,5323
5388,中磊,8,0,8,高橋-內壢,2024-05-03,5323
9933,中鼎,8,0,8,高橋-內壢,2024-05-03,5323
1316,上曜,24,16,8,高橋-內壢,2024-05-03,5323
00665L,富邦�琤肭磪囓�2,10,3,7,高橋-內壢,2024-05-03,5323
6016,康和證,7,0,7,高橋-內壢,2024-05-03,5323
2359,所羅門,10,5,5,高橋-內壢,2024-05-03,5323
00715L,期街口布蘭特正2,5,0,5,高橋-內壢,2024-05-03,5323
00669R,國泰美國道瓊反1,5,0,5,高橋-內壢,2024-05-03,5323
00934,中信成長高股息,10,5,5,高橋-內壢,2024-05-03,5323
2028,威致,5,0,5,高橋-內壢,2024-05-03,5323
2374,佳能,6,1,5,高橋-內壢,2024-05-03,5323
00929,復華台灣科技優息,146,31,115,高橋-內壢,2024-05-06,5323
2014,中鴻,103,0,103,高橋-內壢,2024-05-06,5323
00940,元大台灣價值高息,106,11,95,高橋-內壢,2024-05-06,5323
00942B,台新美A公司債20+,30,0,30,高橋-內壢,2024-05-06,5323
1618,合機,28,2,26,高橋-內壢,2024-05-06,5323
2534,宏盛,26,0,26,高橋-內壢,2024-05-06,5323
4967,十銓,27,1,26,高橋-內壢,2024-05-06,5323
2352,佳世達,27,4,23,高橋-內壢,2024-05-06,5323
2449,京元電子,23,3,20,高橋-內壢,2024-05-06,5323
5434,崇越,19,0,19,高橋-內壢,2024-05-06,5323
2515,中工,18,0,18,高橋-內壢,2024-05-06,5323
2883,凱基金,22,4,18,高橋-內壢,2024-05-06,5323
5512,力麒,21,3,18,高橋-內壢,2024-05-06,5323
5443,均豪,17,0,17,高橋-內壢,2024-05-06,5323
2323,中環,18,3,15,高橋-內壢,2024-05-06,5323
2324,仁寶,16,1,15,高橋-內壢,2024-05-06,5323
3287,廣寰科,12,1,11,高橋-內壢,2024-05-06,5323
00632R,元大台灣50反1,10,0,10,高橋-內壢,2024-05-06,5323
2038,海光,10,0,10,高橋-內壢,2024-05-06,5323
2313,華通,11,1,10,高橋-內壢,2024-05-06,5323
2401,凌陽,10,0,10,高橋-內壢,2024-05-06,5323
2516,新建,10,0,10,高橋-內壢,2024-05-06,5323
5508,永信建,10,0,10,高橋-內壢,2024-05-06,5323
6770,力積電,33,23,10,高橋-內壢,2024-05-06,5323
00936,台新永續高息中小,10,1,9,高橋-內壢,2024-05-06,5323
2618,長榮航,36,27,9,高橋-內壢,2024-05-06,5323
4958,臻鼎-KY,10,1,9,高橋-內壢,2024-05-06,5323
2542,興富發,14,6,8,高橋-內壢,2024-05-06,5323
00753L,中信中國50正2,12,4,8,高橋-內壢,2024-05-06,5323
2454,聯發科,8,0,8,高橋-內壢,2024-05-06,5323
2371,大同,18,11,7,高橋-內壢,2024-05-06,5323
2884,玉山金,12,5,7,高橋-內壢,2024-05-06,5323
00891,中信關鍵半導體,7,0,7,高橋-內壢,2024-05-06,5323
2501,國建,12,5,7,高橋-內壢,2024-05-06,5323
6269,台郡,7,0,7,高橋-內壢,2024-05-06,5323
6547,高端疫苗,7,0,7,高橋-內壢,2024-05-06,5323
6026,福邦證,7,0,7,高橋-內壢,2024-05-06,5323
2308,台達電,6,0,6,高橋-內壢,2024-05-06,5323
1217,愛之味,6,0,6,高橋-內壢,2024-05-06,5323
2329,華泰,7,1,6,高橋-內壢,2024-05-06,5323
3712,永崴投控,6,0,6,高橋-內壢,2024-05-06,5323
3715,定穎投控,6,0,6,高橋-內壢,2024-05-06,5323
9933,中鼎,6,0,6,高橋-內壢,2024-05-06,5323
00720B,元大投資級公司債,5,0,5,高橋-內壢,2024-05-06,5323
1727,中華化,5,0,5,高橋-內壢,2024-05-06,5323
1905,華紙,5,0,5,高橋-內壢,2024-05-06,5323
2103,台橡,5,0,5,高橋-內壢,2024-05-06,5323
2337,旺宏,5,0,5,高橋-內壢,2024-05-06,5323
2409,友達,5,0,5,高橋-內壢,2024-05-06,5323
2427,三商電,5,0,5,高橋-內壢,2024-05-06,5323
00878,國泰永續高股息,225,1,224,高橋-內壢,2024-05-07,5323
00882,中信中國高股息,85,8,77,高橋-內壢,2024-05-07,5323
2363,矽統,76,11,65,高橋-內壢,2024-05-07,5323
2515,中工,87,22,65,高橋-內壢,2024-05-07,5323
00936,台新永續高息中小,63,0,63,高橋-內壢,2024-05-07,5323
00929,復華台灣科技優息,54,0,54,高橋-內壢,2024-05-07,5323
2618,長榮航,49,5,44,高橋-內壢,2024-05-07,5323
00712,復華富時不動產,54,14,40,高橋-內壢,2024-05-07,5323
4938,和碩,34,0,34,高橋-內壢,2024-05-07,5323
2834,臺企銀,31,0,31,高橋-內壢,2024-05-07,5323
1609,大亞,40,11,29,高橋-內壢,2024-05-07,5323
4967,十銓,24,5,19,高橋-內壢,2024-05-07,5323
5388,中磊,19,0,19,高橋-內壢,2024-05-07,5323
2020,美亞,18,0,18,高橋-內壢,2024-05-07,5323
3013,晟銘電,22,5,17,高橋-內壢,2024-05-07,5323
2392,正崴,19,2,17,高橋-內壢,2024-05-07,5323
5515,建國,14,0,14,高橋-內壢,2024-05-07,5323
2836,高雄銀,13,0,13,高橋-內壢,2024-05-07,5323
3481,群創,14,1,13,高橋-內壢,2024-05-07,5323
6190,萬泰科,13,0,13,高橋-內壢,2024-05-07,5323
8429,金麗-KY,13,0,13,高橋-內壢,2024-05-07,5323
2367,燿華,15,3,12,高橋-內壢,2024-05-07,5323
1603,華電,11,0,11,高橋-內壢,2024-05-07,5323
00669R,國泰美國道瓊反1,10,0,10,高橋-內壢,2024-05-07,5323
1605,華新,11,1,10,高橋-內壢,2024-05-07,5323
1907,永豐餘,11,1,10,高橋-內壢,2024-05-07,5323
2610,華航,10,0,10,高橋-內壢,2024-05-07,5323
2867,三商壽,10,0,10,高橋-內壢,2024-05-07,5323
3059,華晶科,10,0,10,高橋-內壢,2024-05-07,5323
5531,鄉林,14,4,10,高橋-內壢,2024-05-07,5323
2007,燁興,9,0,9,高橋-內壢,2024-05-07,5323
3576,聯合再生,9,0,9,高橋-內壢,2024-05-07,5323
6269,台郡,11,2,9,高橋-內壢,2024-05-07,5323
6449,鈺邦,10,1,9,高橋-內壢,2024-05-07,5323
1319,東陽,8,0,8,高橋-內壢,2024-05-07,5323
00919,群益台灣精選高息,12,4,8,高橋-內壢,2024-05-07,5323
3338,泰碩,7,0,7,高橋-內壢,2024-05-07,5323
3363,上詮,12,5,7,高橋-內壢,2024-05-07,5323
5009,榮剛,7,0,7,高橋-內壢,2024-05-07,5323
00918,大華優利高填息30,6,0,6,高橋-內壢,2024-05-07,5323
2241,艾姆勒,6,0,6,高橋-內壢,2024-05-07,5323
2324,仁寶,6,0,6,高橋-內壢,2024-05-07,5323
2329,華泰,7,1,6,高橋-內壢,2024-05-07,5323
2527,宏璟,6,0,6,高橋-內壢,2024-05-07,5323
6125,廣運,6,0,6,高橋-內壢,2024-05-07,5323
8112,至上,6,1,5,高橋-內壢,2024-05-07,5323
00687B,國泰20年美債,5,0,5,高橋-內壢,2024-05-07,5323
1453,大將,5,0,5,高橋-內壢,2024-05-07,5323
2488,漢平,5,0,5,高橋-內壢,2024-05-07,5323
2505,國揚,5,0,5,高橋-內壢,2024-05-07,5323
00933B,國泰10Y+金融債,210,1,209,高橋-內壢,2024-05-08,5323
2637,慧洋-KY,109,4,105,高橋-內壢,2024-05-08,5323
2618,長榮航,79,0,79,高橋-內壢,2024-05-08,5323
4938,和碩,55,1,54,高橋-內壢,2024-05-08,5323
00929,復華台灣科技優息,58,14,44,高橋-內壢,2024-05-08,5323
2603,長榮,56,18,38,高橋-內壢,2024-05-08,5323
2374,佳能,48,11,37,高橋-內壢,2024-05-08,5323
00932,兆豐永續高息等權,37,0,37,高橋-內壢,2024-05-08,5323
00937B,群益ESG投等債20,30,0,30,高橋-內壢,2024-05-08,5323
2101,南港,31,1,30,高橋-內壢,2024-05-08,5323
00726B,國泰新興投等債,29,0,29,高橋-內壢,2024-05-08,5323
00632R,元大台灣50反1,25,0,25,高橋-內壢,2024-05-08,5323
2359,所羅門,25,5,20,高橋-內壢,2024-05-08,5323
8277,商丞,20,1,19,高橋-內壢,2024-05-08,5323
00882,中信中國高股息,20,2,18,高橋-內壢,2024-05-08,5323
2376,技嘉,32,15,17,高橋-內壢,2024-05-08,5323
4532,瑞智,15,0,15,高橋-內壢,2024-05-08,5323
5512,力麒,20,5,15,高橋-內壢,2024-05-08,5323
3231,緯創,25,12,13,高橋-內壢,2024-05-08,5323
1618,合機,27,14,13,高橋-內壢,2024-05-08,5323
2352,佳世達,13,0,13,高橋-內壢,2024-05-08,5323
1532,勤美,13,1,12,高橋-內壢,2024-05-08,5323
2515,中工,12,0,12,高橋-內壢,2024-05-08,5323
5871,中租-KY,13,1,12,高橋-內壢,2024-05-08,5323
1605,華新,11,0,11,高橋-內壢,2024-05-08,5323
2889,國票金,11,0,11,高橋-內壢,2024-05-08,5323
3024,憶聲,15,4,11,高橋-內壢,2024-05-08,5323
9945,潤泰新,11,0,11,高橋-內壢,2024-05-08,5323
2363,矽統,25,14,11,高橋-內壢,2024-05-08,5323
1457,宜進,10,0,10,高橋-內壢,2024-05-08,5323
00941,中信上游半導體,10,0,10,高橋-內壢,2024-05-08,5323
00936,台新永續高息中小,15,5,10,高橋-內壢,2024-05-08,5323
2516,新建,10,0,10,高橋-內壢,2024-05-08,5323
2915,潤泰全,10,0,10,高橋-內壢,2024-05-08,5323
8926,台汽電,10,0,10,高橋-內壢,2024-05-08,5323
2542,興富發,9,0,9,高橋-內壢,2024-05-08,5323
4958,臻鼎-KY,8,0,8,高橋-內壢,2024-05-08,5323
3036,文曄,8,0,8,高橋-內壢,2024-05-08,5323
00919,群益台灣精選高息,8,1,7,高橋-內壢,2024-05-08,5323
00918,大華優利高填息30,7,0,7,高橋-內壢,2024-05-08,5323
1905,華紙,7,0,7,高橋-內壢,2024-05-08,5323
2855,統一證,7,0,7,高橋-內壢,2024-05-08,5323
5388,中磊,7,0,7,高橋-內壢,2024-05-08,5323
00753L,中信中國50正2,12,6,6,高橋-內壢,2024-05-08,5323
00650L,復華香港正2,5,0,5,高橋-內壢,2024-05-08,5323
2617,台航,10,5,5,高橋-內壢,2024-05-08,5323
2888,新光金,10,5,5,高橋-內壢,2024-05-08,5323
3163,波若威,5,0,5,高橋-內壢,2024-05-08,5323
6163,華電網,5,0,5,高橋-內壢,2024-05-08,5323
3034,聯詠,5,1,4,高橋-內壢,2024-05-08,5323
00929,復華台灣科技優息,252,0,252,高橋-內壢,2024-05-09,5323
00933B,國泰10Y+金融債,133,0,133,高橋-內壢,2024-05-09,5323
2834,臺企銀,106,1,105,高橋-內壢,2024-05-09,5323
2618,長榮航,153,64,89,高橋-內壢,2024-05-09,5323
2367,燿華,66,6,60,高橋-內壢,2024-05-09,5323
2427,三商電,59,0,59,高橋-內壢,2024-05-09,5323
00946,群益科技高息成長,77,20,57,高橋-內壢,2024-05-09,5323
00937B,群益ESG投等債20,55,0,55,高橋-內壢,2024-05-09,5323
4532,瑞智,40,0,40,高橋-內壢,2024-05-09,5323
3231,緯創,42,8,34,高橋-內壢,2024-05-09,5323
2363,矽統,33,6,27,高橋-內壢,2024-05-09,5323
00726B,國泰新興投等債,26,0,26,高橋-內壢,2024-05-09,5323
1605,華新,28,4,24,高橋-內壢,2024-05-09,5323
9945,潤泰新,21,3,18,高橋-內壢,2024-05-09,5323
2352,佳世達,24,7,17,高橋-內壢,2024-05-09,5323
4979,華星光,18,1,17,高橋-內壢,2024-05-09,5323
6147,頎邦,20,3,17,高橋-內壢,2024-05-09,5323
2329,華泰,14,0,14,高橋-內壢,2024-05-09,5323
4533,協易機,14,0,14,高橋-內壢,2024-05-09,5323
1301,台塑,13,0,13,高橋-內壢,2024-05-09,5323
00940,元大台灣價值高息,13,0,13,高橋-內壢,2024-05-09,5323
2888,新光金,15,2,13,高橋-內壢,2024-05-09,5323
00878,國泰永續高股息,12,0,12,高橋-內壢,2024-05-09,5323
1513,中興電,12,1,11,高橋-內壢,2024-05-09,5323
4938,和碩,10,0,10,高橋-內壢,2024-05-09,5323
00877,復華中國5G,10,0,10,高橋-內壢,2024-05-09,5323
00680L,元大美債20正2,10,0,10,高橋-內壢,2024-05-09,5323
1905,華紙,10,0,10,高橋-內壢,2024-05-09,5323
2516,新建,10,0,10,高橋-內壢,2024-05-09,5323
2528,皇普,10,0,10,高橋-內壢,2024-05-09,5323
2537,聯上發,12,2,10,高橋-內壢,2024-05-09,5323
2542,興富發,11,1,10,高橋-內壢,2024-05-09,5323
6275,元山,10,0,10,高橋-內壢,2024-05-09,5323
1316,上曜,11,2,9,高橋-內壢,2024-05-09,5323
00936,台新永續高息中小,9,0,9,高橋-內壢,2024-05-09,5323
2610,華航,12,3,9,高橋-內壢,2024-05-09,5323
5871,中租-KY,9,1,8,高橋-內壢,2024-05-09,5323
00915,凱基優選高股息30,8,0,8,高橋-內壢,2024-05-09,5323
1815,富喬,8,0,8,高橋-內壢,2024-05-09,5323
2301,光寶科,10,2,8,高橋-內壢,2024-05-09,5323
2371,大同,15,7,8,高橋-內壢,2024-05-09,5323
6244,茂迪,8,0,8,高橋-內壢,2024-05-09,5323
5443,均豪,7,0,7,高橋-內壢,2024-05-09,5323
2408,南亞科,7,0,7,高橋-內壢,2024-05-09,5323
2457,飛宏,7,0,7,高橋-內壢,2024-05-09,5323
2612,中航,7,0,7,高橋-內壢,2024-05-09,5323
8112,至上,10,3,7,高橋-內壢,2024-05-09,5323
3036,文曄,6,0,6,高橋-內壢,2024-05-09,5323
4306,炎洲,6,0,6,高橋-內壢,2024-05-09,5323
5340,建榮,6,0,6,高橋-內壢,2024-05-09,5323
00929,復華台灣科技優息,124,1,123,高橋-內壢,2024-05-10,5323
2344,華邦電,99,0,99,高橋-內壢,2024-05-10,5323
4967,十銓,60,0,60,高橋-內壢,2024-05-10,5323
00946,群益科技高息成長,46,0,46,高橋-內壢,2024-05-10,5323
00944,野村趨勢動能高息,40,0,40,高橋-內壢,2024-05-10,5323
00878,國泰永續高股息,54,18,36,高橋-內壢,2024-05-10,5323
2313,華通,43,12,31,高橋-內壢,2024-05-10,5323
6215,和椿,22,0,22,高橋-內壢,2024-05-10,5323
3625,西勝,20,0,20,高橋-內壢,2024-05-10,5323
8112,至上,25,11,14,高橋-內壢,2024-05-10,5323
2382,廣達,20,6,14,高橋-內壢,2024-05-10,5323
4933,友輝,14,0,14,高橋-內壢,2024-05-10,5323
2371,大同,19,6,13,高橋-內壢,2024-05-10,5323
2906,高林,13,0,13,高橋-內壢,2024-05-10,5323
2317,鴻海,16,5,11,高橋-內壢,2024-05-10,5323
2601,益航,15,4,11,高橋-內壢,2024-05-10,5323
5434,崇越,11,0,11,高橋-內壢,2024-05-10,5323
1312,國喬,10,0,10,高橋-內壢,2024-05-10,5323
00669R,國泰美國道瓊反1,10,0,10,高橋-內壢,2024-05-10,5323
2731,雄獅,10,0,10,高橋-內壢,2024-05-10,5323
6016,康和證,10,0,10,高橋-內壢,2024-05-10,5323
8054,安國,13,3,10,高橋-內壢,2024-05-10,5323
8150,南茂,10,0,10,高橋-內壢,2024-05-10,5323
2441,超豐,9,0,9,高橋-內壢,2024-05-10,5323
3013,晟銘電,27,18,9,高橋-內壢,2024-05-10,5323
4949,有成精密,9,0,9,高橋-內壢,2024-05-10,5323
1304,台聚,10,2,8,高橋-內壢,2024-05-10,5323
2359,所羅門,22,14,8,高橋-內壢,2024-05-10,5323
1314,中石化,7,0,7,高橋-內壢,2024-05-10,5323
3305,昇貿,7,0,7,高橋-內壢,2024-05-10,5323
5512,力麒,8,1,7,高橋-內壢,2024-05-10,5323
6239,力成,7,0,7,高橋-內壢,2024-05-10,5323
00936,台新永續高息中小,7,1,6,高橋-內壢,2024-05-10,5323
2363,矽統,17,11,6,高橋-內壢,2024-05-10,5323
2376,技嘉,8,2,6,高橋-內壢,2024-05-10,5323
4903,聯光通,6,0,6,高橋-內壢,2024-05-10,5323
0056,元大高股息,5,0,5,高橋-內壢,2024-05-10,5323
2387,精元,5,0,5,高橋-內壢,2024-05-10,5323
2637,慧洋-KY,21,16,5,高橋-內壢,2024-05-10,5323
2855,統一證,10,5,5,高橋-內壢,2024-05-10,5323
3576,聯合再生,5,0,5,高橋-內壢,2024-05-10,5323
3705,永信,5,0,5,高橋-內壢,2024-05-10,5323
4543,萬在,5,0,5,高橋-內壢,2024-05-10,5323
4909,新復興,8,3,5,高橋-內壢,2024-05-10,5323
9105,泰金寶-DR,5,0,5,高橋-內壢,2024-05-10,5323
6139,亞翔,6,2,4,高橋-內壢,2024-05-10,5323
00932,兆豐永續高息等權,4,0,4,高橋-內壢,2024-05-10,5323
2421,建準,7,3,4,高橋-內壢,2024-05-10,5323
2546,根基,4,0,4,高橋-內壢,2024-05-10,5323
3363,上詮,6,2,4,高橋-內壢,2024-05-10,5323
00878,國泰永續高股息,358,0,358,高橋-內壢,2024-05-13,5323
00933B,國泰10Y+金融債,200,0,200,高橋-內壢,2024-05-13,5323
2618,長榮航,219,22,197,高橋-內壢,2024-05-13,5323
2406,國碩,183,3,180,高橋-內壢,2024-05-13,5323
2615,萬海,135,20,115,高橋-內壢,2024-05-13,5323
3481,群創,106,0,106,高橋-內壢,2024-05-13,5323
2337,旺宏,100,0,100,高橋-內壢,2024-05-13,5323
00929,復華台灣科技優息,72,0,72,高橋-內壢,2024-05-13,5323
00946,群益科技高息成長,54,0,54,高橋-內壢,2024-05-13,5323
5608,四維航,105,53,52,高橋-內壢,2024-05-13,5323
2891,中信金,51,15,36,高橋-內壢,2024-05-13,5323
4532,瑞智,31,0,31,高橋-內壢,2024-05-13,5323
1474,弘裕,26,0,26,高橋-內壢,2024-05-13,5323
2352,佳世達,26,1,25,高橋-內壢,2024-05-13,5323
2897,王道銀行,24,0,24,高橋-內壢,2024-05-13,5323
0056,元大高股息,17,0,17,高橋-內壢,2024-05-13,5323
2641,正德,29,12,17,高橋-內壢,2024-05-13,5323
6770,力積電,14,0,14,高橋-內壢,2024-05-13,5323
00937B,群益ESG投等債20,13,0,13,高橋-內壢,2024-05-13,5323
1618,合機,13,0,13,高橋-內壢,2024-05-13,5323
8093,保銳,13,0,13,高橋-內壢,2024-05-13,5323
00940,元大台灣價值高息,23,11,12,高橋-內壢,2024-05-13,5323
2515,中工,21,9,12,高橋-內壢,2024-05-13,5323
4933,友輝,12,0,12,高橋-內壢,2024-05-13,5323
2609,陽明,143,132,11,高橋-內壢,2024-05-13,5323
1513,中興電,16,5,11,高橋-內壢,2024-05-13,5323
00936,台新永續高息中小,11,0,11,高橋-內壢,2024-05-13,5323
00687B,國泰20年美債,11,0,11,高橋-內壢,2024-05-13,5323
4160,訊聯基因,11,0,11,高橋-內壢,2024-05-13,5323
6143,振曜,11,0,11,高橋-內壢,2024-05-13,5323
1710,東聯,10,0,10,高橋-內壢,2024-05-13,5323
2014,中鴻,10,0,10,高橋-內壢,2024-05-13,5323
2883,凱基金,10,0,10,高橋-內壢,2024-05-13,5323
2903,遠百,10,0,10,高橋-內壢,2024-05-13,5323
3379,彬台,10,0,10,高橋-內壢,2024-05-13,5323
6284,佳邦,10,0,10,高橋-內壢,2024-05-13,5323
2645,長榮航太,9,0,9,高橋-內壢,2024-05-13,5323
2867,三商壽,10,1,9,高橋-內壢,2024-05-13,5323
2882,國泰金,11,2,9,高橋-內壢,2024-05-13,5323
4960,誠美材,9,0,9,高橋-內壢,2024-05-13,5323
2637,慧洋-KY,22,13,9,高橋-內壢,2024-05-13,5323
00679B,元大美債20年,8,0,8,高橋-內壢,2024-05-13,5323
2834,臺企銀,19,12,7,高橋-內壢,2024-05-13,5323
2887,台新金,7,0,7,高橋-內壢,2024-05-13,5323
6547,高端疫苗,15,8,7,高橋-內壢,2024-05-13,5323
2374,佳能,64,58,6,高橋-內壢,2024-05-13,5323
1527,鑽全,6,0,6,高橋-內壢,2024-05-13,5323
2601,益航,6,0,6,高橋-內壢,2024-05-13,5323
2606,裕民,29,23,6,高橋-內壢,2024-05-13,5323
6530,創威,6,0,6,高橋-內壢,2024-05-13,5323
00878,國泰永續高股息,709,0,709,高橋-內壢,2024-05-14,5323
00946,群益科技高息成長,165,0,165,高橋-內壢,2024-05-14,5323
2897,王道銀行,132,1,131,高橋-內壢,2024-05-14,5323
2374,佳能,117,18,99,高橋-內壢,2024-05-14,5323
2618,長榮航,134,43,91,高橋-內壢,2024-05-14,5323
00632R,元大台灣50反1,80,0,80,高橋-內壢,2024-05-14,5323
00923,群益台ESG低碳50,80,0,80,高橋-內壢,2024-05-14,5323
00937B,群益ESG投等債20,66,0,66,高橋-內壢,2024-05-14,5323
2915,潤泰全,40,0,40,高橋-內壢,2024-05-14,5323
2515,中工,37,0,37,高橋-內壢,2024-05-14,5323
1527,鑽全,31,0,31,高橋-內壢,2024-05-14,5323
2834,臺企銀,35,5,30,高橋-內壢,2024-05-14,5323
9945,潤泰新,30,2,28,高橋-內壢,2024-05-14,5323
6215,和椿,25,2,23,高橋-內壢,2024-05-14,5323
2630,亞航,20,1,19,高橋-內壢,2024-05-14,5323
3005,神基,18,2,16,高橋-內壢,2024-05-14,5323
2344,華邦電,14,0,14,高橋-內壢,2024-05-14,5323
2511,太子,13,0,13,高橋-內壢,2024-05-14,5323
1524,耿鼎,12,0,12,高橋-內壢,2024-05-14,5323
1528,恩德,18,6,12,高橋-內壢,2024-05-14,5323
2371,大同,19,7,12,高橋-內壢,2024-05-14,5323
2486,一詮,13,1,12,高橋-內壢,2024-05-14,5323
8210,勤誠,17,5,12,高橋-內壢,2024-05-14,5323
1446,宏和,11,0,11,高橋-內壢,2024-05-14,5323
00687B,國泰20年美債,11,0,11,高橋-內壢,2024-05-14,5323
3390,旭軟,11,0,11,高橋-內壢,2024-05-14,5323
00669R,國泰美國道瓊反1,10,0,10,高橋-內壢,2024-05-14,5323
1227,佳格,10,0,10,高橋-內壢,2024-05-14,5323
2867,三商壽,10,0,10,高橋-內壢,2024-05-14,5323
4129,聯合,10,0,10,高橋-內壢,2024-05-14,5323
6239,力成,10,0,10,高橋-內壢,2024-05-14,5323
1316,上曜,9,0,9,高橋-內壢,2024-05-14,5323
3231,緯創,53,44,9,高橋-內壢,2024-05-14,5323
00929,復華台灣科技優息,11,3,8,高橋-內壢,2024-05-14,5323
00939,統一台灣高息動能,10,2,8,高橋-內壢,2024-05-14,5323
2542,興富發,8,0,8,高橋-內壢,2024-05-14,5323
2605,新興,144,136,8,高橋-內壢,2024-05-14,5323
2801,彰銀,8,0,8,高橋-內壢,2024-05-14,5323
1808,潤隆,7,0,7,高橋-內壢,2024-05-14,5323
1101,台泥,16,10,6,高橋-內壢,2024-05-14,5323
1522,堤維西,17,11,6,高橋-內壢,2024-05-14,5323
2612,中航,7,1,6,高橋-內壢,2024-05-14,5323
4967,十銓,6,0,6,高橋-內壢,2024-05-14,5323
5880,合庫金,6,0,6,高橋-內壢,2024-05-14,5323
1514,亞力,6,1,5,高橋-內壢,2024-05-14,5323
00637L,元大滬深300正2,5,0,5,高橋-內壢,2024-05-14,5323
2354,鴻準,7,2,5,高橋-內壢,2024-05-14,5323
2547,日勝生,5,0,5,高橋-內壢,2024-05-14,5323
2617,台航,5,0,5,高橋-內壢,2024-05-14,5323
2884,玉山金,5,0,5,高橋-內壢,2024-05-14,5323
2406,國碩,114,0,114,高橋-內壢,2024-05-15,5323
00946,群益科技高息成長,103,0,103,高橋-內壢,2024-05-15,5323
00632R,元大台灣50反1,88,0,88,高橋-內壢,2024-05-15,5323
2356,英業達,114,67,47,高橋-內壢,2024-05-15,5323
00929,復華台灣科技優息,52,8,44,高橋-內壢,2024-05-15,5323
00940,元大台灣價值高息,43,2,41,高橋-內壢,2024-05-15,5323
00919,群益台灣精選高息,41,1,40,高橋-內壢,2024-05-15,5323
4533,協易機,41,1,40,高橋-內壢,2024-05-15,5323
00937B,群益ESG投等債20,32,0,32,高橋-內壢,2024-05-15,5323
1527,鑽全,31,0,31,高橋-內壢,2024-05-15,5323
4716,大立,61,30,31,高橋-內壢,2024-05-15,5323
2367,燿華,54,27,27,高橋-內壢,2024-05-15,5323
2618,長榮航,22,0,22,高橋-內壢,2024-05-15,5323
2363,矽統,29,9,20,高橋-內壢,2024-05-15,5323
2371,大同,25,5,20,高橋-內壢,2024-05-15,5323
6753,龍德造船,23,8,15,高橋-內壢,2024-05-15,5323
2352,佳世達,16,1,15,高橋-內壢,2024-05-15,5323
4440,宜新實業,14,0,14,高橋-內壢,2024-05-15,5323
6215,和椿,43,30,13,高橋-內壢,2024-05-15,5323
2603,長榮,42,30,12,高橋-內壢,2024-05-15,5323
2323,中環,25,13,12,高橋-內壢,2024-05-15,5323
4532,瑞智,33,22,11,高橋-內壢,2024-05-15,5323
2515,中工,10,0,10,高橋-內壢,2024-05-15,5323
2915,潤泰全,10,0,10,高橋-內壢,2024-05-15,5323
3047,訊舟,16,6,10,高橋-內壢,2024-05-15,5323
5469,瀚宇博,12,2,10,高橋-內壢,2024-05-15,5323
2009,第一銅,10,2,8,高橋-內壢,2024-05-15,5323
2405,輔信,30,22,8,高橋-內壢,2024-05-15,5323
2605,新興,41,33,8,高橋-內壢,2024-05-15,5323
8011,台通,8,0,8,高橋-內壢,2024-05-15,5323
8033,雷虎,8,0,8,高橋-內壢,2024-05-15,5323
00891,中信關鍵半導體,10,3,7,高橋-內壢,2024-05-15,5323
00687B,國泰20年美債,7,0,7,高橋-內壢,2024-05-15,5323
2332,友訊,7,0,7,高橋-內壢,2024-05-15,5323
2731,雄獅,7,0,7,高橋-內壢,2024-05-15,5323
4967,十銓,7,0,7,高橋-內壢,2024-05-15,5323
5291,邑昇,7,0,7,高橋-內壢,2024-05-15,5323
9105,泰金寶-DR,7,0,7,高橋-內壢,2024-05-15,5323
2542,興富發,8,1,7,高橋-內壢,2024-05-15,5323
00665L,富邦�琤肭磪囓�2,6,0,6,高橋-內壢,2024-05-15,5323
00945B,凱基美國非投等債,6,0,6,高橋-內壢,2024-05-15,5323
1617,榮星,8,2,6,高橋-內壢,2024-05-15,5323
2617,台航,6,0,6,高橋-內壢,2024-05-15,5323
1453,大將,5,0,5,高橋-內壢,2024-05-15,5323
2302,麗正,5,0,5,高橋-內壢,2024-05-15,5323
2376,技嘉,7,2,5,高橋-內壢,2024-05-15,5323
2425,承啟,5,0,5,高橋-內壢,2024-05-15,5323
2538,基泰,5,0,5,高橋-內壢,2024-05-15,5323
4939,亞電,5,0,5,高橋-內壢,2024-05-15,5323
5309,系統電,5,0,5,高橋-內壢,2024-05-15,5323
00882,中信中國高股息,80,29,51,高橋-內壢,2024-05-16,5323
00929,復華台灣科技優息,78,28,50,高橋-內壢,2024-05-16,5323
00878,國泰永續高股息,45,1,44,高橋-內壢,2024-05-16,5323
4105,東洋,40,2,38,高橋-內壢,2024-05-16,5323
2352,佳世達,29,0,29,高橋-內壢,2024-05-16,5323
2020,美亞,25,0,25,高橋-內壢,2024-05-16,5323
2382,廣達,44,20,24,高橋-內壢,2024-05-16,5323
9105,泰金寶-DR,22,0,22,高橋-內壢,2024-05-16,5323
5351,鈺創,27,6,21,高橋-內壢,2024-05-16,5323
00632R,元大台灣50反1,24,4,20,高橋-內壢,2024-05-16,5323
6126,信音,20,0,20,高橋-內壢,2024-05-16,5323
2356,英業達,43,23,20,高橋-內壢,2024-05-16,5323
2888,新光金,16,0,16,高橋-內壢,2024-05-16,5323
3231,緯創,24,9,15,高橋-內壢,2024-05-16,5323
4440,宜新實業,15,0,15,高橋-內壢,2024-05-16,5323
2834,臺企銀,14,0,14,高橋-內壢,2024-05-16,5323
2915,潤泰全,17,5,12,高橋-內壢,2024-05-16,5323
4915,致伸,12,0,12,高橋-內壢,2024-05-16,5323
2365,昆盈,19,8,11,高橋-內壢,2024-05-16,5323
4716,大立,11,0,11,高橋-內壢,2024-05-16,5323
6753,龍德造船,13,2,11,高橋-內壢,2024-05-16,5323
00877,復華中國5G,10,0,10,高橋-內壢,2024-05-16,5323
00680L,元大美債20正2,20,10,10,高橋-內壢,2024-05-16,5323
1527,鑽全,10,0,10,高橋-內壢,2024-05-16,5323
2331,精英,10,0,10,高橋-內壢,2024-05-16,5323
2495,普安,10,0,10,高橋-內壢,2024-05-16,5323
3227,原相,10,0,10,高橋-內壢,2024-05-16,5323
4714,永捷,10,0,10,高橋-內壢,2024-05-16,5323
5425,台半,10,0,10,高橋-內壢,2024-05-16,5323
1815,富喬,10,0,10,高橋-內壢,2024-05-16,5323
1522,堤維西,12,3,9,高橋-內壢,2024-05-16,5323
00940,元大台灣價值高息,8,0,8,高橋-內壢,2024-05-16,5323
4532,瑞智,10,2,8,高橋-內壢,2024-05-16,5323
5434,崇越,10,2,8,高橋-內壢,2024-05-16,5323
6414,樺漢,7,0,7,高橋-內壢,2024-05-16,5323
2903,遠百,7,0,7,高橋-內壢,2024-05-16,5323
3645,達邁,7,0,7,高橋-內壢,2024-05-16,5323
1514,亞力,7,1,6,高橋-內壢,2024-05-16,5323
1312,國喬,10,4,6,高橋-內壢,2024-05-16,5323
3047,訊舟,11,5,6,高橋-內壢,2024-05-16,5323
4743,合一,7,1,6,高橋-內壢,2024-05-16,5323
9103,美德醫療-DR,6,0,6,高橋-內壢,2024-05-16,5323
1301,台塑,5,0,5,高橋-內壢,2024-05-16,5323
2208,台船,5,0,5,高橋-內壢,2024-05-16,5323
2374,佳能,12,7,5,高橋-內壢,2024-05-16,5323
2880,華南金,5,0,5,高橋-內壢,2024-05-16,5323
3015,全漢,5,0,5,高橋-內壢,2024-05-16,5323
4157,太景*-KY,5,0,5,高橋-內壢,2024-05-16,5323
6285,啟��,18,13,5,高橋-內壢,2024-05-16,5323
2363,矽統,19,15,4,高橋-內壢,2024-05-16,5323
1312,國喬,210,1,209,高橋-內壢,2024-05-17,5323
00929,復華台灣科技優息,152,6,146,高橋-內壢,2024-05-17,5323
2867,三商壽,100,3,97,高橋-內壢,2024-05-17,5323
2610,華航,239,148,91,高橋-內壢,2024-05-17,5323
2489,瑞軒,65,6,59,高橋-內壢,2024-05-17,5323
5608,四維航,56,1,55,高橋-內壢,2024-05-17,5323
00940,元大台灣價值高息,57,3,54,高橋-內壢,2024-05-17,5323
2605,新興,210,161,49,高橋-內壢,2024-05-17,5323
00939,統一台灣高息動能,43,1,42,高橋-內壢,2024-05-17,5323
00937B,群益ESG投等債20,40,0,40,高橋-內壢,2024-05-17,5323
2367,燿華,51,23,28,高橋-內壢,2024-05-17,5323
5392,能率,38,12,26,高橋-內壢,2024-05-17,5323
6770,力積電,37,12,25,高橋-內壢,2024-05-17,5323
00878,國泰永續高股息,49,26,23,高橋-內壢,2024-05-17,5323
2109,華豐,22,0,22,高橋-內壢,2024-05-17,5323
00877,復華中國5G,20,0,20,高橋-內壢,2024-05-17,5323
00944,野村趨勢動能高息,18,0,18,高橋-內壢,2024-05-17,5323
00946,群益科技高息成長,16,0,16,高橋-內壢,2024-05-17,5323
2609,陽明,22,7,15,高橋-內壢,2024-05-17,5323
2349,錸德,17,3,14,高橋-內壢,2024-05-17,5323
1514,亞力,13,0,13,高橋-內壢,2024-05-17,5323
00919,群益台灣精選高息,14,1,13,高橋-內壢,2024-05-17,5323
4440,宜新實業,13,0,13,高橋-內壢,2024-05-17,5323
5512,力麒,12,0,12,高橋-內壢,2024-05-17,5323
00679B,元大美債20年,11,0,11,高橋-內壢,2024-05-17,5323
2449,京元電子,13,2,11,高橋-內壢,2024-05-17,5323
2611,志信,12,1,11,高橋-內壢,2024-05-17,5323
3481,群創,12,1,11,高橋-內壢,2024-05-17,5323
8064,東捷,10,0,10,高橋-內壢,2024-05-17,5323
00680L,元大美債20正2,10,0,10,高橋-內壢,2024-05-17,5323
2838,聯邦銀,10,0,10,高橋-內壢,2024-05-17,5323
3260,威剛,10,0,10,高橋-內壢,2024-05-17,5323
3312,弘憶股,19,9,10,高橋-內壢,2024-05-17,5323
5425,台半,10,0,10,高橋-內壢,2024-05-17,5323
8089,康全電訊,10,0,10,高橋-內壢,2024-05-17,5323
2020,美亞,9,0,9,高橋-內壢,2024-05-17,5323
2323,中環,9,0,9,高橋-內壢,2024-05-17,5323
2801,彰銀,9,0,9,高橋-內壢,2024-05-17,5323
1618,合機,11,3,8,高橋-內壢,2024-05-17,5323
2440,太空梭,8,0,8,高橋-內壢,2024-05-17,5323
4766,南寶,8,0,8,高橋-內壢,2024-05-17,5323
2317,鴻海,16,9,7,高橋-內壢,2024-05-17,5323
00915,凱基優選高股息30,7,0,7,高橋-內壢,2024-05-17,5323
0056,元大高股息,7,0,7,高橋-內壢,2024-05-17,5323
1608,華榮,8,1,7,高橋-內壢,2024-05-17,5323
3033,威健,10,3,7,高橋-內壢,2024-05-17,5323
2641,正德,6,0,6,高橋-內壢,2024-05-17,5323
3303,岱稜,6,0,6,高橋-內壢,2024-05-17,5323
8150,南茂,6,0,6,高橋-內壢,2024-05-17,5323
1527,鑽全,5,0,5,高橋-內壢,2024-05-17,5323
2618,長榮航,357,5,352,高橋-內壢,2024-05-20,5323
6244,茂迪,100,3,97,高橋-內壢,2024-05-20,5323
00940,元大台灣價值高息,58,14,44,高橋-內壢,2024-05-20,5323
8033,雷虎,42,0,42,高橋-內壢,2024-05-20,5323
5512,力麒,30,0,30,高橋-內壢,2024-05-20,5323
2317,鴻海,35,9,26,高橋-內壢,2024-05-20,5323
3231,緯創,26,1,25,高橋-內壢,2024-05-20,5323
00937B,群益ESG投等債20,35,11,24,高橋-內壢,2024-05-20,5323
6189,豐藝,23,0,23,高橋-內壢,2024-05-20,5323
2359,所羅門,39,19,20,高橋-內壢,2024-05-20,5323
2603,長榮,38,18,20,高橋-內壢,2024-05-20,5323
2801,彰銀,20,0,20,高橋-內壢,2024-05-20,5323
2891,中信金,20,1,19,高橋-內壢,2024-05-20,5323
1815,富喬,20,2,18,高橋-內壢,2024-05-20,5323
2888,新光金,29,13,16,高橋-內壢,2024-05-20,5323
00632R,元大台灣50反1,15,0,15,高橋-內壢,2024-05-20,5323
2367,燿華,24,10,14,高橋-內壢,2024-05-20,5323
3312,弘憶股,14,0,14,高橋-內壢,2024-05-20,5323
00919,群益台灣精選高息,23,10,13,高橋-內壢,2024-05-20,5323
2353,宏��,13,0,13,高橋-內壢,2024-05-20,5323
2610,華航,44,31,13,高橋-內壢,2024-05-20,5323
1608,華榮,24,12,12,高橋-內壢,2024-05-20,5323
00946,群益科技高息成長,11,0,11,高橋-內壢,2024-05-20,5323
00878,國泰永續高股息,15,4,11,高橋-內壢,2024-05-20,5323
00857B,永豐20年美公債,11,0,11,高橋-內壢,2024-05-20,5323
3033,威健,14,3,11,高橋-內壢,2024-05-20,5323
4440,宜新實業,11,0,11,高橋-內壢,2024-05-20,5323
1219,福壽,10,0,10,高橋-內壢,2024-05-20,5323
00795B,中信美國公債20年,10,0,10,高橋-內壢,2024-05-20,5323
00669R,國泰美國道瓊反1,10,0,10,高橋-內壢,2024-05-20,5323
2393,億光,10,0,10,高橋-內壢,2024-05-20,5323
5521,工信,10,0,10,高橋-內壢,2024-05-20,5323
6799,來頡,10,0,10,高橋-內壢,2024-05-20,5323
2231,為升,9,0,9,高橋-內壢,2024-05-20,5323
2645,長榮航太,10,1,9,高橋-內壢,2024-05-20,5323
6190,萬泰科,10,1,9,高橋-內壢,2024-05-20,5323
00915,凱基優選高股息30,10,2,8,高橋-內壢,2024-05-20,5323
2467,志聖,9,1,8,高橋-內壢,2024-05-20,5323
2482,連宇,8,0,8,高橋-內壢,2024-05-20,5323
3024,憶聲,8,0,8,高橋-內壢,2024-05-20,5323
8071,能率網通,9,1,8,高橋-內壢,2024-05-20,5323
1711,永光,7,0,7,高橋-內壢,2024-05-20,5323
2020,美亞,20,13,7,高橋-內壢,2024-05-20,5323
2204,中華,7,0,7,高橋-內壢,2024-05-20,5323
2374,佳能,239,232,7,高橋-內壢,2024-05-20,5323
4967,十銓,7,0,7,高橋-內壢,2024-05-20,5323
2109,華豐,6,0,6,高橋-內壢,2024-05-20,5323
2329,華泰,6,0,6,高橋-內壢,2024-05-20,5323
2365,昆盈,12,6,6,高橋-內壢,2024-05-20,5323
2356,英業達,13,8,5,高橋-內壢,2024-05-20,5323
2014,中鴻,350,0,350,高橋-內壢,2024-05-21,5323
2374,佳能,277,59,218,高橋-內壢,2024-05-21,5323
1312,國喬,101,0,101,高橋-內壢,2024-05-21,5323
2515,中工,61,0,61,高橋-內壢,2024-05-21,5323
2605,新興,83,30,53,高橋-內壢,2024-05-21,5323
2867,三商壽,56,4,52,高橋-內壢,2024-05-21,5323
2897,王道銀行,41,0,41,高橋-內壢,2024-05-21,5323
00934,中信成長高股息,40,0,40,高橋-內壢,2024-05-21,5323
2891,中信金,51,11,40,高橋-內壢,2024-05-21,5323
00940,元大台灣價值高息,43,5,38,高橋-內壢,2024-05-21,5323
2241,艾姆勒,40,5,35,高橋-內壢,2024-05-21,5323
00937B,群益ESG投等債20,31,0,31,高橋-內壢,2024-05-21,5323
1304,台聚,30,0,30,高橋-內壢,2024-05-21,5323
00929,復華台灣科技優息,70,41,29,高橋-內壢,2024-05-21,5323
00878,國泰永續高股息,30,1,29,高橋-內壢,2024-05-21,5323
1219,福壽,30,1,29,高橋-內壢,2024-05-21,5323
2516,新建,23,0,23,高橋-內壢,2024-05-21,5323
2020,美亞,20,0,20,高橋-內壢,2024-05-21,5323
8358,金居,27,7,20,高橋-內壢,2024-05-21,5323
2363,矽統,36,16,20,高橋-內壢,2024-05-21,5323
8028,昇陽半導體,20,1,19,高橋-內壢,2024-05-21,5323
00753L,中信中國50正2,20,2,18,高橋-內壢,2024-05-21,5323
4967,十銓,20,3,17,高橋-內壢,2024-05-21,5323
5009,榮剛,17,0,17,高橋-內壢,2024-05-21,5323
2888,新光金,16,0,16,高橋-內壢,2024-05-21,5323
1612,宏泰,17,3,14,高橋-內壢,2024-05-21,5323
3033,威健,28,15,13,高橋-內壢,2024-05-21,5323
2883,凱基金,12,0,12,高橋-內壢,2024-05-21,5323
1609,大亞,13,2,11,高橋-內壢,2024-05-21,5323
00882,中信中國高股息,11,0,11,高橋-內壢,2024-05-21,5323
2007,燁興,17,6,11,高橋-內壢,2024-05-21,5323
2630,亞航,13,3,10,高橋-內壢,2024-05-21,5323
3705,永信,10,0,10,高橋-內壢,2024-05-21,5323
2382,廣達,12,3,9,高橋-內壢,2024-05-21,5323
4440,宜新實業,9,0,9,高橋-內壢,2024-05-21,5323
00665L,富邦�琤肭磪囓�2,11,3,8,高橋-內壢,2024-05-21,5323
0056,元大高股息,8,0,8,高橋-內壢,2024-05-21,5323
1702,南僑,8,0,8,高橋-內壢,2024-05-21,5323
3306,鼎天,11,3,8,高橋-內壢,2024-05-21,5323
2317,鴻海,14,7,7,高橋-內壢,2024-05-21,5323
2890,永豐金,7,0,7,高橋-內壢,2024-05-21,5323
5521,工信,7,0,7,高橋-內壢,2024-05-21,5323
6770,力積電,10,3,7,高橋-內壢,2024-05-21,5323
9945,潤泰新,6,0,6,高橋-內壢,2024-05-21,5323
1314,中石化,7,1,6,高橋-內壢,2024-05-21,5323
2383,台光電,7,1,6,高橋-內壢,2024-05-21,5323
2417,圓剛,9,3,6,高橋-內壢,2024-05-21,5323
2634,漢翔,6,0,6,高橋-內壢,2024-05-21,5323
2645,長榮航太,6,0,6,高橋-內壢,2024-05-21,5323
2855,統一證,6,0,6,高橋-內壢,2024-05-21,5323
2867,三商壽,173,0,173,高橋-內壢,2024-05-22,5323
2337,旺宏,103,0,103,高橋-內壢,2024-05-22,5323
00632R,元大台灣50反1,78,0,78,高橋-內壢,2024-05-22,5323
3481,群創,124,56,68,高橋-內壢,2024-05-22,5323
5392,能率,73,15,58,高橋-內壢,2024-05-22,5323
6125,廣運,55,6,49,高橋-內壢,2024-05-22,5323
4967,十銓,42,4,38,高橋-內壢,2024-05-22,5323
2610,華航,35,4,31,高橋-內壢,2024-05-22,5323
2736,富野,30,0,30,高橋-內壢,2024-05-22,5323
3013,晟銘電,35,9,26,高橋-內壢,2024-05-22,5323
00941,中信上游半導體,23,0,23,高橋-內壢,2024-05-22,5323
3706,神達,32,9,23,高橋-內壢,2024-05-22,5323
2109,華豐,22,0,22,高橋-內壢,2024-05-22,5323
5291,邑昇,22,0,22,高橋-內壢,2024-05-22,5323
00687B,國泰20年美債,21,0,21,高橋-內壢,2024-05-22,5323
2603,長榮,32,13,19,高橋-內壢,2024-05-22,5323
3231,緯創,27,8,19,高橋-內壢,2024-05-22,5323
8096,擎亞,18,0,18,高橋-內壢,2024-05-22,5323
4440,宜新實業,16,0,16,高橋-內壢,2024-05-22,5323
6116,彩晶,36,20,16,高橋-內壢,2024-05-22,5323
2002,中鋼,25,10,15,高橋-內壢,2024-05-22,5323
2890,永豐金,18,3,15,高橋-內壢,2024-05-22,5323
3005,神基,15,1,14,高橋-內壢,2024-05-22,5323
3260,威剛,13,0,13,高橋-內壢,2024-05-22,5323
4908,前鼎,13,0,13,高橋-內壢,2024-05-22,5323
5475,德宏,13,0,13,高橋-內壢,2024-05-22,5323
8110,華東,13,0,13,高橋-內壢,2024-05-22,5323
2009,第一銅,51,39,12,高橋-內壢,2024-05-22,5323
2038,海光,13,1,12,高橋-內壢,2024-05-22,5323
3047,訊舟,29,17,12,高橋-內壢,2024-05-22,5323
2634,漢翔,12,0,12,高橋-內壢,2024-05-22,5323
00665L,富邦�琤肭磪囓�2,11,0,11,高橋-內壢,2024-05-22,5323
1609,大亞,17,6,11,高橋-內壢,2024-05-22,5323
2354,鴻準,16,5,11,高橋-內壢,2024-05-22,5323
2367,燿華,17,7,10,高橋-內壢,2024-05-22,5323
1524,耿鼎,10,0,10,高橋-內壢,2024-05-22,5323
1227,佳格,10,0,10,高橋-內壢,2024-05-22,5323
2313,華通,12,2,10,高橋-內壢,2024-05-22,5323
2331,精英,10,0,10,高橋-內壢,2024-05-22,5323
4906,正文,10,0,10,高橋-內壢,2024-05-22,5323
5425,台半,10,0,10,高橋-內壢,2024-05-22,5323
6133,金橋,10,0,10,高橋-內壢,2024-05-22,5323
2374,佳能,41,32,9,高橋-內壢,2024-05-22,5323
4915,致伸,10,1,9,高橋-內壢,2024-05-22,5323
6188,廣明,22,13,9,高橋-內壢,2024-05-22,5323
8358,金居,10,1,9,高橋-內壢,2024-05-22,5323
2352,佳世達,27,19,8,高橋-內壢,2024-05-22,5323
2486,一詮,12,4,8,高橋-內壢,2024-05-22,5323
2489,瑞軒,20,12,8,高橋-內壢,2024-05-22,5323
3702,大聯大,10,2,8,高橋-內壢,2024-05-22,5323
2406,國碩,201,0,201,高橋-內壢,2024-05-23,5323
2605,新興,53,2,51,高橋-內壢,2024-05-23,5323
1605,華新,48,1,47,高橋-內壢,2024-05-23,5323
2897,王道銀行,42,0,42,高橋-內壢,2024-05-23,5323
1532,勤美,30,0,30,高橋-內壢,2024-05-23,5323
3481,群創,33,7,26,高橋-內壢,2024-05-23,5323
2352,佳世達,25,1,24,高橋-內壢,2024-05-23,5323
00936,台新永續高息中小,22,0,22,高橋-內壢,2024-05-23,5323
5443,均豪,21,0,21,高橋-內壢,2024-05-23,5323
4743,合一,22,1,21,高橋-內壢,2024-05-23,5323
8064,東捷,20,1,19,高橋-內壢,2024-05-23,5323
2453,凌群,23,5,18,高橋-內壢,2024-05-23,5323
2009,第一銅,47,30,17,高橋-內壢,2024-05-23,5323
2634,漢翔,20,3,17,高橋-內壢,2024-05-23,5323
6207,雷科,17,0,17,高橋-內壢,2024-05-23,5323
3702,大聯大,16,0,16,高橋-內壢,2024-05-23,5323
2371,大同,15,0,15,高橋-內壢,2024-05-23,5323
2324,仁寶,16,1,15,高橋-內壢,2024-05-23,5323
2427,三商電,15,0,15,高橋-內壢,2024-05-23,5323
8039,台虹,15,0,15,高橋-內壢,2024-05-23,5323
2356,英業達,17,3,14,高橋-內壢,2024-05-23,5323
1307,三芳,14,0,14,高橋-內壢,2024-05-23,5323
6147,頎邦,13,0,13,高橋-內壢,2024-05-23,5323
2421,建準,13,0,13,高橋-內壢,2024-05-23,5323
00937B,群益ESG投等債20,12,0,12,高橋-內壢,2024-05-23,5323
2002,中鋼,18,6,12,高橋-內壢,2024-05-23,5323
2354,鴻準,27,15,12,高橋-內壢,2024-05-23,5323
1319,東陽,11,0,11,高橋-內壢,2024-05-23,5323
2329,華泰,11,0,11,高橋-內壢,2024-05-23,5323
5392,能率,14,3,11,高橋-內壢,2024-05-23,5323
2834,臺企銀,16,5,11,高橋-內壢,2024-05-23,5323
2464,盟立,20,10,10,高橋-內壢,2024-05-23,5323
1227,佳格,10,0,10,高橋-內壢,2024-05-23,5323
00712,復華富時不動產,10,0,10,高橋-內壢,2024-05-23,5323
00918,大華優利高填息30,12,2,10,高橋-內壢,2024-05-23,5323
2409,友達,10,0,10,高橋-內壢,2024-05-23,5323
3705,永信,10,0,10,高橋-內壢,2024-05-23,5323
5871,中租-KY,10,0,10,高橋-內壢,2024-05-23,5323
3005,神基,15,5,10,高橋-內壢,2024-05-23,5323
00940,元大台灣價值高息,11,2,9,高橋-內壢,2024-05-23,5323
1303,南亞,9,0,9,高橋-內壢,2024-05-23,5323
2038,海光,9,0,9,高橋-內壢,2024-05-23,5323
2374,佳能,9,0,9,高橋-內壢,2024-05-23,5323
3163,波若威,23,14,9,高橋-內壢,2024-05-23,5323
3312,弘憶股,9,0,9,高橋-內壢,2024-05-23,5323
00944,野村趨勢動能高息,8,0,8,高橋-內壢,2024-05-23,5323
1802,台玻,9,1,8,高橋-內壢,2024-05-23,5323
2390,云辰,8,0,8,高橋-內壢,2024-05-23,5323
4440,宜新實業,8,0,8,高橋-內壢,2024-05-23,5323
5222,全訊,8,0,8,高橋-內壢,2024-05-23,5323
00895,富邦未來車,50,0,50,高橋-內壢,2024-05-24,5323
3576,聯合再生,50,0,50,高橋-內壢,2024-05-24,5323
2303,聯電,45,2,43,高橋-內壢,2024-05-24,5323
2486,一詮,77,41,36,高橋-內壢,2024-05-24,5323
00937B,群益ESG投等債20,33,0,33,高橋-內壢,2024-05-24,5323
2331,精英,30,0,30,高橋-內壢,2024-05-24,5323
4967,十銓,33,6,27,高橋-內壢,2024-05-24,5323
2515,中工,27,0,27,高橋-內壢,2024-05-24,5323
2834,臺企銀,27,0,27,高橋-內壢,2024-05-24,5323
00712,復華富時不動產,25,0,25,高橋-內壢,2024-05-24,5323
2891,中信金,25,1,24,高橋-內壢,2024-05-24,5323
6274,台燿,23,1,22,高橋-內壢,2024-05-24,5323
00940,元大台灣價值高息,22,1,21,高橋-內壢,2024-05-24,5323
1603,華電,20,0,20,高橋-內壢,2024-05-24,5323
3338,泰碩,22,4,18,高橋-內壢,2024-05-24,5323
2354,鴻準,20,5,15,高橋-內壢,2024-05-24,5323
2365,昆盈,36,21,15,高橋-內壢,2024-05-24,5323
3010,華立,15,0,15,高橋-內壢,2024-05-24,5323
3545,敦泰,13,1,12,高橋-內壢,2024-05-24,5323
2367,燿華,13,3,10,高橋-內壢,2024-05-24,5323
1524,耿鼎,10,0,10,高橋-內壢,2024-05-24,5323
2897,王道銀行,10,0,10,高橋-內壢,2024-05-24,5323
3535,晶彩科,10,0,10,高橋-內壢,2024-05-24,5323
2313,華通,10,1,9,高橋-內壢,2024-05-24,5323
3705,永信,8,0,8,高橋-內壢,2024-05-24,5323
3006,晶豪科,11,4,7,高橋-內壢,2024-05-24,5323
00757,統一FANG+,7,0,7,高橋-內壢,2024-05-24,5323
00932,兆豐永續高息等權,10,3,7,高橋-內壢,2024-05-24,5323
1802,台玻,9,2,7,高橋-內壢,2024-05-24,5323
3481,群創,13,6,7,高橋-內壢,2024-05-24,5323
6016,康和證,20,13,7,高橋-內壢,2024-05-24,5323
8050,廣積,7,0,7,高橋-內壢,2024-05-24,5323
2009,第一銅,9,3,6,高橋-內壢,2024-05-24,5323
1227,佳格,6,0,6,高橋-內壢,2024-05-24,5323
2324,仁寶,9,3,6,高橋-內壢,2024-05-24,5323
2401,凌陽,6,0,6,高橋-內壢,2024-05-24,5323
3227,原相,6,0,6,高橋-內壢,2024-05-24,5323
4909,新復興,9,3,6,高橋-內壢,2024-05-24,5323
5512,力麒,6,0,6,高橋-內壢,2024-05-24,5323
8096,擎亞,6,0,6,高橋-內壢,2024-05-24,5323
3689,湧德,7,1,6,高橋-內壢,2024-05-24,5323
3702,大聯大,5,0,5,高橋-內壢,2024-05-24,5323
00753L,中信中國50正2,7,2,5,高橋-內壢,2024-05-24,5323
1708,東鹼,5,0,5,高橋-內壢,2024-05-24,5323
2038,海光,5,0,5,高橋-內壢,2024-05-24,5323
2352,佳世達,5,0,5,高橋-內壢,2024-05-24,5323
3260,威剛,5,0,5,高橋-內壢,2024-05-24,5323
3706,神達,5,0,5,高橋-內壢,2024-05-24,5323
4440,宜新實業,5,0,5,高橋-內壢,2024-05-24,5323
4754,國碳科,5,0,5,高橋-內壢,2024-05-24,5323
2618,長榮航,197,6,191,高橋-內壢,2024-05-27,5323
4533,協易機,175,10,165,高橋-內壢,2024-05-27,5323
00712,復華富時不動產,109,0,109,高橋-內壢,2024-05-27,5323
1815,富喬,84,4,80,高橋-內壢,2024-05-27,5323
1513,中興電,53,0,53,高橋-內壢,2024-05-27,5323
00937B,群益ESG投等債20,34,0,34,高橋-內壢,2024-05-27,5323
4908,前鼎,29,0,29,高橋-內壢,2024-05-27,5323
3047,訊舟,35,8,27,高橋-內壢,2024-05-27,5323
2516,新建,25,0,25,高橋-內壢,2024-05-27,5323
2352,佳世達,25,1,24,高橋-內壢,2024-05-27,5323
2002,中鋼,26,3,23,高橋-內壢,2024-05-27,5323
5521,工信,20,0,20,高橋-內壢,2024-05-27,5323
6855,數泓科,20,0,20,高橋-內壢,2024-05-27,5323
4532,瑞智,20,2,18,高橋-內壢,2024-05-27,5323
2834,臺企銀,18,0,18,高橋-內壢,2024-05-27,5323
2009,第一銅,23,6,17,高橋-內壢,2024-05-27,5323
3033,威健,16,0,16,高橋-內壢,2024-05-27,5323
2609,陽明,29,16,13,高橋-內壢,2024-05-27,5323
2363,矽統,35,22,13,高橋-內壢,2024-05-27,5323
00891,中信關鍵半導體,12,0,12,高橋-內壢,2024-05-27,5323
2020,美亞,12,0,12,高橋-內壢,2024-05-27,5323
6117,迎廣,12,0,12,高橋-內壢,2024-05-27,5323
2883,凱基金,12,0,12,高橋-內壢,2024-05-27,5323
2369,菱生,19,8,11,高橋-內壢,2024-05-27,5323
2891,中信金,11,0,11,高橋-內壢,2024-05-27,5323
2367,燿華,18,8,10,高橋-內壢,2024-05-27,5323
1304,台聚,10,0,10,高橋-內壢,2024-05-27,5323
6239,力成,11,1,10,高橋-內壢,2024-05-27,5323
2330,台積電,9,1,8,高橋-內壢,2024-05-27,5323
4906,正文,16,8,8,高橋-內壢,2024-05-27,5323
4915,致伸,9,1,8,高橋-內壢,2024-05-27,5323
2014,中鴻,11,4,7,高橋-內壢,2024-05-27,5323
2313,華通,8,1,7,高橋-內壢,2024-05-27,5323
1905,華紙,7,0,7,高橋-內壢,2024-05-27,5323
2886,兆豐金,7,0,7,高橋-內壢,2024-05-27,5323
5498,凱崴,12,5,7,高橋-內壢,2024-05-27,5323
2023,燁輝,6,0,6,高橋-內壢,2024-05-27,5323
3312,弘憶股,21,15,6,高橋-內壢,2024-05-27,5323
3499,環天科,7,1,6,高橋-內壢,2024-05-27,5323
5351,鈺創,8,2,6,高橋-內壢,2024-05-27,5323
2417,圓剛,7,1,6,高橋-內壢,2024-05-27,5323
2611,志信,9,3,6,高橋-內壢,2024-05-27,5323
2353,宏��,21,16,5,高橋-內壢,2024-05-27,5323
1532,勤美,5,0,5,高橋-內壢,2024-05-27,5323
2906,高林,5,0,5,高橋-內壢,2024-05-27,5323
3062,建漢,7,2,5,高橋-內壢,2024-05-27,5323
4440,宜新實業,5,0,5,高橋-內壢,2024-05-27,5323
5243,乙盛-KY,5,0,5,高橋-內壢,2024-05-27,5323
9105,泰金寶-DR,44,39,5,高橋-內壢,2024-05-27,5323
1605,華新,4,0,4,高橋-內壢,2024-05-27,5323
00665L,富邦�琤肭磪囓�2,103,0,103,高橋-內壢,2024-05-28,5323
00929,復華台灣科技優息,66,0,66,高橋-內壢,2024-05-28,5323
8046,南電,61,8,53,高橋-內壢,2024-05-28,5323
00919,群益台灣精選高息,48,4,44,高橋-內壢,2024-05-28,5323
2363,矽統,46,4,42,高橋-內壢,2024-05-28,5323
00937B,群益ESG投等債20,40,0,40,高橋-內壢,2024-05-28,5323
1815,富喬,158,122,36,高橋-內壢,2024-05-28,5323
3312,弘憶股,40,4,36,高橋-內壢,2024-05-28,5323
00878,國泰永續高股息,43,10,33,高橋-內壢,2024-05-28,5323
2313,華通,27,0,27,高橋-內壢,2024-05-28,5323
2401,凌陽,37,10,27,高橋-內壢,2024-05-28,5323
2382,廣達,26,0,26,高橋-內壢,2024-05-28,5323
2405,輔信,35,12,23,高橋-內壢,2024-05-28,5323
2891,中信金,21,0,21,高橋-內壢,2024-05-28,5323
1612,宏泰,20,0,20,高橋-內壢,2024-05-28,5323
4533,協易機,20,0,20,高橋-內壢,2024-05-28,5323
8064,東捷,34,17,17,高橋-內壢,2024-05-28,5323
00915,凱基優選高股息30,16,0,16,高橋-內壢,2024-05-28,5323
2464,盟立,25,9,16,高橋-內壢,2024-05-28,5323
2357,華碩,16,0,16,高橋-內壢,2024-05-28,5323
5512,力麒,20,5,15,高橋-內壢,2024-05-28,5323
8071,能率網通,16,1,15,高橋-內壢,2024-05-28,5323
4532,瑞智,15,1,14,高橋-內壢,2024-05-28,5323
8028,昇陽半導體,14,1,13,高橋-內壢,2024-05-28,5323
2515,中工,11,0,11,高橋-內壢,2024-05-28,5323
2605,新興,15,4,11,高橋-內壢,2024-05-28,5323
2301,光寶科,10,0,10,高橋-內壢,2024-05-28,5323
1303,南亞,10,0,10,高橋-內壢,2024-05-28,5323
00632R,元大台灣50反1,10,0,10,高橋-內壢,2024-05-28,5323
1809,中釉,11,1,10,高橋-內壢,2024-05-28,5323
2324,仁寶,20,10,10,高橋-內壢,2024-05-28,5323
2617,台航,16,6,10,高橋-內壢,2024-05-28,5323
3591,艾笛森,10,0,10,高橋-內壢,2024-05-28,5323
4967,十銓,10,0,10,高橋-內壢,2024-05-28,5323
5607,遠雄港,10,0,10,高橋-內壢,2024-05-28,5323
6147,頎邦,10,0,10,高橋-內壢,2024-05-28,5323
6215,和椿,13,3,10,高橋-內壢,2024-05-28,5323
3227,原相,10,0,10,高橋-內壢,2024-05-28,5323
3234,光環,9,0,9,高橋-內壢,2024-05-28,5323
6270,倍微,10,1,9,高橋-內壢,2024-05-28,5323
2609,陽明,16,7,9,高橋-內壢,2024-05-28,5323
3715,定穎投控,9,1,8,高橋-內壢,2024-05-28,5323
3202,樺晟,7,0,7,高橋-內壢,2024-05-28,5323
2484,希華,8,1,7,高橋-內壢,2024-05-28,5323
3005,神基,7,0,7,高橋-內壢,2024-05-28,5323
5426,振發,12,5,7,高橋-內壢,2024-05-28,5323
2731,雄獅,7,1,6,高橋-內壢,2024-05-28,5323
00946,群益科技高息成長,6,0,6,高橋-內壢,2024-05-28,5323
2374,佳能,7,1,6,高橋-內壢,2024-05-28,5323
2886,兆豐金,6,0,6,高橋-內壢,2024-05-28,5323
00937B,群益ESG投等債20,257,0,257,高橋-內壢,2024-05-29,5323
2618,長榮航,148,11,137,高橋-內壢,2024-05-29,5323
00687B,國泰20年美債,136,2,134,高橋-內壢,2024-05-29,5323
2801,彰銀,107,0,107,高橋-內壢,2024-05-29,5323
2337,旺宏,105,0,105,高橋-內壢,2024-05-29,5323
2014,中鴻,101,0,101,高橋-內壢,2024-05-29,5323
1314,中石化,100,0,100,高橋-內壢,2024-05-29,5323
2832,台產,100,0,100,高橋-內壢,2024-05-29,5323
2888,新光金,103,24,79,高橋-內壢,2024-05-29,5323
00712,復華富時不動產,61,0,61,高橋-內壢,2024-05-29,5323
2883,凱基金,37,0,37,高橋-內壢,2024-05-29,5323
00918,大華優利高填息30,30,1,29,高橋-內壢,2024-05-29,5323
5498,凱崴,27,1,26,高橋-內壢,2024-05-29,5323
2891,中信金,36,10,26,高橋-內壢,2024-05-29,5323
2605,新興,42,17,25,高橋-內壢,2024-05-29,5323
2884,玉山金,25,0,25,高橋-內壢,2024-05-29,5323
2376,技嘉,36,12,24,高橋-內壢,2024-05-29,5323
00679B,元大美債20年,23,0,23,高橋-內壢,2024-05-29,5323
2610,華航,22,0,22,高橋-內壢,2024-05-29,5323
00751B,元大AAA至A公司債,21,0,21,高橋-內壢,2024-05-29,5323
00688L,國泰20年美債正2,20,0,20,高橋-內壢,2024-05-29,5323
5475,德宏,20,0,20,高橋-內壢,2024-05-29,5323
2609,陽明,24,5,19,高橋-內壢,2024-05-29,5323
2363,矽統,24,5,19,高橋-內壢,2024-05-29,5323
8112,至上,19,1,18,高橋-內壢,2024-05-29,5323
2031,新光鋼,17,0,17,高橋-內壢,2024-05-29,5323
00892,富邦台灣半導體,15,0,15,高橋-內壢,2024-05-29,5323
00795B,中信美國公債20年,15,0,15,高橋-內壢,2024-05-29,5323
1708,東鹼,15,0,15,高橋-內壢,2024-05-29,5323
3047,訊舟,16,1,15,高橋-內壢,2024-05-29,5323
2887,台新金,16,1,15,高橋-內壢,2024-05-29,5323
2353,宏��,43,29,14,高橋-內壢,2024-05-29,5323
2614,東森,13,0,13,高橋-內壢,2024-05-29,5323
00753L,中信中國50正2,17,4,13,高橋-內壢,2024-05-29,5323
1605,華新,13,0,13,高橋-內壢,2024-05-29,5323
4945,陞達科技,13,0,13,高橋-內壢,2024-05-29,5323
3013,晟銘電,19,7,12,高橋-內壢,2024-05-29,5323
00946,群益科技高息成長,14,2,12,高橋-內壢,2024-05-29,5323
2880,華南金,12,0,12,高橋-內壢,2024-05-29,5323
4440,宜新實業,15,3,12,高橋-內壢,2024-05-29,5323
2409,友達,11,0,11,高橋-內壢,2024-05-29,5323
2317,鴻海,22,12,10,高橋-內壢,2024-05-29,5323
1101,台泥,10,0,10,高橋-內壢,2024-05-29,5323
2101,南港,11,1,10,高橋-內壢,2024-05-29,5323
2323,中環,10,0,10,高橋-內壢,2024-05-29,5323
2897,王道銀行,20,10,10,高橋-內壢,2024-05-29,5323
5371,中光電,18,8,10,高橋-內壢,2024-05-29,5323
6207,雷科,11,1,10,高橋-內壢,2024-05-29,5323
6270,倍微,12,2,10,高橋-內壢,2024-05-29,5323
2615,萬海,15,5,10,高橋-內壢,2024-05-29,5323
4967,十銓,152,6,146,高橋-內壢,2024-05-30,5323
00679B,元大美債20年,115,0,115,高橋-內壢,2024-05-30,5323
3481,群創,88,5,83,高橋-內壢,2024-05-30,5323
00929,復華台灣科技優息,85,16,69,高橋-內壢,2024-05-30,5323
6270,倍微,48,0,48,高橋-內壢,2024-05-30,5323
5475,德宏,40,0,40,高橋-內壢,2024-05-30,5323
00772B,中信高評級公司債,34,0,34,高橋-內壢,2024-05-30,5323
00751B,元大AAA至A公司債,29,0,29,高橋-內壢,2024-05-30,5323
2354,鴻準,28,4,24,高橋-內壢,2024-05-30,5323
00919,群益台灣精選高息,25,2,23,高橋-內壢,2024-05-30,5323
2356,英業達,26,3,23,高橋-內壢,2024-05-30,5323
2109,華豐,22,0,22,高橋-內壢,2024-05-30,5323
4562,穎漢,24,3,21,高橋-內壢,2024-05-30,5323
2104,國際中橡,20,0,20,高橋-內壢,2024-05-30,5323
2363,矽統,17,1,16,高橋-內壢,2024-05-30,5323
3013,晟銘電,21,6,15,高橋-內壢,2024-05-30,5323
2353,宏��,26,11,15,高橋-內壢,2024-05-30,5323
1608,華榮,21,6,15,高橋-內壢,2024-05-30,5323
2886,兆豐金,15,0,15,高橋-內壢,2024-05-30,5323
00878,國泰永續高股息,15,0,15,高橋-內壢,2024-05-30,5323
2330,台積電,16,2,14,高橋-內壢,2024-05-30,5323
00918,大華優利高填息30,18,4,14,高橋-內壢,2024-05-30,5323
2367,燿華,14,0,14,高橋-內壢,2024-05-30,5323
00712,復華富時不動產,15,3,12,高橋-內壢,2024-05-30,5323
1718,中纖,12,0,12,高橋-內壢,2024-05-30,5323
2489,瑞軒,18,6,12,高橋-內壢,2024-05-30,5323
3231,緯創,12,0,12,高橋-內壢,2024-05-30,5323
0056,元大高股息,11,0,11,高橋-內壢,2024-05-30,5323
00882,中信中國高股息,11,0,11,高橋-內壢,2024-05-30,5323
1101,台泥,11,0,11,高橋-內壢,2024-05-30,5323
6284,佳邦,11,0,11,高橋-內壢,2024-05-30,5323
9105,泰金寶-DR,411,400,11,高橋-內壢,2024-05-30,5323
2313,華通,13,3,10,高橋-內壢,2024-05-30,5323
1319,東陽,10,0,10,高橋-內壢,2024-05-30,5323
2002,中鋼,10,0,10,高橋-內壢,2024-05-30,5323
2020,美亞,10,0,10,高橋-內壢,2024-05-30,5323
2312,金寶,10,0,10,高橋-內壢,2024-05-30,5323
2324,仁寶,11,1,10,高橋-內壢,2024-05-30,5323
2344,華邦電,10,0,10,高橋-內壢,2024-05-30,5323
2355,敬鵬,10,0,10,高橋-內壢,2024-05-30,5323
2601,益航,10,0,10,高橋-內壢,2024-05-30,5323
2913,農林,10,0,10,高橋-內壢,2024-05-30,5323
3380,明泰,10,0,10,高橋-內壢,2024-05-30,5323
4532,瑞智,10,0,10,高橋-內壢,2024-05-30,5323
5531,鄉林,10,0,10,高橋-內壢,2024-05-30,5323
6016,康和證,10,0,10,高橋-內壢,2024-05-30,5323
8046,南電,10,0,10,高橋-內壢,2024-05-30,5323
3374,精材,10,0,10,高橋-內壢,2024-05-30,5323
2891,中信金,9,0,9,高橋-內壢,2024-05-30,5323
00915,凱基優選高股息30,11,2,9,高橋-內壢,2024-05-30,5323
2888,新光金,247,92,155,高橋-內壢,2024-05-31,5323
00937B,群益ESG投等債20,129,0,129,高橋-內壢,2024-05-31,5323
00720B,元大投資級公司債,103,0,103,高橋-內壢,2024-05-31,5323
00929,復華台灣科技優息,134,32,102,高橋-內壢,2024-05-31,5323
00919,群益台灣精選高息,63,5,58,高橋-內壢,2024-05-31,5323
2609,陽明,88,33,55,高橋-內壢,2024-05-31,5323
5608,四維航,53,2,51,高橋-內壢,2024-05-31,5323
1718,中纖,47,2,45,高橋-內壢,2024-05-31,5323
2605,新興,54,11,43,高橋-內壢,2024-05-31,5323
2317,鴻海,37,3,34,高橋-內壢,2024-05-31,5323
8028,昇陽半導體,30,0,30,高橋-內壢,2024-05-31,5323
6126,信音,30,0,30,高橋-內壢,2024-05-31,5323
00940,元大台灣價值高息,30,1,29,高橋-內壢,2024-05-31,5323
2374,佳能,28,1,27,高橋-內壢,2024-05-31,5323
00918,大華優利高填息30,28,2,26,高橋-內壢,2024-05-31,5323
8071,能率網通,25,0,25,高橋-內壢,2024-05-31,5323
0056,元大高股息,24,0,24,高橋-內壢,2024-05-31,5323
2354,鴻準,61,38,23,高橋-內壢,2024-05-31,5323
2356,英業達,24,2,22,高橋-內壢,2024-05-31,5323
2002,中鋼,20,0,20,高橋-內壢,2024-05-31,5323
00733,富邦臺灣中小,19,0,19,高橋-內壢,2024-05-31,5323
1909,榮成,19,0,19,高橋-內壢,2024-05-31,5323
1314,中石化,20,3,17,高橋-內壢,2024-05-31,5323
2313,華通,19,3,16,高橋-內壢,2024-05-31,5323
8096,擎亞,14,0,14,高橋-內壢,2024-05-31,5323
4440,宜新實業,14,0,14,高橋-內壢,2024-05-31,5323
3231,緯創,23,9,14,高橋-內壢,2024-05-31,5323
00679B,元大美債20年,13,0,13,高橋-內壢,2024-05-31,5323
2382,廣達,19,7,12,高橋-內壢,2024-05-31,5323
8064,東捷,25,13,12,高橋-內壢,2024-05-31,5323
2454,聯發科,11,0,11,高橋-內壢,2024-05-31,5323
1316,上曜,11,0,11,高橋-內壢,2024-05-31,5323
4562,穎漢,13,3,10,高橋-內壢,2024-05-31,5323
0050,元大台灣50,9,0,9,高橋-內壢,2024-05-31,5323
1737,臺鹽,9,0,9,高橋-內壢,2024-05-31,5323
1815,富喬,17,8,9,高橋-內壢,2024-05-31,5323
3047,訊舟,19,10,9,高橋-內壢,2024-05-31,5323
3645,達邁,9,0,9,高橋-內壢,2024-05-31,5323
5498,凱崴,12,3,9,高橋-內壢,2024-05-31,5323
8112,至上,9,0,9,高橋-內壢,2024-05-31,5323
2409,友達,9,0,9,高橋-內壢,2024-05-31,5323
2610,華航,20,11,9,高橋-內壢,2024-05-31,5323
3033,威健,9,1,8,高橋-內壢,2024-05-31,5323
2363,矽統,10,2,8,高橋-內壢,2024-05-31,5323
00927,群益半導體收益,8,1,7,高橋-內壢,2024-05-31,5323
00943,兆豐電子高息等權,7,0,7,高橋-內壢,2024-05-31,5323
1536,和大,8,1,7,高橋-內壢,2024-05-31,5323
2324,仁寶,12,5,7,高橋-內壢,2024-05-31,5323
3227,原相,7,0,7,高橋-內壢,2024-05-31,5323
1445,大宇,6,0,6,高橋-內壢,2024-05-31,5323
1718,中纖,91,0,91,高橋-內壢,2024-06-03,5323
5291,邑昇,77,0,77,高橋-內壢,2024-06-03,5323
2618,長榮航,76,1,75,高橋-內壢,2024-06-03,5323
00919,群益台灣精選高息,72,8,64,高橋-內壢,2024-06-03,5323
00918,大華優利高填息30,71,10,61,高橋-內壢,2024-06-03,5323
2002,中鋼,62,1,61,高橋-內壢,2024-06-03,5323
2353,宏��,48,0,48,高橋-內壢,2024-06-03,5323
2427,三商電,40,6,34,高橋-內壢,2024-06-03,5323
2891,中信金,35,2,33,高橋-內壢,2024-06-03,5323
00937B,群益ESG投等債20,49,17,32,高橋-內壢,2024-06-03,5323
4440,宜新實業,37,5,32,高橋-內壢,2024-06-03,5323
2369,菱生,34,9,25,高橋-內壢,2024-06-03,5323
2367,燿華,31,7,24,高橋-內壢,2024-06-03,5323
2354,鴻準,27,9,18,高橋-內壢,2024-06-03,5323
2363,矽統,18,0,18,高橋-內壢,2024-06-03,5323
2883,凱基金,20,3,17,高橋-內壢,2024-06-03,5323
00946,群益科技高息成長,16,0,16,高橋-內壢,2024-06-03,5323
2495,普安,15,0,15,高橋-內壢,2024-06-03,5323
8112,至上,15,0,15,高橋-內壢,2024-06-03,5323
4566,時碩工業,16,2,14,高橋-內壢,2024-06-03,5323
8064,東捷,15,1,14,高橋-內壢,2024-06-03,5323
6163,華電網,13,1,12,高橋-內壢,2024-06-03,5323
00940,元大台灣價值高息,20,9,11,高橋-內壢,2024-06-03,5323
1515,力山,10,0,10,高橋-內壢,2024-06-03,5323
1314,中石化,10,0,10,高橋-內壢,2024-06-03,5323
00935,野村臺灣新科技50,10,0,10,高橋-內壢,2024-06-03,5323
2313,華通,11,1,10,高橋-內壢,2024-06-03,5323
2615,萬海,28,18,10,高橋-內壢,2024-06-03,5323
3306,鼎天,11,1,10,高橋-內壢,2024-06-03,5323
5608,四維航,10,0,10,高橋-內壢,2024-06-03,5323
6855,數泓科,10,0,10,高橋-內壢,2024-06-03,5323
3056,富華新,10,0,10,高橋-內壢,2024-06-03,5323
2514,龍邦,10,1,9,高橋-內壢,2024-06-03,5323
2317,鴻海,22,13,9,高橋-內壢,2024-06-03,5323
00720B,元大投資級公司債,8,0,8,高橋-內壢,2024-06-03,5323
2324,仁寶,9,1,8,高橋-內壢,2024-06-03,5323
2880,華南金,8,0,8,高橋-內壢,2024-06-03,5323
5371,中光電,9,1,8,高橋-內壢,2024-06-03,5323
1304,台聚,7,0,7,高橋-內壢,2024-06-03,5323
1522,堤維西,7,0,7,高橋-內壢,2024-06-03,5323
2489,瑞軒,7,0,7,高橋-內壢,2024-06-03,5323
2834,臺企銀,7,0,7,高橋-內壢,2024-06-03,5323
3374,精材,7,0,7,高橋-內壢,2024-06-03,5323
5426,振發,14,7,7,高橋-內壢,2024-06-03,5323
2605,新興,7,1,6,高橋-內壢,2024-06-03,5323
6282,康舒,6,0,6,高橋-內壢,2024-06-03,5323
9103,美德醫療-DR,9,3,6,高橋-內壢,2024-06-03,5323
00690,兆豐藍籌30,5,0,5,高橋-內壢,2024-06-03,5323
00891,中信關鍵半導體,6,1,5,高橋-內壢,2024-06-03,5323
1524,耿鼎,6,1,5,高橋-內壢,2024-06-03,5323
00936,台新永續高息中小,144,25,119,高橋-內壢,2024-06-04,5323
4967,十銓,111,25,86,高橋-內壢,2024-06-04,5323
1802,台玻,72,3,69,高橋-內壢,2024-06-04,5323
00919,群益台灣精選高息,73,10,63,高橋-內壢,2024-06-04,5323
00878,國泰永續高股息,50,0,50,高橋-內壢,2024-06-04,5323
6443,元晶,46,0,46,高橋-內壢,2024-06-04,5323
5880,合庫金,35,0,35,高橋-內壢,2024-06-04,5323
00918,大華優利高填息30,33,0,33,高橋-內壢,2024-06-04,5323
5475,德宏,30,0,30,高橋-內壢,2024-06-04,5323
2328,廣宇,36,7,29,高橋-內壢,2024-06-04,5323
00929,復華台灣科技優息,58,30,28,高橋-內壢,2024-06-04,5323
2354,鴻準,26,0,26,高橋-內壢,2024-06-04,5323
2368,金像電,24,0,24,高橋-內壢,2024-06-04,5323
2537,聯上發,26,4,22,高橋-內壢,2024-06-04,5323
8936,國統,22,3,19,高橋-內壢,2024-06-04,5323
2353,宏��,43,24,19,高橋-內壢,2024-06-04,5323
2603,長榮,30,14,16,高橋-內壢,2024-06-04,5323
2324,仁寶,20,5,15,高橋-內壢,2024-06-04,5323
2344,華邦電,15,0,15,高橋-內壢,2024-06-04,5323
5291,邑昇,14,0,14,高橋-內壢,2024-06-04,5323
2317,鴻海,17,3,14,高橋-內壢,2024-06-04,5323
8028,昇陽半導體,13,0,13,高橋-內壢,2024-06-04,5323
4526,東台,13,0,13,高橋-內壢,2024-06-04,5323
6163,華電網,14,1,13,高橋-內壢,2024-06-04,5323
1101,台泥,12,0,12,高橋-內壢,2024-06-04,5323
2303,聯電,34,22,12,高橋-內壢,2024-06-04,5323
4533,協易機,17,5,12,高橋-內壢,2024-06-04,5323
1313,聯成,11,0,11,高橋-內壢,2024-06-04,5323
00933B,國泰10Y+金融債,12,1,11,高橋-內壢,2024-06-04,5323
3260,威剛,11,0,11,高橋-內壢,2024-06-04,5323
2367,燿華,12,2,10,高橋-內壢,2024-06-04,5323
3231,緯創,11,1,10,高橋-內壢,2024-06-04,5323
1718,中纖,10,0,10,高橋-內壢,2024-06-04,5323
2330,台積電,10,0,10,高橋-內壢,2024-06-04,5323
2845,遠東銀,10,0,10,高橋-內壢,2024-06-04,5323
2891,中信金,10,0,10,高橋-內壢,2024-06-04,5323
4542,科嶠,10,0,10,高橋-內壢,2024-06-04,5323
6126,信音,10,0,10,高橋-內壢,2024-06-04,5323
6197,佳必琪,10,0,10,高橋-內壢,2024-06-04,5323
00687B,國泰20年美債,13,3,10,高橋-內壢,2024-06-04,5323
0056,元大高股息,10,0,10,高橋-內壢,2024-06-04,5323
2382,廣達,12,3,9,高橋-內壢,2024-06-04,5323
00946,群益科技高息成長,9,0,9,高橋-內壢,2024-06-04,5323
8064,東捷,9,0,9,高橋-內壢,2024-06-04,5323
2312,金寶,15,7,8,高橋-內壢,2024-06-04,5323
1303,南亞,8,0,8,高橋-內壢,2024-06-04,5323
2880,華南金,8,0,8,高橋-內壢,2024-06-04,5323
2363,矽統,29,22,7,高橋-內壢,2024-06-04,5323
1605,華新,7,0,7,高橋-內壢,2024-06-04,5323
2002,中鋼,7,0,7,高橋-內壢,2024-06-04,5323
00665L,富邦�琤肭磪囓�2,135,4,131,高橋-內壢,2024-06-05,5323
00919,群益台灣精選高息,126,8,118,高橋-內壢,2024-06-05,5323
2409,友達,108,2,106,高橋-內壢,2024-06-05,5323
00882,中信中國高股息,85,0,85,高橋-內壢,2024-06-05,5323
00929,復華台灣科技優息,112,30,82,高橋-內壢,2024-06-05,5323
2888,新光金,176,101,75,高橋-內壢,2024-06-05,5323
00918,大華優利高填息30,71,7,64,高橋-內壢,2024-06-05,5323
00878,國泰永續高股息,47,0,47,高橋-內壢,2024-06-05,5323
1718,中纖,47,0,47,高橋-內壢,2024-06-05,5323
00936,台新永續高息中小,65,22,43,高橋-內壢,2024-06-05,5323
00688L,國泰20年美債正2,40,0,40,高橋-內壢,2024-06-05,5323
00679B,元大美債20年,29,0,29,高橋-內壢,2024-06-05,5323
6855,數泓科,25,0,25,高橋-內壢,2024-06-05,5323
2486,一詮,30,6,24,高橋-內壢,2024-06-05,5323
00687B,國泰20年美債,24,1,23,高橋-內壢,2024-06-05,5323
2352,佳世達,23,0,23,高橋-內壢,2024-06-05,5323
1307,三芳,22,0,22,高橋-內壢,2024-06-05,5323
2331,精英,29,7,22,高橋-內壢,2024-06-05,5323
2303,聯電,24,2,22,高橋-內壢,2024-06-05,5323
8028,昇陽半導體,21,0,21,高橋-內壢,2024-06-05,5323
4532,瑞智,16,0,16,高橋-內壢,2024-06-05,5323
2867,三商壽,15,0,15,高橋-內壢,2024-06-05,5323
8064,東捷,18,3,15,高橋-內壢,2024-06-05,5323
2353,宏��,14,0,14,高橋-內壢,2024-06-05,5323
2313,華通,14,0,14,高橋-內壢,2024-06-05,5323
2356,英業達,16,2,14,高橋-內壢,2024-06-05,5323
3048,益登,16,2,14,高橋-內壢,2024-06-05,5323
8112,至上,15,1,14,高橋-內壢,2024-06-05,5323
2105,正新,13,0,13,高橋-內壢,2024-06-05,5323
2634,漢翔,13,0,13,高橋-內壢,2024-06-05,5323
8071,能率網通,13,1,12,高橋-內壢,2024-06-05,5323
00946,群益科技高息成長,11,0,11,高橋-內壢,2024-06-05,5323
2605,新興,12,1,11,高橋-內壢,2024-06-05,5323
2641,正德,11,0,11,高橋-內壢,2024-06-05,5323
6284,佳邦,11,0,11,高橋-內壢,2024-06-05,5323
0056,元大高股息,10,0,10,高橋-內壢,2024-06-05,5323
00933B,國泰10Y+金融債,11,1,10,高橋-內壢,2024-06-05,5323
1227,佳格,11,1,10,高橋-內壢,2024-06-05,5323
1304,台聚,10,0,10,高橋-內壢,2024-06-05,5323
2324,仁寶,10,0,10,高橋-內壢,2024-06-05,5323
3058,立德,10,0,10,高橋-內壢,2024-06-05,5323
3374,精材,11,1,10,高橋-內壢,2024-06-05,5323
8277,商丞,10,0,10,高橋-內壢,2024-06-05,5323
2891,中信金,10,1,9,高橋-內壢,2024-06-05,5323
3088,艾訊,9,0,9,高橋-內壢,2024-06-05,5323
5291,邑昇,8,0,8,高橋-內壢,2024-06-05,5323
1303,南亞,7,0,7,高橋-內壢,2024-06-05,5323
2489,瑞軒,28,21,7,高橋-內壢,2024-06-05,5323
4123,晟德,7,0,7,高橋-內壢,2024-06-05,5323
6188,廣明,7,0,7,高橋-內壢,2024-06-05,5323
00936,台新永續高息中小,145,0,145,高橋-內壢,2024-06-06,5323
00929,復華台灣科技優息,102,11,91,高橋-內壢,2024-06-06,5323
2409,友達,90,0,90,高橋-內壢,2024-06-06,5323
00882,中信中國高股息,82,0,82,高橋-內壢,2024-06-06,5323
00632R,元大台灣50反1,80,0,80,高橋-內壢,2024-06-06,5323
2605,新興,57,0,57,高橋-內壢,2024-06-06,5323
1718,中纖,49,2,47,高橋-內壢,2024-06-06,5323
2501,國建,45,3,42,高橋-內壢,2024-06-06,5323
1307,三芳,33,0,33,高橋-內壢,2024-06-06,5323
00933B,國泰10Y+金融債,33,0,33,高橋-內壢,2024-06-06,5323
5475,德宏,30,0,30,高橋-內壢,2024-06-06,5323
2312,金寶,40,11,29,高橋-內壢,2024-06-06,5323
00688L,國泰20年美債正2,20,0,20,高橋-內壢,2024-06-06,5323
2489,瑞軒,33,13,20,高橋-內壢,2024-06-06,5323
1609,大亞,20,1,19,高橋-內壢,2024-06-06,5323
3048,益登,19,1,18,高橋-內壢,2024-06-06,5323
2317,鴻海,23,7,16,高橋-內壢,2024-06-06,5323
2323,中環,15,0,15,高橋-內壢,2024-06-06,5323
2516,新建,15,0,15,高橋-內壢,2024-06-06,5323
4534,慶騰,15,0,15,高橋-內壢,2024-06-06,5323
1101,台泥,13,0,13,高橋-內壢,2024-06-06,5323
2332,友訊,12,0,12,高橋-內壢,2024-06-06,5323
1815,富喬,40,29,11,高橋-內壢,2024-06-06,5323
5284,jpp-KY,10,0,10,高橋-內壢,2024-06-06,5323
6438,迅得,10,0,10,高橋-內壢,2024-06-06,5323
1440,南紡,10,0,10,高橋-內壢,2024-06-06,5323
2913,農林,10,0,10,高橋-內壢,2024-06-06,5323
3481,群創,10,0,10,高橋-內壢,2024-06-06,5323
8064,東捷,10,0,10,高橋-內壢,2024-06-06,5323
00878,國泰永續高股息,9,0,9,高橋-內壢,2024-06-06,5323
2352,佳世達,9,0,9,高橋-內壢,2024-06-06,5323
2427,三商電,10,1,9,高橋-內壢,2024-06-06,5323
2611,志信,12,4,8,高橋-內壢,2024-06-06,5323
2884,玉山金,10,2,8,高橋-內壢,2024-06-06,5323
8936,國統,11,3,8,高橋-內壢,2024-06-06,5323
00713,元大台灣高息低波,7,0,7,高橋-內壢,2024-06-06,5323
5531,鄉林,10,3,7,高橋-內壢,2024-06-06,5323
2609,陽明,88,81,7,高橋-內壢,2024-06-06,5323
00946,群益科技高息成長,6,0,6,高橋-內壢,2024-06-06,5323
00687B,國泰20年美債,6,0,6,高橋-內壢,2024-06-06,5323
1303,南亞,7,1,6,高橋-內壢,2024-06-06,5323
4958,臻鼎-KY,6,0,6,高橋-內壢,2024-06-06,5323
5608,四維航,7,1,6,高橋-內壢,2024-06-06,5323
6189,豐藝,8,2,6,高橋-內壢,2024-06-06,5323
9105,泰金寶-DR,162,156,6,高橋-內壢,2024-06-06,5323
1305,華夏,5,0,5,高橋-內壢,2024-06-06,5323
3013,晟銘電,13,8,5,高橋-內壢,2024-06-06,5323
0056,元大高股息,8,3,5,高橋-內壢,2024-06-06,5323
1905,華紙,5,0,5,高橋-內壢,2024-06-06,5323
2029,盛餘,5,0,5,高橋-內壢,2024-06-06,5323
00936,台新永續高息中小,60,1,59,高橋-內壢,2024-06-07,5323
5475,德宏,53,0,53,高橋-內壢,2024-06-07,5323
2312,金寶,61,11,50,高橋-內壢,2024-06-07,5323
1802,台玻,55,6,49,高橋-內壢,2024-06-07,5323
00679B,元大美債20年,33,0,33,高橋-內壢,2024-06-07,5323
5434,崇越,32,0,32,高橋-內壢,2024-06-07,5323
2356,英業達,30,1,29,高橋-內壢,2024-06-07,5323
2352,佳世達,25,0,25,高橋-內壢,2024-06-07,5323
2371,大同,26,3,23,高橋-內壢,2024-06-07,5323
3231,緯創,25,3,22,高橋-內壢,2024-06-07,5323
3512,皇龍,22,0,22,高橋-內壢,2024-06-07,5323
1609,大亞,44,23,21,高橋-內壢,2024-06-07,5323
1314,中石化,21,1,20,高橋-內壢,2024-06-07,5323
00637L,元大滬深300正2,20,0,20,高橋-內壢,2024-06-07,5323
00877,復華中國5G,20,0,20,高橋-內壢,2024-06-07,5323
00918,大華優利高填息30,19,1,18,高橋-內壢,2024-06-07,5323
2883,凱基金,21,5,16,高橋-內壢,2024-06-07,5323
2421,建準,15,0,15,高橋-內壢,2024-06-07,5323
00933B,國泰10Y+金融債,14,0,14,高橋-內壢,2024-06-07,5323
2313,華通,33,20,13,高橋-內壢,2024-06-07,5323
00753L,中信中國50正2,17,5,12,高橋-內壢,2024-06-07,5323
2105,正新,10,0,10,高橋-內壢,2024-06-07,5323
3005,神基,10,0,10,高橋-內壢,2024-06-07,5323
6128,上福,10,0,10,高橋-內壢,2024-06-07,5323
2354,鴻準,10,1,9,高橋-內壢,2024-06-07,5323
1210,大成,9,0,9,高橋-內壢,2024-06-07,5323
00878,國泰永續高股息,9,0,9,高橋-內壢,2024-06-07,5323
1503,士電,29,20,9,高橋-內壢,2024-06-07,5323
2367,燿華,34,25,9,高橋-內壢,2024-06-07,5323
3437,榮創,9,0,9,高橋-內壢,2024-06-07,5323
2330,台積電,9,0,9,高橋-內壢,2024-06-07,5323
2486,一詮,15,7,8,高橋-內壢,2024-06-07,5323
3047,訊舟,11,3,8,高橋-內壢,2024-06-07,5323
3048,益登,21,13,8,高橋-內壢,2024-06-07,5323
5388,中磊,7,0,7,高橋-內壢,2024-06-07,5323
2204,中華,7,0,7,高橋-內壢,2024-06-07,5323
2615,萬海,26,19,7,高橋-內壢,2024-06-07,5323
2314,台揚,6,0,6,高橋-內壢,2024-06-07,5323
2515,中工,27,21,6,高橋-內壢,2024-06-07,5323
00909,國泰數位支付服務,5,0,5,高橋-內壢,2024-06-07,5323
00665L,富邦�琤肭磪囓�2,5,0,5,高橋-內壢,2024-06-07,5323
2324,仁寶,9,4,5,高橋-內壢,2024-06-07,5323
2457,飛宏,5,0,5,高橋-內壢,2024-06-07,5323
2641,正德,5,0,5,高橋-內壢,2024-06-07,5323
2910,統領,5,0,5,高橋-內壢,2024-06-07,5323
3228,金麗科,5,0,5,高橋-內壢,2024-06-07,5323
6190,萬泰科,6,1,5,高橋-內壢,2024-06-07,5323
6274,台燿,6,1,5,高橋-內壢,2024-06-07,5323
6449,鈺邦,5,0,5,高橋-內壢,2024-06-07,5323
6461,益得,5,0,5,高橋-內壢,2024-06-07,5323
2374,佳能,179,14,165,高橋-內壢,2024-06-11,5323
1718,中纖,113,0,113,高橋-內壢,2024-06-11,5323
00936,台新永續高息中小,95,5,90,高橋-內壢,2024-06-11,5323
00937B,群益ESG投等債20,84,0,84,高橋-內壢,2024-06-11,5323
2515,中工,78,0,78,高橋-內壢,2024-06-11,5323
2888,新光金,88,11,77,高橋-內壢,2024-06-11,5323
5475,德宏,67,0,67,高橋-內壢,2024-06-11,5323
2609,陽明,79,21,58,高橋-內壢,2024-06-11,5323
00918,大華優利高填息30,53,0,53,高橋-內壢,2024-06-11,5323
00929,復華台灣科技優息,47,0,47,高橋-內壢,2024-06-11,5323
2603,長榮,54,10,44,高橋-內壢,2024-06-11,5323
00919,群益台灣精選高息,44,2,42,高橋-內壢,2024-06-11,5323
00946,群益科技高息成長,31,0,31,高橋-內壢,2024-06-11,5323
2887,台新金,30,1,29,高橋-內壢,2024-06-11,5323
3481,群創,29,1,28,高橋-內壢,2024-06-11,5323
2501,國建,28,0,28,高橋-內壢,2024-06-11,5323
00878,國泰永續高股息,27,0,27,高橋-內壢,2024-06-11,5323
00687B,國泰20年美債,26,0,26,高橋-內壢,2024-06-11,5323
1609,大亞,30,4,26,高橋-內壢,2024-06-11,5323
2349,錸德,25,0,25,高橋-內壢,2024-06-11,5323
1608,華榮,27,5,22,高橋-內壢,2024-06-11,5323
2641,正德,22,0,22,高橋-內壢,2024-06-11,5323
4903,聯光通,22,0,22,高橋-內壢,2024-06-11,5323
1582,信錦,21,1,20,高橋-內壢,2024-06-11,5323
2615,萬海,22,3,19,高橋-內壢,2024-06-11,5323
1815,富喬,23,5,18,高橋-內壢,2024-06-11,5323
6016,康和證,16,0,16,高橋-內壢,2024-06-11,5323
00679B,元大美債20年,16,0,16,高橋-內壢,2024-06-11,5323
1781,合世,15,0,15,高橋-內壢,2024-06-11,5323
2002,中鋼,15,0,15,高橋-內壢,2024-06-11,5323
2355,敬鵬,23,8,15,高橋-內壢,2024-06-11,5323
2367,燿華,22,7,15,高橋-內壢,2024-06-11,5323
2516,新建,15,0,15,高橋-內壢,2024-06-11,5323
2537,聯上發,25,10,15,高橋-內壢,2024-06-11,5323
3231,緯創,16,1,15,高橋-內壢,2024-06-11,5323
1301,台塑,14,0,14,高橋-內壢,2024-06-11,5323
5392,能率,14,1,13,高橋-內壢,2024-06-11,5323
1514,亞力,15,3,12,高橋-內壢,2024-06-11,5323
2313,華通,11,0,11,高橋-內壢,2024-06-11,5323
2605,新興,112,101,11,高橋-內壢,2024-06-11,5323
6190,萬泰科,11,0,11,高橋-內壢,2024-06-11,5323
00712,復華富時不動產,12,2,10,高橋-內壢,2024-06-11,5323
00935,野村臺灣新科技50,10,0,10,高橋-內壢,2024-06-11,5323
1802,台玻,13,3,10,高橋-內壢,2024-06-11,5323
2834,臺企銀,11,1,10,高橋-內壢,2024-06-11,5323
3056,富華新,10,0,10,高橋-內壢,2024-06-11,5323
8087,麗升能源,10,0,10,高橋-內壢,2024-06-11,5323
2332,友訊,9,0,9,高橋-內壢,2024-06-11,5323
6569,醫揚,9,0,9,高橋-內壢,2024-06-11,5323
8044,網家,9,0,9,高橋-內壢,2024-06-11,5323
00946,群益科技高息成長,191,20,171,高橋-內壢,2024-06-12,5323
3047,訊舟,107,6,101,高橋-內壢,2024-06-12,5323
00712,復華富時不動產,85,0,85,高橋-內壢,2024-06-12,5323
2883,凱基金,92,10,82,高橋-內壢,2024-06-12,5323
2605,新興,62,0,62,高橋-內壢,2024-06-12,5323
2406,國碩,61,0,61,高橋-內壢,2024-06-12,5323
2609,陽明,69,28,41,高橋-內壢,2024-06-12,5323
00918,大華優利高填息30,36,0,36,高橋-內壢,2024-06-12,5323
2515,中工,34,0,34,高橋-內壢,2024-06-12,5323
00687B,國泰20年美債,53,20,33,高橋-內壢,2024-06-12,5323
3231,緯創,43,14,29,高橋-內壢,2024-06-12,5323
2867,三商壽,31,5,26,高橋-內壢,2024-06-12,5323
3535,晶彩科,24,1,23,高橋-內壢,2024-06-12,5323
3625,西勝,22,1,21,高橋-內壢,2024-06-12,5323
2007,燁興,20,0,20,高橋-內壢,2024-06-12,5323
5258,虹堡,20,0,20,高橋-內壢,2024-06-12,5323
00948B,中信優息投資級債,19,0,19,高橋-內壢,2024-06-12,5323
2353,宏��,24,8,16,高橋-內壢,2024-06-12,5323
2884,玉山金,20,5,15,高橋-內壢,2024-06-12,5323
2516,新建,15,1,14,高橋-內壢,2024-06-12,5323
3481,群創,14,1,13,高橋-內壢,2024-06-12,5323
2610,華航,52,40,12,高橋-內壢,2024-06-12,5323
912000,晨訊科-DR,12,0,12,高橋-內壢,2024-06-12,5323
00877,復華中國5G,10,0,10,高橋-內壢,2024-06-12,5323
00942B,台新美A公司債20+,10,0,10,高橋-內壢,2024-06-12,5323
2486,一詮,14,4,10,高橋-內壢,2024-06-12,5323
3543,州巧,10,0,10,高橋-內壢,2024-06-12,5323
2603,長榮,23,13,10,高橋-內壢,2024-06-12,5323
1301,台塑,13,4,9,高橋-內壢,2024-06-12,5323
00940,元大台灣價值高息,10,1,9,高橋-內壢,2024-06-12,5323
2002,中鋼,9,0,9,高橋-內壢,2024-06-12,5323
2409,友達,9,0,9,高橋-內壢,2024-06-12,5323
2495,普安,9,0,9,高橋-內壢,2024-06-12,5323
5607,遠雄港,9,0,9,高橋-內壢,2024-06-12,5323
9103,美德醫療-DR,11,2,9,高橋-內壢,2024-06-12,5323
2615,萬海,17,8,9,高橋-內壢,2024-06-12,5323
2354,鴻準,13,5,8,高橋-內壢,2024-06-12,5323
1609,大亞,12,5,7,高橋-內壢,2024-06-12,5323
8044,網家,7,0,7,高橋-內壢,2024-06-12,5323
4912,聯德控股-KY,6,0,6,高橋-內壢,2024-06-12,5323
5434,崇越,10,4,6,高橋-內壢,2024-06-12,5323
2887,台新金,6,0,6,高橋-內壢,2024-06-12,5323
2351,順德,7,2,5,高橋-內壢,2024-06-12,5323
1109,信大,5,0,5,高橋-內壢,2024-06-12,5323
00947,台新臺灣IC設計,5,0,5,高橋-內壢,2024-06-12,5323
00882,中信中國高股息,21,16,5,高橋-內壢,2024-06-12,5323
1503,士電,6,1,5,高橋-內壢,2024-06-12,5323
1445,大宇,5,0,5,高橋-內壢,2024-06-12,5323
1339,昭輝,5,0,5,高橋-內壢,2024-06-12,5323
1718,中纖,5,0,5,高橋-內壢,2024-06-12,5323
00948B,中信優息投資級債,160,0,160,高橋-內壢,2024-06-13,5323
00882,中信中國高股息,81,0,81,高橋-內壢,2024-06-13,5323
00936,台新永續高息中小,50,0,50,高橋-內壢,2024-06-13,5323
00687B,國泰20年美債,50,1,49,高橋-內壢,2024-06-13,5323
00632R,元大台灣50反1,35,0,35,高橋-內壢,2024-06-13,5323
2002,中鋼,30,0,30,高橋-內壢,2024-06-13,5323
00946,群益科技高息成長,40,11,29,高橋-內壢,2024-06-13,5323
2464,盟立,24,3,21,高橋-內壢,2024-06-13,5323
2867,三商壽,33,13,20,高橋-內壢,2024-06-13,5323
3481,群創,21,4,17,高橋-內壢,2024-06-13,5323
2374,佳能,16,1,15,高橋-內壢,2024-06-13,5323
2618,長榮航,16,1,15,高橋-內壢,2024-06-13,5323
2888,新光金,15,0,15,高橋-內壢,2024-06-13,5323
6269,台郡,15,0,15,高橋-內壢,2024-06-13,5323
2027,大成鋼,14,0,14,高橋-內壢,2024-06-13,5323
2349,錸德,13,0,13,高橋-內壢,2024-06-13,5323
4909,新復興,17,5,12,高橋-內壢,2024-06-13,5323
1409,新纖,11,0,11,高橋-內壢,2024-06-13,5323
2903,遠百,11,0,11,高橋-內壢,2024-06-13,5323
2365,昆盈,17,7,10,高橋-內壢,2024-06-13,5323
2419,仲琦,10,0,10,高橋-內壢,2024-06-13,5323
3306,鼎天,14,4,10,高橋-內壢,2024-06-13,5323
5388,中磊,10,0,10,高橋-內壢,2024-06-13,5323
6207,雷科,11,1,10,高橋-內壢,2024-06-13,5323
3455,由田,10,0,10,高橋-內壢,2024-06-13,5323
2609,陽明,23,15,8,高橋-內壢,2024-06-13,5323
2368,金像電,9,1,8,高橋-內壢,2024-06-13,5323
2105,正新,8,0,8,高橋-內壢,2024-06-13,5323
2809,京城銀,8,0,8,高橋-內壢,2024-06-13,5323
2603,長榮,11,4,7,高橋-內壢,2024-06-13,5323
3231,緯創,9,2,7,高橋-內壢,2024-06-13,5323
1513,中興電,21,14,7,高橋-內壢,2024-06-13,5323
2353,宏��,11,4,7,高橋-內壢,2024-06-13,5323
6290,良維,7,0,7,高橋-內壢,2024-06-13,5323
2367,燿華,21,14,7,高橋-內壢,2024-06-13,5323
2449,京元電子,12,5,7,高橋-內壢,2024-06-13,5323
5392,能率,8,2,6,高橋-內壢,2024-06-13,5323
6139,亞翔,7,2,5,高橋-內壢,2024-06-13,5323
1475,業旺,5,0,5,高橋-內壢,2024-06-13,5323
1524,耿鼎,5,0,5,高橋-內壢,2024-06-13,5323
1616,億泰,5,0,5,高橋-內壢,2024-06-13,5323
1718,中纖,5,0,5,高橋-內壢,2024-06-13,5323
2208,台船,5,0,5,高橋-內壢,2024-06-13,5323
2390,云辰,5,0,5,高橋-內壢,2024-06-13,5323
5347,世界,6,1,5,高橋-內壢,2024-06-13,5323
6215,和椿,6,1,5,高橋-內壢,2024-06-13,5323
6443,元晶,5,0,5,高橋-內壢,2024-06-13,5323
8033,雷虎,5,0,5,高橋-內壢,2024-06-13,5323
8040,九暘,5,0,5,高橋-內壢,2024-06-13,5323
912000,晨訊科-DR,5,0,5,高橋-內壢,2024-06-13,5323
2609,陽明,468,37,431,高橋-內壢,2024-06-14,5323
2605,新興,203,1,202,高橋-內壢,2024-06-14,5323
00929,復華台灣科技優息,176,86,90,高橋-內壢,2024-06-14,5323
4714,永捷,76,0,76,高橋-內壢,2024-06-14,5323
2374,佳能,62,2,60,高橋-內壢,2024-06-14,5323
2618,長榮航,70,10,60,高橋-內壢,2024-06-14,5323
00948B,中信優息投資級債,49,0,49,高橋-內壢,2024-06-14,5323
3048,益登,52,7,45,高橋-內壢,2024-06-14,5323
00918,大華優利高填息30,50,6,44,高橋-內壢,2024-06-14,5323
00632R,元大台灣50反1,43,0,43,高橋-內壢,2024-06-14,5323
2371,大同,58,15,43,高橋-內壢,2024-06-14,5323
2367,燿華,34,2,32,高橋-內壢,2024-06-14,5323
00687B,國泰20年美債,28,1,27,高橋-內壢,2024-06-14,5323
6207,雷科,23,0,23,高橋-內壢,2024-06-14,5323
6188,廣明,22,1,21,高橋-內壢,2024-06-14,5323
3105,穩懋,21,0,21,高橋-內壢,2024-06-14,5323
8028,昇陽半導體,24,3,21,高橋-內壢,2024-06-14,5323
5531,鄉林,20,0,20,高橋-內壢,2024-06-14,5323
4533,協易機,18,1,17,高橋-內壢,2024-06-14,5323
4534,慶騰,17,0,17,高橋-內壢,2024-06-14,5323
00936,台新永續高息中小,16,2,14,高橋-內壢,2024-06-14,5323
00942B,台新美A公司債20+,14,0,14,高橋-內壢,2024-06-14,5323
2014,中鴻,14,0,14,高橋-內壢,2024-06-14,5323
3004,豐達科,14,0,14,高橋-內壢,2024-06-14,5323
3024,憶聲,14,0,14,高橋-內壢,2024-06-14,5323
5243,乙盛-KY,17,4,13,高橋-內壢,2024-06-14,5323
2313,華通,12,1,11,高橋-內壢,2024-06-14,5323
00946,群益科技高息成長,11,0,11,高橋-內壢,2024-06-14,5323
1325,恆大,11,0,11,高橋-內壢,2024-06-14,5323
2363,矽統,13,2,11,高橋-內壢,2024-06-14,5323
2337,旺宏,10,0,10,高橋-內壢,2024-06-14,5323
2353,宏��,12,2,10,高橋-內壢,2024-06-14,5323
2208,台船,10,0,10,高橋-內壢,2024-06-14,5323
3038,全台,10,0,10,高橋-內壢,2024-06-14,5323
3710,連展投控,10,0,10,高橋-內壢,2024-06-14,5323
3229,晟鈦,9,0,9,高橋-內壢,2024-06-14,5323
2357,華碩,8,0,8,高橋-內壢,2024-06-14,5323
4543,萬在,8,0,8,高橋-內壢,2024-06-14,5323
2486,一詮,18,11,7,高橋-內壢,2024-06-14,5323
6139,亞翔,17,10,7,高橋-內壢,2024-06-14,5323
3058,立德,10,4,6,高橋-內壢,2024-06-14,5323
4908,前鼎,6,0,6,高橋-內壢,2024-06-14,5323
00713,元大台灣高息低波,7,1,6,高橋-內壢,2024-06-14,5323
1319,東陽,5,0,5,高橋-內壢,2024-06-14,5323
1339,昭輝,5,0,5,高橋-內壢,2024-06-14,5323
1717,長興,5,0,5,高橋-內壢,2024-06-14,5323
3625,西勝,5,0,5,高橋-內壢,2024-06-14,5323
3704,合勤控,5,0,5,高橋-內壢,2024-06-14,5323
5302,太欣,5,0,5,高橋-內壢,2024-06-14,5323
6269,台郡,5,0,5,高橋-內壢,2024-06-14,5323
00918,大華優利高填息30,142,5,137,高橋-內壢,2024-06-17,5323
00929,復華台灣科技優息,185,63,122,高橋-內壢,2024-06-17,5323
00940,元大台灣價值高息,121,0,121,高橋-內壢,2024-06-17,5323
00937B,群益ESG投等債20,88,0,88,高橋-內壢,2024-06-17,5323
00919,群益台灣精選高息,48,12,36,高橋-內壢,2024-06-17,5323
00687B,國泰20年美債,34,0,34,高橋-內壢,2024-06-17,5323
8028,昇陽半導體,47,13,34,高橋-內壢,2024-06-17,5323
00936,台新永續高息中小,56,24,32,高橋-內壢,2024-06-17,5323
00632R,元大台灣50反1,30,0,30,高橋-內壢,2024-06-17,5323
3432,台端,30,0,30,高橋-內壢,2024-06-17,5323
1618,合機,28,6,22,高橋-內壢,2024-06-17,5323
5469,瀚宇博,20,0,20,高橋-內壢,2024-06-17,5323
1504,東元,18,0,18,高橋-內壢,2024-06-17,5323
2324,仁寶,15,0,15,高橋-內壢,2024-06-17,5323
1609,大亞,26,12,14,高橋-內壢,2024-06-17,5323
2515,中工,14,0,14,高橋-內壢,2024-06-17,5323
2609,陽明,23,11,12,高橋-內壢,2024-06-17,5323
1503,士電,17,4,13,高橋-內壢,2024-06-17,5323
00946,群益科技高息成長,14,2,12,高橋-內壢,2024-06-17,5323
0056,元大高股息,12,0,12,高橋-內壢,2024-06-17,5323
2312,金寶,13,1,12,高橋-內壢,2024-06-17,5323
2501,國建,11,0,11,高橋-內壢,2024-06-17,5323
2618,長榮航,14,3,11,高橋-內壢,2024-06-17,5323
5905,南仁湖,11,0,11,高橋-內壢,2024-06-17,5323
1301,台塑,10,0,10,高橋-內壢,2024-06-17,5323
5284,jpp-KY,10,0,10,高橋-內壢,2024-06-17,5323
2615,萬海,18,8,10,高橋-內壢,2024-06-17,5323
00948B,中信優息投資級債,10,0,10,高橋-內壢,2024-06-17,5323
1603,華電,21,11,10,高橋-內壢,2024-06-17,5323
2882,國泰金,10,0,10,高橋-內壢,2024-06-17,5323
3357,臺慶科,20,10,10,高橋-內壢,2024-06-17,5323
5531,鄉林,10,0,10,高橋-內壢,2024-06-17,5323
6257,矽格,10,0,10,高橋-內壢,2024-06-17,5323
1722,台肥,9,0,9,高橋-內壢,2024-06-17,5323
3710,連展投控,10,1,9,高橋-內壢,2024-06-17,5323
6547,高端疫苗,10,1,9,高橋-內壢,2024-06-17,5323
2356,英業達,8,0,8,高橋-內壢,2024-06-17,5323
1615,大山,7,0,7,高橋-內壢,2024-06-17,5323
3707,漢磊,8,1,7,高橋-內壢,2024-06-17,5323
6188,廣明,9,2,7,高橋-內壢,2024-06-17,5323
4968,立積,6,0,6,高橋-內壢,2024-06-17,5323
1473,台南,6,0,6,高橋-內壢,2024-06-17,5323
2101,南港,6,0,6,高橋-內壢,2024-06-17,5323
2105,正新,9,3,6,高橋-內壢,2024-06-17,5323
2383,台光電,7,1,6,高橋-內壢,2024-06-17,5323
4123,晟德,6,0,6,高橋-內壢,2024-06-17,5323
9945,潤泰新,6,0,6,高橋-內壢,2024-06-17,5323
1513,中興電,25,20,5,高橋-內壢,2024-06-17,5323
00712,復華富時不動產,12,7,5,高橋-內壢,2024-06-17,5323
00881,國泰台灣5G+,5,0,5,高橋-內壢,2024-06-17,5323
1718,中纖,134,0,134,高橋-內壢,2024-06-18,5323
00918,大華優利高填息30,159,27,132,高橋-內壢,2024-06-18,5323
00929,復華台灣科技優息,199,91,108,高橋-內壢,2024-06-18,5323
00795B,中信美國公債20年,67,0,67,高橋-內壢,2024-06-18,5323
00632R,元大台灣50反1,60,0,60,高橋-內壢,2024-06-18,5323
00936,台新永續高息中小,56,4,52,高橋-內壢,2024-06-18,5323
00939,統一台灣高息動能,52,0,52,高橋-內壢,2024-06-18,5323
6139,亞翔,45,1,44,高橋-內壢,2024-06-18,5323
6770,力積電,49,19,30,高橋-內壢,2024-06-18,5323
3481,群創,41,13,28,高橋-內壢,2024-06-18,5323
8112,至上,29,1,28,高橋-內壢,2024-06-18,5323
9105,泰金寶-DR,30,2,28,高橋-內壢,2024-06-18,5323
1504,東元,26,1,25,高橋-內壢,2024-06-18,5323
2353,宏��,45,21,24,高橋-內壢,2024-06-18,5323
00915,凱基優選高股息30,23,0,23,高橋-內壢,2024-06-18,5323
4976,佳凌,22,0,22,高橋-內壢,2024-06-18,5323
3088,艾訊,20,0,20,高橋-內壢,2024-06-18,5323
3357,臺慶科,20,0,20,高橋-內壢,2024-06-18,5323
00713,元大台灣高息低波,17,0,17,高橋-內壢,2024-06-18,5323
2609,陽明,33,19,14,高橋-內壢,2024-06-18,5323
2906,高林,14,0,14,高橋-內壢,2024-06-18,5323
3149,正達,14,0,14,高橋-內壢,2024-06-18,5323
5531,鄉林,14,0,14,高橋-內壢,2024-06-18,5323
9136,巨騰-DR,24,11,13,高橋-內壢,2024-06-18,5323
2425,承啟,12,0,12,高橋-內壢,2024-06-18,5323
6213,聯茂,13,1,12,高橋-內壢,2024-06-18,5323
00948B,中信優息投資級債,11,0,11,高橋-內壢,2024-06-18,5323
1513,中興電,15,4,11,高橋-內壢,2024-06-18,5323
2371,大同,31,21,10,高橋-內壢,2024-06-18,5323
1301,台塑,10,0,10,高橋-內壢,2024-06-18,5323
00942B,台新美A公司債20+,10,0,10,高橋-內壢,2024-06-18,5323
00891,中信關鍵半導體,10,0,10,高橋-內壢,2024-06-18,5323
2340,台亞,10,0,10,高橋-內壢,2024-06-18,5323
2516,新建,10,0,10,高橋-內壢,2024-06-18,5323
6269,台郡,10,0,10,高橋-內壢,2024-06-18,5323
00878,國泰永續高股息,10,2,8,高橋-內壢,2024-06-18,5323
4562,穎漢,14,6,8,高橋-內壢,2024-06-18,5323
1795,美時,9,1,8,高橋-內壢,2024-06-18,5323
00726B,國泰新興投等債,7,0,7,高橋-內壢,2024-06-18,5323
2355,敬鵬,12,5,7,高橋-內壢,2024-06-18,5323
2392,正崴,13,6,7,高橋-內壢,2024-06-18,5323
00946,群益科技高息成長,6,0,6,高橋-內壢,2024-06-18,5323
2486,一詮,8,2,6,高橋-內壢,2024-06-18,5323
4303,信立,10,4,6,高橋-內壢,2024-06-18,5323
4566,時碩工業,8,2,6,高橋-內壢,2024-06-18,5323
5371,中光電,8,2,6,高橋-內壢,2024-06-18,5323
6282,康舒,9,3,6,高橋-內壢,2024-06-18,5323
8071,能率網通,13,7,6,高橋-內壢,2024-06-18,5323
2359,所羅門,7,2,5,高橋-內壢,2024-06-18,5323
00933B,國泰10Y+金融債,5,0,5,高橋-內壢,2024-06-18,5323
1815,富喬,351,129,222,高橋-內壢,2024-06-19,5323
1314,中石化,200,6,194,高橋-內壢,2024-06-19,5323
00940,元大台灣價值高息,160,10,150,高橋-內壢,2024-06-19,5323
00936,台新永續高息中小,134,4,130,高橋-內壢,2024-06-19,5323
00937B,群益ESG投等債20,62,3,59,高橋-內壢,2024-06-19,5323
8028,昇陽半導體,66,14,52,高橋-內壢,2024-06-19,5323
00919,群益台灣精選高息,81,31,50,高橋-內壢,2024-06-19,5323
2317,鴻海,67,18,49,高橋-內壢,2024-06-19,5323
00948B,中信優息投資級債,52,5,47,高橋-內壢,2024-06-19,5323
2609,陽明,75,32,43,高橋-內壢,2024-06-19,5323
912000,晨訊科-DR,63,22,41,高橋-內壢,2024-06-19,5323
6190,萬泰科,40,5,35,高橋-內壢,2024-06-19,5323
00632R,元大台灣50反1,39,6,33,高橋-內壢,2024-06-19,5323
5512,力麒,26,1,25,高橋-內壢,2024-06-19,5323
2330,台積電,31,7,24,高橋-內壢,2024-06-19,5323
2408,南亞科,25,2,23,高橋-內壢,2024-06-19,5323
6770,力積電,31,8,23,高橋-內壢,2024-06-19,5323
3432,台端,24,2,22,高橋-內壢,2024-06-19,5323
00946,群益科技高息成長,22,1,21,高橋-內壢,2024-06-19,5323
4533,協易機,21,0,21,高橋-內壢,2024-06-19,5323
00712,復華富時不動產,21,2,19,高橋-內壢,2024-06-19,5323
6142,友勁,19,0,19,高橋-內壢,2024-06-19,5323
2371,大同,22,3,19,高橋-內壢,2024-06-19,5323
2365,昆盈,33,16,17,高橋-內壢,2024-06-19,5323
00713,元大台灣高息低波,18,1,17,高橋-內壢,2024-06-19,5323
1785,光洋科,19,3,16,高橋-內壢,2024-06-19,5323
6188,廣明,17,2,15,高橋-內壢,2024-06-19,5323
6152,百一,14,0,14,高橋-內壢,2024-06-19,5323
4967,十銓,16,3,13,高橋-內壢,2024-06-19,5323
6112,邁達特,15,2,13,高橋-內壢,2024-06-19,5323
6139,亞翔,22,9,13,高橋-內壢,2024-06-19,5323
8112,至上,13,0,13,高橋-內壢,2024-06-19,5323
1605,華新,14,3,11,高橋-內壢,2024-06-19,5323
3234,光環,20,9,11,高橋-內壢,2024-06-19,5323
6282,康舒,11,0,11,高橋-內壢,2024-06-19,5323
6290,良維,15,4,11,高橋-內壢,2024-06-19,5323
00920,富邦ESG綠色電力,10,0,10,高橋-內壢,2024-06-19,5323
4534,慶騰,11,1,10,高橋-內壢,2024-06-19,5323
5388,中磊,10,0,10,高橋-內壢,2024-06-19,5323
6461,益得,10,0,10,高橋-內壢,2024-06-19,5323
2376,技嘉,11,1,10,高橋-內壢,2024-06-19,5323
2618,長榮航,71,62,9,高橋-內壢,2024-06-19,5323
3062,建漢,18,9,9,高橋-內壢,2024-06-19,5323
3287,廣寰科,10,1,9,高橋-內壢,2024-06-19,5323
4561,健椿,11,2,9,高橋-內壢,2024-06-19,5323
1513,中興電,25,17,8,高橋-內壢,2024-06-19,5323
00947,台新臺灣IC設計,8,0,8,高橋-內壢,2024-06-19,5323
00933B,國泰10Y+金融債,9,1,8,高橋-內壢,2024-06-19,5323
1802,台玻,13,5,8,高橋-內壢,2024-06-19,5323
2354,鴻準,11,3,8,高橋-內壢,2024-06-19,5323
2615,萬海,312,13,299,高橋-內壢,2024-06-20,5323
00940,元大台灣價值高息,134,0,134,高橋-內壢,2024-06-20,5323
4967,十銓,107,9,98,高橋-內壢,2024-06-20,5323
00882,中信中國高股息,80,2,78,高橋-內壢,2024-06-20,5323
00665L,富邦�琤肭磪囓�2,70,0,70,高橋-內壢,2024-06-20,5323
00929,復華台灣科技優息,52,0,52,高橋-內壢,2024-06-20,5323
00936,台新永續高息中小,53,11,42,高橋-內壢,2024-06-20,5323
2412,中華電,39,0,39,高橋-內壢,2024-06-20,5323
00632R,元大台灣50反1,36,0,36,高橋-內壢,2024-06-20,5323
00637L,元大滬深300正2,30,0,30,高橋-內壢,2024-06-20,5323
2498,宏達電,33,3,30,高橋-內壢,2024-06-20,5323
5328,華容,30,0,30,高橋-內壢,2024-06-20,5323
2344,華邦電,32,5,27,高橋-內壢,2024-06-20,5323
00937B,群益ESG投等債20,31,13,18,高橋-內壢,2024-06-20,5323
1718,中纖,17,0,17,高橋-內壢,2024-06-20,5323
2867,三商壽,18,1,17,高橋-內壢,2024-06-20,5323
6116,彩晶,17,0,17,高橋-內壢,2024-06-20,5323
00679B,元大美債20年,24,7,17,高橋-內壢,2024-06-20,5323
2743,山富,15,0,15,高橋-內壢,2024-06-20,5323
2353,宏��,15,1,14,高橋-內壢,2024-06-20,5323
00713,元大台灣高息低波,12,0,12,高橋-內壢,2024-06-20,5323
1618,合機,14,2,12,高橋-內壢,2024-06-20,5323
3231,緯創,22,10,12,高橋-內壢,2024-06-20,5323
3005,神基,12,1,11,高橋-內壢,2024-06-20,5323
00946,群益科技高息成長,10,0,10,高橋-內壢,2024-06-20,5323
00948B,中信優息投資級債,10,0,10,高橋-內壢,2024-06-20,5323
00885,富邦越南,10,0,10,高橋-內壢,2024-06-20,5323
2476,鉅祥,10,0,10,高橋-內壢,2024-06-20,5323
5469,瀚宇博,10,0,10,高橋-內壢,2024-06-20,5323
8096,擎亞,12,3,9,高橋-內壢,2024-06-20,5323
911608,明輝-DR,9,0,9,高橋-內壢,2024-06-20,5323
00891,中信關鍵半導體,8,0,8,高橋-內壢,2024-06-20,5323
1503,士電,13,5,8,高橋-內壢,2024-06-20,5323
2374,佳能,10,3,7,高橋-內壢,2024-06-20,5323
6142,友勁,7,0,7,高橋-內壢,2024-06-20,5323
6214,精誠,7,0,7,高橋-內壢,2024-06-20,5323
1303,南亞,6,0,6,高橋-內壢,2024-06-20,5323
00902,中信電池及儲能,6,0,6,高橋-內壢,2024-06-20,5323
2515,中工,6,0,6,高橋-內壢,2024-06-20,5323
3062,建漢,10,4,6,高橋-內壢,2024-06-20,5323
6026,福邦證,6,0,6,高橋-內壢,2024-06-20,5323
6182,合晶,8,2,6,高橋-內壢,2024-06-20,5323
6531,愛普*,6,1,5,高橋-內壢,2024-06-20,5323
00934,中信成長高股息,5,0,5,高橋-內壢,2024-06-20,5323
2883,凱基金,10,5,5,高橋-內壢,2024-06-20,5323
2892,第一金,6,1,5,高橋-內壢,2024-06-20,5323
3048,益登,20,15,5,高橋-內壢,2024-06-20,5323
3234,光環,10,5,5,高橋-內壢,2024-06-20,5323
6461,益得,5,0,5,高橋-內壢,2024-06-20,5323
6834,天二科技,5,0,5,高橋-內壢,2024-06-20,5323
00937B,群益ESG投等債20,110,0,110,高橋-內壢,2024-06-21,5323
1815,富喬,101,10,91,高橋-內壢,2024-06-21,5323
00632R,元大台灣50反1,50,0,50,高橋-內壢,2024-06-21,5323
2867,三商壽,50,0,50,高橋-內壢,2024-06-21,5323
2337,旺宏,53,5,48,高橋-內壢,2024-06-21,5323
00948B,中信優息投資級債,44,0,44,高橋-內壢,2024-06-21,5323
00940,元大台灣價值高息,119,83,36,高橋-內壢,2024-06-21,5323
00946,群益科技高息成長,32,0,32,高橋-內壢,2024-06-21,5323
3535,晶彩科,32,1,31,高橋-內壢,2024-06-21,5323
00877,復華中國5G,30,0,30,高橋-內壢,2024-06-21,5323
3323,加百裕,32,2,30,高橋-內壢,2024-06-21,5323
8105,凌巨,32,4,28,高橋-內壢,2024-06-21,5323
6505,台塑化,26,0,26,高橋-內壢,2024-06-21,5323
00882,中信中國高股息,25,0,25,高橋-內壢,2024-06-21,5323
1611,中電,29,4,25,高橋-內壢,2024-06-21,5323
2498,宏達電,23,0,23,高橋-內壢,2024-06-21,5323
00751B,元大AAA至A公司債,21,0,21,高橋-內壢,2024-06-21,5323
00878,國泰永續高股息,17,0,17,高橋-內壢,2024-06-21,5323
2354,鴻準,25,8,17,高橋-內壢,2024-06-21,5323
00936,台新永續高息中小,16,0,16,高橋-內壢,2024-06-21,5323
2455,全新,15,1,14,高橋-內壢,2024-06-21,5323
8064,東捷,30,16,14,高橋-內壢,2024-06-21,5323
2317,鴻海,30,16,14,高橋-內壢,2024-06-21,5323
00933B,國泰10Y+金融債,12,0,12,高橋-內壢,2024-06-21,5323
1219,福壽,12,0,12,高橋-內壢,2024-06-21,5323
00947,台新臺灣IC設計,11,0,11,高橋-內壢,2024-06-21,5323
00905,FT臺灣Smart,11,0,11,高橋-內壢,2024-06-21,5323
2022,聚亨,11,0,11,高橋-內壢,2024-06-21,5323
2316,楠梓電,13,2,11,高橋-內壢,2024-06-21,5323
2892,第一金,11,0,11,高橋-內壢,2024-06-21,5323
2010,春源,10,0,10,高橋-內壢,2024-06-21,5323
2023,燁輝,11,1,10,高橋-內壢,2024-06-21,5323
2836,高雄銀,10,0,10,高橋-內壢,2024-06-21,5323
4956,光鋐,20,10,10,高橋-內壢,2024-06-21,5323
3540,曜越,10,0,10,高橋-內壢,2024-06-21,5323
00891,中信關鍵半導體,20,10,10,高橋-內壢,2024-06-21,5323
3363,上詮,9,0,9,高橋-內壢,2024-06-21,5323
6188,廣明,10,1,9,高橋-內壢,2024-06-21,5323
00885,富邦越南,7,0,7,高橋-內壢,2024-06-21,5323
1303,南亞,7,0,7,高橋-內壢,2024-06-21,5323
2352,佳世達,11,4,7,高橋-內壢,2024-06-21,5323
2401,凌陽,10,3,7,高橋-內壢,2024-06-21,5323
2801,彰銀,7,0,7,高橋-內壢,2024-06-21,5323
3041,揚智,7,0,7,高橋-內壢,2024-06-21,5323
8011,台通,22,15,7,高橋-內壢,2024-06-21,5323
8039,台虹,8,2,6,高橋-內壢,2024-06-21,5323
2615,萬海,22,16,6,高橋-內壢,2024-06-21,5323
00939,統一台灣高息動能,18,12,6,高橋-內壢,2024-06-21,5323
00881,國泰台灣5G+,6,0,6,高橋-內壢,2024-06-21,5323
2855,統一證,6,0,6,高橋-內壢,2024-06-21,5323
00929,復華台灣科技優息,237,2,235,高橋-內壢,2024-06-24,5323
3481,群創,288,62,226,高橋-內壢,2024-06-24,5323
3047,訊舟,150,33,117,高橋-內壢,2024-06-24,5323
6443,元晶,101,0,101,高橋-內壢,2024-06-24,5323
00940,元大台灣價值高息,87,2,85,高橋-內壢,2024-06-24,5323
3576,聯合再生,75,11,64,高橋-內壢,2024-06-24,5323
00878,國泰永續高股息,63,0,63,高橋-內壢,2024-06-24,5323
6901,鑽石投資,41,0,41,高橋-內壢,2024-06-24,5323
2491,吉祥全,40,0,40,高橋-內壢,2024-06-24,5323
2317,鴻海,42,3,39,高橋-內壢,2024-06-24,5323
00919,群益台灣精選高息,103,67,36,高橋-內壢,2024-06-24,5323
00936,台新永續高息中小,32,0,32,高橋-內壢,2024-06-24,5323
8028,昇陽半導體,57,25,32,高橋-內壢,2024-06-24,5323
00918,大華優利高填息30,32,1,31,高橋-內壢,2024-06-24,5323
1409,新纖,30,0,30,高橋-內壢,2024-06-24,5323
1781,合世,28,0,28,高橋-內壢,2024-06-24,5323
00679B,元大美債20年,30,3,27,高橋-內壢,2024-06-24,5323
3062,建漢,31,5,26,高橋-內壢,2024-06-24,5323
1319,東陽,25,0,25,高橋-內壢,2024-06-24,5323
00882,中信中國高股息,21,1,20,高橋-內壢,2024-06-24,5323
5512,力麒,23,3,20,高橋-內壢,2024-06-24,5323
00946,群益科技高息成長,18,0,18,高橋-內壢,2024-06-24,5323
2353,宏��,19,2,17,高橋-內壢,2024-06-24,5323
5291,邑昇,17,0,17,高橋-內壢,2024-06-24,5323
00905,FT臺灣Smart,16,0,16,高橋-內壢,2024-06-24,5323
2369,菱生,16,0,16,高橋-內壢,2024-06-24,5323
8107,大億金茂,15,0,15,高橋-內壢,2024-06-24,5323
6116,彩晶,13,0,13,高橋-內壢,2024-06-24,5323
00881,國泰台灣5G+,12,0,12,高橋-內壢,2024-06-24,5323
00687B,國泰20年美債,12,0,12,高橋-內壢,2024-06-24,5323
6290,良維,12,0,12,高橋-內壢,2024-06-24,5323
9105,泰金寶-DR,16,4,12,高橋-內壢,2024-06-24,5323
2330,台積電,16,4,12,高橋-內壢,2024-06-24,5323
2609,陽明,18,6,12,高橋-內壢,2024-06-24,5323
00939,統一台灣高息動能,41,30,11,高橋-內壢,2024-06-24,5323
1504,東元,13,2,11,高橋-內壢,2024-06-24,5323
2303,聯電,13,2,11,高橋-內壢,2024-06-24,5323
6111,大宇資,11,0,11,高橋-內壢,2024-06-24,5323
2393,億光,10,0,10,高橋-內壢,2024-06-24,5323
00877,復華中國5G,10,0,10,高橋-內壢,2024-06-24,5323
00669R,國泰美國道瓊反1,10,0,10,高橋-內壢,2024-06-24,5323
1605,華新,10,0,10,高橋-內壢,2024-06-24,5323
2511,太子,10,0,10,高橋-內壢,2024-06-24,5323
3297,杭特,10,0,10,高橋-內壢,2024-06-24,5323
3622,洋華,11,1,10,高橋-內壢,2024-06-24,5323
6213,聯茂,10,0,10,高橋-內壢,2024-06-24,5323
8105,凌巨,13,3,10,高橋-內壢,2024-06-24,5323
2356,英業達,17,8,9,高橋-內壢,2024-06-24,5323
4968,立積,9,0,9,高橋-內壢,2024-06-24,5323
9945,潤泰新,9,0,9,高橋-內壢,2024-06-24,5323
2406,國碩,90,1,89,高橋-內壢,2024-06-25,5323
3481,群創,203,122,81,高橋-內壢,2024-06-25,5323
00936,台新永續高息中小,72,0,72,高橋-內壢,2024-06-25,5323
8028,昇陽半導體,42,1,41,高橋-內壢,2024-06-25,5323
1815,富喬,163,123,40,高橋-內壢,2024-06-25,5323
00939,統一台灣高息動能,42,4,38,高橋-內壢,2024-06-25,5323
00878,國泰永續高股息,30,0,30,高橋-內壢,2024-06-25,5323
9105,泰金寶-DR,29,5,24,高橋-內壢,2024-06-25,5323
6901,鑽石投資,22,0,22,高橋-內壢,2024-06-25,5323
00942B,台新美A公司債20+,20,0,20,高橋-內壢,2024-06-25,5323
00919,群益台灣精選高息,45,27,18,高橋-內壢,2024-06-25,5323
8110,華東,22,4,18,高橋-內壢,2024-06-25,5323
3323,加百裕,17,0,17,高橋-內壢,2024-06-25,5323
2603,長榮,29,14,15,高橋-內壢,2024-06-25,5323
6269,台郡,15,0,15,高橋-內壢,2024-06-25,5323
2002,中鋼,15,2,13,高橋-內壢,2024-06-25,5323
6120,達運,13,0,13,高橋-內壢,2024-06-25,5323
00713,元大台灣高息低波,11,0,11,高橋-內壢,2024-06-25,5323
2301,光寶科,11,0,11,高橋-內壢,2024-06-25,5323
2449,京元電子,12,1,11,高橋-內壢,2024-06-25,5323
2393,億光,10,0,10,高橋-內壢,2024-06-25,5323
00669R,國泰美國道瓊反1,10,0,10,高橋-內壢,2024-06-25,5323
2328,廣宇,11,1,10,高橋-內壢,2024-06-25,5323
3576,聯合再生,10,0,10,高橋-內壢,2024-06-25,5323
6126,信音,10,0,10,高橋-內壢,2024-06-25,5323
6284,佳邦,10,0,10,高橋-內壢,2024-06-25,5323
6285,啟��,10,0,10,高橋-內壢,2024-06-25,5323
2409,友達,10,1,9,高橋-內壢,2024-06-25,5323
2431,聯昌,9,0,9,高橋-內壢,2024-06-25,5323
3062,建漢,16,7,9,高橋-內壢,2024-06-25,5323
6834,天二科技,9,0,9,高橋-內壢,2024-06-25,5323
8044,網家,9,0,9,高橋-內壢,2024-06-25,5323
1605,華新,13,5,8,高橋-內壢,2024-06-25,5323
2610,華航,59,51,8,高橋-內壢,2024-06-25,5323
5512,力麒,8,0,8,高橋-內壢,2024-06-25,5323
6188,廣明,8,0,8,高橋-內壢,2024-06-25,5323
1503,士電,26,19,7,高橋-內壢,2024-06-25,5323
2421,建準,7,0,7,高橋-內壢,2024-06-25,5323
3047,訊舟,9,2,7,高橋-內壢,2024-06-25,5323
5425,台半,7,0,7,高橋-內壢,2024-06-25,5323
00757,統一FANG+,6,0,6,高橋-內壢,2024-06-25,5323
1319,東陽,6,0,6,高橋-內壢,2024-06-25,5323
3227,原相,6,0,6,高橋-內壢,2024-06-25,5323
6869,雲豹能源,7,1,6,高橋-內壢,2024-06-25,5323
8011,台通,6,0,6,高橋-內壢,2024-06-25,5323
1227,佳格,5,0,5,高橋-內壢,2024-06-25,5323
1303,南亞,5,0,5,高橋-內壢,2024-06-25,5323
2392,正崴,6,1,5,高橋-內壢,2024-06-25,5323
2438,翔耀,5,0,5,高橋-內壢,2024-06-25,5323
2543,皇昌,5,0,5,高橋-內壢,2024-06-25,5323
2605,新興,103,0,103,高橋-內壢,2024-06-26,5323
00882,中信中國高股息,62,0,62,高橋-內壢,2024-06-26,5323
00940,元大台灣價值高息,60,5,55,高橋-內壢,2024-06-26,5323
00936,台新永續高息中小,50,0,50,高橋-內壢,2024-06-26,5323
00942B,台新美A公司債20+,43,0,43,高橋-內壢,2024-06-26,5323
2002,中鋼,45,5,40,高橋-內壢,2024-06-26,5323
2353,宏��,33,0,33,高橋-內壢,2024-06-26,5323
3481,群創,72,44,28,高橋-內壢,2024-06-26,5323
00725B,國泰投資級公司債,25,0,25,高橋-內壢,2024-06-26,5323
00720B,元大投資級公司債,25,0,25,高橋-內壢,2024-06-26,5323
00877,復華中國5G,20,0,20,高橋-內壢,2024-06-26,5323
1605,華新,27,8,19,高橋-內壢,2024-06-26,5323
4743,合一,20,1,19,高橋-內壢,2024-06-26,5323
2515,中工,18,0,18,高橋-內壢,2024-06-26,5323
6207,雷科,20,2,18,高橋-內壢,2024-06-26,5323
6901,鑽石投資,23,5,18,高橋-內壢,2024-06-26,5323
2482,連宇,17,0,17,高橋-內壢,2024-06-26,5323
00937B,群益ESG投等債20,16,1,15,高橋-內壢,2024-06-26,5323
4967,十銓,17,2,15,高橋-內壢,2024-06-26,5323
2382,廣達,17,2,15,高橋-內壢,2024-06-26,5323
2603,長榮,18,4,14,高橋-內壢,2024-06-26,5323
2615,萬海,17,4,13,高橋-內壢,2024-06-26,5323
00939,統一台灣高息動能,12,0,12,高橋-內壢,2024-06-26,5323
3535,晶彩科,17,5,12,高橋-內壢,2024-06-26,5323
5880,合庫金,12,0,12,高橋-內壢,2024-06-26,5323
3694,海華,13,2,11,高橋-內壢,2024-06-26,5323
6125,廣運,12,1,11,高橋-內壢,2024-06-26,5323
1609,大亞,15,5,10,高橋-內壢,2024-06-26,5323
1795,美時,11,1,10,高橋-內壢,2024-06-26,5323
2201,裕隆,10,0,10,高橋-內壢,2024-06-26,5323
2516,新建,10,0,10,高橋-內壢,2024-06-26,5323
2890,永豐金,10,0,10,高橋-內壢,2024-06-26,5323
3231,緯創,10,0,10,高橋-內壢,2024-06-26,5323
1303,南亞,10,0,10,高橋-內壢,2024-06-26,5323
1503,士電,20,11,9,高橋-內壢,2024-06-26,5323
00713,元大台灣高息低波,9,0,9,高橋-內壢,2024-06-26,5323
2344,華邦電,10,1,9,高橋-內壢,2024-06-26,5323
2409,友達,19,10,9,高橋-內壢,2024-06-26,5323
2606,裕民,11,2,9,高橋-內壢,2024-06-26,5323
6269,台郡,9,0,9,高橋-內壢,2024-06-26,5323
6274,台燿,10,1,9,高橋-內壢,2024-06-26,5323
6284,佳邦,10,1,9,高橋-內壢,2024-06-26,5323
1455,集盛,8,0,8,高橋-內壢,2024-06-26,5323
6578,達邦蛋白,8,0,8,高橋-內壢,2024-06-26,5323
8374,羅昇,8,0,8,高橋-內壢,2024-06-26,5323
1301,台塑,11,3,8,高橋-內壢,2024-06-26,5323
00679B,元大美債20年,7,0,7,高橋-內壢,2024-06-26,5323
00947,台新臺灣IC設計,7,0,7,高橋-內壢,2024-06-26,5323
2369,菱生,7,0,7,高橋-內壢,2024-06-26,5323
3062,建漢,9,2,7,高橋-內壢,2024-06-26,5323
00937B,群益ESG投等債20,97,0,97,高橋-內壢,2024-06-27,5323
3047,訊舟,138,56,82,高橋-內壢,2024-06-27,5323
9105,泰金寶-DR,65,0,65,高橋-內壢,2024-06-27,5323
2337,旺宏,56,0,56,高橋-內壢,2024-06-27,5323
1605,華新,50,0,50,高橋-內壢,2024-06-27,5323
00929,復華台灣科技優息,57,11,46,高橋-內壢,2024-06-27,5323
00940,元大台灣價值高息,85,45,40,高橋-內壢,2024-06-27,5323
3481,群創,46,6,40,高橋-內壢,2024-06-27,5323
00882,中信中國高股息,38,0,38,高橋-內壢,2024-06-27,5323
912000,晨訊科-DR,47,9,38,高橋-內壢,2024-06-27,5323
0056,元大高股息,33,0,33,高橋-內壢,2024-06-27,5323
00679B,元大美債20年,42,10,32,高橋-內壢,2024-06-27,5323
6160,欣技,32,0,32,高橋-內壢,2024-06-27,5323
1815,富喬,52,23,29,高橋-內壢,2024-06-27,5323
4128,中天,28,0,28,高橋-內壢,2024-06-27,5323
00878,國泰永續高股息,27,0,27,高橋-內壢,2024-06-27,5323
2809,京城銀,35,8,27,高橋-內壢,2024-06-27,5323
2353,宏��,57,30,27,高橋-內壢,2024-06-27,5323
00795B,中信美國公債20年,25,0,25,高橋-內壢,2024-06-27,5323
2303,聯電,23,0,23,高橋-內壢,2024-06-27,5323
00942B,台新美A公司債20+,21,0,21,高橋-內壢,2024-06-27,5323
1516,川飛,19,0,19,高橋-內壢,2024-06-27,5323
4561,健椿,18,0,18,高橋-內壢,2024-06-27,5323
8028,昇陽半導體,24,6,18,高橋-內壢,2024-06-27,5323
00753L,中信中國50正2,17,0,17,高橋-內壢,2024-06-27,5323
3450,聯鈞,28,12,16,高橋-內壢,2024-06-27,5323
4532,瑞智,16,0,16,高橋-內壢,2024-06-27,5323
6282,康舒,20,5,15,高橋-內壢,2024-06-27,5323
1514,亞力,21,7,14,高橋-內壢,2024-06-27,5323
00948B,中信優息投資級債,13,0,13,高橋-內壢,2024-06-27,5323
2365,昆盈,14,1,13,高橋-內壢,2024-06-27,5323
2367,燿華,23,10,13,高橋-內壢,2024-06-27,5323
1785,光洋科,15,3,12,高橋-內壢,2024-06-27,5323
2352,佳世達,13,1,12,高橋-內壢,2024-06-27,5323
2883,凱基金,17,5,12,高橋-內壢,2024-06-27,5323
4726,永昕,12,0,12,高橋-內壢,2024-06-27,5323
5478,智冠,12,0,12,高橋-內壢,2024-06-27,5323
6742,澤米,12,0,12,高橋-內壢,2024-06-27,5323
00939,統一台灣高息動能,16,5,11,高橋-內壢,2024-06-27,5323
2101,南港,11,0,11,高橋-內壢,2024-06-27,5323
00706L,期元大S＆P日圓正2,10,0,10,高橋-內壢,2024-06-27,5323
2385,群光,11,1,10,高橋-內壢,2024-06-27,5323
2516,新建,10,0,10,高橋-內壢,2024-06-27,5323
5607,遠雄港,10,0,10,高橋-內壢,2024-06-27,5323
6126,信音,10,0,10,高橋-內壢,2024-06-27,5323
8076,伍豐,15,5,10,高橋-內壢,2024-06-27,5323
2885,元大金,10,1,9,高橋-內壢,2024-06-27,5323
8105,凌巨,10,1,9,高橋-內壢,2024-06-27,5323
2027,大成鋼,8,0,8,高橋-內壢,2024-06-27,5323
2374,佳能,8,0,8,高橋-內壢,2024-06-27,5323
6443,元晶,104,1,103,高橋-內壢,2024-06-28,5323
2888,新光金,100,3,97,高橋-內壢,2024-06-28,5323
2337,旺宏,57,0,57,高橋-內壢,2024-06-28,5323
2610,華航,74,17,57,高橋-內壢,2024-06-28,5323
2605,新興,58,10,48,高橋-內壢,2024-06-28,5323
2618,長榮航,49,1,48,高橋-內壢,2024-06-28,5323
2211,長榮鋼,46,0,46,高橋-內壢,2024-06-28,5323
00679B,元大美債20年,37,0,37,高橋-內壢,2024-06-28,5323
8105,凌巨,46,10,36,高橋-內壢,2024-06-28,5323
00936,台新永續高息中小,46,12,34,高橋-內壢,2024-06-28,5323
2516,新建,30,0,30,高橋-內壢,2024-06-28,5323
5371,中光電,22,0,22,高橋-內壢,2024-06-28,5323
8087,麗升能源,24,2,22,高橋-內壢,2024-06-28,5323
911868,同方友友-DR,22,0,22,高橋-內壢,2024-06-28,5323
2303,聯電,22,1,21,高橋-內壢,2024-06-28,5323
2483,百容,20,0,20,高橋-內壢,2024-06-28,5323
2834,臺企銀,20,0,20,高橋-內壢,2024-06-28,5323
2867,三商壽,20,0,20,高橋-內壢,2024-06-28,5323
2352,佳世達,31,12,19,高橋-內壢,2024-06-28,5323
00929,復華台灣科技優息,22,4,18,高橋-內壢,2024-06-28,5323
2406,國碩,48,31,17,高橋-內壢,2024-06-28,5323
2883,凱基金,40,23,17,高橋-內壢,2024-06-28,5323
3481,群創,20,3,17,高橋-內壢,2024-06-28,5323
8112,至上,20,4,16,高橋-內壢,2024-06-28,5323
4960,誠美材,14,0,14,高橋-內壢,2024-06-28,5323
8147,正淩,14,0,14,高橋-內壢,2024-06-28,5323
2409,友達,14,1,13,高橋-內壢,2024-06-28,5323
4533,協易機,24,11,13,高橋-內壢,2024-06-28,5323
6290,良維,18,5,13,高橋-內壢,2024-06-28,5323
00937B,群益ESG投等債20,14,2,12,高橋-內壢,2024-06-28,5323
6244,茂迪,22,11,11,高橋-內壢,2024-06-28,5323
1514,亞力,22,12,10,高橋-內壢,2024-06-28,5323
00877,復華中國5G,10,0,10,高橋-內壢,2024-06-28,5323
2027,大成鋼,10,0,10,高橋-內壢,2024-06-28,5323
2363,矽統,11,1,10,高橋-內壢,2024-06-28,5323
3202,樺晟,10,0,10,高橋-內壢,2024-06-28,5323
1617,榮星,11,1,10,高橋-內壢,2024-06-28,5323
2393,億光,10,1,9,高橋-內壢,2024-06-28,5323
6285,啟��,9,0,9,高橋-內壢,2024-06-28,5323
6806,森崴能源,10,1,9,高橋-內壢,2024-06-28,5323
3031,佰鴻,10,2,8,高橋-內壢,2024-06-28,5323
6901,鑽石投資,13,5,8,高橋-內壢,2024-06-28,5323
2301,光寶科,7,0,7,高橋-內壢,2024-06-28,5323
3264,欣銓,7,0,7,高橋-內壢,2024-06-28,5323
3592,瑞鼎,7,0,7,高橋-內壢,2024-06-28,5323
8044,網家,7,0,7,高橋-內壢,2024-06-28,5323
6182,合晶,6,0,6,高橋-內壢,2024-06-28,5323
00919,群益台灣精選高息,13,7,6,高橋-內壢,2024-06-28,5323
2349,錸德,6,0,6,高橋-內壢,2024-06-28,5323
2412,中華電,6,0,6,高橋-內壢,2024-06-28,5323
00937B,群益ESG投等債20,149,0,149,高橋-內壢,2024-07-01,5323
2337,旺宏,77,5,72,高橋-內壢,2024-07-01,5323
00713,元大台灣高息低波,70,0,70,高橋-內壢,2024-07-01,5323
00942B,台新美A公司債20+,62,0,62,高橋-內壢,2024-07-01,5323
00929,復華台灣科技優息,55,0,55,高橋-內壢,2024-07-01,5323
00940,元大台灣價值高息,60,6,54,高橋-內壢,2024-07-01,5323
2605,新興,50,0,50,高橋-內壢,2024-07-01,5323
2406,國碩,65,19,46,高橋-內壢,2024-07-01,5323
0056,元大高股息,40,0,40,高橋-內壢,2024-07-01,5323
3625,西勝,33,0,33,高橋-內壢,2024-07-01,5323
00948B,中信優息投資級債,32,1,31,高橋-內壢,2024-07-01,5323
00795B,中信美國公債20年,31,0,31,高橋-內壢,2024-07-01,5323
2867,三商壽,30,0,30,高橋-內壢,2024-07-01,5323
6282,康舒,25,0,25,高橋-內壢,2024-07-01,5323
2002,中鋼,26,2,24,高橋-內壢,2024-07-01,5323
3024,憶聲,25,1,24,高橋-內壢,2024-07-01,5323
3706,神達,26,3,23,高橋-內壢,2024-07-01,5323
2374,佳能,24,2,22,高橋-內壢,2024-07-01,5323
5512,力麒,22,0,22,高橋-內壢,2024-07-01,5323
00687B,國泰20年美債,20,0,20,高橋-內壢,2024-07-01,5323
2609,陽明,21,2,19,高橋-內壢,2024-07-01,5323
2324,仁寶,18,0,18,高橋-內壢,2024-07-01,5323
2382,廣達,20,4,16,高橋-內壢,2024-07-01,5323
2367,燿華,18,3,15,高橋-內壢,2024-07-01,5323
6143,振曜,14,0,14,高橋-內壢,2024-07-01,5323
00936,台新永續高息中小,25,12,13,高橋-內壢,2024-07-01,5323
2303,聯電,21,8,13,高橋-內壢,2024-07-01,5323
2365,昆盈,61,48,13,高橋-內壢,2024-07-01,5323
00720B,元大投資級公司債,12,0,12,高橋-內壢,2024-07-01,5323
1301,台塑,12,0,12,高橋-內壢,2024-07-01,5323
2313,華通,24,12,12,高橋-內壢,2024-07-01,5323
5291,邑昇,12,0,12,高橋-內壢,2024-07-01,5323
2603,長榮,16,5,11,高橋-內壢,2024-07-01,5323
2882,國泰金,18,7,11,高橋-內壢,2024-07-01,5323
8044,網家,11,0,11,高橋-內壢,2024-07-01,5323
00949,復華日本龍頭,10,0,10,高橋-內壢,2024-07-01,5323
00857B,永豐20年美公債,10,0,10,高橋-內壢,2024-07-01,5323
00931B,統一美債20年,10,0,10,高橋-內壢,2024-07-01,5323
3038,全台,10,0,10,高橋-內壢,2024-07-01,5323
3176,基亞,11,1,10,高橋-內壢,2024-07-01,5323
3357,臺慶科,10,0,10,高橋-內壢,2024-07-01,5323
4532,瑞智,10,0,10,高橋-內壢,2024-07-01,5323
5607,遠雄港,10,0,10,高橋-內壢,2024-07-01,5323
5230,雷笛克光學,13,4,9,高橋-內壢,2024-07-01,5323
6901,鑽石投資,10,1,9,高橋-內壢,2024-07-01,5323
8234,新漢,11,2,9,高橋-內壢,2024-07-01,5323
2354,鴻準,11,2,9,高橋-內壢,2024-07-01,5323
4114,健喬,10,2,8,高橋-內壢,2024-07-01,5323
6806,森崴能源,9,1,8,高橋-內壢,2024-07-01,5323
8028,昇陽半導體,50,42,8,高橋-內壢,2024-07-01,5323
00934,中信成長高股息,356,50,306,高橋-內壢,2024-07-02,5323
00665L,富邦�琤肭磪囓�2,117,0,117,高橋-內壢,2024-07-02,5323
1314,中石化,100,10,90,高橋-內壢,2024-07-02,5323
00712,復華富時不動產,78,0,78,高橋-內壢,2024-07-02,5323
00929,復華台灣科技優息,137,60,77,高橋-內壢,2024-07-02,5323
00940,元大台灣價值高息,63,7,56,高橋-內壢,2024-07-02,5323
00937B,群益ESG投等債20,59,11,48,高橋-內壢,2024-07-02,5323
1109,信大,45,0,45,高橋-內壢,2024-07-02,5323
00713,元大台灣高息低波,42,0,42,高橋-內壢,2024-07-02,5323
2303,聯電,64,23,41,高橋-內壢,2024-07-02,5323
0056,元大高股息,36,0,36,高橋-內壢,2024-07-02,5323
8044,網家,36,1,35,高橋-內壢,2024-07-02,5323
00919,群益台灣精選高息,30,0,30,高橋-內壢,2024-07-02,5323
00725B,國泰投資級公司債,30,0,30,高橋-內壢,2024-07-02,5323
9105,泰金寶-DR,502,473,29,高橋-內壢,2024-07-02,5323
2371,大同,32,5,27,高橋-內壢,2024-07-02,5323
6285,啟��,24,0,24,高橋-內壢,2024-07-02,5323
00939,統一台灣高息動能,26,4,22,高橋-內壢,2024-07-02,5323
2537,聯上發,22,0,22,高橋-內壢,2024-07-02,5323
1609,大亞,23,2,21,高橋-內壢,2024-07-02,5323
2002,中鋼,21,0,21,高橋-內壢,2024-07-02,5323
2464,盟立,28,7,21,高橋-內壢,2024-07-02,5323
2609,陽明,23,3,20,高橋-內壢,2024-07-02,5323
5452,佶優,19,0,19,高橋-內壢,2024-07-02,5323
2365,昆盈,28,11,17,高橋-內壢,2024-07-02,5323
00795B,中信美國公債20年,16,0,16,高橋-內壢,2024-07-02,5323
3625,西勝,16,0,16,高橋-內壢,2024-07-02,5323
5512,力麒,17,1,16,高橋-內壢,2024-07-02,5323
6806,森崴能源,17,1,16,高橋-內壢,2024-07-02,5323
1301,台塑,15,0,15,高橋-內壢,2024-07-02,5323
00877,復華中國5G,15,0,15,高橋-內壢,2024-07-02,5323
00942B,台新美A公司債20+,15,0,15,高橋-內壢,2024-07-02,5323
3535,晶彩科,26,11,15,高橋-內壢,2024-07-02,5323
3615,安可,17,2,15,高橋-內壢,2024-07-02,5323
3059,華晶科,15,1,14,高橋-內壢,2024-07-02,5323
2495,普安,17,3,14,高橋-內壢,2024-07-02,5323
00946,群益科技高息成長,13,0,13,高橋-內壢,2024-07-02,5323
2402,毅嘉,15,3,12,高橋-內壢,2024-07-02,5323
3231,緯創,14,2,12,高橋-內壢,2024-07-02,5323
2489,瑞軒,11,0,11,高橋-內壢,2024-07-02,5323
1303,南亞,11,0,11,高橋-內壢,2024-07-02,5323
3715,定穎投控,11,0,11,高橋-內壢,2024-07-02,5323
2354,鴻準,13,2,11,高橋-內壢,2024-07-02,5323
2308,台達電,11,1,10,高橋-內壢,2024-07-02,5323
5291,邑昇,10,0,10,高橋-內壢,2024-07-02,5323
5425,台半,10,0,10,高橋-內壢,2024-07-02,5323
5498,凱崴,10,0,10,高橋-內壢,2024-07-02,5323
8028,昇陽半導體,11,1,10,高橋-內壢,2024-07-02,5323
2317,鴻海,35,25,10,高橋-內壢,2024-07-02,5323
2392,正崴,12,3,9,高橋-內壢,2024-07-02,5323
6443,元晶,122,12,110,高橋-內壢,2024-07-03,5323
1109,信大,98,0,98,高橋-內壢,2024-07-03,5323
00934,中信成長高股息,94,1,93,高橋-內壢,2024-07-03,5323
00937B,群益ESG投等債20,94,1,93,高橋-內壢,2024-07-03,5323
6244,茂迪,70,11,59,高橋-內壢,2024-07-03,5323
3325,旭品,32,0,32,高橋-內壢,2024-07-03,5323
00725B,國泰投資級公司債,30,0,30,高橋-內壢,2024-07-03,5323
912000,晨訊科-DR,75,45,30,高橋-內壢,2024-07-03,5323
5475,德宏,29,0,29,高橋-內壢,2024-07-03,5323
4906,正文,29,1,28,高橋-內壢,2024-07-03,5323
5443,均豪,33,5,28,高橋-內壢,2024-07-03,5323
6005,群益證,30,4,26,高橋-內壢,2024-07-03,5323
4532,瑞智,25,0,25,高橋-內壢,2024-07-03,5323
6282,康舒,24,0,24,高橋-內壢,2024-07-03,5323
8044,網家,20,0,20,高橋-內壢,2024-07-03,5323
2429,銘旺科,21,1,20,高橋-內壢,2024-07-03,5323
1529,樂事綠能,21,2,19,高橋-內壢,2024-07-03,5323
00949,復華日本龍頭,17,0,17,高橋-內壢,2024-07-03,5323
00679B,元大美債20年,19,2,17,高橋-內壢,2024-07-03,5323
2340,台亞,17,0,17,高橋-內壢,2024-07-03,5323
2317,鴻海,24,8,16,高橋-內壢,2024-07-03,5323
00687B,國泰20年美債,16,0,16,高橋-內壢,2024-07-03,5323
3272,東碩,16,0,16,高橋-內壢,2024-07-03,5323
2801,彰銀,20,4,16,高橋-內壢,2024-07-03,5323
00733,富邦臺灣中小,16,1,15,高橋-內壢,2024-07-03,5323
00929,復華台灣科技優息,19,7,12,高橋-內壢,2024-07-03,5323
1802,台玻,13,1,12,高橋-內壢,2024-07-03,5323
5452,佶優,37,25,12,高橋-內壢,2024-07-03,5323
2356,英業達,12,1,11,高橋-內壢,2024-07-03,5323
2609,陽明,26,15,11,高橋-內壢,2024-07-03,5323
2371,大同,14,3,11,高橋-內壢,2024-07-03,5323
00680L,元大美債20正2,10,0,10,高橋-內壢,2024-07-03,5323
00935,野村臺灣新科技50,10,0,10,高橋-內壢,2024-07-03,5323
6152,百一,10,0,10,高橋-內壢,2024-07-03,5323
8016,矽創,12,2,10,高橋-內壢,2024-07-03,5323
1504,東元,11,2,9,高橋-內壢,2024-07-03,5323
3047,訊舟,15,6,9,高橋-內壢,2024-07-03,5323
00946,群益科技高息成長,11,2,9,高橋-內壢,2024-07-03,5323
2867,三商壽,10,1,9,高橋-內壢,2024-07-03,5323
2402,毅嘉,17,8,9,高橋-內壢,2024-07-03,5323
3059,華晶科,8,0,8,高橋-內壢,2024-07-03,5323
3711,日月光投控,10,2,8,高橋-內壢,2024-07-03,5323
5426,振發,10,2,8,高橋-內壢,2024-07-03,5323
4968,立積,9,1,8,高橋-內壢,2024-07-03,5323
2495,普安,11,4,7,高橋-內壢,2024-07-03,5323
3338,泰碩,7,0,7,高橋-內壢,2024-07-03,5323
2105,正新,6,0,6,高橋-內壢,2024-07-03,5323
1313,聯成,7,1,6,高橋-內壢,2024-07-03,5323
00878,國泰永續高股息,8,2,6,高橋-內壢,2024-07-03,5323
2357,華碩,6,0,6,高橋-內壢,2024-07-03,5323
5475,德宏,150,0,150,高橋-內壢,2024-07-04,5323
00632R,元大台灣50反1,91,0,91,高橋-內壢,2024-07-04,5323
6026,福邦證,57,0,57,高橋-內壢,2024-07-04,5323
2618,長榮航,48,3,45,高橋-內壢,2024-07-04,5323
3481,群創,104,69,35,高橋-內壢,2024-07-04,5323
2331,精英,30,0,30,高橋-內壢,2024-07-04,5323
3325,旭品,30,0,30,高橋-內壢,2024-07-04,5323
1802,台玻,30,1,29,高橋-內壢,2024-07-04,5323
00934,中信成長高股息,47,23,24,高橋-內壢,2024-07-04,5323
2888,新光金,49,25,24,高橋-內壢,2024-07-04,5323
2405,輔信,29,7,22,高橋-內壢,2024-07-04,5323
3050,鈺德,21,0,21,高橋-內壢,2024-07-04,5323
00949,復華日本龍頭,20,0,20,高橋-內壢,2024-07-04,5323
2488,漢平,20,0,20,高橋-內壢,2024-07-04,5323
2610,華航,30,10,20,高橋-內壢,2024-07-04,5323
5328,華容,20,0,20,高橋-內壢,2024-07-04,5323
2412,中華電,22,2,20,高橋-內壢,2024-07-04,5323
5347,世界,28,9,19,高橋-內壢,2024-07-04,5323
8234,新漢,18,0,18,高橋-內壢,2024-07-04,5323
1815,富喬,30,13,17,高橋-內壢,2024-07-04,5323
1536,和大,16,0,16,高橋-內壢,2024-07-04,5323
2429,銘旺科,16,0,16,高橋-內壢,2024-07-04,5323
2609,陽明,20,4,16,高橋-內壢,2024-07-04,5323
2393,億光,16,0,16,高橋-內壢,2024-07-04,5323
2421,建準,15,1,14,高橋-內壢,2024-07-04,5323
4976,佳凌,15,1,14,高橋-內壢,2024-07-04,5323
2809,京城銀,13,0,13,高橋-內壢,2024-07-04,5323
8028,昇陽半導體,14,1,13,高橋-內壢,2024-07-04,5323
8064,東捷,20,8,12,高橋-內壢,2024-07-04,5323
1314,中石化,34,22,12,高橋-內壢,2024-07-04,5323
3024,憶聲,12,0,12,高橋-內壢,2024-07-04,5323
3673,TPK-KY,15,3,12,高橋-內壢,2024-07-04,5323
2603,長榮,12,1,11,高橋-內壢,2024-07-04,5323
3189,景碩,11,0,11,高橋-內壢,2024-07-04,5323
4109,加捷生醫,11,0,11,高橋-內壢,2024-07-04,5323
4566,時碩工業,11,0,11,高橋-內壢,2024-07-04,5323
5291,邑昇,10,0,10,高橋-內壢,2024-07-04,5323
5498,凱崴,10,0,10,高橋-內壢,2024-07-04,5323
6147,頎邦,10,0,10,高橋-內壢,2024-07-04,5323
6698,旭暉應材,10,0,10,高橋-內壢,2024-07-04,5323
8086,宏捷科,10,0,10,高橋-內壢,2024-07-04,5323
9103,美德醫療-DR,10,0,10,高橋-內壢,2024-07-04,5323
3402,漢科,13,4,9,高橋-內壢,2024-07-04,5323
00687B,國泰20年美債,9,0,9,高橋-內壢,2024-07-04,5323
2482,連宇,21,12,9,高橋-內壢,2024-07-04,5323
3023,信邦,9,0,9,高橋-內壢,2024-07-04,5323
6270,倍微,10,1,9,高橋-內壢,2024-07-04,5323
1227,佳格,10,2,8,高橋-內壢,2024-07-04,5323
2105,正新,9,1,8,高橋-內壢,2024-07-04,5323
2882,國泰金,19,11,8,高橋-內壢,2024-07-04,5323
2363,矽統,150,26,124,高橋-內壢,2024-07-05,5323
2618,長榮航,73,9,64,高橋-內壢,2024-07-05,5323
00929,復華台灣科技優息,63,1,62,高橋-內壢,2024-07-05,5323
2888,新光金,42,1,41,高橋-內壢,2024-07-05,5323
0056,元大高股息,30,0,30,高橋-內壢,2024-07-05,5323
00919,群益台灣精選高息,28,1,27,高橋-內壢,2024-07-05,5323
2867,三商壽,87,60,27,高橋-內壢,2024-07-05,5323
2834,臺企銀,25,0,25,高橋-內壢,2024-07-05,5323
5484,慧友,25,0,25,高橋-內壢,2024-07-05,5323
2891,中信金,30,7,23,高橋-內壢,2024-07-05,5323
2883,凱基金,27,5,22,高橋-內壢,2024-07-05,5323
00882,中信中國高股息,21,0,21,高橋-內壢,2024-07-05,5323
2412,中華電,20,0,20,高橋-內壢,2024-07-05,5323
00706L,期元大S＆P日圓正2,20,0,20,高橋-內壢,2024-07-05,5323
00665L,富邦�琤肭磪囓�2,20,0,20,高橋-內壢,2024-07-05,5323
3050,鈺德,20,0,20,高橋-內壢,2024-07-05,5323
3481,群創,37,19,18,高橋-內壢,2024-07-05,5323
2609,陽明,21,3,18,高橋-內壢,2024-07-05,5323
5328,華容,20,2,18,高橋-內壢,2024-07-05,5323
6282,康舒,18,0,18,高橋-內壢,2024-07-05,5323
8104,錸寶,28,10,18,高橋-內壢,2024-07-05,5323
2401,凌陽,22,6,16,高橋-內壢,2024-07-05,5323
2406,國碩,16,0,16,高橋-內壢,2024-07-05,5323
6443,元晶,217,201,16,高橋-內壢,2024-07-05,5323
2393,億光,15,0,15,高橋-內壢,2024-07-05,5323
2603,長榮,39,24,15,高橋-內壢,2024-07-05,5323
00632R,元大台灣50反1,15,0,15,高橋-內壢,2024-07-05,5323
6117,迎廣,15,0,15,高橋-內壢,2024-07-05,5323
00735,國泰臺韓科技,13,0,13,高橋-內壢,2024-07-05,5323
6753,龍德造船,14,1,13,高橋-內壢,2024-07-05,5323
1513,中興電,16,4,12,高橋-內壢,2024-07-05,5323
00712,復華富時不動產,21,10,11,高橋-內壢,2024-07-05,5323
1319,東陽,11,0,11,高橋-內壢,2024-07-05,5323
3665,貿聯-KY,11,0,11,高橋-內壢,2024-07-05,5323
4142,國光生,11,0,11,高橋-內壢,2024-07-05,5323
4534,慶騰,11,0,11,高橋-內壢,2024-07-05,5323
8085,福華,11,0,11,高橋-內壢,2024-07-05,5323
3374,精材,12,1,11,高橋-內壢,2024-07-05,5323
00753L,中信中國50正2,10,0,10,高橋-內壢,2024-07-05,5323
00878,國泰永續高股息,11,1,10,高橋-內壢,2024-07-05,5323
00934,中信成長高股息,12,2,10,高橋-內壢,2024-07-05,5323
00933B,國泰10Y+金融債,10,0,10,高橋-內壢,2024-07-05,5323
00949,復華日本龍頭,10,0,10,高橋-內壢,2024-07-05,5323
1102,亞泥,10,0,10,高橋-內壢,2024-07-05,5323
00939,統一台灣高息動能,21,11,10,高橋-內壢,2024-07-05,5323
2516,新建,10,0,10,高橋-內壢,2024-07-05,5323
3013,晟銘電,13,3,10,高橋-內壢,2024-07-05,5323
6182,合晶,13,4,9,高橋-內壢,2024-07-05,5323
1409,新纖,11,2,9,高橋-內壢,2024-07-05,5323
00940,元大台灣價值高息,32,24,8,高橋-內壢,2024-07-05,5323
2801,彰銀,151,1,150,高橋-內壢,2024-07-08,5323
1815,富喬,163,45,118,高橋-內壢,2024-07-08,5323
2374,佳能,69,8,61,高橋-內壢,2024-07-08,5323
6153,嘉聯益,64,4,60,高橋-內壢,2024-07-08,5323
8028,昇陽半導體,62,2,60,高橋-內壢,2024-07-08,5323
2399,映泰,40,0,40,高橋-內壢,2024-07-08,5323
2618,長榮航,44,5,39,高橋-內壢,2024-07-08,5323
2609,陽明,55,19,36,高橋-內壢,2024-07-08,5323
8085,福華,33,0,33,高橋-內壢,2024-07-08,5323
2397,友通,32,1,31,高橋-內壢,2024-07-08,5323
6443,元晶,28,0,28,高橋-內壢,2024-07-08,5323
00934,中信成長高股息,31,4,27,高橋-內壢,2024-07-08,5323
00712,復華富時不動產,26,0,26,高橋-內壢,2024-07-08,5323
6244,茂迪,27,2,25,高橋-內壢,2024-07-08,5323
8096,擎亞,23,0,23,高橋-內壢,2024-07-08,5323
2867,三商壽,23,0,23,高橋-內壢,2024-07-08,5323
2352,佳世達,22,1,21,高橋-內壢,2024-07-08,5323
3264,欣銓,20,0,20,高橋-內壢,2024-07-08,5323
1727,中華化,20,2,18,高橋-內壢,2024-07-08,5323
3055,蔚華科,17,0,17,高橋-內壢,2024-07-08,5323
3379,彬台,18,1,17,高橋-內壢,2024-07-08,5323
6207,雷科,18,1,17,高橋-內壢,2024-07-08,5323
2365,昆盈,30,15,15,高橋-內壢,2024-07-08,5323
3615,安可,16,1,15,高橋-內壢,2024-07-08,5323
3715,定穎投控,15,0,15,高橋-內壢,2024-07-08,5323
2610,華航,21,7,14,高橋-內壢,2024-07-08,5323
2882,國泰金,15,1,14,高橋-內壢,2024-07-08,5323
00937B,群益ESG投等債20,13,0,13,高橋-內壢,2024-07-08,5323
2482,連宇,13,0,13,高橋-內壢,2024-07-08,5323
2603,長榮,43,31,12,高橋-內壢,2024-07-08,5323
00936,台新永續高息中小,18,6,12,高橋-內壢,2024-07-08,5323
2101,南港,12,0,12,高橋-內壢,2024-07-08,5323
2489,瑞軒,12,0,12,高橋-內壢,2024-07-08,5323
2376,技嘉,11,0,11,高橋-內壢,2024-07-08,5323
2329,華泰,14,3,11,高橋-內壢,2024-07-08,5323
2836,高雄銀,11,0,11,高橋-內壢,2024-07-08,5323
3689,湧德,11,0,11,高橋-內壢,2024-07-08,5323
1227,佳格,10,0,10,高橋-內壢,2024-07-08,5323
2457,飛宏,13,3,10,高橋-內壢,2024-07-08,5323
2492,華新科,10,0,10,高橋-內壢,2024-07-08,5323
8931,大汽電,10,0,10,高橋-內壢,2024-07-08,5323
2464,盟立,32,23,9,高橋-內壢,2024-07-08,5323
8064,東捷,21,12,9,高橋-內壢,2024-07-08,5323
9958,世紀鋼,15,7,8,高橋-內壢,2024-07-08,5323
2412,中華電,8,0,8,高橋-內壢,2024-07-08,5323
00753L,中信中國50正2,11,3,8,高橋-內壢,2024-07-08,5323
2605,新興,11,3,8,高橋-內壢,2024-07-08,5323
6127,九豪,12,4,8,高橋-內壢,2024-07-08,5323
8104,錸寶,8,0,8,高橋-內壢,2024-07-08,5323
00632R,元大台灣50反1,10,3,7,高橋-內壢,2024-07-08,5323
6770,力積電,116,20,96,高橋-內壢,2024-07-09,5323
9105,泰金寶-DR,188,118,70,高橋-內壢,2024-07-09,5323
2312,金寶,122,62,60,高橋-內壢,2024-07-09,5323
2367,燿華,67,8,59,高橋-內壢,2024-07-09,5323
00665L,富邦�琤肭磪囓�2,54,2,52,高橋-內壢,2024-07-09,5323
2374,佳能,68,17,51,高橋-內壢,2024-07-09,5323
2405,輔信,53,11,42,高橋-內壢,2024-07-09,5323
00929,復華台灣科技優息,44,4,40,高橋-內壢,2024-07-09,5323
2349,錸德,55,17,38,高橋-內壢,2024-07-09,5323
2353,宏��,35,0,35,高橋-內壢,2024-07-09,5323
8028,昇陽半導體,33,1,32,高橋-內壢,2024-07-09,5323
2392,正崴,48,18,30,高橋-內壢,2024-07-09,5323
2399,映泰,25,0,25,高橋-內壢,2024-07-09,5323
6207,雷科,25,0,25,高橋-內壢,2024-07-09,5323
00936,台新永續高息中小,35,11,24,高橋-內壢,2024-07-09,5323
4157,太景*-KY,21,0,21,高橋-內壢,2024-07-09,5323
00918,大華優利高填息30,24,4,20,高橋-內壢,2024-07-09,5323
00632R,元大台灣50反1,20,0,20,高橋-內壢,2024-07-09,5323
8071,能率網通,22,2,20,高橋-內壢,2024-07-09,5323
2390,云辰,18,0,18,高橋-內壢,2024-07-09,5323
2801,彰銀,18,0,18,高橋-內壢,2024-07-09,5323
2025,千興,17,0,17,高橋-內壢,2024-07-09,5323
2603,長榮,20,3,17,高橋-內壢,2024-07-09,5323
2834,臺企銀,16,0,16,高橋-內壢,2024-07-09,5323
3044,健鼎,16,0,16,高橋-內壢,2024-07-09,5323
1227,佳格,15,0,15,高橋-內壢,2024-07-09,5323
2344,華邦電,15,0,15,高橋-內壢,2024-07-09,5323
00679B,元大美債20年,15,1,14,高橋-內壢,2024-07-09,5323
00940,元大台灣價值高息,17,4,13,高橋-內壢,2024-07-09,5323
4976,佳凌,13,0,13,高橋-內壢,2024-07-09,5323
1785,光洋科,13,1,12,高橋-內壢,2024-07-09,5323
00735,國泰臺韓科技,11,0,11,高橋-內壢,2024-07-09,5323
00905,FT臺灣Smart,11,0,11,高橋-內壢,2024-07-09,5323
3045,台灣大,11,0,11,高橋-內壢,2024-07-09,5323
3483,力致,11,0,11,高橋-內壢,2024-07-09,5323
4960,誠美材,11,0,11,高橋-內壢,2024-07-09,5323
2317,鴻海,35,25,10,高橋-內壢,2024-07-09,5323
1810,和成,10,0,10,高橋-內壢,2024-07-09,5323
2417,圓剛,14,4,10,高橋-內壢,2024-07-09,5323
2610,華航,20,10,10,高橋-內壢,2024-07-09,5323
3060,銘異,10,0,10,高橋-內壢,2024-07-09,5323
3264,欣銓,10,0,10,高橋-內壢,2024-07-09,5323
00927,群益半導體收益,9,0,9,高橋-內壢,2024-07-09,5323
5452,佶優,14,5,9,高橋-內壢,2024-07-09,5323
1101,台泥,8,0,8,高橋-內壢,2024-07-09,5323
00878,國泰永續高股息,9,1,8,高橋-內壢,2024-07-09,5323
3034,聯詠,8,0,8,高橋-內壢,2024-07-09,5323
4543,萬在,8,0,8,高橋-內壢,2024-07-09,5323
5328,華容,19,11,8,高橋-內壢,2024-07-09,5323
0056,元大高股息,8,1,7,高橋-內壢,2024-07-09,5323
2243,宏旭-KY,251,1,250,高橋-內壢,2024-07-10,5323
6244,茂迪,150,0,150,高橋-內壢,2024-07-10,5323
2367,燿華,45,2,43,高橋-內壢,2024-07-10,5323
2834,臺企銀,40,0,40,高橋-內壢,2024-07-10,5323
2406,國碩,37,0,37,高橋-內壢,2024-07-10,5323
2002,中鋼,46,18,28,高橋-內壢,2024-07-10,5323
2312,金寶,49,23,26,高橋-內壢,2024-07-10,5323
2801,彰銀,26,0,26,高橋-內壢,2024-07-10,5323
2903,遠百,24,0,24,高橋-內壢,2024-07-10,5323
3312,弘憶股,28,4,24,高橋-內壢,2024-07-10,5323
3706,神達,28,5,23,高橋-內壢,2024-07-10,5323
00929,復華台灣科技優息,24,2,22,高橋-內壢,2024-07-10,5323
2888,新光金,150,128,22,高橋-內壢,2024-07-10,5323
2845,遠東銀,21,0,21,高橋-內壢,2024-07-10,5323
2516,新建,20,0,20,高橋-內壢,2024-07-10,5323
4960,誠美材,19,1,18,高橋-內壢,2024-07-10,5323
00950B,凱基A級公司債,15,0,15,高橋-內壢,2024-07-10,5323
2392,正崴,24,9,15,高橋-內壢,2024-07-10,5323
2501,國建,15,0,15,高橋-內壢,2024-07-10,5323
5443,均豪,19,5,14,高橋-內壢,2024-07-10,5323
1101,台泥,15,2,13,高橋-內壢,2024-07-10,5323
3047,訊舟,76,63,13,高橋-內壢,2024-07-10,5323
2344,華邦電,14,1,13,高橋-內壢,2024-07-10,5323
2317,鴻海,17,4,13,高橋-內壢,2024-07-10,5323
2371,大同,18,7,11,高橋-內壢,2024-07-10,5323
1409,新纖,10,0,10,高橋-內壢,2024-07-10,5323
1227,佳格,10,0,10,高橋-內壢,2024-07-10,5323
2331,精英,10,0,10,高橋-內壢,2024-07-10,5323
1303,南亞,10,0,10,高橋-內壢,2024-07-10,5323
2030,彰源,8,0,8,高橋-內壢,2024-07-10,5323
3010,華立,8,0,8,高橋-內壢,2024-07-10,5323
5243,乙盛-KY,8,0,8,高橋-內壢,2024-07-10,5323
5426,振發,8,0,8,高橋-內壢,2024-07-10,5323
8105,凌巨,8,0,8,高橋-內壢,2024-07-10,5323
00936,台新永續高息中小,7,0,7,高橋-內壢,2024-07-10,5323
1616,億泰,11,4,7,高橋-內壢,2024-07-10,5323
2897,王道銀行,10,3,7,高橋-內壢,2024-07-10,5323
4904,遠傳,7,0,7,高橋-內壢,2024-07-10,5323
6182,合晶,7,0,7,高橋-內壢,2024-07-10,5323
6531,愛普*,7,0,7,高橋-內壢,2024-07-10,5323
0056,元大高股息,6,0,6,高橋-內壢,2024-07-10,5323
00940,元大台灣價值高息,10,4,6,高橋-內壢,2024-07-10,5323
2419,仲琦,6,0,6,高橋-內壢,2024-07-10,5323
2444,兆勁,6,0,6,高橋-內壢,2024-07-10,5323
4123,晟德,6,0,6,高橋-內壢,2024-07-10,5323
5291,邑昇,6,0,6,高橋-內壢,2024-07-10,5323
8087,麗升能源,6,0,6,高橋-內壢,2024-07-10,5323
00923,群益台ESG低碳50,5,0,5,高橋-內壢,2024-07-10,5323
00687B,國泰20年美債,10,5,5,高橋-內壢,2024-07-10,5323
2356,英業達,6,1,5,高橋-內壢,2024-07-10,5323
3673,TPK-KY,255,0,255,高橋-內壢,2024-07-11,5323
6026,福邦證,122,0,122,高橋-內壢,2024-07-11,5323
2891,中信金,69,15,54,高橋-內壢,2024-07-11,5323
2888,新光金,63,17,46,高橋-內壢,2024-07-11,5323
3325,旭品,40,0,40,高橋-內壢,2024-07-11,5323
4533,協易機,35,1,34,高橋-內壢,2024-07-11,5323
2392,正崴,37,7,30,高橋-內壢,2024-07-11,5323
2610,華航,35,11,24,高橋-內壢,2024-07-11,5323
5434,崇越,24,0,24,高橋-內壢,2024-07-11,5323
00877,復華中國5G,40,20,20,高橋-內壢,2024-07-11,5323
2365,昆盈,30,12,18,高橋-內壢,2024-07-11,5323
2405,輔信,24,7,17,高橋-內壢,2024-07-11,5323
6282,康舒,18,1,17,高橋-內壢,2024-07-11,5323
2449,京元電子,16,1,15,高橋-內壢,2024-07-11,5323
4532,瑞智,15,0,15,高橋-內壢,2024-07-11,5323
1326,台化,14,0,14,高橋-內壢,2024-07-11,5323
2324,仁寶,14,0,14,高橋-內壢,2024-07-11,5323
2002,中鋼,16,2,14,高橋-內壢,2024-07-11,5323
1307,三芳,13,0,13,高橋-內壢,2024-07-11,5323
2363,矽統,14,1,13,高橋-內壢,2024-07-11,5323
6177,達麗,14,1,13,高橋-內壢,2024-07-11,5323
2618,長榮航,19,7,12,高橋-內壢,2024-07-11,5323
00720B,元大投資級公司債,12,0,12,高橋-內壢,2024-07-11,5323
2323,中環,12,0,12,高橋-內壢,2024-07-11,5323
4306,炎洲,15,4,11,高橋-內壢,2024-07-11,5323
5443,均豪,12,1,11,高橋-內壢,2024-07-11,5323
00632R,元大台灣50反1,11,0,11,高橋-內壢,2024-07-11,5323
2883,凱基金,35,24,11,高橋-內壢,2024-07-11,5323
8234,新漢,14,3,11,高橋-內壢,2024-07-11,5323
00687B,國泰20年美債,10,0,10,高橋-內壢,2024-07-11,5323
6451,訊芯-KY,10,0,10,高橋-內壢,2024-07-11,5323
00665L,富邦�琤肭磪囓�2,12,2,10,高橋-內壢,2024-07-11,5323
00882,中信中國高股息,10,0,10,高橋-內壢,2024-07-11,5323
00933B,國泰10Y+金融債,10,0,10,高橋-內壢,2024-07-11,5323
00919,群益台灣精選高息,11,1,10,高橋-內壢,2024-07-11,5323
1227,佳格,10,0,10,高橋-內壢,2024-07-11,5323
1109,信大,10,0,10,高橋-內壢,2024-07-11,5323
00950B,凱基A級公司債,10,0,10,高橋-內壢,2024-07-11,5323
1605,華新,10,0,10,高橋-內壢,2024-07-11,5323
2897,王道銀行,10,0,10,高橋-內壢,2024-07-11,5323
3228,金麗科,10,0,10,高橋-內壢,2024-07-11,5323
3308,聯德,10,0,10,高橋-內壢,2024-07-11,5323
5452,佶優,25,15,10,高橋-內壢,2024-07-11,5323
6111,大宇資,10,0,10,高橋-內壢,2024-07-11,5323
6116,彩晶,10,0,10,高橋-內壢,2024-07-11,5323
9945,潤泰新,12,2,10,高橋-內壢,2024-07-11,5323
2603,長榮,15,6,9,高橋-內壢,2024-07-11,5323
2101,南港,9,0,9,高橋-內壢,2024-07-11,5323
3078,僑威,9,0,9,高橋-內壢,2024-07-11,5323
3231,緯創,12,3,9,高橋-內壢,2024-07-11,5323
00929,復華台灣科技優息,125,40,85,高橋-內壢,2024-07-12,5323
4909,新復興,61,1,60,高橋-內壢,2024-07-12,5323
6244,茂迪,203,151,52,高橋-內壢,2024-07-12,5323
00665L,富邦�琤肭磪囓�2,51,0,51,高橋-內壢,2024-07-12,5323
2867,三商壽,52,3,49,高橋-內壢,2024-07-12,5323
00919,群益台灣精選高息,41,0,41,高橋-內壢,2024-07-12,5323
00949,復華日本龍頭,40,0,40,高橋-內壢,2024-07-12,5323
2317,鴻海,48,11,37,高橋-內壢,2024-07-12,5323
6005,群益證,35,0,35,高橋-內壢,2024-07-12,5323
2891,中信金,33,0,33,高橋-內壢,2024-07-12,5323
00934,中信成長高股息,30,0,30,高橋-內壢,2024-07-12,5323
3481,群創,86,56,30,高橋-內壢,2024-07-12,5323
2009,第一銅,30,0,30,高橋-內壢,2024-07-12,5323
1310,台苯,28,0,28,高橋-內壢,2024-07-12,5323
0056,元大高股息,25,0,25,高橋-內壢,2024-07-12,5323
3163,波若威,24,1,23,高橋-內壢,2024-07-12,5323
9105,泰金寶-DR,31,9,22,高橋-內壢,2024-07-12,5323
2354,鴻準,22,1,21,高橋-內壢,2024-07-12,5323
00725B,國泰投資級公司債,20,0,20,高橋-內壢,2024-07-12,5323
2881,富邦金,20,1,19,高橋-內壢,2024-07-12,5323
3450,聯鈞,19,1,18,高橋-內壢,2024-07-12,5323
6284,佳邦,18,0,18,高橋-內壢,2024-07-12,5323
2449,京元電子,17,0,17,高橋-內壢,2024-07-12,5323
2610,華航,29,12,17,高橋-內壢,2024-07-12,5323
00927,群益半導體收益,15,0,15,高橋-內壢,2024-07-12,5323
4714,永捷,28,13,15,高橋-內壢,2024-07-12,5323
2330,台積電,17,2,15,高橋-內壢,2024-07-12,5323
8028,昇陽半導體,14,1,13,高橋-內壢,2024-07-12,5323
00940,元大台灣價值高息,13,0,13,高橋-內壢,2024-07-12,5323
3711,日月光投控,12,0,12,高橋-內壢,2024-07-12,5323
4129,聯合,12,0,12,高橋-內壢,2024-07-12,5323
1708,東鹼,12,0,12,高橋-內壢,2024-07-12,5323
2312,金寶,120,108,12,高橋-內壢,2024-07-12,5323
2603,長榮,19,7,12,高橋-內壢,2024-07-12,5323
5905,南仁湖,12,0,12,高橋-內壢,2024-07-12,5323
2303,聯電,28,17,11,高橋-內壢,2024-07-12,5323
3673,TPK-KY,11,0,11,高橋-內壢,2024-07-12,5323
00921,兆豐龍頭等權重,11,0,11,高橋-內壢,2024-07-12,5323
00923,群益台ESG低碳50,10,0,10,高橋-內壢,2024-07-12,5323
00877,復華中國5G,10,0,10,高橋-內壢,2024-07-12,5323
1316,上曜,10,0,10,高橋-內壢,2024-07-12,5323
6116,彩晶,10,0,10,高橋-內壢,2024-07-12,5323
00881,國泰台灣5G+,9,0,9,高橋-內壢,2024-07-12,5323
2353,宏��,14,5,9,高橋-內壢,2024-07-12,5323
9945,潤泰新,18,9,9,高橋-內壢,2024-07-12,5323
00939,統一台灣高息動能,8,0,8,高橋-內壢,2024-07-12,5323
00946,群益科技高息成長,8,0,8,高橋-內壢,2024-07-12,5323
6126,信音,9,1,8,高橋-內壢,2024-07-12,5323
1109,信大,7,0,7,高橋-內壢,2024-07-12,5323
2363,矽統,9,2,7,高橋-內壢,2024-07-12,5323
00687B,國泰20年美債,118,16,102,高橋-內壢,2024-07-15,5323
00929,復華台灣科技優息,77,0,77,高橋-內壢,2024-07-15,5323
1612,宏泰,73,0,73,高橋-內壢,2024-07-15,5323
00934,中信成長高股息,77,11,66,高橋-內壢,2024-07-15,5323
1815,富喬,52,3,49,高橋-內壢,2024-07-15,5323
2888,新光金,47,0,47,高橋-內壢,2024-07-15,5323
8473,山林水,40,1,39,高橋-內壢,2024-07-15,5323
9105,泰金寶-DR,42,6,36,高橋-內壢,2024-07-15,5323
4927,泰鼎-KY,30,0,30,高橋-內壢,2024-07-15,5323
2891,中信金,30,1,29,高橋-內壢,2024-07-15,5323
1109,信大,27,0,27,高橋-內壢,2024-07-15,5323
2401,凌陽,27,1,26,高橋-內壢,2024-07-15,5323
1608,華榮,23,2,21,高橋-內壢,2024-07-15,5323
2312,金寶,59,38,21,高橋-內壢,2024-07-15,5323
00795B,中信美國公債20年,20,0,20,高橋-內壢,2024-07-15,5323
3481,群創,51,31,20,高橋-內壢,2024-07-15,5323
5512,力麒,20,0,20,高橋-內壢,2024-07-15,5323
2618,長榮航,26,7,19,高橋-內壢,2024-07-15,5323
2332,友訊,40,22,18,高橋-內壢,2024-07-15,5323
00918,大華優利高填息30,17,0,17,高橋-內壢,2024-07-15,5323
2356,英業達,37,21,16,高橋-內壢,2024-07-15,5323
00936,台新永續高息中小,16,0,16,高橋-內壢,2024-07-15,5323
00939,統一台灣高息動能,16,0,16,高橋-內壢,2024-07-15,5323
2867,三商壽,26,10,16,高橋-內壢,2024-07-15,5323
8064,東捷,16,0,16,高橋-內壢,2024-07-15,5323
4909,新復興,17,2,15,高橋-內壢,2024-07-15,5323
1708,東鹼,15,0,15,高橋-內壢,2024-07-15,5323
3535,晶彩科,20,5,15,高橋-內壢,2024-07-15,5323
6116,彩晶,15,0,15,高橋-內壢,2024-07-15,5323
2515,中工,13,0,13,高橋-內壢,2024-07-15,5323
2903,遠百,13,0,13,高橋-內壢,2024-07-15,5323
6005,群益證,12,0,12,高橋-內壢,2024-07-15,5323
8028,昇陽半導體,14,2,12,高橋-內壢,2024-07-15,5323
2316,楠梓電,11,0,11,高橋-內壢,2024-07-15,5323
2324,仁寶,11,0,11,高橋-內壢,2024-07-15,5323
2331,精英,11,0,11,高橋-內壢,2024-07-15,5323
00878,國泰永續高股息,11,0,11,高橋-內壢,2024-07-15,5323
00679B,元大美債20年,11,1,10,高橋-內壢,2024-07-15,5323
00937B,群益ESG投等債20,12,2,10,高橋-內壢,2024-07-15,5323
00877,復華中國5G,10,0,10,高橋-內壢,2024-07-15,5323
2363,矽統,10,0,10,高橋-內壢,2024-07-15,5323
3576,聯合再生,13,3,10,高橋-內壢,2024-07-15,5323
4128,中天,10,0,10,高橋-內壢,2024-07-15,5323
2353,宏��,9,0,9,高橋-內壢,2024-07-15,5323
2501,國建,10,1,9,高橋-內壢,2024-07-15,5323
2834,臺企銀,9,0,9,高橋-內壢,2024-07-15,5323
3593,力銘,9,0,9,高橋-內壢,2024-07-15,5323
6770,力積電,35,26,9,高橋-內壢,2024-07-15,5323
1104,環泥,8,0,8,高橋-內壢,2024-07-15,5323
2367,燿華,9,1,8,高橋-內壢,2024-07-15,5323
3673,TPK-KY,148,11,137,高橋-內壢,2024-07-16,5323
2834,臺企銀,61,1,60,高橋-內壢,2024-07-16,5323
9105,泰金寶-DR,66,12,54,高橋-內壢,2024-07-16,5323
1609,大亞,42,2,40,高橋-內壢,2024-07-16,5323
2887,台新金,40,0,40,高橋-內壢,2024-07-16,5323
00934,中信成長高股息,41,3,38,高橋-內壢,2024-07-16,5323
2489,瑞軒,50,23,27,高橋-內壢,2024-07-16,5323
00937B,群益ESG投等債20,31,5,26,高橋-內壢,2024-07-16,5323
0056,元大高股息,24,0,24,高橋-內壢,2024-07-16,5323
8011,台通,26,4,22,高橋-內壢,2024-07-16,5323
00929,復華台灣科技優息,43,24,19,高橋-內壢,2024-07-16,5323
00936,台新永續高息中小,18,0,18,高橋-內壢,2024-07-16,5323
4967,十銓,22,4,18,高橋-內壢,2024-07-16,5323
00878,國泰永續高股息,27,10,17,高橋-內壢,2024-07-16,5323
2801,彰銀,16,0,16,高橋-內壢,2024-07-16,5323
2371,大同,20,5,15,高橋-內壢,2024-07-16,5323
3357,臺慶科,20,5,15,高橋-內壢,2024-07-16,5323
6244,茂迪,65,50,15,高橋-內壢,2024-07-16,5323
1536,和大,13,0,13,高橋-內壢,2024-07-16,5323
2608,嘉里大榮,13,0,13,高橋-內壢,2024-07-16,5323
2884,玉山金,13,0,13,高橋-內壢,2024-07-16,5323
00680L,元大美債20正2,10,0,10,高橋-內壢,2024-07-16,5323
1453,大將,12,2,10,高橋-內壢,2024-07-16,5323
2312,金寶,81,71,10,高橋-內壢,2024-07-16,5323
2331,精英,10,0,10,高橋-內壢,2024-07-16,5323
3202,樺晟,10,0,10,高橋-內壢,2024-07-16,5323
3515,華擎,10,0,10,高橋-內壢,2024-07-16,5323
00905,FT臺灣Smart,12,3,9,高橋-內壢,2024-07-16,5323
00899,FT潔淨能源,10,1,9,高橋-內壢,2024-07-16,5323
1312,國喬,9,0,9,高橋-內壢,2024-07-16,5323
1513,中興電,24,15,9,高橋-內壢,2024-07-16,5323
2317,鴻海,14,6,8,高橋-內壢,2024-07-16,5323
6637,醫影,8,0,8,高橋-內壢,2024-07-16,5323
2891,中信金,7,0,7,高橋-內壢,2024-07-16,5323
00940,元大台灣價值高息,7,0,7,高橋-內壢,2024-07-16,5323
3019,亞光,11,4,7,高橋-內壢,2024-07-16,5323
8043,蜜望實,12,5,7,高橋-內壢,2024-07-16,5323
00675L,富邦臺灣加權正2,6,0,6,高橋-內壢,2024-07-16,5323
00751B,元大AAA至A公司債,6,0,6,高橋-內壢,2024-07-16,5323
00927,群益半導體收益,8,2,6,高橋-內壢,2024-07-16,5323
2301,光寶科,8,2,6,高橋-內壢,2024-07-16,5323
3163,波若威,10,4,6,高橋-內壢,2024-07-16,5323
6770,力積電,6,0,6,高橋-內壢,2024-07-16,5323
8028,昇陽半導體,6,0,6,高橋-內壢,2024-07-16,5323
9902,台火,6,0,6,高橋-內壢,2024-07-16,5323
4576,大銀微系統,6,0,6,高橋-內壢,2024-07-16,5323
00919,群益台灣精選高息,16,10,6,高橋-內壢,2024-07-16,5323
2618,長榮航,7,2,5,高橋-內壢,2024-07-16,5323
00891,中信關鍵半導體,5,0,5,高橋-內壢,2024-07-16,5323
1612,宏泰,5,0,5,高橋-內壢,2024-07-16,5323
00929,復華台灣科技優息,123,0,123,高橋-內壢,2024-07-17,5323
00937B,群益ESG投等債20,119,5,114,高橋-內壢,2024-07-17,5323
00680L,元大美債20正2,110,2,108,高橋-內壢,2024-07-17,5323
00919,群益台灣精選高息,78,0,78,高橋-內壢,2024-07-17,5323
4967,十銓,75,1,74,高橋-內壢,2024-07-17,5323
2615,萬海,64,5,59,高橋-內壢,2024-07-17,5323
4906,正文,50,0,50,高橋-內壢,2024-07-17,5323
1815,富喬,51,3,48,高橋-內壢,2024-07-17,5323
00936,台新永續高息中小,40,0,40,高橋-內壢,2024-07-17,5323
2537,聯上發,61,21,40,高橋-內壢,2024-07-17,5323
2834,臺企銀,38,2,36,高橋-內壢,2024-07-17,5323
00948B,中信優息投資級債,33,0,33,高橋-內壢,2024-07-17,5323
00934,中信成長高股息,33,0,33,高橋-內壢,2024-07-17,5323
8089,康全電訊,33,0,33,高橋-內壢,2024-07-17,5323
6770,力積電,66,35,31,高橋-內壢,2024-07-17,5323
1409,新纖,44,15,29,高橋-內壢,2024-07-17,5323
0056,元大高股息,28,0,28,高橋-內壢,2024-07-17,5323
1806,冠軍,22,1,21,高橋-內壢,2024-07-17,5323
5469,瀚宇博,20,0,20,高橋-內壢,2024-07-17,5323
6153,嘉聯益,18,0,18,高橋-內壢,2024-07-17,5323
00878,國泰永續高股息,21,4,17,高橋-內壢,2024-07-17,5323
00933B,國泰10Y+金融債,20,3,17,高橋-內壢,2024-07-17,5323
2303,聯電,23,6,17,高橋-內壢,2024-07-17,5323
8011,台通,27,10,17,高橋-內壢,2024-07-17,5323
00881,國泰台灣5G+,16,0,16,高橋-內壢,2024-07-17,5323
2312,金寶,20,5,15,高橋-內壢,2024-07-17,5323
2402,毅嘉,24,9,15,高橋-內壢,2024-07-17,5323
2317,鴻海,18,3,15,高橋-內壢,2024-07-17,5323
2376,技嘉,15,1,14,高橋-內壢,2024-07-17,5323
00927,群益半導體收益,14,1,13,高橋-內壢,2024-07-17,5323
2363,矽統,18,5,13,高橋-內壢,2024-07-17,5323
2617,台航,13,0,13,高橋-內壢,2024-07-17,5323
3673,TPK-KY,27,14,13,高橋-內壢,2024-07-17,5323
1301,台塑,15,3,12,高橋-內壢,2024-07-17,5323
2449,京元電子,11,0,11,高橋-內壢,2024-07-17,5323
00679B,元大美債20年,11,0,11,高橋-內壢,2024-07-17,5323
2845,遠東銀,11,0,11,高橋-內壢,2024-07-17,5323
6235,華孚,11,0,11,高橋-內壢,2024-07-17,5323
2330,台積電,10,0,10,高橋-內壢,2024-07-17,5323
00950B,凱基A級公司債,10,0,10,高橋-內壢,2024-07-17,5323
2906,高林,10,0,10,高橋-內壢,2024-07-17,5323
3379,彬台,11,1,10,高橋-內壢,2024-07-17,5323
1102,亞泥,9,0,9,高橋-內壢,2024-07-17,5323
00918,大華優利高填息30,18,10,8,高橋-內壢,2024-07-17,5323
2301,光寶科,9,1,8,高橋-內壢,2024-07-17,5323
2495,普安,8,0,8,高橋-內壢,2024-07-17,5323
2538,基泰,11,3,8,高橋-內壢,2024-07-17,5323
2645,長榮航太,8,0,8,高橋-內壢,2024-07-17,5323
3221,台嘉碩,13,5,8,高橋-內壢,2024-07-17,5323
3498,陽程,8,0,8,高橋-內壢,2024-07-17,5323
2888,新光金,334,5,329,高橋-內壢,2024-07-18,5323
1611,中電,160,0,160,高橋-內壢,2024-07-18,5323
00936,台新永續高息中小,191,52,139,高橋-內壢,2024-07-18,5323
00929,復華台灣科技優息,175,65,110,高橋-內壢,2024-07-18,5323
2356,英業達,65,0,65,高橋-內壢,2024-07-18,5323
00937B,群益ESG投等債20,73,10,63,高橋-內壢,2024-07-18,5323
2362,藍天,65,2,63,高橋-內壢,2024-07-18,5323
1815,富喬,103,50,53,高橋-內壢,2024-07-18,5323
2610,華航,44,0,44,高橋-內壢,2024-07-18,5323
9105,泰金寶-DR,64,20,44,高橋-內壢,2024-07-18,5323
2317,鴻海,38,1,37,高橋-內壢,2024-07-18,5323
00878,國泰永續高股息,37,1,36,高橋-內壢,2024-07-18,5323
1402,遠東新,33,0,33,高橋-內壢,2024-07-18,5323
3481,群創,93,62,31,高橋-內壢,2024-07-18,5323
00877,復華中國5G,30,0,30,高橋-內壢,2024-07-18,5323
3231,緯創,27,1,26,高橋-內壢,2024-07-18,5323
5519,隆大,24,0,24,高橋-內壢,2024-07-18,5323
2515,中工,20,0,20,高橋-內壢,2024-07-18,5323
6770,力積電,20,0,20,高橋-內壢,2024-07-18,5323
00946,群益科技高息成長,18,0,18,高橋-內壢,2024-07-18,5323
2374,佳能,19,2,17,高橋-內壢,2024-07-18,5323
00795B,中信美國公債20年,16,0,16,高橋-內壢,2024-07-18,5323
1307,三芳,16,0,16,高橋-內壢,2024-07-18,5323
5512,力麒,20,4,16,高橋-內壢,2024-07-18,5323
8105,凌巨,43,27,16,高橋-內壢,2024-07-18,5323
0056,元大高股息,17,1,16,高橋-內壢,2024-07-18,5323
4109,加捷生醫,15,1,14,高橋-內壢,2024-07-18,5323
1301,台塑,17,4,13,高橋-內壢,2024-07-18,5323
2883,凱基金,13,0,13,高橋-內壢,2024-07-18,5323
6570,維田,14,1,13,高橋-內壢,2024-07-18,5323
2330,台積電,18,6,12,高橋-內壢,2024-07-18,5323
2382,廣達,14,3,11,高橋-內壢,2024-07-18,5323
2867,三商壽,34,23,11,高橋-內壢,2024-07-18,5323
6695,芯鼎,12,1,11,高橋-內壢,2024-07-18,5323
3576,聯合再生,13,2,11,高橋-內壢,2024-07-18,5323
00669R,國泰美國道瓊反1,10,0,10,高橋-內壢,2024-07-18,5323
00933B,國泰10Y+金融債,10,0,10,高橋-內壢,2024-07-18,5323
2634,漢翔,11,1,10,高橋-內壢,2024-07-18,5323
2891,中信金,10,0,10,高橋-內壢,2024-07-18,5323
3058,立德,10,0,10,高橋-內壢,2024-07-18,5323
6684,安格,10,0,10,高橋-內壢,2024-07-18,5323
912000,晨訊科-DR,10,0,10,高橋-內壢,2024-07-18,5323
2303,聯電,16,7,9,高橋-內壢,2024-07-18,5323
00927,群益半導體收益,11,2,9,高橋-內壢,2024-07-18,5323
2464,盟立,11,2,9,高橋-內壢,2024-07-18,5323
2882,國泰金,9,0,9,高橋-內壢,2024-07-18,5323
6284,佳邦,10,1,9,高橋-內壢,2024-07-18,5323
1312,國喬,9,1,8,高橋-內壢,2024-07-18,5323
1709,和益,10,2,8,高橋-內壢,2024-07-18,5323
2368,金像電,8,0,8,高橋-內壢,2024-07-18,5323
00795B,中信美國公債20年,133,0,133,高橋-內壢,2024-07-19,5323
00929,復華台灣科技優息,157,34,123,高橋-內壢,2024-07-19,5323
00687B,國泰20年美債,100,0,100,高橋-內壢,2024-07-19,5323
00919,群益台灣精選高息,71,1,70,高橋-內壢,2024-07-19,5323
2312,金寶,74,7,67,高橋-內壢,2024-07-19,5323
00679B,元大美債20年,50,0,50,高橋-內壢,2024-07-19,5323
2891,中信金,49,0,49,高橋-內壢,2024-07-19,5323
2330,台積電,45,1,44,高橋-內壢,2024-07-19,5323
00753L,中信中國50正2,40,0,40,高橋-內壢,2024-07-19,5323
00878,國泰永續高股息,40,11,29,高橋-內壢,2024-07-19,5323
00937B,群益ESG投等債20,47,20,27,高橋-內壢,2024-07-19,5323
4906,正文,28,2,26,高橋-內壢,2024-07-19,5323
2884,玉山金,26,2,24,高橋-內壢,2024-07-19,5323
3450,聯鈞,25,1,24,高橋-內壢,2024-07-19,5323
6182,合晶,24,0,24,高橋-內壢,2024-07-19,5323
00934,中信成長高股息,24,1,23,高橋-內壢,2024-07-19,5323
6244,茂迪,33,10,23,高橋-內壢,2024-07-19,5323
9105,泰金寶-DR,25,2,23,高橋-內壢,2024-07-19,5323
2374,佳能,22,1,21,高橋-內壢,2024-07-19,5323
6116,彩晶,21,0,21,高橋-內壢,2024-07-19,5323
2887,台新金,21,0,21,高橋-內壢,2024-07-19,5323
2537,聯上發,23,3,20,高橋-內壢,2024-07-19,5323
2408,南亞科,20,0,20,高橋-內壢,2024-07-19,5323
2323,中環,19,0,19,高橋-內壢,2024-07-19,5323
2867,三商壽,18,0,18,高橋-內壢,2024-07-19,5323
2101,南港,16,0,16,高橋-內壢,2024-07-19,5323
2356,英業達,22,6,16,高橋-內壢,2024-07-19,5323
00936,台新永續高息中小,15,0,15,高橋-內壢,2024-07-19,5323
6603,富強鑫,15,0,15,高橋-內壢,2024-07-19,5323
3231,緯創,16,2,14,高橋-內壢,2024-07-19,5323
00882,中信中國高股息,14,0,14,高橋-內壢,2024-07-19,5323
2883,凱基金,23,9,14,高橋-內壢,2024-07-19,5323
8011,台通,14,0,14,高橋-內壢,2024-07-19,5323
8093,保銳,14,0,14,高橋-內壢,2024-07-19,5323
2344,華邦電,14,1,13,高橋-內壢,2024-07-19,5323
2492,華新科,13,0,13,高橋-內壢,2024-07-19,5323
00940,元大台灣價值高息,17,5,12,高橋-內壢,2024-07-19,5323
2801,彰銀,12,0,12,高橋-內壢,2024-07-19,5323
00918,大華優利高填息30,11,0,11,高橋-內壢,2024-07-19,5323
2103,台橡,11,0,11,高橋-內壢,2024-07-19,5323
2608,嘉里大榮,11,0,11,高橋-內壢,2024-07-19,5323
3686,達能,12,1,11,高橋-內壢,2024-07-19,5323
4912,聯德控股-KY,11,0,11,高橋-內壢,2024-07-19,5323
00885,富邦越南,10,0,10,高橋-內壢,2024-07-19,5323
00946,群益科技高息成長,14,4,10,高橋-內壢,2024-07-19,5323
1710,東聯,10,0,10,高橋-內壢,2024-07-19,5323
1785,光洋科,11,1,10,高橋-內壢,2024-07-19,5323
2332,友訊,10,0,10,高橋-內壢,2024-07-19,5323
2419,仲琦,12,2,10,高橋-內壢,2024-07-19,5323
2489,瑞軒,10,0,10,高橋-內壢,2024-07-19,5323
00929,復華台灣科技優息,258,6,252,高橋-內壢,2024-07-22,5323
00940,元大台灣價值高息,147,1,146,高橋-內壢,2024-07-22,5323
5512,力麒,155,52,103,高橋-內壢,2024-07-22,5323
00919,群益台灣精選高息,93,14,79,高橋-內壢,2024-07-22,5323
2801,彰銀,77,0,77,高橋-內壢,2024-07-22,5323
00878,國泰永續高股息,68,0,68,高橋-內壢,2024-07-22,5323
3481,群創,188,123,65,高橋-內壢,2024-07-22,5323
00936,台新永續高息中小,60,0,60,高橋-內壢,2024-07-22,5323
00946,群益科技高息成長,59,0,59,高橋-內壢,2024-07-22,5323
00948B,中信優息投資級債,58,0,58,高橋-內壢,2024-07-22,5323
1611,中電,92,35,57,高橋-內壢,2024-07-22,5323
2867,三商壽,54,0,54,高橋-內壢,2024-07-22,5323
4533,協易機,51,0,51,高橋-內壢,2024-07-22,5323
3357,臺慶科,41,0,41,高橋-內壢,2024-07-22,5323
2884,玉山金,34,0,34,高橋-內壢,2024-07-22,5323
2382,廣達,28,2,26,高橋-內壢,2024-07-22,5323
2402,毅嘉,26,1,25,高橋-內壢,2024-07-22,5323
2317,鴻海,46,22,24,高橋-內壢,2024-07-22,5323
00679B,元大美債20年,26,2,24,高橋-內壢,2024-07-22,5323
2340,台亞,23,0,23,高橋-內壢,2024-07-22,5323
4128,中天,46,23,23,高橋-內壢,2024-07-22,5323
4973,廣穎,20,0,20,高橋-內壢,2024-07-22,5323
3231,緯創,27,7,20,高橋-內壢,2024-07-22,5323
4566,時碩工業,19,0,19,高橋-內壢,2024-07-22,5323
912000,晨訊科-DR,39,20,19,高橋-內壢,2024-07-22,5323
2610,華航,27,9,18,高橋-內壢,2024-07-22,5323
0056,元大高股息,28,10,18,高橋-內壢,2024-07-22,5323
2608,嘉里大榮,18,0,18,高橋-內壢,2024-07-22,5323
2303,聯電,27,10,17,高橋-內壢,2024-07-22,5323
00892,富邦台灣半導體,15,0,15,高橋-內壢,2024-07-22,5323
1609,大亞,29,15,14,高橋-內壢,2024-07-22,5323
3037,欣興,24,11,13,高橋-內壢,2024-07-22,5323
00830,國泰費城半導體,13,0,13,高橋-內壢,2024-07-22,5323
2405,輔信,13,0,13,高橋-內壢,2024-07-22,5323
8070,長華*,13,0,13,高橋-內壢,2024-07-22,5323
8028,昇陽半導體,12,0,12,高橋-內壢,2024-07-22,5323
2425,承啟,10,0,10,高橋-內壢,2024-07-22,5323
2471,資通,10,0,10,高橋-內壢,2024-07-22,5323
2344,華邦電,19,10,9,高橋-內壢,2024-07-22,5323
2409,友達,8,0,8,高橋-內壢,2024-07-22,5323
3033,威健,21,13,8,高橋-內壢,2024-07-22,5323
00934,中信成長高股息,7,0,7,高橋-內壢,2024-07-22,5323
2383,台光電,7,0,7,高橋-內壢,2024-07-22,5323
2881,富邦金,7,0,7,高橋-內壢,2024-07-22,5323
6443,元晶,7,0,7,高橋-內壢,2024-07-22,5323
2330,台積電,9,3,6,高橋-內壢,2024-07-22,5323
2834,臺企銀,11,5,6,高橋-內壢,2024-07-22,5323
3673,TPK-KY,10,4,6,高橋-內壢,2024-07-22,5323
4906,正文,8,2,6,高橋-內壢,2024-07-22,5323
4743,合一,14,8,6,高橋-內壢,2024-07-22,5323
3481,群創,50,1,49,高橋-內壢,2024-07-23,5323
5512,力麒,48,2,46,高橋-內壢,2024-07-23,5323
2867,三商壽,45,0,45,高橋-內壢,2024-07-23,5323
00929,復華台灣科技優息,91,51,40,高橋-內壢,2024-07-23,5323
3048,益登,40,0,40,高橋-內壢,2024-07-23,5323
9105,泰金寶-DR,39,5,34,高橋-內壢,2024-07-23,5323
00937B,群益ESG投等債20,26,0,26,高橋-內壢,2024-07-23,5323
2461,光群雷,25,0,25,高橋-內壢,2024-07-23,5323
0056,元大高股息,24,0,24,高橋-內壢,2024-07-23,5323
00878,國泰永續高股息,22,1,21,高橋-內壢,2024-07-23,5323
3357,臺慶科,20,1,19,高橋-內壢,2024-07-23,5323
2408,南亞科,19,1,18,高橋-內壢,2024-07-23,5323
8043,蜜望實,16,0,16,高橋-內壢,2024-07-23,5323
2356,英業達,31,16,15,高橋-內壢,2024-07-23,5323
2489,瑞軒,15,0,15,高橋-內壢,2024-07-23,5323
2888,新光金,22,7,15,高橋-內壢,2024-07-23,5323
3663,鑫科,15,0,15,高橋-內壢,2024-07-23,5323
2312,金寶,23,9,14,高橋-內壢,2024-07-23,5323
00919,群益台灣精選高息,21,8,13,高橋-內壢,2024-07-23,5323
2365,昆盈,20,8,12,高橋-內壢,2024-07-23,5323
3576,聯合再生,14,2,12,高橋-內壢,2024-07-23,5323
2317,鴻海,21,11,10,高橋-內壢,2024-07-23,5323
6901,鑽石投資,10,0,10,高橋-內壢,2024-07-23,5323
2374,佳能,11,1,10,高橋-內壢,2024-07-23,5323
3033,威健,10,0,10,高橋-內壢,2024-07-23,5323
4157,太景*-KY,10,0,10,高橋-內壢,2024-07-23,5323
4743,合一,10,0,10,高橋-內壢,2024-07-23,5323
8438,昶昕,10,0,10,高橋-內壢,2024-07-23,5323
1611,中電,30,20,10,高橋-內壢,2024-07-23,5323
00665L,富邦�琤肭磪囓�2,10,1,9,高橋-內壢,2024-07-23,5323
2376,技嘉,10,1,9,高橋-內壢,2024-07-23,5323
3231,緯創,9,0,9,高橋-內壢,2024-07-23,5323
00687B,國泰20年美債,8,0,8,高橋-內壢,2024-07-23,5323
5309,系統電,20,12,8,高橋-內壢,2024-07-23,5323
6274,台燿,8,0,8,高橋-內壢,2024-07-23,5323
00931B,統一美債20年,7,0,7,高橋-內壢,2024-07-23,5323
00679B,元大美債20年,7,0,7,高橋-內壢,2024-07-23,5323
2409,友達,7,0,7,高橋-內壢,2024-07-23,5323
4927,泰鼎-KY,6,0,6,高橋-內壢,2024-07-23,5323
4967,十銓,7,1,6,高橋-內壢,2024-07-23,5323
8076,伍豐,6,0,6,高橋-內壢,2024-07-23,5323
9919,康那香,6,0,6,高橋-內壢,2024-07-23,5323
4979,華星光,7,1,6,高橋-內壢,2024-07-23,5323
8473,山林水,11,6,5,高橋-內壢,2024-07-23,5323
4533,協易機,6,1,5,高橋-內壢,2024-07-23,5323
00773B,中信優先金融債,5,0,5,高橋-內壢,2024-07-23,5323
00918,大華優利高填息30,8,3,5,高橋-內壢,2024-07-23,5323
00934,中信成長高股息,6,1,5,高橋-內壢,2024-07-23,5323
2313,華通,5,0,5,高橋-內壢,2024-07-23,5323
2357,華碩,5,0,5,高橋-內壢,2024-07-23,5323
00929,復華台灣科技優息,263,10,253,高橋-內壢,2024-07-26,5323
00940,元大台灣價值高息,101,0,101,高橋-內壢,2024-07-26,5323
00937B,群益ESG投等債20,67,6,61,高橋-內壢,2024-07-26,5323
00919,群益台灣精選高息,73,13,60,高橋-內壢,2024-07-26,5323
2888,新光金,63,13,50,高橋-內壢,2024-07-26,5323
00878,國泰永續高股息,52,3,49,高橋-內壢,2024-07-26,5323
2884,玉山金,39,5,34,高橋-內壢,2024-07-26,5323
0056,元大高股息,29,0,29,高橋-內壢,2024-07-26,5323
3711,日月光投控,27,0,27,高橋-內壢,2024-07-26,5323
2409,友達,25,2,23,高橋-內壢,2024-07-26,5323
00930,永豐ESG低碳高息,20,0,20,高橋-內壢,2024-07-26,5323
8043,蜜望實,19,0,19,高橋-內壢,2024-07-26,5323
00939,統一台灣高息動能,18,0,18,高橋-內壢,2024-07-26,5323
00918,大華優利高填息30,24,6,18,高橋-內壢,2024-07-26,5323
2356,英業達,18,1,17,高橋-內壢,2024-07-26,5323
00946,群益科技高息成長,17,0,17,高橋-內壢,2024-07-26,5323
2486,一詮,19,2,17,高橋-內壢,2024-07-26,5323
3450,聯鈞,17,0,17,高橋-內壢,2024-07-26,5323
2332,友訊,16,0,16,高橋-內壢,2024-07-26,5323
00679B,元大美債20年,15,0,15,高橋-內壢,2024-07-26,5323
00948B,中信優息投資級債,15,0,15,高橋-內壢,2024-07-26,5323
2889,國票金,15,0,15,高橋-內壢,2024-07-26,5323
3705,永信,15,0,15,高橋-內壢,2024-07-26,5323
9105,泰金寶-DR,26,11,15,高橋-內壢,2024-07-26,5323
00911,兆豐洲際半導體,14,0,14,高橋-內壢,2024-07-26,5323
8926,台汽電,20,6,14,高橋-內壢,2024-07-26,5323
2330,台積電,17,3,14,高橋-內壢,2024-07-26,5323
2317,鴻海,34,21,13,高橋-內壢,2024-07-26,5323
6125,廣運,13,1,12,高橋-內壢,2024-07-26,5323
00830,國泰費城半導體,11,0,11,高橋-內壢,2024-07-26,5323
2834,臺企銀,30,20,10,高橋-內壢,2024-07-26,5323
1802,台玻,11,1,10,高橋-內壢,2024-07-26,5323
2014,中鴻,10,0,10,高橋-內壢,2024-07-26,5323
2365,昆盈,17,7,10,高橋-內壢,2024-07-26,5323
2419,仲琦,10,0,10,高橋-內壢,2024-07-26,5323
2515,中工,10,0,10,高橋-內壢,2024-07-26,5323
2836,高雄銀,10,0,10,高橋-內壢,2024-07-26,5323
3322,建舜電,10,0,10,高橋-內壢,2024-07-26,5323
4906,正文,21,11,10,高橋-內壢,2024-07-26,5323
6548,長科*,10,0,10,高橋-內壢,2024-07-26,5323
8070,長華*,10,0,10,高橋-內壢,2024-07-26,5323
1503,士電,9,0,9,高橋-內壢,2024-07-26,5323
1513,中興電,10,1,9,高橋-內壢,2024-07-26,5323
2368,金像電,9,0,9,高橋-內壢,2024-07-26,5323
3294,英濟,10,1,9,高橋-內壢,2024-07-26,5323
2303,聯電,12,3,9,高橋-內壢,2024-07-26,5323
2382,廣達,8,0,8,高橋-內壢,2024-07-26,5323
00645,富邦日本,8,0,8,高橋-內壢,2024-07-26,5323
00892,富邦台灣半導體,8,0,8,高橋-內壢,2024-07-26,5323
6177,達麗,8,0,8,高橋-內壢,2024-07-26,5323
0056,元大高股息,81,0,81,高橋-內壢,2024-07-29,5323
00929,復華台灣科技優息,139,61,78,高橋-內壢,2024-07-29,5323
00878,國泰永續高股息,51,0,51,高橋-內壢,2024-07-29,5323
3357,臺慶科,45,0,45,高橋-內壢,2024-07-29,5323
2356,英業達,40,4,36,高橋-內壢,2024-07-29,5323
4142,國光生,35,1,34,高橋-內壢,2024-07-29,5323
2603,長榮,31,2,29,高橋-內壢,2024-07-29,5323
3058,立德,26,0,26,高橋-內壢,2024-07-29,5323
2017,官田鋼,25,0,25,高橋-內壢,2024-07-29,5323
9105,泰金寶-DR,32,10,22,高橋-內壢,2024-07-29,5323
6438,迅得,20,0,20,高橋-內壢,2024-07-29,5323
2363,矽統,23,4,19,高橋-內壢,2024-07-29,5323
6116,彩晶,14,0,14,高橋-內壢,2024-07-29,5323
2884,玉山金,13,0,13,高橋-內壢,2024-07-29,5323
2376,技嘉,11,0,11,高橋-內壢,2024-07-29,5323
1802,台玻,12,1,11,高橋-內壢,2024-07-29,5323
5371,中光電,13,2,11,高橋-內壢,2024-07-29,5323
5512,力麒,24,13,11,高橋-內壢,2024-07-29,5323
2506,太設,10,0,10,高橋-內壢,2024-07-29,5323
3402,漢科,10,0,10,高橋-內壢,2024-07-29,5323
6189,豐藝,10,0,10,高橋-內壢,2024-07-29,5323
6215,和椿,10,0,10,高橋-內壢,2024-07-29,5323
1609,大亞,11,2,9,高橋-內壢,2024-07-29,5323
1513,中興電,20,11,9,高橋-內壢,2024-07-29,5323
00891,中信關鍵半導體,9,0,9,高橋-內壢,2024-07-29,5323
00934,中信成長高股息,9,0,9,高橋-內壢,2024-07-29,5323
2367,燿華,11,2,9,高橋-內壢,2024-07-29,5323
2834,臺企銀,9,0,9,高橋-內壢,2024-07-29,5323
3481,群創,10,1,9,高橋-內壢,2024-07-29,5323
4958,臻鼎-KY,9,0,9,高橋-內壢,2024-07-29,5323
00946,群益科技高息成長,20,12,8,高橋-內壢,2024-07-29,5323
2353,宏��,10,2,8,高橋-內壢,2024-07-29,5323
4526,東台,8,0,8,高橋-內壢,2024-07-29,5323
4532,瑞智,12,4,8,高橋-內壢,2024-07-29,5323
5443,均豪,14,6,8,高橋-內壢,2024-07-29,5323
2454,聯發科,8,0,8,高橋-內壢,2024-07-29,5323
00939,統一台灣高息動能,7,0,7,高橋-內壢,2024-07-29,5323
00918,大華優利高填息30,10,3,7,高橋-內壢,2024-07-29,5323
00927,群益半導體收益,7,0,7,高橋-內壢,2024-07-29,5323
1616,億泰,12,5,7,高橋-內壢,2024-07-29,5323
2906,高林,7,0,7,高橋-內壢,2024-07-29,5323
1727,中華化,6,0,6,高橋-內壢,2024-07-29,5323
2344,華邦電,8,2,6,高橋-內壢,2024-07-29,5323
2891,中信金,6,0,6,高橋-內壢,2024-07-29,5323
3645,達邁,6,0,6,高橋-內壢,2024-07-29,5323
8011,台通,6,0,6,高橋-內壢,2024-07-29,5323
912000,晨訊科-DR,11,5,6,高橋-內壢,2024-07-29,5323
00923,群益台ESG低碳50,6,0,6,高橋-內壢,2024-07-29,5323
2303,聯電,21,16,5,高橋-內壢,2024-07-29,5323
3035,智原,5,0,5,高橋-內壢,2024-07-29,5323
00940,元大台灣價值高息,161,10,151,高橋-內壢,2024-07-30,5323
00679B,元大美債20年,86,2,84,高橋-內壢,2024-07-30,5323
2801,彰銀,63,0,63,高橋-內壢,2024-07-30,5323
2845,遠東銀,59,0,59,高橋-內壢,2024-07-30,5323
00712,復華富時不動產,50,3,47,高橋-內壢,2024-07-30,5323
2002,中鋼,42,2,40,高橋-內壢,2024-07-30,5323
00919,群益台灣精選高息,47,9,38,高橋-內壢,2024-07-30,5323
00878,國泰永續高股息,44,10,34,高橋-內壢,2024-07-30,5323
00929,復華台灣科技優息,148,119,29,高橋-內壢,2024-07-30,5323
2633,台灣高鐵,25,0,25,高橋-內壢,2024-07-30,5323
2891,中信金,25,0,25,高橋-內壢,2024-07-30,5323
00939,統一台灣高息動能,26,5,21,高橋-內壢,2024-07-30,5323
5309,系統電,21,2,19,高橋-內壢,2024-07-30,5323
2867,三商壽,25,7,18,高橋-內壢,2024-07-30,5323
00892,富邦台灣半導體,17,0,17,高橋-內壢,2024-07-30,5323
1806,冠軍,19,3,16,高橋-內壢,2024-07-30,5323
2349,錸德,36,21,15,高橋-內壢,2024-07-30,5323
2363,矽統,34,21,13,高橋-內壢,2024-07-30,5323
2834,臺企銀,15,2,13,高橋-內壢,2024-07-30,5323
00753L,中信中國50正2,13,0,13,高橋-內壢,2024-07-30,5323
2344,華邦電,12,1,11,高橋-內壢,2024-07-30,5323
2365,昆盈,14,3,11,高橋-內壢,2024-07-30,5323
00877,復華中國5G,10,0,10,高橋-內壢,2024-07-30,5323
00934,中信成長高股息,11,1,10,高橋-內壢,2024-07-30,5323
00932,兆豐永續高息等權,10,0,10,高橋-內壢,2024-07-30,5323
2392,正崴,10,0,10,高橋-內壢,2024-07-30,5323
2537,聯上發,13,3,10,高橋-內壢,2024-07-30,5323
5608,四維航,10,0,10,高橋-內壢,2024-07-30,5323
1609,大亞,9,0,9,高橋-內壢,2024-07-30,5323
00946,群益科技高息成長,9,0,9,高橋-內壢,2024-07-30,5323
2353,宏��,27,18,9,高橋-內壢,2024-07-30,5323
2884,玉山金,20,11,9,高橋-內壢,2024-07-30,5323
00937B,群益ESG投等債20,10,2,8,高橋-內壢,2024-07-30,5323
00631L,元大台灣50正2,8,0,8,高橋-內壢,2024-07-30,5323
1605,華新,8,0,8,高橋-內壢,2024-07-30,5323
4306,炎洲,10,2,8,高橋-內壢,2024-07-30,5323
0056,元大高股息,18,10,8,高橋-內壢,2024-07-30,5323
2615,萬海,9,1,8,高橋-內壢,2024-07-30,5323
2208,台船,7,0,7,高橋-內壢,2024-07-30,5323
2528,皇普,7,0,7,高橋-內壢,2024-07-30,5323
2317,鴻海,10,4,6,高橋-內壢,2024-07-30,5323
1802,台玻,7,1,6,高橋-內壢,2024-07-30,5323
2608,嘉里大榮,6,0,6,高橋-內壢,2024-07-30,5323
6188,廣明,6,0,6,高橋-內壢,2024-07-30,5323
2303,聯電,8,3,5,高橋-內壢,2024-07-30,5323
00918,大華優利高填息30,6,1,5,高橋-內壢,2024-07-30,5323
1718,中纖,10,5,5,高橋-內壢,2024-07-30,5323
2354,鴻準,6,1,5,高橋-內壢,2024-07-30,5323
2408,南亞科,7,2,5,高橋-內壢,2024-07-30,5323
3013,晟銘電,5,0,5,高橋-內壢,2024-07-30,5323
00929,復華台灣科技優息,175,86,89,高橋-內壢,2024-07-31,5323
00949,復華日本龍頭,80,0,80,高橋-內壢,2024-07-31,5323
00878,國泰永續高股息,53,3,50,高橋-內壢,2024-07-31,5323
2409,友達,36,0,36,高橋-內壢,2024-07-31,5323
3481,群創,85,51,34,高橋-內壢,2024-07-31,5323
00795B,中信美國公債20年,27,0,27,高橋-內壢,2024-07-31,5323
00712,復華富時不動產,50,25,25,高橋-內壢,2024-07-31,5323
6116,彩晶,33,10,23,高橋-內壢,2024-07-31,5323
3163,波若威,26,4,22,高橋-內壢,2024-07-31,5323
00937B,群益ESG投等債20,20,0,20,高橋-內壢,2024-07-31,5323
2020,美亞,20,0,20,高橋-內壢,2024-07-31,5323
2331,精英,20,0,20,高橋-內壢,2024-07-31,5323
2362,藍天,18,0,18,高橋-內壢,2024-07-31,5323
00940,元大台灣價值高息,17,0,17,高橋-內壢,2024-07-31,5323
2365,昆盈,15,1,14,高橋-內壢,2024-07-31,5323
00939,統一台灣高息動能,12,0,12,高橋-內壢,2024-07-31,5323
00919,群益台灣精選高息,20,9,11,高橋-內壢,2024-07-31,5323
3711,日月光投控,11,0,11,高橋-內壢,2024-07-31,5323
2062,橋椿,12,2,10,高橋-內壢,2024-07-31,5323
2303,聯電,11,1,10,高橋-內壢,2024-07-31,5323
2340,台亞,10,0,10,高橋-內壢,2024-07-31,5323
2605,新興,10,0,10,高橋-內壢,2024-07-31,5323
5324,士開,10,0,10,高橋-內壢,2024-07-31,5323
6153,嘉聯益,10,0,10,高橋-內壢,2024-07-31,5323
6239,力成,10,0,10,高橋-內壢,2024-07-31,5323
3105,穩懋,13,5,8,高橋-內壢,2024-07-31,5323
0056,元大高股息,7,0,7,高橋-內壢,2024-07-31,5323
3715,定穎投控,8,1,7,高橋-內壢,2024-07-31,5323
9103,美德醫療-DR,10,3,7,高橋-內壢,2024-07-31,5323
00633L,富邦上証正2,6,0,6,高橋-內壢,2024-07-31,5323
2634,漢翔,6,0,6,高橋-內壢,2024-07-31,5323
4927,泰鼎-KY,6,0,6,高橋-內壢,2024-07-31,5323
2204,中華,5,0,5,高橋-內壢,2024-07-31,5323
00946,群益科技高息成長,5,0,5,高橋-內壢,2024-07-31,5323
2399,映泰,6,1,5,高橋-內壢,2024-07-31,5323
2419,仲琦,5,0,5,高橋-內壢,2024-07-31,5323
2731,雄獅,5,0,5,高橋-內壢,2024-07-31,5323
4564,元翎,5,0,5,高橋-內壢,2024-07-31,5323
5347,世界,6,1,5,高橋-內壢,2024-07-31,5323
8261,富鼎,5,0,5,高橋-內壢,2024-07-31,5323
5443,均豪,18,14,4,高橋-內壢,2024-07-31,5323
2888,新光金,5,1,4,高橋-內壢,2024-07-31,5323
00941,中信上游半導體,4,0,4,高橋-內壢,2024-07-31,5323
00936,台新永續高息中小,5,1,4,高橋-內壢,2024-07-31,5323
1609,大亞,5,1,4,高橋-內壢,2024-07-31,5323
1802,台玻,11,7,4,高橋-內壢,2024-07-31,5323
2038,海光,4,0,4,高橋-內壢,2024-07-31,5323
2356,英業達,6,2,4,高橋-內壢,2024-07-31,5323
2486,一詮,5,1,4,高橋-內壢,2024-07-31,5323
3374,精材,15,11,4,高橋-內壢,2024-07-31,5323
00878,國泰永續高股息,108,3,105,高橋-內壢,2024-08-01,5323
2324,仁寶,86,0,86,高橋-內壢,2024-08-01,5323
00937B,群益ESG投等債20,64,0,64,高橋-內壢,2024-08-01,5323
00946,群益科技高息成長,51,2,49,高橋-內壢,2024-08-01,5323
1109,信大,41,0,41,高橋-內壢,2024-08-01,5323
2337,旺宏,64,27,37,高橋-內壢,2024-08-01,5323
00940,元大台灣價值高息,42,7,35,高橋-內壢,2024-08-01,5323
8105,凌巨,35,1,34,高橋-內壢,2024-08-01,5323
00881,國泰台灣5G+,32,0,32,高橋-內壢,2024-08-01,5323
2610,華航,31,3,28,高橋-內壢,2024-08-01,5323
2618,長榮航,20,0,20,高橋-內壢,2024-08-01,5323
2890,永豐金,20,0,20,高橋-內壢,2024-08-01,5323
5512,力麒,20,2,18,高橋-內壢,2024-08-01,5323
00919,群益台灣精選高息,18,1,17,高橋-內壢,2024-08-01,5323
2363,矽統,81,65,16,高橋-內壢,2024-08-01,5323
2349,錸德,18,6,12,高橋-內壢,2024-08-01,5323
00949,復華日本龍頭,11,0,11,高橋-內壢,2024-08-01,5323
00687B,國泰20年美債,11,0,11,高橋-內壢,2024-08-01,5323
00669R,國泰美國道瓊反1,10,0,10,高橋-內壢,2024-08-01,5323
2441,超豐,10,0,10,高橋-內壢,2024-08-01,5323
6782,視陽,10,0,10,高橋-內壢,2024-08-01,5323
2353,宏��,10,1,9,高橋-內壢,2024-08-01,5323
2501,國建,10,1,9,高橋-內壢,2024-08-01,5323
3663,鑫科,11,2,9,高橋-內壢,2024-08-01,5323
8028,昇陽半導體,9,0,9,高橋-內壢,2024-08-01,5323
1513,中興電,8,0,8,高橋-內壢,2024-08-01,5323
8926,台汽電,10,2,8,高橋-內壢,2024-08-01,5323
1711,永光,8,0,8,高橋-內壢,2024-08-01,5323
3535,晶彩科,13,5,8,高橋-內壢,2024-08-01,5323
00905,FT臺灣Smart,7,0,7,高橋-內壢,2024-08-01,5323
00712,復華富時不動產,7,0,7,高橋-內壢,2024-08-01,5323
1304,台聚,6,0,6,高橋-內壢,2024-08-01,5323
3105,穩懋,7,1,6,高橋-內壢,2024-08-01,5323
3518,柏騰,7,1,6,高橋-內壢,2024-08-01,5323
4160,訊聯基因,6,0,6,高橋-內壢,2024-08-01,5323
5443,均豪,10,4,6,高橋-內壢,2024-08-01,5323
3231,緯創,16,10,6,高橋-內壢,2024-08-01,5323
2017,官田鋼,5,0,5,高橋-內壢,2024-08-01,5323
2362,藍天,6,1,5,高橋-內壢,2024-08-01,5323
2489,瑞軒,15,10,5,高橋-內壢,2024-08-01,5323
2537,聯上發,5,0,5,高橋-內壢,2024-08-01,5323
6274,台燿,6,1,5,高橋-內壢,2024-08-01,5323
2383,台光電,5,0,5,高橋-內壢,2024-08-01,5323
00753L,中信中國50正2,4,0,4,高橋-內壢,2024-08-01,5323
00882,中信中國高股息,4,0,4,高橋-內壢,2024-08-01,5323
2641,正德,4,0,4,高橋-內壢,2024-08-01,5323
3013,晟銘電,9,5,4,高橋-內壢,2024-08-01,5323
4960,誠美材,4,0,4,高橋-內壢,2024-08-01,5323
6257,矽格,4,0,4,高橋-內壢,2024-08-01,5323
9925,新保,4,0,4,高橋-內壢,2024-08-01,5323
00946,群益科技高息成長,148,0,148,高橋-內壢,2024-08-02,5323
00940,元大台灣價值高息,161,55,106,高橋-內壢,2024-08-02,5323
00929,復華台灣科技優息,129,51,78,高橋-內壢,2024-08-02,5323
2317,鴻海,68,4,64,高橋-內壢,2024-08-02,5323
2324,仁寶,51,0,51,高橋-內壢,2024-08-02,5323
00919,群益台灣精選高息,49,2,47,高橋-內壢,2024-08-02,5323
2382,廣達,46,0,46,高橋-內壢,2024-08-02,5323
00900,富邦特選高股息30,44,0,44,高橋-內壢,2024-08-02,5323
4532,瑞智,44,0,44,高橋-內壢,2024-08-02,5323
00679B,元大美債20年,42,2,40,高橋-內壢,2024-08-02,5323
00878,國泰永續高股息,83,45,38,高橋-內壢,2024-08-02,5323
00932,兆豐永續高息等權,36,0,36,高橋-內壢,2024-08-02,5323
2610,華航,49,13,36,高橋-內壢,2024-08-02,5323
00936,台新永續高息中小,35,0,35,高橋-內壢,2024-08-02,5323
00933B,國泰10Y+金融債,32,0,32,高橋-內壢,2024-08-02,5323
0056,元大高股息,31,0,31,高橋-內壢,2024-08-02,5323
2330,台積電,31,1,30,高橋-內壢,2024-08-02,5323
2618,長榮航,25,1,24,高橋-內壢,2024-08-02,5323
2834,臺企銀,35,11,24,高橋-內壢,2024-08-02,5323
2002,中鋼,22,0,22,高橋-內壢,2024-08-02,5323
00885,富邦越南,21,0,21,高橋-內壢,2024-08-02,5323
00687B,國泰20年美債,23,2,21,高橋-內壢,2024-08-02,5323
00941,中信上游半導體,17,0,17,高橋-內壢,2024-08-02,5323
3450,聯鈞,18,1,17,高橋-內壢,2024-08-02,5323
3037,欣興,32,16,16,高橋-內壢,2024-08-02,5323
2528,皇普,16,0,16,高橋-內壢,2024-08-02,5323
00881,國泰台灣5G+,16,1,15,高橋-內壢,2024-08-02,5323
00905,FT臺灣Smart,15,0,15,高橋-內壢,2024-08-02,5323
2313,華通,14,0,14,高橋-內壢,2024-08-02,5323
3058,立德,14,0,14,高橋-內壢,2024-08-02,5323
00892,富邦台灣半導體,14,1,13,高橋-內壢,2024-08-02,5323
00795B,中信美國公債20年,12,0,12,高橋-內壢,2024-08-02,5323
2312,金寶,16,4,12,高橋-內壢,2024-08-02,5323
3024,憶聲,12,0,12,高橋-內壢,2024-08-02,5323
3323,加百裕,12,0,12,高橋-內壢,2024-08-02,5323
5443,均豪,16,4,12,高橋-內壢,2024-08-02,5323
0050,元大台灣50,11,0,11,高橋-內壢,2024-08-02,5323
00918,大華優利高填息30,11,0,11,高橋-內壢,2024-08-02,5323
5434,崇越,11,0,11,高橋-內壢,2024-08-02,5323
00891,中信關鍵半導體,10,0,10,高橋-內壢,2024-08-02,5323
1316,上曜,13,3,10,高橋-內壢,2024-08-02,5323
4906,正文,10,0,10,高橋-內壢,2024-08-02,5323
6116,彩晶,10,0,10,高橋-內壢,2024-08-02,5323
8931,大汽電,10,0,10,高橋-內壢,2024-08-02,5323
2365,昆盈,38,29,9,高橋-內壢,2024-08-02,5323
2402,毅嘉,11,2,9,高橋-內壢,2024-08-02,5323
3189,景碩,11,3,8,高橋-內壢,2024-08-02,5323
1109,信大,8,0,8,高橋-內壢,2024-08-02,5323
1727,中華化,8,0,8,高橋-內壢,2024-08-02,5323
2329,華泰,8,0,8,高橋-內壢,2024-08-02,5323
00940,元大台灣價值高息,355,8,347,高橋-內壢,2024-08-05,5323
2801,彰銀,104,5,99,高橋-內壢,2024-08-05,5323
00688L,國泰20年美債正2,102,25,77,高橋-內壢,2024-08-05,5323
2834,臺企銀,73,0,73,高橋-內壢,2024-08-05,5323
00946,群益科技高息成長,65,0,65,高橋-內壢,2024-08-05,5323
00932,兆豐永續高息等權,152,90,62,高橋-內壢,2024-08-05,5323
00679B,元大美債20年,66,12,54,高橋-內壢,2024-08-05,5323
3323,加百裕,54,0,54,高橋-內壢,2024-08-05,5323
2615,萬海,59,8,51,高橋-內壢,2024-08-05,5323
00936,台新永續高息中小,77,30,47,高橋-內壢,2024-08-05,5323
3481,群創,85,43,42,高橋-內壢,2024-08-05,5323
0056,元大高股息,50,9,41,高橋-內壢,2024-08-05,5323
2409,友達,56,20,36,高橋-內壢,2024-08-05,5323
00687B,國泰20年美債,57,22,35,高橋-內壢,2024-08-05,5323
2353,宏��,31,0,31,高橋-內壢,2024-08-05,5323
2528,皇普,30,0,30,高橋-內壢,2024-08-05,5323
6116,彩晶,30,0,30,高橋-內壢,2024-08-05,5323
00900,富邦特選高股息30,48,19,29,高橋-內壢,2024-08-05,5323
2888,新光金,53,24,29,高橋-內壢,2024-08-05,5323
1314,中石化,28,0,28,高橋-內壢,2024-08-05,5323
1727,中華化,27,0,27,高橋-內壢,2024-08-05,5323
00934,中信成長高股息,28,2,26,高橋-內壢,2024-08-05,5323
2324,仁寶,27,1,26,高橋-內壢,2024-08-05,5323
2330,台積電,40,15,25,高橋-內壢,2024-08-05,5323
2002,中鋼,39,14,25,高橋-內壢,2024-08-05,5323
2363,矽統,22,0,22,高橋-內壢,2024-08-05,5323
1802,台玻,22,1,21,高橋-內壢,2024-08-05,5323
00923,群益台ESG低碳50,19,0,19,高橋-內壢,2024-08-05,5323
3211,順達,19,0,19,高橋-內壢,2024-08-05,5323
4142,國光生,20,1,19,高橋-內壢,2024-08-05,5323
2891,中信金,20,3,17,高橋-內壢,2024-08-05,5323
2618,長榮航,30,13,17,高橋-內壢,2024-08-05,5323
6016,康和證,17,0,17,高橋-內壢,2024-08-05,5323
2603,長榮,26,10,16,高橋-內壢,2024-08-05,5323
1605,華新,15,0,15,高橋-內壢,2024-08-05,5323
2610,華航,30,15,15,高橋-內壢,2024-08-05,5323
6269,台郡,15,0,15,高橋-內壢,2024-08-05,5323
4533,協易機,14,0,14,高橋-內壢,2024-08-05,5323
6770,力積電,15,2,13,高橋-內壢,2024-08-05,5323
1718,中纖,13,0,13,高橋-內壢,2024-08-05,5323
1609,大亞,15,2,13,高橋-內壢,2024-08-05,5323
00881,國泰台灣5G+,20,8,12,高橋-內壢,2024-08-05,5323
4510,高鋒,16,4,12,高橋-內壢,2024-08-05,5323
00918,大華優利高填息30,23,11,12,高橋-內壢,2024-08-05,5323
00915,凱基優選高股息30,12,0,12,高橋-內壢,2024-08-05,5323
2317,鴻海,62,51,11,高橋-內壢,2024-08-05,5323
00941,中信上游半導體,11,0,11,高橋-內壢,2024-08-05,5323
1806,冠軍,12,1,11,高橋-內壢,2024-08-05,5323
2401,凌陽,11,0,11,高橋-內壢,2024-08-05,5323
6153,嘉聯益,12,1,11,高橋-內壢,2024-08-05,5323
00679B,元大美債20年,153,6,147,高橋-內壢,2024-08-06,5323
2409,友達,129,3,126,高橋-內壢,2024-08-06,5323
1314,中石化,106,0,106,高橋-內壢,2024-08-06,5323
00632R,元大台灣50反1,110,5,105,高橋-內壢,2024-08-06,5323
00900,富邦特選高股息30,102,5,97,高橋-內壢,2024-08-06,5323
00795B,中信美國公債20年,84,0,84,高橋-內壢,2024-08-06,5323
1308,亞聚,80,0,80,高橋-內壢,2024-08-06,5323
9105,泰金寶-DR,68,18,50,高橋-內壢,2024-08-06,5323
00936,台新永續高息中小,43,7,36,高橋-內壢,2024-08-06,5323
2528,皇普,30,1,29,高橋-內壢,2024-08-06,5323
2317,鴻海,49,26,23,高橋-內壢,2024-08-06,5323
8261,富鼎,22,0,22,高橋-內壢,2024-08-06,5323
3625,西勝,20,0,20,高橋-內壢,2024-08-06,5323
5009,榮剛,20,0,20,高橋-內壢,2024-08-06,5323
5475,德宏,20,0,20,高橋-內壢,2024-08-06,5323
3231,緯創,19,0,19,高橋-內壢,2024-08-06,5323
00939,統一台灣高息動能,21,2,19,高橋-內壢,2024-08-06,5323
4526,東台,19,0,19,高橋-內壢,2024-08-06,5323
3481,群創,31,13,18,高橋-內壢,2024-08-06,5323
1304,台聚,18,0,18,高橋-內壢,2024-08-06,5323
2362,藍天,20,2,18,高橋-內壢,2024-08-06,5323
1718,中纖,17,0,17,高橋-內壢,2024-08-06,5323
2392,正崴,22,7,15,高橋-內壢,2024-08-06,5323
00918,大華優利高填息30,30,15,15,高橋-內壢,2024-08-06,5323
6443,元晶,14,0,14,高橋-內壢,2024-08-06,5323
00934,中信成長高股息,15,2,13,高橋-內壢,2024-08-06,5323
2062,橋椿,16,3,13,高橋-內壢,2024-08-06,5323
00878,國泰永續高股息,35,23,12,高橋-內壢,2024-08-06,5323
2313,華通,12,0,12,高橋-內壢,2024-08-06,5323
2349,錸德,59,47,12,高橋-內壢,2024-08-06,5323
2834,臺企銀,11,0,11,高橋-內壢,2024-08-06,5323
3323,加百裕,11,0,11,高橋-內壢,2024-08-06,5323
6213,聯茂,11,0,11,高橋-內壢,2024-08-06,5323
00924,復華S＆P500成長,10,0,10,高橋-內壢,2024-08-06,5323
2340,台亞,10,0,10,高橋-內壢,2024-08-06,5323
2353,宏��,12,2,10,高橋-內壢,2024-08-06,5323
2383,台光電,12,2,10,高橋-內壢,2024-08-06,5323
2608,嘉里大榮,10,0,10,高橋-內壢,2024-08-06,5323
3037,欣興,11,1,10,高橋-內壢,2024-08-06,5323
3450,聯鈞,11,1,10,高橋-內壢,2024-08-06,5323
0050,元大台灣50,12,3,9,高橋-內壢,2024-08-06,5323
00753L,中信中國50正2,15,6,9,高橋-內壢,2024-08-06,5323
2449,京元電子,11,2,9,高橋-內壢,2024-08-06,5323
00881,國泰台灣5G+,12,3,9,高橋-內壢,2024-08-06,5323
6139,亞翔,10,2,8,高橋-內壢,2024-08-06,5323
1727,中華化,11,3,8,高橋-內壢,2024-08-06,5323
2359,所羅門,13,5,8,高橋-內壢,2024-08-06,5323
00922,國泰台灣領袖50,7,0,7,高橋-內壢,2024-08-06,5323
1307,三芳,7,0,7,高橋-內壢,2024-08-06,5323
5426,振發,9,2,7,高橋-內壢,2024-08-06,5323
6770,力積電,149,2,147,高橋-內壢,2024-08-07,5323
2834,臺企銀,104,1,103,高橋-內壢,2024-08-07,5323
00795B,中信美國公債20年,100,0,100,高橋-內壢,2024-08-07,5323
00929,復華台灣科技優息,133,33,100,高橋-內壢,2024-08-07,5323
2812,台中銀,56,0,56,高橋-內壢,2024-08-07,5323
00878,國泰永續高股息,55,6,49,高橋-內壢,2024-08-07,5323
1314,中石化,50,3,47,高橋-內壢,2024-08-07,5323
2317,鴻海,66,33,33,高橋-內壢,2024-08-07,5323
00940,元大台灣價值高息,82,51,31,高橋-內壢,2024-08-07,5323
00900,富邦特選高股息30,47,22,25,高橋-內壢,2024-08-07,5323
1316,上曜,25,0,25,高橋-內壢,2024-08-07,5323
00918,大華優利高填息30,29,6,23,高橋-內壢,2024-08-07,5323
2409,友達,16,0,16,高橋-內壢,2024-08-07,5323
00632R,元大台灣50反1,15,0,15,高橋-內壢,2024-08-07,5323
00941,中信上游半導體,13,0,13,高橋-內壢,2024-08-07,5323
2515,中工,13,0,13,高橋-內壢,2024-08-07,5323
9105,泰金寶-DR,52,40,12,高橋-內壢,2024-08-07,5323
00919,群益台灣精選高息,18,6,12,高橋-內壢,2024-08-07,5323
2382,廣達,56,46,10,高橋-內壢,2024-08-07,5323
2331,精英,10,0,10,高橋-內壢,2024-08-07,5323
2353,宏��,25,15,10,高橋-內壢,2024-08-07,5323
3625,西勝,10,0,10,高橋-內壢,2024-08-07,5323
4306,炎洲,10,0,10,高橋-內壢,2024-08-07,5323
2062,橋椿,10,1,9,高橋-內壢,2024-08-07,5323
2408,南亞科,10,1,9,高橋-內壢,2024-08-07,5323
3228,金麗科,8,0,8,高橋-內壢,2024-08-07,5323
00687B,國泰20年美債,10,3,7,高橋-內壢,2024-08-07,5323
00881,國泰台灣5G+,18,11,7,高橋-內壢,2024-08-07,5323
2313,華通,9,3,6,高橋-內壢,2024-08-07,5323
3450,聯鈞,8,2,6,高橋-內壢,2024-08-07,5323
6274,台燿,17,11,6,高橋-內壢,2024-08-07,5323
5876,上海商銀,5,0,5,高橋-內壢,2024-08-07,5323
00688L,國泰20年美債正2,5,0,5,高橋-內壢,2024-08-07,5323
1722,台肥,5,0,5,高橋-內壢,2024-08-07,5323
2201,裕隆,5,0,5,高橋-內壢,2024-08-07,5323
2887,台新金,5,0,5,高橋-內壢,2024-08-07,5323
2892,第一金,5,0,5,高橋-內壢,2024-08-07,5323
5324,士開,5,0,5,高橋-內壢,2024-08-07,5323
5880,合庫金,5,0,5,高橋-內壢,2024-08-07,5323
6160,欣技,5,0,5,高橋-內壢,2024-08-07,5323
8255,朋程,5,0,5,高橋-內壢,2024-08-07,5323
8299,群聯,6,1,5,高橋-內壢,2024-08-07,5323
2356,英業達,17,13,4,高橋-內壢,2024-08-07,5323
1326,台化,4,0,4,高橋-內壢,2024-08-07,5323
2312,金寶,11,7,4,高橋-內壢,2024-08-07,5323
4113,聯上,4,0,4,高橋-內壢,2024-08-07,5323
00935,野村臺灣新科技50,4,0,4,高橋-內壢,2024-08-07,5323
4967,十銓,15,12,3,高橋-內壢,2024-08-07,5323
6213,聯茂,16,13,3,高橋-內壢,2024-08-07,5323
6488,環球晶,4,1,3,高橋-內壢,2024-08-07,5323
1314,中石化,116,4,112,高橋-內壢,2024-08-08,5323
2615,萬海,115,6,109,高橋-內壢,2024-08-08,5323
1815,富喬,153,50,103,高橋-內壢,2024-08-08,5323
3481,群創,63,7,56,高橋-內壢,2024-08-08,5323
00940,元大台灣價值高息,51,5,46,高橋-內壢,2024-08-08,5323
2834,臺企銀,45,5,40,高橋-內壢,2024-08-08,5323
00878,國泰永續高股息,34,0,34,高橋-內壢,2024-08-08,5323
2610,華航,33,0,33,高橋-內壢,2024-08-08,5323
00929,復華台灣科技優息,70,38,32,高橋-內壢,2024-08-08,5323
00632R,元大台灣50反1,160,130,30,高橋-內壢,2024-08-08,5323
2349,錸德,44,18,26,高橋-內壢,2024-08-08,5323
6116,彩晶,25,0,25,高橋-內壢,2024-08-08,5323
2883,凱基金,22,2,20,高橋-內壢,2024-08-08,5323
2356,英業達,23,3,20,高橋-內壢,2024-08-08,5323
2363,矽統,23,3,20,高橋-內壢,2024-08-08,5323
00795B,中信美國公債20年,15,0,15,高橋-內壢,2024-08-08,5323
3231,緯創,22,8,14,高橋-內壢,2024-08-08,5323
6207,雷科,13,0,13,高橋-內壢,2024-08-08,5323
00882,中信中國高股息,12,0,12,高橋-內壢,2024-08-08,5323
2344,華邦電,12,0,12,高橋-內壢,2024-08-08,5323
2886,兆豐金,12,0,12,高橋-內壢,2024-08-08,5323
00919,群益台灣精選高息,13,2,11,高橋-內壢,2024-08-08,5323
00680L,元大美債20正2,10,0,10,高橋-內壢,2024-08-08,5323
2102,泰豐,10,0,10,高橋-內壢,2024-08-08,5323
2609,陽明,15,5,10,高橋-內壢,2024-08-08,5323
6282,康舒,10,0,10,高橋-內壢,2024-08-08,5323
00679B,元大美債20年,9,0,9,高橋-內壢,2024-08-08,5323
00948B,中信優息投資級債,9,0,9,高橋-內壢,2024-08-08,5323
00900,富邦特選高股息30,19,10,9,高橋-內壢,2024-08-08,5323
1503,士電,9,0,9,高橋-內壢,2024-08-08,5323
1326,台化,8,0,8,高橋-內壢,2024-08-08,5323
2329,華泰,8,0,8,高橋-內壢,2024-08-08,5323
2409,友達,12,4,8,高橋-內壢,2024-08-08,5323
3037,欣興,19,11,8,高橋-內壢,2024-08-08,5323
9105,泰金寶-DR,31,23,8,高橋-內壢,2024-08-08,5323
2880,華南金,7,0,7,高橋-內壢,2024-08-08,5323
4958,臻鼎-KY,7,0,7,高橋-內壢,2024-08-08,5323
5347,世界,8,1,7,高橋-內壢,2024-08-08,5323
2382,廣達,11,4,7,高橋-內壢,2024-08-08,5323
00911,兆豐洲際半導體,6,0,6,高橋-內壢,2024-08-08,5323
00881,國泰台灣5G+,10,4,6,高橋-內壢,2024-08-08,5323
2208,台船,6,0,6,高橋-內壢,2024-08-08,5323
2618,長榮航,6,0,6,高橋-內壢,2024-08-08,5323
5531,鄉林,16,10,6,高橋-內壢,2024-08-08,5323
8064,東捷,6,0,6,高橋-內壢,2024-08-08,5323
4532,瑞智,5,0,5,高橋-內壢,2024-08-08,5323
00891,中信關鍵半導體,5,0,5,高橋-內壢,2024-08-08,5323
00905,FT臺灣Smart,5,0,5,高橋-內壢,2024-08-08,5323
00936,台新永續高息中小,8,3,5,高橋-內壢,2024-08-08,5323
00931B,統一美債20年,5,0,5,高橋-內壢,2024-08-08,5323
00936,台新永續高息中小,114,11,103,高橋-內壢,2024-08-09,5323
9105,泰金寶-DR,85,16,69,高橋-內壢,2024-08-09,5323
1815,富喬,51,4,47,高橋-內壢,2024-08-09,5323
00679B,元大美債20年,43,1,42,高橋-內壢,2024-08-09,5323
2486,一詮,29,2,27,高橋-內壢,2024-08-09,5323
00680L,元大美債20正2,25,0,25,高橋-內壢,2024-08-09,5323
2313,華通,26,4,22,高橋-內壢,2024-08-09,5323
00900,富邦特選高股息30,38,16,22,高橋-內壢,2024-08-09,5323
00937B,群益ESG投等債20,21,0,21,高橋-內壢,2024-08-09,5323
2020,美亞,20,0,20,高橋-內壢,2024-08-09,5323
2882,國泰金,24,5,19,高橋-內壢,2024-08-09,5323
2312,金寶,16,1,15,高橋-內壢,2024-08-09,5323
00881,國泰台灣5G+,16,2,14,高橋-內壢,2024-08-09,5323
00857B,永豐20年美公債,13,0,13,高橋-內壢,2024-08-09,5323
3010,華立,13,0,13,高橋-內壢,2024-08-09,5323
2243,宏旭-KY,18,6,12,高橋-內壢,2024-08-09,5323
2489,瑞軒,34,22,12,高橋-內壢,2024-08-09,5323
1314,中石化,26,15,11,高橋-內壢,2024-08-09,5323
5706,鳳凰,11,0,11,高橋-內壢,2024-08-09,5323
00940,元大台灣價值高息,12,2,10,高橋-內壢,2024-08-09,5323
2515,中工,10,0,10,高橋-內壢,2024-08-09,5323
3011,今皓,10,0,10,高橋-內壢,2024-08-09,5323
6274,台燿,22,12,10,高橋-內壢,2024-08-09,5323
6695,芯鼎,11,1,10,高橋-內壢,2024-08-09,5323
3607,谷崧,10,1,9,高橋-內壢,2024-08-09,5323
00929,復華台灣科技優息,129,121,8,高橋-內壢,2024-08-09,5323
3522,御嵿,10,2,8,高橋-內壢,2024-08-09,5323
4909,新復興,9,3,6,高橋-內壢,2024-08-09,5323
2353,宏��,8,2,6,高橋-內壢,2024-08-09,5323
00933B,國泰10Y+金融債,6,0,6,高橋-內壢,2024-08-09,5323
00948B,中信優息投資級債,6,0,6,高橋-內壢,2024-08-09,5323
4534,慶騰,6,0,6,高橋-內壢,2024-08-09,5323
4549,桓達,6,0,6,高橋-內壢,2024-08-09,5323
3037,欣興,20,15,5,高橋-內壢,2024-08-09,5323
00947,台新臺灣IC設計,5,0,5,高橋-內壢,2024-08-09,5323
00942B,台新美A公司債20+,5,0,5,高橋-內壢,2024-08-09,5323
00932,兆豐永續高息等權,5,0,5,高橋-內壢,2024-08-09,5323
00935,野村臺灣新科技50,5,0,5,高橋-內壢,2024-08-09,5323
00688L,國泰20年美債正2,5,0,5,高橋-內壢,2024-08-09,5323
00891,中信關鍵半導體,5,0,5,高橋-內壢,2024-08-09,5323
1582,信錦,5,0,5,高橋-內壢,2024-08-09,5323
1714,和桐,5,0,5,高橋-內壢,2024-08-09,5323
2354,鴻準,6,1,5,高橋-內壢,2024-08-09,5323
2543,皇昌,5,0,5,高橋-內壢,2024-08-09,5323
3479,安勤,5,0,5,高橋-內壢,2024-08-09,5323
3580,友威科,6,1,5,高橋-內壢,2024-08-09,5323
3689,湧德,5,0,5,高橋-內壢,2024-08-09,5323
4157,太景*-KY,5,0,5,高橋-內壢,2024-08-09,5323
6285,啟��,12,7,5,高橋-內壢,2024-08-09,5323
2421,建準,7,3,4,高橋-內壢,2024-08-09,5323
3481,群創,162,32,130,高橋-內壢,2024-08-12,5323
00878,國泰永續高股息,54,0,54,高橋-內壢,2024-08-12,5323
4967,十銓,52,0,52,高橋-內壢,2024-08-12,5323
00929,復華台灣科技優息,94,46,48,高橋-內壢,2024-08-12,5323
00679B,元大美債20年,53,7,46,高橋-內壢,2024-08-12,5323
2062,橋椿,54,12,42,高橋-內壢,2024-08-12,5323
2312,金寶,64,36,28,高橋-內壢,2024-08-12,5323
00945B,凱基美國非投等債,20,0,20,高橋-內壢,2024-08-12,5323
6147,頎邦,20,0,20,高橋-內壢,2024-08-12,5323
00900,富邦特選高股息30,39,20,19,高橋-內壢,2024-08-12,5323
2317,鴻海,34,17,17,高橋-內壢,2024-08-12,5323
2880,華南金,17,0,17,高橋-內壢,2024-08-12,5323
00687B,國泰20年美債,15,0,15,高橋-內壢,2024-08-12,5323
00936,台新永續高息中小,15,0,15,高橋-內壢,2024-08-12,5323
4562,穎漢,17,3,14,高橋-內壢,2024-08-12,5323
00882,中信中國高股息,12,0,12,高橋-內壢,2024-08-12,5323
2405,輔信,12,0,12,高橋-內壢,2024-08-12,5323
4540,全球傳動,13,1,12,高橋-內壢,2024-08-12,5323
2887,台新金,11,0,11,高橋-內壢,2024-08-12,5323
8096,擎亞,50,39,11,高橋-內壢,2024-08-12,5323
1532,勤美,10,0,10,高橋-內壢,2024-08-12,5323
1611,中電,10,0,10,高橋-內壢,2024-08-12,5323
2892,第一金,10,0,10,高橋-內壢,2024-08-12,5323
6248,沛波,10,0,10,高橋-內壢,2024-08-12,5323
1597,直得,16,7,9,高橋-內壢,2024-08-12,5323
2313,華通,12,3,9,高橋-內壢,2024-08-12,5323
0050,元大台灣50,11,2,9,高橋-內壢,2024-08-12,5323
2034,允強,8,0,8,高橋-內壢,2024-08-12,5323
1514,亞力,10,2,8,高橋-內壢,2024-08-12,5323
1314,中石化,7,0,7,高橋-內壢,2024-08-12,5323
3576,聯合再生,14,7,7,高橋-內壢,2024-08-12,5323
8358,金居,7,0,7,高橋-內壢,2024-08-12,5323
2409,友達,7,1,6,高橋-內壢,2024-08-12,5323
2891,中信金,6,0,6,高橋-內壢,2024-08-12,5323
3024,憶聲,7,1,6,高橋-內壢,2024-08-12,5323
3048,益登,7,1,6,高橋-內壢,2024-08-12,5323
3058,立德,6,0,6,高橋-內壢,2024-08-12,5323
3663,鑫科,12,6,6,高橋-內壢,2024-08-12,5323
5443,均豪,6,0,6,高橋-內壢,2024-08-12,5323
2881,富邦金,5,0,5,高橋-內壢,2024-08-12,5323
3231,緯創,52,47,5,高橋-內壢,2024-08-12,5323
00795B,中信美國公債20年,5,0,5,高橋-內壢,2024-08-12,5323
2243,宏旭-KY,5,0,5,高橋-內壢,2024-08-12,5323
2369,菱生,5,0,5,高橋-內壢,2024-08-12,5323
2485,兆赫,5,0,5,高橋-內壢,2024-08-12,5323
2515,中工,5,0,5,高橋-內壢,2024-08-12,5323
3010,華立,6,1,5,高橋-內壢,2024-08-12,5323
5531,鄉林,5,0,5,高橋-內壢,2024-08-12,5323
6143,振曜,5,0,5,高橋-內壢,2024-08-12,5323
6532,瑞耘,5,0,5,高橋-內壢,2024-08-12,5323
1815,富喬,103,2,101,高橋-內壢,2024-08-13,5323
00937B,群益ESG投等債20,51,0,51,高橋-內壢,2024-08-13,5323
2883,凱基金,43,0,43,高橋-內壢,2024-08-13,5323
00936,台新永續高息中小,46,8,38,高橋-內壢,2024-08-13,5323
9105,泰金寶-DR,40,10,30,高橋-內壢,2024-08-13,5323
2880,華南金,27,0,27,高橋-內壢,2024-08-13,5323
3047,訊舟,30,4,26,高橋-內壢,2024-08-13,5323
2801,彰銀,25,0,25,高橋-內壢,2024-08-13,5323
00673R,期元大S＆P原油反1,20,0,20,高橋-內壢,2024-08-13,5323
1532,勤美,20,0,20,高橋-內壢,2024-08-13,5323
2317,鴻海,30,11,19,高橋-內壢,2024-08-13,5323
1314,中石化,18,0,18,高橋-內壢,2024-08-13,5323
00679B,元大美債20年,18,0,18,高橋-內壢,2024-08-13,5323
00712,復華富時不動產,17,0,17,高橋-內壢,2024-08-13,5323
4960,誠美材,15,0,15,高橋-內壢,2024-08-13,5323
00878,國泰永續高股息,16,2,14,高橋-內壢,2024-08-13,5323
1513,中興電,46,33,13,高橋-內壢,2024-08-13,5323
00881,國泰台灣5G+,13,0,13,高橋-內壢,2024-08-13,5323
2401,凌陽,13,0,13,高橋-內壢,2024-08-13,5323
2615,萬海,12,0,12,高橋-內壢,2024-08-13,5323
2603,長榮,16,5,11,高橋-內壢,2024-08-13,5323
2382,廣達,20,9,11,高橋-內壢,2024-08-13,5323
2609,陽明,15,5,10,高橋-內壢,2024-08-13,5323
2834,臺企銀,10,0,10,高橋-內壢,2024-08-13,5323
3228,金麗科,10,0,10,高橋-內壢,2024-08-13,5323
4160,訊聯基因,10,0,10,高橋-內壢,2024-08-13,5323
5512,力麒,10,0,10,高橋-內壢,2024-08-13,5323
6269,台郡,10,0,10,高橋-內壢,2024-08-13,5323
2891,中信金,10,0,10,高橋-內壢,2024-08-13,5323
00918,大華優利高填息30,12,3,9,高橋-內壢,2024-08-13,5323
2362,藍天,11,2,9,高橋-內壢,2024-08-13,5323
5608,四維航,9,0,9,高橋-內壢,2024-08-13,5323
3037,欣興,14,6,8,高橋-內壢,2024-08-13,5323
5309,系統電,10,2,8,高橋-內壢,2024-08-13,5323
1597,直得,14,7,7,高橋-內壢,2024-08-13,5323
4967,十銓,7,1,6,高橋-內壢,2024-08-13,5323
00932,兆豐永續高息等權,6,0,6,高橋-內壢,2024-08-13,5323
2597,潤弘,6,0,6,高橋-內壢,2024-08-13,5323
3211,順達,6,0,6,高橋-內壢,2024-08-13,5323
4979,華星光,6,0,6,高橋-內壢,2024-08-13,5323
5347,世界,6,0,6,高橋-內壢,2024-08-13,5323
00933B,國泰10Y+金融債,5,0,5,高橋-內壢,2024-08-13,5323
1217,愛之味,5,0,5,高橋-內壢,2024-08-13,5323
2009,第一銅,5,0,5,高橋-內壢,2024-08-13,5323
2243,宏旭-KY,10,5,5,高橋-內壢,2024-08-13,5323
2425,承啟,5,0,5,高橋-內壢,2024-08-13,5323
2886,兆豐金,5,0,5,高橋-內壢,2024-08-13,5323
3013,晟銘電,14,9,5,高橋-內壢,2024-08-13,5323
3038,全台,5,0,5,高橋-內壢,2024-08-13,5323
5498,凱崴,5,0,5,高橋-內壢,2024-08-13,5323
1815,富喬,103,0,103,高橋-內壢,2024-08-14,5323
2461,光群雷,31,0,31,高橋-內壢,2024-08-14,5323
1101,台泥,27,0,27,高橋-內壢,2024-08-14,5323
2801,彰銀,25,0,25,高橋-內壢,2024-08-14,5323
8150,南茂,23,0,23,高橋-內壢,2024-08-14,5323
8096,擎亞,30,12,18,高橋-內壢,2024-08-14,5323
2374,佳能,31,14,17,高橋-內壢,2024-08-14,5323
4909,新復興,16,1,15,高橋-內壢,2024-08-14,5323
2743,山富,11,0,11,高橋-內壢,2024-08-14,5323
00948B,中信優息投資級債,10,0,10,高橋-內壢,2024-08-14,5323
00680L,元大美債20正2,12,2,10,高橋-內壢,2024-08-14,5323
00679B,元大美債20年,12,2,10,高橋-內壢,2024-08-14,5323
2393,億光,10,0,10,高橋-內壢,2024-08-14,5323
5519,隆大,10,0,10,高橋-內壢,2024-08-14,5323
6438,迅得,10,0,10,高橋-內壢,2024-08-14,5323
9935,慶豐富,10,0,10,高橋-內壢,2024-08-14,5323
00753L,中信中國50正2,9,0,9,高橋-內壢,2024-08-14,5323
00712,復華富時不動產,9,0,9,高橋-內壢,2024-08-14,5323
1569,濱川,10,1,9,高橋-內壢,2024-08-14,5323
2353,宏��,9,0,9,高橋-內壢,2024-08-14,5323
6152,百一,10,1,9,高橋-內壢,2024-08-14,5323
1308,亞聚,8,0,8,高橋-內壢,2024-08-14,5323
1616,億泰,8,0,8,高橋-內壢,2024-08-14,5323
3232,昱捷,8,0,8,高橋-內壢,2024-08-14,5323
2382,廣達,12,5,7,高橋-內壢,2024-08-14,5323
00918,大華優利高填息30,15,8,7,高橋-內壢,2024-08-14,5323
2356,英業達,17,10,7,高橋-內壢,2024-08-14,5323
5880,合庫金,10,3,7,高橋-內壢,2024-08-14,5323
6108,競國,7,0,7,高橋-內壢,2024-08-14,5323
6789,采鈺,7,0,7,高橋-內壢,2024-08-14,5323
00931B,統一美債20年,7,1,6,高橋-內壢,2024-08-14,5323
3522,御嵿,6,0,6,高橋-內壢,2024-08-14,5323
4576,大銀微系統,8,2,6,高橋-內壢,2024-08-14,5323
6207,雷科,6,0,6,高橋-內壢,2024-08-14,5323
6215,和椿,9,3,6,高橋-內壢,2024-08-14,5323
8358,金居,8,2,6,高橋-內壢,2024-08-14,5323
3228,金麗科,5,0,5,高橋-內壢,2024-08-14,5323
3105,穩懋,10,5,5,高橋-內壢,2024-08-14,5323
1446,宏和,6,1,5,高橋-內壢,2024-08-14,5323
1442,名軒,5,0,5,高橋-內壢,2024-08-14,5323
00632R,元大台灣50反1,5,0,5,高橋-內壢,2024-08-14,5323
1609,大亞,15,10,5,高橋-內壢,2024-08-14,5323
2401,凌陽,5,0,5,高橋-內壢,2024-08-14,5323
3227,原相,5,0,5,高橋-內壢,2024-08-14,5323
4551,智伸科,6,1,5,高橋-內壢,2024-08-14,5323
6147,頎邦,5,0,5,高橋-內壢,2024-08-14,5323
00795B,中信美國公債20年,4,0,4,高橋-內壢,2024-08-14,5323
00882,中信中國高股息,4,0,4,高橋-內壢,2024-08-14,5323
2337,旺宏,5,1,4,高橋-內壢,2024-08-14,5323
2609,陽明,7,3,4,高橋-內壢,2024-08-14,5323
00688L,國泰20年美債正2,150,0,150,高橋-內壢,2024-08-15,5323
00900,富邦特選高股息30,128,4,124,高橋-內壢,2024-08-15,5323
00687B,國泰20年美債,117,0,117,高橋-內壢,2024-08-15,5323
00933B,國泰10Y+金融債,90,0,90,高橋-內壢,2024-08-15,5323
00878,國泰永續高股息,68,10,58,高橋-內壢,2024-08-15,5323
1416,廣豐,45,0,45,高橋-內壢,2024-08-15,5323
00881,國泰台灣5G+,37,0,37,高橋-內壢,2024-08-15,5323
00877,復華中國5G,30,0,30,高橋-內壢,2024-08-15,5323
00680L,元大美債20正2,43,15,28,高橋-內壢,2024-08-15,5323
00929,復華台灣科技優息,72,47,25,高橋-內壢,2024-08-15,5323
00679B,元大美債20年,23,1,22,高橋-內壢,2024-08-15,5323
00907,永豐優息存股,20,0,20,高橋-內壢,2024-08-15,5323
2891,中信金,20,0,20,高橋-內壢,2024-08-15,5323
5905,南仁湖,22,2,20,高橋-內壢,2024-08-15,5323
3231,緯創,21,2,19,高橋-內壢,2024-08-15,5323
1101,台泥,16,0,16,高橋-內壢,2024-08-15,5323
1513,中興電,26,12,14,高橋-內壢,2024-08-15,5323
00932,兆豐永續高息等權,21,8,13,高橋-內壢,2024-08-15,5323
2313,華通,13,0,13,高橋-內壢,2024-08-15,5323
2344,華邦電,21,9,12,高橋-內壢,2024-08-15,5323
2312,金寶,23,12,11,高橋-內壢,2024-08-15,5323
00948B,中信優息投資級債,10,0,10,高橋-內壢,2024-08-15,5323
00902,中信電池及儲能,10,0,10,高橋-內壢,2024-08-15,5323
00632R,元大台灣50反1,10,0,10,高橋-內壢,2024-08-15,5323
1609,大亞,10,0,10,高橋-內壢,2024-08-15,5323
1612,宏泰,10,0,10,高橋-內壢,2024-08-15,5323
1906,寶隆,10,0,10,高橋-內壢,2024-08-15,5323
4707,磐亞,10,0,10,高橋-內壢,2024-08-15,5323
5512,力麒,10,0,10,高橋-內壢,2024-08-15,5323
8011,台通,10,0,10,高橋-內壢,2024-08-15,5323
8105,凌巨,10,0,10,高橋-內壢,2024-08-15,5323
2338,光罩,9,0,9,高橋-內壢,2024-08-15,5323
2323,中環,30,21,9,高橋-內壢,2024-08-15,5323
0056,元大高股息,9,0,9,高橋-內壢,2024-08-15,5323
2501,國建,7,0,7,高橋-內壢,2024-08-15,5323
2881,富邦金,8,1,7,高橋-內壢,2024-08-15,5323
5371,中光電,7,0,7,高橋-內壢,2024-08-15,5323
2324,仁寶,50,43,7,高橋-內壢,2024-08-15,5323
00937B,群益ESG投等債20,7,1,6,高橋-內壢,2024-08-15,5323
2356,英業達,7,1,6,高橋-內壢,2024-08-15,5323
2886,兆豐金,6,0,6,高橋-內壢,2024-08-15,5323
4566,時碩工業,8,2,6,高橋-內壢,2024-08-15,5323
5515,建國,6,0,6,高橋-內壢,2024-08-15,5323
1303,南亞,5,0,5,高橋-內壢,2024-08-15,5323
2303,聯電,5,0,5,高橋-內壢,2024-08-15,5323
2371,大同,5,0,5,高橋-內壢,2024-08-15,5323
2392,正崴,5,0,5,高橋-內壢,2024-08-15,5323
3625,西勝,5,0,5,高橋-內壢,2024-08-15,5323
3663,鑫科,10,5,5,高橋-內壢,2024-08-15,5323
6217,中探針,5,0,5,高橋-內壢,2024-08-15,5323
00715L,期街口布蘭特正2,181,0,181,高橋-內壢,2024-08-16,5323
2610,華航,74,14,60,高橋-內壢,2024-08-16,5323
00929,復華台灣科技優息,76,23,53,高橋-內壢,2024-08-16,5323
6443,元晶,51,0,51,高橋-內壢,2024-08-16,5323
00687B,國泰20年美債,49,0,49,高橋-內壢,2024-08-16,5323
2208,台船,50,1,49,高橋-內壢,2024-08-16,5323
2062,橋椿,76,28,48,高橋-內壢,2024-08-16,5323
8021,尖點,41,1,40,高橋-內壢,2024-08-16,5323
00795B,中信美國公債20年,28,0,28,高橋-內壢,2024-08-16,5323
2365,昆盈,46,28,18,高橋-內壢,2024-08-16,5323
2363,矽統,30,13,17,高橋-內壢,2024-08-16,5323
1785,光洋科,20,4,16,高橋-內壢,2024-08-16,5323
00679B,元大美債20年,15,1,14,高橋-內壢,2024-08-16,5323
8096,擎亞,20,6,14,高橋-內壢,2024-08-16,5323
4534,慶騰,13,0,13,高橋-內壢,2024-08-16,5323
2505,國揚,12,0,12,高橋-內壢,2024-08-16,5323
6234,高僑,11,0,11,高橋-內壢,2024-08-16,5323
1603,華電,10,0,10,高橋-內壢,2024-08-16,5323
2397,友通,20,10,10,高橋-內壢,2024-08-16,5323
2402,毅嘉,10,0,10,高橋-內壢,2024-08-16,5323
5608,四維航,9,0,9,高橋-內壢,2024-08-16,5323
2461,光群雷,11,3,8,高橋-內壢,2024-08-16,5323
2867,三商壽,10,2,8,高橋-內壢,2024-08-16,5323
00932,兆豐永續高息等權,7,0,7,高橋-內壢,2024-08-16,5323
2845,遠東銀,7,0,7,高橋-內壢,2024-08-16,5323
2002,中鋼,6,0,6,高橋-內壢,2024-08-16,5323
3625,西勝,6,0,6,高橋-內壢,2024-08-16,5323
3673,TPK-KY,7,1,6,高橋-內壢,2024-08-16,5323
5425,台半,6,0,6,高橋-內壢,2024-08-16,5323
6505,台塑化,6,0,6,高橋-內壢,2024-08-16,5323
1513,中興電,16,10,6,高橋-內壢,2024-08-16,5323
00773B,中信優先金融債,5,0,5,高橋-內壢,2024-08-16,5323
00720B,元大投資級公司債,5,0,5,高橋-內壢,2024-08-16,5323
1453,大將,5,0,5,高橋-內壢,2024-08-16,5323
1718,中纖,10,5,5,高橋-內壢,2024-08-16,5323
2401,凌陽,5,0,5,高橋-內壢,2024-08-16,5323
2489,瑞軒,6,1,5,高橋-內壢,2024-08-16,5323
3715,定穎投控,8,3,5,高橋-內壢,2024-08-16,5323
4532,瑞智,5,0,5,高橋-內壢,2024-08-16,5323
4562,穎漢,9,4,5,高橋-內壢,2024-08-16,5323
3211,順達,5,1,4,高橋-內壢,2024-08-16,5323
3450,聯鈞,8,4,4,高橋-內壢,2024-08-16,5323
3592,瑞鼎,4,0,4,高橋-內壢,2024-08-16,5323
4142,國光生,4,0,4,高橋-內壢,2024-08-16,5323
8043,蜜望實,9,5,4,高橋-內壢,2024-08-16,5323
00931B,統一美債20年,3,0,3,高橋-內壢,2024-08-16,5323
00680L,元大美債20正2,3,0,3,高橋-內壢,2024-08-16,5323
1522,堤維西,3,0,3,高橋-內壢,2024-08-16,5323
1569,濱川,3,0,3,高橋-內壢,2024-08-16,5323
2009,第一銅,5,2,3,高橋-內壢,2024-08-16,5323
3047,訊舟,69,18,51,高橋-內壢,2024-08-19,5323
2427,三商電,30,0,30,高橋-內壢,2024-08-19,5323
2538,基泰,30,0,30,高橋-內壢,2024-08-19,5323
2890,永豐金,30,0,30,高橋-內壢,2024-08-19,5323
00948B,中信優息投資級債,25,0,25,高橋-內壢,2024-08-19,5323
00900,富邦特選高股息30,27,2,25,高橋-內壢,2024-08-19,5323
00687B,國泰20年美債,22,0,22,高橋-內壢,2024-08-19,5323
00632R,元大台灣50反1,20,0,20,高橋-內壢,2024-08-19,5323
1308,亞聚,20,0,20,高橋-內壢,2024-08-19,5323
4906,正文,23,3,20,高橋-內壢,2024-08-19,5323
5371,中光電,20,2,18,高橋-內壢,2024-08-19,5323
00937B,群益ESG投等債20,17,0,17,高橋-內壢,2024-08-19,5323
2324,仁寶,22,5,17,高橋-內壢,2024-08-19,5323
2425,承啟,17,0,17,高橋-內壢,2024-08-19,5323
3003,健和興,16,0,16,高橋-內壢,2024-08-19,5323
00877,復華中國5G,15,0,15,高橋-內壢,2024-08-19,5323
1314,中石化,15,0,15,高橋-內壢,2024-08-19,5323
1603,華電,15,0,15,高橋-內壢,2024-08-19,5323
3048,益登,16,1,15,高橋-內壢,2024-08-19,5323
8028,昇陽半導體,15,0,15,高橋-內壢,2024-08-19,5323
1301,台塑,13,0,13,高橋-內壢,2024-08-19,5323
2317,鴻海,19,7,12,高橋-內壢,2024-08-19,5323
1513,中興電,13,1,12,高橋-內壢,2024-08-19,5323
00715L,期街口布蘭特正2,12,0,12,高橋-內壢,2024-08-19,5323
1785,光洋科,14,2,12,高橋-內壢,2024-08-19,5323
2354,鴻準,13,1,12,高橋-內壢,2024-08-19,5323
2002,中鋼,11,0,11,高橋-內壢,2024-08-19,5323
2363,矽統,13,2,11,高橋-內壢,2024-08-19,5323
2371,大同,11,0,11,高橋-內壢,2024-08-19,5323
00795B,中信美國公債20年,10,0,10,高橋-內壢,2024-08-19,5323
00949,復華日本龍頭,10,0,10,高橋-內壢,2024-08-19,5323
00933B,國泰10Y+金融債,10,0,10,高橋-內壢,2024-08-19,5323
1532,勤美,10,0,10,高橋-內壢,2024-08-19,5323
2880,華南金,10,0,10,高橋-內壢,2024-08-19,5323
2891,中信金,10,0,10,高橋-內壢,2024-08-19,5323
4532,瑞智,10,0,10,高橋-內壢,2024-08-19,5323
5512,力麒,10,0,10,高橋-內壢,2024-08-19,5323
2313,華通,11,2,9,高橋-內壢,2024-08-19,5323
2464,盟立,11,2,9,高橋-內壢,2024-08-19,5323
00712,復華富時不動產,8,0,8,高橋-內壢,2024-08-19,5323
1714,和桐,8,0,8,高橋-內壢,2024-08-19,5323
00940,元大台灣價值高息,10,3,7,高橋-內壢,2024-08-19,5323
00923,群益台ESG低碳50,7,0,7,高橋-內壢,2024-08-19,5323
2610,華航,7,0,7,高橋-內壢,2024-08-19,5323
3028,增你強,7,0,7,高橋-內壢,2024-08-19,5323
00918,大華優利高填息30,7,1,6,高橋-內壢,2024-08-19,5323
1540,喬福,6,0,6,高橋-內壢,2024-08-19,5323
2608,嘉里大榮,6,0,6,高橋-內壢,2024-08-19,5323
2611,志信,6,0,6,高橋-內壢,2024-08-19,5323
3645,達邁,7,1,6,高橋-內壢,2024-08-19,5323
00795B,中信美國公債20年,100,1,99,高橋-內壢,2024-08-20,5323
2883,凱基金,50,0,50,高橋-內壢,2024-08-20,5323
00687B,國泰20年美債,32,0,32,高橋-內壢,2024-08-20,5323
2356,英業達,28,0,28,高橋-內壢,2024-08-20,5323
4909,新復興,24,0,24,高橋-內壢,2024-08-20,5323
00929,復華台灣科技優息,29,6,23,高橋-內壢,2024-08-20,5323
8028,昇陽半導體,35,12,23,高橋-內壢,2024-08-20,5323
00919,群益台灣精選高息,38,17,21,高橋-內壢,2024-08-20,5323
2538,基泰,20,0,20,高橋-內壢,2024-08-20,5323
5328,華容,18,0,18,高橋-內壢,2024-08-20,5323
3047,訊舟,61,46,15,高橋-內壢,2024-08-20,5323
2891,中信金,15,0,15,高橋-內壢,2024-08-20,5323
00715L,期街口布蘭特正2,15,0,15,高橋-內壢,2024-08-20,5323
1718,中纖,15,0,15,高橋-內壢,2024-08-20,5323
2608,嘉里大榮,14,0,14,高橋-內壢,2024-08-20,5323
00931B,統一美債20年,13,0,13,高橋-內壢,2024-08-20,5323
2528,皇普,13,0,13,高橋-內壢,2024-08-20,5323
2317,鴻海,22,10,12,高橋-內壢,2024-08-20,5323
2882,國泰金,11,0,11,高橋-內壢,2024-08-20,5323
00680L,元大美債20正2,10,0,10,高橋-內壢,2024-08-20,5323
00642U,期元大S＆P石油,10,0,10,高橋-內壢,2024-08-20,5323
2102,泰豐,10,0,10,高橋-內壢,2024-08-20,5323
2340,台亞,10,0,10,高橋-內壢,2024-08-20,5323
2402,毅嘉,11,1,10,高橋-內壢,2024-08-20,5323
2412,中華電,10,0,10,高橋-內壢,2024-08-20,5323
2520,冠德,14,4,10,高橋-內壢,2024-08-20,5323
5426,振發,10,1,9,高橋-內壢,2024-08-20,5323
8064,東捷,16,7,9,高橋-內壢,2024-08-20,5323
2371,大同,19,11,8,高橋-內壢,2024-08-20,5323
6218,豪勉,9,1,8,高橋-內壢,2024-08-20,5323
00937B,群益ESG投等債20,7,0,7,高橋-內壢,2024-08-20,5323
2201,裕隆,7,0,7,高橋-內壢,2024-08-20,5323
2444,兆勁,7,0,7,高橋-內壢,2024-08-20,5323
5392,能率,8,1,7,高橋-內壢,2024-08-20,5323
2002,中鋼,7,0,7,高橋-內壢,2024-08-20,5323
2409,友達,6,0,6,高橋-內壢,2024-08-20,5323
4563,百德,6,0,6,高橋-內壢,2024-08-20,5323
2464,盟立,6,0,6,高橋-內壢,2024-08-20,5323
00923,群益台ESG低碳50,6,1,5,高橋-內壢,2024-08-20,5323
00632R,元大台灣50反1,5,0,5,高橋-內壢,2024-08-20,5323
1305,華夏,5,0,5,高橋-內壢,2024-08-20,5323
2383,台光電,5,0,5,高橋-內壢,2024-08-20,5323
2392,正崴,7,2,5,高橋-內壢,2024-08-20,5323
2485,兆赫,5,0,5,高橋-內壢,2024-08-20,5323
2515,中工,5,0,5,高橋-內壢,2024-08-20,5323
2527,宏璟,5,0,5,高橋-內壢,2024-08-20,5323
2637,慧洋-KY,5,0,5,高橋-內壢,2024-08-20,5323
3663,鑫科,8,3,5,高橋-內壢,2024-08-20,5323
4109,加捷生醫,5,0,5,高橋-內壢,2024-08-20,5323
5512,力麒,5,0,5,高橋-內壢,2024-08-20,5323
00669R,國泰美國道瓊反1,203,0,203,高橋-內壢,2024-08-21,5323
9105,泰金寶-DR,163,30,133,高橋-內壢,2024-08-21,5323
2891,中信金,98,1,97,高橋-內壢,2024-08-21,5323
00953B,群益優選非投等債,45,0,45,高橋-內壢,2024-08-21,5323
00954,中信日本半導體,30,0,30,高橋-內壢,2024-08-21,5323
2374,佳能,31,2,29,高橋-內壢,2024-08-21,5323
2524,京城,20,0,20,高橋-內壢,2024-08-21,5323
4555,氣立,21,1,20,高橋-內壢,2024-08-21,5323
6869,雲豹能源,27,7,20,高橋-內壢,2024-08-21,5323
2313,華通,14,0,14,高橋-內壢,2024-08-21,5323
5905,南仁湖,14,0,14,高橋-內壢,2024-08-21,5323
2342,茂矽,12,0,12,高橋-內壢,2024-08-21,5323
2608,嘉里大榮,12,0,12,高橋-內壢,2024-08-21,5323
4543,萬在,12,0,12,高橋-內壢,2024-08-21,5323
2402,毅嘉,11,0,11,高橋-內壢,2024-08-21,5323
00923,群益台ESG低碳50,13,2,11,高橋-內壢,2024-08-21,5323
00919,群益台灣精選高息,18,7,11,高橋-內壢,2024-08-21,5323
00940,元大台灣價值高息,10,0,10,高橋-內壢,2024-08-21,5323
00948B,中信優息投資級債,10,0,10,高橋-內壢,2024-08-21,5323
3521,鴻翊,10,0,10,高橋-內壢,2024-08-21,5323
4174,浩鼎,10,0,10,高橋-內壢,2024-08-21,5323
8107,大億金茂,10,0,10,高橋-內壢,2024-08-21,5323
8277,商丞,10,0,10,高橋-內壢,2024-08-21,5323
2344,華邦電,15,6,9,高橋-內壢,2024-08-21,5323
2542,興富發,8,0,8,高橋-內壢,2024-08-21,5323
1109,信大,8,0,8,高橋-內壢,2024-08-21,5323
5347,世界,8,0,8,高橋-內壢,2024-08-21,5323
6215,和椿,7,0,7,高橋-內壢,2024-08-21,5323
2330,台積電,9,2,7,高橋-內壢,2024-08-21,5323
2312,金寶,15,9,6,高橋-內壢,2024-08-21,5323
2497,怡利電,6,0,6,高橋-內壢,2024-08-21,5323
3607,谷崧,6,0,6,高橋-內壢,2024-08-21,5323
5608,四維航,6,0,6,高橋-內壢,2024-08-21,5323
2409,友達,7,1,6,高橋-內壢,2024-08-21,5323
00679B,元大美債20年,6,1,5,高橋-內壢,2024-08-21,5323
1785,光洋科,11,6,5,高橋-內壢,2024-08-21,5323
2324,仁寶,5,0,5,高橋-內壢,2024-08-21,5323
3027,盛達,5,0,5,高橋-內壢,2024-08-21,5323
3059,華晶科,5,0,5,高橋-內壢,2024-08-21,5323
4534,慶騰,5,0,5,高橋-內壢,2024-08-21,5323
6257,矽格,5,0,5,高橋-內壢,2024-08-21,5323
00929,復華台灣科技優息,24,19,5,高橋-內壢,2024-08-21,5323
00882,中信中國高股息,4,0,4,高橋-內壢,2024-08-21,5323
2739,寒舍,5,1,4,高橋-內壢,2024-08-21,5323
3374,精材,7,3,4,高橋-內壢,2024-08-21,5323
8064,東捷,11,7,4,高橋-內壢,2024-08-21,5323
8089,康全電訊,5,1,4,高橋-內壢,2024-08-21,5323
6271,同欣電,3,0,3,高橋-內壢,2024-08-21,5323
00918,大華優利高填息30,3,0,3,高橋-內壢,2024-08-21,5323
00936,台新永續高息中小,3,0,3,高橋-內壢,2024-08-21,5323
3047,訊舟,140,12,128,高橋-內壢,2024-08-22,5323
00929,復華台灣科技優息,70,6,64,高橋-內壢,2024-08-22,5323
00795B,中信美國公債20年,48,0,48,高橋-內壢,2024-08-22,5323
2891,中信金,42,2,40,高橋-內壢,2024-08-22,5323
00953B,群益優選非投等債,39,0,39,高橋-內壢,2024-08-22,5323
2349,錸德,119,94,25,高橋-內壢,2024-08-22,5323
2317,鴻海,22,1,21,高橋-內壢,2024-08-22,5323
00936,台新永續高息中小,19,0,19,高橋-內壢,2024-08-22,5323
3312,弘憶股,19,2,17,高橋-內壢,2024-08-22,5323
00918,大華優利高填息30,16,0,16,高橋-內壢,2024-08-22,5323
5905,南仁湖,16,1,15,高橋-內壢,2024-08-22,5323
8028,昇陽半導體,19,5,14,高橋-內壢,2024-08-22,5323
00688L,國泰20年美債正2,12,0,12,高橋-內壢,2024-08-22,5323
00669R,國泰美國道瓊反1,12,0,12,高橋-內壢,2024-08-22,5323
1217,愛之味,12,0,12,高橋-內壢,2024-08-22,5323
1717,長興,15,4,11,高橋-內壢,2024-08-22,5323
2845,遠東銀,11,0,11,高橋-內壢,2024-08-22,5323
1307,三芳,10,0,10,高橋-內壢,2024-08-22,5323
1584,精剛,10,0,10,高橋-內壢,2024-08-22,5323
3498,陽程,10,0,10,高橋-內壢,2024-08-22,5323
00937B,群益ESG投等債20,15,6,9,高橋-內壢,2024-08-22,5323
00919,群益台灣精選高息,9,0,9,高橋-內壢,2024-08-22,5323
1737,臺鹽,10,1,9,高橋-內壢,2024-08-22,5323
2374,佳能,8,0,8,高橋-內壢,2024-08-22,5323
00878,國泰永續高股息,8,0,8,高橋-內壢,2024-08-22,5323
1513,中興電,19,11,8,高橋-內壢,2024-08-22,5323
4167,松瑞藥,8,0,8,高橋-內壢,2024-08-22,5323
6869,雲豹能源,24,16,8,高橋-內壢,2024-08-22,5323
2610,華航,8,1,7,高橋-內壢,2024-08-22,5323
2890,永豐金,6,0,6,高橋-內壢,2024-08-22,5323
3645,達邁,7,1,6,高橋-內壢,2024-08-22,5323
5309,系統電,8,2,6,高橋-內壢,2024-08-22,5323
9955,佳龍,6,0,6,高橋-內壢,2024-08-22,5323
4534,慶騰,5,0,5,高橋-內壢,2024-08-22,5323
00715L,期街口布蘭特正2,5,0,5,高橋-內壢,2024-08-22,5323
2062,橋椿,5,0,5,高橋-內壢,2024-08-22,5323
2208,台船,5,0,5,高橋-內壢,2024-08-22,5323
2501,國建,5,0,5,高橋-內壢,2024-08-22,5323
3625,西勝,5,0,5,高橋-內壢,2024-08-22,5323
8103,瀚荃,7,2,5,高橋-內壢,2024-08-22,5323
1442,名軒,4,0,4,高橋-內壢,2024-08-22,5323
00907,永豐優息存股,4,0,4,高橋-內壢,2024-08-22,5323
1612,宏泰,5,1,4,高橋-內壢,2024-08-22,5323
2881,富邦金,4,0,4,高橋-內壢,2024-08-22,5323
3050,鈺德,6,2,4,高橋-內壢,2024-08-22,5323
3073,天方能源,7,3,4,高橋-內壢,2024-08-22,5323
3607,谷崧,4,0,4,高橋-內壢,2024-08-22,5323
4130,健亞,4,0,4,高橋-內壢,2024-08-22,5323
4566,時碩工業,4,0,4,高橋-內壢,2024-08-22,5323
3663,鑫科,9,6,3,高橋-內壢,2024-08-22,5323
9105,泰金寶-DR,126,9,117,高橋-內壢,2024-08-23,5323
00954,中信日本半導體,50,0,50,高橋-內壢,2024-08-23,5323
1711,永光,56,14,42,高橋-內壢,2024-08-23,5323
00932,兆豐永續高息等權,45,9,36,高橋-內壢,2024-08-23,5323
00687B,國泰20年美債,35,0,35,高橋-內壢,2024-08-23,5323
2349,錸德,53,28,25,高橋-內壢,2024-08-23,5323
2317,鴻海,43,20,23,高橋-內壢,2024-08-23,5323
00680L,元大美債20正2,27,5,22,高橋-內壢,2024-08-23,5323
00688L,國泰20年美債正2,20,0,20,高橋-內壢,2024-08-23,5323
6177,達麗,20,0,20,高橋-內壢,2024-08-23,5323
00715L,期街口布蘭特正2,24,5,19,高橋-內壢,2024-08-23,5323
2891,中信金,24,5,19,高橋-內壢,2024-08-23,5323
00929,復華台灣科技優息,26,8,18,高橋-內壢,2024-08-23,5323
1301,台塑,17,0,17,高橋-內壢,2024-08-23,5323
0056,元大高股息,16,3,13,高橋-內壢,2024-08-23,5323
2425,承啟,14,1,13,高橋-內壢,2024-08-23,5323
00937B,群益ESG投等債20,12,0,12,高橋-內壢,2024-08-23,5323
8089,康全電訊,13,1,12,高橋-內壢,2024-08-23,5323
3323,加百裕,11,0,11,高橋-內壢,2024-08-23,5323
8096,擎亞,13,2,11,高橋-內壢,2024-08-23,5323
2344,華邦電,23,13,10,高橋-內壢,2024-08-23,5323
2601,益航,10,0,10,高橋-內壢,2024-08-23,5323
3019,亞光,13,3,10,高橋-內壢,2024-08-23,5323
2342,茂矽,9,0,9,高橋-內壢,2024-08-23,5323
1514,亞力,8,0,8,高橋-內壢,2024-08-23,5323
2515,中工,10,2,8,高橋-內壢,2024-08-23,5323
2609,陽明,10,2,8,高橋-內壢,2024-08-23,5323
2615,萬海,18,10,8,高橋-內壢,2024-08-23,5323
2845,遠東銀,10,2,8,高橋-內壢,2024-08-23,5323
6182,合晶,8,0,8,高橋-內壢,2024-08-23,5323
6215,和椿,8,0,8,高橋-內壢,2024-08-23,5323
1727,中華化,26,19,7,高橋-內壢,2024-08-23,5323
2356,英業達,7,0,7,高橋-內壢,2024-08-23,5323
00936,台新永續高息中小,6,0,6,高橋-內壢,2024-08-23,5323
00953B,群益優選非投等債,6,0,6,高橋-內壢,2024-08-23,5323
1708,東鹼,6,0,6,高橋-內壢,2024-08-23,5323
2374,佳能,6,0,6,高橋-內壢,2024-08-23,5323
2890,永豐金,6,0,6,高橋-內壢,2024-08-23,5323
3048,益登,6,0,6,高橋-內壢,2024-08-23,5323
4113,聯上,6,0,6,高橋-內壢,2024-08-23,5323
4533,協易機,6,0,6,高橋-內壢,2024-08-23,5323
5309,系統電,7,1,6,高橋-內壢,2024-08-23,5323
6261,久元,6,0,6,高橋-內壢,2024-08-23,5323
6218,豪勉,5,0,5,高橋-內壢,2024-08-23,5323
1326,台化,5,0,5,高橋-內壢,2024-08-23,5323
2062,橋椿,5,0,5,高橋-內壢,2024-08-23,5323
2485,兆赫,5,0,5,高橋-內壢,2024-08-23,5323
2486,一詮,7,2,5,高橋-內壢,2024-08-23,5323
2812,台中銀,5,0,5,高橋-內壢,2024-08-23,5323
3665,貿聯-KY,6,1,5,高橋-內壢,2024-08-23,5323
2888,新光金,249,73,176,高橋-內壢,2024-08-26,5323
00929,復華台灣科技優息,276,101,175,高橋-內壢,2024-08-26,5323
00687B,國泰20年美債,90,2,88,高橋-內壢,2024-08-26,5323
00715L,期街口布蘭特正2,50,1,49,高橋-內壢,2024-08-26,5323
00919,群益台灣精選高息,48,3,45,高橋-內壢,2024-08-26,5323
8043,蜜望實,43,3,40,高橋-內壢,2024-08-26,5323
6156,松上,36,3,33,高橋-內壢,2024-08-26,5323
3481,群創,66,35,31,高橋-內壢,2024-08-26,5323
00795B,中信美國公債20年,30,0,30,高橋-內壢,2024-08-26,5323
3576,聯合再生,31,3,28,高橋-內壢,2024-08-26,5323
00669R,國泰美國道瓊反1,20,0,20,高橋-內壢,2024-08-26,5323
00937B,群益ESG投等債20,20,0,20,高橋-內壢,2024-08-26,5323
2801,彰銀,20,0,20,高橋-內壢,2024-08-26,5323
5490,同亨,20,0,20,高橋-內壢,2024-08-26,5323
8028,昇陽半導體,19,0,19,高橋-內壢,2024-08-26,5323
2617,台航,15,0,15,高橋-內壢,2024-08-26,5323
3450,聯鈞,19,4,15,高橋-內壢,2024-08-26,5323
2891,中信金,18,6,12,高橋-內壢,2024-08-26,5323
1409,新纖,11,0,11,高橋-內壢,2024-08-26,5323
00923,群益台ESG低碳50,10,0,10,高橋-內壢,2024-08-26,5323
00948B,中信優息投資級債,10,0,10,高橋-內壢,2024-08-26,5323
2374,佳能,10,0,10,高橋-內壢,2024-08-26,5323
4909,新復興,11,1,10,高橋-內壢,2024-08-26,5323
5302,太欣,10,0,10,高橋-內壢,2024-08-26,5323
6215,和椿,10,0,10,高橋-內壢,2024-08-26,5323
6743,安普新,10,0,10,高橋-內壢,2024-08-26,5323
2317,鴻海,24,15,9,高橋-內壢,2024-08-26,5323
2313,華通,8,0,8,高橋-內壢,2024-08-26,5323
00927,群益半導體收益,8,1,7,高橋-內壢,2024-08-26,5323
1609,大亞,7,0,7,高橋-內壢,2024-08-26,5323
2486,一詮,7,0,7,高橋-內壢,2024-08-26,5323
3607,谷崧,8,1,7,高橋-內壢,2024-08-26,5323
2105,正新,6,0,6,高橋-內壢,2024-08-26,5323
2331,精英,7,1,6,高橋-內壢,2024-08-26,5323
4142,國光生,8,2,6,高橋-內壢,2024-08-26,5323
5263,智崴,6,0,6,高橋-內壢,2024-08-26,5323
5443,均豪,17,11,6,高橋-內壢,2024-08-26,5323
6177,達麗,6,0,6,高橋-內壢,2024-08-26,5323
6235,華孚,6,0,6,高橋-內壢,2024-08-26,5323
6806,森崴能源,6,0,6,高橋-內壢,2024-08-26,5323
2363,矽統,6,0,6,高橋-內壢,2024-08-26,5323
00680L,元大美債20正2,5,0,5,高橋-內壢,2024-08-26,5323
2409,友達,5,0,5,高橋-內壢,2024-08-26,5323
2890,永豐金,5,0,5,高橋-內壢,2024-08-26,5323
5512,力麒,5,0,5,高橋-內壢,2024-08-26,5323
6188,廣明,5,0,5,高橋-內壢,2024-08-26,5323
912000,晨訊科-DR,5,0,5,高橋-內壢,2024-08-26,5323
8039,台虹,6,1,5,高橋-內壢,2024-08-26,5323
00878,國泰永續高股息,5,1,4,高橋-內壢,2024-08-26,5323
00936,台新永續高息中小,9,5,4,高橋-內壢,2024-08-26,5323
2891,中信金,126,0,126,高橋-內壢,2024-08-27,5323
00687B,國泰20年美債,109,0,109,高橋-內壢,2024-08-27,5323
00632R,元大台灣50反1,100,0,100,高橋-內壢,2024-08-27,5323
2867,三商壽,140,42,98,高橋-內壢,2024-08-27,5323
3481,群創,100,33,67,高橋-內壢,2024-08-27,5323
2883,凱基金,60,0,60,高橋-內壢,2024-08-27,5323
00954,中信日本半導體,52,0,52,高橋-內壢,2024-08-27,5323
2888,新光金,62,38,24,高橋-內壢,2024-08-27,5323
6248,沛波,20,0,20,高橋-內壢,2024-08-27,5323
00919,群益台灣精選高息,17,0,17,高橋-內壢,2024-08-27,5323
6603,富強鑫,16,0,16,高橋-內壢,2024-08-27,5323
2845,遠東銀,19,4,15,高橋-內壢,2024-08-27,5323
2303,聯電,18,5,13,高橋-內壢,2024-08-27,5323
00936,台新永續高息中小,12,0,12,高橋-內壢,2024-08-27,5323
2880,華南金,12,0,12,高橋-內壢,2024-08-27,5323
00753L,中信中國50正2,14,3,11,高橋-內壢,2024-08-27,5323
1218,泰山,10,0,10,高橋-內壢,2024-08-27,5323
00713,元大台灣高息低波,10,0,10,高橋-內壢,2024-08-27,5323
00673R,期元大S＆P原油反1,10,0,10,高橋-內壢,2024-08-27,5323
00669R,國泰美國道瓊反1,10,0,10,高橋-內壢,2024-08-27,5323
00933B,國泰10Y+金融債,10,0,10,高橋-內壢,2024-08-27,5323
00940,元大台灣價值高息,10,0,10,高橋-內壢,2024-08-27,5323
1442,名軒,10,0,10,高橋-內壢,2024-08-27,5323
6153,嘉聯益,10,0,10,高橋-內壢,2024-08-27,5323
6244,茂迪,10,0,10,高橋-內壢,2024-08-27,5323
3576,聯合再生,21,12,9,高橋-內壢,2024-08-27,5323
2034,允強,9,0,9,高橋-內壢,2024-08-27,5323
5905,南仁湖,10,2,8,高橋-內壢,2024-08-27,5323
2887,台新金,9,1,8,高橋-內壢,2024-08-27,5323
3057,喬鼎,8,0,8,高橋-內壢,2024-08-27,5323
00918,大華優利高填息30,7,0,7,高橋-內壢,2024-08-27,5323
2243,宏旭-KY,20,13,7,高橋-內壢,2024-08-27,5323
2356,英業達,7,0,7,高橋-內壢,2024-08-27,5323
3149,正達,9,2,7,高橋-內壢,2024-08-27,5323
3540,曜越,7,0,7,高橋-內壢,2024-08-27,5323
4967,十銓,11,4,7,高橋-內壢,2024-08-27,5323
00907,永豐優息存股,6,0,6,高橋-內壢,2024-08-27,5323
00878,國泰永續高股息,6,0,6,高橋-內壢,2024-08-27,5323
2388,威盛,6,0,6,高橋-內壢,2024-08-27,5323
3033,威健,6,0,6,高橋-內壢,2024-08-27,5323
3515,華擎,6,0,6,高橋-內壢,2024-08-27,5323
4923,力士,6,0,6,高橋-內壢,2024-08-27,5323
6190,萬泰科,6,0,6,高橋-內壢,2024-08-27,5323
2610,華航,7,2,5,高橋-內壢,2024-08-27,5323
00941,中信上游半導體,5,0,5,高橋-內壢,2024-08-27,5323
2344,華邦電,16,11,5,高橋-內壢,2024-08-27,5323
2504,國產,5,0,5,高橋-內壢,2024-08-27,5323
3313,斐成,5,0,5,高橋-內壢,2024-08-27,5323
4142,國光生,5,0,5,高橋-內壢,2024-08-27,5323
4157,太景*-KY,5,0,5,高橋-內壢,2024-08-27,5323
2392,正崴,479,29,450,高橋-內壢,2024-08-28,5323
4513,福裕,70,0,70,高橋-內壢,2024-08-28,5323
00679B,元大美債20年,83,23,60,高橋-內壢,2024-08-28,5323
00632R,元大台灣50反1,50,0,50,高橋-內壢,2024-08-28,5323
00669R,國泰美國道瓊反1,50,0,50,高橋-內壢,2024-08-28,5323
8028,昇陽半導體,43,2,41,高橋-內壢,2024-08-28,5323
6175,立敦,30,0,30,高橋-內壢,2024-08-28,5323
9105,泰金寶-DR,29,0,29,高橋-內壢,2024-08-28,5323
5302,太欣,23,0,23,高橋-內壢,2024-08-28,5323
00795B,中信美國公債20年,22,0,22,高橋-內壢,2024-08-28,5323
00929,復華台灣科技優息,61,40,21,高橋-內壢,2024-08-28,5323
00753L,中信中國50正2,21,0,21,高橋-內壢,2024-08-28,5323
3498,陽程,24,3,21,高橋-內壢,2024-08-28,5323
3576,聯合再生,22,2,20,高橋-內壢,2024-08-28,5323
2891,中信金,38,21,17,高橋-內壢,2024-08-28,5323
8111,立��,26,10,16,高橋-內壢,2024-08-28,5323
5443,均豪,27,12,15,高橋-內壢,2024-08-28,5323
00673R,期元大S＆P原油反1,12,0,12,高橋-內壢,2024-08-28,5323
1597,直得,15,3,12,高橋-內壢,2024-08-28,5323
1711,永光,15,3,12,高橋-內壢,2024-08-28,5323
2409,友達,17,6,11,高橋-內壢,2024-08-28,5323
2515,中工,11,0,11,高橋-內壢,2024-08-28,5323
3010,華立,22,11,11,高橋-內壢,2024-08-28,5323
4168,醣聯,11,0,11,高橋-內壢,2024-08-28,5323
00959B,大華投等美債15Y+,10,0,10,高橋-內壢,2024-08-28,5323
2516,新建,10,0,10,高橋-內壢,2024-08-28,5323
3501,維熹,10,0,10,高橋-內壢,2024-08-28,5323
6451,訊芯-KY,10,0,10,高橋-內壢,2024-08-28,5323
00687B,國泰20年美債,18,10,8,高橋-內壢,2024-08-28,5323
2354,鴻準,9,1,8,高橋-內壢,2024-08-28,5323
4915,致伸,8,0,8,高橋-內壢,2024-08-28,5323
6026,福邦證,8,0,8,高橋-內壢,2024-08-28,5323
8064,東捷,12,4,8,高橋-內壢,2024-08-28,5323
3047,訊舟,11,4,7,高橋-內壢,2024-08-28,5323
6207,雷科,9,2,7,高橋-內壢,2024-08-28,5323
2845,遠東銀,7,0,7,高橋-內壢,2024-08-28,5323
2887,台新金,9,2,7,高橋-內壢,2024-08-28,5323
3002,歐格,7,0,7,高橋-內壢,2024-08-28,5323
3483,力致,7,0,7,高橋-內壢,2024-08-28,5323
6770,力積電,7,0,7,高橋-內壢,2024-08-28,5323
3615,安可,6,0,6,高橋-內壢,2024-08-28,5323
00878,國泰永續高股息,8,2,6,高橋-內壢,2024-08-28,5323
1570,力肯,6,0,6,高橋-內壢,2024-08-28,5323
1708,東鹼,7,1,6,高橋-內壢,2024-08-28,5323
1815,富喬,6,0,6,高橋-內壢,2024-08-28,5323
6016,康和證,6,0,6,高橋-內壢,2024-08-28,5323
00953B,群益優選非投等債,5,0,5,高橋-內壢,2024-08-28,5323
00882,中信中國高股息,5,0,5,高橋-內壢,2024-08-28,5323
00713,元大台灣高息低波,5,0,5,高橋-內壢,2024-08-28,5323
1528,恩德,18,13,5,高橋-內壢,2024-08-28,5323
00687B,國泰20年美債,110,0,110,高橋-內壢,2024-08-29,5323
00919,群益台灣精選高息,51,7,44,高橋-內壢,2024-08-29,5323
00937B,群益ESG投等債20,33,0,33,高橋-內壢,2024-08-29,5323
3149,正達,35,2,33,高橋-內壢,2024-08-29,5323
9105,泰金寶-DR,29,0,29,高橋-內壢,2024-08-29,5323
2402,毅嘉,28,7,21,高橋-內壢,2024-08-29,5323
3498,陽程,22,1,21,高橋-內壢,2024-08-29,5323
4510,高鋒,33,13,20,高橋-內壢,2024-08-29,5323
6175,立敦,20,0,20,高橋-內壢,2024-08-29,5323
2362,藍天,20,1,19,高橋-內壢,2024-08-29,5323
2891,中信金,19,0,19,高橋-內壢,2024-08-29,5323
1314,中石化,17,0,17,高橋-內壢,2024-08-29,5323
5498,凱崴,17,0,17,高橋-內壢,2024-08-29,5323
2887,台新金,17,1,16,高橋-內壢,2024-08-29,5323
3002,歐格,15,0,15,高橋-內壢,2024-08-29,5323
3047,訊舟,23,10,13,高橋-內壢,2024-08-29,5323
2208,台船,12,0,12,高橋-內壢,2024-08-29,5323
2323,中環,12,0,12,高橋-內壢,2024-08-29,5323
5443,均豪,31,19,12,高橋-內壢,2024-08-29,5323
00679B,元大美債20年,11,0,11,高橋-內壢,2024-08-29,5323
2314,台揚,12,1,11,高橋-內壢,2024-08-29,5323
2367,燿華,30,19,11,高橋-內壢,2024-08-29,5323
3105,穩懋,14,3,11,高橋-內壢,2024-08-29,5323
2892,第一金,11,0,11,高橋-內壢,2024-08-29,5323
00933B,國泰10Y+金融債,10,0,10,高橋-內壢,2024-08-29,5323
4906,正文,10,1,9,高橋-內壢,2024-08-29,5323
912000,晨訊科-DR,9,0,9,高橋-內壢,2024-08-29,5323
6160,欣技,8,0,8,高橋-內壢,2024-08-29,5323
00947,台新臺灣IC設計,7,0,7,高橋-內壢,2024-08-29,5323
1442,名軒,7,0,7,高橋-內壢,2024-08-29,5323
2426,鼎元,23,16,7,高橋-內壢,2024-08-29,5323
00918,大華優利高填息30,9,3,6,高橋-內壢,2024-08-29,5323
2201,裕隆,6,0,6,高橋-內壢,2024-08-29,5323
6191,精成科,6,0,6,高橋-內壢,2024-08-29,5323
2330,台積電,8,2,6,高橋-內壢,2024-08-29,5323
2392,正崴,5,0,5,高橋-內壢,2024-08-29,5323
00680L,元大美債20正2,5,0,5,高橋-內壢,2024-08-29,5323
00669R,國泰美國道瓊反1,5,0,5,高橋-內壢,2024-08-29,5323
1714,和桐,5,0,5,高橋-內壢,2024-08-29,5323
2419,仲琦,5,0,5,高橋-內壢,2024-08-29,5323
2834,臺企銀,5,0,5,高橋-內壢,2024-08-29,5323
2867,三商壽,6,1,5,高橋-內壢,2024-08-29,5323
3491,昇達科,5,0,5,高橋-內壢,2024-08-29,5323
3550,聯穎,5,0,5,高橋-內壢,2024-08-29,5323
4128,中天,6,1,5,高橋-內壢,2024-08-29,5323
4532,瑞智,5,0,5,高橋-內壢,2024-08-29,5323
00929,復華台灣科技優息,17,12,5,高橋-內壢,2024-08-29,5323
3450,聯鈞,24,20,4,高橋-內壢,2024-08-29,5323
00878,國泰永續高股息,4,0,4,高橋-內壢,2024-08-29,5323
3437,榮創,4,0,4,高橋-內壢,2024-08-29,5323
00665L,富邦�琤肭磪囓�2,103,0,103,高橋-內壢,2024-08-30,5323
2618,長榮航,85,15,70,高橋-內壢,2024-08-30,5323
4956,光鋐,66,0,66,高橋-內壢,2024-08-30,5323
00937B,群益ESG投等債20,62,0,62,高橋-內壢,2024-08-30,5323
1711,永光,62,13,49,高橋-內壢,2024-08-30,5323
00687B,國泰20年美債,41,2,39,高橋-內壢,2024-08-30,5323
00669R,國泰美國道瓊反1,30,0,30,高橋-內壢,2024-08-30,5323
1314,中石化,40,10,30,高橋-內壢,2024-08-30,5323
3481,群創,35,7,28,高橋-內壢,2024-08-30,5323
2338,光罩,20,0,20,高橋-內壢,2024-08-30,5323
4909,新復興,22,3,19,高橋-內壢,2024-08-30,5323
5469,瀚宇博,18,0,18,高橋-內壢,2024-08-30,5323
2888,新光金,23,8,15,高橋-內壢,2024-08-30,5323
6213,聯茂,48,33,15,高橋-內壢,2024-08-30,5323
1727,中華化,14,0,14,高橋-內壢,2024-08-30,5323
2323,中環,16,2,14,高橋-內壢,2024-08-30,5323
4526,東台,35,21,14,高橋-內壢,2024-08-30,5323
1449,佳和,13,0,13,高橋-內壢,2024-08-30,5323
00940,元大台灣價值高息,13,0,13,高橋-內壢,2024-08-30,5323
3013,晟銘電,15,3,12,高橋-內壢,2024-08-30,5323
00830,國泰費城半導體,12,0,12,高橋-內壢,2024-08-30,5323
00936,台新永續高息中小,12,0,12,高橋-內壢,2024-08-30,5323
2607,榮運,12,0,12,高橋-內壢,2024-08-30,5323
2891,中信金,11,0,11,高橋-內壢,2024-08-30,5323
2359,所羅門,13,3,10,高橋-內壢,2024-08-30,5323
1524,耿鼎,10,0,10,高橋-內壢,2024-08-30,5323
1815,富喬,10,0,10,高橋-內壢,2024-08-30,5323
2105,正新,10,0,10,高橋-內壢,2024-08-30,5323
2515,中工,10,0,10,高橋-內壢,2024-08-30,5323
3046,建��,10,0,10,高橋-內壢,2024-08-30,5323
3058,立德,10,0,10,高橋-內壢,2024-08-30,5323
3141,晶宏,10,0,10,高橋-內壢,2024-08-30,5323
5371,中光電,10,0,10,高橋-內壢,2024-08-30,5323
6134,萬旭,15,5,10,高橋-內壢,2024-08-30,5323
6175,立敦,10,0,10,高橋-內壢,2024-08-30,5323
6485,點序,10,0,10,高橋-內壢,2024-08-30,5323
8358,金居,10,0,10,高橋-內壢,2024-08-30,5323
8926,台汽電,10,0,10,高橋-內壢,2024-08-30,5323
3062,建漢,12,3,9,高橋-內壢,2024-08-30,5323
2317,鴻海,11,3,8,高橋-內壢,2024-08-30,5323
2340,台亞,8,0,8,高橋-內壢,2024-08-30,5323
3228,金麗科,8,0,8,高橋-內壢,2024-08-30,5323
00911,兆豐洲際半導體,7,0,7,高橋-內壢,2024-08-30,5323
2312,金寶,17,10,7,高橋-內壢,2024-08-30,5323
3189,景碩,9,2,7,高橋-內壢,2024-08-30,5323
4510,高鋒,13,6,7,高橋-內壢,2024-08-30,5323
5443,均豪,14,7,7,高橋-內壢,2024-08-30,5323
8096,擎亞,7,0,7,高橋-內壢,2024-08-30,5323
00878,國泰永續高股息,6,0,6,高橋-內壢,2024-08-30,5323
00688L,國泰20年美債正2,6,0,6,高橋-內壢,2024-08-30,5323
00929,復華台灣科技優息,115,5,110,高橋-內壢,2024-09-02,5323
00940,元大台灣價值高息,101,15,86,高橋-內壢,2024-09-02,5323
1708,東鹼,47,0,47,高橋-內壢,2024-09-02,5323
2515,中工,45,0,45,高橋-內壢,2024-09-02,5323
2880,華南金,32,0,32,高橋-內壢,2024-09-02,5323
3231,緯創,37,6,31,高橋-內壢,2024-09-02,5323
00937B,群益ESG投等債20,28,0,28,高橋-內壢,2024-09-02,5323
00753L,中信中國50正2,27,0,27,高橋-內壢,2024-09-02,5323
1449,佳和,27,0,27,高橋-內壢,2024-09-02,5323
1314,中石化,26,0,26,高橋-內壢,2024-09-02,5323
2301,光寶科,23,0,23,高橋-內壢,2024-09-02,5323
00936,台新永續高息中小,21,0,21,高橋-內壢,2024-09-02,5323
3149,正達,23,2,21,高橋-內壢,2024-09-02,5323
00673R,期元大S＆P原油反1,22,2,20,高橋-內壢,2024-09-02,5323
00669R,國泰美國道瓊反1,20,0,20,高橋-內壢,2024-09-02,5323
00687B,國泰20年美債,39,20,19,高橋-內壢,2024-09-02,5323
00679B,元大美債20年,17,0,17,高橋-內壢,2024-09-02,5323
2609,陽明,13,0,13,高橋-內壢,2024-09-02,5323
2891,中信金,15,2,13,高橋-內壢,2024-09-02,5323
00959B,大華投等美債15Y+,12,0,12,高橋-內壢,2024-09-02,5323
1718,中纖,12,0,12,高橋-內壢,2024-09-02,5323
6175,立敦,12,0,12,高橋-內壢,2024-09-02,5323
00795B,中信美國公債20年,12,0,12,高橋-內壢,2024-09-02,5323
3481,群創,15,5,10,高橋-內壢,2024-09-02,5323
1539,巨庭,10,0,10,高橋-內壢,2024-09-02,5323
2313,華通,12,2,10,高橋-內壢,2024-09-02,5323
3376,新日興,11,1,10,高橋-內壢,2024-09-02,5323
4916,事欣科,10,0,10,高橋-內壢,2024-09-02,5323
1513,中興電,20,11,9,高橋-內壢,2024-09-02,5323
2732,六角,9,0,9,高橋-內壢,2024-09-02,5323
2888,新光金,9,0,9,高橋-內壢,2024-09-02,5323
6658,聯策,10,1,9,高橋-內壢,2024-09-02,5323
1402,遠東新,8,0,8,高橋-內壢,2024-09-02,5323
00891,中信關鍵半導體,8,0,8,高橋-內壢,2024-09-02,5323
00931B,統一美債20年,8,0,8,高橋-內壢,2024-09-02,5323
2312,金寶,8,0,8,高橋-內壢,2024-09-02,5323
2352,佳世達,11,3,8,高橋-內壢,2024-09-02,5323
00915,凱基優選高股息30,7,0,7,高橋-內壢,2024-09-02,5323
4142,國光生,7,0,7,高橋-內壢,2024-09-02,5323
5443,均豪,13,6,7,高橋-內壢,2024-09-02,5323
5531,鄉林,10,3,7,高橋-內壢,2024-09-02,5323
6126,信音,7,0,7,高橋-內壢,2024-09-02,5323
00892,富邦台灣半導體,6,0,6,高橋-內壢,2024-09-02,5323
00927,群益半導體收益,6,0,6,高橋-內壢,2024-09-02,5323
00919,群益台灣精選高息,12,6,6,高橋-內壢,2024-09-02,5323
2376,技嘉,9,3,6,高橋-內壢,2024-09-02,5323
3535,晶彩科,6,0,6,高橋-內壢,2024-09-02,5323
4168,醣聯,7,1,6,高橋-內壢,2024-09-02,5323
5512,力麒,11,5,6,高橋-內壢,2024-09-02,5323
8473,山林水,6,0,6,高橋-內壢,2024-09-02,5323
00919,群益台灣精選高息,116,0,116,高橋-內壢,2024-09-03,5323
00712,復華富時不動產,82,0,82,高橋-內壢,2024-09-03,5323
00940,元大台灣價值高息,66,6,60,高橋-內壢,2024-09-03,5323
00929,復華台灣科技優息,69,15,54,高橋-內壢,2024-09-03,5323
1710,東聯,50,0,50,高橋-內壢,2024-09-03,5323
1314,中石化,46,0,46,高橋-內壢,2024-09-03,5323
00918,大華優利高填息30,45,0,45,高橋-內壢,2024-09-03,5323
2356,英業達,36,0,36,高橋-內壢,2024-09-03,5323
6743,安普新,30,0,30,高橋-內壢,2024-09-03,5323
00878,國泰永續高股息,30,1,29,高橋-內壢,2024-09-03,5323
00915,凱基優選高股息30,25,0,25,高橋-內壢,2024-09-03,5323
3047,訊舟,37,13,24,高橋-內壢,2024-09-03,5323
00932,兆豐永續高息等權,20,0,20,高橋-內壢,2024-09-03,5323
00772B,中信高評級公司債,20,0,20,高橋-內壢,2024-09-03,5323
00679B,元大美債20年,20,0,20,高橋-內壢,2024-09-03,5323
6411,晶焱,20,0,20,高橋-內壢,2024-09-03,5323
4909,新復興,22,3,19,高橋-內壢,2024-09-03,5323
6284,佳邦,19,0,19,高橋-內壢,2024-09-03,5323
1101,台泥,16,0,16,高橋-內壢,2024-09-03,5323
1815,富喬,20,4,16,高橋-內壢,2024-09-03,5323
3149,正達,18,3,15,高橋-內壢,2024-09-03,5323
2313,華通,19,5,14,高橋-內壢,2024-09-03,5323
2891,中信金,14,0,14,高橋-內壢,2024-09-03,5323
2486,一詮,19,6,13,高橋-內壢,2024-09-03,5323
00662,富邦NASDAQ,12,0,12,高橋-內壢,2024-09-03,5323
00881,國泰台灣5G+,11,0,11,高橋-內壢,2024-09-03,5323
1722,台肥,11,0,11,高橋-內壢,2024-09-03,5323
3189,景碩,11,0,11,高橋-內壢,2024-09-03,5323
6175,立敦,11,0,11,高橋-內壢,2024-09-03,5323
8089,康全電訊,12,1,11,高橋-內壢,2024-09-03,5323
2867,三商壽,10,0,10,高橋-內壢,2024-09-03,5323
00680L,元大美債20正2,10,0,10,高橋-內壢,2024-09-03,5323
00933B,國泰10Y+金融債,10,0,10,高橋-內壢,2024-09-03,5323
2324,仁寶,11,1,10,高橋-內壢,2024-09-03,5323
3593,力銘,10,0,10,高橋-內壢,2024-09-03,5323
00921,兆豐龍頭等權重,9,0,9,高橋-內壢,2024-09-03,5323
1711,永光,19,10,9,高橋-內壢,2024-09-03,5323
2887,台新金,10,1,9,高橋-內壢,2024-09-03,5323
3037,欣興,9,0,9,高橋-內壢,2024-09-03,5323
3715,定穎投控,10,1,9,高橋-內壢,2024-09-03,5323
2323,中環,10,3,7,高橋-內壢,2024-09-03,5323
1597,直得,11,4,7,高橋-內壢,2024-09-03,5323
2609,陽明,7,0,7,高橋-內壢,2024-09-03,5323
2845,遠東銀,7,0,7,高橋-內壢,2024-09-03,5323
1727,中華化,10,4,6,高橋-內壢,2024-09-03,5323
2002,中鋼,7,1,6,高橋-內壢,2024-09-03,5323
2312,金寶,6,0,6,高橋-內壢,2024-09-03,5323
2476,鉅祥,6,0,6,高橋-內壢,2024-09-03,5323
3702,大聯大,6,0,6,高橋-內壢,2024-09-03,5323
6532,瑞耘,6,0,6,高橋-內壢,2024-09-03,5323
00929,復華台灣科技優息,362,126,236,高橋-內壢,2024-09-04,5323
2103,台橡,200,0,200,高橋-內壢,2024-09-04,5323
00919,群益台灣精選高息,197,6,191,高橋-內壢,2024-09-04,5323
1101,台泥,221,39,182,高橋-內壢,2024-09-04,5323
00632R,元大台灣50反1,170,75,95,高橋-內壢,2024-09-04,5323
00878,國泰永續高股息,80,0,80,高橋-內壢,2024-09-04,5323
00940,元大台灣價值高息,57,1,56,高橋-內壢,2024-09-04,5323
2891,中信金,55,1,54,高橋-內壢,2024-09-04,5323
2883,凱基金,46,2,44,高橋-內壢,2024-09-04,5323
00688L,國泰20年美債正2,40,0,40,高橋-內壢,2024-09-04,5323
2834,臺企銀,41,10,31,高橋-內壢,2024-09-04,5323
0056,元大高股息,34,3,31,高橋-內壢,2024-09-04,5323
00891,中信關鍵半導體,26,0,26,高橋-內壢,2024-09-04,5323
2330,台積電,24,0,24,高橋-內壢,2024-09-04,5323
3323,加百裕,22,0,22,高橋-內壢,2024-09-04,5323
4576,大銀微系統,24,2,22,高橋-內壢,2024-09-04,5323
2324,仁寶,28,7,21,高橋-內壢,2024-09-04,5323
2506,太設,21,0,21,高橋-內壢,2024-09-04,5323
6191,精成科,21,0,21,高橋-內壢,2024-09-04,5323
3037,欣興,44,23,21,高橋-內壢,2024-09-04,5323
00937B,群益ESG投等債20,60,40,20,高橋-內壢,2024-09-04,5323
2538,基泰,20,0,20,高橋-內壢,2024-09-04,5323
3481,群創,86,66,20,高橋-內壢,2024-09-04,5323
2610,華航,26,7,19,高橋-內壢,2024-09-04,5323
3625,西勝,18,0,18,高橋-內壢,2024-09-04,5323
3357,臺慶科,26,10,16,高橋-內壢,2024-09-04,5323
2486,一詮,18,3,15,高橋-內壢,2024-09-04,5323
00900,富邦特選高股息30,15,0,15,高橋-內壢,2024-09-04,5323
8105,凌巨,15,0,15,高橋-內壢,2024-09-04,5323
0050,元大台灣50,15,0,15,高橋-內壢,2024-09-04,5323
00927,群益半導體收益,14,0,14,高橋-內壢,2024-09-04,5323
00934,中信成長高股息,15,1,14,高橋-內壢,2024-09-04,5323
00680L,元大美債20正2,15,2,13,高橋-內壢,2024-09-04,5323
1303,南亞,13,0,13,高橋-內壢,2024-09-04,5323
3450,聯鈞,13,0,13,高橋-內壢,2024-09-04,5323
006208,富邦台50,12,0,12,高橋-內壢,2024-09-04,5323
2382,廣達,14,2,12,高橋-內壢,2024-09-04,5323
2313,華通,16,4,12,高橋-內壢,2024-09-04,5323
6271,同欣電,12,0,12,高橋-內壢,2024-09-04,5323
00892,富邦台灣半導體,11,0,11,高橋-內壢,2024-09-04,5323
00715L,期街口布蘭特正2,11,0,11,高橋-內壢,2024-09-04,5323
2340,台亞,15,4,11,高橋-內壢,2024-09-04,5323
3058,立德,13,2,11,高橋-內壢,2024-09-04,5323
4960,誠美材,11,0,11,高橋-內壢,2024-09-04,5323
5460,同協,11,0,11,高橋-內壢,2024-09-04,5323
1815,富喬,10,0,10,高橋-內壢,2024-09-04,5323
3047,訊舟,21,11,10,高橋-內壢,2024-09-04,5323
00953B,群益優選非投等債,10,0,10,高橋-內壢,2024-09-04,5323
1447,力鵬,10,0,10,高橋-內壢,2024-09-04,5323
1718,中纖,23,13,10,高橋-內壢,2024-09-04,5323
00946,群益科技高息成長,113,0,113,高橋-內壢,2024-09-05,5323
00940,元大台灣價值高息,64,4,60,高橋-內壢,2024-09-05,5323
8043,蜜望實,43,3,40,高橋-內壢,2024-09-05,5323
5302,太欣,34,0,34,高橋-內壢,2024-09-05,5323
00687B,國泰20年美債,54,22,32,高橋-內壢,2024-09-05,5323
00954,中信日本半導體,30,0,30,高橋-內壢,2024-09-05,5323
00932,兆豐永續高息等權,29,0,29,高橋-內壢,2024-09-05,5323
00715L,期街口布蘭特正2,22,0,22,高橋-內壢,2024-09-05,5323
00713,元大台灣高息低波,20,0,20,高橋-內壢,2024-09-05,5323
2801,彰銀,20,0,20,高橋-內壢,2024-09-05,5323
3390,旭軟,20,0,20,高橋-內壢,2024-09-05,5323
8374,羅昇,21,2,19,高橋-內壢,2024-09-05,5323
3047,訊舟,51,34,17,高橋-內壢,2024-09-05,5323
1718,中纖,16,0,16,高橋-內壢,2024-09-05,5323
2317,鴻海,51,36,15,高橋-內壢,2024-09-05,5323
0056,元大高股息,14,0,14,高橋-內壢,2024-09-05,5323
1314,中石化,13,0,13,高橋-內壢,2024-09-05,5323
2495,普安,13,0,13,高橋-內壢,2024-09-05,5323
00943,兆豐電子高息等權,12,0,12,高橋-內壢,2024-09-05,5323
00642U,期元大S＆P石油,12,0,12,高橋-內壢,2024-09-05,5323
00680L,元大美債20正2,12,0,12,高橋-內壢,2024-09-05,5323
00878,國泰永續高股息,12,0,12,高橋-內壢,2024-09-05,5323
2867,三商壽,12,0,12,高橋-內壢,2024-09-05,5323
2313,華通,14,3,11,高橋-內壢,2024-09-05,5323
4714,永捷,11,0,11,高橋-內壢,2024-09-05,5323
2002,中鋼,11,0,11,高橋-內壢,2024-09-05,5323
2367,燿華,14,3,11,高橋-內壢,2024-09-05,5323
00921,兆豐龍頭等權重,10,0,10,高橋-內壢,2024-09-05,5323
2340,台亞,10,0,10,高橋-內壢,2024-09-05,5323
4510,高鋒,20,10,10,高橋-內壢,2024-09-05,5323
5465,富驊,10,0,10,高橋-內壢,2024-09-05,5323
6152,百一,10,0,10,高橋-內壢,2024-09-05,5323
6274,台燿,22,12,10,高橋-內壢,2024-09-05,5323
1101,台泥,11,1,10,高橋-內壢,2024-09-05,5323
2359,所羅門,9,0,9,高橋-內壢,2024-09-05,5323
1540,喬福,12,3,9,高橋-內壢,2024-09-05,5323
2034,允強,9,0,9,高橋-內壢,2024-09-05,5323
2408,南亞科,9,0,9,高橋-內壢,2024-09-05,5323
00918,大華優利高填息30,13,5,8,高橋-內壢,2024-09-05,5323
00679B,元大美債20年,10,2,8,高橋-內壢,2024-09-05,5323
2324,仁寶,10,2,8,高橋-內壢,2024-09-05,5323
3481,群創,8,0,8,高橋-內壢,2024-09-05,5323
00919,群益台灣精選高息,28,20,8,高橋-內壢,2024-09-05,5323
1711,永光,12,5,7,高橋-內壢,2024-09-05,5323
2344,華邦電,8,1,7,高橋-內壢,2024-09-05,5323
2886,兆豐金,7,0,7,高橋-內壢,2024-09-05,5323
2537,聯上發,9,3,6,高橋-內壢,2024-09-05,5323
00753L,中信中國50正2,9,3,6,高橋-內壢,2024-09-05,5323
1303,南亞,6,0,6,高橋-內壢,2024-09-05,5323
2349,錸德,14,8,6,高橋-內壢,2024-09-05,5323
00687B,國泰20年美債,99,15,84,高橋-內壢,2024-09-06,5323
00857B,永豐20年美公債,70,0,70,高橋-內壢,2024-09-06,5323
00954,中信日本半導體,30,0,30,高橋-內壢,2024-09-06,5323
5608,四維航,30,0,30,高橋-內壢,2024-09-06,5323
1727,中華化,25,5,20,高橋-內壢,2024-09-06,5323
3357,臺慶科,20,0,20,高橋-內壢,2024-09-06,5323
00940,元大台灣價值高息,19,0,19,高橋-內壢,2024-09-06,5323
00662,富邦NASDAQ,15,0,15,高橋-內壢,2024-09-06,5323
00713,元大台灣高息低波,14,0,14,高橋-內壢,2024-09-06,5323
0056,元大高股息,12,0,12,高橋-內壢,2024-09-06,5323
2497,怡利電,16,4,12,高橋-內壢,2024-09-06,5323
1314,中石化,11,0,11,高橋-內壢,2024-09-06,5323
00907,永豐優息存股,20,9,11,高橋-內壢,2024-09-06,5323
8089,康全電訊,11,0,11,高橋-內壢,2024-09-06,5323
00830,國泰費城半導體,10,0,10,高橋-內壢,2024-09-06,5323
00680L,元大美債20正2,20,10,10,高橋-內壢,2024-09-06,5323
00941,中信上游半導體,10,0,10,高橋-內壢,2024-09-06,5323
2905,三商,10,0,10,高橋-內壢,2024-09-06,5323
3149,正達,11,1,10,高橋-內壢,2024-09-06,5323
6405,悅城,12,2,10,高橋-內壢,2024-09-06,5323
00932,兆豐永續高息等權,9,0,9,高橋-內壢,2024-09-06,5323
00919,群益台灣精選高息,9,0,9,高橋-內壢,2024-09-06,5323
2323,中環,13,4,9,高橋-內壢,2024-09-06,5323
00795B,中信美國公債20年,10,2,8,高橋-內壢,2024-09-06,5323
1718,中纖,8,0,8,高橋-內壢,2024-09-06,5323
2615,萬海,11,3,8,高橋-內壢,2024-09-06,5323
3374,精材,9,1,8,高橋-內壢,2024-09-06,5323
3481,群創,18,10,8,高橋-內壢,2024-09-06,5323
1605,華新,7,0,7,高橋-內壢,2024-09-06,5323
00878,國泰永續高股息,14,7,7,高橋-內壢,2024-09-06,5323
1532,勤美,10,3,7,高橋-內壢,2024-09-06,5323
2888,新光金,7,0,7,高橋-內壢,2024-09-06,5323
2365,昆盈,19,13,6,高橋-內壢,2024-09-06,5323
6191,精成科,6,0,6,高橋-內壢,2024-09-06,5323
3231,緯創,6,0,6,高橋-內壢,2024-09-06,5323
2002,中鋼,6,0,6,高橋-內壢,2024-09-06,5323
3019,亞光,6,1,5,高橋-內壢,2024-09-06,5323
00892,富邦台灣半導體,5,0,5,高橋-內壢,2024-09-06,5323
00921,兆豐龍頭等權重,5,0,5,高橋-內壢,2024-09-06,5323
1612,宏泰,5,0,5,高橋-內壢,2024-09-06,5323
2605,新興,5,0,5,高橋-內壢,2024-09-06,5323
2891,中信金,6,1,5,高橋-內壢,2024-09-06,5323
3312,弘憶股,5,0,5,高橋-內壢,2024-09-06,5323
4142,國光生,8,3,5,高橋-內壢,2024-09-06,5323
4906,正文,5,0,5,高橋-內壢,2024-09-06,5323
4909,新復興,7,2,5,高橋-內壢,2024-09-06,5323
4958,臻鼎-KY,5,0,5,高橋-內壢,2024-09-06,5323
5347,世界,5,0,5,高橋-內壢,2024-09-06,5323
5465,富驊,5,0,5,高橋-內壢,2024-09-06,5323
6216,居易,5,0,5,高橋-內壢,2024-09-06,5323
00919,群益台灣精選高息,166,4,162,高橋-內壢,2024-09-09,5323
6505,台塑化,101,0,101,高橋-內壢,2024-09-09,5323
00687B,國泰20年美債,72,9,63,高橋-內壢,2024-09-09,5323
0056,元大高股息,55,1,54,高橋-內壢,2024-09-09,5323
00937B,群益ESG投等債20,45,0,45,高橋-內壢,2024-09-09,5323
00878,國泰永續高股息,52,7,45,高橋-內壢,2024-09-09,5323
6438,迅得,41,0,41,高橋-內壢,2024-09-09,5323
00954,中信日本半導體,40,0,40,高橋-內壢,2024-09-09,5323
5608,四維航,37,0,37,高橋-內壢,2024-09-09,5323
2382,廣達,35,4,31,高橋-內壢,2024-09-09,5323
00915,凱基優選高股息30,28,0,28,高橋-內壢,2024-09-09,5323
1718,中纖,28,0,28,高橋-內壢,2024-09-09,5323
2883,凱基金,27,0,27,高橋-內壢,2024-09-09,5323
2891,中信金,25,0,25,高橋-內壢,2024-09-09,5323
00680L,元大美債20正2,22,0,22,高橋-內壢,2024-09-09,5323
1447,力鵬,20,0,20,高橋-內壢,2024-09-09,5323
2317,鴻海,21,2,19,高橋-內壢,2024-09-09,5323
00892,富邦台灣半導體,19,0,19,高橋-內壢,2024-09-09,5323
00918,大華優利高填息30,23,4,19,高橋-內壢,2024-09-09,5323
00713,元大台灣高息低波,14,0,14,高橋-內壢,2024-09-09,5323
00927,群益半導體收益,17,6,11,高橋-內壢,2024-09-09,5323
2464,盟立,16,5,11,高橋-內壢,2024-09-09,5323
1326,台化,10,0,10,高橋-內壢,2024-09-09,5323
00911,兆豐洲際半導體,10,0,10,高橋-內壢,2024-09-09,5323
00857B,永豐20年美公債,10,0,10,高橋-內壢,2024-09-09,5323
2618,長榮航,10,0,10,高橋-內壢,2024-09-09,5323
2834,臺企銀,10,0,10,高橋-內壢,2024-09-09,5323
2882,國泰金,11,1,10,高橋-內壢,2024-09-09,5323
3413,京鼎,10,0,10,高橋-內壢,2024-09-09,5323
4956,光鋐,60,50,10,高橋-內壢,2024-09-09,5323
5493,三聯,10,0,10,高橋-內壢,2024-09-09,5323
00940,元大台灣價值高息,14,5,9,高橋-內壢,2024-09-09,5323
00932,兆豐永續高息等權,9,0,9,高橋-內壢,2024-09-09,5323
6215,和椿,9,0,9,高橋-內壢,2024-09-09,5323
2312,金寶,9,0,9,高橋-內壢,2024-09-09,5323
3521,鴻翊,8,0,8,高橋-內壢,2024-09-09,5323
00891,中信關鍵半導體,7,0,7,高橋-內壢,2024-09-09,5323
2820,華票,7,0,7,高橋-內壢,2024-09-09,5323
4128,中天,7,0,7,高橋-內壢,2024-09-09,5323
2542,興富發,6,0,6,高橋-內壢,2024-09-09,5323
3374,精材,16,10,6,高橋-內壢,2024-09-09,5323
1449,佳和,6,0,6,高橋-內壢,2024-09-09,5323
2609,陽明,6,0,6,高橋-內壢,2024-09-09,5323
2881,富邦金,6,0,6,高橋-內壢,2024-09-09,5323
5434,崇越,6,0,6,高橋-內壢,2024-09-09,5323
5439,高技,6,0,6,高橋-內壢,2024-09-09,5323
6143,振曜,6,0,6,高橋-內壢,2024-09-09,5323
2303,聯電,5,0,5,高橋-內壢,2024-09-09,5323
00935,野村臺灣新科技50,10,5,5,高橋-內壢,2024-09-09,5323
5347,世界,5,0,5,高橋-內壢,2024-09-09,5323
2883,凱基金,140,0,140,高橋-內壢,2024-09-10,5323
00919,群益台灣精選高息,118,8,110,高橋-內壢,2024-09-10,5323
00929,復華台灣科技優息,70,5,65,高橋-內壢,2024-09-10,5323
00932,兆豐永續高息等權,49,5,44,高橋-內壢,2024-09-10,5323
2382,廣達,39,8,31,高橋-內壢,2024-09-10,5323
00940,元大台灣價值高息,30,0,30,高橋-內壢,2024-09-10,5323
00943,兆豐電子高息等權,24,0,24,高橋-內壢,2024-09-10,5323
00878,國泰永續高股息,21,0,21,高橋-內壢,2024-09-10,5323
00918,大華優利高填息30,22,1,21,高橋-內壢,2024-09-10,5323
00857B,永豐20年美公債,20,0,20,高橋-內壢,2024-09-10,5323
00687B,國泰20年美債,20,0,20,高橋-內壢,2024-09-10,5323
1710,東聯,20,0,20,高橋-內壢,2024-09-10,5323
6405,悅城,21,1,20,高橋-內壢,2024-09-10,5323
2317,鴻海,22,5,17,高橋-內壢,2024-09-10,5323
3323,加百裕,15,0,15,高橋-內壢,2024-09-10,5323
00937B,群益ESG投等債20,13,0,13,高橋-內壢,2024-09-10,5323
5434,崇越,12,0,12,高橋-內壢,2024-09-10,5323
6188,廣明,12,0,12,高橋-內壢,2024-09-10,5323
4956,光鋐,11,0,11,高橋-內壢,2024-09-10,5323
6274,台燿,12,1,11,高橋-內壢,2024-09-10,5323
2101,南港,10,0,10,高橋-內壢,2024-09-10,5323
2349,錸德,11,1,10,高橋-內壢,2024-09-10,5323
3149,正達,10,0,10,高橋-內壢,2024-09-10,5323
3492,長盛,10,0,10,高橋-內壢,2024-09-10,5323
6532,瑞耘,10,1,9,高橋-內壢,2024-09-10,5323
2303,聯電,8,0,8,高橋-內壢,2024-09-10,5323
2323,中環,10,2,8,高橋-內壢,2024-09-10,5323
3055,蔚華科,8,0,8,高橋-內壢,2024-09-10,5323
00927,群益半導體收益,7,0,7,高橋-內壢,2024-09-10,5323
2354,鴻準,7,0,7,高橋-內壢,2024-09-10,5323
2449,京元電子,8,1,7,高橋-內壢,2024-09-10,5323
5460,同協,12,5,7,高橋-內壢,2024-09-10,5323
8150,南茂,7,0,7,高橋-內壢,2024-09-10,5323
1609,大亞,8,2,6,高橋-內壢,2024-09-10,5323
0056,元大高股息,6,0,6,高橋-內壢,2024-09-10,5323
00675L,富邦臺灣加權正2,6,0,6,高橋-內壢,2024-09-10,5323
2365,昆盈,8,2,6,高橋-內壢,2024-09-10,5323
3702,大聯大,6,0,6,高橋-內壢,2024-09-10,5323
5439,高技,6,0,6,高橋-內壢,2024-09-10,5323
5443,均豪,11,5,6,高橋-內壢,2024-09-10,5323
6284,佳邦,6,0,6,高橋-內壢,2024-09-10,5323
8358,金居,6,0,6,高橋-內壢,2024-09-10,5323
1301,台塑,6,1,5,高橋-內壢,2024-09-10,5323
00679B,元大美債20年,5,0,5,高橋-內壢,2024-09-10,5323
00891,中信關鍵半導體,5,0,5,高橋-內壢,2024-09-10,5323
00907,永豐優息存股,6,1,5,高橋-內壢,2024-09-10,5323
00930,永豐ESG低碳高息,5,0,5,高橋-內壢,2024-09-10,5323
1615,大山,5,0,5,高橋-內壢,2024-09-10,5323
2353,宏��,5,0,5,高橋-內壢,2024-09-10,5323
2537,聯上發,6,1,5,高橋-內壢,2024-09-10,5323
00687B,國泰20年美債,146,0,146,高橋-內壢,2024-09-11,5323
1101,台泥,103,0,103,高橋-內壢,2024-09-11,5323
2103,台橡,64,0,64,高橋-內壢,2024-09-11,5323
00929,復華台灣科技優息,68,5,63,高橋-內壢,2024-09-11,5323
2883,凱基金,56,0,56,高橋-內壢,2024-09-11,5323
3047,訊舟,57,4,53,高橋-內壢,2024-09-11,5323
00943,兆豐電子高息等權,48,0,48,高橋-內壢,2024-09-11,5323
5608,四維航,45,0,45,高橋-內壢,2024-09-11,5323
00937B,群益ESG投等債20,33,1,32,高橋-內壢,2024-09-11,5323
00932,兆豐永續高息等權,30,0,30,高橋-內壢,2024-09-11,5323
2305,全友,30,0,30,高橋-內壢,2024-09-11,5323
2891,中信金,29,0,29,高橋-內壢,2024-09-11,5323
8070,長華*,29,1,28,高橋-內壢,2024-09-11,5323
00919,群益台灣精選高息,26,3,23,高橋-內壢,2024-09-11,5323
2002,中鋼,30,11,19,高橋-內壢,2024-09-11,5323
00921,兆豐龍頭等權重,16,0,16,高橋-內壢,2024-09-11,5323
2618,長榮航,21,5,16,高橋-內壢,2024-09-11,5323
6770,力積電,15,0,15,高橋-內壢,2024-09-11,5323
2485,兆赫,17,5,12,高橋-內壢,2024-09-11,5323
2882,國泰金,11,0,11,高橋-內壢,2024-09-11,5323
00940,元大台灣價值高息,11,0,11,高橋-內壢,2024-09-11,5323
00680L,元大美債20正2,17,6,11,高橋-內壢,2024-09-11,5323
00715L,期街口布蘭特正2,20,10,10,高橋-內壢,2024-09-11,5323
1522,堤維西,10,0,10,高橋-內壢,2024-09-11,5323
1710,東聯,10,0,10,高橋-內壢,2024-09-11,5323
2353,宏��,10,0,10,高橋-內壢,2024-09-11,5323
2885,元大金,10,0,10,高橋-內壢,2024-09-11,5323
6191,精成科,10,0,10,高橋-內壢,2024-09-11,5323
00918,大華優利高填息30,13,5,8,高橋-內壢,2024-09-11,5323
1503,士電,12,4,8,高橋-內壢,2024-09-11,5323
3149,正達,10,2,8,高橋-內壢,2024-09-11,5323
4566,時碩工業,8,1,7,高橋-內壢,2024-09-11,5323
4956,光鋐,7,0,7,高橋-內壢,2024-09-11,5323
5483,中美晶,6,0,6,高橋-內壢,2024-09-11,5323
00915,凱基優選高股息30,5,0,5,高橋-內壢,2024-09-11,5323
00927,群益半導體收益,6,1,5,高橋-內壢,2024-09-11,5323
00878,國泰永續高股息,5,0,5,高橋-內壢,2024-09-11,5323
2402,毅嘉,5,0,5,高橋-內壢,2024-09-11,5323
2455,全新,5,0,5,高橋-內壢,2024-09-11,5323
2601,益航,5,0,5,高橋-內壢,2024-09-11,5323
6658,聯策,5,0,5,高橋-內壢,2024-09-11,5323
6743,安普新,5,0,5,高橋-內壢,2024-09-11,5323
00935,野村臺灣新科技50,4,0,4,高橋-內壢,2024-09-11,5323
00712,復華富時不動產,4,0,4,高橋-內壢,2024-09-11,5323
00688L,國泰20年美債正2,4,0,4,高橋-內壢,2024-09-11,5323
1514,亞力,14,10,4,高橋-內壢,2024-09-11,5323
2645,長榮航太,4,0,4,高橋-內壢,2024-09-11,5323
5460,同協,6,2,4,高橋-內壢,2024-09-11,5323
6152,百一,5,1,4,高橋-內壢,2024-09-11,5323
2542,興富發,5,2,3,高橋-內壢,2024-09-11,5323
00919,群益台灣精選高息,81,5,76,高橋-內壢,2024-09-12,5323
00687B,國泰20年美債,75,17,58,高橋-內壢,2024-09-12,5323
00918,大華優利高填息30,61,16,45,高橋-內壢,2024-09-12,5323
00948B,中信優息投資級債,30,0,30,高橋-內壢,2024-09-12,5323
00680L,元大美債20正2,27,0,27,高橋-內壢,2024-09-12,5323
2537,聯上發,22,2,20,高橋-內壢,2024-09-12,5323
00688L,國泰20年美債正2,21,1,20,高橋-內壢,2024-09-12,5323
6191,精成科,17,0,17,高橋-內壢,2024-09-12,5323
2887,台新金,17,1,16,高橋-內壢,2024-09-12,5323
2426,鼎元,16,1,15,高橋-內壢,2024-09-12,5323
00878,國泰永續高股息,14,0,14,高橋-內壢,2024-09-12,5323
5302,太欣,14,0,14,高橋-內壢,2024-09-12,5323
6188,廣明,14,0,14,高橋-內壢,2024-09-12,5323
00943,兆豐電子高息等權,20,10,10,高橋-內壢,2024-09-12,5323
00642U,期元大S＆P石油,10,0,10,高橋-內壢,2024-09-12,5323
00632R,元大台灣50反1,10,0,10,高橋-內壢,2024-09-12,5323
3710,連展投控,10,0,10,高橋-內壢,2024-09-12,5323
4977,眾達-KY,11,1,10,高橋-內壢,2024-09-12,5323
6743,安普新,10,0,10,高橋-內壢,2024-09-12,5323
8039,台虹,10,0,10,高橋-內壢,2024-09-12,5323
2438,翔耀,9,0,9,高橋-內壢,2024-09-12,5323
3217,優群,9,0,9,高橋-內壢,2024-09-12,5323
4967,十銓,9,0,9,高橋-內壢,2024-09-12,5323
00900,富邦特選高股息30,10,2,8,高橋-內壢,2024-09-12,5323
00712,復華富時不動產,8,0,8,高橋-內壢,2024-09-12,5323
1718,中纖,8,0,8,高橋-內壢,2024-09-12,5323
4114,健喬,8,0,8,高橋-內壢,2024-09-12,5323
2313,華通,11,4,7,高橋-內壢,2024-09-12,5323
6026,福邦證,7,0,7,高橋-內壢,2024-09-12,5323
00675L,富邦臺灣加權正2,6,0,6,高橋-內壢,2024-09-12,5323
00850,元大臺灣ESG永續,6,0,6,高橋-內壢,2024-09-12,5323
1446,宏和,6,0,6,高橋-內壢,2024-09-12,5323
1584,精剛,6,0,6,高橋-內壢,2024-09-12,5323
2449,京元電子,15,9,6,高橋-內壢,2024-09-12,5323
2891,中信金,6,0,6,高橋-內壢,2024-09-12,5323
6271,同欣電,6,0,6,高橋-內壢,2024-09-12,5323
2867,三商壽,5,0,5,高橋-內壢,2024-09-12,5323
00907,永豐優息存股,5,0,5,高橋-內壢,2024-09-12,5323
00931B,統一美債20年,11,6,5,高橋-內壢,2024-09-12,5323
1710,東聯,5,0,5,高橋-內壢,2024-09-12,5323
4958,臻鼎-KY,5,0,5,高橋-內壢,2024-09-12,5323
6156,松上,5,0,5,高橋-內壢,2024-09-12,5323
9105,泰金寶-DR,10,5,5,高橋-內壢,2024-09-12,5323
9945,潤泰新,5,0,5,高橋-內壢,2024-09-12,5323
2489,瑞軒,4,0,4,高橋-內壢,2024-09-12,5323
3232,昱捷,4,0,4,高橋-內壢,2024-09-12,5323
6143,振曜,6,2,4,高橋-內壢,2024-09-12,5323
1301,台塑,9,6,3,高橋-內壢,2024-09-12,5323
00952,凱基台灣AI50,3,0,3,高橋-內壢,2024-09-12,5323
2323,中環,4,1,3,高橋-內壢,2024-09-12,5323
2845,遠東銀,301,0,301,高橋-內壢,2024-09-13,5323
1815,富喬,49,1,48,高橋-內壢,2024-09-13,5323
8039,台虹,36,1,35,高橋-內壢,2024-09-13,5323
00919,群益台灣精選高息,124,97,27,高橋-內壢,2024-09-13,5323
6505,台塑化,27,0,27,高橋-內壢,2024-09-13,5323
2353,宏��,23,0,23,高橋-內壢,2024-09-13,5323
2801,彰銀,20,0,20,高橋-內壢,2024-09-13,5323
2867,三商壽,20,0,20,高橋-內壢,2024-09-13,5323
00687B,國泰20年美債,24,4,20,高橋-內壢,2024-09-13,5323
4909,新復興,22,4,18,高橋-內壢,2024-09-13,5323
00929,復華台灣科技優息,17,0,17,高橋-內壢,2024-09-13,5323
00946,群益科技高息成長,17,0,17,高橋-內壢,2024-09-13,5323
00878,國泰永續高股息,13,0,13,高橋-內壢,2024-09-13,5323
0050,元大台灣50,13,0,13,高橋-內壢,2024-09-13,5323
00927,群益半導體收益,12,0,12,高橋-內壢,2024-09-13,5323
2392,正崴,11,0,11,高橋-內壢,2024-09-13,5323
00669R,國泰美國道瓊反1,10,0,10,高橋-內壢,2024-09-13,5323
2371,大同,12,2,10,高橋-內壢,2024-09-13,5323
2539,櫻花建,10,0,10,高橋-內壢,2024-09-13,5323
2743,山富,10,0,10,高橋-內壢,2024-09-13,5323
3033,威健,10,0,10,高橋-內壢,2024-09-13,5323
4142,國光生,10,0,10,高橋-內壢,2024-09-13,5323
6215,和椿,10,0,10,高橋-內壢,2024-09-13,5323
6603,富強鑫,10,0,10,高橋-內壢,2024-09-13,5323
8064,東捷,16,6,10,高橋-內壢,2024-09-13,5323
8111,立��,10,0,10,高橋-內壢,2024-09-13,5323
2382,廣達,15,6,9,高橋-內壢,2024-09-13,5323
00915,凱基優選高股息30,8,0,8,高橋-內壢,2024-09-13,5323
00918,大華優利高填息30,10,3,7,高橋-內壢,2024-09-13,5323
2888,新光金,41,34,7,高橋-內壢,2024-09-13,5323
3312,弘憶股,8,1,7,高橋-內壢,2024-09-13,5323
3663,鑫科,9,2,7,高橋-內壢,2024-09-13,5323
4510,高鋒,12,5,7,高橋-內壢,2024-09-13,5323
00679B,元大美債20年,11,5,6,高橋-內壢,2024-09-13,5323
00921,兆豐龍頭等權重,6,0,6,高橋-內壢,2024-09-13,5323
2313,華通,7,1,6,高橋-內壢,2024-09-13,5323
6152,百一,8,2,6,高橋-內壢,2024-09-13,5323
1540,喬福,11,5,6,高橋-內壢,2024-09-13,5323
3481,群創,6,1,5,高橋-內壢,2024-09-13,5323
1309,台達化,6,1,5,高橋-內壢,2024-09-13,5323
1710,東聯,5,0,5,高橋-內壢,2024-09-13,5323
2027,大成鋼,5,0,5,高橋-內壢,2024-09-13,5323
2449,京元電子,8,3,5,高橋-內壢,2024-09-13,5323
3416,融程電,5,0,5,高橋-內壢,2024-09-13,5323
4420,光明,5,0,5,高橋-內壢,2024-09-13,5323
1438,三地開發,4,0,4,高橋-內壢,2024-09-13,5323
00642U,期元大S＆P石油,4,0,4,高橋-內壢,2024-09-13,5323
00930,永豐ESG低碳高息,4,0,4,高橋-內壢,2024-09-13,5323
2486,一詮,4,0,4,高橋-內壢,2024-09-13,5323
5460,同協,5,1,4,高橋-內壢,2024-09-13,5323
00687B,國泰20年美債,524,2,522,高橋-內壢,2024-09-16,5323
00937B,群益ESG投等債20,207,75,132,高橋-內壢,2024-09-16,5323
00919,群益台灣精選高息,113,0,113,高橋-內壢,2024-09-16,5323
3149,正達,107,1,106,高橋-內壢,2024-09-16,5323
00673R,期元大S＆P原油反1,56,0,56,高橋-內壢,2024-09-16,5323
00795B,中信美國公債20年,51,0,51,高橋-內壢,2024-09-16,5323
2845,遠東銀,33,0,33,高橋-內壢,2024-09-16,5323
3360,尚立,25,0,25,高橋-內壢,2024-09-16,5323
00918,大華優利高填息30,23,0,23,高橋-內壢,2024-09-16,5323
1710,東聯,21,0,21,高橋-內壢,2024-09-16,5323
1301,台塑,22,2,20,高橋-內壢,2024-09-16,5323
00948B,中信優息投資級債,27,10,17,高橋-內壢,2024-09-16,5323
5439,高技,18,1,17,高橋-內壢,2024-09-16,5323
6405,悅城,18,2,16,高橋-內壢,2024-09-16,5323
5905,南仁湖,20,4,16,高橋-內壢,2024-09-16,5323
6152,百一,13,0,13,高橋-內壢,2024-09-16,5323
00713,元大台灣高息低波,13,0,13,高橋-內壢,2024-09-16,5323
1303,南亞,11,0,11,高橋-內壢,2024-09-16,5323
00669R,國泰美國道瓊反1,10,0,10,高橋-內壢,2024-09-16,5323
00632R,元大台灣50反1,10,0,10,高橋-內壢,2024-09-16,5323
00915,凱基優選高股息30,10,0,10,高橋-內壢,2024-09-16,5323
00945B,凱基美國非投等債,10,0,10,高橋-內壢,2024-09-16,5323
00943,兆豐電子高息等權,10,0,10,高橋-內壢,2024-09-16,5323
00930,永豐ESG低碳高息,11,1,10,高橋-內壢,2024-09-16,5323
2516,新建,10,0,10,高橋-內壢,2024-09-16,5323
3040,遠見,10,0,10,高橋-內壢,2024-09-16,5323
4526,東台,13,3,10,高橋-內壢,2024-09-16,5323
1584,精剛,8,0,8,高橋-內壢,2024-09-16,5323
2002,中鋼,8,1,7,高橋-內壢,2024-09-16,5323
2344,華邦電,7,0,7,高橋-內壢,2024-09-16,5323
00715L,期街口布蘭特正2,6,0,6,高橋-內壢,2024-09-16,5323
00907,永豐優息存股,6,0,6,高橋-內壢,2024-09-16,5323
2353,宏��,6,0,6,高橋-內壢,2024-09-16,5323
3535,晶彩科,6,0,6,高橋-內壢,2024-09-16,5323
4979,華星光,6,0,6,高橋-內壢,2024-09-16,5323
6191,精成科,6,0,6,高橋-內壢,2024-09-16,5323
1457,宜進,5,0,5,高橋-內壢,2024-09-16,5323
1453,大將,5,0,5,高橋-內壢,2024-09-16,5323
2103,台橡,5,0,5,高橋-內壢,2024-09-16,5323
2486,一詮,5,0,5,高橋-內壢,2024-09-16,5323
2537,聯上發,5,0,5,高橋-內壢,2024-09-16,5323
2607,榮運,5,0,5,高橋-內壢,2024-09-16,5323
3312,弘憶股,6,1,5,高橋-內壢,2024-09-16,5323
6770,力積電,5,0,5,高橋-內壢,2024-09-16,5323
8081,致新,5,0,5,高橋-內壢,2024-09-16,5323
2402,毅嘉,10,6,4,高橋-內壢,2024-09-16,5323
2464,盟立,4,0,4,高橋-內壢,2024-09-16,5323
3019,亞光,5,1,4,高橋-內壢,2024-09-16,5323
4903,聯光通,4,0,4,高橋-內壢,2024-09-16,5323
6869,雲豹能源,7,3,4,高橋-內壢,2024-09-16,5323
00929,復華台灣科技優息,147,4,143,高橋-內壢,2024-09-18,5323
5905,南仁湖,80,0,80,高橋-內壢,2024-09-18,5323
00919,群益台灣精選高息,82,21,61,高橋-內壢,2024-09-18,5323
00954,中信日本半導體,50,0,50,高橋-內壢,2024-09-18,5323
2014,中鴻,50,0,50,高橋-內壢,2024-09-18,5323
00915,凱基優選高股息30,42,0,42,高橋-內壢,2024-09-18,5323
1710,東聯,41,0,41,高橋-內壢,2024-09-18,5323
2888,新光金,59,19,40,高橋-內壢,2024-09-18,5323
2317,鴻海,40,1,39,高橋-內壢,2024-09-18,5323
2887,台新金,37,2,35,高橋-內壢,2024-09-18,5323
2515,中工,31,0,31,高橋-內壢,2024-09-18,5323
00936,台新永續高息中小,30,0,30,高橋-內壢,2024-09-18,5323
2344,華邦電,28,0,28,高橋-內壢,2024-09-18,5323
00943,兆豐電子高息等權,22,0,22,高橋-內壢,2024-09-18,5323
00878,國泰永續高股息,21,0,21,高橋-內壢,2024-09-18,5323
00921,兆豐龍頭等權重,21,0,21,高橋-內壢,2024-09-18,5323
2313,華通,21,3,18,高橋-內壢,2024-09-18,5323
1727,中華化,32,16,16,高橋-內壢,2024-09-18,5323
4510,高鋒,20,6,14,高橋-內壢,2024-09-18,5323
00946,群益科技高息成長,13,0,13,高橋-內壢,2024-09-18,5323
00932,兆豐永續高息等權,12,0,12,高橋-內壢,2024-09-18,5323
00959B,大華投等美債15Y+,10,0,10,高橋-內壢,2024-09-18,5323
00945B,凱基美國非投等債,10,0,10,高橋-內壢,2024-09-18,5323
00934,中信成長高股息,10,0,10,高橋-內壢,2024-09-18,5323
00669R,國泰美國道瓊反1,10,0,10,高橋-內壢,2024-09-18,5323
2201,裕隆,10,0,10,高橋-內壢,2024-09-18,5323
3038,全台,10,0,10,高橋-內壢,2024-09-18,5323
3230,錦明,10,0,10,高橋-內壢,2024-09-18,5323
6658,聯策,11,1,10,高橋-內壢,2024-09-18,5323
8107,大億金茂,10,0,10,高橋-內壢,2024-09-18,5323
0056,元大高股息,9,0,9,高橋-內壢,2024-09-18,5323
2349,錸德,11,2,9,高橋-內壢,2024-09-18,5323
4903,聯光通,9,0,9,高橋-內壢,2024-09-18,5323
5347,世界,9,0,9,高橋-內壢,2024-09-18,5323
3232,昱捷,8,0,8,高橋-內壢,2024-09-18,5323
8110,華東,8,0,8,高橋-內壢,2024-09-18,5323
2892,第一金,8,0,8,高橋-內壢,2024-09-18,5323
6416,瑞祺電通,7,0,7,高橋-內壢,2024-09-18,5323
8028,昇陽半導體,7,0,7,高橋-內壢,2024-09-18,5323
2834,臺企銀,6,0,6,高橋-內壢,2024-09-18,5323
00918,大華優利高填息30,12,6,6,高橋-內壢,2024-09-18,5323
00927,群益半導體收益,6,0,6,高橋-內壢,2024-09-18,5323
1709,和益,7,1,6,高橋-內壢,2024-09-18,5323
2431,聯昌,7,1,6,高橋-內壢,2024-09-18,5323
2488,漢平,6,0,6,高橋-內壢,2024-09-18,5323
4714,永捷,6,0,6,高橋-內壢,2024-09-18,5323
00713,元大台灣高息低波,6,0,6,高橋-內壢,2024-09-18,5323
2392,正崴,5,0,5,高橋-內壢,2024-09-18,5323
00930,永豐ESG低碳高息,5,0,5,高橋-內壢,2024-09-18,5323
00923,群益台ESG低碳50,5,0,5,高橋-內壢,2024-09-18,5323
00715L,期街口布蘭特正2,207,0,207,高橋-內壢,2024-09-19,5323
2888,新光金,55,5,50,高橋-內壢,2024-09-19,5323
00687B,國泰20年美債,42,0,42,高橋-內壢,2024-09-19,5323
00919,群益台灣精選高息,58,17,41,高橋-內壢,2024-09-19,5323
00929,復華台灣科技優息,54,13,41,高橋-內壢,2024-09-19,5323
2344,華邦電,40,0,40,高橋-內壢,2024-09-19,5323
00680L,元大美債20正2,62,25,37,高橋-內壢,2024-09-19,5323
00679B,元大美債20年,34,1,33,高橋-內壢,2024-09-19,5323
00878,國泰永續高股息,33,0,33,高橋-內壢,2024-09-19,5323
3049,精金,31,0,31,高橋-內壢,2024-09-19,5323
00795B,中信美國公債20年,20,0,20,高橋-內壢,2024-09-19,5323
00669R,國泰美國道瓊反1,20,0,20,高橋-內壢,2024-09-19,5323
00665L,富邦�琤肭磪囓�2,20,0,20,高橋-內壢,2024-09-19,5323
6133,金橋,19,0,19,高橋-內壢,2024-09-19,5323
00958B,永豐ESG銀行債15,16,0,16,高橋-內壢,2024-09-19,5323
6215,和椿,14,0,14,高橋-內壢,2024-09-19,5323
6288,聯嘉,12,0,12,高橋-內壢,2024-09-19,5323
00937B,群益ESG投等債20,13,2,11,高橋-內壢,2024-09-19,5323
00632R,元大台灣50反1,10,0,10,高橋-內壢,2024-09-19,5323
00891,中信關鍵半導體,10,0,10,高橋-內壢,2024-09-19,5323
4401,東隆興,10,0,10,高橋-內壢,2024-09-19,5323
6788,華景電,10,0,10,高橋-內壢,2024-09-19,5323
1513,中興電,10,1,9,高橋-內壢,2024-09-19,5323
1584,精剛,9,0,9,高橋-內壢,2024-09-19,5323
2455,全新,10,1,9,高橋-內壢,2024-09-19,5323
3230,錦明,10,1,9,高橋-內壢,2024-09-19,5323
00881,國泰台灣5G+,11,3,8,高橋-內壢,2024-09-19,5323
4716,大立,9,1,8,高橋-內壢,2024-09-19,5323
4956,光鋐,8,0,8,高橋-內壢,2024-09-19,5323
00930,永豐ESG低碳高息,9,2,7,高橋-內壢,2024-09-19,5323
00915,凱基優選高股息30,16,10,6,高橋-內壢,2024-09-19,5323
00931B,統一美債20年,5,0,5,高橋-內壢,2024-09-19,5323
00857B,永豐20年美公債,5,0,5,高橋-內壢,2024-09-19,5323
1316,上曜,5,0,5,高橋-內壢,2024-09-19,5323
2033,佳大,10,5,5,高橋-內壢,2024-09-19,5323
3498,陽程,5,0,5,高橋-內壢,2024-09-19,5323
5460,同協,11,6,5,高橋-內壢,2024-09-19,5323
6151,晉倫,5,0,5,高橋-內壢,2024-09-19,5323
8390,金益鼎,5,0,5,高橋-內壢,2024-09-19,5323
2317,鴻海,19,14,5,高橋-內壢,2024-09-19,5323
2313,華通,4,0,4,高橋-內壢,2024-09-19,5323
2498,宏達電,4,0,4,高橋-內壢,2024-09-19,5323
2537,聯上發,6,2,4,高橋-內壢,2024-09-19,5323
5392,能率,6,2,4,高橋-內壢,2024-09-19,5323
5452,佶優,4,0,4,高橋-內壢,2024-09-19,5323
3481,群創,11,8,3,高橋-內壢,2024-09-19,5323
3047,訊舟,5,2,3,高橋-內壢,2024-09-19,5323
0056,元大高股息,3,0,3,高橋-內壢,2024-09-19,5323
1718,中纖,3,0,3,高橋-內壢,2024-09-19,5323
2303,聯電,5,2,3,高橋-內壢,2024-09-19,5323
00940,元大台灣價值高息,103,9,94,高橋-內壢,2024-09-20,5323
00919,群益台灣精選高息,84,12,72,高橋-內壢,2024-09-20,5323
2609,陽明,61,1,60,高橋-內壢,2024-09-20,5323
2399,映泰,52,16,36,高橋-內壢,2024-09-20,5323
1449,佳和,32,0,32,高橋-內壢,2024-09-20,5323
5481,新華,24,0,24,高橋-內壢,2024-09-20,5323
5512,力麒,27,8,19,高橋-內壢,2024-09-20,5323
1718,中纖,17,0,17,高橋-內壢,2024-09-20,5323
00958B,永豐ESG銀行債15,15,0,15,高橋-內壢,2024-09-20,5323
00878,國泰永續高股息,14,0,14,高橋-內壢,2024-09-20,5323
2887,台新金,14,0,14,高橋-內壢,2024-09-20,5323
8028,昇陽半導體,14,0,14,高橋-內壢,2024-09-20,5323
2303,聯電,14,1,13,高橋-內壢,2024-09-20,5323
3049,精金,15,2,13,高橋-內壢,2024-09-20,5323
3189,景碩,12,0,12,高橋-內壢,2024-09-20,5323
00907,永豐優息存股,11,0,11,高橋-內壢,2024-09-20,5323
2542,興富發,11,0,11,高橋-內壢,2024-09-20,5323
4526,東台,13,2,11,高橋-內壢,2024-09-20,5323
00900,富邦特選高股息30,10,0,10,高橋-內壢,2024-09-20,5323
00632R,元大台灣50反1,10,0,10,高橋-內壢,2024-09-20,5323
00669R,國泰美國道瓊反1,10,0,10,高橋-內壢,2024-09-20,5323
00948B,中信優息投資級債,10,0,10,高橋-內壢,2024-09-20,5323
1314,中石化,10,0,10,高橋-內壢,2024-09-20,5323
1905,華紙,10,0,10,高橋-內壢,2024-09-20,5323
3511,矽瑪,15,5,10,高橋-內壢,2024-09-20,5323
6274,台燿,10,0,10,高橋-內壢,2024-09-20,5323
8050,廣積,10,0,10,高橋-內壢,2024-09-20,5323
1301,台塑,10,1,9,高橋-內壢,2024-09-20,5323
1309,台達化,9,0,9,高橋-內壢,2024-09-20,5323
2349,錸德,11,3,8,高橋-內壢,2024-09-20,5323
2390,云辰,8,0,8,高橋-內壢,2024-09-20,5323
4513,福裕,9,1,8,高橋-內壢,2024-09-20,5323
4534,慶騰,7,0,7,高橋-內壢,2024-09-20,5323
5236,凌陽創新,6,0,6,高橋-內壢,2024-09-20,5323
8070,長華*,10,4,6,高橋-內壢,2024-09-20,5323
2312,金寶,5,0,5,高橋-內壢,2024-09-20,5323
2362,藍天,5,0,5,高橋-內壢,2024-09-20,5323
2501,國建,5,0,5,高橋-內壢,2024-09-20,5323
3231,緯創,9,4,5,高橋-內壢,2024-09-20,5323
3312,弘憶股,6,1,5,高橋-內壢,2024-09-20,5323
3380,明泰,5,0,5,高橋-內壢,2024-09-20,5323
3702,大聯大,6,1,5,高橋-內壢,2024-09-20,5323
4743,合一,5,0,5,高橋-內壢,2024-09-20,5323
6244,茂迪,5,0,5,高橋-內壢,2024-09-20,5323
6788,華景電,5,0,5,高橋-內壢,2024-09-20,5323
8076,伍豐,5,0,5,高橋-內壢,2024-09-20,5323
00687B,國泰20年美債,14,10,4,高橋-內壢,2024-09-20,5323
00943,兆豐電子高息等權,4,0,4,高橋-內壢,2024-09-20,5323
00929,復華台灣科技優息,12,8,4,高橋-內壢,2024-09-20,5323
1303,南亞,5,1,4,高橋-內壢,2024-09-20,5323
00937B,群益ESG投等債20,122,5,117,高橋-內壢,2024-09-23,5323
2888,新光金,139,27,112,高橋-內壢,2024-09-23,5323
00958B,永豐ESG銀行債15,100,0,100,高橋-內壢,2024-09-23,5323
00687B,國泰20年美債,78,4,74,高橋-內壢,2024-09-23,5323
1449,佳和,71,0,71,高橋-內壢,2024-09-23,5323
6288,聯嘉,46,12,34,高橋-內壢,2024-09-23,5323
1721,三晃,38,12,26,高橋-內壢,2024-09-23,5323
1727,中華化,35,9,26,高橋-內壢,2024-09-23,5323
1711,永光,25,8,17,高橋-內壢,2024-09-23,5323
2101,南港,15,1,14,高橋-內壢,2024-09-23,5323
3588,通嘉,17,3,14,高橋-內壢,2024-09-23,5323
6548,長科*,16,3,13,高橋-內壢,2024-09-23,5323
2481,強茂,19,7,12,高橋-內壢,2024-09-23,5323
00900,富邦特選高股息30,11,0,11,高橋-內壢,2024-09-23,5323
00946,群益科技高息成長,10,0,10,高橋-內壢,2024-09-23,5323
1303,南亞,10,0,10,高橋-內壢,2024-09-23,5323
2867,三商壽,10,0,10,高橋-內壢,2024-09-23,5323
5512,力麒,14,4,10,高橋-內壢,2024-09-23,5323
6143,振曜,10,0,10,高橋-內壢,2024-09-23,5323
2515,中工,11,1,10,高橋-內壢,2024-09-23,5323
3031,佰鴻,10,1,9,高橋-內壢,2024-09-23,5323
4142,國光生,9,0,9,高橋-內壢,2024-09-23,5323
8028,昇陽半導體,10,1,9,高橋-內壢,2024-09-23,5323
8046,南電,10,1,9,高橋-內壢,2024-09-23,5323
6271,同欣電,9,1,8,高橋-內壢,2024-09-23,5323
1513,中興電,20,13,7,高橋-內壢,2024-09-23,5323
2887,台新金,7,0,7,高橋-內壢,2024-09-23,5323
4510,高鋒,8,1,7,高橋-內壢,2024-09-23,5323
0056,元大高股息,6,0,6,高橋-內壢,2024-09-23,5323
2301,光寶科,6,0,6,高橋-內壢,2024-09-23,5323
2495,普安,8,2,6,高橋-內壢,2024-09-23,5323
2889,國票金,6,0,6,高橋-內壢,2024-09-23,5323
5309,系統電,6,0,6,高橋-內壢,2024-09-23,5323
8110,華東,6,0,6,高橋-內壢,2024-09-23,5323
1514,亞力,17,11,6,高橋-內壢,2024-09-23,5323
00960,野村全球航運龍頭,5,0,5,高橋-內壢,2024-09-23,5323
2374,佳能,5,0,5,高橋-內壢,2024-09-23,5323
2431,聯昌,5,0,5,高橋-內壢,2024-09-23,5323
2809,京城銀,5,0,5,高橋-內壢,2024-09-23,5323
4401,東隆興,5,0,5,高橋-內壢,2024-09-23,5323
4526,東台,6,1,5,高橋-內壢,2024-09-23,5323
4534,慶騰,5,0,5,高橋-內壢,2024-09-23,5323
6133,金橋,5,0,5,高橋-內壢,2024-09-23,5323
6605,帝寶,5,0,5,高橋-內壢,2024-09-23,5323
8074,鉅橡,5,0,5,高橋-內壢,2024-09-23,5323
8390,金益鼎,5,0,5,高橋-內壢,2024-09-23,5323
1326,台化,4,0,4,高橋-內壢,2024-09-23,5323
2204,中華,4,0,4,高橋-內壢,2024-09-23,5323
2353,宏��,4,0,4,高橋-內壢,2024-09-23,5323
2464,盟立,7,3,4,高橋-內壢,2024-09-23,5323
2888,新光金,260,14,246,高橋-內壢,2024-09-24,5323
00665L,富邦�琤肭磪囓�2,104,5,99,高橋-內壢,2024-09-24,5323
2838,聯邦銀,100,2,98,高橋-內壢,2024-09-24,5323
00632R,元大台灣50反1,95,0,95,高橋-內壢,2024-09-24,5323
00929,復華台灣科技優息,68,0,68,高橋-內壢,2024-09-24,5323
1815,富喬,51,0,51,高橋-內壢,2024-09-24,5323
2891,中信金,47,0,47,高橋-內壢,2024-09-24,5323
1727,中華化,37,10,27,高橋-內壢,2024-09-24,5323
4906,正文,22,0,22,高橋-內壢,2024-09-24,5323
5905,南仁湖,22,0,22,高橋-內壢,2024-09-24,5323
00960,野村全球航運龍頭,19,0,19,高橋-內壢,2024-09-24,5323
1718,中纖,19,0,19,高橋-內壢,2024-09-24,5323
6188,廣明,18,1,17,高橋-內壢,2024-09-24,5323
2009,第一銅,16,0,16,高橋-內壢,2024-09-24,5323
6175,立敦,16,0,16,高橋-內壢,2024-09-24,5323
00946,群益科技高息成長,15,0,15,高橋-內壢,2024-09-24,5323
5371,中光電,16,1,15,高橋-內壢,2024-09-24,5323
2344,華邦電,13,0,13,高橋-內壢,2024-09-24,5323
2449,京元電子,13,0,13,高橋-內壢,2024-09-24,5323
6164,華興,13,0,13,高橋-內壢,2024-09-24,5323
2478,大毅,11,0,11,高橋-內壢,2024-09-24,5323
3149,正達,54,43,11,高橋-內壢,2024-09-24,5323
00650L,復華香港正2,30,20,10,高橋-內壢,2024-09-24,5323
00669R,國泰美國道瓊反1,10,0,10,高橋-內壢,2024-09-24,5323
1503,士電,10,0,10,高橋-內壢,2024-09-24,5323
1904,正隆,10,0,10,高橋-內壢,2024-09-24,5323
2313,華通,13,3,10,高橋-內壢,2024-09-24,5323
2605,新興,11,1,10,高橋-內壢,2024-09-24,5323
3167,大量,20,10,10,高橋-內壢,2024-09-24,5323
5512,力麒,10,0,10,高橋-內壢,2024-09-24,5323
6215,和椿,10,0,10,高橋-內壢,2024-09-24,5323
8028,昇陽半導體,10,0,10,高橋-內壢,2024-09-24,5323
9940,信義,10,0,10,高橋-內壢,2024-09-24,5323
0056,元大高股息,9,0,9,高橋-內壢,2024-09-24,5323
3066,李洲,14,5,9,高橋-內壢,2024-09-24,5323
3607,谷崧,9,0,9,高橋-內壢,2024-09-24,5323
8070,長華*,10,1,9,高橋-內壢,2024-09-24,5323
00918,大華優利高填息30,11,3,8,高橋-內壢,2024-09-24,5323
6177,達麗,8,0,8,高橋-內壢,2024-09-24,5323
00712,復華富時不動產,7,0,7,高橋-內壢,2024-09-24,5323
00947,台新臺灣IC設計,7,0,7,高橋-內壢,2024-09-24,5323
3615,安可,10,3,7,高橋-內壢,2024-09-24,5323
6416,瑞祺電通,7,0,7,高橋-內壢,2024-09-24,5323
8107,大億金茂,7,0,7,高橋-內壢,2024-09-24,5323
00934,中信成長高股息,6,0,6,高橋-內壢,2024-09-24,5323
00943,兆豐電子高息等權,6,0,6,高橋-內壢,2024-09-24,5323
2201,裕隆,6,0,6,高橋-內壢,2024-09-24,5323
6156,松上,6,0,6,高橋-內壢,2024-09-24,5323
6658,聯策,9,3,6,高橋-內壢,2024-09-24,5323
8050,廣積,6,0,6,高橋-內壢,2024-09-24,5323
2888,新光金,123,0,123,高橋-內壢,2024-09-25,5323
00687B,國泰20年美債,111,3,108,高橋-內壢,2024-09-25,5323
00958B,永豐ESG銀行債15,102,0,102,高橋-內壢,2024-09-25,5323
00907,永豐優息存股,60,0,60,高橋-內壢,2024-09-25,5323
3047,訊舟,131,71,60,高橋-內壢,2024-09-25,5323
00676R,富邦臺灣加權反1,50,0,50,高橋-內壢,2024-09-25,5323
2838,聯邦銀,50,0,50,高橋-內壢,2024-09-25,5323
3481,群創,46,6,40,高橋-內壢,2024-09-25,5323
8261,富鼎,26,0,26,高橋-內壢,2024-09-25,5323
00933B,國泰10Y+金融債,25,0,25,高橋-內壢,2024-09-25,5323
00632R,元大台灣50反1,25,0,25,高橋-內壢,2024-09-25,5323
1727,中華化,38,15,23,高橋-內壢,2024-09-25,5323
00720B,元大投資級公司債,20,0,20,高橋-內壢,2024-09-25,5323
00679B,元大美債20年,16,0,16,高橋-內壢,2024-09-25,5323
8033,雷虎,16,0,16,高橋-內壢,2024-09-25,5323
3374,精材,22,7,15,高橋-內壢,2024-09-25,5323
2313,華通,18,4,14,高橋-內壢,2024-09-25,5323
00930,永豐ESG低碳高息,20,6,14,高橋-內壢,2024-09-25,5323
3057,喬鼎,13,0,13,高橋-內壢,2024-09-25,5323
4128,中天,12,0,12,高橋-內壢,2024-09-25,5323
6235,華孚,12,0,12,高橋-內壢,2024-09-25,5323
3550,聯穎,14,3,11,高橋-內壢,2024-09-25,5323
00948B,中信優息投資級債,10,0,10,高橋-內壢,2024-09-25,5323
00918,大華優利高填息30,10,0,10,高橋-內壢,2024-09-25,5323
1733,五鼎,10,0,10,高橋-內壢,2024-09-25,5323
2495,普安,11,1,10,高橋-內壢,2024-09-25,5323
3062,建漢,13,3,10,高橋-內壢,2024-09-25,5323
5243,乙盛-KY,10,0,10,高橋-內壢,2024-09-25,5323
5512,力麒,10,0,10,高橋-內壢,2024-09-25,5323
6152,百一,10,0,10,高橋-內壢,2024-09-25,5323
2399,映泰,19,10,9,高橋-內壢,2024-09-25,5323
2449,京元電子,28,19,9,高橋-內壢,2024-09-25,5323
5272,笙科,9,0,9,高橋-內壢,2024-09-25,5323
8076,伍豐,14,5,9,高橋-內壢,2024-09-25,5323
00878,國泰永續高股息,12,3,9,高橋-內壢,2024-09-25,5323
3450,聯鈞,9,1,8,高橋-內壢,2024-09-25,5323
5314,世紀,8,0,8,高橋-內壢,2024-09-25,5323
00650L,復華香港正2,20,13,7,高橋-內壢,2024-09-25,5323
6923,中台,6,0,6,高橋-內壢,2024-09-25,5323
00940,元大台灣價值高息,6,1,5,高橋-內壢,2024-09-25,5323
1618,合機,6,1,5,高橋-內壢,2024-09-25,5323
2353,宏��,5,0,5,高橋-內壢,2024-09-25,5323
3209,全科,5,0,5,高橋-內壢,2024-09-25,5323
3227,原相,6,1,5,高橋-內壢,2024-09-25,5323
3535,晶彩科,7,2,5,高橋-內壢,2024-09-25,5323
9927,泰銘,5,0,5,高橋-內壢,2024-09-25,5323
1808,潤隆,5,0,5,高橋-內壢,2024-09-25,5323
00931B,統一美債20年,4,0,4,高橋-內壢,2024-09-25,5323
1303,南亞,5,1,4,高橋-內壢,2024-09-25,5323
2417,圓剛,4,0,4,高橋-內壢,2024-09-25,5323
00632R,元大台灣50反1,119,0,119,高橋-內壢,2024-09-26,5323
3715,定穎投控,81,27,54,高橋-內壢,2024-09-26,5323
00687B,國泰20年美債,42,1,41,高橋-內壢,2024-09-26,5323
00960,野村全球航運龍頭,39,0,39,高橋-內壢,2024-09-26,5323
4174,浩鼎,32,2,30,高橋-內壢,2024-09-26,5323
00918,大華優利高填息30,40,13,27,高橋-內壢,2024-09-26,5323
3260,威剛,29,3,26,高橋-內壢,2024-09-26,5323
00937B,群益ESG投等債20,23,0,23,高橋-內壢,2024-09-26,5323
00665L,富邦�琤肭磪囓�2,42,20,22,高橋-內壢,2024-09-26,5323
00669R,國泰美國道瓊反1,20,0,20,高橋-內壢,2024-09-26,5323
4716,大立,23,3,20,高橋-內壢,2024-09-26,5323
00680L,元大美債20正2,19,0,19,高橋-內壢,2024-09-26,5323
2891,中信金,38,19,19,高橋-內壢,2024-09-26,5323
2363,矽統,20,2,18,高橋-內壢,2024-09-26,5323
3006,晶豪科,19,5,14,高橋-內壢,2024-09-26,5323
00948B,中信優息投資級債,13,0,13,高橋-內壢,2024-09-26,5323
3019,亞光,14,2,12,高橋-內壢,2024-09-26,5323
3702,大聯大,12,0,12,高橋-內壢,2024-09-26,5323
2344,華邦電,28,17,11,高橋-內壢,2024-09-26,5323
2618,長榮航,11,0,11,高橋-內壢,2024-09-26,5323
00891,中信關鍵半導體,10,0,10,高橋-內壢,2024-09-26,5323
00945B,凱基美國非投等債,10,0,10,高橋-內壢,2024-09-26,5323
1314,中石化,10,0,10,高橋-內壢,2024-09-26,5323
2605,新興,18,8,10,高橋-內壢,2024-09-26,5323
4952,凌通,10,0,10,高橋-內壢,2024-09-26,5323
4967,十銓,14,4,10,高橋-內壢,2024-09-26,5323
3673,TPK-KY,9,0,9,高橋-內壢,2024-09-26,5323
6147,頎邦,10,1,9,高橋-內壢,2024-09-26,5323
8028,昇陽半導體,10,1,9,高橋-內壢,2024-09-26,5323
8039,台虹,15,6,9,高橋-內壢,2024-09-26,5323
00921,兆豐龍頭等權重,8,0,8,高橋-內壢,2024-09-26,5323
3057,喬鼎,8,0,8,高橋-內壢,2024-09-26,5323
00931B,統一美債20年,7,0,7,高橋-內壢,2024-09-26,5323
0056,元大高股息,7,0,7,高橋-內壢,2024-09-26,5323
6207,雷科,10,3,7,高橋-內壢,2024-09-26,5323
00679B,元大美債20年,36,30,6,高橋-內壢,2024-09-26,5323
6143,振曜,6,0,6,高橋-內壢,2024-09-26,5323
4513,福裕,6,1,5,高橋-內壢,2024-09-26,5323
00712,復華富時不動產,5,0,5,高橋-內壢,2024-09-26,5323
2362,藍天,7,2,5,高橋-內壢,2024-09-26,5323
3176,基亞,5,0,5,高橋-內壢,2024-09-26,5323
3312,弘憶股,5,0,5,高橋-內壢,2024-09-26,5323
6127,九豪,5,0,5,高橋-內壢,2024-09-26,5323
6215,和椿,6,1,5,高橋-內壢,2024-09-26,5323
6405,悅城,8,3,5,高橋-內壢,2024-09-26,5323
6603,富強鑫,7,2,5,高橋-內壢,2024-09-26,5323
912000,晨訊科-DR,5,0,5,高橋-內壢,2024-09-26,5323
1584,精剛,4,0,4,高橋-內壢,2024-09-26,5323
00637L,元大滬深300正2,4,0,4,高橋-內壢,2024-09-26,5323
2353,宏��,4,0,4,高橋-內壢,2024-09-26,5323
00632R,元大台灣50反1,370,0,370,高橋-內壢,2024-09-27,5323
00637L,元大滬深300正2,185,31,154,高橋-內壢,2024-09-27,5323
00954,中信日本半導體,100,0,100,高橋-內壢,2024-09-27,5323
00687B,國泰20年美債,89,20,69,高橋-內壢,2024-09-27,5323
3605,宏致,32,1,31,高橋-內壢,2024-09-27,5323
0056,元大高股息,31,0,31,高橋-內壢,2024-09-27,5323
00930,永豐ESG低碳高息,31,5,26,高橋-內壢,2024-09-27,5323
00937B,群益ESG投等債20,41,16,25,高橋-內壢,2024-09-27,5323
2891,中信金,26,1,25,高橋-內壢,2024-09-27,5323
00960,野村全球航運龍頭,25,1,24,高橋-內壢,2024-09-27,5323
00948B,中信優息投資級債,21,0,21,高橋-內壢,2024-09-27,5323
00953B,群益優選非投等債,21,0,21,高橋-內壢,2024-09-27,5323
00669R,國泰美國道瓊反1,20,0,20,高橋-內壢,2024-09-27,5323
2845,遠東銀,20,0,20,高橋-內壢,2024-09-27,5323
00919,群益台灣精選高息,20,2,18,高橋-內壢,2024-09-27,5323
1568,倉佑,15,0,15,高橋-內壢,2024-09-27,5323
00923,群益台ESG低碳50,14,0,14,高橋-內壢,2024-09-27,5323
1434,福懋,15,1,14,高橋-內壢,2024-09-27,5323
00943,兆豐電子高息等權,12,0,12,高橋-內壢,2024-09-27,5323
00958B,永豐ESG銀行債15,11,0,11,高橋-內壢,2024-09-27,5323
1304,台聚,10,0,10,高橋-內壢,2024-09-27,5323
2104,國際中橡,10,0,10,高橋-內壢,2024-09-27,5323
5272,笙科,10,0,10,高橋-內壢,2024-09-27,5323
6152,百一,10,0,10,高橋-內壢,2024-09-27,5323
6534,正瀚-創,10,0,10,高橋-內壢,2024-09-27,5323
00907,永豐優息存股,12,3,9,高橋-內壢,2024-09-27,5323
1540,喬福,32,23,9,高橋-內壢,2024-09-27,5323
2108,南帝,8,0,8,高橋-內壢,2024-09-27,5323
6770,力積電,30,22,8,高橋-內壢,2024-09-27,5323
2481,強茂,7,0,7,高橋-內壢,2024-09-27,5323
2367,燿華,7,0,7,高橋-內壢,2024-09-27,5323
4532,瑞智,7,0,7,高橋-內壢,2024-09-27,5323
00857B,永豐20年美公債,6,0,6,高橋-內壢,2024-09-27,5323
00929,復華台灣科技優息,12,6,6,高橋-內壢,2024-09-27,5323
6197,佳必琪,6,0,6,高橋-內壢,2024-09-27,5323
1312,國喬,6,0,6,高橋-內壢,2024-09-27,5323
3374,精材,8,3,5,高橋-內壢,2024-09-27,5323
00881,國泰台灣5G+,5,0,5,高橋-內壢,2024-09-27,5323
1314,中石化,5,0,5,高橋-內壢,2024-09-27,5323
1524,耿鼎,6,1,5,高橋-內壢,2024-09-27,5323
1732,毛寶,5,0,5,高橋-內壢,2024-09-27,5323
2313,華通,7,2,5,高橋-內壢,2024-09-27,5323
2338,光罩,6,1,5,高橋-內壢,2024-09-27,5323
2363,矽統,31,26,5,高橋-內壢,2024-09-27,5323
2388,威盛,5,0,5,高橋-內壢,2024-09-27,5323
3066,李洲,5,0,5,高橋-內壢,2024-09-27,5323
3227,原相,10,5,5,高橋-內壢,2024-09-27,5323
4906,正文,5,0,5,高橋-內壢,2024-09-27,5323
4933,友輝,5,0,5,高橋-內壢,2024-09-27,5323
5202,力新,5,0,5,高橋-內壢,2024-09-27,5323
00954,中信日本半導體,100,0,100,高橋-內壢,2024-09-30,5323
00929,復華台灣科技優息,130,53,77,高橋-內壢,2024-09-30,5323
00878,國泰永續高股息,73,10,63,高橋-內壢,2024-09-30,5323
00919,群益台灣精選高息,76,33,43,高橋-內壢,2024-09-30,5323
6443,元晶,42,4,38,高橋-內壢,2024-09-30,5323
00713,元大台灣高息低波,35,0,35,高橋-內壢,2024-09-30,5323
8028,昇陽半導體,31,0,31,高橋-內壢,2024-09-30,5323
0061,元大寶滬深,30,0,30,高橋-內壢,2024-09-30,5323
3303,岱稜,30,0,30,高橋-內壢,2024-09-30,5323
2605,新興,32,4,28,高橋-內壢,2024-09-30,5323
00946,群益科技高息成長,25,0,25,高橋-內壢,2024-09-30,5323
8111,立��,24,0,24,高橋-內壢,2024-09-30,5323
2603,長榮,30,7,23,高橋-內壢,2024-09-30,5323
00752,中信中國50,22,0,22,高橋-內壢,2024-09-30,5323
6175,立敦,19,0,19,高橋-內壢,2024-09-30,5323
00943,兆豐電子高息等權,15,0,15,高橋-內壢,2024-09-30,5323
00960,野村全球航運龍頭,19,4,15,高橋-內壢,2024-09-30,5323
2007,燁興,15,0,15,高橋-內壢,2024-09-30,5323
00918,大華優利高填息30,14,0,14,高橋-內壢,2024-09-30,5323
2030,彰源,15,1,14,高橋-內壢,2024-09-30,5323
0056,元大高股息,13,0,13,高橋-內壢,2024-09-30,5323
3711,日月光投控,12,0,12,高橋-內壢,2024-09-30,5323
00881,國泰台灣5G+,10,0,10,高橋-內壢,2024-09-30,5323
00669R,國泰美國道瓊反1,10,0,10,高橋-內壢,2024-09-30,5323
00937B,群益ESG投等債20,11,1,10,高橋-內壢,2024-09-30,5323
00934,中信成長高股息,10,0,10,高橋-內壢,2024-09-30,5323
00927,群益半導體收益,10,0,10,高橋-內壢,2024-09-30,5323
1718,中纖,10,0,10,高橋-內壢,2024-09-30,5323
2337,旺宏,10,0,10,高橋-內壢,2024-09-30,5323
6405,悅城,10,0,10,高橋-內壢,2024-09-30,5323
6530,創威,12,2,10,高橋-內壢,2024-09-30,5323
8039,台虹,10,0,10,高橋-內壢,2024-09-30,5323
1326,台化,12,3,9,高橋-內壢,2024-09-30,5323
1909,榮成,10,1,9,高橋-內壢,2024-09-30,5323
2344,華邦電,9,0,9,高橋-內壢,2024-09-30,5323
1340,勝悅-KY,12,5,7,高橋-內壢,2024-09-30,5323
2027,大成鋼,7,0,7,高橋-內壢,2024-09-30,5323
6550,北極星藥業-KY,7,0,7,高橋-內壢,2024-09-30,5323
2317,鴻海,17,10,7,高橋-內壢,2024-09-30,5323
2330,台積電,9,3,6,高橋-內壢,2024-09-30,5323
00923,群益台ESG低碳50,6,0,6,高橋-內壢,2024-09-30,5323
00795B,中信美國公債20年,6,0,6,高橋-內壢,2024-09-30,5323
00733,富邦臺灣中小,6,0,6,高橋-內壢,2024-09-30,5323
2313,華通,11,5,6,高橋-內壢,2024-09-30,5323
3296,勝德,6,0,6,高橋-內壢,2024-09-30,5323
3402,漢科,5,0,5,高橋-內壢,2024-09-30,5323
4714,永捷,5,0,5,高橋-內壢,2024-09-30,5323
00679B,元大美債20年,7,2,5,高橋-內壢,2024-09-30,5323
00688L,國泰20年美債正2,5,0,5,高橋-內壢,2024-09-30,5323
00650L,復華香港正2,30,25,5,高橋-內壢,2024-09-30,5323
00929,復華台灣科技優息,165,21,144,高橋-內壢,2024-10-01,5323
00937B,群益ESG投等債20,105,4,101,高橋-內壢,2024-10-01,5323
2888,新光金,66,10,56,高橋-內壢,2024-10-01,5323
2009,第一銅,52,1,51,高橋-內壢,2024-10-01,5323
9940,信義,49,0,49,高橋-內壢,2024-10-01,5323
00922,國泰台灣領袖50,46,0,46,高橋-內壢,2024-10-01,5323
00878,國泰永續高股息,45,0,45,高橋-內壢,2024-10-01,5323
8104,錸寶,35,0,35,高橋-內壢,2024-10-01,5323
2613,中櫃,33,2,31,高橋-內壢,2024-10-01,5323
1727,中華化,29,2,27,高橋-內壢,2024-10-01,5323
00665L,富邦�琤肭磪囓�2,31,6,25,高橋-內壢,2024-10-01,5323
00669R,國泰美國道瓊反1,20,0,20,高橋-內壢,2024-10-01,5323
00650L,復華香港正2,20,0,20,高橋-內壢,2024-10-01,5323
3576,聯合再生,34,14,20,高橋-內壢,2024-10-01,5323
5512,力麒,20,0,20,高橋-內壢,2024-10-01,5323
6770,力積電,20,0,20,高橋-內壢,2024-10-01,5323
9105,泰金寶-DR,21,3,18,高橋-內壢,2024-10-01,5323
3481,群創,17,1,16,高橋-內壢,2024-10-01,5323
6175,立敦,16,0,16,高橋-內壢,2024-10-01,5323
2867,三商壽,15,0,15,高橋-內壢,2024-10-01,5323
2383,台光電,18,5,13,高橋-內壢,2024-10-01,5323
5706,鳳凰,13,0,13,高橋-內壢,2024-10-01,5323
00940,元大台灣價值高息,13,1,12,高橋-內壢,2024-10-01,5323
2313,華通,20,8,12,高橋-內壢,2024-10-01,5323
6191,精成科,12,0,12,高橋-內壢,2024-10-01,5323
2332,友訊,11,0,11,高橋-內壢,2024-10-01,5323
2486,一詮,23,13,10,高橋-內壢,2024-10-01,5323
00881,國泰台灣5G+,10,0,10,高橋-內壢,2024-10-01,5323
1314,中石化,10,0,10,高橋-內壢,2024-10-01,5323
1718,中纖,10,0,10,高橋-內壢,2024-10-01,5323
2201,裕隆,10,0,10,高橋-內壢,2024-10-01,5323
2303,聯電,10,0,10,高橋-內壢,2024-10-01,5323
2515,中工,10,0,10,高橋-內壢,2024-10-01,5323
2884,玉山金,10,0,10,高橋-內壢,2024-10-01,5323
3167,大量,10,0,10,高橋-內壢,2024-10-01,5323
3176,基亞,10,0,10,高橋-內壢,2024-10-01,5323
3715,定穎投控,12,2,10,高橋-內壢,2024-10-01,5323
6248,沛波,10,0,10,高橋-內壢,2024-10-01,5323
9919,康那香,10,0,10,高橋-內壢,2024-10-01,5323
00753L,中信中國50正2,12,3,9,高橋-內壢,2024-10-01,5323
6451,訊芯-KY,10,1,9,高橋-內壢,2024-10-01,5323
4513,福裕,10,2,8,高橋-內壢,2024-10-01,5323
2464,盟立,7,0,7,高橋-內壢,2024-10-01,5323
2845,遠東銀,7,0,7,高橋-內壢,2024-10-01,5323
3019,亞光,7,0,7,高橋-內壢,2024-10-01,5323
2887,台新金,7,0,7,高橋-內壢,2024-10-01,5323
0056,元大高股息,12,5,7,高橋-內壢,2024-10-01,5323
1904,正隆,6,0,6,高橋-內壢,2024-10-01,5323
2883,凱基金,6,0,6,高橋-內壢,2024-10-01,5323
3005,神基,6,0,6,高橋-內壢,2024-10-01,5323
2601,益航,130,2,128,高橋-內壢,2024-10-04,5323
00922,國泰台灣領袖50,109,0,109,高橋-內壢,2024-10-04,5323
00673R,期元大S＆P原油反1,102,0,102,高橋-內壢,2024-10-04,5323
00929,復華台灣科技優息,89,6,83,高橋-內壢,2024-10-04,5323
00918,大華優利高填息30,63,0,63,高橋-內壢,2024-10-04,5323
2610,華航,67,9,58,高橋-內壢,2024-10-04,5323
0056,元大高股息,50,0,50,高橋-內壢,2024-10-04,5323
00687B,國泰20年美債,46,0,46,高橋-內壢,2024-10-04,5323
00919,群益台灣精選高息,50,10,40,高橋-內壢,2024-10-04,5323
2618,長榮航,40,4,36,高橋-內壢,2024-10-04,5323
8028,昇陽半導體,31,0,31,高橋-內壢,2024-10-04,5323
00632R,元大台灣50反1,30,0,30,高橋-內壢,2024-10-04,5323
6175,立敦,29,0,29,高橋-內壢,2024-10-04,5323
00643,群益深証中小,24,0,24,高橋-內壢,2024-10-04,5323
1310,台苯,21,0,21,高橋-內壢,2024-10-04,5323
2303,聯電,19,0,19,高橋-內壢,2024-10-04,5323
00878,國泰永續高股息,31,13,18,高橋-內壢,2024-10-04,5323
00940,元大台灣價值高息,33,15,18,高橋-內壢,2024-10-04,5323
00637L,元大滬深300正2,33,15,18,高橋-內壢,2024-10-04,5323
6274,台燿,17,1,16,高橋-內壢,2024-10-04,5323
2353,宏��,17,1,16,高橋-內壢,2024-10-04,5323
5439,高技,15,0,15,高橋-內壢,2024-10-04,5323
2313,華通,13,0,13,高橋-內壢,2024-10-04,5323
00713,元大台灣高息低波,12,0,12,高橋-內壢,2024-10-04,5323
2014,中鴻,68,56,12,高橋-內壢,2024-10-04,5323
2845,遠東銀,12,0,12,高橋-內壢,2024-10-04,5323
4979,華星光,14,2,12,高橋-內壢,2024-10-04,5323
5243,乙盛-KY,12,0,12,高橋-內壢,2024-10-04,5323
1513,中興電,11,0,11,高橋-內壢,2024-10-04,5323
3105,穩懋,11,0,11,高橋-內壢,2024-10-04,5323
9940,信義,11,0,11,高橋-內壢,2024-10-04,5323
00933B,國泰10Y+金融債,10,0,10,高橋-內壢,2024-10-04,5323
00725B,國泰投資級公司債,10,0,10,高橋-內壢,2024-10-04,5323
00712,復華富時不動產,10,0,10,高橋-內壢,2024-10-04,5323
1402,遠東新,10,0,10,高橋-內壢,2024-10-04,5323
2867,三商壽,10,0,10,高橋-內壢,2024-10-04,5323
3312,弘憶股,10,0,10,高橋-內壢,2024-10-04,5323
5512,力麒,10,0,10,高橋-內壢,2024-10-04,5323
6163,華電網,10,0,10,高橋-內壢,2024-10-04,5323
00946,群益科技高息成長,9,0,9,高橋-內壢,2024-10-04,5323
00679B,元大美債20年,9,0,9,高橋-內壢,2024-10-04,5323
8249,菱光,9,0,9,高橋-內壢,2024-10-04,5323
2615,萬海,9,1,8,高橋-內壢,2024-10-04,5323
2406,國碩,8,0,8,高橋-內壢,2024-10-04,5323
2439,美律,8,0,8,高橋-內壢,2024-10-04,5323
2382,廣達,7,0,7,高橋-內壢,2024-10-04,5323
2368,金像電,7,0,7,高橋-內壢,2024-10-04,5323
1584,精剛,6,0,6,高橋-內壢,2024-10-04,5323
8255,朋程,6,1,5,高橋-內壢,2024-10-04,5323
3293,鈊象,5,0,5,高橋-內壢,2024-10-04,5323
00632R,元大台灣50反1,110,0,110,高橋-內壢,2024-10-07,5323
2014,中鴻,99,5,94,高橋-內壢,2024-10-07,5323
00752,中信中國50,59,1,58,高橋-內壢,2024-10-07,5323
8104,錸寶,30,0,30,高橋-內壢,2024-10-07,5323
00753L,中信中國50正2,238,210,28,高橋-內壢,2024-10-07,5323
1727,中華化,37,10,27,高橋-內壢,2024-10-07,5323
00937B,群益ESG投等債20,31,5,26,高橋-內壢,2024-10-07,5323
00882,中信中國高股息,86,63,23,高橋-內壢,2024-10-07,5323
2515,中工,32,10,22,高橋-內壢,2024-10-07,5323
2489,瑞軒,27,5,22,高橋-內壢,2024-10-07,5323
00650L,復華香港正2,20,0,20,高橋-內壢,2024-10-07,5323
2405,輔信,20,0,20,高橋-內壢,2024-10-07,5323
00922,國泰台灣領袖50,18,0,18,高橋-內壢,2024-10-07,5323
00665L,富邦�琤肭磪囓�2,26,11,15,高橋-內壢,2024-10-07,5323
2231,為升,15,0,15,高橋-內壢,2024-10-07,5323
3545,敦泰,15,0,15,高橋-內壢,2024-10-07,5323
2845,遠東銀,14,0,14,高橋-內壢,2024-10-07,5323
00713,元大台灣高息低波,13,0,13,高橋-內壢,2024-10-07,5323
0056,元大高股息,36,23,13,高橋-內壢,2024-10-07,5323
2070,精湛,17,4,13,高橋-內壢,2024-10-07,5323
2317,鴻海,43,31,12,高橋-內壢,2024-10-07,5323
4523,永彰,12,0,12,高橋-內壢,2024-10-07,5323
1710,東聯,10,0,10,高橋-內壢,2024-10-07,5323
2108,南帝,10,0,10,高橋-內壢,2024-10-07,5323
2313,華通,14,4,10,高橋-內壢,2024-10-07,5323
3128,昇銳,10,0,10,高橋-內壢,2024-10-07,5323
3521,鴻翊,10,0,10,高橋-內壢,2024-10-07,5323
5434,崇越,10,0,10,高橋-內壢,2024-10-07,5323
5512,力麒,10,0,10,高橋-內壢,2024-10-07,5323
6505,台塑化,13,4,9,高橋-內壢,2024-10-07,5323
1402,遠東新,8,0,8,高橋-內壢,2024-10-07,5323
2887,台新金,8,0,8,高橋-內壢,2024-10-07,5323
3049,精金,14,6,8,高橋-內壢,2024-10-07,5323
00915,凱基優選高股息30,7,0,7,高橋-內壢,2024-10-07,5323
2356,英業達,9,2,7,高橋-內壢,2024-10-07,5323
2402,毅嘉,12,5,7,高橋-內壢,2024-10-07,5323
2498,宏達電,7,0,7,高橋-內壢,2024-10-07,5323
9105,泰金寶-DR,20,13,7,高橋-內壢,2024-10-07,5323
00639,富邦深100,6,0,6,高橋-內壢,2024-10-07,5323
00946,群益科技高息成長,6,0,6,高橋-內壢,2024-10-07,5323
3062,建漢,9,3,6,高橋-內壢,2024-10-07,5323
3163,波若威,10,4,6,高橋-內壢,2024-10-07,5323
3296,勝德,6,0,6,高橋-內壢,2024-10-07,5323
4915,致伸,6,0,6,高橋-內壢,2024-10-07,5323
00939,統一台灣高息動能,5,0,5,高橋-內壢,2024-10-07,5323
00720B,元大投資級公司債,5,0,5,高橋-內壢,2024-10-07,5323
1301,台塑,8,3,5,高橋-內壢,2024-10-07,5323
1595,川寶,5,0,5,高橋-內壢,2024-10-07,5323
1609,大亞,5,0,5,高橋-內壢,2024-10-07,5323
2208,台船,5,0,5,高橋-內壢,2024-10-07,5323
00882,中信中國高股息,166,69,97,高橋-內壢,2024-10-08,5323
00918,大華優利高填息30,65,0,65,高橋-內壢,2024-10-08,5323
1314,中石化,95,30,65,高橋-內壢,2024-10-08,5323
00637L,元大滬深300正2,56,0,56,高橋-內壢,2024-10-08,5323
00753L,中信中國50正2,50,1,49,高橋-內壢,2024-10-08,5323
0056,元大高股息,49,1,48,高橋-內壢,2024-10-08,5323
1727,中華化,38,0,38,高橋-內壢,2024-10-08,5323
2888,新光金,37,0,37,高橋-內壢,2024-10-08,5323
00948B,中信優息投資級債,32,0,32,高橋-內壢,2024-10-08,5323
6147,頎邦,30,0,30,高橋-內壢,2024-10-08,5323
6213,聯茂,24,0,24,高橋-內壢,2024-10-08,5323
2014,中鴻,22,0,22,高橋-內壢,2024-10-08,5323
00725B,國泰投資級公司債,21,0,21,高橋-內壢,2024-10-08,5323
00643,群益深証中小,20,0,20,高橋-內壢,2024-10-08,5323
00937B,群益ESG投等債20,32,12,20,高橋-內壢,2024-10-08,5323
2356,英業達,19,0,19,高橋-內壢,2024-10-08,5323
2609,陽明,23,4,19,高橋-內壢,2024-10-08,5323
3037,欣興,18,0,18,高橋-內壢,2024-10-08,5323
00940,元大台灣價值高息,19,1,18,高橋-內壢,2024-10-08,5323
00946,群益科技高息成長,19,1,18,高橋-內壢,2024-10-08,5323
3481,群創,18,1,17,高橋-內壢,2024-10-08,5323
00639,富邦深100,15,0,15,高橋-內壢,2024-10-08,5323
3149,正達,35,20,15,高橋-內壢,2024-10-08,5323
6104,創惟,15,0,15,高橋-內壢,2024-10-08,5323
6530,創威,22,7,15,高橋-內壢,2024-10-08,5323
911868,同方友友-DR,15,0,15,高橋-內壢,2024-10-08,5323
00929,復華台灣科技優息,52,40,12,高橋-內壢,2024-10-08,5323
2399,映泰,23,11,12,高橋-內壢,2024-10-08,5323
2449,京元電子,12,0,12,高橋-內壢,2024-10-08,5323
1540,喬福,14,2,12,高橋-內壢,2024-10-08,5323
00795B,中信美國公債20年,11,0,11,高橋-內壢,2024-10-08,5323
00922,國泰台灣領袖50,11,0,11,高橋-內壢,2024-10-08,5323
2527,宏璟,10,0,10,高橋-內壢,2024-10-08,5323
2613,中櫃,10,0,10,高橋-內壢,2024-10-08,5323
4909,新復興,21,11,10,高橋-內壢,2024-10-08,5323
5512,力麒,10,0,10,高橋-內壢,2024-10-08,5323
00934,中信成長高股息,10,1,9,高橋-內壢,2024-10-08,5323
00887,永豐中國科技50大,10,1,9,高橋-內壢,2024-10-08,5323
006208,富邦台50,9,0,9,高橋-內壢,2024-10-08,5323
00679B,元大美債20年,8,0,8,高橋-內壢,2024-10-08,5323
2353,宏��,9,1,8,高橋-內壢,2024-10-08,5323
2409,友達,8,0,8,高橋-內壢,2024-10-08,5323
2615,萬海,7,0,7,高橋-內壢,2024-10-08,5323
3062,建漢,7,0,7,高橋-內壢,2024-10-08,5323
3360,尚立,7,0,7,高橋-內壢,2024-10-08,5323
3711,日月光投控,7,0,7,高橋-內壢,2024-10-08,5323
5438,東友,7,0,7,高橋-內壢,2024-10-08,5323
00943,兆豐電子高息等權,6,0,6,高橋-內壢,2024-10-08,5323
1326,台化,6,0,6,高橋-內壢,2024-10-08,5323
2618,長榮航,10,4,6,高橋-內壢,2024-10-08,5323
00882,中信中國高股息,161,17,144,高橋-內壢,2024-10-09,5323
8028,昇陽半導體,153,31,122,高橋-內壢,2024-10-09,5323
00680L,元大美債20正2,102,0,102,高橋-內壢,2024-10-09,5323
1314,中石化,86,5,81,高橋-內壢,2024-10-09,5323
00665L,富邦�琤肭磪囓�2,74,0,74,高橋-內壢,2024-10-09,5323
00753L,中信中國50正2,81,15,66,高橋-內壢,2024-10-09,5323
1316,上曜,50,0,50,高橋-內壢,2024-10-09,5323
2845,遠東銀,50,0,50,高橋-內壢,2024-10-09,5323
2888,新光金,67,25,42,高橋-內壢,2024-10-09,5323
00937B,群益ESG投等債20,41,0,41,高橋-內壢,2024-10-09,5323
1718,中纖,40,0,40,高橋-內壢,2024-10-09,5323
2014,中鴻,32,2,30,高橋-內壢,2024-10-09,5323
3260,威剛,29,0,29,高橋-內壢,2024-10-09,5323
2609,陽明,28,2,26,高橋-內壢,2024-10-09,5323
6116,彩晶,35,10,25,高橋-內壢,2024-10-09,5323
6226,光鼎,25,0,25,高橋-內壢,2024-10-09,5323
2367,燿華,24,0,24,高橋-內壢,2024-10-09,5323
006207,復華滬深,20,0,20,高橋-內壢,2024-10-09,5323
5512,力麒,20,0,20,高橋-內壢,2024-10-09,5323
6405,悅城,20,3,17,高橋-內壢,2024-10-09,5323
1447,力鵬,15,0,15,高橋-內壢,2024-10-09,5323
2399,映泰,33,19,14,高橋-內壢,2024-10-09,5323
5356,協益,14,0,14,高橋-內壢,2024-10-09,5323
00679B,元大美債20年,13,0,13,高橋-內壢,2024-10-09,5323
5443,均豪,13,1,12,高橋-內壢,2024-10-09,5323
00919,群益台灣精選高息,15,3,12,高橋-內壢,2024-10-09,5323
00712,復華富時不動產,10,0,10,高橋-內壢,2024-10-09,5323
00688L,國泰20年美債正2,10,0,10,高橋-內壢,2024-10-09,5323
2867,三商壽,10,0,10,高橋-內壢,2024-10-09,5323
3312,弘憶股,16,6,10,高橋-內壢,2024-10-09,5323
3360,尚立,11,1,10,高橋-內壢,2024-10-09,5323
6505,台塑化,10,0,10,高橋-內壢,2024-10-09,5323
6739,竹陞科技,10,0,10,高橋-內壢,2024-10-09,5323
8201,無敵,10,0,10,高橋-內壢,2024-10-09,5323
1904,正隆,9,0,9,高橋-內壢,2024-10-09,5323
6913,鴻呈,9,0,9,高橋-內壢,2024-10-09,5323
00795B,中信美國公債20年,8,0,8,高橋-內壢,2024-10-09,5323
8039,台虹,9,1,8,高橋-內壢,2024-10-09,5323
00921,兆豐龍頭等權重,7,0,7,高橋-內壢,2024-10-09,5323
0056,元大高股息,7,0,7,高橋-內壢,2024-10-09,5323
2303,聯電,7,0,7,高橋-內壢,2024-10-09,5323
3006,晶豪科,11,4,7,高橋-內壢,2024-10-09,5323
3234,光環,9,2,7,高橋-內壢,2024-10-09,5323
3483,力致,7,1,6,高橋-內壢,2024-10-09,5323
00650L,復華香港正2,6,0,6,高橋-內壢,2024-10-09,5323
00936,台新永續高息中小,6,0,6,高橋-內壢,2024-10-09,5323
1312,國喬,6,0,6,高橋-內壢,2024-10-09,5323
6188,廣明,6,0,6,高橋-內壢,2024-10-09,5323
00931B,統一美債20年,5,0,5,高橋-內壢,2024-10-09,5323
1714,和桐,5,0,5,高橋-內壢,2024-10-09,5323
00882,中信中國高股息,112,0,112,高橋-內壢,2024-10-11,5323
00632R,元大台灣50反1,105,0,105,高橋-內壢,2024-10-11,5323
3380,明泰,31,5,26,高橋-內壢,2024-10-11,5323
00679B,元大美債20年,22,0,22,高橋-內壢,2024-10-11,5323
6664,群翊,22,0,22,高橋-內壢,2024-10-11,5323
1711,永光,22,2,20,高橋-內壢,2024-10-11,5323
00948B,中信優息投資級債,19,0,19,高橋-內壢,2024-10-11,5323
3037,欣興,17,0,17,高橋-內壢,2024-10-11,5323
6432,今展科,17,0,17,高橋-內壢,2024-10-11,5323
6152,百一,16,1,15,高橋-內壢,2024-10-11,5323
2367,燿華,21,7,14,高橋-內壢,2024-10-11,5323
2388,威盛,17,3,14,高橋-內壢,2024-10-11,5323
2887,台新金,16,2,14,高橋-內壢,2024-10-11,5323
00687B,國泰20年美債,15,2,13,高橋-內壢,2024-10-11,5323
1815,富喬,12,0,12,高橋-內壢,2024-10-11,5323
1584,精剛,14,2,12,高橋-內壢,2024-10-11,5323
2014,中鴻,11,0,11,高橋-內壢,2024-10-11,5323
3303,岱稜,11,0,11,高橋-內壢,2024-10-11,5323
6188,廣明,11,0,11,高橋-內壢,2024-10-11,5323
00937B,群益ESG投等債20,12,2,10,高橋-內壢,2024-10-11,5323
00943,兆豐電子高息等權,10,0,10,高橋-內壢,2024-10-11,5323
1447,力鵬,10,0,10,高橋-內壢,2024-10-11,5323
1582,信錦,10,0,10,高橋-內壢,2024-10-11,5323
1702,南僑,10,0,10,高橋-內壢,2024-10-11,5323
1718,中纖,10,0,10,高橋-內壢,2024-10-11,5323
2356,英業達,17,7,10,高橋-內壢,2024-10-11,5323
2406,國碩,10,0,10,高橋-內壢,2024-10-11,5323
2449,京元電子,33,23,10,高橋-內壢,2024-10-11,5323
1721,三晃,10,1,9,高橋-內壢,2024-10-11,5323
00922,國泰台灣領袖50,8,0,8,高橋-內壢,2024-10-11,5323
2883,凱基金,22,14,8,高橋-內壢,2024-10-11,5323
5439,高技,8,0,8,高橋-內壢,2024-10-11,5323
6770,力積電,8,0,8,高橋-內壢,2024-10-11,5323
8150,南茂,8,0,8,高橋-內壢,2024-10-11,5323
00946,群益科技高息成長,7,0,7,高橋-內壢,2024-10-11,5323
00931B,統一美債20年,7,0,7,高橋-內壢,2024-10-11,5323
1714,和桐,7,0,7,高橋-內壢,2024-10-11,5323
8390,金益鼎,7,0,7,高橋-內壢,2024-10-11,5323
00885,富邦越南,6,0,6,高橋-內壢,2024-10-11,5323
00921,兆豐龍頭等權重,6,0,6,高橋-內壢,2024-10-11,5323
1316,上曜,6,0,6,高橋-內壢,2024-10-11,5323
1605,華新,6,0,6,高橋-內壢,2024-10-11,5323
2027,大成鋼,6,0,6,高橋-內壢,2024-10-11,5323
2889,國票金,6,0,6,高橋-內壢,2024-10-11,5323
5356,協益,6,0,6,高橋-內壢,2024-10-11,5323
2383,台光電,5,0,5,高橋-內壢,2024-10-11,5323
00639,富邦深100,5,0,5,高橋-內壢,2024-10-11,5323
00637L,元大滬深300正2,5,0,5,高橋-內壢,2024-10-11,5323
1339,昭輝,5,0,5,高橋-內壢,2024-10-11,5323
2022,聚亨,5,0,5,高橋-內壢,2024-10-11,5323
2888,新光金,139,0,139,高橋-內壢,2024-10-14,5323
00937B,群益ESG投等債20,133,12,121,高橋-內壢,2024-10-14,5323
2887,台新金,112,4,108,高橋-內壢,2024-10-14,5323
2883,凱基金,97,5,92,高橋-內壢,2024-10-14,5323
2312,金寶,64,7,57,高橋-內壢,2024-10-14,5323
00922,國泰台灣領袖50,48,0,48,高橋-內壢,2024-10-14,5323
2615,萬海,80,45,35,高橋-內壢,2024-10-14,5323
00887,永豐中國科技50大,27,0,27,高橋-內壢,2024-10-14,5323
00687B,國泰20年美債,47,20,27,高橋-內壢,2024-10-14,5323
00929,復華台灣科技優息,27,1,26,高橋-內壢,2024-10-14,5323
00948B,中信優息投資級債,22,0,22,高橋-內壢,2024-10-14,5323
2486,一詮,24,2,22,高橋-內壢,2024-10-14,5323
6125,廣運,22,0,22,高橋-內壢,2024-10-14,5323
00643,群益深証中小,20,0,20,高橋-內壢,2024-10-14,5323
00943,兆豐電子高息等權,20,1,19,高橋-內壢,2024-10-14,5323
00637L,元大滬深300正2,36,17,19,高橋-內壢,2024-10-14,5323
6188,廣明,18,0,18,高橋-內壢,2024-10-14,5323
6432,今展科,13,0,13,高橋-內壢,2024-10-14,5323
0056,元大高股息,15,2,13,高橋-內壢,2024-10-14,5323
2408,南亞科,12,0,12,高橋-內壢,2024-10-14,5323
0061,元大寶滬深,10,0,10,高橋-內壢,2024-10-14,5323
2516,新建,10,0,10,高橋-內壢,2024-10-14,5323
3227,原相,10,0,10,高橋-內壢,2024-10-14,5323
2340,台亞,10,1,9,高橋-內壢,2024-10-14,5323
2399,映泰,29,20,9,高橋-內壢,2024-10-14,5323
5356,協益,9,0,9,高橋-內壢,2024-10-14,5323
00933B,國泰10Y+金融債,10,2,8,高橋-內壢,2024-10-14,5323
00878,國泰永續高股息,12,4,8,高橋-內壢,2024-10-14,5323
1514,亞力,10,2,8,高橋-內壢,2024-10-14,5323
00919,群益台灣精選高息,8,1,7,高橋-內壢,2024-10-14,5323
3380,明泰,13,6,7,高橋-內壢,2024-10-14,5323
00912,中信臺灣智慧50,6,0,6,高橋-內壢,2024-10-14,5323
00931B,統一美債20年,6,0,6,高橋-內壢,2024-10-14,5323
1815,富喬,7,1,6,高橋-內壢,2024-10-14,5323
3209,全科,6,0,6,高橋-內壢,2024-10-14,5323
1101,台泥,5,0,5,高橋-內壢,2024-10-14,5323
1718,中纖,5,0,5,高橋-內壢,2024-10-14,5323
2324,仁寶,5,0,5,高橋-內壢,2024-10-14,5323
2834,臺企銀,5,0,5,高橋-內壢,2024-10-14,5323
3501,維熹,5,0,5,高橋-內壢,2024-10-14,5323
4979,華星光,12,7,5,高橋-內壢,2024-10-14,5323
6117,迎廣,6,1,5,高橋-內壢,2024-10-14,5323
5443,均豪,5,0,5,高橋-內壢,2024-10-14,5323
6143,振曜,5,0,5,高橋-內壢,2024-10-14,5323
2317,鴻海,10,5,5,高橋-內壢,2024-10-14,5323
00712,復華富時不動產,8,4,4,高橋-內壢,2024-10-14,5323
1802,台玻,6,2,4,高橋-內壢,2024-10-14,5323
2543,皇昌,7,3,4,高橋-內壢,2024-10-14,5323
2929,淘帝-KY,4,0,4,高橋-內壢,2024-10-14,5323
3163,波若威,4,0,4,高橋-內壢,2024-10-14,5323
00680L,元大美債20正2,104,0,104,高橋-內壢,2024-10-15,5323
00937B,群益ESG投等債20,102,0,102,高橋-內壢,2024-10-15,5323
00882,中信中國高股息,109,10,99,高橋-內壢,2024-10-15,5323
2615,萬海,162,67,95,高橋-內壢,2024-10-15,5323
3149,正達,82,31,51,高橋-內壢,2024-10-15,5323
00637L,元大滬深300正2,65,15,50,高橋-內壢,2024-10-15,5323
00632R,元大台灣50反1,48,0,48,高橋-內壢,2024-10-15,5323
2888,新光金,51,3,48,高橋-內壢,2024-10-15,5323
00687B,國泰20年美債,47,1,46,高橋-內壢,2024-10-15,5323
00679B,元大美債20年,51,11,40,高橋-內壢,2024-10-15,5323
00943,兆豐電子高息等權,38,0,38,高橋-內壢,2024-10-15,5323
00948B,中信優息投資級債,30,0,30,高橋-內壢,2024-10-15,5323
4440,宜新實業,30,0,30,高橋-內壢,2024-10-15,5323
00919,群益台灣精選高息,72,45,27,高橋-內壢,2024-10-15,5323
9105,泰金寶-DR,32,8,24,高橋-內壢,2024-10-15,5323
1718,中纖,22,0,22,高橋-內壢,2024-10-15,5323
4956,光鋐,25,8,17,高橋-內壢,2024-10-15,5323
5314,世紀,15,1,14,高橋-內壢,2024-10-15,5323
1714,和桐,13,0,13,高橋-內壢,2024-10-15,5323
00887,永豐中國科技50大,12,0,12,高橋-內壢,2024-10-15,5323
6104,創惟,12,0,12,高橋-內壢,2024-10-15,5323
0056,元大高股息,12,1,11,高橋-內壢,2024-10-15,5323
6505,台塑化,11,0,11,高橋-內壢,2024-10-15,5323
6830,汎銓,31,20,11,高橋-內壢,2024-10-15,5323
8111,立��,11,0,11,高橋-內壢,2024-10-15,5323
3231,緯創,22,11,11,高橋-內壢,2024-10-15,5323
00688L,國泰20年美債正2,10,0,10,高橋-內壢,2024-10-15,5323
5351,鈺創,10,0,10,高橋-內壢,2024-10-15,5323
5493,三聯,10,0,10,高橋-內壢,2024-10-15,5323
8021,尖點,10,0,10,高橋-內壢,2024-10-15,5323
00934,中信成長高股息,10,1,9,高橋-內壢,2024-10-15,5323
2027,大成鋼,8,0,8,高橋-內壢,2024-10-15,5323
2313,華通,9,2,7,高橋-內壢,2024-10-15,5323
9958,世紀鋼,15,8,7,高橋-內壢,2024-10-15,5323
00946,群益科技高息成長,6,0,6,高橋-內壢,2024-10-15,5323
00753L,中信中國50正2,6,0,6,高橋-內壢,2024-10-15,5323
00752,中信中國50,6,0,6,高橋-內壢,2024-10-15,5323
2354,鴻準,8,2,6,高橋-內壢,2024-10-15,5323
2363,矽統,16,10,6,高橋-內壢,2024-10-15,5323
6117,迎廣,7,1,6,高橋-內壢,2024-10-15,5323
6248,沛波,7,1,6,高橋-內壢,2024-10-15,5323
00900,富邦特選高股息30,5,0,5,高橋-內壢,2024-10-15,5323
00857B,永豐20年美公債,5,0,5,高橋-內壢,2024-10-15,5323
00959B,大華投等美債15Y+,5,0,5,高橋-內壢,2024-10-15,5323
1323,永裕,5,0,5,高橋-內壢,2024-10-15,5323
1609,大亞,7,2,5,高橋-內壢,2024-10-15,5323
2483,百容,5,0,5,高橋-內壢,2024-10-15,5323
2887,台新金,7,2,5,高橋-內壢,2024-10-15,5323
6605,帝寶,5,0,5,高橋-內壢,2024-10-15,5323
1310,台苯,4,0,4,高橋-內壢,2024-10-15,5323
2845,遠東銀,303,50,253,高橋-內壢,2024-10-16,5323
0056,元大高股息,94,9,85,高橋-內壢,2024-10-16,5323
3149,正達,225,157,68,高橋-內壢,2024-10-16,5323
2888,新光金,54,0,54,高橋-內壢,2024-10-16,5323
00954,中信日本半導體,50,0,50,高橋-內壢,2024-10-16,5323
00687B,國泰20年美債,53,9,44,高橋-內壢,2024-10-16,5323
00922,國泰台灣領袖50,41,0,41,高橋-內壢,2024-10-16,5323
00887,永豐中國科技50大,38,5,33,高橋-內壢,2024-10-16,5323
00679B,元大美債20年,33,0,33,高橋-內壢,2024-10-16,5323
2886,兆豐金,31,0,31,高橋-內壢,2024-10-16,5323
6244,茂迪,22,0,22,高橋-內壢,2024-10-16,5323
8032,光菱,33,12,21,高橋-內壢,2024-10-16,5323
2354,鴻準,20,0,20,高橋-內壢,2024-10-16,5323
6432,今展科,20,0,20,高橋-內壢,2024-10-16,5323
2317,鴻海,29,9,20,高橋-內壢,2024-10-16,5323
2887,台新金,18,0,18,高橋-內壢,2024-10-16,5323
00688L,國泰20年美債正2,17,0,17,高橋-內壢,2024-10-16,5323
3062,建漢,25,8,17,高橋-內壢,2024-10-16,5323
9105,泰金寶-DR,53,37,16,高橋-內壢,2024-10-16,5323
2303,聯電,16,1,15,高橋-內壢,2024-10-16,5323
2344,華邦電,15,0,15,高橋-內壢,2024-10-16,5323
3013,晟銘電,32,17,15,高橋-內壢,2024-10-16,5323
6116,彩晶,15,0,15,高橋-內壢,2024-10-16,5323
1904,正隆,14,0,14,高橋-內壢,2024-10-16,5323
00881,國泰台灣5G+,13,0,13,高橋-內壢,2024-10-16,5323
00929,復華台灣科技優息,64,52,12,高橋-內壢,2024-10-16,5323
6196,帆宣,12,0,12,高橋-內壢,2024-10-16,5323
1227,佳格,11,0,11,高橋-內壢,2024-10-16,5323
00948B,中信優息投資級債,10,0,10,高橋-內壢,2024-10-16,5323
00665L,富邦�琤肭磪囓�2,10,0,10,高橋-內壢,2024-10-16,5323
00753L,中信中國50正2,12,2,10,高橋-內壢,2024-10-16,5323
1314,中石化,10,0,10,高橋-內壢,2024-10-16,5323
1609,大亞,12,2,10,高橋-內壢,2024-10-16,5323
2356,英業達,10,0,10,高橋-內壢,2024-10-16,5323
2371,大同,10,0,10,高橋-內壢,2024-10-16,5323
3450,聯鈞,35,26,9,高橋-內壢,2024-10-16,5323
00878,國泰永續高股息,14,5,9,高橋-內壢,2024-10-16,5323
2883,凱基金,22,14,8,高橋-內壢,2024-10-16,5323
00915,凱基優選高股息30,8,0,8,高橋-內壢,2024-10-16,5323
00720B,元大投資級公司債,8,0,8,高橋-內壢,2024-10-16,5323
2439,美律,8,0,8,高橋-內壢,2024-10-16,5323
9958,世紀鋼,14,6,8,高橋-內壢,2024-10-16,5323
00637L,元大滬深300正2,39,32,7,高橋-內壢,2024-10-16,5323
00946,群益科技高息成長,7,0,7,高橋-內壢,2024-10-16,5323
3021,鴻名,7,0,7,高橋-內壢,2024-10-16,5323
6274,台燿,7,0,7,高橋-內壢,2024-10-16,5323
4966,譜瑞-KY,6,0,6,高橋-內壢,2024-10-16,5323
2615,萬海,10,4,6,高橋-內壢,2024-10-16,5323
2891,中信金,7,1,6,高橋-內壢,2024-10-16,5323
3049,精金,6,0,6,高橋-內壢,2024-10-16,5323
3149,正達,112,57,55,高橋-內壢,2024-10-17,5323
00954,中信日本半導體,51,0,51,高橋-內壢,2024-10-17,5323
00632R,元大台灣50反1,45,0,45,高橋-內壢,2024-10-17,5323
00687B,國泰20年美債,41,0,41,高橋-內壢,2024-10-17,5323
1528,恩德,46,11,35,高橋-內壢,2024-10-17,5323
00679B,元大美債20年,30,0,30,高橋-內壢,2024-10-17,5323
2845,遠東銀,28,0,28,高橋-內壢,2024-10-17,5323
2399,映泰,27,1,26,高橋-內壢,2024-10-17,5323
00637L,元大滬深300正2,40,20,20,高橋-內壢,2024-10-17,5323
2313,華通,22,3,19,高橋-內壢,2024-10-17,5323
0056,元大高股息,20,2,18,高橋-內壢,2024-10-17,5323
00887,永豐中國科技50大,26,9,17,高橋-內壢,2024-10-17,5323
00943,兆豐電子高息等權,12,0,12,高橋-內壢,2024-10-17,5323
00929,復華台灣科技優息,12,0,12,高橋-內壢,2024-10-17,5323
00882,中信中國高股息,12,0,12,高橋-內壢,2024-10-17,5323
6457,紘康,11,0,11,高橋-內壢,2024-10-17,5323
3066,李洲,14,4,10,高橋-內壢,2024-10-17,5323
00673R,期元大S＆P原油反1,10,0,10,高橋-內壢,2024-10-17,5323
00795B,中信美國公債20年,10,0,10,高橋-內壢,2024-10-17,5323
00752,中信中國50,10,0,10,高橋-內壢,2024-10-17,5323
00643,群益深証中小,10,0,10,高橋-內壢,2024-10-17,5323
3189,景碩,25,15,10,高橋-內壢,2024-10-17,5323
8044,網家,10,0,10,高橋-內壢,2024-10-17,5323
2330,台積電,9,0,9,高橋-內壢,2024-10-17,5323
4979,華星光,23,14,9,高橋-內壢,2024-10-17,5323
00922,國泰台灣領袖50,9,0,9,高橋-內壢,2024-10-17,5323
2890,永豐金,8,0,8,高橋-內壢,2024-10-17,5323
00725B,國泰投資級公司債,7,0,7,高橋-內壢,2024-10-17,5323
4440,宜新實業,9,2,7,高橋-內壢,2024-10-17,5323
6830,汎銓,7,0,7,高橋-內壢,2024-10-17,5323
3615,安可,8,2,6,高橋-內壢,2024-10-17,5323
5439,高技,7,1,6,高橋-內壢,2024-10-17,5323
8096,擎亞,6,0,6,高橋-內壢,2024-10-17,5323
2303,聯電,5,0,5,高橋-內壢,2024-10-17,5323
2356,英業達,7,2,5,高橋-內壢,2024-10-17,5323
2390,云辰,5,0,5,高橋-內壢,2024-10-17,5323
2412,中華電,5,0,5,高橋-內壢,2024-10-17,5323
2436,偉詮電,5,0,5,高橋-內壢,2024-10-17,5323
2601,益航,5,0,5,高橋-內壢,2024-10-17,5323
2889,國票金,5,0,5,高橋-內壢,2024-10-17,5323
5201,凱衛,5,0,5,高橋-內壢,2024-10-17,5323
00960,野村全球航運龍頭,4,0,4,高橋-內壢,2024-10-17,5323
2371,大同,4,0,4,高橋-內壢,2024-10-17,5323
3062,建漢,5,1,4,高橋-內壢,2024-10-17,5323
3232,昱捷,4,0,4,高橋-內壢,2024-10-17,5323
3380,明泰,10,6,4,高橋-內壢,2024-10-17,5323
4533,協易機,10,6,4,高橋-內壢,2024-10-17,5323
6274,台燿,6,2,4,高橋-內壢,2024-10-17,5323
8374,羅昇,6,2,4,高橋-內壢,2024-10-17,5323
2489,瑞軒,5,2,3,高橋-內壢,2024-10-17,5323
2349,錸德,101,0,101,高橋-內壢,2024-10-18,5323
00937B,群益ESG投等債20,92,0,92,高橋-內壢,2024-10-18,5323
00632R,元大台灣50反1,66,0,66,高橋-內壢,2024-10-18,5323
00679B,元大美債20年,58,0,58,高橋-內壢,2024-10-18,5323
9105,泰金寶-DR,67,13,54,高橋-內壢,2024-10-18,5323
3149,正達,58,5,53,高橋-內壢,2024-10-18,5323
2303,聯電,67,15,52,高橋-內壢,2024-10-18,5323
2845,遠東銀,44,0,44,高橋-內壢,2024-10-18,5323
2867,三商壽,40,2,38,高橋-內壢,2024-10-18,5323
00943,兆豐電子高息等權,26,0,26,高橋-內壢,2024-10-18,5323
00915,凱基優選高股息30,27,1,26,高橋-內壢,2024-10-18,5323
00882,中信中國高股息,32,6,26,高橋-內壢,2024-10-18,5323
00637L,元大滬深300正2,47,22,25,高橋-內壢,2024-10-18,5323
00795B,中信美國公債20年,23,0,23,高橋-內壢,2024-10-18,5323
00948B,中信優息投資級債,20,0,20,高橋-內壢,2024-10-18,5323
6505,台塑化,20,0,20,高橋-內壢,2024-10-18,5323
4551,智伸科,17,0,17,高橋-內壢,2024-10-18,5323
0056,元大高股息,22,6,16,高橋-內壢,2024-10-18,5323
2488,漢平,15,0,15,高橋-內壢,2024-10-18,5323
8429,金麗-KY,15,0,15,高橋-內壢,2024-10-18,5323
5347,世界,16,1,15,高橋-內壢,2024-10-18,5323
2374,佳能,32,18,14,高橋-內壢,2024-10-18,5323
4561,健椿,15,1,14,高橋-內壢,2024-10-18,5323
3450,聯鈞,21,8,13,高橋-內壢,2024-10-18,5323
3711,日月光投控,14,2,12,高橋-內壢,2024-10-18,5323
00687B,國泰20年美債,52,40,12,高橋-內壢,2024-10-18,5323
00752,中信中國50,11,0,11,高橋-內壢,2024-10-18,5323
2399,映泰,14,3,11,高橋-內壢,2024-10-18,5323
6432,今展科,11,0,11,高橋-內壢,2024-10-18,5323
00961,FT臺灣永續高息,10,0,10,高橋-內壢,2024-10-18,5323
00662,富邦NASDAQ,10,0,10,高橋-內壢,2024-10-18,5323
00680L,元大美債20正2,10,0,10,高橋-內壢,2024-10-18,5323
4562,穎漢,14,4,10,高橋-內壢,2024-10-18,5323
5438,東友,10,0,10,高橋-內壢,2024-10-18,5323
6457,紘康,10,0,10,高橋-內壢,2024-10-18,5323
2367,燿華,18,9,9,高橋-內壢,2024-10-18,5323
911868,同方友友-DR,15,6,9,高橋-內壢,2024-10-18,5323
3402,漢科,11,3,8,高橋-內壢,2024-10-18,5323
00753L,中信中國50正2,11,3,8,高橋-內壢,2024-10-18,5323
00720B,元大投資級公司債,7,0,7,高橋-內壢,2024-10-18,5323
3163,波若威,7,0,7,高橋-內壢,2024-10-18,5323
5356,協益,7,0,7,高橋-內壢,2024-10-18,5323
6129,普誠,7,0,7,高橋-內壢,2024-10-18,5323
2449,京元電子,8,2,6,高橋-內壢,2024-10-18,5323
4979,華星光,6,0,6,高橋-內壢,2024-10-18,5323
1540,喬福,11,5,6,高橋-內壢,2024-10-18,5323
1727,中華化,7,1,6,高橋-內壢,2024-10-18,5323
4915,致伸,6,0,6,高橋-內壢,2024-10-18,5323
2317,鴻海,20,15,5,高橋-內壢,2024-10-18,5323
2363,矽統,13,8,5,高橋-內壢,2024-10-18,5323
00937B,群益ESG投等債20,266,0,266,高橋-內壢,2024-10-21,5323
00687B,國泰20年美債,256,0,256,高橋-內壢,2024-10-21,5323
2883,凱基金,122,0,122,高橋-內壢,2024-10-21,5323
2303,聯電,55,2,53,高橋-內壢,2024-10-21,5323
00929,復華台灣科技優息,42,6,36,高橋-內壢,2024-10-21,5323
00637L,元大滬深300正2,39,4,35,高橋-內壢,2024-10-21,5323
2845,遠東銀,30,1,29,高橋-內壢,2024-10-21,5323
2888,新光金,26,0,26,高橋-內壢,2024-10-21,5323
00882,中信中國高股息,25,0,25,高橋-內壢,2024-10-21,5323
00878,國泰永續高股息,21,0,21,高橋-內壢,2024-10-21,5323
2891,中信金,25,5,20,高橋-內壢,2024-10-21,5323
00639,富邦深100,20,0,20,高橋-內壢,2024-10-21,5323
00905,FT臺灣Smart,20,0,20,高橋-內壢,2024-10-21,5323
2421,建準,18,1,17,高橋-內壢,2024-10-21,5323
3450,聯鈞,20,4,16,高橋-內壢,2024-10-21,5323
00918,大華優利高填息30,16,3,13,高橋-內壢,2024-10-21,5323
2412,中華電,13,0,13,高橋-內壢,2024-10-21,5323
6432,今展科,13,0,13,高橋-內壢,2024-10-21,5323
00725B,國泰投資級公司債,12,0,12,高橋-內壢,2024-10-21,5323
00795B,中信美國公債20年,11,0,11,高橋-內壢,2024-10-21,5323
4440,宜新實業,11,0,11,高橋-內壢,2024-10-21,5323
00948B,中信優息投資級債,10,0,10,高橋-內壢,2024-10-21,5323
00900,富邦特選高股息30,10,0,10,高橋-內壢,2024-10-21,5323
4306,炎洲,10,0,10,高橋-內壢,2024-10-21,5323
6127,九豪,20,10,10,高橋-內壢,2024-10-21,5323
1595,川寶,10,1,9,高橋-內壢,2024-10-21,5323
3047,訊舟,9,0,9,高橋-內壢,2024-10-21,5323
4555,氣立,9,0,9,高橋-內壢,2024-10-21,5323
1303,南亞,8,0,8,高橋-內壢,2024-10-21,5323
00679B,元大美債20年,11,3,8,高橋-內壢,2024-10-21,5323
1310,台苯,7,0,7,高橋-內壢,2024-10-21,5323
2881,富邦金,7,0,7,高橋-內壢,2024-10-21,5323
2317,鴻海,11,5,6,高橋-內壢,2024-10-21,5323
00830,國泰費城半導體,6,0,6,高橋-內壢,2024-10-21,5323
2312,金寶,14,8,6,高橋-內壢,2024-10-21,5323
2332,友訊,6,0,6,高橋-內壢,2024-10-21,5323
5236,凌陽創新,6,0,6,高橋-內壢,2024-10-21,5323
2887,台新金,6,0,6,高橋-內壢,2024-10-21,5323
00632R,元大台灣50反1,5,0,5,高橋-內壢,2024-10-21,5323
00907,永豐優息存股,5,0,5,高橋-內壢,2024-10-21,5323
00959B,大華投等美債15Y+,5,0,5,高橋-內壢,2024-10-21,5323
1608,華榮,5,0,5,高橋-內壢,2024-10-21,5323
2030,彰源,5,0,5,高橋-內壢,2024-10-21,5323
2367,燿華,10,5,5,高橋-內壢,2024-10-21,5323
6506,雙邦,5,0,5,高橋-內壢,2024-10-21,5323
3711,日月光投控,4,0,4,高橋-內壢,2024-10-21,5323
1727,中華化,4,0,4,高橋-內壢,2024-10-21,5323
2882,國泰金,4,0,4,高橋-內壢,2024-10-21,5323
3013,晟銘電,28,24,4,高橋-內壢,2024-10-21,5323
00911,兆豐洲際半導體,4,0,4,高橋-內壢,2024-10-21,5323
00937B,群益ESG投等債20,122,5,117,高橋-內壢,2024-10-22,5323
2883,凱基金,104,5,99,高橋-內壢,2024-10-22,5323
00940,元大台灣價值高息,53,8,45,高橋-內壢,2024-10-22,5323
00905,FT臺灣Smart,33,0,33,高橋-內壢,2024-10-22,5323
911868,同方友友-DR,23,0,23,高橋-內壢,2024-10-22,5323
00907,永豐優息存股,20,0,20,高橋-內壢,2024-10-22,5323
3356,奇偶,21,1,20,高橋-內壢,2024-10-22,5323
1605,華新,18,1,17,高橋-內壢,2024-10-22,5323
3535,晶彩科,22,5,17,高橋-內壢,2024-10-22,5323
00712,復華富時不動產,16,0,16,高橋-內壢,2024-10-22,5323
00948B,中信優息投資級債,15,0,15,高橋-內壢,2024-10-22,5323
00850,元大臺灣ESG永續,15,0,15,高橋-內壢,2024-10-22,5323
6127,九豪,15,0,15,高橋-內壢,2024-10-22,5323
00919,群益台灣精選高息,15,1,14,高橋-內壢,2024-10-22,5323
2303,聯電,14,2,12,高橋-內壢,2024-10-22,5323
5347,世界,13,1,12,高橋-內壢,2024-10-22,5323
00933B,國泰10Y+金融債,12,0,12,高橋-內壢,2024-10-22,5323
00931B,統一美債20年,12,0,12,高橋-內壢,2024-10-22,5323
2884,玉山金,12,0,12,高橋-內壢,2024-10-22,5323
2363,矽統,16,5,11,高橋-內壢,2024-10-22,5323
6530,創威,11,0,11,高橋-內壢,2024-10-22,5323
1447,力鵬,10,0,10,高橋-內壢,2024-10-22,5323
5607,遠雄港,10,0,10,高橋-內壢,2024-10-22,5323
6505,台塑化,10,0,10,高橋-內壢,2024-10-22,5323
00882,中信中國高股息,10,1,9,高橋-內壢,2024-10-22,5323
2349,錸德,9,0,9,高橋-內壢,2024-10-22,5323
2891,中信金,10,1,9,高橋-內壢,2024-10-22,5323
5438,東友,9,0,9,高橋-內壢,2024-10-22,5323
6609,瀧澤科,15,6,9,高橋-內壢,2024-10-22,5323
9940,信義,10,1,9,高橋-內壢,2024-10-22,5323
3264,欣銓,9,0,9,高橋-內壢,2024-10-22,5323
3029,零壹,8,0,8,高橋-內壢,2024-10-22,5323
3049,精金,12,4,8,高橋-內壢,2024-10-22,5323
3709,鑫聯大投控,8,0,8,高橋-內壢,2024-10-22,5323
4561,健椿,8,0,8,高橋-內壢,2024-10-22,5323
00878,國泰永續高股息,9,1,8,高橋-內壢,2024-10-22,5323
00675L,富邦臺灣加權正2,7,0,7,高橋-內壢,2024-10-22,5323
4909,新復興,9,2,7,高橋-內壢,2024-10-22,5323
1301,台塑,6,0,6,高橋-內壢,2024-10-22,5323
00887,永豐中國科技50大,6,0,6,高橋-內壢,2024-10-22,5323
00922,國泰台灣領袖50,6,0,6,高橋-內壢,2024-10-22,5323
2421,建準,9,3,6,高橋-內壢,2024-10-22,5323
3520,華盈,6,0,6,高橋-內壢,2024-10-22,5323
1815,富喬,20,14,6,高橋-內壢,2024-10-22,5323
00915,凱基優選高股息30,5,0,5,高橋-內壢,2024-10-22,5323
2356,英業達,5,0,5,高橋-內壢,2024-10-22,5323
2371,大同,5,0,5,高橋-內壢,2024-10-22,5323
2482,連宇,5,0,5,高橋-內壢,2024-10-22,5323
2867,三商壽,5,0,5,高橋-內壢,2024-10-22,5323
3062,建漢,6,1,5,高橋-內壢,2024-10-22,5323
00937B,群益ESG投等債20,305,0,305,高橋-內壢,2024-10-23,5323
00948B,中信優息投資級債,60,0,60,高橋-內壢,2024-10-23,5323
00637L,元大滬深300正2,81,25,56,高橋-內壢,2024-10-23,5323
00878,國泰永續高股息,32,0,32,高橋-內壢,2024-10-23,5323
3715,定穎投控,32,2,30,高橋-內壢,2024-10-23,5323
00751B,元大AAA至A公司債,28,0,28,高橋-內壢,2024-10-23,5323
2303,聯電,29,3,26,高橋-內壢,2024-10-23,5323
00932,兆豐永續高息等權,24,3,21,高橋-內壢,2024-10-23,5323
1314,中石化,20,0,20,高橋-內壢,2024-10-23,5323
3518,柏騰,20,0,20,高橋-內壢,2024-10-23,5323
2323,中環,20,2,18,高橋-內壢,2024-10-23,5323
2883,凱基金,18,0,18,高橋-內壢,2024-10-23,5323
2329,華泰,23,5,18,高橋-內壢,2024-10-23,5323
00907,永豐優息存股,17,0,17,高橋-內壢,2024-10-23,5323
6218,豪勉,19,2,17,高橋-內壢,2024-10-23,5323
0056,元大高股息,15,0,15,高橋-內壢,2024-10-23,5323
3189,景碩,16,1,15,高橋-內壢,2024-10-23,5323
00919,群益台灣精選高息,16,2,14,高橋-內壢,2024-10-23,5323
00900,富邦特選高股息30,13,0,13,高橋-內壢,2024-10-23,5323
00940,元大台灣價值高息,12,0,12,高橋-內壢,2024-10-23,5323
4909,新復興,12,0,12,高橋-內壢,2024-10-23,5323
6152,百一,12,0,12,高橋-內壢,2024-10-23,5323
2317,鴻海,15,4,11,高橋-內壢,2024-10-23,5323
00712,復華富時不動產,11,0,11,高橋-內壢,2024-10-23,5323
00954,中信日本半導體,11,0,11,高橋-內壢,2024-10-23,5323
2014,中鴻,11,0,11,高橋-內壢,2024-10-23,5323
2887,台新金,11,0,11,高橋-內壢,2024-10-23,5323
9940,信義,11,0,11,高橋-內壢,2024-10-23,5323
00953B,群益優選非投等債,10,0,10,高橋-內壢,2024-10-23,5323
00950B,凱基A級公司債,10,0,10,高橋-內壢,2024-10-23,5323
1904,正隆,10,0,10,高橋-內壢,2024-10-23,5323
2867,三商壽,10,0,10,高橋-內壢,2024-10-23,5323
3290,東浦,16,6,10,高橋-內壢,2024-10-23,5323
00687B,國泰20年美債,9,0,9,高橋-內壢,2024-10-23,5323
1503,士電,10,1,9,高橋-內壢,2024-10-23,5323
3711,日月光投控,9,0,9,高橋-內壢,2024-10-23,5323
3481,群創,17,8,9,高橋-內壢,2024-10-23,5323
2615,萬海,85,77,8,高橋-內壢,2024-10-23,5323
5347,世界,8,0,8,高橋-內壢,2024-10-23,5323
00918,大華優利高填息30,7,0,7,高橋-內壢,2024-10-23,5323
6532,瑞耘,8,1,7,高橋-內壢,2024-10-23,5323
00632R,元大台灣50反1,20,14,6,高橋-內壢,2024-10-23,5323
1229,聯華,6,0,6,高橋-內壢,2024-10-23,5323
1528,恩德,14,8,6,高橋-內壢,2024-10-23,5323
1802,台玻,8,2,6,高橋-內壢,2024-10-23,5323
2365,昆盈,7,1,6,高橋-內壢,2024-10-23,5323
2412,中華電,6,0,6,高橋-內壢,2024-10-23,5323
8032,光菱,7,1,6,高橋-內壢,2024-10-23,5323
2363,矽統,10,5,5,高橋-內壢,2024-10-23,5323
1305,華夏,5,0,5,高橋-內壢,2024-10-23,5323
2845,遠東銀,300,0,300,高橋-內壢,2024-10-24,5323
00687B,國泰20年美債,67,13,54,高橋-內壢,2024-10-24,5323
5512,力麒,50,0,50,高橋-內壢,2024-10-24,5323
3149,正達,101,52,49,高橋-內壢,2024-10-24,5323
3019,亞光,42,0,42,高橋-內壢,2024-10-24,5323
2891,中信金,41,0,41,高橋-內壢,2024-10-24,5323
1517,利奇,39,0,39,高橋-內壢,2024-10-24,5323
0056,元大高股息,40,3,37,高橋-內壢,2024-10-24,5323
2329,華泰,33,0,33,高橋-內壢,2024-10-24,5323
3450,聯鈞,40,10,30,高橋-內壢,2024-10-24,5323
00680L,元大美債20正2,30,0,30,高橋-內壢,2024-10-24,5323
2344,華邦電,28,0,28,高橋-內壢,2024-10-24,5323
00881,國泰台灣5G+,27,0,27,高橋-內壢,2024-10-24,5323
00932,兆豐永續高息等權,27,0,27,高橋-內壢,2024-10-24,5323
1721,三晃,35,11,24,高橋-內壢,2024-10-24,5323
5302,太欣,23,0,23,高橋-內壢,2024-10-24,5323
00919,群益台灣精選高息,22,1,21,高橋-內壢,2024-10-24,5323
3715,定穎投控,61,40,21,高橋-內壢,2024-10-24,5323
2303,聯電,20,0,20,高橋-內壢,2024-10-24,5323
00712,復華富時不動產,20,0,20,高橋-內壢,2024-10-24,5323
00877,復華中國5G,20,0,20,高橋-內壢,2024-10-24,5323
1314,中石化,20,0,20,高橋-內壢,2024-10-24,5323
1718,中纖,18,0,18,高橋-內壢,2024-10-24,5323
2317,鴻海,26,9,17,高橋-內壢,2024-10-24,5323
2605,新興,15,0,15,高橋-內壢,2024-10-24,5323
1528,恩德,16,2,14,高橋-內壢,2024-10-24,5323
1513,中興電,13,0,13,高橋-內壢,2024-10-24,5323
5356,協益,13,0,13,高橋-內壢,2024-10-24,5323
00905,FT臺灣Smart,12,0,12,高橋-內壢,2024-10-24,5323
2014,中鴻,12,0,12,高橋-內壢,2024-10-24,5323
2609,陽明,13,2,11,高橋-內壢,2024-10-24,5323
3037,欣興,26,15,11,高橋-內壢,2024-10-24,5323
1609,大亞,10,0,10,高橋-內壢,2024-10-24,5323
3551,世禾,10,0,10,高橋-內壢,2024-10-24,5323
00938,凱基優選30,10,0,10,高橋-內壢,2024-10-24,5323
00940,元大台灣價值高息,10,0,10,高橋-內壢,2024-10-24,5323
00946,群益科技高息成長,10,0,10,高橋-內壢,2024-10-24,5323
00958B,永豐ESG銀行債15,10,0,10,高橋-內壢,2024-10-24,5323
2801,彰銀,10,0,10,高橋-內壢,2024-10-24,5323
5880,合庫金,10,0,10,高橋-內壢,2024-10-24,5323
6506,雙邦,10,0,10,高橋-內壢,2024-10-24,5323
2489,瑞軒,13,4,9,高橋-內壢,2024-10-24,5323
2431,聯昌,12,3,9,高橋-內壢,2024-10-24,5323
6438,迅得,9,0,9,高橋-內壢,2024-10-24,5323
00922,國泰台灣領袖50,9,1,8,高橋-內壢,2024-10-24,5323
00930,永豐ESG低碳高息,8,0,8,高橋-內壢,2024-10-24,5323
00937B,群益ESG投等債20,9,1,8,高橋-內壢,2024-10-24,5323
2027,大成鋼,8,0,8,高橋-內壢,2024-10-24,5323
2888,新光金,10,2,8,高橋-內壢,2024-10-24,5323
4915,致伸,11,3,8,高橋-內壢,2024-10-24,5323
2646,星宇航空,252,26,226,高橋-內壢,2024-10-25,5323
00642U,期元大S＆P石油,100,0,100,高橋-內壢,2024-10-25,5323
6770,力積電,52,0,52,高橋-內壢,2024-10-25,5323
00687B,國泰20年美債,32,1,31,高橋-內壢,2024-10-25,5323
1721,三晃,25,0,25,高橋-內壢,2024-10-25,5323
1718,中纖,23,0,23,高橋-內壢,2024-10-25,5323
1806,冠軍,30,7,23,高橋-內壢,2024-10-25,5323
2367,燿華,22,0,22,高橋-內壢,2024-10-25,5323
2867,三商壽,22,0,22,高橋-內壢,2024-10-25,5323
00878,國泰永續高股息,20,0,20,高橋-內壢,2024-10-25,5323
3715,定穎投控,66,46,20,高橋-內壢,2024-10-25,5323
00830,國泰費城半導體,18,0,18,高橋-內壢,2024-10-25,5323
8150,南茂,16,0,16,高橋-內壢,2024-10-25,5323
2834,臺企銀,15,0,15,高橋-內壢,2024-10-25,5323
00885,富邦越南,15,0,15,高橋-內壢,2024-10-25,5323
2634,漢翔,13,0,13,高橋-內壢,2024-10-25,5323
2303,聯電,12,0,12,高橋-內壢,2024-10-25,5323
0056,元大高股息,14,2,12,高橋-內壢,2024-10-25,5323
2344,華邦電,12,0,12,高橋-內壢,2024-10-25,5323
2889,國票金,12,0,12,高橋-內壢,2024-10-25,5323
1711,永光,11,0,11,高橋-內壢,2024-10-25,5323
3707,漢磊,11,0,11,高橋-內壢,2024-10-25,5323
5302,太欣,11,0,11,高橋-內壢,2024-10-25,5323
1227,佳格,10,0,10,高橋-內壢,2024-10-25,5323
1595,川寶,10,0,10,高橋-內壢,2024-10-25,5323
2548,華固,10,0,10,高橋-內壢,2024-10-25,5323
6116,彩晶,10,0,10,高橋-內壢,2024-10-25,5323
00919,群益台灣精選高息,11,2,9,高橋-內壢,2024-10-25,5323
1536,和大,10,1,9,高橋-內壢,2024-10-25,5323
2351,順德,10,1,9,高橋-內壢,2024-10-25,5323
2495,普安,12,3,9,高橋-內壢,2024-10-25,5323
00911,兆豐洲際半導體,8,0,8,高橋-內壢,2024-10-25,5323
00712,復華富時不動產,8,0,8,高橋-內壢,2024-10-25,5323
2415,錩新,10,2,8,高橋-內壢,2024-10-25,5323
2439,美律,8,0,8,高橋-內壢,2024-10-25,5323
2891,中信金,8,0,8,高橋-內壢,2024-10-25,5323
5243,乙盛-KY,18,10,8,高橋-內壢,2024-10-25,5323
00960,野村全球航運龍頭,7,0,7,高橋-內壢,2024-10-25,5323
1524,耿鼎,7,0,7,高橋-內壢,2024-10-25,5323
3035,智原,7,0,7,高橋-內壢,2024-10-25,5323
3149,正達,10,3,7,高橋-內壢,2024-10-25,5323
3450,聯鈞,17,10,7,高橋-內壢,2024-10-25,5323
5202,力新,11,4,7,高橋-內壢,2024-10-25,5323
9945,潤泰新,7,0,7,高橋-內壢,2024-10-25,5323
2374,佳能,7,1,6,高橋-內壢,2024-10-25,5323
2455,全新,6,0,6,高橋-內壢,2024-10-25,5323
2482,連宇,6,0,6,高橋-內壢,2024-10-25,5323
1434,福懋,5,0,5,高橋-內壢,2024-10-25,5323
2426,鼎元,5,0,5,高橋-內壢,2024-10-25,5323
2440,太空梭,5,0,5,高橋-內壢,2024-10-25,5323
2887,台新金,111,0,111,高橋-內壢,2024-10-28,5323
2646,星宇航空,150,41,109,高橋-內壢,2024-10-28,5323
2409,友達,101,2,99,高橋-內壢,2024-10-28,5323
1727,中華化,60,5,55,高橋-內壢,2024-10-28,5323
2867,三商壽,25,0,25,高橋-內壢,2024-10-28,5323
2883,凱基金,21,0,21,高橋-內壢,2024-10-28,5323
2834,臺企銀,18,0,18,高橋-內壢,2024-10-28,5323
00877,復華中國5G,15,0,15,高橋-內壢,2024-10-28,5323
2609,陽明,17,2,15,高橋-內壢,2024-10-28,5323
00712,復華富時不動產,14,0,14,高橋-內壢,2024-10-28,5323
2302,麗正,14,0,14,高橋-內壢,2024-10-28,5323
8150,南茂,14,0,14,高橋-內壢,2024-10-28,5323
00654R,富邦印度反1,13,0,13,高橋-內壢,2024-10-28,5323
2356,英業達,12,0,12,高橋-內壢,2024-10-28,5323
00878,國泰永續高股息,13,2,11,高橋-內壢,2024-10-28,5323
2354,鴻準,14,3,11,高橋-內壢,2024-10-28,5323
2399,映泰,17,6,11,高橋-內壢,2024-10-28,5323
00933B,國泰10Y+金融債,10,0,10,高橋-內壢,2024-10-28,5323
2340,台亞,10,0,10,高橋-內壢,2024-10-28,5323
2367,燿華,10,0,10,高橋-內壢,2024-10-28,5323
2615,萬海,11,1,10,高橋-內壢,2024-10-28,5323
4440,宜新實業,10,0,10,高橋-內壢,2024-10-28,5323
6425,易發,10,0,10,高橋-內壢,2024-10-28,5323
6492,生華科,10,0,10,高橋-內壢,2024-10-28,5323
2539,櫻花建,10,0,10,高橋-內壢,2024-10-28,5323
2303,聯電,16,6,10,高橋-內壢,2024-10-28,5323
3323,加百裕,11,2,9,高橋-內壢,2024-10-28,5323
00637L,元大滬深300正2,27,20,7,高橋-內壢,2024-10-28,5323
006208,富邦台50,7,0,7,高橋-內壢,2024-10-28,5323
6127,九豪,7,0,7,高橋-內壢,2024-10-28,5323
6291,沛亨,7,0,7,高橋-內壢,2024-10-28,5323
6770,力積電,12,5,7,高橋-內壢,2024-10-28,5323
9940,信義,7,0,7,高橋-內壢,2024-10-28,5323
00795B,中信美國公債20年,6,0,6,高橋-內壢,2024-10-28,5323
1584,精剛,6,0,6,高橋-內壢,2024-10-28,5323
00679B,元大美債20年,6,0,6,高橋-內壢,2024-10-28,5323
00939,統一台灣高息動能,6,0,6,高橋-內壢,2024-10-28,5323
2312,金寶,6,0,6,高橋-內壢,2024-10-28,5323
2482,連宇,6,0,6,高橋-內壢,2024-10-28,5323
6261,久元,6,0,6,高橋-內壢,2024-10-28,5323
6288,聯嘉,6,0,6,高橋-內壢,2024-10-28,5323
8039,台虹,6,0,6,高橋-內壢,2024-10-28,5323
2330,台積電,5,0,5,高橋-內壢,2024-10-28,5323
5434,崇越,5,0,5,高橋-內壢,2024-10-28,5323
00946,群益科技高息成長,5,0,5,高橋-內壢,2024-10-28,5323
00772B,中信高評級公司債,5,0,5,高橋-內壢,2024-10-28,5323
1615,大山,5,0,5,高橋-內壢,2024-10-28,5323
2103,台橡,5,0,5,高橋-內壢,2024-10-28,5323
2313,華通,5,0,5,高橋-內壢,2024-10-28,5323
2431,聯昌,5,0,5,高橋-內壢,2024-10-28,5323
00929,復華台灣科技優息,122,5,117,高橋-內壢,2024-10-29,5323
00919,群益台灣精選高息,96,1,95,高橋-內壢,2024-10-29,5323
2867,三商壽,78,0,78,高橋-內壢,2024-10-29,5323
00878,國泰永續高股息,57,0,57,高橋-內壢,2024-10-29,5323
2834,臺企銀,56,0,56,高橋-內壢,2024-10-29,5323
2883,凱基金,51,0,51,高橋-內壢,2024-10-29,5323
2303,聯電,53,2,51,高橋-內壢,2024-10-29,5323
3149,正達,105,57,48,高橋-內壢,2024-10-29,5323
2888,新光金,46,1,45,高橋-內壢,2024-10-29,5323
0056,元大高股息,44,0,44,高橋-內壢,2024-10-29,5323
2845,遠東銀,42,0,42,高橋-內壢,2024-10-29,5323
00940,元大台灣價值高息,38,1,37,高橋-內壢,2024-10-29,5323
5880,合庫金,32,0,32,高橋-內壢,2024-10-29,5323
6116,彩晶,30,0,30,高橋-內壢,2024-10-29,5323
1517,利奇,24,0,24,高橋-內壢,2024-10-29,5323
00881,國泰台灣5G+,24,0,24,高橋-內壢,2024-10-29,5323
2317,鴻海,45,24,21,高橋-內壢,2024-10-29,5323
00946,群益科技高息成長,21,0,21,高橋-內壢,2024-10-29,5323
2646,星宇航空,37,16,21,高橋-內壢,2024-10-29,5323
3189,景碩,22,2,20,高橋-內壢,2024-10-29,5323
00918,大華優利高填息30,18,0,18,高橋-內壢,2024-10-29,5323
2634,漢翔,16,0,16,高橋-內壢,2024-10-29,5323
2302,麗正,15,0,15,高橋-內壢,2024-10-29,5323
2880,華南金,15,0,15,高橋-內壢,2024-10-29,5323
5302,太欣,14,0,14,高橋-內壢,2024-10-29,5323
5356,協益,14,0,14,高橋-內壢,2024-10-29,5323
00953B,群益優選非投等債,13,0,13,高橋-內壢,2024-10-29,5323
00937B,群益ESG投等債20,11,0,11,高橋-內壢,2024-10-29,5323
5488,松普,12,1,11,高橋-內壢,2024-10-29,5323
5608,四維航,11,0,11,高橋-內壢,2024-10-29,5323
006208,富邦台50,10,0,10,高橋-內壢,2024-10-29,5323
00938,凱基優選30,10,0,10,高橋-內壢,2024-10-29,5323
1227,佳格,10,0,10,高橋-內壢,2024-10-29,5323
00633L,富邦上証正2,10,0,10,高橋-內壢,2024-10-29,5323
1447,力鵬,10,0,10,高橋-內壢,2024-10-29,5323
1714,和桐,10,0,10,高橋-內壢,2024-10-29,5323
2515,中工,10,0,10,高橋-內壢,2024-10-29,5323
4743,合一,15,5,10,高橋-內壢,2024-10-29,5323
1464,得力,9,0,9,高橋-內壢,2024-10-29,5323
2323,中環,11,2,9,高橋-內壢,2024-10-29,5323
2498,宏達電,9,0,9,高橋-內壢,2024-10-29,5323
3037,欣興,10,1,9,高橋-內壢,2024-10-29,5323
4440,宜新實業,9,0,9,高橋-內壢,2024-10-29,5323
8150,南茂,9,0,9,高橋-內壢,2024-10-29,5323
2330,台積電,11,3,8,高橋-內壢,2024-10-29,5323
2458,義隆,8,0,8,高橋-內壢,2024-10-29,5323
2891,中信金,8,0,8,高橋-內壢,2024-10-29,5323
3058,立德,8,0,8,高橋-內壢,2024-10-29,5323
00713,元大台灣高息低波,7,0,7,高橋-內壢,2024-10-29,5323
00637L,元大滬深300正2,7,0,7,高橋-內壢,2024-10-29,5323
00687B,國泰20年美債,68,0,68,高橋-內壢,2024-10-30,5323
00878,國泰永續高股息,60,0,60,高橋-內壢,2024-10-30,5323
2867,三商壽,46,0,46,高橋-內壢,2024-10-30,5323
00919,群益台灣精選高息,30,2,28,高橋-內壢,2024-10-30,5323
2887,台新金,27,0,27,高橋-內壢,2024-10-30,5323
00929,復華台灣科技優息,30,4,26,高橋-內壢,2024-10-30,5323
8043,蜜望實,24,0,24,高橋-內壢,2024-10-30,5323
2888,新光金,22,1,21,高橋-內壢,2024-10-30,5323
3450,聯鈞,38,17,21,高橋-內壢,2024-10-30,5323
00881,國泰台灣5G+,20,0,20,高橋-內壢,2024-10-30,5323
1303,南亞,20,0,20,高橋-內壢,2024-10-30,5323
00946,群益科技高息成長,19,0,19,高橋-內壢,2024-10-30,5323
8150,南茂,15,0,15,高橋-內壢,2024-10-30,5323
2387,精元,14,0,14,高橋-內壢,2024-10-30,5323
2421,建準,14,1,13,高橋-內壢,2024-10-30,5323
3264,欣銓,13,0,13,高橋-內壢,2024-10-30,5323
2303,聯電,12,0,12,高橋-內壢,2024-10-30,5323
2834,臺企銀,12,0,12,高橋-內壢,2024-10-30,5323
8249,菱光,16,4,12,高橋-內壢,2024-10-30,5323
2449,京元電子,11,0,11,高橋-內壢,2024-10-30,5323
6261,久元,11,0,11,高橋-內壢,2024-10-30,5323
00940,元大台灣價值高息,15,5,10,高橋-內壢,2024-10-30,5323
2014,中鴻,10,0,10,高橋-內壢,2024-10-30,5323
3515,華擎,10,0,10,高橋-內壢,2024-10-30,5323
4440,宜新實業,10,0,10,高橋-內壢,2024-10-30,5323
6104,創惟,10,0,10,高橋-內壢,2024-10-30,5323
00934,中信成長高股息,9,0,9,高橋-內壢,2024-10-30,5323
00882,中信中國高股息,9,0,9,高橋-內壢,2024-10-30,5323
00712,復華富時不動產,9,0,9,高橋-內壢,2024-10-30,5323
2337,旺宏,8,0,8,高橋-內壢,2024-10-30,5323
00939,統一台灣高息動能,8,0,8,高橋-內壢,2024-10-30,5323
2495,普安,9,1,8,高橋-內壢,2024-10-30,5323
3545,敦泰,12,4,8,高橋-內壢,2024-10-30,5323
3702,大聯大,8,0,8,高橋-內壢,2024-10-30,5323
2027,大成鋼,7,0,7,高橋-內壢,2024-10-30,5323
5356,協益,7,0,7,高橋-內壢,2024-10-30,5323
2313,華通,6,0,6,高橋-內壢,2024-10-30,5323
2327,國巨,6,0,6,高橋-內壢,2024-10-30,5323
00753L,中信中國50正2,10,4,6,高橋-內壢,2024-10-30,5323
1605,華新,8,2,6,高橋-內壢,2024-10-30,5323
1718,中纖,6,0,6,高橋-內壢,2024-10-30,5323
1727,中華化,11,5,6,高橋-內壢,2024-10-30,5323
2382,廣達,6,0,6,高橋-內壢,2024-10-30,5323
1312,國喬,5,0,5,高橋-內壢,2024-10-30,5323
00915,凱基優選高股息30,5,0,5,高橋-內壢,2024-10-30,5323
00922,國泰台灣領袖50,5,0,5,高橋-內壢,2024-10-30,5323
2105,正新,5,0,5,高橋-內壢,2024-10-30,5323
2344,華邦電,5,0,5,高橋-內壢,2024-10-30,5323
2412,中華電,5,0,5,高橋-內壢,2024-10-30,5323
2431,聯昌,22,17,5,高橋-內壢,2024-10-30,5323
00878,國泰永續高股息,116,0,116,高橋-內壢,2024-11-01,5323
00919,群益台灣精選高息,111,2,109,高橋-內壢,2024-11-01,5323
00773B,中信優先金融債,100,0,100,高橋-內壢,2024-11-01,5323
2303,聯電,80,2,78,高橋-內壢,2024-11-01,5323
0056,元大高股息,72,2,70,高橋-內壢,2024-11-01,5323
2646,星宇航空,66,4,62,高橋-內壢,2024-11-01,5323
00687B,國泰20年美債,32,0,32,高橋-內壢,2024-11-01,5323
2317,鴻海,31,3,28,高橋-內壢,2024-11-01,5323
2867,三商壽,24,0,24,高橋-內壢,2024-11-01,5323
1727,中華化,22,5,17,高橋-內壢,2024-11-01,5323
00637L,元大滬深300正2,14,0,14,高橋-內壢,2024-11-01,5323
00712,復華富時不動產,13,0,13,高橋-內壢,2024-11-01,5323
3711,日月光投控,17,5,12,高橋-內壢,2024-11-01,5323
00673R,期元大S＆P原油反1,12,0,12,高橋-內壢,2024-11-01,5323
6770,力積電,40,29,11,高橋-內壢,2024-11-01,5323
5356,協益,11,0,11,高橋-內壢,2024-11-01,5323
00924,復華S＆P500成長,10,0,10,高橋-內壢,2024-11-01,5323
00954,中信日本半導體,10,0,10,高橋-內壢,2024-11-01,5323
00953B,群益優選非投等債,10,0,10,高橋-內壢,2024-11-01,5323
4533,協易機,10,0,10,高橋-內壢,2024-11-01,5323
2354,鴻準,60,50,10,高橋-內壢,2024-11-01,5323
3481,群創,10,0,10,高橋-內壢,2024-11-01,5323
2330,台積電,11,1,10,高橋-內壢,2024-11-01,5323
1101,台泥,10,1,9,高橋-內壢,2024-11-01,5323
2302,麗正,8,0,8,高橋-內壢,2024-11-01,5323
5438,東友,10,2,8,高橋-內壢,2024-11-01,5323
2834,臺企銀,8,0,8,高橋-內壢,2024-11-01,5323
00941,中信上游半導體,7,0,7,高橋-內壢,2024-11-01,5323
00911,兆豐洲際半導體,7,0,7,高橋-內壢,2024-11-01,5323
1449,佳和,8,1,7,高橋-內壢,2024-11-01,5323
2634,漢翔,8,1,7,高橋-內壢,2024-11-01,5323
5880,合庫金,7,0,7,高橋-內壢,2024-11-01,5323
00830,國泰費城半導體,6,0,6,高橋-內壢,2024-11-01,5323
00891,中信關鍵半導體,6,0,6,高橋-內壢,2024-11-01,5323
2449,京元電子,5,0,5,高橋-內壢,2024-11-01,5323
2886,兆豐金,5,0,5,高橋-內壢,2024-11-01,5323
3055,蔚華科,5,0,5,高橋-內壢,2024-11-01,5323
8150,南茂,6,1,5,高橋-內壢,2024-11-01,5323
9945,潤泰新,10,5,5,高橋-內壢,2024-11-01,5323
2408,南亞科,4,0,4,高橋-內壢,2024-11-01,5323
0050,元大台灣50,6,2,4,高橋-內壢,2024-11-01,5323
00713,元大台灣高息低波,4,0,4,高橋-內壢,2024-11-01,5323
1528,恩德,8,4,4,高橋-內壢,2024-11-01,5323
2399,映泰,8,4,4,高橋-內壢,2024-11-01,5323
2405,輔信,4,0,4,高橋-內壢,2024-11-01,5323
2392,正崴,3,0,3,高橋-內壢,2024-11-01,5323
006208,富邦台50,3,0,3,高橋-內壢,2024-11-01,5323
00922,國泰台灣領袖50,5,2,3,高橋-內壢,2024-11-01,5323
00936,台新永續高息中小,3,0,3,高橋-內壢,2024-11-01,5323
00642U,期元大S＆P石油,3,0,3,高橋-內壢,2024-11-01,5323
00878,國泰永續高股息,72,0,72,高橋-內壢,2024-11-04,5323
00937B,群益ESG投等債20,65,0,65,高橋-內壢,2024-11-04,5323
00953B,群益優選非投等債,50,0,50,高橋-內壢,2024-11-04,5323
2609,陽明,52,4,48,高橋-內壢,2024-11-04,5323
00943,兆豐電子高息等權,46,1,45,高橋-內壢,2024-11-04,5323
00932,兆豐永續高息等權,31,0,31,高橋-內壢,2024-11-04,5323
00919,群益台灣精選高息,27,0,27,高橋-內壢,2024-11-04,5323
00915,凱基優選高股息30,28,1,27,高橋-內壢,2024-11-04,5323
1904,正隆,20,0,20,高橋-內壢,2024-11-04,5323
2344,華邦電,20,0,20,高橋-內壢,2024-11-04,5323
2392,正崴,20,0,20,高橋-內壢,2024-11-04,5323
2888,新光金,20,0,20,高橋-內壢,2024-11-04,5323
00948B,中信優息投資級債,17,0,17,高橋-內壢,2024-11-04,5323
00933B,國泰10Y+金融債,17,0,17,高橋-內壢,2024-11-04,5323
00679B,元大美債20年,16,0,16,高橋-內壢,2024-11-04,5323
1815,富喬,16,0,16,高橋-內壢,2024-11-04,5323
3701,大眾控,15,0,15,高橋-內壢,2024-11-04,5323
00687B,國泰20年美債,13,0,13,高橋-內壢,2024-11-04,5323
3189,景碩,12,0,12,高橋-內壢,2024-11-04,5323
5314,世紀,12,0,12,高橋-內壢,2024-11-04,5323
3260,威剛,11,0,11,高橋-內壢,2024-11-04,5323
4956,光鋐,11,0,11,高橋-內壢,2024-11-04,5323
2303,聯電,15,5,10,高橋-內壢,2024-11-04,5323
4903,聯光通,10,0,10,高橋-內壢,2024-11-04,5323
2489,瑞軒,10,2,8,高橋-內壢,2024-11-04,5323
00922,國泰台灣領袖50,8,0,8,高橋-內壢,2024-11-04,5323
3105,穩懋,8,0,8,高橋-內壢,2024-11-04,5323
2409,友達,7,0,7,高橋-內壢,2024-11-04,5323
2537,聯上發,7,0,7,高橋-內壢,2024-11-04,5323
3062,建漢,10,3,7,高橋-內壢,2024-11-04,5323
6248,沛波,7,0,7,高橋-內壢,2024-11-04,5323
8032,光菱,10,3,7,高橋-內壢,2024-11-04,5323
2834,臺企銀,7,0,7,高橋-內壢,2024-11-04,5323
2337,旺宏,6,0,6,高橋-內壢,2024-11-04,5323
2405,輔信,6,0,6,高橋-內壢,2024-11-04,5323
3312,弘憶股,6,0,6,高橋-內壢,2024-11-04,5323
3437,榮創,6,0,6,高橋-內壢,2024-11-04,5323
3535,晶彩科,6,0,6,高橋-內壢,2024-11-04,5323
5434,崇越,6,0,6,高橋-內壢,2024-11-04,5323
00680L,元大美債20正2,5,0,5,高橋-內壢,2024-11-04,5323
1784,訊聯,5,0,5,高橋-內壢,2024-11-04,5323
2305,全友,5,0,5,高橋-內壢,2024-11-04,5323
2421,建準,5,0,5,高橋-內壢,2024-11-04,5323
2431,聯昌,23,18,5,高橋-內壢,2024-11-04,5323
2706,第一店,5,0,5,高橋-內壢,2024-11-04,5323
3558,神準,5,0,5,高橋-內壢,2024-11-04,5323
3702,大聯大,5,0,5,高橋-內壢,2024-11-04,5323
4306,炎洲,5,0,5,高橋-內壢,2024-11-04,5323
6261,久元,5,0,5,高橋-內壢,2024-11-04,5323
8390,金益鼎,14,9,5,高橋-內壢,2024-11-04,5323
00665L,富邦�琤肭磪囓�2,102,1,101,高橋-內壢,2024-11-05,5323
00878,國泰永續高股息,63,0,63,高橋-內壢,2024-11-05,5323
2646,星宇航空,57,1,56,高橋-內壢,2024-11-05,5323
0056,元大高股息,37,1,36,高橋-內壢,2024-11-05,5323
00919,群益台灣精選高息,34,0,34,高橋-內壢,2024-11-05,5323
1447,力鵬,22,0,22,高橋-內壢,2024-11-05,5323
2845,遠東銀,21,0,21,高橋-內壢,2024-11-05,5323
2303,聯電,31,11,20,高橋-內壢,2024-11-05,5323
4903,聯光通,24,5,19,高橋-內壢,2024-11-05,5323
00713,元大台灣高息低波,16,0,16,高橋-內壢,2024-11-05,5323
3701,大眾控,16,0,16,高橋-內壢,2024-11-05,5323
00946,群益科技高息成長,14,0,14,高橋-內壢,2024-11-05,5323
3189,景碩,11,0,11,高橋-內壢,2024-11-05,5323
6609,瀧澤科,12,1,11,高橋-內壢,2024-11-05,5323
2392,正崴,10,0,10,高橋-內壢,2024-11-05,5323
3702,大聯大,12,2,10,高橋-內壢,2024-11-05,5323
6661,威健生技,10,0,10,高橋-內壢,2024-11-05,5323
6770,力積電,10,0,10,高橋-內壢,2024-11-05,5323
00943,兆豐電子高息等權,10,1,9,高橋-內壢,2024-11-05,5323
2312,金寶,10,1,9,高橋-內壢,2024-11-05,5323
2354,鴻準,42,34,8,高橋-內壢,2024-11-05,5323
2349,錸德,8,0,8,高橋-內壢,2024-11-05,5323
2363,矽統,12,4,8,高橋-內壢,2024-11-05,5323
3339,泰谷,8,0,8,高橋-內壢,2024-11-05,5323
5315,光聯,7,0,7,高橋-內壢,2024-11-05,5323
5603,陸海,7,0,7,高橋-內壢,2024-11-05,5323
1560,中砂,6,0,6,高橋-內壢,2024-11-05,5323
2344,華邦電,6,0,6,高橋-內壢,2024-11-05,5323
3049,精金,9,3,6,高橋-內壢,2024-11-05,5323
6274,台燿,6,0,6,高橋-內壢,2024-11-05,5323
8390,金益鼎,6,0,6,高橋-內壢,2024-11-05,5323
1528,恩德,6,1,5,高橋-內壢,2024-11-05,5323
00891,中信關鍵半導體,5,0,5,高橋-內壢,2024-11-05,5323
1611,中電,5,0,5,高橋-內壢,2024-11-05,5323
3227,原相,5,0,5,高橋-內壢,2024-11-05,5323
4958,臻鼎-KY,5,0,5,高橋-內壢,2024-11-05,5323
3711,日月光投控,7,3,4,高橋-內壢,2024-11-05,5323
00932,兆豐永續高息等權,4,0,4,高橋-內壢,2024-11-05,5323
1718,中纖,4,0,4,高橋-內壢,2024-11-05,5323
2009,第一銅,4,0,4,高橋-內壢,2024-11-05,5323
2929,淘帝-KY,7,3,4,高橋-內壢,2024-11-05,5323
6261,久元,4,0,4,高橋-內壢,2024-11-05,5323
8429,金麗-KY,18,14,4,高橋-內壢,2024-11-05,5323
5443,均豪,5,2,3,高橋-內壢,2024-11-05,5323
1522,堤維西,3,0,3,高橋-內壢,2024-11-05,5323
2369,菱生,5,2,3,高橋-內壢,2024-11-05,5323
2618,長榮航,5,2,3,高橋-內壢,2024-11-05,5323
4440,宜新實業,3,0,3,高橋-內壢,2024-11-05,5323
6188,廣明,4,1,3,高橋-內壢,2024-11-05,5323
6235,華孚,3,0,3,高橋-內壢,2024-11-05,5323
00943,兆豐電子高息等權,170,20,150,高橋-內壢,2024-11-06,5323
00919,群益台灣精選高息,107,2,105,高橋-內壢,2024-11-06,5323
00878,國泰永續高股息,107,25,82,高橋-內壢,2024-11-06,5323
3149,正達,155,101,54,高橋-內壢,2024-11-06,5323
2883,凱基金,52,0,52,高橋-內壢,2024-11-06,5323
6244,茂迪,51,0,51,高橋-內壢,2024-11-06,5323
1314,中石化,45,0,45,高橋-內壢,2024-11-06,5323
3049,精金,41,1,40,高橋-內壢,2024-11-06,5323
1447,力鵬,34,0,34,高橋-內壢,2024-11-06,5323
2354,鴻準,51,17,34,高橋-內壢,2024-11-06,5323
00753L,中信中國50正2,33,2,31,高橋-內壢,2024-11-06,5323
2328,廣宇,31,1,30,高橋-內壢,2024-11-06,5323
00900,富邦特選高股息30,22,0,22,高橋-內壢,2024-11-06,5323
00632R,元大台灣50反1,20,0,20,高橋-內壢,2024-11-06,5323
5302,太欣,18,0,18,高橋-內壢,2024-11-06,5323
911868,同方友友-DR,18,0,18,高橋-內壢,2024-11-06,5323
2431,聯昌,19,5,14,高橋-內壢,2024-11-06,5323
00936,台新永續高息中小,14,1,13,高橋-內壢,2024-11-06,5323
00948B,中信優息投資級債,23,10,13,高橋-內壢,2024-11-06,5323
00637L,元大滬深300正2,32,20,12,高橋-內壢,2024-11-06,5323
00940,元大台灣價值高息,31,19,12,高橋-內壢,2024-11-06,5323
3550,聯穎,10,0,10,高橋-內壢,2024-11-06,5323
00924,復華S＆P500成長,10,0,10,高橋-內壢,2024-11-06,5323
2385,群光,11,1,10,高橋-內壢,2024-11-06,5323
2539,櫻花建,10,0,10,高橋-內壢,2024-11-06,5323
3234,光環,10,0,10,高橋-內壢,2024-11-06,5323
4933,友輝,10,0,10,高橋-內壢,2024-11-06,5323
4967,十銓,12,2,10,高橋-內壢,2024-11-06,5323
6156,松上,10,0,10,高橋-內壢,2024-11-06,5323
8047,星雲,11,1,10,高橋-內壢,2024-11-06,5323
1718,中纖,9,0,9,高橋-內壢,2024-11-06,5323
006207,復華滬深,8,0,8,高橋-內壢,2024-11-06,5323
3711,日月光投控,14,7,7,高橋-內壢,2024-11-06,5323
5438,東友,10,3,7,高橋-內壢,2024-11-06,5323
00795B,中信美國公債20年,6,0,6,高橋-內壢,2024-11-06,5323
00907,永豐優息存股,6,0,6,高橋-內壢,2024-11-06,5323
0056,元大高股息,7,1,6,高橋-內壢,2024-11-06,5323
1609,大亞,6,0,6,高橋-內壢,2024-11-06,5323
6531,愛普*,6,0,6,高橋-內壢,2024-11-06,5323
8390,金益鼎,6,0,6,高橋-內壢,2024-11-06,5323
00933B,國泰10Y+金融債,5,0,5,高橋-內壢,2024-11-06,5323
00650L,復華香港正2,5,0,5,高橋-內壢,2024-11-06,5323
00887,永豐中國科技50大,5,0,5,高橋-內壢,2024-11-06,5323
1522,堤維西,6,1,5,高橋-內壢,2024-11-06,5323
1714,和桐,5,0,5,高橋-內壢,2024-11-06,5323
2739,寒舍,5,0,5,高橋-內壢,2024-11-06,5323
3312,弘憶股,6,1,5,高橋-內壢,2024-11-06,5323
3450,聯鈞,13,8,5,高橋-內壢,2024-11-06,5323
3591,艾笛森,5,0,5,高橋-內壢,2024-11-06,5323
5371,中光電,5,0,5,高橋-內壢,2024-11-06,5323
2344,華邦電,153,6,147,高橋-內壢,2024-11-07,5323
00720B,元大投資級公司債,63,0,63,高橋-內壢,2024-11-07,5323
3149,正達,243,207,36,高橋-內壢,2024-11-07,5323
00924,復華S＆P500成長,35,5,30,高橋-內壢,2024-11-07,5323
9105,泰金寶-DR,94,69,25,高橋-內壢,2024-11-07,5323
2615,萬海,26,3,23,高橋-內壢,2024-11-07,5323
3625,西勝,22,0,22,高橋-內壢,2024-11-07,5323
1447,力鵬,20,0,20,高橋-內壢,2024-11-07,5323
00935,野村臺灣新科技50,20,0,20,高橋-內壢,2024-11-07,5323
2515,中工,20,0,20,高橋-內壢,2024-11-07,5323
6770,力積電,22,2,20,高橋-內壢,2024-11-07,5323
6104,創惟,26,6,20,高橋-內壢,2024-11-07,5323
00878,國泰永續高股息,18,3,15,高橋-內壢,2024-11-07,5323
2609,陽明,22,7,15,高橋-內壢,2024-11-07,5323
911868,同方友友-DR,23,8,15,高橋-內壢,2024-11-07,5323
2888,新光金,20,8,12,高橋-內壢,2024-11-07,5323
5356,協益,12,0,12,高橋-內壢,2024-11-07,5323
5386,青雲,13,1,12,高橋-內壢,2024-11-07,5323
2303,聯電,35,23,12,高橋-內壢,2024-11-07,5323
4526,東台,12,1,11,高橋-內壢,2024-11-07,5323
00953B,群益優選非投等債,10,0,10,高橋-內壢,2024-11-07,5323
2497,怡利電,10,0,10,高橋-內壢,2024-11-07,5323
5014,建錩,10,0,10,高橋-內壢,2024-11-07,5323
5302,太欣,10,0,10,高橋-內壢,2024-11-07,5323
5880,合庫金,10,0,10,高橋-內壢,2024-11-07,5323
6150,撼訊,11,1,10,高橋-內壢,2024-11-07,5323
6591,動力-KY,10,0,10,高橋-內壢,2024-11-07,5323
00830,國泰費城半導體,9,0,9,高橋-內壢,2024-11-07,5323
2431,聯昌,10,1,9,高橋-內壢,2024-11-07,5323
8249,菱光,10,1,9,高橋-內壢,2024-11-07,5323
1314,中石化,8,0,8,高橋-內壢,2024-11-07,5323
2356,英業達,26,18,8,高橋-內壢,2024-11-07,5323
6869,雲豹能源,8,0,8,高橋-內壢,2024-11-07,5323
00713,元大台灣高息低波,7,0,7,高橋-內壢,2024-11-07,5323
2038,海光,7,0,7,高橋-內壢,2024-11-07,5323
2889,國票金,6,0,6,高橋-內壢,2024-11-07,5323
6753,龍德造船,6,0,6,高橋-內壢,2024-11-07,5323
00921,兆豐龍頭等權重,5,0,5,高橋-內壢,2024-11-07,5323
00632R,元大台灣50反1,5,0,5,高橋-內壢,2024-11-07,5323
3264,欣銓,5,0,5,高橋-內壢,2024-11-07,5323
6156,松上,5,0,5,高橋-內壢,2024-11-07,5323
8070,長華*,5,0,5,高橋-內壢,2024-11-07,5323
8150,南茂,5,0,5,高橋-內壢,2024-11-07,5323
00687B,國泰20年美債,5,1,4,高橋-內壢,2024-11-07,5323
00946,群益科技高息成長,4,0,4,高橋-內壢,2024-11-07,5323
1301,台塑,5,1,4,高橋-內壢,2024-11-07,5323
2368,金像電,4,0,4,高橋-內壢,2024-11-07,5323
2489,瑞軒,4,0,4,高橋-內壢,2024-11-07,5323
3290,東浦,4,0,4,高橋-內壢,2024-11-07,5323
4440,宜新實業,4,0,4,高橋-內壢,2024-11-07,5323
00932,兆豐永續高息等權,71,0,71,高橋-內壢,2024-11-08,5323
00680L,元大美債20正2,58,0,58,高橋-內壢,2024-11-08,5323
00941,中信上游半導體,50,0,50,高橋-內壢,2024-11-08,5323
2354,鴻準,59,21,38,高橋-內壢,2024-11-08,5323
3062,建漢,70,35,35,高橋-內壢,2024-11-08,5323
2605,新興,27,1,26,高橋-內壢,2024-11-08,5323
3227,原相,27,4,23,高橋-內壢,2024-11-08,5323
00919,群益台灣精選高息,21,1,20,高橋-內壢,2024-11-08,5323
00878,國泰永續高股息,20,0,20,高橋-內壢,2024-11-08,5323
2313,華通,22,2,20,高橋-內壢,2024-11-08,5323
00887,永豐中國科技50大,21,2,19,高橋-內壢,2024-11-08,5323
2353,宏��,18,0,18,高橋-內壢,2024-11-08,5323
00637L,元大滬深300正2,40,23,17,高橋-內壢,2024-11-08,5323
1447,力鵬,17,0,17,高橋-內壢,2024-11-08,5323
6151,晉倫,18,1,17,高橋-內壢,2024-11-08,5323
00943,兆豐電子高息等權,15,0,15,高橋-內壢,2024-11-08,5323
1718,中纖,13,0,13,高橋-內壢,2024-11-08,5323
4526,東台,13,0,13,高橋-內壢,2024-11-08,5323
2492,華新科,12,0,12,高橋-內壢,2024-11-08,5323
1536,和大,14,3,11,高橋-內壢,2024-11-08,5323
1815,富喬,11,0,11,高橋-內壢,2024-11-08,5323
2367,燿華,11,0,11,高橋-內壢,2024-11-08,5323
5243,乙盛-KY,11,0,11,高橋-內壢,2024-11-08,5323
6425,易發,13,2,11,高橋-內壢,2024-11-08,5323
9105,泰金寶-DR,23,12,11,高橋-內壢,2024-11-08,5323
2392,正崴,26,15,11,高橋-內壢,2024-11-08,5323
2303,聯電,22,11,11,高橋-內壢,2024-11-08,5323
1304,台聚,10,0,10,高橋-內壢,2024-11-08,5323
00720B,元大投資級公司債,73,63,10,高橋-內壢,2024-11-08,5323
2388,威盛,15,5,10,高橋-內壢,2024-11-08,5323
2539,櫻花建,10,0,10,高橋-內壢,2024-11-08,5323
3605,宏致,10,0,10,高橋-內壢,2024-11-08,5323
5014,建錩,10,0,10,高橋-內壢,2024-11-08,5323
6261,久元,9,0,9,高橋-內壢,2024-11-08,5323
1528,恩德,12,4,8,高橋-內壢,2024-11-08,5323
2489,瑞軒,11,3,8,高橋-內壢,2024-11-08,5323
3607,谷崧,8,0,8,高橋-內壢,2024-11-08,5323
6104,創惟,10,2,8,高橋-內壢,2024-11-08,5323
2368,金像電,7,0,7,高橋-內壢,2024-11-08,5323
2356,英業達,20,13,7,高橋-內壢,2024-11-08,5323
2374,佳能,8,1,7,高橋-內壢,2024-11-08,5323
2352,佳世達,6,0,6,高橋-內壢,2024-11-08,5323
2889,國票金,10,4,6,高橋-內壢,2024-11-08,5323
3504,揚明光,6,0,6,高橋-內壢,2024-11-08,5323
5371,中光電,6,0,6,高橋-內壢,2024-11-08,5323
2409,友達,6,0,6,高橋-內壢,2024-11-08,5323
1570,力肯,5,0,5,高橋-內壢,2024-11-08,5323
2412,中華電,5,0,5,高橋-內壢,2024-11-08,5323
2421,建準,6,1,5,高橋-內壢,2024-11-08,5323
2439,美律,5,0,5,高橋-內壢,2024-11-08,5323
00878,國泰永續高股息,71,13,58,高橋-內壢,2024-11-11,5323
00919,群益台灣精選高息,63,7,56,高橋-內壢,2024-11-11,5323
00680L,元大美債20正2,56,0,56,高橋-內壢,2024-11-11,5323
3047,訊舟,104,53,51,高橋-內壢,2024-11-11,5323
00665L,富邦�琤肭磪囓�2,52,3,49,高橋-內壢,2024-11-11,5323
6116,彩晶,40,0,40,高橋-內壢,2024-11-11,5323
2354,鴻準,42,9,33,高橋-內壢,2024-11-11,5323
6244,茂迪,31,0,31,高橋-內壢,2024-11-11,5323
1815,富喬,41,12,29,高橋-內壢,2024-11-11,5323
5356,協益,29,0,29,高橋-內壢,2024-11-11,5323
2392,正崴,32,8,24,高橋-內壢,2024-11-11,5323
00943,兆豐電子高息等權,24,1,23,高橋-內壢,2024-11-11,5323
1402,遠東新,22,0,22,高橋-內壢,2024-11-11,5323
00910,第一金太空衛星,20,0,20,高橋-內壢,2024-11-11,5323
1522,堤維西,24,4,20,高橋-內壢,2024-11-11,5323
2367,燿華,20,0,20,高橋-內壢,2024-11-11,5323
1605,華新,17,1,16,高橋-內壢,2024-11-11,5323
2399,映泰,19,3,16,高橋-內壢,2024-11-11,5323
1718,中纖,14,0,14,高橋-內壢,2024-11-11,5323
2431,聯昌,22,10,12,高橋-內壢,2024-11-11,5323
6120,達運,12,0,12,高橋-內壢,2024-11-11,5323
2834,臺企銀,11,0,11,高橋-內壢,2024-11-11,5323
2363,矽統,11,0,11,高橋-內壢,2024-11-11,5323
5386,青雲,10,0,10,高橋-內壢,2024-11-11,5323
4958,臻鼎-KY,10,0,10,高橋-內壢,2024-11-11,5323
1904,正隆,10,0,10,高橋-內壢,2024-11-11,5323
2611,志信,10,0,10,高橋-內壢,2024-11-11,5323
3227,原相,10,0,10,高橋-內壢,2024-11-11,5323
3231,緯創,13,3,10,高橋-內壢,2024-11-11,5323
6290,良維,10,0,10,高橋-內壢,2024-11-11,5323
8155,博智,10,0,10,高橋-內壢,2024-11-11,5323
6163,華電網,10,1,9,高橋-內壢,2024-11-11,5323
3189,景碩,8,0,8,高橋-內壢,2024-11-11,5323
2892,第一金,11,3,8,高橋-內壢,2024-11-11,5323
2312,金寶,12,4,8,高橋-內壢,2024-11-11,5323
2520,冠德,12,4,8,高橋-內壢,2024-11-11,5323
2718,全心投控,8,0,8,高橋-內壢,2024-11-11,5323
3303,岱稜,8,0,8,高橋-內壢,2024-11-11,5323
3498,陽程,8,0,8,高橋-內壢,2024-11-11,5323
2349,錸德,7,0,7,高橋-內壢,2024-11-11,5323
2489,瑞軒,7,0,7,高橋-內壢,2024-11-11,5323
2889,國票金,7,0,7,高橋-內壢,2024-11-11,5323
00637L,元大滬深300正2,10,4,6,高橋-內壢,2024-11-11,5323
1582,信錦,6,0,6,高橋-內壢,2024-11-11,5323
2409,友達,6,0,6,高橋-內壢,2024-11-11,5323
2486,一詮,8,2,6,高橋-內壢,2024-11-11,5323
2609,陽明,9,3,6,高橋-內壢,2024-11-11,5323
2615,萬海,10,4,6,高橋-內壢,2024-11-11,5323
3062,建漢,19,13,6,高橋-內壢,2024-11-11,5323
5291,邑昇,6,0,6,高橋-內壢,2024-11-11,5323
3481,群創,190,5,185,高橋-內壢,2024-11-12,5323
00878,國泰永續高股息,155,23,132,高橋-內壢,2024-11-12,5323
00918,大華優利高填息30,107,0,107,高橋-內壢,2024-11-12,5323
2887,台新金,104,0,104,高橋-內壢,2024-11-12,5323
2356,英業達,51,7,44,高橋-內壢,2024-11-12,5323
00687B,國泰20年美債,51,9,42,高橋-內壢,2024-11-12,5323
00679B,元大美債20年,51,12,39,高橋-內壢,2024-11-12,5323
2354,鴻準,40,4,36,高橋-內壢,2024-11-12,5323
2367,燿華,33,0,33,高橋-內壢,2024-11-12,5323
0056,元大高股息,38,7,31,高橋-內壢,2024-11-12,5323
00665L,富邦�琤肭磪囓�2,31,1,30,高橋-內壢,2024-11-12,5323
00877,復華中國5G,30,0,30,高橋-內壢,2024-11-12,5323
3149,正達,51,21,30,高橋-內壢,2024-11-12,5323
00881,國泰台灣5G+,29,0,29,高橋-內壢,2024-11-12,5323
5410,國眾,29,0,29,高橋-內壢,2024-11-12,5323
3231,緯創,34,6,28,高橋-內壢,2024-11-12,5323
00713,元大台灣高息低波,27,0,27,高橋-內壢,2024-11-12,5323
6175,立敦,26,0,26,高橋-內壢,2024-11-12,5323
00932,兆豐永續高息等權,23,0,23,高橋-內壢,2024-11-12,5323
2392,正崴,23,0,23,高橋-內壢,2024-11-12,5323
4440,宜新實業,22,0,22,高橋-內壢,2024-11-12,5323
8155,博智,22,0,22,高橋-內壢,2024-11-12,5323
00753L,中信中國50正2,25,4,21,高橋-內壢,2024-11-12,5323
2231,為升,21,0,21,高橋-內壢,2024-11-12,5323
2891,中信金,21,1,20,高橋-內壢,2024-11-12,5323
1314,中石化,18,0,18,高橋-內壢,2024-11-12,5323
00922,國泰台灣領袖50,15,0,15,高橋-內壢,2024-11-12,5323
6244,茂迪,14,0,14,高橋-內壢,2024-11-12,5323
2382,廣達,16,4,12,高橋-內壢,2024-11-12,5323
00650L,復華香港正2,12,0,12,高橋-內壢,2024-11-12,5323
2374,佳能,12,0,12,高橋-內壢,2024-11-12,5323
6763,綠界科技*,11,0,11,高橋-內壢,2024-11-12,5323
2359,所羅門,13,2,11,高橋-內壢,2024-11-12,5323
00715L,期街口布蘭特正2,11,0,11,高橋-內壢,2024-11-12,5323
5243,乙盛-KY,21,10,11,高橋-內壢,2024-11-12,5323
00900,富邦特選高股息30,10,0,10,高橋-內壢,2024-11-12,5323
00893,國泰智能電動車,10,0,10,高橋-內壢,2024-11-12,5323
1718,中纖,20,10,10,高橋-內壢,2024-11-12,5323
3047,訊舟,11,1,10,高橋-內壢,2024-11-12,5323
6143,振曜,10,0,10,高橋-內壢,2024-11-12,5323
8021,尖點,10,0,10,高橋-內壢,2024-11-12,5323
2409,友達,10,1,9,高橋-內壢,2024-11-12,5323
1447,力鵬,9,0,9,高橋-內壢,2024-11-12,5323
2313,華通,9,0,9,高橋-內壢,2024-11-12,5323
2344,華邦電,10,1,9,高橋-內壢,2024-11-12,5323
2615,萬海,70,61,9,高橋-內壢,2024-11-12,5323
2641,正德,11,2,9,高橋-內壢,2024-11-12,5323
3701,大眾控,9,0,9,高橋-內壢,2024-11-12,5323
2368,金像電,9,0,9,高橋-內壢,2024-11-12,5323
2882,國泰金,9,0,9,高橋-內壢,2024-11-12,5323
00943,兆豐電子高息等權,158,2,156,高橋-內壢,2024-11-13,5323
00882,中信中國高股息,67,0,67,高橋-內壢,2024-11-13,5323
00878,國泰永續高股息,57,1,56,高橋-內壢,2024-11-13,5323
00932,兆豐永續高息等權,52,1,51,高橋-內壢,2024-11-13,5323
00639,富邦深100,50,0,50,高橋-內壢,2024-11-13,5323
2897,王道銀行,30,0,30,高橋-內壢,2024-11-13,5323
2834,臺企銀,26,0,26,高橋-內壢,2024-11-13,5323
4440,宜新實業,22,0,22,高橋-內壢,2024-11-13,5323
00919,群益台灣精選高息,20,0,20,高橋-內壢,2024-11-13,5323
5302,太欣,18,0,18,高橋-內壢,2024-11-13,5323
2883,凱基金,15,0,15,高橋-內壢,2024-11-13,5323
2317,鴻海,16,2,14,高橋-內壢,2024-11-13,5323
2313,華通,19,5,14,高橋-內壢,2024-11-13,5323
2356,英業達,22,8,14,高橋-內壢,2024-11-13,5323
6488,環球晶,13,0,13,高橋-內壢,2024-11-13,5323
006208,富邦台50,12,0,12,高橋-內壢,2024-11-13,5323
2882,國泰金,12,0,12,高橋-內壢,2024-11-13,5323
00680L,元大美債20正2,12,0,12,高橋-內壢,2024-11-13,5323
2867,三商壽,11,0,11,高橋-內壢,2024-11-13,5323
00795B,中信美國公債20年,10,0,10,高橋-內壢,2024-11-13,5323
00933B,國泰10Y+金融債,10,0,10,高橋-內壢,2024-11-13,5323
00877,復華中國5G,10,0,10,高橋-內壢,2024-11-13,5323
00844B,新光15年IG金融債,10,0,10,高橋-內壢,2024-11-13,5323
00938,凱基優選30,10,0,10,高橋-內壢,2024-11-13,5323
2002,中鋼,10,0,10,高橋-內壢,2024-11-13,5323
2539,櫻花建,10,0,10,高橋-內壢,2024-11-13,5323
3048,益登,10,0,10,高橋-內壢,2024-11-13,5323
3189,景碩,12,2,10,高橋-內壢,2024-11-13,5323
00753L,中信中國50正2,22,13,9,高橋-內壢,2024-11-13,5323
1815,富喬,12,3,9,高橋-內壢,2024-11-13,5323
2338,光罩,10,1,9,高橋-內壢,2024-11-13,5323
2891,中信金,8,0,8,高橋-內壢,2024-11-13,5323
1605,華新,8,0,8,高橋-內壢,2024-11-13,5323
2027,大成鋼,8,0,8,高橋-內壢,2024-11-13,5323
0050,元大台灣50,8,0,8,高橋-內壢,2024-11-13,5323
2881,富邦金,7,0,7,高橋-內壢,2024-11-13,5323
2892,第一金,8,1,7,高橋-內壢,2024-11-13,5323
4562,穎漢,7,0,7,高橋-內壢,2024-11-13,5323
5410,國眾,7,0,7,高橋-內壢,2024-11-13,5323
2330,台積電,6,0,6,高橋-內壢,2024-11-13,5323
0056,元大高股息,6,0,6,高橋-內壢,2024-11-13,5323
00891,中信關鍵半導體,6,0,6,高橋-內壢,2024-11-13,5323
1513,中興電,9,3,6,高橋-內壢,2024-11-13,5323
2303,聯電,8,2,6,高橋-內壢,2024-11-13,5323
4919,新唐,6,0,6,高橋-內壢,2024-11-13,5323
6152,百一,6,0,6,高橋-內壢,2024-11-13,5323
2354,鴻準,10,4,6,高橋-內壢,2024-11-13,5323
3013,晟銘電,33,28,5,高橋-內壢,2024-11-13,5323
2393,億光,5,0,5,高橋-內壢,2024-11-13,5323
00905,FT臺灣Smart,5,0,5,高橋-內壢,2024-11-13,5323
1314,中石化,215,0,215,高橋-內壢,2024-11-14,5323
00878,國泰永續高股息,183,0,183,高橋-內壢,2024-11-14,5323
2409,友達,112,0,112,高橋-內壢,2024-11-14,5323
00932,兆豐永續高息等權,105,0,105,高橋-內壢,2024-11-14,5323
00951,台新日本半導體,100,0,100,高橋-內壢,2024-11-14,5323
00680L,元大美債20正2,56,0,56,高橋-內壢,2024-11-14,5323
3481,群創,65,12,53,高橋-內壢,2024-11-14,5323
1447,力鵬,46,0,46,高橋-內壢,2024-11-14,5323
0056,元大高股息,37,0,37,高橋-內壢,2024-11-14,5323
00929,復華台灣科技優息,46,12,34,高橋-內壢,2024-11-14,5323
00665L,富邦�琤肭磪囓�2,31,1,30,高橋-內壢,2024-11-14,5323
2033,佳大,23,1,22,高橋-內壢,2024-11-14,5323
2356,英業達,21,0,21,高橋-內壢,2024-11-14,5323
2834,臺企銀,21,0,21,高橋-內壢,2024-11-14,5323
2303,聯電,22,2,20,高橋-內壢,2024-11-14,5323
1471,首利,21,1,20,高橋-內壢,2024-11-14,5323
2312,金寶,23,3,20,高橋-內壢,2024-11-14,5323
2317,鴻海,23,3,20,高橋-內壢,2024-11-14,5323
5302,太欣,18,0,18,高橋-內壢,2024-11-14,5323
3037,欣興,17,0,17,高橋-內壢,2024-11-14,5323
00795B,中信美國公債20年,16,0,16,高橋-內壢,2024-11-14,5323
1802,台玻,20,4,16,高橋-內壢,2024-11-14,5323
3015,全漢,18,2,16,高橋-內壢,2024-11-14,5323
2891,中信金,15,0,15,高橋-內壢,2024-11-14,5323
5356,協益,15,0,15,高橋-內壢,2024-11-14,5323
2353,宏��,14,0,14,高橋-內壢,2024-11-14,5323
4523,永彰,11,0,11,高橋-內壢,2024-11-14,5323
6278,台表科,11,1,10,高橋-內壢,2024-11-14,5323
00687B,國泰20年美債,10,0,10,高橋-內壢,2024-11-14,5323
00919,群益台灣精選高息,10,0,10,高橋-內壢,2024-11-14,5323
1301,台塑,11,1,10,高橋-內壢,2024-11-14,5323
1303,南亞,10,0,10,高橋-內壢,2024-11-14,5323
2007,燁興,10,0,10,高橋-內壢,2024-11-14,5323
2426,鼎元,10,0,10,高橋-內壢,2024-11-14,5323
2609,陽明,21,11,10,高橋-內壢,2024-11-14,5323
2913,農林,10,0,10,高橋-內壢,2024-11-14,5323
6129,普誠,10,0,10,高橋-內壢,2024-11-14,5323
6525,捷敏-KY,10,0,10,高橋-內壢,2024-11-14,5323
1513,中興電,9,0,9,高橋-內壢,2024-11-14,5323
2408,南亞科,9,0,9,高橋-內壢,2024-11-14,5323
4909,新復興,9,0,9,高橋-內壢,2024-11-14,5323
6770,力積電,9,0,9,高橋-內壢,2024-11-14,5323
8070,長華*,10,1,9,高橋-內壢,2024-11-14,5323
00943,兆豐電子高息等權,9,0,9,高橋-內壢,2024-11-14,5323
00881,國泰台灣5G+,12,4,8,高橋-內壢,2024-11-14,5323
2102,泰豐,8,0,8,高橋-內壢,2024-11-14,5323
2323,中環,10,2,8,高橋-內壢,2024-11-14,5323
3047,訊舟,8,0,8,高橋-內壢,2024-11-14,5323
3062,建漢,32,24,8,高橋-內壢,2024-11-14,5323
4440,宜新實業,8,0,8,高橋-內壢,2024-11-14,5323
00878,國泰永續高股息,218,0,218,高橋-內壢,2024-11-15,5323
1611,中電,73,10,63,高橋-內壢,2024-11-15,5323
00882,中信中國高股息,50,0,50,高橋-內壢,2024-11-15,5323
5512,力麒,40,0,40,高橋-內壢,2024-11-15,5323
00943,兆豐電子高息等權,36,3,33,高橋-內壢,2024-11-15,5323
3706,神達,52,22,30,高橋-內壢,2024-11-15,5323
00637L,元大滬深300正2,35,7,28,高橋-內壢,2024-11-15,5323
2317,鴻海,30,7,23,高橋-內壢,2024-11-15,5323
2382,廣達,24,2,22,高橋-內壢,2024-11-15,5323
00918,大華優利高填息30,22,1,21,高橋-內壢,2024-11-15,5323
2324,仁寶,22,1,21,高橋-內壢,2024-11-15,5323
00934,中信成長高股息,20,0,20,高橋-內壢,2024-11-15,5323
00887,永豐中國科技50大,20,0,20,高橋-內壢,2024-11-15,5323
6405,悅城,21,2,19,高橋-內壢,2024-11-15,5323
2489,瑞軒,18,0,18,高橋-內壢,2024-11-15,5323
2634,漢翔,16,0,16,高橋-內壢,2024-11-15,5323
00830,國泰費城半導體,15,0,15,高橋-內壢,2024-11-15,5323
4440,宜新實業,12,0,12,高橋-內壢,2024-11-15,5323
2486,一詮,11,0,11,高橋-內壢,2024-11-15,5323
5356,協益,11,0,11,高橋-內壢,2024-11-15,5323
2867,三商壽,8,0,8,高橋-內壢,2024-11-15,5323
00911,兆豐洲際半導體,7,0,7,高橋-內壢,2024-11-15,5323
5871,中租-KY,6,0,6,高橋-內壢,2024-11-15,5323
2880,華南金,6,0,6,高橋-內壢,2024-11-15,5323
3013,晟銘電,7,1,6,高橋-內壢,2024-11-15,5323
3673,TPK-KY,6,0,6,高橋-內壢,2024-11-15,5323
3450,聯鈞,13,8,5,高橋-內壢,2024-11-15,5323
2301,光寶科,5,0,5,高橋-內壢,2024-11-15,5323
00960,野村全球航運龍頭,5,0,5,高橋-內壢,2024-11-15,5323
00933B,國泰10Y+金融債,5,0,5,高橋-內壢,2024-11-15,5323
00885,富邦越南,5,0,5,高橋-內壢,2024-11-15,5323
1447,力鵬,5,0,5,高橋-內壢,2024-11-15,5323
2027,大成鋼,5,0,5,高橋-內壢,2024-11-15,5323
2033,佳大,5,0,5,高橋-內壢,2024-11-15,5323
2488,漢平,6,1,5,高橋-內壢,2024-11-15,5323
2739,寒舍,5,0,5,高橋-內壢,2024-11-15,5323
3231,緯創,11,6,5,高橋-內壢,2024-11-15,5323
4128,中天,5,0,5,高橋-內壢,2024-11-15,5323
6143,振曜,5,0,5,高橋-內壢,2024-11-15,5323
6278,台表科,5,0,5,高橋-內壢,2024-11-15,5323
2303,聯電,10,6,4,高橋-內壢,2024-11-15,5323
4979,華星光,5,1,4,高橋-內壢,2024-11-15,5323
00891,中信關鍵半導體,6,2,4,高橋-內壢,2024-11-15,5323
00679B,元大美債20年,6,2,4,高橋-內壢,2024-11-15,5323
2440,太空梭,4,0,4,高橋-內壢,2024-11-15,5323
2637,慧洋-KY,4,0,4,高橋-內壢,2024-11-15,5323
2645,長榮航太,4,0,4,高橋-內壢,2024-11-15,5323
6217,中探針,4,0,4,高橋-內壢,2024-11-15,5323
6261,久元,4,0,4,高橋-內壢,2024-11-15,5323
2399,映泰,3,0,3,高橋-內壢,2024-11-15,5323
00878,國泰永續高股息,472,31,441,高橋-內壢,2024-11-18,5323
8028,昇陽半導體,121,0,121,高橋-內壢,2024-11-18,5323
3047,訊舟,115,0,115,高橋-內壢,2024-11-18,5323
00951,台新日本半導體,50,0,50,高橋-內壢,2024-11-18,5323
0056,元大高股息,35,2,33,高橋-內壢,2024-11-18,5323
2317,鴻海,47,15,32,高橋-內壢,2024-11-18,5323
0055,元大MSCI金融,30,0,30,高橋-內壢,2024-11-18,5323
4933,友輝,30,0,30,高橋-內壢,2024-11-18,5323
3706,神達,39,11,28,高橋-內壢,2024-11-18,5323
2312,金寶,48,22,26,高橋-內壢,2024-11-18,5323
00929,復華台灣科技優息,44,22,22,高橋-內壢,2024-11-18,5323
2367,燿華,20,0,20,高橋-內壢,2024-11-18,5323
00891,中信關鍵半導體,20,1,19,高橋-內壢,2024-11-18,5323
00943,兆豐電子高息等權,18,0,18,高橋-內壢,2024-11-18,5323
2344,華邦電,18,0,18,高橋-內壢,2024-11-18,5323
00713,元大台灣高息低波,17,0,17,高橋-內壢,2024-11-18,5323
1442,名軒,24,9,15,高橋-內壢,2024-11-18,5323
3062,建漢,16,1,15,高橋-內壢,2024-11-18,5323
6405,悅城,18,6,12,高橋-內壢,2024-11-18,5323
6152,百一,12,0,12,高橋-內壢,2024-11-18,5323
2303,聯電,21,9,12,高橋-內壢,2024-11-18,5323
2324,仁寶,13,2,11,高橋-內壢,2024-11-18,5323
2867,三商壽,11,0,11,高橋-內壢,2024-11-18,5323
3402,漢科,11,0,11,高橋-內壢,2024-11-18,5323
6182,合晶,10,0,10,高橋-內壢,2024-11-18,5323
00881,國泰台灣5G+,10,0,10,高橋-內壢,2024-11-18,5323
00885,富邦越南,10,0,10,高橋-內壢,2024-11-18,5323
1227,佳格,10,0,10,高橋-內壢,2024-11-18,5323
3231,緯創,11,1,10,高橋-內壢,2024-11-18,5323
3290,東浦,10,0,10,高橋-內壢,2024-11-18,5323
4526,東台,10,0,10,高橋-內壢,2024-11-18,5323
5512,力麒,10,0,10,高橋-內壢,2024-11-18,5323
6419,京晨科,10,0,10,高橋-內壢,2024-11-18,5323
6770,力積電,10,0,10,高橋-內壢,2024-11-18,5323
3689,湧德,9,0,9,高橋-內壢,2024-11-18,5323
1815,富喬,8,0,8,高橋-內壢,2024-11-18,5323
4440,宜新實業,8,0,8,高橋-內壢,2024-11-18,5323
2313,華通,8,0,8,高橋-內壢,2024-11-18,5323
3013,晟銘電,9,2,7,高橋-內壢,2024-11-18,5323
1611,中電,10,3,7,高橋-內壢,2024-11-18,5323
6438,迅得,7,0,7,高橋-內壢,2024-11-18,5323
00940,元大台灣價值高息,6,0,6,高橋-內壢,2024-11-18,5323
1402,遠東新,6,0,6,高橋-內壢,2024-11-18,5323
2388,威盛,6,0,6,高橋-內壢,2024-11-18,5323
2406,國碩,6,0,6,高橋-內壢,2024-11-18,5323
2646,星宇航空,6,0,6,高橋-內壢,2024-11-18,5323
8097,常珵,6,0,6,高橋-內壢,2024-11-18,5323
1785,光洋科,7,1,6,高橋-內壢,2024-11-18,5323
2382,廣達,15,10,5,高橋-內壢,2024-11-18,5323
3711,日月光投控,5,0,5,高橋-內壢,2024-11-18,5323
00929,復華台灣科技優息,119,24,95,高橋-內壢,2024-11-19,5323
00932,兆豐永續高息等權,61,3,58,高橋-內壢,2024-11-19,5323
00878,國泰永續高股息,49,2,47,高橋-內壢,2024-11-19,5323
8111,立��,30,0,30,高橋-內壢,2024-11-19,5323
2303,聯電,26,4,22,高橋-內壢,2024-11-19,5323
00731,復華富時高息低波,20,0,20,高橋-內壢,2024-11-19,5323
0056,元大高股息,22,3,19,高橋-內壢,2024-11-19,5323
3013,晟銘電,24,5,19,高橋-內壢,2024-11-19,5323
2382,廣達,26,10,16,高橋-內壢,2024-11-19,5323
2617,台航,15,0,15,高橋-內壢,2024-11-19,5323
3231,緯創,20,5,15,高橋-內壢,2024-11-19,5323
3057,喬鼎,13,0,13,高橋-內壢,2024-11-19,5323
3481,群創,13,0,13,高橋-內壢,2024-11-19,5323
2317,鴻海,20,9,11,高橋-內壢,2024-11-19,5323
2891,中信金,11,0,11,高橋-內壢,2024-11-19,5323
2014,中鴻,10,0,10,高橋-內壢,2024-11-19,5323
2344,華邦電,13,3,10,高橋-內壢,2024-11-19,5323
6821,聯寶,11,1,10,高橋-內壢,2024-11-19,5323
8466,美吉吉-KY,10,0,10,高橋-內壢,2024-11-19,5323
2312,金寶,30,21,9,高橋-內壢,2024-11-19,5323
2324,仁寶,10,1,9,高橋-內壢,2024-11-19,5323
3450,聯鈞,15,8,7,高橋-內壢,2024-11-19,5323
8104,錸寶,7,0,7,高橋-內壢,2024-11-19,5323
911868,同方友友-DR,7,0,7,高橋-內壢,2024-11-19,5323
1447,力鵬,6,0,6,高橋-內壢,2024-11-19,5323
1802,台玻,7,1,6,高橋-內壢,2024-11-19,5323
2356,英業達,8,2,6,高橋-內壢,2024-11-19,5323
3374,精材,10,4,6,高橋-內壢,2024-11-19,5323
4440,宜新實業,6,0,6,高橋-內壢,2024-11-19,5323
5291,邑昇,6,0,6,高橋-內壢,2024-11-19,5323
00687B,國泰20年美債,5,0,5,高橋-內壢,2024-11-19,5323
00795B,中信美國公債20年,5,0,5,高橋-內壢,2024-11-19,5323
2353,宏��,7,2,5,高橋-內壢,2024-11-19,5323
2884,玉山金,5,0,5,高橋-內壢,2024-11-19,5323
6770,力積電,5,0,5,高橋-內壢,2024-11-19,5323
8390,金益鼎,5,0,5,高橋-內壢,2024-11-19,5323
00753L,中信中國50正2,8,4,4,高橋-內壢,2024-11-19,5323
2027,大成鋼,5,1,4,高橋-內壢,2024-11-19,5323
3504,揚明光,4,0,4,高橋-內壢,2024-11-19,5323
4119,旭富,4,0,4,高橋-內壢,2024-11-19,5323
5356,協益,4,0,4,高橋-內壢,2024-11-19,5323
6188,廣明,4,0,4,高橋-內壢,2024-11-19,5323
2349,錸德,13,9,4,高橋-內壢,2024-11-19,5323
2609,陽明,25,22,3,高橋-內壢,2024-11-19,5323
00713,元大台灣高息低波,3,0,3,高橋-內壢,2024-11-19,5323
1528,恩德,5,2,3,高橋-內壢,2024-11-19,5323
6182,合晶,3,0,3,高橋-內壢,2024-11-19,5323
1504,東元,3,0,3,高橋-內壢,2024-11-19,5323
00915,凱基優選高股息30,5,2,3,高橋-內壢,2024-11-19,5323
2637,慧洋-KY,3,0,3,高橋-內壢,2024-11-19,5323
2354,鴻準,135,8,127,高橋-內壢,2024-11-20,5323
00951,台新日本半導體,50,0,50,高橋-內壢,2024-11-20,5323
3450,聯鈞,42,6,36,高橋-內壢,2024-11-20,5323
3054,立萬利,30,0,30,高橋-內壢,2024-11-20,5323
00715L,期街口布蘭特正2,30,2,28,高橋-內壢,2024-11-20,5323
2356,英業達,31,5,26,高橋-內壢,2024-11-20,5323
1802,台玻,27,2,25,高橋-內壢,2024-11-20,5323
2344,華邦電,21,0,21,高橋-內壢,2024-11-20,5323
2834,臺企銀,21,0,21,高橋-內壢,2024-11-20,5323
00959B,大華投等美債15Y+,20,0,20,高橋-內壢,2024-11-20,5323
2836,高雄銀,22,2,20,高橋-內壢,2024-11-20,5323
6182,合晶,17,0,17,高橋-內壢,2024-11-20,5323
2349,錸德,19,2,17,高橋-內壢,2024-11-20,5323
2313,華通,16,0,16,高橋-內壢,2024-11-20,5323
2317,鴻海,35,20,15,高橋-內壢,2024-11-20,5323
1210,大成,15,0,15,高橋-內壢,2024-11-20,5323
3706,神達,26,11,15,高橋-內壢,2024-11-20,5323
00878,國泰永續高股息,14,0,14,高橋-內壢,2024-11-20,5323
2613,中櫃,14,1,13,高橋-內壢,2024-11-20,5323
2353,宏��,12,0,12,高橋-內壢,2024-11-20,5323
0056,元大高股息,11,0,11,高橋-內壢,2024-11-20,5323
3167,大量,12,1,11,高橋-內壢,2024-11-20,5323
4440,宜新實業,11,0,11,高橋-內壢,2024-11-20,5323
00943,兆豐電子高息等權,10,0,10,高橋-內壢,2024-11-20,5323
3374,精材,13,3,10,高橋-內壢,2024-11-20,5323
2337,旺宏,10,0,10,高橋-內壢,2024-11-20,5323
2915,潤泰全,11,1,10,高橋-內壢,2024-11-20,5323
2332,友訊,14,5,9,高橋-內壢,2024-11-20,5323
3702,大聯大,9,0,9,高橋-內壢,2024-11-20,5323
8401,白紗科,9,0,9,高橋-內壢,2024-11-20,5323
1605,華新,7,0,7,高橋-內壢,2024-11-20,5323
3189,景碩,7,0,7,高橋-內壢,2024-11-20,5323
4729,熒茂,8,1,7,高橋-內壢,2024-11-20,5323
5356,協益,7,0,7,高橋-內壢,2024-11-20,5323
6147,頎邦,7,0,7,高橋-內壢,2024-11-20,5323
3209,全科,6,0,6,高橋-內壢,2024-11-20,5323
2369,菱生,6,0,6,高橋-內壢,2024-11-20,5323
3625,西勝,7,1,6,高橋-內壢,2024-11-20,5323
4956,光鋐,7,1,6,高橋-內壢,2024-11-20,5323
1102,亞泥,5,0,5,高橋-內壢,2024-11-20,5323
00909,國泰數位支付服務,5,0,5,高橋-內壢,2024-11-20,5323
00687B,國泰20年美債,5,0,5,高橋-內壢,2024-11-20,5323
5607,遠雄港,5,0,5,高橋-內壢,2024-11-20,5323
6143,振曜,5,0,5,高橋-內壢,2024-11-20,5323
8097,常珵,5,0,5,高橋-內壢,2024-11-20,5323
006208,富邦台50,5,1,4,高橋-內壢,2024-11-20,5323
00930,永豐ESG低碳高息,4,0,4,高橋-內壢,2024-11-20,5323
1513,中興電,4,0,4,高橋-內壢,2024-11-20,5323
1720,生達,4,0,4,高橋-內壢,2024-11-20,5323
2413,環科,5,1,4,高橋-內壢,2024-11-20,5323
2615,萬海,86,16,70,高橋-內壢,2024-11-21,5323
00915,凱基優選高股息30,51,0,51,高橋-內壢,2024-11-21,5323
9105,泰金寶-DR,76,27,49,高橋-內壢,2024-11-21,5323
00878,國泰永續高股息,32,0,32,高橋-內壢,2024-11-21,5323
1784,訊聯,30,0,30,高橋-內壢,2024-11-21,5323
2353,宏��,24,0,24,高橋-內壢,2024-11-21,5323
00929,復華台灣科技優息,64,41,23,高橋-內壢,2024-11-21,5323
2399,映泰,21,0,21,高橋-內壢,2024-11-21,5323
00715L,期街口布蘭特正2,20,0,20,高橋-內壢,2024-11-21,5323
2413,環科,23,3,20,高橋-內壢,2024-11-21,5323
3050,鈺德,20,0,20,高橋-內壢,2024-11-21,5323
0056,元大高股息,17,0,17,高橋-內壢,2024-11-21,5323
2303,聯電,16,0,16,高橋-內壢,2024-11-21,5323
3013,晟銘電,27,13,14,高橋-內壢,2024-11-21,5323
00919,群益台灣精選高息,13,0,13,高橋-內壢,2024-11-21,5323
3622,洋華,13,0,13,高橋-內壢,2024-11-21,5323
2317,鴻海,21,8,13,高橋-內壢,2024-11-21,5323
2409,友達,11,0,11,高橋-內壢,2024-11-21,5323
2354,鴻準,44,33,11,高橋-內壢,2024-11-21,5323
2431,聯昌,10,0,10,高橋-內壢,2024-11-21,5323
4440,宜新實業,10,0,10,高橋-內壢,2024-11-21,5323
5014,建錩,10,0,10,高橋-內壢,2024-11-21,5323
8028,昇陽半導體,10,0,10,高橋-內壢,2024-11-21,5323
4113,聯上,10,1,9,高橋-內壢,2024-11-21,5323
6282,康舒,9,0,9,高橋-內壢,2024-11-21,5323
2330,台積電,8,0,8,高橋-內壢,2024-11-21,5323
00713,元大台灣高息低波,8,0,8,高橋-內壢,2024-11-21,5323
1447,力鵬,8,0,8,高橋-內壢,2024-11-21,5323
2610,華航,10,2,8,高橋-內壢,2024-11-21,5323
006208,富邦台50,8,0,8,高橋-內壢,2024-11-21,5323
3029,零壹,7,0,7,高橋-內壢,2024-11-21,5323
2329,華泰,6,0,6,高橋-內壢,2024-11-21,5323
2646,星宇航空,7,1,6,高橋-內壢,2024-11-21,5323
00688L,國泰20年美債正2,5,0,5,高橋-內壢,2024-11-21,5323
00680L,元大美債20正2,5,0,5,高橋-內壢,2024-11-21,5323
00830,國泰費城半導體,5,0,5,高橋-內壢,2024-11-21,5323
00959B,大華投等美債15Y+,5,0,5,高橋-內壢,2024-11-21,5323
2601,益航,5,0,5,高橋-內壢,2024-11-21,5323
3057,喬鼎,5,0,5,高橋-內壢,2024-11-21,5323
3305,昇貿,5,0,5,高橋-內壢,2024-11-21,5323
9945,潤泰新,5,0,5,高橋-內壢,2024-11-21,5323
1449,佳和,7,3,4,高橋-內壢,2024-11-21,5323
1605,華新,4,0,4,高橋-內壢,2024-11-21,5323
2359,所羅門,4,0,4,高橋-內壢,2024-11-21,5323
2412,中華電,5,1,4,高橋-內壢,2024-11-21,5323
2881,富邦金,4,0,4,高橋-內壢,2024-11-21,5323
3231,緯創,10,6,4,高橋-內壢,2024-11-21,5323
4746,台耀,4,0,4,高橋-內壢,2024-11-21,5323
4956,光鋐,6,2,4,高橋-內壢,2024-11-21,5323
8358,金居,4,0,4,高橋-內壢,2024-11-21,5323
9105,泰金寶-DR,119,41,78,高橋-內壢,2024-11-22,5323
2609,陽明,72,1,71,高橋-內壢,2024-11-22,5323
2354,鴻準,63,27,36,高橋-內壢,2024-11-22,5323
2867,三商壽,35,0,35,高橋-內壢,2024-11-22,5323
00929,復華台灣科技優息,52,22,30,高橋-內壢,2024-11-22,5323
3272,東碩,25,0,25,高橋-內壢,2024-11-22,5323
00637L,元大滬深300正2,24,0,24,高橋-內壢,2024-11-22,5323
1303,南亞,23,0,23,高橋-內壢,2024-11-22,5323
3057,喬鼎,23,0,23,高橋-內壢,2024-11-22,5323
2344,華邦電,20,0,20,高橋-內壢,2024-11-22,5323
2349,錸德,26,8,18,高橋-內壢,2024-11-22,5323
2353,宏��,17,0,17,高橋-內壢,2024-11-22,5323
00753L,中信中國50正2,18,1,17,高橋-內壢,2024-11-22,5323
4440,宜新實業,16,0,16,高橋-內壢,2024-11-22,5323
2636,台驊控股,15,0,15,高橋-內壢,2024-11-22,5323
3447,展達,16,1,15,高橋-內壢,2024-11-22,5323
4979,華星光,18,3,15,高橋-內壢,2024-11-22,5323
2834,臺企銀,14,0,14,高橋-內壢,2024-11-22,5323
3450,聯鈞,24,13,11,高橋-內壢,2024-11-22,5323
00938,凱基優選30,10,0,10,高橋-內壢,2024-11-22,5323
1449,佳和,10,0,10,高橋-內壢,2024-11-22,5323
5512,力麒,10,0,10,高橋-內壢,2024-11-22,5323
6134,萬旭,10,0,10,高橋-內壢,2024-11-22,5323
6215,和椿,10,0,10,高橋-內壢,2024-11-22,5323
911868,同方友友-DR,25,15,10,高橋-內壢,2024-11-22,5323
00943,兆豐電子高息等權,11,2,9,高橋-內壢,2024-11-22,5323
2356,英業達,14,5,9,高橋-內壢,2024-11-22,5323
6432,今展科,9,0,9,高橋-內壢,2024-11-22,5323
2449,京元電子,11,2,9,高橋-內壢,2024-11-22,5323
00882,中信中國高股息,7,0,7,高橋-內壢,2024-11-22,5323
6288,聯嘉,19,13,6,高橋-內壢,2024-11-22,5323
00878,國泰永續高股息,9,3,6,高橋-內壢,2024-11-22,5323
2615,萬海,6,0,6,高橋-內壢,2024-11-22,5323
3081,聯亞,9,3,6,高橋-內壢,2024-11-22,5323
5309,系統電,16,10,6,高橋-內壢,2024-11-22,5323
2399,映泰,7,2,5,高橋-內壢,2024-11-22,5323
00891,中信關鍵半導體,5,0,5,高橋-內壢,2024-11-22,5323
00909,國泰數位支付服務,5,0,5,高橋-內壢,2024-11-22,5323
1307,三芳,5,0,5,高橋-內壢,2024-11-22,5323
2431,聯昌,5,0,5,高橋-內壢,2024-11-22,5323
3583,辛耘,5,0,5,高橋-內壢,2024-11-22,5323
3680,家登,5,0,5,高橋-內壢,2024-11-22,5323
5014,建錩,5,0,5,高橋-內壢,2024-11-22,5323
6505,台塑化,5,0,5,高橋-內壢,2024-11-22,5323
6770,力積電,4,0,4,高橋-內壢,2024-11-22,5323
2408,南亞科,4,0,4,高橋-內壢,2024-11-22,5323
3712,永崴投控,9,5,4,高橋-內壢,2024-11-22,5323
4987,科誠,4,0,4,高橋-內壢,2024-11-22,5323
6116,彩晶,4,0,4,高橋-內壢,2024-11-22,5323
8027,鈦昇,4,0,4,高橋-內壢,2024-11-22,5323
00680L,元大美債20正2,224,0,224,高橋-內壢,2024-11-25,5323
2313,華通,81,5,76,高橋-內壢,2024-11-25,5323
2609,陽明,70,5,65,高橋-內壢,2024-11-25,5323
00773B,中信優先金融債,50,0,50,高橋-內壢,2024-11-25,5323
8401,白紗科,30,0,30,高橋-內壢,2024-11-25,5323
1815,富喬,63,39,24,高橋-內壢,2024-11-25,5323
2337,旺宏,20,0,20,高橋-內壢,2024-11-25,5323
00919,群益台灣精選高息,18,0,18,高橋-內壢,2024-11-25,5323
912000,晨訊科-DR,35,20,15,高橋-內壢,2024-11-25,5323
1402,遠東新,14,0,14,高橋-內壢,2024-11-25,5323
2492,華新科,15,1,14,高橋-內壢,2024-11-25,5323
5426,振發,15,1,14,高橋-內壢,2024-11-25,5323
00887,永豐中國科技50大,18,5,13,高橋-內壢,2024-11-25,5323
3189,景碩,15,2,13,高橋-內壢,2024-11-25,5323
1303,南亞,11,0,11,高橋-內壢,2024-11-25,5323
1563,巧新,11,0,11,高橋-內壢,2024-11-25,5323
2618,長榮航,16,5,11,高橋-內壢,2024-11-25,5323
00939,統一台灣高息動能,10,0,10,高橋-內壢,2024-11-25,5323
00665L,富邦�琤肭磪囓�2,10,0,10,高橋-內壢,2024-11-25,5323
2105,正新,10,0,10,高橋-內壢,2024-11-25,5323
2515,中工,10,0,10,高橋-內壢,2024-11-25,5323
2915,潤泰全,10,0,10,高橋-內壢,2024-11-25,5323
3625,西勝,10,0,10,高橋-內壢,2024-11-25,5323
00881,國泰台灣5G+,9,0,9,高橋-內壢,2024-11-25,5323
3545,敦泰,10,1,9,高橋-內壢,2024-11-25,5323
2449,京元電子,8,0,8,高橋-內壢,2024-11-25,5323
2597,潤弘,8,0,8,高橋-內壢,2024-11-25,5323
8171,天宇,9,1,8,高橋-內壢,2024-11-25,5323
9105,泰金寶-DR,84,76,8,高橋-內壢,2024-11-25,5323
2371,大同,17,10,7,高橋-內壢,2024-11-25,5323
3163,波若威,8,1,7,高橋-內壢,2024-11-25,5323
3481,群創,13,6,7,高橋-內壢,2024-11-25,5323
4746,台耀,7,0,7,高橋-內壢,2024-11-25,5323
6261,久元,7,0,7,高橋-內壢,2024-11-25,5323
00940,元大台灣價值高息,6,0,6,高橋-內壢,2024-11-25,5323
2231,為升,6,0,6,高橋-內壢,2024-11-25,5323
3037,欣興,11,5,6,高橋-內壢,2024-11-25,5323
4576,大銀微系統,6,0,6,高橋-內壢,2024-11-25,5323
5465,富驊,10,4,6,高橋-內壢,2024-11-25,5323
5347,世界,6,1,5,高橋-內壢,2024-11-25,5323
00650L,復華香港正2,5,0,5,高橋-內壢,2024-11-25,5323
00907,永豐優息存股,5,0,5,高橋-內壢,2024-11-25,5323
2344,華邦電,5,0,5,高橋-內壢,2024-11-25,5323
3711,日月光投控,6,1,5,高橋-內壢,2024-11-25,5323
5512,力麒,5,0,5,高橋-內壢,2024-11-25,5323
5608,四維航,5,0,5,高橋-內壢,2024-11-25,5323
8016,矽創,5,0,5,高橋-內壢,2024-11-25,5323
2348,海悅,5,0,5,高橋-內壢,2024-11-25,5323
8038,長園科,4,0,4,高橋-內壢,2024-11-25,5323
2603,長榮,5,1,4,高橋-內壢,2024-11-25,5323
00669R,國泰美國道瓊反1,60,0,60,高橋-內壢,2024-11-26,5323
2317,鴻海,54,0,54,高橋-內壢,2024-11-26,5323
00951,台新日本半導體,50,0,50,高橋-內壢,2024-11-26,5323
2312,金寶,71,33,38,高橋-內壢,2024-11-26,5323
3231,緯創,31,0,31,高橋-內壢,2024-11-26,5323
2009,第一銅,30,0,30,高橋-內壢,2024-11-26,5323
00878,國泰永續高股息,33,10,23,高橋-內壢,2024-11-26,5323
00919,群益台灣精選高息,24,2,22,高橋-內壢,2024-11-26,5323
6558,興能高,25,3,22,高橋-內壢,2024-11-26,5323
2615,萬海,19,0,19,高橋-內壢,2024-11-26,5323
1449,佳和,15,0,15,高橋-內壢,2024-11-26,5323
1326,台化,30,15,15,高橋-內壢,2024-11-26,5323
2383,台光電,15,1,14,高橋-內壢,2024-11-26,5323
8044,網家,15,1,14,高橋-內壢,2024-11-26,5323
3447,展達,13,0,13,高橋-內壢,2024-11-26,5323
2344,華邦電,13,0,13,高橋-內壢,2024-11-26,5323
3481,群創,11,0,11,高橋-內壢,2024-11-26,5323
00938,凱基優選30,10,0,10,高橋-內壢,2024-11-26,5323
6215,和椿,9,0,9,高橋-內壢,2024-11-26,5323
1718,中纖,10,2,8,高橋-內壢,2024-11-26,5323
2419,仲琦,10,2,8,高橋-內壢,2024-11-26,5323
2330,台積電,8,0,8,高橋-內壢,2024-11-26,5323
00715L,期街口布蘭特正2,7,0,7,高橋-內壢,2024-11-26,5323
2882,國泰金,9,2,7,高橋-內壢,2024-11-26,5323
4142,國光生,7,0,7,高橋-內壢,2024-11-26,5323
2834,臺企銀,6,0,6,高橋-內壢,2024-11-26,5323
00943,兆豐電子高息等權,6,0,6,高橋-內壢,2024-11-26,5323
00891,中信關鍵半導體,31,25,6,高橋-內壢,2024-11-26,5323
2340,台亞,6,0,6,高橋-內壢,2024-11-26,5323
2464,盟立,6,0,6,高橋-內壢,2024-11-26,5323
2867,三商壽,6,0,6,高橋-內壢,2024-11-26,5323
2915,潤泰全,6,0,6,高橋-內壢,2024-11-26,5323
3272,東碩,6,0,6,高橋-內壢,2024-11-26,5323
00915,凱基優選高股息30,6,1,5,高橋-內壢,2024-11-26,5323
00881,國泰台灣5G+,5,0,5,高橋-內壢,2024-11-26,5323
2102,泰豐,5,0,5,高橋-內壢,2024-11-26,5323
3515,華擎,7,2,5,高橋-內壢,2024-11-26,5323
5309,系統電,53,48,5,高橋-內壢,2024-11-26,5323
9921,巨大,5,0,5,高橋-內壢,2024-11-26,5323
006208,富邦台50,4,0,4,高橋-內壢,2024-11-26,5323
2303,聯電,11,7,4,高橋-內壢,2024-11-26,5323
3059,華晶科,4,0,4,高橋-內壢,2024-11-26,5323
3707,漢磊,4,0,4,高橋-內壢,2024-11-26,5323
3715,定穎投控,4,0,4,高橋-內壢,2024-11-26,5323
4440,宜新實業,4,0,4,高橋-內壢,2024-11-26,5323
5512,力麒,4,0,4,高橋-內壢,2024-11-26,5323
8942,森鉅,4,0,4,高橋-內壢,2024-11-26,5323
3293,鈊象,3,0,3,高橋-內壢,2024-11-26,5323
0050,元大台灣50,3,0,3,高橋-內壢,2024-11-26,5323
2449,京元電子,3,0,3,高橋-內壢,2024-11-26,5323
00919,群益台灣精選高息,131,5,126,高橋-內壢,2024-11-27,5323
00878,國泰永續高股息,117,0,117,高橋-內壢,2024-11-27,5323
1605,華新,105,0,105,高橋-內壢,2024-11-27,5323
0056,元大高股息,73,0,73,高橋-內壢,2024-11-27,5323
2344,華邦電,64,1,63,高橋-內壢,2024-11-27,5323
3231,緯創,59,3,56,高橋-內壢,2024-11-27,5323
2317,鴻海,69,24,45,高橋-內壢,2024-11-27,5323
00918,大華優利高填息30,42,0,42,高橋-內壢,2024-11-27,5323
2867,三商壽,40,0,40,高橋-內壢,2024-11-27,5323
00673R,期元大S＆P原油反1,38,0,38,高橋-內壢,2024-11-27,5323
1326,台化,35,0,35,高橋-內壢,2024-11-27,5323
00943,兆豐電子高息等權,31,0,31,高橋-內壢,2024-11-27,5323
2609,陽明,38,9,29,高橋-內壢,2024-11-27,5323
2303,聯電,32,5,27,高橋-內壢,2024-11-27,5323
3189,景碩,23,0,23,高橋-內壢,2024-11-27,5323
2330,台積電,21,0,21,高橋-內壢,2024-11-27,5323
00940,元大台灣價值高息,22,1,21,高橋-內壢,2024-11-27,5323
2603,長榮,28,8,20,高橋-內壢,2024-11-27,5323
00885,富邦越南,20,0,20,高橋-內壢,2024-11-27,5323
4903,聯光通,20,0,20,高橋-內壢,2024-11-27,5323
1301,台塑,18,0,18,高橋-內壢,2024-11-27,5323
8163,達方,23,6,17,高橋-內壢,2024-11-27,5323
1815,富喬,33,17,16,高橋-內壢,2024-11-27,5323
00946,群益科技高息成長,15,0,15,高橋-內壢,2024-11-27,5323
1447,力鵬,15,0,15,高橋-內壢,2024-11-27,5323
00881,國泰台灣5G+,14,0,14,高橋-內壢,2024-11-27,5323
3447,展達,14,0,14,高橋-內壢,2024-11-27,5323
3481,群創,15,1,14,高橋-內壢,2024-11-27,5323
2027,大成鋼,13,0,13,高橋-內壢,2024-11-27,5323
3272,東碩,13,0,13,高橋-內壢,2024-11-27,5323
2354,鴻準,18,6,12,高橋-內壢,2024-11-27,5323
2356,英業達,24,13,11,高橋-內壢,2024-11-27,5323
2392,正崴,15,4,11,高橋-內壢,2024-11-27,5323
2426,鼎元,11,0,11,高橋-內壢,2024-11-27,5323
3013,晟銘電,13,2,11,高橋-內壢,2024-11-27,5323
8028,昇陽半導體,11,0,11,高橋-內壢,2024-11-27,5323
00938,凱基優選30,10,0,10,高橋-內壢,2024-11-27,5323
1540,喬福,15,5,10,高橋-內壢,2024-11-27,5323
3419,譁裕,10,0,10,高橋-內壢,2024-11-27,5323
9945,潤泰新,11,1,10,高橋-內壢,2024-11-27,5323
0050,元大台灣50,10,0,10,高橋-內壢,2024-11-27,5323
6215,和椿,9,0,9,高橋-內壢,2024-11-27,5323
3711,日月光投控,8,0,8,高橋-內壢,2024-11-27,5323
00922,國泰台灣領袖50,8,0,8,高橋-內壢,2024-11-27,5323
00932,兆豐永續高息等權,13,5,8,高橋-內壢,2024-11-27,5323
1314,中石化,8,0,8,高橋-內壢,2024-11-27,5323
2010,春源,8,0,8,高橋-內壢,2024-11-27,5323
2539,櫻花建,8,0,8,高橋-內壢,2024-11-27,5323
4562,穎漢,22,14,8,高橋-內壢,2024-11-27,5323
9105,泰金寶-DR,21,13,8,高橋-內壢,2024-11-27,5323
2609,陽明,226,24,202,高橋-內壢,2024-11-28,5323
2615,萬海,111,2,109,高橋-內壢,2024-11-28,5323
2103,台橡,100,0,100,高橋-內壢,2024-11-28,5323
00946,群益科技高息成長,96,0,96,高橋-內壢,2024-11-28,5323
1326,台化,61,0,61,高橋-內壢,2024-11-28,5323
2312,金寶,78,21,57,高橋-內壢,2024-11-28,5323
00919,群益台灣精選高息,57,11,46,高橋-內壢,2024-11-28,5323
00940,元大台灣價值高息,46,0,46,高橋-內壢,2024-11-28,5323
2867,三商壽,45,0,45,高橋-內壢,2024-11-28,5323
00878,國泰永續高股息,70,25,45,高橋-內壢,2024-11-28,5323
8028,昇陽半導體,40,0,40,高橋-內壢,2024-11-28,5323
00673R,期元大S＆P原油反1,38,0,38,高橋-內壢,2024-11-28,5323
0056,元大高股息,53,15,38,高橋-內壢,2024-11-28,5323
00909,國泰數位支付服務,30,1,29,高橋-內壢,2024-11-28,5323
4510,高鋒,47,25,22,高橋-內壢,2024-11-28,5323
1447,力鵬,20,0,20,高橋-內壢,2024-11-28,5323
8401,白紗科,20,0,20,高橋-內壢,2024-11-28,5323
1301,台塑,23,5,18,高橋-內壢,2024-11-28,5323
2344,華邦電,17,0,17,高橋-內壢,2024-11-28,5323
00918,大華優利高填息30,16,0,16,高橋-內壢,2024-11-28,5323
00915,凱基優選高股息30,17,1,16,高橋-內壢,2024-11-28,5323
00922,國泰台灣領袖50,14,0,14,高橋-內壢,2024-11-28,5323
1303,南亞,14,0,14,高橋-內壢,2024-11-28,5323
00943,兆豐電子高息等權,13,1,12,高橋-內壢,2024-11-28,5323
1708,東鹼,12,0,12,高橋-內壢,2024-11-28,5323
2323,中環,12,0,12,高橋-內壢,2024-11-28,5323
00932,兆豐永續高息等權,11,0,11,高橋-內壢,2024-11-28,5323
3706,神達,52,41,11,高橋-內壢,2024-11-28,5323
00938,凱基優選30,10,0,10,高橋-內壢,2024-11-28,5323
2332,友訊,13,3,10,高橋-內壢,2024-11-28,5323
2367,燿華,11,1,10,高橋-內壢,2024-11-28,5323
2834,臺企銀,10,0,10,高橋-內壢,2024-11-28,5323
3402,漢科,10,0,10,高橋-內壢,2024-11-28,5323
5356,協益,10,0,10,高橋-內壢,2024-11-28,5323
6120,達運,10,0,10,高橋-內壢,2024-11-28,5323
00911,兆豐洲際半導體,9,0,9,高橋-內壢,2024-11-28,5323
00892,富邦台灣半導體,8,0,8,高橋-內壢,2024-11-28,5323
00900,富邦特選高股息30,9,1,8,高橋-內壢,2024-11-28,5323
1402,遠東新,8,0,8,高橋-內壢,2024-11-28,5323
1513,中興電,9,1,8,高橋-內壢,2024-11-28,5323
1815,富喬,110,102,8,高橋-內壢,2024-11-28,5323
1314,中石化,7,0,7,高橋-內壢,2024-11-28,5323
3711,日月光投控,7,1,6,高橋-內壢,2024-11-28,5323
1802,台玻,11,5,6,高橋-內壢,2024-11-28,5323
2409,友達,6,0,6,高橋-內壢,2024-11-28,5323
4440,宜新實業,6,0,6,高橋-內壢,2024-11-28,5323
4526,東台,6,0,6,高橋-內壢,2024-11-28,5323
5291,邑昇,6,0,6,高橋-內壢,2024-11-28,5323
5371,中光電,6,0,6,高橋-內壢,2024-11-28,5323
6143,振曜,6,0,6,高橋-內壢,2024-11-28,5323
2892,第一金,40,0,40,高橋-內壢,2024-11-29,5323
2834,臺企銀,36,0,36,高橋-內壢,2024-11-29,5323
00633L,富邦上証正2,30,0,30,高橋-內壢,2024-11-29,5323
3149,正達,24,0,24,高橋-內壢,2024-11-29,5323
00915,凱基優選高股息30,24,1,23,高橋-內壢,2024-11-29,5323
6770,力積電,22,0,22,高橋-內壢,2024-11-29,5323
1522,堤維西,21,1,20,高橋-內壢,2024-11-29,5323
5291,邑昇,19,0,19,高橋-內壢,2024-11-29,5323
00878,國泰永續高股息,29,10,19,高橋-內壢,2024-11-29,5323
00929,復華台灣科技優息,18,1,17,高橋-內壢,2024-11-29,5323
1402,遠東新,15,0,15,高橋-內壢,2024-11-29,5323
1605,華新,15,0,15,高橋-內壢,2024-11-29,5323
00919,群益台灣精選高息,14,1,13,高橋-內壢,2024-11-29,5323
4915,致伸,12,0,12,高橋-內壢,2024-11-29,5323
5880,合庫金,11,0,11,高橋-內壢,2024-11-29,5323
8028,昇陽半導體,11,0,11,高橋-內壢,2024-11-29,5323
00930,永豐ESG低碳高息,10,0,10,高橋-內壢,2024-11-29,5323
2405,輔信,10,0,10,高橋-內壢,2024-11-29,5323
5371,中光電,17,7,10,高橋-內壢,2024-11-29,5323
5512,力麒,10,0,10,高橋-內壢,2024-11-29,5323
4523,永彰,9,0,9,高橋-內壢,2024-11-29,5323
6901,鑽石投資,9,0,9,高橋-內壢,2024-11-29,5323
3037,欣興,14,6,8,高橋-內壢,2024-11-29,5323
8155,博智,8,0,8,高橋-內壢,2024-11-29,5323
1326,台化,7,0,7,高橋-內壢,2024-11-29,5323
2603,長榮,7,0,7,高橋-內壢,2024-11-29,5323
2883,凱基金,6,0,6,高橋-內壢,2024-11-29,5323
2392,正崴,11,5,6,高橋-內壢,2024-11-29,5323
3029,零壹,6,0,6,高橋-內壢,2024-11-29,5323
5309,系統電,14,8,6,高橋-內壢,2024-11-29,5323
9945,潤泰新,6,0,6,高橋-內壢,2024-11-29,5323
00713,元大台灣高息低波,5,0,5,高橋-內壢,2024-11-29,5323
00939,統一台灣高息動能,5,0,5,高橋-內壢,2024-11-29,5323
2328,廣宇,5,0,5,高橋-內壢,2024-11-29,5323
4440,宜新實業,5,0,5,高橋-內壢,2024-11-29,5323
6215,和椿,5,0,5,高橋-內壢,2024-11-29,5323
8021,尖點,5,0,5,高橋-內壢,2024-11-29,5323
2002,中鋼,4,0,4,高橋-內壢,2024-11-29,5323
00922,國泰台灣領袖50,4,0,4,高橋-內壢,2024-11-29,5323
2354,鴻準,13,9,4,高橋-內壢,2024-11-29,5323
2408,南亞科,4,0,4,高橋-內壢,2024-11-29,5323
3011,今皓,4,0,4,高橋-內壢,2024-11-29,5323
8249,菱光,9,5,4,高橋-內壢,2024-11-29,5323
5347,世界,3,0,3,高橋-內壢,2024-11-29,5323
00905,FT臺灣Smart,3,0,3,高橋-內壢,2024-11-29,5323
1524,耿鼎,3,0,3,高橋-內壢,2024-11-29,5323
2070,精湛,4,1,3,高橋-內壢,2024-11-29,5323
2356,英業達,3,0,3,高橋-內壢,2024-11-29,5323
2363,矽統,3,0,3,高橋-內壢,2024-11-29,5323
2412,中華電,5,2,3,高橋-內壢,2024-11-29,5323
2103,台橡,100,0,100,高橋-內壢,2024-12-02,5323
1464,得力,87,0,87,高橋-內壢,2024-12-02,5323
2354,鴻準,58,2,56,高橋-內壢,2024-12-02,5323
00951,台新日本半導體,50,0,50,高橋-內壢,2024-12-02,5323
2610,華航,51,18,33,高橋-內壢,2024-12-02,5323
00669R,國泰美國道瓊反1,30,0,30,高橋-內壢,2024-12-02,5323
00943,兆豐電子高息等權,29,0,29,高橋-內壢,2024-12-02,5323
1815,富喬,37,10,27,高橋-內壢,2024-12-02,5323
1447,力鵬,15,0,15,高橋-內壢,2024-12-02,5323
2376,技嘉,15,1,14,高橋-內壢,2024-12-02,5323
3231,緯創,12,0,12,高橋-內壢,2024-12-02,5323
00932,兆豐永續高息等權,11,0,11,高橋-內壢,2024-12-02,5323
2633,台灣高鐵,11,0,11,高橋-內壢,2024-12-02,5323
00922,國泰台灣領袖50,10,0,10,高橋-內壢,2024-12-02,5323
00633L,富邦上証正2,10,0,10,高橋-內壢,2024-12-02,5323
00965,元大航太防衛科技,10,0,10,高橋-內壢,2024-12-02,5323
1312,國喬,10,0,10,高橋-內壢,2024-12-02,5323
2313,華通,11,1,10,高橋-內壢,2024-12-02,5323
3024,憶聲,14,4,10,高橋-內壢,2024-12-02,5323
4958,臻鼎-KY,10,0,10,高橋-內壢,2024-12-02,5323
8466,美吉吉-KY,10,0,10,高橋-內壢,2024-12-02,5323
3712,永崴投控,9,0,9,高橋-內壢,2024-12-02,5323
6143,振曜,9,0,9,高橋-內壢,2024-12-02,5323
6405,悅城,17,8,9,高橋-內壢,2024-12-02,5323
2344,華邦電,123,115,8,高橋-內壢,2024-12-02,5323
2867,三商壽,8,0,8,高橋-內壢,2024-12-02,5323
6658,聯策,9,1,8,高橋-內壢,2024-12-02,5323
2317,鴻海,10,3,7,高橋-內壢,2024-12-02,5323
2312,金寶,44,37,7,高橋-內壢,2024-12-02,5323
2356,英業達,17,10,7,高橋-內壢,2024-12-02,5323
3450,聯鈞,20,13,7,高橋-內壢,2024-12-02,5323
1301,台塑,6,0,6,高橋-內壢,2024-12-02,5323
00753L,中信中國50正2,10,4,6,高橋-內壢,2024-12-02,5323
2474,可成,6,0,6,高橋-內壢,2024-12-02,5323
6173,信昌電,6,0,6,高橋-內壢,2024-12-02,5323
2382,廣達,5,0,5,高橋-內壢,2024-12-02,5323
1802,台玻,9,4,5,高橋-內壢,2024-12-02,5323
2302,麗正,10,5,5,高橋-內壢,2024-12-02,5323
2363,矽統,5,0,5,高橋-內壢,2024-12-02,5323
2412,中華電,5,0,5,高橋-內壢,2024-12-02,5323
3323,加百裕,8,3,5,高橋-內壢,2024-12-02,5323
3338,泰碩,5,0,5,高橋-內壢,2024-12-02,5323
5328,華容,5,0,5,高橋-內壢,2024-12-02,5323
9905,大華,5,0,5,高橋-內壢,2024-12-02,5323
3013,晟銘電,4,0,4,高橋-內壢,2024-12-02,5323
00878,國泰永續高股息,6,2,4,高橋-內壢,2024-12-02,5323
1303,南亞,5,1,4,高橋-內壢,2024-12-02,5323
5291,邑昇,4,0,4,高橋-內壢,2024-12-02,5323
6284,佳邦,4,0,4,高橋-內壢,2024-12-02,5323
6139,亞翔,5,2,3,高橋-內壢,2024-12-02,5323
00919,群益台灣精選高息,281,14,267,高橋-內壢,2024-12-03,5323
00712,復華富時不動產,220,0,220,高橋-內壢,2024-12-03,5323
2615,萬海,117,0,117,高橋-內壢,2024-12-03,5323
00918,大華優利高填息30,67,5,62,高橋-內壢,2024-12-03,5323
2313,華通,60,4,56,高橋-內壢,2024-12-03,5323
8028,昇陽半導體,51,0,51,高橋-內壢,2024-12-03,5323
00950B,凱基A級公司債,50,0,50,高橋-內壢,2024-12-03,5323
5512,力麒,50,0,50,高橋-內壢,2024-12-03,5323
2618,長榮航,70,22,48,高橋-內壢,2024-12-03,5323
00937B,群益ESG投等債20,50,5,45,高橋-內壢,2024-12-03,5323
2887,台新金,42,8,34,高橋-內壢,2024-12-03,5323
2412,中華電,24,1,23,高橋-內壢,2024-12-03,5323
2371,大同,21,0,21,高橋-內壢,2024-12-03,5323
8466,美吉吉-KY,20,0,20,高橋-內壢,2024-12-03,5323
1708,東鹼,19,0,19,高橋-內壢,2024-12-03,5323
3260,威剛,18,0,18,高橋-內壢,2024-12-03,5323
0056,元大高股息,15,0,15,高橋-內壢,2024-12-03,5323
2317,鴻海,18,4,14,高橋-內壢,2024-12-03,5323
00924,復華S＆P500成長,10,0,10,高橋-內壢,2024-12-03,5323
2103,台橡,10,0,10,高橋-內壢,2024-12-03,5323
2890,永豐金,10,0,10,高橋-內壢,2024-12-03,5323
6869,雲豹能源,10,0,10,高橋-內壢,2024-12-03,5323
1815,富喬,18,9,9,高橋-內壢,2024-12-03,5323
3024,憶聲,9,0,9,高橋-內壢,2024-12-03,5323
00688L,國泰20年美債正2,8,0,8,高橋-內壢,2024-12-03,5323
4523,永彰,8,0,8,高橋-內壢,2024-12-03,5323
3037,欣興,25,18,7,高橋-內壢,2024-12-03,5323
3040,遠見,7,0,7,高橋-內壢,2024-12-03,5323
4510,高鋒,11,4,7,高橋-內壢,2024-12-03,5323
1409,新纖,6,0,6,高橋-內壢,2024-12-03,5323
3702,大聯大,6,0,6,高橋-內壢,2024-12-03,5323
2344,華邦電,10,5,5,高橋-內壢,2024-12-03,5323
2382,廣達,5,0,5,高橋-內壢,2024-12-03,5323
00680L,元大美債20正2,5,0,5,高橋-內壢,2024-12-03,5323
00915,凱基優選高股息30,5,0,5,高橋-內壢,2024-12-03,5323
1447,力鵬,5,0,5,高橋-內壢,2024-12-03,5323
1464,得力,5,0,5,高橋-內壢,2024-12-03,5323
2009,第一銅,5,0,5,高橋-內壢,2024-12-03,5323
3290,東浦,6,1,5,高橋-內壢,2024-12-03,5323
3430,奇鈦科,5,0,5,高橋-內壢,2024-12-03,5323
8016,矽創,5,0,5,高橋-內壢,2024-12-03,5323
1808,潤隆,5,1,4,高橋-內壢,2024-12-03,5323
2405,輔信,5,1,4,高橋-內壢,2024-12-03,5323
2910,統領,4,0,4,高橋-內壢,2024-12-03,5323
3042,晶技,4,0,4,高橋-內壢,2024-12-03,5323
4440,宜新實業,4,0,4,高橋-內壢,2024-12-03,5323
6005,群益證,12,8,4,高橋-內壢,2024-12-03,5323
6143,振曜,4,0,4,高橋-內壢,2024-12-03,5323
3044,健鼎,4,1,3,高橋-內壢,2024-12-03,5323
00946,群益科技高息成長,3,0,3,高橋-內壢,2024-12-03,5323
00919,群益台灣精選高息,53,1,52,高橋-內壢,2024-12-04,5323
00900,富邦特選高股息30,46,0,46,高橋-內壢,2024-12-04,5323
1708,東鹼,43,0,43,高橋-內壢,2024-12-04,5323
00918,大華優利高填息30,35,0,35,高橋-內壢,2024-12-04,5323
00687B,國泰20年美債,26,0,26,高橋-內壢,2024-12-04,5323
00945B,凱基美國非投等債,22,0,22,高橋-內壢,2024-12-04,5323
00930,永豐ESG低碳高息,20,0,20,高橋-內壢,2024-12-04,5323
2303,聯電,20,1,19,高橋-內壢,2024-12-04,5323
2312,金寶,19,1,18,高橋-內壢,2024-12-04,5323
4157,太景*-KY,18,0,18,高橋-內壢,2024-12-04,5323
2492,華新科,27,10,17,高橋-內壢,2024-12-04,5323
00910,第一金太空衛星,15,0,15,高橋-內壢,2024-12-04,5323
1447,力鵬,15,0,15,高橋-內壢,2024-12-04,5323
2062,橋椿,43,32,11,高橋-內壢,2024-12-04,5323
3645,達邁,12,1,11,高橋-內壢,2024-12-04,5323
3694,海華,21,10,11,高橋-內壢,2024-12-04,5323
6173,信昌電,11,0,11,高橋-內壢,2024-12-04,5323
00959B,大華投等美債15Y+,10,0,10,高橋-內壢,2024-12-04,5323
00953B,群益優選非投等債,10,0,10,高橋-內壢,2024-12-04,5323
00795B,中信美國公債20年,10,0,10,高橋-內壢,2024-12-04,5323
1714,和桐,10,0,10,高橋-內壢,2024-12-04,5323
2392,正崴,12,2,10,高橋-內壢,2024-12-04,5323
2409,友達,10,0,10,高橋-內壢,2024-12-04,5323
3031,佰鴻,10,0,10,高橋-內壢,2024-12-04,5323
6546,正基,10,0,10,高橋-內壢,2024-12-04,5323
6757,台灣虎航,12,2,10,高橋-內壢,2024-12-04,5323
3706,神達,22,12,10,高橋-內壢,2024-12-04,5323
00662,富邦NASDAQ,9,0,9,高橋-內壢,2024-12-04,5323
00878,國泰永續高股息,12,4,8,高橋-內壢,2024-12-04,5323
0056,元大高股息,8,0,8,高橋-內壢,2024-12-04,5323
00931B,統一美債20年,8,1,7,高橋-內壢,2024-12-04,5323
2891,中信金,8,1,7,高橋-內壢,2024-12-04,5323
3013,晟銘電,13,7,6,高橋-內壢,2024-12-04,5323
1303,南亞,6,0,6,高橋-內壢,2024-12-04,5323
1536,和大,6,1,5,高橋-內壢,2024-12-04,5323
2385,群光,5,0,5,高橋-內壢,2024-12-04,5323
3260,威剛,5,0,5,高橋-內壢,2024-12-04,5323
6147,頎邦,5,0,5,高橋-內壢,2024-12-04,5323
6446,藥華藥,5,0,5,高橋-內壢,2024-12-04,5323
6763,綠界科技*,5,0,5,高橋-內壢,2024-12-04,5323
3625,西勝,4,0,4,高橋-內壢,2024-12-04,5323
5519,隆大,4,0,4,高橋-內壢,2024-12-04,5323
6134,萬旭,11,7,4,高橋-內壢,2024-12-04,5323
00907,永豐優息存股,3,0,3,高橋-內壢,2024-12-04,5323
00927,群益半導體收益,3,0,3,高橋-內壢,2024-12-04,5323
1310,台苯,3,0,3,高橋-內壢,2024-12-04,5323
1786,科妍,3,0,3,高橋-內壢,2024-12-04,5323
2344,華邦電,3,0,3,高橋-內壢,2024-12-04,5323
2353,宏��,3,0,3,高橋-內壢,2024-12-04,5323
2405,輔信,3,0,3,高橋-內壢,2024-12-04,5323
2103,台橡,143,0,143,高橋-內壢,2024-12-05,5323
00937B,群益ESG投等債20,160,30,130,高橋-內壢,2024-12-05,5323
00669R,國泰美國道瓊反1,120,0,120,高橋-內壢,2024-12-05,5323
2313,華通,48,2,46,高橋-內壢,2024-12-05,5323
1708,東鹼,44,0,44,高橋-內壢,2024-12-05,5323
3149,正達,44,0,44,高橋-內壢,2024-12-05,5323
6127,九豪,49,5,44,高橋-內壢,2024-12-05,5323
1815,富喬,69,26,43,高橋-內壢,2024-12-05,5323
3712,永崴投控,43,0,43,高橋-內壢,2024-12-05,5323
1447,力鵬,38,0,38,高橋-內壢,2024-12-05,5323
2392,正崴,56,22,34,高橋-內壢,2024-12-05,5323
2375,凱美,25,0,25,高橋-內壢,2024-12-05,5323
2615,萬海,24,1,23,高橋-內壢,2024-12-05,5323
3323,加百裕,29,7,22,高橋-內壢,2024-12-05,5323
2312,金寶,28,7,21,高橋-內壢,2024-12-05,5323
00918,大華優利高填息30,36,16,20,高橋-內壢,2024-12-05,5323
2408,南亞科,20,0,20,高橋-內壢,2024-12-05,5323
2349,錸德,18,0,18,高橋-內壢,2024-12-05,5323
2834,臺企銀,17,0,17,高橋-內壢,2024-12-05,5323
4931,新盛力,38,21,17,高橋-內壢,2024-12-05,5323
5371,中光電,18,1,17,高橋-內壢,2024-12-05,5323
6244,茂迪,17,0,17,高橋-內壢,2024-12-05,5323
9105,泰金寶-DR,19,3,16,高橋-內壢,2024-12-05,5323
2303,聯電,20,5,15,高橋-內壢,2024-12-05,5323
00919,群益台灣精選高息,29,16,13,高橋-內壢,2024-12-05,5323
00932,兆豐永續高息等權,12,0,12,高橋-內壢,2024-12-05,5323
3234,光環,12,0,12,高橋-內壢,2024-12-05,5323
00924,復華S＆P500成長,10,0,10,高橋-內壢,2024-12-05,5323
1718,中纖,10,0,10,高橋-內壢,2024-12-05,5323
2405,輔信,10,0,10,高橋-內壢,2024-12-05,5323
3545,敦泰,10,0,10,高橋-內壢,2024-12-05,5323
6133,金橋,10,0,10,高橋-內壢,2024-12-05,5323
8028,昇陽半導體,11,1,10,高橋-內壢,2024-12-05,5323
8401,白紗科,10,0,10,高橋-內壢,2024-12-05,5323
00878,國泰永續高股息,9,0,9,高橋-內壢,2024-12-05,5323
8249,菱光,13,4,9,高橋-內壢,2024-12-05,5323
8466,美吉吉-KY,9,0,9,高橋-內壢,2024-12-05,5323
6706,惠特,13,4,9,高橋-內壢,2024-12-05,5323
2317,鴻海,11,3,8,高橋-內壢,2024-12-05,5323
1471,首利,8,0,8,高橋-內壢,2024-12-05,5323
2464,盟立,8,0,8,高橋-內壢,2024-12-05,5323
0056,元大高股息,8,1,7,高橋-內壢,2024-12-05,5323
1316,上曜,7,0,7,高橋-內壢,2024-12-05,5323
2027,大成鋼,7,0,7,高橋-內壢,2024-12-05,5323
2609,陽明,7,0,7,高橋-內壢,2024-12-05,5323
6285,啟��,7,0,7,高橋-內壢,2024-12-05,5323
1303,南亞,6,0,6,高橋-內壢,2024-12-05,5323
00753L,中信中國50正2,12,6,6,高橋-內壢,2024-12-05,5323
00907,永豐優息存股,6,0,6,高橋-內壢,2024-12-05,5323
1802,台玻,14,8,6,高橋-內壢,2024-12-05,5323
8028,昇陽半導體,72,0,72,高橋-內壢,2024-12-06,5323
2103,台橡,67,0,67,高橋-內壢,2024-12-06,5323
00926,凱基全球菁英55,50,0,50,高橋-內壢,2024-12-06,5323
00712,復華富時不動產,43,0,43,高橋-內壢,2024-12-06,5323
00962,台新AI優息動能,33,0,33,高橋-內壢,2024-12-06,5323
2412,中華電,23,0,23,高橋-內壢,2024-12-06,5323
00932,兆豐永續高息等權,16,0,16,高橋-內壢,2024-12-06,5323
3591,艾笛森,19,3,16,高橋-內壢,2024-12-06,5323
2392,正崴,15,0,15,高橋-內壢,2024-12-06,5323
4919,新唐,18,4,14,高橋-內壢,2024-12-06,5323
1708,東鹼,13,0,13,高橋-內壢,2024-12-06,5323
6127,九豪,13,0,13,高橋-內壢,2024-12-06,5323
8044,網家,13,0,13,高橋-內壢,2024-12-06,5323
5371,中光電,12,0,12,高橋-內壢,2024-12-06,5323
2344,華邦電,13,1,12,高橋-內壢,2024-12-06,5323
00953B,群益優選非投等債,11,0,11,高橋-內壢,2024-12-06,5323
5465,富驊,11,0,11,高橋-內壢,2024-12-06,5323
00642U,期元大S＆P石油,10,0,10,高橋-內壢,2024-12-06,5323
00918,大華優利高填息30,22,12,10,高橋-內壢,2024-12-06,5323
00910,第一金太空衛星,10,0,10,高橋-內壢,2024-12-06,5323
1718,中纖,10,0,10,高橋-內壢,2024-12-06,5323
6215,和椿,10,0,10,高橋-內壢,2024-12-06,5323
00905,FT臺灣Smart,10,1,9,高橋-內壢,2024-12-06,5323
1815,富喬,26,17,9,高橋-內壢,2024-12-06,5323
00907,永豐優息存股,8,0,8,高橋-內壢,2024-12-06,5323
2337,旺宏,8,0,8,高橋-內壢,2024-12-06,5323
2349,錸德,10,2,8,高橋-內壢,2024-12-06,5323
1605,華新,9,2,7,高橋-內壢,2024-12-06,5323
4562,穎漢,11,4,7,高橋-內壢,2024-12-06,5323
00909,國泰數位支付服務,6,0,6,高橋-內壢,2024-12-06,5323
1802,台玻,18,12,6,高橋-內壢,2024-12-06,5323
3323,加百裕,10,4,6,高橋-內壢,2024-12-06,5323
3450,聯鈞,13,7,6,高橋-內壢,2024-12-06,5323
3037,欣興,5,0,5,高橋-內壢,2024-12-06,5323
00930,永豐ESG低碳高息,5,0,5,高橋-內壢,2024-12-06,5323
1447,力鵬,5,0,5,高橋-內壢,2024-12-06,5323
1727,中華化,5,0,5,高橋-內壢,2024-12-06,5323
2002,中鋼,5,0,5,高橋-內壢,2024-12-06,5323
2027,大成鋼,5,0,5,高橋-內壢,2024-12-06,5323
2408,南亞科,5,0,5,高橋-內壢,2024-12-06,5323
2605,新興,5,0,5,高橋-內壢,2024-12-06,5323
2646,星宇航空,5,0,5,高橋-內壢,2024-12-06,5323
3105,穩懋,5,0,5,高橋-內壢,2024-12-06,5323
6284,佳邦,5,0,5,高橋-內壢,2024-12-06,5323
0056,元大高股息,24,20,4,高橋-內壢,2024-12-06,5323
00915,凱基優選高股息30,5,1,4,高橋-內壢,2024-12-06,5323
3689,湧德,12,8,4,高橋-內壢,2024-12-06,5323
4303,信立,4,0,4,高橋-內壢,2024-12-06,5323
6667,信紘科,5,1,4,高橋-內壢,2024-12-06,5323
6788,華景電,4,0,4,高橋-內壢,2024-12-06,5323
00919,群益台灣精選高息,111,18,93,高橋-內壢,2024-12-09,5323
00900,富邦特選高股息30,64,0,64,高橋-內壢,2024-12-09,5323
5328,華容,37,1,36,高橋-內壢,2024-12-09,5323
8028,昇陽半導體,30,0,30,高橋-內壢,2024-12-09,5323
2317,鴻海,37,7,30,高橋-內壢,2024-12-09,5323
2353,宏��,29,5,24,高橋-內壢,2024-12-09,5323
1708,東鹼,24,1,23,高橋-內壢,2024-12-09,5323
4113,聯上,23,0,23,高橋-內壢,2024-12-09,5323
2408,南亞科,22,0,22,高橋-內壢,2024-12-09,5323
1605,華新,25,4,21,高橋-內壢,2024-12-09,5323
2367,燿華,21,0,21,高橋-內壢,2024-12-09,5323
4934,太極,21,0,21,高橋-內壢,2024-12-09,5323
2324,仁寶,41,21,20,高橋-內壢,2024-12-09,5323
2344,華邦電,20,0,20,高橋-內壢,2024-12-09,5323
3622,洋華,20,0,20,高橋-內壢,2024-12-09,5323
3630,新鉅科,20,0,20,高橋-內壢,2024-12-09,5323
2887,台新金,21,2,19,高橋-內壢,2024-12-09,5323
2303,聯電,17,0,17,高橋-內壢,2024-12-09,5323
2349,錸德,17,0,17,高橋-內壢,2024-12-09,5323
2002,中鋼,21,5,16,高橋-內壢,2024-12-09,5323
3088,艾訊,15,0,15,高橋-內壢,2024-12-09,5323
5519,隆大,15,0,15,高橋-內壢,2024-12-09,5323
00926,凱基全球菁英55,13,0,13,高橋-內壢,2024-12-09,5323
3260,威剛,12,0,12,高橋-內壢,2024-12-09,5323
3055,蔚華科,11,0,11,高橋-內壢,2024-12-09,5323
1533,車王電,10,0,10,高橋-內壢,2024-12-09,5323
2867,三商壽,10,0,10,高橋-內壢,2024-12-09,5323
3323,加百裕,11,1,10,高橋-內壢,2024-12-09,5323
3615,安可,10,0,10,高橋-內壢,2024-12-09,5323
3712,永崴投控,10,0,10,高橋-內壢,2024-12-09,5323
00909,國泰數位支付服務,14,6,8,高橋-內壢,2024-12-09,5323
00878,國泰永續高股息,18,10,8,高橋-內壢,2024-12-09,5323
1802,台玻,12,4,8,高橋-內壢,2024-12-09,5323
3050,鈺德,8,0,8,高橋-內壢,2024-12-09,5323
3450,聯鈞,14,6,8,高橋-內壢,2024-12-09,5323
6558,興能高,8,0,8,高橋-內壢,2024-12-09,5323
00962,台新AI優息動能,7,0,7,高橋-內壢,2024-12-09,5323
00950B,凱基A級公司債,7,0,7,高橋-內壢,2024-12-09,5323
8150,南茂,7,0,7,高橋-內壢,2024-12-09,5323
9902,台火,7,0,7,高橋-內壢,2024-12-09,5323
3231,緯創,6,0,6,高橋-內壢,2024-12-09,5323
00715L,期街口布蘭特正2,6,0,6,高橋-內壢,2024-12-09,5323
2375,凱美,7,1,6,高橋-內壢,2024-12-09,5323
5315,光聯,7,1,6,高橋-內壢,2024-12-09,5323
1815,富喬,11,6,5,高橋-內壢,2024-12-09,5323
1101,台泥,5,0,5,高橋-內壢,2024-12-09,5323
00965,元大航太防衛科技,5,0,5,高橋-內壢,2024-12-09,5323
00918,大華優利高填息30,20,15,5,高橋-內壢,2024-12-09,5323
00922,國泰台灣領袖50,5,0,5,高橋-內壢,2024-12-09,5323
2033,佳大,7,2,5,高橋-內壢,2024-12-09,5323
00940,元大台灣價值高息,500,0,500,高橋-內壢,2024-12-10,5323
2103,台橡,100,0,100,高橋-內壢,2024-12-10,5323
2609,陽明,94,17,77,高橋-內壢,2024-12-10,5323
00918,大華優利高填息30,59,2,57,高橋-內壢,2024-12-10,5323
8028,昇陽半導體,55,0,55,高橋-內壢,2024-12-10,5323
00951,台新日本半導體,50,0,50,高橋-內壢,2024-12-10,5323
5328,華容,41,1,40,高橋-內壢,2024-12-10,5323
00919,群益台灣精選高息,40,2,38,高橋-內壢,2024-12-10,5323
00665L,富邦�琤肭磪囓�2,31,1,30,高橋-內壢,2024-12-10,5323
0056,元大高股息,26,0,26,高橋-內壢,2024-12-10,5323
6244,茂迪,24,0,24,高橋-內壢,2024-12-10,5323
2356,英業達,20,0,20,高橋-內壢,2024-12-10,5323
2367,燿華,21,1,20,高橋-內壢,2024-12-10,5323
00712,復華富時不動產,18,0,18,高橋-內壢,2024-12-10,5323
2618,長榮航,27,11,16,高橋-內壢,2024-12-10,5323
00687B,國泰20年美債,15,0,15,高橋-內壢,2024-12-10,5323
3037,欣興,15,0,15,高橋-內壢,2024-12-10,5323
1718,中纖,14,0,14,高橋-內壢,2024-12-10,5323
1815,富喬,35,21,14,高橋-內壢,2024-12-10,5323
6143,振曜,16,3,13,高橋-內壢,2024-12-10,5323
9105,泰金寶-DR,17,5,12,高橋-內壢,2024-12-10,5323
2317,鴻海,26,14,12,高橋-內壢,2024-12-10,5323
00905,FT臺灣Smart,11,0,11,高橋-內壢,2024-12-10,5323
00932,兆豐永續高息等權,11,0,11,高橋-內壢,2024-12-10,5323
00937B,群益ESG投等債20,10,0,10,高橋-內壢,2024-12-10,5323
00962,台新AI優息動能,10,0,10,高橋-內壢,2024-12-10,5323
00680L,元大美債20正2,10,0,10,高橋-內壢,2024-12-10,5323
00795B,中信美國公債20年,10,0,10,高橋-內壢,2024-12-10,5323
1513,中興電,10,0,10,高橋-內壢,2024-12-10,5323
1522,堤維西,10,0,10,高橋-內壢,2024-12-10,5323
1605,華新,10,0,10,高橋-內壢,2024-12-10,5323
3013,晟銘電,10,0,10,高橋-內壢,2024-12-10,5323
3511,矽瑪,10,0,10,高橋-內壢,2024-12-10,5323
4440,宜新實業,10,0,10,高橋-內壢,2024-12-10,5323
00909,國泰數位支付服務,9,0,9,高橋-內壢,2024-12-10,5323
2303,聯電,9,0,9,高橋-內壢,2024-12-10,5323
00922,國泰台灣領袖50,8,0,8,高橋-內壢,2024-12-10,5323
1584,精剛,8,0,8,高橋-內壢,2024-12-10,5323
1449,佳和,7,0,7,高橋-內壢,2024-12-10,5323
3260,威剛,7,0,7,高橋-內壢,2024-12-10,5323
4721,美琪瑪,11,4,7,高橋-內壢,2024-12-10,5323
2399,映泰,6,0,6,高橋-內壢,2024-12-10,5323
2344,華邦電,6,0,6,高橋-內壢,2024-12-10,5323
2457,飛宏,6,0,6,高橋-內壢,2024-12-10,5323
8234,新漢,6,0,6,高橋-內壢,2024-12-10,5323
1101,台泥,5,0,5,高橋-內壢,2024-12-10,5323
1539,巨庭,5,0,5,高橋-內壢,2024-12-10,5323
1612,宏泰,5,0,5,高橋-內壢,2024-12-10,5323
2408,南亞科,5,0,5,高橋-內壢,2024-12-10,5323
2547,日勝生,7,2,5,高橋-內壢,2024-12-10,5323
00918,大華優利高填息30,144,0,144,高橋-內壢,2024-12-11,5323
6770,力積電,64,0,64,高橋-內壢,2024-12-11,5323
00951,台新日本半導體,50,0,50,高橋-內壢,2024-12-11,5323
6244,茂迪,50,0,50,高橋-內壢,2024-12-11,5323
2609,陽明,44,6,38,高橋-內壢,2024-12-11,5323
2344,華邦電,38,0,38,高橋-內壢,2024-12-11,5323
2408,南亞科,41,6,35,高橋-內壢,2024-12-11,5323
2317,鴻海,35,5,30,高橋-內壢,2024-12-11,5323
00919,群益台灣精選高息,25,1,24,高橋-內壢,2024-12-11,5323
1447,力鵬,23,0,23,高橋-內壢,2024-12-11,5323
2392,正崴,22,1,21,高橋-內壢,2024-12-11,5323
2646,星宇航空,21,0,21,高橋-內壢,2024-12-11,5323
2887,台新金,21,2,19,高橋-內壢,2024-12-11,5323
2412,中華電,13,0,13,高橋-內壢,2024-12-11,5323
2618,長榮航,38,25,13,高橋-內壢,2024-12-11,5323
3234,光環,12,0,12,高橋-內壢,2024-12-11,5323
3037,欣興,11,0,11,高橋-內壢,2024-12-11,5323
5371,中光電,11,0,11,高橋-內壢,2024-12-11,5323
0056,元大高股息,10,0,10,高橋-內壢,2024-12-11,5323
00959B,大華投等美債15Y+,10,0,10,高橋-內壢,2024-12-11,5323
00924,復華S＆P500成長,10,0,10,高橋-內壢,2024-12-11,5323
3622,洋華,10,0,10,高橋-內壢,2024-12-11,5323
6126,信音,10,0,10,高橋-內壢,2024-12-11,5323
4562,穎漢,10,2,8,高橋-內壢,2024-12-11,5323
2303,聯電,9,1,8,高橋-內壢,2024-12-11,5323
00878,國泰永續高股息,7,0,7,高橋-內壢,2024-12-11,5323
1595,川寶,7,0,7,高橋-內壢,2024-12-11,5323
2431,聯昌,7,0,7,高橋-內壢,2024-12-11,5323
3260,威剛,7,0,7,高橋-內壢,2024-12-11,5323
3520,華盈,7,0,7,高橋-內壢,2024-12-11,5323
1326,台化,6,0,6,高橋-內壢,2024-12-11,5323
00679B,元大美債20年,6,0,6,高橋-內壢,2024-12-11,5323
00915,凱基優選高股息30,8,2,6,高橋-內壢,2024-12-11,5323
1220,台榮,6,0,6,高橋-內壢,2024-12-11,5323
2014,中鴻,6,0,6,高橋-內壢,2024-12-11,5323
2426,鼎元,6,0,6,高橋-內壢,2024-12-11,5323
2610,華航,7,1,6,高橋-內壢,2024-12-11,5323
00960,野村全球航運龍頭,5,0,5,高橋-內壢,2024-12-11,5323
00900,富邦特選高股息30,5,0,5,高橋-內壢,2024-12-11,5323
00931B,統一美債20年,6,1,5,高橋-內壢,2024-12-11,5323
1449,佳和,6,1,5,高橋-內壢,2024-12-11,5323
1717,長興,5,0,5,高橋-內壢,2024-12-11,5323
2236,百達-KY,5,0,5,高橋-內壢,2024-12-11,5323
3231,緯創,5,0,5,高橋-內壢,2024-12-11,5323
4931,新盛力,5,0,5,高橋-內壢,2024-12-11,5323
5284,jpp-KY,5,0,5,高橋-內壢,2024-12-11,5323
5608,四維航,5,0,5,高橋-內壢,2024-12-11,5323
6142,友勁,5,0,5,高橋-內壢,2024-12-11,5323
6438,迅得,6,1,5,高橋-內壢,2024-12-11,5323
6743,安普新,5,0,5,高橋-內壢,2024-12-11,5323
00918,大華優利高填息30,103,1,102,高橋-內壢,2024-12-12,5323
8028,昇陽半導體,51,0,51,高橋-內壢,2024-12-12,5323
2610,華航,74,26,48,高橋-內壢,2024-12-12,5323
2867,三商壽,39,0,39,高橋-內壢,2024-12-12,5323
1447,力鵬,37,0,37,高橋-內壢,2024-12-12,5323
00924,復華S＆P500成長,30,0,30,高橋-內壢,2024-12-12,5323
6770,力積電,29,5,24,高橋-內壢,2024-12-12,5323
2354,鴻準,40,18,22,高橋-內壢,2024-12-12,5323
00915,凱基優選高股息30,22,0,22,高橋-內壢,2024-12-12,5323
00926,凱基全球菁英55,20,0,20,高橋-內壢,2024-12-12,5323
00665L,富邦�琤肭磪囓�2,20,0,20,高橋-內壢,2024-12-12,5323
5439,高技,18,2,16,高橋-內壢,2024-12-12,5323
2312,金寶,58,44,14,高橋-內壢,2024-12-12,5323
2609,陽明,16,3,13,高橋-內壢,2024-12-12,5323
00687B,國泰20年美債,23,10,13,高橋-內壢,2024-12-12,5323
1718,中纖,13,0,13,高橋-內壢,2024-12-12,5323
00878,國泰永續高股息,11,0,11,高橋-內壢,2024-12-12,5323
3706,神達,19,8,11,高橋-內壢,2024-12-12,5323
00910,第一金太空衛星,10,0,10,高橋-內壢,2024-12-12,5323
1815,富喬,17,7,10,高橋-內壢,2024-12-12,5323
5328,華容,11,1,10,高橋-內壢,2024-12-12,5323
00919,群益台灣精選高息,15,6,9,高橋-內壢,2024-12-12,5323
2801,彰銀,10,1,9,高橋-內壢,2024-12-12,5323
2371,大同,8,0,8,高橋-內壢,2024-12-12,5323
2601,益航,8,0,8,高橋-內壢,2024-12-12,5323
00795B,中信美國公債20年,10,3,7,高橋-內壢,2024-12-12,5323
3189,景碩,7,0,7,高橋-內壢,2024-12-12,5323
4440,宜新實業,7,0,7,高橋-內壢,2024-12-12,5323
8249,菱光,10,3,7,高橋-內壢,2024-12-12,5323
00937B,群益ESG投等債20,6,0,6,高橋-內壢,2024-12-12,5323
2231,為升,6,0,6,高橋-內壢,2024-12-12,5323
2324,仁寶,9,3,6,高橋-內壢,2024-12-12,5323
4566,時碩工業,7,1,6,高橋-內壢,2024-12-12,5323
4909,新復興,10,4,6,高橋-內壢,2024-12-12,5323
8272,全景軟體,6,0,6,高橋-內壢,2024-12-12,5323
00713,元大台灣高息低波,5,0,5,高橋-內壢,2024-12-12,5323
1802,台玻,10,5,5,高橋-內壢,2024-12-12,5323
2002,中鋼,5,0,5,高橋-內壢,2024-12-12,5323
2408,南亞科,5,0,5,高橋-內壢,2024-12-12,5323
3019,亞光,5,0,5,高橋-內壢,2024-12-12,5323
3374,精材,5,0,5,高橋-內壢,2024-12-12,5323
6462,神盾,8,3,5,高橋-內壢,2024-12-12,5323
6558,興能高,5,0,5,高橋-內壢,2024-12-12,5323
4977,眾達-KY,15,10,5,高橋-內壢,2024-12-12,5323
1301,台塑,5,1,4,高橋-內壢,2024-12-12,5323
3029,零壹,4,0,4,高橋-內壢,2024-12-12,5323
2388,威盛,5,1,4,高橋-內壢,2024-12-12,5323
3227,原相,4,0,4,高橋-內壢,2024-12-12,5323
3234,光環,4,0,4,高橋-內壢,2024-12-12,5323
4915,致伸,4,0,4,高橋-內壢,2024-12-12,5323
2103,台橡,123,0,123,高橋-內壢,2024-12-13,5323
00919,群益台灣精選高息,84,0,84,高橋-內壢,2024-12-13,5323
1718,中纖,41,0,41,高橋-內壢,2024-12-13,5323
00918,大華優利高填息30,35,0,35,高橋-內壢,2024-12-13,5323
00687B,國泰20年美債,34,0,34,高橋-內壢,2024-12-13,5323
4739,康普,30,0,30,高橋-內壢,2024-12-13,5323
2867,三商壽,28,0,28,高橋-內壢,2024-12-13,5323
00915,凱基優選高股息30,23,0,23,高橋-內壢,2024-12-13,5323
2367,燿華,22,0,22,高橋-內壢,2024-12-13,5323
00900,富邦特選高股息30,20,0,20,高橋-內壢,2024-12-13,5323
1447,力鵬,20,0,20,高橋-內壢,2024-12-13,5323
2312,金寶,24,4,20,高橋-內壢,2024-12-13,5323
4540,全球傳動,24,4,20,高橋-內壢,2024-12-13,5323
3032,偉訓,20,1,19,高橋-內壢,2024-12-13,5323
3189,景碩,18,0,18,高橋-內壢,2024-12-13,5323
5519,隆大,17,0,17,高橋-內壢,2024-12-13,5323
2353,宏��,16,0,16,高橋-內壢,2024-12-13,5323
4510,高鋒,17,1,16,高橋-內壢,2024-12-13,5323
2801,彰銀,13,0,13,高橋-內壢,2024-12-13,5323
6188,廣明,14,1,13,高橋-內壢,2024-12-13,5323
8249,菱光,13,0,13,高橋-內壢,2024-12-13,5323
2887,台新金,12,0,12,高橋-內壢,2024-12-13,5323
00937B,群益ESG投等債20,11,0,11,高橋-內壢,2024-12-13,5323
2382,廣達,11,0,11,高橋-內壢,2024-12-13,5323
2618,長榮航,14,3,11,高橋-內壢,2024-12-13,5323
3594,磐儀,11,0,11,高橋-內壢,2024-12-13,5323
6405,悅城,11,0,11,高橋-內壢,2024-12-13,5323
00962,台新AI優息動能,10,0,10,高橋-內壢,2024-12-13,5323
0056,元大高股息,10,0,10,高橋-內壢,2024-12-13,5323
00637L,元大滬深300正2,10,0,10,高橋-內壢,2024-12-13,5323
3169,亞信,11,1,10,高橋-內壢,2024-12-13,5323
5512,力麒,10,0,10,高橋-內壢,2024-12-13,5323
8466,美吉吉-KY,10,0,10,高橋-內壢,2024-12-13,5323
2317,鴻海,13,5,8,高橋-內壢,2024-12-13,5323
00753L,中信中國50正2,9,1,8,高橋-內壢,2024-12-13,5323
1314,中石化,8,0,8,高橋-內壢,2024-12-13,5323
6120,達運,8,0,8,高橋-內壢,2024-12-13,5323
00940,元大台灣價值高息,7,0,7,高橋-內壢,2024-12-13,5323
00725B,國泰投資級公司債,7,0,7,高橋-內壢,2024-12-13,5323
1513,中興電,7,0,7,高橋-內壢,2024-12-13,5323
2002,中鋼,8,1,7,高橋-內壢,2024-12-13,5323
3481,群創,7,0,7,高橋-內壢,2024-12-13,5323
2328,廣宇,9,3,6,高橋-內壢,2024-12-13,5323
3050,鈺德,6,0,6,高橋-內壢,2024-12-13,5323
4523,永彰,6,0,6,高橋-內壢,2024-12-13,5323
6962,ITH-KY,8,2,6,高橋-內壢,2024-12-13,5323
9945,潤泰新,11,5,6,高橋-內壢,2024-12-13,5323
1528,恩德,5,0,5,高橋-內壢,2024-12-13,5323
00713,元大台灣高息低波,5,0,5,高橋-內壢,2024-12-13,5323
00881,國泰台灣5G+,5,0,5,高橋-內壢,2024-12-13,5323
3706,神達,92,8,84,高橋-內壢,2024-12-16,5323
00918,大華優利高填息30,79,2,77,高橋-內壢,2024-12-16,5323
00679B,元大美債20年,59,0,59,高橋-內壢,2024-12-16,5323
3481,群創,57,0,57,高橋-內壢,2024-12-16,5323
3149,正達,51,0,51,高橋-內壢,2024-12-16,5323
00919,群益台灣精選高息,36,4,32,高橋-內壢,2024-12-16,5323
00946,群益科技高息成長,32,0,32,高橋-內壢,2024-12-16,5323
0056,元大高股息,32,1,31,高橋-內壢,2024-12-16,5323
2344,華邦電,28,0,28,高橋-內壢,2024-12-16,5323
2609,陽明,35,9,26,高橋-內壢,2024-12-16,5323
00632R,元大台灣50反1,25,0,25,高橋-內壢,2024-12-16,5323
00662,富邦NASDAQ,22,0,22,高橋-內壢,2024-12-16,5323
4739,康普,22,0,22,高橋-內壢,2024-12-16,5323
2408,南亞科,22,0,22,高橋-內壢,2024-12-16,5323
2392,正崴,22,1,21,高橋-內壢,2024-12-16,5323
2367,燿華,29,8,21,高橋-內壢,2024-12-16,5323
5512,力麒,20,0,20,高橋-內壢,2024-12-16,5323
00945B,凱基美國非投等債,19,0,19,高橋-內壢,2024-12-16,5323
2027,大成鋼,14,0,14,高橋-內壢,2024-12-16,5323
2867,三商壽,14,0,14,高橋-內壢,2024-12-16,5323
6405,悅城,14,0,14,高橋-內壢,2024-12-16,5323
00940,元大台灣價值高息,12,0,12,高橋-內壢,2024-12-16,5323
00725B,國泰投資級公司債,11,0,11,高橋-內壢,2024-12-16,5323
00959B,大華投等美債15Y+,10,0,10,高橋-內壢,2024-12-16,5323
1517,利奇,10,0,10,高橋-內壢,2024-12-16,5323
8277,商丞,10,0,10,高橋-內壢,2024-12-16,5323
3037,欣興,14,6,8,高橋-內壢,2024-12-16,5323
00680L,元大美債20正2,8,0,8,高橋-內壢,2024-12-16,5323
00931B,統一美債20年,7,0,7,高橋-內壢,2024-12-16,5323
2363,矽統,8,1,7,高橋-內壢,2024-12-16,5323
3013,晟銘電,9,2,7,高橋-內壢,2024-12-16,5323
3234,光環,7,0,7,高橋-內壢,2024-12-16,5323
3450,聯鈞,19,12,7,高橋-內壢,2024-12-16,5323
6129,普誠,7,0,7,高橋-內壢,2024-12-16,5323
00878,國泰永續高股息,8,2,6,高橋-內壢,2024-12-16,5323
00675L,富邦臺灣加權正2,6,0,6,高橋-內壢,2024-12-16,5323
4523,永彰,6,0,6,高橋-內壢,2024-12-16,5323
6239,力成,6,0,6,高橋-內壢,2024-12-16,5323
6425,易發,6,0,6,高橋-內壢,2024-12-16,5323
6469,大樹,5,0,5,高橋-內壢,2024-12-16,5323
1101,台泥,5,0,5,高橋-內壢,2024-12-16,5323
1802,台玻,6,1,5,高橋-內壢,2024-12-16,5323
2313,華通,12,7,5,高橋-內壢,2024-12-16,5323
2412,中華電,5,0,5,高橋-內壢,2024-12-16,5323
2457,飛宏,5,0,5,高橋-內壢,2024-12-16,5323
2601,益航,5,0,5,高橋-內壢,2024-12-16,5323
2834,臺企銀,5,0,5,高橋-內壢,2024-12-16,5323
3622,洋華,5,0,5,高橋-內壢,2024-12-16,5323
4160,訊聯基因,5,0,5,高橋-內壢,2024-12-16,5323
6282,康舒,5,0,5,高橋-內壢,2024-12-16,5323
00937B,群益ESG投等債20,55,0,55,高橋-內壢,2024-12-17,5323
2609,陽明,70,18,52,高橋-內壢,2024-12-17,5323
3481,群創,48,2,46,高橋-內壢,2024-12-17,5323
00919,群益台灣精選高息,64,19,45,高橋-內壢,2024-12-17,5323
00918,大華優利高填息30,41,0,41,高橋-內壢,2024-12-17,5323
00900,富邦特選高股息30,40,0,40,高橋-內壢,2024-12-17,5323
2834,臺企銀,32,0,32,高橋-內壢,2024-12-17,5323
00712,復華富時不動產,31,0,31,高橋-內壢,2024-12-17,5323
00915,凱基優選高股息30,25,0,25,高橋-內壢,2024-12-17,5323
1533,車王電,20,0,20,高橋-內壢,2024-12-17,5323
3673,TPK-KY,20,0,20,高橋-內壢,2024-12-17,5323
2356,英業達,17,0,17,高橋-內壢,2024-12-17,5323
1402,遠東新,16,0,16,高橋-內壢,2024-12-17,5323
00713,元大台灣高息低波,15,0,15,高橋-內壢,2024-12-17,5323
2354,鴻準,23,10,13,高橋-內壢,2024-12-17,5323
0056,元大高股息,13,0,13,高橋-內壢,2024-12-17,5323
3260,威剛,13,0,13,高橋-內壢,2024-12-17,5323
3231,緯創,14,2,12,高橋-內壢,2024-12-17,5323
2845,遠東銀,11,0,11,高橋-內壢,2024-12-17,5323
3006,晶豪科,11,0,11,高橋-內壢,2024-12-17,5323
1718,中纖,11,0,11,高橋-內壢,2024-12-17,5323
2883,凱基金,12,3,9,高橋-內壢,2024-12-17,5323
4739,康普,8,0,8,高橋-內壢,2024-12-17,5323
00932,兆豐永續高息等權,10,4,6,高橋-內壢,2024-12-17,5323
00679B,元大美債20年,14,8,6,高橋-內壢,2024-12-17,5323
00878,國泰永續高股息,16,10,6,高橋-內壢,2024-12-17,5323
2014,中鴻,6,0,6,高橋-內壢,2024-12-17,5323
2887,台新金,6,0,6,高橋-內壢,2024-12-17,5323
3706,神達,12,7,5,高橋-內壢,2024-12-17,5323
00857B,永豐20年美公債,5,0,5,高橋-內壢,2024-12-17,5323
2027,大成鋼,5,0,5,高橋-內壢,2024-12-17,5323
2724,藝舍-KY,5,0,5,高橋-內壢,2024-12-17,5323
6138,茂達,5,0,5,高橋-內壢,2024-12-17,5323
6282,康舒,5,0,5,高橋-內壢,2024-12-17,5323
8064,東捷,7,2,5,高橋-內壢,2024-12-17,5323
8097,常珵,5,0,5,高橋-內壢,2024-12-17,5323
9945,潤泰新,5,0,5,高橋-內壢,2024-12-17,5323
2382,廣達,5,0,5,高橋-內壢,2024-12-17,5323
00881,國泰台灣5G+,4,0,4,高橋-內壢,2024-12-17,5323
00687B,國泰20年美債,4,0,4,高橋-內壢,2024-12-17,5323
5347,世界,6,2,4,高橋-內壢,2024-12-17,5323
6274,台燿,4,0,4,高橋-內壢,2024-12-17,5323
00960,野村全球航運龍頭,3,0,3,高橋-內壢,2024-12-17,5323
00671R,富邦NASDAQ反1,3,0,3,高橋-內壢,2024-12-17,5323
1605,華新,3,0,3,高橋-內壢,2024-12-17,5323
1785,光洋科,3,0,3,高橋-內壢,2024-12-17,5323
2486,一詮,5,2,3,高橋-內壢,2024-12-17,5323
2881,富邦金,3,0,3,高橋-內壢,2024-12-17,5323
3264,欣銓,3,0,3,高橋-內壢,2024-12-17,5323
3702,大聯大,3,0,3,高橋-內壢,2024-12-17,5323
00918,大華優利高填息30,73,0,73,高橋-內壢,2024-12-18,5323
00926,凱基全球菁英55,55,0,55,高橋-內壢,2024-12-18,5323
00951,台新日本半導體,50,0,50,高橋-內壢,2024-12-18,5323
00937B,群益ESG投等債20,45,0,45,高橋-內壢,2024-12-18,5323
2344,華邦電,33,2,31,高橋-內壢,2024-12-18,5323
9105,泰金寶-DR,41,13,28,高橋-內壢,2024-12-18,5323
2049,上銀,34,6,28,高橋-內壢,2024-12-18,5323
3078,僑威,26,1,25,高橋-內壢,2024-12-18,5323
2892,第一金,24,0,24,高橋-內壢,2024-12-18,5323
2002,中鋼,23,1,22,高橋-內壢,2024-12-18,5323
2374,佳能,40,18,22,高橋-內壢,2024-12-18,5323
2880,華南金,22,0,22,高橋-內壢,2024-12-18,5323
2887,台新金,21,0,21,高橋-內壢,2024-12-18,5323
3701,大眾控,20,0,20,高橋-內壢,2024-12-18,5323
3702,大聯大,20,0,20,高橋-內壢,2024-12-18,5323
2312,金寶,18,0,18,高橋-內壢,2024-12-18,5323
1533,車王電,17,0,17,高橋-內壢,2024-12-18,5323
1597,直得,34,18,16,高橋-內壢,2024-12-18,5323
3231,緯創,13,1,12,高橋-內壢,2024-12-18,5323
2609,陽明,11,0,11,高橋-內壢,2024-12-18,5323
1718,中纖,11,0,11,高橋-內壢,2024-12-18,5323
1313,聯成,10,0,10,高橋-內壢,2024-12-18,5323
00946,群益科技高息成長,10,0,10,高橋-內壢,2024-12-18,5323
2646,星宇航空,10,0,10,高橋-內壢,2024-12-18,5323
3227,原相,10,0,10,高橋-內壢,2024-12-18,5323
3594,磐儀,10,0,10,高橋-內壢,2024-12-18,5323
2618,長榮航,38,31,7,高橋-內壢,2024-12-18,5323
2915,潤泰全,7,0,7,高橋-內壢,2024-12-18,5323
0056,元大高股息,7,0,7,高橋-內壢,2024-12-18,5323
1447,力鵬,6,0,6,高橋-內壢,2024-12-18,5323
3013,晟銘電,8,2,6,高橋-內壢,2024-12-18,5323
6191,精成科,12,6,6,高橋-內壢,2024-12-18,5323
9945,潤泰新,8,2,6,高橋-內壢,2024-12-18,5323
3706,神達,16,11,5,高橋-內壢,2024-12-18,5323
00679B,元大美債20年,5,0,5,高橋-內壢,2024-12-18,5323
00712,復華富時不動產,5,0,5,高橋-內壢,2024-12-18,5323
2891,中信金,6,1,5,高橋-內壢,2024-12-18,5323
4952,凌通,5,0,5,高橋-內壢,2024-12-18,5323
5434,崇越,5,0,5,高橋-內壢,2024-12-18,5323
2382,廣達,6,1,5,高橋-內壢,2024-12-18,5323
3041,揚智,5,1,4,高橋-內壢,2024-12-18,5323
2359,所羅門,6,2,4,高橋-內壢,2024-12-18,5323
2412,中華電,5,1,4,高橋-內壢,2024-12-18,5323
4510,高鋒,5,1,4,高橋-內壢,2024-12-18,5323
6582,申豐,4,0,4,高橋-內壢,2024-12-18,5323
2367,燿華,5,1,4,高橋-內壢,2024-12-18,5323
3029,零壹,4,1,3,高橋-內壢,2024-12-18,5323
00915,凱基優選高股息30,3,0,3,高橋-內壢,2024-12-18,5323
00909,國泰數位支付服務,3,0,3,高橋-內壢,2024-12-18,5323
00907,永豐優息存股,3,0,3,高橋-內壢,2024-12-18,5323
00687B,國泰20年美債,135,0,135,高橋-內壢,2024-12-19,5323
00919,群益台灣精選高息,81,12,69,高橋-內壢,2024-12-19,5323
2883,凱基金,70,2,68,高橋-內壢,2024-12-19,5323
00937B,群益ESG投等債20,56,0,56,高橋-內壢,2024-12-19,5323
00951,台新日本半導體,50,0,50,高橋-內壢,2024-12-19,5323
00712,復華富時不動產,51,2,49,高橋-內壢,2024-12-19,5323
00926,凱基全球菁英55,44,0,44,高橋-內壢,2024-12-19,5323
00918,大華優利高填息30,36,0,36,高橋-內壢,2024-12-19,5323
1314,中石化,35,0,35,高橋-內壢,2024-12-19,5323
2618,長榮航,34,0,34,高橋-內壢,2024-12-19,5323
00679B,元大美債20年,33,0,33,高橋-內壢,2024-12-19,5323
00932,兆豐永續高息等權,33,2,31,高橋-內壢,2024-12-19,5323
2880,華南金,30,0,30,高橋-內壢,2024-12-19,5323
00878,國泰永續高股息,30,1,29,高橋-內壢,2024-12-19,5323
2002,中鋼,33,5,28,高橋-內壢,2024-12-19,5323
2382,廣達,26,1,25,高橋-內壢,2024-12-19,5323
00680L,元大美債20正2,25,0,25,高橋-內壢,2024-12-19,5323
00795B,中信美國公債20年,22,0,22,高橋-內壢,2024-12-19,5323
1303,南亞,21,0,21,高橋-內壢,2024-12-19,5323
2317,鴻海,21,1,20,高橋-內壢,2024-12-19,5323
2485,兆赫,20,0,20,高橋-內壢,2024-12-19,5323
00915,凱基優選高股息30,16,0,16,高橋-內壢,2024-12-19,5323
2609,陽明,30,16,14,高橋-內壢,2024-12-19,5323
00688L,國泰20年美債正2,13,0,13,高橋-內壢,2024-12-19,5323
1533,車王電,13,0,13,高橋-內壢,2024-12-19,5323
4563,百德,21,8,13,高橋-內壢,2024-12-19,5323
00933B,國泰10Y+金融債,11,0,11,高橋-內壢,2024-12-19,5323
2608,嘉里大榮,11,0,11,高橋-內壢,2024-12-19,5323
00909,國泰數位支付服務,10,0,10,高橋-內壢,2024-12-19,5323
2102,泰豐,10,0,10,高橋-內壢,2024-12-19,5323
2855,統一證,10,0,10,高橋-內壢,2024-12-19,5323
5434,崇越,10,0,10,高橋-內壢,2024-12-19,5323
5512,力麒,10,0,10,高橋-內壢,2024-12-19,5323
00772B,中信高評級公司債,9,0,9,高橋-內壢,2024-12-19,5323
3450,聯鈞,14,5,9,高橋-內壢,2024-12-19,5323
1718,中纖,8,0,8,高橋-內壢,2024-12-19,5323
4440,宜新實業,8,0,8,高橋-內壢,2024-12-19,5323
4540,全球傳動,13,5,8,高橋-內壢,2024-12-19,5323
9945,潤泰新,8,0,8,高橋-內壢,2024-12-19,5323
00713,元大台灣高息低波,8,0,8,高橋-內壢,2024-12-19,5323
2834,臺企銀,7,0,7,高橋-內壢,2024-12-19,5323
00931B,統一美債20年,6,0,6,高橋-內壢,2024-12-19,5323
00637L,元大滬深300正2,6,0,6,高橋-內壢,2024-12-19,5323
00922,國泰台灣領袖50,7,1,6,高橋-內壢,2024-12-19,5323
00900,富邦特選高股息30,6,0,6,高橋-內壢,2024-12-19,5323
1815,富喬,12,6,6,高橋-內壢,2024-12-19,5323
2349,錸德,6,0,6,高橋-內壢,2024-12-19,5323
4510,高鋒,21,15,6,高橋-內壢,2024-12-19,5323
4577,達航科技,6,0,6,高橋-內壢,2024-12-19,5323
5880,合庫金,6,0,6,高橋-內壢,2024-12-19,5323
