Ticker,Name,buy,sell,diff,Branch,Date,Branch_Code
00664R,國泰臺灣加權反1,40,0,40,第一金-員林,2023-01-03,5381
00676R,富邦臺灣加權反1,52,20,32,第一金-員林,2023-01-03,5381
2317,鴻海,33,2,31,第一金-員林,2023-01-03,5381
2002,中鋼,30,0,30,第一金-員林,2023-01-03,5381
3083,網龍,30,0,30,第一金-員林,2023-01-03,5381
3481,群創,26,1,25,第一金-員林,2023-01-03,5381
2610,華航,21,1,20,第一金-員林,2023-01-03,5381
2615,萬海,26,7,19,第一金-員林,2023-01-03,5381
2352,佳世達,15,0,15,第一金-員林,2023-01-03,5381
0056,元大高股息,13,0,13,第一金-員林,2023-01-03,5381
2887,台新金,10,0,10,第一金-員林,2023-01-03,5381
00637L,元大滬深300正2,10,0,10,第一金-員林,2023-01-03,5381
1736,喬山,10,0,10,第一金-員林,2023-01-03,5381
9910,豐泰,20,10,10,第一金-員林,2023-01-03,5381
00878,國泰永續高股息,10,0,10,第一金-員林,2023-01-03,5381
2303,聯電,19,10,9,第一金-員林,2023-01-03,5381
1752,南光,9,1,8,第一金-員林,2023-01-03,5381
4114,健喬,16,8,8,第一金-員林,2023-01-03,5381
00891,中信關鍵半導體,10,3,7,第一金-員林,2023-01-03,5381
2023,燁輝,7,0,7,第一金-員林,2023-01-03,5381
00900,富邦特選高股息30,6,0,6,第一金-員林,2023-01-03,5381
00632R,元大台灣50反1,16,10,6,第一金-員林,2023-01-03,5381
1605,華新,6,0,6,第一金-員林,2023-01-03,5381
9802,鈺齊-KY,5,0,5,第一金-員林,2023-01-03,5381
00633L,富邦上証正2,5,0,5,第一金-員林,2023-01-03,5381
00650L,復華香港正2,5,0,5,第一金-員林,2023-01-03,5381
1584,精剛,10,5,5,第一金-員林,2023-01-03,5381
2014,中鴻,5,0,5,第一金-員林,2023-01-03,5381
2482,連宇,5,0,5,第一金-員林,2023-01-03,5381
2634,漢翔,5,0,5,第一金-員林,2023-01-03,5381
2748,雲品,5,0,5,第一金-員林,2023-01-03,5381
3037,欣興,6,1,5,第一金-員林,2023-01-03,5381
3059,華晶科,5,0,5,第一金-員林,2023-01-03,5381
6167,久正,5,0,5,第一金-員林,2023-01-03,5381
1101,台泥,4,0,4,第一金-員林,2023-01-03,5381
4128,中天,6,2,4,第一金-員林,2023-01-03,5381
00881,國泰台灣5G+,4,0,4,第一金-員林,2023-01-03,5381
00713,元大台灣高息低波,4,0,4,第一金-員林,2023-01-03,5381
2241,艾姆勒,4,0,4,第一金-員林,2023-01-03,5381
2332,友訊,4,0,4,第一金-員林,2023-01-03,5381
2609,陽明,8,4,4,第一金-員林,2023-01-03,5381
3089,億杰,4,0,4,第一金-員林,2023-01-03,5381
4123,晟德,4,0,4,第一金-員林,2023-01-03,5381
4157,太景*-KY,4,0,4,第一金-員林,2023-01-03,5381
00679B,元大美債20年,4,0,4,第一金-員林,2023-01-03,5381
2886,兆豐金,5,2,3,第一金-員林,2023-01-03,5381
1342,八貫,18,15,3,第一金-員林,2023-01-03,5381
1720,生達,3,0,3,第一金-員林,2023-01-03,5381
2230,泰茂,3,0,3,第一金-員林,2023-01-03,5381
2462,良得電,3,0,3,第一金-員林,2023-01-03,5381
1721,三晃,45,0,45,第一金-員林,2023-01-04,5381
00664R,國泰臺灣加權反1,40,0,40,第一金-員林,2023-01-04,5381
6741,91APP*-KY,40,0,40,第一金-員林,2023-01-04,5381
2317,鴻海,26,4,22,第一金-員林,2023-01-04,5381
3162,精確,21,0,21,第一金-員林,2023-01-04,5381
3047,訊舟,19,3,16,第一金-員林,2023-01-04,5381
4113,聯上,16,0,16,第一金-員林,2023-01-04,5381
6244,茂迪,18,2,16,第一金-員林,2023-01-04,5381
8046,南電,16,3,13,第一金-員林,2023-01-04,5381
1417,嘉裕,13,1,12,第一金-員林,2023-01-04,5381
5009,榮剛,12,0,12,第一金-員林,2023-01-04,5381
4979,華星光,15,4,11,第一金-員林,2023-01-04,5381
8171,天宇,35,24,11,第一金-員林,2023-01-04,5381
1218,泰山,12,2,10,第一金-員林,2023-01-04,5381
1618,合機,31,21,10,第一金-員林,2023-01-04,5381
1783,和康生,10,0,10,第一金-員林,2023-01-04,5381
2027,大成鋼,10,0,10,第一金-員林,2023-01-04,5381
9910,豐泰,10,0,10,第一金-員林,2023-01-04,5381
00885,富邦越南,10,0,10,第一金-員林,2023-01-04,5381
2603,長榮,9,0,9,第一金-員林,2023-01-04,5381
2413,環科,11,2,9,第一金-員林,2023-01-04,5381
2455,全新,10,1,9,第一金-員林,2023-01-04,5381
2462,良得電,9,0,9,第一金-員林,2023-01-04,5381
1101,台泥,8,0,8,第一金-員林,2023-01-04,5381
6167,久正,8,0,8,第一金-員林,2023-01-04,5381
3580,友威科,7,0,7,第一金-員林,2023-01-04,5381
2884,玉山金,6,0,6,第一金-員林,2023-01-04,5381
3037,欣興,10,4,6,第一金-員林,2023-01-04,5381
2601,益航,6,0,6,第一金-員林,2023-01-04,5381
2636,台驊控股,6,0,6,第一金-員林,2023-01-04,5381
4130,健亞,7,1,6,第一金-員林,2023-01-04,5381
4157,太景*-KY,6,0,6,第一金-員林,2023-01-04,5381
8088,品安,6,0,6,第一金-員林,2023-01-04,5381
6235,華孚,12,6,6,第一金-員林,2023-01-04,5381
00878,國泰永續高股息,6,0,6,第一金-員林,2023-01-04,5381
00725B,國泰投資級公司債,5,0,5,第一金-員林,2023-01-04,5381
00676R,富邦臺灣加權反1,5,0,5,第一金-員林,2023-01-04,5381
1584,精剛,5,0,5,第一金-員林,2023-01-04,5381
4167,松瑞藥,17,12,5,第一金-員林,2023-01-04,5381
6547,高端疫苗,5,0,5,第一金-員林,2023-01-04,5381
2482,連宇,5,0,5,第一金-員林,2023-01-04,5381
00902,中信電池及儲能,4,0,4,第一金-員林,2023-01-04,5381
2609,陽明,12,8,4,第一金-員林,2023-01-04,5381
4114,健喬,6,2,4,第一金-員林,2023-01-04,5381
4934,太極,5,1,4,第一金-員林,2023-01-04,5381
8341,日友,4,0,4,第一金-員林,2023-01-04,5381
2303,聯電,13,10,3,第一金-員林,2023-01-04,5381
00893,國泰智能電動車,3,0,3,第一金-員林,2023-01-04,5381
00665L,富邦�琤肭磪囓�2,3,0,3,第一金-員林,2023-01-04,5381
2363,矽統,3,0,3,第一金-員林,2023-01-04,5381
2610,華航,472,0,472,第一金-員林,2023-01-05,5381
5905,南仁湖,112,0,112,第一金-員林,2023-01-05,5381
00651R,復華香港反1,110,0,110,第一金-員林,2023-01-05,5381
4979,華星光,41,0,41,第一金-員林,2023-01-05,5381
00679B,元大美債20年,40,3,37,第一金-員林,2023-01-05,5381
1736,喬山,36,1,35,第一金-員林,2023-01-05,5381
00885,富邦越南,30,0,30,第一金-員林,2023-01-05,5381
2376,技嘉,31,1,30,第一金-員林,2023-01-05,5381
2913,農林,23,0,23,第一金-員林,2023-01-05,5381
4113,聯上,23,0,23,第一金-員林,2023-01-05,5381
2851,中再保,22,0,22,第一金-員林,2023-01-05,5381
2409,友達,17,1,16,第一金-員林,2023-01-05,5381
3013,晟銘電,15,0,15,第一金-員林,2023-01-05,5381
1529,樂事綠能,21,9,12,第一金-員林,2023-01-05,5381
1513,中興電,12,1,11,第一金-員林,2023-01-05,5381
00715L,期街口布蘭特正2,11,0,11,第一金-員林,2023-01-05,5381
6741,91APP*-KY,12,2,10,第一金-員林,2023-01-05,5381
6274,台燿,10,0,10,第一金-員林,2023-01-05,5381
00676R,富邦臺灣加權反1,10,0,10,第一金-員林,2023-01-05,5381
1905,華紙,10,0,10,第一金-員林,2023-01-05,5381
2498,宏達電,44,34,10,第一金-員林,2023-01-05,5381
4106,雃博,10,0,10,第一金-員林,2023-01-05,5381
4155,訊映,10,0,10,第一金-員林,2023-01-05,5381
8454,富邦媒,10,0,10,第一金-員林,2023-01-05,5381
1314,中石化,9,0,9,第一金-員林,2023-01-05,5381
3147,大綜,9,0,9,第一金-員林,2023-01-05,5381
3704,合勤控,20,11,9,第一金-員林,2023-01-05,5381
3037,欣興,20,12,8,第一金-員林,2023-01-05,5381
2609,陽明,11,4,7,第一金-員林,2023-01-05,5381
6244,茂迪,8,1,7,第一金-員林,2023-01-05,5381
6441,廣錠,7,0,7,第一金-員林,2023-01-05,5381
8069,元太,8,1,7,第一金-員林,2023-01-05,5381
1815,富喬,6,0,6,第一金-員林,2023-01-05,5381
2344,華邦電,6,0,6,第一金-員林,2023-01-05,5381
3380,明泰,6,0,6,第一金-員林,2023-01-05,5381
4133,亞諾法,6,0,6,第一金-員林,2023-01-05,5381
2317,鴻海,6,0,6,第一金-員林,2023-01-05,5381
00878,國泰永續高股息,11,6,5,第一金-員林,2023-01-05,5381
00882,中信中國高股息,5,0,5,第一金-員林,2023-01-05,5381
1316,上曜,5,0,5,第一金-員林,2023-01-05,5381
2614,東森,29,24,5,第一金-員林,2023-01-05,5381
2617,台航,5,0,5,第一金-員林,2023-01-05,5381
3535,晶彩科,5,0,5,第一金-員林,2023-01-05,5381
4162,智擎,5,0,5,第一金-員林,2023-01-05,5381
1584,精剛,4,0,4,第一金-員林,2023-01-05,5381
1609,大亞,4,0,4,第一金-員林,2023-01-05,5381
2313,華通,4,0,4,第一金-員林,2023-01-05,5381
2482,連宇,5,1,4,第一金-員林,2023-01-05,5381
2915,潤泰全,5,1,4,第一金-員林,2023-01-05,5381
2929,淘帝-KY,7,3,4,第一金-員林,2023-01-05,5381
5009,榮剛,60,0,60,第一金-員林,2023-01-06,5381
2317,鴻海,54,3,51,第一金-員林,2023-01-06,5381
00632R,元大台灣50反1,41,0,41,第一金-員林,2023-01-06,5381
1701,中化,43,6,37,第一金-員林,2023-01-06,5381
00676R,富邦臺灣加權反1,22,0,22,第一金-員林,2023-01-06,5381
5905,南仁湖,102,82,20,第一金-員林,2023-01-06,5381
6116,彩晶,20,1,19,第一金-員林,2023-01-06,5381
6244,茂迪,14,0,14,第一金-員林,2023-01-06,5381
00651R,復華香港反1,26,13,13,第一金-員林,2023-01-06,5381
00665L,富邦�琤肭磪囓�2,147,135,12,第一金-員林,2023-01-06,5381
6806,森崴能源,13,2,11,第一金-員林,2023-01-06,5381
6589,台康生技,13,2,11,第一金-員林,2023-01-06,5381
2314,台揚,10,0,10,第一金-員林,2023-01-06,5381
2610,華航,15,6,9,第一金-員林,2023-01-06,5381
4113,聯上,8,0,8,第一金-員林,2023-01-06,5381
4114,健喬,31,23,8,第一金-員林,2023-01-06,5381
1519,華城,12,5,7,第一金-員林,2023-01-06,5381
2498,宏達電,22,15,7,第一金-員林,2023-01-06,5381
8409,商之器,7,0,7,第一金-員林,2023-01-06,5381
2201,裕隆,10,4,6,第一金-員林,2023-01-06,5381
00713,元大台灣高息低波,6,0,6,第一金-員林,2023-01-06,5381
2419,仲琦,11,5,6,第一金-員林,2023-01-06,5381
3596,智易,6,0,6,第一金-員林,2023-01-06,5381
5483,中美晶,6,0,6,第一金-員林,2023-01-06,5381
1101,台泥,9,3,6,第一金-員林,2023-01-06,5381
2308,台達電,6,1,5,第一金-員林,2023-01-06,5381
00885,富邦越南,5,0,5,第一金-員林,2023-01-06,5381
6550,北極星藥業-KY,7,2,5,第一金-員林,2023-01-06,5381
8088,品安,5,0,5,第一金-員林,2023-01-06,5381
00720B,元大投資級公司債,7,2,5,第一金-員林,2023-01-06,5381
2885,元大金,4,0,4,第一金-員林,2023-01-06,5381
1609,大亞,4,0,4,第一金-員林,2023-01-06,5381
00893,國泰智能電動車,4,0,4,第一金-員林,2023-01-06,5381
2903,遠百,4,0,4,第一金-員林,2023-01-06,5381
3419,譁裕,4,0,4,第一金-員林,2023-01-06,5381
4153,鈺緯,4,0,4,第一金-員林,2023-01-06,5381
5475,德宏,4,0,4,第一金-員林,2023-01-06,5381
8261,富鼎,4,0,4,第一金-員林,2023-01-06,5381
00891,中信關鍵半導體,3,0,3,第一金-員林,2023-01-06,5381
1460,宏遠,3,0,3,第一金-員林,2023-01-06,5381
3059,華晶科,4,1,3,第一金-員林,2023-01-06,5381
3704,合勤控,8,5,3,第一金-員林,2023-01-06,5381
4551,智伸科,3,0,3,第一金-員林,2023-01-06,5381
5607,遠雄港,3,0,3,第一金-員林,2023-01-06,5381
5904,寶雅,3,0,3,第一金-員林,2023-01-06,5381
6113,亞矽,3,0,3,第一金-員林,2023-01-06,5381
0056,元大高股息,3,0,3,第一金-員林,2023-01-06,5381
2609,陽明,3,1,2,第一金-員林,2023-01-06,5381
6176,瑞儀,2,0,2,第一金-員林,2023-01-06,5381
1618,合機,6,4,2,第一金-員林,2023-01-06,5381
00664R,國泰臺灣加權反1,120,0,120,第一金-員林,2023-01-09,5381
6116,彩晶,70,0,70,第一金-員林,2023-01-09,5381
2409,友達,68,1,67,第一金-員林,2023-01-09,5381
00676R,富邦臺灣加權反1,55,0,55,第一金-員林,2023-01-09,5381
00632R,元大台灣50反1,120,70,50,第一金-員林,2023-01-09,5381
2038,海光,35,0,35,第一金-員林,2023-01-09,5381
2618,長榮航,35,1,34,第一金-員林,2023-01-09,5381
00651R,復華香港反1,20,0,20,第一金-員林,2023-01-09,5381
2323,中環,22,2,20,第一金-員林,2023-01-09,5381
1736,喬山,20,1,19,第一金-員林,2023-01-09,5381
3515,華擎,16,1,15,第一金-員林,2023-01-09,5381
4113,聯上,15,0,15,第一金-員林,2023-01-09,5381
1215,卜蜂,12,0,12,第一金-員林,2023-01-09,5381
1609,大亞,11,0,11,第一金-員林,2023-01-09,5381
2317,鴻海,15,4,11,第一金-員林,2023-01-09,5381
00919,群益台灣精選高息,10,0,10,第一金-員林,2023-01-09,5381
1708,東鹼,10,0,10,第一金-員林,2023-01-09,5381
2241,艾姆勒,10,1,9,第一金-員林,2023-01-09,5381
2851,中再保,10,1,9,第一金-員林,2023-01-09,5381
6220,岳豐,11,2,9,第一金-員林,2023-01-09,5381
1516,川飛,9,1,8,第一金-員林,2023-01-09,5381
00885,富邦越南,12,4,8,第一金-員林,2023-01-09,5381
8358,金居,47,40,7,第一金-員林,2023-01-09,5381
2328,廣宇,7,0,7,第一金-員林,2023-01-09,5381
2498,宏達電,10,3,7,第一金-員林,2023-01-09,5381
8105,凌巨,27,20,7,第一金-員林,2023-01-09,5381
00753L,中信中國50正2,6,0,6,第一金-員林,2023-01-09,5381
2419,仲琦,12,6,6,第一金-員林,2023-01-09,5381
3481,群創,6,0,6,第一金-員林,2023-01-09,5381
6754,匯僑設計,6,0,6,第一金-員林,2023-01-09,5381
2603,長榮,9,4,5,第一金-員林,2023-01-09,5381
2352,佳世達,5,0,5,第一金-員林,2023-01-09,5381
2406,國碩,5,0,5,第一金-員林,2023-01-09,5381
4108,懷特,5,0,5,第一金-員林,2023-01-09,5381
4119,旭富,5,0,5,第一金-員林,2023-01-09,5381
4989,榮科,10,5,5,第一金-員林,2023-01-09,5381
5905,南仁湖,5,0,5,第一金-員林,2023-01-09,5381
6118,建達,5,0,5,第一金-員林,2023-01-09,5381
6133,金橋,57,52,5,第一金-員林,2023-01-09,5381
2338,光罩,6,1,5,第一金-員林,2023-01-09,5381
2444,兆勁,4,0,4,第一金-員林,2023-01-09,5381
3661,世芯-KY,5,1,4,第一金-員林,2023-01-09,5381
5904,寶雅,4,0,4,第一金-員林,2023-01-09,5381
6770,力積電,5,1,4,第一金-員林,2023-01-09,5381
8150,南茂,5,1,4,第一金-員林,2023-01-09,5381
5425,台半,5,1,4,第一金-員林,2023-01-09,5381
3141,晶宏,3,0,3,第一金-員林,2023-01-09,5381
00679B,元大美債20年,5,2,3,第一金-員林,2023-01-09,5381
2106,建大,7,4,3,第一金-員林,2023-01-09,5381
3694,海華,3,0,3,第一金-員林,2023-01-09,5381
00632R,元大台灣50反1,436,0,436,第一金-員林,2023-01-10,5381
8105,凌巨,103,2,101,第一金-員林,2023-01-10,5381
00664R,國泰臺灣加權反1,60,0,60,第一金-員林,2023-01-10,5381
1736,喬山,47,1,46,第一金-員林,2023-01-10,5381
2915,潤泰全,20,0,20,第一金-員林,2023-01-10,5381
00885,富邦越南,14,0,14,第一金-員林,2023-01-10,5381
4114,健喬,13,0,13,第一金-員林,2023-01-10,5381
1708,東鹼,12,0,12,第一金-員林,2023-01-10,5381
2812,台中銀,12,0,12,第一金-員林,2023-01-10,5381
00878,國泰永續高股息,12,1,11,第一金-員林,2023-01-10,5381
00676R,富邦臺灣加權反1,11,0,11,第一金-員林,2023-01-10,5381
1701,中化,19,8,11,第一金-員林,2023-01-10,5381
00651R,復華香港反1,10,0,10,第一金-員林,2023-01-10,5381
4113,聯上,10,0,10,第一金-員林,2023-01-10,5381
5905,南仁湖,10,0,10,第一金-員林,2023-01-10,5381
8028,昇陽半導體,12,2,10,第一金-員林,2023-01-10,5381
4958,臻鼎-KY,10,1,9,第一金-員林,2023-01-10,5381
6220,岳豐,10,1,9,第一金-員林,2023-01-10,5381
8046,南電,10,1,9,第一金-員林,2023-01-10,5381
1516,川飛,7,0,7,第一金-員林,2023-01-10,5381
4919,新唐,8,1,7,第一金-員林,2023-01-10,5381
00690,兆豐藍籌30,6,0,6,第一金-員林,2023-01-10,5381
1721,三晃,6,0,6,第一金-員林,2023-01-10,5381
2352,佳世達,6,0,6,第一金-員林,2023-01-10,5381
2498,宏達電,6,0,6,第一金-員林,2023-01-10,5381
8234,新漢,6,0,6,第一金-員林,2023-01-10,5381
00725B,國泰投資級公司債,5,0,5,第一金-員林,2023-01-10,5381
00679B,元大美債20年,5,0,5,第一金-員林,2023-01-10,5381
2379,瑞昱,6,1,5,第一金-員林,2023-01-10,5381
2482,連宇,5,0,5,第一金-員林,2023-01-10,5381
3027,盛達,14,9,5,第一金-員林,2023-01-10,5381
5608,四維航,5,0,5,第一金-員林,2023-01-10,5381
6806,森崴能源,5,1,4,第一金-員林,2023-01-10,5381
1402,遠東新,4,0,4,第一金-員林,2023-01-10,5381
1605,華新,5,1,4,第一金-員林,2023-01-10,5381
2102,泰豐,4,0,4,第一金-員林,2023-01-10,5381
2462,良得電,4,0,4,第一金-員林,2023-01-10,5381
2465,麗臺,4,0,4,第一金-員林,2023-01-10,5381
3189,景碩,5,1,4,第一金-員林,2023-01-10,5381
0050,元大台灣50,5,1,4,第一金-員林,2023-01-10,5381
1513,中興電,3,0,3,第一金-員林,2023-01-10,5381
00888,永豐台灣ESG,3,0,3,第一金-員林,2023-01-10,5381
1609,大亞,3,0,3,第一金-員林,2023-01-10,5381
2241,艾姆勒,3,0,3,第一金-員林,2023-01-10,5381
3576,聯合再生,3,0,3,第一金-員林,2023-01-10,5381
4128,中天,6,3,3,第一金-員林,2023-01-10,5381
4171,瑞基,3,0,3,第一金-員林,2023-01-10,5381
4968,立積,9,6,3,第一金-員林,2023-01-10,5381
5457,宣德,6,3,3,第一金-員林,2023-01-10,5381
6167,久正,3,0,3,第一金-員林,2023-01-10,5381
3714,富采,23,2,21,第一金-員林,2023-01-11,5381
3704,合勤控,26,6,20,第一金-員林,2023-01-11,5381
2884,玉山金,16,0,16,第一金-員林,2023-01-11,5381
2303,聯電,33,18,15,第一金-員林,2023-01-11,5381
1519,華城,13,0,13,第一金-員林,2023-01-11,5381
00720B,元大投資級公司債,12,0,12,第一金-員林,2023-01-11,5381
5443,均豪,12,0,12,第一金-員林,2023-01-11,5381
6770,力積電,14,3,11,第一金-員林,2023-01-11,5381
00679B,元大美債20年,11,0,11,第一金-員林,2023-01-11,5381
00740B,富邦全球投等債,10,0,10,第一金-員林,2023-01-11,5381
00651R,復華香港反1,10,0,10,第一金-員林,2023-01-11,5381
2618,長榮航,35,25,10,第一金-員林,2023-01-11,5381
6124,業強,10,0,10,第一金-員林,2023-01-11,5381
0056,元大高股息,12,3,9,第一金-員林,2023-01-11,5381
1605,華新,14,5,9,第一金-員林,2023-01-11,5381
1714,和桐,9,0,9,第一金-員林,2023-01-11,5381
2313,華通,9,0,9,第一金-員林,2023-01-11,5381
3419,譁裕,8,0,8,第一金-員林,2023-01-11,5381
8454,富邦媒,8,0,8,第一金-員林,2023-01-11,5381
3036,文曄,7,0,7,第一金-員林,2023-01-11,5381
4113,聯上,7,0,7,第一金-員林,2023-01-11,5381
4968,立積,8,1,7,第一金-員林,2023-01-11,5381
4171,瑞基,6,0,6,第一金-員林,2023-01-11,5381
4746,台耀,6,0,6,第一金-員林,2023-01-11,5381
1506,正道,5,0,5,第一金-員林,2023-01-11,5381
00676R,富邦臺灣加權反1,5,0,5,第一金-員林,2023-01-11,5381
00665L,富邦�琤肭磪囓�2,10,5,5,第一金-員林,2023-01-11,5381
2880,華南金,5,0,5,第一金-員林,2023-01-11,5381
3105,穩懋,10,5,5,第一金-員林,2023-01-11,5381
4989,榮科,5,0,5,第一金-員林,2023-01-11,5381
2812,台中銀,4,0,4,第一金-員林,2023-01-11,5381
2241,艾姆勒,10,6,4,第一金-員林,2023-01-11,5381
3494,誠研,4,0,4,第一金-員林,2023-01-11,5381
4162,智擎,4,0,4,第一金-員林,2023-01-11,5381
5904,寶雅,6,2,4,第一金-員林,2023-01-11,5381
2317,鴻海,7,4,3,第一金-員林,2023-01-11,5381
00888,永豐台灣ESG,3,0,3,第一金-員林,2023-01-11,5381
00753L,中信中國50正2,5,2,3,第一金-員林,2023-01-11,5381
1701,中化,5,2,3,第一金-員林,2023-01-11,5381
1734,杏輝,4,1,3,第一金-員林,2023-01-11,5381
2455,全新,3,0,3,第一金-員林,2023-01-11,5381
2607,榮運,3,0,3,第一金-員林,2023-01-11,5381
2888,新光金,5,2,3,第一金-員林,2023-01-11,5381
2913,農林,3,0,3,第一金-員林,2023-01-11,5381
6239,力成,3,0,3,第一金-員林,2023-01-11,5381
6477,安集,3,0,3,第一金-員林,2023-01-11,5381
6585,鼎基,3,0,3,第一金-員林,2023-01-11,5381
6754,匯僑設計,3,0,3,第一金-員林,2023-01-11,5381
8044,網家,3,0,3,第一金-員林,2023-01-11,5381
8069,元太,3,0,3,第一金-員林,2023-01-11,5381
2888,新光金,55,4,51,第一金-員林,2023-01-12,5381
00882,中信中國高股息,27,0,27,第一金-員林,2023-01-12,5381
3714,富采,22,1,21,第一金-員林,2023-01-12,5381
00651R,復華香港反1,20,0,20,第一金-員林,2023-01-12,5381
1309,台達化,20,0,20,第一金-員林,2023-01-12,5381
5321,美而快,100,80,20,第一金-員林,2023-01-12,5381
1513,中興電,18,0,18,第一金-員林,2023-01-12,5381
6770,力積電,18,0,18,第一金-員林,2023-01-12,5381
0056,元大高股息,21,4,17,第一金-員林,2023-01-12,5381
3704,合勤控,19,4,15,第一金-員林,2023-01-12,5381
1605,華新,13,0,13,第一金-員林,2023-01-12,5381
1219,福壽,12,0,12,第一金-員林,2023-01-12,5381
00878,國泰永續高股息,15,3,12,第一金-員林,2023-01-12,5381
2615,萬海,10,0,10,第一金-員林,2023-01-12,5381
2489,瑞軒,10,0,10,第一金-員林,2023-01-12,5381
4989,榮科,10,0,10,第一金-員林,2023-01-12,5381
6122,擎邦,10,0,10,第一金-員林,2023-01-12,5381
9105,泰金寶-DR,10,0,10,第一金-員林,2023-01-12,5381
4113,聯上,9,0,9,第一金-員林,2023-01-12,5381
2601,益航,8,0,8,第一金-員林,2023-01-12,5381
00888,永豐台灣ESG,7,0,7,第一金-員林,2023-01-12,5381
2880,華南金,7,0,7,第一金-員林,2023-01-12,5381
8213,志超,7,0,7,第一金-員林,2023-01-12,5381
2317,鴻海,6,0,6,第一金-員林,2023-01-12,5381
2812,台中銀,6,0,6,第一金-員林,2023-01-12,5381
8050,廣積,6,0,6,第一金-員林,2023-01-12,5381
2884,玉山金,5,0,5,第一金-員林,2023-01-12,5381
00676R,富邦臺灣加權反1,5,0,5,第一金-員林,2023-01-12,5381
2405,輔信,5,0,5,第一金-員林,2023-01-12,5381
2614,東森,5,0,5,第一金-員林,2023-01-12,5381
4114,健喬,5,0,5,第一金-員林,2023-01-12,5381
6220,岳豐,10,5,5,第一金-員林,2023-01-12,5381
6649,台生材,5,0,5,第一金-員林,2023-01-12,5381
8358,金居,13,8,5,第一金-員林,2023-01-12,5381
1524,耿鼎,4,0,4,第一金-員林,2023-01-12,5381
2023,燁輝,4,0,4,第一金-員林,2023-01-12,5381
2206,三陽工業,4,0,4,第一金-員林,2023-01-12,5381
2313,華通,6,2,4,第一金-員林,2023-01-12,5381
3272,東碩,4,0,4,第一金-員林,2023-01-12,5381
6789,采鈺,9,5,4,第一金-員林,2023-01-12,5381
6609,瀧澤科,4,0,4,第一金-員林,2023-01-12,5381
2892,第一金,3,0,3,第一金-員林,2023-01-12,5381
00900,富邦特選高股息30,3,0,3,第一金-員林,2023-01-12,5381
00720B,元大投資級公司債,3,0,3,第一金-員林,2023-01-12,5381
2208,台船,3,0,3,第一金-員林,2023-01-12,5381
2356,英業達,3,0,3,第一金-員林,2023-01-12,5381
2834,臺企銀,3,0,3,第一金-員林,2023-01-12,5381
3260,威剛,3,0,3,第一金-員林,2023-01-12,5381
3305,昇貿,3,0,3,第一金-員林,2023-01-12,5381
3707,漢磊,5,2,3,第一金-員林,2023-01-12,5381
00632R,元大台灣50反1,435,0,435,第一金-員林,2023-01-13,5381
9105,泰金寶-DR,94,0,94,第一金-員林,2023-01-13,5381
8105,凌巨,53,15,38,第一金-員林,2023-01-13,5381
2106,建大,31,0,31,第一金-員林,2023-01-13,5381
00701,國泰股利精選30,30,0,30,第一金-員林,2023-01-13,5381
8046,南電,18,1,17,第一金-員林,2023-01-13,5381
5533,皇鼎,15,0,15,第一金-員林,2023-01-13,5381
2454,聯發科,12,0,12,第一金-員林,2023-01-13,5381
00676R,富邦臺灣加權反1,12,0,12,第一金-員林,2023-01-13,5381
4114,健喬,21,9,12,第一金-員林,2023-01-13,5381
2023,燁輝,11,0,11,第一金-員林,2023-01-13,5381
006208,富邦台50,10,0,10,第一金-員林,2023-01-13,5381
1513,中興電,12,2,10,第一金-員林,2023-01-13,5381
00888,永豐台灣ESG,10,0,10,第一金-員林,2023-01-13,5381
4989,榮科,10,0,10,第一金-員林,2023-01-13,5381
2241,艾姆勒,7,0,7,第一金-員林,2023-01-13,5381
2915,潤泰全,7,0,7,第一金-員林,2023-01-13,5381
6789,采鈺,6,0,6,第一金-員林,2023-01-13,5381
1701,中化,8,2,6,第一金-員林,2023-01-13,5381
00772B,中信高評級公司債,5,0,5,第一金-員林,2023-01-13,5381
2328,廣宇,5,0,5,第一金-員林,2023-01-13,5381
4440,宜新實業,5,0,5,第一金-員林,2023-01-13,5381
6235,華孚,5,0,5,第一金-員林,2023-01-13,5381
2880,華南金,5,0,5,第一金-員林,2023-01-13,5381
2515,中工,4,0,4,第一金-員林,2023-01-13,5381
2317,鴻海,7,3,4,第一金-員林,2023-01-13,5381
00680L,元大美債20正2,4,0,4,第一金-員林,2023-01-13,5381
00885,富邦越南,5,1,4,第一金-員林,2023-01-13,5381
2313,華通,6,2,4,第一金-員林,2023-01-13,5381
2913,農林,4,0,4,第一金-員林,2023-01-13,5381
3419,譁裕,4,0,4,第一金-員林,2023-01-13,5381
4906,正文,4,0,4,第一金-員林,2023-01-13,5381
1609,大亞,3,0,3,第一金-員林,2023-01-13,5381
1589,永冠-KY,3,0,3,第一金-員林,2023-01-13,5381
1795,美時,6,3,3,第一金-員林,2023-01-13,5381
2377,微星,3,0,3,第一金-員林,2023-01-13,5381
2607,榮運,3,0,3,第一金-員林,2023-01-13,5381
2609,陽明,4,1,3,第一金-員林,2023-01-13,5381
2633,台灣高鐵,3,0,3,第一金-員林,2023-01-13,5381
3346,麗清,3,0,3,第一金-員林,2023-01-13,5381
5351,鈺創,3,0,3,第一金-員林,2023-01-13,5381
6188,廣明,3,0,3,第一金-員林,2023-01-13,5381
6279,胡連,3,0,3,第一金-員林,2023-01-13,5381
6788,華景電,3,0,3,第一金-員林,2023-01-13,5381
8050,廣積,4,1,3,第一金-員林,2023-01-13,5381
8261,富鼎,3,0,3,第一金-員林,2023-01-13,5381
2462,良得電,2,0,2,第一金-員林,2023-01-13,5381
1229,聯華,2,0,2,第一金-員林,2023-01-13,5381
00753L,中信中國50正2,6,4,2,第一金-員林,2023-01-13,5381
2105,正新,22,20,2,第一金-員林,2023-01-13,5381
3231,緯創,100,5,95,第一金-員林,2023-01-16,5381
00664R,國泰臺灣加權反1,40,0,40,第一金-員林,2023-01-16,5381
2014,中鴻,43,8,35,第一金-員林,2023-01-16,5381
8105,凌巨,35,0,35,第一金-員林,2023-01-16,5381
00885,富邦越南,22,0,22,第一金-員林,2023-01-16,5381
5321,美而快,23,1,22,第一金-員林,2023-01-16,5381
2376,技嘉,20,0,20,第一金-員林,2023-01-16,5381
6770,力積電,20,0,20,第一金-員林,2023-01-16,5381
2317,鴻海,16,1,15,第一金-員林,2023-01-16,5381
2883,凱基金,12,0,12,第一金-員林,2023-01-16,5381
00651R,復華香港反1,10,0,10,第一金-員林,2023-01-16,5381
2375,凱美,10,0,10,第一金-員林,2023-01-16,5381
6782,視陽,10,0,10,第一金-員林,2023-01-16,5381
2488,漢平,9,0,9,第一金-員林,2023-01-16,5381
00878,國泰永續高股息,11,3,8,第一金-員林,2023-01-16,5381
4162,智擎,11,3,8,第一金-員林,2023-01-16,5381
00679B,元大美債20年,7,0,7,第一金-員林,2023-01-16,5381
2609,陽明,9,2,7,第一金-員林,2023-01-16,5381
4113,聯上,7,0,7,第一金-員林,2023-01-16,5381
2542,興富發,6,0,6,第一金-員林,2023-01-16,5381
8046,南電,7,1,6,第一金-員林,2023-01-16,5381
1760,寶齡富錦,7,1,6,第一金-員林,2023-01-16,5381
00676R,富邦臺灣加權反1,5,0,5,第一金-員林,2023-01-16,5381
00665L,富邦�琤肭磪囓�2,5,0,5,第一金-員林,2023-01-16,5381
1464,得力,5,0,5,第一金-員林,2023-01-16,5381
2241,艾姆勒,5,0,5,第一金-員林,2023-01-16,5381
2415,錩新,5,0,5,第一金-員林,2023-01-16,5381
6122,擎邦,5,0,5,第一金-員林,2023-01-16,5381
8358,金居,15,10,5,第一金-員林,2023-01-16,5381
00713,元大台灣高息低波,4,0,4,第一金-員林,2023-01-16,5381
1560,中砂,4,0,4,第一金-員林,2023-01-16,5381
2106,建大,4,0,4,第一金-員林,2023-01-16,5381
2890,永豐金,5,1,4,第一金-員林,2023-01-16,5381
1234,黑松,3,0,3,第一金-員林,2023-01-16,5381
1584,精剛,3,0,3,第一金-員林,2023-01-16,5381
2358,廷鑫,3,0,3,第一金-員林,2023-01-16,5381
3293,鈊象,3,0,3,第一金-員林,2023-01-16,5381
4743,合一,8,5,3,第一金-員林,2023-01-16,5381
4904,遠傳,3,0,3,第一金-員林,2023-01-16,5381
6026,福邦證,3,0,3,第一金-員林,2023-01-16,5381
8213,志超,3,0,3,第一金-員林,2023-01-16,5381
9904,寶成,3,0,3,第一金-員林,2023-01-16,5381
3704,合勤控,4,1,3,第一金-員林,2023-01-16,5381
2404,漢唐,2,0,2,第一金-員林,2023-01-16,5381
2887,台新金,2,0,2,第一金-員林,2023-01-16,5381
1219,福壽,2,0,2,第一金-員林,2023-01-16,5381
00858,永豐美國500大,2,0,2,第一金-員林,2023-01-16,5381
00770,國泰北美科技,2,0,2,第一金-員林,2023-01-16,5381
1522,堤維西,2,0,2,第一金-員林,2023-01-16,5381
1536,和大,2,0,2,第一金-員林,2023-01-16,5381
00664R,國泰臺灣加權反1,80,0,80,第一金-員林,2023-01-17,5381
2614,東森,66,7,59,第一金-員林,2023-01-17,5381
00632R,元大台灣50反1,50,6,44,第一金-員林,2023-01-17,5381
2883,凱基金,43,11,32,第一金-員林,2023-01-17,5381
2610,華航,28,0,28,第一金-員林,2023-01-17,5381
00878,國泰永續高股息,33,6,27,第一金-員林,2023-01-17,5381
1909,榮成,28,2,26,第一金-員林,2023-01-17,5381
5258,虹堡,27,1,26,第一金-員林,2023-01-17,5381
00902,中信電池及儲能,20,0,20,第一金-員林,2023-01-17,5381
2468,華經,12,0,12,第一金-員林,2023-01-17,5381
9105,泰金寶-DR,12,0,12,第一金-員林,2023-01-17,5381
2880,華南金,11,0,11,第一金-員林,2023-01-17,5381
8454,富邦媒,11,0,11,第一金-員林,2023-01-17,5381
00676R,富邦臺灣加權反1,10,0,10,第一金-員林,2023-01-17,5381
2884,玉山金,11,1,10,第一金-員林,2023-01-17,5381
6770,力積電,11,1,10,第一金-員林,2023-01-17,5381
2357,華碩,10,0,10,第一金-員林,2023-01-17,5381
3714,富采,10,2,8,第一金-員林,2023-01-17,5381
1417,嘉裕,7,0,7,第一金-員林,2023-01-17,5381
00893,國泰智能電動車,20,13,7,第一金-員林,2023-01-17,5381
0050,元大台灣50,6,0,6,第一金-員林,2023-01-17,5381
00882,中信中國高股息,6,0,6,第一金-員林,2023-01-17,5381
00679B,元大美債20年,6,0,6,第一金-員林,2023-01-17,5381
00665L,富邦�琤肭磪囓�2,6,0,6,第一金-員林,2023-01-17,5381
2885,元大金,6,0,6,第一金-員林,2023-01-17,5381
6220,岳豐,6,0,6,第一金-員林,2023-01-17,5381
8289,泰藝,6,0,6,第一金-員林,2023-01-17,5381
0056,元大高股息,20,15,5,第一金-員林,2023-01-17,5381
6547,高端疫苗,5,0,5,第一金-員林,2023-01-17,5381
2888,新光金,5,0,5,第一金-員林,2023-01-17,5381
3576,聯合再生,5,0,5,第一金-員林,2023-01-17,5381
6180,橘子,7,2,5,第一金-員林,2023-01-17,5381
9910,豐泰,5,0,5,第一金-員林,2023-01-17,5381
1101,台泥,5,1,4,第一金-員林,2023-01-17,5381
3704,合勤控,4,0,4,第一金-員林,2023-01-17,5381
5321,美而快,10,6,4,第一金-員林,2023-01-17,5381
1227,佳格,3,0,3,第一金-員林,2023-01-17,5381
2038,海光,3,0,3,第一金-員林,2023-01-17,5381
2105,正新,3,0,3,第一金-員林,2023-01-17,5381
2338,光罩,3,0,3,第一金-員林,2023-01-17,5381
2358,廷鑫,5,2,3,第一金-員林,2023-01-17,5381
2489,瑞軒,3,0,3,第一金-員林,2023-01-17,5381
2838,聯邦銀,3,0,3,第一金-員林,2023-01-17,5381
2892,第一金,3,0,3,第一金-員林,2023-01-17,5381
3037,欣興,3,0,3,第一金-員林,2023-01-17,5381
4121,優盛,3,0,3,第一金-員林,2023-01-17,5381
2615,萬海,8,6,2,第一金-員林,2023-01-17,5381
00710B,復華彭博非投等債,2,0,2,第一金-員林,2023-01-17,5381
00701,國泰股利精選30,2,0,2,第一金-員林,2023-01-17,5381
1312,國喬,2,0,2,第一金-員林,2023-01-17,5381
00632R,元大台灣50反1,139,8,131,第一金-員林,2023-01-30,5381
00676R,富邦臺灣加權反1,50,0,50,第一金-員林,2023-01-30,5381
4979,華星光,53,4,49,第一金-員林,2023-01-30,5381
00664R,國泰臺灣加權反1,48,0,48,第一金-員林,2023-01-30,5381
1313,聯成,50,2,48,第一金-員林,2023-01-30,5381
2317,鴻海,43,0,43,第一金-員林,2023-01-30,5381
3189,景碩,40,1,39,第一金-員林,2023-01-30,5381
8105,凌巨,35,2,33,第一金-員林,2023-01-30,5381
9945,潤泰新,27,0,27,第一金-員林,2023-01-30,5381
00885,富邦越南,33,8,25,第一金-員林,2023-01-30,5381
2241,艾姆勒,22,0,22,第一金-員林,2023-01-30,5381
6150,撼訊,23,1,22,第一金-員林,2023-01-30,5381
2884,玉山金,21,2,19,第一金-員林,2023-01-30,5381
00680L,元大美債20正2,20,4,16,第一金-員林,2023-01-30,5381
2609,陽明,28,13,15,第一金-員林,2023-01-30,5381
00675L,富邦臺灣加權正2,15,0,15,第一金-員林,2023-01-30,5381
3540,曜越,15,0,15,第一金-員林,2023-01-30,5381
4746,台耀,15,0,15,第一金-員林,2023-01-30,5381
00679B,元大美債20年,13,0,13,第一金-員林,2023-01-30,5381
8069,元太,14,1,13,第一金-員林,2023-01-30,5381
2352,佳世達,12,0,12,第一金-員林,2023-01-30,5381
2633,台灣高鐵,12,0,12,第一金-員林,2023-01-30,5381
2883,凱基金,13,1,12,第一金-員林,2023-01-30,5381
6282,康舒,18,6,12,第一金-員林,2023-01-30,5381
1906,寶隆,11,0,11,第一金-員林,2023-01-30,5381
2915,潤泰全,20,9,11,第一金-員林,2023-01-30,5381
1309,台達化,10,0,10,第一金-員林,2023-01-30,5381
1795,美時,11,1,10,第一金-員林,2023-01-30,5381
3312,弘憶股,10,0,10,第一金-員林,2023-01-30,5381
4968,立積,11,1,10,第一金-員林,2023-01-30,5381
00882,中信中國高股息,10,1,9,第一金-員林,2023-01-30,5381
4114,健喬,13,5,8,第一金-員林,2023-01-30,5381
6122,擎邦,8,0,8,第一金-員林,2023-01-30,5381
9802,鈺齊-KY,8,0,8,第一金-員林,2023-01-30,5381
2892,第一金,7,0,7,第一金-員林,2023-01-30,5381
3501,維熹,7,0,7,第一金-員林,2023-01-30,5381
00753L,中信中國50正2,6,0,6,第一金-員林,2023-01-30,5381
0056,元大高股息,8,2,6,第一金-員林,2023-01-30,5381
2009,第一銅,7,1,6,第一金-員林,2023-01-30,5381
2607,榮運,6,0,6,第一金-員林,2023-01-30,5381
6593,台灣銘板,6,0,6,第一金-員林,2023-01-30,5381
6741,91APP*-KY,6,0,6,第一金-員林,2023-01-30,5381
9958,世紀鋼,6,0,6,第一金-員林,2023-01-30,5381
2419,仲琦,5,0,5,第一金-員林,2023-01-30,5381
2851,中再保,5,0,5,第一金-員林,2023-01-30,5381
4974,亞泰,5,0,5,第一金-員林,2023-01-30,5381
6535,順藥,5,0,5,第一金-員林,2023-01-30,5381
3037,欣興,22,18,4,第一金-員林,2023-01-30,5381
2436,偉詮電,4,0,4,第一金-員林,2023-01-30,5381
2913,農林,4,0,4,第一金-員林,2023-01-30,5381
2885,元大金,202,0,202,第一金-員林,2023-01-31,5381
00664R,國泰臺灣加權反1,54,0,54,第一金-員林,2023-01-31,5381
2812,台中銀,50,0,50,第一金-員林,2023-01-31,5381
00878,國泰永續高股息,51,10,41,第一金-員林,2023-01-31,5381
00893,國泰智能電動車,31,1,30,第一金-員林,2023-01-31,5381
1432,大魯閣,20,0,20,第一金-員林,2023-01-31,5381
2357,華碩,20,1,19,第一金-員林,2023-01-31,5381
5014,建錩,18,0,18,第一金-員林,2023-01-31,5381
2002,中鋼,17,0,17,第一金-員林,2023-01-31,5381
2105,正新,17,2,15,第一金-員林,2023-01-31,5381
9105,泰金寶-DR,20,5,15,第一金-員林,2023-01-31,5381
2330,台積電,15,0,15,第一金-員林,2023-01-31,5381
00679B,元大美債20年,14,0,14,第一金-員林,2023-01-31,5381
2887,台新金,12,0,12,第一金-員林,2023-01-31,5381
00632R,元大台灣50反1,13,1,12,第一金-員林,2023-01-31,5381
2358,廷鑫,20,8,12,第一金-員林,2023-01-31,5381
00905,FT臺灣Smart,11,0,11,第一金-員林,2023-01-31,5381
1608,華榮,11,0,11,第一金-員林,2023-01-31,5381
2324,仁寶,13,2,11,第一金-員林,2023-01-31,5381
2408,南亞科,11,0,11,第一金-員林,2023-01-31,5381
4114,健喬,16,5,11,第一金-員林,2023-01-31,5381
00900,富邦特選高股息30,10,0,10,第一金-員林,2023-01-31,5381
00676R,富邦臺灣加權反1,10,0,10,第一金-員林,2023-01-31,5381
2855,統一證,10,0,10,第一金-員林,2023-01-31,5381
8933,愛地雅,10,0,10,第一金-員林,2023-01-31,5381
9910,豐泰,10,0,10,第一金-員林,2023-01-31,5381
2892,第一金,10,0,10,第一金-員林,2023-01-31,5381
3046,建��,10,1,9,第一金-員林,2023-01-31,5381
2338,光罩,8,0,8,第一金-員林,2023-01-31,5381
0056,元大高股息,19,11,8,第一金-員林,2023-01-31,5381
2241,艾姆勒,7,0,7,第一金-員林,2023-01-31,5381
5234,達興材料,7,0,7,第一金-員林,2023-01-31,5381
8478,東哥遊艇,9,3,6,第一金-員林,2023-01-31,5381
4906,正文,6,0,6,第一金-員林,2023-01-31,5381
6180,橘子,11,5,6,第一金-員林,2023-01-31,5381
00882,中信中國高股息,5,0,5,第一金-員林,2023-01-31,5381
2884,玉山金,5,0,5,第一金-員林,2023-01-31,5381
00665L,富邦�琤肭磪囓�2,5,0,5,第一金-員林,2023-01-31,5381
1434,福懋,5,0,5,第一金-員林,2023-01-31,5381
2032,新鋼,5,0,5,第一金-員林,2023-01-31,5381
2305,全友,5,0,5,第一金-員林,2023-01-31,5381
3290,東浦,5,0,5,第一金-員林,2023-01-31,5381
5272,笙科,5,0,5,第一金-員林,2023-01-31,5381
6245,立端,5,0,5,第一金-員林,2023-01-31,5381
8049,晶采,5,0,5,第一金-員林,2023-01-31,5381
8097,常珵,5,0,5,第一金-員林,2023-01-31,5381
8234,新漢,5,0,5,第一金-員林,2023-01-31,5381
5347,世界,4,0,4,第一金-員林,2023-01-31,5381
00881,國泰台灣5G+,4,0,4,第一金-員林,2023-01-31,5381
2834,臺企銀,4,0,4,第一金-員林,2023-01-31,5381
2867,三商壽,170,0,170,第一金-員林,2023-02-01,5381
00669R,國泰美國道瓊反1,64,0,64,第一金-員林,2023-02-01,5381
8105,凌巨,63,1,62,第一金-員林,2023-02-01,5381
6129,普誠,60,0,60,第一金-員林,2023-02-01,5381
1701,中化,77,27,50,第一金-員林,2023-02-01,5381
00632R,元大台灣50反1,40,0,40,第一金-員林,2023-02-01,5381
1584,精剛,59,31,28,第一金-員林,2023-02-01,5381
1909,榮成,26,0,26,第一金-員林,2023-02-01,5381
1417,嘉裕,24,0,24,第一金-員林,2023-02-01,5381
00882,中信中國高股息,23,0,23,第一金-員林,2023-02-01,5381
00878,國泰永續高股息,22,1,21,第一金-員林,2023-02-01,5381
2002,中鋼,22,2,20,第一金-員林,2023-02-01,5381
2884,玉山金,21,2,19,第一金-員林,2023-02-01,5381
2614,東森,18,1,17,第一金-員林,2023-02-01,5381
00679B,元大美債20年,15,0,15,第一金-員林,2023-02-01,5381
1319,東陽,15,1,14,第一金-員林,2023-02-01,5381
1605,華新,53,39,14,第一金-員林,2023-02-01,5381
2009,第一銅,30,17,13,第一金-員林,2023-02-01,5381
1314,中石化,12,0,12,第一金-員林,2023-02-01,5381
2413,環科,12,0,12,第一金-員林,2023-02-01,5381
2888,新光金,14,2,12,第一金-員林,2023-02-01,5381
2317,鴻海,14,3,11,第一金-員林,2023-02-01,5381
2206,三陽工業,10,0,10,第一金-員林,2023-02-01,5381
2485,兆赫,10,0,10,第一金-員林,2023-02-01,5381
2880,華南金,10,0,10,第一金-員林,2023-02-01,5381
2883,凱基金,30,20,10,第一金-員林,2023-02-01,5381
3005,神基,10,0,10,第一金-員林,2023-02-01,5381
4968,立積,12,2,10,第一金-員林,2023-02-01,5381
5309,系統電,11,1,10,第一金-員林,2023-02-01,5381
8076,伍豐,11,1,10,第一金-員林,2023-02-01,5381
6550,北極星藥業-KY,11,1,10,第一金-員林,2023-02-01,5381
2241,艾姆勒,9,0,9,第一金-員林,2023-02-01,5381
3481,群創,9,1,8,第一金-員林,2023-02-01,5381
2340,台亞,8,0,8,第一金-員林,2023-02-01,5381
2929,淘帝-KY,8,0,8,第一金-員林,2023-02-01,5381
6118,建達,8,0,8,第一金-員林,2023-02-01,5381
6220,岳豐,16,8,8,第一金-員林,2023-02-01,5381
6443,元晶,17,9,8,第一金-員林,2023-02-01,5381
2356,英業達,7,0,7,第一金-員林,2023-02-01,5381
2358,廷鑫,7,0,7,第一金-員林,2023-02-01,5381
4904,遠傳,7,0,7,第一金-員林,2023-02-01,5381
5284,jpp-KY,7,0,7,第一金-員林,2023-02-01,5381
2038,海光,6,0,6,第一金-員林,2023-02-01,5381
1219,福壽,6,0,6,第一金-員林,2023-02-01,5381
1218,泰山,6,0,6,第一金-員林,2023-02-01,5381
1736,喬山,6,0,6,第一金-員林,2023-02-01,5381
3540,曜越,6,0,6,第一金-員林,2023-02-01,5381
4989,榮科,6,0,6,第一金-員林,2023-02-01,5381
6244,茂迪,6,0,6,第一金-員林,2023-02-01,5381
8024,佑華,6,0,6,第一金-員林,2023-02-01,5381
2881,富邦金,100,0,100,第一金-員林,2023-02-02,5381
00878,國泰永續高股息,78,4,74,第一金-員林,2023-02-02,5381
6129,普誠,55,10,45,第一金-員林,2023-02-02,5381
00664R,國泰臺灣加權反1,40,0,40,第一金-員林,2023-02-02,5381
4114,健喬,43,3,40,第一金-員林,2023-02-02,5381
8105,凌巨,32,2,30,第一金-員林,2023-02-02,5381
2317,鴻海,33,4,29,第一金-員林,2023-02-02,5381
00885,富邦越南,28,0,28,第一金-員林,2023-02-02,5381
00632R,元大台灣50反1,51,25,26,第一金-員林,2023-02-02,5381
2312,金寶,25,0,25,第一金-員林,2023-02-02,5381
2891,中信金,63,40,23,第一金-員林,2023-02-02,5381
00676R,富邦臺灣加權反1,22,0,22,第一金-員林,2023-02-02,5381
00902,中信電池及儲能,20,0,20,第一金-員林,2023-02-02,5381
2358,廷鑫,20,0,20,第一金-員林,2023-02-02,5381
00679B,元大美債20年,21,2,19,第一金-員林,2023-02-02,5381
8046,南電,19,1,18,第一金-員林,2023-02-02,5381
2468,華經,48,34,14,第一金-員林,2023-02-02,5381
2614,東森,32,18,14,第一金-員林,2023-02-02,5381
8215,明基材,18,6,12,第一金-員林,2023-02-02,5381
00637L,元大滬深300正2,12,0,12,第一金-員林,2023-02-02,5381
2201,裕隆,23,11,12,第一金-員林,2023-02-02,5381
4167,松瑞藥,12,0,12,第一金-員林,2023-02-02,5381
00900,富邦特選高股息30,11,0,11,第一金-員林,2023-02-02,5381
00680L,元大美債20正2,10,0,10,第一金-員林,2023-02-02,5381
1313,聯成,10,0,10,第一金-員林,2023-02-02,5381
2241,艾姆勒,10,0,10,第一金-員林,2023-02-02,5381
2376,技嘉,10,0,10,第一金-員林,2023-02-02,5381
2484,希華,12,2,10,第一金-員林,2023-02-02,5381
4106,雃博,17,7,10,第一金-員林,2023-02-02,5381
5471,松翰,10,0,10,第一金-員林,2023-02-02,5381
6235,華孚,11,1,10,第一金-員林,2023-02-02,5381
2615,萬海,10,1,9,第一金-員林,2023-02-02,5381
2009,第一銅,11,3,8,第一金-員林,2023-02-02,5381
2363,矽統,8,0,8,第一金-員林,2023-02-02,5381
2834,臺企銀,8,0,8,第一金-員林,2023-02-02,5381
5488,松普,8,0,8,第一金-員林,2023-02-02,5381
6220,岳豐,10,2,8,第一金-員林,2023-02-02,5381
0056,元大高股息,11,4,7,第一金-員林,2023-02-02,5381
2610,華航,13,6,7,第一金-員林,2023-02-02,5381
00882,中信中國高股息,7,0,7,第一金-員林,2023-02-02,5381
1452,宏益,6,0,6,第一金-員林,2023-02-02,5381
1609,大亞,7,1,6,第一金-員林,2023-02-02,5381
2030,彰源,6,0,6,第一金-員林,2023-02-02,5381
2331,精英,7,1,6,第一金-員林,2023-02-02,5381
2886,兆豐金,8,2,6,第一金-員林,2023-02-02,5381
5309,系統電,7,1,6,第一金-員林,2023-02-02,5381
3027,盛達,5,0,5,第一金-員林,2023-02-02,5381
1218,泰山,5,0,5,第一金-員林,2023-02-02,5381
00905,FT臺灣Smart,5,0,5,第一金-員林,2023-02-02,5381
1560,中砂,5,0,5,第一金-員林,2023-02-02,5381
2867,三商壽,177,1,176,第一金-員林,2023-02-03,5381
2409,友達,68,1,67,第一金-員林,2023-02-03,5381
2891,中信金,47,2,45,第一金-員林,2023-02-03,5381
2002,中鋼,33,0,33,第一金-員林,2023-02-03,5381
00882,中信中國高股息,43,10,33,第一金-員林,2023-02-03,5381
00878,國泰永續高股息,43,11,32,第一金-員林,2023-02-03,5381
00676R,富邦臺灣加權反1,25,0,25,第一金-員林,2023-02-03,5381
00664R,國泰臺灣加權反1,22,0,22,第一金-員林,2023-02-03,5381
00665L,富邦�琤肭磪囓�2,21,0,21,第一金-員林,2023-02-03,5381
00637L,元大滬深300正2,21,0,21,第一金-員林,2023-02-03,5381
8038,長園科,21,0,21,第一金-員林,2023-02-03,5381
00651R,復華香港反1,20,0,20,第一金-員林,2023-02-03,5381
8933,愛地雅,20,0,20,第一金-員林,2023-02-03,5381
2241,艾姆勒,19,0,19,第一金-員林,2023-02-03,5381
2609,陽明,24,7,17,第一金-員林,2023-02-03,5381
00903,富邦元宇宙,15,0,15,第一金-員林,2023-02-03,5381
00632R,元大台灣50反1,17,3,14,第一金-員林,2023-02-03,5381
5351,鈺創,34,20,14,第一金-員林,2023-02-03,5381
6190,萬泰科,16,3,13,第一金-員林,2023-02-03,5381
00753L,中信中國50正2,12,0,12,第一金-員林,2023-02-03,5381
00679B,元大美債20年,11,0,11,第一金-員林,2023-02-03,5381
1216,統一,11,0,11,第一金-員林,2023-02-03,5381
00680L,元大美債20正2,10,0,10,第一金-員林,2023-02-03,5381
3033,威健,10,0,10,第一金-員林,2023-02-03,5381
6288,聯嘉,10,0,10,第一金-員林,2023-02-03,5381
911608,明輝-DR,10,0,10,第一金-員林,2023-02-03,5381
6806,森崴能源,14,5,9,第一金-員林,2023-02-03,5381
3027,盛達,9,1,8,第一金-員林,2023-02-03,5381
4157,太景*-KY,8,0,8,第一金-員林,2023-02-03,5381
9105,泰金寶-DR,11,3,8,第一金-員林,2023-02-03,5381
2611,志信,7,0,7,第一金-員林,2023-02-03,5381
2888,新光金,11,4,7,第一金-員林,2023-02-03,5381
3021,鴻名,7,0,7,第一金-員林,2023-02-03,5381
3289,宜特,7,0,7,第一金-員林,2023-02-03,5381
6282,康舒,20,13,7,第一金-員林,2023-02-03,5381
00633L,富邦上証正2,6,0,6,第一金-員林,2023-02-03,5381
1513,中興電,6,0,6,第一金-員林,2023-02-03,5381
1612,宏泰,6,0,6,第一金-員林,2023-02-03,5381
1708,東鹼,6,0,6,第一金-員林,2023-02-03,5381
1810,和成,6,0,6,第一金-員林,2023-02-03,5381
2367,燿華,6,0,6,第一金-員林,2023-02-03,5381
6116,彩晶,10,4,6,第一金-員林,2023-02-03,5381
6464,台數科,6,0,6,第一金-員林,2023-02-03,5381
2317,鴻海,6,1,5,第一金-員林,2023-02-03,5381
2882,國泰金,5,0,5,第一金-員林,2023-02-03,5381
00715L,期街口布蘭特正2,8,3,5,第一金-員林,2023-02-03,5381
1618,合機,5,0,5,第一金-員林,2023-02-03,5381
2376,技嘉,10,5,5,第一金-員林,2023-02-03,5381
2419,仲琦,10,5,5,第一金-員林,2023-02-03,5381
2929,淘帝-KY,15,10,5,第一金-員林,2023-02-03,5381
00878,國泰永續高股息,114,0,114,第一金-員林,2023-02-06,5381
00632R,元大台灣50反1,100,0,100,第一金-員林,2023-02-06,5381
4979,華星光,65,10,55,第一金-員林,2023-02-06,5381
2103,台橡,48,4,44,第一金-員林,2023-02-06,5381
00664R,國泰臺灣加權反1,40,0,40,第一金-員林,2023-02-06,5381
00637L,元大滬深300正2,32,0,32,第一金-員林,2023-02-06,5381
2498,宏達電,50,19,31,第一金-員林,2023-02-06,5381
00679B,元大美債20年,29,1,28,第一金-員林,2023-02-06,5381
2002,中鋼,25,0,25,第一金-員林,2023-02-06,5381
5321,美而快,20,0,20,第一金-員林,2023-02-06,5381
00885,富邦越南,17,0,17,第一金-員林,2023-02-06,5381
2105,正新,16,0,16,第一金-員林,2023-02-06,5381
0056,元大高股息,20,5,15,第一金-員林,2023-02-06,5381
00665L,富邦�琤肭磪囓�2,15,0,15,第一金-員林,2023-02-06,5381
00882,中信中國高股息,14,0,14,第一金-員林,2023-02-06,5381
6589,台康生技,16,3,13,第一金-員林,2023-02-06,5381
3013,晟銘電,12,0,12,第一金-員林,2023-02-06,5381
2482,連宇,67,55,12,第一金-員林,2023-02-06,5381
00680L,元大美債20正2,11,0,11,第一金-員林,2023-02-06,5381
2884,玉山金,11,0,11,第一金-員林,2023-02-06,5381
8183,精星,11,0,11,第一金-員林,2023-02-06,5381
2317,鴻海,17,6,11,第一金-員林,2023-02-06,5381
2603,長榮,18,8,10,第一金-員林,2023-02-06,5381
2880,華南金,10,0,10,第一金-員林,2023-02-06,5381
00655L,國泰中國A50正2,10,0,10,第一金-員林,2023-02-06,5381
00651R,復華香港反1,10,0,10,第一金-員林,2023-02-06,5381
1609,大亞,10,0,10,第一金-員林,2023-02-06,5381
4746,台耀,12,2,10,第一金-員林,2023-02-06,5381
00900,富邦特選高股息30,9,0,9,第一金-員林,2023-02-06,5381
00772B,中信高評級公司債,9,0,9,第一金-員林,2023-02-06,5381
2241,艾姆勒,9,0,9,第一金-員林,2023-02-06,5381
00715L,期街口布蘭特正2,12,4,8,第一金-員林,2023-02-06,5381
2481,強茂,8,0,8,第一金-員林,2023-02-06,5381
4157,太景*-KY,8,0,8,第一金-員林,2023-02-06,5381
2634,漢翔,8,1,7,第一金-員林,2023-02-06,5381
5014,建錩,7,0,7,第一金-員林,2023-02-06,5381
1432,大魯閣,6,0,6,第一金-員林,2023-02-06,5381
2891,中信金,6,0,6,第一金-員林,2023-02-06,5381
6235,華孚,82,76,6,第一金-員林,2023-02-06,5381
00713,元大台灣高息低波,5,0,5,第一金-員林,2023-02-06,5381
2882,國泰金,5,0,5,第一金-員林,2023-02-06,5381
6282,康舒,41,36,5,第一金-員林,2023-02-06,5381
1101,台泥,5,0,5,第一金-員林,2023-02-06,5381
00893,國泰智能電動車,11,6,5,第一金-員林,2023-02-06,5381
00633L,富邦上証正2,5,0,5,第一金-員林,2023-02-06,5381
00753L,中信中國50正2,5,0,5,第一金-員林,2023-02-06,5381
00687B,國泰20年美債,5,0,5,第一金-員林,2023-02-06,5381
1701,中化,8,3,5,第一金-員林,2023-02-06,5381
2102,泰豐,7,2,5,第一金-員林,2023-02-06,5381
2201,裕隆,6,1,5,第一金-員林,2023-02-06,5381
00679B,元大美債20年,135,2,133,第一金-員林,2023-02-07,5381
00751B,元大AAA至A公司債,120,0,120,第一金-員林,2023-02-07,5381
2891,中信金,54,0,54,第一金-員林,2023-02-07,5381
00878,國泰永續高股息,49,0,49,第一金-員林,2023-02-07,5381
4157,太景*-KY,41,0,41,第一金-員林,2023-02-07,5381
8105,凌巨,66,27,39,第一金-員林,2023-02-07,5381
2302,麗正,32,0,32,第一金-員林,2023-02-07,5381
6531,愛普*,30,0,30,第一金-員林,2023-02-07,5381
8069,元太,26,1,25,第一金-員林,2023-02-07,5381
1701,中化,29,7,22,第一金-員林,2023-02-07,5381
3481,群創,42,21,21,第一金-員林,2023-02-07,5381
00637L,元大滬深300正2,20,0,20,第一金-員林,2023-02-07,5381
8038,長園科,13,1,12,第一金-員林,2023-02-07,5381
2317,鴻海,13,1,12,第一金-員林,2023-02-07,5381
6104,創惟,14,3,11,第一金-員林,2023-02-07,5381
3532,台勝科,10,0,10,第一金-員林,2023-02-07,5381
1584,精剛,11,1,10,第一金-員林,2023-02-07,5381
2241,艾姆勒,10,0,10,第一金-員林,2023-02-07,5381
2313,華通,10,0,10,第一金-員林,2023-02-07,5381
2884,玉山金,10,0,10,第一金-員林,2023-02-07,5381
2618,長榮航,9,0,9,第一金-員林,2023-02-07,5381
4123,晟德,9,0,9,第一金-員林,2023-02-07,5381
2887,台新金,9,0,9,第一金-員林,2023-02-07,5381
5353,台林,9,1,8,第一金-員林,2023-02-07,5381
1609,大亞,23,15,8,第一金-員林,2023-02-07,5381
2812,台中銀,7,0,7,第一金-員林,2023-02-07,5381
00772B,中信高評級公司債,6,0,6,第一金-員林,2023-02-07,5381
00680L,元大美債20正2,6,0,6,第一金-員林,2023-02-07,5381
1539,巨庭,6,0,6,第一金-員林,2023-02-07,5381
1760,寶齡富錦,9,3,6,第一金-員林,2023-02-07,5381
3259,鑫創,6,0,6,第一金-員林,2023-02-07,5381
3390,旭軟,6,0,6,第一金-員林,2023-02-07,5381
4142,國光生,8,2,6,第一金-員林,2023-02-07,5381
9904,寶成,6,0,6,第一金-員林,2023-02-07,5381
2498,宏達電,25,19,6,第一金-員林,2023-02-07,5381
2890,永豐金,5,0,5,第一金-員林,2023-02-07,5381
1218,泰山,5,0,5,第一金-員林,2023-02-07,5381
00655L,國泰中國A50正2,5,0,5,第一金-員林,2023-02-07,5381
00651R,復華香港反1,5,0,5,第一金-員林,2023-02-07,5381
1101,台泥,5,0,5,第一金-員林,2023-02-07,5381
1752,南光,57,52,5,第一金-員林,2023-02-07,5381
4120,友華,5,0,5,第一金-員林,2023-02-07,5381
2330,台積電,5,0,5,第一金-員林,2023-02-07,5381
00885,富邦越南,4,0,4,第一金-員林,2023-02-07,5381
2614,東森,4,0,4,第一金-員林,2023-02-07,5381
3494,誠研,4,0,4,第一金-員林,2023-02-07,5381
4739,康普,5,1,4,第一金-員林,2023-02-07,5381
5309,系統電,9,5,4,第一金-員林,2023-02-07,5381
2880,華南金,3,0,3,第一金-員林,2023-02-07,5381
1417,嘉裕,3,0,3,第一金-員林,2023-02-07,5381
2867,三商壽,173,0,173,第一金-員林,2023-02-08,5381
00878,國泰永續高股息,161,50,111,第一金-員林,2023-02-08,5381
1815,富喬,100,0,100,第一金-員林,2023-02-08,5381
4979,華星光,60,7,53,第一金-員林,2023-02-08,5381
00632R,元大台灣50反1,72,20,52,第一金-員林,2023-02-08,5381
6282,康舒,60,13,47,第一金-員林,2023-02-08,5381
00664R,國泰臺灣加權反1,40,0,40,第一金-員林,2023-02-08,5381
3390,旭軟,40,0,40,第一金-員林,2023-02-08,5381
2610,華航,35,0,35,第一金-員林,2023-02-08,5381
00679B,元大美債20年,35,0,35,第一金-員林,2023-02-08,5381
00885,富邦越南,26,0,26,第一金-員林,2023-02-08,5381
3479,安勤,57,37,20,第一金-員林,2023-02-08,5381
6715,嘉基,20,0,20,第一金-員林,2023-02-08,5381
2801,彰銀,19,0,19,第一金-員林,2023-02-08,5381
3596,智易,20,1,19,第一金-員林,2023-02-08,5381
00676R,富邦臺灣加權反1,15,0,15,第一金-員林,2023-02-08,5381
2812,台中銀,14,0,14,第一金-員林,2023-02-08,5381
00900,富邦特選高股息30,17,4,13,第一金-員林,2023-02-08,5381
00637L,元大滬深300正2,12,0,12,第一金-員林,2023-02-08,5381
4157,太景*-KY,12,0,12,第一金-員林,2023-02-08,5381
6129,普誠,14,2,12,第一金-員林,2023-02-08,5381
1513,中興電,16,5,11,第一金-員林,2023-02-08,5381
6167,久正,11,0,11,第一金-員林,2023-02-08,5381
3594,磐儀,11,0,11,第一金-員林,2023-02-08,5381
1303,南亞,10,0,10,第一金-員林,2023-02-08,5381
2103,台橡,10,0,10,第一金-員林,2023-02-08,5381
3041,揚智,10,0,10,第一金-員林,2023-02-08,5381
3059,華晶科,11,1,10,第一金-員林,2023-02-08,5381
6015,宏遠證,10,0,10,第一金-員林,2023-02-08,5381
6125,廣運,10,0,10,第一金-員林,2023-02-08,5381
6191,精成科,10,0,10,第一金-員林,2023-02-08,5381
6733,博晟生醫,10,0,10,第一金-員林,2023-02-08,5381
2201,裕隆,13,4,9,第一金-員林,2023-02-08,5381
2614,東森,9,0,9,第一金-員林,2023-02-08,5381
2880,華南金,9,0,9,第一金-員林,2023-02-08,5381
4130,健亞,12,3,9,第一金-員林,2023-02-08,5381
1605,華新,38,30,8,第一金-員林,2023-02-08,5381
2618,長榮航,9,1,8,第一金-員林,2023-02-08,5381
2049,上銀,11,3,8,第一金-員林,2023-02-08,5381
2913,農林,8,0,8,第一金-員林,2023-02-08,5381
2009,第一銅,21,13,8,第一金-員林,2023-02-08,5381
2884,玉山金,7,0,7,第一金-員林,2023-02-08,5381
3022,威強電,18,11,7,第一金-員林,2023-02-08,5381
6217,中探針,7,1,6,第一金-員林,2023-02-08,5381
2317,鴻海,11,5,6,第一金-員林,2023-02-08,5381
2883,凱基金,6,0,6,第一金-員林,2023-02-08,5381
00772B,中信高評級公司債,6,0,6,第一金-員林,2023-02-08,5381
00751B,元大AAA至A公司債,6,0,6,第一金-員林,2023-02-08,5381
1524,耿鼎,12,6,6,第一金-員林,2023-02-08,5381
1612,宏泰,6,0,6,第一金-員林,2023-02-08,5381
00632R,元大台灣50反1,200,2,198,第一金-員林,2023-02-09,5381
2867,三商壽,178,0,178,第一金-員林,2023-02-09,5381
00878,國泰永續高股息,76,0,76,第一金-員林,2023-02-09,5381
6235,華孚,137,79,58,第一金-員林,2023-02-09,5381
8038,長園科,32,0,32,第一金-員林,2023-02-09,5381
00885,富邦越南,21,0,21,第一金-員林,2023-02-09,5381
9939,宏全,19,0,19,第一金-員林,2023-02-09,5381
2425,承啟,19,2,17,第一金-員林,2023-02-09,5381
00720B,元大投資級公司債,16,0,16,第一金-員林,2023-02-09,5381
3710,連展投控,14,0,14,第一金-員林,2023-02-09,5381
2049,上銀,15,2,13,第一金-員林,2023-02-09,5381
2891,中信金,13,0,13,第一金-員林,2023-02-09,5381
00673R,期元大S＆P原油反1,12,0,12,第一金-員林,2023-02-09,5381
2634,漢翔,23,11,12,第一金-員林,2023-02-09,5381
3520,華盈,11,0,11,第一金-員林,2023-02-09,5381
00751B,元大AAA至A公司債,10,0,10,第一金-員林,2023-02-09,5381
2025,千興,10,0,10,第一金-員林,2023-02-09,5381
2912,統一超,10,0,10,第一金-員林,2023-02-09,5381
4581,光隆精密-KY,10,0,10,第一金-員林,2023-02-09,5381
2453,凌群,8,0,8,第一金-員林,2023-02-09,5381
3479,安勤,10,2,8,第一金-員林,2023-02-09,5381
4157,太景*-KY,8,0,8,第一金-員林,2023-02-09,5381
2413,環科,8,0,8,第一金-員林,2023-02-09,5381
2615,萬海,7,0,7,第一金-員林,2023-02-09,5381
00679B,元大美債20年,6,0,6,第一金-員林,2023-02-09,5381
2883,凱基金,6,0,6,第一金-員林,2023-02-09,5381
1701,中化,30,24,6,第一金-員林,2023-02-09,5381
2888,新光金,6,0,6,第一金-員林,2023-02-09,5381
3704,合勤控,6,0,6,第一金-員林,2023-02-09,5381
5905,南仁湖,6,0,6,第一金-員林,2023-02-09,5381
6138,茂達,8,2,6,第一金-員林,2023-02-09,5381
6180,橘子,7,1,6,第一金-員林,2023-02-09,5381
8222,寶一,7,1,6,第一金-員林,2023-02-09,5381
5014,建錩,5,0,5,第一金-員林,2023-02-09,5381
00892,富邦台灣半導體,5,0,5,第一金-員林,2023-02-09,5381
2241,艾姆勒,5,0,5,第一金-員林,2023-02-09,5381
3037,欣興,5,0,5,第一金-員林,2023-02-09,5381
6118,建達,6,1,5,第一金-員林,2023-02-09,5381
6167,久正,5,0,5,第一金-員林,2023-02-09,5381
3209,全科,5,0,5,第一金-員林,2023-02-09,5381
2542,興富發,5,1,4,第一金-員林,2023-02-09,5381
1524,耿鼎,6,2,4,第一金-員林,2023-02-09,5381
0056,元大高股息,4,0,4,第一金-員林,2023-02-09,5381
00715L,期街口布蘭特正2,5,1,4,第一金-員林,2023-02-09,5381
00882,中信中國高股息,4,0,4,第一金-員林,2023-02-09,5381
1909,榮成,4,0,4,第一金-員林,2023-02-09,5381
2022,聚亨,4,0,4,第一金-員林,2023-02-09,5381
2884,玉山金,4,0,4,第一金-員林,2023-02-09,5381
3494,誠研,4,0,4,第一金-員林,2023-02-09,5381
3706,神達,4,0,4,第一金-員林,2023-02-09,5381
6116,彩晶,160,0,160,第一金-員林,2023-02-10,5381
00751B,元大AAA至A公司債,71,0,71,第一金-員林,2023-02-10,5381
00878,國泰永續高股息,71,2,69,第一金-員林,2023-02-10,5381
4979,華星光,54,5,49,第一金-員林,2023-02-10,5381
2915,潤泰全,40,0,40,第一金-員林,2023-02-10,5381
00679B,元大美債20年,35,0,35,第一金-員林,2023-02-10,5381
4931,新盛力,46,13,33,第一金-員林,2023-02-10,5381
2101,南港,37,5,32,第一金-員林,2023-02-10,5381
1795,美時,33,2,31,第一金-員林,2023-02-10,5381
1605,華新,46,24,22,第一金-員林,2023-02-10,5381
2618,長榮航,38,17,21,第一金-員林,2023-02-10,5381
1584,精剛,51,32,19,第一金-員林,2023-02-10,5381
2409,友達,21,4,17,第一金-員林,2023-02-10,5381
00885,富邦越南,15,0,15,第一金-員林,2023-02-10,5381
3481,群創,49,34,15,第一金-員林,2023-02-10,5381
3356,奇偶,13,0,13,第一金-員林,2023-02-10,5381
8038,長園科,13,0,13,第一金-員林,2023-02-10,5381
2357,華碩,12,0,12,第一金-員林,2023-02-10,5381
6593,台灣銘板,13,1,12,第一金-員林,2023-02-10,5381
1309,台達化,11,0,11,第一金-員林,2023-02-10,5381
00780B,國泰A級金融債,11,0,11,第一金-員林,2023-02-10,5381
1762,中化生,14,3,11,第一金-員林,2023-02-10,5381
2241,艾姆勒,11,0,11,第一金-員林,2023-02-10,5381
0056,元大高股息,12,2,10,第一金-員林,2023-02-10,5381
00728,第一金工業30,10,0,10,第一金-員林,2023-02-10,5381
00637L,元大滬深300正2,10,0,10,第一金-員林,2023-02-10,5381
2903,遠百,10,0,10,第一金-員林,2023-02-10,5381
4916,事欣科,10,0,10,第一金-員林,2023-02-10,5381
9910,豐泰,11,1,10,第一金-員林,2023-02-10,5381
00720B,元大投資級公司債,10,2,8,第一金-員林,2023-02-10,5381
1218,泰山,10,2,8,第一金-員林,2023-02-10,5381
00632R,元大台灣50反1,10,2,8,第一金-員林,2023-02-10,5381
00772B,中信高評級公司債,8,0,8,第一金-員林,2023-02-10,5381
2883,凱基金,8,0,8,第一金-員林,2023-02-10,5381
2929,淘帝-KY,8,0,8,第一金-員林,2023-02-10,5381
4157,太景*-KY,8,0,8,第一金-員林,2023-02-10,5381
2603,長榮,14,6,8,第一金-員林,2023-02-10,5381
2888,新光金,8,1,7,第一金-員林,2023-02-10,5381
4130,健亞,13,6,7,第一金-員林,2023-02-10,5381
5258,虹堡,7,0,7,第一金-員林,2023-02-10,5381
2867,三商壽,6,0,6,第一金-員林,2023-02-10,5381
2887,台新金,6,0,6,第一金-員林,2023-02-10,5381
00773B,中信優先金融債,6,0,6,第一金-員林,2023-02-10,5381
2498,宏達電,18,12,6,第一金-員林,2023-02-10,5381
3162,精確,8,2,6,第一金-員林,2023-02-10,5381
5014,建錩,6,0,6,第一金-員林,2023-02-10,5381
8069,元太,21,16,5,第一金-員林,2023-02-10,5381
00651R,復華香港反1,5,0,5,第一金-員林,2023-02-10,5381
00655L,國泰中國A50正2,5,0,5,第一金-員林,2023-02-10,5381
00633L,富邦上証正2,5,0,5,第一金-員林,2023-02-10,5381
6116,彩晶,115,0,115,第一金-員林,2023-02-13,5381
2409,友達,89,0,89,第一金-員林,2023-02-13,5381
3029,零壹,52,4,48,第一金-員林,2023-02-13,5381
00878,國泰永續高股息,51,8,43,第一金-員林,2023-02-13,5381
6770,力積電,42,3,39,第一金-員林,2023-02-13,5381
2888,新光金,38,0,38,第一金-員林,2023-02-13,5381
2498,宏達電,45,14,31,第一金-員林,2023-02-13,5381
2867,三商壽,31,0,31,第一金-員林,2023-02-13,5381
6266,泰詠,31,0,31,第一金-員林,2023-02-13,5381
00885,富邦越南,29,0,29,第一金-員林,2023-02-13,5381
00720B,元大投資級公司債,28,0,28,第一金-員林,2023-02-13,5381
00679B,元大美債20年,24,0,24,第一金-員林,2023-02-13,5381
2303,聯電,28,5,23,第一金-員林,2023-02-13,5381
8222,寶一,67,45,22,第一金-員林,2023-02-13,5381
2444,兆勁,20,0,20,第一金-員林,2023-02-13,5381
2314,台揚,22,3,19,第一金-員林,2023-02-13,5381
8038,長園科,18,0,18,第一金-員林,2023-02-13,5381
2440,太空梭,30,14,16,第一金-員林,2023-02-13,5381
00751B,元大AAA至A公司債,15,0,15,第一金-員林,2023-02-13,5381
00651R,復華香港反1,15,0,15,第一金-員林,2023-02-13,5381
2201,裕隆,14,0,14,第一金-員林,2023-02-13,5381
2641,正德,12,0,12,第一金-員林,2023-02-13,5381
8046,南電,12,0,12,第一金-員林,2023-02-13,5381
00680L,元大美債20正2,12,1,11,第一金-員林,2023-02-13,5381
4114,健喬,43,32,11,第一金-員林,2023-02-13,5381
00753L,中信中國50正2,10,0,10,第一金-員林,2023-02-13,5381
00683L,期元大美元指正2,10,0,10,第一金-員林,2023-02-13,5381
00780B,國泰A級金融債,10,0,10,第一金-員林,2023-02-13,5381
2241,艾姆勒,10,0,10,第一金-員林,2023-02-13,5381
3390,旭軟,10,0,10,第一金-員林,2023-02-13,5381
6603,富強鑫,10,0,10,第一金-員林,2023-02-13,5381
2388,威盛,9,2,7,第一金-員林,2023-02-13,5381
3540,曜越,8,1,7,第一金-員林,2023-02-13,5381
4931,新盛力,8,1,7,第一金-員林,2023-02-13,5381
00772B,中信高評級公司債,6,0,6,第一金-員林,2023-02-13,5381
00900,富邦特選高股息30,6,0,6,第一金-員林,2023-02-13,5381
2601,益航,6,0,6,第一金-員林,2023-02-13,5381
3481,群創,6,0,6,第一金-員林,2023-02-13,5381
4968,立積,6,0,6,第一金-員林,2023-02-13,5381
2317,鴻海,7,1,6,第一金-員林,2023-02-13,5381
0056,元大高股息,5,0,5,第一金-員林,2023-02-13,5381
1305,華夏,5,0,5,第一金-員林,2023-02-13,5381
1701,中化,18,13,5,第一金-員林,2023-02-13,5381
2109,華豐,5,0,5,第一金-員林,2023-02-13,5381
2610,華航,10,5,5,第一金-員林,2023-02-13,5381
3209,全科,5,0,5,第一金-員林,2023-02-13,5381
5263,智崴,5,0,5,第一金-員林,2023-02-13,5381
6643,M31,7,2,5,第一金-員林,2023-02-13,5381
00903,富邦元宇宙,6,2,4,第一金-員林,2023-02-13,5381
2385,群光,4,0,4,第一金-員林,2023-02-13,5381
00632R,元大台灣50反1,251,0,251,第一金-員林,2023-02-14,5381
2302,麗正,100,0,100,第一金-員林,2023-02-14,5381
1605,華新,93,35,58,第一金-員林,2023-02-14,5381
00664R,國泰臺灣加權反1,45,0,45,第一金-員林,2023-02-14,5381
2886,兆豐金,40,1,39,第一金-員林,2023-02-14,5381
3094,聯傑,26,0,26,第一金-員林,2023-02-14,5381
00885,富邦越南,21,5,16,第一金-員林,2023-02-14,5381
6282,康舒,28,12,16,第一金-員林,2023-02-14,5381
00712,復華富時不動產,15,0,15,第一金-員林,2023-02-14,5381
00679B,元大美債20年,14,1,13,第一金-員林,2023-02-14,5381
00665L,富邦�琤肭磪囓�2,12,0,12,第一金-員林,2023-02-14,5381
00751B,元大AAA至A公司債,10,0,10,第一金-員林,2023-02-14,5381
00637L,元大滬深300正2,10,0,10,第一金-員林,2023-02-14,5381
00651R,復華香港反1,10,0,10,第一金-員林,2023-02-14,5381
1760,寶齡富錦,10,0,10,第一金-員林,2023-02-14,5381
4958,臻鼎-KY,10,0,10,第一金-員林,2023-02-14,5381
00780B,國泰A級金融債,8,0,8,第一金-員林,2023-02-14,5381
2641,正德,8,0,8,第一金-員林,2023-02-14,5381
3704,合勤控,8,0,8,第一金-員林,2023-02-14,5381
8088,品安,8,0,8,第一金-員林,2023-02-14,5381
8234,新漢,8,0,8,第一金-員林,2023-02-14,5381
00650L,復華香港正2,7,0,7,第一金-員林,2023-02-14,5381
00903,富邦元宇宙,7,0,7,第一金-員林,2023-02-14,5381
3022,威強電,7,0,7,第一金-員林,2023-02-14,5381
4114,健喬,13,6,7,第一金-員林,2023-02-14,5381
3481,群創,23,17,6,第一金-員林,2023-02-14,5381
1503,士電,6,0,6,第一金-員林,2023-02-14,5381
2201,裕隆,6,0,6,第一金-員林,2023-02-14,5381
2388,威盛,6,0,6,第一金-員林,2023-02-14,5381
2405,輔信,6,0,6,第一金-員林,2023-02-14,5381
2812,台中銀,6,0,6,第一金-員林,2023-02-14,5381
3540,曜越,6,0,6,第一金-員林,2023-02-14,5381
6806,森崴能源,6,0,6,第一金-員林,2023-02-14,5381
2002,中鋼,7,1,6,第一金-員林,2023-02-14,5381
2884,玉山金,20,15,5,第一金-員林,2023-02-14,5381
00753L,中信中國50正2,10,5,5,第一金-員林,2023-02-14,5381
1604,聲寶,5,0,5,第一金-員林,2023-02-14,5381
2241,艾姆勒,5,0,5,第一金-員林,2023-02-14,5381
2313,華通,5,0,5,第一金-員林,2023-02-14,5381
2539,櫻花建,5,0,5,第一金-員林,2023-02-14,5381
6244,茂迪,5,0,5,第一金-員林,2023-02-14,5381
6505,台塑化,5,0,5,第一金-員林,2023-02-14,5381
6509,聚和,5,0,5,第一金-員林,2023-02-14,5381
6715,嘉基,5,0,5,第一金-員林,2023-02-14,5381
1701,中化,4,0,4,第一金-員林,2023-02-14,5381
1609,大亞,4,0,4,第一金-員林,2023-02-14,5381
2332,友訊,4,0,4,第一金-員林,2023-02-14,5381
2380,虹光,4,0,4,第一金-員林,2023-02-14,5381
2892,第一金,5,1,4,第一金-員林,2023-02-14,5381
4129,聯合,4,0,4,第一金-員林,2023-02-14,5381
00878,國泰永續高股息,238,11,227,第一金-員林,2023-02-15,5381
2027,大成鋼,103,3,100,第一金-員林,2023-02-15,5381
2867,三商壽,67,0,67,第一金-員林,2023-02-15,5381
2344,華邦電,50,0,50,第一金-員林,2023-02-15,5381
1313,聯成,20,0,20,第一金-員林,2023-02-15,5381
1506,正道,20,0,20,第一金-員林,2023-02-15,5381
2705,六福,20,0,20,第一金-員林,2023-02-15,5381
2440,太空梭,19,0,19,第一金-員林,2023-02-15,5381
2486,一詮,25,6,19,第一金-員林,2023-02-15,5381
9958,世紀鋼,17,0,17,第一金-員林,2023-02-15,5381
3027,盛達,41,26,15,第一金-員林,2023-02-15,5381
00665L,富邦�琤肭磪囓�2,14,0,14,第一金-員林,2023-02-15,5381
00650L,復華香港正2,14,0,14,第一金-員林,2023-02-15,5381
2884,玉山金,16,4,12,第一金-員林,2023-02-15,5381
1701,中化,15,4,11,第一金-員林,2023-02-15,5381
00891,中信關鍵半導體,10,0,10,第一金-員林,2023-02-15,5381
1504,東元,10,0,10,第一金-員林,2023-02-15,5381
1101,台泥,17,7,10,第一金-員林,2023-02-15,5381
2201,裕隆,12,3,9,第一金-員林,2023-02-15,5381
6589,台康生技,9,0,9,第一金-員林,2023-02-15,5381
00679B,元大美債20年,8,0,8,第一金-員林,2023-02-15,5381
2891,中信金,8,0,8,第一金-員林,2023-02-15,5381
00882,中信中國高股息,8,0,8,第一金-員林,2023-02-15,5381
2330,台積電,18,10,8,第一金-員林,2023-02-15,5381
5904,寶雅,8,0,8,第一金-員林,2023-02-15,5381
1314,中石化,10,3,7,第一金-員林,2023-02-15,5381
1513,中興電,17,10,7,第一金-員林,2023-02-15,5381
2889,國票金,13,6,7,第一金-員林,2023-02-15,5381
0056,元大高股息,7,0,7,第一金-員林,2023-02-15,5381
1234,黑松,6,0,6,第一金-員林,2023-02-15,5381
2498,宏達電,12,6,6,第一金-員林,2023-02-15,5381
2609,陽明,6,0,6,第一金-員林,2023-02-15,5381
3162,精確,6,0,6,第一金-員林,2023-02-15,5381
5608,四維航,6,0,6,第一金-員林,2023-02-15,5381
6235,華孚,20,14,6,第一金-員林,2023-02-15,5381
6278,台表科,6,0,6,第一金-員林,2023-02-15,5381
0050,元大台灣50,6,0,6,第一金-員林,2023-02-15,5381
1218,泰山,6,1,5,第一金-員林,2023-02-15,5381
2450,神腦,5,0,5,第一金-員林,2023-02-15,5381
2613,中櫃,5,0,5,第一金-員林,2023-02-15,5381
2883,凱基金,5,0,5,第一金-員林,2023-02-15,5381
3078,僑威,6,1,5,第一金-員林,2023-02-15,5381
6535,順藥,5,0,5,第一金-員林,2023-02-15,5381
3454,晶睿,4,0,4,第一金-員林,2023-02-15,5381
6180,橘子,7,3,4,第一金-員林,2023-02-15,5381
1752,南光,4,0,4,第一金-員林,2023-02-15,5381
2009,第一銅,5,1,4,第一金-員林,2023-02-15,5381
2453,凌群,30,26,4,第一金-員林,2023-02-15,5381
2607,榮運,4,0,4,第一金-員林,2023-02-15,5381
2734,易飛網,4,0,4,第一金-員林,2023-02-15,5381
00679B,元大美債20年,198,0,198,第一金-員林,2023-02-16,5381
2883,凱基金,182,1,181,第一金-員林,2023-02-16,5381
00751B,元大AAA至A公司債,136,0,136,第一金-員林,2023-02-16,5381
00720B,元大投資級公司債,117,0,117,第一金-員林,2023-02-16,5381
00878,國泰永續高股息,125,10,115,第一金-員林,2023-02-16,5381
3231,緯創,100,0,100,第一金-員林,2023-02-16,5381
5351,鈺創,93,2,91,第一金-員林,2023-02-16,5381
00664R,國泰臺灣加權反1,60,0,60,第一金-員林,2023-02-16,5381
00665L,富邦�琤肭磪囓�2,50,0,50,第一金-員林,2023-02-16,5381
2388,威盛,50,4,46,第一金-員林,2023-02-16,5381
2038,海光,35,0,35,第一金-員林,2023-02-16,5381
2614,東森,29,0,29,第一金-員林,2023-02-16,5381
2882,國泰金,30,3,27,第一金-員林,2023-02-16,5381
3289,宜特,21,1,20,第一金-員林,2023-02-16,5381
2103,台橡,17,0,17,第一金-員林,2023-02-16,5381
8234,新漢,21,5,16,第一金-員林,2023-02-16,5381
2834,臺企銀,20,4,16,第一金-員林,2023-02-16,5381
00651R,復華香港反1,15,0,15,第一金-員林,2023-02-16,5381
1513,中興電,41,26,15,第一金-員林,2023-02-16,5381
1609,大亞,34,20,14,第一金-員林,2023-02-16,5381
3037,欣興,19,6,13,第一金-員林,2023-02-16,5381
00885,富邦越南,11,0,11,第一金-員林,2023-02-16,5381
00772B,中信高評級公司債,10,0,10,第一金-員林,2023-02-16,5381
1402,遠東新,10,0,10,第一金-員林,2023-02-16,5381
2241,艾姆勒,10,0,10,第一金-員林,2023-02-16,5381
2881,富邦金,10,0,10,第一金-員林,2023-02-16,5381
3221,台嘉碩,10,0,10,第一金-員林,2023-02-16,5381
3406,玉晶光,10,0,10,第一金-員林,2023-02-16,5381
5475,德宏,10,0,10,第一金-員林,2023-02-16,5381
2330,台積電,12,2,10,第一金-員林,2023-02-16,5381
2206,三陽工業,8,0,8,第一金-員林,2023-02-16,5381
2380,虹光,8,0,8,第一金-員林,2023-02-16,5381
4915,致伸,7,0,7,第一金-員林,2023-02-16,5381
6191,精成科,7,0,7,第一金-員林,2023-02-16,5381
2353,宏��,7,1,6,第一金-員林,2023-02-16,5381
3481,群創,63,57,6,第一金-員林,2023-02-16,5381
1316,上曜,5,0,5,第一金-員林,2023-02-16,5381
1218,泰山,5,0,5,第一金-員林,2023-02-16,5381
00834B,第一金金融債10+,5,0,5,第一金-員林,2023-02-16,5381
00891,中信關鍵半導體,5,0,5,第一金-員林,2023-02-16,5381
00706L,期元大S＆P日圓正2,5,0,5,第一金-員林,2023-02-16,5381
1506,正道,5,0,5,第一金-員林,2023-02-16,5381
1604,聲寶,5,0,5,第一金-員林,2023-02-16,5381
2641,正德,5,0,5,第一金-員林,2023-02-16,5381
2705,六福,5,0,5,第一金-員林,2023-02-16,5381
2913,農林,5,0,5,第一金-員林,2023-02-16,5381
2915,潤泰全,5,0,5,第一金-員林,2023-02-16,5381
3030,德律,5,0,5,第一金-員林,2023-02-16,5381
3062,建漢,5,0,5,第一金-員林,2023-02-16,5381
3483,力致,5,0,5,第一金-員林,2023-02-16,5381
2610,華航,163,48,115,第一金-員林,2023-02-17,5381
00683L,期元大美元指正2,95,0,95,第一金-員林,2023-02-17,5381
2867,三商壽,70,0,70,第一金-員林,2023-02-17,5381
1218,泰山,68,1,67,第一金-員林,2023-02-17,5381
00878,國泰永續高股息,62,3,59,第一金-員林,2023-02-17,5381
00679B,元大美債20年,44,0,44,第一金-員林,2023-02-17,5381
2344,華邦電,51,10,41,第一金-員林,2023-02-17,5381
9910,豐泰,28,0,28,第一金-員林,2023-02-17,5381
2889,國票金,38,13,25,第一金-員林,2023-02-17,5381
00651R,復華香港反1,22,0,22,第一金-員林,2023-02-17,5381
2329,華泰,23,1,22,第一金-員林,2023-02-17,5381
2444,兆勁,20,0,20,第一金-員林,2023-02-17,5381
8038,長園科,20,0,20,第一金-員林,2023-02-17,5381
2330,台積電,26,8,18,第一金-員林,2023-02-17,5381
00751B,元大AAA至A公司債,18,0,18,第一金-員林,2023-02-17,5381
00715L,期街口布蘭特正2,20,2,18,第一金-員林,2023-02-17,5381
4526,東台,19,1,18,第一金-員林,2023-02-17,5381
00680L,元大美債20正2,17,0,17,第一金-員林,2023-02-17,5381
00772B,中信高評級公司債,16,0,16,第一金-員林,2023-02-17,5381
00885,富邦越南,15,0,15,第一金-員林,2023-02-17,5381
4961,天鈺,25,10,15,第一金-員林,2023-02-17,5381
00893,國泰智能電動車,17,3,14,第一金-員林,2023-02-17,5381
00665L,富邦�琤肭磪囓�2,13,0,13,第一金-員林,2023-02-17,5381
6531,愛普*,13,0,13,第一金-員林,2023-02-17,5381
2723,美食-KY,13,1,12,第一金-員林,2023-02-17,5381
5351,鈺創,13,1,12,第一金-員林,2023-02-17,5381
1609,大亞,14,4,10,第一金-員林,2023-02-17,5381
3049,精金,10,0,10,第一金-員林,2023-02-17,5381
6715,嘉基,10,0,10,第一金-員林,2023-02-17,5381
2201,裕隆,14,5,9,第一金-員林,2023-02-17,5381
2885,元大金,9,0,9,第一金-員林,2023-02-17,5381
8046,南電,10,2,8,第一金-員林,2023-02-17,5381
1342,八貫,11,3,8,第一金-員林,2023-02-17,5381
3027,盛達,22,14,8,第一金-員林,2023-02-17,5381
3380,明泰,8,0,8,第一金-員林,2023-02-17,5381
4157,太景*-KY,8,0,8,第一金-員林,2023-02-17,5381
00773B,中信優先金融債,7,0,7,第一金-員林,2023-02-17,5381
2618,長榮航,15,8,7,第一金-員林,2023-02-17,5381
2609,陽明,12,5,7,第一金-員林,2023-02-17,5381
4919,新唐,10,3,7,第一金-員林,2023-02-17,5381
2886,兆豐金,12,5,7,第一金-員林,2023-02-17,5381
3037,欣興,7,0,7,第一金-員林,2023-02-17,5381
4102,永日,7,0,7,第一金-員林,2023-02-17,5381
1524,耿鼎,6,0,6,第一金-員林,2023-02-17,5381
8222,寶一,10,4,6,第一金-員林,2023-02-17,5381
0050,元大台灣50,6,1,5,第一金-員林,2023-02-17,5381
00650L,復華香港正2,5,0,5,第一金-員林,2023-02-17,5381
00752,中信中國50,5,0,5,第一金-員林,2023-02-17,5381
1540,喬福,5,0,5,第一金-員林,2023-02-17,5381
2425,承啟,5,0,5,第一金-員林,2023-02-17,5381
2867,三商壽,104,0,104,第一金-員林,2023-02-20,5381
2457,飛宏,73,12,61,第一金-員林,2023-02-20,5381
00664R,國泰臺灣加權反1,45,0,45,第一金-員林,2023-02-20,5381
2317,鴻海,45,3,42,第一金-員林,2023-02-20,5381
00878,國泰永續高股息,41,2,39,第一金-員林,2023-02-20,5381
6235,華孚,48,13,35,第一金-員林,2023-02-20,5381
2889,國票金,41,8,33,第一金-員林,2023-02-20,5381
2486,一詮,21,0,21,第一金-員林,2023-02-20,5381
00651R,復華香港反1,20,0,20,第一金-員林,2023-02-20,5381
5258,虹堡,24,5,19,第一金-員林,2023-02-20,5381
00772B,中信高評級公司債,18,0,18,第一金-員林,2023-02-20,5381
00680L,元大美債20正2,13,0,13,第一金-員林,2023-02-20,5381
2882,國泰金,16,4,12,第一金-員林,2023-02-20,5381
6612,奈米醫材,12,0,12,第一金-員林,2023-02-20,5381
6245,立端,13,2,11,第一金-員林,2023-02-20,5381
2485,兆赫,10,0,10,第一金-員林,2023-02-20,5381
2891,中信金,10,0,10,第一金-員林,2023-02-20,5381
3037,欣興,10,0,10,第一金-員林,2023-02-20,5381
5475,德宏,10,0,10,第一金-員林,2023-02-20,5381
1701,中化,19,10,9,第一金-員林,2023-02-20,5381
2491,吉祥全,9,0,9,第一金-員林,2023-02-20,5381
1503,士電,8,0,8,第一金-員林,2023-02-20,5381
2101,南港,8,0,8,第一金-員林,2023-02-20,5381
2329,華泰,8,0,8,第一金-員林,2023-02-20,5381
2702,華園,8,0,8,第一金-員林,2023-02-20,5381
6531,愛普*,11,3,8,第一金-員林,2023-02-20,5381
8054,安國,8,0,8,第一金-員林,2023-02-20,5381
0056,元大高股息,11,3,8,第一金-員林,2023-02-20,5381
1218,泰山,17,10,7,第一金-員林,2023-02-20,5381
2618,長榮航,12,5,7,第一金-員林,2023-02-20,5381
2731,雄獅,28,21,7,第一金-員林,2023-02-20,5381
2352,佳世達,6,0,6,第一金-員林,2023-02-20,5381
00720B,元大投資級公司債,6,0,6,第一金-員林,2023-02-20,5381
00665L,富邦�琤肭磪囓�2,13,7,6,第一金-員林,2023-02-20,5381
2105,正新,7,1,6,第一金-員林,2023-02-20,5381
2880,華南金,6,0,6,第一金-員林,2023-02-20,5381
2883,凱基金,47,41,6,第一金-員林,2023-02-20,5381
3030,德律,6,0,6,第一金-員林,2023-02-20,5381
3058,立德,6,0,6,第一金-員林,2023-02-20,5381
2481,強茂,6,0,6,第一金-員林,2023-02-20,5381
00673R,期元大S＆P原油反1,5,0,5,第一金-員林,2023-02-20,5381
00655L,國泰中國A50正2,5,0,5,第一金-員林,2023-02-20,5381
1795,美時,8,3,5,第一金-員林,2023-02-20,5381
2241,艾姆勒,5,0,5,第一金-員林,2023-02-20,5381
2371,大同,5,0,5,第一金-員林,2023-02-20,5381
2603,長榮,10,5,5,第一金-員林,2023-02-20,5381
2913,農林,5,0,5,第一金-員林,2023-02-20,5381
3035,智原,9,4,5,第一金-員林,2023-02-20,5381
4503,金雨,6,1,5,第一金-員林,2023-02-20,5381
5469,瀚宇博,6,1,5,第一金-員林,2023-02-20,5381
2457,飛宏,97,13,84,第一金-員林,2023-02-21,5381
2867,三商壽,112,32,80,第一金-員林,2023-02-21,5381
2884,玉山金,88,12,76,第一金-員林,2023-02-21,5381
4979,華星光,60,3,57,第一金-員林,2023-02-21,5381
3594,磐儀,51,0,51,第一金-員林,2023-02-21,5381
00664R,國泰臺灣加權反1,40,0,40,第一金-員林,2023-02-21,5381
1529,樂事綠能,40,2,38,第一金-員林,2023-02-21,5381
2882,國泰金,33,0,33,第一金-員林,2023-02-21,5381
00720B,元大投資級公司債,32,0,32,第一金-員林,2023-02-21,5381
2634,漢翔,57,26,31,第一金-員林,2023-02-21,5381
2618,長榮航,30,5,25,第一金-員林,2023-02-21,5381
00680L,元大美債20正2,17,0,17,第一金-員林,2023-02-21,5381
00885,富邦越南,17,1,16,第一金-員林,2023-02-21,5381
00665L,富邦�琤肭磪囓�2,14,0,14,第一金-員林,2023-02-21,5381
2409,友達,18,6,12,第一金-員林,2023-02-21,5381
00878,國泰永續高股息,19,7,12,第一金-員林,2023-02-21,5381
1810,和成,19,8,11,第一金-員林,2023-02-21,5381
2462,良得電,11,0,11,第一金-員林,2023-02-21,5381
3704,合勤控,11,0,11,第一金-員林,2023-02-21,5381
2889,國票金,10,0,10,第一金-員林,2023-02-21,5381
1417,嘉裕,10,0,10,第一金-員林,2023-02-21,5381
1455,集盛,10,0,10,第一金-員林,2023-02-21,5381
1313,聯成,10,0,10,第一金-員林,2023-02-21,5381
00679B,元大美債20年,10,0,10,第一金-員林,2023-02-21,5381
6278,台表科,10,0,10,第一金-員林,2023-02-21,5381
8403,盛弘,10,0,10,第一金-員林,2023-02-21,5381
9802,鈺齊-KY,10,0,10,第一金-員林,2023-02-21,5381
8105,凌巨,73,63,10,第一金-員林,2023-02-21,5381
4904,遠傳,9,0,9,第一金-員林,2023-02-21,5381
6202,盛群,8,0,8,第一金-員林,2023-02-21,5381
2241,艾姆勒,8,0,8,第一金-員林,2023-02-21,5381
3046,建��,15,7,8,第一金-員林,2023-02-21,5381
8358,金居,8,0,8,第一金-員林,2023-02-21,5381
00650L,復華香港正2,7,0,7,第一金-員林,2023-02-21,5381
1701,中化,7,0,7,第一金-員林,2023-02-21,5381
3011,今皓,10,3,7,第一金-員林,2023-02-21,5381
5425,台半,12,5,7,第一金-員林,2023-02-21,5381
1795,美時,6,0,6,第一金-員林,2023-02-21,5381
2027,大成鋼,6,0,6,第一金-員林,2023-02-21,5381
2444,兆勁,6,0,6,第一金-員林,2023-02-21,5381
3444,利機,6,0,6,第一金-員林,2023-02-21,5381
4915,致伸,6,0,6,第一金-員林,2023-02-21,5381
5244,弘凱,6,0,6,第一金-員林,2023-02-21,5381
6288,聯嘉,11,5,6,第一金-員林,2023-02-21,5381
1432,大魯閣,10,4,6,第一金-員林,2023-02-21,5381
9910,豐泰,6,0,6,第一金-員林,2023-02-21,5381
2329,華泰,5,0,5,第一金-員林,2023-02-21,5381
1104,環泥,5,0,5,第一金-員林,2023-02-21,5381
2340,台亞,5,0,5,第一金-員林,2023-02-21,5381
2617,台航,5,0,5,第一金-員林,2023-02-21,5381
00878,國泰永續高股息,102,11,91,第一金-員林,2023-02-22,5381
00664R,國泰臺灣加權反1,80,2,78,第一金-員林,2023-02-22,5381
2457,飛宏,60,9,51,第一金-員林,2023-02-22,5381
2891,中信金,51,1,50,第一金-員林,2023-02-22,5381
3035,智原,46,0,46,第一金-員林,2023-02-22,5381
6715,嘉基,41,0,41,第一金-員林,2023-02-22,5381
2889,國票金,42,2,40,第一金-員林,2023-02-22,5381
9802,鈺齊-KY,38,0,38,第一金-員林,2023-02-22,5381
4979,華星光,30,1,29,第一金-員林,2023-02-22,5381
1733,五鼎,24,0,24,第一金-員林,2023-02-22,5381
2303,聯電,33,11,22,第一金-員林,2023-02-22,5381
0056,元大高股息,22,1,21,第一金-員林,2023-02-22,5381
2610,華航,42,21,21,第一金-員林,2023-02-22,5381
6148,驊宏資,21,0,21,第一金-員林,2023-02-22,5381
1605,華新,41,21,20,第一金-員林,2023-02-22,5381
2498,宏達電,22,2,20,第一金-員林,2023-02-22,5381
00772B,中信高評級公司債,19,0,19,第一金-員林,2023-02-22,5381
5706,鳳凰,24,5,19,第一金-員林,2023-02-22,5381
00751B,元大AAA至A公司債,18,0,18,第一金-員林,2023-02-22,5381
00679B,元大美債20年,17,0,17,第一金-員林,2023-02-22,5381
2330,台積電,17,0,17,第一金-員林,2023-02-22,5381
00680L,元大美債20正2,16,0,16,第一金-員林,2023-02-22,5381
2712,遠雄來,15,0,15,第一金-員林,2023-02-22,5381
1319,東陽,15,1,14,第一金-員林,2023-02-22,5381
00885,富邦越南,12,0,12,第一金-員林,2023-02-22,5381
2201,裕隆,12,0,12,第一金-員林,2023-02-22,5381
00773B,中信優先金融債,11,0,11,第一金-員林,2023-02-22,5381
00720B,元大投資級公司債,10,0,10,第一金-員林,2023-02-22,5381
1313,聯成,10,0,10,第一金-員林,2023-02-22,5381
1904,正隆,10,0,10,第一金-員林,2023-02-22,5381
2352,佳世達,10,0,10,第一金-員林,2023-02-22,5381
2614,東森,10,0,10,第一金-員林,2023-02-22,5381
3522,御嵿,10,0,10,第一金-員林,2023-02-22,5381
5512,力麒,10,0,10,第一金-員林,2023-02-22,5381
6509,聚和,10,0,10,第一金-員林,2023-02-22,5381
2317,鴻海,10,0,10,第一金-員林,2023-02-22,5381
2338,光罩,9,0,9,第一金-員林,2023-02-22,5381
3714,富采,9,0,9,第一金-員林,2023-02-22,5381
8358,金居,9,0,9,第一金-員林,2023-02-22,5381
2206,三陽工業,8,0,8,第一金-員林,2023-02-22,5381
2241,艾姆勒,8,0,8,第一金-員林,2023-02-22,5381
2618,長榮航,11,3,8,第一金-員林,2023-02-22,5381
3707,漢磊,9,1,8,第一金-員林,2023-02-22,5381
4931,新盛力,8,0,8,第一金-員林,2023-02-22,5381
6129,普誠,8,0,8,第一金-員林,2023-02-22,5381
6202,盛群,8,0,8,第一金-員林,2023-02-22,5381
8033,雷虎,10,2,8,第一金-員林,2023-02-22,5381
1101,台泥,11,4,7,第一金-員林,2023-02-22,5381
00881,國泰台灣5G+,9,2,7,第一金-員林,2023-02-22,5381
1529,樂事綠能,8,1,7,第一金-員林,2023-02-22,5381
00720B,元大投資級公司債,101,1,100,第一金-員林,2023-02-23,5381
00715L,期街口布蘭特正2,57,5,52,第一金-員林,2023-02-23,5381
1503,士電,54,2,52,第一金-員林,2023-02-23,5381
00664R,國泰臺灣加權反1,40,0,40,第一金-員林,2023-02-23,5381
00885,富邦越南,39,0,39,第一金-員林,2023-02-23,5381
5512,力麒,37,0,37,第一金-員林,2023-02-23,5381
2303,聯電,39,5,34,第一金-員林,2023-02-23,5381
2409,友達,42,8,34,第一金-員林,2023-02-23,5381
00751B,元大AAA至A公司債,31,0,31,第一金-員林,2023-02-23,5381
6148,驊宏資,23,0,23,第一金-員林,2023-02-23,5381
9802,鈺齊-KY,23,0,23,第一金-員林,2023-02-23,5381
00632R,元大台灣50反1,22,0,22,第一金-員林,2023-02-23,5381
00676R,富邦臺灣加權反1,20,0,20,第一金-員林,2023-02-23,5381
2329,華泰,25,5,20,第一金-員林,2023-02-23,5381
6140,訊達,20,0,20,第一金-員林,2023-02-23,5381
2701,萬企,20,3,17,第一金-員林,2023-02-23,5381
2610,華航,16,0,16,第一金-員林,2023-02-23,5381
00679B,元大美債20年,14,0,14,第一金-員林,2023-02-23,5381
00642U,期元大S＆P石油,13,0,13,第一金-員林,2023-02-23,5381
1444,力麗,31,18,13,第一金-員林,2023-02-23,5381
2913,農林,20,7,13,第一金-員林,2023-02-23,5381
2471,資通,14,2,12,第一金-員林,2023-02-23,5381
1609,大亞,11,0,11,第一金-員林,2023-02-23,5381
00772B,中信高評級公司債,11,0,11,第一金-員林,2023-02-23,5381
00665L,富邦�琤肭磪囓�2,11,0,11,第一金-員林,2023-02-23,5381
1506,正道,11,0,11,第一金-員林,2023-02-23,5381
3380,明泰,12,1,11,第一金-員林,2023-02-23,5381
2498,宏達電,15,4,11,第一金-員林,2023-02-23,5381
2887,台新金,10,0,10,第一金-員林,2023-02-23,5381
00650L,復華香港正2,10,0,10,第一金-員林,2023-02-23,5381
00637L,元大滬深300正2,20,10,10,第一金-員林,2023-02-23,5381
2489,瑞軒,10,0,10,第一金-員林,2023-02-23,5381
2630,亞航,10,0,10,第一金-員林,2023-02-23,5381
3406,玉晶光,10,0,10,第一金-員林,2023-02-23,5381
4102,永日,10,0,10,第一金-員林,2023-02-23,5381
5498,凱崴,10,0,10,第一金-員林,2023-02-23,5381
6770,力積電,13,3,10,第一金-員林,2023-02-23,5381
2101,南港,9,0,9,第一金-員林,2023-02-23,5381
2462,良得電,9,0,9,第一金-員林,2023-02-23,5381
2241,艾姆勒,8,0,8,第一金-員林,2023-02-23,5381
2482,連宇,17,9,8,第一金-員林,2023-02-23,5381
6245,立端,8,0,8,第一金-員林,2023-02-23,5381
2308,台達電,7,0,7,第一金-員林,2023-02-23,5381
2539,櫻花建,7,0,7,第一金-員林,2023-02-23,5381
2633,台灣高鐵,7,0,7,第一金-員林,2023-02-23,5381
2634,漢翔,7,0,7,第一金-員林,2023-02-23,5381
4915,致伸,7,0,7,第一金-員林,2023-02-23,5381
6411,晶焱,11,4,7,第一金-員林,2023-02-23,5381
8936,國統,35,28,7,第一金-員林,2023-02-23,5381
00878,國泰永續高股息,14,8,6,第一金-員林,2023-02-23,5381
6116,彩晶,150,0,150,第一金-員林,2023-02-24,5381
2885,元大金,101,0,101,第一金-員林,2023-02-24,5381
00751B,元大AAA至A公司債,87,0,87,第一金-員林,2023-02-24,5381
00878,國泰永續高股息,80,7,73,第一金-員林,2023-02-24,5381
2883,凱基金,60,0,60,第一金-員林,2023-02-24,5381
2601,益航,51,0,51,第一金-員林,2023-02-24,5381
2317,鴻海,44,3,41,第一金-員林,2023-02-24,5381
00664R,國泰臺灣加權反1,40,0,40,第一金-員林,2023-02-24,5381
2609,陽明,52,13,39,第一金-員林,2023-02-24,5381
00637L,元大滬深300正2,34,0,34,第一金-員林,2023-02-24,5381
2606,裕民,32,3,29,第一金-員林,2023-02-24,5381
2614,東森,29,0,29,第一金-員林,2023-02-24,5381
2419,仲琦,30,2,28,第一金-員林,2023-02-24,5381
3037,欣興,28,1,27,第一金-員林,2023-02-24,5381
2388,威盛,44,19,25,第一金-員林,2023-02-24,5381
3356,奇偶,25,0,25,第一金-員林,2023-02-24,5381
00882,中信中國高股息,23,0,23,第一金-員林,2023-02-24,5381
2610,華航,24,1,23,第一金-員林,2023-02-24,5381
6138,茂達,22,0,22,第一金-員林,2023-02-24,5381
00665L,富邦�琤肭磪囓�2,21,0,21,第一金-員林,2023-02-24,5381
2882,國泰金,21,0,21,第一金-員林,2023-02-24,5381
2357,華碩,20,0,20,第一金-員林,2023-02-24,5381
2834,臺企銀,20,0,20,第一金-員林,2023-02-24,5381
3491,昇達科,22,2,20,第一金-員林,2023-02-24,5381
2915,潤泰全,20,1,19,第一金-員林,2023-02-24,5381
00885,富邦越南,16,0,16,第一金-員林,2023-02-24,5381
00633L,富邦上証正2,20,5,15,第一金-員林,2023-02-24,5381
2630,亞航,15,0,15,第一金-員林,2023-02-24,5381
2722,夏都,18,3,15,第一金-員林,2023-02-24,5381
2103,台橡,15,1,14,第一金-員林,2023-02-24,5381
6715,嘉基,14,0,14,第一金-員林,2023-02-24,5381
2615,萬海,18,4,14,第一金-員林,2023-02-24,5381
2376,技嘉,13,0,13,第一金-員林,2023-02-24,5381
3522,御嵿,15,2,13,第一金-員林,2023-02-24,5381
3673,TPK-KY,13,0,13,第一金-員林,2023-02-24,5381
4142,國光生,15,2,13,第一金-員林,2023-02-24,5381
1524,耿鼎,12,0,12,第一金-員林,2023-02-24,5381
1539,巨庭,12,0,12,第一金-員林,2023-02-24,5381
2618,長榮航,14,2,12,第一金-員林,2023-02-24,5381
6147,頎邦,12,0,12,第一金-員林,2023-02-24,5381
8928,鉅明,12,1,11,第一金-員林,2023-02-24,5381
00680L,元大美債20正2,10,0,10,第一金-員林,2023-02-24,5381
00773B,中信優先金融債,10,0,10,第一金-員林,2023-02-24,5381
2889,國票金,10,0,10,第一金-員林,2023-02-24,5381
2323,中環,10,0,10,第一金-員林,2023-02-24,5381
2330,台積電,11,2,9,第一金-員林,2023-02-24,5381
2867,三商壽,41,32,9,第一金-員林,2023-02-24,5381
00772B,中信高評級公司債,10,2,8,第一金-員林,2023-02-24,5381
2880,華南金,8,0,8,第一金-員林,2023-02-24,5381
2892,第一金,10,2,8,第一金-員林,2023-02-24,5381
00751B,元大AAA至A公司債,227,0,227,第一金-員林,2023-03-01,5381
00878,國泰永續高股息,126,2,124,第一金-員林,2023-03-01,5381
1605,華新,119,4,115,第一金-員林,2023-03-01,5381
6116,彩晶,114,0,114,第一金-員林,2023-03-01,5381
8404,百和興業-KY,88,0,88,第一金-員林,2023-03-01,5381
2915,潤泰全,80,0,80,第一金-員林,2023-03-01,5381
2867,三商壽,52,0,52,第一金-員林,2023-03-01,5381
3481,群創,69,18,51,第一金-員林,2023-03-01,5381
1210,大成,52,1,51,第一金-員林,2023-03-01,5381
2344,華邦電,50,0,50,第一金-員林,2023-03-01,5381
00679B,元大美債20年,41,0,41,第一金-員林,2023-03-01,5381
00664R,國泰臺灣加權反1,40,0,40,第一金-員林,2023-03-01,5381
2352,佳世達,38,1,37,第一金-員林,2023-03-01,5381
1101,台泥,37,0,37,第一金-員林,2023-03-01,5381
6770,力積電,38,4,34,第一金-員林,2023-03-01,5381
6167,久正,30,0,30,第一金-員林,2023-03-01,5381
3362,先進光,26,0,26,第一金-員林,2023-03-01,5381
2606,裕民,27,2,25,第一金-員林,2023-03-01,5381
2105,正新,22,1,21,第一金-員林,2023-03-01,5381
6531,愛普*,21,1,20,第一金-員林,2023-03-01,5381
2892,第一金,24,4,20,第一金-員林,2023-03-01,5381
00885,富邦越南,19,0,19,第一金-員林,2023-03-01,5381
3673,TPK-KY,19,1,18,第一金-員林,2023-03-01,5381
5608,四維航,30,12,18,第一金-員林,2023-03-01,5381
1217,愛之味,32,15,17,第一金-員林,2023-03-01,5381
1342,八貫,18,2,16,第一金-員林,2023-03-01,5381
5009,榮剛,15,0,15,第一金-員林,2023-03-01,5381
1103,嘉泥,15,0,15,第一金-員林,2023-03-01,5381
6612,奈米醫材,15,0,15,第一金-員林,2023-03-01,5381
2618,長榮航,15,1,14,第一金-員林,2023-03-01,5381
2409,友達,15,2,13,第一金-員林,2023-03-01,5381
2705,六福,33,20,13,第一金-員林,2023-03-01,5381
2388,威盛,19,6,13,第一金-員林,2023-03-01,5381
1709,和益,12,0,12,第一金-員林,2023-03-01,5381
2605,新興,25,13,12,第一金-員林,2023-03-01,5381
6841,長佳智能,15,3,12,第一金-員林,2023-03-01,5381
2812,台中銀,11,0,11,第一金-員林,2023-03-01,5381
4142,國光生,11,0,11,第一金-員林,2023-03-01,5381
00773B,中信優先金融債,10,0,10,第一金-員林,2023-03-01,5381
3209,全科,10,0,10,第一金-員林,2023-03-01,5381
3466,德晉,10,0,10,第一金-員林,2023-03-01,5381
6176,瑞儀,10,0,10,第一金-員林,2023-03-01,5381
2002,中鋼,11,1,10,第一金-員林,2023-03-01,5381
2641,正德,17,8,9,第一金-員林,2023-03-01,5381
4123,晟德,9,0,9,第一金-員林,2023-03-01,5381
3419,譁裕,8,0,8,第一金-員林,2023-03-01,5381
2014,中鴻,7,0,7,第一金-員林,2023-03-01,5381
00881,國泰台灣5G+,7,0,7,第一金-員林,2023-03-01,5381
1319,東陽,7,0,7,第一金-員林,2023-03-01,5381
1720,生達,7,0,7,第一金-員林,2023-03-01,5381
00878,國泰永續高股息,146,0,146,第一金-員林,2023-03-02,5381
00751B,元大AAA至A公司債,108,0,108,第一金-員林,2023-03-02,5381
00885,富邦越南,108,6,102,第一金-員林,2023-03-02,5381
2609,陽明,131,31,100,第一金-員林,2023-03-02,5381
3231,緯創,100,1,99,第一金-員林,2023-03-02,5381
2883,凱基金,53,0,53,第一金-員林,2023-03-02,5381
3362,先進光,32,0,32,第一金-員林,2023-03-02,5381
8404,百和興業-KY,32,0,32,第一金-員林,2023-03-02,5381
00650L,復華香港正2,30,0,30,第一金-員林,2023-03-02,5381
00679B,元大美債20年,23,0,23,第一金-員林,2023-03-02,5381
00712,復華富時不動產,25,2,23,第一金-員林,2023-03-02,5381
00772B,中信高評級公司債,23,0,23,第一金-員林,2023-03-02,5381
00670L,富邦NASDAQ正2,23,0,23,第一金-員林,2023-03-02,5381
2867,三商壽,21,0,21,第一金-員林,2023-03-02,5381
00632R,元大台灣50反1,20,0,20,第一金-員林,2023-03-02,5381
2458,義隆,20,0,20,第一金-員林,2023-03-02,5381
2723,美食-KY,20,0,20,第一金-員林,2023-03-02,5381
2610,華航,20,1,19,第一金-員林,2023-03-02,5381
2882,國泰金,21,2,19,第一金-員林,2023-03-02,5381
2409,友達,40,22,18,第一金-員林,2023-03-02,5381
4961,天鈺,22,4,18,第一金-員林,2023-03-02,5381
3027,盛達,26,9,17,第一金-員林,2023-03-02,5381
2201,裕隆,15,0,15,第一金-員林,2023-03-02,5381
2352,佳世達,16,1,15,第一金-員林,2023-03-02,5381
2486,一詮,14,0,14,第一金-員林,2023-03-02,5381
3673,TPK-KY,13,1,12,第一金-員林,2023-03-02,5381
4916,事欣科,12,0,12,第一金-員林,2023-03-02,5381
00773B,中信優先金融債,12,0,12,第一金-員林,2023-03-02,5381
2103,台橡,11,0,11,第一金-員林,2023-03-02,5381
00720B,元大投資級公司債,11,0,11,第一金-員林,2023-03-02,5381
1605,華新,21,11,10,第一金-員林,2023-03-02,5381
00898,國泰基因免疫革命,10,0,10,第一金-員林,2023-03-02,5381
00907,永豐優息存股,10,0,10,第一金-員林,2023-03-02,5381
2630,亞航,10,0,10,第一金-員林,2023-03-02,5381
3036,文曄,10,0,10,第一金-員林,2023-03-02,5381
3707,漢磊,10,0,10,第一金-員林,2023-03-02,5381
2606,裕民,20,10,10,第一金-員林,2023-03-02,5381
2618,長榮航,10,1,9,第一金-員林,2023-03-02,5381
2834,臺企銀,20,11,9,第一金-員林,2023-03-02,5381
8088,品安,9,0,9,第一金-員林,2023-03-02,5381
2605,新興,40,31,9,第一金-員林,2023-03-02,5381
2611,志信,9,0,9,第一金-員林,2023-03-02,5381
2886,兆豐金,9,0,9,第一金-員林,2023-03-02,5381
2892,第一金,9,0,9,第一金-員林,2023-03-02,5381
2498,宏達電,13,5,8,第一金-員林,2023-03-02,5381
00680L,元大美債20正2,8,0,8,第一金-員林,2023-03-02,5381
2345,智邦,20,12,8,第一金-員林,2023-03-02,5381
2887,台新金,10,3,7,第一金-員林,2023-03-02,5381
1103,嘉泥,7,0,7,第一金-員林,2023-03-02,5381
00881,國泰台灣5G+,7,0,7,第一金-員林,2023-03-02,5381
2883,凱基金,106,0,106,第一金-員林,2023-03-03,5381
2891,中信金,53,0,53,第一金-員林,2023-03-03,5381
1605,華新,51,2,49,第一金-員林,2023-03-03,5381
2344,華邦電,70,21,49,第一金-員林,2023-03-03,5381
2388,威盛,74,34,40,第一金-員林,2023-03-03,5381
00751B,元大AAA至A公司債,31,0,31,第一金-員林,2023-03-03,5381
2867,三商壽,30,0,30,第一金-員林,2023-03-03,5381
8404,百和興業-KY,30,0,30,第一金-員林,2023-03-03,5381
6112,邁達特,38,9,29,第一金-員林,2023-03-03,5381
2498,宏達電,29,2,27,第一金-員林,2023-03-03,5381
6282,康舒,26,0,26,第一金-員林,2023-03-03,5381
2609,陽明,40,17,23,第一金-員林,2023-03-03,5381
6148,驊宏資,23,0,23,第一金-員林,2023-03-03,5381
00679B,元大美債20年,22,0,22,第一金-員林,2023-03-03,5381
2913,農林,19,2,17,第一金-員林,2023-03-03,5381
2419,仲琦,22,6,16,第一金-員林,2023-03-03,5381
2886,兆豐金,13,0,13,第一金-員林,2023-03-03,5381
1219,福壽,18,6,12,第一金-員林,2023-03-03,5381
2834,臺企銀,15,3,12,第一金-員林,2023-03-03,5381
4915,致伸,13,1,12,第一金-員林,2023-03-03,5381
2484,希華,11,0,11,第一金-員林,2023-03-03,5381
00902,中信電池及儲能,10,0,10,第一金-員林,2023-03-03,5381
1598,岱宇,10,0,10,第一金-員林,2023-03-03,5381
2201,裕隆,10,0,10,第一金-員林,2023-03-03,5381
2611,志信,10,0,10,第一金-員林,2023-03-03,5381
8038,長園科,10,0,10,第一金-員林,2023-03-03,5381
3035,智原,12,3,9,第一金-員林,2023-03-03,5381
8289,泰藝,10,1,9,第一金-員林,2023-03-03,5381
2705,六福,17,8,9,第一金-員林,2023-03-03,5381
5009,榮剛,8,0,8,第一金-員林,2023-03-03,5381
2882,國泰金,10,2,8,第一金-員林,2023-03-03,5381
2607,榮運,8,0,8,第一金-員林,2023-03-03,5381
2641,正德,10,2,8,第一金-員林,2023-03-03,5381
4747,強生,10,2,8,第一金-員林,2023-03-03,5381
6235,華孚,33,25,8,第一金-員林,2023-03-03,5381
1342,八貫,12,5,7,第一金-員林,2023-03-03,5381
5351,鈺創,17,10,7,第一金-員林,2023-03-03,5381
6191,精成科,7,0,7,第一金-員林,2023-03-03,5381
2454,聯發科,7,1,6,第一金-員林,2023-03-03,5381
2892,第一金,7,1,6,第一金-員林,2023-03-03,5381
1708,東鹼,11,5,6,第一金-員林,2023-03-03,5381
1201,味全,6,0,6,第一金-員林,2023-03-03,5381
1752,南光,6,0,6,第一金-員林,2023-03-03,5381
3006,晶豪科,20,14,6,第一金-員林,2023-03-03,5381
3162,精確,16,10,6,第一金-員林,2023-03-03,5381
2330,台積電,7,1,6,第一金-員林,2023-03-03,5381
00664R,國泰臺灣加權反1,5,0,5,第一金-員林,2023-03-03,5381
2634,漢翔,5,0,5,第一金-員林,2023-03-03,5381
2637,慧洋-KY,6,1,5,第一金-員林,2023-03-03,5381
3376,新日興,5,0,5,第一金-員林,2023-03-03,5381
00676R,富邦臺灣加權反1,913,0,913,第一金-員林,2023-03-06,5381
00637L,元大滬深300正2,61,0,61,第一金-員林,2023-03-06,5381
3289,宜特,61,1,60,第一金-員林,2023-03-06,5381
2482,連宇,63,21,42,第一金-員林,2023-03-06,5381
2915,潤泰全,35,0,35,第一金-員林,2023-03-06,5381
3321,同泰,35,2,33,第一金-員林,2023-03-06,5381
8404,百和興業-KY,30,0,30,第一金-員林,2023-03-06,5381
3207,耀勝,32,4,28,第一金-員林,2023-03-06,5381
00885,富邦越南,23,0,23,第一金-員林,2023-03-06,5381
2610,華航,37,16,21,第一金-員林,2023-03-06,5381
00650L,復華香港正2,20,0,20,第一金-員林,2023-03-06,5381
2481,強茂,42,22,20,第一金-員林,2023-03-06,5381
2614,東森,20,0,20,第一金-員林,2023-03-06,5381
2313,華通,17,0,17,第一金-員林,2023-03-06,5381
2498,宏達電,20,3,17,第一金-員林,2023-03-06,5381
00633L,富邦上証正2,15,0,15,第一金-員林,2023-03-06,5381
00665L,富邦�琤肭磪囓�2,15,0,15,第一金-員林,2023-03-06,5381
2241,艾姆勒,15,0,15,第一金-員林,2023-03-06,5381
2329,華泰,15,1,14,第一金-員林,2023-03-06,5381
2615,萬海,23,9,14,第一金-員林,2023-03-06,5381
3035,智原,16,2,14,第一金-員林,2023-03-06,5381
2609,陽明,22,9,13,第一金-員林,2023-03-06,5381
2388,威盛,29,17,12,第一金-員林,2023-03-06,5381
4171,瑞基,12,0,12,第一金-員林,2023-03-06,5381
2891,中信金,11,0,11,第一金-員林,2023-03-06,5381
3356,奇偶,15,4,11,第一金-員林,2023-03-06,5381
6174,安��,12,1,11,第一金-員林,2023-03-06,5381
6244,茂迪,17,6,11,第一金-員林,2023-03-06,5381
00882,中信中國高股息,11,0,11,第一金-員林,2023-03-06,5381
1612,宏泰,10,0,10,第一金-員林,2023-03-06,5381
2363,矽統,10,0,10,第一金-員林,2023-03-06,5381
2451,創見,10,0,10,第一金-員林,2023-03-06,5381
2472,立隆電,10,0,10,第一金-員林,2023-03-06,5381
2867,三商壽,10,0,10,第一金-員林,2023-03-06,5381
3666,光耀,10,0,10,第一金-員林,2023-03-06,5381
4113,聯上,10,0,10,第一金-員林,2023-03-06,5381
8111,立��,10,0,10,第一金-員林,2023-03-06,5381
4105,東洋,9,0,9,第一金-員林,2023-03-06,5381
8105,凌巨,9,0,9,第一金-員林,2023-03-06,5381
4967,十銓,11,3,8,第一金-員林,2023-03-06,5381
1783,和康生,8,0,8,第一金-員林,2023-03-06,5381
2359,所羅門,11,3,8,第一金-員林,2023-03-06,5381
3047,訊舟,8,0,8,第一金-員林,2023-03-06,5381
1319,東陽,7,0,7,第一金-員林,2023-03-06,5381
1605,華新,12,5,7,第一金-員林,2023-03-06,5381
1789,神隆,7,0,7,第一金-員林,2023-03-06,5381
2913,農林,7,0,7,第一金-員林,2023-03-06,5381
5309,系統電,7,0,7,第一金-員林,2023-03-06,5381
2892,第一金,6,0,6,第一金-員林,2023-03-06,5381
2331,精英,6,0,6,第一金-員林,2023-03-06,5381
3481,群創,135,0,135,第一金-員林,2023-03-07,5381
3289,宜特,41,0,41,第一金-員林,2023-03-07,5381
2486,一詮,48,9,39,第一金-員林,2023-03-07,5381
3022,威強電,33,2,31,第一金-員林,2023-03-07,5381
00650L,復華香港正2,30,0,30,第一金-員林,2023-03-07,5381
2241,艾姆勒,26,0,26,第一金-員林,2023-03-07,5381
2867,三商壽,26,0,26,第一金-員林,2023-03-07,5381
2345,智邦,23,1,22,第一金-員林,2023-03-07,5381
2548,華固,21,0,21,第一金-員林,2023-03-07,5381
00673R,期元大S＆P原油反1,20,0,20,第一金-員林,2023-03-07,5381
8404,百和興業-KY,20,0,20,第一金-員林,2023-03-07,5381
4114,健喬,18,0,18,第一金-員林,2023-03-07,5381
6271,同欣電,18,0,18,第一金-員林,2023-03-07,5381
2482,連宇,24,6,18,第一金-員林,2023-03-07,5381
6282,康舒,24,8,16,第一金-員林,2023-03-07,5381
2014,中鴻,15,0,15,第一金-員林,2023-03-07,5381
6234,高僑,18,3,15,第一金-員林,2023-03-07,5381
3037,欣興,17,3,14,第一金-員林,2023-03-07,5381
1319,東陽,12,0,12,第一金-員林,2023-03-07,5381
3624,光頡,13,2,11,第一金-員林,2023-03-07,5381
9962,有益,11,0,11,第一金-員林,2023-03-07,5381
2885,元大金,12,2,10,第一金-員林,2023-03-07,5381
2409,友達,17,7,10,第一金-員林,2023-03-07,5381
00885,富邦越南,10,0,10,第一金-員林,2023-03-07,5381
1316,上曜,10,0,10,第一金-員林,2023-03-07,5381
00907,永豐優息存股,10,0,10,第一金-員林,2023-03-07,5381
00712,復華富時不動產,10,0,10,第一金-員林,2023-03-07,5381
2031,新光鋼,10,0,10,第一金-員林,2023-03-07,5381
2329,華泰,10,0,10,第一金-員林,2023-03-07,5381
2402,毅嘉,10,0,10,第一金-員林,2023-03-07,5381
3666,光耀,10,0,10,第一金-員林,2023-03-07,5381
6167,久正,10,0,10,第一金-員林,2023-03-07,5381
2609,陽明,14,5,9,第一金-員林,2023-03-07,5381
1503,士電,9,0,9,第一金-員林,2023-03-07,5381
3049,精金,9,0,9,第一金-員林,2023-03-07,5381
8215,明基材,10,1,9,第一金-員林,2023-03-07,5381
2481,強茂,50,42,8,第一金-員林,2023-03-07,5381
00637L,元大滬深300正2,12,4,8,第一金-員林,2023-03-07,5381
1762,中化生,8,0,8,第一金-員林,2023-03-07,5381
6245,立端,8,0,8,第一金-員林,2023-03-07,5381
6290,良維,10,2,8,第一金-員林,2023-03-07,5381
4919,新唐,11,4,7,第一金-員林,2023-03-07,5381
2369,菱生,7,0,7,第一金-員林,2023-03-07,5381
3591,艾笛森,7,0,7,第一金-員林,2023-03-07,5381
6509,聚和,9,2,7,第一金-員林,2023-03-07,5381
9105,泰金寶-DR,7,0,7,第一金-員林,2023-03-07,5381
2344,華邦電,8,2,6,第一金-員林,2023-03-07,5381
1708,東鹼,7,1,6,第一金-員林,2023-03-07,5381
2845,遠東銀,6,0,6,第一金-員林,2023-03-07,5381
2913,農林,6,0,6,第一金-員林,2023-03-07,5381
00713,元大台灣高息低波,79,1,78,第一金-員林,2023-03-08,5381
00650L,復華香港正2,61,0,61,第一金-員林,2023-03-08,5381
00632R,元大台灣50反1,50,1,49,第一金-員林,2023-03-08,5381
00664R,國泰臺灣加權反1,40,0,40,第一金-員林,2023-03-08,5381
00637L,元大滬深300正2,35,0,35,第一金-員林,2023-03-08,5381
4551,智伸科,35,0,35,第一金-員林,2023-03-08,5381
3289,宜特,34,2,32,第一金-員林,2023-03-08,5381
2548,華固,29,0,29,第一金-員林,2023-03-08,5381
2481,強茂,33,6,27,第一金-員林,2023-03-08,5381
1514,亞力,43,20,23,第一金-員林,2023-03-08,5381
4976,佳凌,26,3,23,第一金-員林,2023-03-08,5381
9907,統一實,23,0,23,第一金-員林,2023-03-08,5381
2606,裕民,23,1,22,第一金-員林,2023-03-08,5381
1810,和成,26,4,22,第一金-員林,2023-03-08,5381
00923,群益台ESG低碳50,22,0,22,第一金-員林,2023-03-08,5381
6235,華孚,25,4,21,第一金-員林,2023-03-08,5381
2915,潤泰全,20,0,20,第一金-員林,2023-03-08,5381
3029,零壹,20,1,19,第一金-員林,2023-03-08,5381
2609,陽明,28,10,18,第一金-員林,2023-03-08,5381
00878,國泰永續高股息,18,0,18,第一金-員林,2023-03-08,5381
6589,台康生技,19,1,18,第一金-員林,2023-03-08,5381
3290,東浦,17,0,17,第一金-員林,2023-03-08,5381
6112,邁達特,24,7,17,第一金-員林,2023-03-08,5381
8033,雷虎,18,1,17,第一金-員林,2023-03-08,5381
2705,六福,17,0,17,第一金-員林,2023-03-08,5381
4114,健喬,20,4,16,第一金-員林,2023-03-08,5381
3481,群創,28,12,16,第一金-員林,2023-03-08,5381
00633L,富邦上証正2,15,0,15,第一金-員林,2023-03-08,5381
2371,大同,22,7,15,第一金-員林,2023-03-08,5381
6244,茂迪,15,0,15,第一金-員林,2023-03-08,5381
3138,耀登,16,2,14,第一金-員林,2023-03-08,5381
2498,宏達電,15,1,14,第一金-員林,2023-03-08,5381
1605,華新,23,11,12,第一金-員林,2023-03-08,5381
00712,復華富時不動產,11,0,11,第一金-員林,2023-03-08,5381
1503,士電,11,0,11,第一金-員林,2023-03-08,5381
1762,中化生,11,0,11,第一金-員林,2023-03-08,5381
3209,全科,11,0,11,第一金-員林,2023-03-08,5381
8215,明基材,14,3,11,第一金-員林,2023-03-08,5381
2357,華碩,10,0,10,第一金-員林,2023-03-08,5381
2637,慧洋-KY,10,0,10,第一金-員林,2023-03-08,5381
1409,新纖,10,0,10,第一金-員林,2023-03-08,5381
2484,希華,10,0,10,第一金-員林,2023-03-08,5381
2723,美食-KY,10,0,10,第一金-員林,2023-03-08,5381
2883,凱基金,11,1,10,第一金-員林,2023-03-08,5381
3441,聯一光,10,0,10,第一金-員林,2023-03-08,5381
1313,聯成,10,0,10,第一金-員林,2023-03-08,5381
00706L,期元大S＆P日圓正2,9,0,9,第一金-員林,2023-03-08,5381
1701,中化,27,18,9,第一金-員林,2023-03-08,5381
2201,裕隆,11,3,8,第一金-員林,2023-03-08,5381
2344,華邦電,19,11,8,第一金-員林,2023-03-08,5381
2610,華航,116,12,104,第一金-員林,2023-03-09,5381
2883,凱基金,80,10,70,第一金-員林,2023-03-09,5381
2317,鴻海,59,0,59,第一金-員林,2023-03-09,5381
00878,國泰永續高股息,56,0,56,第一金-員林,2023-03-09,5381
3003,健和興,51,0,51,第一金-員林,2023-03-09,5381
2367,燿華,50,0,50,第一金-員林,2023-03-09,5381
6770,力積電,64,20,44,第一金-員林,2023-03-09,5381
2312,金寶,41,0,41,第一金-員林,2023-03-09,5381
2867,三商壽,50,10,40,第一金-員林,2023-03-09,5381
6129,普誠,59,19,40,第一金-員林,2023-03-09,5381
00632R,元大台灣50反1,34,0,34,第一金-員林,2023-03-09,5381
3481,群創,29,2,27,第一金-員林,2023-03-09,5381
3047,訊舟,25,0,25,第一金-員林,2023-03-09,5381
2481,強茂,35,10,25,第一金-員林,2023-03-09,5381
3704,合勤控,25,0,25,第一金-員林,2023-03-09,5381
2038,海光,22,0,22,第一金-員林,2023-03-09,5381
1101,台泥,21,0,21,第一金-員林,2023-03-09,5381
3022,威強電,24,4,20,第一金-員林,2023-03-09,5381
2467,志聖,19,0,19,第一金-員林,2023-03-09,5381
2606,裕民,18,0,18,第一金-員林,2023-03-09,5381
2915,潤泰全,20,5,15,第一金-員林,2023-03-09,5381
6113,亞矽,15,0,15,第一金-員林,2023-03-09,5381
00923,群益台ESG低碳50,14,0,14,第一金-員林,2023-03-09,5381
00650L,復華香港正2,13,0,13,第一金-員林,2023-03-09,5381
2002,中鋼,12,0,12,第一金-員林,2023-03-09,5381
00882,中信中國高股息,12,0,12,第一金-員林,2023-03-09,5381
2482,連宇,28,16,12,第一金-員林,2023-03-09,5381
2890,永豐金,12,0,12,第一金-員林,2023-03-09,5381
3708,上緯投控,12,0,12,第一金-員林,2023-03-09,5381
2888B,新光金乙特,11,0,11,第一金-員林,2023-03-09,5381
2471,資通,24,13,11,第一金-員林,2023-03-09,5381
6016,康和證,11,0,11,第一金-員林,2023-03-09,5381
00712,復華富時不動產,10,0,10,第一金-員林,2023-03-09,5381
2357,華碩,10,0,10,第一金-員林,2023-03-09,5381
1522,堤維西,10,0,10,第一金-員林,2023-03-09,5381
2017,官田鋼,10,0,10,第一金-員林,2023-03-09,5381
2436,偉詮電,10,0,10,第一金-員林,2023-03-09,5381
2440,太空梭,15,5,10,第一金-員林,2023-03-09,5381
2611,志信,11,1,10,第一金-員林,2023-03-09,5381
3710,連展投控,10,0,10,第一金-員林,2023-03-09,5381
6202,盛群,10,0,10,第一金-員林,2023-03-09,5381
2359,所羅門,28,18,10,第一金-員林,2023-03-09,5381
2881,富邦金,10,1,9,第一金-員林,2023-03-09,5381
1584,精剛,33,24,9,第一金-員林,2023-03-09,5381
2385,群光,9,0,9,第一金-員林,2023-03-09,5381
4967,十銓,9,0,9,第一金-員林,2023-03-09,5381
1540,喬福,8,0,8,第一金-員林,2023-03-09,5381
2106,建大,8,0,8,第一金-員林,2023-03-09,5381
2723,美食-KY,10,2,8,第一金-員林,2023-03-09,5381
3324,雙鴻,8,0,8,第一金-員林,2023-03-09,5381
00878,國泰永續高股息,191,1,190,第一金-員林,2023-03-10,5381
2610,華航,84,2,82,第一金-員林,2023-03-10,5381
2891,中信金,57,0,57,第一金-員林,2023-03-10,5381
8404,百和興業-KY,56,0,56,第一金-員林,2023-03-10,5381
2867,三商壽,53,0,53,第一金-員林,2023-03-10,5381
2883,凱基金,52,0,52,第一金-員林,2023-03-10,5381
1605,華新,42,0,42,第一金-員林,2023-03-10,5381
2618,長榮航,47,18,29,第一金-員林,2023-03-10,5381
1101,台泥,27,0,27,第一金-員林,2023-03-10,5381
0056,元大高股息,28,2,26,第一金-員林,2023-03-10,5381
6770,力積電,27,2,25,第一金-員林,2023-03-10,5381
00715L,期街口布蘭特正2,31,10,21,第一金-員林,2023-03-10,5381
6176,瑞儀,20,0,20,第一金-員林,2023-03-10,5381
8069,元太,23,4,19,第一金-員林,2023-03-10,5381
2344,華邦電,30,11,19,第一金-員林,2023-03-10,5381
00713,元大台灣高息低波,19,0,19,第一金-員林,2023-03-10,5381
2884,玉山金,17,0,17,第一金-員林,2023-03-10,5381
00882,中信中國高股息,20,3,17,第一金-員林,2023-03-10,5381
1524,耿鼎,20,3,17,第一金-員林,2023-03-10,5381
2888,新光金,19,2,17,第一金-員林,2023-03-10,5381
1319,東陽,21,5,16,第一金-員林,2023-03-10,5381
2603,長榮,25,9,16,第一金-員林,2023-03-10,5381
2881,富邦金,15,0,15,第一金-員林,2023-03-10,5381
1506,正道,15,0,15,第一金-員林,2023-03-10,5381
3037,欣興,16,2,14,第一金-員林,2023-03-10,5381
2634,漢翔,16,2,14,第一金-員林,2023-03-10,5381
2413,環科,21,8,13,第一金-員林,2023-03-10,5381
8099,大世科,13,0,13,第一金-員林,2023-03-10,5381
9914,美利達,13,0,13,第一金-員林,2023-03-10,5381
2498,宏達電,13,1,12,第一金-員林,2023-03-10,5381
00642U,期元大S＆P石油,12,0,12,第一金-員林,2023-03-10,5381
1313,聯成,12,0,12,第一金-員林,2023-03-10,5381
2880,華南金,11,0,11,第一金-員林,2023-03-10,5381
1709,和益,11,0,11,第一金-員林,2023-03-10,5381
2340,台亞,11,0,11,第一金-員林,2023-03-10,5381
2388,威盛,39,28,11,第一金-員林,2023-03-10,5381
2317,鴻海,14,3,11,第一金-員林,2023-03-10,5381
00665L,富邦�琤肭磪囓�2,10,0,10,第一金-員林,2023-03-10,5381
1907,永豐餘,10,0,10,第一金-員林,2023-03-10,5381
2329,華泰,10,0,10,第一金-員林,2023-03-10,5381
2929,淘帝-KY,15,5,10,第一金-員林,2023-03-10,5381
5469,瀚宇博,10,0,10,第一金-員林,2023-03-10,5381
00923,群益台ESG低碳50,10,1,9,第一金-員林,2023-03-10,5381
2331,精英,10,1,9,第一金-員林,2023-03-10,5381
00896,中信綠能及電動車,8,0,8,第一金-員林,2023-03-10,5381
00885,富邦越南,11,3,8,第一金-員林,2023-03-10,5381
00752,中信中國50,8,0,8,第一金-員林,2023-03-10,5381
2313,華通,14,6,8,第一金-員林,2023-03-10,5381
3260,威剛,12,4,8,第一金-員林,2023-03-10,5381
4142,國光生,10,2,8,第一金-員林,2023-03-10,5381
00878,國泰永續高股息,165,69,96,第一金-員林,2023-03-13,5381
2867,三商壽,80,4,76,第一金-員林,2023-03-13,5381
00648R,元大S＆P500反1,50,0,50,第一金-員林,2023-03-13,5381
2883,凱基金,42,0,42,第一金-員林,2023-03-13,5381
2610,華航,56,18,38,第一金-員林,2023-03-13,5381
2915,潤泰全,35,1,34,第一金-員林,2023-03-13,5381
0056,元大高股息,36,10,26,第一金-員林,2023-03-13,5381
2241,艾姆勒,25,0,25,第一金-員林,2023-03-13,5381
4976,佳凌,25,0,25,第一金-員林,2023-03-13,5381
00712,復華富時不動產,24,1,23,第一金-員林,2023-03-13,5381
00632R,元大台灣50反1,32,10,22,第一金-員林,2023-03-13,5381
00715L,期街口布蘭特正2,26,5,21,第一金-員林,2023-03-13,5381
1605,華新,59,42,17,第一金-員林,2023-03-13,5381
2834,臺企銀,18,1,17,第一金-員林,2023-03-13,5381
4123,晟德,21,4,17,第一金-員林,2023-03-13,5381
3624,光頡,15,1,14,第一金-員林,2023-03-13,5381
9914,美利達,13,0,13,第一金-員林,2023-03-13,5381
1417,嘉裕,12,0,12,第一金-員林,2023-03-13,5381
2388,威盛,12,0,12,第一金-員林,2023-03-13,5381
00751B,元大AAA至A公司債,11,0,11,第一金-員林,2023-03-13,5381
1319,東陽,40,29,11,第一金-員林,2023-03-13,5381
2371,大同,11,0,11,第一金-員林,2023-03-13,5381
2634,漢翔,12,1,11,第一金-員林,2023-03-13,5381
00706L,期元大S＆P日圓正2,10,0,10,第一金-員林,2023-03-13,5381
00637L,元大滬深300正2,10,0,10,第一金-員林,2023-03-13,5381
00665L,富邦�琤肭磪囓�2,10,0,10,第一金-員林,2023-03-13,5381
6167,久正,10,0,10,第一金-員林,2023-03-13,5381
9105,泰金寶-DR,15,5,10,第一金-員林,2023-03-13,5381
2357,華碩,11,1,10,第一金-員林,2023-03-13,5381
00713,元大台灣高息低波,9,0,9,第一金-員林,2023-03-13,5381
2882,國泰金,11,2,9,第一金-員林,2023-03-13,5381
1504,東元,8,0,8,第一金-員林,2023-03-13,5381
4155,訊映,8,0,8,第一金-員林,2023-03-13,5381
3046,建��,66,59,7,第一金-員林,2023-03-13,5381
4113,聯上,7,0,7,第一金-員林,2023-03-13,5381
6235,華孚,15,8,7,第一金-員林,2023-03-13,5381
8088,品安,7,0,7,第一金-員林,2023-03-13,5381
00923,群益台ESG低碳50,6,0,6,第一金-員林,2023-03-13,5381
2409,友達,6,0,6,第一金-員林,2023-03-13,5381
2413,環科,7,1,6,第一金-員林,2023-03-13,5381
2884,玉山金,11,5,6,第一金-員林,2023-03-13,5381
3321,同泰,6,0,6,第一金-員林,2023-03-13,5381
9921,巨大,5,0,5,第一金-員林,2023-03-13,5381
2014,中鴻,5,0,5,第一金-員林,2023-03-13,5381
00772B,中信高評級公司債,5,0,5,第一金-員林,2023-03-13,5381
00650L,復華香港正2,5,0,5,第一金-員林,2023-03-13,5381
1506,正道,6,1,5,第一金-員林,2023-03-13,5381
1519,華城,5,0,5,第一金-員林,2023-03-13,5381
2342,茂矽,5,0,5,第一金-員林,2023-03-13,5381
2404,漢唐,6,1,5,第一金-員林,2023-03-13,5381
1314,中石化,200,0,200,第一金-員林,2023-03-14,5381
00878,國泰永續高股息,216,18,198,第一金-員林,2023-03-14,5381
2867,三商壽,96,0,96,第一金-員林,2023-03-14,5381
2618,長榮航,61,15,46,第一金-員林,2023-03-14,5381
2610,華航,67,31,36,第一金-員林,2023-03-14,5381
1316,上曜,36,0,36,第一金-員林,2023-03-14,5381
2457,飛宏,54,24,30,第一金-員林,2023-03-14,5381
3576,聯合再生,31,2,29,第一金-員林,2023-03-14,5381
00637L,元大滬深300正2,26,0,26,第一金-員林,2023-03-14,5381
00882,中信中國高股息,25,0,25,第一金-員林,2023-03-14,5381
2409,友達,27,3,24,第一金-員林,2023-03-14,5381
2367,燿華,24,0,24,第一金-員林,2023-03-14,5381
3049,精金,25,1,24,第一金-員林,2023-03-14,5381
1605,華新,25,3,22,第一金-員林,2023-03-14,5381
2027,大成鋼,32,10,22,第一金-員林,2023-03-14,5381
2888,新光金,21,0,21,第一金-員林,2023-03-14,5381
3362,先進光,22,1,21,第一金-員林,2023-03-14,5381
2887,台新金,22,2,20,第一金-員林,2023-03-14,5381
2495,普安,19,0,19,第一金-員林,2023-03-14,5381
3380,明泰,20,1,19,第一金-員林,2023-03-14,5381
00679B,元大美債20年,18,0,18,第一金-員林,2023-03-14,5381
00885,富邦越南,18,0,18,第一金-員林,2023-03-14,5381
3481,群創,18,1,17,第一金-員林,2023-03-14,5381
3704,合勤控,16,0,16,第一金-員林,2023-03-14,5381
3162,精確,46,31,15,第一金-員林,2023-03-14,5381
2615,萬海,29,14,15,第一金-員林,2023-03-14,5381
2891,中信金,14,0,14,第一金-員林,2023-03-14,5381
00893,國泰智能電動車,13,0,13,第一金-員林,2023-03-14,5381
00715L,期街口布蘭特正2,21,8,13,第一金-員林,2023-03-14,5381
2915,潤泰全,13,0,13,第一金-員林,2023-03-14,5381
00713,元大台灣高息低波,12,0,12,第一金-員林,2023-03-14,5381
00642U,期元大S＆P石油,12,0,12,第一金-員林,2023-03-14,5381
1709,和益,12,0,12,第一金-員林,2023-03-14,5381
2884,玉山金,12,1,11,第一金-員林,2023-03-14,5381
4142,國光生,11,0,11,第一金-員林,2023-03-14,5381
2889,國票金,18,7,11,第一金-員林,2023-03-14,5381
2357,華碩,10,0,10,第一金-員林,2023-03-14,5381
2105,正新,10,0,10,第一金-員林,2023-03-14,5381
6138,茂達,10,0,10,第一金-員林,2023-03-14,5381
6770,力積電,10,0,10,第一金-員林,2023-03-14,5381
2609,陽明,22,12,10,第一金-員林,2023-03-14,5381
2892,第一金,16,7,9,第一金-員林,2023-03-14,5381
00650L,復華香港正2,9,0,9,第一金-員林,2023-03-14,5381
2880,華南金,8,0,8,第一金-員林,2023-03-14,5381
5880,合庫金,8,0,8,第一金-員林,2023-03-14,5381
2377,微星,8,0,8,第一金-員林,2023-03-14,5381
2427,三商電,8,0,8,第一金-員林,2023-03-14,5381
3264,欣銓,8,0,8,第一金-員林,2023-03-14,5381
4958,臻鼎-KY,8,0,8,第一金-員林,2023-03-14,5381
00902,中信電池及儲能,7,0,7,第一金-員林,2023-03-14,5381
00878,國泰永續高股息,100,14,86,第一金-員林,2023-03-15,5381
2017,官田鋼,97,25,72,第一金-員林,2023-03-15,5381
00715L,期街口布蘭特正2,70,13,57,第一金-員林,2023-03-15,5381
2891,中信金,57,2,55,第一金-員林,2023-03-15,5381
6167,久正,40,0,40,第一金-員林,2023-03-15,5381
1605,華新,52,12,40,第一金-員林,2023-03-15,5381
2883,凱基金,48,11,37,第一金-員林,2023-03-15,5381
00632R,元大台灣50反1,30,0,30,第一金-員林,2023-03-15,5381
00712,復華富時不動產,30,2,28,第一金-員林,2023-03-15,5381
00893,國泰智能電動車,30,3,27,第一金-員林,2023-03-15,5381
2915,潤泰全,32,7,25,第一金-員林,2023-03-15,5381
2482,連宇,36,12,24,第一金-員林,2023-03-15,5381
00772B,中信高評級公司債,23,0,23,第一金-員林,2023-03-15,5381
0056,元大高股息,24,2,22,第一金-員林,2023-03-15,5381
00665L,富邦�琤肭磪囓�2,22,0,22,第一金-員林,2023-03-15,5381
2302,麗正,20,0,20,第一金-員林,2023-03-15,5381
2882,國泰金,21,3,18,第一金-員林,2023-03-15,5381
00679B,元大美債20年,18,1,17,第一金-員林,2023-03-15,5381
2880,華南金,15,0,15,第一金-員林,2023-03-15,5381
00680L,元大美債20正2,15,0,15,第一金-員林,2023-03-15,5381
1459,聯發,13,0,13,第一金-員林,2023-03-15,5381
3481,群創,13,1,12,第一金-員林,2023-03-15,5381
1519,華城,12,0,12,第一金-員林,2023-03-15,5381
4123,晟德,12,0,12,第一金-員林,2023-03-15,5381
2603,長榮,29,18,11,第一金-員林,2023-03-15,5381
2614,東森,14,3,11,第一金-員林,2023-03-15,5381
2610,華航,11,0,11,第一金-員林,2023-03-15,5381
2881,富邦金,14,3,11,第一金-員林,2023-03-15,5381
2329,華泰,11,0,11,第一金-員林,2023-03-15,5381
8112,至上,12,1,11,第一金-員林,2023-03-15,5381
4938,和碩,10,0,10,第一金-員林,2023-03-15,5381
1313,聯成,10,0,10,第一金-員林,2023-03-15,5381
00895,富邦未來車,10,0,10,第一金-員林,2023-03-15,5381
00637L,元大滬深300正2,10,0,10,第一金-員林,2023-03-15,5381
1702,南僑,10,0,10,第一金-員林,2023-03-15,5381
2548,華固,10,0,10,第一金-員林,2023-03-15,5381
2609,陽明,42,32,10,第一金-員林,2023-03-15,5381
6176,瑞儀,10,0,10,第一金-員林,2023-03-15,5381
6612,奈米醫材,10,0,10,第一金-員林,2023-03-15,5381
8404,百和興業-KY,10,0,10,第一金-員林,2023-03-15,5381
2890,永豐金,9,0,9,第一金-員林,2023-03-15,5381
2615,萬海,17,8,9,第一金-員林,2023-03-15,5381
4162,智擎,9,1,8,第一金-員林,2023-03-15,5381
1708,東鹼,10,2,8,第一金-員林,2023-03-15,5381
2201,裕隆,12,4,8,第一金-員林,2023-03-15,5381
3022,威強電,8,0,8,第一金-員林,2023-03-15,5381
4432,銘旺實,8,0,8,第一金-員林,2023-03-15,5381
4916,事欣科,8,0,8,第一金-員林,2023-03-15,5381
00642U,期元大S＆P石油,7,0,7,第一金-員林,2023-03-15,5381
1504,東元,25,18,7,第一金-員林,2023-03-15,5381
6116,彩晶,153,0,153,第一金-員林,2023-03-16,5381
2891,中信金,123,0,123,第一金-員林,2023-03-16,5381
00878,國泰永續高股息,115,6,109,第一金-員林,2023-03-16,5381
00715L,期街口布蘭特正2,127,21,106,第一金-員林,2023-03-16,5381
2867,三商壽,66,0,66,第一金-員林,2023-03-16,5381
3022,威強電,58,0,58,第一金-員林,2023-03-16,5381
2884,玉山金,59,10,49,第一金-員林,2023-03-16,5381
2880,華南金,38,0,38,第一金-員林,2023-03-16,5381
2882,國泰金,44,11,33,第一金-員林,2023-03-16,5381
2834,臺企銀,95,63,32,第一金-員林,2023-03-16,5381
2603,長榮,34,5,29,第一金-員林,2023-03-16,5381
3056,富華新,35,12,23,第一金-員林,2023-03-16,5381
2881,富邦金,20,0,20,第一金-員林,2023-03-16,5381
3209,全科,20,0,20,第一金-員林,2023-03-16,5381
2610,華航,21,2,19,第一金-員林,2023-03-16,5381
6112,邁達特,22,5,17,第一金-員林,2023-03-16,5381
3346,麗清,15,0,15,第一金-員林,2023-03-16,5381
2618,長榮航,12,0,12,第一金-員林,2023-03-16,5381
1570,力肯,12,0,12,第一金-員林,2023-03-16,5381
5009,榮剛,13,1,12,第一金-員林,2023-03-16,5381
2241,艾姆勒,12,1,11,第一金-員林,2023-03-16,5381
2634,漢翔,13,2,11,第一金-員林,2023-03-16,5381
2915,潤泰全,11,0,11,第一金-員林,2023-03-16,5381
00713,元大台灣高息低波,12,2,10,第一金-員林,2023-03-16,5381
1611,中電,25,15,10,第一金-員林,2023-03-16,5381
2017,官田鋼,10,0,10,第一金-員林,2023-03-16,5381
2312,金寶,10,0,10,第一金-員林,2023-03-16,5381
2440,太空梭,10,0,10,第一金-員林,2023-03-16,5381
2548,華固,10,0,10,第一金-員林,2023-03-16,5381
4746,台耀,10,0,10,第一金-員林,2023-03-16,5381
3704,合勤控,10,1,9,第一金-員林,2023-03-16,5381
00882,中信中國高股息,8,0,8,第一金-員林,2023-03-16,5381
1101,台泥,7,0,7,第一金-員林,2023-03-16,5381
6550,北極星藥業-KY,7,0,7,第一金-員林,2023-03-16,5381
2913,農林,7,0,7,第一金-員林,2023-03-16,5381
2330,台積電,8,1,7,第一金-員林,2023-03-16,5381
2892,第一金,6,0,6,第一金-員林,2023-03-16,5381
2317,鴻海,15,9,6,第一金-員林,2023-03-16,5381
2812,台中銀,6,0,6,第一金-員林,2023-03-16,5381
0056,元大高股息,6,0,6,第一金-員林,2023-03-16,5381
2409,友達,10,4,6,第一金-員林,2023-03-16,5381
2313,華通,8,2,6,第一金-員林,2023-03-16,5381
4168,醣聯,9,3,6,第一金-員林,2023-03-16,5381
8936,國統,6,0,6,第一金-員林,2023-03-16,5381
5880,合庫金,6,0,6,第一金-員林,2023-03-16,5381
6799,來頡,9,3,6,第一金-員林,2023-03-16,5381
3049,精金,6,1,5,第一金-員林,2023-03-16,5381
1795,美時,7,2,5,第一金-員林,2023-03-16,5381
5706,鳳凰,6,1,5,第一金-員林,2023-03-16,5381
1309,台達化,5,0,5,第一金-員林,2023-03-16,5381
00902,中信電池及儲能,177,0,177,第一金-員林,2023-03-17,5381
00632R,元大台灣50反1,85,0,85,第一金-員林,2023-03-17,5381
2834,臺企銀,45,0,45,第一金-員林,2023-03-17,5381
2880,華南金,43,2,41,第一金-員林,2023-03-17,5381
00878,國泰永續高股息,39,2,37,第一金-員林,2023-03-17,5381
00715L,期街口布蘭特正2,40,5,35,第一金-員林,2023-03-17,5381
3056,富華新,48,13,35,第一金-員林,2023-03-17,5381
6244,茂迪,59,27,32,第一金-員林,2023-03-17,5381
2884,玉山金,31,0,31,第一金-員林,2023-03-17,5381
2548,華固,30,0,30,第一金-員林,2023-03-17,5381
4967,十銓,32,8,24,第一金-員林,2023-03-17,5381
3290,東浦,22,0,22,第一金-員林,2023-03-17,5381
1316,上曜,25,5,20,第一金-員林,2023-03-17,5381
1417,嘉裕,20,0,20,第一金-員林,2023-03-17,5381
2883,凱基金,15,0,15,第一金-員林,2023-03-17,5381
2890,永豐金,14,0,14,第一金-員林,2023-03-17,5381
00679B,元大美債20年,19,5,14,第一金-員林,2023-03-17,5381
2539,櫻花建,15,1,14,第一金-員林,2023-03-17,5381
00637L,元大滬深300正2,15,2,13,第一金-員林,2023-03-17,5381
2618,長榮航,23,10,13,第一金-員林,2023-03-17,5381
00712,復華富時不動產,11,0,11,第一金-員林,2023-03-17,5381
2241,艾姆勒,11,0,11,第一金-員林,2023-03-17,5381
2891,中信金,10,0,10,第一金-員林,2023-03-17,5381
2402,毅嘉,10,0,10,第一金-員林,2023-03-17,5381
4934,太極,12,2,10,第一金-員林,2023-03-17,5381
9945,潤泰新,10,0,10,第一金-員林,2023-03-17,5381
2892,第一金,8,0,8,第一金-員林,2023-03-17,5381
2851,中再保,8,0,8,第一金-員林,2023-03-17,5381
3481,群創,27,19,8,第一金-員林,2023-03-17,5381
5608,四維航,8,0,8,第一金-員林,2023-03-17,5381
6182,合晶,8,0,8,第一金-員林,2023-03-17,5381
2812,台中銀,7,0,7,第一金-員林,2023-03-17,5381
3003,健和興,7,0,7,第一金-員林,2023-03-17,5381
6531,愛普*,9,2,7,第一金-員林,2023-03-17,5381
2889,國票金,6,0,6,第一金-員林,2023-03-17,5381
2392,正崴,17,11,6,第一金-員林,2023-03-17,5381
3321,同泰,6,0,6,第一金-員林,2023-03-17,5381
5388,中磊,6,0,6,第一金-員林,2023-03-17,5381
9904,寶成,6,0,6,第一金-員林,2023-03-17,5381
1795,美時,6,0,6,第一金-員林,2023-03-17,5381
2603,長榮,6,1,5,第一金-員林,2023-03-17,5381
2887,台新金,5,0,5,第一金-員林,2023-03-17,5381
1219,福壽,5,0,5,第一金-員林,2023-03-17,5381
00680L,元大美債20正2,5,0,5,第一金-員林,2023-03-17,5381
00706L,期元大S＆P日圓正2,5,0,5,第一金-員林,2023-03-17,5381
2867,三商壽,5,0,5,第一金-員林,2023-03-17,5381
2881,富邦金,5,0,5,第一金-員林,2023-03-17,5381
2913,農林,6,1,5,第一金-員林,2023-03-17,5381
3704,合勤控,5,0,5,第一金-員林,2023-03-17,5381
6235,華孚,29,24,5,第一金-員林,2023-03-17,5381
00878,國泰永續高股息,131,1,130,第一金-員林,2023-03-20,5381
2457,飛宏,73,5,68,第一金-員林,2023-03-20,5381
2883,凱基金,37,0,37,第一金-員林,2023-03-20,5381
4934,太極,30,0,30,第一金-員林,2023-03-20,5381
4113,聯上,26,0,26,第一金-員林,2023-03-20,5381
2915,潤泰全,21,0,21,第一金-員林,2023-03-20,5381
1540,喬福,20,0,20,第一金-員林,2023-03-20,5381
6733,博晟生醫,20,2,18,第一金-員林,2023-03-20,5381
3481,群創,17,0,17,第一金-員林,2023-03-20,5381
00715L,期街口布蘭特正2,83,67,16,第一金-員林,2023-03-20,5381
2882,國泰金,15,0,15,第一金-員林,2023-03-20,5381
2888,新光金,13,0,13,第一金-員林,2023-03-20,5381
2881,富邦金,16,3,13,第一金-員林,2023-03-20,5381
00885,富邦越南,13,1,12,第一金-員林,2023-03-20,5381
3317,尼克森,11,0,11,第一金-員林,2023-03-20,5381
2892,第一金,11,1,10,第一金-員林,2023-03-20,5381
5488,松普,10,0,10,第一金-員林,2023-03-20,5381
00633L,富邦上証正2,20,10,10,第一金-員林,2023-03-20,5381
1304,台聚,10,0,10,第一金-員林,2023-03-20,5381
1316,上曜,10,0,10,第一金-員林,2023-03-20,5381
2302,麗正,35,25,10,第一金-員林,2023-03-20,5381
2357,華碩,10,0,10,第一金-員林,2023-03-20,5381
6443,元晶,19,9,10,第一金-員林,2023-03-20,5381
2317,鴻海,12,3,9,第一金-員林,2023-03-20,5381
0050,元大台灣50,9,0,9,第一金-員林,2023-03-20,5381
8936,國統,10,1,9,第一金-員林,2023-03-20,5381
3576,聯合再生,11,3,8,第一金-員林,2023-03-20,5381
00900,富邦特選高股息30,8,0,8,第一金-員林,2023-03-20,5381
2486,一詮,13,5,8,第一金-員林,2023-03-20,5381
3056,富華新,8,0,8,第一金-員林,2023-03-20,5381
4916,事欣科,14,6,8,第一金-員林,2023-03-20,5381
1513,中興電,61,53,8,第一金-員林,2023-03-20,5381
2208,台船,7,0,7,第一金-員林,2023-03-20,5381
8289,泰藝,10,3,7,第一金-員林,2023-03-20,5381
3035,智原,7,1,6,第一金-員林,2023-03-20,5381
2484,希華,6,0,6,第一金-員林,2023-03-20,5381
00772B,中信高評級公司債,6,0,6,第一金-員林,2023-03-20,5381
00678,群益那斯達克生技,6,0,6,第一金-員林,2023-03-20,5381
2106,建大,6,0,6,第一金-員林,2023-03-20,5381
6290,良維,5,0,5,第一金-員林,2023-03-20,5381
00637L,元大滬深300正2,7,2,5,第一金-員林,2023-03-20,5381
00713,元大台灣高息低波,14,9,5,第一金-員林,2023-03-20,5381
1609,大亞,7,2,5,第一金-員林,2023-03-20,5381
2913,農林,5,0,5,第一金-員林,2023-03-20,5381
3346,麗清,10,5,5,第一金-員林,2023-03-20,5381
3714,富采,5,0,5,第一金-員林,2023-03-20,5381
6127,九豪,5,0,5,第一金-員林,2023-03-20,5381
2834,臺企銀,19,15,4,第一金-員林,2023-03-20,5381
1605,華新,4,0,4,第一金-員林,2023-03-20,5381
00882,中信中國高股息,4,0,4,第一金-員林,2023-03-20,5381
2834,臺企銀,174,11,163,第一金-員林,2023-03-21,5381
00885,富邦越南,60,0,60,第一金-員林,2023-03-21,5381
3094,聯傑,51,0,51,第一金-員林,2023-03-21,5381
9105,泰金寶-DR,50,0,50,第一金-員林,2023-03-21,5381
3207,耀勝,32,0,32,第一金-員林,2023-03-21,5381
2486,一詮,32,11,21,第一金-員林,2023-03-21,5381
00642U,期元大S＆P石油,20,0,20,第一金-員林,2023-03-21,5381
00680L,元大美債20正2,19,0,19,第一金-員林,2023-03-21,5381
00679B,元大美債20年,19,0,19,第一金-員林,2023-03-21,5381
4113,聯上,18,0,18,第一金-員林,2023-03-21,5381
1316,上曜,16,0,16,第一金-員林,2023-03-21,5381
00712,復華富時不動產,14,0,14,第一金-員林,2023-03-21,5381
2618,長榮航,15,1,14,第一金-員林,2023-03-21,5381
2883,凱基金,13,0,13,第一金-員林,2023-03-21,5381
3576,聯合再生,12,0,12,第一金-員林,2023-03-21,5381
00882,中信中國高股息,11,0,11,第一金-員林,2023-03-21,5381
3501,維熹,11,0,11,第一金-員林,2023-03-21,5381
5351,鈺創,16,5,11,第一金-員林,2023-03-21,5381
6191,精成科,13,2,11,第一金-員林,2023-03-21,5381
8289,泰藝,11,0,11,第一金-員林,2023-03-21,5381
9945,潤泰新,11,1,10,第一金-員林,2023-03-21,5381
1342,八貫,10,0,10,第一金-員林,2023-03-21,5381
00665L,富邦�琤肭磪囓�2,10,0,10,第一金-員林,2023-03-21,5381
1702,南僑,10,0,10,第一金-員林,2023-03-21,5381
1712,興農,10,0,10,第一金-員林,2023-03-21,5381
3013,晟銘電,12,2,10,第一金-員林,2023-03-21,5381
3056,富華新,11,1,10,第一金-員林,2023-03-21,5381
4973,廣穎,10,0,10,第一金-員林,2023-03-21,5381
8069,元太,10,0,10,第一金-員林,2023-03-21,5381
1603,華電,9,0,9,第一金-員林,2023-03-21,5381
2888,新光金,16,8,8,第一金-員林,2023-03-21,5381
2641,正德,8,0,8,第一金-員林,2023-03-21,5381
3260,威剛,10,2,8,第一金-員林,2023-03-21,5381
3321,同泰,8,0,8,第一金-員林,2023-03-21,5381
3594,磐儀,8,0,8,第一金-員林,2023-03-21,5381
2419,仲琦,7,0,7,第一金-員林,2023-03-21,5381
2897,王道銀行,7,0,7,第一金-員林,2023-03-21,5381
6235,華孚,12,5,7,第一金-員林,2023-03-21,5381
2887,台新金,6,0,6,第一金-員林,2023-03-21,5381
2891,中信金,6,0,6,第一金-員林,2023-03-21,5381
00715L,期街口布蘭特正2,11,5,6,第一金-員林,2023-03-21,5381
3714,富采,7,1,6,第一金-員林,2023-03-21,5381
6275,元山,6,0,6,第一金-員林,2023-03-21,5381
8936,國統,6,0,6,第一金-員林,2023-03-21,5381
00671R,富邦NASDAQ反1,5,0,5,第一金-員林,2023-03-21,5381
3033,威健,5,0,5,第一金-員林,2023-03-21,5381
3419,譁裕,5,0,5,第一金-員林,2023-03-21,5381
3591,艾笛森,5,0,5,第一金-員林,2023-03-21,5381
3704,合勤控,5,0,5,第一金-員林,2023-03-21,5381
6152,百一,5,0,5,第一金-員林,2023-03-21,5381
00632R,元大台灣50反1,95,0,95,第一金-員林,2023-03-22,5381
2881,富邦金,79,4,75,第一金-員林,2023-03-22,5381
1513,中興電,73,6,67,第一金-員林,2023-03-22,5381
5272,笙科,56,0,56,第一金-員林,2023-03-22,5381
1524,耿鼎,69,19,50,第一金-員林,2023-03-22,5381
3322,建舜電,55,7,48,第一金-員林,2023-03-22,5381
4113,聯上,37,0,37,第一金-員林,2023-03-22,5381
3481,群創,38,4,34,第一金-員林,2023-03-22,5381
00676R,富邦臺灣加權反1,30,0,30,第一金-員林,2023-03-22,5381
8404,百和興業-KY,26,0,26,第一金-員林,2023-03-22,5381
00633L,富邦上証正2,20,0,20,第一金-員林,2023-03-22,5381
2915,潤泰全,22,2,20,第一金-員林,2023-03-22,5381
5410,國眾,25,5,20,第一金-員林,2023-03-22,5381
3346,麗清,20,2,18,第一金-員林,2023-03-22,5381
3715,定穎投控,18,0,18,第一金-員林,2023-03-22,5381
1611,中電,17,0,17,第一金-員林,2023-03-22,5381
9945,潤泰新,15,1,14,第一金-員林,2023-03-22,5381
2467,志聖,14,0,14,第一金-員林,2023-03-22,5381
00680L,元大美債20正2,14,0,14,第一金-員林,2023-03-22,5381
2427,三商電,13,0,13,第一金-員林,2023-03-22,5381
3646,艾恩特,12,0,12,第一金-員林,2023-03-22,5381
00923,群益台ESG低碳50,12,0,12,第一金-員林,2023-03-22,5381
9110,越南控-DR,12,0,12,第一金-員林,2023-03-22,5381
2455,全新,11,0,11,第一金-員林,2023-03-22,5381
00715L,期街口布蘭特正2,19,8,11,第一金-員林,2023-03-22,5381
6223,旺矽,12,1,11,第一金-員林,2023-03-22,5381
2014,中鴻,10,0,10,第一金-員林,2023-03-22,5381
2419,仲琦,10,0,10,第一金-員林,2023-03-22,5381
2812,台中銀,10,0,10,第一金-員林,2023-03-22,5381
3011,今皓,30,20,10,第一金-員林,2023-03-22,5381
3031,佰鴻,10,0,10,第一金-員林,2023-03-22,5381
3048,益登,10,0,10,第一金-員林,2023-03-22,5381
3056,富華新,10,0,10,第一金-員林,2023-03-22,5381
3466,德晉,10,0,10,第一金-員林,2023-03-22,5381
1504,東元,20,11,9,第一金-員林,2023-03-22,5381
1529,樂事綠能,12,3,9,第一金-員林,2023-03-22,5381
6266,泰詠,11,2,9,第一金-員林,2023-03-22,5381
2609,陽明,11,3,8,第一金-員林,2023-03-22,5381
2882,國泰金,10,2,8,第一金-員林,2023-03-22,5381
8210,勤誠,8,0,8,第一金-員林,2023-03-22,5381
2884,玉山金,10,3,7,第一金-員林,2023-03-22,5381
2208,台船,7,0,7,第一金-員林,2023-03-22,5381
2337,旺宏,7,0,7,第一金-員林,2023-03-22,5381
2641,正德,7,0,7,第一金-員林,2023-03-22,5381
3666,光耀,7,0,7,第一金-員林,2023-03-22,5381
8069,元太,11,4,7,第一金-員林,2023-03-22,5381
1701,中化,6,0,6,第一金-員林,2023-03-22,5381
2101,南港,7,1,6,第一金-員林,2023-03-22,5381
2497,怡利電,6,0,6,第一金-員林,2023-03-22,5381
6282,康舒,10,4,6,第一金-員林,2023-03-22,5381
00632R,元大台灣50反1,569,0,569,第一金-員林,2023-03-23,5381
3322,建舜電,111,51,60,第一金-員林,2023-03-23,5381
8431,匯鑽科,54,0,54,第一金-員林,2023-03-23,5381
2342,茂矽,53,1,52,第一金-員林,2023-03-23,5381
2027,大成鋼,20,0,20,第一金-員林,2023-03-23,5381
6109,亞元,26,7,19,第一金-員林,2023-03-23,5381
5351,鈺創,25,8,17,第一金-員林,2023-03-23,5381
3029,零壹,17,1,16,第一金-員林,2023-03-23,5381
3481,群創,31,15,16,第一金-員林,2023-03-23,5381
8936,國統,16,0,16,第一金-員林,2023-03-23,5381
00679B,元大美債20年,15,0,15,第一金-員林,2023-03-23,5381
2201,裕隆,25,11,14,第一金-員林,2023-03-23,5381
2368,金像電,13,0,13,第一金-員林,2023-03-23,5381
3035,智原,13,0,13,第一金-員林,2023-03-23,5381
3071,協禧,13,0,13,第一金-員林,2023-03-23,5381
00900,富邦特選高股息30,21,8,13,第一金-員林,2023-03-23,5381
00773B,中信優先金融債,12,0,12,第一金-員林,2023-03-23,5381
3078,僑威,11,0,11,第一金-員林,2023-03-23,5381
00885,富邦越南,10,0,10,第一金-員林,2023-03-23,5381
00772B,中信高評級公司債,10,0,10,第一金-員林,2023-03-23,5381
2489,瑞軒,11,1,10,第一金-員林,2023-03-23,5381
4995,晶達,10,0,10,第一金-員林,2023-03-23,5381
5706,鳳凰,10,0,10,第一金-員林,2023-03-23,5381
6223,旺矽,21,11,10,第一金-員林,2023-03-23,5381
6531,愛普*,11,1,10,第一金-員林,2023-03-23,5381
8404,百和興業-KY,10,0,10,第一金-員林,2023-03-23,5381
2034,允強,10,0,10,第一金-員林,2023-03-23,5381
00877,復華中國5G,10,1,9,第一金-員林,2023-03-23,5381
1453,大將,10,1,9,第一金-員林,2023-03-23,5381
6508,惠光,9,0,9,第一金-員林,2023-03-23,5381
2402,毅嘉,75,67,8,第一金-員林,2023-03-23,5381
2867,三商壽,8,0,8,第一金-員林,2023-03-23,5381
5425,台半,12,4,8,第一金-員林,2023-03-23,5381
5475,德宏,18,10,8,第一金-員林,2023-03-23,5381
8049,晶采,8,0,8,第一金-員林,2023-03-23,5381
2340,台亞,7,0,7,第一金-員林,2023-03-23,5381
2645,長榮航太,7,0,7,第一金-員林,2023-03-23,5381
3114,好德,7,0,7,第一金-員林,2023-03-23,5381
3576,聯合再生,7,0,7,第一金-員林,2023-03-23,5381
3625,西勝,7,0,7,第一金-員林,2023-03-23,5381
9939,宏全,7,0,7,第一金-員林,2023-03-23,5381
00712,復華富時不動產,6,0,6,第一金-員林,2023-03-23,5381
2241,艾姆勒,6,0,6,第一金-員林,2023-03-23,5381
2913,農林,6,0,6,第一金-員林,2023-03-23,5381
3017,奇鋐,7,1,6,第一金-員林,2023-03-23,5381
3466,德晉,6,0,6,第一金-員林,2023-03-23,5381
8054,安國,6,0,6,第一金-員林,2023-03-23,5381
2890,永豐金,5,0,5,第一金-員林,2023-03-23,5381
00895,富邦未來車,6,1,5,第一金-員林,2023-03-23,5381
00673R,期元大S＆P原油反1,5,0,5,第一金-員林,2023-03-23,5381
00632R,元大台灣50反1,75,0,75,第一金-員林,2023-03-24,5381
3322,建舜電,50,2,48,第一金-員林,2023-03-24,5381
1609,大亞,61,22,39,第一金-員林,2023-03-24,5381
1513,中興電,40,10,30,第一金-員林,2023-03-24,5381
3049,精金,27,0,27,第一金-員林,2023-03-24,5381
8024,佑華,36,11,25,第一金-員林,2023-03-24,5381
2883,凱基金,24,0,24,第一金-員林,2023-03-24,5381
3231,緯創,33,11,22,第一金-員林,2023-03-24,5381
5009,榮剛,20,0,20,第一金-員林,2023-03-24,5381
3005,神基,20,0,20,第一金-員林,2023-03-24,5381
6770,力積電,20,2,18,第一金-員林,2023-03-24,5381
2915,潤泰全,15,0,15,第一金-員林,2023-03-24,5381
2618,長榮航,18,4,14,第一金-員林,2023-03-24,5381
4306,炎洲,14,0,14,第一金-員林,2023-03-24,5381
3346,麗清,48,35,13,第一金-員林,2023-03-24,5381
2882,國泰金,13,0,13,第一金-員林,2023-03-24,5381
8038,長園科,12,0,12,第一金-員林,2023-03-24,5381
00679B,元大美債20年,12,1,11,第一金-員林,2023-03-24,5381
1611,中電,11,0,11,第一金-員林,2023-03-24,5381
2883B,凱基金乙特,11,0,11,第一金-員林,2023-03-24,5381
1217,愛之味,10,0,10,第一金-員林,2023-03-24,5381
2027,大成鋼,10,0,10,第一金-員林,2023-03-24,5381
2305,全友,10,0,10,第一金-員林,2023-03-24,5381
2406,國碩,10,0,10,第一金-員林,2023-03-24,5381
2408,南亞科,20,10,10,第一金-員林,2023-03-24,5381
2867,三商壽,10,0,10,第一金-員林,2023-03-24,5381
4532,瑞智,10,0,10,第一金-員林,2023-03-24,5381
1605,華新,37,28,9,第一金-員林,2023-03-24,5381
2201,裕隆,19,10,9,第一金-員林,2023-03-24,5381
2482,連宇,10,1,9,第一金-員林,2023-03-24,5381
3013,晟銘電,10,1,9,第一金-員林,2023-03-24,5381
00712,復華富時不動產,8,0,8,第一金-員林,2023-03-24,5381
3056,富華新,8,0,8,第一金-員林,2023-03-24,5381
8088,品安,18,10,8,第一金-員林,2023-03-24,5381
3189,景碩,11,3,8,第一金-員林,2023-03-24,5381
2634,漢翔,12,5,7,第一金-員林,2023-03-24,5381
4763,材料-KY,7,0,7,第一金-員林,2023-03-24,5381
6733,博晟生醫,22,15,7,第一金-員林,2023-03-24,5381
9939,宏全,7,0,7,第一金-員林,2023-03-24,5381
00713,元大台灣高息低波,6,0,6,第一金-員林,2023-03-24,5381
00751B,元大AAA至A公司債,6,0,6,第一金-員林,2023-03-24,5381
1909,榮成,6,0,6,第一金-員林,2023-03-24,5381
3712,永崴投控,8,2,6,第一金-員林,2023-03-24,5381
4503,金雨,6,0,6,第一金-員林,2023-03-24,5381
8121,越峰,6,0,6,第一金-員林,2023-03-24,5381
2890,永豐金,5,0,5,第一金-員林,2023-03-24,5381
00752,中信中國50,5,0,5,第一金-員林,2023-03-24,5381
1301,台塑,5,0,5,第一金-員林,2023-03-24,5381
1316,上曜,15,10,5,第一金-員林,2023-03-24,5381
1529,樂事綠能,9,4,5,第一金-員林,2023-03-24,5381
2867,三商壽,180,0,180,第一金-員林,2023-03-27,5381
00882,中信中國高股息,116,0,116,第一金-員林,2023-03-27,5381
1605,華新,112,25,87,第一金-員林,2023-03-27,5381
3230,錦明,82,0,82,第一金-員林,2023-03-27,5381
2618,長榮航,59,3,56,第一金-員林,2023-03-27,5381
4916,事欣科,56,14,42,第一金-員林,2023-03-27,5381
2461,光群雷,29,0,29,第一金-員林,2023-03-27,5381
2105,正新,32,6,26,第一金-員林,2023-03-27,5381
2634,漢翔,39,15,24,第一金-員林,2023-03-27,5381
3714,富采,20,0,20,第一金-員林,2023-03-27,5381
00637L,元大滬深300正2,24,4,20,第一金-員林,2023-03-27,5381
2342,茂矽,27,7,20,第一金-員林,2023-03-27,5381
6733,博晟生醫,18,0,18,第一金-員林,2023-03-27,5381
3653,健策,16,1,15,第一金-員林,2023-03-27,5381
1504,東元,37,22,15,第一金-員林,2023-03-27,5381
2317,鴻海,15,0,15,第一金-員林,2023-03-27,5381
6443,元晶,36,22,14,第一金-員林,2023-03-27,5381
2201,裕隆,14,1,13,第一金-員林,2023-03-27,5381
2344,華邦電,13,0,13,第一金-員林,2023-03-27,5381
00922,國泰台灣領袖50,19,7,12,第一金-員林,2023-03-27,5381
3322,建舜電,13,1,12,第一金-員林,2023-03-27,5381
2491,吉祥全,14,2,12,第一金-員林,2023-03-27,5381
3035,智原,16,4,12,第一金-員林,2023-03-27,5381
1101,台泥,13,2,11,第一金-員林,2023-03-27,5381
2882,國泰金,11,0,11,第一金-員林,2023-03-27,5381
6288,聯嘉,11,0,11,第一金-員林,2023-03-27,5381
2014,中鴻,10,0,10,第一金-員林,2023-03-27,5381
2542,興富發,10,0,10,第一金-員林,2023-03-27,5381
8131,福懋科,10,0,10,第一金-員林,2023-03-27,5381
9935,慶豐富,10,0,10,第一金-員林,2023-03-27,5381
2748,雲品,10,1,9,第一金-員林,2023-03-27,5381
2002,中鋼,9,0,9,第一金-員林,2023-03-27,5381
2723,美食-KY,10,1,9,第一金-員林,2023-03-27,5381
3483,力致,19,11,8,第一金-員林,2023-03-27,5381
8299,群聯,9,1,8,第一金-員林,2023-03-27,5381
6269,台郡,7,0,7,第一金-員林,2023-03-27,5381
3499,環天科,9,2,7,第一金-員林,2023-03-27,5381
00715L,期街口布蘭特正2,6,0,6,第一金-員林,2023-03-27,5381
00680L,元大美債20正2,6,0,6,第一金-員林,2023-03-27,5381
2241,艾姆勒,6,0,6,第一金-員林,2023-03-27,5381
2441,超豐,6,0,6,第一金-員林,2023-03-27,5381
3624,光頡,6,0,6,第一金-員林,2023-03-27,5381
6415,矽力*-KY,7,1,6,第一金-員林,2023-03-27,5381
6689,伊雲谷,6,0,6,第一金-員林,2023-03-27,5381
1434,福懋,5,0,5,第一金-員林,2023-03-27,5381
00885,富邦越南,5,0,5,第一金-員林,2023-03-27,5381
00633L,富邦上証正2,5,0,5,第一金-員林,2023-03-27,5381
00673R,期元大S＆P原油反1,5,0,5,第一金-員林,2023-03-27,5381
2880,華南金,5,0,5,第一金-員林,2023-03-27,5381
2891,中信金,5,0,5,第一金-員林,2023-03-27,5381
2867,三商壽,156,0,156,第一金-員林,2023-03-28,5381
00679B,元大美債20年,49,0,49,第一金-員林,2023-03-28,5381
2340,台亞,47,4,43,第一金-員林,2023-03-28,5381
1605,華新,104,66,38,第一金-員林,2023-03-28,5381
00882,中信中國高股息,22,0,22,第一金-員林,2023-03-28,5381
2440,太空梭,21,0,21,第一金-員林,2023-03-28,5381
1516,川飛,20,0,20,第一金-員林,2023-03-28,5381
3624,光頡,98,78,20,第一金-員林,2023-03-28,5381
8038,長園科,20,1,19,第一金-員林,2023-03-28,5381
2342,茂矽,30,11,19,第一金-員林,2023-03-28,5381
00772B,中信高評級公司債,18,0,18,第一金-員林,2023-03-28,5381
3047,訊舟,17,0,17,第一金-員林,2023-03-28,5381
00712,復華富時不動產,16,0,16,第一金-員林,2023-03-28,5381
1584,精剛,19,6,13,第一金-員林,2023-03-28,5381
00751B,元大AAA至A公司債,12,0,12,第一金-員林,2023-03-28,5381
00720B,元大投資級公司債,31,20,11,第一金-員林,2023-03-28,5381
2409,友達,11,0,11,第一金-員林,2023-03-28,5381
1438,三地開發,10,0,10,第一金-員林,2023-03-28,5381
00665L,富邦�琤肭磪囓�2,10,0,10,第一金-員林,2023-03-28,5381
2462,良得電,10,0,10,第一金-員林,2023-03-28,5381
2748,雲品,10,0,10,第一金-員林,2023-03-28,5381
3653,健策,11,1,10,第一金-員林,2023-03-28,5381
00650L,復華香港正2,9,0,9,第一金-員林,2023-03-28,5381
00680L,元大美債20正2,9,0,9,第一金-員林,2023-03-28,5381
00885,富邦越南,14,5,9,第一金-員林,2023-03-28,5381
9939,宏全,9,0,9,第一金-員林,2023-03-28,5381
4306,炎洲,8,0,8,第一金-員林,2023-03-28,5381
2105,正新,11,3,8,第一金-員林,2023-03-28,5381
2408,南亞科,10,2,8,第一金-員林,2023-03-28,5381
2484,希華,8,0,8,第一金-員林,2023-03-28,5381
6191,精成科,10,2,8,第一金-員林,2023-03-28,5381
8046,南電,9,2,7,第一金-員林,2023-03-28,5381
4113,聯上,7,0,7,第一金-員林,2023-03-28,5381
5475,德宏,7,0,7,第一金-員林,2023-03-28,5381
1101,台泥,10,3,7,第一金-員林,2023-03-28,5381
3105,穩懋,7,1,6,第一金-員林,2023-03-28,5381
2308,台達電,8,2,6,第一金-員林,2023-03-28,5381
2405,輔信,6,0,6,第一金-員林,2023-03-28,5381
2468,華經,6,0,6,第一金-員林,2023-03-28,5381
3501,維熹,11,5,6,第一金-員林,2023-03-28,5381
5009,榮剛,6,0,6,第一金-員林,2023-03-28,5381
5225,東科-KY,9,3,6,第一金-員林,2023-03-28,5381
1432,大魯閣,5,0,5,第一金-員林,2023-03-28,5381
00900,富邦特選高股息30,5,0,5,第一金-員林,2023-03-28,5381
1319,東陽,5,0,5,第一金-員林,2023-03-28,5381
1316,上曜,25,20,5,第一金-員林,2023-03-28,5381
1909,榮成,5,0,5,第一金-員林,2023-03-28,5381
2027,大成鋼,5,0,5,第一金-員林,2023-03-28,5381
2201,裕隆,5,0,5,第一金-員林,2023-03-28,5381
2482,連宇,5,0,5,第一金-員林,2023-03-28,5381
2867,三商壽,196,0,196,第一金-員林,2023-03-29,5381
1504,東元,92,44,48,第一金-員林,2023-03-29,5381
00637L,元大滬深300正2,30,0,30,第一金-員林,2023-03-29,5381
2748,雲品,31,4,27,第一金-員林,2023-03-29,5381
00900,富邦特選高股息30,25,0,25,第一金-員林,2023-03-29,5381
2331,精英,24,0,24,第一金-員林,2023-03-29,5381
00679B,元大美債20年,25,5,20,第一金-員林,2023-03-29,5381
2634,漢翔,22,2,20,第一金-員林,2023-03-29,5381
2731,雄獅,21,1,20,第一金-員林,2023-03-29,5381
6127,九豪,20,0,20,第一金-員林,2023-03-29,5381
6598,ABC-KY,24,5,19,第一金-員林,2023-03-29,5381
2340,台亞,18,0,18,第一金-員林,2023-03-29,5381
2371,大同,19,3,16,第一金-員林,2023-03-29,5381
3011,今皓,16,0,16,第一金-員林,2023-03-29,5381
6220,岳豐,16,0,16,第一金-員林,2023-03-29,5381
5488,松普,15,0,15,第一金-員林,2023-03-29,5381
00903,富邦元宇宙,12,0,12,第一金-員林,2023-03-29,5381
00680L,元大美債20正2,11,0,11,第一金-員林,2023-03-29,5381
3646,艾恩特,11,0,11,第一金-員林,2023-03-29,5381
2426,鼎元,20,10,10,第一金-員林,2023-03-29,5381
4440,宜新實業,10,0,10,第一金-員林,2023-03-29,5381
4720,德淵,10,0,10,第一金-員林,2023-03-29,5381
8086,宏捷科,16,6,10,第一金-員林,2023-03-29,5381
3056,富華新,9,0,9,第一金-員林,2023-03-29,5381
2462,良得電,9,0,9,第一金-員林,2023-03-29,5381
3432,台端,9,0,9,第一金-員林,2023-03-29,5381
2241,艾姆勒,8,0,8,第一金-員林,2023-03-29,5381
2408,南亞科,8,0,8,第一金-員林,2023-03-29,5381
2461,光群雷,8,0,8,第一金-員林,2023-03-29,5381
3338,泰碩,11,4,7,第一金-員林,2023-03-29,5381
00882,中信中國高股息,7,0,7,第一金-員林,2023-03-29,5381
1584,精剛,12,5,7,第一金-員林,2023-03-29,5381
2641,正德,7,0,7,第一金-員林,2023-03-29,5381
3714,富采,9,2,7,第一金-員林,2023-03-29,5381
2457,飛宏,10,3,7,第一金-員林,2023-03-29,5381
2367,燿華,8,2,6,第一金-員林,2023-03-29,5381
2645,長榮航太,7,1,6,第一金-員林,2023-03-29,5381
6116,彩晶,6,0,6,第一金-員林,2023-03-29,5381
6143,振曜,6,0,6,第一金-員林,2023-03-29,5381
6235,華孚,26,20,6,第一金-員林,2023-03-29,5381
2882,國泰金,7,1,6,第一金-員林,2023-03-29,5381
2618,長榮航,12,7,5,第一金-員林,2023-03-29,5381
6488,環球晶,5,0,5,第一金-員林,2023-03-29,5381
1815,富喬,5,0,5,第一金-員林,2023-03-29,5381
2006,東和鋼鐵,5,0,5,第一金-員林,2023-03-29,5381
2482,連宇,5,0,5,第一金-員林,2023-03-29,5381
2913,農林,5,0,5,第一金-員林,2023-03-29,5381
3035,智原,8,3,5,第一金-員林,2023-03-29,5381
4919,新唐,5,0,5,第一金-員林,2023-03-29,5381
5009,榮剛,5,0,5,第一金-員林,2023-03-29,5381
2867,三商壽,185,0,185,第一金-員林,2023-03-30,5381
00671R,富邦NASDAQ反1,81,0,81,第一金-員林,2023-03-30,5381
5309,系統電,50,6,44,第一金-員林,2023-03-30,5381
2367,燿華,42,3,39,第一金-員林,2023-03-30,5381
2498,宏達電,31,1,30,第一金-員林,2023-03-30,5381
3264,欣銓,33,5,28,第一金-員林,2023-03-30,5381
00679B,元大美債20年,26,0,26,第一金-員林,2023-03-30,5381
00712,復華富時不動產,25,0,25,第一金-員林,2023-03-30,5381
1609,大亞,28,6,22,第一金-員林,2023-03-30,5381
2388,威盛,21,1,20,第一金-員林,2023-03-30,5381
6244,茂迪,63,43,20,第一金-員林,2023-03-30,5381
2887,台新金,18,0,18,第一金-員林,2023-03-30,5381
5386,青雲,17,0,17,第一金-員林,2023-03-30,5381
1316,上曜,20,5,15,第一金-員林,2023-03-30,5381
00680L,元大美債20正2,13,0,13,第一金-員林,2023-03-30,5381
2883,凱基金,13,0,13,第一金-員林,2023-03-30,5381
6133,金橋,22,11,11,第一金-員林,2023-03-30,5381
00673R,期元大S＆P原油反1,10,0,10,第一金-員林,2023-03-30,5381
00885,富邦越南,10,0,10,第一金-員林,2023-03-30,5381
2342,茂矽,20,10,10,第一金-員林,2023-03-30,5381
6770,力積電,10,1,9,第一金-員林,2023-03-30,5381
3011,今皓,8,0,8,第一金-員林,2023-03-30,5381
6589,台康生技,8,0,8,第一金-員林,2023-03-30,5381
1605,華新,8,0,8,第一金-員林,2023-03-30,5381
2889,國票金,8,0,8,第一金-員林,2023-03-30,5381
2409,友達,8,1,7,第一金-員林,2023-03-30,5381
4714,永捷,7,0,7,第一金-員林,2023-03-30,5381
6470,宇智,7,0,7,第一金-員林,2023-03-30,5381
9939,宏全,7,0,7,第一金-員林,2023-03-30,5381
2006,東和鋼鐵,6,0,6,第一金-員林,2023-03-30,5381
00882,中信中國高股息,7,2,5,第一金-員林,2023-03-30,5381
1717,長興,5,0,5,第一金-員林,2023-03-30,5381
1909,榮成,5,0,5,第一金-員林,2023-03-30,5381
3047,訊舟,5,0,5,第一金-員林,2023-03-30,5381
5488,松普,5,0,5,第一金-員林,2023-03-30,5381
2618,長榮航,6,1,5,第一金-員林,2023-03-30,5381
1618,合機,18,14,4,第一金-員林,2023-03-30,5381
1762,中化生,4,0,4,第一金-員林,2023-03-30,5381
2359,所羅門,8,4,4,第一金-員林,2023-03-30,5381
2440,太空梭,4,0,4,第一金-員林,2023-03-30,5381
2607,榮運,4,0,4,第一金-員林,2023-03-30,5381
2610,華航,20,16,4,第一金-員林,2023-03-30,5381
2727,王品,6,2,4,第一金-員林,2023-03-30,5381
2892,第一金,4,0,4,第一金-員林,2023-03-30,5381
6125,廣運,6,2,4,第一金-員林,2023-03-30,5381
7402,邑錡,5,1,4,第一金-員林,2023-03-30,5381
8255,朋程,4,0,4,第一金-員林,2023-03-30,5381
9934,成霖,3,0,3,第一金-員林,2023-03-30,5381
2485,兆赫,3,0,3,第一金-員林,2023-03-30,5381
00720B,元大投資級公司債,3,0,3,第一金-員林,2023-03-30,5381
00632R,元大台灣50反1,55,0,55,第一金-員林,2023-03-31,5381
1710,東聯,36,0,36,第一金-員林,2023-03-31,5381
3037,欣興,30,5,25,第一金-員林,2023-03-31,5381
00679B,元大美債20年,23,0,23,第一金-員林,2023-03-31,5381
3056,富華新,29,7,22,第一金-員林,2023-03-31,5381
2915,潤泰全,20,0,20,第一金-員林,2023-03-31,5381
1316,上曜,15,0,15,第一金-員林,2023-03-31,5381
2241,艾姆勒,12,0,12,第一金-員林,2023-03-31,5381
2352,佳世達,10,0,10,第一金-員林,2023-03-31,5381
2481,強茂,10,0,10,第一金-員林,2023-03-31,5381
3646,艾恩特,10,0,10,第一金-員林,2023-03-31,5381
6161,捷波,10,0,10,第一金-員林,2023-03-31,5381
7402,邑錡,13,3,10,第一金-員林,2023-03-31,5381
00673R,期元大S＆P原油反1,9,0,9,第一金-員林,2023-03-31,5381
00680L,元大美債20正2,8,0,8,第一金-員林,2023-03-31,5381
00706L,期元大S＆P日圓正2,7,0,7,第一金-員林,2023-03-31,5381
2457,飛宏,21,14,7,第一金-員林,2023-03-31,5381
2834,臺企銀,12,5,7,第一金-員林,2023-03-31,5381
3711,日月光投控,7,0,7,第一金-員林,2023-03-31,5381
5703,亞都,7,0,7,第一金-員林,2023-03-31,5381
3260,威剛,10,3,7,第一金-員林,2023-03-31,5381
1513,中興電,7,0,7,第一金-員林,2023-03-31,5381
1410,南染,6,0,6,第一金-員林,2023-03-31,5381
1219,福壽,6,0,6,第一金-員林,2023-03-31,5381
1609,大亞,7,1,6,第一金-員林,2023-03-31,5381
2030,彰源,6,0,6,第一金-員林,2023-03-31,5381
6133,金橋,7,1,6,第一金-員林,2023-03-31,5381
00712,復華富時不動產,5,0,5,第一金-員林,2023-03-31,5381
1444,力麗,5,0,5,第一金-員林,2023-03-31,5381
1519,華城,5,0,5,第一金-員林,2023-03-31,5381
2017,官田鋼,5,0,5,第一金-員林,2023-03-31,5381
2201,裕隆,5,0,5,第一金-員林,2023-03-31,5381
2367,燿華,5,0,5,第一金-員林,2023-03-31,5381
2409,友達,5,0,5,第一金-員林,2023-03-31,5381
3047,訊舟,5,0,5,第一金-員林,2023-03-31,5381
3374,精材,5,0,5,第一金-員林,2023-03-31,5381
3416,融程電,5,0,5,第一金-員林,2023-03-31,5381
3576,聯合再生,5,0,5,第一金-員林,2023-03-31,5381
4543,萬在,5,0,5,第一金-員林,2023-03-31,5381
5351,鈺創,12,7,5,第一金-員林,2023-03-31,5381
5488,松普,5,0,5,第一金-員林,2023-03-31,5381
6142,友勁,5,0,5,第一金-員林,2023-03-31,5381
6733,博晟生醫,5,0,5,第一金-員林,2023-03-31,5381
6829,千附精密,5,0,5,第一金-員林,2023-03-31,5381
6282,康舒,5,0,5,第一金-員林,2023-03-31,5381
6414,樺漢,10,5,5,第一金-員林,2023-03-31,5381
6188,廣明,4,0,4,第一金-員林,2023-03-31,5381
1304,台聚,7,3,4,第一金-員林,2023-03-31,5381
2002,中鋼,4,0,4,第一金-員林,2023-03-31,5381
2606,裕民,4,0,4,第一金-員林,2023-03-31,5381
6133,金橋,100,0,100,第一金-員林,2023-04-06,5381
6770,力積電,52,0,52,第一金-員林,2023-04-06,5381
2342,茂矽,50,1,49,第一金-員林,2023-04-06,5381
00673R,期元大S＆P原油反1,33,0,33,第一金-員林,2023-04-06,5381
8069,元太,33,0,33,第一金-員林,2023-04-06,5381
2344,華邦電,33,2,31,第一金-員林,2023-04-06,5381
2515,中工,25,0,25,第一金-員林,2023-04-06,5381
8046,南電,22,1,21,第一金-員林,2023-04-06,5381
00893,國泰智能電動車,20,0,20,第一金-員林,2023-04-06,5381
2440,太空梭,20,0,20,第一金-員林,2023-04-06,5381
2241,艾姆勒,18,0,18,第一金-員林,2023-04-06,5381
2482,連宇,20,3,17,第一金-員林,2023-04-06,5381
3037,欣興,18,2,16,第一金-員林,2023-04-06,5381
4979,華星光,16,0,16,第一金-員林,2023-04-06,5381
3535,晶彩科,15,0,15,第一金-員林,2023-04-06,5381
6548,長科*,16,1,15,第一金-員林,2023-04-06,5381
2481,強茂,16,2,14,第一金-員林,2023-04-06,5381
6116,彩晶,14,0,14,第一金-員林,2023-04-06,5381
1605,華新,13,0,13,第一金-員林,2023-04-06,5381
2017,官田鋼,11,0,11,第一金-員林,2023-04-06,5381
2208,台船,15,4,11,第一金-員林,2023-04-06,5381
3056,富華新,45,35,10,第一金-員林,2023-04-06,5381
3588,通嘉,10,0,10,第一金-員林,2023-04-06,5381
3715,定穎投控,10,0,10,第一金-員林,2023-04-06,5381
6220,岳豐,10,0,10,第一金-員林,2023-04-06,5381
00882,中信中國高股息,9,0,9,第一金-員林,2023-04-06,5381
2618,長榮航,9,1,8,第一金-員林,2023-04-06,5381
3494,誠研,8,0,8,第一金-員林,2023-04-06,5381
8176,智捷,8,0,8,第一金-員林,2023-04-06,5381
2317,鴻海,8,0,8,第一金-員林,2023-04-06,5381
2034,允強,7,0,7,第一金-員林,2023-04-06,5381
00900,富邦特選高股息30,7,0,7,第一金-員林,2023-04-06,5381
6163,華電網,9,2,7,第一金-員林,2023-04-06,5381
1584,精剛,7,1,6,第一金-員林,2023-04-06,5381
2337,旺宏,6,0,6,第一金-員林,2023-04-06,5381
4566,時碩工業,7,1,6,第一金-員林,2023-04-06,5381
5386,青雲,6,0,6,第一金-員林,2023-04-06,5381
8086,宏捷科,10,4,6,第一金-員林,2023-04-06,5381
2457,飛宏,5,0,5,第一金-員林,2023-04-06,5381
2603,長榮,6,1,5,第一金-員林,2023-04-06,5381
1316,上曜,5,0,5,第一金-員林,2023-04-06,5381
1101,台泥,5,0,5,第一金-員林,2023-04-06,5381
00919,群益台灣精選高息,5,0,5,第一金-員林,2023-04-06,5381
00878,國泰永續高股息,10,5,5,第一金-員林,2023-04-06,5381
1402,遠東新,5,0,5,第一金-員林,2023-04-06,5381
4114,健喬,5,0,5,第一金-員林,2023-04-06,5381
2610,華航,5,0,5,第一金-員林,2023-04-06,5381
00713,元大台灣高息低波,4,0,4,第一金-員林,2023-04-06,5381
00642U,期元大S＆P石油,10,6,4,第一金-員林,2023-04-06,5381
00902,中信電池及儲能,4,0,4,第一金-員林,2023-04-06,5381
00882,中信中國高股息,200,0,200,第一金-員林,2023-04-07,5381
2867,三商壽,114,0,114,第一金-員林,2023-04-07,5381
2889,國票金,91,0,91,第一金-員林,2023-04-07,5381
00720B,元大投資級公司債,81,1,80,第一金-員林,2023-04-07,5381
2457,飛宏,54,3,51,第一金-員林,2023-04-07,5381
2317,鴻海,50,1,49,第一金-員林,2023-04-07,5381
8383,千附,50,2,48,第一金-員林,2023-04-07,5381
8046,南電,40,0,40,第一金-員林,2023-04-07,5381
4967,十銓,52,16,36,第一金-員林,2023-04-07,5381
6770,力積電,34,0,34,第一金-員林,2023-04-07,5381
3481,群創,37,6,31,第一金-員林,2023-04-07,5381
1314,中石化,30,0,30,第一金-員林,2023-04-07,5381
2027,大成鋼,25,5,20,第一金-員林,2023-04-07,5381
2482,連宇,20,1,19,第一金-員林,2023-04-07,5381
00885,富邦越南,19,0,19,第一金-員林,2023-04-07,5381
3056,富華新,22,6,16,第一金-員林,2023-04-07,5381
00897,富邦基因免疫生技,15,0,15,第一金-員林,2023-04-07,5381
2515,中工,15,0,15,第一金-員林,2023-04-07,5381
3050,鈺德,15,0,15,第一金-員林,2023-04-07,5381
00877,復華中國5G,13,0,13,第一金-員林,2023-04-07,5381
2834,臺企銀,12,0,12,第一金-員林,2023-04-07,5381
6163,華電網,13,1,12,第一金-員林,2023-04-07,5381
00671R,富邦NASDAQ反1,11,0,11,第一金-員林,2023-04-07,5381
00902,中信電池及儲能,10,0,10,第一金-員林,2023-04-07,5381
00633L,富邦上証正2,10,0,10,第一金-員林,2023-04-07,5381
2030,彰源,10,0,10,第一金-員林,2023-04-07,5381
2440,太空梭,10,0,10,第一金-員林,2023-04-07,5381
2845,遠東銀,10,0,10,第一金-員林,2023-04-07,5381
3122,笙泉,10,0,10,第一金-員林,2023-04-07,5381
5468,凱鈺,10,0,10,第一金-員林,2023-04-07,5381
5457,宣德,9,0,9,第一金-員林,2023-04-07,5381
5351,鈺創,8,0,8,第一金-員林,2023-04-07,5381
0056,元大高股息,8,1,7,第一金-員林,2023-04-07,5381
2495,普安,7,0,7,第一金-員林,2023-04-07,5381
3354,律勝,7,0,7,第一金-員林,2023-04-07,5381
9914,美利達,7,0,7,第一金-員林,2023-04-07,5381
2498,宏達電,13,6,7,第一金-員林,2023-04-07,5381
00893,國泰智能電動車,6,0,6,第一金-員林,2023-04-07,5381
5410,國眾,6,0,6,第一金-員林,2023-04-07,5381
00679B,元大美債20年,14,9,5,第一金-員林,2023-04-07,5381
2211,長榮鋼,5,0,5,第一金-員林,2023-04-07,5381
2484,希華,6,1,5,第一金-員林,2023-04-07,5381
2809,京城銀,5,0,5,第一金-員林,2023-04-07,5381
3078,僑威,5,0,5,第一金-員林,2023-04-07,5381
3624,光頡,5,0,5,第一金-員林,2023-04-07,5381
6133,金橋,5,0,5,第一金-員林,2023-04-07,5381
4979,華星光,14,9,5,第一金-員林,2023-04-07,5381
9921,巨大,4,0,4,第一金-員林,2023-04-07,5381
1795,美時,17,13,4,第一金-員林,2023-04-07,5381
2002,中鋼,4,0,4,第一金-員林,2023-04-07,5381
3441,聯一光,77,2,75,第一金-員林,2023-04-10,5381
3682,亞太電,60,0,60,第一金-員林,2023-04-10,5381
6733,博晟生醫,54,7,47,第一金-員林,2023-04-10,5381
1313,聯成,30,0,30,第一金-員林,2023-04-10,5381
00679B,元大美債20年,24,0,24,第一金-員林,2023-04-10,5381
2889,國票金,21,0,21,第一金-員林,2023-04-10,5381
00673R,期元大S＆P原油反1,17,0,17,第一金-員林,2023-04-10,5381
3231,緯創,38,21,17,第一金-員林,2023-04-10,5381
1605,華新,18,1,17,第一金-員林,2023-04-10,5381
2317,鴻海,16,0,16,第一金-員林,2023-04-10,5381
3380,明泰,16,0,16,第一金-員林,2023-04-10,5381
3673,TPK-KY,15,0,15,第一金-員林,2023-04-10,5381
3056,富華新,16,2,14,第一金-員林,2023-04-10,5381
00878,國泰永續高股息,16,2,14,第一金-員林,2023-04-10,5381
1503,士電,13,0,13,第一金-員林,2023-04-10,5381
6548,長科*,15,3,12,第一金-員林,2023-04-10,5381
9945,潤泰新,15,3,12,第一金-員林,2023-04-10,5381
2002,中鋼,11,0,11,第一金-員林,2023-04-10,5381
2344,華邦電,35,24,11,第一金-員林,2023-04-10,5381
2408,南亞科,12,1,11,第一金-員林,2023-04-10,5381
9904,寶成,11,0,11,第一金-員林,2023-04-10,5381
00632R,元大台灣50反1,10,0,10,第一金-員林,2023-04-10,5381
00751B,元大AAA至A公司債,15,5,10,第一金-員林,2023-04-10,5381
00905,FT臺灣Smart,10,0,10,第一金-員林,2023-04-10,5381
00877,復華中國5G,10,0,10,第一金-員林,2023-04-10,5381
2038,海光,10,0,10,第一金-員林,2023-04-10,5381
2409,友達,10,0,10,第一金-員林,2023-04-10,5381
5243,乙盛-KY,10,0,10,第一金-員林,2023-04-10,5381
5475,德宏,10,0,10,第一金-員林,2023-04-10,5381
8131,福懋科,10,0,10,第一金-員林,2023-04-10,5381
1609,大亞,26,16,10,第一金-員林,2023-04-10,5381
4967,十銓,13,3,10,第一金-員林,2023-04-10,5381
2610,華航,10,1,9,第一金-員林,2023-04-10,5381
2241,艾姆勒,8,0,8,第一金-員林,2023-04-10,5381
2349,錸德,10,2,8,第一金-員林,2023-04-10,5381
3260,威剛,7,0,7,第一金-員林,2023-04-10,5381
4175,杏一,7,0,7,第一金-員林,2023-04-10,5381
8383,千附,24,17,7,第一金-員林,2023-04-10,5381
3479,安勤,6,0,6,第一金-員林,2023-04-10,5381
4506,崇友,6,0,6,第一金-員林,2023-04-10,5381
3236,千如,6,0,6,第一金-員林,2023-04-10,5381
00896,中信綠能及電動車,5,0,5,第一金-員林,2023-04-10,5381
00893,國泰智能電動車,13,8,5,第一金-員林,2023-04-10,5381
1527,鑽全,5,0,5,第一金-員林,2023-04-10,5381
1569,濱川,5,0,5,第一金-員林,2023-04-10,5381
2484,希華,5,0,5,第一金-員林,2023-04-10,5381
4977,眾達-KY,5,0,5,第一金-員林,2023-04-10,5381
6461,益得,5,0,5,第一金-員林,2023-04-10,5381
8183,精星,5,0,5,第一金-員林,2023-04-10,5381
8926,台汽電,5,0,5,第一金-員林,2023-04-10,5381
00632R,元大台灣50反1,150,2,148,第一金-員林,2023-04-11,5381
2027,大成鋼,118,0,118,第一金-員林,2023-04-11,5381
3006,晶豪科,56,7,49,第一金-員林,2023-04-11,5381
2867,三商壽,140,100,40,第一金-員林,2023-04-11,5381
1101,台泥,38,0,38,第一金-員林,2023-04-11,5381
2317,鴻海,36,1,35,第一金-員林,2023-04-11,5381
3050,鈺德,30,0,30,第一金-員林,2023-04-11,5381
00673R,期元大S＆P原油反1,28,0,28,第一金-員林,2023-04-11,5381
0056,元大高股息,25,3,22,第一金-員林,2023-04-11,5381
2634,漢翔,25,3,22,第一金-員林,2023-04-11,5381
2889,國票金,21,0,21,第一金-員林,2023-04-11,5381
00664R,國泰臺灣加權反1,20,0,20,第一金-員林,2023-04-11,5381
3038,全台,30,11,19,第一金-員林,2023-04-11,5381
2609,陽明,18,0,18,第一金-員林,2023-04-11,5381
00679B,元大美債20年,17,0,17,第一金-員林,2023-04-11,5381
3607,谷崧,16,0,16,第一金-員林,2023-04-11,5381
2303,聯電,16,1,15,第一金-員林,2023-04-11,5381
2345,智邦,15,0,15,第一金-員林,2023-04-11,5381
2888,新光金,15,0,15,第一金-員林,2023-04-11,5381
3706,神達,15,0,15,第一金-員林,2023-04-11,5381
4720,德淵,15,0,15,第一金-員林,2023-04-11,5381
1504,東元,51,38,13,第一金-員林,2023-04-11,5381
3056,富華新,11,0,11,第一金-員林,2023-04-11,5381
3321,同泰,11,0,11,第一金-員林,2023-04-11,5381
0055,元大MSCI金融,10,0,10,第一金-員林,2023-04-11,5381
2017,官田鋼,10,0,10,第一金-員林,2023-04-11,5381
2428,興勤,10,0,10,第一金-員林,2023-04-11,5381
3703,欣陸,10,0,10,第一金-員林,2023-04-11,5381
6127,九豪,10,0,10,第一金-員林,2023-04-11,5381
3260,威剛,26,16,10,第一金-員林,2023-04-11,5381
00858,永豐美國500大,9,0,9,第一金-員林,2023-04-11,5381
2208,台船,11,2,9,第一金-員林,2023-04-11,5381
2457,飛宏,29,20,9,第一金-員林,2023-04-11,5381
3011,今皓,21,12,9,第一金-員林,2023-04-11,5381
3714,富采,15,6,9,第一金-員林,2023-04-11,5381
3715,定穎投控,15,6,9,第一金-員林,2023-04-11,5381
5490,同亨,9,0,9,第一金-員林,2023-04-11,5381
00885,富邦越南,19,11,8,第一金-員林,2023-04-11,5381
6570,維田,8,0,8,第一金-員林,2023-04-11,5381
00712,復華富時不動產,7,0,7,第一金-員林,2023-04-11,5381
2105,正新,8,1,7,第一金-員林,2023-04-11,5381
6217,中探針,8,1,7,第一金-員林,2023-04-11,5381
6829,千附精密,7,0,7,第一金-員林,2023-04-11,5381
3037,欣興,6,0,6,第一金-員林,2023-04-11,5381
2101,南港,6,0,6,第一金-員林,2023-04-11,5381
3491,昇達科,6,0,6,第一金-員林,2023-04-11,5381
4747,強生,6,0,6,第一金-員林,2023-04-11,5381
3231,緯創,12,6,6,第一金-員林,2023-04-11,5381
1301,台塑,5,0,5,第一金-員林,2023-04-11,5381
1314,中石化,5,0,5,第一金-員林,2023-04-11,5381
2891,中信金,114,3,111,第一金-員林,2023-04-12,5381
00720B,元大投資級公司債,87,0,87,第一金-員林,2023-04-12,5381
3321,同泰,46,0,46,第一金-員林,2023-04-12,5381
3006,晶豪科,56,13,43,第一金-員林,2023-04-12,5381
6733,博晟生醫,34,0,34,第一金-員林,2023-04-12,5381
3576,聯合再生,33,7,26,第一金-員林,2023-04-12,5381
3380,明泰,27,2,25,第一金-員林,2023-04-12,5381
00673R,期元大S＆P原油反1,24,0,24,第一金-員林,2023-04-12,5381
2208,台船,27,3,24,第一金-員林,2023-04-12,5381
6223,旺矽,26,2,24,第一金-員林,2023-04-12,5381
6234,高僑,37,15,22,第一金-員林,2023-04-12,5381
6770,力積電,23,2,21,第一金-員林,2023-04-12,5381
2889,國票金,30,10,20,第一金-員林,2023-04-12,5381
4550,長佳,20,0,20,第一金-員林,2023-04-12,5381
8046,南電,21,1,20,第一金-員林,2023-04-12,5381
4541,晟田,21,2,19,第一金-員林,2023-04-12,5381
00679B,元大美債20年,18,0,18,第一金-員林,2023-04-12,5381
00633L,富邦上証正2,20,2,18,第一金-員林,2023-04-12,5381
1514,亞力,79,61,18,第一金-員林,2023-04-12,5381
3025,星通,30,12,18,第一金-員林,2023-04-12,5381
3056,富華新,33,18,15,第一金-員林,2023-04-12,5381
4114,健喬,33,18,15,第一金-員林,2023-04-12,5381
6148,驊宏資,15,0,15,第一金-員林,2023-04-12,5381
4113,聯上,14,0,14,第一金-員林,2023-04-12,5381
5309,系統電,43,29,14,第一金-員林,2023-04-12,5381
6217,中探針,19,6,13,第一金-員林,2023-04-12,5381
2461,光群雷,12,0,12,第一金-員林,2023-04-12,5381
8926,台汽電,13,1,12,第一金-員林,2023-04-12,5381
8222,寶一,36,24,12,第一金-員林,2023-04-12,5381
2329,華泰,38,27,11,第一金-員林,2023-04-12,5381
2486,一詮,18,7,11,第一金-員林,2023-04-12,5381
2610,華航,11,0,11,第一金-員林,2023-04-12,5381
3231,緯創,14,3,11,第一金-員林,2023-04-12,5381
6122,擎邦,19,8,11,第一金-員林,2023-04-12,5381
1513,中興電,23,13,10,第一金-員林,2023-04-12,5381
2023,燁輝,10,0,10,第一金-員林,2023-04-12,5381
2363,矽統,10,0,10,第一金-員林,2023-04-12,5381
2317,鴻海,14,5,9,第一金-員林,2023-04-12,5381
2888,新光金,22,13,9,第一金-員林,2023-04-12,5381
2359,所羅門,9,0,9,第一金-員林,2023-04-12,5381
3594,磐儀,9,1,8,第一金-員林,2023-04-12,5381
00712,復華富時不動產,7,0,7,第一金-員林,2023-04-12,5381
1474,弘裕,7,0,7,第一金-員林,2023-04-12,5381
2542,興富發,7,0,7,第一金-員林,2023-04-12,5381
2634,漢翔,31,24,7,第一金-員林,2023-04-12,5381
00858,永豐美國500大,6,0,6,第一金-員林,2023-04-12,5381
00669R,國泰美國道瓊反1,6,0,6,第一金-員林,2023-04-12,5381
2314,台揚,6,0,6,第一金-員林,2023-04-12,5381
3029,零壹,6,0,6,第一金-員林,2023-04-12,5381
5425,台半,6,0,6,第一金-員林,2023-04-12,5381
5425,台半,102,0,102,第一金-員林,2023-04-13,5381
2359,所羅門,100,23,77,第一金-員林,2023-04-13,5381
2889,國票金,61,1,60,第一金-員林,2023-04-13,5381
3481,群創,94,36,58,第一金-員林,2023-04-13,5381
00878,國泰永續高股息,44,1,43,第一金-員林,2023-04-13,5381
2618,長榮航,59,17,42,第一金-員林,2023-04-13,5381
9110,越南控-DR,31,0,31,第一金-員林,2023-04-13,5381
2538,基泰,28,0,28,第一金-員林,2023-04-13,5381
2867,三商壽,131,103,28,第一金-員林,2023-04-13,5381
2208,台船,35,7,28,第一金-員林,2023-04-13,5381
3169,亞信,26,0,26,第一金-員林,2023-04-13,5381
2892,第一金,23,0,23,第一金-員林,2023-04-13,5381
00679B,元大美債20年,22,0,22,第一金-員林,2023-04-13,5381
2515,中工,82,60,22,第一金-員林,2023-04-13,5381
00664R,國泰臺灣加權反1,20,0,20,第一金-員林,2023-04-13,5381
5521,工信,20,0,20,第一金-員林,2023-04-13,5381
00720B,元大投資級公司債,18,0,18,第一金-員林,2023-04-13,5381
3673,TPK-KY,18,0,18,第一金-員林,2023-04-13,5381
3141,晶宏,22,6,16,第一金-員林,2023-04-13,5381
4157,太景*-KY,16,0,16,第一金-員林,2023-04-13,5381
2105,正新,18,3,15,第一金-員林,2023-04-13,5381
00903,富邦元宇宙,15,0,15,第一金-員林,2023-04-13,5381
1513,中興電,21,7,14,第一金-員林,2023-04-13,5381
0056,元大高股息,15,2,13,第一金-員林,2023-04-13,5381
3390,旭軟,13,0,13,第一金-員林,2023-04-13,5381
2027,大成鋼,12,0,12,第一金-員林,2023-04-13,5381
6163,華電網,29,17,12,第一金-員林,2023-04-13,5381
0050,元大台灣50,12,0,12,第一金-員林,2023-04-13,5381
1536,和大,11,0,11,第一金-員林,2023-04-13,5381
1609,大亞,41,30,11,第一金-員林,2023-04-13,5381
2851,中再保,11,0,11,第一金-員林,2023-04-13,5381
2897,王道銀行,11,0,11,第一金-員林,2023-04-13,5381
2344,華邦電,11,1,10,第一金-員林,2023-04-13,5381
00893,國泰智能電動車,10,0,10,第一金-員林,2023-04-13,5381
00877,復華中國5G,10,0,10,第一金-員林,2023-04-13,5381
00665L,富邦�琤肭磪囓�2,10,0,10,第一金-員林,2023-04-13,5381
2345,智邦,11,1,10,第一金-員林,2023-04-13,5381
2364,倫飛,10,0,10,第一金-員林,2023-04-13,5381
3027,盛達,16,6,10,第一金-員林,2023-04-13,5381
3707,漢磊,10,0,10,第一金-員林,2023-04-13,5381
4113,聯上,10,0,10,第一金-員林,2023-04-13,5381
4503,金雨,11,1,10,第一金-員林,2023-04-13,5381
6125,廣運,10,0,10,第一金-員林,2023-04-13,5381
2402,毅嘉,17,8,9,第一金-員林,2023-04-13,5381
6477,安集,10,1,9,第一金-員林,2023-04-13,5381
7402,邑錡,9,0,9,第一金-員林,2023-04-13,5381
1519,華城,21,12,9,第一金-員林,2023-04-13,5381
2330,台積電,8,0,8,第一金-員林,2023-04-13,5381
5351,鈺創,9,1,8,第一金-員林,2023-04-13,5381
1605,華新,10,2,8,第一金-員林,2023-04-13,5381
3321,同泰,124,10,114,第一金-員林,2023-04-14,5381
00632R,元大台灣50反1,57,0,57,第一金-員林,2023-04-14,5381
1503,士電,61,5,56,第一金-員林,2023-04-14,5381
6548,長科*,54,0,54,第一金-員林,2023-04-14,5381
2634,漢翔,104,51,53,第一金-員林,2023-04-14,5381
2429,銘旺科,40,0,40,第一金-員林,2023-04-14,5381
2538,基泰,38,0,38,第一金-員林,2023-04-14,5381
00720B,元大投資級公司債,33,0,33,第一金-員林,2023-04-14,5381
1711,永光,31,0,31,第一金-員林,2023-04-14,5381
4956,光鋐,30,0,30,第一金-員林,2023-04-14,5381
2889,國票金,28,0,28,第一金-員林,2023-04-14,5381
2002,中鋼,27,3,24,第一金-員林,2023-04-14,5381
1605,華新,115,92,23,第一金-員林,2023-04-14,5381
00673R,期元大S＆P原油反1,23,0,23,第一金-員林,2023-04-14,5381
1313,聯成,20,0,20,第一金-員林,2023-04-14,5381
2208,台船,37,18,19,第一金-員林,2023-04-14,5381
1314,中石化,18,0,18,第一金-員林,2023-04-14,5381
2834,臺企銀,21,3,18,第一金-員林,2023-04-14,5381
8936,國統,19,2,17,第一金-員林,2023-04-14,5381
2382,廣達,13,0,13,第一金-員林,2023-04-14,5381
00669R,國泰美國道瓊反1,13,0,13,第一金-員林,2023-04-14,5381
00665L,富邦�琤肭磪囓�2,13,0,13,第一金-員林,2023-04-14,5381
3317,尼克森,13,0,13,第一金-員林,2023-04-14,5381
6285,啟��,13,1,12,第一金-員林,2023-04-14,5381
4550,長佳,12,0,12,第一金-員林,2023-04-14,5381
5009,榮剛,21,9,12,第一金-員林,2023-04-14,5381
00772B,中信高評級公司債,11,0,11,第一金-員林,2023-04-14,5381
1529,樂事綠能,21,10,11,第一金-員林,2023-04-14,5381
00910,第一金太空衛星,10,0,10,第一金-員林,2023-04-14,5381
00877,復華中國5G,10,0,10,第一金-員林,2023-04-14,5381
2362,藍天,10,0,10,第一金-員林,2023-04-14,5381
3088,艾訊,10,0,10,第一金-員林,2023-04-14,5381
4157,太景*-KY,10,0,10,第一金-員林,2023-04-14,5381
6719,力智,11,1,10,第一金-員林,2023-04-14,5381
2482,連宇,10,1,9,第一金-員林,2023-04-14,5381
2330,台積電,11,2,9,第一金-員林,2023-04-14,5381
1524,耿鼎,12,3,9,第一金-員林,2023-04-14,5381
2454,聯發科,9,1,8,第一金-員林,2023-04-14,5381
00885,富邦越南,8,0,8,第一金-員林,2023-04-14,5381
3059,華晶科,8,0,8,第一金-員林,2023-04-14,5381
6112,邁達特,15,7,8,第一金-員林,2023-04-14,5381
6217,中探針,8,0,8,第一金-員林,2023-04-14,5381
8222,寶一,14,6,8,第一金-員林,2023-04-14,5381
1514,亞力,9,1,8,第一金-員林,2023-04-14,5381
2006,東和鋼鐵,7,0,7,第一金-員林,2023-04-14,5381
1513,中興電,9,2,7,第一金-員林,2023-04-14,5381
6248,沛波,8,1,7,第一金-員林,2023-04-14,5381
2408,南亞科,7,0,7,第一金-員林,2023-04-14,5381
7402,邑錡,15,8,7,第一金-員林,2023-04-14,5381
2630,亞航,25,18,7,第一金-員林,2023-04-14,5381
1711,永光,93,0,93,第一金-員林,2023-04-17,5381
2359,所羅門,89,2,87,第一金-員林,2023-04-17,5381
6558,興能高,55,0,55,第一金-員林,2023-04-17,5381
1605,華新,64,24,40,第一金-員林,2023-04-17,5381
2344,華邦電,41,6,35,第一金-員林,2023-04-17,5381
2515,中工,65,32,33,第一金-員林,2023-04-17,5381
00679B,元大美債20年,33,4,29,第一金-員林,2023-04-17,5381
2312,金寶,24,0,24,第一金-員林,2023-04-17,5381
1319,東陽,26,3,23,第一金-員林,2023-04-17,5381
2206,三陽工業,40,17,23,第一金-員林,2023-04-17,5381
2915,潤泰全,21,0,21,第一金-員林,2023-04-17,5381
1712,興農,20,0,20,第一金-員林,2023-04-17,5381
2706,第一店,20,0,20,第一金-員林,2023-04-17,5381
3481,群創,19,0,19,第一金-員林,2023-04-17,5381
2454,聯發科,20,1,19,第一金-員林,2023-04-17,5381
2303,聯電,20,1,19,第一金-員林,2023-04-17,5381
00712,復華富時不動產,18,0,18,第一金-員林,2023-04-17,5381
00878,國泰永續高股息,18,0,18,第一金-員林,2023-04-17,5381
1514,亞力,20,3,17,第一金-員林,2023-04-17,5381
1471,首利,17,0,17,第一金-員林,2023-04-17,5381
9802,鈺齊-KY,18,1,17,第一金-員林,2023-04-17,5381
2641,正德,16,0,16,第一金-員林,2023-04-17,5381
4142,國光生,19,3,16,第一金-員林,2023-04-17,5381
6235,華孚,44,29,15,第一金-員林,2023-04-17,5381
1795,美時,14,0,14,第一金-員林,2023-04-17,5381
1524,耿鼎,15,2,13,第一金-員林,2023-04-17,5381
1611,中電,13,0,13,第一金-員林,2023-04-17,5381
00885,富邦越南,12,0,12,第一金-員林,2023-04-17,5381
2208,台船,34,22,12,第一金-員林,2023-04-17,5381
2867,三商壽,12,0,12,第一金-員林,2023-04-17,5381
5371,中光電,16,4,12,第一金-員林,2023-04-17,5381
2329,華泰,15,4,11,第一金-員林,2023-04-17,5381
2371,大同,11,0,11,第一金-員林,2023-04-17,5381
3011,今皓,11,0,11,第一金-員林,2023-04-17,5381
6167,久正,13,2,11,第一金-員林,2023-04-17,5381
6719,力智,16,5,11,第一金-員林,2023-04-17,5381
00665L,富邦�琤肭磪囓�2,10,0,10,第一金-員林,2023-04-17,5381
1460,宏遠,12,2,10,第一金-員林,2023-04-17,5381
3050,鈺德,10,0,10,第一金-員林,2023-04-17,5381
3207,耀勝,12,2,10,第一金-員林,2023-04-17,5381
3390,旭軟,10,0,10,第一金-員林,2023-04-17,5381
3693,營邦,10,0,10,第一金-員林,2023-04-17,5381
5347,世界,10,0,10,第一金-員林,2023-04-17,5381
6140,訊達,10,0,10,第一金-員林,2023-04-17,5381
1609,大亞,17,8,9,第一金-員林,2023-04-17,5381
2610,華航,9,0,9,第一金-員林,2023-04-17,5381
5009,榮剛,16,7,9,第一金-員林,2023-04-17,5381
00673R,期元大S＆P原油反1,8,0,8,第一金-員林,2023-04-17,5381
00720B,元大投資級公司債,8,0,8,第一金-員林,2023-04-17,5381
2476,鉅祥,10,2,8,第一金-員林,2023-04-17,5381
8033,雷虎,123,74,49,第一金-員林,2023-04-18,5381
00680L,元大美債20正2,45,0,45,第一金-員林,2023-04-18,5381
2359,所羅門,44,1,43,第一金-員林,2023-04-18,5381
2429,銘旺科,40,0,40,第一金-員林,2023-04-18,5381
00679B,元大美債20年,40,0,40,第一金-員林,2023-04-18,5381
3231,緯創,39,1,38,第一金-員林,2023-04-18,5381
00688L,國泰20年美債正2,35,0,35,第一金-員林,2023-04-18,5381
2915,潤泰全,31,0,31,第一金-員林,2023-04-18,5381
2538,基泰,30,0,30,第一金-員林,2023-04-18,5381
2618,長榮航,30,3,27,第一金-員林,2023-04-18,5381
6160,欣技,24,0,24,第一金-員林,2023-04-18,5381
6209,今國光,24,0,24,第一金-員林,2023-04-18,5381
5009,榮剛,37,13,24,第一金-員林,2023-04-18,5381
00878,國泰永續高股息,36,13,23,第一金-員林,2023-04-18,5381
1459,聯發,23,0,23,第一金-員林,2023-04-18,5381
6234,高僑,31,8,23,第一金-員林,2023-04-18,5381
2454,聯發科,23,1,22,第一金-員林,2023-04-18,5381
00751B,元大AAA至A公司債,21,0,21,第一金-員林,2023-04-18,5381
1809,中釉,31,10,21,第一金-員林,2023-04-18,5381
2305,全友,21,0,21,第一金-員林,2023-04-18,5381
2515,中工,21,0,21,第一金-員林,2023-04-18,5381
6741,91APP*-KY,22,1,21,第一金-員林,2023-04-18,5381
00664R,國泰臺灣加權反1,20,0,20,第一金-員林,2023-04-18,5381
3682,亞太電,20,0,20,第一金-員林,2023-04-18,5381
6733,博晟生醫,19,0,19,第一金-員林,2023-04-18,5381
00720B,元大投資級公司債,17,0,17,第一金-員林,2023-04-18,5381
3230,錦明,17,0,17,第一金-員林,2023-04-18,5381
00900,富邦特選高股息30,21,5,16,第一金-員林,2023-04-18,5381
5465,富驊,20,4,16,第一金-員林,2023-04-18,5381
2610,華航,17,1,16,第一金-員林,2023-04-18,5381
2206,三陽工業,20,5,15,第一金-員林,2023-04-18,5381
2413,環科,18,3,15,第一金-員林,2023-04-18,5381
00772B,中信高評級公司債,14,0,14,第一金-員林,2023-04-18,5381
3481,群創,16,2,14,第一金-員林,2023-04-18,5381
1785,光洋科,30,17,13,第一金-員林,2023-04-18,5381
2834,臺企銀,13,0,13,第一金-員林,2023-04-18,5381
4541,晟田,14,3,11,第一金-員林,2023-04-18,5381
2357,華碩,10,0,10,第一金-員林,2023-04-18,5381
1721,三晃,10,0,10,第一金-員林,2023-04-18,5381
2358,廷鑫,10,0,10,第一金-員林,2023-04-18,5381
2601,益航,10,0,10,第一金-員林,2023-04-18,5381
3027,盛達,10,0,10,第一金-員林,2023-04-18,5381
3029,零壹,10,0,10,第一金-員林,2023-04-18,5381
3048,益登,10,0,10,第一金-員林,2023-04-18,5381
3594,磐儀,15,5,10,第一金-員林,2023-04-18,5381
4510,高鋒,10,0,10,第一金-員林,2023-04-18,5381
6016,康和證,10,0,10,第一金-員林,2023-04-18,5381
6163,華電網,11,1,10,第一金-員林,2023-04-18,5381
6176,瑞儀,10,0,10,第一金-員林,2023-04-18,5381
0056,元大高股息,13,3,10,第一金-員林,2023-04-18,5381
2888,新光金,51,2,49,第一金-員林,2023-04-19,5381
00878,國泰永續高股息,49,3,46,第一金-員林,2023-04-19,5381
4566,時碩工業,48,2,46,第一金-員林,2023-04-19,5381
2208,台船,56,13,43,第一金-員林,2023-04-19,5381
3704,合勤控,71,29,42,第一金-員林,2023-04-19,5381
3673,TPK-KY,42,1,41,第一金-員林,2023-04-19,5381
2723,美食-KY,40,1,39,第一金-員林,2023-04-19,5381
6770,力積電,33,1,32,第一金-員林,2023-04-19,5381
2495,普安,49,18,31,第一金-員林,2023-04-19,5381
00633L,富邦上証正2,30,0,30,第一金-員林,2023-04-19,5381
2834,臺企銀,30,0,30,第一金-員林,2023-04-19,5381
1514,亞力,31,2,29,第一金-員林,2023-04-19,5381
1609,大亞,42,16,26,第一金-員林,2023-04-19,5381
2880,華南金,26,0,26,第一金-員林,2023-04-19,5381
1795,美時,26,1,25,第一金-員林,2023-04-19,5381
3050,鈺德,25,0,25,第一金-員林,2023-04-19,5381
4979,華星光,37,12,25,第一金-員林,2023-04-19,5381
2634,漢翔,40,19,21,第一金-員林,2023-04-19,5381
8046,南電,21,0,21,第一金-員林,2023-04-19,5381
1504,東元,31,10,21,第一金-員林,2023-04-19,5381
00664R,國泰臺灣加權反1,20,0,20,第一金-員林,2023-04-19,5381
4127,天良,21,1,20,第一金-員林,2023-04-19,5381
00712,復華富時不動產,18,0,18,第一金-員林,2023-04-19,5381
3048,益登,15,0,15,第一金-員林,2023-04-19,5381
8068,全達,15,0,15,第一金-員林,2023-04-19,5381
2105,正新,15,1,14,第一金-員林,2023-04-19,5381
6443,元晶,38,24,14,第一金-員林,2023-04-19,5381
00882,中信中國高股息,12,0,12,第一金-員林,2023-04-19,5381
6160,欣技,23,12,11,第一金-員林,2023-04-19,5381
1513,中興電,12,1,11,第一金-員林,2023-04-19,5381
2329,華泰,11,0,11,第一金-員林,2023-04-19,5381
3230,錦明,11,0,11,第一金-員林,2023-04-19,5381
006208,富邦台50,10,0,10,第一金-員林,2023-04-19,5381
00720B,元大投資級公司債,10,0,10,第一金-員林,2023-04-19,5381
1459,聯發,10,0,10,第一金-員林,2023-04-19,5381
4440,宜新實業,10,0,10,第一金-員林,2023-04-19,5381
5243,乙盛-KY,10,0,10,第一金-員林,2023-04-19,5381
9958,世紀鋼,11,1,10,第一金-員林,2023-04-19,5381
00919,群益台灣精選高息,9,0,9,第一金-員林,2023-04-19,5381
2108,南帝,9,0,9,第一金-員林,2023-04-19,5381
4510,高鋒,9,0,9,第一金-員林,2023-04-19,5381
2887,台新金,12,4,8,第一金-員林,2023-04-19,5381
1809,中釉,10,2,8,第一金-員林,2023-04-19,5381
2457,飛宏,35,27,8,第一金-員林,2023-04-19,5381
2633,台灣高鐵,9,1,8,第一金-員林,2023-04-19,5381
2317,鴻海,24,17,7,第一金-員林,2023-04-19,5381
6719,力智,9,2,7,第一金-員林,2023-04-19,5381
1533,車王電,7,0,7,第一金-員林,2023-04-19,5381
2637,慧洋-KY,13,6,7,第一金-員林,2023-04-19,5381
3707,漢磊,7,0,7,第一金-員林,2023-04-19,5381
2359,所羅門,84,3,81,第一金-員林,2023-04-20,5381
6244,茂迪,98,49,49,第一金-員林,2023-04-20,5381
4566,時碩工業,41,1,40,第一金-員林,2023-04-20,5381
2834,臺企銀,35,0,35,第一金-員林,2023-04-20,5381
00632R,元大台灣50反1,50,15,35,第一金-員林,2023-04-20,5381
2913,農林,70,37,33,第一金-員林,2023-04-20,5381
00673R,期元大S＆P原油反1,30,0,30,第一金-員林,2023-04-20,5381
00772B,中信高評級公司債,30,0,30,第一金-員林,2023-04-20,5381
1316,上曜,26,5,21,第一金-員林,2023-04-20,5381
00720B,元大投資級公司債,21,0,21,第一金-員林,2023-04-20,5381
5425,台半,21,0,21,第一金-員林,2023-04-20,5381
00664R,國泰臺灣加權反1,20,0,20,第一金-員林,2023-04-20,5381
2409,友達,19,0,19,第一金-員林,2023-04-20,5381
3047,訊舟,19,0,19,第一金-員林,2023-04-20,5381
3673,TPK-KY,19,0,19,第一金-員林,2023-04-20,5381
00878,國泰永續高股息,19,1,18,第一金-員林,2023-04-20,5381
8936,國統,20,3,17,第一金-員林,2023-04-20,5381
2454,聯發科,14,0,14,第一金-員林,2023-04-20,5381
2880,華南金,15,1,14,第一金-員林,2023-04-20,5381
3652,精聯,14,0,14,第一金-員林,2023-04-20,5381
6167,久正,14,0,14,第一金-員林,2023-04-20,5381
3209,全科,13,0,13,第一金-員林,2023-04-20,5381
00679B,元大美債20年,13,0,13,第一金-員林,2023-04-20,5381
5009,榮剛,13,1,12,第一金-員林,2023-04-20,5381
2105,正新,13,1,12,第一金-員林,2023-04-20,5381
00900,富邦特選高股息30,12,0,12,第一金-員林,2023-04-20,5381
2314,台揚,13,1,12,第一金-員林,2023-04-20,5381
2887,台新金,15,4,11,第一金-員林,2023-04-20,5381
00715L,期街口布蘭特正2,12,1,11,第一金-員林,2023-04-20,5381
2882,國泰金,11,0,11,第一金-員林,2023-04-20,5381
3321,同泰,11,0,11,第一金-員林,2023-04-20,5381
0056,元大高股息,11,1,10,第一金-員林,2023-04-20,5381
00637L,元大滬深300正2,10,0,10,第一金-員林,2023-04-20,5381
00633L,富邦上証正2,10,0,10,第一金-員林,2023-04-20,5381
1516,川飛,10,0,10,第一金-員林,2023-04-20,5381
1532,勤美,10,0,10,第一金-員林,2023-04-20,5381
1712,興農,10,0,10,第一金-員林,2023-04-20,5381
4153,鈺緯,10,0,10,第一金-員林,2023-04-20,5381
4440,宜新實業,10,0,10,第一金-員林,2023-04-20,5381
6220,岳豐,10,0,10,第一金-員林,2023-04-20,5381
6160,欣技,19,10,9,第一金-員林,2023-04-20,5381
6282,康舒,106,97,9,第一金-員林,2023-04-20,5381
1515,力山,8,0,8,第一金-員林,2023-04-20,5381
2241,艾姆勒,8,0,8,第一金-員林,2023-04-20,5381
3038,全台,8,0,8,第一金-員林,2023-04-20,5381
6290,良維,8,0,8,第一金-員林,2023-04-20,5381
8069,元太,7,0,7,第一金-員林,2023-04-20,5381
2851,中再保,7,0,7,第一金-員林,2023-04-20,5381
4128,中天,7,0,7,第一金-員林,2023-04-20,5381
8111,立��,7,0,7,第一金-員林,2023-04-20,5381
6770,力積電,90,1,89,第一金-員林,2023-04-21,5381
3260,威剛,50,0,50,第一金-員林,2023-04-21,5381
2515,中工,61,21,40,第一金-員林,2023-04-21,5381
3711,日月光投控,45,10,35,第一金-員林,2023-04-21,5381
4744,皇將,32,0,32,第一金-員林,2023-04-21,5381
2359,所羅門,31,1,30,第一金-員林,2023-04-21,5381
3481,群創,71,44,27,第一金-員林,2023-04-21,5381
1907,永豐餘,35,8,27,第一金-員林,2023-04-21,5381
4931,新盛力,37,10,27,第一金-員林,2023-04-21,5381
6733,博晟生醫,29,2,27,第一金-員林,2023-04-21,5381
00665L,富邦�琤肭磪囓�2,25,0,25,第一金-員林,2023-04-21,5381
3380,明泰,24,1,23,第一金-員林,2023-04-21,5381
00650L,復華香港正2,20,0,20,第一金-員林,2023-04-21,5381
2444,兆勁,20,0,20,第一金-員林,2023-04-21,5381
2610,華航,18,0,18,第一金-員林,2023-04-21,5381
4503,金雨,17,0,17,第一金-員林,2023-04-21,5381
00900,富邦特選高股息30,15,0,15,第一金-員林,2023-04-21,5381
4566,時碩工業,15,0,15,第一金-員林,2023-04-21,5381
1611,中電,32,18,14,第一金-員林,2023-04-21,5381
3006,晶豪科,14,0,14,第一金-員林,2023-04-21,5381
3576,聯合再生,18,5,13,第一金-員林,2023-04-21,5381
00632R,元大台灣50反1,62,50,12,第一金-員林,2023-04-21,5381
2401,凌陽,13,1,12,第一金-員林,2023-04-21,5381
3321,同泰,12,0,12,第一金-員林,2023-04-21,5381
3607,谷崧,12,0,12,第一金-員林,2023-04-21,5381
4979,華星光,12,0,12,第一金-員林,2023-04-21,5381
2634,漢翔,27,16,11,第一金-員林,2023-04-21,5381
8028,昇陽半導體,11,0,11,第一金-員林,2023-04-21,5381
8093,保銳,11,0,11,第一金-員林,2023-04-21,5381
1605,華新,13,2,11,第一金-員林,2023-04-21,5381
5009,榮剛,12,2,10,第一金-員林,2023-04-21,5381
6235,華孚,11,1,10,第一金-員林,2023-04-21,5381
1316,上曜,10,0,10,第一金-員林,2023-04-21,5381
1506,正道,10,0,10,第一金-員林,2023-04-21,5381
2002,中鋼,10,0,10,第一金-員林,2023-04-21,5381
2241,艾姆勒,10,0,10,第一金-員林,2023-04-21,5381
2313,華通,10,0,10,第一金-員林,2023-04-21,5381
2888,新光金,10,0,10,第一金-員林,2023-04-21,5381
4440,宜新實業,10,0,10,第一金-員林,2023-04-21,5381
4967,十銓,14,4,10,第一金-員林,2023-04-21,5381
2454,聯發科,9,0,9,第一金-員林,2023-04-21,5381
2308,台達電,9,0,9,第一金-員林,2023-04-21,5381
1909,榮成,27,18,9,第一金-員林,2023-04-21,5381
2303,聯電,11,2,9,第一金-員林,2023-04-21,5381
6547,高端疫苗,10,1,9,第一金-員林,2023-04-21,5381
00720B,元大投資級公司債,10,1,9,第一金-員林,2023-04-21,5381
00885,富邦越南,8,0,8,第一金-員林,2023-04-21,5381
2484,希華,8,0,8,第一金-員林,2023-04-21,5381
4162,智擎,9,1,8,第一金-員林,2023-04-21,5381
0056,元大高股息,9,1,8,第一金-員林,2023-04-21,5381
2313,華通,57,1,56,第一金-員林,2023-04-24,5381
00680L,元大美債20正2,39,0,39,第一金-員林,2023-04-24,5381
4979,華星光,34,3,31,第一金-員林,2023-04-24,5381
00902,中信電池及儲能,24,0,24,第一金-員林,2023-04-24,5381
1101,台泥,87,64,23,第一金-員林,2023-04-24,5381
00632R,元大台灣50反1,32,10,22,第一金-員林,2023-04-24,5381
00637L,元大滬深300正2,30,10,20,第一金-員林,2023-04-24,5381
00878,國泰永續高股息,29,11,18,第一金-員林,2023-04-24,5381
00712,復華富時不動產,18,0,18,第一金-員林,2023-04-24,5381
2014,中鴻,20,5,15,第一金-員林,2023-04-24,5381
2609,陽明,14,0,14,第一金-員林,2023-04-24,5381
2809,京城銀,13,0,13,第一金-員林,2023-04-24,5381
2913,農林,67,54,13,第一金-員林,2023-04-24,5381
00633L,富邦上証正2,14,2,12,第一金-員林,2023-04-24,5381
1584,精剛,14,2,12,第一金-員林,2023-04-24,5381
2324,仁寶,11,0,11,第一金-員林,2023-04-24,5381
6733,博晟生醫,11,0,11,第一金-員林,2023-04-24,5381
2358,廷鑫,10,0,10,第一金-員林,2023-04-24,5381
3624,光頡,10,0,10,第一金-員林,2023-04-24,5381
4440,宜新實業,10,0,10,第一金-員林,2023-04-24,5381
6182,合晶,10,0,10,第一金-員林,2023-04-24,5381
9902,台火,10,0,10,第一金-員林,2023-04-24,5381
2867,三商壽,9,0,9,第一金-員林,2023-04-24,5381
4142,國光生,9,0,9,第一金-員林,2023-04-24,5381
6282,康舒,74,65,9,第一金-員林,2023-04-24,5381
00893,國泰智能電動車,8,0,8,第一金-員林,2023-04-24,5381
5425,台半,7,0,7,第一金-員林,2023-04-24,5381
1711,永光,28,21,7,第一金-員林,2023-04-24,5381
2461,光群雷,7,0,7,第一金-員林,2023-04-24,5381
5880,合庫金,10,3,7,第一金-員林,2023-04-24,5381
2303,聯電,12,6,6,第一金-員林,2023-04-24,5381
00751B,元大AAA至A公司債,6,0,6,第一金-員林,2023-04-24,5381
2027,大成鋼,6,0,6,第一金-員林,2023-04-24,5381
4550,長佳,6,0,6,第一金-員林,2023-04-24,5381
00885,富邦越南,6,0,6,第一金-員林,2023-04-24,5381
2330,台積電,7,1,6,第一金-員林,2023-04-24,5381
00891,中信關鍵半導體,5,0,5,第一金-員林,2023-04-24,5381
00665L,富邦�琤肭磪囓�2,5,0,5,第一金-員林,2023-04-24,5381
1611,中電,5,0,5,第一金-員林,2023-04-24,5381
1709,和益,12,7,5,第一金-員林,2023-04-24,5381
2457,飛宏,6,1,5,第一金-員林,2023-04-24,5381
2614,東森,5,0,5,第一金-員林,2023-04-24,5381
2723,美食-KY,5,0,5,第一金-員林,2023-04-24,5381
3050,鈺德,5,0,5,第一金-員林,2023-04-24,5381
3078,僑威,8,3,5,第一金-員林,2023-04-24,5381
4739,康普,5,0,5,第一金-員林,2023-04-24,5381
5488,松普,5,0,5,第一金-員林,2023-04-24,5381
6257,矽格,5,0,5,第一金-員林,2023-04-24,5381
6288,聯嘉,5,0,5,第一金-員林,2023-04-24,5381
8088,品安,6,1,5,第一金-員林,2023-04-24,5381
00878,國泰永續高股息,99,11,88,第一金-員林,2023-04-25,5381
00753L,中信中國50正2,60,0,60,第一金-員林,2023-04-25,5381
00881,國泰台灣5G+,51,0,51,第一金-員林,2023-04-25,5381
2482,連宇,43,2,41,第一金-員林,2023-04-25,5381
2867,三商壽,40,0,40,第一金-員林,2023-04-25,5381
2618,長榮航,37,0,37,第一金-員林,2023-04-25,5381
2889,國票金,52,15,37,第一金-員林,2023-04-25,5381
00665L,富邦�琤肭磪囓�2,33,0,33,第一金-員林,2023-04-25,5381
6116,彩晶,32,0,32,第一金-員林,2023-04-25,5381
2471,資通,35,5,30,第一金-員林,2023-04-25,5381
0056,元大高股息,33,4,29,第一金-員林,2023-04-25,5381
1101,台泥,40,12,28,第一金-員林,2023-04-25,5381
2888,新光金,28,0,28,第一金-員林,2023-04-25,5381
4108,懷特,30,2,28,第一金-員林,2023-04-25,5381
00637L,元大滬深300正2,25,0,25,第一金-員林,2023-04-25,5381
1310,台苯,91,67,24,第一金-員林,2023-04-25,5381
2634,漢翔,101,80,21,第一金-員林,2023-04-25,5381
8076,伍豐,20,0,20,第一金-員林,2023-04-25,5381
2610,華航,17,0,17,第一金-員林,2023-04-25,5381
3260,威剛,20,3,17,第一金-員林,2023-04-25,5381
2317,鴻海,16,0,16,第一金-員林,2023-04-25,5381
8069,元太,16,1,15,第一金-員林,2023-04-25,5381
00902,中信電池及儲能,14,0,14,第一金-員林,2023-04-25,5381
2002,中鋼,20,7,13,第一金-員林,2023-04-25,5381
3231,緯創,23,10,13,第一金-員林,2023-04-25,5381
2208,台船,18,5,13,第一金-員林,2023-04-25,5381
006208,富邦台50,12,0,12,第一金-員林,2023-04-25,5381
1219,福壽,27,15,12,第一金-員林,2023-04-25,5381
1503,士電,16,4,12,第一金-員林,2023-04-25,5381
4720,德淵,12,0,12,第一金-員林,2023-04-25,5381
1605,華新,13,1,12,第一金-員林,2023-04-25,5381
2303,聯電,16,5,11,第一金-員林,2023-04-25,5381
6112,邁達特,11,0,11,第一金-員林,2023-04-25,5381
00650L,復華香港正2,11,0,11,第一金-員林,2023-04-25,5381
5309,系統電,20,9,11,第一金-員林,2023-04-25,5381
00882,中信中國高股息,11,0,11,第一金-員林,2023-04-25,5381
00633L,富邦上証正2,12,2,10,第一金-員林,2023-04-25,5381
020027,元大上櫃ESG成長N,10,0,10,第一金-員林,2023-04-25,5381
1710,東聯,21,11,10,第一金-員林,2023-04-25,5381
3189,景碩,12,2,10,第一金-員林,2023-04-25,5381
6191,精成科,10,0,10,第一金-員林,2023-04-25,5381
6248,沛波,15,5,10,第一金-員林,2023-04-25,5381
9902,台火,10,0,10,第一金-員林,2023-04-25,5381
00679B,元大美債20年,9,0,9,第一金-員林,2023-04-25,5381
2108,南帝,10,1,9,第一金-員林,2023-04-25,5381
2206,三陽工業,32,23,9,第一金-員林,2023-04-25,5381
00713,元大台灣高息低波,10,1,9,第一金-員林,2023-04-25,5381
0050,元大台灣50,9,1,8,第一金-員林,2023-04-25,5381
1709,和益,10,2,8,第一金-員林,2023-04-25,5381
2337,旺宏,8,0,8,第一金-員林,2023-04-25,5381
00924,復華S＆P500成長,105,10,95,第一金-員林,2023-04-26,5381
4711,永純,50,0,50,第一金-員林,2023-04-26,5381
2888,新光金,33,0,33,第一金-員林,2023-04-26,5381
9105,泰金寶-DR,30,0,30,第一金-員林,2023-04-26,5381
3035,智原,49,20,29,第一金-員林,2023-04-26,5381
3027,盛達,30,4,26,第一金-員林,2023-04-26,5381
00885,富邦越南,25,0,25,第一金-員林,2023-04-26,5381
00882,中信中國高股息,23,0,23,第一金-員林,2023-04-26,5381
3209,全科,25,2,23,第一金-員林,2023-04-26,5381
2359,所羅門,21,0,21,第一金-員林,2023-04-26,5381
00712,復華富時不動產,20,0,20,第一金-員林,2023-04-26,5381
2313,華通,20,0,20,第一金-員林,2023-04-26,5381
4720,德淵,20,0,20,第一金-員林,2023-04-26,5381
00878,國泰永續高股息,31,14,17,第一金-員林,2023-04-26,5381
2495,普安,22,6,16,第一金-員林,2023-04-26,5381
2609,陽明,17,2,15,第一金-員林,2023-04-26,5381
2358,廷鑫,13,0,13,第一金-員林,2023-04-26,5381
6531,愛普*,17,4,13,第一金-員林,2023-04-26,5381
2884,玉山金,12,0,12,第一金-員林,2023-04-26,5381
020027,元大上櫃ESG成長N,13,1,12,第一金-員林,2023-04-26,5381
6109,亞元,12,0,12,第一金-員林,2023-04-26,5381
0056,元大高股息,16,5,11,第一金-員林,2023-04-26,5381
2308,台達電,11,0,11,第一金-員林,2023-04-26,5381
2618,長榮航,11,0,11,第一金-員林,2023-04-26,5381
2610,華航,11,0,11,第一金-員林,2023-04-26,5381
8222,寶一,11,1,10,第一金-員林,2023-04-26,5381
6234,高僑,12,2,10,第一金-員林,2023-04-26,5381
020020,元大台股領航N,10,0,10,第一金-員林,2023-04-26,5381
2530,華建,10,0,10,第一金-員林,2023-04-26,5381
2915,潤泰全,10,0,10,第一金-員林,2023-04-26,5381
3189,景碩,10,0,10,第一金-員林,2023-04-26,5381
3466,德晉,10,0,10,第一金-員林,2023-04-26,5381
4562,穎漢,10,0,10,第一金-員林,2023-04-26,5381
8085,福華,10,0,10,第一金-員林,2023-04-26,5381
2603,長榮,11,2,9,第一金-員林,2023-04-26,5381
1101,台泥,21,12,9,第一金-員林,2023-04-26,5381
3624,光頡,10,1,9,第一金-員林,2023-04-26,5381
00715L,期街口布蘭特正2,12,4,8,第一金-員林,2023-04-26,5381
6282,康舒,13,5,8,第一金-員林,2023-04-26,5381
6770,力積電,9,1,8,第一金-員林,2023-04-26,5381
2330,台積電,8,0,8,第一金-員林,2023-04-26,5381
6163,華電網,9,2,7,第一金-員林,2023-04-26,5381
00919,群益台灣精選高息,7,0,7,第一金-員林,2023-04-26,5381
1904,正隆,9,2,7,第一金-員林,2023-04-26,5381
3711,日月光投控,41,35,6,第一金-員林,2023-04-26,5381
4550,長佳,6,0,6,第一金-員林,2023-04-26,5381
6179,亞通,6,0,6,第一金-員林,2023-04-26,5381
8038,長園科,6,0,6,第一金-員林,2023-04-26,5381
9955,佳龍,10,4,6,第一金-員林,2023-04-26,5381
2002,中鋼,5,0,5,第一金-員林,2023-04-26,5381
6116,彩晶,200,0,200,第一金-員林,2023-04-27,5381
1711,永光,140,49,91,第一金-員林,2023-04-27,5381
00632R,元大台灣50反1,130,40,90,第一金-員林,2023-04-27,5381
4720,德淵,55,9,46,第一金-員林,2023-04-27,5381
2515,中工,40,0,40,第一金-員林,2023-04-27,5381
2002,中鋼,35,0,35,第一金-員林,2023-04-27,5381
2330,台積電,31,4,27,第一金-員林,2023-04-27,5381
00680L,元大美債20正2,24,0,24,第一金-員林,2023-04-27,5381
1717,長興,21,0,21,第一金-員林,2023-04-27,5381
6185,幃翔,21,0,21,第一金-員林,2023-04-27,5381
1605,華新,21,0,21,第一金-員林,2023-04-27,5381
00664R,國泰臺灣加權反1,20,0,20,第一金-員林,2023-04-27,5381
9902,台火,20,0,20,第一金-員林,2023-04-27,5381
1471,首利,14,0,14,第一金-員林,2023-04-27,5381
2609,陽明,12,0,12,第一金-員林,2023-04-27,5381
1795,美時,12,0,12,第一金-員林,2023-04-27,5381
00720B,元大投資級公司債,11,0,11,第一金-員林,2023-04-27,5381
2014,中鴻,10,0,10,第一金-員林,2023-04-27,5381
2409,友達,10,0,10,第一金-員林,2023-04-27,5381
2809,京城銀,10,0,10,第一金-員林,2023-04-27,5381
2888,新光金,10,0,10,第一金-員林,2023-04-27,5381
3049,精金,10,0,10,第一金-員林,2023-04-27,5381
5009,榮剛,18,8,10,第一金-員林,2023-04-27,5381
5309,系統電,10,0,10,第一金-員林,2023-04-27,5381
00715L,期街口布蘭特正2,28,19,9,第一金-員林,2023-04-27,5381
1410,南染,9,0,9,第一金-員林,2023-04-27,5381
2705,六福,9,0,9,第一金-員林,2023-04-27,5381
2303,聯電,10,1,9,第一金-員林,2023-04-27,5381
2344,華邦電,12,4,8,第一金-員林,2023-04-27,5381
4306,炎洲,8,0,8,第一金-員林,2023-04-27,5381
00752,中信中國50,7,0,7,第一金-員林,2023-04-27,5381
1584,精剛,7,0,7,第一金-員林,2023-04-27,5381
2615,萬海,7,0,7,第一金-員林,2023-04-27,5381
00902,中信電池及儲能,6,0,6,第一金-員林,2023-04-27,5381
00679B,元大美債20年,6,0,6,第一金-員林,2023-04-27,5381
1316,上曜,11,5,6,第一金-員林,2023-04-27,5381
2538,基泰,6,0,6,第一金-員林,2023-04-27,5381
4566,時碩工業,7,1,6,第一金-員林,2023-04-27,5381
6167,久正,6,0,6,第一金-員林,2023-04-27,5381
3715,定穎投控,5,0,5,第一金-員林,2023-04-27,5381
2313,華通,5,0,5,第一金-員林,2023-04-27,5381
3094,聯傑,5,0,5,第一金-員林,2023-04-27,5381
6278,台表科,5,0,5,第一金-員林,2023-04-27,5381
00751B,元大AAA至A公司債,4,0,4,第一金-員林,2023-04-27,5381
1319,東陽,4,0,4,第一金-員林,2023-04-27,5381
2206,三陽工業,4,0,4,第一金-員林,2023-04-27,5381
2243,宏旭-KY,4,0,4,第一金-員林,2023-04-27,5381
2351,順德,5,1,4,第一金-員林,2023-04-27,5381
2610,華航,11,7,4,第一金-員林,2023-04-27,5381
3324,雙鴻,7,3,4,第一金-員林,2023-04-27,5381
2409,友達,217,0,217,第一金-員林,2023-04-28,5381
2888,新光金,205,0,205,第一金-員林,2023-04-28,5381
00632R,元大台灣50反1,165,1,164,第一金-員林,2023-04-28,5381
3481,群創,80,10,70,第一金-員林,2023-04-28,5381
4711,永純,60,10,50,第一金-員林,2023-04-28,5381
5009,榮剛,99,49,50,第一金-員林,2023-04-28,5381
2358,廷鑫,30,0,30,第一金-員林,2023-04-28,5381
00680L,元大美債20正2,26,0,26,第一金-員林,2023-04-28,5381
8222,寶一,34,8,26,第一金-員林,2023-04-28,5381
2457,飛宏,24,4,20,第一金-員林,2023-04-28,5381
2388,威盛,21,2,19,第一金-員林,2023-04-28,5381
2429,銘旺科,20,1,19,第一金-員林,2023-04-28,5381
6282,康舒,25,8,17,第一金-員林,2023-04-28,5381
00720B,元大投資級公司債,16,0,16,第一金-員林,2023-04-28,5381
1517,利奇,16,0,16,第一金-員林,2023-04-28,5381
2344,華邦電,18,3,15,第一金-員林,2023-04-28,5381
1101,台泥,17,3,14,第一金-員林,2023-04-28,5381
00919,群益台灣精選高息,15,2,13,第一金-員林,2023-04-28,5381
4550,長佳,13,0,13,第一金-員林,2023-04-28,5381
2913,農林,15,3,12,第一金-員林,2023-04-28,5381
3704,合勤控,13,1,12,第一金-員林,2023-04-28,5381
8038,長園科,13,1,12,第一金-員林,2023-04-28,5381
2890,永豐金,11,0,11,第一金-員林,2023-04-28,5381
6257,矽格,11,0,11,第一金-員林,2023-04-28,5381
1314,中石化,10,0,10,第一金-員林,2023-04-28,5381
00888,永豐台灣ESG,10,0,10,第一金-員林,2023-04-28,5381
2538,基泰,10,0,10,第一金-員林,2023-04-28,5381
4967,十銓,12,2,10,第一金-員林,2023-04-28,5381
6248,沛波,15,5,10,第一金-員林,2023-04-28,5381
00679B,元大美債20年,9,0,9,第一金-員林,2023-04-28,5381
1342,八貫,9,0,9,第一金-員林,2023-04-28,5381
2880,華南金,32,24,8,第一金-員林,2023-04-28,5381
00751B,元大AAA至A公司債,8,0,8,第一金-員林,2023-04-28,5381
1503,士電,12,4,8,第一金-員林,2023-04-28,5381
1528,恩德,8,0,8,第一金-員林,2023-04-28,5381
3056,富華新,12,4,8,第一金-員林,2023-04-28,5381
3231,緯創,9,1,8,第一金-員林,2023-04-28,5381
6191,精成科,10,2,8,第一金-員林,2023-04-28,5381
6733,博晟生醫,8,0,8,第一金-員林,2023-04-28,5381
1410,南染,7,0,7,第一金-員林,2023-04-28,5381
1734,杏輝,7,0,7,第一金-員林,2023-04-28,5381
6741,91APP*-KY,11,4,7,第一金-員林,2023-04-28,5381
00671R,富邦NASDAQ反1,6,0,6,第一金-員林,2023-04-28,5381
2399,映泰,6,0,6,第一金-員林,2023-04-28,5381
3047,訊舟,6,0,6,第一金-員林,2023-04-28,5381
00878,國泰永續高股息,8,3,5,第一金-員林,2023-04-28,5381
2034,允強,5,0,5,第一金-員林,2023-04-28,5381
00900,富邦特選高股息30,5,0,5,第一金-員林,2023-04-28,5381
2461,光群雷,5,0,5,第一金-員林,2023-04-28,5381
2630,亞航,5,0,5,第一金-員林,2023-04-28,5381
00632R,元大台灣50反1,85,0,85,第一金-員林,2023-05-02,5381
1809,中釉,52,1,51,第一金-員林,2023-05-02,5381
2915,潤泰全,50,0,50,第一金-員林,2023-05-02,5381
00680L,元大美債20正2,44,0,44,第一金-員林,2023-05-02,5381
2331,精英,40,0,40,第一金-員林,2023-05-02,5381
2641,正德,40,0,40,第一金-員林,2023-05-02,5381
00706L,期元大S＆P日圓正2,30,0,30,第一金-員林,2023-05-02,5381
2495,普安,68,40,28,第一金-員林,2023-05-02,5381
2634,漢翔,44,17,27,第一金-員林,2023-05-02,5381
00679B,元大美債20年,25,0,25,第一金-員林,2023-05-02,5381
6120,達運,24,0,24,第一金-員林,2023-05-02,5381
00900,富邦特選高股息30,17,0,17,第一金-員林,2023-05-02,5381
3029,零壹,33,17,16,第一金-員林,2023-05-02,5381
6111,大宇資,19,4,15,第一金-員林,2023-05-02,5381
00665L,富邦�琤肭磪囓�2,15,0,15,第一金-員林,2023-05-02,5381
3033,威健,15,0,15,第一金-員林,2023-05-02,5381
00720B,元大投資級公司債,15,0,15,第一金-員林,2023-05-02,5381
1314,中石化,15,1,14,第一金-員林,2023-05-02,5381
1513,中興電,16,2,14,第一金-員林,2023-05-02,5381
2609,陽明,26,13,13,第一金-員林,2023-05-02,5381
2409,友達,113,100,13,第一金-員林,2023-05-02,5381
00773B,中信優先金融債,12,0,12,第一金-員林,2023-05-02,5381
6753,龍德造船,11,0,11,第一金-員林,2023-05-02,5381
2603,長榮,19,9,10,第一金-員林,2023-05-02,5381
6531,愛普*,10,0,10,第一金-員林,2023-05-02,5381
00751B,元大AAA至A公司債,9,0,9,第一金-員林,2023-05-02,5381
00772B,中信高評級公司債,8,0,8,第一金-員林,2023-05-02,5381
2031,新光鋼,10,2,8,第一金-員林,2023-05-02,5381
2034,允強,8,0,8,第一金-員林,2023-05-02,5381
2880,華南金,8,1,7,第一金-員林,2023-05-02,5381
1459,聯發,7,0,7,第一金-員林,2023-05-02,5381
6234,高僑,8,1,7,第一金-員林,2023-05-02,5381
6244,茂迪,18,11,7,第一金-員林,2023-05-02,5381
2308,台達電,6,0,6,第一金-員林,2023-05-02,5381
00902,中信電池及儲能,6,0,6,第一金-員林,2023-05-02,5381
3714,富采,7,1,6,第一金-員林,2023-05-02,5381
4562,穎漢,6,0,6,第一金-員林,2023-05-02,5381
2314,台揚,5,0,5,第一金-員林,2023-05-02,5381
1313,聯成,5,0,5,第一金-員林,2023-05-02,5381
1514,亞力,12,7,5,第一金-員林,2023-05-02,5381
1802,台玻,7,2,5,第一金-員林,2023-05-02,5381
2461,光群雷,5,0,5,第一金-員林,2023-05-02,5381
2707,晶華,5,0,5,第一金-員林,2023-05-02,5381
3014,聯陽,7,2,5,第一金-員林,2023-05-02,5381
3050,鈺德,5,0,5,第一金-員林,2023-05-02,5381
3289,宜特,5,0,5,第一金-員林,2023-05-02,5381
4127,天良,13,8,5,第一金-員林,2023-05-02,5381
4130,健亞,6,1,5,第一金-員林,2023-05-02,5381
5465,富驊,5,0,5,第一金-員林,2023-05-02,5381
8926,台汽電,5,0,5,第一金-員林,2023-05-02,5381
00780B,國泰A級金融債,123,0,123,第一金-員林,2023-05-03,5381
2206,三陽工業,131,8,123,第一金-員林,2023-05-03,5381
2014,中鴻,66,0,66,第一金-員林,2023-05-03,5381
00712,復華富時不動產,56,0,56,第一金-員林,2023-05-03,5381
1514,亞力,63,13,50,第一金-員林,2023-05-03,5381
00753L,中信中國50正2,44,0,44,第一金-員林,2023-05-03,5381
1711,永光,48,5,43,第一金-員林,2023-05-03,5381
1809,中釉,41,4,37,第一金-員林,2023-05-03,5381
00665L,富邦�琤肭磪囓�2,35,0,35,第一金-員林,2023-05-03,5381
3078,僑威,38,5,33,第一金-員林,2023-05-03,5381
00650L,復華香港正2,32,0,32,第一金-員林,2023-05-03,5381
1101,台泥,38,10,28,第一金-員林,2023-05-03,5381
00637L,元大滬深300正2,25,0,25,第一金-員林,2023-05-03,5381
00715L,期街口布蘭特正2,31,8,23,第一金-員林,2023-05-03,5381
3712,永崴投控,21,2,19,第一金-員林,2023-05-03,5381
2890,永豐金,20,2,18,第一金-員林,2023-05-03,5381
5465,富驊,18,0,18,第一金-員林,2023-05-03,5381
1905,華紙,20,2,18,第一金-員林,2023-05-03,5381
2603,長榮,20,3,17,第一金-員林,2023-05-03,5381
3481,群創,15,0,15,第一金-員林,2023-05-03,5381
1460,宏遠,15,0,15,第一金-員林,2023-05-03,5381
2913,農林,18,4,14,第一金-員林,2023-05-03,5381
9105,泰金寶-DR,13,0,13,第一金-員林,2023-05-03,5381
00679B,元大美債20年,16,5,11,第一金-員林,2023-05-03,5381
6244,茂迪,17,6,11,第一金-員林,2023-05-03,5381
2609,陽明,18,7,11,第一金-員林,2023-05-03,5381
1104,環泥,11,0,11,第一金-員林,2023-05-03,5381
00633L,富邦上証正2,11,0,11,第一金-員林,2023-05-03,5381
6753,龍德造船,11,0,11,第一金-員林,2023-05-03,5381
1314,中石化,11,0,11,第一金-員林,2023-05-03,5381
2312,金寶,10,0,10,第一金-員林,2023-05-03,5381
00882,中信中國高股息,10,0,10,第一金-員林,2023-05-03,5381
2484,希華,10,0,10,第一金-員林,2023-05-03,5381
3321,同泰,10,0,10,第一金-員林,2023-05-03,5381
4550,長佳,10,0,10,第一金-員林,2023-05-03,5381
2204,中華,11,2,9,第一金-員林,2023-05-03,5381
4541,晟田,14,5,9,第一金-員林,2023-05-03,5381
2359,所羅門,8,0,8,第一金-員林,2023-05-03,5381
2867,三商壽,13,6,7,第一金-員林,2023-05-03,5381
2201,裕隆,6,0,6,第一金-員林,2023-05-03,5381
3518,柏騰,10,4,6,第一金-員林,2023-05-03,5381
4130,健亞,6,0,6,第一金-員林,2023-05-03,5381
6282,康舒,6,0,6,第一金-員林,2023-05-03,5381
3231,緯創,7,2,5,第一金-員林,2023-05-03,5381
00642U,期元大S＆P石油,5,0,5,第一金-員林,2023-05-03,5381
1316,上曜,5,0,5,第一金-員林,2023-05-03,5381
1709,和益,7,2,5,第一金-員林,2023-05-03,5381
1802,台玻,5,0,5,第一金-員林,2023-05-03,5381
3056,富華新,5,0,5,第一金-員林,2023-05-03,5381
3207,耀勝,5,0,5,第一金-員林,2023-05-03,5381
00715L,期街口布蘭特正2,62,0,62,第一金-員林,2023-05-04,5381
00728,第一金工業30,50,0,50,第一金-員林,2023-05-04,5381
2007,燁興,49,0,49,第一金-員林,2023-05-04,5381
00780B,國泰A級金融債,42,0,42,第一金-員林,2023-05-04,5381
3050,鈺德,40,0,40,第一金-員林,2023-05-04,5381
2014,中鴻,35,0,35,第一金-員林,2023-05-04,5381
00632R,元大台灣50反1,32,0,32,第一金-員林,2023-05-04,5381
00712,復華富時不動產,37,6,31,第一金-員林,2023-05-04,5381
00642U,期元大S＆P石油,25,0,25,第一金-員林,2023-05-04,5381
2303,聯電,23,0,23,第一金-員林,2023-05-04,5381
3363,上詮,24,2,22,第一金-員林,2023-05-04,5381
1305,華夏,20,0,20,第一金-員林,2023-05-04,5381
2482,連宇,20,0,20,第一金-員林,2023-05-04,5381
3078,僑威,40,21,19,第一金-員林,2023-05-04,5381
1516,川飛,15,0,15,第一金-員林,2023-05-04,5381
3481,群創,15,1,14,第一金-員林,2023-05-04,5381
2359,所羅門,14,0,14,第一金-員林,2023-05-04,5381
2344,華邦電,12,0,12,第一金-員林,2023-05-04,5381
00885,富邦越南,10,0,10,第一金-員林,2023-05-04,5381
1529,樂事綠能,18,8,10,第一金-員林,2023-05-04,5381
1734,杏輝,11,1,10,第一金-員林,2023-05-04,5381
2641,正德,10,0,10,第一金-員林,2023-05-04,5381
3231,緯創,18,8,10,第一金-員林,2023-05-04,5381
3646,艾恩特,10,0,10,第一金-員林,2023-05-04,5381
2731,雄獅,25,15,10,第一金-員林,2023-05-04,5381
4916,事欣科,9,0,9,第一金-員林,2023-05-04,5381
2883,凱基金,10,1,9,第一金-員林,2023-05-04,5381
00679B,元大美債20年,30,22,8,第一金-員林,2023-05-04,5381
2916,滿心,8,0,8,第一金-員林,2023-05-04,5381
2002,中鋼,8,2,6,第一金-員林,2023-05-04,5381
1618,合機,6,0,6,第一金-員林,2023-05-04,5381
3046,建��,10,4,6,第一金-員林,2023-05-04,5381
6234,高僑,10,4,6,第一金-員林,2023-05-04,5381
1319,東陽,9,4,5,第一金-員林,2023-05-04,5381
1417,嘉裕,5,0,5,第一金-員林,2023-05-04,5381
1514,亞力,5,0,5,第一金-員林,2023-05-04,5381
2748,雲品,8,3,5,第一金-員林,2023-05-04,5381
3450,聯鈞,5,0,5,第一金-員林,2023-05-04,5381
4167,松瑞藥,5,0,5,第一金-員林,2023-05-04,5381
5211,蒙恬,8,3,5,第一金-員林,2023-05-04,5381
6177,達麗,5,0,5,第一金-員林,2023-05-04,5381
6179,亞通,5,0,5,第一金-員林,2023-05-04,5381
3037,欣興,6,2,4,第一金-員林,2023-05-04,5381
00892,富邦台灣半導體,4,0,4,第一金-員林,2023-05-04,5381
00907,永豐優息存股,4,0,4,第一金-員林,2023-05-04,5381
1519,華城,14,10,4,第一金-員林,2023-05-04,5381
3013,晟銘電,6,2,4,第一金-員林,2023-05-04,5381
3419,譁裕,9,5,4,第一金-員林,2023-05-04,5381
3494,誠研,4,0,4,第一金-員林,2023-05-04,5381
4113,聯上,4,0,4,第一金-員林,2023-05-04,5381
00756B,群益投等新興公債,177,0,177,第一金-員林,2023-05-05,5381
00632R,元大台灣50反1,85,5,80,第一金-員林,2023-05-05,5381
00720B,元大投資級公司債,63,0,63,第一金-員林,2023-05-05,5381
2897,王道銀行,50,0,50,第一金-員林,2023-05-05,5381
8215,明基材,35,0,35,第一金-員林,2023-05-05,5381
00878,國泰永續高股息,40,11,29,第一金-員林,2023-05-05,5381
00679B,元大美債20年,28,0,28,第一金-員林,2023-05-05,5381
00772B,中信高評級公司債,24,0,24,第一金-員林,2023-05-05,5381
00715L,期街口布蘭特正2,36,13,23,第一金-員林,2023-05-05,5381
1609,大亞,64,41,23,第一金-員林,2023-05-05,5381
3078,僑威,22,1,21,第一金-員林,2023-05-05,5381
1533,車王電,20,0,20,第一金-員林,2023-05-05,5381
3402,漢科,20,0,20,第一金-員林,2023-05-05,5381
6227,茂綸,20,0,20,第一金-員林,2023-05-05,5381
00773B,中信優先金融債,16,0,16,第一金-員林,2023-05-05,5381
1516,川飛,17,1,16,第一金-員林,2023-05-05,5381
3711,日月光投控,15,2,13,第一金-員林,2023-05-05,5381
6733,博晟生醫,22,9,13,第一金-員林,2023-05-05,5381
4114,健喬,22,10,12,第一金-員林,2023-05-05,5381
1309,台達化,10,0,10,第一金-員林,2023-05-05,5381
00795B,中信美國公債20年,10,0,10,第一金-員林,2023-05-05,5381
1536,和大,10,0,10,第一金-員林,2023-05-05,5381
3011,今皓,10,0,10,第一金-員林,2023-05-05,5381
6612,奈米醫材,10,0,10,第一金-員林,2023-05-05,5381
9902,台火,10,0,10,第一金-員林,2023-05-05,5381
2731,雄獅,10,0,10,第一金-員林,2023-05-05,5381
00680L,元大美債20正2,9,0,9,第一金-員林,2023-05-05,5381
2331,精英,10,1,9,第一金-員林,2023-05-05,5381
00712,復華富時不動產,8,0,8,第一金-員林,2023-05-05,5381
1701,中化,8,0,8,第一金-員林,2023-05-05,5381
00688L,國泰20年美債正2,7,0,7,第一金-員林,2023-05-05,5381
1101,台泥,7,0,7,第一金-員林,2023-05-05,5381
2002,中鋼,6,0,6,第一金-員林,2023-05-05,5381
2634,漢翔,34,28,6,第一金-員林,2023-05-05,5381
2337,旺宏,6,0,6,第一金-員林,2023-05-05,5381
2358,廷鑫,10,4,6,第一金-員林,2023-05-05,5381
2903,遠百,9,3,6,第一金-員林,2023-05-05,5381
4915,致伸,6,0,6,第一金-員林,2023-05-05,5381
6443,元晶,26,20,6,第一金-員林,2023-05-05,5381
6715,嘉基,6,0,6,第一金-員林,2023-05-05,5381
6531,愛普*,5,0,5,第一金-員林,2023-05-05,5381
3006,晶豪科,5,0,5,第一金-員林,2023-05-05,5381
2609,陽明,7,2,5,第一金-員林,2023-05-05,5381
4129,聯合,5,0,5,第一金-員林,2023-05-05,5381
00673R,期元大S＆P原油反1,5,0,5,第一金-員林,2023-05-05,5381
00696B,富邦美債20年,5,0,5,第一金-員林,2023-05-05,5381
1721,三晃,10,5,5,第一金-員林,2023-05-05,5381
2484,希華,5,0,5,第一金-員林,2023-05-05,5381
2888,新光金,6,1,5,第一金-員林,2023-05-05,5381
3260,威剛,5,0,5,第一金-員林,2023-05-05,5381
00725B,國泰投資級公司債,100,0,100,第一金-員林,2023-05-08,5381
00632R,元大台灣50反1,95,1,94,第一金-員林,2023-05-08,5381
2883,凱基金,69,1,68,第一金-員林,2023-05-08,5381
1605,華新,77,12,65,第一金-員林,2023-05-08,5381
1218,泰山,73,33,40,第一金-員林,2023-05-08,5381
8038,長園科,26,0,26,第一金-員林,2023-05-08,5381
00680L,元大美債20正2,24,0,24,第一金-員林,2023-05-08,5381
2890,永豐金,20,0,20,第一金-員林,2023-05-08,5381
5321,美而快,20,0,20,第一金-員林,2023-05-08,5381
1504,東元,22,4,18,第一金-員林,2023-05-08,5381
3264,欣銓,17,0,17,第一金-員林,2023-05-08,5381
00878,國泰永續高股息,17,1,16,第一金-員林,2023-05-08,5381
2014,中鴻,16,0,16,第一金-員林,2023-05-08,5381
2495,普安,16,1,15,第一金-員林,2023-05-08,5381
6125,廣運,15,2,13,第一金-員林,2023-05-08,5381
2342,茂矽,13,0,13,第一金-員林,2023-05-08,5381
1720,生達,14,2,12,第一金-員林,2023-05-08,5381
3481,群創,12,0,12,第一金-員林,2023-05-08,5381
1451,年興,11,0,11,第一金-員林,2023-05-08,5381
6733,博晟生醫,11,0,11,第一金-員林,2023-05-08,5381
3013,晟銘電,15,4,11,第一金-員林,2023-05-08,5381
00795B,中信美國公債20年,10,0,10,第一金-員林,2023-05-08,5381
00773B,中信優先金融債,10,0,10,第一金-員林,2023-05-08,5381
00671R,富邦NASDAQ反1,10,0,10,第一金-員林,2023-05-08,5381
1101,台泥,11,1,10,第一金-員林,2023-05-08,5381
1314,中石化,10,0,10,第一金-員林,2023-05-08,5381
1776,展宇,10,0,10,第一金-員林,2023-05-08,5381
3051,力特,10,0,10,第一金-員林,2023-05-08,5381
4113,聯上,10,0,10,第一金-員林,2023-05-08,5381
6116,彩晶,10,0,10,第一金-員林,2023-05-08,5381
1108,幸福,10,2,8,第一金-員林,2023-05-08,5381
00713,元大台灣高息低波,8,0,8,第一金-員林,2023-05-08,5381
4977,眾達-KY,9,1,8,第一金-員林,2023-05-08,5381
6532,瑞耘,8,0,8,第一金-員林,2023-05-08,5381
00772B,中信高評級公司債,8,0,8,第一金-員林,2023-05-08,5381
2609,陽明,7,0,7,第一金-員林,2023-05-08,5381
2402,毅嘉,9,2,7,第一金-員林,2023-05-08,5381
6288,聯嘉,7,0,7,第一金-員林,2023-05-08,5381
00696B,富邦美債20年,7,0,7,第一金-員林,2023-05-08,5381
9933,中鼎,6,0,6,第一金-員林,2023-05-08,5381
00907,永豐優息存股,6,0,6,第一金-員林,2023-05-08,5381
2352,佳世達,6,0,6,第一金-員林,2023-05-08,5381
2471,資通,8,2,6,第一金-員林,2023-05-08,5381
5289,宜鼎,6,0,6,第一金-員林,2023-05-08,5381
00712,復華富時不動產,5,0,5,第一金-員林,2023-05-08,5381
6179,亞通,5,0,5,第一金-員林,2023-05-08,5381
00890B,凱基ESG BBB債,5,0,5,第一金-員林,2023-05-08,5381
1459,聯發,5,0,5,第一金-員林,2023-05-08,5381
1810,和成,5,0,5,第一金-員林,2023-05-08,5381
2482,連宇,25,20,5,第一金-員林,2023-05-08,5381
00680L,元大美債20正2,135,0,135,第一金-員林,2023-05-09,5381
2359,所羅門,44,1,43,第一金-員林,2023-05-09,5381
2867,三商壽,30,1,29,第一金-員林,2023-05-09,5381
00687B,國泰20年美債,23,0,23,第一金-員林,2023-05-09,5381
3483,力致,40,17,23,第一金-員林,2023-05-09,5381
1337,再生-KY,25,5,20,第一金-員林,2023-05-09,5381
2303,聯電,20,0,20,第一金-員林,2023-05-09,5381
1513,中興電,21,2,19,第一金-員林,2023-05-09,5381
3013,晟銘電,25,6,19,第一金-員林,2023-05-09,5381
00878,國泰永續高股息,31,13,18,第一金-員林,2023-05-09,5381
00773B,中信優先金融債,17,0,17,第一金-員林,2023-05-09,5381
00712,復華富時不動產,16,0,16,第一金-員林,2023-05-09,5381
8215,明基材,15,0,15,第一金-員林,2023-05-09,5381
2897,王道銀行,15,0,15,第一金-員林,2023-05-09,5381
2886,兆豐金,14,0,14,第一金-員林,2023-05-09,5381
3484,崧騰,13,0,13,第一金-員林,2023-05-09,5381
00772B,中信高評級公司債,12,0,12,第一金-員林,2023-05-09,5381
2913,農林,20,8,12,第一金-員林,2023-05-09,5381
3576,聯合再生,12,0,12,第一金-員林,2023-05-09,5381
1605,華新,18,6,12,第一金-員林,2023-05-09,5381
6266,泰詠,11,0,11,第一金-員林,2023-05-09,5381
3356,奇偶,10,0,10,第一金-員林,2023-05-09,5381
3704,合勤控,10,0,10,第一金-員林,2023-05-09,5381
4102,永日,10,0,10,第一金-員林,2023-05-09,5381
4113,聯上,10,0,10,第一金-員林,2023-05-09,5381
4711,永純,10,0,10,第一金-員林,2023-05-09,5381
4931,新盛力,18,8,10,第一金-員林,2023-05-09,5381
4979,華星光,10,0,10,第一金-員林,2023-05-09,5381
00720B,元大投資級公司債,10,0,10,第一金-員林,2023-05-09,5381
6733,博晟生醫,9,0,9,第一金-員林,2023-05-09,5381
3029,零壹,16,8,8,第一金-員林,2023-05-09,5381
00679B,元大美債20年,8,0,8,第一金-員林,2023-05-09,5381
2382,廣達,9,1,8,第一金-員林,2023-05-09,5381
3711,日月光投控,22,15,7,第一金-員林,2023-05-09,5381
2344,華邦電,7,1,6,第一金-員林,2023-05-09,5381
2891,中信金,6,0,6,第一金-員林,2023-05-09,5381
8403,盛弘,11,5,6,第一金-員林,2023-05-09,5381
2105,正新,5,0,5,第一金-員林,2023-05-09,5381
1314,中石化,5,0,5,第一金-員林,2023-05-09,5381
00795B,中信美國公債20年,5,0,5,第一金-員林,2023-05-09,5381
1721,三晃,5,0,5,第一金-員林,2023-05-09,5381
1809,中釉,6,1,5,第一金-員林,2023-05-09,5381
2030,彰源,6,1,5,第一金-員林,2023-05-09,5381
2206,三陽工業,7,2,5,第一金-員林,2023-05-09,5381
3050,鈺德,5,0,5,第一金-員林,2023-05-09,5381
3071,協禧,14,9,5,第一金-員林,2023-05-09,5381
4562,穎漢,5,0,5,第一金-員林,2023-05-09,5381
4566,時碩工業,6,1,5,第一金-員林,2023-05-09,5381
4906,正文,5,0,5,第一金-員林,2023-05-09,5381
4976,佳凌,5,0,5,第一金-員林,2023-05-09,5381
2845,遠東銀,49,0,49,第一金-員林,2023-05-10,5381
00680L,元大美債20正2,40,0,40,第一金-員林,2023-05-10,5381
2342,茂矽,40,0,40,第一金-員林,2023-05-10,5381
00878,國泰永續高股息,46,10,36,第一金-員林,2023-05-10,5381
3711,日月光投控,80,45,35,第一金-員林,2023-05-10,5381
2888,新光金,33,0,33,第一金-員林,2023-05-10,5381
00687B,國泰20年美債,21,0,21,第一金-員林,2023-05-10,5381
4979,華星光,21,0,21,第一金-員林,2023-05-10,5381
3321,同泰,19,0,19,第一金-員林,2023-05-10,5381
00679B,元大美債20年,18,0,18,第一金-員林,2023-05-10,5381
2851,中再保,23,5,18,第一金-員林,2023-05-10,5381
3033,威健,16,0,16,第一金-員林,2023-05-10,5381
2915,潤泰全,15,0,15,第一金-員林,2023-05-10,5381
6570,維田,15,1,14,第一金-員林,2023-05-10,5381
2371,大同,13,0,13,第一金-員林,2023-05-10,5381
3059,華晶科,12,0,12,第一金-員林,2023-05-10,5381
3346,麗清,12,0,12,第一金-員林,2023-05-10,5381
4113,聯上,12,0,12,第一金-員林,2023-05-10,5381
6733,博晟生醫,12,0,12,第一金-員林,2023-05-10,5381
6770,力積電,11,0,11,第一金-員林,2023-05-10,5381
00881,國泰台灣5G+,11,0,11,第一金-員林,2023-05-10,5381
2359,所羅門,11,0,11,第一金-員林,2023-05-10,5381
6235,華孚,11,0,11,第一金-員林,2023-05-10,5381
1217,愛之味,10,0,10,第一金-員林,2023-05-10,5381
00902,中信電池及儲能,10,0,10,第一金-員林,2023-05-10,5381
00633L,富邦上証正2,10,0,10,第一金-員林,2023-05-10,5381
00795B,中信美國公債20年,10,0,10,第一金-員林,2023-05-10,5381
00772B,中信高評級公司債,10,0,10,第一金-員林,2023-05-10,5381
1314,中石化,10,0,10,第一金-員林,2023-05-10,5381
2897,王道銀行,10,0,10,第一金-員林,2023-05-10,5381
3362,先進光,11,1,10,第一金-員林,2023-05-10,5381
00713,元大台灣高息低波,9,0,9,第一金-員林,2023-05-10,5381
00637L,元大滬深300正2,8,0,8,第一金-員林,2023-05-10,5381
1515,力山,8,0,8,第一金-員林,2023-05-10,5381
2331,精英,8,0,8,第一金-員林,2023-05-10,5381
3324,雙鴻,8,0,8,第一金-員林,2023-05-10,5381
1609,大亞,21,14,7,第一金-員林,2023-05-10,5381
1752,南光,7,0,7,第一金-員林,2023-05-10,5381
6558,興能高,7,0,7,第一金-員林,2023-05-10,5381
6282,康舒,9,3,6,第一金-員林,2023-05-10,5381
00773B,中信優先金融債,6,0,6,第一金-員林,2023-05-10,5381
2023,燁輝,6,0,6,第一金-員林,2023-05-10,5381
2034,允強,6,0,6,第一金-員林,2023-05-10,5381
2801,彰銀,6,0,6,第一金-員林,2023-05-10,5381
4440,宜新實業,6,0,6,第一金-員林,2023-05-10,5381
4951,精拓科,6,0,6,第一金-員林,2023-05-10,5381
2303,聯電,7,1,6,第一金-員林,2023-05-10,5381
6244,茂迪,9,3,6,第一金-員林,2023-05-10,5381
00882,中信中國高股息,5,0,5,第一金-員林,2023-05-10,5381
9939,宏全,6,1,5,第一金-員林,2023-05-10,5381
00680L,元大美債20正2,100,0,100,第一金-員林,2023-05-11,5381
2359,所羅門,82,5,77,第一金-員林,2023-05-11,5381
9105,泰金寶-DR,58,0,58,第一金-員林,2023-05-11,5381
9110,越南控-DR,58,0,58,第一金-員林,2023-05-11,5381
2801,彰銀,54,0,54,第一金-員林,2023-05-11,5381
6770,力積電,60,12,48,第一金-員林,2023-05-11,5381
3321,同泰,34,0,34,第一金-員林,2023-05-11,5381
4192,杏國,30,0,30,第一金-員林,2023-05-11,5381
6248,沛波,30,0,30,第一金-員林,2023-05-11,5381
2618,長榮航,43,14,29,第一金-員林,2023-05-11,5381
2915,潤泰全,30,1,29,第一金-員林,2023-05-11,5381
2409,友達,26,1,25,第一金-員林,2023-05-11,5381
2916,滿心,27,3,24,第一金-員林,2023-05-11,5381
1101,台泥,23,0,23,第一金-員林,2023-05-11,5381
00715L,期街口布蘭特正2,28,7,21,第一金-員林,2023-05-11,5381
00632R,元大台灣50反1,20,0,20,第一金-員林,2023-05-11,5381
6122,擎邦,38,18,20,第一金-員林,2023-05-11,5381
2014,中鴻,20,1,19,第一金-員林,2023-05-11,5381
2851,中再保,19,0,19,第一金-員林,2023-05-11,5381
8038,長園科,22,3,19,第一金-員林,2023-05-11,5381
6160,欣技,18,0,18,第一金-員林,2023-05-11,5381
2610,華航,19,2,17,第一金-員林,2023-05-11,5381
2891,中信金,17,0,17,第一金-員林,2023-05-11,5381
1609,大亞,18,2,16,第一金-員林,2023-05-11,5381
6733,博晟生醫,16,0,16,第一金-員林,2023-05-11,5381
2542,興富發,22,7,15,第一金-員林,2023-05-11,5381
00665L,富邦�琤肭磪囓�2,15,0,15,第一金-員林,2023-05-11,5381
2007,燁興,15,0,15,第一金-員林,2023-05-11,5381
00882,中信中國高股息,14,0,14,第一金-員林,2023-05-11,5381
3481,群創,14,0,14,第一金-員林,2023-05-11,5381
3646,艾恩特,13,0,13,第一金-員林,2023-05-11,5381
4114,健喬,12,0,12,第一金-員林,2023-05-11,5381
2812,台中銀,14,2,12,第一金-員林,2023-05-11,5381
1316,上曜,15,3,12,第一金-員林,2023-05-11,5381
2204,中華,12,0,12,第一金-員林,2023-05-11,5381
2888,新光金,12,0,12,第一金-員林,2023-05-11,5381
3033,威健,12,0,12,第一金-員林,2023-05-11,5381
1314,中石化,11,0,11,第一金-員林,2023-05-11,5381
00671R,富邦NASDAQ反1,11,0,11,第一金-員林,2023-05-11,5381
00881,國泰台灣5G+,11,0,11,第一金-員林,2023-05-11,5381
2491,吉祥全,15,4,11,第一金-員林,2023-05-11,5381
4102,永日,11,0,11,第一金-員林,2023-05-11,5381
8076,伍豐,11,0,11,第一金-員林,2023-05-11,5381
00878,國泰永續高股息,17,6,11,第一金-員林,2023-05-11,5381
00885,富邦越南,10,0,10,第一金-員林,2023-05-11,5381
00853B,統一美債10年Aa-,10,0,10,第一金-員林,2023-05-11,5381
1337,再生-KY,10,0,10,第一金-員林,2023-05-11,5381
2201,裕隆,10,0,10,第一金-員林,2023-05-11,5381
2701,萬企,10,0,10,第一金-員林,2023-05-11,5381
2897,王道銀行,10,0,10,第一金-員林,2023-05-11,5381
00878,國泰永續高股息,221,20,201,第一金-員林,2023-05-12,5381
00632R,元大台灣50反1,100,0,100,第一金-員林,2023-05-12,5381
2888,新光金,99,0,99,第一金-員林,2023-05-12,5381
1503,士電,53,0,53,第一金-員林,2023-05-12,5381
00728,第一金工業30,50,0,50,第一金-員林,2023-05-12,5381
2867,三商壽,45,0,45,第一金-員林,2023-05-12,5381
9105,泰金寶-DR,43,0,43,第一金-員林,2023-05-12,5381
2801,彰銀,39,0,39,第一金-員林,2023-05-12,5381
3711,日月光投控,52,15,37,第一金-員林,2023-05-12,5381
2317,鴻海,39,4,35,第一金-員林,2023-05-12,5381
8038,長園科,34,4,30,第一金-員林,2023-05-12,5381
00637L,元大滬深300正2,26,0,26,第一金-員林,2023-05-12,5381
3481,群創,25,0,25,第一金-員林,2023-05-12,5381
6142,友勁,23,0,23,第一金-員林,2023-05-12,5381
1795,美時,23,3,20,第一金-員林,2023-05-12,5381
1342,八貫,20,0,20,第一金-員林,2023-05-12,5381
3264,欣銓,17,0,17,第一金-員林,2023-05-12,5381
1314,中石化,15,0,15,第一金-員林,2023-05-12,5381
2331,精英,14,0,14,第一金-員林,2023-05-12,5381
2409,友達,14,0,14,第一金-員林,2023-05-12,5381
3028,增你強,14,0,14,第一金-員林,2023-05-12,5381
3037,欣興,14,1,13,第一金-員林,2023-05-12,5381
2357,華碩,11,0,11,第一金-員林,2023-05-12,5381
2027,大成鋼,10,0,10,第一金-員林,2023-05-12,5381
2882,國泰金,15,5,10,第一金-員林,2023-05-12,5381
1316,上曜,10,0,10,第一金-員林,2023-05-12,5381
00687B,國泰20年美債,10,0,10,第一金-員林,2023-05-12,5381
1337,再生-KY,10,0,10,第一金-員林,2023-05-12,5381
2405,輔信,10,0,10,第一金-員林,2023-05-12,5381
6122,擎邦,15,5,10,第一金-員林,2023-05-12,5381
1101,台泥,12,2,10,第一金-員林,2023-05-12,5381
2204,中華,11,2,9,第一金-員林,2023-05-12,5381
6223,旺矽,9,0,9,第一金-員林,2023-05-12,5381
6806,森崴能源,12,4,8,第一金-員林,2023-05-12,5381
2353,宏��,13,5,8,第一金-員林,2023-05-12,5381
2743,山富,12,4,8,第一金-員林,2023-05-12,5381
6288,聯嘉,9,1,8,第一金-員林,2023-05-12,5381
00633L,富邦上証正2,7,0,7,第一金-員林,2023-05-12,5381
2897,王道銀行,7,0,7,第一金-員林,2023-05-12,5381
3013,晟銘電,7,0,7,第一金-員林,2023-05-12,5381
3056,富華新,7,0,7,第一金-員林,2023-05-12,5381
3646,艾恩特,7,0,7,第一金-員林,2023-05-12,5381
2634,漢翔,16,10,6,第一金-員林,2023-05-12,5381
3006,晶豪科,12,6,6,第一金-員林,2023-05-12,5381
6282,康舒,7,1,6,第一金-員林,2023-05-12,5381
1609,大亞,7,1,6,第一金-員林,2023-05-12,5381
2883,凱基金,6,0,6,第一金-員林,2023-05-12,5381
2106,建大,5,0,5,第一金-員林,2023-05-12,5381
1217,愛之味,5,0,5,第一金-員林,2023-05-12,5381
2606,裕民,5,0,5,第一金-員林,2023-05-12,5381
00878,國泰永續高股息,107,3,104,第一金-員林,2023-05-15,5381
00715L,期街口布蘭特正2,60,4,56,第一金-員林,2023-05-15,5381
00680L,元大美債20正2,35,0,35,第一金-員林,2023-05-15,5381
00720B,元大投資級公司債,34,0,34,第一金-員林,2023-05-15,5381
1101,台泥,32,3,29,第一金-員林,2023-05-15,5381
2317,鴻海,28,1,27,第一金-員林,2023-05-15,5381
1104,環泥,26,0,26,第一金-員林,2023-05-15,5381
1504,東元,45,20,25,第一金-員林,2023-05-15,5381
2867,三商壽,25,0,25,第一金-員林,2023-05-15,5381
00712,復華富時不動產,22,0,22,第一金-員林,2023-05-15,5381
00687B,國泰20年美債,22,1,21,第一金-員林,2023-05-15,5381
2206,三陽工業,24,5,19,第一金-員林,2023-05-15,5381
2371,大同,71,55,16,第一金-員林,2023-05-15,5381
2542,興富發,16,0,16,第一金-員林,2023-05-15,5381
3231,緯創,25,11,14,第一金-員林,2023-05-15,5381
00690,兆豐藍籌30,10,0,10,第一金-員林,2023-05-15,5381
1316,上曜,10,0,10,第一金-員林,2023-05-15,5381
1609,大亞,24,14,10,第一金-員林,2023-05-15,5381
2337,旺宏,14,4,10,第一金-員林,2023-05-15,5381
4129,聯合,9,0,9,第一金-員林,2023-05-15,5381
2303,聯電,10,1,9,第一金-員林,2023-05-15,5381
2364,倫飛,9,0,9,第一金-員林,2023-05-15,5381
5706,鳳凰,12,3,9,第一金-員林,2023-05-15,5381
6290,良維,9,0,9,第一金-員林,2023-05-15,5381
00713,元大台灣高息低波,8,0,8,第一金-員林,2023-05-15,5381
1310,台苯,12,4,8,第一金-員林,2023-05-15,5381
1795,美時,18,11,7,第一金-員林,2023-05-15,5381
3027,盛達,7,0,7,第一金-員林,2023-05-15,5381
4175,杏一,11,4,7,第一金-員林,2023-05-15,5381
4766,南寶,7,0,7,第一金-員林,2023-05-15,5381
6278,台表科,7,0,7,第一金-員林,2023-05-15,5381
4127,天良,7,0,7,第一金-員林,2023-05-15,5381
2409,友達,6,0,6,第一金-員林,2023-05-15,5381
1319,東陽,6,0,6,第一金-員林,2023-05-15,5381
2314,台揚,8,2,6,第一金-員林,2023-05-15,5381
2801,彰銀,6,0,6,第一金-員林,2023-05-15,5381
4503,金雨,6,0,6,第一金-員林,2023-05-15,5381
5206,坤悅,6,0,6,第一金-員林,2023-05-15,5381
5488,松普,6,0,6,第一金-員林,2023-05-15,5381
00665L,富邦�琤肭磪囓�2,5,0,5,第一金-員林,2023-05-15,5381
1457,宜進,5,0,5,第一金-員林,2023-05-15,5381
1907,永豐餘,5,0,5,第一金-員林,2023-05-15,5381
2007,燁興,5,0,5,第一金-員林,2023-05-15,5381
2201,裕隆,7,2,5,第一金-員林,2023-05-15,5381
2243,宏旭-KY,5,0,5,第一金-員林,2023-05-15,5381
2368,金像電,5,0,5,第一金-員林,2023-05-15,5381
2462,良得電,5,0,5,第一金-員林,2023-05-15,5381
2913,農林,7,2,5,第一金-員林,2023-05-15,5381
4967,十銓,5,0,5,第一金-員林,2023-05-15,5381
8038,長園科,6,1,5,第一金-員林,2023-05-15,5381
00632R,元大台灣50反1,104,0,104,第一金-員林,2023-05-16,5381
9105,泰金寶-DR,77,2,75,第一金-員林,2023-05-16,5381
2323,中環,65,15,50,第一金-員林,2023-05-16,5381
00878,國泰永續高股息,55,25,30,第一金-員林,2023-05-16,5381
2801,彰銀,30,3,27,第一金-員林,2023-05-16,5381
1709,和益,20,0,20,第一金-員林,2023-05-16,5381
2515,中工,20,3,17,第一金-員林,2023-05-16,5381
3033,威健,15,0,15,第一金-員林,2023-05-16,5381
3306,鼎天,12,0,12,第一金-員林,2023-05-16,5381
0056,元大高股息,21,9,12,第一金-員林,2023-05-16,5381
2542,興富發,11,0,11,第一金-員林,2023-05-16,5381
1316,上曜,10,0,10,第一金-員林,2023-05-16,5381
00680L,元大美債20正2,10,0,10,第一金-員林,2023-05-16,5381
00665L,富邦�琤肭磪囓�2,10,0,10,第一金-員林,2023-05-16,5381
1609,大亞,33,23,10,第一金-員林,2023-05-16,5381
1762,中化生,10,0,10,第一金-員林,2023-05-16,5381
1905,華紙,14,4,10,第一金-員林,2023-05-16,5381
2349,錸德,10,0,10,第一金-員林,2023-05-16,5381
2354,鴻準,10,0,10,第一金-員林,2023-05-16,5381
2489,瑞軒,10,0,10,第一金-員林,2023-05-16,5381
2880,華南金,10,0,10,第一金-員林,2023-05-16,5381
2885,元大金,10,0,10,第一金-員林,2023-05-16,5381
2913,農林,10,0,10,第一金-員林,2023-05-16,5381
4906,正文,10,0,10,第一金-員林,2023-05-16,5381
6531,愛普*,10,0,10,第一金-員林,2023-05-16,5381
8011,台通,20,10,10,第一金-員林,2023-05-16,5381
00687B,國泰20年美債,9,0,9,第一金-員林,2023-05-16,5381
1519,華城,18,9,9,第一金-員林,2023-05-16,5381
2313,華通,8,0,8,第一金-員林,2023-05-16,5381
2402,毅嘉,11,3,8,第一金-員林,2023-05-16,5381
00720B,元大投資級公司債,8,1,7,第一金-員林,2023-05-16,5381
3362,先進光,7,0,7,第一金-員林,2023-05-16,5381
2486,一詮,7,0,7,第一金-員林,2023-05-16,5381
1434,福懋,6,0,6,第一金-員林,2023-05-16,5381
00751B,元大AAA至A公司債,6,0,6,第一金-員林,2023-05-16,5381
2356,英業達,6,0,6,第一金-員林,2023-05-16,5381
2891,中信金,5,0,5,第一金-員林,2023-05-16,5381
3013,晟銘電,5,0,5,第一金-員林,2023-05-16,5381
00637L,元大滬深300正2,5,0,5,第一金-員林,2023-05-16,5381
2324,仁寶,6,1,5,第一金-員林,2023-05-16,5381
2358,廷鑫,5,0,5,第一金-員林,2023-05-16,5381
2484,希華,5,0,5,第一金-員林,2023-05-16,5381
4744,皇將,7,2,5,第一金-員林,2023-05-16,5381
5009,榮剛,6,1,5,第一金-員林,2023-05-16,5381
5234,達興材料,5,0,5,第一金-員林,2023-05-16,5381
9904,寶成,5,0,5,第一金-員林,2023-05-16,5381
2371,大同,39,35,4,第一金-員林,2023-05-16,5381
00772B,中信高評級公司債,3,0,3,第一金-員林,2023-05-16,5381
1218,泰山,3,0,3,第一金-員林,2023-05-16,5381
1215,卜蜂,3,0,3,第一金-員林,2023-05-16,5381
00632R,元大台灣50反1,237,0,237,第一金-員林,2023-05-17,5381
00878,國泰永續高股息,107,5,102,第一金-員林,2023-05-17,5381
00882,中信中國高股息,57,0,57,第一金-員林,2023-05-17,5381
1337,再生-KY,65,10,55,第一金-員林,2023-05-17,5381
9105,泰金寶-DR,55,0,55,第一金-員林,2023-05-17,5381
00688L,國泰20年美債正2,50,0,50,第一金-員林,2023-05-17,5381
00680L,元大美債20正2,40,0,40,第一金-員林,2023-05-17,5381
2344,華邦電,33,0,33,第一金-員林,2023-05-17,5381
4906,正文,20,0,20,第一金-員林,2023-05-17,5381
3317,尼克森,17,0,17,第一金-員林,2023-05-17,5381
3694,海華,19,2,17,第一金-員林,2023-05-17,5381
6570,維田,17,0,17,第一金-員林,2023-05-17,5381
2903,遠百,16,0,16,第一金-員林,2023-05-17,5381
1459,聯發,14,0,14,第一金-員林,2023-05-17,5381
00679B,元大美債20年,13,0,13,第一金-員林,2023-05-17,5381
4543,萬在,11,0,11,第一金-員林,2023-05-17,5381
1598,岱宇,10,0,10,第一金-員林,2023-05-17,5381
2303,聯電,12,2,10,第一金-員林,2023-05-17,5381
2618,長榮航,36,26,10,第一金-員林,2023-05-17,5381
3013,晟銘電,10,0,10,第一金-員林,2023-05-17,5381
3321,同泰,10,0,10,第一金-員林,2023-05-17,5381
8926,台汽電,10,0,10,第一金-員林,2023-05-17,5381
6589,台康生技,14,5,9,第一金-員林,2023-05-17,5381
8088,品安,11,2,9,第一金-員林,2023-05-17,5381
2892,第一金,10,1,9,第一金-員林,2023-05-17,5381
00713,元大台灣高息低波,10,2,8,第一金-員林,2023-05-17,5381
3058,立德,8,0,8,第一金-員林,2023-05-17,5381
00751B,元大AAA至A公司債,7,0,7,第一金-員林,2023-05-17,5381
6285,啟��,6,0,6,第一金-員林,2023-05-17,5381
4129,聯合,13,7,6,第一金-員林,2023-05-17,5381
6443,元晶,6,0,6,第一金-員林,2023-05-17,5381
1785,光洋科,6,0,6,第一金-員林,2023-05-17,5381
3591,艾笛森,6,0,6,第一金-員林,2023-05-17,5381
5484,慧友,6,0,6,第一金-員林,2023-05-17,5381
8222,寶一,18,12,6,第一金-員林,2023-05-17,5381
1101,台泥,6,0,6,第一金-員林,2023-05-17,5381
1609,大亞,25,19,6,第一金-員林,2023-05-17,5381
00720B,元大投資級公司債,6,0,6,第一金-員林,2023-05-17,5381
00687B,國泰20年美債,5,0,5,第一金-員林,2023-05-17,5381
1457,宜進,5,0,5,第一金-員林,2023-05-17,5381
1612,宏泰,6,1,5,第一金-員林,2023-05-17,5381
1810,和成,5,0,5,第一金-員林,2023-05-17,5381
2401,凌陽,6,1,5,第一金-員林,2023-05-17,5381
2442,新美齊,5,0,5,第一金-員林,2023-05-17,5381
2634,漢翔,73,68,5,第一金-員林,2023-05-17,5381
2883B,凱基金乙特,5,0,5,第一金-員林,2023-05-17,5381
3019,亞光,6,1,5,第一金-員林,2023-05-17,5381
4426,利勤,5,0,5,第一金-員林,2023-05-17,5381
5351,鈺創,7,2,5,第一金-員林,2023-05-17,5381
2883,凱基金,6,1,5,第一金-員林,2023-05-17,5381
00632R,元大台灣50反1,175,3,172,第一金-員林,2023-05-18,5381
00688L,國泰20年美債正2,151,0,151,第一金-員林,2023-05-18,5381
2834,臺企銀,40,1,39,第一金-員林,2023-05-18,5381
3540,曜越,39,8,31,第一金-員林,2023-05-18,5381
9105,泰金寶-DR,30,0,30,第一金-員林,2023-05-18,5381
1102,亞泥,20,0,20,第一金-員林,2023-05-18,5381
00706L,期元大S＆P日圓正2,16,0,16,第一金-員林,2023-05-18,5381
00712,復華富時不動產,16,1,15,第一金-員林,2023-05-18,5381
1904,正隆,14,0,14,第一金-員林,2023-05-18,5381
6026,福邦證,14,0,14,第一金-員林,2023-05-18,5381
6789,采鈺,14,0,14,第一金-員林,2023-05-18,5381
1616,億泰,12,0,12,第一金-員林,2023-05-18,5381
3058,立德,37,25,12,第一金-員林,2023-05-18,5381
6245,立端,12,0,12,第一金-員林,2023-05-18,5381
8046,南電,12,0,12,第一金-員林,2023-05-18,5381
6266,泰詠,11,0,11,第一金-員林,2023-05-18,5381
8926,台汽電,14,3,11,第一金-員林,2023-05-18,5381
00687B,國泰20年美債,20,10,10,第一金-員林,2023-05-18,5381
00665L,富邦�琤肭磪囓�2,10,0,10,第一金-員林,2023-05-18,5381
00676R,富邦臺灣加權反1,10,0,10,第一金-員林,2023-05-18,5381
1721,三晃,10,0,10,第一金-員林,2023-05-18,5381
2023,燁輝,10,0,10,第一金-員林,2023-05-18,5381
6129,普誠,11,1,10,第一金-員林,2023-05-18,5381
6220,岳豐,10,0,10,第一金-員林,2023-05-18,5381
6248,沛波,10,0,10,第一金-員林,2023-05-18,5381
2491,吉祥全,20,11,9,第一金-員林,2023-05-18,5381
2314,台揚,11,3,8,第一金-員林,2023-05-18,5381
2421,建準,10,2,8,第一金-員林,2023-05-18,5381
3078,僑威,11,3,8,第一金-員林,2023-05-18,5381
00679B,元大美債20年,7,0,7,第一金-員林,2023-05-18,5381
1319,東陽,12,5,7,第一金-員林,2023-05-18,5381
5425,台半,7,0,7,第一金-員林,2023-05-18,5381
00720B,元大投資級公司債,6,0,6,第一金-員林,2023-05-18,5381
00751B,元大AAA至A公司債,6,0,6,第一金-員林,2023-05-18,5381
1609,大亞,23,17,6,第一金-員林,2023-05-18,5381
8028,昇陽半導體,6,0,6,第一金-員林,2023-05-18,5381
8271,宇瞻,6,0,6,第一金-員林,2023-05-18,5381
00903,富邦元宇宙,5,0,5,第一金-員林,2023-05-18,5381
00772B,中信高評級公司債,5,0,5,第一金-員林,2023-05-18,5381
00891,中信關鍵半導體,5,0,5,第一金-員林,2023-05-18,5381
1304,台聚,5,0,5,第一金-員林,2023-05-18,5381
1514,亞力,15,10,5,第一金-員林,2023-05-18,5381
2006,東和鋼鐵,5,0,5,第一金-員林,2023-05-18,5381
2101,南港,5,0,5,第一金-員林,2023-05-18,5381
3028,增你強,5,0,5,第一金-員林,2023-05-18,5381
3714,富采,5,0,5,第一金-員林,2023-05-18,5381
2634,漢翔,51,47,4,第一金-員林,2023-05-18,5381
1316,上曜,5,1,4,第一金-員林,2023-05-18,5381
2892,第一金,4,0,4,第一金-員林,2023-05-18,5381
3006,晶豪科,8,4,4,第一金-員林,2023-05-18,5381
00632R,元大台灣50反1,200,0,200,第一金-員林,2023-05-19,5381
2867,三商壽,93,10,83,第一金-員林,2023-05-19,5381
00680L,元大美債20正2,76,0,76,第一金-員林,2023-05-19,5381
00687B,國泰20年美債,59,2,57,第一金-員林,2023-05-19,5381
5531,鄉林,51,0,51,第一金-員林,2023-05-19,5381
00665L,富邦�琤肭磪囓�2,40,0,40,第一金-員林,2023-05-19,5381
3163,波若威,41,2,39,第一金-員林,2023-05-19,5381
1504,東元,61,23,38,第一金-員林,2023-05-19,5381
1905,華紙,38,2,36,第一金-員林,2023-05-19,5381
5009,榮剛,39,6,33,第一金-員林,2023-05-19,5381
2481,強茂,30,0,30,第一金-員林,2023-05-19,5381
00753L,中信中國50正2,26,0,26,第一金-員林,2023-05-19,5381
6235,華孚,72,48,24,第一金-員林,2023-05-19,5381
1609,大亞,60,39,21,第一金-員林,2023-05-19,5381
00882,中信中國高股息,24,4,20,第一金-員林,2023-05-19,5381
00650L,復華香港正2,19,0,19,第一金-員林,2023-05-19,5381
1434,福懋,20,1,19,第一金-員林,2023-05-19,5381
2409,友達,19,0,19,第一金-員林,2023-05-19,5381
3050,鈺德,19,0,19,第一金-員林,2023-05-19,5381
2457,飛宏,58,40,18,第一金-員林,2023-05-19,5381
00633L,富邦上証正2,19,2,17,第一金-員林,2023-05-19,5381
1314,中石化,16,1,15,第一金-員林,2023-05-19,5381
00751B,元大AAA至A公司債,14,0,14,第一金-員林,2023-05-19,5381
2313,華通,15,2,13,第一金-員林,2023-05-19,5381
5309,系統電,14,1,13,第一金-員林,2023-05-19,5381
2317,鴻海,12,0,12,第一金-員林,2023-05-19,5381
00772B,中信高評級公司債,12,0,12,第一金-員林,2023-05-19,5381
00706L,期元大S＆P日圓正2,12,0,12,第一金-員林,2023-05-19,5381
4967,十銓,11,0,11,第一金-員林,2023-05-19,5381
4979,華星光,11,0,11,第一金-員林,2023-05-19,5381
2303,聯電,11,0,11,第一金-員林,2023-05-19,5381
6136,富爾特,10,0,10,第一金-員林,2023-05-19,5381
00715L,期街口布蘭特正2,9,0,9,第一金-員林,2023-05-19,5381
2023,燁輝,8,0,8,第一金-員林,2023-05-19,5381
5488,松普,8,0,8,第一金-員林,2023-05-19,5381
3006,晶豪科,13,6,7,第一金-員林,2023-05-19,5381
00637L,元大滬深300正2,9,2,7,第一金-員林,2023-05-19,5381
1423,利華,7,0,7,第一金-員林,2023-05-19,5381
3479,安勤,8,1,7,第一金-員林,2023-05-19,5381
9945,潤泰新,7,0,7,第一金-員林,2023-05-19,5381
9958,世紀鋼,7,0,7,第一金-員林,2023-05-19,5381
00712,復華富時不動產,8,1,7,第一金-員林,2023-05-19,5381
4129,聯合,7,0,7,第一金-員林,2023-05-19,5381
8926,台汽電,9,2,7,第一金-員林,2023-05-19,5381
2468,華經,7,1,6,第一金-員林,2023-05-19,5381
8076,伍豐,7,1,6,第一金-員林,2023-05-19,5381
2743,山富,6,0,6,第一金-員林,2023-05-19,5381
00655L,國泰中國A50正2,5,0,5,第一金-員林,2023-05-19,5381
1720,生達,9,4,5,第一金-員林,2023-05-19,5381
2453,凌群,8,3,5,第一金-員林,2023-05-19,5381
3033,威健,68,0,68,第一金-員林,2023-05-22,5381
00687B,國泰20年美債,60,0,60,第一金-員林,2023-05-22,5381
00903,富邦元宇宙,47,0,47,第一金-員林,2023-05-22,5381
00751B,元大AAA至A公司債,43,1,42,第一金-員林,2023-05-22,5381
4173,久裕,38,0,38,第一金-員林,2023-05-22,5381
1809,中釉,27,0,27,第一金-員林,2023-05-22,5381
0056,元大高股息,22,0,22,第一金-員林,2023-05-22,5381
2890,永豐金,20,2,18,第一金-員林,2023-05-22,5381
2303,聯電,19,2,17,第一金-員林,2023-05-22,5381
5009,榮剛,15,2,13,第一金-員林,2023-05-22,5381
00795B,中信美國公債20年,13,0,13,第一金-員林,2023-05-22,5381
3025,星通,18,5,13,第一金-員林,2023-05-22,5381
1605,華新,11,0,11,第一金-員林,2023-05-22,5381
2609,陽明,12,1,11,第一金-員林,2023-05-22,5381
3027,盛達,11,0,11,第一金-員林,2023-05-22,5381
8046,南電,10,0,10,第一金-員林,2023-05-22,5381
00878,國泰永續高股息,10,0,10,第一金-員林,2023-05-22,5381
00680L,元大美債20正2,10,0,10,第一金-員林,2023-05-22,5381
1314,中石化,10,0,10,第一金-員林,2023-05-22,5381
1612,宏泰,10,0,10,第一金-員林,2023-05-22,5381
2323,中環,16,6,10,第一金-員林,2023-05-22,5381
2329,華泰,10,0,10,第一金-員林,2023-05-22,5381
4743,合一,12,2,10,第一金-員林,2023-05-22,5381
6535,順藥,12,2,10,第一金-員林,2023-05-22,5381
2421,建準,20,11,9,第一金-員林,2023-05-22,5381
2748,雲品,8,0,8,第一金-員林,2023-05-22,5381
3006,晶豪科,25,17,8,第一金-員林,2023-05-22,5381
6443,元晶,8,0,8,第一金-員林,2023-05-22,5381
6235,華孚,16,9,7,第一金-員林,2023-05-22,5381
3540,曜越,12,5,7,第一金-員林,2023-05-22,5381
3037,欣興,18,12,6,第一金-員林,2023-05-22,5381
2006,東和鋼鐵,6,0,6,第一金-員林,2023-05-22,5381
2327,國巨,6,0,6,第一金-員林,2023-05-22,5381
2352,佳世達,6,0,6,第一金-員林,2023-05-22,5381
2484,希華,6,0,6,第一金-員林,2023-05-22,5381
3163,波若威,10,4,6,第一金-員林,2023-05-22,5381
3306,鼎天,6,0,6,第一金-員林,2023-05-22,5381
4908,前鼎,6,0,6,第一金-員林,2023-05-22,5381
8059,凱碩,6,0,6,第一金-員林,2023-05-22,5381
6509,聚和,5,0,5,第一金-員林,2023-05-22,5381
00888,永豐台灣ESG,5,0,5,第一金-員林,2023-05-22,5381
00740B,富邦全球投等債,5,0,5,第一金-員林,2023-05-22,5381
1560,中砂,5,0,5,第一金-員林,2023-05-22,5381
1762,中化生,5,0,5,第一金-員林,2023-05-22,5381
2363,矽統,5,0,5,第一金-員林,2023-05-22,5381
2442,新美齊,20,15,5,第一金-員林,2023-05-22,5381
2542,興富發,6,1,5,第一金-員林,2023-05-22,5381
2641,正德,8,3,5,第一金-員林,2023-05-22,5381
3028,增你強,5,0,5,第一金-員林,2023-05-22,5381
3049,精金,5,0,5,第一金-員林,2023-05-22,5381
00751B,元大AAA至A公司債,134,0,134,第一金-員林,2023-05-23,5381
1907,永豐餘,59,8,51,第一金-員林,2023-05-23,5381
00878,國泰永續高股息,39,0,39,第一金-員林,2023-05-23,5381
1337,再生-KY,45,10,35,第一金-員林,2023-05-23,5381
00680L,元大美債20正2,34,0,34,第一金-員林,2023-05-23,5381
4916,事欣科,29,1,28,第一金-員林,2023-05-23,5381
1609,大亞,25,0,25,第一金-員林,2023-05-23,5381
00687B,國泰20年美債,23,0,23,第一金-員林,2023-05-23,5381
6112,邁達特,29,7,22,第一金-員林,2023-05-23,5381
1216,統一,20,0,20,第一金-員林,2023-05-23,5381
2706,第一店,20,0,20,第一金-員林,2023-05-23,5381
3004,豐達科,20,0,20,第一金-員林,2023-05-23,5381
00882,中信中國高股息,19,0,19,第一金-員林,2023-05-23,5381
6799,來頡,22,4,18,第一金-員林,2023-05-23,5381
00637L,元大滬深300正2,17,0,17,第一金-員林,2023-05-23,5381
00712,復華富時不動產,16,0,16,第一金-員林,2023-05-23,5381
3050,鈺德,20,5,15,第一金-員林,2023-05-23,5381
2317,鴻海,13,1,12,第一金-員林,2023-05-23,5381
6218,豪勉,16,5,11,第一金-員林,2023-05-23,5381
6589,台康生技,14,3,11,第一金-員林,2023-05-23,5381
2888,新光金,10,0,10,第一金-員林,2023-05-23,5381
00650L,復華香港正2,10,0,10,第一金-員林,2023-05-23,5381
1584,精剛,10,0,10,第一金-員林,2023-05-23,5381
2241,艾姆勒,10,0,10,第一金-員林,2023-05-23,5381
4506,崇友,10,0,10,第一金-員林,2023-05-23,5381
6026,福邦證,10,0,10,第一金-員林,2023-05-23,5381
4541,晟田,11,1,10,第一金-員林,2023-05-23,5381
00679B,元大美債20年,10,2,8,第一金-員林,2023-05-23,5381
6535,順藥,11,3,8,第一金-員林,2023-05-23,5381
6446,藥華藥,10,3,7,第一金-員林,2023-05-23,5381
5701,劍湖山,7,0,7,第一金-員林,2023-05-23,5381
3481,群創,6,0,6,第一金-員林,2023-05-23,5381
1513,中興電,12,6,6,第一金-員林,2023-05-23,5381
6285,啟��,7,1,6,第一金-員林,2023-05-23,5381
2634,漢翔,12,6,6,第一金-員林,2023-05-23,5381
2881,富邦金,6,0,6,第一金-員林,2023-05-23,5381
3024,憶聲,6,0,6,第一金-員林,2023-05-23,5381
1229,聯華,5,0,5,第一金-員林,2023-05-23,5381
2368,金像電,6,1,5,第一金-員林,2023-05-23,5381
2722,夏都,7,2,5,第一金-員林,2023-05-23,5381
00900,富邦特選高股息30,5,0,5,第一金-員林,2023-05-23,5381
00665L,富邦�琤肭磪囓�2,5,0,5,第一金-員林,2023-05-23,5381
00655L,國泰中國A50正2,5,0,5,第一金-員林,2023-05-23,5381
1316,上曜,5,0,5,第一金-員林,2023-05-23,5381
1504,東元,26,21,5,第一金-員林,2023-05-23,5381
2363,矽統,5,0,5,第一金-員林,2023-05-23,5381
3028,增你強,5,0,5,第一金-員林,2023-05-23,5381
3499,環天科,5,0,5,第一金-員林,2023-05-23,5381
5452,佶優,5,0,5,第一金-員林,2023-05-23,5381
5511,德昌,5,0,5,第一金-員林,2023-05-23,5381
00878,國泰永續高股息,132,15,117,第一金-員林,2023-05-24,5381
00882,中信中國高股息,61,0,61,第一金-員林,2023-05-24,5381
00687B,國泰20年美債,46,0,46,第一金-員林,2023-05-24,5381
00637L,元大滬深300正2,43,1,42,第一金-員林,2023-05-24,5381
2706,第一店,39,0,39,第一金-員林,2023-05-24,5381
00650L,復華香港正2,37,0,37,第一金-員林,2023-05-24,5381
00753L,中信中國50正2,31,0,31,第一金-員林,2023-05-24,5381
2630,亞航,33,2,31,第一金-員林,2023-05-24,5381
00665L,富邦�琤肭磪囓�2,30,0,30,第一金-員林,2023-05-24,5381
1907,永豐餘,31,2,29,第一金-員林,2023-05-24,5381
2705,六福,29,0,29,第一金-員林,2023-05-24,5381
00632R,元大台灣50反1,75,47,28,第一金-員林,2023-05-24,5381
5014,建錩,21,0,21,第一金-員林,2023-05-24,5381
2886,兆豐金,20,0,20,第一金-員林,2023-05-24,5381
3321,同泰,20,0,20,第一金-員林,2023-05-24,5381
00902,中信電池及儲能,18,0,18,第一金-員林,2023-05-24,5381
4931,新盛力,24,6,18,第一金-員林,2023-05-24,5381
2748,雲品,25,7,18,第一金-員林,2023-05-24,5381
1608,華榮,17,1,16,第一金-員林,2023-05-24,5381
00633L,富邦上証正2,15,0,15,第一金-員林,2023-05-24,5381
1504,東元,20,5,15,第一金-員林,2023-05-24,5381
2323,中環,15,0,15,第一金-員林,2023-05-24,5381
3711,日月光投控,55,40,15,第一金-員林,2023-05-24,5381
2618,長榮航,37,26,11,第一金-員林,2023-05-24,5381
00907,永豐優息存股,11,0,11,第一金-員林,2023-05-24,5381
00795B,中信美國公債20年,11,0,11,第一金-員林,2023-05-24,5381
2305,全友,17,6,11,第一金-員林,2023-05-24,5381
2489,瑞軒,11,0,11,第一金-員林,2023-05-24,5381
6285,啟��,11,0,11,第一金-員林,2023-05-24,5381
2371,大同,22,12,10,第一金-員林,2023-05-24,5381
1316,上曜,10,0,10,第一金-員林,2023-05-24,5381
3591,艾笛森,11,1,10,第一金-員林,2023-05-24,5381
1432,大魯閣,11,1,10,第一金-員林,2023-05-24,5381
1513,中興電,14,5,9,第一金-員林,2023-05-24,5381
2491,吉祥全,9,0,9,第一金-員林,2023-05-24,5381
3207,耀勝,9,0,9,第一金-員林,2023-05-24,5381
3708,上緯投控,10,1,9,第一金-員林,2023-05-24,5381
6182,合晶,9,0,9,第一金-員林,2023-05-24,5381
8046,南電,11,2,9,第一金-員林,2023-05-24,5381
5512,力麒,10,2,8,第一金-員林,2023-05-24,5381
5531,鄉林,8,0,8,第一金-員林,2023-05-24,5381
5701,劍湖山,8,0,8,第一金-員林,2023-05-24,5381
4961,天鈺,7,0,7,第一金-員林,2023-05-24,5381
2382,廣達,9,2,7,第一金-員林,2023-05-24,5381
3673,TPK-KY,10,3,7,第一金-員林,2023-05-24,5381
1529,樂事綠能,13,7,6,第一金-員林,2023-05-24,5381
2405,輔信,7,1,6,第一金-員林,2023-05-24,5381
2542,興富發,7,1,6,第一金-員林,2023-05-24,5381
2851,中再保,6,0,6,第一金-員林,2023-05-24,5381
2913,農林,11,5,6,第一金-員林,2023-05-24,5381
00632R,元大台灣50反1,130,15,115,第一金-員林,2023-05-25,5381
00637L,元大滬深300正2,56,0,56,第一金-員林,2023-05-25,5381
00882,中信中國高股息,55,0,55,第一金-員林,2023-05-25,5381
6244,茂迪,50,0,50,第一金-員林,2023-05-25,5381
2706,第一店,53,6,47,第一金-員林,2023-05-25,5381
4564,元翎,51,4,47,第一金-員林,2023-05-25,5381
00712,復華富時不動產,40,1,39,第一金-員林,2023-05-25,5381
00665L,富邦�琤肭磪囓�2,36,0,36,第一金-員林,2023-05-25,5381
2542,興富發,34,0,34,第一金-員林,2023-05-25,5381
3033,威健,34,0,34,第一金-員林,2023-05-25,5381
00650L,復華香港正2,25,0,25,第一金-員林,2023-05-25,5381
2712,遠雄來,24,0,24,第一金-員林,2023-05-25,5381
00680L,元大美債20正2,21,0,21,第一金-員林,2023-05-25,5381
00753L,中信中國50正2,21,0,21,第一金-員林,2023-05-25,5381
6142,友勁,21,0,21,第一金-員林,2023-05-25,5381
00679B,元大美債20年,23,3,20,第一金-員林,2023-05-25,5381
1580,新麥,20,0,20,第一金-員林,2023-05-25,5381
1337,再生-KY,25,5,20,第一金-員林,2023-05-25,5381
2449,京元電子,19,0,19,第一金-員林,2023-05-25,5381
1310,台苯,26,8,18,第一金-員林,2023-05-25,5381
2618,長榮航,60,42,18,第一金-員林,2023-05-25,5381
2303,聯電,18,1,17,第一金-員林,2023-05-25,5381
3321,同泰,17,0,17,第一金-員林,2023-05-25,5381
00687B,國泰20年美債,16,0,16,第一金-員林,2023-05-25,5381
4967,十銓,16,0,16,第一金-員林,2023-05-25,5381
6104,創惟,15,0,15,第一金-員林,2023-05-25,5381
2603,長榮,15,1,14,第一金-員林,2023-05-25,5381
00683L,期元大美元指正2,13,0,13,第一金-員林,2023-05-25,5381
6770,力積電,12,0,12,第一金-員林,2023-05-25,5381
00633L,富邦上証正2,11,0,11,第一金-員林,2023-05-25,5381
2883,凱基金,11,0,11,第一金-員林,2023-05-25,5381
4129,聯合,11,0,11,第一金-員林,2023-05-25,5381
2023,燁輝,10,0,10,第一金-員林,2023-05-25,5381
9105,泰金寶-DR,10,0,10,第一金-員林,2023-05-25,5381
2317,鴻海,9,0,9,第一金-員林,2023-05-25,5381
2739,寒舍,9,0,9,第一金-員林,2023-05-25,5381
3058,立德,9,0,9,第一金-員林,2023-05-25,5381
5464,霖宏,9,0,9,第一金-員林,2023-05-25,5381
5706,鳳凰,14,5,9,第一金-員林,2023-05-25,5381
8403,盛弘,9,0,9,第一金-員林,2023-05-25,5381
1609,大亞,9,1,8,第一金-員林,2023-05-25,5381
1785,光洋科,9,1,8,第一金-員林,2023-05-25,5381
2633,台灣高鐵,8,0,8,第一金-員林,2023-05-25,5381
5876,上海商銀,8,0,8,第一金-員林,2023-05-25,5381
00751B,元大AAA至A公司債,8,0,8,第一金-員林,2023-05-25,5381
1513,中興電,21,14,7,第一金-員林,2023-05-25,5381
3078,僑威,45,38,7,第一金-員林,2023-05-25,5381
3483,力致,21,14,7,第一金-員林,2023-05-25,5381
6415,矽力*-KY,7,1,6,第一金-員林,2023-05-25,5381
3711,日月光投控,42,36,6,第一金-員林,2023-05-25,5381
00632R,元大台灣50反1,322,0,322,第一金-員林,2023-05-26,5381
00878,國泰永續高股息,89,18,71,第一金-員林,2023-05-26,5381
1905,華紙,54,2,52,第一金-員林,2023-05-26,5381
2915,潤泰全,50,0,50,第一金-員林,2023-05-26,5381
00882,中信中國高股息,36,0,36,第一金-員林,2023-05-26,5381
00712,復華富時不動產,27,0,27,第一金-員林,2023-05-26,5381
2409,友達,36,9,27,第一金-員林,2023-05-26,5381
2014,中鴻,25,0,25,第一金-員林,2023-05-26,5381
2323,中環,70,45,25,第一金-員林,2023-05-26,5381
2317,鴻海,22,0,22,第一金-員林,2023-05-26,5381
2440,太空梭,20,0,20,第一金-員林,2023-05-26,5381
3321,同泰,20,0,20,第一金-員林,2023-05-26,5381
3494,誠研,20,0,20,第一金-員林,2023-05-26,5381
1314,中石化,19,0,19,第一金-員林,2023-05-26,5381
2313,華通,21,2,19,第一金-員林,2023-05-26,5381
00633L,富邦上証正2,15,0,15,第一金-員林,2023-05-26,5381
2108,南帝,15,0,15,第一金-員林,2023-05-26,5381
2888,新光金,15,0,15,第一金-員林,2023-05-26,5381
6288,聯嘉,17,2,15,第一金-員林,2023-05-26,5381
00679B,元大美債20年,14,0,14,第一金-員林,2023-05-26,5381
6531,愛普*,14,0,14,第一金-員林,2023-05-26,5381
3576,聯合再生,13,0,13,第一金-員林,2023-05-26,5381
00715L,期街口布蘭特正2,12,0,12,第一金-員林,2023-05-26,5381
2371,大同,48,36,12,第一金-員林,2023-05-26,5381
2883B,凱基金乙特,12,0,12,第一金-員林,2023-05-26,5381
1711,永光,11,0,11,第一金-員林,2023-05-26,5381
5608,四維航,11,0,11,第一金-員林,2023-05-26,5381
6214,精誠,11,0,11,第一金-員林,2023-05-26,5381
6244,茂迪,11,0,11,第一金-員林,2023-05-26,5381
6456,GIS-KY,11,0,11,第一金-員林,2023-05-26,5381
3481,群創,16,5,11,第一金-員林,2023-05-26,5381
00795B,中信美國公債20年,10,0,10,第一金-員林,2023-05-26,5381
00740B,富邦全球投等債,10,0,10,第一金-員林,2023-05-26,5381
1313,聯成,10,0,10,第一金-員林,2023-05-26,5381
2329,華泰,10,0,10,第一金-員林,2023-05-26,5381
5243,乙盛-KY,10,0,10,第一金-員林,2023-05-26,5381
5512,力麒,10,0,10,第一金-員林,2023-05-26,5381
1608,華榮,18,8,10,第一金-員林,2023-05-26,5381
2105,正新,10,1,9,第一金-員林,2023-05-26,5381
3704,合勤控,12,3,9,第一金-員林,2023-05-26,5381
5465,富驊,15,6,9,第一金-員林,2023-05-26,5381
5388,中磊,9,0,9,第一金-員林,2023-05-26,5381
6770,力積電,12,4,8,第一金-員林,2023-05-26,5381
2382,廣達,19,11,8,第一金-員林,2023-05-26,5381
00637L,元大滬深300正2,8,0,8,第一金-員林,2023-05-26,5381
2208,台船,8,0,8,第一金-員林,2023-05-26,5381
3029,零壹,16,8,8,第一金-員林,2023-05-26,5381
5301,寶得利,8,0,8,第一金-員林,2023-05-26,5381
2723,美食-KY,8,0,8,第一金-員林,2023-05-26,5381
2412,中華電,7,0,7,第一金-員林,2023-05-26,5381
1314,中石化,405,0,405,第一金-員林,2023-05-29,5381
00632R,元大台灣50反1,100,5,95,第一金-員林,2023-05-29,5381
5328,華容,70,3,67,第一金-員林,2023-05-29,5381
00751B,元大AAA至A公司債,61,0,61,第一金-員林,2023-05-29,5381
0056,元大高股息,71,35,36,第一金-員林,2023-05-29,5381
3711,日月光投控,107,72,35,第一金-員林,2023-05-29,5381
6142,友勁,30,0,30,第一金-員林,2023-05-29,5381
1608,華榮,20,2,18,第一金-員林,2023-05-29,5381
00885,富邦越南,20,3,17,第一金-員林,2023-05-29,5381
1584,精剛,17,0,17,第一金-員林,2023-05-29,5381
2376,技嘉,26,9,17,第一金-員林,2023-05-29,5381
3380,明泰,31,14,17,第一金-員林,2023-05-29,5381
3207,耀勝,17,0,17,第一金-員林,2023-05-29,5381
2402,毅嘉,20,4,16,第一金-員林,2023-05-29,5381
2891,中信金,25,10,15,第一金-員林,2023-05-29,5381
2329,華泰,20,6,14,第一金-員林,2023-05-29,5381
1504,東元,36,23,13,第一金-員林,2023-05-29,5381
3029,零壹,22,10,12,第一金-員林,2023-05-29,5381
00772B,中信高評級公司債,12,0,12,第一金-員林,2023-05-29,5381
3338,泰碩,12,0,12,第一金-員林,2023-05-29,5381
00712,復華富時不動產,13,1,12,第一金-員林,2023-05-29,5381
2371,大同,73,62,11,第一金-員林,2023-05-29,5381
2834,臺企銀,11,0,11,第一金-員林,2023-05-29,5381
1217,愛之味,10,0,10,第一金-員林,2023-05-29,5381
00688L,國泰20年美債正2,10,0,10,第一金-員林,2023-05-29,5381
2034,允強,10,0,10,第一金-員林,2023-05-29,5381
2405,輔信,10,0,10,第一金-員林,2023-05-29,5381
3071,協禧,11,1,10,第一金-員林,2023-05-29,5381
3673,TPK-KY,10,0,10,第一金-員林,2023-05-29,5381
5512,力麒,10,0,10,第一金-員林,2023-05-29,5381
6257,矽格,10,0,10,第一金-員林,2023-05-29,5381
2449,京元電子,10,1,9,第一金-員林,2023-05-29,5381
2634,漢翔,11,2,9,第一金-員林,2023-05-29,5381
3202,樺晟,9,0,9,第一金-員林,2023-05-29,5381
3706,神達,35,26,9,第一金-員林,2023-05-29,5381
00882,中信中國高股息,8,0,8,第一金-員林,2023-05-29,5381
1580,新麥,8,0,8,第一金-員林,2023-05-29,5381
00692,富邦公司治理,10,2,8,第一金-員林,2023-05-29,5381
5880,合庫金,11,3,8,第一金-員林,2023-05-29,5381
2206,三陽工業,62,55,7,第一金-員林,2023-05-29,5381
00902,中信電池及儲能,7,0,7,第一金-員林,2023-05-29,5381
2431,聯昌,9,2,7,第一金-員林,2023-05-29,5381
2883,凱基金,17,10,7,第一金-員林,2023-05-29,5381
6733,博晟生醫,8,1,7,第一金-員林,2023-05-29,5381
8059,凱碩,8,1,7,第一金-員林,2023-05-29,5381
00795B,中信美國公債20年,6,0,6,第一金-員林,2023-05-29,5381
1605,華新,11,5,6,第一金-員林,2023-05-29,5381
5484,慧友,6,0,6,第一金-員林,2023-05-29,5381
00892,富邦台灣半導體,6,1,5,第一金-員林,2023-05-29,5381
00762,元大全球AI,5,0,5,第一金-員林,2023-05-29,5381
00688L,國泰20年美債正2,190,0,190,第一金-員林,2023-05-30,5381
2888,新光金,65,0,65,第一金-員林,2023-05-30,5381
2356,英業達,81,19,62,第一金-員林,2023-05-30,5381
3708,上緯投控,53,0,53,第一金-員林,2023-05-30,5381
8046,南電,39,5,34,第一金-員林,2023-05-30,5381
00882,中信中國高股息,31,0,31,第一金-員林,2023-05-30,5381
00900,富邦特選高股息30,30,0,30,第一金-員林,2023-05-30,5381
1513,中興電,33,3,30,第一金-員林,2023-05-30,5381
9105,泰金寶-DR,30,0,30,第一金-員林,2023-05-30,5381
3078,僑威,25,3,22,第一金-員林,2023-05-30,5381
2312,金寶,21,0,21,第一金-員林,2023-05-30,5381
2323,中環,21,0,21,第一金-員林,2023-05-30,5381
2440,太空梭,20,0,20,第一金-員林,2023-05-30,5381
4979,華星光,27,7,20,第一金-員林,2023-05-30,5381
3189,景碩,20,1,19,第一金-員林,2023-05-30,5381
00637L,元大滬深300正2,20,4,16,第一金-員林,2023-05-30,5381
00665L,富邦�琤肭磪囓�2,16,0,16,第一金-員林,2023-05-30,5381
2014,中鴻,16,0,16,第一金-員林,2023-05-30,5381
2423,固緯,15,0,15,第一金-員林,2023-05-30,5381
2201,裕隆,33,18,15,第一金-員林,2023-05-30,5381
1709,和益,14,0,14,第一金-員林,2023-05-30,5381
2103,台橡,14,0,14,第一金-員林,2023-05-30,5381
3576,聯合再生,15,1,14,第一金-員林,2023-05-30,5381
6166,凌華,14,0,14,第一金-員林,2023-05-30,5381
00878,國泰永續高股息,25,12,13,第一金-員林,2023-05-30,5381
3038,全台,13,0,13,第一金-員林,2023-05-30,5381
00650L,復華香港正2,12,0,12,第一金-員林,2023-05-30,5381
2331,精英,13,1,12,第一金-員林,2023-05-30,5381
00902,中信電池及儲能,11,0,11,第一金-員林,2023-05-30,5381
4121,優盛,11,0,11,第一金-員林,2023-05-30,5381
00910,第一金太空衛星,10,0,10,第一金-員林,2023-05-30,5381
00632R,元大台灣50反1,10,0,10,第一金-員林,2023-05-30,5381
00722B,群益投資級電信債,10,0,10,第一金-員林,2023-05-30,5381
2851,中再保,10,0,10,第一金-員林,2023-05-30,5381
3032,偉訓,12,2,10,第一金-員林,2023-05-30,5381
3050,鈺德,10,0,10,第一金-員林,2023-05-30,5381
6160,欣技,13,3,10,第一金-員林,2023-05-30,5381
5706,鳳凰,11,2,9,第一金-員林,2023-05-30,5381
5871,中租-KY,8,0,8,第一金-員林,2023-05-30,5381
00706L,期元大S＆P日圓正2,8,0,8,第一金-員林,2023-05-30,5381
1417,嘉裕,8,0,8,第一金-員林,2023-05-30,5381
1519,華城,10,2,8,第一金-員林,2023-05-30,5381
1580,新麥,8,0,8,第一金-員林,2023-05-30,5381
2834,臺企銀,8,0,8,第一金-員林,2023-05-30,5381
6257,矽格,8,0,8,第一金-員林,2023-05-30,5381
2002,中鋼,7,0,7,第一金-員林,2023-05-30,5381
00687B,國泰20年美債,7,0,7,第一金-員林,2023-05-30,5381
1305,華夏,6,0,6,第一金-員林,2023-05-30,5381
2327,國巨,6,0,6,第一金-員林,2023-05-30,5381
3013,晟銘電,23,17,6,第一金-員林,2023-05-30,5381
00882,中信中國高股息,250,11,239,第一金-員林,2023-05-31,5381
9105,泰金寶-DR,70,0,70,第一金-員林,2023-05-31,5381
2457,飛宏,79,27,52,第一金-員林,2023-05-31,5381
2312,金寶,61,15,46,第一金-員林,2023-05-31,5381
2486,一詮,37,2,35,第一金-員林,2023-05-31,5381
00715L,期街口布蘭特正2,58,26,32,第一金-員林,2023-05-31,5381
5531,鄉林,31,0,31,第一金-員林,2023-05-31,5381
8048,德勝,31,0,31,第一金-員林,2023-05-31,5381
2706,第一店,30,0,30,第一金-員林,2023-05-31,5381
3714,富采,30,0,30,第一金-員林,2023-05-31,5381
5512,力麒,30,2,28,第一金-員林,2023-05-31,5381
2888,新光金,36,11,25,第一金-員林,2023-05-31,5381
2317,鴻海,25,1,24,第一金-員林,2023-05-31,5381
3006,晶豪科,28,6,22,第一金-員林,2023-05-31,5381
00637L,元大滬深300正2,18,0,18,第一金-員林,2023-05-31,5381
2356,英業達,23,6,17,第一金-員林,2023-05-31,5381
3689,湧德,15,0,15,第一金-員林,2023-05-31,5381
6188,廣明,19,6,13,第一金-員林,2023-05-31,5381
6770,力積電,14,1,13,第一金-員林,2023-05-31,5381
0056,元大高股息,14,1,13,第一金-員林,2023-05-31,5381
1101,台泥,13,1,12,第一金-員林,2023-05-31,5381
00650L,復華香港正2,12,0,12,第一金-員林,2023-05-31,5381
00693U,期街口S＆P黃豆,10,0,10,第一金-員林,2023-05-31,5381
00853B,統一美債10年Aa-,10,0,10,第一金-員林,2023-05-31,5381
1337,再生-KY,10,0,10,第一金-員林,2023-05-31,5381
2748,雲品,22,12,10,第一金-員林,2023-05-31,5381
3062,建漢,10,0,10,第一金-員林,2023-05-31,5381
3264,欣銓,12,2,10,第一金-員林,2023-05-31,5381
9949,琉園,11,2,9,第一金-員林,2023-05-31,5381
1580,新麥,9,0,9,第一金-員林,2023-05-31,5381
2886,兆豐金,9,0,9,第一金-員林,2023-05-31,5381
4162,智擎,9,0,9,第一金-員林,2023-05-31,5381
3706,神達,14,5,9,第一金-員林,2023-05-31,5381
2442,新美齊,8,0,8,第一金-員林,2023-05-31,5381
2449,京元電子,8,0,8,第一金-員林,2023-05-31,5381
6218,豪勉,8,0,8,第一金-員林,2023-05-31,5381
2603,長榮,14,7,7,第一金-員林,2023-05-31,5381
3037,欣興,18,11,7,第一金-員林,2023-05-31,5381
2105,正新,7,0,7,第一金-員林,2023-05-31,5381
2329,華泰,10,3,7,第一金-員林,2023-05-31,5381
3025,星通,19,12,7,第一金-員林,2023-05-31,5381
5351,鈺創,17,10,7,第一金-員林,2023-05-31,5381
2371,大同,49,43,6,第一金-員林,2023-05-31,5381
2883,凱基金,6,0,6,第一金-員林,2023-05-31,5381
3673,TPK-KY,6,0,6,第一金-員林,2023-05-31,5381
3231,緯創,23,17,6,第一金-員林,2023-05-31,5381
00753L,中信中國50正2,5,0,5,第一金-員林,2023-05-31,5381
00664R,國泰臺灣加權反1,5,0,5,第一金-員林,2023-05-31,5381
00679B,元大美債20年,7,2,5,第一金-員林,2023-05-31,5381
00713,元大台灣高息低波,5,0,5,第一金-員林,2023-05-31,5381
00715L,期街口布蘭特正2,236,0,236,第一金-員林,2023-06-01,5381
9105,泰金寶-DR,100,0,100,第一金-員林,2023-06-01,5381
1584,精剛,102,6,96,第一金-員林,2023-06-01,5381
2482,連宇,72,0,72,第一金-員林,2023-06-01,5381
3321,同泰,73,17,56,第一金-員林,2023-06-01,5381
2323,中環,40,12,28,第一金-員林,2023-06-01,5381
2515,中工,72,45,27,第一金-員林,2023-06-01,5381
3673,TPK-KY,31,6,25,第一金-員林,2023-06-01,5381
00928,中信上櫃ESG30,20,0,20,第一金-員林,2023-06-01,5381
00642U,期元大S＆P石油,20,1,19,第一金-員林,2023-06-01,5381
6282,康舒,32,13,19,第一金-員林,2023-06-01,5381
0056,元大高股息,20,1,19,第一金-員林,2023-06-01,5381
3711,日月光投控,15,0,15,第一金-員林,2023-06-01,5381
4129,聯合,25,12,13,第一金-員林,2023-06-01,5381
3706,神達,28,15,13,第一金-員林,2023-06-01,5381
2356,英業達,13,1,12,第一金-員林,2023-06-01,5381
2882,國泰金,12,1,11,第一金-員林,2023-06-01,5381
1101,台泥,11,0,11,第一金-員林,2023-06-01,5381
00919,群益台灣精選高息,11,0,11,第一金-員林,2023-06-01,5381
9938,百和,10,0,10,第一金-員林,2023-06-01,5381
00753L,中信中國50正2,10,0,10,第一金-員林,2023-06-01,5381
1701,中化,10,0,10,第一金-員林,2023-06-01,5381
1909,榮成,10,0,10,第一金-員林,2023-06-01,5381
2484,希華,10,0,10,第一金-員林,2023-06-01,5381
3546,宇峻,10,0,10,第一金-員林,2023-06-01,5381
5905,南仁湖,10,0,10,第一金-員林,2023-06-01,5381
00893,國泰智能電動車,12,3,9,第一金-員林,2023-06-01,5381
8271,宇瞻,18,9,9,第一金-員林,2023-06-01,5381
8926,台汽電,10,1,9,第一金-員林,2023-06-01,5381
2892,第一金,8,0,8,第一金-員林,2023-06-01,5381
2303,聯電,8,1,7,第一金-員林,2023-06-01,5381
00679B,元大美債20年,7,0,7,第一金-員林,2023-06-01,5381
1304,台聚,7,0,7,第一金-員林,2023-06-01,5381
00706L,期元大S＆P日圓正2,7,0,7,第一金-員林,2023-06-01,5381
00688L,國泰20年美債正2,7,0,7,第一金-員林,2023-06-01,5381
1516,川飛,7,0,7,第一金-員林,2023-06-01,5381
2329,華泰,10,3,7,第一金-員林,2023-06-01,5381
2352,佳世達,8,1,7,第一金-員林,2023-06-01,5381
3714,富采,8,1,7,第一金-員林,2023-06-01,5381
00687B,國泰20年美債,6,0,6,第一金-員林,2023-06-01,5381
2881,富邦金,6,0,6,第一金-員林,2023-06-01,5381
1417,嘉裕,6,0,6,第一金-員林,2023-06-01,5381
2883,凱基金,8,2,6,第一金-員林,2023-06-01,5381
2888,新光金,19,13,6,第一金-員林,2023-06-01,5381
6125,廣運,6,0,6,第一金-員林,2023-06-01,5381
1721,三晃,11,6,5,第一金-員林,2023-06-01,5381
2023,燁輝,5,0,5,第一金-員林,2023-06-01,5381
2409,友達,5,0,5,第一金-員林,2023-06-01,5381
2425,承啟,5,0,5,第一金-員林,2023-06-01,5381
2736,富野,5,0,5,第一金-員林,2023-06-01,5381
2834,臺企銀,120,0,120,第一金-員林,2023-06-02,5381
1905,華紙,119,30,89,第一金-員林,2023-06-02,5381
2356,英業達,43,14,29,第一金-員林,2023-06-02,5381
2481,強茂,31,2,29,第一金-員林,2023-06-02,5381
00919,群益台灣精選高息,27,0,27,第一金-員林,2023-06-02,5381
2444,兆勁,21,0,21,第一金-員林,2023-06-02,5381
3576,聯合再生,20,0,20,第一金-員林,2023-06-02,5381
3673,TPK-KY,20,0,20,第一金-員林,2023-06-02,5381
6243,迅杰,20,0,20,第一金-員林,2023-06-02,5381
6509,聚和,20,0,20,第一金-員林,2023-06-02,5381
8046,南電,20,2,18,第一金-員林,2023-06-02,5381
6142,友勁,20,4,16,第一金-員林,2023-06-02,5381
00679B,元大美債20年,14,0,14,第一金-員林,2023-06-02,5381
2913,農林,17,3,14,第一金-員林,2023-06-02,5381
4967,十銓,15,1,14,第一金-員林,2023-06-02,5381
8289,泰藝,14,0,14,第一金-員林,2023-06-02,5381
2457,飛宏,79,65,14,第一金-員林,2023-06-02,5381
00882,中信中國高股息,13,0,13,第一金-員林,2023-06-02,5381
1314,中石化,15,3,12,第一金-員林,2023-06-02,5381
6167,久正,14,2,12,第一金-員林,2023-06-02,5381
3356,奇偶,11,0,11,第一金-員林,2023-06-02,5381
1342,八貫,11,0,11,第一金-員林,2023-06-02,5381
1605,華新,18,7,11,第一金-員林,2023-06-02,5381
2468,華經,11,0,11,第一金-員林,2023-06-02,5381
3083,網龍,11,0,11,第一金-員林,2023-06-02,5381
2603,長榮,10,0,10,第一金-員林,2023-06-02,5381
2329,華泰,10,0,10,第一金-員林,2023-06-02,5381
00924,復華S＆P500成長,10,0,10,第一金-員林,2023-06-02,5381
2342,茂矽,12,2,10,第一金-員林,2023-06-02,5381
2884,玉山金,10,0,10,第一金-員林,2023-06-02,5381
3715,定穎投控,10,0,10,第一金-員林,2023-06-02,5381
8049,晶采,10,0,10,第一金-員林,2023-06-02,5381
3037,欣興,15,6,9,第一金-員林,2023-06-02,5381
1806,冠軍,10,1,9,第一金-員林,2023-06-02,5381
2421,建準,10,1,9,第一金-員林,2023-06-02,5381
3494,誠研,9,0,9,第一金-員林,2023-06-02,5381
2891,中信金,9,0,9,第一金-員林,2023-06-02,5381
1608,華榮,11,3,8,第一金-員林,2023-06-02,5381
1734,杏輝,8,0,8,第一金-員林,2023-06-02,5381
2371,大同,56,49,7,第一金-員林,2023-06-02,5381
00712,復華富時不動產,62,55,7,第一金-員林,2023-06-02,5381
00885,富邦越南,10,3,7,第一金-員林,2023-06-02,5381
1580,新麥,7,0,7,第一金-員林,2023-06-02,5381
2382,廣達,11,4,7,第一金-員林,2023-06-02,5381
3058,立德,7,0,7,第一金-員林,2023-06-02,5381
4564,元翎,7,0,7,第一金-員林,2023-06-02,5381
6143,振曜,7,0,7,第一金-員林,2023-06-02,5381
2801,彰銀,10,3,7,第一金-員林,2023-06-02,5381
1319,東陽,6,0,6,第一金-員林,2023-06-02,5381
00687B,國泰20年美債,6,0,6,第一金-員林,2023-06-02,5381
00712,復華富時不動產,157,6,151,第一金-員林,2023-06-05,5381
00679B,元大美債20年,72,0,72,第一金-員林,2023-06-05,5381
2359,所羅門,69,0,69,第一金-員林,2023-06-05,5381
1711,永光,51,1,50,第一金-員林,2023-06-05,5381
1337,再生-KY,49,0,49,第一金-員林,2023-06-05,5381
00900,富邦特選高股息30,35,2,33,第一金-員林,2023-06-05,5381
2610,華航,103,71,32,第一金-員林,2023-06-05,5381
00882,中信中國高股息,31,0,31,第一金-員林,2023-06-05,5381
00878,國泰永續高股息,77,47,30,第一金-員林,2023-06-05,5381
2443,昶虹,30,0,30,第一金-員林,2023-06-05,5381
2457,飛宏,86,57,29,第一金-員林,2023-06-05,5381
2323,中環,65,39,26,第一金-員林,2023-06-05,5381
00751B,元大AAA至A公司債,27,1,26,第一金-員林,2023-06-05,5381
8936,國統,27,1,26,第一金-員林,2023-06-05,5381
00720B,元大投資級公司債,25,0,25,第一金-員林,2023-06-05,5381
6244,茂迪,27,4,23,第一金-員林,2023-06-05,5381
1608,華榮,22,0,22,第一金-員林,2023-06-05,5381
00632R,元大台灣50反1,20,0,20,第一金-員林,2023-06-05,5381
6214,精誠,19,0,19,第一金-員林,2023-06-05,5381
1805,寶徠,17,0,17,第一金-員林,2023-06-05,5381
2489,瑞軒,20,3,17,第一金-員林,2023-06-05,5381
00688L,國泰20年美債正2,16,0,16,第一金-員林,2023-06-05,5381
3189,景碩,17,1,16,第一金-員林,2023-06-05,5381
3711,日月光投控,31,15,16,第一金-員林,2023-06-05,5381
6125,廣運,29,13,16,第一金-員林,2023-06-05,5381
00680L,元大美債20正2,15,0,15,第一金-員林,2023-06-05,5381
2332,友訊,15,0,15,第一金-員林,2023-06-05,5381
6470,宇智,15,0,15,第一金-員林,2023-06-05,5381
1513,中興電,20,5,15,第一金-員林,2023-06-05,5381
6167,久正,27,14,13,第一金-員林,2023-06-05,5381
2603,長榮,14,2,12,第一金-員林,2023-06-05,5381
2105,正新,13,1,12,第一金-員林,2023-06-05,5381
2539,櫻花建,12,0,12,第一金-員林,2023-06-05,5381
2317,鴻海,15,4,11,第一金-員林,2023-06-05,5381
1529,樂事綠能,13,2,11,第一金-員林,2023-06-05,5381
2356,英業達,14,3,11,第一金-員林,2023-06-05,5381
2498,宏達電,15,4,11,第一金-員林,2023-06-05,5381
2609,陽明,12,1,11,第一金-員林,2023-06-05,5381
3630,新鉅科,13,2,11,第一金-員林,2023-06-05,5381
5386,青雲,11,0,11,第一金-員林,2023-06-05,5381
1714,和桐,11,0,11,第一金-員林,2023-06-05,5381
5864,致和證,11,0,11,第一金-員林,2023-06-05,5381
2371,大同,27,16,11,第一金-員林,2023-06-05,5381
2206,三陽工業,24,14,10,第一金-員林,2023-06-05,5381
2637,慧洋-KY,10,0,10,第一金-員林,2023-06-05,5381
00857B,永豐20年美公債,10,0,10,第一金-員林,2023-06-05,5381
00772B,中信高評級公司債,10,0,10,第一金-員林,2023-06-05,5381
00924,復華S＆P500成長,10,0,10,第一金-員林,2023-06-05,5381
6733,博晟生醫,10,0,10,第一金-員林,2023-06-05,5381
1584,精剛,10,1,9,第一金-員林,2023-06-05,5381
00679B,元大美債20年,128,0,128,第一金-員林,2023-06-06,5381
2888,新光金,85,2,83,第一金-員林,2023-06-06,5381
00927,群益半導體收益,63,0,63,第一金-員林,2023-06-06,5381
2323,中環,52,8,44,第一金-員林,2023-06-06,5381
6532,瑞耘,35,0,35,第一金-員林,2023-06-06,5381
3715,定穎投控,35,0,35,第一金-員林,2023-06-06,5381
2359,所羅門,33,1,32,第一金-員林,2023-06-06,5381
1609,大亞,76,46,30,第一金-員林,2023-06-06,5381
1903,士紙,30,0,30,第一金-員林,2023-06-06,5381
3673,TPK-KY,30,2,28,第一金-員林,2023-06-06,5381
6125,廣運,27,1,26,第一金-員林,2023-06-06,5381
00713,元大台灣高息低波,22,1,21,第一金-員林,2023-06-06,5381
00926,凱基全球菁英55,20,0,20,第一金-員林,2023-06-06,5381
6244,茂迪,18,0,18,第一金-員林,2023-06-06,5381
00919,群益台灣精選高息,17,0,17,第一金-員林,2023-06-06,5381
00885,富邦越南,16,0,16,第一金-員林,2023-06-06,5381
2027,大成鋼,16,0,16,第一金-員林,2023-06-06,5381
2208,台船,16,0,16,第一金-員林,2023-06-06,5381
2641,正德,15,0,15,第一金-員林,2023-06-06,5381
8358,金居,26,11,15,第一金-員林,2023-06-06,5381
1514,亞力,15,2,13,第一金-員林,2023-06-06,5381
8028,昇陽半導體,13,0,13,第一金-員林,2023-06-06,5381
3058,立德,14,2,12,第一金-員林,2023-06-06,5381
4123,晟德,12,0,12,第一金-員林,2023-06-06,5381
6531,愛普*,15,3,12,第一金-員林,2023-06-06,5381
3702,大聯大,11,0,11,第一金-員林,2023-06-06,5381
6220,岳豐,11,0,11,第一金-員林,2023-06-06,5381
1815,富喬,14,3,11,第一金-員林,2023-06-06,5381
00712,復華富時不動產,21,11,10,第一金-員林,2023-06-06,5381
00751B,元大AAA至A公司債,10,0,10,第一金-員林,2023-06-06,5381
2489,瑞軒,11,1,10,第一金-員林,2023-06-06,5381
2618,長榮航,28,18,10,第一金-員林,2023-06-06,5381
2916,滿心,11,1,10,第一金-員林,2023-06-06,5381
5386,青雲,14,4,10,第一金-員林,2023-06-06,5381
6243,迅杰,32,22,10,第一金-員林,2023-06-06,5381
00882,中信中國高股息,10,1,9,第一金-員林,2023-06-06,5381
2314,台揚,9,0,9,第一金-員林,2023-06-06,5381
00680L,元大美債20正2,9,0,9,第一金-員林,2023-06-06,5381
1210,大成,10,1,9,第一金-員林,2023-06-06,5381
1529,樂事綠能,9,0,9,第一金-員林,2023-06-06,5381
3013,晟銘電,10,1,9,第一金-員林,2023-06-06,5381
5452,佶優,10,1,9,第一金-員林,2023-06-06,5381
1805,寶徠,8,0,8,第一金-員林,2023-06-06,5381
2515,中工,40,32,8,第一金-員林,2023-06-06,5381
2606,裕民,8,0,8,第一金-員林,2023-06-06,5381
2633,台灣高鐵,8,0,8,第一金-員林,2023-06-06,5381
4113,聯上,8,0,8,第一金-員林,2023-06-06,5381
5355,佳總,8,0,8,第一金-員林,2023-06-06,5381
2427,三商電,7,0,7,第一金-員林,2023-06-06,5381
3704,合勤控,7,0,7,第一金-員林,2023-06-06,5381
2888,新光金,160,24,136,第一金-員林,2023-06-07,5381
00882,中信中國高股息,117,5,112,第一金-員林,2023-06-07,5381
00632R,元大台灣50反1,93,0,93,第一金-員林,2023-06-07,5381
2027,大成鋼,76,0,76,第一金-員林,2023-06-07,5381
2344,華邦電,73,1,72,第一金-員林,2023-06-07,5381
00679B,元大美債20年,73,2,71,第一金-員林,2023-06-07,5381
8940,新天地,60,6,54,第一金-員林,2023-06-07,5381
00927,群益半導體收益,36,1,35,第一金-員林,2023-06-07,5381
9103,美德醫療-DR,35,0,35,第一金-員林,2023-06-07,5381
2706,第一店,55,22,33,第一金-員林,2023-06-07,5381
00645,富邦日本,30,0,30,第一金-員林,2023-06-07,5381
2851,中再保,31,6,25,第一金-員林,2023-06-07,5381
00712,復華富時不動產,42,20,22,第一金-員林,2023-06-07,5381
00885,富邦越南,23,2,21,第一金-員林,2023-06-07,5381
3058,立德,20,0,20,第一金-員林,2023-06-07,5381
6282,康舒,23,4,19,第一金-員林,2023-06-07,5381
00772B,中信高評級公司債,20,2,18,第一金-員林,2023-06-07,5381
2317,鴻海,19,3,16,第一金-員林,2023-06-07,5381
8064,東捷,16,0,16,第一金-員林,2023-06-07,5381
2353,宏��,15,0,15,第一金-員林,2023-06-07,5381
6470,宇智,15,0,15,第一金-員林,2023-06-07,5381
2809,京城銀,13,0,13,第一金-員林,2023-06-07,5381
6443,元晶,13,0,13,第一金-員林,2023-06-07,5381
5289,宜鼎,13,0,13,第一金-員林,2023-06-07,5381
3704,合勤控,19,7,12,第一金-員林,2023-06-07,5381
6243,迅杰,42,30,12,第一金-員林,2023-06-07,5381
2891,中信金,11,0,11,第一金-員林,2023-06-07,5381
8358,金居,14,3,11,第一金-員林,2023-06-07,5381
020028,元大特選電動車N,10,0,10,第一金-員林,2023-06-07,5381
2641,正德,10,0,10,第一金-員林,2023-06-07,5381
2883B,凱基金乙特,10,0,10,第一金-員林,2023-06-07,5381
3032,偉訓,10,0,10,第一金-員林,2023-06-07,5381
3374,精材,10,0,10,第一金-員林,2023-06-07,5381
3522,御嵿,10,0,10,第一金-員林,2023-06-07,5381
5388,中磊,10,0,10,第一金-員林,2023-06-07,5381
6182,合晶,10,0,10,第一金-員林,2023-06-07,5381
6270,倍微,12,2,10,第一金-員林,2023-06-07,5381
1605,華新,9,0,9,第一金-員林,2023-06-07,5381
1805,寶徠,8,0,8,第一金-員林,2023-06-07,5381
3027,盛達,17,9,8,第一金-員林,2023-06-07,5381
5371,中光電,8,0,8,第一金-員林,2023-06-07,5381
00919,群益台灣精選高息,7,0,7,第一金-員林,2023-06-07,5381
2323,中環,48,41,7,第一金-員林,2023-06-07,5381
3630,新鉅科,11,4,7,第一金-員林,2023-06-07,5381
5498,凱崴,7,0,7,第一金-員林,2023-06-07,5381
5706,鳳凰,15,8,7,第一金-員林,2023-06-07,5381
8028,昇陽半導體,9,2,7,第一金-員林,2023-06-07,5381
00637L,元大滬深300正2,14,8,6,第一金-員林,2023-06-07,5381
00642U,期元大S＆P石油,6,0,6,第一金-員林,2023-06-07,5381
1611,中電,7,1,6,第一金-員林,2023-06-07,5381
00679B,元大美債20年,153,0,153,第一金-員林,2023-06-08,5381
3027,盛達,93,5,88,第一金-員林,2023-06-08,5381
5864,致和證,78,0,78,第一金-員林,2023-06-08,5381
00919,群益台灣精選高息,53,0,53,第一金-員林,2023-06-08,5381
00878,國泰永續高股息,60,10,50,第一金-員林,2023-06-08,5381
0056,元大高股息,55,11,44,第一金-員林,2023-06-08,5381
9105,泰金寶-DR,38,0,38,第一金-員林,2023-06-08,5381
8046,南電,34,0,34,第一金-員林,2023-06-08,5381
1905,華紙,40,7,33,第一金-員林,2023-06-08,5381
2436,偉詮電,31,0,31,第一金-員林,2023-06-08,5381
9962,有益,30,0,30,第一金-員林,2023-06-08,5381
2491,吉祥全,25,0,25,第一金-員林,2023-06-08,5381
1609,大亞,67,45,22,第一金-員林,2023-06-08,5381
00751B,元大AAA至A公司債,19,0,19,第一金-員林,2023-06-08,5381
00687B,國泰20年美債,19,0,19,第一金-員林,2023-06-08,5381
2383,台光電,19,0,19,第一金-員林,2023-06-08,5381
8421,旭源,18,0,18,第一金-員林,2023-06-08,5381
3711,日月光投控,47,30,17,第一金-員林,2023-06-08,5381
1805,寶徠,16,0,16,第一金-員林,2023-06-08,5381
00708L,期元大S＆P黃金正2,15,0,15,第一金-員林,2023-06-08,5381
00893,國泰智能電動車,16,1,15,第一金-員林,2023-06-08,5381
1529,樂事綠能,16,2,14,第一金-員林,2023-06-08,5381
00795B,中信美國公債20年,12,0,12,第一金-員林,2023-06-08,5381
2353,宏��,15,3,12,第一金-員林,2023-06-08,5381
2614,東森,12,0,12,第一金-員林,2023-06-08,5381
3058,立德,17,5,12,第一金-員林,2023-06-08,5381
3715,定穎投控,12,0,12,第一金-員林,2023-06-08,5381
5328,華容,12,0,12,第一金-員林,2023-06-08,5381
00720B,元大投資級公司債,11,0,11,第一金-員林,2023-06-08,5381
00680L,元大美債20正2,11,0,11,第一金-員林,2023-06-08,5381
2402,毅嘉,24,13,11,第一金-員林,2023-06-08,5381
6285,啟��,10,0,10,第一金-員林,2023-06-08,5381
00857B,永豐20年美公債,10,0,10,第一金-員林,2023-06-08,5381
00673R,期元大S＆P原油反1,10,0,10,第一金-員林,2023-06-08,5381
00740B,富邦全球投等債,10,0,10,第一金-員林,2023-06-08,5381
1806,冠軍,10,0,10,第一金-員林,2023-06-08,5381
2342,茂矽,10,0,10,第一金-員林,2023-06-08,5381
2354,鴻準,10,0,10,第一金-員林,2023-06-08,5381
5905,南仁湖,10,0,10,第一金-員林,2023-06-08,5381
6509,聚和,11,1,10,第一金-員林,2023-06-08,5381
00772B,中信高評級公司債,9,0,9,第一金-員林,2023-06-08,5381
4977,眾達-KY,9,0,9,第一金-員林,2023-06-08,5381
2312,金寶,10,1,9,第一金-員林,2023-06-08,5381
3260,威剛,11,2,9,第一金-員林,2023-06-08,5381
8234,新漢,8,0,8,第一金-員林,2023-06-08,5381
3374,精材,11,3,8,第一金-員林,2023-06-08,5381
1795,美時,19,12,7,第一金-員林,2023-06-08,5381
2327,國巨,7,0,7,第一金-員林,2023-06-08,5381
00722B,群益投資級電信債,7,0,7,第一金-員林,2023-06-08,5381
1514,亞力,10,3,7,第一金-員林,2023-06-08,5381
9105,泰金寶-DR,174,0,174,第一金-員林,2023-06-09,5381
00929,復華台灣科技優息,132,0,132,第一金-員林,2023-06-09,5381
00632R,元大台灣50反1,100,0,100,第一金-員林,2023-06-09,5381
1337,再生-KY,60,0,60,第一金-員林,2023-06-09,5381
5351,鈺創,50,0,50,第一金-員林,2023-06-09,5381
2618,長榮航,52,5,47,第一金-員林,2023-06-09,5381
00919,群益台灣精選高息,41,0,41,第一金-員林,2023-06-09,5381
2634,漢翔,72,31,41,第一金-員林,2023-06-09,5381
8358,金居,50,10,40,第一金-員林,2023-06-09,5381
2641,正德,35,0,35,第一金-員林,2023-06-09,5381
2027,大成鋼,28,0,28,第一金-員林,2023-06-09,5381
5425,台半,35,11,24,第一金-員林,2023-06-09,5381
00927,群益半導體收益,24,2,22,第一金-員林,2023-06-09,5381
00679B,元大美債20年,21,0,21,第一金-員林,2023-06-09,5381
020022,元大電動車N,20,0,20,第一金-員林,2023-06-09,5381
8064,東捷,20,0,20,第一金-員林,2023-06-09,5381
6282,康舒,19,2,17,第一金-員林,2023-06-09,5381
8076,伍豐,15,0,15,第一金-員林,2023-06-09,5381
1802,台玻,14,0,14,第一金-員林,2023-06-09,5381
1721,三晃,13,0,13,第一金-員林,2023-06-09,5381
2352,佳世達,15,3,12,第一金-員林,2023-06-09,5381
6733,博晟生醫,15,3,12,第一金-員林,2023-06-09,5381
2353,宏��,22,12,10,第一金-員林,2023-06-09,5381
2609,陽明,16,6,10,第一金-員林,2023-06-09,5381
00665L,富邦�琤肭磪囓�2,10,0,10,第一金-員林,2023-06-09,5381
00924,復華S＆P500成長,10,0,10,第一金-員林,2023-06-09,5381
00853B,統一美債10年Aa-,10,0,10,第一金-員林,2023-06-09,5381
1444,力麗,10,0,10,第一金-員林,2023-06-09,5381
1584,精剛,10,0,10,第一金-員林,2023-06-09,5381
1733,五鼎,12,2,10,第一金-員林,2023-06-09,5381
2023,燁輝,10,0,10,第一金-員林,2023-06-09,5381
3576,聯合再生,10,0,10,第一金-員林,2023-06-09,5381
2882,國泰金,9,0,9,第一金-員林,2023-06-09,5381
2206,三陽工業,22,13,9,第一金-員林,2023-06-09,5381
00897,富邦基因免疫生技,10,1,9,第一金-員林,2023-06-09,5381
1612,宏泰,18,9,9,第一金-員林,2023-06-09,5381
3362,先進光,10,1,9,第一金-員林,2023-06-09,5381
6142,友勁,9,0,9,第一金-員林,2023-06-09,5381
6234,高僑,10,1,9,第一金-員林,2023-06-09,5381
8289,泰藝,9,0,9,第一金-員林,2023-06-09,5381
1504,東元,19,11,8,第一金-員林,2023-06-09,5381
1514,亞力,8,0,8,第一金-員林,2023-06-09,5381
6517,保勝光學,8,0,8,第一金-員林,2023-06-09,5381
8046,南電,8,0,8,第一金-員林,2023-06-09,5381
2603,長榮,8,0,8,第一金-員林,2023-06-09,5381
2340,台亞,8,1,7,第一金-員林,2023-06-09,5381
1516,川飛,8,1,7,第一金-員林,2023-06-09,5381
2243,宏旭-KY,7,0,7,第一金-員林,2023-06-09,5381
4911,德英,7,0,7,第一金-員林,2023-06-09,5381
6167,久正,7,0,7,第一金-員林,2023-06-09,5381
00929,復華台灣科技優息,204,10,194,第一金-員林,2023-06-12,5381
2888,新光金,176,40,136,第一金-員林,2023-06-12,5381
1584,精剛,108,3,105,第一金-員林,2023-06-12,5381
00632R,元大台灣50反1,92,0,92,第一金-員林,2023-06-12,5381
3576,聯合再生,88,3,85,第一金-員林,2023-06-12,5381
9105,泰金寶-DR,67,0,67,第一金-員林,2023-06-12,5381
1733,五鼎,68,3,65,第一金-員林,2023-06-12,5381
6142,友勁,56,0,56,第一金-員林,2023-06-12,5381
8926,台汽電,61,7,54,第一金-員林,2023-06-12,5381
2915,潤泰全,50,0,50,第一金-員林,2023-06-12,5381
00713,元大台灣高息低波,47,0,47,第一金-員林,2023-06-12,5381
00924,復華S＆P500成長,40,0,40,第一金-員林,2023-06-12,5381
1513,中興電,40,6,34,第一金-員林,2023-06-12,5381
00919,群益台灣精選高息,32,0,32,第一金-員林,2023-06-12,5381
2834,臺企銀,30,0,30,第一金-員林,2023-06-12,5381
00712,復華富時不動產,51,22,29,第一金-員林,2023-06-12,5381
2402,毅嘉,31,2,29,第一金-員林,2023-06-12,5381
1905,華紙,37,15,22,第一金-員林,2023-06-12,5381
3264,欣銓,21,0,21,第一金-員林,2023-06-12,5381
2206,三陽工業,40,19,21,第一金-員林,2023-06-12,5381
2515,中工,22,3,19,第一金-員林,2023-06-12,5381
3711,日月光投控,66,47,19,第一金-員林,2023-06-12,5381
2436,偉詮電,20,2,18,第一金-員林,2023-06-12,5381
5386,青雲,20,3,17,第一金-員林,2023-06-12,5381
00715L,期街口布蘭特正2,26,10,16,第一金-員林,2023-06-12,5381
1432,大魯閣,15,0,15,第一金-員林,2023-06-12,5381
8064,東捷,15,0,15,第一金-員林,2023-06-12,5381
2323,中環,20,7,13,第一金-員林,2023-06-12,5381
2329,華泰,15,2,13,第一金-員林,2023-06-12,5381
1815,富喬,12,0,12,第一金-員林,2023-06-12,5381
3346,麗清,23,11,12,第一金-員林,2023-06-12,5381
3374,精材,19,7,12,第一金-員林,2023-06-12,5381
6214,精誠,12,0,12,第一金-員林,2023-06-12,5381
5425,台半,24,12,12,第一金-員林,2023-06-12,5381
8092,建暐,11,0,11,第一金-員林,2023-06-12,5381
1210,大成,10,0,10,第一金-員林,2023-06-12,5381
00902,中信電池及儲能,10,0,10,第一金-員林,2023-06-12,5381
3047,訊舟,10,0,10,第一金-員林,2023-06-12,5381
5276,達輝-KY,10,0,10,第一金-員林,2023-06-12,5381
6531,愛普*,10,0,10,第一金-員林,2023-06-12,5381
2382,廣達,29,19,10,第一金-員林,2023-06-12,5381
2609,陽明,12,3,9,第一金-員林,2023-06-12,5381
3033,威健,12,3,9,第一金-員林,2023-06-12,5381
8271,宇瞻,11,2,9,第一金-員林,2023-06-12,5381
2392,正崴,8,0,8,第一金-員林,2023-06-12,5381
2610,華航,11,3,8,第一金-員林,2023-06-12,5381
2801,彰銀,8,0,8,第一金-員林,2023-06-12,5381
2929,淘帝-KY,8,0,8,第一金-員林,2023-06-12,5381
2376,技嘉,11,4,7,第一金-員林,2023-06-12,5381
1417,嘉裕,7,0,7,第一金-員林,2023-06-12,5381
00715L,期街口布蘭特正2,338,8,330,第一金-員林,2023-06-13,5381
00632R,元大台灣50反1,198,0,198,第一金-員林,2023-06-13,5381
9105,泰金寶-DR,140,0,140,第一金-員林,2023-06-13,5381
2888,新光金,91,13,78,第一金-員林,2023-06-13,5381
00919,群益台灣精選高息,69,0,69,第一金-員林,2023-06-13,5381
2323,中環,48,3,45,第一金-員林,2023-06-13,5381
00712,復華富時不動產,42,3,39,第一金-員林,2023-06-13,5381
5351,鈺創,40,2,38,第一金-員林,2023-06-13,5381
3078,僑威,37,8,29,第一金-員林,2023-06-13,5381
2014,中鴻,24,0,24,第一金-員林,2023-06-13,5381
00637L,元大滬深300正2,20,0,20,第一金-員林,2023-06-13,5381
1733,五鼎,19,0,19,第一金-員林,2023-06-13,5381
00642U,期元大S＆P石油,23,5,18,第一金-員林,2023-06-13,5381
5258,虹堡,22,5,17,第一金-員林,2023-06-13,5381
00929,復華台灣科技優息,36,21,15,第一金-員林,2023-06-13,5381
6182,合晶,15,0,15,第一金-員林,2023-06-13,5381
3715,定穎投控,13,0,13,第一金-員林,2023-06-13,5381
5706,鳳凰,32,20,12,第一金-員林,2023-06-13,5381
1504,東元,13,1,12,第一金-員林,2023-06-13,5381
2515,中工,12,0,12,第一金-員林,2023-06-13,5381
5386,青雲,14,2,12,第一金-員林,2023-06-13,5381
6288,聯嘉,24,12,12,第一金-員林,2023-06-13,5381
1609,大亞,12,2,10,第一金-員林,2023-06-13,5381
00650L,復華香港正2,10,0,10,第一金-員林,2023-06-13,5381
2329,華泰,40,30,10,第一金-員林,2023-06-13,5381
2641,正德,10,0,10,第一金-員林,2023-06-13,5381
3033,威健,11,1,10,第一金-員林,2023-06-13,5381
3071,協禧,10,0,10,第一金-員林,2023-06-13,5381
5880,合庫金,10,0,10,第一金-員林,2023-06-13,5381
6248,沛波,10,0,10,第一金-員林,2023-06-13,5381
3231,緯創,51,42,9,第一金-員林,2023-06-13,5381
1806,冠軍,10,1,9,第一金-員林,2023-06-13,5381
6125,廣運,24,15,9,第一金-員林,2023-06-13,5381
2034,允強,9,0,9,第一金-員林,2023-06-13,5381
2105,正新,12,4,8,第一金-員林,2023-06-13,5381
1514,亞力,8,0,8,第一金-員林,2023-06-13,5381
2305,全友,12,4,8,第一金-員林,2023-06-13,5381
4157,太景*-KY,9,1,8,第一金-員林,2023-06-13,5381
00927,群益半導體收益,7,0,7,第一金-員林,2023-06-13,5381
3551,世禾,10,3,7,第一金-員林,2023-06-13,5381
2889,國票金,10,4,6,第一金-員林,2023-06-13,5381
00679B,元大美債20年,6,0,6,第一金-員林,2023-06-13,5381
1618,合機,9,3,6,第一金-員林,2023-06-13,5381
2313,華通,6,0,6,第一金-員林,2023-06-13,5381
2484,希華,11,5,6,第一金-員林,2023-06-13,5381
3363,上詮,6,0,6,第一金-員林,2023-06-13,5381
4919,新唐,10,4,6,第一金-員林,2023-06-13,5381
2328,廣宇,5,0,5,第一金-員林,2023-06-13,5381
2618,長榮航,36,31,5,第一金-員林,2023-06-13,5381
2886,兆豐金,5,0,5,第一金-員林,2023-06-13,5381
1314,中石化,501,0,501,第一金-員林,2023-06-14,5381
9105,泰金寶-DR,90,0,90,第一金-員林,2023-06-14,5381
00919,群益台灣精選高息,88,1,87,第一金-員林,2023-06-14,5381
00712,復華富時不動產,103,30,73,第一金-員林,2023-06-14,5381
2601,益航,50,0,50,第一金-員林,2023-06-14,5381
2356,英業達,72,40,32,第一金-員林,2023-06-14,5381
2360,致茂,30,0,30,第一金-員林,2023-06-14,5381
00924,復華S＆P500成長,30,0,30,第一金-員林,2023-06-14,5381
00708L,期元大S＆P黃金正2,30,0,30,第一金-員林,2023-06-14,5381
6205,詮欣,30,0,30,第一金-員林,2023-06-14,5381
3711,日月光投控,75,48,27,第一金-員林,2023-06-14,5381
1905,華紙,31,7,24,第一金-員林,2023-06-14,5381
8050,廣積,28,4,24,第一金-員林,2023-06-14,5381
2630,亞航,24,1,23,第一金-員林,2023-06-14,5381
2363,矽統,47,25,22,第一金-員林,2023-06-14,5381
2888,新光金,75,55,20,第一金-員林,2023-06-14,5381
3022,威強電,21,2,19,第一金-員林,2023-06-14,5381
1522,堤維西,36,18,18,第一金-員林,2023-06-14,5381
4157,太景*-KY,18,0,18,第一金-員林,2023-06-14,5381
00679B,元大美債20年,16,0,16,第一金-員林,2023-06-14,5381
0056,元大高股息,17,2,15,第一金-員林,2023-06-14,5381
2353,宏��,20,7,13,第一金-員林,2023-06-14,5381
4533,協易機,14,1,13,第一金-員林,2023-06-14,5381
2034,允強,12,0,12,第一金-員林,2023-06-14,5381
3481,群創,27,15,12,第一金-員林,2023-06-14,5381
2614,東森,11,0,11,第一金-員林,2023-06-14,5381
4173,久裕,11,0,11,第一金-員林,2023-06-14,5381
00888,永豐台灣ESG,10,0,10,第一金-員林,2023-06-14,5381
1609,大亞,30,20,10,第一金-員林,2023-06-14,5381
1734,杏輝,10,0,10,第一金-員林,2023-06-14,5381
1802,台玻,10,0,10,第一金-員林,2023-06-14,5381
1906,寶隆,10,0,10,第一金-員林,2023-06-14,5381
2007,燁興,10,0,10,第一金-員林,2023-06-14,5381
2023,燁輝,10,0,10,第一金-員林,2023-06-14,5381
2382,廣達,25,15,10,第一金-員林,2023-06-14,5381
8105,凌巨,10,0,10,第一金-員林,2023-06-14,5381
2705,六福,18,8,10,第一金-員林,2023-06-14,5381
5443,均豪,11,1,10,第一金-員林,2023-06-14,5381
1210,大成,10,1,9,第一金-員林,2023-06-14,5381
2611,志信,10,1,9,第一金-員林,2023-06-14,5381
3152,璟德,9,0,9,第一金-員林,2023-06-14,5381
6235,華孚,13,4,9,第一金-員林,2023-06-14,5381
3707,漢磊,13,5,8,第一金-員林,2023-06-14,5381
4974,亞泰,8,0,8,第一金-員林,2023-06-14,5381
9962,有益,8,0,8,第一金-員林,2023-06-14,5381
00912,中信臺灣智慧50,7,0,7,第一金-員林,2023-06-14,5381
00900,富邦特選高股息30,10,3,7,第一金-員林,2023-06-14,5381
2368,金像電,8,1,7,第一金-員林,2023-06-14,5381
2851,中再保,7,0,7,第一金-員林,2023-06-14,5381
8289,泰藝,7,0,7,第一金-員林,2023-06-14,5381
9105,泰金寶-DR,130,0,130,第一金-員林,2023-06-15,5381
2356,英業達,125,57,68,第一金-員林,2023-06-15,5381
00919,群益台灣精選高息,48,0,48,第一金-員林,2023-06-15,5381
1506,正道,40,0,40,第一金-員林,2023-06-15,5381
00929,復華台灣科技優息,34,0,34,第一金-員林,2023-06-15,5381
2888,新光金,54,21,33,第一金-員林,2023-06-15,5381
00885,富邦越南,30,2,28,第一金-員林,2023-06-15,5381
5014,建錩,24,0,24,第一金-員林,2023-06-15,5381
2401,凌陽,45,22,23,第一金-員林,2023-06-15,5381
2443,昶虹,20,0,20,第一金-員林,2023-06-15,5381
2371,大同,33,13,20,第一金-員林,2023-06-15,5381
3231,緯創,43,23,20,第一金-員林,2023-06-15,5381
00712,復華富時不動產,20,0,20,第一金-員林,2023-06-15,5381
3576,聯合再生,17,0,17,第一金-員林,2023-06-15,5381
6167,久正,28,11,17,第一金-員林,2023-06-15,5381
2014,中鴻,16,1,15,第一金-員林,2023-06-15,5381
1432,大魯閣,14,0,14,第一金-員林,2023-06-15,5381
2603,長榮,14,1,13,第一金-員林,2023-06-15,5381
00878,國泰永續高股息,24,11,13,第一金-員林,2023-06-15,5381
3041,揚智,13,0,13,第一金-員林,2023-06-15,5381
3059,華晶科,13,0,13,第一金-員林,2023-06-15,5381
5533,皇鼎,13,0,13,第一金-員林,2023-06-15,5381
2329,華泰,22,10,12,第一金-員林,2023-06-15,5381
2332,友訊,13,1,12,第一金-員林,2023-06-15,5381
2342,茂矽,11,0,11,第一金-員林,2023-06-15,5381
2498,宏達電,11,0,11,第一金-員林,2023-06-15,5381
00927,群益半導體收益,10,0,10,第一金-員林,2023-06-15,5381
00655L,國泰中國A50正2,10,0,10,第一金-員林,2023-06-15,5381
1471,首利,10,0,10,第一金-員林,2023-06-15,5381
5905,南仁湖,10,0,10,第一金-員林,2023-06-15,5381
6122,擎邦,12,2,10,第一金-員林,2023-06-15,5381
2618,長榮航,132,122,10,第一金-員林,2023-06-15,5381
2736,富野,11,2,9,第一金-員林,2023-06-15,5381
3346,麗清,10,1,9,第一金-員林,2023-06-15,5381
1802,台玻,19,11,8,第一金-員林,2023-06-15,5381
2883,凱基金,9,1,8,第一金-員林,2023-06-15,5381
3032,偉訓,12,4,8,第一金-員林,2023-06-15,5381
8028,昇陽半導體,15,7,8,第一金-員林,2023-06-15,5381
8050,廣積,17,9,8,第一金-員林,2023-06-15,5381
4190,佐登-KY,8,0,8,第一金-員林,2023-06-15,5381
2886,兆豐金,10,3,7,第一金-員林,2023-06-15,5381
1529,樂事綠能,18,11,7,第一金-員林,2023-06-15,5381
3264,欣銓,30,23,7,第一金-員林,2023-06-15,5381
4909,新復興,7,0,7,第一金-員林,2023-06-15,5381
6285,啟��,8,1,7,第一金-員林,2023-06-15,5381
6550,北極星藥業-KY,6,0,6,第一金-員林,2023-06-15,5381
5484,慧友,6,0,6,第一金-員林,2023-06-15,5381
2313,華通,6,0,6,第一金-員林,2023-06-15,5381
2399,映泰,10,4,6,第一金-員林,2023-06-15,5381
2542,興富發,6,0,6,第一金-員林,2023-06-15,5381
2834,臺企銀,204,1,203,第一金-員林,2023-06-16,5381
2610,華航,280,100,180,第一金-員林,2023-06-16,5381
9105,泰金寶-DR,125,0,125,第一金-員林,2023-06-16,5381
00751B,元大AAA至A公司債,100,0,100,第一金-員林,2023-06-16,5381
00919,群益台灣精選高息,90,0,90,第一金-員林,2023-06-16,5381
2359,所羅門,83,8,75,第一金-員林,2023-06-16,5381
2618,長榮航,147,82,65,第一金-員林,2023-06-16,5381
2371,大同,91,41,50,第一金-員林,2023-06-16,5381
6125,廣運,39,4,35,第一金-員林,2023-06-16,5381
2888,新光金,89,56,33,第一金-員林,2023-06-16,5381
1605,華新,61,33,28,第一金-員林,2023-06-16,5381
2641,正德,26,0,26,第一金-員林,2023-06-16,5381
1417,嘉裕,25,0,25,第一金-員林,2023-06-16,5381
1609,大亞,37,12,25,第一金-員林,2023-06-16,5381
2809,京城銀,21,0,21,第一金-員林,2023-06-16,5381
3035,智原,33,12,21,第一金-員林,2023-06-16,5381
6167,久正,20,0,20,第一金-員林,2023-06-16,5381
3260,威剛,32,14,18,第一金-員林,2023-06-16,5381
3231,緯創,58,41,17,第一金-員林,2023-06-16,5381
2705,六福,29,12,17,第一金-員林,2023-06-16,5381
2353,宏��,41,25,16,第一金-員林,2023-06-16,5381
00673R,期元大S＆P原油反1,15,0,15,第一金-員林,2023-06-16,5381
2301,光寶科,16,2,14,第一金-員林,2023-06-16,5381
1514,亞力,80,66,14,第一金-員林,2023-06-16,5381
2201,裕隆,15,1,14,第一金-員林,2023-06-16,5381
2892,第一金,18,5,13,第一金-員林,2023-06-16,5381
00927,群益半導體收益,11,0,11,第一金-員林,2023-06-16,5381
2489,瑞軒,12,1,11,第一金-員林,2023-06-16,5381
8054,安國,11,0,11,第一金-員林,2023-06-16,5381
1309,台達化,10,0,10,第一金-員林,2023-06-16,5381
2313,華通,10,0,10,第一金-員林,2023-06-16,5381
2913,農林,14,4,10,第一金-員林,2023-06-16,5381
5014,建錩,10,0,10,第一金-員林,2023-06-16,5381
5880,合庫金,10,0,10,第一金-員林,2023-06-16,5381
2314,台揚,9,0,9,第一金-員林,2023-06-16,5381
3265,台星科,9,0,9,第一金-員林,2023-06-16,5381
6233,旺玖,9,0,9,第一金-員林,2023-06-16,5381
1506,正道,8,0,8,第一金-員林,2023-06-16,5381
3652,精聯,15,7,8,第一金-員林,2023-06-16,5381
8105,凌巨,8,0,8,第一金-員林,2023-06-16,5381
3706,神達,18,10,8,第一金-員林,2023-06-16,5381
1301,台塑,7,0,7,第一金-員林,2023-06-16,5381
1314,中石化,7,0,7,第一金-員林,2023-06-16,5381
2303,聯電,13,6,7,第一金-員林,2023-06-16,5381
2356,英業達,65,58,7,第一金-員林,2023-06-16,5381
2382,廣達,9,2,7,第一金-員林,2023-06-16,5381
2605,新興,9,2,7,第一金-員林,2023-06-16,5381
2883B,凱基金乙特,7,0,7,第一金-員林,2023-06-16,5381
5465,富驊,17,10,7,第一金-員林,2023-06-16,5381
6470,宇智,7,0,7,第一金-員林,2023-06-16,5381
00712,復華富時不動產,124,22,102,第一金-員林,2023-06-19,5381
6282,康舒,63,2,61,第一金-員林,2023-06-19,5381
1605,華新,62,6,56,第一金-員林,2023-06-19,5381
1504,東元,56,4,52,第一金-員林,2023-06-19,5381
3576,聯合再生,34,0,34,第一金-員林,2023-06-19,5381
1905,華紙,27,2,25,第一金-員林,2023-06-19,5381
2888,新光金,25,2,23,第一金-員林,2023-06-19,5381
9907,統一實,22,0,22,第一金-員林,2023-06-19,5381
00903,富邦元宇宙,20,0,20,第一金-員林,2023-06-19,5381
1785,光洋科,20,0,20,第一金-員林,2023-06-19,5381
3231,緯創,34,18,16,第一金-員林,2023-06-19,5381
2883,凱基金,17,1,16,第一金-員林,2023-06-19,5381
00929,復華台灣科技優息,15,0,15,第一金-員林,2023-06-19,5381
2356,英業達,24,9,15,第一金-員林,2023-06-19,5381
2886,兆豐金,21,7,14,第一金-員林,2023-06-19,5381
2104,國際中橡,21,7,14,第一金-員林,2023-06-19,5381
2324,仁寶,26,12,14,第一金-員林,2023-06-19,5381
2618,長榮航,89,75,14,第一金-員林,2023-06-19,5381
6148,驊宏資,19,6,13,第一金-員林,2023-06-19,5381
6275,元山,34,21,13,第一金-員林,2023-06-19,5381
2344,華邦電,14,3,11,第一金-員林,2023-06-19,5381
2105,正新,16,5,11,第一金-員林,2023-06-19,5381
3706,神達,15,4,11,第一金-員林,2023-06-19,5381
1314,中石化,10,0,10,第一金-員林,2023-06-19,5381
1316,上曜,10,0,10,第一金-員林,2023-06-19,5381
1528,恩德,10,0,10,第一金-員林,2023-06-19,5381
2402,毅嘉,11,1,10,第一金-員林,2023-06-19,5381
1457,宜進,9,0,9,第一金-員林,2023-06-19,5381
1802,台玻,26,17,9,第一金-員林,2023-06-19,5381
2702,華園,9,0,9,第一金-員林,2023-06-19,5381
6116,彩晶,155,146,9,第一金-員林,2023-06-19,5381
6288,聯嘉,9,0,9,第一金-員林,2023-06-19,5381
2371,大同,33,25,8,第一金-員林,2023-06-19,5381
6142,友勁,8,0,8,第一金-員林,2023-06-19,5381
2303,聯電,16,9,7,第一金-員林,2023-06-19,5381
00706L,期元大S＆P日圓正2,7,0,7,第一金-員林,2023-06-19,5381
2314,台揚,12,5,7,第一金-員林,2023-06-19,5381
4167,松瑞藥,7,0,7,第一金-員林,2023-06-19,5381
5443,均豪,7,0,7,第一金-員林,2023-06-19,5381
2892,第一金,7,1,6,第一金-員林,2023-06-19,5381
2887,台新金,7,1,6,第一金-員林,2023-06-19,5381
00893,國泰智能電動車,6,0,6,第一金-員林,2023-06-19,5381
00834B,第一金金融債10+,6,0,6,第一金-員林,2023-06-19,5381
2014,中鴻,10,4,6,第一金-員林,2023-06-19,5381
2347,聯強,6,0,6,第一金-員林,2023-06-19,5381
2542,興富發,6,0,6,第一金-員林,2023-06-19,5381
3714,富采,6,0,6,第一金-員林,2023-06-19,5381
4711,永純,6,0,6,第一金-員林,2023-06-19,5381
5498,凱崴,6,0,6,第一金-員林,2023-06-19,5381
6525,捷敏-KY,6,0,6,第一金-員林,2023-06-19,5381
2610,華航,116,73,43,第一金-員林,2023-06-20,5381
9105,泰金寶-DR,90,50,40,第一金-員林,2023-06-20,5381
5009,榮剛,40,0,40,第一金-員林,2023-06-20,5381
2618,長榮航,60,23,37,第一金-員林,2023-06-20,5381
9110,越南控-DR,32,0,32,第一金-員林,2023-06-20,5381
2454,聯發科,30,0,30,第一金-員林,2023-06-20,5381
3078,僑威,36,8,28,第一金-員林,2023-06-20,5381
00712,復華富時不動產,33,5,28,第一金-員林,2023-06-20,5381
00878,國泰永續高股息,37,9,28,第一金-員林,2023-06-20,5381
3189,景碩,24,0,24,第一金-員林,2023-06-20,5381
5465,富驊,31,10,21,第一金-員林,2023-06-20,5381
00637L,元大滬深300正2,20,0,20,第一金-員林,2023-06-20,5381
1525,江申,20,0,20,第一金-員林,2023-06-20,5381
3231,緯創,28,9,19,第一金-員林,2023-06-20,5381
1337,再生-KY,34,15,19,第一金-員林,2023-06-20,5381
2634,漢翔,37,20,17,第一金-員林,2023-06-20,5381
00679B,元大美債20年,17,0,17,第一金-員林,2023-06-20,5381
2606,裕民,15,0,15,第一金-員林,2023-06-20,5381
3252,海灣,16,1,15,第一金-員林,2023-06-20,5381
5905,南仁湖,35,20,15,第一金-員林,2023-06-20,5381
1734,杏輝,20,6,14,第一金-員林,2023-06-20,5381
1417,嘉裕,13,0,13,第一金-員林,2023-06-20,5381
2845,遠東銀,13,0,13,第一金-員林,2023-06-20,5381
0056,元大高股息,17,5,12,第一金-員林,2023-06-20,5381
00720B,元大投資級公司債,21,9,12,第一金-員林,2023-06-20,5381
2516,新建,12,0,12,第一金-員林,2023-06-20,5381
3035,智原,13,1,12,第一金-員林,2023-06-20,5381
00885,富邦越南,11,0,11,第一金-員林,2023-06-20,5381
2427,三商電,12,1,11,第一金-員林,2023-06-20,5381
2892,第一金,11,0,11,第一金-員林,2023-06-20,5381
6266,泰詠,11,0,11,第一金-員林,2023-06-20,5381
2382,廣達,22,11,11,第一金-員林,2023-06-20,5381
00665L,富邦�琤肭磪囓�2,10,0,10,第一金-員林,2023-06-20,5381
00664R,國泰臺灣加權反1,10,0,10,第一金-員林,2023-06-20,5381
00650L,復華香港正2,10,0,10,第一金-員林,2023-06-20,5381
1314,中石化,10,0,10,第一金-員林,2023-06-20,5381
6016,康和證,10,0,10,第一金-員林,2023-06-20,5381
6214,精誠,10,0,10,第一金-員林,2023-06-20,5381
6477,安集,10,0,10,第一金-員林,2023-06-20,5381
1210,大成,10,0,10,第一金-員林,2023-06-20,5381
2356,英業達,15,5,10,第一金-員林,2023-06-20,5381
2409,友達,11,2,9,第一金-員林,2023-06-20,5381
3264,欣銓,29,20,9,第一金-員林,2023-06-20,5381
2883,凱基金,9,0,9,第一金-員林,2023-06-20,5381
6443,元晶,10,1,9,第一金-員林,2023-06-20,5381
00919,群益台灣精選高息,8,0,8,第一金-員林,2023-06-20,5381
6415,矽力*-KY,22,14,8,第一金-員林,2023-06-20,5381
2368,金像電,9,2,7,第一金-員林,2023-06-20,5381
6282,康舒,8,1,7,第一金-員林,2023-06-20,5381
2027,大成鋼,6,0,6,第一金-員林,2023-06-20,5381
00752,中信中國50,90,0,90,第一金-員林,2023-06-21,5381
00664R,國泰臺灣加權反1,81,0,81,第一金-員林,2023-06-21,5381
2705,六福,65,8,57,第一金-員林,2023-06-21,5381
2888,新光金,61,6,55,第一金-員林,2023-06-21,5381
2201,裕隆,54,0,54,第一金-員林,2023-06-21,5381
2405,輔信,51,7,44,第一金-員林,2023-06-21,5381
2610,華航,101,59,42,第一金-員林,2023-06-21,5381
6120,達運,51,11,40,第一金-員林,2023-06-21,5381
8926,台汽電,40,1,39,第一金-員林,2023-06-21,5381
00929,復華台灣科技優息,39,6,33,第一金-員林,2023-06-21,5381
1402,遠東新,30,0,30,第一金-員林,2023-06-21,5381
1805,寶徠,30,1,29,第一金-員林,2023-06-21,5381
3078,僑威,29,5,24,第一金-員林,2023-06-21,5381
1316,上曜,20,0,20,第一金-員林,2023-06-21,5381
2601,益航,20,0,20,第一金-員林,2023-06-21,5381
2454,聯發科,20,1,19,第一金-員林,2023-06-21,5381
00680L,元大美債20正2,19,1,18,第一金-員林,2023-06-21,5381
1504,東元,25,8,17,第一金-員林,2023-06-21,5381
2603,長榮,17,1,16,第一金-員林,2023-06-21,5381
00753L,中信中國50正2,15,0,15,第一金-員林,2023-06-21,5381
6244,茂迪,16,2,14,第一金-員林,2023-06-21,5381
3013,晟銘電,20,6,14,第一金-員林,2023-06-21,5381
2809,京城銀,13,0,13,第一金-員林,2023-06-21,5381
1612,宏泰,12,0,12,第一金-員林,2023-06-21,5381
2399,映泰,14,2,12,第一金-員林,2023-06-21,5381
4173,久裕,12,0,12,第一金-員林,2023-06-21,5381
6266,泰詠,12,0,12,第一金-員林,2023-06-21,5381
00726B,國泰新興投等債,11,0,11,第一金-員林,2023-06-21,5381
2468,華經,11,0,11,第一金-員林,2023-06-21,5381
00639,富邦深100,10,0,10,第一金-員林,2023-06-21,5381
00645,富邦日本,10,0,10,第一金-員林,2023-06-21,5381
2323,中環,17,7,10,第一金-員林,2023-06-21,5381
7402,邑錡,10,0,10,第一金-員林,2023-06-21,5381
9105,泰金寶-DR,10,0,10,第一金-員林,2023-06-21,5381
1795,美時,19,10,9,第一金-員林,2023-06-21,5381
2883,凱基金,13,4,9,第一金-員林,2023-06-21,5381
2444,兆勁,8,0,8,第一金-員林,2023-06-21,5381
2633,台灣高鐵,8,0,8,第一金-員林,2023-06-21,5381
3706,神達,14,6,8,第一金-員林,2023-06-21,5381
6125,廣運,7,0,7,第一金-員林,2023-06-21,5381
2230,泰茂,8,1,7,第一金-員林,2023-06-21,5381
9938,百和,6,0,6,第一金-員林,2023-06-21,5381
2609,陽明,16,10,6,第一金-員林,2023-06-21,5381
1515,力山,6,0,6,第一金-員林,2023-06-21,5381
1605,華新,6,0,6,第一金-員林,2023-06-21,5381
1802,台玻,6,0,6,第一金-員林,2023-06-21,5381
2314,台揚,6,0,6,第一金-員林,2023-06-21,5381
3372,典範,7,1,6,第一金-員林,2023-06-21,5381
8222,寶一,7,1,6,第一金-員林,2023-06-21,5381
00773B,中信優先金融債,5,0,5,第一金-員林,2023-06-21,5381
00752,中信中國50,220,0,220,第一金-員林,2023-06-26,5381
3481,群創,247,30,217,第一金-員林,2023-06-26,5381
3706,神達,122,20,102,第一金-員林,2023-06-26,5381
00632R,元大台灣50反1,60,0,60,第一金-員林,2023-06-26,5381
2340,台亞,70,17,53,第一金-員林,2023-06-26,5381
00637L,元大滬深300正2,50,0,50,第一金-員林,2023-06-26,5381
2023,燁輝,46,0,46,第一金-員林,2023-06-26,5381
2371,大同,83,37,46,第一金-員林,2023-06-26,5381
2454,聯發科,43,1,42,第一金-員林,2023-06-26,5381
2892,第一金,41,0,41,第一金-員林,2023-06-26,5381
2888,新光金,36,2,34,第一金-員林,2023-06-26,5381
6282,康舒,29,0,29,第一金-員林,2023-06-26,5381
2610,華航,31,3,28,第一金-員林,2023-06-26,5381
2457,飛宏,61,35,26,第一金-員林,2023-06-26,5381
9110,越南控-DR,26,0,26,第一金-員林,2023-06-26,5381
00664R,國泰臺灣加權反1,23,0,23,第一金-員林,2023-06-26,5381
00655L,國泰中國A50正2,22,0,22,第一金-員林,2023-06-26,5381
2606,裕民,22,0,22,第一金-員林,2023-06-26,5381
00891,中信關鍵半導體,21,0,21,第一金-員林,2023-06-26,5381
2030,彰源,21,0,21,第一金-員林,2023-06-26,5381
2323,中環,40,19,21,第一金-員林,2023-06-26,5381
0050,元大台灣50,22,2,20,第一金-員林,2023-06-26,5381
2317,鴻海,36,16,20,第一金-員林,2023-06-26,5381
00665L,富邦�琤肭磪囓�2,20,0,20,第一金-員林,2023-06-26,5381
00633L,富邦上証正2,20,0,20,第一金-員林,2023-06-26,5381
3047,訊舟,20,0,20,第一金-員林,2023-06-26,5381
2002,中鋼,21,1,20,第一金-員林,2023-06-26,5381
2883,凱基金,20,1,19,第一金-員林,2023-06-26,5381
1802,台玻,30,11,19,第一金-員林,2023-06-26,5381
00753L,中信中國50正2,18,0,18,第一金-員林,2023-06-26,5381
3673,TPK-KY,21,3,18,第一金-員林,2023-06-26,5381
1471,首利,20,3,17,第一金-員林,2023-06-26,5381
2067,嘉鋼,15,0,15,第一金-員林,2023-06-26,5381
2913,農林,17,2,15,第一金-員林,2023-06-26,5381
2891,中信金,14,0,14,第一金-員林,2023-06-26,5381
2344,華邦電,15,2,13,第一金-員林,2023-06-26,5381
00878,國泰永續高股息,17,5,12,第一金-員林,2023-06-26,5381
2444,兆勁,12,0,12,第一金-員林,2023-06-26,5381
8936,國統,25,13,12,第一金-員林,2023-06-26,5381
00712,復華富時不動產,11,0,11,第一金-員林,2023-06-26,5381
5386,青雲,14,3,11,第一金-員林,2023-06-26,5381
2382,廣達,12,2,10,第一金-員林,2023-06-26,5381
1776,展宇,10,0,10,第一金-員林,2023-06-26,5381
1905,華紙,51,41,10,第一金-員林,2023-06-26,5381
2442,新美齊,10,0,10,第一金-員林,2023-06-26,5381
3045,台灣大,10,0,10,第一金-員林,2023-06-26,5381
3518,柏騰,10,0,10,第一金-員林,2023-06-26,5381
3703,欣陸,10,0,10,第一金-員林,2023-06-26,5381
8016,矽創,10,0,10,第一金-員林,2023-06-26,5381
8054,安國,10,0,10,第一金-員林,2023-06-26,5381
3706,神達,352,7,345,第一金-員林,2023-06-27,5381
00632R,元大台灣50反1,295,20,275,第一金-員林,2023-06-27,5381
2323,中環,78,3,75,第一金-員林,2023-06-27,5381
2801,彰銀,67,15,52,第一金-員林,2023-06-27,5381
00679B,元大美債20年,54,9,45,第一金-員林,2023-06-27,5381
3231,緯創,53,10,43,第一金-員林,2023-06-27,5381
2303,聯電,54,12,42,第一金-員林,2023-06-27,5381
2892,第一金,41,0,41,第一金-員林,2023-06-27,5381
2610,華航,69,32,37,第一金-員林,2023-06-27,5381
2427,三商電,40,6,34,第一金-員林,2023-06-27,5381
3045,台灣大,33,0,33,第一金-員林,2023-06-27,5381
00919,群益台灣精選高息,31,0,31,第一金-員林,2023-06-27,5381
1905,華紙,36,15,21,第一金-員林,2023-06-27,5381
2606,裕民,21,0,21,第一金-員林,2023-06-27,5381
9110,越南控-DR,21,0,21,第一金-員林,2023-06-27,5381
0050,元大台灣50,21,0,21,第一金-員林,2023-06-27,5381
00903,富邦元宇宙,20,0,20,第一金-員林,2023-06-27,5381
1314,中石化,18,0,18,第一金-員林,2023-06-27,5381
2340,台亞,26,8,18,第一金-員林,2023-06-27,5381
2344,華邦電,18,1,17,第一金-員林,2023-06-27,5381
5533,皇鼎,30,13,17,第一金-員林,2023-06-27,5381
00878,國泰永續高股息,42,26,16,第一金-員林,2023-06-27,5381
2317,鴻海,78,63,15,第一金-員林,2023-06-27,5381
1307,三芳,15,0,15,第一金-員林,2023-06-27,5381
2442,新美齊,15,0,15,第一金-員林,2023-06-27,5381
00720B,元大投資級公司債,13,0,13,第一金-員林,2023-06-27,5381
1444,力麗,13,0,13,第一金-員林,2023-06-27,5381
1471,首利,13,0,13,第一金-員林,2023-06-27,5381
1504,東元,25,12,13,第一金-員林,2023-06-27,5381
1609,大亞,24,12,12,第一金-員林,2023-06-27,5381
3038,全台,23,11,12,第一金-員林,2023-06-27,5381
3049,精金,19,7,12,第一金-員林,2023-06-27,5381
0056,元大高股息,18,7,11,第一金-員林,2023-06-27,5381
3260,威剛,10,0,10,第一金-員林,2023-06-27,5381
1313,聯成,31,21,10,第一金-員林,2023-06-27,5381
1809,中釉,10,0,10,第一金-員林,2023-06-27,5381
1810,和成,11,1,10,第一金-員林,2023-06-27,5381
2023,燁輝,10,0,10,第一金-員林,2023-06-27,5381
2454,聯發科,10,0,10,第一金-員林,2023-06-27,5381
4931,新盛力,10,0,10,第一金-員林,2023-06-27,5381
5426,振發,10,0,10,第一金-員林,2023-06-27,5381
6290,良維,10,0,10,第一金-員林,2023-06-27,5381
7402,邑錡,10,0,10,第一金-員林,2023-06-27,5381
9942,茂順,10,0,10,第一金-員林,2023-06-27,5381
1337,再生-KY,10,0,10,第一金-員林,2023-06-27,5381
5880,合庫金,10,0,10,第一金-員林,2023-06-27,5381
1605,華新,10,1,9,第一金-員林,2023-06-27,5381
2605,新興,9,0,9,第一金-員林,2023-06-27,5381
2314,台揚,10,2,8,第一金-員林,2023-06-27,5381
2867,三商壽,10,2,8,第一金-員林,2023-06-27,5381
00715L,期街口布蘭特正2,299,0,299,第一金-員林,2023-06-28,5381
3706,神達,239,10,229,第一金-員林,2023-06-28,5381
00720B,元大投資級公司債,161,0,161,第一金-員林,2023-06-28,5381
2888,新光金,153,11,142,第一金-員林,2023-06-28,5381
2883,凱基金,100,13,87,第一金-員林,2023-06-28,5381
00632R,元大台灣50反1,70,0,70,第一金-員林,2023-06-28,5381
5478,智冠,61,0,61,第一金-員林,2023-06-28,5381
2882,國泰金,54,0,54,第一金-員林,2023-06-28,5381
1313,聯成,45,0,45,第一金-員林,2023-06-28,5381
00919,群益台灣精選高息,35,0,35,第一金-員林,2023-06-28,5381
0056,元大高股息,39,6,33,第一金-員林,2023-06-28,5381
1905,華紙,36,5,31,第一金-員林,2023-06-28,5381
2892,第一金,26,0,26,第一金-員林,2023-06-28,5381
3025,星通,33,7,26,第一金-員林,2023-06-28,5381
1513,中興電,31,6,25,第一金-員林,2023-06-28,5381
3231,緯創,90,66,24,第一金-員林,2023-06-28,5381
2356,英業達,32,11,21,第一金-員林,2023-06-28,5381
3380,明泰,32,11,21,第一金-員林,2023-06-28,5381
2314,台揚,20,0,20,第一金-員林,2023-06-28,5381
8064,東捷,20,0,20,第一金-員林,2023-06-28,5381
9110,越南控-DR,20,0,20,第一金-員林,2023-06-28,5381
2906,高林,25,6,19,第一金-員林,2023-06-28,5381
1337,再生-KY,20,5,15,第一金-員林,2023-06-28,5381
1605,華新,33,18,15,第一金-員林,2023-06-28,5381
2353,宏��,12,0,12,第一金-員林,2023-06-28,5381
00740B,富邦全球投等債,10,0,10,第一金-員林,2023-06-28,5381
2014,中鴻,11,1,10,第一金-員林,2023-06-28,5381
2515,中工,10,0,10,第一金-員林,2023-06-28,5381
3481,群創,10,0,10,第一金-員林,2023-06-28,5381
8342,益張,10,0,10,第一金-員林,2023-06-28,5381
9962,有益,10,0,10,第一金-員林,2023-06-28,5381
6182,合晶,10,0,10,第一金-員林,2023-06-28,5381
5009,榮剛,10,1,9,第一金-員林,2023-06-28,5381
00712,復華富時不動產,15,6,9,第一金-員林,2023-06-28,5381
1314,中石化,8,0,8,第一金-員林,2023-06-28,5381
1805,寶徠,8,0,8,第一金-員林,2023-06-28,5381
2630,亞航,14,6,8,第一金-員林,2023-06-28,5381
2634,漢翔,13,5,8,第一金-員林,2023-06-28,5381
2303,聯電,8,0,8,第一金-員林,2023-06-28,5381
2610,華航,24,17,7,第一金-員林,2023-06-28,5381
2734,易飛網,7,0,7,第一金-員林,2023-06-28,5381
4533,協易機,7,0,7,第一金-員林,2023-06-28,5381
6276,安鈦克,7,0,7,第一金-員林,2023-06-28,5381
00753L,中信中國50正2,6,0,6,第一金-員林,2023-06-28,5381
2409,友達,6,0,6,第一金-員林,2023-06-28,5381
2606,裕民,6,0,6,第一金-員林,2023-06-28,5381
3673,TPK-KY,6,0,6,第一金-員林,2023-06-28,5381
4916,事欣科,6,0,6,第一金-員林,2023-06-28,5381
8271,宇瞻,6,0,6,第一金-員林,2023-06-28,5381
3596,智易,10,4,6,第一金-員林,2023-06-28,5381
2891,中信金,201,9,192,第一金-員林,2023-06-29,5381
00752,中信中國50,150,0,150,第一金-員林,2023-06-29,5381
2888,新光金,68,2,66,第一金-員林,2023-06-29,5381
00680L,元大美債20正2,65,0,65,第一金-員林,2023-06-29,5381
3481,群創,30,5,25,第一金-員林,2023-06-29,5381
3025,星通,29,5,24,第一金-員林,2023-06-29,5381
2618,長榮航,32,9,23,第一金-員林,2023-06-29,5381
1605,華新,24,1,23,第一金-員林,2023-06-29,5381
2409,友達,26,3,23,第一金-員林,2023-06-29,5381
2892,第一金,20,0,20,第一金-員林,2023-06-29,5381
1340,勝悅-KY,20,0,20,第一金-員林,2023-06-29,5381
2705,六福,20,0,20,第一金-員林,2023-06-29,5381
2323,中環,20,3,17,第一金-員林,2023-06-29,5381
2609,陽明,17,0,17,第一金-員林,2023-06-29,5381
2634,漢翔,21,4,17,第一金-員林,2023-06-29,5381
5478,智冠,16,0,16,第一金-員林,2023-06-29,5381
3035,智原,24,9,15,第一金-員林,2023-06-29,5381
2317,鴻海,71,57,14,第一金-員林,2023-06-29,5381
2303,聯電,14,0,14,第一金-員林,2023-06-29,5381
0056,元大高股息,20,6,14,第一金-員林,2023-06-29,5381
4414,如興,22,9,13,第一金-員林,2023-06-29,5381
00712,復華富時不動產,13,1,12,第一金-員林,2023-06-29,5381
2314,台揚,11,0,11,第一金-員林,2023-06-29,5381
2347,聯強,11,0,11,第一金-員林,2023-06-29,5381
6142,友勁,20,9,11,第一金-員林,2023-06-29,5381
00665L,富邦�琤肭磪囓�2,10,0,10,第一金-員林,2023-06-29,5381
1734,杏輝,10,0,10,第一金-員林,2023-06-29,5381
2419,仲琦,22,12,10,第一金-員林,2023-06-29,5381
4953,緯軟,10,0,10,第一金-員林,2023-06-29,5381
6185,幃翔,10,0,10,第一金-員林,2023-06-29,5381
8064,東捷,21,11,10,第一金-員林,2023-06-29,5381
8936,國統,35,25,10,第一金-員林,2023-06-29,5381
2308,台達電,10,0,10,第一金-員林,2023-06-29,5381
2882,國泰金,8,0,8,第一金-員林,2023-06-29,5381
3356,奇偶,15,7,8,第一金-員林,2023-06-29,5381
2010,春源,20,12,8,第一金-員林,2023-06-29,5381
2444,兆勁,8,0,8,第一金-員林,2023-06-29,5381
3264,欣銓,39,31,8,第一金-員林,2023-06-29,5381
00706L,期元大S＆P日圓正2,7,0,7,第一金-員林,2023-06-29,5381
1446,宏和,7,0,7,第一金-員林,2023-06-29,5381
2883B,凱基金乙特,7,0,7,第一金-員林,2023-06-29,5381
3005,神基,9,2,7,第一金-員林,2023-06-29,5381
00902,中信電池及儲能,6,0,6,第一金-員林,2023-06-29,5381
2353,宏��,6,0,6,第一金-員林,2023-06-29,5381
2906,高林,21,15,6,第一金-員林,2023-06-29,5381
3704,合勤控,6,0,6,第一金-員林,2023-06-29,5381
5381,合正,6,0,6,第一金-員林,2023-06-29,5381
6188,廣明,8,2,6,第一金-員林,2023-06-29,5381
9802,鈺齊-KY,6,0,6,第一金-員林,2023-06-29,5381
00919,群益台灣精選高息,5,0,5,第一金-員林,2023-06-29,5381
00688L,國泰20年美債正2,151,0,151,第一金-員林,2023-06-30,5381
2610,華航,66,11,55,第一金-員林,2023-06-30,5381
2888,新光金,134,88,46,第一金-員林,2023-06-30,5381
2344,華邦電,145,101,44,第一金-員林,2023-06-30,5381
2618,長榮航,42,1,41,第一金-員林,2023-06-30,5381
00753L,中信中國50正2,32,0,32,第一金-員林,2023-06-30,5381
2892,第一金,30,0,30,第一金-員林,2023-06-30,5381
2906,高林,26,0,26,第一金-員林,2023-06-30,5381
4906,正文,33,7,26,第一金-員林,2023-06-30,5381
2329,華泰,30,6,24,第一金-員林,2023-06-30,5381
2880,華南金,23,0,23,第一金-員林,2023-06-30,5381
2882,國泰金,21,0,21,第一金-員林,2023-06-30,5381
2030,彰源,20,0,20,第一金-員林,2023-06-30,5381
2324,仁寶,27,7,20,第一金-員林,2023-06-30,5381
2303,聯電,18,0,18,第一金-員林,2023-06-30,5381
2609,陽明,46,28,18,第一金-員林,2023-06-30,5381
2353,宏��,16,0,16,第一金-員林,2023-06-30,5381
1605,華新,22,8,14,第一金-員林,2023-06-30,5381
2105,正新,13,0,13,第一金-員林,2023-06-30,5381
1313,聯成,13,0,13,第一金-員林,2023-06-30,5381
4175,杏一,15,2,13,第一金-員林,2023-06-30,5381
00878,國泰永續高股息,20,7,13,第一金-員林,2023-06-30,5381
00919,群益台灣精選高息,11,0,11,第一金-員林,2023-06-30,5381
3189,景碩,11,0,11,第一金-員林,2023-06-30,5381
1905,華紙,22,12,10,第一金-員林,2023-06-30,5381
00902,中信電池及儲能,10,0,10,第一金-員林,2023-06-30,5381
00740B,富邦全球投等債,10,0,10,第一金-員林,2023-06-30,5381
1316,上曜,10,0,10,第一金-員林,2023-06-30,5381
2419,仲琦,15,5,10,第一金-員林,2023-06-30,5381
2883,凱基金,10,0,10,第一金-員林,2023-06-30,5381
2915,潤泰全,10,0,10,第一金-員林,2023-06-30,5381
3047,訊舟,10,0,10,第一金-員林,2023-06-30,5381
8110,華東,10,0,10,第一金-員林,2023-06-30,5381
00679B,元大美債20年,15,5,10,第一金-員林,2023-06-30,5381
1537,廣隆,9,0,9,第一金-員林,2023-06-30,5381
0056,元大高股息,15,7,8,第一金-員林,2023-06-30,5381
2201,裕隆,15,7,8,第一金-員林,2023-06-30,5381
2462,良得電,10,2,8,第一金-員林,2023-06-30,5381
3363,上詮,8,0,8,第一金-員林,2023-06-30,5381
6153,嘉聯益,54,46,8,第一金-員林,2023-06-30,5381
00751B,元大AAA至A公司債,8,0,8,第一金-員林,2023-06-30,5381
2615,萬海,9,2,7,第一金-員林,2023-06-30,5381
1711,永光,7,0,7,第一金-員林,2023-06-30,5381
6218,豪勉,7,0,7,第一金-員林,2023-06-30,5381
00720B,元大投資級公司債,6,0,6,第一金-員林,2023-06-30,5381
00882,中信中國高股息,6,0,6,第一金-員林,2023-06-30,5381
1307,三芳,9,3,6,第一金-員林,2023-06-30,5381
1909,榮成,6,0,6,第一金-員林,2023-06-30,5381
2913,農林,6,0,6,第一金-員林,2023-06-30,5381
3028,增你強,6,0,6,第一金-員林,2023-06-30,5381
2409,友達,130,0,130,第一金-員林,2023-07-03,5381
2883,凱基金,114,1,113,第一金-員林,2023-07-03,5381
3033,威健,75,1,74,第一金-員林,2023-07-03,5381
6153,嘉聯益,62,22,40,第一金-員林,2023-07-03,5381
2618,長榮航,78,43,35,第一金-員林,2023-07-03,5381
3711,日月光投控,67,33,34,第一金-員林,2023-07-03,5381
2105,正新,41,7,34,第一金-員林,2023-07-03,5381
3189,景碩,25,1,24,第一金-員林,2023-07-03,5381
1605,華新,42,19,23,第一金-員林,2023-07-03,5381
2331,精英,27,6,21,第一金-員林,2023-07-03,5381
8936,國統,25,5,20,第一金-員林,2023-07-03,5381
5388,中磊,21,2,19,第一金-員林,2023-07-03,5381
2882,國泰金,20,2,18,第一金-員林,2023-07-03,5381
6282,康舒,48,30,18,第一金-員林,2023-07-03,5381
2022,聚亨,17,0,17,第一金-員林,2023-07-03,5381
2030,彰源,14,0,14,第一金-員林,2023-07-03,5381
2303,聯電,13,0,13,第一金-員林,2023-07-03,5381
2913,農林,13,0,13,第一金-員林,2023-07-03,5381
1795,美時,16,4,12,第一金-員林,2023-07-03,5381
2705,六福,30,18,12,第一金-員林,2023-07-03,5381
3037,欣興,16,4,12,第一金-員林,2023-07-03,5381
3704,合勤控,13,1,12,第一金-員林,2023-07-03,5381
4934,太極,13,1,12,第一金-員林,2023-07-03,5381
6592,和潤企業,12,0,12,第一金-員林,2023-07-03,5381
8426,紅木-KY,12,0,12,第一金-員林,2023-07-03,5381
00712,復華富時不動產,11,0,11,第一金-員林,2023-07-03,5381
6129,普誠,11,0,11,第一金-員林,2023-07-03,5381
3714,富采,10,0,10,第一金-員林,2023-07-03,5381
00706L,期元大S＆P日圓正2,12,2,10,第一金-員林,2023-07-03,5381
1314,中石化,10,0,10,第一金-員林,2023-07-03,5381
3078,僑威,33,23,10,第一金-員林,2023-07-03,5381
4417,金洲,10,0,10,第一金-員林,2023-07-03,5381
1307,三芳,15,6,9,第一金-員林,2023-07-03,5381
1504,東元,13,4,9,第一金-員林,2023-07-03,5381
2328,廣宇,9,0,9,第一金-員林,2023-07-03,5381
2891,中信金,10,1,9,第一金-員林,2023-07-03,5381
3058,立德,9,1,8,第一金-員林,2023-07-03,5381
5706,鳳凰,8,0,8,第一金-員林,2023-07-03,5381
6733,博晟生醫,12,4,8,第一金-員林,2023-07-03,5381
3018,隆銘綠能,7,0,7,第一金-員林,2023-07-03,5381
4979,華星光,8,1,7,第一金-員林,2023-07-03,5381
2301,光寶科,12,5,7,第一金-員林,2023-07-03,5381
00929,復華台灣科技優息,11,5,6,第一金-員林,2023-07-03,5381
2610,華航,16,10,6,第一金-員林,2023-07-03,5381
1904,正隆,6,0,6,第一金-員林,2023-07-03,5381
2027,大成鋼,7,1,6,第一金-員林,2023-07-03,5381
2353,宏��,7,1,6,第一金-員林,2023-07-03,5381
2382,廣達,11,5,6,第一金-員林,2023-07-03,5381
5258,虹堡,7,1,6,第一金-員林,2023-07-03,5381
3481,群創,14,9,5,第一金-員林,2023-07-03,5381
2891,中信金,102,0,102,第一金-員林,2023-07-04,5381
2883,凱基金,68,0,68,第一金-員林,2023-07-04,5381
00929,復華台灣科技優息,55,0,55,第一金-員林,2023-07-04,5381
2323,中環,61,9,52,第一金-員林,2023-07-04,5381
2603,長榮,77,37,40,第一金-員林,2023-07-04,5381
4157,太景*-KY,37,2,35,第一金-員林,2023-07-04,5381
5478,智冠,35,0,35,第一金-員林,2023-07-04,5381
00720B,元大投資級公司債,34,0,34,第一金-員林,2023-07-04,5381
9105,泰金寶-DR,33,0,33,第一金-員林,2023-07-04,5381
2615,萬海,44,16,28,第一金-員林,2023-07-04,5381
3231,緯創,34,7,27,第一金-員林,2023-07-04,5381
2105,正新,26,1,25,第一金-員林,2023-07-04,5381
00881,國泰台灣5G+,50,26,24,第一金-員林,2023-07-04,5381
2607,榮運,22,0,22,第一金-員林,2023-07-04,5381
2027,大成鋼,20,0,20,第一金-員林,2023-07-04,5381
2317,鴻海,29,10,19,第一金-員林,2023-07-04,5381
6275,元山,19,1,18,第一金-員林,2023-07-04,5381
0056,元大高股息,32,14,18,第一金-員林,2023-07-04,5381
2634,漢翔,19,2,17,第一金-員林,2023-07-04,5381
3058,立德,18,2,16,第一金-員林,2023-07-04,5381
1721,三晃,16,0,16,第一金-員林,2023-07-04,5381
5608,四維航,16,0,16,第一金-員林,2023-07-04,5381
1905,華紙,35,21,14,第一金-員林,2023-07-04,5381
4908,前鼎,15,1,14,第一金-員林,2023-07-04,5381
2449,京元電子,14,0,14,第一金-員林,2023-07-04,5381
3163,波若威,19,6,13,第一金-員林,2023-07-04,5381
2887,台新金,13,0,13,第一金-員林,2023-07-04,5381
3362,先進光,15,3,12,第一金-員林,2023-07-04,5381
3708,上緯投控,12,0,12,第一金-員林,2023-07-04,5381
4533,協易機,12,0,12,第一金-員林,2023-07-04,5381
4915,致伸,13,1,12,第一金-員林,2023-07-04,5381
1522,堤維西,13,2,11,第一金-員林,2023-07-04,5381
2439,美律,11,0,11,第一金-員林,2023-07-04,5381
3037,欣興,13,2,11,第一金-員林,2023-07-04,5381
3583,辛耘,11,0,11,第一金-員林,2023-07-04,5381
8933,愛地雅,11,0,11,第一金-員林,2023-07-04,5381
2637,慧洋-KY,10,0,10,第一金-員林,2023-07-04,5381
1314,中石化,10,0,10,第一金-員林,2023-07-04,5381
2206,三陽工業,32,22,10,第一金-員林,2023-07-04,5381
1417,嘉裕,10,0,10,第一金-員林,2023-07-04,5381
1718,中纖,10,0,10,第一金-員林,2023-07-04,5381
1907,永豐餘,11,1,10,第一金-員林,2023-07-04,5381
6285,啟��,21,11,10,第一金-員林,2023-07-04,5381
8064,東捷,10,0,10,第一金-員林,2023-07-04,5381
8088,品安,11,1,10,第一金-員林,2023-07-04,5381
2034,允強,9,0,9,第一金-員林,2023-07-04,5381
2344,華邦電,9,0,9,第一金-員林,2023-07-04,5381
2399,映泰,17,9,8,第一金-員林,2023-07-04,5381
2482,連宇,9,1,8,第一金-員林,2023-07-04,5381
1513,中興電,13,5,8,第一金-員林,2023-07-04,5381
8422,可寧衛,48,0,48,第一金-員林,2023-07-05,5381
0056,元大高股息,46,6,40,第一金-員林,2023-07-05,5381
2618,長榮航,165,130,35,第一金-員林,2023-07-05,5381
2356,英業達,60,28,32,第一金-員林,2023-07-05,5381
2002,中鋼,31,0,31,第一金-員林,2023-07-05,5381
4526,東台,32,2,30,第一金-員林,2023-07-05,5381
3078,僑威,83,54,29,第一金-員林,2023-07-05,5381
2610,華航,46,21,25,第一金-員林,2023-07-05,5381
6125,廣運,26,1,25,第一金-員林,2023-07-05,5381
6285,啟��,41,16,25,第一金-員林,2023-07-05,5381
3051,力特,45,21,24,第一金-員林,2023-07-05,5381
2317,鴻海,25,1,24,第一金-員林,2023-07-05,5381
00755B,群益投資級公用債,23,0,23,第一金-員林,2023-07-05,5381
1608,華榮,26,3,23,第一金-員林,2023-07-05,5381
3706,神達,20,0,20,第一金-員林,2023-07-05,5381
3027,盛達,39,20,19,第一金-員林,2023-07-05,5381
9105,泰金寶-DR,17,0,17,第一金-員林,2023-07-05,5381
6218,豪勉,18,3,15,第一金-員林,2023-07-05,5381
6248,沛波,15,0,15,第一金-員林,2023-07-05,5381
6770,力積電,17,2,15,第一金-員林,2023-07-05,5381
8086,宏捷科,16,1,15,第一金-員林,2023-07-05,5381
8227,巨有科技,15,1,14,第一金-員林,2023-07-05,5381
1504,東元,15,1,14,第一金-員林,2023-07-05,5381
00724B,群益投資級金融債,14,0,14,第一金-員林,2023-07-05,5381
2323,中環,18,4,14,第一金-員林,2023-07-05,5381
2537,聯上發,14,0,14,第一金-員林,2023-07-05,5381
6168,宏齊,37,24,13,第一金-員林,2023-07-05,5381
1440,南紡,12,0,12,第一金-員林,2023-07-05,5381
1528,恩德,12,0,12,第一金-員林,2023-07-05,5381
1539,巨庭,12,0,12,第一金-員林,2023-07-05,5381
2617,台航,12,0,12,第一金-員林,2023-07-05,5381
6188,廣明,15,3,12,第一金-員林,2023-07-05,5381
00878,國泰永續高股息,26,14,12,第一金-員林,2023-07-05,5381
2206,三陽工業,16,5,11,第一金-員林,2023-07-05,5381
00720B,元大投資級公司債,11,0,11,第一金-員林,2023-07-05,5381
2006,東和鋼鐵,11,0,11,第一金-員林,2023-07-05,5381
4931,新盛力,11,0,11,第一金-員林,2023-07-05,5381
6129,普誠,13,2,11,第一金-員林,2023-07-05,5381
00665L,富邦�琤肭磪囓�2,10,0,10,第一金-員林,2023-07-05,5381
1513,中興電,23,13,10,第一金-員林,2023-07-05,5381
1806,冠軍,10,0,10,第一金-員林,2023-07-05,5381
2363,矽統,18,8,10,第一金-員林,2023-07-05,5381
2382,廣達,13,3,10,第一金-員林,2023-07-05,5381
3050,鈺德,10,0,10,第一金-員林,2023-07-05,5381
3576,聯合再生,10,0,10,第一金-員林,2023-07-05,5381
5864,致和證,10,0,10,第一金-員林,2023-07-05,5381
6016,康和證,10,0,10,第一金-員林,2023-07-05,5381
6133,金橋,10,0,10,第一金-員林,2023-07-05,5381
8048,德勝,10,0,10,第一金-員林,2023-07-05,5381
4934,太極,30,21,9,第一金-員林,2023-07-05,5381
9105,泰金寶-DR,210,0,210,第一金-員林,2023-07-06,5381
00671R,富邦NASDAQ反1,175,0,175,第一金-員林,2023-07-06,5381
00632R,元大台灣50反1,110,1,109,第一金-員林,2023-07-06,5381
2883,凱基金,108,0,108,第一金-員林,2023-07-06,5381
2891,中信金,111,44,67,第一金-員林,2023-07-06,5381
2892,第一金,65,0,65,第一金-員林,2023-07-06,5381
2317,鴻海,46,7,39,第一金-員林,2023-07-06,5381
00665L,富邦�琤肭磪囓�2,45,10,35,第一金-員林,2023-07-06,5381
5880,合庫金,33,0,33,第一金-員林,2023-07-06,5381
2618,長榮航,51,18,33,第一金-員林,2023-07-06,5381
2882,國泰金,34,1,33,第一金-員林,2023-07-06,5381
2371,大同,43,11,32,第一金-員林,2023-07-06,5381
00885,富邦越南,31,0,31,第一金-員林,2023-07-06,5381
4744,皇將,30,0,30,第一金-員林,2023-07-06,5381
3481,群創,62,36,26,第一金-員林,2023-07-06,5381
00680L,元大美債20正2,26,0,26,第一金-員林,2023-07-06,5381
00679B,元大美債20年,24,0,24,第一金-員林,2023-07-06,5381
1504,東元,25,2,23,第一金-員林,2023-07-06,5381
4911,德英,23,0,23,第一金-員林,2023-07-06,5381
00878,國泰永續高股息,38,17,21,第一金-員林,2023-07-06,5381
3711,日月光投控,32,11,21,第一金-員林,2023-07-06,5381
2356,英業達,32,12,20,第一金-員林,2023-07-06,5381
00720B,元大投資級公司債,20,0,20,第一金-員林,2023-07-06,5381
2002,中鋼,19,0,19,第一金-員林,2023-07-06,5381
1101,台泥,19,1,18,第一金-員林,2023-07-06,5381
2369,菱生,21,3,18,第一金-員林,2023-07-06,5381
2451,創見,19,1,18,第一金-員林,2023-07-06,5381
00712,復華富時不動產,18,1,17,第一金-員林,2023-07-06,5381
0056,元大高股息,22,5,17,第一金-員林,2023-07-06,5381
9904,寶成,17,0,17,第一金-員林,2023-07-06,5381
00882,中信中國高股息,17,0,17,第一金-員林,2023-07-06,5381
1802,台玻,16,0,16,第一金-員林,2023-07-06,5381
2887,台新金,15,0,15,第一金-員林,2023-07-06,5381
2106,建大,15,0,15,第一金-員林,2023-07-06,5381
2515,中工,15,0,15,第一金-員林,2023-07-06,5381
8227,巨有科技,15,0,15,第一金-員林,2023-07-06,5381
2323,中環,25,11,14,第一金-員林,2023-07-06,5381
8046,南電,15,1,14,第一金-員林,2023-07-06,5381
2409,友達,23,9,14,第一金-員林,2023-07-06,5381
2888,新光金,14,0,14,第一金-員林,2023-07-06,5381
2880,華南金,13,0,13,第一金-員林,2023-07-06,5381
00673R,期元大S＆P原油反1,13,0,13,第一金-員林,2023-07-06,5381
2382,廣達,16,3,13,第一金-員林,2023-07-06,5381
2482,連宇,16,3,13,第一金-員林,2023-07-06,5381
6770,力積電,12,0,12,第一金-員林,2023-07-06,5381
1905,華紙,15,4,11,第一金-員林,2023-07-06,5381
2330,台積電,11,0,11,第一金-員林,2023-07-06,5381
2402,毅嘉,53,43,10,第一金-員林,2023-07-06,5381
00740B,富邦全球投等債,10,0,10,第一金-員林,2023-07-06,5381
1313,聯成,10,0,10,第一金-員林,2023-07-06,5381
1584,精剛,150,0,150,第一金-員林,2023-07-07,5381
2883,凱基金,130,0,130,第一金-員林,2023-07-07,5381
1314,中石化,96,0,96,第一金-員林,2023-07-07,5381
00878,國泰永續高股息,76,21,55,第一金-員林,2023-07-07,5381
00679B,元大美債20年,47,1,46,第一金-員林,2023-07-07,5381
2344,華邦電,46,0,46,第一金-員林,2023-07-07,5381
9105,泰金寶-DR,45,0,45,第一金-員林,2023-07-07,5381
00929,復華台灣科技優息,44,1,43,第一金-員林,2023-07-07,5381
1609,大亞,35,1,34,第一金-員林,2023-07-07,5381
3260,威剛,31,0,31,第一金-員林,2023-07-07,5381
00637L,元大滬深300正2,30,0,30,第一金-員林,2023-07-07,5381
6282,康舒,96,67,29,第一金-員林,2023-07-07,5381
0056,元大高股息,33,6,27,第一金-員林,2023-07-07,5381
8930,青鋼,22,0,22,第一金-員林,2023-07-07,5381
2887,台新金,72,50,22,第一金-員林,2023-07-07,5381
2882,國泰金,25,3,22,第一金-員林,2023-07-07,5381
2369,菱生,21,1,20,第一金-員林,2023-07-07,5381
9904,寶成,20,0,20,第一金-員林,2023-07-07,5381
6153,嘉聯益,19,1,18,第一金-員林,2023-07-07,5381
00882,中信中國高股息,17,0,17,第一金-員林,2023-07-07,5381
00680L,元大美債20正2,17,0,17,第一金-員林,2023-07-07,5381
3025,星通,23,7,16,第一金-員林,2023-07-07,5381
9942,茂順,16,0,16,第一金-員林,2023-07-07,5381
1417,嘉裕,15,0,15,第一金-員林,2023-07-07,5381
2340,台亞,23,8,15,第一金-員林,2023-07-07,5381
6548,長科*,15,0,15,第一金-員林,2023-07-07,5381
2303,聯電,23,8,15,第一金-員林,2023-07-07,5381
4414,如興,16,2,14,第一金-員林,2023-07-07,5381
1101,台泥,13,0,13,第一金-員林,2023-07-07,5381
8046,南電,13,0,13,第一金-員林,2023-07-07,5381
5347,世界,12,0,12,第一金-員林,2023-07-07,5381
00919,群益台灣精選高息,12,0,12,第一金-員林,2023-07-07,5381
2892,第一金,12,0,12,第一金-員林,2023-07-07,5381
2356,英業達,22,11,11,第一金-員林,2023-07-07,5381
00633L,富邦上証正2,11,0,11,第一金-員林,2023-07-07,5381
00722B,群益投資級電信債,11,0,11,第一金-員林,2023-07-07,5381
2106,建大,11,0,11,第一金-員林,2023-07-07,5381
2489,瑞軒,11,0,11,第一金-員林,2023-07-07,5381
00740B,富邦全球投等債,10,0,10,第一金-員林,2023-07-07,5381
00665L,富邦�琤肭磪囓�2,40,30,10,第一金-員林,2023-07-07,5381
00655L,國泰中國A50正2,10,0,10,第一金-員林,2023-07-07,5381
1210,大成,10,0,10,第一金-員林,2023-07-07,5381
1702,南僑,10,0,10,第一金-員林,2023-07-07,5381
1711,永光,15,5,10,第一金-員林,2023-07-07,5381
3583,辛耘,12,2,10,第一金-員林,2023-07-07,5381
3672,康聯訊,10,0,10,第一金-員林,2023-07-07,5381
4440,宜新實業,10,0,10,第一金-員林,2023-07-07,5381
5483,中美晶,10,0,10,第一金-員林,2023-07-07,5381
8048,德勝,34,24,10,第一金-員林,2023-07-07,5381
8936,國統,22,12,10,第一金-員林,2023-07-07,5381
1314,中石化,350,0,350,第一金-員林,2023-07-10,5381
00632R,元大台灣50反1,304,3,301,第一金-員林,2023-07-10,5381
00680L,元大美債20正2,68,0,68,第一金-員林,2023-07-10,5381
8046,南電,50,0,50,第一金-員林,2023-07-10,5381
2317,鴻海,68,22,46,第一金-員林,2023-07-10,5381
1905,華紙,49,18,31,第一金-員林,2023-07-10,5381
00673R,期元大S＆P原油反1,30,0,30,第一金-員林,2023-07-10,5381
1785,光洋科,30,0,30,第一金-員林,2023-07-10,5381
2481,強茂,32,3,29,第一金-員林,2023-07-10,5381
6282,康舒,61,34,27,第一金-員林,2023-07-10,5381
00679B,元大美債20年,26,0,26,第一金-員林,2023-07-10,5381
00878,國泰永續高股息,47,21,26,第一金-員林,2023-07-10,5381
2312,金寶,25,0,25,第一金-員林,2023-07-10,5381
00665L,富邦�琤肭磪囓�2,25,5,20,第一金-員林,2023-07-10,5381
2618,長榮航,25,5,20,第一金-員林,2023-07-10,5381
00720B,元大投資級公司債,18,0,18,第一金-員林,2023-07-10,5381
3028,增你強,20,2,18,第一金-員林,2023-07-10,5381
3047,訊舟,18,0,18,第一金-員林,2023-07-10,5381
0056,元大高股息,22,4,18,第一金-員林,2023-07-10,5381
2883,凱基金,16,0,16,第一金-員林,2023-07-10,5381
3025,星通,29,13,16,第一金-員林,2023-07-10,5381
3711,日月光投控,56,40,16,第一金-員林,2023-07-10,5381
2419,仲琦,14,0,14,第一金-員林,2023-07-10,5381
00882,中信中國高股息,13,0,13,第一金-員林,2023-07-10,5381
9802,鈺齊-KY,15,2,13,第一金-員林,2023-07-10,5381
1434,福懋,13,0,13,第一金-員林,2023-07-10,5381
4532,瑞智,25,12,13,第一金-員林,2023-07-10,5381
2834,臺企銀,11,0,11,第一金-員林,2023-07-10,5381
1101,台泥,12,2,10,第一金-員林,2023-07-10,5381
3035,智原,12,2,10,第一金-員林,2023-07-10,5381
1319,東陽,10,0,10,第一金-員林,2023-07-10,5381
1326,台化,10,0,10,第一金-員林,2023-07-10,5381
1337,再生-KY,10,0,10,第一金-員林,2023-07-10,5381
1709,和益,10,0,10,第一金-員林,2023-07-10,5381
2023,燁輝,10,0,10,第一金-員林,2023-07-10,5381
2610,華航,10,0,10,第一金-員林,2023-07-10,5381
3450,聯鈞,10,0,10,第一金-員林,2023-07-10,5381
3714,富采,10,0,10,第一金-員林,2023-07-10,5381
6175,立敦,10,0,10,第一金-員林,2023-07-10,5381
8050,廣積,14,4,10,第一金-員林,2023-07-10,5381
1210,大成,10,0,10,第一金-員林,2023-07-10,5381
00929,復華台灣科技優息,10,0,10,第一金-員林,2023-07-10,5381
3362,先進光,13,4,9,第一金-員林,2023-07-10,5381
3706,神達,10,1,9,第一金-員林,2023-07-10,5381
6203,海韻電,10,1,9,第一金-員林,2023-07-10,5381
8093,保銳,9,0,9,第一金-員林,2023-07-10,5381
9904,寶成,9,0,9,第一金-員林,2023-07-10,5381
1459,聯發,8,0,8,第一金-員林,2023-07-10,5381
1603,華電,7,0,7,第一金-員林,2023-07-10,5381
2606,裕民,7,0,7,第一金-員林,2023-07-10,5381
00632R,元大台灣50反1,53,0,53,第一金-員林,2023-07-11,5381
1218,泰山,62,10,52,第一金-員林,2023-07-11,5381
2618,長榮航,83,34,49,第一金-員林,2023-07-11,5381
1905,華紙,45,7,38,第一金-員林,2023-07-11,5381
2359,所羅門,37,1,36,第一金-員林,2023-07-11,5381
00885,富邦越南,30,0,30,第一金-員林,2023-07-11,5381
4976,佳凌,30,0,30,第一金-員林,2023-07-11,5381
1101,台泥,33,5,28,第一金-員林,2023-07-11,5381
1301,台塑,23,0,23,第一金-員林,2023-07-11,5381
6285,啟��,30,7,23,第一金-員林,2023-07-11,5381
1605,華新,22,2,20,第一金-員林,2023-07-11,5381
2610,華航,62,44,18,第一金-員林,2023-07-11,5381
6120,達運,19,2,17,第一金-員林,2023-07-11,5381
2313,華通,20,4,16,第一金-員林,2023-07-11,5381
2883,凱基金,21,6,15,第一金-員林,2023-07-11,5381
2888,新光金,36,23,13,第一金-員林,2023-07-11,5381
2340,台亞,41,28,13,第一金-員林,2023-07-11,5381
4526,東台,19,6,13,第一金-員林,2023-07-11,5381
4527,方土霖,13,0,13,第一金-員林,2023-07-11,5381
1459,聯發,12,0,12,第一金-員林,2023-07-11,5381
2745,五福,13,1,12,第一金-員林,2023-07-11,5381
4533,協易機,12,0,12,第一金-員林,2023-07-11,5381
00720B,元大投資級公司債,11,0,11,第一金-員林,2023-07-11,5381
1515,力山,15,4,11,第一金-員林,2023-07-11,5381
6174,安��,11,0,11,第一金-員林,2023-07-11,5381
3035,智原,13,2,11,第一金-員林,2023-07-11,5381
6187,萬潤,13,3,10,第一金-員林,2023-07-11,5381
1103,嘉泥,10,0,10,第一金-員林,2023-07-11,5381
00652,富邦印度,10,0,10,第一金-員林,2023-07-11,5381
1608,華榮,10,0,10,第一金-員林,2023-07-11,5381
2417,圓剛,10,0,10,第一金-員林,2023-07-11,5381
3706,神達,19,9,10,第一金-員林,2023-07-11,5381
4967,十銓,10,0,10,第一金-員林,2023-07-11,5381
00679B,元大美債20年,11,1,10,第一金-員林,2023-07-11,5381
4162,智擎,9,0,9,第一金-員林,2023-07-11,5381
1785,光洋科,9,0,9,第一金-員林,2023-07-11,5381
2462,良得電,9,0,9,第一金-員林,2023-07-11,5381
4414,如興,9,0,9,第一金-員林,2023-07-11,5381
00715L,期街口布蘭特正2,11,3,8,第一金-員林,2023-07-11,5381
1752,南光,8,0,8,第一金-員林,2023-07-11,5381
2317,鴻海,25,17,8,第一金-員林,2023-07-11,5381
2352,佳世達,8,0,8,第一金-員林,2023-07-11,5381
2371,大同,16,8,8,第一金-員林,2023-07-11,5381
4968,立積,11,3,8,第一金-員林,2023-07-11,5381
8930,青鋼,8,0,8,第一金-員林,2023-07-11,5381
9103,美德醫療-DR,8,0,8,第一金-員林,2023-07-11,5381
1795,美時,8,0,8,第一金-員林,2023-07-11,5381
5009,榮剛,7,0,7,第一金-員林,2023-07-11,5381
2314,台揚,10,3,7,第一金-員林,2023-07-11,5381
2201,裕隆,8,2,6,第一金-員林,2023-07-11,5381
6282,康舒,204,79,125,第一金-員林,2023-07-12,5381
2303,聯電,47,0,47,第一金-員林,2023-07-12,5381
00929,復華台灣科技優息,41,0,41,第一金-員林,2023-07-12,5381
2408,南亞科,35,0,35,第一金-員林,2023-07-12,5381
2356,英業達,97,68,29,第一金-員林,2023-07-12,5381
3105,穩懋,29,0,29,第一金-員林,2023-07-12,5381
4564,元翎,28,0,28,第一金-員林,2023-07-12,5381
00632R,元大台灣50反1,23,0,23,第一金-員林,2023-07-12,5381
9904,寶成,24,1,23,第一金-員林,2023-07-12,5381
2323,中環,23,1,22,第一金-員林,2023-07-12,5381
5014,建錩,22,0,22,第一金-員林,2023-07-12,5381
1101,台泥,16,0,16,第一金-員林,2023-07-12,5381
1905,華紙,23,8,15,第一金-員林,2023-07-12,5381
2204,中華,17,2,15,第一金-員林,2023-07-12,5381
2481,強茂,21,7,14,第一金-員林,2023-07-12,5381
00927,群益半導體收益,16,2,14,第一金-員林,2023-07-12,5381
3011,今皓,14,0,14,第一金-員林,2023-07-12,5381
2462,良得電,13,0,13,第一金-員林,2023-07-12,5381
2014,中鴻,13,1,12,第一金-員林,2023-07-12,5381
3114,好德,21,9,12,第一金-員林,2023-07-12,5381
8936,國統,24,12,12,第一金-員林,2023-07-12,5381
2314,台揚,12,1,11,第一金-員林,2023-07-12,5381
1701,中化,11,0,11,第一金-員林,2023-07-12,5381
4960,誠美材,11,0,11,第一金-員林,2023-07-12,5381
1307,三芳,10,0,10,第一金-員林,2023-07-12,5381
1608,華榮,10,0,10,第一金-員林,2023-07-12,5381
2108,南帝,10,0,10,第一金-員林,2023-07-12,5381
4173,久裕,10,0,10,第一金-員林,2023-07-12,5381
5475,德宏,10,0,10,第一金-員林,2023-07-12,5381
6153,嘉聯益,10,0,10,第一金-員林,2023-07-12,5381
3711,日月光投控,56,47,9,第一金-員林,2023-07-12,5381
2301,光寶科,20,12,8,第一金-員林,2023-07-12,5381
3707,漢磊,9,1,8,第一金-員林,2023-07-12,5381
1519,華城,12,4,8,第一金-員林,2023-07-12,5381
2409,友達,9,1,8,第一金-員林,2023-07-12,5381
2421,建準,8,0,8,第一金-員林,2023-07-12,5381
3049,精金,8,0,8,第一金-員林,2023-07-12,5381
4967,十銓,10,2,8,第一金-員林,2023-07-12,5381
8271,宇瞻,8,0,8,第一金-員林,2023-07-12,5381
3406,玉晶光,13,6,7,第一金-員林,2023-07-12,5381
5388,中磊,8,1,7,第一金-員林,2023-07-12,5381
3231,緯創,31,24,7,第一金-員林,2023-07-12,5381
2834,臺企銀,7,1,6,第一金-員林,2023-07-12,5381
1604,聲寶,6,0,6,第一金-員林,2023-07-12,5381
2436,偉詮電,9,3,6,第一金-員林,2023-07-12,5381
2634,漢翔,7,1,6,第一金-員林,2023-07-12,5381
4951,精拓科,6,0,6,第一金-員林,2023-07-12,5381
5009,榮剛,6,0,6,第一金-員林,2023-07-12,5381
9802,鈺齊-KY,8,2,6,第一金-員林,2023-07-12,5381
0050,元大台灣50,5,0,5,第一金-員林,2023-07-12,5381
9105,泰金寶-DR,160,0,160,第一金-員林,2023-07-13,5381
2618,長榮航,112,59,53,第一金-員林,2023-07-13,5381
6288,聯嘉,53,3,50,第一金-員林,2023-07-13,5381
3231,緯創,70,28,42,第一金-員林,2023-07-13,5381
1218,泰山,39,0,39,第一金-員林,2023-07-13,5381
2303,聯電,41,3,38,第一金-員林,2023-07-13,5381
2023,燁輝,35,0,35,第一金-員林,2023-07-13,5381
2610,華航,50,16,34,第一金-員林,2023-07-13,5381
2421,建準,37,12,25,第一金-員林,2023-07-13,5381
2498,宏達電,31,7,24,第一金-員林,2023-07-13,5381
6116,彩晶,30,6,24,第一金-員林,2023-07-13,5381
2609,陽明,30,8,22,第一金-員林,2023-07-13,5381
00642U,期元大S＆P石油,22,1,21,第一金-員林,2023-07-13,5381
6274,台燿,24,5,19,第一金-員林,2023-07-13,5381
2413,環科,19,1,18,第一金-員林,2023-07-13,5381
2887,台新金,16,2,14,第一金-員林,2023-07-13,5381
2449,京元電子,19,7,12,第一金-員林,2023-07-13,5381
6222,上揚,12,0,12,第一金-員林,2023-07-13,5381
8028,昇陽半導體,12,0,12,第一金-員林,2023-07-13,5381
3707,漢磊,11,0,11,第一金-員林,2023-07-13,5381
2883,凱基金,11,0,11,第一金-員林,2023-07-13,5381
00930,永豐ESG低碳高息,11,0,11,第一金-員林,2023-07-13,5381
6592,和潤企業,14,3,11,第一金-員林,2023-07-13,5381
2317,鴻海,22,12,10,第一金-員林,2023-07-13,5381
2614,東森,10,0,10,第一金-員林,2023-07-13,5381
1216,統一,10,0,10,第一金-員林,2023-07-13,5381
1529,樂事綠能,10,0,10,第一金-員林,2023-07-13,5381
2332,友訊,30,20,10,第一金-員林,2023-07-13,5381
2342,茂矽,11,1,10,第一金-員林,2023-07-13,5381
2417,圓剛,10,0,10,第一金-員林,2023-07-13,5381
2439,美律,10,0,10,第一金-員林,2023-07-13,5381
3025,星通,17,7,10,第一金-員林,2023-07-13,5381
3710,連展投控,10,0,10,第一金-員林,2023-07-13,5381
4173,久裕,10,0,10,第一金-員林,2023-07-13,5381
4533,協易機,15,5,10,第一金-員林,2023-07-13,5381
6147,頎邦,10,0,10,第一金-員林,2023-07-13,5381
1905,華紙,39,30,9,第一金-員林,2023-07-13,5381
3029,零壹,9,0,9,第一金-員林,2023-07-13,5381
5009,榮剛,9,0,9,第一金-員林,2023-07-13,5381
6113,亞矽,9,0,9,第一金-員林,2023-07-13,5381
2105,正新,10,2,8,第一金-員林,2023-07-13,5381
1595,川寶,8,0,8,第一金-員林,2023-07-13,5381
1609,大亞,31,23,8,第一金-員林,2023-07-13,5381
3693,營邦,7,0,7,第一金-員林,2023-07-13,5381
1605,華新,19,12,7,第一金-員林,2023-07-13,5381
6118,建達,7,0,7,第一金-員林,2023-07-13,5381
2352,佳世達,34,28,6,第一金-員林,2023-07-13,5381
1528,恩德,6,0,6,第一金-員林,2023-07-13,5381
2106,建大,6,0,6,第一金-員林,2023-07-13,5381
6207,雷科,16,10,6,第一金-員林,2023-07-13,5381
9105,泰金寶-DR,135,0,135,第一金-員林,2023-07-14,5381
2610,華航,115,20,95,第一金-員林,2023-07-14,5381
1313,聯成,40,0,40,第一金-員林,2023-07-14,5381
3047,訊舟,40,1,39,第一金-員林,2023-07-14,5381
00673R,期元大S＆P原油反1,42,5,37,第一金-員林,2023-07-14,5381
2344,華邦電,32,0,32,第一金-員林,2023-07-14,5381
4938,和碩,33,1,32,第一金-員林,2023-07-14,5381
2481,強茂,36,6,30,第一金-員林,2023-07-14,5381
5864,致和證,30,5,25,第一金-員林,2023-07-14,5381
00712,復華富時不動產,23,1,22,第一金-員林,2023-07-14,5381
2888,新光金,20,0,20,第一金-員林,2023-07-14,5381
020028,元大特選電動車N,19,0,19,第一金-員林,2023-07-14,5381
1102,亞泥,19,0,19,第一金-員林,2023-07-14,5381
3380,明泰,24,6,18,第一金-員林,2023-07-14,5381
4533,協易機,25,9,16,第一金-員林,2023-07-14,5381
2421,建準,28,13,15,第一金-員林,2023-07-14,5381
020022,元大電動車N,15,0,15,第一金-員林,2023-07-14,5381
2745,五福,26,12,14,第一金-員林,2023-07-14,5381
2382,廣達,49,36,13,第一金-員林,2023-07-14,5381
3287,廣寰科,14,1,13,第一金-員林,2023-07-14,5381
2609,陽明,29,17,12,第一金-員林,2023-07-14,5381
1301,台塑,12,0,12,第一金-員林,2023-07-14,5381
2486,一詮,17,5,12,第一金-員林,2023-07-14,5381
00632R,元大台灣50反1,11,0,11,第一金-員林,2023-07-14,5381
1504,東元,41,30,11,第一金-員林,2023-07-14,5381
4536,拓凱,11,0,11,第一金-員林,2023-07-14,5381
6235,華孚,16,5,11,第一金-員林,2023-07-14,5381
3706,神達,18,7,11,第一金-員林,2023-07-14,5381
00929,復華台灣科技優息,10,0,10,第一金-員林,2023-07-14,5381
3058,立德,10,0,10,第一金-員林,2023-07-14,5381
00795B,中信美國公債20年,10,0,10,第一金-員林,2023-07-14,5381
00930,永豐ESG低碳高息,10,0,10,第一金-員林,2023-07-14,5381
00881,國泰台灣5G+,20,10,10,第一金-員林,2023-07-14,5381
2023,燁輝,10,0,10,第一金-員林,2023-07-14,5381
2313,華通,10,0,10,第一金-員林,2023-07-14,5381
2634,漢翔,11,1,10,第一金-員林,2023-07-14,5381
3048,益登,10,0,10,第一金-員林,2023-07-14,5381
3481,群創,21,11,10,第一金-員林,2023-07-14,5381
5880,合庫金,11,1,10,第一金-員林,2023-07-14,5381
6190,萬泰科,10,0,10,第一金-員林,2023-07-14,5381
8121,越峰,10,0,10,第一金-員林,2023-07-14,5381
2358,廷鑫,9,0,9,第一金-員林,2023-07-14,5381
5328,華容,9,0,9,第一金-員林,2023-07-14,5381
5388,中磊,9,0,9,第一金-員林,2023-07-14,5381
6191,精成科,11,2,9,第一金-員林,2023-07-14,5381
6414,樺漢,10,1,9,第一金-員林,2023-07-14,5381
6806,森崴能源,10,1,9,第一金-員林,2023-07-14,5381
2106,建大,8,0,8,第一金-員林,2023-07-14,5381
2211,長榮鋼,8,0,8,第一金-員林,2023-07-14,5381
6288,聯嘉,8,0,8,第一金-員林,2023-07-14,5381
9105,泰金寶-DR,110,0,110,第一金-員林,2023-07-17,5381
2834,臺企銀,100,2,98,第一金-員林,2023-07-17,5381
2812,台中銀,93,0,93,第一金-員林,2023-07-17,5381
4536,拓凱,89,0,89,第一金-員林,2023-07-17,5381
00882,中信中國高股息,51,0,51,第一金-員林,2023-07-17,5381
2367,燿華,43,0,43,第一金-員林,2023-07-17,5381
1618,合機,54,12,42,第一金-員林,2023-07-17,5381
1313,聯成,35,0,35,第一金-員林,2023-07-17,5381
00929,復華台灣科技優息,35,0,35,第一金-員林,2023-07-17,5381
1102,亞泥,30,0,30,第一金-員林,2023-07-17,5381
4746,台耀,32,2,30,第一金-員林,2023-07-17,5381
00673R,期元大S＆P原油反1,30,5,25,第一金-員林,2023-07-17,5381
3481,群創,40,17,23,第一金-員林,2023-07-17,5381
00687B,國泰20年美債,23,0,23,第一金-員林,2023-07-17,5381
6274,台燿,22,2,20,第一金-員林,2023-07-17,5381
1316,上曜,30,10,20,第一金-員林,2023-07-17,5381
2324,仁寶,34,14,20,第一金-員林,2023-07-17,5381
4532,瑞智,20,0,20,第一金-員林,2023-07-17,5381
8016,矽創,20,0,20,第一金-員林,2023-07-17,5381
1513,中興電,25,8,17,第一金-員林,2023-07-17,5381
2023,燁輝,16,0,16,第一金-員林,2023-07-17,5381
2887,台新金,31,15,16,第一金-員林,2023-07-17,5381
0056,元大高股息,50,35,15,第一金-員林,2023-07-17,5381
00740B,富邦全球投等債,15,0,15,第一金-員林,2023-07-17,5381
2409,友達,20,5,15,第一金-員林,2023-07-17,5381
2449,京元電子,21,6,15,第一金-員林,2023-07-17,5381
3033,威健,16,2,14,第一金-員林,2023-07-17,5381
3711,日月光投控,42,28,14,第一金-員林,2023-07-17,5381
00720B,元大投資級公司債,13,0,13,第一金-員林,2023-07-17,5381
8938,明安,19,6,13,第一金-員林,2023-07-17,5381
5465,富驊,22,10,12,第一金-員林,2023-07-17,5381
2482,連宇,22,10,12,第一金-員林,2023-07-17,5381
2201,裕隆,29,18,11,第一金-員林,2023-07-17,5381
2855,統一證,11,0,11,第一金-員林,2023-07-17,5381
3710,連展投控,10,0,10,第一金-員林,2023-07-17,5381
2206,三陽工業,24,14,10,第一金-員林,2023-07-17,5381
020028,元大特選電動車N,10,0,10,第一金-員林,2023-07-17,5381
020022,元大電動車N,10,0,10,第一金-員林,2023-07-17,5381
1402,遠東新,10,0,10,第一金-員林,2023-07-17,5381
2457,飛宏,23,13,10,第一金-員林,2023-07-17,5381
2634,漢翔,11,1,10,第一金-員林,2023-07-17,5381
3432,台端,10,0,10,第一金-員林,2023-07-17,5381
4714,永捷,10,0,10,第一金-員林,2023-07-17,5381
6139,亞翔,11,1,10,第一金-員林,2023-07-17,5381
3321,同泰,9,0,9,第一金-員林,2023-07-17,5381
4414,如興,10,1,9,第一金-員林,2023-07-17,5381
5483,中美晶,19,10,9,第一金-員林,2023-07-17,5381
00881,國泰台灣5G+,30,22,8,第一金-員林,2023-07-17,5381
6446,藥華藥,8,0,8,第一金-員林,2023-07-17,5381
2313,華通,12,4,8,第一金-員林,2023-07-17,5381
4536,拓凱,78,1,77,第一金-員林,2023-07-18,5381
1609,大亞,162,91,71,第一金-員林,2023-07-18,5381
2312,金寶,154,84,70,第一金-員林,2023-07-18,5381
00632R,元大台灣50反1,65,3,62,第一金-員林,2023-07-18,5381
00929,復華台灣科技優息,64,4,60,第一金-員林,2023-07-18,5381
2356,英業達,81,25,56,第一金-員林,2023-07-18,5381
4414,如興,55,8,47,第一金-員林,2023-07-18,5381
00882,中信中國高股息,40,1,39,第一金-員林,2023-07-18,5381
2344,華邦電,41,2,39,第一金-員林,2023-07-18,5381
2603,長榮,39,2,37,第一金-員林,2023-07-18,5381
2408,南亞科,36,0,36,第一金-員林,2023-07-18,5381
2353,宏��,97,62,35,第一金-員林,2023-07-18,5381
1434,福懋,38,5,33,第一金-員林,2023-07-18,5381
1905,華紙,64,33,31,第一金-員林,2023-07-18,5381
2888,新光金,31,1,30,第一金-員林,2023-07-18,5381
2359,所羅門,84,56,28,第一金-員林,2023-07-18,5381
4938,和碩,44,19,25,第一金-員林,2023-07-18,5381
3714,富采,23,0,23,第一金-員林,2023-07-18,5381
1513,中興電,32,10,22,第一金-員林,2023-07-18,5381
3078,僑威,28,6,22,第一金-員林,2023-07-18,5381
6470,宇智,24,2,22,第一金-員林,2023-07-18,5381
00665L,富邦�琤肭磪囓�2,20,0,20,第一金-員林,2023-07-18,5381
9905,大華,20,0,20,第一金-員林,2023-07-18,5381
6282,康舒,97,80,17,第一金-員林,2023-07-18,5381
5328,華容,17,0,17,第一金-員林,2023-07-18,5381
2340,台亞,28,11,17,第一金-員林,2023-07-18,5381
3481,群創,20,4,16,第一金-員林,2023-07-18,5381
6153,嘉聯益,15,0,15,第一金-員林,2023-07-18,5381
1304,台聚,14,0,14,第一金-員林,2023-07-18,5381
3013,晟銘電,20,6,14,第一金-員林,2023-07-18,5381
00720B,元大投資級公司債,13,0,13,第一金-員林,2023-07-18,5381
3694,海華,23,11,12,第一金-員林,2023-07-18,5381
5880,合庫金,12,0,12,第一金-員林,2023-07-18,5381
6276,安鈦克,15,3,12,第一金-員林,2023-07-18,5381
6527,明達醫,14,2,12,第一金-員林,2023-07-18,5381
2324,仁寶,58,46,12,第一金-員林,2023-07-18,5381
2812,台中銀,26,15,11,第一金-員林,2023-07-18,5381
00679B,元大美債20年,11,0,11,第一金-員林,2023-07-18,5381
00772B,中信高評級公司債,11,0,11,第一金-員林,2023-07-18,5381
5425,台半,11,0,11,第一金-員林,2023-07-18,5381
8016,矽創,11,0,11,第一金-員林,2023-07-18,5381
3058,立德,10,0,10,第一金-員林,2023-07-18,5381
1316,上曜,10,0,10,第一金-員林,2023-07-18,5381
1432,大魯閣,10,0,10,第一金-員林,2023-07-18,5381
1616,億泰,10,0,10,第一金-員林,2023-07-18,5381
2201,裕隆,21,11,10,第一金-員林,2023-07-18,5381
2369,菱生,10,0,10,第一金-員林,2023-07-18,5381
2641,正德,10,0,10,第一金-員林,2023-07-18,5381
2913,農林,14,4,10,第一金-員林,2023-07-18,5381
5608,四維航,10,0,10,第一金-員林,2023-07-18,5381
2329,華泰,163,3,160,第一金-員林,2023-07-19,5381
00882,中信中國高股息,114,1,113,第一金-員林,2023-07-19,5381
2027,大成鋼,100,6,94,第一金-員林,2023-07-19,5381
00929,復華台灣科技優息,108,41,67,第一金-員林,2023-07-19,5381
2634,漢翔,69,2,67,第一金-員林,2023-07-19,5381
1513,中興電,43,0,43,第一金-員林,2023-07-19,5381
1313,聯成,43,1,42,第一金-員林,2023-07-19,5381
4533,協易機,41,5,36,第一金-員林,2023-07-19,5381
00665L,富邦�琤肭磪囓�2,36,0,36,第一金-員林,2023-07-19,5381
2324,仁寶,51,17,34,第一金-員林,2023-07-19,5381
5009,榮剛,32,0,32,第一金-員林,2023-07-19,5381
2303,聯電,32,1,31,第一金-員林,2023-07-19,5381
1101,台泥,27,0,27,第一金-員林,2023-07-19,5381
2610,華航,32,9,23,第一金-員林,2023-07-19,5381
6190,萬泰科,22,0,22,第一金-員林,2023-07-19,5381
3707,漢磊,21,0,21,第一金-員林,2023-07-19,5381
00655L,國泰中國A50正2,20,0,20,第一金-員林,2023-07-19,5381
00633L,富邦上証正2,20,0,20,第一金-員林,2023-07-19,5381
3141,晶宏,20,0,20,第一金-員林,2023-07-19,5381
4564,元翎,19,0,19,第一金-員林,2023-07-19,5381
00632R,元大台灣50反1,31,13,18,第一金-員林,2023-07-19,5381
1417,嘉裕,18,0,18,第一金-員林,2023-07-19,5381
1504,東元,29,12,17,第一金-員林,2023-07-19,5381
2353,宏��,41,24,17,第一金-員林,2023-07-19,5381
2883,凱基金,16,0,16,第一金-員林,2023-07-19,5381
6191,精成科,16,0,16,第一金-員林,2023-07-19,5381
1711,永光,15,0,15,第一金-員林,2023-07-19,5381
4306,炎洲,15,0,15,第一金-員林,2023-07-19,5381
6465,威潤,15,0,15,第一金-員林,2023-07-19,5381
00712,復華富時不動產,56,42,14,第一金-員林,2023-07-19,5381
2312,金寶,18,4,14,第一金-員林,2023-07-19,5381
00885,富邦越南,14,0,14,第一金-員林,2023-07-19,5381
1616,億泰,14,0,14,第一金-員林,2023-07-19,5381
3715,定穎投控,16,2,14,第一金-員林,2023-07-19,5381
2515,中工,13,0,13,第一金-員林,2023-07-19,5381
2340,台亞,15,2,13,第一金-員林,2023-07-19,5381
2618,長榮航,29,17,12,第一金-員林,2023-07-19,5381
00650L,復華香港正2,11,0,11,第一金-員林,2023-07-19,5381
2421,建準,30,19,11,第一金-員林,2023-07-19,5381
00919,群益台灣精選高息,10,0,10,第一金-員林,2023-07-19,5381
1598,岱宇,10,0,10,第一金-員林,2023-07-19,5381
2023,燁輝,10,0,10,第一金-員林,2023-07-19,5381
3265,台星科,10,0,10,第一金-員林,2023-07-19,5381
6116,彩晶,10,0,10,第一金-員林,2023-07-19,5381
6282,康舒,46,36,10,第一金-員林,2023-07-19,5381
2365,昆盈,10,0,10,第一金-員林,2023-07-19,5381
6235,華孚,18,9,9,第一金-員林,2023-07-19,5381
1515,力山,11,2,9,第一金-員林,2023-07-19,5381
2206,三陽工業,21,12,9,第一金-員林,2023-07-19,5381
6288,聯嘉,9,0,9,第一金-員林,2023-07-19,5381
00712,復華富時不動產,167,6,161,第一金-員林,2023-07-20,5381
5009,榮剛,58,2,56,第一金-員林,2023-07-20,5381
2352,佳世達,41,2,39,第一金-員林,2023-07-20,5381
2303,聯電,45,7,38,第一金-員林,2023-07-20,5381
6120,達運,39,1,38,第一金-員林,2023-07-20,5381
5706,鳳凰,34,1,33,第一金-員林,2023-07-20,5381
2481,強茂,35,3,32,第一金-員林,2023-07-20,5381
4938,和碩,29,4,25,第一金-員林,2023-07-20,5381
2515,中工,36,12,24,第一金-員林,2023-07-20,5381
6104,創惟,22,0,22,第一金-員林,2023-07-20,5381
3264,欣銓,21,0,21,第一金-員林,2023-07-20,5381
2359,所羅門,22,2,20,第一金-員林,2023-07-20,5381
2453,凌群,21,3,18,第一金-員林,2023-07-20,5381
5474,聰泰,19,2,17,第一金-員林,2023-07-20,5381
5608,四維航,16,0,16,第一金-員林,2023-07-20,5381
1102,亞泥,15,0,15,第一金-員林,2023-07-20,5381
2888,新光金,20,5,15,第一金-員林,2023-07-20,5381
1529,樂事綠能,15,1,14,第一金-員林,2023-07-20,5381
00929,復華台灣科技優息,15,1,14,第一金-員林,2023-07-20,5381
2317,鴻海,15,2,13,第一金-員林,2023-07-20,5381
2211,長榮鋼,13,0,13,第一金-員林,2023-07-20,5381
2337,旺宏,13,0,13,第一金-員林,2023-07-20,5381
6188,廣明,15,2,13,第一金-員林,2023-07-20,5381
2312,金寶,19,7,12,第一金-員林,2023-07-20,5381
4542,科嶠,12,0,12,第一金-員林,2023-07-20,5381
2633,台灣高鐵,11,0,11,第一金-員林,2023-07-20,5381
1218,泰山,11,0,11,第一金-員林,2023-07-20,5381
4414,如興,11,0,11,第一金-員林,2023-07-20,5381
8105,凌巨,11,0,11,第一金-員林,2023-07-20,5381
00897,富邦基因免疫生技,20,10,10,第一金-員林,2023-07-20,5381
00919,群益台灣精選高息,10,0,10,第一金-員林,2023-07-20,5381
00722B,群益投資級電信債,10,0,10,第一金-員林,2023-07-20,5381
1337,再生-KY,10,0,10,第一金-員林,2023-07-20,5381
1444,力麗,10,0,10,第一金-員林,2023-07-20,5381
1702,南僑,10,0,10,第一金-員林,2023-07-20,5381
2023,燁輝,10,0,10,第一金-員林,2023-07-20,5381
2351,順德,10,0,10,第一金-員林,2023-07-20,5381
2367,燿華,10,0,10,第一金-員林,2023-07-20,5381
6451,訊芯-KY,13,3,10,第一金-員林,2023-07-20,5381
8121,越峰,10,0,10,第一金-員林,2023-07-20,5381
8046,南電,10,1,9,第一金-員林,2023-07-20,5381
2405,輔信,9,0,9,第一金-員林,2023-07-20,5381
2482,連宇,10,1,9,第一金-員林,2023-07-20,5381
5386,青雲,9,0,9,第一金-員林,2023-07-20,5381
00679B,元大美債20年,11,3,8,第一金-員林,2023-07-20,5381
8409,商之器,9,1,8,第一金-員林,2023-07-20,5381
4919,新唐,12,4,8,第一金-員林,2023-07-20,5381
2419,仲琦,19,12,7,第一金-員林,2023-07-20,5381
1210,大成,10,3,7,第一金-員林,2023-07-20,5381
2423,固緯,7,0,7,第一金-員林,2023-07-20,5381
00679B,元大美債20年,178,0,178,第一金-員林,2023-07-21,5381
1905,華紙,141,35,106,第一金-員林,2023-07-21,5381
2883,凱基金,59,1,58,第一金-員林,2023-07-21,5381
2323,中環,64,10,54,第一金-員林,2023-07-21,5381
00929,復華台灣科技優息,57,6,51,第一金-員林,2023-07-21,5381
1314,中石化,40,0,40,第一金-員林,2023-07-21,5381
5340,建榮,40,1,39,第一金-員林,2023-07-21,5381
2303,聯電,37,1,36,第一金-員林,2023-07-21,5381
2206,三陽工業,50,19,31,第一金-員林,2023-07-21,5381
2353,宏��,32,1,31,第一金-員林,2023-07-21,5381
1513,中興電,51,21,30,第一金-員林,2023-07-21,5381
2515,中工,25,0,25,第一金-員林,2023-07-21,5381
2022,聚亨,25,0,25,第一金-員林,2023-07-21,5381
2880,華南金,22,0,22,第一金-員林,2023-07-21,5381
00680L,元大美債20正2,21,0,21,第一金-員林,2023-07-21,5381
2610,華航,39,18,21,第一金-員林,2023-07-21,5381
4414,如興,20,0,20,第一金-員林,2023-07-21,5381
00712,復華富時不動產,17,0,17,第一金-員林,2023-07-21,5381
00753L,中信中國50正2,20,3,17,第一金-員林,2023-07-21,5381
1101,台泥,18,1,17,第一金-員林,2023-07-21,5381
3706,神達,51,34,17,第一金-員林,2023-07-21,5381
3374,精材,16,1,15,第一金-員林,2023-07-21,5381
3221,台嘉碩,13,0,13,第一金-員林,2023-07-21,5381
2344,華邦電,16,4,12,第一金-員林,2023-07-21,5381
2356,英業達,44,33,11,第一金-員林,2023-07-21,5381
3711,日月光投控,66,55,11,第一金-員林,2023-07-21,5381
6112,邁達特,17,6,11,第一金-員林,2023-07-21,5381
6120,達運,11,0,11,第一金-員林,2023-07-21,5381
2308,台達電,12,1,11,第一金-員林,2023-07-21,5381
2382,廣達,30,19,11,第一金-員林,2023-07-21,5381
00740B,富邦全球投等債,10,0,10,第一金-員林,2023-07-21,5381
00900,富邦特選高股息30,10,0,10,第一金-員林,2023-07-21,5381
2312,金寶,12,2,10,第一金-員林,2023-07-21,5381
2405,輔信,11,1,10,第一金-員林,2023-07-21,5381
3576,聯合再生,10,0,10,第一金-員林,2023-07-21,5381
5328,華容,10,0,10,第一金-員林,2023-07-21,5381
8105,凌巨,10,0,10,第一金-員林,2023-07-21,5381
2458,義隆,10,0,10,第一金-員林,2023-07-21,5381
1605,華新,13,4,9,第一金-員林,2023-07-21,5381
2419,仲琦,18,9,9,第一金-員林,2023-07-21,5381
2618,長榮航,19,10,9,第一金-員林,2023-07-21,5381
6235,華孚,18,9,9,第一金-員林,2023-07-21,5381
2359,所羅門,11,3,8,第一金-員林,2023-07-21,5381
3694,海華,10,2,8,第一金-員林,2023-07-21,5381
4154,樂威科-KY,8,0,8,第一金-員林,2023-07-21,5381
5386,青雲,10,2,8,第一金-員林,2023-07-21,5381
8222,寶一,15,7,8,第一金-員林,2023-07-21,5381
9103,美德醫療-DR,8,0,8,第一金-員林,2023-07-21,5381
1102,亞泥,7,0,7,第一金-員林,2023-07-21,5381
2330,台積電,8,1,7,第一金-員林,2023-07-21,5381
00687B,國泰20年美債,181,6,175,第一金-員林,2023-07-24,5381
2353,宏��,134,12,122,第一金-員林,2023-07-24,5381
00676R,富邦臺灣加權反1,100,0,100,第一金-員林,2023-07-24,5381
00645,富邦日本,50,0,50,第一金-員林,2023-07-24,5381
4536,拓凱,45,0,45,第一金-員林,2023-07-24,5381
4414,如興,45,0,45,第一金-員林,2023-07-24,5381
3051,力特,40,0,40,第一金-員林,2023-07-24,5381
3013,晟銘電,52,18,34,第一金-員林,2023-07-24,5381
1314,中石化,33,0,33,第一金-員林,2023-07-24,5381
2356,英業達,33,7,26,第一金-員林,2023-07-24,5381
1102,亞泥,21,0,21,第一金-員林,2023-07-24,5381
1409,新纖,20,0,20,第一金-員林,2023-07-24,5381
2886,兆豐金,20,0,20,第一金-員林,2023-07-24,5381
2887,台新金,20,0,20,第一金-員林,2023-07-24,5381
3189,景碩,23,3,20,第一金-員林,2023-07-24,5381
2812,台中銀,19,0,19,第一金-員林,2023-07-24,5381
1513,中興電,24,5,19,第一金-員林,2023-07-24,5381
1417,嘉裕,17,0,17,第一金-員林,2023-07-24,5381
2515,中工,27,10,17,第一金-員林,2023-07-24,5381
2801,彰銀,17,0,17,第一金-員林,2023-07-24,5381
1402,遠東新,16,0,16,第一金-員林,2023-07-24,5381
2890,永豐金,15,0,15,第一金-員林,2023-07-24,5381
6153,嘉聯益,15,0,15,第一金-員林,2023-07-24,5381
2324,仁寶,17,3,14,第一金-員林,2023-07-24,5381
2022,聚亨,13,0,13,第一金-員林,2023-07-24,5381
2402,毅嘉,13,0,13,第一金-員林,2023-07-24,5381
00679B,元大美債20年,12,0,12,第一金-員林,2023-07-24,5381
2344,華邦電,12,0,12,第一金-員林,2023-07-24,5381
3706,神達,16,5,11,第一金-員林,2023-07-24,5381
1471,首利,11,0,11,第一金-員林,2023-07-24,5381
2441,超豐,11,0,11,第一金-員林,2023-07-24,5381
2449,京元電子,13,2,11,第一金-員林,2023-07-24,5381
2913,農林,19,8,11,第一金-員林,2023-07-24,5381
3306,鼎天,11,0,11,第一金-員林,2023-07-24,5381
6285,啟��,13,2,11,第一金-員林,2023-07-24,5381
3037,欣興,33,22,11,第一金-員林,2023-07-24,5381
2017,官田鋼,10,0,10,第一金-員林,2023-07-24,5381
2520,冠德,10,0,10,第一金-員林,2023-07-24,5381
3264,欣銓,10,0,10,第一金-員林,2023-07-24,5381
3607,谷崧,10,0,10,第一金-員林,2023-07-24,5381
4173,久裕,10,0,10,第一金-員林,2023-07-24,5381
2461,光群雷,51,41,10,第一金-員林,2023-07-24,5381
3338,泰碩,10,1,9,第一金-員林,2023-07-24,5381
6125,廣運,23,14,9,第一金-員林,2023-07-24,5381
4958,臻鼎-KY,10,1,9,第一金-員林,2023-07-24,5381
3707,漢磊,8,0,8,第一金-員林,2023-07-24,5381
3481,群創,16,9,7,第一金-員林,2023-07-24,5381
1434,福懋,7,0,7,第一金-員林,2023-07-24,5381
1316,上曜,7,0,7,第一金-員林,2023-07-24,5381
2359,所羅門,20,13,7,第一金-員林,2023-07-24,5381
2887,台新金,84,0,84,第一金-員林,2023-07-25,5381
1905,華紙,80,39,41,第一金-員林,2023-07-25,5381
1618,合機,52,12,40,第一金-員林,2023-07-25,5381
9103,美德醫療-DR,37,0,37,第一金-員林,2023-07-25,5381
2883,凱基金,55,20,35,第一金-員林,2023-07-25,5381
3037,欣興,34,2,32,第一金-員林,2023-07-25,5381
2338,光罩,30,0,30,第一金-員林,2023-07-25,5381
4414,如興,27,0,27,第一金-員林,2023-07-25,5381
3689,湧德,49,25,24,第一金-員林,2023-07-25,5381
3051,力特,26,4,22,第一金-員林,2023-07-25,5381
3231,緯創,26,4,22,第一金-員林,2023-07-25,5381
2633,台灣高鐵,19,0,19,第一金-員林,2023-07-25,5381
6191,精成科,18,0,18,第一金-員林,2023-07-25,5381
2610,華航,18,0,18,第一金-員林,2023-07-25,5381
3706,神達,40,24,16,第一金-員林,2023-07-25,5381
4157,太景*-KY,16,0,16,第一金-員林,2023-07-25,5381
2382,廣達,44,30,14,第一金-員林,2023-07-25,5381
00680L,元大美債20正2,12,0,12,第一金-員林,2023-07-25,5381
8016,矽創,12,0,12,第一金-員林,2023-07-25,5381
1313,聯成,11,0,11,第一金-員林,2023-07-25,5381
2328,廣宇,11,0,11,第一金-員林,2023-07-25,5381
3189,景碩,12,1,11,第一金-員林,2023-07-25,5381
4168,醣聯,12,1,11,第一金-員林,2023-07-25,5381
5452,佶優,11,0,11,第一金-員林,2023-07-25,5381
00679B,元大美債20年,10,0,10,第一金-員林,2023-07-25,5381
4306,炎洲,10,0,10,第一金-員林,2023-07-25,5381
5340,建榮,10,0,10,第一金-員林,2023-07-25,5381
9951,皇田,10,0,10,第一金-員林,2023-07-25,5381
2520,冠德,9,0,9,第一金-員林,2023-07-25,5381
2002,中鋼,9,0,9,第一金-員林,2023-07-25,5381
2454,聯發科,8,0,8,第一金-員林,2023-07-25,5381
2301,光寶科,35,27,8,第一金-員林,2023-07-25,5381
2313,華通,8,0,8,第一金-員林,2023-07-25,5381
4551,智伸科,8,0,8,第一金-員林,2023-07-25,5381
2353,宏��,23,16,7,第一金-員林,2023-07-25,5381
5483,中美晶,16,9,7,第一金-員林,2023-07-25,5381
2801,彰銀,10,3,7,第一金-員林,2023-07-25,5381
3702,大聯大,7,0,7,第一金-員林,2023-07-25,5381
2368,金像電,28,22,6,第一金-員林,2023-07-25,5381
00673R,期元大S＆P原油反1,9,3,6,第一金-員林,2023-07-25,5381
2022,聚亨,6,0,6,第一金-員林,2023-07-25,5381
2023,燁輝,6,0,6,第一金-員林,2023-07-25,5381
3376,新日興,6,0,6,第一金-員林,2023-07-25,5381
6188,廣明,8,2,6,第一金-員林,2023-07-25,5381
8105,凌巨,6,0,6,第一金-員林,2023-07-25,5381
4953,緯軟,5,0,5,第一金-員林,2023-07-25,5381
00899,FT潔淨能源,5,0,5,第一金-員林,2023-07-25,5381
2312,金寶,8,3,5,第一金-員林,2023-07-25,5381
2367,燿華,5,0,5,第一金-員林,2023-07-25,5381
2748,雲品,5,0,5,第一金-員林,2023-07-25,5381
00632R,元大台灣50反1,150,0,150,第一金-員林,2023-07-26,5381
00929,復華台灣科技優息,52,9,43,第一金-員林,2023-07-26,5381
2408,南亞科,35,0,35,第一金-員林,2023-07-26,5381
2338,光罩,31,0,31,第一金-員林,2023-07-26,5381
00753L,中信中國50正2,30,0,30,第一金-員林,2023-07-26,5381
3706,神達,39,10,29,第一金-員林,2023-07-26,5381
00882,中信中國高股息,28,0,28,第一金-員林,2023-07-26,5381
2421,建準,36,11,25,第一金-員林,2023-07-26,5381
3711,日月光投控,45,20,25,第一金-員林,2023-07-26,5381
4726,永昕,20,0,20,第一金-員林,2023-07-26,5381
00680L,元大美債20正2,33,14,19,第一金-員林,2023-07-26,5381
3044,健鼎,19,1,18,第一金-員林,2023-07-26,5381
1513,中興電,17,2,15,第一金-員林,2023-07-26,5381
6153,嘉聯益,15,0,15,第一金-員林,2023-07-26,5381
2468,華經,27,12,15,第一金-員林,2023-07-26,5381
3583,辛耘,18,4,14,第一金-員林,2023-07-26,5381
1217,愛之味,15,1,14,第一金-員林,2023-07-26,5381
3021,鴻名,14,0,14,第一金-員林,2023-07-26,5381
1514,亞力,12,0,12,第一金-員林,2023-07-26,5381
00679B,元大美債20年,12,0,12,第一金-員林,2023-07-26,5381
00720B,元大投資級公司債,12,0,12,第一金-員林,2023-07-26,5381
1903,士紙,19,7,12,第一金-員林,2023-07-26,5381
4953,緯軟,14,2,12,第一金-員林,2023-07-26,5381
1618,合機,25,14,11,第一金-員林,2023-07-26,5381
2356,英業達,20,9,11,第一金-員林,2023-07-26,5381
4543,萬在,10,0,10,第一金-員林,2023-07-26,5381
2492,華新科,10,0,10,第一金-員林,2023-07-26,5381
00673R,期元大S＆P原油反1,10,0,10,第一金-員林,2023-07-26,5381
00633L,富邦上証正2,10,0,10,第一金-員林,2023-07-26,5381
00740B,富邦全球投等債,10,0,10,第一金-員林,2023-07-26,5381
1504,東元,106,96,10,第一金-員林,2023-07-26,5381
2017,官田鋼,10,0,10,第一金-員林,2023-07-26,5381
2834,臺企銀,10,0,10,第一金-員林,2023-07-26,5381
3048,益登,10,0,10,第一金-員林,2023-07-26,5381
3481,群創,22,12,10,第一金-員林,2023-07-26,5381
3564,其陽,10,0,10,第一金-員林,2023-07-26,5381
5225,東科-KY,10,0,10,第一金-員林,2023-07-26,5381
6126,信音,11,1,10,第一金-員林,2023-07-26,5381
6235,華孚,25,15,10,第一金-員林,2023-07-26,5381
1795,美時,14,5,9,第一金-員林,2023-07-26,5381
00772B,中信高評級公司債,14,5,9,第一金-員林,2023-07-26,5381
4989,榮科,9,0,9,第一金-員林,2023-07-26,5381
6579,研揚,9,0,9,第一金-員林,2023-07-26,5381
2382,廣達,19,11,8,第一金-員林,2023-07-26,5381
2014,中鴻,10,2,8,第一金-員林,2023-07-26,5381
1301,台塑,8,0,8,第一金-員林,2023-07-26,5381
1304,台聚,8,0,8,第一金-員林,2023-07-26,5381
2482,連宇,8,0,8,第一金-員林,2023-07-26,5381
1905,華紙,31,24,7,第一金-員林,2023-07-26,5381
3037,欣興,20,13,7,第一金-員林,2023-07-26,5381
00929,復華台灣科技優息,124,6,118,第一金-員林,2023-07-27,5381
2882,國泰金,100,10,90,第一金-員林,2023-07-27,5381
911622,泰聚亨-DR,51,0,51,第一金-員林,2023-07-27,5381
1513,中興電,49,2,47,第一金-員林,2023-07-27,5381
1805,寶徠,45,0,45,第一金-員林,2023-07-27,5381
2353,宏��,43,7,36,第一金-員林,2023-07-27,5381
2887,台新金,37,1,36,第一金-員林,2023-07-27,5381
020027,元大上櫃ESG成長N,35,0,35,第一金-員林,2023-07-27,5381
6274,台燿,30,3,27,第一金-員林,2023-07-27,5381
8358,金居,77,51,26,第一金-員林,2023-07-27,5381
00878,國泰永續高股息,52,29,23,第一金-員林,2023-07-27,5381
3189,景碩,23,1,22,第一金-員林,2023-07-27,5381
00645,富邦日本,20,0,20,第一金-員林,2023-07-27,5381
2913,農林,58,38,20,第一金-員林,2023-07-27,5381
5340,建榮,20,0,20,第一金-員林,2023-07-27,5381
5475,德宏,20,0,20,第一金-員林,2023-07-27,5381
00722B,群益投資級電信債,19,0,19,第一金-員林,2023-07-27,5381
8390,金益鼎,31,12,19,第一金-員林,2023-07-27,5381
2356,英業達,21,4,17,第一金-員林,2023-07-27,5381
00679B,元大美債20年,17,0,17,第一金-員林,2023-07-27,5381
00712,復華富時不動產,27,10,17,第一金-員林,2023-07-27,5381
00673R,期元大S＆P原油反1,17,1,16,第一金-員林,2023-07-27,5381
6282,康舒,64,51,13,第一金-員林,2023-07-27,5381
2461,光群雷,13,0,13,第一金-員林,2023-07-27,5381
3205,佰研,13,0,13,第一金-員林,2023-07-27,5381
2884,玉山金,18,6,12,第一金-員林,2023-07-27,5381
8936,國統,12,0,12,第一金-員林,2023-07-27,5381
1342,八貫,14,3,11,第一金-員林,2023-07-27,5381
8234,新漢,13,2,11,第一金-員林,2023-07-27,5381
2892,第一金,11,0,11,第一金-員林,2023-07-27,5381
00740B,富邦全球投等債,10,0,10,第一金-員林,2023-07-27,5381
1504,東元,19,9,10,第一金-員林,2023-07-27,5381
2481,強茂,11,1,10,第一金-員林,2023-07-27,5381
5225,東科-KY,10,0,10,第一金-員林,2023-07-27,5381
6188,廣明,16,6,10,第一金-員林,2023-07-27,5381
6257,矽格,10,0,10,第一金-員林,2023-07-27,5381
2002,中鋼,12,2,10,第一金-員林,2023-07-27,5381
1795,美時,11,2,9,第一金-員林,2023-07-27,5381
1402,遠東新,9,0,9,第一金-員林,2023-07-27,5381
2610,華航,22,13,9,第一金-員林,2023-07-27,5381
4533,協易機,25,16,9,第一金-員林,2023-07-27,5381
5258,虹堡,10,1,9,第一金-員林,2023-07-27,5381
2603,長榮,10,1,9,第一金-員林,2023-07-27,5381
2388,威盛,8,0,8,第一金-員林,2023-07-27,5381
1605,華新,11,4,7,第一金-員林,2023-07-27,5381
2038,海光,7,0,7,第一金-員林,2023-07-27,5381
6405,悅城,8,1,7,第一金-員林,2023-07-27,5381
8409,商之器,7,0,7,第一金-員林,2023-07-27,5381
2301,光寶科,29,23,6,第一金-員林,2023-07-27,5381
00720B,元大投資級公司債,6,0,6,第一金-員林,2023-07-27,5381
00680L,元大美債20正2,414,10,404,第一金-員林,2023-07-28,5381
00929,復華台灣科技優息,218,19,199,第一金-員林,2023-07-28,5381
00679B,元大美債20年,63,0,63,第一金-員林,2023-07-28,5381
2409,友達,66,16,50,第一金-員林,2023-07-28,5381
2104,國際中橡,31,0,31,第一金-員林,2023-07-28,5381
00676R,富邦臺灣加權反1,30,0,30,第一金-員林,2023-07-28,5381
00712,復華富時不動產,30,0,30,第一金-員林,2023-07-28,5381
00720B,元大投資級公司債,30,0,30,第一金-員林,2023-07-28,5381
00753L,中信中國50正2,31,2,29,第一金-員林,2023-07-28,5381
2610,華航,54,25,29,第一金-員林,2023-07-28,5381
00632R,元大台灣50反1,30,2,28,第一金-員林,2023-07-28,5381
3025,星通,31,3,28,第一金-員林,2023-07-28,5381
5706,鳳凰,37,11,26,第一金-員林,2023-07-28,5381
2888,新光金,54,30,24,第一金-員林,2023-07-28,5381
2892,第一金,26,2,24,第一金-員林,2023-07-28,5381
00882,中信中國高股息,22,0,22,第一金-員林,2023-07-28,5381
00751B,元大AAA至A公司債,20,0,20,第一金-員林,2023-07-28,5381
00772B,中信高評級公司債,19,0,19,第一金-員林,2023-07-28,5381
8358,金居,28,9,19,第一金-員林,2023-07-28,5381
2002,中鋼,22,4,18,第一金-員林,2023-07-28,5381
4414,如興,20,4,16,第一金-員林,2023-07-28,5381
2303,聯電,21,6,15,第一金-員林,2023-07-28,5381
2405,輔信,20,5,15,第一金-員林,2023-07-28,5381
2329,華泰,50,36,14,第一金-員林,2023-07-28,5381
00885,富邦越南,20,6,14,第一金-員林,2023-07-28,5381
2027,大成鋼,31,17,14,第一金-員林,2023-07-28,5381
4973,廣穎,14,0,14,第一金-員林,2023-07-28,5381
2317,鴻海,19,6,13,第一金-員林,2023-07-28,5381
3694,海華,13,0,13,第一金-員林,2023-07-28,5381
6117,迎廣,14,1,13,第一金-員林,2023-07-28,5381
2891,中信金,11,0,11,第一金-員林,2023-07-28,5381
2337,旺宏,11,0,11,第一金-員林,2023-07-28,5381
3016,嘉晶,11,0,11,第一金-員林,2023-07-28,5381
6532,瑞耘,11,0,11,第一金-員林,2023-07-28,5381
00687B,國泰20年美債,10,0,10,第一金-員林,2023-07-28,5381
00740B,富邦全球投等債,10,0,10,第一金-員林,2023-07-28,5381
00836B,永豐10年A公司債,10,0,10,第一金-員林,2023-07-28,5381
2393,億光,10,0,10,第一金-員林,2023-07-28,5381
2801,彰銀,10,0,10,第一金-員林,2023-07-28,5381
3006,晶豪科,10,0,10,第一金-員林,2023-07-28,5381
3322,建舜電,10,0,10,第一金-員林,2023-07-28,5381
5225,東科-KY,10,0,10,第一金-員林,2023-07-28,5381
5512,力麒,10,0,10,第一金-員林,2023-07-28,5381
5608,四維航,10,0,10,第一金-員林,2023-07-28,5381
6016,康和證,10,0,10,第一金-員林,2023-07-28,5381
0050,元大台灣50,10,0,10,第一金-員林,2023-07-28,5381
1618,合機,21,12,9,第一金-員林,2023-07-28,5381
3264,欣銓,10,1,9,第一金-員林,2023-07-28,5381
3325,旭品,11,2,9,第一金-員林,2023-07-28,5381
4171,瑞基,14,5,9,第一金-員林,2023-07-28,5381
00680L,元大美債20正2,205,13,192,第一金-員林,2023-07-31,5381
2324,仁寶,80,19,61,第一金-員林,2023-07-31,5381
2913,農林,106,49,57,第一金-員林,2023-07-31,5381
1605,華新,46,7,39,第一金-員林,2023-07-31,5381
1218,泰山,37,0,37,第一金-員林,2023-07-31,5381
3689,湧德,37,1,36,第一金-員林,2023-07-31,5381
1305,華夏,34,0,34,第一金-員林,2023-07-31,5381
3711,日月光投控,51,20,31,第一金-員林,2023-07-31,5381
2317,鴻海,41,10,31,第一金-員林,2023-07-31,5381
2481,強茂,31,2,29,第一金-員林,2023-07-31,5381
00929,復華台灣科技優息,63,35,28,第一金-員林,2023-07-31,5381
1802,台玻,70,42,28,第一金-員林,2023-07-31,5381
2409,友達,33,8,25,第一金-員林,2023-07-31,5381
00679B,元大美債20年,25,0,25,第一金-員林,2023-07-31,5381
00900,富邦特選高股息30,25,2,23,第一金-員林,2023-07-31,5381
5388,中磊,22,0,22,第一金-員林,2023-07-31,5381
6770,力積電,24,3,21,第一金-員林,2023-07-31,5381
3706,神達,30,9,21,第一金-員林,2023-07-31,5381
3231,緯創,31,10,21,第一金-員林,2023-07-31,5381
00878,國泰永續高股息,114,93,21,第一金-員林,2023-07-31,5381
2382,廣達,47,27,20,第一金-員林,2023-07-31,5381
00637L,元大滬深300正2,25,5,20,第一金-員林,2023-07-31,5381
3033,威健,20,0,20,第一金-員林,2023-07-31,5381
4414,如興,22,2,20,第一金-員林,2023-07-31,5381
00712,復華富時不動產,21,4,17,第一金-員林,2023-07-31,5381
2301,光寶科,48,31,17,第一金-員林,2023-07-31,5381
2371,大同,27,11,16,第一金-員林,2023-07-31,5381
3481,群創,34,18,16,第一金-員林,2023-07-31,5381
1316,上曜,15,0,15,第一金-員林,2023-07-31,5381
2812,台中銀,15,0,15,第一金-員林,2023-07-31,5381
3050,鈺德,15,0,15,第一金-員林,2023-07-31,5381
6830,汎銓,15,0,15,第一金-員林,2023-07-31,5381
00720B,元大投資級公司債,14,0,14,第一金-員林,2023-07-31,5381
9927,泰銘,23,9,14,第一金-員林,2023-07-31,5381
3583,辛耘,14,1,13,第一金-員林,2023-07-31,5381
00919,群益台灣精選高息,15,3,12,第一金-員林,2023-07-31,5381
1783,和康生,12,0,12,第一金-員林,2023-07-31,5381
2023,燁輝,11,0,11,第一金-員林,2023-07-31,5381
2402,毅嘉,17,6,11,第一金-員林,2023-07-31,5381
1314,中石化,10,0,10,第一金-員林,2023-07-31,5381
1626,艾美特-KY,10,0,10,第一金-員林,2023-07-31,5381
2002,中鋼,10,0,10,第一金-員林,2023-07-31,5381
2022,聚亨,10,0,10,第一金-員林,2023-07-31,5381
2104,國際中橡,10,0,10,第一金-員林,2023-07-31,5381
2327,國巨,10,0,10,第一金-員林,2023-07-31,5381
2748,雲品,11,1,10,第一金-員林,2023-07-31,5381
3062,建漢,10,0,10,第一金-員林,2023-07-31,5381
5225,東科-KY,10,0,10,第一金-員林,2023-07-31,5381
9105,泰金寶-DR,10,0,10,第一金-員林,2023-07-31,5381
2352,佳世達,9,0,9,第一金-員林,2023-07-31,5381
2887,台新金,298,5,293,第一金-員林,2023-08-01,5381
3033,威健,111,0,111,第一金-員林,2023-08-01,5381
00885,富邦越南,58,3,55,第一金-員林,2023-08-01,5381
00632R,元大台灣50反1,50,0,50,第一金-員林,2023-08-01,5381
3025,星通,45,6,39,第一金-員林,2023-08-01,5381
2892,第一金,32,1,31,第一金-員林,2023-08-01,5381
00688L,國泰20年美債正2,30,0,30,第一金-員林,2023-08-01,5381
2884,玉山金,30,0,30,第一金-員林,2023-08-01,5381
4414,如興,25,0,25,第一金-員林,2023-08-01,5381
0056,元大高股息,25,2,23,第一金-員林,2023-08-01,5381
00929,復華台灣科技優息,33,10,23,第一金-員林,2023-08-01,5381
00680L,元大美債20正2,25,4,21,第一金-員林,2023-08-01,5381
5388,中磊,62,42,20,第一金-員林,2023-08-01,5381
1626,艾美特-KY,20,0,20,第一金-員林,2023-08-01,5381
2324,仁寶,20,0,20,第一金-員林,2023-08-01,5381
2376,技嘉,22,5,17,第一金-員林,2023-08-01,5381
00878,國泰永續高股息,85,70,15,第一金-員林,2023-08-01,5381
2022,聚亨,15,0,15,第一金-員林,2023-08-01,5381
2883,凱基金,15,0,15,第一金-員林,2023-08-01,5381
1504,東元,16,1,15,第一金-員林,2023-08-01,5381
00919,群益台灣精選高息,18,4,14,第一金-員林,2023-08-01,5381
6218,豪勉,14,2,12,第一金-員林,2023-08-01,5381
8028,昇陽半導體,12,0,12,第一金-員林,2023-08-01,5381
3583,辛耘,13,2,11,第一金-員林,2023-08-01,5381
1815,富喬,15,5,10,第一金-員林,2023-08-01,5381
2323,中環,10,0,10,第一金-員林,2023-08-01,5381
2610,華航,13,3,10,第一金-員林,2023-08-01,5381
4173,久裕,10,0,10,第一金-員林,2023-08-01,5381
5225,東科-KY,10,0,10,第一金-員林,2023-08-01,5381
9105,泰金寶-DR,20,10,10,第一金-員林,2023-08-01,5381
6174,安��,9,0,9,第一金-員林,2023-08-01,5381
6282,康舒,29,20,9,第一金-員林,2023-08-01,5381
2344,華邦電,13,5,8,第一金-員林,2023-08-01,5381
1402,遠東新,8,0,8,第一金-員林,2023-08-01,5381
3044,健鼎,13,5,8,第一金-員林,2023-08-01,5381
9103,美德醫療-DR,8,0,8,第一金-員林,2023-08-01,5381
2352,佳世達,10,2,8,第一金-員林,2023-08-01,5381
4919,新唐,8,1,7,第一金-員林,2023-08-01,5381
1905,華紙,22,15,7,第一金-員林,2023-08-01,5381
3037,欣興,10,3,7,第一金-員林,2023-08-01,5381
1514,亞力,8,1,7,第一金-員林,2023-08-01,5381
2353,宏��,13,6,7,第一金-員林,2023-08-01,5381
2401,凌陽,11,4,7,第一金-員林,2023-08-01,5381
2436,偉詮電,7,0,7,第一金-員林,2023-08-01,5381
2812,台中銀,7,0,7,第一金-員林,2023-08-01,5381
3105,穩懋,10,3,7,第一金-員林,2023-08-01,5381
3706,神達,11,4,7,第一金-員林,2023-08-01,5381
4989,榮科,7,0,7,第一金-員林,2023-08-01,5381
5864,致和證,15,8,7,第一金-員林,2023-08-01,5381
8070,長華*,7,0,7,第一金-員林,2023-08-01,5381
00878,國泰永續高股息,171,62,109,第一金-員林,2023-08-02,5381
9105,泰金寶-DR,90,0,90,第一金-員林,2023-08-02,5381
00680L,元大美債20正2,82,0,82,第一金-員林,2023-08-02,5381
2402,毅嘉,128,50,78,第一金-員林,2023-08-02,5381
2323,中環,74,0,74,第一金-員林,2023-08-02,5381
00923,群益台ESG低碳50,70,0,70,第一金-員林,2023-08-02,5381
2888,新光金,66,0,66,第一金-員林,2023-08-02,5381
00900,富邦特選高股息30,65,1,64,第一金-員林,2023-08-02,5381
00929,復華台灣科技優息,61,2,59,第一金-員林,2023-08-02,5381
2892,第一金,47,0,47,第一金-員林,2023-08-02,5381
00632R,元大台灣50反1,50,3,47,第一金-員林,2023-08-02,5381
00720B,元大投資級公司債,43,0,43,第一金-員林,2023-08-02,5381
2359,所羅門,43,1,42,第一金-員林,2023-08-02,5381
3231,緯創,62,21,41,第一金-員林,2023-08-02,5381
00740B,富邦全球投等債,40,0,40,第一金-員林,2023-08-02,5381
00753L,中信中國50正2,34,1,33,第一金-員林,2023-08-02,5381
2317,鴻海,36,5,31,第一金-員林,2023-08-02,5381
3711,日月光投控,56,25,31,第一金-員林,2023-08-02,5381
00650L,復華香港正2,31,0,31,第一金-員林,2023-08-02,5381
00679B,元大美債20年,32,2,30,第一金-員林,2023-08-02,5381
00665L,富邦�琤肭磪囓�2,40,10,30,第一金-員林,2023-08-02,5381
2408,南亞科,30,0,30,第一金-員林,2023-08-02,5381
00885,富邦越南,28,0,28,第一金-員林,2023-08-02,5381
2374,佳能,28,0,28,第一金-員林,2023-08-02,5381
3706,神達,35,7,28,第一金-員林,2023-08-02,5381
00881,國泰台灣5G+,26,0,26,第一金-員林,2023-08-02,5381
2312,金寶,26,0,26,第一金-員林,2023-08-02,5381
1609,大亞,56,31,25,第一金-員林,2023-08-02,5381
3481,群創,63,39,24,第一金-員林,2023-08-02,5381
2308,台達電,25,3,22,第一金-員林,2023-08-02,5381
2498,宏達電,23,1,22,第一金-員林,2023-08-02,5381
2884,玉山金,27,5,22,第一金-員林,2023-08-02,5381
00637L,元大滬深300正2,21,0,21,第一金-員林,2023-08-02,5381
2801,彰銀,21,0,21,第一金-員林,2023-08-02,5381
00773B,中信優先金融債,20,0,20,第一金-員林,2023-08-02,5381
00688L,國泰20年美債正2,20,0,20,第一金-員林,2023-08-02,5381
4414,如興,20,0,20,第一金-員林,2023-08-02,5381
6282,康舒,31,13,18,第一金-員林,2023-08-02,5381
6153,嘉聯益,21,3,18,第一金-員林,2023-08-02,5381
2002,中鋼,18,0,18,第一金-員林,2023-08-02,5381
00687B,國泰20年美債,17,0,17,第一金-員林,2023-08-02,5381
1605,華新,110,93,17,第一金-員林,2023-08-02,5381
4536,拓凱,17,0,17,第一金-員林,2023-08-02,5381
1319,東陽,17,1,16,第一金-員林,2023-08-02,5381
2633,台灣高鐵,16,0,16,第一金-員林,2023-08-02,5381
2354,鴻準,15,0,15,第一金-員林,2023-08-02,5381
00772B,中信高評級公司債,15,0,15,第一金-員林,2023-08-02,5381
3021,鴻名,15,0,15,第一金-員林,2023-08-02,5381
6174,安��,15,0,15,第一金-員林,2023-08-02,5381
3025,星通,15,1,14,第一金-員林,2023-08-02,5381
00687B,國泰20年美債,202,0,202,第一金-員林,2023-08-04,5381
00688L,國泰20年美債正2,133,0,133,第一金-員林,2023-08-04,5381
00680L,元大美債20正2,122,0,122,第一金-員林,2023-08-04,5381
2891,中信金,140,19,121,第一金-員林,2023-08-04,5381
00632R,元大台灣50反1,140,50,90,第一金-員林,2023-08-04,5381
2888,新光金,90,0,90,第一金-員林,2023-08-04,5381
00679B,元大美債20年,84,3,81,第一金-員林,2023-08-04,5381
2882,國泰金,50,0,50,第一金-員林,2023-08-04,5381
00929,復華台灣科技優息,49,0,49,第一金-員林,2023-08-04,5381
3025,星通,50,6,44,第一金-員林,2023-08-04,5381
6770,力積電,50,10,40,第一金-員林,2023-08-04,5381
4906,正文,40,3,37,第一金-員林,2023-08-04,5381
2481,強茂,35,0,35,第一金-員林,2023-08-04,5381
1609,大亞,58,25,33,第一金-員林,2023-08-04,5381
00640L,富邦日本正2,32,0,32,第一金-員林,2023-08-04,5381
5225,東科-KY,30,0,30,第一金-員林,2023-08-04,5381
00712,復華富時不動產,25,0,25,第一金-員林,2023-08-04,5381
9910,豐泰,27,2,25,第一金-員林,2023-08-04,5381
00772B,中信高評級公司債,24,0,24,第一金-員林,2023-08-04,5381
2014,中鴻,31,7,24,第一金-員林,2023-08-04,5381
00751B,元大AAA至A公司債,24,0,24,第一金-員林,2023-08-04,5381
2009,第一銅,23,0,23,第一金-員林,2023-08-04,5381
9105,泰金寶-DR,21,0,21,第一金-員林,2023-08-04,5381
00720B,元大投資級公司債,21,0,21,第一金-員林,2023-08-04,5381
1605,華新,33,15,18,第一金-員林,2023-08-04,5381
00923,群益台ESG低碳50,16,0,16,第一金-員林,2023-08-04,5381
2344,華邦電,26,10,16,第一金-員林,2023-08-04,5381
2382,廣達,37,21,16,第一金-員林,2023-08-04,5381
00878,國泰永續高股息,48,34,14,第一金-員林,2023-08-04,5381
2880,華南金,14,0,14,第一金-員林,2023-08-04,5381
4113,聯上,14,0,14,第一金-員林,2023-08-04,5381
3706,神達,14,1,13,第一金-員林,2023-08-04,5381
00740B,富邦全球投等債,12,0,12,第一金-員林,2023-08-04,5381
00773B,中信優先金融債,12,0,12,第一金-員林,2023-08-04,5381
2022,聚亨,12,0,12,第一金-員林,2023-08-04,5381
2892,第一金,12,0,12,第一金-員林,2023-08-04,5381
00907,永豐優息存股,11,0,11,第一金-員林,2023-08-04,5381
2359,所羅門,11,0,11,第一金-員林,2023-08-04,5381
8215,明基材,13,2,11,第一金-員林,2023-08-04,5381
6282,康舒,17,6,11,第一金-員林,2023-08-04,5381
3231,緯創,45,34,11,第一金-員林,2023-08-04,5381
6182,合晶,10,0,10,第一金-員林,2023-08-04,5381
1313,聯成,10,0,10,第一金-員林,2023-08-04,5381
1316,上曜,10,0,10,第一金-員林,2023-08-04,5381
1519,華城,17,7,10,第一金-員林,2023-08-04,5381
2913,農林,96,86,10,第一金-員林,2023-08-04,5381
3021,鴻名,10,0,10,第一金-員林,2023-08-04,5381
3024,憶聲,10,0,10,第一金-員林,2023-08-04,5381
6160,欣技,10,0,10,第一金-員林,2023-08-04,5381
6532,瑞耘,10,0,10,第一金-員林,2023-08-04,5381
00664R,國泰臺灣加權反1,109,0,109,第一金-員林,2023-08-07,5381
2891,中信金,109,0,109,第一金-員林,2023-08-07,5381
00632R,元大台灣50反1,101,0,101,第一金-員林,2023-08-07,5381
00753L,中信中國50正2,81,0,81,第一金-員林,2023-08-07,5381
00715L,期街口布蘭特正2,77,0,77,第一金-員林,2023-08-07,5381
00929,復華台灣科技優息,82,14,68,第一金-員林,2023-08-07,5381
00931B,統一美債20年,82,20,62,第一金-員林,2023-08-07,5381
9105,泰金寶-DR,60,0,60,第一金-員林,2023-08-07,5381
2913,農林,55,11,44,第一金-員林,2023-08-07,5381
00878,國泰永續高股息,45,7,38,第一金-員林,2023-08-07,5381
2464,盟立,31,0,31,第一金-員林,2023-08-07,5381
2353,宏��,33,4,29,第一金-員林,2023-08-07,5381
3044,健鼎,25,3,22,第一金-員林,2023-08-07,5381
00712,復華富時不動產,20,0,20,第一金-員林,2023-08-07,5381
00900,富邦特選高股息30,20,0,20,第一金-員林,2023-08-07,5381
1714,和桐,20,0,20,第一金-員林,2023-08-07,5381
00919,群益台灣精選高息,19,0,19,第一金-員林,2023-08-07,5381
3321,同泰,17,0,17,第一金-員林,2023-08-07,5381
2352,佳世達,16,4,12,第一金-員林,2023-08-07,5381
2425,承啟,12,0,12,第一金-員林,2023-08-07,5381
2458,義隆,13,2,11,第一金-員林,2023-08-07,5381
8096,擎亞,11,0,11,第一金-員林,2023-08-07,5381
8390,金益鼎,11,0,11,第一金-員林,2023-08-07,5381
5225,東科-KY,10,0,10,第一金-員林,2023-08-07,5381
5340,建榮,11,1,10,第一金-員林,2023-08-07,5381
6285,啟��,15,5,10,第一金-員林,2023-08-07,5381
00679B,元大美債20年,14,5,9,第一金-員林,2023-08-07,5381
3715,定穎投控,11,2,9,第一金-員林,2023-08-07,5381
4942,嘉彰,9,0,9,第一金-員林,2023-08-07,5381
2888,新光金,10,2,8,第一金-員林,2023-08-07,5381
2329,華泰,14,6,8,第一金-員林,2023-08-07,5381
3013,晟銘電,26,18,8,第一金-員林,2023-08-07,5381
3049,精金,8,0,8,第一金-員林,2023-08-07,5381
4207,環泰,10,2,8,第一金-員林,2023-08-07,5381
4566,時碩工業,8,0,8,第一金-員林,2023-08-07,5381
2002,中鋼,10,2,8,第一金-員林,2023-08-07,5381
2344,華邦電,10,3,7,第一金-員林,2023-08-07,5381
2382,廣達,25,18,7,第一金-員林,2023-08-07,5381
3008,大立光,7,0,7,第一金-員林,2023-08-07,5381
6143,振曜,7,0,7,第一金-員林,2023-08-07,5381
6274,台燿,21,14,7,第一金-員林,2023-08-07,5381
1609,大亞,6,0,6,第一金-員林,2023-08-07,5381
4129,聯合,7,1,6,第一金-員林,2023-08-07,5381
3207,耀勝,7,1,6,第一金-員林,2023-08-07,5381
1815,富喬,6,0,6,第一金-員林,2023-08-07,5381
00881,國泰台灣5G+,5,0,5,第一金-員林,2023-08-07,5381
1532,勤美,5,0,5,第一金-員林,2023-08-07,5381
1616,億泰,5,0,5,第一金-員林,2023-08-07,5381
1711,永光,5,0,5,第一金-員林,2023-08-07,5381
2201,裕隆,5,0,5,第一金-員林,2023-08-07,5381
00632R,元大台灣50反1,50,0,50,第一金-員林,2023-08-08,5381
3231,緯創,80,43,37,第一金-員林,2023-08-08,5381
0056,元大高股息,39,4,35,第一金-員林,2023-08-08,5381
00929,復華台灣科技優息,35,0,35,第一金-員林,2023-08-08,5381
00900,富邦特選高股息30,35,3,32,第一金-員林,2023-08-08,5381
2402,毅嘉,44,13,31,第一金-員林,2023-08-08,5381
4114,健喬,27,1,26,第一金-員林,2023-08-08,5381
1616,億泰,28,3,25,第一金-員林,2023-08-08,5381
2356,英業達,42,18,24,第一金-員林,2023-08-08,5381
3056,富華新,23,0,23,第一金-員林,2023-08-08,5381
00923,群益台ESG低碳50,20,0,20,第一金-員林,2023-08-08,5381
00665L,富邦�琤肭磪囓�2,20,0,20,第一金-員林,2023-08-08,5381
1605,華新,28,8,20,第一金-員林,2023-08-08,5381
00878,國泰永續高股息,24,6,18,第一金-員林,2023-08-08,5381
2888,新光金,21,3,18,第一金-員林,2023-08-08,5381
2892,第一金,19,2,17,第一金-員林,2023-08-08,5381
3706,神達,20,3,17,第一金-員林,2023-08-08,5381
2002,中鋼,17,2,15,第一金-員林,2023-08-08,5381
00673R,期元大S＆P原油反1,15,0,15,第一金-員林,2023-08-08,5381
2454,聯發科,16,2,14,第一金-員林,2023-08-08,5381
00931B,統一美債20年,14,0,14,第一金-員林,2023-08-08,5381
2880,華南金,14,0,14,第一金-員林,2023-08-08,5381
1609,大亞,16,4,12,第一金-員林,2023-08-08,5381
3047,訊舟,12,0,12,第一金-員林,2023-08-08,5381
2634,漢翔,24,13,11,第一金-員林,2023-08-08,5381
3714,富采,10,0,10,第一金-員林,2023-08-08,5381
00650L,復華香港正2,10,0,10,第一金-員林,2023-08-08,5381
1618,合機,10,0,10,第一金-員林,2023-08-08,5381
2022,聚亨,10,0,10,第一金-員林,2023-08-08,5381
2354,鴻準,10,0,10,第一金-員林,2023-08-08,5381
3037,欣興,14,4,10,第一金-員林,2023-08-08,5381
8215,明基材,10,0,10,第一金-員林,2023-08-08,5381
8936,國統,14,4,10,第一金-員林,2023-08-08,5381
00919,群益台灣精選高息,10,1,9,第一金-員林,2023-08-08,5381
2352,佳世達,10,1,9,第一金-員林,2023-08-08,5381
9105,泰金寶-DR,10,1,9,第一金-員林,2023-08-08,5381
2382,廣達,39,30,9,第一金-員林,2023-08-08,5381
9910,豐泰,8,0,8,第一金-員林,2023-08-08,5381
2303,聯電,8,0,8,第一金-員林,2023-08-08,5381
2462,良得電,8,0,8,第一金-員林,2023-08-08,5381
2885,元大金,10,2,8,第一金-員林,2023-08-08,5381
00706L,期元大S＆P日圓正2,7,0,7,第一金-員林,2023-08-08,5381
2337,旺宏,7,0,7,第一金-員林,2023-08-08,5381
3036,文曄,7,0,7,第一金-員林,2023-08-08,5381
3518,柏騰,7,0,7,第一金-員林,2023-08-08,5381
4916,事欣科,11,4,7,第一金-員林,2023-08-08,5381
5203,訊連,7,0,7,第一金-員林,2023-08-08,5381
8050,廣積,7,0,7,第一金-員林,2023-08-08,5381
2014,中鴻,6,0,6,第一金-員林,2023-08-08,5381
6706,惠特,6,0,6,第一金-員林,2023-08-08,5381
2027,大成鋼,100,0,100,第一金-員林,2023-08-09,5381
9105,泰金寶-DR,100,1,99,第一金-員林,2023-08-09,5381
00900,富邦特選高股息30,71,0,71,第一金-員林,2023-08-09,5381
00795B,中信美國公債20年,50,0,50,第一金-員林,2023-08-09,5381
2913,農林,56,14,42,第一金-員林,2023-08-09,5381
2801,彰銀,30,0,30,第一金-員林,2023-08-09,5381
00632R,元大台灣50反1,50,20,30,第一金-員林,2023-08-09,5381
1417,嘉裕,30,0,30,第一金-員林,2023-08-09,5381
00929,復華台灣科技優息,27,0,27,第一金-員林,2023-08-09,5381
5864,致和證,22,0,22,第一金-員林,2023-08-09,5381
00885,富邦越南,20,0,20,第一金-員林,2023-08-09,5381
2888,新光金,20,0,20,第一金-員林,2023-08-09,5381
3231,緯創,65,45,20,第一金-員林,2023-08-09,5381
00878,國泰永續高股息,22,3,19,第一金-員林,2023-08-09,5381
8930,青鋼,21,4,17,第一金-員林,2023-08-09,5381
2371,大同,20,4,16,第一金-員林,2023-08-09,5381
3044,健鼎,45,29,16,第一金-員林,2023-08-09,5381
3592,瑞鼎,15,0,15,第一金-員林,2023-08-09,5381
1605,華新,15,1,14,第一金-員林,2023-08-09,5381
2356,英業達,55,42,13,第一金-員林,2023-08-09,5381
2201,裕隆,14,2,12,第一金-員林,2023-08-09,5381
2353,宏��,17,5,12,第一金-員林,2023-08-09,5381
2359,所羅門,12,0,12,第一金-員林,2023-08-09,5381
3564,其陽,12,0,12,第一金-員林,2023-08-09,5381
1618,合機,11,0,11,第一金-員林,2023-08-09,5381
1905,華紙,26,15,11,第一金-員林,2023-08-09,5381
2002,中鋼,11,0,11,第一金-員林,2023-08-09,5381
9907,統一實,11,0,11,第一金-員林,2023-08-09,5381
2834,臺企銀,11,0,11,第一金-員林,2023-08-09,5381
00772B,中信高評級公司債,10,0,10,第一金-員林,2023-08-09,5381
2022,聚亨,10,0,10,第一金-員林,2023-08-09,5381
2409,友達,10,0,10,第一金-員林,2023-08-09,5381
6284,佳邦,10,0,10,第一金-員林,2023-08-09,5381
2881,富邦金,10,0,10,第一金-員林,2023-08-09,5381
2520,冠德,9,0,9,第一金-員林,2023-08-09,5381
00680L,元大美債20正2,8,0,8,第一金-員林,2023-08-09,5381
2915,潤泰全,8,0,8,第一金-員林,2023-08-09,5381
4707,磐亞,8,0,8,第一金-員林,2023-08-09,5381
9910,豐泰,7,0,7,第一金-員林,2023-08-09,5381
2609,陽明,9,2,7,第一金-員林,2023-08-09,5381
3207,耀勝,7,0,7,第一金-員林,2023-08-09,5381
6120,達運,7,0,7,第一金-員林,2023-08-09,5381
911622,泰聚亨-DR,7,0,7,第一金-員林,2023-08-09,5381
2357,華碩,9,2,7,第一金-員林,2023-08-09,5381
2303,聯電,6,0,6,第一金-員林,2023-08-09,5381
3206,志豐,6,0,6,第一金-員林,2023-08-09,5381
3494,誠研,7,1,6,第一金-員林,2023-08-09,5381
6689,伊雲谷,6,0,6,第一金-員林,2023-08-09,5381
8076,伍豐,6,0,6,第一金-員林,2023-08-09,5381
2882,國泰金,7,1,6,第一金-員林,2023-08-09,5381
9105,泰金寶-DR,215,0,215,第一金-員林,2023-08-10,5381
00929,復華台灣科技優息,88,0,88,第一金-員林,2023-08-10,5381
00637L,元大滬深300正2,70,0,70,第一金-員林,2023-08-10,5381
00931B,統一美債20年,71,6,65,第一金-員林,2023-08-10,5381
00900,富邦特選高股息30,83,29,54,第一金-員林,2023-08-10,5381
00632R,元大台灣50反1,50,3,47,第一金-員林,2023-08-10,5381
4533,協易機,51,5,46,第一金-員林,2023-08-10,5381
2323,中環,45,9,36,第一金-員林,2023-08-10,5381
8046,南電,32,0,32,第一金-員林,2023-08-10,5381
00645,富邦日本,30,0,30,第一金-員林,2023-08-10,5381
3481,群創,41,13,28,第一金-員林,2023-08-10,5381
2409,友達,29,1,28,第一金-員林,2023-08-10,5381
3231,緯創,49,22,27,第一金-員林,2023-08-10,5381
00923,群益台ESG低碳50,25,0,25,第一金-員林,2023-08-10,5381
1626,艾美特-KY,21,0,21,第一金-員林,2023-08-10,5381
2610,華航,52,31,21,第一金-員林,2023-08-10,5381
00878,國泰永續高股息,78,58,20,第一金-員林,2023-08-10,5381
3033,威健,19,0,19,第一金-員林,2023-08-10,5381
2354,鴻準,17,0,17,第一金-員林,2023-08-10,5381
00772B,中信高評級公司債,16,0,16,第一金-員林,2023-08-10,5381
1802,台玻,18,2,16,第一金-員林,2023-08-10,5381
2449,京元電子,17,1,16,第一金-員林,2023-08-10,5381
2382,廣達,24,10,14,第一金-員林,2023-08-10,5381
9914,美利達,14,0,14,第一金-員林,2023-08-10,5381
3714,富采,13,0,13,第一金-員林,2023-08-10,5381
00679B,元大美債20年,14,1,13,第一金-員林,2023-08-10,5381
00882,中信中國高股息,13,0,13,第一金-員林,2023-08-10,5381
1504,東元,17,5,12,第一金-員林,2023-08-10,5381
6282,康舒,13,1,12,第一金-員林,2023-08-10,5381
2886,兆豐金,12,0,12,第一金-員林,2023-08-10,5381
2344,華邦電,12,0,12,第一金-員林,2023-08-10,5381
2359,所羅門,13,1,12,第一金-員林,2023-08-10,5381
00919,群益台灣精選高息,12,0,12,第一金-員林,2023-08-10,5381
2206,三陽工業,11,1,10,第一金-員林,2023-08-10,5381
0050,元大台灣50,10,0,10,第一金-員林,2023-08-10,5381
1218,泰山,10,0,10,第一金-員林,2023-08-10,5381
2022,聚亨,10,0,10,第一金-員林,2023-08-10,5381
2489,瑞軒,10,0,10,第一金-員林,2023-08-10,5381
2615,萬海,11,1,10,第一金-員林,2023-08-10,5381
4958,臻鼎-KY,14,4,10,第一金-員林,2023-08-10,5381
6174,安��,10,0,10,第一金-員林,2023-08-10,5381
6461,益得,10,0,10,第一金-員林,2023-08-10,5381
3056,富華新,11,1,10,第一金-員林,2023-08-10,5381
2002,中鋼,11,2,9,第一金-員林,2023-08-10,5381
2023,燁輝,9,0,9,第一金-員林,2023-08-10,5381
1905,華紙,23,14,9,第一金-員林,2023-08-10,5381
2892,第一金,14,6,8,第一金-員林,2023-08-10,5381
1101,台泥,10,2,8,第一金-員林,2023-08-10,5381
3032,偉訓,11,3,8,第一金-員林,2023-08-10,5381
6125,廣運,16,8,8,第一金-員林,2023-08-10,5381
9105,泰金寶-DR,232,0,232,第一金-員林,2023-08-11,5381
2027,大成鋼,107,0,107,第一金-員林,2023-08-11,5381
00931B,統一美債20年,104,0,104,第一金-員林,2023-08-11,5381
2892,第一金,80,0,80,第一金-員林,2023-08-11,5381
00688L,國泰20年美債正2,50,0,50,第一金-員林,2023-08-11,5381
00772B,中信高評級公司債,45,0,45,第一金-員林,2023-08-11,5381
00878,國泰永續高股息,43,1,42,第一金-員林,2023-08-11,5381
00637L,元大滬深300正2,40,0,40,第一金-員林,2023-08-11,5381
2888,新光金,26,0,26,第一金-員林,2023-08-11,5381
00882,中信中國高股息,24,0,24,第一金-員林,2023-08-11,5381
00929,復華台灣科技優息,22,0,22,第一金-員林,2023-08-11,5381
2206,三陽工業,21,0,21,第一金-員林,2023-08-11,5381
00665L,富邦�琤肭磪囓�2,20,0,20,第一金-員林,2023-08-11,5381
2327,國巨,20,0,20,第一金-員林,2023-08-11,5381
2801,彰銀,19,0,19,第一金-員林,2023-08-11,5381
3481,群創,20,3,17,第一金-員林,2023-08-11,5381
2353,宏��,22,5,17,第一金-員林,2023-08-11,5381
1905,華紙,21,5,16,第一金-員林,2023-08-11,5381
00923,群益台ESG低碳50,16,0,16,第一金-員林,2023-08-11,5381
00900,富邦特選高股息30,16,0,16,第一金-員林,2023-08-11,5381
00773B,中信優先金融債,15,0,15,第一金-員林,2023-08-11,5381
3711,日月光投控,31,16,15,第一金-員林,2023-08-11,5381
4566,時碩工業,15,0,15,第一金-員林,2023-08-11,5381
2356,英業達,40,26,14,第一金-員林,2023-08-11,5381
00706L,期元大S＆P日圓正2,12,0,12,第一金-員林,2023-08-11,5381
00673R,期元大S＆P原油反1,12,0,12,第一金-員林,2023-08-11,5381
2913,農林,20,8,12,第一金-員林,2023-08-11,5381
4707,磐亞,12,0,12,第一金-員林,2023-08-11,5381
6188,廣明,16,4,12,第一金-員林,2023-08-11,5381
3714,富采,11,0,11,第一金-員林,2023-08-11,5381
00633L,富邦上証正2,11,0,11,第一金-員林,2023-08-11,5381
1605,華新,17,6,11,第一金-員林,2023-08-11,5381
2520,冠德,11,0,11,第一金-員林,2023-08-11,5381
6770,力積電,19,9,10,第一金-員林,2023-08-11,5381
1316,上曜,10,0,10,第一金-員林,2023-08-11,5381
1609,大亞,12,2,10,第一金-員林,2023-08-11,5381
00655L,國泰中國A50正2,10,0,10,第一金-員林,2023-08-11,5381
2337,旺宏,10,0,10,第一金-員林,2023-08-11,5381
2449,京元電子,10,0,10,第一金-員林,2023-08-11,5381
2820,華票,10,0,10,第一金-員林,2023-08-11,5381
5009,榮剛,10,0,10,第一金-員林,2023-08-11,5381
6116,彩晶,10,0,10,第一金-員林,2023-08-11,5381
1802,台玻,22,13,9,第一金-員林,2023-08-11,5381
00687B,國泰20年美債,8,0,8,第一金-員林,2023-08-11,5381
2204,中華,8,0,8,第一金-員林,2023-08-11,5381
2351,順德,10,2,8,第一金-員林,2023-08-11,5381
2618,長榮航,83,75,8,第一金-員林,2023-08-11,5381
2883,凱基金,7,0,7,第一金-員林,2023-08-11,5381
4142,國光生,7,0,7,第一金-員林,2023-08-11,5381
5328,華容,7,0,7,第一金-員林,2023-08-11,5381
2344,華邦電,300,43,257,第一金-員林,2023-08-14,5381
00680L,元大美債20正2,157,0,157,第一金-員林,2023-08-14,5381
00715L,期街口布蘭特正2,104,14,90,第一金-員林,2023-08-14,5381
00929,復華台灣科技優息,89,2,87,第一金-員林,2023-08-14,5381
00900,富邦特選高股息30,77,0,77,第一金-員林,2023-08-14,5381
9105,泰金寶-DR,64,0,64,第一金-員林,2023-08-14,5381
2330,台積電,48,3,45,第一金-員林,2023-08-14,5381
2882,國泰金,43,0,43,第一金-員林,2023-08-14,5381
5210,寶碩,42,0,42,第一金-員林,2023-08-14,5381
00878,國泰永續高股息,42,7,35,第一金-員林,2023-08-14,5381
2867,三商壽,34,0,34,第一金-員林,2023-08-14,5381
00931B,統一美債20年,31,0,31,第一金-員林,2023-08-14,5381
3481,群創,28,0,28,第一金-員林,2023-08-14,5381
3231,緯創,41,15,26,第一金-員林,2023-08-14,5381
0056,元大高股息,26,1,25,第一金-員林,2023-08-14,5381
2014,中鴻,31,6,25,第一金-員林,2023-08-14,5381
1605,華新,32,10,22,第一金-員林,2023-08-14,5381
9921,巨大,20,0,20,第一金-員林,2023-08-14,5381
8109,博大,19,0,19,第一金-員林,2023-08-14,5381
2892,第一金,24,5,19,第一金-員林,2023-08-14,5381
2206,三陽工業,27,10,17,第一金-員林,2023-08-14,5381
1313,聯成,16,0,16,第一金-員林,2023-08-14,5381
9910,豐泰,15,0,15,第一金-員林,2023-08-14,5381
2851,中再保,15,0,15,第一金-員林,2023-08-14,5381
2891,中信金,21,6,15,第一金-員林,2023-08-14,5381
2002,中鋼,15,0,15,第一金-員林,2023-08-14,5381
3049,精金,12,0,12,第一金-員林,2023-08-14,5381
4114,健喬,12,0,12,第一金-員林,2023-08-14,5381
2520,冠德,11,0,11,第一金-員林,2023-08-14,5381
3622,洋華,12,1,11,第一金-員林,2023-08-14,5381
2885,元大金,10,0,10,第一金-員林,2023-08-14,5381
00673R,期元大S＆P原油反1,10,0,10,第一金-員林,2023-08-14,5381
1432,大魯閣,10,0,10,第一金-員林,2023-08-14,5381
2354,鴻準,10,0,10,第一金-員林,2023-08-14,5381
2610,華航,45,35,10,第一金-員林,2023-08-14,5381
3607,谷崧,10,0,10,第一金-員林,2023-08-14,5381
5014,建錩,10,0,10,第一金-員林,2023-08-14,5381
6174,安��,10,0,10,第一金-員林,2023-08-14,5381
2884,玉山金,11,2,9,第一金-員林,2023-08-14,5381
00882,中信中國高股息,20,11,9,第一金-員林,2023-08-14,5381
1905,華紙,22,13,9,第一金-員林,2023-08-14,5381
2812,台中銀,9,0,9,第一金-員林,2023-08-14,5381
2883,凱基金,9,0,9,第一金-員林,2023-08-14,5381
2888,新光金,14,5,9,第一金-員林,2023-08-14,5381
6125,廣運,25,16,9,第一金-員林,2023-08-14,5381
4123,晟德,8,0,8,第一金-員林,2023-08-14,5381
2201,裕隆,9,1,8,第一金-員林,2023-08-14,5381
00751B,元大AAA至A公司債,8,0,8,第一金-員林,2023-08-14,5381
6177,達麗,8,0,8,第一金-員林,2023-08-14,5381
0050,元大台灣50,8,0,8,第一金-員林,2023-08-14,5381
00632R,元大台灣50反1,150,0,150,第一金-員林,2023-08-15,5381
00929,復華台灣科技優息,110,1,109,第一金-員林,2023-08-15,5381
2014,中鴻,100,0,100,第一金-員林,2023-08-15,5381
00923,群益台ESG低碳50,65,0,65,第一金-員林,2023-08-15,5381
2317,鴻海,50,0,50,第一金-員林,2023-08-15,5381
2109,華豐,40,0,40,第一金-員林,2023-08-15,5381
2884,玉山金,32,0,32,第一金-員林,2023-08-15,5381
1802,台玻,28,0,28,第一金-員林,2023-08-15,5381
2363,矽統,80,53,27,第一金-員林,2023-08-15,5381
2892,第一金,26,0,26,第一金-員林,2023-08-15,5381
00931B,統一美債20年,25,0,25,第一金-員林,2023-08-15,5381
9103,美德醫療-DR,25,0,25,第一金-員林,2023-08-15,5381
00882,中信中國高股息,24,0,24,第一金-員林,2023-08-15,5381
3481,群創,35,11,24,第一金-員林,2023-08-15,5381
2801,彰銀,22,0,22,第一金-員林,2023-08-15,5381
3714,富采,21,0,21,第一金-員林,2023-08-15,5381
00878,國泰永續高股息,21,1,20,第一金-員林,2023-08-15,5381
00905,FT臺灣Smart,20,0,20,第一金-員林,2023-08-15,5381
00633L,富邦上証正2,20,0,20,第一金-員林,2023-08-15,5381
1815,富喬,20,0,20,第一金-員林,2023-08-15,5381
2520,冠德,16,0,16,第一金-員林,2023-08-15,5381
00772B,中信高評級公司債,15,0,15,第一金-員林,2023-08-15,5381
3711,日月光投控,60,45,15,第一金-員林,2023-08-15,5381
00706L,期元大S＆P日圓正2,13,0,13,第一金-員林,2023-08-15,5381
2206,三陽工業,17,4,13,第一金-員林,2023-08-15,5381
2337,旺宏,15,2,13,第一金-員林,2023-08-15,5381
00712,復華富時不動產,12,0,12,第一金-員林,2023-08-15,5381
3035,智原,15,3,12,第一金-員林,2023-08-15,5381
00637L,元大滬深300正2,11,0,11,第一金-員林,2023-08-15,5381
9921,巨大,10,0,10,第一金-員林,2023-08-15,5381
00665L,富邦�琤肭磪囓�2,10,0,10,第一金-員林,2023-08-15,5381
00655L,國泰中國A50正2,10,0,10,第一金-員林,2023-08-15,5381
00650L,復華香港正2,10,0,10,第一金-員林,2023-08-15,5381
2104,國際中橡,10,0,10,第一金-員林,2023-08-15,5381
2543,皇昌,10,0,10,第一金-員林,2023-08-15,5381
2880,華南金,10,0,10,第一金-員林,2023-08-15,5381
8105,凌巨,10,0,10,第一金-員林,2023-08-15,5381
1339,昭輝,10,1,9,第一金-員林,2023-08-15,5381
1504,東元,9,0,9,第一金-員林,2023-08-15,5381
3032,偉訓,11,2,9,第一金-員林,2023-08-15,5381
2208,台船,8,0,8,第一金-員林,2023-08-15,5381
3056,富華新,8,0,8,第一金-員林,2023-08-15,5381
3078,僑威,25,17,8,第一金-員林,2023-08-15,5381
5210,寶碩,8,0,8,第一金-員林,2023-08-15,5381
6770,力積電,8,1,7,第一金-員林,2023-08-15,5381
6269,台郡,6,0,6,第一金-員林,2023-08-15,5381
00680L,元大美債20正2,6,0,6,第一金-員林,2023-08-15,5381
3706,神達,18,12,6,第一金-員林,2023-08-15,5381
00773B,中信優先金融債,5,0,5,第一金-員林,2023-08-15,5381
1609,大亞,6,1,5,第一金-員林,2023-08-15,5381
9105,泰金寶-DR,172,0,172,第一金-員林,2023-08-16,5381
00931B,統一美債20年,143,10,133,第一金-員林,2023-08-16,5381
00878,國泰永續高股息,96,4,92,第一金-員林,2023-08-16,5381
2363,矽統,89,28,61,第一金-員林,2023-08-16,5381
00929,復華台灣科技優息,61,2,59,第一金-員林,2023-08-16,5381
3706,神達,63,6,57,第一金-員林,2023-08-16,5381
00923,群益台ESG低碳50,32,0,32,第一金-員林,2023-08-16,5381
6275,元山,32,0,32,第一金-員林,2023-08-16,5381
00772B,中信高評級公司債,30,0,30,第一金-員林,2023-08-16,5381
00632R,元大台灣50反1,50,20,30,第一金-員林,2023-08-16,5381
2330,台積電,33,6,27,第一金-員林,2023-08-16,5381
2303,聯電,29,2,27,第一金-員林,2023-08-16,5381
2883,凱基金,38,12,26,第一金-員林,2023-08-16,5381
2880,華南金,25,0,25,第一金-員林,2023-08-16,5381
00650L,復華香港正2,25,0,25,第一金-員林,2023-08-16,5381
00764B,群益25年美債,24,0,24,第一金-員林,2023-08-16,5381
00712,復華富時不動產,33,10,23,第一金-員林,2023-08-16,5381
1314,中石化,20,0,20,第一金-員林,2023-08-16,5381
2897,王道銀行,23,5,18,第一金-員林,2023-08-16,5381
8255,朋程,17,0,17,第一金-員林,2023-08-16,5381
2887,台新金,15,0,15,第一金-員林,2023-08-16,5381
00900,富邦特選高股息30,15,0,15,第一金-員林,2023-08-16,5381
00773B,中信優先金融債,15,0,15,第一金-員林,2023-08-16,5381
3035,智原,17,2,15,第一金-員林,2023-08-16,5381
2892,第一金,20,6,14,第一金-員林,2023-08-16,5381
2027,大成鋼,15,1,14,第一金-員林,2023-08-16,5381
5381,合正,14,0,14,第一金-員林,2023-08-16,5381
2002,中鋼,13,0,13,第一金-員林,2023-08-16,5381
8112,至上,12,0,12,第一金-員林,2023-08-16,5381
2886,兆豐金,11,0,11,第一金-員林,2023-08-16,5381
00688L,國泰20年美債正2,11,0,11,第一金-員林,2023-08-16,5381
1316,上曜,11,0,11,第一金-員林,2023-08-16,5381
2371,大同,11,0,11,第一金-員林,2023-08-16,5381
1101,台泥,10,0,10,第一金-員林,2023-08-16,5381
00740B,富邦全球投等債,10,0,10,第一金-員林,2023-08-16,5381
00921,兆豐龍頭等權重,10,0,10,第一金-員林,2023-08-16,5381
1432,大魯閣,10,0,10,第一金-員林,2023-08-16,5381
2323,中環,10,0,10,第一金-員林,2023-08-16,5381
2867,三商壽,12,2,10,第一金-員林,2023-08-16,5381
2884,玉山金,9,0,9,第一金-員林,2023-08-16,5381
8069,元太,9,0,9,第一金-員林,2023-08-16,5381
2610,華航,15,6,9,第一金-員林,2023-08-16,5381
00927,群益半導體收益,9,0,9,第一金-員林,2023-08-16,5381
00893,國泰智能電動車,10,1,9,第一金-員林,2023-08-16,5381
2359,所羅門,10,1,9,第一金-員林,2023-08-16,5381
5210,寶碩,9,0,9,第一金-員林,2023-08-16,5381
6177,達麗,9,0,9,第一金-員林,2023-08-16,5381
2206,三陽工業,8,0,8,第一金-員林,2023-08-16,5381
2449,京元電子,10,2,8,第一金-員林,2023-08-16,5381
6139,亞翔,10,2,8,第一金-員林,2023-08-16,5381
00929,復華台灣科技優息,115,3,112,第一金-員林,2023-08-17,5381
00931B,統一美債20年,82,0,82,第一金-員林,2023-08-17,5381
00752,中信中國50,75,0,75,第一金-員林,2023-08-17,5381
00772B,中信高評級公司債,52,0,52,第一金-員林,2023-08-17,5381
2409,友達,54,6,48,第一金-員林,2023-08-17,5381
5210,寶碩,46,1,45,第一金-員林,2023-08-17,5381
3689,湧德,56,14,42,第一金-員林,2023-08-17,5381
00665L,富邦�琤肭磪囓�2,40,0,40,第一金-員林,2023-08-17,5381
00712,復華富時不動產,34,0,34,第一金-員林,2023-08-17,5381
2324,仁寶,182,148,34,第一金-員林,2023-08-17,5381
6282,康舒,36,5,31,第一金-員林,2023-08-17,5381
00688L,國泰20年美債正2,27,0,27,第一金-員林,2023-08-17,5381
2520,冠德,21,0,21,第一金-員林,2023-08-17,5381
5381,合正,20,0,20,第一金-員林,2023-08-17,5381
00650L,復華香港正2,19,0,19,第一金-員林,2023-08-17,5381
2303,聯電,18,1,17,第一金-員林,2023-08-17,5381
00773B,中信優先金融債,17,0,17,第一金-員林,2023-08-17,5381
9914,美利達,16,0,16,第一金-員林,2023-08-17,5381
2356,英業達,61,45,16,第一金-員林,2023-08-17,5381
00640L,富邦日本正2,15,0,15,第一金-員林,2023-08-17,5381
00637L,元大滬深300正2,15,0,15,第一金-員林,2023-08-17,5381
3056,富華新,17,2,15,第一金-員林,2023-08-17,5381
2913,農林,23,9,14,第一金-員林,2023-08-17,5381
1609,大亞,40,27,13,第一金-員林,2023-08-17,5381
2359,所羅門,13,0,13,第一金-員林,2023-08-17,5381
2880,華南金,12,0,12,第一金-員林,2023-08-17,5381
1314,中石化,27,15,12,第一金-員林,2023-08-17,5381
3035,智原,14,3,11,第一金-員林,2023-08-17,5381
00751B,元大AAA至A公司債,11,0,11,第一金-員林,2023-08-17,5381
3051,力特,16,5,11,第一金-員林,2023-08-17,5381
9910,豐泰,20,10,10,第一金-員林,2023-08-17,5381
2892,第一金,10,0,10,第一金-員林,2023-08-17,5381
00633L,富邦上証正2,10,0,10,第一金-員林,2023-08-17,5381
00655L,國泰中國A50正2,10,0,10,第一金-員林,2023-08-17,5381
1503,士電,10,0,10,第一金-員林,2023-08-17,5381
2883,凱基金,11,1,10,第一金-員林,2023-08-17,5381
5289,宜鼎,10,0,10,第一金-員林,2023-08-17,5381
8048,德勝,10,0,10,第一金-員林,2023-08-17,5381
8933,愛地雅,10,0,10,第一金-員林,2023-08-17,5381
00720B,元大投資級公司債,10,0,10,第一金-員林,2023-08-17,5381
00706L,期元大S＆P日圓正2,9,0,9,第一金-員林,2023-08-17,5381
2023,燁輝,9,0,9,第一金-員林,2023-08-17,5381
2368,金像電,17,8,9,第一金-員林,2023-08-17,5381
2002,中鋼,14,5,9,第一金-員林,2023-08-17,5381
1218,泰山,8,0,8,第一金-員林,2023-08-17,5381
2886,兆豐金,13,5,8,第一金-員林,2023-08-17,5381
2891,中信金,7,0,7,第一金-員林,2023-08-17,5381
00687B,國泰20年美債,7,0,7,第一金-員林,2023-08-17,5381
00753L,中信中國50正2,57,50,7,第一金-員林,2023-08-17,5381
00740B,富邦全球投等債,7,0,7,第一金-員林,2023-08-17,5381
00929,復華台灣科技優息,103,5,98,第一金-員林,2023-08-18,5381
1101,台泥,54,0,54,第一金-員林,2023-08-18,5381
3231,緯創,89,41,48,第一金-員林,2023-08-18,5381
00878,國泰永續高股息,46,2,44,第一金-員林,2023-08-18,5381
00885,富邦越南,40,0,40,第一金-員林,2023-08-18,5381
2402,毅嘉,68,28,40,第一金-員林,2023-08-18,5381
3013,晟銘電,37,8,29,第一金-員林,2023-08-18,5381
3711,日月光投控,41,13,28,第一金-員林,2023-08-18,5381
00931B,統一美債20年,25,0,25,第一金-員林,2023-08-18,5381
1905,華紙,28,4,24,第一金-員林,2023-08-18,5381
3706,神達,59,36,23,第一金-員林,2023-08-18,5381
2368,金像電,25,4,21,第一金-員林,2023-08-18,5381
2520,冠德,20,1,19,第一金-員林,2023-08-18,5381
1218,泰山,17,0,17,第一金-員林,2023-08-18,5381
2356,英業達,111,95,16,第一金-員林,2023-08-18,5381
2834,臺企銀,16,0,16,第一金-員林,2023-08-18,5381
9910,豐泰,19,5,14,第一金-員林,2023-08-18,5381
2409,友達,13,0,13,第一金-員林,2023-08-18,5381
1560,中砂,14,2,12,第一金-員林,2023-08-18,5381
2415,錩新,12,0,12,第一金-員林,2023-08-18,5381
00893,國泰智能電動車,11,0,11,第一金-員林,2023-08-18,5381
2355,敬鵬,11,0,11,第一金-員林,2023-08-18,5381
2615,萬海,13,2,11,第一金-員林,2023-08-18,5381
2867,三商壽,11,0,11,第一金-員林,2023-08-18,5381
2890,永豐金,11,0,11,第一金-員林,2023-08-18,5381
8105,凌巨,11,0,11,第一金-員林,2023-08-18,5381
9921,巨大,11,0,11,第一金-員林,2023-08-18,5381
00680L,元大美債20正2,10,0,10,第一金-員林,2023-08-18,5381
00673R,期元大S＆P原油反1,10,0,10,第一金-員林,2023-08-18,5381
00633L,富邦上証正2,10,0,10,第一金-員林,2023-08-18,5381
5864,致和證,10,0,10,第一金-員林,2023-08-18,5381
6220,岳豐,10,0,10,第一金-員林,2023-08-18,5381
6288,聯嘉,10,0,10,第一金-員林,2023-08-18,5381
8210,勤誠,11,1,10,第一金-員林,2023-08-18,5381
00882,中信中國高股息,11,1,10,第一金-員林,2023-08-18,5381
00720B,元大投資級公司債,9,0,9,第一金-員林,2023-08-18,5381
2323,中環,10,1,9,第一金-員林,2023-08-18,5381
6170,統振,11,2,9,第一金-員林,2023-08-18,5381
00715L,期街口布蘭特正2,8,0,8,第一金-員林,2023-08-18,5381
00751B,元大AAA至A公司債,8,0,8,第一金-員林,2023-08-18,5381
2313,華通,8,0,8,第一金-員林,2023-08-18,5381
3325,旭品,15,7,8,第一金-員林,2023-08-18,5381
5347,世界,7,0,7,第一金-員林,2023-08-18,5381
1565,精華,7,0,7,第一金-員林,2023-08-18,5381
2610,華航,20,13,7,第一金-員林,2023-08-18,5381
2329,華泰,63,57,6,第一金-員林,2023-08-18,5381
2201,裕隆,7,1,6,第一金-員林,2023-08-18,5381
2332,友訊,20,14,6,第一金-員林,2023-08-18,5381
2609,陽明,11,5,6,第一金-員林,2023-08-18,5381
2883,凱基金,6,0,6,第一金-員林,2023-08-18,5381
00680L,元大美債20正2,39,0,39,第一金-員林,2023-08-21,5381
6668,中揚光,30,0,30,第一金-員林,2023-08-21,5381
2892,第一金,30,3,27,第一金-員林,2023-08-21,5381
00772B,中信高評級公司債,26,0,26,第一金-員林,2023-08-21,5381
9103,美德醫療-DR,20,0,20,第一金-員林,2023-08-21,5381
2303,聯電,19,0,19,第一金-員林,2023-08-21,5381
00885,富邦越南,29,10,19,第一金-員林,2023-08-21,5381
2913,農林,22,3,19,第一金-員林,2023-08-21,5381
4906,正文,22,3,19,第一金-員林,2023-08-21,5381
5475,德宏,18,0,18,第一金-員林,2023-08-21,5381
00878,國泰永續高股息,18,0,18,第一金-員林,2023-08-21,5381
00929,復華台灣科技優息,19,3,16,第一金-員林,2023-08-21,5381
00931B,統一美債20年,15,0,15,第一金-員林,2023-08-21,5381
3032,偉訓,20,5,15,第一金-員林,2023-08-21,5381
2329,華泰,17,2,15,第一金-員林,2023-08-21,5381
2890,永豐金,14,0,14,第一金-員林,2023-08-21,5381
2382,廣達,19,5,14,第一金-員林,2023-08-21,5381
2317,鴻海,13,0,13,第一金-員林,2023-08-21,5381
1532,勤美,11,0,11,第一金-員林,2023-08-21,5381
6108,競國,11,0,11,第一金-員林,2023-08-21,5381
8358,金居,17,6,11,第一金-員林,2023-08-21,5381
00688L,國泰20年美債正2,10,0,10,第一金-員林,2023-08-21,5381
1709,和益,10,0,10,第一金-員林,2023-08-21,5381
2324,仁寶,16,6,10,第一金-員林,2023-08-21,5381
2520,冠德,10,0,10,第一金-員林,2023-08-21,5381
2705,六福,10,0,10,第一金-員林,2023-08-21,5381
4566,時碩工業,10,0,10,第一金-員林,2023-08-21,5381
6257,矽格,10,0,10,第一金-員林,2023-08-21,5381
1504,東元,15,6,9,第一金-員林,2023-08-21,5381
1101,台泥,9,0,9,第一金-員林,2023-08-21,5381
00650L,復華香港正2,9,0,9,第一金-員林,2023-08-21,5381
3714,富采,10,1,9,第一金-員林,2023-08-21,5381
6220,岳豐,10,1,9,第一金-員林,2023-08-21,5381
0050,元大台灣50,8,0,8,第一金-員林,2023-08-21,5381
00927,群益半導體收益,7,0,7,第一金-員林,2023-08-21,5381
2449,京元電子,9,2,7,第一金-員林,2023-08-21,5381
6139,亞翔,9,2,7,第一金-員林,2023-08-21,5381
00679B,元大美債20年,6,0,6,第一金-員林,2023-08-21,5381
00670L,富邦NASDAQ正2,6,0,6,第一金-員林,2023-08-21,5381
00773B,中信優先金融債,6,0,6,第一金-員林,2023-08-21,5381
00753L,中信中國50正2,76,70,6,第一金-員林,2023-08-21,5381
2344,華邦電,6,0,6,第一金-員林,2023-08-21,5381
4123,晟德,6,0,6,第一金-員林,2023-08-21,5381
4533,協易機,8,2,6,第一金-員林,2023-08-21,5381
6197,佳必琪,6,0,6,第一金-員林,2023-08-21,5381
8210,勤誠,6,0,6,第一金-員林,2023-08-21,5381
2883,凱基金,8,2,6,第一金-員林,2023-08-21,5381
6488,環球晶,5,0,5,第一金-員林,2023-08-21,5381
2606,裕民,12,7,5,第一金-員林,2023-08-21,5381
2867,三商壽,5,0,5,第一金-員林,2023-08-21,5381
9105,泰金寶-DR,100,0,100,第一金-員林,2023-08-22,5381
00671R,富邦NASDAQ反1,50,0,50,第一金-員林,2023-08-22,5381
2363,矽統,113,63,50,第一金-員林,2023-08-22,5381
4167,松瑞藥,45,0,45,第一金-員林,2023-08-22,5381
4113,聯上,45,4,41,第一金-員林,2023-08-22,5381
00688L,國泰20年美債正2,32,0,32,第一金-員林,2023-08-22,5381
2332,友訊,38,6,32,第一金-員林,2023-08-22,5381
3321,同泰,26,0,26,第一金-員林,2023-08-22,5381
00679B,元大美債20年,27,2,25,第一金-員林,2023-08-22,5381
00665L,富邦�琤肭磪囓�2,30,5,25,第一金-員林,2023-08-22,5381
2402,毅嘉,22,0,22,第一金-員林,2023-08-22,5381
00931B,統一美債20年,22,3,19,第一金-員林,2023-08-22,5381
3308,聯德,21,3,18,第一金-員林,2023-08-22,5381
2324,仁寶,46,30,16,第一金-員林,2023-08-22,5381
00929,復華台灣科技優息,15,0,15,第一金-員林,2023-08-22,5381
2356,英業達,21,7,14,第一金-員林,2023-08-22,5381
2891,中信金,13,0,13,第一金-員林,2023-08-22,5381
4979,華星光,16,3,13,第一金-員林,2023-08-22,5381
00680L,元大美債20正2,12,0,12,第一金-員林,2023-08-22,5381
1444,力麗,18,6,12,第一金-員林,2023-08-22,5381
2618,長榮航,46,34,12,第一金-員林,2023-08-22,5381
00673R,期元大S＆P原油反1,10,0,10,第一金-員林,2023-08-22,5381
00633L,富邦上証正2,10,0,10,第一金-員林,2023-08-22,5381
00655L,國泰中國A50正2,10,0,10,第一金-員林,2023-08-22,5381
00772B,中信高評級公司債,10,0,10,第一金-員林,2023-08-22,5381
2331,精英,14,4,10,第一金-員林,2023-08-22,5381
3056,富華新,11,2,9,第一金-員林,2023-08-22,5381
3049,精金,14,5,9,第一金-員林,2023-08-22,5381
3290,東浦,9,0,9,第一金-員林,2023-08-22,5381
2883,凱基金,8,0,8,第一金-員林,2023-08-22,5381
1305,華夏,8,0,8,第一金-員林,2023-08-22,5381
2344,華邦電,10,2,8,第一金-員林,2023-08-22,5381
2002,中鋼,7,0,7,第一金-員林,2023-08-22,5381
00764B,群益25年美債,7,0,7,第一金-員林,2023-08-22,5381
00712,復華富時不動產,13,6,7,第一金-員林,2023-08-22,5381
2401,凌陽,12,5,7,第一金-員林,2023-08-22,5381
3003,健和興,7,0,7,第一金-員林,2023-08-22,5381
3163,波若威,13,6,7,第一金-員林,2023-08-22,5381
6161,捷波,7,0,7,第一金-員林,2023-08-22,5381
8050,廣積,8,1,7,第一金-員林,2023-08-22,5381
00706L,期元大S＆P日圓正2,6,0,6,第一金-員林,2023-08-22,5381
2612,中航,6,0,6,第一金-員林,2023-08-22,5381
6186,新潤,6,0,6,第一金-員林,2023-08-22,5381
00878,國泰永續高股息,8,2,6,第一金-員林,2023-08-22,5381
2421,建準,11,6,5,第一金-員林,2023-08-22,5381
8210,勤誠,5,0,5,第一金-員林,2023-08-22,5381
00919,群益台灣精選高息,5,0,5,第一金-員林,2023-08-22,5381
00885,富邦越南,5,0,5,第一金-員林,2023-08-22,5381
00773B,中信優先金融債,5,0,5,第一金-員林,2023-08-22,5381
1303,南亞,5,0,5,第一金-員林,2023-08-22,5381
9105,泰金寶-DR,144,93,51,第一金-員林,2023-08-23,5381
1101,台泥,51,0,51,第一金-員林,2023-08-23,5381
2883,凱基金,40,0,40,第一金-員林,2023-08-23,5381
3013,晟銘電,61,26,35,第一金-員林,2023-08-23,5381
2618,長榮航,48,17,31,第一金-員林,2023-08-23,5381
2323,中環,30,0,30,第一金-員林,2023-08-23,5381
4167,松瑞藥,28,0,28,第一金-員林,2023-08-23,5381
2834,臺企銀,26,0,26,第一金-員林,2023-08-23,5381
00676R,富邦臺灣加權反1,20,0,20,第一金-員林,2023-08-23,5381
00929,復華台灣科技優息,17,0,17,第一金-員林,2023-08-23,5381
00679B,元大美債20年,16,0,16,第一金-員林,2023-08-23,5381
3163,波若威,17,1,16,第一金-員林,2023-08-23,5381
00878,國泰永續高股息,24,11,13,第一金-員林,2023-08-23,5381
2886,兆豐金,13,0,13,第一金-員林,2023-08-23,5381
9103,美德醫療-DR,13,0,13,第一金-員林,2023-08-23,5381
00931B,統一美債20年,13,0,13,第一金-員林,2023-08-23,5381
3321,同泰,12,0,12,第一金-員林,2023-08-23,5381
2324,仁寶,17,6,11,第一金-員林,2023-08-23,5381
2401,凌陽,11,0,11,第一金-員林,2023-08-23,5381
3264,欣銓,10,0,10,第一金-員林,2023-08-23,5381
5465,富驊,10,0,10,第一金-員林,2023-08-23,5381
2383,台光電,10,1,9,第一金-員林,2023-08-23,5381
2331,精英,13,4,9,第一金-員林,2023-08-23,5381
2885,元大金,8,0,8,第一金-員林,2023-08-23,5381
6116,彩晶,8,0,8,第一金-員林,2023-08-23,5381
2892,第一金,11,4,7,第一金-員林,2023-08-23,5381
00712,復華富時不動產,6,0,6,第一金-員林,2023-08-23,5381
1504,東元,7,1,6,第一金-員林,2023-08-23,5381
1608,華榮,6,0,6,第一金-員林,2023-08-23,5381
2301,光寶科,20,14,6,第一金-員林,2023-08-23,5381
2405,輔信,6,0,6,第一金-員林,2023-08-23,5381
2606,裕民,8,2,6,第一金-員林,2023-08-23,5381
3325,旭品,12,6,6,第一金-員林,2023-08-23,5381
5347,世界,6,0,6,第一金-員林,2023-08-23,5381
2634,漢翔,52,47,5,第一金-員林,2023-08-23,5381
2897,王道銀行,5,0,5,第一金-員林,2023-08-23,5381
2303,聯電,5,0,5,第一金-員林,2023-08-23,5381
1444,力麗,5,0,5,第一金-員林,2023-08-23,5381
00687B,國泰20年美債,5,0,5,第一金-員林,2023-08-23,5381
00888,永豐台灣ESG,5,0,5,第一金-員林,2023-08-23,5381
3311,閎暉,5,0,5,第一金-員林,2023-08-23,5381
3706,神達,5,0,5,第一金-員林,2023-08-23,5381
5284,jpp-KY,6,1,5,第一金-員林,2023-08-23,5381
8011,台通,5,0,5,第一金-員林,2023-08-23,5381
8210,勤誠,7,2,5,第一金-員林,2023-08-23,5381
9946,三發地產,5,0,5,第一金-員林,2023-08-23,5381
0050,元大台灣50,5,1,4,第一金-員林,2023-08-23,5381
00715L,期街口布蘭特正2,4,0,4,第一金-員林,2023-08-23,5381
1540,喬福,4,0,4,第一金-員林,2023-08-23,5381
6770,力積電,4,0,4,第一金-員林,2023-08-23,5381
00919,群益台灣精選高息,273,68,205,第一金-員林,2023-08-24,5381
2363,矽統,172,67,105,第一金-員林,2023-08-24,5381
00671R,富邦NASDAQ反1,50,0,50,第一金-員林,2023-08-24,5381
3231,緯創,109,60,49,第一金-員林,2023-08-24,5381
9105,泰金寶-DR,86,53,33,第一金-員林,2023-08-24,5381
2897,王道銀行,31,0,31,第一金-員林,2023-08-24,5381
00676R,富邦臺灣加權反1,30,0,30,第一金-員林,2023-08-24,5381
1529,樂事綠能,29,0,29,第一金-員林,2023-08-24,5381
2421,建準,45,18,27,第一金-員林,2023-08-24,5381
8234,新漢,25,0,25,第一金-員林,2023-08-24,5381
2399,映泰,22,1,21,第一金-員林,2023-08-24,5381
2324,仁寶,20,1,19,第一金-員林,2023-08-24,5381
2419,仲琦,36,17,19,第一金-員林,2023-08-24,5381
3008,大立光,18,0,18,第一金-員林,2023-08-24,5381
1504,東元,21,4,17,第一金-員林,2023-08-24,5381
2329,華泰,36,19,17,第一金-員林,2023-08-24,5381
2462,良得電,17,0,17,第一金-員林,2023-08-24,5381
2883,凱基金,16,0,16,第一金-員林,2023-08-24,5381
2618,長榮航,35,19,16,第一金-員林,2023-08-24,5381
2891,中信金,16,0,16,第一金-員林,2023-08-24,5381
2376,技嘉,27,11,16,第一金-員林,2023-08-24,5381
6167,久正,14,0,14,第一金-員林,2023-08-24,5381
6108,競國,14,1,13,第一金-員林,2023-08-24,5381
1316,上曜,12,0,12,第一金-員林,2023-08-24,5381
2888,新光金,11,0,11,第一金-員林,2023-08-24,5381
1795,美時,21,10,11,第一金-員林,2023-08-24,5381
2882,國泰金,11,1,10,第一金-員林,2023-08-24,5381
6005,群益證,10,0,10,第一金-員林,2023-08-24,5381
1503,士電,10,0,10,第一金-員林,2023-08-24,5381
00632R,元大台灣50反1,10,0,10,第一金-員林,2023-08-24,5381
1515,力山,10,0,10,第一金-員林,2023-08-24,5381
2109,華豐,10,0,10,第一金-員林,2023-08-24,5381
4157,太景*-KY,9,0,9,第一金-員林,2023-08-24,5381
8027,鈦昇,11,2,9,第一金-員林,2023-08-24,5381
00679B,元大美債20年,13,5,8,第一金-員林,2023-08-24,5381
5009,榮剛,8,0,8,第一金-員林,2023-08-24,5381
1708,東鹼,8,0,8,第一金-員林,2023-08-24,5381
3706,神達,10,2,8,第一金-員林,2023-08-24,5381
2884,玉山金,7,0,7,第一金-員林,2023-08-24,5381
1737,臺鹽,11,4,7,第一金-員林,2023-08-24,5381
3264,欣銓,9,2,7,第一金-員林,2023-08-24,5381
9914,美利達,7,0,7,第一金-員林,2023-08-24,5381
6770,力積電,8,1,7,第一金-員林,2023-08-24,5381
2002,中鋼,6,0,6,第一金-員林,2023-08-24,5381
1514,亞力,8,2,6,第一金-員林,2023-08-24,5381
2105,正新,6,0,6,第一金-員林,2023-08-24,5381
2401,凌陽,7,1,6,第一金-員林,2023-08-24,5381
4561,健椿,6,0,6,第一金-員林,2023-08-24,5381
1101,台泥,6,0,6,第一金-員林,2023-08-24,5381
1409,新纖,5,0,5,第一金-員林,2023-08-24,5381
00878,國泰永續高股息,157,43,114,第一金-員林,2023-08-25,5381
3231,緯創,113,34,79,第一金-員林,2023-08-25,5381
00929,復華台灣科技優息,73,1,72,第一金-員林,2023-08-25,5381
2610,華航,61,3,58,第一金-員林,2023-08-25,5381
6167,久正,58,10,48,第一金-員林,2023-08-25,5381
2462,良得電,39,0,39,第一金-員林,2023-08-25,5381
00637L,元大滬深300正2,30,0,30,第一金-員林,2023-08-25,5381
8033,雷虎,31,3,28,第一金-員林,2023-08-25,5381
6156,松上,23,0,23,第一金-員林,2023-08-25,5381
00919,群益台灣精選高息,22,0,22,第一金-員林,2023-08-25,5381
2330,台積電,21,0,21,第一金-員林,2023-08-25,5381
2382,廣達,24,7,17,第一金-員林,2023-08-25,5381
0056,元大高股息,17,2,15,第一金-員林,2023-08-25,5381
2412,中華電,15,0,15,第一金-員林,2023-08-25,5381
2332,友訊,30,16,14,第一金-員林,2023-08-25,5381
5243,乙盛-KY,16,2,14,第一金-員林,2023-08-25,5381
00893,國泰智能電動車,11,0,11,第一金-員林,2023-08-25,5381
2301,光寶科,13,2,11,第一金-員林,2023-08-25,5381
2388,威盛,18,7,11,第一金-員林,2023-08-25,5381
2812,台中銀,11,0,11,第一金-員林,2023-08-25,5381
00782B,國泰A級公用債,10,0,10,第一金-員林,2023-08-25,5381
00772B,中信高評級公司債,10,0,10,第一金-員林,2023-08-25,5381
2605,新興,10,0,10,第一金-員林,2023-08-25,5381
2637,慧洋-KY,10,0,10,第一金-員林,2023-08-25,5381
2883,凱基金,12,2,10,第一金-員林,2023-08-25,5381
3025,星通,10,0,10,第一金-員林,2023-08-25,5381
6218,豪勉,10,0,10,第一金-員林,2023-08-25,5381
3037,欣興,11,1,10,第一金-員林,2023-08-25,5381
2324,仁寶,12,2,10,第一金-員林,2023-08-25,5381
2401,凌陽,12,3,9,第一金-員林,2023-08-25,5381
2419,仲琦,18,9,9,第一金-員林,2023-08-25,5381
3706,神達,15,6,9,第一金-員林,2023-08-25,5381
4906,正文,32,23,9,第一金-員林,2023-08-25,5381
00679B,元大美債20年,8,0,8,第一金-員林,2023-08-25,5381
3308,聯德,13,5,8,第一金-員林,2023-08-25,5381
9914,美利達,8,0,8,第一金-員林,2023-08-25,5381
00923,群益台ESG低碳50,8,0,8,第一金-員林,2023-08-25,5381
3004,豐達科,8,1,7,第一金-員林,2023-08-25,5381
8996,高力,7,0,7,第一金-員林,2023-08-25,5381
2485,兆赫,23,16,7,第一金-員林,2023-08-25,5381
3051,力特,7,0,7,第一金-員林,2023-08-25,5381
3163,波若威,23,16,7,第一金-員林,2023-08-25,5381
3227,原相,7,0,7,第一金-員林,2023-08-25,5381
6168,宏齊,12,5,7,第一金-員林,2023-08-25,5381
2376,技嘉,11,5,6,第一金-員林,2023-08-25,5381
9921,巨大,6,0,6,第一金-員林,2023-08-25,5381
2363,矽統,109,103,6,第一金-員林,2023-08-25,5381
2884,玉山金,6,0,6,第一金-員林,2023-08-25,5381
4938,和碩,6,0,6,第一金-員林,2023-08-25,5381
5009,榮剛,6,0,6,第一金-員林,2023-08-25,5381
9105,泰金寶-DR,229,0,229,第一金-員林,2023-08-28,5381
00878,國泰永續高股息,124,23,101,第一金-員林,2023-08-28,5381
00753L,中信中國50正2,100,0,100,第一金-員林,2023-08-28,5381
3033,威健,87,0,87,第一金-員林,2023-08-28,5381
00637L,元大滬深300正2,61,0,61,第一金-員林,2023-08-28,5381
00929,復華台灣科技優息,60,0,60,第一金-員林,2023-08-28,5381
00671R,富邦NASDAQ反1,50,0,50,第一金-員林,2023-08-28,5381
9910,豐泰,42,0,42,第一金-員林,2023-08-28,5381
3264,欣銓,32,2,30,第一金-員林,2023-08-28,5381
8150,南茂,29,5,24,第一金-員林,2023-08-28,5381
2332,友訊,28,5,23,第一金-員林,2023-08-28,5381
2331,精英,55,35,20,第一金-員林,2023-08-28,5381
2885,元大金,21,2,19,第一金-員林,2023-08-28,5381
2402,毅嘉,17,0,17,第一金-員林,2023-08-28,5381
2485,兆赫,25,8,17,第一金-員林,2023-08-28,5381
2913,農林,15,0,15,第一金-員林,2023-08-28,5381
2303,聯電,29,15,14,第一金-員林,2023-08-28,5381
3711,日月光投控,15,4,11,第一金-員林,2023-08-28,5381
2369,菱生,49,38,11,第一金-員林,2023-08-28,5381
2399,映泰,11,0,11,第一金-員林,2023-08-28,5381
1108,幸福,10,0,10,第一金-員林,2023-08-28,5381
00673R,期元大S＆P原油反1,10,0,10,第一金-員林,2023-08-28,5381
2605,新興,10,0,10,第一金-員林,2023-08-28,5381
3060,銘異,10,0,10,第一金-員林,2023-08-28,5381
4173,久裕,10,0,10,第一金-員林,2023-08-28,5381
5880,合庫金,10,0,10,第一金-員林,2023-08-28,5381
2614,東森,13,4,9,第一金-員林,2023-08-28,5381
00679B,元大美債20年,8,0,8,第一金-員林,2023-08-28,5381
2356,英業達,10,2,8,第一金-員林,2023-08-28,5381
2421,建準,10,2,8,第一金-員林,2023-08-28,5381
3231,緯創,33,26,7,第一金-員林,2023-08-28,5381
8926,台汽電,7,0,7,第一金-員林,2023-08-28,5381
1802,台玻,7,0,7,第一金-員林,2023-08-28,5381
1905,華紙,7,0,7,第一金-員林,2023-08-28,5381
00706L,期元大S＆P日圓正2,6,0,6,第一金-員林,2023-08-28,5381
2014,中鴻,6,0,6,第一金-員林,2023-08-28,5381
3051,力特,9,3,6,第一金-員林,2023-08-28,5381
00772B,中信高評級公司債,5,0,5,第一金-員林,2023-08-28,5381
1737,臺鹽,25,20,5,第一金-員林,2023-08-28,5381
1810,和成,5,0,5,第一金-員林,2023-08-28,5381
2105,正新,5,0,5,第一金-員林,2023-08-28,5381
2324,仁寶,13,8,5,第一金-員林,2023-08-28,5381
2520,冠德,5,0,5,第一金-員林,2023-08-28,5381
3374,精材,5,0,5,第一金-員林,2023-08-28,5381
3663,鑫科,5,0,5,第一金-員林,2023-08-28,5381
4157,太景*-KY,5,0,5,第一金-員林,2023-08-28,5381
6156,松上,5,0,5,第一金-員林,2023-08-28,5381
6177,達麗,5,0,5,第一金-員林,2023-08-28,5381
6248,沛波,5,0,5,第一金-員林,2023-08-28,5381
8027,鈦昇,5,0,5,第一金-員林,2023-08-28,5381
00671R,富邦NASDAQ反1,84,0,84,第一金-員林,2023-08-29,5381
5880,合庫金,40,0,40,第一金-員林,2023-08-29,5381
6167,久正,75,35,40,第一金-員林,2023-08-29,5381
2317,鴻海,40,4,36,第一金-員林,2023-08-29,5381
00929,復華台灣科技優息,23,0,23,第一金-員林,2023-08-29,5381
8150,南茂,21,0,21,第一金-員林,2023-08-29,5381
2485,兆赫,24,6,18,第一金-員林,2023-08-29,5381
9105,泰金寶-DR,18,0,18,第一金-員林,2023-08-29,5381
3711,日月光投控,46,30,16,第一金-員林,2023-08-29,5381
3231,緯創,31,14,17,第一金-員林,2023-08-29,5381
2449,京元電子,18,3,15,第一金-員林,2023-08-29,5381
2421,建準,16,2,14,第一金-員林,2023-08-29,5381
8046,南電,14,1,13,第一金-員林,2023-08-29,5381
2614,東森,12,0,12,第一金-員林,2023-08-29,5381
2881,富邦金,12,0,12,第一金-員林,2023-08-29,5381
2888,新光金,12,0,12,第一金-員林,2023-08-29,5381
3583,辛耘,11,0,11,第一金-員林,2023-08-29,5381
00878,國泰永續高股息,11,1,10,第一金-員林,2023-08-29,5381
3029,零壹,12,2,10,第一金-員林,2023-08-29,5381
2615,萬海,10,0,10,第一金-員林,2023-08-29,5381
00632R,元大台灣50反1,10,0,10,第一金-員林,2023-08-29,5381
2303,聯電,16,6,10,第一金-員林,2023-08-29,5381
2323,中環,10,0,10,第一金-員林,2023-08-29,5381
6829,千附精密,10,0,10,第一金-員林,2023-08-29,5381
00680L,元大美債20正2,14,5,9,第一金-員林,2023-08-29,5381
6168,宏齊,9,0,9,第一金-員林,2023-08-29,5381
2002,中鋼,9,1,8,第一金-員林,2023-08-29,5381
8222,寶一,12,5,7,第一金-員林,2023-08-29,5381
1402,遠東新,7,0,7,第一金-員林,2023-08-29,5381
2363,矽統,149,142,7,第一金-員林,2023-08-29,5381
2618,長榮航,20,13,7,第一金-員林,2023-08-29,5381
6282,康舒,7,0,7,第一金-員林,2023-08-29,5381
2462,良得電,6,0,6,第一金-員林,2023-08-29,5381
2353,宏��,6,0,6,第一金-員林,2023-08-29,5381
3059,華晶科,7,1,6,第一金-員林,2023-08-29,5381
4157,太景*-KY,6,0,6,第一金-員林,2023-08-29,5381
2610,華航,5,0,5,第一金-員林,2023-08-29,5381
00772B,中信高評級公司債,5,0,5,第一金-員林,2023-08-29,5381
2408,南亞科,5,0,5,第一金-員林,2023-08-29,5381
2465,麗臺,5,0,5,第一金-員林,2023-08-29,5381
6108,競國,5,0,5,第一金-員林,2023-08-29,5381
6125,廣運,5,0,5,第一金-員林,2023-08-29,5381
6140,訊達,5,0,5,第一金-員林,2023-08-29,5381
6770,力積電,5,0,5,第一金-員林,2023-08-29,5381
1101,台泥,4,0,4,第一金-員林,2023-08-29,5381
00679B,元大美債20年,4,0,4,第一金-員林,2023-08-29,5381
1471,首利,7,3,4,第一金-員林,2023-08-29,5381
2022,聚亨,4,0,4,第一金-員林,2023-08-29,5381
2101,南港,4,0,4,第一金-員林,2023-08-29,5381
2329,華泰,9,5,4,第一金-員林,2023-08-29,5381
2618,長榮航,47,8,39,第一金-員林,2023-08-30,5381
1612,宏泰,22,1,21,第一金-員林,2023-08-30,5381
00671R,富邦NASDAQ反1,20,0,20,第一金-員林,2023-08-30,5381
2606,裕民,20,1,19,第一金-員林,2023-08-30,5381
1609,大亞,21,4,17,第一金-員林,2023-08-30,5381
2105,正新,27,10,17,第一金-員林,2023-08-30,5381
2390,云辰,17,0,17,第一金-員林,2023-08-30,5381
3715,定穎投控,54,37,17,第一金-員林,2023-08-30,5381
5371,中光電,19,2,17,第一金-員林,2023-08-30,5381
1529,樂事綠能,15,0,15,第一金-員林,2023-08-30,5381
00679B,元大美債20年,12,0,12,第一金-員林,2023-08-30,5381
2206,三陽工業,13,1,12,第一金-員林,2023-08-30,5381
3622,洋華,12,0,12,第一金-員林,2023-08-30,5381
00923,群益台ESG低碳50,11,0,11,第一金-員林,2023-08-30,5381
1909,榮成,10,0,10,第一金-員林,2023-08-30,5381
2399,映泰,10,0,10,第一金-員林,2023-08-30,5381
2439,美律,10,0,10,第一金-員林,2023-08-30,5381
2520,冠德,10,0,10,第一金-員林,2023-08-30,5381
2890,永豐金,10,0,10,第一金-員林,2023-08-30,5381
6829,千附精密,10,0,10,第一金-員林,2023-08-30,5381
3481,群創,10,0,10,第一金-員林,2023-08-30,5381
00878,國泰永續高股息,9,0,9,第一金-員林,2023-08-30,5381
2324,仁寶,11,3,8,第一金-員林,2023-08-30,5381
6733,博晟生醫,8,0,8,第一金-員林,2023-08-30,5381
00919,群益台灣精選高息,8,1,7,第一金-員林,2023-08-30,5381
3056,富華新,10,3,7,第一金-員林,2023-08-30,5381
2301,光寶科,15,8,7,第一金-員林,2023-08-30,5381
2303,聯電,12,5,7,第一金-員林,2023-08-30,5381
2329,華泰,21,14,7,第一金-員林,2023-08-30,5381
2886,兆豐金,6,0,6,第一金-員林,2023-08-30,5381
1810,和成,6,0,6,第一金-員林,2023-08-30,5381
2371,大同,7,1,6,第一金-員林,2023-08-30,5381
2388,威盛,9,3,6,第一金-員林,2023-08-30,5381
2610,華航,15,9,6,第一金-員林,2023-08-30,5381
5009,榮剛,7,2,5,第一金-員林,2023-08-30,5381
00882,中信中國高股息,5,0,5,第一金-員林,2023-08-30,5381
00772B,中信高評級公司債,5,0,5,第一金-員林,2023-08-30,5381
2365,昆盈,5,0,5,第一金-員林,2023-08-30,5381
3441,聯一光,5,0,5,第一金-員林,2023-08-30,5381
5880,合庫金,5,0,5,第一金-員林,2023-08-30,5381
2376,技嘉,15,10,5,第一金-員林,2023-08-30,5381
3037,欣興,9,5,4,第一金-員林,2023-08-30,5381
00900,富邦特選高股息30,4,0,4,第一金-員林,2023-08-30,5381
1584,精剛,7,3,4,第一金-員林,2023-08-30,5381
2022,聚亨,4,0,4,第一金-員林,2023-08-30,5381
2344,華邦電,7,3,4,第一金-員林,2023-08-30,5381
2401,凌陽,6,2,4,第一金-員林,2023-08-30,5381
2413,環科,4,0,4,第一金-員林,2023-08-30,5381
2436,偉詮電,14,10,4,第一金-員林,2023-08-30,5381
2903,遠百,4,0,4,第一金-員林,2023-08-30,5381
1101,台泥,71,2,69,第一金-員林,2023-08-31,5381
2610,華航,60,5,55,第一金-員林,2023-08-31,5381
1904,正隆,39,0,39,第一金-員林,2023-08-31,5381
2436,偉詮電,53,15,38,第一金-員林,2023-08-31,5381
2883,凱基金,31,0,31,第一金-員林,2023-08-31,5381
2206,三陽工業,30,1,29,第一金-員林,2023-08-31,5381
00919,群益台灣精選高息,24,0,24,第一金-員林,2023-08-31,5381
2485,兆赫,37,15,22,第一金-員林,2023-08-31,5381
8358,金居,45,25,20,第一金-員林,2023-08-31,5381
4958,臻鼎-KY,20,1,19,第一金-員林,2023-08-31,5381
2439,美律,18,0,18,第一金-員林,2023-08-31,5381
1319,東陽,19,3,16,第一金-員林,2023-08-31,5381
2608,嘉里大榮,16,0,16,第一金-員林,2023-08-31,5381
3711,日月光投控,67,51,16,第一金-員林,2023-08-31,5381
5452,佶優,17,1,16,第一金-員林,2023-08-31,5381
6173,信昌電,15,0,15,第一金-員林,2023-08-31,5381
2363,矽統,151,136,15,第一金-員林,2023-08-31,5381
5381,合正,18,4,14,第一金-員林,2023-08-31,5381
2834,臺企銀,16,3,13,第一金-員林,2023-08-31,5381
2303,聯電,19,7,12,第一金-員林,2023-08-31,5381
00878,國泰永續高股息,17,5,12,第一金-員林,2023-08-31,5381
0050,元大台灣50,13,2,11,第一金-員林,2023-08-31,5381
2399,映泰,11,0,11,第一金-員林,2023-08-31,5381
2460,建通,11,0,11,第一金-員林,2023-08-31,5381
9105,泰金寶-DR,131,120,11,第一金-員林,2023-08-31,5381
00637L,元大滬深300正2,10,0,10,第一金-員林,2023-08-31,5381
1210,大成,10,0,10,第一金-員林,2023-08-31,5381
2816,旺旺保,10,0,10,第一金-員林,2023-08-31,5381
2881,富邦金,10,0,10,第一金-員林,2023-08-31,5381
2882,國泰金,11,1,10,第一金-員林,2023-08-31,5381
6285,啟��,23,13,10,第一金-員林,2023-08-31,5381
2892,第一金,10,0,10,第一金-員林,2023-08-31,5381
3362,先進光,9,0,9,第一金-員林,2023-08-31,5381
1605,華新,15,6,9,第一金-員林,2023-08-31,5381
00929,復華台灣科技優息,9,0,9,第一金-員林,2023-08-31,5381
6605,帝寶,8,0,8,第一金-員林,2023-08-31,5381
6733,博晟生醫,10,2,8,第一金-員林,2023-08-31,5381
2344,華邦電,11,4,7,第一金-員林,2023-08-31,5381
2390,云辰,8,1,7,第一金-員林,2023-08-31,5381
9934,成霖,7,0,7,第一金-員林,2023-08-31,5381
1402,遠東新,6,0,6,第一金-員林,2023-08-31,5381
2401,凌陽,13,7,6,第一金-員林,2023-08-31,5381
4906,正文,6,0,6,第一金-員林,2023-08-31,5381
5488,松普,6,0,6,第一金-員林,2023-08-31,5381
6547,高端疫苗,8,2,6,第一金-員林,2023-08-31,5381
1316,上曜,7,2,5,第一金-員林,2023-08-31,5381
2801,彰銀,5,0,5,第一金-員林,2023-08-31,5381
00877,復華中國5G,5,0,5,第一金-員林,2023-08-31,5381
2462,良得電,5,0,5,第一金-員林,2023-08-31,5381
2515,中工,5,0,5,第一金-員林,2023-08-31,5381
3231,緯創,80,13,67,第一金-員林,2023-09-01,5381
00893,國泰智能電動車,56,0,56,第一金-員林,2023-09-01,5381
00932,兆豐永續高息等權,54,0,54,第一金-員林,2023-09-01,5381
00671R,富邦NASDAQ反1,46,0,46,第一金-員林,2023-09-01,5381
00712,復華富時不動產,40,0,40,第一金-員林,2023-09-01,5381
00929,復華台灣科技優息,37,3,34,第一金-員林,2023-09-01,5381
00878,國泰永續高股息,32,0,32,第一金-員林,2023-09-01,5381
2329,華泰,47,23,24,第一金-員林,2023-09-01,5381
2913,農林,24,0,24,第一金-員林,2023-09-01,5381
5864,致和證,23,0,23,第一金-員林,2023-09-01,5381
00687B,國泰20年美債,20,0,20,第一金-員林,2023-09-01,5381
1605,華新,23,5,18,第一金-員林,2023-09-01,5381
00919,群益台灣精選高息,33,15,18,第一金-員林,2023-09-01,5381
2402,毅嘉,154,136,18,第一金-員林,2023-09-01,5381
1802,台玻,38,23,15,第一金-員林,2023-09-01,5381
3711,日月光投控,30,15,15,第一金-員林,2023-09-01,5381
4906,正文,15,0,15,第一金-員林,2023-09-01,5381
2331,精英,17,4,13,第一金-員林,2023-09-01,5381
1103,嘉泥,12,0,12,第一金-員林,2023-09-01,5381
1905,華紙,22,10,12,第一金-員林,2023-09-01,5381
8048,德勝,12,0,12,第一金-員林,2023-09-01,5381
8183,精星,14,2,12,第一金-員林,2023-09-01,5381
0056,元大高股息,12,1,11,第一金-員林,2023-09-01,5381
2399,映泰,12,1,11,第一金-員林,2023-09-01,5381
2812,台中銀,11,0,11,第一金-員林,2023-09-01,5381
2027,大成鋼,10,0,10,第一金-員林,2023-09-01,5381
2380,虹光,10,0,10,第一金-員林,2023-09-01,5381
2543,皇昌,10,0,10,第一金-員林,2023-09-01,5381
1515,力山,9,0,9,第一金-員林,2023-09-01,5381
1710,東聯,9,0,9,第一金-員林,2023-09-01,5381
2324,仁寶,15,6,9,第一金-員林,2023-09-01,5381
6456,GIS-KY,10,1,9,第一金-員林,2023-09-01,5381
6733,博晟生醫,11,2,9,第一金-員林,2023-09-01,5381
1806,冠軍,10,2,8,第一金-員林,2023-09-01,5381
4909,新復興,10,2,8,第一金-員林,2023-09-01,5381
2356,英業達,21,14,7,第一金-員林,2023-09-01,5381
2206,三陽工業,15,8,7,第一金-員林,2023-09-01,5381
1609,大亞,9,2,7,第一金-員林,2023-09-01,5381
1216,統一,6,0,6,第一金-員林,2023-09-01,5381
1101,台泥,6,0,6,第一金-員林,2023-09-01,5381
1459,聯發,6,0,6,第一金-員林,2023-09-01,5381
2363,矽統,120,114,6,第一金-員林,2023-09-01,5381
3046,建��,6,0,6,第一金-員林,2023-09-01,5381
3060,銘異,7,1,6,第一金-員林,2023-09-01,5381
4915,致伸,6,0,6,第一金-員林,2023-09-01,5381
5371,中光電,15,9,6,第一金-員林,2023-09-01,5381
9110,越南控-DR,6,0,6,第一金-員林,2023-09-01,5381
2355,敬鵬,6,0,6,第一金-員林,2023-09-01,5381
2376,技嘉,11,6,5,第一金-員林,2023-09-01,5381
2867,三商壽,5,0,5,第一金-員林,2023-09-01,5381
00680L,元大美債20正2,109,0,109,第一金-員林,2023-09-04,5381
00929,復華台灣科技優息,88,6,82,第一金-員林,2023-09-04,5381
00878,國泰永續高股息,75,7,68,第一金-員林,2023-09-04,5381
1802,台玻,62,5,57,第一金-員林,2023-09-04,5381
2323,中環,51,0,51,第一金-員林,2023-09-04,5381
00931B,統一美債20年,36,1,35,第一金-員林,2023-09-04,5381
3051,力特,34,2,32,第一金-員林,2023-09-04,5381
00919,群益台灣精選高息,32,2,30,第一金-員林,2023-09-04,5381
2485,兆赫,48,19,29,第一金-員林,2023-09-04,5381
00893,國泰智能電動車,28,0,28,第一金-員林,2023-09-04,5381
2542,興富發,23,0,23,第一金-員林,2023-09-04,5381
00688L,國泰20年美債正2,22,0,22,第一金-員林,2023-09-04,5381
5880,合庫金,21,0,21,第一金-員林,2023-09-04,5381
3257,虹冠電,21,1,20,第一金-員林,2023-09-04,5381
1605,華新,20,4,16,第一金-員林,2023-09-04,5381
2236,百達-KY,16,0,16,第一金-員林,2023-09-04,5381
2888,新光金,16,0,16,第一金-員林,2023-09-04,5381
2913,農林,16,0,16,第一金-員林,2023-09-04,5381
2022,聚亨,25,10,15,第一金-員林,2023-09-04,5381
5210,寶碩,15,0,15,第一金-員林,2023-09-04,5381
2331,精英,13,0,13,第一金-員林,2023-09-04,5381
00915,凱基優選高股息30,12,0,12,第一金-員林,2023-09-04,5381
2488,漢平,13,1,12,第一金-員林,2023-09-04,5381
5371,中光電,27,15,12,第一金-員林,2023-09-04,5381
2409,友達,11,0,11,第一金-員林,2023-09-04,5381
3567,逸昌,11,0,11,第一金-員林,2023-09-04,5381
3588,通嘉,34,23,11,第一金-員林,2023-09-04,5381
00751B,元大AAA至A公司債,11,1,10,第一金-員林,2023-09-04,5381
00897,富邦基因免疫生技,10,0,10,第一金-員林,2023-09-04,5381
00773B,中信優先金融債,10,0,10,第一金-員林,2023-09-04,5381
2492,華新科,16,6,10,第一金-員林,2023-09-04,5381
5498,凱崴,10,0,10,第一金-員林,2023-09-04,5381
6811,宏�硌穈T,10,0,10,第一金-員林,2023-09-04,5381
9110,越南控-DR,10,0,10,第一金-員林,2023-09-04,5381
6213,聯茂,9,0,9,第一金-員林,2023-09-04,5381
3548,兆利,14,5,9,第一金-員林,2023-09-04,5381
6770,力積電,11,2,9,第一金-員林,2023-09-04,5381
3004,豐達科,9,0,9,第一金-員林,2023-09-04,5381
2371,大同,20,12,8,第一金-員林,2023-09-04,5381
00715L,期街口布蘭特正2,12,4,8,第一金-員林,2023-09-04,5381
2211,長榮鋼,8,0,8,第一金-員林,2023-09-04,5381
00713,元大台灣高息低波,9,2,7,第一金-員林,2023-09-04,5381
3481,群創,8,1,7,第一金-員林,2023-09-04,5381
2363,矽統,90,83,7,第一金-員林,2023-09-04,5381
2402,毅嘉,69,62,7,第一金-員林,2023-09-04,5381
2520,冠德,7,0,7,第一金-員林,2023-09-04,5381
2610,華航,7,0,7,第一金-員林,2023-09-04,5381
5488,松普,27,20,7,第一金-員林,2023-09-04,5381
00932,兆豐永續高息等權,6,0,6,第一金-員林,2023-09-04,5381
2892,第一金,6,0,6,第一金-員林,2023-09-04,5381
00931B,統一美債20年,108,0,108,第一金-員林,2023-09-05,5381
00929,復華台灣科技優息,87,2,85,第一金-員林,2023-09-05,5381
00916,國泰全球品牌50,81,0,81,第一金-員林,2023-09-05,5381
00919,群益台灣精選高息,76,4,72,第一金-員林,2023-09-05,5381
9105,泰金寶-DR,59,2,57,第一金-員林,2023-09-05,5381
2402,毅嘉,69,25,44,第一金-員林,2023-09-05,5381
3051,力特,31,8,23,第一金-員林,2023-09-05,5381
2834,臺企銀,22,1,21,第一金-員林,2023-09-05,5381
00915,凱基優選高股息30,21,0,21,第一金-員林,2023-09-05,5381
2324,仁寶,23,2,21,第一金-員林,2023-09-05,5381
3588,通嘉,20,0,20,第一金-員林,2023-09-05,5381
00882,中信中國高股息,25,10,15,第一金-員林,2023-09-05,5381
3011,今皓,15,0,15,第一金-員林,2023-09-05,5381
3308,聯德,15,0,15,第一金-員林,2023-09-05,5381
2618,長榮航,17,3,14,第一金-員林,2023-09-05,5381
6213,聯茂,27,13,14,第一金-員林,2023-09-05,5381
2886,兆豐金,13,0,13,第一金-員林,2023-09-05,5381
4967,十銓,12,0,12,第一金-員林,2023-09-05,5381
2634,漢翔,13,2,11,第一金-員林,2023-09-05,5381
00712,復華富時不動產,11,0,11,第一金-員林,2023-09-05,5381
2409,友達,13,3,10,第一金-員林,2023-09-05,5381
1471,首利,12,2,10,第一金-員林,2023-09-05,5381
1802,台玻,11,1,10,第一金-員林,2023-09-05,5381
1815,富喬,10,0,10,第一金-員林,2023-09-05,5381
2049,上銀,13,3,10,第一金-員林,2023-09-05,5381
2358,廷鑫,10,0,10,第一金-員林,2023-09-05,5381
2539,櫻花建,10,0,10,第一金-員林,2023-09-05,5381
3049,精金,12,2,10,第一金-員林,2023-09-05,5381
3257,虹冠電,10,0,10,第一金-員林,2023-09-05,5381
5340,建榮,10,0,10,第一金-員林,2023-09-05,5381
6265,方土昶,10,0,10,第一金-員林,2023-09-05,5381
8048,德勝,10,0,10,第一金-員林,2023-09-05,5381
3027,盛達,10,1,9,第一金-員林,2023-09-05,5381
6531,愛普*,14,5,9,第一金-員林,2023-09-05,5381
00878,國泰永續高股息,11,2,9,第一金-員林,2023-09-05,5381
00772B,中信高評級公司債,8,0,8,第一金-員林,2023-09-05,5381
00637L,元大滬深300正2,8,0,8,第一金-員林,2023-09-05,5381
00720B,元大投資級公司債,8,0,8,第一金-員林,2023-09-05,5381
2462,良得電,8,0,8,第一金-員林,2023-09-05,5381
2633,台灣高鐵,8,0,8,第一金-員林,2023-09-05,5381
6133,金橋,8,0,8,第一金-員林,2023-09-05,5381
9110,越南控-DR,8,0,8,第一金-員林,2023-09-05,5381
1584,精剛,11,4,7,第一金-員林,2023-09-05,5381
3592,瑞鼎,7,0,7,第一金-員林,2023-09-05,5381
00751B,元大AAA至A公司債,7,1,6,第一金-員林,2023-09-05,5381
2605,新興,6,0,6,第一金-員林,2023-09-05,5381
00932,兆豐永續高息等權,6,0,6,第一金-員林,2023-09-05,5381
2352,佳世達,6,1,5,第一金-員林,2023-09-05,5381
2385,群光,5,0,5,第一金-員林,2023-09-05,5381
2472,立隆電,5,0,5,第一金-員林,2023-09-05,5381
9105,泰金寶-DR,132,0,132,第一金-員林,2023-09-06,5381
2323,中環,43,0,43,第一金-員林,2023-09-06,5381
5381,合正,84,48,36,第一金-員林,2023-09-06,5381
00932,兆豐永續高息等權,35,0,35,第一金-員林,2023-09-06,5381
2409,友達,35,1,34,第一金-員林,2023-09-06,5381
3481,群創,43,9,34,第一金-員林,2023-09-06,5381
6129,普誠,32,0,32,第一金-員林,2023-09-06,5381
00919,群益台灣精選高息,53,25,28,第一金-員林,2023-09-06,5381
1101,台泥,24,0,24,第一金-員林,2023-09-06,5381
00915,凱基優選高股息30,23,0,23,第一金-員林,2023-09-06,5381
00725B,國泰投資級公司債,21,0,21,第一金-員林,2023-09-06,5381
4961,天鈺,22,1,21,第一金-員林,2023-09-06,5381
8109,博大,21,0,21,第一金-員林,2023-09-06,5381
00637L,元大滬深300正2,20,0,20,第一金-員林,2023-09-06,5381
00665L,富邦�琤肭磪囓�2,20,0,20,第一金-員林,2023-09-06,5381
4944,兆遠,18,0,18,第一金-員林,2023-09-06,5381
00720B,元大投資級公司債,16,0,16,第一金-員林,2023-09-06,5381
2399,映泰,18,2,16,第一金-員林,2023-09-06,5381
00772B,中信高評級公司債,14,0,14,第一金-員林,2023-09-06,5381
00931B,統一美債20年,13,0,13,第一金-員林,2023-09-06,5381
5608,四維航,13,0,13,第一金-員林,2023-09-06,5381
4533,協易機,15,3,12,第一金-員林,2023-09-06,5381
00929,復華台灣科技優息,104,93,11,第一金-員林,2023-09-06,5381
00679B,元大美債20年,12,1,11,第一金-員林,2023-09-06,5381
00751B,元大AAA至A公司債,11,0,11,第一金-員林,2023-09-06,5381
00680L,元大美債20正2,11,0,11,第一金-員林,2023-09-06,5381
00712,復華富時不動產,20,9,11,第一金-員林,2023-09-06,5381
00885,富邦越南,11,0,11,第一金-員林,2023-09-06,5381
2356,英業達,18,7,11,第一金-員林,2023-09-06,5381
6811,宏�硌穈T,10,0,10,第一金-員林,2023-09-06,5381
00897,富邦基因免疫生技,10,0,10,第一金-員林,2023-09-06,5381
00773B,中信優先金融債,10,0,10,第一金-員林,2023-09-06,5381
00740B,富邦全球投等債,10,0,10,第一金-員林,2023-09-06,5381
00655L,國泰中國A50正2,10,0,10,第一金-員林,2023-09-06,5381
00650L,復華香港正2,10,0,10,第一金-員林,2023-09-06,5381
00633L,富邦上証正2,10,0,10,第一金-員林,2023-09-06,5381
2401,凌陽,39,29,10,第一金-員林,2023-09-06,5381
2618,長榮航,12,2,10,第一金-員林,2023-09-06,5381
9904,寶成,10,0,10,第一金-員林,2023-09-06,5381
1459,聯發,19,10,9,第一金-員林,2023-09-06,5381
2457,飛宏,9,0,9,第一金-員林,2023-09-06,5381
2101,南港,8,0,8,第一金-員林,2023-09-06,5381
2408,南亞科,8,0,8,第一金-員林,2023-09-06,5381
00706L,期元大S＆P日圓正2,7,0,7,第一金-員林,2023-09-06,5381
00688L,國泰20年美債正2,11,4,7,第一金-員林,2023-09-06,5381
00673R,期元大S＆P原油反1,7,0,7,第一金-員林,2023-09-06,5381
2610,華航,7,0,7,第一金-員林,2023-09-06,5381
2915,潤泰全,7,0,7,第一金-員林,2023-09-06,5381
2363,矽統,98,91,7,第一金-員林,2023-09-06,5381
2881,富邦金,6,0,6,第一金-員林,2023-09-06,5381
00929,復華台灣科技優息,200,43,157,第一金-員林,2023-09-07,5381
5381,合正,56,3,53,第一金-員林,2023-09-07,5381
00919,群益台灣精選高息,52,8,44,第一金-員林,2023-09-07,5381
1605,華新,37,0,37,第一金-員林,2023-09-07,5381
9904,寶成,31,0,31,第一金-員林,2023-09-07,5381
2353,宏��,32,3,29,第一金-員林,2023-09-07,5381
9105,泰金寶-DR,50,22,28,第一金-員林,2023-09-07,5381
2313,華通,42,17,25,第一金-員林,2023-09-07,5381
00915,凱基優選高股息30,24,0,24,第一金-員林,2023-09-07,5381
2880,華南金,26,2,24,第一金-員林,2023-09-07,5381
3481,群創,23,0,23,第一金-員林,2023-09-07,5381
2332,友訊,23,1,22,第一金-員林,2023-09-07,5381
2330,台積電,21,0,21,第一金-員林,2023-09-07,5381
2409,友達,21,0,21,第一金-員林,2023-09-07,5381
00712,復華富時不動產,21,0,21,第一金-員林,2023-09-07,5381
4934,太極,22,1,21,第一金-員林,2023-09-07,5381
1201,味全,20,0,20,第一金-員林,2023-09-07,5381
1324,地球,20,0,20,第一金-員林,2023-09-07,5381
2618,長榮航,22,3,19,第一金-員林,2023-09-07,5381
00665L,富邦�琤肭磪囓�2,18,0,18,第一金-員林,2023-09-07,5381
2892,第一金,18,0,18,第一金-員林,2023-09-07,5381
2358,廷鑫,29,12,17,第一金-員林,2023-09-07,5381
2614,東森,39,22,17,第一金-員林,2023-09-07,5381
2449,京元電子,24,8,16,第一金-員林,2023-09-07,5381
2633,台灣高鐵,16,0,16,第一金-員林,2023-09-07,5381
2323,中環,20,5,15,第一金-員林,2023-09-07,5381
2617,台航,15,0,15,第一金-員林,2023-09-07,5381
2399,映泰,14,0,14,第一金-員林,2023-09-07,5381
9921,巨大,13,0,13,第一金-員林,2023-09-07,5381
2458,義隆,17,4,13,第一金-員林,2023-09-07,5381
00923,群益台ESG低碳50,12,0,12,第一金-員林,2023-09-07,5381
2027,大成鋼,11,0,11,第一金-員林,2023-09-07,5381
2356,英業達,14,3,11,第一金-員林,2023-09-07,5381
3231,緯創,20,9,11,第一金-員林,2023-09-07,5381
2504,國產,11,0,11,第一金-員林,2023-09-07,5381
2485,兆赫,21,10,11,第一金-員林,2023-09-07,5381
00932,兆豐永續高息等權,10,0,10,第一金-員林,2023-09-07,5381
2511,太子,10,0,10,第一金-員林,2023-09-07,5381
6116,彩晶,10,0,10,第一金-員林,2023-09-07,5381
4173,久裕,9,0,9,第一金-員林,2023-09-07,5381
2303,聯電,9,1,8,第一金-員林,2023-09-07,5381
00931B,統一美債20年,8,0,8,第一金-員林,2023-09-07,5381
1402,遠東新,8,0,8,第一金-員林,2023-09-07,5381
3704,合勤控,16,8,8,第一金-員林,2023-09-07,5381
1802,台玻,7,0,7,第一金-員林,2023-09-07,5381
2630,亞航,10,3,7,第一金-員林,2023-09-07,5381
2816,旺旺保,7,0,7,第一金-員林,2023-09-07,5381
1101,台泥,6,0,6,第一金-員林,2023-09-07,5381
2834,臺企銀,6,0,6,第一金-員林,2023-09-07,5381
1522,堤維西,6,0,6,第一金-員林,2023-09-07,5381
00919,群益台灣精選高息,99,0,99,第一金-員林,2023-09-08,5381
2330,台積電,90,1,89,第一金-員林,2023-09-08,5381
2888,新光金,50,0,50,第一金-員林,2023-09-08,5381
0056,元大高股息,35,0,35,第一金-員林,2023-09-08,5381
00929,復華台灣科技優息,51,17,34,第一金-員林,2023-09-08,5381
1605,華新,31,0,31,第一金-員林,2023-09-08,5381
2618,長榮航,33,11,22,第一金-員林,2023-09-08,5381
5381,合正,41,21,20,第一金-員林,2023-09-08,5381
5009,榮剛,16,0,16,第一金-員林,2023-09-08,5381
00713,元大台灣高息低波,15,0,15,第一金-員林,2023-09-08,5381
3711,日月光投控,70,55,15,第一金-員林,2023-09-08,5381
3046,建��,20,6,14,第一金-員林,2023-09-08,5381
2485,兆赫,18,4,14,第一金-員林,2023-09-08,5381
2363,矽統,33,20,13,第一金-員林,2023-09-08,5381
2409,友達,13,0,13,第一金-員林,2023-09-08,5381
2486,一詮,14,1,13,第一金-員林,2023-09-08,5381
2614,東森,16,3,13,第一金-員林,2023-09-08,5381
2313,華通,14,3,11,第一金-員林,2023-09-08,5381
00687B,國泰20年美債,10,0,10,第一金-員林,2023-09-08,5381
00637L,元大滬深300正2,10,0,10,第一金-員林,2023-09-08,5381
1229,聯華,10,0,10,第一金-員林,2023-09-08,5381
3105,穩懋,10,0,10,第一金-員林,2023-09-08,5381
3189,景碩,10,0,10,第一金-員林,2023-09-08,5381
9902,台火,10,0,10,第一金-員林,2023-09-08,5381
2383,台光電,11,2,9,第一金-員林,2023-09-08,5381
2482,連宇,11,2,9,第一金-員林,2023-09-08,5381
4909,新復興,12,3,9,第一金-員林,2023-09-08,5381
00923,群益台ESG低碳50,8,0,8,第一金-員林,2023-09-08,5381
1104,環泥,8,0,8,第一金-員林,2023-09-08,5381
00665L,富邦�琤肭磪囓�2,8,0,8,第一金-員林,2023-09-08,5381
00772B,中信高評級公司債,8,0,8,第一金-員林,2023-09-08,5381
2423,固緯,8,0,8,第一金-員林,2023-09-08,5381
2439,美律,8,0,8,第一金-員林,2023-09-08,5381
3481,群創,9,1,8,第一金-員林,2023-09-08,5381
2885,元大金,7,0,7,第一金-員林,2023-09-08,5381
2886,兆豐金,12,5,7,第一金-員林,2023-09-08,5381
2880,華南金,10,3,7,第一金-員林,2023-09-08,5381
2353,宏��,7,0,7,第一金-員林,2023-09-08,5381
3689,湧德,8,1,7,第一金-員林,2023-09-08,5381
3706,神達,7,0,7,第一金-員林,2023-09-08,5381
4931,新盛力,7,0,7,第一金-員林,2023-09-08,5381
6139,亞翔,10,3,7,第一金-員林,2023-09-08,5381
9904,寶成,7,0,7,第一金-員林,2023-09-08,5381
2884,玉山金,6,0,6,第一金-員林,2023-09-08,5381
1802,台玻,6,0,6,第一金-員林,2023-09-08,5381
1909,榮成,6,0,6,第一金-員林,2023-09-08,5381
2324,仁寶,6,0,6,第一金-員林,2023-09-08,5381
3704,合勤控,6,0,6,第一金-員林,2023-09-08,5381
2002,中鋼,5,0,5,第一金-員林,2023-09-08,5381
00878,國泰永續高股息,5,0,5,第一金-員林,2023-09-08,5381
0056,元大高股息,239,4,235,第一金-員林,2023-09-11,5381
00878,國泰永續高股息,204,27,177,第一金-員林,2023-09-11,5381
00929,復華台灣科技優息,147,28,119,第一金-員林,2023-09-11,5381
9105,泰金寶-DR,95,18,77,第一金-員林,2023-09-11,5381
2359,所羅門,65,0,65,第一金-員林,2023-09-11,5381
00919,群益台灣精選高息,43,1,42,第一金-員林,2023-09-11,5381
00915,凱基優選高股息30,36,0,36,第一金-員林,2023-09-11,5381
00923,群益台ESG低碳50,33,0,33,第一金-員林,2023-09-11,5381
3231,緯創,45,18,27,第一金-員林,2023-09-11,5381
1605,華新,24,0,24,第一金-員林,2023-09-11,5381
3711,日月光投控,96,75,21,第一金-員林,2023-09-11,5381
00673R,期元大S＆P原油反1,20,0,20,第一金-員林,2023-09-11,5381
2409,友達,20,1,19,第一金-員林,2023-09-11,5381
2913,農林,19,2,17,第一金-員林,2023-09-11,5381
3481,群創,27,10,17,第一金-員林,2023-09-11,5381
1618,合機,33,17,16,第一金-員林,2023-09-11,5381
2486,一詮,20,4,16,第一金-員林,2023-09-11,5381
3029,零壹,18,3,15,第一金-員林,2023-09-11,5381
1319,東陽,21,7,14,第一金-員林,2023-09-11,5381
2634,漢翔,57,43,14,第一金-員林,2023-09-11,5381
2399,映泰,12,0,12,第一金-員林,2023-09-11,5381
00688L,國泰20年美債正2,11,0,11,第一金-員林,2023-09-11,5381
1514,亞力,12,1,11,第一金-員林,2023-09-11,5381
2888,新光金,10,0,10,第一金-員林,2023-09-11,5381
00918,大華優利高填息30,10,0,10,第一金-員林,2023-09-11,5381
00773B,中信優先金融債,10,0,10,第一金-員林,2023-09-11,5381
1417,嘉裕,10,0,10,第一金-員林,2023-09-11,5381
1709,和益,10,0,10,第一金-員林,2023-09-11,5381
2611,志信,10,0,10,第一金-員林,2023-09-11,5381
8109,博大,10,0,10,第一金-員林,2023-09-11,5381
00713,元大台灣高息低波,9,0,9,第一金-員林,2023-09-11,5381
00753L,中信中國50正2,29,20,9,第一金-員林,2023-09-11,5381
2105,正新,13,4,9,第一金-員林,2023-09-11,5381
2313,華通,15,6,9,第一金-員林,2023-09-11,5381
2356,英業達,15,6,9,第一金-員林,2023-09-11,5381
3013,晟銘電,10,1,9,第一金-員林,2023-09-11,5381
1513,中興電,8,0,8,第一金-員林,2023-09-11,5381
2353,宏��,8,0,8,第一金-員林,2023-09-11,5381
3715,定穎投控,54,46,8,第一金-員林,2023-09-11,5381
00679B,元大美債20年,8,1,7,第一金-員林,2023-09-11,5381
00881,國泰台灣5G+,7,0,7,第一金-員林,2023-09-11,5381
1810,和成,8,1,7,第一金-員林,2023-09-11,5381
3046,建��,12,5,7,第一金-員林,2023-09-11,5381
3051,力特,7,0,7,第一金-員林,2023-09-11,5381
6116,彩晶,7,0,7,第一金-員林,2023-09-11,5381
00751B,元大AAA至A公司債,6,0,6,第一金-員林,2023-09-11,5381
2439,美律,6,0,6,第一金-員林,2023-09-11,5381
5425,台半,6,0,6,第一金-員林,2023-09-11,5381
8222,寶一,15,9,6,第一金-員林,2023-09-11,5381
2312,金寶,6,0,6,第一金-員林,2023-09-11,5381
9105,泰金寶-DR,108,0,108,第一金-員林,2023-09-12,5381
00929,復華台灣科技優息,62,8,54,第一金-員林,2023-09-12,5381
00673R,期元大S＆P原油反1,43,0,43,第一金-員林,2023-09-12,5381
0056,元大高股息,39,2,37,第一金-員林,2023-09-12,5381
1524,耿鼎,34,10,24,第一金-員林,2023-09-12,5381
5381,合正,31,9,22,第一金-員林,2023-09-12,5381
00919,群益台灣精選高息,21,0,21,第一金-員林,2023-09-12,5381
00665L,富邦�琤肭磪囓�2,20,0,20,第一金-員林,2023-09-12,5381
2358,廷鑫,25,5,20,第一金-員林,2023-09-12,5381
00878,國泰永續高股息,27,7,20,第一金-員林,2023-09-12,5381
2363,矽統,119,102,17,第一金-員林,2023-09-12,5381
2402,毅嘉,22,7,15,第一金-員林,2023-09-12,5381
3036,文曄,17,2,15,第一金-員林,2023-09-12,5381
2892,第一金,15,1,14,第一金-員林,2023-09-12,5381
2206,三陽工業,14,0,14,第一金-員林,2023-09-12,5381
6517,保勝光學,14,0,14,第一金-員林,2023-09-12,5381
00720B,元大投資級公司債,13,0,13,第一金-員林,2023-09-12,5381
2002,中鋼,13,0,13,第一金-員林,2023-09-12,5381
00637L,元大滬深300正2,12,0,12,第一金-員林,2023-09-12,5381
1471,首利,16,4,12,第一金-員林,2023-09-12,5381
1229,聯華,11,0,11,第一金-員林,2023-09-12,5381
2538,基泰,34,23,11,第一金-員林,2023-09-12,5381
00633L,富邦上証正2,10,0,10,第一金-員林,2023-09-12,5381
00655L,國泰中國A50正2,10,0,10,第一金-員林,2023-09-12,5381
1305,華夏,10,0,10,第一金-員林,2023-09-12,5381
2390,云辰,10,0,10,第一金-員林,2023-09-12,5381
2495,普安,10,0,10,第一金-員林,2023-09-12,5381
4968,立積,10,0,10,第一金-員林,2023-09-12,5381
6531,愛普*,10,0,10,第一金-員林,2023-09-12,5381
1795,美時,18,9,9,第一金-員林,2023-09-12,5381
1324,地球,10,1,9,第一金-員林,2023-09-12,5381
3028,增你強,9,0,9,第一金-員林,2023-09-12,5381
6667,信紘科,9,0,9,第一金-員林,2023-09-12,5381
6806,森崴能源,9,0,9,第一金-員林,2023-09-12,5381
3481,群創,11,2,9,第一金-員林,2023-09-12,5381
8069,元太,8,0,8,第一金-員林,2023-09-12,5381
00679B,元大美債20年,8,0,8,第一金-員林,2023-09-12,5381
6125,廣運,9,2,7,第一金-員林,2023-09-12,5381
2355,敬鵬,7,0,7,第一金-員林,2023-09-12,5381
2367,燿華,7,0,7,第一金-員林,2023-09-12,5381
2409,友達,13,6,7,第一金-員林,2023-09-12,5381
2614,東森,8,1,7,第一金-員林,2023-09-12,5381
1215,卜蜂,6,0,6,第一金-員林,2023-09-12,5381
6188,廣明,6,1,5,第一金-員林,2023-09-12,5381
6770,力積電,5,0,5,第一金-員林,2023-09-12,5381
2308,台達電,5,0,5,第一金-員林,2023-09-12,5381
00740B,富邦全球投等債,5,0,5,第一金-員林,2023-09-12,5381
00725B,國泰投資級公司債,5,0,5,第一金-員林,2023-09-12,5381
00918,大華優利高填息30,5,0,5,第一金-員林,2023-09-12,5381
00902,中信電池及儲能,5,0,5,第一金-員林,2023-09-12,5381
00929,復華台灣科技優息,125,2,123,第一金-員林,2023-09-13,5381
00773B,中信優先金融債,50,0,50,第一金-員林,2023-09-13,5381
2886,兆豐金,50,0,50,第一金-員林,2023-09-13,5381
2313,華通,56,21,35,第一金-員林,2023-09-13,5381
00919,群益台灣精選高息,25,0,25,第一金-員林,2023-09-13,5381
00642U,期元大S＆P石油,20,0,20,第一金-員林,2023-09-13,5381
3711,日月光投控,20,0,20,第一金-員林,2023-09-13,5381
2409,友達,21,2,19,第一金-員林,2023-09-13,5381
00665L,富邦�琤肭磪囓�2,18,0,18,第一金-員林,2023-09-13,5381
2025,千興,16,0,16,第一金-員林,2023-09-13,5381
8422,可寧衛,16,0,16,第一金-員林,2023-09-13,5381
00650L,復華香港正2,15,0,15,第一金-員林,2023-09-13,5381
00878,國泰永續高股息,17,2,15,第一金-員林,2023-09-13,5381
1524,耿鼎,48,34,14,第一金-員林,2023-09-13,5381
1316,上曜,12,0,12,第一金-員林,2023-09-13,5381
1471,首利,13,1,12,第一金-員林,2023-09-13,5381
6517,保勝光學,12,0,12,第一金-員林,2023-09-13,5381
00673R,期元大S＆P原油反1,21,10,11,第一金-員林,2023-09-13,5381
2331,精英,9,0,9,第一金-員林,2023-09-13,5381
2399,映泰,10,1,9,第一金-員林,2023-09-13,5381
00902,中信電池及儲能,8,0,8,第一金-員林,2023-09-13,5381
2892,第一金,8,0,8,第一金-員林,2023-09-13,5381
1101,台泥,9,1,8,第一金-員林,2023-09-13,5381
3481,群創,8,1,7,第一金-員林,2023-09-13,5381
00679B,元大美債20年,7,0,7,第一金-員林,2023-09-13,5381
2883,凱基金,8,1,7,第一金-員林,2023-09-13,5381
5009,榮剛,7,0,7,第一金-員林,2023-09-13,5381
8048,德勝,11,4,7,第一金-員林,2023-09-13,5381
9945,潤泰新,7,0,7,第一金-員林,2023-09-13,5381
2317,鴻海,8,2,6,第一金-員林,2023-09-13,5381
2884,玉山金,6,0,6,第一金-員林,2023-09-13,5381
2618,長榮航,10,4,6,第一金-員林,2023-09-13,5381
3005,神基,6,0,6,第一金-員林,2023-09-13,5381
3260,威剛,8,2,6,第一金-員林,2023-09-13,5381
3346,麗清,21,15,6,第一金-員林,2023-09-13,5381
3704,合勤控,16,10,6,第一金-員林,2023-09-13,5381
1609,大亞,8,3,5,第一金-員林,2023-09-13,5381
1210,大成,5,0,5,第一金-員林,2023-09-13,5381
1102,亞泥,5,0,5,第一金-員林,2023-09-13,5381
1785,光洋科,5,0,5,第一金-員林,2023-09-13,5381
2495,普安,5,0,5,第一金-員林,2023-09-13,5381
2520,冠德,5,0,5,第一金-員林,2023-09-13,5381
2607,榮運,5,0,5,第一金-員林,2023-09-13,5381
3006,晶豪科,6,1,5,第一金-員林,2023-09-13,5381
3025,星通,18,13,5,第一金-員林,2023-09-13,5381
3308,聯德,5,0,5,第一金-員林,2023-09-13,5381
3712,永崴投控,5,0,5,第一金-員林,2023-09-13,5381
6288,聯嘉,22,17,5,第一金-員林,2023-09-13,5381
911608,明輝-DR,5,0,5,第一金-員林,2023-09-13,5381
2327,國巨,5,1,4,第一金-員林,2023-09-13,5381
00929,復華台灣科技優息,130,18,112,第一金-員林,2023-09-14,5381
1584,精剛,90,2,88,第一金-員林,2023-09-14,5381
00878,國泰永續高股息,45,4,41,第一金-員林,2023-09-14,5381
00712,復華富時不動產,31,0,31,第一金-員林,2023-09-14,5381
00895,富邦未來車,30,0,30,第一金-員林,2023-09-14,5381
2891,中信金,30,1,29,第一金-員林,2023-09-14,5381
00637L,元大滬深300正2,28,0,28,第一金-員林,2023-09-14,5381
00919,群益台灣精選高息,28,2,26,第一金-員林,2023-09-14,5381
2402,毅嘉,27,6,21,第一金-員林,2023-09-14,5381
00645,富邦日本,20,0,20,第一金-員林,2023-09-14,5381
00673R,期元大S＆P原油反1,20,0,20,第一金-員林,2023-09-14,5381
9105,泰金寶-DR,20,0,20,第一金-員林,2023-09-14,5381
3325,旭品,20,2,18,第一金-員林,2023-09-14,5381
00706L,期元大S＆P日圓正2,15,0,15,第一金-員林,2023-09-14,5381
1522,堤維西,55,41,14,第一金-員林,2023-09-14,5381
3209,全科,20,6,14,第一金-員林,2023-09-14,5381
3715,定穎投控,46,32,14,第一金-員林,2023-09-14,5381
2358,廷鑫,12,0,12,第一金-員林,2023-09-14,5381
00885,富邦越南,12,1,11,第一金-員林,2023-09-14,5381
00679B,元大美債20年,11,0,11,第一金-員林,2023-09-14,5381
00632R,元大台灣50反1,10,0,10,第一金-員林,2023-09-14,5381
2376,技嘉,16,6,10,第一金-員林,2023-09-14,5381
2883,凱基金,12,2,10,第一金-員林,2023-09-14,5381
2913,農林,10,0,10,第一金-員林,2023-09-14,5381
2618,長榮航,13,5,8,第一金-員林,2023-09-14,5381
1101,台泥,9,1,8,第一金-員林,2023-09-14,5381
2409,友達,8,0,8,第一金-員林,2023-09-14,5381
2413,環科,9,1,8,第一金-員林,2023-09-14,5381
4958,臻鼎-KY,10,2,8,第一金-員林,2023-09-14,5381
3035,智原,21,14,7,第一金-員林,2023-09-14,5381
1319,東陽,12,5,7,第一金-員林,2023-09-14,5381
8088,品安,8,1,7,第一金-員林,2023-09-14,5381
4739,康普,7,0,7,第一金-員林,2023-09-14,5381
2314,台揚,8,2,6,第一金-員林,2023-09-14,5381
5009,榮剛,10,4,6,第一金-員林,2023-09-14,5381
00724B,群益投資級金融債,5,0,5,第一金-員林,2023-09-14,5381
1568,倉佑,27,22,5,第一金-員林,2023-09-14,5381
2301,光寶科,8,3,5,第一金-員林,2023-09-14,5381
3308,聯德,5,0,5,第一金-員林,2023-09-14,5381
6265,方土昶,5,0,5,第一金-員林,2023-09-14,5381
6770,力積電,5,0,5,第一金-員林,2023-09-14,5381
3481,群創,12,8,4,第一金-員林,2023-09-14,5381
8033,雷虎,5,1,4,第一金-員林,2023-09-14,5381
2371,大同,15,11,4,第一金-員林,2023-09-14,5381
2408,南亞科,4,0,4,第一金-員林,2023-09-14,5381
2630,亞航,4,0,4,第一金-員林,2023-09-14,5381
3322,建舜電,5,1,4,第一金-員林,2023-09-14,5381
3372,典範,4,0,4,第一金-員林,2023-09-14,5381
5439,高技,4,0,4,第一金-員林,2023-09-14,5381
5516,雙喜,4,0,4,第一金-員林,2023-09-14,5381
00929,復華台灣科技優息,141,7,134,第一金-員林,2023-09-15,5381
00919,群益台灣精選高息,124,1,123,第一金-員林,2023-09-15,5381
2002,中鋼,75,1,74,第一金-員林,2023-09-15,5381
2610,華航,74,10,64,第一金-員林,2023-09-15,5381
00673R,期元大S＆P原油反1,42,0,42,第一金-員林,2023-09-15,5381
6517,保勝光學,39,0,39,第一金-員林,2023-09-15,5381
912000,晨訊科-DR,40,2,38,第一金-員林,2023-09-15,5381
6284,佳邦,35,0,35,第一金-員林,2023-09-15,5381
3325,旭品,35,0,35,第一金-員林,2023-09-15,5381
2458,義隆,33,0,33,第一金-員林,2023-09-15,5381
3189,景碩,32,1,31,第一金-員林,2023-09-15,5381
2314,台揚,28,0,28,第一金-員林,2023-09-15,5381
00885,富邦越南,30,3,27,第一金-員林,2023-09-15,5381
2486,一詮,37,13,24,第一金-員林,2023-09-15,5381
00712,復華富時不動產,22,0,22,第一金-員林,2023-09-15,5381
3260,威剛,37,16,21,第一金-員林,2023-09-15,5381
00637L,元大滬深300正2,19,0,19,第一金-員林,2023-09-15,5381
1909,榮成,20,1,19,第一金-員林,2023-09-15,5381
3481,群創,24,6,18,第一金-員林,2023-09-15,5381
2618,長榮航,20,4,16,第一金-員林,2023-09-15,5381
2641,正德,16,1,15,第一金-員林,2023-09-15,5381
1905,華紙,16,3,13,第一金-員林,2023-09-15,5381
5488,松普,13,0,13,第一金-員林,2023-09-15,5381
9802,鈺齊-KY,13,0,13,第一金-員林,2023-09-15,5381
3042,晶技,11,0,11,第一金-員林,2023-09-15,5381
00753L,中信中國50正2,10,0,10,第一金-員林,2023-09-15,5381
00655L,國泰中國A50正2,10,0,10,第一金-員林,2023-09-15,5381
00633L,富邦上証正2,10,0,10,第一金-員林,2023-09-15,5381
1711,永光,10,0,10,第一金-員林,2023-09-15,5381
2022,聚亨,10,0,10,第一金-員林,2023-09-15,5381
2520,冠德,10,0,10,第一金-員林,2023-09-15,5381
3588,通嘉,10,0,10,第一金-員林,2023-09-15,5381
2891,中信金,9,0,9,第一金-員林,2023-09-15,5381
2317,鴻海,11,2,9,第一金-員林,2023-09-15,5381
00931B,統一美債20年,8,0,8,第一金-員林,2023-09-15,5381
1513,中興電,8,0,8,第一金-員林,2023-09-15,5381
2609,陽明,23,15,8,第一金-員林,2023-09-15,5381
8926,台汽電,8,0,8,第一金-員林,2023-09-15,5381
2312,金寶,7,0,7,第一金-員林,2023-09-15,5381
3058,立德,7,0,7,第一金-員林,2023-09-15,5381
3094,聯傑,10,3,7,第一金-員林,2023-09-15,5381
3450,聯鈞,8,1,7,第一金-員林,2023-09-15,5381
5215,科嘉-KY,7,0,7,第一金-員林,2023-09-15,5381
3035,智原,19,13,6,第一金-員林,2023-09-15,5381
4908,前鼎,38,32,6,第一金-員林,2023-09-15,5381
00679B,元大美債20年,6,1,5,第一金-員林,2023-09-15,5381
00902,中信電池及儲能,5,0,5,第一金-員林,2023-09-15,5381
00725B,國泰投資級公司債,5,0,5,第一金-員林,2023-09-15,5381
2338,光罩,5,0,5,第一金-員林,2023-09-15,5381
2352,佳世達,9,4,5,第一金-員林,2023-09-15,5381
00929,復華台灣科技優息,2025,22,2003,第一金-員林,2023-09-18,5381
0056,元大高股息,117,12,105,第一金-員林,2023-09-18,5381
00919,群益台灣精選高息,98,6,92,第一金-員林,2023-09-18,5381
00900,富邦特選高股息30,78,0,78,第一金-員林,2023-09-18,5381
1103,嘉泥,50,0,50,第一金-員林,2023-09-18,5381
00720B,元大投資級公司債,47,0,47,第一金-員林,2023-09-18,5381
00751B,元大AAA至A公司債,42,0,42,第一金-員林,2023-09-18,5381
6517,保勝光學,41,1,40,第一金-員林,2023-09-18,5381
00679B,元大美債20年,36,0,36,第一金-員林,2023-09-18,5381
00773B,中信優先金融債,30,0,30,第一金-員林,2023-09-18,5381
2409,友達,26,1,25,第一金-員林,2023-09-18,5381
00878,國泰永續高股息,56,31,25,第一金-員林,2023-09-18,5381
3711,日月光投控,30,6,24,第一金-員林,2023-09-18,5381
2367,燿華,35,11,24,第一金-員林,2023-09-18,5381
00931B,統一美債20年,23,0,23,第一金-員林,2023-09-18,5381
2354,鴻準,23,0,23,第一金-員林,2023-09-18,5381
2363,矽統,135,113,22,第一金-員林,2023-09-18,5381
3046,建��,21,0,21,第一金-員林,2023-09-18,5381
2002,中鋼,21,1,20,第一金-員林,2023-09-18,5381
2402,毅嘉,21,3,18,第一金-員林,2023-09-18,5381
1319,東陽,18,1,17,第一金-員林,2023-09-18,5381
2007,燁興,30,15,15,第一金-員林,2023-09-18,5381
00680L,元大美債20正2,14,1,13,第一金-員林,2023-09-18,5381
0050,元大台灣50,13,0,13,第一金-員林,2023-09-18,5381
2485,兆赫,14,2,12,第一金-員林,2023-09-18,5381
5328,華容,12,0,12,第一金-員林,2023-09-18,5381
3308,聯德,11,0,11,第一金-員林,2023-09-18,5381
3432,台端,11,0,11,第一金-員林,2023-09-18,5381
6485,點序,11,0,11,第一金-員林,2023-09-18,5381
00713,元大台灣高息低波,16,5,11,第一金-員林,2023-09-18,5381
00688L,國泰20年美債正2,13,3,10,第一金-員林,2023-09-18,5381
1795,美時,13,3,10,第一金-員林,2023-09-18,5381
3058,立德,13,3,10,第一金-員林,2023-09-18,5381
5355,佳總,10,0,10,第一金-員林,2023-09-18,5381
5381,合正,17,7,10,第一金-員林,2023-09-18,5381
2892,第一金,9,0,9,第一金-員林,2023-09-18,5381
2376,技嘉,8,0,8,第一金-員林,2023-09-18,5381
00687B,國泰20年美債,8,0,8,第一金-員林,2023-09-18,5381
3706,神達,9,1,8,第一金-員林,2023-09-18,5381
2330,台積電,8,0,8,第一金-員林,2023-09-18,5381
00882,中信中國高股息,8,0,8,第一金-員林,2023-09-18,5381
00902,中信電池及儲能,7,0,7,第一金-員林,2023-09-18,5381
2483,百容,7,0,7,第一金-員林,2023-09-18,5381
6190,萬泰科,16,9,7,第一金-員林,2023-09-18,5381
00918,大華優利高填息30,7,1,6,第一金-員林,2023-09-18,5381
3231,緯創,21,15,6,第一金-員林,2023-09-18,5381
00907,永豐優息存股,6,0,6,第一金-員林,2023-09-18,5381
4979,華星光,8,2,6,第一金-員林,2023-09-18,5381
6284,佳邦,6,0,6,第一金-員林,2023-09-18,5381
6274,台燿,6,1,5,第一金-員林,2023-09-18,5381
2618,長榮航,105,0,105,第一金-員林,2023-09-19,5381
2888,新光金,103,0,103,第一金-員林,2023-09-19,5381
00929,復華台灣科技優息,84,5,79,第一金-員林,2023-09-19,5381
2617,台航,81,12,69,第一金-員林,2023-09-19,5381
00919,群益台灣精選高息,79,20,59,第一金-員林,2023-09-19,5381
2812,台中銀,50,5,45,第一金-員林,2023-09-19,5381
4944,兆遠,37,0,37,第一金-員林,2023-09-19,5381
00922,國泰台灣領袖50,30,0,30,第一金-員林,2023-09-19,5381
9103,美德醫療-DR,30,0,30,第一金-員林,2023-09-19,5381
5328,華容,28,0,28,第一金-員林,2023-09-19,5381
9105,泰金寶-DR,27,0,27,第一金-員林,2023-09-19,5381
2913,農林,22,0,22,第一金-員林,2023-09-19,5381
00665L,富邦�琤肭磪囓�2,21,2,19,第一金-員林,2023-09-19,5381
00885,富邦越南,19,0,19,第一金-員林,2023-09-19,5381
2356,英業達,20,1,19,第一金-員林,2023-09-19,5381
2462,良得電,23,4,19,第一金-員林,2023-09-19,5381
2610,華航,17,0,17,第一金-員林,2023-09-19,5381
2633,台灣高鐵,16,0,16,第一金-員林,2023-09-19,5381
1802,台玻,20,5,15,第一金-員林,2023-09-19,5381
1905,華紙,15,0,15,第一金-員林,2023-09-19,5381
6806,森崴能源,15,0,15,第一金-員林,2023-09-19,5381
3035,智原,26,11,15,第一金-員林,2023-09-19,5381
6517,保勝光學,12,0,12,第一金-員林,2023-09-19,5381
8358,金居,12,1,11,第一金-員林,2023-09-19,5381
00878,國泰永續高股息,12,1,11,第一金-員林,2023-09-19,5381
00713,元大台灣高息低波,11,0,11,第一金-員林,2023-09-19,5381
00673R,期元大S＆P原油反1,11,0,11,第一金-員林,2023-09-19,5381
1809,中釉,11,0,11,第一金-員林,2023-09-19,5381
4142,國光生,11,0,11,第一金-員林,2023-09-19,5381
3231,緯創,28,17,11,第一金-員林,2023-09-19,5381
00753L,中信中國50正2,10,0,10,第一金-員林,2023-09-19,5381
00897,富邦基因免疫生技,10,0,10,第一金-員林,2023-09-19,5381
2915,潤泰全,10,0,10,第一金-員林,2023-09-19,5381
3520,華盈,10,0,10,第一金-員林,2023-09-19,5381
4533,協易機,10,0,10,第一金-員林,2023-09-19,5381
4958,臻鼎-KY,14,4,10,第一金-員林,2023-09-19,5381
6160,欣技,10,0,10,第一金-員林,2023-09-19,5381
2382,廣達,30,21,9,第一金-員林,2023-09-19,5381
2486,一詮,12,4,8,第一金-員林,2023-09-19,5381
3013,晟銘電,8,0,8,第一金-員林,2023-09-19,5381
3624,光頡,8,0,8,第一金-員林,2023-09-19,5381
1584,精剛,12,5,7,第一金-員林,2023-09-19,5381
4968,立積,7,0,7,第一金-員林,2023-09-19,5381
4979,華星光,12,5,7,第一金-員林,2023-09-19,5381
6531,愛普*,8,1,7,第一金-員林,2023-09-19,5381
8467,波力-KY,7,0,7,第一金-員林,2023-09-19,5381
6284,佳邦,7,1,6,第一金-員林,2023-09-19,5381
00921,兆豐龍頭等權重,6,0,6,第一金-員林,2023-09-19,5381
1789,神隆,6,0,6,第一金-員林,2023-09-19,5381
2331,精英,6,0,6,第一金-員林,2023-09-19,5381
00929,復華台灣科技優息,208,64,144,第一金-員林,2023-09-20,5381
1316,上曜,88,2,86,第一金-員林,2023-09-20,5381
2330,台積電,72,2,70,第一金-員林,2023-09-20,5381
3481,群創,58,3,55,第一金-員林,2023-09-20,5381
00919,群益台灣精選高息,54,2,52,第一金-員林,2023-09-20,5381
2313,華通,83,36,47,第一金-員林,2023-09-20,5381
00720B,元大投資級公司債,37,0,37,第一金-員林,2023-09-20,5381
2838,聯邦銀,29,0,29,第一金-員林,2023-09-20,5381
00665L,富邦�琤肭磪囓�2,28,0,28,第一金-員林,2023-09-20,5381
2002,中鋼,27,0,27,第一金-員林,2023-09-20,5381
2913,農林,29,4,25,第一金-員林,2023-09-20,5381
6517,保勝光學,21,0,21,第一金-員林,2023-09-20,5381
00679B,元大美債20年,21,1,20,第一金-員林,2023-09-20,5381
00923,群益台ESG低碳50,19,0,19,第一金-員林,2023-09-20,5381
1802,台玻,18,1,17,第一金-員林,2023-09-20,5381
00713,元大台灣高息低波,14,0,14,第一金-員林,2023-09-20,5381
00902,中信電池及儲能,13,0,13,第一金-員林,2023-09-20,5381
1616,億泰,13,0,13,第一金-員林,2023-09-20,5381
2605,新興,17,4,13,第一金-員林,2023-09-20,5381
8088,品安,17,4,13,第一金-員林,2023-09-20,5381
1605,華新,14,2,12,第一金-員林,2023-09-20,5381
2417,圓剛,18,6,12,第一金-員林,2023-09-20,5381
8422,可寧衛,12,0,12,第一金-員林,2023-09-20,5381
00878,國泰永續高股息,11,0,11,第一金-員林,2023-09-20,5381
00921,兆豐龍頭等權重,11,0,11,第一金-員林,2023-09-20,5381
00688L,國泰20年美債正2,11,0,11,第一金-員林,2023-09-20,5381
1339,昭輝,11,0,11,第一金-員林,2023-09-20,5381
2377,微星,14,3,11,第一金-員林,2023-09-20,5381
3033,威健,11,0,11,第一金-員林,2023-09-20,5381
00650L,復華香港正2,10,0,10,第一金-員林,2023-09-20,5381
00673R,期元大S＆P原油反1,10,0,10,第一金-員林,2023-09-20,5381
5299,杰力,10,0,10,第一金-員林,2023-09-20,5381
5328,華容,10,0,10,第一金-員林,2023-09-20,5381
5381,合正,20,10,10,第一金-員林,2023-09-20,5381
1101,台泥,10,0,10,第一金-員林,2023-09-20,5381
00680L,元大美債20正2,11,2,9,第一金-員林,2023-09-20,5381
2332,友訊,15,6,9,第一金-員林,2023-09-20,5381
2367,燿華,31,22,9,第一金-員林,2023-09-20,5381
1513,中興電,8,0,8,第一金-員林,2023-09-20,5381
2317,鴻海,8,0,8,第一金-員林,2023-09-20,5381
3264,欣銓,12,4,8,第一金-員林,2023-09-20,5381
6223,旺矽,9,1,8,第一金-員林,2023-09-20,5381
6901,鑽石投資,13,5,8,第一金-員林,2023-09-20,5381
00893,國泰智能電動車,7,0,7,第一金-員林,2023-09-20,5381
2610,華航,7,0,7,第一金-員林,2023-09-20,5381
00922,國泰台灣領袖50,6,0,6,第一金-員林,2023-09-20,5381
2208,台船,13,7,6,第一金-員林,2023-09-20,5381
2884,玉山金,6,0,6,第一金-員林,2023-09-20,5381
3715,定穎投控,35,29,6,第一金-員林,2023-09-20,5381
0056,元大高股息,10,5,5,第一金-員林,2023-09-20,5381
00929,復華台灣科技優息,147,4,143,第一金-員林,2023-09-21,5381
2330,台積電,130,0,130,第一金-員林,2023-09-21,5381
9105,泰金寶-DR,118,6,112,第一金-員林,2023-09-21,5381
0056,元大高股息,93,0,93,第一金-員林,2023-09-21,5381
3033,威健,62,0,62,第一金-員林,2023-09-21,5381
00921,兆豐龍頭等權重,56,0,56,第一金-員林,2023-09-21,5381
2915,潤泰全,50,0,50,第一金-員林,2023-09-21,5381
00713,元大台灣高息低波,35,0,35,第一金-員林,2023-09-21,5381
00665L,富邦�琤肭磪囓�2,33,0,33,第一金-員林,2023-09-21,5381
2357,華碩,31,0,31,第一金-員林,2023-09-21,5381
00650L,復華香港正2,26,0,26,第一金-員林,2023-09-21,5381
00878,國泰永續高股息,50,25,25,第一金-員林,2023-09-21,5381
1616,億泰,24,0,24,第一金-員林,2023-09-21,5381
2883,凱基金,23,0,23,第一金-員林,2023-09-21,5381
00679B,元大美債20年,23,0,23,第一金-員林,2023-09-21,5381
00637L,元大滬深300正2,23,0,23,第一金-員林,2023-09-21,5381
1584,精剛,85,65,20,第一金-員林,2023-09-21,5381
1101,台泥,18,0,18,第一金-員林,2023-09-21,5381
00923,群益台ESG低碳50,18,0,18,第一金-員林,2023-09-21,5381
3481,群創,18,1,17,第一金-員林,2023-09-21,5381
2317,鴻海,19,3,16,第一金-員林,2023-09-21,5381
5880,合庫金,15,0,15,第一金-員林,2023-09-21,5381
3711,日月光投控,35,20,15,第一金-員林,2023-09-21,5381
00900,富邦特選高股息30,15,0,15,第一金-員林,2023-09-21,5381
2882,國泰金,15,0,15,第一金-員林,2023-09-21,5381
2002,中鋼,14,0,14,第一金-員林,2023-09-21,5381
0050,元大台灣50,13,0,13,第一金-員林,2023-09-21,5381
00680L,元大美債20正2,16,3,13,第一金-員林,2023-09-21,5381
2880,華南金,13,0,13,第一金-員林,2023-09-21,5381
4958,臻鼎-KY,13,0,13,第一金-員林,2023-09-21,5381
00882,中信中國高股息,13,0,13,第一金-員林,2023-09-21,5381
00881,國泰台灣5G+,14,2,12,第一金-員林,2023-09-21,5381
2614,東森,12,0,12,第一金-員林,2023-09-21,5381
1108,幸福,12,0,12,第一金-員林,2023-09-21,5381
2897,王道銀行,12,0,12,第一金-員林,2023-09-21,5381
00888,永豐台灣ESG,11,0,11,第一金-員林,2023-09-21,5381
3265,台星科,12,1,11,第一金-員林,2023-09-21,5381
00932,兆豐永續高息等權,10,0,10,第一金-員林,2023-09-21,5381
00655L,國泰中國A50正2,10,0,10,第一金-員林,2023-09-21,5381
00897,富邦基因免疫生技,10,0,10,第一金-員林,2023-09-21,5381
2520,冠德,10,0,10,第一金-員林,2023-09-21,5381
5328,華容,10,0,10,第一金-員林,2023-09-21,5381
6005,群益證,10,0,10,第一金-員林,2023-09-21,5381
2376,技嘉,16,7,9,第一金-員林,2023-09-21,5381
1711,永光,9,0,9,第一金-員林,2023-09-21,5381
2603,長榮,10,1,9,第一金-員林,2023-09-21,5381
2637,慧洋-KY,11,2,9,第一金-員林,2023-09-21,5381
00919,群益台灣精選高息,35,26,9,第一金-員林,2023-09-21,5381
2618,長榮航,13,5,8,第一金-員林,2023-09-21,5381
2884,玉山金,8,0,8,第一金-員林,2023-09-21,5381
2891,中信金,106,0,106,第一金-員林,2023-09-22,5381
00679B,元大美債20年,105,0,105,第一金-員林,2023-09-22,5381
00712,復華富時不動產,88,0,88,第一金-員林,2023-09-22,5381
00929,復華台灣科技優息,126,51,75,第一金-員林,2023-09-22,5381
00688L,國泰20年美債正2,67,0,67,第一金-員林,2023-09-22,5381
9103,美德醫療-DR,69,26,43,第一金-員林,2023-09-22,5381
00931B,統一美債20年,41,0,41,第一金-員林,2023-09-22,5381
00720B,元大投資級公司債,39,0,39,第一金-員林,2023-09-22,5381
3033,威健,39,0,39,第一金-員林,2023-09-22,5381
00893,國泰智能電動車,28,2,26,第一金-員林,2023-09-22,5381
1319,東陽,25,0,25,第一金-員林,2023-09-22,5381
3189,景碩,26,1,25,第一金-員林,2023-09-22,5381
00885,富邦越南,23,0,23,第一金-員林,2023-09-22,5381
2637,慧洋-KY,32,10,22,第一金-員林,2023-09-22,5381
1101,台泥,21,0,21,第一金-員林,2023-09-22,5381
2634,漢翔,25,6,19,第一金-員林,2023-09-22,5381
00680L,元大美債20正2,16,0,16,第一金-員林,2023-09-22,5381
00773B,中信優先金融債,16,0,16,第一金-員林,2023-09-22,5381
5533,皇鼎,16,0,16,第一金-員林,2023-09-22,5381
2354,鴻準,15,0,15,第一金-員林,2023-09-22,5381
2538,基泰,15,0,15,第一金-員林,2023-09-22,5381
00772B,中信高評級公司債,13,0,13,第一金-員林,2023-09-22,5381
2882,國泰金,13,0,13,第一金-員林,2023-09-22,5381
00878,國泰永續高股息,16,3,13,第一金-員林,2023-09-22,5381
00725B,國泰投資級公司債,12,0,12,第一金-員林,2023-09-22,5381
2367,燿華,20,8,12,第一金-員林,2023-09-22,5381
3231,緯創,20,9,11,第一金-員林,2023-09-22,5381
00753L,中信中國50正2,11,0,11,第一金-員林,2023-09-22,5381
2880,華南金,11,0,11,第一金-員林,2023-09-22,5381
6530,創威,12,1,11,第一金-員林,2023-09-22,5381
2330,台積電,19,9,10,第一金-員林,2023-09-22,5381
00913,兆豐台灣晶圓製造,10,0,10,第一金-員林,2023-09-22,5381
1612,宏泰,10,0,10,第一金-員林,2023-09-22,5381
2204,中華,10,0,10,第一金-員林,2023-09-22,5381
2337,旺宏,10,0,10,第一金-員林,2023-09-22,5381
2520,冠德,10,0,10,第一金-員林,2023-09-22,5381
3002,歐格,10,0,10,第一金-員林,2023-09-22,5381
3481,群創,11,1,10,第一金-員林,2023-09-22,5381
912000,晨訊科-DR,10,0,10,第一金-員林,2023-09-22,5381
00650L,復華香港正2,10,1,9,第一金-員林,2023-09-22,5381
3706,神達,20,12,8,第一金-員林,2023-09-22,5381
5880,合庫金,8,0,8,第一金-員林,2023-09-22,5381
6191,精成科,8,0,8,第一金-員林,2023-09-22,5381
00751B,元大AAA至A公司債,7,0,7,第一金-員林,2023-09-22,5381
2542,興富發,7,0,7,第一金-員林,2023-09-22,5381
2409,友達,8,1,7,第一金-員林,2023-09-22,5381
2905,三商,7,0,7,第一金-員林,2023-09-22,5381
2892,第一金,6,0,6,第一金-員林,2023-09-22,5381
3092,鴻碩,6,0,6,第一金-員林,2023-09-22,5381
2881,富邦金,6,0,6,第一金-員林,2023-09-22,5381
00679B,元大美債20年,57,0,57,第一金-員林,2023-09-25,5381
00929,復華台灣科技優息,68,23,45,第一金-員林,2023-09-25,5381
5009,榮剛,30,1,29,第一金-員林,2023-09-25,5381
00919,群益台灣精選高息,24,0,24,第一金-員林,2023-09-25,5381
2331,精英,17,1,16,第一金-員林,2023-09-25,5381
9935,慶豐富,14,0,14,第一金-員林,2023-09-25,5381
2344,華邦電,13,0,13,第一金-員林,2023-09-25,5381
4142,國光生,12,0,12,第一金-員林,2023-09-25,5381
3027,盛達,11,0,11,第一金-員林,2023-09-25,5381
2542,興富發,16,5,11,第一金-員林,2023-09-25,5381
2330,台積電,10,0,10,第一金-員林,2023-09-25,5381
00897,富邦基因免疫生技,10,0,10,第一金-員林,2023-09-25,5381
00712,復華富時不動產,10,0,10,第一金-員林,2023-09-25,5381
1612,宏泰,10,0,10,第一金-員林,2023-09-25,5381
1802,台玻,10,0,10,第一金-員林,2023-09-25,5381
6168,宏齊,10,0,10,第一金-員林,2023-09-25,5381
6274,台燿,18,8,10,第一金-員林,2023-09-25,5381
9914,美利達,10,0,10,第一金-員林,2023-09-25,5381
3264,欣銓,29,20,9,第一金-員林,2023-09-25,5381
3056,富華新,9,0,9,第一金-員林,2023-09-25,5381
2634,漢翔,10,2,8,第一金-員林,2023-09-25,5381
00730,富邦臺灣優質高息,8,0,8,第一金-員林,2023-09-25,5381
2368,金像電,18,11,7,第一金-員林,2023-09-25,5381
2618,長榮航,10,3,7,第一金-員林,2023-09-25,5381
3002,歐格,7,0,7,第一金-員林,2023-09-25,5381
1101,台泥,7,0,7,第一金-員林,2023-09-25,5381
00902,中信電池及儲能,6,0,6,第一金-員林,2023-09-25,5381
00931B,統一美債20年,6,0,6,第一金-員林,2023-09-25,5381
2208,台船,6,0,6,第一金-員林,2023-09-25,5381
3363,上詮,13,7,6,第一金-員林,2023-09-25,5381
00898,國泰基因免疫革命,5,0,5,第一金-員林,2023-09-25,5381
1447,力鵬,5,0,5,第一金-員林,2023-09-25,5381
2236,百達-KY,5,0,5,第一金-員林,2023-09-25,5381
2305,全友,6,1,5,第一金-員林,2023-09-25,5381
2413,環科,5,0,5,第一金-員林,2023-09-25,5381
2610,華航,5,0,5,第一金-員林,2023-09-25,5381
2851,中再保,5,0,5,第一金-員林,2023-09-25,5381
3094,聯傑,5,0,5,第一金-員林,2023-09-25,5381
3630,新鉅科,5,0,5,第一金-員林,2023-09-25,5381
3707,漢磊,5,0,5,第一金-員林,2023-09-25,5381
5880,合庫金,5,0,5,第一金-員林,2023-09-25,5381
6517,保勝光學,5,0,5,第一金-員林,2023-09-25,5381
8033,雷虎,5,0,5,第一金-員林,2023-09-25,5381
3615,安可,35,30,5,第一金-員林,2023-09-25,5381
1504,東元,7,2,5,第一金-員林,2023-09-25,5381
3037,欣興,5,1,4,第一金-員林,2023-09-25,5381
3035,智原,10,6,4,第一金-員林,2023-09-25,5381
00751B,元大AAA至A公司債,4,0,4,第一金-員林,2023-09-25,5381
00665L,富邦�琤肭磪囓�2,4,0,4,第一金-員林,2023-09-25,5381
1524,耿鼎,5,1,4,第一金-員林,2023-09-25,5381
2888,新光金,150,4,146,第一金-員林,2023-09-26,5381
2330,台積電,138,4,134,第一金-員林,2023-09-26,5381
00929,復華台灣科技優息,87,3,84,第一金-員林,2023-09-26,5381
3481,群創,83,3,80,第一金-員林,2023-09-26,5381
00919,群益台灣精選高息,72,0,72,第一金-員林,2023-09-26,5381
3615,安可,79,11,68,第一金-員林,2023-09-26,5381
0056,元大高股息,67,0,67,第一金-員林,2023-09-26,5381
00931B,統一美債20年,56,0,56,第一金-員林,2023-09-26,5381
00650L,復華香港正2,56,0,56,第一金-員林,2023-09-26,5381
00679B,元大美債20年,52,0,52,第一金-員林,2023-09-26,5381
2027,大成鋼,50,0,50,第一金-員林,2023-09-26,5381
00665L,富邦�琤肭磪囓�2,48,0,48,第一金-員林,2023-09-26,5381
00885,富邦越南,43,0,43,第一金-員林,2023-09-26,5381
2892,第一金,33,1,32,第一金-員林,2023-09-26,5381
00637L,元大滬深300正2,30,0,30,第一金-員林,2023-09-26,5381
00888,永豐台灣ESG,25,0,25,第一金-員林,2023-09-26,5381
00878,國泰永續高股息,25,0,25,第一金-員林,2023-09-26,5381
8033,雷虎,22,0,22,第一金-員林,2023-09-26,5381
3056,富華新,21,0,21,第一金-員林,2023-09-26,5381
2317,鴻海,21,0,21,第一金-員林,2023-09-26,5381
1101,台泥,20,1,19,第一金-員林,2023-09-26,5381
6188,廣明,19,0,19,第一金-員林,2023-09-26,5381
1815,富喬,23,6,17,第一金-員林,2023-09-26,5381
1612,宏泰,17,1,16,第一金-員林,2023-09-26,5381
2458,義隆,15,0,15,第一金-員林,2023-09-26,5381
00712,復華富時不動產,14,0,14,第一金-員林,2023-09-26,5381
2344,華邦電,14,0,14,第一金-員林,2023-09-26,5381
00881,國泰台灣5G+,13,0,13,第一金-員林,2023-09-26,5381
00688L,國泰20年美債正2,23,10,13,第一金-員林,2023-09-26,5381
3002,歐格,13,0,13,第一金-員林,2023-09-26,5381
1522,堤維西,53,41,12,第一金-員林,2023-09-26,5381
2002,中鋼,15,4,11,第一金-員林,2023-09-26,5381
1504,東元,11,0,11,第一金-員林,2023-09-26,5381
00633L,富邦上証正2,10,0,10,第一金-員林,2023-09-26,5381
00655L,國泰中國A50正2,10,0,10,第一金-員林,2023-09-26,5381
2108,南帝,10,0,10,第一金-員林,2023-09-26,5381
2371,大同,11,1,10,第一金-員林,2023-09-26,5381
2520,冠德,10,0,10,第一金-員林,2023-09-26,5381
2618,長榮航,10,0,10,第一金-員林,2023-09-26,5381
6290,良維,10,0,10,第一金-員林,2023-09-26,5381
1524,耿鼎,35,26,9,第一金-員林,2023-09-26,5381
00772B,中信高評級公司債,9,0,9,第一金-員林,2023-09-26,5381
00751B,元大AAA至A公司債,8,0,8,第一金-員林,2023-09-26,5381
2834,臺企銀,8,0,8,第一金-員林,2023-09-26,5381
2634,漢翔,10,2,8,第一金-員林,2023-09-26,5381
2329,華泰,9,1,8,第一金-員林,2023-09-26,5381
4979,華星光,13,5,8,第一金-員林,2023-09-26,5381
8088,品安,8,0,8,第一金-員林,2023-09-26,5381
8097,常珵,8,0,8,第一金-員林,2023-09-26,5381
8401,白紗科,8,0,8,第一金-員林,2023-09-26,5381
00929,復華台灣科技優息,98,0,98,第一金-員林,2023-09-27,5381
2338,光罩,62,0,62,第一金-員林,2023-09-27,5381
2014,中鴻,46,0,46,第一金-員林,2023-09-27,5381
2892,第一金,42,0,42,第一金-員林,2023-09-27,5381
1609,大亞,54,29,25,第一金-員林,2023-09-27,5381
00712,復華富時不動產,20,0,20,第一金-員林,2023-09-27,5381
8420,明揚,43,24,19,第一金-員林,2023-09-27,5381
2409,友達,27,9,18,第一金-員林,2023-09-27,5381
00919,群益台灣精選高息,18,0,18,第一金-員林,2023-09-27,5381
2891,中信金,15,0,15,第一金-員林,2023-09-27,5381
2801,彰銀,14,1,13,第一金-員林,2023-09-27,5381
1802,台玻,13,1,12,第一金-員林,2023-09-27,5381
4142,國光生,12,0,12,第一金-員林,2023-09-27,5381
2883,凱基金,21,10,11,第一金-員林,2023-09-27,5381
1513,中興電,12,1,11,第一金-員林,2023-09-27,5381
00882,中信中國高股息,10,0,10,第一金-員林,2023-09-27,5381
00897,富邦基因免疫生技,10,0,10,第一金-員林,2023-09-27,5381
6116,彩晶,10,0,10,第一金-員林,2023-09-27,5381
2201,裕隆,32,23,9,第一金-員林,2023-09-27,5381
00850,元大臺灣ESG永續,9,0,9,第一金-員林,2023-09-27,5381
2330,台積電,7,0,7,第一金-員林,2023-09-27,5381
2303,聯電,7,0,7,第一金-員林,2023-09-27,5381
00679B,元大美債20年,7,0,7,第一金-員林,2023-09-27,5381
2355,敬鵬,7,0,7,第一金-員林,2023-09-27,5381
8088,品安,7,0,7,第一金-員林,2023-09-27,5381
9914,美利達,7,0,7,第一金-員林,2023-09-27,5381
2317,鴻海,17,10,7,第一金-員林,2023-09-27,5381
9921,巨大,6,0,6,第一金-員林,2023-09-27,5381
1313,聯成,6,0,6,第一金-員林,2023-09-27,5381
3481,群創,8,2,6,第一金-員林,2023-09-27,5381
5210,寶碩,6,0,6,第一金-員林,2023-09-27,5381
6231,系微,6,0,6,第一金-員林,2023-09-27,5381
6281,全國電,6,0,6,第一金-員林,2023-09-27,5381
8936,國統,6,0,6,第一金-員林,2023-09-27,5381
0050,元大台灣50,5,0,5,第一金-員林,2023-09-27,5381
1517,利奇,5,0,5,第一金-員林,2023-09-27,5381
2328,廣宇,5,0,5,第一金-員林,2023-09-27,5381
2812,台中銀,6,1,5,第一金-員林,2023-09-27,5381
3011,今皓,5,0,5,第一金-員林,2023-09-27,5381
3450,聯鈞,6,1,5,第一金-員林,2023-09-27,5381
4944,兆遠,5,0,5,第一金-員林,2023-09-27,5381
1815,富喬,5,0,5,第一金-員林,2023-09-27,5381
00642U,期元大S＆P石油,5,1,4,第一金-員林,2023-09-27,5381
00665L,富邦�琤肭磪囓�2,7,3,4,第一金-員林,2023-09-27,5381
1316,上曜,5,1,4,第一金-員林,2023-09-27,5381
3305,昇貿,4,0,4,第一金-員林,2023-09-27,5381
3363,上詮,5,1,4,第一金-員林,2023-09-27,5381
6133,金橋,4,0,4,第一金-員林,2023-09-27,5381
6782,視陽,6,2,4,第一金-員林,2023-09-27,5381
6901,鑽石投資,5,1,4,第一金-員林,2023-09-27,5381
00665L,富邦�琤肭磪囓�2,102,3,99,第一金-員林,2023-09-28,5381
00650L,復華香港正2,54,0,54,第一金-員林,2023-09-28,5381
00900,富邦特選高股息30,30,0,30,第一金-員林,2023-09-28,5381
00892,富邦台灣半導體,30,0,30,第一金-員林,2023-09-28,5381
2344,華邦電,39,9,30,第一金-員林,2023-09-28,5381
00773B,中信優先金融債,25,0,25,第一金-員林,2023-09-28,5381
00679B,元大美債20年,26,1,25,第一金-員林,2023-09-28,5381
5234,達興材料,24,0,24,第一金-員林,2023-09-28,5381
6117,迎廣,28,6,22,第一金-員林,2023-09-28,5381
00637L,元大滬深300正2,20,0,20,第一金-員林,2023-09-28,5381
2634,漢翔,26,6,20,第一金-員林,2023-09-28,5381
00720B,元大投資級公司債,20,0,20,第一金-員林,2023-09-28,5381
5465,富驊,18,1,17,第一金-員林,2023-09-28,5381
2408,南亞科,16,0,16,第一金-員林,2023-09-28,5381
3002,歐格,16,0,16,第一金-員林,2023-09-28,5381
00931B,統一美債20年,17,2,15,第一金-員林,2023-09-28,5381
00885,富邦越南,15,0,15,第一金-員林,2023-09-28,5381
00772B,中信高評級公司債,15,0,15,第一金-員林,2023-09-28,5381
1612,宏泰,16,1,15,第一金-員林,2023-09-28,5381
3711,日月光投控,30,15,15,第一金-員林,2023-09-28,5381
2014,中鴻,14,0,14,第一金-員林,2023-09-28,5381
00712,復華富時不動產,31,19,12,第一金-員林,2023-09-28,5381
00706L,期元大S＆P日圓正2,12,0,12,第一金-員林,2023-09-28,5381
2618,長榮航,12,0,12,第一金-員林,2023-09-28,5381
3006,晶豪科,12,0,12,第一金-員林,2023-09-28,5381
00929,復華台灣科技優息,47,35,12,第一金-員林,2023-09-28,5381
2367,燿華,11,0,11,第一金-員林,2023-09-28,5381
8938,明安,13,2,11,第一金-員林,2023-09-28,5381
3231,緯創,23,13,10,第一金-員林,2023-09-28,5381
00655L,國泰中國A50正2,10,0,10,第一金-員林,2023-09-28,5381
00633L,富邦上証正2,10,0,10,第一金-員林,2023-09-28,5381
1603,華電,10,0,10,第一金-員林,2023-09-28,5381
3045,台灣大,10,0,10,第一金-員林,2023-09-28,5381
2892,第一金,9,0,9,第一金-員林,2023-09-28,5381
00725B,國泰投資級公司債,9,0,9,第一金-員林,2023-09-28,5381
3206,志豐,8,0,8,第一金-員林,2023-09-28,5381
3615,安可,10,2,8,第一金-員林,2023-09-28,5381
2317,鴻海,8,0,8,第一金-員林,2023-09-28,5381
1802,台玻,7,0,7,第一金-員林,2023-09-28,5381
2329,華泰,7,1,6,第一金-員林,2023-09-28,5381
2402,毅嘉,23,17,6,第一金-員林,2023-09-28,5381
2891,中信金,6,0,6,第一金-員林,2023-09-28,5381
3712,永崴投控,6,0,6,第一金-員林,2023-09-28,5381
00751B,元大AAA至A公司債,6,0,6,第一金-員林,2023-09-28,5381
2337,旺宏,6,1,5,第一金-員林,2023-09-28,5381
00919,群益台灣精選高息,5,0,5,第一金-員林,2023-09-28,5381
00899,FT潔淨能源,5,0,5,第一金-員林,2023-09-28,5381
00740B,富邦全球投等債,5,0,5,第一金-員林,2023-09-28,5381
2419,仲琦,5,0,5,第一金-員林,2023-09-28,5381
2913,農林,5,0,5,第一金-員林,2023-09-28,5381
9105,泰金寶-DR,134,10,124,第一金-員林,2023-10-02,5381
3615,安可,27,0,27,第一金-員林,2023-10-02,5381
1609,大亞,62,40,22,第一金-員林,2023-10-02,5381
00772B,中信高評級公司債,19,0,19,第一金-員林,2023-10-02,5381
1905,華紙,17,0,17,第一金-員林,2023-10-02,5381
2618,長榮航,20,3,17,第一金-員林,2023-10-02,5381
00773B,中信優先金融債,15,0,15,第一金-員林,2023-10-02,5381
5381,合正,15,0,15,第一金-員林,2023-10-02,5381
6104,創惟,15,0,15,第一金-員林,2023-10-02,5381
2409,友達,14,0,14,第一金-員林,2023-10-02,5381
6188,廣明,89,75,14,第一金-員林,2023-10-02,5381
00679B,元大美債20年,15,0,15,第一金-員林,2023-10-02,5381
00722B,群益投資級電信債,14,0,14,第一金-員林,2023-10-02,5381
2883,凱基金,14,0,14,第一金-員林,2023-10-02,5381
4909,新復興,15,1,14,第一金-員林,2023-10-02,5381
2885,元大金,16,2,14,第一金-員林,2023-10-02,5381
5225,東科-KY,11,0,11,第一金-員林,2023-10-02,5381
4173,久裕,11,0,11,第一金-員林,2023-10-02,5381
1611,中電,10,0,10,第一金-員林,2023-10-02,5381
2886,兆豐金,11,1,10,第一金-員林,2023-10-02,5381
3325,旭品,21,11,10,第一金-員林,2023-10-02,5381
2014,中鴻,9,0,9,第一金-員林,2023-10-02,5381
2413,環科,9,0,9,第一金-員林,2023-10-02,5381
6274,台燿,11,3,8,第一金-員林,2023-10-02,5381
2421,建準,12,4,8,第一金-員林,2023-10-02,5381
1618,合機,13,5,8,第一金-員林,2023-10-02,5381
00931B,統一美債20年,7,0,7,第一金-員林,2023-10-02,5381
3171,炎洲流通,7,0,7,第一金-員林,2023-10-02,5381
5258,虹堡,7,0,7,第一金-員林,2023-10-02,5381
8420,明揚,7,0,7,第一金-員林,2023-10-02,5381
6187,萬潤,12,5,7,第一金-員林,2023-10-02,5381
00751B,元大AAA至A公司債,6,0,6,第一金-員林,2023-10-02,5381
00795B,中信美國公債20年,6,0,6,第一金-員林,2023-10-02,5381
2636,台驊控股,6,0,6,第一金-員林,2023-10-02,5381
2317,鴻海,7,1,6,第一金-員林,2023-10-02,5381
2609,陽明,5,0,5,第一金-員林,2023-10-02,5381
00642U,期元大S＆P石油,5,0,5,第一金-員林,2023-10-02,5381
1319,東陽,5,0,5,第一金-員林,2023-10-02,5381
1447,力鵬,5,0,5,第一金-員林,2023-10-02,5381
2303,聯電,6,1,5,第一金-員林,2023-10-02,5381
2314,台揚,5,0,5,第一金-員林,2023-10-02,5381
2316,楠梓電,5,0,5,第一金-員林,2023-10-02,5381
2331,精英,7,2,5,第一金-員林,2023-10-02,5381
2462,良得電,5,0,5,第一金-員林,2023-10-02,5381
2606,裕民,5,0,5,第一金-員林,2023-10-02,5381
2607,榮運,5,0,5,第一金-員林,2023-10-02,5381
6442,光聖,6,1,5,第一金-員林,2023-10-02,5381
6461,益得,5,0,5,第一金-員林,2023-10-02,5381
6505,台塑化,5,0,5,第一金-員林,2023-10-02,5381
8050,廣積,5,0,5,第一金-員林,2023-10-02,5381
9105,泰金寶-DR,109,0,109,第一金-員林,2023-10-03,5381
6120,達運,50,0,50,第一金-員林,2023-10-03,5381
2027,大成鋼,50,0,50,第一金-員林,2023-10-03,5381
00712,復華富時不動產,41,0,41,第一金-員林,2023-10-03,5381
00929,復華台灣科技優息,56,15,41,第一金-員林,2023-10-03,5381
1616,億泰,41,0,41,第一金-員林,2023-10-03,5381
2412,中華電,40,5,35,第一金-員林,2023-10-03,5381
9904,寶成,32,0,32,第一金-員林,2023-10-03,5381
00720B,元大投資級公司債,31,0,31,第一金-員林,2023-10-03,5381
00650L,復華香港正2,29,0,29,第一金-員林,2023-10-03,5381
00679B,元大美債20年,29,0,29,第一金-員林,2023-10-03,5381
00922,國泰台灣領袖50,22,0,22,第一金-員林,2023-10-03,5381
00878,國泰永續高股息,20,0,20,第一金-員林,2023-10-03,5381
00740B,富邦全球投等債,20,0,20,第一金-員林,2023-10-03,5381
2637,慧洋-KY,21,1,20,第一金-員林,2023-10-03,5381
4967,十銓,22,2,20,第一金-員林,2023-10-03,5381
00772B,中信高評級公司債,19,0,19,第一金-員林,2023-10-03,5381
00751B,元大AAA至A公司債,17,0,17,第一金-員林,2023-10-03,5381
0056,元大高股息,27,10,17,第一金-員林,2023-10-03,5381
00665L,富邦�琤肭磪囓�2,16,0,16,第一金-員林,2023-10-03,5381
00931B,統一美債20年,14,0,14,第一金-員林,2023-10-03,5381
1618,合機,18,4,14,第一金-員林,2023-10-03,5381
3013,晟銘電,24,10,14,第一金-員林,2023-10-03,5381
2402,毅嘉,27,13,14,第一金-員林,2023-10-03,5381
3231,緯創,38,25,13,第一金-員林,2023-10-03,5381
00688L,國泰20年美債正2,13,0,13,第一金-員林,2023-10-03,5381
2371,大同,13,0,13,第一金-員林,2023-10-03,5381
00919,群益台灣精選高息,12,0,12,第一金-員林,2023-10-03,5381
2002,中鋼,13,1,12,第一金-員林,2023-10-03,5381
2313,華通,15,3,12,第一金-員林,2023-10-03,5381
4171,瑞基,12,0,12,第一金-員林,2023-10-03,5381
1514,亞力,21,10,11,第一金-員林,2023-10-03,5381
2014,中鴻,11,0,11,第一金-員林,2023-10-03,5381
2367,燿華,11,0,11,第一金-員林,2023-10-03,5381
00795B,中信美國公債20年,10,0,10,第一金-員林,2023-10-03,5381
1319,東陽,11,1,10,第一金-員林,2023-10-03,5381
2405,輔信,10,0,10,第一金-員林,2023-10-03,5381
3540,曜越,10,0,10,第一金-員林,2023-10-03,5381
3704,合勤控,10,0,10,第一金-員林,2023-10-03,5381
6182,合晶,10,0,10,第一金-員林,2023-10-03,5381
6531,愛普*,12,2,10,第一金-員林,2023-10-03,5381
00882,中信中國高股息,9,0,9,第一金-員林,2023-10-03,5381
1795,美時,10,1,9,第一金-員林,2023-10-03,5381
2314,台揚,14,5,9,第一金-員林,2023-10-03,5381
5452,佶優,10,1,9,第一金-員林,2023-10-03,5381
6188,廣明,9,0,9,第一金-員林,2023-10-03,5381
1609,大亞,14,6,8,第一金-員林,2023-10-03,5381
2356,英業達,8,0,8,第一金-員林,2023-10-03,5381
3030,德律,8,0,8,第一金-員林,2023-10-03,5381
2882,國泰金,7,0,7,第一金-員林,2023-10-03,5381
9105,泰金寶-DR,100,0,100,第一金-員林,2023-10-04,5381
00712,復華富時不動產,80,2,78,第一金-員林,2023-10-04,5381
2888,新光金,78,0,78,第一金-員林,2023-10-04,5381
00878,國泰永續高股息,72,0,72,第一金-員林,2023-10-04,5381
2892,第一金,64,1,63,第一金-員林,2023-10-04,5381
0056,元大高股息,52,0,52,第一金-員林,2023-10-04,5381
1301,台塑,52,0,52,第一金-員林,2023-10-04,5381
00773B,中信優先金融債,50,0,50,第一金-員林,2023-10-04,5381
00679B,元大美債20年,47,0,47,第一金-員林,2023-10-04,5381
1616,億泰,40,0,40,第一金-員林,2023-10-04,5381
00772B,中信高評級公司債,29,0,29,第一金-員林,2023-10-04,5381
3630,新鉅科,29,3,26,第一金-員林,2023-10-04,5381
9904,寶成,22,0,22,第一金-員林,2023-10-04,5381
00720B,元大投資級公司債,21,0,21,第一金-員林,2023-10-04,5381
2887,台新金,21,0,21,第一金-員林,2023-10-04,5381
2002,中鋼,20,0,20,第一金-員林,2023-10-04,5381
00881,國泰台灣5G+,16,0,16,第一金-員林,2023-10-04,5381
00740B,富邦全球投等債,16,0,16,第一金-員林,2023-10-04,5381
2882,國泰金,15,0,15,第一金-員林,2023-10-04,5381
00650L,復華香港正2,15,0,15,第一金-員林,2023-10-04,5381
00687B,國泰20年美債,15,0,15,第一金-員林,2023-10-04,5381
2330,台積電,15,1,14,第一金-員林,2023-10-04,5381
00751B,元大AAA至A公司債,14,0,14,第一金-員林,2023-10-04,5381
2886,兆豐金,14,0,14,第一金-員林,2023-10-04,5381
2880,華南金,13,0,13,第一金-員林,2023-10-04,5381
2303,聯電,13,0,13,第一金-員林,2023-10-04,5381
2317,鴻海,13,1,12,第一金-員林,2023-10-04,5381
2409,友達,11,0,11,第一金-員林,2023-10-04,5381
2883,凱基金,11,0,11,第一金-員林,2023-10-04,5381
4958,臻鼎-KY,11,0,11,第一金-員林,2023-10-04,5381
2891,中信金,11,0,11,第一金-員林,2023-10-04,5381
3714,富采,10,0,10,第一金-員林,2023-10-04,5381
5880,合庫金,10,0,10,第一金-員林,2023-10-04,5381
00722B,群益投資級電信債,10,0,10,第一金-員林,2023-10-04,5381
00891,中信關鍵半導體,10,0,10,第一金-員林,2023-10-04,5381
1609,大亞,10,0,10,第一金-員林,2023-10-04,5381
2641,正德,10,0,10,第一金-員林,2023-10-04,5381
3006,晶豪科,15,5,10,第一金-員林,2023-10-04,5381
8926,台汽電,10,0,10,第一金-員林,2023-10-04,5381
00922,國泰台灣領袖50,9,0,9,第一金-員林,2023-10-04,5381
2363,矽統,39,30,9,第一金-員林,2023-10-04,5381
2402,毅嘉,19,10,9,第一金-員林,2023-10-04,5381
00919,群益台灣精選高息,9,1,8,第一金-員林,2023-10-04,5381
2801,彰銀,8,0,8,第一金-員林,2023-10-04,5381
4973,廣穎,8,0,8,第一金-員林,2023-10-04,5381
2884,玉山金,8,1,7,第一金-員林,2023-10-04,5381
00795B,中信美國公債20年,7,0,7,第一金-員林,2023-10-04,5381
2206,三陽工業,11,4,7,第一金-員林,2023-10-04,5381
00680L,元大美債20正2,28,21,7,第一金-員林,2023-10-04,5381
2230,泰茂,8,1,7,第一金-員林,2023-10-04,5381
1101,台泥,217,6,211,第一金-員林,2023-10-05,5381
00712,復華富時不動產,118,0,118,第一金-員林,2023-10-05,5381
00753L,中信中國50正2,80,3,77,第一金-員林,2023-10-05,5381
1529,樂事綠能,47,0,47,第一金-員林,2023-10-05,5381
2888,新光金,40,0,40,第一金-員林,2023-10-05,5381
00637L,元大滬深300正2,30,0,30,第一金-員林,2023-10-05,5381
2838,聯邦銀,30,0,30,第一金-員林,2023-10-05,5381
2417,圓剛,30,3,27,第一金-員林,2023-10-05,5381
00665L,富邦�琤肭磪囓�2,25,0,25,第一金-員林,2023-10-05,5381
00679B,元大美債20年,26,5,21,第一金-員林,2023-10-05,5381
3006,晶豪科,48,27,21,第一金-員林,2023-10-05,5381
3231,緯創,26,7,19,第一金-員林,2023-10-05,5381
00882,中信中國高股息,15,0,15,第一金-員林,2023-10-05,5381
2618,長榮航,63,49,14,第一金-員林,2023-10-05,5381
2883,凱基金,15,1,14,第一金-員林,2023-10-05,5381
2002,中鋼,16,2,14,第一金-員林,2023-10-05,5381
4908,前鼎,20,9,11,第一金-員林,2023-10-05,5381
00878,國泰永續高股息,13,2,11,第一金-員林,2023-10-05,5381
3032,偉訓,13,3,10,第一金-員林,2023-10-05,5381
00650L,復華香港正2,10,0,10,第一金-員林,2023-10-05,5381
00713,元大台灣高息低波,10,0,10,第一金-員林,2023-10-05,5381
00897,富邦基因免疫生技,10,0,10,第一金-員林,2023-10-05,5381
2615,萬海,15,5,10,第一金-員林,2023-10-05,5381
5905,南仁湖,10,0,10,第一金-員林,2023-10-05,5381
00923,群益台ESG低碳50,9,0,9,第一金-員林,2023-10-05,5381
2633,台灣高鐵,9,0,9,第一金-員林,2023-10-05,5381
4979,華星光,11,3,8,第一金-員林,2023-10-05,5381
2204,中華,8,0,8,第一金-員林,2023-10-05,5381
2538,基泰,23,15,8,第一金-員林,2023-10-05,5381
2887,台新金,8,0,8,第一金-員林,2023-10-05,5381
3122,笙泉,11,3,8,第一金-員林,2023-10-05,5381
6770,力積電,10,2,8,第一金-員林,2023-10-05,5381
2891,中信金,8,0,8,第一金-員林,2023-10-05,5381
2014,中鴻,7,0,7,第一金-員林,2023-10-05,5381
9950,萬國通,7,0,7,第一金-員林,2023-10-05,5381
6139,亞翔,7,0,7,第一金-員林,2023-10-05,5381
1524,耿鼎,7,0,7,第一金-員林,2023-10-05,5381
3037,欣興,6,0,6,第一金-員林,2023-10-05,5381
1301,台塑,6,0,6,第一金-員林,2023-10-05,5381
1319,東陽,45,39,6,第一金-員林,2023-10-05,5381
6231,系微,6,0,6,第一金-員林,2023-10-05,5381
3715,定穎投控,76,70,6,第一金-員林,2023-10-05,5381
2353,宏��,10,5,5,第一金-員林,2023-10-05,5381
2317,鴻海,7,2,5,第一金-員林,2023-10-05,5381
2382,廣達,15,10,5,第一金-員林,2023-10-05,5381
1402,遠東新,5,0,5,第一金-員林,2023-10-05,5381
00673R,期元大S＆P原油反1,10,5,5,第一金-員林,2023-10-05,5381
2312,金寶,10,5,5,第一金-員林,2023-10-05,5381
2314,台揚,5,0,5,第一金-員林,2023-10-05,5381
2913,農林,5,0,5,第一金-員林,2023-10-05,5381
00929,復華台灣科技優息,75,5,70,第一金-員林,2023-10-06,5381
1616,億泰,30,0,30,第一金-員林,2023-10-06,5381
0056,元大高股息,29,2,27,第一金-員林,2023-10-06,5381
00632R,元大台灣50反1,25,0,25,第一金-員林,2023-10-06,5381
8227,巨有科技,20,0,20,第一金-員林,2023-10-06,5381
3163,波若威,17,0,17,第一金-員林,2023-10-06,5381
2458,義隆,16,0,16,第一金-員林,2023-10-06,5381
9919,康那香,15,0,15,第一金-員林,2023-10-06,5381
00679B,元大美債20年,15,0,15,第一金-員林,2023-10-06,5381
2884,玉山金,13,0,13,第一金-員林,2023-10-06,5381
1605,華新,12,0,12,第一金-員林,2023-10-06,5381
3276,宇環,18,6,12,第一金-員林,2023-10-06,5381
3231,緯創,39,28,11,第一金-員林,2023-10-06,5381
00751B,元大AAA至A公司債,11,0,11,第一金-員林,2023-10-06,5381
2886,兆豐金,11,0,11,第一金-員林,2023-10-06,5381
2314,台揚,11,0,11,第一金-員林,2023-10-06,5381
00645,富邦日本,10,0,10,第一金-員林,2023-10-06,5381
3322,建舜電,10,0,10,第一金-員林,2023-10-06,5381
4157,太景*-KY,10,0,10,第一金-員林,2023-10-06,5381
1529,樂事綠能,9,0,9,第一金-員林,2023-10-06,5381
3167,大量,9,0,9,第一金-員林,2023-10-06,5381
6134,萬旭,9,0,9,第一金-員林,2023-10-06,5381
8926,台汽電,9,0,9,第一金-員林,2023-10-06,5381
00772B,中信高評級公司債,10,2,8,第一金-員林,2023-10-06,5381
3669,圓展,8,0,8,第一金-員林,2023-10-06,5381
00919,群益台灣精選高息,9,2,7,第一金-員林,2023-10-06,5381
5392,能率,7,0,7,第一金-員林,2023-10-06,5381
6285,啟��,7,0,7,第一金-員林,2023-10-06,5381
8054,安國,15,8,7,第一金-員林,2023-10-06,5381
2002,中鋼,8,1,7,第一金-員林,2023-10-06,5381
2401,凌陽,6,0,6,第一金-員林,2023-10-06,5381
3711,日月光投控,6,0,6,第一金-員林,2023-10-06,5381
00713,元大台灣高息低波,5,0,5,第一金-員林,2023-10-06,5381
00715L,期街口布蘭特正2,6,1,5,第一金-員林,2023-10-06,5381
00725B,國泰投資級公司債,5,0,5,第一金-員林,2023-10-06,5381
00633L,富邦上証正2,5,0,5,第一金-員林,2023-10-06,5381
00665L,富邦�琤肭磪囓�2,5,0,5,第一金-員林,2023-10-06,5381
1101,台泥,5,0,5,第一金-員林,2023-10-06,5381
2427,三商電,12,7,5,第一金-員林,2023-10-06,5381
2891,中信金,5,0,5,第一金-員林,2023-10-06,5381
3044,健鼎,5,0,5,第一金-員林,2023-10-06,5381
3450,聯鈞,48,43,5,第一金-員林,2023-10-06,5381
4942,嘉彰,5,0,5,第一金-員林,2023-10-06,5381
6613,朋億*,5,0,5,第一金-員林,2023-10-06,5381
1909,榮成,5,0,5,第一金-員林,2023-10-06,5381
2301,光寶科,7,3,4,第一金-員林,2023-10-06,5381
1584,精剛,4,0,4,第一金-員林,2023-10-06,5381
2206,三陽工業,4,0,4,第一金-員林,2023-10-06,5381
2329,華泰,11,7,4,第一金-員林,2023-10-06,5381
2409,友達,5,1,4,第一金-員林,2023-10-06,5381
3231,緯創,86,26,60,第一金-員林,2023-10-11,5381
00931B,統一美債20年,64,10,54,第一金-員林,2023-10-11,5381
6120,達運,50,0,50,第一金-員林,2023-10-11,5381
00632R,元大台灣50反1,50,0,50,第一金-員林,2023-10-11,5381
2637,慧洋-KY,46,1,45,第一金-員林,2023-10-11,5381
3481,群創,43,3,40,第一金-員林,2023-10-11,5381
3715,定穎投控,86,56,30,第一金-員林,2023-10-11,5381
1305,華夏,20,0,20,第一金-員林,2023-10-11,5381
2913,農林,19,0,19,第一金-員林,2023-10-11,5381
4989,榮科,16,1,15,第一金-員林,2023-10-11,5381
5225,東科-KY,15,0,15,第一金-員林,2023-10-11,5381
2376,技嘉,20,5,15,第一金-員林,2023-10-11,5381
4113,聯上,14,0,14,第一金-員林,2023-10-11,5381
6284,佳邦,16,2,14,第一金-員林,2023-10-11,5381
1319,東陽,15,3,12,第一金-員林,2023-10-11,5381
00712,復華富時不動產,12,0,12,第一金-員林,2023-10-11,5381
2465,麗臺,12,0,12,第一金-員林,2023-10-11,5381
4714,永捷,12,0,12,第一金-員林,2023-10-11,5381
6531,愛普*,12,1,11,第一金-員林,2023-10-11,5381
2313,華通,15,4,11,第一金-員林,2023-10-11,5381
2355,敬鵬,12,1,11,第一金-員林,2023-10-11,5381
2609,陽明,15,4,11,第一金-員林,2023-10-11,5381
6405,悅城,11,0,11,第一金-員林,2023-10-11,5381
3035,智原,17,6,11,第一金-員林,2023-10-11,5381
00706L,期元大S＆P日圓正2,10,0,10,第一金-員林,2023-10-11,5381
1905,華紙,10,0,10,第一金-員林,2023-10-11,5381
3033,威健,10,0,10,第一金-員林,2023-10-11,5381
2603,長榮,9,0,9,第一金-員林,2023-10-11,5381
6122,擎邦,15,6,9,第一金-員林,2023-10-11,5381
00919,群益台灣精選高息,18,10,8,第一金-員林,2023-10-11,5381
2405,輔信,13,5,8,第一金-員林,2023-10-11,5381
1504,東元,8,0,8,第一金-員林,2023-10-11,5381
00715L,期街口布蘭特正2,8,0,8,第一金-員林,2023-10-11,5381
1471,首利,10,2,8,第一金-員林,2023-10-11,5381
2204,中華,8,0,8,第一金-員林,2023-10-11,5381
2515,中工,8,0,8,第一金-員林,2023-10-11,5381
2614,東森,8,0,8,第一金-員林,2023-10-11,5381
2401,凌陽,8,1,7,第一金-員林,2023-10-11,5381
2636,台驊控股,7,0,7,第一金-員林,2023-10-11,5381
6806,森崴能源,8,1,7,第一金-員林,2023-10-11,5381
2383,台光電,7,0,7,第一金-員林,2023-10-11,5381
3036,文曄,9,3,6,第一金-員林,2023-10-11,5381
00642U,期元大S＆P石油,6,0,6,第一金-員林,2023-10-11,5381
3013,晟銘電,36,30,6,第一金-員林,2023-10-11,5381
8033,雷虎,6,0,6,第一金-員林,2023-10-11,5381
00679B,元大美債20年,7,1,6,第一金-員林,2023-10-11,5381
6547,高端疫苗,5,0,5,第一金-員林,2023-10-11,5381
6550,北極星藥業-KY,5,0,5,第一金-員林,2023-10-11,5381
1524,耿鼎,5,0,5,第一金-員林,2023-10-11,5381
2014,中鴻,5,0,5,第一金-員林,2023-10-11,5381
00632R,元大台灣50反1,151,0,151,第一金-員林,2023-10-12,5381
2338,光罩,61,0,61,第一金-員林,2023-10-12,5381
2002,中鋼,57,2,55,第一金-員林,2023-10-12,5381
4414,如興,51,1,50,第一金-員林,2023-10-12,5381
2486,一詮,23,3,20,第一金-員林,2023-10-12,5381
9919,康那香,20,0,20,第一金-員林,2023-10-12,5381
6139,亞翔,21,2,19,第一金-員林,2023-10-12,5381
1524,耿鼎,28,13,15,第一金-員林,2023-10-12,5381
00679B,元大美債20年,15,0,15,第一金-員林,2023-10-12,5381
2453,凌群,22,9,13,第一金-員林,2023-10-12,5381
00919,群益台灣精選高息,12,0,12,第一金-員林,2023-10-12,5381
00931B,統一美債20年,14,2,12,第一金-員林,2023-10-12,5381
4737,華廣,12,0,12,第一金-員林,2023-10-12,5381
00922,國泰台灣領袖50,11,0,11,第一金-員林,2023-10-12,5381
1314,中石化,11,1,10,第一金-員林,2023-10-12,5381
2609,陽明,10,0,10,第一金-員林,2023-10-12,5381
6182,合晶,10,0,10,第一金-員林,2023-10-12,5381
2023,燁輝,10,1,9,第一金-員林,2023-10-12,5381
4714,永捷,9,0,9,第一金-員林,2023-10-12,5381
00929,復華台灣科技優息,9,0,9,第一金-員林,2023-10-12,5381
1603,華電,11,3,8,第一金-員林,2023-10-12,5381
2538,基泰,9,2,7,第一金-員林,2023-10-12,5381
3028,增你強,12,5,7,第一金-員林,2023-10-12,5381
3530,晶相光,8,1,7,第一金-員林,2023-10-12,5381
00720B,元大投資級公司債,6,0,6,第一金-員林,2023-10-12,5381
1616,億泰,14,8,6,第一金-員林,2023-10-12,5381
2610,華航,7,1,6,第一金-員林,2023-10-12,5381
2614,東森,6,0,6,第一金-員林,2023-10-12,5381
8936,國統,7,1,6,第一金-員林,2023-10-12,5381
1532,勤美,5,0,5,第一金-員林,2023-10-12,5381
1717,長興,5,0,5,第一金-員林,2023-10-12,5381
2313,華通,31,26,5,第一金-員林,2023-10-12,5381
2331,精英,5,0,5,第一金-員林,2023-10-12,5381
2356,英業達,11,6,5,第一金-員林,2023-10-12,5381
2520,冠德,5,0,5,第一金-員林,2023-10-12,5381
3167,大量,5,0,5,第一金-員林,2023-10-12,5381
5258,虹堡,6,1,5,第一金-員林,2023-10-12,5381
5488,松普,5,0,5,第一金-員林,2023-10-12,5381
8048,德勝,5,0,5,第一金-員林,2023-10-12,5381
1529,樂事綠能,4,0,4,第一金-員林,2023-10-12,5381
3706,神達,5,1,4,第一金-員林,2023-10-12,5381
3714,富采,4,0,4,第一金-員林,2023-10-12,5381
6288,聯嘉,5,1,4,第一金-員林,2023-10-12,5381
8222,寶一,6,2,4,第一金-員林,2023-10-12,5381
00713,元大台灣高息低波,3,0,3,第一金-員林,2023-10-12,5381
2308,台達電,3,0,3,第一金-員林,2023-10-12,5381
3443,創意,3,0,3,第一金-員林,2023-10-12,5381
00687B,國泰20年美債,3,0,3,第一金-員林,2023-10-12,5381
1432,大魯閣,3,0,3,第一金-員林,2023-10-12,5381
2329,華泰,3,0,3,第一金-員林,2023-10-12,5381
9904,寶成,662,0,662,第一金-員林,2023-10-13,5381
1718,中纖,98,0,98,第一金-員林,2023-10-13,5381
9105,泰金寶-DR,95,0,95,第一金-員林,2023-10-13,5381
3481,群創,62,2,60,第一金-員林,2023-10-13,5381
2610,華航,55,2,53,第一金-員林,2023-10-13,5381
00878,國泰永續高股息,40,1,39,第一金-員林,2023-10-13,5381
2409,友達,41,5,36,第一金-員林,2023-10-13,5381
00680L,元大美債20正2,35,0,35,第一金-員林,2023-10-13,5381
5521,工信,31,0,31,第一金-員林,2023-10-13,5381
6112,邁達特,32,2,30,第一金-員林,2023-10-13,5381
3231,緯創,51,23,28,第一金-員林,2023-10-13,5381
0056,元大高股息,29,2,27,第一金-員林,2023-10-13,5381
2538,基泰,27,0,27,第一金-員林,2023-10-13,5381
1524,耿鼎,27,0,27,第一金-員林,2023-10-13,5381
4102,永日,25,0,25,第一金-員林,2023-10-13,5381
00919,群益台灣精選高息,24,0,24,第一金-員林,2023-10-13,5381
2607,榮運,35,11,24,第一金-員林,2023-10-13,5381
1909,榮成,24,1,23,第一金-員林,2023-10-13,5381
9928,中視,23,0,23,第一金-員林,2023-10-13,5381
2913,農林,21,0,21,第一金-員林,2023-10-13,5381
00929,復華台灣科技優息,23,3,20,第一金-員林,2023-10-13,5381
4979,華星光,32,12,20,第一金-員林,2023-10-13,5381
2465,麗臺,31,12,19,第一金-員林,2023-10-13,5381
1409,新纖,16,0,16,第一金-員林,2023-10-13,5381
00687B,國泰20年美債,15,0,15,第一金-員林,2023-10-13,5381
2324,仁寶,16,1,15,第一金-員林,2023-10-13,5381
5426,振發,15,0,15,第一金-員林,2023-10-13,5381
2201,裕隆,29,16,13,第一金-員林,2023-10-13,5381
3706,神達,15,2,13,第一金-員林,2023-10-13,5381
00706L,期元大S＆P日圓正2,11,0,11,第一金-員林,2023-10-13,5381
1305,華夏,15,5,10,第一金-員林,2023-10-13,5381
2371,大同,10,0,10,第一金-員林,2023-10-13,5381
3705,永信,10,0,10,第一金-員林,2023-10-13,5381
8227,巨有科技,10,0,10,第一金-員林,2023-10-13,5381
2301,光寶科,11,1,10,第一金-員林,2023-10-13,5381
6139,亞翔,30,21,9,第一金-員林,2023-10-13,5381
1795,美時,9,0,9,第一金-員林,2023-10-13,5381
2618,長榮航,10,1,9,第一金-員林,2023-10-13,5381
3374,精材,10,1,9,第一金-員林,2023-10-13,5381
6284,佳邦,28,19,9,第一金-員林,2023-10-13,5381
00720B,元大投資級公司債,9,0,9,第一金-員林,2023-10-13,5381
00772B,中信高評級公司債,8,0,8,第一金-員林,2023-10-13,5381
00751B,元大AAA至A公司債,8,0,8,第一金-員林,2023-10-13,5381
1905,華紙,22,14,8,第一金-員林,2023-10-13,5381
2211,長榮鋼,8,0,8,第一金-員林,2023-10-13,5381
1609,大亞,8,0,8,第一金-員林,2023-10-13,5381
2382,廣達,14,7,7,第一金-員林,2023-10-13,5381
2520,冠德,7,0,7,第一金-員林,2023-10-13,5381
2816,旺旺保,7,0,7,第一金-員林,2023-10-13,5381
3276,宇環,9,2,7,第一金-員林,2023-10-13,5381
9105,泰金寶-DR,200,0,200,第一金-員林,2023-10-16,5381
9904,寶成,151,0,151,第一金-員林,2023-10-16,5381
0056,元大高股息,118,0,118,第一金-員林,2023-10-16,5381
9921,巨大,103,0,103,第一金-員林,2023-10-16,5381
2883,凱基金,69,0,69,第一金-員林,2023-10-16,5381
2515,中工,140,75,65,第一金-員林,2023-10-16,5381
6120,達運,50,0,50,第一金-員林,2023-10-16,5381
1409,新纖,34,0,34,第一金-員林,2023-10-16,5381
00929,復華台灣科技優息,42,9,33,第一金-員林,2023-10-16,5381
2409,友達,31,0,31,第一金-員林,2023-10-16,5381
00919,群益台灣精選高息,28,0,28,第一金-員林,2023-10-16,5381
2390,云辰,22,0,22,第一金-員林,2023-10-16,5381
00730,富邦臺灣優質高息,20,0,20,第一金-員林,2023-10-16,5381
8069,元太,17,0,17,第一金-員林,2023-10-16,5381
3483,力致,16,1,15,第一金-員林,2023-10-16,5381
3706,神達,15,1,14,第一金-員林,2023-10-16,5381
00931B,統一美債20年,13,0,13,第一金-員林,2023-10-16,5381
1319,東陽,13,0,13,第一金-員林,2023-10-16,5381
2367,燿華,13,0,13,第一金-員林,2023-10-16,5381
4908,前鼎,24,11,13,第一金-員林,2023-10-16,5381
2317,鴻海,12,0,12,第一金-員林,2023-10-16,5381
3481,群創,12,1,11,第一金-員林,2023-10-16,5381
8183,精星,11,0,11,第一金-員林,2023-10-16,5381
00712,復華富時不動產,10,0,10,第一金-員林,2023-10-16,5381
1218,泰山,10,0,10,第一金-員林,2023-10-16,5381
2328,廣宇,10,0,10,第一金-員林,2023-10-16,5381
2371,大同,10,0,10,第一金-員林,2023-10-16,5381
2614,東森,10,0,10,第一金-員林,2023-10-16,5381
3615,安可,10,0,10,第一金-員林,2023-10-16,5381
4173,久裕,10,0,10,第一金-員林,2023-10-16,5381
8421,旭源,10,0,10,第一金-員林,2023-10-16,5381
00680L,元大美債20正2,11,2,9,第一金-員林,2023-10-16,5381
00720B,元大投資級公司債,9,0,9,第一金-員林,2023-10-16,5381
3205,佰研,9,0,9,第一金-員林,2023-10-16,5381
4960,誠美材,10,1,9,第一金-員林,2023-10-16,5381
00715L,期街口布蘭特正2,10,2,8,第一金-員林,2023-10-16,5381
2344,華邦電,15,7,8,第一金-員林,2023-10-16,5381
2603,長榮,8,0,8,第一金-員林,2023-10-16,5381
6770,力積電,9,1,8,第一金-員林,2023-10-16,5381
00679B,元大美債20年,8,0,8,第一金-員林,2023-10-16,5381
2201,裕隆,17,9,8,第一金-員林,2023-10-16,5381
4737,華廣,7,0,7,第一金-員林,2023-10-16,5381
8996,高力,7,0,7,第一金-員林,2023-10-16,5381
2634,漢翔,7,1,6,第一金-員林,2023-10-16,5381
3021,鴻名,6,0,6,第一金-員林,2023-10-16,5381
9103,美德醫療-DR,6,0,6,第一金-員林,2023-10-16,5381
9910,豐泰,6,0,6,第一金-員林,2023-10-16,5381
1515,力山,5,0,5,第一金-員林,2023-10-16,5381
1605,華新,5,0,5,第一金-員林,2023-10-16,5381
2331,精英,5,0,5,第一金-員林,2023-10-16,5381
2618,長榮航,131,8,123,第一金-員林,2023-10-17,5381
0056,元大高股息,82,0,82,第一金-員林,2023-10-17,5381
9105,泰金寶-DR,118,49,69,第一金-員林,2023-10-17,5381
5521,工信,80,22,58,第一金-員林,2023-10-17,5381
2317,鴻海,53,1,52,第一金-員林,2023-10-17,5381
9921,巨大,51,0,51,第一金-員林,2023-10-17,5381
00680L,元大美債20正2,45,0,45,第一金-員林,2023-10-17,5381
3231,緯創,54,20,34,第一金-員林,2023-10-17,5381
6547,高端疫苗,31,0,31,第一金-員林,2023-10-17,5381
00722B,群益投資級電信債,26,0,26,第一金-員林,2023-10-17,5381
1616,億泰,26,0,26,第一金-員林,2023-10-17,5381
00929,復華台灣科技優息,25,0,25,第一金-員林,2023-10-17,5381
00772B,中信高評級公司債,25,0,25,第一金-員林,2023-10-17,5381
3711,日月光投控,40,15,25,第一金-員林,2023-10-17,5381
9103,美德醫療-DR,30,6,24,第一金-員林,2023-10-17,5381
8048,德勝,23,1,22,第一金-員林,2023-10-17,5381
8426,紅木-KY,22,0,22,第一金-員林,2023-10-17,5381
00751B,元大AAA至A公司債,21,0,21,第一金-員林,2023-10-17,5381
2867,三商壽,21,0,21,第一金-員林,2023-10-17,5381
9919,康那香,20,0,20,第一金-員林,2023-10-17,5381
00712,復華富時不動產,20,1,19,第一金-員林,2023-10-17,5381
00764B,群益25年美債,18,0,18,第一金-員林,2023-10-17,5381
00679B,元大美債20年,15,0,15,第一金-員林,2023-10-17,5381
2105,正新,14,0,14,第一金-員林,2023-10-17,5381
00878,國泰永續高股息,17,3,14,第一金-員林,2023-10-17,5381
00931B,統一美債20年,13,0,13,第一金-員林,2023-10-17,5381
2369,菱生,14,1,13,第一金-員林,2023-10-17,5381
2609,陽明,12,0,12,第一金-員林,2023-10-17,5381
4979,華星光,12,1,11,第一金-員林,2023-10-17,5381
1303,南亞,10,0,10,第一金-員林,2023-10-17,5381
00725B,國泰投資級公司債,10,0,10,第一金-員林,2023-10-17,5381
2884,玉山金,10,0,10,第一金-員林,2023-10-17,5381
3032,偉訓,10,0,10,第一金-員林,2023-10-17,5381
00687B,國泰20年美債,12,3,9,第一金-員林,2023-10-17,5381
00922,國泰台灣領袖50,9,0,9,第一金-員林,2023-10-17,5381
1795,美時,19,11,8,第一金-員林,2023-10-17,5381
2106,建大,8,0,8,第一金-員林,2023-10-17,5381
3078,僑威,21,13,8,第一金-員林,2023-10-17,5381
3701,大眾控,9,1,8,第一金-員林,2023-10-17,5381
5519,隆大,8,0,8,第一金-員林,2023-10-17,5381
2382,廣達,25,18,7,第一金-員林,2023-10-17,5381
1905,華紙,15,8,7,第一金-員林,2023-10-17,5381
3163,波若威,7,0,7,第一金-員林,2023-10-17,5381
3363,上詮,9,2,7,第一金-員林,2023-10-17,5381
9950,萬國通,8,1,7,第一金-員林,2023-10-17,5381
2002,中鋼,7,0,7,第一金-員林,2023-10-17,5381
00720B,元大投資級公司債,6,0,6,第一金-員林,2023-10-17,5381
1524,耿鼎,15,9,6,第一金-員林,2023-10-17,5381
2603,長榮,6,0,6,第一金-員林,2023-10-17,5381
3036,文曄,10,4,6,第一金-員林,2023-10-17,5381
00687B,國泰20年美債,202,0,202,第一金-員林,2023-10-18,5381
00878,國泰永續高股息,178,0,178,第一金-員林,2023-10-18,5381
2888,新光金,109,0,109,第一金-員林,2023-10-18,5381
0056,元大高股息,96,0,96,第一金-員林,2023-10-18,5381
2915,潤泰全,50,0,50,第一金-員林,2023-10-18,5381
00919,群益台灣精選高息,45,0,45,第一金-員林,2023-10-18,5381
2317,鴻海,42,1,41,第一金-員林,2023-10-18,5381
00929,復華台灣科技優息,59,24,35,第一金-員林,2023-10-18,5381
2515,中工,37,3,34,第一金-員林,2023-10-18,5381
9921,巨大,30,0,30,第一金-員林,2023-10-18,5381
3588,通嘉,31,2,29,第一金-員林,2023-10-18,5381
00713,元大台灣高息低波,26,0,26,第一金-員林,2023-10-18,5381
8046,南電,25,0,25,第一金-員林,2023-10-18,5381
00720B,元大投資級公司債,22,0,22,第一金-員林,2023-10-18,5381
3481,群創,21,1,20,第一金-員林,2023-10-18,5381
00753L,中信中國50正2,20,0,20,第一金-員林,2023-10-18,5381
2607,榮運,20,0,20,第一金-員林,2023-10-18,5381
00922,國泰台灣領袖50,19,0,19,第一金-員林,2023-10-18,5381
00772B,中信高評級公司債,16,0,16,第一金-員林,2023-10-18,5381
3078,僑威,20,4,16,第一金-員林,2023-10-18,5381
1616,億泰,15,0,15,第一金-員林,2023-10-18,5381
00900,富邦特選高股息30,14,0,14,第一金-員林,2023-10-18,5381
1584,精剛,15,1,14,第一金-員林,2023-10-18,5381
00679B,元大美債20年,18,5,13,第一金-員林,2023-10-18,5381
2002,中鋼,14,2,12,第一金-員林,2023-10-18,5381
1316,上曜,11,0,11,第一金-員林,2023-10-18,5381
2313,華通,13,2,11,第一金-員林,2023-10-18,5381
3324,雙鴻,11,0,11,第一金-員林,2023-10-18,5381
3706,神達,11,1,10,第一金-員林,2023-10-18,5381
2495,普安,10,0,10,第一金-員林,2023-10-18,5381
2371,大同,20,10,10,第一金-員林,2023-10-18,5381
2401,凌陽,31,21,10,第一金-員林,2023-10-18,5381
3006,晶豪科,16,6,10,第一金-員林,2023-10-18,5381
5210,寶碩,10,0,10,第一金-員林,2023-10-18,5381
5302,太欣,10,0,10,第一金-員林,2023-10-18,5381
5468,凱鈺,10,0,10,第一金-員林,2023-10-18,5381
3037,欣興,10,0,10,第一金-員林,2023-10-18,5381
2363,矽統,20,11,9,第一金-員林,2023-10-18,5381
1101,台泥,11,2,9,第一金-員林,2023-10-18,5381
00751B,元大AAA至A公司債,8,0,8,第一金-員林,2023-10-18,5381
2344,華邦電,8,0,8,第一金-員林,2023-10-18,5381
3363,上詮,15,7,8,第一金-員林,2023-10-18,5381
6213,聯茂,7,0,7,第一金-員林,2023-10-18,5381
2486,一詮,8,1,7,第一金-員林,2023-10-18,5381
3002,歐格,7,0,7,第一金-員林,2023-10-18,5381
3564,其陽,7,0,7,第一金-員林,2023-10-18,5381
3715,定穎投控,46,39,7,第一金-員林,2023-10-18,5381
5471,松翰,7,0,7,第一金-員林,2023-10-18,5381
2634,漢翔,10,3,7,第一金-員林,2023-10-18,5381
1303,南亞,6,0,6,第一金-員林,2023-10-18,5381
00885,富邦越南,91,0,91,第一金-員林,2023-10-19,5381
0056,元大高股息,90,0,90,第一金-員林,2023-10-19,5381
00680L,元大美債20正2,63,3,60,第一金-員林,2023-10-19,5381
1815,富喬,56,0,56,第一金-員林,2023-10-19,5381
00878,國泰永續高股息,61,9,52,第一金-員林,2023-10-19,5381
00637L,元大滬深300正2,47,0,47,第一金-員林,2023-10-19,5381
00933B,國泰10Y+金融債,55,14,41,第一金-員林,2023-10-19,5381
00665L,富邦�琤肭磪囓�2,38,0,38,第一金-員林,2023-10-19,5381
2317,鴻海,36,1,35,第一金-員林,2023-10-19,5381
00688L,國泰20年美債正2,32,0,32,第一金-員林,2023-10-19,5381
00650L,復華香港正2,31,0,31,第一金-員林,2023-10-19,5381
1711,永光,43,13,30,第一金-員林,2023-10-19,5381
2357,華碩,30,0,30,第一金-員林,2023-10-19,5381
00720B,元大投資級公司債,28,0,28,第一金-員林,2023-10-19,5381
00655L,國泰中國A50正2,27,0,27,第一金-員林,2023-10-19,5381
1101,台泥,31,5,26,第一金-員林,2023-10-19,5381
00687B,國泰20年美債,25,0,25,第一金-員林,2023-10-19,5381
2002,中鋼,25,0,25,第一金-員林,2023-10-19,5381
00772B,中信高評級公司債,24,0,24,第一金-員林,2023-10-19,5381
00751B,元大AAA至A公司債,24,0,24,第一金-員林,2023-10-19,5381
00753L,中信中國50正2,25,2,23,第一金-員林,2023-10-19,5381
2371,大同,22,0,22,第一金-員林,2023-10-19,5381
5521,工信,23,3,20,第一金-員林,2023-10-19,5381
9919,康那香,20,0,20,第一金-員林,2023-10-19,5381
2892,第一金,20,0,20,第一金-員林,2023-10-19,5381
1319,東陽,19,1,18,第一金-員林,2023-10-19,5381
2605,新興,28,10,18,第一金-員林,2023-10-19,5381
00922,國泰台灣領袖50,18,0,18,第一金-員林,2023-10-19,5381
00931B,統一美債20年,17,0,17,第一金-員林,2023-10-19,5381
00633L,富邦上証正2,16,0,16,第一金-員林,2023-10-19,5381
8046,南電,15,0,15,第一金-員林,2023-10-19,5381
8210,勤誠,14,0,14,第一金-員林,2023-10-19,5381
2881,富邦金,14,0,14,第一金-員林,2023-10-19,5381
1108,幸福,13,0,13,第一金-員林,2023-10-19,5381
6235,華孚,13,0,13,第一金-員林,2023-10-19,5381
9921,巨大,13,1,12,第一金-員林,2023-10-19,5381
2405,輔信,11,0,11,第一金-員林,2023-10-19,5381
3002,歐格,11,0,11,第一金-員林,2023-10-19,5381
6414,樺漢,11,0,11,第一金-員林,2023-10-19,5381
00929,復華台灣科技優息,24,13,11,第一金-員林,2023-10-19,5381
00897,富邦基因免疫生技,10,0,10,第一金-員林,2023-10-19,5381
00773B,中信優先金融債,10,0,10,第一金-員林,2023-10-19,5381
1303,南亞,10,0,10,第一金-員林,2023-10-19,5381
2023,燁輝,10,0,10,第一金-員林,2023-10-19,5381
9902,台火,10,0,10,第一金-員林,2023-10-19,5381
5519,隆大,10,0,10,第一金-員林,2023-10-19,5381
2618,長榮航,17,7,10,第一金-員林,2023-10-19,5381
8176,智捷,11,1,10,第一金-員林,2023-10-19,5381
2883,凱基金,14,6,8,第一金-員林,2023-10-19,5381
00712,復華富時不動產,8,0,8,第一金-員林,2023-10-19,5381
00885,富邦越南,104,0,104,第一金-員林,2023-10-20,5381
00712,復華富時不動產,83,0,83,第一金-員林,2023-10-20,5381
2888,新光金,75,0,75,第一金-員林,2023-10-20,5381
9921,巨大,51,2,49,第一金-員林,2023-10-20,5381
3051,力特,50,1,49,第一金-員林,2023-10-20,5381
2002,中鋼,36,2,34,第一金-員林,2023-10-20,5381
00878,國泰永續高股息,32,0,32,第一金-員林,2023-10-20,5381
00919,群益台灣精選高息,25,1,24,第一金-員林,2023-10-20,5381
00929,復華台灣科技優息,43,20,23,第一金-員林,2023-10-20,5381
1905,華紙,32,11,21,第一金-員林,2023-10-20,5381
2816,旺旺保,22,1,21,第一金-員林,2023-10-20,5381
3363,上詮,21,0,21,第一金-員林,2023-10-20,5381
0056,元大高股息,19,0,19,第一金-員林,2023-10-20,5381
00720B,元大投資級公司債,18,0,18,第一金-員林,2023-10-20,5381
00679B,元大美債20年,17,0,17,第一金-員林,2023-10-20,5381
8040,九暘,17,0,17,第一金-員林,2023-10-20,5381
2303,聯電,77,61,16,第一金-員林,2023-10-20,5381
1529,樂事綠能,15,0,15,第一金-員林,2023-10-20,5381
2515,中工,17,2,15,第一金-員林,2023-10-20,5381
3715,定穎投控,22,7,15,第一金-員林,2023-10-20,5381
1108,幸福,14,0,14,第一金-員林,2023-10-20,5381
2317,鴻海,20,7,13,第一金-員林,2023-10-20,5381
00933B,國泰10Y+金融債,13,0,13,第一金-員林,2023-10-20,5381
2633,台灣高鐵,13,0,13,第一金-員林,2023-10-20,5381
6104,創惟,12,0,12,第一金-員林,2023-10-20,5381
2885,元大金,12,0,12,第一金-員林,2023-10-20,5381
6120,達運,11,0,11,第一金-員林,2023-10-20,5381
00687B,國泰20年美債,11,0,11,第一金-員林,2023-10-20,5381
2884,玉山金,13,3,10,第一金-員林,2023-10-20,5381
8069,元太,10,0,10,第一金-員林,2023-10-20,5381
00897,富邦基因免疫生技,10,0,10,第一金-員林,2023-10-20,5381
1303,南亞,10,0,10,第一金-員林,2023-10-20,5381
2834,臺企銀,10,0,10,第一金-員林,2023-10-20,5381
2867,三商壽,10,0,10,第一金-員林,2023-10-20,5381
4960,誠美材,10,0,10,第一金-員林,2023-10-20,5381
5519,隆大,11,1,10,第一金-員林,2023-10-20,5381
6901,鑽石投資,12,2,10,第一金-員林,2023-10-20,5381
8046,南電,10,0,10,第一金-員林,2023-10-20,5381
3481,群創,9,0,9,第一金-員林,2023-10-20,5381
6235,華孚,13,4,9,第一金-員林,2023-10-20,5381
2892,第一金,8,0,8,第一金-員林,2023-10-20,5381
00713,元大台灣高息低波,8,0,8,第一金-員林,2023-10-20,5381
2801,彰銀,8,0,8,第一金-員林,2023-10-20,5381
3002,歐格,8,0,8,第一金-員林,2023-10-20,5381
3094,聯傑,9,1,8,第一金-員林,2023-10-20,5381
3346,麗清,9,1,8,第一金-員林,2023-10-20,5381
1101,台泥,8,0,8,第一金-員林,2023-10-20,5381
2887,台新金,7,0,7,第一金-員林,2023-10-20,5381
1785,光洋科,28,21,7,第一金-員林,2023-10-20,5381
2516,新建,7,0,7,第一金-員林,2023-10-20,5381
00712,復華富時不動產,184,0,184,第一金-員林,2023-10-23,5381
00680L,元大美債20正2,114,7,107,第一金-員林,2023-10-23,5381
3481,群創,107,0,107,第一金-員林,2023-10-23,5381
1303,南亞,53,0,53,第一金-員林,2023-10-23,5381
8046,南電,52,0,52,第一金-員林,2023-10-23,5381
00929,復華台灣科技優息,47,0,47,第一金-員林,2023-10-23,5381
2317,鴻海,49,3,46,第一金-員林,2023-10-23,5381
00878,國泰永續高股息,48,15,33,第一金-員林,2023-10-23,5381
00679B,元大美債20年,29,0,29,第一金-員林,2023-10-23,5381
00772B,中信高評級公司債,27,0,27,第一金-員林,2023-10-23,5381
0056,元大高股息,31,6,25,第一金-員林,2023-10-23,5381
9928,中視,25,0,25,第一金-員林,2023-10-23,5381
3711,日月光投控,40,20,20,第一金-員林,2023-10-23,5381
00751B,元大AAA至A公司債,19,0,19,第一金-員林,2023-10-23,5381
3051,力特,25,6,19,第一金-員林,2023-10-23,5381
1101,台泥,19,0,19,第一金-員林,2023-10-23,5381
00919,群益台灣精選高息,15,0,15,第一金-員林,2023-10-23,5381
2883,凱基金,14,0,14,第一金-員林,2023-10-23,5381
00687B,國泰20年美債,12,0,12,第一金-員林,2023-10-23,5381
2891,中信金,12,0,12,第一金-員林,2023-10-23,5381
2885,元大金,11,0,11,第一金-員林,2023-10-23,5381
2401,凌陽,37,26,11,第一金-員林,2023-10-23,5381
00933B,國泰10Y+金融債,13,3,10,第一金-員林,2023-10-23,5381
00773B,中信優先金融債,10,0,10,第一金-員林,2023-10-23,5381
3042,晶技,10,0,10,第一金-員林,2023-10-23,5381
5519,隆大,10,0,10,第一金-員林,2023-10-23,5381
5880,合庫金,10,0,10,第一金-員林,2023-10-23,5381
00720B,元大投資級公司債,10,0,10,第一金-員林,2023-10-23,5381
1723,中碳,11,1,10,第一金-員林,2023-10-23,5381
00922,國泰台灣領袖50,9,0,9,第一金-員林,2023-10-23,5381
4958,臻鼎-KY,9,0,9,第一金-員林,2023-10-23,5381
2303,聯電,10,2,8,第一金-員林,2023-10-23,5381
2886,兆豐金,8,0,8,第一金-員林,2023-10-23,5381
1711,永光,13,5,8,第一金-員林,2023-10-23,5381
3059,華晶科,8,0,8,第一金-員林,2023-10-23,5381
8176,智捷,10,2,8,第一金-員林,2023-10-23,5381
2892,第一金,7,0,7,第一金-員林,2023-10-23,5381
3706,神達,7,0,7,第一金-員林,2023-10-23,5381
00882,中信中國高股息,6,0,6,第一金-員林,2023-10-23,5381
00902,中信電池及儲能,6,0,6,第一金-員林,2023-10-23,5381
1532,勤美,6,0,6,第一金-員林,2023-10-23,5381
1605,華新,8,2,6,第一金-員林,2023-10-23,5381
2204,中華,6,0,6,第一金-員林,2023-10-23,5381
2329,華泰,8,2,6,第一金-員林,2023-10-23,5381
4908,前鼎,9,3,6,第一金-員林,2023-10-23,5381
6139,亞翔,6,1,5,第一金-員林,2023-10-23,5381
00931B,統一美債20年,5,0,5,第一金-員林,2023-10-23,5381
00900,富邦特選高股息30,5,0,5,第一金-員林,2023-10-23,5381
1524,耿鼎,5,0,5,第一金-員林,2023-10-23,5381
2520,冠德,5,0,5,第一金-員林,2023-10-23,5381
9105,泰金寶-DR,266,40,226,第一金-員林,2023-10-24,5381
2014,中鴻,103,0,103,第一金-員林,2023-10-24,5381
00931B,統一美債20年,85,0,85,第一金-員林,2023-10-24,5381
00929,復華台灣科技優息,69,0,69,第一金-員林,2023-10-24,5381
2317,鴻海,88,29,59,第一金-員林,2023-10-24,5381
2610,華航,55,2,53,第一金-員林,2023-10-24,5381
3715,定穎投控,71,19,52,第一金-員林,2023-10-24,5381
4944,兆遠,26,0,26,第一金-員林,2023-10-24,5381
3048,益登,27,2,25,第一金-員林,2023-10-24,5381
2408,南亞科,37,14,23,第一金-員林,2023-10-24,5381
00665L,富邦�琤肭磪囓�2,24,4,20,第一金-員林,2023-10-24,5381
3711,日月光投控,44,24,20,第一金-員林,2023-10-24,5381
8110,華東,24,4,20,第一金-員林,2023-10-24,5381
6237,驊訊,20,1,19,第一金-員林,2023-10-24,5381
6517,保勝光學,19,0,19,第一金-員林,2023-10-24,5381
3002,歐格,17,0,17,第一金-員林,2023-10-24,5381
2369,菱生,65,49,16,第一金-員林,2023-10-24,5381
2887,台新金,15,0,15,第一金-員林,2023-10-24,5381
00923,群益台ESG低碳50,13,0,13,第一金-員林,2023-10-24,5381
3059,華晶科,13,0,13,第一金-員林,2023-10-24,5381
5519,隆大,15,2,13,第一金-員林,2023-10-24,5381
6292,迅德,13,0,13,第一金-員林,2023-10-24,5381
00878,國泰永續高股息,33,20,13,第一金-員林,2023-10-24,5381
4162,智擎,24,12,12,第一金-員林,2023-10-24,5381
6770,力積電,12,0,12,第一金-員林,2023-10-24,5381
9919,康那香,12,0,12,第一金-員林,2023-10-24,5381
00679B,元大美債20年,12,1,11,第一金-員林,2023-10-24,5381
2356,英業達,11,0,11,第一金-員林,2023-10-24,5381
00933B,國泰10Y+金融債,10,0,10,第一金-員林,2023-10-24,5381
00720B,元大投資級公司債,10,0,10,第一金-員林,2023-10-24,5381
1605,華新,8,0,8,第一金-員林,2023-10-24,5381
5009,榮剛,12,4,8,第一金-員林,2023-10-24,5381
6168,宏齊,17,9,8,第一金-員林,2023-10-24,5381
2812,台中銀,7,0,7,第一金-員林,2023-10-24,5381
2382,廣達,15,9,6,第一金-員林,2023-10-24,5381
1618,合機,6,0,6,第一金-員林,2023-10-24,5381
2104,國際中橡,6,0,6,第一金-員林,2023-10-24,5381
2367,燿華,6,0,6,第一金-員林,2023-10-24,5381
2539,櫻花建,6,0,6,第一金-員林,2023-10-24,5381
3078,僑威,11,5,6,第一金-員林,2023-10-24,5381
0056,元大高股息,8,2,6,第一金-員林,2023-10-24,5381
00919,群益台灣精選高息,5,0,5,第一金-員林,2023-10-24,5381
1303,南亞,5,0,5,第一金-員林,2023-10-24,5381
00900,富邦特選高股息30,5,0,5,第一金-員林,2023-10-24,5381
2745,五福,6,1,5,第一金-員林,2023-10-24,5381
2834,臺企銀,5,0,5,第一金-員林,2023-10-24,5381
2891,中信金,5,0,5,第一金-員林,2023-10-24,5381
3230,錦明,5,0,5,第一金-員林,2023-10-24,5381
4958,臻鼎-KY,5,0,5,第一金-員林,2023-10-24,5381
6104,創惟,5,0,5,第一金-員林,2023-10-24,5381
00712,復華富時不動產,153,0,153,第一金-員林,2023-10-25,5381
9105,泰金寶-DR,275,200,75,第一金-員林,2023-10-25,5381
2344,華邦電,62,1,61,第一金-員林,2023-10-25,5381
8110,華東,60,10,50,第一金-員林,2023-10-25,5381
2427,三商電,40,1,39,第一金-員林,2023-10-25,5381
3052,夆典,28,0,28,第一金-員林,2023-10-25,5381
00650L,復華香港正2,30,4,26,第一金-員林,2023-10-25,5381
00878,國泰永續高股息,39,14,25,第一金-員林,2023-10-25,5381
3704,合勤控,23,2,21,第一金-員林,2023-10-25,5381
2892,第一金,20,0,20,第一金-員林,2023-10-25,5381
00642U,期元大S＆P石油,20,0,20,第一金-員林,2023-10-25,5381
4944,兆遠,20,0,20,第一金-員林,2023-10-25,5381
3013,晟銘電,23,5,18,第一金-員林,2023-10-25,5381
3615,安可,20,2,18,第一金-員林,2023-10-25,5381
4162,智擎,18,3,15,第一金-員林,2023-10-25,5381
2401,凌陽,31,16,15,第一金-員林,2023-10-25,5381
1618,合機,34,20,14,第一金-員林,2023-10-25,5381
2376,技嘉,15,1,14,第一金-員林,2023-10-25,5381
3264,欣銓,14,0,14,第一金-員林,2023-10-25,5381
1101,台泥,13,0,13,第一金-員林,2023-10-25,5381
3481,群創,17,5,12,第一金-員林,2023-10-25,5381
2317,鴻海,14,2,12,第一金-員林,2023-10-25,5381
9919,康那香,13,2,11,第一金-員林,2023-10-25,5381
3035,智原,14,3,11,第一金-員林,2023-10-25,5381
00637L,元大滬深300正2,10,0,10,第一金-員林,2023-10-25,5381
2888,新光金,10,0,10,第一金-員林,2023-10-25,5381
5864,致和證,10,0,10,第一金-員林,2023-10-25,5381
2408,南亞科,8,0,8,第一金-員林,2023-10-25,5381
4533,協易機,8,0,8,第一金-員林,2023-10-25,5381
5519,隆大,10,2,8,第一金-員林,2023-10-25,5381
6156,松上,8,0,8,第一金-員林,2023-10-25,5381
2913,農林,15,8,7,第一金-員林,2023-10-25,5381
3041,揚智,24,17,7,第一金-員林,2023-10-25,5381
1303,南亞,6,0,6,第一金-員林,2023-10-25,5381
00679B,元大美債20年,6,0,6,第一金-員林,2023-10-25,5381
6213,聯茂,6,0,6,第一金-員林,2023-10-25,5381
6292,迅德,6,0,6,第一金-員林,2023-10-25,5381
00687B,國泰20年美債,5,0,5,第一金-員林,2023-10-25,5381
2382,廣達,14,9,5,第一金-員林,2023-10-25,5381
1603,華電,5,0,5,第一金-員林,2023-10-25,5381
2104,國際中橡,5,0,5,第一金-員林,2023-10-25,5381
4157,太景*-KY,5,0,5,第一金-員林,2023-10-25,5381
2337,旺宏,7,3,4,第一金-員林,2023-10-25,5381
1342,八貫,4,0,4,第一金-員林,2023-10-25,5381
00665L,富邦�琤肭磪囓�2,4,0,4,第一金-員林,2023-10-25,5381
2486,一詮,12,8,4,第一金-員林,2023-10-25,5381
5009,榮剛,5,1,4,第一金-員林,2023-10-25,5381
6153,嘉聯益,4,0,4,第一金-員林,2023-10-25,5381
6235,華孚,5,1,4,第一金-員林,2023-10-25,5381
6288,聯嘉,4,0,4,第一金-員林,2023-10-25,5381
9105,泰金寶-DR,109,3,106,第一金-員林,2023-10-26,5381
00929,復華台灣科技優息,81,0,81,第一金-員林,2023-10-26,5381
00878,國泰永續高股息,67,0,67,第一金-員林,2023-10-26,5381
1721,三晃,98,35,63,第一金-員林,2023-10-26,5381
2303,聯電,69,17,52,第一金-員林,2023-10-26,5381
8046,南電,49,1,48,第一金-員林,2023-10-26,5381
2305,全友,36,0,36,第一金-員林,2023-10-26,5381
00919,群益台灣精選高息,34,0,34,第一金-員林,2023-10-26,5381
2317,鴻海,32,2,30,第一金-員林,2023-10-26,5381
2883,凱基金,27,0,27,第一金-員林,2023-10-26,5381
1303,南亞,27,2,25,第一金-員林,2023-10-26,5381
8176,智捷,25,0,25,第一金-員林,2023-10-26,5381
0056,元大高股息,24,0,24,第一金-員林,2023-10-26,5381
2376,技嘉,20,2,18,第一金-員林,2023-10-26,5381
6290,良維,18,0,18,第一金-員林,2023-10-26,5381
2801,彰銀,15,0,15,第一金-員林,2023-10-26,5381
00902,中信電池及儲能,14,0,14,第一金-員林,2023-10-26,5381
2892,第一金,14,0,14,第一金-員林,2023-10-26,5381
00885,富邦越南,13,0,13,第一金-員林,2023-10-26,5381
8069,元太,13,0,13,第一金-員林,2023-10-26,5381
4958,臻鼎-KY,14,1,13,第一金-員林,2023-10-26,5381
5210,寶碩,21,8,13,第一金-員林,2023-10-26,5381
5880,合庫金,11,0,11,第一金-員林,2023-10-26,5381
4960,誠美材,11,0,11,第一金-員林,2023-10-26,5381
3037,欣興,14,3,11,第一金-員林,2023-10-26,5381
1503,士電,11,1,10,第一金-員林,2023-10-26,5381
2408,南亞科,10,0,10,第一金-員林,2023-10-26,5381
3013,晟銘電,11,1,10,第一金-員林,2023-10-26,5381
5519,隆大,10,0,10,第一金-員林,2023-10-26,5381
00650L,復華香港正2,9,0,9,第一金-員林,2023-10-26,5381
00687B,國泰20年美債,8,0,8,第一金-員林,2023-10-26,5381
9921,巨大,10,2,8,第一金-員林,2023-10-26,5381
2201,裕隆,8,0,8,第一金-員林,2023-10-26,5381
00900,富邦特選高股息30,8,0,8,第一金-員林,2023-10-26,5381
3715,定穎投控,56,48,8,第一金-員林,2023-10-26,5381
8358,金居,7,0,7,第一金-員林,2023-10-26,5381
1524,耿鼎,32,25,7,第一金-員林,2023-10-26,5381
2405,輔信,7,0,7,第一金-員林,2023-10-26,5381
2465,麗臺,8,1,7,第一金-員林,2023-10-26,5381
2834,臺企銀,7,0,7,第一金-員林,2023-10-26,5381
5347,世界,7,0,7,第一金-員林,2023-10-26,5381
6213,聯茂,7,0,7,第一金-員林,2023-10-26,5381
2867,三商壽,6,0,6,第一金-員林,2023-10-26,5381
6282,康舒,6,0,6,第一金-員林,2023-10-26,5381
911622,泰聚亨-DR,6,0,6,第一金-員林,2023-10-26,5381
2449,京元電子,6,1,5,第一金-員林,2023-10-26,5381
2885,元大金,5,0,5,第一金-員林,2023-10-26,5381
00688L,國泰20年美債正2,5,0,5,第一金-員林,2023-10-26,5381
00931B,統一美債20年,5,0,5,第一金-員林,2023-10-26,5381
1909,榮成,5,0,5,第一金-員林,2023-10-26,5381
5521,工信,93,0,93,第一金-員林,2023-10-27,5381
1721,三晃,38,0,38,第一金-員林,2023-10-27,5381
3324,雙鴻,28,4,24,第一金-員林,2023-10-27,5381
00885,富邦越南,25,3,22,第一金-員林,2023-10-27,5381
1316,上曜,18,0,18,第一金-員林,2023-10-27,5381
4128,中天,17,2,15,第一金-員林,2023-10-27,5381
2317,鴻海,14,0,14,第一金-員林,2023-10-27,5381
2883,凱基金,15,1,14,第一金-員林,2023-10-27,5381
00878,國泰永續高股息,12,0,12,第一金-員林,2023-10-27,5381
00715L,期街口布蘭特正2,11,0,11,第一金-員林,2023-10-27,5381
1609,大亞,11,0,11,第一金-員林,2023-10-27,5381
8936,國統,11,0,11,第一金-員林,2023-10-27,5381
00929,復華台灣科技優息,27,17,10,第一金-員林,2023-10-27,5381
1319,東陽,16,6,10,第一金-員林,2023-10-27,5381
3207,耀勝,10,0,10,第一金-員林,2023-10-27,5381
3548,兆利,11,1,10,第一金-員林,2023-10-27,5381
5009,榮剛,11,1,10,第一金-員林,2023-10-27,5381
5225,東科-KY,10,0,10,第一金-員林,2023-10-27,5381
5519,隆大,10,0,10,第一金-員林,2023-10-27,5381
8227,巨有科技,10,0,10,第一金-員林,2023-10-27,5381
2337,旺宏,9,1,8,第一金-員林,2023-10-27,5381
8358,金居,8,0,8,第一金-員林,2023-10-27,5381
00712,復華富時不動產,8,0,8,第一金-員林,2023-10-27,5381
2408,南亞科,8,0,8,第一金-員林,2023-10-27,5381
5210,寶碩,8,0,8,第一金-員林,2023-10-27,5381
2344,華邦電,7,0,7,第一金-員林,2023-10-27,5381
2409,友達,7,0,7,第一金-員林,2023-10-27,5381
8176,智捷,22,15,7,第一金-員林,2023-10-27,5381
00919,群益台灣精選高息,8,2,6,第一金-員林,2023-10-27,5381
1314,中石化,10,4,6,第一金-員林,2023-10-27,5381
3693,營邦,7,1,6,第一金-員林,2023-10-27,5381
6235,華孚,6,0,6,第一金-員林,2023-10-27,5381
3276,宇環,29,23,6,第一金-員林,2023-10-27,5381
4908,前鼎,20,15,5,第一金-員林,2023-10-27,5381
2388,威盛,5,0,5,第一金-員林,2023-10-27,5381
2913,農林,5,0,5,第一金-員林,2023-10-27,5381
6122,擎邦,6,1,5,第一金-員林,2023-10-27,5381
6213,聯茂,6,1,5,第一金-員林,2023-10-27,5381
00665L,富邦�琤肭磪囓�2,4,0,4,第一金-員林,2023-10-27,5381
00907,永豐優息存股,4,0,4,第一金-員林,2023-10-27,5381
2498,宏達電,4,0,4,第一金-員林,2023-10-27,5381
3035,智原,4,0,4,第一金-員林,2023-10-27,5381
4542,科嶠,8,4,4,第一金-員林,2023-10-27,5381
6104,創惟,4,0,4,第一金-員林,2023-10-27,5381
6442,光聖,10,6,4,第一金-員林,2023-10-27,5381
2390,云辰,9,6,3,第一金-員林,2023-10-27,5381
1519,華城,6,3,3,第一金-員林,2023-10-27,5381
2340,台亞,4,1,3,第一金-員林,2023-10-27,5381
2427,三商電,8,5,3,第一金-員林,2023-10-27,5381
2543,皇昌,3,0,3,第一金-員林,2023-10-27,5381
9105,泰金寶-DR,153,0,153,第一金-員林,2023-10-30,5381
2317,鴻海,108,7,101,第一金-員林,2023-10-30,5381
2390,云辰,103,10,93,第一金-員林,2023-10-30,5381
5521,工信,34,0,34,第一金-員林,2023-10-30,5381
00680L,元大美債20正2,33,0,33,第一金-員林,2023-10-30,5381
4551,智伸科,30,0,30,第一金-員林,2023-10-30,5381
2485,兆赫,28,0,28,第一金-員林,2023-10-30,5381
2618,長榮航,23,0,23,第一金-員林,2023-10-30,5381
2897,王道銀行,23,0,23,第一金-員林,2023-10-30,5381
1503,士電,21,0,21,第一金-員林,2023-10-30,5381
00712,復華富時不動產,21,0,21,第一金-員林,2023-10-30,5381
2610,華航,17,0,17,第一金-員林,2023-10-30,5381
2883,凱基金,17,0,17,第一金-員林,2023-10-30,5381
3711,日月光投控,37,20,17,第一金-員林,2023-10-30,5381
6216,居易,28,11,17,第一金-員林,2023-10-30,5381
6517,保勝光學,16,0,16,第一金-員林,2023-10-30,5381
1616,億泰,15,0,15,第一金-員林,2023-10-30,5381
1721,三晃,15,0,15,第一金-員林,2023-10-30,5381
9910,豐泰,14,0,14,第一金-員林,2023-10-30,5381
2886,兆豐金,12,0,12,第一金-員林,2023-10-30,5381
00933B,國泰10Y+金融債,12,0,12,第一金-員林,2023-10-30,5381
2105,正新,12,0,12,第一金-員林,2023-10-30,5381
4532,瑞智,11,0,11,第一金-員林,2023-10-30,5381
00772B,中信高評級公司債,10,0,10,第一金-員林,2023-10-30,5381
1524,耿鼎,10,0,10,第一金-員林,2023-10-30,5381
1314,中石化,10,0,10,第一金-員林,2023-10-30,5381
2816,旺旺保,10,0,10,第一金-員林,2023-10-30,5381
2834,臺企銀,10,0,10,第一金-員林,2023-10-30,5381
3049,精金,10,0,10,第一金-員林,2023-10-30,5381
4960,誠美材,18,8,10,第一金-員林,2023-10-30,5381
5381,合正,10,0,10,第一金-員林,2023-10-30,5381
5519,隆大,10,0,10,第一金-員林,2023-10-30,5381
6116,彩晶,10,0,10,第一金-員林,2023-10-30,5381
6244,茂迪,11,1,10,第一金-員林,2023-10-30,5381
00878,國泰永續高股息,11,1,10,第一金-員林,2023-10-30,5381
6213,聯茂,9,0,9,第一金-員林,2023-10-30,5381
3231,緯創,24,15,9,第一金-員林,2023-10-30,5381
2892,第一金,7,0,7,第一金-員林,2023-10-30,5381
2313,華通,21,14,7,第一金-員林,2023-10-30,5381
2206,三陽工業,6,0,6,第一金-員林,2023-10-30,5381
00919,群益台灣精選高息,6,0,6,第一金-員林,2023-10-30,5381
3715,定穎投控,27,21,6,第一金-員林,2023-10-30,5381
1568,倉佑,6,0,6,第一金-員林,2023-10-30,5381
3576,聯合再生,6,0,6,第一金-員林,2023-10-30,5381
3176,基亞,8,2,6,第一金-員林,2023-10-30,5381
00929,復華台灣科技優息,10,5,5,第一金-員林,2023-10-30,5381
5880,合庫金,5,0,5,第一金-員林,2023-10-30,5381
00751B,元大AAA至A公司債,5,0,5,第一金-員林,2023-10-30,5381
2884,玉山金,5,0,5,第一金-員林,2023-10-30,5381
6290,良維,5,0,5,第一金-員林,2023-10-30,5381
9105,泰金寶-DR,250,135,115,第一金-員林,2023-10-31,5381
1449,佳和,105,0,105,第一金-員林,2023-10-31,5381
0056,元大高股息,49,1,48,第一金-員林,2023-10-31,5381
00878,國泰永續高股息,49,1,48,第一金-員林,2023-10-31,5381
00929,復華台灣科技優息,39,0,39,第一金-員林,2023-10-31,5381
1524,耿鼎,47,9,38,第一金-員林,2023-10-31,5381
3189,景碩,37,1,36,第一金-員林,2023-10-31,5381
3576,聯合再生,61,36,25,第一金-員林,2023-10-31,5381
2344,華邦電,26,2,24,第一金-員林,2023-10-31,5381
1609,大亞,24,1,23,第一金-員林,2023-10-31,5381
00679B,元大美債20年,22,0,22,第一金-員林,2023-10-31,5381
00751B,元大AAA至A公司債,20,0,20,第一金-員林,2023-10-31,5381
2358,廷鑫,18,0,18,第一金-員林,2023-10-31,5381
2417,圓剛,20,2,18,第一金-員林,2023-10-31,5381
2913,農林,18,0,18,第一金-員林,2023-10-31,5381
4108,懷特,18,0,18,第一金-員林,2023-10-31,5381
5533,皇鼎,16,0,16,第一金-員林,2023-10-31,5381
2409,友達,15,0,15,第一金-員林,2023-10-31,5381
6116,彩晶,15,0,15,第一金-員林,2023-10-31,5381
2406,國碩,21,8,13,第一金-員林,2023-10-31,5381
2303,聯電,13,1,12,第一金-員林,2023-10-31,5381
2337,旺宏,13,1,12,第一金-員林,2023-10-31,5381
2376,技嘉,13,1,12,第一金-員林,2023-10-31,5381
1503,士電,11,0,11,第一金-員林,2023-10-31,5381
3324,雙鴻,13,2,11,第一金-員林,2023-10-31,5381
1471,首利,10,0,10,第一金-員林,2023-10-31,5381
2108,南帝,10,0,10,第一金-員林,2023-10-31,5381
2610,華航,13,3,10,第一金-員林,2023-10-31,5381
2892,第一金,10,0,10,第一金-員林,2023-10-31,5381
3363,上詮,11,1,10,第一金-員林,2023-10-31,5381
3714,富采,10,0,10,第一金-員林,2023-10-31,5381
5519,隆大,10,0,10,第一金-員林,2023-10-31,5381
6547,高端疫苗,10,0,10,第一金-員林,2023-10-31,5381
2201,裕隆,9,0,9,第一金-員林,2023-10-31,5381
00900,富邦特選高股息30,9,0,9,第一金-員林,2023-10-31,5381
1519,華城,10,1,9,第一金-員林,2023-10-31,5381
00665L,富邦�琤肭磪囓�2,8,0,8,第一金-員林,2023-10-31,5381
6517,保勝光學,8,0,8,第一金-員林,2023-10-31,5381
8054,安國,15,7,8,第一金-員林,2023-10-31,5381
2330,台積電,11,4,7,第一金-員林,2023-10-31,5381
00919,群益台灣精選高息,7,0,7,第一金-員林,2023-10-31,5381
6117,迎廣,15,8,7,第一金-員林,2023-10-31,5381
1513,中興電,6,0,6,第一金-員林,2023-10-31,5381
3231,緯創,14,8,6,第一金-員林,2023-10-31,5381
2351,順德,10,4,6,第一金-員林,2023-10-31,5381
2449,京元電子,6,0,6,第一金-員林,2023-10-31,5381
2809,京城銀,6,0,6,第一金-員林,2023-10-31,5381
4714,永捷,6,0,6,第一金-員林,2023-10-31,5381
5880,合庫金,6,0,6,第一金-員林,2023-10-31,5381
6235,華孚,6,0,6,第一金-員林,2023-10-31,5381
2338,光罩,60,1,59,第一金-員林,2023-11-01,5381
00878,國泰永續高股息,40,0,40,第一金-員林,2023-11-01,5381
5225,東科-KY,40,0,40,第一金-員林,2023-11-01,5381
6799,來頡,30,0,30,第一金-員林,2023-11-01,5381
9921,巨大,26,0,26,第一金-員林,2023-11-01,5381
2317,鴻海,30,5,25,第一金-員林,2023-11-01,5381
00929,復華台灣科技優息,25,0,25,第一金-員林,2023-11-01,5381
3324,雙鴻,20,0,20,第一金-員林,2023-11-01,5381
9919,康那香,20,0,20,第一金-員林,2023-11-01,5381
00885,富邦越南,19,0,19,第一金-員林,2023-11-01,5381
1319,東陽,15,0,15,第一金-員林,2023-11-01,5381
2610,華航,15,1,14,第一金-員林,2023-11-01,5381
3706,神達,14,0,14,第一金-員林,2023-11-01,5381
2376,技嘉,13,1,12,第一金-員林,2023-11-01,5381
00679B,元大美債20年,11,0,11,第一金-員林,2023-11-01,5381
2356,英業達,16,5,11,第一金-員林,2023-11-01,5381
3035,智原,24,13,11,第一金-員林,2023-11-01,5381
00687B,國泰20年美債,10,0,10,第一金-員林,2023-11-01,5381
1104,環泥,10,0,10,第一金-員林,2023-11-01,5381
2331,精英,10,0,10,第一金-員林,2023-11-01,5381
2888,新光金,10,0,10,第一金-員林,2023-11-01,5381
4714,永捷,10,0,10,第一金-員林,2023-11-01,5381
5519,隆大,10,0,10,第一金-員林,2023-11-01,5381
6129,普誠,10,0,10,第一金-員林,2023-11-01,5381
5469,瀚宇博,9,0,9,第一金-員林,2023-11-01,5381
2337,旺宏,8,0,8,第一金-員林,2023-11-01,5381
00931B,統一美債20年,8,0,8,第一金-員林,2023-11-01,5381
4167,松瑞藥,9,1,8,第一金-員林,2023-11-01,5381
0056,元大高股息,8,1,7,第一金-員林,2023-11-01,5381
6550,北極星藥業-KY,7,0,7,第一金-員林,2023-11-01,5381
00772B,中信高評級公司債,6,0,6,第一金-員林,2023-11-01,5381
1708,東鹼,6,0,6,第一金-員林,2023-11-01,5381
3380,明泰,8,2,6,第一金-員林,2023-11-01,5381
4915,致伸,6,1,5,第一金-員林,2023-11-01,5381
00934,中信成長高股息,61,56,5,第一金-員林,2023-11-01,5381
00751B,元大AAA至A公司債,5,0,5,第一金-員林,2023-11-01,5381
1609,大亞,5,0,5,第一金-員林,2023-11-01,5381
1907,永豐餘,5,0,5,第一金-員林,2023-11-01,5381
2406,國碩,7,2,5,第一金-員林,2023-11-01,5381
2891,中信金,6,1,5,第一金-員林,2023-11-01,5381
2892,第一金,6,1,5,第一金-員林,2023-11-01,5381
4952,凌通,5,0,5,第一金-員林,2023-11-01,5381
6117,迎廣,17,12,5,第一金-員林,2023-11-01,5381
6492,生華科,26,21,5,第一金-員林,2023-11-01,5381
6541,泰福-KY,5,0,5,第一金-員林,2023-11-01,5381
00712,復華富時不動產,4,0,4,第一金-員林,2023-11-01,5381
00688L,國泰20年美債正2,4,0,4,第一金-員林,2023-11-01,5381
00899,FT潔淨能源,4,0,4,第一金-員林,2023-11-01,5381
2468,華經,4,0,4,第一金-員林,2023-11-01,5381
2485,兆赫,4,0,4,第一金-員林,2023-11-01,5381
00669R,國泰美國道瓊反1,247,0,247,第一金-員林,2023-11-02,5381
8054,安國,78,29,49,第一金-員林,2023-11-02,5381
2913,農林,38,0,38,第一金-員林,2023-11-02,5381
00878,國泰永續高股息,27,4,23,第一金-員林,2023-11-02,5381
1108,幸福,58,39,19,第一金-員林,2023-11-02,5381
3322,建舜電,25,9,16,第一金-員林,2023-11-02,5381
5521,工信,69,53,16,第一金-員林,2023-11-02,5381
1524,耿鼎,18,5,13,第一金-員林,2023-11-02,5381
00679B,元大美債20年,13,1,12,第一金-員林,2023-11-02,5381
4939,亞電,11,0,11,第一金-員林,2023-11-02,5381
9958,世紀鋼,11,1,10,第一金-員林,2023-11-02,5381
00632R,元大台灣50反1,10,0,10,第一金-員林,2023-11-02,5381
1515,力山,10,0,10,第一金-員林,2023-11-02,5381
1789,神隆,10,0,10,第一金-員林,2023-11-02,5381
2495,普安,10,0,10,第一金-員林,2023-11-02,5381
3122,笙泉,20,10,10,第一金-員林,2023-11-02,5381
5519,隆大,10,0,10,第一金-員林,2023-11-02,5381
3705,永信,10,1,9,第一金-員林,2023-11-02,5381
1905,華紙,10,1,9,第一金-員林,2023-11-02,5381
9934,成霖,8,0,8,第一金-員林,2023-11-02,5381
00885,富邦越南,7,0,7,第一金-員林,2023-11-02,5381
00931B,統一美債20年,8,1,7,第一金-員林,2023-11-02,5381
6213,聯茂,14,7,7,第一金-員林,2023-11-02,5381
1319,東陽,6,0,6,第一金-員林,2023-11-02,5381
3531,先益,6,0,6,第一金-員林,2023-11-02,5381
00712,復華富時不動產,10,5,5,第一金-員林,2023-11-02,5381
00715L,期街口布蘭特正2,5,0,5,第一金-員林,2023-11-02,5381
00706L,期元大S＆P日圓正2,5,0,5,第一金-員林,2023-11-02,5381
00655L,國泰中國A50正2,5,0,5,第一金-員林,2023-11-02,5381
00633L,富邦上証正2,5,0,5,第一金-員林,2023-11-02,5381
1452,宏益,5,0,5,第一金-員林,2023-11-02,5381
1580,新麥,5,0,5,第一金-員林,2023-11-02,5381
2354,鴻準,5,0,5,第一金-員林,2023-11-02,5381
2888,新光金,5,0,5,第一金-員林,2023-11-02,5381
4167,松瑞藥,21,16,5,第一金-員林,2023-11-02,5381
5315,光聯,5,0,5,第一金-員林,2023-11-02,5381
9945,潤泰新,5,0,5,第一金-員林,2023-11-02,5381
4942,嘉彰,4,0,4,第一金-員林,2023-11-02,5381
5488,松普,4,0,4,第一金-員林,2023-11-02,5381
6235,華孚,17,13,4,第一金-員林,2023-11-02,5381
8044,網家,4,0,4,第一金-員林,2023-11-02,5381
4128,中天,6,2,4,第一金-員林,2023-11-02,5381
1304,台聚,3,0,3,第一金-員林,2023-11-02,5381
00720B,元大投資級公司債,3,0,3,第一金-員林,2023-11-02,5381
2233,宇隆,3,0,3,第一金-員林,2023-11-02,5381
2312,金寶,3,0,3,第一金-員林,2023-11-02,5381
2371,大同,3,0,3,第一金-員林,2023-11-02,5381
2816,旺旺保,3,0,3,第一金-員林,2023-11-02,5381
3704,合勤控,3,0,3,第一金-員林,2023-11-02,5381
6168,宏齊,3,0,3,第一金-員林,2023-11-02,5381
2317,鴻海,57,3,54,第一金-員林,2023-11-03,5381
6284,佳邦,51,0,51,第一金-員林,2023-11-03,5381
2363,矽統,99,52,47,第一金-員林,2023-11-03,5381
00878,國泰永續高股息,41,0,41,第一金-員林,2023-11-03,5381
5521,工信,158,120,38,第一金-員林,2023-11-03,5381
8046,南電,31,0,31,第一金-員林,2023-11-03,5381
2376,技嘉,27,2,25,第一金-員林,2023-11-03,5381
00679B,元大美債20年,24,0,24,第一金-員林,2023-11-03,5381
00919,群益台灣精選高息,24,2,22,第一金-員林,2023-11-03,5381
2618,長榮航,42,21,21,第一金-員林,2023-11-03,5381
1815,富喬,24,6,18,第一金-員林,2023-11-03,5381
00680L,元大美債20正2,14,0,14,第一金-員林,2023-11-03,5381
2409,友達,17,3,14,第一金-員林,2023-11-03,5381
2465,麗臺,14,1,13,第一金-員林,2023-11-03,5381
5519,隆大,12,0,12,第一金-員林,2023-11-03,5381
3231,緯創,22,10,12,第一金-員林,2023-11-03,5381
00931B,統一美債20年,11,0,11,第一金-員林,2023-11-03,5381
3189,景碩,11,1,10,第一金-員林,2023-11-03,5381
3362,先進光,10,0,10,第一金-員林,2023-11-03,5381
2605,新興,9,0,9,第一金-員林,2023-11-03,5381
00687B,國泰20年美債,8,0,8,第一金-員林,2023-11-03,5381
9105,泰金寶-DR,8,0,8,第一金-員林,2023-11-03,5381
0056,元大高股息,7,0,7,第一金-員林,2023-11-03,5381
3034,聯詠,9,2,7,第一金-員林,2023-11-03,5381
3276,宇環,7,0,7,第一金-員林,2023-11-03,5381
4167,松瑞藥,7,0,7,第一金-員林,2023-11-03,5381
1449,佳和,6,0,6,第一金-員林,2023-11-03,5381
2324,仁寶,6,0,6,第一金-員林,2023-11-03,5381
2369,菱生,6,0,6,第一金-員林,2023-11-03,5381
3014,聯陽,6,0,6,第一金-員林,2023-11-03,5381
9933,中鼎,7,1,6,第一金-員林,2023-11-03,5381
4908,前鼎,10,4,6,第一金-員林,2023-11-03,5381
6285,啟��,8,2,6,第一金-員林,2023-11-03,5381
5258,虹堡,6,1,5,第一金-員林,2023-11-03,5381
1316,上曜,10,5,5,第一金-員林,2023-11-03,5381
2313,華通,36,31,5,第一金-員林,2023-11-03,5381
2382,廣達,7,2,5,第一金-員林,2023-11-03,5381
2399,映泰,5,0,5,第一金-員林,2023-11-03,5381
4188,安克,5,0,5,第一金-員林,2023-11-03,5381
5210,寶碩,5,0,5,第一金-員林,2023-11-03,5381
5471,松翰,5,0,5,第一金-員林,2023-11-03,5381
6179,亞通,5,0,5,第一金-員林,2023-11-03,5381
6189,豐藝,5,0,5,第一金-員林,2023-11-03,5381
6292,迅德,7,2,5,第一金-員林,2023-11-03,5381
8088,品安,5,0,5,第一金-員林,2023-11-03,5381
8227,巨有科技,6,1,5,第一金-員林,2023-11-03,5381
4979,華星光,7,3,4,第一金-員林,2023-11-03,5381
1524,耿鼎,6,2,4,第一金-員林,2023-11-03,5381
1605,華新,6,2,4,第一金-員林,2023-11-03,5381
1717,長興,4,0,4,第一金-員林,2023-11-03,5381
2376,技嘉,41,2,39,第一金-員林,2023-11-06,5381
00712,復華富時不動產,34,0,34,第一金-員林,2023-11-06,5381
2888,新光金,32,8,24,第一金-員林,2023-11-06,5381
8926,台汽電,24,0,24,第一金-員林,2023-11-06,5381
00934,中信成長高股息,30,10,20,第一金-員林,2023-11-06,5381
2913,農林,25,5,20,第一金-員林,2023-11-06,5381
00687B,國泰20年美債,17,0,17,第一金-員林,2023-11-06,5381
00688L,國泰20年美債正2,15,0,15,第一金-員林,2023-11-06,5381
2329,華泰,20,6,14,第一金-員林,2023-11-06,5381
4503,金雨,13,0,13,第一金-員林,2023-11-06,5381
6191,精成科,18,5,13,第一金-員林,2023-11-06,5381
2317,鴻海,13,1,12,第一金-員林,2023-11-06,5381
00715L,期街口布蘭特正2,12,0,12,第一金-員林,2023-11-06,5381
2618,長榮航,44,33,11,第一金-員林,2023-11-06,5381
00679B,元大美債20年,13,3,10,第一金-員林,2023-11-06,5381
00772B,中信高評級公司債,10,0,10,第一金-員林,2023-11-06,5381
1313,聯成,10,0,10,第一金-員林,2023-11-06,5381
00915,凱基優選高股息30,10,0,10,第一金-員林,2023-11-06,5381
6188,廣明,10,0,10,第一金-員林,2023-11-06,5381
2002,中鋼,21,12,9,第一金-員林,2023-11-06,5381
3682,亞太電,9,0,9,第一金-員林,2023-11-06,5381
1721,三晃,20,12,8,第一金-員林,2023-11-06,5381
2359,所羅門,9,1,8,第一金-員林,2023-11-06,5381
6770,力積電,8,0,8,第一金-員林,2023-11-06,5381
3376,新日興,13,6,7,第一金-員林,2023-11-06,5381
2462,良得電,7,0,7,第一金-員林,2023-11-06,5381
2305,全友,7,0,7,第一金-員林,2023-11-06,5381
3363,上詮,11,5,6,第一金-員林,2023-11-06,5381
3576,聯合再生,6,0,6,第一金-員林,2023-11-06,5381
2364,倫飛,5,0,5,第一金-員林,2023-11-06,5381
00725B,國泰投資級公司債,5,0,5,第一金-員林,2023-11-06,5381
1316,上曜,5,0,5,第一金-員林,2023-11-06,5381
1605,華新,31,26,5,第一金-員林,2023-11-06,5381
2539,櫻花建,5,0,5,第一金-員林,2023-11-06,5381
2609,陽明,5,0,5,第一金-員林,2023-11-06,5381
3689,湧德,7,2,5,第一金-員林,2023-11-06,5381
4157,太景*-KY,7,2,5,第一金-員林,2023-11-06,5381
4909,新復興,5,0,5,第一金-員林,2023-11-06,5381
6163,華電網,5,0,5,第一金-員林,2023-11-06,5381
6168,宏齊,5,0,5,第一金-員林,2023-11-06,5381
8076,伍豐,5,0,5,第一金-員林,2023-11-06,5381
2356,英業達,9,4,5,第一金-員林,2023-11-06,5381
2408,南亞科,10,6,4,第一金-員林,2023-11-06,5381
2206,三陽工業,5,1,4,第一金-員林,2023-11-06,5381
2357,華碩,4,0,4,第一金-員林,2023-11-06,5381
3703,欣陸,4,0,4,第一金-員林,2023-11-06,5381
4942,嘉彰,4,0,4,第一金-員林,2023-11-06,5381
6197,佳必琪,6,2,4,第一金-員林,2023-11-06,5381
6292,迅德,4,0,4,第一金-員林,2023-11-06,5381
2105,正新,9,5,4,第一金-員林,2023-11-06,5381
00669R,國泰美國道瓊反1,247,0,247,第一金-員林,2023-11-07,5381
00680L,元大美債20正2,52,0,52,第一金-員林,2023-11-07,5381
9950,萬國通,34,0,34,第一金-員林,2023-11-07,5381
1609,大亞,30,0,30,第一金-員林,2023-11-07,5381
00878,國泰永續高股息,31,2,29,第一金-員林,2023-11-07,5381
2888,新光金,26,1,25,第一金-員林,2023-11-07,5381
00712,復華富時不動產,26,3,23,第一金-員林,2023-11-07,5381
6290,良維,28,6,22,第一金-員林,2023-11-07,5381
00929,復華台灣科技優息,23,3,20,第一金-員林,2023-11-07,5381
2317,鴻海,19,1,18,第一金-員林,2023-11-07,5381
00679B,元大美債20年,14,0,14,第一金-員林,2023-11-07,5381
00687B,國泰20年美債,13,0,13,第一金-員林,2023-11-07,5381
6274,台燿,13,0,13,第一金-員林,2023-11-07,5381
2610,華航,20,8,12,第一金-員林,2023-11-07,5381
1319,東陽,11,0,11,第一金-員林,2023-11-07,5381
8046,南電,10,0,10,第一金-員林,2023-11-07,5381
2371,大同,10,0,10,第一金-員林,2023-11-07,5381
3049,精金,10,0,10,第一金-員林,2023-11-07,5381
2618,長榮航,11,2,9,第一金-員林,2023-11-07,5381
2634,漢翔,10,1,9,第一金-員林,2023-11-07,5381
2515,中工,35,26,9,第一金-員林,2023-11-07,5381
6509,聚和,13,4,9,第一金-員林,2023-11-07,5381
8044,網家,9,0,9,第一金-員林,2023-11-07,5381
8432,東生華,9,0,9,第一金-員林,2023-11-07,5381
4908,前鼎,14,5,9,第一金-員林,2023-11-07,5381
3041,揚智,11,2,9,第一金-員林,2023-11-07,5381
2002,中鋼,8,0,8,第一金-員林,2023-11-07,5381
5519,隆大,8,0,8,第一金-員林,2023-11-07,5381
3171,炎洲流通,7,0,7,第一金-員林,2023-11-07,5381
2748,雲品,16,10,6,第一金-員林,2023-11-07,5381
1795,美時,21,15,6,第一金-員林,2023-11-07,5381
3481,群創,6,0,6,第一金-員林,2023-11-07,5381
00931B,統一美債20年,6,0,6,第一金-員林,2023-11-07,5381
1459,聯發,6,0,6,第一金-員林,2023-11-07,5381
2486,一詮,21,15,6,第一金-員林,2023-11-07,5381
2867,三商壽,6,0,6,第一金-員林,2023-11-07,5381
2881,富邦金,8,2,6,第一金-員林,2023-11-07,5381
6104,創惟,6,0,6,第一金-員林,2023-11-07,5381
5439,高技,6,0,6,第一金-員林,2023-11-07,5381
3376,新日興,7,2,5,第一金-員林,2023-11-07,5381
6197,佳必琪,5,0,5,第一金-員林,2023-11-07,5381
8069,元太,5,0,5,第一金-員林,2023-11-07,5381
00715L,期街口布蘭特正2,5,0,5,第一金-員林,2023-11-07,5381
00688L,國泰20年美債正2,5,0,5,第一金-員林,2023-11-07,5381
00725B,國泰投資級公司債,5,0,5,第一金-員林,2023-11-07,5381
1785,光洋科,5,0,5,第一金-員林,2023-11-07,5381
2344,華邦電,6,1,5,第一金-員林,2023-11-07,5381
3026,禾伸堂,5,0,5,第一金-員林,2023-11-07,5381
4961,天鈺,5,0,5,第一金-員林,2023-11-07,5381
8110,華東,15,10,5,第一金-員林,2023-11-07,5381
2618,長榮航,87,12,75,第一金-員林,2023-11-08,5381
00934,中信成長高股息,76,11,65,第一金-員林,2023-11-08,5381
3706,神達,43,0,43,第一金-員林,2023-11-08,5381
00929,復華台灣科技優息,49,11,38,第一金-員林,2023-11-08,5381
2344,華邦電,32,1,31,第一金-員林,2023-11-08,5381
8421,旭源,28,0,28,第一金-員林,2023-11-08,5381
00936,台新永續高息中小,24,0,24,第一金-員林,2023-11-08,5381
2488,漢平,23,0,23,第一金-員林,2023-11-08,5381
1339,昭輝,23,1,22,第一金-員林,2023-11-08,5381
00878,國泰永續高股息,21,3,18,第一金-員林,2023-11-08,5381
2883,凱基金,17,0,17,第一金-員林,2023-11-08,5381
00715L,期街口布蘭特正2,13,0,13,第一金-員林,2023-11-08,5381
3013,晟銘電,35,22,13,第一金-員林,2023-11-08,5381
2303,聯電,14,2,12,第一金-員林,2023-11-08,5381
1471,首利,16,4,12,第一金-員林,2023-11-08,5381
1584,精剛,13,1,12,第一金-員林,2023-11-08,5381
2356,英業達,34,22,12,第一金-員林,2023-11-08,5381
9914,美利達,12,0,12,第一金-員林,2023-11-08,5381
2002,中鋼,11,0,11,第一金-員林,2023-11-08,5381
00933B,國泰10Y+金融債,11,0,11,第一金-員林,2023-11-08,5381
1905,華紙,11,0,11,第一金-員林,2023-11-08,5381
2369,菱生,10,0,10,第一金-員林,2023-11-08,5381
00919,群益台灣精選高息,11,1,10,第一金-員林,2023-11-08,5381
1815,富喬,13,3,10,第一金-員林,2023-11-08,5381
5302,太欣,10,0,10,第一金-員林,2023-11-08,5381
6284,佳邦,87,77,10,第一金-員林,2023-11-08,5381
2425,承啟,10,1,9,第一金-員林,2023-11-08,5381
8054,安國,11,2,9,第一金-員林,2023-11-08,5381
3481,群創,20,12,8,第一金-員林,2023-11-08,5381
4908,前鼎,15,7,8,第一金-員林,2023-11-08,5381
5519,隆大,11,3,8,第一金-員林,2023-11-08,5381
3374,精材,8,1,7,第一金-員林,2023-11-08,5381
4942,嘉彰,7,0,7,第一金-員林,2023-11-08,5381
6117,迎廣,44,37,7,第一金-員林,2023-11-08,5381
00680L,元大美債20正2,6,0,6,第一金-員林,2023-11-08,5381
1314,中石化,6,0,6,第一金-員林,2023-11-08,5381
5381,合正,8,2,6,第一金-員林,2023-11-08,5381
6243,迅杰,11,5,6,第一金-員林,2023-11-08,5381
1301,台塑,5,0,5,第一金-員林,2023-11-08,5381
1316,上曜,5,0,5,第一金-員林,2023-11-08,5381
00696B,富邦美債20年,5,0,5,第一金-員林,2023-11-08,5381
1402,遠東新,8,3,5,第一金-員林,2023-11-08,5381
2408,南亞科,5,0,5,第一金-員林,2023-11-08,5381
3006,晶豪科,5,0,5,第一金-員林,2023-11-08,5381
3221,台嘉碩,5,0,5,第一金-員林,2023-11-08,5381
5347,世界,5,0,5,第一金-員林,2023-11-08,5381
6285,啟��,5,0,5,第一金-員林,2023-11-08,5381
6414,樺漢,5,0,5,第一金-員林,2023-11-08,5381
6491,晶碩,5,0,5,第一金-員林,2023-11-08,5381
3576,聯合再生,5,0,5,第一金-員林,2023-11-08,5381
00878,國泰永續高股息,34,1,33,第一金-員林,2023-11-09,5381
00665L,富邦�琤肭磪囓�2,36,3,33,第一金-員林,2023-11-09,5381
00936,台新永續高息中小,32,0,32,第一金-員林,2023-11-09,5381
00720B,元大投資級公司債,36,5,31,第一金-員林,2023-11-09,5381
2344,華邦電,29,0,29,第一金-員林,2023-11-09,5381
5521,工信,79,55,24,第一金-員林,2023-11-09,5381
9921,巨大,30,8,22,第一金-員林,2023-11-09,5381
8046,南電,21,0,21,第一金-員林,2023-11-09,5381
2329,華泰,69,49,20,第一金-員林,2023-11-09,5381
2363,矽統,79,60,19,第一金-員林,2023-11-09,5381
00915,凱基優選高股息30,18,0,18,第一金-員林,2023-11-09,5381
2883,凱基金,12,0,12,第一金-員林,2023-11-09,5381
1721,三晃,11,0,11,第一金-員林,2023-11-09,5381
00919,群益台灣精選高息,22,12,10,第一金-員林,2023-11-09,5381
00687B,國泰20年美債,10,0,10,第一金-員林,2023-11-09,5381
2421,建準,10,0,10,第一金-員林,2023-11-09,5381
2458,義隆,10,0,10,第一金-員林,2023-11-09,5381
3363,上詮,11,1,10,第一金-員林,2023-11-09,5381
4543,萬在,9,0,9,第一金-員林,2023-11-09,5381
3122,笙泉,39,31,8,第一金-員林,2023-11-09,5381
00724B,群益投資級金融債,8,0,8,第一金-員林,2023-11-09,5381
3209,全科,8,0,8,第一金-員林,2023-11-09,5381
5519,隆大,10,2,8,第一金-員林,2023-11-09,5381
4979,華星光,9,1,8,第一金-員林,2023-11-09,5381
2630,亞航,8,0,8,第一金-員林,2023-11-09,5381
2331,精英,11,4,7,第一金-員林,2023-11-09,5381
2002,中鋼,7,0,7,第一金-員林,2023-11-09,5381
2486,一詮,11,4,7,第一金-員林,2023-11-09,5381
5258,虹堡,7,0,7,第一金-員林,2023-11-09,5381
8110,華東,7,0,7,第一金-員林,2023-11-09,5381
00900,富邦特選高股息30,7,0,7,第一金-員林,2023-11-09,5381
00772B,中信高評級公司債,6,0,6,第一金-員林,2023-11-09,5381
2317,鴻海,13,7,6,第一金-員林,2023-11-09,5381
1504,東元,6,0,6,第一金-員林,2023-11-09,5381
2338,光罩,7,1,6,第一金-員林,2023-11-09,5381
3189,景碩,10,4,6,第一金-員林,2023-11-09,5381
3276,宇環,8,2,6,第一金-員林,2023-11-09,5381
4967,十銓,24,18,6,第一金-員林,2023-11-09,5381
5272,笙科,6,0,6,第一金-員林,2023-11-09,5381
2376,技嘉,15,9,6,第一金-員林,2023-11-09,5381
1909,榮成,5,0,5,第一金-員林,2023-11-09,5381
2913,農林,5,0,5,第一金-員林,2023-11-09,5381
3016,嘉晶,5,0,5,第一金-員林,2023-11-09,5381
5225,東科-KY,5,0,5,第一金-員林,2023-11-09,5381
6167,久正,5,0,5,第一金-員林,2023-11-09,5381
6412,群電,6,1,5,第一金-員林,2023-11-09,5381
00929,復華台灣科技優息,6,1,5,第一金-員林,2023-11-09,5381
2515,中工,4,0,4,第一金-員林,2023-11-09,5381
2929,淘帝-KY,4,0,4,第一金-員林,2023-11-09,5381
3489,森寶,4,0,4,第一金-員林,2023-11-09,5381
00882,中信中國高股息,167,0,167,第一金-員林,2023-11-10,5381
00676R,富邦臺灣加權反1,100,0,100,第一金-員林,2023-11-10,5381
00637L,元大滬深300正2,70,0,70,第一金-員林,2023-11-10,5381
00665L,富邦�琤肭磪囓�2,56,0,56,第一金-員林,2023-11-10,5381
00680L,元大美債20正2,51,0,51,第一金-員林,2023-11-10,5381
4533,協易機,63,31,32,第一金-員林,2023-11-10,5381
00720B,元大投資級公司債,27,0,27,第一金-員林,2023-11-10,5381
00687B,國泰20年美債,31,5,26,第一金-員林,2023-11-10,5381
00936,台新永續高息中小,29,5,24,第一金-員林,2023-11-10,5381
3231,緯創,42,20,22,第一金-員林,2023-11-10,5381
00650L,復華香港正2,21,0,21,第一金-員林,2023-11-10,5381
9914,美利達,19,0,19,第一金-員林,2023-11-10,5381
5210,寶碩,19,1,18,第一金-員林,2023-11-10,5381
5519,隆大,16,0,16,第一金-員林,2023-11-10,5381
2305,全友,21,7,14,第一金-員林,2023-11-10,5381
2317,鴻海,15,1,14,第一金-員林,2023-11-10,5381
2618,長榮航,18,5,13,第一金-員林,2023-11-10,5381
6104,創惟,14,1,13,第一金-員林,2023-11-10,5381
1219,福壽,12,0,12,第一金-員林,2023-11-10,5381
00679B,元大美債20年,12,0,12,第一金-員林,2023-11-10,5381
2376,技嘉,15,3,12,第一金-員林,2023-11-10,5381
2630,亞航,11,0,11,第一金-員林,2023-11-10,5381
4960,誠美材,11,0,11,第一金-員林,2023-11-10,5381
00753L,中信中國50正2,10,0,10,第一金-員林,2023-11-10,5381
2329,華泰,25,15,10,第一金-員林,2023-11-10,5381
00715L,期街口布蘭特正2,11,2,9,第一金-員林,2023-11-10,5381
1522,堤維西,9,0,9,第一金-員林,2023-11-10,5381
1815,富喬,17,8,9,第一金-員林,2023-11-10,5381
4908,前鼎,9,0,9,第一金-員林,2023-11-10,5381
1584,精剛,23,15,8,第一金-員林,2023-11-10,5381
2387,精元,8,0,8,第一金-員林,2023-11-10,5381
6446,藥華藥,14,6,8,第一金-員林,2023-11-10,5381
8086,宏捷科,13,5,8,第一金-員林,2023-11-10,5381
00878,國泰永續高股息,7,0,7,第一金-員林,2023-11-10,5381
2388,威盛,18,11,7,第一金-員林,2023-11-10,5381
00688L,國泰20年美債正2,7,0,7,第一金-員林,2023-11-10,5381
1504,東元,7,0,7,第一金-員林,2023-11-10,5381
2002,中鋼,9,2,7,第一金-員林,2023-11-10,5381
3041,揚智,8,1,7,第一金-員林,2023-11-10,5381
2201,裕隆,7,0,7,第一金-員林,2023-11-10,5381
00933B,國泰10Y+金融債,6,0,6,第一金-員林,2023-11-10,5381
2344,華邦電,8,2,6,第一金-員林,2023-11-10,5381
2886,兆豐金,6,0,6,第一金-員林,2023-11-10,5381
3078,僑威,10,4,6,第一金-員林,2023-11-10,5381
3548,兆利,27,21,6,第一金-員林,2023-11-10,5381
4167,松瑞藥,12,6,6,第一金-員林,2023-11-10,5381
4712,福格創新,6,0,6,第一金-員林,2023-11-10,5381
4967,十銓,17,12,5,第一金-員林,2023-11-10,5381
4743,合一,11,6,5,第一金-員林,2023-11-10,5381
2352,佳世達,5,0,5,第一金-員林,2023-11-10,5381
2618,長榮航,170,2,168,第一金-員林,2023-11-13,5381
00882,中信中國高股息,97,4,93,第一金-員林,2023-11-13,5381
00632R,元大台灣50反1,52,2,50,第一金-員林,2023-11-13,5381
00929,復華台灣科技優息,55,17,38,第一金-員林,2023-11-13,5381
00891,中信關鍵半導體,30,0,30,第一金-員林,2023-11-13,5381
2913,農林,29,0,29,第一金-員林,2023-11-13,5381
6770,力積電,30,1,29,第一金-員林,2023-11-13,5381
00687B,國泰20年美債,25,0,25,第一金-員林,2023-11-13,5381
3189,景碩,25,0,25,第一金-員林,2023-11-13,5381
4960,誠美材,21,0,21,第一金-員林,2023-11-13,5381
00898,國泰基因免疫革命,20,0,20,第一金-員林,2023-11-13,5381
1580,新麥,19,0,19,第一金-員林,2023-11-13,5381
2609,陽明,20,1,19,第一金-員林,2023-11-13,5381
3006,晶豪科,22,5,17,第一金-員林,2023-11-13,5381
00665L,富邦�琤肭磪囓�2,18,3,15,第一金-員林,2023-11-13,5381
00915,凱基優選高股息30,15,1,14,第一金-員林,2023-11-13,5381
2369,菱生,23,9,14,第一金-員林,2023-11-13,5381
2201,裕隆,11,0,11,第一金-員林,2023-11-13,5381
2462,良得電,11,0,11,第一金-員林,2023-11-13,5381
2408,南亞科,14,4,10,第一金-員林,2023-11-13,5381
1503,士電,10,0,10,第一金-員林,2023-11-13,5381
2891,中信金,13,3,10,第一金-員林,2023-11-13,5381
4714,永捷,10,0,10,第一金-員林,2023-11-13,5381
5519,隆大,10,0,10,第一金-員林,2023-11-13,5381
2305,全友,10,0,10,第一金-員林,2023-11-13,5381
2382,廣達,18,8,10,第一金-員林,2023-11-13,5381
00679B,元大美債20年,9,0,9,第一金-員林,2023-11-13,5381
9910,豐泰,14,5,9,第一金-員林,2023-11-13,5381
2412,中華電,12,3,9,第一金-員林,2023-11-13,5381
2417,圓剛,11,2,9,第一金-員林,2023-11-13,5381
5880,合庫金,9,0,9,第一金-員林,2023-11-13,5381
3036,文曄,8,0,8,第一金-員林,2023-11-13,5381
00688L,國泰20年美債正2,8,0,8,第一金-員林,2023-11-13,5381
00715L,期街口布蘭特正2,8,0,8,第一金-員林,2023-11-13,5381
1709,和益,8,0,8,第一金-員林,2023-11-13,5381
00934,中信成長高股息,11,4,7,第一金-員林,2023-11-13,5381
5706,鳳凰,7,0,7,第一金-員林,2023-11-13,5381
6901,鑽石投資,7,0,7,第一金-員林,2023-11-13,5381
9914,美利達,7,0,7,第一金-員林,2023-11-13,5381
6203,海韻電,6,0,6,第一金-員林,2023-11-13,5381
8358,金居,6,0,6,第一金-員林,2023-11-13,5381
1609,大亞,7,1,6,第一金-員林,2023-11-13,5381
1808,潤隆,6,0,6,第一金-員林,2023-11-13,5381
3027,盛達,6,0,6,第一金-員林,2023-11-13,5381
3322,建舜電,7,1,6,第一金-員林,2023-11-13,5381
911622,泰聚亨-DR,6,0,6,第一金-員林,2023-11-13,5381
2337,旺宏,6,0,6,第一金-員林,2023-11-13,5381
4763,材料-KY,8,3,5,第一金-員林,2023-11-13,5381
2034,允強,5,0,5,第一金-員林,2023-11-13,5381
2455,全新,5,0,5,第一金-員林,2023-11-13,5381
9921,巨大,135,0,135,第一金-員林,2023-11-14,5381
2409,友達,101,1,100,第一金-員林,2023-11-14,5381
3231,緯創,58,27,31,第一金-員林,2023-11-14,5381
6799,來頡,31,0,31,第一金-員林,2023-11-14,5381
2313,華通,40,13,27,第一金-員林,2023-11-14,5381
00715L,期街口布蘭特正2,26,0,26,第一金-員林,2023-11-14,5381
3006,晶豪科,42,17,25,第一金-員林,2023-11-14,5381
00878,國泰永續高股息,26,1,25,第一金-員林,2023-11-14,5381
00706L,期元大S＆P日圓正2,21,0,21,第一金-員林,2023-11-14,5381
00935,野村臺灣新科技50,20,0,20,第一金-員林,2023-11-14,5381
00898,國泰基因免疫革命,20,0,20,第一金-員林,2023-11-14,5381
00679B,元大美債20年,20,0,20,第一金-員林,2023-11-14,5381
1515,力山,39,24,15,第一金-員林,2023-11-14,5381
8942,森鉅,13,0,13,第一金-員林,2023-11-14,5381
2412,中華電,16,4,12,第一金-員林,2023-11-14,5381
2204,中華,11,0,11,第一金-員林,2023-11-14,5381
2402,毅嘉,30,19,11,第一金-員林,2023-11-14,5381
3706,神達,11,0,11,第一金-員林,2023-11-14,5381
5483,中美晶,10,0,10,第一金-員林,2023-11-14,5381
5519,隆大,10,0,10,第一金-員林,2023-11-14,5381
6282,康舒,11,1,10,第一金-員林,2023-11-14,5381
9919,康那香,10,0,10,第一金-員林,2023-11-14,5381
3141,晶宏,11,2,9,第一金-員林,2023-11-14,5381
2329,華泰,15,6,9,第一金-員林,2023-11-14,5381
00720B,元大投資級公司債,8,0,8,第一金-員林,2023-11-14,5381
2405,輔信,7,1,6,第一金-員林,2023-11-14,5381
2603,長榮,12,6,6,第一金-員林,2023-11-14,5381
3494,誠研,6,0,6,第一金-員林,2023-11-14,5381
2002,中鋼,5,0,5,第一金-員林,2023-11-14,5381
00885,富邦越南,5,0,5,第一金-員林,2023-11-14,5381
2486,一詮,6,1,5,第一金-員林,2023-11-14,5381
3689,湧德,5,0,5,第一金-員林,2023-11-14,5381
8070,長華*,5,0,5,第一金-員林,2023-11-14,5381
9103,美德醫療-DR,5,0,5,第一金-員林,2023-11-14,5381
2618,長榮航,7,2,5,第一金-員林,2023-11-14,5381
3036,文曄,26,22,4,第一金-員林,2023-11-14,5381
00892,富邦台灣半導體,11,7,4,第一金-員林,2023-11-14,5381
2353,宏��,5,1,4,第一金-員林,2023-11-14,5381
2369,菱生,15,11,4,第一金-員林,2023-11-14,5381
2427,三商電,4,0,4,第一金-員林,2023-11-14,5381
2515,中工,4,0,4,第一金-員林,2023-11-14,5381
2645,長榮航太,4,0,4,第一金-員林,2023-11-14,5381
3163,波若威,4,0,4,第一金-員林,2023-11-14,5381
3402,漢科,4,0,4,第一金-員林,2023-11-14,5381
5392,能率,4,0,4,第一金-員林,2023-11-14,5381
6541,泰福-KY,4,0,4,第一金-員林,2023-11-14,5381
1101,台泥,3,0,3,第一金-員林,2023-11-14,5381
2633,台灣高鐵,3,0,3,第一金-員林,2023-11-14,5381
3704,合勤控,3,0,3,第一金-員林,2023-11-14,5381
2303,聯電,3,0,3,第一金-員林,2023-11-14,5381
00878,國泰永續高股息,173,12,161,第一金-員林,2023-11-15,5381
9103,美德醫療-DR,49,0,49,第一金-員林,2023-11-15,5381
00637L,元大滬深300正2,70,25,45,第一金-員林,2023-11-15,5381
00679B,元大美債20年,42,1,41,第一金-員林,2023-11-15,5381
3363,上詮,57,31,26,第一金-員林,2023-11-15,5381
00687B,國泰20年美債,35,11,24,第一金-員林,2023-11-15,5381
00922,國泰台灣領袖50,23,3,20,第一金-員林,2023-11-15,5381
00929,復華台灣科技優息,20,1,19,第一金-員林,2023-11-15,5381
3714,富采,22,3,19,第一金-員林,2023-11-15,5381
00720B,元大投資級公司債,19,0,19,第一金-員林,2023-11-15,5381
2449,京元電子,23,6,17,第一金-員林,2023-11-15,5381
00891,中信關鍵半導體,16,0,16,第一金-員林,2023-11-15,5381
00633L,富邦上証正2,14,0,14,第一金-員林,2023-11-15,5381
00905,FT臺灣Smart,13,0,13,第一金-員林,2023-11-15,5381
2436,偉詮電,16,3,13,第一金-員林,2023-11-15,5381
4908,前鼎,19,6,13,第一金-員林,2023-11-15,5381
00724B,群益投資級金融債,12,0,12,第一金-員林,2023-11-15,5381
2027,大成鋼,12,0,12,第一金-員林,2023-11-15,5381
00715L,期街口布蘭特正2,29,18,11,第一金-員林,2023-11-15,5381
1587,吉茂,11,0,11,第一金-員林,2023-11-15,5381
4967,十銓,18,7,11,第一金-員林,2023-11-15,5381
3036,文曄,35,25,10,第一金-員林,2023-11-15,5381
00655L,國泰中國A50正2,10,0,10,第一金-員林,2023-11-15,5381
2515,中工,17,7,10,第一金-員林,2023-11-15,5381
2607,榮運,10,0,10,第一金-員林,2023-11-15,5381
3706,神達,10,0,10,第一金-員林,2023-11-15,5381
5521,工信,56,46,10,第一金-員林,2023-11-15,5381
2359,所羅門,10,1,9,第一金-員林,2023-11-15,5381
4543,萬在,9,0,9,第一金-員林,2023-11-15,5381
2317,鴻海,11,3,8,第一金-員林,2023-11-15,5381
00725B,國泰投資級公司債,12,5,7,第一金-員林,2023-11-15,5381
2354,鴻準,7,0,7,第一金-員林,2023-11-15,5381
2425,承啟,8,1,7,第一金-員林,2023-11-15,5381
3025,星通,7,0,7,第一金-員林,2023-11-15,5381
3450,聯鈞,7,0,7,第一金-員林,2023-11-15,5381
8088,品安,10,3,7,第一金-員林,2023-11-15,5381
6585,鼎基,10,3,7,第一金-員林,2023-11-15,5381
2486,一詮,9,2,7,第一金-員林,2023-11-15,5381
2353,宏��,13,7,6,第一金-員林,2023-11-15,5381
8234,新漢,6,0,6,第一金-員林,2023-11-15,5381
6117,迎廣,13,7,6,第一金-員林,2023-11-15,5381
1815,富喬,5,0,5,第一金-員林,2023-11-15,5381
4979,華星光,7,2,5,第一金-員林,2023-11-15,5381
2357,華碩,7,2,5,第一金-員林,2023-11-15,5381
1503,士電,5,0,5,第一金-員林,2023-11-15,5381
2331,精英,8,3,5,第一金-員林,2023-11-15,5381
3715,定穎投控,11,6,5,第一金-員林,2023-11-15,5381
4712,福格創新,5,0,5,第一金-員林,2023-11-15,5381
4915,致伸,5,0,5,第一金-員林,2023-11-15,5381
4931,新盛力,5,0,5,第一金-員林,2023-11-15,5381
00632R,元大台灣50反1,205,0,205,第一金-員林,2023-11-16,5381
5521,工信,224,23,201,第一金-員林,2023-11-16,5381
00687B,國泰20年美債,115,0,115,第一金-員林,2023-11-16,5381
00637L,元大滬深300正2,100,0,100,第一金-員林,2023-11-16,5381
1605,華新,35,0,35,第一金-員林,2023-11-16,5381
00679B,元大美債20年,37,4,33,第一金-員林,2023-11-16,5381
00878,國泰永續高股息,36,5,31,第一金-員林,2023-11-16,5381
00720B,元大投資級公司債,28,4,24,第一金-員林,2023-11-16,5381
2547,日勝生,24,0,24,第一金-員林,2023-11-16,5381
00650L,復華香港正2,20,0,20,第一金-員林,2023-11-16,5381
1524,耿鼎,22,8,14,第一金-員林,2023-11-16,5381
2417,圓剛,26,12,14,第一金-員林,2023-11-16,5381
00931B,統一美債20年,13,0,13,第一金-員林,2023-11-16,5381
5210,寶碩,13,0,13,第一金-員林,2023-11-16,5381
1815,富喬,13,0,13,第一金-員林,2023-11-16,5381
00642U,期元大S＆P石油,11,0,11,第一金-員林,2023-11-16,5381
1324,地球,12,1,11,第一金-員林,2023-11-16,5381
9927,泰銘,10,0,10,第一金-員林,2023-11-16,5381
9934,成霖,10,0,10,第一金-員林,2023-11-16,5381
9921,巨大,10,0,10,第一金-員林,2023-11-16,5381
2401,凌陽,13,4,9,第一金-員林,2023-11-16,5381
2543,皇昌,10,1,9,第一金-員林,2023-11-16,5381
4942,嘉彰,10,1,9,第一金-員林,2023-11-16,5381
00673R,期元大S＆P原油反1,10,2,8,第一金-員林,2023-11-16,5381
2449,京元電子,9,1,8,第一金-員林,2023-11-16,5381
6188,廣明,8,0,8,第一金-員林,2023-11-16,5381
2412,中華電,8,0,8,第一金-員林,2023-11-16,5381
2486,一詮,10,3,7,第一金-員林,2023-11-16,5381
3481,群創,12,5,7,第一金-員林,2023-11-16,5381
2344,華邦電,11,4,7,第一金-員林,2023-11-16,5381
2745,五福,7,0,7,第一金-員林,2023-11-16,5381
5608,四維航,7,0,7,第一金-員林,2023-11-16,5381
00690,兆豐藍籌30,6,0,6,第一金-員林,2023-11-16,5381
1515,力山,39,33,6,第一金-員林,2023-11-16,5381
3715,定穎投控,7,1,6,第一金-員林,2023-11-16,5381
1795,美時,15,9,6,第一金-員林,2023-11-16,5381
0056,元大高股息,13,8,5,第一金-員林,2023-11-16,5381
00751B,元大AAA至A公司債,5,0,5,第一金-員林,2023-11-16,5381
00664R,國泰臺灣加權反1,5,0,5,第一金-員林,2023-11-16,5381
1449,佳和,5,0,5,第一金-員林,2023-11-16,5381
2328,廣宇,5,0,5,第一金-員林,2023-11-16,5381
2393,億光,5,0,5,第一金-員林,2023-11-16,5381
2443,昶虹,5,0,5,第一金-員林,2023-11-16,5381
2465,麗臺,5,0,5,第一金-員林,2023-11-16,5381
2492,華新科,5,0,5,第一金-員林,2023-11-16,5381
3217,優群,6,1,5,第一金-員林,2023-11-16,5381
4167,松瑞藥,6,1,5,第一金-員林,2023-11-16,5381
6122,擎邦,5,0,5,第一金-員林,2023-11-16,5381
9103,美德醫療-DR,5,0,5,第一金-員林,2023-11-16,5381
9928,中視,5,0,5,第一金-員林,2023-11-16,5381
9103,美德醫療-DR,115,0,115,第一金-員林,2023-11-17,5381
00637L,元大滬深300正2,62,0,62,第一金-員林,2023-11-17,5381
00687B,國泰20年美債,55,3,52,第一金-員林,2023-11-17,5381
2630,亞航,45,0,45,第一金-員林,2023-11-17,5381
3489,森寶,48,4,44,第一金-員林,2023-11-17,5381
00665L,富邦�琤肭磪囓�2,46,3,43,第一金-員林,2023-11-17,5381
00642U,期元大S＆P石油,28,0,28,第一金-員林,2023-11-17,5381
00919,群益台灣精選高息,37,15,22,第一金-員林,2023-11-17,5381
2880,華南金,22,0,22,第一金-員林,2023-11-17,5381
2412,中華電,20,0,20,第一金-員林,2023-11-17,5381
6016,康和證,16,0,16,第一金-員林,2023-11-17,5381
00722B,群益投資級電信債,15,0,15,第一金-員林,2023-11-17,5381
3036,文曄,15,0,15,第一金-員林,2023-11-17,5381
00720B,元大投資級公司債,14,0,14,第一金-員林,2023-11-17,5381
2402,毅嘉,49,35,14,第一金-員林,2023-11-17,5381
2609,陽明,12,0,12,第一金-員林,2023-11-17,5381
00931B,統一美債20年,11,0,11,第一金-員林,2023-11-17,5381
00878,國泰永續高股息,14,3,11,第一金-員林,2023-11-17,5381
00655L,國泰中國A50正2,10,0,10,第一金-員林,2023-11-17,5381
00650L,復華香港正2,10,0,10,第一金-員林,2023-11-17,5381
00633L,富邦上証正2,10,0,10,第一金-員林,2023-11-17,5381
00753L,中信中國50正2,10,0,10,第一金-員林,2023-11-17,5381
2363,矽統,30,20,10,第一金-員林,2023-11-17,5381
5443,均豪,10,0,10,第一金-員林,2023-11-17,5381
8112,至上,10,0,10,第一金-員林,2023-11-17,5381
9919,康那香,10,0,10,第一金-員林,2023-11-17,5381
00712,復華富時不動產,10,1,9,第一金-員林,2023-11-17,5381
2405,輔信,20,11,9,第一金-員林,2023-11-17,5381
2543,皇昌,9,0,9,第一金-員林,2023-11-17,5381
4148,全宇生技-KY,9,0,9,第一金-員林,2023-11-17,5381
3041,揚智,49,41,8,第一金-員林,2023-11-17,5381
00885,富邦越南,7,0,7,第一金-員林,2023-11-17,5381
2486,一詮,7,0,7,第一金-員林,2023-11-17,5381
2353,宏��,7,0,7,第一金-員林,2023-11-17,5381
00929,復華台灣科技優息,11,5,6,第一金-員林,2023-11-17,5381
9921,巨大,7,1,6,第一金-員林,2023-11-17,5381
00934,中信成長高股息,11,5,6,第一金-員林,2023-11-17,5381
1339,昭輝,6,0,6,第一金-員林,2023-11-17,5381
3257,虹冠電,6,0,6,第一金-員林,2023-11-17,5381
4413,飛寶企業,6,0,6,第一金-員林,2023-11-17,5381
6770,力積電,8,2,6,第一金-員林,2023-11-17,5381
8097,常珵,6,0,6,第一金-員林,2023-11-17,5381
00936,台新永續高息中小,5,0,5,第一金-員林,2023-11-17,5381
00921,兆豐龍頭等權重,5,0,5,第一金-員林,2023-11-17,5381
00724B,群益投資級金融債,5,0,5,第一金-員林,2023-11-17,5381
1714,和桐,5,0,5,第一金-員林,2023-11-17,5381
1909,榮成,5,0,5,第一金-員林,2023-11-17,5381
2359,所羅門,5,0,5,第一金-員林,2023-11-17,5381
2369,菱生,8,3,5,第一金-員林,2023-11-17,5381
2376,技嘉,8,3,5,第一金-員林,2023-11-17,5381
2014,中鴻,101,1,100,第一金-員林,2023-11-20,5381
2027,大成鋼,100,0,100,第一金-員林,2023-11-20,5381
9904,寶成,51,0,51,第一金-員林,2023-11-20,5381
2405,輔信,51,5,46,第一金-員林,2023-11-20,5381
00687B,國泰20年美債,45,2,43,第一金-員林,2023-11-20,5381
2702,華園,40,0,40,第一金-員林,2023-11-20,5381
00885,富邦越南,39,0,39,第一金-員林,2023-11-20,5381
9103,美德醫療-DR,35,0,35,第一金-員林,2023-11-20,5381
00933B,國泰10Y+金融債,28,0,28,第一金-員林,2023-11-20,5381
00878,國泰永續高股息,24,0,24,第一金-員林,2023-11-20,5381
2705,六福,20,0,20,第一金-員林,2023-11-20,5381
6016,康和證,20,0,20,第一金-員林,2023-11-20,5381
8054,安國,21,1,20,第一金-員林,2023-11-20,5381
1795,美時,19,1,18,第一金-員林,2023-11-20,5381
3494,誠研,18,0,18,第一金-員林,2023-11-20,5381
4401,東隆興,17,0,17,第一金-員林,2023-11-20,5381
2105,正新,16,0,16,第一金-員林,2023-11-20,5381
2880,華南金,16,0,16,第一金-員林,2023-11-20,5381
6491,晶碩,15,0,15,第一金-員林,2023-11-20,5381
00679B,元大美債20年,17,3,14,第一金-員林,2023-11-20,5381
3706,神達,18,4,14,第一金-員林,2023-11-20,5381
5521,工信,74,60,14,第一金-員林,2023-11-20,5381
2498,宏達電,12,0,12,第一金-員林,2023-11-20,5381
3022,威強電,12,0,12,第一金-員林,2023-11-20,5381
9945,潤泰新,10,0,10,第一金-員林,2023-11-20,5381
1522,堤維西,10,0,10,第一金-員林,2023-11-20,5381
2801,彰銀,10,0,10,第一金-員林,2023-11-20,5381
3276,宇環,11,1,10,第一金-員林,2023-11-20,5381
6127,九豪,17,7,10,第一金-員林,2023-11-20,5381
6168,宏齊,10,0,10,第一金-員林,2023-11-20,5381
6443,元晶,10,0,10,第一金-員林,2023-11-20,5381
6104,創惟,10,0,10,第一金-員林,2023-11-20,5381
2748,雲品,11,2,9,第一金-員林,2023-11-20,5381
3005,神基,13,4,9,第一金-員林,2023-11-20,5381
1609,大亞,10,2,8,第一金-員林,2023-11-20,5381
2201,裕隆,8,0,8,第一金-員林,2023-11-20,5381
00720B,元大投資級公司債,8,0,8,第一金-員林,2023-11-20,5381
1605,華新,7,0,7,第一金-員林,2023-11-20,5381
6129,普誠,12,5,7,第一金-員林,2023-11-20,5381
2313,華通,48,41,7,第一金-員林,2023-11-20,5381
00931B,統一美債20年,6,0,6,第一金-員林,2023-11-20,5381
1446,宏和,6,0,6,第一金-員林,2023-11-20,5381
2417,圓剛,6,0,6,第一金-員林,2023-11-20,5381
2743,山富,6,0,6,第一金-員林,2023-11-20,5381
3094,聯傑,6,0,6,第一金-員林,2023-11-20,5381
4714,永捷,6,0,6,第一金-員林,2023-11-20,5381
4958,臻鼎-KY,6,0,6,第一金-員林,2023-11-20,5381
00706L,期元大S＆P日圓正2,5,0,5,第一金-員林,2023-11-20,5381
2486,一詮,6,1,5,第一金-員林,2023-11-20,5381
2488,漢平,5,0,5,第一金-員林,2023-11-20,5381
00632R,元大台灣50反1,170,0,170,第一金-員林,2023-11-21,5381
9904,寶成,102,2,100,第一金-員林,2023-11-21,5381
3059,華晶科,63,0,63,第一金-員林,2023-11-21,5381
2618,長榮航,46,5,41,第一金-員林,2023-11-21,5381
00900,富邦特選高股息30,51,16,35,第一金-員林,2023-11-21,5381
00690,兆豐藍籌30,34,0,34,第一金-員林,2023-11-21,5381
00921,兆豐龍頭等權重,33,0,33,第一金-員林,2023-11-21,5381
2913,農林,33,2,31,第一金-員林,2023-11-21,5381
2367,燿華,29,4,25,第一金-員林,2023-11-21,5381
2344,華邦電,23,2,21,第一金-員林,2023-11-21,5381
00934,中信成長高股息,20,0,20,第一金-員林,2023-11-21,5381
00919,群益台灣精選高息,19,1,18,第一金-員林,2023-11-21,5381
3481,群創,22,5,17,第一金-員林,2023-11-21,5381
2527,宏璟,17,0,17,第一金-員林,2023-11-21,5381
4113,聯上,17,0,17,第一金-員林,2023-11-21,5381
4401,東隆興,17,0,17,第一金-員林,2023-11-21,5381
3483,力致,24,7,17,第一金-員林,2023-11-21,5381
1524,耿鼎,17,2,15,第一金-員林,2023-11-21,5381
3694,海華,20,5,15,第一金-員林,2023-11-21,5381
3036,文曄,15,1,14,第一金-員林,2023-11-21,5381
6237,驊訊,13,1,12,第一金-員林,2023-11-21,5381
2495,普安,11,0,11,第一金-員林,2023-11-21,5381
00673R,期元大S＆P原油反1,10,0,10,第一金-員林,2023-11-21,5381
1529,樂事綠能,10,0,10,第一金-員林,2023-11-21,5381
2312,金寶,10,0,10,第一金-員林,2023-11-21,5381
3016,嘉晶,10,0,10,第一金-員林,2023-11-21,5381
5292,華懋,10,0,10,第一金-員林,2023-11-21,5381
8110,華東,10,0,10,第一金-員林,2023-11-21,5381
8289,泰藝,10,0,10,第一金-員林,2023-11-21,5381
6138,茂達,14,4,10,第一金-員林,2023-11-21,5381
4915,致伸,9,0,9,第一金-員林,2023-11-21,5381
8097,常珵,9,0,9,第一金-員林,2023-11-21,5381
00679B,元大美債20年,9,0,9,第一金-員林,2023-11-21,5381
2630,亞航,10,2,8,第一金-員林,2023-11-21,5381
2405,輔信,21,13,8,第一金-員林,2023-11-21,5381
4167,松瑞藥,8,0,8,第一金-員林,2023-11-21,5381
2745,五福,8,0,8,第一金-員林,2023-11-21,5381
00931B,統一美債20年,7,0,7,第一金-員林,2023-11-21,5381
2034,允強,12,5,7,第一金-員林,2023-11-21,5381
3041,揚智,31,24,7,第一金-員林,2023-11-21,5381
1815,富喬,8,2,6,第一金-員林,2023-11-21,5381
2363,矽統,19,13,6,第一金-員林,2023-11-21,5381
3532,台勝科,10,4,6,第一金-員林,2023-11-21,5381
4906,正文,26,20,6,第一金-員林,2023-11-21,5381
1101,台泥,6,1,5,第一金-員林,2023-11-21,5381
9921,巨大,5,0,5,第一金-員林,2023-11-21,5381
00664R,國泰臺灣加權反1,5,0,5,第一金-員林,2023-11-21,5381
1558,伸興,5,0,5,第一金-員林,2023-11-21,5381
2382,廣達,10,5,5,第一金-員林,2023-11-21,5381
2537,聯上發,5,0,5,第一金-員林,2023-11-21,5381
00632R,元大台灣50反1,110,0,110,第一金-員林,2023-11-22,5381
1314,中石化,100,0,100,第一金-員林,2023-11-22,5381
2905,三商,100,0,100,第一金-員林,2023-11-22,5381
2323,中環,85,0,85,第一金-員林,2023-11-22,5381
3231,緯創,48,7,41,第一金-員林,2023-11-22,5381
2610,華航,42,13,29,第一金-員林,2023-11-22,5381
1449,佳和,29,1,28,第一金-員林,2023-11-22,5381
5351,鈺創,42,14,28,第一金-員林,2023-11-22,5381
00929,復華台灣科技優息,31,4,27,第一金-員林,2023-11-22,5381
2405,輔信,26,3,23,第一金-員林,2023-11-22,5381
0056,元大高股息,23,0,23,第一金-員林,2023-11-22,5381
00650L,復華香港正2,20,0,20,第一金-員林,2023-11-22,5381
00919,群益台灣精選高息,19,1,18,第一金-員林,2023-11-22,5381
00679B,元大美債20年,18,0,18,第一金-員林,2023-11-22,5381
2034,允強,18,0,18,第一金-員林,2023-11-22,5381
4401,東隆興,18,0,18,第一金-員林,2023-11-22,5381
3005,神基,20,3,17,第一金-員林,2023-11-22,5381
2455,全新,16,0,16,第一金-員林,2023-11-22,5381
00878,國泰永續高股息,15,0,15,第一金-員林,2023-11-22,5381
3489,森寶,15,0,15,第一金-員林,2023-11-22,5381
00665L,富邦�琤肭磪囓�2,13,0,13,第一金-員林,2023-11-22,5381
2356,英業達,16,3,13,第一金-員林,2023-11-22,5381
2731,雄獅,16,4,12,第一金-員林,2023-11-22,5381
3078,僑威,18,6,12,第一金-員林,2023-11-22,5381
5521,工信,22,10,12,第一金-員林,2023-11-22,5381
9919,康那香,12,0,12,第一金-員林,2023-11-22,5381
2382,廣達,24,13,11,第一金-員林,2023-11-22,5381
4967,十銓,15,4,11,第一金-員林,2023-11-22,5381
2329,華泰,16,5,11,第一金-員林,2023-11-22,5381
3689,湧德,13,2,11,第一金-員林,2023-11-22,5381
4908,前鼎,15,4,11,第一金-員林,2023-11-22,5381
00931B,統一美債20年,10,0,10,第一金-員林,2023-11-22,5381
6121,新普,10,0,10,第一金-員林,2023-11-22,5381
2609,陽明,9,0,9,第一金-員林,2023-11-22,5381
1101,台泥,10,1,9,第一金-員林,2023-11-22,5381
3583,辛耘,16,7,9,第一金-員林,2023-11-22,5381
4721,美琪瑪,10,1,9,第一金-員林,2023-11-22,5381
6284,佳邦,24,15,9,第一金-員林,2023-11-22,5381
00725B,國泰投資級公司債,8,0,8,第一金-員林,2023-11-22,5381
00680L,元大美債20正2,8,0,8,第一金-員林,2023-11-22,5381
2002,中鋼,13,5,8,第一金-員林,2023-11-22,5381
2748,雲品,19,11,8,第一金-員林,2023-11-22,5381
3163,波若威,9,1,8,第一金-員林,2023-11-22,5381
3479,安勤,8,0,8,第一金-員林,2023-11-22,5381
3483,力致,11,3,8,第一金-員林,2023-11-22,5381
2355,敬鵬,10,2,8,第一金-員林,2023-11-22,5381
2515,中工,10,3,7,第一金-員林,2023-11-22,5381
3230,錦明,7,0,7,第一金-員林,2023-11-22,5381
8176,智捷,7,0,7,第一金-員林,2023-11-22,5381
2201,裕隆,9,2,7,第一金-員林,2023-11-22,5381
2390,云辰,59,2,57,第一金-員林,2023-11-23,5381
5351,鈺創,65,23,42,第一金-員林,2023-11-23,5381
3059,華晶科,48,12,36,第一金-員林,2023-11-23,5381
2913,農林,23,0,23,第一金-員林,2023-11-23,5381
3056,富華新,21,0,21,第一金-員林,2023-11-23,5381
3006,晶豪科,30,12,18,第一金-員林,2023-11-23,5381
9105,泰金寶-DR,20,4,16,第一金-員林,2023-11-23,5381
3231,緯創,26,11,15,第一金-員林,2023-11-23,5381
3715,定穎投控,42,27,15,第一金-員林,2023-11-23,5381
9919,康那香,17,2,15,第一金-員林,2023-11-23,5381
6282,康舒,73,60,13,第一金-員林,2023-11-23,5381
00922,國泰台灣領袖50,13,0,13,第一金-員林,2023-11-23,5381
2886,兆豐金,12,0,12,第一金-員林,2023-11-23,5381
8110,華東,12,0,12,第一金-員林,2023-11-23,5381
3078,僑威,36,24,12,第一金-員林,2023-11-23,5381
5519,隆大,10,0,10,第一金-員林,2023-11-23,5381
5347,世界,24,14,10,第一金-員林,2023-11-23,5381
0056,元大高股息,10,0,10,第一金-員林,2023-11-23,5381
00673R,期元大S＆P原油反1,9,0,9,第一金-員林,2023-11-23,5381
2867,三商壽,8,0,8,第一金-員林,2023-11-23,5381
2356,英業達,16,8,8,第一金-員林,2023-11-23,5381
5706,鳳凰,8,0,8,第一金-員林,2023-11-23,5381
00878,國泰永續高股息,17,10,7,第一金-員林,2023-11-23,5381
2317,鴻海,7,0,7,第一金-員林,2023-11-23,5381
3704,合勤控,7,0,7,第一金-員林,2023-11-23,5381
00918,大華優利高填息30,7,0,7,第一金-員林,2023-11-23,5381
9945,潤泰新,6,0,6,第一金-員林,2023-11-23,5381
2324,仁寶,7,1,6,第一金-員林,2023-11-23,5381
3706,神達,10,4,6,第一金-員林,2023-11-23,5381
6016,康和證,6,0,6,第一金-員林,2023-11-23,5381
6485,點序,10,4,6,第一金-員林,2023-11-23,5381
8040,九暘,14,8,6,第一金-員林,2023-11-23,5381
2476,鉅祥,12,6,6,第一金-員林,2023-11-23,5381
00713,元大台灣高息低波,5,0,5,第一金-員林,2023-11-23,5381
00679B,元大美債20年,5,0,5,第一金-員林,2023-11-23,5381
00931B,統一美債20年,6,1,5,第一金-員林,2023-11-23,5381
1785,光洋科,5,0,5,第一金-員林,2023-11-23,5381
2329,華泰,6,1,5,第一金-員林,2023-11-23,5381
2342,茂矽,5,0,5,第一金-員林,2023-11-23,5381
2371,大同,6,1,5,第一金-員林,2023-11-23,5381
3230,錦明,5,0,5,第一金-員林,2023-11-23,5381
3268,海德威,5,0,5,第一金-員林,2023-11-23,5381
4513,福裕,5,0,5,第一金-員林,2023-11-23,5381
5243,乙盛-KY,5,0,5,第一金-員林,2023-11-23,5381
6156,松上,5,0,5,第一金-員林,2023-11-23,5381
6213,聯茂,6,1,5,第一金-員林,2023-11-23,5381
8227,巨有科技,5,0,5,第一金-員林,2023-11-23,5381
8358,金居,7,2,5,第一金-員林,2023-11-23,5381
2313,華通,14,9,5,第一金-員林,2023-11-23,5381
1582,信錦,6,2,4,第一金-員林,2023-11-23,5381
00929,復華台灣科技優息,87,1,86,第一金-員林,2023-11-24,5381
2390,云辰,42,0,42,第一金-員林,2023-11-24,5381
00885,富邦越南,38,0,38,第一金-員林,2023-11-24,5381
00679B,元大美債20年,81,45,36,第一金-員林,2023-11-24,5381
00687B,國泰20年美債,26,0,26,第一金-員林,2023-11-24,5381
1503,士電,29,4,25,第一金-員林,2023-11-24,5381
6182,合晶,25,0,25,第一金-員林,2023-11-24,5381
3006,晶豪科,24,2,22,第一金-員林,2023-11-24,5381
2355,敬鵬,38,17,21,第一金-員林,2023-11-24,5381
2888,新光金,21,0,21,第一金-員林,2023-11-24,5381
00900,富邦特選高股息30,17,0,17,第一金-員林,2023-11-24,5381
1325,恆大,14,0,14,第一金-員林,2023-11-24,5381
5230,雷笛克光學,14,0,14,第一金-員林,2023-11-24,5381
5521,工信,18,4,14,第一金-員林,2023-11-24,5381
2488,漢平,13,0,13,第一金-員林,2023-11-24,5381
00933B,國泰10Y+金融債,12,0,12,第一金-員林,2023-11-24,5381
00725B,國泰投資級公司債,11,0,11,第一金-員林,2023-11-24,5381
1603,華電,11,0,11,第一金-員林,2023-11-24,5381
2323,中環,11,0,11,第一金-員林,2023-11-24,5381
2436,偉詮電,14,3,11,第一金-員林,2023-11-24,5381
2614,東森,11,0,11,第一金-員林,2023-11-24,5381
00921,兆豐龍頭等權重,10,0,10,第一金-員林,2023-11-24,5381
00931B,統一美債20年,10,0,10,第一金-員林,2023-11-24,5381
1789,神隆,10,0,10,第一金-員林,2023-11-24,5381
1806,冠軍,10,0,10,第一金-員林,2023-11-24,5381
3489,森寶,10,0,10,第一金-員林,2023-11-24,5381
5328,華容,10,0,10,第一金-員林,2023-11-24,5381
6222,上揚,10,0,10,第一金-員林,2023-11-24,5381
6834,天二科技,10,0,10,第一金-員林,2023-11-24,5381
2883,凱基金,11,1,10,第一金-員林,2023-11-24,5381
2610,華航,9,0,9,第一金-員林,2023-11-24,5381
2358,廷鑫,9,0,9,第一金-員林,2023-11-24,5381
2516,新建,9,0,9,第一金-員林,2023-11-24,5381
5210,寶碩,9,0,9,第一金-員林,2023-11-24,5381
2313,華通,76,67,9,第一金-員林,2023-11-24,5381
5519,隆大,8,0,8,第一金-員林,2023-11-24,5381
00919,群益台灣精選高息,8,0,8,第一金-員林,2023-11-24,5381
1314,中石化,8,0,8,第一金-員林,2023-11-24,5381
00680L,元大美債20正2,8,0,8,第一金-員林,2023-11-24,5381
4113,聯上,8,0,8,第一金-員林,2023-11-24,5381
6026,福邦證,8,0,8,第一金-員林,2023-11-24,5381
00878,國泰永續高股息,7,0,7,第一金-員林,2023-11-24,5381
8069,元太,7,0,7,第一金-員林,2023-11-24,5381
1609,大亞,30,23,7,第一金-員林,2023-11-24,5381
2736,富野,7,0,7,第一金-員林,2023-11-24,5381
1905,華紙,6,0,6,第一金-員林,2023-11-24,5381
2743,山富,6,0,6,第一金-員林,2023-11-24,5381
8054,安國,19,13,6,第一金-員林,2023-11-24,5381
2382,廣達,12,6,6,第一金-員林,2023-11-24,5381
2618,長榮航,40,35,5,第一金-員林,2023-11-24,5381
0056,元大高股息,55,0,55,第一金-員林,2023-11-27,5381
00931B,統一美債20年,45,0,45,第一金-員林,2023-11-27,5381
00665L,富邦�琤肭磪囓�2,64,20,44,第一金-員林,2023-11-27,5381
00932,兆豐永續高息等權,40,0,40,第一金-員林,2023-11-27,5381
00919,群益台灣精選高息,39,0,39,第一金-員林,2023-11-27,5381
00878,國泰永續高股息,39,0,39,第一金-員林,2023-11-27,5381
1451,年興,38,0,38,第一金-員林,2023-11-27,5381
9919,康那香,37,5,32,第一金-員林,2023-11-27,5381
2409,友達,34,3,31,第一金-員林,2023-11-27,5381
2883,凱基金,33,3,30,第一金-員林,2023-11-27,5381
00679B,元大美債20年,69,46,23,第一金-員林,2023-11-27,5381
00933B,國泰10Y+金融債,32,10,22,第一金-員林,2023-11-27,5381
00637L,元大滬深300正2,22,0,22,第一金-員林,2023-11-27,5381
2801,彰銀,20,0,20,第一金-員林,2023-11-27,5381
00687B,國泰20年美債,19,0,19,第一金-員林,2023-11-27,5381
2376,技嘉,20,1,19,第一金-員林,2023-11-27,5381
3294,英濟,19,0,19,第一金-員林,2023-11-27,5381
3231,緯創,25,11,14,第一金-員林,2023-11-27,5381
9921,巨大,14,0,14,第一金-員林,2023-11-27,5381
3017,奇鋐,14,0,14,第一金-員林,2023-11-27,5381
4938,和碩,14,0,14,第一金-員林,2023-11-27,5381
2633,台灣高鐵,13,0,13,第一金-員林,2023-11-27,5381
6443,元晶,18,5,13,第一金-員林,2023-11-27,5381
00888,永豐台灣ESG,12,0,12,第一金-員林,2023-11-27,5381
00923,群益台ESG低碳50,13,2,11,第一金-員林,2023-11-27,5381
2206,三陽工業,11,0,11,第一金-員林,2023-11-27,5381
3028,增你強,11,0,11,第一金-員林,2023-11-27,5381
3373,熱映,11,0,11,第一金-員林,2023-11-27,5381
5347,世界,16,6,10,第一金-員林,2023-11-27,5381
00850,元大臺灣ESG永續,10,0,10,第一金-員林,2023-11-27,5381
00642U,期元大S＆P石油,10,0,10,第一金-員林,2023-11-27,5381
1608,華榮,10,0,10,第一金-員林,2023-11-27,5381
2352,佳世達,20,10,10,第一金-員林,2023-11-27,5381
5471,松翰,10,0,10,第一金-員林,2023-11-27,5381
6284,佳邦,15,5,10,第一金-員林,2023-11-27,5381
6462,神盾,10,0,10,第一金-員林,2023-11-27,5381
00712,復華富時不動產,9,0,9,第一金-員林,2023-11-27,5381
2492,華新科,14,5,9,第一金-員林,2023-11-27,5381
2516,新建,9,0,9,第一金-員林,2023-11-27,5381
2634,漢翔,28,19,9,第一金-員林,2023-11-27,5381
2834,臺企銀,9,0,9,第一金-員林,2023-11-27,5381
4113,聯上,10,1,9,第一金-員林,2023-11-27,5381
4958,臻鼎-KY,9,0,9,第一金-員林,2023-11-27,5381
6222,上揚,9,0,9,第一金-員林,2023-11-27,5381
2886,兆豐金,20,12,8,第一金-員林,2023-11-27,5381
00720B,元大投資級公司債,8,0,8,第一金-員林,2023-11-27,5381
1503,士電,14,6,8,第一金-員林,2023-11-27,5381
2201,裕隆,7,0,7,第一金-員林,2023-11-27,5381
3260,威剛,6,0,6,第一金-員林,2023-11-27,5381
00936,台新永續高息中小,7,1,6,第一金-員林,2023-11-27,5381
00712,復華富時不動產,121,0,121,第一金-員林,2023-11-28,5381
6116,彩晶,116,0,116,第一金-員林,2023-11-28,5381
1457,宜進,90,1,89,第一金-員林,2023-11-28,5381
1101,台泥,115,37,78,第一金-員林,2023-11-28,5381
00665L,富邦�琤肭磪囓�2,38,4,34,第一金-員林,2023-11-28,5381
2610,華航,30,1,29,第一金-員林,2023-11-28,5381
00931B,統一美債20年,20,0,20,第一金-員林,2023-11-28,5381
2630,亞航,16,0,16,第一金-員林,2023-11-28,5381
2382,廣達,18,5,13,第一金-員林,2023-11-28,5381
2313,華通,83,71,12,第一金-員林,2023-11-28,5381
0056,元大高股息,12,0,12,第一金-員林,2023-11-28,5381
00646,元大S＆P500,12,0,12,第一金-員林,2023-11-28,5381
1319,東陽,13,1,12,第一金-員林,2023-11-28,5381
3530,晶相光,11,0,11,第一金-員林,2023-11-28,5381
4167,松瑞藥,11,0,11,第一金-員林,2023-11-28,5381
00642U,期元大S＆P石油,10,0,10,第一金-員林,2023-11-28,5381
6462,神盾,11,1,10,第一金-員林,2023-11-28,5381
6733,博晟生醫,10,0,10,第一金-員林,2023-11-28,5381
8068,全達,12,2,10,第一金-員林,2023-11-28,5381
00878,國泰永續高股息,11,2,9,第一金-員林,2023-11-28,5381
2641,正德,9,0,9,第一金-員林,2023-11-28,5381
2606,裕民,18,9,9,第一金-員林,2023-11-28,5381
1909,榮成,8,0,8,第一金-員林,2023-11-28,5381
2723,美食-KY,8,0,8,第一金-員林,2023-11-28,5381
3489,森寶,8,0,8,第一金-員林,2023-11-28,5381
1732,毛寶,7,0,7,第一金-員林,2023-11-28,5381
5347,世界,9,2,7,第一金-員林,2023-11-28,5381
4113,聯上,6,0,6,第一金-員林,2023-11-28,5381
5469,瀚宇博,6,0,6,第一金-員林,2023-11-28,5381
6732,昇佳電子,6,0,6,第一金-員林,2023-11-28,5381
2867,三商壽,5,0,5,第一金-員林,2023-11-28,5381
1444,力麗,5,0,5,第一金-員林,2023-11-28,5381
1785,光洋科,5,0,5,第一金-員林,2023-11-28,5381
2455,全新,9,4,5,第一金-員林,2023-11-28,5381
3450,聯鈞,5,0,5,第一金-員林,2023-11-28,5381
3673,TPK-KY,5,0,5,第一金-員林,2023-11-28,5381
3701,大眾控,5,0,5,第一金-員林,2023-11-28,5381
4942,嘉彰,5,0,5,第一金-員林,2023-11-28,5381
6278,台表科,5,0,5,第一金-員林,2023-11-28,5381
6625,必應,5,0,5,第一金-員林,2023-11-28,5381
8086,宏捷科,7,2,5,第一金-員林,2023-11-28,5381
8358,金居,5,0,5,第一金-員林,2023-11-28,5381
8404,百和興業-KY,5,0,5,第一金-員林,2023-11-28,5381
2303,聯電,10,6,4,第一金-員林,2023-11-28,5381
1580,新麥,4,0,4,第一金-員林,2023-11-28,5381
2317,鴻海,5,1,4,第一金-員林,2023-11-28,5381
2355,敬鵬,5,1,4,第一金-員林,2023-11-28,5381
2882,國泰金,4,0,4,第一金-員林,2023-11-28,5381
2888,新光金,4,0,4,第一金-員林,2023-11-28,5381
4142,國光生,4,0,4,第一金-員林,2023-11-28,5381
2618,長榮航,112,3,109,第一金-員林,2023-11-29,5381
00665L,富邦�琤肭磪囓�2,108,10,98,第一金-員林,2023-11-29,5381
2369,菱生,109,49,60,第一金-員林,2023-11-29,5381
2801,彰銀,56,0,56,第一金-員林,2023-11-29,5381
2313,華通,149,103,46,第一金-員林,2023-11-29,5381
6271,同欣電,34,7,27,第一金-員林,2023-11-29,5381
9919,康那香,23,2,21,第一金-員林,2023-11-29,5381
6451,訊芯-KY,20,0,20,第一金-員林,2023-11-29,5381
00680L,元大美債20正2,21,1,20,第一金-員林,2023-11-29,5381
00882,中信中國高股息,24,5,19,第一金-員林,2023-11-29,5381
00637L,元大滬深300正2,15,0,15,第一金-員林,2023-11-29,5381
2883,凱基金,23,8,15,第一金-員林,2023-11-29,5381
6695,芯鼎,30,15,15,第一金-員林,2023-11-29,5381
00650L,復華香港正2,14,0,14,第一金-員林,2023-11-29,5381
2886,兆豐金,23,10,13,第一金-員林,2023-11-29,5381
00919,群益台灣精選高息,12,0,12,第一金-員林,2023-11-29,5381
9945,潤泰新,12,0,12,第一金-員林,2023-11-29,5381
00753L,中信中國50正2,10,0,10,第一金-員林,2023-11-29,5381
00673R,期元大S＆P原油反1,10,0,10,第一金-員林,2023-11-29,5381
2867,三商壽,10,0,10,第一金-員林,2023-11-29,5381
4130,健亞,10,0,10,第一金-員林,2023-11-29,5381
4503,金雨,14,4,10,第一金-員林,2023-11-29,5381
4532,瑞智,10,0,10,第一金-員林,2023-11-29,5381
5519,隆大,10,0,10,第一金-員林,2023-11-29,5381
6411,晶焱,10,0,10,第一金-員林,2023-11-29,5381
6485,點序,10,0,10,第一金-員林,2023-11-29,5381
2376,技嘉,13,3,10,第一金-員林,2023-11-29,5381
1319,東陽,9,0,9,第一金-員林,2023-11-29,5381
2312,金寶,10,1,9,第一金-員林,2023-11-29,5381
6517,保勝光學,10,1,9,第一金-員林,2023-11-29,5381
1101,台泥,14,5,9,第一金-員林,2023-11-29,5381
00931B,統一美債20年,8,0,8,第一金-員林,2023-11-29,5381
2363,矽統,12,4,8,第一金-員林,2023-11-29,5381
2371,大同,10,2,8,第一金-員林,2023-11-29,5381
3047,訊舟,11,3,8,第一金-員林,2023-11-29,5381
4977,眾達-KY,8,0,8,第一金-員林,2023-11-29,5381
2603,長榮,7,0,7,第一金-員林,2023-11-29,5381
00633L,富邦上証正2,7,0,7,第一金-員林,2023-11-29,5381
00655L,國泰中國A50正2,7,0,7,第一金-員林,2023-11-29,5381
1325,恆大,13,6,7,第一金-員林,2023-11-29,5381
2104,國際中橡,7,0,7,第一金-員林,2023-11-29,5381
2405,輔信,9,2,7,第一金-員林,2023-11-29,5381
2606,裕民,7,0,7,第一金-員林,2023-11-29,5381
2913,農林,10,3,7,第一金-員林,2023-11-29,5381
3231,緯創,18,11,7,第一金-員林,2023-11-29,5381
4167,松瑞藥,10,3,7,第一金-員林,2023-11-29,5381
5608,四維航,21,14,7,第一金-員林,2023-11-29,5381
8404,百和興業-KY,7,0,7,第一金-員林,2023-11-29,5381
00934,中信成長高股息,6,0,6,第一金-員林,2023-11-29,5381
00936,台新永續高息中小,6,0,6,第一金-員林,2023-11-29,5381
00752,中信中國50,400,0,400,第一金-員林,2023-11-30,5381
9904,寶成,100,0,100,第一金-員林,2023-11-30,5381
00712,復華富時不動產,108,11,97,第一金-員林,2023-11-30,5381
2801,彰銀,55,0,55,第一金-員林,2023-11-30,5381
2409,友達,54,0,54,第一金-員林,2023-11-30,5381
6109,亞元,35,0,35,第一金-員林,2023-11-30,5381
5328,華容,48,15,33,第一金-員林,2023-11-30,5381
00919,群益台灣精選高息,25,0,25,第一金-員林,2023-11-30,5381
2913,農林,24,0,24,第一金-員林,2023-11-30,5381
3373,熱映,22,0,22,第一金-員林,2023-11-30,5381
1616,億泰,20,0,20,第一金-員林,2023-11-30,5381
2312,金寶,20,0,20,第一金-員林,2023-11-30,5381
5512,力麒,20,0,20,第一金-員林,2023-11-30,5381
4979,華星光,22,4,18,第一金-員林,2023-11-30,5381
8096,擎亞,24,6,18,第一金-員林,2023-11-30,5381
2867,三商壽,17,0,17,第一金-員林,2023-11-30,5381
4503,金雨,16,1,15,第一金-員林,2023-11-30,5381
3689,湧德,18,4,14,第一金-員林,2023-11-30,5381
6175,立敦,13,0,13,第一金-員林,2023-11-30,5381
2317,鴻海,13,0,13,第一金-員林,2023-11-30,5381
6271,同欣電,16,4,12,第一金-員林,2023-11-30,5381
6538,倉和,12,0,12,第一金-員林,2023-11-30,5381
00720B,元大投資級公司債,12,0,12,第一金-員林,2023-11-30,5381
8210,勤誠,19,8,11,第一金-員林,2023-11-30,5381
2883,凱基金,11,0,11,第一金-員林,2023-11-30,5381
2201,裕隆,10,0,10,第一金-員林,2023-11-30,5381
2377,微星,11,1,10,第一金-員林,2023-11-30,5381
00679B,元大美債20年,43,33,10,第一金-員林,2023-11-30,5381
2007,燁興,10,0,10,第一金-員林,2023-11-30,5381
2745,五福,10,0,10,第一金-員林,2023-11-30,5381
3041,揚智,10,0,10,第一金-員林,2023-11-30,5381
5347,世界,14,4,10,第一金-員林,2023-11-30,5381
2376,技嘉,17,7,10,第一金-員林,2023-11-30,5381
3264,欣銓,12,3,9,第一金-員林,2023-11-30,5381
3706,神達,11,2,9,第一金-員林,2023-11-30,5381
2329,華泰,93,85,8,第一金-員林,2023-11-30,5381
3013,晟銘電,22,14,8,第一金-員林,2023-11-30,5381
5009,榮剛,11,3,8,第一金-員林,2023-11-30,5381
5210,寶碩,8,0,8,第一金-員林,2023-11-30,5381
6246,臺龍,8,0,8,第一金-員林,2023-11-30,5381
00688L,國泰20年美債正2,7,0,7,第一金-員林,2023-11-30,5381
6171,大城地產,9,2,7,第一金-員林,2023-11-30,5381
5258,虹堡,7,0,7,第一金-員林,2023-11-30,5381
00934,中信成長高股息,6,0,6,第一金-員林,2023-11-30,5381
1218,泰山,6,0,6,第一金-員林,2023-11-30,5381
2332,友訊,10,4,6,第一金-員林,2023-11-30,5381
4183,福永生技,6,0,6,第一金-員林,2023-11-30,5381
4958,臻鼎-KY,6,0,6,第一金-員林,2023-11-30,5381
8046,南電,7,2,5,第一金-員林,2023-11-30,5381
2313,華通,33,28,5,第一金-員林,2023-11-30,5381
00919,群益台灣精選高息,115,0,115,第一金-員林,2023-12-01,5381
4533,協易機,48,1,47,第一金-員林,2023-12-01,5381
6233,旺玖,56,12,44,第一金-員林,2023-12-01,5381
4167,松瑞藥,63,28,35,第一金-員林,2023-12-01,5381
2641,正德,43,10,33,第一金-員林,2023-12-01,5381
3047,訊舟,32,0,32,第一金-員林,2023-12-01,5381
5328,華容,92,63,29,第一金-員林,2023-12-01,5381
1513,中興電,61,33,28,第一金-員林,2023-12-01,5381
2882,國泰金,27,0,27,第一金-員林,2023-12-01,5381
3437,榮創,22,0,22,第一金-員林,2023-12-01,5381
2317,鴻海,22,0,22,第一金-員林,2023-12-01,5381
1101,台泥,21,0,21,第一金-員林,2023-12-01,5381
00637L,元大滬深300正2,26,5,21,第一金-員林,2023-12-01,5381
2402,毅嘉,24,4,20,第一金-員林,2023-12-01,5381
3481,群創,20,0,20,第一金-員林,2023-12-01,5381
2376,技嘉,22,3,19,第一金-員林,2023-12-01,5381
2458,義隆,18,0,18,第一金-員林,2023-12-01,5381
00665L,富邦�琤肭磪囓�2,15,0,15,第一金-員林,2023-12-01,5381
2353,宏��,15,0,15,第一金-員林,2023-12-01,5381
00900,富邦特選高股息30,15,1,14,第一金-員林,2023-12-01,5381
6271,同欣電,14,0,14,第一金-員林,2023-12-01,5381
00679B,元大美債20年,15,2,13,第一金-員林,2023-12-01,5381
2355,敬鵬,17,4,13,第一金-員林,2023-12-01,5381
2505,國揚,13,0,13,第一金-員林,2023-12-01,5381
4121,優盛,13,1,12,第一金-員林,2023-12-01,5381
6695,芯鼎,12,0,12,第一金-員林,2023-12-01,5381
9910,豐泰,11,0,11,第一金-員林,2023-12-01,5381
00922,國泰台灣領袖50,11,0,11,第一金-員林,2023-12-01,5381
2401,凌陽,11,0,11,第一金-員林,2023-12-01,5381
8171,天宇,11,0,11,第一金-員林,2023-12-01,5381
2886,兆豐金,12,2,10,第一金-員林,2023-12-01,5381
3231,緯創,15,5,10,第一金-員林,2023-12-01,5381
00650L,復華香港正2,10,0,10,第一金-員林,2023-12-01,5381
00915,凱基優選高股息30,10,0,10,第一金-員林,2023-12-01,5381
2323,中環,10,0,10,第一金-員林,2023-12-01,5381
1201,味全,9,0,9,第一金-員林,2023-12-01,5381
1103,嘉泥,10,1,9,第一金-員林,2023-12-01,5381
1568,倉佑,11,2,9,第一金-員林,2023-12-01,5381
2303,聯電,14,5,9,第一金-員林,2023-12-01,5381
2413,環科,8,0,8,第一金-員林,2023-12-01,5381
5347,世界,8,0,8,第一金-員林,2023-12-01,5381
5351,鈺創,16,8,8,第一金-員林,2023-12-01,5381
6284,佳邦,9,1,8,第一金-員林,2023-12-01,5381
6625,必應,9,1,8,第一金-員林,2023-12-01,5381
3564,其陽,8,1,7,第一金-員林,2023-12-01,5381
8150,南茂,7,0,7,第一金-員林,2023-12-01,5381
2002,中鋼,16,10,6,第一金-員林,2023-12-01,5381
00756B,群益投等新興公債,6,0,6,第一金-員林,2023-12-01,5381
00726B,國泰新興投等債,6,0,6,第一金-員林,2023-12-01,5381
1319,東陽,6,0,6,第一金-員林,2023-12-01,5381
00752,中信中國50,501,0,501,第一金-員林,2023-12-04,5381
2891,中信金,100,0,100,第一金-員林,2023-12-04,5381
00720B,元大投資級公司債,92,1,91,第一金-員林,2023-12-04,5381
2882,國泰金,77,1,76,第一金-員林,2023-12-04,5381
00680L,元大美債20正2,62,0,62,第一金-員林,2023-12-04,5381
1504,東元,61,1,60,第一金-員林,2023-12-04,5381
3013,晟銘電,71,15,56,第一金-員林,2023-12-04,5381
2883,凱基金,111,70,41,第一金-員林,2023-12-04,5381
1444,力麗,40,0,40,第一金-員林,2023-12-04,5381
3047,訊舟,40,0,40,第一金-員林,2023-12-04,5381
00679B,元大美債20年,31,0,31,第一金-員林,2023-12-04,5381
2014,中鴻,31,0,31,第一金-員林,2023-12-04,5381
5871,中租-KY,30,0,30,第一金-員林,2023-12-04,5381
00650L,復華香港正2,25,0,25,第一金-員林,2023-12-04,5381
2105,正新,47,23,24,第一金-員林,2023-12-04,5381
00665L,富邦�琤肭磪囓�2,24,0,24,第一金-員林,2023-12-04,5381
3325,旭品,43,20,23,第一金-員林,2023-12-04,5381
1316,上曜,21,0,21,第一金-員林,2023-12-04,5381
4533,協易機,23,2,21,第一金-員林,2023-12-04,5381
00885,富邦越南,20,0,20,第一金-員林,2023-12-04,5381
2488,漢平,20,0,20,第一金-員林,2023-12-04,5381
6120,達運,20,0,20,第一金-員林,2023-12-04,5381
3715,定穎投控,25,7,18,第一金-員林,2023-12-04,5381
4167,松瑞藥,39,21,18,第一金-員林,2023-12-04,5381
9105,泰金寶-DR,30,12,18,第一金-員林,2023-12-04,5381
00933B,國泰10Y+金融債,20,4,16,第一金-員林,2023-12-04,5381
00655L,國泰中國A50正2,15,0,15,第一金-員林,2023-12-04,5381
2312,金寶,16,2,14,第一金-員林,2023-12-04,5381
2402,毅嘉,13,0,13,第一金-員林,2023-12-04,5381
8936,國統,21,8,13,第一金-員林,2023-12-04,5381
1718,中纖,12,0,12,第一金-員林,2023-12-04,5381
2353,宏��,12,0,12,第一金-員林,2023-12-04,5381
5603,陸海,15,3,12,第一金-員林,2023-12-04,5381
6733,博晟生醫,19,7,12,第一金-員林,2023-12-04,5381
3363,上詮,14,2,12,第一金-員林,2023-12-04,5381
2027,大成鋼,13,1,12,第一金-員林,2023-12-04,5381
1337,再生-KY,11,0,11,第一金-員林,2023-12-04,5381
00919,群益台灣精選高息,23,12,11,第一金-員林,2023-12-04,5381
1319,東陽,11,0,11,第一金-員林,2023-12-04,5381
6122,擎邦,11,0,11,第一金-員林,2023-12-04,5381
8429,金麗-KY,11,0,11,第一金-員林,2023-12-04,5381
00715L,期街口布蘭特正2,12,2,10,第一金-員林,2023-12-04,5381
1217,愛之味,10,0,10,第一金-員林,2023-12-04,5381
2472,立隆電,10,0,10,第一金-員林,2023-12-04,5381
3522,御嵿,10,0,10,第一金-員林,2023-12-04,5381
5519,隆大,10,0,10,第一金-員林,2023-12-04,5381
4909,新復興,11,2,9,第一金-員林,2023-12-04,5381
2338,光罩,9,0,9,第一金-員林,2023-12-04,5381
3035,智原,16,7,9,第一金-員林,2023-12-04,5381
3228,金麗科,9,1,8,第一金-員林,2023-12-04,5381
00919,群益台灣精選高息,142,9,133,第一金-員林,2023-12-05,5381
9103,美德醫療-DR,110,5,105,第一金-員林,2023-12-05,5381
00680L,元大美債20正2,114,10,104,第一金-員林,2023-12-05,5381
00878,國泰永續高股息,75,11,64,第一金-員林,2023-12-05,5381
00937B,群益ESG投等債20,117,57,60,第一金-員林,2023-12-05,5381
6116,彩晶,60,0,60,第一金-員林,2023-12-05,5381
00665L,富邦�琤肭磪囓�2,63,4,59,第一金-員林,2023-12-05,5381
1802,台玻,59,0,59,第一金-員林,2023-12-05,5381
3047,訊舟,50,0,50,第一金-員林,2023-12-05,5381
3231,緯創,57,15,42,第一金-員林,2023-12-05,5381
00929,復華台灣科技優息,39,2,37,第一金-員林,2023-12-05,5381
2641,正德,72,35,37,第一金-員林,2023-12-05,5381
3708,上緯投控,42,5,37,第一金-員林,2023-12-05,5381
2882,國泰金,33,0,33,第一金-員林,2023-12-05,5381
00650L,復華香港正2,30,0,30,第一金-員林,2023-12-05,5381
2376,技嘉,33,4,29,第一金-員林,2023-12-05,5381
2606,裕民,70,41,29,第一金-員林,2023-12-05,5381
00637L,元大滬深300正2,28,0,28,第一金-員林,2023-12-05,5381
1618,合機,29,2,27,第一金-員林,2023-12-05,5381
2617,台航,31,4,27,第一金-員林,2023-12-05,5381
6276,安鈦克,24,3,21,第一金-員林,2023-12-05,5381
6233,旺玖,22,1,21,第一金-員林,2023-12-05,5381
0056,元大高股息,21,1,20,第一金-員林,2023-12-05,5381
2605,新興,37,18,19,第一金-員林,2023-12-05,5381
00655L,國泰中國A50正2,17,0,17,第一金-員林,2023-12-05,5381
00882,中信中國高股息,17,0,17,第一金-員林,2023-12-05,5381
5347,世界,17,1,16,第一金-員林,2023-12-05,5381
1781,合世,16,0,16,第一金-員林,2023-12-05,5381
6114,久威,16,0,16,第一金-員林,2023-12-05,5381
2105,正新,16,1,15,第一金-員林,2023-12-05,5381
2353,宏��,25,10,15,第一金-員林,2023-12-05,5381
3363,上詮,15,0,15,第一金-員林,2023-12-05,5381
5210,寶碩,15,0,15,第一金-員林,2023-12-05,5381
00923,群益台ESG低碳50,14,0,14,第一金-員林,2023-12-05,5381
2801,彰銀,14,0,14,第一金-員林,2023-12-05,5381
2883,凱基金,14,0,14,第一金-員林,2023-12-05,5381
6109,亞元,13,0,13,第一金-員林,2023-12-05,5381
00687B,國泰20年美債,11,0,11,第一金-員林,2023-12-05,5381
2206,三陽工業,11,0,11,第一金-員林,2023-12-05,5381
5009,榮剛,14,3,11,第一金-員林,2023-12-05,5381
5529,鉅陞,11,0,11,第一金-員林,2023-12-05,5381
00934,中信成長高股息,11,0,11,第一金-員林,2023-12-05,5381
00891,中信關鍵半導體,10,0,10,第一金-員林,2023-12-05,5381
00633L,富邦上証正2,10,0,10,第一金-員林,2023-12-05,5381
1909,榮成,10,0,10,第一金-員林,2023-12-05,5381
2402,毅嘉,10,0,10,第一金-員林,2023-12-05,5381
2601,益航,16,6,10,第一金-員林,2023-12-05,5381
6128,上福,10,0,10,第一金-員林,2023-12-05,5381
2344,華邦電,12,2,10,第一金-員林,2023-12-05,5381
4763,材料-KY,13,4,9,第一金-員林,2023-12-05,5381
00937B,群益ESG投等債20,221,34,187,第一金-員林,2023-12-06,5381
00919,群益台灣精選高息,99,7,92,第一金-員林,2023-12-06,5381
00712,復華富時不動產,88,0,88,第一金-員林,2023-12-06,5381
00679B,元大美債20年,73,9,64,第一金-員林,2023-12-06,5381
00637L,元大滬深300正2,60,0,60,第一金-員林,2023-12-06,5381
2405,輔信,60,2,58,第一金-員林,2023-12-06,5381
2419,仲琦,48,15,33,第一金-員林,2023-12-06,5381
00665L,富邦�琤肭磪囓�2,44,12,32,第一金-員林,2023-12-06,5381
2355,敬鵬,57,29,28,第一金-員林,2023-12-06,5381
2867,三商壽,28,0,28,第一金-員林,2023-12-06,5381
1529,樂事綠能,37,9,28,第一金-員林,2023-12-06,5381
2409,友達,25,0,25,第一金-員林,2023-12-06,5381
6167,久正,25,0,25,第一金-員林,2023-12-06,5381
1503,士電,42,19,23,第一金-員林,2023-12-06,5381
00650L,復華香港正2,20,0,20,第一金-員林,2023-12-06,5381
00655L,國泰中國A50正2,20,0,20,第一金-員林,2023-12-06,5381
5608,四維航,23,4,19,第一金-員林,2023-12-06,5381
6213,聯茂,19,1,18,第一金-員林,2023-12-06,5381
3588,通嘉,21,4,17,第一金-員林,2023-12-06,5381
2913,農林,16,0,16,第一金-員林,2023-12-06,5381
00918,大華優利高填息30,16,1,15,第一金-員林,2023-12-06,5381
00633L,富邦上証正2,15,0,15,第一金-員林,2023-12-06,5381
3013,晟銘電,55,40,15,第一金-員林,2023-12-06,5381
2313,華通,38,24,14,第一金-員林,2023-12-06,5381
2606,裕民,26,12,14,第一金-員林,2023-12-06,5381
2303,聯電,13,0,13,第一金-員林,2023-12-06,5381
2371,大同,14,1,13,第一金-員林,2023-12-06,5381
3022,威強電,13,0,13,第一金-員林,2023-12-06,5381
6109,亞元,12,0,12,第一金-員林,2023-12-06,5381
6117,迎廣,23,11,12,第一金-員林,2023-12-06,5381
2344,華邦電,11,0,11,第一金-員林,2023-12-06,5381
2102,泰豐,11,0,11,第一金-員林,2023-12-06,5381
8044,網家,11,0,11,第一金-員林,2023-12-06,5381
00706L,期元大S＆P日圓正2,10,0,10,第一金-員林,2023-12-06,5381
2601,益航,40,30,10,第一金-員林,2023-12-06,5381
3058,立德,10,0,10,第一金-員林,2023-12-06,5381
3489,森寶,10,0,10,第一金-員林,2023-12-06,5381
3706,神達,10,0,10,第一金-員林,2023-12-06,5381
5371,中光電,10,0,10,第一金-員林,2023-12-06,5381
6128,上福,10,0,10,第一金-員林,2023-12-06,5381
1514,亞力,94,84,10,第一金-員林,2023-12-06,5381
00688L,國泰20年美債正2,13,4,9,第一金-員林,2023-12-06,5381
4167,松瑞藥,11,2,9,第一金-員林,2023-12-06,5381
9945,潤泰新,10,1,9,第一金-員林,2023-12-06,5381
4171,瑞基,8,0,8,第一金-員林,2023-12-06,5381
5469,瀚宇博,9,1,8,第一金-員林,2023-12-06,5381
5703,亞都,8,0,8,第一金-員林,2023-12-06,5381
5864,致和證,10,2,8,第一金-員林,2023-12-06,5381
6278,台表科,8,0,8,第一金-員林,2023-12-06,5381
6547,高端疫苗,10,2,8,第一金-員林,2023-12-06,5381
00919,群益台灣精選高息,155,4,151,第一金-員林,2023-12-07,5381
00931B,統一美債20年,121,0,121,第一金-員林,2023-12-07,5381
00720B,元大投資級公司債,121,6,115,第一金-員林,2023-12-07,5381
2344,華邦電,108,7,101,第一金-員林,2023-12-07,5381
00937B,群益ESG投等債20,78,3,75,第一金-員林,2023-12-07,5381
00680L,元大美債20正2,50,13,37,第一金-員林,2023-12-07,5381
9945,潤泰新,36,0,36,第一金-員林,2023-12-07,5381
1506,正道,37,1,36,第一金-員林,2023-12-07,5381
2801,彰銀,34,0,34,第一金-員林,2023-12-07,5381
6222,上揚,34,0,34,第一金-員林,2023-12-07,5381
00715L,期街口布蘭特正2,33,1,32,第一金-員林,2023-12-07,5381
00688L,國泰20年美債正2,27,0,27,第一金-員林,2023-12-07,5381
1522,堤維西,41,15,26,第一金-員林,2023-12-07,5381
00706L,期元大S＆P日圓正2,23,0,23,第一金-員林,2023-12-07,5381
00687B,國泰20年美債,22,0,22,第一金-員林,2023-12-07,5381
2913,農林,22,0,22,第一金-員林,2023-12-07,5381
4142,國光生,21,0,21,第一金-員林,2023-12-07,5381
3479,安勤,21,0,21,第一金-員林,2023-12-07,5381
8054,安國,32,15,17,第一金-員林,2023-12-07,5381
00665L,富邦�琤肭磪囓�2,21,5,16,第一金-員林,2023-12-07,5381
6237,驊訊,18,2,16,第一金-員林,2023-12-07,5381
00679B,元大美債20年,20,6,14,第一金-員林,2023-12-07,5381
9103,美德醫療-DR,33,19,14,第一金-員林,2023-12-07,5381
00882,中信中國高股息,13,0,13,第一金-員林,2023-12-07,5381
00929,復華台灣科技優息,33,21,12,第一金-員林,2023-12-07,5381
1616,億泰,17,5,12,第一金-員林,2023-12-07,5381
2425,承啟,17,5,12,第一金-員林,2023-12-07,5381
3707,漢磊,12,0,12,第一金-員林,2023-12-07,5381
2329,華泰,17,6,11,第一金-員林,2023-12-07,5381
2498,宏達電,11,0,11,第一金-員林,2023-12-07,5381
3046,建��,11,0,11,第一金-員林,2023-12-07,5381
3588,通嘉,11,0,11,第一金-員林,2023-12-07,5381
4533,協易機,26,15,11,第一金-員林,2023-12-07,5381
6806,森崴能源,11,0,11,第一金-員林,2023-12-07,5381
4908,前鼎,10,0,10,第一金-員林,2023-12-07,5381
00888,永豐台灣ESG,10,0,10,第一金-員林,2023-12-07,5381
2323,中環,10,0,10,第一金-員林,2023-12-07,5381
2515,中工,20,10,10,第一金-員林,2023-12-07,5381
3017,奇鋐,10,0,10,第一金-員林,2023-12-07,5381
3022,威強電,10,0,10,第一金-員林,2023-12-07,5381
6153,嘉聯益,10,0,10,第一金-員林,2023-12-07,5381
2888,新光金,9,0,9,第一金-員林,2023-12-07,5381
00936,台新永續高息中小,16,7,9,第一金-員林,2023-12-07,5381
3041,揚智,15,6,9,第一金-員林,2023-12-07,5381
6171,大城地產,11,2,9,第一金-員林,2023-12-07,5381
6462,神盾,10,1,9,第一金-員林,2023-12-07,5381
00712,復華富時不動產,8,0,8,第一金-員林,2023-12-07,5381
00642U,期元大S＆P石油,8,0,8,第一金-員林,2023-12-07,5381
1605,華新,8,0,8,第一金-員林,2023-12-07,5381
2354,鴻準,10,2,8,第一金-員林,2023-12-07,5381
00919,群益台灣精選高息,114,5,109,第一金-員林,2023-12-08,5381
00753L,中信中國50正2,100,0,100,第一金-員林,2023-12-08,5381
00679B,元大美債20年,77,5,72,第一金-員林,2023-12-08,5381
00642U,期元大S＆P石油,40,0,40,第一金-員林,2023-12-08,5381
00665L,富邦�琤肭磪囓�2,40,0,40,第一金-員林,2023-12-08,5381
1529,樂事綠能,70,30,40,第一金-員林,2023-12-08,5381
6770,力積電,40,0,40,第一金-員林,2023-12-08,5381
3481,群創,34,0,34,第一金-員林,2023-12-08,5381
1513,中興電,49,15,34,第一金-員林,2023-12-08,5381
00715L,期街口布蘭特正2,43,10,33,第一金-員林,2023-12-08,5381
00937B,群益ESG投等債20,31,1,30,第一金-員林,2023-12-08,5381
2605,新興,58,28,30,第一金-員林,2023-12-08,5381
2609,陽明,40,10,30,第一金-員林,2023-12-08,5381
00929,復華台灣科技優息,37,9,28,第一金-員林,2023-12-08,5381
6222,上揚,20,0,20,第一金-員林,2023-12-08,5381
6244,茂迪,20,0,20,第一金-員林,2023-12-08,5381
8176,智捷,20,0,20,第一金-員林,2023-12-08,5381
2611,志信,25,5,20,第一金-員林,2023-12-08,5381
00725B,國泰投資級公司債,19,0,19,第一金-員林,2023-12-08,5381
00882,中信中國高股息,18,0,18,第一金-員林,2023-12-08,5381
00687B,國泰20年美債,27,10,17,第一金-員林,2023-12-08,5381
6114,久威,17,0,17,第一金-員林,2023-12-08,5381
00650L,復華香港正2,15,0,15,第一金-員林,2023-12-08,5381
4414,如興,15,0,15,第一金-員林,2023-12-08,5381
6140,訊達,15,0,15,第一金-員林,2023-12-08,5381
9103,美德醫療-DR,25,10,15,第一金-員林,2023-12-08,5381
1316,上曜,19,5,14,第一金-員林,2023-12-08,5381
2534,宏盛,14,0,14,第一金-員林,2023-12-08,5381
00931B,統一美債20年,23,10,13,第一金-員林,2023-12-08,5381
00740B,富邦全球投等債,12,0,12,第一金-員林,2023-12-08,5381
2313,華通,24,13,11,第一金-員林,2023-12-08,5381
2472,立隆電,11,0,11,第一金-員林,2023-12-08,5381
3035,智原,13,2,11,第一金-員林,2023-12-08,5381
4551,智伸科,11,0,11,第一金-員林,2023-12-08,5381
6167,久正,11,0,11,第一金-員林,2023-12-08,5381
9919,康那香,11,0,11,第一金-員林,2023-12-08,5381
1314,中石化,10,0,10,第一金-員林,2023-12-08,5381
2915,潤泰全,10,0,10,第一金-員林,2023-12-08,5381
8463,潤泰材,10,0,10,第一金-員林,2023-12-08,5381
1503,士電,12,2,10,第一金-員林,2023-12-08,5381
1795,美時,13,4,9,第一金-員林,2023-12-08,5381
1528,恩德,9,0,9,第一金-員林,2023-12-08,5381
1609,大亞,13,4,9,第一金-員林,2023-12-08,5381
2401,凌陽,15,6,9,第一金-員林,2023-12-08,5381
6243,迅杰,24,15,9,第一金-員林,2023-12-08,5381
2312,金寶,8,0,8,第一金-員林,2023-12-08,5381
2471,資通,8,0,8,第一金-員林,2023-12-08,5381
00933B,國泰10Y+金融債,7,0,7,第一金-員林,2023-12-08,5381
2303,聯電,8,1,7,第一金-員林,2023-12-08,5381
1815,富喬,11,4,7,第一金-員林,2023-12-08,5381
1524,耿鼎,135,72,63,第一金-員林,2023-12-11,5381
00919,群益台灣精選高息,64,10,54,第一金-員林,2023-12-11,5381
6233,旺玖,52,0,52,第一金-員林,2023-12-11,5381
9103,美德醫療-DR,40,0,40,第一金-員林,2023-12-11,5381
00882,中信中國高股息,30,0,30,第一金-員林,2023-12-11,5381
2886,兆豐金,26,0,26,第一金-員林,2023-12-11,5381
2888,新光金,27,1,26,第一金-員林,2023-12-11,5381
2409,友達,25,1,24,第一金-員林,2023-12-11,5381
00931B,統一美債20年,23,1,22,第一金-員林,2023-12-11,5381
00679B,元大美債20年,20,0,20,第一金-員林,2023-12-11,5381
00934,中信成長高股息,20,0,20,第一金-員林,2023-12-11,5381
8227,巨有科技,20,0,20,第一金-員林,2023-12-11,5381
00687B,國泰20年美債,19,0,19,第一金-員林,2023-12-11,5381
1528,恩德,21,4,17,第一金-員林,2023-12-11,5381
3078,僑威,18,2,16,第一金-員林,2023-12-11,5381
1609,大亞,19,3,16,第一金-員林,2023-12-11,5381
1785,光洋科,16,0,16,第一金-員林,2023-12-11,5381
6219,富旺,17,1,16,第一金-員林,2023-12-11,5381
00936,台新永續高息中小,15,0,15,第一金-員林,2023-12-11,5381
1720,生達,15,0,15,第一金-員林,2023-12-11,5381
00688L,國泰20年美債正2,13,0,13,第一金-員林,2023-12-11,5381
5871,中租-KY,12,0,12,第一金-員林,2023-12-11,5381
1314,中石化,12,0,12,第一金-員林,2023-12-11,5381
2359,所羅門,13,1,12,第一金-員林,2023-12-11,5381
0056,元大高股息,13,1,12,第一金-員林,2023-12-11,5381
5426,振發,19,7,12,第一金-員林,2023-12-11,5381
00753L,中信中國50正2,11,0,11,第一金-員林,2023-12-11,5381
1514,亞力,79,69,10,第一金-員林,2023-12-11,5381
1539,巨庭,10,0,10,第一金-員林,2023-12-11,5381
2883B,凱基金乙特,10,0,10,第一金-員林,2023-12-11,5381
6122,擎邦,10,0,10,第一金-員林,2023-12-11,5381
6167,久正,10,0,10,第一金-員林,2023-12-11,5381
8176,智捷,10,0,10,第一金-員林,2023-12-11,5381
2365,昆盈,10,0,10,第一金-員林,2023-12-11,5381
3499,環天科,10,0,10,第一金-員林,2023-12-11,5381
2388,威盛,17,8,9,第一金-員林,2023-12-11,5381
3231,緯創,12,3,9,第一金-員林,2023-12-11,5381
00720B,元大投資級公司債,9,0,9,第一金-員林,2023-12-11,5381
1101,台泥,9,0,9,第一金-員林,2023-12-11,5381
1618,合機,19,10,9,第一金-員林,2023-12-11,5381
3017,奇鋐,12,3,9,第一金-員林,2023-12-11,5381
3362,先進光,9,0,9,第一金-員林,2023-12-11,5381
2892,第一金,8,0,8,第一金-員林,2023-12-11,5381
2543,皇昌,10,2,8,第一金-員林,2023-12-11,5381
6222,上揚,8,0,8,第一金-員林,2023-12-11,5381
2401,凌陽,8,0,8,第一金-員林,2023-12-11,5381
2472,立隆電,12,4,8,第一金-員林,2023-12-11,5381
2882,國泰金,7,0,7,第一金-員林,2023-12-11,5381
00680L,元大美債20正2,7,0,7,第一金-員林,2023-12-11,5381
1568,倉佑,7,0,7,第一金-員林,2023-12-11,5381
8011,台通,58,15,43,第一金-員林,2023-12-12,5381
00687B,國泰20年美債,39,0,39,第一金-員林,2023-12-12,5381
00919,群益台灣精選高息,58,20,38,第一金-員林,2023-12-12,5381
2313,華通,57,27,30,第一金-員林,2023-12-12,5381
2363,矽統,24,0,24,第一金-員林,2023-12-12,5381
2889,國票金,22,1,21,第一金-員林,2023-12-12,5381
00918,大華優利高填息30,21,0,21,第一金-員林,2023-12-12,5381
1618,合機,89,68,21,第一金-員林,2023-12-12,5381
1905,華紙,20,0,20,第一金-員林,2023-12-12,5381
4551,智伸科,20,0,20,第一金-員林,2023-12-12,5381
2355,敬鵬,22,3,19,第一金-員林,2023-12-12,5381
2882,國泰金,19,1,18,第一金-員林,2023-12-12,5381
2618,長榮航,18,1,17,第一金-員林,2023-12-12,5381
9910,豐泰,16,0,16,第一金-員林,2023-12-12,5381
8112,至上,35,19,16,第一金-員林,2023-12-12,5381
5210,寶碩,15,0,15,第一金-員林,2023-12-12,5381
9105,泰金寶-DR,15,0,15,第一金-員林,2023-12-12,5381
00688L,國泰20年美債正2,14,0,14,第一金-員林,2023-12-12,5381
2409,友達,20,6,14,第一金-員林,2023-12-12,5381
2534,宏盛,14,0,14,第一金-員林,2023-12-12,5381
00751B,元大AAA至A公司債,13,0,13,第一金-員林,2023-12-12,5381
2913,農林,13,0,13,第一金-員林,2023-12-12,5381
00929,復華台灣科技優息,42,29,13,第一金-員林,2023-12-12,5381
2402,毅嘉,30,19,11,第一金-員林,2023-12-12,5381
3363,上詮,11,0,11,第一金-員林,2023-12-12,5381
2614,東森,11,0,11,第一金-員林,2023-12-12,5381
3019,亞光,18,7,11,第一金-員林,2023-12-12,5381
00712,復華富時不動產,10,0,10,第一金-員林,2023-12-12,5381
1457,宜進,10,0,10,第一金-員林,2023-12-12,5381
2332,友訊,10,0,10,第一金-員林,2023-12-12,5381
2442,新美齊,10,0,10,第一金-員林,2023-12-12,5381
2890,永豐金,10,0,10,第一金-員林,2023-12-12,5381
5258,虹堡,10,0,10,第一金-員林,2023-12-12,5381
9103,美德醫療-DR,30,20,10,第一金-員林,2023-12-12,5381
00710B,復華彭博非投等債,9,0,9,第一金-員林,2023-12-12,5381
1316,上曜,9,0,9,第一金-員林,2023-12-12,5381
5011,久陽,9,0,9,第一金-員林,2023-12-12,5381
3704,合勤控,8,0,8,第一金-員林,2023-12-12,5381
00720B,元大投資級公司債,8,0,8,第一金-員林,2023-12-12,5381
2427,三商電,8,0,8,第一金-員林,2023-12-12,5381
3078,僑威,14,6,8,第一金-員林,2023-12-12,5381
3711,日月光投控,12,4,8,第一金-員林,2023-12-12,5381
2388,威盛,25,18,7,第一金-員林,2023-12-12,5381
3499,環天科,7,0,7,第一金-員林,2023-12-12,5381
6509,聚和,7,0,7,第一金-員林,2023-12-12,5381
2002,中鋼,7,1,6,第一金-員林,2023-12-12,5381
4979,華星光,21,15,6,第一金-員林,2023-12-12,5381
00753L,中信中國50正2,10,4,6,第一金-員林,2023-12-12,5381
4306,炎洲,6,0,6,第一金-員林,2023-12-12,5381
5351,鈺創,11,5,6,第一金-員林,2023-12-12,5381
00632R,元大台灣50反1,130,0,130,第一金-員林,2023-12-13,5381
00919,群益台灣精選高息,108,2,106,第一金-員林,2023-12-13,5381
9105,泰金寶-DR,187,85,102,第一金-員林,2023-12-13,5381
4906,正文,61,9,52,第一金-員林,2023-12-13,5381
00937B,群益ESG投等債20,56,13,43,第一金-員林,2023-12-13,5381
6265,方土昶,45,10,35,第一金-員林,2023-12-13,5381
2883,凱基金,32,1,31,第一金-員林,2023-12-13,5381
1529,樂事綠能,31,0,31,第一金-員林,2023-12-13,5381
00687B,國泰20年美債,27,0,27,第一金-員林,2023-12-13,5381
00918,大華優利高填息30,27,0,27,第一金-員林,2023-12-13,5381
3712,永崴投控,38,13,25,第一金-員林,2023-12-13,5381
1301,台塑,24,0,24,第一金-員林,2023-12-13,5381
2888,新光金,24,0,24,第一金-員林,2023-12-13,5381
2886,兆豐金,24,0,24,第一金-員林,2023-12-13,5381
3706,神達,41,17,24,第一金-員林,2023-12-13,5381
8011,台通,31,9,22,第一金-員林,2023-12-13,5381
2402,毅嘉,21,0,21,第一金-員林,2023-12-13,5381
3623,富晶通,22,1,21,第一金-員林,2023-12-13,5381
2105,正新,20,1,19,第一金-員林,2023-12-13,5381
00882,中信中國高股息,18,0,18,第一金-員林,2023-12-13,5381
00751B,元大AAA至A公司債,17,0,17,第一金-員林,2023-12-13,5381
00715L,期街口布蘭特正2,30,13,17,第一金-員林,2023-12-13,5381
2409,友達,17,0,17,第一金-員林,2023-12-13,5381
3622,洋華,20,3,17,第一金-員林,2023-12-13,5381
2605,新興,22,6,16,第一金-員林,2023-12-13,5381
6233,旺玖,20,4,16,第一金-員林,2023-12-13,5381
00933B,國泰10Y+金融債,21,6,15,第一金-員林,2023-12-13,5381
3362,先進光,15,0,15,第一金-員林,2023-12-13,5381
00679B,元大美債20年,14,1,13,第一金-員林,2023-12-13,5381
3324,雙鴻,13,0,13,第一金-員林,2023-12-13,5381
9910,豐泰,13,0,13,第一金-員林,2023-12-13,5381
8463,潤泰材,12,0,12,第一金-員林,2023-12-13,5381
2892,第一金,12,1,11,第一金-員林,2023-12-13,5381
00900,富邦特選高股息30,22,11,11,第一金-員林,2023-12-13,5381
1714,和桐,11,0,11,第一金-員林,2023-12-13,5381
2002,中鋼,11,0,11,第一金-員林,2023-12-13,5381
2887,台新金,11,0,11,第一金-員林,2023-12-13,5381
3548,兆利,11,0,11,第一金-員林,2023-12-13,5381
4933,友輝,12,1,11,第一金-員林,2023-12-13,5381
00934,中信成長高股息,10,0,10,第一金-員林,2023-12-13,5381
1457,宜進,10,0,10,第一金-員林,2023-12-13,5381
2313,華通,36,26,10,第一金-員林,2023-12-13,5381
2323,中環,10,0,10,第一金-員林,2023-12-13,5381
2421,建準,11,1,10,第一金-員林,2023-12-13,5381
2534,宏盛,10,0,10,第一金-員林,2023-12-13,5381
8068,全達,14,4,10,第一金-員林,2023-12-13,5381
1316,上曜,8,0,8,第一金-員林,2023-12-13,5381
3311,閎暉,10,2,8,第一金-員林,2023-12-13,5381
5258,虹堡,8,0,8,第一金-員林,2023-12-13,5381
8222,寶一,8,0,8,第一金-員林,2023-12-13,5381
00637L,元大滬深300正2,131,0,131,第一金-員林,2023-12-14,5381
00919,群益台灣精選高息,137,18,119,第一金-員林,2023-12-14,5381
00937B,群益ESG投等債20,132,23,109,第一金-員林,2023-12-14,5381
00679B,元大美債20年,106,2,104,第一金-員林,2023-12-14,5381
1616,億泰,105,11,94,第一金-員林,2023-12-14,5381
00929,復華台灣科技優息,96,14,82,第一金-員林,2023-12-14,5381
00687B,國泰20年美債,73,6,67,第一金-員林,2023-12-14,5381
00632R,元大台灣50反1,51,0,51,第一金-員林,2023-12-14,5381
00650L,復華香港正2,50,0,50,第一金-員林,2023-12-14,5381
5521,工信,115,66,49,第一金-員林,2023-12-14,5381
9105,泰金寶-DR,50,10,40,第一金-員林,2023-12-14,5381
00882,中信中國高股息,43,5,38,第一金-員林,2023-12-14,5381
00665L,富邦�琤肭磪囓�2,50,14,36,第一金-員林,2023-12-14,5381
00740B,富邦全球投等債,42,12,30,第一金-員林,2023-12-14,5381
3047,訊舟,30,0,30,第一金-員林,2023-12-14,5381
8011,台通,31,1,30,第一金-員林,2023-12-14,5381
8463,潤泰材,29,0,29,第一金-員林,2023-12-14,5381
6233,旺玖,31,3,28,第一金-員林,2023-12-14,5381
00680L,元大美債20正2,29,2,27,第一金-員林,2023-12-14,5381
1524,耿鼎,62,35,27,第一金-員林,2023-12-14,5381
3666,光耀,27,0,27,第一金-員林,2023-12-14,5381
00655L,國泰中國A50正2,25,0,25,第一金-員林,2023-12-14,5381
6005,群益證,23,0,23,第一金-員林,2023-12-14,5381
2066,世德,22,0,22,第一金-員林,2023-12-14,5381
2387,精元,23,2,21,第一金-員林,2023-12-14,5381
3324,雙鴻,21,0,21,第一金-員林,2023-12-14,5381
00633L,富邦上証正2,20,0,20,第一金-員林,2023-12-14,5381
3213,茂訊,20,0,20,第一金-員林,2023-12-14,5381
1316,上曜,19,0,19,第一金-員林,2023-12-14,5381
00878,國泰永續高股息,54,36,18,第一金-員林,2023-12-14,5381
5388,中磊,23,5,18,第一金-員林,2023-12-14,5381
3623,富晶通,17,0,17,第一金-員林,2023-12-14,5381
2888,新光金,20,4,16,第一金-員林,2023-12-14,5381
3622,洋華,13,0,13,第一金-員林,2023-12-14,5381
3363,上詮,12,0,12,第一金-員林,2023-12-14,5381
00931B,統一美債20年,14,3,11,第一金-員林,2023-12-14,5381
2332,友訊,13,2,11,第一金-員林,2023-12-14,5381
3694,海華,12,1,11,第一金-員林,2023-12-14,5381
9103,美德醫療-DR,11,0,11,第一金-員林,2023-12-14,5381
3231,緯創,24,13,11,第一金-員林,2023-12-14,5381
2103,台橡,10,0,10,第一金-員林,2023-12-14,5381
3019,亞光,23,13,10,第一金-員林,2023-12-14,5381
4755,三福化,10,0,10,第一金-員林,2023-12-14,5381
3041,揚智,30,21,9,第一金-員林,2023-12-14,5381
2440,太空梭,8,0,8,第一金-員林,2023-12-14,5381
2603,長榮,12,4,8,第一金-員林,2023-12-14,5381
5210,寶碩,8,0,8,第一金-員林,2023-12-14,5381
6191,精成科,8,0,8,第一金-員林,2023-12-14,5381
00936,台新永續高息中小,7,0,7,第一金-員林,2023-12-14,5381
00885,富邦越南,12,5,7,第一金-員林,2023-12-14,5381
00919,群益台灣精選高息,593,61,532,第一金-員林,2023-12-15,5381
00885,富邦越南,128,20,108,第一金-員林,2023-12-15,5381
00637L,元大滬深300正2,84,0,84,第一金-員林,2023-12-15,5381
00687B,國泰20年美債,71,0,71,第一金-員林,2023-12-15,5381
6127,九豪,81,16,65,第一金-員林,2023-12-15,5381
00712,復華富時不動產,125,63,62,第一金-員林,2023-12-15,5381
00929,復華台灣科技優息,92,33,59,第一金-員林,2023-12-15,5381
00688L,國泰20年美債正2,61,7,54,第一金-員林,2023-12-15,5381
2363,矽統,91,50,41,第一金-員林,2023-12-15,5381
00679B,元大美債20年,31,0,31,第一金-員林,2023-12-15,5381
00725B,國泰投資級公司債,30,0,30,第一金-員林,2023-12-15,5381
2443,昶虹,30,0,30,第一金-員林,2023-12-15,5381
6531,愛普*,33,3,30,第一金-員林,2023-12-15,5381
8354,冠好,36,6,30,第一金-員林,2023-12-15,5381
2356,英業達,187,158,29,第一金-員林,2023-12-15,5381
2409,友達,28,0,28,第一金-員林,2023-12-15,5381
00931B,統一美債20年,56,31,25,第一金-員林,2023-12-15,5381
00936,台新永續高息中小,25,0,25,第一金-員林,2023-12-15,5381
2913,農林,29,4,25,第一金-員林,2023-12-15,5381
2515,中工,72,47,25,第一金-員林,2023-12-15,5381
00850,元大臺灣ESG永續,22,1,21,第一金-員林,2023-12-15,5381
0056,元大高股息,34,14,20,第一金-員林,2023-12-15,5381
00720B,元大投資級公司債,29,10,19,第一金-員林,2023-12-15,5381
1503,士電,24,5,19,第一金-員林,2023-12-15,5381
2615,萬海,20,2,18,第一金-員林,2023-12-15,5381
2520,冠德,17,0,17,第一金-員林,2023-12-15,5381
00918,大華優利高填息30,16,0,16,第一金-員林,2023-12-15,5381
00933B,國泰10Y+金融債,16,0,16,第一金-員林,2023-12-15,5381
3481,群創,58,43,15,第一金-員林,2023-12-15,5381
2206,三陽工業,13,0,13,第一金-員林,2023-12-15,5381
5014,建錩,13,0,13,第一金-員林,2023-12-15,5381
1316,上曜,12,0,12,第一金-員林,2023-12-15,5381
2328,廣宇,12,0,12,第一金-員林,2023-12-15,5381
3324,雙鴻,11,0,11,第一金-員林,2023-12-15,5381
00882,中信中國高股息,15,5,10,第一金-員林,2023-12-15,5381
00633L,富邦上証正2,10,0,10,第一金-員林,2023-12-15,5381
00632R,元大台灣50反1,10,0,10,第一金-員林,2023-12-15,5381
2034,允強,10,0,10,第一金-員林,2023-12-15,5381
3715,定穎投控,13,3,10,第一金-員林,2023-12-15,5381
4414,如興,10,0,10,第一金-員林,2023-12-15,5381
5521,工信,23,13,10,第一金-員林,2023-12-15,5381
3530,晶相光,9,0,9,第一金-員林,2023-12-15,5381
9103,美德醫療-DR,9,0,9,第一金-員林,2023-12-15,5381
6257,矽格,12,3,9,第一金-員林,2023-12-15,5381
1795,美時,11,2,9,第一金-員林,2023-12-15,5381
2329,華泰,12,4,8,第一金-員林,2023-12-15,5381
2388,威盛,11,3,8,第一金-員林,2023-12-15,5381
00751B,元大AAA至A公司債,13,5,8,第一金-員林,2023-12-15,5381
3587,閎康,8,0,8,第一金-員林,2023-12-15,5381
00934,中信成長高股息,10,2,8,第一金-員林,2023-12-15,5381
00664R,國泰臺灣加權反1,800,0,800,第一金-員林,2023-12-18,5381
00929,復華台灣科技優息,88,20,68,第一金-員林,2023-12-18,5381
00687B,國泰20年美債,67,2,65,第一金-員林,2023-12-18,5381
00919,群益台灣精選高息,66,6,60,第一金-員林,2023-12-18,5381
2882,國泰金,53,0,53,第一金-員林,2023-12-18,5381
2337,旺宏,46,0,46,第一金-員林,2023-12-18,5381
1319,東陽,69,31,38,第一金-員林,2023-12-18,5381
5210,寶碩,33,0,33,第一金-員林,2023-12-18,5381
00937B,群益ESG投等債20,39,8,31,第一金-員林,2023-12-18,5381
2605,新興,50,22,28,第一金-員林,2023-12-18,5381
2801,彰銀,32,6,26,第一金-員林,2023-12-18,5381
2356,英業達,33,8,25,第一金-員林,2023-12-18,5381
2313,華通,42,19,23,第一金-員林,2023-12-18,5381
00850,元大臺灣ESG永續,22,0,22,第一金-員林,2023-12-18,5381
2409,友達,20,2,18,第一金-員林,2023-12-18,5381
2002,中鋼,34,16,18,第一金-員林,2023-12-18,5381
00720B,元大投資級公司債,20,3,17,第一金-員林,2023-12-18,5381
2888,新光金,17,0,17,第一金-員林,2023-12-18,5381
3019,亞光,17,0,17,第一金-員林,2023-12-18,5381
00688L,國泰20年美債正2,16,0,16,第一金-員林,2023-12-18,5381
2355,敬鵬,21,5,16,第一金-員林,2023-12-18,5381
2515,中工,26,10,16,第一金-員林,2023-12-18,5381
2211,長榮鋼,18,3,15,第一金-員林,2023-12-18,5381
9919,康那香,15,0,15,第一金-員林,2023-12-18,5381
2641,正德,15,1,14,第一金-員林,2023-12-18,5381
2887,台新金,13,0,13,第一金-員林,2023-12-18,5381
00715L,期街口布蘭特正2,13,1,12,第一金-員林,2023-12-18,5381
2206,三陽工業,14,2,12,第一金-員林,2023-12-18,5381
2610,華航,14,2,12,第一金-員林,2023-12-18,5381
2913,農林,36,24,12,第一金-員林,2023-12-18,5381
6531,愛普*,13,1,12,第一金-員林,2023-12-18,5381
2462,良得電,11,0,11,第一金-員林,2023-12-18,5381
3706,神達,11,0,11,第一金-員林,2023-12-18,5381
3712,永崴投控,11,0,11,第一金-員林,2023-12-18,5381
6127,九豪,14,3,11,第一金-員林,2023-12-18,5381
6167,久正,11,0,11,第一金-員林,2023-12-18,5381
00927,群益半導體收益,10,0,10,第一金-員林,2023-12-18,5381
4958,臻鼎-KY,10,0,10,第一金-員林,2023-12-18,5381
5371,中光電,10,0,10,第一金-員林,2023-12-18,5381
2031,新光鋼,24,15,9,第一金-員林,2023-12-18,5381
3013,晟銘電,10,1,9,第一金-員林,2023-12-18,5381
2834,臺企銀,8,0,8,第一金-員林,2023-12-18,5381
3481,群創,8,1,7,第一金-員林,2023-12-18,5381
00931B,統一美債20年,11,4,7,第一金-員林,2023-12-18,5381
2332,友訊,15,8,7,第一金-員林,2023-12-18,5381
2547,日勝生,7,0,7,第一金-員林,2023-12-18,5381
6558,興能高,7,0,7,第一金-員林,2023-12-18,5381
2363,矽統,14,8,6,第一金-員林,2023-12-18,5381
2329,華泰,6,0,6,第一金-員林,2023-12-18,5381
2498,宏達電,6,0,6,第一金-員林,2023-12-18,5381
00919,群益台灣精選高息,107,37,70,第一金-員林,2023-12-19,5381
00929,復華台灣科技優息,142,74,68,第一金-員林,2023-12-19,5381
2641,正德,46,0,46,第一金-員林,2023-12-19,5381
2618,長榮航,47,8,39,第一金-員林,2023-12-19,5381
2609,陽明,124,85,39,第一金-員林,2023-12-19,5381
0056,元大高股息,57,20,37,第一金-員林,2023-12-19,5381
3047,訊舟,40,4,36,第一金-員林,2023-12-19,5381
8422,可寧衛,35,0,35,第一金-員林,2023-12-19,5381
2002,中鋼,33,1,32,第一金-員林,2023-12-19,5381
2409,友達,32,1,31,第一金-員林,2023-12-19,5381
1815,富喬,30,0,30,第一金-員林,2023-12-19,5381
2313,華通,31,2,29,第一金-員林,2023-12-19,5381
9105,泰金寶-DR,54,25,29,第一金-員林,2023-12-19,5381
2402,毅嘉,26,0,26,第一金-員林,2023-12-19,5381
2356,英業達,40,15,25,第一金-員林,2023-12-19,5381
1513,中興電,24,0,24,第一金-員林,2023-12-19,5381
00687B,國泰20年美債,24,0,24,第一金-員林,2023-12-19,5381
2610,華航,21,0,21,第一金-員林,2023-12-19,5381
2367,燿華,20,0,20,第一金-員林,2023-12-19,5381
2888,新光金,20,0,20,第一金-員林,2023-12-19,5381
2915,潤泰全,20,0,20,第一金-員林,2023-12-19,5381
1905,華紙,30,13,17,第一金-員林,2023-12-19,5381
00882,中信中國高股息,16,0,16,第一金-員林,2023-12-19,5381
2425,承啟,16,0,16,第一金-員林,2023-12-19,5381
2882,國泰金,15,0,15,第一金-員林,2023-12-19,5381
2374,佳能,15,0,15,第一金-員林,2023-12-19,5381
00712,復華富時不動產,17,2,15,第一金-員林,2023-12-19,5381
4714,永捷,14,0,14,第一金-員林,2023-12-19,5381
2344,華邦電,15,2,13,第一金-員林,2023-12-19,5381
6127,九豪,13,0,13,第一金-員林,2023-12-19,5381
00680L,元大美債20正2,15,3,12,第一金-員林,2023-12-19,5381
2030,彰源,12,0,12,第一金-員林,2023-12-19,5381
3711,日月光投控,18,6,12,第一金-員林,2023-12-19,5381
00937B,群益ESG投等債20,23,11,12,第一金-員林,2023-12-19,5381
00688L,國泰20年美債正2,11,0,11,第一金-員林,2023-12-19,5381
2867,三商壽,11,0,11,第一金-員林,2023-12-19,5381
4167,松瑞藥,43,32,11,第一金-員林,2023-12-19,5381
2352,佳世達,10,0,10,第一金-員林,2023-12-19,5381
00772B,中信高評級公司債,10,0,10,第一金-員林,2023-12-19,5381
00673R,期元大S＆P原油反1,10,0,10,第一金-員林,2023-12-19,5381
00655L,國泰中國A50正2,10,0,10,第一金-員林,2023-12-19,5381
00706L,期元大S＆P日圓正2,10,0,10,第一金-員林,2023-12-19,5381
1702,南僑,10,0,10,第一金-員林,2023-12-19,5381
5519,隆大,10,0,10,第一金-員林,2023-12-19,5381
2801,彰銀,10,0,10,第一金-員林,2023-12-19,5381
2812,台中銀,11,2,9,第一金-員林,2023-12-19,5381
1701,中化,12,3,9,第一金-員林,2023-12-19,5381
2606,裕民,11,2,9,第一金-員林,2023-12-19,5381
5521,工信,75,66,9,第一金-員林,2023-12-19,5381
5347,世界,8,0,8,第一金-員林,2023-12-19,5381
2353,宏��,337,72,265,第一金-員林,2023-12-20,5381
00632R,元大台灣50反1,150,0,150,第一金-員林,2023-12-20,5381
00919,群益台灣精選高息,101,1,100,第一金-員林,2023-12-20,5381
9945,潤泰新,70,5,65,第一金-員林,2023-12-20,5381
00936,台新永續高息中小,54,0,54,第一金-員林,2023-12-20,5381
2888,新光金,50,0,50,第一金-員林,2023-12-20,5381
00688L,國泰20年美債正2,50,1,49,第一金-員林,2023-12-20,5381
00637L,元大滬深300正2,45,0,45,第一金-員林,2023-12-20,5381
2402,毅嘉,36,0,36,第一金-員林,2023-12-20,5381
2641,正德,34,0,34,第一金-員林,2023-12-20,5381
6548,長科*,34,0,34,第一金-員林,2023-12-20,5381
5880,合庫金,33,0,33,第一金-員林,2023-12-20,5381
00937B,群益ESG投等債20,31,0,31,第一金-員林,2023-12-20,5381
3011,今皓,30,0,30,第一金-員林,2023-12-20,5381
2313,華通,29,2,27,第一金-員林,2023-12-20,5381
2882,國泰金,26,0,26,第一金-員林,2023-12-20,5381
6222,上揚,20,0,20,第一金-員林,2023-12-20,5381
00679B,元大美債20年,19,0,19,第一金-員林,2023-12-20,5381
3711,日月光投控,37,20,17,第一金-員林,2023-12-20,5381
8076,伍豐,16,0,16,第一金-員林,2023-12-20,5381
2886,兆豐金,15,0,15,第一金-員林,2023-12-20,5381
8422,可寧衛,15,0,15,第一金-員林,2023-12-20,5381
5410,國眾,14,0,14,第一金-員林,2023-12-20,5381
8068,全達,14,1,13,第一金-員林,2023-12-20,5381
3706,神達,19,6,13,第一金-員林,2023-12-20,5381
00891,中信關鍵半導體,12,0,12,第一金-員林,2023-12-20,5381
2367,燿華,12,0,12,第一金-員林,2023-12-20,5381
2534,宏盛,12,0,12,第一金-員林,2023-12-20,5381
2618,長榮航,12,0,12,第一金-員林,2023-12-20,5381
5388,中磊,15,4,11,第一金-員林,2023-12-20,5381
00934,中信成長高股息,11,0,11,第一金-員林,2023-12-20,5381
00690,兆豐藍籌30,10,0,10,第一金-員林,2023-12-20,5381
1789,神隆,10,0,10,第一金-員林,2023-12-20,5381
2332,友訊,10,0,10,第一金-員林,2023-12-20,5381
4745,合富-KY,10,0,10,第一金-員林,2023-12-20,5381
5009,榮剛,10,0,10,第一金-員林,2023-12-20,5381
8403,盛弘,10,0,10,第一金-員林,2023-12-20,5381
2891,中信金,9,0,9,第一金-員林,2023-12-20,5381
1319,東陽,12,3,9,第一金-員林,2023-12-20,5381
1616,億泰,9,0,9,第一金-員林,2023-12-20,5381
6138,茂達,16,7,9,第一金-員林,2023-12-20,5381
00720B,元大投資級公司債,8,0,8,第一金-員林,2023-12-20,5381
3051,力特,8,0,8,第一金-員林,2023-12-20,5381
3268,海德威,8,0,8,第一金-員林,2023-12-20,5381
2002,中鋼,12,5,7,第一金-員林,2023-12-20,5381
3548,兆利,25,18,7,第一金-員林,2023-12-20,5381
6122,擎邦,7,0,7,第一金-員林,2023-12-20,5381
3532,台勝科,15,8,7,第一金-員林,2023-12-20,5381
1905,華紙,17,11,6,第一金-員林,2023-12-20,5381
00933B,國泰10Y+金融債,6,0,6,第一金-員林,2023-12-20,5381
9105,泰金寶-DR,345,152,193,第一金-員林,2023-12-21,5381
2365,昆盈,101,0,101,第一金-員林,2023-12-21,5381
8011,台通,100,8,92,第一金-員林,2023-12-21,5381
2312,金寶,52,0,52,第一金-員林,2023-12-21,5381
5521,工信,93,46,47,第一金-員林,2023-12-21,5381
00688L,國泰20年美債正2,50,4,46,第一金-員林,2023-12-21,5381
2324,仁寶,50,23,27,第一金-員林,2023-12-21,5381
1907,永豐餘,25,0,25,第一金-員林,2023-12-21,5381
2313,華通,38,13,25,第一金-員林,2023-12-21,5381
2402,毅嘉,25,0,25,第一金-員林,2023-12-21,5381
6443,元晶,21,0,21,第一金-員林,2023-12-21,5381
2323,中環,20,0,20,第一金-員林,2023-12-21,5381
9945,潤泰新,20,0,20,第一金-員林,2023-12-21,5381
5880,合庫金,20,0,20,第一金-員林,2023-12-21,5381
00680L,元大美債20正2,20,2,18,第一金-員林,2023-12-21,5381
2634,漢翔,22,4,18,第一金-員林,2023-12-21,5381
1591,駿吉-KY,17,0,17,第一金-員林,2023-12-21,5381
2353,宏��,43,29,14,第一金-員林,2023-12-21,5381
00937B,群益ESG投等債20,22,9,13,第一金-員林,2023-12-21,5381
2615,萬海,36,23,13,第一金-員林,2023-12-21,5381
5519,隆大,12,0,12,第一金-員林,2023-12-21,5381
9921,巨大,10,0,10,第一金-員林,2023-12-21,5381
2534,宏盛,10,0,10,第一金-員林,2023-12-21,5381
2915,潤泰全,10,0,10,第一金-員林,2023-12-21,5381
3105,穩懋,9,0,9,第一金-員林,2023-12-21,5381
4142,國光生,9,0,9,第一金-員林,2023-12-21,5381
3035,智原,10,2,8,第一金-員林,2023-12-21,5381
1616,億泰,8,0,8,第一金-員林,2023-12-21,5381
2882,國泰金,8,0,8,第一金-員林,2023-12-21,5381
2888,新光金,11,3,8,第一金-員林,2023-12-21,5381
6138,茂達,14,6,8,第一金-員林,2023-12-21,5381
6143,振曜,8,0,8,第一金-員林,2023-12-21,5381
2886,兆豐金,8,0,8,第一金-員林,2023-12-21,5381
1503,士電,7,0,7,第一金-員林,2023-12-21,5381
1504,東元,7,0,7,第一金-員林,2023-12-21,5381
1524,耿鼎,7,0,7,第一金-員林,2023-12-21,5381
1722,台肥,7,0,7,第一金-員林,2023-12-21,5381
6111,大宇資,7,0,7,第一金-員林,2023-12-21,5381
2611,志信,7,0,7,第一金-員林,2023-12-21,5381
2892,第一金,6,0,6,第一金-員林,2023-12-21,5381
2881,富邦金,6,0,6,第一金-員林,2023-12-21,5381
2542,興富發,6,0,6,第一金-員林,2023-12-21,5381
00934,中信成長高股息,6,0,6,第一金-員林,2023-12-21,5381
1582,信錦,6,0,6,第一金-員林,2023-12-21,5381
5011,久陽,6,0,6,第一金-員林,2023-12-21,5381
2603,長榮,23,18,5,第一金-員林,2023-12-21,5381
00900,富邦特選高股息30,5,0,5,第一金-員林,2023-12-21,5381
00888,永豐台灣ESG,5,0,5,第一金-員林,2023-12-21,5381
1316,上曜,5,0,5,第一金-員林,2023-12-21,5381
1904,正隆,5,0,5,第一金-員林,2023-12-21,5381
9945,潤泰新,137,1,136,第一金-員林,2023-12-22,5381
1584,精剛,101,0,101,第一金-員林,2023-12-22,5381
2891,中信金,101,3,98,第一金-員林,2023-12-22,5381
9105,泰金寶-DR,243,150,93,第一金-員林,2023-12-22,5381
00688L,國泰20年美債正2,91,0,91,第一金-員林,2023-12-22,5381
5225,東科-KY,50,0,50,第一金-員林,2023-12-22,5381
9910,豐泰,46,1,45,第一金-員林,2023-12-22,5381
8054,安國,44,11,33,第一金-員林,2023-12-22,5381
00929,復華台灣科技優息,37,6,31,第一金-員林,2023-12-22,5381
00937B,群益ESG投等債20,27,0,27,第一金-員林,2023-12-22,5381
2313,華通,50,24,26,第一金-員林,2023-12-22,5381
5880,合庫金,26,0,26,第一金-員林,2023-12-22,5381
00933B,國泰10Y+金融債,25,0,25,第一金-員林,2023-12-22,5381
0056,元大高股息,23,0,23,第一金-員林,2023-12-22,5381
00712,復華富時不動產,22,0,22,第一金-員林,2023-12-22,5381
2337,旺宏,30,8,22,第一金-員林,2023-12-22,5381
3060,銘異,22,0,22,第一金-員林,2023-12-22,5381
6163,華電網,21,0,21,第一金-員林,2023-12-22,5381
1503,士電,20,0,20,第一金-員林,2023-12-22,5381
2105,正新,23,3,20,第一金-員林,2023-12-22,5381
6233,旺玖,20,0,20,第一金-員林,2023-12-22,5381
2376,技嘉,23,5,18,第一金-員林,2023-12-22,5381
1218,泰山,18,0,18,第一金-員林,2023-12-22,5381
2356,英業達,37,20,17,第一金-員林,2023-12-22,5381
2408,南亞科,36,19,17,第一金-員林,2023-12-22,5381
2363,矽統,21,7,14,第一金-員林,2023-12-22,5381
2812,台中銀,13,0,13,第一金-員林,2023-12-22,5381
2892,第一金,13,0,13,第一金-員林,2023-12-22,5381
2641,正德,26,13,13,第一金-員林,2023-12-22,5381
2201,裕隆,15,3,12,第一金-員林,2023-12-22,5381
3231,緯創,21,9,12,第一金-員林,2023-12-22,5381
6125,廣運,11,0,11,第一金-員林,2023-12-22,5381
1608,華榮,10,0,10,第一金-員林,2023-12-22,5381
2617,台航,10,0,10,第一金-員林,2023-12-22,5381
6129,普誠,10,0,10,第一金-員林,2023-12-22,5381
6243,迅杰,25,15,10,第一金-員林,2023-12-22,5381
8112,至上,10,0,10,第一金-員林,2023-12-22,5381
3693,營邦,10,0,10,第一金-員林,2023-12-22,5381
3540,曜越,10,1,9,第一金-員林,2023-12-22,5381
2913,農林,10,2,8,第一金-員林,2023-12-22,5381
00900,富邦特選高股息30,14,6,8,第一金-員林,2023-12-22,5381
3041,揚智,9,1,8,第一金-員林,2023-12-22,5381
4973,廣穎,15,7,8,第一金-員林,2023-12-22,5381
3209,全科,7,0,7,第一金-員林,2023-12-22,5381
6153,嘉聯益,7,0,7,第一金-員林,2023-12-22,5381
2801,彰銀,6,0,6,第一金-員林,2023-12-22,5381
1305,華夏,6,0,6,第一金-員林,2023-12-22,5381
1605,華新,6,0,6,第一金-員林,2023-12-22,5381
2323,中環,6,0,6,第一金-員林,2023-12-22,5381
2338,光罩,6,0,6,第一金-員林,2023-12-22,5381
00680L,元大美債20正2,98,0,98,第一金-員林,2023-12-25,5381
00919,群益台灣精選高息,91,0,91,第一金-員林,2023-12-25,5381
00752,中信中國50,82,0,82,第一金-員林,2023-12-25,5381
3481,群創,82,19,63,第一金-員林,2023-12-25,5381
2324,仁寶,151,92,59,第一金-員林,2023-12-25,5381
00679B,元大美債20年,51,0,51,第一金-員林,2023-12-25,5381
5225,東科-KY,50,0,50,第一金-員林,2023-12-25,5381
2641,正德,52,4,48,第一金-員林,2023-12-25,5381
1312,國喬,44,4,40,第一金-員林,2023-12-25,5381
1503,士電,36,0,36,第一金-員林,2023-12-25,5381
6116,彩晶,30,0,30,第一金-員林,2023-12-25,5381
2609,陽明,92,62,30,第一金-員林,2023-12-25,5381
2606,裕民,31,7,24,第一金-員林,2023-12-25,5381
9105,泰金寶-DR,134,110,24,第一金-員林,2023-12-25,5381
00891,中信關鍵半導體,23,0,23,第一金-員林,2023-12-25,5381
5210,寶碩,23,0,23,第一金-員林,2023-12-25,5381
2331,精英,24,3,21,第一金-員林,2023-12-25,5381
2426,鼎元,20,0,20,第一金-員林,2023-12-25,5381
6127,九豪,20,0,20,第一金-員林,2023-12-25,5381
9910,豐泰,19,0,19,第一金-員林,2023-12-25,5381
2313,華通,33,16,17,第一金-員林,2023-12-25,5381
6117,迎廣,27,11,16,第一金-員林,2023-12-25,5381
2617,台航,15,0,15,第一金-員林,2023-12-25,5381
9958,世紀鋼,15,0,15,第一金-員林,2023-12-25,5381
2069,運錩,14,0,14,第一金-員林,2023-12-25,5381
00772B,中信高評級公司債,13,0,13,第一金-員林,2023-12-25,5381
2506,太設,15,2,13,第一金-員林,2023-12-25,5381
3645,達邁,13,0,13,第一金-員林,2023-12-25,5381
1524,耿鼎,14,2,12,第一金-員林,2023-12-25,5381
2618,長榮航,21,10,11,第一金-員林,2023-12-25,5381
6134,萬旭,11,0,11,第一金-員林,2023-12-25,5381
1701,中化,10,0,10,第一金-員林,2023-12-25,5381
2014,中鴻,11,1,10,第一金-員林,2023-12-25,5381
2374,佳能,10,0,10,第一金-員林,2023-12-25,5381
2883,凱基金,15,5,10,第一金-員林,2023-12-25,5381
3707,漢磊,10,0,10,第一金-員林,2023-12-25,5381
6120,達運,10,0,10,第一金-員林,2023-12-25,5381
8210,勤誠,10,0,10,第一金-員林,2023-12-25,5381
00929,復華台灣科技優息,17,8,9,第一金-員林,2023-12-25,5381
1314,中石化,9,0,9,第一金-員林,2023-12-25,5381
2637,慧洋-KY,8,0,8,第一金-員林,2023-12-25,5381
4714,永捷,10,2,8,第一金-員林,2023-12-25,5381
5519,隆大,8,0,8,第一金-員林,2023-12-25,5381
9904,寶成,8,0,8,第一金-員林,2023-12-25,5381
00937B,群益ESG投等債20,18,10,8,第一金-員林,2023-12-25,5381
2603,長榮,23,17,6,第一金-員林,2023-12-25,5381
5009,榮剛,7,1,6,第一金-員林,2023-12-25,5381
2363,矽統,8,2,6,第一金-員林,2023-12-25,5381
00853B,統一美債10年Aa-,6,0,6,第一金-員林,2023-12-25,5381
2367,燿華,6,0,6,第一金-員林,2023-12-25,5381
00632R,元大台灣50反1,175,0,175,第一金-員林,2023-12-26,5381
2610,華航,100,13,87,第一金-員林,2023-12-26,5381
00679B,元大美債20年,80,1,79,第一金-員林,2023-12-26,5381
00688L,國泰20年美債正2,55,0,55,第一金-員林,2023-12-26,5381
2356,英業達,72,37,35,第一金-員林,2023-12-26,5381
2618,長榮航,51,20,31,第一金-員林,2023-12-26,5381
8088,品安,29,4,25,第一金-員林,2023-12-26,5381
2331,精英,30,6,24,第一金-員林,2023-12-26,5381
6233,旺玖,37,15,22,第一金-員林,2023-12-26,5381
00720B,元大投資級公司債,20,0,20,第一金-員林,2023-12-26,5381
3017,奇鋐,20,1,19,第一金-員林,2023-12-26,5381
00934,中信成長高股息,18,0,18,第一金-員林,2023-12-26,5381
2489,瑞軒,18,0,18,第一金-員林,2023-12-26,5381
9105,泰金寶-DR,216,200,16,第一金-員林,2023-12-26,5381
2524,京城,15,0,15,第一金-員林,2023-12-26,5381
00937B,群益ESG投等債20,15,2,13,第一金-員林,2023-12-26,5381
00680L,元大美債20正2,12,0,12,第一金-員林,2023-12-26,5381
6143,振曜,11,0,11,第一金-員林,2023-12-26,5381
2641,正德,26,15,11,第一金-員林,2023-12-26,5381
00687B,國泰20年美債,10,0,10,第一金-員林,2023-12-26,5381
1503,士電,31,21,10,第一金-員林,2023-12-26,5381
2204,中華,10,0,10,第一金-員林,2023-12-26,5381
2208,台船,10,0,10,第一金-員林,2023-12-26,5381
2409,友達,28,19,9,第一金-員林,2023-12-26,5381
2388,威盛,12,3,9,第一金-員林,2023-12-26,5381
00712,復華富時不動產,9,0,9,第一金-員林,2023-12-26,5381
1325,恆大,13,5,8,第一金-員林,2023-12-26,5381
6160,欣技,8,0,8,第一金-員林,2023-12-26,5381
2612,中航,7,0,7,第一金-員林,2023-12-26,5381
4968,立積,7,1,6,第一金-員林,2023-12-26,5381
1513,中興電,7,1,6,第一金-員林,2023-12-26,5381
2329,華泰,6,0,6,第一金-員林,2023-12-26,5381
2607,榮運,6,0,6,第一金-員林,2023-12-26,5381
2890,永豐金,6,0,6,第一金-員林,2023-12-26,5381
8110,華東,22,16,6,第一金-員林,2023-12-26,5381
2611,志信,5,0,5,第一金-員林,2023-12-26,5381
00633L,富邦上証正2,5,0,5,第一金-員林,2023-12-26,5381
00715L,期街口布蘭特正2,5,0,5,第一金-員林,2023-12-26,5381
00772B,中信高評級公司債,5,0,5,第一金-員林,2023-12-26,5381
00740B,富邦全球投等債,5,0,5,第一金-員林,2023-12-26,5381
00882,中信中國高股息,5,0,5,第一金-員林,2023-12-26,5381
2313,華通,8,3,5,第一金-員林,2023-12-26,5381
2355,敬鵬,7,2,5,第一金-員林,2023-12-26,5381
2915,潤泰全,5,0,5,第一金-員林,2023-12-26,5381
4743,合一,5,0,5,第一金-員林,2023-12-26,5381
6278,台表科,5,0,5,第一金-員林,2023-12-26,5381
00915,凱基優選高股息30,5,0,5,第一金-員林,2023-12-26,5381
3264,欣銓,4,0,4,第一金-員林,2023-12-26,5381
00931B,統一美債20年,5,1,4,第一金-員林,2023-12-26,5381
1218,泰山,5,1,4,第一金-員林,2023-12-26,5381
00632R,元大台灣50反1,200,0,200,第一金-員林,2023-12-27,5381
2027,大成鋼,100,0,100,第一金-員林,2023-12-27,5381
3481,群創,89,14,75,第一金-員林,2023-12-27,5381
00679B,元大美債20年,58,0,58,第一金-員林,2023-12-27,5381
00688L,國泰20年美債正2,55,0,55,第一金-員林,2023-12-27,5381
2409,友達,53,1,52,第一金-員林,2023-12-27,5381
00878,國泰永續高股息,55,18,37,第一金-員林,2023-12-27,5381
00919,群益台灣精選高息,38,1,37,第一金-員林,2023-12-27,5381
00687B,國泰20年美債,34,0,34,第一金-員林,2023-12-27,5381
00929,復華台灣科技優息,36,3,33,第一金-員林,2023-12-27,5381
00937B,群益ESG投等債20,57,25,32,第一金-員林,2023-12-27,5381
9103,美德醫療-DR,32,2,30,第一金-員林,2023-12-27,5381
9105,泰金寶-DR,25,0,25,第一金-員林,2023-12-27,5381
00923,群益台ESG低碳50,20,0,20,第一金-員林,2023-12-27,5381
00932,兆豐永續高息等權,20,0,20,第一金-員林,2023-12-27,5381
00650L,復華香港正2,21,1,20,第一金-員林,2023-12-27,5381
1316,上曜,20,0,20,第一金-員林,2023-12-27,5381
2313,華通,55,35,20,第一金-員林,2023-12-27,5381
2801,彰銀,20,0,20,第一金-員林,2023-12-27,5381
00877,復華中國5G,20,1,19,第一金-員林,2023-12-27,5381
8096,擎亞,20,1,19,第一金-員林,2023-12-27,5381
3390,旭軟,19,1,18,第一金-員林,2023-12-27,5381
2421,建準,18,1,17,第一金-員林,2023-12-27,5381
00720B,元大投資級公司債,23,7,16,第一金-員林,2023-12-27,5381
2369,菱生,15,0,15,第一金-員林,2023-12-27,5381
3122,笙泉,16,1,15,第一金-員林,2023-12-27,5381
2867,三商壽,14,0,14,第一金-員林,2023-12-27,5381
2515,中工,25,12,13,第一金-員林,2023-12-27,5381
4960,誠美材,13,0,13,第一金-員林,2023-12-27,5381
9958,世紀鋼,13,1,12,第一金-員林,2023-12-27,5381
1503,士電,12,0,12,第一金-員林,2023-12-27,5381
00931B,統一美債20年,16,5,11,第一金-員林,2023-12-27,5381
2610,華航,12,2,10,第一金-員林,2023-12-27,5381
2352,佳世達,10,0,10,第一金-員林,2023-12-27,5381
2888,新光金,10,0,10,第一金-員林,2023-12-27,5381
3037,欣興,11,1,10,第一金-員林,2023-12-27,5381
6233,旺玖,11,1,10,第一金-員林,2023-12-27,5381
5388,中磊,9,0,9,第一金-員林,2023-12-27,5381
2405,輔信,10,2,8,第一金-員林,2023-12-27,5381
5210,寶碩,8,0,8,第一金-員林,2023-12-27,5381
5871,中租-KY,8,0,8,第一金-員林,2023-12-27,5381
2892,第一金,8,0,8,第一金-員林,2023-12-27,5381
3049,精金,6,0,6,第一金-員林,2023-12-27,5381
6167,久正,8,2,6,第一金-員林,2023-12-27,5381
8112,至上,7,1,6,第一金-員林,2023-12-27,5381
2889,國票金,5,0,5,第一金-員林,2023-12-27,5381
3583,辛耘,5,0,5,第一金-員林,2023-12-27,5381
1337,再生-KY,5,0,5,第一金-員林,2023-12-27,5381
1609,大亞,7,2,5,第一金-員林,2023-12-27,5381
2014,中鴻,8,3,5,第一金-員林,2023-12-27,5381
00919,群益台灣精選高息,111,0,111,第一金-員林,2023-12-28,5381
00937B,群益ESG投等債20,104,2,102,第一金-員林,2023-12-28,5381
00929,復華台灣科技優息,91,18,73,第一金-員林,2023-12-28,5381
2492,華新科,67,2,65,第一金-員林,2023-12-28,5381
1568,倉佑,66,2,64,第一金-員林,2023-12-28,5381
00632R,元大台灣50反1,50,0,50,第一金-員林,2023-12-28,5381
1524,耿鼎,31,0,31,第一金-員林,2023-12-28,5381
2812,台中銀,28,0,28,第一金-員林,2023-12-28,5381
00679B,元大美債20年,28,2,26,第一金-員林,2023-12-28,5381
00772B,中信高評級公司債,26,0,26,第一金-員林,2023-12-28,5381
9105,泰金寶-DR,39,20,19,第一金-員林,2023-12-28,5381
1308,亞聚,17,0,17,第一金-員林,2023-12-28,5381
3231,緯創,22,6,16,第一金-員林,2023-12-28,5381
00725B,國泰投資級公司債,14,0,14,第一金-員林,2023-12-28,5381
1616,億泰,16,3,13,第一金-員林,2023-12-28,5381
2884,玉山金,20,7,13,第一金-員林,2023-12-28,5381
2324,仁寶,109,98,11,第一金-員林,2023-12-28,5381
00905,FT臺灣Smart,10,0,10,第一金-員林,2023-12-28,5381
1618,合機,16,6,10,第一金-員林,2023-12-28,5381
3209,全科,10,0,10,第一金-員林,2023-12-28,5381
5225,東科-KY,10,0,10,第一金-員林,2023-12-28,5381
5521,工信,10,0,10,第一金-員林,2023-12-28,5381
3450,聯鈞,12,2,10,第一金-員林,2023-12-28,5381
3693,營邦,10,0,10,第一金-員林,2023-12-28,5381
2353,宏��,50,41,9,第一金-員林,2023-12-28,5381
00891,中信關鍵半導體,9,0,9,第一金-員林,2023-12-28,5381
2344,華邦電,32,23,9,第一金-員林,2023-12-28,5381
2355,敬鵬,30,21,9,第一金-員林,2023-12-28,5381
2374,佳能,10,1,9,第一金-員林,2023-12-28,5381
6179,亞通,13,4,9,第一金-員林,2023-12-28,5381
4979,華星光,8,0,8,第一金-員林,2023-12-28,5381
1591,駿吉-KY,10,2,8,第一金-員林,2023-12-28,5381
6125,廣運,10,2,8,第一金-員林,2023-12-28,5381
8024,佑華,8,0,8,第一金-員林,2023-12-28,5381
2421,建準,8,1,7,第一金-員林,2023-12-28,5381
00882,中信中國高股息,10,3,7,第一金-員林,2023-12-28,5381
00933B,國泰10Y+金融債,7,0,7,第一金-員林,2023-12-28,5381
1605,華新,13,6,7,第一金-員林,2023-12-28,5381
00923,群益台ESG低碳50,7,0,7,第一金-員林,2023-12-28,5381
0056,元大高股息,13,6,7,第一金-員林,2023-12-28,5381
1522,堤維西,6,0,6,第一金-員林,2023-12-28,5381
2331,精英,7,1,6,第一金-員林,2023-12-28,5381
2332,友訊,6,0,6,第一金-員林,2023-12-28,5381
2618,長榮航,14,8,6,第一金-員林,2023-12-28,5381
5519,隆大,6,0,6,第一金-員林,2023-12-28,5381
3706,神達,24,19,5,第一金-員林,2023-12-28,5381
2637,慧洋-KY,5,0,5,第一金-員林,2023-12-28,5381
5347,世界,5,0,5,第一金-員林,2023-12-28,5381
00720B,元大投資級公司債,5,0,5,第一金-員林,2023-12-28,5381
2405,輔信,12,7,5,第一金-員林,2023-12-28,5381
00937B,群益ESG投等債20,248,17,231,第一金-員林,2023-12-29,5381
3006,晶豪科,79,11,68,第一金-員林,2023-12-29,5381
00712,復華富時不動產,54,2,52,第一金-員林,2023-12-29,5381
3481,群創,50,2,48,第一金-員林,2023-12-29,5381
2641,正德,51,3,48,第一金-員林,2023-12-29,5381
00891,中信關鍵半導體,53,10,43,第一金-員林,2023-12-29,5381
00929,復華台灣科技優息,43,5,38,第一金-員林,2023-12-29,5381
5521,工信,48,11,37,第一金-員林,2023-12-29,5381
00919,群益台灣精選高息,36,0,36,第一金-員林,2023-12-29,5381
00687B,國泰20年美債,35,0,35,第一金-員林,2023-12-29,5381
6120,達運,35,0,35,第一金-員林,2023-12-29,5381
2610,華航,36,2,34,第一金-員林,2023-12-29,5381
5880,合庫金,30,1,29,第一金-員林,2023-12-29,5381
00679B,元大美債20年,29,0,29,第一金-員林,2023-12-29,5381
1513,中興電,34,7,27,第一金-員林,2023-12-29,5381
00751B,元大AAA至A公司債,22,1,21,第一金-員林,2023-12-29,5381
2880,華南金,20,0,20,第一金-員林,2023-12-29,5381
2515,中工,35,17,18,第一金-員林,2023-12-29,5381
3037,欣興,16,1,15,第一金-員林,2023-12-29,5381
2425,承啟,12,0,12,第一金-員林,2023-12-29,5381
6113,亞矽,30,18,12,第一金-員林,2023-12-29,5381
6116,彩晶,11,0,11,第一金-員林,2023-12-29,5381
1325,恆大,10,0,10,第一金-員林,2023-12-29,5381
00905,FT臺灣Smart,10,0,10,第一金-員林,2023-12-29,5381
1503,士電,37,27,10,第一金-員林,2023-12-29,5381
1529,樂事綠能,12,2,10,第一金-員林,2023-12-29,5381
2462,良得電,10,0,10,第一金-員林,2023-12-29,5381
8024,佑華,10,0,10,第一金-員林,2023-12-29,5381
3024,憶聲,11,2,9,第一金-員林,2023-12-29,5381
3548,兆利,9,1,8,第一金-員林,2023-12-29,5381
00931B,統一美債20年,8,0,8,第一金-員林,2023-12-29,5381
00688L,國泰20年美債正2,8,0,8,第一金-員林,2023-12-29,5381
2436,偉詮電,8,0,8,第一金-員林,2023-12-29,5381
3060,銘異,8,0,8,第一金-員林,2023-12-29,5381
1618,合機,7,0,7,第一金-員林,2023-12-29,5381
3714,富采,7,0,7,第一金-員林,2023-12-29,5381
5469,瀚宇博,7,0,7,第一金-員林,2023-12-29,5381
6167,久正,7,0,7,第一金-員林,2023-12-29,5381
0056,元大高股息,10,4,6,第一金-員林,2023-12-29,5381
2006,東和鋼鐵,6,0,6,第一金-員林,2023-12-29,5381
00935,野村臺灣新科技50,6,0,6,第一金-員林,2023-12-29,5381
2208,台船,6,0,6,第一金-員林,2023-12-29,5381
3294,英濟,6,0,6,第一金-員林,2023-12-29,5381
6550,北極星藥業-KY,6,0,6,第一金-員林,2023-12-29,5381
1217,愛之味,5,0,5,第一金-員林,2023-12-29,5381
2633,台灣高鐵,5,0,5,第一金-員林,2023-12-29,5381
2812,台中銀,5,0,5,第一金-員林,2023-12-29,5381
2867,三商壽,5,0,5,第一金-員林,2023-12-29,5381
3041,揚智,6,1,5,第一金-員林,2023-12-29,5381
3260,威剛,11,6,5,第一金-員林,2023-12-29,5381
2409,友達,243,11,232,第一金-員林,2024-01-02,5381
2353,宏��,228,47,181,第一金-員林,2024-01-02,5381
00637L,元大滬深300正2,100,0,100,第一金-員林,2024-01-02,5381
2891,中信金,100,1,99,第一金-員林,2024-01-02,5381
00937B,群益ESG投等債20,96,13,83,第一金-員林,2024-01-02,5381
00650L,復華香港正2,75,0,75,第一金-員林,2024-01-02,5381
00712,復華富時不動產,71,0,71,第一金-員林,2024-01-02,5381
00679B,元大美債20年,67,0,67,第一金-員林,2024-01-02,5381
00687B,國泰20年美債,66,0,66,第一金-員林,2024-01-02,5381
00929,復華台灣科技優息,67,4,63,第一金-員林,2024-01-02,5381
00919,群益台灣精選高息,54,0,54,第一金-員林,2024-01-02,5381
2605,新興,51,7,44,第一金-員林,2024-01-02,5381
00933B,國泰10Y+金融債,48,5,43,第一金-員林,2024-01-02,5381
6116,彩晶,53,10,43,第一金-員林,2024-01-02,5381
3231,緯創,49,8,41,第一金-員林,2024-01-02,5381
00751B,元大AAA至A公司債,31,0,31,第一金-員林,2024-01-02,5381
9103,美德醫療-DR,25,0,25,第一金-員林,2024-01-02,5381
0056,元大高股息,35,11,24,第一金-員林,2024-01-02,5381
00918,大華優利高填息30,23,0,23,第一金-員林,2024-01-02,5381
2376,技嘉,23,1,22,第一金-員林,2024-01-02,5381
2609,陽明,64,42,22,第一金-員林,2024-01-02,5381
2344,華邦電,25,4,21,第一金-員林,2024-01-02,5381
00680L,元大美債20正2,20,0,20,第一金-員林,2024-01-02,5381
2362,藍天,30,10,20,第一金-員林,2024-01-02,5381
2486,一詮,36,16,20,第一金-員林,2024-01-02,5381
2492,華新科,20,0,20,第一金-員林,2024-01-02,5381
5388,中磊,20,1,19,第一金-員林,2024-01-02,5381
3017,奇鋐,20,3,17,第一金-員林,2024-01-02,5381
3006,晶豪科,15,1,14,第一金-員林,2024-01-02,5381
2637,慧洋-KY,20,6,14,第一金-員林,2024-01-02,5381
00715L,期街口布蘭特正2,13,0,13,第一金-員林,2024-01-02,5381
2421,建準,16,3,13,第一金-員林,2024-01-02,5381
1591,駿吉-KY,13,1,12,第一金-員林,2024-01-02,5381
00915,凱基優選高股息30,11,0,11,第一金-員林,2024-01-02,5381
00900,富邦特選高股息30,11,1,10,第一金-員林,2024-01-02,5381
00885,富邦越南,10,0,10,第一金-員林,2024-01-02,5381
00632R,元大台灣50反1,10,0,10,第一金-員林,2024-01-02,5381
2889,國票金,10,0,10,第一金-員林,2024-01-02,5381
3707,漢磊,10,0,10,第一金-員林,2024-01-02,5381
6120,達運,10,0,10,第一金-員林,2024-01-02,5381
6167,久正,10,0,10,第一金-員林,2024-01-02,5381
6431,光麗-KY,10,0,10,第一金-員林,2024-01-02,5381
6616,特昇-KY,10,0,10,第一金-員林,2024-01-02,5381
6213,聯茂,12,2,10,第一金-員林,2024-01-02,5381
1616,億泰,13,4,9,第一金-員林,2024-01-02,5381
2107,厚生,9,0,9,第一金-員林,2024-01-02,5381
00931B,統一美債20年,8,0,8,第一金-員林,2024-01-02,5381
1101,台泥,7,0,7,第一金-員林,2024-01-02,5381
2457,飛宏,9,2,7,第一金-員林,2024-01-02,5381
2890,永豐金,6,0,6,第一金-員林,2024-01-02,5381
00929,復華台灣科技優息,139,22,117,第一金-員林,2024-01-03,5381
00937B,群益ESG投等債20,103,4,99,第一金-員林,2024-01-03,5381
5880,合庫金,70,0,70,第一金-員林,2024-01-03,5381
3481,群創,59,11,48,第一金-員林,2024-01-03,5381
3231,緯創,69,27,42,第一金-員林,2024-01-03,5381
2618,長榮航,52,10,42,第一金-員林,2024-01-03,5381
9910,豐泰,53,12,41,第一金-員林,2024-01-03,5381
0056,元大高股息,81,41,40,第一金-員林,2024-01-03,5381
00882,中信中國高股息,40,0,40,第一金-員林,2024-01-03,5381
2492,華新科,35,2,33,第一金-員林,2024-01-03,5381
1503,士電,30,0,30,第一金-員林,2024-01-03,5381
4714,永捷,30,0,30,第一金-員林,2024-01-03,5381
3017,奇鋐,29,2,27,第一金-員林,2024-01-03,5381
4533,協易機,27,0,27,第一金-員林,2024-01-03,5381
00751B,元大AAA至A公司債,26,0,26,第一金-員林,2024-01-03,5381
2913,農林,23,0,23,第一金-員林,2024-01-03,5381
5210,寶碩,29,6,23,第一金-員林,2024-01-03,5381
2610,華航,23,1,22,第一金-員林,2024-01-03,5381
2303,聯電,32,11,21,第一金-員林,2024-01-03,5381
00688L,國泰20年美債正2,20,0,20,第一金-員林,2024-01-03,5381
2324,仁寶,26,8,18,第一金-員林,2024-01-03,5381
2884,玉山金,21,3,18,第一金-員林,2024-01-03,5381
3711,日月光投控,25,7,18,第一金-員林,2024-01-03,5381
2409,友達,18,2,16,第一金-員林,2024-01-03,5381
00687B,國泰20年美債,21,5,16,第一金-員林,2024-01-03,5381
00715L,期街口布蘭特正2,15,0,15,第一金-員林,2024-01-03,5381
2534,宏盛,15,0,15,第一金-員林,2024-01-03,5381
00935,野村臺灣新科技50,14,0,14,第一金-員林,2024-01-03,5381
5351,鈺創,15,1,14,第一金-員林,2024-01-03,5381
2382,廣達,14,1,13,第一金-員林,2024-01-03,5381
2408,南亞科,13,0,13,第一金-員林,2024-01-03,5381
1301,台塑,13,0,13,第一金-員林,2024-01-03,5381
3522,御嵿,11,0,11,第一金-員林,2024-01-03,5381
00650L,復華香港正2,11,0,11,第一金-員林,2024-01-03,5381
00637L,元大滬深300正2,11,0,11,第一金-員林,2024-01-03,5381
6550,北極星藥業-KY,11,0,11,第一金-員林,2024-01-03,5381
2002,中鋼,13,3,10,第一金-員林,2024-01-03,5381
4128,中天,10,0,10,第一金-員林,2024-01-03,5381
4440,宜新實業,10,0,10,第一金-員林,2024-01-03,5381
5426,振發,12,2,10,第一金-員林,2024-01-03,5381
6116,彩晶,10,0,10,第一金-員林,2024-01-03,5381
9914,美利達,10,0,10,第一金-員林,2024-01-03,5381
1471,首利,9,0,9,第一金-員林,2024-01-03,5381
2331,精英,22,13,9,第一金-員林,2024-01-03,5381
5425,台半,10,2,8,第一金-員林,2024-01-03,5381
6770,力積電,8,0,8,第一金-員林,2024-01-03,5381
3006,晶豪科,9,1,8,第一金-員林,2024-01-03,5381
2882,國泰金,7,0,7,第一金-員林,2024-01-03,5381
00722B,群益投資級電信債,7,0,7,第一金-員林,2024-01-03,5381
2355,敬鵬,7,0,7,第一金-員林,2024-01-03,5381
00937B,群益ESG投等債20,149,7,142,第一金-員林,2024-01-04,5381
00637L,元大滬深300正2,100,0,100,第一金-員林,2024-01-04,5381
2402,毅嘉,100,0,100,第一金-員林,2024-01-04,5381
00929,復華台灣科技優息,69,2,67,第一金-員林,2024-01-04,5381
2454,聯發科,62,1,61,第一金-員林,2024-01-04,5381
00650L,復華香港正2,59,0,59,第一金-員林,2024-01-04,5381
00927,群益半導體收益,55,0,55,第一金-員林,2024-01-04,5381
6116,彩晶,50,7,43,第一金-員林,2024-01-04,5381
2356,英業達,44,8,36,第一金-員林,2024-01-04,5381
00751B,元大AAA至A公司債,35,0,35,第一金-員林,2024-01-04,5381
1316,上曜,35,5,30,第一金-員林,2024-01-04,5381
6462,神盾,32,2,30,第一金-員林,2024-01-04,5381
1503,士電,20,0,20,第一金-員林,2024-01-04,5381
8105,凌巨,30,11,19,第一金-員林,2024-01-04,5381
00687B,國泰20年美債,18,0,18,第一金-員林,2024-01-04,5381
6233,旺玖,18,0,18,第一金-員林,2024-01-04,5381
0056,元大高股息,26,9,17,第一金-員林,2024-01-04,5381
2362,藍天,22,6,16,第一金-員林,2024-01-04,5381
6140,訊達,27,11,16,第一金-員林,2024-01-04,5381
2492,華新科,15,0,15,第一金-員林,2024-01-04,5381
00772B,中信高評級公司債,14,0,14,第一金-員林,2024-01-04,5381
2537,聯上發,14,0,14,第一金-員林,2024-01-04,5381
2376,技嘉,18,6,12,第一金-員林,2024-01-04,5381
2601,益航,12,0,12,第一金-員林,2024-01-04,5381
3450,聯鈞,12,0,12,第一金-員林,2024-01-04,5381
00725B,國泰投資級公司債,11,0,11,第一金-員林,2024-01-04,5381
00722B,群益投資級電信債,12,1,11,第一金-員林,2024-01-04,5381
00770,國泰北美科技,11,0,11,第一金-員林,2024-01-04,5381
2641,正德,39,28,11,第一金-員林,2024-01-04,5381
3419,譁裕,11,0,11,第一金-員林,2024-01-04,5381
8936,國統,15,4,11,第一金-員林,2024-01-04,5381
3481,群創,11,0,11,第一金-員林,2024-01-04,5381
6117,迎廣,16,5,11,第一金-員林,2024-01-04,5381
00753L,中信中國50正2,10,0,10,第一金-員林,2024-01-04,5381
1711,永光,10,0,10,第一金-員林,2024-01-04,5381
1795,美時,10,0,10,第一金-員林,2024-01-04,5381
2323,中環,20,11,9,第一金-員林,2024-01-04,5381
00712,復華富時不動產,14,6,8,第一金-員林,2024-01-04,5381
00902,中信電池及儲能,8,0,8,第一金-員林,2024-01-04,5381
1618,合機,9,1,8,第一金-員林,2024-01-04,5381
2352,佳世達,15,7,8,第一金-員林,2024-01-04,5381
2472,立隆電,8,0,8,第一金-員林,2024-01-04,5381
6282,康舒,8,0,8,第一金-員林,2024-01-04,5381
3037,欣興,7,0,7,第一金-員林,2024-01-04,5381
1524,耿鼎,9,2,7,第一金-員林,2024-01-04,5381
2313,華通,10,3,7,第一金-員林,2024-01-04,5381
2498,宏達電,8,1,7,第一金-員林,2024-01-04,5381
3260,威剛,8,1,7,第一金-員林,2024-01-04,5381
6505,台塑化,7,0,7,第一金-員林,2024-01-04,5381
2330,台積電,8,1,7,第一金-員林,2024-01-04,5381
00929,復華台灣科技優息,171,3,168,第一金-員林,2024-01-05,5381
9103,美德醫療-DR,111,10,101,第一金-員林,2024-01-05,5381
00680L,元大美債20正2,123,26,97,第一金-員林,2024-01-05,5381
00679B,元大美債20年,71,0,71,第一金-員林,2024-01-05,5381
00937B,群益ESG投等債20,72,2,70,第一金-員林,2024-01-05,5381
00919,群益台灣精選高息,68,5,63,第一金-員林,2024-01-05,5381
00687B,國泰20年美債,59,2,57,第一金-員林,2024-01-05,5381
00650L,復華香港正2,50,0,50,第一金-員林,2024-01-05,5381
3002,歐格,50,0,50,第一金-員林,2024-01-05,5381
2883,凱基金,42,0,42,第一金-員林,2024-01-05,5381
00882,中信中國高股息,60,20,40,第一金-員林,2024-01-05,5381
00712,復華富時不動產,38,0,38,第一金-員林,2024-01-05,5381
00881,國泰台灣5G+,35,0,35,第一金-員林,2024-01-05,5381
2610,華航,35,3,32,第一金-員林,2024-01-05,5381
00751B,元大AAA至A公司債,29,0,29,第一金-員林,2024-01-05,5381
2356,英業達,44,16,28,第一金-員林,2024-01-05,5381
2362,藍天,47,20,27,第一金-員林,2024-01-05,5381
00772B,中信高評級公司債,24,0,24,第一金-員林,2024-01-05,5381
1732,毛寶,29,6,23,第一金-員林,2024-01-05,5381
00725B,國泰投資級公司債,22,0,22,第一金-員林,2024-01-05,5381
2353,宏��,41,19,22,第一金-員林,2024-01-05,5381
2038,海光,20,0,20,第一金-員林,2024-01-05,5381
0056,元大高股息,19,0,19,第一金-員林,2024-01-05,5381
5210,寶碩,19,0,19,第一金-員林,2024-01-05,5381
6695,芯鼎,30,12,18,第一金-員林,2024-01-05,5381
00637L,元大滬深300正2,20,3,17,第一金-員林,2024-01-05,5381
3588,通嘉,21,5,16,第一金-員林,2024-01-05,5381
6548,長科*,15,0,15,第一金-員林,2024-01-05,5381
6616,特昇-KY,15,0,15,第一金-員林,2024-01-05,5381
2609,陽明,70,56,14,第一金-員林,2024-01-05,5381
6462,神盾,16,2,14,第一金-員林,2024-01-05,5381
2344,華邦電,14,1,13,第一金-員林,2024-01-05,5381
8046,南電,12,0,12,第一金-員林,2024-01-05,5381
3037,欣興,12,0,12,第一金-員林,2024-01-05,5381
2419,仲琦,11,0,11,第一金-員林,2024-01-05,5381
2412,中華電,10,0,10,第一金-員林,2024-01-05,5381
2492,華新科,10,0,10,第一金-員林,2024-01-05,5381
2886,兆豐金,10,0,10,第一金-員林,2024-01-05,5381
3027,盛達,10,0,10,第一金-員林,2024-01-05,5381
3450,聯鈞,10,0,10,第一金-員林,2024-01-05,5381
3673,TPK-KY,12,2,10,第一金-員林,2024-01-05,5381
4147,中裕,11,1,10,第一金-員林,2024-01-05,5381
4908,前鼎,14,4,10,第一金-員林,2024-01-05,5381
2324,仁寶,9,0,9,第一金-員林,2024-01-05,5381
2313,華通,20,11,9,第一金-員林,2024-01-05,5381
3231,緯創,18,9,9,第一金-員林,2024-01-05,5381
1605,華新,8,0,8,第一金-員林,2024-01-05,5381
3060,銘異,17,9,8,第一金-員林,2024-01-05,5381
9914,美利達,8,0,8,第一金-員林,2024-01-05,5381
00934,中信成長高股息,8,1,7,第一金-員林,2024-01-05,5381
00650L,復華香港正2,224,0,224,第一金-員林,2024-01-08,5381
00637L,元大滬深300正2,151,0,151,第一金-員林,2024-01-08,5381
00929,復華台灣科技優息,115,7,108,第一金-員林,2024-01-08,5381
9103,美德醫療-DR,70,2,68,第一金-員林,2024-01-08,5381
2605,新興,72,6,66,第一金-員林,2024-01-08,5381
1101,台泥,60,4,56,第一金-員林,2024-01-08,5381
00680L,元大美債20正2,55,0,55,第一金-員林,2024-01-08,5381
00688L,國泰20年美債正2,52,0,52,第一金-員林,2024-01-08,5381
00632R,元大台灣50反1,50,0,50,第一金-員林,2024-01-08,5381
00919,群益台灣精選高息,45,4,41,第一金-員林,2024-01-08,5381
00937B,群益ESG投等債20,41,0,41,第一金-員林,2024-01-08,5381
00679B,元大美債20年,32,0,32,第一金-員林,2024-01-08,5381
00881,國泰台灣5G+,28,0,28,第一金-員林,2024-01-08,5381
2492,華新科,28,0,28,第一金-員林,2024-01-08,5381
00927,群益半導體收益,22,0,22,第一金-員林,2024-01-08,5381
00687B,國泰20年美債,27,5,22,第一金-員林,2024-01-08,5381
3017,奇鋐,25,3,22,第一金-員林,2024-01-08,5381
00753L,中信中國50正2,21,0,21,第一金-員林,2024-01-08,5381
2637,慧洋-KY,22,1,21,第一金-員林,2024-01-08,5381
00665L,富邦�琤肭磪囓�2,20,0,20,第一金-員林,2024-01-08,5381
8011,台通,17,0,17,第一金-員林,2024-01-08,5381
00725B,國泰投資級公司債,16,0,16,第一金-員林,2024-01-08,5381
00878,國泰永續高股息,22,6,16,第一金-員林,2024-01-08,5381
00882,中信中國高股息,15,0,15,第一金-員林,2024-01-08,5381
00933B,國泰10Y+金融債,14,0,14,第一金-員林,2024-01-08,5381
1503,士電,15,1,14,第一金-員林,2024-01-08,5381
6117,迎廣,14,0,14,第一金-員林,2024-01-08,5381
3006,晶豪科,14,1,13,第一金-員林,2024-01-08,5381
00751B,元大AAA至A公司債,12,0,12,第一金-員林,2024-01-08,5381
2409,友達,186,174,12,第一金-員林,2024-01-08,5381
2498,宏達電,30,18,12,第一金-員林,2024-01-08,5381
1316,上曜,11,0,11,第一金-員林,2024-01-08,5381
2303,聯電,17,7,10,第一金-員林,2024-01-08,5381
1795,美時,13,3,10,第一金-員林,2024-01-08,5381
2301,光寶科,10,0,10,第一金-員林,2024-01-08,5381
2610,華航,14,4,10,第一金-員林,2024-01-08,5381
2706,第一店,10,0,10,第一金-員林,2024-01-08,5381
2915,潤泰全,10,0,10,第一金-員林,2024-01-08,5381
3027,盛達,10,0,10,第一金-員林,2024-01-08,5381
6462,神盾,16,6,10,第一金-員林,2024-01-08,5381
2317,鴻海,10,0,10,第一金-員林,2024-01-08,5381
3060,銘異,8,0,8,第一金-員林,2024-01-08,5381
00915,凱基優選高股息30,7,0,7,第一金-員林,2024-01-08,5381
2867,三商壽,7,0,7,第一金-員林,2024-01-08,5381
3312,弘憶股,7,0,7,第一金-員林,2024-01-08,5381
3673,TPK-KY,7,0,7,第一金-員林,2024-01-08,5381
2408,南亞科,7,1,6,第一金-員林,2024-01-08,5381
00713,元大台灣高息低波,6,0,6,第一金-員林,2024-01-08,5381
00655L,國泰中國A50正2,6,0,6,第一金-員林,2024-01-08,5381
1815,富喬,6,0,6,第一金-員林,2024-01-08,5381
3481,群創,130,18,112,第一金-員林,2024-01-09,5381
2883,凱基金,112,10,102,第一金-員林,2024-01-09,5381
1101,台泥,102,2,100,第一金-員林,2024-01-09,5381
2812,台中銀,60,0,60,第一金-員林,2024-01-09,5381
9105,泰金寶-DR,50,0,50,第一金-員林,2024-01-09,5381
00919,群益台灣精選高息,62,20,42,第一金-員林,2024-01-09,5381
9103,美德醫療-DR,73,33,40,第一金-員林,2024-01-09,5381
2002,中鋼,34,1,33,第一金-員林,2024-01-09,5381
2206,三陽工業,37,5,32,第一金-員林,2024-01-09,5381
00637L,元大滬深300正2,30,0,30,第一金-員林,2024-01-09,5381
2609,陽明,49,21,28,第一金-員林,2024-01-09,5381
2641,正德,41,17,24,第一金-員林,2024-01-09,5381
2606,裕民,24,0,24,第一金-員林,2024-01-09,5381
5210,寶碩,24,0,24,第一金-員林,2024-01-09,5381
6116,彩晶,25,1,24,第一金-員林,2024-01-09,5381
8171,天宇,23,0,23,第一金-員林,2024-01-09,5381
00929,復華台灣科技優息,35,13,22,第一金-員林,2024-01-09,5381
4958,臻鼎-KY,35,13,22,第一金-員林,2024-01-09,5381
8227,巨有科技,23,2,21,第一金-員林,2024-01-09,5381
00665L,富邦�琤肭磪囓�2,20,0,20,第一金-員林,2024-01-09,5381
2301,光寶科,20,0,20,第一金-員林,2024-01-09,5381
00650L,復華香港正2,20,2,18,第一金-員林,2024-01-09,5381
00937B,群益ESG投等債20,18,0,18,第一金-員林,2024-01-09,5381
2353,宏��,26,10,16,第一金-員林,2024-01-09,5381
2610,華航,16,0,16,第一金-員林,2024-01-09,5381
2634,漢翔,16,0,16,第一金-員林,2024-01-09,5381
00933B,國泰10Y+金融債,15,0,15,第一金-員林,2024-01-09,5381
00751B,元大AAA至A公司債,15,0,15,第一金-員林,2024-01-09,5381
00720B,元大投資級公司債,15,1,14,第一金-員林,2024-01-09,5381
1301,台塑,13,0,13,第一金-員林,2024-01-09,5381
0056,元大高股息,16,3,13,第一金-員林,2024-01-09,5381
2913,農林,14,1,13,第一金-員林,2024-01-09,5381
3346,麗清,14,1,13,第一金-員林,2024-01-09,5381
2603,長榮,21,9,12,第一金-員林,2024-01-09,5381
3706,神達,11,0,11,第一金-員林,2024-01-09,5381
2362,藍天,25,14,11,第一金-員林,2024-01-09,5381
2534,宏盛,11,0,11,第一金-員林,2024-01-09,5381
5519,隆大,11,0,11,第一金-員林,2024-01-09,5381
00915,凱基優選高股息30,10,0,10,第一金-員林,2024-01-09,5381
00894,中信小資高價30,12,2,10,第一金-員林,2024-01-09,5381
1503,士電,33,23,10,第一金-員林,2024-01-09,5381
1608,華榮,10,0,10,第一金-員林,2024-01-09,5381
3060,銘異,10,0,10,第一金-員林,2024-01-09,5381
5314,世紀,10,0,10,第一金-員林,2024-01-09,5381
6127,九豪,10,0,10,第一金-員林,2024-01-09,5381
6414,樺漢,10,0,10,第一金-員林,2024-01-09,5381
6451,訊芯-KY,10,0,10,第一金-員林,2024-01-09,5381
2324,仁寶,15,6,9,第一金-員林,2024-01-09,5381
5309,系統電,22,13,9,第一金-員林,2024-01-09,5381
6282,康舒,11,2,9,第一金-員林,2024-01-09,5381
9910,豐泰,65,0,65,第一金-員林,2024-01-10,5381
9105,泰金寶-DR,72,10,62,第一金-員林,2024-01-10,5381
2880,華南金,60,0,60,第一金-員林,2024-01-10,5381
1101,台泥,69,10,59,第一金-員林,2024-01-10,5381
00929,復華台灣科技優息,61,15,46,第一金-員林,2024-01-10,5381
2301,光寶科,37,1,36,第一金-員林,2024-01-10,5381
4402,郡都開發,35,0,35,第一金-員林,2024-01-10,5381
00937B,群益ESG投等債20,29,0,29,第一金-員林,2024-01-10,5381
00919,群益台灣精選高息,34,6,28,第一金-員林,2024-01-10,5381
1524,耿鼎,26,0,26,第一金-員林,2024-01-10,5381
0056,元大高股息,24,2,22,第一金-員林,2024-01-10,5381
00878,國泰永續高股息,23,1,22,第一金-員林,2024-01-10,5381
00650L,復華香港正2,20,0,20,第一金-員林,2024-01-10,5381
6695,芯鼎,33,15,18,第一金-員林,2024-01-10,5381
3438,類比科,15,0,15,第一金-員林,2024-01-10,5381
2356,英業達,37,23,14,第一金-員林,2024-01-10,5381
2409,友達,17,3,14,第一金-員林,2024-01-10,5381
5880,合庫金,13,0,13,第一金-員林,2024-01-10,5381
2354,鴻準,12,0,12,第一金-員林,2024-01-10,5381
2867,三商壽,12,0,12,第一金-員林,2024-01-10,5381
00881,國泰台灣5G+,11,0,11,第一金-員林,2024-01-10,5381
8222,寶一,23,12,11,第一金-員林,2024-01-10,5381
00673R,期元大S＆P原油反1,10,0,10,第一金-員林,2024-01-10,5381
1319,東陽,10,0,10,第一金-員林,2024-01-10,5381
1608,華榮,10,0,10,第一金-員林,2024-01-10,5381
2314,台揚,10,0,10,第一金-員林,2024-01-10,5381
2495,普安,10,0,10,第一金-員林,2024-01-10,5381
2915,潤泰全,10,0,10,第一金-員林,2024-01-10,5381
4121,優盛,10,0,10,第一金-員林,2024-01-10,5381
4714,永捷,10,0,10,第一金-員林,2024-01-10,5381
4958,臻鼎-KY,20,10,10,第一金-員林,2024-01-10,5381
4908,前鼎,15,6,9,第一金-員林,2024-01-10,5381
2609,陽明,41,33,8,第一金-員林,2024-01-10,5381
00687B,國泰20年美債,9,1,8,第一金-員林,2024-01-10,5381
3481,群創,8,0,8,第一金-員林,2024-01-10,5381
6140,訊達,24,16,8,第一金-員林,2024-01-10,5381
2317,鴻海,8,0,8,第一金-員林,2024-01-10,5381
2027,大成鋼,8,0,8,第一金-員林,2024-01-10,5381
2618,長榮航,9,1,8,第一金-員林,2024-01-10,5381
2641,正德,7,0,7,第一金-員林,2024-01-10,5381
5519,隆大,7,0,7,第一金-員林,2024-01-10,5381
2014,中鴻,6,0,6,第一金-員林,2024-01-10,5381
2328,廣宇,6,0,6,第一金-員林,2024-01-10,5381
2331,精英,6,0,6,第一金-員林,2024-01-10,5381
2498,宏達電,9,3,6,第一金-員林,2024-01-10,5381
2617,台航,6,0,6,第一金-員林,2024-01-10,5381
2882,國泰金,6,0,6,第一金-員林,2024-01-10,5381
00720B,元大投資級公司債,6,1,5,第一金-員林,2024-01-10,5381
00712,復華富時不動產,6,1,5,第一金-員林,2024-01-10,5381
00751B,元大AAA至A公司債,5,0,5,第一金-員林,2024-01-10,5381
00929,復華台灣科技優息,118,3,115,第一金-員林,2024-01-11,5381
9103,美德醫療-DR,75,0,75,第一金-員林,2024-01-11,5381
2610,華航,41,1,40,第一金-員林,2024-01-11,5381
00919,群益台灣精選高息,35,0,35,第一金-員林,2024-01-11,5381
2883,凱基金,34,0,34,第一金-員林,2024-01-11,5381
00637L,元大滬深300正2,30,0,30,第一金-員林,2024-01-11,5381
00687B,國泰20年美債,28,0,28,第一金-員林,2024-01-11,5381
1417,嘉裕,27,0,27,第一金-員林,2024-01-11,5381
6120,達運,71,47,24,第一金-員林,2024-01-11,5381
2308,台達電,23,0,23,第一金-員林,2024-01-11,5381
00679B,元大美債20年,21,0,21,第一金-員林,2024-01-11,5381
00881,國泰台灣5G+,30,9,21,第一金-員林,2024-01-11,5381
00650L,復華香港正2,20,0,20,第一金-員林,2024-01-11,5381
2884,玉山金,20,1,19,第一金-員林,2024-01-11,5381
2492,華新科,23,5,18,第一金-員林,2024-01-11,5381
3711,日月光投控,26,8,18,第一金-員林,2024-01-11,5381
00927,群益半導體收益,17,0,17,第一金-員林,2024-01-11,5381
6695,芯鼎,54,38,16,第一金-員林,2024-01-11,5381
3031,佰鴻,15,0,15,第一金-員林,2024-01-11,5381
2408,南亞科,14,0,14,第一金-員林,2024-01-11,5381
3022,威強電,14,0,14,第一金-員林,2024-01-11,5381
2317,鴻海,13,0,13,第一金-員林,2024-01-11,5381
2706,第一店,13,0,13,第一金-員林,2024-01-11,5381
2105,正新,12,0,12,第一金-員林,2024-01-11,5381
2324,仁寶,12,0,12,第一金-員林,2024-01-11,5381
2329,華泰,31,19,12,第一金-員林,2024-01-11,5381
2867,三商壽,12,0,12,第一金-員林,2024-01-11,5381
6129,普誠,13,1,12,第一金-員林,2024-01-11,5381
2002,中鋼,12,1,11,第一金-員林,2024-01-11,5381
3006,晶豪科,12,1,11,第一金-員林,2024-01-11,5381
2489,瑞軒,11,0,11,第一金-員林,2024-01-11,5381
6235,華孚,11,0,11,第一金-員林,2024-01-11,5381
1217,愛之味,10,0,10,第一金-員林,2024-01-11,5381
00715L,期街口布蘭特正2,10,0,10,第一金-員林,2024-01-11,5381
00632R,元大台灣50反1,60,50,10,第一金-員林,2024-01-11,5381
1709,和益,10,0,10,第一金-員林,2024-01-11,5381
2363,矽統,11,1,10,第一金-員林,2024-01-11,5381
2534,宏盛,10,0,10,第一金-員林,2024-01-11,5381
3703,欣陸,10,0,10,第一金-員林,2024-01-11,5381
4707,磐亞,10,0,10,第一金-員林,2024-01-11,5381
4714,永捷,10,0,10,第一金-員林,2024-01-11,5381
8110,華東,10,0,10,第一金-員林,2024-01-11,5381
2609,陽明,18,9,9,第一金-員林,2024-01-11,5381
2303,聯電,9,0,9,第一金-員林,2024-01-11,5381
3324,雙鴻,14,5,9,第一金-員林,2024-01-11,5381
6451,訊芯-KY,10,1,9,第一金-員林,2024-01-11,5381
9921,巨大,10,2,8,第一金-員林,2024-01-11,5381
2206,三陽工業,10,2,8,第一金-員林,2024-01-11,5381
2344,華邦電,12,4,8,第一金-員林,2024-01-11,5381
2630,亞航,12,4,8,第一金-員林,2024-01-11,5381
00929,復華台灣科技優息,149,5,144,第一金-員林,2024-01-12,5381
00770,國泰北美科技,83,0,83,第一金-員林,2024-01-12,5381
6120,達運,90,11,79,第一金-員林,2024-01-12,5381
9105,泰金寶-DR,110,50,60,第一金-員林,2024-01-12,5381
1513,中興電,64,11,53,第一金-員林,2024-01-12,5381
1528,恩德,53,0,53,第一金-員林,2024-01-12,5381
00927,群益半導體收益,34,0,34,第一金-員林,2024-01-12,5381
00937B,群益ESG投等債20,34,1,33,第一金-員林,2024-01-12,5381
9910,豐泰,33,0,33,第一金-員林,2024-01-12,5381
00650L,復華香港正2,30,0,30,第一金-員林,2024-01-12,5381
2609,陽明,74,46,28,第一金-員林,2024-01-12,5381
3092,鴻碩,23,0,23,第一金-員林,2024-01-12,5381
2353,宏��,41,21,20,第一金-員林,2024-01-12,5381
2301,光寶科,20,0,20,第一金-員林,2024-01-12,5381
5258,虹堡,17,0,17,第一金-員林,2024-01-12,5381
00673R,期元大S＆P原油反1,15,0,15,第一金-員林,2024-01-12,5381
1316,上曜,15,2,13,第一金-員林,2024-01-12,5381
2915,潤泰全,13,0,13,第一金-員林,2024-01-12,5381
4958,臻鼎-KY,13,0,13,第一金-員林,2024-01-12,5381
2892,第一金,12,0,12,第一金-員林,2024-01-12,5381
00687B,國泰20年美債,12,0,12,第一金-員林,2024-01-12,5381
3714,富采,11,0,11,第一金-員林,2024-01-12,5381
0056,元大高股息,20,10,10,第一金-員林,2024-01-12,5381
00637L,元大滬深300正2,10,0,10,第一金-員林,2024-01-12,5381
00885,富邦越南,10,0,10,第一金-員林,2024-01-12,5381
1611,中電,10,0,10,第一金-員林,2024-01-12,5381
2462,良得電,10,0,10,第一金-員林,2024-01-12,5381
6127,九豪,10,0,10,第一金-員林,2024-01-12,5381
00904,新光臺灣半導體30,9,0,9,第一金-員林,2024-01-12,5381
2208,台船,22,13,9,第一金-員林,2024-01-12,5381
2388,威盛,13,4,9,第一金-員林,2024-01-12,5381
8150,南茂,9,0,9,第一金-員林,2024-01-12,5381
2534,宏盛,8,0,8,第一金-員林,2024-01-12,5381
3025,星通,29,21,8,第一金-員林,2024-01-12,5381
4529,淳紳,10,2,8,第一金-員林,2024-01-12,5381
5519,隆大,8,0,8,第一金-員林,2024-01-12,5381
1101,台泥,7,0,7,第一金-員林,2024-01-12,5381
1413,宏洲,7,0,7,第一金-員林,2024-01-12,5381
5351,鈺創,7,0,7,第一金-員林,2024-01-12,5381
6462,神盾,17,10,7,第一金-員林,2024-01-12,5381
2449,京元電子,9,3,6,第一金-員林,2024-01-12,5381
2324,仁寶,8,2,6,第一金-員林,2024-01-12,5381
6414,樺漢,6,0,6,第一金-員林,2024-01-12,5381
1301,台塑,6,0,6,第一金-員林,2024-01-12,5381
2329,華泰,8,2,6,第一金-員林,2024-01-12,5381
2406,國碩,6,0,6,第一金-員林,2024-01-12,5381
9925,新保,6,0,6,第一金-員林,2024-01-12,5381
2409,友達,10,5,5,第一金-員林,2024-01-12,5381
00936,台新永續高息中小,5,0,5,第一金-員林,2024-01-12,5381
2303,聯電,8,3,5,第一金-員林,2024-01-12,5381
00929,復華台灣科技優息,282,9,273,第一金-員林,2024-01-15,5381
00664R,國泰臺灣加權反1,200,0,200,第一金-員林,2024-01-15,5381
2610,華航,117,1,116,第一金-員林,2024-01-15,5381
2888,新光金,110,0,110,第一金-員林,2024-01-15,5381
00650L,復華香港正2,74,0,74,第一金-員林,2024-01-15,5381
2801,彰銀,72,0,72,第一金-員林,2024-01-15,5381
00937B,群益ESG投等債20,62,4,58,第一金-員林,2024-01-15,5381
00637L,元大滬深300正2,40,0,40,第一金-員林,2024-01-15,5381
3017,奇鋐,35,4,31,第一金-員林,2024-01-15,5381
00770,國泰北美科技,30,0,30,第一金-員林,2024-01-15,5381
8105,凌巨,30,0,30,第一金-員林,2024-01-15,5381
9103,美德醫療-DR,30,0,30,第一金-員林,2024-01-15,5381
6695,芯鼎,43,14,29,第一金-員林,2024-01-15,5381
2454,聯發科,29,0,29,第一金-員林,2024-01-15,5381
2303,聯電,31,8,23,第一金-員林,2024-01-15,5381
00881,國泰台灣5G+,20,0,20,第一金-員林,2024-01-15,5381
8222,寶一,23,3,20,第一金-員林,2024-01-15,5381
00687B,國泰20年美債,18,0,18,第一金-員林,2024-01-15,5381
1584,精剛,18,0,18,第一金-員林,2024-01-15,5381
9921,巨大,18,0,18,第一金-員林,2024-01-15,5381
2892,第一金,18,2,16,第一金-員林,2024-01-15,5381
2353,宏��,23,8,15,第一金-員林,2024-01-15,5381
0056,元大高股息,15,0,15,第一金-員林,2024-01-15,5381
00720B,元大投資級公司債,16,1,15,第一金-員林,2024-01-15,5381
00715L,期街口布蘭特正2,15,0,15,第一金-員林,2024-01-15,5381
3438,類比科,15,0,15,第一金-員林,2024-01-15,5381
2641,正德,15,0,15,第一金-員林,2024-01-15,5381
2883,凱基金,14,0,14,第一金-員林,2024-01-15,5381
00665L,富邦�琤肭磪囓�2,14,0,14,第一金-員林,2024-01-15,5381
00719B,元大美債1-3,14,0,14,第一金-員林,2024-01-15,5381
1736,喬山,14,0,14,第一金-員林,2024-01-15,5381
2312,金寶,14,0,14,第一金-員林,2024-01-15,5381
6167,久正,13,0,13,第一金-員林,2024-01-15,5381
2603,長榮,16,3,13,第一金-員林,2024-01-15,5381
9910,豐泰,17,4,13,第一金-員林,2024-01-15,5381
5880,合庫金,12,0,12,第一金-員林,2024-01-15,5381
6531,愛普*,20,8,12,第一金-員林,2024-01-15,5381
00902,中信電池及儲能,10,0,10,第一金-員林,2024-01-15,5381
00632R,元大台灣50反1,10,0,10,第一金-員林,2024-01-15,5381
2301,光寶科,10,0,10,第一金-員林,2024-01-15,5381
2427,三商電,10,0,10,第一金-員林,2024-01-15,5381
2881,富邦金,10,0,10,第一金-員林,2024-01-15,5381
3703,欣陸,10,0,10,第一金-員林,2024-01-15,5381
5521,工信,17,7,10,第一金-員林,2024-01-15,5381
9905,大華,10,0,10,第一金-員林,2024-01-15,5381
2618,長榮航,27,17,10,第一金-員林,2024-01-15,5381
2492,華新科,11,1,10,第一金-員林,2024-01-15,5381
1101,台泥,11,2,9,第一金-員林,2024-01-15,5381
2634,漢翔,14,5,9,第一金-員林,2024-01-15,5381
2313,華通,8,0,8,第一金-員林,2024-01-15,5381
2888,新光金,166,0,166,第一金-員林,2024-01-16,5381
9105,泰金寶-DR,130,5,125,第一金-員林,2024-01-16,5381
2610,華航,78,0,78,第一金-員林,2024-01-16,5381
0056,元大高股息,78,1,77,第一金-員林,2024-01-16,5381
1101,台泥,72,0,72,第一金-員林,2024-01-16,5381
2892,第一金,58,4,54,第一金-員林,2024-01-16,5381
2454,聯發科,53,6,47,第一金-員林,2024-01-16,5381
00650L,復華香港正2,40,0,40,第一金-員林,2024-01-16,5381
9103,美德醫療-DR,40,3,37,第一金-員林,2024-01-16,5381
00919,群益台灣精選高息,36,1,35,第一金-員林,2024-01-16,5381
9910,豐泰,36,1,35,第一金-員林,2024-01-16,5381
00881,國泰台灣5G+,35,0,35,第一金-員林,2024-01-16,5381
00713,元大台灣高息低波,32,0,32,第一金-員林,2024-01-16,5381
00680L,元大美債20正2,31,0,31,第一金-員林,2024-01-16,5381
00929,復華台灣科技優息,46,17,29,第一金-員林,2024-01-16,5381
00878,國泰永續高股息,36,9,27,第一金-員林,2024-01-16,5381
00933B,國泰10Y+金融債,26,1,25,第一金-員林,2024-01-16,5381
3231,緯創,31,9,22,第一金-員林,2024-01-16,5381
5880,合庫金,22,1,21,第一金-員林,2024-01-16,5381
2489,瑞軒,21,0,21,第一金-員林,2024-01-16,5381
00927,群益半導體收益,20,0,20,第一金-員林,2024-01-16,5381
3587,閎康,32,12,20,第一金-員林,2024-01-16,5381
8021,尖點,20,0,20,第一金-員林,2024-01-16,5381
1609,大亞,19,0,19,第一金-員林,2024-01-16,5381
8096,擎亞,36,19,17,第一金-員林,2024-01-16,5381
00687B,國泰20年美債,19,2,17,第一金-員林,2024-01-16,5381
2913,農林,17,0,17,第一金-員林,2024-01-16,5381
2887,台新金,16,0,16,第一金-員林,2024-01-16,5381
00665L,富邦�琤肭磪囓�2,19,4,15,第一金-員林,2024-01-16,5381
2486,一詮,18,3,15,第一金-員林,2024-01-16,5381
4188,安克,15,0,15,第一金-員林,2024-01-16,5381
2344,華邦電,14,1,13,第一金-員林,2024-01-16,5381
00688L,國泰20年美債正2,13,0,13,第一金-員林,2024-01-16,5381
2408,南亞科,13,0,13,第一金-員林,2024-01-16,5381
1227,佳格,12,0,12,第一金-員林,2024-01-16,5381
9914,美利達,12,0,12,第一金-員林,2024-01-16,5381
2882,國泰金,13,1,12,第一金-員林,2024-01-16,5381
00720B,元大投資級公司債,11,0,11,第一金-員林,2024-01-16,5381
1616,億泰,12,1,11,第一金-員林,2024-01-16,5381
2527,宏璟,11,0,11,第一金-員林,2024-01-16,5381
2867,三商壽,11,0,11,第一金-員林,2024-01-16,5381
00937B,群益ESG投等債20,10,0,10,第一金-員林,2024-01-16,5381
2891,中信金,11,1,10,第一金-員林,2024-01-16,5381
6592,和潤企業,10,0,10,第一金-員林,2024-01-16,5381
1732,毛寶,10,0,10,第一金-員林,2024-01-16,5381
3176,基亞,10,0,10,第一金-員林,2024-01-16,5381
3714,富采,10,0,10,第一金-員林,2024-01-16,5381
1513,中興電,9,0,9,第一金-員林,2024-01-16,5381
1721,三晃,10,1,9,第一金-員林,2024-01-16,5381
6684,安格,46,37,9,第一金-員林,2024-01-16,5381
00929,復華台灣科技優息,377,11,366,第一金-員林,2024-01-17,5381
00664R,國泰臺灣加權反1,200,0,200,第一金-員林,2024-01-17,5381
2014,中鴻,121,0,121,第一金-員林,2024-01-17,5381
2888,新光金,126,8,118,第一金-員林,2024-01-17,5381
9105,泰金寶-DR,120,2,118,第一金-員林,2024-01-17,5381
00882,中信中國高股息,102,0,102,第一金-員林,2024-01-17,5381
0056,元大高股息,94,3,91,第一金-員林,2024-01-17,5381
00650L,復華香港正2,70,0,70,第一金-員林,2024-01-17,5381
6770,力積電,71,1,70,第一金-員林,2024-01-17,5381
2816,旺旺保,60,0,60,第一金-員林,2024-01-17,5381
00919,群益台灣精選高息,82,28,54,第一金-員林,2024-01-17,5381
2329,華泰,68,14,54,第一金-員林,2024-01-17,5381
2317,鴻海,45,0,45,第一金-員林,2024-01-17,5381
2892,第一金,41,2,39,第一金-員林,2024-01-17,5381
1528,恩德,80,45,35,第一金-員林,2024-01-17,5381
2534,宏盛,46,13,33,第一金-員林,2024-01-17,5381
2527,宏璟,30,0,30,第一金-員林,2024-01-17,5381
4551,智伸科,30,0,30,第一金-員林,2024-01-17,5381
9103,美德醫療-DR,48,18,30,第一金-員林,2024-01-17,5381
2913,農林,38,9,29,第一金-員林,2024-01-17,5381
2609,陽明,30,2,28,第一金-員林,2024-01-17,5381
3025,星通,35,8,27,第一金-員林,2024-01-17,5381
00927,群益半導體收益,25,0,25,第一金-員林,2024-01-17,5381
1201,味全,25,0,25,第一金-員林,2024-01-17,5381
00680L,元大美債20正2,23,0,23,第一金-員林,2024-01-17,5381
2354,鴻準,23,0,23,第一金-員林,2024-01-17,5381
2886,兆豐金,22,1,21,第一金-員林,2024-01-17,5381
3006,晶豪科,20,0,20,第一金-員林,2024-01-17,5381
1314,中石化,20,0,20,第一金-員林,2024-01-17,5381
1503,士電,30,10,20,第一金-員林,2024-01-17,5381
8021,尖點,30,10,20,第一金-員林,2024-01-17,5381
8429,金麗-KY,20,0,20,第一金-員林,2024-01-17,5381
2344,華邦電,21,2,19,第一金-員林,2024-01-17,5381
2633,台灣高鐵,17,0,17,第一金-員林,2024-01-17,5381
3325,旭品,17,0,17,第一金-員林,2024-01-17,5381
1101,台泥,18,1,17,第一金-員林,2024-01-17,5381
2882,國泰金,17,0,17,第一金-員林,2024-01-17,5381
2618,長榮航,16,0,16,第一金-員林,2024-01-17,5381
5488,松普,34,18,16,第一金-員林,2024-01-17,5381
6695,芯鼎,22,6,16,第一金-員林,2024-01-17,5381
3711,日月光投控,56,40,16,第一金-員林,2024-01-17,5381
9910,豐泰,15,0,15,第一金-員林,2024-01-17,5381
00679B,元大美債20年,15,0,15,第一金-員林,2024-01-17,5381
00673R,期元大S＆P原油反1,15,0,15,第一金-員林,2024-01-17,5381
2801,彰銀,15,0,15,第一金-員林,2024-01-17,5381
3706,神達,15,0,15,第一金-員林,2024-01-17,5381
2308,台達電,16,1,15,第一金-員林,2024-01-17,5381
2371,大同,22,9,13,第一金-員林,2024-01-17,5381
3714,富采,20,7,13,第一金-員林,2024-01-17,5381
2515,中工,13,0,13,第一金-員林,2024-01-17,5381
00929,復華台灣科技優息,213,12,201,第一金-員林,2024-01-18,5381
00637L,元大滬深300正2,121,0,121,第一金-員林,2024-01-18,5381
9103,美德醫療-DR,70,2,68,第一金-員林,2024-01-18,5381
00882,中信中國高股息,60,0,60,第一金-員林,2024-01-18,5381
6116,彩晶,60,2,58,第一金-員林,2024-01-18,5381
9910,豐泰,52,0,52,第一金-員林,2024-01-18,5381
00933B,國泰10Y+金融債,48,0,48,第一金-員林,2024-01-18,5381
8046,南電,43,0,43,第一金-員林,2024-01-18,5381
0056,元大高股息,44,3,41,第一金-員林,2024-01-18,5381
00650L,復華香港正2,42,2,40,第一金-員林,2024-01-18,5381
2313,華通,38,0,38,第一金-員林,2024-01-18,5381
00919,群益台灣精選高息,37,2,35,第一金-員林,2024-01-18,5381
00687B,國泰20年美債,34,0,34,第一金-員林,2024-01-18,5381
5880,合庫金,42,14,28,第一金-員林,2024-01-18,5381
00679B,元大美債20年,31,5,26,第一金-員林,2024-01-18,5381
5426,振發,58,34,24,第一金-員林,2024-01-18,5381
4960,誠美材,22,0,22,第一金-員林,2024-01-18,5381
9945,潤泰新,21,1,20,第一金-員林,2024-01-18,5381
2915,潤泰全,19,0,19,第一金-員林,2024-01-18,5381
00633L,富邦上証正2,17,0,17,第一金-員林,2024-01-18,5381
00655L,國泰中國A50正2,17,1,16,第一金-員林,2024-01-18,5381
2014,中鴻,16,0,16,第一金-員林,2024-01-18,5381
2892,第一金,17,3,14,第一金-員林,2024-01-18,5381
2002,中鋼,13,0,13,第一金-員林,2024-01-18,5381
00720B,元大投資級公司債,11,0,11,第一金-員林,2024-01-18,5381
4979,華星光,11,0,11,第一金-員林,2024-01-18,5381
9105,泰金寶-DR,13,2,11,第一金-員林,2024-01-18,5381
6695,芯鼎,28,17,11,第一金-員林,2024-01-18,5381
00665L,富邦�琤肭磪囓�2,12,2,10,第一金-員林,2024-01-18,5381
1605,華新,10,0,10,第一金-員林,2024-01-18,5381
5210,寶碩,10,0,10,第一金-員林,2024-01-18,5381
6462,神盾,18,8,10,第一金-員林,2024-01-18,5381
1503,士電,10,1,9,第一金-員林,2024-01-18,5381
2363,矽統,12,3,9,第一金-員林,2024-01-18,5381
2884,玉山金,9,0,9,第一金-員林,2024-01-18,5381
00930,永豐ESG低碳高息,9,0,9,第一金-員林,2024-01-18,5381
3583,辛耘,8,0,8,第一金-員林,2024-01-18,5381
1301,台塑,15,7,8,第一金-員林,2024-01-18,5381
2486,一詮,9,1,8,第一金-員林,2024-01-18,5381
2739,寒舍,8,0,8,第一金-員林,2024-01-18,5381
4956,光鋐,10,2,8,第一金-員林,2024-01-18,5381
6167,久正,8,0,8,第一金-員林,2024-01-18,5381
9914,美利達,7,0,7,第一金-員林,2024-01-18,5381
2105,正新,11,4,7,第一金-員林,2024-01-18,5381
00680L,元大美債20正2,7,0,7,第一金-員林,2024-01-18,5381
1909,榮成,7,0,7,第一金-員林,2024-01-18,5381
8034,榮群,10,3,7,第一金-員林,2024-01-18,5381
8354,冠好,7,0,7,第一金-員林,2024-01-18,5381
1524,耿鼎,12,6,6,第一金-員林,2024-01-18,5381
2027,大成鋼,6,0,6,第一金-員林,2024-01-18,5381
00937B,群益ESG投等債20,250,0,250,第一金-員林,2024-01-19,5381
1101,台泥,221,5,216,第一金-員林,2024-01-19,5381
00632R,元大台灣50反1,200,0,200,第一金-員林,2024-01-19,5381
00680L,元大美債20正2,65,8,57,第一金-員林,2024-01-19,5381
2801,彰銀,51,0,51,第一金-員林,2024-01-19,5381
9105,泰金寶-DR,54,5,49,第一金-員林,2024-01-19,5381
00679B,元大美債20年,48,0,48,第一金-員林,2024-01-19,5381
00882,中信中國高股息,46,0,46,第一金-員林,2024-01-19,5381
2883,凱基金,43,0,43,第一金-員林,2024-01-19,5381
2303,聯電,40,2,38,第一金-員林,2024-01-19,5381
00878,國泰永續高股息,31,0,31,第一金-員林,2024-01-19,5381
3339,泰谷,30,0,30,第一金-員林,2024-01-19,5381
2324,仁寶,41,13,28,第一金-員林,2024-01-19,5381
6120,達運,39,13,26,第一金-員林,2024-01-19,5381
00904,新光臺灣半導體30,27,3,24,第一金-員林,2024-01-19,5381
2014,中鴻,22,0,22,第一金-員林,2024-01-19,5381
00687B,國泰20年美債,21,0,21,第一金-員林,2024-01-19,5381
5210,寶碩,21,0,21,第一金-員林,2024-01-19,5381
4714,永捷,20,0,20,第一金-員林,2024-01-19,5381
8046,南電,20,0,20,第一金-員林,2024-01-19,5381
6443,元晶,20,1,19,第一金-員林,2024-01-19,5381
5880,合庫金,32,15,17,第一金-員林,2024-01-19,5381
4414,如興,18,1,17,第一金-員林,2024-01-19,5381
00720B,元大投資級公司債,16,0,16,第一金-員林,2024-01-19,5381
1503,士電,46,30,16,第一金-員林,2024-01-19,5381
3025,星通,22,6,16,第一金-員林,2024-01-19,5381
5426,振發,58,43,15,第一金-員林,2024-01-19,5381
6109,亞元,13,0,13,第一金-員林,2024-01-19,5381
2892,第一金,11,0,11,第一金-員林,2024-01-19,5381
00933B,國泰10Y+金融債,22,11,11,第一金-員林,2024-01-19,5381
6770,力積電,11,0,11,第一金-員林,2024-01-19,5381
00725B,國泰投資級公司債,14,4,10,第一金-員林,2024-01-19,5381
2887,台新金,10,0,10,第一金-員林,2024-01-19,5381
5009,榮剛,10,0,10,第一金-員林,2024-01-19,5381
6125,廣運,11,1,10,第一金-員林,2024-01-19,5381
00919,群益台灣精選高息,17,7,10,第一金-員林,2024-01-19,5381
00931B,統一美債20年,9,0,9,第一金-員林,2024-01-19,5381
00934,中信成長高股息,9,0,9,第一金-員林,2024-01-19,5381
2329,華泰,29,20,9,第一金-員林,2024-01-19,5381
2610,華航,9,0,9,第一金-員林,2024-01-19,5381
2834,臺企銀,9,0,9,第一金-員林,2024-01-19,5381
9910,豐泰,9,1,8,第一金-員林,2024-01-19,5381
2609,陽明,8,1,7,第一金-員林,2024-01-19,5381
2002,中鋼,12,5,7,第一金-員林,2024-01-19,5381
1809,中釉,7,0,7,第一金-員林,2024-01-19,5381
2888,新光金,16,9,7,第一金-員林,2024-01-19,5381
3032,偉訓,7,0,7,第一金-員林,2024-01-19,5381
8011,台通,7,0,7,第一金-員林,2024-01-19,5381
3706,神達,16,9,7,第一金-員林,2024-01-19,5381
00688L,國泰20年美債正2,6,0,6,第一金-員林,2024-01-19,5381
00664R,國泰臺灣加權反1,200,0,200,第一金-員林,2024-01-22,5381
00937B,群益ESG投等債20,118,1,117,第一金-員林,2024-01-22,5381
00892,富邦台灣半導體,51,0,51,第一金-員林,2024-01-22,5381
00650L,復華香港正2,34,0,34,第一金-員林,2024-01-22,5381
2353,宏��,48,16,32,第一金-員林,2024-01-22,5381
00882,中信中國高股息,29,2,27,第一金-員林,2024-01-22,5381
00878,國泰永續高股息,34,7,27,第一金-員林,2024-01-22,5381
3265,台星科,30,5,25,第一金-員林,2024-01-22,5381
3149,正達,24,1,23,第一金-員林,2024-01-22,5381
00931B,統一美債20年,22,0,22,第一金-員林,2024-01-22,5381
2607,榮運,20,0,20,第一金-員林,2024-01-22,5381
6271,同欣電,20,0,20,第一金-員林,2024-01-22,5381
6285,啟��,19,0,19,第一金-員林,2024-01-22,5381
6695,芯鼎,37,18,19,第一金-員林,2024-01-22,5381
2344,華邦電,18,1,17,第一金-員林,2024-01-22,5381
3055,蔚華科,29,12,17,第一金-員林,2024-01-22,5381
2324,仁寶,57,41,16,第一金-員林,2024-01-22,5381
00927,群益半導體收益,15,0,15,第一金-員林,2024-01-22,5381
2609,陽明,15,1,14,第一金-員林,2024-01-22,5381
2618,長榮航,17,3,14,第一金-員林,2024-01-22,5381
3022,威強電,14,0,14,第一金-員林,2024-01-22,5381
2301,光寶科,20,6,14,第一金-員林,2024-01-22,5381
2368,金像電,16,3,13,第一金-員林,2024-01-22,5381
3264,欣銓,14,2,12,第一金-員林,2024-01-22,5381
2603,長榮,13,2,11,第一金-員林,2024-01-22,5381
00715L,期街口布蘭特正2,11,0,11,第一金-員林,2024-01-22,5381
2316,楠梓電,13,2,11,第一金-員林,2024-01-22,5381
8028,昇陽半導體,11,0,11,第一金-員林,2024-01-22,5381
1528,恩德,12,2,10,第一金-員林,2024-01-22,5381
6116,彩晶,10,0,10,第一金-員林,2024-01-22,5381
00680L,元大美債20正2,10,0,10,第一金-員林,2024-01-22,5381
1503,士電,10,0,10,第一金-員林,2024-01-22,5381
2014,中鴻,10,0,10,第一金-員林,2024-01-22,5381
2492,華新科,10,0,10,第一金-員林,2024-01-22,5381
3576,聯合再生,10,0,10,第一金-員林,2024-01-22,5381
3712,永崴投控,16,6,10,第一金-員林,2024-01-22,5381
4919,新唐,9,0,9,第一金-員林,2024-01-22,5381
6140,訊達,10,1,9,第一金-員林,2024-01-22,5381
00919,群益台灣精選高息,18,10,8,第一金-員林,2024-01-22,5381
1536,和大,8,0,8,第一金-員林,2024-01-22,5381
9103,美德醫療-DR,50,42,8,第一金-員林,2024-01-22,5381
00753L,中信中國50正2,7,0,7,第一金-員林,2024-01-22,5381
2105,正新,7,0,7,第一金-員林,2024-01-22,5381
00933B,國泰10Y+金融債,6,0,6,第一金-員林,2024-01-22,5381
2408,南亞科,6,0,6,第一金-員林,2024-01-22,5381
2425,承啟,6,0,6,第一金-員林,2024-01-22,5381
8011,台通,6,0,6,第一金-員林,2024-01-22,5381
1101,台泥,5,0,5,第一金-員林,2024-01-22,5381
00905,FT臺灣Smart,5,0,5,第一金-員林,2024-01-22,5381
2634,漢翔,8,3,5,第一金-員林,2024-01-22,5381
2208,台船,101,0,101,第一金-員林,2024-01-23,5381
4714,永捷,87,7,80,第一金-員林,2024-01-23,5381
3481,群創,312,251,61,第一金-員林,2024-01-23,5381
5426,振發,55,4,51,第一金-員林,2024-01-23,5381
2609,陽明,44,2,42,第一金-員林,2024-01-23,5381
2301,光寶科,41,2,39,第一金-員林,2024-01-23,5381
2356,英業達,88,56,32,第一金-員林,2024-01-23,5381
6695,芯鼎,54,24,30,第一金-員林,2024-01-23,5381
9103,美德醫療-DR,30,0,30,第一金-員林,2024-01-23,5381
00933B,國泰10Y+金融債,18,0,18,第一金-員林,2024-01-23,5381
00882,中信中國高股息,17,0,17,第一金-員林,2024-01-23,5381
1316,上曜,16,0,16,第一金-員林,2024-01-23,5381
2313,華通,19,3,16,第一金-員林,2024-01-23,5381
1434,福懋,15,1,14,第一金-員林,2024-01-23,5381
1319,東陽,23,10,13,第一金-員林,2024-01-23,5381
2618,長榮航,33,20,13,第一金-員林,2024-01-23,5381
9910,豐泰,11,0,11,第一金-員林,2024-01-23,5381
00633L,富邦上証正2,11,0,11,第一金-員林,2024-01-23,5381
6167,久正,14,3,11,第一金-員林,2024-01-23,5381
6120,達運,15,4,11,第一金-員林,2024-01-23,5381
2375,凱美,10,0,10,第一金-員林,2024-01-23,5381
00929,復華台灣科技優息,15,5,10,第一金-員林,2024-01-23,5381
2344,華邦電,17,8,9,第一金-員林,2024-01-23,5381
3032,偉訓,10,1,9,第一金-員林,2024-01-23,5381
6414,樺漢,10,1,9,第一金-員林,2024-01-23,5381
2329,華泰,16,7,9,第一金-員林,2024-01-23,5381
6140,訊達,14,6,8,第一金-員林,2024-01-23,5381
00937B,群益ESG投等債20,7,0,7,第一金-員林,2024-01-23,5381
2314,台揚,7,0,7,第一金-員林,2024-01-23,5381
3059,華晶科,11,4,7,第一金-員林,2024-01-23,5381
2801,彰銀,6,0,6,第一金-員林,2024-01-23,5381
2007,燁興,6,0,6,第一金-員林,2024-01-23,5381
2423,固緯,6,0,6,第一金-員林,2024-01-23,5381
3706,神達,9,3,6,第一金-員林,2024-01-23,5381
4956,光鋐,16,10,6,第一金-員林,2024-01-23,5381
00650L,復華香港正2,5,0,5,第一金-員林,2024-01-23,5381
1568,倉佑,5,0,5,第一金-員林,2024-01-23,5381
3019,亞光,8,3,5,第一金-員林,2024-01-23,5381
3033,威健,6,1,5,第一金-員林,2024-01-23,5381
3149,正達,6,1,5,第一金-員林,2024-01-23,5381
3666,光耀,5,0,5,第一金-員林,2024-01-23,5381
3694,海華,6,1,5,第一金-員林,2024-01-23,5381
6510,精測,5,0,5,第一金-員林,2024-01-23,5381
8110,華東,5,0,5,第一金-員林,2024-01-23,5381
2002,中鋼,4,0,4,第一金-員林,2024-01-23,5381
3287,廣寰科,5,1,4,第一金-員林,2024-01-23,5381
3311,閎暉,7,3,4,第一金-員林,2024-01-23,5381
3594,磐儀,4,0,4,第一金-員林,2024-01-23,5381
6770,力積電,4,0,4,第一金-員林,2024-01-23,5381
2324,仁寶,5,1,4,第一金-員林,2024-01-23,5381
00937B,群益ESG投等債20,113,2,111,第一金-員林,2024-01-24,5381
6233,旺玖,53,5,48,第一金-員林,2024-01-24,5381
1513,中興電,47,4,43,第一金-員林,2024-01-24,5381
4714,永捷,29,0,29,第一金-員林,2024-01-24,5381
2884,玉山金,28,0,28,第一金-員林,2024-01-24,5381
3149,正達,26,1,25,第一金-員林,2024-01-24,5381
9103,美德醫療-DR,25,0,25,第一金-員林,2024-01-24,5381
8096,擎亞,32,10,22,第一金-員林,2024-01-24,5381
00687B,國泰20年美債,21,0,21,第一金-員林,2024-01-24,5381
00753L,中信中國50正2,20,0,20,第一金-員林,2024-01-24,5381
5398,慕康生醫,20,0,20,第一金-員林,2024-01-24,5381
2605,新興,21,5,16,第一金-員林,2024-01-24,5381
00725B,國泰投資級公司債,15,0,15,第一金-員林,2024-01-24,5381
1609,大亞,16,1,15,第一金-員林,2024-01-24,5381
3712,永崴投控,18,3,15,第一金-員林,2024-01-24,5381
00679B,元大美債20年,15,1,14,第一金-員林,2024-01-24,5381
8064,東捷,14,0,14,第一金-員林,2024-01-24,5381
00720B,元大投資級公司債,12,0,12,第一金-員林,2024-01-24,5381
2409,友達,27,15,12,第一金-員林,2024-01-24,5381
2449,京元電子,14,2,12,第一金-員林,2024-01-24,5381
6285,啟��,12,0,12,第一金-員林,2024-01-24,5381
8105,凌巨,12,0,12,第一金-員林,2024-01-24,5381
2313,華通,43,32,11,第一金-員林,2024-01-24,5381
2641,正德,11,0,11,第一金-員林,2024-01-24,5381
006208,富邦台50,11,1,10,第一金-員林,2024-01-24,5381
3176,基亞,10,0,10,第一金-員林,2024-01-24,5381
4128,中天,10,0,10,第一金-員林,2024-01-24,5381
9910,豐泰,10,0,10,第一金-員林,2024-01-24,5381
2301,光寶科,10,1,9,第一金-員林,2024-01-24,5381
2618,長榮航,10,1,9,第一金-員林,2024-01-24,5381
6257,矽格,10,1,9,第一金-員林,2024-01-24,5381
2515,中工,8,0,8,第一金-員林,2024-01-24,5381
3105,穩懋,8,0,8,第一金-員林,2024-01-24,5381
2890,永豐金,8,0,8,第一金-員林,2024-01-24,5381
1101,台泥,7,0,7,第一金-員林,2024-01-24,5381
4543,萬在,7,0,7,第一金-員林,2024-01-24,5381
6901,鑽石投資,7,0,7,第一金-員林,2024-01-24,5381
3231,緯創,19,12,7,第一金-員林,2024-01-24,5381
8054,安國,8,2,6,第一金-員林,2024-01-24,5381
00933B,國泰10Y+金融債,6,0,6,第一金-員林,2024-01-24,5381
3437,榮創,7,1,6,第一金-員林,2024-01-24,5381
6196,帆宣,6,0,6,第一金-員林,2024-01-24,5381
6414,樺漢,7,1,6,第一金-員林,2024-01-24,5381
1529,樂事綠能,6,0,6,第一金-員林,2024-01-24,5381
00882,中信中國高股息,5,0,5,第一金-員林,2024-01-24,5381
00715L,期街口布蘭特正2,5,0,5,第一金-員林,2024-01-24,5381
1413,宏洲,5,0,5,第一金-員林,2024-01-24,5381
2204,中華,6,1,5,第一金-員林,2024-01-24,5381
2450,神腦,5,0,5,第一金-員林,2024-01-24,5381
2609,陽明,14,9,5,第一金-員林,2024-01-24,5381
00671R,富邦NASDAQ反1,400,0,400,第一金-員林,2024-01-25,5381
00632R,元大台灣50反1,202,30,172,第一金-員林,2024-01-25,5381
00679B,元大美債20年,167,0,167,第一金-員林,2024-01-25,5381
2344,華邦電,73,1,72,第一金-員林,2024-01-25,5381
6116,彩晶,68,0,68,第一金-員林,2024-01-25,5381
9103,美德醫療-DR,63,0,63,第一金-員林,2024-01-25,5381
00882,中信中國高股息,71,12,59,第一金-員林,2024-01-25,5381
6120,達運,55,0,55,第一金-員林,2024-01-25,5381
00688L,國泰20年美債正2,51,0,51,第一金-員林,2024-01-25,5381
3694,海華,56,12,44,第一金-員林,2024-01-25,5381
6113,亞矽,33,6,27,第一金-員林,2024-01-25,5381
00929,復華台灣科技優息,37,11,26,第一金-員林,2024-01-25,5381
00687B,國泰20年美債,22,0,22,第一金-員林,2024-01-25,5381
2609,陽明,24,2,22,第一金-員林,2024-01-25,5381
1513,中興電,22,1,21,第一金-員林,2024-01-25,5381
2313,華通,24,3,21,第一金-員林,2024-01-25,5381
8210,勤誠,23,3,20,第一金-員林,2024-01-25,5381
00673R,期元大S＆P原油反1,20,0,20,第一金-員林,2024-01-25,5381
00937B,群益ESG投等債20,26,7,19,第一金-員林,2024-01-25,5381
4550,長佳,20,1,19,第一金-員林,2024-01-25,5381
00933B,國泰10Y+金融債,17,0,17,第一金-員林,2024-01-25,5381
6167,久正,17,0,17,第一金-員林,2024-01-25,5381
3490,單井,23,7,16,第一金-員林,2024-01-25,5381
2395,研華,15,0,15,第一金-員林,2024-01-25,5381
00712,復華富時不動產,13,0,13,第一金-員林,2024-01-25,5381
2312,金寶,12,0,12,第一金-員林,2024-01-25,5381
2489,瑞軒,12,0,12,第一金-員林,2024-01-25,5381
2363,矽統,11,0,11,第一金-員林,2024-01-25,5381
9910,豐泰,11,0,11,第一金-員林,2024-01-25,5381
00772B,中信高評級公司債,10,0,10,第一金-員林,2024-01-25,5381
2892,第一金,10,0,10,第一金-員林,2024-01-25,5381
6229,研通,10,0,10,第一金-員林,2024-01-25,5381
3588,通嘉,22,12,10,第一金-員林,2024-01-25,5381
3149,正達,17,8,9,第一金-員林,2024-01-25,5381
5210,寶碩,10,1,9,第一金-員林,2024-01-25,5381
2006,東和鋼鐵,8,0,8,第一金-員林,2024-01-25,5381
3231,緯創,84,76,8,第一金-員林,2024-01-25,5381
3484,崧騰,8,0,8,第一金-員林,2024-01-25,5381
8404,百和興業-KY,12,4,8,第一金-員林,2024-01-25,5381
8105,凌巨,9,2,7,第一金-員林,2024-01-25,5381
2886,兆豐金,6,0,6,第一金-員林,2024-01-25,5381
00720B,元大投資級公司債,6,0,6,第一金-員林,2024-01-25,5381
1522,堤維西,6,0,6,第一金-員林,2024-01-25,5381
3105,穩懋,6,0,6,第一金-員林,2024-01-25,5381
5483,中美晶,6,0,6,第一金-員林,2024-01-25,5381
5488,松普,11,5,6,第一金-員林,2024-01-25,5381
6259,百徽,6,0,6,第一金-員林,2024-01-25,5381
6491,晶碩,6,0,6,第一金-員林,2024-01-25,5381
2454,聯發科,7,1,6,第一金-員林,2024-01-25,5381
2883,凱基金,5,0,5,第一金-員林,2024-01-25,5381
6120,達運,74,0,74,第一金-員林,2024-01-26,5381
00929,復華台灣科技優息,73,4,69,第一金-員林,2024-01-26,5381
2417,圓剛,52,2,50,第一金-員林,2024-01-26,5381
3694,海華,69,19,50,第一金-員林,2024-01-26,5381
00665L,富邦�琤肭磪囓�2,48,0,48,第一金-員林,2024-01-26,5381
00919,群益台灣精選高息,68,20,48,第一金-員林,2024-01-26,5381
00937B,群益ESG投等債20,47,0,47,第一金-員林,2024-01-26,5381
2324,仁寶,31,6,25,第一金-員林,2024-01-26,5381
00882,中信中國高股息,22,0,22,第一金-員林,2024-01-26,5381
1503,士電,21,1,20,第一金-員林,2024-01-26,5381
2303,聯電,28,8,20,第一金-員林,2024-01-26,5381
2426,鼎元,20,0,20,第一金-員林,2024-01-26,5381
1316,上曜,29,10,19,第一金-員林,2024-01-26,5381
9105,泰金寶-DR,133,114,19,第一金-員林,2024-01-26,5381
00687B,國泰20年美債,17,0,17,第一金-員林,2024-01-26,5381
3149,正達,17,0,17,第一金-員林,2024-01-26,5381
6770,力積電,17,0,17,第一金-員林,2024-01-26,5381
0056,元大高股息,16,0,16,第一金-員林,2024-01-26,5381
1805,寶徠,15,0,15,第一金-員林,2024-01-26,5381
00934,中信成長高股息,14,0,14,第一金-員林,2024-01-26,5381
2313,華通,18,4,14,第一金-員林,2024-01-26,5381
00637L,元大滬深300正2,13,0,13,第一金-員林,2024-01-26,5381
3312,弘憶股,13,0,13,第一金-員林,2024-01-26,5381
2329,華泰,20,8,12,第一金-員林,2024-01-26,5381
2374,佳能,12,0,12,第一金-員林,2024-01-26,5381
1301,台塑,11,0,11,第一金-員林,2024-01-26,5381
3360,尚立,16,5,11,第一金-員林,2024-01-26,5381
2609,陽明,12,2,10,第一金-員林,2024-01-26,5381
00935,野村臺灣新科技50,10,0,10,第一金-員林,2024-01-26,5381
00673R,期元大S＆P原油反1,10,0,10,第一金-員林,2024-01-26,5381
2402,毅嘉,10,0,10,第一金-員林,2024-01-26,5381
3354,律勝,10,0,10,第一金-員林,2024-01-26,5381
00772B,中信高評級公司債,10,0,10,第一金-員林,2024-01-26,5381
00891,中信關鍵半導體,9,0,9,第一金-員林,2024-01-26,5381
00918,大華優利高填息30,8,0,8,第一金-員林,2024-01-26,5381
1304,台聚,7,0,7,第一金-員林,2024-01-26,5381
00722B,群益投資級電信債,6,0,6,第一金-員林,2024-01-26,5381
1524,耿鼎,9,3,6,第一金-員林,2024-01-26,5381
2886,兆豐金,16,10,6,第一金-員林,2024-01-26,5381
8059,凱碩,8,2,6,第一金-員林,2024-01-26,5381
00720B,元大投資級公司債,5,0,5,第一金-員林,2024-01-26,5381
00680L,元大美債20正2,5,0,5,第一金-員林,2024-01-26,5381
1104,環泥,5,0,5,第一金-員林,2024-01-26,5381
1514,亞力,11,6,5,第一金-員林,2024-01-26,5381
2030,彰源,5,0,5,第一金-員林,2024-01-26,5381
2316,楠梓電,6,1,5,第一金-員林,2024-01-26,5381
2363,矽統,5,0,5,第一金-員林,2024-01-26,5381
2395,研華,5,0,5,第一金-員林,2024-01-26,5381
3032,偉訓,5,0,5,第一金-員林,2024-01-26,5381
3122,笙泉,5,0,5,第一金-員林,2024-01-26,5381
9105,泰金寶-DR,189,29,160,第一金-員林,2024-01-29,5381
2610,華航,110,1,109,第一金-員林,2024-01-29,5381
00687B,國泰20年美債,54,0,54,第一金-員林,2024-01-29,5381
00937B,群益ESG投等債20,50,0,50,第一金-員林,2024-01-29,5381
6167,久正,38,0,38,第一金-員林,2024-01-29,5381
5880,合庫金,35,0,35,第一金-員林,2024-01-29,5381
00929,復華台灣科技優息,36,3,33,第一金-員林,2024-01-29,5381
8059,凱碩,32,0,32,第一金-員林,2024-01-29,5381
6116,彩晶,31,0,31,第一金-員林,2024-01-29,5381
3706,神達,34,9,25,第一金-員林,2024-01-29,5381
1217,愛之味,33,10,23,第一金-員林,2024-01-29,5381
2748,雲品,20,0,20,第一金-員林,2024-01-29,5381
00679B,元大美債20年,19,0,19,第一金-員林,2024-01-29,5381
00712,復華富時不動產,18,0,18,第一金-員林,2024-01-29,5381
2492,華新科,22,4,18,第一金-員林,2024-01-29,5381
2457,飛宏,17,0,17,第一金-員林,2024-01-29,5381
3149,正達,14,0,14,第一金-員林,2024-01-29,5381
4908,前鼎,24,10,14,第一金-員林,2024-01-29,5381
2303,聯電,13,0,13,第一金-員林,2024-01-29,5381
2409,友達,14,3,11,第一金-員林,2024-01-29,5381
00673R,期元大S＆P原油反1,11,0,11,第一金-員林,2024-01-29,5381
2609,陽明,11,1,10,第一金-員林,2024-01-29,5381
2836,高雄銀,10,0,10,第一金-員林,2024-01-29,5381
3297,杭特,10,0,10,第一金-員林,2024-01-29,5381
4414,如興,10,0,10,第一金-員林,2024-01-29,5381
2421,建準,15,5,10,第一金-員林,2024-01-29,5381
00931B,統一美債20年,9,0,9,第一金-員林,2024-01-29,5381
1587,吉茂,9,0,9,第一金-員林,2024-01-29,5381
2337,旺宏,9,0,9,第一金-員林,2024-01-29,5381
6285,啟��,10,2,8,第一金-員林,2024-01-29,5381
2344,華邦電,9,2,7,第一金-員林,2024-01-29,5381
9919,康那香,8,1,7,第一金-員林,2024-01-29,5381
2355,敬鵬,6,0,6,第一金-員林,2024-01-29,5381
00637L,元大滬深300正2,5,0,5,第一金-員林,2024-01-29,5381
2399,映泰,5,0,5,第一金-員林,2024-01-29,5381
2867,三商壽,5,0,5,第一金-員林,2024-01-29,5381
3504,揚明光,5,0,5,第一金-員林,2024-01-29,5381
3617,碩天,5,0,5,第一金-員林,2024-01-29,5381
4707,磐亞,5,0,5,第一金-員林,2024-01-29,5381
6462,神盾,9,4,5,第一金-員林,2024-01-29,5381
00919,群益台灣精選高息,5,1,4,第一金-員林,2024-01-29,5381
1742,台蠟,4,0,4,第一金-員林,2024-01-29,5381
3059,華晶科,5,1,4,第一金-員林,2024-01-29,5381
4909,新復興,7,3,4,第一金-員林,2024-01-29,5381
6127,九豪,4,0,4,第一金-員林,2024-01-29,5381
9951,皇田,4,0,4,第一金-員林,2024-01-29,5381
1301,台塑,3,0,3,第一金-員林,2024-01-29,5381
00632R,元大台灣50反1,3,0,3,第一金-員林,2024-01-29,5381
2408,南亞科,3,0,3,第一金-員林,2024-01-29,5381
2543,皇昌,3,0,3,第一金-員林,2024-01-29,5381
00753L,中信中國50正2,144,0,144,第一金-員林,2024-01-30,5381
2027,大成鋼,52,0,52,第一金-員林,2024-01-30,5381
3149,正達,42,0,42,第一金-員林,2024-01-30,5381
00933B,國泰10Y+金融債,39,0,39,第一金-員林,2024-01-30,5381
00687B,國泰20年美債,35,1,34,第一金-員林,2024-01-30,5381
6229,研通,36,4,32,第一金-員林,2024-01-30,5381
3297,杭特,31,0,31,第一金-員林,2024-01-30,5381
3230,錦明,30,0,30,第一金-員林,2024-01-30,5381
4908,前鼎,40,15,25,第一金-員林,2024-01-30,5381
00679B,元大美債20年,24,0,24,第一金-員林,2024-01-30,5381
8489,三貝德,24,0,24,第一金-員林,2024-01-30,5381
00937B,群益ESG投等債20,35,11,24,第一金-員林,2024-01-30,5381
2365,昆盈,21,1,20,第一金-員林,2024-01-30,5381
2884,玉山金,21,1,20,第一金-員林,2024-01-30,5381
6188,廣明,18,0,18,第一金-員林,2024-01-30,5381
00882,中信中國高股息,17,0,17,第一金-員林,2024-01-30,5381
2324,仁寶,17,1,16,第一金-員林,2024-01-30,5381
3362,先進光,15,0,15,第一金-員林,2024-01-30,5381
2408,南亞科,14,0,14,第一金-員林,2024-01-30,5381
5880,合庫金,19,5,14,第一金-員林,2024-01-30,5381
6167,久正,15,2,13,第一金-員林,2024-01-30,5381
2412,中華電,11,0,11,第一金-員林,2024-01-30,5381
2641,正德,11,0,11,第一金-員林,2024-01-30,5381
2762,世界健身-KY,13,2,11,第一金-員林,2024-01-30,5381
2887,台新金,11,0,11,第一金-員林,2024-01-30,5381
3714,富采,10,0,10,第一金-員林,2024-01-30,5381
00633L,富邦上証正2,10,0,10,第一金-員林,2024-01-30,5381
1815,富喬,10,0,10,第一金-員林,2024-01-30,5381
4440,宜新實業,10,0,10,第一金-員林,2024-01-30,5381
2337,旺宏,9,0,9,第一金-員林,2024-01-30,5381
00712,復華富時不動產,9,0,9,第一金-員林,2024-01-30,5381
00934,中信成長高股息,10,1,9,第一金-員林,2024-01-30,5381
2409,友達,9,0,9,第一金-員林,2024-01-30,5381
8011,台通,10,1,9,第一金-員林,2024-01-30,5381
00929,復華台灣科技優息,9,1,8,第一金-員林,2024-01-30,5381
2892,第一金,8,0,8,第一金-員林,2024-01-30,5381
6140,訊達,9,1,8,第一金-員林,2024-01-30,5381
6151,晉倫,8,0,8,第一金-員林,2024-01-30,5381
8054,安國,17,9,8,第一金-員林,2024-01-30,5381
2457,飛宏,7,0,7,第一金-員林,2024-01-30,5381
1101,台泥,9,3,6,第一金-員林,2024-01-30,5381
2369,菱生,8,2,6,第一金-員林,2024-01-30,5381
2915,潤泰全,6,0,6,第一金-員林,2024-01-30,5381
4123,晟德,6,0,6,第一金-員林,2024-01-30,5381
6163,華電網,6,0,6,第一金-員林,2024-01-30,5381
2308,台達電,5,0,5,第一金-員林,2024-01-30,5381
00905,FT臺灣Smart,5,0,5,第一金-員林,2024-01-30,5381
00665L,富邦�琤肭磪囓�2,5,0,5,第一金-員林,2024-01-30,5381
1304,台聚,5,0,5,第一金-員林,2024-01-30,5381
1432,大魯閣,5,0,5,第一金-員林,2024-01-30,5381
00688L,國泰20年美債正2,250,0,250,第一金-員林,2024-01-31,5381
00933B,國泰10Y+金融債,67,3,64,第一金-員林,2024-01-31,5381
00937B,群益ESG投等債20,46,0,46,第一金-員林,2024-01-31,5381
6120,達運,41,5,36,第一金-員林,2024-01-31,5381
3189,景碩,32,1,31,第一金-員林,2024-01-31,5381
2492,華新科,30,0,30,第一金-員林,2024-01-31,5381
5210,寶碩,27,2,25,第一金-員林,2024-01-31,5381
2538,基泰,20,0,20,第一金-員林,2024-01-31,5381
3230,錦明,20,0,20,第一金-員林,2024-01-31,5381
2409,友達,21,2,19,第一金-員林,2024-01-31,5381
4908,前鼎,23,4,19,第一金-員林,2024-01-31,5381
00882,中信中國高股息,18,0,18,第一金-員林,2024-01-31,5381
00665L,富邦�琤肭磪囓�2,15,0,15,第一金-員林,2024-01-31,5381
6684,安格,22,8,14,第一金-員林,2024-01-31,5381
2356,英業達,15,2,13,第一金-員林,2024-01-31,5381
3149,正達,13,0,13,第一金-員林,2024-01-31,5381
1316,上曜,28,16,12,第一金-員林,2024-01-31,5381
2412,中華電,11,0,11,第一金-員林,2024-01-31,5381
6167,久正,11,0,11,第一金-員林,2024-01-31,5381
00725B,國泰投資級公司債,10,0,10,第一金-員林,2024-01-31,5381
00673R,期元大S＆P原油反1,10,0,10,第一金-員林,2024-01-31,5381
00877,復華中國5G,10,0,10,第一金-員林,2024-01-31,5381
1463,強盛新,10,0,10,第一金-員林,2024-01-31,5381
1810,和成,10,0,10,第一金-員林,2024-01-31,5381
2369,菱生,30,20,10,第一金-員林,2024-01-31,5381
3122,笙泉,9,0,9,第一金-員林,2024-01-31,5381
2308,台達電,8,0,8,第一金-員林,2024-01-31,5381
00929,復華台灣科技優息,8,1,7,第一金-員林,2024-01-31,5381
3006,晶豪科,9,2,7,第一金-員林,2024-01-31,5381
5521,工信,10,3,7,第一金-員林,2024-01-31,5381
2002,中鋼,11,4,7,第一金-員林,2024-01-31,5381
3231,緯創,28,22,6,第一金-員林,2024-01-31,5381
2886,兆豐金,12,6,6,第一金-員林,2024-01-31,5381
3450,聯鈞,6,0,6,第一金-員林,2024-01-31,5381
3580,友威科,6,0,6,第一金-員林,2024-01-31,5381
3715,定穎投控,14,8,6,第一金-員林,2024-01-31,5381
1213,大飲,5,0,5,第一金-員林,2024-01-31,5381
1325,恆大,5,0,5,第一金-員林,2024-01-31,5381
2465,麗臺,9,4,5,第一金-員林,2024-01-31,5381
8011,台通,5,0,5,第一金-員林,2024-01-31,5381
00919,群益台灣精選高息,15,10,5,第一金-員林,2024-01-31,5381
3706,神達,8,4,4,第一金-員林,2024-01-31,5381
00687B,國泰20年美債,4,0,4,第一金-員林,2024-01-31,5381
00650L,復華香港正2,4,0,4,第一金-員林,2024-01-31,5381
1515,力山,4,0,4,第一金-員林,2024-01-31,5381
1609,大亞,6,2,4,第一金-員林,2024-01-31,5381
2606,裕民,4,0,4,第一金-員林,2024-01-31,5381
3033,威健,4,0,4,第一金-員林,2024-01-31,5381
3287,廣寰科,5,1,4,第一金-員林,2024-01-31,5381
4162,智擎,4,0,4,第一金-員林,2024-01-31,5381
6116,彩晶,105,0,105,第一金-員林,2024-02-01,5381
00891,中信關鍵半導體,57,0,57,第一金-員林,2024-02-01,5381
3363,上詮,54,2,52,第一金-員林,2024-02-01,5381
2303,聯電,37,4,33,第一金-員林,2024-02-01,5381
00929,復華台灣科技優息,32,3,29,第一金-員林,2024-02-01,5381
00933B,國泰10Y+金融債,27,0,27,第一金-員林,2024-02-01,5381
9105,泰金寶-DR,37,11,26,第一金-員林,2024-02-01,5381
00882,中信中國高股息,19,0,19,第一金-員林,2024-02-01,5381
00919,群益台灣精選高息,18,0,18,第一金-員林,2024-02-01,5381
00885,富邦越南,17,0,17,第一金-員林,2024-02-01,5381
00931B,統一美債20年,15,1,14,第一金-員林,2024-02-01,5381
2355,敬鵬,14,0,14,第一金-員林,2024-02-01,5381
6695,芯鼎,25,11,14,第一金-員林,2024-02-01,5381
00712,復華富時不動產,18,5,13,第一金-員林,2024-02-01,5381
2886,兆豐金,15,2,13,第一金-員林,2024-02-01,5381
4960,誠美材,11,0,11,第一金-員林,2024-02-01,5381
3048,益登,10,0,10,第一金-員林,2024-02-01,5381
4414,如興,10,0,10,第一金-員林,2024-02-01,5381
8110,華東,10,0,10,第一金-員林,2024-02-01,5381
1103,嘉泥,9,0,9,第一金-員林,2024-02-01,5381
2027,大成鋼,9,0,9,第一金-員林,2024-02-01,5381
2329,華泰,17,8,9,第一金-員林,2024-02-01,5381
3025,星通,9,0,9,第一金-員林,2024-02-01,5381
6590,普鴻,9,0,9,第一金-員林,2024-02-01,5381
8936,國統,23,14,9,第一金-員林,2024-02-01,5381
2344,華邦電,10,2,8,第一金-員林,2024-02-01,5381
4746,台耀,9,1,8,第一金-員林,2024-02-01,5381
2423,固緯,7,0,7,第一金-員林,2024-02-01,5381
3324,雙鴻,9,2,7,第一金-員林,2024-02-01,5381
5210,寶碩,9,2,7,第一金-員林,2024-02-01,5381
8011,台通,7,0,7,第一金-員林,2024-02-01,5381
00937B,群益ESG投等債20,9,3,6,第一金-員林,2024-02-01,5381
1101,台泥,7,1,6,第一金-員林,2024-02-01,5381
00881,國泰台灣5G+,6,0,6,第一金-員林,2024-02-01,5381
4909,新復興,9,3,6,第一金-員林,2024-02-01,5381
00679B,元大美債20年,6,0,6,第一金-員林,2024-02-01,5381
3231,緯創,29,24,5,第一金-員林,2024-02-01,5381
00680L,元大美債20正2,5,0,5,第一金-員林,2024-02-01,5381
00725B,國泰投資級公司債,10,5,5,第一金-員林,2024-02-01,5381
1316,上曜,5,0,5,第一金-員林,2024-02-01,5381
2332,友訊,5,0,5,第一金-員林,2024-02-01,5381
3535,晶彩科,5,0,5,第一金-員林,2024-02-01,5381
6147,頎邦,5,0,5,第一金-員林,2024-02-01,5381
6167,久正,5,0,5,第一金-員林,2024-02-01,5381
6257,矽格,5,0,5,第一金-員林,2024-02-01,5381
9939,宏全,5,0,5,第一金-員林,2024-02-01,5381
3360,尚立,5,0,5,第一金-員林,2024-02-01,5381
6125,廣運,5,0,5,第一金-員林,2024-02-01,5381
0050,元大台灣50,7,2,5,第一金-員林,2024-02-01,5381
00850,元大臺灣ESG永續,4,0,4,第一金-員林,2024-02-01,5381
00664R,國泰臺灣加權反1,200,0,200,第一金-員林,2024-02-02,5381
00679B,元大美債20年,307,201,106,第一金-員林,2024-02-02,5381
00688L,國泰20年美債正2,91,0,91,第一金-員林,2024-02-02,5381
9103,美德醫療-DR,70,0,70,第一金-員林,2024-02-02,5381
1101,台泥,65,4,61,第一金-員林,2024-02-02,5381
00937B,群益ESG投等債20,52,3,49,第一金-員林,2024-02-02,5381
00892,富邦台灣半導體,50,1,49,第一金-員林,2024-02-02,5381
3363,上詮,49,3,46,第一金-員林,2024-02-02,5381
2408,南亞科,42,0,42,第一金-員林,2024-02-02,5381
2609,陽明,35,2,33,第一金-員林,2024-02-02,5381
00929,復華台灣科技優息,30,0,30,第一金-員林,2024-02-02,5381
8996,高力,29,1,28,第一金-員林,2024-02-02,5381
6153,嘉聯益,25,0,25,第一金-員林,2024-02-02,5381
00933B,國泰10Y+金融債,59,35,24,第一金-員林,2024-02-02,5381
8111,立��,20,0,20,第一金-員林,2024-02-02,5381
9110,越南控-DR,19,0,19,第一金-員林,2024-02-02,5381
00715L,期街口布蘭特正2,30,12,18,第一金-員林,2024-02-02,5381
6695,芯鼎,29,11,18,第一金-員林,2024-02-02,5381
2363,矽統,19,2,17,第一金-員林,2024-02-02,5381
3622,洋華,20,4,16,第一金-員林,2024-02-02,5381
8059,凱碩,17,1,16,第一金-員林,2024-02-02,5381
3276,宇環,15,0,15,第一金-員林,2024-02-02,5381
4503,金雨,17,3,14,第一金-員林,2024-02-02,5381
00713,元大台灣高息低波,12,0,12,第一金-員林,2024-02-02,5381
8089,康全電訊,15,3,12,第一金-員林,2024-02-02,5381
00712,復華富時不動產,12,0,12,第一金-員林,2024-02-02,5381
1815,富喬,11,0,11,第一金-員林,2024-02-02,5381
2603,長榮,11,1,10,第一金-員林,2024-02-02,5381
2104,國際中橡,10,0,10,第一金-員林,2024-02-02,5381
2301,光寶科,11,1,10,第一金-員林,2024-02-02,5381
2614,東森,8,0,8,第一金-員林,2024-02-02,5381
6282,康舒,9,1,8,第一金-員林,2024-02-02,5381
2313,華通,8,1,7,第一金-員林,2024-02-02,5381
6770,力積電,7,0,7,第一金-員林,2024-02-02,5381
1529,樂事綠能,10,3,7,第一金-員林,2024-02-02,5381
6116,彩晶,8,1,7,第一金-員林,2024-02-02,5381
2006,東和鋼鐵,6,0,6,第一金-員林,2024-02-02,5381
2633,台灣高鐵,7,1,6,第一金-員林,2024-02-02,5381
3715,定穎投控,8,2,6,第一金-員林,2024-02-02,5381
00720B,元大投資級公司債,5,0,5,第一金-員林,2024-02-02,5381
1514,亞力,22,17,5,第一金-員林,2024-02-02,5381
3019,亞光,5,0,5,第一金-員林,2024-02-02,5381
3036,文曄,15,10,5,第一金-員林,2024-02-02,5381
00931B,統一美債20年,5,0,5,第一金-員林,2024-02-02,5381
2329,華泰,9,4,5,第一金-員林,2024-02-02,5381
2344,華邦電,5,0,5,第一金-員林,2024-02-02,5381
2886,兆豐金,5,0,5,第一金-員林,2024-02-02,5381
3006,晶豪科,5,0,5,第一金-員林,2024-02-02,5381
4523,永彰,5,0,5,第一金-員林,2024-02-02,5381
4707,磐亞,5,0,5,第一金-員林,2024-02-02,5381
00679B,元大美債20年,308,2,306,第一金-員林,2024-02-05,5381
00933B,國泰10Y+金融債,109,0,109,第一金-員林,2024-02-05,5381
9103,美德醫療-DR,80,15,65,第一金-員林,2024-02-05,5381
5880,合庫金,61,7,54,第一金-員林,2024-02-05,5381
00676R,富邦臺灣加權反1,50,0,50,第一金-員林,2024-02-05,5381
00929,復華台灣科技優息,53,6,47,第一金-員林,2024-02-05,5381
00715L,期街口布蘭特正2,42,0,42,第一金-員林,2024-02-05,5381
00725B,國泰投資級公司債,40,0,40,第一金-員林,2024-02-05,5381
00937B,群益ESG投等債20,42,3,39,第一金-員林,2024-02-05,5381
6153,嘉聯益,29,3,26,第一金-員林,2024-02-05,5381
8996,高力,31,7,24,第一金-員林,2024-02-05,5381
4440,宜新實業,23,0,23,第一金-員林,2024-02-05,5381
00902,中信電池及儲能,22,0,22,第一金-員林,2024-02-05,5381
2337,旺宏,24,2,22,第一金-員林,2024-02-05,5381
1316,上曜,21,0,21,第一金-員林,2024-02-05,5381
00642U,期元大S＆P石油,20,0,20,第一金-員林,2024-02-05,5381
2374,佳能,20,0,20,第一金-員林,2024-02-05,5381
00931B,統一美債20年,17,0,17,第一金-員林,2024-02-05,5381
2465,麗臺,20,3,17,第一金-員林,2024-02-05,5381
2884,玉山金,16,0,16,第一金-員林,2024-02-05,5381
00680L,元大美債20正2,22,6,16,第一金-員林,2024-02-05,5381
2363,矽統,17,1,16,第一金-員林,2024-02-05,5381
00712,復華富時不動產,20,5,15,第一金-員林,2024-02-05,5381
00687B,國泰20年美債,16,1,15,第一金-員林,2024-02-05,5381
2429,銘旺科,14,0,14,第一金-員林,2024-02-05,5381
00877,復華中國5G,13,0,13,第一金-員林,2024-02-05,5381
3530,晶相光,14,1,13,第一金-員林,2024-02-05,5381
8064,東捷,14,1,13,第一金-員林,2024-02-05,5381
00900,富邦特選高股息30,12,0,12,第一金-員林,2024-02-05,5381
8059,凱碩,12,0,12,第一金-員林,2024-02-05,5381
1528,恩德,13,1,12,第一金-員林,2024-02-05,5381
2014,中鴻,11,0,11,第一金-員林,2024-02-05,5381
5351,鈺創,11,0,11,第一金-員林,2024-02-05,5381
6263,普萊德,12,1,11,第一金-員林,2024-02-05,5381
2303,聯電,24,14,10,第一金-員林,2024-02-05,5381
0061,元大寶滬深,10,0,10,第一金-員林,2024-02-05,5381
5474,聰泰,10,0,10,第一金-員林,2024-02-05,5381
6584,南俊國際,10,0,10,第一金-員林,2024-02-05,5381
2421,建準,34,25,9,第一金-員林,2024-02-05,5381
00751B,元大AAA至A公司債,8,0,8,第一金-員林,2024-02-05,5381
6180,橘子,14,6,8,第一金-員林,2024-02-05,5381
1709,和益,7,0,7,第一金-員林,2024-02-05,5381
2409,友達,7,0,7,第一金-員林,2024-02-05,5381
1742,台蠟,6,0,6,第一金-員林,2024-02-05,5381
2002,中鋼,6,0,6,第一金-員林,2024-02-05,5381
2329,華泰,9,3,6,第一金-員林,2024-02-05,5381
2390,云辰,6,0,6,第一金-員林,2024-02-05,5381
2609,陽明,6,0,6,第一金-員林,2024-02-05,5381
4503,金雨,6,0,6,第一金-員林,2024-02-05,5381
8096,擎亞,6,0,6,第一金-員林,2024-02-05,5381
00664R,國泰臺灣加權反1,100,0,100,第一金-員林,2024-02-15,5381
3466,德晉,97,0,97,第一金-員林,2024-02-15,5381
2610,華航,105,10,95,第一金-員林,2024-02-15,5381
00937B,群益ESG投等債20,85,0,85,第一金-員林,2024-02-15,5381
9105,泰金寶-DR,118,44,74,第一金-員林,2024-02-15,5381
00650L,復華香港正2,62,0,62,第一金-員林,2024-02-15,5381
4503,金雨,64,2,62,第一金-員林,2024-02-15,5381
00933B,國泰10Y+金融債,62,1,61,第一金-員林,2024-02-15,5381
00687B,國泰20年美債,60,4,56,第一金-員林,2024-02-15,5381
00931B,統一美債20年,51,0,51,第一金-員林,2024-02-15,5381
00772B,中信高評級公司債,48,0,48,第一金-員林,2024-02-15,5381
9103,美德醫療-DR,55,10,45,第一金-員林,2024-02-15,5381
00712,復華富時不動產,45,1,44,第一金-員林,2024-02-15,5381
00632R,元大台灣50反1,41,0,41,第一金-員林,2024-02-15,5381
2014,中鴻,36,2,34,第一金-員林,2024-02-15,5381
00720B,元大投資級公司債,53,20,33,第一金-員林,2024-02-15,5381
6222,上揚,33,0,33,第一金-員林,2024-02-15,5381
00751B,元大AAA至A公司債,32,1,31,第一金-員林,2024-02-15,5381
00637L,元大滬深300正2,40,10,30,第一金-員林,2024-02-15,5381
5880,合庫金,70,40,30,第一金-員林,2024-02-15,5381
8096,擎亞,30,0,30,第一金-員林,2024-02-15,5381
00679B,元大美債20年,48,18,30,第一金-員林,2024-02-15,5381
4908,前鼎,34,5,29,第一金-員林,2024-02-15,5381
00921,兆豐龍頭等權重,28,0,28,第一金-員林,2024-02-15,5381
00665L,富邦�琤肭磪囓�2,28,0,28,第一金-員林,2024-02-15,5381
00680L,元大美債20正2,28,0,28,第一金-員林,2024-02-15,5381
00725B,國泰投資級公司債,30,2,28,第一金-員林,2024-02-15,5381
3481,群創,29,6,23,第一金-員林,2024-02-15,5381
4551,智伸科,21,0,21,第一金-員林,2024-02-15,5381
00882,中信中國高股息,22,2,20,第一金-員林,2024-02-15,5381
00688L,國泰20年美債正2,20,0,20,第一金-員林,2024-02-15,5381
2408,南亞科,17,0,17,第一金-員林,2024-02-15,5381
4714,永捷,28,11,17,第一金-員林,2024-02-15,5381
2313,華通,21,5,16,第一金-員林,2024-02-15,5381
00773B,中信優先金融債,16,0,16,第一金-員林,2024-02-15,5381
00878,國泰永續高股息,38,23,15,第一金-員林,2024-02-15,5381
2353,宏��,22,7,15,第一金-員林,2024-02-15,5381
2603,長榮,14,0,14,第一金-員林,2024-02-15,5381
5871,中租-KY,15,1,14,第一金-員林,2024-02-15,5381
2002,中鋼,14,0,14,第一金-員林,2024-02-15,5381
2344,華邦電,17,4,13,第一金-員林,2024-02-15,5381
2915,潤泰全,13,0,13,第一金-員林,2024-02-15,5381
1513,中興電,13,1,12,第一金-員林,2024-02-15,5381
3149,正達,13,1,12,第一金-員林,2024-02-15,5381
2308,台達電,11,0,11,第一金-員林,2024-02-15,5381
2890,永豐金,11,0,11,第一金-員林,2024-02-15,5381
2892,第一金,11,0,11,第一金-員林,2024-02-15,5381
6285,啟��,12,1,11,第一金-員林,2024-02-15,5381
2492,華新科,10,0,10,第一金-員林,2024-02-15,5381
2450,神腦,10,0,10,第一金-員林,2024-02-15,5381
00933B,國泰10Y+金融債,284,2,282,第一金-員林,2024-02-16,5381
5880,合庫金,67,0,67,第一金-員林,2024-02-16,5381
2618,長榮航,60,0,60,第一金-員林,2024-02-16,5381
5426,振發,51,1,50,第一金-員林,2024-02-16,5381
00687B,國泰20年美債,37,1,36,第一金-員林,2024-02-16,5381
00679B,元大美債20年,34,0,34,第一金-員林,2024-02-16,5381
8088,品安,26,0,26,第一金-員林,2024-02-16,5381
2888,新光金,23,0,23,第一金-員林,2024-02-16,5381
3466,德晉,22,0,22,第一金-員林,2024-02-16,5381
6285,啟��,21,0,21,第一金-員林,2024-02-16,5381
1711,永光,20,0,20,第一金-員林,2024-02-16,5381
3276,宇環,20,0,20,第一金-員林,2024-02-16,5381
9105,泰金寶-DR,38,18,20,第一金-員林,2024-02-16,5381
3481,群創,22,2,20,第一金-員林,2024-02-16,5381
1626,艾美特-KY,17,0,17,第一金-員林,2024-02-16,5381
6196,帆宣,18,2,16,第一金-員林,2024-02-16,5381
00715L,期街口布蘭特正2,15,0,15,第一金-員林,2024-02-16,5381
6140,訊達,14,0,14,第一金-員林,2024-02-16,5381
2915,潤泰全,13,0,13,第一金-員林,2024-02-16,5381
2408,南亞科,14,2,12,第一金-員林,2024-02-16,5381
6216,居易,12,0,12,第一金-員林,2024-02-16,5381
6901,鑽石投資,12,0,12,第一金-員林,2024-02-16,5381
8059,凱碩,12,0,12,第一金-員林,2024-02-16,5381
2603,長榮,13,2,11,第一金-員林,2024-02-16,5381
2887,台新金,11,0,11,第一金-員林,2024-02-16,5381
2476,鉅祥,11,0,11,第一金-員林,2024-02-16,5381
8996,高力,12,1,11,第一金-員林,2024-02-16,5381
2324,仁寶,16,6,10,第一金-員林,2024-02-16,5381
00918,大華優利高填息30,10,0,10,第一金-員林,2024-02-16,5381
2023,燁輝,10,0,10,第一金-員林,2024-02-16,5381
3576,聯合再生,10,0,10,第一金-員林,2024-02-16,5381
4956,光鋐,10,0,10,第一金-員林,2024-02-16,5381
6271,同欣電,11,1,10,第一金-員林,2024-02-16,5381
8473,山林水,10,0,10,第一金-員林,2024-02-16,5381
2382,廣達,18,9,9,第一金-員林,2024-02-16,5381
2330,台積電,9,0,9,第一金-員林,2024-02-16,5381
00795B,中信美國公債20年,8,0,8,第一金-員林,2024-02-16,5381
00931B,統一美債20年,8,0,8,第一金-員林,2024-02-16,5381
1101,台泥,8,0,8,第一金-員林,2024-02-16,5381
3081,聯亞,11,3,8,第一金-員林,2024-02-16,5381
00751B,元大AAA至A公司債,8,0,8,第一金-員林,2024-02-16,5381
2027,大成鋼,8,0,8,第一金-員林,2024-02-16,5381
2359,所羅門,10,2,8,第一金-員林,2024-02-16,5381
2423,固緯,8,0,8,第一金-員林,2024-02-16,5381
6770,力積電,9,1,8,第一金-員林,2024-02-16,5381
00688L,國泰20年美債正2,7,0,7,第一金-員林,2024-02-16,5381
1609,大亞,8,1,7,第一金-員林,2024-02-16,5381
2371,大同,15,8,7,第一金-員林,2024-02-16,5381
2812,台中銀,8,1,7,第一金-員林,2024-02-16,5381
2882,國泰金,7,0,7,第一金-員林,2024-02-16,5381
00933B,國泰10Y+金融債,164,25,139,第一金-員林,2024-02-19,5381
2353,宏��,124,18,106,第一金-員林,2024-02-19,5381
2882,國泰金,103,8,95,第一金-員林,2024-02-19,5381
00720B,元大投資級公司債,83,3,80,第一金-員林,2024-02-19,5381
00680L,元大美債20正2,71,0,71,第一金-員林,2024-02-19,5381
00650L,復華香港正2,50,0,50,第一金-員林,2024-02-19,5381
2025,千興,50,0,50,第一金-員林,2024-02-19,5381
00878,國泰永續高股息,58,11,47,第一金-員林,2024-02-19,5381
2609,陽明,45,1,44,第一金-員林,2024-02-19,5381
4503,金雨,43,1,42,第一金-員林,2024-02-19,5381
00919,群益台灣精選高息,42,8,34,第一金-員林,2024-02-19,5381
4939,亞電,30,0,30,第一金-員林,2024-02-19,5381
2303,聯電,29,1,28,第一金-員林,2024-02-19,5381
4960,誠美材,31,4,27,第一金-員林,2024-02-19,5381
00637L,元大滬深300正2,28,4,24,第一金-員林,2024-02-19,5381
4909,新復興,27,4,23,第一金-員林,2024-02-19,5381
9105,泰金寶-DR,52,29,23,第一金-員林,2024-02-19,5381
00882,中信中國高股息,24,2,22,第一金-員林,2024-02-19,5381
2812,台中銀,22,0,22,第一金-員林,2024-02-19,5381
00679B,元大美債20年,21,0,21,第一金-員林,2024-02-19,5381
1513,中興電,32,12,20,第一金-員林,2024-02-19,5381
00673R,期元大S＆P原油反1,20,0,20,第一金-員林,2024-02-19,5381
1626,艾美特-KY,20,0,20,第一金-員林,2024-02-19,5381
2405,輔信,30,11,19,第一金-員林,2024-02-19,5381
6274,台燿,25,7,18,第一金-員林,2024-02-19,5381
2365,昆盈,71,54,17,第一金-員林,2024-02-19,5381
1440,南紡,17,0,17,第一金-員林,2024-02-19,5381
8046,南電,21,4,17,第一金-員林,2024-02-19,5381
8422,可寧衛,15,0,15,第一金-員林,2024-02-19,5381
2408,南亞科,14,0,14,第一金-員林,2024-02-19,5381
2890,永豐金,17,3,14,第一金-員林,2024-02-19,5381
2369,菱生,29,15,14,第一金-員林,2024-02-19,5381
00712,復華富時不動產,13,0,13,第一金-員林,2024-02-19,5381
6167,久正,18,5,13,第一金-員林,2024-02-19,5381
2329,華泰,36,24,12,第一金-員林,2024-02-19,5381
4746,台耀,15,3,12,第一金-員林,2024-02-19,5381
3035,智原,14,2,12,第一金-員林,2024-02-19,5381
5443,均豪,25,13,12,第一金-員林,2024-02-19,5381
00665L,富邦�琤肭磪囓�2,11,0,11,第一金-員林,2024-02-19,5381
00891,中信關鍵半導體,11,1,10,第一金-員林,2024-02-19,5381
00639,富邦深100,10,0,10,第一金-員林,2024-02-19,5381
2345,智邦,10,0,10,第一金-員林,2024-02-19,5381
2514,龍邦,10,0,10,第一金-員林,2024-02-19,5381
00715L,期街口布蘭特正2,10,1,9,第一金-員林,2024-02-19,5381
1536,和大,9,0,9,第一金-員林,2024-02-19,5381
5512,力麒,10,1,9,第一金-員林,2024-02-19,5381
6189,豐藝,14,6,8,第一金-員林,2024-02-19,5381
00753L,中信中國50正2,10,2,8,第一金-員林,2024-02-19,5381
3714,富采,9,1,8,第一金-員林,2024-02-19,5381
4533,協易機,8,0,8,第一金-員林,2024-02-19,5381
8110,華東,84,7,77,第一金-員林,2024-02-20,5381
00680L,元大美債20正2,68,1,67,第一金-員林,2024-02-20,5381
00933B,國泰10Y+金融債,50,0,50,第一金-員林,2024-02-20,5381
6414,樺漢,40,0,40,第一金-員林,2024-02-20,5381
8089,康全電訊,38,0,38,第一金-員林,2024-02-20,5381
6274,台燿,32,1,31,第一金-員林,2024-02-20,5381
00720B,元大投資級公司債,31,0,31,第一金-員林,2024-02-20,5381
2324,仁寶,31,0,31,第一金-員林,2024-02-20,5381
9105,泰金寶-DR,32,2,30,第一金-員林,2024-02-20,5381
3588,通嘉,30,1,29,第一金-員林,2024-02-20,5381
00632R,元大台灣50反1,29,0,29,第一金-員林,2024-02-20,5381
00679B,元大美債20年,25,0,25,第一金-員林,2024-02-20,5381
00937B,群益ESG投等債20,31,6,25,第一金-員林,2024-02-20,5381
2618,長榮航,22,0,22,第一金-員林,2024-02-20,5381
1806,冠軍,22,0,22,第一金-員林,2024-02-20,5381
3466,德晉,22,0,22,第一金-員林,2024-02-20,5381
6285,啟��,22,0,22,第一金-員林,2024-02-20,5381
3221,台嘉碩,21,0,21,第一金-員林,2024-02-20,5381
00673R,期元大S＆P原油反1,20,0,20,第一金-員林,2024-02-20,5381
2002,中鋼,20,0,20,第一金-員林,2024-02-20,5381
5512,力麒,20,1,19,第一金-員林,2024-02-20,5381
4960,誠美材,37,20,17,第一金-員林,2024-02-20,5381
2355,敬鵬,20,5,15,第一金-員林,2024-02-20,5381
00696B,富邦美債20年,15,0,15,第一金-員林,2024-02-20,5381
2888,新光金,16,2,14,第一金-員林,2024-02-20,5381
3035,智原,15,0,15,第一金-員林,2024-02-20,5381
00931B,統一美債20年,14,0,14,第一金-員林,2024-02-20,5381
2367,燿華,19,5,14,第一金-員林,2024-02-20,5381
3706,神達,17,3,14,第一金-員林,2024-02-20,5381
00795B,中信美國公債20年,13,0,13,第一金-員林,2024-02-20,5381
00772B,中信高評級公司債,13,0,13,第一金-員林,2024-02-20,5381
8926,台汽電,17,4,13,第一金-員林,2024-02-20,5381
2371,大同,17,5,12,第一金-員林,2024-02-20,5381
00687B,國泰20年美債,13,1,12,第一金-員林,2024-02-20,5381
1815,富喬,17,5,12,第一金-員林,2024-02-20,5381
2105,正新,12,1,11,第一金-員林,2024-02-20,5381
2880,華南金,11,0,11,第一金-員林,2024-02-20,5381
6188,廣明,12,1,11,第一金-員林,2024-02-20,5381
6799,來頡,11,0,11,第一金-員林,2024-02-20,5381
2382,廣達,13,2,11,第一金-員林,2024-02-20,5381
6125,廣運,23,13,10,第一金-員林,2024-02-20,5381
00894,中信小資高價30,10,0,10,第一金-員林,2024-02-20,5381
1616,億泰,10,0,10,第一金-員林,2024-02-20,5381
2332,友訊,10,0,10,第一金-員林,2024-02-20,5381
2427,三商電,10,0,10,第一金-員林,2024-02-20,5381
2890,永豐金,10,0,10,第一金-員林,2024-02-20,5381
3576,聯合再生,10,0,10,第一金-員林,2024-02-20,5381
4303,信立,12,2,10,第一金-員林,2024-02-20,5381
4414,如興,10,0,10,第一金-員林,2024-02-20,5381
4588,玖鼎電力,10,0,10,第一金-員林,2024-02-20,5381
00937B,群益ESG投等債20,447,10,437,第一金-員林,2024-02-21,5381
9103,美德醫療-DR,117,5,112,第一金-員林,2024-02-21,5381
00664R,國泰臺灣加權反1,100,0,100,第一金-員林,2024-02-21,5381
00637L,元大滬深300正2,110,20,90,第一金-員林,2024-02-21,5381
3481,群創,81,5,76,第一金-員林,2024-02-21,5381
3047,訊舟,82,14,68,第一金-員林,2024-02-21,5381
5880,合庫金,60,4,56,第一金-員林,2024-02-21,5381
00931B,統一美債20年,54,0,54,第一金-員林,2024-02-21,5381
00878,國泰永續高股息,73,19,54,第一金-員林,2024-02-21,5381
8092,建暐,45,0,45,第一金-員林,2024-02-21,5381
4979,華星光,54,13,41,第一金-員林,2024-02-21,5381
3231,緯創,50,15,35,第一金-員林,2024-02-21,5381
00751B,元大AAA至A公司債,33,0,33,第一金-員林,2024-02-21,5381
3607,谷崧,31,0,31,第一金-員林,2024-02-21,5381
00687B,國泰20年美債,31,1,30,第一金-員林,2024-02-21,5381
00712,復華富時不動產,27,0,27,第一金-員林,2024-02-21,5381
00753L,中信中國50正2,35,10,25,第一金-員林,2024-02-21,5381
5381,合正,26,1,25,第一金-員林,2024-02-21,5381
6282,康舒,22,1,21,第一金-員林,2024-02-21,5381
00650L,復華香港正2,20,0,20,第一金-員林,2024-02-21,5381
2443,昶虹,20,0,20,第一金-員林,2024-02-21,5381
2303,聯電,19,0,19,第一金-員林,2024-02-21,5381
00679B,元大美債20年,17,0,17,第一金-員林,2024-02-21,5381
6153,嘉聯益,17,0,17,第一金-員林,2024-02-21,5381
00891,中信關鍵半導體,16,0,16,第一金-員林,2024-02-21,5381
2884,玉山金,16,0,16,第一金-員林,2024-02-21,5381
5521,工信,25,9,16,第一金-員林,2024-02-21,5381
2379,瑞昱,16,1,15,第一金-員林,2024-02-21,5381
00894,中信小資高價30,15,0,15,第一金-員林,2024-02-21,5381
2514,龍邦,15,0,15,第一金-員林,2024-02-21,5381
00881,國泰台灣5G+,14,0,14,第一金-員林,2024-02-21,5381
00935,野村臺灣新科技50,14,1,13,第一金-員林,2024-02-21,5381
00639,富邦深100,13,0,13,第一金-員林,2024-02-21,5381
00680L,元大美債20正2,12,0,12,第一金-員林,2024-02-21,5381
2515,中工,12,0,12,第一金-員林,2024-02-21,5381
6578,達邦蛋白,14,2,12,第一金-員林,2024-02-21,5381
3466,德晉,11,0,11,第一金-員林,2024-02-21,5381
3706,神達,10,0,10,第一金-員林,2024-02-21,5381
00795B,中信美國公債20年,10,0,10,第一金-員林,2024-02-21,5381
00715L,期街口布蘭特正2,10,0,10,第一金-員林,2024-02-21,5381
1616,億泰,10,0,10,第一金-員林,2024-02-21,5381
3576,聯合再生,10,0,10,第一金-員林,2024-02-21,5381
6197,佳必琪,10,0,10,第一金-員林,2024-02-21,5381
2637,慧洋-KY,13,3,10,第一金-員林,2024-02-21,5381
2534,宏盛,11,2,9,第一金-員林,2024-02-21,5381
6799,來頡,10,1,9,第一金-員林,2024-02-21,5381
9105,泰金寶-DR,121,112,9,第一金-員林,2024-02-21,5381
00929,復華台灣科技優息,20,11,9,第一金-員林,2024-02-21,5381
5443,均豪,13,5,8,第一金-員林,2024-02-21,5381
00922,國泰台灣領袖50,8,0,8,第一金-員林,2024-02-21,5381
00720B,元大投資級公司債,297,0,297,第一金-員林,2024-02-22,5381
00664R,國泰臺灣加權反1,200,0,200,第一金-員林,2024-02-22,5381
2610,華航,103,0,103,第一金-員林,2024-02-22,5381
00937B,群益ESG投等債20,89,6,83,第一金-員林,2024-02-22,5381
00931B,統一美債20年,59,0,59,第一金-員林,2024-02-22,5381
00650L,復華香港正2,51,0,51,第一金-員林,2024-02-22,5381
2371,大同,67,25,42,第一金-員林,2024-02-22,5381
00679B,元大美債20年,39,0,39,第一金-員林,2024-02-22,5381
00687B,國泰20年美債,33,0,33,第一金-員林,2024-02-22,5381
00933B,國泰10Y+金融債,30,0,30,第一金-員林,2024-02-22,5381
00795B,中信美國公債20年,30,0,30,第一金-員林,2024-02-22,5381
2618,長榮航,30,3,27,第一金-員林,2024-02-22,5381
2883,凱基金,28,1,27,第一金-員林,2024-02-22,5381
8105,凌巨,27,0,27,第一金-員林,2024-02-22,5381
00753L,中信中國50正2,21,0,21,第一金-員林,2024-02-22,5381
1809,中釉,25,4,21,第一金-員林,2024-02-22,5381
6207,雷科,32,11,21,第一金-員林,2024-02-22,5381
2356,英業達,54,35,19,第一金-員林,2024-02-22,5381
2301,光寶科,21,3,18,第一金-員林,2024-02-22,5381
2328,廣宇,23,5,18,第一金-員林,2024-02-22,5381
2489,瑞軒,24,7,17,第一金-員林,2024-02-22,5381
4945,陞達科技,20,3,17,第一金-員林,2024-02-22,5381
6531,愛普*,17,0,17,第一金-員林,2024-02-22,5381
2408,南亞科,16,0,16,第一金-員林,2024-02-22,5381
2367,燿華,21,7,14,第一金-員林,2024-02-22,5381
2379,瑞昱,15,1,14,第一金-員林,2024-02-22,5381
6116,彩晶,20,6,14,第一金-員林,2024-02-22,5381
1513,中興電,37,23,14,第一金-員林,2024-02-22,5381
00929,復華台灣科技優息,67,54,13,第一金-員林,2024-02-22,5381
4114,健喬,15,2,13,第一金-員林,2024-02-22,5381
5272,笙科,13,0,13,第一金-員林,2024-02-22,5381
00891,中信關鍵半導體,13,1,12,第一金-員林,2024-02-22,5381
4746,台耀,12,0,12,第一金-員林,2024-02-22,5381
8086,宏捷科,12,1,11,第一金-員林,2024-02-22,5381
00725B,國泰投資級公司債,11,0,11,第一金-員林,2024-02-22,5381
00680L,元大美債20正2,11,0,11,第一金-員林,2024-02-22,5381
2014,中鴻,12,1,11,第一金-員林,2024-02-22,5381
3041,揚智,28,17,11,第一金-員林,2024-02-22,5381
2444,兆勁,10,0,10,第一金-員林,2024-02-22,5381
2376,技嘉,21,11,10,第一金-員林,2024-02-22,5381
3035,智原,12,2,10,第一金-員林,2024-02-22,5381
3576,聯合再生,10,0,10,第一金-員林,2024-02-22,5381
00696B,富邦美債20年,10,0,10,第一金-員林,2024-02-22,5381
1909,榮成,10,0,10,第一金-員林,2024-02-22,5381
2633,台灣高鐵,10,0,10,第一金-員林,2024-02-22,5381
5443,均豪,17,7,10,第一金-員林,2024-02-22,5381
6142,友勁,10,0,10,第一金-員林,2024-02-22,5381
00934,中信成長高股息,10,1,9,第一金-員林,2024-02-22,5381
3712,永崴投控,9,0,9,第一金-員林,2024-02-22,5381
5301,寶得利,9,0,9,第一金-員林,2024-02-22,5381
00937B,群益ESG投等債20,122,10,112,第一金-員林,2024-02-23,5381
00664R,國泰臺灣加權反1,105,0,105,第一金-員林,2024-02-23,5381
5880,合庫金,77,13,64,第一金-員林,2024-02-23,5381
2892,第一金,72,9,63,第一金-員林,2024-02-23,5381
00929,復華台灣科技優息,127,67,60,第一金-員林,2024-02-23,5381
2002,中鋼,68,9,59,第一金-員林,2024-02-23,5381
00933B,國泰10Y+金融債,56,0,56,第一金-員林,2024-02-23,5381
6274,台燿,60,7,53,第一金-員林,2024-02-23,5381
2610,華航,42,0,42,第一金-員林,2024-02-23,5381
8011,台通,36,2,34,第一金-員林,2024-02-23,5381
8040,九暘,33,4,29,第一金-員林,2024-02-23,5381
00919,群益台灣精選高息,71,44,27,第一金-員林,2024-02-23,5381
00878,國泰永續高股息,124,98,26,第一金-員林,2024-02-23,5381
1536,和大,26,1,25,第一金-員林,2024-02-23,5381
00687B,國泰20年美債,23,0,23,第一金-員林,2024-02-23,5381
1316,上曜,30,8,22,第一金-員林,2024-02-23,5381
2356,英業達,30,9,21,第一金-員林,2024-02-23,5381
00679B,元大美債20年,21,0,21,第一金-員林,2024-02-23,5381
3081,聯亞,25,4,21,第一金-員林,2024-02-23,5381
3481,群創,22,1,21,第一金-員林,2024-02-23,5381
00934,中信成長高股息,20,0,20,第一金-員林,2024-02-23,5381
2331,精英,20,1,19,第一金-員林,2024-02-23,5381
8064,東捷,41,23,18,第一金-員林,2024-02-23,5381
2328,廣宇,17,0,17,第一金-員林,2024-02-23,5381
2888,新光金,17,0,17,第一金-員林,2024-02-23,5381
8059,凱碩,37,21,16,第一金-員林,2024-02-23,5381
3209,全科,15,0,15,第一金-員林,2024-02-23,5381
6530,創威,19,4,15,第一金-員林,2024-02-23,5381
5469,瀚宇博,14,0,14,第一金-員林,2024-02-23,5381
4960,誠美材,24,10,14,第一金-員林,2024-02-23,5381
00632R,元大台灣50反1,14,0,14,第一金-員林,2024-02-23,5381
2313,華通,33,20,13,第一金-員林,2024-02-23,5381
3231,緯創,37,24,13,第一金-員林,2024-02-23,5381
2421,建準,20,7,13,第一金-員林,2024-02-23,5381
5272,笙科,13,0,13,第一金-員林,2024-02-23,5381
2609,陽明,24,12,12,第一金-員林,2024-02-23,5381
2382,廣達,17,5,12,第一金-員林,2024-02-23,5381
2915,潤泰全,12,0,12,第一金-員林,2024-02-23,5381
6141,柏承,17,5,12,第一金-員林,2024-02-23,5381
8096,擎亞,15,3,12,第一金-員林,2024-02-23,5381
3037,欣興,12,1,11,第一金-員林,2024-02-23,5381
2367,燿華,12,1,11,第一金-員林,2024-02-23,5381
2812,台中銀,12,1,11,第一金-員林,2024-02-23,5381
2884,玉山金,11,0,11,第一金-員林,2024-02-23,5381
3576,聯合再生,10,0,10,第一金-員林,2024-02-23,5381
6116,彩晶,10,0,10,第一金-員林,2024-02-23,5381
00905,FT臺灣Smart,10,0,10,第一金-員林,2024-02-23,5381
00671R,富邦NASDAQ反1,10,0,10,第一金-員林,2024-02-23,5381
1409,新纖,10,0,10,第一金-員林,2024-02-23,5381
3556,禾瑞亞,10,0,10,第一金-員林,2024-02-23,5381
00933B,國泰10Y+金融債,379,3,376,第一金-員林,2024-02-26,5381
00878,國泰永續高股息,293,48,245,第一金-員林,2024-02-26,5381
00679B,元大美債20年,240,0,240,第一金-員林,2024-02-26,5381
00937B,群益ESG投等債20,103,15,88,第一金-員林,2024-02-26,5381
2344,華邦電,70,2,68,第一金-員林,2024-02-26,5381
6104,創惟,64,1,63,第一金-員林,2024-02-26,5381
1609,大亞,67,13,54,第一金-員林,2024-02-26,5381
00929,復華台灣科技優息,59,11,48,第一金-員林,2024-02-26,5381
8040,九暘,54,15,39,第一金-員林,2024-02-26,5381
5521,工信,40,1,39,第一金-員林,2024-02-26,5381
00891,中信關鍵半導體,33,0,33,第一金-員林,2024-02-26,5381
00687B,國泰20年美債,23,1,22,第一金-員林,2024-02-26,5381
00934,中信成長高股息,21,0,21,第一金-員林,2024-02-26,5381
6292,迅德,23,2,21,第一金-員林,2024-02-26,5381
00918,大華優利高填息30,21,0,21,第一金-員林,2024-02-26,5381
2834,臺企銀,22,1,21,第一金-員林,2024-02-26,5381
3583,辛耘,23,3,20,第一金-員林,2024-02-26,5381
00795B,中信美國公債20年,20,0,20,第一金-員林,2024-02-26,5381
8092,建暐,20,0,20,第一金-員林,2024-02-26,5381
3390,旭軟,20,1,19,第一金-員林,2024-02-26,5381
5381,合正,21,2,19,第一金-員林,2024-02-26,5381
2329,華泰,37,20,17,第一金-員林,2024-02-26,5381
6125,廣運,32,15,17,第一金-員林,2024-02-26,5381
3706,神達,18,2,16,第一金-員林,2024-02-26,5381
00712,復華富時不動產,16,0,16,第一金-員林,2024-02-26,5381
00885,富邦越南,17,2,15,第一金-員林,2024-02-26,5381
1437,勤益控,15,0,15,第一金-員林,2024-02-26,5381
2883,凱基金,15,0,15,第一金-員林,2024-02-26,5381
6005,群益證,14,0,14,第一金-員林,2024-02-26,5381
2884,玉山金,21,7,14,第一金-員林,2024-02-26,5381
00882,中信中國高股息,13,0,13,第一金-員林,2024-02-26,5381
2369,菱生,13,1,12,第一金-員林,2024-02-26,5381
00919,群益台灣精選高息,27,15,12,第一金-員林,2024-02-26,5381
2449,京元電子,12,0,12,第一金-員林,2024-02-26,5381
2762,世界健身-KY,12,0,12,第一金-員林,2024-02-26,5381
3231,緯創,15,4,11,第一金-員林,2024-02-26,5381
1529,樂事綠能,42,31,11,第一金-員林,2024-02-26,5381
2303,聯電,13,3,10,第一金-員林,2024-02-26,5381
00927,群益半導體收益,10,0,10,第一金-員林,2024-02-26,5381
00715L,期街口布蘭特正2,10,0,10,第一金-員林,2024-02-26,5381
1616,億泰,10,0,10,第一金-員林,2024-02-26,5381
1626,艾美特-KY,10,0,10,第一金-員林,2024-02-26,5381
5512,力麒,10,0,10,第一金-員林,2024-02-26,5381
5607,遠雄港,15,5,10,第一金-員林,2024-02-26,5381
6167,久正,10,0,10,第一金-員林,2024-02-26,5381
6168,宏齊,12,2,10,第一金-員林,2024-02-26,5381
6207,雷科,21,11,10,第一金-員林,2024-02-26,5381
2313,華通,26,17,9,第一金-員林,2024-02-26,5381
2443,昶虹,9,0,9,第一金-員林,2024-02-26,5381
8059,凱碩,16,7,9,第一金-員林,2024-02-26,5381
00937B,群益ESG投等債20,298,3,295,第一金-員林,2024-02-27,5381
00878,國泰永續高股息,284,19,265,第一金-員林,2024-02-27,5381
2888,新光金,106,10,96,第一金-員林,2024-02-27,5381
1711,永光,109,18,91,第一金-員林,2024-02-27,5381
2834,臺企銀,61,1,60,第一金-員林,2024-02-27,5381
8271,宇瞻,57,1,56,第一金-員林,2024-02-27,5381
2609,陽明,56,2,54,第一金-員林,2024-02-27,5381
00720B,元大投資級公司債,41,0,41,第一金-員林,2024-02-27,5381
00919,群益台灣精選高息,99,60,39,第一金-員林,2024-02-27,5381
1108,幸福,36,0,36,第一金-員林,2024-02-27,5381
2014,中鴻,36,0,36,第一金-員林,2024-02-27,5381
00933B,國泰10Y+金融債,40,5,35,第一金-員林,2024-02-27,5381
6125,廣運,40,6,34,第一金-員林,2024-02-27,5381
1529,樂事綠能,72,38,34,第一金-員林,2024-02-27,5381
1727,中華化,39,6,33,第一金-員林,2024-02-27,5381
00935,野村臺灣新科技50,31,0,31,第一金-員林,2024-02-27,5381
00918,大華優利高填息30,29,0,29,第一金-員林,2024-02-27,5381
2002,中鋼,27,1,26,第一金-員林,2024-02-27,5381
2438,翔耀,25,0,25,第一金-員林,2024-02-27,5381
6177,達麗,25,0,25,第一金-員林,2024-02-27,5381
6237,驊訊,23,2,21,第一金-員林,2024-02-27,5381
3413,京鼎,23,3,20,第一金-員林,2024-02-27,5381
5301,寶得利,18,0,18,第一金-員林,2024-02-27,5381
00679B,元大美債20年,22,6,16,第一金-員林,2024-02-27,5381
1513,中興電,31,16,15,第一金-員林,2024-02-27,5381
00934,中信成長高股息,20,5,15,第一金-員林,2024-02-27,5381
00922,國泰台灣領袖50,15,0,15,第一金-員林,2024-02-27,5381
8210,勤誠,15,0,15,第一金-員林,2024-02-27,5381
3035,智原,19,5,14,第一金-員林,2024-02-27,5381
3227,原相,19,5,14,第一金-員林,2024-02-27,5381
00687B,國泰20年美債,13,0,13,第一金-員林,2024-02-27,5381
3576,聯合再生,13,0,13,第一金-員林,2024-02-27,5381
4746,台耀,13,1,12,第一金-員林,2024-02-27,5381
00927,群益半導體收益,24,13,11,第一金-員林,2024-02-27,5381
6233,旺玖,28,17,11,第一金-員林,2024-02-27,5381
9105,泰金寶-DR,11,0,11,第一金-員林,2024-02-27,5381
00688L,國泰20年美債正2,10,0,10,第一金-員林,2024-02-27,5381
00795B,中信美國公債20年,10,0,10,第一金-員林,2024-02-27,5381
2313,華通,14,4,10,第一金-員林,2024-02-27,5381
2542,興富發,10,0,10,第一金-員林,2024-02-27,5381
6213,聯茂,10,0,10,第一金-員林,2024-02-27,5381
6799,來頡,10,0,10,第一金-員林,2024-02-27,5381
3481,群創,32,23,9,第一金-員林,2024-02-27,5381
4945,陞達科技,9,0,9,第一金-員林,2024-02-27,5381
6218,豪勉,25,16,9,第一金-員林,2024-02-27,5381
2329,華泰,17,8,9,第一金-員林,2024-02-27,5381
2812,台中銀,9,1,8,第一金-員林,2024-02-27,5381
2614,東森,8,0,8,第一金-員林,2024-02-27,5381
3149,正達,8,0,8,第一金-員林,2024-02-27,5381
00751B,元大AAA至A公司債,7,0,7,第一金-員林,2024-02-27,5381
00937B,群益ESG投等債20,131,1,130,第一金-員林,2024-02-29,5381
9103,美德醫療-DR,121,23,98,第一金-員林,2024-02-29,5381
00919,群益台灣精選高息,68,5,63,第一金-員林,2024-02-29,5381
2014,中鴻,55,1,54,第一金-員林,2024-02-29,5381
6126,信音,38,0,38,第一金-員林,2024-02-29,5381
2355,敬鵬,40,3,37,第一金-員林,2024-02-29,5381
8271,宇瞻,42,7,35,第一金-員林,2024-02-29,5381
5452,佶優,39,5,34,第一金-員林,2024-02-29,5381
6120,達運,29,0,29,第一金-員林,2024-02-29,5381
6233,旺玖,34,6,28,第一金-員林,2024-02-29,5381
00878,國泰永續高股息,30,3,27,第一金-員林,2024-02-29,5381
00929,復華台灣科技優息,31,7,24,第一金-員林,2024-02-29,5381
8926,台汽電,30,6,24,第一金-員林,2024-02-29,5381
5521,工信,27,3,24,第一金-員林,2024-02-29,5381
2892,第一金,22,0,22,第一金-員林,2024-02-29,5381
00712,復華富時不動產,21,0,21,第一金-員林,2024-02-29,5381
00687B,國泰20年美債,21,1,20,第一金-員林,2024-02-29,5381
6715,嘉基,20,0,20,第一金-員林,2024-02-29,5381
1618,合機,18,0,18,第一金-員林,2024-02-29,5381
2884,玉山金,18,1,17,第一金-員林,2024-02-29,5381
9105,泰金寶-DR,36,20,16,第一金-員林,2024-02-29,5381
6207,雷科,26,13,13,第一金-員林,2024-02-29,5381
1528,恩德,12,0,12,第一金-員林,2024-02-29,5381
2618,長榮航,11,0,11,第一金-員林,2024-02-29,5381
3466,德晉,12,1,11,第一金-員林,2024-02-29,5381
8059,凱碩,15,4,11,第一金-員林,2024-02-29,5381
3588,通嘉,12,2,10,第一金-員林,2024-02-29,5381
2303,聯電,12,2,10,第一金-員林,2024-02-29,5381
00696B,富邦美債20年,10,0,10,第一金-員林,2024-02-29,5381
00637L,元大滬深300正2,10,0,10,第一金-員林,2024-02-29,5381
00665L,富邦�琤肭磪囓�2,20,10,10,第一金-員林,2024-02-29,5381
00904,新光臺灣半導體30,10,0,10,第一金-員林,2024-02-29,5381
2547,日勝生,10,0,10,第一金-員林,2024-02-29,5381
3231,緯創,22,13,9,第一金-員林,2024-02-29,5381
2305,全友,9,0,9,第一金-員林,2024-02-29,5381
1101,台泥,9,0,9,第一金-員林,2024-02-29,5381
3078,僑威,8,0,8,第一金-員林,2024-02-29,5381
00751B,元大AAA至A公司債,7,0,7,第一金-員林,2024-02-29,5381
00857B,永豐20年美公債,7,0,7,第一金-員林,2024-02-29,5381
2331,精英,7,0,7,第一金-員林,2024-02-29,5381
2332,友訊,7,0,7,第一金-員林,2024-02-29,5381
8358,金居,7,0,7,第一金-員林,2024-02-29,5381
00933B,國泰10Y+金融債,7,1,6,第一金-員林,2024-02-29,5381
1711,永光,7,1,6,第一金-員林,2024-02-29,5381
2324,仁寶,6,0,6,第一金-員林,2024-02-29,5381
2538,基泰,6,0,6,第一金-員林,2024-02-29,5381
3312,弘憶股,10,4,6,第一金-員林,2024-02-29,5381
3437,榮創,6,0,6,第一金-員林,2024-02-29,5381
6576,逸達,6,0,6,第一金-員林,2024-02-29,5381
8096,擎亞,7,1,6,第一金-員林,2024-02-29,5381
00919,群益台灣精選高息,236,68,168,第一金-員林,2024-03-01,5381
3481,群創,153,50,103,第一金-員林,2024-03-01,5381
9103,美德醫療-DR,125,24,101,第一金-員林,2024-03-01,5381
00937B,群益ESG投等債20,99,2,97,第一金-員林,2024-03-01,5381
3231,緯創,122,29,93,第一金-員林,2024-03-01,5381
8926,台汽電,73,2,71,第一金-員林,2024-03-01,5381
2014,中鴻,63,0,63,第一金-員林,2024-03-01,5381
00918,大華優利高填息30,53,0,53,第一金-員林,2024-03-01,5381
00676R,富邦臺灣加權反1,50,0,50,第一金-員林,2024-03-01,5381
6233,旺玖,54,7,47,第一金-員林,2024-03-01,5381
4402,郡都開發,45,2,43,第一金-員林,2024-03-01,5381
2002,中鋼,42,1,41,第一金-員林,2024-03-01,5381
2888,新光金,35,0,35,第一金-員林,2024-03-01,5381
1603,華電,32,1,31,第一金-員林,2024-03-01,5381
2371,大同,49,19,30,第一金-員林,2024-03-01,5381
1101,台泥,36,6,30,第一金-員林,2024-03-01,5381
6141,柏承,29,0,29,第一金-員林,2024-03-01,5381
6126,信音,26,1,25,第一金-員林,2024-03-01,5381
3035,智原,27,5,22,第一金-員林,2024-03-01,5381
6120,達運,22,0,22,第一金-員林,2024-03-01,5381
2913,農林,18,2,16,第一金-員林,2024-03-01,5381
2025,千興,15,0,15,第一金-員林,2024-03-01,5381
3230,錦明,15,0,15,第一金-員林,2024-03-01,5381
3322,建舜電,15,0,15,第一金-員林,2024-03-01,5381
3360,尚立,19,6,13,第一金-員林,2024-03-01,5381
6167,久正,13,0,13,第一金-員林,2024-03-01,5381
6288,聯嘉,34,22,12,第一金-員林,2024-03-01,5381
2392,正崴,15,4,11,第一金-員林,2024-03-01,5381
3363,上詮,11,0,11,第一金-員林,2024-03-01,5381
9933,中鼎,12,1,11,第一金-員林,2024-03-01,5381
006208,富邦台50,13,3,10,第一金-員林,2024-03-01,5381
3588,通嘉,11,1,10,第一金-員林,2024-03-01,5381
00706L,期元大S＆P日圓正2,10,0,10,第一金-員林,2024-03-01,5381
00665L,富邦�琤肭磪囓�2,20,10,10,第一金-員林,2024-03-01,5381
1614,三洋電,10,0,10,第一金-員林,2024-03-01,5381
2367,燿華,33,23,10,第一金-員林,2024-03-01,5381
3622,洋華,10,0,10,第一金-員林,2024-03-01,5381
4999,鑫禾,10,0,10,第一金-員林,2024-03-01,5381
5521,工信,13,3,10,第一金-員林,2024-03-01,5381
8011,台通,30,20,10,第一金-員林,2024-03-01,5381
6005,群益證,9,0,9,第一金-員林,2024-03-01,5381
8422,可寧衛,9,0,9,第一金-員林,2024-03-01,5381
1524,耿鼎,8,0,8,第一金-員林,2024-03-01,5381
2408,南亞科,8,0,8,第一金-員林,2024-03-01,5381
4909,新復興,11,4,7,第一金-員林,2024-03-01,5381
6770,力積電,10,2,8,第一金-員林,2024-03-01,5381
1727,中華化,18,11,7,第一金-員林,2024-03-01,5381
2409,友達,7,0,7,第一金-員林,2024-03-01,5381
8105,凌巨,12,5,7,第一金-員林,2024-03-01,5381
2618,長榮航,8,1,7,第一金-員林,2024-03-01,5381
00919,群益台灣精選高息,1515,23,1492,第一金-員林,2024-03-04,5381
00664R,國泰臺灣加權反1,100,0,100,第一金-員林,2024-03-04,5381
1304,台聚,100,0,100,第一金-員林,2024-03-04,5381
1316,上曜,101,23,78,第一金-員林,2024-03-04,5381
00878,國泰永續高股息,78,5,73,第一金-員林,2024-03-04,5381
00937B,群益ESG投等債20,55,1,54,第一金-員林,2024-03-04,5381
1314,中石化,50,0,50,第一金-員林,2024-03-04,5381
00918,大華優利高填息30,46,0,46,第一金-員林,2024-03-04,5381
00712,復華富時不動產,46,0,46,第一金-員林,2024-03-04,5381
2324,仁寶,108,67,41,第一金-員林,2024-03-04,5381
00632R,元大台灣50反1,29,0,29,第一金-員林,2024-03-04,5381
2014,中鴻,28,0,28,第一金-員林,2024-03-04,5381
00687B,國泰20年美債,31,9,22,第一金-員林,2024-03-04,5381
00933B,國泰10Y+金融債,20,0,20,第一金-員林,2024-03-04,5381
2883,凱基金,21,2,19,第一金-員林,2024-03-04,5381
2457,飛宏,20,3,17,第一金-員林,2024-03-04,5381
1514,亞力,24,8,16,第一金-員林,2024-03-04,5381
4968,立積,36,21,15,第一金-員林,2024-03-04,5381
00665L,富邦�琤肭磪囓�2,25,10,15,第一金-員林,2024-03-04,5381
5880,合庫金,16,1,15,第一金-員林,2024-03-04,5381
8105,凌巨,13,0,13,第一金-員林,2024-03-04,5381
1909,榮成,12,0,12,第一金-員林,2024-03-04,5381
2380,虹光,12,0,12,第一金-員林,2024-03-04,5381
2610,華航,13,1,12,第一金-員林,2024-03-04,5381
3227,原相,12,1,11,第一金-員林,2024-03-04,5381
6290,良維,12,1,11,第一金-員林,2024-03-04,5381
1303,南亞,11,0,11,第一金-員林,2024-03-04,5381
1614,三洋電,11,0,11,第一金-員林,2024-03-04,5381
4198,欣大健康,11,0,11,第一金-員林,2024-03-04,5381
6167,久正,26,15,11,第一金-員林,2024-03-04,5381
8227,巨有科技,17,6,11,第一金-員林,2024-03-04,5381
2399,映泰,10,0,10,第一金-員林,2024-03-04,5381
2915,潤泰全,10,0,10,第一金-員林,2024-03-04,5381
3714,富采,10,0,10,第一金-員林,2024-03-04,5381
4503,金雨,12,2,10,第一金-員林,2024-03-04,5381
6126,信音,11,1,10,第一金-員林,2024-03-04,5381
6414,樺漢,12,2,10,第一金-員林,2024-03-04,5381
6558,興能高,10,0,10,第一金-員林,2024-03-04,5381
00715L,期街口布蘭特正2,10,1,9,第一金-員林,2024-03-04,5381
3042,晶技,20,11,9,第一金-員林,2024-03-04,5381
4945,陞達科技,9,0,9,第一金-員林,2024-03-04,5381
6122,擎邦,10,1,9,第一金-員林,2024-03-04,5381
8422,可寧衛,9,0,9,第一金-員林,2024-03-04,5381
9958,世紀鋼,9,0,9,第一金-員林,2024-03-04,5381
2382,廣達,29,20,9,第一金-員林,2024-03-04,5381
5285,界霖,8,0,8,第一金-員林,2024-03-04,5381
2353,宏��,34,26,8,第一金-員林,2024-03-04,5381
6005,群益證,30,22,8,第一金-員林,2024-03-04,5381
1513,中興電,24,16,8,第一金-員林,2024-03-04,5381
2206,三陽工業,18,11,7,第一金-員林,2024-03-04,5381
00919,群益台灣精選高息,130,32,98,第一金-員林,2024-03-05,5381
00937B,群益ESG投等債20,120,27,93,第一金-員林,2024-03-05,5381
2337,旺宏,93,0,93,第一金-員林,2024-03-05,5381
2887,台新金,59,2,57,第一金-員林,2024-03-05,5381
00687B,國泰20年美債,55,4,51,第一金-員林,2024-03-05,5381
4707,磐亞,52,2,50,第一金-員林,2024-03-05,5381
8926,台汽電,40,2,38,第一金-員林,2024-03-05,5381
00751B,元大AAA至A公司債,45,9,36,第一金-員林,2024-03-05,5381
00725B,國泰投資級公司債,35,0,35,第一金-員林,2024-03-05,5381
1316,上曜,75,44,31,第一金-員林,2024-03-05,5381
1456,怡華,31,0,31,第一金-員林,2024-03-05,5381
3372,典範,60,29,31,第一金-員林,2024-03-05,5381
2324,仁寶,35,9,26,第一金-員林,2024-03-05,5381
8092,建暐,30,5,25,第一金-員林,2024-03-05,5381
3339,泰谷,25,1,24,第一金-員林,2024-03-05,5381
5488,松普,25,1,24,第一金-員林,2024-03-05,5381
6143,振曜,28,6,22,第一金-員林,2024-03-05,5381
1409,新纖,35,14,21,第一金-員林,2024-03-05,5381
3041,揚智,36,16,20,第一金-員林,2024-03-05,5381
5511,德昌,20,0,20,第一金-員林,2024-03-05,5381
5310,天剛,18,0,18,第一金-員林,2024-03-05,5381
3481,群創,29,12,17,第一金-員林,2024-03-05,5381
2002,中鋼,18,1,17,第一金-員林,2024-03-05,5381
2417,圓剛,21,4,17,第一金-員林,2024-03-05,5381
6414,樺漢,21,4,17,第一金-員林,2024-03-05,5381
1437,勤益控,16,0,16,第一金-員林,2024-03-05,5381
2888,新光金,16,0,16,第一金-員林,2024-03-05,5381
2399,映泰,26,13,13,第一金-員林,2024-03-05,5381
6127,九豪,20,7,13,第一金-員林,2024-03-05,5381
3078,僑威,11,0,11,第一金-員林,2024-03-05,5381
1611,中電,10,0,10,第一金-員林,2024-03-05,5381
1718,中纖,10,0,10,第一金-員林,2024-03-05,5381
2363,矽統,10,0,10,第一金-員林,2024-03-05,5381
2371,大同,26,16,10,第一金-員林,2024-03-05,5381
2516,新建,10,0,10,第一金-員林,2024-03-05,5381
4123,晟德,10,0,10,第一金-員林,2024-03-05,5381
4943,康控-KY,10,0,10,第一金-員林,2024-03-05,5381
6244,茂迪,10,0,10,第一金-員林,2024-03-05,5381
00933B,國泰10Y+金融債,10,1,9,第一金-員林,2024-03-05,5381
00915,凱基優選高股息30,10,1,9,第一金-員林,2024-03-05,5381
3289,宜特,9,0,9,第一金-員林,2024-03-05,5381
3515,華擎,11,2,9,第一金-員林,2024-03-05,5381
3645,達邁,12,3,9,第一金-員林,2024-03-05,5381
4303,信立,11,2,9,第一金-員林,2024-03-05,5381
5706,鳳凰,9,0,9,第一金-員林,2024-03-05,5381
3006,晶豪科,8,0,8,第一金-員林,2024-03-05,5381
3032,偉訓,11,3,8,第一金-員林,2024-03-05,5381
8054,安國,12,4,8,第一金-員林,2024-03-05,5381
3227,原相,8,0,8,第一金-員林,2024-03-05,5381
1101,台泥,7,0,7,第一金-員林,2024-03-05,5381
00918,大華優利高填息30,278,0,278,第一金-員林,2024-03-06,5381
00919,群益台灣精選高息,170,6,164,第一金-員林,2024-03-06,5381
5521,工信,117,14,103,第一金-員林,2024-03-06,5381
1409,新纖,106,6,100,第一金-員林,2024-03-06,5381
00937B,群益ESG投等債20,89,0,89,第一金-員林,2024-03-06,5381
9103,美德醫療-DR,109,33,76,第一金-員林,2024-03-06,5381
2845,遠東銀,68,0,68,第一金-員林,2024-03-06,5381
2014,中鴻,60,0,60,第一金-員林,2024-03-06,5381
1101,台泥,55,1,54,第一金-員林,2024-03-06,5381
3689,湧德,63,17,46,第一金-員林,2024-03-06,5381
1316,上曜,49,5,44,第一金-員林,2024-03-06,5381
2605,新興,40,0,40,第一金-員林,2024-03-06,5381
4960,誠美材,30,0,30,第一金-員林,2024-03-06,5381
00687B,國泰20年美債,31,4,27,第一金-員林,2024-03-06,5381
1437,勤益控,27,1,26,第一金-員林,2024-03-06,5381
1609,大亞,44,18,26,第一金-員林,2024-03-06,5381
3031,佰鴻,23,0,23,第一金-員林,2024-03-06,5381
8926,台汽電,25,2,23,第一金-員林,2024-03-06,5381
6275,元山,27,4,23,第一金-員林,2024-03-06,5381
6163,華電網,31,9,22,第一金-員林,2024-03-06,5381
2002,中鋼,19,0,19,第一金-員林,2024-03-06,5381
8996,高力,20,1,19,第一金-員林,2024-03-06,5381
8011,台通,34,16,18,第一金-員林,2024-03-06,5381
2340,台亞,22,7,15,第一金-員林,2024-03-06,5381
5515,建國,15,0,15,第一金-員林,2024-03-06,5381
8054,安國,20,6,14,第一金-員林,2024-03-06,5381
5309,系統電,17,3,14,第一金-員林,2024-03-06,5381
3694,海華,14,0,14,第一金-員林,2024-03-06,5381
9934,成霖,13,0,13,第一金-員林,2024-03-06,5381
6125,廣運,28,15,13,第一金-員林,2024-03-06,5381
2363,矽統,12,0,12,第一金-員林,2024-03-06,5381
2609,陽明,11,0,11,第一金-員林,2024-03-06,5381
1218,泰山,11,0,11,第一金-員林,2024-03-06,5381
2301,光寶科,12,1,11,第一金-員林,2024-03-06,5381
6806,森崴能源,10,0,10,第一金-員林,2024-03-06,5381
00751B,元大AAA至A公司債,10,0,10,第一金-員林,2024-03-06,5381
1201,味全,10,0,10,第一金-員林,2024-03-06,5381
2867,三商壽,10,0,10,第一金-員林,2024-03-06,5381
4956,光鋐,10,0,10,第一金-員林,2024-03-06,5381
8215,明基材,10,0,10,第一金-員林,2024-03-06,5381
00632R,元大台灣50反1,10,1,9,第一金-員林,2024-03-06,5381
6167,久正,19,10,9,第一金-員林,2024-03-06,5381
3231,緯創,25,17,8,第一金-員林,2024-03-06,5381
0056,元大高股息,15,7,8,第一金-員林,2024-03-06,5381
2399,映泰,9,1,8,第一金-員林,2024-03-06,5381
6117,迎廣,18,10,8,第一金-員林,2024-03-06,5381
00712,復華富時不動產,7,0,7,第一金-員林,2024-03-06,5381
2303,聯電,10,3,7,第一金-員林,2024-03-06,5381
2408,南亞科,7,0,7,第一金-員林,2024-03-06,5381
3715,定穎投控,10,3,7,第一金-員林,2024-03-06,5381
00931B,統一美債20年,301,32,269,第一金-員林,2024-03-07,5381
00919,群益台灣精選高息,238,11,227,第一金-員林,2024-03-07,5381
00918,大華優利高填息30,217,0,217,第一金-員林,2024-03-07,5381
00929,復華台灣科技優息,232,65,167,第一金-員林,2024-03-07,5381
00937B,群益ESG投等債20,149,12,137,第一金-員林,2024-03-07,5381
9103,美德醫療-DR,130,0,130,第一金-員林,2024-03-07,5381
00915,凱基優選高股息30,120,0,120,第一金-員林,2024-03-07,5381
2845,遠東銀,82,1,81,第一金-員林,2024-03-07,5381
1815,富喬,102,46,56,第一金-員林,2024-03-07,5381
2324,仁寶,50,7,43,第一金-員林,2024-03-07,5381
4306,炎洲,40,0,40,第一金-員林,2024-03-07,5381
1905,華紙,37,1,36,第一金-員林,2024-03-07,5381
2355,敬鵬,42,9,33,第一金-員林,2024-03-07,5381
5521,工信,57,24,33,第一金-員林,2024-03-07,5381
3481,群創,40,8,32,第一金-員林,2024-03-07,5381
3689,湧德,38,7,31,第一金-員林,2024-03-07,5381
2421,建準,30,2,28,第一金-員林,2024-03-07,5381
1409,新纖,25,0,25,第一金-員林,2024-03-07,5381
5511,德昌,25,0,25,第一金-員林,2024-03-07,5381
3231,緯創,33,10,23,第一金-員林,2024-03-07,5381
2834,臺企銀,45,24,21,第一金-員林,2024-03-07,5381
3006,晶豪科,21,1,20,第一金-員林,2024-03-07,5381
2014,中鴻,20,0,20,第一金-員林,2024-03-07,5381
2850,新產,20,0,20,第一金-員林,2024-03-07,5381
3489,森寶,20,0,20,第一金-員林,2024-03-07,5381
6120,達運,21,1,20,第一金-員林,2024-03-07,5381
4513,福裕,19,0,19,第一金-員林,2024-03-07,5381
6414,樺漢,20,2,18,第一金-員林,2024-03-07,5381
1316,上曜,51,33,18,第一金-員林,2024-03-07,5381
8034,榮群,24,6,18,第一金-員林,2024-03-07,5381
2313,華通,46,29,17,第一金-員林,2024-03-07,5381
4960,誠美材,17,0,17,第一金-員林,2024-03-07,5381
2105,正新,16,0,16,第一金-員林,2024-03-07,5381
6126,信音,16,0,16,第一金-員林,2024-03-07,5381
6245,立端,16,0,16,第一金-員林,2024-03-07,5381
2836,高雄銀,15,0,15,第一金-員林,2024-03-07,5381
00933B,國泰10Y+金融債,17,2,15,第一金-員林,2024-03-07,5381
6167,久正,15,0,15,第一金-員林,2024-03-07,5381
5498,凱崴,15,0,15,第一金-員林,2024-03-07,5381
8996,高力,16,2,14,第一金-員林,2024-03-07,5381
8054,安國,17,4,13,第一金-員林,2024-03-07,5381
6125,廣運,24,11,13,第一金-員林,2024-03-07,5381
9910,豐泰,15,3,12,第一金-員林,2024-03-07,5381
2371,大同,22,10,12,第一金-員林,2024-03-07,5381
2547,日勝生,15,3,12,第一金-員林,2024-03-07,5381
2419,仲琦,11,0,11,第一金-員林,2024-03-07,5381
3011,今皓,11,0,11,第一金-員林,2024-03-07,5381
6288,聯嘉,11,0,11,第一金-員林,2024-03-07,5381
00857B,永豐20年美公債,10,0,10,第一金-員林,2024-03-07,5381
1517,利奇,10,0,10,第一金-員林,2024-03-07,5381
00931B,統一美債20年,255,0,255,第一金-員林,2024-03-08,5381
00688L,國泰20年美債正2,253,0,253,第一金-員林,2024-03-08,5381
00919,群益台灣精選高息,221,105,116,第一金-員林,2024-03-08,5381
00929,復華台灣科技優息,218,124,94,第一金-員林,2024-03-08,5381
9103,美德醫療-DR,128,65,63,第一金-員林,2024-03-08,5381
00687B,國泰20年美債,66,10,56,第一金-員林,2024-03-08,5381
1815,富喬,60,5,55,第一金-員林,2024-03-08,5381
3006,晶豪科,50,1,49,第一金-員林,2024-03-08,5381
2301,光寶科,51,3,48,第一金-員林,2024-03-08,5381
5521,工信,63,15,48,第一金-員林,2024-03-08,5381
00915,凱基優選高股息30,48,6,42,第一金-員林,2024-03-08,5381
8011,台通,41,2,39,第一金-員林,2024-03-08,5381
2353,宏��,64,33,31,第一金-員林,2024-03-08,5381
2355,敬鵬,30,0,30,第一金-員林,2024-03-08,5381
6770,力積電,30,0,30,第一金-員林,2024-03-08,5381
2836,高雄銀,28,0,28,第一金-員林,2024-03-08,5381
00918,大華優利高填息30,25,3,22,第一金-員林,2024-03-08,5381
00923,群益台ESG低碳50,22,1,21,第一金-員林,2024-03-08,5381
00922,國泰台灣領袖50,21,0,21,第一金-員林,2024-03-08,5381
6120,達運,21,0,21,第一金-員林,2024-03-08,5381
2506,太設,20,0,20,第一金-員林,2024-03-08,5381
3308,聯德,20,0,20,第一金-員林,2024-03-08,5381
2892,第一金,16,0,16,第一金-員林,2024-03-08,5381
00669R,國泰美國道瓊反1,16,0,16,第一金-員林,2024-03-08,5381
3147,大綜,16,0,16,第一金-員林,2024-03-08,5381
1316,上曜,33,18,15,第一金-員林,2024-03-08,5381
6285,啟��,14,0,14,第一金-員林,2024-03-08,5381
8926,台汽電,13,0,13,第一金-員林,2024-03-08,5381
00725B,國泰投資級公司債,13,0,13,第一金-員林,2024-03-08,5381
2915,潤泰全,13,0,13,第一金-員林,2024-03-08,5381
3548,兆利,27,14,13,第一金-員林,2024-03-08,5381
8150,南茂,13,0,13,第一金-員林,2024-03-08,5381
8936,國統,30,17,13,第一金-員林,2024-03-08,5381
6488,環球晶,17,4,13,第一金-員林,2024-03-08,5381
4503,金雨,12,0,12,第一金-員林,2024-03-08,5381
4960,誠美材,13,1,12,第一金-員林,2024-03-08,5381
8358,金居,12,0,12,第一金-員林,2024-03-08,5381
00637L,元大滬深300正2,11,0,11,第一金-員林,2024-03-08,5381
2371,大同,25,14,11,第一金-員林,2024-03-08,5381
2408,南亞科,13,2,11,第一金-員林,2024-03-08,5381
5511,德昌,11,0,11,第一金-員林,2024-03-08,5381
00679B,元大美債20年,13,3,10,第一金-員林,2024-03-08,5381
1303,南亞,10,0,10,第一金-員林,2024-03-08,5381
00680L,元大美債20正2,10,0,10,第一金-員林,2024-03-08,5381
1529,樂事綠能,25,15,10,第一金-員林,2024-03-08,5381
1603,華電,10,0,10,第一金-員林,2024-03-08,5381
4943,康控-KY,10,0,10,第一金-員林,2024-03-08,5381
8054,安國,25,15,10,第一金-員林,2024-03-08,5381
2634,漢翔,13,4,9,第一金-員林,2024-03-08,5381
5498,凱崴,46,37,9,第一金-員林,2024-03-08,5381
00919,群益台灣精選高息,220,52,168,第一金-員林,2024-03-11,5381
00937B,群益ESG投等債20,161,55,106,第一金-員林,2024-03-11,5381
2890,永豐金,90,7,83,第一金-員林,2024-03-11,5381
00632R,元大台灣50反1,100,20,80,第一金-員林,2024-03-11,5381
2618,長榮航,60,1,59,第一金-員林,2024-03-11,5381
00932,兆豐永續高息等權,46,0,46,第一金-員林,2024-03-11,5381
2883,凱基金,121,82,39,第一金-員林,2024-03-11,5381
2308,台達電,34,0,34,第一金-員林,2024-03-11,5381
00929,復華台灣科技優息,36,5,31,第一金-員林,2024-03-11,5381
6234,高僑,28,2,26,第一金-員林,2024-03-11,5381
00687B,國泰20年美債,30,5,25,第一金-員林,2024-03-11,5381
00915,凱基優選高股息30,23,1,22,第一金-員林,2024-03-11,5381
2888,新光金,20,0,20,第一金-員林,2024-03-11,5381
3171,炎洲流通,20,0,20,第一金-員林,2024-03-11,5381
3489,森寶,20,0,20,第一金-員林,2024-03-11,5381
2303,聯電,43,23,20,第一金-員林,2024-03-11,5381
2371,大同,21,4,17,第一金-員林,2024-03-11,5381
00751B,元大AAA至A公司債,18,2,16,第一金-員林,2024-03-11,5381
2367,燿華,26,11,15,第一金-員林,2024-03-11,5381
1101,台泥,15,0,15,第一金-員林,2024-03-11,5381
9910,豐泰,14,1,13,第一金-員林,2024-03-11,5381
00725B,國泰投資級公司債,15,2,13,第一金-員林,2024-03-11,5381
2405,輔信,13,0,13,第一金-員林,2024-03-11,5381
1446,宏和,12,0,12,第一金-員林,2024-03-11,5381
00679B,元大美債20年,12,1,11,第一金-員林,2024-03-11,5381
00715L,期街口布蘭特正2,11,0,11,第一金-員林,2024-03-11,5381
2324,仁寶,12,1,11,第一金-員林,2024-03-11,5381
2610,華航,11,0,11,第一金-員林,2024-03-11,5381
2330,台積電,15,4,11,第一金-員林,2024-03-11,5381
1513,中興電,16,6,10,第一金-員林,2024-03-11,5381
3707,漢磊,21,11,10,第一金-員林,2024-03-11,5381
1104,環泥,10,0,10,第一金-員林,2024-03-11,5381
6116,彩晶,10,0,10,第一金-員林,2024-03-11,5381
1303,南亞,10,0,10,第一金-員林,2024-03-11,5381
1316,上曜,20,10,10,第一金-員林,2024-03-11,5381
1432,大魯閣,10,0,10,第一金-員林,2024-03-11,5381
1457,宜進,10,0,10,第一金-員林,2024-03-11,5381
2356,英業達,18,8,10,第一金-員林,2024-03-11,5381
2609,陽明,12,2,10,第一金-員林,2024-03-11,5381
3016,嘉晶,17,7,10,第一金-員林,2024-03-11,5381
3027,盛達,10,0,10,第一金-員林,2024-03-11,5381
3207,耀勝,10,0,10,第一金-員林,2024-03-11,5381
3576,聯合再生,10,0,10,第一金-員林,2024-03-11,5381
4167,松瑞藥,10,0,10,第一金-員林,2024-03-11,5381
6177,達麗,20,10,10,第一金-員林,2024-03-11,5381
9902,台火,10,0,10,第一金-員林,2024-03-11,5381
3035,智原,10,1,9,第一金-員林,2024-03-11,5381
1605,華新,10,1,9,第一金-員林,2024-03-11,5381
2603,長榮,12,3,9,第一金-員林,2024-03-11,5381
6806,森崴能源,9,0,9,第一金-員林,2024-03-11,5381
00937B,群益ESG投等債20,249,0,249,第一金-員林,2024-03-12,5381
9103,美德醫療-DR,134,21,113,第一金-員林,2024-03-12,5381
2547,日勝生,80,0,80,第一金-員林,2024-03-12,5381
00687B,國泰20年美債,48,4,44,第一金-員林,2024-03-12,5381
4960,誠美材,43,0,43,第一金-員林,2024-03-12,5381
00929,復華台灣科技優息,58,17,41,第一金-員林,2024-03-12,5381
00679B,元大美債20年,32,0,32,第一金-員林,2024-03-12,5381
2367,燿華,42,11,31,第一金-員林,2024-03-12,5381
4503,金雨,27,1,26,第一金-員林,2024-03-12,5381
2610,華航,24,0,24,第一金-員林,2024-03-12,5381
00712,復華富時不動產,24,0,24,第一金-員林,2024-03-12,5381
00680L,元大美債20正2,57,36,21,第一金-員林,2024-03-12,5381
4945,陞達科技,20,0,20,第一金-員林,2024-03-12,5381
00720B,元大投資級公司債,17,0,17,第一金-員林,2024-03-12,5381
2301,光寶科,18,1,17,第一金-員林,2024-03-12,5381
2352,佳世達,22,6,16,第一金-員林,2024-03-12,5381
2409,友達,23,7,16,第一金-員林,2024-03-12,5381
5521,工信,24,8,16,第一金-員林,2024-03-12,5381
8271,宇瞻,16,0,16,第一金-員林,2024-03-12,5381
3230,錦明,15,0,15,第一金-員林,2024-03-12,5381
6160,欣技,15,0,15,第一金-員林,2024-03-12,5381
3231,緯創,42,28,14,第一金-員林,2024-03-12,5381
2355,敬鵬,17,3,14,第一金-員林,2024-03-12,5381
2851,中再保,22,8,14,第一金-員林,2024-03-12,5381
2313,華通,39,25,14,第一金-員林,2024-03-12,5381
3564,其陽,15,2,13,第一金-員林,2024-03-12,5381
3706,神達,23,11,12,第一金-員林,2024-03-12,5381
3708,上緯投控,12,0,12,第一金-員林,2024-03-12,5381
6616,特昇-KY,12,0,12,第一金-員林,2024-03-12,5381
00918,大華優利高填息30,38,27,11,第一金-員林,2024-03-12,5381
00934,中信成長高股息,11,0,11,第一金-員林,2024-03-12,5381
2834,臺企銀,12,1,11,第一金-員林,2024-03-12,5381
3266,昇陽,11,0,11,第一金-員林,2024-03-12,5381
4420,光明,11,0,11,第一金-員林,2024-03-12,5381
5315,光聯,10,0,10,第一金-員林,2024-03-12,5381
00857B,永豐20年美公債,10,0,10,第一金-員林,2024-03-12,5381
2439,美律,11,1,10,第一金-員林,2024-03-12,5381
2809,京城銀,10,0,10,第一金-員林,2024-03-12,5381
2905,三商,10,0,10,第一金-員林,2024-03-12,5381
3171,炎洲流通,10,0,10,第一金-員林,2024-03-12,5381
4513,福裕,10,0,10,第一金-員林,2024-03-12,5381
5511,德昌,10,0,10,第一金-員林,2024-03-12,5381
8996,高力,14,4,10,第一金-員林,2024-03-12,5381
3325,旭品,15,6,9,第一金-員林,2024-03-12,5381
2344,華邦電,10,1,9,第一金-員林,2024-03-12,5381
6285,啟��,10,1,9,第一金-員林,2024-03-12,5381
8926,台汽電,12,3,9,第一金-員林,2024-03-12,5381
2883,凱基金,14,5,9,第一金-員林,2024-03-12,5381
3548,兆利,25,17,8,第一金-員林,2024-03-12,5381
6274,台燿,12,4,8,第一金-員林,2024-03-12,5381
00918,大華優利高填息30,393,5,388,第一金-員林,2024-03-13,5381
2329,華泰,269,7,262,第一金-員林,2024-03-13,5381
00937B,群益ESG投等債20,134,12,122,第一金-員林,2024-03-13,5381
00687B,國泰20年美債,118,0,118,第一金-員林,2024-03-13,5381
9103,美德醫療-DR,98,0,98,第一金-員林,2024-03-13,5381
6125,廣運,80,5,75,第一金-員林,2024-03-13,5381
1316,上曜,113,44,69,第一金-員林,2024-03-13,5381
3071,協禧,60,12,48,第一金-員林,2024-03-13,5381
2027,大成鋼,45,4,41,第一金-員林,2024-03-13,5381
2836,高雄銀,43,4,39,第一金-員林,2024-03-13,5381
00930,永豐ESG低碳高息,39,0,39,第一金-員林,2024-03-13,5381
4960,誠美材,31,0,31,第一金-員林,2024-03-13,5381
00919,群益台灣精選高息,158,127,31,第一金-員林,2024-03-13,5381
00915,凱基優選高股息30,32,3,29,第一金-員林,2024-03-13,5381
4503,金雨,32,3,29,第一金-員林,2024-03-13,5381
2408,南亞科,29,1,28,第一金-員林,2024-03-13,5381
6016,康和證,31,7,24,第一金-員林,2024-03-13,5381
3231,緯創,72,49,23,第一金-員林,2024-03-13,5381
8096,擎亞,22,0,22,第一金-員林,2024-03-13,5381
2344,華邦電,22,0,22,第一金-員林,2024-03-13,5381
00637L,元大滬深300正2,20,0,20,第一金-員林,2024-03-13,5381
1442,名軒,20,0,20,第一金-員林,2024-03-13,5381
00751B,元大AAA至A公司債,20,3,17,第一金-員林,2024-03-13,5381
6216,居易,17,0,17,第一金-員林,2024-03-13,5381
5511,德昌,16,0,16,第一金-員林,2024-03-13,5381
00679B,元大美債20年,20,4,16,第一金-員林,2024-03-13,5381
6616,特昇-KY,15,0,15,第一金-員林,2024-03-13,5381
3715,定穎投控,17,3,14,第一金-員林,2024-03-13,5381
3712,永崴投控,15,1,14,第一金-員林,2024-03-13,5381
8097,常珵,14,0,14,第一金-員林,2024-03-13,5381
00720B,元大投資級公司債,21,8,13,第一金-員林,2024-03-13,5381
1529,樂事綠能,13,0,13,第一金-員林,2024-03-13,5381
2002,中鋼,26,13,13,第一金-員林,2024-03-13,5381
2506,太設,13,0,13,第一金-員林,2024-03-13,5381
5009,榮剛,16,3,13,第一金-員林,2024-03-13,5381
2376,技嘉,13,0,13,第一金-員林,2024-03-13,5381
3706,神達,24,12,12,第一金-員林,2024-03-13,5381
2618,長榮航,22,10,12,第一金-員林,2024-03-13,5381
4945,陞達科技,12,0,12,第一金-員林,2024-03-13,5381
2201,裕隆,11,0,11,第一金-員林,2024-03-13,5381
2538,基泰,11,0,11,第一金-員林,2024-03-13,5381
00665L,富邦�琤肭磪囓�2,70,60,10,第一金-員林,2024-03-13,5381
00706L,期元大S＆P日圓正2,10,0,10,第一金-員林,2024-03-13,5381
1810,和成,10,0,10,第一金-員林,2024-03-13,5381
2014,中鴻,10,0,10,第一金-員林,2024-03-13,5381
2515,中工,10,0,10,第一金-員林,2024-03-13,5381
2542,興富發,10,0,10,第一金-員林,2024-03-13,5381
5381,合正,15,5,10,第一金-員林,2024-03-13,5381
6026,福邦證,10,0,10,第一金-員林,2024-03-13,5381
6625,必應,10,0,10,第一金-員林,2024-03-13,5381
00919,群益台灣精選高息,511,134,377,第一金-員林,2024-03-14,5381
00918,大華優利高填息30,211,15,196,第一金-員林,2024-03-14,5381
00712,復華富時不動產,101,1,100,第一金-員林,2024-03-14,5381
2618,長榮航,98,7,91,第一金-員林,2024-03-14,5381
00929,復華台灣科技優息,102,35,67,第一金-員林,2024-03-14,5381
00937B,群益ESG投等債20,58,0,58,第一金-員林,2024-03-14,5381
2889,國票金,57,5,52,第一金-員林,2024-03-14,5381
00664R,國泰臺灣加權反1,50,0,50,第一金-員林,2024-03-14,5381
3171,炎洲流通,50,0,50,第一金-員林,2024-03-14,5381
6616,特昇-KY,45,0,45,第一金-員林,2024-03-14,5381
3481,群創,33,0,33,第一金-員林,2024-03-14,5381
2851,中再保,29,0,29,第一金-員林,2024-03-14,5381
9103,美德醫療-DR,41,14,27,第一金-員林,2024-03-14,5381
00720B,元大投資級公司債,23,0,23,第一金-員林,2024-03-14,5381
2354,鴻準,21,0,21,第一金-員林,2024-03-14,5381
00923,群益台ESG低碳50,23,3,20,第一金-員林,2024-03-14,5381
00931B,統一美債20年,20,0,20,第一金-員林,2024-03-14,5381
2440,太空梭,20,0,20,第一金-員林,2024-03-14,5381
3230,錦明,20,0,20,第一金-員林,2024-03-14,5381
00882,中信中國高股息,19,4,15,第一金-員林,2024-03-14,5381
2023,燁輝,14,0,14,第一金-員林,2024-03-14,5381
6414,樺漢,14,0,14,第一金-員林,2024-03-14,5381
3231,緯創,15,2,13,第一金-員林,2024-03-14,5381
00687B,國泰20年美債,25,12,13,第一金-員林,2024-03-14,5381
8446,華研,13,0,13,第一金-員林,2024-03-14,5381
00679B,元大美債20年,15,2,13,第一金-員林,2024-03-14,5381
4503,金雨,12,0,12,第一金-員林,2024-03-14,5381
4142,國光生,36,25,11,第一金-員林,2024-03-14,5381
5381,合正,13,2,11,第一金-員林,2024-03-14,5381
1432,大魯閣,10,0,10,第一金-員林,2024-03-14,5381
1616,億泰,13,3,10,第一金-員林,2024-03-14,5381
3005,神基,14,4,10,第一金-員林,2024-03-14,5381
6153,嘉聯益,10,0,10,第一金-員林,2024-03-14,5381
6531,愛普*,11,2,9,第一金-員林,2024-03-14,5381
1712,興農,29,20,9,第一金-員林,2024-03-14,5381
2617,台航,10,1,9,第一金-員林,2024-03-14,5381
3390,旭軟,10,1,9,第一金-員林,2024-03-14,5381
6207,雷科,28,20,8,第一金-員林,2024-03-14,5381
1410,南染,7,0,7,第一金-員林,2024-03-14,5381
3540,曜越,11,4,7,第一金-員林,2024-03-14,5381
5443,均豪,7,0,7,第一金-員林,2024-03-14,5381
6126,信音,8,1,7,第一金-員林,2024-03-14,5381
1503,士電,31,24,7,第一金-員林,2024-03-14,5381
9945,潤泰新,6,0,6,第一金-員林,2024-03-14,5381
3035,智原,6,0,6,第一金-員林,2024-03-14,5381
2449,京元電子,6,0,6,第一金-員林,2024-03-14,5381
2534,宏盛,6,0,6,第一金-員林,2024-03-14,5381
3029,零壹,6,0,6,第一金-員林,2024-03-14,5381
6139,亞翔,7,1,6,第一金-員林,2024-03-14,5381
8210,勤誠,6,0,6,第一金-員林,2024-03-14,5381
2834,臺企銀,250,37,213,第一金-員林,2024-03-15,5381
00937B,群益ESG投等債20,205,0,205,第一金-員林,2024-03-15,5381
00919,群益台灣精選高息,335,186,149,第一金-員林,2024-03-15,5381
00857B,永豐20年美公債,130,0,130,第一金-員林,2024-03-15,5381
00931B,統一美債20年,109,0,109,第一金-員林,2024-03-15,5381
00915,凱基優選高股息30,106,0,106,第一金-員林,2024-03-15,5381
2405,輔信,100,0,100,第一金-員林,2024-03-15,5381
2014,中鴻,105,23,82,第一金-員林,2024-03-15,5381
9945,潤泰新,81,1,80,第一金-員林,2024-03-15,5381
00941,中信上游半導體,75,0,75,第一金-員林,2024-03-15,5381
00918,大華優利高填息30,63,2,61,第一金-員林,2024-03-15,5381
2323,中環,48,3,45,第一金-員林,2024-03-15,5381
6290,良維,43,0,43,第一金-員林,2024-03-15,5381
2356,英業達,45,7,38,第一金-員林,2024-03-15,5381
2609,陽明,39,2,37,第一金-員林,2024-03-15,5381
6625,必應,36,0,36,第一金-員林,2024-03-15,5381
00679B,元大美債20年,32,0,32,第一金-員林,2024-03-15,5381
2610,華航,25,1,24,第一金-員林,2024-03-15,5381
00751B,元大AAA至A公司債,21,0,21,第一金-員林,2024-03-15,5381
00680L,元大美債20正2,21,0,21,第一金-員林,2024-03-15,5381
2634,漢翔,23,2,21,第一金-員林,2024-03-15,5381
2603,長榮,34,14,20,第一金-員林,2024-03-15,5381
00673R,期元大S＆P原油反1,20,0,20,第一金-員林,2024-03-15,5381
2915,潤泰全,30,10,20,第一金-員林,2024-03-15,5381
6616,特昇-KY,20,0,20,第一金-員林,2024-03-15,5381
2618,長榮航,21,2,19,第一金-員林,2024-03-15,5381
2385,群光,18,0,18,第一金-員林,2024-03-15,5381
2542,興富發,18,0,18,第一金-員林,2024-03-15,5381
2303,聯電,25,10,15,第一金-員林,2024-03-15,5381
00637L,元大滬深300正2,15,0,15,第一金-員林,2024-03-15,5381
00688L,國泰20年美債正2,15,0,15,第一金-員林,2024-03-15,5381
00712,復華富時不動產,18,5,13,第一金-員林,2024-03-15,5381
2883B,凱基金乙特,13,0,13,第一金-員林,2024-03-15,5381
6125,廣運,13,0,13,第一金-員林,2024-03-15,5381
1210,大成,13,0,13,第一金-員林,2024-03-15,5381
2330,台積電,13,1,12,第一金-員林,2024-03-15,5381
6275,元山,15,3,12,第一金-員林,2024-03-15,5381
00923,群益台ESG低碳50,12,0,12,第一金-員林,2024-03-15,5381
2344,華邦電,11,0,11,第一金-員林,2024-03-15,5381
5210,寶碩,11,0,11,第一金-員林,2024-03-15,5381
5515,建國,11,0,11,第一金-員林,2024-03-15,5381
6770,力積電,11,0,11,第一金-員林,2024-03-15,5381
4961,天鈺,11,1,10,第一金-員林,2024-03-15,5381
00676R,富邦臺灣加權反1,10,0,10,第一金-員林,2024-03-15,5381
2009,第一銅,19,9,10,第一金-員林,2024-03-15,5381
4743,合一,10,0,10,第一金-員林,2024-03-15,5381
5381,合正,10,0,10,第一金-員林,2024-03-15,5381
8097,常珵,10,0,10,第一金-員林,2024-03-15,5381
2488,漢平,9,0,9,第一金-員林,2024-03-15,5381
2489,瑞軒,11,2,9,第一金-員林,2024-03-15,5381
00918,大華優利高填息30,145,17,128,第一金-員林,2024-03-18,5381
00941,中信上游半導體,107,2,105,第一金-員林,2024-03-18,5381
00937B,群益ESG投等債20,87,20,67,第一金-員林,2024-03-18,5381
1512,瑞利,60,0,60,第一金-員林,2024-03-18,5381
2816,旺旺保,60,0,60,第一金-員林,2024-03-18,5381
00878,國泰永續高股息,57,1,56,第一金-員林,2024-03-18,5381
00919,群益台灣精選高息,121,78,43,第一金-員林,2024-03-18,5381
2002,中鋼,47,5,42,第一金-員林,2024-03-18,5381
2449,京元電子,55,16,39,第一金-員林,2024-03-18,5381
8011,台通,37,2,35,第一金-員林,2024-03-18,5381
2880,華南金,25,0,25,第一金-員林,2024-03-18,5381
2323,中環,25,2,23,第一金-員林,2024-03-18,5381
2834,臺企銀,72,49,23,第一金-員林,2024-03-18,5381
1316,上曜,23,2,21,第一金-員林,2024-03-18,5381
00907,永豐優息存股,20,0,20,第一金-員林,2024-03-18,5381
00673R,期元大S＆P原油反1,20,0,20,第一金-員林,2024-03-18,5381
1101,台泥,21,2,19,第一金-員林,2024-03-18,5381
00931B,統一美債20年,19,0,19,第一金-員林,2024-03-18,5381
2382,廣達,26,9,17,第一金-員林,2024-03-18,5381
00687B,國泰20年美債,18,2,16,第一金-員林,2024-03-18,5381
00751B,元大AAA至A公司債,15,0,15,第一金-員林,2024-03-18,5381
2409,友達,14,0,14,第一金-員林,2024-03-18,5381
2303,聯電,15,2,13,第一金-員林,2024-03-18,5381
4414,如興,13,0,13,第一金-員林,2024-03-18,5381
00712,復華富時不動產,14,2,12,第一金-員林,2024-03-18,5381
1220,台榮,12,0,12,第一金-員林,2024-03-18,5381
6462,神盾,16,4,12,第一金-員林,2024-03-18,5381
00933B,國泰10Y+金融債,11,0,11,第一金-員林,2024-03-18,5381
2408,南亞科,11,0,11,第一金-員林,2024-03-18,5381
3481,群創,11,0,11,第一金-員林,2024-03-18,5381
1432,大魯閣,11,0,11,第一金-員林,2024-03-18,5381
6616,特昇-KY,11,0,11,第一金-員林,2024-03-18,5381
00679B,元大美債20年,19,9,10,第一金-員林,2024-03-18,5381
1217,愛之味,10,0,10,第一金-員林,2024-03-18,5381
4532,瑞智,12,2,10,第一金-員林,2024-03-18,5381
00857B,永豐20年美公債,10,1,9,第一金-員林,2024-03-18,5381
2353,宏��,10,1,9,第一金-員林,2024-03-18,5381
2354,鴻準,24,15,9,第一金-員林,2024-03-18,5381
2609,陽明,15,7,8,第一金-員林,2024-03-18,5381
00713,元大台灣高息低波,10,2,8,第一金-員林,2024-03-18,5381
1440,南紡,8,0,8,第一金-員林,2024-03-18,5381
3231,緯創,22,14,8,第一金-員林,2024-03-18,5381
5210,寶碩,8,0,8,第一金-員林,2024-03-18,5381
8092,建暐,8,0,8,第一金-員林,2024-03-18,5381
2101,南港,7,0,7,第一金-員林,2024-03-18,5381
2405,輔信,7,0,7,第一金-員林,2024-03-18,5381
2542,興富發,7,0,7,第一金-員林,2024-03-18,5381
2885,元大金,7,1,6,第一金-員林,2024-03-18,5381
2038,海光,6,0,6,第一金-員林,2024-03-18,5381
2368,金像電,6,0,6,第一金-員林,2024-03-18,5381
00665L,富邦�琤肭磪囓�2,120,40,80,第一金-員林,2024-03-19,5381
2887,台新金,63,1,62,第一金-員林,2024-03-19,5381
9103,美德醫療-DR,48,0,48,第一金-員林,2024-03-19,5381
00937B,群益ESG投等債20,36,0,36,第一金-員林,2024-03-19,5381
2301,光寶科,46,13,33,第一金-員林,2024-03-19,5381
4503,金雨,35,2,33,第一金-員林,2024-03-19,5381
00679B,元大美債20年,29,4,25,第一金-員林,2024-03-19,5381
1529,樂事綠能,26,3,23,第一金-員林,2024-03-19,5381
1218,泰山,22,0,22,第一金-員林,2024-03-19,5381
2888,新光金,21,0,21,第一金-員林,2024-03-19,5381
7402,邑錡,20,0,20,第一金-員林,2024-03-19,5381
00673R,期元大S＆P原油反1,20,0,20,第一金-員林,2024-03-19,5381
00927,群益半導體收益,20,0,20,第一金-員林,2024-03-19,5381
1616,億泰,25,5,20,第一金-員林,2024-03-19,5381
2103,台橡,20,0,20,第一金-員林,2024-03-19,5381
2371,大同,37,17,20,第一金-員林,2024-03-19,5381
2542,興富發,21,2,19,第一金-員林,2024-03-19,5381
1504,東元,28,9,19,第一金-員林,2024-03-19,5381
2464,盟立,26,9,17,第一金-員林,2024-03-19,5381
2609,陽明,19,3,16,第一金-員林,2024-03-19,5381
6584,南俊國際,15,0,15,第一金-員林,2024-03-19,5381
5880,合庫金,15,1,14,第一金-員林,2024-03-19,5381
00941,中信上游半導體,14,0,14,第一金-員林,2024-03-19,5381
2834,臺企銀,93,80,13,第一金-員林,2024-03-19,5381
1101,台泥,13,0,13,第一金-員林,2024-03-19,5381
2883,凱基金,16,3,13,第一金-員林,2024-03-19,5381
6462,神盾,14,1,13,第一金-員林,2024-03-19,5381
2915,潤泰全,23,10,13,第一金-員林,2024-03-19,5381
2105,正新,17,5,12,第一金-員林,2024-03-19,5381
2329,華泰,36,24,12,第一金-員林,2024-03-19,5381
3264,欣銓,17,5,12,第一金-員林,2024-03-19,5381
8926,台汽電,11,0,11,第一金-員林,2024-03-19,5381
6290,良維,35,25,10,第一金-員林,2024-03-19,5381
00931B,統一美債20年,10,0,10,第一金-員林,2024-03-19,5381
00650L,復華香港正2,10,0,10,第一金-員林,2024-03-19,5381
1220,台榮,10,0,10,第一金-員林,2024-03-19,5381
2312,金寶,10,0,10,第一金-員林,2024-03-19,5381
3189,景碩,11,1,10,第一金-員林,2024-03-19,5381
2353,宏��,10,1,9,第一金-員林,2024-03-19,5381
1210,大成,9,0,9,第一金-員林,2024-03-19,5381
2020,美亞,9,0,9,第一金-員林,2024-03-19,5381
2208,台船,12,3,9,第一金-員林,2024-03-19,5381
2882,國泰金,10,1,9,第一金-員林,2024-03-19,5381
3325,旭品,9,0,9,第一金-員林,2024-03-19,5381
1513,中興電,39,31,8,第一金-員林,2024-03-19,5381
3576,聯合再生,12,4,8,第一金-員林,2024-03-19,5381
2633,台灣高鐵,8,0,8,第一金-員林,2024-03-19,5381
9945,潤泰新,8,0,8,第一金-員林,2024-03-19,5381
00687B,國泰20年美債,21,14,7,第一金-員林,2024-03-19,5381
2889,國票金,12,5,7,第一金-員林,2024-03-19,5381
00939,統一台灣高息動能,692,82,610,第一金-員林,2024-03-20,5381
00918,大華優利高填息30,114,4,110,第一金-員林,2024-03-20,5381
2356,英業達,75,5,70,第一金-員林,2024-03-20,5381
1101,台泥,50,0,50,第一金-員林,2024-03-20,5381
2301,光寶科,64,18,46,第一金-員林,2024-03-20,5381
00679B,元大美債20年,46,1,45,第一金-員林,2024-03-20,5381
9103,美德醫療-DR,40,0,40,第一金-員林,2024-03-20,5381
00929,復華台灣科技優息,103,64,39,第一金-員林,2024-03-20,5381
00915,凱基優選高股息30,38,0,38,第一金-員林,2024-03-20,5381
4960,誠美材,31,0,31,第一金-員林,2024-03-20,5381
2834,臺企銀,65,35,30,第一金-員林,2024-03-20,5381
9921,巨大,30,0,30,第一金-員林,2024-03-20,5381
00680L,元大美債20正2,28,0,28,第一金-員林,2024-03-20,5381
00687B,國泰20年美債,34,8,26,第一金-員林,2024-03-20,5381
2002,中鋼,27,1,26,第一金-員林,2024-03-20,5381
2313,華通,32,7,25,第一金-員林,2024-03-20,5381
2888,新光金,26,2,24,第一金-員林,2024-03-20,5381
3005,神基,33,11,22,第一金-員林,2024-03-20,5381
00673R,期元大S＆P原油反1,20,0,20,第一金-員林,2024-03-20,5381
1603,華電,20,0,20,第一金-員林,2024-03-20,5381
2915,潤泰全,20,0,20,第一金-員林,2024-03-20,5381
3231,緯創,25,5,20,第一金-員林,2024-03-20,5381
2913,農林,24,5,19,第一金-員林,2024-03-20,5381
00927,群益半導體收益,19,1,18,第一金-員林,2024-03-20,5381
4938,和碩,35,18,17,第一金-員林,2024-03-20,5381
2104,國際中橡,17,0,17,第一金-員林,2024-03-20,5381
2352,佳世達,23,7,16,第一金-員林,2024-03-20,5381
4503,金雨,16,0,16,第一金-員林,2024-03-20,5381
2618,長榮航,13,0,13,第一金-員林,2024-03-20,5381
2845,遠東銀,11,0,11,第一金-員林,2024-03-20,5381
00923,群益台ESG低碳50,12,1,11,第一金-員林,2024-03-20,5381
1709,和益,11,0,11,第一金-員林,2024-03-20,5381
4746,台耀,12,1,11,第一金-員林,2024-03-20,5381
8054,安國,30,19,11,第一金-員林,2024-03-20,5381
00904,新光臺灣半導體30,10,0,10,第一金-員林,2024-03-20,5381
1524,耿鼎,40,30,10,第一金-員林,2024-03-20,5381
2312,金寶,10,0,10,第一金-員林,2024-03-20,5381
2483,百容,11,1,10,第一金-員林,2024-03-20,5381
2495,普安,10,0,10,第一金-員林,2024-03-20,5381
2645,長榮航太,10,0,10,第一金-員林,2024-03-20,5381
0056,元大高股息,10,1,9,第一金-員林,2024-03-20,5381
2543,皇昌,12,3,9,第一金-員林,2024-03-20,5381
3363,上詮,9,0,9,第一金-員林,2024-03-20,5381
4999,鑫禾,9,0,9,第一金-員林,2024-03-20,5381
6292,迅德,10,1,9,第一金-員林,2024-03-20,5381
00919,群益台灣精選高息,175,167,8,第一金-員林,2024-03-20,5381
00930,永豐ESG低碳高息,8,0,8,第一金-員林,2024-03-20,5381
5521,工信,9,1,8,第一金-員林,2024-03-20,5381
2891,中信金,11,4,7,第一金-員林,2024-03-20,5381
1303,南亞,9,2,7,第一金-員林,2024-03-20,5381
00939,統一台灣高息動能,463,18,445,第一金-員林,2024-03-21,5381
00680L,元大美債20正2,241,9,232,第一金-員林,2024-03-21,5381
00632R,元大台灣50反1,95,51,44,第一金-員林,2024-03-21,5381
3466,德晉,35,0,35,第一金-員林,2024-03-21,5381
3704,合勤控,42,9,33,第一金-員林,2024-03-21,5381
00665L,富邦�琤肭磪囓�2,102,70,32,第一金-員林,2024-03-21,5381
3005,神基,52,20,32,第一金-員林,2024-03-21,5381
4157,太景*-KY,30,0,30,第一金-員林,2024-03-21,5381
6209,今國光,30,0,30,第一金-員林,2024-03-21,5381
00919,群益台灣精選高息,88,58,30,第一金-員林,2024-03-21,5381
00679B,元大美債20年,46,21,25,第一金-員林,2024-03-21,5381
00687B,國泰20年美債,24,1,23,第一金-員林,2024-03-21,5381
6414,樺漢,22,0,22,第一金-員林,2024-03-21,5381
00664R,國泰臺灣加權反1,50,30,20,第一金-員林,2024-03-21,5381
00676R,富邦臺灣加權反1,20,0,20,第一金-員林,2024-03-21,5381
4128,中天,20,0,20,第一金-員林,2024-03-21,5381
00933B,國泰10Y+金融債,20,1,19,第一金-員林,2024-03-21,5381
2330,台積電,22,4,18,第一金-員林,2024-03-21,5381
2892,第一金,17,0,17,第一金-員林,2024-03-21,5381
4303,信立,17,2,15,第一金-員林,2024-03-21,5381
4503,金雨,17,3,14,第一金-員林,2024-03-21,5381
1101,台泥,14,1,13,第一金-員林,2024-03-21,5381
2618,長榮航,15,2,13,第一金-員林,2024-03-21,5381
4938,和碩,15,4,11,第一金-員林,2024-03-21,5381
00688L,國泰20年美債正2,10,0,10,第一金-員林,2024-03-21,5381
00700,富邦�琤肭磪�,10,0,10,第一金-員林,2024-03-21,5381
1312,國喬,10,0,10,第一金-員林,2024-03-21,5381
1721,三晃,10,0,10,第一金-員林,2024-03-21,5381
2527,宏璟,10,0,10,第一金-員林,2024-03-21,5381
6026,福邦證,10,0,10,第一金-員林,2024-03-21,5381
9921,巨大,10,0,10,第一金-員林,2024-03-21,5381
8112,至上,23,13,10,第一金-員林,2024-03-21,5381
00931B,統一美債20年,9,0,9,第一金-員林,2024-03-21,5381
4440,宜新實業,10,1,9,第一金-員林,2024-03-21,5381
5347,世界,10,1,9,第一金-員林,2024-03-21,5381
8271,宇瞻,10,1,9,第一金-員林,2024-03-21,5381
1582,信錦,10,2,8,第一金-員林,2024-03-21,5381
4999,鑫禾,8,0,8,第一金-員林,2024-03-21,5381
6443,元晶,17,9,8,第一金-員林,2024-03-21,5381
8222,寶一,8,0,8,第一金-員林,2024-03-21,5381
1609,大亞,23,16,7,第一金-員林,2024-03-21,5381
3025,星通,10,3,7,第一金-員林,2024-03-21,5381
6505,台塑化,7,0,7,第一金-員林,2024-03-21,5381
1524,耿鼎,11,4,7,第一金-員林,2024-03-21,5381
2104,國際中橡,7,0,7,第一金-員林,2024-03-21,5381
2534,宏盛,7,0,7,第一金-員林,2024-03-21,5381
4714,永捷,8,1,7,第一金-員林,2024-03-21,5381
2611,志信,7,0,7,第一金-員林,2024-03-21,5381
2301,光寶科,11,4,7,第一金-員林,2024-03-21,5381
2603,長榮,8,2,6,第一金-員林,2024-03-21,5381
1815,富喬,103,1,102,第一金-員林,2024-03-22,5381
00665L,富邦�琤肭磪囓�2,214,150,64,第一金-員林,2024-03-22,5381
9103,美德醫療-DR,65,13,52,第一金-員林,2024-03-22,5381
00680L,元大美債20正2,50,0,50,第一金-員林,2024-03-22,5381
00919,群益台灣精選高息,139,101,38,第一金-員林,2024-03-22,5381
00687B,國泰20年美債,32,3,29,第一金-員林,2024-03-22,5381
8011,台通,28,2,26,第一金-員林,2024-03-22,5381
00941,中信上游半導體,37,12,25,第一金-員林,2024-03-22,5381
2883,凱基金,33,8,25,第一金-員林,2024-03-22,5381
2486,一詮,29,6,23,第一金-員林,2024-03-22,5381
2353,宏��,32,10,22,第一金-員林,2024-03-22,5381
2303,聯電,29,8,21,第一金-員林,2024-03-22,5381
00650L,復華香港正2,20,0,20,第一金-員林,2024-03-22,5381
00927,群益半導體收益,20,0,20,第一金-員林,2024-03-22,5381
2915,潤泰全,20,0,20,第一金-員林,2024-03-22,5381
3230,錦明,20,0,20,第一金-員林,2024-03-22,5381
4157,太景*-KY,20,0,20,第一金-員林,2024-03-22,5381
1101,台泥,19,1,18,第一金-員林,2024-03-22,5381
2376,技嘉,24,6,18,第一金-員林,2024-03-22,5381
5521,工信,17,0,17,第一金-員林,2024-03-22,5381
6026,福邦證,16,0,16,第一金-員林,2024-03-22,5381
2330,台積電,17,1,16,第一金-員林,2024-03-22,5381
00918,大華優利高填息30,18,3,15,第一金-員林,2024-03-22,5381
2409,友達,20,7,13,第一金-員林,2024-03-22,5381
6016,康和證,13,0,13,第一金-員林,2024-03-22,5381
00637L,元大滬深300正2,12,0,12,第一金-員林,2024-03-22,5381
2527,宏璟,15,3,12,第一金-員林,2024-03-22,5381
5498,凱崴,17,5,12,第一金-員林,2024-03-22,5381
8996,高力,13,1,12,第一金-員林,2024-03-22,5381
6443,元晶,28,16,12,第一金-員林,2024-03-22,5381
00712,復華富時不動產,12,1,11,第一金-員林,2024-03-22,5381
2886,兆豐金,11,0,11,第一金-員林,2024-03-22,5381
00935,野村臺灣新科技50,10,0,10,第一金-員林,2024-03-22,5381
1313,聯成,10,0,10,第一金-員林,2024-03-22,5381
2314,台揚,10,0,10,第一金-員林,2024-03-22,5381
2355,敬鵬,10,0,10,第一金-員林,2024-03-22,5381
2483,百容,10,0,10,第一金-員林,2024-03-22,5381
4746,台耀,10,0,10,第一金-員林,2024-03-22,5381
6209,今國光,10,0,10,第一金-員林,2024-03-22,5381
6530,創威,10,0,10,第一金-員林,2024-03-22,5381
00937B,群益ESG投等債20,51,41,10,第一金-員林,2024-03-22,5381
2603,長榮,19,10,9,第一金-員林,2024-03-22,5381
00679B,元大美債20年,9,0,9,第一金-員林,2024-03-22,5381
3313,斐成,9,0,9,第一金-員林,2024-03-22,5381
4303,信立,11,2,9,第一金-員林,2024-03-22,5381
6188,廣明,33,24,9,第一金-員林,2024-03-22,5381
00929,復華台灣科技優息,55,47,8,第一金-員林,2024-03-22,5381
4938,和碩,8,0,8,第一金-員林,2024-03-22,5381
1210,大成,8,0,8,第一金-員林,2024-03-22,5381
00934,中信成長高股息,8,0,8,第一金-員林,2024-03-22,5381
1806,冠軍,101,0,101,第一金-員林,2024-03-25,5381
00679B,元大美債20年,65,0,65,第一金-員林,2024-03-25,5381
00937B,群益ESG投等債20,76,15,61,第一金-員林,2024-03-25,5381
2356,英業達,81,24,57,第一金-員林,2024-03-25,5381
00919,群益台灣精選高息,60,10,50,第一金-員林,2024-03-25,5381
2363,矽統,30,0,30,第一金-員林,2024-03-25,5381
8110,華東,30,1,29,第一金-員林,2024-03-25,5381
2353,宏��,32,8,24,第一金-員林,2024-03-25,5381
1316,上曜,24,1,23,第一金-員林,2024-03-25,5381
2527,宏璟,23,0,23,第一金-員林,2024-03-25,5381
2606,裕民,22,1,21,第一金-員林,2024-03-25,5381
00664R,國泰臺灣加權反1,40,20,20,第一金-員林,2024-03-25,5381
8033,雷虎,20,1,19,第一金-員林,2024-03-25,5381
3466,德晉,18,0,18,第一金-員林,2024-03-25,5381
1587,吉茂,27,10,17,第一金-員林,2024-03-25,5381
3294,英濟,28,11,17,第一金-員林,2024-03-25,5381
00751B,元大AAA至A公司債,16,0,16,第一金-員林,2024-03-25,5381
00687B,國泰20年美債,17,2,15,第一金-員林,2024-03-25,5381
8096,擎亞,15,1,14,第一金-員林,2024-03-25,5381
4714,永捷,32,18,14,第一金-員林,2024-03-25,5381
6016,康和證,14,0,14,第一金-員林,2024-03-25,5381
6163,華電網,15,2,13,第一金-員林,2024-03-25,5381
2354,鴻準,14,1,13,第一金-員林,2024-03-25,5381
6177,達麗,12,0,12,第一金-員林,2024-03-25,5381
00918,大華優利高填息30,27,15,12,第一金-員林,2024-03-25,5381
00720B,元大投資級公司債,11,0,11,第一金-員林,2024-03-25,5381
1616,億泰,13,2,11,第一金-員林,2024-03-25,5381
9945,潤泰新,11,0,11,第一金-員林,2024-03-25,5381
4967,十銓,10,0,10,第一金-員林,2024-03-25,5381
00927,群益半導體收益,11,1,10,第一金-員林,2024-03-25,5381
00857B,永豐20年美公債,10,0,10,第一金-員林,2024-03-25,5381
00650L,復華香港正2,10,0,10,第一金-員林,2024-03-25,5381
2009,第一銅,10,0,10,第一金-員林,2024-03-25,5381
2867,三商壽,10,0,10,第一金-員林,2024-03-25,5381
2882,國泰金,10,0,10,第一金-員林,2024-03-25,5381
4157,太景*-KY,10,0,10,第一金-員林,2024-03-25,5381
8121,越峰,10,0,10,第一金-員林,2024-03-25,5381
9946,三發地產,10,0,10,第一金-員林,2024-03-25,5381
2344,華邦電,12,3,9,第一金-員林,2024-03-25,5381
2845,遠東銀,10,1,9,第一金-員林,2024-03-25,5381
3322,建舜電,10,2,8,第一金-員林,2024-03-25,5381
2329,華泰,8,0,8,第一金-員林,2024-03-25,5381
8097,常珵,8,0,8,第一金-員林,2024-03-25,5381
1319,東陽,8,1,7,第一金-員林,2024-03-25,5381
1536,和大,7,0,7,第一金-員林,2024-03-25,5381
0056,元大高股息,13,7,6,第一金-員林,2024-03-25,5381
3060,銘異,6,0,6,第一金-員林,2024-03-25,5381
00933B,國泰10Y+金融債,6,0,6,第一金-員林,2024-03-25,5381
2301,光寶科,8,2,6,第一金-員林,2024-03-25,5381
3306,鼎天,6,0,6,第一金-員林,2024-03-25,5381
00929,復華台灣科技優息,149,16,133,第一金-員林,2024-03-26,5381
00941,中信上游半導體,106,21,85,第一金-員林,2024-03-26,5381
2356,英業達,73,12,61,第一金-員林,2024-03-26,5381
3481,群創,58,8,50,第一金-員林,2024-03-26,5381
9103,美德醫療-DR,32,1,31,第一金-員林,2024-03-26,5381
2883,凱基金,36,8,28,第一金-員林,2024-03-26,5381
2367,燿華,38,12,26,第一金-員林,2024-03-26,5381
6290,良維,24,0,24,第一金-員林,2024-03-26,5381
00937B,群益ESG投等債20,26,2,24,第一金-員林,2024-03-26,5381
3622,洋華,26,2,24,第一金-員林,2024-03-26,5381
1312,國喬,22,0,22,第一金-員林,2024-03-26,5381
00935,野村臺灣新科技50,21,0,21,第一金-員林,2024-03-26,5381
2344,華邦電,85,64,21,第一金-員林,2024-03-26,5381
2317,鴻海,35,14,21,第一金-員林,2024-03-26,5381
1905,華紙,21,1,20,第一金-員林,2024-03-26,5381
2527,宏璟,20,0,20,第一金-員林,2024-03-26,5381
2022,聚亨,19,0,19,第一金-員林,2024-03-26,5381
3231,緯創,49,30,19,第一金-員林,2024-03-26,5381
00918,大華優利高填息30,20,1,19,第一金-員林,2024-03-26,5381
6125,廣運,56,38,18,第一金-員林,2024-03-26,5381
3711,日月光投控,17,0,17,第一金-員林,2024-03-26,5381
2104,國際中橡,16,0,16,第一金-員林,2024-03-26,5381
9945,潤泰新,21,5,16,第一金-員林,2024-03-26,5381
00679B,元大美債20年,15,0,15,第一金-員林,2024-03-26,5381
2610,華航,22,7,15,第一金-員林,2024-03-26,5381
2371,大同,113,100,13,第一金-員林,2024-03-26,5381
8112,至上,16,3,13,第一金-員林,2024-03-26,5381
6530,創威,13,1,12,第一金-員林,2024-03-26,5381
1612,宏泰,24,13,11,第一金-員林,2024-03-26,5381
3049,精金,11,0,11,第一金-員林,2024-03-26,5381
3390,旭軟,11,0,11,第一金-員林,2024-03-26,5381
6442,光聖,12,1,11,第一金-員林,2024-03-26,5381
8049,晶采,11,0,11,第一金-員林,2024-03-26,5381
2618,長榮航,14,3,11,第一金-員林,2024-03-26,5381
00680L,元大美債20正2,20,10,10,第一金-員林,2024-03-26,5381
3060,銘異,10,0,10,第一金-員林,2024-03-26,5381
4746,台耀,20,10,10,第一金-員林,2024-03-26,5381
5371,中光電,12,2,10,第一金-員林,2024-03-26,5381
8059,凱碩,16,6,10,第一金-員林,2024-03-26,5381
1514,亞力,25,16,9,第一金-員林,2024-03-26,5381
1616,億泰,21,12,9,第一金-員林,2024-03-26,5381
2329,華泰,10,1,9,第一金-員林,2024-03-26,5381
3265,台星科,12,3,9,第一金-員林,2024-03-26,5381
1618,合機,27,19,8,第一金-員林,2024-03-26,5381
1805,寶徠,8,0,8,第一金-員林,2024-03-26,5381
4976,佳凌,10,2,8,第一金-員林,2024-03-26,5381
5512,力麒,8,0,8,第一金-員林,2024-03-26,5381
00713,元大台灣高息低波,8,0,8,第一金-員林,2024-03-26,5381
2609,陽明,8,0,8,第一金-員林,2024-03-26,5381
5425,台半,7,0,7,第一金-員林,2024-03-26,5381
1808,潤隆,93,8,85,第一金-員林,2024-03-27,5381
00665L,富邦�琤肭磪囓�2,292,222,70,第一金-員林,2024-03-27,5381
00939,統一台灣高息動能,78,13,65,第一金-員林,2024-03-27,5381
3013,晟銘電,55,4,51,第一金-員林,2024-03-27,5381
2405,輔信,70,20,50,第一金-員林,2024-03-27,5381
00679B,元大美債20年,58,12,46,第一金-員林,2024-03-27,5381
00680L,元大美債20正2,40,0,40,第一金-員林,2024-03-27,5381
00918,大華優利高填息30,84,50,34,第一金-員林,2024-03-27,5381
1313,聯成,30,0,30,第一金-員林,2024-03-27,5381
2106,建大,40,10,30,第一金-員林,2024-03-27,5381
1316,上曜,38,9,29,第一金-員林,2024-03-27,5381
6163,華電網,26,0,26,第一金-員林,2024-03-27,5381
1805,寶徠,30,5,25,第一金-員林,2024-03-27,5381
2913,農林,38,14,24,第一金-員林,2024-03-27,5381
9946,三發地產,21,0,21,第一金-員林,2024-03-27,5381
6284,佳邦,20,0,20,第一金-員林,2024-03-27,5381
2527,宏璟,18,0,18,第一金-員林,2024-03-27,5381
4303,信立,19,1,18,第一金-員林,2024-03-27,5381
5381,合正,18,0,18,第一金-員林,2024-03-27,5381
9921,巨大,17,0,17,第一金-員林,2024-03-27,5381
2301,光寶科,16,0,16,第一金-員林,2024-03-27,5381
00937B,群益ESG投等債20,83,67,16,第一金-員林,2024-03-27,5381
1584,精剛,18,2,16,第一金-員林,2024-03-27,5381
3711,日月光投控,28,13,15,第一金-員林,2024-03-27,5381
3231,緯創,20,6,14,第一金-員林,2024-03-27,5381
2314,台揚,18,4,14,第一金-員林,2024-03-27,5381
6177,達麗,15,1,14,第一金-員林,2024-03-27,5381
6274,台燿,16,2,14,第一金-員林,2024-03-27,5381
00941,中信上游半導體,13,0,13,第一金-員林,2024-03-27,5381
1314,中石化,17,4,13,第一金-員林,2024-03-27,5381
00641R,富邦日本反1,12,0,12,第一金-員林,2024-03-27,5381
1603,華電,18,7,11,第一金-員林,2024-03-27,5381
2630,亞航,24,13,11,第一金-員林,2024-03-27,5381
3363,上詮,10,0,10,第一金-員林,2024-03-27,5381
2208,台船,25,15,10,第一金-員林,2024-03-27,5381
1219,福壽,10,0,10,第一金-員林,2024-03-27,5381
00730,富邦臺灣優質高息,10,0,10,第一金-員林,2024-03-27,5381
1785,光洋科,12,2,10,第一金-員林,2024-03-27,5381
2402,毅嘉,10,0,10,第一金-員林,2024-03-27,5381
3607,谷崧,11,1,10,第一金-員林,2024-03-27,5381
4541,晟田,10,0,10,第一金-員林,2024-03-27,5381
6215,和椿,51,41,10,第一金-員林,2024-03-27,5381
2344,華邦電,15,5,10,第一金-員林,2024-03-27,5381
1519,華城,9,0,9,第一金-員林,2024-03-27,5381
2356,英業達,28,19,9,第一金-員林,2024-03-27,5381
2454,聯發科,10,1,9,第一金-員林,2024-03-27,5381
2511,太子,9,0,9,第一金-員林,2024-03-27,5381
6176,瑞儀,11,2,9,第一金-員林,2024-03-27,5381
00900,富邦特選高股息30,13,4,9,第一金-員林,2024-03-27,5381
4540,全球傳動,8,0,8,第一金-員林,2024-03-27,5381
2547,日勝生,96,0,96,第一金-員林,2024-03-28,5381
2892,第一金,64,1,63,第一金-員林,2024-03-28,5381
00939,統一台灣高息動能,86,36,50,第一金-員林,2024-03-28,5381
2801,彰銀,55,6,49,第一金-員林,2024-03-28,5381
5225,東科-KY,45,0,45,第一金-員林,2024-03-28,5381
9110,越南控-DR,32,0,32,第一金-員林,2024-03-28,5381
8222,寶一,43,12,31,第一金-員林,2024-03-28,5381
4714,永捷,70,43,27,第一金-員林,2024-03-28,5381
9910,豐泰,23,0,23,第一金-員林,2024-03-28,5381
2337,旺宏,21,0,21,第一金-員林,2024-03-28,5381
3312,弘憶股,25,4,21,第一金-員林,2024-03-28,5381
5309,系統電,21,1,20,第一金-員林,2024-03-28,5381
2301,光寶科,23,4,19,第一金-員林,2024-03-28,5381
6026,福邦證,20,2,18,第一金-員林,2024-03-28,5381
1529,樂事綠能,20,3,17,第一金-員林,2024-03-28,5381
3005,神基,18,1,17,第一金-員林,2024-03-28,5381
2402,毅嘉,24,8,16,第一金-員林,2024-03-28,5381
00680L,元大美債20正2,50,34,16,第一金-員林,2024-03-28,5381
2367,燿華,17,3,14,第一金-員林,2024-03-28,5381
2303,聯電,22,9,13,第一金-員林,2024-03-28,5381
1721,三晃,18,5,13,第一金-員林,2024-03-28,5381
2241,艾姆勒,16,3,13,第一金-員林,2024-03-28,5381
3481,群創,14,1,13,第一金-員林,2024-03-28,5381
8092,建暐,22,9,13,第一金-員林,2024-03-28,5381
5515,建國,31,19,12,第一金-員林,2024-03-28,5381
2887,台新金,15,3,12,第一金-員林,2024-03-28,5381
00900,富邦特選高股息30,12,0,12,第一金-員林,2024-03-28,5381
1608,華榮,39,27,12,第一金-員林,2024-03-28,5381
1314,中石化,23,11,12,第一金-員林,2024-03-28,5381
2603,長榮,21,9,12,第一金-員林,2024-03-28,5381
3322,建舜電,11,0,11,第一金-員林,2024-03-28,5381
1312,國喬,11,0,11,第一金-員林,2024-03-28,5381
3013,晟銘電,12,1,11,第一金-員林,2024-03-28,5381
8936,國統,22,11,11,第一金-員林,2024-03-28,5381
4960,誠美材,10,0,10,第一金-員林,2024-03-28,5381
2492,華新科,10,0,10,第一金-員林,2024-03-28,5381
00753L,中信中國50正2,10,0,10,第一金-員林,2024-03-28,5381
3390,旭軟,10,0,10,第一金-員林,2024-03-28,5381
6271,同欣電,10,0,10,第一金-員林,2024-03-28,5381
8109,博大,10,0,10,第一金-員林,2024-03-28,5381
1605,華新,10,1,9,第一金-員林,2024-03-28,5381
2527,宏璟,9,0,9,第一金-員林,2024-03-28,5381
2610,華航,9,0,9,第一金-員林,2024-03-28,5381
3016,嘉晶,10,1,9,第一金-員林,2024-03-28,5381
3702,大聯大,11,2,9,第一金-員林,2024-03-28,5381
3704,合勤控,11,2,9,第一金-員林,2024-03-28,5381
9958,世紀鋼,10,1,9,第一金-員林,2024-03-28,5381
3617,碩天,10,1,9,第一金-員林,2024-03-28,5381
1513,中興電,10,2,8,第一金-員林,2024-03-28,5381
2356,英業達,25,17,8,第一金-員林,2024-03-28,5381
9105,泰金寶-DR,103,0,103,第一金-員林,2024-03-29,5381
1815,富喬,93,13,80,第一金-員林,2024-03-29,5381
2301,光寶科,85,20,65,第一金-員林,2024-03-29,5381
2834,臺企銀,59,14,45,第一金-員林,2024-03-29,5381
5225,東科-KY,40,0,40,第一金-員林,2024-03-29,5381
2328,廣宇,72,33,39,第一金-員林,2024-03-29,5381
8222,寶一,38,1,37,第一金-員林,2024-03-29,5381
8054,安國,36,2,34,第一金-員林,2024-03-29,5381
1434,福懋,31,0,31,第一金-員林,2024-03-29,5381
8110,華東,37,6,31,第一金-員林,2024-03-29,5381
00720B,元大投資級公司債,30,0,30,第一金-員林,2024-03-29,5381
1413,宏洲,30,0,30,第一金-員林,2024-03-29,5381
2892,第一金,28,1,27,第一金-員林,2024-03-29,5381
2317,鴻海,55,28,27,第一金-員林,2024-03-29,5381
3481,群創,30,4,26,第一金-員林,2024-03-29,5381
2527,宏璟,25,0,25,第一金-員林,2024-03-29,5381
00939,統一台灣高息動能,36,15,21,第一金-員林,2024-03-29,5381
2324,仁寶,23,3,20,第一金-員林,2024-03-29,5381
00919,群益台灣精選高息,47,27,20,第一金-員林,2024-03-29,5381
6616,特昇-KY,20,0,20,第一金-員林,2024-03-29,5381
00937B,群益ESG投等債20,24,7,17,第一金-員林,2024-03-29,5381
2838,聯邦銀,17,0,17,第一金-員林,2024-03-29,5381
1529,樂事綠能,20,6,14,第一金-員林,2024-03-29,5381
5521,工信,14,0,14,第一金-員林,2024-03-29,5381
1806,冠軍,16,4,12,第一金-員林,2024-03-29,5381
3041,揚智,12,1,11,第一金-員林,2024-03-29,5381
00665L,富邦�琤肭磪囓�2,10,0,10,第一金-員林,2024-03-29,5381
1312,國喬,10,0,10,第一金-員林,2024-03-29,5381
2206,三陽工業,10,0,10,第一金-員林,2024-03-29,5381
2367,燿華,21,11,10,第一金-員林,2024-03-29,5381
2504,國產,10,0,10,第一金-員林,2024-03-29,5381
2538,基泰,10,0,10,第一金-員林,2024-03-29,5381
3714,富采,10,0,10,第一金-員林,2024-03-29,5381
00929,復華台灣科技優息,13,4,9,第一金-員林,2024-03-29,5381
00933B,國泰10Y+金融債,12,3,9,第一金-員林,2024-03-29,5381
4960,誠美材,10,1,9,第一金-員林,2024-03-29,5381
2492,華新科,31,22,9,第一金-員林,2024-03-29,5381
2371,大同,24,15,9,第一金-員林,2024-03-29,5381
2241,艾姆勒,9,1,8,第一金-員林,2024-03-29,5381
8097,常珵,8,0,8,第一金-員林,2024-03-29,5381
2888,新光金,7,0,7,第一金-員林,2024-03-29,5381
4714,永捷,17,10,7,第一金-員林,2024-03-29,5381
9919,康那香,7,0,7,第一金-員林,2024-03-29,5381
1219,福壽,6,0,6,第一金-員林,2024-03-29,5381
1303,南亞,6,0,6,第一金-員林,2024-03-29,5381
1608,華榮,13,7,6,第一金-員林,2024-03-29,5381
9921,巨大,6,0,6,第一金-員林,2024-03-29,5381
6244,茂迪,6,0,6,第一金-員林,2024-03-29,5381
3706,神達,14,9,5,第一金-員林,2024-03-29,5381
6456,GIS-KY,5,0,5,第一金-員林,2024-03-29,5381
00940,元大台灣價值高息,539,18,521,第一金-員林,2024-04-01,5381
00931B,統一美債20年,131,1,130,第一金-員林,2024-04-01,5381
2303,聯電,71,12,59,第一金-員林,2024-04-01,5381
2353,宏��,48,1,47,第一金-員林,2024-04-01,5381
3466,德晉,33,1,32,第一金-員林,2024-04-01,5381
2356,英業達,43,13,30,第一金-員林,2024-04-01,5381
2444,兆勁,30,0,30,第一金-員林,2024-04-01,5381
6026,福邦證,30,2,28,第一金-員林,2024-04-01,5381
00712,復華富時不動產,28,0,28,第一金-員林,2024-04-01,5381
5225,東科-KY,27,0,27,第一金-員林,2024-04-01,5381
00715L,期街口布蘭特正2,30,4,26,第一金-員林,2024-04-01,5381
00939,統一台灣高息動能,31,8,23,第一金-員林,2024-04-01,5381
00919,群益台灣精選高息,52,29,23,第一金-員林,2024-04-01,5381
00936,台新永續高息中小,20,0,20,第一金-員林,2024-04-01,5381
6188,廣明,25,5,20,第一金-員林,2024-04-01,5381
3711,日月光投控,20,2,18,第一金-員林,2024-04-01,5381
0056,元大高股息,18,1,17,第一金-員林,2024-04-01,5381
3231,緯創,29,13,16,第一金-員林,2024-04-01,5381
1795,美時,35,20,15,第一金-員林,2024-04-01,5381
9103,美德醫療-DR,15,0,15,第一金-員林,2024-04-01,5381
3164,景岳,14,0,14,第一金-員林,2024-04-01,5381
8054,安國,27,13,14,第一金-員林,2024-04-01,5381
2408,南亞科,14,1,13,第一金-員林,2024-04-01,5381
3703,欣陸,15,2,13,第一金-員林,2024-04-01,5381
2371,大同,33,20,13,第一金-員林,2024-04-01,5381
3588,通嘉,12,0,12,第一金-員林,2024-04-01,5381
00679B,元大美債20年,11,0,11,第一金-員林,2024-04-01,5381
00665L,富邦�琤肭磪囓�2,21,10,11,第一金-員林,2024-04-01,5381
2382,廣達,21,10,11,第一金-員林,2024-04-01,5381
1342,八貫,10,0,10,第一金-員林,2024-04-01,5381
00918,大華優利高填息30,10,0,10,第一金-員林,2024-04-01,5381
00927,群益半導體收益,10,0,10,第一金-員林,2024-04-01,5381
1432,大魯閣,10,0,10,第一金-員林,2024-04-01,5381
2342,茂矽,11,1,10,第一金-員林,2024-04-01,5381
2439,美律,10,0,10,第一金-員林,2024-04-01,5381
5386,青雲,12,2,10,第一金-員林,2024-04-01,5381
2834,臺企銀,10,1,9,第一金-員林,2024-04-01,5381
3481,群創,16,7,9,第一金-員林,2024-04-01,5381
2352,佳世達,8,0,8,第一金-員林,2024-04-01,5381
1319,東陽,13,6,7,第一金-員林,2024-04-01,5381
6257,矽格,8,1,7,第一金-員林,2024-04-01,5381
4938,和碩,17,11,6,第一金-員林,2024-04-01,5381
00885,富邦越南,6,0,6,第一金-員林,2024-04-01,5381
4541,晟田,6,0,6,第一金-員林,2024-04-01,5381
1513,中興電,14,8,6,第一金-員林,2024-04-01,5381
3694,海華,6,0,6,第一金-員林,2024-04-01,5381
3005,神基,6,1,5,第一金-員林,2024-04-01,5381
3498,陽程,5,0,5,第一金-員林,2024-04-01,5381
00935,野村臺灣新科技50,5,0,5,第一金-員林,2024-04-01,5381
00888,永豐台灣ESG,5,0,5,第一金-員林,2024-04-01,5381
00929,復華台灣科技優息,1935,75,1860,第一金-員林,2024-04-02,5381
00940,元大台灣價值高息,290,65,225,第一金-員林,2024-04-02,5381
2241,艾姆勒,132,5,127,第一金-員林,2024-04-02,5381
4533,協易機,98,0,98,第一金-員林,2024-04-02,5381
00931B,統一美債20年,71,0,71,第一金-員林,2024-04-02,5381
1524,耿鼎,61,3,58,第一金-員林,2024-04-02,5381
00882,中信中國高股息,53,0,53,第一金-員林,2024-04-02,5381
9103,美德醫療-DR,50,0,50,第一金-員林,2024-04-02,5381
3466,德晉,43,1,42,第一金-員林,2024-04-02,5381
00937B,群益ESG投等債20,85,55,30,第一金-員林,2024-04-02,5381
00933B,國泰10Y+金融債,30,0,30,第一金-員林,2024-04-02,5381
2444,兆勁,30,0,30,第一金-員林,2024-04-02,5381
2834,臺企銀,30,0,30,第一金-員林,2024-04-02,5381
4908,前鼎,31,1,30,第一金-員林,2024-04-02,5381
2371,大同,71,44,27,第一金-員林,2024-04-02,5381
00679B,元大美債20年,25,0,25,第一金-員林,2024-04-02,5381
00919,群益台灣精選高息,33,10,23,第一金-員林,2024-04-02,5381
8358,金居,30,9,21,第一金-員林,2024-04-02,5381
2527,宏璟,20,0,20,第一金-員林,2024-04-02,5381
2891,中信金,20,0,20,第一金-員林,2024-04-02,5381
00687B,國泰20年美債,20,0,20,第一金-員林,2024-04-02,5381
2405,輔信,17,0,17,第一金-員林,2024-04-02,5381
2486,一詮,34,17,17,第一金-員林,2024-04-02,5381
2354,鴻準,25,9,16,第一金-員林,2024-04-02,5381
00712,復華富時不動產,26,10,16,第一金-員林,2024-04-02,5381
00632R,元大台灣50反1,66,50,16,第一金-員林,2024-04-02,5381
2883,凱基金,16,1,15,第一金-員林,2024-04-02,5381
1605,華新,15,2,13,第一金-員林,2024-04-02,5381
2105,正新,14,1,13,第一金-員林,2024-04-02,5381
6550,北極星藥業-KY,16,3,13,第一金-員林,2024-04-02,5381
2344,華邦電,12,0,12,第一金-員林,2024-04-02,5381
0056,元大高股息,15,3,12,第一金-員林,2024-04-02,5381
1615,大山,12,0,12,第一金-員林,2024-04-02,5381
3339,泰谷,12,0,12,第一金-員林,2024-04-02,5381
3363,上詮,13,1,12,第一金-員林,2024-04-02,5381
00936,台新永續高息中小,11,0,11,第一金-員林,2024-04-02,5381
2392,正崴,12,1,11,第一金-員林,2024-04-02,5381
3617,碩天,13,2,11,第一金-員林,2024-04-02,5381
6026,福邦證,10,0,10,第一金-員林,2024-04-02,5381
6290,良維,11,1,10,第一金-員林,2024-04-02,5381
3060,銘異,10,0,10,第一金-員林,2024-04-02,5381
2356,英業達,20,10,10,第一金-員林,2024-04-02,5381
2472,立隆電,10,0,10,第一金-員林,2024-04-02,5381
00751B,元大AAA至A公司債,11,2,9,第一金-員林,2024-04-02,5381
00857B,永豐20年美公債,9,0,9,第一金-員林,2024-04-02,5381
2027,大成鋼,9,0,9,第一金-員林,2024-04-02,5381
2610,華航,9,0,9,第一金-員林,2024-04-02,5381
2888,新光金,11,2,9,第一金-員林,2024-04-02,5381
00930,永豐ESG低碳高息,10,2,8,第一金-員林,2024-04-02,5381
2101,南港,8,0,8,第一金-員林,2024-04-02,5381
00940,元大台灣價值高息,225,1,224,第一金-員林,2024-04-03,5381
2014,中鴻,254,110,144,第一金-員林,2024-04-03,5381
4526,東台,100,0,100,第一金-員林,2024-04-03,5381
3481,群創,99,2,97,第一金-員林,2024-04-03,5381
00679B,元大美債20年,91,0,91,第一金-員林,2024-04-03,5381
2303,聯電,95,6,89,第一金-員林,2024-04-03,5381
00919,群益台灣精選高息,93,9,84,第一金-員林,2024-04-03,5381
00931B,統一美債20年,81,0,81,第一金-員林,2024-04-03,5381
00929,復華台灣科技優息,89,9,80,第一金-員林,2024-04-03,5381
00933B,國泰10Y+金融債,54,0,54,第一金-員林,2024-04-03,5381
3230,錦明,42,0,42,第一金-員林,2024-04-03,5381
00687B,國泰20年美債,40,0,40,第一金-員林,2024-04-03,5381
3013,晟銘電,46,9,37,第一金-員林,2024-04-03,5381
00937B,群益ESG投等債20,77,40,37,第一金-員林,2024-04-03,5381
00941,中信上游半導體,36,0,36,第一金-員林,2024-04-03,5381
2527,宏璟,35,0,35,第一金-員林,2024-04-03,5381
1605,華新,32,4,28,第一金-員林,2024-04-03,5381
00939,統一台灣高息動能,31,5,26,第一金-員林,2024-04-03,5381
1316,上曜,25,0,25,第一金-員林,2024-04-03,5381
6209,今國光,24,0,24,第一金-員林,2024-04-03,5381
9103,美德醫療-DR,24,0,24,第一金-員林,2024-04-03,5381
00915,凱基優選高股息30,21,0,21,第一金-員林,2024-04-03,5381
00680L,元大美債20正2,70,50,20,第一金-員林,2024-04-03,5381
2317,鴻海,32,11,21,第一金-員林,2024-04-03,5381
2353,宏��,25,5,20,第一金-員林,2024-04-03,5381
2851,中再保,25,5,20,第一金-員林,2024-04-03,5381
9930,中聯資源,20,0,20,第一金-員林,2024-04-03,5381
2618,長榮航,35,15,20,第一金-員林,2024-04-03,5381
2412,中華電,27,10,17,第一金-員林,2024-04-03,5381
2515,中工,53,36,17,第一金-員林,2024-04-03,5381
2371,大同,53,36,17,第一金-員林,2024-04-03,5381
2402,毅嘉,18,2,16,第一金-員林,2024-04-03,5381
00720B,元大投資級公司債,13,0,13,第一金-員林,2024-04-03,5381
2845,遠東銀,15,2,13,第一金-員林,2024-04-03,5381
8111,立��,20,7,13,第一金-員林,2024-04-03,5381
6753,龍德造船,13,1,12,第一金-員林,2024-04-03,5381
8054,安國,41,29,12,第一金-員林,2024-04-03,5381
2892,第一金,12,0,12,第一金-員林,2024-04-03,5381
1301,台塑,11,0,11,第一金-員林,2024-04-03,5381
8358,金居,16,5,11,第一金-員林,2024-04-03,5381
00725B,國泰投資級公司債,10,0,10,第一金-員林,2024-04-03,5381
00751B,元大AAA至A公司債,10,0,10,第一金-員林,2024-04-03,5381
00665L,富邦�琤肭磪囓�2,10,0,10,第一金-員林,2024-04-03,5381
1603,華電,10,0,10,第一金-員林,2024-04-03,5381
1609,大亞,21,11,10,第一金-員林,2024-04-03,5381
2017,官田鋼,10,0,10,第一金-員林,2024-04-03,5381
2351,順德,10,0,10,第一金-員林,2024-04-03,5381
2610,華航,10,0,10,第一金-員林,2024-04-03,5381
2882,國泰金,10,0,10,第一金-員林,2024-04-03,5381
3049,精金,10,0,10,第一金-員林,2024-04-03,5381
00937B,群益ESG投等債20,490,20,470,第一金-員林,2024-04-08,5381
00929,復華台灣科技優息,414,0,414,第一金-員林,2024-04-08,5381
2351,順德,201,1,200,第一金-員林,2024-04-08,5381
00940,元大台灣價值高息,169,17,152,第一金-員林,2024-04-08,5381
2371,大同,101,33,68,第一金-員林,2024-04-08,5381
00687B,國泰20年美債,60,4,56,第一金-員林,2024-04-08,5381
00679B,元大美債20年,52,0,52,第一金-員林,2024-04-08,5381
2527,宏璟,50,0,50,第一金-員林,2024-04-08,5381
1605,華新,50,2,48,第一金-員林,2024-04-08,5381
2356,英業達,40,3,37,第一金-員林,2024-04-08,5381
1815,富喬,33,0,33,第一金-員林,2024-04-08,5381
00665L,富邦�琤肭磪囓�2,50,20,30,第一金-員林,2024-04-08,5381
2374,佳能,44,18,26,第一金-員林,2024-04-08,5381
00720B,元大投資級公司債,25,0,25,第一金-員林,2024-04-08,5381
8054,安國,29,4,25,第一金-員林,2024-04-08,5381
4533,協易機,31,6,25,第一金-員林,2024-04-08,5381
00919,群益台灣精選高息,32,10,22,第一金-員林,2024-04-08,5381
6120,達運,90,70,20,第一金-員林,2024-04-08,5381
8059,凱碩,20,0,20,第一金-員林,2024-04-08,5381
6117,迎廣,21,1,20,第一金-員林,2024-04-08,5381
00680L,元大美債20正2,18,0,18,第一金-員林,2024-04-08,5381
00882,中信中國高股息,16,0,16,第一金-員林,2024-04-08,5381
2317,鴻海,38,23,15,第一金-員林,2024-04-08,5381
5381,合正,19,6,13,第一金-員林,2024-04-08,5381
2027,大成鋼,12,0,12,第一金-員林,2024-04-08,5381
5864,致和證,12,0,12,第一金-員林,2024-04-08,5381
9105,泰金寶-DR,12,0,12,第一金-員林,2024-04-08,5381
2344,華邦電,11,0,11,第一金-員林,2024-04-08,5381
2405,輔信,55,44,11,第一金-員林,2024-04-08,5381
00751B,元大AAA至A公司債,14,4,10,第一金-員林,2024-04-08,5381
00650L,復華香港正2,10,0,10,第一金-員林,2024-04-08,5381
00637L,元大滬深300正2,10,0,10,第一金-員林,2024-04-08,5381
00725B,國泰投資級公司債,10,0,10,第一金-員林,2024-04-08,5381
00772B,中信高評級公司債,10,0,10,第一金-員林,2024-04-08,5381
1301,台塑,10,0,10,第一金-員林,2024-04-08,5381
1805,寶徠,10,0,10,第一金-員林,2024-04-08,5381
2392,正崴,10,0,10,第一金-員林,2024-04-08,5381
2897,王道銀行,10,0,10,第一金-員林,2024-04-08,5381
3287,廣寰科,10,0,10,第一金-員林,2024-04-08,5381
5522,遠雄,10,0,10,第一金-員林,2024-04-08,5381
6505,台塑化,10,0,10,第一金-員林,2024-04-08,5381
6026,福邦證,10,1,9,第一金-員林,2024-04-08,5381
2419,仲琦,10,1,9,第一金-員林,2024-04-08,5381
3013,晟銘電,11,3,8,第一金-員林,2024-04-08,5381
8070,長華*,8,0,8,第一金-員林,2024-04-08,5381
00885,富邦越南,7,0,7,第一金-員林,2024-04-08,5381
00857B,永豐20年美公債,8,1,7,第一金-員林,2024-04-08,5381
00795B,中信美國公債20年,7,0,7,第一金-員林,2024-04-08,5381
4113,聯上,7,0,7,第一金-員林,2024-04-08,5381
6122,擎邦,7,0,7,第一金-員林,2024-04-08,5381
2106,建大,209,3,206,第一金-員林,2024-04-09,5381
00940,元大台灣價值高息,103,7,96,第一金-員林,2024-04-09,5381
00676R,富邦臺灣加權反1,50,0,50,第一金-員林,2024-04-09,5381
6116,彩晶,50,0,50,第一金-員林,2024-04-09,5381
1815,富喬,69,23,46,第一金-員林,2024-04-09,5381
00929,復華台灣科技優息,46,2,44,第一金-員林,2024-04-09,5381
2356,英業達,55,12,43,第一金-員林,2024-04-09,5381
2892,第一金,44,4,40,第一金-員林,2024-04-09,5381
3231,緯創,48,10,38,第一金-員林,2024-04-09,5381
1524,耿鼎,49,17,32,第一金-員林,2024-04-09,5381
3338,泰碩,32,1,31,第一金-員林,2024-04-09,5381
00632R,元大台灣50反1,28,0,28,第一金-員林,2024-04-09,5381
4714,永捷,33,10,23,第一金-員林,2024-04-09,5381
5351,鈺創,23,1,22,第一金-員林,2024-04-09,5381
2101,南港,21,0,21,第一金-員林,2024-04-09,5381
3005,神基,20,0,20,第一金-員林,2024-04-09,5381
6442,光聖,23,3,20,第一金-員林,2024-04-09,5381
2483,百容,20,0,20,第一金-員林,2024-04-09,5381
2527,宏璟,20,0,20,第一金-員林,2024-04-09,5381
8064,東捷,20,0,20,第一金-員林,2024-04-09,5381
8054,安國,28,9,19,第一金-員林,2024-04-09,5381
3035,智原,30,12,18,第一金-員林,2024-04-09,5381
3466,德晉,18,0,18,第一金-員林,2024-04-09,5381
1608,華榮,43,28,15,第一金-員林,2024-04-09,5381
1605,華新,26,11,15,第一金-員林,2024-04-09,5381
00687B,國泰20年美債,14,0,14,第一金-員林,2024-04-09,5381
00679B,元大美債20年,13,0,13,第一金-員林,2024-04-09,5381
2537,聯上發,14,1,13,第一金-員林,2024-04-09,5381
3024,憶聲,13,0,13,第一金-員林,2024-04-09,5381
00882,中信中國高股息,14,1,13,第一金-員林,2024-04-09,5381
1504,東元,13,2,11,第一金-員林,2024-04-09,5381
2393,億光,11,0,11,第一金-員林,2024-04-09,5381
1513,中興電,37,27,10,第一金-員林,2024-04-09,5381
00795B,中信美國公債20年,10,0,10,第一金-員林,2024-04-09,5381
2034,允強,10,0,10,第一金-員林,2024-04-09,5381
2402,毅嘉,15,5,10,第一金-員林,2024-04-09,5381
6548,長科*,10,0,10,第一金-員林,2024-04-09,5381
9921,巨大,10,0,10,第一金-員林,2024-04-09,5381
9802,鈺齊-KY,9,0,9,第一金-員林,2024-04-09,5381
2354,鴻準,15,6,9,第一金-員林,2024-04-09,5381
2367,燿華,14,6,8,第一金-員林,2024-04-09,5381
6279,胡連,8,0,8,第一金-員林,2024-04-09,5381
9103,美德醫療-DR,8,0,8,第一金-員林,2024-04-09,5381
9955,佳龍,12,4,8,第一金-員林,2024-04-09,5381
4503,金雨,7,0,7,第一金-員林,2024-04-09,5381
6776,展�眥篕�,7,0,7,第一金-員林,2024-04-09,5381
2317,鴻海,14,7,7,第一金-員林,2024-04-09,5381
00919,群益台灣精選高息,7,0,7,第一金-員林,2024-04-09,5381
00939,統一台灣高息動能,6,0,6,第一金-員林,2024-04-09,5381
00909,國泰數位支付服務,6,0,6,第一金-員林,2024-04-09,5381
2106,建大,382,1,381,第一金-員林,2024-04-10,5381
2351,順德,157,0,157,第一金-員林,2024-04-10,5381
00940,元大台灣價值高息,146,23,123,第一金-員林,2024-04-10,5381
6016,康和證,83,1,82,第一金-員林,2024-04-10,5381
2888,新光金,103,23,80,第一金-員林,2024-04-10,5381
3481,群創,71,0,71,第一金-員林,2024-04-10,5381
00857B,永豐20年美公債,66,0,66,第一金-員林,2024-04-10,5381
2889,國票金,50,5,45,第一金-員林,2024-04-10,5381
2883,凱基金,40,4,36,第一金-員林,2024-04-10,5381
2371,大同,42,8,34,第一金-員林,2024-04-10,5381
5381,合正,34,3,31,第一金-員林,2024-04-10,5381
00937B,群益ESG投等債20,28,0,28,第一金-員林,2024-04-10,5381
5512,力麒,26,0,26,第一金-員林,2024-04-10,5381
3466,德晉,23,0,23,第一金-員林,2024-04-10,5381
5371,中光電,24,2,22,第一金-員林,2024-04-10,5381
3230,錦明,20,0,20,第一金-員林,2024-04-10,5381
6443,元晶,23,4,19,第一金-員林,2024-04-10,5381
2882,國泰金,20,1,19,第一金-員林,2024-04-10,5381
1536,和大,19,1,18,第一金-員林,2024-04-10,5381
3260,威剛,25,8,17,第一金-員林,2024-04-10,5381
00712,復華富時不動產,16,0,16,第一金-員林,2024-04-10,5381
1513,中興電,36,20,16,第一金-員林,2024-04-10,5381
2376,技嘉,19,4,15,第一金-員林,2024-04-10,5381
2913,農林,17,2,15,第一金-員林,2024-04-10,5381
1805,寶徠,14,0,14,第一金-員林,2024-04-10,5381
1442,名軒,18,6,12,第一金-員林,2024-04-10,5381
1503,士電,15,4,11,第一金-員林,2024-04-10,5381
6117,迎廣,34,23,11,第一金-員林,2024-04-10,5381
3033,威健,11,0,11,第一金-員林,2024-04-10,5381
2427,三商電,21,10,11,第一金-員林,2024-04-10,5381
2634,漢翔,50,39,11,第一金-員林,2024-04-10,5381
8046,南電,11,1,10,第一金-員林,2024-04-10,5381
00680L,元大美債20正2,10,0,10,第一金-員林,2024-04-10,5381
00927,群益半導體收益,11,1,10,第一金-員林,2024-04-10,5381
1808,潤隆,11,1,10,第一金-員林,2024-04-10,5381
2342,茂矽,10,0,10,第一金-員林,2024-04-10,5381
2483,百容,10,0,10,第一金-員林,2024-04-10,5381
2897,王道銀行,10,0,10,第一金-員林,2024-04-10,5381
6180,橘子,10,0,10,第一金-員林,2024-04-10,5381
3576,聯合再生,24,15,9,第一金-員林,2024-04-10,5381
3005,神基,10,1,9,第一金-員林,2024-04-10,5381
3013,晟銘電,35,26,9,第一金-員林,2024-04-10,5381
5386,青雲,10,1,9,第一金-員林,2024-04-10,5381
6415,矽力*-KY,15,6,9,第一金-員林,2024-04-10,5381
9802,鈺齊-KY,9,0,9,第一金-員林,2024-04-10,5381
9945,潤泰新,9,0,9,第一金-員林,2024-04-10,5381
2412,中華電,9,0,9,第一金-員林,2024-04-10,5381
2520,冠德,8,0,8,第一金-員林,2024-04-10,5381
1432,大魯閣,8,0,8,第一金-員林,2024-04-10,5381
2609,陽明,10,2,8,第一金-員林,2024-04-10,5381
00931B,統一美債20年,345,0,345,第一金-員林,2024-04-11,5381
2106,建大,306,0,306,第一金-員林,2024-04-11,5381
3481,群創,156,34,122,第一金-員林,2024-04-11,5381
00929,復華台灣科技優息,68,0,68,第一金-員林,2024-04-11,5381
00937B,群益ESG投等債20,67,1,66,第一金-員林,2024-04-11,5381
6625,必應,62,0,62,第一金-員林,2024-04-11,5381
2009,第一銅,57,6,51,第一金-員林,2024-04-11,5381
1802,台玻,50,0,50,第一金-員林,2024-04-11,5381
00679B,元大美債20年,40,0,40,第一金-員林,2024-04-11,5381
00712,復華富時不動產,39,0,39,第一金-員林,2024-04-11,5381
00687B,國泰20年美債,39,0,39,第一金-員林,2024-04-11,5381
9103,美德醫療-DR,37,0,37,第一金-員林,2024-04-11,5381
00725B,國泰投資級公司債,35,0,35,第一金-員林,2024-04-11,5381
2537,聯上發,39,6,33,第一金-員林,2024-04-11,5381
4707,磐亞,33,0,33,第一金-員林,2024-04-11,5381
3576,聯合再生,30,0,30,第一金-員林,2024-04-11,5381
2501,國建,84,56,28,第一金-員林,2024-04-11,5381
2888,新光金,28,0,28,第一金-員林,2024-04-11,5381
2892,第一金,26,0,26,第一金-員林,2024-04-11,5381
00941,中信上游半導體,24,0,24,第一金-員林,2024-04-11,5381
6246,臺龍,20,0,20,第一金-員林,2024-04-11,5381
0056,元大高股息,19,0,19,第一金-員林,2024-04-11,5381
3260,威剛,19,1,18,第一金-員林,2024-04-11,5381
3711,日月光投控,20,2,18,第一金-員林,2024-04-11,5381
00680L,元大美債20正2,18,0,18,第一金-員林,2024-04-11,5381
00933B,國泰10Y+金融債,17,0,17,第一金-員林,2024-04-11,5381
00940,元大台灣價值高息,29,12,17,第一金-員林,2024-04-11,5381
1524,耿鼎,17,0,17,第一金-員林,2024-04-11,5381
2610,華航,19,2,17,第一金-員林,2024-04-11,5381
00688L,國泰20年美債正2,15,0,15,第一金-員林,2024-04-11,5381
4976,佳凌,15,0,15,第一金-員林,2024-04-11,5381
2367,燿華,22,8,14,第一金-員林,2024-04-11,5381
2317,鴻海,46,32,14,第一金-員林,2024-04-11,5381
1529,樂事綠能,19,6,13,第一金-員林,2024-04-11,5381
1605,華新,14,1,13,第一金-員林,2024-04-11,5381
3060,銘異,54,42,12,第一金-員林,2024-04-11,5381
6117,迎廣,19,7,12,第一金-員林,2024-04-11,5381
8033,雷虎,13,1,12,第一金-員林,2024-04-11,5381
00927,群益半導體收益,11,0,11,第一金-員林,2024-04-11,5381
3013,晟銘電,23,12,11,第一金-員林,2024-04-11,5381
2354,鴻準,12,2,10,第一金-員林,2024-04-11,5381
00751B,元大AAA至A公司債,10,0,10,第一金-員林,2024-04-11,5381
00637L,元大滬深300正2,10,0,10,第一金-員林,2024-04-11,5381
2515,中工,28,18,10,第一金-員林,2024-04-11,5381
2913,農林,10,0,10,第一金-員林,2024-04-11,5381
3706,神達,11,1,10,第一金-員林,2024-04-11,5381
4109,加捷生醫,10,0,10,第一金-員林,2024-04-11,5381
5512,力麒,10,0,10,第一金-員林,2024-04-11,5381
6113,亞矽,11,1,10,第一金-員林,2024-04-11,5381
6167,久正,10,0,10,第一金-員林,2024-04-11,5381
00931B,統一美債20年,341,0,341,第一金-員林,2024-04-12,5381
00680L,元大美債20正2,147,10,137,第一金-員林,2024-04-12,5381
00665L,富邦�琤肭磪囓�2,137,20,117,第一金-員林,2024-04-12,5381
00937B,群益ESG投等債20,64,0,64,第一金-員林,2024-04-12,5381
5608,四維航,50,0,50,第一金-員林,2024-04-12,5381
2363,矽統,148,107,41,第一金-員林,2024-04-12,5381
00687B,國泰20年美債,39,0,39,第一金-員林,2024-04-12,5381
2353,宏��,113,75,38,第一金-員林,2024-04-12,5381
5324,士開,36,0,36,第一金-員林,2024-04-12,5381
00679B,元大美債20年,36,4,32,第一金-員林,2024-04-12,5381
4714,永捷,32,0,32,第一金-員林,2024-04-12,5381
4533,協易機,84,53,31,第一金-員林,2024-04-12,5381
8110,華東,31,0,31,第一金-員林,2024-04-12,5381
2892,第一金,33,3,30,第一金-員林,2024-04-12,5381
3230,錦明,30,0,30,第一金-員林,2024-04-12,5381
9103,美德醫療-DR,30,0,30,第一金-員林,2024-04-12,5381
3666,光耀,28,0,28,第一金-員林,2024-04-12,5381
00878,國泰永續高股息,28,0,28,第一金-員林,2024-04-12,5381
5426,振發,42,16,26,第一金-員林,2024-04-12,5381
2002,中鋼,26,1,25,第一金-員林,2024-04-12,5381
2888,新光金,35,10,25,第一金-員林,2024-04-12,5381
00929,復華台灣科技優息,44,19,25,第一金-員林,2024-04-12,5381
2883,凱基金,22,0,22,第一金-員林,2024-04-12,5381
2801,彰銀,22,0,22,第一金-員林,2024-04-12,5381
00919,群益台灣精選高息,28,6,22,第一金-員林,2024-04-12,5381
6196,帆宣,21,0,21,第一金-員林,2024-04-12,5381
6216,居易,20,0,20,第一金-員林,2024-04-12,5381
6415,矽力*-KY,21,1,20,第一金-員林,2024-04-12,5381
9904,寶成,20,0,20,第一金-員林,2024-04-12,5381
2618,長榮航,25,6,19,第一金-員林,2024-04-12,5381
2412,中華電,38,19,19,第一金-員林,2024-04-12,5381
2241,艾姆勒,18,0,18,第一金-員林,2024-04-12,5381
2317,鴻海,29,12,17,第一金-員林,2024-04-12,5381
2329,華泰,16,0,16,第一金-員林,2024-04-12,5381
2610,華航,39,24,15,第一金-員林,2024-04-12,5381
8096,擎亞,19,4,15,第一金-員林,2024-04-12,5381
8358,金居,34,19,15,第一金-員林,2024-04-12,5381
2101,南港,37,24,13,第一金-員林,2024-04-12,5381
5521,工信,14,1,13,第一金-員林,2024-04-12,5381
1101,台泥,12,0,12,第一金-員林,2024-04-12,5381
00725B,國泰投資級公司債,12,0,12,第一金-員林,2024-04-12,5381
2534,宏盛,12,0,12,第一金-員林,2024-04-12,5381
2382,廣達,16,5,11,第一金-員林,2024-04-12,5381
2607,榮運,11,0,11,第一金-員林,2024-04-12,5381
3042,晶技,13,2,11,第一金-員林,2024-04-12,5381
6695,芯鼎,11,0,11,第一金-員林,2024-04-12,5381
2427,三商電,10,0,10,第一金-員林,2024-04-12,5381
1905,華紙,10,0,10,第一金-員林,2024-04-12,5381
2483,百容,10,0,10,第一金-員林,2024-04-12,5381
3483,力致,10,0,10,第一金-員林,2024-04-12,5381
00929,復華台灣科技優息,228,0,228,第一金-員林,2024-04-15,5381
00680L,元大美債20正2,114,0,114,第一金-員林,2024-04-15,5381
2867,三商壽,70,14,56,第一金-員林,2024-04-15,5381
00919,群益台灣精選高息,51,6,45,第一金-員林,2024-04-15,5381
2371,大同,99,55,44,第一金-員林,2024-04-15,5381
2374,佳能,81,37,44,第一金-員林,2024-04-15,5381
1504,東元,69,25,44,第一金-員林,2024-04-15,5381
4402,郡都開發,42,0,42,第一金-員林,2024-04-15,5381
2618,長榮航,38,3,35,第一金-員林,2024-04-15,5381
0056,元大高股息,33,0,33,第一金-員林,2024-04-15,5381
2367,燿華,55,23,32,第一金-員林,2024-04-15,5381
3060,銘異,88,56,32,第一金-員林,2024-04-15,5381
00664R,國泰臺灣加權反1,30,0,30,第一金-員林,2024-04-15,5381
00878,國泰永續高股息,27,2,25,第一金-員林,2024-04-15,5381
2356,英業達,30,8,22,第一金-員林,2024-04-15,5381
2610,華航,26,5,21,第一金-員林,2024-04-15,5381
5511,德昌,20,0,20,第一金-員林,2024-04-15,5381
1513,中興電,53,33,20,第一金-員林,2024-04-15,5381
1529,樂事綠能,19,0,19,第一金-員林,2024-04-15,5381
2534,宏盛,18,0,18,第一金-員林,2024-04-15,5381
2208,台船,27,10,17,第一金-員林,2024-04-15,5381
2524,京城,17,0,17,第一金-員林,2024-04-15,5381
5371,中光電,22,5,17,第一金-員林,2024-04-15,5381
8358,金居,26,10,16,第一金-員林,2024-04-15,5381
00939,統一台灣高息動能,40,26,14,第一金-員林,2024-04-15,5381
00931B,統一美債20年,14,0,14,第一金-員林,2024-04-15,5381
2014,中鴻,16,2,14,第一金-員林,2024-04-15,5381
2405,輔信,14,0,14,第一金-員林,2024-04-15,5381
2506,太設,14,0,14,第一金-員林,2024-04-15,5381
5381,合正,18,4,14,第一金-員林,2024-04-15,5381
8046,南電,13,0,13,第一金-員林,2024-04-15,5381
2527,宏璟,20,7,13,第一金-員林,2024-04-15,5381
2330,台積電,15,2,13,第一金-員林,2024-04-15,5381
00909,國泰數位支付服務,12,0,12,第一金-員林,2024-04-15,5381
1612,宏泰,39,27,12,第一金-員林,2024-04-15,5381
5521,工信,12,0,12,第一金-員林,2024-04-15,5381
1314,中石化,30,18,12,第一金-員林,2024-04-15,5381
2317,鴻海,30,18,12,第一金-員林,2024-04-15,5381
00933B,國泰10Y+金融債,11,0,11,第一金-員林,2024-04-15,5381
5386,青雲,11,0,11,第一金-員林,2024-04-15,5381
00941,中信上游半導體,19,8,11,第一金-員林,2024-04-15,5381
2303,聯電,12,1,11,第一金-員林,2024-04-15,5381
2419,仲琦,11,0,11,第一金-員林,2024-04-15,5381
3712,永崴投控,10,0,10,第一金-員林,2024-04-15,5381
3037,欣興,14,4,10,第一金-員林,2024-04-15,5381
00650L,復華香港正2,10,0,10,第一金-員林,2024-04-15,5381
2834,臺企銀,10,0,10,第一金-員林,2024-04-15,5381
3711,日月光投控,10,0,10,第一金-員林,2024-04-15,5381
4714,永捷,10,0,10,第一金-員林,2024-04-15,5381
6223,旺矽,10,0,10,第一金-員林,2024-04-15,5381
6625,必應,297,0,297,第一金-員林,2024-04-16,5381
2867,三商壽,225,100,125,第一金-員林,2024-04-16,5381
00937B,群益ESG投等債20,146,23,123,第一金-員林,2024-04-16,5381
2888,新光金,123,0,123,第一金-員林,2024-04-16,5381
00929,復華台灣科技優息,163,58,105,第一金-員林,2024-04-16,5381
2353,宏��,116,13,103,第一金-員林,2024-04-16,5381
2887,台新金,74,0,74,第一金-員林,2024-04-16,5381
00918,大華優利高填息30,102,30,72,第一金-員林,2024-04-16,5381
2330,台積電,50,2,48,第一金-員林,2024-04-16,5381
2371,大同,109,63,46,第一金-員林,2024-04-16,5381
00939,統一台灣高息動能,50,4,46,第一金-員林,2024-04-16,5381
4716,大立,42,0,42,第一金-員林,2024-04-16,5381
2892,第一金,39,1,38,第一金-員林,2024-04-16,5381
00923,群益台ESG低碳50,37,0,37,第一金-員林,2024-04-16,5381
00878,國泰永續高股息,115,79,36,第一金-員林,2024-04-16,5381
2009,第一銅,62,26,36,第一金-員林,2024-04-16,5381
00941,中信上游半導體,34,2,32,第一金-員林,2024-04-16,5381
2610,華航,32,0,32,第一金-員林,2024-04-16,5381
5434,崇越,31,1,30,第一金-員林,2024-04-16,5381
00665L,富邦�琤肭磪囓�2,130,100,30,第一金-員林,2024-04-16,5381
2317,鴻海,46,17,29,第一金-員林,2024-04-16,5381
3231,緯創,34,6,28,第一金-員林,2024-04-16,5381
9105,泰金寶-DR,31,3,28,第一金-員林,2024-04-16,5381
2618,長榮航,46,22,24,第一金-員林,2024-04-16,5381
1529,樂事綠能,24,1,23,第一金-員林,2024-04-16,5381
2884,玉山金,33,11,22,第一金-員林,2024-04-16,5381
6120,達運,22,0,22,第一金-員林,2024-04-16,5381
00933B,國泰10Y+金融債,23,2,21,第一金-員林,2024-04-16,5381
1603,華電,21,0,21,第一金-員林,2024-04-16,5381
4960,誠美材,27,6,21,第一金-員林,2024-04-16,5381
2492,華新科,20,0,20,第一金-員林,2024-04-16,5381
6164,華興,20,0,20,第一金-員林,2024-04-16,5381
9103,美德醫療-DR,21,1,20,第一金-員林,2024-04-16,5381
3481,群創,22,2,20,第一金-員林,2024-04-16,5381
0056,元大高股息,27,8,19,第一金-員林,2024-04-16,5381
00687B,國泰20年美債,21,2,19,第一金-員林,2024-04-16,5381
6684,安格,19,0,19,第一金-員林,2024-04-16,5381
00751B,元大AAA至A公司債,18,0,18,第一金-員林,2024-04-16,5381
5880,合庫金,18,0,18,第一金-員林,2024-04-16,5381
00927,群益半導體收益,17,0,17,第一金-員林,2024-04-16,5381
00712,復華富時不動產,16,0,16,第一金-員林,2024-04-16,5381
2524,京城,20,4,16,第一金-員林,2024-04-16,5381
2801,彰銀,15,0,15,第一金-員林,2024-04-16,5381
2514,龍邦,15,0,15,第一金-員林,2024-04-16,5381
8446,華研,15,0,15,第一金-員林,2024-04-16,5381
00720B,元大投資級公司債,14,0,14,第一金-員林,2024-04-16,5381
00679B,元大美債20年,19,5,14,第一金-員林,2024-04-16,5381
6290,良維,22,8,14,第一金-員林,2024-04-16,5381
2457,飛宏,15,1,14,第一金-員林,2024-04-16,5381
3260,威剛,18,5,13,第一金-員林,2024-04-16,5381
00937B,群益ESG投等債20,222,2,220,第一金-員林,2024-04-17,5381
00918,大華優利高填息30,181,0,181,第一金-員林,2024-04-17,5381
2353,宏��,134,10,124,第一金-員林,2024-04-17,5381
1301,台塑,107,1,106,第一金-員林,2024-04-17,5381
6770,力積電,104,3,101,第一金-員林,2024-04-17,5381
00665L,富邦�琤肭磪囓�2,273,173,100,第一金-員林,2024-04-17,5381
00919,群益台灣精選高息,92,12,80,第一金-員林,2024-04-17,5381
00929,復華台灣科技優息,64,0,64,第一金-員林,2024-04-17,5381
00720B,元大投資級公司債,66,3,63,第一金-員林,2024-04-17,5381
00725B,國泰投資級公司債,61,0,61,第一金-員林,2024-04-17,5381
00933B,國泰10Y+金融債,52,0,52,第一金-員林,2024-04-17,5381
0056,元大高股息,51,3,48,第一金-員林,2024-04-17,5381
00679B,元大美債20年,48,1,47,第一金-員林,2024-04-17,5381
00940,元大台灣價值高息,59,17,42,第一金-員林,2024-04-17,5381
6026,福邦證,50,12,38,第一金-員林,2024-04-17,5381
00712,復華富時不動產,39,2,37,第一金-員林,2024-04-17,5381
2014,中鴻,32,0,32,第一金-員林,2024-04-17,5381
2534,宏盛,30,0,30,第一金-員林,2024-04-17,5381
3005,神基,32,3,29,第一金-員林,2024-04-17,5381
3231,緯創,39,10,29,第一金-員林,2024-04-17,5381
2101,南港,33,6,27,第一金-員林,2024-04-17,5381
00687B,國泰20年美債,31,5,26,第一金-員林,2024-04-17,5381
00772B,中信高評級公司債,23,0,23,第一金-員林,2024-04-17,5381
3706,神達,22,0,22,第一金-員林,2024-04-17,5381
8046,南電,21,0,21,第一金-員林,2024-04-17,5381
2382,廣達,23,2,21,第一金-員林,2024-04-17,5381
00877,復華中國5G,20,0,20,第一金-員林,2024-04-17,5381
6244,茂迪,20,0,20,第一金-員林,2024-04-17,5381
6625,必應,19,0,19,第一金-員林,2024-04-17,5381
2892,第一金,19,0,19,第一金-員林,2024-04-17,5381
00857B,永豐20年美公債,18,0,18,第一金-員林,2024-04-17,5381
2520,冠德,20,2,18,第一金-員林,2024-04-17,5381
4533,協易機,17,0,17,第一金-員林,2024-04-17,5381
2303,聯電,17,1,16,第一金-員林,2024-04-17,5381
2401,凌陽,14,0,14,第一金-員林,2024-04-17,5381
00878,國泰永續高股息,33,20,13,第一金-員林,2024-04-17,5381
1316,上曜,16,3,13,第一金-員林,2024-04-17,5381
9103,美德醫療-DR,12,0,12,第一金-員林,2024-04-17,5381
00751B,元大AAA至A公司債,12,0,12,第一金-員林,2024-04-17,5381
5533,皇鼎,20,9,11,第一金-員林,2024-04-17,5381
2317,鴻海,22,11,11,第一金-員林,2024-04-17,5381
8054,安國,31,20,11,第一金-員林,2024-04-17,5381
00650L,復華香港正2,10,0,10,第一金-員林,2024-04-17,5381
00706L,期元大S＆P日圓正2,10,0,10,第一金-員林,2024-04-17,5381
2889,國票金,10,0,10,第一金-員林,2024-04-17,5381
5371,中光電,18,8,10,第一金-員林,2024-04-17,5381
5434,崇越,12,2,10,第一金-員林,2024-04-17,5381
3491,昇達科,10,1,9,第一金-員林,2024-04-17,5381
3481,群創,20,11,9,第一金-員林,2024-04-17,5381
1609,大亞,37,28,9,第一金-員林,2024-04-17,5381
2353,宏��,183,0,183,第一金-員林,2024-04-18,5381
2371,大同,291,178,113,第一金-員林,2024-04-18,5381
1605,華新,135,39,96,第一金-員林,2024-04-18,5381
00929,復華台灣科技優息,88,1,87,第一金-員林,2024-04-18,5381
2241,艾姆勒,90,10,80,第一金-員林,2024-04-18,5381
00632R,元大台灣50反1,60,2,58,第一金-員林,2024-04-18,5381
3013,晟銘電,62,14,48,第一金-員林,2024-04-18,5381
00937B,群益ESG投等債20,47,0,47,第一金-員林,2024-04-18,5381
0056,元大高股息,27,1,26,第一金-員林,2024-04-18,5381
4714,永捷,27,1,26,第一金-員林,2024-04-18,5381
8054,安國,44,18,26,第一金-員林,2024-04-18,5381
00712,復華富時不動產,32,8,24,第一金-員林,2024-04-18,5381
00940,元大台灣價值高息,27,3,24,第一金-員林,2024-04-18,5381
1504,東元,59,38,21,第一金-員林,2024-04-18,5381
2534,宏盛,20,0,20,第一金-員林,2024-04-18,5381
4127,天良,20,0,20,第一金-員林,2024-04-18,5381
00715L,期街口布蘭特正2,20,2,18,第一金-員林,2024-04-18,5381
2367,燿華,28,10,18,第一金-員林,2024-04-18,5381
6257,矽格,16,0,16,第一金-員林,2024-04-18,5381
4716,大立,16,0,16,第一金-員林,2024-04-18,5381
8996,高力,15,1,14,第一金-員林,2024-04-18,5381
6282,康舒,18,4,14,第一金-員林,2024-04-18,5381
1532,勤美,13,0,13,第一金-員林,2024-04-18,5381
4142,國光生,15,2,13,第一金-員林,2024-04-18,5381
3481,群創,32,20,12,第一金-員林,2024-04-18,5381
00941,中信上游半導體,16,5,11,第一金-員林,2024-04-18,5381
2610,華航,23,12,11,第一金-員林,2024-04-18,5381
2889,國票金,11,0,11,第一金-員林,2024-04-18,5381
3296,勝德,11,0,11,第一金-員林,2024-04-18,5381
3607,谷崧,11,0,11,第一金-員林,2024-04-18,5381
6274,台燿,11,1,10,第一金-員林,2024-04-18,5381
8046,南電,10,0,10,第一金-員林,2024-04-18,5381
2020,美亞,10,0,10,第一金-員林,2024-04-18,5381
6196,帆宣,10,0,10,第一金-員林,2024-04-18,5381
3005,神基,10,0,10,第一金-員林,2024-04-18,5381
2002,中鋼,18,8,10,第一金-員林,2024-04-18,5381
2330,台積電,9,0,9,第一金-員林,2024-04-18,5381
00680L,元大美債20正2,12,3,9,第一金-員林,2024-04-18,5381
00751B,元大AAA至A公司債,9,0,9,第一金-員林,2024-04-18,5381
00909,國泰數位支付服務,9,0,9,第一金-員林,2024-04-18,5381
2374,佳能,8,0,8,第一金-員林,2024-04-18,5381
9910,豐泰,11,3,8,第一金-員林,2024-04-18,5381
1805,寶徠,8,0,8,第一金-員林,2024-04-18,5381
2543,皇昌,9,1,8,第一金-員林,2024-04-18,5381
4303,信立,10,2,8,第一金-員林,2024-04-18,5381
9904,寶成,9,1,8,第一金-員林,2024-04-18,5381
00919,群益台灣精選高息,30,22,8,第一金-員林,2024-04-18,5381
00939,統一台灣高息動能,8,1,7,第一金-員林,2024-04-18,5381
2028,威致,7,0,7,第一金-員林,2024-04-18,5381
2511,太子,10,3,7,第一金-員林,2024-04-18,5381
4306,炎洲,390,0,390,第一金-員林,2024-04-19,5381
00940,元大台灣價值高息,278,31,247,第一金-員林,2024-04-19,5381
6625,必應,207,0,207,第一金-員林,2024-04-19,5381
3052,夆典,200,0,200,第一金-員林,2024-04-19,5381
00919,群益台灣精選高息,216,19,197,第一金-員林,2024-04-19,5381
2241,艾姆勒,142,15,127,第一金-員林,2024-04-19,5381
00878,國泰永續高股息,136,21,115,第一金-員林,2024-04-19,5381
9105,泰金寶-DR,100,0,100,第一金-員林,2024-04-19,5381
2330,台積電,108,9,99,第一金-員林,2024-04-19,5381
00939,統一台灣高息動能,93,4,89,第一金-員林,2024-04-19,5381
2301,光寶科,91,5,86,第一金-員林,2024-04-19,5381
1524,耿鼎,81,2,79,第一金-員林,2024-04-19,5381
3481,群創,135,60,75,第一金-員林,2024-04-19,5381
2492,華新科,70,0,70,第一金-員林,2024-04-19,5381
1609,大亞,258,192,66,第一金-員林,2024-04-19,5381
0056,元大高股息,70,5,65,第一金-員林,2024-04-19,5381
2515,中工,78,16,62,第一金-員林,2024-04-19,5381
00665L,富邦�琤肭磪囓�2,93,33,60,第一金-員林,2024-04-19,5381
00941,中信上游半導體,70,10,60,第一金-員林,2024-04-19,5381
9934,成霖,55,0,55,第一金-員林,2024-04-19,5381
3024,憶聲,48,0,48,第一金-員林,2024-04-19,5381
00923,群益台ESG低碳50,39,0,39,第一金-員林,2024-04-19,5381
5512,力麒,43,6,37,第一金-員林,2024-04-19,5381
00922,國泰台灣領袖50,31,0,31,第一金-員林,2024-04-19,5381
1815,富喬,33,2,31,第一金-員林,2024-04-19,5381
0050,元大台灣50,30,0,30,第一金-員林,2024-04-19,5381
00650L,復華香港正2,30,0,30,第一金-員林,2024-04-19,5381
1413,宏洲,30,0,30,第一金-員林,2024-04-19,5381
1783,和康生,30,0,30,第一金-員林,2024-04-19,5381
2317,鴻海,44,18,26,第一金-員林,2024-04-19,5381
9910,豐泰,27,1,26,第一金-員林,2024-04-19,5381
00885,富邦越南,24,0,24,第一金-員林,2024-04-19,5381
8936,國統,44,20,24,第一金-員林,2024-04-19,5381
2356,英業達,35,11,24,第一金-員林,2024-04-19,5381
2324,仁寶,23,2,21,第一金-員林,2024-04-19,5381
3060,銘異,21,0,21,第一金-員林,2024-04-19,5381
2527,宏璟,20,0,20,第一金-員林,2024-04-19,5381
8054,安國,36,16,20,第一金-員林,2024-04-19,5381
2412,中華電,58,39,19,第一金-員林,2024-04-19,5381
2303,聯電,28,11,17,第一金-員林,2024-04-19,5381
2105,正新,16,0,16,第一金-員林,2024-04-19,5381
1603,華電,21,5,16,第一金-員林,2024-04-19,5381
6213,聯茂,17,2,15,第一金-員林,2024-04-19,5381
00891,中信關鍵半導體,15,0,15,第一金-員林,2024-04-19,5381
2882,國泰金,15,0,15,第一金-員林,2024-04-19,5381
9103,美德醫療-DR,15,0,15,第一金-員林,2024-04-19,5381
00935,野村臺灣新科技50,14,0,14,第一金-員林,2024-04-19,5381
8011,台通,14,0,14,第一金-員林,2024-04-19,5381
1608,華榮,66,52,14,第一金-員林,2024-04-19,5381
2002,中鋼,24,11,13,第一金-員林,2024-04-19,5381
00929,復華台灣科技優息,456,11,445,第一金-員林,2024-04-22,5381
00940,元大台灣價值高息,146,26,120,第一金-員林,2024-04-22,5381
2338,光罩,110,0,110,第一金-員林,2024-04-22,5381
8092,建暐,107,0,107,第一金-員林,2024-04-22,5381
00937B,群益ESG投等債20,103,0,103,第一金-員林,2024-04-22,5381
6625,必應,88,0,88,第一金-員林,2024-04-22,5381
2501,國建,96,14,82,第一金-員林,2024-04-22,5381
3231,緯創,85,11,74,第一金-員林,2024-04-22,5381
4306,炎洲,64,0,64,第一金-員林,2024-04-22,5381
3481,群創,120,64,56,第一金-員林,2024-04-22,5381
2014,中鴻,54,0,54,第一金-員林,2024-04-22,5381
2356,英業達,49,2,47,第一金-員林,2024-04-22,5381
1608,華榮,61,19,42,第一金-員林,2024-04-22,5381
2427,三商電,83,49,34,第一金-員林,2024-04-22,5381
1815,富喬,30,0,30,第一金-員林,2024-04-22,5381
2241,艾姆勒,32,7,25,第一金-員林,2024-04-22,5381
5531,鄉林,30,5,25,第一金-員林,2024-04-22,5381
00941,中信上游半導體,23,1,22,第一金-員林,2024-04-22,5381
00878,國泰永續高股息,39,17,22,第一金-員林,2024-04-22,5381
2303,聯電,27,6,21,第一金-員林,2024-04-22,5381
2511,太子,26,5,21,第一金-員林,2024-04-22,5381
3005,神基,20,0,20,第一金-員林,2024-04-22,5381
00885,富邦越南,20,0,20,第一金-員林,2024-04-22,5381
2489,瑞軒,30,10,20,第一金-員林,2024-04-22,5381
3339,泰谷,20,1,19,第一金-員林,2024-04-22,5381
2317,鴻海,28,10,18,第一金-員林,2024-04-22,5381
3706,神達,20,2,18,第一金-員林,2024-04-22,5381
1609,大亞,66,48,18,第一金-員林,2024-04-22,5381
3015,全漢,18,1,17,第一金-員林,2024-04-22,5381
1605,華新,32,17,15,第一金-員林,2024-04-22,5381
2393,億光,16,1,15,第一金-員林,2024-04-22,5381
2329,華泰,20,7,13,第一金-員林,2024-04-22,5381
3711,日月光投控,18,5,13,第一金-員林,2024-04-22,5381
2543,皇昌,22,10,12,第一金-員林,2024-04-22,5381
1603,華電,15,3,12,第一金-員林,2024-04-22,5381
0056,元大高股息,13,2,11,第一金-員林,2024-04-22,5381
00923,群益台ESG低碳50,11,0,11,第一金-員林,2024-04-22,5381
00922,國泰台灣領袖50,11,0,11,第一金-員林,2024-04-22,5381
4157,太景*-KY,42,31,11,第一金-員林,2024-04-22,5381
4532,瑞智,14,3,11,第一金-員林,2024-04-22,5381
6120,達運,33,22,11,第一金-員林,2024-04-22,5381
1504,東元,21,11,10,第一金-員林,2024-04-22,5381
1616,億泰,10,0,10,第一金-員林,2024-04-22,5381
2514,龍邦,15,5,10,第一金-員林,2024-04-22,5381
3060,銘異,10,0,10,第一金-員林,2024-04-22,5381
3206,志豐,10,0,10,第一金-員林,2024-04-22,5381
6538,倉和,10,0,10,第一金-員林,2024-04-22,5381
0050,元大台灣50,10,1,9,第一金-員林,2024-04-22,5381
00715L,期街口布蘭特正2,9,0,9,第一金-員林,2024-04-22,5381
2534,宏盛,9,0,9,第一金-員林,2024-04-22,5381
00931B,統一美債20年,150,0,150,第一金-員林,2024-04-23,5381
2501,國建,159,15,144,第一金-員林,2024-04-23,5381
8092,建暐,105,20,85,第一金-員林,2024-04-23,5381
00929,復華台灣科技優息,68,11,57,第一金-員林,2024-04-23,5381
00940,元大台灣價值高息,56,2,54,第一金-員林,2024-04-23,5381
2371,大同,185,150,35,第一金-員林,2024-04-23,5381
4714,永捷,35,1,34,第一金-員林,2024-04-23,5381
4716,大立,33,0,33,第一金-員林,2024-04-23,5381
00939,統一台灣高息動能,32,0,32,第一金-員林,2024-04-23,5381
2892,第一金,43,15,28,第一金-員林,2024-04-23,5381
00664R,國泰臺灣加權反1,27,0,27,第一金-員林,2024-04-23,5381
1316,上曜,44,20,24,第一金-員林,2024-04-23,5381
2610,華航,26,3,23,第一金-員林,2024-04-23,5381
4532,瑞智,21,0,21,第一金-員林,2024-04-23,5381
00632R,元大台灣50反1,20,0,20,第一金-員林,2024-04-23,5381
4306,炎洲,20,0,20,第一金-員林,2024-04-23,5381
2303,聯電,18,0,18,第一金-員林,2024-04-23,5381
00937B,群益ESG投等債20,17,0,17,第一金-員林,2024-04-23,5381
3715,定穎投控,20,3,17,第一金-員林,2024-04-23,5381
00680L,元大美債20正2,15,0,15,第一金-員林,2024-04-23,5381
00919,群益台灣精選高息,35,21,14,第一金-員林,2024-04-23,5381
2408,南亞科,14,0,14,第一金-員林,2024-04-23,5381
3711,日月光投控,22,8,14,第一金-員林,2024-04-23,5381
3027,盛達,12,0,12,第一金-員林,2024-04-23,5381
3060,銘異,12,0,12,第一金-員林,2024-04-23,5381
2547,日勝生,11,0,11,第一金-員林,2024-04-23,5381
2867,三商壽,10,0,10,第一金-員林,2024-04-23,5381
4938,和碩,10,0,10,第一金-員林,2024-04-23,5381
8358,金居,10,0,10,第一金-員林,2024-04-23,5381
8097,常珵,9,0,9,第一金-員林,2024-04-23,5381
00933B,國泰10Y+金融債,7,0,7,第一金-員林,2024-04-23,5381
2534,宏盛,7,0,7,第一金-員林,2024-04-23,5381
6005,群益證,7,0,7,第一金-員林,2024-04-23,5381
00941,中信上游半導體,6,0,6,第一金-員林,2024-04-23,5381
1605,華新,20,14,6,第一金-員林,2024-04-23,5381
1616,億泰,16,10,6,第一金-員林,2024-04-23,5381
3490,單井,6,0,6,第一金-員林,2024-04-23,5381
1612,宏泰,12,6,6,第一金-員林,2024-04-23,5381
00909,國泰數位支付服務,5,0,5,第一金-員林,2024-04-23,5381
2313,華通,6,1,5,第一金-員林,2024-04-23,5381
2536,宏普,5,0,5,第一金-員林,2024-04-23,5381
2543,皇昌,12,7,5,第一金-員林,2024-04-23,5381
2903,遠百,5,0,5,第一金-員林,2024-04-23,5381
3024,憶聲,5,0,5,第一金-員林,2024-04-23,5381
3033,威健,5,0,5,第一金-員林,2024-04-23,5381
4123,晟德,5,0,5,第一金-員林,2024-04-23,5381
5469,瀚宇博,5,0,5,第一金-員林,2024-04-23,5381
6661,威健生技,5,0,5,第一金-員林,2024-04-23,5381
9935,慶豐富,5,0,5,第一金-員林,2024-04-23,5381
3035,智原,4,0,4,第一金-員林,2024-04-23,5381
00929,復華台灣科技優息,778,39,739,第一金-員林,2024-04-24,5381
3481,群創,243,19,224,第一金-員林,2024-04-24,5381
00931B,統一美債20年,180,0,180,第一金-員林,2024-04-24,5381
2892,第一金,100,3,97,第一金-員林,2024-04-24,5381
1905,華紙,62,1,61,第一金-員林,2024-04-24,5381
3015,全漢,51,0,51,第一金-員林,2024-04-24,5381
2105,正新,49,0,49,第一金-員林,2024-04-24,5381
2014,中鴻,59,10,49,第一金-員林,2024-04-24,5381
2501,國建,76,28,48,第一金-員林,2024-04-24,5381
2301,光寶科,46,2,44,第一金-員林,2024-04-24,5381
3231,緯創,57,20,37,第一金-員林,2024-04-24,5381
00680L,元大美債20正2,31,0,31,第一金-員林,2024-04-24,5381
6125,廣運,93,68,25,第一金-員林,2024-04-24,5381
00937B,群益ESG投等債20,26,3,23,第一金-員林,2024-04-24,5381
3705,永信,21,0,21,第一金-員林,2024-04-24,5381
3706,神達,20,0,20,第一金-員林,2024-04-24,5381
8046,南電,24,6,18,第一金-員林,2024-04-24,5381
00933B,國泰10Y+金融債,15,0,15,第一金-員林,2024-04-24,5381
6770,力積電,17,2,15,第一金-員林,2024-04-24,5381
2409,友達,16,2,14,第一金-員林,2024-04-24,5381
2610,華航,78,64,14,第一金-員林,2024-04-24,5381
6120,達運,14,1,13,第一金-員林,2024-04-24,5381
2812,台中銀,13,1,12,第一金-員林,2024-04-24,5381
2027,大成鋼,11,0,11,第一金-員林,2024-04-24,5381
00940,元大台灣價值高息,21,11,10,第一金-員林,2024-04-24,5381
00725B,國泰投資級公司債,10,0,10,第一金-員林,2024-04-24,5381
1584,精剛,10,0,10,第一金-員林,2024-04-24,5381
2025,千興,10,0,10,第一金-員林,2024-04-24,5381
2379,瑞昱,10,0,10,第一金-員林,2024-04-24,5381
2423,固緯,10,0,10,第一金-員林,2024-04-24,5381
2537,聯上發,12,2,10,第一金-員林,2024-04-24,5381
5531,鄉林,50,40,10,第一金-員林,2024-04-24,5381
00650L,復華香港正2,10,1,9,第一金-員林,2024-04-24,5381
00687B,國泰20年美債,11,2,9,第一金-員林,2024-04-24,5381
4768,晶呈科技,9,0,9,第一金-員林,2024-04-24,5381
00676R,富邦臺灣加權反1,8,0,8,第一金-員林,2024-04-24,5381
3622,洋華,8,0,8,第一金-員林,2024-04-24,5381
5371,中光電,25,17,8,第一金-員林,2024-04-24,5381
6117,迎廣,9,1,8,第一金-員林,2024-04-24,5381
1808,潤隆,9,2,7,第一金-員林,2024-04-24,5381
2313,華通,9,2,7,第一金-員林,2024-04-24,5381
2329,華泰,13,6,7,第一金-員林,2024-04-24,5381
2630,亞航,13,6,7,第一金-員林,2024-04-24,5381
5512,力麒,8,1,7,第一金-員林,2024-04-24,5381
00665L,富邦�琤肭磪囓�2,20,14,6,第一金-員林,2024-04-24,5381
1609,大亞,59,53,6,第一金-員林,2024-04-24,5381
1617,榮星,6,0,6,第一金-員林,2024-04-24,5381
2506,太設,6,0,6,第一金-員林,2024-04-24,5381
2890,永豐金,6,0,6,第一金-員林,2024-04-24,5381
4503,金雨,6,0,6,第一金-員林,2024-04-24,5381
3481,群創,182,14,168,第一金-員林,2024-04-25,5381
9103,美德醫療-DR,126,0,126,第一金-員林,2024-04-25,5381
00931B,統一美債20年,125,0,125,第一金-員林,2024-04-25,5381
2501,國建,109,3,106,第一金-員林,2024-04-25,5381
00878,國泰永續高股息,51,0,51,第一金-員林,2024-04-25,5381
2301,光寶科,44,0,44,第一金-員林,2024-04-25,5381
9105,泰金寶-DR,40,0,40,第一金-員林,2024-04-25,5381
2317,鴻海,43,12,31,第一金-員林,2024-04-25,5381
2618,長榮航,69,39,30,第一金-員林,2024-04-25,5381
00940,元大台灣價值高息,30,1,29,第一金-員林,2024-04-25,5381
00939,統一台灣高息動能,28,0,28,第一金-員林,2024-04-25,5381
2329,華泰,31,3,28,第一金-員林,2024-04-25,5381
2534,宏盛,28,0,28,第一金-員林,2024-04-25,5381
00929,復華台灣科技優息,25,2,23,第一金-員林,2024-04-25,5381
3013,晟銘電,30,7,23,第一金-員林,2024-04-25,5381
0056,元大高股息,22,0,22,第一金-員林,2024-04-25,5381
8054,安國,23,1,22,第一金-員林,2024-04-25,5381
2337,旺宏,21,0,21,第一金-員林,2024-04-25,5381
2405,輔信,20,0,20,第一金-員林,2024-04-25,5381
2882,國泰金,21,1,20,第一金-員林,2024-04-25,5381
00937B,群益ESG投等債20,18,0,18,第一金-員林,2024-04-25,5381
00680L,元大美債20正2,21,5,16,第一金-員林,2024-04-25,5381
00720B,元大投資級公司債,16,0,16,第一金-員林,2024-04-25,5381
00712,復華富時不動產,20,6,14,第一金-員林,2024-04-25,5381
2382,廣達,17,3,14,第一金-員林,2024-04-25,5381
4306,炎洲,15,1,14,第一金-員林,2024-04-25,5381
1605,華新,16,4,12,第一金-員林,2024-04-25,5381
8046,南電,12,0,12,第一金-員林,2024-04-25,5381
1316,上曜,43,31,12,第一金-員林,2024-04-25,5381
2888,新光金,11,0,11,第一金-員林,2024-04-25,5381
1905,華紙,10,0,10,第一金-員林,2024-04-25,5381
3450,聯鈞,10,0,10,第一金-員林,2024-04-25,5381
5531,鄉林,60,50,10,第一金-員林,2024-04-25,5381
0051,元大中型100,10,0,10,第一金-員林,2024-04-25,5381
2330,台積電,10,0,10,第一金-員林,2024-04-25,5381
3548,兆利,10,0,10,第一金-員林,2024-04-25,5381
2009,第一銅,16,7,9,第一金-員林,2024-04-25,5381
8089,康全電訊,10,1,9,第一金-員林,2024-04-25,5381
2332,友訊,8,0,8,第一金-員林,2024-04-25,5381
2353,宏��,9,1,8,第一金-員林,2024-04-25,5381
2427,三商電,18,11,7,第一金-員林,2024-04-25,5381
00687B,國泰20年美債,8,1,7,第一金-員林,2024-04-25,5381
1319,東陽,7,0,7,第一金-員林,2024-04-25,5381
2313,華通,7,0,7,第一金-員林,2024-04-25,5381
8097,常珵,7,0,7,第一金-員林,2024-04-25,5381
3231,緯創,12,5,7,第一金-員林,2024-04-25,5381
0050,元大台灣50,6,0,6,第一金-員林,2024-04-25,5381
2886,兆豐金,7,1,6,第一金-員林,2024-04-25,5381
2892,第一金,6,0,6,第一金-員林,2024-04-25,5381
00919,群益台灣精選高息,6,0,6,第一金-員林,2024-04-25,5381
00937B,群益ESG投等債20,70,0,70,第一金-員林,2024-04-26,5381
00919,群益台灣精選高息,66,1,65,第一金-員林,2024-04-26,5381
9103,美德醫療-DR,65,1,64,第一金-員林,2024-04-26,5381
9105,泰金寶-DR,60,0,60,第一金-員林,2024-04-26,5381
2610,華航,114,70,44,第一金-員林,2024-04-26,5381
2486,一詮,65,22,43,第一金-員林,2024-04-26,5381
6125,廣運,70,27,43,第一金-員林,2024-04-26,5381
3481,群創,72,31,41,第一金-員林,2024-04-26,5381
4306,炎洲,40,0,40,第一金-員林,2024-04-26,5381
00680L,元大美債20正2,36,0,36,第一金-員林,2024-04-26,5381
2888,新光金,35,2,33,第一金-員林,2024-04-26,5381
2014,中鴻,30,0,30,第一金-員林,2024-04-26,5381
00679B,元大美債20年,31,4,27,第一金-員林,2024-04-26,5381
5880,合庫金,27,2,25,第一金-員林,2024-04-26,5381
00929,復華台灣科技優息,26,1,25,第一金-員林,2024-04-26,5381
00878,國泰永續高股息,24,0,24,第一金-員林,2024-04-26,5381
00931B,統一美債20年,20,0,20,第一金-員林,2024-04-26,5381
3338,泰碩,36,16,20,第一金-員林,2024-04-26,5381
3339,泰谷,20,0,20,第一金-員林,2024-04-26,5381
00687B,國泰20年美債,19,0,19,第一金-員林,2024-04-26,5381
00940,元大台灣價值高息,35,16,19,第一金-員林,2024-04-26,5381
2329,華泰,21,2,19,第一金-員林,2024-04-26,5381
2356,英業達,22,4,18,第一金-員林,2024-04-26,5381
6217,中探針,18,0,18,第一金-員林,2024-04-26,5381
8092,建暐,17,0,17,第一金-員林,2024-04-26,5381
3711,日月光投控,18,3,15,第一金-員林,2024-04-26,5381
3005,神基,20,5,15,第一金-員林,2024-04-26,5381
4113,聯上,15,0,15,第一金-員林,2024-04-26,5381
8096,擎亞,15,0,15,第一金-員林,2024-04-26,5381
3306,鼎天,14,1,13,第一金-員林,2024-04-26,5381
3706,神達,16,3,13,第一金-員林,2024-04-26,5381
2882,國泰金,18,6,12,第一金-員林,2024-04-26,5381
00720B,元大投資級公司債,11,0,11,第一金-員林,2024-04-26,5381
2444,兆勁,12,1,11,第一金-員林,2024-04-26,5381
2534,宏盛,11,0,11,第一金-員林,2024-04-26,5381
4923,力士,11,0,11,第一金-員林,2024-04-26,5381
00632R,元大台灣50反1,10,0,10,第一金-員林,2024-04-26,5381
00688L,國泰20年美債正2,10,0,10,第一金-員林,2024-04-26,5381
2427,三商電,14,4,10,第一金-員林,2024-04-26,5381
4714,永捷,10,0,10,第一金-員林,2024-04-26,5381
2464,盟立,11,2,9,第一金-員林,2024-04-26,5381
2537,聯上發,10,1,9,第一金-員林,2024-04-26,5381
3312,弘憶股,14,5,9,第一金-員林,2024-04-26,5381
5706,鳳凰,10,1,9,第一金-員林,2024-04-26,5381
8473,山林水,10,1,9,第一金-員林,2024-04-26,5381
2514,龍邦,8,0,8,第一金-員林,2024-04-26,5381
2913,農林,12,4,8,第一金-員林,2024-04-26,5381
2892,第一金,8,0,8,第一金-員林,2024-04-26,5381
2881,富邦金,9,2,7,第一金-員林,2024-04-26,5381
2105,正新,8,1,7,第一金-員林,2024-04-26,5381
3481,群創,250,13,237,第一金-員林,2024-04-29,5381
00927,群益半導體收益,105,0,105,第一金-員林,2024-04-29,5381
2610,華航,140,38,102,第一金-員林,2024-04-29,5381
00676R,富邦臺灣加權反1,50,0,50,第一金-員林,2024-04-29,5381
9103,美德醫療-DR,50,0,50,第一金-員林,2024-04-29,5381
2527,宏璟,45,0,45,第一金-員林,2024-04-29,5381
00706L,期元大S＆P日圓正2,40,0,40,第一金-員林,2024-04-29,5381
2449,京元電子,47,7,40,第一金-員林,2024-04-29,5381
2515,中工,73,35,38,第一金-員林,2024-04-29,5381
3714,富采,41,4,37,第一金-員林,2024-04-29,5381
9945,潤泰新,36,1,35,第一金-員林,2024-04-29,5381
2323,中環,39,6,33,第一金-員林,2024-04-29,5381
3035,智原,34,2,32,第一金-員林,2024-04-29,5381
00665L,富邦�琤肭磪囓�2,100,70,30,第一金-員林,2024-04-29,5381
6141,柏承,30,0,30,第一金-員林,2024-04-29,5381
6552,易華電,30,0,30,第一金-員林,2024-04-29,5381
2324,仁寶,35,7,28,第一金-員林,2024-04-29,5381
00679B,元大美債20年,28,0,28,第一金-員林,2024-04-29,5381
00878,國泰永續高股息,47,23,24,第一金-員林,2024-04-29,5381
2371,大同,57,37,20,第一金-員林,2024-04-29,5381
2363,矽統,51,32,19,第一金-員林,2024-04-29,5381
2486,一詮,42,24,18,第一金-員林,2024-04-29,5381
2505,國揚,18,0,18,第一金-員林,2024-04-29,5381
2359,所羅門,27,11,16,第一金-員林,2024-04-29,5381
2409,友達,15,0,15,第一金-員林,2024-04-29,5381
3712,永崴投控,15,0,15,第一金-員林,2024-04-29,5381
8097,常珵,16,1,15,第一金-員林,2024-04-29,5381
6125,廣運,39,24,15,第一金-員林,2024-04-29,5381
2501,國建,15,1,14,第一金-員林,2024-04-29,5381
2520,冠德,16,3,13,第一金-員林,2024-04-29,5381
2009,第一銅,22,9,13,第一金-員林,2024-04-29,5381
00940,元大台灣價值高息,24,12,12,第一金-員林,2024-04-29,5381
6509,聚和,12,0,12,第一金-員林,2024-04-29,5381
3032,偉訓,12,1,11,第一金-員林,2024-04-29,5381
00919,群益台灣精選高息,71,61,10,第一金-員林,2024-04-29,5381
00650L,復華香港正2,30,20,10,第一金-員林,2024-04-29,5381
1434,福懋,10,0,10,第一金-員林,2024-04-29,5381
1805,寶徠,10,0,10,第一金-員林,2024-04-29,5381
2440,太空梭,10,0,10,第一金-員林,2024-04-29,5381
2547,日勝生,12,2,10,第一金-員林,2024-04-29,5381
2633,台灣高鐵,10,0,10,第一金-員林,2024-04-29,5381
3056,富華新,10,0,10,第一金-員林,2024-04-29,5381
3673,TPK-KY,11,1,10,第一金-員林,2024-04-29,5381
6548,長科*,10,0,10,第一金-員林,2024-04-29,5381
6603,富強鑫,10,0,10,第一金-員林,2024-04-29,5381
3005,神基,10,2,8,第一金-員林,2024-04-29,5381
00680L,元大美債20正2,10,2,8,第一金-員林,2024-04-29,5381
00937B,群益ESG投等債20,8,1,7,第一金-員林,2024-04-29,5381
2887,台新金,7,0,7,第一金-員林,2024-04-29,5381
3693,營邦,7,0,7,第一金-員林,2024-04-29,5381
2611,志信,140,31,109,第一金-員林,2024-04-30,5381
1314,中石化,73,17,56,第一金-員林,2024-04-30,5381
2014,中鴻,50,0,50,第一金-員林,2024-04-30,5381
2527,宏璟,50,0,50,第一金-員林,2024-04-30,5381
2501,國建,71,24,47,第一金-員林,2024-04-30,5381
00919,群益台灣精選高息,36,0,36,第一金-員林,2024-04-30,5381
5512,力麒,40,6,34,第一金-員林,2024-04-30,5381
9103,美德醫療-DR,47,13,34,第一金-員林,2024-04-30,5381
2241,艾姆勒,45,15,30,第一金-員林,2024-04-30,5381
8110,華東,30,0,30,第一金-員林,2024-04-30,5381
5531,鄉林,32,6,26,第一金-員林,2024-04-30,5381
2505,國揚,26,4,22,第一金-員林,2024-04-30,5381
4938,和碩,23,1,22,第一金-員林,2024-04-30,5381
00665L,富邦�琤肭磪囓�2,60,40,20,第一金-員林,2024-04-30,5381
2431,聯昌,20,0,20,第一金-員林,2024-04-30,5381
2515,中工,35,17,18,第一金-員林,2024-04-30,5381
4303,信立,19,2,17,第一金-員林,2024-04-30,5381
2537,聯上發,23,7,16,第一金-員林,2024-04-30,5381
8092,建暐,16,0,16,第一金-員林,2024-04-30,5381
2324,仁寶,15,0,15,第一金-員林,2024-04-30,5381
2509,全坤建,15,0,15,第一金-員林,2024-04-30,5381
6552,易華電,40,25,15,第一金-員林,2024-04-30,5381
3035,智原,14,0,14,第一金-員林,2024-04-30,5381
8403,盛弘,13,0,13,第一金-員林,2024-04-30,5381
00937B,群益ESG投等債20,12,0,12,第一金-員林,2024-04-30,5381
1609,大亞,26,14,12,第一金-員林,2024-04-30,5381
2374,佳能,13,1,12,第一金-員林,2024-04-30,5381
2913,農林,25,13,12,第一金-員林,2024-04-30,5381
00662,富邦NASDAQ,12,0,12,第一金-員林,2024-04-30,5381
8114,振樺電,11,0,11,第一金-員林,2024-04-30,5381
3005,神基,10,0,10,第一金-員林,2024-04-30,5381
3363,上詮,19,9,10,第一金-員林,2024-04-30,5381
2115,六暉-KY,10,0,10,第一金-員林,2024-04-30,5381
3234,光環,11,1,10,第一金-員林,2024-04-30,5381
6016,康和證,10,0,10,第一金-員林,2024-04-30,5381
6451,訊芯-KY,10,0,10,第一金-員林,2024-04-30,5381
0056,元大高股息,9,0,9,第一金-員林,2024-04-30,5381
00929,復華台灣科技優息,10,2,8,第一金-員林,2024-04-30,5381
3231,緯創,14,6,8,第一金-員林,2024-04-30,5381
00878,國泰永續高股息,16,7,9,第一金-員林,2024-04-30,5381
2449,京元電子,12,4,8,第一金-員林,2024-04-30,5381
3033,威健,8,0,8,第一金-員林,2024-04-30,5381
1419,新紡,9,2,7,第一金-員林,2024-04-30,5381
2371,大同,28,21,7,第一金-員林,2024-04-30,5381
2618,長榮航,47,40,7,第一金-員林,2024-04-30,5381
00940,元大台灣價值高息,15,9,6,第一金-員林,2024-04-30,5381
3706,神達,6,0,6,第一金-員林,2024-04-30,5381
2892,第一金,6,0,6,第一金-員林,2024-04-30,5381
00632R,元大台灣50反1,6,0,6,第一金-員林,2024-04-30,5381
00679B,元大美債20年,6,0,6,第一金-員林,2024-04-30,5381
2527,宏璟,141,0,141,第一金-員林,2024-05-02,5381
2609,陽明,121,36,85,第一金-員林,2024-05-02,5381
3481,群創,82,1,81,第一金-員林,2024-05-02,5381
00937B,群益ESG投等債20,66,0,66,第一金-員林,2024-05-02,5381
2324,仁寶,58,0,58,第一金-員林,2024-05-02,5381
2301,光寶科,55,1,54,第一金-員林,2024-05-02,5381
00919,群益台灣精選高息,53,0,53,第一金-員林,2024-05-02,5381
2241,艾姆勒,74,28,46,第一金-員林,2024-05-02,5381
00923,群益台ESG低碳50,35,0,35,第一金-員林,2024-05-02,5381
2883,凱基金,35,0,35,第一金-員林,2024-05-02,5381
00715L,期街口布蘭特正2,33,0,33,第一金-員林,2024-05-02,5381
2643,捷迅,33,0,33,第一金-員林,2024-05-02,5381
2801,彰銀,25,0,25,第一金-員林,2024-05-02,5381
2892,第一金,25,0,25,第一金-員林,2024-05-02,5381
4533,協易機,32,7,25,第一金-員林,2024-05-02,5381
2501,國建,57,33,24,第一金-員林,2024-05-02,5381
2913,農林,59,35,24,第一金-員林,2024-05-02,5381
2201,裕隆,45,22,23,第一金-員林,2024-05-02,5381
2303,聯電,25,3,22,第一金-員林,2024-05-02,5381
3049,精金,21,0,21,第一金-員林,2024-05-02,5381
00945B,凱基美國非投等債,20,0,20,第一金-員林,2024-05-02,5381
2891,中信金,19,0,19,第一金-員林,2024-05-02,5381
6770,力積電,21,2,19,第一金-員林,2024-05-02,5381
2371,大同,47,30,17,第一金-員林,2024-05-02,5381
2442,新美齊,16,0,16,第一金-員林,2024-05-02,5381
2449,京元電子,17,1,16,第一金-員林,2024-05-02,5381
5210,寶碩,17,1,16,第一金-員林,2024-05-02,5381
00878,國泰永續高股息,27,11,16,第一金-員林,2024-05-02,5381
6531,愛普*,16,0,16,第一金-員林,2024-05-02,5381
2316,楠梓電,21,7,14,第一金-員林,2024-05-02,5381
2409,友達,16,2,14,第一金-員林,2024-05-02,5381
2337,旺宏,17,4,13,第一金-員林,2024-05-02,5381
6125,廣運,19,7,12,第一金-員林,2024-05-02,5381
2427,三商電,11,0,11,第一金-員林,2024-05-02,5381
5880,合庫金,15,5,10,第一金-員林,2024-05-02,5381
00720B,元大投資級公司債,10,0,10,第一金-員林,2024-05-02,5381
1805,寶徠,10,0,10,第一金-員林,2024-05-02,5381
2329,華泰,10,0,10,第一金-員林,2024-05-02,5381
2440,太空梭,10,0,10,第一金-員林,2024-05-02,5381
3060,銘異,22,12,10,第一金-員林,2024-05-02,5381
4923,力士,10,0,10,第一金-員林,2024-05-02,5381
9940,信義,10,0,10,第一金-員林,2024-05-02,5381
00830,國泰費城半導體,10,0,10,第一金-員林,2024-05-02,5381
00632R,元大台灣50反1,10,1,9,第一金-員林,2024-05-02,5381
3714,富采,9,0,9,第一金-員林,2024-05-02,5381
1101,台泥,8,0,8,第一金-員林,2024-05-02,5381
2313,華通,10,2,8,第一金-員林,2024-05-02,5381
3693,營邦,8,0,8,第一金-員林,2024-05-02,5381
1513,中興電,9,2,7,第一金-員林,2024-05-02,5381
0050,元大台灣50,6,0,6,第一金-員林,2024-05-02,5381
00632R,元大台灣50反1,270,0,270,第一金-員林,2024-05-03,5381
00929,復華台灣科技優息,137,2,135,第一金-員林,2024-05-03,5381
00937B,群益ESG投等債20,85,5,80,第一金-員林,2024-05-03,5381
6120,達運,64,0,64,第一金-員林,2024-05-03,5381
2241,艾姆勒,80,20,60,第一金-員林,2024-05-03,5381
1432,大魯閣,50,0,50,第一金-員林,2024-05-03,5381
00665L,富邦�琤肭磪囓�2,174,130,44,第一金-員林,2024-05-03,5381
3481,群創,54,14,40,第一金-員林,2024-05-03,5381
8096,擎亞,73,38,35,第一金-員林,2024-05-03,5381
1905,華紙,38,5,33,第一金-員林,2024-05-03,5381
00753L,中信中國50正2,33,0,33,第一金-員林,2024-05-03,5381
8110,華東,30,0,30,第一金-員林,2024-05-03,5381
2344,華邦電,28,0,28,第一金-員林,2024-05-03,5381
2537,聯上發,41,15,26,第一金-員林,2024-05-03,5381
9103,美德醫療-DR,26,0,26,第一金-員林,2024-05-03,5381
00878,國泰永續高股息,30,7,23,第一金-員林,2024-05-03,5381
00940,元大台灣價值高息,31,8,23,第一金-員林,2024-05-03,5381
4533,協易機,31,10,21,第一金-員林,2024-05-03,5381
1789,神隆,20,0,20,第一金-員林,2024-05-03,5381
8076,伍豐,30,10,20,第一金-員林,2024-05-03,5381
3231,緯創,20,2,18,第一金-員林,2024-05-03,5381
9930,中聯資源,18,0,18,第一金-員林,2024-05-03,5381
3693,營邦,15,0,15,第一金-員林,2024-05-03,5381
1316,上曜,88,74,14,第一金-員林,2024-05-03,5381
00679B,元大美債20年,14,0,14,第一金-員林,2024-05-03,5381
4714,永捷,149,135,14,第一金-員林,2024-05-03,5381
3715,定穎投控,15,2,13,第一金-員林,2024-05-03,5381
00933B,國泰10Y+金融債,12,0,12,第一金-員林,2024-05-03,5381
2534,宏盛,12,0,12,第一金-員林,2024-05-03,5381
5529,鉅陞,12,0,12,第一金-員林,2024-05-03,5381
2834,臺企銀,15,3,12,第一金-員林,2024-05-03,5381
2408,南亞科,14,3,11,第一金-員林,2024-05-03,5381
2705,六福,12,1,11,第一金-員林,2024-05-03,5381
3706,神達,14,3,11,第一金-員林,2024-05-03,5381
00915,凱基優選高股息30,10,0,10,第一金-員林,2024-05-03,5381
2405,輔信,15,5,10,第一金-員林,2024-05-03,5381
2542,興富發,12,2,10,第一金-員林,2024-05-03,5381
3234,光環,10,0,10,第一金-員林,2024-05-03,5381
6275,元山,12,2,10,第一金-員林,2024-05-03,5381
8422,可寧衛,10,0,10,第一金-員林,2024-05-03,5381
2527,宏璟,9,0,9,第一金-員林,2024-05-03,5381
3049,精金,9,0,9,第一金-員林,2024-05-03,5381
3363,上詮,12,3,9,第一金-員林,2024-05-03,5381
6509,聚和,11,2,9,第一金-員林,2024-05-03,5381
2421,建準,8,0,8,第一金-員林,2024-05-03,5381
00713,元大台灣高息低波,9,1,8,第一金-員林,2024-05-03,5381
1805,寶徠,8,0,8,第一金-員林,2024-05-03,5381
2547,日勝生,8,0,8,第一金-員林,2024-05-03,5381
6167,久正,8,0,8,第一金-員林,2024-05-03,5381
1514,亞力,8,1,7,第一金-員林,2024-05-03,5381
00632R,元大台灣50反1,295,0,295,第一金-員林,2024-05-06,5381
00929,復華台灣科技優息,90,3,87,第一金-員林,2024-05-06,5381
2881,富邦金,70,0,70,第一金-員林,2024-05-06,5381
6120,達運,52,0,52,第一金-員林,2024-05-06,5381
5512,力麒,54,2,52,第一金-員林,2024-05-06,5381
2449,京元電子,58,12,46,第一金-員林,2024-05-06,5381
2323,中環,44,0,44,第一金-員林,2024-05-06,5381
2610,華航,54,13,41,第一金-員林,2024-05-06,5381
3609,三一東林,41,0,41,第一金-員林,2024-05-06,5381
4306,炎洲,40,0,40,第一金-員林,2024-05-06,5381
9103,美德醫療-DR,40,0,40,第一金-員林,2024-05-06,5381
4303,信立,43,7,36,第一金-員林,2024-05-06,5381
00878,國泰永續高股息,46,10,36,第一金-員林,2024-05-06,5381
3060,銘異,35,0,35,第一金-員林,2024-05-06,5381
00665L,富邦�琤肭磪囓�2,270,240,30,第一金-員林,2024-05-06,5381
2836,高雄銀,30,0,30,第一金-員林,2024-05-06,5381
3312,弘憶股,47,19,28,第一金-員林,2024-05-06,5381
2618,長榮航,101,74,27,第一金-員林,2024-05-06,5381
00753L,中信中國50正2,24,0,24,第一金-員林,2024-05-06,5381
3481,群創,24,0,24,第一金-員林,2024-05-06,5381
1905,華紙,24,1,23,第一金-員林,2024-05-06,5381
00715L,期街口布蘭特正2,21,0,21,第一金-員林,2024-05-06,5381
1304,台聚,20,0,20,第一金-員林,2024-05-06,5381
2605,新興,20,0,20,第一金-員林,2024-05-06,5381
2501,國建,71,51,20,第一金-員林,2024-05-06,5381
6213,聯茂,19,0,19,第一金-員林,2024-05-06,5381
1314,中石化,42,25,17,第一金-員林,2024-05-06,5381
2392,正崴,17,0,17,第一金-員林,2024-05-06,5381
2241,艾姆勒,22,6,16,第一金-員林,2024-05-06,5381
8415,大國鋼,16,0,16,第一金-員林,2024-05-06,5381
2427,三商電,15,0,15,第一金-員林,2024-05-06,5381
2363,矽統,34,20,14,第一金-員林,2024-05-06,5381
3711,日月光投控,13,1,12,第一金-員林,2024-05-06,5381
6548,長科*,13,1,12,第一金-員林,2024-05-06,5381
00646,元大S＆P500,11,0,11,第一金-員林,2024-05-06,5381
00937B,群益ESG投等債20,73,62,11,第一金-員林,2024-05-06,5381
2362,藍天,11,0,11,第一金-員林,2024-05-06,5381
8092,建暐,14,3,11,第一金-員林,2024-05-06,5381
9933,中鼎,12,1,11,第一金-員林,2024-05-06,5381
4714,永捷,11,1,10,第一金-員林,2024-05-06,5381
5523,豐謙,12,2,10,第一金-員林,2024-05-06,5381
6147,頎邦,10,0,10,第一金-員林,2024-05-06,5381
2515,中工,10,0,10,第一金-員林,2024-05-06,5381
3706,神達,21,11,10,第一金-員林,2024-05-06,5381
00919,群益台灣精選高息,30,21,9,第一金-員林,2024-05-06,5381
3430,奇鈦科,9,0,9,第一金-員林,2024-05-06,5381
00936,台新永續高息中小,8,0,8,第一金-員林,2024-05-06,5381
00679B,元大美債20年,11,3,8,第一金-員林,2024-05-06,5381
2314,台揚,8,0,8,第一金-員林,2024-05-06,5381
5521,工信,14,6,8,第一金-員林,2024-05-06,5381
4306,炎洲,520,20,500,第一金-員林,2024-05-07,5381
5533,皇鼎,118,0,118,第一金-員林,2024-05-07,5381
1304,台聚,112,0,112,第一金-員林,2024-05-07,5381
00878,國泰永續高股息,59,0,59,第一金-員林,2024-05-07,5381
2511,太子,63,5,58,第一金-員林,2024-05-07,5381
2241,艾姆勒,53,1,52,第一金-員林,2024-05-07,5381
00676R,富邦臺灣加權反1,50,0,50,第一金-員林,2024-05-07,5381
2344,華邦電,61,14,47,第一金-員林,2024-05-07,5381
00680L,元大美債20正2,45,1,44,第一金-員林,2024-05-07,5381
5512,力麒,55,11,44,第一金-員林,2024-05-07,5381
1314,中石化,62,19,43,第一金-員林,2024-05-07,5381
2014,中鴻,42,0,42,第一金-員林,2024-05-07,5381
2888,新光金,46,6,40,第一金-員林,2024-05-07,5381
3609,三一東林,35,0,35,第一金-員林,2024-05-07,5381
5531,鄉林,33,2,31,第一金-員林,2024-05-07,5381
6005,群益證,30,1,29,第一金-員林,2024-05-07,5381
3481,群創,28,0,28,第一金-員林,2024-05-07,5381
1905,華紙,31,3,28,第一金-員林,2024-05-07,5381
9945,潤泰新,54,27,27,第一金-員林,2024-05-07,5381
1503,士電,25,3,22,第一金-員林,2024-05-07,5381
2427,三商電,20,0,20,第一金-員林,2024-05-07,5381
3024,憶聲,20,0,20,第一金-員林,2024-05-07,5381
3049,精金,20,0,20,第一金-員林,2024-05-07,5381
4533,協易機,21,1,20,第一金-員林,2024-05-07,5381
00939,統一台灣高息動能,19,0,19,第一金-員林,2024-05-07,5381
2444,兆勁,18,0,18,第一金-員林,2024-05-07,5381
2534,宏盛,18,0,18,第一金-員林,2024-05-07,5381
6834,天二科技,19,1,18,第一金-員林,2024-05-07,5381
8271,宇瞻,31,13,18,第一金-員林,2024-05-07,5381
2354,鴻準,39,22,17,第一金-員林,2024-05-07,5381
5871,中租-KY,16,0,16,第一金-員林,2024-05-07,5381
00919,群益台灣精選高息,27,12,15,第一金-員林,2024-05-07,5381
9103,美德醫療-DR,15,0,15,第一金-員林,2024-05-07,5381
00700,富邦�琤肭磪�,14,0,14,第一金-員林,2024-05-07,5381
5529,鉅陞,14,0,14,第一金-員林,2024-05-07,5381
1609,大亞,19,7,12,第一金-員林,2024-05-07,5381
2812,台中銀,12,0,12,第一金-員林,2024-05-07,5381
6449,鈺邦,13,1,12,第一金-員林,2024-05-07,5381
8215,明基材,12,0,12,第一金-員林,2024-05-07,5381
2317,鴻海,69,57,12,第一金-員林,2024-05-07,5381
1513,中興電,13,2,11,第一金-員林,2024-05-07,5381
2515,中工,19,8,11,第一金-員林,2024-05-07,5381
5523,豐謙,12,1,11,第一金-員林,2024-05-07,5381
1570,力肯,10,0,10,第一金-員林,2024-05-07,5381
2633,台灣高鐵,10,0,10,第一金-員林,2024-05-07,5381
2731,雄獅,10,0,10,第一金-員林,2024-05-07,5381
2745,五福,10,0,10,第一金-員林,2024-05-07,5381
3622,洋華,10,0,10,第一金-員林,2024-05-07,5381
4707,磐亞,10,0,10,第一金-員林,2024-05-07,5381
5211,蒙恬,10,0,10,第一金-員林,2024-05-07,5381
1304,台聚,500,0,500,第一金-員林,2024-05-08,5381
4306,炎洲,151,0,151,第一金-員林,2024-05-08,5381
00937B,群益ESG投等債20,65,1,64,第一金-員林,2024-05-08,5381
2062,橋椿,61,0,61,第一金-員林,2024-05-08,5381
2363,矽統,87,29,58,第一金-員林,2024-05-08,5381
2915,潤泰全,58,0,58,第一金-員林,2024-05-08,5381
00929,復華台灣科技優息,51,0,51,第一金-員林,2024-05-08,5381
1709,和益,50,0,50,第一金-員林,2024-05-08,5381
5533,皇鼎,45,3,42,第一金-員林,2024-05-08,5381
1515,力山,41,0,41,第一金-員林,2024-05-08,5381
2534,宏盛,41,3,38,第一金-員林,2024-05-08,5381
1609,大亞,72,40,32,第一金-員林,2024-05-08,5381
1314,中石化,30,2,28,第一金-員林,2024-05-08,5381
5871,中租-KY,25,0,25,第一金-員林,2024-05-08,5381
3481,群創,26,2,24,第一金-員林,2024-05-08,5381
6834,天二科技,24,0,24,第一金-員林,2024-05-08,5381
00632R,元大台灣50反1,22,0,22,第一金-員林,2024-05-08,5381
6026,福邦證,22,0,22,第一金-員林,2024-05-08,5381
2374,佳能,53,33,20,第一金-員林,2024-05-08,5381
00940,元大台灣價值高息,28,10,18,第一金-員林,2024-05-08,5381
3622,洋華,18,0,18,第一金-員林,2024-05-08,5381
00919,群益台灣精選高息,33,15,18,第一金-員林,2024-05-08,5381
2641,正德,18,3,15,第一金-員林,2024-05-08,5381
9105,泰金寶-DR,14,0,14,第一金-員林,2024-05-08,5381
2409,友達,13,0,13,第一金-員林,2024-05-08,5381
3035,智原,12,0,12,第一金-員林,2024-05-08,5381
2356,英業達,31,20,11,第一金-員林,2024-05-08,5381
00933B,國泰10Y+金融債,11,0,11,第一金-員林,2024-05-08,5381
4967,十銓,16,5,11,第一金-員林,2024-05-08,5381
1316,上曜,13,3,10,第一金-員林,2024-05-08,5381
1789,神隆,10,0,10,第一金-員林,2024-05-08,5381
2392,正崴,11,1,10,第一金-員林,2024-05-08,5381
5522,遠雄,12,2,10,第一金-員林,2024-05-08,5381
5608,四維航,11,1,10,第一金-員林,2024-05-08,5381
6177,達麗,32,22,10,第一金-員林,2024-05-08,5381
6278,台表科,11,1,10,第一金-員林,2024-05-08,5381
8422,可寧衛,10,0,10,第一金-員林,2024-05-08,5381
1608,華榮,33,24,9,第一金-員林,2024-05-08,5381
3036,文曄,8,0,8,第一金-員林,2024-05-08,5381
2812,台中銀,8,0,8,第一金-員林,2024-05-08,5381
2880,華南金,8,0,8,第一金-員林,2024-05-08,5381
3363,上詮,15,7,8,第一金-員林,2024-05-08,5381
5347,世界,8,0,8,第一金-員林,2024-05-08,5381
5523,豐謙,10,2,8,第一金-員林,2024-05-08,5381
00878,國泰永續高股息,19,12,7,第一金-員林,2024-05-08,5381
8069,元太,7,0,7,第一金-員林,2024-05-08,5381
3596,智易,7,0,7,第一金-員林,2024-05-08,5381
2353,宏��,8,1,7,第一金-員林,2024-05-08,5381
5386,青雲,8,1,7,第一金-員林,2024-05-08,5381
8059,凱碩,7,0,7,第一金-員林,2024-05-08,5381
2062,橋椿,105,5,100,第一金-員林,2024-05-09,5381
9103,美德醫療-DR,142,50,92,第一金-員林,2024-05-09,5381
00929,復華台灣科技優息,82,0,82,第一金-員林,2024-05-09,5381
00946,群益科技高息成長,70,20,50,第一金-員林,2024-05-09,5381
1609,大亞,62,16,46,第一金-員林,2024-05-09,5381
2501,國建,46,3,43,第一金-員林,2024-05-09,5381
00940,元大台灣價值高息,46,7,39,第一金-員林,2024-05-09,5381
1446,宏和,42,5,37,第一金-員林,2024-05-09,5381
00937B,群益ESG投等債20,41,5,36,第一金-員林,2024-05-09,5381
3231,緯創,35,5,30,第一金-員林,2024-05-09,5381
00632R,元大台灣50反1,30,0,30,第一金-員林,2024-05-09,5381
2888,新光金,148,120,28,第一金-員林,2024-05-09,5381
2352,佳世達,24,0,24,第一金-員林,2024-05-09,5381
3036,文曄,25,2,23,第一金-員林,2024-05-09,5381
3689,湧德,28,6,22,第一金-員林,2024-05-09,5381
00944,野村趨勢動能高息,21,0,21,第一金-員林,2024-05-09,5381
2367,燿華,36,15,21,第一金-員林,2024-05-09,5381
2542,興富發,21,0,21,第一金-員林,2024-05-09,5381
00679B,元大美債20年,20,0,20,第一金-員林,2024-05-09,5381
3060,銘異,20,0,20,第一金-員林,2024-05-09,5381
5533,皇鼎,22,2,20,第一金-員林,2024-05-09,5381
8422,可寧衛,20,0,20,第一金-員林,2024-05-09,5381
2883,凱基金,20,2,18,第一金-員林,2024-05-09,5381
1789,神隆,15,0,15,第一金-員林,2024-05-09,5381
2610,華航,15,0,15,第一金-員林,2024-05-09,5381
6207,雷科,29,15,14,第一金-員林,2024-05-09,5381
2344,華邦電,157,144,13,第一金-員林,2024-05-09,5381
1339,昭輝,12,0,12,第一金-員林,2024-05-09,5381
1440,南紡,12,0,12,第一金-員林,2024-05-09,5381
2506,太設,17,5,12,第一金-員林,2024-05-09,5381
2834,臺企銀,12,0,12,第一金-員林,2024-05-09,5381
5522,遠雄,14,2,12,第一金-員林,2024-05-09,5381
6279,胡連,12,0,12,第一金-員林,2024-05-09,5381
8011,台通,13,2,11,第一金-員林,2024-05-09,5381
00936,台新永續高息中小,11,0,11,第一金-員林,2024-05-09,5381
2409,友達,15,4,11,第一金-員林,2024-05-09,5381
2520,冠德,15,4,11,第一金-員林,2024-05-09,5381
3011,今皓,11,0,11,第一金-員林,2024-05-09,5381
3041,揚智,11,0,11,第一金-員林,2024-05-09,5381
2408,南亞科,10,0,10,第一金-員林,2024-05-09,5381
00725B,國泰投資級公司債,10,0,10,第一金-員林,2024-05-09,5381
1708,東鹼,10,0,10,第一金-員林,2024-05-09,5381
2915,潤泰全,10,0,10,第一金-員林,2024-05-09,5381
8463,潤泰材,10,0,10,第一金-員林,2024-05-09,5381
4564,元翎,10,0,10,第一金-員林,2024-05-09,5381
2618,長榮航,84,75,9,第一金-員林,2024-05-09,5381
2354,鴻準,26,17,9,第一金-員林,2024-05-09,5381
2371,大同,52,43,9,第一金-員林,2024-05-09,5381
1721,三晃,50,41,9,第一金-員林,2024-05-09,5381
2534,宏盛,17,8,9,第一金-員林,2024-05-09,5381
00931B,統一美債20年,200,0,200,第一金-員林,2024-05-10,5381
00929,復華台灣科技優息,185,20,165,第一金-員林,2024-05-10,5381
2367,燿華,77,25,52,第一金-員林,2024-05-10,5381
3706,神達,48,6,42,第一金-員林,2024-05-10,5381
00946,群益科技高息成長,35,0,35,第一金-員林,2024-05-10,5381
00680L,元大美債20正2,55,20,35,第一金-員林,2024-05-10,5381
5871,中租-KY,31,0,31,第一金-員林,2024-05-10,5381
00919,群益台灣精選高息,34,3,31,第一金-員林,2024-05-10,5381
2323,中環,30,0,30,第一金-員林,2024-05-10,5381
6282,康舒,30,1,29,第一金-員林,2024-05-10,5381
00937B,群益ESG投等債20,31,4,27,第一金-員林,2024-05-10,5381
2501,國建,43,18,25,第一金-員林,2024-05-10,5381
2527,宏璟,30,6,24,第一金-員林,2024-05-10,5381
1611,中電,23,0,23,第一金-員林,2024-05-10,5381
3035,智原,21,0,21,第一金-員林,2024-05-10,5381
00665L,富邦�琤肭磪囓�2,140,120,20,第一金-員林,2024-05-10,5381
8112,至上,22,3,19,第一金-員林,2024-05-10,5381
2241,艾姆勒,22,4,18,第一金-員林,2024-05-10,5381
2601,益航,21,3,18,第一金-員林,2024-05-10,5381
2317,鴻海,35,18,17,第一金-員林,2024-05-10,5381
3481,群創,26,9,17,第一金-員林,2024-05-10,5381
2439,美律,19,3,16,第一金-員林,2024-05-10,5381
8096,擎亞,18,2,16,第一金-員林,2024-05-10,5381
1524,耿鼎,16,1,15,第一金-員林,2024-05-10,5381
9103,美德醫療-DR,24,10,14,第一金-員林,2024-05-10,5381
3609,三一東林,16,3,13,第一金-員林,2024-05-10,5381
8926,台汽電,13,0,13,第一金-員林,2024-05-10,5381
6509,聚和,17,5,12,第一金-員林,2024-05-10,5381
6167,久正,11,0,11,第一金-員林,2024-05-10,5381
2892,第一金,30,20,10,第一金-員林,2024-05-10,5381
3049,精金,10,0,10,第一金-員林,2024-05-10,5381
3540,曜越,10,0,10,第一金-員林,2024-05-10,5381
2374,佳能,11,1,10,第一金-員林,2024-05-10,5381
3711,日月光投控,14,4,10,第一金-員林,2024-05-10,5381
2313,華通,26,17,9,第一金-員林,2024-05-10,5381
00679B,元大美債20年,11,2,9,第一金-員林,2024-05-10,5381
1905,華紙,11,2,9,第一金-員林,2024-05-10,5381
3141,晶宏,9,0,9,第一金-員林,2024-05-10,5381
5522,遠雄,10,1,9,第一金-員林,2024-05-10,5381
8092,建暐,9,0,9,第一金-員林,2024-05-10,5381
00670L,富邦NASDAQ正2,9,0,9,第一金-員林,2024-05-10,5381
6753,龍德造船,10,1,9,第一金-員林,2024-05-10,5381
1419,新紡,8,0,8,第一金-員林,2024-05-10,5381
1515,力山,11,3,8,第一金-員林,2024-05-10,5381
2409,友達,16,8,8,第一金-員林,2024-05-10,5381
2457,飛宏,10,2,8,第一金-員林,2024-05-10,5381
6026,福邦證,10,2,8,第一金-員林,2024-05-10,5381
3044,健鼎,13,6,7,第一金-員林,2024-05-10,5381
1504,東元,7,0,7,第一金-員林,2024-05-10,5381
2371,大同,21,14,7,第一金-員林,2024-05-10,5381
00919,群益台灣精選高息,91,0,91,第一金-員林,2024-05-13,5381
00929,復華台灣科技優息,80,2,78,第一金-員林,2024-05-13,5381
00937B,群益ESG投等債20,70,2,68,第一金-員林,2024-05-13,5381
2618,長榮航,94,46,48,第一金-員林,2024-05-13,5381
2363,矽統,72,25,47,第一金-員林,2024-05-13,5381
00680L,元大美債20正2,37,0,37,第一金-員林,2024-05-13,5381
2615,萬海,64,28,36,第一金-員林,2024-05-13,5381
2356,英業達,45,10,35,第一金-員林,2024-05-13,5381
00940,元大台灣價值高息,38,8,30,第一金-員林,2024-05-13,5381
4551,智伸科,30,0,30,第一金-員林,2024-05-13,5381
5014,建錩,28,3,25,第一金-員林,2024-05-13,5381
1608,華榮,26,2,24,第一金-員林,2024-05-13,5381
6530,創威,23,0,23,第一金-員林,2024-05-13,5381
00932,兆豐永續高息等權,22,0,22,第一金-員林,2024-05-13,5381
1616,億泰,22,0,22,第一金-員林,2024-05-13,5381
2882,國泰金,48,26,22,第一金-員林,2024-05-13,5381
00900,富邦特選高股息30,22,1,21,第一金-員林,2024-05-13,5381
3231,緯創,20,0,20,第一金-員林,2024-05-13,5381
00665L,富邦�琤肭磪囓�2,120,100,20,第一金-員林,2024-05-13,5381
00687B,國泰20年美債,20,0,20,第一金-員林,2024-05-13,5381
3141,晶宏,23,3,20,第一金-員林,2024-05-13,5381
2641,正德,25,6,19,第一金-員林,2024-05-13,5381
00878,國泰永續高股息,37,21,16,第一金-員林,2024-05-13,5381
3609,三一東林,18,2,16,第一金-員林,2024-05-13,5381
1513,中興電,17,2,15,第一金-員林,2024-05-13,5381
6290,良維,15,0,15,第一金-員林,2024-05-13,5381
00936,台新永續高息中小,14,0,14,第一金-員林,2024-05-13,5381
2605,新興,46,32,14,第一金-員林,2024-05-13,5381
3481,群創,13,0,13,第一金-員林,2024-05-13,5381
4903,聯光通,14,1,13,第一金-員林,2024-05-13,5381
00706L,期元大S＆P日圓正2,12,0,12,第一金-員林,2024-05-13,5381
2527,宏璟,14,2,12,第一金-員林,2024-05-13,5381
2888,新光金,12,0,12,第一金-員林,2024-05-13,5381
3430,奇鈦科,12,0,12,第一金-員林,2024-05-13,5381
2609,陽明,39,27,12,第一金-員林,2024-05-13,5381
1440,南紡,11,0,11,第一金-員林,2024-05-13,5381
3013,晟銘電,50,39,11,第一金-員林,2024-05-13,5381
3450,聯鈞,11,0,11,第一金-員林,2024-05-13,5381
00725B,國泰投資級公司債,10,0,10,第一金-員林,2024-05-13,5381
1432,大魯閣,10,0,10,第一金-員林,2024-05-13,5381
1721,三晃,10,0,10,第一金-員林,2024-05-13,5381
3691,碩禾,10,0,10,第一金-員林,2024-05-13,5381
00715L,期街口布蘭特正2,10,1,9,第一金-員林,2024-05-13,5381
1609,大亞,32,23,9,第一金-員林,2024-05-13,5381
2313,華通,9,0,9,第一金-員林,2024-05-13,5381
5522,遠雄,10,1,9,第一金-員林,2024-05-13,5381
8097,常珵,9,0,9,第一金-員林,2024-05-13,5381
2427,三商電,8,0,8,第一金-員林,2024-05-13,5381
4114,健喬,8,0,8,第一金-員林,2024-05-13,5381
6449,鈺邦,8,0,8,第一金-員林,2024-05-13,5381
2892,第一金,141,1,140,第一金-員林,2024-05-14,5381
00632R,元大台灣50反1,68,0,68,第一金-員林,2024-05-14,5381
2615,萬海,208,146,62,第一金-員林,2024-05-14,5381
2342,茂矽,48,0,48,第一金-員林,2024-05-14,5381
3231,緯創,48,1,47,第一金-員林,2024-05-14,5381
00919,群益台灣精選高息,65,21,44,第一金-員林,2024-05-14,5381
00937B,群益ESG投等債20,92,50,42,第一金-員林,2024-05-14,5381
5533,皇鼎,39,0,39,第一金-員林,2024-05-14,5381
9945,潤泰新,54,18,36,第一金-員林,2024-05-14,5381
2317,鴻海,49,23,26,第一金-員林,2024-05-14,5381
9110,越南控-DR,26,0,26,第一金-員林,2024-05-14,5381
00932,兆豐永續高息等權,23,0,23,第一金-員林,2024-05-14,5381
00933B,國泰10Y+金融債,21,0,21,第一金-員林,2024-05-14,5381
6116,彩晶,20,0,20,第一金-員林,2024-05-14,5381
2867,三商壽,20,0,20,第一金-員林,2024-05-14,5381
6125,廣運,25,5,20,第一金-員林,2024-05-14,5381
2241,艾姆勒,52,33,19,第一金-員林,2024-05-14,5381
2888,新光金,22,3,19,第一金-員林,2024-05-14,5381
8096,擎亞,16,0,16,第一金-員林,2024-05-14,5381
00929,復華台灣科技優息,19,5,14,第一金-員林,2024-05-14,5381
2355,敬鵬,18,4,14,第一金-員林,2024-05-14,5381
2891,中信金,14,1,13,第一金-員林,2024-05-14,5381
00679B,元大美債20年,23,10,13,第一金-員林,2024-05-14,5381
2501,國建,30,17,13,第一金-員林,2024-05-14,5381
2880,華南金,13,0,13,第一金-員林,2024-05-14,5381
4938,和碩,17,5,12,第一金-員林,2024-05-14,5381
2314,台揚,11,0,11,第一金-員林,2024-05-14,5381
5522,遠雄,11,0,11,第一金-員林,2024-05-14,5381
2201,裕隆,11,1,10,第一金-員林,2024-05-14,5381
00941,中信上游半導體,10,0,10,第一金-員林,2024-05-14,5381
00712,復華富時不動產,10,0,10,第一金-員林,2024-05-14,5381
1305,華夏,10,0,10,第一金-員林,2024-05-14,5381
2610,華航,21,11,10,第一金-員林,2024-05-14,5381
5009,榮剛,10,0,10,第一金-員林,2024-05-14,5381
6282,康舒,10,0,10,第一金-員林,2024-05-14,5381
1522,堤維西,36,27,9,第一金-員林,2024-05-14,5381
2495,普安,10,1,9,第一金-員林,2024-05-14,5381
3011,今皓,9,0,9,第一金-員林,2024-05-14,5381
5508,永信建,11,3,8,第一金-員林,2024-05-14,5381
1815,富喬,9,1,8,第一金-員林,2024-05-14,5381
2736,富野,8,0,8,第一金-員林,2024-05-14,5381
2834,臺企銀,8,0,8,第一金-員林,2024-05-14,5381
1563,巧新,7,0,7,第一金-員林,2024-05-14,5381
2913,農林,10,3,7,第一金-員林,2024-05-14,5381
3047,訊舟,9,2,7,第一金-員林,2024-05-14,5381
3060,銘異,7,0,7,第一金-員林,2024-05-14,5381
5381,合正,7,0,7,第一金-員林,2024-05-14,5381
6491,晶碩,7,0,7,第一金-員林,2024-05-14,5381
6834,天二科技,8,1,7,第一金-員林,2024-05-14,5381
8097,常珵,7,0,7,第一金-員林,2024-05-14,5381
00676R,富邦臺灣加權反1,200,0,200,第一金-員林,2024-05-15,5381
00919,群益台灣精選高息,194,54,140,第一金-員林,2024-05-15,5381
00937B,群益ESG投等債20,109,0,109,第一金-員林,2024-05-15,5381
00665L,富邦�琤肭磪囓�2,80,20,60,第一金-員林,2024-05-15,5381
00932,兆豐永續高息等權,61,3,58,第一金-員林,2024-05-15,5381
00946,群益科技高息成長,50,6,44,第一金-員林,2024-05-15,5381
4533,協易機,37,3,34,第一金-員林,2024-05-15,5381
00929,復華台灣科技優息,44,11,33,第一金-員林,2024-05-15,5381
3693,營邦,30,0,30,第一金-員林,2024-05-15,5381
2618,長榮航,30,3,27,第一金-員林,2024-05-15,5381
2356,英業達,59,33,26,第一金-員林,2024-05-15,5381
4402,郡都開發,26,0,26,第一金-員林,2024-05-15,5381
2514,龍邦,24,0,24,第一金-員林,2024-05-15,5381
5469,瀚宇博,25,3,22,第一金-員林,2024-05-15,5381
6753,龍德造船,24,2,22,第一金-員林,2024-05-15,5381
2329,華泰,22,2,20,第一金-員林,2024-05-15,5381
2492,華新科,20,0,20,第一金-員林,2024-05-15,5381
3466,德晉,20,0,20,第一金-員林,2024-05-15,5381
4119,旭富,20,0,20,第一金-員林,2024-05-15,5381
6120,達運,20,0,20,第一金-員林,2024-05-15,5381
9110,越南控-DR,20,0,20,第一金-員林,2024-05-15,5381
00940,元大台灣價值高息,22,2,20,第一金-員林,2024-05-15,5381
1457,宜進,20,1,19,第一金-員林,2024-05-15,5381
00632R,元大台灣50反1,18,0,18,第一金-員林,2024-05-15,5381
2606,裕民,26,9,17,第一金-員林,2024-05-15,5381
5521,工信,17,0,17,第一金-員林,2024-05-15,5381
2406,國碩,19,3,16,第一金-員林,2024-05-15,5381
2645,長榮航太,15,0,15,第一金-員林,2024-05-15,5381
2371,大同,32,18,14,第一金-員林,2024-05-15,5381
3711,日月光投控,27,13,14,第一金-員林,2024-05-15,5381
5475,德宏,15,1,14,第一金-員林,2024-05-15,5381
2603,長榮,26,12,14,第一金-員林,2024-05-15,5381
1529,樂事綠能,17,4,13,第一金-員林,2024-05-15,5381
2367,燿華,54,41,13,第一金-員林,2024-05-15,5381
8054,安國,23,11,12,第一金-員林,2024-05-15,5381
9958,世紀鋼,17,5,12,第一金-員林,2024-05-15,5381
2615,萬海,107,95,12,第一金-員林,2024-05-15,5381
6125,廣運,53,42,11,第一金-員林,2024-05-15,5381
8064,東捷,13,2,11,第一金-員林,2024-05-15,5381
2882,國泰金,24,13,11,第一金-員林,2024-05-15,5381
00725B,國泰投資級公司債,10,0,10,第一金-員林,2024-05-15,5381
00715L,期街口布蘭特正2,11,1,10,第一金-員林,2024-05-15,5381
00637L,元大滬深300正2,10,0,10,第一金-員林,2024-05-15,5381
1532,勤美,11,1,10,第一金-員林,2024-05-15,5381
2405,輔信,34,24,10,第一金-員林,2024-05-15,5381
3005,神基,10,0,10,第一金-員林,2024-05-15,5381
6167,久正,10,0,10,第一金-員林,2024-05-15,5381
6509,聚和,10,0,10,第一金-員林,2024-05-15,5381
6558,興能高,10,0,10,第一金-員林,2024-05-15,5381
2610,華航,13,3,10,第一金-員林,2024-05-15,5381
00688L,國泰20年美債正2,318,0,318,第一金-員林,2024-05-16,5381
2002,中鋼,201,23,178,第一金-員林,2024-05-16,5381
9105,泰金寶-DR,185,100,85,第一金-員林,2024-05-16,5381
2534,宏盛,67,0,67,第一金-員林,2024-05-16,5381
00929,復華台灣科技優息,93,26,67,第一金-員林,2024-05-16,5381
2363,矽統,91,39,52,第一金-員林,2024-05-16,5381
2356,英業達,74,24,50,第一金-員林,2024-05-16,5381
1515,力山,50,0,50,第一金-員林,2024-05-16,5381
2845,遠東銀,50,0,50,第一金-員林,2024-05-16,5381
2241,艾姆勒,66,37,29,第一金-員林,2024-05-16,5381
2312,金寶,30,1,29,第一金-員林,2024-05-16,5381
2506,太設,40,11,29,第一金-員林,2024-05-16,5381
2514,龍邦,37,12,25,第一金-員林,2024-05-16,5381
00945B,凱基美國非投等債,22,0,22,第一金-員林,2024-05-16,5381
2812,台中銀,20,0,20,第一金-員林,2024-05-16,5381
3710,連展投控,20,0,20,第一金-員林,2024-05-16,5381
2801,彰銀,22,2,20,第一金-員林,2024-05-16,5381
2365,昆盈,45,27,18,第一金-員林,2024-05-16,5381
2324,仁寶,22,4,18,第一金-員林,2024-05-16,5381
2464,盟立,28,11,17,第一金-員林,2024-05-16,5381
6770,力積電,45,28,17,第一金-員林,2024-05-16,5381
9945,潤泰新,24,7,17,第一金-員林,2024-05-16,5381
5522,遠雄,18,2,16,第一金-員林,2024-05-16,5381
3231,緯創,42,28,14,第一金-員林,2024-05-16,5381
00878,國泰永續高股息,27,14,13,第一金-員林,2024-05-16,5381
1446,宏和,14,1,13,第一金-員林,2024-05-16,5381
8071,能率網通,14,1,13,第一金-員林,2024-05-16,5381
2104,國際中橡,12,0,12,第一金-員林,2024-05-16,5381
6177,達麗,13,1,12,第一金-員林,2024-05-16,5381
2486,一詮,21,10,11,第一金-員林,2024-05-16,5381
2897,王道銀行,11,0,11,第一金-員林,2024-05-16,5381
4119,旭富,11,0,11,第一金-員林,2024-05-16,5381
2331,精英,21,11,10,第一金-員林,2024-05-16,5381
2748,雲品,10,0,10,第一金-員林,2024-05-16,5381
3576,聯合再生,10,0,10,第一金-員林,2024-05-16,5381
912000,晨訊科-DR,10,0,10,第一金-員林,2024-05-16,5381
6834,天二科技,9,0,9,第一金-員林,2024-05-16,5381
1213,大飲,8,0,8,第一金-員林,2024-05-16,5381
1220,台榮,8,0,8,第一金-員林,2024-05-16,5381
1618,合機,10,2,8,第一金-員林,2024-05-16,5381
3206,志豐,8,0,8,第一金-員林,2024-05-16,5381
3430,奇鈦科,10,2,8,第一金-員林,2024-05-16,5381
6016,康和證,10,2,8,第一金-員林,2024-05-16,5381
8096,擎亞,28,20,8,第一金-員林,2024-05-16,5381
6015,宏遠證,7,0,7,第一金-員林,2024-05-16,5381
8064,東捷,7,0,7,第一金-員林,2024-05-16,5381
9904,寶成,8,1,7,第一金-員林,2024-05-16,5381
2542,興富發,7,0,7,第一金-員林,2024-05-16,5381
1522,堤維西,6,0,6,第一金-員林,2024-05-16,5381
00933B,國泰10Y+金融債,6,0,6,第一金-員林,2024-05-16,5381
00878,國泰永續高股息,103,16,87,第一金-員林,2024-05-17,5381
00929,復華台灣科技優息,87,14,73,第一金-員林,2024-05-17,5381
3481,群創,69,0,69,第一金-員林,2024-05-17,5381
00919,群益台灣精選高息,55,3,52,第一金-員林,2024-05-17,5381
3312,弘憶股,58,6,52,第一金-員林,2024-05-17,5381
2887,台新金,50,0,50,第一金-員林,2024-05-17,5381
00940,元大台灣價值高息,54,14,40,第一金-員林,2024-05-17,5381
4533,協易機,50,10,40,第一金-員林,2024-05-17,5381
00937B,群益ESG投等債20,37,0,37,第一金-員林,2024-05-17,5381
2534,宏盛,36,0,36,第一金-員林,2024-05-17,5381
00687B,國泰20年美債,38,3,35,第一金-員林,2024-05-17,5381
5522,遠雄,32,0,32,第一金-員林,2024-05-17,5381
5531,鄉林,30,0,30,第一金-員林,2024-05-17,5381
2489,瑞軒,31,2,29,第一金-員林,2024-05-17,5381
3706,神達,30,2,28,第一金-員林,2024-05-17,5381
9928,中視,25,1,24,第一金-員林,2024-05-17,5381
2312,金寶,36,13,23,第一金-員林,2024-05-17,5381
2317,鴻海,28,6,22,第一金-員林,2024-05-17,5381
1310,台苯,20,0,20,第一金-員林,2024-05-17,5381
1721,三晃,20,0,20,第一金-員林,2024-05-17,5381
6120,達運,20,0,20,第一金-員林,2024-05-17,5381
00679B,元大美債20年,17,0,17,第一金-員林,2024-05-17,5381
2504,國產,24,7,17,第一金-員林,2024-05-17,5381
2399,映泰,16,0,16,第一金-員林,2024-05-17,5381
2537,聯上發,16,0,16,第一金-員林,2024-05-17,5381
3042,晶技,15,0,15,第一金-員林,2024-05-17,5381
2204,中華,14,0,14,第一金-員林,2024-05-17,5381
6257,矽格,14,0,14,第一金-員林,2024-05-17,5381
2408,南亞科,13,1,12,第一金-員林,2024-05-17,5381
3363,上詮,13,1,12,第一金-員林,2024-05-17,5381
912000,晨訊科-DR,12,0,12,第一金-員林,2024-05-17,5381
2365,昆盈,19,8,11,第一金-員林,2024-05-17,5381
2356,英業達,34,23,11,第一金-員林,2024-05-17,5381
00946,群益科技高息成長,11,0,11,第一金-員林,2024-05-17,5381
2524,京城,11,0,11,第一金-員林,2024-05-17,5381
4543,萬在,13,2,11,第一金-員林,2024-05-17,5381
8440,綠電,11,0,11,第一金-員林,2024-05-17,5381
00936,台新永續高息中小,10,0,10,第一金-員林,2024-05-17,5381
00696B,富邦美債20年,10,0,10,第一金-員林,2024-05-17,5381
1303,南亞,10,0,10,第一金-員林,2024-05-17,5381
1314,中石化,26,16,10,第一金-員林,2024-05-17,5381
2634,漢翔,12,2,10,第一金-員林,2024-05-17,5381
2707,晶華,10,0,10,第一金-員林,2024-05-17,5381
5498,凱崴,10,0,10,第一金-員林,2024-05-17,5381
2645,長榮航太,11,1,10,第一金-員林,2024-05-17,5381
00751B,元大AAA至A公司債,9,0,9,第一金-員林,2024-05-17,5381
00632R,元大台灣50反1,11,2,9,第一金-員林,2024-05-17,5381
1608,華榮,23,14,9,第一金-員林,2024-05-17,5381
2362,藍天,51,42,9,第一金-員林,2024-05-17,5381
2520,冠德,18,9,9,第一金-員林,2024-05-17,5381
00753L,中信中國50正2,110,1,109,第一金-員林,2024-05-20,5381
2867,三商壽,132,28,104,第一金-員林,2024-05-20,5381
2618,長榮航,89,2,87,第一金-員林,2024-05-20,5381
00929,復華台灣科技優息,123,50,73,第一金-員林,2024-05-20,5381
00878,國泰永續高股息,62,1,61,第一金-員林,2024-05-20,5381
2915,潤泰全,60,0,60,第一金-員林,2024-05-20,5381
2025,千興,66,10,56,第一金-員林,2024-05-20,5381
00919,群益台灣精選高息,55,0,55,第一金-員林,2024-05-20,5381
8059,凱碩,47,0,47,第一金-員林,2024-05-20,5381
1446,宏和,54,21,33,第一金-員林,2024-05-20,5381
2610,華航,123,92,31,第一金-員林,2024-05-20,5381
2363,矽統,97,68,29,第一金-員林,2024-05-20,5381
2367,燿華,144,115,29,第一金-員林,2024-05-20,5381
2317,鴻海,49,25,24,第一金-員林,2024-05-20,5381
00946,群益科技高息成長,22,0,22,第一金-員林,2024-05-20,5381
4561,健椿,33,11,22,第一金-員林,2024-05-20,5381
2534,宏盛,21,0,21,第一金-員林,2024-05-20,5381
9945,潤泰新,22,2,20,第一金-員林,2024-05-20,5381
1314,中石化,20,0,20,第一金-員林,2024-05-20,5381
2323,中環,20,0,20,第一金-員林,2024-05-20,5381
4533,協易機,27,8,19,第一金-員林,2024-05-20,5381
00687B,國泰20年美債,17,0,17,第一金-員林,2024-05-20,5381
2515,中工,20,3,17,第一金-員林,2024-05-20,5381
8092,建暐,17,0,17,第一金-員林,2024-05-20,5381
2449,京元電子,23,7,16,第一金-員林,2024-05-20,5381
1210,大成,15,0,15,第一金-員林,2024-05-20,5381
1316,上曜,15,0,15,第一金-員林,2024-05-20,5381
2356,英業達,16,2,14,第一金-員林,2024-05-20,5381
3703,欣陸,16,3,13,第一金-員林,2024-05-20,5381
2438,翔耀,13,0,13,第一金-員林,2024-05-20,5381
2611,志信,18,5,13,第一金-員林,2024-05-20,5381
2630,亞航,17,4,13,第一金-員林,2024-05-20,5381
8016,矽創,13,0,13,第一金-員林,2024-05-20,5381
00679B,元大美債20年,13,0,13,第一金-員林,2024-05-20,5381
8033,雷虎,16,4,12,第一金-員林,2024-05-20,5381
00665L,富邦�琤肭磪囓�2,162,150,12,第一金-員林,2024-05-20,5381
2524,京城,12,0,12,第一金-員林,2024-05-20,5381
2745,五福,12,1,11,第一金-員林,2024-05-20,5381
2882,國泰金,15,4,11,第一金-員林,2024-05-20,5381
2204,中華,11,0,11,第一金-員林,2024-05-20,5381
00696B,富邦美債20年,10,0,10,第一金-員林,2024-05-20,5381
00715L,期街口布蘭特正2,10,0,10,第一金-員林,2024-05-20,5381
1310,台苯,10,0,10,第一金-員林,2024-05-20,5381
2467,志聖,23,13,10,第一金-員林,2024-05-20,5381
5522,遠雄,11,1,10,第一金-員林,2024-05-20,5381
6592,和潤企業,10,0,10,第一金-員林,2024-05-20,5381
1504,東元,14,5,9,第一金-員林,2024-05-20,5381
3294,英濟,12,3,9,第一金-員林,2024-05-20,5381
3715,定穎投控,10,1,9,第一金-員林,2024-05-20,5381
6265,方土昶,9,0,9,第一金-員林,2024-05-20,5381
1815,富喬,150,2,148,第一金-員林,2024-05-21,5381
00929,復華台灣科技優息,58,0,58,第一金-員林,2024-05-21,5381
2323,中環,45,0,45,第一金-員林,2024-05-21,5381
2888,新光金,52,10,42,第一金-員林,2024-05-21,5381
00878,國泰永續高股息,51,10,41,第一金-員林,2024-05-21,5381
9103,美德醫療-DR,36,0,36,第一金-員林,2024-05-21,5381
2618,長榮航,42,8,34,第一金-員林,2024-05-21,5381
00753L,中信中國50正2,30,0,30,第一金-員林,2024-05-21,5381
00665L,富邦�琤肭磪囓�2,183,153,30,第一金-員林,2024-05-21,5381
2641,正德,30,0,30,第一金-員林,2024-05-21,5381
8071,能率網通,40,10,30,第一金-員林,2024-05-21,5381
1605,華新,63,35,28,第一金-員林,2024-05-21,5381
00940,元大台灣價值高息,40,14,26,第一金-員林,2024-05-21,5381
2915,潤泰全,25,1,24,第一金-員林,2024-05-21,5381
00937B,群益ESG投等債20,26,3,23,第一金-員林,2024-05-21,5381
00933B,國泰10Y+金融債,22,1,21,第一金-員林,2024-05-21,5381
2241,艾姆勒,46,25,21,第一金-員林,2024-05-21,5381
00927,群益半導體收益,20,0,20,第一金-員林,2024-05-21,5381
2374,佳能,50,31,19,第一金-員林,2024-05-21,5381
2495,普安,20,1,19,第一金-員林,2024-05-21,5381
2363,矽統,39,20,19,第一金-員林,2024-05-21,5381
1789,神隆,20,2,18,第一金-員林,2024-05-21,5381
5521,工信,18,0,18,第一金-員林,2024-05-21,5381
2371,大同,21,5,16,第一金-員林,2024-05-21,5381
5388,中磊,16,1,15,第一金-員林,2024-05-21,5381
00679B,元大美債20年,14,0,14,第一金-員林,2024-05-21,5381
5533,皇鼎,14,0,14,第一金-員林,2024-05-21,5381
8438,昶昕,14,0,14,第一金-員林,2024-05-21,5381
2317,鴻海,26,12,14,第一金-員林,2024-05-21,5381
1314,中石化,17,4,13,第一金-員林,2024-05-21,5381
3376,新日興,15,2,13,第一金-員林,2024-05-21,5381
0056,元大高股息,14,1,13,第一金-員林,2024-05-21,5381
3564,其陽,12,0,12,第一金-員林,2024-05-21,5381
00687B,國泰20年美債,11,0,11,第一金-員林,2024-05-21,5381
1616,億泰,11,0,11,第一金-員林,2024-05-21,5381
6834,天二科技,12,1,11,第一金-員林,2024-05-21,5381
9945,潤泰新,13,2,11,第一金-員林,2024-05-21,5381
2834,臺企銀,10,0,10,第一金-員林,2024-05-21,5381
1310,台苯,10,0,10,第一金-員林,2024-05-21,5381
1316,上曜,10,0,10,第一金-員林,2024-05-21,5381
1447,力鵬,15,5,10,第一金-員林,2024-05-21,5381
1718,中纖,11,1,10,第一金-員林,2024-05-21,5381
5381,合正,10,0,10,第一金-員林,2024-05-21,5381
5531,鄉林,15,5,10,第一金-員林,2024-05-21,5381
6120,達運,10,0,10,第一金-員林,2024-05-21,5381
2883,凱基金,9,0,9,第一金-員林,2024-05-21,5381
3059,華晶科,16,7,9,第一金-員林,2024-05-21,5381
6548,長科*,12,3,9,第一金-員林,2024-05-21,5381
2610,華航,20,12,8,第一金-員林,2024-05-21,5381
4561,健椿,10,2,8,第一金-員林,2024-05-21,5381
00632R,元大台灣50反1,68,1,67,第一金-員林,2024-05-22,5381
2610,華航,82,15,67,第一金-員林,2024-05-22,5381
2367,燿華,93,37,56,第一金-員林,2024-05-22,5381
3338,泰碩,67,13,54,第一金-員林,2024-05-22,5381
00929,復華台灣科技優息,62,8,54,第一金-員林,2024-05-22,5381
00937B,群益ESG投等債20,51,0,51,第一金-員林,2024-05-22,5381
2641,正德,50,1,49,第一金-員林,2024-05-22,5381
00882,中信中國高股息,49,2,47,第一金-員林,2024-05-22,5381
2365,昆盈,51,7,44,第一金-員林,2024-05-22,5381
00752,中信中國50,41,0,41,第一金-員林,2024-05-22,5381
2344,華邦電,42,2,40,第一金-員林,2024-05-22,5381
3481,群創,101,61,40,第一金-員林,2024-05-22,5381
2009,第一銅,129,93,36,第一金-員林,2024-05-22,5381
9103,美德醫療-DR,44,11,33,第一金-員林,2024-05-22,5381
00878,國泰永續高股息,86,54,32,第一金-員林,2024-05-22,5381
2464,盟立,45,17,28,第一金-員林,2024-05-22,5381
3360,尚立,30,2,28,第一金-員林,2024-05-22,5381
2867,三商壽,27,0,27,第一金-員林,2024-05-22,5381
2618,長榮航,115,89,26,第一金-員林,2024-05-22,5381
2002,中鋼,27,2,25,第一金-員林,2024-05-22,5381
2514,龍邦,23,2,21,第一金-員林,2024-05-22,5381
3466,德晉,21,0,21,第一金-員林,2024-05-22,5381
00932,兆豐永續高息等權,20,0,20,第一金-員林,2024-05-22,5381
00636,國泰中國A50,20,0,20,第一金-員林,2024-05-22,5381
00700,富邦�琤肭磪�,20,0,20,第一金-員林,2024-05-22,5381
00753L,中信中國50正2,20,0,20,第一金-員林,2024-05-22,5381
2645,長榮航太,20,0,20,第一金-員林,2024-05-22,5381
1605,華新,20,0,20,第一金-員林,2024-05-22,5381
2359,所羅門,51,32,19,第一金-員林,2024-05-22,5381
00919,群益台灣精選高息,22,4,18,第一金-員林,2024-05-22,5381
2314,台揚,21,3,18,第一金-員林,2024-05-22,5381
2371,大同,20,2,18,第一金-員林,2024-05-22,5381
1532,勤美,17,0,17,第一金-員林,2024-05-22,5381
3033,威健,21,4,17,第一金-員林,2024-05-22,5381
3312,弘憶股,28,11,17,第一金-員林,2024-05-22,5381
6834,天二科技,18,2,16,第一金-員林,2024-05-22,5381
00715L,期街口布蘭特正2,15,0,15,第一金-員林,2024-05-22,5381
1303,南亞,15,0,15,第一金-員林,2024-05-22,5381
3031,佰鴻,15,2,13,第一金-員林,2024-05-22,5381
6506,雙邦,13,0,13,第一金-員林,2024-05-22,5381
2331,精英,19,7,12,第一金-員林,2024-05-22,5381
3711,日月光投控,12,0,12,第一金-員林,2024-05-22,5381
2034,允強,11,0,11,第一金-員林,2024-05-22,5381
8110,華東,12,1,11,第一金-員林,2024-05-22,5381
2603,長榮,14,3,11,第一金-員林,2024-05-22,5381
2449,京元電子,10,0,10,第一金-員林,2024-05-22,5381
2915,潤泰全,10,0,10,第一金-員林,2024-05-22,5381
5533,皇鼎,10,0,10,第一金-員林,2024-05-22,5381
6216,居易,10,0,10,第一金-員林,2024-05-22,5381
6509,聚和,10,0,10,第一金-員林,2024-05-22,5381
00671R,富邦NASDAQ反1,400,0,400,第一金-員林,2024-05-23,5381
00937B,群益ESG投等債20,141,0,141,第一金-員林,2024-05-23,5381
9103,美德醫療-DR,75,25,50,第一金-員林,2024-05-23,5381
2506,太設,49,0,49,第一金-員林,2024-05-23,5381
4306,炎洲,47,0,47,第一金-員林,2024-05-23,5381
2367,燿華,86,42,44,第一金-員林,2024-05-23,5381
5251,天鉞電,47,5,42,第一金-員林,2024-05-23,5381
2363,矽統,73,34,39,第一金-員林,2024-05-23,5381
2344,華邦電,40,2,38,第一金-員林,2024-05-23,5381
00878,國泰永續高股息,38,3,35,第一金-員林,2024-05-23,5381
6120,達運,31,0,31,第一金-員林,2024-05-23,5381
2915,潤泰全,34,6,28,第一金-員林,2024-05-23,5381
1314,中石化,26,0,26,第一金-員林,2024-05-23,5381
00665L,富邦�琤肭磪囓�2,85,62,23,第一金-員林,2024-05-23,5381
00632R,元大台灣50反1,23,0,23,第一金-員林,2024-05-23,5381
00946,群益科技高息成長,23,0,23,第一金-員林,2024-05-23,5381
2834,臺企銀,22,0,22,第一金-員林,2024-05-23,5381
9105,泰金寶-DR,22,0,22,第一金-員林,2024-05-23,5381
1815,富喬,152,130,22,第一金-員林,2024-05-23,5381
2420,新巨,30,9,21,第一金-員林,2024-05-23,5381
1447,力鵬,22,1,21,第一金-員林,2024-05-23,5381
2409,友達,25,4,21,第一金-員林,2024-05-23,5381
00931B,統一美債20年,20,0,20,第一金-員林,2024-05-23,5381
1310,台苯,20,0,20,第一金-員林,2024-05-23,5381
1342,八貫,20,0,20,第一金-員林,2024-05-23,5381
2014,中鴻,19,0,19,第一金-員林,2024-05-23,5381
00919,群益台灣精選高息,22,4,18,第一金-員林,2024-05-23,5381
2356,英業達,20,5,15,第一金-員林,2024-05-23,5381
2002,中鋼,15,0,15,第一金-員林,2024-05-23,5381
2324,仁寶,25,11,14,第一金-員林,2024-05-23,5381
3363,上詮,26,12,14,第一金-員林,2024-05-23,5381
5498,凱崴,16,2,14,第一金-員林,2024-05-23,5381
8092,建暐,15,1,14,第一金-員林,2024-05-23,5381
8463,潤泰材,14,0,14,第一金-員林,2024-05-23,5381
3227,原相,15,2,13,第一金-員林,2024-05-23,5381
6219,富旺,13,0,13,第一金-員林,2024-05-23,5381
2514,龍邦,12,0,12,第一金-員林,2024-05-23,5381
3013,晟銘電,19,7,12,第一金-員林,2024-05-23,5381
2371,大同,22,10,12,第一金-員林,2024-05-23,5381
6197,佳必琪,12,1,11,第一金-員林,2024-05-23,5381
6276,安鈦克,11,0,11,第一金-員林,2024-05-23,5381
6531,愛普*,10,0,10,第一金-員林,2024-05-23,5381
00939,統一台灣高息動能,15,5,10,第一金-員林,2024-05-23,5381
1304,台聚,10,0,10,第一金-員林,2024-05-23,5381
1528,恩德,10,0,10,第一金-員林,2024-05-23,5381
1612,宏泰,10,0,10,第一金-員林,2024-05-23,5381
1721,三晃,10,0,10,第一金-員林,2024-05-23,5381
1802,台玻,10,0,10,第一金-員林,2024-05-23,5381
2483,百容,11,1,10,第一金-員林,2024-05-23,5381
2606,裕民,10,0,10,第一金-員林,2024-05-23,5381
00937B,群益ESG投等債20,105,0,105,第一金-員林,2024-05-24,5381
2027,大成鋼,105,4,101,第一金-員林,2024-05-24,5381
2405,輔信,100,3,97,第一金-員林,2024-05-24,5381
00632R,元大台灣50反1,84,10,74,第一金-員林,2024-05-24,5381
2324,仁寶,164,118,46,第一金-員林,2024-05-24,5381
00712,復華富時不動產,93,50,43,第一金-員林,2024-05-24,5381
2367,燿華,70,37,33,第一金-員林,2024-05-24,5381
2363,矽統,73,42,31,第一金-員林,2024-05-24,5381
4306,炎洲,30,0,30,第一金-員林,2024-05-24,5381
00931B,統一美債20年,30,1,29,第一金-員林,2024-05-24,5381
2002,中鋼,29,0,29,第一金-員林,2024-05-24,5381
00933B,國泰10Y+金融債,27,0,27,第一金-員林,2024-05-24,5381
00680L,元大美債20正2,30,5,25,第一金-員林,2024-05-24,5381
2313,華通,23,2,21,第一金-員林,2024-05-24,5381
00725B,國泰投資級公司債,20,0,20,第一金-員林,2024-05-24,5381
00642U,期元大S＆P石油,20,0,20,第一金-員林,2024-05-24,5381
1446,宏和,19,0,19,第一金-員林,2024-05-24,5381
2359,所羅門,80,61,19,第一金-員林,2024-05-24,5381
6147,頎邦,19,0,19,第一金-員林,2024-05-24,5381
2611,志信,21,3,18,第一金-員林,2024-05-24,5381
2371,大同,26,8,18,第一金-員林,2024-05-24,5381
2891,中信金,16,0,16,第一金-員林,2024-05-24,5381
5347,世界,18,2,16,第一金-員林,2024-05-24,5381
9904,寶成,20,4,16,第一金-員林,2024-05-24,5381
00665L,富邦�琤肭磪囓�2,175,160,15,第一金-員林,2024-05-24,5381
9910,豐泰,14,0,14,第一金-員林,2024-05-24,5381
1409,新纖,12,0,12,第一金-員林,2024-05-24,5381
2736,富野,12,0,12,第一金-員林,2024-05-24,5381
3481,群創,24,13,11,第一金-員林,2024-05-24,5381
1810,和成,21,11,10,第一金-員林,2024-05-24,5381
00687B,國泰20年美債,10,0,10,第一金-員林,2024-05-24,5381
2524,京城,10,0,10,第一金-員林,2024-05-24,5381
3360,尚立,10,0,10,第一金-員林,2024-05-24,5381
5880,合庫金,10,0,10,第一金-員林,2024-05-24,5381
6276,安鈦克,13,3,10,第一金-員林,2024-05-24,5381
8059,凱碩,10,0,10,第一金-員林,2024-05-24,5381
2618,長榮航,17,8,9,第一金-員林,2024-05-24,5381
4908,前鼎,30,21,9,第一金-員林,2024-05-24,5381
2504,國產,10,1,9,第一金-員林,2024-05-24,5381
2743,山富,10,1,9,第一金-員林,2024-05-24,5381
2801,彰銀,10,1,9,第一金-員林,2024-05-24,5381
2329,華泰,9,1,8,第一金-員林,2024-05-24,5381
2464,盟立,40,32,8,第一金-員林,2024-05-24,5381
2892,第一金,38,30,8,第一金-員林,2024-05-24,5381
3060,銘異,20,12,8,第一金-員林,2024-05-24,5381
3234,光環,11,3,8,第一金-員林,2024-05-24,5381
3564,其陽,12,4,8,第一金-員林,2024-05-24,5381
6770,力積電,10,2,8,第一金-員林,2024-05-24,5381
3055,蔚華科,13,5,8,第一金-員林,2024-05-24,5381
1314,中石化,9,2,7,第一金-員林,2024-05-24,5381
00937B,群益ESG投等債20,490,2,488,第一金-員林,2024-05-27,5381
00940,元大台灣價值高息,152,35,117,第一金-員林,2024-05-27,5381
00946,群益科技高息成長,85,0,85,第一金-員林,2024-05-27,5381
00712,復華富時不動產,61,0,61,第一金-員林,2024-05-27,5381
2401,凌陽,55,8,47,第一金-員林,2024-05-27,5381
3338,泰碩,51,7,44,第一金-員林,2024-05-27,5381
2412,中華電,41,1,40,第一金-員林,2024-05-27,5381
9103,美德醫療-DR,46,9,37,第一金-員林,2024-05-27,5381
2025,千興,37,1,36,第一金-員林,2024-05-27,5381
9105,泰金寶-DR,135,100,35,第一金-員林,2024-05-27,5381
5213,亞昕,32,0,32,第一金-員林,2024-05-27,5381
8064,東捷,30,1,29,第一金-員林,2024-05-27,5381
6290,良維,35,8,27,第一金-員林,2024-05-27,5381
9910,豐泰,25,2,23,第一金-員林,2024-05-27,5381
00665L,富邦�琤肭磪囓�2,80,60,20,第一金-員林,2024-05-27,5381
00945B,凱基美國非投等債,20,0,20,第一金-員林,2024-05-27,5381
1702,南僑,20,0,20,第一金-員林,2024-05-27,5381
2882,國泰金,20,0,20,第一金-員林,2024-05-27,5381
2534,宏盛,19,0,19,第一金-員林,2024-05-27,5381
1569,濱川,18,0,18,第一金-員林,2024-05-27,5381
2610,華航,19,1,18,第一金-員林,2024-05-27,5381
2609,陽明,38,22,16,第一金-員林,2024-05-27,5381
00933B,國泰10Y+金融債,17,1,16,第一金-員林,2024-05-27,5381
00632R,元大台灣50反1,16,0,16,第一金-員林,2024-05-27,5381
2542,興富發,16,0,16,第一金-員林,2024-05-27,5381
2405,輔信,27,12,15,第一金-員林,2024-05-27,5381
2002,中鋼,19,5,14,第一金-員林,2024-05-27,5381
2392,正崴,15,1,14,第一金-員林,2024-05-27,5381
2489,瑞軒,28,15,13,第一金-員林,2024-05-27,5381
2352,佳世達,20,7,13,第一金-員林,2024-05-27,5381
2892,第一金,18,5,13,第一金-員林,2024-05-27,5381
6505,台塑化,12,0,12,第一金-員林,2024-05-27,5381
3033,威健,38,26,12,第一金-員林,2024-05-27,5381
8059,凱碩,12,1,11,第一金-員林,2024-05-27,5381
2618,長榮航,29,19,10,第一金-員林,2024-05-27,5381
00637L,元大滬深300正2,10,0,10,第一金-員林,2024-05-27,5381
00655L,國泰中國A50正2,10,0,10,第一金-員林,2024-05-27,5381
00715L,期街口布蘭特正2,10,0,10,第一金-員林,2024-05-27,5381
2834,臺企銀,13,3,10,第一金-員林,2024-05-27,5381
3149,正達,10,0,10,第一金-員林,2024-05-27,5381
3564,其陽,13,3,10,第一金-員林,2024-05-27,5381
5519,隆大,10,0,10,第一金-員林,2024-05-27,5381
9110,越南控-DR,10,0,10,第一金-員林,2024-05-27,5381
2367,燿華,18,9,9,第一金-員林,2024-05-27,5381
2867,三商壽,20,11,9,第一金-員林,2024-05-27,5381
2881,富邦金,10,1,9,第一金-員林,2024-05-27,5381
6207,雷科,14,5,9,第一金-員林,2024-05-27,5381
3025,星通,14,5,9,第一金-員林,2024-05-27,5381
2467,志聖,9,1,8,第一金-員林,2024-05-27,5381
3041,揚智,8,0,8,第一金-員林,2024-05-27,5381
00937B,群益ESG投等債20,142,2,140,第一金-員林,2024-05-28,5381
2027,大成鋼,100,0,100,第一金-員林,2024-05-28,5381
9945,潤泰新,72,9,63,第一金-員林,2024-05-28,5381
2206,三陽工業,60,0,60,第一金-員林,2024-05-28,5381
2615,萬海,74,15,59,第一金-員林,2024-05-28,5381
4952,凌通,53,2,51,第一金-員林,2024-05-28,5381
1809,中釉,41,0,41,第一金-員林,2024-05-28,5381
3481,群創,54,19,35,第一金-員林,2024-05-28,5381
3006,晶豪科,47,16,31,第一金-員林,2024-05-28,5381
3055,蔚華科,31,0,31,第一金-員林,2024-05-28,5381
2317,鴻海,44,14,30,第一金-員林,2024-05-28,5381
00929,復華台灣科技優息,30,3,27,第一金-員林,2024-05-28,5381
2009,第一銅,39,13,26,第一金-員林,2024-05-28,5381
9910,豐泰,25,0,25,第一金-員林,2024-05-28,5381
00919,群益台灣精選高息,33,8,25,第一金-員林,2024-05-28,5381
5608,四維航,25,2,23,第一金-員林,2024-05-28,5381
2105,正新,35,15,20,第一金-員林,2024-05-28,5381
6168,宏齊,21,1,20,第一金-員林,2024-05-28,5381
00946,群益科技高息成長,19,0,19,第一金-員林,2024-05-28,5381
2025,千興,22,3,19,第一金-員林,2024-05-28,5381
2891,中信金,18,0,18,第一金-員林,2024-05-28,5381
1815,富喬,46,29,17,第一金-員林,2024-05-28,5381
00927,群益半導體收益,17,1,16,第一金-員林,2024-05-28,5381
6153,嘉聯益,15,0,15,第一金-員林,2024-05-28,5381
8054,安國,15,0,15,第一金-員林,2024-05-28,5381
2609,陽明,28,14,14,第一金-員林,2024-05-28,5381
6215,和椿,29,16,13,第一金-員林,2024-05-28,5381
2534,宏盛,13,0,13,第一金-員林,2024-05-28,5381
2867,三商壽,23,10,13,第一金-員林,2024-05-28,5381
5533,皇鼎,13,0,13,第一金-員林,2024-05-28,5381
00725B,國泰投資級公司債,12,0,12,第一金-員林,2024-05-28,5381
1316,上曜,13,1,12,第一金-員林,2024-05-28,5381
3202,樺晟,17,5,12,第一金-員林,2024-05-28,5381
3545,敦泰,14,2,12,第一金-員林,2024-05-28,5381
2002,中鋼,16,4,12,第一金-員林,2024-05-28,5381
00931B,統一美債20年,11,0,11,第一金-員林,2024-05-28,5381
5392,能率,11,0,11,第一金-員林,2024-05-28,5381
00632R,元大台灣50反1,11,0,11,第一金-員林,2024-05-28,5381
1446,宏和,31,20,11,第一金-員林,2024-05-28,5381
2305,全友,26,15,11,第一金-員林,2024-05-28,5381
2332,友訊,11,0,11,第一金-員林,2024-05-28,5381
2489,瑞軒,11,1,10,第一金-員林,2024-05-28,5381
2637,慧洋-KY,10,0,10,第一金-員林,2024-05-28,5381
5315,光聯,10,0,10,第一金-員林,2024-05-28,5381
5522,遠雄,10,0,10,第一金-員林,2024-05-28,5381
2301,光寶科,10,0,10,第一金-員林,2024-05-28,5381
2363,矽統,54,44,10,第一金-員林,2024-05-28,5381
2495,普安,12,3,9,第一金-員林,2024-05-28,5381
3016,嘉晶,14,5,9,第一金-員林,2024-05-28,5381
3564,其陽,10,1,9,第一金-員林,2024-05-28,5381
00940,元大台灣價值高息,175,32,143,第一金-員林,2024-05-29,5381
2892,第一金,137,10,127,第一金-員林,2024-05-29,5381
2888,新光金,165,59,106,第一金-員林,2024-05-29,5381
00946,群益科技高息成長,78,1,77,第一金-員林,2024-05-29,5381
00929,復華台灣科技優息,98,22,76,第一金-員林,2024-05-29,5381
6160,欣技,73,0,73,第一金-員林,2024-05-29,5381
00931B,統一美債20年,64,0,64,第一金-員林,2024-05-29,5381
2615,萬海,63,8,55,第一金-員林,2024-05-29,5381
2867,三商壽,69,16,53,第一金-員林,2024-05-29,5381
00679B,元大美債20年,50,0,50,第一金-員林,2024-05-29,5381
2401,凌陽,98,57,41,第一金-員林,2024-05-29,5381
2317,鴻海,53,13,40,第一金-員林,2024-05-29,5381
4533,協易機,53,13,40,第一金-員林,2024-05-29,5381
2610,華航,40,1,39,第一金-員林,2024-05-29,5381
3231,緯創,40,2,38,第一金-員林,2024-05-29,5381
1515,力山,38,0,38,第一金-員林,2024-05-29,5381
2002,中鋼,34,1,33,第一金-員林,2024-05-29,5381
00933B,國泰10Y+金融債,31,0,31,第一金-員林,2024-05-29,5381
5251,天鉞電,40,9,31,第一金-員林,2024-05-29,5381
00687B,國泰20年美債,29,0,29,第一金-員林,2024-05-29,5381
2891,中信金,28,0,28,第一金-員林,2024-05-29,5381
00878,國泰永續高股息,31,5,26,第一金-員林,2024-05-29,5381
9910,豐泰,25,0,25,第一金-員林,2024-05-29,5381
00882,中信中國高股息,40,16,24,第一金-員林,2024-05-29,5381
6548,長科*,35,12,23,第一金-員林,2024-05-29,5381
2609,陽明,23,3,20,第一金-員林,2024-05-29,5381
00773B,中信優先金融債,20,0,20,第一金-員林,2024-05-29,5381
2331,精英,20,0,20,第一金-員林,2024-05-29,5381
3234,光環,20,0,20,第一金-員林,2024-05-29,5381
9103,美德醫療-DR,21,2,19,第一金-員林,2024-05-29,5381
8054,安國,26,7,19,第一金-員林,2024-05-29,5381
2641,正德,20,2,18,第一金-員林,2024-05-29,5381
6616,特昇-KY,20,3,17,第一金-員林,2024-05-29,5381
2412,中華電,20,4,16,第一金-員林,2024-05-29,5381
00751B,元大AAA至A公司債,15,0,15,第一金-員林,2024-05-29,5381
00740B,富邦全球投等債,15,0,15,第一金-員林,2024-05-29,5381
2323,中環,15,0,15,第一金-員林,2024-05-29,5381
3049,精金,15,0,15,第一金-員林,2024-05-29,5381
3356,奇偶,20,6,14,第一金-員林,2024-05-29,5381
5230,雷笛克光學,22,8,14,第一金-員林,2024-05-29,5381
2915,潤泰全,14,0,14,第一金-員林,2024-05-29,5381
00712,復華富時不動產,16,3,13,第一金-員林,2024-05-29,5381
2613,中櫃,24,11,13,第一金-員林,2024-05-29,5381
00772B,中信高評級公司債,22,10,12,第一金-員林,2024-05-29,5381
2883,凱基金,12,0,12,第一金-員林,2024-05-29,5381
1802,台玻,12,0,12,第一金-員林,2024-05-29,5381
2106,建大,12,0,12,第一金-員林,2024-05-29,5381
2352,佳世達,17,5,12,第一金-員林,2024-05-29,5381
2409,友達,12,0,12,第一金-員林,2024-05-29,5381
3047,訊舟,24,12,12,第一金-員林,2024-05-29,5381
00937B,群益ESG投等債20,133,9,124,第一金-員林,2024-05-30,5381
00929,復華台灣科技優息,120,5,115,第一金-員林,2024-05-30,5381
9103,美德醫療-DR,97,1,96,第一金-員林,2024-05-30,5381
00946,群益科技高息成長,83,0,83,第一金-員林,2024-05-30,5381
2867,三商壽,93,20,73,第一金-員林,2024-05-30,5381
2892,第一金,68,0,68,第一金-員林,2024-05-30,5381
00915,凱基優選高股息30,66,0,66,第一金-員林,2024-05-30,5381
1815,富喬,248,186,62,第一金-員林,2024-05-30,5381
00878,國泰永續高股息,57,1,56,第一金-員林,2024-05-30,5381
2317,鴻海,66,11,55,第一金-員林,2024-05-30,5381
00687B,國泰20年美債,49,0,49,第一金-員林,2024-05-30,5381
2615,萬海,49,4,45,第一金-員林,2024-05-30,5381
00919,群益台灣精選高息,48,5,43,第一金-員林,2024-05-30,5381
4157,太景*-KY,40,0,40,第一金-員林,2024-05-30,5381
2891,中信金,42,5,37,第一金-員林,2024-05-30,5381
2344,華邦電,35,0,35,第一金-員林,2024-05-30,5381
5230,雷笛克光學,50,16,34,第一金-員林,2024-05-30,5381
2002,中鋼,36,2,34,第一金-員林,2024-05-30,5381
00940,元大台灣價值高息,40,7,33,第一金-員林,2024-05-30,5381
00931B,統一美債20年,33,0,33,第一金-員林,2024-05-30,5381
2363,矽統,32,1,31,第一金-員林,2024-05-30,5381
8105,凌巨,44,14,30,第一金-員林,2024-05-30,5381
6290,良維,33,3,30,第一金-員林,2024-05-30,5381
4533,協易機,65,36,29,第一金-員林,2024-05-30,5381
2356,英業達,34,9,25,第一金-員林,2024-05-30,5381
00679B,元大美債20年,24,0,24,第一金-員林,2024-05-30,5381
9910,豐泰,27,3,24,第一金-員林,2024-05-30,5381
00665L,富邦�琤肭磪囓�2,93,71,22,第一金-員林,2024-05-30,5381
8054,安國,56,34,22,第一金-員林,2024-05-30,5381
2405,輔信,54,33,21,第一金-員林,2024-05-30,5381
1301,台塑,20,0,20,第一金-員林,2024-05-30,5381
3055,蔚華科,20,0,20,第一金-員林,2024-05-30,5381
3049,精金,19,0,19,第一金-員林,2024-05-30,5381
6140,訊達,20,1,19,第一金-員林,2024-05-30,5381
2353,宏��,71,52,19,第一金-員林,2024-05-30,5381
2489,瑞軒,32,14,18,第一金-員林,2024-05-30,5381
1326,台化,18,0,18,第一金-員林,2024-05-30,5381
6269,台郡,21,3,18,第一金-員林,2024-05-30,5381
2543,皇昌,21,3,18,第一金-員林,2024-05-30,5381
3013,晟銘電,18,0,18,第一金-員林,2024-05-30,5381
2354,鴻準,34,17,17,第一金-員林,2024-05-30,5381
00680L,元大美債20正2,17,0,17,第一金-員林,2024-05-30,5381
0056,元大高股息,17,1,16,第一金-員林,2024-05-30,5381
3466,德晉,16,0,16,第一金-員林,2024-05-30,5381
6207,雷科,20,4,16,第一金-員林,2024-05-30,5381
2514,龍邦,32,17,15,第一金-員林,2024-05-30,5381
3564,其陽,16,1,15,第一金-員林,2024-05-30,5381
4526,東台,15,0,15,第一金-員林,2024-05-30,5381
4976,佳凌,15,0,15,第一金-員林,2024-05-30,5381
6270,倍微,18,3,15,第一金-員林,2024-05-30,5381
00929,復華台灣科技優息,441,48,393,第一金-員林,2024-05-31,5381
2888,新光金,375,84,291,第一金-員林,2024-05-31,5381
2317,鴻海,125,14,111,第一金-員林,2024-05-31,5381
1522,堤維西,114,6,108,第一金-員林,2024-05-31,5381
00632R,元大台灣50反1,102,7,95,第一金-員林,2024-05-31,5381
2615,萬海,81,0,81,第一金-員林,2024-05-31,5381
9103,美德醫療-DR,80,0,80,第一金-員林,2024-05-31,5381
2353,宏��,71,4,67,第一金-員林,2024-05-31,5381
2399,映泰,73,8,65,第一金-員林,2024-05-31,5381
00946,群益科技高息成長,64,0,64,第一金-員林,2024-05-31,5381
2609,陽明,105,43,62,第一金-員林,2024-05-31,5381
2002,中鋼,59,0,59,第一金-員林,2024-05-31,5381
2464,盟立,66,17,49,第一金-員林,2024-05-31,5381
00940,元大台灣價值高息,59,11,48,第一金-員林,2024-05-31,5381
2344,華邦電,40,0,40,第一金-員林,2024-05-31,5381
3231,緯創,40,1,39,第一金-員林,2024-05-31,5381
00665L,富邦�琤肭磪囓�2,40,4,36,第一金-員林,2024-05-31,5381
2303,聯電,33,0,33,第一金-員林,2024-05-31,5381
2889,國票金,32,0,32,第一金-員林,2024-05-31,5381
00919,群益台灣精選高息,48,16,32,第一金-員林,2024-05-31,5381
2610,華航,37,11,26,第一金-員林,2024-05-31,5381
6290,良維,34,10,24,第一金-員林,2024-05-31,5381
2324,仁寶,18,0,18,第一金-員林,2024-05-31,5381
2363,矽統,21,3,18,第一金-員林,2024-05-31,5381
3580,友威科,15,0,15,第一金-員林,2024-05-31,5381
1310,台苯,15,0,15,第一金-員林,2024-05-31,5381
5880,合庫金,15,1,14,第一金-員林,2024-05-31,5381
0056,元大高股息,14,0,14,第一金-員林,2024-05-31,5381
2241,艾姆勒,34,20,14,第一金-員林,2024-05-31,5381
2489,瑞軒,33,19,14,第一金-員林,2024-05-31,5381
6213,聯茂,12,0,12,第一金-員林,2024-05-31,5381
2409,友達,16,4,12,第一金-員林,2024-05-31,5381
2301,光寶科,17,5,12,第一金-員林,2024-05-31,5381
00885,富邦越南,17,5,12,第一金-員林,2024-05-31,5381
2356,英業達,36,24,12,第一金-員林,2024-05-31,5381
5230,雷笛克光學,29,17,12,第一金-員林,2024-05-31,5381
6005,群益證,12,0,12,第一金-員林,2024-05-31,5381
1513,中興電,11,0,11,第一金-員林,2024-05-31,5381
3049,精金,11,0,11,第一金-員林,2024-05-31,5381
3516,亞帝歐,11,0,11,第一金-員林,2024-05-31,5381
6265,方土昶,11,0,11,第一金-員林,2024-05-31,5381
9945,潤泰新,30,19,11,第一金-員林,2024-05-31,5381
1515,力山,10,0,10,第一金-員林,2024-05-31,5381
3362,先進光,11,1,10,第一金-員林,2024-05-31,5381
4720,德淵,10,0,10,第一金-員林,2024-05-31,5381
6147,頎邦,10,0,10,第一金-員林,2024-05-31,5381
8092,建暐,11,1,10,第一金-員林,2024-05-31,5381
2801,彰銀,20,10,10,第一金-員林,2024-05-31,5381
3312,弘憶股,41,32,9,第一金-員林,2024-05-31,5381
2534,宏盛,9,0,9,第一金-員林,2024-05-31,5381
00940,元大台灣價值高息,274,31,243,第一金-員林,2024-06-03,5381
00919,群益台灣精選高息,101,2,99,第一金-員林,2024-06-03,5381
9103,美德醫療-DR,90,0,90,第一金-員林,2024-06-03,5381
1714,和桐,50,0,50,第一金-員林,2024-06-03,5381
00929,復華台灣科技優息,52,3,49,第一金-員林,2024-06-03,5381
00665L,富邦�琤肭磪囓�2,209,164,45,第一金-員林,2024-06-03,5381
2354,鴻準,60,15,45,第一金-員林,2024-06-03,5381
5426,振發,32,2,30,第一金-員林,2024-06-03,5381
2610,華航,31,3,28,第一金-員林,2024-06-03,5381
2537,聯上發,27,0,27,第一金-員林,2024-06-03,5381
1569,濱川,30,5,25,第一金-員林,2024-06-03,5381
1310,台苯,20,0,20,第一金-員林,2024-06-03,5381
2002,中鋼,19,0,19,第一金-員林,2024-06-03,5381
3450,聯鈞,27,9,18,第一金-員林,2024-06-03,5381
2303,聯電,26,8,18,第一金-員林,2024-06-03,5381
2412,中華電,39,22,17,第一金-員林,2024-06-03,5381
2812,台中銀,16,0,16,第一金-員林,2024-06-03,5381
2618,長榮航,158,143,15,第一金-員林,2024-06-03,5381
6147,頎邦,15,1,14,第一金-員林,2024-06-03,5381
912000,晨訊科-DR,20,6,14,第一金-員林,2024-06-03,5381
00946,群益科技高息成長,13,0,13,第一金-員林,2024-06-03,5381
1316,上曜,16,3,13,第一金-員林,2024-06-03,5381
6770,力積電,13,2,11,第一金-員林,2024-06-03,5381
00687B,國泰20年美債,11,0,11,第一金-員林,2024-06-03,5381
4562,穎漢,17,6,11,第一金-員林,2024-06-03,5381
6125,廣運,11,0,11,第一金-員林,2024-06-03,5381
00706L,期元大S＆P日圓正2,10,0,10,第一金-員林,2024-06-03,5381
3024,憶聲,10,0,10,第一金-員林,2024-06-03,5381
6284,佳邦,10,0,10,第一金-員林,2024-06-03,5381
4938,和碩,17,7,10,第一金-員林,2024-06-03,5381
00918,大華優利高填息30,9,0,9,第一金-員林,2024-06-03,5381
3202,樺晟,16,7,9,第一金-員林,2024-06-03,5381
6290,良維,10,1,9,第一金-員林,2024-06-03,5381
2880,華南金,8,0,8,第一金-員林,2024-06-03,5381
1802,台玻,12,4,8,第一金-員林,2024-06-03,5381
3312,弘憶股,10,2,8,第一金-員林,2024-06-03,5381
5347,世界,9,1,8,第一金-員林,2024-06-03,5381
8054,安國,16,8,8,第一金-員林,2024-06-03,5381
2317,鴻海,44,36,8,第一金-員林,2024-06-03,5381
1532,勤美,7,0,7,第一金-員林,2024-06-03,5381
1609,大亞,8,1,7,第一金-員林,2024-06-03,5381
2363,矽統,9,2,7,第一金-員林,2024-06-03,5381
2405,輔信,11,4,7,第一金-員林,2024-06-03,5381
3059,華晶科,34,27,7,第一金-員林,2024-06-03,5381
3231,緯創,34,28,6,第一金-員林,2024-06-03,5381
2356,英業達,43,37,6,第一金-員林,2024-06-03,5381
00715L,期街口布蘭特正2,6,0,6,第一金-員林,2024-06-03,5381
2206,三陽工業,6,0,6,第一金-員林,2024-06-03,5381
2889,國票金,6,0,6,第一金-員林,2024-06-03,5381
4939,亞電,6,0,6,第一金-員林,2024-06-03,5381
00929,復華台灣科技優息,123,2,121,第一金-員林,2024-06-04,5381
1409,新纖,103,0,103,第一金-員林,2024-06-04,5381
00940,元大台灣價值高息,164,63,101,第一金-員林,2024-06-04,5381
00919,群益台灣精選高息,80,2,78,第一金-員林,2024-06-04,5381
2331,精英,114,40,74,第一金-員林,2024-06-04,5381
9105,泰金寶-DR,109,37,72,第一金-員林,2024-06-04,5381
2344,華邦電,66,12,54,第一金-員林,2024-06-04,5381
00918,大華優利高填息30,52,0,52,第一金-員林,2024-06-04,5381
9103,美德醫療-DR,55,11,44,第一金-員林,2024-06-04,5381
00881,國泰台灣5G+,38,0,38,第一金-員林,2024-06-04,5381
2801,彰銀,36,0,36,第一金-員林,2024-06-04,5381
00878,國泰永續高股息,44,9,35,第一金-員林,2024-06-04,5381
2888,新光金,44,12,32,第一金-員林,2024-06-04,5381
3290,東浦,32,0,32,第一金-員林,2024-06-04,5381
3432,台端,38,6,32,第一金-員林,2024-06-04,5381
2409,友達,28,0,28,第一金-員林,2024-06-04,5381
6125,廣運,42,14,28,第一金-員林,2024-06-04,5381
2317,鴻海,37,9,28,第一金-員林,2024-06-04,5381
8110,華東,25,0,25,第一金-員林,2024-06-04,5381
2002,中鋼,28,5,23,第一金-員林,2024-06-04,5381
4533,協易機,101,78,23,第一金-員林,2024-06-04,5381
2354,鴻準,30,8,22,第一金-員林,2024-06-04,5381
00642U,期元大S＆P石油,22,0,22,第一金-員林,2024-06-04,5381
3306,鼎天,24,2,22,第一金-員林,2024-06-04,5381
6207,雷科,23,1,22,第一金-員林,2024-06-04,5381
2324,仁寶,28,8,20,第一金-員林,2024-06-04,5381
3231,緯創,22,2,20,第一金-員林,2024-06-04,5381
00942B,台新美A公司債20+,20,0,20,第一金-員林,2024-06-04,5381
2438,翔耀,20,0,20,第一金-員林,2024-06-04,5381
6120,達運,20,0,20,第一金-員林,2024-06-04,5381
8463,潤泰材,20,0,20,第一金-員林,2024-06-04,5381
0056,元大高股息,20,0,20,第一金-員林,2024-06-04,5381
00946,群益科技高息成長,27,10,17,第一金-員林,2024-06-04,5381
2301,光寶科,17,2,15,第一金-員林,2024-06-04,5381
2312,金寶,28,13,15,第一金-員林,2024-06-04,5381
6531,愛普*,16,1,15,第一金-員林,2024-06-04,5381
8936,國統,14,0,14,第一金-員林,2024-06-04,5381
2376,技嘉,15,1,14,第一金-員林,2024-06-04,5381
2399,映泰,14,0,14,第一金-員林,2024-06-04,5381
2405,輔信,17,3,14,第一金-員林,2024-06-04,5381
3535,晶彩科,14,0,14,第一金-員林,2024-06-04,5381
2349,錸德,12,0,12,第一金-員林,2024-06-04,5381
2482,連宇,13,1,12,第一金-員林,2024-06-04,5381
2495,普安,19,7,12,第一金-員林,2024-06-04,5381
00936,台新永續高息中小,16,5,11,第一金-員林,2024-06-04,5381
2528,皇普,11,0,11,第一金-員林,2024-06-04,5381
5381,合正,11,0,11,第一金-員林,2024-06-04,5381
8096,擎亞,12,1,11,第一金-員林,2024-06-04,5381
1815,富喬,64,54,10,第一金-員林,2024-06-04,5381
5871,中租-KY,10,0,10,第一金-員林,2024-06-04,5381
1304,台聚,207,0,207,第一金-員林,2024-06-05,5381
2105,正新,145,1,144,第一金-員林,2024-06-05,5381
00918,大華優利高填息30,115,0,115,第一金-員林,2024-06-05,5381
2506,太設,80,0,80,第一金-員林,2024-06-05,5381
00929,復華台灣科技優息,54,2,52,第一金-員林,2024-06-05,5381
3048,益登,60,9,51,第一金-員林,2024-06-05,5381
00878,國泰永續高股息,50,7,43,第一金-員林,2024-06-05,5381
3419,譁裕,30,0,30,第一金-員林,2024-06-05,5381
2002,中鋼,29,0,29,第一金-員林,2024-06-05,5381
2888,新光金,28,0,28,第一金-員林,2024-06-05,5381
4533,協易機,66,40,26,第一金-員林,2024-06-05,5381
00936,台新永續高息中小,25,0,25,第一金-員林,2024-06-05,5381
2303,聯電,30,6,24,第一金-員林,2024-06-05,5381
2534,宏盛,23,1,22,第一金-員林,2024-06-05,5381
3432,台端,27,5,22,第一金-員林,2024-06-05,5381
00919,群益台灣精選高息,34,13,21,第一金-員林,2024-06-05,5381
00715L,期街口布蘭特正2,21,0,21,第一金-員林,2024-06-05,5381
3060,銘異,81,60,21,第一金-員林,2024-06-05,5381
2605,新興,46,28,18,第一金-員林,2024-06-05,5381
6116,彩晶,17,0,17,第一金-員林,2024-06-05,5381
6120,達運,16,0,16,第一金-員林,2024-06-05,5381
6446,藥華藥,16,0,16,第一金-員林,2024-06-05,5381
2356,英業達,22,7,15,第一金-員林,2024-06-05,5381
2438,翔耀,14,0,14,第一金-員林,2024-06-05,5381
0056,元大高股息,14,0,14,第一金-員林,2024-06-05,5381
3564,其陽,11,0,11,第一金-員林,2024-06-05,5381
1453,大將,14,3,11,第一金-員林,2024-06-05,5381
3481,群創,14,3,11,第一金-員林,2024-06-05,5381
9103,美德醫療-DR,101,90,11,第一金-員林,2024-06-05,5381
6285,啟��,11,0,11,第一金-員林,2024-06-05,5381
3693,營邦,10,0,10,第一金-員林,2024-06-05,5381
2241,艾姆勒,10,0,10,第一金-員林,2024-06-05,5381
2399,映泰,10,0,10,第一金-員林,2024-06-05,5381
2408,南亞科,10,0,10,第一金-員林,2024-06-05,5381
2867,三商壽,15,5,10,第一金-員林,2024-06-05,5381
3032,偉訓,10,0,10,第一金-員林,2024-06-05,5381
4960,誠美材,10,0,10,第一金-員林,2024-06-05,5381
6895,宏碩系統,10,0,10,第一金-員林,2024-06-05,5381
8463,潤泰材,10,0,10,第一金-員林,2024-06-05,5381
9904,寶成,10,0,10,第一金-員林,2024-06-05,5381
5608,四維航,17,8,9,第一金-員林,2024-06-05,5381
3231,緯創,10,1,9,第一金-員林,2024-06-05,5381
2486,一詮,22,13,9,第一金-員林,2024-06-05,5381
2314,台揚,9,0,9,第一金-員林,2024-06-05,5381
5880,合庫金,9,0,9,第一金-員林,2024-06-05,5381
1303,南亞,8,0,8,第一金-員林,2024-06-05,5381
2331,精英,61,53,8,第一金-員林,2024-06-05,5381
3356,奇偶,9,1,8,第一金-員林,2024-06-05,5381
3712,永崴投控,8,0,8,第一金-員林,2024-06-05,5381
6265,方土昶,8,0,8,第一金-員林,2024-06-05,5381
1304,台聚,302,0,302,第一金-員林,2024-06-06,5381
9103,美德醫療-DR,80,0,80,第一金-員林,2024-06-06,5381
00918,大華優利高填息30,85,29,56,第一金-員林,2024-06-06,5381
2405,輔信,51,0,51,第一金-員林,2024-06-06,5381
00936,台新永續高息中小,46,0,46,第一金-員林,2024-06-06,5381
00632R,元大台灣50反1,48,3,45,第一金-員林,2024-06-06,5381
2014,中鴻,41,0,41,第一金-員林,2024-06-06,5381
5302,太欣,49,9,40,第一金-員林,2024-06-06,5381
2328,廣宇,52,16,36,第一金-員林,2024-06-06,5381
00929,復華台灣科技優息,47,12,35,第一金-員林,2024-06-06,5381
1714,和桐,35,0,35,第一金-員林,2024-06-06,5381
5871,中租-KY,30,0,30,第一金-員林,2024-06-06,5381
2882,國泰金,41,12,29,第一金-員林,2024-06-06,5381
5381,合正,24,0,24,第一金-員林,2024-06-06,5381
5310,天剛,23,0,23,第一金-員林,2024-06-06,5381
2312,金寶,59,36,23,第一金-員林,2024-06-06,5381
2101,南港,25,3,22,第一金-員林,2024-06-06,5381
2363,矽統,23,2,21,第一金-員林,2024-06-06,5381
8071,能率網通,20,0,20,第一金-員林,2024-06-06,5381
1409,新纖,20,1,19,第一金-員林,2024-06-06,5381
8059,凱碩,19,0,19,第一金-員林,2024-06-06,5381
2356,英業達,33,15,18,第一金-員林,2024-06-06,5381
3060,銘異,38,20,18,第一金-員林,2024-06-06,5381
2365,昆盈,18,1,17,第一金-員林,2024-06-06,5381
2353,宏��,16,1,15,第一金-員林,2024-06-06,5381
2845,遠東銀,15,0,15,第一金-員林,2024-06-06,5381
00665L,富邦�琤肭磪囓�2,154,140,14,第一金-員林,2024-06-06,5381
1314,中石化,22,8,14,第一金-員林,2024-06-06,5381
2002,中鋼,13,0,13,第一金-員林,2024-06-06,5381
2354,鴻準,29,16,13,第一金-員林,2024-06-06,5381
2534,宏盛,13,0,13,第一金-員林,2024-06-06,5381
6531,愛普*,12,0,12,第一金-員林,2024-06-06,5381
3609,三一東林,12,1,11,第一金-員林,2024-06-06,5381
2317,鴻海,34,23,11,第一金-員林,2024-06-06,5381
6244,茂迪,10,0,10,第一金-員林,2024-06-06,5381
00687B,國泰20年美債,13,3,10,第一金-員林,2024-06-06,5381
1340,勝悅-KY,10,0,10,第一金-員林,2024-06-06,5381
1434,福懋,10,0,10,第一金-員林,2024-06-06,5381
1532,勤美,20,10,10,第一金-員林,2024-06-06,5381
1815,富喬,27,17,10,第一金-員林,2024-06-06,5381
2399,映泰,10,0,10,第一金-員林,2024-06-06,5381
2495,普安,10,0,10,第一金-員林,2024-06-06,5381
2851,中再保,10,0,10,第一金-員林,2024-06-06,5381
3419,譁裕,10,0,10,第一金-員林,2024-06-06,5381
3715,定穎投控,13,3,10,第一金-員林,2024-06-06,5381
5522,遠雄,10,0,10,第一金-員林,2024-06-06,5381
8039,台虹,10,0,10,第一金-員林,2024-06-06,5381
9110,越南控-DR,10,0,10,第一金-員林,2024-06-06,5381
00946,群益科技高息成長,10,1,9,第一金-員林,2024-06-06,5381
1907,永豐餘,9,0,9,第一金-員林,2024-06-06,5381
2883,凱基金,135,24,111,第一金-員林,2024-06-07,5381
2312,金寶,112,23,89,第一金-員林,2024-06-07,5381
00637L,元大滬深300正2,62,0,62,第一金-員林,2024-06-07,5381
2105,正新,81,27,54,第一金-員林,2024-06-07,5381
00929,復華台灣科技優息,54,0,54,第一金-員林,2024-06-07,5381
2367,燿華,62,8,54,第一金-員林,2024-06-07,5381
3289,宜特,50,2,48,第一金-員林,2024-06-07,5381
2363,矽統,52,5,47,第一金-員林,2024-06-07,5381
00918,大華優利高填息30,43,1,42,第一金-員林,2024-06-07,5381
2313,華通,55,17,38,第一金-員林,2024-06-07,5381
00665L,富邦�琤肭磪囓�2,144,108,36,第一金-員林,2024-06-07,5381
2324,仁寶,42,7,35,第一金-員林,2024-06-07,5381
4714,永捷,33,1,32,第一金-員林,2024-06-07,5381
00919,群益台灣精選高息,34,3,31,第一金-員林,2024-06-07,5381
1314,中石化,30,5,25,第一金-員林,2024-06-07,5381
00936,台新永續高息中小,24,0,24,第一金-員林,2024-06-07,5381
2615,萬海,141,118,23,第一金-員林,2024-06-07,5381
3122,笙泉,67,45,22,第一金-員林,2024-06-07,5381
2356,英業達,30,9,21,第一金-員林,2024-06-07,5381
2801,彰銀,20,0,20,第一金-員林,2024-06-07,5381
00946,群益科技高息成長,23,4,19,第一金-員林,2024-06-07,5381
2882,國泰金,20,1,19,第一金-員林,2024-06-07,5381
3231,緯創,28,11,17,第一金-員林,2024-06-07,5381
00931B,統一美債20年,20,4,16,第一金-員林,2024-06-07,5381
3591,艾笛森,16,0,16,第一金-員林,2024-06-07,5381
5521,工信,17,1,16,第一金-員林,2024-06-07,5381
2331,精英,76,61,15,第一金-員林,2024-06-07,5381
1446,宏和,14,0,14,第一金-員林,2024-06-07,5381
2371,大同,21,7,14,第一金-員林,2024-06-07,5381
1532,勤美,41,28,13,第一金-員林,2024-06-07,5381
4303,信立,23,10,13,第一金-員林,2024-06-07,5381
00937B,群益ESG投等債20,17,4,13,第一金-員林,2024-06-07,5381
2352,佳世達,12,0,12,第一金-員林,2024-06-07,5381
2376,技嘉,12,0,12,第一金-員林,2024-06-07,5381
2353,宏��,25,13,12,第一金-員林,2024-06-07,5381
2359,所羅門,12,1,11,第一金-員林,2024-06-07,5381
00715L,期街口布蘭特正2,11,0,11,第一金-員林,2024-06-07,5381
9105,泰金寶-DR,44,33,11,第一金-員林,2024-06-07,5381
2330,台積電,10,0,10,第一金-員林,2024-06-07,5381
6770,力積電,11,1,10,第一金-員林,2024-06-07,5381
1326,台化,10,0,10,第一金-員林,2024-06-07,5381
2349,錸德,10,0,10,第一金-員林,2024-06-07,5381
3580,友威科,10,0,10,第一金-員林,2024-06-07,5381
4571,鈞興-KY,10,0,10,第一金-員林,2024-06-07,5381
6270,倍微,10,0,10,第一金-員林,2024-06-07,5381
9110,越南控-DR,10,0,10,第一金-員林,2024-06-07,5381
4956,光鋐,16,7,9,第一金-員林,2024-06-07,5381
4958,臻鼎-KY,15,6,9,第一金-員林,2024-06-07,5381
2855,統一證,10,2,8,第一金-員林,2024-06-07,5381
3609,三一東林,8,0,8,第一金-員林,2024-06-07,5381
2498,宏達電,157,2,155,第一金-員林,2024-06-11,5381
00940,元大台灣價值高息,136,13,123,第一金-員林,2024-06-11,5381
00919,群益台灣精選高息,77,2,75,第一金-員林,2024-06-11,5381
00929,復華台灣科技優息,100,25,75,第一金-員林,2024-06-11,5381
2882,國泰金,61,1,60,第一金-員林,2024-06-11,5381
00918,大華優利高填息30,60,0,60,第一金-員林,2024-06-11,5381
2609,陽明,216,158,58,第一金-員林,2024-06-11,5381
00933B,國泰10Y+金融債,58,2,56,第一金-員林,2024-06-11,5381
00675L,富邦臺灣加權正2,51,0,51,第一金-員林,2024-06-11,5381
3419,譁裕,40,0,40,第一金-員林,2024-06-11,5381
2105,正新,39,0,39,第一金-員林,2024-06-11,5381
2867,三商壽,38,0,38,第一金-員林,2024-06-11,5381
2641,正德,49,14,35,第一金-員林,2024-06-11,5381
9945,潤泰新,46,12,34,第一金-員林,2024-06-11,5381
00665L,富邦�琤肭磪囓�2,219,190,29,第一金-員林,2024-06-11,5381
2002,中鋼,28,0,28,第一金-員林,2024-06-11,5381
00720B,元大投資級公司債,27,0,27,第一金-員林,2024-06-11,5381
00936,台新永續高息中小,27,0,27,第一金-員林,2024-06-11,5381
00687B,國泰20年美債,43,17,26,第一金-員林,2024-06-11,5381
3706,神達,26,0,26,第一金-員林,2024-06-11,5381
1608,華榮,87,62,25,第一金-員林,2024-06-11,5381
00679B,元大美債20年,25,0,25,第一金-員林,2024-06-11,5381
00923,群益台ESG低碳50,25,1,24,第一金-員林,2024-06-11,5381
2405,輔信,25,2,23,第一金-員林,2024-06-11,5381
2501,國建,23,0,23,第一金-員林,2024-06-11,5381
3481,群創,22,0,22,第一金-員林,2024-06-11,5381
4174,浩鼎,22,0,22,第一金-員林,2024-06-11,5381
00878,國泰永續高股息,21,1,20,第一金-員林,2024-06-11,5381
00937B,群益ESG投等債20,21,2,19,第一金-員林,2024-06-11,5381
2354,鴻準,24,5,19,第一金-員林,2024-06-11,5381
1532,勤美,35,16,19,第一金-員林,2024-06-11,5381
3374,精材,22,4,18,第一金-員林,2024-06-11,5381
00795B,中信美國公債20年,18,0,18,第一金-員林,2024-06-11,5381
2371,大同,23,5,18,第一金-員林,2024-06-11,5381
3202,樺晟,19,1,18,第一金-員林,2024-06-11,5381
5498,凱崴,17,0,17,第一金-員林,2024-06-11,5381
2542,興富發,18,1,17,第一金-員林,2024-06-11,5381
8054,安國,24,9,15,第一金-員林,2024-06-11,5381
2915,潤泰全,21,6,15,第一金-員林,2024-06-11,5381
4903,聯光通,15,0,15,第一金-員林,2024-06-11,5381
5871,中租-KY,15,0,15,第一金-員林,2024-06-11,5381
2438,翔耀,14,0,14,第一金-員林,2024-06-11,5381
4967,十銓,29,15,14,第一金-員林,2024-06-11,5381
8059,凱碩,14,0,14,第一金-員林,2024-06-11,5381
6152,百一,14,0,14,第一金-員林,2024-06-11,5381
2356,英業達,17,3,14,第一金-員林,2024-06-11,5381
1101,台泥,16,3,13,第一金-員林,2024-06-11,5381
1218,泰山,13,0,13,第一金-員林,2024-06-11,5381
3047,訊舟,25,13,12,第一金-員林,2024-06-11,5381
2615,萬海,106,94,12,第一金-員林,2024-06-11,5381
00948B,中信優息投資級債,183,7,176,第一金-員林,2024-06-12,5381
00650L,復華香港正2,160,0,160,第一金-員林,2024-06-12,5381
2637,慧洋-KY,103,0,103,第一金-員林,2024-06-12,5381
9105,泰金寶-DR,105,4,101,第一金-員林,2024-06-12,5381
2881,富邦金,100,2,98,第一金-員林,2024-06-12,5381
2367,燿華,100,9,91,第一金-員林,2024-06-12,5381
00919,群益台灣精選高息,87,8,79,第一金-員林,2024-06-12,5381
00940,元大台灣價值高息,91,16,75,第一金-員林,2024-06-12,5381
00712,復華富時不動產,76,4,72,第一金-員林,2024-06-12,5381
00918,大華優利高填息30,59,0,59,第一金-員林,2024-06-12,5381
3171,炎洲流通,57,0,57,第一金-員林,2024-06-12,5381
2105,正新,59,4,55,第一金-員林,2024-06-12,5381
2363,矽統,49,2,47,第一金-員林,2024-06-12,5381
2883,凱基金,50,13,37,第一金-員林,2024-06-12,5381
2915,潤泰全,35,4,31,第一金-員林,2024-06-12,5381
5490,同亨,37,6,31,第一金-員林,2024-06-12,5381
9945,潤泰新,27,2,25,第一金-員林,2024-06-12,5381
1503,士電,27,3,24,第一金-員林,2024-06-12,5381
3231,緯創,29,6,23,第一金-員林,2024-06-12,5381
2392,正崴,24,2,22,第一金-員林,2024-06-12,5381
3481,群創,22,1,21,第一金-員林,2024-06-12,5381
1905,華紙,20,0,20,第一金-員林,2024-06-12,5381
4503,金雨,19,0,19,第一金-員林,2024-06-12,5381
9946,三發地產,27,8,19,第一金-員林,2024-06-12,5381
2359,所羅門,20,2,18,第一金-員林,2024-06-12,5381
00687B,國泰20年美債,21,3,18,第一金-員林,2024-06-12,5381
00882,中信中國高股息,30,14,16,第一金-員林,2024-06-12,5381
4506,崇友,16,0,16,第一金-員林,2024-06-12,5381
2615,萬海,65,50,15,第一金-員林,2024-06-12,5381
5533,皇鼎,15,0,15,第一金-員林,2024-06-12,5381
00665L,富邦�琤肭磪囓�2,135,121,14,第一金-員林,2024-06-12,5381
2412,中華電,14,0,14,第一金-員林,2024-06-12,5381
2855,統一證,15,1,14,第一金-員林,2024-06-12,5381
3374,精材,24,11,13,第一金-員林,2024-06-12,5381
00688L,國泰20年美債正2,12,0,12,第一金-員林,2024-06-12,5381
3450,聯鈞,17,5,12,第一金-員林,2024-06-12,5381
1802,台玻,12,1,11,第一金-員林,2024-06-12,5381
2376,技嘉,11,0,11,第一金-員林,2024-06-12,5381
2438,翔耀,11,0,11,第一金-員林,2024-06-12,5381
2889,國票金,45,34,11,第一金-員林,2024-06-12,5381
6589,台康生技,11,0,11,第一金-員林,2024-06-12,5381
6257,矽格,13,2,11,第一金-員林,2024-06-12,5381
2324,仁寶,11,0,11,第一金-員林,2024-06-12,5381
2801,彰銀,11,1,10,第一金-員林,2024-06-12,5381
00915,凱基優選高股息30,10,0,10,第一金-員林,2024-06-12,5381
00751B,元大AAA至A公司債,10,0,10,第一金-員林,2024-06-12,5381
1440,南紡,10,0,10,第一金-員林,2024-06-12,5381
2027,大成鋼,10,0,10,第一金-員林,2024-06-12,5381
3466,德晉,10,0,10,第一金-員林,2024-06-12,5381
3706,神達,10,0,10,第一金-員林,2024-06-12,5381
4720,德淵,64,0,64,第一金-員林,2024-06-13,5381
1314,中石化,60,0,60,第一金-員林,2024-06-13,5381
00948B,中信優息投資級債,54,0,54,第一金-員林,2024-06-13,5381
00946,群益科技高息成長,50,2,48,第一金-員林,2024-06-13,5381
2888,新光金,40,0,40,第一金-員林,2024-06-13,5381
2801,彰銀,35,2,33,第一金-員林,2024-06-13,5381
2867,三商壽,31,1,30,第一金-員林,2024-06-13,5381
912000,晨訊科-DR,30,0,30,第一金-員林,2024-06-13,5381
3047,訊舟,37,9,28,第一金-員林,2024-06-13,5381
2105,正新,29,1,28,第一金-員林,2024-06-13,5381
2609,陽明,53,25,28,第一金-員林,2024-06-13,5381
2002,中鋼,28,1,27,第一金-員林,2024-06-13,5381
1446,宏和,32,6,26,第一金-員林,2024-06-13,5381
00632R,元大台灣50反1,25,0,25,第一金-員林,2024-06-13,5381
9940,信義,22,0,22,第一金-員林,2024-06-13,5381
2365,昆盈,21,0,21,第一金-員林,2024-06-13,5381
1310,台苯,20,0,20,第一金-員林,2024-06-13,5381
1714,和桐,20,0,20,第一金-員林,2024-06-13,5381
2611,志信,20,0,20,第一金-員林,2024-06-13,5381
2618,長榮航,151,134,17,第一金-員林,2024-06-13,5381
1815,富喬,30,14,16,第一金-員林,2024-06-13,5381
2241,艾姆勒,32,16,16,第一金-員林,2024-06-13,5381
2492,華新科,15,0,15,第一金-員林,2024-06-13,5381
3019,亞光,19,4,15,第一金-員林,2024-06-13,5381
1617,榮星,26,12,14,第一金-員林,2024-06-13,5381
00905,FT臺灣Smart,14,0,14,第一金-員林,2024-06-13,5381
2812,台中銀,14,0,14,第一金-員林,2024-06-13,5381
2371,大同,21,8,13,第一金-員林,2024-06-13,5381
00921,兆豐龍頭等權重,13,0,13,第一金-員林,2024-06-13,5381
00680L,元大美債20正2,13,2,11,第一金-員林,2024-06-13,5381
6546,正基,12,1,11,第一金-員林,2024-06-13,5381
1609,大亞,12,1,11,第一金-員林,2024-06-13,5381
2376,技嘉,11,0,11,第一金-員林,2024-06-13,5381
00720B,元大投資級公司債,10,0,10,第一金-員林,2024-06-13,5381
00665L,富邦�琤肭磪囓�2,130,120,10,第一金-員林,2024-06-13,5381
1416,廣豐,10,0,10,第一金-員林,2024-06-13,5381
1718,中纖,10,0,10,第一金-員林,2024-06-13,5381
3055,蔚華科,10,0,10,第一金-員林,2024-06-13,5381
5498,凱崴,10,0,10,第一金-員林,2024-06-13,5381
2353,宏��,19,10,9,第一金-員林,2024-06-13,5381
6117,迎廣,21,12,9,第一金-員林,2024-06-13,5381
2352,佳世達,9,1,8,第一金-員林,2024-06-13,5381
1569,濱川,8,0,8,第一金-員林,2024-06-13,5381
1604,聲寶,8,0,8,第一金-員林,2024-06-13,5381
2313,華通,9,1,8,第一金-員林,2024-06-13,5381
2913,農林,8,0,8,第一金-員林,2024-06-13,5381
5381,合正,10,2,8,第一金-員林,2024-06-13,5381
6207,雷科,10,2,8,第一金-員林,2024-06-13,5381
1522,堤維西,8,1,7,第一金-員林,2024-06-13,5381
00947,台新臺灣IC設計,7,0,7,第一金-員林,2024-06-13,5381
00948B,中信優息投資級債,174,20,154,第一金-員林,2024-06-14,5381
2374,佳能,97,7,90,第一金-員林,2024-06-14,5381
9105,泰金寶-DR,178,109,69,第一金-員林,2024-06-14,5381
1301,台塑,53,0,53,第一金-員林,2024-06-14,5381
2371,大同,84,40,44,第一金-員林,2024-06-14,5381
2888,新光金,44,2,42,第一金-員林,2024-06-14,5381
3048,益登,59,20,39,第一金-員林,2024-06-14,5381
5876,上海商銀,31,0,31,第一金-員林,2024-06-14,5381
00665L,富邦�琤肭磪囓�2,155,125,30,第一金-員林,2024-06-14,5381
2002,中鋼,28,0,28,第一金-員林,2024-06-14,5381
2609,陽明,68,41,27,第一金-員林,2024-06-14,5381
2101,南港,27,2,25,第一金-員林,2024-06-14,5381
2486,一詮,38,14,24,第一金-員林,2024-06-14,5381
00946,群益科技高息成長,23,0,23,第一金-員林,2024-06-14,5381
00720B,元大投資級公司債,22,0,22,第一金-員林,2024-06-14,5381
00919,群益台灣精選高息,21,0,21,第一金-員林,2024-06-14,5381
1605,華新,25,5,20,第一金-員林,2024-06-14,5381
2329,華泰,27,7,20,第一金-員林,2024-06-14,5381
5381,合正,20,0,20,第一金-員林,2024-06-14,5381
9110,越南控-DR,20,0,20,第一金-員林,2024-06-14,5381
00929,復華台灣科技優息,50,31,19,第一金-員林,2024-06-14,5381
2353,宏��,24,5,19,第一金-員林,2024-06-14,5381
1522,堤維西,21,3,18,第一金-員林,2024-06-14,5381
3189,景碩,18,0,18,第一金-員林,2024-06-14,5381
3062,建漢,32,14,18,第一金-員林,2024-06-14,5381
3363,上詮,17,0,17,第一金-員林,2024-06-14,5381
2408,南亞科,17,2,15,第一金-員林,2024-06-14,5381
1455,集盛,20,5,15,第一金-員林,2024-06-14,5381
2356,英業達,19,4,15,第一金-員林,2024-06-14,5381
2363,矽統,25,11,14,第一金-員林,2024-06-14,5381
3455,由田,14,0,14,第一金-員林,2024-06-14,5381
3628,盈正,14,0,14,第一金-員林,2024-06-14,5381
6548,長科*,14,0,14,第一金-員林,2024-06-14,5381
2542,興富發,15,1,14,第一金-員林,2024-06-14,5381
2313,華通,14,1,13,第一金-員林,2024-06-14,5381
2392,正崴,23,10,13,第一金-員林,2024-06-14,5381
00830,國泰費城半導體,12,0,12,第一金-員林,2024-06-14,5381
2376,技嘉,13,1,12,第一金-員林,2024-06-14,5381
2367,燿華,20,8,12,第一金-員林,2024-06-14,5381
2464,盟立,15,3,12,第一金-員林,2024-06-14,5381
2365,昆盈,20,8,12,第一金-員林,2024-06-14,5381
8096,擎亞,15,4,11,第一金-員林,2024-06-14,5381
1718,中纖,11,0,11,第一金-員林,2024-06-14,5381
00637L,元大滬深300正2,10,0,10,第一金-員林,2024-06-14,5381
00650L,復華香港正2,10,0,10,第一金-員林,2024-06-14,5381
00927,群益半導體收益,10,0,10,第一金-員林,2024-06-14,5381
00933B,國泰10Y+金融債,23,13,10,第一金-員林,2024-06-14,5381
2482,連宇,10,0,10,第一金-員林,2024-06-14,5381
2913,農林,19,9,10,第一金-員林,2024-06-14,5381
6531,愛普*,10,0,10,第一金-員林,2024-06-14,5381
00937B,群益ESG投等債20,527,20,507,第一金-員林,2024-06-17,5381
00936,台新永續高息中小,228,3,225,第一金-員林,2024-06-17,5381
2915,潤泰全,61,0,61,第一金-員林,2024-06-17,5381
2374,佳能,60,0,60,第一金-員林,2024-06-17,5381
2610,華航,61,5,56,第一金-員林,2024-06-17,5381
3062,建漢,65,13,52,第一金-員林,2024-06-17,5381
2376,技嘉,52,2,50,第一金-員林,2024-06-17,5381
00650L,復華香港正2,50,0,50,第一金-員林,2024-06-17,5381
00942B,台新美A公司債20+,50,0,50,第一金-員林,2024-06-17,5381
5213,亞昕,47,0,47,第一金-員林,2024-06-17,5381
00919,群益台灣精選高息,49,5,44,第一金-員林,2024-06-17,5381
6598,ABC-KY,40,0,40,第一金-員林,2024-06-17,5381
00885,富邦越南,39,0,39,第一金-員林,2024-06-17,5381
3481,群創,81,42,39,第一金-員林,2024-06-17,5381
3455,由田,38,0,38,第一金-員林,2024-06-17,5381
3609,三一東林,36,0,36,第一金-員林,2024-06-17,5381
00929,復華台灣科技優息,83,52,31,第一金-員林,2024-06-17,5381
00933B,國泰10Y+金融債,30,0,30,第一金-員林,2024-06-17,5381
2888,新光金,30,0,30,第一金-員林,2024-06-17,5381
2615,萬海,133,104,29,第一金-員林,2024-06-17,5381
00687B,國泰20年美債,25,2,23,第一金-員林,2024-06-17,5381
9945,潤泰新,22,1,21,第一金-員林,2024-06-17,5381
2312,金寶,24,4,20,第一金-員林,2024-06-17,5381
3580,友威科,20,0,20,第一金-員林,2024-06-17,5381
2301,光寶科,20,1,19,第一金-員林,2024-06-17,5381
2371,大同,116,98,18,第一金-員林,2024-06-17,5381
6215,和椿,18,1,17,第一金-員林,2024-06-17,5381
2314,台揚,19,4,15,第一金-員林,2024-06-17,5381
00632R,元大台灣50反1,14,0,14,第一金-員林,2024-06-17,5381
4533,協易機,23,9,14,第一金-員林,2024-06-17,5381
5432,新門,14,0,14,第一金-員林,2024-06-17,5381
1513,中興電,48,35,13,第一金-員林,2024-06-17,5381
00948B,中信優息投資級債,12,0,12,第一金-員林,2024-06-17,5381
1616,億泰,21,9,12,第一金-員林,2024-06-17,5381
6531,愛普*,12,0,12,第一金-員林,2024-06-17,5381
00918,大華優利高填息30,11,0,11,第一金-員林,2024-06-17,5381
1532,勤美,15,4,11,第一金-員林,2024-06-17,5381
00706L,期元大S＆P日圓正2,10,0,10,第一金-員林,2024-06-17,5381
2506,太設,10,0,10,第一金-員林,2024-06-17,5381
2542,興富發,10,0,10,第一金-員林,2024-06-17,5381
3189,景碩,10,0,10,第一金-員林,2024-06-17,5381
4414,如興,10,0,10,第一金-員林,2024-06-17,5381
5381,合正,11,1,10,第一金-員林,2024-06-17,5381
6890,來億-KY,10,0,10,第一金-員林,2024-06-17,5381
9136,巨騰-DR,10,0,10,第一金-員林,2024-06-17,5381
9919,康那香,10,0,10,第一金-員林,2024-06-17,5381
1514,亞力,28,18,10,第一金-員林,2024-06-17,5381
2609,陽明,26,17,9,第一金-員林,2024-06-17,5381
3149,正達,9,0,9,第一金-員林,2024-06-17,5381
1442,名軒,9,0,9,第一金-員林,2024-06-17,5381
00665L,富邦�琤肭磪囓�2,230,140,90,第一金-員林,2024-06-18,5381
00936,台新永續高息中小,76,2,74,第一金-員林,2024-06-18,5381
00929,復華台灣科技優息,73,18,55,第一金-員林,2024-06-18,5381
9105,泰金寶-DR,102,52,50,第一金-員林,2024-06-18,5381
2365,昆盈,60,13,47,第一金-員林,2024-06-18,5381
00632R,元大台灣50反1,52,6,46,第一金-員林,2024-06-18,5381
8096,擎亞,74,28,46,第一金-員林,2024-06-18,5381
00918,大華優利高填息30,46,7,39,第一金-員林,2024-06-18,5381
5392,能率,37,0,37,第一金-員林,2024-06-18,5381
9103,美德醫療-DR,208,173,35,第一金-員林,2024-06-18,5381
5381,合正,32,0,32,第一金-員林,2024-06-18,5381
1609,大亞,39,9,30,第一金-員林,2024-06-18,5381
00937B,群益ESG投等債20,171,141,30,第一金-員林,2024-06-18,5381
2014,中鴻,28,0,28,第一金-員林,2024-06-18,5381
00713,元大台灣高息低波,25,0,25,第一金-員林,2024-06-18,5381
2317,鴻海,38,16,22,第一金-員林,2024-06-18,5381
00944,野村趨勢動能高息,23,2,21,第一金-員林,2024-06-18,5381
2438,翔耀,20,0,20,第一金-員林,2024-06-18,5381
5864,致和證,20,0,20,第一金-員林,2024-06-18,5381
1742,台蠟,16,0,16,第一金-員林,2024-06-18,5381
2542,興富發,15,0,15,第一金-員林,2024-06-18,5381
3450,聯鈞,27,12,15,第一金-員林,2024-06-18,5381
3515,華擎,15,0,15,第一金-員林,2024-06-18,5381
1802,台玻,52,38,14,第一金-員林,2024-06-18,5381
2887,台新金,14,0,14,第一金-員林,2024-06-18,5381
2615,萬海,52,39,13,第一金-員林,2024-06-18,5381
2363,矽統,22,9,13,第一金-員林,2024-06-18,5381
6117,迎廣,13,0,13,第一金-員林,2024-06-18,5381
2031,新光鋼,13,1,12,第一金-員林,2024-06-18,5381
2515,中工,15,3,12,第一金-員林,2024-06-18,5381
2801,彰銀,12,0,12,第一金-員林,2024-06-18,5381
3706,神達,22,10,12,第一金-員林,2024-06-18,5381
3483,力致,13,1,12,第一金-員林,2024-06-18,5381
2312,金寶,11,0,11,第一金-員林,2024-06-18,5381
2301,光寶科,11,0,11,第一金-員林,2024-06-18,5381
6187,萬潤,10,0,10,第一金-員林,2024-06-18,5381
00881,國泰台灣5G+,11,1,10,第一金-員林,2024-06-18,5381
3693,營邦,10,0,10,第一金-員林,2024-06-18,5381
00942B,台新美A公司債20+,10,0,10,第一金-員林,2024-06-18,5381
1611,中電,10,0,10,第一金-員林,2024-06-18,5381
2617,台航,10,0,10,第一金-員林,2024-06-18,5381
2913,農林,11,1,10,第一金-員林,2024-06-18,5381
3609,三一東林,10,0,10,第一金-員林,2024-06-18,5381
6274,台燿,10,0,10,第一金-員林,2024-06-18,5381
3564,其陽,9,0,9,第一金-員林,2024-06-18,5381
1101,台泥,11,2,9,第一金-員林,2024-06-18,5381
2352,佳世達,10,1,9,第一金-員林,2024-06-18,5381
2537,聯上發,9,0,9,第一金-員林,2024-06-18,5381
2762,世界健身-KY,9,0,9,第一金-員林,2024-06-18,5381
4562,穎漢,81,73,8,第一金-員林,2024-06-18,5381
2204,中華,390,0,390,第一金-員林,2024-06-19,5381
00632R,元大台灣50反1,321,0,321,第一金-員林,2024-06-19,5381
3062,建漢,158,58,100,第一金-員林,2024-06-19,5381
00936,台新永續高息中小,70,2,68,第一金-員林,2024-06-19,5381
2915,潤泰全,50,0,50,第一金-員林,2024-06-19,5381
8096,擎亞,85,38,47,第一金-員林,2024-06-19,5381
2603,長榮,50,4,46,第一金-員林,2024-06-19,5381
2834,臺企銀,51,8,43,第一金-員林,2024-06-19,5381
5521,工信,40,0,40,第一金-員林,2024-06-19,5381
5351,鈺創,40,4,36,第一金-員林,2024-06-19,5381
2610,華航,43,14,29,第一金-員林,2024-06-19,5381
00946,群益科技高息成長,27,0,27,第一金-員林,2024-06-19,5381
00679B,元大美債20年,27,1,26,第一金-員林,2024-06-19,5381
2515,中工,36,10,26,第一金-員林,2024-06-19,5381
2374,佳能,28,3,25,第一金-員林,2024-06-19,5381
2371,大同,25,1,24,第一金-員林,2024-06-19,5381
00712,復華富時不動產,28,7,21,第一金-員林,2024-06-19,5381
2301,光寶科,21,1,20,第一金-員林,2024-06-19,5381
6190,萬泰科,23,5,18,第一金-員林,2024-06-19,5381
2882,國泰金,21,3,18,第一金-員林,2024-06-19,5381
6770,力積電,30,13,17,第一金-員林,2024-06-19,5381
8059,凱碩,17,0,17,第一金-員林,2024-06-19,5381
912000,晨訊科-DR,24,8,16,第一金-員林,2024-06-19,5381
5512,力麒,15,0,15,第一金-員林,2024-06-19,5381
2618,長榮航,109,95,14,第一金-員林,2024-06-19,5381
8936,國統,17,3,14,第一金-員林,2024-06-19,5381
1303,南亞,14,0,14,第一金-員林,2024-06-19,5381
2913,農林,17,4,13,第一金-員林,2024-06-19,5381
6187,萬潤,12,0,12,第一金-員林,2024-06-19,5381
2355,敬鵬,12,0,12,第一金-員林,2024-06-19,5381
3515,華擎,12,0,12,第一金-員林,2024-06-19,5381
6117,迎廣,11,0,11,第一金-員林,2024-06-19,5381
00924,復華S＆P500成長,11,0,11,第一金-員林,2024-06-19,5381
4958,臻鼎-KY,14,3,11,第一金-員林,2024-06-19,5381
1809,中釉,10,0,10,第一金-員林,2024-06-19,5381
1815,富喬,22,12,10,第一金-員林,2024-06-19,5381
2820,華票,10,0,10,第一金-員林,2024-06-19,5381
5381,合正,10,0,10,第一金-員林,2024-06-19,5381
8011,台通,10,0,10,第一金-員林,2024-06-19,5381
8028,昇陽半導體,14,4,10,第一金-員林,2024-06-19,5381
9105,泰金寶-DR,55,45,10,第一金-員林,2024-06-19,5381
9933,中鼎,11,2,9,第一金-員林,2024-06-19,5381
6116,彩晶,9,0,9,第一金-員林,2024-06-19,5381
1316,上曜,11,2,9,第一金-員林,2024-06-19,5381
3312,弘憶股,9,0,9,第一金-員林,2024-06-19,5381
6207,雷科,12,3,9,第一金-員林,2024-06-19,5381
3013,晟銘電,9,0,9,第一金-員林,2024-06-19,5381
1215,卜蜂,8,0,8,第一金-員林,2024-06-19,5381
1570,力肯,8,0,8,第一金-員林,2024-06-19,5381
3609,三一東林,8,0,8,第一金-員林,2024-06-19,5381
1303,南亞,201,0,201,第一金-員林,2024-06-20,5381
2915,潤泰全,160,23,137,第一金-員林,2024-06-20,5381
3481,群創,111,3,108,第一金-員林,2024-06-20,5381
00937B,群益ESG投等債20,107,10,97,第一金-員林,2024-06-20,5381
3149,正達,67,0,67,第一金-員林,2024-06-20,5381
00632R,元大台灣50反1,55,0,55,第一金-員林,2024-06-20,5381
2888,新光金,57,3,54,第一金-員林,2024-06-20,5381
00940,元大台灣價值高息,42,0,42,第一金-員林,2024-06-20,5381
2330,台積電,39,2,37,第一金-員林,2024-06-20,5381
2353,宏��,31,0,31,第一金-員林,2024-06-20,5381
00946,群益科技高息成長,31,0,31,第一金-員林,2024-06-20,5381
2412,中華電,30,0,30,第一金-員林,2024-06-20,5381
5880,合庫金,30,0,30,第一金-員林,2024-06-20,5381
8076,伍豐,30,0,30,第一金-員林,2024-06-20,5381
3265,台星科,30,6,24,第一金-員林,2024-06-20,5381
6531,愛普*,24,0,24,第一金-員林,2024-06-20,5381
2365,昆盈,100,77,23,第一金-員林,2024-06-20,5381
2323,中環,23,0,23,第一金-員林,2024-06-20,5381
00936,台新永續高息中小,51,29,22,第一金-員林,2024-06-20,5381
6152,百一,21,0,21,第一金-員林,2024-06-20,5381
3515,華擎,20,0,20,第一金-員林,2024-06-20,5381
00712,復華富時不動產,20,0,20,第一金-員林,2024-06-20,5381
00687B,國泰20年美債,18,0,18,第一金-員林,2024-06-20,5381
8234,新漢,18,1,17,第一金-員林,2024-06-20,5381
00919,群益台灣精選高息,80,65,15,第一金-員林,2024-06-20,5381
1319,東陽,15,0,15,第一金-員林,2024-06-20,5381
2618,長榮航,22,7,15,第一金-員林,2024-06-20,5381
3705,永信,15,0,15,第一金-員林,2024-06-20,5381
3374,精材,30,16,14,第一金-員林,2024-06-20,5381
2316,楠梓電,15,3,12,第一金-員林,2024-06-20,5381
2816,旺旺保,12,0,12,第一金-員林,2024-06-20,5381
2356,英業達,38,27,11,第一金-員林,2024-06-20,5381
2376,技嘉,11,0,11,第一金-員林,2024-06-20,5381
2440,太空梭,11,0,11,第一金-員林,2024-06-20,5381
6161,捷波,15,4,11,第一金-員林,2024-06-20,5381
00665L,富邦�琤肭磪囓�2,210,200,10,第一金-員林,2024-06-20,5381
2312,金寶,10,0,10,第一金-員林,2024-06-20,5381
3049,精金,10,0,10,第一金-員林,2024-06-20,5381
3419,譁裕,10,0,10,第一金-員林,2024-06-20,5381
6182,合晶,10,0,10,第一金-員林,2024-06-20,5381
6548,長科*,10,0,10,第一金-員林,2024-06-20,5381
3016,嘉晶,10,1,9,第一金-員林,2024-06-20,5381
3264,欣銓,10,1,9,第一金-員林,2024-06-20,5381
4915,致伸,9,0,9,第一金-員林,2024-06-20,5381
1309,台達化,8,0,8,第一金-員林,2024-06-20,5381
2371,大同,24,16,8,第一金-員林,2024-06-20,5381
2610,華航,27,19,8,第一金-員林,2024-06-20,5381
3227,原相,11,3,8,第一金-員林,2024-06-20,5381
4128,中天,8,0,8,第一金-員林,2024-06-20,5381
6125,廣運,9,1,8,第一金-員林,2024-06-20,5381
00937B,群益ESG投等債20,142,5,137,第一金-員林,2024-06-21,5381
00919,群益台灣精選高息,93,28,65,第一金-員林,2024-06-21,5381
00929,復華台灣科技優息,95,34,61,第一金-員林,2024-06-21,5381
1326,台化,55,0,55,第一金-員林,2024-06-21,5381
3521,鴻翊,41,0,41,第一金-員林,2024-06-21,5381
1709,和益,60,21,39,第一金-員林,2024-06-21,5381
2317,鴻海,54,18,36,第一金-員林,2024-06-21,5381
6770,力積電,33,1,32,第一金-員林,2024-06-21,5381
2014,中鴻,30,0,30,第一金-員林,2024-06-21,5381
00632R,元大台灣50反1,30,1,29,第一金-員林,2024-06-21,5381
00673R,期元大S＆P原油反1,25,0,25,第一金-員林,2024-06-21,5381
6117,迎廣,38,15,23,第一金-員林,2024-06-21,5381
3675,德微,24,1,23,第一金-員林,2024-06-21,5381
3363,上詮,21,0,21,第一金-員林,2024-06-21,5381
00637L,元大滬深300正2,24,4,20,第一金-員林,2024-06-21,5381
00650L,復華香港正2,20,0,20,第一金-員林,2024-06-21,5381
2613,中櫃,20,0,20,第一金-員林,2024-06-21,5381
3265,台星科,24,4,20,第一金-員林,2024-06-21,5381
2301,光寶科,19,0,19,第一金-員林,2024-06-21,5381
3712,永崴投控,19,0,19,第一金-員林,2024-06-21,5381
00936,台新永續高息中小,39,20,19,第一金-員林,2024-06-21,5381
912000,晨訊科-DR,18,0,18,第一金-員林,2024-06-21,5381
2515,中工,16,0,16,第一金-員林,2024-06-21,5381
00679B,元大美債20年,28,13,15,第一金-員林,2024-06-21,5381
00687B,國泰20年美債,28,13,15,第一金-員林,2024-06-21,5381
00942B,台新美A公司債20+,15,0,15,第一金-員林,2024-06-21,5381
2412,中華電,17,2,15,第一金-員林,2024-06-21,5381
3515,華擎,15,0,15,第一金-員林,2024-06-21,5381
00885,富邦越南,14,0,14,第一金-員林,2024-06-21,5381
2440,太空梭,12,0,12,第一金-員林,2024-06-21,5381
3227,原相,12,0,12,第一金-員林,2024-06-21,5381
4956,光鋐,19,7,12,第一金-員林,2024-06-21,5381
2834,臺企銀,14,2,12,第一金-員林,2024-06-21,5381
1301,台塑,13,2,11,第一金-員林,2024-06-21,5381
2455,全新,12,1,11,第一金-員林,2024-06-21,5381
00902,中信電池及儲能,10,0,10,第一金-員林,2024-06-21,5381
1802,台玻,10,0,10,第一金-員林,2024-06-21,5381
6449,鈺邦,11,1,10,第一金-員林,2024-06-21,5381
4960,誠美材,10,0,10,第一金-員林,2024-06-21,5381
3715,定穎投控,10,1,9,第一金-員林,2024-06-21,5381
8936,國統,12,4,8,第一金-員林,2024-06-21,5381
2537,聯上發,10,2,8,第一金-員林,2024-06-21,5381
3705,永信,8,0,8,第一金-員林,2024-06-21,5381
3706,神達,13,5,8,第一金-員林,2024-06-21,5381
4726,永昕,11,3,8,第一金-員林,2024-06-21,5381
2371,大同,9,1,8,第一金-員林,2024-06-21,5381
1101,台泥,17,10,7,第一金-員林,2024-06-21,5381
00946,群益科技高息成長,18,11,7,第一金-員林,2024-06-21,5381
2367,燿華,10,3,7,第一金-員林,2024-06-21,5381
3679,新至陞,7,0,7,第一金-員林,2024-06-21,5381
00632R,元大台灣50反1,1000,5,995,第一金-員林,2024-06-24,5381
3481,群創,925,157,768,第一金-員林,2024-06-24,5381
2834,臺企銀,218,2,216,第一金-員林,2024-06-24,5381
00919,群益台灣精選高息,182,29,153,第一金-員林,2024-06-24,5381
00937B,群益ESG投等債20,123,11,112,第一金-員林,2024-06-24,5381
00940,元大台灣價值高息,129,55,74,第一金-員林,2024-06-24,5381
1815,富喬,84,18,66,第一金-員林,2024-06-24,5381
3047,訊舟,115,58,57,第一金-員林,2024-06-24,5381
00881,國泰台灣5G+,62,6,56,第一金-員林,2024-06-24,5381
6425,易發,57,2,55,第一金-員林,2024-06-24,5381
1326,台化,51,0,51,第一金-員林,2024-06-24,5381
00665L,富邦�琤肭磪囓�2,110,60,50,第一金-員林,2024-06-24,5381
00946,群益科技高息成長,45,0,45,第一金-員林,2024-06-24,5381
9105,泰金寶-DR,76,34,42,第一金-員林,2024-06-24,5381
4414,如興,40,0,40,第一金-員林,2024-06-24,5381
00936,台新永續高息中小,38,0,38,第一金-員林,2024-06-24,5381
00687B,國泰20年美債,49,12,37,第一金-員林,2024-06-24,5381
6116,彩晶,36,2,34,第一金-員林,2024-06-24,5381
2025,千興,30,0,30,第一金-員林,2024-06-24,5381
4303,信立,30,0,30,第一金-員林,2024-06-24,5381
2615,萬海,47,18,29,第一金-員林,2024-06-24,5381
00939,統一台灣高息動能,27,0,27,第一金-員林,2024-06-24,5381
5443,均豪,32,5,27,第一金-員林,2024-06-24,5381
6431,光麗-KY,24,0,24,第一金-員林,2024-06-24,5381
2353,宏��,24,2,22,第一金-員林,2024-06-24,5381
3432,台端,22,0,22,第一金-員林,2024-06-24,5381
2913,農林,21,0,21,第一金-員林,2024-06-24,5381
2332,友訊,20,0,20,第一金-員林,2024-06-24,5381
3521,鴻翊,20,0,20,第一金-員林,2024-06-24,5381
2347,聯強,19,0,19,第一金-員林,2024-06-24,5381
2438,翔耀,19,0,19,第一金-員林,2024-06-24,5381
6770,力積電,22,3,19,第一金-員林,2024-06-24,5381
1314,中石化,20,3,17,第一金-員林,2024-06-24,5381
2401,凌陽,28,11,17,第一金-員林,2024-06-24,5381
2330,台積電,18,2,16,第一金-員林,2024-06-24,5381
2891,中信金,20,4,16,第一金-員林,2024-06-24,5381
3033,威健,15,0,15,第一金-員林,2024-06-24,5381
6117,迎廣,19,4,15,第一金-員林,2024-06-24,5381
2317,鴻海,42,27,15,第一金-員林,2024-06-24,5381
1301,台塑,14,0,14,第一金-員林,2024-06-24,5381
1709,和益,15,1,14,第一金-員林,2024-06-24,5381
00885,富邦越南,13,0,13,第一金-員林,2024-06-24,5381
3025,星通,19,6,13,第一金-員林,2024-06-24,5381
1409,新纖,13,0,13,第一金-員林,2024-06-24,5381
2337,旺宏,13,0,13,第一金-員林,2024-06-24,5381
3231,緯創,15,2,13,第一金-員林,2024-06-24,5381
5469,瀚宇博,12,0,12,第一金-員林,2024-06-24,5381
6695,芯鼎,21,9,12,第一金-員林,2024-06-24,5381
00878,國泰永續高股息,19,8,11,第一金-員林,2024-06-24,5381
1785,光洋科,45,34,11,第一金-員林,2024-06-24,5381
3481,群創,266,47,219,第一金-員林,2024-06-25,5381
9105,泰金寶-DR,102,33,69,第一金-員林,2024-06-25,5381
00929,復華台灣科技優息,72,6,66,第一金-員林,2024-06-25,5381
6111,大宇資,63,3,60,第一金-員林,2024-06-25,5381
00946,群益科技高息成長,48,0,48,第一金-員林,2024-06-25,5381
00673R,期元大S＆P原油反1,45,0,45,第一金-員林,2024-06-25,5381
5871,中租-KY,41,0,41,第一金-員林,2024-06-25,5381
2365,昆盈,58,23,35,第一金-員林,2024-06-25,5381
2352,佳世達,36,6,30,第一金-員林,2024-06-25,5381
00940,元大台灣價值高息,47,21,26,第一金-員林,2024-06-25,5381
2002,中鋼,26,0,26,第一金-員林,2024-06-25,5381
2409,友達,34,9,25,第一金-員林,2024-06-25,5381
00936,台新永續高息中小,23,0,23,第一金-員林,2024-06-25,5381
1449,佳和,22,0,22,第一金-員林,2024-06-25,5381
00878,國泰永續高股息,22,1,21,第一金-員林,2024-06-25,5381
00881,國泰台灣5G+,22,3,19,第一金-員林,2024-06-25,5381
2542,興富發,18,0,18,第一金-員林,2024-06-25,5381
9103,美德醫療-DR,18,0,18,第一金-員林,2024-06-25,5381
6117,迎廣,26,10,16,第一金-員林,2024-06-25,5381
2834,臺企銀,17,1,16,第一金-員林,2024-06-25,5381
00680L,元大美債20正2,15,0,15,第一金-員林,2024-06-25,5381
3035,智原,16,1,15,第一金-員林,2024-06-25,5381
1905,華紙,14,0,14,第一金-員林,2024-06-25,5381
6431,光麗-KY,14,0,14,第一金-員林,2024-06-25,5381
00915,凱基優選高股息30,13,0,13,第一金-員林,2024-06-25,5381
2515,中工,13,0,13,第一金-員林,2024-06-25,5381
3450,聯鈞,18,6,12,第一金-員林,2024-06-25,5381
3663,鑫科,18,7,11,第一金-員林,2024-06-25,5381
6695,芯鼎,21,11,10,第一金-員林,2024-06-25,5381
2376,技嘉,12,2,10,第一金-員林,2024-06-25,5381
00916,國泰全球品牌50,10,0,10,第一金-員林,2024-06-25,5381
1321,大洋,10,0,10,第一金-員林,2024-06-25,5381
2472,立隆電,11,1,10,第一金-員林,2024-06-25,5381
2495,普安,10,0,10,第一金-員林,2024-06-25,5381
2537,聯上發,11,1,10,第一金-員林,2024-06-25,5381
3515,華擎,12,2,10,第一金-員林,2024-06-25,5381
4306,炎洲,10,0,10,第一金-員林,2024-06-25,5381
2367,燿華,14,4,10,第一金-員林,2024-06-25,5381
1301,台塑,11,1,10,第一金-員林,2024-06-25,5381
00937B,群益ESG投等債20,12,2,10,第一金-員林,2024-06-25,5381
3231,緯創,14,5,9,第一金-員林,2024-06-25,5381
2317,鴻海,81,72,9,第一金-員林,2024-06-25,5381
1815,富喬,12,3,9,第一金-員林,2024-06-25,5381
00676R,富邦臺灣加權反1,9,0,9,第一金-員林,2024-06-25,5381
2312,金寶,17,8,9,第一金-員林,2024-06-25,5381
2913,農林,11,2,9,第一金-員林,2024-06-25,5381
8110,華東,10,1,9,第一金-員林,2024-06-25,5381
2603,長榮,29,21,8,第一金-員林,2024-06-25,5381
3390,旭軟,8,0,8,第一金-員林,2024-06-25,5381
3432,台端,8,0,8,第一金-員林,2024-06-25,5381
8046,南電,70,0,70,第一金-員林,2024-06-26,5381
2002,中鋼,67,1,66,第一金-員林,2024-06-26,5381
2409,友達,57,0,57,第一金-員林,2024-06-26,5381
9105,泰金寶-DR,110,53,57,第一金-員林,2024-06-26,5381
2812,台中銀,49,0,49,第一金-員林,2024-06-26,5381
2317,鴻海,64,21,43,第一金-員林,2024-06-26,5381
00687B,國泰20年美債,40,2,38,第一金-員林,2024-06-26,5381
3149,正達,31,0,31,第一金-員林,2024-06-26,5381
2515,中工,31,1,30,第一金-員林,2024-06-26,5381
00665L,富邦�琤肭磪囓�2,90,63,27,第一金-員林,2024-06-26,5381
3019,亞光,26,1,25,第一金-員林,2024-06-26,5381
3036,文曄,31,8,23,第一金-員林,2024-06-26,5381
3432,台端,22,1,21,第一金-員林,2024-06-26,5381
5009,榮剛,21,0,21,第一金-員林,2024-06-26,5381
2464,盟立,23,3,20,第一金-員林,2024-06-26,5381
1440,南紡,20,0,20,第一金-員林,2024-06-26,5381
00929,復華台灣科技優息,39,20,19,第一金-員林,2024-06-26,5381
2882,國泰金,17,0,17,第一金-員林,2024-06-26,5381
3374,精材,23,7,16,第一金-員林,2024-06-26,5381
6449,鈺邦,31,15,16,第一金-員林,2024-06-26,5381
2401,凌陽,38,23,15,第一金-員林,2024-06-26,5381
6116,彩晶,15,0,15,第一金-員林,2024-06-26,5381
2609,陽明,25,10,15,第一金-員林,2024-06-26,5381
5210,寶碩,14,0,14,第一金-員林,2024-06-26,5381
1301,台塑,14,0,14,第一金-員林,2024-06-26,5381
2374,佳能,13,0,13,第一金-員林,2024-06-26,5381
3580,友威科,13,0,13,第一金-員林,2024-06-26,5381
2603,長榮,22,9,13,第一金-員林,2024-06-26,5381
6257,矽格,14,1,13,第一金-員林,2024-06-26,5381
2399,映泰,13,1,12,第一金-員林,2024-06-26,5381
2913,農林,22,10,12,第一金-員林,2024-06-26,5381
2438,翔耀,11,0,11,第一金-員林,2024-06-26,5381
1532,勤美,12,1,11,第一金-員林,2024-06-26,5381
3481,群創,95,84,11,第一金-員林,2024-06-26,5381
2618,長榮航,112,102,10,第一金-員林,2024-06-26,5381
2337,旺宏,10,0,10,第一金-員林,2024-06-26,5381
2892,第一金,10,0,10,第一金-員林,2024-06-26,5381
4114,健喬,10,0,10,第一金-員林,2024-06-26,5381
4503,金雨,10,0,10,第一金-員林,2024-06-26,5381
6167,久正,10,0,10,第一金-員林,2024-06-26,5381
6441,廣錠,10,0,10,第一金-員林,2024-06-26,5381
2382,廣達,27,17,10,第一金-員林,2024-06-26,5381
00713,元大台灣高息低波,10,0,10,第一金-員林,2024-06-26,5381
2353,宏��,12,3,9,第一金-員林,2024-06-26,5381
00919,群益台灣精選高息,23,14,9,第一金-員林,2024-06-26,5381
00946,群益科技高息成長,9,0,9,第一金-員林,2024-06-26,5381
6140,訊達,10,1,9,第一金-員林,2024-06-26,5381
5880,合庫金,9,0,9,第一金-員林,2024-06-26,5381
00881,國泰台灣5G+,16,7,9,第一金-員林,2024-06-26,5381
2615,萬海,93,85,8,第一金-員林,2024-06-26,5381
00650L,復華香港正2,164,2,162,第一金-員林,2024-06-27,5381
00937B,群益ESG投等債20,149,0,149,第一金-員林,2024-06-27,5381
9105,泰金寶-DR,201,76,125,第一金-員林,2024-06-27,5381
00929,復華台灣科技優息,78,0,78,第一金-員林,2024-06-27,5381
00687B,國泰20年美債,45,0,45,第一金-員林,2024-06-27,5381
00933B,國泰10Y+金融債,40,0,40,第一金-員林,2024-06-27,5381
3149,正達,59,21,38,第一金-員林,2024-06-27,5381
2515,中工,34,1,33,第一金-員林,2024-06-27,5381
00946,群益科技高息成長,32,0,32,第一金-員林,2024-06-27,5381
2883,凱基金,29,1,28,第一金-員林,2024-06-27,5381
2537,聯上發,27,0,27,第一金-員林,2024-06-27,5381
00919,群益台灣精選高息,32,8,24,第一金-員林,2024-06-27,5381
4168,醣聯,24,0,24,第一金-員林,2024-06-27,5381
00881,國泰台灣5G+,26,3,23,第一金-員林,2024-06-27,5381
6438,迅得,23,0,23,第一金-員林,2024-06-27,5381
00878,國泰永續高股息,23,2,21,第一金-員林,2024-06-27,5381
5521,工信,19,0,19,第一金-員林,2024-06-27,5381
00679B,元大美債20年,18,0,18,第一金-員林,2024-06-27,5381
3483,力致,18,0,18,第一金-員林,2024-06-27,5381
6147,頎邦,18,0,18,第一金-員林,2024-06-27,5381
6425,易發,18,0,18,第一金-員林,2024-06-27,5381
2506,太設,17,0,17,第一金-員林,2024-06-27,5381
4167,松瑞藥,71,54,17,第一金-員林,2024-06-27,5381
1605,華新,17,2,15,第一金-員林,2024-06-27,5381
6116,彩晶,15,0,15,第一金-員林,2024-06-27,5381
2885,元大金,15,0,15,第一金-員林,2024-06-27,5381
2353,宏��,16,1,15,第一金-員林,2024-06-27,5381
3535,晶彩科,27,12,15,第一金-員林,2024-06-27,5381
6806,森崴能源,30,15,15,第一金-員林,2024-06-27,5381
3576,聯合再生,109,94,15,第一金-員林,2024-06-27,5381
00882,中信中國高股息,18,4,14,第一金-員林,2024-06-27,5381
00940,元大台灣價值高息,45,32,13,第一金-員林,2024-06-27,5381
00942B,台新美A公司債20+,12,0,12,第一金-員林,2024-06-27,5381
1319,東陽,13,1,12,第一金-員林,2024-06-27,5381
1762,中化生,16,4,12,第一金-員林,2024-06-27,5381
2495,普安,12,0,12,第一金-員林,2024-06-27,5381
2887,台新金,12,0,12,第一金-員林,2024-06-27,5381
4938,和碩,12,0,12,第一金-員林,2024-06-27,5381
5210,寶碩,12,0,12,第一金-員林,2024-06-27,5381
2376,技嘉,12,1,11,第一金-員林,2024-06-27,5381
00927,群益半導體收益,11,0,11,第一金-員林,2024-06-27,5381
2379,瑞昱,10,0,10,第一金-員林,2024-06-27,5381
1506,正道,10,0,10,第一金-員林,2024-06-27,5381
8011,台通,10,0,10,第一金-員林,2024-06-27,5381
5871,中租-KY,10,0,10,第一金-員林,2024-06-27,5381
2809,京城銀,9,0,9,第一金-員林,2024-06-27,5381
2002,中鋼,17,8,9,第一金-員林,2024-06-27,5381
1337,再生-KY,9,0,9,第一金-員林,2024-06-27,5381
2324,仁寶,10,1,9,第一金-員林,2024-06-27,5381
4739,康普,13,4,9,第一金-員林,2024-06-27,5381
00688L,國泰20年美債正2,405,0,405,第一金-員林,2024-06-28,5381
2834,臺企銀,209,0,209,第一金-員林,2024-06-28,5381
00937B,群益ESG投等債20,113,0,113,第一金-員林,2024-06-28,5381
9103,美德醫療-DR,79,0,79,第一金-員林,2024-06-28,5381
00915,凱基優選高股息30,77,0,77,第一金-員林,2024-06-28,5381
3576,聯合再生,126,52,74,第一金-員林,2024-06-28,5381
3481,群創,58,2,56,第一金-員林,2024-06-28,5381
00665L,富邦�琤肭磪囓�2,175,120,55,第一金-員林,2024-06-28,5381
2883B,凱基金乙特,50,0,50,第一金-員林,2024-06-28,5381
00936,台新永續高息中小,40,0,40,第一金-員林,2024-06-28,5381
00673R,期元大S＆P原油反1,35,0,35,第一金-員林,2024-06-28,5381
00919,群益台灣精選高息,59,30,29,第一金-員林,2024-06-28,5381
3312,弘憶股,79,51,28,第一金-員林,2024-06-28,5381
2349,錸德,27,0,27,第一金-員林,2024-06-28,5381
00918,大華優利高填息30,23,0,23,第一金-員林,2024-06-28,5381
5871,中租-KY,22,0,22,第一金-員林,2024-06-28,5381
6125,廣運,25,3,22,第一金-員林,2024-06-28,5381
0056,元大高股息,21,0,21,第一金-員林,2024-06-28,5381
5371,中光電,20,0,20,第一金-員林,2024-06-28,5381
1301,台塑,18,0,18,第一金-員林,2024-06-28,5381
3047,訊舟,27,9,18,第一金-員林,2024-06-28,5381
2520,冠德,17,0,17,第一金-員林,2024-06-28,5381
00712,復華富時不動產,17,1,16,第一金-員林,2024-06-28,5381
4119,旭富,14,0,14,第一金-員林,2024-06-28,5381
3231,緯創,13,0,13,第一金-員林,2024-06-28,5381
2301,光寶科,12,0,12,第一金-員林,2024-06-28,5381
2887,台新金,12,0,12,第一金-員林,2024-06-28,5381
3580,友威科,14,2,12,第一金-員林,2024-06-28,5381
4167,松瑞藥,15,3,12,第一金-員林,2024-06-28,5381
6244,茂迪,29,17,12,第一金-員林,2024-06-28,5381
6425,易發,15,3,12,第一金-員林,2024-06-28,5381
1101,台泥,23,11,12,第一金-員林,2024-06-28,5381
00679B,元大美債20年,16,5,11,第一金-員林,2024-06-28,5381
1504,東元,13,2,11,第一金-員林,2024-06-28,5381
2312,金寶,13,2,11,第一金-員林,2024-06-28,5381
6449,鈺邦,17,6,11,第一金-員林,2024-06-28,5381
00680L,元大美債20正2,10,0,10,第一金-員林,2024-06-28,5381
00720B,元大投資級公司債,10,0,10,第一金-員林,2024-06-28,5381
2376,技嘉,10,0,10,第一金-員林,2024-06-28,5381
2379,瑞昱,10,0,10,第一金-員林,2024-06-28,5381
2417,圓剛,20,10,10,第一金-員林,2024-06-28,5381
3048,益登,13,3,10,第一金-員林,2024-06-28,5381
3432,台端,10,0,10,第一金-員林,2024-06-28,5381
3515,華擎,10,0,10,第一金-員林,2024-06-28,5381
3520,華盈,33,23,10,第一金-員林,2024-06-28,5381
4171,瑞基,10,0,10,第一金-員林,2024-06-28,5381
5210,寶碩,10,0,10,第一金-員林,2024-06-28,5381
5230,雷笛克光學,11,1,10,第一金-員林,2024-06-28,5381
6163,華電網,10,0,10,第一金-員林,2024-06-28,5381
6275,元山,10,0,10,第一金-員林,2024-06-28,5381
2834,臺企銀,300,1,299,第一金-員林,2024-07-01,5381
00937B,群益ESG投等債20,178,18,160,第一金-員林,2024-07-01,5381
00929,復華台灣科技優息,133,7,126,第一金-員林,2024-07-01,5381
2882,國泰金,116,4,112,第一金-員林,2024-07-01,5381
9910,豐泰,110,9,101,第一金-員林,2024-07-01,5381
9105,泰金寶-DR,134,34,100,第一金-員林,2024-07-01,5381
00942B,台新美A公司債20+,66,0,66,第一金-員林,2024-07-01,5381
00948B,中信優息投資級債,64,0,64,第一金-員林,2024-07-01,5381
4534,慶騰,50,1,49,第一金-員林,2024-07-01,5381
00679B,元大美債20年,48,1,47,第一金-員林,2024-07-01,5381
1605,華新,50,4,46,第一金-員林,2024-07-01,5381
1513,中興電,43,4,39,第一金-員林,2024-07-01,5381
2349,錸德,40,4,36,第一金-員林,2024-07-01,5381
3580,友威科,35,1,34,第一金-員林,2024-07-01,5381
00936,台新永續高息中小,28,0,28,第一金-員林,2024-07-01,5381
9103,美德醫療-DR,28,0,28,第一金-員林,2024-07-01,5381
2337,旺宏,40,14,26,第一金-員林,2024-07-01,5381
2801,彰銀,32,6,26,第一金-員林,2024-07-01,5381
0056,元大高股息,24,2,22,第一金-員林,2024-07-01,5381
2883,凱基金,26,4,22,第一金-員林,2024-07-01,5381
00725B,國泰投資級公司債,20,0,20,第一金-員林,2024-07-01,5381
6112,邁達特,20,0,20,第一金-員林,2024-07-01,5381
2365,昆盈,212,194,18,第一金-員林,2024-07-01,5381
2362,藍天,19,1,18,第一金-員林,2024-07-01,5381
2363,矽統,18,1,17,第一金-員林,2024-07-01,5381
00933B,國泰10Y+金融債,16,0,16,第一金-員林,2024-07-01,5381
1316,上曜,18,3,15,第一金-員林,2024-07-01,5381
2489,瑞軒,16,1,15,第一金-員林,2024-07-01,5381
6438,迅得,15,0,15,第一金-員林,2024-07-01,5381
00680L,元大美債20正2,19,5,14,第一金-員林,2024-07-01,5381
2324,仁寶,14,1,13,第一金-員林,2024-07-01,5381
8071,能率網通,13,0,13,第一金-員林,2024-07-01,5381
6414,樺漢,12,0,12,第一金-員林,2024-07-01,5381
00688L,國泰20年美債正2,11,0,11,第一金-員林,2024-07-01,5381
5474,聰泰,12,1,11,第一金-員林,2024-07-01,5381
2313,華通,84,73,11,第一金-員林,2024-07-01,5381
00878,國泰永續高股息,15,4,11,第一金-員林,2024-07-01,5381
5009,榮剛,10,0,10,第一金-員林,2024-07-01,5381
00665L,富邦�琤肭磪囓�2,60,50,10,第一金-員林,2024-07-01,5381
00655L,國泰中國A50正2,10,0,10,第一金-員林,2024-07-01,5381
00637L,元大滬深300正2,10,0,10,第一金-員林,2024-07-01,5381
2025,千興,10,0,10,第一金-員林,2024-07-01,5381
2371,大同,10,0,10,第一金-員林,2024-07-01,5381
2376,技嘉,11,1,10,第一金-員林,2024-07-01,5381
2467,志聖,12,2,10,第一金-員林,2024-07-01,5381
2851,中再保,10,0,10,第一金-員林,2024-07-01,5381
4114,健喬,10,0,10,第一金-員林,2024-07-01,5381
6180,橘子,10,0,10,第一金-員林,2024-07-01,5381
2359,所羅門,28,19,9,第一金-員林,2024-07-01,5381
2347,聯強,9,0,9,第一金-員林,2024-07-01,5381
00934,中信成長高股息,140,3,137,第一金-員林,2024-07-02,5381
2317,鴻海,126,23,103,第一金-員林,2024-07-02,5381
0056,元大高股息,100,1,99,第一金-員林,2024-07-02,5381
00936,台新永續高息中小,74,0,74,第一金-員林,2024-07-02,5381
00919,群益台灣精選高息,80,10,70,第一金-員林,2024-07-02,5381
00929,復華台灣科技優息,153,86,67,第一金-員林,2024-07-02,5381
00937B,群益ESG投等債20,71,5,66,第一金-員林,2024-07-02,5381
3481,群創,64,1,63,第一金-員林,2024-07-02,5381
2888,新光金,62,7,55,第一金-員林,2024-07-02,5381
9105,泰金寶-DR,204,154,50,第一金-員林,2024-07-02,5381
1446,宏和,48,0,48,第一金-員林,2024-07-02,5381
2303,聯電,46,1,45,第一金-員林,2024-07-02,5381
2365,昆盈,154,112,42,第一金-員林,2024-07-02,5381
00687B,國泰20年美債,29,2,27,第一金-員林,2024-07-02,5381
00948B,中信優息投資級債,26,0,26,第一金-員林,2024-07-02,5381
00680L,元大美債20正2,23,0,23,第一金-員林,2024-07-02,5381
00915,凱基優選高股息30,23,0,23,第一金-員林,2024-07-02,5381
00927,群益半導體收益,26,5,21,第一金-員林,2024-07-02,5381
2409,友達,21,0,21,第一金-員林,2024-07-02,5381
00679B,元大美債20年,27,6,21,第一金-員林,2024-07-02,5381
00942B,台新美A公司債20+,20,0,20,第一金-員林,2024-07-02,5381
00933B,國泰10Y+金融債,19,0,19,第一金-員林,2024-07-02,5381
2362,藍天,20,1,19,第一金-員林,2024-07-02,5381
6026,福邦證,20,1,19,第一金-員林,2024-07-02,5381
2397,友通,18,0,18,第一金-員林,2024-07-02,5381
2354,鴻準,18,1,17,第一金-員林,2024-07-02,5381
2495,普安,19,2,17,第一金-員林,2024-07-02,5381
2887,台新金,17,0,17,第一金-員林,2024-07-02,5381
8046,南電,16,0,16,第一金-員林,2024-07-02,5381
2913,農林,29,13,16,第一金-員林,2024-07-02,5381
6139,亞翔,17,2,15,第一金-員林,2024-07-02,5381
1513,中興電,15,0,15,第一金-員林,2024-07-02,5381
2324,仁寶,15,0,15,第一金-員林,2024-07-02,5381
9910,豐泰,15,0,15,第一金-員林,2024-07-02,5381
6425,易發,14,0,14,第一金-員林,2024-07-02,5381
9110,越南控-DR,14,0,14,第一金-員林,2024-07-02,5381
2329,華泰,13,0,13,第一金-員林,2024-07-02,5381
1310,台苯,12,0,12,第一金-員林,2024-07-02,5381
4909,新復興,24,12,12,第一金-員林,2024-07-02,5381
00688L,國泰20年美債正2,11,0,11,第一金-員林,2024-07-02,5381
1316,上曜,11,0,11,第一金-員林,2024-07-02,5381
1783,和康生,11,0,11,第一金-員林,2024-07-02,5381
2312,金寶,12,1,11,第一金-員林,2024-07-02,5381
5230,雷笛克光學,11,0,11,第一金-員林,2024-07-02,5381
00725B,國泰投資級公司債,10,0,10,第一金-員林,2024-07-02,5381
1504,東元,10,0,10,第一金-員林,2024-07-02,5381
1809,中釉,10,0,10,第一金-員林,2024-07-02,5381
2376,技嘉,10,0,10,第一金-員林,2024-07-02,5381
2845,遠東銀,10,0,10,第一金-員林,2024-07-02,5381
4414,如興,10,0,10,第一金-員林,2024-07-02,5381
00680L,元大美債20正2,212,0,212,第一金-員林,2024-07-03,5381
2344,華邦電,103,5,98,第一金-員林,2024-07-03,5381
00937B,群益ESG投等債20,59,0,59,第一金-員林,2024-07-03,5381
3005,神基,53,3,50,第一金-員林,2024-07-03,5381
00934,中信成長高股息,45,2,43,第一金-員林,2024-07-03,5381
00935,野村臺灣新科技50,42,0,42,第一金-員林,2024-07-03,5381
2913,農林,58,19,39,第一金-員林,2024-07-03,5381
2481,強茂,60,25,35,第一金-員林,2024-07-03,5381
2317,鴻海,46,13,33,第一金-員林,2024-07-03,5381
00949,復華日本龍頭,31,0,31,第一金-員林,2024-07-03,5381
00918,大華優利高填息30,46,20,26,第一金-員林,2024-07-03,5381
6244,茂迪,30,5,25,第一金-員林,2024-07-03,5381
6425,易發,28,3,25,第一金-員林,2024-07-03,5381
00948B,中信優息投資級債,21,0,21,第一金-員林,2024-07-03,5381
2356,英業達,22,1,21,第一金-員林,2024-07-03,5381
2406,國碩,31,11,20,第一金-員林,2024-07-03,5381
1785,光洋科,33,13,20,第一金-員林,2024-07-03,5381
8084,巨虹,20,0,20,第一金-員林,2024-07-03,5381
00915,凱基優選高股息30,21,3,18,第一金-員林,2024-07-03,5381
2834,臺企銀,21,3,18,第一金-員林,2024-07-03,5381
00929,復華台灣科技優息,22,4,18,第一金-員林,2024-07-03,5381
2312,金寶,20,4,16,第一金-員林,2024-07-03,5381
2915,潤泰全,22,6,16,第一金-員林,2024-07-03,5381
6026,福邦證,16,0,16,第一金-員林,2024-07-03,5381
2105,正新,15,0,15,第一金-員林,2024-07-03,5381
00902,中信電池及儲能,15,0,15,第一金-員林,2024-07-03,5381
00687B,國泰20年美債,15,0,15,第一金-員林,2024-07-03,5381
2867,三商壽,15,0,15,第一金-員林,2024-07-03,5381
5484,慧友,15,0,15,第一金-員林,2024-07-03,5381
00936,台新永續高息中小,14,0,14,第一金-員林,2024-07-03,5381
2888,新光金,25,11,14,第一金-員林,2024-07-03,5381
3481,群創,32,18,14,第一金-員林,2024-07-03,5381
3047,訊舟,50,37,13,第一金-員林,2024-07-03,5381
6806,森崴能源,16,3,13,第一金-員林,2024-07-03,5381
00706L,期元大S＆P日圓正2,12,0,12,第一金-員林,2024-07-03,5381
00933B,國泰10Y+金融債,16,5,11,第一金-員林,2024-07-03,5381
1709,和益,11,0,11,第一金-員林,2024-07-03,5381
6288,聯嘉,12,1,11,第一金-員林,2024-07-03,5381
1603,華電,10,0,10,第一金-員林,2024-07-03,5381
1809,中釉,10,0,10,第一金-員林,2024-07-03,5381
2489,瑞軒,10,0,10,第一金-員林,2024-07-03,5381
2520,冠德,10,0,10,第一金-員林,2024-07-03,5381
3011,今皓,10,0,10,第一金-員林,2024-07-03,5381
6121,新普,10,0,10,第一金-員林,2024-07-03,5381
6477,安集,23,13,10,第一金-員林,2024-07-03,5381
4743,合一,10,1,9,第一金-員林,2024-07-03,5381
2367,燿華,20,11,9,第一金-員林,2024-07-03,5381
1582,信錦,9,0,9,第一金-員林,2024-07-03,5381
2354,鴻準,10,1,9,第一金-員林,2024-07-03,5381
3537,堡達,9,0,9,第一金-員林,2024-07-03,5381
9105,泰金寶-DR,154,94,60,第一金-員林,2024-07-04,5381
2888,新光金,69,20,49,第一金-員林,2024-07-04,5381
00632R,元大台灣50反1,44,0,44,第一金-員林,2024-07-04,5381
00934,中信成長高股息,52,12,40,第一金-員林,2024-07-04,5381
1815,富喬,41,2,39,第一金-員林,2024-07-04,5381
3576,聯合再生,50,15,35,第一金-員林,2024-07-04,5381
00946,群益科技高息成長,34,0,34,第一金-員林,2024-07-04,5381
2883,凱基金,53,24,29,第一金-員林,2024-07-04,5381
1785,光洋科,82,54,28,第一金-員林,2024-07-04,5381
2882,國泰金,30,1,29,第一金-員林,2024-07-04,5381
2412,中華電,69,42,27,第一金-員林,2024-07-04,5381
3006,晶豪科,24,2,22,第一金-員林,2024-07-04,5381
2609,陽明,24,4,20,第一金-員林,2024-07-04,5381
1447,力鵬,20,0,20,第一金-員林,2024-07-04,5381
4109,加捷生醫,17,1,16,第一金-員林,2024-07-04,5381
3047,訊舟,101,86,15,第一金-員林,2024-07-04,5381
2349,錸德,15,0,15,第一金-員林,2024-07-04,5381
3105,穩懋,17,2,15,第一金-員林,2024-07-04,5381
3374,精材,15,1,14,第一金-員林,2024-07-04,5381
9910,豐泰,13,0,13,第一金-員林,2024-07-04,5381
2606,裕民,13,0,13,第一金-員林,2024-07-04,5381
2367,燿華,26,13,13,第一金-員林,2024-07-04,5381
6188,廣明,28,15,13,第一金-員林,2024-07-04,5381
5347,世界,14,2,12,第一金-員林,2024-07-04,5381
2359,所羅門,26,14,12,第一金-員林,2024-07-04,5381
2355,敬鵬,12,0,12,第一金-員林,2024-07-04,5381
3218,大學光,12,0,12,第一金-員林,2024-07-04,5381
6179,亞通,16,4,12,第一金-員林,2024-07-04,5381
00927,群益半導體收益,20,9,11,第一金-員林,2024-07-04,5381
2464,盟立,22,11,11,第一金-員林,2024-07-04,5381
6005,群益證,11,0,11,第一金-員林,2024-07-04,5381
6505,台塑化,10,0,10,第一金-員林,2024-07-04,5381
2641,正德,13,3,10,第一金-員林,2024-07-04,5381
3050,鈺德,10,0,10,第一金-員林,2024-07-04,5381
5490,同亨,10,0,10,第一金-員林,2024-07-04,5381
6175,立敦,10,0,10,第一金-員林,2024-07-04,5381
3035,智原,11,1,10,第一金-員林,2024-07-04,5381
2417,圓剛,26,17,9,第一金-員林,2024-07-04,5381
00687B,國泰20年美債,11,2,9,第一金-員林,2024-07-04,5381
3189,景碩,9,0,9,第一金-員林,2024-07-04,5381
3312,弘憶股,87,78,9,第一金-員林,2024-07-04,5381
4533,協易機,11,2,9,第一金-員林,2024-07-04,5381
5210,寶碩,10,1,9,第一金-員林,2024-07-04,5381
2241,艾姆勒,8,0,8,第一金-員林,2024-07-04,5381
3202,樺晟,8,0,8,第一金-員林,2024-07-04,5381
3231,緯創,9,1,8,第一金-員林,2024-07-04,5381
4113,聯上,8,0,8,第一金-員林,2024-07-04,5381
6279,胡連,8,0,8,第一金-員林,2024-07-04,5381
6532,瑞耘,9,1,8,第一金-員林,2024-07-04,5381
3036,文曄,8,0,8,第一金-員林,2024-07-04,5381
00688L,國泰20年美債正2,250,0,250,第一金-員林,2024-07-05,5381
912000,晨訊科-DR,150,1,149,第一金-員林,2024-07-05,5381
00934,中信成長高股息,61,2,59,第一金-員林,2024-07-05,5381
2883B,凱基金乙特,51,0,51,第一金-員林,2024-07-05,5381
2371,大同,51,4,47,第一金-員林,2024-07-05,5381
00882,中信中國高股息,47,0,47,第一金-員林,2024-07-05,5381
2812,台中銀,45,0,45,第一金-員林,2024-07-05,5381
00632R,元大台灣50反1,43,0,43,第一金-員林,2024-07-05,5381
2888,新光金,64,24,40,第一金-員林,2024-07-05,5381
1316,上曜,39,3,36,第一金-員林,2024-07-05,5381
2609,陽明,39,7,32,第一金-員林,2024-07-05,5381
2002,中鋼,33,4,29,第一金-員林,2024-07-05,5381
6799,來頡,27,0,27,第一金-員林,2024-07-05,5381
2615,萬海,37,11,26,第一金-員林,2024-07-05,5381
6531,愛普*,25,1,24,第一金-員林,2024-07-05,5381
3149,正達,35,11,24,第一金-員林,2024-07-05,5381
9946,三發地產,22,1,21,第一金-員林,2024-07-05,5381
2481,強茂,41,20,21,第一金-員林,2024-07-05,5381
00637L,元大滬深300正2,20,0,20,第一金-員林,2024-07-05,5381
6582,申豐,20,0,20,第一金-員林,2024-07-05,5381
2486,一詮,21,2,19,第一金-員林,2024-07-05,5381
3580,友威科,25,7,18,第一金-員林,2024-07-05,5381
2834,臺企銀,31,15,16,第一金-員林,2024-07-05,5381
00679B,元大美債20年,15,0,15,第一金-員林,2024-07-05,5381
6449,鈺邦,15,0,15,第一金-員林,2024-07-05,5381
00687B,國泰20年美債,27,13,14,第一金-員林,2024-07-05,5381
1504,東元,21,8,13,第一金-員林,2024-07-05,5381
6160,欣技,13,0,13,第一金-員林,2024-07-05,5381
6207,雷科,16,3,13,第一金-員林,2024-07-05,5381
2506,太設,13,0,13,第一金-員林,2024-07-05,5381
00915,凱基優選高股息30,12,0,12,第一金-員林,2024-07-05,5381
2353,宏��,14,2,12,第一金-員林,2024-07-05,5381
2356,英業達,60,48,12,第一金-員林,2024-07-05,5381
4739,康普,12,0,12,第一金-員林,2024-07-05,5381
0056,元大高股息,13,1,12,第一金-員林,2024-07-05,5381
00633L,富邦上証正2,11,0,11,第一金-員林,2024-07-05,5381
3048,益登,28,17,11,第一金-員林,2024-07-05,5381
4967,十銓,30,19,11,第一金-員林,2024-07-05,5381
6188,廣明,20,9,11,第一金-員林,2024-07-05,5381
0050,元大台灣50,11,0,11,第一金-員林,2024-07-05,5381
00655L,國泰中國A50正2,10,0,10,第一金-員林,2024-07-05,5381
00885,富邦越南,10,0,10,第一金-員林,2024-07-05,5381
1597,直得,10,0,10,第一金-員林,2024-07-05,5381
2025,千興,10,0,10,第一金-員林,2024-07-05,5381
5864,致和證,10,0,10,第一金-員林,2024-07-05,5381
3583,辛耘,10,0,10,第一金-員林,2024-07-05,5381
6125,廣運,12,3,9,第一金-員林,2024-07-05,5381
2438,翔耀,9,0,9,第一金-員林,2024-07-05,5381
6005,群益證,9,0,9,第一金-員林,2024-07-05,5381
6147,頎邦,10,1,9,第一金-員林,2024-07-05,5381
9105,泰金寶-DR,415,3,412,第一金-員林,2024-07-08,5381
3481,群創,134,33,101,第一金-員林,2024-07-08,5381
00934,中信成長高股息,96,4,92,第一金-員林,2024-07-08,5381
2834,臺企銀,73,0,73,第一金-員林,2024-07-08,5381
00637L,元大滬深300正2,76,6,70,第一金-員林,2024-07-08,5381
2363,矽統,86,18,68,第一金-員林,2024-07-08,5381
2605,新興,81,32,49,第一金-員林,2024-07-08,5381
00929,復華台灣科技優息,63,15,48,第一金-員林,2024-07-08,5381
2323,中環,51,6,45,第一金-員林,2024-07-08,5381
2354,鴻準,47,9,38,第一金-員林,2024-07-08,5381
2108,南帝,45,8,37,第一金-員林,2024-07-08,5381
00725B,國泰投資級公司債,33,0,33,第一金-員林,2024-07-08,5381
0056,元大高股息,31,1,30,第一金-員林,2024-07-08,5381
00712,復華富時不動產,26,0,26,第一金-員林,2024-07-08,5381
1504,東元,28,2,26,第一金-員林,2024-07-08,5381
2495,普安,23,0,23,第一金-員林,2024-07-08,5381
3059,華晶科,33,10,23,第一金-員林,2024-07-08,5381
5512,力麒,31,8,23,第一金-員林,2024-07-08,5381
1409,新纖,38,15,23,第一金-員林,2024-07-08,5381
3062,建漢,31,9,22,第一金-員林,2024-07-08,5381
2603,長榮,27,6,21,第一金-員林,2024-07-08,5381
1104,環泥,20,0,20,第一金-員林,2024-07-08,5381
1326,台化,20,0,20,第一金-員林,2024-07-08,5381
1337,再生-KY,20,0,20,第一金-員林,2024-07-08,5381
2337,旺宏,30,11,19,第一金-員林,2024-07-08,5381
00935,野村臺灣新科技50,20,1,19,第一金-員林,2024-07-08,5381
00632R,元大台灣50反1,18,0,18,第一金-員林,2024-07-08,5381
00882,中信中國高股息,17,0,17,第一金-員林,2024-07-08,5381
00881,國泰台灣5G+,23,7,16,第一金-員林,2024-07-08,5381
1718,中纖,22,6,16,第一金-員林,2024-07-08,5381
1785,光洋科,44,29,15,第一金-員林,2024-07-08,5381
2344,華邦電,15,0,15,第一金-員林,2024-07-08,5381
6182,合晶,15,0,15,第一金-員林,2024-07-08,5381
00919,群益台灣精選高息,22,8,14,第一金-員林,2024-07-08,5381
8092,建暐,20,6,14,第一金-員林,2024-07-08,5381
1540,喬福,21,8,13,第一金-員林,2024-07-08,5381
3663,鑫科,13,0,13,第一金-員林,2024-07-08,5381
2412,中華電,31,18,13,第一金-員林,2024-07-08,5381
6227,茂綸,12,0,12,第一金-員林,2024-07-08,5381
8011,台通,12,0,12,第一金-員林,2024-07-08,5381
8039,台虹,12,0,12,第一金-員林,2024-07-08,5381
3374,精材,25,14,11,第一金-員林,2024-07-08,5381
2303,聯電,20,9,11,第一金-員林,2024-07-08,5381
2421,建準,11,0,11,第一金-員林,2024-07-08,5381
00650L,復華香港正2,10,0,10,第一金-員林,2024-07-08,5381
00941,中信上游半導體,10,0,10,第一金-員林,2024-07-08,5381
1309,台達化,10,0,10,第一金-員林,2024-07-08,5381
1582,信錦,10,0,10,第一金-員林,2024-07-08,5381
1721,三晃,10,0,10,第一金-員林,2024-07-08,5381
2101,南港,14,4,10,第一金-員林,2024-07-08,5381
9105,泰金寶-DR,367,166,201,第一金-員林,2024-07-09,5381
00632R,元大台灣50反1,150,1,149,第一金-員林,2024-07-09,5381
2312,金寶,185,67,118,第一金-員林,2024-07-09,5381
00665L,富邦�琤肭磪囓�2,151,50,101,第一金-員林,2024-07-09,5381
6133,金橋,102,3,99,第一金-員林,2024-07-09,5381
1563,巧新,72,0,72,第一金-員林,2024-07-09,5381
3481,群創,106,36,70,第一金-員林,2024-07-09,5381
6120,達運,70,0,70,第一金-員林,2024-07-09,5381
00650L,復華香港正2,52,0,52,第一金-員林,2024-07-09,5381
8046,南電,52,1,51,第一金-員林,2024-07-09,5381
2888,新光金,125,75,50,第一金-員林,2024-07-09,5381
3062,建漢,47,10,37,第一金-員林,2024-07-09,5381
2405,輔信,79,43,36,第一金-員林,2024-07-09,5381
2349,錸德,32,0,32,第一金-員林,2024-07-09,5381
00934,中信成長高股息,31,0,31,第一金-員林,2024-07-09,5381
1528,恩德,44,14,30,第一金-員林,2024-07-09,5381
2323,中環,25,0,25,第一金-員林,2024-07-09,5381
6425,易發,25,0,25,第一金-員林,2024-07-09,5381
2915,潤泰全,42,21,21,第一金-員林,2024-07-09,5381
2380,虹光,20,0,20,第一金-員林,2024-07-09,5381
0056,元大高股息,23,4,19,第一金-員林,2024-07-09,5381
1777,生泰,19,0,19,第一金-員林,2024-07-09,5381
2881,富邦金,20,1,19,第一金-員林,2024-07-09,5381
2609,陽明,33,15,18,第一金-員林,2024-07-09,5381
2399,映泰,18,0,18,第一金-員林,2024-07-09,5381
1201,味全,17,0,17,第一金-員林,2024-07-09,5381
3047,訊舟,136,120,16,第一金-員林,2024-07-09,5381
2867,三商壽,16,0,16,第一金-員林,2024-07-09,5381
3706,神達,16,1,15,第一金-員林,2024-07-09,5381
5371,中光電,15,0,15,第一金-員林,2024-07-09,5381
1337,再生-KY,20,6,14,第一金-員林,2024-07-09,5381
4960,誠美材,16,2,14,第一金-員林,2024-07-09,5381
5880,合庫金,14,1,13,第一金-員林,2024-07-09,5381
6016,康和證,13,0,13,第一金-員林,2024-07-09,5381
00878,國泰永續高股息,19,6,13,第一金-員林,2024-07-09,5381
2367,燿華,80,68,12,第一金-員林,2024-07-09,5381
6570,維田,12,0,12,第一金-員林,2024-07-09,5381
5521,工信,11,0,11,第一金-員林,2024-07-09,5381
9910,豐泰,10,0,10,第一金-員林,2024-07-09,5381
00927,群益半導體收益,10,0,10,第一金-員林,2024-07-09,5381
00706L,期元大S＆P日圓正2,10,0,10,第一金-員林,2024-07-09,5381
00725B,國泰投資級公司債,10,0,10,第一金-員林,2024-07-09,5381
1718,中纖,15,5,10,第一金-員林,2024-07-09,5381
2374,佳能,21,11,10,第一金-員林,2024-07-09,5381
2401,凌陽,10,0,10,第一金-員林,2024-07-09,5381
2438,翔耀,10,0,10,第一金-員林,2024-07-09,5381
2641,正德,10,0,10,第一金-員林,2024-07-09,5381
3710,連展投控,12,2,10,第一金-員林,2024-07-09,5381
8111,立��,10,0,10,第一金-員林,2024-07-09,5381
8112,至上,11,1,10,第一金-員林,2024-07-09,5381
1718,中纖,80,0,80,第一金-員林,2024-07-10,5381
2317,鴻海,131,56,75,第一金-員林,2024-07-10,5381
6133,金橋,56,3,53,第一金-員林,2024-07-10,5381
8046,南電,53,1,52,第一金-員林,2024-07-10,5381
6603,富強鑫,76,25,51,第一金-員林,2024-07-10,5381
0056,元大高股息,51,3,48,第一金-員林,2024-07-10,5381
2481,強茂,40,0,40,第一金-員林,2024-07-10,5381
5880,合庫金,38,0,38,第一金-員林,2024-07-10,5381
2834,臺企銀,38,4,34,第一金-員林,2024-07-10,5381
00937B,群益ESG投等債20,42,10,32,第一金-員林,2024-07-10,5381
9105,泰金寶-DR,142,111,31,第一金-員林,2024-07-10,5381
2367,燿華,50,20,30,第一金-員林,2024-07-10,5381
2881,富邦金,30,1,29,第一金-員林,2024-07-10,5381
00878,國泰永續高股息,29,0,29,第一金-員林,2024-07-10,5381
00919,群益台灣精選高息,31,3,28,第一金-員林,2024-07-10,5381
9910,豐泰,33,6,27,第一金-員林,2024-07-10,5381
1446,宏和,24,0,24,第一金-員林,2024-07-10,5381
2353,宏��,38,15,23,第一金-員林,2024-07-10,5381
00934,中信成長高股息,22,0,22,第一金-員林,2024-07-10,5381
00935,野村臺灣新科技50,21,0,21,第一金-員林,2024-07-10,5381
1609,大亞,38,17,21,第一金-員林,2024-07-10,5381
6531,愛普*,21,0,21,第一金-員林,2024-07-10,5381
00881,國泰台灣5G+,21,1,20,第一金-員林,2024-07-10,5381
1777,生泰,20,0,20,第一金-員林,2024-07-10,5381
2449,京元電子,23,3,20,第一金-員林,2024-07-10,5381
2845,遠東銀,19,0,19,第一金-員林,2024-07-10,5381
5460,同協,19,0,19,第一金-員林,2024-07-10,5381
6116,彩晶,23,5,18,第一金-員林,2024-07-10,5381
00725B,國泰投資級公司債,17,0,17,第一金-員林,2024-07-10,5381
2312,金寶,60,43,17,第一金-員林,2024-07-10,5381
5381,合正,15,0,15,第一金-員林,2024-07-10,5381
3576,聯合再生,20,6,14,第一金-員林,2024-07-10,5381
5452,佶優,17,3,14,第一金-員林,2024-07-10,5381
2101,南港,13,0,13,第一金-員林,2024-07-10,5381
6270,倍微,16,3,13,第一金-員林,2024-07-10,5381
6179,亞通,12,0,12,第一金-員林,2024-07-10,5381
8096,擎亞,12,0,12,第一金-員林,2024-07-10,5381
00687B,國泰20年美債,12,0,12,第一金-員林,2024-07-10,5381
2337,旺宏,11,0,11,第一金-員林,2024-07-10,5381
00929,復華台灣科技優息,25,15,10,第一金-員林,2024-07-10,5381
1605,華新,11,1,10,第一金-員林,2024-07-10,5381
00673R,期元大S＆P原油反1,10,0,10,第一金-員林,2024-07-10,5381
00696B,富邦美債20年,10,0,10,第一金-員林,2024-07-10,5381
00905,FT臺灣Smart,10,0,10,第一金-員林,2024-07-10,5381
1569,濱川,13,3,10,第一金-員林,2024-07-10,5381
2329,華泰,10,0,10,第一金-員林,2024-07-10,5381
3231,緯創,13,3,10,第一金-員林,2024-07-10,5381
8028,昇陽半導體,19,9,10,第一金-員林,2024-07-10,5381
2609,陽明,13,4,9,第一金-員林,2024-07-10,5381
3312,弘憶股,94,85,9,第一金-員林,2024-07-10,5381
00937B,群益ESG投等債20,183,0,183,第一金-員林,2024-07-11,5381
6015,宏遠證,180,0,180,第一金-員林,2024-07-11,5381
00945B,凱基美國非投等債,138,0,138,第一金-員林,2024-07-11,5381
2014,中鴻,100,0,100,第一金-員林,2024-07-11,5381
00637L,元大滬深300正2,94,0,94,第一金-員林,2024-07-11,5381
2888,新光金,147,60,87,第一金-員林,2024-07-11,5381
6133,金橋,58,5,53,第一金-員林,2024-07-11,5381
00688L,國泰20年美債正2,51,0,51,第一金-員林,2024-07-11,5381
9802,鈺齊-KY,49,0,49,第一金-員林,2024-07-11,5381
2867,三商壽,59,12,47,第一金-員林,2024-07-11,5381
1504,東元,49,5,44,第一金-員林,2024-07-11,5381
00934,中信成長高股息,42,0,42,第一金-員林,2024-07-11,5381
00676R,富邦臺灣加權反1,40,0,40,第一金-員林,2024-07-11,5381
9907,統一實,40,2,38,第一金-員林,2024-07-11,5381
2363,矽統,41,7,34,第一金-員林,2024-07-11,5381
1785,光洋科,51,18,33,第一金-員林,2024-07-11,5381
3062,建漢,35,5,30,第一金-員林,2024-07-11,5381
1528,恩德,28,0,28,第一金-員林,2024-07-11,5381
2312,金寶,46,18,28,第一金-員林,2024-07-11,5381
2243,宏旭-KY,47,20,27,第一金-員林,2024-07-11,5381
00679B,元大美債20年,30,4,26,第一金-員林,2024-07-11,5381
2883,凱基金,40,14,26,第一金-員林,2024-07-11,5381
3202,樺晟,25,0,25,第一金-員林,2024-07-11,5381
00923,群益台ESG低碳50,24,0,24,第一金-員林,2024-07-11,5381
3041,揚智,25,2,23,第一金-員林,2024-07-11,5381
1777,生泰,20,0,20,第一金-員林,2024-07-11,5381
2605,新興,20,0,20,第一金-員林,2024-07-11,5381
4113,聯上,22,2,20,第一金-員林,2024-07-11,5381
9105,泰金寶-DR,282,262,20,第一金-員林,2024-07-11,5381
2408,南亞科,23,4,19,第一金-員林,2024-07-11,5381
3645,達邁,19,0,19,第一金-員林,2024-07-11,5381
2355,敬鵬,25,7,18,第一金-員林,2024-07-11,5381
6282,康舒,26,10,16,第一金-員林,2024-07-11,5381
2891,中信金,18,2,16,第一金-員林,2024-07-11,5381
1447,力鵬,15,0,15,第一金-員林,2024-07-11,5381
2353,宏��,27,12,15,第一金-員林,2024-07-11,5381
3693,營邦,15,0,15,第一金-員林,2024-07-11,5381
4958,臻鼎-KY,26,11,15,第一金-員林,2024-07-11,5381
6532,瑞耘,16,1,15,第一金-員林,2024-07-11,5381
2303,聯電,15,1,14,第一金-員林,2024-07-11,5381
6284,佳邦,14,0,14,第一金-員林,2024-07-11,5381
6449,鈺邦,17,3,14,第一金-員林,2024-07-11,5381
2354,鴻準,24,10,14,第一金-員林,2024-07-11,5381
2618,長榮航,15,2,13,第一金-員林,2024-07-11,5381
3374,精材,19,6,13,第一金-員林,2024-07-11,5381
1524,耿鼎,12,0,12,第一金-員林,2024-07-11,5381
2371,大同,13,1,12,第一金-員林,2024-07-11,5381
2913,農林,12,0,12,第一金-員林,2024-07-11,5381
6806,森崴能源,20,9,11,第一金-員林,2024-07-11,5381
2449,京元電子,13,2,11,第一金-員林,2024-07-11,5381
00934,中信成長高股息,232,0,232,第一金-員林,2024-07-12,5381
00878,國泰永續高股息,227,15,212,第一金-員林,2024-07-12,5381
00679B,元大美債20年,216,40,176,第一金-員林,2024-07-12,5381
00929,復華台灣科技優息,201,34,167,第一金-員林,2024-07-12,5381
2317,鴻海,155,16,139,第一金-員林,2024-07-12,5381
00665L,富邦�琤肭磪囓�2,100,0,100,第一金-員林,2024-07-12,5381
00650L,復華香港正2,95,0,95,第一金-員林,2024-07-12,5381
1304,台聚,75,0,75,第一金-員林,2024-07-12,5381
2867,三商壽,67,10,57,第一金-員林,2024-07-12,5381
00933B,國泰10Y+金融債,59,8,51,第一金-員林,2024-07-12,5381
2312,金寶,157,110,47,第一金-員林,2024-07-12,5381
9105,泰金寶-DR,151,106,45,第一金-員林,2024-07-12,5381
6116,彩晶,50,7,43,第一金-員林,2024-07-12,5381
2481,強茂,42,0,42,第一金-員林,2024-07-12,5381
2303,聯電,39,0,39,第一金-員林,2024-07-12,5381
2537,聯上發,34,0,34,第一金-員林,2024-07-12,5381
2330,台積電,33,1,32,第一金-員林,2024-07-12,5381
00927,群益半導體收益,32,0,32,第一金-員林,2024-07-12,5381
3312,弘憶股,31,3,28,第一金-員林,2024-07-12,5381
1337,再生-KY,27,3,24,第一金-員林,2024-07-12,5381
4976,佳凌,24,0,24,第一金-員林,2024-07-12,5381
3711,日月光投控,26,4,22,第一金-員林,2024-07-12,5381
4909,新復興,44,24,20,第一金-員林,2024-07-12,5381
2408,南亞科,20,1,19,第一金-員林,2024-07-12,5381
00881,國泰台灣5G+,22,3,19,第一金-員林,2024-07-12,5381
00946,群益科技高息成長,18,0,18,第一金-員林,2024-07-12,5381
2897,王道銀行,15,0,15,第一金-員林,2024-07-12,5381
5475,德宏,15,0,15,第一金-員林,2024-07-12,5381
6164,華興,15,0,15,第一金-員林,2024-07-12,5381
00940,元大台灣價值高息,25,10,15,第一金-員林,2024-07-12,5381
3231,緯創,19,5,14,第一金-員林,2024-07-12,5381
3374,精材,15,1,14,第一金-員林,2024-07-12,5381
6706,惠特,16,2,14,第一金-員林,2024-07-12,5381
6770,力積電,15,1,14,第一金-員林,2024-07-12,5381
00757,統一FANG+,14,0,14,第一金-員林,2024-07-12,5381
2881,富邦金,21,9,12,第一金-員林,2024-07-12,5381
00680L,元大美債20正2,12,0,12,第一金-員林,2024-07-12,5381
1310,台苯,12,0,12,第一金-員林,2024-07-12,5381
4714,永捷,18,6,12,第一金-員林,2024-07-12,5381
3363,上詮,19,7,12,第一金-員林,2024-07-12,5381
2618,長榮航,12,0,12,第一金-員林,2024-07-12,5381
2464,盟立,58,47,11,第一金-員林,2024-07-12,5381
00935,野村臺灣新科技50,12,0,12,第一金-員林,2024-07-12,5381
3058,立德,11,0,11,第一金-員林,2024-07-12,5381
6592,和潤企業,13,2,11,第一金-員林,2024-07-12,5381
8016,矽創,11,0,11,第一金-員林,2024-07-12,5381
00937B,群益ESG投等債20,44,33,11,第一金-員林,2024-07-12,5381
1201,味全,13,3,10,第一金-員林,2024-07-12,5381
1316,上曜,50,40,10,第一金-員林,2024-07-12,5381
2816,旺旺保,10,0,10,第一金-員林,2024-07-12,5381
00937B,群益ESG投等債20,153,2,151,第一金-員林,2024-07-15,5381
00679B,元大美債20年,165,20,145,第一金-員林,2024-07-15,5381
00945B,凱基美國非投等債,131,0,131,第一金-員林,2024-07-15,5381
00934,中信成長高股息,101,3,98,第一金-員林,2024-07-15,5381
2356,英業達,86,9,77,第一金-員林,2024-07-15,5381
2464,盟立,72,6,66,第一金-員林,2024-07-15,5381
00650L,復華香港正2,60,0,60,第一金-員林,2024-07-15,5381
6116,彩晶,52,0,52,第一金-員林,2024-07-15,5381
00949,復華日本龍頭,47,0,47,第一金-員林,2024-07-15,5381
3673,TPK-KY,56,11,45,第一金-員林,2024-07-15,5381
5880,合庫金,42,0,42,第一金-員林,2024-07-15,5381
1446,宏和,41,0,41,第一金-員林,2024-07-15,5381
2107,厚生,40,0,40,第一金-員林,2024-07-15,5381
2312,金寶,183,145,38,第一金-員林,2024-07-15,5381
1210,大成,36,0,36,第一金-員林,2024-07-15,5381
4909,新復興,48,14,34,第一金-員林,2024-07-15,5381
1528,恩德,40,6,34,第一金-員林,2024-07-15,5381
2884,玉山金,34,0,34,第一金-員林,2024-07-15,5381
2913,農林,31,0,31,第一金-員林,2024-07-15,5381
6005,群益證,30,0,30,第一金-員林,2024-07-15,5381
9103,美德醫療-DR,30,0,30,第一金-員林,2024-07-15,5381
2405,輔信,67,38,29,第一金-員林,2024-07-15,5381
2489,瑞軒,64,35,29,第一金-員林,2024-07-15,5381
9946,三發地產,29,0,29,第一金-員林,2024-07-15,5381
2399,映泰,41,14,27,第一金-員林,2024-07-15,5381
2888,新光金,94,67,27,第一金-員林,2024-07-15,5381
1101,台泥,26,0,26,第一金-員林,2024-07-15,5381
6770,力積電,26,1,25,第一金-員林,2024-07-15,5381
3481,群創,46,23,23,第一金-員林,2024-07-15,5381
1718,中纖,22,0,22,第一金-員林,2024-07-15,5381
2883,凱基金,96,76,20,第一金-員林,2024-07-15,5381
1313,聯成,20,0,20,第一金-員林,2024-07-15,5381
2834,臺企銀,49,30,19,第一金-員林,2024-07-15,5381
00885,富邦越南,22,3,19,第一金-員林,2024-07-15,5381
2891,中信金,21,2,19,第一金-員林,2024-07-15,5381
6425,易發,24,7,17,第一金-員林,2024-07-15,5381
1608,華榮,82,66,16,第一金-員林,2024-07-15,5381
1727,中華化,24,8,16,第一金-員林,2024-07-15,5381
6829,千附精密,20,4,16,第一金-員林,2024-07-15,5381
2542,興富發,16,1,15,第一金-員林,2024-07-15,5381
00712,復華富時不動產,41,26,15,第一金-員林,2024-07-15,5381
2867,三商壽,57,42,15,第一金-員林,2024-07-15,5381
2438,翔耀,15,1,14,第一金-員林,2024-07-15,5381
2010,春源,14,0,14,第一金-員林,2024-07-15,5381
00680L,元大美債20正2,14,0,14,第一金-員林,2024-07-15,5381
2618,長榮航,18,4,14,第一金-員林,2024-07-15,5381
00878,國泰永續高股息,14,1,13,第一金-員林,2024-07-15,5381
8105,凌巨,16,3,13,第一金-員林,2024-07-15,5381
4306,炎洲,12,0,12,第一金-員林,2024-07-15,5381
5381,合正,20,8,12,第一金-員林,2024-07-15,5381
2888,新光金,603,198,405,第一金-員林,2024-07-16,5381
00679B,元大美債20年,129,1,128,第一金-員林,2024-07-16,5381
00665L,富邦�琤肭磪囓�2,150,50,100,第一金-員林,2024-07-16,5381
00905,FT臺灣Smart,84,0,84,第一金-員林,2024-07-16,5381
3481,群創,75,8,67,第一金-員林,2024-07-16,5381
6015,宏遠證,62,0,62,第一金-員林,2024-07-16,5381
00919,群益台灣精選高息,57,1,56,第一金-員林,2024-07-16,5381
00712,復華富時不動產,60,9,51,第一金-員林,2024-07-16,5381
00934,中信成長高股息,46,1,45,第一金-員林,2024-07-16,5381
5310,天剛,43,3,40,第一金-員林,2024-07-16,5381
2867,三商壽,57,20,37,第一金-員林,2024-07-16,5381
2312,金寶,252,216,36,第一金-員林,2024-07-16,5381
0056,元大高股息,36,4,32,第一金-員林,2024-07-16,5381
00650L,復華香港正2,31,0,31,第一金-員林,2024-07-16,5381
1210,大成,30,0,30,第一金-員林,2024-07-16,5381
1440,南紡,30,0,30,第一金-員林,2024-07-16,5381
3022,威強電,30,0,30,第一金-員林,2024-07-16,5381
4534,慶騰,29,0,29,第一金-員林,2024-07-16,5381
4909,新復興,34,8,26,第一金-員林,2024-07-16,5381
6133,金橋,25,0,25,第一金-員林,2024-07-16,5381
3704,合勤控,22,0,22,第一金-員林,2024-07-16,5381
6179,亞通,22,0,22,第一金-員林,2024-07-16,5381
6531,愛普*,20,0,20,第一金-員林,2024-07-16,5381
00942B,台新美A公司債20+,20,0,20,第一金-員林,2024-07-16,5381
1809,中釉,23,3,20,第一金-員林,2024-07-16,5381
2002,中鋼,17,0,17,第一金-員林,2024-07-16,5381
2884,玉山金,19,3,16,第一金-員林,2024-07-16,5381
2317,鴻海,41,25,16,第一金-員林,2024-07-16,5381
6806,森崴能源,23,8,15,第一金-員林,2024-07-16,5381
4306,炎洲,15,0,15,第一金-員林,2024-07-16,5381
6104,創惟,15,1,14,第一金-員林,2024-07-16,5381
6136,富爾特,14,0,14,第一金-員林,2024-07-16,5381
1304,台聚,13,0,13,第一金-員林,2024-07-16,5381
1314,中石化,13,0,13,第一金-員林,2024-07-16,5381
8054,安國,53,40,13,第一金-員林,2024-07-16,5381
00929,復華台灣科技優息,14,1,13,第一金-員林,2024-07-16,5381
00946,群益科技高息成長,14,1,13,第一金-員林,2024-07-16,5381
1597,直得,13,1,12,第一金-員林,2024-07-16,5381
2477,美隆電,12,0,12,第一金-員林,2024-07-16,5381
4976,佳凌,12,0,12,第一金-員林,2024-07-16,5381
00753L,中信中國50正2,11,0,11,第一金-員林,2024-07-16,5381
1709,和益,11,0,11,第一金-員林,2024-07-16,5381
2349,錸德,13,2,11,第一金-員林,2024-07-16,5381
2881,富邦金,12,1,11,第一金-員林,2024-07-16,5381
6005,群益證,11,0,11,第一金-員林,2024-07-16,5381
2101,南港,14,4,10,第一金-員林,2024-07-16,5381
00675L,富邦臺灣加權正2,10,0,10,第一金-員林,2024-07-16,5381
3141,晶宏,10,0,10,第一金-員林,2024-07-16,5381
5347,世界,10,0,10,第一金-員林,2024-07-16,5381
5880,合庫金,10,0,10,第一金-員林,2024-07-16,5381
00885,富邦越南,190,3,187,第一金-員林,2024-07-17,5381
00929,復華台灣科技優息,154,14,140,第一金-員林,2024-07-17,5381
00687B,國泰20年美債,132,2,130,第一金-員林,2024-07-17,5381
2888,新光金,155,44,111,第一金-員林,2024-07-17,5381
00919,群益台灣精選高息,84,4,80,第一金-員林,2024-07-17,5381
2537,聯上發,176,110,66,第一金-員林,2024-07-17,5381
00679B,元大美債20年,65,1,64,第一金-員林,2024-07-17,5381
00720B,元大投資級公司債,100,50,50,第一金-員林,2024-07-17,5381
00937B,群益ESG投等債20,49,0,49,第一金-員林,2024-07-17,5381
00940,元大台灣價值高息,143,101,42,第一金-員林,2024-07-17,5381
00641R,富邦日本反1,40,0,40,第一金-員林,2024-07-17,5381
9945,潤泰新,52,12,40,第一金-員林,2024-07-17,5381
0056,元大高股息,39,0,39,第一金-員林,2024-07-17,5381
00905,FT臺灣Smart,39,0,39,第一金-員林,2024-07-17,5381
00878,國泰永續高股息,48,9,39,第一金-員林,2024-07-17,5381
00946,群益科技高息成長,39,1,38,第一金-員林,2024-07-17,5381
2349,錸德,45,10,35,第一金-員林,2024-07-17,5381
00934,中信成長高股息,34,0,34,第一金-員林,2024-07-17,5381
2354,鴻準,34,0,34,第一金-員林,2024-07-17,5381
1513,中興電,37,5,32,第一金-員林,2024-07-17,5381
1210,大成,30,0,30,第一金-員林,2024-07-17,5381
6116,彩晶,55,25,30,第一金-員林,2024-07-17,5381
6770,力積電,44,14,30,第一金-員林,2024-07-17,5381
00632R,元大台灣50反1,50,21,29,第一金-員林,2024-07-17,5381
2408,南亞科,28,0,28,第一金-員林,2024-07-17,5381
5310,天剛,25,0,25,第一金-員林,2024-07-17,5381
1815,富喬,29,5,24,第一金-員林,2024-07-17,5381
6449,鈺邦,24,1,23,第一金-員林,2024-07-17,5381
3033,威健,22,0,22,第一金-員林,2024-07-17,5381
2489,瑞軒,31,10,21,第一金-員林,2024-07-17,5381
3379,彬台,24,4,20,第一金-員林,2024-07-17,5381
2534,宏盛,19,0,19,第一金-員林,2024-07-17,5381
2834,臺企銀,49,30,19,第一金-員林,2024-07-17,5381
3231,緯創,35,19,16,第一金-員林,2024-07-17,5381
2363,矽統,18,1,17,第一金-員林,2024-07-17,5381
6125,廣運,21,6,15,第一金-員林,2024-07-17,5381
00713,元大台灣高息低波,15,0,15,第一金-員林,2024-07-17,5381
2464,盟立,85,70,15,第一金-員林,2024-07-17,5381
2610,華航,16,1,15,第一金-員林,2024-07-17,5381
4938,和碩,16,1,15,第一金-員林,2024-07-17,5381
9110,越南控-DR,15,0,15,第一金-員林,2024-07-17,5381
00882,中信中國高股息,14,0,14,第一金-員林,2024-07-17,5381
2392,正崴,18,4,14,第一金-員林,2024-07-17,5381
2402,毅嘉,58,45,13,第一金-員林,2024-07-17,5381
2891,中信金,18,5,13,第一金-員林,2024-07-17,5381
2330,台積電,14,1,13,第一金-員林,2024-07-17,5381
8936,國統,18,6,12,第一金-員林,2024-07-17,5381
1809,中釉,14,2,12,第一金-員林,2024-07-17,5381
2313,華通,21,9,12,第一金-員林,2024-07-17,5381
6213,聯茂,12,1,11,第一金-員林,2024-07-17,5381
00929,復華台灣科技優息,283,14,269,第一金-員林,2024-07-18,5381
6625,必應,208,0,208,第一金-員林,2024-07-18,5381
9105,泰金寶-DR,239,32,207,第一金-員林,2024-07-18,5381
2888,新光金,208,18,190,第一金-員林,2024-07-18,5381
00878,國泰永續高股息,128,10,118,第一金-員林,2024-07-18,5381
2406,國碩,108,6,102,第一金-員林,2024-07-18,5381
2103,台橡,100,12,88,第一金-員林,2024-07-18,5381
00927,群益半導體收益,90,5,85,第一金-員林,2024-07-18,5381
00946,群益科技高息成長,85,5,80,第一金-員林,2024-07-18,5381
0056,元大高股息,41,0,41,第一金-員林,2024-07-18,5381
8046,南電,40,3,37,第一金-員林,2024-07-18,5381
2891,中信金,36,2,34,第一金-員林,2024-07-18,5381
00934,中信成長高股息,38,5,33,第一金-員林,2024-07-18,5381
00905,FT臺灣Smart,32,0,32,第一金-員林,2024-07-18,5381
00881,國泰台灣5G+,41,9,32,第一金-員林,2024-07-18,5381
2317,鴻海,64,33,31,第一金-員林,2024-07-18,5381
2330,台積電,43,11,32,第一金-員林,2024-07-18,5381
00935,野村臺灣新科技50,31,0,31,第一金-員林,2024-07-18,5381
2356,英業達,30,3,27,第一金-員林,2024-07-18,5381
2399,映泰,27,0,27,第一金-員林,2024-07-18,5381
2438,翔耀,31,5,26,第一金-員林,2024-07-18,5381
1513,中興電,42,17,25,第一金-員林,2024-07-18,5381
00891,中信關鍵半導體,24,0,24,第一金-員林,2024-07-18,5381
8054,安國,32,9,23,第一金-員林,2024-07-18,5381
6117,迎廣,25,3,22,第一金-員林,2024-07-18,5381
2609,陽明,24,3,21,第一金-員林,2024-07-18,5381
6531,愛普*,21,0,21,第一金-員林,2024-07-18,5381
2610,華航,26,6,20,第一金-員林,2024-07-18,5381
00942B,台新美A公司債20+,20,0,20,第一金-員林,2024-07-18,5381
1210,大成,20,0,20,第一金-員林,2024-07-18,5381
2107,厚生,20,0,20,第一金-員林,2024-07-18,5381
2402,毅嘉,29,9,20,第一金-員林,2024-07-18,5381
00936,台新永續高息中小,21,1,20,第一金-員林,2024-07-18,5381
00918,大華優利高填息30,25,6,19,第一金-員林,2024-07-18,5381
2354,鴻準,19,1,18,第一金-員林,2024-07-18,5381
3231,緯創,24,7,17,第一金-員林,2024-07-18,5381
6770,力積電,18,1,17,第一金-員林,2024-07-18,5381
3189,景碩,44,29,15,第一金-員林,2024-07-18,5381
9945,潤泰新,21,7,14,第一金-員林,2024-07-18,5381
2449,京元電子,15,2,13,第一金-員林,2024-07-18,5381
00675L,富邦臺灣加權正2,15,1,14,第一金-員林,2024-07-18,5381
1519,華城,13,0,13,第一金-員林,2024-07-18,5381
1808,潤隆,16,3,13,第一金-員林,2024-07-18,5381
2331,精英,13,0,13,第一金-員林,2024-07-18,5381
3218,大學光,15,2,13,第一金-員林,2024-07-18,5381
00933B,國泰10Y+金融債,13,1,12,第一金-員林,2024-07-18,5381
00940,元大台灣價值高息,147,135,12,第一金-員林,2024-07-18,5381
2349,錸德,13,1,12,第一金-員林,2024-07-18,5381
2520,冠德,30,18,12,第一金-員林,2024-07-18,5381
00650L,復華香港正2,10,0,10,第一金-員林,2024-07-18,5381
2330,台積電,148,3,145,第一金-員林,2024-07-19,5381
00929,復華台灣科技優息,166,30,136,第一金-員林,2024-07-19,5381
3481,群創,169,42,127,第一金-員林,2024-07-19,5381
5880,合庫金,120,5,115,第一金-員林,2024-07-19,5381
00632R,元大台灣50反1,143,43,100,第一金-員林,2024-07-19,5381
00919,群益台灣精選高息,107,9,98,第一金-員林,2024-07-19,5381
4306,炎洲,100,5,95,第一金-員林,2024-07-19,5381
2867,三商壽,93,15,78,第一金-員林,2024-07-19,5381
3149,正達,75,0,75,第一金-員林,2024-07-19,5381
2365,昆盈,233,170,63,第一金-員林,2024-07-19,5381
2891,中信金,55,5,50,第一金-員林,2024-07-19,5381
00878,國泰永續高股息,77,29,48,第一金-員林,2024-07-19,5381
2419,仲琦,156,108,48,第一金-員林,2024-07-19,5381
2834,臺企銀,46,0,46,第一金-員林,2024-07-19,5381
3686,達能,45,3,42,第一金-員林,2024-07-19,5381
2481,強茂,40,0,40,第一金-員林,2024-07-19,5381
0056,元大高股息,38,0,38,第一金-員林,2024-07-19,5381
00927,群益半導體收益,38,0,38,第一金-員林,2024-07-19,5381
00665L,富邦�琤肭磪囓�2,176,140,36,第一金-員林,2024-07-19,5381
2845,遠東銀,110,75,35,第一金-員林,2024-07-19,5381
00946,群益科技高息成長,55,20,35,第一金-員林,2024-07-19,5381
00905,FT臺灣Smart,35,0,35,第一金-員林,2024-07-19,5381
00881,國泰台灣5G+,31,0,31,第一金-員林,2024-07-19,5381
00650L,復華香港正2,31,0,31,第一金-員林,2024-07-19,5381
2317,鴻海,58,27,31,第一金-員林,2024-07-19,5381
1316,上曜,72,42,30,第一金-員林,2024-07-19,5381
00918,大華優利高填息30,27,0,27,第一金-員林,2024-07-19,5381
6120,達運,25,0,25,第一金-員林,2024-07-19,5381
5871,中租-KY,24,0,24,第一金-員林,2024-07-19,5381
2349,錸德,50,26,24,第一金-員林,2024-07-19,5381
00949,復華日本龍頭,23,0,23,第一金-員林,2024-07-19,5381
00934,中信成長高股息,23,1,22,第一金-員林,2024-07-19,5381
00936,台新永續高息中小,22,0,22,第一金-員林,2024-07-19,5381
2356,英業達,27,5,22,第一金-員林,2024-07-19,5381
8046,南電,22,1,21,第一金-員林,2024-07-19,5381
2449,京元電子,30,9,21,第一金-員林,2024-07-19,5381
2107,厚生,20,0,20,第一金-員林,2024-07-19,5381
3714,富采,29,9,20,第一金-員林,2024-07-19,5381
0050,元大台灣50,19,0,19,第一金-員林,2024-07-19,5381
6213,聯茂,18,0,18,第一金-員林,2024-07-19,5381
2408,南亞科,17,0,17,第一金-員林,2024-07-19,5381
2344,華邦電,17,0,17,第一金-員林,2024-07-19,5381
4906,正文,24,7,17,第一金-員林,2024-07-19,5381
1210,大成,17,0,17,第一金-員林,2024-07-19,5381
00933B,國泰10Y+金融債,16,0,16,第一金-員林,2024-07-19,5381
00944,野村趨勢動能高息,16,0,16,第一金-員林,2024-07-19,5381
1709,和益,23,7,16,第一金-員林,2024-07-19,5381
00713,元大台灣高息低波,16,0,16,第一金-員林,2024-07-19,5381
6116,彩晶,15,0,15,第一金-員林,2024-07-19,5381
2438,翔耀,15,0,15,第一金-員林,2024-07-19,5381
00929,復華台灣科技優息,640,129,511,第一金-員林,2024-07-22,5381
00940,元大台灣價值高息,198,35,163,第一金-員林,2024-07-22,5381
00676R,富邦臺灣加權反1,154,0,154,第一金-員林,2024-07-22,5381
5880,合庫金,150,1,149,第一金-員林,2024-07-22,5381
3481,群創,376,231,145,第一金-員林,2024-07-22,5381
2330,台積電,148,19,129,第一金-員林,2024-07-22,5381
9105,泰金寶-DR,114,4,110,第一金-員林,2024-07-22,5381
1616,億泰,100,0,100,第一金-員林,2024-07-22,5381
3189,景碩,120,33,87,第一金-員林,2024-07-22,5381
00679B,元大美債20年,64,8,56,第一金-員林,2024-07-22,5381
3052,夆典,51,0,51,第一金-員林,2024-07-22,5381
2419,仲琦,43,5,38,第一金-員林,2024-07-22,5381
2356,英業達,42,8,34,第一金-員林,2024-07-22,5381
5512,力麒,66,34,32,第一金-員林,2024-07-22,5381
0056,元大高股息,35,4,31,第一金-員林,2024-07-22,5381
5871,中租-KY,31,0,31,第一金-員林,2024-07-22,5381
8101,華冠,30,0,30,第一金-員林,2024-07-22,5381
2303,聯電,26,0,26,第一金-員林,2024-07-22,5381
006208,富邦台50,27,2,25,第一金-員林,2024-07-22,5381
1446,宏和,25,0,25,第一金-員林,2024-07-22,5381
2349,錸德,32,7,25,第一金-員林,2024-07-22,5381
2412,中華電,47,23,24,第一金-員林,2024-07-22,5381
2409,友達,22,1,21,第一金-員林,2024-07-22,5381
5443,均豪,35,15,20,第一金-員林,2024-07-22,5381
9802,鈺齊-KY,20,0,20,第一金-員林,2024-07-22,5381
1316,上曜,19,0,19,第一金-員林,2024-07-22,5381
3035,智原,18,0,18,第一金-員林,2024-07-22,5381
00927,群益半導體收益,18,0,18,第一金-員林,2024-07-22,5381
6213,聯茂,17,0,17,第一金-員林,2024-07-22,5381
00935,野村臺灣新科技50,17,1,16,第一金-員林,2024-07-22,5381
1785,光洋科,24,8,16,第一金-員林,2024-07-22,5381
2867,三商壽,26,10,16,第一金-員林,2024-07-22,5381
1513,中興電,21,5,16,第一金-員林,2024-07-22,5381
00637L,元大滬深300正2,15,0,15,第一金-員林,2024-07-22,5381
1540,喬福,15,0,15,第一金-員林,2024-07-22,5381
00934,中信成長高股息,37,23,14,第一金-員林,2024-07-22,5381
00939,統一台灣高息動能,15,1,14,第一金-員林,2024-07-22,5381
2337,旺宏,17,4,13,第一金-員林,2024-07-22,5381
00885,富邦越南,13,0,13,第一金-員林,2024-07-22,5381
3706,神達,19,6,13,第一金-員林,2024-07-22,5381
8016,矽創,13,0,13,第一金-員林,2024-07-22,5381
3715,定穎投控,14,1,13,第一金-員林,2024-07-22,5381
4908,前鼎,15,3,12,第一金-員林,2024-07-22,5381
5310,天剛,12,0,12,第一金-員林,2024-07-22,5381
2376,技嘉,13,1,12,第一金-員林,2024-07-22,5381
4119,旭富,11,0,11,第一金-員林,2024-07-22,5381
4306,炎洲,11,0,11,第一金-員林,2024-07-22,5381
6548,長科*,11,0,11,第一金-員林,2024-07-22,5381
6531,愛普*,10,0,10,第一金-員林,2024-07-22,5381
00650L,復華香港正2,10,0,10,第一金-員林,2024-07-22,5381
00665L,富邦�琤肭磪囓�2,220,100,120,第一金-員林,2024-07-23,5381
00929,復華台灣科技優息,147,46,101,第一金-員林,2024-07-23,5381
3481,群創,258,165,93,第一金-員林,2024-07-23,5381
00946,群益科技高息成長,86,0,86,第一金-員林,2024-07-23,5381
2409,友達,71,1,70,第一金-員林,2024-07-23,5381
4551,智伸科,60,0,60,第一金-員林,2024-07-23,5381
3686,達能,54,0,54,第一金-員林,2024-07-23,5381
3231,緯創,54,1,53,第一金-員林,2024-07-23,5381
00933B,國泰10Y+金融債,51,1,50,第一金-員林,2024-07-23,5381
1449,佳和,50,0,50,第一金-員林,2024-07-23,5381
00919,群益台灣精選高息,61,16,45,第一金-員林,2024-07-23,5381
5512,力麒,46,1,45,第一金-員林,2024-07-23,5381
00641R,富邦日本反1,40,0,40,第一金-員林,2024-07-23,5381
5871A,中租-KY甲特,40,0,40,第一金-員林,2024-07-23,5381
00942B,台新美A公司債20+,30,0,30,第一金-員林,2024-07-23,5381
6531,愛普*,31,1,30,第一金-員林,2024-07-23,5381
2349,錸德,27,0,27,第一金-員林,2024-07-23,5381
00878,國泰永續高股息,38,13,25,第一金-員林,2024-07-23,5381
00937B,群益ESG投等債20,46,21,25,第一金-員林,2024-07-23,5381
9105,泰金寶-DR,140,116,24,第一金-員林,2024-07-23,5381
00934,中信成長高股息,23,0,23,第一金-員林,2024-07-23,5381
6116,彩晶,23,0,23,第一金-員林,2024-07-23,5381
2408,南亞科,25,2,23,第一金-員林,2024-07-23,5381
6147,頎邦,22,0,22,第一金-員林,2024-07-23,5381
00751B,元大AAA至A公司債,21,0,21,第一金-員林,2024-07-23,5381
00725B,國泰投資級公司債,20,0,20,第一金-員林,2024-07-23,5381
00885,富邦越南,20,0,20,第一金-員林,2024-07-23,5381
00941,中信上游半導體,20,0,20,第一金-員林,2024-07-23,5381
1568,倉佑,19,0,19,第一金-員林,2024-07-23,5381
3576,聯合再生,20,1,19,第一金-員林,2024-07-23,5381
6121,新普,16,0,16,第一金-員林,2024-07-23,5381
1815,富喬,16,0,16,第一金-員林,2024-07-23,5381
6625,必應,13,0,13,第一金-員林,2024-07-23,5381
00712,復華富時不動產,14,1,13,第一金-員林,2024-07-23,5381
6806,森崴能源,21,8,13,第一金-員林,2024-07-23,5381
0056,元大高股息,13,0,13,第一金-員林,2024-07-23,5381
2313,華通,44,31,13,第一金-員林,2024-07-23,5381
00676R,富邦臺灣加權反1,12,0,12,第一金-員林,2024-07-23,5381
2464,盟立,22,10,12,第一金-員林,2024-07-23,5381
00687B,國泰20年美債,11,0,11,第一金-員林,2024-07-23,5381
00637L,元大滬深300正2,10,0,10,第一金-員林,2024-07-23,5381
1440,南紡,10,0,10,第一金-員林,2024-07-23,5381
2374,佳能,15,5,10,第一金-員林,2024-07-23,5381
2882,國泰金,11,1,10,第一金-員林,2024-07-23,5381
6127,九豪,11,1,10,第一金-員林,2024-07-23,5381
6548,長科*,10,0,10,第一金-員林,2024-07-23,5381
2379,瑞昱,10,0,10,第一金-員林,2024-07-23,5381
2383,台光電,10,0,10,第一金-員林,2024-07-23,5381
00679B,元大美債20年,9,0,9,第一金-員林,2024-07-23,5381
2516,新建,10,1,9,第一金-員林,2024-07-23,5381
00688L,國泰20年美債正2,578,0,578,第一金-員林,2024-07-26,5381
00929,復華台灣科技優息,369,15,354,第一金-員林,2024-07-26,5381
1449,佳和,127,4,123,第一金-員林,2024-07-26,5381
00650L,復華香港正2,100,0,100,第一金-員林,2024-07-26,5381
00936,台新永續高息中小,77,0,77,第一金-員林,2024-07-26,5381
00665L,富邦�琤肭磪囓�2,289,220,69,第一金-員林,2024-07-26,5381
00919,群益台灣精選高息,63,0,63,第一金-員林,2024-07-26,5381
2107,厚生,40,0,40,第一金-員林,2024-07-26,5381
00878,國泰永續高股息,40,1,39,第一金-員林,2024-07-26,5381
2419,仲琦,40,2,38,第一金-員林,2024-07-26,5381
2344,華邦電,38,1,37,第一金-員林,2024-07-26,5381
00946,群益科技高息成長,36,0,36,第一金-員林,2024-07-26,5381
00940,元大台灣價值高息,38,5,33,第一金-員林,2024-07-26,5381
3689,湧德,32,0,32,第一金-員林,2024-07-26,5381
00942B,台新美A公司債20+,31,0,31,第一金-員林,2024-07-26,5381
2349,錸德,58,27,31,第一金-員林,2024-07-26,5381
2641,正德,30,0,30,第一金-員林,2024-07-26,5381
00949,復華日本龍頭,28,0,28,第一金-員林,2024-07-26,5381
00934,中信成長高股息,28,0,28,第一金-員林,2024-07-26,5381
2317,鴻海,43,15,28,第一金-員林,2024-07-26,5381
00680L,元大美債20正2,27,0,27,第一金-員林,2024-07-26,5381
2834,臺企銀,29,2,27,第一金-員林,2024-07-26,5381
2330,台積電,28,2,26,第一金-員林,2024-07-26,5381
3711,日月光投控,25,0,25,第一金-員林,2024-07-26,5381
00933B,國泰10Y+金融債,24,0,24,第一金-員林,2024-07-26,5381
00881,國泰台灣5G+,26,3,23,第一金-員林,2024-07-26,5381
00713,元大台灣高息低波,23,0,23,第一金-員林,2024-07-26,5381
00679B,元大美債20年,30,8,22,第一金-員林,2024-07-26,5381
00935,野村臺灣新科技50,22,0,22,第一金-員林,2024-07-26,5381
2356,英業達,35,13,22,第一金-員林,2024-07-26,5381
00715L,期街口布蘭特正2,20,0,20,第一金-員林,2024-07-26,5381
2409,友達,21,1,20,第一金-員林,2024-07-26,5381
2867,三商壽,25,5,20,第一金-員林,2024-07-26,5381
2884,玉山金,27,8,19,第一金-員林,2024-07-26,5381
00725B,國泰投資級公司債,19,1,18,第一金-員林,2024-07-26,5381
00712,復華富時不動產,17,0,17,第一金-員林,2024-07-26,5381
2002,中鋼,19,2,17,第一金-員林,2024-07-26,5381
6431,光麗-KY,22,5,17,第一金-員林,2024-07-26,5381
0056,元大高股息,15,0,15,第一金-員林,2024-07-26,5381
00923,群益台ESG低碳50,15,0,15,第一金-員林,2024-07-26,5381
3706,神達,15,0,15,第一金-員林,2024-07-26,5381
2382,廣達,14,0,14,第一金-員林,2024-07-26,5381
00687B,國泰20年美債,14,0,14,第一金-員林,2024-07-26,5381
2881,富邦金,20,7,13,第一金-員林,2024-07-26,5381
00905,FT臺灣Smart,13,0,13,第一金-員林,2024-07-26,5381
00927,群益半導體收益,13,0,13,第一金-員林,2024-07-26,5381
3521,鴻翊,13,0,13,第一金-員林,2024-07-26,5381
1532,勤美,13,1,12,第一金-員林,2024-07-26,5381
2634,漢翔,12,0,12,第一金-員林,2024-07-26,5381
2352,佳世達,12,0,12,第一金-員林,2024-07-26,5381
00937B,群益ESG投等債20,439,30,409,第一金-員林,2024-07-29,5381
00935,野村臺灣新科技50,181,0,181,第一金-員林,2024-07-29,5381
9105,泰金寶-DR,164,3,161,第一金-員林,2024-07-29,5381
2014,中鴻,160,1,159,第一金-員林,2024-07-29,5381
00688L,國泰20年美債正2,119,0,119,第一金-員林,2024-07-29,5381
00878,國泰永續高股息,105,0,105,第一金-員林,2024-07-29,5381
00918,大華優利高填息30,82,0,82,第一金-員林,2024-07-29,5381
1449,佳和,52,7,45,第一金-員林,2024-07-29,5381
00641R,富邦日本反1,40,0,40,第一金-員林,2024-07-29,5381
3481,群創,152,113,39,第一金-員林,2024-07-29,5381
6625,必應,35,0,35,第一金-員林,2024-07-29,5381
0056,元大高股息,34,0,34,第一金-員林,2024-07-29,5381
00923,群益台ESG低碳50,31,0,31,第一金-員林,2024-07-29,5381
00946,群益科技高息成長,36,8,28,第一金-員林,2024-07-29,5381
00927,群益半導體收益,33,6,27,第一金-員林,2024-07-29,5381
6116,彩晶,40,14,26,第一金-員林,2024-07-29,5381
6531,愛普*,26,0,26,第一金-員林,2024-07-29,5381
00919,群益台灣精選高息,58,33,25,第一金-員林,2024-07-29,5381
2867,三商壽,25,0,25,第一金-員林,2024-07-29,5381
00936,台新永續高息中小,22,0,22,第一金-員林,2024-07-29,5381
8936,國統,23,4,19,第一金-員林,2024-07-29,5381
2363,矽統,41,23,18,第一金-員林,2024-07-29,5381
1785,光洋科,18,0,18,第一金-員林,2024-07-29,5381
3706,神達,17,0,17,第一金-員林,2024-07-29,5381
00680L,元大美債20正2,15,0,15,第一金-員林,2024-07-29,5381
6869,雲豹能源,14,0,14,第一金-員林,2024-07-29,5381
2891,中信金,13,0,13,第一金-員林,2024-07-29,5381
00751B,元大AAA至A公司債,12,0,12,第一金-員林,2024-07-29,5381
3711,日月光投控,13,1,12,第一金-員林,2024-07-29,5381
00934,中信成長高股息,11,0,11,第一金-員林,2024-07-29,5381
1815,富喬,11,0,11,第一金-員林,2024-07-29,5381
2883,凱基金,12,1,11,第一金-員林,2024-07-29,5381
3167,大量,11,0,11,第一金-員林,2024-07-29,5381
6121,新普,10,0,10,第一金-員林,2024-07-29,5381
1210,大成,10,0,10,第一金-員林,2024-07-29,5381
1227,佳格,10,0,10,第一金-員林,2024-07-29,5381
2337,旺宏,10,0,10,第一金-員林,2024-07-29,5381
2397,友通,10,0,10,第一金-員林,2024-07-29,5381
3059,華晶科,10,0,10,第一金-員林,2024-07-29,5381
6120,達運,10,0,10,第一金-員林,2024-07-29,5381
6182,合晶,10,0,10,第一金-員林,2024-07-29,5381
6196,帆宣,10,0,10,第一金-員林,2024-07-29,5381
8096,擎亞,10,0,10,第一金-員林,2024-07-29,5381
3231,緯創,12,2,10,第一金-員林,2024-07-29,5381
2884,玉山金,9,0,9,第一金-員林,2024-07-29,5381
6152,百一,10,1,9,第一金-員林,2024-07-29,5381
3380,明泰,10,1,9,第一金-員林,2024-07-29,5381
00933B,國泰10Y+金融債,10,1,9,第一金-員林,2024-07-29,5381
2331,精英,8,0,8,第一金-員林,2024-07-29,5381
00940,元大台灣價值高息,10,2,8,第一金-員林,2024-07-29,5381
00929,復華台灣科技優息,356,17,339,第一金-員林,2024-07-30,5381
00940,元大台灣價值高息,105,5,100,第一金-員林,2024-07-30,5381
00936,台新永續高息中小,103,5,98,第一金-員林,2024-07-30,5381
2107,厚生,60,0,60,第一金-員林,2024-07-30,5381
00665L,富邦�琤肭磪囓�2,175,120,55,第一金-員林,2024-07-30,5381
6625,必應,49,0,49,第一金-員林,2024-07-30,5381
00946,群益科技高息成長,63,15,48,第一金-員林,2024-07-30,5381
2881,富邦金,40,0,40,第一金-員林,2024-07-30,5381
00706L,期元大S＆P日圓正2,39,0,39,第一金-員林,2024-07-30,5381
00878,國泰永續高股息,44,9,35,第一金-員林,2024-07-30,5381
8064,東捷,68,35,33,第一金-員林,2024-07-30,5381
2891,中信金,31,0,31,第一金-員林,2024-07-30,5381
00933B,國泰10Y+金融債,30,0,30,第一金-員林,2024-07-30,5381
00885,富邦越南,34,5,29,第一金-員林,2024-07-30,5381
2303,聯電,31,3,28,第一金-員林,2024-07-30,5381
2834,臺企銀,30,2,28,第一金-員林,2024-07-30,5381
2489,瑞軒,25,1,24,第一金-員林,2024-07-30,5381
3189,景碩,24,2,22,第一金-員林,2024-07-30,5381
3481,群創,43,22,21,第一金-員林,2024-07-30,5381
1210,大成,20,0,20,第一金-員林,2024-07-30,5381
2883,凱基金,18,1,17,第一金-員林,2024-07-30,5381
00905,FT臺灣Smart,17,0,17,第一金-員林,2024-07-30,5381
006208,富邦台50,16,0,16,第一金-員林,2024-07-30,5381
8374,羅昇,19,4,15,第一金-員林,2024-07-30,5381
1584,精剛,16,1,15,第一金-員林,2024-07-30,5381
00676R,富邦臺灣加權反1,14,0,14,第一金-員林,2024-07-30,5381
2359,所羅門,18,6,12,第一金-員林,2024-07-30,5381
00949,復華日本龍頭,12,0,12,第一金-員林,2024-07-30,5381
2367,燿華,23,12,11,第一金-員林,2024-07-30,5381
4746,台耀,11,0,11,第一金-員林,2024-07-30,5381
00923,群益台ESG低碳50,10,0,10,第一金-員林,2024-07-30,5381
00951,台新日本半導體,10,0,10,第一金-員林,2024-07-30,5381
2061,風青,10,0,10,第一金-員林,2024-07-30,5381
3211,順達,11,1,10,第一金-員林,2024-07-30,5381
00941,中信上游半導體,10,0,10,第一金-員林,2024-07-30,5381
2344,華邦電,13,4,9,第一金-員林,2024-07-30,5381
2884,玉山金,11,2,9,第一金-員林,2024-07-30,5381
00927,群益半導體收益,10,1,9,第一金-員林,2024-07-30,5381
00915,凱基優選高股息30,9,0,9,第一金-員林,2024-07-30,5381
00919,群益台灣精選高息,22,13,9,第一金-員林,2024-07-30,5381
2442,新美齊,8,0,8,第一金-員林,2024-07-30,5381
3013,晟銘電,13,5,8,第一金-員林,2024-07-30,5381
4942,嘉彰,8,0,8,第一金-員林,2024-07-30,5381
4958,臻鼎-KY,8,0,8,第一金-員林,2024-07-30,5381
9910,豐泰,7,0,7,第一金-員林,2024-07-30,5381
1522,堤維西,7,0,7,第一金-員林,2024-07-30,5381
2431,聯昌,7,0,7,第一金-員林,2024-07-30,5381
2888,新光金,10,3,7,第一金-員林,2024-07-30,5381
2009,第一銅,6,0,6,第一金-員林,2024-07-30,5381
3062,建漢,20,14,6,第一金-員林,2024-07-30,5381
00632R,元大台灣50反1,100,10,90,第一金-員林,2024-07-31,5381
2449,京元電子,60,0,60,第一金-員林,2024-07-31,5381
00929,復華台灣科技優息,71,12,59,第一金-員林,2024-07-31,5381
00687B,國泰20年美債,33,0,33,第一金-員林,2024-07-31,5381
2349,錸德,56,26,30,第一金-員林,2024-07-31,5381
00665L,富邦�琤肭磪囓�2,127,100,27,第一金-員林,2024-07-31,5381
2888,新光金,54,28,26,第一金-員林,2024-07-31,5381
00679B,元大美債20年,21,0,21,第一金-員林,2024-07-31,5381
6179,亞通,23,2,21,第一金-員林,2024-07-31,5381
00680L,元大美債20正2,20,0,20,第一金-員林,2024-07-31,5381
00885,富邦越南,20,0,20,第一金-員林,2024-07-31,5381
00878,國泰永續高股息,29,9,20,第一金-員林,2024-07-31,5381
2312,金寶,25,6,19,第一金-員林,2024-07-31,5381
4534,慶騰,18,0,18,第一金-員林,2024-07-31,5381
00946,群益科技高息成長,22,5,17,第一金-員林,2024-07-31,5381
6016,康和證,15,0,15,第一金-員林,2024-07-31,5381
9105,泰金寶-DR,16,1,15,第一金-員林,2024-07-31,5381
3229,晟鈦,12,0,12,第一金-員林,2024-07-31,5381
8064,東捷,44,32,12,第一金-員林,2024-07-31,5381
2884,玉山金,12,0,12,第一金-員林,2024-07-31,5381
3047,訊舟,132,120,12,第一金-員林,2024-07-31,5381
2204,中華,11,0,11,第一金-員林,2024-07-31,5381
6531,愛普*,10,0,10,第一金-員林,2024-07-31,5381
00693U,期街口S＆P黃豆,10,0,10,第一金-員林,2024-07-31,5381
1316,上曜,11,1,10,第一金-員林,2024-07-31,5381
2107,厚生,10,0,10,第一金-員林,2024-07-31,5381
2356,英業達,19,9,10,第一金-員林,2024-07-31,5381
2402,毅嘉,10,0,10,第一金-員林,2024-07-31,5381
2460,建通,10,0,10,第一金-員林,2024-07-31,5381
3024,憶聲,10,0,10,第一金-員林,2024-07-31,5381
5310,天剛,10,0,10,第一金-員林,2024-07-31,5381
9955,佳龍,11,1,10,第一金-員林,2024-07-31,5381
0056,元大高股息,12,2,10,第一金-員林,2024-07-31,5381
00688L,國泰20年美債正2,9,0,9,第一金-員林,2024-07-31,5381
1536,和大,11,2,9,第一金-員林,2024-07-31,5381
3593,力銘,11,2,9,第一金-員林,2024-07-31,5381
2317,鴻海,53,44,9,第一金-員林,2024-07-31,5381
4123,晟德,8,0,8,第一金-員林,2024-07-31,5381
8996,高力,8,0,8,第一金-員林,2024-07-31,5381
3105,穩懋,10,3,7,第一金-員林,2024-07-31,5381
00922,國泰台灣領袖50,7,0,7,第一金-員林,2024-07-31,5381
00945B,凱基美國非投等債,7,0,7,第一金-員林,2024-07-31,5381
2061,風青,7,0,7,第一金-員林,2024-07-31,5381
2344,華邦電,9,2,7,第一金-員林,2024-07-31,5381
4526,東台,28,21,7,第一金-員林,2024-07-31,5381
6187,萬潤,8,1,7,第一金-員林,2024-07-31,5381
2393,億光,6,0,6,第一金-員林,2024-07-31,5381
00752,中信中國50,6,0,6,第一金-員林,2024-07-31,5381
2362,藍天,23,17,6,第一金-員林,2024-07-31,5381
2408,南亞科,17,11,6,第一金-員林,2024-07-31,5381
00937B,群益ESG投等債20,467,35,432,第一金-員林,2024-08-01,5381
00676R,富邦臺灣加權反1,102,0,102,第一金-員林,2024-08-01,5381
3481,群創,124,41,83,第一金-員林,2024-08-01,5381
00881,國泰台灣5G+,78,0,78,第一金-員林,2024-08-01,5381
00679B,元大美債20年,71,0,71,第一金-員林,2024-08-01,5381
00878,國泰永續高股息,47,0,47,第一金-員林,2024-08-01,5381
00919,群益台灣精選高息,39,0,39,第一金-員林,2024-08-01,5381
00933B,國泰10Y+金融債,37,0,37,第一金-員林,2024-08-01,5381
2349,錸德,99,72,27,第一金-員林,2024-08-01,5381
2409,友達,27,0,27,第一金-員林,2024-08-01,5381
2367,燿華,32,10,22,第一金-員林,2024-08-01,5381
2312,金寶,20,0,20,第一金-員林,2024-08-01,5381
2888,新光金,25,5,20,第一金-員林,2024-08-01,5381
2402,毅嘉,26,10,16,第一金-員林,2024-08-01,5381
3047,訊舟,28,14,14,第一金-員林,2024-08-01,5381
00680L,元大美債20正2,14,0,14,第一金-員林,2024-08-01,5381
0056,元大高股息,16,3,13,第一金-員林,2024-08-01,5381
2313,華通,22,10,12,第一金-員林,2024-08-01,5381
3095,及成,12,0,12,第一金-員林,2024-08-01,5381
9902,台火,12,0,12,第一金-員林,2024-08-01,5381
2883,凱基金,11,0,11,第一金-員林,2024-08-01,5381
1447,力鵬,10,0,10,第一金-員林,2024-08-01,5381
1709,和益,10,0,10,第一金-員林,2024-08-01,5381
4562,穎漢,10,0,10,第一金-員林,2024-08-01,5381
8016,矽創,10,0,10,第一金-員林,2024-08-01,5381
8104,錸寶,10,0,10,第一金-員林,2024-08-01,5381
3535,晶彩科,15,6,9,第一金-員林,2024-08-01,5381
2867,三商壽,23,14,9,第一金-員林,2024-08-01,5381
3580,友威科,12,3,9,第一金-員林,2024-08-01,5381
2537,聯上發,24,16,8,第一金-員林,2024-08-01,5381
6266,泰詠,8,0,8,第一金-員林,2024-08-01,5381
8096,擎亞,30,22,8,第一金-員林,2024-08-01,5381
2609,陽明,61,54,7,第一金-員林,2024-08-01,5381
3188,鑫龍騰,9,2,7,第一金-員林,2024-08-01,5381
8473,山林水,7,0,7,第一金-員林,2024-08-01,5381
00934,中信成長高股息,11,5,6,第一金-員林,2024-08-01,5381
5876,上海商銀,6,0,6,第一金-員林,2024-08-01,5381
00932,兆豐永續高息等權,6,0,6,第一金-員林,2024-08-01,5381
4714,永捷,6,0,6,第一金-員林,2024-08-01,5381
6603,富強鑫,6,0,6,第一金-員林,2024-08-01,5381
8043,蜜望實,6,0,6,第一金-員林,2024-08-01,5381
8937,合騏,6,0,6,第一金-員林,2024-08-01,5381
9105,泰金寶-DR,6,0,6,第一金-員林,2024-08-01,5381
2887,台新金,8,2,6,第一金-員林,2024-08-01,5381
2376,技嘉,5,0,5,第一金-員林,2024-08-01,5381
2379,瑞昱,5,0,5,第一金-員林,2024-08-01,5381
2489,瑞軒,10,5,5,第一金-員林,2024-08-01,5381
00885,富邦越南,5,0,5,第一金-員林,2024-08-01,5381
00922,國泰台灣領袖50,5,0,5,第一金-員林,2024-08-01,5381
00909,國泰數位支付服務,5,0,5,第一金-員林,2024-08-01,5381
00929,復華台灣科技優息,363,6,357,第一金-員林,2024-08-02,5381
2002,中鋼,163,0,163,第一金-員林,2024-08-02,5381
00919,群益台灣精選高息,126,6,120,第一金-員林,2024-08-02,5381
00878,國泰永續高股息,119,4,115,第一金-員林,2024-08-02,5381
00940,元大台灣價值高息,101,0,101,第一金-員林,2024-08-02,5381
4306,炎洲,101,0,101,第一金-員林,2024-08-02,5381
00676R,富邦臺灣加權反1,100,0,100,第一金-員林,2024-08-02,5381
00679B,元大美債20年,105,12,93,第一金-員林,2024-08-02,5381
2317,鴻海,104,17,87,第一金-員林,2024-08-02,5381
9958,世紀鋼,74,0,74,第一金-員林,2024-08-02,5381
2107,厚生,60,0,60,第一金-員林,2024-08-02,5381
00688L,國泰20年美債正2,50,0,50,第一金-員林,2024-08-02,5381
00934,中信成長高股息,58,15,43,第一金-員林,2024-08-02,5381
2330,台積電,44,3,41,第一金-員林,2024-08-02,5381
00687B,國泰20年美債,47,7,40,第一金-員林,2024-08-02,5381
00949,復華日本龍頭,33,0,33,第一金-員林,2024-08-02,5381
3037,欣興,42,10,32,第一金-員林,2024-08-02,5381
0056,元大高股息,32,2,30,第一金-員林,2024-08-02,5381
00905,FT臺灣Smart,30,0,30,第一金-員林,2024-08-02,5381
5213,亞昕,30,0,30,第一金-員林,2024-08-02,5381
3711,日月光投控,41,12,29,第一金-員林,2024-08-02,5381
00948B,中信優息投資級債,26,0,26,第一金-員林,2024-08-02,5381
3062,建漢,25,2,23,第一金-員林,2024-08-02,5381
00632R,元大台灣50反1,111,90,21,第一金-員林,2024-08-02,5381
1617,榮星,20,0,20,第一金-員林,2024-08-02,5381
2892,第一金,23,3,20,第一金-員林,2024-08-02,5381
8054,安國,27,9,18,第一金-員林,2024-08-02,5381
0050,元大台灣50,17,0,17,第一金-員林,2024-08-02,5381
2834,臺企銀,18,1,17,第一金-員林,2024-08-02,5381
00923,群益台ESG低碳50,16,0,16,第一金-員林,2024-08-02,5381
2891,中信金,16,0,16,第一金-員林,2024-08-02,5381
1446,宏和,16,0,16,第一金-員林,2024-08-02,5381
006208,富邦台50,16,1,15,第一金-員林,2024-08-02,5381
00918,大華優利高填息30,17,2,15,第一金-員林,2024-08-02,5381
1528,恩德,28,13,15,第一金-員林,2024-08-02,5381
2382,廣達,15,1,14,第一金-員林,2024-08-02,5381
2337,旺宏,17,3,14,第一金-員林,2024-08-02,5381
2542,興富發,14,0,14,第一金-員林,2024-08-02,5381
00933B,國泰10Y+金融債,14,0,14,第一金-員林,2024-08-02,5381
4513,福裕,65,51,14,第一金-員林,2024-08-02,5381
2362,藍天,16,2,14,第一金-員林,2024-08-02,5381
00900,富邦特選高股息30,13,0,13,第一金-員林,2024-08-02,5381
2501,國建,17,4,13,第一金-員林,2024-08-02,5381
00927,群益半導體收益,12,0,12,第一金-員林,2024-08-02,5381
2351,順德,12,0,12,第一金-員林,2024-08-02,5381
1314,中石化,12,0,12,第一金-員林,2024-08-02,5381
2101,南港,14,2,12,第一金-員林,2024-08-02,5381
3048,益登,13,1,12,第一金-員林,2024-08-02,5381
3363,上詮,12,0,12,第一金-員林,2024-08-02,5381
5392,能率,22,10,12,第一金-員林,2024-08-02,5381
00929,復華台灣科技優息,1848,120,1728,第一金-員林,2024-08-05,5381
00940,元大台灣價值高息,338,34,304,第一金-員林,2024-08-05,5381
00680L,元大美債20正2,264,7,257,第一金-員林,2024-08-05,5381
00919,群益台灣精選高息,186,20,166,第一金-員林,2024-08-05,5381
00878,國泰永續高股息,174,8,166,第一金-員林,2024-08-05,5381
3481,群創,242,112,130,第一金-員林,2024-08-05,5381
5213,亞昕,117,7,110,第一金-員林,2024-08-05,5381
0056,元大高股息,90,7,83,第一金-員林,2024-08-05,5381
2867,三商壽,99,21,78,第一金-員林,2024-08-05,5381
2349,錸德,90,13,77,第一金-員林,2024-08-05,5381
2511,太子,77,0,77,第一金-員林,2024-08-05,5381
2241,艾姆勒,102,28,74,第一金-員林,2024-08-05,5381
00650L,復華香港正2,70,0,70,第一金-員林,2024-08-05,5381
2834,臺企銀,65,10,55,第一金-員林,2024-08-05,5381
2317,鴻海,68,20,48,第一金-員林,2024-08-05,5381
00715L,期街口布蘭特正2,48,0,48,第一金-員林,2024-08-05,5381
2915,潤泰全,50,2,48,第一金-員林,2024-08-05,5381
1314,中石化,40,0,40,第一金-員林,2024-08-05,5381
00946,群益科技高息成長,56,17,39,第一金-員林,2024-08-05,5381
2363,矽統,42,5,37,第一金-員林,2024-08-05,5381
2610,華航,36,0,36,第一金-員林,2024-08-05,5381
8046,南電,35,0,35,第一金-員林,2024-08-05,5381
00931B,統一美債20年,37,2,35,第一金-員林,2024-08-05,5381
5225,東科-KY,35,0,35,第一金-員林,2024-08-05,5381
006208,富邦台50,36,2,34,第一金-員林,2024-08-05,5381
00688L,國泰20年美債正2,45,11,34,第一金-員林,2024-08-05,5381
00933B,國泰10Y+金融債,38,5,33,第一金-員林,2024-08-05,5381
00936,台新永續高息中小,38,6,32,第一金-員林,2024-08-05,5381
3189,景碩,48,20,28,第一金-員林,2024-08-05,5381
2442,新美齊,27,0,27,第一金-員林,2024-08-05,5381
2206,三陽工業,61,35,26,第一金-員林,2024-08-05,5381
2892,第一金,71,47,24,第一金-員林,2024-08-05,5381
9105,泰金寶-DR,24,0,24,第一金-員林,2024-08-05,5381
1316,上曜,28,5,23,第一金-員林,2024-08-05,5381
2887,台新金,25,3,22,第一金-員林,2024-08-05,5381
2330,台積電,59,37,22,第一金-員林,2024-08-05,5381
6770,力積電,25,3,22,第一金-員林,2024-08-05,5381
9958,世紀鋼,22,0,22,第一金-員林,2024-08-05,5381
6147,頎邦,22,0,22,第一金-員林,2024-08-05,5381
9110,越南控-DR,22,0,22,第一金-員林,2024-08-05,5381
6116,彩晶,23,3,20,第一金-員林,2024-08-05,5381
00712,復華富時不動產,30,10,20,第一金-員林,2024-08-05,5381
00655L,國泰中國A50正2,20,0,20,第一金-員林,2024-08-05,5381
00665L,富邦�琤肭磪囓�2,120,100,20,第一金-員林,2024-08-05,5381
2338,光罩,18,0,18,第一金-員林,2024-08-05,5381
00675L,富邦臺灣加權正2,18,0,18,第一金-員林,2024-08-05,5381
00923,群益台ESG低碳50,17,0,17,第一金-員林,2024-08-05,5381
00713,元大台灣高息低波,19,2,17,第一金-員林,2024-08-05,5381
2515,中工,18,1,17,第一金-員林,2024-08-05,5381
3122,笙泉,17,0,17,第一金-員林,2024-08-05,5381
00632R,元大台灣50反1,282,125,157,第一金-員林,2024-08-06,5381
00881,國泰台灣5G+,110,2,108,第一金-員林,2024-08-06,5381
2312,金寶,101,3,98,第一金-員林,2024-08-06,5381
00676R,富邦臺灣加權反1,90,0,90,第一金-員林,2024-08-06,5381
6625,必應,89,0,89,第一金-員林,2024-08-06,5381
2338,光罩,77,15,62,第一金-員林,2024-08-06,5381
2204,中華,61,0,61,第一金-員林,2024-08-06,5381
5213,亞昕,113,52,61,第一金-員林,2024-08-06,5381
1536,和大,69,17,52,第一金-員林,2024-08-06,5381
3522,御嵿,47,0,47,第一金-員林,2024-08-06,5381
00878,國泰永續高股息,63,19,44,第一金-員林,2024-08-06,5381
2867,三商壽,53,12,41,第一金-員林,2024-08-06,5381
00631L,元大台灣50正2,43,8,35,第一金-員林,2024-08-06,5381
3481,群創,64,29,35,第一金-員林,2024-08-06,5381
00637L,元大滬深300正2,31,0,31,第一金-員林,2024-08-06,5381
2349,錸德,126,95,31,第一金-員林,2024-08-06,5381
2317,鴻海,93,66,27,第一金-員林,2024-08-06,5381
2881,富邦金,43,16,27,第一金-員林,2024-08-06,5381
0050,元大台灣50,29,3,26,第一金-員林,2024-08-06,5381
2409,友達,41,16,25,第一金-員林,2024-08-06,5381
00641R,富邦日本反1,23,0,23,第一金-員林,2024-08-06,5381
3013,晟銘電,23,0,23,第一金-員林,2024-08-06,5381
2887,台新金,24,2,22,第一金-員林,2024-08-06,5381
00655L,國泰中國A50正2,22,0,22,第一金-員林,2024-08-06,5381
2356,英業達,27,5,22,第一金-員林,2024-08-06,5381
5880,合庫金,27,5,22,第一金-員林,2024-08-06,5381
2501,國建,30,9,21,第一金-員林,2024-08-06,5381
6603,富強鑫,25,4,21,第一金-員林,2024-08-06,5381
5381,合正,20,0,20,第一金-員林,2024-08-06,5381
2426,鼎元,20,0,20,第一金-員林,2024-08-06,5381
9958,世紀鋼,21,4,17,第一金-員林,2024-08-06,5381
5512,力麒,22,5,17,第一金-員林,2024-08-06,5381
2542,興富發,21,5,16,第一金-員林,2024-08-06,5381
3715,定穎投控,21,5,16,第一金-員林,2024-08-06,5381
00675L,富邦臺灣加權正2,18,2,16,第一金-員林,2024-08-06,5381
00932,兆豐永續高息等權,15,0,15,第一金-員林,2024-08-06,5381
00900,富邦特選高股息30,16,2,14,第一金-員林,2024-08-06,5381
1316,上曜,48,34,14,第一金-員林,2024-08-06,5381
1528,恩德,14,0,14,第一金-員林,2024-08-06,5381
2337,旺宏,16,3,13,第一金-員林,2024-08-06,5381
1609,大亞,14,1,13,第一金-員林,2024-08-06,5381
006208,富邦台50,14,1,13,第一金-員林,2024-08-06,5381
1524,耿鼎,12,0,12,第一金-員林,2024-08-06,5381
5443,均豪,38,26,12,第一金-員林,2024-08-06,5381
9105,泰金寶-DR,153,141,12,第一金-員林,2024-08-06,5381
9802,鈺齊-KY,12,0,12,第一金-員林,2024-08-06,5381
0056,元大高股息,35,23,12,第一金-員林,2024-08-06,5381
00679B,元大美債20年,48,37,11,第一金-員林,2024-08-06,5381
2745,五福,11,0,11,第一金-員林,2024-08-06,5381
2002,中鋼,16,5,11,第一金-員林,2024-08-06,5381
00929,復華台灣科技優息,867,56,811,第一金-員林,2024-08-07,5381
00676R,富邦臺灣加權反1,190,0,190,第一金-員林,2024-08-07,5381
00946,群益科技高息成長,83,10,73,第一金-員林,2024-08-07,5381
00687B,國泰20年美債,44,3,41,第一金-員林,2024-08-07,5381
00679B,元大美債20年,48,7,41,第一金-員林,2024-08-07,5381
00641R,富邦日本反1,41,4,37,第一金-員林,2024-08-07,5381
2317,鴻海,108,72,36,第一金-員林,2024-08-07,5381
00919,群益台灣精選高息,44,9,35,第一金-員林,2024-08-07,5381
00918,大華優利高填息30,30,0,30,第一金-員林,2024-08-07,5381
00675L,富邦臺灣加權正2,26,0,26,第一金-員林,2024-08-07,5381
00878,國泰永續高股息,26,5,21,第一金-員林,2024-08-07,5381
2070,精湛,20,0,20,第一金-員林,2024-08-07,5381
00712,復華富時不動產,36,20,16,第一金-員林,2024-08-07,5381
2243,宏旭-KY,17,1,16,第一金-員林,2024-08-07,5381
2408,南亞科,20,7,13,第一金-員林,2024-08-07,5381
3522,御嵿,13,0,13,第一金-員林,2024-08-07,5381
00937B,群益ESG投等債20,19,7,12,第一金-員林,2024-08-07,5381
4303,信立,17,5,12,第一金-員林,2024-08-07,5381
2359,所羅門,15,3,12,第一金-員林,2024-08-07,5381
2101,南港,12,1,11,第一金-員林,2024-08-07,5381
2356,英業達,15,5,10,第一金-員林,2024-08-07,5381
2515,中工,10,0,10,第一金-員林,2024-08-07,5381
2838,聯邦銀,10,0,10,第一金-員林,2024-08-07,5381
3706,神達,10,0,10,第一金-員林,2024-08-07,5381
1314,中石化,11,2,9,第一金-員林,2024-08-07,5381
2409,友達,21,12,9,第一金-員林,2024-08-07,5381
6021,美好證,9,0,9,第一金-員林,2024-08-07,5381
2382,廣達,15,7,8,第一金-員林,2024-08-07,5381
2313,華通,8,0,8,第一金-員林,2024-08-07,5381
1536,和大,11,4,7,第一金-員林,2024-08-07,5381
2501,國建,14,7,7,第一金-員林,2024-08-07,5381
3019,亞光,19,13,6,第一金-員林,2024-08-07,5381
8054,安國,24,18,6,第一金-員林,2024-08-07,5381
2338,光罩,6,0,6,第一金-員林,2024-08-07,5381
2867,三商壽,11,5,6,第一金-員林,2024-08-07,5381
2883B,凱基金乙特,6,0,6,第一金-員林,2024-08-07,5381
3290,東浦,6,0,6,第一金-員林,2024-08-07,5381
3489,森寶,7,1,6,第一金-員林,2024-08-07,5381
6282,康舒,10,4,6,第一金-員林,2024-08-07,5381
2881,富邦金,7,1,6,第一金-員林,2024-08-07,5381
00905,FT臺灣Smart,5,0,5,第一金-員林,2024-08-07,5381
00632R,元大台灣50反1,63,58,5,第一金-員林,2024-08-07,5381
00932,兆豐永續高息等權,5,0,5,第一金-員林,2024-08-07,5381
1584,精剛,6,1,5,第一金-員林,2024-08-07,5381
2481,強茂,5,0,5,第一金-員林,2024-08-07,5381
2542,興富發,5,0,5,第一金-員林,2024-08-07,5381
2883,凱基金,5,0,5,第一金-員林,2024-08-07,5381
3149,正達,5,0,5,第一金-員林,2024-08-07,5381
3416,融程電,5,0,5,第一金-員林,2024-08-07,5381
3450,聯鈞,9,4,5,第一金-員林,2024-08-07,5381
00725B,國泰投資級公司債,217,0,217,第一金-員林,2024-08-08,5381
2349,錸德,196,69,127,第一金-員林,2024-08-08,5381
2204,中華,97,0,97,第一金-員林,2024-08-08,5381
00929,復華台灣科技優息,89,7,82,第一金-員林,2024-08-08,5381
4510,高鋒,115,61,54,第一金-員林,2024-08-08,5381
00881,國泰台灣5G+,52,3,49,第一金-員林,2024-08-08,5381
00878,國泰永續高股息,48,6,42,第一金-員林,2024-08-08,5381
00700,富邦�琤肭磪�,40,0,40,第一金-員林,2024-08-08,5381
00752,中信中國50,40,0,40,第一金-員林,2024-08-08,5381
2317,鴻海,90,52,38,第一金-員林,2024-08-08,5381
2834,臺企銀,46,13,33,第一金-員林,2024-08-08,5381
00882,中信中國高股息,40,10,30,第一金-員林,2024-08-08,5381
2886,兆豐金,26,0,26,第一金-員林,2024-08-08,5381
2882,國泰金,25,0,25,第一金-員林,2024-08-08,5381
1316,上曜,40,15,25,第一金-員林,2024-08-08,5381
2609,陽明,77,52,25,第一金-員林,2024-08-08,5381
2892,第一金,23,0,23,第一金-員林,2024-08-08,5381
2515,中工,21,0,21,第一金-員林,2024-08-08,5381
00636,國泰中國A50,20,0,20,第一金-員林,2024-08-08,5381
2615,萬海,29,9,20,第一金-員林,2024-08-08,5381
4909,新復興,18,2,16,第一金-員林,2024-08-08,5381
00720B,元大投資級公司債,15,0,15,第一金-員林,2024-08-08,5381
00679B,元大美債20年,28,13,15,第一金-員林,2024-08-08,5381
00937B,群益ESG投等債20,14,0,14,第一金-員林,2024-08-08,5381
00687B,國泰20年美債,20,6,14,第一金-員林,2024-08-08,5381
2489,瑞軒,25,12,13,第一金-員林,2024-08-08,5381
2501,國建,15,2,13,第一金-員林,2024-08-08,5381
5213,亞昕,49,37,12,第一金-員林,2024-08-08,5381
1326,台化,11,0,11,第一金-員林,2024-08-08,5381
00715L,期街口布蘭特正2,12,1,11,第一金-員林,2024-08-08,5381
2371,大同,14,3,11,第一金-員林,2024-08-08,5381
4564,元翎,11,0,11,第一金-員林,2024-08-08,5381
2303,聯電,12,1,11,第一金-員林,2024-08-08,5381
2382,廣達,14,4,10,第一金-員林,2024-08-08,5381
6531,愛普*,11,1,10,第一金-員林,2024-08-08,5381
1475,業旺,10,0,10,第一金-員林,2024-08-08,5381
2331,精英,11,1,10,第一金-員林,2024-08-08,5381
3122,笙泉,10,0,10,第一金-員林,2024-08-08,5381
5521,工信,10,0,10,第一金-員林,2024-08-08,5381
1301,台塑,9,0,9,第一金-員林,2024-08-08,5381
3481,群創,21,12,9,第一金-員林,2024-08-08,5381
1540,喬福,59,50,9,第一金-員林,2024-08-08,5381
6869,雲豹能源,18,10,8,第一金-員林,2024-08-08,5381
6213,聯茂,9,1,8,第一金-員林,2024-08-08,5381
00915,凱基優選高股息30,11,3,8,第一金-員林,2024-08-08,5381
2316,楠梓電,8,0,8,第一金-員林,2024-08-08,5381
6021,美好證,8,0,8,第一金-員林,2024-08-08,5381
2891,中信金,9,2,7,第一金-員林,2024-08-08,5381
6806,森崴能源,11,4,7,第一金-員林,2024-08-08,5381
1597,直得,9,2,7,第一金-員林,2024-08-08,5381
2609,陽明,256,53,203,第一金-員林,2024-08-09,5381
00679B,元大美債20年,156,2,154,第一金-員林,2024-08-09,5381
2888,新光金,131,14,117,第一金-員林,2024-08-09,5381
00632R,元大台灣50反1,101,1,100,第一金-員林,2024-08-09,5381
2328,廣宇,96,0,96,第一金-員林,2024-08-09,5381
00676R,富邦臺灣加權反1,90,13,77,第一金-員林,2024-08-09,5381
00687B,國泰20年美債,76,4,72,第一金-員林,2024-08-09,5381
00937B,群益ESG投等債20,71,6,65,第一金-員林,2024-08-09,5381
00919,群益台灣精選高息,41,5,36,第一金-員林,2024-08-09,5381
00700,富邦�琤肭磪�,35,0,35,第一金-員林,2024-08-09,5381
00882,中信中國高股息,43,10,33,第一金-員林,2024-08-09,5381
00636,國泰中國A50,33,0,33,第一金-員林,2024-08-09,5381
00752,中信中國50,30,0,30,第一金-員林,2024-08-09,5381
00929,復華台灣科技優息,72,43,29,第一金-員林,2024-08-09,5381
2489,瑞軒,35,10,25,第一金-員林,2024-08-09,5381
2845,遠東銀,22,0,22,第一金-員林,2024-08-09,5381
00680L,元大美債20正2,22,1,21,第一金-員林,2024-08-09,5381
3044,健鼎,21,0,21,第一金-員林,2024-08-09,5381
00641R,富邦日本反1,20,0,20,第一金-員林,2024-08-09,5381
3037,欣興,35,16,19,第一金-員林,2024-08-09,5381
00688L,國泰20年美債正2,17,0,17,第一金-員林,2024-08-09,5381
2353,宏��,15,0,15,第一金-員林,2024-08-09,5381
00931B,統一美債20年,15,0,15,第一金-員林,2024-08-09,5381
2615,萬海,64,50,14,第一金-員林,2024-08-09,5381
2913,農林,13,0,13,第一金-員林,2024-08-09,5381
6531,愛普*,14,1,13,第一金-員林,2024-08-09,5381
1532,勤美,12,0,12,第一金-員林,2024-08-09,5381
3450,聯鈞,18,6,12,第一金-員林,2024-08-09,5381
5309,系統電,15,3,12,第一金-員林,2024-08-09,5381
8064,東捷,11,0,11,第一金-員林,2024-08-09,5381
2882,國泰金,15,4,11,第一金-員林,2024-08-09,5381
00934,中信成長高股息,10,0,10,第一金-員林,2024-08-09,5381
2206,三陽工業,10,0,10,第一金-員林,2024-08-09,5381
00720B,元大投資級公司債,10,0,10,第一金-員林,2024-08-09,5381
00940,元大台灣價值高息,11,1,10,第一金-員林,2024-08-09,5381
1210,大成,10,0,10,第一金-員林,2024-08-09,5381
1584,精剛,15,5,10,第一金-員林,2024-08-09,5381
1810,和成,10,0,10,第一金-員林,2024-08-09,5381
3363,上詮,9,0,9,第一金-員林,2024-08-09,5381
00725B,國泰投資級公司債,21,12,9,第一金-員林,2024-08-09,5381
00933B,國泰10Y+金融債,9,0,9,第一金-員林,2024-08-09,5381
2458,義隆,10,1,9,第一金-員林,2024-08-09,5381
3576,聯合再生,10,1,9,第一金-員林,2024-08-09,5381
5227,立凱-KY,9,0,9,第一金-員林,2024-08-09,5381
2834,臺企銀,9,1,8,第一金-員林,2024-08-09,5381
6224,聚鼎,8,0,8,第一金-員林,2024-08-09,5381
6603,富強鑫,69,61,8,第一金-員林,2024-08-09,5381
2892,第一金,7,0,7,第一金-員林,2024-08-09,5381
6116,彩晶,33,26,7,第一金-員林,2024-08-09,5381
1717,長興,7,0,7,第一金-員林,2024-08-09,5381
00676R,富邦臺灣加權反1,200,0,200,第一金-員林,2024-08-12,5381
4306,炎洲,102,0,102,第一金-員林,2024-08-12,5381
3481,群創,124,42,82,第一金-員林,2024-08-12,5381
00929,復華台灣科技優息,88,15,73,第一金-員林,2024-08-12,5381
2349,錸德,108,41,67,第一金-員林,2024-08-12,5381
2312,金寶,93,30,63,第一金-員林,2024-08-12,5381
00878,國泰永續高股息,57,17,40,第一金-員林,2024-08-12,5381
00940,元大台灣價值高息,64,27,37,第一金-員林,2024-08-12,5381
00680L,元大美債20正2,33,0,33,第一金-員林,2024-08-12,5381
00679B,元大美債20年,37,7,30,第一金-員林,2024-08-12,5381
1316,上曜,50,24,26,第一金-員林,2024-08-12,5381
6532,瑞耘,23,0,23,第一金-員林,2024-08-12,5381
2353,宏��,25,3,22,第一金-員林,2024-08-12,5381
4903,聯光通,21,0,21,第一金-員林,2024-08-12,5381
2409,友達,23,3,20,第一金-員林,2024-08-12,5381
2506,太設,17,0,17,第一金-員林,2024-08-12,5381
3019,亞光,35,18,17,第一金-員林,2024-08-12,5381
3024,憶聲,16,0,16,第一金-員林,2024-08-12,5381
2891,中信金,15,0,15,第一金-員林,2024-08-12,5381
3663,鑫科,36,21,15,第一金-員林,2024-08-12,5381
2399,映泰,14,0,14,第一金-員林,2024-08-12,5381
6598,ABC-KY,14,0,14,第一金-員林,2024-08-12,5381
5202,力新,13,0,13,第一金-員林,2024-08-12,5381
5310,天剛,13,0,13,第一金-員林,2024-08-12,5381
6274,台燿,17,4,13,第一金-員林,2024-08-12,5381
6603,富強鑫,12,0,12,第一金-員林,2024-08-12,5381
3363,上詮,14,3,11,第一金-員林,2024-08-12,5381
1210,大成,11,0,11,第一金-員林,2024-08-12,5381
2892,第一金,15,4,11,第一金-員林,2024-08-12,5381
2882,國泰金,13,2,11,第一金-員林,2024-08-12,5381
00751B,元大AAA至A公司債,10,0,10,第一金-員林,2024-08-12,5381
1532,勤美,10,0,10,第一金-員林,2024-08-12,5381
4958,臻鼎-KY,10,0,10,第一金-員林,2024-08-12,5381
5392,能率,10,0,10,第一金-員林,2024-08-12,5381
6213,聯茂,11,1,10,第一金-員林,2024-08-12,5381
8071,能率網通,10,0,10,第一金-員林,2024-08-12,5381
3518,柏騰,10,1,9,第一金-員林,2024-08-12,5381
5301,寶得利,9,0,9,第一金-員林,2024-08-12,5381
00712,復華富時不動產,20,12,8,第一金-員林,2024-08-12,5381
2520,冠德,29,21,8,第一金-員林,2024-08-12,5381
2527,宏璟,8,0,8,第一金-員林,2024-08-12,5381
6187,萬潤,15,7,8,第一金-員林,2024-08-12,5381
00946,群益科技高息成長,11,4,7,第一金-員林,2024-08-12,5381
1584,精剛,11,4,7,第一金-員林,2024-08-12,5381
1540,喬福,6,0,6,第一金-員林,2024-08-12,5381
8054,安國,11,5,6,第一金-員林,2024-08-12,5381
9105,泰金寶-DR,7,1,6,第一金-員林,2024-08-12,5381
00688L,國泰20年美債正2,5,0,5,第一金-員林,2024-08-12,5381
00900,富邦特選高股息30,5,0,5,第一金-員林,2024-08-12,5381
1711,永光,5,0,5,第一金-員林,2024-08-12,5381
00688L,國泰20年美債正2,420,0,420,第一金-員林,2024-08-13,5381
00632R,元大台灣50反1,223,0,223,第一金-員林,2024-08-13,5381
2349,錸德,155,40,115,第一金-員林,2024-08-13,5381
2609,陽明,86,10,76,第一金-員林,2024-08-13,5381
00679B,元大美債20年,77,4,73,第一金-員林,2024-08-13,5381
2312,金寶,58,3,55,第一金-員林,2024-08-13,5381
9103,美德醫療-DR,40,0,40,第一金-員林,2024-08-13,5381
2880,華南金,43,3,40,第一金-員林,2024-08-13,5381
3013,晟銘電,53,16,37,第一金-員林,2024-08-13,5381
2834,臺企銀,37,0,37,第一金-員林,2024-08-13,5381
9945,潤泰新,35,6,29,第一金-員林,2024-08-13,5381
2354,鴻準,30,2,28,第一金-員林,2024-08-13,5381
3037,欣興,26,1,25,第一金-員林,2024-08-13,5381
2382,廣達,24,4,20,第一金-員林,2024-08-13,5381
3706,神達,21,1,20,第一金-員林,2024-08-13,5381
00929,復華台灣科技優息,38,19,19,第一金-員林,2024-08-13,5381
1527,鑽全,17,0,17,第一金-員林,2024-08-13,5381
4714,永捷,17,0,17,第一金-員林,2024-08-13,5381
2615,萬海,136,120,16,第一金-員林,2024-08-13,5381
00680L,元大美債20正2,16,0,16,第一金-員林,2024-08-13,5381
00687B,國泰20年美債,24,8,16,第一金-員林,2024-08-13,5381
3693,營邦,15,0,15,第一金-員林,2024-08-13,5381
2886,兆豐金,14,0,14,第一金-員林,2024-08-13,5381
00878,國泰永續高股息,21,7,14,第一金-員林,2024-08-13,5381
00941,中信上游半導體,15,2,13,第一金-員林,2024-08-13,5381
1210,大成,13,0,13,第一金-員林,2024-08-13,5381
00713,元大台灣高息低波,12,0,12,第一金-員林,2024-08-13,5381
3356,奇偶,13,1,12,第一金-員林,2024-08-13,5381
5443,均豪,35,23,12,第一金-員林,2024-08-13,5381
00712,復華富時不動產,11,0,11,第一金-員林,2024-08-13,5381
2449,京元電子,15,4,11,第一金-員林,2024-08-13,5381
2610,華航,17,7,10,第一金-員林,2024-08-13,5381
00693U,期街口S＆P黃豆,10,0,10,第一金-員林,2024-08-13,5381
8477,創業家,10,0,10,第一金-員林,2024-08-13,5381
00919,群益台灣精選高息,10,1,9,第一金-員林,2024-08-13,5381
2891,中信金,10,1,9,第一金-員林,2024-08-13,5381
2208,台船,25,16,9,第一金-員林,2024-08-13,5381
3712,永崴投控,9,0,9,第一金-員林,2024-08-13,5381
5533,皇鼎,9,0,9,第一金-員林,2024-08-13,5381
8085,福華,9,0,9,第一金-員林,2024-08-13,5381
8092,建暐,9,0,9,第一金-員林,2024-08-13,5381
6269,台郡,9,0,9,第一金-員林,2024-08-13,5381
3231,緯創,16,8,8,第一金-員林,2024-08-13,5381
6274,台燿,10,2,8,第一金-員林,2024-08-13,5381
6838,台新藥,10,2,8,第一金-員林,2024-08-13,5381
9914,美利達,8,0,8,第一金-員林,2024-08-13,5381
00934,中信成長高股息,7,0,7,第一金-員林,2024-08-13,5381
1597,直得,7,0,7,第一金-員林,2024-08-13,5381
2201,裕隆,7,0,7,第一金-員林,2024-08-13,5381
3062,建漢,34,27,7,第一金-員林,2024-08-13,5381
00688L,國泰20年美債正2,480,0,480,第一金-員林,2024-08-14,5381
2812,台中銀,103,1,102,第一金-員林,2024-08-14,5381
00900,富邦特選高股息30,63,0,63,第一金-員林,2024-08-14,5381
00679B,元大美債20年,76,40,36,第一金-員林,2024-08-14,5381
6215,和椿,60,26,34,第一金-員林,2024-08-14,5381
00680L,元大美債20正2,24,0,24,第一金-員林,2024-08-14,5381
00923,群益台ESG低碳50,20,0,20,第一金-員林,2024-08-14,5381
2913,農林,18,0,18,第一金-員林,2024-08-14,5381
4562,穎漢,108,91,17,第一金-員林,2024-08-14,5381
2609,陽明,50,36,14,第一金-員林,2024-08-14,5381
00940,元大台灣價值高息,14,1,13,第一金-員林,2024-08-14,5381
1101,台泥,13,1,12,第一金-員林,2024-08-14,5381
2356,英業達,14,2,12,第一金-員林,2024-08-14,5381
6603,富強鑫,12,0,12,第一金-員林,2024-08-14,5381
00881,國泰台灣5G+,11,0,11,第一金-員林,2024-08-14,5381
2402,毅嘉,16,5,11,第一金-員林,2024-08-14,5381
8150,南茂,11,0,11,第一金-員林,2024-08-14,5381
3019,亞光,20,9,11,第一金-員林,2024-08-14,5381
00687B,國泰20年美債,17,7,10,第一金-員林,2024-08-14,5381
00665L,富邦�琤肭磪囓�2,10,0,10,第一金-員林,2024-08-14,5381
1210,大成,10,0,10,第一金-員林,2024-08-14,5381
3149,正達,10,0,10,第一金-員林,2024-08-14,5381
8028,昇陽半導體,15,5,10,第一金-員林,2024-08-14,5381
1514,亞力,15,6,9,第一金-員林,2024-08-14,5381
00632R,元大台灣50反1,30,21,9,第一金-員林,2024-08-14,5381
2312,金寶,20,11,9,第一金-員林,2024-08-14,5381
2365,昆盈,30,21,9,第一金-員林,2024-08-14,5381
4526,東台,9,0,9,第一金-員林,2024-08-14,5381
4576,大銀微系統,16,7,9,第一金-員林,2024-08-14,5381
4912,聯德控股-KY,9,0,9,第一金-員林,2024-08-14,5381
6625,必應,9,0,9,第一金-員林,2024-08-14,5381
8477,創業家,11,2,9,第一金-員林,2024-08-14,5381
1815,富喬,8,0,8,第一金-員林,2024-08-14,5381
2801,彰銀,8,0,8,第一金-員林,2024-08-14,5381
2359,所羅門,25,17,8,第一金-員林,2024-08-14,5381
6239,力成,7,0,7,第一金-員林,2024-08-14,5381
8040,九暘,8,1,7,第一金-員林,2024-08-14,5381
00631L,元大台灣50正2,8,2,6,第一金-員林,2024-08-14,5381
00731,復華富時高息低波,6,0,6,第一金-員林,2024-08-14,5381
00715L,期街口布蘭特正2,6,0,6,第一金-員林,2024-08-14,5381
00941,中信上游半導體,6,0,6,第一金-員林,2024-08-14,5381
1512,瑞利,6,0,6,第一金-員林,2024-08-14,5381
3029,零壹,6,0,6,第一金-員林,2024-08-14,5381
3042,晶技,6,0,6,第一金-員林,2024-08-14,5381
6834,天二科技,7,1,6,第一金-員林,2024-08-14,5381
9103,美德醫療-DR,6,0,6,第一金-員林,2024-08-14,5381
00882,中信中國高股息,5,0,5,第一金-員林,2024-08-14,5381
00713,元大台灣高息低波,7,2,5,第一金-員林,2024-08-14,5381
1519,華城,6,1,5,第一金-員林,2024-08-14,5381
1532,勤美,17,12,5,第一金-員林,2024-08-14,5381
2801,彰銀,146,0,146,第一金-員林,2024-08-15,5381
00687B,國泰20年美債,115,1,114,第一金-員林,2024-08-15,5381
00878,國泰永續高股息,82,7,75,第一金-員林,2024-08-15,5381
00632R,元大台灣50反1,67,0,67,第一金-員林,2024-08-15,5381
1101,台泥,66,0,66,第一金-員林,2024-08-15,5381
2002,中鋼,59,0,59,第一金-員林,2024-08-15,5381
00900,富邦特選高股息30,43,2,41,第一金-員林,2024-08-15,5381
00706L,期元大S＆P日圓正2,80,40,40,第一金-員林,2024-08-15,5381
00948B,中信優息投資級債,40,0,40,第一金-員林,2024-08-15,5381
2317,鴻海,56,20,36,第一金-員林,2024-08-15,5381
2349,錸德,66,33,33,第一金-員林,2024-08-15,5381
2449,京元電子,29,4,25,第一金-員林,2024-08-15,5381
00931B,統一美債20年,24,0,24,第一金-員林,2024-08-15,5381
2892,第一金,23,0,23,第一金-員林,2024-08-15,5381
6603,富強鑫,23,0,23,第一金-員林,2024-08-15,5381
2356,英業達,23,1,22,第一金-員林,2024-08-15,5381
3047,訊舟,23,3,20,第一金-員林,2024-08-15,5381
3673,TPK-KY,24,4,20,第一金-員林,2024-08-15,5381
1785,光洋科,22,7,15,第一金-員林,2024-08-15,5381
00680L,元大美債20正2,34,20,14,第一金-員林,2024-08-15,5381
00936,台新永續高息中小,13,0,13,第一金-員林,2024-08-15,5381
2834,臺企銀,13,0,13,第一金-員林,2024-08-15,5381
4555,氣立,14,1,13,第一金-員林,2024-08-15,5381
2891,中信金,12,0,12,第一金-員林,2024-08-15,5381
00679B,元大美債20年,43,31,12,第一金-員林,2024-08-15,5381
00881,國泰台灣5G+,13,2,11,第一金-員林,2024-08-15,5381
00650L,復華香港正2,11,0,11,第一金-員林,2024-08-15,5381
1725,元禎,11,0,11,第一金-員林,2024-08-15,5381
4576,大銀微系統,16,5,11,第一金-員林,2024-08-15,5381
5301,寶得利,11,0,11,第一金-員林,2024-08-15,5381
2886,兆豐金,10,0,10,第一金-員林,2024-08-15,5381
00946,群益科技高息成長,10,0,10,第一金-員林,2024-08-15,5381
00665L,富邦�琤肭磪囓�2,10,0,10,第一金-員林,2024-08-15,5381
4523,永彰,11,1,10,第一金-員林,2024-08-15,5381
6244,茂迪,10,0,10,第一金-員林,2024-08-15,5381
1702,南僑,9,0,9,第一金-員林,2024-08-15,5381
1319,東陽,7,0,7,第一金-員林,2024-08-15,5381
1532,勤美,14,7,7,第一金-員林,2024-08-15,5381
00731,復華富時高息低波,6,0,6,第一金-員林,2024-08-15,5381
1711,永光,6,0,6,第一金-員林,2024-08-15,5381
2014,中鴻,6,0,6,第一金-員林,2024-08-15,5381
6151,晉倫,6,0,6,第一金-員林,2024-08-15,5381
8067,志旭,6,0,6,第一金-員林,2024-08-15,5381
00891,中信關鍵半導體,5,0,5,第一金-員林,2024-08-15,5381
00885,富邦越南,5,0,5,第一金-員林,2024-08-15,5381
00713,元大台灣高息低波,5,0,5,第一金-員林,2024-08-15,5381
1527,鑽全,5,0,5,第一金-員林,2024-08-15,5381
2399,映泰,5,0,5,第一金-員林,2024-08-15,5381
3290,東浦,5,0,5,第一金-員林,2024-08-15,5381
4561,健椿,9,4,5,第一金-員林,2024-08-15,5381
2888,新光金,211,41,170,第一金-員林,2024-08-16,5381
00680L,元大美債20正2,212,60,152,第一金-員林,2024-08-16,5381
00687B,國泰20年美債,159,16,143,第一金-員林,2024-08-16,5381
00679B,元大美債20年,97,1,96,第一金-員林,2024-08-16,5381
2609,陽明,68,31,37,第一金-員林,2024-08-16,5381
3356,奇偶,36,0,36,第一金-員林,2024-08-16,5381
00915,凱基優選高股息30,32,0,32,第一金-員林,2024-08-16,5381
1442,名軒,34,2,32,第一金-員林,2024-08-16,5381
00878,國泰永續高股息,48,16,32,第一金-員林,2024-08-16,5381
3455,由田,24,0,24,第一金-員林,2024-08-16,5381
3339,泰谷,26,4,22,第一金-員林,2024-08-16,5381
6215,和椿,37,18,19,第一金-員林,2024-08-16,5381
00882,中信中國高股息,18,0,18,第一金-員林,2024-08-16,5381
1416,廣豐,19,1,18,第一金-員林,2024-08-16,5381
8076,伍豐,20,2,18,第一金-員林,2024-08-16,5381
00731,復華富時高息低波,16,0,16,第一金-員林,2024-08-16,5381
2489,瑞軒,14,3,11,第一金-員林,2024-08-16,5381
3013,晟銘電,22,11,11,第一金-員林,2024-08-16,5381
6207,雷科,14,4,10,第一金-員林,2024-08-16,5381
4576,大銀微系統,32,22,10,第一金-員林,2024-08-16,5381
00950B,凱基A級公司債,10,0,10,第一金-員林,2024-08-16,5381
4128,中天,10,0,10,第一金-員林,2024-08-16,5381
5443,均豪,52,42,10,第一金-員林,2024-08-16,5381
6213,聯茂,13,3,10,第一金-員林,2024-08-16,5381
8064,東捷,13,3,10,第一金-員林,2024-08-16,5381
9105,泰金寶-DR,10,0,10,第一金-員林,2024-08-16,5381
5301,寶得利,9,0,9,第一金-員林,2024-08-16,5381
6770,力積電,9,0,9,第一金-員林,2024-08-16,5381
2349,錸德,80,72,8,第一金-員林,2024-08-16,5381
2913,農林,8,0,8,第一金-員林,2024-08-16,5381
4908,前鼎,8,0,8,第一金-員林,2024-08-16,5381
1609,大亞,11,3,8,第一金-員林,2024-08-16,5381
1785,光洋科,22,15,7,第一金-員林,2024-08-16,5381
1528,恩德,7,0,7,第一金-員林,2024-08-16,5381
4123,晟德,7,0,7,第一金-員林,2024-08-16,5381
6125,廣運,7,0,7,第一金-員林,2024-08-16,5381
6505,台塑化,7,0,7,第一金-員林,2024-08-16,5381
2365,昆盈,26,19,7,第一金-員林,2024-08-16,5381
3231,緯創,12,6,6,第一金-員林,2024-08-16,5381
1805,寶徠,6,0,6,第一金-員林,2024-08-16,5381
2206,三陽工業,6,0,6,第一金-員林,2024-08-16,5381
3029,零壹,6,0,6,第一金-員林,2024-08-16,5381
6875,國邑*,6,0,6,第一金-員林,2024-08-16,5381
8155,博智,6,0,6,第一金-員林,2024-08-16,5381
00713,元大台灣高息低波,7,1,6,第一金-員林,2024-08-16,5381
2892,第一金,6,0,6,第一金-員林,2024-08-16,5381
2323,中環,9,4,5,第一金-員林,2024-08-16,5381
9938,百和,5,0,5,第一金-員林,2024-08-16,5381
00935,野村臺灣新科技50,5,0,5,第一金-員林,2024-08-16,5381
00943,兆豐電子高息等權,5,0,5,第一金-員林,2024-08-16,5381
1569,濱川,112,0,112,第一金-員林,2024-08-19,5381
2888,新光金,124,14,110,第一金-員林,2024-08-19,5381
00679B,元大美債20年,132,40,92,第一金-員林,2024-08-19,5381
00929,復華台灣科技優息,64,6,58,第一金-員林,2024-08-19,5381
00650L,復華香港正2,53,0,53,第一金-員林,2024-08-19,5381
00687B,國泰20年美債,54,19,35,第一金-員林,2024-08-19,5381
8101,華冠,30,0,30,第一金-員林,2024-08-19,5381
00688L,國泰20年美債正2,33,4,29,第一金-員林,2024-08-19,5381
00933B,國泰10Y+金融債,31,3,28,第一金-員林,2024-08-19,5381
2867,三商壽,31,6,25,第一金-員林,2024-08-19,5381
2883,凱基金,24,0,24,第一金-員林,2024-08-19,5381
5905,南仁湖,23,1,22,第一金-員林,2024-08-19,5381
3025,星通,26,5,21,第一金-員林,2024-08-19,5381
00942B,台新美A公司債20+,20,0,20,第一金-員林,2024-08-19,5381
00642U,期元大S＆P石油,20,0,20,第一金-員林,2024-08-19,5381
2354,鴻準,44,24,20,第一金-員林,2024-08-19,5381
6016,康和證,20,0,20,第一金-員林,2024-08-19,5381
3594,磐儀,19,2,17,第一金-員林,2024-08-19,5381
2453,凌群,19,3,16,第一金-員林,2024-08-19,5381
1785,光洋科,18,2,16,第一金-員林,2024-08-19,5381
5344,立衛,15,0,15,第一金-員林,2024-08-19,5381
8021,尖點,15,0,15,第一金-員林,2024-08-19,5381
0056,元大高股息,14,0,14,第一金-員林,2024-08-19,5381
3189,景碩,12,0,12,第一金-員林,2024-08-19,5381
6609,瀧澤科,33,21,12,第一金-員林,2024-08-19,5381
00918,大華優利高填息30,12,0,12,第一金-員林,2024-08-19,5381
2371,大同,11,0,11,第一金-員林,2024-08-19,5381
3356,奇偶,13,2,11,第一金-員林,2024-08-19,5381
4534,慶騰,11,0,11,第一金-員林,2024-08-19,5381
5392,能率,11,0,11,第一金-員林,2024-08-19,5381
3047,訊舟,19,9,10,第一金-員林,2024-08-19,5381
5371,中光電,12,2,10,第一金-員林,2024-08-19,5381
3231,緯創,14,4,10,第一金-員林,2024-08-19,5381
2002,中鋼,10,0,10,第一金-員林,2024-08-19,5381
3645,達邁,12,2,10,第一金-員林,2024-08-19,5381
00637L,元大滬深300正2,10,0,10,第一金-員林,2024-08-19,5381
00945B,凱基美國非投等債,10,0,10,第一金-員林,2024-08-19,5381
1210,大成,10,0,10,第一金-員林,2024-08-19,5381
2442,新美齊,10,0,10,第一金-員林,2024-08-19,5381
9935,慶豐富,10,0,10,第一金-員林,2024-08-19,5381
8028,昇陽半導體,19,10,9,第一金-員林,2024-08-19,5381
2449,京元電子,12,3,9,第一金-員林,2024-08-19,5381
9904,寶成,8,0,8,第一金-員林,2024-08-19,5381
2412,中華電,8,0,8,第一金-員林,2024-08-19,5381
9955,佳龍,10,2,8,第一金-員林,2024-08-19,5381
4744,皇將,7,0,7,第一金-員林,2024-08-19,5381
00905,FT臺灣Smart,7,1,6,第一金-員林,2024-08-19,5381
00900,富邦特選高股息30,6,0,6,第一金-員林,2024-08-19,5381
2034,允強,11,5,6,第一金-員林,2024-08-19,5381
2369,菱生,6,0,6,第一金-員林,2024-08-19,5381
2888,新光金,822,90,732,第一金-員林,2024-08-20,5381
00937B,群益ESG投等債20,457,0,457,第一金-員林,2024-08-20,5381
00688L,國泰20年美債正2,275,0,275,第一金-員林,2024-08-20,5381
2881,富邦金,74,3,71,第一金-員林,2024-08-20,5381
00936,台新永續高息中小,62,0,62,第一金-員林,2024-08-20,5381
00687B,國泰20年美債,41,0,41,第一金-員林,2024-08-20,5381
00679B,元大美債20年,64,29,35,第一金-員林,2024-08-20,5381
8089,康全電訊,37,4,33,第一金-員林,2024-08-20,5381
00915,凱基優選高股息30,33,0,33,第一金-員林,2024-08-20,5381
2883,凱基金,31,0,31,第一金-員林,2024-08-20,5381
00680L,元大美債20正2,45,15,30,第一金-員林,2024-08-20,5381
2002,中鋼,30,2,28,第一金-員林,2024-08-20,5381
00933B,國泰10Y+金融債,27,1,26,第一金-員林,2024-08-20,5381
4303,信立,34,8,26,第一金-員林,2024-08-20,5381
2542,興富發,24,0,24,第一金-員林,2024-08-20,5381
6116,彩晶,23,0,23,第一金-員林,2024-08-20,5381
6598,ABC-KY,23,0,23,第一金-員林,2024-08-20,5381
2317,鴻海,54,31,23,第一金-員林,2024-08-20,5381
00891,中信關鍵半導體,21,0,21,第一金-員林,2024-08-20,5381
00650L,復華香港正2,20,0,20,第一金-員林,2024-08-20,5381
1303,南亞,20,0,20,第一金-員林,2024-08-20,5381
8101,華冠,20,0,20,第一金-員林,2024-08-20,5381
2401,凌陽,23,5,18,第一金-員林,2024-08-20,5381
1513,中興電,24,7,17,第一金-員林,2024-08-20,5381
9945,潤泰新,20,3,17,第一金-員林,2024-08-20,5381
3027,盛達,17,0,17,第一金-員林,2024-08-20,5381
2206,三陽工業,15,0,15,第一金-員林,2024-08-20,5381
2374,佳能,41,26,15,第一金-員林,2024-08-20,5381
00715L,期街口布蘭特正2,24,10,14,第一金-員林,2024-08-20,5381
8028,昇陽半導體,35,22,13,第一金-員林,2024-08-20,5381
2520,冠德,21,9,12,第一金-員林,2024-08-20,5381
00882,中信中國高股息,12,0,12,第一金-員林,2024-08-20,5381
5310,天剛,12,0,12,第一金-員林,2024-08-20,5381
9955,佳龍,12,0,12,第一金-員林,2024-08-20,5381
2891,中信金,13,2,11,第一金-員林,2024-08-20,5381
2892,第一金,11,0,11,第一金-員林,2024-08-20,5381
00939,統一台灣高息動能,10,0,10,第一金-員林,2024-08-20,5381
1589,永冠-KY,10,0,10,第一金-員林,2024-08-20,5381
2417,圓剛,14,4,10,第一金-員林,2024-08-20,5381
2867,三商壽,15,5,10,第一金-員林,2024-08-20,5381
4402,郡都開發,10,0,10,第一金-員林,2024-08-20,5381
5392,能率,11,1,10,第一金-員林,2024-08-20,5381
5531,鄉林,10,0,10,第一金-員林,2024-08-20,5381
2886,兆豐金,10,1,9,第一金-員林,2024-08-20,5381
00931B,統一美債20年,11,2,9,第一金-員林,2024-08-20,5381
4513,福裕,11,2,9,第一金-員林,2024-08-20,5381
5512,力麒,9,0,9,第一金-員林,2024-08-20,5381
2399,映泰,10,2,8,第一金-員林,2024-08-20,5381
6770,力積電,9,1,8,第一金-員林,2024-08-20,5381
8064,東捷,32,24,8,第一金-員林,2024-08-20,5381
00688L,國泰20年美債正2,600,0,600,第一金-員林,2024-08-21,5381
9904,寶成,306,0,306,第一金-員林,2024-08-21,5381
2891,中信金,271,7,264,第一金-員林,2024-08-21,5381
2888,新光金,465,254,211,第一金-員林,2024-08-21,5381
9105,泰金寶-DR,191,99,92,第一金-員林,2024-08-21,5381
00953B,群益優選非投等債,103,20,83,第一金-員林,2024-08-21,5381
2542,興富發,44,0,44,第一金-員林,2024-08-21,5381
00919,群益台灣精選高息,38,1,37,第一金-員林,2024-08-21,5381
9103,美德醫療-DR,23,0,23,第一金-員林,2024-08-21,5381
2032,新鋼,22,0,22,第一金-員林,2024-08-21,5381
1451,年興,22,0,22,第一金-員林,2024-08-21,5381
5344,立衛,21,0,21,第一金-員林,2024-08-21,5381
00942B,台新美A公司債20+,20,0,20,第一金-員林,2024-08-21,5381
00923,群益台ESG低碳50,20,0,20,第一金-員林,2024-08-21,5381
2323,中環,18,1,17,第一金-員林,2024-08-21,5381
00900,富邦特選高股息30,17,0,17,第一金-員林,2024-08-21,5381
8070,長華*,15,0,15,第一金-員林,2024-08-21,5381
1314,中石化,12,0,12,第一金-員林,2024-08-21,5381
00712,復華富時不動產,11,0,11,第一金-員林,2024-08-21,5381
1529,樂事綠能,11,0,11,第一金-員林,2024-08-21,5381
3711,日月光投控,12,1,11,第一金-員林,2024-08-21,5381
2880,華南金,11,0,11,第一金-員林,2024-08-21,5381
00650L,復華香港正2,10,0,10,第一金-員林,2024-08-21,5381
00725B,國泰投資級公司債,10,0,10,第一金-員林,2024-08-21,5381
1466,聚隆,10,0,10,第一金-員林,2024-08-21,5381
2367,燿華,11,1,10,第一金-員林,2024-08-21,5381
6116,彩晶,10,0,10,第一金-員林,2024-08-21,5381
8089,康全電訊,24,14,10,第一金-員林,2024-08-21,5381
1536,和大,13,4,9,第一金-員林,2024-08-21,5381
2313,華通,17,8,9,第一金-員林,2024-08-21,5381
3234,光環,12,3,9,第一金-員林,2024-08-21,5381
3535,晶彩科,32,23,9,第一金-員林,2024-08-21,5381
00878,國泰永續高股息,19,11,8,第一金-員林,2024-08-21,5381
3356,奇偶,9,1,8,第一金-員林,2024-08-21,5381
2886,兆豐金,7,0,7,第一金-員林,2024-08-21,5381
2883,凱基金,8,1,7,第一金-員林,2024-08-21,5381
00715L,期街口布蘭特正2,7,0,7,第一金-員林,2024-08-21,5381
2062,橋椿,8,1,7,第一金-員林,2024-08-21,5381
2453,凌群,7,0,7,第一金-員林,2024-08-21,5381
2609,陽明,13,6,7,第一金-員林,2024-08-21,5381
6443,元晶,10,3,7,第一金-員林,2024-08-21,5381
6770,力積電,10,3,7,第一金-員林,2024-08-21,5381
4968,立積,6,0,6,第一金-員林,2024-08-21,5381
2330,台積電,8,1,7,第一金-員林,2024-08-21,5381
00918,大華優利高填息30,6,0,6,第一金-員林,2024-08-21,5381
00915,凱基優選高股息30,6,0,6,第一金-員林,2024-08-21,5381
00751B,元大AAA至A公司債,6,0,6,第一金-員林,2024-08-21,5381
2801,彰銀,6,0,6,第一金-員林,2024-08-21,5381
3712,永崴投控,6,0,6,第一金-員林,2024-08-21,5381
2812,台中銀,5,0,5,第一金-員林,2024-08-21,5381
2891,中信金,84,21,63,第一金-員林,2024-08-22,5381
00940,元大台灣價值高息,55,1,54,第一金-員林,2024-08-22,5381
5469,瀚宇博,52,1,51,第一金-員林,2024-08-22,5381
2542,興富發,69,21,48,第一金-員林,2024-08-22,5381
8070,長華*,49,4,45,第一金-員林,2024-08-22,5381
2349,錸德,183,150,33,第一金-員林,2024-08-22,5381
00687B,國泰20年美債,30,0,30,第一金-員林,2024-08-22,5381
2511,太子,27,0,27,第一金-員林,2024-08-22,5381
00937B,群益ESG投等債20,29,3,26,第一金-員林,2024-08-22,5381
00929,復華台灣科技優息,44,18,26,第一金-員林,2024-08-22,5381
00923,群益台ESG低碳50,25,0,25,第一金-員林,2024-08-22,5381
00679B,元大美債20年,22,0,22,第一金-員林,2024-08-22,5381
2317,鴻海,26,4,22,第一金-員林,2024-08-22,5381
006208,富邦台50,20,0,20,第一金-員林,2024-08-22,5381
9907,統一實,20,0,20,第一金-員林,2024-08-22,5381
9103,美德醫療-DR,17,0,17,第一金-員林,2024-08-22,5381
5328,華容,15,0,15,第一金-員林,2024-08-22,5381
2313,華通,14,0,14,第一金-員林,2024-08-22,5381
1709,和益,29,16,13,第一金-員林,2024-08-22,5381
3019,亞光,22,9,13,第一金-員林,2024-08-22,5381
00919,群益台灣精選高息,12,0,12,第一金-員林,2024-08-22,5381
2881,富邦金,13,1,12,第一金-員林,2024-08-22,5381
00722B,群益投資級電信債,11,0,11,第一金-員林,2024-08-22,5381
2543,皇昌,15,4,11,第一金-員林,2024-08-22,5381
3535,晶彩科,30,19,11,第一金-員林,2024-08-22,5381
00946,群益科技高息成長,10,0,10,第一金-員林,2024-08-22,5381
00953B,群益優選非投等債,10,0,10,第一金-員林,2024-08-22,5381
00945B,凱基美國非投等債,10,0,10,第一金-員林,2024-08-22,5381
00650L,復華香港正2,10,0,10,第一金-員林,2024-08-22,5381
2069,運錩,10,0,10,第一金-員林,2024-08-22,5381
2327,國巨,10,0,10,第一金-員林,2024-08-22,5381
2515,中工,10,0,10,第一金-員林,2024-08-22,5381
3593,力銘,10,0,10,第一金-員林,2024-08-22,5381
3711,日月光投控,10,0,10,第一金-員林,2024-08-22,5381
3715,定穎投控,11,1,10,第一金-員林,2024-08-22,5381
1449,佳和,31,22,9,第一金-員林,2024-08-22,5381
6692,進能服,9,0,9,第一金-員林,2024-08-22,5381
3163,波若威,10,1,9,第一金-員林,2024-08-22,5381
2890,永豐金,9,0,9,第一金-員林,2024-08-22,5381
3047,訊舟,153,145,8,第一金-員林,2024-08-22,5381
00915,凱基優選高股息30,8,0,8,第一金-員林,2024-08-22,5381
2421,建準,10,2,8,第一金-員林,2024-08-22,5381
2330,台積電,8,1,7,第一金-員林,2024-08-22,5381
2365,昆盈,19,12,7,第一金-員林,2024-08-22,5381
2867,三商壽,7,0,7,第一金-員林,2024-08-22,5381
3518,柏騰,11,4,7,第一金-員林,2024-08-22,5381
6188,廣明,7,0,7,第一金-員林,2024-08-22,5381
00878,國泰永續高股息,8,1,7,第一金-員林,2024-08-22,5381
3374,精材,9,2,7,第一金-員林,2024-08-22,5381
0056,元大高股息,9,3,6,第一金-員林,2024-08-22,5381
2891,中信金,105,2,103,第一金-員林,2024-08-23,5381
2349,錸德,180,114,66,第一金-員林,2024-08-23,5381
00632R,元大台灣50反1,35,1,34,第一金-員林,2024-08-23,5381
00687B,國泰20年美債,43,11,32,第一金-員林,2024-08-23,5381
1314,中石化,56,34,22,第一金-員林,2024-08-23,5381
2880,華南金,21,0,21,第一金-員林,2024-08-23,5381
8064,東捷,111,93,18,第一金-員林,2024-08-23,5381
00919,群益台灣精選高息,18,1,17,第一金-員林,2024-08-23,5381
00937B,群益ESG投等債20,17,0,17,第一金-員林,2024-08-23,5381
3455,由田,15,0,15,第一金-員林,2024-08-23,5381
2317,鴻海,30,17,13,第一金-員林,2024-08-23,5381
00931B,統一美債20年,13,0,13,第一金-員林,2024-08-23,5381
1326,台化,12,0,12,第一金-員林,2024-08-23,5381
00679B,元大美債20年,21,10,11,第一金-員林,2024-08-23,5381
3645,達邁,13,2,11,第一金-員林,2024-08-23,5381
00953B,群益優選非投等債,10,0,10,第一金-員林,2024-08-23,5381
1409,新纖,10,0,10,第一金-員林,2024-08-23,5381
2618,長榮航,10,0,10,第一金-員林,2024-08-23,5381
2883B,凱基金乙特,10,0,10,第一金-員林,2024-08-23,5381
3013,晟銘電,11,1,10,第一金-員林,2024-08-23,5381
3163,波若威,12,2,10,第一金-員林,2024-08-23,5381
3706,神達,10,0,10,第一金-員林,2024-08-23,5381
5210,寶碩,10,0,10,第一金-員林,2024-08-23,5381
2449,京元電子,11,2,9,第一金-員林,2024-08-23,5381
5309,系統電,12,3,9,第一金-員林,2024-08-23,5381
5443,均豪,34,25,9,第一金-員林,2024-08-23,5381
0056,元大高股息,14,6,8,第一金-員林,2024-08-23,5381
00946,群益科技高息成長,8,0,8,第一金-員林,2024-08-23,5381
1802,台玻,8,0,8,第一金-員林,2024-08-23,5381
3073,天方能源,8,0,8,第一金-員林,2024-08-23,5381
5484,慧友,8,0,8,第一金-員林,2024-08-23,5381
8089,康全電訊,29,21,8,第一金-員林,2024-08-23,5381
8092,建暐,8,0,8,第一金-員林,2024-08-23,5381
2402,毅嘉,17,10,7,第一金-員林,2024-08-23,5381
2539,櫻花建,7,0,7,第一金-員林,2024-08-23,5381
8070,長華*,27,20,7,第一金-員林,2024-08-23,5381
00688L,國泰20年美債正2,6,0,6,第一金-員林,2024-08-23,5381
1532,勤美,8,2,6,第一金-員林,2024-08-23,5381
2520,冠德,8,2,6,第一金-員林,2024-08-23,5381
5310,天剛,6,0,6,第一金-員林,2024-08-23,5381
2383,台光電,6,0,6,第一金-員林,2024-08-23,5381
2885,元大金,6,0,6,第一金-員林,2024-08-23,5381
8046,南電,6,1,5,第一金-員林,2024-08-23,5381
00945B,凱基美國非投等債,5,0,5,第一金-員林,2024-08-23,5381
1455,集盛,5,0,5,第一金-員林,2024-08-23,5381
2327,國巨,6,1,5,第一金-員林,2024-08-23,5381
2405,輔信,5,0,5,第一金-員林,2024-08-23,5381
2501,國建,6,1,5,第一金-員林,2024-08-23,5381
2641,正德,5,0,5,第一金-員林,2024-08-23,5381
4533,協易機,7,2,5,第一金-員林,2024-08-23,5381
00676R,富邦臺灣加權反1,200,0,200,第一金-員林,2024-08-26,5381
2542,興富發,89,0,89,第一金-員林,2024-08-26,5381
3481,群創,115,31,84,第一金-員林,2024-08-26,5381
1711,永光,87,8,79,第一金-員林,2024-08-26,5381
00937B,群益ESG投等債20,55,0,55,第一金-員林,2024-08-26,5381
2891,中信金,55,2,53,第一金-員林,2024-08-26,5381
00687B,國泰20年美債,44,1,43,第一金-員林,2024-08-26,5381
3025,星通,43,0,43,第一金-員林,2024-08-26,5381
2603,長榮,32,1,31,第一金-員林,2024-08-26,5381
2363,矽統,32,2,30,第一金-員林,2024-08-26,5381
3605,宏致,30,0,30,第一金-員林,2024-08-26,5381
6806,森崴能源,38,8,30,第一金-員林,2024-08-26,5381
00929,復華台灣科技優息,32,8,24,第一金-員林,2024-08-26,5381
2845,遠東銀,22,0,22,第一金-員林,2024-08-26,5381
1721,三晃,21,0,21,第一金-員林,2024-08-26,5381
3032,偉訓,20,1,19,第一金-員林,2024-08-26,5381
2417,圓剛,19,1,18,第一金-員林,2024-08-26,5381
5469,瀚宇博,22,4,18,第一金-員林,2024-08-26,5381
2412,中華電,15,0,15,第一金-員林,2024-08-26,5381
5443,均豪,67,52,15,第一金-員林,2024-08-26,5381
6789,采鈺,16,1,15,第一金-員林,2024-08-26,5381
2383,台光電,16,2,14,第一金-員林,2024-08-26,5381
3052,夆典,13,0,13,第一金-員林,2024-08-26,5381
3339,泰谷,15,2,13,第一金-員林,2024-08-26,5381
8028,昇陽半導體,42,30,12,第一金-員林,2024-08-26,5381
00915,凱基優選高股息30,11,0,11,第一金-員林,2024-08-26,5381
6248,沛波,11,0,11,第一金-員林,2024-08-26,5381
00934,中信成長高股息,10,0,10,第一金-員林,2024-08-26,5381
00688L,國泰20年美債正2,10,0,10,第一金-員林,2024-08-26,5381
00713,元大台灣高息低波,10,0,10,第一金-員林,2024-08-26,5381
1795,美時,10,0,10,第一金-員林,2024-08-26,5381
2489,瑞軒,12,2,10,第一金-員林,2024-08-26,5381
2520,冠德,15,5,10,第一金-員林,2024-08-26,5381
3058,立德,10,0,10,第一金-員林,2024-08-26,5381
4402,郡都開發,10,0,10,第一金-員林,2024-08-26,5381
6134,萬旭,11,1,10,第一金-員林,2024-08-26,5381
8110,華東,10,0,10,第一金-員林,2024-08-26,5381
00905,FT臺灣Smart,9,0,9,第一金-員林,2024-08-26,5381
1316,上曜,9,0,9,第一金-員林,2024-08-26,5381
2514,龍邦,9,0,9,第一金-員林,2024-08-26,5381
6438,迅得,10,1,9,第一金-員林,2024-08-26,5381
00679B,元大美債20年,9,1,8,第一金-員林,2024-08-26,5381
2208,台船,11,3,8,第一金-員林,2024-08-26,5381
2331,精英,15,8,7,第一金-員林,2024-08-26,5381
2353,宏��,16,9,7,第一金-員林,2024-08-26,5381
6257,矽格,7,0,7,第一金-員林,2024-08-26,5381
8374,羅昇,8,1,7,第一金-員林,2024-08-26,5381
9110,越南控-DR,7,0,7,第一金-員林,2024-08-26,5381
00881,國泰台灣5G+,10,4,6,第一金-員林,2024-08-26,5381
2313,華通,9,3,6,第一金-員林,2024-08-26,5381
00929,復華台灣科技優息,115,10,105,第一金-員林,2024-08-27,5381
2891,中信金,59,3,56,第一金-員林,2024-08-27,5381
00632R,元大台灣50反1,54,0,54,第一金-員林,2024-08-27,5381
00687B,國泰20年美債,41,5,36,第一金-員林,2024-08-27,5381
2399,映泰,69,35,34,第一金-員林,2024-08-27,5381
1569,濱川,30,0,30,第一金-員林,2024-08-27,5381
2367,燿華,34,5,29,第一金-員林,2024-08-27,5381
2243,宏旭-KY,29,1,28,第一金-員林,2024-08-27,5381
1711,永光,33,8,25,第一金-員林,2024-08-27,5381
3141,晶宏,22,0,22,第一金-員林,2024-08-27,5381
00936,台新永續高息中小,31,10,21,第一金-員林,2024-08-27,5381
00688L,國泰20年美債正2,20,0,20,第一金-員林,2024-08-27,5381
00919,群益台灣精選高息,26,9,17,第一金-員林,2024-08-27,5381
2365,昆盈,60,43,17,第一金-員林,2024-08-27,5381
00940,元大台灣價值高息,22,6,16,第一金-員林,2024-08-27,5381
8064,東捷,67,52,15,第一金-員林,2024-08-27,5381
00679B,元大美債20年,13,0,13,第一金-員林,2024-08-27,5381
00878,國泰永續高股息,18,5,13,第一金-員林,2024-08-27,5381
2880,華南金,12,0,12,第一金-員林,2024-08-27,5381
6151,晉倫,22,10,12,第一金-員林,2024-08-27,5381
00725B,國泰投資級公司債,11,0,11,第一金-員林,2024-08-27,5381
2002,中鋼,11,0,11,第一金-員林,2024-08-27,5381
8028,昇陽半導體,29,18,11,第一金-員林,2024-08-27,5381
3033,威健,12,2,10,第一金-員林,2024-08-27,5381
5871,中租-KY,10,0,10,第一金-員林,2024-08-27,5381
00937B,群益ESG投等債20,10,0,10,第一金-員林,2024-08-27,5381
2465,麗臺,10,0,10,第一金-員林,2024-08-27,5381
3605,宏致,40,30,10,第一金-員林,2024-08-27,5381
6806,森崴能源,11,1,10,第一金-員林,2024-08-27,5381
1597,直得,13,4,9,第一金-員林,2024-08-27,5381
2464,盟立,11,2,9,第一金-員林,2024-08-27,5381
4714,永捷,13,4,9,第一金-員林,2024-08-27,5381
2609,陽明,8,0,8,第一金-員林,2024-08-27,5381
3189,景碩,9,1,8,第一金-員林,2024-08-27,5381
2377,微星,8,1,7,第一金-員林,2024-08-27,5381
4958,臻鼎-KY,8,1,7,第一金-員林,2024-08-27,5381
3149,正達,15,8,7,第一金-員林,2024-08-27,5381
3535,晶彩科,24,17,7,第一金-員林,2024-08-27,5381
3581,博磊,9,2,7,第一金-員林,2024-08-27,5381
4744,皇將,7,0,7,第一金-員林,2024-08-27,5381
5202,力新,7,0,7,第一金-員林,2024-08-27,5381
6179,亞通,7,0,7,第一金-員林,2024-08-27,5381
2027,大成鋼,6,0,6,第一金-員林,2024-08-27,5381
2514,龍邦,6,0,6,第一金-員林,2024-08-27,5381
2515,中工,18,12,6,第一金-員林,2024-08-27,5381
2897,王道銀行,6,0,6,第一金-員林,2024-08-27,5381
3707,漢磊,6,0,6,第一金-員林,2024-08-27,5381
8021,尖點,11,5,6,第一金-員林,2024-08-27,5381
00881,國泰台灣5G+,5,0,5,第一金-員林,2024-08-27,5381
00947,台新臺灣IC設計,5,0,5,第一金-員林,2024-08-27,5381
00937B,群益ESG投等債20,167,4,163,第一金-員林,2024-08-28,5381
9105,泰金寶-DR,112,0,112,第一金-員林,2024-08-28,5381
2313,華通,59,10,49,第一金-員林,2024-08-28,5381
3167,大量,37,0,37,第一金-員林,2024-08-28,5381
1815,富喬,35,2,33,第一金-員林,2024-08-28,5381
2464,盟立,37,6,31,第一金-員林,2024-08-28,5381
00687B,國泰20年美債,31,0,31,第一金-員林,2024-08-28,5381
00953B,群益優選非投等債,50,20,30,第一金-員林,2024-08-28,5381
2880,華南金,30,0,30,第一金-員林,2024-08-28,5381
3615,安可,32,2,30,第一金-員林,2024-08-28,5381
2883,凱基金,32,5,27,第一金-員林,2024-08-28,5381
00679B,元大美債20年,26,0,26,第一金-員林,2024-08-28,5381
5452,佶優,29,4,25,第一金-員林,2024-08-28,5381
2349,錸德,54,30,24,第一金-員林,2024-08-28,5381
2887,台新金,19,0,19,第一金-員林,2024-08-28,5381
2402,毅嘉,26,7,19,第一金-員林,2024-08-28,5381
2409,友達,30,11,19,第一金-員林,2024-08-28,5381
2062,橋椿,50,32,18,第一金-員林,2024-08-28,5381
00929,復華台灣科技優息,22,5,17,第一金-員林,2024-08-28,5381
2520,冠德,35,19,16,第一金-員林,2024-08-28,5381
3715,定穎投控,20,4,16,第一金-員林,2024-08-28,5381
2891,中信金,16,0,16,第一金-員林,2024-08-28,5381
00713,元大台灣高息低波,14,1,13,第一金-員林,2024-08-28,5381
5443,均豪,80,67,13,第一金-員林,2024-08-28,5381
00725B,國泰投資級公司債,12,0,12,第一金-員林,2024-08-28,5381
1528,恩德,28,16,12,第一金-員林,2024-08-28,5381
2515,中工,12,0,12,第一金-員林,2024-08-28,5381
5386,青雲,17,5,12,第一金-員林,2024-08-28,5381
5871,中租-KY,10,0,10,第一金-員林,2024-08-28,5381
1589,永冠-KY,10,0,10,第一金-員林,2024-08-28,5381
2477,美隆電,10,0,10,第一金-員林,2024-08-28,5381
3013,晟銘電,10,0,10,第一金-員林,2024-08-28,5381
3498,陽程,10,0,10,第一金-員林,2024-08-28,5381
4707,磐亞,10,0,10,第一金-員林,2024-08-28,5381
6603,富強鑫,16,6,10,第一金-員林,2024-08-28,5381
6609,瀧澤科,19,9,10,第一金-員林,2024-08-28,5381
6877,鏵友益,10,0,10,第一金-員林,2024-08-28,5381
8110,華東,10,0,10,第一金-員林,2024-08-28,5381
2002,中鋼,11,1,10,第一金-員林,2024-08-28,5381
3062,建漢,16,6,10,第一金-員林,2024-08-28,5381
3379,彬台,9,0,9,第一金-員林,2024-08-28,5381
2392,正崴,27,19,8,第一金-員林,2024-08-28,5381
2417,圓剛,12,4,8,第一金-員林,2024-08-28,5381
2467,志聖,19,11,8,第一金-員林,2024-08-28,5381
9110,越南控-DR,8,0,8,第一金-員林,2024-08-28,5381
00946,群益科技高息成長,7,0,7,第一金-員林,2024-08-28,5381
1314,中石化,12,5,7,第一金-員林,2024-08-28,5381
2834,臺企銀,7,0,7,第一金-員林,2024-08-28,5381
3609,三一東林,7,0,7,第一金-員林,2024-08-28,5381
4561,健椿,7,0,7,第一金-員林,2024-08-28,5381
00688L,國泰20年美債正2,145,50,95,第一金-員林,2024-08-29,5381
00937B,群益ESG投等債20,65,0,65,第一金-員林,2024-08-29,5381
2891,中信金,52,0,52,第一金-員林,2024-08-29,5381
2313,華通,60,12,48,第一金-員林,2024-08-29,5381
4526,東台,77,33,44,第一金-員林,2024-08-29,5381
3062,建漢,62,19,43,第一金-員林,2024-08-29,5381
00642U,期元大S＆P石油,40,0,40,第一金-員林,2024-08-29,5381
2915,潤泰全,40,0,40,第一金-員林,2024-08-29,5381
2515,中工,38,0,38,第一金-員林,2024-08-29,5381
1569,濱川,34,1,33,第一金-員林,2024-08-29,5381
2405,輔信,32,1,31,第一金-員林,2024-08-29,5381
00881,國泰台灣5G+,29,0,29,第一金-員林,2024-08-29,5381
00919,群益台灣精選高息,41,13,28,第一金-員林,2024-08-29,5381
2426,鼎元,43,19,24,第一金-員林,2024-08-29,5381
00687B,國泰20年美債,23,0,23,第一金-員林,2024-08-29,5381
00753L,中信中國50正2,23,0,23,第一金-員林,2024-08-29,5381
2314,台揚,24,1,23,第一金-員林,2024-08-29,5381
1314,中石化,24,2,22,第一金-員林,2024-08-29,5381
2867,三商壽,22,0,22,第一金-員林,2024-08-29,5381
00922,國泰台灣領袖50,21,0,21,第一金-員林,2024-08-29,5381
2402,毅嘉,25,4,21,第一金-員林,2024-08-29,5381
4513,福裕,59,39,20,第一金-員林,2024-08-29,5381
2359,所羅門,20,1,19,第一金-員林,2024-08-29,5381
2349,錸德,21,3,18,第一金-員林,2024-08-29,5381
8011,台通,29,11,18,第一金-員林,2024-08-29,5381
00929,復華台灣科技優息,41,26,15,第一金-員林,2024-08-29,5381
00725B,國泰投資級公司債,14,0,14,第一金-員林,2024-08-29,5381
1721,三晃,46,33,13,第一金-員林,2024-08-29,5381
2412,中華電,13,0,13,第一金-員林,2024-08-29,5381
2880,華南金,13,0,13,第一金-員林,2024-08-29,5381
2887,台新金,33,20,13,第一金-員林,2024-08-29,5381
00715L,期街口布蘭特正2,12,0,12,第一金-員林,2024-08-29,5381
3450,聯鈞,31,20,11,第一金-員林,2024-08-29,5381
1528,恩德,11,0,11,第一金-員林,2024-08-29,5381
3149,正達,13,2,11,第一金-員林,2024-08-29,5381
7402,邑錡,11,0,11,第一金-員林,2024-08-29,5381
8086,宏捷科,11,0,11,第一金-員林,2024-08-29,5381
3231,緯創,11,1,10,第一金-員林,2024-08-29,5381
2883,凱基金,10,0,10,第一金-員林,2024-08-29,5381
00959B,大華投等美債15Y+,10,0,10,第一金-員林,2024-08-29,5381
2851,中再保,10,0,10,第一金-員林,2024-08-29,5381
3032,偉訓,10,0,10,第一金-員林,2024-08-29,5381
3105,穩懋,11,1,10,第一金-員林,2024-08-29,5381
5880,合庫金,9,0,9,第一金-員林,2024-08-29,5381
00940,元大台灣價值高息,13,5,8,第一金-員林,2024-08-29,5381
6269,台郡,8,0,8,第一金-員林,2024-08-29,5381
00637L,元大滬深300正2,8,0,8,第一金-員林,2024-08-29,5381
3593,力銘,8,0,8,第一金-員林,2024-08-29,5381
3609,三一東林,9,1,8,第一金-員林,2024-08-29,5381
6875,國邑*,8,0,8,第一金-員林,2024-08-29,5381
00676R,富邦臺灣加權反1,200,0,200,第一金-員林,2024-08-30,5381
00632R,元大台灣50反1,100,2,98,第一金-員林,2024-08-30,5381
6505,台塑化,74,11,63,第一金-員林,2024-08-30,5381
00959B,大華投等美債15Y+,57,0,57,第一金-員林,2024-08-30,5381
9105,泰金寶-DR,100,50,50,第一金-員林,2024-08-30,5381
2425,承啟,157,118,39,第一金-員林,2024-08-30,5381
6118,建達,35,0,35,第一金-員林,2024-08-30,5381
2426,鼎元,44,11,33,第一金-員林,2024-08-30,5381
2915,潤泰全,30,0,30,第一金-員林,2024-08-30,5381
9103,美德醫療-DR,26,0,26,第一金-員林,2024-08-30,5381
00687B,國泰20年美債,22,0,22,第一金-員林,2024-08-30,5381
3062,建漢,37,16,21,第一金-員林,2024-08-30,5381
1785,光洋科,28,9,19,第一金-員林,2024-08-30,5381
1815,富喬,19,0,19,第一金-員林,2024-08-30,5381
2891,中信金,18,0,18,第一金-員林,2024-08-30,5381
2887,台新金,19,2,17,第一金-員林,2024-08-30,5381
1735,日勝化,17,0,17,第一金-員林,2024-08-30,5381
2834,臺企銀,17,0,17,第一金-員林,2024-08-30,5381
2609,陽明,17,1,16,第一金-員林,2024-08-30,5381
3689,湧德,18,2,16,第一金-員林,2024-08-30,5381
8086,宏捷科,15,0,15,第一金-員林,2024-08-30,5381
0056,元大高股息,15,0,15,第一金-員林,2024-08-30,5381
00725B,國泰投資級公司債,15,0,15,第一金-員林,2024-08-30,5381
2801,彰銀,15,0,15,第一金-員林,2024-08-30,5381
2374,佳能,53,39,14,第一金-員林,2024-08-30,5381
2880,華南金,13,0,13,第一金-員林,2024-08-30,5381
3303,岱稜,13,0,13,第一金-員林,2024-08-30,5381
2453,凌群,12,0,12,第一金-員林,2024-08-30,5381
6274,台燿,17,5,12,第一金-員林,2024-08-30,5381
8096,擎亞,13,2,11,第一金-員林,2024-08-30,5381
4903,聯光通,17,6,11,第一金-員林,2024-08-30,5381
8091,翔名,11,0,11,第一金-員林,2024-08-30,5381
1210,大成,10,0,10,第一金-員林,2024-08-30,5381
1709,和益,10,0,10,第一金-員林,2024-08-30,5381
3031,佰鴻,10,0,10,第一金-員林,2024-08-30,5381
6016,康和證,10,0,10,第一金-員林,2024-08-30,5381
6728,上洋,10,0,10,第一金-員林,2024-08-30,5381
3163,波若威,13,3,10,第一金-員林,2024-08-30,5381
00713,元大台灣高息低波,11,2,9,第一金-員林,2024-08-30,5381
2388,威盛,9,0,9,第一金-員林,2024-08-30,5381
2340,台亞,10,1,9,第一金-員林,2024-08-30,5381
2537,聯上發,29,20,9,第一金-員林,2024-08-30,5381
3615,安可,37,28,9,第一金-員林,2024-08-30,5381
4534,慶騰,11,2,9,第一金-員林,2024-08-30,5381
00878,國泰永續高股息,11,2,9,第一金-員林,2024-08-30,5381
2317,鴻海,20,12,8,第一金-員林,2024-08-30,5381
1314,中石化,8,0,8,第一金-員林,2024-08-30,5381
2349,錸德,11,3,8,第一金-員林,2024-08-30,5381
4303,信立,11,3,8,第一金-員林,2024-08-30,5381
8064,東捷,16,8,8,第一金-員林,2024-08-30,5381
8105,凌巨,108,4,104,第一金-員林,2024-09-02,5381
00919,群益台灣精選高息,74,0,74,第一金-員林,2024-09-02,5381
00712,復華富時不動產,75,5,70,第一金-員林,2024-09-02,5381
00915,凱基優選高股息30,66,0,66,第一金-員林,2024-09-02,5381
00937B,群益ESG投等債20,47,0,47,第一金-員林,2024-09-02,5381
00936,台新永續高息中小,51,5,46,第一金-員林,2024-09-02,5381
00679B,元大美債20年,44,0,44,第一金-員林,2024-09-02,5381
1711,永光,58,15,43,第一金-員林,2024-09-02,5381
2515,中工,43,3,40,第一金-員林,2024-09-02,5381
00688L,國泰20年美債正2,32,0,32,第一金-員林,2024-09-02,5381
1815,富喬,31,0,31,第一金-員林,2024-09-02,5381
00946,群益科技高息成長,30,2,28,第一金-員林,2024-09-02,5381
1314,中石化,27,0,27,第一金-員林,2024-09-02,5381
00878,國泰永續高股息,26,0,26,第一金-員林,2024-09-02,5381
00687B,國泰20年美債,33,7,26,第一金-員林,2024-09-02,5381
3609,三一東林,23,0,23,第一金-員林,2024-09-02,5381
00929,復華台灣科技優息,54,31,23,第一金-員林,2024-09-02,5381
2892,第一金,23,3,20,第一金-員林,2024-09-02,5381
2880,華南金,20,0,20,第一金-員林,2024-09-02,5381
2915,潤泰全,20,0,20,第一金-員林,2024-09-02,5381
6505,台塑化,23,4,19,第一金-員林,2024-09-02,5381
9103,美德醫療-DR,19,0,19,第一金-員林,2024-09-02,5381
2344,華邦電,23,5,18,第一金-員林,2024-09-02,5381
2349,錸德,76,58,18,第一金-員林,2024-09-02,5381
3481,群創,64,46,18,第一金-員林,2024-09-02,5381
2313,華通,124,107,17,第一金-員林,2024-09-02,5381
4513,福裕,29,12,17,第一金-員林,2024-09-02,5381
2891,中信金,16,0,16,第一金-員林,2024-09-02,5381
1785,光洋科,40,25,15,第一金-員林,2024-09-02,5381
1539,巨庭,21,7,14,第一金-員林,2024-09-02,5381
00918,大華優利高填息30,13,1,12,第一金-員林,2024-09-02,5381
00725B,國泰投資級公司債,15,3,12,第一金-員林,2024-09-02,5381
00715L,期街口布蘭特正2,12,0,12,第一金-員林,2024-09-02,5381
1530,亞崴,13,1,12,第一金-員林,2024-09-02,5381
2426,鼎元,23,11,12,第一金-員林,2024-09-02,5381
6213,聯茂,13,2,11,第一金-員林,2024-09-02,5381
9945,潤泰新,11,0,11,第一金-員林,2024-09-02,5381
2615,萬海,15,4,11,第一金-員林,2024-09-02,5381
00713,元大台灣高息低波,11,1,10,第一金-員林,2024-09-02,5381
00665L,富邦�琤肭磪囓�2,10,0,10,第一金-員林,2024-09-02,5381
00881,國泰台灣5G+,10,0,10,第一金-員林,2024-09-02,5381
00922,國泰台灣領袖50,10,0,10,第一金-員林,2024-09-02,5381
8299,群聯,9,0,9,第一金-員林,2024-09-02,5381
9110,越南控-DR,11,2,9,第一金-員林,2024-09-02,5381
8070,長華*,69,61,8,第一金-員林,2024-09-02,5381
2352,佳世達,12,4,8,第一金-員林,2024-09-02,5381
3379,彬台,8,0,8,第一金-員林,2024-09-02,5381
1326,台化,7,0,7,第一金-員林,2024-09-02,5381
2701,萬企,7,0,7,第一金-員林,2024-09-02,5381
5301,寶得利,7,0,7,第一金-員林,2024-09-02,5381
00918,大華優利高填息30,211,0,211,第一金-員林,2024-09-03,5381
00915,凱基優選高股息30,155,5,150,第一金-員林,2024-09-03,5381
00632R,元大台灣50反1,101,0,101,第一金-員林,2024-09-03,5381
00680L,元大美債20正2,78,0,78,第一金-員林,2024-09-03,5381
00929,復華台灣科技優息,60,10,50,第一金-員林,2024-09-03,5381
1711,永光,42,6,36,第一金-員林,2024-09-03,5381
00712,復華富時不動產,30,0,30,第一金-員林,2024-09-03,5381
6603,富強鑫,30,0,30,第一金-員林,2024-09-03,5381
2349,錸德,31,2,29,第一金-員林,2024-09-03,5381
2882,國泰金,30,1,29,第一金-員林,2024-09-03,5381
2515,中工,26,0,26,第一金-員林,2024-09-03,5381
2345,智邦,25,0,25,第一金-員林,2024-09-03,5381
2323,中環,22,0,22,第一金-員林,2024-09-03,5381
2354,鴻準,22,0,22,第一金-員林,2024-09-03,5381
00772B,中信高評級公司債,20,0,20,第一金-員林,2024-09-03,5381
1905,華紙,20,0,20,第一金-員林,2024-09-03,5381
2915,潤泰全,20,0,20,第一金-員林,2024-09-03,5381
3062,建漢,46,26,20,第一金-員林,2024-09-03,5381
4562,穎漢,25,5,20,第一金-員林,2024-09-03,5381
6120,達運,20,0,20,第一金-員林,2024-09-03,5381
00878,國泰永續高股息,21,1,20,第一金-員林,2024-09-03,5381
3105,穩懋,21,1,20,第一金-員林,2024-09-03,5381
3033,威健,19,0,19,第一金-員林,2024-09-03,5381
2316,楠梓電,20,2,18,第一金-員林,2024-09-03,5381
2426,鼎元,30,12,18,第一金-員林,2024-09-03,5381
2002,中鋼,17,0,17,第一金-員林,2024-09-03,5381
2801,彰銀,17,0,17,第一金-員林,2024-09-03,5381
3686,達能,17,0,17,第一金-員林,2024-09-03,5381
00679B,元大美債20年,22,6,16,第一金-員林,2024-09-03,5381
4714,永捷,16,2,14,第一金-員林,2024-09-03,5381
8011,台通,24,10,14,第一金-員林,2024-09-03,5381
00891,中信關鍵半導體,14,1,13,第一金-員林,2024-09-03,5381
2402,毅嘉,12,0,12,第一金-員林,2024-09-03,5381
4303,信立,26,14,12,第一金-員林,2024-09-03,5381
3037,欣興,14,3,11,第一金-員林,2024-09-03,5381
00946,群益科技高息成長,11,0,11,第一金-員林,2024-09-03,5381
6213,聯茂,16,5,11,第一金-員林,2024-09-03,5381
00665L,富邦�琤肭磪囓�2,30,20,10,第一金-員林,2024-09-03,5381
3466,德晉,10,0,10,第一金-員林,2024-09-03,5381
5347,世界,14,4,10,第一金-員林,2024-09-03,5381
9110,越南控-DR,10,0,10,第一金-員林,2024-09-03,5381
2449,京元電子,10,0,10,第一金-員林,2024-09-03,5381
2892,第一金,9,0,9,第一金-員林,2024-09-03,5381
1314,中石化,9,0,9,第一金-員林,2024-09-03,5381
00882,中信中國高股息,9,0,9,第一金-員林,2024-09-03,5381
00687B,國泰20年美債,9,0,9,第一金-員林,2024-09-03,5381
2442,新美齊,9,0,9,第一金-員林,2024-09-03,5381
2883,凱基金,10,1,9,第一金-員林,2024-09-03,5381
4979,華星光,8,0,8,第一金-員林,2024-09-03,5381
1309,台達化,7,0,7,第一金-員林,2024-09-03,5381
9904,寶成,752,0,752,第一金-員林,2024-09-04,5381
00929,復華台灣科技優息,275,4,271,第一金-員林,2024-09-04,5381
00919,群益台灣精選高息,177,2,175,第一金-員林,2024-09-04,5381
00936,台新永續高息中小,208,36,172,第一金-員林,2024-09-04,5381
00940,元大台灣價值高息,160,1,159,第一金-員林,2024-09-04,5381
00676R,富邦臺灣加權反1,200,50,150,第一金-員林,2024-09-04,5381
2204,中華,130,0,130,第一金-員林,2024-09-04,5381
00918,大華優利高填息30,126,0,126,第一金-員林,2024-09-04,5381
00878,國泰永續高股息,122,1,121,第一金-員林,2024-09-04,5381
00915,凱基優選高股息30,119,0,119,第一金-員林,2024-09-04,5381
9105,泰金寶-DR,183,82,101,第一金-員林,2024-09-04,5381
1218,泰山,78,0,78,第一金-員林,2024-09-04,5381
0056,元大高股息,78,3,75,第一金-員林,2024-09-04,5381
4510,高鋒,93,32,61,第一金-員林,2024-09-04,5381
3481,群創,77,20,57,第一金-員林,2024-09-04,5381
4534,慶騰,49,1,48,第一金-員林,2024-09-04,5381
00881,國泰台灣5G+,48,1,47,第一金-員林,2024-09-04,5381
00642U,期元大S＆P石油,45,0,45,第一金-員林,2024-09-04,5381
6770,力積電,33,0,33,第一金-員林,2024-09-04,5381
2382,廣達,34,2,32,第一金-員林,2024-09-04,5381
2610,華航,31,0,31,第一金-員林,2024-09-04,5381
4303,信立,32,1,31,第一金-員林,2024-09-04,5381
4562,穎漢,59,29,30,第一金-員林,2024-09-04,5381
2880,華南金,30,1,29,第一金-員林,2024-09-04,5381
2891,中信金,37,8,29,第一金-員林,2024-09-04,5381
3037,欣興,28,3,25,第一金-員林,2024-09-04,5381
2886,兆豐金,25,0,25,第一金-員林,2024-09-04,5381
2605,新興,25,1,24,第一金-員林,2024-09-04,5381
2313,華通,28,5,23,第一金-員林,2024-09-04,5381
2867,三商壽,23,0,23,第一金-員林,2024-09-04,5381
6531,愛普*,20,0,20,第一金-員林,2024-09-04,5381
006208,富邦台50,20,0,20,第一金-員林,2024-09-04,5381
2002,中鋼,20,0,20,第一金-員林,2024-09-04,5381
2344,華邦電,21,2,19,第一金-員林,2024-09-04,5381
00935,野村臺灣新科技50,22,3,19,第一金-員林,2024-09-04,5381
3231,緯創,21,2,19,第一金-員林,2024-09-04,5381
00923,群益台ESG低碳50,19,0,19,第一金-員林,2024-09-04,5381
2330,台積電,35,16,19,第一金-員林,2024-09-04,5381
00713,元大台灣高息低波,19,0,19,第一金-員林,2024-09-04,5381
2317,鴻海,87,69,18,第一金-員林,2024-09-04,5381
0050,元大台灣50,20,2,18,第一金-員林,2024-09-04,5381
2617,台航,17,0,17,第一金-員林,2024-09-04,5381
2801,彰銀,17,0,17,第一金-員林,2024-09-04,5381
6213,聯茂,26,10,16,第一金-員林,2024-09-04,5381
1434,福懋,16,0,16,第一金-員林,2024-09-04,5381
00632R,元大台灣50反1,101,85,16,第一金-員林,2024-09-04,5381
2376,技嘉,17,1,16,第一金-員林,2024-09-04,5381
1301,台塑,20,4,16,第一金-員林,2024-09-04,5381
2327,國巨,15,0,15,第一金-員林,2024-09-04,5381
1314,中石化,23,9,14,第一金-員林,2024-09-04,5381
00918,大華優利高填息30,118,0,118,第一金-員林,2024-09-05,5381
00676R,富邦臺灣加權反1,100,0,100,第一金-員林,2024-09-05,5381
00919,群益台灣精選高息,87,5,82,第一金-員林,2024-09-05,5381
00922,國泰台灣領袖50,100,20,80,第一金-員林,2024-09-05,5381
9105,泰金寶-DR,272,200,72,第一金-員林,2024-09-05,5381
00929,復華台灣科技優息,70,17,53,第一金-員林,2024-09-05,5381
00941,中信上游半導體,50,0,50,第一金-員林,2024-09-05,5381
00715L,期街口布蘭特正2,68,23,45,第一金-員林,2024-09-05,5381
00940,元大台灣價值高息,41,2,39,第一金-員林,2024-09-05,5381
00637L,元大滬深300正2,36,1,35,第一金-員林,2024-09-05,5381
2363,矽統,35,0,35,第一金-員林,2024-09-05,5381
3481,群創,39,11,28,第一金-員林,2024-09-05,5381
00712,復華富時不動產,26,0,26,第一金-員林,2024-09-05,5381
00679B,元大美債20年,31,6,25,第一金-員林,2024-09-05,5381
5351,鈺創,25,0,25,第一金-員林,2024-09-05,5381
00946,群益科技高息成長,24,0,24,第一金-員林,2024-09-05,5381
4956,光鋐,24,2,22,第一金-員林,2024-09-05,5381
00665L,富邦�琤肭磪囓�2,20,0,20,第一金-員林,2024-09-05,5381
2409,友達,25,5,20,第一金-員林,2024-09-05,5381
2317,鴻海,65,45,20,第一金-員林,2024-09-05,5381
2344,華邦電,23,6,17,第一金-員林,2024-09-05,5381
8054,安國,15,1,14,第一金-員林,2024-09-05,5381
2801,彰銀,13,0,13,第一金-員林,2024-09-05,5381
2449,京元電子,16,3,13,第一金-員林,2024-09-05,5381
2891,中信金,14,2,12,第一金-員林,2024-09-05,5381
00713,元大台灣高息低波,18,7,11,第一金-員林,2024-09-05,5381
6257,矽格,11,0,11,第一金-員林,2024-09-05,5381
8016,矽創,11,0,11,第一金-員林,2024-09-05,5381
0056,元大高股息,10,0,10,第一金-員林,2024-09-05,5381
2002,中鋼,12,2,10,第一金-員林,2024-09-05,5381
00772B,中信高評級公司債,10,0,10,第一金-員林,2024-09-05,5381
00655L,國泰中國A50正2,10,0,10,第一金-員林,2024-09-05,5381
00650L,復華香港正2,10,0,10,第一金-員林,2024-09-05,5381
2379,瑞昱,10,0,10,第一金-員林,2024-09-05,5381
2912,統一超,10,0,10,第一金-員林,2024-09-05,5381
6141,柏承,10,0,10,第一金-員林,2024-09-05,5381
2892,第一金,11,1,10,第一金-員林,2024-09-05,5381
1609,大亞,10,1,9,第一金-員林,2024-09-05,5381
3339,泰谷,9,0,9,第一金-員林,2024-09-05,5381
8043,蜜望實,10,1,9,第一金-員林,2024-09-05,5381
00927,群益半導體收益,8,0,8,第一金-員林,2024-09-05,5381
00936,台新永續高息中小,8,0,8,第一金-員林,2024-09-05,5381
2834,臺企銀,8,0,8,第一金-員林,2024-09-05,5381
8027,鈦昇,8,0,8,第一金-員林,2024-09-05,5381
8996,高力,11,3,8,第一金-員林,2024-09-05,5381
00937B,群益ESG投等債20,55,47,8,第一金-員林,2024-09-05,5381
2337,旺宏,8,0,8,第一金-員林,2024-09-05,5381
1314,中石化,12,5,7,第一金-員林,2024-09-05,5381
6219,富旺,7,0,7,第一金-員林,2024-09-05,5381
4576,大銀微系統,12,5,7,第一金-員林,2024-09-05,5381
00688L,國泰20年美債正2,201,0,201,第一金-員林,2024-09-06,5381
00918,大華優利高填息30,121,5,116,第一金-員林,2024-09-06,5381
00937B,群益ESG投等債20,133,20,113,第一金-員林,2024-09-06,5381
00715L,期街口布蘭特正2,103,0,103,第一金-員林,2024-09-06,5381
1532,勤美,51,0,51,第一金-員林,2024-09-06,5381
00930,永豐ESG低碳高息,30,0,30,第一金-員林,2024-09-06,5381
1711,永光,25,2,23,第一金-員林,2024-09-06,5381
00882,中信中國高股息,22,0,22,第一金-員林,2024-09-06,5381
2867,三商壽,21,0,21,第一金-員林,2024-09-06,5381
2344,華邦電,26,6,20,第一金-員林,2024-09-06,5381
00687B,國泰20年美債,33,15,18,第一金-員林,2024-09-06,5381
1721,三晃,18,2,16,第一金-員林,2024-09-06,5381
2891,中信金,19,6,13,第一金-員林,2024-09-06,5381
2497,怡利電,17,4,13,第一金-員林,2024-09-06,5381
3624,光頡,15,2,13,第一金-員林,2024-09-06,5381
6120,達運,13,0,13,第一金-員林,2024-09-06,5381
1815,富喬,15,3,12,第一金-員林,2024-09-06,5381
00919,群益台灣精選高息,12,0,12,第一金-員林,2024-09-06,5381
00772B,中信高評級公司債,10,0,10,第一金-員林,2024-09-06,5381
00725B,國泰投資級公司債,10,0,10,第一金-員林,2024-09-06,5381
2002,中鋼,10,0,10,第一金-員林,2024-09-06,5381
2402,毅嘉,10,0,10,第一金-員林,2024-09-06,5381
3607,谷崧,10,0,10,第一金-員林,2024-09-06,5381
4402,郡都開發,10,0,10,第一金-員林,2024-09-06,5381
4513,福裕,24,14,10,第一金-員林,2024-09-06,5381
5230,雷笛克光學,14,4,10,第一金-員林,2024-09-06,5381
6698,旭暉應材,11,1,10,第一金-員林,2024-09-06,5381
9945,潤泰新,10,0,10,第一金-員林,2024-09-06,5381
3481,群創,13,4,9,第一金-員林,2024-09-06,5381
2401,凌陽,9,0,9,第一金-員林,2024-09-06,5381
00631L,元大台灣50正2,8,0,8,第一金-員林,2024-09-06,5381
6830,汎銓,10,2,8,第一金-員林,2024-09-06,5381
4908,前鼎,7,0,7,第一金-員林,2024-09-06,5381
6216,居易,12,5,7,第一金-員林,2024-09-06,5381
2365,昆盈,32,26,6,第一金-員林,2024-09-06,5381
2409,友達,11,5,6,第一金-員林,2024-09-06,5381
4989,榮科,6,0,6,第一金-員林,2024-09-06,5381
6770,力積電,6,0,6,第一金-員林,2024-09-06,5381
0056,元大高股息,6,0,6,第一金-員林,2024-09-06,5381
1527,鑽全,6,0,6,第一金-員林,2024-09-06,5381
1303,南亞,5,0,5,第一金-員林,2024-09-06,5381
8374,羅昇,9,4,5,第一金-員林,2024-09-06,5381
00915,凱基優選高股息30,5,0,5,第一金-員林,2024-09-06,5381
00936,台新永續高息中小,5,0,5,第一金-員林,2024-09-06,5381
00712,復華富時不動產,5,0,5,第一金-員林,2024-09-06,5381
2062,橋椿,7,2,5,第一金-員林,2024-09-06,5381
2405,輔信,7,2,5,第一金-員林,2024-09-06,5381
2618,長榮航,5,0,5,第一金-員林,2024-09-06,5381
3294,英濟,6,1,5,第一金-員林,2024-09-06,5381
3339,泰谷,8,3,5,第一金-員林,2024-09-06,5381
9105,泰金寶-DR,195,0,195,第一金-員林,2024-09-09,5381
00929,復華台灣科技優息,168,1,167,第一金-員林,2024-09-09,5381
00878,國泰永續高股息,125,14,111,第一金-員林,2024-09-09,5381
00940,元大台灣價值高息,100,15,85,第一金-員林,2024-09-09,5381
00680L,元大美債20正2,100,20,80,第一金-員林,2024-09-09,5381
00919,群益台灣精選高息,83,8,75,第一金-員林,2024-09-09,5381
00715L,期街口布蘭特正2,71,0,71,第一金-員林,2024-09-09,5381
1532,勤美,40,0,40,第一金-員林,2024-09-09,5381
2610,華航,40,0,40,第一金-員林,2024-09-09,5381
00918,大華優利高填息30,32,2,30,第一金-員林,2024-09-09,5381
2317,鴻海,33,3,30,第一金-員林,2024-09-09,5381
2363,矽統,31,1,30,第一金-員林,2024-09-09,5381
1536,和大,30,2,28,第一金-員林,2024-09-09,5381
00921,兆豐龍頭等權重,25,3,22,第一金-員林,2024-09-09,5381
00915,凱基優選高股息30,20,0,20,第一金-員林,2024-09-09,5381
3037,欣興,20,0,20,第一金-員林,2024-09-09,5381
00665L,富邦�琤肭磪囓�2,20,0,20,第一金-員林,2024-09-09,5381
00687B,國泰20年美債,18,0,18,第一金-員林,2024-09-09,5381
1314,中石化,48,30,18,第一金-員林,2024-09-09,5381
2915,潤泰全,16,0,16,第一金-員林,2024-09-09,5381
3062,建漢,16,0,16,第一金-員林,2024-09-09,5381
2885,元大金,18,2,16,第一金-員林,2024-09-09,5381
00631L,元大台灣50正2,15,0,15,第一金-員林,2024-09-09,5381
2303,聯電,15,1,14,第一金-員林,2024-09-09,5381
2367,燿華,13,0,13,第一金-員林,2024-09-09,5381
1466,聚隆,12,0,12,第一金-員林,2024-09-09,5381
2891,中信金,13,2,11,第一金-員林,2024-09-09,5381
6121,新普,11,0,11,第一金-員林,2024-09-09,5381
6505,台塑化,13,2,11,第一金-員林,2024-09-09,5381
0056,元大高股息,11,0,11,第一金-員林,2024-09-09,5381
2002,中鋼,10,0,10,第一金-員林,2024-09-09,5381
2881,富邦金,10,0,10,第一金-員林,2024-09-09,5381
00637L,元大滬深300正2,10,0,10,第一金-員林,2024-09-09,5381
2034,允強,10,0,10,第一金-員林,2024-09-09,5381
2449,京元電子,11,1,10,第一金-員林,2024-09-09,5381
2457,飛宏,10,0,10,第一金-員林,2024-09-09,5381
2495,普安,10,0,10,第一金-員林,2024-09-09,5381
3149,正達,10,0,10,第一金-員林,2024-09-09,5381
2515,中工,10,1,9,第一金-員林,2024-09-09,5381
00882,中信中國高股息,9,0,9,第一金-員林,2024-09-09,5381
00951,台新日本半導體,9,0,9,第一金-員林,2024-09-09,5381
2379,瑞昱,8,0,8,第一金-員林,2024-09-09,5381
4576,大銀微系統,8,0,8,第一金-員林,2024-09-09,5381
00935,野村臺灣新科技50,7,0,7,第一金-員林,2024-09-09,5381
00934,中信成長高股息,7,0,7,第一金-員林,2024-09-09,5381
00922,國泰台灣領袖50,7,0,7,第一金-員林,2024-09-09,5381
2365,昆盈,42,35,7,第一金-員林,2024-09-09,5381
2801,彰銀,10,3,7,第一金-員林,2024-09-09,5381
00881,國泰台灣5G+,6,0,6,第一金-員林,2024-09-09,5381
00909,國泰數位支付服務,6,0,6,第一金-員林,2024-09-09,5381
00676R,富邦臺灣加權反1,300,10,290,第一金-員林,2024-09-10,5381
00929,復華台灣科技優息,119,10,109,第一金-員林,2024-09-10,5381
2349,錸德,116,10,106,第一金-員林,2024-09-10,5381
00679B,元大美債20年,72,2,70,第一金-員林,2024-09-10,5381
00878,國泰永續高股息,72,4,68,第一金-員林,2024-09-10,5381
00641R,富邦日本反1,56,0,56,第一金-員林,2024-09-10,5381
00919,群益台灣精選高息,49,0,49,第一金-員林,2024-09-10,5381
3481,群創,56,8,48,第一金-員林,2024-09-10,5381
3062,建漢,69,25,44,第一金-員林,2024-09-10,5381
00687B,國泰20年美債,114,79,35,第一金-員林,2024-09-10,5381
3518,柏騰,40,8,32,第一金-員林,2024-09-10,5381
00940,元大台灣價值高息,31,0,31,第一金-員林,2024-09-10,5381
00941,中信上游半導體,30,0,30,第一金-員林,2024-09-10,5381
2801,彰銀,30,0,30,第一金-員林,2024-09-10,5381
00933B,國泰10Y+金融債,50,20,30,第一金-員林,2024-09-10,5381
2317,鴻海,38,10,28,第一金-員林,2024-09-10,5381
00715L,期街口布蘭特正2,45,20,25,第一金-員林,2024-09-10,5381
2408,南亞科,35,10,25,第一金-員林,2024-09-10,5381
1513,中興電,21,0,21,第一金-員林,2024-09-10,5381
00952,凱基台灣AI50,20,0,20,第一金-員林,2024-09-10,5381
00918,大華優利高填息30,19,0,19,第一金-員林,2024-09-10,5381
2354,鴻準,18,0,18,第一金-員林,2024-09-10,5381
6125,廣運,20,2,18,第一金-員林,2024-09-10,5381
8089,康全電訊,24,8,16,第一金-員林,2024-09-10,5381
2542,興富發,16,1,15,第一金-員林,2024-09-10,5381
00946,群益科技高息成長,16,1,15,第一金-員林,2024-09-10,5381
2402,毅嘉,16,1,15,第一金-員林,2024-09-10,5381
3037,欣興,16,3,13,第一金-員林,2024-09-10,5381
2891,中信金,18,5,13,第一金-員林,2024-09-10,5381
2449,京元電子,14,1,13,第一金-員林,2024-09-10,5381
1734,杏輝,12,0,12,第一金-員林,2024-09-10,5381
2337,旺宏,12,0,12,第一金-員林,2024-09-10,5381
2034,允強,11,0,11,第一金-員林,2024-09-10,5381
8150,南茂,11,0,11,第一金-員林,2024-09-10,5381
00934,中信成長高股息,10,0,10,第一金-員林,2024-09-10,5381
00632R,元大台灣50反1,10,0,10,第一金-員林,2024-09-10,5381
00725B,國泰投資級公司債,10,0,10,第一金-員林,2024-09-10,5381
1815,富喬,34,24,10,第一金-員林,2024-09-10,5381
3715,定穎投控,22,12,10,第一金-員林,2024-09-10,5381
4714,永捷,10,0,10,第一金-員林,2024-09-10,5381
6426,統新,10,0,10,第一金-員林,2024-09-10,5381
6532,瑞耘,10,0,10,第一金-員林,2024-09-10,5381
1301,台塑,13,3,10,第一金-員林,2024-09-10,5381
8054,安國,17,8,9,第一金-員林,2024-09-10,5381
1466,聚隆,9,0,9,第一金-員林,2024-09-10,5381
2323,中環,11,2,9,第一金-員林,2024-09-10,5381
2537,聯上發,10,1,9,第一金-員林,2024-09-10,5381
3047,訊舟,30,21,9,第一金-員林,2024-09-10,5381
3609,三一東林,9,0,9,第一金-員林,2024-09-10,5381
00881,國泰台灣5G+,9,0,9,第一金-員林,2024-09-10,5381
00688L,國泰20年美債正2,2058,2,2056,第一金-員林,2024-09-11,5381
00959B,大華投等美債15Y+,100,0,100,第一金-員林,2024-09-11,5381
9105,泰金寶-DR,163,65,98,第一金-員林,2024-09-11,5381
00676R,富邦臺灣加權反1,100,10,90,第一金-員林,2024-09-11,5381
2204,中華,65,0,65,第一金-員林,2024-09-11,5381
00953B,群益優選非投等債,60,0,60,第一金-員林,2024-09-11,5381
1309,台達化,54,0,54,第一金-員林,2024-09-11,5381
00679B,元大美債20年,54,6,48,第一金-員林,2024-09-11,5381
00929,復華台灣科技優息,44,0,44,第一金-員林,2024-09-11,5381
3047,訊舟,54,22,32,第一金-員林,2024-09-11,5381
00715L,期街口布蘭特正2,24,0,24,第一金-員林,2024-09-11,5381
2739,寒舍,24,0,24,第一金-員林,2024-09-11,5381
3149,正達,23,0,23,第一金-員林,2024-09-11,5381
6505,台塑化,22,0,22,第一金-員林,2024-09-11,5381
00637L,元大滬深300正2,21,0,21,第一金-員林,2024-09-11,5381
00878,國泰永續高股息,21,1,20,第一金-員林,2024-09-11,5381
6598,ABC-KY,21,1,20,第一金-員林,2024-09-11,5381
2891,中信金,20,0,20,第一金-員林,2024-09-11,5381
2880,華南金,18,1,17,第一金-員林,2024-09-11,5381
00957B,兆豐US優選投等債,16,0,16,第一金-員林,2024-09-11,5381
0056,元大高股息,16,0,16,第一金-員林,2024-09-11,5381
2425,承啟,15,0,15,第一金-員林,2024-09-11,5381
2892,第一金,20,5,15,第一金-員林,2024-09-11,5381
2405,輔信,14,0,14,第一金-員林,2024-09-11,5381
3230,錦明,12,0,12,第一金-員林,2024-09-11,5381
5443,均豪,33,21,12,第一金-員林,2024-09-11,5381
00923,群益台ESG低碳50,12,0,12,第一金-員林,2024-09-11,5381
2477,美隆電,15,4,11,第一金-員林,2024-09-11,5381
6108,競國,11,0,11,第一金-員林,2024-09-11,5381
8112,至上,11,0,11,第一金-員林,2024-09-11,5381
9914,美利達,11,0,11,第一金-員林,2024-09-11,5381
00655L,國泰中國A50正2,10,0,10,第一金-員林,2024-09-11,5381
00665L,富邦�琤肭磪囓�2,10,0,10,第一金-員林,2024-09-11,5381
00772B,中信高評級公司債,10,0,10,第一金-員林,2024-09-11,5381
2027,大成鋼,15,5,10,第一金-員林,2024-09-11,5381
2412,中華電,16,6,10,第一金-員林,2024-09-11,5381
8473,山林水,10,0,10,第一金-員林,2024-09-11,5381
00919,群益台灣精選高息,10,1,9,第一金-員林,2024-09-11,5381
00687B,國泰20年美債,47,38,9,第一金-員林,2024-09-11,5381
2101,南港,10,1,9,第一金-員林,2024-09-11,5381
2002,中鋼,8,0,8,第一金-員林,2024-09-11,5381
3715,定穎投控,9,1,8,第一金-員林,2024-09-11,5381
00650L,復華香港正2,10,3,7,第一金-員林,2024-09-11,5381
2834,臺企銀,7,0,7,第一金-員林,2024-09-11,5381
00915,凱基優選高股息30,7,0,7,第一金-員林,2024-09-11,5381
00633L,富邦上証正2,6,0,6,第一金-員林,2024-09-11,5381
00680L,元大美債20正2,8,2,6,第一金-員林,2024-09-11,5381
1446,宏和,6,0,6,第一金-員林,2024-09-11,5381
2243,宏旭-KY,6,0,6,第一金-員林,2024-09-11,5381
2883,凱基金,6,0,6,第一金-員林,2024-09-11,5381
00680L,元大美債20正2,1154,37,1117,第一金-員林,2024-09-12,5381
00687B,國泰20年美債,118,1,117,第一金-員林,2024-09-12,5381
00679B,元大美債20年,103,1,102,第一金-員林,2024-09-12,5381
00641R,富邦日本反1,100,0,100,第一金-員林,2024-09-12,5381
2515,中工,90,0,90,第一金-員林,2024-09-12,5381
3481,群創,56,3,53,第一金-員林,2024-09-12,5381
00715L,期街口布蘭特正2,34,1,33,第一金-員林,2024-09-12,5381
00688L,國泰20年美債正2,60,33,27,第一金-員林,2024-09-12,5381
00936,台新永續高息中小,25,0,25,第一金-員林,2024-09-12,5381
6133,金橋,27,2,25,第一金-員林,2024-09-12,5381
2891,中信金,30,5,25,第一金-員林,2024-09-12,5381
3013,晟銘電,22,1,21,第一金-員林,2024-09-12,5381
00919,群益台灣精選高息,21,0,21,第一金-員林,2024-09-12,5381
00953B,群益優選非投等債,20,0,20,第一金-員林,2024-09-12,5381
00959B,大華投等美債15Y+,20,0,20,第一金-員林,2024-09-12,5381
2406,國碩,22,2,20,第一金-員林,2024-09-12,5381
5328,華容,20,0,20,第一金-員林,2024-09-12,5381
6152,百一,22,3,19,第一金-員林,2024-09-12,5381
1314,中石化,16,0,16,第一金-員林,2024-09-12,5381
1711,永光,22,6,16,第一金-員林,2024-09-12,5381
2438,翔耀,13,0,13,第一金-員林,2024-09-12,5381
00929,復華台灣科技優息,23,12,11,第一金-員林,2024-09-12,5381
1466,聚隆,10,0,10,第一金-員林,2024-09-12,5381
2313,華通,17,7,10,第一金-員林,2024-09-12,5381
2408,南亞科,10,0,10,第一金-員林,2024-09-12,5381
2402,毅嘉,12,3,9,第一金-員林,2024-09-12,5381
2329,華泰,9,1,8,第一金-員林,2024-09-12,5381
3374,精材,11,3,8,第一金-員林,2024-09-12,5381
2887,台新金,21,13,8,第一金-員林,2024-09-12,5381
9914,美利達,7,0,7,第一金-員林,2024-09-12,5381
3356,奇偶,7,0,7,第一金-員林,2024-09-12,5381
2399,映泰,28,21,7,第一金-員林,2024-09-12,5381
8374,羅昇,14,8,6,第一金-員林,2024-09-12,5381
3609,三一東林,6,0,6,第一金-員林,2024-09-12,5381
5202,力新,6,0,6,第一金-員林,2024-09-12,5381
8043,蜜望實,6,0,6,第一金-員林,2024-09-12,5381
8064,東捷,6,0,6,第一金-員林,2024-09-12,5381
2888,新光金,28,22,6,第一金-員林,2024-09-12,5381
2540,愛山林,7,2,5,第一金-員林,2024-09-12,5381
00632R,元大台灣50反1,5,0,5,第一金-員林,2024-09-12,5381
00757,統一FANG+,5,0,5,第一金-員林,2024-09-12,5381
2114,鑫永銓,5,0,5,第一金-員林,2024-09-12,5381
3260,威剛,5,0,5,第一金-員林,2024-09-12,5381
3550,聯穎,5,0,5,第一金-員林,2024-09-12,5381
4561,健椿,5,0,5,第一金-員林,2024-09-12,5381
4569,六方科-KY,5,0,5,第一金-員林,2024-09-12,5381
4958,臻鼎-KY,5,0,5,第一金-員林,2024-09-12,5381
5301,寶得利,5,0,5,第一金-員林,2024-09-12,5381
2543,皇昌,4,0,4,第一金-員林,2024-09-12,5381
1608,華榮,4,0,4,第一金-員林,2024-09-12,5381
00680L,元大美債20正2,179,24,155,第一金-員林,2024-09-13,5381
00676R,富邦臺灣加權反1,100,0,100,第一金-員林,2024-09-13,5381
00706L,期元大S＆P日圓正2,50,0,50,第一金-員林,2024-09-13,5381
00919,群益台灣精選高息,43,0,43,第一金-員林,2024-09-13,5381
00687B,國泰20年美債,45,4,41,第一金-員林,2024-09-13,5381
4542,科嶠,30,0,30,第一金-員林,2024-09-13,5381
00679B,元大美債20年,31,3,28,第一金-員林,2024-09-13,5381
6185,幃翔,27,0,27,第一金-員林,2024-09-13,5381
6133,金橋,23,0,23,第一金-員林,2024-09-13,5381
2106,建大,20,0,20,第一金-員林,2024-09-13,5381
8064,東捷,21,4,17,第一金-員林,2024-09-13,5381
00688L,國泰20年美債正2,30,14,16,第一金-員林,2024-09-13,5381
2425,承啟,15,0,15,第一金-員林,2024-09-13,5381
3583,辛耘,14,0,14,第一金-員林,2024-09-13,5381
00929,復華台灣科技優息,44,30,14,第一金-員林,2024-09-13,5381
00918,大華優利高填息30,14,1,13,第一金-員林,2024-09-13,5381
3535,晶彩科,14,1,13,第一金-員林,2024-09-13,5381
4956,光鋐,13,0,13,第一金-員林,2024-09-13,5381
9914,美利達,13,0,13,第一金-員林,2024-09-13,5381
00878,國泰永續高股息,14,2,12,第一金-員林,2024-09-13,5381
4513,福裕,44,32,12,第一金-員林,2024-09-13,5381
2449,京元電子,13,3,10,第一金-員林,2024-09-13,5381
00665L,富邦�琤肭磪囓�2,10,0,10,第一金-員林,2024-09-13,5381
00953B,群益優選非投等債,20,10,10,第一金-員林,2024-09-13,5381
6246,臺龍,12,2,10,第一金-員林,2024-09-13,5381
2603,長榮,10,0,10,第一金-員林,2024-09-13,5381
6152,百一,15,6,9,第一金-員林,2024-09-13,5381
8039,台虹,22,14,8,第一金-員林,2024-09-13,5381
1785,光洋科,13,5,8,第一金-員林,2024-09-13,5381
2883,凱基金,10,2,8,第一金-員林,2024-09-13,5381
3149,正達,16,8,8,第一金-員林,2024-09-13,5381
3013,晟銘電,54,47,7,第一金-員林,2024-09-13,5381
00915,凱基優選高股息30,7,0,7,第一金-員林,2024-09-13,5381
00933B,國泰10Y+金融債,22,15,7,第一金-員林,2024-09-13,5381
9938,百和,7,0,7,第一金-員林,2024-09-13,5381
00946,群益科技高息成長,6,0,6,第一金-員林,2024-09-13,5381
2070,精湛,14,8,6,第一金-員林,2024-09-13,5381
1524,耿鼎,11,5,6,第一金-員林,2024-09-13,5381
2543,皇昌,7,1,6,第一金-員林,2024-09-13,5381
3712,永崴投控,6,0,6,第一金-員林,2024-09-13,5381
2002,中鋼,6,0,6,第一金-員林,2024-09-13,5381
00940,元大台灣價值高息,11,5,6,第一金-員林,2024-09-13,5381
1309,台達化,7,2,5,第一金-員林,2024-09-13,5381
1805,寶徠,5,0,5,第一金-員林,2024-09-13,5381
2103,台橡,5,0,5,第一金-員林,2024-09-13,5381
3037,欣興,7,2,5,第一金-員林,2024-09-13,5381
3289,宜特,11,6,5,第一金-員林,2024-09-13,5381
3290,東浦,5,0,5,第一金-員林,2024-09-13,5381
3615,安可,5,0,5,第一金-員林,2024-09-13,5381
5871,中租-KY,5,0,5,第一金-員林,2024-09-13,5381
00937B,群益ESG投等債20,255,17,238,第一金-員林,2024-09-16,5381
2349,錸德,180,61,119,第一金-員林,2024-09-16,5381
9105,泰金寶-DR,100,0,100,第一金-員林,2024-09-16,5381
00929,復華台灣科技優息,116,20,96,第一金-員林,2024-09-16,5381
00676R,富邦臺灣加權反1,100,5,95,第一金-員林,2024-09-16,5381
2618,長榮航,64,8,56,第一金-員林,2024-09-16,5381
00687B,國泰20年美債,53,4,49,第一金-員林,2024-09-16,5381
00715L,期街口布蘭特正2,35,0,35,第一金-員林,2024-09-16,5381
6152,百一,32,0,32,第一金-員林,2024-09-16,5381
00919,群益台灣精選高息,33,4,29,第一金-員林,2024-09-16,5381
1301,台塑,23,3,20,第一金-員林,2024-09-16,5381
00948B,中信優息投資級債,20,0,20,第一金-員林,2024-09-16,5381
00712,復華富時不動產,20,1,19,第一金-員林,2024-09-16,5381
2477,美隆電,20,1,19,第一金-員林,2024-09-16,5381
3363,上詮,18,0,18,第一金-員林,2024-09-16,5381
5202,力新,22,4,18,第一金-員林,2024-09-16,5381
00915,凱基優選高股息30,17,0,17,第一金-員林,2024-09-16,5381
00680L,元大美債20正2,17,0,17,第一金-員林,2024-09-16,5381
3062,建漢,37,21,16,第一金-員林,2024-09-16,5381
3583,辛耘,14,0,14,第一金-員林,2024-09-16,5381
00940,元大台灣價值高息,12,1,11,第一金-員林,2024-09-16,5381
00688L,國泰20年美債正2,31,20,11,第一金-員林,2024-09-16,5381
00946,群益科技高息成長,10,0,10,第一金-員林,2024-09-16,5381
1326,台化,10,0,10,第一金-員林,2024-09-16,5381
00772B,中信高評級公司債,10,0,10,第一金-員林,2024-09-16,5381
00882,中信中國高股息,10,0,10,第一金-員林,2024-09-16,5381
2438,翔耀,10,0,10,第一金-員林,2024-09-16,5381
2867,三商壽,10,0,10,第一金-員林,2024-09-16,5381
6179,亞通,10,0,10,第一金-員林,2024-09-16,5381
6246,臺龍,10,0,10,第一金-員林,2024-09-16,5381
6248,沛波,10,0,10,第一金-員林,2024-09-16,5381
6505,台塑化,12,3,9,第一金-員林,2024-09-16,5381
3013,晟銘電,22,13,9,第一金-員林,2024-09-16,5381
3025,星通,9,0,9,第一金-員林,2024-09-16,5381
8028,昇陽半導體,19,10,9,第一金-員林,2024-09-16,5381
8085,福華,9,0,9,第一金-員林,2024-09-16,5381
8040,九暘,8,0,8,第一金-員林,2024-09-16,5381
2891,中信金,9,1,8,第一金-員林,2024-09-16,5381
2344,華邦電,10,3,7,第一金-員林,2024-09-16,5381
2313,華通,7,0,7,第一金-員林,2024-09-16,5381
2374,佳能,15,8,7,第一金-員林,2024-09-16,5381
2402,毅嘉,7,0,7,第一金-員林,2024-09-16,5381
3550,聯穎,8,1,7,第一金-員林,2024-09-16,5381
4562,穎漢,8,1,7,第一金-員林,2024-09-16,5381
6530,創威,28,21,7,第一金-員林,2024-09-16,5381
00878,國泰永續高股息,9,3,6,第一金-員林,2024-09-16,5381
00918,大華優利高填息30,7,1,6,第一金-員林,2024-09-16,5381
2609,陽明,7,1,6,第一金-員林,2024-09-16,5381
2913,農林,9,3,6,第一金-員林,2024-09-16,5381
4127,天良,6,0,6,第一金-員林,2024-09-16,5381
00929,復華台灣科技優息,408,6,402,第一金-員林,2024-09-18,5381
9105,泰金寶-DR,232,7,225,第一金-員林,2024-09-18,5381
00680L,元大美債20正2,98,1,97,第一金-員林,2024-09-18,5381
00958B,永豐ESG銀行債15,70,0,70,第一金-員林,2024-09-18,5381
00919,群益台灣精選高息,67,0,67,第一金-員林,2024-09-18,5381
6116,彩晶,70,10,60,第一金-員林,2024-09-18,5381
00940,元大台灣價值高息,43,1,42,第一金-員林,2024-09-18,5381
2313,華通,57,15,42,第一金-員林,2024-09-18,5381
5243,乙盛-KY,37,1,36,第一金-員林,2024-09-18,5381
00945B,凱基美國非投等債,33,0,33,第一金-員林,2024-09-18,5381
00937B,群益ESG投等債20,39,7,32,第一金-員林,2024-09-18,5381
00713,元大台灣高息低波,30,0,30,第一金-員林,2024-09-18,5381
2317,鴻海,44,14,30,第一金-員林,2024-09-18,5381
2477,美隆電,28,0,28,第一金-員林,2024-09-18,5381
00679B,元大美債20年,29,1,28,第一金-員林,2024-09-18,5381
2881,富邦金,26,0,26,第一金-員林,2024-09-18,5381
00687B,國泰20年美債,24,0,24,第一金-員林,2024-09-18,5381
4950,牧東,24,0,24,第一金-員林,2024-09-18,5381
00934,中信成長高股息,28,5,23,第一金-員林,2024-09-18,5381
3550,聯穎,48,28,20,第一金-員林,2024-09-18,5381
00637L,元大滬深300正2,20,0,20,第一金-員林,2024-09-18,5381
00878,國泰永續高股息,24,6,18,第一金-員林,2024-09-18,5381
00915,凱基優選高股息30,20,3,17,第一金-員林,2024-09-18,5381
2399,映泰,26,9,17,第一金-員林,2024-09-18,5381
4714,永捷,28,13,15,第一金-員林,2024-09-18,5381
2070,精湛,16,2,14,第一金-員林,2024-09-18,5381
0056,元大高股息,19,5,14,第一金-員林,2024-09-18,5381
6120,達運,15,1,14,第一金-員林,2024-09-18,5381
00930,永豐ESG低碳高息,13,0,13,第一金-員林,2024-09-18,5381
00725B,國泰投資級公司債,13,0,13,第一金-員林,2024-09-18,5381
8374,羅昇,12,0,12,第一金-員林,2024-09-18,5381
3715,定穎投控,13,1,12,第一金-員林,2024-09-18,5381
3481,群創,12,1,11,第一金-員林,2024-09-18,5381
3605,宏致,21,10,11,第一金-員林,2024-09-18,5381
1210,大成,11,0,11,第一金-員林,2024-09-18,5381
2543,皇昌,13,2,11,第一金-員林,2024-09-18,5381
3049,精金,14,3,11,第一金-員林,2024-09-18,5381
4513,福裕,12,1,11,第一金-員林,2024-09-18,5381
5438,東友,87,76,11,第一金-員林,2024-09-18,5381
2327,國巨,10,0,10,第一金-員林,2024-09-18,5381
00772B,中信高評級公司債,10,0,10,第一金-員林,2024-09-18,5381
2345,智邦,10,0,10,第一金-員林,2024-09-18,5381
3062,建漢,25,15,10,第一金-員林,2024-09-18,5381
6431,光麗-KY,10,0,10,第一金-員林,2024-09-18,5381
8103,瀚荃,10,0,10,第一金-員林,2024-09-18,5381
1609,大亞,16,6,10,第一金-員林,2024-09-18,5381
5871,中租-KY,10,1,9,第一金-員林,2024-09-18,5381
6517,保勝光學,13,4,9,第一金-員林,2024-09-18,5381
6609,瀧澤科,19,10,9,第一金-員林,2024-09-18,5381
1785,光洋科,19,11,8,第一金-員林,2024-09-18,5381
00676R,富邦臺灣加權反1,100,0,100,第一金-員林,2024-09-19,5381
00641R,富邦日本反1,85,0,85,第一金-員林,2024-09-19,5381
2349,錸德,76,7,69,第一金-員林,2024-09-19,5381
00937B,群益ESG投等債20,67,3,64,第一金-員林,2024-09-19,5381
00687B,國泰20年美債,60,10,50,第一金-員林,2024-09-19,5381
00929,復華台灣科技優息,96,47,49,第一金-員林,2024-09-19,5381
00915,凱基優選高股息30,43,0,43,第一金-員林,2024-09-19,5381
3576,聯合再生,46,3,43,第一金-員林,2024-09-19,5381
00918,大華優利高填息30,39,2,37,第一金-員林,2024-09-19,5381
8064,東捷,38,2,36,第一金-員林,2024-09-19,5381
00679B,元大美債20年,25,0,25,第一金-員林,2024-09-19,5381
00919,群益台灣精選高息,24,1,23,第一金-員林,2024-09-19,5381
6530,創威,22,0,22,第一金-員林,2024-09-19,5381
00891,中信關鍵半導體,20,0,20,第一金-員林,2024-09-19,5381
00922,國泰台灣領袖50,20,0,20,第一金-員林,2024-09-19,5381
1569,濱川,20,0,20,第一金-員林,2024-09-19,5381
8032,光菱,17,0,17,第一金-員林,2024-09-19,5381
00725B,國泰投資級公司債,16,0,16,第一金-員林,2024-09-19,5381
00772B,中信高評級公司債,15,0,15,第一金-員林,2024-09-19,5381
3481,群創,28,13,15,第一金-員林,2024-09-19,5381
4543,萬在,15,1,14,第一金-員林,2024-09-19,5381
8104,錸寶,14,0,14,第一金-員林,2024-09-19,5381
9945,潤泰新,15,1,14,第一金-員林,2024-09-19,5381
6207,雷科,13,0,13,第一金-員林,2024-09-19,5381
6770,力積電,13,0,13,第一金-員林,2024-09-19,5381
2464,盟立,19,6,13,第一金-員林,2024-09-19,5381
2344,華邦電,17,5,12,第一金-員林,2024-09-19,5381
2313,華通,21,9,12,第一金-員林,2024-09-19,5381
2891,中信金,14,3,11,第一金-員林,2024-09-19,5381
00712,復華富時不動產,11,0,11,第一金-員林,2024-09-19,5381
8070,長華*,13,2,11,第一金-員林,2024-09-19,5381
00936,台新永續高息中小,10,0,10,第一金-員林,2024-09-19,5381
1102,亞泥,10,0,10,第一金-員林,2024-09-19,5381
1524,耿鼎,10,0,10,第一金-員林,2024-09-19,5381
8046,南電,10,0,10,第一金-員林,2024-09-19,5381
6125,廣運,10,1,9,第一金-員林,2024-09-19,5381
1532,勤美,9,1,8,第一金-員林,2024-09-19,5381
3189,景碩,8,0,8,第一金-員林,2024-09-19,5381
6446,藥華藥,8,0,8,第一金-員林,2024-09-19,5381
00632R,元大台灣50反1,8,1,7,第一金-員林,2024-09-19,5381
4526,東台,8,1,7,第一金-員林,2024-09-19,5381
6152,百一,8,1,7,第一金-員林,2024-09-19,5381
6288,聯嘉,13,6,7,第一金-員林,2024-09-19,5381
00713,元大台灣高息低波,10,3,7,第一金-員林,2024-09-19,5381
00857B,永豐20年美公債,6,0,6,第一金-員林,2024-09-19,5381
3049,精金,156,150,6,第一金-員林,2024-09-19,5381
3356,奇偶,6,0,6,第一金-員林,2024-09-19,5381
3581,博磊,16,10,6,第一金-員林,2024-09-19,5381
00927,群益半導體收益,5,0,5,第一金-員林,2024-09-19,5381
2477,美隆電,5,0,5,第一金-員林,2024-09-19,5381
00676R,富邦臺灣加權反1,159,0,159,第一金-員林,2024-09-20,5381
00919,群益台灣精選高息,208,56,152,第一金-員林,2024-09-20,5381
2609,陽明,150,2,148,第一金-員林,2024-09-20,5381
00934,中信成長高股息,102,0,102,第一金-員林,2024-09-20,5381
9105,泰金寶-DR,197,100,97,第一金-員林,2024-09-20,5381
00687B,國泰20年美債,90,0,90,第一金-員林,2024-09-20,5381
2739,寒舍,65,0,65,第一金-員林,2024-09-20,5381
00915,凱基優選高股息30,51,2,49,第一金-員林,2024-09-20,5381
00948B,中信優息投資級債,50,4,46,第一金-員林,2024-09-20,5381
00958B,永豐ESG銀行債15,45,0,45,第一金-員林,2024-09-20,5381
2888,新光金,49,16,33,第一金-員林,2024-09-20,5381
2106,建大,33,1,32,第一金-員林,2024-09-20,5381
3576,聯合再生,30,0,30,第一金-員林,2024-09-20,5381
00929,復華台灣科技優息,31,2,29,第一金-員林,2024-09-20,5381
2426,鼎元,23,0,23,第一金-員林,2024-09-20,5381
3492,長盛,23,0,23,第一金-員林,2024-09-20,5381
2915,潤泰全,18,0,18,第一金-員林,2024-09-20,5381
5469,瀚宇博,19,4,15,第一金-員林,2024-09-20,5381
4720,德淵,22,8,14,第一金-員林,2024-09-20,5381
0056,元大高股息,29,16,13,第一金-員林,2024-09-20,5381
3303,岱稜,13,1,12,第一金-員林,2024-09-20,5381
00935,野村臺灣新科技50,20,9,11,第一金-員林,2024-09-20,5381
1785,光洋科,46,35,11,第一金-員林,2024-09-20,5381
1808,潤隆,11,0,11,第一金-員林,2024-09-20,5381
2520,冠德,14,3,11,第一金-員林,2024-09-20,5381
9938,百和,21,10,11,第一金-員林,2024-09-20,5381
2543,皇昌,15,4,11,第一金-員林,2024-09-20,5381
00688L,國泰20年美債正2,20,10,10,第一金-員林,2024-09-20,5381
2449,京元電子,11,1,10,第一金-員林,2024-09-20,5381
00725B,國泰投資級公司債,10,0,10,第一金-員林,2024-09-20,5381
2014,中鴻,10,0,10,第一金-員林,2024-09-20,5381
2388,威盛,13,3,10,第一金-員林,2024-09-20,5381
4716,大立,12,2,10,第一金-員林,2024-09-20,5381
8071,能率網通,9,0,9,第一金-員林,2024-09-20,5381
5534,長虹,8,0,8,第一金-員林,2024-09-20,5381
00655L,國泰中國A50正2,8,0,8,第一金-員林,2024-09-20,5381
5301,寶得利,8,0,8,第一金-員林,2024-09-20,5381
6152,百一,8,0,8,第一金-員林,2024-09-20,5381
2313,華通,18,10,8,第一金-員林,2024-09-20,5381
1336,台翰,7,0,7,第一金-員林,2024-09-20,5381
1805,寶徠,7,0,7,第一金-員林,2024-09-20,5381
2404,漢唐,7,0,7,第一金-員林,2024-09-20,5381
3511,矽瑪,10,3,7,第一金-員林,2024-09-20,5381
5905,南仁湖,10,3,7,第一金-員林,2024-09-20,5381
3711,日月光投控,10,3,7,第一金-員林,2024-09-20,5381
2243,宏旭-KY,8,2,6,第一金-員林,2024-09-20,5381
3030,德律,6,0,6,第一金-員林,2024-09-20,5381
3491,昇達科,7,1,6,第一金-員林,2024-09-20,5381
3593,力銘,6,0,6,第一金-員林,2024-09-20,5381
6509,聚和,6,0,6,第一金-員林,2024-09-20,5381
5213,亞昕,118,0,118,第一金-員林,2024-09-23,5381
2606,裕民,100,0,100,第一金-員林,2024-09-23,5381
3715,定穎投控,103,27,76,第一金-員林,2024-09-23,5381
00919,群益台灣精選高息,89,33,56,第一金-員林,2024-09-23,5381
00937B,群益ESG投等債20,36,1,35,第一金-員林,2024-09-23,5381
4716,大立,37,3,34,第一金-員林,2024-09-23,5381
1711,永光,38,9,29,第一金-員林,2024-09-23,5381
00929,復華台灣科技優息,34,8,26,第一金-員林,2024-09-23,5381
2449,京元電子,26,0,26,第一金-員林,2024-09-23,5381
4503,金雨,25,1,24,第一金-員林,2024-09-23,5381
2438,翔耀,21,0,21,第一金-員林,2024-09-23,5381
3105,穩懋,20,1,19,第一金-員林,2024-09-23,5381
6405,悅城,26,7,19,第一金-員林,2024-09-23,5381
0056,元大高股息,19,0,19,第一金-員林,2024-09-23,5381
1316,上曜,24,7,17,第一金-員林,2024-09-23,5381
3576,聯合再生,21,6,15,第一金-員林,2024-09-23,5381
2070,精湛,34,20,14,第一金-員林,2024-09-23,5381
2062,橋椿,19,5,14,第一金-員林,2024-09-23,5381
6532,瑞耘,17,4,13,第一金-員林,2024-09-23,5381
1301,台塑,15,2,13,第一金-員林,2024-09-23,5381
00713,元大台灣高息低波,12,0,12,第一金-員林,2024-09-23,5381
2497,怡利電,13,1,12,第一金-員林,2024-09-23,5381
2442,新美齊,21,10,11,第一金-員林,2024-09-23,5381
4540,全球傳動,12,1,11,第一金-員林,2024-09-23,5381
00706L,期元大S＆P日圓正2,10,0,10,第一金-員林,2024-09-23,5381
00952,凱基台灣AI50,10,0,10,第一金-員林,2024-09-23,5381
00878,國泰永續高股息,11,1,10,第一金-員林,2024-09-23,5381
3481,群創,22,13,9,第一金-員林,2024-09-23,5381
1568,倉佑,9,0,9,第一金-員林,2024-09-23,5381
2477,美隆電,10,1,9,第一金-員林,2024-09-23,5381
3605,宏致,10,1,9,第一金-員林,2024-09-23,5381
3685,元創精密,9,0,9,第一金-員林,2024-09-23,5381
00935,野村臺灣新科技50,8,0,8,第一金-員林,2024-09-23,5381
1808,潤隆,12,4,8,第一金-員林,2024-09-23,5381
1229,聯華,8,0,8,第一金-員林,2024-09-23,5381
1727,中華化,14,6,8,第一金-員林,2024-09-23,5381
00934,中信成長高股息,8,0,8,第一金-員林,2024-09-23,5381
2888,新光金,29,22,7,第一金-員林,2024-09-23,5381
1314,中石化,7,0,7,第一金-員林,2024-09-23,5381
1524,耿鼎,12,6,6,第一金-員林,2024-09-23,5381
3062,建漢,6,0,6,第一金-員林,2024-09-23,5381
6282,康舒,7,1,6,第一金-員林,2024-09-23,5381
2323,中環,5,0,5,第一金-員林,2024-09-23,5381
2344,華邦電,5,0,5,第一金-員林,2024-09-23,5381
2611,志信,5,0,5,第一金-員林,2024-09-23,5381
3609,三一東林,5,0,5,第一金-員林,2024-09-23,5381
4113,聯上,8,3,5,第一金-員林,2024-09-23,5381
4188,安克,5,0,5,第一金-員林,2024-09-23,5381
8438,昶昕,5,0,5,第一金-員林,2024-09-23,5381
9902,台火,5,0,5,第一金-員林,2024-09-23,5381
00633L,富邦上証正2,66,6,60,第一金-員林,2024-09-24,5381
1539,巨庭,58,1,57,第一金-員林,2024-09-24,5381
3715,定穎投控,163,110,53,第一金-員林,2024-09-24,5381
1626,艾美特-KY,53,0,53,第一金-員林,2024-09-24,5381
00632R,元大台灣50反1,50,0,50,第一金-員林,2024-09-24,5381
00688L,國泰20年美債正2,50,0,50,第一金-員林,2024-09-24,5381
2349,錸德,209,161,48,第一金-員林,2024-09-24,5381
6531,愛普*,46,0,46,第一金-員林,2024-09-24,5381
00687B,國泰20年美債,49,6,43,第一金-員林,2024-09-24,5381
00676R,富邦臺灣加權反1,100,59,41,第一金-員林,2024-09-24,5381
00919,群益台灣精選高息,40,3,37,第一金-員林,2024-09-24,5381
00929,復華台灣科技優息,39,4,35,第一金-員林,2024-09-24,5381
00946,群益科技高息成長,24,2,22,第一金-員林,2024-09-24,5381
00878,國泰永續高股息,20,0,20,第一金-員林,2024-09-24,5381
3550,聯穎,36,17,19,第一金-員林,2024-09-24,5381
5371,中光電,18,1,17,第一金-員林,2024-09-24,5381
00937B,群益ESG投等債20,17,1,16,第一金-員林,2024-09-24,5381
00651R,復華香港反1,16,0,16,第一金-員林,2024-09-24,5381
2891,中信金,135,119,16,第一金-員林,2024-09-24,5381
2439,美律,15,0,15,第一金-員林,2024-09-24,5381
1532,勤美,13,0,13,第一金-員林,2024-09-24,5381
2637,慧洋-KY,13,0,13,第一金-員林,2024-09-24,5381
1314,中石化,12,0,12,第一金-員林,2024-09-24,5381
00720B,元大投資級公司債,12,0,12,第一金-員林,2024-09-24,5381
2497,怡利電,35,23,12,第一金-員林,2024-09-24,5381
2313,華通,12,1,11,第一金-員林,2024-09-24,5381
5347,世界,11,0,11,第一金-員林,2024-09-24,5381
1720,生達,10,0,10,第一金-員林,2024-09-24,5381
00945B,凱基美國非投等債,10,0,10,第一金-員林,2024-09-24,5381
3356,奇偶,10,0,10,第一金-員林,2024-09-24,5381
3593,力銘,10,0,10,第一金-員林,2024-09-24,5381
6217,中探針,10,0,10,第一金-員林,2024-09-24,5381
6431,光麗-KY,10,0,10,第一金-員林,2024-09-24,5381
6509,聚和,10,0,10,第一金-員林,2024-09-24,5381
8091,翔名,10,0,10,第一金-員林,2024-09-24,5381
00719B,元大美債1-3,10,0,10,第一金-員林,2024-09-24,5381
2436,偉詮電,10,1,9,第一金-員林,2024-09-24,5381
6285,啟��,9,0,9,第一金-員林,2024-09-24,5381
0056,元大高股息,8,0,8,第一金-員林,2024-09-24,5381
00927,群益半導體收益,8,0,8,第一金-員林,2024-09-24,5381
2477,美隆電,7,0,7,第一金-員林,2024-09-24,5381
2834,臺企銀,7,0,7,第一金-員林,2024-09-24,5381
3390,旭軟,7,0,7,第一金-員林,2024-09-24,5381
3609,三一東林,7,0,7,第一金-員林,2024-09-24,5381
5905,南仁湖,17,10,7,第一金-員林,2024-09-24,5381
6182,合晶,7,0,7,第一金-員林,2024-09-24,5381
6442,光聖,8,2,6,第一金-員林,2024-09-24,5381
00654R,富邦印度反1,6,0,6,第一金-員林,2024-09-24,5381
00712,復華富時不動產,7,1,6,第一金-員林,2024-09-24,5381
00725B,國泰投資級公司債,6,0,6,第一金-員林,2024-09-24,5381
00753L,中信中國50正2,124,44,80,第一金-員林,2024-09-25,5381
1626,艾美特-KY,67,0,67,第一金-員林,2024-09-25,5381
2891,中信金,60,1,59,第一金-員林,2024-09-25,5381
00632R,元大台灣50反1,49,0,49,第一金-員林,2024-09-25,5381
00960,野村全球航運龍頭,41,3,38,第一金-員林,2024-09-25,5381
3013,晟銘電,40,7,33,第一金-員林,2024-09-25,5381
2349,錸德,53,20,33,第一金-員林,2024-09-25,5381
00900,富邦特選高股息30,30,0,30,第一金-員林,2024-09-25,5381
00650L,復華香港正2,80,50,30,第一金-員林,2024-09-25,5381
2406,國碩,30,0,30,第一金-員林,2024-09-25,5381
2464,盟立,32,6,26,第一金-員林,2024-09-25,5381
6505,台塑化,26,0,26,第一金-員林,2024-09-25,5381
00679B,元大美債20年,35,10,25,第一金-員林,2024-09-25,5381
1569,濱川,27,3,24,第一金-員林,2024-09-25,5381
1711,永光,24,2,22,第一金-員林,2024-09-25,5381
3167,大量,21,0,21,第一金-員林,2024-09-25,5381
6148,驊宏資,20,0,20,第一金-員林,2024-09-25,5381
2439,美律,20,1,19,第一金-員林,2024-09-25,5381
4908,前鼎,19,2,17,第一金-員林,2024-09-25,5381
5351,鈺創,18,1,17,第一金-員林,2024-09-25,5381
2436,偉詮電,27,13,14,第一金-員林,2024-09-25,5381
00931B,統一美債20年,13,0,13,第一金-員林,2024-09-25,5381
1584,精剛,24,12,12,第一金-員林,2024-09-25,5381
00751B,元大AAA至A公司債,11,0,11,第一金-員林,2024-09-25,5381
3481,群創,12,1,11,第一金-員林,2024-09-25,5381
2618,長榮航,17,6,11,第一金-員林,2024-09-25,5381
00935,野村臺灣新科技50,10,0,10,第一金-員林,2024-09-25,5381
00712,復華富時不動產,10,0,10,第一金-員林,2024-09-25,5381
00958B,永豐ESG銀行債15,10,0,10,第一金-員林,2024-09-25,5381
2401,凌陽,10,0,10,第一金-員林,2024-09-25,5381
6530,創威,11,1,10,第一金-員林,2024-09-25,5381
6706,惠特,11,1,10,第一金-員林,2024-09-25,5381
8091,翔名,10,0,10,第一金-員林,2024-09-25,5381
3576,聯合再生,10,0,10,第一金-員林,2024-09-25,5381
2609,陽明,84,74,10,第一金-員林,2024-09-25,5381
00651R,復華香港反1,8,0,8,第一金-員林,2024-09-25,5381
1721,三晃,8,0,8,第一金-員林,2024-09-25,5381
1727,中華化,10,2,8,第一金-員林,2024-09-25,5381
2610,華航,8,0,8,第一金-員林,2024-09-25,5381
1609,大亞,10,2,8,第一金-員林,2024-09-25,5381
2231,為升,7,0,7,第一金-員林,2024-09-25,5381
2867,三商壽,7,0,7,第一金-員林,2024-09-25,5381
3711,日月光投控,30,23,7,第一金-員林,2024-09-25,5381
5483,中美晶,6,0,6,第一金-員林,2024-09-25,5381
1785,光洋科,7,1,6,第一金-員林,2024-09-25,5381
2613,中櫃,7,1,6,第一金-員林,2024-09-25,5381
5310,天剛,7,1,6,第一金-員林,2024-09-25,5381
1720,生達,5,0,5,第一金-員林,2024-09-25,5381
8043,蜜望實,6,1,5,第一金-員林,2024-09-25,5381
8097,常珵,5,0,5,第一金-員林,2024-09-25,5381
00940,元大台灣價值高息,202,10,192,第一金-員林,2024-09-26,5381
00676R,富邦臺灣加權反1,400,245,155,第一金-員林,2024-09-26,5381
00937B,群益ESG投等債20,127,5,122,第一金-員林,2024-09-26,5381
00679B,元大美債20年,87,10,77,第一金-員林,2024-09-26,5381
2883,凱基金,108,38,70,第一金-員林,2024-09-26,5381
00700,富邦�琤肭磪�,60,0,60,第一金-員林,2024-09-26,5381
2915,潤泰全,50,0,50,第一金-員林,2024-09-26,5381
00933B,國泰10Y+金融債,43,0,43,第一金-員林,2024-09-26,5381
00632R,元大台灣50反1,42,0,42,第一金-員林,2024-09-26,5381
4562,穎漢,50,8,42,第一金-員林,2024-09-26,5381
00687B,國泰20年美債,56,20,36,第一金-員林,2024-09-26,5381
3019,亞光,36,7,29,第一金-員林,2024-09-26,5381
1808,潤隆,28,2,26,第一金-員林,2024-09-26,5381
00915,凱基優選高股息30,27,2,25,第一金-員林,2024-09-26,5381
9914,美利達,24,0,24,第一金-員林,2024-09-26,5381
1314,中石化,23,0,23,第一金-員林,2024-09-26,5381
6757,台灣虎航,23,0,23,第一金-員林,2024-09-26,5381
1569,濱川,25,4,21,第一金-員林,2024-09-26,5381
4908,前鼎,21,0,21,第一金-員林,2024-09-26,5381
1540,喬福,28,7,21,第一金-員林,2024-09-26,5381
00752,中信中國50,20,0,20,第一金-員林,2024-09-26,5381
6770,力積電,20,0,20,第一金-員林,2024-09-26,5381
00960,野村全球航運龍頭,17,0,17,第一金-員林,2024-09-26,5381
4716,大立,28,12,16,第一金-員林,2024-09-26,5381
00636,國泰中國A50,20,4,16,第一金-員林,2024-09-26,5381
3005,神基,15,0,15,第一金-員林,2024-09-26,5381
00942B,台新美A公司債20+,20,5,15,第一金-員林,2024-09-26,5381
6152,百一,29,14,15,第一金-員林,2024-09-26,5381
6505,台塑化,15,0,15,第一金-員林,2024-09-26,5381
3710,連展投控,20,6,14,第一金-員林,2024-09-26,5381
2313,華通,14,1,13,第一金-員林,2024-09-26,5381
3593,力銘,13,0,13,第一金-員林,2024-09-26,5381
00651R,復華香港反1,12,0,12,第一金-員林,2024-09-26,5381
3229,晟鈦,12,0,12,第一金-員林,2024-09-26,5381
6129,普誠,12,0,12,第一金-員林,2024-09-26,5381
6506,雙邦,12,0,12,第一金-員林,2024-09-26,5381
00948B,中信優息投資級債,11,0,11,第一金-員林,2024-09-26,5381
00907,永豐優息存股,10,0,10,第一金-員林,2024-09-26,5381
00712,復華富時不動產,10,0,10,第一金-員林,2024-09-26,5381
5488,松普,10,0,10,第一金-員林,2024-09-26,5381
6163,華電網,10,0,10,第一金-員林,2024-09-26,5381
6233,旺玖,15,5,10,第一金-員林,2024-09-26,5381
2438,翔耀,9,0,9,第一金-員林,2024-09-26,5381
00713,元大台灣高息低波,14,5,9,第一金-員林,2024-09-26,5381
2436,偉詮電,22,13,9,第一金-員林,2024-09-26,5381
2495,普安,10,1,9,第一金-員林,2024-09-26,5381
3013,晟銘電,19,11,8,第一金-員林,2024-09-26,5381
6104,創惟,41,33,8,第一金-員林,2024-09-26,5381
00900,富邦特選高股息30,12,5,7,第一金-員林,2024-09-26,5381
2888,新光金,10,3,7,第一金-員林,2024-09-26,5381
00688L,國泰20年美債正2,845,0,845,第一金-員林,2024-09-27,5381
00632R,元大台灣50反1,603,0,603,第一金-員林,2024-09-27,5381
00937B,群益ESG投等債20,150,19,131,第一金-員林,2024-09-27,5381
2883,凱基金,100,0,100,第一金-員林,2024-09-27,5381
2606,裕民,100,5,95,第一金-員林,2024-09-27,5381
2891,中信金,72,9,63,第一金-員林,2024-09-27,5381
00881,國泰台灣5G+,63,0,63,第一金-員林,2024-09-27,5381
00700,富邦�琤肭磪�,60,0,60,第一金-員林,2024-09-27,5381
2014,中鴻,55,2,53,第一金-員林,2024-09-27,5381
1569,濱川,44,5,39,第一金-員林,2024-09-27,5381
00933B,國泰10Y+金融債,36,0,36,第一金-員林,2024-09-27,5381
00948B,中信優息投資級債,34,0,34,第一金-員林,2024-09-27,5381
00687B,國泰20年美債,70,38,32,第一金-員林,2024-09-27,5381
00715L,期街口布蘭特正2,33,2,31,第一金-員林,2024-09-27,5381
2349,錸德,36,6,30,第一金-員林,2024-09-27,5381
00960,野村全球航運龍頭,29,0,29,第一金-員林,2024-09-27,5381
5521,工信,27,0,27,第一金-員林,2024-09-27,5381
1313,聯成,26,0,26,第一金-員林,2024-09-27,5381
2543,皇昌,25,0,25,第一金-員林,2024-09-27,5381
00752,中信中國50,60,37,23,第一金-員林,2024-09-27,5381
00935,野村臺灣新科技50,24,1,23,第一金-員林,2024-09-27,5381
2356,英業達,23,1,22,第一金-員林,2024-09-27,5381
2363,矽統,30,10,20,第一金-員林,2024-09-27,5381
2801,彰銀,21,1,20,第一金-員林,2024-09-27,5381
00942B,台新美A公司債20+,20,0,20,第一金-員林,2024-09-27,5381
4527,方土霖,23,3,20,第一金-員林,2024-09-27,5381
9105,泰金寶-DR,131,112,19,第一金-員林,2024-09-27,5381
3576,聯合再生,20,2,18,第一金-員林,2024-09-27,5381
3019,亞光,19,3,16,第一金-員林,2024-09-27,5381
00929,復華台灣科技優息,36,22,14,第一金-員林,2024-09-27,5381
4714,永捷,14,0,14,第一金-員林,2024-09-27,5381
6757,台灣虎航,14,0,14,第一金-員林,2024-09-27,5381
2382,廣達,16,2,14,第一金-員林,2024-09-27,5381
3163,波若威,18,5,13,第一金-員林,2024-09-27,5381
00664R,國泰臺灣加權反1,13,0,13,第一金-員林,2024-09-27,5381
2436,偉詮電,13,1,12,第一金-員林,2024-09-27,5381
3715,定穎投控,71,59,12,第一金-員林,2024-09-27,5381
8070,長華*,15,3,12,第一金-員林,2024-09-27,5381
00927,群益半導體收益,11,0,11,第一金-員林,2024-09-27,5381
00931B,統一美債20年,11,0,11,第一金-員林,2024-09-27,5381
2388,威盛,14,3,11,第一金-員林,2024-09-27,5381
8054,安國,14,3,11,第一金-員林,2024-09-27,5381
1326,台化,15,4,11,第一金-員林,2024-09-27,5381
2881,富邦金,12,2,10,第一金-員林,2024-09-27,5381
2329,華泰,11,1,10,第一金-員林,2024-09-27,5381
1785,光洋科,13,2,11,第一金-員林,2024-09-27,5381
3710,連展投控,10,0,10,第一金-員林,2024-09-27,5381
5905,南仁湖,13,3,10,第一金-員林,2024-09-27,5381
6806,森崴能源,12,2,10,第一金-員林,2024-09-27,5381
2439,美律,20,10,10,第一金-員林,2024-09-27,5381
00700,富邦�琤肭磪�,180,0,180,第一金-員林,2024-09-30,5381
00636,國泰中國A50,115,1,114,第一金-員林,2024-09-30,5381
00881,國泰台灣5G+,103,0,103,第一金-員林,2024-09-30,5381
1802,台玻,102,14,88,第一金-員林,2024-09-30,5381
00929,復華台灣科技優息,81,0,81,第一金-員林,2024-09-30,5381
00637L,元大滬深300正2,130,59,71,第一金-員林,2024-09-30,5381
2022,聚亨,66,6,60,第一金-員林,2024-09-30,5381
00650L,復華香港正2,89,30,59,第一金-員林,2024-09-30,5381
0061,元大寶滬深,60,2,58,第一金-員林,2024-09-30,5381
2344,華邦電,57,6,51,第一金-員林,2024-09-30,5381
00958B,永豐ESG銀行債15,50,0,50,第一金-員林,2024-09-30,5381
6770,力積電,51,2,49,第一金-員林,2024-09-30,5381
3062,建漢,35,0,35,第一金-員林,2024-09-30,5381
2312,金寶,32,0,32,第一金-員林,2024-09-30,5381
00919,群益台灣精選高息,86,55,31,第一金-員林,2024-09-30,5381
1626,艾美特-KY,29,0,29,第一金-員林,2024-09-30,5381
00930,永豐ESG低碳高息,28,1,27,第一金-員林,2024-09-30,5381
0056,元大高股息,23,1,22,第一金-員林,2024-09-30,5381
3550,聯穎,25,4,21,第一金-員林,2024-09-30,5381
2883,凱基金,22,3,19,第一金-員林,2024-09-30,5381
00687B,國泰20年美債,19,0,19,第一金-員林,2024-09-30,5381
1303,南亞,20,1,19,第一金-員林,2024-09-30,5381
00946,群益科技高息成長,17,0,17,第一金-員林,2024-09-30,5381
2356,英業達,18,1,17,第一金-員林,2024-09-30,5381
00878,國泰永續高股息,21,5,16,第一金-員林,2024-09-30,5381
00922,國泰台灣領袖50,15,0,15,第一金-員林,2024-09-30,5381
1309,台達化,37,22,15,第一金-員林,2024-09-30,5381
2641,正德,30,15,15,第一金-員林,2024-09-30,5381
2330,台積電,16,1,15,第一金-員林,2024-09-30,5381
2313,華通,19,5,14,第一金-員林,2024-09-30,5381
2498,宏達電,17,3,14,第一金-員林,2024-09-30,5381
00679B,元大美債20年,23,10,13,第一金-員林,2024-09-30,5381
00918,大華優利高填息30,13,0,13,第一金-員林,2024-09-30,5381
00937B,群益ESG投等債20,18,5,13,第一金-員林,2024-09-30,5381
006208,富邦台50,15,2,13,第一金-員林,2024-09-30,5381
2303,聯電,12,0,12,第一金-員林,2024-09-30,5381
2449,京元電子,12,1,11,第一金-員林,2024-09-30,5381
00931B,統一美債20年,11,0,11,第一金-員林,2024-09-30,5381
4174,浩鼎,11,0,11,第一金-員林,2024-09-30,5381
5483,中美晶,11,0,11,第一金-員林,2024-09-30,5381
6757,台灣虎航,11,0,11,第一金-員林,2024-09-30,5381
00915,凱基優選高股息30,10,0,10,第一金-員林,2024-09-30,5381
00712,復華富時不動產,10,0,10,第一金-員林,2024-09-30,5381
5344,立衛,10,0,10,第一金-員林,2024-09-30,5381
00952,凱基台灣AI50,9,0,9,第一金-員林,2024-09-30,5381
2009,第一銅,11,2,9,第一金-員林,2024-09-30,5381
2062,橋椿,16,7,9,第一金-員林,2024-09-30,5381
2477,美隆電,10,1,9,第一金-員林,2024-09-30,5381
2409,友達,11,3,8,第一金-員林,2024-09-30,5381
00713,元大台灣高息低波,8,0,8,第一金-員林,2024-09-30,5381
00753L,中信中國50正2,215,0,215,第一金-員林,2024-10-01,5381
00706L,期元大S＆P日圓正2,200,15,185,第一金-員林,2024-10-01,5381
00929,復華台灣科技優息,99,0,99,第一金-員林,2024-10-01,5381
2883,凱基金,100,5,95,第一金-員林,2024-10-01,5381
00650L,復華香港正2,50,8,42,第一金-員林,2024-10-01,5381
00948B,中信優息投資級債,35,0,35,第一金-員林,2024-10-01,5381
00641R,富邦日本反1,30,0,30,第一金-員林,2024-10-01,5381
1432,大魯閣,30,0,30,第一金-員林,2024-10-01,5381
9914,美利達,25,0,25,第一金-員林,2024-10-01,5381
2439,美律,24,0,24,第一金-員林,2024-10-01,5381
2344,華邦電,23,1,22,第一金-員林,2024-10-01,5381
2455,全新,22,1,21,第一金-員林,2024-10-01,5381
1626,艾美特-KY,20,0,20,第一金-員林,2024-10-01,5381
2022,聚亨,20,0,20,第一金-員林,2024-10-01,5381
1309,台達化,38,19,19,第一金-員林,2024-10-01,5381
4542,科嶠,20,1,19,第一金-員林,2024-10-01,5381
00937B,群益ESG投等債20,20,2,18,第一金-員林,2024-10-01,5381
0056,元大高股息,21,3,18,第一金-員林,2024-10-01,5381
2913,農林,17,1,16,第一金-員林,2024-10-01,5381
00919,群益台灣精選高息,18,2,16,第一金-員林,2024-10-01,5381
1722,台肥,15,0,15,第一金-員林,2024-10-01,5381
6692,進能服,17,2,15,第一金-員林,2024-10-01,5381
3013,晟銘電,22,10,12,第一金-員林,2024-10-01,5381
1702,南僑,12,0,12,第一金-員林,2024-10-01,5381
2371,大同,12,0,12,第一金-員林,2024-10-01,5381
2888,新光金,12,0,12,第一金-員林,2024-10-01,5381
00713,元大台灣高息低波,11,0,11,第一金-員林,2024-10-01,5381
00687B,國泰20年美債,12,1,11,第一金-員林,2024-10-01,5381
00946,群益科技高息成長,11,0,11,第一金-員林,2024-10-01,5381
2345,智邦,11,0,11,第一金-員林,2024-10-01,5381
2409,友達,13,2,11,第一金-員林,2024-10-01,5381
2002,中鋼,11,1,10,第一金-員林,2024-10-01,5381
3035,智原,10,0,10,第一金-員林,2024-10-01,5381
00679B,元大美債20年,12,2,10,第一金-員林,2024-10-01,5381
1905,華紙,11,1,10,第一金-員林,2024-10-01,5381
1809,中釉,10,0,10,第一金-員林,2024-10-01,5381
2101,南港,11,1,10,第一金-員林,2024-10-01,5381
2349,錸德,30,20,10,第一金-員林,2024-10-01,5381
3511,矽瑪,46,36,10,第一金-員林,2024-10-01,5381
3580,友威科,10,0,10,第一金-員林,2024-10-01,5381
4530,宏易,10,0,10,第一金-員林,2024-10-01,5381
3481,群創,13,3,10,第一金-員林,2024-10-01,5381
00878,國泰永續高股息,15,5,10,第一金-員林,2024-10-01,5381
2867,三商壽,12,3,9,第一金-員林,2024-10-01,5381
3707,漢磊,9,0,9,第一金-員林,2024-10-01,5381
3047,訊舟,8,0,8,第一金-員林,2024-10-01,5381
3576,聯合再生,10,2,8,第一金-員林,2024-10-01,5381
5521,工信,8,0,8,第一金-員林,2024-10-01,5381
006208,富邦台50,7,0,7,第一金-員林,2024-10-01,5381
2605,新興,16,9,7,第一金-員林,2024-10-01,5381
006206,元大上證50,100,0,100,第一金-員林,2024-10-04,5381
00643,群益深証中小,100,0,100,第一金-員林,2024-10-04,5381
00919,群益台灣精選高息,104,5,99,第一金-員林,2024-10-04,5381
00752,中信中國50,100,8,92,第一金-員林,2024-10-04,5381
00929,復華台灣科技優息,112,33,79,第一金-員林,2024-10-04,5381
00639,富邦深100,61,0,61,第一金-員林,2024-10-04,5381
1802,台玻,101,43,58,第一金-員林,2024-10-04,5381
2609,陽明,103,48,55,第一金-員林,2024-10-04,5381
0056,元大高股息,43,0,43,第一金-員林,2024-10-04,5381
00632R,元大台灣50反1,40,0,40,第一金-員林,2024-10-04,5381
00725B,國泰投資級公司債,40,5,35,第一金-員林,2024-10-04,5381
2641,正德,35,0,35,第一金-員林,2024-10-04,5381
8097,常珵,37,5,32,第一金-員林,2024-10-04,5381
2383,台光電,32,1,31,第一金-員林,2024-10-04,5381
00927,群益半導體收益,30,0,30,第一金-員林,2024-10-04,5381
2892,第一金,30,0,30,第一金-員林,2024-10-04,5381
9914,美利達,30,0,30,第一金-員林,2024-10-04,5381
00922,國泰台灣領袖50,28,0,28,第一金-員林,2024-10-04,5381
00680L,元大美債20正2,27,0,27,第一金-員林,2024-10-04,5381
00940,元大台灣價值高息,25,1,24,第一金-員林,2024-10-04,5381
00878,國泰永續高股息,28,4,24,第一金-員林,2024-10-04,5381
2610,華航,23,0,23,第一金-員林,2024-10-04,5381
2603,長榮,22,0,22,第一金-員林,2024-10-04,5381
00918,大華優利高填息30,21,0,21,第一金-員林,2024-10-04,5381
2313,華通,22,1,21,第一金-員林,2024-10-04,5381
2345,智邦,21,0,21,第一金-員林,2024-10-04,5381
2022,聚亨,20,0,20,第一金-員林,2024-10-04,5381
1301,台塑,19,0,19,第一金-員林,2024-10-04,5381
2615,萬海,19,4,15,第一金-員林,2024-10-04,5381
2515,中工,15,0,15,第一金-員林,2024-10-04,5381
3047,訊舟,15,0,15,第一金-員林,2024-10-04,5381
00931B,統一美債20年,20,6,14,第一金-員林,2024-10-04,5381
2618,長榮航,16,2,14,第一金-員林,2024-10-04,5381
00679B,元大美債20年,23,10,13,第一金-員林,2024-10-04,5381
9921,巨大,13,0,13,第一金-員林,2024-10-04,5381
00650L,復華香港正2,73,60,13,第一金-員林,2024-10-04,5381
00943,兆豐電子高息等權,13,0,13,第一金-員林,2024-10-04,5381
00713,元大台灣高息低波,12,0,12,第一金-員林,2024-10-04,5381
1626,艾美特-KY,12,0,12,第一金-員林,2024-10-04,5381
4566,時碩工業,13,1,12,第一金-員林,2024-10-04,5381
9958,世紀鋼,12,0,12,第一金-員林,2024-10-04,5381
1714,和桐,11,0,11,第一金-員林,2024-10-04,5381
3615,安可,11,0,11,第一金-員林,2024-10-04,5381
5347,世界,11,0,11,第一金-員林,2024-10-04,5381
8046,南電,10,0,10,第一金-員林,2024-10-04,5381
00885,富邦越南,10,0,10,第一金-員林,2024-10-04,5381
1432,大魯閣,10,0,10,第一金-員林,2024-10-04,5381
2108,南帝,10,0,10,第一金-員林,2024-10-04,5381
2303,聯電,13,3,10,第一金-員林,2024-10-04,5381
2367,燿華,10,0,10,第一金-員林,2024-10-04,5381
00637L,元大滬深300正2,458,40,418,第一金-員林,2024-10-07,5381
00665L,富邦�琤肭磪囓�2,661,360,301,第一金-員林,2024-10-07,5381
00753L,中信中國50正2,260,1,259,第一金-員林,2024-10-07,5381
5351,鈺創,100,0,100,第一金-員林,2024-10-07,5381
00720B,元大投資級公司債,100,0,100,第一金-員林,2024-10-07,5381
00643,群益深証中小,100,0,100,第一金-員林,2024-10-07,5381
00650L,復華香港正2,200,120,80,第一金-員林,2024-10-07,5381
2601,益航,75,6,69,第一金-員林,2024-10-07,5381
00877,復華中國5G,100,35,65,第一金-員林,2024-10-07,5381
2915,潤泰全,50,0,50,第一金-員林,2024-10-07,5381
00943,兆豐電子高息等權,43,0,43,第一金-員林,2024-10-07,5381
00687B,國泰20年美債,50,15,35,第一金-員林,2024-10-07,5381
00712,復華富時不動產,25,0,25,第一金-員林,2024-10-07,5381
00878,國泰永續高股息,24,1,23,第一金-員林,2024-10-07,5381
1314,中石化,53,32,21,第一金-員林,2024-10-07,5381
00680L,元大美債20正2,20,0,20,第一金-員林,2024-10-07,5381
1815,富喬,37,17,20,第一金-員林,2024-10-07,5381
00919,群益台灣精選高息,38,20,18,第一金-員林,2024-10-07,5381
2371,大同,15,1,14,第一金-員林,2024-10-07,5381
2313,華通,14,1,13,第一金-員林,2024-10-07,5381
2317,鴻海,37,25,12,第一金-員林,2024-10-07,5381
2892,第一金,12,0,12,第一金-員林,2024-10-07,5381
1539,巨庭,11,0,11,第一金-員林,2024-10-07,5381
1727,中華化,11,0,11,第一金-員林,2024-10-07,5381
00752,中信中國50,10,0,10,第一金-員林,2024-10-07,5381
2477,美隆電,10,0,10,第一金-員林,2024-10-07,5381
8411,福貞-KY,10,0,10,第一金-員林,2024-10-07,5381
00930,永豐ESG低碳高息,9,0,9,第一金-員林,2024-10-07,5381
2337,旺宏,9,0,9,第一金-員林,2024-10-07,5381
9914,美利達,9,0,9,第一金-員林,2024-10-07,5381
2303,聯電,8,0,8,第一金-員林,2024-10-07,5381
5443,均豪,12,5,7,第一金-員林,2024-10-07,5381
006208,富邦台50,7,0,7,第一金-員林,2024-10-07,5381
2609,陽明,28,21,7,第一金-員林,2024-10-07,5381
3296,勝德,7,0,7,第一金-員林,2024-10-07,5381
6742,澤米,12,5,7,第一金-員林,2024-10-07,5381
1785,光洋科,6,0,6,第一金-員林,2024-10-07,5381
2314,台揚,6,0,6,第一金-員林,2024-10-07,5381
3229,晟鈦,6,0,6,第一金-員林,2024-10-07,5381
3265,台星科,7,1,6,第一金-員林,2024-10-07,5381
3290,東浦,6,0,6,第一金-員林,2024-10-07,5381
2515,中工,6,0,6,第一金-員林,2024-10-07,5381
0056,元大高股息,6,1,5,第一金-員林,2024-10-07,5381
2308,台達電,5,0,5,第一金-員林,2024-10-07,5381
3025,星通,19,14,5,第一金-員林,2024-10-07,5381
00632R,元大台灣50反1,5,0,5,第一金-員林,2024-10-07,5381
00918,大華優利高填息30,5,0,5,第一金-員林,2024-10-07,5381
00927,群益半導體收益,5,0,5,第一金-員林,2024-10-07,5381
1605,華新,5,0,5,第一金-員林,2024-10-07,5381
5460,同協,5,0,5,第一金-員林,2024-10-07,5381
00650L,復華香港正2,350,110,240,第一金-員林,2024-10-08,5381
1314,中石化,181,4,177,第一金-員林,2024-10-08,5381
9105,泰金寶-DR,112,2,110,第一金-員林,2024-10-08,5381
00687B,國泰20年美債,107,4,103,第一金-員林,2024-10-08,5381
00722B,群益投資級電信債,69,0,69,第一金-員林,2024-10-08,5381
00725B,國泰投資級公司債,65,0,65,第一金-員林,2024-10-08,5381
00688L,國泰20年美債正2,55,0,55,第一金-員林,2024-10-08,5381
3290,東浦,53,0,53,第一金-員林,2024-10-08,5381
00922,國泰台灣領袖50,47,2,45,第一金-員林,2024-10-08,5381
00919,群益台灣精選高息,46,1,45,第一金-員林,2024-10-08,5381
1802,台玻,42,1,41,第一金-員林,2024-10-08,5381
5351,鈺創,41,0,41,第一金-員林,2024-10-08,5381
0056,元大高股息,38,1,37,第一金-員林,2024-10-08,5381
3481,群創,32,0,32,第一金-員林,2024-10-08,5381
2349,錸德,30,0,30,第一金-員林,2024-10-08,5381
2882,國泰金,31,1,30,第一金-員林,2024-10-08,5381
00929,復華台灣科技優息,44,15,29,第一金-員林,2024-10-08,5381
00753L,中信中國50正2,78,50,28,第一金-員林,2024-10-08,5381
2929,淘帝-KY,28,2,26,第一金-員林,2024-10-08,5381
6120,達運,25,0,25,第一金-員林,2024-10-08,5381
6488,環球晶,22,0,22,第一金-員林,2024-10-08,5381
00918,大華優利高填息30,22,0,22,第一金-員林,2024-10-08,5381
2101,南港,21,1,20,第一金-員林,2024-10-08,5381
2641,正德,20,0,20,第一金-員林,2024-10-08,5381
3363,上詮,25,5,20,第一金-員林,2024-10-08,5381
00878,國泰永續高股息,21,1,20,第一金-員林,2024-10-08,5381
00887,永豐中國科技50大,104,85,19,第一金-員林,2024-10-08,5381
2317,鴻海,25,8,17,第一金-員林,2024-10-08,5381
2399,映泰,52,35,17,第一金-員林,2024-10-08,5381
00720B,元大投資級公司債,16,0,16,第一金-員林,2024-10-08,5381
00882,中信中國高股息,85,70,15,第一金-員林,2024-10-08,5381
7402,邑錡,16,1,15,第一金-員林,2024-10-08,5381
00932,兆豐永續高息等權,15,1,14,第一金-員林,2024-10-08,5381
1727,中華化,23,9,14,第一金-員林,2024-10-08,5381
1721,三晃,13,0,13,第一金-員林,2024-10-08,5381
1626,艾美特-KY,15,2,13,第一金-員林,2024-10-08,5381
2867,三商壽,13,0,13,第一金-員林,2024-10-08,5381
3707,漢磊,13,0,13,第一金-員林,2024-10-08,5381
2892,第一金,12,0,12,第一金-員林,2024-10-08,5381
00946,群益科技高息成長,12,0,12,第一金-員林,2024-10-08,5381
2883,凱基金,12,0,12,第一金-員林,2024-10-08,5381
00675L,富邦臺灣加權正2,12,0,12,第一金-員林,2024-10-08,5381
2609,陽明,16,5,11,第一金-員林,2024-10-08,5381
9946,三發地產,11,0,11,第一金-員林,2024-10-08,5381
00939,統一台灣高息動能,11,0,11,第一金-員林,2024-10-08,5381
00959B,大華投等美債15Y+,11,0,11,第一金-員林,2024-10-08,5381
2007,燁興,13,2,11,第一金-員林,2024-10-08,5381
8011,台通,11,0,11,第一金-員林,2024-10-08,5381
00636,國泰中國A50,10,0,10,第一金-員林,2024-10-08,5381
2022,聚亨,10,0,10,第一金-員林,2024-10-08,5381
00687B,國泰20年美債,192,0,192,第一金-員林,2024-10-09,5381
00948B,中信優息投資級債,132,0,132,第一金-員林,2024-10-09,5381
00882,中信中國高股息,180,88,92,第一金-員林,2024-10-09,5381
2204,中華,60,0,60,第一金-員林,2024-10-09,5381
2206,三陽工業,60,0,60,第一金-員林,2024-10-09,5381
00650L,復華香港正2,55,1,54,第一金-員林,2024-10-09,5381
1595,川寶,51,1,50,第一金-員林,2024-10-09,5381
00937B,群益ESG投等債20,49,4,45,第一金-員林,2024-10-09,5381
00885,富邦越南,50,5,45,第一金-員林,2024-10-09,5381
00725B,國泰投資級公司債,42,0,42,第一金-員林,2024-10-09,5381
1314,中石化,122,82,40,第一金-員林,2024-10-09,5381
00637L,元大滬深300正2,205,166,39,第一金-員林,2024-10-09,5381
00929,復華台灣科技優息,80,46,34,第一金-員林,2024-10-09,5381
3481,群創,31,1,30,第一金-員林,2024-10-09,5381
6120,達運,30,0,30,第一金-員林,2024-10-09,5381
00655L,國泰中國A50正2,50,24,26,第一金-員林,2024-10-09,5381
00753L,中信中國50正2,71,46,25,第一金-員林,2024-10-09,5381
00712,復華富時不動產,24,0,24,第一金-員林,2024-10-09,5381
2739,寒舍,24,0,24,第一金-員林,2024-10-09,5381
1727,中華化,22,0,22,第一金-員林,2024-10-09,5381
4551,智伸科,21,0,21,第一金-員林,2024-10-09,5381
4716,大立,30,10,20,第一金-員林,2024-10-09,5381
1569,濱川,20,0,20,第一金-員林,2024-10-09,5381
2022,聚亨,20,0,20,第一金-員林,2024-10-09,5381
2915,潤泰全,20,0,20,第一金-員林,2024-10-09,5381
00632R,元大台灣50反1,54,35,19,第一金-員林,2024-10-09,5381
3550,聯穎,35,16,19,第一金-員林,2024-10-09,5381
5483,中美晶,17,0,17,第一金-員林,2024-10-09,5381
6530,創威,17,2,15,第一金-員林,2024-10-09,5381
00680L,元大美債20正2,25,10,15,第一金-員林,2024-10-09,5381
4919,新唐,15,0,15,第一金-員林,2024-10-09,5381
9914,美利達,15,0,15,第一金-員林,2024-10-09,5381
00935,野村臺灣新科技50,15,1,14,第一金-員林,2024-10-09,5381
2439,美律,38,24,14,第一金-員林,2024-10-09,5381
6405,悅城,17,3,14,第一金-員林,2024-10-09,5381
1316,上曜,14,2,12,第一金-員林,2024-10-09,5381
9103,美德醫療-DR,12,0,12,第一金-員林,2024-10-09,5381
00946,群益科技高息成長,12,0,12,第一金-員林,2024-10-09,5381
0056,元大高股息,12,1,11,第一金-員林,2024-10-09,5381
2489,瑞軒,11,0,11,第一金-員林,2024-10-09,5381
3047,訊舟,14,3,11,第一金-員林,2024-10-09,5381
3290,東浦,19,8,11,第一金-員林,2024-10-09,5381
2891,中信金,11,1,10,第一金-員林,2024-10-09,5381
00722B,群益投資級電信債,10,0,10,第一金-員林,2024-10-09,5381
1815,富喬,10,0,10,第一金-員林,2024-10-09,5381
2340,台亞,10,0,10,第一金-員林,2024-10-09,5381
2882A,國泰特,10,0,10,第一金-員林,2024-10-09,5381
3049,精金,13,3,10,第一金-員林,2024-10-09,5381
4530,宏易,10,0,10,第一金-員林,2024-10-09,5381
8064,東捷,10,0,10,第一金-員林,2024-10-09,5381
00929,復華台灣科技優息,231,33,198,第一金-員林,2024-10-11,5381
0056,元大高股息,80,0,80,第一金-員林,2024-10-11,5381
00687B,國泰20年美債,89,16,73,第一金-員林,2024-10-11,5381
00922,國泰台灣領袖50,67,7,60,第一金-員林,2024-10-11,5381
00665L,富邦�琤肭磪囓�2,160,110,50,第一金-員林,2024-10-11,5381
00919,群益台灣精選高息,79,37,42,第一金-員林,2024-10-11,5381
00632R,元大台灣50反1,35,0,35,第一金-員林,2024-10-11,5381
00655L,國泰中國A50正2,32,0,32,第一金-員林,2024-10-11,5381
5328,華容,30,0,30,第一金-員林,2024-10-11,5381
9914,美利達,26,0,26,第一金-員林,2024-10-11,5381
00940,元大台灣價值高息,24,2,22,第一金-員林,2024-10-11,5381
1101,台泥,22,0,22,第一金-員林,2024-10-11,5381
00885,富邦越南,20,0,20,第一金-員林,2024-10-11,5381
1409,新纖,20,0,20,第一金-員林,2024-10-11,5381
6120,達運,20,0,20,第一金-員林,2024-10-11,5381
8213,志超,20,0,20,第一金-員林,2024-10-11,5381
9921,巨大,19,0,19,第一金-員林,2024-10-11,5381
00639,富邦深100,17,0,17,第一金-員林,2024-10-11,5381
2867,三商壽,15,0,15,第一金-員林,2024-10-11,5381
2887,台新金,14,0,14,第一金-員林,2024-10-11,5381
00878,國泰永續高股息,17,4,13,第一金-員林,2024-10-11,5381
2243,宏旭-KY,13,0,13,第一金-員林,2024-10-11,5381
2851,中再保,13,0,13,第一金-員林,2024-10-11,5381
1314,中石化,44,32,12,第一金-員林,2024-10-11,5381
2303,聯電,13,1,12,第一金-員林,2024-10-11,5381
4958,臻鼎-KY,12,0,12,第一金-員林,2024-10-11,5381
6269,台郡,11,0,11,第一金-員林,2024-10-11,5381
00915,凱基優選高股息30,12,1,11,第一金-員林,2024-10-11,5381
2449,京元電子,29,18,11,第一金-員林,2024-10-11,5381
00713,元大台灣高息低波,11,1,10,第一金-員林,2024-10-11,5381
00932,兆豐永續高息等權,10,0,10,第一金-員林,2024-10-11,5381
2101,南港,10,0,10,第一金-員林,2024-10-11,5381
3060,銘異,10,0,10,第一金-員林,2024-10-11,5381
3580,友威科,14,4,10,第一金-員林,2024-10-11,5381
3622,洋華,10,0,10,第一金-員林,2024-10-11,5381
6104,創惟,11,1,10,第一金-員林,2024-10-11,5381
6164,華興,10,0,10,第一金-員林,2024-10-11,5381
8071,能率網通,11,1,10,第一金-員林,2024-10-11,5381
2388,威盛,13,4,9,第一金-員林,2024-10-11,5381
3025,星通,29,20,9,第一金-員林,2024-10-11,5381
1524,耿鼎,8,0,8,第一金-員林,2024-10-11,5381
8092,建暐,9,1,8,第一金-員林,2024-10-11,5381
00688L,國泰20年美債正2,7,0,7,第一金-員林,2024-10-11,5381
00720B,元大投資級公司債,7,0,7,第一金-員林,2024-10-11,5381
00753L,中信中國50正2,13,6,7,第一金-員林,2024-10-11,5381
1721,三晃,7,0,7,第一金-員林,2024-10-11,5381
1909,榮成,7,0,7,第一金-員林,2024-10-11,5381
2105,正新,8,1,7,第一金-員林,2024-10-11,5381
3162,精確,14,7,7,第一金-員林,2024-10-11,5381
5439,高技,7,0,7,第一金-員林,2024-10-11,5381
00676R,富邦臺灣加權反1,2367,25,2342,第一金-員林,2024-10-14,5381
00887,永豐中國科技50大,213,0,213,第一金-員林,2024-10-14,5381
9105,泰金寶-DR,298,93,205,第一金-員林,2024-10-14,5381
2801,彰銀,112,0,112,第一金-員林,2024-10-14,5381
00915,凱基優選高股息30,39,5,34,第一金-員林,2024-10-14,5381
00687B,國泰20年美債,59,28,31,第一金-員林,2024-10-14,5381
9914,美利達,31,0,31,第一金-員林,2024-10-14,5381
00688L,國泰20年美債正2,31,0,31,第一金-員林,2024-10-14,5381
2882B,國泰金乙特,30,0,30,第一金-員林,2024-10-14,5381
00878,國泰永續高股息,38,9,29,第一金-員林,2024-10-14,5381
8032,光菱,30,2,28,第一金-員林,2024-10-14,5381
2887,台新金,26,0,26,第一金-員林,2024-10-14,5381
00730,富邦臺灣優質高息,25,0,25,第一金-員林,2024-10-14,5381
00948B,中信優息投資級債,25,0,25,第一金-員林,2024-10-14,5381
0056,元大高股息,26,1,25,第一金-員林,2024-10-14,5381
2881,富邦金,22,0,22,第一金-員林,2024-10-14,5381
00943,兆豐電子高息等權,26,4,22,第一金-員林,2024-10-14,5381
5014,建錩,16,0,16,第一金-員林,2024-10-14,5381
00877,復華中國5G,15,0,15,第一金-員林,2024-10-14,5381
1314,中石化,24,9,15,第一金-員林,2024-10-14,5381
2851,中再保,15,0,15,第一金-員林,2024-10-14,5381
5452,佶優,22,7,15,第一金-員林,2024-10-14,5381
00937B,群益ESG投等債20,14,0,14,第一金-員林,2024-10-14,5381
1528,恩德,12,0,12,第一金-員林,2024-10-14,5381
2371,大同,12,0,12,第一金-員林,2024-10-14,5381
2455,全新,12,0,12,第一金-員林,2024-10-14,5381
6405,悅城,12,1,11,第一金-員林,2024-10-14,5381
8299,群聯,19,8,11,第一金-員林,2024-10-14,5381
2449,京元電子,12,1,11,第一金-員林,2024-10-14,5381
2317,鴻海,38,27,11,第一金-員林,2024-10-14,5381
3591,艾笛森,11,1,10,第一金-員林,2024-10-14,5381
00680L,元大美債20正2,8,0,8,第一金-員林,2024-10-14,5381
6830,汎銓,8,0,8,第一金-員林,2024-10-14,5381
00713,元大台灣高息低波,8,0,8,第一金-員林,2024-10-14,5381
00922,國泰台灣領袖50,19,12,7,第一金-員林,2024-10-14,5381
00725B,國泰投資級公司債,7,0,7,第一金-員林,2024-10-14,5381
0061,元大寶滬深,6,0,6,第一金-員林,2024-10-14,5381
2618,長榮航,7,1,6,第一金-員林,2024-10-14,5381
2915,潤泰全,6,0,6,第一金-員林,2024-10-14,5381
4510,高鋒,17,11,6,第一金-員林,2024-10-14,5381
9921,巨大,5,0,5,第一金-員林,2024-10-14,5381
00923,群益台ESG低碳50,5,0,5,第一金-員林,2024-10-14,5381
1539,巨庭,5,0,5,第一金-員林,2024-10-14,5381
2388,威盛,6,1,5,第一金-員林,2024-10-14,5381
3707,漢磊,5,0,5,第一金-員林,2024-10-14,5381
6144,得利影,5,0,5,第一金-員林,2024-10-14,5381
8059,凱碩,5,0,5,第一金-員林,2024-10-14,5381
4979,華星光,8,3,5,第一金-員林,2024-10-14,5381
00712,復華富時不動產,10,6,4,第一金-員林,2024-10-14,5381
2615,萬海,16,12,4,第一金-員林,2024-10-14,5381
00676R,富邦臺灣加權反1,2390,50,2340,第一金-員林,2024-10-15,5381
00878,國泰永續高股息,1602,69,1533,第一金-員林,2024-10-15,5381
00632R,元大台灣50反1,145,0,145,第一金-員林,2024-10-15,5381
2312,金寶,103,11,92,第一金-員林,2024-10-15,5381
00919,群益台灣精選高息,60,0,60,第一金-員林,2024-10-15,5381
9921,巨大,45,0,45,第一金-員林,2024-10-15,5381
9914,美利達,36,0,36,第一金-員林,2024-10-15,5381
00687B,國泰20年美債,34,1,33,第一金-員林,2024-10-15,5381
00918,大華優利高填息30,33,0,33,第一金-員林,2024-10-15,5381
2105,正新,33,0,33,第一金-員林,2024-10-15,5381
1314,中石化,43,12,31,第一金-員林,2024-10-15,5381
1569,濱川,31,0,31,第一金-員林,2024-10-15,5381
5452,佶優,38,9,29,第一金-員林,2024-10-15,5381
00891,中信關鍵半導體,28,1,27,第一金-員林,2024-10-15,5381
00655L,國泰中國A50正2,43,18,25,第一金-員林,2024-10-15,5381
00753L,中信中國50正2,24,1,23,第一金-員林,2024-10-15,5381
00922,國泰台灣領袖50,25,2,23,第一金-員林,2024-10-15,5381
3042,晶技,24,1,23,第一金-員林,2024-10-15,5381
6282,康舒,23,0,23,第一金-員林,2024-10-15,5381
00679B,元大美債20年,22,0,22,第一金-員林,2024-10-15,5381
00943,兆豐電子高息等權,22,0,22,第一金-員林,2024-10-15,5381
00706L,期元大S＆P日圓正2,31,10,21,第一金-員林,2024-10-15,5381
2101,南港,21,0,21,第一金-員林,2024-10-15,5381
1326,台化,20,0,20,第一金-員林,2024-10-15,5381
0056,元大高股息,24,5,19,第一金-員林,2024-10-15,5381
1815,富喬,18,0,18,第一金-員林,2024-10-15,5381
1709,和益,15,0,15,第一金-員林,2024-10-15,5381
3231,緯創,15,2,13,第一金-員林,2024-10-15,5381
00636,國泰中國A50,13,0,13,第一金-員林,2024-10-15,5381
00912,中信臺灣智慧50,13,0,13,第一金-員林,2024-10-15,5381
3710,連展投控,15,2,13,第一金-員林,2024-10-15,5381
2887,台新金,15,2,13,第一金-員林,2024-10-15,5381
00923,群益台ESG低碳50,12,0,12,第一金-員林,2024-10-15,5381
3049,精金,12,0,12,第一金-員林,2024-10-15,5381
8059,凱碩,12,0,12,第一金-員林,2024-10-15,5381
00887,永豐中國科技50大,62,51,11,第一金-員林,2024-10-15,5381
6757,台灣虎航,11,0,11,第一金-員林,2024-10-15,5381
2034,允強,10,0,10,第一金-員林,2024-10-15,5381
00934,中信成長高股息,10,0,10,第一金-員林,2024-10-15,5381
1785,光洋科,11,1,10,第一金-員林,2024-10-15,5381
1802,台玻,10,0,10,第一金-員林,2024-10-15,5381
3058,立德,10,0,10,第一金-員林,2024-10-15,5381
4114,健喬,10,0,10,第一金-員林,2024-10-15,5381
4566,時碩工業,10,0,10,第一金-員林,2024-10-15,5381
4729,熒茂,11,1,10,第一金-員林,2024-10-15,5381
5014,建錩,10,0,10,第一金-員林,2024-10-15,5381
5386,青雲,10,0,10,第一金-員林,2024-10-15,5381
3167,大量,10,1,9,第一金-員林,2024-10-15,5381
1721,三晃,11,3,8,第一金-員林,2024-10-15,5381
2356,英業達,11,3,8,第一金-員林,2024-10-15,5381
00676R,富邦臺灣加權反1,1874,0,1874,第一金-員林,2024-10-16,5381
0056,元大高股息,134,26,108,第一金-員林,2024-10-16,5381
9105,泰金寶-DR,249,186,63,第一金-員林,2024-10-16,5381
00887,永豐中國科技50大,94,41,53,第一金-員林,2024-10-16,5381
00912,中信臺灣智慧50,62,9,53,第一金-員林,2024-10-16,5381
00941,中信上游半導體,50,0,50,第一金-員林,2024-10-16,5381
2014,中鴻,51,1,50,第一金-員林,2024-10-16,5381
00665L,富邦�琤肭磪囓�2,62,31,31,第一金-員林,2024-10-16,5381
00687B,國泰20年美債,29,1,28,第一金-員林,2024-10-16,5381
00655L,國泰中國A50正2,35,8,27,第一金-員林,2024-10-16,5381
00878,國泰永續高股息,36,10,26,第一金-員林,2024-10-16,5381
00688L,國泰20年美債正2,26,0,26,第一金-員林,2024-10-16,5381
00637L,元大滬深300正2,50,25,25,第一金-員林,2024-10-16,5381
2455,全新,25,0,25,第一金-員林,2024-10-16,5381
2888,新光金,24,0,24,第一金-員林,2024-10-16,5381
00753L,中信中國50正2,22,1,21,第一金-員林,2024-10-16,5381
00943,兆豐電子高息等權,21,0,21,第一金-員林,2024-10-16,5381
2408,南亞科,21,0,21,第一金-員林,2024-10-16,5381
2105,正新,20,0,20,第一金-員林,2024-10-16,5381
00922,國泰台灣領袖50,45,25,20,第一金-員林,2024-10-16,5381
00919,群益台灣精選高息,18,0,18,第一金-員林,2024-10-16,5381
00633L,富邦上証正2,18,0,18,第一金-員林,2024-10-16,5381
00650L,復華香港正2,32,15,17,第一金-員林,2024-10-16,5381
2317,鴻海,21,5,16,第一金-員林,2024-10-16,5381
5880,合庫金,17,1,16,第一金-員林,2024-10-16,5381
3149,正達,36,21,15,第一金-員林,2024-10-16,5381
5607,遠雄港,15,0,15,第一金-員林,2024-10-16,5381
2887,台新金,15,0,15,第一金-員林,2024-10-16,5381
1326,台化,15,1,14,第一金-員林,2024-10-16,5381
2891,中信金,22,8,14,第一金-員林,2024-10-16,5381
006208,富邦台50,13,0,13,第一金-員林,2024-10-16,5381
00946,群益科技高息成長,18,5,13,第一金-員林,2024-10-16,5381
00915,凱基優選高股息30,12,1,11,第一金-員林,2024-10-16,5381
2812,台中銀,12,1,11,第一金-員林,2024-10-16,5381
00632R,元大台灣50反1,10,0,10,第一金-員林,2024-10-16,5381
00725B,國泰投資級公司債,10,0,10,第一金-員林,2024-10-16,5381
1595,川寶,10,0,10,第一金-員林,2024-10-16,5381
2495,普安,10,0,10,第一金-員林,2024-10-16,5381
3042,晶技,11,1,10,第一金-員林,2024-10-16,5381
3071,協禧,10,0,10,第一金-員林,2024-10-16,5381
5871,中租-KY,10,0,10,第一金-員林,2024-10-16,5381
6168,宏齊,10,0,10,第一金-員林,2024-10-16,5381
8016,矽創,10,0,10,第一金-員林,2024-10-16,5381
00923,群益台ESG低碳50,9,0,9,第一金-員林,2024-10-16,5381
00713,元大台灣高息低波,13,4,9,第一金-員林,2024-10-16,5381
00927,群益半導體收益,8,0,8,第一金-員林,2024-10-16,5381
00948B,中信優息投資級債,10,2,8,第一金-員林,2024-10-16,5381
6706,惠特,7,0,7,第一金-員林,2024-10-16,5381
2609,陽明,13,7,6,第一金-員林,2024-10-16,5381
00830,國泰費城半導體,6,0,6,第一金-員林,2024-10-16,5381
9105,泰金寶-DR,315,204,111,第一金-員林,2024-10-17,5381
3014,聯陽,69,0,69,第一金-員林,2024-10-17,5381
0056,元大高股息,61,5,56,第一金-員林,2024-10-17,5381
00887,永豐中國科技50大,46,0,46,第一金-員林,2024-10-17,5381
00665L,富邦�琤肭磪囓�2,115,80,35,第一金-員林,2024-10-17,5381
1802,台玻,35,0,35,第一金-員林,2024-10-17,5381
2439,美律,33,0,33,第一金-員林,2024-10-17,5381
00637L,元大滬深300正2,81,50,31,第一金-員林,2024-10-17,5381
2449,京元電子,35,8,27,第一金-員林,2024-10-17,5381
00929,復華台灣科技優息,28,5,23,第一金-員林,2024-10-17,5381
00882,中信中國高股息,31,10,21,第一金-員林,2024-10-17,5381
00655L,國泰中國A50正2,24,4,20,第一金-員林,2024-10-17,5381
00650L,復華香港正2,20,0,20,第一金-員林,2024-10-17,5381
2641,正德,20,0,20,第一金-員林,2024-10-17,5381
3042,晶技,21,1,20,第一金-員林,2024-10-17,5381
5905,南仁湖,20,0,20,第一金-員林,2024-10-17,5381
4903,聯光通,23,7,16,第一金-員林,2024-10-17,5381
2482,連宇,15,0,15,第一金-員林,2024-10-17,5381
2520,冠德,16,1,15,第一金-員林,2024-10-17,5381
6506,雙邦,15,0,15,第一金-員林,2024-10-17,5381
6742,澤米,20,7,13,第一金-員林,2024-10-17,5381
2892,第一金,12,0,12,第一金-員林,2024-10-17,5381
00918,大華優利高填息30,11,0,11,第一金-員林,2024-10-17,5381
1595,川寶,14,3,11,第一金-員林,2024-10-17,5381
6026,福邦證,11,0,11,第一金-員林,2024-10-17,5381
6706,惠特,11,0,11,第一金-員林,2024-10-17,5381
8021,尖點,11,0,11,第一金-員林,2024-10-17,5381
00753L,中信中國50正2,11,1,10,第一金-員林,2024-10-17,5381
00751B,元大AAA至A公司債,10,0,10,第一金-員林,2024-10-17,5381
00715L,期街口布蘭特正2,10,0,10,第一金-員林,2024-10-17,5381
00960,野村全球航運龍頭,10,0,10,第一金-員林,2024-10-17,5381
1210,大成,10,0,10,第一金-員林,2024-10-17,5381
1536,和大,10,0,10,第一金-員林,2024-10-17,5381
2882A,國泰特,10,0,10,第一金-員林,2024-10-17,5381
2883B,凱基金乙特,10,0,10,第一金-員林,2024-10-17,5381
3339,泰谷,10,0,10,第一金-員林,2024-10-17,5381
3545,敦泰,10,0,10,第一金-員林,2024-10-17,5381
4542,科嶠,11,1,10,第一金-員林,2024-10-17,5381
2929,淘帝-KY,10,1,9,第一金-員林,2024-10-17,5381
3652,精聯,9,0,9,第一金-員林,2024-10-17,5381
4545,銘鈺,11,2,9,第一金-員林,2024-10-17,5381
00636,國泰中國A50,8,0,8,第一金-員林,2024-10-17,5381
1314,中石化,44,36,8,第一金-員林,2024-10-17,5381
3013,晟銘電,31,23,8,第一金-員林,2024-10-17,5381
2344,華邦電,10,2,8,第一金-員林,2024-10-17,5381
00922,國泰台灣領袖50,16,9,7,第一金-員林,2024-10-17,5381
3526,凡甲,8,1,7,第一金-員林,2024-10-17,5381
2399,映泰,36,30,6,第一金-員林,2024-10-17,5381
00935,野村臺灣新科技50,6,0,6,第一金-員林,2024-10-17,5381
2014,中鴻,10,4,6,第一金-員林,2024-10-17,5381
00946,群益科技高息成長,204,10,194,第一金-員林,2024-10-18,5381
00687B,國泰20年美債,189,0,189,第一金-員林,2024-10-18,5381
00688L,國泰20年美債正2,104,0,104,第一金-員林,2024-10-18,5381
00676R,富邦臺灣加權反1,100,0,100,第一金-員林,2024-10-18,5381
00902,中信電池及儲能,101,2,99,第一金-員林,2024-10-18,5381
00948B,中信優息投資級債,65,0,65,第一金-員林,2024-10-18,5381
00679B,元大美債20年,59,0,59,第一金-員林,2024-10-18,5381
2867,三商壽,76,20,56,第一金-員林,2024-10-18,5381
00887,永豐中國科技50大,121,74,47,第一金-員林,2024-10-18,5381
2812,台中銀,45,2,43,第一金-員林,2024-10-18,5381
00632R,元大台灣50反1,40,0,40,第一金-員林,2024-10-18,5381
00929,復華台灣科技優息,62,25,37,第一金-員林,2024-10-18,5381
00941,中信上游半導體,32,0,32,第一金-員林,2024-10-18,5381
5443,均豪,33,2,31,第一金-員林,2024-10-18,5381
0056,元大高股息,46,17,29,第一金-員林,2024-10-18,5381
2303,聯電,35,6,29,第一金-員林,2024-10-18,5381
9921,巨大,26,0,26,第一金-員林,2024-10-18,5381
00680L,元大美債20正2,26,0,26,第一金-員林,2024-10-18,5381
2399,映泰,47,25,22,第一金-員林,2024-10-18,5381
2383,台光電,21,0,21,第一金-員林,2024-10-18,5381
00706L,期元大S＆P日圓正2,20,0,20,第一金-員林,2024-10-18,5381
2344,華邦電,20,0,20,第一金-員林,2024-10-18,5381
6120,達運,20,0,20,第一金-員林,2024-10-18,5381
00882,中信中國高股息,20,2,18,第一金-員林,2024-10-18,5381
2913,農林,18,0,18,第一金-員林,2024-10-18,5381
2312,金寶,77,60,17,第一金-員林,2024-10-18,5381
2349,錸德,17,1,16,第一金-員林,2024-10-18,5381
00943,兆豐電子高息等權,15,0,15,第一金-員林,2024-10-18,5381
1605,華新,15,0,15,第一金-員林,2024-10-18,5381
00937B,群益ESG投等債20,14,0,14,第一金-員林,2024-10-18,5381
1802,台玻,12,0,12,第一金-員林,2024-10-18,5381
4716,大立,17,5,12,第一金-員林,2024-10-18,5381
2402,毅嘉,12,1,11,第一金-員林,2024-10-18,5381
3014,聯陽,11,0,11,第一金-員林,2024-10-18,5381
4542,科嶠,11,0,11,第一金-員林,2024-10-18,5381
00881,國泰台灣5G+,11,0,11,第一金-員林,2024-10-18,5381
8028,昇陽半導體,33,22,11,第一金-員林,2024-10-18,5381
2313,華通,15,5,10,第一金-員林,2024-10-18,5381
5905,南仁湖,10,0,10,第一金-員林,2024-10-18,5381
2353,宏��,10,0,10,第一金-員林,2024-10-18,5381
00958B,永豐ESG銀行債15,10,0,10,第一金-員林,2024-10-18,5381
1506,正道,10,0,10,第一金-員林,2024-10-18,5381
2371,大同,10,0,10,第一金-員林,2024-10-18,5381
2915,潤泰全,10,0,10,第一金-員林,2024-10-18,5381
3042,晶技,10,0,10,第一金-員林,2024-10-18,5381
3372,典範,10,0,10,第一金-員林,2024-10-18,5381
3545,敦泰,10,0,10,第一金-員林,2024-10-18,5381
4566,時碩工業,23,13,10,第一金-員林,2024-10-18,5381
4960,誠美材,10,0,10,第一金-員林,2024-10-18,5381
8081,致新,10,0,10,第一金-員林,2024-10-18,5381
00687B,國泰20年美債,122,0,122,第一金-員林,2024-10-21,5381
00929,復華台灣科技優息,140,27,113,第一金-員林,2024-10-21,5381
00937B,群益ESG投等債20,102,0,102,第一金-員林,2024-10-21,5381
9105,泰金寶-DR,117,30,87,第一金-員林,2024-10-21,5381
00905,FT臺灣Smart,73,0,73,第一金-員林,2024-10-21,5381
00665L,富邦�琤肭磪囓�2,180,110,70,第一金-員林,2024-10-21,5381
00953B,群益優選非投等債,59,0,59,第一金-員林,2024-10-21,5381
2884,玉山金,51,0,51,第一金-員林,2024-10-21,5381
2882,國泰金,39,1,38,第一金-員林,2024-10-21,5381
00887,永豐中國科技50大,86,52,34,第一金-員林,2024-10-21,5381
9802,鈺齊-KY,33,0,33,第一金-員林,2024-10-21,5381
2851,中再保,30,0,30,第一金-員林,2024-10-21,5381
00882,中信中國高股息,24,0,24,第一金-員林,2024-10-21,5381
8415,大國鋼,24,0,24,第一金-員林,2024-10-21,5381
00753L,中信中國50正2,21,0,21,第一金-員林,2024-10-21,5381
2426,鼎元,20,0,20,第一金-員林,2024-10-21,5381
8039,台虹,20,0,20,第一金-員林,2024-10-21,5381
00878,國泰永續高股息,21,2,19,第一金-員林,2024-10-21,5381
8097,常珵,17,0,17,第一金-員林,2024-10-21,5381
9921,巨大,16,0,16,第一金-員林,2024-10-21,5381
2891,中信金,20,5,15,第一金-員林,2024-10-21,5381
00942B,台新美A公司債20+,15,0,15,第一金-員林,2024-10-21,5381
3005,神基,15,1,14,第一金-員林,2024-10-21,5381
9914,美利達,13,0,13,第一金-員林,2024-10-21,5381
2332,友訊,16,3,13,第一金-員林,2024-10-21,5381
9110,越南控-DR,13,0,13,第一金-員林,2024-10-21,5381
2881,富邦金,13,0,13,第一金-員林,2024-10-21,5381
2034,允強,13,1,12,第一金-員林,2024-10-21,5381
2882B,國泰金乙特,12,0,12,第一金-員林,2024-10-21,5381
00712,復華富時不動產,11,0,11,第一金-員林,2024-10-21,5381
3149,正達,69,58,11,第一金-員林,2024-10-21,5381
6127,九豪,17,6,11,第一金-員林,2024-10-21,5381
3011,今皓,14,3,11,第一金-員林,2024-10-21,5381
2887,台新金,10,0,10,第一金-員林,2024-10-21,5381
00761B,國泰A級公司債,10,0,10,第一金-員林,2024-10-21,5381
00922,國泰台灣領袖50,10,0,10,第一金-員林,2024-10-21,5381
2610,華航,10,0,10,第一金-員林,2024-10-21,5381
8176,智捷,10,0,10,第一金-員林,2024-10-21,5381
2886,兆豐金,13,3,10,第一金-員林,2024-10-21,5381
00637L,元大滬深300正2,19,10,9,第一金-員林,2024-10-21,5381
2409,友達,10,1,9,第一金-員林,2024-10-21,5381
2867,三商壽,12,3,9,第一金-員林,2024-10-21,5381
2497,怡利電,10,2,8,第一金-員林,2024-10-21,5381
1802,台玻,10,2,8,第一金-員林,2024-10-21,5381
4729,熒茂,8,0,8,第一金-員林,2024-10-21,5381
6168,宏齊,7,0,7,第一金-員林,2024-10-21,5381
2317,鴻海,13,6,7,第一金-員林,2024-10-21,5381
00919,群益台灣精選高息,21,15,6,第一金-員林,2024-10-21,5381
2303,聯電,6,0,6,第一金-員林,2024-10-21,5381
00632R,元大台灣50反1,25,19,6,第一金-員林,2024-10-21,5381
00937B,群益ESG投等債20,165,1,164,第一金-員林,2024-10-22,5381
00958B,永豐ESG銀行債15,110,0,110,第一金-員林,2024-10-22,5381
00941,中信上游半導體,91,0,91,第一金-員林,2024-10-22,5381
00687B,國泰20年美債,106,61,45,第一金-員林,2024-10-22,5381
00929,復華台灣科技優息,52,10,42,第一金-員林,2024-10-22,5381
00753L,中信中國50正2,40,0,40,第一金-員林,2024-10-22,5381
9802,鈺齊-KY,37,0,37,第一金-員林,2024-10-22,5381
2884,玉山金,35,0,35,第一金-員林,2024-10-22,5381
9921,巨大,27,0,27,第一金-員林,2024-10-22,5381
00948B,中信優息投資級債,37,10,27,第一金-員林,2024-10-22,5381
3290,東浦,71,46,25,第一金-員林,2024-10-22,5381
2317,鴻海,67,44,23,第一金-員林,2024-10-22,5381
00720B,元大投資級公司債,22,2,20,第一金-員林,2024-10-22,5381
00887,永豐中國科技50大,64,44,20,第一金-員林,2024-10-22,5381
8032,光菱,20,0,20,第一金-員林,2024-10-22,5381
00915,凱基優選高股息30,19,0,19,第一金-員林,2024-10-22,5381
5607,遠雄港,18,0,18,第一金-員林,2024-10-22,5381
1597,直得,20,3,17,第一金-員林,2024-10-22,5381
00725B,國泰投資級公司債,16,0,16,第一金-員林,2024-10-22,5381
2014,中鴻,16,0,16,第一金-員林,2024-10-22,5381
3550,聯穎,24,8,16,第一金-員林,2024-10-22,5381
00706L,期元大S＆P日圓正2,14,0,14,第一金-員林,2024-10-22,5381
00646,元大S＆P500,13,0,13,第一金-員林,2024-10-22,5381
00905,FT臺灣Smart,13,1,12,第一金-員林,2024-10-22,5381
6168,宏齊,19,7,12,第一金-員林,2024-10-22,5381
0056,元大高股息,11,0,11,第一金-員林,2024-10-22,5381
2363,矽統,58,47,11,第一金-員林,2024-10-22,5381
00665L,富邦�琤肭磪囓�2,211,200,11,第一金-員林,2024-10-22,5381
5452,佶優,19,8,11,第一金-員林,2024-10-22,5381
00733,富邦臺灣中小,10,0,10,第一金-員林,2024-10-22,5381
00712,復華富時不動產,10,0,10,第一金-員林,2024-10-22,5381
00946,群益科技高息成長,20,10,10,第一金-員林,2024-10-22,5381
00932,兆豐永續高息等權,10,0,10,第一金-員林,2024-10-22,5381
00933B,國泰10Y+金融債,10,0,10,第一金-員林,2024-10-22,5381
00942B,台新美A公司債20+,10,0,10,第一金-員林,2024-10-22,5381
2349,錸德,10,0,10,第一金-員林,2024-10-22,5381
2367,燿華,10,0,10,第一金-員林,2024-10-22,5381
2393,億光,10,0,10,第一金-員林,2024-10-22,5381
4542,科嶠,11,1,10,第一金-員林,2024-10-22,5381
3356,奇偶,9,0,9,第一金-員林,2024-10-22,5381
00715L,期街口布蘭特正2,11,2,9,第一金-員林,2024-10-22,5381
2313,華通,33,24,9,第一金-員林,2024-10-22,5381
4510,高鋒,11,2,9,第一金-員林,2024-10-22,5381
00919,群益台灣精選高息,10,2,8,第一金-員林,2024-10-22,5381
00795B,中信美國公債20年,8,0,8,第一金-員林,2024-10-22,5381
1301,台塑,8,0,8,第一金-員林,2024-10-22,5381
6165,浪凡,9,1,8,第一金-員林,2024-10-22,5381
8390,金益鼎,8,0,8,第一金-員林,2024-10-22,5381
8249,菱光,10,2,8,第一金-員林,2024-10-22,5381
4533,協易機,8,1,7,第一金-員林,2024-10-22,5381
00929,復華台灣科技優息,129,10,119,第一金-員林,2024-10-23,5381
00881,國泰台灣5G+,60,1,59,第一金-員林,2024-10-23,5381
2891,中信金,56,0,56,第一金-員林,2024-10-23,5381
00937B,群益ESG投等債20,110,55,55,第一金-員林,2024-10-23,5381
00679B,元大美債20年,52,2,50,第一金-員林,2024-10-23,5381
0056,元大高股息,44,0,44,第一金-員林,2024-10-23,5381
2881,富邦金,35,0,35,第一金-員林,2024-10-23,5381
00687B,國泰20年美債,32,0,32,第一金-員林,2024-10-23,5381
2882,國泰金,30,0,30,第一金-員林,2024-10-23,5381
2317,鴻海,37,8,29,第一金-員林,2024-10-23,5381
2887,台新金,25,0,25,第一金-員林,2024-10-23,5381
2105,正新,26,1,25,第一金-員林,2024-10-23,5381
00887,永豐中國科技50大,41,21,20,第一金-員林,2024-10-23,5381
2014,中鴻,20,0,20,第一金-員林,2024-10-23,5381
2889,國票金,20,0,20,第一金-員林,2024-10-23,5381
3055,蔚華科,23,4,19,第一金-員林,2024-10-23,5381
00948B,中信優息投資級債,28,10,18,第一金-員林,2024-10-23,5381
006208,富邦台50,18,1,17,第一金-員林,2024-10-23,5381
00936,台新永續高息中小,17,0,17,第一金-員林,2024-10-23,5381
2867,三商壽,16,0,16,第一金-員林,2024-10-23,5381
3049,精金,16,0,16,第一金-員林,2024-10-23,5381
9802,鈺齊-KY,16,0,16,第一金-員林,2024-10-23,5381
2034,允強,16,0,16,第一金-員林,2024-10-23,5381
1101,台泥,16,1,15,第一金-員林,2024-10-23,5381
6770,力積電,24,10,14,第一金-員林,2024-10-23,5381
3303,岱稜,14,0,14,第一金-員林,2024-10-23,5381
2392,正崴,13,0,13,第一金-員林,2024-10-23,5381
9105,泰金寶-DR,13,0,13,第一金-員林,2024-10-23,5381
3481,群創,30,18,12,第一金-員林,2024-10-23,5381
1314,中石化,12,0,12,第一金-員林,2024-10-23,5381
3591,艾笛森,12,0,12,第一金-員林,2024-10-23,5381
00907,永豐優息存股,11,0,11,第一金-員林,2024-10-23,5381
2337,旺宏,11,0,11,第一金-員林,2024-10-23,5381
2633,台灣高鐵,11,0,11,第一金-員林,2024-10-23,5381
5871,中租-KY,11,0,11,第一金-員林,2024-10-23,5381
6873,泓德能源,11,0,11,第一金-員林,2024-10-23,5381
00946,群益科技高息成長,10,0,10,第一金-員林,2024-10-23,5381
2449,京元電子,13,3,10,第一金-員林,2024-10-23,5381
4526,東台,65,55,10,第一金-員林,2024-10-23,5381
00878,國泰永續高股息,24,15,9,第一金-員林,2024-10-23,5381
3209,全科,10,1,9,第一金-員林,2024-10-23,5381
1301,台塑,9,0,9,第一金-員林,2024-10-23,5381
2609,陽明,21,12,9,第一金-員林,2024-10-23,5381
00927,群益半導體收益,8,0,8,第一金-員林,2024-10-23,5381
6005,群益證,8,0,8,第一金-員林,2024-10-23,5381
9921,巨大,8,0,8,第一金-員林,2024-10-23,5381
9914,美利達,7,0,7,第一金-員林,2024-10-23,5381
2356,英業達,7,0,7,第一金-員林,2024-10-23,5381
3580,友威科,10,3,7,第一金-員林,2024-10-23,5381
5347,世界,7,0,7,第一金-員林,2024-10-23,5381
2891,中信金,204,0,204,第一金-員林,2024-10-24,5381
00946,群益科技高息成長,133,0,133,第一金-員林,2024-10-24,5381
3033,威健,115,0,115,第一金-員林,2024-10-24,5381
0056,元大高股息,71,0,71,第一金-員林,2024-10-24,5381
2388,威盛,65,9,56,第一金-員林,2024-10-24,5381
3231,緯創,55,0,55,第一金-員林,2024-10-24,5381
00915,凱基優選高股息30,40,0,40,第一金-員林,2024-10-24,5381
1449,佳和,40,0,40,第一金-員林,2024-10-24,5381
2349,錸德,40,0,40,第一金-員林,2024-10-24,5381
2014,中鴻,38,1,37,第一金-員林,2024-10-24,5381
4142,國光生,37,0,37,第一金-員林,2024-10-24,5381
9105,泰金寶-DR,72,35,37,第一金-員林,2024-10-24,5381
3167,大量,40,6,34,第一金-員林,2024-10-24,5381
00712,復華富時不動產,32,0,32,第一金-員林,2024-10-24,5381
00878,國泰永續高股息,36,7,29,第一金-員林,2024-10-24,5381
2439,美律,27,1,26,第一金-員林,2024-10-24,5381
3481,群創,30,5,25,第一金-員林,2024-10-24,5381
2542,興富發,25,0,25,第一金-員林,2024-10-24,5381
6770,力積電,25,1,24,第一金-員林,2024-10-24,5381
00706L,期元大S＆P日圓正2,42,20,22,第一金-員林,2024-10-24,5381
00679B,元大美債20年,23,2,21,第一金-員林,2024-10-24,5381
9802,鈺齊-KY,21,1,20,第一金-員林,2024-10-24,5381
1808,潤隆,20,0,20,第一金-員林,2024-10-24,5381
3296,勝德,23,3,20,第一金-員林,2024-10-24,5381
5871,中租-KY,20,0,20,第一金-員林,2024-10-24,5381
2399,映泰,68,51,17,第一金-員林,2024-10-24,5381
00882,中信中國高股息,16,0,16,第一金-員林,2024-10-24,5381
00655L,國泰中國A50正2,21,5,16,第一金-員林,2024-10-24,5381
5202,力新,23,7,16,第一金-員林,2024-10-24,5381
2431,聯昌,29,14,15,第一金-員林,2024-10-24,5381
00753L,中信中國50正2,14,0,14,第一金-員林,2024-10-24,5381
3663,鑫科,17,3,14,第一金-員林,2024-10-24,5381
2344,華邦電,13,0,13,第一金-員林,2024-10-24,5381
00720B,元大投資級公司債,13,0,13,第一金-員林,2024-10-24,5381
2313,華通,19,6,13,第一金-員林,2024-10-24,5381
006208,富邦台50,13,0,13,第一金-員林,2024-10-24,5381
00680L,元大美債20正2,12,0,12,第一金-員林,2024-10-24,5381
2105,正新,13,1,12,第一金-員林,2024-10-24,5381
2363,矽統,47,35,12,第一金-員林,2024-10-24,5381
3580,友威科,14,3,11,第一金-員林,2024-10-24,5381
6168,宏齊,11,0,11,第一金-員林,2024-10-24,5381
1815,富喬,29,19,10,第一金-員林,2024-10-24,5381
00752,中信中國50,10,0,10,第一金-員林,2024-10-24,5381
1909,榮成,10,0,10,第一金-員林,2024-10-24,5381
2314,台揚,10,0,10,第一金-員林,2024-10-24,5381
2367,燿華,10,0,10,第一金-員林,2024-10-24,5381
2883B,凱基金乙特,10,0,10,第一金-員林,2024-10-24,5381
3303,岱稜,10,0,10,第一金-員林,2024-10-24,5381
4114,健喬,10,0,10,第一金-員林,2024-10-24,5381
4908,前鼎,15,5,10,第一金-員林,2024-10-24,5381
00706L,期元大S＆P日圓正2,72,0,72,第一金-員林,2024-10-25,5381
3481,群創,84,17,67,第一金-員林,2024-10-25,5381
2105,正新,31,0,31,第一金-員林,2024-10-25,5381
00665L,富邦�琤肭磪囓�2,180,150,30,第一金-員林,2024-10-25,5381
2495,普安,49,24,25,第一金-員林,2024-10-25,5381
1802,台玻,25,1,24,第一金-員林,2024-10-25,5381
00959B,大華投等美債15Y+,23,0,23,第一金-員林,2024-10-25,5381
9802,鈺齊-KY,21,0,21,第一金-員林,2024-10-25,5381
2014,中鴻,20,0,20,第一金-員林,2024-10-25,5381
3290,東浦,20,0,20,第一金-員林,2024-10-25,5381
2834,臺企銀,20,0,20,第一金-員林,2024-10-25,5381
4919,新唐,87,68,19,第一金-員林,2024-10-25,5381
2492,華新科,20,3,17,第一金-員林,2024-10-25,5381
2312,金寶,24,8,16,第一金-員林,2024-10-25,5381
1524,耿鼎,35,19,16,第一金-員林,2024-10-25,5381
2383,台光電,15,0,15,第一金-員林,2024-10-25,5381
4726,永昕,15,1,14,第一金-員林,2024-10-25,5381
2303,聯電,13,0,13,第一金-員林,2024-10-25,5381
00715L,期街口布蘭特正2,12,0,12,第一金-員林,2024-10-25,5381
00943,兆豐電子高息等權,11,0,11,第一金-員林,2024-10-25,5381
00712,復華富時不動產,10,0,10,第一金-員林,2024-10-25,5381
2344,華邦電,14,4,10,第一金-員林,2024-10-25,5381
00887,永豐中國科技50大,24,14,10,第一金-員林,2024-10-25,5381
00877,復華中國5G,10,0,10,第一金-員林,2024-10-25,5381
00958B,永豐ESG銀行債15,10,0,10,第一金-員林,2024-10-25,5381
2402,毅嘉,10,0,10,第一金-員林,2024-10-25,5381
2851,中再保,10,0,10,第一金-員林,2024-10-25,5381
6741,91APP*-KY,10,0,10,第一金-員林,2024-10-25,5381
6505,台塑化,9,0,9,第一金-員林,2024-10-25,5381
00680L,元大美債20正2,16,7,9,第一金-員林,2024-10-25,5381
3663,鑫科,17,8,9,第一金-員林,2024-10-25,5381
6288,聯嘉,18,9,9,第一金-員林,2024-10-25,5381
00713,元大台灣高息低波,8,0,8,第一金-員林,2024-10-25,5381
2405,輔信,8,0,8,第一金-員林,2024-10-25,5381
2439,美律,21,13,8,第一金-員林,2024-10-25,5381
2891,中信金,11,3,8,第一金-員林,2024-10-25,5381
6248,沛波,8,0,8,第一金-員林,2024-10-25,5381
6405,悅城,14,6,8,第一金-員林,2024-10-25,5381
2605,新興,7,0,7,第一金-員林,2024-10-25,5381
2882,國泰金,7,0,7,第一金-員林,2024-10-25,5381
00885,富邦越南,7,1,6,第一金-員林,2024-10-25,5381
2880,華南金,6,0,6,第一金-員林,2024-10-25,5381
00725B,國泰投資級公司債,6,0,6,第一金-員林,2024-10-25,5381
2542,興富發,6,0,6,第一金-員林,2024-10-25,5381
00915,凱基優選高股息30,6,0,6,第一金-員林,2024-10-25,5381
00655L,國泰中國A50正2,6,0,6,第一金-員林,2024-10-25,5381
00633L,富邦上証正2,6,0,6,第一金-員林,2024-10-25,5381
2206,三陽工業,6,0,6,第一金-員林,2024-10-25,5381
4743,合一,6,0,6,第一金-員林,2024-10-25,5381
5202,力新,7,1,6,第一金-員林,2024-10-25,5381
2891,中信金,121,0,121,第一金-員林,2024-10-28,5381
2618,長榮航,84,5,79,第一金-員林,2024-10-28,5381
00937B,群益ESG投等債20,73,2,71,第一金-員林,2024-10-28,5381
00919,群益台灣精選高息,62,1,61,第一金-員林,2024-10-28,5381
2867,三商壽,51,0,51,第一金-員林,2024-10-28,5381
00679B,元大美債20年,44,3,41,第一金-員林,2024-10-28,5381
00929,復華台灣科技優息,59,26,33,第一金-員林,2024-10-28,5381
2615,萬海,56,27,29,第一金-員林,2024-10-28,5381
00706L,期元大S＆P日圓正2,23,0,23,第一金-員林,2024-10-28,5381
2409,友達,25,2,23,第一金-員林,2024-10-28,5381
3011,今皓,27,5,22,第一金-員林,2024-10-28,5381
00878,國泰永續高股息,29,7,22,第一金-員林,2024-10-28,5381
4532,瑞智,20,0,20,第一金-員林,2024-10-28,5381
1314,中石化,20,1,19,第一金-員林,2024-10-28,5381
00687B,國泰20年美債,18,0,18,第一金-員林,2024-10-28,5381
2646,星宇航空,44,28,16,第一金-員林,2024-10-28,5381
4919,新唐,21,5,16,第一金-員林,2024-10-28,5381
00680L,元大美債20正2,15,0,15,第一金-員林,2024-10-28,5381
00918,大華優利高填息30,15,0,15,第一金-員林,2024-10-28,5381
2327,國巨,15,0,15,第一金-員林,2024-10-28,5381
00948B,中信優息投資級債,13,0,13,第一金-員林,2024-10-28,5381
2439,美律,44,32,12,第一金-員林,2024-10-28,5381
4545,銘鈺,13,1,12,第一金-員林,2024-10-28,5381
00959B,大華投等美債15Y+,11,0,11,第一金-員林,2024-10-28,5381
6770,力積電,12,1,11,第一金-員林,2024-10-28,5381
1721,三晃,11,0,11,第一金-員林,2024-10-28,5381
2449,京元電子,11,1,10,第一金-員林,2024-10-28,5381
00877,復華中國5G,10,0,10,第一金-員林,2024-10-28,5381
2393,億光,10,0,10,第一金-員林,2024-10-28,5381
2399,映泰,12,2,10,第一金-員林,2024-10-28,5381
3545,敦泰,10,0,10,第一金-員林,2024-10-28,5381
4908,前鼎,15,5,10,第一金-員林,2024-10-28,5381
6016,康和證,11,1,10,第一金-員林,2024-10-28,5381
6120,達運,10,0,10,第一金-員林,2024-10-28,5381
6698,旭暉應材,10,0,10,第一金-員林,2024-10-28,5381
2303,聯電,11,1,10,第一金-員林,2024-10-28,5381
3296,勝德,9,0,9,第一金-員林,2024-10-28,5381
3663,鑫科,10,1,9,第一金-員林,2024-10-28,5381
6530,創威,13,4,9,第一金-員林,2024-10-28,5381
1503,士電,10,2,8,第一金-員林,2024-10-28,5381
8059,凱碩,8,0,8,第一金-員林,2024-10-28,5381
2344,華邦電,9,2,7,第一金-員林,2024-10-28,5381
3049,精金,7,0,7,第一金-員林,2024-10-28,5381
2515,中工,6,0,6,第一金-員林,2024-10-28,5381
9914,美利達,6,0,6,第一金-員林,2024-10-28,5381
9921,巨大,6,0,6,第一金-員林,2024-10-28,5381
00882,中信中國高股息,12,6,6,第一金-員林,2024-10-28,5381
00943,兆豐電子高息等權,16,10,6,第一金-員林,2024-10-28,5381
1711,永光,8,2,6,第一金-員林,2024-10-28,5381
2356,英業達,9,3,6,第一金-員林,2024-10-28,5381
9105,泰金寶-DR,270,10,260,第一金-員林,2024-10-29,5381
00919,群益台灣精選高息,110,0,110,第一金-員林,2024-10-29,5381
00929,復華台灣科技優息,136,40,96,第一金-員林,2024-10-29,5381
1449,佳和,83,8,75,第一金-員林,2024-10-29,5381
0056,元大高股息,60,3,57,第一金-員林,2024-10-29,5381
3481,群創,60,9,51,第一金-員林,2024-10-29,5381
6165,浪凡,50,0,50,第一金-員林,2024-10-29,5381
1314,中石化,55,8,47,第一金-員林,2024-10-29,5381
2303,聯電,45,3,42,第一金-員林,2024-10-29,5381
2867,三商壽,35,0,35,第一金-員林,2024-10-29,5381
2317,鴻海,50,15,35,第一金-員林,2024-10-29,5381
2408,南亞科,33,0,33,第一金-員林,2024-10-29,5381
2327,國巨,32,0,32,第一金-員林,2024-10-29,5381
00937B,群益ESG投等債20,42,10,32,第一金-員林,2024-10-29,5381
00946,群益科技高息成長,28,0,28,第一金-員林,2024-10-29,5381
00932,兆豐永續高息等權,25,0,25,第一金-員林,2024-10-29,5381
00918,大華優利高填息30,24,1,23,第一金-員林,2024-10-29,5381
00881,國泰台灣5G+,22,0,22,第一金-員林,2024-10-29,5381
1326,台化,22,0,22,第一金-員林,2024-10-29,5381
6505,台塑化,80,60,20,第一金-員林,2024-10-29,5381
00680L,元大美債20正2,30,10,20,第一金-員林,2024-10-29,5381
2929,淘帝-KY,20,0,20,第一金-員林,2024-10-29,5381
4716,大立,21,1,20,第一金-員林,2024-10-29,5381
4908,前鼎,28,8,20,第一金-員林,2024-10-29,5381
00959B,大華投等美債15Y+,19,0,19,第一金-員林,2024-10-29,5381
1301,台塑,22,3,19,第一金-員林,2024-10-29,5381
00940,元大台灣價值高息,16,0,16,第一金-員林,2024-10-29,5381
2882,國泰金,16,0,16,第一金-員林,2024-10-29,5381
2883,凱基金,16,0,16,第一金-員林,2024-10-29,5381
8249,菱光,30,14,16,第一金-員林,2024-10-29,5381
2439,美律,50,35,15,第一金-員林,2024-10-29,5381
00673R,期元大S＆P原油反1,15,0,15,第一金-員林,2024-10-29,5381
2313,華通,15,0,15,第一金-員林,2024-10-29,5381
9914,美利達,15,0,15,第一金-員林,2024-10-29,5381
2354,鴻準,25,10,15,第一金-員林,2024-10-29,5381
00715L,期街口布蘭特正2,14,0,14,第一金-員林,2024-10-29,5381
3011,今皓,15,1,14,第一金-員林,2024-10-29,5381
6111,大宇資,36,22,14,第一金-員林,2024-10-29,5381
006208,富邦台50,14,0,14,第一金-員林,2024-10-29,5381
2374,佳能,13,0,13,第一金-員林,2024-10-29,5381
00712,復華富時不動產,13,0,13,第一金-員林,2024-10-29,5381
00922,國泰台灣領袖50,13,0,13,第一金-員林,2024-10-29,5381
00930,永豐ESG低碳高息,10,0,10,第一金-員林,2024-10-29,5381
00938,凱基優選30,10,0,10,第一金-員林,2024-10-29,5381
1528,恩德,11,1,10,第一金-員林,2024-10-29,5381
2402,毅嘉,10,0,10,第一金-員林,2024-10-29,5381
2611,志信,10,0,10,第一金-員林,2024-10-29,5381
3290,東浦,10,0,10,第一金-員林,2024-10-29,5381
4960,誠美材,10,0,10,第一金-員林,2024-10-29,5381
6120,達運,10,0,10,第一金-員林,2024-10-29,5381
2337,旺宏,114,0,114,第一金-員林,2024-10-30,5381
00632R,元大台灣50反1,80,0,80,第一金-員林,2024-10-30,5381
00919,群益台灣精選高息,52,1,51,第一金-員林,2024-10-30,5381
00665L,富邦�琤肭磪囓�2,200,150,50,第一金-員林,2024-10-30,5381
2409,友達,42,0,42,第一金-員林,2024-10-30,5381
9914,美利達,42,0,42,第一金-員林,2024-10-30,5381
3325,旭品,39,1,38,第一金-員林,2024-10-30,5381
00712,復華富時不動產,37,0,37,第一金-員林,2024-10-30,5381
2892,第一金,31,4,27,第一金-員林,2024-10-30,5381
3481,群創,57,33,24,第一金-員林,2024-10-30,5381
00929,復華台灣科技優息,23,0,23,第一金-員林,2024-10-30,5381
3296,勝德,22,0,22,第一金-員林,2024-10-30,5381
00753L,中信中國50正2,21,0,21,第一金-員林,2024-10-30,5381
00637L,元大滬深300正2,21,0,21,第一金-員林,2024-10-30,5381
5225,東科-KY,20,0,20,第一金-員林,2024-10-30,5381
00946,群益科技高息成長,22,2,20,第一金-員林,2024-10-30,5381
2327,國巨,19,1,18,第一金-員林,2024-10-30,5381
0056,元大高股息,24,5,19,第一金-員林,2024-10-30,5381
1314,中石化,17,0,17,第一金-員林,2024-10-30,5381
5328,華容,16,0,16,第一金-員林,2024-10-30,5381
1528,恩德,71,55,16,第一金-員林,2024-10-30,5381
00715L,期街口布蘭特正2,15,0,15,第一金-員林,2024-10-30,5381
00937B,群益ESG投等債20,16,2,14,第一金-員林,2024-10-30,5381
2646,星宇航空,17,3,14,第一金-員林,2024-10-30,5381
3231,緯創,16,2,14,第一金-員林,2024-10-30,5381
3011,今皓,13,0,13,第一金-員林,2024-10-30,5381
00959B,大華投等美債15Y+,12,0,12,第一金-員林,2024-10-30,5381
3047,訊舟,47,35,12,第一金-員林,2024-10-30,5381
3715,定穎投控,13,1,12,第一金-員林,2024-10-30,5381
00882,中信中國高股息,10,0,10,第一金-員林,2024-10-30,5381
1710,東聯,10,0,10,第一金-員林,2024-10-30,5381
2362,藍天,10,0,10,第一金-員林,2024-10-30,5381
4711,永純,10,0,10,第一金-員林,2024-10-30,5381
6120,達運,10,0,10,第一金-員林,2024-10-30,5381
6182,合晶,10,0,10,第一金-員林,2024-10-30,5381
6190,萬泰科,10,0,10,第一金-員林,2024-10-30,5381
2812,台中銀,9,0,9,第一金-員林,2024-10-30,5381
2329,華泰,8,0,8,第一金-員林,2024-10-30,5381
2363,矽統,11,3,8,第一金-員林,2024-10-30,5381
3013,晟銘電,14,6,8,第一金-員林,2024-10-30,5381
6257,矽格,9,1,8,第一金-員林,2024-10-30,5381
6290,良維,8,0,8,第一金-員林,2024-10-30,5381
1410,南染,7,0,7,第一金-員林,2024-10-30,5381
2408,南亞科,7,0,7,第一金-員林,2024-10-30,5381
4919,新唐,18,11,7,第一金-員林,2024-10-30,5381
5014,建錩,7,0,7,第一金-員林,2024-10-30,5381
6133,金橋,7,0,7,第一金-員林,2024-10-30,5381
6235,華孚,7,0,7,第一金-員林,2024-10-30,5381
2303,聯電,9,2,7,第一金-員林,2024-10-30,5381
2439,美律,30,24,6,第一金-員林,2024-10-30,5381
00878,國泰永續高股息,1659,2,1657,第一金-員林,2024-11-01,5381
2354,鴻準,351,144,207,第一金-員林,2024-11-01,5381
00650L,復華香港正2,100,0,100,第一金-員林,2024-11-01,5381
00919,群益台灣精選高息,65,5,60,第一金-員林,2024-11-01,5381
2317,鴻海,68,9,59,第一金-員林,2024-11-01,5381
2303,聯電,39,1,38,第一金-員林,2024-11-01,5381
00927,群益半導體收益,35,0,35,第一金-員林,2024-11-01,5381
00929,復華台灣科技優息,64,30,34,第一金-員林,2024-11-01,5381
00637L,元大滬深300正2,53,20,33,第一金-員林,2024-11-01,5381
2477,美隆電,51,20,31,第一金-員林,2024-11-01,5381
5443,均豪,30,0,30,第一金-員林,2024-11-01,5381
00680L,元大美債20正2,30,1,29,第一金-員林,2024-11-01,5381
9802,鈺齊-KY,28,0,28,第一金-員林,2024-11-01,5381
2408,南亞科,27,0,27,第一金-員林,2024-11-01,5381
2618,長榮航,31,5,26,第一金-員林,2024-11-01,5381
00713,元大台灣高息低波,23,0,23,第一金-員林,2024-11-01,5381
3296,勝德,21,0,21,第一金-員林,2024-11-01,5381
2353,宏��,20,0,20,第一金-員林,2024-11-01,5381
9921,巨大,18,0,18,第一金-員林,2024-11-01,5381
00939,統一台灣高息動能,17,0,17,第一金-員林,2024-11-01,5381
9914,美利達,17,0,17,第一金-員林,2024-11-01,5381
3060,銘異,15,0,15,第一金-員林,2024-11-01,5381
5398,慕康生醫,14,0,14,第一金-員林,2024-11-01,5381
00946,群益科技高息成長,14,0,14,第一金-員林,2024-11-01,5381
3011,今皓,16,3,13,第一金-員林,2024-11-01,5381
00915,凱基優選高股息30,12,0,12,第一金-員林,2024-11-01,5381
00938,凱基優選30,12,0,12,第一金-員林,2024-11-01,5381
2426,鼎元,12,0,12,第一金-員林,2024-11-01,5381
2442,新美齊,12,0,12,第一金-員林,2024-11-01,5381
006208,富邦台50,12,0,12,第一金-員林,2024-11-01,5381
2344,華邦電,12,1,11,第一金-員林,2024-11-01,5381
00922,國泰台灣領袖50,11,0,11,第一金-員林,2024-11-01,5381
6235,華孚,11,0,11,第一金-員林,2024-11-01,5381
2302,麗正,10,0,10,第一金-員林,2024-11-01,5381
00753L,中信中國50正2,10,0,10,第一金-員林,2024-11-01,5381
00945B,凱基美國非投等債,10,0,10,第一金-員林,2024-11-01,5381
2646,星宇航空,20,10,10,第一金-員林,2024-11-01,5381
6269,台郡,10,0,10,第一金-員林,2024-11-01,5381
6443,元晶,10,0,10,第一金-員林,2024-11-01,5381
2543,皇昌,11,2,9,第一金-員林,2024-11-01,5381
2891,中信金,9,0,9,第一金-員林,2024-11-01,5381
2328,廣宇,17,8,9,第一金-員林,2024-11-01,5381
2887,台新金,9,0,9,第一金-員林,2024-11-01,5381
3025,星通,10,2,8,第一金-員林,2024-11-01,5381
5871,中租-KY,7,0,7,第一金-員林,2024-11-01,5381
00937B,群益ESG投等債20,9,2,7,第一金-員林,2024-11-01,5381
4958,臻鼎-KY,8,1,7,第一金-員林,2024-11-01,5381
00934,中信成長高股息,7,0,7,第一金-員林,2024-11-01,5381
2884,玉山金,7,0,7,第一金-員林,2024-11-01,5381
2409,友達,6,0,6,第一金-員林,2024-11-01,5381
00937B,群益ESG投等債20,95,10,85,第一金-員林,2024-11-04,5381
00919,群益台灣精選高息,83,4,79,第一金-員林,2024-11-04,5381
9802,鈺齊-KY,62,2,60,第一金-員林,2024-11-04,5381
00637L,元大滬深300正2,57,6,51,第一金-員林,2024-11-04,5381
00665L,富邦�琤肭磪囓�2,140,90,50,第一金-員林,2024-11-04,5381
2409,友達,50,0,50,第一金-員林,2024-11-04,5381
00882,中信中國高股息,42,0,42,第一金-員林,2024-11-04,5381
00918,大華優利高填息30,50,10,40,第一金-員林,2024-11-04,5381
00650L,復華香港正2,40,0,40,第一金-員林,2024-11-04,5381
00687B,國泰20年美債,46,11,35,第一金-員林,2024-11-04,5381
00950B,凱基A級公司債,30,0,30,第一金-員林,2024-11-04,5381
00878,國泰永續高股息,31,4,27,第一金-員林,2024-11-04,5381
3481,群創,28,1,27,第一金-員林,2024-11-04,5381
00679B,元大美債20年,27,0,27,第一金-員林,2024-11-04,5381
00930,永豐ESG低碳高息,26,0,26,第一金-員林,2024-11-04,5381
00633L,富邦上証正2,25,0,25,第一金-員林,2024-11-04,5381
00655L,國泰中國A50正2,25,0,25,第一金-員林,2024-11-04,5381
2303,聯電,34,11,23,第一金-員林,2024-11-04,5381
00740B,富邦全球投等債,23,0,23,第一金-員林,2024-11-04,5381
00943,兆豐電子高息等權,22,0,22,第一金-員林,2024-11-04,5381
3189,景碩,22,1,21,第一金-員林,2024-11-04,5381
00680L,元大美債20正2,20,0,20,第一金-員林,2024-11-04,5381
2408,南亞科,20,0,20,第一金-員林,2024-11-04,5381
3042,晶技,21,1,20,第一金-員林,2024-11-04,5381
5871,中租-KY,20,0,20,第一金-員林,2024-11-04,5381
6235,華孚,20,0,20,第一金-員林,2024-11-04,5381
8032,光菱,28,9,19,第一金-員林,2024-11-04,5381
2337,旺宏,17,0,17,第一金-員林,2024-11-04,5381
00712,復華富時不動產,18,2,16,第一金-員林,2024-11-04,5381
8936,國統,14,1,13,第一金-員林,2024-11-04,5381
00720B,元大投資級公司債,12,0,12,第一金-員林,2024-11-04,5381
2388,威盛,11,0,11,第一金-員林,2024-11-04,5381
4174,浩鼎,11,0,11,第一金-員林,2024-11-04,5381
4968,立積,10,0,10,第一金-員林,2024-11-04,5381
00942B,台新美A公司債20+,10,0,10,第一金-員林,2024-11-04,5381
2867,三商壽,10,0,10,第一金-員林,2024-11-04,5381
4513,福裕,10,0,10,第一金-員林,2024-11-04,5381
6126,信音,10,0,10,第一金-員林,2024-11-04,5381
6197,佳必琪,9,0,9,第一金-員林,2024-11-04,5381
9921,巨大,11,2,9,第一金-員林,2024-11-04,5381
2495,普安,12,4,8,第一金-員林,2024-11-04,5381
2369,菱生,7,0,7,第一金-員林,2024-11-04,5381
2609,陽明,12,5,7,第一金-員林,2024-11-04,5381
3055,蔚華科,7,0,7,第一金-員林,2024-11-04,5381
3706,神達,7,0,7,第一金-員林,2024-11-04,5381
8059,凱碩,7,0,7,第一金-員林,2024-11-04,5381
2374,佳能,6,0,6,第一金-員林,2024-11-04,5381
2812,台中銀,6,0,6,第一金-員林,2024-11-04,5381
2615,萬海,60,54,6,第一金-員林,2024-11-04,5381
00946,群益科技高息成長,6,1,5,第一金-員林,2024-11-04,5381
00650L,復華香港正2,150,0,150,第一金-員林,2024-11-05,5381
00878,國泰永續高股息,74,2,72,第一金-員林,2024-11-05,5381
00946,群益科技高息成長,53,0,53,第一金-員林,2024-11-05,5381
00919,群益台灣精選高息,53,4,49,第一金-員林,2024-11-05,5381
2883,凱基金,30,1,29,第一金-員林,2024-11-05,5381
2344,華邦電,27,2,25,第一金-員林,2024-11-05,5381
9914,美利達,22,0,22,第一金-員林,2024-11-05,5381
2867,三商壽,21,0,21,第一金-員林,2024-11-05,5381
9802,鈺齊-KY,32,11,21,第一金-員林,2024-11-05,5381
1314,中石化,20,0,20,第一金-員林,2024-11-05,5381
1503,士電,20,0,20,第一金-員林,2024-11-05,5381
4991,環宇-KY,28,12,16,第一金-員林,2024-11-05,5381
5483,中美晶,15,0,15,第一金-員林,2024-11-05,5381
9103,美德醫療-DR,15,0,15,第一金-員林,2024-11-05,5381
2439,美律,26,12,14,第一金-員林,2024-11-05,5381
9921,巨大,13,0,13,第一金-員林,2024-11-05,5381
3711,日月光投控,12,0,12,第一金-員林,2024-11-05,5381
3037,欣興,16,4,12,第一金-員林,2024-11-05,5381
006208,富邦台50,10,0,10,第一金-員林,2024-11-05,5381
00639,富邦深100,10,0,10,第一金-員林,2024-11-05,5381
2431,聯昌,60,50,10,第一金-員林,2024-11-05,5381
4973,廣穎,10,0,10,第一金-員林,2024-11-05,5381
5328,華容,10,0,10,第一金-員林,2024-11-05,5381
8411,福貞-KY,10,0,10,第一金-員林,2024-11-05,5381
6530,創威,33,25,8,第一金-員林,2024-11-05,5381
2303,聯電,25,18,7,第一金-員林,2024-11-05,5381
00752,中信中國50,7,0,7,第一金-員林,2024-11-05,5381
1569,濱川,8,1,7,第一金-員林,2024-11-05,5381
2328,廣宇,13,6,7,第一金-員林,2024-11-05,5381
3704,合勤控,10,3,7,第一金-員林,2024-11-05,5381
6182,合晶,10,3,7,第一金-員林,2024-11-05,5381
9110,越南控-DR,7,0,7,第一金-員林,2024-11-05,5381
00932,兆豐永續高息等權,7,1,6,第一金-員林,2024-11-05,5381
8112,至上,6,0,6,第一金-員林,2024-11-05,5381
00637L,元大滬深300正2,30,25,5,第一金-員林,2024-11-05,5381
3209,全科,15,10,5,第一金-員林,2024-11-05,5381
5243,乙盛-KY,6,1,5,第一金-員林,2024-11-05,5381
0056,元大高股息,5,0,5,第一金-員林,2024-11-05,5381
00712,復華富時不動產,4,0,4,第一金-員林,2024-11-05,5381
1514,亞力,4,0,4,第一金-員林,2024-11-05,5381
2889,國票金,6,2,4,第一金-員林,2024-11-05,5381
6547,高端疫苗,4,0,4,第一金-員林,2024-11-05,5381
8054,安國,6,2,4,第一金-員林,2024-11-05,5381
8089,康全電訊,4,0,4,第一金-員林,2024-11-05,5381
4977,眾達-KY,4,0,4,第一金-員林,2024-11-05,5381
00940,元大台灣價值高息,4,1,3,第一金-員林,2024-11-05,5381
00943,兆豐電子高息等權,3,0,3,第一金-員林,2024-11-05,5381
1597,直得,3,0,3,第一金-員林,2024-11-05,5381
3047,訊舟,5,2,3,第一金-員林,2024-11-05,5381
3257,虹冠電,3,0,3,第一金-員林,2024-11-05,5381
6214,精誠,127,3,124,第一金-員林,2024-11-06,5381
00688L,國泰20年美債正2,114,0,114,第一金-員林,2024-11-06,5381
00687B,國泰20年美債,111,14,97,第一金-員林,2024-11-06,5381
00946,群益科技高息成長,75,0,75,第一金-員林,2024-11-06,5381
00933B,國泰10Y+金融債,50,0,50,第一金-員林,2024-11-06,5381
00680L,元大美債20正2,52,6,46,第一金-員林,2024-11-06,5381
00679B,元大美債20年,50,5,45,第一金-員林,2024-11-06,5381
9914,美利達,38,0,38,第一金-員林,2024-11-06,5381
6104,創惟,31,1,30,第一金-員林,2024-11-06,5381
2303,聯電,32,5,27,第一金-員林,2024-11-06,5381
9921,巨大,24,0,24,第一金-員林,2024-11-06,5381
00878,國泰永續高股息,64,41,23,第一金-員林,2024-11-06,5381
00948B,中信優息投資級債,21,0,21,第一金-員林,2024-11-06,5381
2317,鴻海,42,23,19,第一金-員林,2024-11-06,5381
2419,仲琦,43,25,18,第一金-員林,2024-11-06,5381
1815,富喬,31,13,18,第一金-員林,2024-11-06,5381
3149,正達,19,5,14,第一金-員林,2024-11-06,5381
2834,臺企銀,13,0,13,第一金-員林,2024-11-06,5381
6405,悅城,20,7,13,第一金-員林,2024-11-06,5381
2439,美律,24,12,12,第一金-員林,2024-11-06,5381
2105,正新,11,0,11,第一金-員林,2024-11-06,5381
00713,元大台灣高息低波,10,0,10,第一金-員林,2024-11-06,5381
00942B,台新美A公司債20+,10,0,10,第一金-員林,2024-11-06,5381
2302,麗正,20,10,10,第一金-員林,2024-11-06,5381
2331,精英,10,0,10,第一金-員林,2024-11-06,5381
2385,群光,9,0,9,第一金-員林,2024-11-06,5381
1466,聚隆,9,0,9,第一金-員林,2024-11-06,5381
1727,中華化,9,0,9,第一金-員林,2024-11-06,5381
4908,前鼎,10,1,9,第一金-員林,2024-11-06,5381
2892,第一金,9,0,9,第一金-員林,2024-11-06,5381
006208,富邦台50,9,0,9,第一金-員林,2024-11-06,5381
00636,國泰中國A50,8,0,8,第一金-員林,2024-11-06,5381
00937B,群益ESG投等債20,56,49,7,第一金-員林,2024-11-06,5381
3042,晶技,7,0,7,第一金-員林,2024-11-06,5381
00725B,國泰投資級公司債,7,0,7,第一金-員林,2024-11-06,5381
00934,中信成長高股息,7,0,7,第一金-員林,2024-11-06,5381
2399,映泰,14,7,7,第一金-員林,2024-11-06,5381
6133,金橋,7,0,7,第一金-員林,2024-11-06,5381
9110,越南控-DR,8,1,7,第一金-員林,2024-11-06,5381
00740B,富邦全球投等債,15,9,6,第一金-員林,2024-11-06,5381
00795B,中信美國公債20年,6,0,6,第一金-員林,2024-11-06,5381
00943,兆豐電子高息等權,6,0,6,第一金-員林,2024-11-06,5381
1711,永光,6,0,6,第一金-員林,2024-11-06,5381
2492,華新科,6,0,6,第一金-員林,2024-11-06,5381
2609,陽明,13,7,6,第一金-員林,2024-11-06,5381
6165,浪凡,6,0,6,第一金-員林,2024-11-06,5381
2801,彰銀,6,0,6,第一金-員林,2024-11-06,5381
2344,華邦電,16,11,5,第一金-員林,2024-11-06,5381
1587,吉茂,5,0,5,第一金-員林,2024-11-06,5381
1609,大亞,5,0,5,第一金-員林,2024-11-06,5381
00632R,元大台灣50反1,140,1,139,第一金-員林,2024-11-07,5381
2449,京元電子,164,91,73,第一金-員林,2024-11-07,5381
00887,永豐中國科技50大,154,82,72,第一金-員林,2024-11-07,5381
6288,聯嘉,51,3,48,第一金-員林,2024-11-07,5381
2739,寒舍,46,0,46,第一金-員林,2024-11-07,5381
00943,兆豐電子高息等權,41,0,41,第一金-員林,2024-11-07,5381
00706L,期元大S＆P日圓正2,30,0,30,第一金-員林,2024-11-07,5381
9105,泰金寶-DR,388,359,29,第一金-員林,2024-11-07,5381
00712,復華富時不動產,25,0,25,第一金-員林,2024-11-07,5381
00935,野村臺灣新科技50,20,0,20,第一金-員林,2024-11-07,5381
6156,松上,18,0,18,第一金-員林,2024-11-07,5381
00688L,國泰20年美債正2,13,0,13,第一金-員林,2024-11-07,5381
00680L,元大美債20正2,12,0,12,第一金-員林,2024-11-07,5381
00931B,統一美債20年,12,0,12,第一金-員林,2024-11-07,5381
2520,冠德,20,8,12,第一金-員林,2024-11-07,5381
3167,大量,12,0,12,第一金-員林,2024-11-07,5381
00919,群益台灣精選高息,13,1,12,第一金-員林,2024-11-07,5381
2038,海光,11,0,11,第一金-員林,2024-11-07,5381
00878,國泰永續高股息,20,9,11,第一金-員林,2024-11-07,5381
2365,昆盈,22,11,11,第一金-員林,2024-11-07,5381
2887,台新金,11,0,11,第一金-員林,2024-11-07,5381
2609,陽明,13,3,10,第一金-員林,2024-11-07,5381
1808,潤隆,10,0,10,第一金-員林,2024-11-07,5381
2331,精英,12,2,10,第一金-員林,2024-11-07,5381
3055,蔚華科,10,0,10,第一金-員林,2024-11-07,5381
3141,晶宏,10,0,10,第一金-員林,2024-11-07,5381
2374,佳能,12,2,10,第一金-員林,2024-11-07,5381
2892,第一金,9,0,9,第一金-員林,2024-11-07,5381
3189,景碩,12,3,9,第一金-員林,2024-11-07,5381
9921,巨大,10,1,9,第一金-員林,2024-11-07,5381
4919,新唐,13,4,9,第一金-員林,2024-11-07,5381
9914,美利達,9,0,9,第一金-員林,2024-11-07,5381
1563,巧新,8,0,8,第一金-員林,2024-11-07,5381
1709,和益,8,0,8,第一金-員林,2024-11-07,5381
2014,中鴻,157,149,8,第一金-員林,2024-11-07,5381
2913,農林,8,0,8,第一金-員林,2024-11-07,5381
6190,萬泰科,8,0,8,第一金-員林,2024-11-07,5381
911868,同方友友-DR,26,18,8,第一金-員林,2024-11-07,5381
00930,永豐ESG低碳高息,7,0,7,第一金-員林,2024-11-07,5381
6870,騰雲,7,0,7,第一金-員林,2024-11-07,5381
0051,元大中型100,7,0,7,第一金-員林,2024-11-07,5381
2615,萬海,24,18,6,第一金-員林,2024-11-07,5381
00636,國泰中國A50,6,0,6,第一金-員林,2024-11-07,5381
9110,越南控-DR,6,0,6,第一金-員林,2024-11-07,5381
006208,富邦台50,11,6,5,第一金-員林,2024-11-07,5381
2603,長榮,7,1,6,第一金-員林,2024-11-07,5381
6197,佳必琪,7,2,5,第一金-員林,2024-11-07,5381
6443,元晶,5,0,5,第一金-員林,2024-11-07,5381
6873,泓德能源,9,4,5,第一金-員林,2024-11-07,5381
1560,中砂,6,1,5,第一金-員林,2024-11-07,5381
00632R,元大台灣50反1,609,20,589,第一金-員林,2024-11-08,5381
00753L,中信中國50正2,502,26,476,第一金-員林,2024-11-08,5381
00887,永豐中國科技50大,359,6,353,第一金-員林,2024-11-08,5381
9105,泰金寶-DR,363,214,149,第一金-員林,2024-11-08,5381
2312,金寶,93,10,83,第一金-員林,2024-11-08,5381
6505,台塑化,62,5,57,第一金-員林,2024-11-08,5381
00959B,大華投等美債15Y+,55,0,55,第一金-員林,2024-11-08,5381
2388,威盛,54,4,50,第一金-員林,2024-11-08,5381
5328,華容,47,0,47,第一金-員林,2024-11-08,5381
00878,國泰永續高股息,48,2,46,第一金-員林,2024-11-08,5381
00918,大華優利高填息30,41,0,41,第一金-員林,2024-11-08,5381
3189,景碩,36,2,34,第一金-員林,2024-11-08,5381
2349,錸德,30,0,30,第一金-員林,2024-11-08,5381
2892,第一金,28,1,27,第一金-員林,2024-11-08,5381
5511,德昌,24,1,23,第一金-員林,2024-11-08,5381
00637L,元大滬深300正2,118,96,22,第一金-員林,2024-11-08,5381
2615,萬海,47,25,22,第一金-員林,2024-11-08,5381
9921,巨大,21,0,21,第一金-員林,2024-11-08,5381
2313,華通,26,6,20,第一金-員林,2024-11-08,5381
00943,兆豐電子高息等權,19,0,19,第一金-員林,2024-11-08,5381
6477,安集,20,1,19,第一金-員林,2024-11-08,5381
3704,合勤控,31,14,17,第一金-員林,2024-11-08,5381
6165,浪凡,17,0,17,第一金-員林,2024-11-08,5381
8096,擎亞,30,13,17,第一金-員林,2024-11-08,5381
3481,群創,17,1,16,第一金-員林,2024-11-08,5381
2324,仁寶,30,14,16,第一金-員林,2024-11-08,5381
5452,佶優,17,1,16,第一金-員林,2024-11-08,5381
1815,富喬,14,1,13,第一金-員林,2024-11-08,5381
3374,精材,16,3,13,第一金-員林,2024-11-08,5381
00919,群益台灣精選高息,13,0,13,第一金-員林,2024-11-08,5381
3049,精金,12,0,12,第一金-員林,2024-11-08,5381
3033,威健,11,0,11,第一金-員林,2024-11-08,5381
3149,正達,17,6,11,第一金-員林,2024-11-08,5381
4174,浩鼎,11,0,11,第一金-員林,2024-11-08,5381
4991,環宇-KY,20,9,11,第一金-員林,2024-11-08,5381
8150,南茂,11,0,11,第一金-員林,2024-11-08,5381
00946,群益科技高息成長,14,3,11,第一金-員林,2024-11-08,5381
00945B,凱基美國非投等債,10,0,10,第一金-員林,2024-11-08,5381
6164,華興,10,0,10,第一金-員林,2024-11-08,5381
6179,亞通,10,0,10,第一金-員林,2024-11-08,5381
6532,瑞耘,10,0,10,第一金-員林,2024-11-08,5381
8047,星雲,10,0,10,第一金-員林,2024-11-08,5381
2105,正新,10,1,9,第一金-員林,2024-11-08,5381
5392,能率,10,1,9,第一金-員林,2024-11-08,5381
8249,菱光,9,0,9,第一金-員林,2024-11-08,5381
2101,南港,8,0,8,第一金-員林,2024-11-08,5381
6190,萬泰科,9,1,8,第一金-員林,2024-11-08,5381
3042,晶技,7,0,7,第一金-員林,2024-11-08,5381
2353,宏��,7,0,7,第一金-員林,2024-11-08,5381
2368,金像電,7,0,7,第一金-員林,2024-11-08,5381
2419,仲琦,139,10,129,第一金-員林,2024-11-11,5381
00650L,復華香港正2,100,0,100,第一金-員林,2024-11-11,5381
00915,凱基優選高股息30,55,0,55,第一金-員林,2024-11-11,5381
1815,富喬,55,13,42,第一金-員林,2024-11-11,5381
9921,巨大,39,0,39,第一金-員林,2024-11-11,5381
00878,國泰永續高股息,44,7,37,第一金-員林,2024-11-11,5381
00882,中信中國高股息,31,0,31,第一金-員林,2024-11-11,5381
3706,神達,34,5,29,第一金-員林,2024-11-11,5381
2014,中鴻,30,5,25,第一金-員林,2024-11-11,5381
9914,美利達,24,0,24,第一金-員林,2024-11-11,5381
00637L,元大滬深300正2,70,46,24,第一金-員林,2024-11-11,5381
00655L,國泰中國A50正2,64,41,23,第一金-員林,2024-11-11,5381
6120,達運,20,0,20,第一金-員林,2024-11-11,5381
3303,岱稜,24,6,18,第一金-員林,2024-11-11,5381
2609,陽明,21,4,17,第一金-員林,2024-11-11,5381
2385,群光,17,0,17,第一金-員林,2024-11-11,5381
2646,星宇航空,18,2,16,第一金-員林,2024-11-11,5381
3481,群創,32,17,15,第一金-員林,2024-11-11,5381
0056,元大高股息,27,12,15,第一金-員林,2024-11-11,5381
00918,大華優利高填息30,15,0,15,第一金-員林,2024-11-11,5381
2354,鴻準,27,12,15,第一金-員林,2024-11-11,5381
6269,台郡,14,0,14,第一金-員林,2024-11-11,5381
2834,臺企銀,14,0,14,第一金-員林,2024-11-11,5381
2892,第一金,13,0,13,第一金-員林,2024-11-11,5381
3033,威健,13,0,13,第一金-員林,2024-11-11,5381
006208,富邦台50,12,0,12,第一金-員林,2024-11-11,5381
00887,永豐中國科技50大,14,2,12,第一金-員林,2024-11-11,5381
6283,淳安,15,3,12,第一金-員林,2024-11-11,5381
2337,旺宏,11,0,11,第一金-員林,2024-11-11,5381
2612,中航,11,0,11,第一金-員林,2024-11-11,5381
2883,凱基金,11,0,11,第一金-員林,2024-11-11,5381
5328,華容,11,0,11,第一金-員林,2024-11-11,5381
6165,浪凡,11,0,11,第一金-員林,2024-11-11,5381
6285,啟��,26,15,11,第一金-員林,2024-11-11,5381
9103,美德醫療-DR,11,0,11,第一金-員林,2024-11-11,5381
00633L,富邦上証正2,13,3,10,第一金-員林,2024-11-11,5381
00933B,國泰10Y+金融債,10,0,10,第一金-員林,2024-11-11,5381
1524,耿鼎,20,10,10,第一金-員林,2024-11-11,5381
1711,永光,10,0,10,第一金-員林,2024-11-11,5381
2303,聯電,11,1,10,第一金-員林,2024-11-11,5381
2477,美隆電,10,0,10,第一金-員林,2024-11-11,5381
2605,新興,10,0,10,第一金-員林,2024-11-11,5381
3047,訊舟,36,26,10,第一金-員林,2024-11-11,5381
4973,廣穎,10,0,10,第一金-員林,2024-11-11,5381
3189,景碩,10,1,9,第一金-員林,2024-11-11,5381
2409,友達,9,0,9,第一金-員林,2024-11-11,5381
5871,中租-KY,8,0,8,第一金-員林,2024-11-11,5381
00930,永豐ESG低碳高息,10,2,8,第一金-員林,2024-11-11,5381
2882,國泰金,8,0,8,第一金-員林,2024-11-11,5381
2317,鴻海,15,7,8,第一金-員林,2024-11-11,5381
9105,泰金寶-DR,378,202,176,第一金-員林,2024-11-12,5381
00650L,復華香港正2,130,0,130,第一金-員林,2024-11-12,5381
00878,國泰永續高股息,122,3,119,第一金-員林,2024-11-12,5381
3706,神達,343,231,112,第一金-員林,2024-11-12,5381
2356,英業達,99,27,72,第一金-員林,2024-11-12,5381
5014,建錩,64,0,64,第一金-員林,2024-11-12,5381
1314,中石化,55,0,55,第一金-員林,2024-11-12,5381
0056,元大高股息,53,0,53,第一金-員林,2024-11-12,5381
00753L,中信中國50正2,50,0,50,第一金-員林,2024-11-12,5381
9921,巨大,48,0,48,第一金-員林,2024-11-12,5381
2317,鴻海,51,6,45,第一金-員林,2024-11-12,5381
6220,岳豐,40,0,40,第一金-員林,2024-11-12,5381
2892,第一金,40,0,40,第一金-員林,2024-11-12,5381
3481,群創,36,0,36,第一金-員林,2024-11-12,5381
5871,中租-KY,43,10,33,第一金-員林,2024-11-12,5381
00637L,元大滬深300正2,57,24,33,第一金-員林,2024-11-12,5381
00934,中信成長高股息,32,0,32,第一金-員林,2024-11-12,5381
3712,永崴投控,31,0,31,第一金-員林,2024-11-12,5381
2409,友達,32,2,30,第一金-員林,2024-11-12,5381
2887,台新金,28,0,28,第一金-員林,2024-11-12,5381
2605,新興,27,0,27,第一金-員林,2024-11-12,5381
00713,元大台灣高息低波,26,0,26,第一金-員林,2024-11-12,5381
2353,宏��,25,0,25,第一金-員林,2024-11-12,5381
00919,群益台灣精選高息,23,0,23,第一金-員林,2024-11-12,5381
3149,正達,23,1,22,第一金-員林,2024-11-12,5381
1815,富喬,25,4,21,第一金-員林,2024-11-12,5381
2302,麗正,20,0,20,第一金-員林,2024-11-12,5381
6179,亞通,20,0,20,第一金-員林,2024-11-12,5381
6761,穩得,20,0,20,第一金-員林,2024-11-12,5381
00915,凱基優選高股息30,20,0,20,第一金-員林,2024-11-12,5381
00940,元大台灣價值高息,22,5,17,第一金-員林,2024-11-12,5381
2301,光寶科,17,1,16,第一金-員林,2024-11-12,5381
006208,富邦台50,18,2,16,第一金-員林,2024-11-12,5381
2882,國泰金,15,0,15,第一金-員林,2024-11-12,5381
9910,豐泰,14,0,14,第一金-員林,2024-11-12,5381
9110,越南控-DR,14,0,14,第一金-員林,2024-11-12,5381
2439,美律,26,13,13,第一金-員林,2024-11-12,5381
00905,FT臺灣Smart,12,0,12,第一金-員林,2024-11-12,5381
2002,中鋼,11,0,11,第一金-員林,2024-11-12,5381
00715L,期街口布蘭特正2,11,0,11,第一金-員林,2024-11-12,5381
1905,華紙,11,0,11,第一金-員林,2024-11-12,5381
4908,前鼎,11,0,11,第一金-員林,2024-11-12,5381
5398,慕康生醫,11,0,11,第一金-員林,2024-11-12,5381
9935,慶豐富,11,0,11,第一金-員林,2024-11-12,5381
6269,台郡,10,0,10,第一金-員林,2024-11-12,5381
00752,中信中國50,10,0,10,第一金-員林,2024-11-12,5381
1440,南紡,10,0,10,第一金-員林,2024-11-12,5381
2402,毅嘉,10,0,10,第一金-員林,2024-11-12,5381
2834,臺企銀,12,2,10,第一金-員林,2024-11-12,5381
2913,農林,10,0,10,第一金-員林,2024-11-12,5381
00671R,富邦NASDAQ反1,295,0,295,第一金-員林,2024-11-13,5381
00688L,國泰20年美債正2,108,0,108,第一金-員林,2024-11-13,5381
2852,第一保,79,0,79,第一金-員林,2024-11-13,5381
00878,國泰永續高股息,83,8,75,第一金-員林,2024-11-13,5381
2801,彰銀,54,0,54,第一金-員林,2024-11-13,5381
00753L,中信中國50正2,52,0,52,第一金-員林,2024-11-13,5381
2449,京元電子,54,3,51,第一金-員林,2024-11-13,5381
2444,兆勁,50,0,50,第一金-員林,2024-11-13,5381
2834,臺企銀,44,0,44,第一金-員林,2024-11-13,5381
00665L,富邦�琤肭磪囓�2,120,80,40,第一金-員林,2024-11-13,5381
3189,景碩,35,4,31,第一金-員林,2024-11-13,5381
2105,正新,31,1,30,第一金-員林,2024-11-13,5381
00679B,元大美債20年,36,7,29,第一金-員林,2024-11-13,5381
5871,中租-KY,30,3,27,第一金-員林,2024-11-13,5381
0056,元大高股息,24,0,24,第一金-員林,2024-11-13,5381
00919,群益台灣精選高息,24,0,24,第一金-員林,2024-11-13,5381
2312,金寶,66,45,21,第一金-員林,2024-11-13,5381
6505,台塑化,21,0,21,第一金-員林,2024-11-13,5381
3576,聯合再生,21,0,21,第一金-員林,2024-11-13,5381
2014,中鴻,20,0,20,第一金-員林,2024-11-13,5381
2892,第一金,18,0,18,第一金-員林,2024-11-13,5381
2520,冠德,18,0,18,第一金-員林,2024-11-13,5381
3149,正達,18,0,18,第一金-員林,2024-11-13,5381
3049,精金,20,3,17,第一金-員林,2024-11-13,5381
2887,台新金,16,0,16,第一金-員林,2024-11-13,5381
2891,中信金,15,0,15,第一金-員林,2024-11-13,5381
1326,台化,15,0,15,第一金-員林,2024-11-13,5381
6530,創威,15,1,14,第一金-員林,2024-11-13,5381
9914,美利達,14,0,14,第一金-員林,2024-11-13,5381
1301,台塑,12,0,12,第一金-員林,2024-11-13,5381
00725B,國泰投資級公司債,12,0,12,第一金-員林,2024-11-13,5381
4569,六方科-KY,12,0,12,第一金-員林,2024-11-13,5381
2615,萬海,27,16,11,第一金-員林,2024-11-13,5381
00706L,期元大S＆P日圓正2,11,0,11,第一金-員林,2024-11-13,5381
6163,華電網,12,1,11,第一金-員林,2024-11-13,5381
006208,富邦台50,11,0,11,第一金-員林,2024-11-13,5381
9921,巨大,11,0,11,第一金-員林,2024-11-13,5381
6658,聯策,11,1,10,第一金-員林,2024-11-13,5381
00942B,台新美A公司債20+,10,0,10,第一金-員林,2024-11-13,5381
00957B,兆豐US優選投等債,10,0,10,第一金-員林,2024-11-13,5381
1503,士電,10,0,10,第一金-員林,2024-11-13,5381
4532,瑞智,10,0,10,第一金-員林,2024-11-13,5381
6129,普誠,10,0,10,第一金-員林,2024-11-13,5381
6246,臺龍,10,0,10,第一金-員林,2024-11-13,5381
8032,光菱,13,3,10,第一金-員林,2024-11-13,5381
00915,凱基優選高股息30,38,28,10,第一金-員林,2024-11-13,5381
2882,國泰金,10,0,10,第一金-員林,2024-11-13,5381
00882,中信中國高股息,9,0,9,第一金-員林,2024-11-13,5381
2327,國巨,10,1,9,第一金-員林,2024-11-13,5381
3036,文曄,11,2,9,第一金-員林,2024-11-13,5381
00878,國泰永續高股息,172,11,161,第一金-員林,2024-11-14,5381
00929,復華台灣科技優息,108,26,82,第一金-員林,2024-11-14,5381
00642U,期元大S＆P石油,60,0,60,第一金-員林,2024-11-14,5381
0056,元大高股息,60,3,57,第一金-員林,2024-11-14,5381
3231,緯創,71,16,55,第一金-員林,2024-11-14,5381
2609,陽明,58,3,55,第一金-員林,2024-11-14,5381
00680L,元大美債20正2,38,0,38,第一金-員林,2024-11-14,5381
2892,第一金,31,0,31,第一金-員林,2024-11-14,5381
00712,復華富時不動產,25,0,25,第一金-員林,2024-11-14,5381
2329,華泰,24,0,24,第一金-員林,2024-11-14,5381
00943,兆豐電子高息等權,38,16,22,第一金-員林,2024-11-14,5381
2883B,凱基金乙特,20,0,20,第一金-員林,2024-11-14,5381
00919,群益台灣精選高息,33,13,20,第一金-員林,2024-11-14,5381
2303,聯電,17,0,17,第一金-員林,2024-11-14,5381
2646,星宇航空,19,3,16,第一金-員林,2024-11-14,5381
00679B,元大美債20年,15,0,15,第一金-員林,2024-11-14,5381
3481,群創,25,10,15,第一金-員林,2024-11-14,5381
00688L,國泰20年美債正2,14,0,14,第一金-員林,2024-11-14,5381
00918,大華優利高填息30,16,2,14,第一金-員林,2024-11-14,5381
2317,鴻海,23,9,14,第一金-員林,2024-11-14,5381
5871,中租-KY,14,0,14,第一金-員林,2024-11-14,5381
1301,台塑,18,6,12,第一金-員林,2024-11-14,5381
1708,東鹼,12,0,12,第一金-員林,2024-11-14,5381
2014,中鴻,11,0,11,第一金-員林,2024-11-14,5381
2392,正崴,32,21,11,第一金-員林,2024-11-14,5381
2409,友達,10,0,10,第一金-員林,2024-11-14,5381
2887,台新金,10,0,10,第一金-員林,2024-11-14,5381
4707,磐亞,10,0,10,第一金-員林,2024-11-14,5381
6505,台塑化,19,9,10,第一金-員林,2024-11-14,5381
00706L,期元大S＆P日圓正2,10,0,10,第一金-員林,2024-11-14,5381
00752,中信中國50,10,0,10,第一金-員林,2024-11-14,5381
1309,台達化,10,0,10,第一金-員林,2024-11-14,5381
1528,恩德,11,1,10,第一金-員林,2024-11-14,5381
1710,東聯,10,0,10,第一金-員林,2024-11-14,5381
2316,楠梓電,10,0,10,第一金-員林,2024-11-14,5381
2495,普安,12,2,10,第一金-員林,2024-11-14,5381
3149,正達,10,0,10,第一金-員林,2024-11-14,5381
4526,東台,10,0,10,第一金-員林,2024-11-14,5381
5347,世界,10,0,10,第一金-員林,2024-11-14,5381
5351,鈺創,10,0,10,第一金-員林,2024-11-14,5381
00915,凱基優選高股息30,13,3,10,第一金-員林,2024-11-14,5381
8227,巨有科技,9,0,9,第一金-員林,2024-11-14,5381
00934,中信成長高股息,8,0,8,第一金-員林,2024-11-14,5381
8064,東捷,13,5,8,第一金-員林,2024-11-14,5381
1432,大魯閣,8,0,8,第一金-員林,2024-11-14,5381
1201,味全,8,0,8,第一金-員林,2024-11-14,5381
2354,鴻準,17,10,7,第一金-員林,2024-11-14,5381
2330,台積電,9,2,7,第一金-員林,2024-11-14,5381
2408,南亞科,15,8,7,第一金-員林,2024-11-14,5381
1314,中石化,7,0,7,第一金-員林,2024-11-14,5381
00878,國泰永續高股息,148,2,146,第一金-員林,2024-11-15,5381
1304,台聚,126,0,126,第一金-員林,2024-11-15,5381
00887,永豐中國科技50大,100,0,100,第一金-員林,2024-11-15,5381
2646,星宇航空,63,18,45,第一金-員林,2024-11-15,5381
2317,鴻海,50,10,40,第一金-員林,2024-11-15,5381
2376,技嘉,33,0,33,第一金-員林,2024-11-15,5381
2351,順德,32,1,31,第一金-員林,2024-11-15,5381
6505,台塑化,27,0,27,第一金-員林,2024-11-15,5381
00918,大華優利高填息30,25,0,25,第一金-員林,2024-11-15,5381
3338,泰碩,30,5,25,第一金-員林,2024-11-15,5381
1708,東鹼,23,0,23,第一金-員林,2024-11-15,5381
00932,兆豐永續高息等權,20,0,20,第一金-員林,2024-11-15,5381
00943,兆豐電子高息等權,20,0,20,第一金-員林,2024-11-15,5381
2354,鴻準,64,45,19,第一金-員林,2024-11-15,5381
5871,中租-KY,23,5,18,第一金-員林,2024-11-15,5381
3202,樺晟,21,3,18,第一金-員林,2024-11-15,5381
2303,聯電,18,1,17,第一金-員林,2024-11-15,5381
0056,元大高股息,16,0,16,第一金-員林,2024-11-15,5381
3447,展達,15,0,15,第一金-員林,2024-11-15,5381
8249,菱光,15,0,15,第一金-員林,2024-11-15,5381
2382,廣達,18,3,15,第一金-員林,2024-11-15,5381
8929,富堡,13,0,13,第一金-員林,2024-11-15,5381
006208,富邦台50,13,0,13,第一金-員林,2024-11-15,5381
00712,復華富時不動產,11,0,11,第一金-員林,2024-11-15,5381
2464,盟立,30,19,11,第一金-員林,2024-11-15,5381
00679B,元大美債20年,21,11,10,第一金-員林,2024-11-15,5381
00633L,富邦上証正2,10,0,10,第一金-員林,2024-11-15,5381
00655L,國泰中國A50正2,10,0,10,第一金-員林,2024-11-15,5381
00937B,群益ESG投等債20,10,0,10,第一金-員林,2024-11-15,5381
1303,南亞,10,0,10,第一金-員林,2024-11-15,5381
2324,仁寶,32,22,10,第一金-員林,2024-11-15,5381
2880,華南金,10,0,10,第一金-員林,2024-11-15,5381
6190,萬泰科,13,3,10,第一金-員林,2024-11-15,5381
00891,中信關鍵半導體,10,1,9,第一金-員林,2024-11-15,5381
00637L,元大滬深300正2,21,12,9,第一金-員林,2024-11-15,5381
1336,台翰,9,0,9,第一金-員林,2024-11-15,5381
2495,普安,9,0,9,第一金-員林,2024-11-15,5381
1528,恩德,11,3,8,第一金-員林,2024-11-15,5381
2867,三商壽,8,0,8,第一金-員林,2024-11-15,5381
4162,智擎,10,2,8,第一金-員林,2024-11-15,5381
3231,緯創,16,8,8,第一金-員林,2024-11-15,5381
2204,中華,10,3,7,第一金-員林,2024-11-15,5381
1808,潤隆,7,0,7,第一金-員林,2024-11-15,5381
00665L,富邦�琤肭磪囓�2,7,0,7,第一金-員林,2024-11-15,5381
2520,冠德,11,4,7,第一金-員林,2024-11-15,5381
6509,聚和,7,0,7,第一金-員林,2024-11-15,5381
00731,復華富時高息低波,6,0,6,第一金-員林,2024-11-15,5381
2104,國際中橡,6,0,6,第一金-員林,2024-11-15,5381
2413,環科,6,0,6,第一金-員林,2024-11-15,5381
00933B,國泰10Y+金融債,5,0,5,第一金-員林,2024-11-15,5381
9105,泰金寶-DR,435,266,169,第一金-員林,2024-11-18,5381
00878,國泰永續高股息,169,13,156,第一金-員林,2024-11-18,5381
2354,鴻準,231,120,111,第一金-員林,2024-11-18,5381
1338,廣華-KY,81,0,81,第一金-員林,2024-11-18,5381
2312,金寶,87,24,63,第一金-員林,2024-11-18,5381
00929,復華台灣科技優息,85,26,59,第一金-員林,2024-11-18,5381
0056,元大高股息,49,0,49,第一金-員林,2024-11-18,5381
3712,永崴投控,33,0,33,第一金-員林,2024-11-18,5381
2376,技嘉,27,0,27,第一金-員林,2024-11-18,5381
3706,神達,45,18,27,第一金-員林,2024-11-18,5381
00687B,國泰20年美債,33,10,23,第一金-員林,2024-11-18,5381
00932,兆豐永續高息等權,21,0,21,第一金-員林,2024-11-18,5381
6531,愛普*,21,0,21,第一金-員林,2024-11-18,5381
3189,景碩,20,0,20,第一金-員林,2024-11-18,5381
00633L,富邦上証正2,20,0,20,第一金-員林,2024-11-18,5381
2303,聯電,18,2,16,第一金-員林,2024-11-18,5381
3005,神基,16,0,16,第一金-員林,2024-11-18,5381
2388,威盛,15,0,15,第一金-員林,2024-11-18,5381
1301,台塑,26,11,15,第一金-員林,2024-11-18,5381
2646,星宇航空,13,0,13,第一金-員林,2024-11-18,5381
006208,富邦台50,13,0,13,第一金-員林,2024-11-18,5381
1513,中興電,12,0,12,第一金-員林,2024-11-18,5381
1909,榮成,12,0,12,第一金-員林,2024-11-18,5381
2356,英業達,27,15,12,第一金-員林,2024-11-18,5381
00919,群益台灣精選高息,12,0,12,第一金-員林,2024-11-18,5381
00713,元大台灣高息低波,11,0,11,第一金-員林,2024-11-18,5381
00679B,元大美債20年,11,0,11,第一金-員林,2024-11-18,5381
00650L,復華香港正2,10,0,10,第一金-員林,2024-11-18,5381
00680L,元大美債20正2,10,0,10,第一金-員林,2024-11-18,5381
00665L,富邦�琤肭磪囓�2,57,47,10,第一金-員林,2024-11-18,5381
1314,中石化,10,0,10,第一金-員林,2024-11-18,5381
2034,允強,10,0,10,第一金-員林,2024-11-18,5381
2609,陽明,15,5,10,第一金-員林,2024-11-18,5381
6142,友勁,10,0,10,第一金-員林,2024-11-18,5381
9904,寶成,12,2,10,第一金-員林,2024-11-18,5381
00934,中信成長高股息,9,0,9,第一金-員林,2024-11-18,5381
2409,友達,10,1,9,第一金-員林,2024-11-18,5381
4430,耀億,10,1,9,第一金-員林,2024-11-18,5381
1785,光洋科,8,0,8,第一金-員林,2024-11-18,5381
1519,華城,11,3,8,第一金-員林,2024-11-18,5381
6706,惠特,8,0,8,第一金-員林,2024-11-18,5381
1326,台化,16,8,8,第一金-員林,2024-11-18,5381
1101,台泥,12,4,8,第一金-員林,2024-11-18,5381
2881,富邦金,7,0,7,第一金-員林,2024-11-18,5381
2351,順德,11,4,7,第一金-員林,2024-11-18,5381
3090,日電貿,20,13,7,第一金-員林,2024-11-18,5381
4714,永捷,7,0,7,第一金-員林,2024-11-18,5381
8044,網家,20,13,7,第一金-員林,2024-11-18,5381
8929,富堡,8,1,7,第一金-員林,2024-11-18,5381
00915,凱基優選高股息30,8,1,7,第一金-員林,2024-11-18,5381
2444,兆勁,95,0,95,第一金-員林,2024-11-19,5381
2884,玉山金,57,0,57,第一金-員林,2024-11-19,5381
2888,新光金,55,13,42,第一金-員林,2024-11-19,5381
00637L,元大滬深300正2,40,0,40,第一金-員林,2024-11-19,5381
00878,國泰永續高股息,36,1,35,第一金-員林,2024-11-19,5381
3712,永崴投控,33,0,33,第一金-員林,2024-11-19,5381
2317,鴻海,38,6,32,第一金-員林,2024-11-19,5381
00929,復華台灣科技優息,53,27,26,第一金-員林,2024-11-19,5381
3005,神基,26,1,25,第一金-員林,2024-11-19,5381
00655L,國泰中國A50正2,25,0,25,第一金-員林,2024-11-19,5381
00633L,富邦上証正2,21,0,21,第一金-員林,2024-11-19,5381
2327,國巨,21,1,20,第一金-員林,2024-11-19,5381
00885,富邦越南,20,0,20,第一金-員林,2024-11-19,5381
2492,華新科,20,0,20,第一金-員林,2024-11-19,5381
6531,愛普*,20,0,20,第一金-員林,2024-11-19,5381
2464,盟立,19,1,18,第一金-員林,2024-11-19,5381
00665L,富邦�琤肭磪囓�2,47,30,17,第一金-員林,2024-11-19,5381
5443,均豪,19,2,17,第一金-員林,2024-11-19,5381
3665,貿聯-KY,30,14,16,第一金-員林,2024-11-19,5381
00937B,群益ESG投等債20,25,10,15,第一金-員林,2024-11-19,5381
00650L,復華香港正2,15,0,15,第一金-員林,2024-11-19,5381
3090,日電貿,15,0,15,第一金-員林,2024-11-19,5381
9921,巨大,14,0,14,第一金-員林,2024-11-19,5381
00887,永豐中國科技50大,13,0,13,第一金-員林,2024-11-19,5381
3015,全漢,15,2,13,第一金-員林,2024-11-19,5381
6246,臺龍,13,0,13,第一金-員林,2024-11-19,5381
2641,正德,12,0,12,第一金-員林,2024-11-19,5381
2883,凱基金,11,0,11,第一金-員林,2024-11-19,5381
2303,聯電,14,3,11,第一金-員林,2024-11-19,5381
00961,FT臺灣永續高息,10,0,10,第一金-員林,2024-11-19,5381
3011,今皓,10,0,10,第一金-員林,2024-11-19,5381
3702,大聯大,10,0,10,第一金-員林,2024-11-19,5381
4542,科嶠,10,0,10,第一金-員林,2024-11-19,5381
8016,矽創,10,0,10,第一金-員林,2024-11-19,5381
8064,東捷,11,2,9,第一金-員林,2024-11-19,5381
2356,英業達,10,2,8,第一金-員林,2024-11-19,5381
3317,尼克森,8,0,8,第一金-員林,2024-11-19,5381
5351,鈺創,8,0,8,第一金-員林,2024-11-19,5381
00632R,元大台灣50反1,6,0,6,第一金-員林,2024-11-19,5381
1524,耿鼎,6,0,6,第一金-員林,2024-11-19,5381
2520,冠德,11,5,6,第一金-員林,2024-11-19,5381
5210,寶碩,6,0,6,第一金-員林,2024-11-19,5381
9110,越南控-DR,6,0,6,第一金-員林,2024-11-19,5381
2392,正崴,22,16,6,第一金-員林,2024-11-19,5381
0056,元大高股息,8,2,6,第一金-員林,2024-11-19,5381
00934,中信成長高股息,5,0,5,第一金-員林,2024-11-19,5381
00687B,國泰20年美債,5,0,5,第一金-員林,2024-11-19,5381
1440,南紡,5,0,5,第一金-員林,2024-11-19,5381
2408,南亞科,5,0,5,第一金-員林,2024-11-19,5381
2891,中信金,12,7,5,第一金-員林,2024-11-19,5381
00878,國泰永續高股息,66,1,65,第一金-員林,2024-11-20,5381
9105,泰金寶-DR,305,245,60,第一金-員林,2024-11-20,5381
0056,元大高股息,41,0,41,第一金-員林,2024-11-20,5381
3712,永崴投控,31,0,31,第一金-員林,2024-11-20,5381
2351,順德,31,1,30,第一金-員林,2024-11-20,5381
2312,金寶,37,9,28,第一金-員林,2024-11-20,5381
3481,群創,32,6,26,第一金-員林,2024-11-20,5381
6505,台塑化,37,12,25,第一金-員林,2024-11-20,5381
00929,復華台灣科技優息,47,26,21,第一金-員林,2024-11-20,5381
2851,中再保,20,0,20,第一金-員林,2024-11-20,5381
3032,偉訓,22,2,20,第一金-員林,2024-11-20,5381
2449,京元電子,21,3,18,第一金-員林,2024-11-20,5381
1815,富喬,22,5,17,第一金-員林,2024-11-20,5381
3024,憶聲,18,1,17,第一金-員林,2024-11-20,5381
2105,正新,22,7,15,第一金-員林,2024-11-20,5381
2356,英業達,28,14,14,第一金-員林,2024-11-20,5381
2327,國巨,13,0,13,第一金-員林,2024-11-20,5381
3049,精金,13,0,13,第一金-員林,2024-11-20,5381
2303,聯電,12,0,12,第一金-員林,2024-11-20,5381
2332,友訊,28,16,12,第一金-員林,2024-11-20,5381
2408,南亞科,17,5,12,第一金-員林,2024-11-20,5381
9103,美德醫療-DR,12,0,12,第一金-員林,2024-11-20,5381
2883,凱基金,25,14,11,第一金-員林,2024-11-20,5381
3447,展達,16,5,11,第一金-員林,2024-11-20,5381
5871,中租-KY,10,0,10,第一金-員林,2024-11-20,5381
1460,宏遠,10,0,10,第一金-員林,2024-11-20,5381
1528,恩德,10,0,10,第一金-員林,2024-11-20,5381
1802,台玻,10,0,10,第一金-員林,2024-11-20,5381
2409,友達,10,0,10,第一金-員林,2024-11-20,5381
3090,日電貿,10,0,10,第一金-員林,2024-11-20,5381
6166,凌華,10,0,10,第一金-員林,2024-11-20,5381
1301,台塑,11,2,9,第一金-員林,2024-11-20,5381
2495,普安,10,1,9,第一金-員林,2024-11-20,5381
3019,亞光,11,2,9,第一金-員林,2024-11-20,5381
5351,鈺創,9,0,9,第一金-員林,2024-11-20,5381
5465,富驊,9,0,9,第一金-員林,2024-11-20,5381
00930,永豐ESG低碳高息,8,0,8,第一金-員林,2024-11-20,5381
2349,錸德,41,33,8,第一金-員林,2024-11-20,5381
2317,鴻海,16,9,7,第一金-員林,2024-11-20,5381
00731,復華富時高息低波,7,0,7,第一金-員林,2024-11-20,5381
2646,星宇航空,7,0,7,第一金-員林,2024-11-20,5381
6005,群益證,8,1,7,第一金-員林,2024-11-20,5381
3006,晶豪科,6,0,6,第一金-員林,2024-11-20,5381
1326,台化,6,0,6,第一金-員林,2024-11-20,5381
1524,耿鼎,6,0,6,第一金-員林,2024-11-20,5381
00713,元大台灣高息低波,8,2,6,第一金-員林,2024-11-20,5381
006208,富邦台50,5,0,5,第一金-員林,2024-11-20,5381
1519,華城,6,1,5,第一金-員林,2024-11-20,5381
3715,定穎投控,5,0,5,第一金-員林,2024-11-20,5381
1336,台翰,5,0,5,第一金-員林,2024-11-20,5381
00878,國泰永續高股息,57,3,54,第一金-員林,2024-11-21,5381
3597,映興,32,0,32,第一金-員林,2024-11-21,5381
00929,復華台灣科技優息,35,4,31,第一金-員林,2024-11-21,5381
1802,台玻,32,1,31,第一金-員林,2024-11-21,5381
5225,東科-KY,30,0,30,第一金-員林,2024-11-21,5381
2883,凱基金,28,0,28,第一金-員林,2024-11-21,5381
00687B,國泰20年美債,25,1,24,第一金-員林,2024-11-21,5381
5880,合庫金,20,0,20,第一金-員林,2024-11-21,5381
2303,聯電,21,2,19,第一金-員林,2024-11-21,5381
2442,新美齊,17,0,17,第一金-員林,2024-11-21,5381
2881,富邦金,16,0,16,第一金-員林,2024-11-21,5381
00631L,元大台灣50正2,17,1,16,第一金-員林,2024-11-21,5381
3712,永崴投控,16,1,15,第一金-員林,2024-11-21,5381
0056,元大高股息,20,7,13,第一金-員林,2024-11-21,5381
2002,中鋼,13,0,13,第一金-員林,2024-11-21,5381
8104,錸寶,36,24,12,第一金-員林,2024-11-21,5381
6005,群益證,11,0,11,第一金-員林,2024-11-21,5381
2317,鴻海,15,5,10,第一金-員林,2024-11-21,5381
00940,元大台灣價值高息,11,1,10,第一金-員林,2024-11-21,5381
2034,允強,10,0,10,第一金-員林,2024-11-21,5381
2201,裕隆,10,0,10,第一金-員林,2024-11-21,5381
2514,龍邦,10,0,10,第一金-員林,2024-11-21,5381
3005,神基,10,0,10,第一金-員林,2024-11-21,5381
1519,華城,9,0,9,第一金-員林,2024-11-21,5381
2477,美隆電,10,1,9,第一金-員林,2024-11-21,5381
006208,富邦台50,8,0,8,第一金-員林,2024-11-21,5381
00943,兆豐電子高息等權,10,2,8,第一金-員林,2024-11-21,5381
1326,台化,8,0,8,第一金-員林,2024-11-21,5381
2428,興勤,8,0,8,第一金-員林,2024-11-21,5381
00881,國泰台灣5G+,7,0,7,第一金-員林,2024-11-21,5381
2520,冠德,9,2,7,第一金-員林,2024-11-21,5381
2615,萬海,30,23,7,第一金-員林,2024-11-21,5381
2646,星宇航空,11,4,7,第一金-員林,2024-11-21,5381
3702,大聯大,7,0,7,第一金-員林,2024-11-21,5381
0050,元大台灣50,6,0,6,第一金-員林,2024-11-21,5381
00713,元大台灣高息低波,6,0,6,第一金-員林,2024-11-21,5381
3447,展達,8,2,6,第一金-員林,2024-11-21,5381
9939,宏全,6,0,6,第一金-員林,2024-11-21,5381
3049,精金,6,0,6,第一金-員林,2024-11-21,5381
2332,友訊,7,1,6,第一金-員林,2024-11-21,5381
3290,東浦,8,2,6,第一金-員林,2024-11-21,5381
2890,永豐金,5,0,5,第一金-員林,2024-11-21,5381
1736,喬山,5,0,5,第一金-員林,2024-11-21,5381
3228,金麗科,5,0,5,第一金-員林,2024-11-21,5381
8466,美吉吉-KY,5,0,5,第一金-員林,2024-11-21,5381
00919,群益台灣精選高息,10,5,5,第一金-員林,2024-11-21,5381
2353,宏��,4,0,4,第一金-員林,2024-11-21,5381
00731,復華富時高息低波,4,0,4,第一金-員林,2024-11-21,5381
00688L,國泰20年美債正2,4,0,4,第一金-員林,2024-11-21,5381
2344,華邦電,5,1,4,第一金-員林,2024-11-21,5381
00878,國泰永續高股息,279,102,177,第一金-員林,2024-11-22,5381
9105,泰金寶-DR,539,368,171,第一金-員林,2024-11-22,5381
2351,順德,150,0,150,第一金-員林,2024-11-22,5381
2609,陽明,112,48,64,第一金-員林,2024-11-22,5381
00650L,復華香港正2,50,0,50,第一金-員林,2024-11-22,5381
00919,群益台灣精選高息,36,3,33,第一金-員林,2024-11-22,5381
00680L,元大美債20正2,22,0,22,第一金-員林,2024-11-22,5381
6438,迅得,50,28,22,第一金-員林,2024-11-22,5381
00753L,中信中國50正2,21,0,21,第一金-員林,2024-11-22,5381
6288,聯嘉,31,10,21,第一金-員林,2024-11-22,5381
00943,兆豐電子高息等權,19,0,19,第一金-員林,2024-11-22,5381
2867,三商壽,19,0,19,第一金-員林,2024-11-22,5381
2409,友達,18,0,18,第一金-員林,2024-11-22,5381
2356,英業達,26,11,15,第一金-員林,2024-11-22,5381
5014,建錩,14,0,14,第一金-員林,2024-11-22,5381
6558,興能高,33,22,11,第一金-員林,2024-11-22,5381
3323,加百裕,45,34,11,第一金-員林,2024-11-22,5381
3040,遠見,10,0,10,第一金-員林,2024-11-22,5381
2312,金寶,647,638,9,第一金-員林,2024-11-22,5381
3030,德律,10,1,9,第一金-員林,2024-11-22,5381
6257,矽格,11,2,9,第一金-員林,2024-11-22,5381
2105,正新,8,0,8,第一金-員林,2024-11-22,5381
2615,萬海,25,17,8,第一金-員林,2024-11-22,5381
00930,永豐ESG低碳高息,7,0,7,第一金-員林,2024-11-22,5381
2442,新美齊,7,0,7,第一金-員林,2024-11-22,5381
3149,正達,8,1,7,第一金-員林,2024-11-22,5381
6143,振曜,8,1,7,第一金-員林,2024-11-22,5381
1301,台塑,6,0,6,第一金-員林,2024-11-22,5381
1735,日勝化,6,0,6,第一金-員林,2024-11-22,5381
2316,楠梓電,6,0,6,第一金-員林,2024-11-22,5381
2890,永豐金,6,0,6,第一金-員林,2024-11-22,5381
1220,台榮,5,0,5,第一金-員林,2024-11-22,5381
1587,吉茂,5,0,5,第一金-員林,2024-11-22,5381
2034,允強,5,0,5,第一金-員林,2024-11-22,5381
2889,國票金,5,0,5,第一金-員林,2024-11-22,5381
3511,矽瑪,26,21,5,第一金-員林,2024-11-22,5381
5328,華容,5,0,5,第一金-員林,2024-11-22,5381
6757,台灣虎航,6,1,5,第一金-員林,2024-11-22,5381
9110,越南控-DR,5,0,5,第一金-員林,2024-11-22,5381
2317,鴻海,7,2,5,第一金-員林,2024-11-22,5381
2303,聯電,8,3,5,第一金-員林,2024-11-22,5381
3450,聯鈞,8,4,4,第一金-員林,2024-11-22,5381
2383,台光電,5,1,4,第一金-員林,2024-11-22,5381
3702,大聯大,4,0,4,第一金-員林,2024-11-22,5381
00637L,元大滬深300正2,4,0,4,第一金-員林,2024-11-22,5381
2101,南港,4,0,4,第一金-員林,2024-11-22,5381
2313,華通,8,4,4,第一金-員林,2024-11-22,5381
2883,凱基金,5,1,4,第一金-員林,2024-11-22,5381
3027,盛達,8,4,4,第一金-員林,2024-11-22,5381
3095,及成,4,0,4,第一金-員林,2024-11-22,5381
9105,泰金寶-DR,627,368,259,第一金-員林,2024-11-25,5381
00919,群益台灣精選高息,87,0,87,第一金-員林,2024-11-25,5381
00943,兆豐電子高息等權,45,2,43,第一金-員林,2024-11-25,5381
5465,富驊,33,1,32,第一金-員林,2024-11-25,5381
00753L,中信中國50正2,30,0,30,第一金-員林,2024-11-25,5381
5880,合庫金,30,0,30,第一金-員林,2024-11-25,5381
1301,台塑,22,0,22,第一金-員林,2024-11-25,5381
1303,南亞,21,0,21,第一金-員林,2024-11-25,5381
2371,大同,28,8,20,第一金-員林,2024-11-25,5381
00887,永豐中國科技50大,31,11,20,第一金-員林,2024-11-25,5381
5225,東科-KY,20,0,20,第一金-員林,2024-11-25,5381
5475,德宏,20,0,20,第一金-員林,2024-11-25,5381
00948B,中信優息投資級債,20,0,20,第一金-員林,2024-11-25,5381
1524,耿鼎,19,0,19,第一金-員林,2024-11-25,5381
2376,技嘉,20,1,19,第一金-員林,2024-11-25,5381
2324,仁寶,21,4,17,第一金-員林,2024-11-25,5381
2312,金寶,1452,1436,16,第一金-員林,2024-11-25,5381
1460,宏遠,26,10,16,第一金-員林,2024-11-25,5381
1815,富喬,152,136,16,第一金-員林,2024-11-25,5381
1466,聚隆,21,6,15,第一金-員林,2024-11-25,5381
8249,菱光,15,0,15,第一金-員林,2024-11-25,5381
00929,復華台灣科技優息,18,3,15,第一金-員林,2024-11-25,5381
00637L,元大滬深300正2,20,6,14,第一金-員林,2024-11-25,5381
3715,定穎投控,15,1,14,第一金-員林,2024-11-25,5381
1736,喬山,13,0,13,第一金-員林,2024-11-25,5381
5483,中美晶,12,0,12,第一金-員林,2024-11-25,5381
00932,兆豐永續高息等權,12,2,10,第一金-員林,2024-11-25,5381
1314,中石化,11,1,10,第一金-員林,2024-11-25,5381
2329,華泰,10,0,10,第一金-員林,2024-11-25,5381
3030,德律,13,3,10,第一金-員林,2024-11-25,5381
3712,永崴投控,128,118,10,第一金-員林,2024-11-25,5381
6443,元晶,10,0,10,第一金-員林,2024-11-25,5381
0056,元大高股息,10,1,9,第一金-員林,2024-11-25,5381
2421,建準,8,0,8,第一金-員林,2024-11-25,5381
00940,元大台灣價值高息,7,0,7,第一金-員林,2024-11-25,5381
1569,濱川,12,6,6,第一金-員林,2024-11-25,5381
00909,國泰數位支付服務,6,0,6,第一金-員林,2024-11-25,5381
1708,東鹼,6,0,6,第一金-員林,2024-11-25,5381
2316,楠梓電,6,0,6,第一金-員林,2024-11-25,5381
2344,華邦電,6,0,6,第一金-員林,2024-11-25,5381
2349,錸德,10,4,6,第一金-員林,2024-11-25,5381
2374,佳能,6,0,6,第一金-員林,2024-11-25,5381
2477,美隆電,14,8,6,第一金-員林,2024-11-25,5381
5426,振發,7,1,6,第一金-員林,2024-11-25,5381
5443,均豪,6,0,6,第一金-員林,2024-11-25,5381
8038,長園科,6,0,6,第一金-員林,2024-11-25,5381
8171,天宇,12,6,6,第一金-員林,2024-11-25,5381
1220,台榮,5,0,5,第一金-員林,2024-11-25,5381
1294,漢田生技,6,1,5,第一金-員林,2024-11-25,5381
1316,上曜,9,4,5,第一金-員林,2024-11-25,5381
2349,錸德,135,37,98,第一金-員林,2024-11-26,5381
00650L,復華香港正2,100,50,50,第一金-員林,2024-11-26,5381
2002,中鋼,49,0,49,第一金-員林,2024-11-26,5381
2883,凱基金,49,1,48,第一金-員林,2024-11-26,5381
6770,力積電,45,1,44,第一金-員林,2024-11-26,5381
00878,國泰永續高股息,43,2,41,第一金-員林,2024-11-26,5381
5309,系統電,72,32,40,第一金-員林,2024-11-26,5381
2812,台中銀,38,0,38,第一金-員林,2024-11-26,5381
2317,鴻海,56,19,37,第一金-員林,2024-11-26,5381
2344,華邦電,36,3,33,第一金-員林,2024-11-26,5381
3062,建漢,31,0,31,第一金-員林,2024-11-26,5381
2362,藍天,28,0,28,第一金-員林,2024-11-26,5381
00887,永豐中國科技50大,27,0,27,第一金-員林,2024-11-26,5381
00940,元大台灣價值高息,26,3,23,第一金-員林,2024-11-26,5381
5301,寶得利,22,0,22,第一金-員林,2024-11-26,5381
00753L,中信中國50正2,20,0,20,第一金-員林,2024-11-26,5381
1528,恩德,18,1,17,第一金-員林,2024-11-26,5381
6505,台塑化,15,0,15,第一金-員林,2024-11-26,5381
006208,富邦台50,16,1,15,第一金-員林,2024-11-26,5381
2739,寒舍,13,0,13,第一金-員林,2024-11-26,5381
4956,光鋐,16,3,13,第一金-員林,2024-11-26,5381
00631L,元大台灣50正2,13,1,12,第一金-員林,2024-11-26,5381
2615,萬海,29,17,12,第一金-員林,2024-11-26,5381
3231,緯創,14,3,11,第一金-員林,2024-11-26,5381
00929,復華台灣科技優息,14,4,10,第一金-員林,2024-11-26,5381
3481,群創,10,0,10,第一金-員林,2024-11-26,5381
00930,永豐ESG低碳高息,10,0,10,第一金-員林,2024-11-26,5381
00938,凱基優選30,12,2,10,第一金-員林,2024-11-26,5381
1455,集盛,10,0,10,第一金-員林,2024-11-26,5381
6182,合晶,10,0,10,第一金-員林,2024-11-26,5381
2201,裕隆,8,0,8,第一金-員林,2024-11-26,5381
1802,台玻,26,19,7,第一金-員林,2024-11-26,5381
4904,遠傳,7,0,7,第一金-員林,2024-11-26,5381
6213,聯茂,8,1,7,第一金-員林,2024-11-26,5381
2337,旺宏,6,0,6,第一金-員林,2024-11-26,5381
3419,譁裕,7,1,6,第一金-員林,2024-11-26,5381
3588,通嘉,6,0,6,第一金-員林,2024-11-26,5381
8249,菱光,6,0,6,第一金-員林,2024-11-26,5381
00946,群益科技高息成長,5,0,5,第一金-員林,2024-11-26,5381
1708,東鹼,5,0,5,第一金-員林,2024-11-26,5381
1720,生達,5,0,5,第一金-員林,2024-11-26,5381
2069,運錩,5,0,5,第一金-員林,2024-11-26,5381
2371,大同,6,1,5,第一金-員林,2024-11-26,5381
2609,陽明,9,4,5,第一金-員林,2024-11-26,5381
3167,大量,6,1,5,第一金-員林,2024-11-26,5381
3211,順達,5,0,5,第一金-員林,2024-11-26,5381
4967,十銓,5,0,5,第一金-員林,2024-11-26,5381
5498,凱崴,5,0,5,第一金-員林,2024-11-26,5381
6220,岳豐,5,0,5,第一金-員林,2024-11-26,5381
6689,伊雲谷,5,0,5,第一金-員林,2024-11-26,5381
00919,群益台灣精選高息,242,31,211,第一金-員林,2024-11-27,5381
2344,華邦電,177,13,164,第一金-員林,2024-11-27,5381
00929,復華台灣科技優息,147,17,130,第一金-員林,2024-11-27,5381
0056,元大高股息,117,3,114,第一金-員林,2024-11-27,5381
1815,富喬,158,53,105,第一金-員林,2024-11-27,5381
9105,泰金寶-DR,516,413,103,第一金-員林,2024-11-27,5381
00878,國泰永續高股息,129,26,103,第一金-員林,2024-11-27,5381
00940,元大台灣價值高息,117,49,68,第一金-員林,2024-11-27,5381
2317,鴻海,67,22,45,第一金-員林,2024-11-27,5381
2439,美律,56,17,39,第一金-員林,2024-11-27,5381
3481,群創,38,1,37,第一金-員林,2024-11-27,5381
6282,康舒,34,2,32,第一金-員林,2024-11-27,5381
2867,三商壽,30,0,30,第一金-員林,2024-11-27,5381
2303,聯電,27,0,27,第一金-員林,2024-11-27,5381
2388,威盛,21,0,21,第一金-員林,2024-11-27,5381
00959B,大華投等美債15Y+,20,0,20,第一金-員林,2024-11-27,5381
1304,台聚,20,0,20,第一金-員林,2024-11-27,5381
3665,貿聯-KY,20,0,20,第一金-員林,2024-11-27,5381
2883,凱基金,26,7,19,第一金-員林,2024-11-27,5381
1536,和大,75,56,19,第一金-員林,2024-11-27,5381
0050,元大台灣50,17,0,17,第一金-員林,2024-11-27,5381
00930,永豐ESG低碳高息,16,0,16,第一金-員林,2024-11-27,5381
2014,中鴻,16,0,16,第一金-員林,2024-11-27,5381
2327,國巨,16,0,16,第一金-員林,2024-11-27,5381
2609,陽明,60,44,16,第一金-員林,2024-11-27,5381
00938,凱基優選30,14,0,14,第一金-員林,2024-11-27,5381
2399,映泰,17,3,14,第一金-員林,2024-11-27,5381
5014,建錩,14,0,14,第一金-員林,2024-11-27,5381
2646,星宇航空,13,0,13,第一金-員林,2024-11-27,5381
00915,凱基優選高股息30,15,2,13,第一金-員林,2024-11-27,5381
2603,長榮,14,1,13,第一金-員林,2024-11-27,5381
2442,新美齊,12,0,12,第一金-員林,2024-11-27,5381
2324,仁寶,13,1,12,第一金-員林,2024-11-27,5381
2330,台積電,13,2,11,第一金-員林,2024-11-27,5381
2913,農林,11,0,11,第一金-員林,2024-11-27,5381
3047,訊舟,11,0,11,第一金-員林,2024-11-27,5381
5880,合庫金,10,0,10,第一金-員林,2024-11-27,5381
1466,聚隆,10,0,10,第一金-員林,2024-11-27,5381
3231,緯創,16,6,10,第一金-員林,2024-11-27,5381
2392,正崴,18,9,9,第一金-員林,2024-11-27,5381
2498,宏達電,13,4,9,第一金-員林,2024-11-27,5381
9110,越南控-DR,9,0,9,第一金-員林,2024-11-27,5381
2356,英業達,8,0,8,第一金-員林,2024-11-27,5381
3711,日月光投控,8,0,8,第一金-員林,2024-11-27,5381
3597,映興,10,2,8,第一金-員林,2024-11-27,5381
1319,東陽,9,1,8,第一金-員林,2024-11-27,5381
00943,兆豐電子高息等權,7,0,7,第一金-員林,2024-11-27,5381
2409,友達,7,0,7,第一金-員林,2024-11-27,5381
6706,惠特,7,0,7,第一金-員林,2024-11-27,5381
4977,眾達-KY,8,2,6,第一金-員林,2024-11-27,5381
9105,泰金寶-DR,448,273,175,第一金-員林,2024-11-28,5381
00929,復華台灣科技優息,137,3,134,第一金-員林,2024-11-28,5381
00919,群益台灣精選高息,103,2,101,第一金-員林,2024-11-28,5381
00934,中信成長高股息,71,0,71,第一金-員林,2024-11-28,5381
0056,元大高股息,61,0,61,第一金-員林,2024-11-28,5381
4510,高鋒,86,29,57,第一金-員林,2024-11-28,5381
00688L,國泰20年美債正2,50,1,49,第一金-員林,2024-11-28,5381
006208,富邦台50,30,0,30,第一金-員林,2024-11-28,5381
2327,國巨,24,0,24,第一金-員林,2024-11-28,5381
4562,穎漢,23,2,21,第一金-員林,2024-11-28,5381
2354,鴻準,28,8,20,第一金-員林,2024-11-28,5381
3709,鑫聯大投控,20,0,20,第一金-員林,2024-11-28,5381
2332,友訊,35,19,16,第一金-員林,2024-11-28,5381
2426,鼎元,28,12,16,第一金-員林,2024-11-28,5381
2408,南亞科,16,2,14,第一金-員林,2024-11-28,5381
2344,華邦電,20,6,14,第一金-員林,2024-11-28,5381
1536,和大,88,74,14,第一金-員林,2024-11-28,5381
2409,友達,15,1,14,第一金-員林,2024-11-28,5381
3628,盈正,15,1,14,第一金-員林,2024-11-28,5381
1402,遠東新,13,0,13,第一金-員林,2024-11-28,5381
2070,精湛,33,20,13,第一金-員林,2024-11-28,5381
8929,富堡,24,11,13,第一金-員林,2024-11-28,5381
00915,凱基優選高股息30,13,1,12,第一金-員林,2024-11-28,5381
2204,中華,34,21,13,第一金-員林,2024-11-28,5381
2615,萬海,69,57,12,第一金-員林,2024-11-28,5381
2633,台灣高鐵,11,0,11,第一金-員林,2024-11-28,5381
9103,美德醫療-DR,11,0,11,第一金-員林,2024-11-28,5381
2374,佳能,10,0,10,第一金-員林,2024-11-28,5381
1303,南亞,10,0,10,第一金-員林,2024-11-28,5381
2915,潤泰全,10,0,10,第一金-員林,2024-11-28,5381
3005,神基,10,0,10,第一金-員林,2024-11-28,5381
5351,鈺創,9,0,9,第一金-員林,2024-11-28,5381
3447,展達,11,3,8,第一金-員林,2024-11-28,5381
3481,群創,8,0,8,第一金-員林,2024-11-28,5381
3711,日月光投控,13,5,8,第一金-員林,2024-11-28,5381
2388,威盛,10,3,7,第一金-員林,2024-11-28,5381
3323,加百裕,43,36,7,第一金-員林,2024-11-28,5381
00943,兆豐電子高息等權,7,0,7,第一金-員林,2024-11-28,5381
2611,志信,7,0,7,第一金-員林,2024-11-28,5381
9110,越南控-DR,7,0,7,第一金-員林,2024-11-28,5381
2330,台積電,7,0,7,第一金-員林,2024-11-28,5381
2312,金寶,58,51,7,第一金-員林,2024-11-28,5381
2371,大同,14,8,6,第一金-員林,2024-11-28,5381
3545,敦泰,6,0,6,第一金-員林,2024-11-28,5381
2313,華通,6,0,6,第一金-員林,2024-11-28,5381
2543,皇昌,6,0,6,第一金-員林,2024-11-28,5381
3019,亞光,10,4,6,第一金-員林,2024-11-28,5381
6152,百一,6,0,6,第一金-員林,2024-11-28,5381
6770,力積電,21,15,6,第一金-員林,2024-11-28,5381
8032,光菱,6,0,6,第一金-員林,2024-11-28,5381
3706,神達,683,380,303,第一金-員林,2024-11-29,5381
1304,台聚,301,0,301,第一金-員林,2024-11-29,5381
00948B,中信優息投資級債,78,0,78,第一金-員林,2024-11-29,5381
00878,國泰永續高股息,50,1,49,第一金-員林,2024-11-29,5381
00929,復華台灣科技優息,47,3,44,第一金-員林,2024-11-29,5381
2344,華邦電,42,8,34,第一金-員林,2024-11-29,5381
00919,群益台灣精選高息,28,1,27,第一金-員林,2024-11-29,5381
2609,陽明,45,20,25,第一金-員林,2024-11-29,5381
0056,元大高股息,22,3,19,第一金-員林,2024-11-29,5381
2317,鴻海,25,10,15,第一金-員林,2024-11-29,5381
5443,均豪,15,0,15,第一金-員林,2024-11-29,5381
5871,中租-KY,14,0,14,第一金-員林,2024-11-29,5381
4510,高鋒,63,50,13,第一金-員林,2024-11-29,5381
4526,東台,13,0,13,第一金-員林,2024-11-29,5381
3013,晟銘電,21,8,13,第一金-員林,2024-11-29,5381
00915,凱基優選高股息30,13,2,11,第一金-員林,2024-11-29,5381
00713,元大台灣高息低波,11,0,11,第一金-員林,2024-11-29,5381
1301,台塑,18,8,10,第一金-員林,2024-11-29,5381
2014,中鴻,10,0,10,第一金-員林,2024-11-29,5381
3230,錦明,11,1,10,第一金-員林,2024-11-29,5381
00687B,國泰20年美債,10,0,10,第一金-員林,2024-11-29,5381
1519,華城,9,0,9,第一金-員林,2024-11-29,5381
00960,野村全球航運龍頭,9,0,9,第一金-員林,2024-11-29,5381
2881,富邦金,7,0,7,第一金-員林,2024-11-29,5381
2337,旺宏,7,0,7,第一金-員林,2024-11-29,5381
00882,中信中國高股息,7,0,7,第一金-員林,2024-11-29,5381
6770,力積電,7,0,7,第一金-員林,2024-11-29,5381
8011,台通,7,0,7,第一金-員林,2024-11-29,5381
2603,長榮,8,2,6,第一金-員林,2024-11-29,5381
006208,富邦台50,6,0,6,第一金-員林,2024-11-29,5381
00631L,元大台灣50正2,10,4,6,第一金-員林,2024-11-29,5381
2426,鼎元,7,1,6,第一金-員林,2024-11-29,5381
3231,緯創,9,3,6,第一金-員林,2024-11-29,5381
2882,國泰金,6,1,5,第一金-員林,2024-11-29,5381
00795B,中信美國公債20年,5,0,5,第一金-員林,2024-11-29,5381
2330,台積電,7,2,5,第一金-員林,2024-11-29,5381
2354,鴻準,19,14,5,第一金-員林,2024-11-29,5381
2382,廣達,6,2,4,第一金-員林,2024-11-29,5381
1326,台化,4,0,4,第一金-員林,2024-11-29,5381
1528,恩德,4,0,4,第一金-員林,2024-11-29,5381
1539,巨庭,4,0,4,第一金-員林,2024-11-29,5381
2615,萬海,32,28,4,第一金-員林,2024-11-29,5381
8032,光菱,4,0,4,第一金-員林,2024-11-29,5381
2455,全新,5,1,4,第一金-員林,2024-11-29,5381
2002,中鋼,3,0,3,第一金-員林,2024-11-29,5381
1611,中電,4,1,3,第一金-員林,2024-11-29,5381
2332,友訊,4,1,3,第一金-員林,2024-11-29,5381
2467,志聖,4,1,3,第一金-員林,2024-11-29,5381
3058,立德,3,0,3,第一金-員林,2024-11-29,5381
3628,盈正,3,0,3,第一金-員林,2024-11-29,5381
00948B,中信優息投資級債,376,20,356,第一金-員林,2024-12-02,5381
00664R,國泰臺灣加權反1,100,0,100,第一金-員林,2024-12-02,5381
00632R,元大台灣50反1,100,0,100,第一金-員林,2024-12-02,5381
3029,零壹,100,5,95,第一金-員林,2024-12-02,5381
6005,群益證,78,0,78,第一金-員林,2024-12-02,5381
00878,國泰永續高股息,44,5,39,第一金-員林,2024-12-02,5381
1314,中石化,38,0,38,第一金-員林,2024-12-02,5381
00918,大華優利高填息30,36,0,36,第一金-員林,2024-12-02,5381
1210,大成,35,1,34,第一金-員林,2024-12-02,5381
00891,中信關鍵半導體,32,0,32,第一金-員林,2024-12-02,5381
9105,泰金寶-DR,374,344,30,第一金-員林,2024-12-02,5381
2392,正崴,27,2,25,第一金-員林,2024-12-02,5381
2439,美律,28,3,25,第一金-員林,2024-12-02,5381
2812,台中銀,23,0,23,第一金-員林,2024-12-02,5381
2302,麗正,42,20,22,第一金-員林,2024-12-02,5381
2014,中鴻,20,0,20,第一金-員林,2024-12-02,5381
4123,晟德,16,0,16,第一金-員林,2024-12-02,5381
0051,元大中型100,12,0,12,第一金-員林,2024-12-02,5381
1815,富喬,34,22,12,第一金-員林,2024-12-02,5381
2609,陽明,14,2,12,第一金-員林,2024-12-02,5381
1301,台塑,12,1,11,第一金-員林,2024-12-02,5381
2354,鴻準,13,2,11,第一金-員林,2024-12-02,5381
2317,鴻海,29,19,10,第一金-員林,2024-12-02,5381
2374,佳能,10,0,10,第一金-員林,2024-12-02,5381
3037,欣興,10,0,10,第一金-員林,2024-12-02,5381
3558,神準,12,2,10,第一金-員林,2024-12-02,5381
5521,工信,10,0,10,第一金-員林,2024-12-02,5381
00943,兆豐電子高息等權,8,0,8,第一金-員林,2024-12-02,5381
5309,系統電,41,34,7,第一金-員林,2024-12-02,5381
9802,鈺齊-KY,7,0,7,第一金-員林,2024-12-02,5381
3023,信邦,7,0,7,第一金-員林,2024-12-02,5381
3628,盈正,7,0,7,第一金-員林,2024-12-02,5381
4977,眾達-KY,11,4,7,第一金-員林,2024-12-02,5381
2303,聯電,15,9,6,第一金-員林,2024-12-02,5381
2356,英業達,6,0,6,第一金-員林,2024-12-02,5381
2375,凱美,6,0,6,第一金-員林,2024-12-02,5381
2615,萬海,18,12,6,第一金-員林,2024-12-02,5381
3481,群創,5,0,5,第一金-員林,2024-12-02,5381
00960,野村全球航運龍頭,5,0,5,第一金-員林,2024-12-02,5381
1307,三芳,8,3,5,第一金-員林,2024-12-02,5381
1402,遠東新,5,0,5,第一金-員林,2024-12-02,5381
2402,毅嘉,5,0,5,第一金-員林,2024-12-02,5381
2495,普安,5,0,5,第一金-員林,2024-12-02,5381
3090,日電貿,8,3,5,第一金-員林,2024-12-02,5381
4938,和碩,5,0,5,第一金-員林,2024-12-02,5381
6190,萬泰科,5,0,5,第一金-員林,2024-12-02,5381
6191,精成科,5,0,5,第一金-員林,2024-12-02,5381
8099,大世科,5,0,5,第一金-員林,2024-12-02,5381
8358,金居,5,0,5,第一金-員林,2024-12-02,5381
3228,金麗科,4,0,4,第一金-員林,2024-12-02,5381
00918,大華優利高填息30,86,0,86,第一金-員林,2024-12-03,5381
9105,泰金寶-DR,454,393,61,第一金-員林,2024-12-03,5381
00915,凱基優選高股息30,52,0,52,第一金-員林,2024-12-03,5381
00948B,中信優息投資級債,49,0,49,第一金-員林,2024-12-03,5381
1815,富喬,52,21,31,第一金-員林,2024-12-03,5381
00712,復華富時不動產,30,0,30,第一金-員林,2024-12-03,5381
8249,菱光,27,0,27,第一金-員林,2024-12-03,5381
00965,元大航太防衛科技,24,0,24,第一金-員林,2024-12-03,5381
2887,台新金,22,0,22,第一金-員林,2024-12-03,5381
00894,中信小資高價30,18,0,18,第一金-員林,2024-12-03,5381
00713,元大台灣高息低波,18,1,17,第一金-員林,2024-12-03,5381
2314,台揚,15,0,15,第一金-員林,2024-12-03,5381
3032,偉訓,26,11,15,第一金-員林,2024-12-03,5381
6770,力積電,13,0,13,第一金-員林,2024-12-03,5381
3040,遠見,11,0,11,第一金-員林,2024-12-03,5381
00882,中信中國高股息,10,0,10,第一金-員林,2024-12-03,5381
2312,金寶,18,8,10,第一金-員林,2024-12-03,5381
2392,正崴,16,6,10,第一金-員林,2024-12-03,5381
3558,神準,11,1,10,第一金-員林,2024-12-03,5381
3711,日月光投控,10,0,10,第一金-員林,2024-12-03,5381
4977,眾達-KY,35,26,9,第一金-員林,2024-12-03,5381
6285,啟��,11,2,9,第一金-員林,2024-12-03,5381
6505,台塑化,9,0,9,第一金-員林,2024-12-03,5381
0056,元大高股息,20,11,9,第一金-員林,2024-12-03,5381
2317,鴻海,15,6,9,第一金-員林,2024-12-03,5381
3450,聯鈞,23,15,8,第一金-員林,2024-12-03,5381
0051,元大中型100,8,0,8,第一金-員林,2024-12-03,5381
6558,興能高,14,6,8,第一金-員林,2024-12-03,5381
1605,華新,7,0,7,第一金-員林,2024-12-03,5381
4123,晟德,9,2,7,第一金-員林,2024-12-03,5381
4979,華星光,17,10,7,第一金-員林,2024-12-03,5381
5244,弘凱,13,6,7,第一金-員林,2024-12-03,5381
3706,神達,356,349,7,第一金-員林,2024-12-03,5381
9802,鈺齊-KY,5,0,5,第一金-員林,2024-12-03,5381
1528,恩德,8,3,5,第一金-員林,2024-12-03,5381
3038,全台,5,0,5,第一金-員林,2024-12-03,5381
3062,建漢,19,14,5,第一金-員林,2024-12-03,5381
6152,百一,5,0,5,第一金-員林,2024-12-03,5381
6418,詠昇,5,0,5,第一金-員林,2024-12-03,5381
2002,中鋼,5,0,5,第一金-員林,2024-12-03,5381
1536,和大,6,2,4,第一金-員林,2024-12-03,5381
2023,燁輝,4,0,4,第一金-員林,2024-12-03,5381
3211,順達,16,12,4,第一金-員林,2024-12-03,5381
3229,晟鈦,4,0,4,第一金-員林,2024-12-03,5381
6239,力成,4,0,4,第一金-員林,2024-12-03,5381
2303,聯電,7,4,3,第一金-員林,2024-12-03,5381
2034,允強,3,0,3,第一金-員林,2024-12-03,5381
5309,系統電,17,14,3,第一金-員林,2024-12-03,5381
6147,頎邦,3,0,3,第一金-員林,2024-12-03,5381
00960,野村全球航運龍頭,3,0,3,第一金-員林,2024-12-03,5381
00937B,群益ESG投等債20,492,118,374,第一金-員林,2024-12-04,5381
9802,鈺齊-KY,164,0,164,第一金-員林,2024-12-04,5381
9105,泰金寶-DR,456,390,66,第一金-員林,2024-12-04,5381
00918,大華優利高填息30,61,0,61,第一金-員林,2024-12-04,5381
00919,群益台灣精選高息,112,56,56,第一金-員林,2024-12-04,5381
2419,仲琦,53,0,53,第一金-員林,2024-12-04,5381
00915,凱基優選高股息30,50,0,50,第一金-員林,2024-12-04,5381
3149,正達,40,0,40,第一金-員林,2024-12-04,5381
6173,信昌電,36,0,36,第一金-員林,2024-12-04,5381
3380,明泰,33,0,33,第一金-員林,2024-12-04,5381
1326,台化,26,0,26,第一金-員林,2024-12-04,5381
1605,華新,25,0,25,第一金-員林,2024-12-04,5381
3234,光環,26,3,23,第一金-員林,2024-12-04,5381
2887,台新金,22,0,22,第一金-員林,2024-12-04,5381
00933B,國泰10Y+金融債,19,0,19,第一金-員林,2024-12-04,5381
3231,緯創,17,0,17,第一金-員林,2024-12-04,5381
1524,耿鼎,19,3,16,第一金-員林,2024-12-04,5381
00713,元大台灣高息低波,15,0,15,第一金-員林,2024-12-04,5381
2344,華邦電,25,10,15,第一金-員林,2024-12-04,5381
2610,華航,61,46,15,第一金-員林,2024-12-04,5381
3037,欣興,14,0,14,第一金-員林,2024-12-04,5381
2303,聯電,17,3,14,第一金-員林,2024-12-04,5381
2027,大成鋼,14,0,14,第一金-員林,2024-12-04,5381
0056,元大高股息,14,2,12,第一金-員林,2024-12-04,5381
00948B,中信優息投資級債,11,0,11,第一金-員林,2024-12-04,5381
00965,元大航太防衛科技,11,0,11,第一金-員林,2024-12-04,5381
00921,兆豐龍頭等權重,11,0,11,第一金-員林,2024-12-04,5381
1303,南亞,11,0,11,第一金-員林,2024-12-04,5381
00753L,中信中國50正2,10,0,10,第一金-員林,2024-12-04,5381
1707,葡萄王,10,0,10,第一金-員林,2024-12-04,5381
2537,聯上發,10,0,10,第一金-員林,2024-12-04,5381
4967,十銓,10,0,10,第一金-員林,2024-12-04,5381
5484,慧友,10,0,10,第一金-員林,2024-12-04,5381
6111,大宇資,10,0,10,第一金-員林,2024-12-04,5381
00927,群益半導體收益,10,1,9,第一金-員林,2024-12-04,5381
2413,環科,10,1,9,第一金-員林,2024-12-04,5381
2449,京元電子,11,2,9,第一金-員林,2024-12-04,5381
6770,力積電,10,1,9,第一金-員林,2024-12-04,5381
9958,世紀鋼,9,0,9,第一金-員林,2024-12-04,5381
2201,裕隆,8,0,8,第一金-員林,2024-12-04,5381
2477,美隆電,11,3,8,第一金-員林,2024-12-04,5381
00687B,國泰20年美債,10,2,8,第一金-員林,2024-12-04,5381
1519,華城,8,1,7,第一金-員林,2024-12-04,5381
00725B,國泰投資級公司債,7,0,7,第一金-員林,2024-12-04,5381
2106,建大,7,0,7,第一金-員林,2024-12-04,5381
3219,倚強科,7,0,7,第一金-員林,2024-12-04,5381
6282,康舒,10,3,7,第一金-員林,2024-12-04,5381
00712,復華富時不動產,7,0,7,第一金-員林,2024-12-04,5381
2371,大同,7,1,6,第一金-員林,2024-12-04,5381
00720B,元大投資級公司債,5,0,5,第一金-員林,2024-12-04,5381
00664R,國泰臺灣加權反1,100,0,100,第一金-員林,2024-12-05,5381
2419,仲琦,93,0,93,第一金-員林,2024-12-05,5381
00641R,富邦日本反1,85,0,85,第一金-員林,2024-12-05,5381
9802,鈺齊-KY,69,0,69,第一金-員林,2024-12-05,5381
9105,泰金寶-DR,387,318,69,第一金-員林,2024-12-05,5381
6127,九豪,84,22,62,第一金-員林,2024-12-05,5381
00918,大華優利高填息30,45,1,44,第一金-員林,2024-12-05,5381
00919,群益台灣精選高息,39,2,37,第一金-員林,2024-12-05,5381
00680L,元大美債20正2,35,0,35,第一金-員林,2024-12-05,5381
00965,元大航太防衛科技,30,0,30,第一金-員林,2024-12-05,5381
2439,美律,40,12,28,第一金-員林,2024-12-05,5381
2303,聯電,18,1,17,第一金-員林,2024-12-05,5381
8249,菱光,16,0,16,第一金-員林,2024-12-05,5381
4968,立積,13,0,13,第一金-員林,2024-12-05,5381
3090,日電貿,15,3,12,第一金-員林,2024-12-05,5381
8032,光菱,11,0,11,第一金-員林,2024-12-05,5381
00948B,中信優息投資級債,10,0,10,第一金-員林,2024-12-05,5381
00712,復華富時不動產,10,0,10,第一金-員林,2024-12-05,5381
1326,台化,10,0,10,第一金-員林,2024-12-05,5381
3481,群創,10,0,10,第一金-員林,2024-12-05,5381
5309,系統電,30,20,10,第一金-員林,2024-12-05,5381
6274,台燿,12,2,10,第一金-員林,2024-12-05,5381
4931,新盛力,18,9,9,第一金-員林,2024-12-05,5381
2317,鴻海,13,4,9,第一金-員林,2024-12-05,5381
2913,農林,9,0,9,第一金-員林,2024-12-05,5381
4114,健喬,9,0,9,第一金-員林,2024-12-05,5381
3376,新日興,10,2,8,第一金-員林,2024-12-05,5381
1303,南亞,13,5,8,第一金-員林,2024-12-05,5381
00713,元大台灣高息低波,8,0,8,第一金-員林,2024-12-05,5381
2615,萬海,29,21,8,第一金-員林,2024-12-05,5381
2633,台灣高鐵,8,0,8,第一金-員林,2024-12-05,5381
2337,旺宏,8,0,8,第一金-員林,2024-12-05,5381
2312,金寶,14,7,7,第一金-員林,2024-12-05,5381
00934,中信成長高股息,11,4,7,第一金-員林,2024-12-05,5381
1727,中華化,9,2,7,第一金-員林,2024-12-05,5381
1802,台玻,9,2,7,第一金-員林,2024-12-05,5381
2356,英業達,12,5,7,第一金-員林,2024-12-05,5381
6558,興能高,29,22,7,第一金-員林,2024-12-05,5381
2457,飛宏,11,5,6,第一金-員林,2024-12-05,5381
00960,野村全球航運龍頭,6,0,6,第一金-員林,2024-12-05,5381
00731,復華富時高息低波,6,0,6,第一金-員林,2024-12-05,5381
1101,台泥,10,4,6,第一金-員林,2024-12-05,5381
1785,光洋科,6,0,6,第一金-員林,2024-12-05,5381
2014,中鴻,6,0,6,第一金-員林,2024-12-05,5381
2349,錸德,9,3,6,第一金-員林,2024-12-05,5381
2371,大同,15,9,6,第一金-員林,2024-12-05,5381
3257,虹冠電,6,0,6,第一金-員林,2024-12-05,5381
8926,台汽電,6,0,6,第一金-員林,2024-12-05,5381
0051,元大中型100,5,0,5,第一金-員林,2024-12-05,5381
1316,上曜,5,0,5,第一金-員林,2024-12-05,5381
00902,中信電池及儲能,101,0,101,第一金-員林,2024-12-06,5381
1301,台塑,40,0,40,第一金-員林,2024-12-06,5381
00918,大華優利高填息30,38,0,38,第一金-員林,2024-12-06,5381
00933B,國泰10Y+金融債,33,0,33,第一金-員林,2024-12-06,5381
2354,鴻準,75,47,28,第一金-員林,2024-12-06,5381
00960,野村全球航運龍頭,28,0,28,第一金-員林,2024-12-06,5381
2929,淘帝-KY,25,1,24,第一金-員林,2024-12-06,5381
00948B,中信優息投資級債,22,0,22,第一金-員林,2024-12-06,5381
3032,偉訓,23,2,21,第一金-員林,2024-12-06,5381
8096,擎亞,21,1,20,第一金-員林,2024-12-06,5381
2317,鴻海,25,5,20,第一金-員林,2024-12-06,5381
00878,國泰永續高股息,25,5,20,第一金-員林,2024-12-06,5381
2887,台新金,18,0,18,第一金-員林,2024-12-06,5381
3545,敦泰,18,1,17,第一金-員林,2024-12-06,5381
2405,輔信,23,8,15,第一金-員林,2024-12-06,5381
1319,東陽,12,0,12,第一金-員林,2024-12-06,5381
1513,中興電,14,2,12,第一金-員林,2024-12-06,5381
9110,越南控-DR,12,0,12,第一金-員林,2024-12-06,5381
1336,台翰,11,0,11,第一金-員林,2024-12-06,5381
1605,華新,42,31,11,第一金-員林,2024-12-06,5381
8042,金山電,22,11,11,第一金-員林,2024-12-06,5381
2327,國巨,10,0,10,第一金-員林,2024-12-06,5381
00900,富邦特選高股息30,10,0,10,第一金-員林,2024-12-06,5381
2732,六角,10,0,10,第一金-員林,2024-12-06,5381
2365,昆盈,11,2,9,第一金-員林,2024-12-06,5381
2323,中環,9,1,8,第一金-員林,2024-12-06,5381
3438,類比科,8,0,8,第一金-員林,2024-12-06,5381
6414,樺漢,8,1,7,第一金-員林,2024-12-06,5381
00795B,中信美國公債20年,7,0,7,第一金-員林,2024-12-06,5381
4739,康普,10,3,7,第一金-員林,2024-12-06,5381
6962,ITH-KY,9,2,7,第一金-員林,2024-12-06,5381
00915,凱基優選高股息30,6,0,6,第一金-員林,2024-12-06,5381
00927,群益半導體收益,6,0,6,第一金-員林,2024-12-06,5381
00646,元大S＆P500,6,0,6,第一金-員林,2024-12-06,5381
2014,中鴻,6,0,6,第一金-員林,2024-12-06,5381
2349,錸德,9,3,6,第一金-員林,2024-12-06,5381
3042,晶技,6,0,6,第一金-員林,2024-12-06,5381
4919,新唐,10,4,6,第一金-員林,2024-12-06,5381
4958,臻鼎-KY,8,2,6,第一金-員林,2024-12-06,5381
2312,金寶,10,5,5,第一金-員林,2024-12-06,5381
6505,台塑化,5,0,5,第一金-員林,2024-12-06,5381
00941,中信上游半導體,5,0,5,第一金-員林,2024-12-06,5381
1434,福懋,5,0,5,第一金-員林,2024-12-06,5381
1802,台玻,5,0,5,第一金-員林,2024-12-06,5381
3015,全漢,5,0,5,第一金-員林,2024-12-06,5381
3047,訊舟,5,0,5,第一金-員林,2024-12-06,5381
4127,天良,5,0,5,第一金-員林,2024-12-06,5381
8089,康全電訊,5,0,5,第一金-員林,2024-12-06,5381
0056,元大高股息,7,2,5,第一金-員林,2024-12-06,5381
8069,元太,4,0,4,第一金-員林,2024-12-06,5381
00706L,期元大S＆P日圓正2,60,0,60,第一金-員林,2024-12-09,5381
9110,越南控-DR,55,0,55,第一金-員林,2024-12-09,5381
3234,光環,56,6,50,第一金-員林,2024-12-09,5381
0056,元大高股息,41,1,40,第一金-員林,2024-12-09,5381
6558,興能高,45,6,39,第一金-員林,2024-12-09,5381
00918,大華優利高填息30,38,0,38,第一金-員林,2024-12-09,5381
00878,國泰永續高股息,37,7,30,第一金-員林,2024-12-09,5381
2439,美律,28,0,28,第一金-員林,2024-12-09,5381
00932,兆豐永續高息等權,27,0,27,第一金-員林,2024-12-09,5381
8249,菱光,26,0,26,第一金-員林,2024-12-09,5381
00715L,期街口布蘭特正2,25,0,25,第一金-員林,2024-12-09,5381
2344,華邦電,24,0,24,第一金-員林,2024-12-09,5381
2915,潤泰全,20,0,20,第一金-員林,2024-12-09,5381
00919,群益台灣精選高息,36,19,17,第一金-員林,2024-12-09,5381
00960,野村全球航運龍頭,18,1,17,第一金-員林,2024-12-09,5381
2009,第一銅,18,1,17,第一金-員林,2024-12-09,5381
2732,六角,17,0,17,第一金-員林,2024-12-09,5381
5907,大洋-KY,18,1,17,第一金-員林,2024-12-09,5381
2317,鴻海,30,13,17,第一金-員林,2024-12-09,5381
1303,南亞,21,6,15,第一金-員林,2024-12-09,5381
2543,皇昌,17,2,15,第一金-員林,2024-12-09,5381
00915,凱基優選高股息30,14,1,13,第一金-員林,2024-12-09,5381
2913,農林,16,3,13,第一金-員林,2024-12-09,5381
2495,普安,13,1,12,第一金-員林,2024-12-09,5381
00922,國泰台灣領袖50,11,0,11,第一金-員林,2024-12-09,5381
3576,聯合再生,12,2,10,第一金-員林,2024-12-09,5381
3032,偉訓,14,4,10,第一金-員林,2024-12-09,5381
00712,復華富時不動產,10,0,10,第一金-員林,2024-12-09,5381
1434,福懋,10,0,10,第一金-員林,2024-12-09,5381
2371,大同,11,1,10,第一金-員林,2024-12-09,5381
4114,健喬,10,0,10,第一金-員林,2024-12-09,5381
6877,鏵友益,13,3,10,第一金-員林,2024-12-09,5381
9904,寶成,9,0,9,第一金-員林,2024-12-09,5381
1595,川寶,9,0,9,第一金-員林,2024-12-09,5381
2419,仲琦,9,0,9,第一金-員林,2024-12-09,5381
6190,萬泰科,9,0,9,第一金-員林,2024-12-09,5381
6962,ITH-KY,9,0,9,第一金-員林,2024-12-09,5381
3450,聯鈞,15,6,9,第一金-員林,2024-12-09,5381
3481,群創,9,0,9,第一金-員林,2024-12-09,5381
00930,永豐ESG低碳高息,8,0,8,第一金-員林,2024-12-09,5381
2436,偉詮電,14,6,8,第一金-員林,2024-12-09,5381
2449,京元電子,8,0,8,第一金-員林,2024-12-09,5381
5243,乙盛-KY,8,0,8,第一金-員林,2024-12-09,5381
5512,力麒,8,0,8,第一金-員林,2024-12-09,5381
2603,長榮,11,4,7,第一金-員林,2024-12-09,5381
4977,眾達-KY,16,9,7,第一金-員林,2024-12-09,5381
1563,巧新,7,0,7,第一金-員林,2024-12-09,5381
00713,元大台灣高息低波,6,0,6,第一金-員林,2024-12-09,5381
00900,富邦特選高股息30,6,0,6,第一金-員林,2024-12-09,5381
2415,錩新,6,0,6,第一金-員林,2024-12-09,5381
00918,大華優利高填息30,109,0,109,第一金-員林,2024-12-10,5381
9105,泰金寶-DR,137,43,94,第一金-員林,2024-12-10,5381
00926,凱基全球菁英55,67,0,67,第一金-員林,2024-12-10,5381
3024,憶聲,51,0,51,第一金-員林,2024-12-10,5381
0056,元大高股息,46,0,46,第一金-員林,2024-12-10,5381
2317,鴻海,43,2,41,第一金-員林,2024-12-10,5381
2609,陽明,44,7,37,第一金-員林,2024-12-10,5381
00687B,國泰20年美債,45,13,32,第一金-員林,2024-12-10,5381
3323,加百裕,32,4,28,第一金-員林,2024-12-10,5381
2547,日勝生,41,15,26,第一金-員林,2024-12-10,5381
8249,菱光,24,0,24,第一金-員林,2024-12-10,5381
7402,邑錡,23,0,23,第一金-員林,2024-12-10,5381
00940,元大台灣價值高息,32,10,22,第一金-員林,2024-12-10,5381
00909,國泰數位支付服務,21,0,21,第一金-員林,2024-12-10,5381
00712,復華富時不動產,20,0,20,第一金-員林,2024-12-10,5381
00919,群益台灣精選高息,32,13,19,第一金-員林,2024-12-10,5381
4114,健喬,18,0,18,第一金-員林,2024-12-10,5381
00905,FT臺灣Smart,16,0,16,第一金-員林,2024-12-10,5381
1314,中石化,34,18,16,第一金-員林,2024-12-10,5381
00878,國泰永續高股息,15,0,15,第一金-員林,2024-12-10,5381
2605,新興,15,0,15,第一金-員林,2024-12-10,5381
2354,鴻準,20,6,14,第一金-員林,2024-12-10,5381
4968,立積,15,1,14,第一金-員林,2024-12-10,5381
2363,矽統,26,12,14,第一金-員林,2024-12-10,5381
2409,友達,13,0,13,第一金-員林,2024-12-10,5381
00655L,國泰中國A50正2,23,10,13,第一金-員林,2024-12-10,5381
2353,宏��,16,4,12,第一金-員林,2024-12-10,5381
3149,正達,12,0,12,第一金-員林,2024-12-10,5381
8092,建暐,20,8,12,第一金-員林,2024-12-10,5381
2474,可成,12,1,11,第一金-員林,2024-12-10,5381
5426,振發,13,2,11,第一金-員林,2024-12-10,5381
6756,威鋒電子,11,0,11,第一金-員林,2024-12-10,5381
00680L,元大美債20正2,10,0,10,第一金-員林,2024-12-10,5381
1528,恩德,10,0,10,第一金-員林,2024-12-10,5381
1815,富喬,122,112,10,第一金-員林,2024-12-10,5381
4973,廣穎,10,0,10,第一金-員林,2024-12-10,5381
2913,農林,9,0,9,第一金-員林,2024-12-10,5381
9958,世紀鋼,10,1,9,第一金-員林,2024-12-10,5381
3019,亞光,8,0,8,第一金-員林,2024-12-10,5381
3231,緯創,11,3,8,第一金-員林,2024-12-10,5381
2732,六角,8,0,8,第一金-員林,2024-12-10,5381
00713,元大台灣高息低波,8,0,8,第一金-員林,2024-12-10,5381
00752,中信中國50,7,0,7,第一金-員林,2024-12-10,5381
6257,矽格,10,3,7,第一金-員林,2024-12-10,5381
006208,富邦台50,7,0,7,第一金-員林,2024-12-10,5381
2449,京元電子,12,6,6,第一金-員林,2024-12-10,5381
00891,中信關鍵半導體,7,1,6,第一金-員林,2024-12-10,5381
1449,佳和,49,43,6,第一金-員林,2024-12-10,5381
2465,麗臺,6,0,6,第一金-員林,2024-12-10,5381
2610,華航,8,2,6,第一金-員林,2024-12-10,5381
00650L,復華香港正2,90,0,90,第一金-員林,2024-12-11,5381
00919,群益台灣精選高息,92,5,87,第一金-員林,2024-12-11,5381
00918,大華優利高填息30,74,0,74,第一金-員林,2024-12-11,5381
00680L,元大美債20正2,31,0,31,第一金-員林,2024-12-11,5381
2646,星宇航空,34,3,31,第一金-員林,2024-12-11,5381
2610,華航,43,14,29,第一金-員林,2024-12-11,5381
00679B,元大美債20年,27,0,27,第一金-員林,2024-12-11,5381
2886,兆豐金,24,0,24,第一金-員林,2024-12-11,5381
2882,國泰金,22,0,22,第一金-員林,2024-12-11,5381
00878,國泰永續高股息,26,5,21,第一金-員林,2024-12-11,5381
5608,四維航,20,0,20,第一金-員林,2024-12-11,5381
0056,元大高股息,29,9,20,第一金-員林,2024-12-11,5381
2317,鴻海,36,18,18,第一金-員林,2024-12-11,5381
00665L,富邦�琤肭磪囓�2,24,8,16,第一金-員林,2024-12-11,5381
006208,富邦台50,15,0,15,第一金-員林,2024-12-11,5381
3607,谷崧,14,0,14,第一金-員林,2024-12-11,5381
2201,裕隆,13,0,13,第一金-員林,2024-12-11,5381
1301,台塑,13,0,13,第一金-員林,2024-12-11,5381
1519,華城,12,0,12,第一金-員林,2024-12-11,5381
6589,台康生技,12,0,12,第一金-員林,2024-12-11,5381
00922,國泰台灣領袖50,11,0,11,第一金-員林,2024-12-11,5381
2354,鴻準,18,7,11,第一金-員林,2024-12-11,5381
2429,銘旺科,11,0,11,第一金-員林,2024-12-11,5381
3706,神達,44,33,11,第一金-員林,2024-12-11,5381
1314,中石化,10,0,10,第一金-員林,2024-12-11,5381
00948B,中信優息投資級債,10,0,10,第一金-員林,2024-12-11,5381
3024,憶聲,10,0,10,第一金-員林,2024-12-11,5381
4533,協易機,11,1,10,第一金-員林,2024-12-11,5381
5907,大洋-KY,14,4,10,第一金-員林,2024-12-11,5381
6213,聯茂,10,0,10,第一金-員林,2024-12-11,5381
6220,岳豐,10,0,10,第一金-員林,2024-12-11,5381
00713,元大台灣高息低波,9,0,9,第一金-員林,2024-12-11,5381
00960,野村全球航運龍頭,9,0,9,第一金-員林,2024-12-11,5381
1605,華新,10,1,9,第一金-員林,2024-12-11,5381
1802,台玻,10,1,9,第一金-員林,2024-12-11,5381
2027,大成鋼,9,0,9,第一金-員林,2024-12-11,5381
8109,博大,8,0,8,第一金-員林,2024-12-11,5381
9103,美德醫療-DR,8,0,8,第一金-員林,2024-12-11,5381
00915,凱基優選高股息30,7,0,7,第一金-員林,2024-12-11,5381
00905,FT臺灣Smart,7,0,7,第一金-員林,2024-12-11,5381
2314,台揚,7,0,7,第一金-員林,2024-12-11,5381
3042,晶技,7,0,7,第一金-員林,2024-12-11,5381
3591,艾笛森,7,0,7,第一金-員林,2024-12-11,5381
5309,系統電,10,3,7,第一金-員林,2024-12-11,5381
2891,中信金,6,0,6,第一金-員林,2024-12-11,5381
6770,力積電,12,6,6,第一金-員林,2024-12-11,5381
1326,台化,6,0,6,第一金-員林,2024-12-11,5381
2466,冠西電,6,0,6,第一金-員林,2024-12-11,5381
2887,台新金,6,0,6,第一金-員林,2024-12-11,5381
00882,中信中國高股息,6,0,6,第一金-員林,2024-12-11,5381
9105,泰金寶-DR,356,104,252,第一金-員林,2024-12-12,5381
00948B,中信優息投資級債,81,0,81,第一金-員林,2024-12-12,5381
2610,華航,79,12,67,第一金-員林,2024-12-12,5381
2739,寒舍,58,0,58,第一金-員林,2024-12-12,5381
1802,台玻,43,0,43,第一金-員林,2024-12-12,5381
00937B,群益ESG投等債20,33,0,33,第一金-員林,2024-12-12,5381
2419,仲琦,36,3,33,第一金-員林,2024-12-12,5381
2344,華邦電,34,2,32,第一金-員林,2024-12-12,5381
1815,富喬,47,15,32,第一金-員林,2024-12-12,5381
00687B,國泰20年美債,34,2,32,第一金-員林,2024-12-12,5381
00931B,統一美債20年,31,0,31,第一金-員林,2024-12-12,5381
2312,金寶,38,8,30,第一金-員林,2024-12-12,5381
00915,凱基優選高股息30,30,0,30,第一金-員林,2024-12-12,5381
8249,菱光,28,0,28,第一金-員林,2024-12-12,5381
3149,正達,42,16,26,第一金-員林,2024-12-12,5381
00878,國泰永續高股息,24,1,23,第一金-員林,2024-12-12,5381
6505,台塑化,41,20,21,第一金-員林,2024-12-12,5381
00918,大華優利高填息30,17,0,17,第一金-員林,2024-12-12,5381
2317,鴻海,21,5,16,第一金-員林,2024-12-12,5381
00680L,元大美債20正2,15,0,15,第一金-員林,2024-12-12,5381
4721,美琪瑪,20,5,15,第一金-員林,2024-12-12,5381
00679B,元大美債20年,14,0,14,第一金-員林,2024-12-12,5381
2106,建大,14,0,14,第一金-員林,2024-12-12,5381
5483,中美晶,14,0,14,第一金-員林,2024-12-12,5381
5608,四維航,14,0,14,第一金-員林,2024-12-12,5381
1326,台化,13,0,13,第一金-員林,2024-12-12,5381
1605,華新,23,10,13,第一金-員林,2024-12-12,5381
2439,美律,21,8,13,第一金-員林,2024-12-12,5381
3594,磐儀,13,0,13,第一金-員林,2024-12-12,5381
3706,神達,89,77,12,第一金-員林,2024-12-12,5381
00919,群益台灣精選高息,25,14,11,第一金-員林,2024-12-12,5381
5426,振發,13,2,11,第一金-員林,2024-12-12,5381
00959B,大華投等美債15Y+,10,0,10,第一金-員林,2024-12-12,5381
00688L,國泰20年美債正2,10,0,10,第一金-員林,2024-12-12,5381
8415,大國鋼,10,0,10,第一金-員林,2024-12-12,5381
9136,巨騰-DR,10,0,10,第一金-員林,2024-12-12,5381
3714,富采,9,0,9,第一金-員林,2024-12-12,5381
00713,元大台灣高息低波,12,4,8,第一金-員林,2024-12-12,5381
00795B,中信美國公債20年,8,0,8,第一金-員林,2024-12-12,5381
1722,台肥,8,0,8,第一金-員林,2024-12-12,5381
2303,聯電,9,1,8,第一金-員林,2024-12-12,5381
2520,冠德,7,0,7,第一金-員林,2024-12-12,5381
5344,立衛,7,0,7,第一金-員林,2024-12-12,5381
2002,中鋼,6,0,6,第一金-員林,2024-12-12,5381
00932,兆豐永續高息等權,6,0,6,第一金-員林,2024-12-12,5381
2014,中鴻,6,0,6,第一金-員林,2024-12-12,5381
2371,大同,6,0,6,第一金-員林,2024-12-12,5381
00940,元大台灣價值高息,5,0,5,第一金-員林,2024-12-12,5381
1101,台泥,5,0,5,第一金-員林,2024-12-12,5381
1597,直得,7,2,5,第一金-員林,2024-12-12,5381
00918,大華優利高填息30,184,0,184,第一金-員林,2024-12-13,5381
2610,華航,68,7,61,第一金-員林,2024-12-13,5381
00688L,國泰20年美債正2,57,0,57,第一金-員林,2024-12-13,5381
0056,元大高股息,42,1,41,第一金-員林,2024-12-13,5381
00931B,統一美債20年,40,0,40,第一金-員林,2024-12-13,5381
00650L,復華香港正2,40,0,40,第一金-員林,2024-12-13,5381
2492,華新科,40,0,40,第一金-員林,2024-12-13,5381
2812,台中銀,37,0,37,第一金-員林,2024-12-13,5381
00878,國泰永續高股息,43,6,37,第一金-員林,2024-12-13,5381
00919,群益台灣精選高息,64,27,37,第一金-員林,2024-12-13,5381
2609,陽明,47,24,23,第一金-員林,2024-12-13,5381
3481,群創,25,2,23,第一金-員林,2024-12-13,5381
00665L,富邦�琤肭磪囓�2,52,30,22,第一金-員林,2024-12-13,5381
1528,恩德,22,0,22,第一金-員林,2024-12-13,5381
2317,鴻海,30,8,22,第一金-員林,2024-12-13,5381
00713,元大台灣高息低波,21,0,21,第一金-員林,2024-12-13,5381
5880,合庫金,21,0,21,第一金-員林,2024-12-13,5381
00933B,國泰10Y+金融債,21,0,21,第一金-員林,2024-12-13,5381
1314,中石化,23,2,21,第一金-員林,2024-12-13,5381
2009,第一銅,20,0,20,第一金-員林,2024-12-13,5381
3714,富采,25,6,19,第一金-員林,2024-12-13,5381
5328,華容,20,1,19,第一金-員林,2024-12-13,5381
2354,鴻準,19,1,18,第一金-員林,2024-12-13,5381
2327,國巨,17,0,17,第一金-員林,2024-12-13,5381
2371,大同,18,3,15,第一金-員林,2024-12-13,5381
00680L,元大美債20正2,17,3,14,第一金-員林,2024-12-13,5381
00937B,群益ESG投等債20,36,23,13,第一金-員林,2024-12-13,5381
2313,華通,42,29,13,第一金-員林,2024-12-13,5381
2891,中信金,12,0,12,第一金-員林,2024-12-13,5381
00926,凱基全球菁英55,12,0,12,第一金-員林,2024-12-13,5381
3707,漢磊,12,0,12,第一金-員林,2024-12-13,5381
00720B,元大投資級公司債,11,0,11,第一金-員林,2024-12-13,5381
6505,台塑化,12,1,11,第一金-員林,2024-12-13,5381
2353,宏��,10,0,10,第一金-員林,2024-12-13,5381
00942B,台新美A公司債20+,10,0,10,第一金-員林,2024-12-13,5381
00953B,群益優選非投等債,10,0,10,第一金-員林,2024-12-13,5381
1605,華新,10,0,10,第一金-員林,2024-12-13,5381
2365,昆盈,10,0,10,第一金-員林,2024-12-13,5381
3607,谷崧,10,0,10,第一金-員林,2024-12-13,5381
6531,愛普*,10,0,10,第一金-員林,2024-12-13,5381
00637L,元大滬深300正2,9,0,9,第一金-員林,2024-12-13,5381
2376,技嘉,10,1,9,第一金-員林,2024-12-13,5381
2732,六角,9,0,9,第一金-員林,2024-12-13,5381
2890,永豐金,9,0,9,第一金-員林,2024-12-13,5381
3024,憶聲,9,0,9,第一金-員林,2024-12-13,5381
3694,海華,9,0,9,第一金-員林,2024-12-13,5381
6116,彩晶,9,0,9,第一金-員林,2024-12-13,5381
00679B,元大美債20年,8,0,8,第一金-員林,2024-12-13,5381
00948B,中信優息投資級債,8,0,8,第一金-員林,2024-12-13,5381
3323,加百裕,14,6,8,第一金-員林,2024-12-13,5381
00676R,富邦臺灣加權反1,100,0,100,第一金-員林,2024-12-16,5381
3481,群創,99,1,98,第一金-員林,2024-12-16,5381
00650L,復華香港正2,90,0,90,第一金-員林,2024-12-16,5381
9105,泰金寶-DR,362,284,78,第一金-員林,2024-12-16,5381
00937B,群益ESG投等債20,74,0,74,第一金-員林,2024-12-16,5381
00918,大華優利高填息30,71,0,71,第一金-員林,2024-12-16,5381
00688L,國泰20年美債正2,60,0,60,第一金-員林,2024-12-16,5381
00919,群益台灣精選高息,72,16,56,第一金-員林,2024-12-16,5381
00931B,統一美債20年,50,0,50,第一金-員林,2024-12-16,5381
0056,元大高股息,46,1,45,第一金-員林,2024-12-16,5381
00933B,國泰10Y+金融債,44,0,44,第一金-員林,2024-12-16,5381
00687B,國泰20年美債,31,0,31,第一金-員林,2024-12-16,5381
00680L,元大美債20正2,29,0,29,第一金-員林,2024-12-16,5381
00948B,中信優息投資級債,30,2,28,第一金-員林,2024-12-16,5381
2317,鴻海,34,9,25,第一金-員林,2024-12-16,5381
00878,國泰永續高股息,23,0,23,第一金-員林,2024-12-16,5381
00665L,富邦�琤肭磪囓�2,82,60,22,第一金-員林,2024-12-16,5381
3706,神達,50,29,21,第一金-員林,2024-12-16,5381
00900,富邦特選高股息30,21,0,21,第一金-員林,2024-12-16,5381
00940,元大台灣價值高息,17,1,16,第一金-員林,2024-12-16,5381
2337,旺宏,15,0,15,第一金-員林,2024-12-16,5381
2388,威盛,15,0,15,第一金-員林,2024-12-16,5381
2439,美律,31,16,15,第一金-員林,2024-12-16,5381
2354,鴻準,19,5,14,第一金-員林,2024-12-16,5381
3231,緯創,20,7,13,第一金-員林,2024-12-16,5381
2466,冠西電,13,0,13,第一金-員林,2024-12-16,5381
2027,大成鋼,12,0,12,第一金-員林,2024-12-16,5381
1314,中石化,12,0,12,第一金-員林,2024-12-16,5381
2359,所羅門,13,1,12,第一金-員林,2024-12-16,5381
3374,精材,13,1,12,第一金-員林,2024-12-16,5381
00927,群益半導體收益,11,0,11,第一金-員林,2024-12-16,5381
4977,眾達-KY,16,5,11,第一金-員林,2024-12-16,5381
2002,中鋼,13,2,11,第一金-員林,2024-12-16,5381
3037,欣興,13,3,10,第一金-員林,2024-12-16,5381
00795B,中信美國公債20年,10,0,10,第一金-員林,2024-12-16,5381
00655L,國泰中國A50正2,10,0,10,第一金-員林,2024-12-16,5381
00633L,富邦上証正2,10,0,10,第一金-員林,2024-12-16,5381
1810,和成,10,0,10,第一金-員林,2024-12-16,5381
2646,星宇航空,10,0,10,第一金-員林,2024-12-16,5381
2732,六角,10,0,10,第一金-員林,2024-12-16,5381
7402,邑錡,10,0,10,第一金-員林,2024-12-16,5381
8374,羅昇,10,0,10,第一金-員林,2024-12-16,5381
2491,吉祥全,10,1,9,第一金-員林,2024-12-16,5381
00930,永豐ESG低碳高息,9,1,8,第一金-員林,2024-12-16,5381
2382,廣達,12,4,8,第一金-員林,2024-12-16,5381
00637L,元大滬深300正2,12,4,8,第一金-員林,2024-12-16,5381
3707,漢磊,8,0,8,第一金-員林,2024-12-16,5381
00713,元大台灣高息低波,7,0,7,第一金-員林,2024-12-16,5381
2301,光寶科,7,0,7,第一金-員林,2024-12-16,5381
3379,彬台,7,0,7,第一金-員林,2024-12-16,5381
00650L,復華香港正2,80,0,80,第一金-員林,2024-12-17,5381
00918,大華優利高填息30,78,0,78,第一金-員林,2024-12-17,5381
00937B,群益ESG投等債20,71,0,71,第一金-員林,2024-12-17,5381
00687B,國泰20年美債,70,5,65,第一金-員林,2024-12-17,5381
2618,長榮航,66,6,60,第一金-員林,2024-12-17,5381
2834,臺企銀,42,0,42,第一金-員林,2024-12-17,5381
5608,四維航,35,0,35,第一金-員林,2024-12-17,5381
00915,凱基優選高股息30,31,0,31,第一金-員林,2024-12-17,5381
00665L,富邦�琤肭磪囓�2,200,170,30,第一金-員林,2024-12-17,5381
0056,元大高股息,40,12,28,第一金-員林,2024-12-17,5381
2409,友達,28,0,28,第一金-員林,2024-12-17,5381
3481,群創,25,1,24,第一金-員林,2024-12-17,5381
00746B,富邦A級公司債,20,0,20,第一金-員林,2024-12-17,5381
4562,穎漢,23,3,20,第一金-員林,2024-12-17,5381
8047,星雲,20,0,20,第一金-員林,2024-12-17,5381
00679B,元大美債20年,22,4,18,第一金-員林,2024-12-17,5381
1301,台塑,17,0,17,第一金-員林,2024-12-17,5381
00688L,國泰20年美債正2,15,0,15,第一金-員林,2024-12-17,5381
00713,元大台灣高息低波,14,0,14,第一金-員林,2024-12-17,5381
6215,和椿,25,11,14,第一金-員林,2024-12-17,5381
1519,華城,14,0,14,第一金-員林,2024-12-17,5381
2354,鴻準,19,6,13,第一金-員林,2024-12-17,5381
8374,羅昇,19,6,13,第一金-員林,2024-12-17,5381
1303,南亞,11,0,11,第一金-員林,2024-12-17,5381
00909,國泰數位支付服務,11,0,11,第一金-員林,2024-12-17,5381
3231,緯創,14,3,11,第一金-員林,2024-12-17,5381
1802,台玻,11,0,11,第一金-員林,2024-12-17,5381
00712,復華富時不動產,10,0,10,第一金-員林,2024-12-17,5381
2103,台橡,10,0,10,第一金-員林,2024-12-17,5381
3548,兆利,10,0,10,第一金-員林,2024-12-17,5381
6246,臺龍,10,0,10,第一金-員林,2024-12-17,5381
00680L,元大美債20正2,11,2,9,第一金-員林,2024-12-17,5381
00930,永豐ESG低碳高息,9,0,9,第一金-員林,2024-12-17,5381
2376,技嘉,11,2,9,第一金-員林,2024-12-17,5381
6530,創威,10,1,9,第一金-員林,2024-12-17,5381
3037,欣興,15,6,9,第一金-員林,2024-12-17,5381
3029,零壹,15,6,9,第一金-員林,2024-12-17,5381
2002,中鋼,10,1,9,第一金-員林,2024-12-17,5381
1795,美時,8,0,8,第一金-員林,2024-12-17,5381
2890,永豐金,8,0,8,第一金-員林,2024-12-17,5381
3450,聯鈞,8,1,7,第一金-員林,2024-12-17,5381
4979,華星光,8,1,7,第一金-員林,2024-12-17,5381
2382,廣達,6,0,6,第一金-員林,2024-12-17,5381
3189,景碩,8,2,6,第一金-員林,2024-12-17,5381
2368,金像電,21,15,6,第一金-員林,2024-12-17,5381
5425,台半,6,0,6,第一金-員林,2024-12-17,5381
00933B,國泰10Y+金融債,6,0,6,第一金-員林,2024-12-17,5381
00900,富邦特選高股息30,6,0,6,第一金-員林,2024-12-17,5381
1314,中石化,6,0,6,第一金-員林,2024-12-17,5381
2062,橋椿,7,1,6,第一金-員林,2024-12-17,5381
00937B,群益ESG投等債20,109,0,109,第一金-員林,2024-12-18,5381
1815,富喬,177,93,84,第一金-員林,2024-12-18,5381
00918,大華優利高填息30,107,30,77,第一金-員林,2024-12-18,5381
00712,復華富時不動產,62,1,61,第一金-員林,2024-12-18,5381
00933B,國泰10Y+金融債,60,0,60,第一金-員林,2024-12-18,5381
9105,泰金寶-DR,252,198,54,第一金-員林,2024-12-18,5381
1802,台玻,32,0,32,第一金-員林,2024-12-18,5381
8033,雷虎,21,0,21,第一金-員林,2024-12-18,5381
00746B,富邦A級公司債,20,0,20,第一金-員林,2024-12-18,5381
2732,六角,20,0,20,第一金-員林,2024-12-18,5381
2344,華邦電,26,7,19,第一金-員林,2024-12-18,5381
2313,華通,45,27,18,第一金-員林,2024-12-18,5381
2014,中鴻,17,0,17,第一金-員林,2024-12-18,5381
3379,彬台,25,9,16,第一金-員林,2024-12-18,5381
2002,中鋼,25,10,15,第一金-員林,2024-12-18,5381
00926,凱基全球菁英55,15,0,15,第一金-員林,2024-12-18,5381
2466,冠西電,14,0,14,第一金-員林,2024-12-18,5381
1314,中石化,13,0,13,第一金-員林,2024-12-18,5381
8249,菱光,18,6,12,第一金-員林,2024-12-18,5381
1519,華城,16,5,11,第一金-員林,2024-12-18,5381
2891,中信金,10,0,10,第一金-員林,2024-12-18,5381
00687B,國泰20年美債,17,7,10,第一金-員林,2024-12-18,5381
2317,鴻海,11,1,10,第一金-員林,2024-12-18,5381
5871,中租-KY,10,0,10,第一金-員林,2024-12-18,5381
00680L,元大美債20正2,15,5,10,第一金-員林,2024-12-18,5381
00931B,統一美債20年,10,0,10,第一金-員林,2024-12-18,5381
1303,南亞,10,0,10,第一金-員林,2024-12-18,5381
2302,麗正,10,0,10,第一金-員林,2024-12-18,5381
2883,凱基金,10,0,10,第一金-員林,2024-12-18,5381
5371,中光電,11,1,10,第一金-員林,2024-12-18,5381
3032,偉訓,10,0,10,第一金-員林,2024-12-18,5381
1536,和大,16,7,9,第一金-員林,2024-12-18,5381
6209,今國光,9,0,9,第一金-員林,2024-12-18,5381
00948B,中信優息投資級債,10,2,8,第一金-員林,2024-12-18,5381
00679B,元大美債20年,10,3,7,第一金-員林,2024-12-18,5381
1316,上曜,10,3,7,第一金-員林,2024-12-18,5381
1702,南僑,7,0,7,第一金-員林,2024-12-18,5381
2371,大同,8,1,7,第一金-員林,2024-12-18,5381
2393,億光,7,0,7,第一金-員林,2024-12-18,5381
2402,毅嘉,7,0,7,第一金-員林,2024-12-18,5381
5484,慧友,7,0,7,第一金-員林,2024-12-18,5381
2354,鴻準,7,1,6,第一金-員林,2024-12-18,5381
00631L,元大台灣50正2,7,1,6,第一金-員林,2024-12-18,5381
2547,日勝生,9,3,6,第一金-員林,2024-12-18,5381
3149,正達,8,2,6,第一金-員林,2024-12-18,5381
0056,元大高股息,16,10,6,第一金-員林,2024-12-18,5381
3041,揚智,30,25,5,第一金-員林,2024-12-18,5381
1785,光洋科,5,0,5,第一金-員林,2024-12-18,5381
00932,兆豐永續高息等權,5,0,5,第一金-員林,2024-12-18,5381
2027,大成鋼,5,0,5,第一金-員林,2024-12-18,5381
00679B,元大美債20年,165,0,165,第一金-員林,2024-12-19,5381
00688L,國泰20年美債正2,80,0,80,第一金-員林,2024-12-19,5381
00918,大華優利高填息30,100,32,68,第一金-員林,2024-12-19,5381
1301,台塑,74,8,66,第一金-員林,2024-12-19,5381
00687B,國泰20年美債,66,0,66,第一金-員林,2024-12-19,5381
2812,台中銀,65,0,65,第一金-員林,2024-12-19,5381
00919,群益台灣精選高息,63,13,50,第一金-員林,2024-12-19,5381
00948B,中信優息投資級債,50,0,50,第一金-員林,2024-12-19,5381
2883,凱基金,46,0,46,第一金-員林,2024-12-19,5381
2609,陽明,46,5,41,第一金-員林,2024-12-19,5381
00650L,復華香港正2,40,0,40,第一金-員林,2024-12-19,5381
5213,亞昕,40,0,40,第一金-員林,2024-12-19,5381
00937B,群益ESG投等債20,37,2,35,第一金-員林,2024-12-19,5381
00712,復華富時不動產,30,0,30,第一金-員林,2024-12-19,5381
2317,鴻海,24,0,24,第一金-員林,2024-12-19,5381
2615,萬海,45,21,24,第一金-員林,2024-12-19,5381
00915,凱基優選高股息30,20,0,20,第一金-員林,2024-12-19,5381
2106,建大,20,0,20,第一金-員林,2024-12-19,5381
00665L,富邦�琤肭磪囓�2,80,60,20,第一金-員林,2024-12-19,5381
2327,國巨,20,0,20,第一金-員林,2024-12-19,5381
00922,國泰台灣領袖50,18,1,17,第一金-員林,2024-12-19,5381
00680L,元大美債20正2,16,0,16,第一金-員林,2024-12-19,5381
4714,永捷,15,0,15,第一金-員林,2024-12-19,5381
2409,友達,14,1,13,第一金-員林,2024-12-19,5381
6116,彩晶,13,0,13,第一金-員林,2024-12-19,5381
2014,中鴻,12,0,12,第一金-員林,2024-12-19,5381
2886,兆豐金,12,0,12,第一金-員林,2024-12-19,5381
2834,臺企銀,11,0,11,第一金-員林,2024-12-19,5381
0056,元大高股息,11,1,10,第一金-員林,2024-12-19,5381
3035,智原,10,0,10,第一金-員林,2024-12-19,5381
00746B,富邦A級公司債,10,0,10,第一金-員林,2024-12-19,5381
00941,中信上游半導體,10,0,10,第一金-員林,2024-12-19,5381
00953B,群益優選非投等債,10,0,10,第一金-員林,2024-12-19,5381
1909,榮成,10,0,10,第一金-員林,2024-12-19,5381
2888,新光金,10,0,10,第一金-員林,2024-12-19,5381
9904,寶成,10,0,10,第一金-員林,2024-12-19,5381
006208,富邦台50,10,0,10,第一金-員林,2024-12-19,5381
2371,大同,10,0,10,第一金-員林,2024-12-19,5381
2881,富邦金,9,0,9,第一金-員林,2024-12-19,5381
3481,群創,15,6,9,第一金-員林,2024-12-19,5381
2887,台新金,8,0,8,第一金-員林,2024-12-19,5381
1905,華紙,8,0,8,第一金-員林,2024-12-19,5381
2354,鴻準,9,1,8,第一金-員林,2024-12-19,5381
2376,技嘉,10,2,8,第一金-員林,2024-12-19,5381
2388,威盛,8,0,8,第一金-員林,2024-12-19,5381
3379,彬台,8,0,8,第一金-員林,2024-12-19,5381
2382,廣達,8,0,8,第一金-員林,2024-12-19,5381
2880,華南金,7,0,7,第一金-員林,2024-12-19,5381
00933B,國泰10Y+金融債,7,0,7,第一金-員林,2024-12-19,5381
2313,華通,14,7,7,第一金-員林,2024-12-19,5381
